1180530000.0,-29.998802578703717
1180530625.0,-29.98843350108223
1180531250.0,-29.97874158189283
1180531875.0,-29.967312268754444
1180532500.0,-29.957890957647738
1180533125.0,-29.947560643244056
1180533750.0,-29.937319470452238
1180534375.0,-29.926262586600156
1180535000.0,-29.9171578314329
1180535625.0,-29.907145640955054
1180536250.0,-29.896317173337337
1180536875.0,-29.88607785002693
1180537500.0,-29.875583119545862
1180538125.0,-29.86452230714979
1180538750.0,-29.854682616094863
1180539375.0,-29.843343440964304
1180540000.0,-29.83367838512295
1180540625.0,-29.823649703116715
1180541250.0,-29.812239696192886
1180541875.0,-29.801652712703554
1180542500.0,-29.791316703934402
1180543125.0,-29.78059179576931
1180543750.0,-29.769917504551177
1180544375.0,-29.759876846799543
1180545000.0,-29.749980499671008
1180545625.0,-29.7384731840315
1180546250.0,-29.72880040439105
1180546875.0,-29.717621488234165
1180547500.0,-29.707376491134074
1180548125.0,-29.696949102368606
1180548750.0,-29.68611732756343
1180549375.0,-29.676169952913543
1180550000.0,-29.664803062512526
1180550625.0,-29.653660020493454
1180551250.0,-29.64425377389069
1180551875.0,-29.63277454450483
1180552500.0,-29.621294114876964
1180553125.0,-29.612060447902326
1180553750.0,-29.601767758190764
1180554375.0,-29.590705512391867
1180555000.0,-29.58055627468995
1180555625.0,-29.569372379828565
1180556250.0,-29.558284715818946
1180556875.0,-29.547746429772257
1180557500.0,-29.537162411003365
1180558125.0,-29.525535297298358
1180558750.0,-29.516140473097288
1180559375.0,-29.50581298535598
1180560000.0,-29.49278794162012
1180560625.0,-29.483122513615573
1180561250.0,-29.472116742539527
1180561875.0,-29.46125866158626
1180562500.0,-29.45081080038932
1180563125.0,-29.43969111330288
1180563750.0,-29.42841279530698
1180564375.0,-29.41696497172252
1180565000.0,-29.40621153797705
1180565625.0,-29.396252238640432
1180566250.0,-29.384290754349728
1180566875.0,-29.37423725824554
1180567500.0,-29.364455942989274
1180568125.0,-29.350611289021618
1180568750.0,-29.34107199755705
1180569375.0,-29.329801719318013
1180570000.0,-29.31830068168531
1180570625.0,-29.307917156310612
1180571250.0,-29.29776338151859
1180571875.0,-29.28650692217716
1180572500.0,-29.274891364264136
1180573125.0,-29.26349648701684
1180573750.0,-29.25167451992472
1180574375.0,-29.241200158233447
1180575000.0,-29.23101783770982
1180575625.0,-29.21990486080878
1180576250.0,-29.209060053013854
1180576875.0,-29.19607737289283
1180577500.0,-29.184844287522136
1180578125.0,-29.17386352662206
1180578750.0,-29.162658850043048
1180579375.0,-29.15074938650813
1180580000.0,-29.139214359918718
1180580625.0,-29.129225883860038
1180581250.0,-29.118818288040988
1180581875.0,-29.106097257356616
1180582500.0,-29.09484969208676
1180583125.0,-29.084189797718473
1180583750.0,-29.073317015460113
1180584375.0,-29.061685437004126
1180585000.0,-29.050269385857913
1180585625.0,-29.037631490449428
1180586250.0,-29.02637073934235
1180586875.0,-29.01640481742293
1180587500.0,-29.00471002573314
1180588125.0,-28.991999667798154
1180588750.0,-28.98233674665925
1180589375.0,-28.970671412458508
1180590000.0,-28.959886973387267
1180590625.0,-28.9489459618805
1180591250.0,-28.93612459386542
1180591875.0,-28.924487899656544
1180592500.0,-28.913837343419413
1180593125.0,-28.90128265054667
1180593750.0,-28.89081451151288
1180594375.0,-28.878865453639296
1180595000.0,-28.867310412470058
1180595625.0,-28.857079572413422
1180596250.0,-28.843920880350364
1180596875.0,-28.833349315200497
1180597500.0,-28.820910511669766
1180598125.0,-28.808506342118015
1180598750.0,-28.797301761295238
1180599375.0,-28.78571918032141
1180600000.0,-28.77363719995025
1180600625.0,-28.762004801027217
1180601250.0,-28.74974145582126
1180601875.0,-28.739784498049953
1180602500.0,-28.727105950942374
1180603125.0,-28.716237893210906
1180603750.0,-28.702770382495345
1180604375.0,-28.690921018433624
1180605000.0,-28.680081340761568
1180605625.0,-28.669155866288
1180606250.0,-28.656583214538234
1180606875.0,-28.643972507333228
1180607500.0,-28.632792327892695
1180608125.0,-28.6216040248791
1180608750.0,-28.609593092056695
1180609375.0,-28.597445282512147
1180610000.0,-28.58361033833363
1180610625.0,-28.572084574278087
1180611250.0,-28.56041751050402
1180611875.0,-28.548862783611945
1180612500.0,-28.537763192799925
1180613125.0,-28.525825244159368
1180613750.0,-28.51514575604274
1180614375.0,-28.500798539616046
1180615000.0,-28.4896609922227
1180615625.0,-28.476762728171018
1180616250.0,-28.466399903568952
1180616875.0,-28.452353490203222
1180617500.0,-28.4422524838167
1180618125.0,-28.429766434638182
1180618750.0,-28.417334547631388
1180619375.0,-28.403983114470968
1180620000.0,-28.393740934786695
1180620625.0,-28.37985646806632
1180621250.0,-28.368340014326765
1180621875.0,-28.356919602692578
1180622500.0,-28.343292267726518
1180623125.0,-28.331485093452613
1180623750.0,-28.319873901228178
1180624375.0,-28.3059586938071
1180625000.0,-28.295501770936358
1180625625.0,-28.283515701480912
1180626250.0,-28.26982075506669
1180626875.0,-28.257612382230022
1180627500.0,-28.2457146101585
1180628125.0,-28.233568223760372
1180628750.0,-28.22190521680118
1180629375.0,-28.209624402920788
1180630000.0,-28.196757573547234
1180630625.0,-28.185078918342203
1180631250.0,-28.172240522092483
1180631875.0,-28.15919899040346
1180632500.0,-28.14814129366562
1180633125.0,-28.13496634385414
1180633750.0,-28.120835659757468
1180634375.0,-28.109757047255673
1180635000.0,-28.095389681474696
1180635625.0,-28.083859838775552
1180636250.0,-28.07292880175946
1180636875.0,-28.058149739530737
1180637500.0,-28.047326901752914
1180638125.0,-28.03455515572942
1180638750.0,-28.02053803158744
1180639375.0,-28.007538454092227
1180640000.0,-27.99581616706344
1180640625.0,-27.981809145804093
1180641250.0,-27.969308159424134
1180641875.0,-27.956203153597325
1180642500.0,-27.945187475027065
1180643125.0,-27.93188766299421
1180643750.0,-27.918427529619517
1180644375.0,-27.90553034553754
1180645000.0,-27.893312191999033
1180645625.0,-27.881278898052408
1180646250.0,-27.86805451722467
1180646875.0,-27.855323320500908
1180647500.0,-27.842432396891862
1180648125.0,-27.829920879982463
1180648750.0,-27.815843851908557
1180649375.0,-27.80314902839127
1180650000.0,-27.790612369338724
1180650625.0,-27.77813470147604
1180651250.0,-27.764517544491735
1180651875.0,-27.75138799970226
1180652500.0,-27.738699958159856
1180653125.0,-27.72563076611494
1180653750.0,-27.712274073541867
1180654375.0,-27.70005882435501
1180655000.0,-27.68562589373507
1180655625.0,-27.672792615934366
1180656250.0,-27.66003882893767
1180656875.0,-27.64779717035061
1180657500.0,-27.633780022607354
1180658125.0,-27.621147148003715
1180658750.0,-27.608688455403527
1180659375.0,-27.59517694661382
1180660000.0,-27.5799291646539
1180660625.0,-27.5675740218964
1180661250.0,-27.556039031614624
1180661875.0,-27.541384040214602
1180662500.0,-27.527777276425137
1180663125.0,-27.514487353806224
1180663750.0,-27.501359320300825
1180664375.0,-27.487447385493933
1180665000.0,-27.474408944157425
1180665625.0,-27.461605284599873
1180666250.0,-27.449000692193952
1180666875.0,-27.435399787874424
1180667500.0,-27.42224155536524
1180668125.0,-27.40813588594673
1180668750.0,-27.39513352427208
1180669375.0,-27.381405691050823
1180670000.0,-27.36794420813591
1180670625.0,-27.354728756684278
1180671250.0,-27.33922067193779
1180671875.0,-27.326798788331747
1180672500.0,-27.313371873882463
1180673125.0,-27.29947438531718
1180673750.0,-27.28663749486964
1180674375.0,-27.27190908313643
1180675000.0,-27.258719558521264
1180675625.0,-27.24571357562901
1180676250.0,-27.23182014590409
1180676875.0,-27.217335423909248
1180677500.0,-27.20434999235262
1180678125.0,-27.190602693594315
1180678750.0,-27.17605001506017
1180679375.0,-27.162676603635006
1180680000.0,-27.149380460247563
1180680625.0,-27.135127328749373
1180681250.0,-27.12038285235721
1180681875.0,-27.10679356288042
1180682500.0,-27.09321578313394
1180683125.0,-27.078125005553254
1180683750.0,-27.065218380287607
1180684375.0,-27.051488136675385
1180685000.0,-27.037422970222554
1180685625.0,-27.023432823774275
1180686250.0,-27.010141523158204
1180686875.0,-26.995371127714662
1180687500.0,-26.981732859641095
1180688125.0,-26.967086249329324
1180688750.0,-26.952247291311895
1180689375.0,-26.938288804216693
1180690000.0,-26.925748621317524
1180690625.0,-26.91092229413901
1180691250.0,-26.89615985684353
1180691875.0,-26.88377050456075
1180692500.0,-26.868207123327117
1180693125.0,-26.85353914776958
1180693750.0,-26.839945385607
1180694375.0,-26.826583329275824
1180695000.0,-26.811874703828792
1180695625.0,-26.797860670092675
1180696250.0,-26.782212716799386
1180696875.0,-26.768041536154517
1180697500.0,-26.75435547379909
1180698125.0,-26.74036637208362
1180698750.0,-26.725794325508286
1180699375.0,-26.711250503553458
1180700000.0,-26.696412818290653
1180700625.0,-26.68234802676211
1180701250.0,-26.668217437603186
1180701875.0,-26.655085590881807
1180702500.0,-26.638053640156784
1180703125.0,-26.623738508994613
1180703750.0,-26.610158994632105
1180704375.0,-26.59509296746156
1180705000.0,-26.58057944203524
1180705625.0,-26.56545121048591
1180706250.0,-26.551120744558656
1180706875.0,-26.535573618945012
1180707500.0,-26.52059002673115
1180708125.0,-26.506767160668485
1180708750.0,-26.491021328284106
1180709375.0,-26.47760715553023
1180710000.0,-26.4634100517502
1180710625.0,-26.447151389451157
1180711250.0,-26.432275672674866
1180711875.0,-26.418739107049273
1180712500.0,-26.402879474434524
1180713125.0,-26.38848876605829
1180713750.0,-26.373019335214885
1180714375.0,-26.359090812726944
1180715000.0,-26.343437954525154
1180715625.0,-26.328853845141097
1180716250.0,-26.314081866397846
1180716875.0,-26.298356217230403
1180717500.0,-26.28333332050129
1180718125.0,-26.26887202729215
1180718750.0,-26.25421637041929
1180719375.0,-26.238643994092005
1180720000.0,-26.222906388110317
1180720625.0,-26.207635377602053
1180721250.0,-26.192838288934208
1180721875.0,-26.178090203347374
1180722500.0,-26.16253609371404
1180723125.0,-26.14781531390268
1180723750.0,-26.132910238451817
1180724375.0,-26.116698867869506
1180725000.0,-26.10162852514754
1180725625.0,-26.08654776974252
1180726250.0,-26.07082108246989
1180726875.0,-26.054917567001734
1180727500.0,-26.03910446500215
1180728125.0,-26.024915550244508
1180728750.0,-26.008885394207166
1180729375.0,-25.99233050354671
1180730000.0,-25.97759369410586
1180730625.0,-25.96221742309463
1180731250.0,-25.946462840093456
1180731875.0,-25.932113757480156
1180732500.0,-25.91530097481251
1180733125.0,-25.898813657442386
1180733750.0,-25.884139433394935
1180734375.0,-25.868447672821468
1180735000.0,-25.852930068211197
1180735625.0,-25.837511558829046
1180736250.0,-25.82185191028716
1180736875.0,-25.80709583478177
1180737500.0,-25.789122808681846
1180738125.0,-25.77426214461648
1180738750.0,-25.757207769905342
1180739375.0,-25.742550082995923
1180740000.0,-25.726336300605418
1180740625.0,-25.71151510612731
1180741250.0,-25.6949528057
1180741875.0,-25.678069270351177
1180742500.0,-25.662970769704962
1180743125.0,-25.647012509976534
1180743750.0,-25.631003939267295
1180744375.0,-25.615212210201907
1180745000.0,-25.598257751408063
1180745625.0,-25.58229062393481
1180746250.0,-25.56686708373722
1180746875.0,-25.55022749480288
1180747500.0,-25.534909662218258
1180748125.0,-25.519606533541825
1180748750.0,-25.501911410756158
1180749375.0,-25.486798119823177
1180750000.0,-25.469095722961807
1180750625.0,-25.45414202487074
1180751250.0,-25.437514805348176
1180751875.0,-25.42100483209556
1180752500.0,-25.402954952054067
1180753125.0,-25.387925911386006
1180753750.0,-25.371664738732328
1180754375.0,-25.354941524560164
1180755000.0,-25.338347066264692
1180755625.0,-25.32113693175463
1180756250.0,-25.305209207221914
1180756875.0,-25.289111279587548
1180757500.0,-25.273221015391556
1180758125.0,-25.25580157074985
1180758750.0,-25.2382057043825
1180759375.0,-25.222733291382863
1180760000.0,-25.205252015374832
1180760625.0,-25.188322002813006
1180761250.0,-25.172095714430373
1180761875.0,-25.1558221672351
1180762500.0,-25.138965466243285
1180763125.0,-25.121715590303946
1180763750.0,-25.105494185848112
1180764375.0,-25.089353136600064
1180765000.0,-25.071760077843763
1180765625.0,-25.054374466213183
1180766250.0,-25.038343160960487
1180766875.0,-25.020956855176163
1180767500.0,-25.004164644321197
1180768125.0,-24.987634475415728
1180768750.0,-24.9704069474076
1180769375.0,-24.95252013099819
1180770000.0,-24.93588791260851
1180770625.0,-24.918843881344447
1180771250.0,-24.901314961284193
1180771875.0,-24.884665277149544
1180772500.0,-24.867244277655857
1180773125.0,-24.85081730648613
1180773750.0,-24.833541620434325
1180774375.0,-24.816207237562868
1180775000.0,-24.798703994977462
1180775625.0,-24.78224324729869
1180776250.0,-24.76517564333087
1180776875.0,-24.745927725007355
1180777500.0,-24.729276674370464
1180778125.0,-24.712574942270024
1180778750.0,-24.695158139078195
1180779375.0,-24.67687769314017
1180780000.0,-24.66022396561404
1180780625.0,-24.641607582350368
1180781250.0,-24.62491407294102
1180781875.0,-24.60767120282961
1180782500.0,-24.58950748630134
1180783125.0,-24.571968619763275
1180783750.0,-24.55353562318861
1180784375.0,-24.536896035724286
1180785000.0,-24.518915053229993
1180785625.0,-24.5012181669058
1180786250.0,-24.483662849538728
1180786875.0,-24.466345367284003
1180787500.0,-24.44822969385698
1180788125.0,-24.43021337250879
1180788750.0,-24.4119832933434
1180789375.0,-24.394825925904925
1180790000.0,-24.376320393387164
1180790625.0,-24.35931604582342
1180791250.0,-24.341125752254715
1180791875.0,-24.322965939353523
1180792500.0,-24.305021121179326
1180793125.0,-24.28593540605327
1180793750.0,-24.268312151521627
1180794375.0,-24.251023113141713
1180795000.0,-24.231840326135263
1180795625.0,-24.2144655487563
1180796250.0,-24.196160773556752
1180796875.0,-24.17840997524058
1180797500.0,-24.159535926136368
1180798125.0,-24.141673186594137
1180798750.0,-24.122522808839978
1180799375.0,-24.104824243709764
1180800000.0,-24.085765631118978
1180800625.0,-24.067645604003513
1180801250.0,-24.050210225783246
1180801875.0,-24.03116557456681
1180802500.0,-24.012310371690727
1180803125.0,-23.995256937396068
1180803750.0,-23.97540138759677
1180804375.0,-23.957822676476276
1180805000.0,-23.938541228456415
1180805625.0,-23.921280520817902
1180806250.0,-23.901614115167302
1180806875.0,-23.88365874772003
1180807500.0,-23.864584453166874
1180808125.0,-23.845549137285648
1180808750.0,-23.827046334569662
1180809375.0,-23.806808899760338
1180810000.0,-23.788842595882674
1180810625.0,-23.769445046669873
1180811250.0,-23.750694259026563
1180811875.0,-23.732785547377087
1180812500.0,-23.713207848565396
1180813125.0,-23.695099827358842
1180813750.0,-23.676464050553545
1180814375.0,-23.656649973500258
1180815000.0,-23.638092525936486
1180815625.0,-23.618613713308555
1180816250.0,-23.59941863335171
1180816875.0,-23.579848243720576
1180817500.0,-23.56102774930759
1180818125.0,-23.541483972408635
1180818750.0,-23.522624745962577
1180819375.0,-23.50288730402708
1180820000.0,-23.483458546533853
1180820625.0,-23.46406021094682
1180821250.0,-23.444585296734928
1180821875.0,-23.42621918076791
1180822500.0,-23.406165711653365
1180823125.0,-23.387402239201894
1180823750.0,-23.368942486591887
1180824375.0,-23.348222302868557
1180825000.0,-23.328797226451137
1180825625.0,-23.308996589647954
1180826250.0,-23.290340351868423
1180826875.0,-23.270444460783743
1180827500.0,-23.25052364693918
1180828125.0,-23.231390988338582
1180828750.0,-23.21157085821769
1180829375.0,-23.192089150501687
1180830000.0,-23.172172943334346
1180830625.0,-23.1526210819361
1180831250.0,-23.131272818536786
1180831875.0,-23.113126009032996
1180832500.0,-23.09319418391803
1180833125.0,-23.072935297019136
1180833750.0,-23.05204347970966
1180834375.0,-23.032964087397424
1180835000.0,-23.012117895720383
1180835625.0,-22.992930398718627
1180836250.0,-22.973630129158483
1180836875.0,-22.95278353289833
1180837500.0,-22.93384253220663
1180838125.0,-22.913170891320174
1180838750.0,-22.893477015317554
1180839375.0,-22.873146304552233
1180840000.0,-22.851702028091054
1180840625.0,-22.83335861051431
1180841250.0,-22.812564030877642
1180841875.0,-22.792605350226655
1180842500.0,-22.771556903960345
1180843125.0,-22.752607991442087
1180843750.0,-22.731846704608586
1180844375.0,-22.710734459395052
1180845000.0,-22.690346983814294
1180845625.0,-22.669314217103793
1180846250.0,-22.64900484139556
1180846875.0,-22.628909665949053
1180847500.0,-22.608203766388186
1180848125.0,-22.588522344476726
1180848750.0,-22.567553504772015
1180849375.0,-22.548020821233248
1180850000.0,-22.52682985502014
1180850625.0,-22.505059388930786
1180851250.0,-22.485422917990245
1180851875.0,-22.464634310493473
1180852500.0,-22.4445167432129
1180853125.0,-22.42306310482439
1180853750.0,-22.4025844252264
1180854375.0,-22.381953431703643
1180855000.0,-22.360800044860174
1180855625.0,-22.339081859580016
1180856250.0,-22.31896658734402
1180856875.0,-22.297891968328695
1180857500.0,-22.27719953914045
1180858125.0,-22.25618822684813
1180858750.0,-22.23574992778477
1180859375.0,-22.214415036701407
1180860000.0,-22.19416777757901
1180860625.0,-22.172920433792363
1180861250.0,-22.152154708101126
1180861875.0,-22.13117471108435
1180862500.0,-22.109009949629353
1180863125.0,-22.087739552133897
1180863750.0,-22.067686127212006
1180864375.0,-22.04610239751535
1180865000.0,-22.023972735866785
1180865625.0,-22.00352936992099
1180866250.0,-21.981934375665784
1180866875.0,-21.961437268642438
1180867500.0,-21.93933474269791
1180868125.0,-21.919042993417033
1180868750.0,-21.896833200788162
1180869375.0,-21.87620726731053
1180870000.0,-21.85392477389866
1180870625.0,-21.832973665743786
1180871250.0,-21.810949845190386
1180871875.0,-21.790672682701747
1180872500.0,-21.768418065927904
1180873125.0,-21.74707874616441
1180873750.0,-21.7260832797975
1180874375.0,-21.704222925515193
1180875000.0,-21.68296779501786
1180875625.0,-21.661786353939224
1180876250.0,-21.63843939620847
1180876875.0,-21.61845941312914
1180877500.0,-21.596376136812435
1180878125.0,-21.574849016592758
1180878750.0,-21.55266749170895
1180879375.0,-21.531774127739588
1180880000.0,-21.509363707489605
1180880625.0,-21.4882965228282
1180881250.0,-21.466582467063102
1180881875.0,-21.444280534843852
1180882500.0,-21.42231753085518
1180883125.0,-21.401363351261814
1180883750.0,-21.380027678648855
1180884375.0,-21.35663904568711
1180885000.0,-21.335759300961637
1180885625.0,-21.313568013954743
1180886250.0,-21.292089435090762
1180886875.0,-21.269725693778998
1180887500.0,-21.24862289262057
1180888125.0,-21.226938856641222
1180888750.0,-21.204297469522608
1180889375.0,-21.182435350084067
1180890000.0,-21.160329676643364
1180890625.0,-21.13775232791265
1180891250.0,-21.11625560829273
1180891875.0,-21.094284385432587
1180892500.0,-21.072063043007127
1180893125.0,-21.049675325528597
1180893750.0,-21.027859146089945
1180894375.0,-21.005595738841645
1180895000.0,-20.983691709649595
1180895625.0,-20.962241898385347
1180896250.0,-20.939927087643323
1180896875.0,-20.917825196018818
1180897500.0,-20.895541383908622
1180898125.0,-20.874205404324528
1180898750.0,-20.852664341089444
1180899375.0,-20.829919927438155
1180900000.0,-20.808048493266693
1180900625.0,-20.784491433935834
1180901250.0,-20.762945191750795
1180901875.0,-20.740579280549838
1180902500.0,-20.71942376033135
1180903125.0,-20.69744848395456
1180903750.0,-20.675158389788404
1180904375.0,-20.65228554279162
1180905000.0,-20.630316907584643
1180905625.0,-20.60921627043607
1180906250.0,-20.586350859458456
1180906875.0,-20.56359158465769
1180907500.0,-20.541923428016744
1180908125.0,-20.51956293721773
1180908750.0,-20.496873534302583
1180909375.0,-20.47536456341613
1180910000.0,-20.45284784463572
1180910625.0,-20.430630126773597
1180911250.0,-20.4090914038762
1180911875.0,-20.387146888634152
1180912500.0,-20.36484284295395
1180913125.0,-20.341927637362012
1180913750.0,-20.319559867941784
1180914375.0,-20.297851889124196
1180915000.0,-20.27590314616438
1180915625.0,-20.25409325078065
1180916250.0,-20.231836684987584
1180916875.0,-20.209626735164353
1180917500.0,-20.186632802459403
1180918125.0,-20.165411621228817
1180918750.0,-20.143030937486923
1180919375.0,-20.120863700557333
1180920000.0,-20.098518497257768
1180920625.0,-20.077766072560053
1180921250.0,-20.05502972707621
1180921875.0,-20.032551497856
1180922500.0,-20.011318778447635
1180923125.0,-19.988672289356703
1180923750.0,-19.966993097050374
1180924375.0,-19.945262473529333
1180925000.0,-19.922978292619828
1180925625.0,-19.901431705603915
1180926250.0,-19.879137730336105
1180926875.0,-19.857211362886847
1180927500.0,-19.83529665996728
1180928125.0,-19.81458080483732
1180928750.0,-19.792427133789
1180929375.0,-19.770543916399642
1180930000.0,-19.748445072581728
1180930625.0,-19.72655084911844
1180931250.0,-19.705667694547717
1180931875.0,-19.683774014929494
1180932500.0,-19.66171330646756
1180933125.0,-19.639884118602044
1180933750.0,-19.618058303633184
1180934375.0,-19.596936904435427
1180935000.0,-19.5761721041154
1180935625.0,-19.553264070064454
1180936250.0,-19.5322013773951
1180936875.0,-19.51150293116324
1180937500.0,-19.48996030673431
1180938125.0,-19.468838479979688
1180938750.0,-19.44676353888309
1180939375.0,-19.425742772171212
1180940000.0,-19.404574113620306
1180940625.0,-19.383746430123363
1180941250.0,-19.362705299915213
1180941875.0,-19.340239196684323
1180942500.0,-19.319790639864255
1180943125.0,-19.29993721491176
1180943750.0,-19.27826114782232
1180944375.0,-19.25734803676873
1180945000.0,-19.2368773426717
1180945625.0,-19.21462007082417
1180946250.0,-19.194631989171874
1180946875.0,-19.174176694847706
1180947500.0,-19.153520051884513
1180948125.0,-19.133346416548353
1180948750.0,-19.112371132271893
1180949375.0,-19.092016768048982
1180950000.0,-19.072114383631575
1180950625.0,-19.051749925939284
1180951250.0,-19.030865491595687
1180951875.0,-19.01101091878882
1180952500.0,-18.990723977180977
1180953125.0,-18.970360172308215
1180953750.0,-18.950554186079593
1180954375.0,-18.930832270012978
1180955000.0,-18.910704085216594
1180955625.0,-18.891048324809113
1180956250.0,-18.8711087766572
1180956875.0,-18.852571708025582
1180957500.0,-18.832223317105036
1180958125.0,-18.812973098975803
1180958750.0,-18.79409082149176
1180959375.0,-18.774222204276803
1180960000.0,-18.754534552729833
1180960625.0,-18.7362796365445
1180961250.0,-18.717404611082287
1180961875.0,-18.697451975641624
1180962500.0,-18.679244282047353
1180963125.0,-18.660773202920726
1180963750.0,-18.642311186018887
1180964375.0,-18.623153841326324
1180965000.0,-18.60469521280391
1180965625.0,-18.586543222010413
1180966250.0,-18.568271012641627
1180966875.0,-18.549638031630952
1180967500.0,-18.531553049771738
1180968125.0,-18.51387664280569
1180968750.0,-18.49575421916257
1180969375.0,-18.47761387946343
1180970000.0,-18.459486767791823
1180970625.0,-18.44244530182343
1180971250.0,-18.424800624706098
1180971875.0,-18.407285887498468
1180972500.0,-18.390050302046845
1180973125.0,-18.373934918909725
1180973750.0,-18.35644773508716
1180974375.0,-18.338969193601358
1180975000.0,-18.323393913195616
1180975625.0,-18.30650431313477
1180976250.0,-18.29032891361629
1180976875.0,-18.273046492539834
1180977500.0,-18.256488801853767
1180978125.0,-18.241119339251018
1180978750.0,-18.22478993570908
1180979375.0,-18.209250506789893
1180980000.0,-18.193247198802936
1180980625.0,-18.176992084850554
1180981250.0,-18.161726708909356
1180981875.0,-18.14680542681449
1180982500.0,-18.13180987843006
1180983125.0,-18.117006830515944
1180983750.0,-18.101717637327113
1180984375.0,-18.087361545042366
1180985000.0,-18.072629452040026
1180985625.0,-18.058232836106352
1180986250.0,-18.043421948568994
1180986875.0,-18.029185387556666
1180987500.0,-18.01541355211598
1180988125.0,-18.00176024057476
1180988750.0,-17.987949808355417
1180989375.0,-17.97446304705912
1180990000.0,-17.961265918340853
1180990625.0,-17.948380327909984
1180991250.0,-17.93461239054182
1180991875.0,-17.922239355785706
1180992500.0,-17.90979944808519
1180993125.0,-17.896414367446955
1180993750.0,-17.88409553521368
1180994375.0,-17.872496435470218
1180995000.0,-17.860527299599156
1180995625.0,-17.848162056779543
1180996250.0,-17.83692250943731
1180996875.0,-17.825521374667147
1180997500.0,-17.813903043841528
1180998125.0,-17.80305017879462
1180998750.0,-17.791917477910246
1180999375.0,-17.781351867422384
1181000000.0,-17.771336233188634
1181000625.0,-17.76057636517034
1181001250.0,-17.74993509347383
1181001875.0,-17.740239021211508
1181002500.0,-17.730740346266106
1181003125.0,-17.7207626865785
1181003750.0,-17.711750164304107
1181004375.0,-17.70309378827062
1181005000.0,-17.69307398060705
1181005625.0,-17.684526551073034
1181006250.0,-17.67605927784148
1181006875.0,-17.668053214566978
1181007500.0,-17.659511924313712
1181008125.0,-17.652457627732357
1181008750.0,-17.64394489038757
1181009375.0,-17.63614307601904
1181010000.0,-17.628500611699312
1181010625.0,-17.62175627614379
1181011250.0,-17.614510961502862
1181011875.0,-17.60780089793672
1181012500.0,-17.601018359873116
1181013125.0,-17.59518017975179
1181013750.0,-17.588793617461597
1181014375.0,-17.582974300463267
1181015000.0,-17.57746210839137
1181015625.0,-17.571295875052854
1181016250.0,-17.565371541317546
1181016875.0,-17.561325192629152
1181017500.0,-17.55672879437043
1181018125.0,-17.551611700945315
1181018750.0,-17.547272538878914
1181019375.0,-17.54251556319015
1181020000.0,-17.539151864250616
1181020625.0,-17.53523990113245
1181021250.0,-17.530894019888926
1181021875.0,-17.52776082400485
1181022500.0,-17.525101546323732
1181023125.0,-17.52198548616635
1181023750.0,-17.519166901528994
1181024375.0,-17.516911443849757
1181025000.0,-17.513638759916663
1181025625.0,-17.512322333148337
1181026250.0,-17.510736480436037
1181026875.0,-17.509666900951395
1181027500.0,-17.508153115533506
1181028125.0,-17.506934608452223
1181028750.0,-17.506849347690153
1181029375.0,-17.505782215040586
1181030000.0,-17.50492069003065
1181030625.0,-17.504793658574737
1181031250.0,-17.50586467275942
1181031875.0,-17.50510152292432
1181032500.0,-17.50618438755518
1181033125.0,-17.5073790574692
1181033750.0,-17.50774626535208
1181034375.0,-17.508588657365905
1181035000.0,-17.510641168203872
1181035625.0,-17.5124312823552
1181036250.0,-17.513428571604354
1181036875.0,-17.515567385302894
1181037500.0,-17.518288826913203
1181038125.0,-17.520551005716133
1181038750.0,-17.523571793273366
1181039375.0,-17.526195843363418
1181040000.0,-17.529865241986194
1181040625.0,-17.5327012283851
1181041250.0,-17.536627970743357
1181041875.0,-17.540126778288712
1181042500.0,-17.544378530731258
1181043125.0,-17.548657519000564
1181043750.0,-17.553158199818203
1181044375.0,-17.55807052014044
1181045000.0,-17.5632107875277
1181045625.0,-17.56832194473563
1181046250.0,-17.573145032218967
1181046875.0,-17.57865247611707
1181047500.0,-17.584693905617
1181048125.0,-17.59039483276882
1181048750.0,-17.596645691409687
1181049375.0,-17.603683436574745
1181050000.0,-17.610162052730225
1181050625.0,-17.61761917202991
1181051250.0,-17.624732982554953
1181051875.0,-17.632647981716886
1181052500.0,-17.63969836906213
1181053125.0,-17.646905317281718
1181053750.0,-17.65546194541128
1181054375.0,-17.66282899668506
1181055000.0,-17.670926643875283
1181055625.0,-17.679980944988216
1181056250.0,-17.68889489266404
1181056875.0,-17.697673054074627
1181057500.0,-17.707163286454033
1181058125.0,-17.715809400056422
1181058750.0,-17.726265407184794
1181059375.0,-17.736043814106605
1181060000.0,-17.744976500620737
1181060625.0,-17.755384275230046
1181061250.0,-17.76590728711954
1181061875.0,-17.775264027344377
1181062500.0,-17.78664948398334
1181063125.0,-17.796897250170076
1181063750.0,-17.80855535185868
1181064375.0,-17.81902945686717
1181065000.0,-17.83072132677408
1181065625.0,-17.84183916453457
1181066250.0,-17.85433897869756
1181066875.0,-17.866260530324077
1181067500.0,-17.877913322411292
1181068125.0,-17.89014349245852
1181068750.0,-17.902134780665204
1181069375.0,-17.914776180978695
1181070000.0,-17.92767774122496
1181070625.0,-17.9407973711506
1181071250.0,-17.953643084582367
1181071875.0,-17.967029014857363
1181072500.0,-17.98023760549537
1181073125.0,-17.993323764094402
1181073750.0,-18.007186769672128
1181074375.0,-18.02129755515671
1181075000.0,-18.035872678211415
1181075625.0,-18.0501923863863
1181076250.0,-18.06374646657935
1181076875.0,-18.078905595568422
1181077500.0,-18.09384694791024
1181078125.0,-18.10837256613793
1181078750.0,-18.123575986386246
1181079375.0,-18.138166696284262
1181080000.0,-18.154025382987196
1181080625.0,-18.169734156089238
1181081250.0,-18.18383485875157
1181081875.0,-18.19943819950616
1181082500.0,-18.21603819192529
1181083125.0,-18.232611630315677
1181083750.0,-18.247325397878186
1181084375.0,-18.264165771376373
1181085000.0,-18.280467615559722
1181085625.0,-18.296598282442503
1181086250.0,-18.313569205321638
1181086875.0,-18.330530581636957
1181087500.0,-18.346838490581955
1181088125.0,-18.363443888911682
1181088750.0,-18.380678976198563
1181089375.0,-18.39824258337972
1181090000.0,-18.41527382289705
1181090625.0,-18.432306333234585
1181091250.0,-18.450476186202394
1181091875.0,-18.4669618435112
1181092500.0,-18.48573845059956
1181093125.0,-18.50321878277677
1181093750.0,-18.521246849682775
1181094375.0,-18.539150583777776
1181095000.0,-18.557071228746317
1181095625.0,-18.576190245944925
1181096250.0,-18.593941211038732
1181096875.0,-18.612450836041038
1181097500.0,-18.631364219782473
1181098125.0,-18.649197475182692
1181098750.0,-18.66839712515044
1181099375.0,-18.687812103609094
1181100000.0,-18.706443894636656
1181100625.0,-18.72445891492164
1181101250.0,-18.744583669500727
1181101875.0,-18.763274710971377
1181102500.0,-18.782214181802782
1181103125.0,-18.801825182484045
1181103750.0,-18.82056939971109
1181104375.0,-18.840686276987984
1181105000.0,-18.86015581744284
1181105625.0,-18.879778498499356
1181106250.0,-18.899337550308726
1181106875.0,-18.919674634765197
1181107500.0,-18.939406781513586
1181108125.0,-18.959152277842627
1181108750.0,-18.97912882021264
1181109375.0,-18.9990164788414
1181110000.0,-19.019728988878317
1181110625.0,-19.03917214528494
1181111250.0,-19.05973842576535
1181111875.0,-19.080248487386413
1181112500.0,-19.100533840533597
1181113125.0,-19.120517087600277
1181113750.0,-19.141154302918867
1181114375.0,-19.161565822023643
1181115000.0,-19.182683262129057
1181115625.0,-19.20330815197023
1181116250.0,-19.22388097620283
1181116875.0,-19.24420236969142
1181117500.0,-19.26514563360987
1181118125.0,-19.286010880358383
1181118750.0,-19.307597687483657
1181119375.0,-19.328738066089667
1181120000.0,-19.348798306956127
1181120625.0,-19.369817333903445
1181121250.0,-19.391710290213144
1181121875.0,-19.41280468579062
1181122500.0,-19.433685545458026
1181123125.0,-19.455000148002586
1181123750.0,-19.476721743973084
1181124375.0,-19.497479088356474
1181125000.0,-19.519623714733527
1181125625.0,-19.540521464432004
1181126250.0,-19.56201703266391
1181126875.0,-19.583791618594883
1181127500.0,-19.604783387088347
1181128125.0,-19.62634303825985
1181128750.0,-19.647544999026735
1181129375.0,-19.66904114179422
1181130000.0,-19.69121945318912
1181130625.0,-19.712695597374232
1181131250.0,-19.73433958021501
1181131875.0,-19.756569838579864
1181132500.0,-19.77813227021282
1181133125.0,-19.799971357121503
1181133750.0,-19.82181444146416
1181134375.0,-19.84348870535573
1181135000.0,-19.86524585275997
1181135625.0,-19.886883399493552
1181136250.0,-19.908716731742892
1181136875.0,-19.930237821559885
1181137500.0,-19.952252043649054
1181138125.0,-19.975041088130354
1181138750.0,-19.996534360684933
1181139375.0,-20.018969772937528
1181140000.0,-20.04053357398744
1181140625.0,-20.062299002020016
1181141250.0,-20.084042763491443
1181141875.0,-20.105537223587795
1181142500.0,-20.1275620818288
1181143125.0,-20.150531546503302
1181143750.0,-20.172129510451338
1181144375.0,-20.19439218224961
1181145000.0,-20.21654002376343
1181145625.0,-20.2377431349688
1181146250.0,-20.26008975200562
1181146875.0,-20.282397114196012
1181147500.0,-20.304556051762468
1181148125.0,-20.32666869766117
1181148750.0,-20.349110557293393
1181149375.0,-20.371298795699612
1181150000.0,-20.393413068717468
1181150625.0,-20.41495171934346
1181151250.0,-20.437009112147308
1181151875.0,-20.45929465401526
1181152500.0,-20.48176950741895
1181153125.0,-20.50403674472419
1181153750.0,-20.526608327596755
1181154375.0,-20.548161600374222
1181155000.0,-20.570178273716824
1181155625.0,-20.592829363724093
1181156250.0,-20.614585727205345
1181156875.0,-20.636773790549505
1181157500.0,-20.658618162339824
1181158125.0,-20.680907725786216
1181158750.0,-20.702848553632602
1181159375.0,-20.725190462373007
1181160000.0,-20.74671805135884
1181160625.0,-20.769407122560516
1181161250.0,-20.791350717240807
1181161875.0,-20.813174898706677
1181162500.0,-20.83616923728751
1181163125.0,-20.857999544442755
1181163750.0,-20.8794791743017
1181164375.0,-20.901250231781848
1181165000.0,-20.923722869668104
1181165625.0,-20.945396285986543
1181166250.0,-20.96674940802994
1181166875.0,-20.989411290785167
1181167500.0,-21.011755000752387
1181168125.0,-21.03449976668059
1181168750.0,-21.05566588419591
1181169375.0,-21.07826533342162
1181170000.0,-21.09960667844447
1181170625.0,-21.12138576836413
1181171250.0,-21.143623219110193
1181171875.0,-21.16572222524609
1181172500.0,-21.187163283789232
1181173125.0,-21.208916104373117
1181173750.0,-21.230634234934975
1181174375.0,-21.25351595833528
1181175000.0,-21.274854673500275
1181175625.0,-21.296930932766152
1181176250.0,-21.318657690833145
1181176875.0,-21.339811391750413
1181177500.0,-21.361979397131268
1181178125.0,-21.383626680078432
1181178750.0,-21.405454572400927
1181179375.0,-21.4275553933216
1181180000.0,-21.448891068231728
1181180625.0,-21.470064412757555
1181181250.0,-21.4918593135732
1181181875.0,-21.513563528882102
1181182500.0,-21.53590993277949
1181183125.0,-21.557283988183894
1181183750.0,-21.57955801108869
1181184375.0,-21.600470032249355
1181185000.0,-21.62242034378347
1181185625.0,-21.643818269400803
1181186250.0,-21.66538351341065
1181186875.0,-21.687424159447726
1181187500.0,-21.708388418193557
1181188125.0,-21.72988130828761
1181188750.0,-21.751004889924673
1181189375.0,-21.772902322549566
1181190000.0,-21.79373706565705
1181190625.0,-21.81498982100901
1181191250.0,-21.83714045945326
1181191875.0,-21.85846360393764
1181192500.0,-21.87964261020873
1181193125.0,-21.90072024576647
1181193750.0,-21.922231765332796
1181194375.0,-21.943660310070353
1181195000.0,-21.96416473833314
1181195625.0,-21.98612496230124
1181196250.0,-22.005741347763475
1181196875.0,-22.02719414989063
1181197500.0,-22.048512024039617
1181198125.0,-22.069570526847343
1181198750.0,-22.09087486271436
1181199375.0,-22.111999024426588
1181200000.0,-22.133057324194244
1181200625.0,-22.15411681165932
1181201250.0,-22.17473191221522
1181201875.0,-22.195871985936552
1181202500.0,-22.217145341394286
1181203125.0,-22.238567308913456
1181203750.0,-22.258622610777504
1181204375.0,-22.279488318492543
1181205000.0,-22.301166436956116
1181205625.0,-22.321167104224237
1181206250.0,-22.342371202793395
1181206875.0,-22.36338423073731
1181207500.0,-22.38416432512247
1181208125.0,-22.403992175599413
1181208750.0,-22.425064336836638
1181209375.0,-22.44513884421433
1181210000.0,-22.46589318813396
1181210625.0,-22.486861986214926
1181211250.0,-22.50754685449567
1181211875.0,-22.528631206556426
1181212500.0,-22.548249046398862
1181213125.0,-22.56961728895008
1181213750.0,-22.58992409285225
1181214375.0,-22.608974278710612
1181215000.0,-22.629617132409905
1181215625.0,-22.650534504196813
1181216250.0,-22.67096966944337
1181216875.0,-22.691046388590284
1181217500.0,-22.71152602623861
1181218125.0,-22.732389407211326
1181218750.0,-22.752131495889337
1181219375.0,-22.7726354413203
1181220000.0,-22.792371413899136
1181220625.0,-22.813061296191275
1181221250.0,-22.83350354816683
1181221875.0,-22.853247965473084
1181222500.0,-22.873785419780916
1181223125.0,-22.8932165912949
1181223750.0,-22.913532254020787
1181224375.0,-22.933354562687537
1181225000.0,-22.952724354892045
1181225625.0,-22.97304936259238
1181226250.0,-22.993424394434975
1181226875.0,-23.0131071600615
1181227500.0,-23.033133994912355
1181228125.0,-23.053482805441842
1181228750.0,-23.073587210158028
1181229375.0,-23.092319928963196
1181230000.0,-23.11173444908966
1181230625.0,-23.131503611106613
1181231250.0,-23.15169704182453
1181231875.0,-23.17134016520763
1181232500.0,-23.19134514167212
1181233125.0,-23.210773813944687
1181233750.0,-23.230659114329306
1181234375.0,-23.250026102116585
1181235000.0,-23.269015160118386
1181235625.0,-23.28916380866822
1181236250.0,-23.307481821058868
1181236875.0,-23.327673636109985
1181237500.0,-23.34627447191474
1181238125.0,-23.367050044245218
1181238750.0,-23.385077494376734
1181239375.0,-23.40489993270828
1181240000.0,-23.424039634539678
1181240625.0,-23.443443410754625
1181241250.0,-23.462464000265943
1181241875.0,-23.482514046369943
1181242500.0,-23.501412376024906
1181243125.0,-23.52072840715923
1181243750.0,-23.53961854791232
1181244375.0,-23.557945243367907
1181245000.0,-23.5780724569195
1181245625.0,-23.59668670677353
1181246250.0,-23.615633529834273
1181246875.0,-23.634245297194028
1181247500.0,-23.653630674755455
1181248125.0,-23.67222064369421
1181248750.0,-23.691356879811938
1181249375.0,-23.71108216467303
1181250000.0,-23.72998661348626
1181250625.0,-23.74914516057081
1181251250.0,-23.767746855935467
1181251875.0,-23.786123752929843
1181252500.0,-23.80516963327915
1181253125.0,-23.822814193001424
1181253750.0,-23.84179897775421
1181254375.0,-23.860342226405017
1181255000.0,-23.87966405827967
1181255625.0,-23.897455625797758
1181256250.0,-23.916368026694474
1181256875.0,-23.934847364206895
1181257500.0,-23.953879364143752
1181258125.0,-23.971776614288995
1181258750.0,-23.98984079608328
1181259375.0,-24.009275420608187
1181260000.0,-24.026924371611116
1181260625.0,-24.045458162638198
1181261250.0,-24.064239192959526
1181261875.0,-24.08237702381451
1181262500.0,-24.10082051623328
1181263125.0,-24.119575964536505
1181263750.0,-24.13819852189192
1181264375.0,-24.15545306587377
1181265000.0,-24.174297621881486
1181265625.0,-24.191299717846277
1181266250.0,-24.210087302206002
1181266875.0,-24.22807275805647
1181267500.0,-24.246271927300796
1181268125.0,-24.263908838327826
1181268750.0,-24.282525089471754
1181269375.0,-24.30051882118726
1181270000.0,-24.318790797790236
1181270625.0,-24.33659268373755
1181271250.0,-24.354934019662544
1181271875.0,-24.37232620532435
1181272500.0,-24.389449530156398
1181273125.0,-24.407724903469102
1181273750.0,-24.425359903604825
1181274375.0,-24.443541745691782
1181275000.0,-24.460409108216528
1181275625.0,-24.479470732362838
1181276250.0,-24.495817628311155
1181276875.0,-24.514388834661858
1181277500.0,-24.531639711751133
1181278125.0,-24.549037187552468
1181278750.0,-24.56610492695316
1181279375.0,-24.584076161893616
1181280000.0,-24.602347193317676
1181280625.0,-24.619321585952694
1181281250.0,-24.637431050665956
1181281875.0,-24.654413555412127
1181282500.0,-24.672065479257437
1181283125.0,-24.689600126079952
1181283750.0,-24.706164313988545
1181284375.0,-24.72370203430427
1181285000.0,-24.74024790673368
1181285625.0,-24.7581194629374
1181286250.0,-24.77564667655467
1181286875.0,-24.792618458820364
1181287500.0,-24.80997035022746
1181288125.0,-24.827279625875818
1181288750.0,-24.844725567582696
1181289375.0,-24.861823169179253
1181290000.0,-24.878955531521754
1181290625.0,-24.896210333819827
1181291250.0,-24.91353933022268
1181291875.0,-24.929230881010078
1181292500.0,-24.946808664142015
1181293125.0,-24.963725512927134
1181293750.0,-24.980564113632745
1181294375.0,-24.99710044819842
1181295000.0,-25.015397995528836
1181295625.0,-25.031328878940887
1181296250.0,-25.047891385989054
1181296875.0,-25.064899723677815
1181297500.0,-25.08189806507725
1181298125.0,-25.098850761924695
1181298750.0,-25.115858535674892
1181299375.0,-25.13200758029064
1181300000.0,-25.148901658774694
1181300625.0,-25.166122792111782
1181301250.0,-25.18172081375209
1181301875.0,-25.198598384255963
1181302500.0,-25.215388599189417
1181303125.0,-25.231877529731058
1181303750.0,-25.248456741725047
1181304375.0,-25.264962253298798
1181305000.0,-25.28074917399093
1181305625.0,-25.297856392609976
1181306250.0,-25.314693188961137
1181306875.0,-25.331096317912174
1181307500.0,-25.346220629582604
1181308125.0,-25.363794362937284
1181308750.0,-25.379236300718368
1181309375.0,-25.39631415215646
1181310000.0,-25.41262264113828
1181310625.0,-25.429346933988015
1181311250.0,-25.44494228528455
1181311875.0,-25.461625269966685
1181312500.0,-25.47851743426239
1181313125.0,-25.493170837951194
1181313750.0,-25.51002622917589
1181314375.0,-25.52518529561443
1181315000.0,-25.54317640645668
1181315625.0,-25.55827749367846
1181316250.0,-25.574146770391867
1181316875.0,-25.58996714167653
1181317500.0,-25.604912645813386
1181318125.0,-25.62140345079763
1181318750.0,-25.63785589733292
1181319375.0,-25.653694092979897
1181320000.0,-25.669892110093283
1181320625.0,-25.683842934774646
1181321250.0,-25.700889425537994
1181321875.0,-25.71779598104239
1181322500.0,-25.732594283342234
1181323125.0,-25.747597365044196
1181323750.0,-25.764935374818243
1181324375.0,-25.77996855596557
1181325000.0,-25.795943916260594
1181325625.0,-25.811515395470412
1181326250.0,-25.827666527549457
1181326875.0,-25.842743308230123
1181327500.0,-25.85832879335227
1181328125.0,-25.87315665044095
1181328750.0,-25.889468929845016
1181329375.0,-25.90552895621293
1181330000.0,-25.921081812027328
1181330625.0,-25.93751142464185
1181331250.0,-25.95119322929727
1181331875.0,-25.967364235035955
1181332500.0,-25.982531449162483
1181333125.0,-25.9981009369513
1181333750.0,-26.013240042449876
1181334375.0,-26.028453497751723
1181335000.0,-26.04449512055771
1181335625.0,-26.05994375544278
1181336250.0,-26.07455937533394
1181336875.0,-26.09034272863414
1181337500.0,-26.10483565826982
1181338125.0,-26.120948398910716
1181338750.0,-26.135694879234382
1181339375.0,-26.150571626101588
1181340000.0,-26.165864545116715
1181340625.0,-26.180865083432895
1181341250.0,-26.19562344711576
1181341875.0,-26.211777193977827
1181342500.0,-26.2262341814722
1181343125.0,-26.240811894175902
1181343750.0,-26.256281470950974
1181344375.0,-26.27133725564943
1181345000.0,-26.287160617058742
1181345625.0,-26.301579908614983
1181346250.0,-26.316502068274485
1181346875.0,-26.3312653417877
1181347500.0,-26.345806729798483
1181348125.0,-26.361154418016092
1181348750.0,-26.375977542797585
1181349375.0,-26.3903752109411
1181350000.0,-26.406115730738385
1181350625.0,-26.42094112407029
1181351250.0,-26.435463974458376
1181351875.0,-26.449906051590187
1181352500.0,-26.465013019016514
1181353125.0,-26.479894535972807
1181353750.0,-26.49472655984982
1181354375.0,-26.509277447124923
1181355000.0,-26.523160041040544
1181355625.0,-26.539084258031288
1181356250.0,-26.553515844749725
1181356875.0,-26.568082116240706
1181357500.0,-26.58091534697885
1181358125.0,-26.59546795099777
1181358750.0,-26.61110973607759
1181359375.0,-26.62544319273233
1181360000.0,-26.639586347327132
1181360625.0,-26.654648599954847
1181361250.0,-26.66847721693398
1181361875.0,-26.682871275085464
1181362500.0,-26.697302412034322
1181363125.0,-26.71203199789602
1181363750.0,-26.72600999935975
1181364375.0,-26.740665253709768
1181365000.0,-26.754216749576557
1181365625.0,-26.769006378261142
1181366250.0,-26.782726412877256
1181366875.0,-26.79729847240123
1181367500.0,-26.811731361586673
1181368125.0,-26.826142741186867
1181368750.0,-26.840014048444633
1181369375.0,-26.854442602718834
1181370000.0,-26.86811131298525
1181370625.0,-26.882429269988403
1181371250.0,-26.89699818917963
1181371875.0,-26.91016314667493
1181372500.0,-26.924544313725022
1181373125.0,-26.93871010806409
1181373750.0,-26.952968964204814
1181374375.0,-26.96708151154853
1181375000.0,-26.980873487919705
1181375625.0,-26.993918999537602
1181376250.0,-27.008302601425324
1181376875.0,-27.023174684696585
1181377500.0,-27.036434343404924
1181378125.0,-27.05145585146085
1181378750.0,-27.064311282865198
1181379375.0,-27.07846189495887
1181380000.0,-27.09197581404661
1181380625.0,-27.105992526827492
1181381250.0,-27.119565345398073
1181381875.0,-27.133744326620434
1181382500.0,-27.147231868624345
1181383125.0,-27.16091897389611
1181383750.0,-27.174051069888566
1181384375.0,-27.188113258561184
1181385000.0,-27.20204197172605
1181385625.0,-27.21580839806621
1181386250.0,-27.22928071854232
1181386875.0,-27.242440750911864
1181387500.0,-27.25653888931796
1181388125.0,-27.26956880515486
1181388750.0,-27.284632651361026
1181389375.0,-27.296808922792344
1181390000.0,-27.3106614940106
1181390625.0,-27.324983438817107
1181391250.0,-27.33745558554833
1181391875.0,-27.350270158032668
1181392500.0,-27.363247716163727
1181393125.0,-27.377849609082855
1181393750.0,-27.391833941466192
1181394375.0,-27.404516908821392
1181395000.0,-27.418948707957192
1181395625.0,-27.43111504247902
1181396250.0,-27.445083495927033
1181396875.0,-27.458946607671834
1181397500.0,-27.471505079763407
1181398125.0,-27.48603391299641
1181398750.0,-27.498596302161637
1181399375.0,-27.511218589530834
1181400000.0,-27.52469748323291
1181400625.0,-27.537972138608026
1181401250.0,-27.55109812056723
1181401875.0,-27.564139000711652
1181402500.0,-27.576976903386015
1181403125.0,-27.58983211321024
1181403750.0,-27.60341387332064
1181404375.0,-27.616241397897806
1181405000.0,-27.630123889280966
1181405625.0,-27.644083572713125
1181406250.0,-27.6560442664183
1181406875.0,-27.668629566043215
1181407500.0,-27.682981009113334
1181408125.0,-27.69488538107101
1181408750.0,-27.70740985158442
1181409375.0,-27.720575731021935
1181410000.0,-27.734927631985876
1181410625.0,-27.746150554814466
1181411250.0,-27.759799628205645
1181411875.0,-27.772941789675095
1181412500.0,-27.78536482215191
1181413125.0,-27.797730389816966
1181413750.0,-27.812120498688948
1181414375.0,-27.823276099455377
1181415000.0,-27.83749759556975
1181415625.0,-27.84890916594099
1181416250.0,-27.862955322453146
1181416875.0,-27.87454674937972
1181417500.0,-27.88765760377801
1181418125.0,-27.901308547992343
1181418750.0,-27.91289779695611
1181419375.0,-27.92621263471182
1181420000.0,-27.937859907666663
1181420625.0,-27.951498323667376
1181421250.0,-27.964332903459255
1181421875.0,-27.976293311960642
1181422500.0,-27.989157521230357
1181423125.0,-28.00192721250297
1181423750.0,-28.014969822905016
1181424375.0,-28.026717847509502
1181425000.0,-28.038982213393247
1181425625.0,-28.05185138900258
1181426250.0,-28.064426469676867
1181426875.0,-28.077053303222893
1181427500.0,-28.08985776622954
1181428125.0,-28.102673546381805
1181428750.0,-28.114927989153124
1181429375.0,-28.126739377869484
1181430000.0,-28.1392032136501
1181430625.0,-28.15198404558381
1181431250.0,-28.165274255207972
1181431875.0,-28.175819283183834
1181432500.0,-28.188794841350386
1181433125.0,-28.2001935013578
1181433750.0,-28.213896024631723
1181434375.0,-28.225599870187622
1181435000.0,-28.237755140811217
1181435625.0,-28.25028497254268
1181436250.0,-28.26193159887648
1181436875.0,-28.274889617527847
1181437500.0,-28.287248599464448
1181438125.0,-28.299859881826553
1181438750.0,-28.310881679586725
1181439375.0,-28.323381015677274
1181440000.0,-28.335870944415554
1181440625.0,-28.347661353432496
1181441250.0,-28.359584167027958
1181441875.0,-28.370928639761658
1181442500.0,-28.383568837787557
1181443125.0,-28.397474307753914
1181443750.0,-28.408589752121834
1181444375.0,-28.419896928950152
1181445000.0,-28.433399642970535
1181445625.0,-28.444017296407594
1181446250.0,-28.45761040440729
1181446875.0,-28.468129087886496
1181447500.0,-28.48030298735024
1181448125.0,-28.492302548809057
1181448750.0,-28.504828299901913
1181449375.0,-28.5162796839792
1181450000.0,-28.529389992222054
1181450625.0,-28.540025959234335
1181451250.0,-28.55206550693504
1181451875.0,-28.56353351280232
1181452500.0,-28.576795721595392
1181453125.0,-28.588313929750647
1181453750.0,-28.599216995816885
1181454375.0,-28.609535591775384
1181455000.0,-28.621914844328618
1181455625.0,-28.635130173319432
1181456250.0,-28.64723147709275
1181456875.0,-28.656451339865367
1181457500.0,-28.669873205188598
1181458125.0,-28.681869827107967
1181458750.0,-28.693073744283193
1181459375.0,-28.706191720585725
1181460000.0,-28.716217890181515
1181460625.0,-28.72866087757709
1181461250.0,-28.739545603841037
1181461875.0,-28.752374185538134
1181462500.0,-28.762547160464052
1181463125.0,-28.77374588842721
1181463750.0,-28.78782462633928
1181464375.0,-28.797419440793455
1181465000.0,-28.808866415918786
1181465625.0,-28.821598084843693
1181466250.0,-28.83259097164978
1181466875.0,-28.84396752260548
1181467500.0,-28.855816597184347
1181468125.0,-28.866750904518064
1181468750.0,-28.878967285919398
1181469375.0,-28.889357766710678
1181470000.0,-28.901849959318128
1181470625.0,-28.913667165697873
1181471250.0,-28.923412155986977
1181471875.0,-28.934137834852454
1181472500.0,-28.947762106954972
1181473125.0,-28.958450816163605
1181473750.0,-28.969264078140313
1181474375.0,-28.98061849664242
1181475000.0,-28.992850904586593
1181475625.0,-29.00313325674294
1181476250.0,-29.015065539455986
1181476875.0,-29.027560076189342
1181477500.0,-29.038348046050363
1181478125.0,-29.049050769073734
1181478750.0,-29.060729023264603
1181479375.0,-29.07321714222786
1181480000.0,-29.08140505992434
1181480625.0,-29.094559825164442
1181481250.0,-29.10520902887654
1181481875.0,-29.11687464281494
1181482500.0,-29.127624944983605
1181483125.0,-29.137682253017932
1181483750.0,-29.150240211742446
1181484375.0,-29.161669505313835
1181485000.0,-29.172085060312533
1181485625.0,-29.182999147656442
1181486250.0,-29.194283952212718
1181486875.0,-29.20448576383113
1181487500.0,-29.21640888831461
1181488125.0,-29.2274643522589
1181488750.0,-29.2383500864047
1181489375.0,-29.248913818988452
1181490000.0,-29.26063909067434
1181490625.0,-29.271822376087197
1181491250.0,-29.28330586514487
1181491875.0,-29.294031468631808
1181492500.0,-29.305076043064577
1181493125.0,-29.31501249338424
1181493750.0,-29.327185639006228
1181494375.0,-29.337748131310608
1181495000.0,-29.348622123725914
1181495625.0,-29.3595468162593
1181496250.0,-29.369676035097473
1181496875.0,-29.38203003530654
1181497500.0,-29.392291074415997
1181498125.0,-29.40341239106424
1181498750.0,-29.41280156498555
1181499375.0,-29.424482077647323
1181500000.0,-29.435362657655546
1181500625.0,-29.44592066705119
1181501250.0,-29.456222499953974
1181501875.0,-29.46686689668644
1181502500.0,-29.47997347894672
1181503125.0,-29.490211244917575
1181503750.0,-29.500335319818905
1181504375.0,-29.51107795741428
1181505000.0,-29.52074021509976
1181505625.0,-29.53294950116705
1181506250.0,-29.54426331199949
1181506875.0,-29.55257357213377
1181507500.0,-29.564028315987294
1181508125.0,-29.575899139415192
1181508750.0,-29.58530516405303
1181509375.0,-29.596104042046083
1181510000.0,-29.606230226179083
1181510625.0,-29.618270985593558
1181511250.0,-29.62762431832091
1181511875.0,-29.6382746056846
1181512500.0,-29.649880737160007
1181513125.0,-29.659734774251692
1181513750.0,-29.670411493392667
1181514375.0,-29.681574219684883
1181515000.0,-29.692288945762105
1181515625.0,-29.70165988191302
1181516250.0,-29.712478747246102
1181516875.0,-29.723488181952675
1181517500.0,-29.731806201666604
1181518125.0,-29.74415893382958
1181518750.0,-29.753250349277575
1181519375.0,-29.764012274458626
1181520000.0,-29.775865279793425
1181520625.0,-29.78387972385728
1181521250.0,-29.7953976187312
1181521875.0,-29.80575978831111
1181522500.0,-29.816889250590094
1181523125.0,-29.826086382547533
1181523750.0,-29.83631177540189
1181524375.0,-29.847030962962112
1181525000.0,-29.85827905106634
1181525625.0,-29.866798363842676
1181526250.0,-29.876856638726625
1181526875.0,-29.887835980964475
1181527500.0,-29.899086855109342
1181528125.0,-29.9089782335573
1181528750.0,-29.918889713844145
1181529375.0,-29.92925882414111
1181530000.0,-29.941718836245816
