422115437.5,-63.06651
422115500.0,-62.93454
422115562.5,-63.03684
422115625.0,-63.00423
422115687.5,-62.92198
422115750.0,-63.01643
422115812.5,-63.09995
422115875.0,-62.90299
422115937.5,-63.07944
422116000.0,-62.89806
422116062.5,-62.96618
422116125.0,-63.11277
422116187.5,-62.81965
422116250.0,-63.11053
422116312.5,-63.04808
422116375.0,-62.79332
422116437.5,-62.92641
422116500.0,-63.03633
422116562.5,-63.0144
422116625.0,-62.84619
422116687.5,-62.91814
422116750.0,-62.97412
422116812.5,-62.93136
422116875.0,-62.81647
422116937.5,-62.99556
422117000.0,-63.04089
422117062.5,-62.99519
422117125.0,-63.02781
422117187.5,-62.94136
422117250.0,-62.85035
422117312.5,-62.98483
422117375.0,-62.99254
422117437.5,-62.97718
422117500.0,-62.94195
422117562.5,-63.00188
422117625.0,-63.00233
422117687.5,-62.94525
422117750.0,-62.95781
422117812.5,-62.95158
422117875.0,-63.01823
422117937.5,-62.99946
422118000.0,-62.89843
422118062.5,-62.87502
422118125.0,-62.85801
422118187.5,-62.91406
422118250.0,-62.94378
422118312.5,-62.76569
422118375.0,-62.90874
422118437.5,-62.8311
422118500.0,-63.06513
422118562.5,-63.02917
422118625.0,-62.95652
422118687.5,-62.93994
422118750.0,-63.03965
422118812.5,-62.94287
422118875.0,-62.89629
422118937.5,-62.85427
422119000.0,-62.92764
422119062.5,-63.0293
422119125.0,-62.92698
422119187.5,-63.06491
422119250.0,-62.95676
422119312.5,-62.94042
422119375.0,-62.89537
422119437.5,-62.85957
422119500.0,-62.91469
422119562.5,-63.00803
422119625.0,-62.94095
422119687.5,-62.96013
422119750.0,-62.75808
422119812.5,-62.81164
422119875.0,-62.90987
422119937.5,-62.87895
422120000.0,-62.92215
422120062.5,-62.88917
422120125.0,-63.00477
422120187.5,-63.01845
422120250.0,-62.97688
422120312.5,-63.01289
422120375.0,-62.99133
422120437.5,-62.99399
422120500.0,-62.83093
422120562.5,-62.90622
422120625.0,-62.91512
422120687.5,-62.91233
422120750.0,-62.97413
422120812.5,-62.99058
422120875.0,-62.85269
422120937.5,-62.93405
422121000.0,-62.69901
422121062.5,-62.99407
422121125.0,-63.02484
422121187.5,-62.97628
422121250.0,-63.01131
422121312.5,-62.91644
422121375.0,-62.85246
422121437.5,-62.90369
422121500.0,-62.83761
422121562.5,-63.05486
422121625.0,-62.74525
422121687.5,-62.93156
422121750.0,-63.07161
422121812.5,-62.91708
422121875.0,-62.88649
422121937.5,-62.99944
422122000.0,-62.76737
422122062.5,-62.97423
422122125.0,-63.08681
422122187.5,-62.95714
422122250.0,-62.88218
422122312.5,-62.95253
422122375.0,-63.01134
422122437.5,-62.85085
422122500.0,-62.83603
422122562.5,-62.88979
422122625.0,-62.93134
422122687.5,-62.91736
422122750.0,-62.82118
422122812.5,-62.87415
422122875.0,-62.7245
422122937.5,-62.95383
422123000.0,-62.83756
422123062.5,-62.71633
422123125.0,-62.98363
422123187.5,-62.98661
422123250.0,-62.9715
422123312.5,-62.89048
422123375.0,-62.88908
422123437.5,-63.03296
422123500.0,-62.87467
422123562.5,-62.84462
422123625.0,-62.85044
422123687.5,-62.90352
422123750.0,-62.9082
422123812.5,-62.89206
422123875.0,-62.77312
422123937.5,-62.85277
422124000.0,-62.87246
422124062.5,-62.86613
422124125.0,-62.79119
422124187.5,-62.92517
422124250.0,-62.89251
422124312.5,-62.78331
422124375.0,-62.92964
422124437.5,-62.81005
422124500.0,-62.96886
422124562.5,-62.93454
422124625.0,-62.7838
422124687.5,-62.98668
422124750.0,-62.93193
422124812.5,-62.7615
422124875.0,-62.85513
422124937.5,-62.87526
422125000.0,-62.80462
422125062.5,-62.98111
422125125.0,-62.93431
422125187.5,-62.87323
422125250.0,-62.76292
422125312.5,-62.82564
422125375.0,-62.77466
422125437.5,-62.98399
422125500.0,-62.76588
422125562.5,-62.97748
422125625.0,-62.86683
422125687.5,-62.87302
422125750.0,-63.07159
422125812.5,-62.73393
422125875.0,-62.92833
422125937.5,-63.04371
422126000.0,-62.927
422126062.5,-62.8716
422126125.0,-62.91781
422126187.5,-62.81968
422126250.0,-62.90842
422126312.5,-62.88217
422126375.0,-62.83073
422126437.5,-62.86436
422126500.0,-62.96245
422126562.5,-62.94176
422126625.0,-62.94097
422126687.5,-62.9804
422126750.0,-62.71634
422126812.5,-62.80976
422126875.0,-62.93106
422126937.5,-62.85207
422127000.0,-62.86667
422127062.5,-62.83683
422127125.0,-62.88145
422127187.5,-62.80521
422127250.0,-62.9615
422127312.5,-63.00993
422127375.0,-62.88671
422127437.5,-62.82592
422127500.0,-62.94152
422127562.5,-62.91174
422127625.0,-62.88105
422127687.5,-62.82284
422127750.0,-62.92601
422127812.5,-62.91146
422127875.0,-62.8532
422127937.5,-62.89022
422128000.0,-63.05508
422128062.5,-62.81117
422128125.0,-62.90307
422128187.5,-62.80007
422128250.0,-62.70615
422128312.5,-62.84066
422128375.0,-62.89183
422128437.5,-62.95498
422128500.0,-62.71962
422128562.5,-62.75052
422128625.0,-62.71476
422128687.5,-62.79129
422128750.0,-62.77123
422128812.5,-62.6909
422128875.0,-62.66698
422128937.5,-62.86691
422129000.0,-62.99196
422129062.5,-62.85898
422129125.0,-62.86521
422129187.5,-62.76699
422129250.0,-62.78764
422129312.5,-63.00299
422129375.0,-63.00059
422129437.5,-62.85679
422129500.0,-62.8919
422129562.5,-62.65145
422129625.0,-62.93295
422129687.5,-63.01866
422129750.0,-62.8311
422129812.5,-62.89655
422129875.0,-62.82914
422129937.5,-62.7475
422130000.0,-62.94565
422130062.5,-62.84079
422130125.0,-62.75079
422130187.5,-62.78598
422130250.0,-62.95899
422130312.5,-62.9194
422130375.0,-62.83083
422130437.5,-62.86257
422130500.0,-62.77835
422130562.5,-62.91807
422130625.0,-62.95742
422130687.5,-62.76138
422130750.0,-62.85667
422130812.5,-62.87477
422130875.0,-62.87181
422130937.5,-62.74168
422131000.0,-63.03745
422131062.5,-62.87061
422131125.0,-62.85432
422131187.5,-62.74074
422131250.0,-62.85639
422131312.5,-62.76445
422131375.0,-62.76582
422131437.5,-62.8768
422131500.0,-62.63388
422131562.5,-62.79757
422131625.0,-62.77231
422131687.5,-62.74419
422131750.0,-62.84796
422131812.5,-62.9801
422131875.0,-62.77719
422131937.5,-62.92964
422132000.0,-62.8316
422132062.5,-62.92032
422132125.0,-62.85777
422132187.5,-62.78055
422132250.0,-62.9515
422132312.5,-62.93493
422132375.0,-62.89775
422132437.5,-62.79359
422132500.0,-62.82421
422132562.5,-62.83329
422132625.0,-62.83986
422132687.5,-62.73448
422132750.0,-62.82871
422132812.5,-62.93407
422132875.0,-62.70604
422132937.5,-62.85969
422133000.0,-62.696
422133062.5,-62.81337
422133125.0,-62.91655
422133187.5,-62.80875
422133250.0,-62.8881
422133312.5,-62.76028
422133375.0,-62.75895
422133437.5,-62.97377
422133500.0,-62.85691
422133562.5,-62.839
422133625.0,-62.77427
422133687.5,-62.63378
422133750.0,-62.80262
422133812.5,-62.75194
422133875.0,-62.75323
422133937.5,-62.69339
422134000.0,-62.9201
422134062.5,-62.95483
422134125.0,-62.70204
422134187.5,-62.83121
422134250.0,-62.91521
422134312.5,-62.69516
422134375.0,-62.80124
422134437.5,-62.8687
422134500.0,-62.82627
422134562.5,-62.74805
422134625.0,-62.73684
422134687.5,-62.7347
422134750.0,-62.8267
422134812.5,-62.73261
422134875.0,-62.71697
422134937.5,-62.79314
422135000.0,-62.63306
422135062.5,-62.86903
422135125.0,-62.71396
422135187.5,-62.69154
422135250.0,-62.72853
422135312.5,-62.84365
422135375.0,-62.75938
422135437.5,-62.78101
422135500.0,-62.70132
422135562.5,-62.68726
422135625.0,-62.73979
422135687.5,-62.66602
422135750.0,-62.69774
422135812.5,-62.84974
422135875.0,-62.8884
422135937.5,-62.77149
422136000.0,-62.86828
422136062.5,-62.84166
422136125.0,-62.78737
422136187.5,-62.80419
422136250.0,-62.80388
422136312.5,-62.66819
422136375.0,-62.61659
422136437.5,-62.65221
422136500.0,-62.78609
422136562.5,-62.90612
422136625.0,-62.69128
422136687.5,-62.88256
422136750.0,-62.84113
422136812.5,-62.74134
422136875.0,-62.86066
422136937.5,-62.74536
422137000.0,-62.83545
422137062.5,-62.81258
422137125.0,-62.81589
422137187.5,-62.97638
422137250.0,-62.96285
422137312.5,-62.70192
422137375.0,-62.77606
422137437.5,-62.80126
422137500.0,-62.76166
422137562.5,-62.76155
422137625.0,-62.67552
422137687.5,-62.80964
422137750.0,-62.9936
422137812.5,-62.74771
422137875.0,-62.6659
422137937.5,-62.84624
422138000.0,-62.87864
422138062.5,-62.69958
422138125.0,-62.6957
422138187.5,-62.86935
422138250.0,-62.68954
422138312.5,-62.70826
422138375.0,-62.61197
422138437.5,-62.68723
422138500.0,-62.79918
422138562.5,-62.82942
422138625.0,-62.76686
422138687.5,-62.76899
422138750.0,-62.79729
422138812.5,-62.77821
422138875.0,-62.84877
422138937.5,-62.77633
422139000.0,-62.67459
422139062.5,-62.69809
422139125.0,-62.77175
422139187.5,-62.85701
422139250.0,-62.76791
422139312.5,-62.79383
422139375.0,-62.76777
422139437.5,-62.80064
422139500.0,-62.724
422139562.5,-62.7198
422139625.0,-62.7926
422139687.5,-62.71838
422139750.0,-62.84913
422139812.5,-62.82181
422139875.0,-62.75594
422139937.5,-62.63192
422140000.0,-62.8031
422140062.5,-62.96738
422140125.0,-62.78614
422140187.5,-62.81486
422140250.0,-62.84918
422140312.5,-62.8314
422140375.0,-62.64215
422140437.5,-62.85133
422140500.0,-62.80307
422140562.5,-62.59654
422140625.0,-62.67115
422140687.5,-62.72848
422140750.0,-62.86477
422140812.5,-62.71912
422140875.0,-62.80988
422140937.5,-62.77172
422141000.0,-62.67305
422141062.5,-62.81874
422141125.0,-62.72133
422141187.5,-62.45098
422141250.0,-62.83094
422141312.5,-62.68513
422141375.0,-62.99486
422141437.5,-62.72868
422141500.0,-62.61437
422141562.5,-62.74011
422141625.0,-62.64519
422141687.5,-62.61826
422141750.0,-62.9051
422141812.5,-62.90545
422141875.0,-62.85328
422141937.5,-62.596
422142000.0,-62.84457
422142062.5,-62.75115
422142125.0,-62.76072
422142187.5,-62.85987
422142250.0,-62.73485
422142312.5,-62.8606
422142375.0,-62.81043
422142437.5,-62.71581
422142500.0,-62.69442
422142562.5,-62.82999
422142625.0,-62.6768
422142687.5,-62.77395
422142750.0,-62.79298
422142812.5,-62.67021
422142875.0,-62.84476
422142937.5,-62.77621
422143000.0,-62.83133
422143062.5,-62.68222
422143125.0,-62.74273
422143187.5,-62.70106
422143250.0,-62.82273
422143312.5,-62.77296
422143375.0,-62.76164
422143437.5,-62.67414
422143500.0,-62.70991
422143562.5,-62.70571
422143625.0,-62.73539
422143687.5,-62.73475
422143750.0,-62.68127
422143812.5,-62.63143
422143875.0,-62.50985
422143937.5,-62.92087
422144000.0,-62.63547
422144062.5,-62.84629
422144125.0,-62.65187
422144187.5,-62.64752
422144250.0,-62.71816
422144312.5,-62.81202
422144375.0,-62.66058
422144437.5,-62.44305
422144500.0,-62.5574
422144562.5,-62.86925
422144625.0,-62.80512
422144687.5,-62.65427
422144750.0,-62.61749
422144812.5,-62.87345
422144875.0,-62.71314
422144937.5,-62.8092
422145000.0,-62.71283
422145062.5,-62.92854
422145125.0,-62.70803
422145187.5,-62.79015
422145250.0,-62.87864
422145312.5,-62.62066
422145375.0,-62.69826
422145437.5,-62.56034
422145500.0,-62.91688
422145562.5,-62.62976
422145625.0,-62.84838
422145687.5,-62.61546
422145750.0,-62.61483
422145812.5,-62.52471
422145875.0,-62.90547
422145937.5,-62.79765
422146000.0,-62.72949
422146062.5,-62.78717
422146125.0,-62.72221
422146187.5,-62.52876
422146250.0,-62.8681
422146312.5,-62.71889
422146375.0,-62.63574
422146437.5,-62.84966
422146500.0,-62.79876
422146562.5,-62.6814
422146625.0,-62.62545
422146687.5,-62.95827
422146750.0,-62.52733
422146812.5,-62.48692
422146875.0,-62.81347
422146937.5,-62.57725
422147000.0,-62.5975
422147062.5,-62.65258
422147125.0,-62.65734
422147187.5,-62.61547
422147250.0,-62.68837
422147312.5,-62.71077
422147375.0,-62.78365
422147437.5,-62.75643
422147500.0,-62.68472
422147562.5,-62.54717
422147625.0,-62.77043
422147687.5,-62.82799
422147750.0,-62.5545
422147812.5,-62.54572
422147875.0,-62.5361
422147937.5,-62.71934
422148000.0,-62.67664
422148062.5,-62.63652
422148125.0,-62.59398
422148187.5,-62.77383
422148250.0,-62.70022
422148312.5,-62.73071
422148375.0,-62.87087
422148437.5,-62.73531
422148500.0,-62.61662
422148562.5,-62.65063
422148625.0,-62.77688
422148687.5,-62.64108
422148750.0,-62.77122
422148812.5,-62.58141
422148875.0,-62.47843
422148937.5,-62.73066
422149000.0,-62.75628
422149062.5,-62.55177
422149125.0,-62.56346
422149187.5,-62.7211
422149250.0,-62.65347
422149312.5,-62.61405
422149375.0,-62.6419
422149437.5,-62.83485
422149500.0,-62.59249
422149562.5,-62.72829
422149625.0,-62.77338
422149687.5,-62.63508
422149750.0,-62.60376
422149812.5,-62.73404
422149875.0,-62.58658
422149937.5,-62.77488
422150000.0,-62.64663
422150062.5,-62.47785
422150125.0,-62.64961
422150187.5,-62.58325
422150250.0,-62.47467
422150312.5,-62.53114
422150375.0,-62.63936
422150437.5,-62.61661
422150500.0,-62.7723
422150562.5,-62.75975
422150625.0,-62.73176
422150687.5,-62.81154
422150750.0,-62.74992
422150812.5,-62.51092
422150875.0,-62.63883
422150937.5,-62.66825
422151000.0,-62.50467
422151062.5,-62.68021
422151125.0,-62.52842
422151187.5,-62.53007
422151250.0,-62.54095
422151312.5,-62.78562
422151375.0,-62.64717
422151437.5,-62.57372
422151500.0,-62.59725
422151562.5,-62.6883
422151625.0,-62.59837
422151687.5,-62.82992
422151750.0,-62.54578
422151812.5,-62.57133
422151875.0,-62.66187
422151937.5,-62.66127
422152000.0,-62.68569
422152062.5,-62.73889
422152125.0,-62.61907
422152187.5,-62.59853
422152250.0,-62.63837
422152312.5,-62.52589
422152375.0,-62.56723
422152437.5,-62.63795
422152500.0,-62.43495
422152562.5,-62.68417
422152625.0,-62.49914
422152687.5,-62.6723
422152750.0,-62.77539
422152812.5,-62.65853
422152875.0,-62.57537
422152937.5,-62.72466
422153000.0,-62.65607
422153062.5,-62.79441
422153125.0,-62.72691
422153187.5,-62.48416
422153250.0,-62.64053
422153312.5,-62.64459
422153375.0,-62.67651
422153437.5,-62.58044
422153500.0,-62.5107
422153562.5,-62.49113
422153625.0,-62.54918
422153687.5,-62.74987
422153750.0,-62.68119
422153812.5,-62.83708
422153875.0,-62.68458
422153937.5,-62.62464
422154000.0,-62.59447
422154062.5,-62.62378
422154125.0,-62.61134
422154187.5,-62.6036
422154250.0,-62.63086
422154312.5,-62.5711
422154375.0,-62.52392
422154437.5,-62.7711
422154500.0,-62.52973
422154562.5,-62.63005
422154625.0,-62.64815
422154687.5,-62.51857
422154750.0,-62.69697
422154812.5,-62.57051
422154875.0,-62.50941
422154937.5,-62.71766
422155000.0,-62.73815
422155062.5,-62.58421
422155125.0,-62.55313
422155187.5,-62.56579
422155250.0,-62.60888
422155312.5,-62.62525
422155375.0,-62.67599
422155437.5,-62.60469
422155500.0,-62.58918
422155562.5,-62.78432
422155625.0,-62.6226
422155687.5,-62.61249
422155750.0,-62.65482
422155812.5,-62.57497
422155875.0,-62.56811
422155937.5,-62.48911
422156000.0,-62.71684
422156062.5,-62.63466
422156125.0,-62.66783
422156187.5,-62.59774
422156250.0,-62.6325
422156312.5,-62.63905
422156375.0,-62.57934
422156437.5,-62.53486
422156500.0,-62.63902
422156562.5,-62.68897
422156625.0,-62.52468
422156687.5,-62.61074
422156750.0,-62.67464
422156812.5,-62.7832
422156875.0,-62.61143
422156937.5,-62.61565
422157000.0,-62.73126
422157062.5,-62.69065
422157125.0,-62.56955
422157187.5,-62.6008
422157250.0,-62.55319
422157312.5,-62.5853
422157375.0,-62.45244
422157437.5,-62.61214
422157500.0,-62.52637
422157562.5,-62.59941
422157625.0,-62.61526
422157687.5,-62.45965
422157750.0,-62.72945
422157812.5,-62.67514
422157875.0,-62.41409
422157937.5,-62.58981
422158000.0,-62.64957
422158062.5,-62.64486
422158125.0,-62.55404
422158187.5,-62.668
422158250.0,-62.59449
422158312.5,-62.58616
422158375.0,-62.5918
422158437.5,-62.66055
422158500.0,-62.58448
422158562.5,-62.62817
422158625.0,-62.5462
422158687.5,-62.49908
422158750.0,-62.49619
422158812.5,-62.60058
422158875.0,-62.59335
422158937.5,-62.56953
422159000.0,-62.65567
422159062.5,-62.50787
422159125.0,-62.58682
422159187.5,-62.62985
422159250.0,-62.63357
422159312.5,-62.63939
422159375.0,-62.66605
422159437.5,-62.56366
422159500.0,-62.59209
422159562.5,-62.61465
422159625.0,-62.43253
422159687.5,-62.48287
422159750.0,-62.5577
422159812.5,-62.58618
422159875.0,-62.53109
422159937.5,-62.72578
422160000.0,-62.71492
422160062.5,-62.57919
422160125.0,-62.51737
422160187.5,-62.47201
422160250.0,-62.61444
422160312.5,-62.60644
422160375.0,-62.47863
422160437.5,-62.56536
422160500.0,-62.53421
422160562.5,-62.6613
422160625.0,-62.4804
422160687.5,-62.36104
422160750.0,-62.68911
422160812.5,-62.48218
422160875.0,-62.71444
422160937.5,-62.54273
422161000.0,-62.69516
422161062.5,-62.53891
422161125.0,-62.6446
422161187.5,-62.68629
422161250.0,-62.57505
422161312.5,-62.5792
422161375.0,-62.49006
422161437.5,-62.62972
422161500.0,-62.50601
422161562.5,-62.5834
422161625.0,-62.42179
422161687.5,-62.50906
422161750.0,-62.64878
422161812.5,-62.55867
422161875.0,-62.60122
422161937.5,-62.54454
422162000.0,-62.43481
422162062.5,-62.82935
422162125.0,-62.51207
422162187.5,-62.69585
422162250.0,-62.49755
422162312.5,-62.59591
422162375.0,-62.5897
422162437.5,-62.48443
422162500.0,-62.54753
422162562.5,-62.6578
422162625.0,-62.72036
422162687.5,-62.54972
422162750.0,-62.51923
422162812.5,-62.53501
422162875.0,-62.34472
422162937.5,-62.48701
422163000.0,-62.43998
422163062.5,-62.6057
422163125.0,-62.56045
422163187.5,-62.64479
422163250.0,-62.47855
422163312.5,-62.52596
422163375.0,-62.40584
422163437.5,-62.60787
422163500.0,-62.65742
422163562.5,-62.62217
422163625.0,-62.4332
422163687.5,-62.40232
422163750.0,-62.56907
422163812.5,-62.49612
422163875.0,-62.496
422163937.5,-62.55772
422164000.0,-62.54939
422164062.5,-62.53566
422164125.0,-62.42306
422164187.5,-62.48693
422164250.0,-62.43308
422164312.5,-62.47173
422164375.0,-62.57475
422164437.5,-62.75507
422164500.0,-62.67277
422164562.5,-62.63478
422164625.0,-62.51468
422164687.5,-62.59353
422164750.0,-62.48235
422164812.5,-62.49633
422164875.0,-62.4412
422164937.5,-62.40146
422165000.0,-62.52984
422165062.5,-62.50062
422165125.0,-62.41151
422165187.5,-62.51325
422165250.0,-62.43071
422165312.5,-62.63159
422165375.0,-62.43456
422165437.5,-62.37379
422165500.0,-62.5677
422165562.5,-62.5439
422165625.0,-62.63694
422165687.5,-62.56193
422165750.0,-62.37077
422165812.5,-62.66413
422165875.0,-62.56815
422165937.5,-62.48642
422166000.0,-62.55631
422166062.5,-62.39626
422166125.0,-62.50494
422166187.5,-62.42783
422166250.0,-62.55506
422166312.5,-62.54278
422166375.0,-62.57585
422166437.5,-62.63849
422166500.0,-62.42253
422166562.5,-62.40799
422166625.0,-62.64788
422166687.5,-62.56433
422166750.0,-62.4629
422166812.5,-62.59895
422166875.0,-62.29778
422166937.5,-62.57871
422167000.0,-62.49345
422167062.5,-62.49155
422167125.0,-62.34681
422167187.5,-62.6141
422167250.0,-62.49313
422167312.5,-62.40384
422167375.0,-62.61707
422167437.5,-62.50777
422167500.0,-62.66145
422167562.5,-62.5189
422167625.0,-62.46674
422167687.5,-62.55697
422167750.0,-62.39119
422167812.5,-62.59866
422167875.0,-62.62646
422167937.5,-62.44085
422168000.0,-62.51503
422168062.5,-62.34139
422168125.0,-62.54325
422168187.5,-62.52852
422168250.0,-62.41465
422168312.5,-62.48825
422168375.0,-62.4505
422168437.5,-62.49574
422168500.0,-62.52901
422168562.5,-62.59671
422168625.0,-62.60047
422168687.5,-62.53155
422168750.0,-62.41917
422168812.5,-62.44769
422168875.0,-62.50271
422168937.5,-62.59464
422169000.0,-62.40237
422169062.5,-62.4962
422169125.0,-62.60859
422169187.5,-62.48753
422169250.0,-62.47204
422169312.5,-62.61292
422169375.0,-62.58061
422169437.5,-62.48007
422169500.0,-62.50277
422169562.5,-62.40462
422169625.0,-62.3549
422169687.5,-62.52895
422169750.0,-62.38356
422169812.5,-62.49865
422169875.0,-62.61469
422169937.5,-62.45904
422170000.0,-62.53056
422170062.5,-62.54628
422170125.0,-62.34845
422170187.5,-62.49597
422170250.0,-62.30389
422170312.5,-62.28613
422170375.0,-62.47052
422170437.5,-62.49158
422170500.0,-62.61242
422170562.5,-62.55741
422170625.0,-62.61449
422170687.5,-62.47872
422170750.0,-62.37247
422170812.5,-62.33561
422170875.0,-62.44673
422170937.5,-62.51747
422171000.0,-62.52746
422171062.5,-62.3469
422171125.0,-62.3782
422171187.5,-62.42928
422171250.0,-62.57751
422171312.5,-62.46625
422171375.0,-62.55802
422171437.5,-62.5104
422171500.0,-62.37977
422171562.5,-62.51004
422171625.0,-62.37453
422171687.5,-62.5704
422171750.0,-62.60831
422171812.5,-62.27627
422171875.0,-62.47486
422171937.5,-62.47538
422172000.0,-62.39785
422172062.5,-62.47909
422172125.0,-62.44184
422172187.5,-62.41371
422172250.0,-62.49117
422172312.5,-62.61233
422172375.0,-62.49464
422172437.5,-62.40252
422172500.0,-62.38505
422172562.5,-62.61838
422172625.0,-62.29485
422172687.5,-62.52473
422172750.0,-62.51849
422172812.5,-62.49756
422172875.0,-62.33308
422172937.5,-62.51614
422173000.0,-62.51809
422173062.5,-62.46867
422173125.0,-62.36324
422173187.5,-62.47112
422173250.0,-62.3699
422173312.5,-62.47701
422173375.0,-62.50829
422173437.5,-62.69801
422173500.0,-62.5687
422173562.5,-62.3353
422173625.0,-62.44204
422173687.5,-62.4448
422173750.0,-62.39447
422173812.5,-62.46796
422173875.0,-62.46405
422173937.5,-62.35532
422174000.0,-62.51049
422174062.5,-62.40165
422174125.0,-62.5487
422174187.5,-62.46265
422174250.0,-62.44518
422174312.5,-62.52758
422174375.0,-62.37392
422174437.5,-62.58955
422174500.0,-62.33879
422174562.5,-62.47253
422174625.0,-62.38206
422174687.5,-62.44249
422174750.0,-62.40991
422174812.5,-62.34379
422174875.0,-62.33229
422174937.5,-62.20518
422175000.0,-62.40339
422175062.5,-62.50856
422175125.0,-62.44981
422175187.5,-62.38256
422175250.0,-62.49516
422175312.5,-62.33881
422175375.0,-62.37778
422175437.5,-62.68268
422175500.0,-62.4917
422175562.5,-62.27184
422175625.0,-62.41104
422175687.5,-62.56366
422175750.0,-62.38015
422175812.5,-62.2812
422175875.0,-62.25672
422175937.5,-62.3654
422176000.0,-62.27831
422176062.5,-62.51429
422176125.0,-62.40986
422176187.5,-62.34156
422176250.0,-62.52492
422176312.5,-62.50105
422176375.0,-62.31958
422176437.5,-62.55212
422176500.0,-62.45528
422176562.5,-62.42096
422176625.0,-62.27587
422176687.5,-62.3818
422176750.0,-62.60406
422176812.5,-62.33027
422176875.0,-62.29152
422176937.5,-62.41111
422177000.0,-62.47178
422177062.5,-62.55664
422177125.0,-62.29408
422177187.5,-62.29416
422177250.0,-62.47792
422177312.5,-62.46579
422177375.0,-62.48617
422177437.5,-62.43694
422177500.0,-62.39777
422177562.5,-62.52924
422177625.0,-62.32469
422177687.5,-62.49856
422177750.0,-62.50053
422177812.5,-62.39056
422177875.0,-62.49771
422177937.5,-62.45561
422178000.0,-62.54259
422178062.5,-62.52533
422178125.0,-62.40678
422178187.5,-62.40675
422178250.0,-62.47934
422178312.5,-62.34563
422178375.0,-62.31475
422178437.5,-62.51289
422178500.0,-62.42363
422178562.5,-62.28668
422178625.0,-62.44809
422178687.5,-62.32151
422178750.0,-62.4339
422178812.5,-62.28336
422178875.0,-62.41581
422178937.5,-62.36005
422179000.0,-62.45992
422179062.5,-62.56971
422179125.0,-62.45851
422179187.5,-62.4719
422179250.0,-62.51939
422179312.5,-62.37444
422179375.0,-62.48326
422179437.5,-62.37737
422179500.0,-62.53122
422179562.5,-62.49789
422179625.0,-62.25138
422179687.5,-62.34655
422179750.0,-62.5605
422179812.5,-62.52374
422179875.0,-62.47416
422179937.5,-62.21142
422180000.0,-62.30883
422180062.5,-62.36968
422180125.0,-62.30705
422180187.5,-62.4113
422180250.0,-62.4309
422180312.5,-62.25666
422180375.0,-62.36328
422180437.5,-62.313
422180500.0,-62.40745
422180562.5,-62.26139
422180625.0,-62.39065
422180687.5,-62.21506
422180750.0,-62.48053
422180812.5,-62.44995
422180875.0,-62.4428
422180937.5,-62.26046
422181000.0,-62.31653
422181062.5,-62.45677
422181125.0,-62.3446
422181187.5,-62.32578
422181250.0,-62.36422
422181312.5,-62.44672
422181375.0,-62.2014
422181437.5,-62.29715
422181500.0,-62.39728
422181562.5,-62.27926
422181625.0,-62.25627
422181687.5,-62.38445
422181750.0,-62.34701
422181812.5,-62.43499
422181875.0,-62.31411
422181937.5,-62.39517
422182000.0,-62.22685
422182062.5,-62.41403
422182125.0,-62.43614
422182187.5,-62.38604
422182250.0,-62.35605
422182312.5,-62.41012
422182375.0,-62.49129
422182437.5,-62.4286
422182500.0,-62.3895
422182562.5,-62.2579
422182625.0,-62.42228
422182687.5,-62.42997
422182750.0,-62.33574
422182812.5,-62.2978
422182875.0,-62.42869
422182937.5,-62.4341
422183000.0,-62.28102
422183062.5,-62.39709
422183125.0,-62.53074
422183187.5,-62.40447
422183250.0,-62.38044
422183312.5,-62.5121
422183375.0,-62.30586
422183437.5,-62.26844
422183500.0,-62.16496
422183562.5,-62.45573
422183625.0,-62.29375
422183687.5,-62.27082
422183750.0,-62.29423
422183812.5,-62.2361
422183875.0,-62.43808
422183937.5,-62.19698
422184000.0,-62.36344
422184062.5,-62.13339
422184125.0,-62.43303
422184187.5,-62.43319
422184250.0,-62.30014
422184312.5,-62.41797
422184375.0,-62.31051
422184437.5,-62.18121
422184500.0,-62.40343
422184562.5,-62.33215
422184625.0,-62.44941
422184687.5,-62.48731
422184750.0,-62.35687
422184812.5,-62.32437
422184875.0,-62.24942
422184937.5,-62.40628
422185000.0,-62.23903
422185062.5,-62.32492
422185125.0,-62.3988
422185187.5,-62.3302
422185250.0,-62.26124
422185312.5,-62.34607
422185375.0,-62.27548
422185437.5,-62.22039
422185500.0,-62.29776
422185562.5,-62.36127
422185625.0,-62.51894
422185687.5,-62.33374
422185750.0,-62.44306
422185812.5,-62.30395
422185875.0,-62.40222
422185937.5,-62.25225
422186000.0,-62.37098
422186062.5,-62.38544
422186125.0,-62.23063
422186187.5,-62.34229
422186250.0,-62.39592
422186312.5,-62.40765
422186375.0,-62.20166
422186437.5,-62.28883
422186500.0,-62.36536
422186562.5,-62.21049
422186625.0,-62.33905
422186687.5,-62.3967
422186750.0,-62.23852
422186812.5,-62.32685
422186875.0,-62.2825
422186937.5,-62.30387
422187000.0,-62.23061
422187062.5,-62.34016
422187125.0,-62.47964
422187187.5,-62.37642
422187250.0,-62.2257
422187312.5,-62.18273
422187375.0,-62.35618
422187437.5,-62.25415
422187500.0,-62.40059
422187562.5,-62.3537
422187625.0,-62.26372
422187687.5,-62.32355
422187750.0,-62.31647
422187812.5,-62.22577
422187875.0,-62.36868
422187937.5,-62.38195
422188000.0,-62.17074
422188062.5,-62.29543
422188125.0,-62.37494
422188187.5,-62.30407
422188250.0,-62.26807
422188312.5,-62.26361
422188375.0,-62.37904
422188437.5,-62.3084
422188500.0,-62.29427
422188562.5,-62.27502
422188625.0,-62.29443
422188687.5,-62.29921
422188750.0,-62.20076
422188812.5,-62.1957
422188875.0,-62.34285
422188937.5,-62.35978
422189000.0,-62.35168
422189062.5,-62.25964
422189125.0,-62.31388
422189187.5,-62.2865
422189250.0,-62.26978
422189312.5,-62.27021
422189375.0,-62.29163
422189437.5,-62.27792
422189500.0,-62.40904
422189562.5,-62.3395
422189625.0,-62.20575
422189687.5,-62.45488
422189750.0,-62.35812
422189812.5,-62.27185
422189875.0,-62.22775
422189937.5,-62.25581
422190000.0,-62.36639
422190062.5,-62.2833
422190125.0,-62.00532
422190187.5,-62.26889
422190250.0,-62.37872
422190312.5,-62.37667
422190375.0,-62.29139
422190437.5,-62.17182
422190500.0,-62.29451
422190562.5,-62.28049
422190625.0,-62.42332
422190687.5,-62.26019
422190750.0,-62.17918
422190812.5,-62.3706
422190875.0,-62.40971
422190937.5,-62.20566
422191000.0,-62.32338
422191062.5,-62.2589
422191125.0,-62.39742
422191187.5,-62.21232
422191250.0,-62.36977
422191312.5,-62.2449
422191375.0,-62.31628
422191437.5,-62.30029
422191500.0,-62.11877
422191562.5,-62.31725
422191625.0,-62.41121
422191687.5,-62.37587
422191750.0,-62.33255
422191812.5,-62.23748
422191875.0,-62.1371
422191937.5,-62.31418
422192000.0,-62.20794
422192062.5,-62.22708
422192125.0,-62.33989
422192187.5,-62.29676
422192250.0,-62.35502
422192312.5,-62.05976
422192375.0,-62.27076
422192437.5,-62.11107
422192500.0,-62.31297
422192562.5,-62.15265
422192625.0,-62.22498
422192687.5,-62.46426
422192750.0,-62.32866
422192812.5,-62.3271
422192875.0,-62.31741
422192937.5,-62.27176
422193000.0,-62.18969
422193062.5,-62.23414
422193125.0,-62.38918
422193187.5,-62.37475
422193250.0,-62.35176
422193312.5,-62.29498
422193375.0,-62.31246
422193437.5,-62.36121
422193500.0,-62.1731
422193562.5,-62.09846
422193625.0,-62.15173
422193687.5,-62.30456
422193750.0,-62.33905
422193812.5,-62.25989
422193875.0,-62.30017
422193937.5,-62.25026
422194000.0,-62.24649
422194062.5,-62.12193
422194125.0,-62.19714
422194187.5,-62.27732
422194250.0,-62.30324
422194312.5,-62.22878
422194375.0,-62.38484
422194437.5,-62.16016
422194500.0,-62.16278
422194562.5,-62.30408
422194625.0,-62.26367
422194687.5,-62.38297
422194750.0,-62.14279
422194812.5,-62.11113
422194875.0,-62.19233
422194937.5,-62.15084
422195000.0,-62.24849
422195062.5,-62.21408
422195125.0,-62.20833
422195187.5,-62.2962
422195250.0,-62.11165
422195312.5,-62.16529
422195375.0,-62.33781
422195437.5,-62.13792
422195500.0,-62.09345
422195562.5,-62.37959
422195625.0,-62.14735
422195687.5,-62.15742
422195750.0,-62.29784
422195812.5,-62.32338
422195875.0,-62.2506
422195937.5,-62.2277
422196000.0,-62.17801
422196062.5,-62.18367
422196125.0,-62.13024
422196187.5,-62.11793
422196250.0,-62.25393
422196312.5,-62.28049
422196375.0,-62.16316
422196437.5,-62.23753
422196500.0,-62.37481
422196562.5,-62.15281
422196625.0,-62.20078
422196687.5,-62.29624
422196750.0,-62.25457
422196812.5,-62.2665
422196875.0,-62.15768
422196937.5,-62.21544
422197000.0,-62.31161
422197062.5,-62.21545
422197125.0,-62.18375
422197187.5,-62.24676
422197250.0,-62.35666
422197312.5,-62.33745
422197375.0,-62.28018
422197437.5,-62.10097
422197500.0,-62.23379
422197562.5,-62.33013
422197625.0,-62.19286
422197687.5,-62.17645
422197750.0,-62.11347
422197812.5,-62.25563
422197875.0,-62.28312
422197937.5,-62.0899
422198000.0,-62.23772
422198062.5,-62.27718
422198125.0,-62.10814
422198187.5,-62.0862
422198250.0,-62.2718
422198312.5,-62.05638
422198375.0,-62.11637
422198437.5,-62.23348
422198500.0,-62.17167
422198562.5,-62.32861
422198625.0,-62.18579
422198687.5,-62.35091
422198750.0,-62.2313
422198812.5,-62.25909
422198875.0,-62.34081
422198937.5,-62.28288
422199000.0,-62.23094
422199062.5,-62.21892
422199125.0,-62.31701
422199187.5,-62.12004
422199250.0,-62.21881
422199312.5,-62.26102
422199375.0,-62.18636
422199437.5,-62.19505
422199500.0,-62.23151
422199562.5,-62.16343
422199625.0,-62.17008
422199687.5,-62.28331
422199750.0,-62.14847
422199812.5,-62.07676
422199875.0,-62.1718
422199937.5,-61.94889
422200000.0,-62.20176
422200062.5,-62.26512
422200125.0,-62.29706
422200187.5,-62.13706
422200250.0,-62.1473
422200312.5,-62.2093
422200375.0,-62.29462
422200437.5,-62.17637
422200500.0,-62.19023
422200562.5,-62.23082
422200625.0,-62.17489
422200687.5,-62.1344
422200750.0,-62.31586
422200812.5,-62.17825
422200875.0,-62.32545
422200937.5,-62.24744
422201000.0,-62.16588
422201062.5,-62.14547
422201125.0,-62.25607
422201187.5,-62.24108
422201250.0,-62.19408
422201312.5,-62.28955
422201375.0,-62.26072
422201437.5,-62.25404
422201500.0,-62.07969
422201562.5,-62.01774
422201625.0,-62.34037
422201687.5,-62.16785
422201750.0,-62.32176
422201812.5,-62.08372
422201875.0,-62.06741
422201937.5,-62.2115
422202000.0,-62.14389
422202062.5,-62.24821
422202125.0,-62.22126
422202187.5,-62.1868
422202250.0,-61.94586
422202312.5,-62.1326
422202375.0,-62.16405
422202437.5,-62.07262
422202500.0,-62.19255
422202562.5,-62.07489
422202625.0,-62.31292
422202687.5,-62.10581
422202750.0,-62.15911
422202812.5,-62.29413
422202875.0,-62.27512
422202937.5,-62.22794
422203000.0,-62.06546
422203062.5,-62.21573
422203125.0,-62.2762
422203187.5,-62.12384
422203250.0,-62.26771
422203312.5,-62.26584
422203375.0,-62.15442
422203437.5,-62.13061
422203500.0,-62.11506
422203562.5,-62.16267
422203625.0,-62.20819
422203687.5,-62.10973
422203750.0,-62.048
422203812.5,-61.95639
422203875.0,-62.10172
422203937.5,-62.19918
422204000.0,-62.31445
422204062.5,-62.25175
422204125.0,-62.09434
422204187.5,-62.21875
422204250.0,-62.15709
422204312.5,-62.22875
422204375.0,-62.11585
422204437.5,-62.10415
422204500.0,-62.10463
422204562.5,-62.11342
422204625.0,-62.18944
422204687.5,-62.05424
422204750.0,-62.11633
422204812.5,-61.97023
422204875.0,-62.12001
422204937.5,-62.19693
422205000.0,-62.08108
422205062.5,-62.23845
422205125.0,-62.20969
422205187.5,-62.1269
422205250.0,-62.26782
422205312.5,-62.17695
422205375.0,-62.14817
422205437.5,-62.05051
422205500.0,-62.10001
422205562.5,-62.21597
422205625.0,-62.34104
422205687.5,-62.31242
422205750.0,-61.94966
422205812.5,-62.22272
422205875.0,-62.05671
422205937.5,-62.04871
422206000.0,-62.1906
422206062.5,-62.17791
422206125.0,-62.22046
422206187.5,-62.13937
422206250.0,-62.10279
422206312.5,-62.20271
422206375.0,-62.15949
422206437.5,-62.12293
422206500.0,-62.06155
422206562.5,-62.24129
422206625.0,-62.13245
422206687.5,-61.99806
422206750.0,-62.11682
422206812.5,-61.99006
422206875.0,-62.08743
422206937.5,-62.18428
422207000.0,-61.95749
422207062.5,-62.0638
422207125.0,-62.05531
422207187.5,-62.03467
422207250.0,-61.98652
422207312.5,-62.15255
422207375.0,-62.17911
422207437.5,-62.19751
422207500.0,-62.11613
422207562.5,-62.12044
422207625.0,-62.09353
422207687.5,-62.0812
422207750.0,-62.16407
422207812.5,-62.0176
422207875.0,-62.11236
422207937.5,-62.10128
422208000.0,-62.08841
422208062.5,-62.17113
422208125.0,-62.01994
422208187.5,-62.1184
422208250.0,-62.01078
422208312.5,-61.94944
422208375.0,-62.14227
422208437.5,-62.17036
422208500.0,-62.3009
422208562.5,-62.0884
422208625.0,-62.16922
422208687.5,-62.19321
422208750.0,-62.07294
422208812.5,-62.10937
422208875.0,-61.99482
422208937.5,-62.02439
422209000.0,-62.10115
422209062.5,-62.15155
422209125.0,-62.03936
422209187.5,-61.91607
422209250.0,-61.95928
422209312.5,-62.06877
422209375.0,-62.23273
422209437.5,-62.09623
422209500.0,-62.12469
422209562.5,-62.22705
422209625.0,-62.05748
422209687.5,-62.13701
422209750.0,-62.14638
422209812.5,-62.22615
422209875.0,-62.20953
422209937.5,-62.26148
422210000.0,-62.24337
422210062.5,-62.18578
422210125.0,-62.05754
422210187.5,-62.00882
422210250.0,-62.18088
422210312.5,-62.12017
422210375.0,-62.05975
422210437.5,-62.03328
422210500.0,-62.1389
422210562.5,-62.02953
422210625.0,-62.12264
422210687.5,-62.06995
422210750.0,-62.19425
422210812.5,-62.16191
422210875.0,-62.11531
422210937.5,-62.2464
422211000.0,-62.08283
422211062.5,-62.12646
422211125.0,-62.22147
422211187.5,-62.10796
422211250.0,-62.20218
422211312.5,-62.15451
422211375.0,-62.04449
422211437.5,-62.14236
422211500.0,-61.97153
422211562.5,-62.1236
422211625.0,-62.10648
422211687.5,-61.99128
422211750.0,-62.03023
422211812.5,-62.10072
422211875.0,-61.99428
422211937.5,-62.09487
422212000.0,-62.07416
422212062.5,-62.09926
422212125.0,-62.05711
422212187.5,-62.13235
422212250.0,-62.08326
422212312.5,-62.07026
422212375.0,-62.16689
422212437.5,-62.08421
422212500.0,-61.99472
422212562.5,-62.17092
422212625.0,-62.02173
422212687.5,-62.14154
422212750.0,-62.07067
422212812.5,-62.11991
422212875.0,-62.02897
422212937.5,-62.08712
422213000.0,-62.02992
422213062.5,-61.97383
422213125.0,-61.98695
422213187.5,-62.19551
422213250.0,-62.07922
422213312.5,-62.11636
422213375.0,-62.08149
422213437.5,-61.97072
422213500.0,-62.03701
422213562.5,-62.24681
422213625.0,-61.97251
422213687.5,-61.976
422213750.0,-61.97774
422213812.5,-61.89072
422213875.0,-62.13513
422213937.5,-62.01005
422214000.0,-62.0158
422214062.5,-62.18026
422214125.0,-62.24377
422214187.5,-62.26788
422214250.0,-62.08859
422214312.5,-62.0466
422214375.0,-62.10297
422214437.5,-61.96597
422214500.0,-61.97783
422214562.5,-62.03034
422214625.0,-62.15965
422214687.5,-62.0228
422214750.0,-62.15941
422214812.5,-61.92299
422214875.0,-62.14489
422214937.5,-61.9955
422215000.0,-62.16745
422215062.5,-62.0476
422215125.0,-62.09828
422215187.5,-61.99232
422215250.0,-61.97862
422215312.5,-62.05512
422215375.0,-61.99231
422215437.5,-61.99294
422215500.0,-62.01262
422215562.5,-62.03884
422215625.0,-61.99228
422215687.5,-62.04382
422215750.0,-62.09189
422215812.5,-62.18178
422215875.0,-61.96889
422215937.5,-62.03947
422216000.0,-62.09623
422216062.5,-62.20255
422216125.0,-61.96555
422216187.5,-61.98343
422216250.0,-61.99546
422216312.5,-62.0479
422216375.0,-62.0857
422216437.5,-61.95678
422216500.0,-62.04099
422216562.5,-62.09003
422216625.0,-62.19115
422216687.5,-62.043
422216750.0,-62.1288
422216812.5,-62.10801
422216875.0,-62.05748
422216937.5,-62.06852
422217000.0,-62.21298
422217062.5,-61.99893
422217125.0,-62.07097
422217187.5,-61.97795
422217250.0,-61.99646
422217312.5,-62.0743
422217375.0,-62.12751
422217437.5,-62.12746
422217500.0,-62.02346
422217562.5,-62.11097
422217625.0,-61.8569
422217687.5,-61.95327
422217750.0,-61.95796
422217812.5,-62.07445
422217875.0,-62.01788
422217937.5,-62.10295
422218000.0,-62.06219
422218062.5,-62.02703
422218125.0,-61.96226
422218187.5,-62.04883
422218250.0,-61.936
422218312.5,-61.96623
422218375.0,-62.01835
422218437.5,-62.03525
422218500.0,-62.08881
422218562.5,-62.01294
422218625.0,-62.0955
422218687.5,-62.01725
422218750.0,-61.96531
422218812.5,-62.1134
422218875.0,-61.93945
422218937.5,-61.86615
422219000.0,-61.94279
422219062.5,-62.02673
422219125.0,-62.0837
422219187.5,-61.96802
422219250.0,-61.96775
422219312.5,-61.94975
422219375.0,-61.85068
422219437.5,-62.09096
422219500.0,-61.8753
422219562.5,-62.10959
422219625.0,-62.18311
422219687.5,-62.04335
422219750.0,-62.0439
422219812.5,-61.87542
422219875.0,-61.99841
422219937.5,-61.9198
422220000.0,-61.9519
422220062.5,-62.1125
422220125.0,-61.98921
422220187.5,-62.00489
422220250.0,-62.0042
422220312.5,-62.00823
422220375.0,-62.02227
422220437.5,-62.01605
422220500.0,-61.9538
422220562.5,-62.12167
422220625.0,-61.90289
422220687.5,-62.0072
422220750.0,-61.99177
422220812.5,-62.12052
422220875.0,-61.93652
422220937.5,-61.99297
422221000.0,-61.88842
422221062.5,-61.96386
422221125.0,-61.91331
422221187.5,-61.93565
422221250.0,-61.99168
422221312.5,-61.9133
422221375.0,-62.04697
422221437.5,-62.15582
422221500.0,-62.03994
422221562.5,-62.05991
422221625.0,-61.9078
422221687.5,-61.89232
422221750.0,-62.03521
422221812.5,-61.952
422221875.0,-61.86134
422221937.5,-61.8808
422222000.0,-61.99546
422222062.5,-62.06528
422222125.0,-61.98444
422222187.5,-61.81445
422222250.0,-62.05576
422222312.5,-62.01759
422222375.0,-61.78767
422222437.5,-61.84171
422222500.0,-62.00775
422222562.5,-62.09768
422222625.0,-62.10456
422222687.5,-62.00782
422222750.0,-62.08593
422222812.5,-62.05703
422222875.0,-61.99762
422222937.5,-61.96914
422223000.0,-61.91897
422223062.5,-61.91076
422223125.0,-61.90217
422223187.5,-61.99174
422223250.0,-61.95917
422223312.5,-61.90021
422223375.0,-61.91133
422223437.5,-62.14294
422223500.0,-61.85485
422223562.5,-61.89259
422223625.0,-62.06924
422223687.5,-61.89198
422223750.0,-61.94082
422223812.5,-62.2487
422223875.0,-61.9949
422223937.5,-61.9614
422224000.0,-62.02067
422224062.5,-61.98896
422224125.0,-61.93514
422224187.5,-61.97063
422224250.0,-62.02079
422224312.5,-61.91424
422224375.0,-61.95646
422224437.5,-62.04984
422224500.0,-61.91172
422224562.5,-61.88677
422224625.0,-61.99308
422224687.5,-62.07018
422224750.0,-62.20456
422224812.5,-61.88913
422224875.0,-61.89916
422224937.5,-62.00084
422225000.0,-61.97478
422225062.5,-62.01947
422225125.0,-61.93307
422225187.5,-62.04696
422225250.0,-62.07116
422225312.5,-61.90274
422225375.0,-61.93095
422225437.5,-61.85931
422225500.0,-61.79503
422225562.5,-61.97925
422225625.0,-61.92512
422225687.5,-62.10395
422225750.0,-62.20017
422225812.5,-62.05294
422225875.0,-61.9758
422225937.5,-61.8353
422226000.0,-62.05425
422226062.5,-61.90014
422226125.0,-61.76829
422226187.5,-61.84169
422226250.0,-61.96049
422226312.5,-62.04995
422226375.0,-62.12134
422226437.5,-61.90892
422226500.0,-61.94322
422226562.5,-61.83027
422226625.0,-62.10556
422226687.5,-61.82375
422226750.0,-62.03714
422226812.5,-62.02038
422226875.0,-61.93654
422226937.5,-61.98571
422227000.0,-61.86886
422227062.5,-61.86389
422227125.0,-61.97123
422227187.5,-61.85646
422227250.0,-61.99707
422227312.5,-61.85506
422227375.0,-61.92706
422227437.5,-61.84843
422227500.0,-62.07758
422227562.5,-62.06028
422227625.0,-61.91697
422227687.5,-62.04541
422227750.0,-62.02309
422227812.5,-61.92599
422227875.0,-61.89362
422227937.5,-61.94362
422228000.0,-61.93793
422228062.5,-62.01524
422228125.0,-62.02045
422228187.5,-61.89137
422228250.0,-61.90466
422228312.5,-61.91126
422228375.0,-61.85795
422228437.5,-61.87094
422228500.0,-61.93894
422228562.5,-61.88799
422228625.0,-61.92513
422228687.5,-61.94651
422228750.0,-62.03622
422228812.5,-61.93649
422228875.0,-62.05164
422228937.5,-61.92835
422229000.0,-61.90726
422229062.5,-61.74176
422229125.0,-61.83655
422229187.5,-61.76204
422229250.0,-61.87099
422229312.5,-61.92864
422229375.0,-61.92118
422229437.5,-61.75324
422229500.0,-61.93573
422229562.5,-61.95552
422229625.0,-61.99638
422229687.5,-62.12201
422229750.0,-62.01419
422229812.5,-61.73651
422229875.0,-61.90345
422229937.5,-61.87909
422230000.0,-61.95535
422230062.5,-61.81361
422230125.0,-61.99639
422230187.5,-61.98128
422230250.0,-61.79446
422230312.5,-62.00873
422230375.0,-61.98994
422230437.5,-61.90163
422230500.0,-61.93809
422230562.5,-61.72005
422230625.0,-61.82549
422230687.5,-61.96138
422230750.0,-61.7766
422230812.5,-62.11995
422230875.0,-61.90352
422230937.5,-61.9533
422231000.0,-61.98445
422231062.5,-61.82969
422231125.0,-61.92091
422231187.5,-61.85941
422231250.0,-61.84121
422231312.5,-61.91765
422231375.0,-61.97184
422231437.5,-61.9587
422231500.0,-61.89528
422231562.5,-61.86119
422231625.0,-61.77988
422231687.5,-61.85741
422231750.0,-61.8853
422231812.5,-61.86979
422231875.0,-61.83844
422231937.5,-61.999
422232000.0,-61.94767
422232062.5,-61.87118
422232125.0,-61.97393
422232187.5,-61.79067
422232250.0,-61.89875
422232312.5,-61.73037
422232375.0,-61.90245
422232437.5,-61.93025
422232500.0,-61.88937
422232562.5,-62.05435
422232625.0,-61.96184
422232687.5,-61.97944
422232750.0,-61.85515
422232812.5,-61.94446
422232875.0,-61.93237
422232937.5,-61.93772
422233000.0,-61.88207
422233062.5,-61.86571
422233125.0,-61.96489
422233187.5,-61.71849
422233250.0,-61.98841
422233312.5,-61.79615
422233375.0,-61.92135
422233437.5,-61.76339
422233500.0,-61.9771
422233562.5,-61.77766
422233625.0,-62.05635
422233687.5,-61.87994
422233750.0,-61.94001
422233812.5,-61.86078
422233875.0,-61.99155
422233937.5,-61.85916
422234000.0,-61.98791
422234062.5,-61.83648
422234125.0,-61.78213
422234187.5,-61.93708
422234250.0,-61.82723
422234312.5,-61.88094
422234375.0,-61.95124
422234437.5,-61.93512
422234500.0,-61.80684
422234562.5,-61.95886
422234625.0,-61.9359
422234687.5,-61.71549
422234750.0,-61.91777
422234812.5,-61.69572
422234875.0,-61.95144
422234937.5,-61.82872
422235000.0,-61.91856
422235062.5,-61.8455
422235125.0,-61.74207
422235187.5,-61.87744
422235250.0,-61.82956
422235312.5,-61.92329
422235375.0,-61.87223
422235437.5,-61.82302
422235500.0,-61.869
422235562.5,-61.82505
422235625.0,-61.97791
422235687.5,-61.90107
422235750.0,-61.799
422235812.5,-61.90232
422235875.0,-61.78819
422235937.5,-61.79939
422236000.0,-61.86879
422236062.5,-61.97983
422236125.0,-61.75871
422236187.5,-61.92899
422236250.0,-62.02285
422236312.5,-61.80035
422236375.0,-61.83644
422236437.5,-61.83791
422236500.0,-61.76834
422236562.5,-61.91705
422236625.0,-61.88573
422236687.5,-61.95085
422236750.0,-61.8774
422236812.5,-61.95065
422236875.0,-61.84348
422236937.5,-61.77618
422237000.0,-61.8229
422237062.5,-61.80907
422237125.0,-61.83546
422237187.5,-61.83273
422237250.0,-61.86161
422237312.5,-61.86496
422237375.0,-61.88839
422237437.5,-61.79995
422237500.0,-61.85184
422237562.5,-61.88548
422237625.0,-61.85133
422237687.5,-61.89671
422237750.0,-61.792
422237812.5,-61.7689
422237875.0,-61.90794
422237937.5,-61.77326
422238000.0,-61.8872
422238062.5,-61.8296
422238125.0,-61.67868
422238187.5,-61.83735
422238250.0,-61.76727
422238312.5,-61.66569
422238375.0,-61.71947
422238437.5,-61.89326
422238500.0,-61.92231
422238562.5,-61.93122
422238625.0,-61.8984
422238687.5,-61.85979
422238750.0,-61.7066
422238812.5,-61.81114
422238875.0,-61.94708
422238937.5,-61.93265
422239000.0,-61.84496
422239062.5,-61.87377
422239125.0,-61.86129
422239187.5,-61.9746
422239250.0,-61.87884
422239312.5,-61.85247
422239375.0,-61.86395
422239437.5,-61.81715
422239500.0,-61.79984
422239562.5,-61.82194
422239625.0,-61.97591
422239687.5,-61.82507
422239750.0,-61.88975
422239812.5,-61.84405
422239875.0,-61.73579
422239937.5,-61.90129
422240000.0,-61.66552
422240062.5,-61.95608
422240125.0,-61.77642
422240187.5,-61.62566
422240250.0,-61.70662
422240312.5,-61.8333
422240375.0,-61.68528
422240437.5,-61.81169
422240500.0,-61.85574
422240562.5,-61.75507
422240625.0,-61.80252
422240687.5,-61.73654
422240750.0,-61.82506
422240812.5,-61.83861
422240875.0,-61.73293
422240937.5,-61.92701
422241000.0,-61.6803
422241062.5,-61.86232
422241125.0,-61.8418
422241187.5,-61.86581
422241250.0,-61.82301
422241312.5,-61.85693
422241375.0,-61.79408
422241437.5,-61.81726
422241500.0,-61.70652
422241562.5,-61.85953
422241625.0,-61.78624
422241687.5,-61.76802
422241750.0,-61.74287
422241812.5,-61.79229
422241875.0,-61.82942
422241937.5,-61.83851
422242000.0,-61.81866
422242062.5,-61.75923
422242125.0,-61.841
422242187.5,-61.77937
422242250.0,-61.80764
422242312.5,-61.75371
422242375.0,-61.75456
422242437.5,-61.77018
422242500.0,-61.64173
422242562.5,-61.85563
422242625.0,-61.68777
422242687.5,-61.65445
422242750.0,-61.80606
422242812.5,-61.77778
422242875.0,-61.82333
422242937.5,-61.76202
422243000.0,-61.78432
422243062.5,-61.70907
422243125.0,-61.86856
422243187.5,-61.77227
422243250.0,-61.6211
422243312.5,-61.66093
422243375.0,-61.95554
422243437.5,-61.66304
422243500.0,-61.79335
422243562.5,-61.66549
422243625.0,-61.89369
422243687.5,-61.85064
422243750.0,-61.80003
422243812.5,-61.64047
422243875.0,-61.74564
422243937.5,-61.69777
422244000.0,-61.71223
422244062.5,-61.71736
422244125.0,-61.75665
422244187.5,-61.88876
422244250.0,-61.73863
422244312.5,-61.71294
422244375.0,-61.75006
422244437.5,-61.84502
422244500.0,-61.88835
422244562.5,-61.80577
422244625.0,-61.80733
422244687.5,-61.7199
422244750.0,-61.87548
422244812.5,-61.60045
422244875.0,-61.77288
422244937.5,-61.76937
422245000.0,-61.69192
422245062.5,-61.70818
422245125.0,-61.71932
422245187.5,-61.75634
422245250.0,-61.84088
422245312.5,-61.65347
422245375.0,-61.85181
422245437.5,-61.70356
422245500.0,-61.71793
422245562.5,-61.84258
422245625.0,-61.87352
422245687.5,-61.73522
422245750.0,-61.76989
422245812.5,-61.74628
422245875.0,-61.7374
422245937.5,-61.89538
422246000.0,-61.67706
422246062.5,-61.72755
422246125.0,-61.721
422246187.5,-61.56918
422246250.0,-61.67284
422246312.5,-61.91941
422246375.0,-61.70453
422246437.5,-61.9068
422246500.0,-61.64609
422246562.5,-61.81917
422246625.0,-61.63845
422246687.5,-61.49391
422246750.0,-61.7559
422246812.5,-61.70277
422246875.0,-61.77875
422246937.5,-61.83304
422247000.0,-61.72009
422247062.5,-61.77926
422247125.0,-61.77416
422247187.5,-61.84563
422247250.0,-61.65381
422247312.5,-61.72791
422247375.0,-61.76077
422247437.5,-61.65092
422247500.0,-61.62598
422247562.5,-61.63281
422247625.0,-61.66401
422247687.5,-61.52021
422247750.0,-61.61711
422247812.5,-61.62497
422247875.0,-61.7578
422247937.5,-61.71181
422248000.0,-61.7957
422248062.5,-61.77981
422248125.0,-61.76926
422248187.5,-61.73227
422248250.0,-61.69137
422248312.5,-61.63374
422248375.0,-61.71789
422248437.5,-61.60476
422248500.0,-61.73582
422248562.5,-61.65423
422248625.0,-61.70055
422248687.5,-61.74699
422248750.0,-61.68643
422248812.5,-61.65179
422248875.0,-61.64124
422248937.5,-61.64857
422249000.0,-61.80099
422249062.5,-61.72063
422249125.0,-61.71672
422249187.5,-61.8392
422249250.0,-61.70822
422249312.5,-61.59712
422249375.0,-61.74838
422249437.5,-61.85137
422249500.0,-61.73793
422249562.5,-61.6443
422249625.0,-61.7364
422249687.5,-61.71407
422249750.0,-61.68904
422249812.5,-61.67776
422249875.0,-61.81707
422249937.5,-61.65751
422250000.0,-61.92904
422250062.5,-61.80457
422250125.0,-61.69165
422250187.5,-61.70967
422250250.0,-61.6706
422250312.5,-61.72836
422250375.0,-61.85749
422250437.5,-61.63161
422250500.0,-61.61414
422250562.5,-61.81792
422250625.0,-61.69009
422250687.5,-61.71516
422250750.0,-61.83002
422250812.5,-61.66969
422250875.0,-61.65083
422250937.5,-61.66374
422251000.0,-61.6422
422251062.5,-61.77873
422251125.0,-61.65009
422251187.5,-61.73364
422251250.0,-61.68054
422251312.5,-61.71217
422251375.0,-61.77373
422251437.5,-61.6259
422251500.0,-61.72195
422251562.5,-61.75077
422251625.0,-61.7332
422251687.5,-61.7384
422251750.0,-61.71362
422251812.5,-61.74577
422251875.0,-61.63111
422251937.5,-61.74125
422252000.0,-61.67489
422252062.5,-61.77459
422252125.0,-61.77233
422252187.5,-61.65945
422252250.0,-61.65963
422252312.5,-61.78132
422252375.0,-61.57898
422252437.5,-61.6116
422252500.0,-61.64926
422252562.5,-61.72104
422252625.0,-61.70138
422252687.5,-61.7804
422252750.0,-61.63822
422252812.5,-61.65844
422252875.0,-61.71955
422252937.5,-61.81028
422253000.0,-61.77977
422253062.5,-61.60489
422253125.0,-61.69153
422253187.5,-61.65717
422253250.0,-61.73698
422253312.5,-61.57121
422253375.0,-61.58869
422253437.5,-61.749
422253500.0,-61.63884
422253562.5,-61.707
422253625.0,-61.59384
422253687.5,-61.67082
422253750.0,-61.66233
422253812.5,-61.60102
422253875.0,-61.68163
422253937.5,-61.77441
422254000.0,-61.7118
422254062.5,-61.60319
422254125.0,-61.57095
422254187.5,-61.68486
422254250.0,-61.57734
422254312.5,-61.61868
422254375.0,-61.57355
422254437.5,-61.63795
422254500.0,-61.68359
422254562.5,-61.60117
422254625.0,-61.70819
422254687.5,-61.66846
422254750.0,-61.58466
422254812.5,-61.64012
422254875.0,-61.63896
422254937.5,-61.67759
422255000.0,-61.72397
422255062.5,-61.71647
422255125.0,-61.47886
422255187.5,-61.67486
422255250.0,-61.79474
422255312.5,-61.5947
422255375.0,-61.6854
422255437.5,-61.58988
422255500.0,-61.70238
422255562.5,-61.83575
422255625.0,-61.56086
422255687.5,-61.62949
422255750.0,-61.66629
422255812.5,-61.71668
422255875.0,-61.71216
422255937.5,-61.60438
422256000.0,-61.70004
422256062.5,-61.83067
422256125.0,-61.68914
422256187.5,-61.72741
422256250.0,-61.7088
422256312.5,-61.66572
422256375.0,-61.58933
422256437.5,-61.63109
422256500.0,-61.61217
422256562.5,-61.53115
422256625.0,-61.67635
422256687.5,-61.59082
422256750.0,-61.5134
422256812.5,-61.64075
422256875.0,-61.65705
422256937.5,-61.65306
422257000.0,-61.57455
422257062.5,-61.5114
422257125.0,-61.7095
422257187.5,-61.60544
422257250.0,-61.63684
422257312.5,-61.65226
422257375.0,-61.7534
422257437.5,-61.57632
422257500.0,-61.61284
422257562.5,-61.74982
422257625.0,-61.54123
422257687.5,-61.54258
422257750.0,-61.58572
422257812.5,-61.52861
422257875.0,-61.79415
422257937.5,-61.55154
422258000.0,-61.47423
422258062.5,-61.54964
422258125.0,-61.86586
422258187.5,-61.53333
422258250.0,-61.72343
422258312.5,-61.67217
422258375.0,-61.58854
422258437.5,-61.56323
422258500.0,-61.49994
422258562.5,-61.67091
422258625.0,-61.67078
422258687.5,-61.50521
422258750.0,-61.66238
422258812.5,-61.65613
422258875.0,-61.48795
422258937.5,-61.59431
422259000.0,-61.71389
422259062.5,-61.42239
422259125.0,-61.55659
422259187.5,-61.74701
422259250.0,-61.64988
422259312.5,-61.67466
422259375.0,-61.70927
422259437.5,-61.70155
422259500.0,-61.76442
422259562.5,-61.6694
422259625.0,-61.68381
422259687.5,-61.70608
422259750.0,-61.60666
422259812.5,-61.62254
422259875.0,-61.73763
422259937.5,-61.64358
422260000.0,-61.62537
422260062.5,-61.64015
422260125.0,-61.86776
422260187.5,-61.605
422260250.0,-61.59323
422260312.5,-61.62797
422260375.0,-61.74204
422260437.5,-61.6305
422260500.0,-61.60075
422260562.5,-61.70992
422260625.0,-61.67167
422260687.5,-61.70812
422260750.0,-61.68214
422260812.5,-61.60781
422260875.0,-61.61025
422260937.5,-61.63008
422261000.0,-61.59217
422261062.5,-61.50218
422261125.0,-61.65477
422261187.5,-61.64384
422261250.0,-61.58096
422261312.5,-61.49712
422261375.0,-61.71464
422261437.5,-61.6819
422261500.0,-61.54882
422261562.5,-61.60404
422261625.0,-61.71118
422261687.5,-61.57619
422261750.0,-61.72447
422261812.5,-61.65506
422261875.0,-61.54935
422261937.5,-61.50896
422262000.0,-61.55182
422262062.5,-61.55587
422262125.0,-61.63157
422262187.5,-61.60463
422262250.0,-61.5878
422262312.5,-61.47803
422262375.0,-61.48893
422262437.5,-61.60153
422262500.0,-61.64757
422262562.5,-61.71124
422262625.0,-61.64467
422262687.5,-61.62379
422262750.0,-61.59697
422262812.5,-61.47609
422262875.0,-61.55038
422262937.5,-61.59354
422263000.0,-61.51337
422263062.5,-61.63803
422263125.0,-61.60368
422263187.5,-61.63673
422263250.0,-61.44058
422263312.5,-61.60254
422263375.0,-61.63877
422263437.5,-61.61267
422263500.0,-61.58507
422263562.5,-61.58348
422263625.0,-61.48429
422263687.5,-61.4918
422263750.0,-61.61031
422263812.5,-61.62914
422263875.0,-61.6959
422263937.5,-61.55662
422264000.0,-61.50768
422264062.5,-61.47927
422264125.0,-61.64349
422264187.5,-61.48022
422264250.0,-61.50135
422264312.5,-61.63999
422264375.0,-61.56676
422264437.5,-61.49389
422264500.0,-61.6304
422264562.5,-61.64144
422264625.0,-61.4962
422264687.5,-61.5787
422264750.0,-61.67026
422264812.5,-61.56011
422264875.0,-61.50385
422264937.5,-61.52135
422265000.0,-61.49281
422265062.5,-61.42256
422265125.0,-61.54746
422265187.5,-61.52028
422265250.0,-61.72559
422265312.5,-61.54683
422265375.0,-61.55539
422265437.5,-61.66214
422265500.0,-61.61633
422265562.5,-61.53173
422265625.0,-61.62617
422265687.5,-61.68813
422265750.0,-61.47903
422265812.5,-61.51486
422265875.0,-61.42858
422265937.5,-61.59296
422266000.0,-61.60595
422266062.5,-61.53667
422266125.0,-61.51939
422266187.5,-61.53716
422266250.0,-61.48822
422266312.5,-61.46757
422266375.0,-61.68633
422266437.5,-61.52639
422266500.0,-61.47868
422266562.5,-61.57707
422266625.0,-61.5391
422266687.5,-61.46077
422266750.0,-61.47586
422266812.5,-61.64039
422266875.0,-61.47573
422266937.5,-61.44669
422267000.0,-61.53089
422267062.5,-61.54817
422267125.0,-61.76513
422267187.5,-61.57902
422267250.0,-61.53204
422267312.5,-61.45551
422267375.0,-61.63239
422267437.5,-61.46841
422267500.0,-61.47977
422267562.5,-61.30835
422267625.0,-61.5755
422267687.5,-61.66661
422267750.0,-61.52989
422267812.5,-61.53365
422267875.0,-61.56888
422267937.5,-61.57812
422268000.0,-61.65285
422268062.5,-61.52366
422268125.0,-61.51379
422268187.5,-61.57346
422268250.0,-61.42935
422268312.5,-61.58411
422268375.0,-61.57963
422268437.5,-61.47608
422268500.0,-61.6238
422268562.5,-61.56553
422268625.0,-61.44926
422268687.5,-61.51586
422268750.0,-61.42332
422268812.5,-61.56796
422268875.0,-61.64383
422268937.5,-61.62882
422269000.0,-61.50094
422269062.5,-61.44149
422269125.0,-61.38143
422269187.5,-61.53906
422269250.0,-61.32932
422269312.5,-61.57072
422269375.0,-61.54742
422269437.5,-61.51725
422269500.0,-61.47644
422269562.5,-61.47597
422269625.0,-61.53888
422269687.5,-61.52448
422269750.0,-61.47357
422269812.5,-61.50127
422269875.0,-61.53577
422269937.5,-61.4695
422270000.0,-61.33797
422270062.5,-61.4184
422270125.0,-61.51199
422270187.5,-61.37404
422270250.0,-61.50873
422270312.5,-61.41716
422270375.0,-61.51932
422270437.5,-61.41545
422270500.0,-61.43122
422270562.5,-61.57592
422270625.0,-61.58969
422270687.5,-61.49951
422270750.0,-61.55552
422270812.5,-61.32601
422270875.0,-61.57434
422270937.5,-61.45625
422271000.0,-61.58305
422271062.5,-61.4659
422271125.0,-61.42995
422271187.5,-61.44835
422271250.0,-61.57677
422271312.5,-61.54765
422271375.0,-61.47598
422271437.5,-61.32078
422271500.0,-61.49743
422271562.5,-61.52644
422271625.0,-61.28337
422271687.5,-61.49604
422271750.0,-61.61688
422271812.5,-61.36638
422271875.0,-61.47061
422271937.5,-61.60084
422272000.0,-61.54212
422272062.5,-61.39506
422272125.0,-61.3583
422272187.5,-61.70092
422272250.0,-61.52736
422272312.5,-61.46035
422272375.0,-61.46362
422272437.5,-61.48458
422272500.0,-61.46067
422272562.5,-61.59568
422272625.0,-61.45941
422272687.5,-61.47084
422272750.0,-61.54758
422272812.5,-61.43537
422272875.0,-61.52524
422272937.5,-61.40151
422273000.0,-61.49349
422273062.5,-61.5464
422273125.0,-61.51925
422273187.5,-61.52984
422273250.0,-61.45961
422273312.5,-61.55021
422273375.0,-61.67068
422273437.5,-61.38049
422273500.0,-61.57105
422273562.5,-61.44324
422273625.0,-61.69267
422273687.5,-61.68924
422273750.0,-61.54276
422273812.5,-61.36963
422273875.0,-61.43458
422273937.5,-61.30129
422274000.0,-61.3101
422274062.5,-61.49478
422274125.0,-61.45945
422274187.5,-61.42674
422274250.0,-61.53976
422274312.5,-61.52433
422274375.0,-61.41909
422274437.5,-61.56219
422274500.0,-61.53875
422274562.5,-61.3956
422274625.0,-61.5463
422274687.5,-61.45903
422274750.0,-61.47528
422274812.5,-61.29545
422274875.0,-61.41089
422274937.5,-61.45494
422275000.0,-61.3982
422275062.5,-61.53088
422275125.0,-61.41423
422275187.5,-61.43217
422275250.0,-61.51036
422275312.5,-61.36778
422275375.0,-61.54691
422275437.5,-61.41077
422275500.0,-61.42205
422275562.5,-61.42271
422275625.0,-61.59948
422275687.5,-61.30825
422275750.0,-61.39624
422275812.5,-61.52119
422275875.0,-61.40971
422275937.5,-61.46756
422276000.0,-61.44228
422276062.5,-61.45497
422276125.0,-61.445
422276187.5,-61.3485
422276250.0,-61.53315
422276312.5,-61.25789
422276375.0,-61.44245
422276437.5,-61.43195
422276500.0,-61.54445
422276562.5,-61.33433
422276625.0,-61.48181
422276687.5,-61.43903
422276750.0,-61.44237
422276812.5,-61.4243
422276875.0,-61.37402
422276937.5,-61.41393
422277000.0,-61.33292
422277062.5,-61.46139
422277125.0,-61.49204
422277187.5,-61.43537
422277250.0,-61.46826
422277312.5,-61.394
422277375.0,-61.48475
422277437.5,-61.46861
422277500.0,-61.34142
422277562.5,-61.39497
422277625.0,-61.50341
422277687.5,-61.48434
422277750.0,-61.30853
422277812.5,-61.53179
422277875.0,-61.4422
422277937.5,-61.44953
422278000.0,-61.51139
422278062.5,-61.32997
422278125.0,-61.39205
422278187.5,-61.36294
422278250.0,-61.40862
422278312.5,-61.25444
422278375.0,-61.27048
422278437.5,-61.41605
422278500.0,-61.39669
422278562.5,-61.40738
422278625.0,-61.36891
422278687.5,-61.35733
422278750.0,-61.51139
422278812.5,-61.45469
422278875.0,-61.44934
422278937.5,-61.47952
422279000.0,-61.33542
422279062.5,-61.35295
422279125.0,-61.39915
422279187.5,-61.5063
422279250.0,-61.32613
422279312.5,-61.42838
422279375.0,-61.43739
422279437.5,-61.37156
422279500.0,-61.40012
422279562.5,-61.46735
422279625.0,-61.42527
422279687.5,-61.44986
422279750.0,-61.42488
422279812.5,-61.4039
422279875.0,-61.2929
422279937.5,-61.47058
422280000.0,-61.38756
422280062.5,-61.41381
422280125.0,-61.2844
422280187.5,-61.52279
422280250.0,-61.4388
422280312.5,-61.40504
422280375.0,-61.23537
422280437.5,-61.42659
422280500.0,-61.36447
422280562.5,-61.39369
422280625.0,-61.37049
422280687.5,-61.45744
422280750.0,-61.41221
422280812.5,-61.30796
422280875.0,-61.31882
422280937.5,-61.49223
422281000.0,-61.44907
422281062.5,-61.27484
422281125.0,-61.36292
422281187.5,-61.30247
422281250.0,-61.39394
422281312.5,-61.49664
422281375.0,-61.45336
422281437.5,-61.46251
422281500.0,-61.31105
422281562.5,-61.32692
422281625.0,-61.31733
422281687.5,-61.54698
422281750.0,-61.30234
422281812.5,-61.34829
422281875.0,-61.3587
422281937.5,-61.35736
422282000.0,-61.3105
422282062.5,-61.36981
422282125.0,-61.49954
422282187.5,-61.29946
422282250.0,-61.38098
422282312.5,-61.57994
422282375.0,-61.38655
422282437.5,-61.43504
422282500.0,-61.34088
422282562.5,-61.38924
422282625.0,-61.46515
422282687.5,-61.28086
422282750.0,-61.25973
422282812.5,-61.33046
422282875.0,-61.37586
422282937.5,-61.37057
422283000.0,-61.39373
422283062.5,-61.4436
422283125.0,-61.38721
422283187.5,-61.38669
422283250.0,-61.37368
422283312.5,-61.30913
422283375.0,-61.464
422283437.5,-61.4209
422283500.0,-61.22567
422283562.5,-61.39005
422283625.0,-61.35493
422283687.5,-61.15858
422283750.0,-61.40989
422283812.5,-61.3602
422283875.0,-61.44908
422283937.5,-61.30867
422284000.0,-61.22751
422284062.5,-61.17997
422284125.0,-61.53611
422284187.5,-61.4763
422284250.0,-61.35162
422284312.5,-61.4341
422284375.0,-61.32912
422284437.5,-61.33247
422284500.0,-61.35397
422284562.5,-61.46502
422284625.0,-61.342
422284687.5,-61.40497
422284750.0,-61.38282
422284812.5,-61.2903
422284875.0,-61.30165
422284937.5,-61.40542
422285000.0,-61.28749
422285062.5,-61.32977
422285125.0,-61.40565
422285187.5,-61.39508
422285250.0,-61.38012
422285312.5,-61.39958
422285375.0,-61.3403
422285437.5,-61.3317
422285500.0,-61.48664
422285562.5,-61.41894
422285625.0,-61.52593
422285687.5,-61.28955
422285750.0,-61.34243
422285812.5,-61.31089
422285875.0,-61.21011
422285937.5,-61.41097
422286000.0,-61.37806
422286062.5,-61.29193
422286125.0,-61.21013
422286187.5,-61.36366
422286250.0,-61.40221
422286312.5,-61.42813
422286375.0,-61.38331
422286437.5,-61.26229
422286500.0,-61.40848
422286562.5,-61.24051
422286625.0,-61.18808
422286687.5,-61.48054
422286750.0,-61.26348
422286812.5,-61.40359
422286875.0,-61.16304
422286937.5,-61.27233
422287000.0,-61.39917
422287062.5,-61.17669
422287125.0,-61.4056
422287187.5,-61.24414
422287250.0,-61.29595
422287312.5,-61.30024
422287375.0,-61.29063
422287437.5,-61.3928
422287500.0,-61.35862
422287562.5,-61.40166
422287625.0,-61.31537
422287687.5,-61.44077
422287750.0,-61.26522
422287812.5,-61.21188
422287875.0,-61.30959
422287937.5,-61.28493
422288000.0,-61.28486
422288062.5,-61.276
422288125.0,-61.46119
422288187.5,-61.27569
422288250.0,-61.40967
422288312.5,-61.33569
422288375.0,-61.44136
422288437.5,-61.4621
422288500.0,-61.22455
422288562.5,-61.20575
422288625.0,-61.36168
422288687.5,-61.30575
422288750.0,-61.21884
422288812.5,-61.39801
422288875.0,-61.3098
422288937.5,-61.27172
422289000.0,-61.24866
422289062.5,-61.20671
422289125.0,-61.38089
422289187.5,-61.29383
422289250.0,-61.32453
422289312.5,-61.13325
422289375.0,-61.36532
422289437.5,-61.41091
422289500.0,-61.31316
422289562.5,-61.23579
422289625.0,-61.23539
422289687.5,-61.24518
422289750.0,-61.27219
422289812.5,-61.29781
422289875.0,-61.38848
422289937.5,-61.40332
422290000.0,-61.29102
422290062.5,-61.17853
422290125.0,-61.31319
422290187.5,-61.30857
422290250.0,-61.2809
422290312.5,-61.31828
422290375.0,-61.1219
422290437.5,-61.41489
422290500.0,-61.27017
422290562.5,-61.21978
422290625.0,-61.31519
422290687.5,-61.35452
422290750.0,-61.33297
422290812.5,-61.28355
422290875.0,-61.19465
422290937.5,-61.19271
422291000.0,-61.25978
422291062.5,-61.28195
422291125.0,-61.27721
422291187.5,-61.29035
422291250.0,-61.38345
422291312.5,-61.29248
422291375.0,-61.28022
422291437.5,-61.1954
422291500.0,-61.29739
422291562.5,-61.32982
422291625.0,-61.24805
422291687.5,-61.26335
422291750.0,-61.22058
422291812.5,-61.23071
422291875.0,-61.21997
422291937.5,-61.36552
422292000.0,-61.13327
422292062.5,-61.35208
422292125.0,-61.2707
422292187.5,-61.31718
422292250.0,-61.25668
422292312.5,-61.2576
422292375.0,-61.28783
422292437.5,-61.27588
422292500.0,-61.26682
422292562.5,-61.33162
422292625.0,-61.19505
422292687.5,-61.28283
422292750.0,-61.28107
422292812.5,-61.50779
422292875.0,-61.26672
422292937.5,-61.27507
422293000.0,-61.26807
422293062.5,-61.27829
422293125.0,-61.22419
422293187.5,-61.19808
422293250.0,-61.22989
422293312.5,-61.36216
422293375.0,-61.37718
422293437.5,-61.17115
422293500.0,-61.30126
422293562.5,-61.23754
422293625.0,-61.22128
422293687.5,-61.24966
422293750.0,-61.27956
422293812.5,-61.32489
422293875.0,-61.25784
422293937.5,-61.35808
422294000.0,-61.32447
422294062.5,-61.19512
422294125.0,-61.27434
422294187.5,-61.28997
422294250.0,-61.27166
422294312.5,-61.23685
422294375.0,-61.38067
422294437.5,-61.27691
422294500.0,-61.3343
422294562.5,-61.17823
422294625.0,-61.17779
422294687.5,-61.2701
422294750.0,-61.32522
422294812.5,-61.13174
422294875.0,-61.27781
422294937.5,-61.25636
422295000.0,-61.28635
422295062.5,-61.28652
422295125.0,-61.16783
422295187.5,-61.21162
422295250.0,-61.20907
422295312.5,-61.29436
422295375.0,-61.22828
422295437.5,-61.19388
422295500.0,-61.24442
422295562.5,-61.33809
422295625.0,-61.23297
422295687.5,-61.23709
422295750.0,-61.35262
422295812.5,-61.24395
422295875.0,-61.31652
422295937.5,-61.17733
422296000.0,-61.32243
422296062.5,-61.27901
422296125.0,-61.38072
422296187.5,-61.19849
422296250.0,-61.32289
422296312.5,-61.1725
422296375.0,-61.27261
422296437.5,-61.12648
422296500.0,-61.32109
422296562.5,-61.25204
422296625.0,-61.20621
422296687.5,-61.28169
422296750.0,-61.26304
422296812.5,-61.21898
422296875.0,-61.32661
422296937.5,-61.26504
422297000.0,-61.14193
422297062.5,-61.18143
422297125.0,-61.25389
422297187.5,-61.44383
422297250.0,-61.2412
422297312.5,-61.28234
422297375.0,-61.2937
422297437.5,-61.23262
422297500.0,-61.22798
422297562.5,-61.31062
422297625.0,-61.19664
422297687.5,-61.26526
422297750.0,-61.17302
422297812.5,-61.22902
422297875.0,-61.31505
422297937.5,-61.29849
422298000.0,-61.2625
422298062.5,-61.33242
422298125.0,-61.17845
422298187.5,-61.16344
422298250.0,-61.19629
422298312.5,-61.15879
422298375.0,-61.14893
422298437.5,-61.3623
422298500.0,-61.13364
422298562.5,-61.16188
422298625.0,-61.33843
422298687.5,-61.23482
422298750.0,-61.23752
422298812.5,-61.2577
422298875.0,-61.11011
422298937.5,-61.22804
422299000.0,-61.17287
422299062.5,-61.17734
422299125.0,-61.35522
422299187.5,-61.19028
422299250.0,-61.23172
422299312.5,-61.17473
422299375.0,-61.19248
422299437.5,-61.21115
422299500.0,-60.97932
422299562.5,-61.20848
422299625.0,-61.28463
422299687.5,-61.16505
422299750.0,-61.28783
422299812.5,-61.1998
422299875.0,-61.20451
422299937.5,-61.16018
422300000.0,-61.12745
422300062.5,-61.26447
422300125.0,-61.22189
422300187.5,-61.18781
422300250.0,-61.11807
422300312.5,-61.31867
422300375.0,-61.13408
422300437.5,-61.21383
422300500.0,-61.17062
422300562.5,-61.20802
422300625.0,-61.16601
422300687.5,-61.27897
422300750.0,-61.07969
422300812.5,-61.2584
422300875.0,-61.2117
422300937.5,-61.29106
422301000.0,-61.11183
422301062.5,-61.27985
422301125.0,-61.19704
422301187.5,-61.15655
422301250.0,-61.17968
422301312.5,-61.08446
422301375.0,-61.33106
422301437.5,-61.2031
422301500.0,-61.213
422301562.5,-61.3044
422301625.0,-61.06984
422301687.5,-61.02834
422301750.0,-61.15537
422301812.5,-61.17157
422301875.0,-61.27012
422301937.5,-61.24229
422302000.0,-61.20737
422302062.5,-61.09472
422302125.0,-61.13055
422302187.5,-61.24646
422302250.0,-61.10701
422302312.5,-61.20885
422302375.0,-61.21617
422302437.5,-61.20627
422302500.0,-61.09606
422302562.5,-61.11427
422302625.0,-61.09354
422302687.5,-61.16819
422302750.0,-61.21947
422302812.5,-61.16164
422302875.0,-61.28757
422302937.5,-61.15052
422303000.0,-61.14934
422303062.5,-61.2131
422303125.0,-61.09749
422303187.5,-61.23398
422303250.0,-61.19825
422303312.5,-61.02766
422303375.0,-61.11578
422303437.5,-61.13959
422303500.0,-61.10612
422303562.5,-61.23424
422303625.0,-61.11958
422303687.5,-61.22476
422303750.0,-61.14896
422303812.5,-61.15065
422303875.0,-61.15559
422303937.5,-61.11825
422304000.0,-61.1618
422304062.5,-61.07956
422304125.0,-61.26492
422304187.5,-61.06493
422304250.0,-61.05502
422304312.5,-61.30828
422304375.0,-61.13067
422304437.5,-61.15789
422304500.0,-61.14014
422304562.5,-61.19962
422304625.0,-61.22746
422304687.5,-61.18106
422304750.0,-61.11686
422304812.5,-61.11414
422304875.0,-61.15139
422304937.5,-61.21172
422305000.0,-61.12149
422305062.5,-61.08116
422305125.0,-61.03033
422305187.5,-61.13406
422305250.0,-61.01639
422305312.5,-61.28292
422305375.0,-61.14695
422305437.5,-61.21064
422305500.0,-61.11852
422305562.5,-61.11066
422305625.0,-61.07025
422305687.5,-61.0439
422305750.0,-61.16145
422305812.5,-61.09586
422305875.0,-61.24166
422305937.5,-61.13169
422306000.0,-61.09023
422306062.5,-61.31711
422306125.0,-61.16536
422306187.5,-61.21704
422306250.0,-61.03894
422306312.5,-61.07356
422306375.0,-61.07235
422306437.5,-61.1356
422306500.0,-61.07803
422306562.5,-61.19496
422306625.0,-61.1487
422306687.5,-61.26513
422306750.0,-60.99117
422306812.5,-61.03471
422306875.0,-61.07041
422306937.5,-61.21045
422307000.0,-61.11013
422307062.5,-61.26423
422307125.0,-61.18576
422307187.5,-61.01692
422307250.0,-61.17462
422307312.5,-61.20383
422307375.0,-60.95755
422307437.5,-61.10581
422307500.0,-61.12743
422307562.5,-61.19086
422307625.0,-61.13316
422307687.5,-61.16056
422307750.0,-61.12758
422307812.5,-61.23244
422307875.0,-61.04885
422307937.5,-61.13271
422308000.0,-61.20259
422308062.5,-61.08139
422308125.0,-61.22308
422308187.5,-61.08078
422308250.0,-61.15702
422308312.5,-61.08984
422308375.0,-61.20699
422308437.5,-61.07446
422308500.0,-61.08192
422308562.5,-61.17763
422308625.0,-61.16292
422308687.5,-61.04813
422308750.0,-60.89823
422308812.5,-61.20049
422308875.0,-61.12075
422308937.5,-61.01583
422309000.0,-61.06156
422309062.5,-61.10385
422309125.0,-61.11939
422309187.5,-61.18591
422309250.0,-61.14726
422309312.5,-61.10722
422309375.0,-61.08731
422309437.5,-60.9967
422309500.0,-61.12886
422309562.5,-61.13329
422309625.0,-61.1522
422309687.5,-61.08548
422309750.0,-61.17463
422309812.5,-61.07975
422309875.0,-61.14013
422309937.5,-61.00302
422310000.0,-61.08961
422310062.5,-61.03819
422310125.0,-61.07469
422310187.5,-61.03593
422310250.0,-61.06561
422310312.5,-61.16293
422310375.0,-61.1284
422310437.5,-61.0081
422310500.0,-61.20082
422310562.5,-61.02751
422310625.0,-61.05267
422310687.5,-61.00072
422310750.0,-60.99363
422310812.5,-61.05988
422310875.0,-61.07397
422310937.5,-61.09464
422311000.0,-61.10894
422311062.5,-61.16658
422311125.0,-61.15953
422311187.5,-61.01429
422311250.0,-61.19886
422311312.5,-61.04888
422311375.0,-60.95637
422311437.5,-60.97377
422311500.0,-61.09866
422311562.5,-61.10528
422311625.0,-61.00399
422311687.5,-61.21791
422311750.0,-61.08865
422311812.5,-60.9002
422311875.0,-61.09426
422311937.5,-61.16789
422312000.0,-61.11877
422312062.5,-60.99823
422312125.0,-61.02395
422312187.5,-61.14513
422312250.0,-61.19606
422312312.5,-61.0025
422312375.0,-61.14965
422312437.5,-61.07882
422312500.0,-60.89464
422312562.5,-60.90272
422312625.0,-61.14354
422312687.5,-61.11374
422312750.0,-60.99504
422312812.5,-61.21574
422312875.0,-61.16307
422312937.5,-61.01395
422313000.0,-61.0477
422313062.5,-61.06793
422313125.0,-60.98647
422313187.5,-61.04752
422313250.0,-61.02198
422313312.5,-61.02417
422313375.0,-60.95172
422313437.5,-61.17749
422313500.0,-61.02211
422313562.5,-61.03585
422313625.0,-61.21946
422313687.5,-60.86148
422313750.0,-61.12055
422313812.5,-61.07561
422313875.0,-60.95618
422313937.5,-61.13142
422314000.0,-61.09922
422314062.5,-60.98925
422314125.0,-61.08096
422314187.5,-60.94624
422314250.0,-61.08381
422314312.5,-61.05927
422314375.0,-60.94927
422314437.5,-60.91361
422314500.0,-60.99274
422314562.5,-61.01477
422314625.0,-61.08689
422314687.5,-60.9415
422314750.0,-61.07671
422314812.5,-61.12506
422314875.0,-61.07034
422314937.5,-61.06068
422315000.0,-61.10217
422315062.5,-61.05317
422315125.0,-61.04992
422315187.5,-60.96816
422315250.0,-61.00438
422315312.5,-61.02082
422315375.0,-61.04864
422315437.5,-61.12143
422315500.0,-61.13007
422315562.5,-60.98215
422315625.0,-61.07875
422315687.5,-61.16397
422315750.0,-61.12069
422315812.5,-61.01809
422315875.0,-60.94239
422315937.5,-61.15105
422316000.0,-61.00188
422316062.5,-60.97881
422316125.0,-61.0853
422316187.5,-60.9946
422316250.0,-61.03879
422316312.5,-61.08471
422316375.0,-60.97141
422316437.5,-60.98656
422316500.0,-61.02427
422316562.5,-61.04933
422316625.0,-61.00813
422316687.5,-61.07306
422316750.0,-61.03934
422316812.5,-60.93498
422316875.0,-61.03145
422316937.5,-61.00753
422317000.0,-61.05164
422317062.5,-61.02642
422317125.0,-60.99605
422317187.5,-60.97113
422317250.0,-61.10432
422317312.5,-61.00749
422317375.0,-61.08958
422317437.5,-60.99899
422317500.0,-61.04591
422317562.5,-61.24655
422317625.0,-60.97622
422317687.5,-60.99186
422317750.0,-60.91465
422317812.5,-60.96614
422317875.0,-60.98996
422317937.5,-60.98982
422318000.0,-60.94316
422318062.5,-60.95745
422318125.0,-61.09137
422318187.5,-61.05302
422318250.0,-60.96558
422318312.5,-60.98402
422318375.0,-60.98079
422318437.5,-61.0915
422318500.0,-61.0209
422318562.5,-61.11142
422318625.0,-61.20356
422318687.5,-60.99187
422318750.0,-60.93867
422318812.5,-60.99855
422318875.0,-61.11412
422318937.5,-60.86409
422319000.0,-61.0991
422319062.5,-60.97707
422319125.0,-61.04121
422319187.5,-60.98718
422319250.0,-61.06438
422319312.5,-61.07235
422319375.0,-60.94231
422319437.5,-60.81731
422319500.0,-61.14722
422319562.5,-60.99383
422319625.0,-61.13451
422319687.5,-60.90678
422319750.0,-61.08764
422319812.5,-60.96815
422319875.0,-60.99265
422319937.5,-60.98689
422320000.0,-61.06471
422320062.5,-61.02959
422320125.0,-60.99183
422320187.5,-60.98191
422320250.0,-61.03215
422320312.5,-60.96153
422320375.0,-60.98233
422320437.5,-61.04699
422320500.0,-60.90262
422320562.5,-61.01933
422320625.0,-60.92747
422320687.5,-60.90795
422320750.0,-60.85793
422320812.5,-61.02675
422320875.0,-60.88693
422320937.5,-60.91856
422321000.0,-60.9179
422321062.5,-61.07026
422321125.0,-61.01801
422321187.5,-60.8526
422321250.0,-60.94539
422321312.5,-61.00513
422321375.0,-61.01678
422321437.5,-61.01179
422321500.0,-60.9811
422321562.5,-61.06427
422321625.0,-60.90424
422321687.5,-60.82844
422321750.0,-60.95436
422321812.5,-60.94107
422321875.0,-60.91198
422321937.5,-61.00163
422322000.0,-60.94392
422322062.5,-60.97369
422322125.0,-60.98463
422322187.5,-60.97438
422322250.0,-60.92717
422322312.5,-60.87773
422322375.0,-60.8947
422322437.5,-61.08055
422322500.0,-61.07596
422322562.5,-60.91383
422322625.0,-60.90885
422322687.5,-60.95844
422322750.0,-61.00842
422322812.5,-60.97463
422322875.0,-61.02662
422322937.5,-60.97376
422323000.0,-60.89919
422323062.5,-60.99256
422323125.0,-60.98465
422323187.5,-60.797
422323250.0,-60.99805
422323312.5,-60.87303
422323375.0,-60.9554
422323437.5,-60.96899
422323500.0,-60.90795
422323562.5,-60.82924
422323625.0,-60.86264
422323687.5,-61.05605
422323750.0,-60.87923
422323812.5,-60.94891
422323875.0,-60.93258
422323937.5,-60.94681
422324000.0,-60.84842
422324062.5,-60.87185
422324125.0,-60.94241
422324187.5,-60.85577
422324250.0,-60.84464
422324312.5,-61.00587
422324375.0,-60.94336
422324437.5,-60.87453
422324500.0,-60.78085
422324562.5,-60.92368
422324625.0,-60.80104
422324687.5,-60.88671
422324750.0,-60.89468
422324812.5,-61.00751
422324875.0,-60.92963
422324937.5,-60.98212
422325000.0,-60.90861
422325062.5,-60.8872
422325125.0,-60.87218
422325187.5,-60.88054
422325250.0,-60.74449
422325312.5,-60.9171
422325375.0,-61.08622
422325437.5,-61.03765
422325500.0,-60.93888
422325562.5,-60.86622
422325625.0,-60.96379
422325687.5,-60.86747
422325750.0,-60.89621
422325812.5,-60.86497
422325875.0,-60.86068
422325937.5,-60.76392
422326000.0,-61.02444
422326062.5,-60.97984
422326125.0,-60.85971
422326187.5,-60.89451
422326250.0,-60.98265
422326312.5,-60.9181
422326375.0,-60.85148
422326437.5,-60.77573
422326500.0,-61.06628
422326562.5,-60.85229
422326625.0,-60.95115
422326687.5,-60.92178
422326750.0,-60.92993
422326812.5,-60.94345
422326875.0,-60.77251
422326937.5,-60.80773
422327000.0,-60.788
422327062.5,-60.87159
422327125.0,-60.88294
422327187.5,-60.86653
422327250.0,-60.93611
422327312.5,-60.83303
422327375.0,-60.85699
422327437.5,-60.86412
422327500.0,-60.88037
422327562.5,-60.82416
422327625.0,-60.90763
422327687.5,-60.79532
422327750.0,-60.77499
422327812.5,-61.01529
422327875.0,-60.87022
422327937.5,-60.86644
422328000.0,-60.93764
422328062.5,-60.97558
422328125.0,-60.9812
422328187.5,-60.79455
422328250.0,-60.82955
422328312.5,-60.80823
422328375.0,-60.81928
422328437.5,-60.95128
422328500.0,-60.86568
422328562.5,-60.87882
422328625.0,-60.89248
422328687.5,-60.90635
422328750.0,-60.89071
422328812.5,-60.90051
422328875.0,-60.93721
422328937.5,-60.85363
422329000.0,-61.00193
422329062.5,-60.92255
422329125.0,-60.91682
422329187.5,-60.75221
422329250.0,-60.90288
422329312.5,-60.8781
422329375.0,-60.86951
422329437.5,-60.80901
422329500.0,-60.82301
422329562.5,-60.82547
422329625.0,-60.83701
422329687.5,-60.98854
422329750.0,-60.96749
422329812.5,-60.80197
422329875.0,-60.92426
422329937.5,-60.81613
422330000.0,-60.72459
422330062.5,-60.91688
422330125.0,-60.75242
422330187.5,-60.82365
422330250.0,-60.79768
422330312.5,-60.86116
422330375.0,-60.87971
422330437.5,-60.85411
422330500.0,-60.8894
422330562.5,-60.93348
422330625.0,-60.79889
422330687.5,-60.88118
422330750.0,-60.72414
422330812.5,-60.95169
422330875.0,-60.89109
422330937.5,-60.958
422331000.0,-60.86104
422331062.5,-60.83862
422331125.0,-60.77072
422331187.5,-60.83834
422331250.0,-60.70495
422331312.5,-60.91639
422331375.0,-60.94201
422331437.5,-60.8745
422331500.0,-60.88284
422331562.5,-60.94069
422331625.0,-60.78407
422331687.5,-60.79501
422331750.0,-60.95691
422331812.5,-60.81775
422331875.0,-60.78332
422331937.5,-60.92495
422332000.0,-60.86314
422332062.5,-60.83533
422332125.0,-60.7354
422332187.5,-60.73284
422332250.0,-60.84392
422332312.5,-60.80015
422332375.0,-60.91241
422332437.5,-60.67226
422332500.0,-60.90426
422332562.5,-60.80991
422332625.0,-60.94143
422332687.5,-60.72263
422332750.0,-60.78052
422332812.5,-60.95201
422332875.0,-60.73789
422332937.5,-60.89929
422333000.0,-60.86572
422333062.5,-60.90141
422333125.0,-60.83609
422333187.5,-60.90903
422333250.0,-60.92044
422333312.5,-60.79901
422333375.0,-60.8172
422333437.5,-60.76558
422333500.0,-60.76309
422333562.5,-60.79283
422333625.0,-60.90108
422333687.5,-60.84249
422333750.0,-60.84965
422333812.5,-60.92259
422333875.0,-60.75093
422333937.5,-60.9463
422334000.0,-60.86871
422334062.5,-60.78391
422334125.0,-60.84118
422334187.5,-60.77531
422334250.0,-60.76355
422334312.5,-60.79527
422334375.0,-60.833
422334437.5,-60.8267
422334500.0,-60.69865
422334562.5,-60.72201
422334625.0,-60.69151
422334687.5,-60.89222
422334750.0,-60.73519
422334812.5,-60.72597
422334875.0,-60.75756
422334937.5,-60.82694
422335000.0,-60.82579
422335062.5,-60.71387
422335125.0,-60.83688
422335187.5,-60.75386
422335250.0,-60.77617
422335312.5,-60.7746
422335375.0,-60.85962
422335437.5,-60.81893
422335500.0,-60.82626
422335562.5,-60.83468
422335625.0,-60.87672
422335687.5,-60.72393
422335750.0,-60.86583
422335812.5,-60.79109
422335875.0,-60.8602
422335937.5,-60.90772
422336000.0,-60.68774
422336062.5,-60.88972
422336125.0,-60.7248
422336187.5,-60.82353
422336250.0,-60.77492
422336312.5,-60.86965
422336375.0,-60.73446
422336437.5,-60.85287
422336500.0,-60.68285
422336562.5,-60.75958
422336625.0,-60.85139
422336687.5,-60.88455
422336750.0,-60.8364
422336812.5,-60.72847
422336875.0,-60.71202
422336937.5,-60.76269
422337000.0,-60.85603
422337062.5,-60.71695
422337125.0,-60.84042
422337187.5,-60.82007
422337250.0,-60.79234
422337312.5,-60.75393
422337375.0,-60.94817
422337437.5,-60.76077
422337500.0,-60.75931
422337562.5,-60.72298
422337625.0,-60.80422
422337687.5,-60.80288
422337750.0,-60.8504
422337812.5,-60.81038
422337875.0,-60.68432
422337937.5,-60.74534
422338000.0,-60.79383
422338062.5,-60.77421
422338125.0,-60.74087
422338187.5,-60.71862
422338250.0,-60.93386
422338312.5,-60.68589
422338375.0,-60.72316
422338437.5,-60.84435
422338500.0,-60.78463
422338562.5,-60.67009
422338625.0,-60.89018
422338687.5,-60.74901
422338750.0,-60.79226
422338812.5,-60.81037
422338875.0,-60.59088
422338937.5,-60.85064
422339000.0,-60.78653
422339062.5,-60.81784
422339125.0,-60.62502
422339187.5,-60.95219
422339250.0,-60.80949
422339312.5,-60.80934
422339375.0,-60.65518
422339437.5,-60.78687
422339500.0,-60.69778
422339562.5,-60.7246
422339625.0,-60.78651
422339687.5,-60.79187
422339750.0,-60.66132
422339812.5,-60.79655
422339875.0,-60.87257
422339937.5,-60.7704
422340000.0,-60.75037
422340062.5,-60.63076
422340125.0,-60.75874
422340187.5,-60.82179
422340250.0,-60.79114
422340312.5,-60.87331
422340375.0,-60.67854
422340437.5,-60.75286
422340500.0,-60.70176
422340562.5,-60.7641
422340625.0,-60.59283
422340687.5,-60.81731
422340750.0,-60.83791
422340812.5,-60.77543
422340875.0,-60.82291
422340937.5,-60.71155
422341000.0,-60.79882
422341062.5,-60.70699
422341125.0,-60.72533
422341187.5,-60.75688
422341250.0,-60.88844
422341312.5,-60.8145
422341375.0,-60.86264
422341437.5,-60.79644
422341500.0,-60.7384
422341562.5,-60.82385
422341625.0,-60.65278
422341687.5,-60.80617
422341750.0,-60.7837
422341812.5,-60.68523
422341875.0,-60.66545
422341937.5,-60.71532
422342000.0,-60.6993
422342062.5,-60.71744
422342125.0,-60.7468
422342187.5,-60.67369
422342250.0,-60.75262
422342312.5,-60.77811
422342375.0,-60.68826
422342437.5,-60.69839
422342500.0,-60.77431
422342562.5,-60.73979
422342625.0,-60.69026
422342687.5,-60.82624
422342750.0,-60.72943
422342812.5,-60.72796
422342875.0,-60.77932
422342937.5,-60.68629
422343000.0,-60.59263
422343062.5,-60.81834
422343125.0,-60.83098
422343187.5,-60.68371
422343250.0,-60.73938
422343312.5,-60.54451
422343375.0,-60.79288
422343437.5,-60.79528
422343500.0,-60.70181
422343562.5,-60.73247
422343625.0,-60.76394
422343687.5,-60.59423
422343750.0,-60.71657
422343812.5,-60.70903
422343875.0,-60.72709
422343937.5,-60.71741
422344000.0,-60.80095
422344062.5,-60.7457
422344125.0,-60.77475
422344187.5,-60.7061
422344250.0,-60.67309
422344312.5,-60.60939
422344375.0,-60.73193
422344437.5,-60.8447
422344500.0,-60.80675
422344562.5,-60.71065
422344625.0,-60.67186
422344687.5,-60.69167
422344750.0,-60.72618
422344812.5,-60.70353
422344875.0,-60.74773
422344937.5,-60.77678
422345000.0,-60.84343
422345062.5,-60.86926
422345125.0,-60.6548
422345187.5,-60.59754
422345250.0,-60.8589
422345312.5,-60.69765
422345375.0,-60.87058
422345437.5,-60.61693
422345500.0,-60.66498
422345562.5,-60.61672
422345625.0,-60.71954
422345687.5,-60.73148
422345750.0,-60.64192
422345812.5,-60.8575
422345875.0,-60.76373
422345937.5,-60.70346
422346000.0,-60.66561
422346062.5,-60.67862
422346125.0,-60.75932
422346187.5,-60.65572
422346250.0,-60.54612
422346312.5,-60.8
422346375.0,-60.49941
422346437.5,-60.80611
422346500.0,-60.49328
422346562.5,-60.78611
422346625.0,-60.69436
422346687.5,-60.76309
422346750.0,-60.72733
422346812.5,-60.72646
422346875.0,-60.68091
422346937.5,-60.61425
422347000.0,-60.53214
422347062.5,-60.76706
422347125.0,-60.69537
422347187.5,-60.65336
422347250.0,-60.72713
422347312.5,-60.57169
422347375.0,-60.51765
422347437.5,-60.66858
422347500.0,-60.72425
422347562.5,-60.44429
422347625.0,-60.63744
422347687.5,-60.6301
422347750.0,-60.71146
422347812.5,-60.71252
422347875.0,-60.63502
422347937.5,-60.72441
422348000.0,-60.61549
422348062.5,-60.72594
422348125.0,-60.58546
422348187.5,-60.40277
422348250.0,-60.68368
422348312.5,-60.72332
422348375.0,-60.47539
422348437.5,-60.71338
422348500.0,-60.64142
422348562.5,-60.71704
422348625.0,-60.69401
422348687.5,-60.54074
422348750.0,-60.65981
422348812.5,-60.57357
422348875.0,-60.65871
422348937.5,-60.54298
422349000.0,-60.62241
422349062.5,-60.61773
422349125.0,-60.56374
422349187.5,-60.80741
422349250.0,-60.66013
422349312.5,-60.61653
422349375.0,-60.74443
422349437.5,-60.61921
422349500.0,-60.53055
422349562.5,-60.58556
422349625.0,-60.707
422349687.5,-60.50103
422349750.0,-60.66631
422349812.5,-60.48171
422349875.0,-60.64822
422349937.5,-60.66717
422350000.0,-60.71449
422350062.5,-60.66507
422350125.0,-60.53339
422350187.5,-60.54729
422350250.0,-60.71576
422350312.5,-60.62793
422350375.0,-60.62551
422350437.5,-60.51031
422350500.0,-60.64786
422350562.5,-60.62696
422350625.0,-60.64142
422350687.5,-60.53761
422350750.0,-60.66099
422350812.5,-60.73133
422350875.0,-60.57929
422350937.5,-60.70472
422351000.0,-60.67841
422351062.5,-60.54741
422351125.0,-60.64156
422351187.5,-60.74615
422351250.0,-60.62828
422351312.5,-60.61893
422351375.0,-60.57724
422351437.5,-60.71507
422351500.0,-60.59447
422351562.5,-60.65913
422351625.0,-60.62117
422351687.5,-60.55635
422351750.0,-60.60643
422351812.5,-60.59418
422351875.0,-60.6777
422351937.5,-60.50773
422352000.0,-60.69127
422352062.5,-60.57973
422352125.0,-60.57163
422352187.5,-60.59957
422352250.0,-60.66064
422352312.5,-60.61872
422352375.0,-60.72244
422352437.5,-60.50918
422352500.0,-60.6629
422352562.5,-60.57716
422352625.0,-60.5533
422352687.5,-60.56297
422352750.0,-60.62753
422352812.5,-60.63441
422352875.0,-60.55582
422352937.5,-60.6219
422353000.0,-60.627
422353062.5,-60.65106
422353125.0,-60.62163
422353187.5,-60.48785
422353250.0,-60.48048
422353312.5,-60.6244
422353375.0,-60.60019
422353437.5,-60.62516
422353500.0,-60.54626
422353562.5,-60.66703
422353625.0,-60.60832
422353687.5,-60.6351
422353750.0,-60.53334
422353812.5,-60.61749
422353875.0,-60.54337
422353937.5,-60.60069
422354000.0,-60.64534
422354062.5,-60.61139
422354125.0,-60.58057
422354187.5,-60.62556
422354250.0,-60.53848
422354312.5,-60.53776
422354375.0,-60.62329
422354437.5,-60.57679
422354500.0,-60.68935
422354562.5,-60.62409
422354625.0,-60.63038
422354687.5,-60.65901
422354750.0,-60.65134
422354812.5,-60.59883
422354875.0,-60.57974
422354937.5,-60.59844
422355000.0,-60.41404
422355062.5,-60.56228
422355125.0,-60.5297
422355187.5,-60.64655
422355250.0,-60.49411
422355312.5,-60.68318
422355375.0,-60.60291
422355437.5,-60.55773
422355500.0,-60.66756
422355562.5,-60.55183
422355625.0,-60.58124
422355687.5,-60.70251
422355750.0,-60.55545
422355812.5,-60.54447
422355875.0,-60.51469
422355937.5,-60.5222
422356000.0,-60.58186
422356062.5,-60.55613
422356125.0,-60.46997
422356187.5,-60.55677
422356250.0,-60.61169
422356312.5,-60.56015
422356375.0,-60.59344
422356437.5,-60.475
422356500.0,-60.52812
422356562.5,-60.45243
422356625.0,-60.64104
422356687.5,-60.502
422356750.0,-60.54449
422356812.5,-60.64227
422356875.0,-60.51694
422356937.5,-60.5131
422357000.0,-60.56259
422357062.5,-60.64212
422357125.0,-60.57171
422357187.5,-60.55897
422357250.0,-60.61863
422357312.5,-60.59741
422357375.0,-60.43976
422357437.5,-60.58568
422357500.0,-60.51054
422357562.5,-60.65204
422357625.0,-60.57969
422357687.5,-60.50927
422357750.0,-60.50861
422357812.5,-60.65474
422357875.0,-60.52718
422357937.5,-60.52076
422358000.0,-60.48982
422358062.5,-60.49836
422358125.0,-60.41677
422358187.5,-60.44329
422358250.0,-60.53239
422358312.5,-60.53746
422358375.0,-60.68946
422358437.5,-60.44406
422358500.0,-60.53679
422358562.5,-60.59914
422358625.0,-60.47707
422358687.5,-60.60135
422358750.0,-60.60528
422358812.5,-60.47086
422358875.0,-60.55488
422358937.5,-60.52177
422359000.0,-60.5117
422359062.5,-60.56893
422359125.0,-60.5837
422359187.5,-60.56762
422359250.0,-60.58875
422359312.5,-60.52191
422359375.0,-60.61995
422359437.5,-60.44456
422359500.0,-60.69653
422359562.5,-60.65918
422359625.0,-60.63852
422359687.5,-60.62101
422359750.0,-60.53653
422359812.5,-60.49573
422359875.0,-60.51746
422359937.5,-60.50801
422360000.0,-60.52979
422360062.5,-60.51406
422360125.0,-60.67821
422360187.5,-60.52638
422360250.0,-60.38488
422360312.5,-60.49524
422360375.0,-60.52131
422360437.5,-60.38294
422360500.0,-60.50742
422360562.5,-60.59904
422360625.0,-60.54042
422360687.5,-60.38491
422360750.0,-60.53358
422360812.5,-60.47632
422360875.0,-60.57481
422360937.5,-60.50016
422361000.0,-60.52295
422361062.5,-60.47093
422361125.0,-60.58843
422361187.5,-60.39382
422361250.0,-60.45978
422361312.5,-60.66344
422361375.0,-60.46971
422361437.5,-60.49586
422361500.0,-60.48434
422361562.5,-60.51115
422361625.0,-60.64132
422361687.5,-60.61747
422361750.0,-60.49178
422361812.5,-60.4467
422361875.0,-60.55273
422361937.5,-60.659
422362000.0,-60.52744
422362062.5,-60.45824
422362125.0,-60.45638
422362187.5,-60.40266
422362250.0,-60.59932
422362312.5,-60.50122
422362375.0,-60.50411
422362437.5,-60.53441
422362500.0,-60.43813
422362562.5,-60.48715
422362625.0,-60.47668
422362687.5,-60.53503
422362750.0,-60.40531
422362812.5,-60.50005
422362875.0,-60.50226
422362937.5,-60.60255
422363000.0,-60.38085
422363062.5,-60.44396
422363125.0,-60.50698
422363187.5,-60.37254
422363250.0,-60.58324
422363312.5,-60.42454
422363375.0,-60.52825
422363437.5,-60.4972
422363500.0,-60.58139
422363562.5,-60.4254
422363625.0,-60.54897
422363687.5,-60.54974
422363750.0,-60.43051
422363812.5,-60.53739
422363875.0,-60.53138
422363937.5,-60.53485
422364000.0,-60.50901
422364062.5,-60.49463
422364125.0,-60.43983
422364187.5,-60.45233
422364250.0,-60.53751
422364312.5,-60.36535
422364375.0,-60.40742
422364437.5,-60.38414
422364500.0,-60.55537
422364562.5,-60.58535
422364625.0,-60.52875
422364687.5,-60.47617
422364750.0,-60.48457
422364812.5,-60.51862
422364875.0,-60.52603
422364937.5,-60.44548
422365000.0,-60.39374
422365062.5,-60.5409
422365125.0,-60.48184
422365187.5,-60.45434
422365250.0,-60.55561
422365312.5,-60.42694
422365375.0,-60.52195
422365437.5,-60.43945
422365500.0,-60.48387
422365562.5,-60.51368
422365625.0,-60.52565
422365687.5,-60.39247
422365750.0,-60.52621
422365812.5,-60.45456
422365875.0,-60.44968
422365937.5,-60.46325
422366000.0,-60.41741
422366062.5,-60.58873
422366125.0,-60.50122
422366187.5,-60.42503
422366250.0,-60.47425
422366312.5,-60.48738
422366375.0,-60.46526
422366437.5,-60.44955
422366500.0,-60.50623
422366562.5,-60.53032
422366625.0,-60.49085
422366687.5,-60.54476
422366750.0,-60.46886
422366812.5,-60.55269
422366875.0,-60.49553
422366937.5,-60.41824
422367000.0,-60.5053
422367062.5,-60.41119
422367125.0,-60.38226
422367187.5,-60.46098
422367250.0,-60.40919
422367312.5,-60.47132
422367375.0,-60.39359
422367437.5,-60.46062
422367500.0,-60.41628
422367562.5,-60.44817
422367625.0,-60.48283
422367687.5,-60.45568
422367750.0,-60.54298
422367812.5,-60.4786
422367875.0,-60.43996
422367937.5,-60.45415
422368000.0,-60.51752
422368062.5,-60.3524
422368125.0,-60.30777
422368187.5,-60.48135
422368250.0,-60.49338
422368312.5,-60.50565
422368375.0,-60.46697
422368437.5,-60.49821
422368500.0,-60.44622
422368562.5,-60.46125
422368625.0,-60.45135
422368687.5,-60.48556
422368750.0,-60.40171
422368812.5,-60.5865
422368875.0,-60.38901
422368937.5,-60.39894
422369000.0,-60.45258
422369062.5,-60.38056
422369125.0,-60.54508
422369187.5,-60.48587
422369250.0,-60.46688
422369312.5,-60.35148
422369375.0,-60.32444
422369437.5,-60.61441
422369500.0,-60.45611
422369562.5,-60.45547
422369625.0,-60.43823
422369687.5,-60.36191
422369750.0,-60.51429
422369812.5,-60.37608
422369875.0,-60.31978
422369937.5,-60.53455
422370000.0,-60.40202
422370062.5,-60.40349
422370125.0,-60.36789
422370187.5,-60.45958
422370250.0,-60.3475
422370312.5,-60.40185
422370375.0,-60.39603
422370437.5,-60.44927
422370500.0,-60.34988
422370562.5,-60.51464
422370625.0,-60.39294
422370687.5,-60.39967
422370750.0,-60.43734
422370812.5,-60.29643
422370875.0,-60.48011
422370937.5,-60.39969
422371000.0,-60.46896
422371062.5,-60.35871
422371125.0,-60.39687
422371187.5,-60.38776
422371250.0,-60.25364
422371312.5,-60.4613
422371375.0,-60.42788
422371437.5,-60.3788
422371500.0,-60.29553
422371562.5,-60.50503
422371625.0,-60.35054
422371687.5,-60.28346
422371750.0,-60.34176
422371812.5,-60.26397
422371875.0,-60.46113
422371937.5,-60.43426
422372000.0,-60.43745
422372062.5,-60.32058
422372125.0,-60.41268
422372187.5,-60.35423
422372250.0,-60.3763
422372312.5,-60.41765
422372375.0,-60.33412
422372437.5,-60.41484
422372500.0,-60.41803
422372562.5,-60.33544
422372625.0,-60.2338
422372687.5,-60.33856
422372750.0,-60.35743
422372812.5,-60.28036
422372875.0,-60.3695
422372937.5,-60.42226
422373000.0,-60.43948
422373062.5,-60.37921
422373125.0,-60.34639
422373187.5,-60.2613
422373250.0,-60.28587
422373312.5,-60.40577
422373375.0,-60.44532
422373437.5,-60.39958
422373500.0,-60.31828
422373562.5,-60.39906
422373625.0,-60.40826
422373687.5,-60.21844
422373750.0,-60.36451
422373812.5,-60.30933
422373875.0,-60.4786
422373937.5,-60.32042
422374000.0,-60.35512
422374062.5,-60.44858
422374125.0,-60.14863
422374187.5,-60.31636
422374250.0,-60.37726
422374312.5,-60.42187
422374375.0,-60.3554
422374437.5,-60.44549
422374500.0,-60.52509
422374562.5,-60.20544
422374625.0,-60.33179
422374687.5,-60.30874
422374750.0,-60.42073
422374812.5,-60.31541
422374875.0,-60.35254
422374937.5,-60.30401
422375000.0,-60.3875
422375062.5,-60.40306
422375125.0,-60.36109
422375187.5,-60.52457
422375250.0,-60.38433
422375312.5,-60.31333
422375375.0,-60.27489
422375437.5,-60.40255
422375500.0,-60.37344
422375562.5,-60.35199
422375625.0,-60.27646
422375687.5,-60.28585
422375750.0,-60.35559
422375812.5,-60.29868
422375875.0,-60.23776
422375937.5,-60.3344
422376000.0,-60.32876
422376062.5,-60.31935
422376125.0,-60.31695
422376187.5,-60.37495
422376250.0,-60.35473
422376312.5,-60.27436
422376375.0,-60.40899
422376437.5,-60.35329
422376500.0,-60.26362
422376562.5,-60.39001
422376625.0,-60.31385
422376687.5,-60.38914
422376750.0,-60.32922
422376812.5,-60.30226
422376875.0,-60.16996
422376937.5,-60.27658
422377000.0,-60.37749
422377062.5,-60.31887
422377125.0,-60.34874
422377187.5,-60.18515
422377250.0,-60.30594
422377312.5,-60.29411
422377375.0,-60.29034
422377437.5,-60.26622
422377500.0,-60.37323
422377562.5,-60.32109
422377625.0,-60.29338
422377687.5,-60.33165
422377750.0,-60.39939
422377812.5,-60.29614
422377875.0,-60.36456
422377937.5,-60.38579
422378000.0,-60.29046
422378062.5,-60.47401
422378125.0,-60.30165
422378187.5,-60.26192
422378250.0,-60.47205
422378312.5,-60.28073
422378375.0,-60.3183
422378437.5,-60.33707
422378500.0,-60.30172
422378562.5,-60.26384
422378625.0,-60.34138
422378687.5,-60.4509
422378750.0,-60.3022
422378812.5,-60.3138
422378875.0,-60.32987
422378937.5,-60.37943
422379000.0,-60.27957
422379062.5,-60.21459
422379125.0,-60.31293
422379187.5,-60.37987
422379250.0,-60.31915
422379312.5,-60.30499
422379375.0,-60.28578
422379437.5,-60.25383
422379500.0,-60.3406
422379562.5,-60.28923
422379625.0,-60.32182
422379687.5,-60.32327
422379750.0,-60.15282
422379812.5,-60.30958
422379875.0,-60.21459
422379937.5,-60.38883
422380000.0,-60.14097
422380062.5,-60.23727
422380125.0,-60.22709
422380187.5,-60.43236
422380250.0,-60.30747
422380312.5,-60.10429
422380375.0,-60.1886
422380437.5,-60.32185
422380500.0,-60.39793
422380562.5,-60.38998
422380625.0,-60.19071
422380687.5,-60.31228
422380750.0,-60.11317
422380812.5,-60.36425
422380875.0,-60.28817
422380937.5,-60.25627
422381000.0,-60.18965
422381062.5,-60.20846
422381125.0,-60.25779
422381187.5,-60.27517
422381250.0,-60.19431
422381312.5,-60.26333
422381375.0,-60.28821
422381437.5,-60.25526
422381500.0,-60.3006
422381562.5,-60.26301
422381625.0,-60.3353
422381687.5,-60.34486
422381750.0,-60.36296
422381812.5,-60.25671
422381875.0,-60.21223
422381937.5,-60.26539
422382000.0,-60.41519
422382062.5,-60.27996
422382125.0,-60.31
422382187.5,-60.32221
422382250.0,-60.25176
422382312.5,-60.31525
422382375.0,-60.29934
422382437.5,-60.26566
422382500.0,-60.32202
422382562.5,-60.23088
422382625.0,-60.28994
422382687.5,-60.22924
422382750.0,-60.22589
422382812.5,-60.30295
422382875.0,-60.20835
422382937.5,-60.24274
422383000.0,-60.13383
422383062.5,-60.22805
422383125.0,-60.26091
422383187.5,-60.08569
422383250.0,-60.23243
422383312.5,-60.31993
422383375.0,-60.37002
422383437.5,-60.11566
422383500.0,-60.19383
422383562.5,-60.23595
422383625.0,-60.2543
422383687.5,-60.17408
422383750.0,-60.10059
422383812.5,-60.25613
422383875.0,-60.21636
422383937.5,-60.27942
422384000.0,-60.3042
422384062.5,-60.34726
422384125.0,-60.21193
422384187.5,-60.39318
422384250.0,-60.31507
422384312.5,-60.30383
422384375.0,-60.22908
422384437.5,-60.27894
422384500.0,-60.22577
422384562.5,-60.26136
422384625.0,-60.25747
422384687.5,-60.14866
422384750.0,-60.2632
422384812.5,-60.25785
422384875.0,-60.189
422384937.5,-60.17178
422385000.0,-60.19578
422385062.5,-60.2066
422385125.0,-60.32021
422385187.5,-60.26827
422385250.0,-60.16989
422385312.5,-60.27344
422385375.0,-60.23125
422385437.5,-60.18371
422385500.0,-60.18541
422385562.5,-60.24858
422385625.0,-60.28051
422385687.5,-60.3047
422385750.0,-60.1497
422385812.5,-60.20282
422385875.0,-59.98812
422385937.5,-60.13206
422386000.0,-60.30227
422386062.5,-60.08863
422386125.0,-60.24751
422386187.5,-60.25185
422386250.0,-60.20376
422386312.5,-60.16306
422386375.0,-60.24808
422386437.5,-60.24456
422386500.0,-60.15067
422386562.5,-60.26088
422386625.0,-60.26408
422386687.5,-60.18832
422386750.0,-60.23442
422386812.5,-60.18413
422386875.0,-60.24257
422386937.5,-60.25365
422387000.0,-60.16632
422387062.5,-60.37305
422387125.0,-60.23148
422387187.5,-60.16693
422387250.0,-60.03804
422387312.5,-60.24015
422387375.0,-60.17825
422387437.5,-60.19999
422387500.0,-60.17914
422387562.5,-60.16254
422387625.0,-60.20454
422387687.5,-60.27364
422387750.0,-60.26839
422387812.5,-60.10848
422387875.0,-60.30252
422387937.5,-60.25506
422388000.0,-60.26471
422388062.5,-60.13713
422388125.0,-60.04708
422388187.5,-60.29765
422388250.0,-60.17416
422388312.5,-60.13289
422388375.0,-60.24615
422388437.5,-60.25161
422388500.0,-60.25311
422388562.5,-60.10209
422388625.0,-60.20295
422388687.5,-60.13676
422388750.0,-60.07761
422388812.5,-60.20979
422388875.0,-60.11997
422388937.5,-60.22012
422389000.0,-60.12193
422389062.5,-60.13797
422389125.0,-60.21323
422389187.5,-60.14049
422389250.0,-60.14419
422389312.5,-60.18708
422389375.0,-60.30455
422389437.5,-60.05371
422389500.0,-60.12183
422389562.5,-60.21173
422389625.0,-60.11241
422389687.5,-60.20782
422389750.0,-60.17978
422389812.5,-60.28241
422389875.0,-60.23753
422389937.5,-60.14589
422390000.0,-60.12618
422390062.5,-60.19362
422390125.0,-60.27767
422390187.5,-60.01144
422390250.0,-60.12535
422390312.5,-60.14935
422390375.0,-60.1281
422390437.5,-60.11937
422390500.0,-60.19646
422390562.5,-60.11633
422390625.0,-60.18793
422390687.5,-60.1059
422390750.0,-60.25159
422390812.5,-60.18415
422390875.0,-60.16689
422390937.5,-60.15258
422391000.0,-60.08934
422391062.5,-60.12693
422391125.0,-60.24681
422391187.5,-60.0764
422391250.0,-60.19811
422391312.5,-60.29195
422391375.0,-60.13518
422391437.5,-60.1914
422391500.0,-60.19057
422391562.5,-60.21924
422391625.0,-60.14009
422391687.5,-60.10055
422391750.0,-60.1862
422391812.5,-60.13041
422391875.0,-60.28987
422391937.5,-60.13096
422392000.0,-60.24023
422392062.5,-60.27031
422392125.0,-60.09547
422392187.5,-60.13769
422392250.0,-60.10319
422392312.5,-60.09259
422392375.0,-60.2453
422392437.5,-60.08726
422392500.0,-60.23341
422392562.5,-60.15052
422392625.0,-60.2674
422392687.5,-60.0801
422392750.0,-60.14681
422392812.5,-60.20945
422392875.0,-60.0526
422392937.5,-60.12879
422393000.0,-60.22257
422393062.5,-60.11109
422393125.0,-60.10707
422393187.5,-60.03328
422393250.0,-60.14799
422393312.5,-60.17056
422393375.0,-60.06242
422393437.5,-60.18494
422393500.0,-60.13269
422393562.5,-60.17052
422393625.0,-60.11224
422393687.5,-60.05739
422393750.0,-60.09882
422393812.5,-60.0337
422393875.0,-60.23517
422393937.5,-60.08197
422394000.0,-60.10665
422394062.5,-59.97397
422394125.0,-60.09869
422394187.5,-60.19429
422394250.0,-60.07805
422394312.5,-60.16192
422394375.0,-60.08968
422394437.5,-60.15178
422394500.0,-60.1389
422394562.5,-60.21871
422394625.0,-59.96587
422394687.5,-60.16863
422394750.0,-60.19693
422394812.5,-60.12714
422394875.0,-60.08105
422394937.5,-60.03823
422395000.0,-60.11421
422395062.5,-60.15624
422395125.0,-60.20074
422395187.5,-60.16861
422395250.0,-60.16693
422395312.5,-60.12561
422395375.0,-60.11286
422395437.5,-60.14297
422395500.0,-60.06253
422395562.5,-60.08116
422395625.0,-60.1457
422395687.5,-60.19631
422395750.0,-60.03051
422395812.5,-60.26425
422395875.0,-60.108
422395937.5,-60.0659
422396000.0,-60.10562
422396062.5,-59.98172
422396125.0,-60.19131
422396187.5,-60.27523
422396250.0,-60.1087
422396312.5,-60.2491
422396375.0,-60.15352
422396437.5,-60.07353
422396500.0,-60.12259
422396562.5,-60.14664
422396625.0,-60.25901
422396687.5,-60.01215
422396750.0,-60.06413
422396812.5,-60.13784
422396875.0,-60.1637
422396937.5,-60.07207
422397000.0,-60.0918
422397062.5,-60.05392
422397125.0,-60.03957
422397187.5,-60.20744
422397250.0,-60.09296
422397312.5,-60.18089
422397375.0,-59.98823
422397437.5,-60.20559
422397500.0,-60.10151
422397562.5,-60.24605
422397625.0,-60.05584
422397687.5,-60.01321
422397750.0,-60.06825
422397812.5,-59.99688
422397875.0,-60.02736
422397937.5,-60.11749
422398000.0,-60.02776
422398062.5,-60.05283
422398125.0,-60.07601
422398187.5,-60.10792
422398250.0,-60.03119
422398312.5,-60.12688
422398375.0,-60.02324
422398437.5,-60.11597
422398500.0,-60.09344
422398562.5,-60.0419
422398625.0,-60.20378
422398687.5,-60.11538
422398750.0,-59.98272
422398812.5,-59.90762
422398875.0,-60.0616
422398937.5,-60.00282
422399000.0,-60.00003
422399062.5,-60.05936
422399125.0,-60.10058
422399187.5,-60.03952
422399250.0,-60.07796
422399312.5,-60.11326
422399375.0,-60.02399
422399437.5,-59.97709
422399500.0,-60.02808
422399562.5,-60.06736
422399625.0,-60.10975
422399687.5,-59.98209
422399750.0,-60.06657
422399812.5,-60.10475
422399875.0,-60.061
422399937.5,-60.08147
422400000.0,-59.98065
422400062.5,-60.12849
422400125.0,-60.14475
422400187.5,-60.14899
422400250.0,-60.01358
422400312.5,-60.0425
422400375.0,-59.94425
422400437.5,-60.03153
422400500.0,-60.10732
422400562.5,-60.07799
422400625.0,-59.9894
422400687.5,-60.03968
422400750.0,-60.12611
422400812.5,-60.04605
422400875.0,-59.94751
422400937.5,-60.07627
422401000.0,-59.99607
422401062.5,-60.10651
422401125.0,-59.93636
422401187.5,-59.99585
422401250.0,-59.98129
422401312.5,-59.98687
422401375.0,-60.02766
422401437.5,-60.11096
422401500.0,-60.05032
422401562.5,-60.09281
422401625.0,-59.94323
422401687.5,-60.08836
422401750.0,-60.02116
422401812.5,-59.95712
422401875.0,-60.03634
422401937.5,-60.0327
422402000.0,-59.86926
422402062.5,-59.97975
422402125.0,-60.06579
422402187.5,-60.15384
422402250.0,-60.02876
422402312.5,-59.9951
422402375.0,-60.1309
422402437.5,-60.03514
422402500.0,-59.88494
422402562.5,-59.94561
422402625.0,-59.97756
422402687.5,-60.02041
422402750.0,-60.05461
422402812.5,-59.90529
422402875.0,-60.02832
422402937.5,-59.96001
422403000.0,-60.04574
422403062.5,-60.09369
422403125.0,-60.05766
422403187.5,-60.01831
422403250.0,-60.10025
422403312.5,-59.95911
422403375.0,-59.98835
422403437.5,-60.0442
422403500.0,-60.00462
422403562.5,-59.93857
422403625.0,-59.95262
422403687.5,-59.90758
422403750.0,-59.9085
422403812.5,-59.96985
422403875.0,-59.99007
422403937.5,-60.04693
422404000.0,-60.15314
422404062.5,-60.12391
422404125.0,-60.04397
422404187.5,-59.96096
422404250.0,-59.94455
422404312.5,-60.00739
422404375.0,-60.08301
422404437.5,-59.8727
422404500.0,-59.9965
422404562.5,-60.06767
422404625.0,-60.04354
422404687.5,-59.92725
422404750.0,-60.10161
422404812.5,-59.92978
422404875.0,-59.96986
422404937.5,-59.98419
422405000.0,-60.02892
422405062.5,-60.07555
422405125.0,-60.08759
422405187.5,-59.99055
422405250.0,-59.96426
422405312.5,-59.93895
422405375.0,-60.02463
422405437.5,-60.08056
422405500.0,-60.06851
422405562.5,-59.93207
422405625.0,-59.92387
422405687.5,-60.0661
422405750.0,-59.83959
422405812.5,-59.93199
422405875.0,-59.95098
422405937.5,-59.97312
422406000.0,-59.99547
422406062.5,-59.87304
422406125.0,-59.95802
422406187.5,-60.01981
422406250.0,-59.97493
422406312.5,-59.95136
422406375.0,-59.99807
422406437.5,-60.01309
422406500.0,-59.94061
422406562.5,-59.9114
422406625.0,-59.92825
422406687.5,-59.93226
422406750.0,-59.96739
422406812.5,-59.98498
422406875.0,-59.94756
422406937.5,-59.99137
422407000.0,-59.97472
422407062.5,-60.00919
422407125.0,-60.03853
422407187.5,-60.01994
422407250.0,-59.95861
422407312.5,-59.90454
422407375.0,-59.89312
422407437.5,-59.95043
422407500.0,-59.85381
422407562.5,-59.85831
422407625.0,-59.90358
422407687.5,-59.81627
422407750.0,-60.0072
422407812.5,-59.94622
422407875.0,-59.80891
422407937.5,-59.9319
422408000.0,-59.93168
422408062.5,-59.88029
422408125.0,-59.97673
422408187.5,-59.94435
422408250.0,-60.01791
422408312.5,-59.8991
422408375.0,-59.9444
422408437.5,-59.98304
422408500.0,-59.98272
422408562.5,-59.85255
422408625.0,-60.04849
422408687.5,-59.92274
422408750.0,-59.97964
422408812.5,-59.9816
422408875.0,-59.92307
422408937.5,-59.93237
422409000.0,-59.9601
422409062.5,-59.94177
422409125.0,-60.02748
422409187.5,-59.88782
422409250.0,-59.98558
422409312.5,-59.90239
422409375.0,-60.02566
422409437.5,-59.87248
422409500.0,-59.97371
422409562.5,-59.90519
422409625.0,-59.95441
422409687.5,-59.88214
422409750.0,-59.89323
422409812.5,-59.93077
422409875.0,-59.92582
422409937.5,-59.89939
422410000.0,-59.90681
422410062.5,-59.80332
422410125.0,-59.93879
422410187.5,-59.94946
422410250.0,-59.87941
422410312.5,-59.8856
422410375.0,-59.95344
422410437.5,-59.86144
422410500.0,-59.98647
422410562.5,-59.87775
422410625.0,-59.84442
422410687.5,-59.89389
422410750.0,-59.84612
422410812.5,-59.99572
422410875.0,-59.94563
422410937.5,-59.96238
422411000.0,-59.90612
422411062.5,-59.88143
422411125.0,-59.9285
422411187.5,-59.81649
422411250.0,-59.9742
422411312.5,-59.89151
422411375.0,-59.80153
422411437.5,-60.00729
422411500.0,-59.85678
422411562.5,-59.97253
422411625.0,-59.92348
422411687.5,-59.85367
422411750.0,-59.91669
422411812.5,-59.91919
422411875.0,-59.94813
422411937.5,-59.83484
422412000.0,-59.83912
422412062.5,-59.88187
422412125.0,-59.8518
422412187.5,-59.96454
422412250.0,-59.96503
422412312.5,-59.93139
422412375.0,-59.90268
422412437.5,-59.93562
422412500.0,-59.87304
422412562.5,-59.81258
422412625.0,-59.95696
422412687.5,-59.86855
422412750.0,-59.97092
422412812.5,-59.87327
422412875.0,-59.85084
422412937.5,-59.91767
422413000.0,-59.82757
422413062.5,-59.9007
422413125.0,-59.89021
422413187.5,-59.97258
422413250.0,-59.84034
422413312.5,-59.86189
422413375.0,-59.87859
422413437.5,-59.93135
422413500.0,-59.92604
422413562.5,-59.97757
422413625.0,-59.8892
422413687.5,-59.85712
422413750.0,-59.90592
422413812.5,-59.87559
422413875.0,-59.8289
422413937.5,-59.82825
422414000.0,-59.92639
422414062.5,-59.87433
422414125.0,-59.79984
422414187.5,-59.87164
422414250.0,-59.8642
422414312.5,-59.91174
422414375.0,-59.85458
422414437.5,-59.83024
422414500.0,-59.89434
422414562.5,-59.90702
422414625.0,-59.84808
422414687.5,-59.78284
422414750.0,-59.73747
422414812.5,-59.93491
422414875.0,-59.85353
422414937.5,-59.93962
422415000.0,-59.89476
422415062.5,-59.80702
422415125.0,-59.8999
422415187.5,-59.92276
422415250.0,-59.8182
422415312.5,-59.86271
422415375.0,-59.90756
422415437.5,-59.85113
422415500.0,-59.83934
422415562.5,-59.93029
422415625.0,-59.80815
422415687.5,-59.72528
422415750.0,-59.80233
422415812.5,-59.86477
422415875.0,-59.88471
422415937.5,-59.87374
422416000.0,-59.96428
422416062.5,-59.75296
422416125.0,-59.82382
422416187.5,-59.79304
422416250.0,-59.73223
422416312.5,-59.96332
422416375.0,-59.85638
422416437.5,-59.90499
422416500.0,-59.90979
422416562.5,-59.92934
422416625.0,-59.76015
422416687.5,-59.83915
422416750.0,-59.79072
422416812.5,-59.91726
422416875.0,-59.76256
422416937.5,-59.86987
422417000.0,-59.8371
422417062.5,-59.79653
422417125.0,-59.85033
422417187.5,-59.69466
422417250.0,-59.77003
422417312.5,-60.0162
422417375.0,-59.82849
422417437.5,-59.91224
422417500.0,-59.91142
422417562.5,-59.87369
422417625.0,-59.84393
422417687.5,-59.80115
422417750.0,-59.68148
422417812.5,-59.84278
422417875.0,-59.77809
422417937.5,-59.68298
422418000.0,-59.71531
422418062.5,-59.81308
422418125.0,-59.78694
422418187.5,-59.83038
422418250.0,-59.75825
422418312.5,-59.7208
422418375.0,-59.7501
422418437.5,-59.89288
422418500.0,-59.83117
422418562.5,-59.77985
422418625.0,-59.83376
422418687.5,-59.80982
422418750.0,-59.81247
422418812.5,-59.79815
422418875.0,-59.80184
422418937.5,-59.79444
422419000.0,-59.74561
422419062.5,-59.76669
422419125.0,-59.83509
422419187.5,-59.744
422419250.0,-59.83645
422419312.5,-59.8072
422419375.0,-59.72167
422419437.5,-59.8664
422419500.0,-59.87207
422419562.5,-59.83228
422419625.0,-59.77304
422419687.5,-59.72256
422419750.0,-59.72778
422419812.5,-59.83777
422419875.0,-59.83878
422419937.5,-59.72687
422420000.0,-59.7671
422420062.5,-59.84536
422420125.0,-59.887
422420187.5,-59.88636
422420250.0,-59.69709
422420312.5,-59.82753
422420375.0,-59.82814
422420437.5,-59.81088
422420500.0,-59.89206
422420562.5,-59.81088
422420625.0,-59.74592
422420687.5,-59.77632
422420750.0,-59.90356
422420812.5,-59.69412
422420875.0,-59.84278
422420937.5,-59.78675
422421000.0,-59.83418
422421062.5,-59.78162
422421125.0,-59.82948
422421187.5,-59.82575
422421250.0,-59.81009
422421312.5,-59.80125
422421375.0,-59.73385
422421437.5,-59.80056
422421500.0,-59.81392
422421562.5,-59.74703
422421625.0,-59.8038
422421687.5,-59.76179
422421750.0,-59.64888
422421812.5,-59.77942
422421875.0,-59.83435
422421937.5,-59.65739
422422000.0,-59.83739
422422062.5,-59.80733
422422125.0,-59.69211
422422187.5,-59.81558
422422250.0,-59.7715
422422312.5,-59.8353
422422375.0,-59.76661
422422437.5,-59.90147
422422500.0,-59.88093
422422562.5,-59.83351
422422625.0,-59.68868
422422687.5,-59.75106
422422750.0,-59.77019
422422812.5,-59.72926
422422875.0,-59.83035
422422937.5,-59.82228
422423000.0,-59.86799
422423062.5,-59.75107
422423125.0,-59.7538
422423187.5,-59.78112
422423250.0,-59.77331
422423312.5,-59.72449
422423375.0,-59.68335
422423437.5,-59.78093
422423500.0,-59.70794
422423562.5,-59.68358
422423625.0,-59.86708
422423687.5,-59.73585
422423750.0,-59.8931
422423812.5,-59.74603
422423875.0,-59.68521
422423937.5,-59.81918
422424000.0,-59.74758
422424062.5,-59.77932
422424125.0,-59.75553
422424187.5,-59.75835
422424250.0,-59.79834
422424312.5,-59.75555
422424375.0,-59.75297
422424437.5,-59.74817
422424500.0,-59.72211
422424562.5,-59.73154
422424625.0,-59.75898
422424687.5,-59.66965
422424750.0,-59.79602
422424812.5,-59.74815
422424875.0,-59.73528
422424937.5,-59.76188
422425000.0,-59.75124
422425062.5,-59.67595
422425125.0,-59.74704
422425187.5,-59.77573
422425250.0,-59.82151
422425312.5,-59.85221
422425375.0,-59.8423
422425437.5,-59.67815
422425500.0,-59.76855
422425562.5,-59.69065
422425625.0,-59.83858
422425687.5,-59.71501
422425750.0,-59.61328
422425812.5,-59.82437
422425875.0,-59.63881
422425937.5,-59.65199
422426000.0,-59.79454
422426062.5,-59.69208
422426125.0,-59.74046
422426187.5,-59.69954
422426250.0,-59.76332
422426312.5,-59.7463
422426375.0,-59.77265
422426437.5,-59.72077
422426500.0,-59.70866
422426562.5,-59.72486
422426625.0,-59.78328
422426687.5,-59.69791
422426750.0,-59.80593
422426812.5,-59.78527
422426875.0,-59.8102
422426937.5,-59.60189
422427000.0,-59.78452
422427062.5,-59.65393
422427125.0,-59.66246
422427187.5,-59.81774
422427250.0,-59.78155
422427312.5,-59.63277
422427375.0,-59.69449
422427437.5,-59.69741
422427500.0,-59.65145
422427562.5,-59.64328
422427625.0,-59.63267
422427687.5,-59.63803
422427750.0,-59.72208
422427812.5,-59.75636
422427875.0,-59.64635
422427937.5,-59.75756
422428000.0,-59.68099
422428062.5,-59.63999
422428125.0,-59.55022
422428187.5,-59.61369
422428250.0,-59.73293
422428312.5,-59.62405
422428375.0,-59.73964
422428437.5,-59.72771
422428500.0,-59.67249
422428562.5,-59.63676
422428625.0,-59.61616
422428687.5,-59.71076
422428750.0,-59.64885
422428812.5,-59.60793
422428875.0,-59.7268
422428937.5,-59.65324
422429000.0,-59.72009
422429062.5,-59.70901
422429125.0,-59.73097
422429187.5,-59.70805
422429250.0,-59.65006
422429312.5,-59.62775
422429375.0,-59.68011
422429437.5,-59.68187
422429500.0,-59.79151
422429562.5,-59.68368
422429625.0,-59.63822
422429687.5,-59.6636
422429750.0,-59.67336
422429812.5,-59.61472
422429875.0,-59.63151
422429937.5,-59.70184
422430000.0,-59.6924
422430062.5,-59.66792
422430125.0,-59.6637
422430187.5,-59.73446
422430250.0,-59.72861
422430312.5,-59.65968
422430375.0,-59.69396
422430437.5,-59.65628
422430500.0,-59.65114
422430562.5,-59.78332
422430625.0,-59.73344
422430687.5,-59.61983
422430750.0,-59.72803
422430812.5,-59.59959
422430875.0,-59.72694
422430937.5,-59.68867
422431000.0,-59.72124
422431062.5,-59.65659
422431125.0,-59.7373
422431187.5,-59.68287
422431250.0,-59.68579
422431312.5,-59.65969
422431375.0,-59.66964
422431437.5,-59.61962
422431500.0,-59.68252
422431562.5,-59.7485
422431625.0,-59.6087
422431687.5,-59.57019
422431750.0,-59.55518
422431812.5,-59.72318
422431875.0,-59.73228
422431937.5,-59.61706
422432000.0,-59.55004
422432062.5,-59.61757
422432125.0,-59.65909
422432187.5,-59.67607
422432250.0,-59.59617
422432312.5,-59.58109
422432375.0,-59.61116
422432437.5,-59.71168
422432500.0,-59.7474
422432562.5,-59.64514
422432625.0,-59.73429
422432687.5,-59.54036
422432750.0,-59.65028
422432812.5,-59.76925
422432875.0,-59.62611
422432937.5,-59.60924
422433000.0,-59.53102
422433062.5,-59.63435
422433125.0,-59.65808
422433187.5,-59.65243
422433250.0,-59.5351
422433312.5,-59.51783
422433375.0,-59.62348
422433437.5,-59.69912
422433500.0,-59.74105
422433562.5,-59.69675
422433625.0,-59.66972
422433687.5,-59.59827
422433750.0,-59.62074
422433812.5,-59.71984
422433875.0,-59.57345
422433937.5,-59.50459
422434000.0,-59.5354
422434062.5,-59.60373
422434125.0,-59.63017
422434187.5,-59.66987
422434250.0,-59.72057
422434312.5,-59.62016
422434375.0,-59.57536
422434437.5,-59.63297
422434500.0,-59.70921
422434562.5,-59.59615
422434625.0,-59.68275
422434687.5,-59.63348
422434750.0,-59.61594
422434812.5,-59.51973
422434875.0,-59.66196
422434937.5,-59.59258
422435000.0,-59.74609
422435062.5,-59.57626
422435125.0,-59.6196
422435187.5,-59.63892
422435250.0,-59.54183
422435312.5,-59.56571
422435375.0,-59.53018
422435437.5,-59.63753
422435500.0,-59.64837
422435562.5,-59.53593
422435625.0,-59.58029
422435687.5,-59.59985
422435750.0,-59.66648
422435812.5,-59.49677
422435875.0,-59.65061
422435937.5,-59.64721
422436000.0,-59.61848
422436062.5,-59.62493
422436125.0,-59.57494
422436187.5,-59.60969
422436250.0,-59.52012
422436312.5,-59.57924
422436375.0,-59.61958
422436437.5,-59.60243
422436500.0,-59.72484
422436562.5,-59.57203
422436625.0,-59.55757
422436687.5,-59.69854
422436750.0,-59.69636
422436812.5,-59.5974
422436875.0,-59.57001
422436937.5,-59.415
422437000.0,-59.4996
422437062.5,-59.5495
422437125.0,-59.4974
422437187.5,-59.63117
422437250.0,-59.57912
422437312.5,-59.68755
422437375.0,-59.67209
422437437.5,-59.52057
422437500.0,-59.66682
422437562.5,-59.55717
422437625.0,-59.56305
422437687.5,-59.5328
422437750.0,-59.46976
422437812.5,-59.61802
422437875.0,-59.5532
422437937.5,-59.60239
422438000.0,-59.59508
422438062.5,-59.68496
422438125.0,-59.64136
422438187.5,-59.6346
422438250.0,-59.52118
422438312.5,-59.49157
422438375.0,-59.65719
422438437.5,-59.65246
422438500.0,-59.51202
422438562.5,-59.55322
422438625.0,-59.49875
422438687.5,-59.64
422438750.0,-59.59118
422438812.5,-59.61059
422438875.0,-59.56536
422438937.5,-59.61455
422439000.0,-59.60364
422439062.5,-59.6163
422439125.0,-59.53239
422439187.5,-59.71144
422439250.0,-59.58646
422439312.5,-59.64293
422439375.0,-59.62896
422439437.5,-59.63226
422439500.0,-59.55086
422439562.5,-59.68155
422439625.0,-59.51125
422439687.5,-59.59035
422439750.0,-59.51712
422439812.5,-59.61066
422439875.0,-59.54929
422439937.5,-59.54702
422440000.0,-59.68456
422440062.5,-59.58643
422440125.0,-59.58245
422440187.5,-59.48281
422440250.0,-59.6329
422440312.5,-59.60161
422440375.0,-59.58008
422440437.5,-59.54845
422440500.0,-59.45995
422440562.5,-59.46362
422440625.0,-59.55787
422440687.5,-59.49151
422440750.0,-59.47552
422440812.5,-59.64001
422440875.0,-59.47029
422440937.5,-59.53964
422441000.0,-59.46458
422441062.5,-59.63449
422441125.0,-59.608
422441187.5,-59.48161
422441250.0,-59.54481
422441312.5,-59.48067
422441375.0,-59.58093
422441437.5,-59.4817
422441500.0,-59.40428
422441562.5,-59.51736
422441625.0,-59.51998
422441687.5,-59.46955
422441750.0,-59.53249
422441812.5,-59.42072
422441875.0,-59.52687
422441937.5,-59.50281
422442000.0,-59.51611
422442062.5,-59.50055
422442125.0,-59.58078
422442187.5,-59.53759
422442250.0,-59.60913
422442312.5,-59.46875
422442375.0,-59.44649
422442437.5,-59.54246
422442500.0,-59.43902
422442562.5,-59.44522
422442625.0,-59.44986
422442687.5,-59.53516
422442750.0,-59.55374
422442812.5,-59.44622
422442875.0,-59.44361
422442937.5,-59.51153
422443000.0,-59.49988
422443062.5,-59.47102
422443125.0,-59.48409
422443187.5,-59.4487
422443250.0,-59.50151
422443312.5,-59.5649
422443375.0,-59.50296
422443437.5,-59.51011
422443500.0,-59.54932
422443562.5,-59.4276
422443625.0,-59.39181
422443687.5,-59.50286
422443750.0,-59.50824
422443812.5,-59.55098
422443875.0,-59.46144
422443937.5,-59.4458
422444000.0,-59.50037
422444062.5,-59.43106
422444125.0,-59.497
422444187.5,-59.47216
422444250.0,-59.54292
422444312.5,-59.42201
422444375.0,-59.45039
422444437.5,-59.41317
422444500.0,-59.47637
422444562.5,-59.52468
422444625.0,-59.4796
422444687.5,-59.5687
422444750.0,-59.51843
422444812.5,-59.48369
422444875.0,-59.38058
422444937.5,-59.43673
422445000.0,-59.57709
422445062.5,-59.49023
422445125.0,-59.6135
422445187.5,-59.41553
422445250.0,-59.55799
422445312.5,-59.43249
422445375.0,-59.47043
422445437.5,-59.48624
422445500.0,-59.52036
422445562.5,-59.50657
422445625.0,-59.52313
422445687.5,-59.48348
422445750.0,-59.32618
422445812.5,-59.47217
422445875.0,-59.50942
422445937.5,-59.4553
422446000.0,-59.48718
422446062.5,-59.46045
422446125.0,-59.52424
422446187.5,-59.38724
422446250.0,-59.48561
422446312.5,-59.40282
422446375.0,-59.4378
422446437.5,-59.40514
422446500.0,-59.45775
422446562.5,-59.50529
422446625.0,-59.45519
422446687.5,-59.46657
422446750.0,-59.45012
422446812.5,-59.43919
422446875.0,-59.4354
422446937.5,-59.52711
422447000.0,-59.4657
422447062.5,-59.45282
422447125.0,-59.48537
422447187.5,-59.51251
422447250.0,-59.34998
422447312.5,-59.44651
422447375.0,-59.45042
422447437.5,-59.51039
422447500.0,-59.43228
422447562.5,-59.43509
422447625.0,-59.43568
422447687.5,-59.40757
422447750.0,-59.43276
422447812.5,-59.35266
422447875.0,-59.36108
422447937.5,-59.44788
422448000.0,-59.33395
422448062.5,-59.39052
422448125.0,-59.46482
422448187.5,-59.45427
422448250.0,-59.48162
422448312.5,-59.40145
422448375.0,-59.40468
422448437.5,-59.4339
422448500.0,-59.43243
422448562.5,-59.49574
422448625.0,-59.47997
422448687.5,-59.40488
422448750.0,-59.33453
422448812.5,-59.40992
422448875.0,-59.40847
422448937.5,-59.3558
422449000.0,-59.52859
422449062.5,-59.5149
422449125.0,-59.39492
422449187.5,-59.36502
422449250.0,-59.48731
422449312.5,-59.37143
422449375.0,-59.37414
422449437.5,-59.43025
422449500.0,-59.38503
422449562.5,-59.42246
422449625.0,-59.38662
422449687.5,-59.37122
422449750.0,-59.35966
422449812.5,-59.46351
422449875.0,-59.4356
422449937.5,-59.38309
422450000.0,-59.38423
422450062.5,-59.48677
422450125.0,-59.5121
422450187.5,-59.45554
422450250.0,-59.40788
422450312.5,-59.43336
422450375.0,-59.38717
422450437.5,-59.47534
422450500.0,-59.32338
422450562.5,-59.42432
422450625.0,-59.40964
422450687.5,-59.40921
422450750.0,-59.38086
422450812.5,-59.38936
422450875.0,-59.4297
422450937.5,-59.41905
422451000.0,-59.38936
422451062.5,-59.44177
422451125.0,-59.48945
422451187.5,-59.34995
422451250.0,-59.41841
422451312.5,-59.44345
422451375.0,-59.44742
422451437.5,-59.44991
422451500.0,-59.37422
422451562.5,-59.45422
422451625.0,-59.3476
422451687.5,-59.41068
422451750.0,-59.2559
422451812.5,-59.41772
422451875.0,-59.41018
422451937.5,-59.42705
422452000.0,-59.37432
422452062.5,-59.40198
422452125.0,-59.34538
422452187.5,-59.48591
422452250.0,-59.47784
422452312.5,-59.3725
422452375.0,-59.44038
422452437.5,-59.48886
422452500.0,-59.30132
422452562.5,-59.49052
422452625.0,-59.3918
422452687.5,-59.32062
422452750.0,-59.36299
422452812.5,-59.40294
422452875.0,-59.44122
422452937.5,-59.45459
422453000.0,-59.41463
422453062.5,-59.34742
422453125.0,-59.37187
422453187.5,-59.31759
422453250.0,-59.43479
422453312.5,-59.46684
422453375.0,-59.3049
422453437.5,-59.41505
422453500.0,-59.34324
422453562.5,-59.25702
422453625.0,-59.32478
422453687.5,-59.33749
422453750.0,-59.40863
422453812.5,-59.45869
422453875.0,-59.39796
422453937.5,-59.27909
422454000.0,-59.35023
422454062.5,-59.33118
422454125.0,-59.35802
422454187.5,-59.32966
422454250.0,-59.33604
422454312.5,-59.38614
422454375.0,-59.39459
422454437.5,-59.44571
422454500.0,-59.38402
422454562.5,-59.24567
422454625.0,-59.3798
422454687.5,-59.31419
422454750.0,-59.22332
422454812.5,-59.40296
422454875.0,-59.30088
422454937.5,-59.32387
422455000.0,-59.27454
422455062.5,-59.35812
422455125.0,-59.39944
422455187.5,-59.26324
422455250.0,-59.30986
422455312.5,-59.22894
422455375.0,-59.42338
422455437.5,-59.39487
422455500.0,-59.36865
422455562.5,-59.41648
422455625.0,-59.35339
422455687.5,-59.38177
422455750.0,-59.32883
422455812.5,-59.40451
422455875.0,-59.41186
422455937.5,-59.22997
422456000.0,-59.36701
422456062.5,-59.3194
422456125.0,-59.34337
422456187.5,-59.34234
422456250.0,-59.28909
422456312.5,-59.38688
422456375.0,-59.33444
422456437.5,-59.24242
422456500.0,-59.38367
422456562.5,-59.3681
422456625.0,-59.38483
422456687.5,-59.2854
422456750.0,-59.20209
422456812.5,-59.3043
422456875.0,-59.27805
422456937.5,-59.31232
422457000.0,-59.32114
422457062.5,-59.41245
422457125.0,-59.32317
422457187.5,-59.28696
422457250.0,-59.30981
422457312.5,-59.32006
422457375.0,-59.24979
422457437.5,-59.24229
422457500.0,-59.15034
422457562.5,-59.28968
422457625.0,-59.34953
422457687.5,-59.31365
422457750.0,-59.28926
422457812.5,-59.30234
422457875.0,-59.31596
422457937.5,-59.35056
422458000.0,-59.38969
422458062.5,-59.31141
422458125.0,-59.3348
422458187.5,-59.34713
422458250.0,-59.34601
422458312.5,-59.37193
422458375.0,-59.27286
422458437.5,-59.32627
422458500.0,-59.36673
422458562.5,-59.36845
422458625.0,-59.29489
422458687.5,-59.45916
422458750.0,-59.30264
422458812.5,-59.31955
422458875.0,-59.28292
422458937.5,-59.39042
422459000.0,-59.2626
422459062.5,-59.28288
422459125.0,-59.39238
422459187.5,-59.35789
422459250.0,-59.27888
422459312.5,-59.3461
422459375.0,-59.26474
422459437.5,-59.4459
422459500.0,-59.34978
422459562.5,-59.26104
422459625.0,-59.32361
422459687.5,-59.28066
422459750.0,-59.26599
422459812.5,-59.35802
422459875.0,-59.32862
422459937.5,-59.30978
422460000.0,-59.22128
422460062.5,-59.19583
422460125.0,-59.24509
422460187.5,-59.2501
422460250.0,-59.26073
422460312.5,-59.27441
422460375.0,-59.24982
422460437.5,-59.28098
422460500.0,-59.32812
422460562.5,-59.24599
422460625.0,-59.16002
422460687.5,-59.2445
422460750.0,-59.32804
422460812.5,-59.27291
422460875.0,-59.28608
422460937.5,-59.33838
422461000.0,-59.16611
422461062.5,-59.42168
422461125.0,-59.207
422461187.5,-59.24685
422461250.0,-59.34298
422461312.5,-59.27133
422461375.0,-59.31992
422461437.5,-59.22531
422461500.0,-59.16114
422461562.5,-59.32037
422461625.0,-59.36663
422461687.5,-59.14968
422461750.0,-59.34406
422461812.5,-59.24073
422461875.0,-59.29893
422461937.5,-59.23846
422462000.0,-59.32086
422462062.5,-59.17781
422462125.0,-59.25751
422462187.5,-59.21264
422462250.0,-59.33487
422462312.5,-59.1049
422462375.0,-59.30236
422462437.5,-59.29098
422462500.0,-59.17294
422462562.5,-59.31338
422462625.0,-59.23043
422462687.5,-59.24783
422462750.0,-59.30752
422462812.5,-59.2821
422462875.0,-59.16849
422462937.5,-59.18855
422463000.0,-59.01594
422463062.5,-59.21595
422463125.0,-59.26608
422463187.5,-59.13323
422463250.0,-59.19311
422463312.5,-59.27696
422463375.0,-59.17534
422463437.5,-59.25853
422463500.0,-59.24857
422463562.5,-59.31864
422463625.0,-59.12427
422463687.5,-59.20835
422463750.0,-59.23156
422463812.5,-59.25009
422463875.0,-59.27406
422463937.5,-59.2429
422464000.0,-59.25158
422464062.5,-59.23639
422464125.0,-59.21864
422464187.5,-59.31642
422464250.0,-59.20797
422464312.5,-59.25144
422464375.0,-59.25114
422464437.5,-59.14124
422464500.0,-59.2345
422464562.5,-59.18695
422464625.0,-59.1846
422464687.5,-59.25619
422464750.0,-59.22557
422464812.5,-59.21533
422464875.0,-59.25414
422464937.5,-59.23457
422465000.0,-59.12546
422465062.5,-59.21478
422465125.0,-59.16554
422465187.5,-59.25238
422465250.0,-59.22469
422465312.5,-59.21871
422465375.0,-59.22344
422465437.5,-59.1107
422465500.0,-59.39542
422465562.5,-59.21406
422465625.0,-59.28176
422465687.5,-59.28133
422465750.0,-59.18143
422465812.5,-59.07836
422465875.0,-59.31751
422465937.5,-59.33845
422466000.0,-59.15016
422466062.5,-59.09965
422466125.0,-59.22945
422466187.5,-59.06403
422466250.0,-59.13042
422466312.5,-59.29213
422466375.0,-59.14734
422466437.5,-59.25209
422466500.0,-59.10758
422466562.5,-59.13413
422466625.0,-59.27664
422466687.5,-59.2092
422466750.0,-59.16325
422466812.5,-59.2194
422466875.0,-59.11343
422466937.5,-59.35704
422467000.0,-59.18611
422467062.5,-59.1642
422467125.0,-59.17713
422467187.5,-59.25233
422467250.0,-59.18903
422467312.5,-59.14667
422467375.0,-59.28988
422467437.5,-59.29242
422467500.0,-59.17232
422467562.5,-59.26493
422467625.0,-59.22362
422467687.5,-59.20947
422467750.0,-59.15096
422467812.5,-59.21862
422467875.0,-59.17575
422467937.5,-59.19775
422468000.0,-59.16477
422468062.5,-59.17437
422468125.0,-59.26065
422468187.5,-59.2434
422468250.0,-59.187
422468312.5,-59.2063
422468375.0,-59.14414
422468437.5,-59.14957
422468500.0,-59.09283
422468562.5,-59.1611
422468625.0,-59.18726
422468687.5,-59.20391
422468750.0,-59.18773
422468812.5,-59.15409
422468875.0,-59.13345
422468937.5,-59.23125
422469000.0,-59.08588
422469062.5,-59.09631
422469125.0,-59.15057
422469187.5,-59.29797
422469250.0,-59.08383
422469312.5,-59.03982
422469375.0,-59.1414
422469437.5,-59.20791
422469500.0,-59.09907
422469562.5,-59.1541
422469625.0,-59.13251
422469687.5,-59.25005
422469750.0,-59.18778
422469812.5,-59.18365
422469875.0,-59.18271
422469937.5,-59.16406
422470000.0,-59.084
422470062.5,-59.11668
422470125.0,-59.10242
422470187.5,-59.11768
422470250.0,-59.14954
422470312.5,-59.19155
422470375.0,-59.12918
422470437.5,-59.17878
422470500.0,-59.18703
422470562.5,-59.20428
422470625.0,-59.13836
422470687.5,-59.19235
422470750.0,-59.15394
422470812.5,-59.08624
422470875.0,-59.07067
422470937.5,-59.22721
422471000.0,-59.01198
422471062.5,-59.1256
422471125.0,-59.21287
422471187.5,-59.18975
422471250.0,-59.10562
422471312.5,-59.09238
422471375.0,-59.06607
422471437.5,-59.0466
422471500.0,-59.08318
422471562.5,-59.13044
422471625.0,-59.15197
422471687.5,-59.19237
422471750.0,-59.20199
422471812.5,-59.21746
422471875.0,-59.05353
422471937.5,-59.06574
422472000.0,-59.12153
422472062.5,-59.07065
422472125.0,-58.98169
422472187.5,-59.12916
422472250.0,-58.97832
422472312.5,-59.17341
422472375.0,-59.05326
422472437.5,-59.09206
422472500.0,-59.13991
422472562.5,-59.17679
422472625.0,-59.18501
422472687.5,-59.04548
422472750.0,-59.13252
422472812.5,-59.15619
422472875.0,-59.16364
422472937.5,-59.16477
422473000.0,-59.08673
422473062.5,-59.06673
422473125.0,-59.13515
422473187.5,-59.09056
422473250.0,-59.05352
422473312.5,-59.1444
422473375.0,-59.16636
422473437.5,-59.13245
422473500.0,-59.19674
422473562.5,-59.07446
422473625.0,-59.05812
422473687.5,-59.18811
422473750.0,-59.01837
422473812.5,-59.06918
422473875.0,-59.07317
422473937.5,-59.08018
422474000.0,-59.09102
422474062.5,-59.05016
422474125.0,-59.11005
422474187.5,-59.06348
422474250.0,-59.1139
422474312.5,-59.0765
422474375.0,-59.03185
422474437.5,-59.11717
422474500.0,-59.1698
422474562.5,-58.94543
422474625.0,-59.10835
422474687.5,-59.0323
422474750.0,-59.07771
422474812.5,-59.01899
422474875.0,-59.08039
422474937.5,-59.13684
422475000.0,-59.07624
422475062.5,-59.03881
422475125.0,-59.15454
422475187.5,-59.12912
422475250.0,-59.11644
422475312.5,-59.10674
422475375.0,-59.04197
422475437.5,-59.02949
422475500.0,-59.10003
422475562.5,-59.16864
422475625.0,-59.0487
422475687.5,-58.93652
422475750.0,-59.05595
422475812.5,-59.15273
422475875.0,-59.06165
422475937.5,-58.98304
422476000.0,-59.04309
422476062.5,-59.03434
422476125.0,-59.07121
422476187.5,-59.02284
422476250.0,-59.17169
422476312.5,-59.16144
422476375.0,-59.01906
422476437.5,-59.01447
422476500.0,-59.00117
422476562.5,-59.11588
422476625.0,-59.1914
422476687.5,-59.08711
422476750.0,-59.1689
422476812.5,-59.13946
422476875.0,-59.08391
422476937.5,-58.96101
422477000.0,-59.06883
422477062.5,-59.14462
422477125.0,-59.04514
422477187.5,-59.15166
422477250.0,-59.07343
422477312.5,-59.03158
422477375.0,-59.00093
422477437.5,-59.01315
422477500.0,-59.11868
422477562.5,-59.02723
422477625.0,-59.0406
422477687.5,-59.09792
422477750.0,-59.08915
422477812.5,-59.1027
422477875.0,-59.11118
422477937.5,-58.96105
422478000.0,-58.991
422478062.5,-59.00708
422478125.0,-59.06434
422478187.5,-59.0699
422478250.0,-59.01333
422478312.5,-59.03044
422478375.0,-58.97969
422478437.5,-59.02645
422478500.0,-59.05554
422478562.5,-59.08488
422478625.0,-58.98433
422478687.5,-59.0218
422478750.0,-59.03738
422478812.5,-58.96137
422478875.0,-58.96935
422478937.5,-58.98628
422479000.0,-58.98872
422479062.5,-59.03315
422479125.0,-59.10932
422479187.5,-59.07026
422479250.0,-59.1255
422479312.5,-58.9826
422479375.0,-59.0804
422479437.5,-59.01234
422479500.0,-59.02452
422479562.5,-58.99426
422479625.0,-59.02546
422479687.5,-58.95633
422479750.0,-59.03128
422479812.5,-59.11085
422479875.0,-59.11124
422479937.5,-58.96564
422480000.0,-59.05558
422480062.5,-58.96251
422480125.0,-59.00666
422480187.5,-59.05335
422480250.0,-59.0517
422480312.5,-59.07803
422480375.0,-58.97444
422480437.5,-59.01194
422480500.0,-59.0783
422480562.5,-58.97425
422480625.0,-59.01657
422480687.5,-59.00655
422480750.0,-59.01263
422480812.5,-58.98518
422480875.0,-58.9019
422480937.5,-58.98475
422481000.0,-58.98441
422481062.5,-58.98816
422481125.0,-58.96655
422481187.5,-58.98354
422481250.0,-58.9195
422481312.5,-59.00004
422481375.0,-58.98756
422481437.5,-58.97488
422481500.0,-58.96207
422481562.5,-59.072
422481625.0,-59.05622
422481687.5,-58.89471
422481750.0,-59.06839
422481812.5,-59.00302
422481875.0,-58.94345
422481937.5,-59.11502
422482000.0,-59.01197
422482062.5,-59.06301
422482125.0,-58.90174
422482187.5,-59.0376
422482250.0,-58.90623
422482312.5,-58.97692
422482375.0,-59.06018
422482437.5,-58.92839
422482500.0,-58.94862
422482562.5,-59.01506
422482625.0,-59.02024
422482687.5,-58.90313
422482750.0,-59.02911
422482812.5,-58.98042
422482875.0,-58.98343
422482937.5,-58.94952
422483000.0,-59.01721
422483062.5,-58.95937
422483125.0,-58.87398
422483187.5,-58.94381
422483250.0,-58.88922
422483312.5,-58.9556
422483375.0,-59.01491
422483437.5,-58.97952
422483500.0,-59.00317
422483562.5,-58.98664
422483625.0,-58.96197
422483687.5,-58.99868
422483750.0,-58.93367
422483812.5,-58.93355
422483875.0,-59.01075
422483937.5,-58.93641
422484000.0,-59.02566
422484062.5,-58.93489
422484125.0,-59.12205
422484187.5,-58.99699
422484250.0,-58.98809
422484312.5,-58.82225
422484375.0,-58.92761
422484437.5,-59.02693
422484500.0,-58.97267
422484562.5,-58.99716
422484625.0,-59.06462
422484687.5,-58.8055
422484750.0,-58.96793
422484812.5,-58.98664
422484875.0,-58.90202
422484937.5,-59.00663
422485000.0,-58.97134
422485062.5,-58.95619
422485125.0,-58.99412
422485187.5,-58.97128
422485250.0,-59.04464
422485312.5,-58.95766
422485375.0,-58.91143
422485437.5,-59.04281
422485500.0,-58.94325
422485562.5,-58.86512
422485625.0,-58.89936
422485687.5,-58.85258
422485750.0,-58.91066
422485812.5,-58.91884
422485875.0,-58.87885
422485937.5,-58.88514
422486000.0,-58.8615
422486062.5,-58.89735
422486125.0,-59.01435
422486187.5,-58.87448
422486250.0,-59.01554
422486312.5,-58.84948
422486375.0,-58.92643
422486437.5,-58.88564
422486500.0,-59.04763
422486562.5,-58.88956
422486625.0,-58.89614
422486687.5,-58.89399
422486750.0,-58.97012
422486812.5,-58.915
422486875.0,-58.90888
422486937.5,-58.83586
422487000.0,-59.02755
422487062.5,-58.97974
422487125.0,-58.88343
422487187.5,-58.97068
422487250.0,-58.91065
422487312.5,-58.88848
422487375.0,-58.93431
422487437.5,-58.90656
422487500.0,-58.89849
422487562.5,-58.933
422487625.0,-58.90734
422487687.5,-58.9651
422487750.0,-58.91776
422487812.5,-59.00586
422487875.0,-58.92373
422487937.5,-58.9377
422488000.0,-58.93074
422488062.5,-58.98798
422488125.0,-58.8033
422488187.5,-58.84361
422488250.0,-58.88046
422488312.5,-58.90393
422488375.0,-58.91211
422488437.5,-58.84898
422488500.0,-58.90126
422488562.5,-58.83868
422488625.0,-58.92135
422488687.5,-58.8297
422488750.0,-58.97429
422488812.5,-59.03339
422488875.0,-58.90506
422488937.5,-58.89808
422489000.0,-58.99183
422489062.5,-58.87584
422489125.0,-58.93497
422489187.5,-58.83247
422489250.0,-58.78922
422489312.5,-58.84603
422489375.0,-58.75059
422489437.5,-58.87297
422489500.0,-58.88334
422489562.5,-58.88901
422489625.0,-58.87256
422489687.5,-58.85331
422489750.0,-58.87634
422489812.5,-58.94772
422489875.0,-58.89167
422489937.5,-58.84633
422490000.0,-58.88918
422490062.5,-58.84313
422490125.0,-58.80336
422490187.5,-58.87828
422490250.0,-58.84483
422490312.5,-58.8971
422490375.0,-58.96598
422490437.5,-58.76515
422490500.0,-58.91395
422490562.5,-58.88207
422490625.0,-58.89157
422490687.5,-58.9558
422490750.0,-58.82034
422490812.5,-58.92244
422490875.0,-58.94104
422490937.5,-58.90527
422491000.0,-58.82292
422491062.5,-58.8752
422491125.0,-58.85656
422491187.5,-58.81421
422491250.0,-58.84787
422491312.5,-58.75611
422491375.0,-58.87074
422491437.5,-58.80905
422491500.0,-58.90849
422491562.5,-58.85494
422491625.0,-58.8782
422491687.5,-58.88737
422491750.0,-58.88309
422491812.5,-58.86739
422491875.0,-58.79635
422491937.5,-58.83763
422492000.0,-58.81078
422492062.5,-58.87196
422492125.0,-58.84375
422492187.5,-58.92102
422492250.0,-58.90849
422492312.5,-58.78388
422492375.0,-58.84732
422492437.5,-58.7965
422492500.0,-58.88014
422492562.5,-58.83359
422492625.0,-58.98751
422492687.5,-58.86551
422492750.0,-58.74891
422492812.5,-58.91739
422492875.0,-58.86563
422492937.5,-58.75585
422493000.0,-58.91187
422493062.5,-58.86218
422493125.0,-58.85238
422493187.5,-58.87283
422493250.0,-58.90134
422493312.5,-58.77706
422493375.0,-58.91758
422493437.5,-58.82929
422493500.0,-58.87155
422493562.5,-58.80322
422493625.0,-58.92019
422493687.5,-58.74489
422493750.0,-58.81309
422493812.5,-58.85682
422493875.0,-58.90424
422493937.5,-58.83829
422494000.0,-58.78674
422494062.5,-58.73705
422494125.0,-58.81468
422494187.5,-58.868
422494250.0,-58.7981
422494312.5,-58.77651
422494375.0,-58.80045
422494437.5,-58.78352
422494500.0,-58.72105
422494562.5,-58.76601
422494625.0,-58.84841
422494687.5,-58.75331
422494750.0,-58.83012
422494812.5,-58.803
422494875.0,-58.82961
422494937.5,-58.78547
422495000.0,-58.88785
422495062.5,-58.90492
422495125.0,-58.83319
422495187.5,-58.68913
422495250.0,-58.85912
422495312.5,-58.83706
422495375.0,-58.72307
422495437.5,-58.77602
422495500.0,-58.74152
422495562.5,-58.78362
422495625.0,-58.7402
422495687.5,-58.86723
422495750.0,-58.76812
422495812.5,-58.87553
422495875.0,-58.75103
422495937.5,-58.73413
422496000.0,-58.84041
422496062.5,-58.78357
422496125.0,-58.81056
422496187.5,-58.81947
422496250.0,-58.70993
422496312.5,-58.79893
422496375.0,-58.85511
422496437.5,-58.79859
422496500.0,-58.79799
422496562.5,-58.85441
422496625.0,-58.77073
422496687.5,-58.71329
422496750.0,-58.73642
422496812.5,-58.80987
422496875.0,-58.8619
422496937.5,-58.7811
422497000.0,-58.76187
422497062.5,-58.70377
422497125.0,-58.8445
422497187.5,-58.89854
422497250.0,-58.6811
422497312.5,-58.77051
422497375.0,-58.78584
422497437.5,-58.79732
422497500.0,-58.85517
422497562.5,-58.76621
422497625.0,-58.79988
422497687.5,-58.79693
422497750.0,-58.80975
422497812.5,-58.83524
422497875.0,-58.681
422497937.5,-58.77042
422498000.0,-58.73576
422498062.5,-58.84562
422498125.0,-58.87244
422498187.5,-58.6609
422498250.0,-58.74458
422498312.5,-58.62831
422498375.0,-58.78538
422498437.5,-58.81043
422498500.0,-58.78449
422498562.5,-58.68781
422498625.0,-58.81875
422498687.5,-58.8256
422498750.0,-58.75517
422498812.5,-58.75485
422498875.0,-58.74243
422498937.5,-58.71817
422499000.0,-58.80974
422499062.5,-58.72071
422499125.0,-58.74768
422499187.5,-58.77618
422499250.0,-58.75266
422499312.5,-58.74138
422499375.0,-58.77168
422499437.5,-58.75964
422499500.0,-58.7956
422499562.5,-58.78179
422499625.0,-58.78548
422499687.5,-58.6309
422499750.0,-58.75867
422499812.5,-58.73011
422499875.0,-58.69598
422499937.5,-58.76474
422500000.0,-58.65915
422500062.5,-58.73814
422500125.0,-58.74063
422500187.5,-58.72012
422500250.0,-58.77692
422500312.5,-58.7992
422500375.0,-58.76215
422500437.5,-58.72729
422500500.0,-58.65773
422500562.5,-58.58333
422500625.0,-58.74057
422500687.5,-58.79591
422500750.0,-58.67167
422500812.5,-58.7249
422500875.0,-58.66155
422500937.5,-58.71428
422501000.0,-58.79719
422501062.5,-58.71277
422501125.0,-58.73169
422501187.5,-58.75892
422501250.0,-58.67807
422501312.5,-58.70985
422501375.0,-58.72612
422501437.5,-58.73745
422501500.0,-58.70853
422501562.5,-58.74573
422501625.0,-58.5804
422501687.5,-58.72576
422501750.0,-58.69778
422501812.5,-58.7395
422501875.0,-58.68377
422501937.5,-58.66954
422502000.0,-58.76717
422502062.5,-58.76672
422502125.0,-58.71918
422502187.5,-58.71642
422502250.0,-58.70708
422502312.5,-58.75251
422502375.0,-58.76462
422502437.5,-58.7166
422502500.0,-58.74526
422502562.5,-58.64244
422502625.0,-58.56461
422502687.5,-58.65936
422502750.0,-58.73672
422502812.5,-58.71289
422502875.0,-58.62521
422502937.5,-58.80614
422503000.0,-58.77698
422503062.5,-58.72327
422503125.0,-58.71741
422503187.5,-58.72866
422503250.0,-58.73071
422503312.5,-58.62194
422503375.0,-58.73508
422503437.5,-58.63254
422503500.0,-58.68284
422503562.5,-58.6335
422503625.0,-58.74779
422503687.5,-58.74434
422503750.0,-58.67329
422503812.5,-58.63206
422503875.0,-58.64429
422503937.5,-58.81245
422504000.0,-58.76139
422504062.5,-58.75687
422504125.0,-58.62688
422504187.5,-58.6911
422504250.0,-58.6329
422504312.5,-58.70914
422504375.0,-58.72297
422504437.5,-58.7005
422504500.0,-58.59293
422504562.5,-58.64351
422504625.0,-58.66194
422504687.5,-58.70338
422504750.0,-58.64606
422504812.5,-58.67217
422504875.0,-58.70285
422504937.5,-58.66326
422505000.0,-58.67492
422505062.5,-58.62835
422505125.0,-58.64613
422505187.5,-58.61768
422505250.0,-58.72853
422505312.5,-58.68361
422505375.0,-58.68678
422505437.5,-58.73413
422505500.0,-58.63205
422505562.5,-58.58924
422505625.0,-58.68855
422505687.5,-58.69828
422505750.0,-58.6795
422505812.5,-58.67989
422505875.0,-58.61021
422505937.5,-58.61757
422506000.0,-58.6325
422506062.5,-58.67609
422506125.0,-58.57233
422506187.5,-58.64341
422506250.0,-58.70926
422506312.5,-58.6408
422506375.0,-58.69001
422506437.5,-58.67392
422506500.0,-58.69878
422506562.5,-58.64058
422506625.0,-58.66252
422506687.5,-58.66399
422506750.0,-58.70089
422506812.5,-58.6415
422506875.0,-58.52191
422506937.5,-58.72893
422507000.0,-58.69533
422507062.5,-58.65764
422507125.0,-58.63415
422507187.5,-58.67159
422507250.0,-58.61322
422507312.5,-58.57552
422507375.0,-58.66168
422507437.5,-58.58501
422507500.0,-58.63151
422507562.5,-58.72492
422507625.0,-58.69222
422507687.5,-58.52379
422507750.0,-58.63077
422507812.5,-58.67567
422507875.0,-58.6667
422507937.5,-58.64288
422508000.0,-58.59809
422508062.5,-58.67467
422508125.0,-58.58631
422508187.5,-58.56242
422508250.0,-58.57856
422508312.5,-58.71788
422508375.0,-58.5118
422508437.5,-58.63095
422508500.0,-58.65282
422508562.5,-58.59747
422508625.0,-58.76931
422508687.5,-58.57575
422508750.0,-58.72355
422508812.5,-58.61584
422508875.0,-58.6917
422508937.5,-58.60162
422509000.0,-58.63811
422509062.5,-58.60236
422509125.0,-58.65235
422509187.5,-58.56336
422509250.0,-58.67888
422509312.5,-58.63683
422509375.0,-58.63639
422509437.5,-58.59234
422509500.0,-58.57412
422509562.5,-58.56493
422509625.0,-58.63442
422509687.5,-58.54984
422509750.0,-58.5553
422509812.5,-58.58657
422509875.0,-58.54832
422509937.5,-58.62389
422510000.0,-58.67533
422510062.5,-58.60616
422510125.0,-58.56581
422510187.5,-58.66138
422510250.0,-58.55283
422510312.5,-58.66484
422510375.0,-58.59627
422510437.5,-58.6038
422510500.0,-58.66795
422510562.5,-58.61314
422510625.0,-58.5126
422510687.5,-58.56874
422510750.0,-58.52406
422510812.5,-58.57101
422510875.0,-58.6135
422510937.5,-58.56404
422511000.0,-58.55308
422511062.5,-58.592
422511125.0,-58.54317
422511187.5,-58.55201
422511250.0,-58.61242
422511312.5,-58.60095
422511375.0,-58.54071
422511437.5,-58.61743
422511500.0,-58.56977
422511562.5,-58.60292
422511625.0,-58.62926
422511687.5,-58.62056
422511750.0,-58.61398
422511812.5,-58.55221
422511875.0,-58.63276
422511937.5,-58.62128
422512000.0,-58.57726
422512062.5,-58.53075
422512125.0,-58.54266
422512187.5,-58.4916
422512250.0,-58.5644
422512312.5,-58.47656
422512375.0,-58.55055
422512437.5,-58.54863
422512500.0,-58.63555
422512562.5,-58.56506
422512625.0,-58.5821
422512687.5,-58.56119
422512750.0,-58.56863
422512812.5,-58.58187
422512875.0,-58.53033
422512937.5,-58.58918
422513000.0,-58.53638
422513062.5,-58.4657
422513125.0,-58.5058
422513187.5,-58.55917
422513250.0,-58.56055
422513312.5,-58.55651
422513375.0,-58.54546
422513437.5,-58.56673
422513500.0,-58.56417
422513562.5,-58.55652
422513625.0,-58.48049
422513687.5,-58.63776
422513750.0,-58.60086
422513812.5,-58.5448
422513875.0,-58.45876
422513937.5,-58.57651
422514000.0,-58.55148
422514062.5,-58.55659
422514125.0,-58.66832
422514187.5,-58.50867
422514250.0,-58.49134
422514312.5,-58.54426
422514375.0,-58.44464
422514437.5,-58.46458
422514500.0,-58.52001
422514562.5,-58.52934
422514625.0,-58.49927
422514687.5,-58.50132
422514750.0,-58.59455
422514812.5,-58.51603
422514875.0,-58.54183
422514937.5,-58.5664
422515000.0,-58.50186
422515062.5,-58.45553
422515125.0,-58.51379
422515187.5,-58.59714
422515250.0,-58.50476
422515312.5,-58.5144
422515375.0,-58.48236
422515437.5,-58.49908
422515500.0,-58.46459
422515562.5,-58.52762
422515625.0,-58.56628
422515687.5,-58.49466
422515750.0,-58.50789
422515812.5,-58.40545
422515875.0,-58.63868
422515937.5,-58.49123
422516000.0,-58.62086
422516062.5,-58.69519
422516125.0,-58.54911
422516187.5,-58.55268
422516250.0,-58.48553
422516312.5,-58.44714
422516375.0,-58.59429
422516437.5,-58.52742
422516500.0,-58.45125
422516562.5,-58.49794
422516625.0,-58.59791
422516687.5,-58.50609
422516750.0,-58.44722
422516812.5,-58.58647
422516875.0,-58.48653
422516937.5,-58.44714
422517000.0,-58.56623
422517062.5,-58.54138
422517125.0,-58.45053
422517187.5,-58.51257
422517250.0,-58.47171
422517312.5,-58.46296
422517375.0,-58.48242
422517437.5,-58.46888
422517500.0,-58.50949
422517562.5,-58.58831
422517625.0,-58.38234
422517687.5,-58.38676
422517750.0,-58.41824
422517812.5,-58.43922
422517875.0,-58.48053
422517937.5,-58.49728
422518000.0,-58.54062
422518062.5,-58.4007
422518125.0,-58.49091
422518187.5,-58.4472
422518250.0,-58.51476
422518312.5,-58.47548
422518375.0,-58.58912
422518437.5,-58.4816
422518500.0,-58.47091
422518562.5,-58.51575
422518625.0,-58.44352
422518687.5,-58.50357
422518750.0,-58.4779
422518812.5,-58.50325
422518875.0,-58.46755
422518937.5,-58.44532
422519000.0,-58.43937
422519062.5,-58.51694
422519125.0,-58.4785
422519187.5,-58.46325
422519250.0,-58.44187
422519312.5,-58.56759
422519375.0,-58.49134
422519437.5,-58.52244
422519500.0,-58.45477
422519562.5,-58.58357
422519625.0,-58.4905
422519687.5,-58.49665
422519750.0,-58.55559
422519812.5,-58.45263
422519875.0,-58.43014
422519937.5,-58.47111
422520000.0,-58.46817
422520062.5,-58.41718
422520125.0,-58.41168
422520187.5,-58.45023
422520250.0,-58.45111
422520312.5,-58.43849
422520375.0,-58.43952
422520437.5,-58.40805
422520500.0,-58.41112
422520562.5,-58.44975
422520625.0,-58.43888
422520687.5,-58.56135
422520750.0,-58.3947
422520812.5,-58.37722
422520875.0,-58.45621
422520937.5,-58.51707
422521000.0,-58.50402
422521062.5,-58.42435
422521125.0,-58.42072
422521187.5,-58.42007
422521250.0,-58.38986
422521312.5,-58.55571
422521375.0,-58.47637
422521437.5,-58.48043
422521500.0,-58.42513
422521562.5,-58.44322
422521625.0,-58.43229
422521687.5,-58.43382
422521750.0,-58.4289
422521812.5,-58.33557
422521875.0,-58.48157
422521937.5,-58.37642
422522000.0,-58.42513
422522062.5,-58.44889
422522125.0,-58.38664
422522187.5,-58.47958
422522250.0,-58.45366
422522312.5,-58.4455
422522375.0,-58.44736
422522437.5,-58.35661
422522500.0,-58.46152
422522562.5,-58.3877
422522625.0,-58.51075
422522687.5,-58.29404
422522750.0,-58.32199
422522812.5,-58.41442
422522875.0,-58.396
422522937.5,-58.49632
422523000.0,-58.48127
422523062.5,-58.4431
422523125.0,-58.3573
422523187.5,-58.41516
422523250.0,-58.47202
422523312.5,-58.5571
422523375.0,-58.38391
422523437.5,-58.49151
422523500.0,-58.41655
422523562.5,-58.37894
422523625.0,-58.39063
422523687.5,-58.40828
422523750.0,-58.41397
422523812.5,-58.43053
422523875.0,-58.36612
422523937.5,-58.37675
422524000.0,-58.35946
422524062.5,-58.41214
422524125.0,-58.40601
422524187.5,-58.49986
422524250.0,-58.34827
422524312.5,-58.36765
422524375.0,-58.39713
422524437.5,-58.41362
422524500.0,-58.44612
422524562.5,-58.4072
422524625.0,-58.37031
422524687.5,-58.37446
422524750.0,-58.4787
422524812.5,-58.32029
422524875.0,-58.50656
422524937.5,-58.28757
422525000.0,-58.33454
422525062.5,-58.31855
422525125.0,-58.28771
422525187.5,-58.44296
422525250.0,-58.34904
422525312.5,-58.42624
422525375.0,-58.27197
422525437.5,-58.38808
422525500.0,-58.35003
422525562.5,-58.34213
422525625.0,-58.4809
422525687.5,-58.43518
422525750.0,-58.22046
422525812.5,-58.3887
422525875.0,-58.43388
422525937.5,-58.31796
422526000.0,-58.38889
422526062.5,-58.31509
422526125.0,-58.36308
422526187.5,-58.35244
422526250.0,-58.34371
422526312.5,-58.48019
422526375.0,-58.37327
422526437.5,-58.31709
422526500.0,-58.44748
422526562.5,-58.35847
422526625.0,-58.33007
422526687.5,-58.41201
422526750.0,-58.35155
422526812.5,-58.4985
422526875.0,-58.3693
422526937.5,-58.42682
422527000.0,-58.34727
422527062.5,-58.28508
422527125.0,-58.32011
422527187.5,-58.3942
422527250.0,-58.35455
422527312.5,-58.29843
422527375.0,-58.33334
422527437.5,-58.32794
422527500.0,-58.33196
422527562.5,-58.29113
422527625.0,-58.35402
422527687.5,-58.4389
422527750.0,-58.45108
422527812.5,-58.36554
422527875.0,-58.33205
422527937.5,-58.31739
422528000.0,-58.2685
422528062.5,-58.32262
422528125.0,-58.33973
422528187.5,-58.2894
422528250.0,-58.38995
422528312.5,-58.26346
422528375.0,-58.27838
422528437.5,-58.24326
422528500.0,-58.18716
422528562.5,-58.2546
422528625.0,-58.32255
422528687.5,-58.3722
422528750.0,-58.26843
422528812.5,-58.33943
422528875.0,-58.30965
422528937.5,-58.27682
422529000.0,-58.3325
422529062.5,-58.30106
422529125.0,-58.27934
422529187.5,-58.36165
422529250.0,-58.29808
422529312.5,-58.28451
422529375.0,-58.27223
422529437.5,-58.27513
422529500.0,-58.29361
422529562.5,-58.40046
422529625.0,-58.32759
422529687.5,-58.32223
422529750.0,-58.29731
422529812.5,-58.30621
422529875.0,-58.33823
422529937.5,-58.27694
422530000.0,-58.32489
422530062.5,-58.3264
422530125.0,-58.33258
422530187.5,-58.2707
422530250.0,-58.34138
422530312.5,-58.32036
422530375.0,-58.28293
422530437.5,-58.26373
422530500.0,-58.33162
422530562.5,-58.2892
422530625.0,-58.24392
422530687.5,-58.28416
422530750.0,-58.23383
422530812.5,-58.2756
422530875.0,-58.2973
422530937.5,-58.30436
422531000.0,-58.31942
422531062.5,-58.27879
422531125.0,-58.36123
422531187.5,-58.33565
422531250.0,-58.2231
422531312.5,-58.3764
422531375.0,-58.29232
422531437.5,-58.19081
422531500.0,-58.40801
422531562.5,-58.31704
422531625.0,-58.27725
422531687.5,-58.33913
422531750.0,-58.29242
422531812.5,-58.3302
422531875.0,-58.26224
422531937.5,-58.31215
422532000.0,-58.14748
422532062.5,-58.36058
422532125.0,-58.34185
422532187.5,-58.28352
422532250.0,-58.33813
422532312.5,-58.26895
422532375.0,-58.34741
422532437.5,-58.37961
422532500.0,-58.22691
422532562.5,-58.22146
422532625.0,-58.22389
422532687.5,-58.29916
422532750.0,-58.27784
422532812.5,-58.34495
422532875.0,-58.25306
422532937.5,-58.32895
422533000.0,-58.27146
422533062.5,-58.27321
422533125.0,-58.28977
422533187.5,-58.24574
422533250.0,-58.30696
422533312.5,-58.21848
422533375.0,-58.3467
422533437.5,-58.28719
422533500.0,-58.40426
422533562.5,-58.25647
422533625.0,-58.26918
422533687.5,-58.24869
422533750.0,-58.29515
422533812.5,-58.33087
422533875.0,-58.25126
422533937.5,-58.30803
422534000.0,-58.23983
422534062.5,-58.20181
422534125.0,-58.17881
422534187.5,-58.19983
422534250.0,-58.25677
422534312.5,-58.17959
422534375.0,-58.3101
422534437.5,-58.26834
422534500.0,-58.25171
422534562.5,-58.21965
422534625.0,-58.26543
422534687.5,-58.23716
422534750.0,-58.30938
422534812.5,-58.27353
422534875.0,-58.26993
422534937.5,-58.31829
422535000.0,-58.21489
422535062.5,-58.25514
422535125.0,-58.21475
422535187.5,-58.28797
422535250.0,-58.20179
422535312.5,-58.18325
422535375.0,-58.19511
422535437.5,-58.20624
422535500.0,-58.19147
422535562.5,-58.14103
422535625.0,-58.21734
422535687.5,-58.19291
422535750.0,-58.21274
422535812.5,-58.22525
422535875.0,-58.29087
422535937.5,-58.30818
422536000.0,-58.195
422536062.5,-58.20491
422536125.0,-58.22129
422536187.5,-58.21435
422536250.0,-58.20791
422536312.5,-58.33896
422536375.0,-58.15915
422536437.5,-58.30989
422536500.0,-58.2504
422536562.5,-58.17471
422536625.0,-58.22648
422536687.5,-58.26352
422536750.0,-58.15418
422536812.5,-58.14066
422536875.0,-58.27485
422536937.5,-58.10305
422537000.0,-58.22298
422537062.5,-58.14333
422537125.0,-58.32939
422537187.5,-58.09321
422537250.0,-58.19183
422537312.5,-58.16469
422537375.0,-58.21218
422537437.5,-58.17129
422537500.0,-58.22493
422537562.5,-58.22204
422537625.0,-58.17769
422537687.5,-58.13208
422537750.0,-58.17346
422537812.5,-58.2734
422537875.0,-58.11213
422537937.5,-58.15768
422538000.0,-58.18714
422538062.5,-58.2433
422538125.0,-58.08921
422538187.5,-58.19168
422538250.0,-58.10978
422538312.5,-58.21997
422538375.0,-58.29162
422538437.5,-58.20807
422538500.0,-58.18974
422538562.5,-58.24335
422538625.0,-58.15487
422538687.5,-58.14701
422538750.0,-58.15189
422538812.5,-58.22031
422538875.0,-58.21422
422538937.5,-58.19017
422539000.0,-58.1931
422539062.5,-58.12885
422539125.0,-58.21746
422539187.5,-57.99553
422539250.0,-58.1755
422539312.5,-58.19374
422539375.0,-58.20698
422539437.5,-58.2168
422539500.0,-58.19798
422539562.5,-58.15248
422539625.0,-58.24467
422539687.5,-58.20371
422539750.0,-58.21942
422539812.5,-58.18693
422539875.0,-58.1722
422539937.5,-58.11057
422540000.0,-58.02057
422540062.5,-58.14878
422540125.0,-58.17344
422540187.5,-58.02302
422540250.0,-58.17244
422540312.5,-58.07518
422540375.0,-58.16894
422540437.5,-58.14562
422540500.0,-58.04741
422540562.5,-58.14762
422540625.0,-58.11916
422540687.5,-58.08907
422540750.0,-58.15061
422540812.5,-58.06964
422540875.0,-58.13533
422540937.5,-58.08596
422541000.0,-58.08805
422541062.5,-58.17107
422541125.0,-58.15475
422541187.5,-58.11556
422541250.0,-58.10855
422541312.5,-58.08923
422541375.0,-58.04663
422541437.5,-58.201
422541500.0,-58.03608
422541562.5,-58.15306
422541625.0,-58.205
422541687.5,-58.15912
422541750.0,-58.02796
422541812.5,-58.10685
422541875.0,-58.09871
422541937.5,-58.13356
422542000.0,-58.15903
422542062.5,-58.08376
422542125.0,-58.16358
422542187.5,-58.06693
422542250.0,-58.18222
422542312.5,-58.20846
422542375.0,-58.12611
422542437.5,-58.16614
422542500.0,-58.20663
422542562.5,-58.16031
422542625.0,-58.06527
422542687.5,-58.09939
422542750.0,-58.12382
422542812.5,-58.19078
422542875.0,-58.15547
422542937.5,-58.07085
422543000.0,-58.04853
422543062.5,-58.089
422543125.0,-58.07977
422543187.5,-58.03256
422543250.0,-58.04028
422543312.5,-58.05455
422543375.0,-58.10456
422543437.5,-58.05529
422543500.0,-58.11217
422543562.5,-58.12318
422543625.0,-58.1853
422543687.5,-58.10449
422543750.0,-58.11105
422543812.5,-58.0568
422543875.0,-58.03299
422543937.5,-58.19751
422544000.0,-58.12086
422544062.5,-58.19516
422544125.0,-58.17591
422544187.5,-58.05669
422544250.0,-58.14544
422544312.5,-58.04967
422544375.0,-58.10141
422544437.5,-58.08308
422544500.0,-58.01922
422544562.5,-58.04509
422544625.0,-58.0771
422544687.5,-57.92733
422544750.0,-58.09153
422544812.5,-58.05101
422544875.0,-58.05499
422544937.5,-58.09977
422545000.0,-58.07448
422545062.5,-58.08919
422545125.0,-58.12535
422545187.5,-58.15421
422545250.0,-58.1308
422545312.5,-58.12689
422545375.0,-58.06525
422545437.5,-58.09652
422545500.0,-58.16402
422545562.5,-58.13536
422545625.0,-58.11624
422545687.5,-57.98658
422545750.0,-58.14224
422545812.5,-57.98373
422545875.0,-58.04571
422545937.5,-58.09575
422546000.0,-58.04243
422546062.5,-58.0082
422546125.0,-58.07483
422546187.5,-58.14225
422546250.0,-58.07772
422546312.5,-57.99821
422546375.0,-58.11996
422546437.5,-58.08063
422546500.0,-58.07769
422546562.5,-58.08606
422546625.0,-58.1431
422546687.5,-57.96887
422546750.0,-58.07115
422546812.5,-58.03909
422546875.0,-57.98125
422546937.5,-58.0636
422547000.0,-58.00377
422547062.5,-58.03769
422547125.0,-58.01382
422547187.5,-58.05357
422547250.0,-58.07771
422547312.5,-58.08587
422547375.0,-58.08284
422547437.5,-58.07994
422547500.0,-57.96265
422547562.5,-58.04546
422547625.0,-58.05513
422547687.5,-58.01688
422547750.0,-58.00358
422547812.5,-58.03133
422547875.0,-58.06414
422547937.5,-58.04348
422548000.0,-58.17823
422548062.5,-57.99162
422548125.0,-58.00062
422548187.5,-57.99065
422548250.0,-58.00413
422548312.5,-57.98069
422548375.0,-58.08665
422548437.5,-58.04549
422548500.0,-58.10747
422548562.5,-57.99201
422548625.0,-57.96662
422548687.5,-58.02361
422548750.0,-57.95455
422548812.5,-57.99116
422548875.0,-57.90838
422548937.5,-58.01654
422549000.0,-57.96786
422549062.5,-58.01511
422549125.0,-58.01244
422549187.5,-58.11417
422549250.0,-58.02305
422549312.5,-57.99625
422549375.0,-58.02616
422549437.5,-58.00736
422549500.0,-58.01052
422549562.5,-57.97304
422549625.0,-57.96426
422549687.5,-58.05566
422549750.0,-58.09149
422549812.5,-57.99806
422549875.0,-58.09092
422549937.5,-58.0152
422550000.0,-57.9734
422550062.5,-58.07311
422550125.0,-58.01769
422550187.5,-57.95731
422550250.0,-58.05174
422550312.5,-58.03339
422550375.0,-58.04093
422550437.5,-58.03794
422550500.0,-57.93623
422550562.5,-58.0327
422550625.0,-58.10503
422550687.5,-58.00684
422550750.0,-57.96814
422550812.5,-58.02972
422550875.0,-58.0235
422550937.5,-57.95128
422551000.0,-58.02774
422551062.5,-57.93429
422551125.0,-57.92897
422551187.5,-57.99925
422551250.0,-58.04964
422551312.5,-57.97812
422551375.0,-57.96933
422551437.5,-57.94411
422551500.0,-58.03214
422551562.5,-57.97156
422551625.0,-57.96303
422551687.5,-57.96175
422551750.0,-58.00805
422551812.5,-58.02103
422551875.0,-58.01147
422551937.5,-58.03017
422552000.0,-58.04774
422552062.5,-57.98673
422552125.0,-57.94166
422552187.5,-58.01526
422552250.0,-57.97707
422552312.5,-58.04308
422552375.0,-57.91549
422552437.5,-58.0058
422552500.0,-57.87556
422552562.5,-57.99744
422552625.0,-57.99745
422552687.5,-57.91181
422552750.0,-57.99052
422552812.5,-58.02664
422552875.0,-57.95335
422552937.5,-57.94413
422553000.0,-57.8973
422553062.5,-57.9417
422553125.0,-57.93422
422553187.5,-58.00385
422553250.0,-57.93888
422553312.5,-57.90806
422553375.0,-57.86602
422553437.5,-58.0116
422553500.0,-57.97765
422553562.5,-57.89468
422553625.0,-57.90582
422553687.5,-58.02053
422553750.0,-57.90039
422553812.5,-57.96096
422553875.0,-57.95975
422553937.5,-57.95967
422554000.0,-57.83564
422554062.5,-57.97793
422554125.0,-57.94625
422554187.5,-57.94471
422554250.0,-57.89225
422554312.5,-57.94402
422554375.0,-58.00425
422554437.5,-57.91475
422554500.0,-58.00642
422554562.5,-57.87137
422554625.0,-57.91928
422554687.5,-57.98203
422554750.0,-57.95476
422554812.5,-57.90979
422554875.0,-57.88807
422554937.5,-57.95378
422555000.0,-58.03082
422555062.5,-57.94441
422555125.0,-57.92155
422555187.5,-57.94804
422555250.0,-57.9306
422555312.5,-57.94736
422555375.0,-57.99351
422555437.5,-57.94124
422555500.0,-57.92881
422555562.5,-57.88823
422555625.0,-57.93721
422555687.5,-57.92195
422555750.0,-57.96109
422555812.5,-57.81318
422555875.0,-57.94132
422555937.5,-57.91151
422556000.0,-57.86004
422556062.5,-57.84504
422556125.0,-57.88602
422556187.5,-57.9483
422556250.0,-57.97534
422556312.5,-57.8664
422556375.0,-57.94394
422556437.5,-57.77471
422556500.0,-57.82013
422556562.5,-57.87783
422556625.0,-58.00116
422556687.5,-57.85688
422556750.0,-57.93629
422556812.5,-57.9547
422556875.0,-57.89895
422556937.5,-57.93815
422557000.0,-57.75042
422557062.5,-57.94442
422557125.0,-58.04191
422557187.5,-57.89613
422557250.0,-57.94752
422557312.5,-57.99509
422557375.0,-57.8422
422557437.5,-57.89225
422557500.0,-57.90664
422557562.5,-57.92899
422557625.0,-57.87233
422557687.5,-57.86694
422557750.0,-57.83003
422557812.5,-57.85748
422557875.0,-57.82944
422557937.5,-57.883
422558000.0,-57.88178
422558062.5,-57.85719
422558125.0,-57.89448
422558187.5,-57.93104
422558250.0,-57.94775
422558312.5,-57.92209
422558375.0,-57.82116
422558437.5,-57.85143
422558500.0,-57.89993
422558562.5,-57.93742
422558625.0,-57.79427
422558687.5,-57.93253
422558750.0,-57.90498
422558812.5,-57.87875
422558875.0,-57.79571
422558937.5,-57.92491
422559000.0,-57.89748
422559062.5,-57.85554
422559125.0,-57.90268
422559187.5,-57.8423
422559250.0,-57.86261
422559312.5,-57.79642
422559375.0,-57.86568
422559437.5,-57.82385
422559500.0,-57.83933
422559562.5,-57.93049
422559625.0,-57.87705
422559687.5,-57.84795
422559750.0,-57.89005
422559812.5,-57.80416
422559875.0,-57.84331
422559937.5,-57.86038
422560000.0,-57.77731
422560062.5,-57.94844
422560125.0,-57.85066
422560187.5,-57.80523
422560250.0,-57.85113
422560312.5,-57.78405
422560375.0,-57.82301
422560437.5,-57.81658
422560500.0,-57.88331
422560562.5,-57.86707
422560625.0,-57.79617
422560687.5,-57.7938
422560750.0,-57.7094
422560812.5,-57.84061
422560875.0,-57.7965
422560937.5,-57.83705
422561000.0,-57.90861
422561062.5,-57.79192
422561125.0,-57.72243
422561187.5,-57.79112
422561250.0,-57.83959
422561312.5,-57.80161
422561375.0,-57.77192
422561437.5,-57.75645
422561500.0,-57.86125
422561562.5,-57.87133
422561625.0,-57.79281
422561687.5,-57.82766
422561750.0,-57.81294
422561812.5,-57.80928
422561875.0,-57.84101
422561937.5,-57.8873
422562000.0,-57.87879
422562062.5,-57.69762
422562125.0,-57.85837
422562187.5,-57.83449
422562250.0,-57.84813
422562312.5,-57.91043
422562375.0,-57.80895
422562437.5,-57.65189
422562500.0,-57.81688
422562562.5,-57.76498
422562625.0,-57.84282
422562687.5,-57.86628
422562750.0,-57.87156
422562812.5,-57.77834
422562875.0,-57.76021
422562937.5,-57.78951
422563000.0,-57.95244
422563062.5,-57.81445
422563125.0,-57.90771
422563187.5,-57.76257
422563250.0,-57.80091
422563312.5,-57.89952
422563375.0,-57.88641
422563437.5,-57.81334
422563500.0,-57.85597
422563562.5,-57.88089
422563625.0,-57.72088
422563687.5,-57.84071
422563750.0,-57.79999
422563812.5,-57.83863
422563875.0,-57.77002
422563937.5,-57.7712
422564000.0,-57.72305
422564062.5,-57.80883
422564125.0,-57.83318
422564187.5,-57.78603
422564250.0,-57.79054
422564312.5,-57.69436
422564375.0,-57.74593
422564437.5,-57.89102
422564500.0,-57.77615
422564562.5,-57.73685
422564625.0,-57.75878
422564687.5,-57.73594
422564750.0,-57.71169
422564812.5,-57.73156
422564875.0,-57.84169
422564937.5,-57.78746
422565000.0,-57.78008
422565062.5,-57.68911
422565125.0,-57.78793
422565187.5,-57.68798
422565250.0,-57.77145
422565312.5,-57.7808
422565375.0,-57.89719
422565437.5,-57.79173
422565500.0,-57.77018
422565562.5,-57.69489
422565625.0,-57.84644
422565687.5,-57.70626
422565750.0,-57.79192
422565812.5,-57.79102
422565875.0,-57.78979
422565937.5,-57.81436
422566000.0,-57.84285
422566062.5,-57.80257
422566125.0,-57.73837
422566187.5,-57.70157
422566250.0,-57.76406
422566312.5,-57.72237
422566375.0,-57.67986
422566437.5,-57.78028
422566500.0,-57.71724
422566562.5,-57.84761
422566625.0,-57.70707
422566687.5,-57.6971
422566750.0,-57.71791
422566812.5,-57.83125
422566875.0,-57.76968
422566937.5,-57.76571
422567000.0,-57.7339
422567062.5,-57.69467
422567125.0,-57.72968
422567187.5,-57.76837
422567250.0,-57.76798
422567312.5,-57.76392
422567375.0,-57.7827
422567437.5,-57.68579
422567500.0,-57.776
422567562.5,-57.71387
422567625.0,-57.79836
422567687.5,-57.73283
422567750.0,-57.62936
422567812.5,-57.73455
422567875.0,-57.63057
422567937.5,-57.74133
422568000.0,-57.71708
422568062.5,-57.70962
422568125.0,-57.78932
422568187.5,-57.76511
422568250.0,-57.80432
422568312.5,-57.72142
422568375.0,-57.81399
422568437.5,-57.72619
422568500.0,-57.72938
422568562.5,-57.73124
422568625.0,-57.67915
422568687.5,-57.65294
422568750.0,-57.75877
422568812.5,-57.69061
422568875.0,-57.71156
422568937.5,-57.73044
422569000.0,-57.67105
422569062.5,-57.77062
422569125.0,-57.72989
422569187.5,-57.71594
422569250.0,-57.74985
422569312.5,-57.68261
422569375.0,-57.67267
422569437.5,-57.67854
422569500.0,-57.6293
422569562.5,-57.65071
422569625.0,-57.72099
422569687.5,-57.80425
422569750.0,-57.6286
422569812.5,-57.70095
422569875.0,-57.75615
422569937.5,-57.63814
422570000.0,-57.79512
422570062.5,-57.6576
422570125.0,-57.72475
422570187.5,-57.64574
422570250.0,-57.7018
422570312.5,-57.75437
422570375.0,-57.57325
422570437.5,-57.63741
422570500.0,-57.64644
422570562.5,-57.7464
422570625.0,-57.69474
422570687.5,-57.6869
422570750.0,-57.6761
422570812.5,-57.63205
422570875.0,-57.65391
422570937.5,-57.71693
422571000.0,-57.62213
422571062.5,-57.72601
422571125.0,-57.71376
422571187.5,-57.63555
422571250.0,-57.72124
422571312.5,-57.65916
422571375.0,-57.63981
422571437.5,-57.71283
422571500.0,-57.58199
422571562.5,-57.63146
422571625.0,-57.67142
422571687.5,-57.72102
422571750.0,-57.7281
422571812.5,-57.60648
422571875.0,-57.62371
422571937.5,-57.75825
422572000.0,-57.7211
422572062.5,-57.67588
422572125.0,-57.62479
422572187.5,-57.62353
422572250.0,-57.57542
422572312.5,-57.60949
422572375.0,-57.56719
422572437.5,-57.55776
422572500.0,-57.66273
422572562.5,-57.7396
422572625.0,-57.6676
422572687.5,-57.71314
422572750.0,-57.69528
422572812.5,-57.59529
422572875.0,-57.62929
422572937.5,-57.5953
422573000.0,-57.64019
422573062.5,-57.72577
422573125.0,-57.61488
422573187.5,-57.61965
422573250.0,-57.73222
422573312.5,-57.64329
422573375.0,-57.67662
422573437.5,-57.61054
422573500.0,-57.62326
422573562.5,-57.58587
422573625.0,-57.64841
422573687.5,-57.59638
422573750.0,-57.59035
422573812.5,-57.54528
422573875.0,-57.53556
422573937.5,-57.5395
422574000.0,-57.64075
422574062.5,-57.64997
422574125.0,-57.63126
422574187.5,-57.58045
422574250.0,-57.69687
422574312.5,-57.62022
422574375.0,-57.60871
422574437.5,-57.58155
422574500.0,-57.56814
422574562.5,-57.64198
422574625.0,-57.64617
422574687.5,-57.60508
422574750.0,-57.59607
422574812.5,-57.56092
422574875.0,-57.63145
422574937.5,-57.53083
422575000.0,-57.51529
422575062.5,-57.57699
422575125.0,-57.5841
422575187.5,-57.63971
422575250.0,-57.67453
422575312.5,-57.66267
422575375.0,-57.63186
422575437.5,-57.59611
422575500.0,-57.64745
422575562.5,-57.61963
422575625.0,-57.69949
422575687.5,-57.60121
422575750.0,-57.64727
422575812.5,-57.5349
422575875.0,-57.59652
422575937.5,-57.63628
422576000.0,-57.49348
422576062.5,-57.53117
422576125.0,-57.58734
422576187.5,-57.64964
422576250.0,-57.54481
422576312.5,-57.60047
422576375.0,-57.60642
422576437.5,-57.58781
422576500.0,-57.56602
422576562.5,-57.6208
422576625.0,-57.65083
422576687.5,-57.62959
422576750.0,-57.48404
422576812.5,-57.61216
422576875.0,-57.6196
422576937.5,-57.55855
422577000.0,-57.60796
422577062.5,-57.52327
422577125.0,-57.57893
422577187.5,-57.51829
422577250.0,-57.57291
422577312.5,-57.55996
422577375.0,-57.57071
422577437.5,-57.59992
422577500.0,-57.54371
422577562.5,-57.55558
422577625.0,-57.55491
422577687.5,-57.54734
422577750.0,-57.5761
422577812.5,-57.56557
422577875.0,-57.6234
422577937.5,-57.60801
422578000.0,-57.60619
422578062.5,-57.49154
422578125.0,-57.54535
422578187.5,-57.56886
422578250.0,-57.59516
422578312.5,-57.53871
422578375.0,-57.53394
422578437.5,-57.53648
422578500.0,-57.50272
422578562.5,-57.49375
422578625.0,-57.63898
422578687.5,-57.57099
422578750.0,-57.48768
422578812.5,-57.53905
422578875.0,-57.48887
422578937.5,-57.61263
422579000.0,-57.48064
422579062.5,-57.61776
422579125.0,-57.46835
422579187.5,-57.55928
422579250.0,-57.51841
422579312.5,-57.5302
422579375.0,-57.5372
422579437.5,-57.59431
422579500.0,-57.55508
422579562.5,-57.54951
422579625.0,-57.56875
422579687.5,-57.51987
422579750.0,-57.61919
422579812.5,-57.6181
422579875.0,-57.56837
422579937.5,-57.58018
422580000.0,-57.51621
422580062.5,-57.49009
422580125.0,-57.54831
422580187.5,-57.54374
422580250.0,-57.54276
422580312.5,-57.53296
422580375.0,-57.55219
422580437.5,-57.57462
422580500.0,-57.52456
422580562.5,-57.49371
422580625.0,-57.52296
422580687.5,-57.56253
422580750.0,-57.47577
422580812.5,-57.6274
422580875.0,-57.49139
422580937.5,-57.57322
422581000.0,-57.46804
422581062.5,-57.59581
422581125.0,-57.57653
422581187.5,-57.51572
422581250.0,-57.47389
422581312.5,-57.47125
422581375.0,-57.53234
422581437.5,-57.46474
422581500.0,-57.50674
422581562.5,-57.41105
422581625.0,-57.48581
422581687.5,-57.44082
422581750.0,-57.51252
422581812.5,-57.41904
422581875.0,-57.57859
422581937.5,-57.43487
422582000.0,-57.46325
422582062.5,-57.4299
422582125.0,-57.48358
422582187.5,-57.57189
422582250.0,-57.47297
422582312.5,-57.49322
422582375.0,-57.55464
422582437.5,-57.53552
422582500.0,-57.51947
422582562.5,-57.44881
422582625.0,-57.44222
422582687.5,-57.52647
422582750.0,-57.48196
422582812.5,-57.46138
422582875.0,-57.4038
422582937.5,-57.38313
422583000.0,-57.49629
422583062.5,-57.55027
422583125.0,-57.52604
422583187.5,-57.5938
422583250.0,-57.46009
422583312.5,-57.63147
422583375.0,-57.46631
422583437.5,-57.4299
422583500.0,-57.44047
422583562.5,-57.54077
422583625.0,-57.45444
422583687.5,-57.43914
422583750.0,-57.51801
422583812.5,-57.47659
422583875.0,-57.48475
422583937.5,-57.49346
422584000.0,-57.38802
422584062.5,-57.4271
422584125.0,-57.54063
422584187.5,-57.48859
422584250.0,-57.56059
422584312.5,-57.43224
422584375.0,-57.44573
422584437.5,-57.42514
422584500.0,-57.4004
422584562.5,-57.46584
422584625.0,-57.37207
422584687.5,-57.4581
422584750.0,-57.44141
422584812.5,-57.41702
422584875.0,-57.44564
422584937.5,-57.4274
422585000.0,-57.51407
422585062.5,-57.42763
422585125.0,-57.48105
422585187.5,-57.4321
422585250.0,-57.39419
422585312.5,-57.49127
422585375.0,-57.3996
422585437.5,-57.48673
422585500.0,-57.45454
422585562.5,-57.40626
422585625.0,-57.38643
422585687.5,-57.47582
422585750.0,-57.429
422585812.5,-57.46943
422585875.0,-57.50979
422585937.5,-57.49671
422586000.0,-57.44849
422586062.5,-57.38505
422586125.0,-57.55604
422586187.5,-57.3766
422586250.0,-57.45919
422586312.5,-57.3735
422586375.0,-57.45768
422586437.5,-57.44523
422586500.0,-57.45397
422586562.5,-57.47092
422586625.0,-57.40038
422586687.5,-57.42924
422586750.0,-57.37246
422586812.5,-57.42935
422586875.0,-57.40502
422586937.5,-57.4463
422587000.0,-57.36897
422587062.5,-57.41296
422587125.0,-57.4453
422587187.5,-57.47796
422587250.0,-57.30851
422587312.5,-57.40548
422587375.0,-57.3635
422587437.5,-57.41562
422587500.0,-57.33663
422587562.5,-57.44806
422587625.0,-57.37009
422587687.5,-57.39144
422587750.0,-57.3921
422587812.5,-57.42466
422587875.0,-57.36346
422587937.5,-57.46136
422588000.0,-57.43623
422588062.5,-57.41536
422588125.0,-57.32497
422588187.5,-57.46674
422588250.0,-57.47248
422588312.5,-57.47861
422588375.0,-57.41071
422588437.5,-57.32802
422588500.0,-57.29662
422588562.5,-57.39264
422588625.0,-57.40668
422588687.5,-57.42825
422588750.0,-57.37245
422588812.5,-57.3223
422588875.0,-57.29259
422588937.5,-57.31127
422589000.0,-57.28388
422589062.5,-57.36848
422589125.0,-57.47459
422589187.5,-57.3289
422589250.0,-57.34554
422589312.5,-57.45044
422589375.0,-57.37012
422589437.5,-57.37569
422589500.0,-57.30212
422589562.5,-57.39656
422589625.0,-57.39759
422589687.5,-57.4102
422589750.0,-57.35329
422589812.5,-57.33249
422589875.0,-57.49199
422589937.5,-57.43488
422590000.0,-57.42174
422590062.5,-57.2835
422590125.0,-57.37997
422590187.5,-57.40961
422590250.0,-57.37438
422590312.5,-57.48601
422590375.0,-57.32921
422590437.5,-57.41093
422590500.0,-57.34177
422590562.5,-57.38921
422590625.0,-57.41951
422590687.5,-57.37167
422590750.0,-57.39985
422590812.5,-57.39164
422590875.0,-57.36027
422590937.5,-57.30272
422591000.0,-57.39725
422591062.5,-57.42569
422591125.0,-57.32473
422591187.5,-57.31729
422591250.0,-57.43056
422591312.5,-57.36427
422591375.0,-57.32371
422591437.5,-57.31271
422591500.0,-57.28651
422591562.5,-57.27089
422591625.0,-57.34927
422591687.5,-57.3166
422591750.0,-57.39544
422591812.5,-57.35328
422591875.0,-57.35913
422591937.5,-57.26698
422592000.0,-57.25961
422592062.5,-57.25743
422592125.0,-57.36021
422592187.5,-57.33567
422592250.0,-57.32106
422592312.5,-57.26162
422592375.0,-57.3125
422592437.5,-57.35851
422592500.0,-57.38441
422592562.5,-57.35017
422592625.0,-57.22903
422592687.5,-57.31252
422592750.0,-57.34878
422592812.5,-57.30362
422592875.0,-57.27279
422592937.5,-57.27459
422593000.0,-57.27662
422593062.5,-57.26465
422593125.0,-57.27908
422593187.5,-57.29293
422593250.0,-57.32338
422593312.5,-57.33406
422593375.0,-57.36674
422593437.5,-57.32256
422593500.0,-57.37888
422593562.5,-57.31278
422593625.0,-57.29567
422593687.5,-57.34377
422593750.0,-57.31734
422593812.5,-57.26088
422593875.0,-57.337
422593937.5,-57.32367
422594000.0,-57.37841
422594062.5,-57.27236
422594125.0,-57.31242
422594187.5,-57.35815
422594250.0,-57.37452
422594312.5,-57.24735
422594375.0,-57.24159
422594437.5,-57.28429
422594500.0,-57.23022
422594562.5,-57.23921
422594625.0,-57.39203
422594687.5,-57.27523
422594750.0,-57.29798
422594812.5,-57.25394
422594875.0,-57.34863
422594937.5,-57.2943
422595000.0,-57.33303
422595062.5,-57.24523
422595125.0,-57.28597
422595187.5,-57.28196
422595250.0,-57.31617
422595312.5,-57.28663
422595375.0,-57.34823
422595437.5,-57.15646
422595500.0,-57.29984
422595562.5,-57.35248
422595625.0,-57.30306
422595687.5,-57.25867
422595750.0,-57.24429
422595812.5,-57.23941
422595875.0,-57.31599
422595937.5,-57.27827
422596000.0,-57.29906
422596062.5,-57.28625
422596125.0,-57.2299
422596187.5,-57.22392
422596250.0,-57.2926
422596312.5,-57.26532
422596375.0,-57.29227
422596437.5,-57.2802
422596500.0,-57.12605
422596562.5,-57.30663
422596625.0,-57.25137
422596687.5,-57.24435
422596750.0,-57.25417
422596812.5,-57.25111
422596875.0,-57.23879
422596937.5,-57.32925
422597000.0,-57.30164
422597062.5,-57.30064
422597125.0,-57.25222
422597187.5,-57.27175
422597250.0,-57.3106
422597312.5,-57.23028
422597375.0,-57.28893
422597437.5,-57.25971
422597500.0,-57.26827
422597562.5,-57.29591
422597625.0,-57.23033
422597687.5,-57.2163
422597750.0,-57.17988
422597812.5,-57.26788
422597875.0,-57.16505
422597937.5,-57.15492
422598000.0,-57.08179
422598062.5,-57.21325
422598125.0,-57.24937
422598187.5,-57.26066
422598250.0,-57.23162
422598312.5,-57.19102
422598375.0,-57.23708
422598437.5,-57.19243
422598500.0,-57.17638
422598562.5,-57.20927
422598625.0,-57.16958
422598687.5,-57.14308
422598750.0,-57.23032
422598812.5,-57.26926
422598875.0,-57.23055
422598937.5,-57.15018
422599000.0,-57.28616
422599062.5,-57.18223
422599125.0,-57.17962
422599187.5,-57.1973
422599250.0,-57.19594
422599312.5,-57.21503
422599375.0,-57.28745
422599437.5,-57.18166
422599500.0,-57.23685
422599562.5,-57.25109
422599625.0,-57.15895
422599687.5,-57.15369
422599750.0,-57.27341
422599812.5,-57.16682
422599875.0,-57.25558
422599937.5,-57.17678
422600000.0,-57.24482
422600062.5,-57.061
422600125.0,-57.19494
422600187.5,-57.15216
422600250.0,-57.173
422600312.5,-57.13895
422600375.0,-57.18818
422600437.5,-57.24842
422600500.0,-57.20284
422600562.5,-57.12059
422600625.0,-57.26415
422600687.5,-57.27539
422600750.0,-57.24109
422600812.5,-57.25324
422600875.0,-57.19436
422600937.5,-57.16297
422601000.0,-57.20303
422601062.5,-57.25772
422601125.0,-57.09455
422601187.5,-57.1436
422601250.0,-57.26143
422601312.5,-57.12402
422601375.0,-57.14821
422601437.5,-57.22029
422601500.0,-57.1513
422601562.5,-57.07896
422601625.0,-57.19326
422601687.5,-57.15933
422601750.0,-57.16956
422601812.5,-57.09657
422601875.0,-57.10495
422601937.5,-57.20506
422602000.0,-57.22748
422602062.5,-57.17154
422602125.0,-57.15396
422602187.5,-57.12357
422602250.0,-57.12371
422602312.5,-57.22744
422602375.0,-57.20162
422602437.5,-57.15393
422602500.0,-57.13377
422602562.5,-57.04251
422602625.0,-57.08517
422602687.5,-57.18523
422602750.0,-57.14326
422602812.5,-57.0992
422602875.0,-57.084
422602937.5,-57.10076
422603000.0,-57.21498
422603062.5,-57.09997
422603125.0,-57.12252
422603187.5,-57.11305
422603250.0,-57.20101
422603312.5,-57.15327
422603375.0,-57.05761
422603437.5,-57.12869
422603500.0,-57.18245
422603562.5,-57.17296
422603625.0,-57.06937
422603687.5,-57.19514
422603750.0,-57.16132
422603812.5,-57.12568
422603875.0,-57.05772
422603937.5,-57.14622
422604000.0,-57.12008
422604062.5,-57.17249
422604125.0,-57.16433
422604187.5,-57.04865
422604250.0,-57.16714
422604312.5,-57.15864
422604375.0,-57.22403
422604437.5,-57.11509
422604500.0,-57.05499
422604562.5,-57.05235
422604625.0,-57.16339
422604687.5,-57.12057
422604750.0,-57.128
422604812.5,-57.07142
422604875.0,-57.22324
422604937.5,-57.09887
422605000.0,-57.09304
422605062.5,-57.08398
422605125.0,-57.07344
422605187.5,-57.12431
422605250.0,-57.13097
422605312.5,-57.04244
422605375.0,-57.06835
422605437.5,-57.10478
422605500.0,-57.07878
422605562.5,-57.12091
422605625.0,-57.15748
422605687.5,-57.11921
422605750.0,-57.06996
422605812.5,-57.00671
422605875.0,-57.13318
422605937.5,-57.14484
422606000.0,-57.13817
422606062.5,-57.16551
422606125.0,-57.1196
422606187.5,-57.17262
422606250.0,-57.08153
422606312.5,-57.11135
422606375.0,-57.02323
422606437.5,-57.11573
422606500.0,-57.08456
422606562.5,-57.08499
422606625.0,-57.12596
422606687.5,-57.08476
422606750.0,-57.07776
422606812.5,-57.06143
422606875.0,-57.07729
422606937.5,-57.05011
422607000.0,-57.11533
422607062.5,-57.134
422607125.0,-57.10777
422607187.5,-57.075
422607250.0,-57.04457
422607312.5,-57.04736
422607375.0,-57.0476
422607437.5,-57.09353
422607500.0,-57.04133
422607562.5,-57.03472
422607625.0,-57.14641
422607687.5,-57.02831
422607750.0,-57.09272
422607812.5,-57.02726
422607875.0,-57.0306
422607937.5,-57.07691
422608000.0,-57.08717
422608062.5,-56.94763
422608125.0,-56.96571
422608187.5,-57.00971
422608250.0,-57.05861
422608312.5,-56.98252
422608375.0,-57.0104
422608437.5,-56.99021
422608500.0,-56.94706
422608562.5,-57.11347
422608625.0,-57.06675
422608687.5,-57.12781
422608750.0,-57.06157
422608812.5,-57.04285
422608875.0,-57.10667
422608937.5,-57.00135
422609000.0,-57.01503
422609062.5,-57.14285
422609125.0,-57.00768
422609187.5,-57.03488
422609250.0,-57.11015
422609312.5,-56.99992
422609375.0,-57.02724
422609437.5,-56.95159
422609500.0,-57.05055
422609562.5,-57.07354
422609625.0,-57.16204
422609687.5,-57.04991
422609750.0,-57.063
422609812.5,-57.02684
422609875.0,-57.0778
422609937.5,-57.00355
422610000.0,-57.08343
422610062.5,-57.0567
422610125.0,-57.07004
422610187.5,-57.03974
422610250.0,-57.11156
422610312.5,-56.9972
422610375.0,-56.97813
422610437.5,-57.02963
422610500.0,-57.02493
422610562.5,-57.10056
422610625.0,-57.09376
422610687.5,-57.04364
422610750.0,-56.97132
422610812.5,-56.99229
422610875.0,-57.03326
422610937.5,-56.97343
422611000.0,-56.98336
422611062.5,-57.01154
422611125.0,-57.05963
422611187.5,-56.99454
422611250.0,-57.01072
422611312.5,-56.92393
422611375.0,-56.93576
422611437.5,-56.96501
422611500.0,-57.05777
422611562.5,-56.95731
422611625.0,-57.0484
422611687.5,-57.07599
422611750.0,-57.0466
422611812.5,-56.97675
422611875.0,-56.96226
422611937.5,-56.94968
422612000.0,-57.05468
422612062.5,-57.05816
422612125.0,-56.9781
422612187.5,-57.01578
422612250.0,-57.075
422612312.5,-56.92484
422612375.0,-56.97873
422612437.5,-56.97796
422612500.0,-56.97551
422612562.5,-56.96743
422612625.0,-57.02971
422612687.5,-56.96504
422612750.0,-57.03072
422612812.5,-57.06956
422612875.0,-56.97292
422612937.5,-56.88351
422613000.0,-56.97992
422613062.5,-56.99734
422613125.0,-57.04217
422613187.5,-56.95705
422613250.0,-56.99534
422613312.5,-56.99862
422613375.0,-56.97149
422613437.5,-56.96058
422613500.0,-57.00791
422613562.5,-56.96474
422613625.0,-56.9122
422613687.5,-56.91362
422613750.0,-56.91615
422613812.5,-56.96593
422613875.0,-57.00776
422613937.5,-56.9972
422614000.0,-56.96838
422614062.5,-56.91109
422614125.0,-56.9604
422614187.5,-56.97601
422614250.0,-56.93435
422614312.5,-56.90005
422614375.0,-56.96711
422614437.5,-56.94213
422614500.0,-56.90155
422614562.5,-56.97353
422614625.0,-56.98906
422614687.5,-56.85411
422614750.0,-56.93258
422614812.5,-57.0097
422614875.0,-56.8454
422614937.5,-56.91352
422615000.0,-56.97692
422615062.5,-56.92426
422615125.0,-56.94303
422615187.5,-56.98409
422615250.0,-56.96689
422615312.5,-56.93426
422615375.0,-56.90049
422615437.5,-56.96214
422615500.0,-56.99415
422615562.5,-56.96257
422615625.0,-57.00254
422615687.5,-56.94542
422615750.0,-56.88885
422615812.5,-57.00275
422615875.0,-56.96167
422615937.5,-56.92521
422616000.0,-56.97441
422616062.5,-56.94728
422616125.0,-56.89825
422616187.5,-56.89124
422616250.0,-56.8352
422616312.5,-56.90751
422616375.0,-56.90561
422616437.5,-56.90274
422616500.0,-56.93446
422616562.5,-56.93532
422616625.0,-56.95317
422616687.5,-56.85974
422616750.0,-56.85621
422616812.5,-56.77687
422616875.0,-56.93489
422616937.5,-56.91275
422617000.0,-56.86623
422617062.5,-56.88539
422617125.0,-56.96761
422617187.5,-56.87803
422617250.0,-56.84971
422617312.5,-56.90287
422617375.0,-56.89055
422617437.5,-56.93011
422617500.0,-56.92331
422617562.5,-56.93667
422617625.0,-56.92308
422617687.5,-56.89408
422617750.0,-56.94463
422617812.5,-56.90485
422617875.0,-56.91132
422617937.5,-56.88953
422618000.0,-56.91605
422618062.5,-56.93362
422618125.0,-56.89574
422618187.5,-56.89048
422618250.0,-56.86604
422618312.5,-56.92987
422618375.0,-56.77468
422618437.5,-56.80923
422618500.0,-56.92021
422618562.5,-56.89088
422618625.0,-56.90956
422618687.5,-56.88041
422618750.0,-56.92443
422618812.5,-56.86388
422618875.0,-56.8601
422618937.5,-56.88755
422619000.0,-56.88732
422619062.5,-56.87969
422619125.0,-56.93054
422619187.5,-56.88621
422619250.0,-56.83532
422619312.5,-56.86578
422619375.0,-56.75737
422619437.5,-56.81915
422619500.0,-56.84771
422619562.5,-56.83076
422619625.0,-56.90278
422619687.5,-56.77346
422619750.0,-56.87492
422619812.5,-56.90512
422619875.0,-56.84047
422619937.5,-56.92005
422620000.0,-56.87191
422620062.5,-56.79829
422620125.0,-56.88097
422620187.5,-56.77007
422620250.0,-56.97302
422620312.5,-56.8849
422620375.0,-56.81148
422620437.5,-56.85663
422620500.0,-56.90954
422620562.5,-56.86531
422620625.0,-56.80598
422620687.5,-56.8375
422620750.0,-56.93279
422620812.5,-56.77528
422620875.0,-56.89321
422620937.5,-56.80416
422621000.0,-56.86433
422621062.5,-56.79511
422621125.0,-56.80809
422621187.5,-56.8499
422621250.0,-56.76028
422621312.5,-56.82726
422621375.0,-56.8493
422621437.5,-56.82851
422621500.0,-56.90259
422621562.5,-56.86182
422621625.0,-56.89149
422621687.5,-56.79147
422621750.0,-56.89412
422621812.5,-56.78164
422621875.0,-56.8401
422621937.5,-56.79449
422622000.0,-56.84592
422622062.5,-56.82059
422622125.0,-56.81785
422622187.5,-56.80075
422622250.0,-56.82779
422622312.5,-56.76966
422622375.0,-56.81789
422622437.5,-56.81264
422622500.0,-56.85687
422622562.5,-56.7879
422622625.0,-56.79867
422622687.5,-56.82003
422622750.0,-56.78256
422622812.5,-56.93145
422622875.0,-56.76923
422622937.5,-56.77248
422623000.0,-56.80772
422623062.5,-56.76793
422623125.0,-56.75746
422623187.5,-56.71046
422623250.0,-56.87251
422623312.5,-56.76361
422623375.0,-56.75297
422623437.5,-56.82976
422623500.0,-56.75941
422623562.5,-56.81382
422623625.0,-56.75877
422623687.5,-56.83017
422623750.0,-56.76986
422623812.5,-56.78689
422623875.0,-56.85307
422623937.5,-56.76457
422624000.0,-56.75647
422624062.5,-56.80325
422624125.0,-56.75216
422624187.5,-56.76612
422624250.0,-56.70179
422624312.5,-56.74619
422624375.0,-56.78961
422624437.5,-56.75159
422624500.0,-56.70514
422624562.5,-56.82401
422624625.0,-56.73277
422624687.5,-56.69822
422624750.0,-56.69043
422624812.5,-56.76217
422624875.0,-56.74002
422624937.5,-56.8359
422625000.0,-56.76961
422625062.5,-56.79736
422625125.0,-56.788
422625187.5,-56.7578
422625250.0,-56.79021
422625312.5,-56.76417
422625375.0,-56.74325
422625437.5,-56.67561
422625500.0,-56.77175
422625562.5,-56.8166
422625625.0,-56.79691
422625687.5,-56.80079
422625750.0,-56.74054
422625812.5,-56.67994
422625875.0,-56.6628
422625937.5,-56.74288
422626000.0,-56.71282
422626062.5,-56.70596
422626125.0,-56.74781
422626187.5,-56.78076
422626250.0,-56.74647
422626312.5,-56.7982
422626375.0,-56.76464
422626437.5,-56.70303
422626500.0,-56.7595
422626562.5,-56.73393
422626625.0,-56.80021
422626687.5,-56.69034
422626750.0,-56.75433
422626812.5,-56.68483
422626875.0,-56.77859
422626937.5,-56.73679
422627000.0,-56.70969
422627062.5,-56.71954
422627125.0,-56.66615
422627187.5,-56.706
422627250.0,-56.70793
422627312.5,-56.74498
422627375.0,-56.75274
422627437.5,-56.71974
422627500.0,-56.78771
422627562.5,-56.67524
422627625.0,-56.75091
422627687.5,-56.78094
422627750.0,-56.67265
422627812.5,-56.83138
422627875.0,-56.67911
422627937.5,-56.71717
422628000.0,-56.61337
422628062.5,-56.79041
422628125.0,-56.67353
422628187.5,-56.67761
422628250.0,-56.70869
422628312.5,-56.72141
422628375.0,-56.73493
422628437.5,-56.67706
422628500.0,-56.74717
422628562.5,-56.69636
422628625.0,-56.68537
422628687.5,-56.68216
422628750.0,-56.6214
422628812.5,-56.73517
422628875.0,-56.72765
422628937.5,-56.71293
422629000.0,-56.67832
422629062.5,-56.6518
422629125.0,-56.77499
422629187.5,-56.67511
422629250.0,-56.74553
422629312.5,-56.6581
422629375.0,-56.65905
422629437.5,-56.73325
422629500.0,-56.68437
422629562.5,-56.74847
422629625.0,-56.74239
422629687.5,-56.74235
422629750.0,-56.69711
422629812.5,-56.66109
422629875.0,-56.71135
422629937.5,-56.71616
422630000.0,-56.65171
422630062.5,-56.67686
422630125.0,-56.66282
422630187.5,-56.62501
422630250.0,-56.67405
422630312.5,-56.68895
422630375.0,-56.69155
422630437.5,-56.59327
422630500.0,-56.60782
422630562.5,-56.57901
422630625.0,-56.68887
422630687.5,-56.63051
422630750.0,-56.67169
422630812.5,-56.69505
422630875.0,-56.6628
422630937.5,-56.70122
422631000.0,-56.64013
422631062.5,-56.68741
422631125.0,-56.6572
422631187.5,-56.74557
422631250.0,-56.68718
422631312.5,-56.604
422631375.0,-56.63893
422631437.5,-56.58406
422631500.0,-56.65174
422631562.5,-56.64046
422631625.0,-56.61298
422631687.5,-56.6435
422631750.0,-56.65367
422631812.5,-56.68198
422631875.0,-56.65053
422631937.5,-56.57999
422632000.0,-56.61906
422632062.5,-56.55583
422632125.0,-56.76412
422632187.5,-56.64342
422632250.0,-56.59391
422632312.5,-56.67564
422632375.0,-56.65555
422632437.5,-56.58492
422632500.0,-56.63493
422632562.5,-56.62442
422632625.0,-56.59493
422632687.5,-56.62351
422632750.0,-56.63981
422632812.5,-56.59411
422632875.0,-56.69688
422632937.5,-56.56968
422633000.0,-56.6847
422633062.5,-56.58918
422633125.0,-56.59035
422633187.5,-56.63183
422633250.0,-56.57243
422633312.5,-56.6112
422633375.0,-56.56166
422633437.5,-56.58044
422633500.0,-56.67893
422633562.5,-56.62365
422633625.0,-56.5804
422633687.5,-56.61654
422633750.0,-56.63519
422633812.5,-56.71249
422633875.0,-56.59722
422633937.5,-56.67696
422634000.0,-56.62601
422634062.5,-56.67042
422634125.0,-56.55373
422634187.5,-56.6677
422634250.0,-56.64973
422634312.5,-56.5529
422634375.0,-56.51984
422634437.5,-56.54551
422634500.0,-56.51843
422634562.5,-56.70104
422634625.0,-56.59273
422634687.5,-56.63291
422634750.0,-56.52068
422634812.5,-56.60426
422634875.0,-56.62123
422634937.5,-56.55785
422635000.0,-56.65614
422635062.5,-56.6214
422635125.0,-56.52514
422635187.5,-56.59583
422635250.0,-56.58104
422635312.5,-56.65363
422635375.0,-56.57595
422635437.5,-56.57436
422635500.0,-56.59713
422635562.5,-56.54025
422635625.0,-56.53631
422635687.5,-56.51519
422635750.0,-56.64294
422635812.5,-56.58747
422635875.0,-56.59141
422635937.5,-56.46481
422636000.0,-56.56747
422636062.5,-56.58017
422636125.0,-56.63186
422636187.5,-56.55542
422636250.0,-56.60204
422636312.5,-56.566
422636375.0,-56.63349
422636437.5,-56.56424
422636500.0,-56.51147
422636562.5,-56.59317
422636625.0,-56.58769
422636687.5,-56.58499
422636750.0,-56.53244
422636812.5,-56.53083
422636875.0,-56.55077
422636937.5,-56.63422
422637000.0,-56.55232
422637062.5,-56.50396
422637125.0,-56.52171
422637187.5,-56.53656
422637250.0,-56.59193
422637312.5,-56.54898
422637375.0,-56.54673
422637437.5,-56.59642
422637500.0,-56.57288
422637562.5,-56.4911
422637625.0,-56.57997
422637687.5,-56.53232
422637750.0,-56.52925
422637812.5,-56.52777
422637875.0,-56.5696
422637937.5,-56.54885
422638000.0,-56.52758
422638062.5,-56.57608
422638125.0,-56.54844
422638187.5,-56.59423
422638250.0,-56.56121
422638312.5,-56.51649
422638375.0,-56.44405
422638437.5,-56.57719
422638500.0,-56.43655
422638562.5,-56.55561
422638625.0,-56.59262
422638687.5,-56.50372
422638750.0,-56.57585
422638812.5,-56.5048
422638875.0,-56.44714
422638937.5,-56.55812
422639000.0,-56.5417
422639062.5,-56.54361
422639125.0,-56.54368
422639187.5,-56.4404
422639250.0,-56.44835
422639312.5,-56.48989
422639375.0,-56.578
422639437.5,-56.4819
422639500.0,-56.49795
422639562.5,-56.48725
422639625.0,-56.43696
422639687.5,-56.50658
422639750.0,-56.46597
422639812.5,-56.48569
422639875.0,-56.51619
422639937.5,-56.48827
422640000.0,-56.54741
422640062.5,-56.45985
422640125.0,-56.48898
422640187.5,-56.45054
422640250.0,-56.51435
422640312.5,-56.49979
422640375.0,-56.54017
422640437.5,-56.5601
422640500.0,-56.41975
422640562.5,-56.50812
422640625.0,-56.47428
422640687.5,-56.45354
422640750.0,-56.52742
422640812.5,-56.51335
422640875.0,-56.4655
422640937.5,-56.43374
422641000.0,-56.46837
422641062.5,-56.50654
422641125.0,-56.45658
422641187.5,-56.51337
422641250.0,-56.42939
422641312.5,-56.45348
422641375.0,-56.47652
422641437.5,-56.51233
422641500.0,-56.53413
422641562.5,-56.51316
422641625.0,-56.49477
422641687.5,-56.4865
422641750.0,-56.4893
422641812.5,-56.43684
422641875.0,-56.44642
422641937.5,-56.48404
422642000.0,-56.4025
422642062.5,-56.39048
422642125.0,-56.42172
422642187.5,-56.49679
422642250.0,-56.46331
422642312.5,-56.42635
422642375.0,-56.39938
422642437.5,-56.48665
422642500.0,-56.4409
422642562.5,-56.44267
422642625.0,-56.49507
422642687.5,-56.46076
422642750.0,-56.42104
422642812.5,-56.38718
422642875.0,-56.4397
422642937.5,-56.39161
422643000.0,-56.50274
422643062.5,-56.54657
422643125.0,-56.37624
422643187.5,-56.55013
422643250.0,-56.44677
422643312.5,-56.40469
422643375.0,-56.53653
422643437.5,-56.43533
422643500.0,-56.42919
422643562.5,-56.44019
422643625.0,-56.42526
422643687.5,-56.40826
422643750.0,-56.41288
422643812.5,-56.41588
422643875.0,-56.39862
422643937.5,-56.46146
422644000.0,-56.39754
422644062.5,-56.47453
422644125.0,-56.41282
422644187.5,-56.38423
422644250.0,-56.35542
422644312.5,-56.43407
422644375.0,-56.37522
422644437.5,-56.44587
422644500.0,-56.39355
422644562.5,-56.38383
422644625.0,-56.46653
422644687.5,-56.47778
422644750.0,-56.46498
422644812.5,-56.38762
422644875.0,-56.48413
422644937.5,-56.35018
422645000.0,-56.41214
422645062.5,-56.43378
422645125.0,-56.35778
422645187.5,-56.47496
422645250.0,-56.41537
422645312.5,-56.37198
422645375.0,-56.41689
422645437.5,-56.40591
422645500.0,-56.43438
422645562.5,-56.39813
422645625.0,-56.31628
422645687.5,-56.39869
422645750.0,-56.42822
422645812.5,-56.3865
422645875.0,-56.4508
422645937.5,-56.40601
422646000.0,-56.35796
422646062.5,-56.40576
422646125.0,-56.33422
422646187.5,-56.40101
422646250.0,-56.41455
422646312.5,-56.32086
422646375.0,-56.40768
422646437.5,-56.40871
422646500.0,-56.32563
422646562.5,-56.41219
422646625.0,-56.40707
422646687.5,-56.33559
422646750.0,-56.34856
422646812.5,-56.44294
422646875.0,-56.39878
422646937.5,-56.33676
422647000.0,-56.41895
422647062.5,-56.39299
422647125.0,-56.34575
422647187.5,-56.30879
422647250.0,-56.39729
422647312.5,-56.36375
422647375.0,-56.38878
422647437.5,-56.25509
422647500.0,-56.3497
422647562.5,-56.36885
422647625.0,-56.32698
422647687.5,-56.40609
422647750.0,-56.3975
422647812.5,-56.40146
422647875.0,-56.32643
422647937.5,-56.39869
422648000.0,-56.3669
422648062.5,-56.31719
422648125.0,-56.35569
422648187.5,-56.41184
422648250.0,-56.33616
422648312.5,-56.2927
422648375.0,-56.27333
422648437.5,-56.23925
422648500.0,-56.3497
422648562.5,-56.35133
422648625.0,-56.33216
422648687.5,-56.29161
422648750.0,-56.31037
422648812.5,-56.37675
422648875.0,-56.29251
422648937.5,-56.32886
422649000.0,-56.38276
422649062.5,-56.31442
422649125.0,-56.32739
422649187.5,-56.33922
422649250.0,-56.33081
422649312.5,-56.32656
422649375.0,-56.30664
422649437.5,-56.27467
422649500.0,-56.30633
422649562.5,-56.31847
422649625.0,-56.37949
422649687.5,-56.37592
422649750.0,-56.39725
422649812.5,-56.28813
422649875.0,-56.28246
422649937.5,-56.25412
422650000.0,-56.36787
422650062.5,-56.33223
422650125.0,-56.34597
422650187.5,-56.2213
422650250.0,-56.36536
422650312.5,-56.26009
422650375.0,-56.32907
422650437.5,-56.30516
422650500.0,-56.30627
422650562.5,-56.28024
422650625.0,-56.25066
422650687.5,-56.36659
422650750.0,-56.24456
422650812.5,-56.233
422650875.0,-56.22097
422650937.5,-56.33889
422651000.0,-56.26001
422651062.5,-56.29902
422651125.0,-56.27337
422651187.5,-56.29257
422651250.0,-56.18726
422651312.5,-56.37077
422651375.0,-56.29397
422651437.5,-56.32765
422651500.0,-56.35693
422651562.5,-56.26999
422651625.0,-56.31268
422651687.5,-56.286
422651750.0,-56.25637
422651812.5,-56.21546
422651875.0,-56.1614
422651937.5,-56.27925
422652000.0,-56.23885
422652062.5,-56.24694
422652125.0,-56.31967
422652187.5,-56.24694
422652250.0,-56.27927
422652312.5,-56.30058
422652375.0,-56.33147
422652437.5,-56.31423
422652500.0,-56.30561
422652562.5,-56.32213
422652625.0,-56.26504
422652687.5,-56.2306
422652750.0,-56.29567
422652812.5,-56.2896
422652875.0,-56.27258
422652937.5,-56.26466
422653000.0,-56.28953
422653062.5,-56.3526
422653125.0,-56.23189
422653187.5,-56.28061
422653250.0,-56.2467
422653312.5,-56.31536
422653375.0,-56.22188
422653437.5,-56.25428
422653500.0,-56.24446
422653562.5,-56.23773
422653625.0,-56.2369
422653687.5,-56.29507
422653750.0,-56.26567
422653812.5,-56.21749
422653875.0,-56.21508
422653937.5,-56.21368
422654000.0,-56.20954
422654062.5,-56.15894
422654125.0,-56.21257
422654187.5,-56.27972
422654250.0,-56.24652
422654312.5,-56.23138
422654375.0,-56.29572
422654437.5,-56.23714
422654500.0,-56.24134
422654562.5,-56.13959
422654625.0,-56.23076
422654687.5,-56.19573
422654750.0,-56.16616
422654812.5,-56.22642
422654875.0,-56.14417
422654937.5,-56.23282
422655000.0,-56.18861
422655062.5,-56.13638
422655125.0,-56.29715
422655187.5,-56.18659
422655250.0,-56.24542
422655312.5,-56.24481
422655375.0,-56.16022
422655437.5,-56.35329
422655500.0,-56.23835
422655562.5,-56.21268
422655625.0,-56.12975
422655687.5,-56.19518
422655750.0,-56.15379
422655812.5,-56.23998
422655875.0,-56.27872
422655937.5,-56.15036
422656000.0,-56.16597
422656062.5,-56.23482
422656125.0,-56.19973
422656187.5,-56.16488
422656250.0,-56.14509
422656312.5,-56.14461
422656375.0,-56.15431
422656437.5,-56.21865
422656500.0,-56.13771
422656562.5,-56.22998
422656625.0,-56.18071
422656687.5,-56.16498
422656750.0,-56.14318
422656812.5,-56.19421
422656875.0,-56.18927
422656937.5,-56.13424
422657000.0,-56.14396
422657062.5,-56.16388
422657125.0,-56.13094
422657187.5,-56.31356
422657250.0,-56.24466
422657312.5,-56.17747
422657375.0,-56.16893
422657437.5,-56.11528
422657500.0,-56.1965
422657562.5,-56.2118
422657625.0,-56.07747
422657687.5,-56.15863
422657750.0,-56.11253
422657812.5,-56.07462
422657875.0,-56.19397
422657937.5,-56.15482
422658000.0,-56.16409
422658062.5,-56.13235
422658125.0,-56.1945
422658187.5,-56.11512
422658250.0,-56.15804
422658312.5,-56.10308
422658375.0,-56.1543
422658437.5,-56.12931
422658500.0,-56.17606
422658562.5,-56.16226
422658625.0,-56.10354
422658687.5,-56.0396
422658750.0,-56.1437
422658812.5,-56.24554
422658875.0,-56.11154
422658937.5,-56.23473
422659000.0,-56.17936
422659062.5,-56.13155
422659125.0,-56.17232
422659187.5,-56.02802
422659250.0,-56.1536
422659312.5,-56.10798
422659375.0,-56.1461
422659437.5,-56.04765
422659500.0,-56.18358
422659562.5,-56.1805
422659625.0,-56.14008
422659687.5,-56.07849
422659750.0,-56.07595
422659812.5,-56.1261
422659875.0,-56.15043
422659937.5,-56.08664
422660000.0,-56.10664
422660062.5,-56.11638
422660125.0,-56.10579
422660187.5,-56.13203
422660250.0,-56.10856
422660312.5,-56.08906
422660375.0,-56.06953
422660437.5,-56.10733
422660500.0,-56.13108
422660562.5,-56.10994
422660625.0,-56.11647
422660687.5,-56.13414
422660750.0,-56.15504
422660812.5,-56.0998
422660875.0,-56.03947
422660937.5,-56.15929
422661000.0,-56.14186
422661062.5,-56.13426
422661125.0,-56.06461
422661187.5,-56.08453
422661250.0,-56.13342
422661312.5,-56.08419
422661375.0,-56.16945
422661437.5,-56.08343
422661500.0,-56.11901
422661562.5,-56.02417
422661625.0,-56.17302
422661687.5,-56.03801
422661750.0,-56.05816
422661812.5,-56.14177
422661875.0,-56.09249
422661937.5,-56.13094
422662000.0,-56.07887
422662062.5,-56.14489
422662125.0,-56.06314
422662187.5,-56.12043
422662250.0,-56.05564
422662312.5,-55.99542
422662375.0,-56.09323
422662437.5,-56.03986
422662500.0,-56.07177
422662562.5,-56.09053
422662625.0,-56.00201
422662687.5,-56.08447
422662750.0,-55.99597
422662812.5,-56.11536
422662875.0,-56.10532
422662937.5,-56.01779
422663000.0,-56.07607
422663062.5,-56.05253
422663125.0,-56.10524
422663187.5,-56.01727
422663250.0,-56.05276
422663312.5,-55.96515
422663375.0,-56.05332
422663437.5,-56.05807
422663500.0,-55.98695
422663562.5,-56.02392
422663625.0,-56.07882
422663687.5,-56.10591
422663750.0,-56.05816
422663812.5,-56.02376
422663875.0,-56.01504
422663937.5,-55.95255
422664000.0,-56.03679
422664062.5,-56.09958
422664125.0,-56.02983
422664187.5,-56.0586
422664250.0,-55.96747
422664312.5,-56.1096
422664375.0,-56.04599
422664437.5,-55.99194
422664500.0,-56.05289
422664562.5,-56.0149
422664625.0,-56.01123
422664687.5,-56.00343
422664750.0,-56.0132
422664812.5,-56.01212
422664875.0,-56.00115
422664937.5,-56.03206
422665000.0,-56.03708
422665062.5,-56.04166
422665125.0,-56.06198
422665187.5,-56.10987
422665250.0,-56.09118
422665312.5,-56.00013
422665375.0,-56.06394
422665437.5,-56.02072
422665500.0,-56.02643
422665562.5,-55.99011
422665625.0,-56.05165
422665687.5,-56.00723
422665750.0,-55.97741
422665812.5,-55.94068
422665875.0,-56.03008
422665937.5,-55.99801
422666000.0,-56.01635
422666062.5,-56.03749
422666125.0,-55.99927
422666187.5,-56.04238
422666250.0,-55.92545
422666312.5,-55.99183
422666375.0,-56.07745
422666437.5,-55.99061
422666500.0,-55.97102
422666562.5,-55.96006
422666625.0,-55.91861
422666687.5,-56.04016
422666750.0,-56.068
422666812.5,-56.0616
422666875.0,-56.00459
422666937.5,-55.96582
422667000.0,-55.9187
422667062.5,-56.01902
422667125.0,-55.96429
422667187.5,-56.00465
422667250.0,-56.04383
422667312.5,-55.95643
422667375.0,-56.07005
422667437.5,-56.02326
422667500.0,-56.0039
422667562.5,-55.92445
422667625.0,-55.92214
422667687.5,-55.95547
422667750.0,-55.98112
422667812.5,-55.9646
422667875.0,-56.02676
422667937.5,-55.98622
422668000.0,-56.00365
422668062.5,-55.91529
422668125.0,-56.02061
422668187.5,-55.96504
422668250.0,-55.92765
422668312.5,-55.98349
422668375.0,-55.87902
422668437.5,-55.90496
422668500.0,-55.94753
422668562.5,-55.97704
422668625.0,-55.94282
422668687.5,-55.96206
422668750.0,-55.92945
422668812.5,-55.88456
422668875.0,-55.97884
422668937.5,-55.98933
422669000.0,-55.93198
422669062.5,-55.99718
422669125.0,-55.88668
422669187.5,-55.99147
422669250.0,-55.9313
422669312.5,-55.92435
422669375.0,-55.96795
422669437.5,-55.976
422669500.0,-55.92649
422669562.5,-55.98757
422669625.0,-55.96199
422669687.5,-55.91223
422669750.0,-55.89536
422669812.5,-55.92235
422669875.0,-55.85906
422669937.5,-55.92957
422670000.0,-55.94963
422670062.5,-55.95052
422670125.0,-55.93133
422670187.5,-55.96508
422670250.0,-55.93623
422670312.5,-55.94714
422670375.0,-55.876
422670437.5,-55.9402
422670500.0,-55.94335
422670562.5,-55.90078
422670625.0,-55.90485
422670687.5,-55.96145
422670750.0,-55.89408
422670812.5,-55.92029
422670875.0,-55.84269
422670937.5,-55.93239
422671000.0,-55.87322
422671062.5,-55.95565
422671125.0,-55.93535
422671187.5,-55.84874
422671250.0,-55.93879
422671312.5,-55.90387
422671375.0,-55.88193
422671437.5,-55.8968
422671500.0,-55.92041
422671562.5,-55.91154
422671625.0,-55.92025
422671687.5,-55.97491
422671750.0,-55.866
422671812.5,-55.7785
422671875.0,-55.9032
422671937.5,-55.91324
422672000.0,-55.93258
422672062.5,-55.89846
422672125.0,-55.84648
422672187.5,-55.86184
422672250.0,-55.81301
422672312.5,-55.89753
422672375.0,-55.90845
422672437.5,-55.83824
422672500.0,-55.9692
422672562.5,-55.80103
422672625.0,-55.92559
422672687.5,-55.87441
422672750.0,-55.93631
422672812.5,-55.88987
422672875.0,-55.9918
422672937.5,-55.81021
422673000.0,-55.80587
422673062.5,-55.8686
422673125.0,-55.86592
422673187.5,-55.83346
422673250.0,-55.88088
422673312.5,-55.81215
422673375.0,-55.8273
422673437.5,-55.86913
422673500.0,-55.82777
422673562.5,-55.88242
422673625.0,-55.86258
422673687.5,-55.84461
422673750.0,-55.87205
422673812.5,-55.90897
422673875.0,-55.83658
422673937.5,-55.86444
422674000.0,-55.86205
422674062.5,-55.78123
422674125.0,-55.81929
422674187.5,-55.88409
422674250.0,-55.82462
422674312.5,-55.85089
422674375.0,-55.83493
422674437.5,-55.82792
422674500.0,-55.82495
422674562.5,-55.85483
422674625.0,-55.82168
422674687.5,-55.84534
422674750.0,-55.865
422674812.5,-55.79845
422674875.0,-55.90098
422674937.5,-55.8247
422675000.0,-55.80142
422675062.5,-55.85921
422675125.0,-55.83334
422675187.5,-55.83
422675250.0,-55.80043
422675312.5,-55.91079
422675375.0,-55.8243
422675437.5,-55.83157
422675500.0,-55.86135
422675562.5,-55.8286
422675625.0,-55.8128
422675687.5,-55.82382
422675750.0,-55.83665
422675812.5,-55.76863
422675875.0,-55.77895
422675937.5,-55.73269
422676000.0,-55.90952
422676062.5,-55.84378
422676125.0,-55.74446
422676187.5,-55.81914
422676250.0,-55.71432
422676312.5,-55.73568
422676375.0,-55.81795
422676437.5,-55.85874
422676500.0,-55.76355
422676562.5,-55.77737
422676625.0,-55.8572
422676687.5,-55.81219
422676750.0,-55.84968
422676812.5,-55.77899
422676875.0,-55.83782
422676937.5,-55.79509
422677000.0,-55.83266
422677062.5,-55.82238
422677125.0,-55.74236
422677187.5,-55.76884
422677250.0,-55.7528
422677312.5,-55.81215
422677375.0,-55.77654
422677437.5,-55.78273
422677500.0,-55.72639
422677562.5,-55.83207
422677625.0,-55.76419
422677687.5,-55.84379
422677750.0,-55.73405
422677812.5,-55.80404
422677875.0,-55.84956
422677937.5,-55.81702
422678000.0,-55.7245
422678062.5,-55.76844
422678125.0,-55.7236
422678187.5,-55.7405
422678250.0,-55.82562
422678312.5,-55.7594
422678375.0,-55.83974
422678437.5,-55.75677
422678500.0,-55.74185
422678562.5,-55.66998
422678625.0,-55.82776
422678687.5,-55.78549
422678750.0,-55.81293
422678812.5,-55.77769
422678875.0,-55.70457
422678937.5,-55.74405
422679000.0,-55.69695
422679062.5,-55.76104
422679125.0,-55.7574
422679187.5,-55.76183
422679250.0,-55.72287
422679312.5,-55.75506
422679375.0,-55.794
422679437.5,-55.72247
422679500.0,-55.73024
422679562.5,-55.78876
422679625.0,-55.74025
422679687.5,-55.68686
422679750.0,-55.70747
422679812.5,-55.69986
422679875.0,-55.79868
422679937.5,-55.74244
422680000.0,-55.7308
422680062.5,-55.76694
422680125.0,-55.74038
422680187.5,-55.7175
422680250.0,-55.74062
422680312.5,-55.7184
422680375.0,-55.73734
422680437.5,-55.72113
422680500.0,-55.73376
422680562.5,-55.77735
422680625.0,-55.6973
422680687.5,-55.62632
422680750.0,-55.76561
422680812.5,-55.71312
422680875.0,-55.74688
422680937.5,-55.705
422681000.0,-55.67106
422681062.5,-55.74516
422681125.0,-55.7251
422681187.5,-55.66573
422681250.0,-55.68599
422681312.5,-55.76427
422681375.0,-55.71735
422681437.5,-55.72855
422681500.0,-55.69061
422681562.5,-55.65558
422681625.0,-55.67982
422681687.5,-55.71442
422681750.0,-55.68022
422681812.5,-55.68121
422681875.0,-55.59753
422681937.5,-55.69724
422682000.0,-55.70736
422682062.5,-55.71558
422682125.0,-55.73338
422682187.5,-55.70699
422682250.0,-55.76969
422682312.5,-55.66397
422682375.0,-55.69075
422682437.5,-55.7495
422682500.0,-55.70414
422682562.5,-55.67792
422682625.0,-55.71391
422682687.5,-55.65876
422682750.0,-55.65671
422682812.5,-55.65839
422682875.0,-55.64443
422682937.5,-55.67692
422683000.0,-55.64574
422683062.5,-55.74029
422683125.0,-55.72668
422683187.5,-55.70192
422683250.0,-55.71428
422683312.5,-55.63148
422683375.0,-55.65947
422683437.5,-55.59064
422683500.0,-55.62757
422683562.5,-55.65782
422683625.0,-55.6161
422683687.5,-55.6108
422683750.0,-55.71614
422683812.5,-55.65244
422683875.0,-55.65154
422683937.5,-55.72154
422684000.0,-55.72367
422684062.5,-55.69933
422684125.0,-55.70785
422684187.5,-55.64574
422684250.0,-55.69973
422684312.5,-55.69318
422684375.0,-55.68523
422684437.5,-55.60351
422684500.0,-55.62278
422684562.5,-55.66081
422684625.0,-55.65682
422684687.5,-55.5733
422684750.0,-55.59398
422684812.5,-55.59888
422684875.0,-55.61864
422684937.5,-55.6922
422685000.0,-55.58461
422685062.5,-55.62258
422685125.0,-55.66174
422685187.5,-55.60555
422685250.0,-55.68006
422685312.5,-55.63531
422685375.0,-55.69659
422685437.5,-55.65882
422685500.0,-55.62985
422685562.5,-55.56764
422685625.0,-55.64605
422685687.5,-55.6304
422685750.0,-55.67148
422685812.5,-55.57844
422685875.0,-55.66244
422685937.5,-55.70637
422686000.0,-55.61884
422686062.5,-55.62668
422686125.0,-55.63546
422686187.5,-55.6174
422686250.0,-55.61081
422686312.5,-55.57273
422686375.0,-55.68448
422686437.5,-55.61867
422686500.0,-55.61707
422686562.5,-55.60306
422686625.0,-55.63942
422686687.5,-55.53723
422686750.0,-55.6247
422686812.5,-55.53582
422686875.0,-55.56632
422686937.5,-55.57219
422687000.0,-55.56794
422687062.5,-55.66116
422687125.0,-55.61607
422687187.5,-55.5876
422687250.0,-55.55517
422687312.5,-55.52657
422687375.0,-55.58466
422687437.5,-55.58704
422687500.0,-55.60391
422687562.5,-55.64795
422687625.0,-55.60772
422687687.5,-55.54644
422687750.0,-55.70684
422687812.5,-55.58304
422687875.0,-55.5832
422687937.5,-55.57155
422688000.0,-55.56423
422688062.5,-55.5668
422688125.0,-55.4922
422688187.5,-55.57254
422688250.0,-55.55371
422688312.5,-55.52187
422688375.0,-55.64606
422688437.5,-55.5575
422688500.0,-55.51493
422688562.5,-55.53272
422688625.0,-55.59196
422688687.5,-55.57402
422688750.0,-55.48128
422688812.5,-55.54943
422688875.0,-55.5996
422688937.5,-55.57081
422689000.0,-55.63731
422689062.5,-55.53849
422689125.0,-55.57545
422689187.5,-55.58603
422689250.0,-55.57903
422689312.5,-55.58173
422689375.0,-55.64235
422689437.5,-55.6327
422689500.0,-55.5691
422689562.5,-55.54011
422689625.0,-55.47688
422689687.5,-55.45846
422689750.0,-55.52055
422689812.5,-55.52723
422689875.0,-55.50565
422689937.5,-55.65905
422690000.0,-55.58449
422690062.5,-55.55422
422690125.0,-55.57056
422690187.5,-55.47841
422690250.0,-55.58881
422690312.5,-55.56477
422690375.0,-55.55088
422690437.5,-55.62759
422690500.0,-55.56763
422690562.5,-55.52507
422690625.0,-55.50241
422690687.5,-55.56864
422690750.0,-55.47683
422690812.5,-55.50648
422690875.0,-55.5402
422690937.5,-55.5616
422691000.0,-55.49452
422691062.5,-55.51484
422691125.0,-55.52214
422691187.5,-55.4954
422691250.0,-55.49537
422691312.5,-55.48835
422691375.0,-55.54552
422691437.5,-55.44187
422691500.0,-55.50711
422691562.5,-55.5376
422691625.0,-55.49645
422691687.5,-55.52976
422691750.0,-55.526
422691812.5,-55.50328
422691875.0,-55.51417
422691937.5,-55.50313
422692000.0,-55.45989
422692062.5,-55.43784
422692125.0,-55.47457
422692187.5,-55.50037
422692250.0,-55.45997
422692312.5,-55.51617
422692375.0,-55.46285
422692437.5,-55.52823
422692500.0,-55.44574
422692562.5,-55.44639
422692625.0,-55.48858
422692687.5,-55.44405
422692750.0,-55.44715
422692812.5,-55.50882
422692875.0,-55.45618
422692937.5,-55.49418
422693000.0,-55.50616
422693062.5,-55.41895
422693125.0,-55.50566
422693187.5,-55.46828
422693250.0,-55.44546
422693312.5,-55.45539
422693375.0,-55.48681
422693437.5,-55.4516
422693500.0,-55.49955
422693562.5,-55.42754
422693625.0,-55.43453
422693687.5,-55.45532
422693750.0,-55.45876
422693812.5,-55.46265
422693875.0,-55.47562
422693937.5,-55.38452
422694000.0,-55.38868
422694062.5,-55.4584
422694125.0,-55.41202
422694187.5,-55.45463
422694250.0,-55.54575
422694312.5,-55.40811
422694375.0,-55.37112
422694437.5,-55.52252
422694500.0,-55.41224
422694562.5,-55.39828
422694625.0,-55.45294
422694687.5,-55.40807
422694750.0,-55.47472
422694812.5,-55.429
422694875.0,-55.45214
422694937.5,-55.41962
422695000.0,-55.42084
422695062.5,-55.47739
422695125.0,-55.36922
422695187.5,-55.45116
422695250.0,-55.41896
422695312.5,-55.41365
422695375.0,-55.43757
422695437.5,-55.43283
422695500.0,-55.41303
422695562.5,-55.42318
422695625.0,-55.41017
422695687.5,-55.38454
422695750.0,-55.37078
422695812.5,-55.41579
422695875.0,-55.37988
422695937.5,-55.39933
422696000.0,-55.40113
422696062.5,-55.48275
422696125.0,-55.44391
422696187.5,-55.44753
422696250.0,-55.35873
422696312.5,-55.38573
422696375.0,-55.37886
422696437.5,-55.4172
422696500.0,-55.37135
422696562.5,-55.35939
422696625.0,-55.42572
422696687.5,-55.40772
422696750.0,-55.40442
422696812.5,-55.41142
422696875.0,-55.33508
422696937.5,-55.33809
422697000.0,-55.38365
422697062.5,-55.39196
422697125.0,-55.4866
422697187.5,-55.34312
422697250.0,-55.36342
422697312.5,-55.34125
422697375.0,-55.35814
422697437.5,-55.38554
422697500.0,-55.39316
422697562.5,-55.38878
422697625.0,-55.3956
422697687.5,-55.35927
422697750.0,-55.38836
422697812.5,-55.38636
422697875.0,-55.35918
422697937.5,-55.37866
422698000.0,-55.47014
422698062.5,-55.45823
422698125.0,-55.38188
422698187.5,-55.3821
422698250.0,-55.30415
422698312.5,-55.32885
422698375.0,-55.30602
422698437.5,-55.30902
422698500.0,-55.36025
422698562.5,-55.33928
422698625.0,-55.36292
422698687.5,-55.36232
422698750.0,-55.25548
422698812.5,-55.40976
422698875.0,-55.37704
422698937.5,-55.38429
422699000.0,-55.37532
422699062.5,-55.37819
422699125.0,-55.33821
422699187.5,-55.38873
422699250.0,-55.35653
422699312.5,-55.33929
422699375.0,-55.36914
422699437.5,-55.37109
422699500.0,-55.3375
422699562.5,-55.42775
422699625.0,-55.33814
422699687.5,-55.32313
422699750.0,-55.32912
422699812.5,-55.28827
422699875.0,-55.30471
422699937.5,-55.36273
422700000.0,-55.37627
422700062.5,-55.32561
422700125.0,-55.32874
422700187.5,-55.33251
422700250.0,-55.30583
422700312.5,-55.32747
422700375.0,-55.36843
422700437.5,-55.32603
422700500.0,-55.30032
422700562.5,-55.33557
422700625.0,-55.30077
422700687.5,-55.32215
422700750.0,-55.28479
422700812.5,-55.28413
422700875.0,-55.37056
422700937.5,-55.27507
422701000.0,-55.27142
422701062.5,-55.26415
422701125.0,-55.27779
422701187.5,-55.3661
422701250.0,-55.39296
422701312.5,-55.31338
422701375.0,-55.33875
422701437.5,-55.2632
422701500.0,-55.28566
422701562.5,-55.3215
422701625.0,-55.27248
422701687.5,-55.35053
422701750.0,-55.30741
422701812.5,-55.28269
422701875.0,-55.34083
422701937.5,-55.3232
422702000.0,-55.28823
422702062.5,-55.30387
422702125.0,-55.28516
422702187.5,-55.21362
422702250.0,-55.21796
422702312.5,-55.20979
422702375.0,-55.25653
422702437.5,-55.22045
422702500.0,-55.26873
422702562.5,-55.25172
422702625.0,-55.35215
422702687.5,-55.2677
422702750.0,-55.23944
422702812.5,-55.27023
422702875.0,-55.30839
422702937.5,-55.21244
422703000.0,-55.26866
422703062.5,-55.24787
422703125.0,-55.26795
422703187.5,-55.27737
422703250.0,-55.27002
422703312.5,-55.26349
422703375.0,-55.26405
422703437.5,-55.29288
422703500.0,-55.25103
422703562.5,-55.24123
422703625.0,-55.22537
422703687.5,-55.27695
422703750.0,-55.24222
422703812.5,-55.1989
422703875.0,-55.17059
422703937.5,-55.29449
422704000.0,-55.32079
422704062.5,-55.26756
422704125.0,-55.17048
422704187.5,-55.24399
422704250.0,-55.22509
422704312.5,-55.21949
422704375.0,-55.26724
422704437.5,-55.249
422704500.0,-55.19854
422704562.5,-55.18171
422704625.0,-55.23643
422704687.5,-55.24895
422704750.0,-55.21907
422704812.5,-55.19001
422704875.0,-55.24085
422704937.5,-55.23455
422705000.0,-55.18974
422705062.5,-55.1778
422705125.0,-55.20465
422705187.5,-55.2392
422705250.0,-55.18163
422705312.5,-55.2417
422705375.0,-55.22908
422705437.5,-55.30671
422705500.0,-55.19051
422705562.5,-55.26997
422705625.0,-55.19463
422705687.5,-55.14386
422705750.0,-55.19405
422705812.5,-55.22752
422705875.0,-55.12078
422705937.5,-55.21993
422706000.0,-55.22202
422706062.5,-55.16021
422706125.0,-55.2215
422706187.5,-55.16238
422706250.0,-55.203
422706312.5,-55.15441
422706375.0,-55.21809
422706437.5,-55.24239
422706500.0,-55.1711
422706562.5,-55.15411
422706625.0,-55.16814
422706687.5,-55.19002
422706750.0,-55.17562
422706812.5,-55.26197
422706875.0,-55.22689
422706937.5,-55.19789
422707000.0,-55.11393
422707062.5,-55.20656
422707125.0,-55.22728
422707187.5,-55.20203
422707250.0,-55.11954
422707312.5,-55.16223
422707375.0,-55.18762
422707437.5,-55.09402
422707500.0,-55.15467
422707562.5,-55.14358
422707625.0,-55.16758
422707687.5,-55.16984
422707750.0,-55.16544
422707812.5,-55.17331
422707875.0,-55.17905
422707937.5,-55.1666
422708000.0,-55.15264
422708062.5,-55.17587
422708125.0,-55.16663
422708187.5,-55.16053
422708250.0,-55.18785
422708312.5,-55.14491
422708375.0,-55.12526
422708437.5,-55.19731
422708500.0,-55.08553
422708562.5,-55.13181
422708625.0,-55.11941
422708687.5,-55.13168
422708750.0,-55.17023
422708812.5,-55.12973
422708875.0,-55.06139
422708937.5,-55.16526
422709000.0,-55.16374
422709062.5,-55.1226
422709125.0,-55.08242
422709187.5,-55.1629
422709250.0,-55.07468
422709312.5,-55.14123
422709375.0,-55.1143
422709437.5,-55.08843
422709500.0,-55.10247
422709562.5,-55.08573
422709625.0,-55.11605
422709687.5,-55.04118
422709750.0,-55.05759
422709812.5,-55.19416
422709875.0,-55.09208
422709937.5,-55.06868
422710000.0,-55.09245
422710062.5,-55.10493
422710125.0,-55.10369
422710187.5,-55.13199
422710250.0,-55.15888
422710312.5,-55.20088
422710375.0,-55.08866
422710437.5,-55.10063
422710500.0,-55.10033
422710562.5,-55.12877
422710625.0,-55.12403
422710687.5,-55.11418
422710750.0,-55.11218
422710812.5,-55.12457
422710875.0,-55.10493
422710937.5,-55.12233
422711000.0,-55.15459
422711062.5,-55.08221
422711125.0,-55.14295
422711187.5,-55.09908
422711250.0,-55.15514
422711312.5,-55.07367
422711375.0,-55.11158
422711437.5,-55.05828
422711500.0,-55.01776
422711562.5,-55.11275
422711625.0,-55.14082
422711687.5,-55.08319
422711750.0,-55.0724
422711812.5,-55.04837
422711875.0,-55.06746
422711937.5,-54.97692
422712000.0,-55.10926
422712062.5,-54.97925
422712125.0,-55.07426
422712187.5,-55.06888
422712250.0,-55.03778
422712312.5,-55.02579
422712375.0,-55.00579
422712437.5,-55.0378
422712500.0,-55.07113
422712562.5,-55.05766
422712625.0,-55.05834
422712687.5,-55.06653
422712750.0,-55.16473
422712812.5,-55.07611
422712875.0,-55.09067
422712937.5,-54.99985
422713000.0,-55.07296
422713062.5,-55.09368
422713125.0,-55.09929
422713187.5,-55.11154
422713250.0,-55.07787
422713312.5,-55.03193
422713375.0,-55.02092
422713437.5,-54.97386
422713500.0,-54.99067
422713562.5,-55.03706
422713625.0,-54.98912
422713687.5,-55.08994
422713750.0,-55.06776
422713812.5,-55.02598
422713875.0,-55.02948
422713937.5,-55.03359
422714000.0,-55.08429
422714062.5,-54.97321
422714125.0,-54.99697
422714187.5,-55.05941
422714250.0,-55.05096
422714312.5,-55.03057
422714375.0,-55.05169
422714437.5,-55.02358
422714500.0,-55.01761
422714562.5,-55.04819
422714625.0,-55.03215
422714687.5,-54.95202
422714750.0,-54.9935
422714812.5,-54.97982
422714875.0,-54.98883
422714937.5,-55.05673
422715000.0,-55.00632
422715062.5,-54.94436
422715125.0,-54.93026
422715187.5,-54.96138
422715250.0,-55.01719
422715312.5,-54.97491
422715375.0,-55.06227
422715437.5,-54.99567
422715500.0,-54.93755
422715562.5,-55.02063
422715625.0,-55.06205
422715687.5,-55.04643
422715750.0,-54.91295
422715812.5,-55.0001
422715875.0,-55.0004
422715937.5,-54.98163
422716000.0,-54.97224
422716062.5,-55.00912
422716125.0,-54.99208
422716187.5,-54.97664
422716250.0,-54.96551
422716312.5,-55.00809
422716375.0,-55.03482
422716437.5,-54.94244
422716500.0,-55.03581
422716562.5,-55.0174
422716625.0,-54.93741
422716687.5,-54.9613
422716750.0,-54.93584
422716812.5,-54.92329
422716875.0,-54.88403
422716937.5,-54.99363
422717000.0,-54.9555
422717062.5,-54.95771
422717125.0,-54.92461
422717187.5,-54.89112
422717250.0,-54.91544
422717312.5,-54.94573
422717375.0,-55.00057
422717437.5,-54.94127
422717500.0,-54.99697
422717562.5,-55.02453
422717625.0,-54.93137
422717687.5,-54.95116
422717750.0,-54.92319
422717812.5,-55.05444
422717875.0,-55.03622
422717937.5,-54.94497
422718000.0,-54.93929
422718062.5,-54.94059
422718125.0,-54.9689
422718187.5,-54.97514
422718250.0,-54.89398
422718312.5,-54.98895
422718375.0,-54.96235
422718437.5,-54.95213
422718500.0,-54.93346
422718562.5,-54.87577
422718625.0,-54.96051
422718687.5,-54.95854
422718750.0,-54.94194
422718812.5,-54.91111
422718875.0,-54.92447
422718937.5,-54.95608
422719000.0,-54.91946
422719062.5,-54.80901
422719125.0,-54.94487
422719187.5,-54.9455
422719250.0,-54.94446
422719312.5,-54.94293
422719375.0,-54.88577
422719437.5,-54.92724
422719500.0,-54.88033
422719562.5,-54.89854
422719625.0,-54.94449
422719687.5,-54.94572
422719750.0,-54.87617
422719812.5,-54.87704
422719875.0,-54.88606
422719937.5,-54.95076
422720000.0,-54.95798
422720062.5,-54.95743
422720125.0,-54.84372
422720187.5,-54.84419
422720250.0,-54.94913
422720312.5,-54.83427
422720375.0,-54.8004
422720437.5,-54.86354
422720500.0,-54.82872
422720562.5,-54.88586
422720625.0,-54.90993
422720687.5,-54.85785
422720750.0,-54.86535
422720812.5,-54.90502
422720875.0,-54.8747
422720937.5,-54.894
422721000.0,-54.9051
422721062.5,-54.92981
422721125.0,-54.83907
422721187.5,-54.86698
422721250.0,-54.87173
422721312.5,-54.88439
422721375.0,-54.84744
422721437.5,-54.84692
422721500.0,-54.86024
422721562.5,-54.9139
422721625.0,-54.89566
422721687.5,-54.89596
422721750.0,-54.91504
422721812.5,-54.87474
422721875.0,-54.87333
422721937.5,-54.85342
422722000.0,-54.81751
422722062.5,-54.8314
422722125.0,-54.80872
422722187.5,-54.85603
422722250.0,-54.84289
422722312.5,-54.8401
422722375.0,-54.8377
422722437.5,-54.85743
422722500.0,-54.84442
422722562.5,-54.79142
422722625.0,-54.8508
422722687.5,-54.83558
422722750.0,-54.83982
422722812.5,-54.79324
422722875.0,-54.88303
422722937.5,-54.87259
422723000.0,-54.80259
422723062.5,-54.86396
422723125.0,-54.82438
422723187.5,-54.88461
422723250.0,-54.8039
422723312.5,-54.86664
422723375.0,-54.82468
422723437.5,-54.84652
422723500.0,-54.79298
422723562.5,-54.85767
422723625.0,-54.74984
422723687.5,-54.77322
422723750.0,-54.81955
422723812.5,-54.80089
422723875.0,-54.84076
422723937.5,-54.80337
422724000.0,-54.80022
422724062.5,-54.78337
422724125.0,-54.80817
422724187.5,-54.82514
422724250.0,-54.83058
422724312.5,-54.79281
422724375.0,-54.77016
422724437.5,-54.7134
422724500.0,-54.77576
422724562.5,-54.76252
422724625.0,-54.80646
422724687.5,-54.72256
422724750.0,-54.80472
422724812.5,-54.77535
422724875.0,-54.73388
422724937.5,-54.74261
422725000.0,-54.84005
422725062.5,-54.77808
422725125.0,-54.77918
422725187.5,-54.86446
422725250.0,-54.7569
422725312.5,-54.77122
422725375.0,-54.82032
422725437.5,-54.78789
422725500.0,-54.70364
422725562.5,-54.76847
422725625.0,-54.81614
422725687.5,-54.76453
422725750.0,-54.74089
422725812.5,-54.72712
422725875.0,-54.75375
422725937.5,-54.72836
422726000.0,-54.73918
422726062.5,-54.73304
422726125.0,-54.75232
422726187.5,-54.68893
422726250.0,-54.80049
422726312.5,-54.74411
422726375.0,-54.74244
422726437.5,-54.77359
422726500.0,-54.8178
422726562.5,-54.77044
422726625.0,-54.78334
422726687.5,-54.76133
422726750.0,-54.76619
422726812.5,-54.70447
422726875.0,-54.70992
422726937.5,-54.72079
422727000.0,-54.73292
422727062.5,-54.79114
422727125.0,-54.73801
422727187.5,-54.70954
422727250.0,-54.70832
422727312.5,-54.74797
422727375.0,-54.78796
422727437.5,-54.77993
422727500.0,-54.76851
422727562.5,-54.71671
422727625.0,-54.6559
422727687.5,-54.74133
422727750.0,-54.72995
422727812.5,-54.80131
422727875.0,-54.70079
422727937.5,-54.76103
422728000.0,-54.71864
422728062.5,-54.73104
422728125.0,-54.77862
422728187.5,-54.66924
422728250.0,-54.71807
422728312.5,-54.69994
422728375.0,-54.70519
422728437.5,-54.78249
422728500.0,-54.77612
422728562.5,-54.67243
422728625.0,-54.71626
422728687.5,-54.64418
422728750.0,-54.65193
422728812.5,-54.63218
422728875.0,-54.7363
422728937.5,-54.71319
422729000.0,-54.76065
422729062.5,-54.74482
422729125.0,-54.79712
422729187.5,-54.72493
422729250.0,-54.66391
422729312.5,-54.68312
422729375.0,-54.6605
422729437.5,-54.68705
422729500.0,-54.68084
422729562.5,-54.65506
422729625.0,-54.69801
422729687.5,-54.68048
422729750.0,-54.64021
422729812.5,-54.69489
422729875.0,-54.69775
422729937.5,-54.69058
422730000.0,-54.65949
422730062.5,-54.68272
422730125.0,-54.69194
422730187.5,-54.6465
422730250.0,-54.75201
422730312.5,-54.6232
422730375.0,-54.64688
422730437.5,-54.66471
422730500.0,-54.66707
422730562.5,-54.61113
422730625.0,-54.66751
422730687.5,-54.64619
422730750.0,-54.64486
422730812.5,-54.60946
422730875.0,-54.67407
422730937.5,-54.66483
422731000.0,-54.63536
422731062.5,-54.63245
422731125.0,-54.626
422731187.5,-54.6759
422731250.0,-54.66159
422731312.5,-54.60042
422731375.0,-54.65422
422731437.5,-54.63606
422731500.0,-54.61984
422731562.5,-54.65193
422731625.0,-54.64256
422731687.5,-54.62537
422731750.0,-54.68682
422731812.5,-54.62384
422731875.0,-54.58289
422731937.5,-54.69153
422732000.0,-54.61954
422732062.5,-54.69589
422732125.0,-54.60941
422732187.5,-54.63815
422732250.0,-54.68805
422732312.5,-54.60582
422732375.0,-54.63888
422732437.5,-54.65546
422732500.0,-54.62577
422732562.5,-54.54683
422732625.0,-54.60116
422732687.5,-54.59116
422732750.0,-54.57872
422732812.5,-54.52089
422732875.0,-54.61956
422732937.5,-54.59273
422733000.0,-54.54858
422733062.5,-54.5848
422733125.0,-54.63479
422733187.5,-54.61753
422733250.0,-54.64647
422733312.5,-54.62452
422733375.0,-54.59888
422733437.5,-54.58157
422733500.0,-54.59053
422733562.5,-54.58392
422733625.0,-54.59197
422733687.5,-54.63638
422733750.0,-54.6078
422733812.5,-54.56987
422733875.0,-54.66537
422733937.5,-54.5859
422734000.0,-54.58477
422734062.5,-54.60361
422734125.0,-54.59321
422734187.5,-54.57253
422734250.0,-54.54652
422734312.5,-54.54019
422734375.0,-54.5747
422734437.5,-54.53801
422734500.0,-54.64375
422734562.5,-54.64567
422734625.0,-54.60419
422734687.5,-54.58157
422734750.0,-54.56594
422734812.5,-54.51956
422734875.0,-54.59077
422734937.5,-54.58547
422735000.0,-54.58432
422735062.5,-54.61922
422735125.0,-54.52666
422735187.5,-54.62421
422735250.0,-54.61577
422735312.5,-54.51345
422735375.0,-54.52913
422735437.5,-54.55519
422735500.0,-54.54246
422735562.5,-54.57937
422735625.0,-54.5537
422735687.5,-54.49881
422735750.0,-54.52612
422735812.5,-54.57157
422735875.0,-54.52908
422735937.5,-54.54531
422736000.0,-54.54816
422736062.5,-54.48478
422736125.0,-54.52812
422736187.5,-54.51876
422736250.0,-54.52011
422736312.5,-54.52382
422736375.0,-54.51931
422736437.5,-54.50674
422736500.0,-54.58499
422736562.5,-54.59462
422736625.0,-54.5479
422736687.5,-54.50755
422736750.0,-54.50162
422736812.5,-54.52232
422736875.0,-54.50249
422736937.5,-54.49279
422737000.0,-54.52396
422737062.5,-54.54341
422737125.0,-54.48094
422737187.5,-54.55825
422737250.0,-54.49142
422737312.5,-54.51176
422737375.0,-54.57214
422737437.5,-54.46224
422737500.0,-54.53249
422737562.5,-54.49131
422737625.0,-54.47317
422737687.5,-54.46706
422737750.0,-54.47851
422737812.5,-54.52344
422737875.0,-54.50493
422737937.5,-54.48543
422738000.0,-54.49767
422738062.5,-54.50867
422738125.0,-54.50243
422738187.5,-54.45569
422738250.0,-54.40231
422738312.5,-54.54642
422738375.0,-54.50421
422738437.5,-54.48265
422738500.0,-54.4742
422738562.5,-54.49081
422738625.0,-54.48336
422738687.5,-54.45258
422738750.0,-54.4538
422738812.5,-54.51365
422738875.0,-54.55204
422738937.5,-54.47912
422739000.0,-54.49799
422739062.5,-54.45974
422739125.0,-54.41906
422739187.5,-54.50213
422739250.0,-54.50908
422739312.5,-54.4715
422739375.0,-54.48097
422739437.5,-54.43461
422739500.0,-54.51351
422739562.5,-54.52919
422739625.0,-54.47087
422739687.5,-54.45528
422739750.0,-54.37713
422739812.5,-54.41867
422739875.0,-54.47316
422739937.5,-54.40831
422740000.0,-54.49547
422740062.5,-54.40026
422740125.0,-54.41626
422740187.5,-54.4609
422740250.0,-54.40353
422740312.5,-54.45783
422740375.0,-54.48471
422740437.5,-54.44933
422740500.0,-54.40266
422740562.5,-54.40732
422740625.0,-54.45754
422740687.5,-54.46322
422740750.0,-54.39261
422740812.5,-54.39321
422740875.0,-54.43957
422740937.5,-54.41618
422741000.0,-54.40358
422741062.5,-54.4873
422741125.0,-54.41606
422741187.5,-54.42692
422741250.0,-54.42789
422741312.5,-54.40433
422741375.0,-54.41614
422741437.5,-54.46747
422741500.0,-54.38457
422741562.5,-54.4123
422741625.0,-54.40239
422741687.5,-54.38029
422741750.0,-54.46044
422741812.5,-54.38461
422741875.0,-54.4111
422741937.5,-54.408
422742000.0,-54.39993
422742062.5,-54.37857
422742125.0,-54.4342
422742187.5,-54.35939
422742250.0,-54.41167
422742312.5,-54.4036
422742375.0,-54.34862
422742437.5,-54.4156
422742500.0,-54.38717
422742562.5,-54.36201
422742625.0,-54.36829
422742687.5,-54.38146
422742750.0,-54.42426
422742812.5,-54.40947
422742875.0,-54.33567
422742937.5,-54.40819
422743000.0,-54.3942
422743062.5,-54.3467
422743125.0,-54.42773
422743187.5,-54.38122
422743250.0,-54.34518
422743312.5,-54.37539
422743375.0,-54.35789
422743437.5,-54.38673
422743500.0,-54.3745
422743562.5,-54.36138
422743625.0,-54.40508
422743687.5,-54.39935
422743750.0,-54.38663
422743812.5,-54.38781
422743875.0,-54.34035
422743937.5,-54.33666
422744000.0,-54.3728
422744062.5,-54.32318
422744125.0,-54.40465
422744187.5,-54.34607
422744250.0,-54.35963
422744312.5,-54.37457
422744375.0,-54.30979
422744437.5,-54.31411
422744500.0,-54.36836
422744562.5,-54.33512
422744625.0,-54.31337
422744687.5,-54.32362
422744750.0,-54.28093
422744812.5,-54.33503
422744875.0,-54.34364
422744937.5,-54.31269
422745000.0,-54.29524
422745062.5,-54.34406
422745125.0,-54.34169
422745187.5,-54.30273
422745250.0,-54.363
422745312.5,-54.31358
422745375.0,-54.3166
422745437.5,-54.30909
422745500.0,-54.3532
422745562.5,-54.34438
422745625.0,-54.24997
422745687.5,-54.27827
422745750.0,-54.33883
422745812.5,-54.24217
422745875.0,-54.34223
422745937.5,-54.30327
422746000.0,-54.31422
422746062.5,-54.27308
422746125.0,-54.29977
422746187.5,-54.30298
422746250.0,-54.26198
422746312.5,-54.37916
422746375.0,-54.32071
422746437.5,-54.26286
422746500.0,-54.24765
422746562.5,-54.29021
422746625.0,-54.31222
422746687.5,-54.38626
422746750.0,-54.34975
422746812.5,-54.27569
422746875.0,-54.35982
422746937.5,-54.26862
422747000.0,-54.33535
422747062.5,-54.24057
422747125.0,-54.29234
422747187.5,-54.25584
422747250.0,-54.25238
422747312.5,-54.28607
422747375.0,-54.2544
422747437.5,-54.29024
422747500.0,-54.22651
422747562.5,-54.26902
422747625.0,-54.29814
422747687.5,-54.27536
422747750.0,-54.2542
422747812.5,-54.24805
422747875.0,-54.26769
422747937.5,-54.26541
422748000.0,-54.23517
422748062.5,-54.25795
422748125.0,-54.25169
422748187.5,-54.23672
422748250.0,-54.26021
422748312.5,-54.28725
422748375.0,-54.19616
422748437.5,-54.26561
422748500.0,-54.27672
422748562.5,-54.25505
422748625.0,-54.23513
422748687.5,-54.26038
422748750.0,-54.22913
422748812.5,-54.21497
422748875.0,-54.26915
422748937.5,-54.23261
422749000.0,-54.1745
422749062.5,-54.30048
422749125.0,-54.21935
422749187.5,-54.18905
422749250.0,-54.21605
422749312.5,-54.27063
422749375.0,-54.22592
422749437.5,-54.2675
422749500.0,-54.25827
422749562.5,-54.19875
422749625.0,-54.23919
422749687.5,-54.30262
422749750.0,-54.24474
422749812.5,-54.23993
422749875.0,-54.24054
422749937.5,-54.24702
422750000.0,-54.20189
422750062.5,-54.17772
422750125.0,-54.20809
422750187.5,-54.24966
422750250.0,-54.16301
422750312.5,-54.20003
422750375.0,-54.24419
422750437.5,-54.15598
422750500.0,-54.2408
422750562.5,-54.19121
422750625.0,-54.18396
422750687.5,-54.17834
422750750.0,-54.24361
422750812.5,-54.19673
422750875.0,-54.23403
422750937.5,-54.20726
422751000.0,-54.14704
422751062.5,-54.19969
422751125.0,-54.2229
422751187.5,-54.20706
422751250.0,-54.14597
422751312.5,-54.15821
422751375.0,-54.23903
422751437.5,-54.17995
422751500.0,-54.18816
422751562.5,-54.2183
422751625.0,-54.20527
422751687.5,-54.12608
422751750.0,-54.16637
422751812.5,-54.17332
422751875.0,-54.15451
422751937.5,-54.13606
422752000.0,-54.1481
422752062.5,-54.15154
422752125.0,-54.1848
422752187.5,-54.13183
422752250.0,-54.14425
422752312.5,-54.10873
422752375.0,-54.21888
422752437.5,-54.18713
422752500.0,-54.15873
422752562.5,-54.14138
422752625.0,-54.10875
422752687.5,-54.10606
422752750.0,-54.15287
422752812.5,-54.15239
422752875.0,-54.11421
422752937.5,-54.18611
422753000.0,-54.1279
422753062.5,-54.08776
422753125.0,-54.1095
422753187.5,-54.07512
422753250.0,-54.10126
422753312.5,-54.07467
422753375.0,-54.12389
422753437.5,-54.07802
422753500.0,-54.06335
422753562.5,-54.09426
422753625.0,-54.1011
422753687.5,-54.1554
422753750.0,-54.13275
422753812.5,-54.10329
422753875.0,-54.0779
422753937.5,-54.14624
422754000.0,-54.09995
422754062.5,-54.13804
422754125.0,-54.12698
422754187.5,-54.08674
422754250.0,-54.09542
422754312.5,-54.12025
422754375.0,-54.11261
422754437.5,-54.06677
422754500.0,-54.08694
422754562.5,-54.0946
422754625.0,-54.12664
422754687.5,-54.12244
422754750.0,-54.10209
422754812.5,-54.127
422754875.0,-54.07739
422754937.5,-54.13094
422755000.0,-54.06806
422755062.5,-54.06977
422755125.0,-54.14262
422755187.5,-54.08346
422755250.0,-54.08962
422755312.5,-54.08876
422755375.0,-54.0084
422755437.5,-54.08754
422755500.0,-54.0981
422755562.5,-54.03378
422755625.0,-54.10443
422755687.5,-54.11279
422755750.0,-54.07214
422755812.5,-54.06633
422755875.0,-54.10363
422755937.5,-54.08886
422756000.0,-54.12408
422756062.5,-54.08229
422756125.0,-54.04066
422756187.5,-54.10027
422756250.0,-54.11392
422756312.5,-54.02714
422756375.0,-54.04591
422756437.5,-54.06294
422756500.0,-54.03831
422756562.5,-54.02853
422756625.0,-54.04752
422756687.5,-54.05544
422756750.0,-54.06508
422756812.5,-54.07103
422756875.0,-53.98358
422756937.5,-54.01082
422757000.0,-54.0439
422757062.5,-54.09962
422757125.0,-54.03045
422757187.5,-54.04843
422757250.0,-54.06322
422757312.5,-54.02346
422757375.0,-54.04894
422757437.5,-54.00285
422757500.0,-54.02197
422757562.5,-53.99294
422757625.0,-54.04553
422757687.5,-54.03743
422757750.0,-54.01244
422757812.5,-54.07168
422757875.0,-53.99821
422757937.5,-54.01358
422758000.0,-54.00438
422758062.5,-54.01638
422758125.0,-53.96847
422758187.5,-54.05191
422758250.0,-54.04651
422758312.5,-53.95691
422758375.0,-54.01028
422758437.5,-54.01389
422758500.0,-54.02164
422758562.5,-54.04583
422758625.0,-54.00926
422758687.5,-53.97968
422758750.0,-54.00594
422758812.5,-54.05427
422758875.0,-53.9647
422758937.5,-53.96762
422759000.0,-54.02659
422759062.5,-53.94625
422759125.0,-54.02813
422759187.5,-53.98705
422759250.0,-53.97944
422759312.5,-54.01869
422759375.0,-53.94021
422759437.5,-53.96894
422759500.0,-53.95811
422759562.5,-53.94103
422759625.0,-53.96074
422759687.5,-53.95956
422759750.0,-54.04194
422759812.5,-53.94851
422759875.0,-53.9601
422759937.5,-53.97527
422760000.0,-53.96571
422760062.5,-54.01586
422760125.0,-53.98994
422760187.5,-53.99849
422760250.0,-53.95164
422760312.5,-53.90718
422760375.0,-53.95929
422760437.5,-53.97356
422760500.0,-54.00721
422760562.5,-53.97989
422760625.0,-54.01267
422760687.5,-53.95551
422760750.0,-53.93821
422760812.5,-53.89082
422760875.0,-54.01984
422760937.5,-53.91614
422761000.0,-53.91262
422761062.5,-53.98673
422761125.0,-53.89669
422761187.5,-53.91503
422761250.0,-53.9181
422761312.5,-53.95116
422761375.0,-53.9526
422761437.5,-53.8834
422761500.0,-53.98131
422761562.5,-53.90077
422761625.0,-53.91444
422761687.5,-53.92633
422761750.0,-53.94242
422761812.5,-53.89535
422761875.0,-53.94595
422761937.5,-53.94707
422762000.0,-53.92463
422762062.5,-53.9302
422762125.0,-53.96721
422762187.5,-53.90276
422762250.0,-53.96205
422762312.5,-53.93886
422762375.0,-53.93925
422762437.5,-53.9339
422762500.0,-53.90915
422762562.5,-53.90271
422762625.0,-53.92284
422762687.5,-53.93464
422762750.0,-53.88145
422762812.5,-53.87628
422762875.0,-53.92539
422762937.5,-53.94234
422763000.0,-53.87722
422763062.5,-53.92142
422763125.0,-53.9413
422763187.5,-53.87106
422763250.0,-53.86259
422763312.5,-53.92539
422763375.0,-53.88454
422763437.5,-53.92944
422763500.0,-53.91061
422763562.5,-53.89497
422763625.0,-53.86148
422763687.5,-53.83162
422763750.0,-53.84679
422763812.5,-53.90608
422763875.0,-53.90995
422763937.5,-53.90321
422764000.0,-53.81984
422764062.5,-53.90421
422764125.0,-53.93848
422764187.5,-53.83363
422764250.0,-53.86954
422764312.5,-53.8264
422764375.0,-53.82224
422764437.5,-53.87404
422764500.0,-53.9231
422764562.5,-53.86315
422764625.0,-53.82777
422764687.5,-53.85434
422764750.0,-53.87505
422764812.5,-53.87157
422764875.0,-53.87508
422764937.5,-53.86538
422765000.0,-53.85091
422765062.5,-53.83539
422765125.0,-53.87299
422765187.5,-53.82072
422765250.0,-53.74124
422765312.5,-53.81692
422765375.0,-53.87073
422765437.5,-53.8097
422765500.0,-53.84483
422765562.5,-53.88429
422765625.0,-53.8147
422765687.5,-53.80843
422765750.0,-53.87189
422765812.5,-53.87136
422765875.0,-53.81985
422765937.5,-53.80379
422766000.0,-53.82479
422766062.5,-53.85529
422766125.0,-53.83078
422766187.5,-53.82391
422766250.0,-53.87334
422766312.5,-53.79179
422766375.0,-53.76473
422766437.5,-53.81377
422766500.0,-53.83587
422766562.5,-53.82076
422766625.0,-53.78971
422766687.5,-53.7925
422766750.0,-53.77795
422766812.5,-53.78917
422766875.0,-53.78931
422766937.5,-53.80737
422767000.0,-53.82304
422767062.5,-53.82373
422767125.0,-53.80441
422767187.5,-53.85538
422767250.0,-53.81316
422767312.5,-53.78381
422767375.0,-53.75491
422767437.5,-53.82846
422767500.0,-53.78351
422767562.5,-53.80033
422767625.0,-53.81685
422767687.5,-53.85748
422767750.0,-53.79008
422767812.5,-53.81505
422767875.0,-53.79028
422767937.5,-53.75659
422768000.0,-53.79444
422768062.5,-53.77145
422768125.0,-53.78537
422768187.5,-53.73075
422768250.0,-53.70037
422768312.5,-53.77374
422768375.0,-53.74094
422768437.5,-53.75687
422768500.0,-53.76935
422768562.5,-53.74955
422768625.0,-53.73071
422768687.5,-53.75993
422768750.0,-53.75409
422768812.5,-53.75401
422768875.0,-53.78231
422768937.5,-53.77095
422769000.0,-53.74175
422769062.5,-53.77588
422769125.0,-53.70916
422769187.5,-53.72931
422769250.0,-53.75336
422769312.5,-53.71283
422769375.0,-53.74969
422769437.5,-53.72377
422769500.0,-53.76166
422769562.5,-53.67963
422769625.0,-53.75027
422769687.5,-53.73482
422769750.0,-53.70334
422769812.5,-53.75072
422769875.0,-53.693
422769937.5,-53.69434
422770000.0,-53.72052
422770062.5,-53.75623
422770125.0,-53.74821
422770187.5,-53.7177
422770250.0,-53.69337
422770312.5,-53.71076
422770375.0,-53.63366
422770437.5,-53.74244
422770500.0,-53.73215
422770562.5,-53.70942
422770625.0,-53.77533
422770687.5,-53.71199
422770750.0,-53.67961
422770812.5,-53.71957
422770875.0,-53.70034
422770937.5,-53.67113
422771000.0,-53.694
422771062.5,-53.7714
422771125.0,-53.79499
422771187.5,-53.69511
422771250.0,-53.70763
422771312.5,-53.74485
422771375.0,-53.69055
422771437.5,-53.68145
422771500.0,-53.74065
422771562.5,-53.73085
422771625.0,-53.68252
422771687.5,-53.7289
422771750.0,-53.70057
422771812.5,-53.67636
422771875.0,-53.66309
422771937.5,-53.63692
422772000.0,-53.66813
422772062.5,-53.66508
422772125.0,-53.67015
422772187.5,-53.70961
422772250.0,-53.59609
422772312.5,-53.65952
422772375.0,-53.64953
422772437.5,-53.70163
422772500.0,-53.69352
422772562.5,-53.64437
422772625.0,-53.65743
422772687.5,-53.62088
422772750.0,-53.65796
422772812.5,-53.66694
422772875.0,-53.67395
422772937.5,-53.60472
422773000.0,-53.6039
422773062.5,-53.70208
422773125.0,-53.68356
422773187.5,-53.63005
422773250.0,-53.60065
422773312.5,-53.65522
422773375.0,-53.66896
422773437.5,-53.67208
422773500.0,-53.59279
422773562.5,-53.64149
422773625.0,-53.57214
422773687.5,-53.63811
422773750.0,-53.57099
422773812.5,-53.6052
422773875.0,-53.63348
422773937.5,-53.6517
422774000.0,-53.58398
422774062.5,-53.60406
422774125.0,-53.64949
422774187.5,-53.58056
422774250.0,-53.61103
422774312.5,-53.57502
422774375.0,-53.60827
422774437.5,-53.58347
422774500.0,-53.58138
422774562.5,-53.62703
422774625.0,-53.62612
422774687.5,-53.60892
422774750.0,-53.61797
422774812.5,-53.63314
422774875.0,-53.55431
422774937.5,-53.64578
422775000.0,-53.65136
422775062.5,-53.52772
422775125.0,-53.63227
422775187.5,-53.52085
422775250.0,-53.59962
422775312.5,-53.59982
422775375.0,-53.61397
422775437.5,-53.62085
422775500.0,-53.64049
422775562.5,-53.57439
422775625.0,-53.59698
422775687.5,-53.51142
422775750.0,-53.56217
422775812.5,-53.5655
422775875.0,-53.58128
422775937.5,-53.51275
422776000.0,-53.5831
422776062.5,-53.61016
422776125.0,-53.61387
422776187.5,-53.61195
422776250.0,-53.544
422776312.5,-53.56309
422776375.0,-53.58686
422776437.5,-53.53759
422776500.0,-53.54758
422776562.5,-53.48852
422776625.0,-53.51986
422776687.5,-53.489
422776750.0,-53.53192
422776812.5,-53.54472
422776875.0,-53.59399
422776937.5,-53.56609
422777000.0,-53.54876
422777062.5,-53.5599
422777125.0,-53.60108
422777187.5,-53.5406
422777250.0,-53.52956
422777312.5,-53.56562
422777375.0,-53.55453
422777437.5,-53.50651
422777500.0,-53.4983
422777562.5,-53.52982
422777625.0,-53.50686
422777687.5,-53.56146
422777750.0,-53.5689
422777812.5,-53.57044
422777875.0,-53.52413
422777937.5,-53.54456
422778000.0,-53.46665
422778062.5,-53.47977
422778125.0,-53.57184
422778187.5,-53.51508
422778250.0,-53.4668
422778312.5,-53.4837
422778375.0,-53.53145
422778437.5,-53.46655
422778500.0,-53.51658
422778562.5,-53.48588
422778625.0,-53.49345
422778687.5,-53.47112
422778750.0,-53.45858
422778812.5,-53.48323
422778875.0,-53.55018
422778937.5,-53.49129
422779000.0,-53.48278
422779062.5,-53.46721
422779125.0,-53.48798
422779187.5,-53.49793
422779250.0,-53.4928
422779312.5,-53.47868
422779375.0,-53.50075
422779437.5,-53.51164
422779500.0,-53.46082
422779562.5,-53.49224
422779625.0,-53.4437
422779687.5,-53.52152
422779750.0,-53.48671
422779812.5,-53.48776
422779875.0,-53.54364
422779937.5,-53.41557
422780000.0,-53.49628
422780062.5,-53.4565
422780125.0,-53.46738
422780187.5,-53.48854
422780250.0,-53.49285
422780312.5,-53.42987
422780375.0,-53.46323
422780437.5,-53.45393
422780500.0,-53.48835
422780562.5,-53.40526
422780625.0,-53.49578
422780687.5,-53.44494
422780750.0,-53.44037
422780812.5,-53.50397
422780875.0,-53.44181
422780937.5,-53.45771
422781000.0,-53.50017
422781062.5,-53.42843
422781125.0,-53.44662
422781187.5,-53.44291
422781250.0,-53.46397
422781312.5,-53.44448
422781375.0,-53.40516
422781437.5,-53.478
422781500.0,-53.38787
422781562.5,-53.41333
422781625.0,-53.42955
422781687.5,-53.4825
422781750.0,-53.43304
422781812.5,-53.42451
422781875.0,-53.3729
422781937.5,-53.41644
422782000.0,-53.40426
422782062.5,-53.41875
422782125.0,-53.39626
422782187.5,-53.36813
422782250.0,-53.41806
422782312.5,-53.45652
422782375.0,-53.41643
422782437.5,-53.42625
422782500.0,-53.41916
422782562.5,-53.42553
422782625.0,-53.37296
422782687.5,-53.39805
422782750.0,-53.41181
422782812.5,-53.46328
422782875.0,-53.46031
422782937.5,-53.40696
422783000.0,-53.45058
422783062.5,-53.38593
422783125.0,-53.39268
422783187.5,-53.34935
422783250.0,-53.44102
422783312.5,-53.4162
422783375.0,-53.35751
422783437.5,-53.4108
422783500.0,-53.34014
422783562.5,-53.37832
422783625.0,-53.3849
422783687.5,-53.41338
422783750.0,-53.38979
422783812.5,-53.36103
422783875.0,-53.3914
422783937.5,-53.33567
422784000.0,-53.37602
422784062.5,-53.35063
422784125.0,-53.35297
422784187.5,-53.31969
422784250.0,-53.343
422784312.5,-53.36171
422784375.0,-53.37127
422784437.5,-53.3439
422784500.0,-53.37638
422784562.5,-53.33133
422784625.0,-53.30459
422784687.5,-53.38588
422784750.0,-53.35087
422784812.5,-53.30617
422784875.0,-53.35837
422784937.5,-53.34015
422785000.0,-53.36544
422785062.5,-53.3387
422785125.0,-53.34537
422785187.5,-53.36462
422785250.0,-53.31086
422785312.5,-53.32013
422785375.0,-53.34472
422785437.5,-53.33949
422785500.0,-53.36927
422785562.5,-53.33192
422785625.0,-53.32517
422785687.5,-53.34935
422785750.0,-53.33077
422785812.5,-53.31108
422785875.0,-53.31348
422785937.5,-53.34264
422786000.0,-53.32019
422786062.5,-53.31758
422786125.0,-53.34211
422786187.5,-53.31474
422786250.0,-53.28299
422786312.5,-53.30482
422786375.0,-53.31618
422786437.5,-53.29718
422786500.0,-53.28171
422786562.5,-53.23159
422786625.0,-53.33087
422786687.5,-53.32007
422786750.0,-53.29902
422786812.5,-53.31981
422786875.0,-53.3133
422786937.5,-53.27394
422787000.0,-53.24701
422787062.5,-53.26403
422787125.0,-53.31161
422787187.5,-53.27141
422787250.0,-53.32374
422787312.5,-53.3287
422787375.0,-53.28239
422787437.5,-53.2919
422787500.0,-53.28
422787562.5,-53.2585
422787625.0,-53.24267
422787687.5,-53.25754
422787750.0,-53.21922
422787812.5,-53.2597
422787875.0,-53.2778
422787937.5,-53.24998
422788000.0,-53.2822
422788062.5,-53.18633
422788125.0,-53.22504
422788187.5,-53.17226
422788250.0,-53.25066
422788312.5,-53.19894
422788375.0,-53.20237
422788437.5,-53.26951
422788500.0,-53.19905
422788562.5,-53.2651
422788625.0,-53.24349
422788687.5,-53.28767
422788750.0,-53.24357
422788812.5,-53.23796
422788875.0,-53.24746
422788937.5,-53.26366
422789000.0,-53.21645
422789062.5,-53.23256
422789125.0,-53.18622
422789187.5,-53.19871
422789250.0,-53.25089
422789312.5,-53.20338
422789375.0,-53.2474
422789437.5,-53.22881
422789500.0,-53.21621
422789562.5,-53.24186
422789625.0,-53.27101
422789687.5,-53.15085
422789750.0,-53.22618
422789812.5,-53.23065
422789875.0,-53.22854
422789937.5,-53.20844
422790000.0,-53.23503
422790062.5,-53.16117
422790125.0,-53.21079
422790187.5,-53.15874
422790250.0,-53.20246
422790312.5,-53.19535
422790375.0,-53.22046
422790437.5,-53.18905
422790500.0,-53.2696
422790562.5,-53.17532
422790625.0,-53.20871
422790687.5,-53.1862
422790750.0,-53.20796
422790812.5,-53.22287
422790875.0,-53.10823
422790937.5,-53.22954
422791000.0,-53.17616
422791062.5,-53.17878
422791125.0,-53.1378
422791187.5,-53.16254
422791250.0,-53.16433
422791312.5,-53.15461
422791375.0,-53.15696
422791437.5,-53.22285
422791500.0,-53.22596
422791562.5,-53.17525
422791625.0,-53.19144
422791687.5,-53.10344
422791750.0,-53.16103
422791812.5,-53.1383
422791875.0,-53.15227
422791937.5,-53.12342
422792000.0,-53.10207
422792062.5,-53.20772
422792125.0,-53.15623
422792187.5,-53.13864
422792250.0,-53.11782
422792312.5,-53.15466
422792375.0,-53.11586
422792437.5,-53.14938
422792500.0,-53.15039
422792562.5,-53.15608
422792625.0,-53.15017
422792687.5,-53.18287
422792750.0,-53.09297
422792812.5,-53.09478
422792875.0,-53.0879
422792937.5,-53.16243
422793000.0,-53.11848
422793062.5,-53.18858
422793125.0,-53.11604
422793187.5,-53.15224
422793250.0,-53.17237
422793312.5,-53.12304
422793375.0,-53.07024
422793437.5,-53.12969
422793500.0,-53.08284
422793562.5,-53.05069
422793625.0,-53.0721
422793687.5,-53.09448
422793750.0,-53.14326
422793812.5,-53.13253
422793875.0,-53.15177
422793937.5,-53.07669
422794000.0,-53.05605
422794062.5,-53.14907
422794125.0,-53.06168
422794187.5,-53.10363
422794250.0,-53.12465
422794312.5,-53.13124
422794375.0,-53.08239
422794437.5,-53.13516
422794500.0,-53.08604
422794562.5,-53.17113
422794625.0,-53.03533
422794687.5,-53.07386
422794750.0,-53.09708
422794812.5,-53.03708
422794875.0,-53.05369
422794937.5,-53.07501
422795000.0,-53.07968
422795062.5,-53.01713
422795125.0,-53.03748
422795187.5,-53.08484
422795250.0,-53.08194
422795312.5,-53.07581
422795375.0,-53.03399
422795437.5,-53.02953
422795500.0,-53.01847
422795562.5,-53.06741
422795625.0,-53.02983
422795687.5,-53.04333
422795750.0,-53.05581
422795812.5,-53.03352
422795875.0,-53.01435
422795937.5,-53.04402
422796000.0,-53.06472
422796062.5,-53.03179
422796125.0,-53.0784
422796187.5,-53.07016
422796250.0,-53.1078
422796312.5,-53.01671
422796375.0,-53.00449
422796437.5,-52.99514
422796500.0,-53.04415
422796562.5,-52.98643
422796625.0,-53.02686
422796687.5,-53.01438
422796750.0,-53.04532
422796812.5,-53.01496
422796875.0,-53.06991
422796937.5,-53.01958
422797000.0,-53.06661
422797062.5,-53.04655
422797125.0,-53.00118
422797187.5,-52.9749
422797250.0,-53.00001
422797312.5,-52.95507
422797375.0,-53.00653
422797437.5,-52.95063
422797500.0,-52.98782
422797562.5,-53.00839
422797625.0,-53.01625
422797687.5,-52.96674
422797750.0,-52.98088
422797812.5,-52.98417
422797875.0,-53.01782
422797937.5,-53.00026
422798000.0,-53.00221
422798062.5,-52.95123
422798125.0,-53.02837
422798187.5,-52.94299
422798250.0,-52.94674
422798312.5,-52.96956
422798375.0,-52.9697
422798437.5,-53.00571
422798500.0,-52.96135
422798562.5,-52.97317
422798625.0,-53.00982
422798687.5,-52.96004
422798750.0,-53.00227
422798812.5,-52.97205
422798875.0,-52.9447
422798937.5,-52.92484
422799000.0,-52.99133
422799062.5,-52.90802
422799125.0,-52.89416
422799187.5,-52.99029
422799250.0,-52.95853
422799312.5,-52.94714
422799375.0,-52.98114
422799437.5,-52.96277
422799500.0,-52.94563
422799562.5,-52.92058
422799625.0,-52.95229
422799687.5,-52.94516
422799750.0,-52.93188
422799812.5,-52.94704
422799875.0,-52.91999
422799937.5,-52.92823
422800000.0,-52.9358
422800062.5,-52.92152
422800125.0,-52.94293
422800187.5,-52.90177
422800250.0,-52.94198
422800312.5,-52.93288
422800375.0,-52.91946
422800437.5,-52.97272
422800500.0,-52.95169
422800562.5,-52.91521
422800625.0,-52.84138
422800687.5,-52.88869
422800750.0,-52.94603
422800812.5,-52.8934
422800875.0,-52.93237
422800937.5,-52.92328
422801000.0,-52.93283
422801062.5,-52.88124
422801125.0,-52.86688
422801187.5,-52.89151
422801250.0,-52.9461
422801312.5,-52.90126
422801375.0,-52.91723
422801437.5,-52.88807
422801500.0,-52.9193
422801562.5,-52.92604
422801625.0,-52.9197
422801687.5,-52.90398
422801750.0,-52.87822
422801812.5,-52.91781
422801875.0,-52.87997
422801937.5,-52.90436
422802000.0,-52.86236
422802062.5,-52.89812
422802125.0,-52.88047
422802187.5,-52.88631
422802250.0,-52.91142
422802312.5,-52.85925
422802375.0,-52.81705
422802437.5,-52.87122
422802500.0,-52.85411
422802562.5,-52.85526
422802625.0,-52.86612
422802687.5,-52.81433
422802750.0,-52.89114
422802812.5,-52.80156
422802875.0,-52.82514
422802937.5,-52.87178
422803000.0,-52.89526
422803062.5,-52.82908
422803125.0,-52.86084
422803187.5,-52.88473
422803250.0,-52.82907
422803312.5,-52.85921
422803375.0,-52.84067
422803437.5,-52.8442
422803500.0,-52.85167
422803562.5,-52.86036
422803625.0,-52.84573
422803687.5,-52.82346
422803750.0,-52.88692
422803812.5,-52.78397
422803875.0,-52.81056
422803937.5,-52.85468
422804000.0,-52.83471
422804062.5,-52.81252
422804125.0,-52.81278
422804187.5,-52.80219
422804250.0,-52.81433
422804312.5,-52.83841
422804375.0,-52.85107
422804437.5,-52.79028
422804500.0,-52.83169
422804562.5,-52.76254
422804625.0,-52.80675
422804687.5,-52.83651
422804750.0,-52.80073
422804812.5,-52.82957
422804875.0,-52.79981
422804937.5,-52.8148
422805000.0,-52.79099
422805062.5,-52.79974
422805125.0,-52.79364
422805187.5,-52.80258
422805250.0,-52.78753
422805312.5,-52.77796
422805375.0,-52.77983
422805437.5,-52.77324
422805500.0,-52.81412
422805562.5,-52.75062
422805625.0,-52.77221
422805687.5,-52.78956
422805750.0,-52.77581
422805812.5,-52.74825
422805875.0,-52.76633
422805937.5,-52.7883
422806000.0,-52.77282
422806062.5,-52.74654
422806125.0,-52.77879
422806187.5,-52.79535
422806250.0,-52.72952
422806312.5,-52.76664
422806375.0,-52.73729
422806437.5,-52.81323
422806500.0,-52.77648
422806562.5,-52.75051
422806625.0,-52.77513
422806687.5,-52.79261
422806750.0,-52.74074
422806812.5,-52.76946
422806875.0,-52.74287
422806937.5,-52.73154
422807000.0,-52.77406
422807062.5,-52.77886
422807125.0,-52.72925
422807187.5,-52.73559
422807250.0,-52.73357
422807312.5,-52.70801
422807375.0,-52.71965
422807437.5,-52.75627
422807500.0,-52.70599
422807562.5,-52.70508
422807625.0,-52.72445
422807687.5,-52.72977
422807750.0,-52.68874
422807812.5,-52.7336
422807875.0,-52.70324
422807937.5,-52.72896
422808000.0,-52.6993
422808062.5,-52.74262
422808125.0,-52.71144
422808187.5,-52.71582
422808250.0,-52.71862
422808312.5,-52.67442
422808375.0,-52.67579
422808437.5,-52.74152
422808500.0,-52.68768
422808562.5,-52.67532
422808625.0,-52.72836
422808687.5,-52.66236
422808750.0,-52.68521
422808812.5,-52.73405
422808875.0,-52.69735
422808937.5,-52.69648
422809000.0,-52.66776
422809062.5,-52.66445
422809125.0,-52.68034
422809187.5,-52.64202
422809250.0,-52.6805
422809312.5,-52.64437
422809375.0,-52.69915
422809437.5,-52.68977
422809500.0,-52.70122
422809562.5,-52.69255
422809625.0,-52.7003
422809687.5,-52.64295
422809750.0,-52.67599
422809812.5,-52.66492
422809875.0,-52.72232
422809937.5,-52.63316
422810000.0,-52.66565
422810062.5,-52.62719
422810125.0,-52.64204
422810187.5,-52.6468
422810250.0,-52.64244
422810312.5,-52.64703
422810375.0,-52.65856
422810437.5,-52.6226
422810500.0,-52.63878
422810562.5,-52.62226
422810625.0,-52.63596
422810687.5,-52.65202
422810750.0,-52.61571
422810812.5,-52.58647
422810875.0,-52.66006
422810937.5,-52.58164
422811000.0,-52.59145
422811062.5,-52.67118
422811125.0,-52.57861
422811187.5,-52.62574
422811250.0,-52.59964
422811312.5,-52.63724
422811375.0,-52.65364
422811437.5,-52.64865
422811500.0,-52.61558
422811562.5,-52.60083
422811625.0,-52.62417
422811687.5,-52.62226
422811750.0,-52.62308
422811812.5,-52.61223
422811875.0,-52.6046
422811937.5,-52.63667
422812000.0,-52.62531
422812062.5,-52.56706
422812125.0,-52.59256
422812187.5,-52.61599
422812250.0,-52.59347
422812312.5,-52.56597
422812375.0,-52.61903
422812437.5,-52.60806
422812500.0,-52.56997
422812562.5,-52.54184
422812625.0,-52.58696
422812687.5,-52.62648
422812750.0,-52.63406
422812812.5,-52.58974
422812875.0,-52.54066
422812937.5,-52.60143
422813000.0,-52.55711
422813062.5,-52.56218
422813125.0,-52.57844
422813187.5,-52.57341
422813250.0,-52.58157
422813312.5,-52.59222
422813375.0,-52.57905
422813437.5,-52.61128
422813500.0,-52.61163
422813562.5,-52.60408
422813625.0,-52.55123
422813687.5,-52.5605
422813750.0,-52.50074
422813812.5,-52.54397
422813875.0,-52.54305
422813937.5,-52.53174
422814000.0,-52.54818
422814062.5,-52.57045
422814125.0,-52.54451
422814187.5,-52.54131
422814250.0,-52.56736
422814312.5,-52.52215
422814375.0,-52.51056
422814437.5,-52.48236
422814500.0,-52.5161
422814562.5,-52.49849
422814625.0,-52.55217
422814687.5,-52.54956
422814750.0,-52.57214
422814812.5,-52.54071
422814875.0,-52.52831
422814937.5,-52.53558
422815000.0,-52.5159
422815062.5,-52.5261
422815125.0,-52.54531
422815187.5,-52.47329
422815250.0,-52.47796
422815312.5,-52.54758
422815375.0,-52.47878
422815437.5,-52.47454
422815500.0,-52.51726
422815562.5,-52.528
422815625.0,-52.53152
422815687.5,-52.5076
422815750.0,-52.50444
422815812.5,-52.45234
422815875.0,-52.52951
422815937.5,-52.51328
422816000.0,-52.49459
422816062.5,-52.52455
422816125.0,-52.5206
422816187.5,-52.50888
422816250.0,-52.47939
422816312.5,-52.47839
422816375.0,-52.44653
422816437.5,-52.46745
422816500.0,-52.44661
422816562.5,-52.51549
422816625.0,-52.47693
422816687.5,-52.48988
422816750.0,-52.4801
422816812.5,-52.43682
422816875.0,-52.47358
422816937.5,-52.45503
422817000.0,-52.47202
422817062.5,-52.44172
422817125.0,-52.43449
422817187.5,-52.43604
422817250.0,-52.42307
422817312.5,-52.43553
422817375.0,-52.43163
422817437.5,-52.44888
422817500.0,-52.39238
422817562.5,-52.42455
422817625.0,-52.44076
422817687.5,-52.38474
422817750.0,-52.41928
422817812.5,-52.44698
422817875.0,-52.38619
422817937.5,-52.43808
422818000.0,-52.41861
422818062.5,-52.45002
422818125.0,-52.44779
422818187.5,-52.39205
422818250.0,-52.43042
422818312.5,-52.42488
422818375.0,-52.41722
422818437.5,-52.43871
422818500.0,-52.40012
422818562.5,-52.45329
422818625.0,-52.45698
422818687.5,-52.37509
422818750.0,-52.44796
422818812.5,-52.3795
422818875.0,-52.44496
422818937.5,-52.38914
422819000.0,-52.3717
422819062.5,-52.37353
422819125.0,-52.34736
422819187.5,-52.36554
422819250.0,-52.37378
422819312.5,-52.40095
422819375.0,-52.35233
422819437.5,-52.44302
422819500.0,-52.3535
422819562.5,-52.3968
422819625.0,-52.3718
422819687.5,-52.39015
422819750.0,-52.38809
422819812.5,-52.37477
422819875.0,-52.33869
422819937.5,-52.42557
422820000.0,-52.33775
422820062.5,-52.36705
422820125.0,-52.35333
422820187.5,-52.34951
422820250.0,-52.40118
422820312.5,-52.34187
422820375.0,-52.36759
422820437.5,-52.3601
422820500.0,-52.42575
422820562.5,-52.33662
422820625.0,-52.39925
422820687.5,-52.32817
422820750.0,-52.32753
422820812.5,-52.32879
422820875.0,-52.4025
422820937.5,-52.31707
422821000.0,-52.32788
422821062.5,-52.33944
422821125.0,-52.3746
422821187.5,-52.35109
422821250.0,-52.3261
422821312.5,-52.30355
422821375.0,-52.31643
422821437.5,-52.3543
422821500.0,-52.3275
422821562.5,-52.30838
422821625.0,-52.31294
422821687.5,-52.32048
422821750.0,-52.32086
422821812.5,-52.3199
422821875.0,-52.29252
422821937.5,-52.26458
422822000.0,-52.32671
422822062.5,-52.31249
422822125.0,-52.2734
422822187.5,-52.33635
422822250.0,-52.31125
422822312.5,-52.33539
422822375.0,-52.3166
422822437.5,-52.30918
422822500.0,-52.30177
422822562.5,-52.32123
422822625.0,-52.30117
422822687.5,-52.27314
422822750.0,-52.28115
422822812.5,-52.26918
422822875.0,-52.27337
422822937.5,-52.27829
422823000.0,-52.33819
422823062.5,-52.2486
422823125.0,-52.28394
422823187.5,-52.29929
422823250.0,-52.31682
422823312.5,-52.26241
422823375.0,-52.27116
422823437.5,-52.275
422823500.0,-52.24649
422823562.5,-52.29579
422823625.0,-52.20458
422823687.5,-52.28548
422823750.0,-52.28075
422823812.5,-52.27475
422823875.0,-52.22752
422823937.5,-52.27536
422824000.0,-52.27581
422824062.5,-52.29181
422824125.0,-52.27328
422824187.5,-52.28981
422824250.0,-52.25733
422824312.5,-52.26891
422824375.0,-52.27394
422824437.5,-52.22617
422824500.0,-52.21269
422824562.5,-52.23308
422824625.0,-52.26713
422824687.5,-52.23689
422824750.0,-52.18729
422824812.5,-52.21872
422824875.0,-52.23307
422824937.5,-52.27009
422825000.0,-52.21385
422825062.5,-52.21777
422825125.0,-52.22863
422825187.5,-52.2341
422825250.0,-52.25544
422825312.5,-52.19404
422825375.0,-52.21299
422825437.5,-52.22419
422825500.0,-52.20354
422825562.5,-52.18642
422825625.0,-52.22834
422825687.5,-52.19342
422825750.0,-52.21925
422825812.5,-52.16261
422825875.0,-52.18144
422825937.5,-52.19722
422826000.0,-52.17973
422826062.5,-52.20547
422826125.0,-52.17918
422826187.5,-52.21061
422826250.0,-52.1846
422826312.5,-52.17643
422826375.0,-52.21786
422826437.5,-52.20744
422826500.0,-52.16748
422826562.5,-52.11022
422826625.0,-52.14253
422826687.5,-52.1248
422826750.0,-52.1545
422826812.5,-52.21711
422826875.0,-52.14026
422826937.5,-52.10732
422827000.0,-52.19506
422827062.5,-52.16351
422827125.0,-52.19484
422827187.5,-52.17966
422827250.0,-52.17686
422827312.5,-52.16883
422827375.0,-52.16312
422827437.5,-52.16766
422827500.0,-52.1357
422827562.5,-52.14487
422827625.0,-52.17479
422827687.5,-52.1481
422827750.0,-52.12739
422827812.5,-52.14479
422827875.0,-52.14692
422827937.5,-52.12085
422828000.0,-52.12834
422828062.5,-52.16364
422828125.0,-52.18975
422828187.5,-52.10878
422828250.0,-52.17422
422828312.5,-52.09746
422828375.0,-52.11614
422828437.5,-52.13037
422828500.0,-52.09544
422828562.5,-52.12039
422828625.0,-52.07765
422828687.5,-52.086
422828750.0,-52.09694
422828812.5,-52.11585
422828875.0,-52.08593
422828937.5,-52.08168
422829000.0,-52.12411
422829062.5,-52.06885
422829125.0,-52.09369
422829187.5,-52.05186
422829250.0,-52.06681
422829312.5,-52.09275
422829375.0,-52.12026
422829437.5,-52.06118
422829500.0,-52.15439
422829562.5,-52.0729
422829625.0,-52.08047
422829687.5,-52.06516
422829750.0,-52.09978
422829812.5,-52.04857
422829875.0,-52.07754
422829937.5,-52.06541
422830000.0,-52.07772
422830062.5,-52.06256
422830125.0,-52.11066
422830187.5,-52.05518
422830250.0,-52.08147
422830312.5,-52.08044
422830375.0,-52.07685
422830437.5,-52.07129
422830500.0,-52.05415
422830562.5,-52.09232
422830625.0,-52.06801
422830687.5,-52.06543
422830750.0,-52.04694
422830812.5,-52.08413
422830875.0,-52.03444
422830937.5,-52.07427
422831000.0,-52.05259
422831062.5,-52.02645
422831125.0,-52.0466
422831187.5,-52.03128
422831250.0,-51.98213
422831312.5,-52.01859
422831375.0,-52.05039
422831437.5,-52.09117
422831500.0,-52.02454
422831562.5,-52.00272
422831625.0,-52.03014
422831687.5,-52.04982
422831750.0,-52.04285
422831812.5,-52.01757
422831875.0,-52.0326
422831937.5,-52.06257
422832000.0,-52.04082
422832062.5,-52.00188
422832125.0,-51.97195
422832187.5,-52.01173
422832250.0,-51.98044
422832312.5,-52.04741
422832375.0,-52.01458
422832437.5,-52.03721
422832500.0,-51.98893
422832562.5,-51.97795
422832625.0,-51.97998
422832687.5,-52.0074
422832750.0,-52.00304
422832812.5,-51.98214
422832875.0,-51.97582
422832937.5,-51.96136
422833000.0,-51.98553
422833062.5,-51.99471
422833125.0,-51.97464
422833187.5,-51.93959
422833250.0,-51.9541
422833312.5,-51.97423
422833375.0,-51.94808
422833437.5,-51.95761
422833500.0,-51.94072
422833562.5,-51.94023
422833625.0,-51.95674
422833687.5,-51.97306
422833750.0,-51.97583
422833812.5,-51.97223
422833875.0,-51.97004
422833937.5,-51.99928
422834000.0,-51.96675
422834062.5,-51.97804
422834125.0,-51.93146
422834187.5,-51.92845
422834250.0,-51.94107
422834312.5,-51.94869
422834375.0,-51.90691
422834437.5,-51.9822
422834500.0,-51.8922
422834562.5,-51.93496
422834625.0,-51.9318
422834687.5,-51.92117
422834750.0,-51.89288
422834812.5,-51.90744
422834875.0,-51.92331
422834937.5,-51.95572
422835000.0,-51.90928
422835062.5,-51.89139
422835125.0,-51.8975
422835187.5,-51.91562
422835250.0,-51.89817
422835312.5,-51.90787
422835375.0,-51.92664
422835437.5,-51.90304
422835500.0,-51.83565
422835562.5,-51.95723
422835625.0,-51.96645
422835687.5,-51.89125
422835750.0,-51.88299
422835812.5,-51.94055
422835875.0,-51.88287
422835937.5,-51.86403
422836000.0,-51.86727
422836062.5,-51.92523
422836125.0,-51.85514
422836187.5,-51.87281
422836250.0,-51.89152
422836312.5,-51.85908
422836375.0,-51.84248
422836437.5,-51.88494
422836500.0,-51.89897
422836562.5,-51.89969
422836625.0,-51.89613
422836687.5,-51.8683
422836750.0,-51.87426
422836812.5,-51.87426
422836875.0,-51.8735
422836937.5,-51.86751
422837000.0,-51.88417
422837062.5,-51.84634
422837125.0,-51.86639
422837187.5,-51.86022
422837250.0,-51.86275
422837312.5,-51.85252
422837375.0,-51.83849
422837437.5,-51.88538
422837500.0,-51.83009
422837562.5,-51.79585
422837625.0,-51.82893
422837687.5,-51.83772
422837750.0,-51.85383
422837812.5,-51.7967
422837875.0,-51.86203
422837937.5,-51.84233
422838000.0,-51.80861
422838062.5,-51.84561
422838125.0,-51.83814
422838187.5,-51.839
422838250.0,-51.85417
422838312.5,-51.76284
422838375.0,-51.80411
422838437.5,-51.79655
422838500.0,-51.81728
422838562.5,-51.77655
422838625.0,-51.77267
422838687.5,-51.76804
422838750.0,-51.80117
422838812.5,-51.79538
422838875.0,-51.79359
422838937.5,-51.78089
422839000.0,-51.77179
422839062.5,-51.7757
422839125.0,-51.81583
422839187.5,-51.7311
422839250.0,-51.8072
422839312.5,-51.80658
422839375.0,-51.80516
422839437.5,-51.79198
422839500.0,-51.78049
422839562.5,-51.79057
422839625.0,-51.77179
422839687.5,-51.79209
422839750.0,-51.7667
422839812.5,-51.70182
422839875.0,-51.80588
422839937.5,-51.75546
422840000.0,-51.77247
422840062.5,-51.70678
422840125.0,-51.73534
422840187.5,-51.79972
422840250.0,-51.75868
422840312.5,-51.72092
422840375.0,-51.76581
422840437.5,-51.72945
422840500.0,-51.74373
422840562.5,-51.73828
422840625.0,-51.77314
422840687.5,-51.74859
422840750.0,-51.71502
422840812.5,-51.77431
422840875.0,-51.74599
422840937.5,-51.73975
422841000.0,-51.7182
422841062.5,-51.71101
422841125.0,-51.72541
422841187.5,-51.70554
422841250.0,-51.72685
422841312.5,-51.71616
422841375.0,-51.71648
422841437.5,-51.74556
422841500.0,-51.73031
422841562.5,-51.72093
422841625.0,-51.70859
422841687.5,-51.7047
422841750.0,-51.71099
422841812.5,-51.71062
422841875.0,-51.74879
422841937.5,-51.6669
422842000.0,-51.66876
422842062.5,-51.71732
422842125.0,-51.69129
422842187.5,-51.71003
422842250.0,-51.70141
422842312.5,-51.70602
422842375.0,-51.69013
422842437.5,-51.71513
422842500.0,-51.70136
422842562.5,-51.69822
422842625.0,-51.6775
422842687.5,-51.66028
422842750.0,-51.69659
422842812.5,-51.64079
422842875.0,-51.67935
422842937.5,-51.67599
422843000.0,-51.70194
422843062.5,-51.65091
422843125.0,-51.6392
422843187.5,-51.65417
422843250.0,-51.70657
422843312.5,-51.62465
422843375.0,-51.68814
422843437.5,-51.65277
422843500.0,-51.65845
422843562.5,-51.64038
422843625.0,-51.64302
422843687.5,-51.63498
422843750.0,-51.68872
422843812.5,-51.64236
422843875.0,-51.63416
422843937.5,-51.58566
422844000.0,-51.67659
422844062.5,-51.62153
422844125.0,-51.6612
422844187.5,-51.63786
422844250.0,-51.63356
422844312.5,-51.60218
422844375.0,-51.64598
422844437.5,-51.64804
422844500.0,-51.63506
422844562.5,-51.62667
422844625.0,-51.58673
422844687.5,-51.58443
422844750.0,-51.63913
422844812.5,-51.61753
422844875.0,-51.585
422844937.5,-51.61015
422845000.0,-51.58757
422845062.5,-51.60152
422845125.0,-51.58786
422845187.5,-51.65931
422845250.0,-51.58642
422845312.5,-51.59294
422845375.0,-51.57814
422845437.5,-51.60062
422845500.0,-51.56956
422845562.5,-51.56577
422845625.0,-51.57293
422845687.5,-51.55916
422845750.0,-51.55531
422845812.5,-51.56165
422845875.0,-51.59838
422845937.5,-51.66791
422846000.0,-51.5982
422846062.5,-51.5478
422846125.0,-51.57326
422846187.5,-51.58991
422846250.0,-51.54253
422846312.5,-51.5205
422846375.0,-51.56762
422846437.5,-51.56861
422846500.0,-51.58297
422846562.5,-51.55188
422846625.0,-51.51723
422846687.5,-51.54398
422846750.0,-51.55683
422846812.5,-51.59512
422846875.0,-51.55353
422846937.5,-51.58625
422847000.0,-51.50569
422847062.5,-51.5319
422847125.0,-51.58292
422847187.5,-51.49278
422847250.0,-51.4794
422847312.5,-51.50736
422847375.0,-51.52285
422847437.5,-51.52355
422847500.0,-51.53793
422847562.5,-51.55087
422847625.0,-51.53926
422847687.5,-51.54082
422847750.0,-51.49074
422847812.5,-51.53161
422847875.0,-51.51526
422847937.5,-51.47694
422848000.0,-51.52504
422848062.5,-51.53943
422848125.0,-51.4626
422848187.5,-51.53036
422848250.0,-51.56186
422848312.5,-51.52057
422848375.0,-51.54749
422848437.5,-51.53231
422848500.0,-51.50644
422848562.5,-51.5169
422848625.0,-51.48652
422848687.5,-51.49618
422848750.0,-51.50936
422848812.5,-51.51773
422848875.0,-51.50375
422848937.5,-51.47522
422849000.0,-51.44862
422849062.5,-51.49762
422849125.0,-51.45877
422849187.5,-51.46569
422849250.0,-51.49203
422849312.5,-51.46362
422849375.0,-51.46287
422849437.5,-51.50457
422849500.0,-51.44785
422849562.5,-51.47299
422849625.0,-51.47419
422849687.5,-51.46222
422849750.0,-51.46066
422849812.5,-51.46587
422849875.0,-51.41425
422849937.5,-51.46538
422850000.0,-51.41115
422850062.5,-51.4248
422850125.0,-51.45013
422850187.5,-51.4322
422850250.0,-51.41963
422850312.5,-51.4339
422850375.0,-51.41761
422850437.5,-51.43937
422850500.0,-51.44426
422850562.5,-51.43379
422850625.0,-51.44284
422850687.5,-51.43594
422850750.0,-51.46661
422850812.5,-51.41179
422850875.0,-51.42729
422850937.5,-51.44702
422851000.0,-51.36088
422851062.5,-51.42682
422851125.0,-51.40583
422851187.5,-51.3843
422851250.0,-51.45386
422851312.5,-51.42334
422851375.0,-51.38455
422851437.5,-51.37439
422851500.0,-51.42764
422851562.5,-51.36018
422851625.0,-51.40686
422851687.5,-51.38396
422851750.0,-51.37852
422851812.5,-51.34774
422851875.0,-51.38826
422851937.5,-51.34022
422852000.0,-51.35582
422852062.5,-51.39944
422852125.0,-51.37417
422852187.5,-51.3672
422852250.0,-51.35835
422852312.5,-51.31846
422852375.0,-51.34653
422852437.5,-51.39851
422852500.0,-51.35874
422852562.5,-51.33198
422852625.0,-51.3407
422852687.5,-51.37535
422852750.0,-51.33678
422852812.5,-51.32557
422852875.0,-51.38099
422852937.5,-51.32833
422853000.0,-51.34937
422853062.5,-51.33202
422853125.0,-51.33677
422853187.5,-51.3588
422853250.0,-51.36786
422853312.5,-51.3075
422853375.0,-51.34052
422853437.5,-51.34987
422853500.0,-51.32531
422853562.5,-51.36149
422853625.0,-51.29874
422853687.5,-51.28671
422853750.0,-51.2655
422853812.5,-51.33834
422853875.0,-51.36179
422853937.5,-51.30706
422854000.0,-51.29293
422854062.5,-51.28716
422854125.0,-51.36371
422854187.5,-51.33598
422854250.0,-51.33867
422854312.5,-51.34172
422854375.0,-51.28313
422854437.5,-51.285
422854500.0,-51.27811
422854562.5,-51.29155
422854625.0,-51.27474
422854687.5,-51.27435
422854750.0,-51.30738
422854812.5,-51.27463
422854875.0,-51.30056
422854937.5,-51.27537
422855000.0,-51.31709
422855062.5,-51.27972
422855125.0,-51.23172
422855187.5,-51.28679
422855250.0,-51.28537
422855312.5,-51.26702
422855375.0,-51.30081
422855437.5,-51.22883
422855500.0,-51.24515
422855562.5,-51.23626
422855625.0,-51.23461
422855687.5,-51.2701
422855750.0,-51.20837
422855812.5,-51.27236
422855875.0,-51.21624
422855937.5,-51.25891
422856000.0,-51.20584
422856062.5,-51.24737
422856125.0,-51.23249
422856187.5,-51.22719
422856250.0,-51.2523
422856312.5,-51.21773
422856375.0,-51.21053
422856437.5,-51.19532
422856500.0,-51.24623
422856562.5,-51.20513
422856625.0,-51.21169
422856687.5,-51.23146
422856750.0,-51.19894
422856812.5,-51.26173
422856875.0,-51.26662
422856937.5,-51.23609
422857000.0,-51.18354
422857062.5,-51.26882
422857125.0,-51.20224
422857187.5,-51.21997
422857250.0,-51.22931
422857312.5,-51.19994
422857375.0,-51.18562
422857437.5,-51.2098
422857500.0,-51.15059
422857562.5,-51.19159
422857625.0,-51.20137
422857687.5,-51.17873
422857750.0,-51.174
422857812.5,-51.21449
422857875.0,-51.20378
422857937.5,-51.21088
422858000.0,-51.20315
422858062.5,-51.16109
422858125.0,-51.20493
422858187.5,-51.20033
422858250.0,-51.19671
422858312.5,-51.15524
422858375.0,-51.22122
422858437.5,-51.16381
422858500.0,-51.19188
422858562.5,-51.18214
422858625.0,-51.20258
422858687.5,-51.16634
422858750.0,-51.19519
422858812.5,-51.11647
422858875.0,-51.13409
422858937.5,-51.11598
422859000.0,-51.11421
422859062.5,-51.15733
422859125.0,-51.14098
422859187.5,-51.18732
422859250.0,-51.16458
422859312.5,-51.14521
422859375.0,-51.16155
422859437.5,-51.12843
422859500.0,-51.13867
422859562.5,-51.12016
422859625.0,-51.11326
422859687.5,-51.16286
422859750.0,-51.10663
422859812.5,-51.1332
422859875.0,-51.11445
422859937.5,-51.09323
422860000.0,-51.12871
422860062.5,-51.09074
422860125.0,-51.09208
422860187.5,-51.12012
422860250.0,-51.08654
422860312.5,-51.10928
422860375.0,-51.15102
422860437.5,-51.08087
422860500.0,-51.07602
422860562.5,-51.07146
422860625.0,-51.07266
422860687.5,-51.07397
422860750.0,-51.11272
422860812.5,-51.083
422860875.0,-51.08201
422860937.5,-51.0985
422861000.0,-51.10684
422861062.5,-51.03771
422861125.0,-51.06493
422861187.5,-51.08621
422861250.0,-51.07901
422861312.5,-51.06768
422861375.0,-51.08579
422861437.5,-51.05821
422861500.0,-51.06578
422861562.5,-51.04809
422861625.0,-51.02392
422861687.5,-51.07436
422861750.0,-51.06353
422861812.5,-51.03009
422861875.0,-51.0488
422861937.5,-51.02151
422862000.0,-51.07063
422862062.5,-51.06619
422862125.0,-51.04799
422862187.5,-51.05387
422862250.0,-50.98339
422862312.5,-51.06688
422862375.0,-51.0232
422862437.5,-51.05846
422862500.0,-51.01514
422862562.5,-51.01238
422862625.0,-51.02249
422862687.5,-51.02227
422862750.0,-51.03368
422862812.5,-51.00205
422862875.0,-51.03557
422862937.5,-50.99114
422863000.0,-51.03698
422863062.5,-50.98452
422863125.0,-51.05975
422863187.5,-51.02806
422863250.0,-50.99875
422863312.5,-50.95876
422863375.0,-50.9983
422863437.5,-50.9747
422863500.0,-50.97159
422863562.5,-50.99378
422863625.0,-50.98738
422863687.5,-51.03939
422863750.0,-50.97717
422863812.5,-50.98413
422863875.0,-50.96611
422863937.5,-50.95427
422864000.0,-51.0256
422864062.5,-50.97887
422864125.0,-50.96791
422864187.5,-51.01784
422864250.0,-50.9585
422864312.5,-50.97651
422864375.0,-50.97107
422864437.5,-50.95607
422864500.0,-50.97258
422864562.5,-50.98196
422864625.0,-50.9378
422864687.5,-50.97772
422864750.0,-50.93125
422864812.5,-50.91265
422864875.0,-50.94897
422864937.5,-50.96712
422865000.0,-50.94276
422865062.5,-50.93437
422865125.0,-50.94199
422865187.5,-50.94644
422865250.0,-50.94612
422865312.5,-50.9229
422865375.0,-50.91703
422865437.5,-50.91951
422865500.0,-50.94695
422865562.5,-50.94451
422865625.0,-50.97533
422865687.5,-50.91748
422865750.0,-50.92786
422865812.5,-50.91557
422865875.0,-50.88248
422865937.5,-50.90166
422866000.0,-50.84718
422866062.5,-50.9501
422866125.0,-50.89564
422866187.5,-50.87395
422866250.0,-50.89207
422866312.5,-50.86216
422866375.0,-50.87844
422866437.5,-50.91664
422866500.0,-50.88742
422866562.5,-50.89638
422866625.0,-50.8961
422866687.5,-50.85032
422866750.0,-50.88716
422866812.5,-50.91464
422866875.0,-50.86827
422866937.5,-50.90232
422867000.0,-50.88438
422867062.5,-50.86628
422867125.0,-50.87484
422867187.5,-50.84589
422867250.0,-50.85965
422867312.5,-50.87181
422867375.0,-50.89973
422867437.5,-50.8563
422867500.0,-50.81998
422867562.5,-50.86666
422867625.0,-50.84058
422867687.5,-50.87736
422867750.0,-50.84207
422867812.5,-50.79385
422867875.0,-50.88033
422867937.5,-50.86327
422868000.0,-50.87254
422868062.5,-50.82941
422868125.0,-50.84464
422868187.5,-50.80625
422868250.0,-50.87451
422868312.5,-50.80429
422868375.0,-50.80702
422868437.5,-50.88076
422868500.0,-50.81421
422868562.5,-50.80531
422868625.0,-50.7701
422868687.5,-50.7749
422868750.0,-50.78171
422868812.5,-50.7995
422868875.0,-50.78553
422868937.5,-50.82976
422869000.0,-50.8134
422869062.5,-50.85613
422869125.0,-50.81458
422869187.5,-50.78065
422869250.0,-50.76931
422869312.5,-50.80658
422869375.0,-50.78601
422869437.5,-50.80224
422869500.0,-50.77691
422869562.5,-50.77187
422869625.0,-50.76603
422869687.5,-50.74816
422869750.0,-50.76108
422869812.5,-50.74654
422869875.0,-50.79757
422869937.5,-50.76759
422870000.0,-50.76715
422870062.5,-50.76514
422870125.0,-50.768
422870187.5,-50.74643
422870250.0,-50.79268
422870312.5,-50.75455
422870375.0,-50.80605
422870437.5,-50.7306
422870500.0,-50.79463
422870562.5,-50.76813
422870625.0,-50.7141
422870687.5,-50.73653
422870750.0,-50.76059
422870812.5,-50.74757
422870875.0,-50.76473
422870937.5,-50.72831
422871000.0,-50.73518
422871062.5,-50.70762
422871125.0,-50.7491
422871187.5,-50.71059
422871250.0,-50.7264
422871312.5,-50.70258
422871375.0,-50.73494
422871437.5,-50.74512
422871500.0,-50.70526
422871562.5,-50.75493
422871625.0,-50.74481
422871687.5,-50.74667
422871750.0,-50.7419
422871812.5,-50.73088
422871875.0,-50.73486
422871937.5,-50.72356
422872000.0,-50.66453
422872062.5,-50.70316
422872125.0,-50.76326
422872187.5,-50.68928
422872250.0,-50.69172
422872312.5,-50.67129
422872375.0,-50.68728
422872437.5,-50.70858
422872500.0,-50.66982
422872562.5,-50.64356
422872625.0,-50.6554
422872687.5,-50.6834
422872750.0,-50.66927
422872812.5,-50.65198
422872875.0,-50.70994
422872937.5,-50.66339
422873000.0,-50.64116
422873062.5,-50.66649
422873125.0,-50.64959
422873187.5,-50.66028
422873250.0,-50.61847
422873312.5,-50.65548
422873375.0,-50.64076
422873437.5,-50.67016
422873500.0,-50.6356
422873562.5,-50.65828
422873625.0,-50.65957
422873687.5,-50.67477
422873750.0,-50.63364
422873812.5,-50.654
422873875.0,-50.64621
422873937.5,-50.61816
422874000.0,-50.62925
422874062.5,-50.61619
422874125.0,-50.64817
422874187.5,-50.62796
422874250.0,-50.63318
422874312.5,-50.59646
422874375.0,-50.58556
422874437.5,-50.65857
422874500.0,-50.5585
422874562.5,-50.64975
422874625.0,-50.59624
422874687.5,-50.59573
422874750.0,-50.62967
422874812.5,-50.59172
422874875.0,-50.61049
422874937.5,-50.59807
422875000.0,-50.59661
422875062.5,-50.58293
422875125.0,-50.58258
422875187.5,-50.58468
422875250.0,-50.60885
422875312.5,-50.60586
422875375.0,-50.55795
422875437.5,-50.60129
422875500.0,-50.54313
422875562.5,-50.55949
422875625.0,-50.55072
422875687.5,-50.54349
422875750.0,-50.56521
422875812.5,-50.54744
422875875.0,-50.55455
422875937.5,-50.52988
422876000.0,-50.5563
422876062.5,-50.53426
422876125.0,-50.55421
422876187.5,-50.54454
422876250.0,-50.558
422876312.5,-50.53121
422876375.0,-50.53841
422876437.5,-50.53915
422876500.0,-50.51279
422876562.5,-50.51925
422876625.0,-50.52267
422876687.5,-50.51661
422876750.0,-50.4807
422876812.5,-50.50146
422876875.0,-50.52391
422876937.5,-50.58852
422877000.0,-50.54349
422877062.5,-50.51141
422877125.0,-50.50107
422877187.5,-50.52006
422877250.0,-50.52411
422877312.5,-50.5167
422877375.0,-50.49327
422877437.5,-50.48997
422877500.0,-50.486
422877562.5,-50.49464
422877625.0,-50.49661
422877687.5,-50.45971
422877750.0,-50.50358
422877812.5,-50.49826
422877875.0,-50.49614
422877937.5,-50.48201
422878000.0,-50.50371
422878062.5,-50.43921
422878125.0,-50.48988
422878187.5,-50.46926
422878250.0,-50.45908
422878312.5,-50.49155
422878375.0,-50.43228
422878437.5,-50.48939
422878500.0,-50.4761
422878562.5,-50.42588
422878625.0,-50.44903
422878687.5,-50.43198
422878750.0,-50.48805
422878812.5,-50.45869
422878875.0,-50.45276
422878937.5,-50.47845
422879000.0,-50.43691
422879062.5,-50.46311
422879125.0,-50.46006
422879187.5,-50.43484
422879250.0,-50.42915
422879312.5,-50.44857
422879375.0,-50.44176
422879437.5,-50.42495
422879500.0,-50.44254
422879562.5,-50.40696
422879625.0,-50.3962
422879687.5,-50.47086
422879750.0,-50.40161
422879812.5,-50.43721
422879875.0,-50.43254
422879937.5,-50.44154
422880000.0,-50.41711
422880062.5,-50.37172
422880125.0,-50.38819
422880187.5,-50.40586
422880250.0,-50.42166
422880312.5,-50.39581
422880375.0,-50.37229
422880437.5,-50.35878
422880500.0,-50.41681
422880562.5,-50.38039
422880625.0,-50.35886
422880687.5,-50.38652
422880750.0,-50.37189
422880812.5,-50.34268
422880875.0,-50.37014
422880937.5,-50.36859
422881000.0,-50.3526
422881062.5,-50.37903
422881125.0,-50.35927
422881187.5,-50.36528
422881250.0,-50.39721
422881312.5,-50.39504
422881375.0,-50.35435
422881437.5,-50.34933
422881500.0,-50.34251
422881562.5,-50.3618
422881625.0,-50.32703
422881687.5,-50.35944
422881750.0,-50.38105
422881812.5,-50.32703
422881875.0,-50.35642
422881937.5,-50.3465
422882000.0,-50.29883
422882062.5,-50.35659
422882125.0,-50.34593
422882187.5,-50.34111
422882250.0,-50.32838
422882312.5,-50.30892
422882375.0,-50.347
422882437.5,-50.30974
422882500.0,-50.33741
422882562.5,-50.31947
422882625.0,-50.31837
422882687.5,-50.31159
422882750.0,-50.32632
422882812.5,-50.33714
422882875.0,-50.29965
422882937.5,-50.30319
422883000.0,-50.33454
422883062.5,-50.3045
422883125.0,-50.32422
422883187.5,-50.29972
422883250.0,-50.29084
422883312.5,-50.31107
422883375.0,-50.24135
422883437.5,-50.29611
422883500.0,-50.272
422883562.5,-50.27262
422883625.0,-50.28833
422883687.5,-50.29209
422883750.0,-50.30703
422883812.5,-50.28239
422883875.0,-50.26772
422883937.5,-50.27794
422884000.0,-50.24969
422884062.5,-50.24656
422884125.0,-50.25826
422884187.5,-50.23441
422884250.0,-50.263
422884312.5,-50.28158
422884375.0,-50.26892
422884437.5,-50.22811
422884500.0,-50.22246
422884562.5,-50.23965
422884625.0,-50.27211
422884687.5,-50.22605
422884750.0,-50.27557
422884812.5,-50.24599
422884875.0,-50.25223
422884937.5,-50.23499
422885000.0,-50.20507
422885062.5,-50.21244
422885125.0,-50.19773
422885187.5,-50.18653
422885250.0,-50.19601
422885312.5,-50.22371
422885375.0,-50.21469
422885437.5,-50.21811
422885500.0,-50.19518
422885562.5,-50.18036
422885625.0,-50.18049
422885687.5,-50.19099
422885750.0,-50.22702
422885812.5,-50.1899
422885875.0,-50.15565
422885937.5,-50.21162
422886000.0,-50.17685
422886062.5,-50.17366
422886125.0,-50.23177
422886187.5,-50.22792
422886250.0,-50.17944
422886312.5,-50.16013
422886375.0,-50.15624
422886437.5,-50.19309
422886500.0,-50.16634
422886562.5,-50.17075
422886625.0,-50.16452
422886687.5,-50.14887
422886750.0,-50.15161
422886812.5,-50.14852
422886875.0,-50.13705
422886937.5,-50.17492
422887000.0,-50.18781
422887062.5,-50.12164
422887125.0,-50.16974
422887187.5,-50.13091
422887250.0,-50.12579
422887312.5,-50.1382
422887375.0,-50.13633
422887437.5,-50.13413
422887500.0,-50.15156
422887562.5,-50.12829
422887625.0,-50.12422
422887687.5,-50.11639
422887750.0,-50.16087
422887812.5,-50.15431
422887875.0,-50.10511
422887937.5,-50.1003
422888000.0,-50.10624
422888062.5,-50.12219
422888125.0,-50.12734
422888187.5,-50.11179
422888250.0,-50.08929
422888312.5,-50.09014
422888375.0,-50.13244
422888437.5,-50.10021
422888500.0,-50.07498
422888562.5,-50.04818
422888625.0,-50.12222
422888687.5,-50.04974
422888750.0,-50.09238
422888812.5,-50.06116
422888875.0,-50.08656
422888937.5,-50.07623
422889000.0,-50.04254
422889062.5,-50.11264
422889125.0,-50.06092
422889187.5,-50.10087
422889250.0,-50.06575
422889312.5,-50.09868
422889375.0,-50.07709
422889437.5,-50.07069
422889500.0,-50.0633
422889562.5,-50.09465
422889625.0,-50.0701
422889687.5,-50.06489
422889750.0,-50.05473
422889812.5,-50.02034
422889875.0,-50.11563
422889937.5,-50.04241
422890000.0,-50.03895
422890062.5,-50.02843
422890125.0,-50.05421
422890187.5,-50.05053
422890250.0,-50.03925
422890312.5,-50.03051
422890375.0,-49.98853
422890437.5,-50.00377
422890500.0,-49.99794
422890562.5,-49.98896
422890625.0,-49.98082
422890687.5,-49.9879
422890750.0,-49.99546
422890812.5,-49.99003
422890875.0,-50.00879
422890937.5,-50.00822
422891000.0,-50.00336
422891062.5,-49.99112
422891125.0,-50.02119
422891187.5,-49.97165
422891250.0,-49.99867
422891312.5,-49.98822
422891375.0,-49.93598
422891437.5,-49.96984
422891500.0,-50.00053
422891562.5,-49.94831
422891625.0,-49.97653
422891687.5,-49.98806
422891750.0,-49.95137
422891812.5,-49.97786
422891875.0,-49.97667
422891937.5,-49.98331
422892000.0,-49.93105
422892062.5,-49.97033
422892125.0,-49.99373
422892187.5,-49.95664
422892250.0,-49.93232
422892312.5,-49.92752
422892375.0,-49.96418
422892437.5,-49.9773
422892500.0,-49.98207
422892562.5,-49.95718
422892625.0,-49.92533
422892687.5,-49.91756
422892750.0,-49.91106
422892812.5,-49.94283
422892875.0,-49.88035
422892937.5,-49.92754
422893000.0,-49.9085
422893062.5,-49.91436
422893125.0,-49.89645
422893187.5,-49.93528
422893250.0,-49.91957
422893312.5,-49.90603
422893375.0,-49.89342
422893437.5,-49.91648
422893500.0,-49.91494
422893562.5,-49.89564
422893625.0,-49.89802
422893687.5,-49.86116
422893750.0,-49.89431
422893812.5,-49.89848
422893875.0,-49.91367
422893937.5,-49.86471
422894000.0,-49.89855
422894062.5,-49.85619
422894125.0,-49.90228
422894187.5,-49.87194
422894250.0,-49.86892
422894312.5,-49.86823
422894375.0,-49.87941
422894437.5,-49.86801
422894500.0,-49.87501
422894562.5,-49.82526
422894625.0,-49.8614
422894687.5,-49.84847
422894750.0,-49.86543
422894812.5,-49.84864
422894875.0,-49.86393
422894937.5,-49.85046
422895000.0,-49.83432
422895062.5,-49.84928
422895125.0,-49.82866
422895187.5,-49.81962
422895250.0,-49.82038
422895312.5,-49.83808
422895375.0,-49.79742
422895437.5,-49.82299
422895500.0,-49.85348
422895562.5,-49.84209
422895625.0,-49.8336
422895687.5,-49.84876
422895750.0,-49.8028
422895812.5,-49.81005
422895875.0,-49.84889
422895937.5,-49.78756
422896000.0,-49.77853
422896062.5,-49.7758
422896125.0,-49.78481
422896187.5,-49.79014
422896250.0,-49.78294
422896312.5,-49.78621
422896375.0,-49.76047
422896437.5,-49.825
422896500.0,-49.76896
422896562.5,-49.771
422896625.0,-49.77099
422896687.5,-49.82704
422896750.0,-49.76423
422896812.5,-49.80085
422896875.0,-49.78709
422896937.5,-49.78233
422897000.0,-49.78927
422897062.5,-49.75626
422897125.0,-49.73199
422897187.5,-49.71883
422897250.0,-49.74532
422897312.5,-49.75903
422897375.0,-49.75236
422897437.5,-49.7863
422897500.0,-49.75579
422897562.5,-49.74757
422897625.0,-49.73141
422897687.5,-49.71382
422897750.0,-49.72891
422897812.5,-49.72844
422897875.0,-49.71038
422897937.5,-49.73045
422898000.0,-49.7255
422898062.5,-49.71671
422898125.0,-49.72733
422898187.5,-49.72409
422898250.0,-49.68169
422898312.5,-49.71974
422898375.0,-49.68853
422898437.5,-49.72392
422898500.0,-49.70493
422898562.5,-49.71339
422898625.0,-49.67187
422898687.5,-49.72058
422898750.0,-49.67409
422898812.5,-49.6979
422898875.0,-49.67092
422898937.5,-49.70098
422899000.0,-49.64986
422899062.5,-49.69414
422899125.0,-49.68805
422899187.5,-49.66977
422899250.0,-49.70646
422899312.5,-49.71129
422899375.0,-49.69075
422899437.5,-49.67123
422899500.0,-49.64718
422899562.5,-49.65152
422899625.0,-49.65798
422899687.5,-49.69813
422899750.0,-49.663
422899812.5,-49.62297
422899875.0,-49.67627
422899937.5,-49.66782
422900000.0,-49.6086
422900062.5,-49.63529
422900125.0,-49.6358
422900187.5,-49.62704
422900250.0,-49.64651
422900312.5,-49.6426
422900375.0,-49.63372
422900437.5,-49.61074
422900500.0,-49.63203
422900562.5,-49.65039
422900625.0,-49.64368
422900687.5,-49.62698
422900750.0,-49.61695
422900812.5,-49.59797
422900875.0,-49.62818
422900937.5,-49.61997
422901000.0,-49.56974
422901062.5,-49.62929
422901125.0,-49.61588
422901187.5,-49.62698
422901250.0,-49.62114
422901312.5,-49.59236
422901375.0,-49.60994
422901437.5,-49.57178
422901500.0,-49.61902
422901562.5,-49.54408
422901625.0,-49.60614
422901687.5,-49.57587
422901750.0,-49.62666
422901812.5,-49.60568
422901875.0,-49.62454
422901937.5,-49.57406
422902000.0,-49.54364
422902062.5,-49.58071
422902125.0,-49.5602
422902187.5,-49.56033
422902250.0,-49.56848
422902312.5,-49.52864
422902375.0,-49.55111
422902437.5,-49.53296
422902500.0,-49.57001
422902562.5,-49.56746
422902625.0,-49.56432
422902687.5,-49.54884
422902750.0,-49.55621
422902812.5,-49.5227
422902875.0,-49.53293
422902937.5,-49.54867
422903000.0,-49.52861
422903062.5,-49.52397
422903125.0,-49.53944
422903187.5,-49.50889
422903250.0,-49.49771
422903312.5,-49.52522
422903375.0,-49.5113
422903437.5,-49.52349
422903500.0,-49.48982
422903562.5,-49.49788
422903625.0,-49.48166
422903687.5,-49.51263
422903750.0,-49.48197
422903812.5,-49.48491
422903875.0,-49.50271
422903937.5,-49.44913
422904000.0,-49.48953
422904062.5,-49.47225
422904125.0,-49.48097
422904187.5,-49.4822
422904250.0,-49.48907
422904312.5,-49.47805
422904375.0,-49.47767
422904437.5,-49.4432
422904500.0,-49.43106
422904562.5,-49.49125
422904625.0,-49.44664
422904687.5,-49.44185
422904750.0,-49.42957
422904812.5,-49.43772
422904875.0,-49.43299
422904937.5,-49.47126
422905000.0,-49.46609
422905062.5,-49.42025
422905125.0,-49.39755
422905187.5,-49.40437
422905250.0,-49.39368
422905312.5,-49.44319
422905375.0,-49.43609
422905437.5,-49.41254
422905500.0,-49.41972
422905562.5,-49.45654
422905625.0,-49.42625
422905687.5,-49.43677
422905750.0,-49.426
422905812.5,-49.42039
422905875.0,-49.42935
422905937.5,-49.40731
422906000.0,-49.39829
422906062.5,-49.38179
422906125.0,-49.3805
422906187.5,-49.41326
422906250.0,-49.44049
422906312.5,-49.38142
422906375.0,-49.39487
422906437.5,-49.391
422906500.0,-49.39362
422906562.5,-49.37839
422906625.0,-49.39215
422906687.5,-49.36616
422906750.0,-49.3526
422906812.5,-49.37276
422906875.0,-49.35187
422906937.5,-49.37082
422907000.0,-49.37185
422907062.5,-49.36735
422907125.0,-49.33306
422907187.5,-49.36434
422907250.0,-49.35795
422907312.5,-49.32632
422907375.0,-49.35873
422907437.5,-49.36539
422907500.0,-49.30261
422907562.5,-49.34819
422907625.0,-49.38245
422907687.5,-49.34059
422907750.0,-49.37303
422907812.5,-49.36597
422907875.0,-49.35664
422907937.5,-49.32468
422908000.0,-49.35075
422908062.5,-49.30095
422908125.0,-49.28627
422908187.5,-49.31626
422908250.0,-49.3385
422908312.5,-49.31921
422908375.0,-49.31037
422908437.5,-49.33119
422908500.0,-49.29086
422908562.5,-49.31487
422908625.0,-49.29326
422908687.5,-49.29143
422908750.0,-49.2765
422908812.5,-49.32634
422908875.0,-49.29752
422908937.5,-49.25338
422909000.0,-49.26557
422909062.5,-49.28376
422909125.0,-49.28096
422909187.5,-49.27502
422909250.0,-49.29417
422909312.5,-49.25811
422909375.0,-49.26612
422909437.5,-49.27291
422909500.0,-49.24775
422909562.5,-49.28136
422909625.0,-49.25937
422909687.5,-49.21778
422909750.0,-49.23088
422909812.5,-49.22237
422909875.0,-49.21766
422909937.5,-49.22544
422910000.0,-49.25484
422910062.5,-49.24016
422910125.0,-49.2292
422910187.5,-49.19598
422910250.0,-49.23219
422910312.5,-49.21101
422910375.0,-49.22663
422910437.5,-49.20215
422910500.0,-49.20549
422910562.5,-49.24564
422910625.0,-49.19015
422910687.5,-49.20682
422910750.0,-49.22467
422910812.5,-49.20568
422910875.0,-49.19597
422910937.5,-49.17889
422911000.0,-49.20441
422911062.5,-49.18752
422911125.0,-49.21536
422911187.5,-49.22268
422911250.0,-49.16788
422911312.5,-49.2118
422911375.0,-49.19872
422911437.5,-49.19346
422911500.0,-49.20473
422911562.5,-49.19284
422911625.0,-49.18493
422911687.5,-49.15532
422911750.0,-49.15789
422911812.5,-49.13172
422911875.0,-49.19704
422911937.5,-49.15728
422912000.0,-49.15389
422912062.5,-49.1643
422912125.0,-49.14015
422912187.5,-49.161
422912250.0,-49.13211
422912312.5,-49.14227
422912375.0,-49.15371
422912437.5,-49.11644
422912500.0,-49.11631
422912562.5,-49.14354
422912625.0,-49.12129
422912687.5,-49.10963
422912750.0,-49.13572
422912812.5,-49.13422
422912875.0,-49.10672
422912937.5,-49.12174
422913000.0,-49.11732
422913062.5,-49.08776
422913125.0,-49.12472
422913187.5,-49.10951
422913250.0,-49.08714
422913312.5,-49.08225
422913375.0,-49.11068
422913437.5,-49.10687
422913500.0,-49.09916
422913562.5,-49.07654
422913625.0,-49.05846
422913687.5,-49.04973
422913750.0,-49.0608
422913812.5,-49.05942
422913875.0,-49.06748
422913937.5,-49.08281
422914000.0,-49.06268
422914062.5,-49.06617
422914125.0,-49.0523
422914187.5,-49.07926
422914250.0,-49.07517
422914312.5,-49.09044
422914375.0,-49.06649
422914437.5,-49.0549
422914500.0,-49.08173
422914562.5,-49.03082
422914625.0,-49.04701
422914687.5,-49.04708
422914750.0,-49.02456
422914812.5,-48.99383
422914875.0,-49.03509
422914937.5,-49.00578
422915000.0,-49.02227
422915062.5,-49.05151
422915125.0,-49.0001
422915187.5,-49.02838
422915250.0,-49.01939
422915312.5,-49.02234
422915375.0,-49.04244
422915437.5,-49.02999
422915500.0,-49.0261
422915562.5,-48.9952
422915625.0,-49.01497
422915687.5,-49.03156
422915750.0,-49.02093
422915812.5,-49.00375
422915875.0,-48.98056
422915937.5,-48.95521
422916000.0,-48.93835
422916062.5,-49.00541
422916125.0,-48.96157
422916187.5,-48.93211
422916250.0,-48.99775
422916312.5,-49.00066
422916375.0,-48.95969
422916437.5,-48.97044
422916500.0,-48.96557
422916562.5,-48.96047
422916625.0,-48.93575
422916687.5,-48.92899
422916750.0,-48.9627
422916812.5,-48.96926
422916875.0,-48.9669
422916937.5,-48.93608
422917000.0,-48.88989
422917062.5,-48.93416
422917125.0,-48.93912
422917187.5,-48.95354
422917250.0,-48.91508
422917312.5,-48.94376
422917375.0,-48.90717
422917437.5,-48.92856
422917500.0,-48.92271
422917562.5,-48.94934
422917625.0,-48.90848
422917687.5,-48.9143
422917750.0,-48.92759
422917812.5,-48.913
422917875.0,-48.92513
422917937.5,-48.89576
422918000.0,-48.91655
422918062.5,-48.89348
422918125.0,-48.93203
422918187.5,-48.86441
422918250.0,-48.90137
422918312.5,-48.91525
422918375.0,-48.85776
422918437.5,-48.87943
422918500.0,-48.89001
422918562.5,-48.85764
422918625.0,-48.88888
422918687.5,-48.85245
422918750.0,-48.85839
422918812.5,-48.84449
422918875.0,-48.879
422918937.5,-48.84653
422919000.0,-48.8494
422919062.5,-48.84709
422919125.0,-48.83051
422919187.5,-48.8508
422919250.0,-48.86573
422919312.5,-48.84783
422919375.0,-48.82355
422919437.5,-48.85224
422919500.0,-48.82543
422919562.5,-48.87201
422919625.0,-48.8361
422919687.5,-48.82327
422919750.0,-48.82697
422919812.5,-48.8144
422919875.0,-48.80255
422919937.5,-48.79322
422920000.0,-48.79972
422920062.5,-48.81514
422920125.0,-48.79141
422920187.5,-48.80701
422920250.0,-48.79103
422920312.5,-48.82235
422920375.0,-48.79056
422920437.5,-48.82669
422920500.0,-48.79371
422920562.5,-48.80503
422920625.0,-48.76766
422920687.5,-48.78186
422920750.0,-48.80515
422920812.5,-48.76733
422920875.0,-48.73665
422920937.5,-48.76724
422921000.0,-48.74848
422921062.5,-48.78328
422921125.0,-48.78705
422921187.5,-48.78258
422921250.0,-48.74665
422921312.5,-48.7682
422921375.0,-48.75156
422921437.5,-48.73121
422921500.0,-48.73476
422921562.5,-48.7648
422921625.0,-48.72131
422921687.5,-48.73175
422921750.0,-48.72475
422921812.5,-48.73731
422921875.0,-48.73295
422921937.5,-48.72982
422922000.0,-48.71718
422922062.5,-48.72856
422922125.0,-48.71605
422922187.5,-48.71265
422922250.0,-48.71027
422922312.5,-48.72934
422922375.0,-48.7047
422922437.5,-48.72625
422922500.0,-48.70444
422922562.5,-48.6853
422922625.0,-48.73858
422922687.5,-48.68937
422922750.0,-48.70098
422922812.5,-48.70059
422922875.0,-48.64651
422922937.5,-48.66336
422923000.0,-48.70171
422923062.5,-48.6772
422923125.0,-48.66706
422923187.5,-48.66784
422923250.0,-48.68224
422923312.5,-48.68411
422923375.0,-48.65983
422923437.5,-48.66789
422923500.0,-48.6493
422923562.5,-48.63307
422923625.0,-48.6343
422923687.5,-48.64709
422923750.0,-48.6325
422923812.5,-48.649
422923875.0,-48.64471
422923937.5,-48.64121
422924000.0,-48.63878
422924062.5,-48.60275
422924125.0,-48.63912
422924187.5,-48.62189
422924250.0,-48.62698
422924312.5,-48.64297
422924375.0,-48.62453
422924437.5,-48.62481
422924500.0,-48.59816
422924562.5,-48.61412
422924625.0,-48.6306
422924687.5,-48.56792
422924750.0,-48.59901
422924812.5,-48.59481
422924875.0,-48.59849
422924937.5,-48.59156
422925000.0,-48.58519
422925062.5,-48.55865
422925125.0,-48.58319
422925187.5,-48.58226
422925250.0,-48.574
422925312.5,-48.55461
422925375.0,-48.56363
422925437.5,-48.59777
422925500.0,-48.57207
422925562.5,-48.53234
422925625.0,-48.53434
422925687.5,-48.53143
422925750.0,-48.55203
422925812.5,-48.54569
422925875.0,-48.54578
422925937.5,-48.55332
422926000.0,-48.56302
422926062.5,-48.5324
422926125.0,-48.56303
422926187.5,-48.55817
422926250.0,-48.5329
422926312.5,-48.53201
422926375.0,-48.5265
422926437.5,-48.51769
422926500.0,-48.50217
422926562.5,-48.51218
422926625.0,-48.51097
422926687.5,-48.52634
422926750.0,-48.49992
422926812.5,-48.47379
422926875.0,-48.50916
422926937.5,-48.47132
422927000.0,-48.47519
422927062.5,-48.48985
422927125.0,-48.5132
422927187.5,-48.46394
422927250.0,-48.50048
422927312.5,-48.46503
422927375.0,-48.49112
422927437.5,-48.49004
422927500.0,-48.49551
422927562.5,-48.47228
422927625.0,-48.48775
422927687.5,-48.46424
422927750.0,-48.46955
422927812.5,-48.45386
422927875.0,-48.49824
422927937.5,-48.44827
422928000.0,-48.46809
422928062.5,-48.42734
422928125.0,-48.48625
422928187.5,-48.41415
422928250.0,-48.42838
422928312.5,-48.44251
422928375.0,-48.41702
422928437.5,-48.41882
422928500.0,-48.42113
422928562.5,-48.43769
422928625.0,-48.43181
422928687.5,-48.39212
422928750.0,-48.42168
422928812.5,-48.41615
422928875.0,-48.39486
422928937.5,-48.407
422929000.0,-48.40598
422929062.5,-48.40984
422929125.0,-48.40301
422929187.5,-48.41317
422929250.0,-48.42234
422929312.5,-48.39767
422929375.0,-48.43739
422929437.5,-48.36303
422929500.0,-48.39645
422929562.5,-48.34733
422929625.0,-48.37991
422929687.5,-48.3852
422929750.0,-48.35221
422929812.5,-48.36622
422929875.0,-48.35447
422929937.5,-48.34158
422930000.0,-48.39103
422930062.5,-48.33552
422930125.0,-48.3446
422930187.5,-48.33168
422930250.0,-48.35871
422930312.5,-48.33506
422930375.0,-48.35593
422930437.5,-48.31242
422930500.0,-48.34046
422930562.5,-48.33695
422930625.0,-48.35361
422930687.5,-48.35339
422930750.0,-48.33858
422930812.5,-48.32772
422930875.0,-48.29267
422930937.5,-48.31957
422931000.0,-48.30845
422931062.5,-48.32552
422931125.0,-48.33546
422931187.5,-48.31818
422931250.0,-48.27949
422931312.5,-48.30334
422931375.0,-48.28738
422931437.5,-48.26955
422931500.0,-48.26447
422931562.5,-48.27791
422931625.0,-48.27671
422931687.5,-48.30085
422931750.0,-48.30611
422931812.5,-48.27849
422931875.0,-48.26443
422931937.5,-48.28534
422932000.0,-48.25231
422932062.5,-48.28571
422932125.0,-48.25066
422932187.5,-48.26781
422932250.0,-48.27505
422932312.5,-48.25435
422932375.0,-48.24835
422932437.5,-48.229
422932500.0,-48.21649
422932562.5,-48.24533
422932625.0,-48.22137
422932687.5,-48.21714
422932750.0,-48.21727
422932812.5,-48.2319
422932875.0,-48.21597
422932937.5,-48.23243
422933000.0,-48.22009
422933062.5,-48.21247
422933125.0,-48.23135
422933187.5,-48.22382
422933250.0,-48.21246
422933312.5,-48.21143
422933375.0,-48.19513
422933437.5,-48.21622
422933500.0,-48.20553
422933562.5,-48.19384
422933625.0,-48.20736
422933687.5,-48.17677
422933750.0,-48.19412
422933812.5,-48.15408
422933875.0,-48.17605
422933937.5,-48.16243
422934000.0,-48.21451
422934062.5,-48.1715
422934125.0,-48.17703
422934187.5,-48.15726
422934250.0,-48.14832
422934312.5,-48.15845
422934375.0,-48.16656
422934437.5,-48.17081
422934500.0,-48.1445
422934562.5,-48.12034
422934625.0,-48.12086
422934687.5,-48.13071
422934750.0,-48.14992
422934812.5,-48.12828
422934875.0,-48.12646
422934937.5,-48.15511
422935000.0,-48.1422
422935062.5,-48.13186
422935125.0,-48.11344
422935187.5,-48.15007
422935250.0,-48.12448
422935312.5,-48.08837
422935375.0,-48.10559
422935437.5,-48.11753
422935500.0,-48.11635
422935562.5,-48.09678
422935625.0,-48.08302
422935687.5,-48.07652
422935750.0,-48.07053
422935812.5,-48.07058
422935875.0,-48.11743
422935937.5,-48.0935
422936000.0,-48.05794
422936062.5,-48.06014
422936125.0,-48.06716
422936187.5,-48.07
422936250.0,-48.09348
422936312.5,-48.0446
422936375.0,-48.08639
422936437.5,-48.04759
422936500.0,-48.05431
422936562.5,-48.05828
422936625.0,-48.04649
422936687.5,-48.06305
422936750.0,-48.06793
422936812.5,-48.04172
422936875.0,-48.04268
422936937.5,-48.03888
422937000.0,-48.03006
422937062.5,-48.02715
422937125.0,-48.04797
422937187.5,-48.00531
422937250.0,-47.98774
422937312.5,-48.01691
422937375.0,-47.99084
422937437.5,-47.9996
422937500.0,-47.99472
422937562.5,-48.00198
422937625.0,-47.9797
422937687.5,-47.98533
422937750.0,-47.98051
422937812.5,-47.98498
422937875.0,-48.00557
422937937.5,-48.0205
422938000.0,-48.00108
422938062.5,-47.99037
422938125.0,-47.9748
422938187.5,-47.96768
422938250.0,-47.96711
422938312.5,-47.98531
422938375.0,-47.97813
422938437.5,-47.97229
422938500.0,-47.95366
422938562.5,-47.9283
422938625.0,-47.95561
422938687.5,-47.92746
422938750.0,-47.93566
422938812.5,-47.9258
422938875.0,-47.96227
422938937.5,-47.9439
422939000.0,-47.98115
422939062.5,-47.97371
422939125.0,-47.94648
422939187.5,-47.94006
422939250.0,-47.93394
422939312.5,-47.91991
422939375.0,-47.90355
422939437.5,-47.93935
422939500.0,-47.90427
422939562.5,-47.93169
422939625.0,-47.90743
422939687.5,-47.92105
422939750.0,-47.93033
422939812.5,-47.90067
422939875.0,-47.90714
422939937.5,-47.89428
422940000.0,-47.86141
422940062.5,-47.92465
422940125.0,-47.87593
422940187.5,-47.87933
422940250.0,-47.88644
422940312.5,-47.84824
422940375.0,-47.86984
422940437.5,-47.86005
422940500.0,-47.8532
422940562.5,-47.84523
422940625.0,-47.85958
422940687.5,-47.85022
422940750.0,-47.86382
422940812.5,-47.88587
422940875.0,-47.81762
422940937.5,-47.8426
422941000.0,-47.8562
422941062.5,-47.81506
422941125.0,-47.8505
422941187.5,-47.82494
422941250.0,-47.81107
422941312.5,-47.80156
422941375.0,-47.80894
422941437.5,-47.80935
422941500.0,-47.84399
422941562.5,-47.8133
422941625.0,-47.78754
422941687.5,-47.81387
422941750.0,-47.80519
422941812.5,-47.80366
422941875.0,-47.78523
422941937.5,-47.82064
422942000.0,-47.76911
422942062.5,-47.8068
422942125.0,-47.7564
422942187.5,-47.79161
422942250.0,-47.77684
422942312.5,-47.78163
422942375.0,-47.77469
422942437.5,-47.77897
422942500.0,-47.7997
422942562.5,-47.75335
422942625.0,-47.75966
422942687.5,-47.74065
422942750.0,-47.77275
422942812.5,-47.75579
422942875.0,-47.73862
422942937.5,-47.75891
422943000.0,-47.74449
422943062.5,-47.7422
422943125.0,-47.69646
422943187.5,-47.75756
422943250.0,-47.75616
422943312.5,-47.74944
422943375.0,-47.70308
422943437.5,-47.7536
422943500.0,-47.73778
422943562.5,-47.68753
422943625.0,-47.67871
422943687.5,-47.70504
422943750.0,-47.70416
422943812.5,-47.71558
422943875.0,-47.71335
422943937.5,-47.69134
422944000.0,-47.69405
422944062.5,-47.70078
422944125.0,-47.674
422944187.5,-47.6905
422944250.0,-47.69594
422944312.5,-47.66504
422944375.0,-47.66539
422944437.5,-47.6587
422944500.0,-47.64819
422944562.5,-47.67618
422944625.0,-47.65097
422944687.5,-47.65023
422944750.0,-47.67158
422944812.5,-47.63667
422944875.0,-47.65036
422944937.5,-47.61248
422945000.0,-47.63861
422945062.5,-47.66815
422945125.0,-47.64468
422945187.5,-47.65503
422945250.0,-47.61572
422945312.5,-47.66438
422945375.0,-47.63193
422945437.5,-47.62411
422945500.0,-47.58876
422945562.5,-47.60654
422945625.0,-47.61299
422945687.5,-47.59101
422945750.0,-47.59623
422945812.5,-47.58888
422945875.0,-47.6061
422945937.5,-47.58764
422946000.0,-47.60479
422946062.5,-47.5697
422946125.0,-47.57768
422946187.5,-47.57822
422946250.0,-47.58416
422946312.5,-47.60242
422946375.0,-47.57874
422946437.5,-47.56525
422946500.0,-47.59492
422946562.5,-47.57071
422946625.0,-47.52441
422946687.5,-47.54915
422946750.0,-47.56024
422946812.5,-47.55958
422946875.0,-47.55445
422946937.5,-47.52564
422947000.0,-47.52423
422947062.5,-47.52363
422947125.0,-47.55448
422947187.5,-47.49039
422947250.0,-47.52099
422947312.5,-47.5213
422947375.0,-47.54414
422947437.5,-47.52544
422947500.0,-47.52755
422947562.5,-47.5253
422947625.0,-47.53029
422947687.5,-47.50972
422947750.0,-47.49942
422947812.5,-47.50291
422947875.0,-47.51089
422947937.5,-47.48151
422948000.0,-47.50116
422948062.5,-47.49725
422948125.0,-47.4569
422948187.5,-47.48676
422948250.0,-47.49442
422948312.5,-47.48149
422948375.0,-47.48954
422948437.5,-47.45835
422948500.0,-47.45997
422948562.5,-47.46091
422948625.0,-47.45271
422948687.5,-47.47354
422948750.0,-47.46538
422948812.5,-47.45309
422948875.0,-47.45112
422948937.5,-47.42836
422949000.0,-47.42357
422949062.5,-47.45648
422949125.0,-47.41156
422949187.5,-47.422
422949250.0,-47.44692
422949312.5,-47.44808
422949375.0,-47.41372
422949437.5,-47.41552
422949500.0,-47.40231
422949562.5,-47.39583
422949625.0,-47.40297
422949687.5,-47.41498
422949750.0,-47.41525
422949812.5,-47.37796
422949875.0,-47.39021
422949937.5,-47.36986
422950000.0,-47.39155
422950062.5,-47.39811
422950125.0,-47.37564
422950187.5,-47.3828
422950250.0,-47.35525
422950312.5,-47.40152
422950375.0,-47.36961
422950437.5,-47.36803
422950500.0,-47.35578
422950562.5,-47.359
422950625.0,-47.34145
422950687.5,-47.36123
422950750.0,-47.35823
422950812.5,-47.3525
422950875.0,-47.3354
422950937.5,-47.33803
422951000.0,-47.33406
422951062.5,-47.32787
422951125.0,-47.31701
422951187.5,-47.34735
422951250.0,-47.31887
422951312.5,-47.3348
422951375.0,-47.33543
422951437.5,-47.3257
422951500.0,-47.30993
422951562.5,-47.29191
422951625.0,-47.31592
422951687.5,-47.30114
422951750.0,-47.30416
422951812.5,-47.28985
422951875.0,-47.26852
422951937.5,-47.29574
422952000.0,-47.26826
422952062.5,-47.28983
422952125.0,-47.27819
422952187.5,-47.23817
422952250.0,-47.27942
422952312.5,-47.26782
422952375.0,-47.28146
422952437.5,-47.2533
422952500.0,-47.26513
422952562.5,-47.26822
422952625.0,-47.24417
422952687.5,-47.248
422952750.0,-47.23971
422952812.5,-47.21438
422952875.0,-47.21986
422952937.5,-47.23334
422953000.0,-47.24007
422953062.5,-47.24215
422953125.0,-47.21608
422953187.5,-47.20675
422953250.0,-47.20515
422953312.5,-47.23947
422953375.0,-47.20122
422953437.5,-47.18757
422953500.0,-47.18019
422953562.5,-47.21217
422953625.0,-47.17683
422953687.5,-47.175
422953750.0,-47.17292
422953812.5,-47.2015
422953875.0,-47.16146
422953937.5,-47.17185
422954000.0,-47.19214
422954062.5,-47.16904
422954125.0,-47.16536
422954187.5,-47.15815
422954250.0,-47.14581
422954312.5,-47.16281
422954375.0,-47.1664
422954437.5,-47.15929
422954500.0,-47.15278
422954562.5,-47.15085
422954625.0,-47.16686
422954687.5,-47.14192
422954750.0,-47.118
422954812.5,-47.13047
422954875.0,-47.12523
422954937.5,-47.14496
422955000.0,-47.12777
422955062.5,-47.10798
422955125.0,-47.09299
422955187.5,-47.11561
422955250.0,-47.10037
422955312.5,-47.1056
422955375.0,-47.09768
422955437.5,-47.08504
422955500.0,-47.09483
422955562.5,-47.10101
422955625.0,-47.09579
422955687.5,-47.10164
422955750.0,-47.09168
422955812.5,-47.06513
422955875.0,-47.08959
422955937.5,-47.08941
422956000.0,-47.05724
422956062.5,-47.07433
422956125.0,-47.06089
422956187.5,-47.06396
422956250.0,-47.04949
422956312.5,-47.06128
422956375.0,-47.05367
422956437.5,-47.04547
422956500.0,-47.07666
422956562.5,-47.04886
422956625.0,-47.01987
422956687.5,-47.01424
422956750.0,-47.00436
422956812.5,-47.03254
422956875.0,-47.02349
422956937.5,-47.03559
422957000.0,-47.02807
422957062.5,-47.01824
422957125.0,-47.00756
422957187.5,-47.04497
422957250.0,-47.01132
422957312.5,-47.00163
422957375.0,-46.98776
422957437.5,-47.00607
422957500.0,-46.97196
422957562.5,-46.97591
422957625.0,-46.98117
422957687.5,-46.95333
422957750.0,-46.96429
422957812.5,-46.98418
422957875.0,-46.95264
422957937.5,-46.97041
422958000.0,-46.98012
422958062.5,-46.94386
422958125.0,-46.94225
422958187.5,-46.9457
422958250.0,-46.95357
422958312.5,-46.95962
422958375.0,-46.97011
422958437.5,-46.94735
422958500.0,-46.92103
422958562.5,-46.95385
422958625.0,-46.93728
422958687.5,-46.93762
422958750.0,-46.9246
422958812.5,-46.90983
422958875.0,-46.91598
422958937.5,-46.92486
422959000.0,-46.91266
422959062.5,-46.89411
422959125.0,-46.91009
422959187.5,-46.92082
422959250.0,-46.89529
422959312.5,-46.90219
422959375.0,-46.88752
422959437.5,-46.89183
422959500.0,-46.88198
422959562.5,-46.87731
422959625.0,-46.88916
422959687.5,-46.86986
422959750.0,-46.89223
422959812.5,-46.85732
422959875.0,-46.87101
422959937.5,-46.84307
422960000.0,-46.86134
422960062.5,-46.8547
422960125.0,-46.82817
422960187.5,-46.83121
422960250.0,-46.84017
422960312.5,-46.83764
422960375.0,-46.81286
422960437.5,-46.80648
422960500.0,-46.83248
422960562.5,-46.81291
422960625.0,-46.83306
422960687.5,-46.82687
422960750.0,-46.79042
422960812.5,-46.78172
422960875.0,-46.78738
422960937.5,-46.81091
422961000.0,-46.79447
422961062.5,-46.80905
422961125.0,-46.81327
422961187.5,-46.78382
422961250.0,-46.77944
422961312.5,-46.77772
422961375.0,-46.76442
422961437.5,-46.75992
422961500.0,-46.77252
422961562.5,-46.76172
422961625.0,-46.76973
422961687.5,-46.77088
422961750.0,-46.76384
422961812.5,-46.7354
422961875.0,-46.74959
422961937.5,-46.76581
422962000.0,-46.75838
422962062.5,-46.73672
422962125.0,-46.73795
422962187.5,-46.72314
422962250.0,-46.73631
422962312.5,-46.73385
422962375.0,-46.72177
422962437.5,-46.73841
422962500.0,-46.68907
422962562.5,-46.68276
422962625.0,-46.71169
422962687.5,-46.71178
422962750.0,-46.68264
422962812.5,-46.68421
422962875.0,-46.70874
422962937.5,-46.68631
422963000.0,-46.68721
422963062.5,-46.66311
422963125.0,-46.68432
422963187.5,-46.68644
422963250.0,-46.65545
422963312.5,-46.68114
422963375.0,-46.6778
422963437.5,-46.68034
422963500.0,-46.6738
422963562.5,-46.64498
422963625.0,-46.6693
422963687.5,-46.64437
422963750.0,-46.64165
422963812.5,-46.64688
422963875.0,-46.6546
422963937.5,-46.6211
422964000.0,-46.64471
422964062.5,-46.6302
422964125.0,-46.61167
422964187.5,-46.60039
422964250.0,-46.62106
422964312.5,-46.61357
422964375.0,-46.60056
422964437.5,-46.62111
422964500.0,-46.60751
422964562.5,-46.58366
422964625.0,-46.60944
422964687.5,-46.57887
422964750.0,-46.61841
422964812.5,-46.61499
422964875.0,-46.56765
422964937.5,-46.5863
422965000.0,-46.57789
422965062.5,-46.61312
422965125.0,-46.58198
422965187.5,-46.57424
422965250.0,-46.57676
422965312.5,-46.55962
422965375.0,-46.55064
422965437.5,-46.55882
422965500.0,-46.55637
422965562.5,-46.56513
422965625.0,-46.54017
422965687.5,-46.53178
422965750.0,-46.52785
422965812.5,-46.54523
422965875.0,-46.52538
422965937.5,-46.52471
422966000.0,-46.53746
422966062.5,-46.52191
422966125.0,-46.49309
422966187.5,-46.49232
422966250.0,-46.49242
422966312.5,-46.50691
422966375.0,-46.49702
422966437.5,-46.47972
422966500.0,-46.46104
422966562.5,-46.48947
422966625.0,-46.4766
422966687.5,-46.46777
422966750.0,-46.47367
422966812.5,-46.48468
422966875.0,-46.46915
422966937.5,-46.47851
422967000.0,-46.46992
422967062.5,-46.45584
422967125.0,-46.47256
422967187.5,-46.48808
422967250.0,-46.45569
422967312.5,-46.44368
422967375.0,-46.45665
422967437.5,-46.42036
422967500.0,-46.43456
422967562.5,-46.43386
422967625.0,-46.44109
422967687.5,-46.41128
422967750.0,-46.39907
422967812.5,-46.38332
422967875.0,-46.41512
422967937.5,-46.39025
422968000.0,-46.41211
422968062.5,-46.39589
422968125.0,-46.40821
422968187.5,-46.40038
422968250.0,-46.36481
422968312.5,-46.39793
422968375.0,-46.36223
422968437.5,-46.37816
422968500.0,-46.37824
422968562.5,-46.40356
422968625.0,-46.38116
422968687.5,-46.3626
422968750.0,-46.36692
422968812.5,-46.37205
422968875.0,-46.36501
422968937.5,-46.36037
422969000.0,-46.34993
422969062.5,-46.34275
422969125.0,-46.31541
422969187.5,-46.36176
422969250.0,-46.34184
422969312.5,-46.32308
422969375.0,-46.33923
422969437.5,-46.32358
422969500.0,-46.31603
422969562.5,-46.34635
422969625.0,-46.31525
422969687.5,-46.28925
422969750.0,-46.31027
422969812.5,-46.30058
422969875.0,-46.29584
422969937.5,-46.28064
422970000.0,-46.28017
422970062.5,-46.29363
422970125.0,-46.27747
422970187.5,-46.26458
422970250.0,-46.27472
422970312.5,-46.27687
422970375.0,-46.27076
422970437.5,-46.25979
422970500.0,-46.25224
422970562.5,-46.26478
422970625.0,-46.24365
422970687.5,-46.23652
422970750.0,-46.25148
422970812.5,-46.23957
422970875.0,-46.24572
422970937.5,-46.25316
422971000.0,-46.21667
422971062.5,-46.23437
422971125.0,-46.18795
422971187.5,-46.21859
422971250.0,-46.23038
422971312.5,-46.18134
422971375.0,-46.20505
422971437.5,-46.21592
422971500.0,-46.21391
422971562.5,-46.18656
422971625.0,-46.18261
422971687.5,-46.17171
422971750.0,-46.19367
422971812.5,-46.18148
422971875.0,-46.19147
422971937.5,-46.18661
422972000.0,-46.17094
422972062.5,-46.16048
422972125.0,-46.1455
422972187.5,-46.17081
422972250.0,-46.15357
422972312.5,-46.16187
422972375.0,-46.1449
422972437.5,-46.1456
422972500.0,-46.15926
422972562.5,-46.14553
422972625.0,-46.13912
422972687.5,-46.12635
422972750.0,-46.1343
422972812.5,-46.11802
422972875.0,-46.12027
422972937.5,-46.11876
422973000.0,-46.1237
422973062.5,-46.09009
422973125.0,-46.13761
422973187.5,-46.10693
422973250.0,-46.08703
422973312.5,-46.10698
422973375.0,-46.0639
422973437.5,-46.10078
422973500.0,-46.07579
422973562.5,-46.05555
422973625.0,-46.0587
422973687.5,-46.07986
422973750.0,-46.07237
422973812.5,-46.06425
422973875.0,-46.0528
422973937.5,-46.0746
422974000.0,-46.04575
422974062.5,-46.03838
422974125.0,-46.02721
422974187.5,-46.04308
422974250.0,-46.03442
422974312.5,-46.01991
422974375.0,-46.05981
422974437.5,-46.01817
422974500.0,-46.01192
422974562.5,-46.04974
422974625.0,-46.00901
422974687.5,-46.00872
422974750.0,-46.01912
422974812.5,-46.01882
422974875.0,-46.01449
422974937.5,-46.01133
422975000.0,-45.98735
422975062.5,-45.97797
422975125.0,-45.96427
422975187.5,-45.96037
422975250.0,-45.9731
422975312.5,-45.95037
422975375.0,-45.96297
422975437.5,-45.96067
422975500.0,-45.96233
422975562.5,-45.96838
422975625.0,-45.95661
422975687.5,-45.93381
422975750.0,-45.97313
422975812.5,-45.9445
422975875.0,-45.95615
422975937.5,-45.95655
422976000.0,-45.9404
422976062.5,-45.91914
422976125.0,-45.9213
422976187.5,-45.92004
422976250.0,-45.91909
422976312.5,-45.91799
422976375.0,-45.90532
422976437.5,-45.90399
422976500.0,-45.8907
422976562.5,-45.90737
422976625.0,-45.90137
422976687.5,-45.89596
422976750.0,-45.87468
422976812.5,-45.89288
422976875.0,-45.8803
422976937.5,-45.88421
422977000.0,-45.86905
422977062.5,-45.84366
422977125.0,-45.85775
422977187.5,-45.83592
422977250.0,-45.86729
422977312.5,-45.83926
422977375.0,-45.8684
422977437.5,-45.86301
422977500.0,-45.83518
422977562.5,-45.84409
422977625.0,-45.82774
422977687.5,-45.83533
422977750.0,-45.82777
422977812.5,-45.80603
422977875.0,-45.80967
422977937.5,-45.80001
422978000.0,-45.80741
422978062.5,-45.80796
422978125.0,-45.80609
422978187.5,-45.78825
422978250.0,-45.79112
422978312.5,-45.81144
422978375.0,-45.77662
422978437.5,-45.79057
422978500.0,-45.77623
422978562.5,-45.76589
422978625.0,-45.79066
422978687.5,-45.75479
422978750.0,-45.739
422978812.5,-45.7589
422978875.0,-45.74728
422978937.5,-45.76646
422979000.0,-45.73655
422979062.5,-45.75311
422979125.0,-45.74419
422979187.5,-45.71268
422979250.0,-45.72006
422979312.5,-45.74717
422979375.0,-45.74702
422979437.5,-45.73388
422979500.0,-45.73919
422979562.5,-45.72628
422979625.0,-45.70079
422979687.5,-45.67951
422979750.0,-45.71311
422979812.5,-45.69945
422979875.0,-45.68329
422979937.5,-45.68753
422980000.0,-45.69269
422980062.5,-45.69628
422980125.0,-45.69286
422980187.5,-45.66678
422980250.0,-45.69361
422980312.5,-45.68045
422980375.0,-45.64638
422980437.5,-45.68467
422980500.0,-45.64417
422980562.5,-45.67969
422980625.0,-45.65699
422980687.5,-45.66849
422980750.0,-45.64987
422980812.5,-45.61969
422980875.0,-45.61471
422980937.5,-45.63543
422981000.0,-45.61362
422981062.5,-45.61785
422981125.0,-45.61998
422981187.5,-45.61198
422981250.0,-45.59501
422981312.5,-45.61369
422981375.0,-45.62469
422981437.5,-45.59502
422981500.0,-45.59085
422981562.5,-45.60506
422981625.0,-45.60248
422981687.5,-45.60816
422981750.0,-45.57821
422981812.5,-45.56482
422981875.0,-45.56802
422981937.5,-45.57343
422982000.0,-45.55973
422982062.5,-45.56337
422982125.0,-45.54581
422982187.5,-45.55154
422982250.0,-45.55768
422982312.5,-45.5099
422982375.0,-45.51999
422982437.5,-45.52669
422982500.0,-45.55704
422982562.5,-45.51661
422982625.0,-45.51332
422982687.5,-45.52968
422982750.0,-45.53713
422982812.5,-45.4934
422982875.0,-45.50151
422982937.5,-45.49043
422983000.0,-45.52531
422983062.5,-45.50295
422983125.0,-45.49126
422983187.5,-45.49187
422983250.0,-45.48837
422983312.5,-45.45425
422983375.0,-45.46581
422983437.5,-45.44612
422983500.0,-45.45525
422983562.5,-45.46935
422983625.0,-45.47097
422983687.5,-45.44485
422983750.0,-45.46498
422983812.5,-45.41533
422983875.0,-45.46036
422983937.5,-45.4477
422984000.0,-45.40864
422984062.5,-45.42946
422984125.0,-45.42176
422984187.5,-45.41144
422984250.0,-45.41045
422984312.5,-45.40456
422984375.0,-45.41147
422984437.5,-45.40738
422984500.0,-45.41471
422984562.5,-45.41077
422984625.0,-45.41658
422984687.5,-45.39051
422984750.0,-45.39165
422984812.5,-45.38079
422984875.0,-45.38007
422984937.5,-45.36143
422985000.0,-45.35427
422985062.5,-45.35694
422985125.0,-45.37523
422985187.5,-45.37304
422985250.0,-45.36514
422985312.5,-45.33306
422985375.0,-45.34484
422985437.5,-45.34907
422985500.0,-45.33971
422985562.5,-45.33371
422985625.0,-45.3351
422985687.5,-45.34125
422985750.0,-45.3271
422985812.5,-45.29393
422985875.0,-45.34586
422985937.5,-45.3046
422986000.0,-45.31448
422986062.5,-45.30712
422986125.0,-45.3012
422986187.5,-45.29672
422986250.0,-45.29688
422986312.5,-45.28236
422986375.0,-45.27791
422986437.5,-45.2726
422986500.0,-45.28477
422986562.5,-45.27368
422986625.0,-45.28031
422986687.5,-45.25842
422986750.0,-45.24902
422986812.5,-45.25956
422986875.0,-45.22337
422986937.5,-45.23716
422987000.0,-45.22461
422987062.5,-45.21712
422987125.0,-45.23123
422987187.5,-45.2241
422987250.0,-45.2093
422987312.5,-45.21705
422987375.0,-45.21389
422987437.5,-45.21917
422987500.0,-45.19815
422987562.5,-45.18383
422987625.0,-45.19601
422987687.5,-45.20114
422987750.0,-45.19668
422987812.5,-45.15191
422987875.0,-45.18092
422987937.5,-45.18103
422988000.0,-45.16348
422988062.5,-45.18521
422988125.0,-45.16669
422988187.5,-45.18949
422988250.0,-45.16247
422988312.5,-45.15409
422988375.0,-45.14095
422988437.5,-45.13923
422988500.0,-45.15122
422988562.5,-45.13181
422988625.0,-45.13429
422988687.5,-45.12571
422988750.0,-45.14143
422988812.5,-45.11813
422988875.0,-45.11824
422988937.5,-45.11873
422989000.0,-45.11008
422989062.5,-45.09017
422989125.0,-45.07486
422989187.5,-45.09213
422989250.0,-45.09713
422989312.5,-45.08011
422989375.0,-45.09504
422989437.5,-45.0876
422989500.0,-45.08538
422989562.5,-45.06155
422989625.0,-45.05214
422989687.5,-45.05936
422989750.0,-45.05172
422989812.5,-45.06907
422989875.0,-45.03569
422989937.5,-45.02599
422990000.0,-45.01945
422990062.5,-45.05201
422990125.0,-45.04057
422990187.5,-45.03387
422990250.0,-45.05684
422990312.5,-45.0188
422990375.0,-44.98569
422990437.5,-44.98698
422990500.0,-44.99522
422990562.5,-45.00438
422990625.0,-45.0043
422990687.5,-44.9956
422990750.0,-45.01365
422990812.5,-44.99197
422990875.0,-44.96399
422990937.5,-44.9853
422991000.0,-45.0019
422991062.5,-44.96819
422991125.0,-44.96218
422991187.5,-44.95435
422991250.0,-44.9592
422991312.5,-44.95531
422991375.0,-44.9399
422991437.5,-44.94683
422991500.0,-44.95363
422991562.5,-44.95786
422991625.0,-44.93327
422991687.5,-44.93342
422991750.0,-44.93706
422991812.5,-44.91928
422991875.0,-44.91354
422991937.5,-44.89614
422992000.0,-44.89571
422992062.5,-44.89045
422992125.0,-44.89399
422992187.5,-44.90523
422992250.0,-44.88612
422992312.5,-44.88263
422992375.0,-44.87603
422992437.5,-44.87384
422992500.0,-44.85919
422992562.5,-44.87774
422992625.0,-44.88269
422992687.5,-44.86324
422992750.0,-44.87389
422992812.5,-44.86155
422992875.0,-44.85003
422992937.5,-44.85869
422993000.0,-44.82259
422993062.5,-44.85414
422993125.0,-44.82514
422993187.5,-44.83617
422993250.0,-44.8235
422993312.5,-44.80778
422993375.0,-44.81396
422993437.5,-44.80384
422993500.0,-44.81326
422993562.5,-44.80046
422993625.0,-44.79979
422993687.5,-44.78871
422993750.0,-44.78956
422993812.5,-44.77477
422993875.0,-44.77963
422993937.5,-44.78116
422994000.0,-44.76131
422994062.5,-44.77739
422994125.0,-44.74976
422994187.5,-44.74626
422994250.0,-44.75684
422994312.5,-44.75642
422994375.0,-44.75373
422994437.5,-44.72662
422994500.0,-44.72868
422994562.5,-44.71045
422994625.0,-44.72063
422994687.5,-44.72293
422994750.0,-44.73386
422994812.5,-44.68395
422994875.0,-44.69511
422994937.5,-44.71333
422995000.0,-44.68416
422995062.5,-44.7072
422995125.0,-44.68653
422995187.5,-44.6776
422995250.0,-44.69352
422995312.5,-44.66314
422995375.0,-44.67085
422995437.5,-44.6792
422995500.0,-44.64552
422995562.5,-44.65417
422995625.0,-44.64061
422995687.5,-44.6526
422995750.0,-44.63945
422995812.5,-44.66
422995875.0,-44.63971
422995937.5,-44.62145
422996000.0,-44.61401
422996062.5,-44.59959
422996125.0,-44.62423
422996187.5,-44.62669
422996250.0,-44.60316
422996312.5,-44.58176
422996375.0,-44.5934
422996437.5,-44.59412
422996500.0,-44.59267
422996562.5,-44.57375
422996625.0,-44.57474
422996687.5,-44.56371
422996750.0,-44.57632
422996812.5,-44.57538
422996875.0,-44.56699
422996937.5,-44.56131
422997000.0,-44.55821
422997062.5,-44.55268
422997125.0,-44.5415
422997187.5,-44.52934
422997250.0,-44.54389
422997312.5,-44.52373
422997375.0,-44.52153
422997437.5,-44.53635
422997500.0,-44.52799
422997562.5,-44.52714
422997625.0,-44.51387
422997687.5,-44.53397
422997750.0,-44.52231
422997812.5,-44.50023
422997875.0,-44.49953
422997937.5,-44.47995
422998000.0,-44.48521
422998062.5,-44.4661
422998125.0,-44.4846
422998187.5,-44.48954
422998250.0,-44.45971
422998312.5,-44.47689
422998375.0,-44.46709
422998437.5,-44.47438
422998500.0,-44.45221
422998562.5,-44.44624
422998625.0,-44.44571
422998687.5,-44.4395
422998750.0,-44.45435
422998812.5,-44.42357
422998875.0,-44.42818
422998937.5,-44.40255
422999000.0,-44.41031
422999062.5,-44.41353
422999125.0,-44.41135
422999187.5,-44.38931
422999250.0,-44.39351
422999312.5,-44.3751
422999375.0,-44.38483
422999437.5,-44.37372
422999500.0,-44.37304
422999562.5,-44.37992
422999625.0,-44.38873
422999687.5,-44.37274
422999750.0,-44.3624
422999812.5,-44.35973
422999875.0,-44.35569
422999937.5,-44.32491
423000000.0,-44.35266
423000062.5,-44.34846
423000125.0,-44.34445
423000187.5,-44.31966
423000250.0,-44.34032
423000312.5,-44.30919
423000375.0,-44.32151
423000437.5,-44.30622
423000500.0,-44.30578
423000562.5,-44.33059
423000625.0,-44.30241
423000687.5,-44.2931
423000750.0,-44.29487
423000812.5,-44.27171
423000875.0,-44.28341
423000937.5,-44.273
423001000.0,-44.267
423001062.5,-44.27855
423001125.0,-44.25146
423001187.5,-44.25727
423001250.0,-44.24837
423001312.5,-44.24575
423001375.0,-44.23289
423001437.5,-44.24581
423001500.0,-44.24553
423001562.5,-44.23367
423001625.0,-44.22343
423001687.5,-44.22938
423001750.0,-44.23554
423001812.5,-44.21948
423001875.0,-44.19239
423001937.5,-44.19963
423002000.0,-44.20263
423002062.5,-44.1865
423002125.0,-44.1898
423002187.5,-44.18517
423002250.0,-44.17892
423002312.5,-44.16917
423002375.0,-44.167
423002437.5,-44.194
423002500.0,-44.1756
423002562.5,-44.1643
423002625.0,-44.15198
423002687.5,-44.15306
423002750.0,-44.1321
423002812.5,-44.1529
423002875.0,-44.12301
423002937.5,-44.12602
423003000.0,-44.11568
423003062.5,-44.12724
423003125.0,-44.09916
423003187.5,-44.10561
423003250.0,-44.09129
423003312.5,-44.09998
423003375.0,-44.08405
423003437.5,-44.10133
423003500.0,-44.08969
423003562.5,-44.08429
423003625.0,-44.06452
423003687.5,-44.08435
423003750.0,-44.04494
423003812.5,-44.04551
423003875.0,-44.06303
423003937.5,-44.06199
423004000.0,-44.03975
423004062.5,-44.01526
423004125.0,-44.01812
423004187.5,-44.03338
423004250.0,-44.03299
423004312.5,-44.03242
423004375.0,-44.016
423004437.5,-44.02876
423004500.0,-44.02268
423004562.5,-44.01324
423004625.0,-43.99288
423004687.5,-44.00896
423004750.0,-44.00093
423004812.5,-43.98912
423004875.0,-43.9719
423004937.5,-43.97963
423005000.0,-43.97327
423005062.5,-43.97136
423005125.0,-43.96251
423005187.5,-43.95663
423005250.0,-43.95926
423005312.5,-43.94384
423005375.0,-43.94973
423005437.5,-43.96082
423005500.0,-43.93092
423005562.5,-43.93694
423005625.0,-43.91339
423005687.5,-43.94047
423005750.0,-43.90799
423005812.5,-43.91269
423005875.0,-43.91047
423005937.5,-43.90967
423006000.0,-43.89732
423006062.5,-43.89883
423006125.0,-43.85986
423006187.5,-43.86852
423006250.0,-43.87739
423006312.5,-43.87318
423006375.0,-43.86244
423006437.5,-43.87629
423006500.0,-43.86781
423006562.5,-43.85858
423006625.0,-43.84327
423006687.5,-43.82819
423006750.0,-43.84919
423006812.5,-43.8251
423006875.0,-43.82615
423006937.5,-43.82841
423007000.0,-43.83885
423007062.5,-43.78627
423007125.0,-43.8155
423007187.5,-43.82012
423007250.0,-43.81047
423007312.5,-43.80061
423007375.0,-43.79925
423007437.5,-43.78379
423007500.0,-43.78878
423007562.5,-43.78323
423007625.0,-43.77159
423007687.5,-43.76242
423007750.0,-43.75089
423007812.5,-43.75443
423007875.0,-43.75865
423007937.5,-43.75198
423008000.0,-43.74855
423008062.5,-43.74466
423008125.0,-43.72385
423008187.5,-43.74642
423008250.0,-43.72305
423008312.5,-43.72569
423008375.0,-43.7279
423008437.5,-43.69483
423008500.0,-43.70883
423008562.5,-43.69678
423008625.0,-43.69862
423008687.5,-43.68762
423008750.0,-43.70554
423008812.5,-43.68483
423008875.0,-43.67039
423008937.5,-43.66653
423009000.0,-43.67026
423009062.5,-43.67682
423009125.0,-43.65762
423009187.5,-43.66446
423009250.0,-43.64495
423009312.5,-43.6421
423009375.0,-43.64805
423009437.5,-43.64956
423009500.0,-43.63204
423009562.5,-43.63107
423009625.0,-43.62988
423009687.5,-43.598
423009750.0,-43.62618
423009812.5,-43.60806
423009875.0,-43.59055
423009937.5,-43.6006
423010000.0,-43.58396
423010062.5,-43.58485
423010125.0,-43.59779
423010187.5,-43.59739
423010250.0,-43.56255
423010312.5,-43.55965
423010375.0,-43.56385
423010437.5,-43.54063
423010500.0,-43.5525
423010562.5,-43.5433
423010625.0,-43.53863
423010687.5,-43.52235
423010750.0,-43.53385
423010812.5,-43.5163
423010875.0,-43.52851
423010937.5,-43.51773
423011000.0,-43.49524
423011062.5,-43.50611
423011125.0,-43.49022
423011187.5,-43.49931
423011250.0,-43.4812
423011312.5,-43.47412
423011375.0,-43.46901
423011437.5,-43.48519
423011500.0,-43.46945
423011562.5,-43.45935
423011625.0,-43.46787
423011687.5,-43.46584
423011750.0,-43.46138
423011812.5,-43.43003
423011875.0,-43.43694
423011937.5,-43.42542
423012000.0,-43.42667
423012062.5,-43.42043
423012125.0,-43.41065
423012187.5,-43.40561
423012250.0,-43.41321
423012312.5,-43.42034
423012375.0,-43.39891
423012437.5,-43.39154
423012500.0,-43.40804
423012562.5,-43.38137
423012625.0,-43.38908
423012687.5,-43.3825
423012750.0,-43.37243
423012812.5,-43.37813
423012875.0,-43.36428
423012937.5,-43.37572
423013000.0,-43.34783
423013062.5,-43.36224
423013125.0,-43.3283
423013187.5,-43.31814
423013250.0,-43.34966
423013312.5,-43.33063
423013375.0,-43.31606
423013437.5,-43.32106
423013500.0,-43.30913
423013562.5,-43.30929
423013625.0,-43.28215
423013687.5,-43.30233
423013750.0,-43.27991
423013812.5,-43.27652
423013875.0,-43.28943
423013937.5,-43.26243
423014000.0,-43.26402
423014062.5,-43.27727
423014125.0,-43.26134
423014187.5,-43.25809
423014250.0,-43.25
423014312.5,-43.23529
423014375.0,-43.23203
423014437.5,-43.22499
423014500.0,-43.21319
423014562.5,-43.21535
423014625.0,-43.21747
423014687.5,-43.21442
423014750.0,-43.20737
423014812.5,-43.20917
423014875.0,-43.20652
423014937.5,-43.21297
423015000.0,-43.16775
423015062.5,-43.18671
423015125.0,-43.18069
423015187.5,-43.16616
423015250.0,-43.16233
423015312.5,-43.15604
423015375.0,-43.15823
423015437.5,-43.16082
423015500.0,-43.15522
423015562.5,-43.12769
423015625.0,-43.13761
423015687.5,-43.11106
423015750.0,-43.13732
423015812.5,-43.10963
423015875.0,-43.11955
423015937.5,-43.10883
423016000.0,-43.11309
423016062.5,-43.08515
423016125.0,-43.09613
423016187.5,-43.08804
423016250.0,-43.06303
423016312.5,-43.08648
423016375.0,-43.08693
423016437.5,-43.08599
423016500.0,-43.062
423016562.5,-43.0464
423016625.0,-43.04717
423016687.5,-43.04583
423016750.0,-43.03477
423016812.5,-43.03491
423016875.0,-43.04609
423016937.5,-43.01379
423017000.0,-43.02862
423017062.5,-43.01615
423017125.0,-43.00912
423017187.5,-43.00325
423017250.0,-43.01104
423017312.5,-43.00719
423017375.0,-42.99596
423017437.5,-42.98937
423017500.0,-42.98433
423017562.5,-42.9721
423017625.0,-42.9661
423017687.5,-42.95097
423017750.0,-42.9507
423017812.5,-42.96719
423017875.0,-42.93439
423017937.5,-42.92312
423018000.0,-42.9282
423018062.5,-42.92884
423018125.0,-42.91522
423018187.5,-42.92527
423018250.0,-42.91954
423018312.5,-42.89908
423018375.0,-42.89009
423018437.5,-42.90271
423018500.0,-42.90521
423018562.5,-42.88129
423018625.0,-42.88072
423018687.5,-42.87284
423018750.0,-42.87138
423018812.5,-42.8661
423018875.0,-42.87148
423018937.5,-42.85946
423019000.0,-42.85952
423019062.5,-42.85788
423019125.0,-42.84808
423019187.5,-42.83512
423019250.0,-42.83305
423019312.5,-42.81074
423019375.0,-42.82589
423019437.5,-42.81057
423019500.0,-42.80544
423019562.5,-42.79988
423019625.0,-42.79252
423019687.5,-42.78617
423019750.0,-42.81446
423019812.5,-42.79525
423019875.0,-42.76923
423019937.5,-42.76873
423020000.0,-42.77341
423020062.5,-42.78646
423020125.0,-42.75653
423020187.5,-42.75072
423020250.0,-42.74125
423020312.5,-42.73834
423020375.0,-42.74242
423020437.5,-42.71795
423020500.0,-42.7411
423020562.5,-42.71816
423020625.0,-42.7231
423020687.5,-42.70052
423020750.0,-42.70831
423020812.5,-42.69596
423020875.0,-42.69106
423020937.5,-42.67809
423021000.0,-42.67964
423021062.5,-42.67929
423021125.0,-42.66735
423021187.5,-42.66836
423021250.0,-42.66458
423021312.5,-42.64047
423021375.0,-42.65423
423021437.5,-42.65545
423021500.0,-42.63937
423021562.5,-42.62431
423021625.0,-42.61949
423021687.5,-42.60706
423021750.0,-42.61106
423021812.5,-42.62667
423021875.0,-42.59562
423021937.5,-42.59441
423022000.0,-42.59332
423022062.5,-42.58535
423022125.0,-42.59566
423022187.5,-42.57347
423022250.0,-42.57763
423022312.5,-42.57475
423022375.0,-42.5639
423022437.5,-42.55351
423022500.0,-42.54407
423022562.5,-42.55764
423022625.0,-42.53551
423022687.5,-42.53901
423022750.0,-42.52063
423022812.5,-42.52118
423022875.0,-42.50993
423022937.5,-42.51896
423023000.0,-42.49694
423023062.5,-42.49094
423023125.0,-42.49913
423023187.5,-42.49516
423023250.0,-42.46822
423023312.5,-42.48672
423023375.0,-42.46659
423023437.5,-42.46064
423023500.0,-42.44634
423023562.5,-42.45136
423023625.0,-42.44334
423023687.5,-42.45562
423023750.0,-42.44683
423023812.5,-42.42606
423023875.0,-42.44032
423023937.5,-42.41895
423024000.0,-42.4156
423024062.5,-42.40287
423024125.0,-42.41665
423024187.5,-42.40953
423024250.0,-42.39651
423024312.5,-42.38928
423024375.0,-42.3799
423024437.5,-42.36863
423024500.0,-42.37542
423024562.5,-42.34632
423024625.0,-42.35003
423024687.5,-42.34743
423024750.0,-42.34425
423024812.5,-42.3454
423024875.0,-42.33829
423024937.5,-42.31848
423025000.0,-42.32409
423025062.5,-42.32836
423025125.0,-42.31133
423025187.5,-42.30172
423025250.0,-42.30744
423025312.5,-42.29705
423025375.0,-42.28724
423025437.5,-42.27773
423025500.0,-42.30245
423025562.5,-42.28166
423025625.0,-42.28066
423025687.5,-42.26954
423025750.0,-42.25601
423025812.5,-42.24168
423025875.0,-42.2529
423025937.5,-42.23141
423026000.0,-42.22051
423026062.5,-42.22727
423026125.0,-42.21652
423026187.5,-42.2173
423026250.0,-42.21411
423026312.5,-42.2005
423026375.0,-42.19589
423026437.5,-42.20282
423026500.0,-42.1963
423026562.5,-42.1722
423026625.0,-42.17702
423026687.5,-42.17126
423026750.0,-42.17663
423026812.5,-42.16563
423026875.0,-42.14503
423026937.5,-42.14433
423027000.0,-42.13992
423027062.5,-42.11634
423027125.0,-42.12905
423027187.5,-42.13821
423027250.0,-42.11972
423027312.5,-42.11774
423027375.0,-42.12098
423027437.5,-42.10406
423027500.0,-42.09363
423027562.5,-42.08517
423027625.0,-42.09611
423027687.5,-42.08329
423027750.0,-42.09156
423027812.5,-42.05767
423027875.0,-42.04632
423027937.5,-42.05667
423028000.0,-42.043
423028062.5,-42.0449
423028125.0,-42.0423
423028187.5,-42.02602
423028250.0,-42.01973
423028312.5,-42.01543
423028375.0,-42.02703
423028437.5,-42.02319
423028500.0,-42.00447
423028562.5,-41.99007
423028625.0,-41.99565
423028687.5,-41.99389
423028750.0,-41.99623
423028812.5,-41.97135
423028875.0,-41.97351
423028937.5,-41.96667
423029000.0,-41.94834
423029062.5,-41.96966
423029125.0,-41.93675
423029187.5,-41.93354
423029250.0,-41.9272
423029312.5,-41.93168
423029375.0,-41.91669
423029437.5,-41.91538
423029500.0,-41.9208
423029562.5,-41.91338
423029625.0,-41.88975
423029687.5,-41.88819
423029750.0,-41.90288
423029812.5,-41.89323
423029875.0,-41.88734
423029937.5,-41.86787
423030000.0,-41.84993
423030062.5,-41.84424
423030125.0,-41.84335
423030187.5,-41.83866
423030250.0,-41.8571
423030312.5,-41.83534
423030375.0,-41.81982
423030437.5,-41.81903
423030500.0,-41.81142
423030562.5,-41.80537
423030625.0,-41.80842
423030687.5,-41.79404
423030750.0,-41.78119
423030812.5,-41.78575
423030875.0,-41.79111
423030937.5,-41.76851
423031000.0,-41.76756
423031062.5,-41.7632
423031125.0,-41.76614
423031187.5,-41.74775
423031250.0,-41.73485
423031312.5,-41.74923
423031375.0,-41.72613
423031437.5,-41.73378
423031500.0,-41.70765
423031562.5,-41.71321
423031625.0,-41.71834
423031687.5,-41.71421
423031750.0,-41.69663
423031812.5,-41.69273
423031875.0,-41.68496
423031937.5,-41.66863
423032000.0,-41.67594
423032062.5,-41.6694
423032125.0,-41.65927
423032187.5,-41.64706
423032250.0,-41.65231
423032312.5,-41.65651
423032375.0,-41.63679
423032437.5,-41.63292
423032500.0,-41.61624
423032562.5,-41.60989
423032625.0,-41.59904
423032687.5,-41.60221
423032750.0,-41.60473
423032812.5,-41.59657
423032875.0,-41.57521
423032937.5,-41.58702
423033000.0,-41.57362
423033062.5,-41.56932
423033125.0,-41.5753
423033187.5,-41.55157
423033250.0,-41.55265
423033312.5,-41.54534
423033375.0,-41.52515
423033437.5,-41.53577
423033500.0,-41.51821
423033562.5,-41.51995
423033625.0,-41.50471
423033687.5,-41.50711
423033750.0,-41.47673
423033812.5,-41.50078
423033875.0,-41.47716
423033937.5,-41.47291
423034000.0,-41.47833
423034062.5,-41.46568
423034125.0,-41.46651
423034187.5,-41.44823
423034250.0,-41.45293
423034312.5,-41.45535
423034375.0,-41.44271
423034437.5,-41.43112
423034500.0,-41.42581
423034562.5,-41.43093
423034625.0,-41.40868
423034687.5,-41.39821
423034750.0,-41.39801
423034812.5,-41.39633
423034875.0,-41.39884
423034937.5,-41.38001
423035000.0,-41.36573
423035062.5,-41.37071
423035125.0,-41.35941
423035187.5,-41.36205
423035250.0,-41.35961
423035312.5,-41.36
423035375.0,-41.34369
423035437.5,-41.33085
423035500.0,-41.32085
423035562.5,-41.30925
423035625.0,-41.31359
423035687.5,-41.30478
423035750.0,-41.30786
423035812.5,-41.30348
423035875.0,-41.28638
423035937.5,-41.28381
423036000.0,-41.26824
423036062.5,-41.26818
423036125.0,-41.27111
423036187.5,-41.25147
423036250.0,-41.24002
423036312.5,-41.23987
423036375.0,-41.23455
423036437.5,-41.21893
423036500.0,-41.22715
423036562.5,-41.22171
423036625.0,-41.19633
423036687.5,-41.2122
423036750.0,-41.21561
423036812.5,-41.20266
423036875.0,-41.18507
423036937.5,-41.18645
423037000.0,-41.17543
423037062.5,-41.15929
423037125.0,-41.16003
423037187.5,-41.14771
423037250.0,-41.13527
423037312.5,-41.13305
423037375.0,-41.13474
423037437.5,-41.12951
423037500.0,-41.13069
423037562.5,-41.11364
423037625.0,-41.10468
423037687.5,-41.1114
423037750.0,-41.11481
423037812.5,-41.08111
423037875.0,-41.08461
423037937.5,-41.06313
423038000.0,-41.06352
423038062.5,-41.062
423038125.0,-41.05454
423038187.5,-41.03363
423038250.0,-41.04393
423038312.5,-41.05049
423038375.0,-41.02946
423038437.5,-41.00573
423038500.0,-41.0086
423038562.5,-41.0077
423038625.0,-40.99916
423038687.5,-41.01355
423038750.0,-41.00129
423038812.5,-40.97031
423038875.0,-40.97554
423038937.5,-40.98972
423039000.0,-40.96548
423039062.5,-40.96726
423039125.0,-40.94824
423039187.5,-40.95126
423039250.0,-40.93104
423039312.5,-40.93678
423039375.0,-40.93321
423039437.5,-40.93183
423039500.0,-40.90796
423039562.5,-40.91713
423039625.0,-40.90129
423039687.5,-40.90911
423039750.0,-40.88464
423039812.5,-40.88938
423039875.0,-40.88331
423039937.5,-40.87778
423040000.0,-40.8745
423040062.5,-40.86431
423040125.0,-40.85918
423040187.5,-40.84902
423040250.0,-40.82906
423040312.5,-40.83964
423040375.0,-40.81374
423040437.5,-40.82244
423040500.0,-40.80425
423040562.5,-40.8036
423040625.0,-40.79805
423040687.5,-40.79362
423040750.0,-40.77605
423040812.5,-40.76904
423040875.0,-40.76354
423040937.5,-40.76336
423041000.0,-40.7649
423041062.5,-40.75799
423041125.0,-40.7486
423041187.5,-40.73062
423041250.0,-40.72939
423041312.5,-40.7225
423041375.0,-40.72233
423041437.5,-40.71326
423041500.0,-40.7135
423041562.5,-40.69353
423041625.0,-40.68929
423041687.5,-40.69074
423041750.0,-40.68083
423041812.5,-40.67131
423041875.0,-40.66927
423041937.5,-40.6544
423042000.0,-40.63831
423042062.5,-40.64658
423042125.0,-40.63496
423042187.5,-40.62564
423042250.0,-40.62028
423042312.5,-40.61705
423042375.0,-40.62078
423042437.5,-40.60262
423042500.0,-40.5811
423042562.5,-40.60188
423042625.0,-40.58428
423042687.5,-40.56476
423042750.0,-40.57505
423042812.5,-40.57726
423042875.0,-40.54861
423042937.5,-40.5423
423043000.0,-40.5414
423043062.5,-40.543
423043125.0,-40.53574
423043187.5,-40.50881
423043250.0,-40.52431
423043312.5,-40.51419
423043375.0,-40.49698
423043437.5,-40.48814
423043500.0,-40.49205
423043562.5,-40.49203
423043625.0,-40.4732
423043687.5,-40.47094
423043750.0,-40.46255
423043812.5,-40.45432
423043875.0,-40.44887
423043937.5,-40.43468
423044000.0,-40.43813
423044062.5,-40.43286
423044125.0,-40.41933
423044187.5,-40.41616
423044250.0,-40.40486
423044312.5,-40.39808
423044375.0,-40.40043
423044437.5,-40.39912
423044500.0,-40.38545
423044562.5,-40.36804
423044625.0,-40.36231
423044687.5,-40.3662
423044750.0,-40.34609
423044812.5,-40.34242
423044875.0,-40.33071
423044937.5,-40.35277
423045000.0,-40.32944
423045062.5,-40.31479
423045125.0,-40.30926
423045187.5,-40.30083
423045250.0,-40.29404
423045312.5,-40.29197
423045375.0,-40.28066
423045437.5,-40.27295
423045500.0,-40.26333
423045562.5,-40.26303
423045625.0,-40.25935
423045687.5,-40.23925
423045750.0,-40.23991
423045812.5,-40.2343
423045875.0,-40.22542
423045937.5,-40.22351
423046000.0,-40.207
423046062.5,-40.21002
423046125.0,-40.19366
423046187.5,-40.19593
423046250.0,-40.1848
423046312.5,-40.18634
423046375.0,-40.16997
423046437.5,-40.16206
423046500.0,-40.16154
423046562.5,-40.1496
423046625.0,-40.1367
423046687.5,-40.13018
423046750.0,-40.13775
423046812.5,-40.11641
423046875.0,-40.11843
423046937.5,-40.09786
423047000.0,-40.10548
423047062.5,-40.09524
423047125.0,-40.08867
423047187.5,-40.07467
423047250.0,-40.07936
423047312.5,-40.05181
423047375.0,-40.06536
423047437.5,-40.05669
423047500.0,-40.0525
423047562.5,-40.0265
423047625.0,-40.02392
423047687.5,-40.03272
423047750.0,-40.01007
423047812.5,-40.00487
423047875.0,-39.99958
423047937.5,-39.98751
423048000.0,-39.99295
423048062.5,-39.97398
423048125.0,-39.97447
423048187.5,-39.96175
423048250.0,-39.95847
423048312.5,-39.9366
423048375.0,-39.94288
423048437.5,-39.93369
423048500.0,-39.93324
423048562.5,-39.92289
423048625.0,-39.92119
423048687.5,-39.9055
423048750.0,-39.90932
423048812.5,-39.89493
423048875.0,-39.88245
423048937.5,-39.87783
423049000.0,-39.85985
423049062.5,-39.85562
423049125.0,-39.84811
423049187.5,-39.84186
423049250.0,-39.84538
423049312.5,-39.84203
423049375.0,-39.81992
423049437.5,-39.82148
423049500.0,-39.8037
423049562.5,-39.80483
423049625.0,-39.7971
423049687.5,-39.78563
423049750.0,-39.77909
423049812.5,-39.76558
423049875.0,-39.7592
423049937.5,-39.75784
423050000.0,-39.76367
423050062.5,-39.74721
423050125.0,-39.74875
423050187.5,-39.72506
423050250.0,-39.71766
423050312.5,-39.71018
423050375.0,-39.70615
423050437.5,-39.70801
423050500.0,-39.68863
423050562.5,-39.68368
423050625.0,-39.67806
423050687.5,-39.66081
423050750.0,-39.65859
423050812.5,-39.66659
423050875.0,-39.64515
423050937.5,-39.6392
423051000.0,-39.62055
423051062.5,-39.62578
423051125.0,-39.62222
423051187.5,-39.61761
423051250.0,-39.60035
423051312.5,-39.60596
423051375.0,-39.58392
423051437.5,-39.57866
423051500.0,-39.57081
423051562.5,-39.56728
423051625.0,-39.56047
423051687.5,-39.54985
423051750.0,-39.54019
423051812.5,-39.54063
423051875.0,-39.53035
423051937.5,-39.52102
423052000.0,-39.51443
423052062.5,-39.51398
423052125.0,-39.49789
423052187.5,-39.48319
423052250.0,-39.48176
423052312.5,-39.46484
423052375.0,-39.45975
423052437.5,-39.45891
423052500.0,-39.44309
423052562.5,-39.44587
423052625.0,-39.4421
423052687.5,-39.43216
423052750.0,-39.42132
423052812.5,-39.41685
423052875.0,-39.41271
423052937.5,-39.40643
423053000.0,-39.39625
423053062.5,-39.38865
423053125.0,-39.37027
423053187.5,-39.36897
423053250.0,-39.36235
423053312.5,-39.35196
423053375.0,-39.34216
423053437.5,-39.3473
423053500.0,-39.3227
423053562.5,-39.32358
423053625.0,-39.31093
423053687.5,-39.30948
423053750.0,-39.28628
423053812.5,-39.29417
423053875.0,-39.28616
423053937.5,-39.27471
423054000.0,-39.26685
423054062.5,-39.26085
423054125.0,-39.2537
423054187.5,-39.24783
423054250.0,-39.23611
423054312.5,-39.22749
423054375.0,-39.22558
423054437.5,-39.21763
423054500.0,-39.20269
423054562.5,-39.20367
423054625.0,-39.18954
423054687.5,-39.1896
423054750.0,-39.17641
423054812.5,-39.17125
423054875.0,-39.16436
423054937.5,-39.15078
423055000.0,-39.14452
423055062.5,-39.1422
423055125.0,-39.12944
423055187.5,-39.12425
423055250.0,-39.10994
423055312.5,-39.11235
423055375.0,-39.10007
423055437.5,-39.08858
423055500.0,-39.08141
423055562.5,-39.07554
423055625.0,-39.06575
423055687.5,-39.05881
423055750.0,-39.05157
423055812.5,-39.03298
423055875.0,-39.03132
423055937.5,-39.02458
423056000.0,-39.00858
423056062.5,-39.00465
423056125.0,-39.00344
423056187.5,-38.98839
423056250.0,-38.98458
423056312.5,-38.97902
423056375.0,-38.96713
423056437.5,-38.95963
423056500.0,-38.94141
423056562.5,-38.95418
423056625.0,-38.93034
423056687.5,-38.93056
423056750.0,-38.91497
423056812.5,-38.91441
423056875.0,-38.90702
423056937.5,-38.90032
423057000.0,-38.88801
423057062.5,-38.86317
423057125.0,-38.87104
423057187.5,-38.87361
423057250.0,-38.86267
423057312.5,-38.8416
423057375.0,-38.83634
423057437.5,-38.82323
423057500.0,-38.82551
423057562.5,-38.82055
423057625.0,-38.80808
423057687.5,-38.7965
423057750.0,-38.80237
423057812.5,-38.78102
423057875.0,-38.77647
423057937.5,-38.77094
423058000.0,-38.76274
423058062.5,-38.75519
423058125.0,-38.73882
423058187.5,-38.73928
423058250.0,-38.73458
423058312.5,-38.71854
423058375.0,-38.70931
423058437.5,-38.70306
423058500.0,-38.70238
423058562.5,-38.68879
423058625.0,-38.67986
423058687.5,-38.66327
423058750.0,-38.66877
423058812.5,-38.65322
423058875.0,-38.64103
423058937.5,-38.63995
423059000.0,-38.62249
423059062.5,-38.62043
423059125.0,-38.61364
423059187.5,-38.60092
423059250.0,-38.59523
423059312.5,-38.59132
423059375.0,-38.57935
423059437.5,-38.56306
423059500.0,-38.5634
423059562.5,-38.55974
423059625.0,-38.54235
423059687.5,-38.54013
423059750.0,-38.52944
423059812.5,-38.53196
423059875.0,-38.51153
423059937.5,-38.50495
423060000.0,-38.50432
423060062.5,-38.48461
423060125.0,-38.48402
423060187.5,-38.47265
423060250.0,-38.46057
423060312.5,-38.46102
423060375.0,-38.45226
423060437.5,-38.44057
423060500.0,-38.43238
423060562.5,-38.41236
423060625.0,-38.40894
423060687.5,-38.40959
423060750.0,-38.40021
423060812.5,-38.38013
423060875.0,-38.39265
423060937.5,-38.37287
423061000.0,-38.35967
423061062.5,-38.35423
423061125.0,-38.34139
423061187.5,-38.33758
423061250.0,-38.33146
423061312.5,-38.31413
423061375.0,-38.31646
423061437.5,-38.30029
423061500.0,-38.29893
423061562.5,-38.28139
423061625.0,-38.27438
423061687.5,-38.27462
423061750.0,-38.26408
423061812.5,-38.25406
423061875.0,-38.25916
423061937.5,-38.23428
423062000.0,-38.21598
423062062.5,-38.22466
423062125.0,-38.21703
423062187.5,-38.20686
423062250.0,-38.1903
423062312.5,-38.18573
423062375.0,-38.18048
423062437.5,-38.17726
423062500.0,-38.1568
423062562.5,-38.14866
423062625.0,-38.13903
423062687.5,-38.13414
423062750.0,-38.12286
423062812.5,-38.12036
423062875.0,-38.1032
423062937.5,-38.09621
423063000.0,-38.08566
423063062.5,-38.08013
423063125.0,-38.07709
423063187.5,-38.06787
423063250.0,-38.04856
423063312.5,-38.04332
423063375.0,-38.03157
423063437.5,-38.02892
423063500.0,-38.01896
423063562.5,-38.0159
423063625.0,-38.00652
423063687.5,-37.99713
423063750.0,-37.9887
423063812.5,-37.97887
423063875.0,-37.97321
423063937.5,-37.95228
423064000.0,-37.95883
423064062.5,-37.94118
423064125.0,-37.94521
423064187.5,-37.91218
423064250.0,-37.91442
423064312.5,-37.90417
423064375.0,-37.89848
423064437.5,-37.89637
423064500.0,-37.88617
423064562.5,-37.86626
423064625.0,-37.86398
423064687.5,-37.85011
423064750.0,-37.83622
423064812.5,-37.8374
423064875.0,-37.83133
423064937.5,-37.81388
423065000.0,-37.81123
423065062.5,-37.80256
423065125.0,-37.7881
423065187.5,-37.77684
423065250.0,-37.7697
423065312.5,-37.76165
423065375.0,-37.74672
423065437.5,-37.74872
423065500.0,-37.74373
423065562.5,-37.72718
423065625.0,-37.72969
423065687.5,-37.70317
423065750.0,-37.70586
423065812.5,-37.69343
423065875.0,-37.68484
423065937.5,-37.68125
423066000.0,-37.66793
423066062.5,-37.66742
423066125.0,-37.65066
423066187.5,-37.63749
423066250.0,-37.63585
423066312.5,-37.62128
423066375.0,-37.61511
423066437.5,-37.60229
423066500.0,-37.59445
423066562.5,-37.593
423066625.0,-37.58311
423066687.5,-37.55823
423066750.0,-37.55968
423066812.5,-37.55766
423066875.0,-37.5393
423066937.5,-37.53059
423067000.0,-37.52362
423067062.5,-37.5177
423067125.0,-37.50174
423067187.5,-37.5022
423067250.0,-37.48314
423067312.5,-37.48796
423067375.0,-37.46661
423067437.5,-37.46189
423067500.0,-37.44426
423067562.5,-37.43512
423067625.0,-37.43607
423067687.5,-37.42585
423067750.0,-37.40828
423067812.5,-37.41311
423067875.0,-37.3942
423067937.5,-37.37933
423068000.0,-37.37662
423068062.5,-37.36407
423068125.0,-37.36013
423068187.5,-37.34281
423068250.0,-37.34335
423068312.5,-37.3323
423068375.0,-37.32319
423068437.5,-37.30815
423068500.0,-37.3087
423068562.5,-37.28682
423068625.0,-37.28306
423068687.5,-37.27583
423068750.0,-37.27032
423068812.5,-37.25702
423068875.0,-37.24655
423068937.5,-37.24064
423069000.0,-37.22398
423069062.5,-37.22453
423069125.0,-37.20966
423069187.5,-37.19742
423069250.0,-37.18574
423069312.5,-37.18623
423069375.0,-37.16434
423069437.5,-37.16693
423069500.0,-37.15197
423069562.5,-37.15314
423069625.0,-37.13057
423069687.5,-37.12617
423069750.0,-37.11488
423069812.5,-37.10196
423069875.0,-37.10941
423069937.5,-37.08438
423070000.0,-37.0883
423070062.5,-37.06405
423070125.0,-37.06011
423070187.5,-37.04569
423070250.0,-37.03275
423070312.5,-37.03518
423070375.0,-37.01442
423070437.5,-37.00941
423070500.0,-36.98737
423070562.5,-36.99471
423070625.0,-36.97269
423070687.5,-36.97076
423070750.0,-36.96152
423070812.5,-36.95885
423070875.0,-36.93691
423070937.5,-36.94101
423071000.0,-36.91809
423071062.5,-36.91595
423071125.0,-36.9051
423071187.5,-36.89876
423071250.0,-36.8839
423071312.5,-36.87792
423071375.0,-36.86974
423071437.5,-36.85668
423071500.0,-36.8489
423071562.5,-36.83617
423071625.0,-36.82438
423071687.5,-36.82132
423071750.0,-36.80848
423071812.5,-36.80065
423071875.0,-36.79427
423071937.5,-36.78798
423072000.0,-36.77864
423072062.5,-36.76287
423072125.0,-36.75887
423072187.5,-36.74159
423072250.0,-36.73576
423072312.5,-36.72033
423072375.0,-36.71212
423072437.5,-36.69989
423072500.0,-36.69828
423072562.5,-36.68007
423072625.0,-36.67136
423072687.5,-36.67447
423072750.0,-36.64983
423072812.5,-36.64445
423072875.0,-36.63647
423072937.5,-36.62002
423073000.0,-36.61177
423073062.5,-36.60899
423073125.0,-36.5972
423073187.5,-36.59017
423073250.0,-36.57801
423073312.5,-36.5659
423073375.0,-36.5512
423073437.5,-36.55241
423073500.0,-36.53806
423073562.5,-36.52168
423073625.0,-36.5094
423073687.5,-36.50558
423073750.0,-36.49501
423073812.5,-36.48219
423073875.0,-36.47512
423073937.5,-36.47029
423074000.0,-36.44868
423074062.5,-36.44752
423074125.0,-36.43986
423074187.5,-36.42652
423074250.0,-36.41537
423074312.5,-36.41115
423074375.0,-36.39213
423074437.5,-36.38032
423074500.0,-36.37062
423074562.5,-36.37332
423074625.0,-36.35775
423074687.5,-36.34734
423074750.0,-36.3279
423074812.5,-36.33224
423074875.0,-36.31678
423074937.5,-36.31168
423075000.0,-36.30031
423075062.5,-36.29055
423075125.0,-36.27415
423075187.5,-36.26917
423075250.0,-36.25047
423075312.5,-36.24723
423075375.0,-36.23628
423075437.5,-36.22147
423075500.0,-36.21984
423075562.5,-36.20853
423075625.0,-36.1913
423075687.5,-36.1767
423075750.0,-36.17256
423075812.5,-36.16869
423075875.0,-36.16206
423075937.5,-36.14792
423076000.0,-36.13278
423076062.5,-36.12554
423076125.0,-36.1132
423076187.5,-36.10645
423076250.0,-36.09039
423076312.5,-36.09045
423076375.0,-36.07713
423076437.5,-36.0692
423076500.0,-36.05553
423076562.5,-36.04856
423076625.0,-36.03613
423076687.5,-36.02574
423076750.0,-36.0159
423076812.5,-36.00484
423076875.0,-35.99604
423076937.5,-35.97944
423077000.0,-35.96964
423077062.5,-35.95142
423077125.0,-35.94883
423077187.5,-35.92999
423077250.0,-35.93222
423077312.5,-35.91969
423077375.0,-35.91394
423077437.5,-35.90072
423077500.0,-35.87873
423077562.5,-35.88103
423077625.0,-35.86874
423077687.5,-35.85971
423077750.0,-35.84944
423077812.5,-35.83835
423077875.0,-35.8236
423077937.5,-35.81993
423078000.0,-35.81034
423078062.5,-35.79273
423078125.0,-35.78078
423078187.5,-35.772
423078250.0,-35.76354
423078312.5,-35.75518
423078375.0,-35.73967
423078437.5,-35.72878
423078500.0,-35.71979
423078562.5,-35.71903
423078625.0,-35.70471
423078687.5,-35.69558
423078750.0,-35.68236
423078812.5,-35.66544
423078875.0,-35.66236
423078937.5,-35.64836
423079000.0,-35.63733
423079062.5,-35.62739
423079125.0,-35.61903
423079187.5,-35.59901
423079250.0,-35.59907
423079312.5,-35.58125
423079375.0,-35.57949
423079437.5,-35.5617
423079500.0,-35.55673
423079562.5,-35.54292
423079625.0,-35.53658
423079687.5,-35.52103
423079750.0,-35.51498
423079812.5,-35.4991
423079875.0,-35.48521
423079937.5,-35.48225
423080000.0,-35.46617
423080062.5,-35.45186
423080125.0,-35.44405
423080187.5,-35.43758
423080250.0,-35.42997
423080312.5,-35.40853
423080375.0,-35.3959
423080437.5,-35.38938
423080500.0,-35.38414
423080562.5,-35.37404
423080625.0,-35.35907
423080687.5,-35.34996
423080750.0,-35.33831
423080812.5,-35.33168
423080875.0,-35.31874
423080937.5,-35.30445
423081000.0,-35.2979
423081062.5,-35.28903
423081125.0,-35.27522
423081187.5,-35.25932
423081250.0,-35.24853
423081312.5,-35.23446
423081375.0,-35.22526
423081437.5,-35.21825
423081500.0,-35.20537
423081562.5,-35.1949
423081625.0,-35.19344
423081687.5,-35.17956
423081750.0,-35.17068
423081812.5,-35.15022
423081875.0,-35.14274
423081937.5,-35.13457
423082000.0,-35.12042
423082062.5,-35.11391
423082125.0,-35.10209
423082187.5,-35.09058
423082250.0,-35.07697
423082312.5,-35.07149
423082375.0,-35.0554
423082437.5,-35.04371
423082500.0,-35.02894
423082562.5,-35.01892
423082625.0,-35.01252
423082687.5,-34.996
423082750.0,-34.99109
423082812.5,-34.97808
423082875.0,-34.96519
423082937.5,-34.95496
423083000.0,-34.94547
423083062.5,-34.9319
423083125.0,-34.9182
423083187.5,-34.91231
423083250.0,-34.90549
423083312.5,-34.88972
423083375.0,-34.88251
423083437.5,-34.86513
423083500.0,-34.85858
423083562.5,-34.84338
423083625.0,-34.83701
423083687.5,-34.82719
423083750.0,-34.81225
423083812.5,-34.80401
423083875.0,-34.79391
423083937.5,-34.77955
423084000.0,-34.77187
423084062.5,-34.75362
423084125.0,-34.74566
423084187.5,-34.73562
423084250.0,-34.72805
423084312.5,-34.70834
423084375.0,-34.70224
423084437.5,-34.69309
423084500.0,-34.68313
423084562.5,-34.6678
423084625.0,-34.65945
423084687.5,-34.64354
423084750.0,-34.62862
423084812.5,-34.62913
423084875.0,-34.60653
423084937.5,-34.60151
423085000.0,-34.5939
423085062.5,-34.57388
423085125.0,-34.57489
423085187.5,-34.56224
423085250.0,-34.54684
423085312.5,-34.53494
423085375.0,-34.5206
423085437.5,-34.50729
423085500.0,-34.50312
423085562.5,-34.48246
423085625.0,-34.47857
423085687.5,-34.4668
423085750.0,-34.4545
423085812.5,-34.44153
423085875.0,-34.43113
423085937.5,-34.42107
423086000.0,-34.41119
423086062.5,-34.40177
423086125.0,-34.38388
423086187.5,-34.37695
423086250.0,-34.36643
423086312.5,-34.35135
423086375.0,-34.342
423086437.5,-34.32827
423086500.0,-34.31856
423086562.5,-34.30672
423086625.0,-34.29911
423086687.5,-34.29243
423086750.0,-34.27923
423086812.5,-34.26735
423086875.0,-34.24988
423086937.5,-34.24147
423087000.0,-34.23046
423087062.5,-34.22132
423087125.0,-34.20283
423087187.5,-34.19896
423087250.0,-34.18241
423087312.5,-34.17007
423087375.0,-34.16178
423087437.5,-34.14889
423087500.0,-34.1368
423087562.5,-34.12233
423087625.0,-34.1144
423087687.5,-34.10093
423087750.0,-34.09249
423087812.5,-34.08124
423087875.0,-34.06069
423087937.5,-34.04947
423088000.0,-34.04475
423088062.5,-34.02592
423088125.0,-34.01662
423088187.5,-34.00805
423088250.0,-33.99456
423088312.5,-33.98501
423088375.0,-33.97806
423088437.5,-33.96923
423088500.0,-33.95304
423088562.5,-33.949
423088625.0,-33.93087
423088687.5,-33.92226
423088750.0,-33.90617
423088812.5,-33.8936
423088875.0,-33.88851
423088937.5,-33.8779
423089000.0,-33.86093
423089062.5,-33.85306
423089125.0,-33.84179
423089187.5,-33.82105
423089250.0,-33.81012
423089312.5,-33.80394
423089375.0,-33.78779
423089437.5,-33.77688
423089500.0,-33.76592
423089562.5,-33.75322
423089625.0,-33.74872
423089687.5,-33.73223
423089750.0,-33.72694
423089812.5,-33.70428
423089875.0,-33.70282
423089937.5,-33.68359
423090000.0,-33.67506
423090062.5,-33.66517
423090125.0,-33.6489
423090187.5,-33.64667
423090250.0,-33.62737
423090312.5,-33.62051
423090375.0,-33.61115
423090437.5,-33.59503
423090500.0,-33.58145
423090562.5,-33.57275
423090625.0,-33.5617
423090687.5,-33.55074
423090750.0,-33.53986
423090812.5,-33.5265
423090875.0,-33.51736
423090937.5,-33.50325
423091000.0,-33.49214
423091062.5,-33.48349
423091125.0,-33.47259
423091187.5,-33.45818
423091250.0,-33.44709
423091312.5,-33.43556
423091375.0,-33.42344
423091437.5,-33.41191
423091500.0,-33.40219
423091562.5,-33.38818
423091625.0,-33.38323
423091687.5,-33.36022
423091750.0,-33.35278
423091812.5,-33.33492
423091875.0,-33.33168
423091937.5,-33.31506
423092000.0,-33.3051
423092062.5,-33.29106
423092125.0,-33.28043
423092187.5,-33.27211
423092250.0,-33.26023
423092312.5,-33.24375
423092375.0,-33.23848
423092437.5,-33.22662
423092500.0,-33.21228
423092562.5,-33.20457
423092625.0,-33.18906
423092687.5,-33.17988
423092750.0,-33.16558
423092812.5,-33.14953
423092875.0,-33.15104
423092937.5,-33.12757
423093000.0,-33.11538
423093062.5,-33.10562
423093125.0,-33.09816
423093187.5,-33.08308
423093250.0,-33.07047
423093312.5,-33.0563
423093375.0,-33.05448
423093437.5,-33.04586
423093500.0,-33.02796
423093562.5,-33.01135
423093625.0,-33.00552
423093687.5,-32.99716
423093750.0,-32.9836
423093812.5,-32.96669
423093875.0,-32.96231
423093937.5,-32.949
423094000.0,-32.93405
423094062.5,-32.92488
423094125.0,-32.91294
423094187.5,-32.89906
423094250.0,-32.89381
423094312.5,-32.87913
423094375.0,-32.86884
423094437.5,-32.85648
423094500.0,-32.84298
423094562.5,-32.83306
423094625.0,-32.8189
423094687.5,-32.80853
423094750.0,-32.80041
423094812.5,-32.78016
423094875.0,-32.77679
423094937.5,-32.76979
423095000.0,-32.7564
423095062.5,-32.74066
423095125.0,-32.72576
423095187.5,-32.71493
423095250.0,-32.7077
423095312.5,-32.69069
423095375.0,-32.68264
423095437.5,-32.67279
423095500.0,-32.66158
423095562.5,-32.64202
423095625.0,-32.63281
423095687.5,-32.62567
423095750.0,-32.61227
423095812.5,-32.60546
423095875.0,-32.58775
423095937.5,-32.57832
423096000.0,-32.5673
423096062.5,-32.55758
423096125.0,-32.54823
423096187.5,-32.53605
423096250.0,-32.52138
423096312.5,-32.50924
423096375.0,-32.50136
423096437.5,-32.49109
423096500.0,-32.48097
423096562.5,-32.46771
423096625.0,-32.45967
423096687.5,-32.4446
423096750.0,-32.42976
423096812.5,-32.42128
423096875.0,-32.41295
423096937.5,-32.39895
423097000.0,-32.38382
423097062.5,-32.37556
423097125.0,-32.36681
423097187.5,-32.3572
423097250.0,-32.3474
423097312.5,-32.3329
423097375.0,-32.3248
423097437.5,-32.31201
423097500.0,-32.30199
423097562.5,-32.29545
423097625.0,-32.2803
423097687.5,-32.27005
423097750.0,-32.25525
423097812.5,-32.24283
423097875.0,-32.23108
423097937.5,-32.22409
423098000.0,-32.20731
423098062.5,-32.20127
423098125.0,-32.19056
423098187.5,-32.1744
423098250.0,-32.16675
423098312.5,-32.15918
423098375.0,-32.14806
423098437.5,-32.14032
423098500.0,-32.12528
423098562.5,-32.11375
423098625.0,-32.10472
423098687.5,-32.09444
423098750.0,-32.07861
423098812.5,-32.06706
423098875.0,-32.05636
423098937.5,-32.04588
423099000.0,-32.03571
423099062.5,-32.02378
423099125.0,-32.01068
423099187.5,-32.00077
423099250.0,-31.99392
423099312.5,-31.97624
423099375.0,-31.9685
423099437.5,-31.96138
423099500.0,-31.94905
423099562.5,-31.94043
423099625.0,-31.93041
423099687.5,-31.91561
423099750.0,-31.90775
423099812.5,-31.89756
423099875.0,-31.88507
423099937.5,-31.87601
423100000.0,-31.86434
423100062.5,-31.8509
423100125.0,-31.84512
423100187.5,-31.82964
423100250.0,-31.81565
423100312.5,-31.80621
423100375.0,-31.79753
423100437.5,-31.78538
423100500.0,-31.77663
423100562.5,-31.76546
423100625.0,-31.76225
423100687.5,-31.74205
423100750.0,-31.73549
423100812.5,-31.72536
423100875.0,-31.71819
423100937.5,-31.70263
423101000.0,-31.69054
423101062.5,-31.67992
423101125.0,-31.67319
423101187.5,-31.66438
423101250.0,-31.64921
423101312.5,-31.64632
423101375.0,-31.62793
423101437.5,-31.61744
423101500.0,-31.61052
423101562.5,-31.60625
423101625.0,-31.58563
423101687.5,-31.58263
423101750.0,-31.57283
423101812.5,-31.56736
423101875.0,-31.55185
423101937.5,-31.5408
423102000.0,-31.53759
423102062.5,-31.52368
423102125.0,-31.51779
423102187.5,-31.50268
423102250.0,-31.49085
423102312.5,-31.4811
423102375.0,-31.47484
423102437.5,-31.46474
423102500.0,-31.45489
423102562.5,-31.44363
423102625.0,-31.42812
423102687.5,-31.4228
423102750.0,-31.41574
423102812.5,-31.41009
423102875.0,-31.39331
423102937.5,-31.38142
423103000.0,-31.37
423103062.5,-31.36761
423103125.0,-31.35514
423103187.5,-31.34542
423103250.0,-31.3331
423103312.5,-31.32657
423103375.0,-31.31245
423103437.5,-31.31013
423103500.0,-31.30089
423103562.5,-31.29095
423103625.0,-31.28247
423103687.5,-31.27285
423103750.0,-31.25967
423103812.5,-31.24954
423103875.0,-31.24504
423103937.5,-31.23551
423104000.0,-31.22675
423104062.5,-31.21558
423104125.0,-31.20993
423104187.5,-31.19509
423104250.0,-31.19477
423104312.5,-31.18116
423104375.0,-31.16952
423104437.5,-31.16181
423104500.0,-31.15514
423104562.5,-31.14198
423104625.0,-31.13213
423104687.5,-31.12874
423104750.0,-31.12029
423104812.5,-31.113
423104875.0,-31.09653
423104937.5,-31.09313
423105000.0,-31.08602
423105062.5,-31.07708
423105125.0,-31.06946
423105187.5,-31.0614
423105250.0,-31.0535
423105312.5,-31.0479
423105375.0,-31.04082
423105437.5,-31.02741
423105500.0,-31.01958
423105562.5,-31.00921
423105625.0,-30.99924
423105687.5,-30.99272
423105750.0,-30.9862
423105812.5,-30.9774
423105875.0,-30.96939
423105937.5,-30.96446
423106000.0,-30.9529
423106062.5,-30.94607
423106125.0,-30.93913
423106187.5,-30.93469
423106250.0,-30.92465
423106312.5,-30.91803
423106375.0,-30.90797
423106437.5,-30.89482
423106500.0,-30.89285
423106562.5,-30.88744
423106625.0,-30.87562
423106687.5,-30.87287
423106750.0,-30.86189
423106812.5,-30.85472
423106875.0,-30.84616
423106937.5,-30.84107
423107000.0,-30.83099
423107062.5,-30.82128
423107125.0,-30.81711
423107187.5,-30.81009
423107250.0,-30.80457
423107312.5,-30.79799
423107375.0,-30.78716
423107437.5,-30.77984
423107500.0,-30.77984
423107562.5,-30.77036
423107625.0,-30.75931
423107687.5,-30.75952
423107750.0,-30.75287
423107812.5,-30.73784
423107875.0,-30.73228
423107937.5,-30.72944
423108000.0,-30.72001
423108062.5,-30.71593
423108125.0,-30.70735
423108187.5,-30.70353
423108250.0,-30.69621
423108312.5,-30.68913
423108375.0,-30.67879
423108437.5,-30.67481
423108500.0,-30.67051
423108562.5,-30.66908
423108625.0,-30.66045
423108687.5,-30.65416
423108750.0,-30.65035
423108812.5,-30.64218
423108875.0,-30.63929
423108937.5,-30.62901
423109000.0,-30.62599
423109062.5,-30.62034
423109125.0,-30.61383
423109187.5,-30.60596
423109250.0,-30.60018
423109312.5,-30.5975
423109375.0,-30.58786
423109437.5,-30.58681
423109500.0,-30.58022
423109562.5,-30.58047
423109625.0,-30.56832
423109687.5,-30.56078
423109750.0,-30.55613
423109812.5,-30.55627
423109875.0,-30.55026
423109937.5,-30.5458
423110000.0,-30.53887
423110062.5,-30.53071
423110125.0,-30.52291
423110187.5,-30.52215
423110250.0,-30.52028
423110312.5,-30.51235
423110375.0,-30.50709
423110437.5,-30.50459
423110500.0,-30.4991
423110562.5,-30.49546
423110625.0,-30.49589
423110687.5,-30.48525
423110750.0,-30.48746
423110812.5,-30.47919
423110875.0,-30.47315
423110937.5,-30.47024
423111000.0,-30.46636
423111062.5,-30.46005
423111125.0,-30.45926
423111187.5,-30.45244
423111250.0,-30.44895
423111312.5,-30.44547
423111375.0,-30.44401
423111437.5,-30.43809
423111500.0,-30.43674
423111562.5,-30.43095
423111625.0,-30.42611
423111687.5,-30.42225
423111750.0,-30.42442
423111812.5,-30.41896
423111875.0,-30.41561
423111937.5,-30.40894
423112000.0,-30.40551
423112062.5,-30.40531
423112125.0,-30.40098
423112187.5,-30.39831
423112250.0,-30.39391
423112312.5,-30.39583
423112375.0,-30.3895
423112437.5,-30.38143
423112500.0,-30.38324
423112562.5,-30.38268
423112625.0,-30.37758
423112687.5,-30.37982
423112750.0,-30.37555
423112812.5,-30.37353
423112875.0,-30.36707
423112937.5,-30.36841
423113000.0,-30.36612
423113062.5,-30.36165
423113125.0,-30.359
423113187.5,-30.36161
423113250.0,-30.35533
423113312.5,-30.3581
423113375.0,-30.35714
423113437.5,-30.35169
423113500.0,-30.34846
423113562.5,-30.34675
423113625.0,-30.34444
423113687.5,-30.34279
423113750.0,-30.34019
423113812.5,-30.34059
423113875.0,-30.34479
423113937.5,-30.3374
423114000.0,-30.33724
423114062.5,-30.33756
423114125.0,-30.33343
423114187.5,-30.33695
423114250.0,-30.3356
423114312.5,-30.33028
423114375.0,-30.33201
423114437.5,-30.33185
423114500.0,-30.32908
423114562.5,-30.32839
423114625.0,-30.32634
423114687.5,-30.32877
423114750.0,-30.32475
423114812.5,-30.32877
423114875.0,-30.32755
423114937.5,-30.32349
423115000.0,-30.32606
423115062.5,-30.32628
423115125.0,-30.3287
423115187.5,-30.32508
423115250.0,-30.32512
423115312.5,-30.32438
423115375.0,-30.32311
423115437.5,-30.32609
423115500.0,-30.32615
423115562.5,-30.32438
423115625.0,-30.32939
423115687.5,-30.32707
423115750.0,-30.32411
423115812.5,-30.3292
423115875.0,-30.32702
423115937.5,-30.32947
423116000.0,-30.32845
423116062.5,-30.33191
423116125.0,-30.32692
423116187.5,-30.33045
423116250.0,-30.33353
423116312.5,-30.33004
423116375.0,-30.33564
423116437.5,-30.33217
423116500.0,-30.33544
423116562.5,-30.34287
423116625.0,-30.336
423116687.5,-30.34429
423116750.0,-30.34075
423116812.5,-30.34696
423116875.0,-30.34558
423116937.5,-30.34526
423117000.0,-30.34603
423117062.5,-30.3504
423117125.0,-30.35125
423117187.5,-30.35507
423117250.0,-30.35542
423117312.5,-30.36175
423117375.0,-30.35796
423117437.5,-30.3594
423117500.0,-30.3663
423117562.5,-30.36667
423117625.0,-30.36849
423117687.5,-30.37132
423117750.0,-30.36954
423117812.5,-30.37318
423117875.0,-30.38312
423117937.5,-30.38229
423118000.0,-30.3878
423118062.5,-30.38973
423118125.0,-30.38852
423118187.5,-30.3926
423118250.0,-30.395
423118312.5,-30.39501
423118375.0,-30.40227
423118437.5,-30.40392
423118500.0,-30.40347
423118562.5,-30.40771
423118625.0,-30.41255
423118687.5,-30.415
423118750.0,-30.41984
423118812.5,-30.42267
423118875.0,-30.42774
423118937.5,-30.42948
423119000.0,-30.43443
423119062.5,-30.43736
423119125.0,-30.44023
423119187.5,-30.44411
423119250.0,-30.44891
423119312.5,-30.45362
423119375.0,-30.45926
423119437.5,-30.45756
423119500.0,-30.46787
423119562.5,-30.46653
423119625.0,-30.47238
423119687.5,-30.47714
423119750.0,-30.48057
423119812.5,-30.48231
423119875.0,-30.48926
423119937.5,-30.49533
423120000.0,-30.50273
423120062.5,-30.5004
423120125.0,-30.50926
423120187.5,-30.5147
423120250.0,-30.51469
423120312.5,-30.5244
423120375.0,-30.52886
423120437.5,-30.53067
423120500.0,-30.53612
423120562.5,-30.54182
423120625.0,-30.54677
423120687.5,-30.5521
423120750.0,-30.55332
423120812.5,-30.56192
423120875.0,-30.57043
423120937.5,-30.57415
423121000.0,-30.57687
423121062.5,-30.58231
423121125.0,-30.58934
423121187.5,-30.59601
423121250.0,-30.60141
423121312.5,-30.60638
423121375.0,-30.61191
423121437.5,-30.62054
423121500.0,-30.62379
423121562.5,-30.62781
423121625.0,-30.6333
423121687.5,-30.64338
423121750.0,-30.64381
423121812.5,-30.65111
423121875.0,-30.65668
423121937.5,-30.66597
423122000.0,-30.66961
423122062.5,-30.68175
423122125.0,-30.68295
423122187.5,-30.68937
423122250.0,-30.69573
423122312.5,-30.70351
423122375.0,-30.70678
423122437.5,-30.71838
423122500.0,-30.71771
423122562.5,-30.7281
423122625.0,-30.7337
423122687.5,-30.74268
423122750.0,-30.74845
423122812.5,-30.7515
423122875.0,-30.75796
423122937.5,-30.77103
423123000.0,-30.77568
423123062.5,-30.78041
423123125.0,-30.78844
423123187.5,-30.79463
423123250.0,-30.80441
423123312.5,-30.80623
423123375.0,-30.81495
423123437.5,-30.82154
423123500.0,-30.82994
423123562.5,-30.84195
423123625.0,-30.84982
423123687.5,-30.85457
423123750.0,-30.86295
423123812.5,-30.87051
423123875.0,-30.87377
423123937.5,-30.88371
423124000.0,-30.89641
423124062.5,-30.90152
423124125.0,-30.90525
423124187.5,-30.9146
423124250.0,-30.92398
423124312.5,-30.93278
423124375.0,-30.939
423124437.5,-30.94833
423124500.0,-30.95183
423124562.5,-30.96379
423124625.0,-30.9758
423124687.5,-30.97554
423124750.0,-30.9852
423124812.5,-30.99509
423124875.0,-31.00164
423124937.5,-31.00755
423125000.0,-31.01838
423125062.5,-31.03125
423125125.0,-31.03675
423125187.5,-31.04357
423125250.0,-31.05159
423125312.5,-31.06623
423125375.0,-31.06907
423125437.5,-31.07709
423125500.0,-31.08101
423125562.5,-31.09649
423125625.0,-31.10034
423125687.5,-31.10999
423125750.0,-31.11933
423125812.5,-31.12745
423125875.0,-31.14149
423125937.5,-31.14645
423126000.0,-31.15087
423126062.5,-31.16426
423126125.0,-31.17193
423126187.5,-31.17786
423126250.0,-31.1841
423126312.5,-31.19223
423126375.0,-31.20159
423126437.5,-31.21123
423126500.0,-31.22176
423126562.5,-31.22625
423126625.0,-31.24297
423126687.5,-31.24974
423126750.0,-31.25717
423126812.5,-31.26754
423126875.0,-31.2779
423126937.5,-31.28754
423127000.0,-31.29737
423127062.5,-31.30721
423127125.0,-31.31458
423127187.5,-31.31918
423127250.0,-31.33628
423127312.5,-31.3427
423127375.0,-31.34961
423127437.5,-31.35908
423127500.0,-31.37355
423127562.5,-31.38684
423127625.0,-31.39239
423127687.5,-31.40004
423127750.0,-31.41003
423127812.5,-31.42078
423127875.0,-31.42389
423127937.5,-31.44174
423128000.0,-31.44742
423128062.5,-31.45864
423128125.0,-31.46969
423128187.5,-31.4739
423128250.0,-31.48854
423128312.5,-31.49942
423128375.0,-31.50682
423128437.5,-31.519
423128500.0,-31.52774
423128562.5,-31.5334
423128625.0,-31.54894
423128687.5,-31.5582
423128750.0,-31.56268
423128812.5,-31.57386
423128875.0,-31.58617
423128937.5,-31.59552
423129000.0,-31.60712
423129062.5,-31.61708
423129125.0,-31.62787
423129187.5,-31.63975
423129250.0,-31.64746
423129312.5,-31.6599
423129375.0,-31.67187
423129437.5,-31.67452
423129500.0,-31.68646
423129562.5,-31.69959
423129625.0,-31.71115
423129687.5,-31.7202
423129750.0,-31.72674
423129812.5,-31.73691
423129875.0,-31.75094
423129937.5,-31.76382
423130000.0,-31.77192
423130062.5,-31.78056
423130125.0,-31.79101
423130187.5,-31.80494
423130250.0,-31.81693
423130312.5,-31.82034
423130375.0,-31.83412
423130437.5,-31.84548
423130500.0,-31.85873
423130562.5,-31.86104
423130625.0,-31.87431
423130687.5,-31.88752
423130750.0,-31.89561
423130812.5,-31.91022
423130875.0,-31.92028
423130937.5,-31.92998
423131000.0,-31.9402
423131062.5,-31.94987
423131125.0,-31.9551
423131187.5,-31.96694
423131250.0,-31.9818
423131312.5,-31.9949
423131375.0,-32.00659
423131437.5,-32.02135
423131500.0,-32.02241
423131562.5,-32.04417
423131625.0,-32.04955
423131687.5,-32.05247
423131750.0,-32.06658
423131812.5,-32.0794
423131875.0,-32.08927
423131937.5,-32.09972
423132000.0,-32.11557
423132062.5,-32.12087
423132125.0,-32.13636
423132187.5,-32.14642
423132250.0,-32.15609
423132312.5,-32.16879
423132375.0,-32.18255
423132437.5,-32.19027
423132500.0,-32.20127
423132562.5,-32.21456
423132625.0,-32.22451
423132687.5,-32.23244
423132750.0,-32.25291
423132812.5,-32.25982
423132875.0,-32.26898
423132937.5,-32.27885
423133000.0,-32.29097
423133062.5,-32.29852
423133125.0,-32.31586
423133187.5,-32.32435
423133250.0,-32.33217
423133312.5,-32.34463
423133375.0,-32.35687
423133437.5,-32.36786
423133500.0,-32.37891
423133562.5,-32.39276
423133625.0,-32.39851
423133687.5,-32.41461
423133750.0,-32.42245
423133812.5,-32.43109
423133875.0,-32.4444
423133937.5,-32.45772
423134000.0,-32.47046
423134062.5,-32.4772
423134125.0,-32.49107
423134187.5,-32.50411
423134250.0,-32.51273
423134312.5,-32.52547
423134375.0,-32.53805
423134437.5,-32.55144
423134500.0,-32.56164
423134562.5,-32.56861
423134625.0,-32.58708
423134687.5,-32.59496
423134750.0,-32.61616
423134812.5,-32.61964
423134875.0,-32.62977
423134937.5,-32.6448
423135000.0,-32.65931
423135062.5,-32.66922
423135125.0,-32.67496
423135187.5,-32.69008
423135250.0,-32.70044
423135312.5,-32.70987
423135375.0,-32.72315
423135437.5,-32.73608
423135500.0,-32.74669
423135562.5,-32.7622
423135625.0,-32.77073
423135687.5,-32.78723
423135750.0,-32.79742
423135812.5,-32.80959
423135875.0,-32.8207
423135937.5,-32.82878
423136000.0,-32.8362
423136062.5,-32.85463
423136125.0,-32.85938
423136187.5,-32.87185
423136250.0,-32.88362
423136312.5,-32.88975
423136375.0,-32.91018
423136437.5,-32.91838
423136500.0,-32.93437
423136562.5,-32.9411
423136625.0,-32.95287
423136687.5,-32.9672
423136750.0,-32.97672
423136812.5,-32.99562
423136875.0,-33.00493
423136937.5,-33.01749
423137000.0,-33.01908
423137062.5,-33.0374
423137125.0,-33.04401
423137187.5,-33.05383
423137250.0,-33.06668
423137312.5,-33.08444
423137375.0,-33.08992
423137437.5,-33.10248
423137500.0,-33.11344
423137562.5,-33.12344
423137625.0,-33.13557
423137687.5,-33.15441
423137750.0,-33.16125
423137812.5,-33.17291
423137875.0,-33.18891
423137937.5,-33.19396
423138000.0,-33.20675
423138062.5,-33.22449
423138125.0,-33.23775
423138187.5,-33.2378
423138250.0,-33.25647
423138312.5,-33.26728
423138375.0,-33.27877
423138437.5,-33.28814
423138500.0,-33.3002
423138562.5,-33.31191
423138625.0,-33.32067
423138687.5,-33.33694
423138750.0,-33.34875
423138812.5,-33.35515
423138875.0,-33.368
423138937.5,-33.38479
423139000.0,-33.39591
423139062.5,-33.40714
423139125.0,-33.42125
423139187.5,-33.42254
423139250.0,-33.43941
423139312.5,-33.44986
423139375.0,-33.46088
423139437.5,-33.47644
423139500.0,-33.48392
423139562.5,-33.50342
423139625.0,-33.50607
423139687.5,-33.51732
423139750.0,-33.53192
423139812.5,-33.54136
423139875.0,-33.55375
423139937.5,-33.56683
423140000.0,-33.57522
423140062.5,-33.58542
423140125.0,-33.60304
423140187.5,-33.60651
423140250.0,-33.62117
423140312.5,-33.63614
423140375.0,-33.64836
423140437.5,-33.65635
423140500.0,-33.67632
423140562.5,-33.67551
423140625.0,-33.68801
423140687.5,-33.69951
423140750.0,-33.71402
423140812.5,-33.72443
423140875.0,-33.73055
423140937.5,-33.74692
423141000.0,-33.75895
423141062.5,-33.77408
423141125.0,-33.77921
423141187.5,-33.78973
423141250.0,-33.79803
423141312.5,-33.81628
423141375.0,-33.82593
423141437.5,-33.8414
423141500.0,-33.8504
423141562.5,-33.86206
423141625.0,-33.87191
423141687.5,-33.88052
423141750.0,-33.89477
423141812.5,-33.90979
423141875.0,-33.92079
423141937.5,-33.93372
423142000.0,-33.94375
423142062.5,-33.95625
423142125.0,-33.96704
423142187.5,-33.98094
423142250.0,-33.99028
423142312.5,-34.00091
423142375.0,-34.00779
423142437.5,-34.02271
423142500.0,-34.0345
423142562.5,-34.04703
423142625.0,-34.06015
423142687.5,-34.07142
423142750.0,-34.07926
423142812.5,-34.08951
423142875.0,-34.10118
423142937.5,-34.11731
423143000.0,-34.12994
423143062.5,-34.13343
423143125.0,-34.14605
423143187.5,-34.16847
423143250.0,-34.17261
423143312.5,-34.18488
423143375.0,-34.19857
423143437.5,-34.20751
423143500.0,-34.21865
423143562.5,-34.2302
423143625.0,-34.24466
423143687.5,-34.25315
423143750.0,-34.26734
423143812.5,-34.28601
423143875.0,-34.2916
423143937.5,-34.29956
423144000.0,-34.30928
423144062.5,-34.31887
423144125.0,-34.33626
423144187.5,-34.34891
423144250.0,-34.36163
423144312.5,-34.3653
423144375.0,-34.3795
423144437.5,-34.38468
423144500.0,-34.40334
423144562.5,-34.41507
423144625.0,-34.42114
423144687.5,-34.43697
423144750.0,-34.44357
423144812.5,-34.45819
423144875.0,-34.47213
423144937.5,-34.47653
423145000.0,-34.49525
423145062.5,-34.49966
423145125.0,-34.50832
423145187.5,-34.51665
423145250.0,-34.53549
423145312.5,-34.54761
423145375.0,-34.55552
423145437.5,-34.57123
423145500.0,-34.58163
423145562.5,-34.59039
423145625.0,-34.60348
423145687.5,-34.62125
423145750.0,-34.63679
423145812.5,-34.63332
423145875.0,-34.64481
423145937.5,-34.6609
423146000.0,-34.67236
423146062.5,-34.68137
423146125.0,-34.69277
423146187.5,-34.70053
423146250.0,-34.72146
423146312.5,-34.7307
423146375.0,-34.74466
423146437.5,-34.75404
423146500.0,-34.76104
423146562.5,-34.7756
423146625.0,-34.78445
423146687.5,-34.79838
423146750.0,-34.80785
423146812.5,-34.82277
423146875.0,-34.83105
423146937.5,-34.83825
423147000.0,-34.85694
423147062.5,-34.86712
423147125.0,-34.87088
423147187.5,-34.88253
423147250.0,-34.90174
423147312.5,-34.90688
423147375.0,-34.91549
423147437.5,-34.93375
423147500.0,-34.93966
423147562.5,-34.95439
423147625.0,-34.95982
423147687.5,-34.97718
423147750.0,-34.98168
423147812.5,-34.99903
423147875.0,-35.00676
423147937.5,-35.01457
423148000.0,-35.03181
423148062.5,-35.03808
423148125.0,-35.0503
423148187.5,-35.06449
423148250.0,-35.06829
423148312.5,-35.08436
423148375.0,-35.08991
423148437.5,-35.10155
423148500.0,-35.11935
423148562.5,-35.12634
423148625.0,-35.13417
423148687.5,-35.14727
423148750.0,-35.16127
423148812.5,-35.17387
423148875.0,-35.17747
423148937.5,-35.1903
423149000.0,-35.20178
423149062.5,-35.21209
423149125.0,-35.23049
423149187.5,-35.23145
423149250.0,-35.24693
423149312.5,-35.25853
423149375.0,-35.2642
423149437.5,-35.27302
423149500.0,-35.29263
423149562.5,-35.2988
423149625.0,-35.30788
423149687.5,-35.31588
423149750.0,-35.331
423149812.5,-35.34153
423149875.0,-35.35265
423149937.5,-35.35961
423150000.0,-35.37896
423150062.5,-35.38282
423150125.0,-35.39542
423150187.5,-35.4042
423150250.0,-35.42393
423150312.5,-35.43295
423150375.0,-35.44045
423150437.5,-35.44788
423150500.0,-35.45658
423150562.5,-35.47477
423150625.0,-35.48367
423150687.5,-35.48741
423150750.0,-35.50337
423150812.5,-35.51223
423150875.0,-35.52257
423150937.5,-35.54496
423151000.0,-35.54361
423151062.5,-35.55697
423151125.0,-35.56578
423151187.5,-35.5818
423151250.0,-35.58768
423151312.5,-35.60165
423151375.0,-35.60173
423151437.5,-35.618
423151500.0,-35.62091
423151562.5,-35.6474
423151625.0,-35.65598
423151687.5,-35.66557
423151750.0,-35.66872
423151812.5,-35.67729
423151875.0,-35.7004
423151937.5,-35.70079
423152000.0,-35.71733
423152062.5,-35.73434
423152125.0,-35.74091
423152187.5,-35.74707
423152250.0,-35.76019
423152312.5,-35.77924
423152375.0,-35.78348
423152437.5,-35.78918
423152500.0,-35.80393
423152562.5,-35.80964
423152625.0,-35.81516
423152687.5,-35.82869
423152750.0,-35.83701
423152812.5,-35.8512
423152875.0,-35.86786
423152937.5,-35.8769
423153000.0,-35.88554
423153062.5,-35.8921
423153125.0,-35.90685
423153187.5,-35.9155
423153250.0,-35.92807
423153312.5,-35.93729
423153375.0,-35.94762
423153437.5,-35.95264
423153500.0,-35.97564
423153562.5,-35.98238
423153625.0,-35.99041
423153687.5,-35.99567
423153750.0,-36.00717
423153812.5,-36.01616
423153875.0,-36.02963
423153937.5,-36.04032
423154000.0,-36.05062
423154062.5,-36.05322
423154125.0,-36.07222
423154187.5,-36.08103
423154250.0,-36.10124
423154312.5,-36.1076
423154375.0,-36.11021
423154437.5,-36.12901
423154500.0,-36.12851
423154562.5,-36.14705
423154625.0,-36.15372
423154687.5,-36.16037
423154750.0,-36.1665
423154812.5,-36.1824
423154875.0,-36.18839
423154937.5,-36.20222
423155000.0,-36.20827
423155062.5,-36.22171
423155125.0,-36.23392
423155187.5,-36.2409
423155250.0,-36.25547
423155312.5,-36.26332
423155375.0,-36.2788
423155437.5,-36.28023
423155500.0,-36.28889
423155562.5,-36.30721
423155625.0,-36.30954
423155687.5,-36.32048
423155750.0,-36.33307
423155812.5,-36.34471
423155875.0,-36.35261
423155937.5,-36.35419
423156000.0,-36.37584
423156062.5,-36.38718
423156125.0,-36.39502
423156187.5,-36.39973
423156250.0,-36.4193
423156312.5,-36.41512
423156375.0,-36.43429
423156437.5,-36.44675
423156500.0,-36.4483
423156562.5,-36.45738
423156625.0,-36.47958
423156687.5,-36.48325
423156750.0,-36.48734
423156812.5,-36.50194
423156875.0,-36.51122
423156937.5,-36.51929
423157000.0,-36.5337
423157062.5,-36.54556
423157125.0,-36.55295
423157187.5,-36.56064
423157250.0,-36.57483
423157312.5,-36.57726
423157375.0,-36.59327
423157437.5,-36.60248
423157500.0,-36.60995
423157562.5,-36.61707
423157625.0,-36.63542
423157687.5,-36.64404
423157750.0,-36.64449
423157812.5,-36.65484
423157875.0,-36.66489
423157937.5,-36.68435
423158000.0,-36.6889
423158062.5,-36.69868
423158125.0,-36.71439
423158187.5,-36.71163
423158250.0,-36.71902
423158312.5,-36.74305
423158375.0,-36.74688
423158437.5,-36.75235
423158500.0,-36.76525
423158562.5,-36.77187
423158625.0,-36.78679
423158687.5,-36.79298
423158750.0,-36.8063
423158812.5,-36.8164
423158875.0,-36.82141
423158937.5,-36.81954
423159000.0,-36.83482
423159062.5,-36.85394
423159125.0,-36.85983
423159187.5,-36.87633
423159250.0,-36.87496
423159312.5,-36.89657
423159375.0,-36.903
423159437.5,-36.90946
423159500.0,-36.92561
423159562.5,-36.9249
423159625.0,-36.94041
423159687.5,-36.95103
423159750.0,-36.95757
423159812.5,-36.97108
423159875.0,-36.9781
423159937.5,-36.99517
423160000.0,-36.98938
423160062.5,-37.01337
423160125.0,-37.01852
423160187.5,-37.02133
423160250.0,-37.03578
423160312.5,-37.03814
423160375.0,-37.05144
423160437.5,-37.05339
423160500.0,-37.06966
423160562.5,-37.08089
423160625.0,-37.0919
423160687.5,-37.09327
423160750.0,-37.10881
423160812.5,-37.11686
423160875.0,-37.13401
423160937.5,-37.14487
423161000.0,-37.14891
423161062.5,-37.16028
423161125.0,-37.16697
423161187.5,-37.17632
423161250.0,-37.18936
423161312.5,-37.19829
423161375.0,-37.2011
423161437.5,-37.20893
423161500.0,-37.23232
423161562.5,-37.22163
423161625.0,-37.24479
423161687.5,-37.24214
423161750.0,-37.26281
423161812.5,-37.26551
423161875.0,-37.27877
423161937.5,-37.27476
423162000.0,-37.29603
423162062.5,-37.31088
423162125.0,-37.32422
423162187.5,-37.31749
423162250.0,-37.33256
423162312.5,-37.33707
423162375.0,-37.35343
423162437.5,-37.36693
423162500.0,-37.36967
423162562.5,-37.37309
423162625.0,-37.37923
423162687.5,-37.40675
423162750.0,-37.40195
423162812.5,-37.42223
423162875.0,-37.42751
423162937.5,-37.43877
423163000.0,-37.44096
423163062.5,-37.45391
423163125.0,-37.45534
423163187.5,-37.47701
423163250.0,-37.47801
423163312.5,-37.49014
423163375.0,-37.49593
423163437.5,-37.50623
423163500.0,-37.51107
423163562.5,-37.52747
423163625.0,-37.5335
423163687.5,-37.54503
423163750.0,-37.55468
423163812.5,-37.56961
423163875.0,-37.57343
423163937.5,-37.58352
423164000.0,-37.59514
423164062.5,-37.60875
423164125.0,-37.60722
423164187.5,-37.6139
423164250.0,-37.62504
423164312.5,-37.64974
423164375.0,-37.64492
423164437.5,-37.6459
423164500.0,-37.66049
423164562.5,-37.67896
423164625.0,-37.693
423164687.5,-37.6905
423164750.0,-37.69942
423164812.5,-37.71507
423164875.0,-37.71519
423164937.5,-37.72593
423165000.0,-37.73662
423165062.5,-37.74209
423165125.0,-37.74358
423165187.5,-37.76048
423165250.0,-37.76579
423165312.5,-37.78009
423165375.0,-37.7851
423165437.5,-37.80096
423165500.0,-37.80583
423165562.5,-37.81454
423165625.0,-37.82303
423165687.5,-37.83905
423165750.0,-37.84725
423165812.5,-37.84917
423165875.0,-37.85169
423165937.5,-37.85836
423166000.0,-37.87073
423166062.5,-37.88689
423166125.0,-37.89283
423166187.5,-37.90482
423166250.0,-37.91255
423166312.5,-37.92324
423166375.0,-37.93286
423166437.5,-37.95118
423166500.0,-37.94426
423166562.5,-37.95881
423166625.0,-37.96791
423166687.5,-37.97535
423166750.0,-37.97842
423166812.5,-38.0056
423166875.0,-37.99578
423166937.5,-38.0076
423167000.0,-38.0215
423167062.5,-38.02427
423167125.0,-38.03246
423167187.5,-38.03601
423167250.0,-38.05173
423167312.5,-38.05809
423167375.0,-38.06424
423167437.5,-38.07359
423167500.0,-38.08767
423167562.5,-38.09212
423167625.0,-38.09198
423167687.5,-38.11845
423167750.0,-38.11808
423167812.5,-38.13755
423167875.0,-38.13718
423167937.5,-38.14201
423168000.0,-38.15612
423168062.5,-38.16196
423168125.0,-38.17639
423168187.5,-38.18642
423168250.0,-38.18522
423168312.5,-38.20659
423168375.0,-38.21117
423168437.5,-38.21332
423168500.0,-38.22089
423168562.5,-38.23249
423168625.0,-38.24205
423168687.5,-38.25719
423168750.0,-38.25044
423168812.5,-38.26959
423168875.0,-38.27808
423168937.5,-38.28265
423169000.0,-38.28231
423169062.5,-38.29453
423169125.0,-38.31299
423169187.5,-38.31677
423169250.0,-38.32707
423169312.5,-38.33834
423169375.0,-38.34228
423169437.5,-38.34052
423169500.0,-38.36416
423169562.5,-38.36593
423169625.0,-38.37886
423169687.5,-38.39251
423169750.0,-38.39889
423169812.5,-38.40228
423169875.0,-38.40784
423169937.5,-38.41867
423170000.0,-38.42232
423170062.5,-38.43408
423170125.0,-38.43598
423170187.5,-38.44574
423170250.0,-38.46197
423170312.5,-38.47224
423170375.0,-38.47174
423170437.5,-38.48576
423170500.0,-38.50333
423170562.5,-38.51429
423170625.0,-38.50183
423170687.5,-38.51682
423170750.0,-38.53221
423170812.5,-38.52801
423170875.0,-38.53431
423170937.5,-38.55246
423171000.0,-38.56351
423171062.5,-38.57051
423171125.0,-38.56983
423171187.5,-38.58309
423171250.0,-38.60698
423171312.5,-38.60009
423171375.0,-38.61031
423171437.5,-38.62887
423171500.0,-38.62981
423171562.5,-38.63447
423171625.0,-38.63619
423171687.5,-38.64459
423171750.0,-38.65705
423171812.5,-38.66935
423171875.0,-38.67161
423171937.5,-38.68217
423172000.0,-38.68827
423172062.5,-38.68769
423172125.0,-38.71397
423172187.5,-38.71012
423172250.0,-38.72264
423172312.5,-38.73821
423172375.0,-38.74401
423172437.5,-38.73781
423172500.0,-38.76037
423172562.5,-38.76704
423172625.0,-38.78355
423172687.5,-38.78381
423172750.0,-38.79153
423172812.5,-38.7935
423172875.0,-38.81038
423172937.5,-38.81861
423173000.0,-38.82008
423173062.5,-38.81622
423173125.0,-38.83585
423173187.5,-38.8469
423173250.0,-38.84842
423173312.5,-38.86937
423173375.0,-38.86924
423173437.5,-38.88351
423173500.0,-38.88182
423173562.5,-38.88821
423173625.0,-38.90104
423173687.5,-38.90843
423173750.0,-38.91239
423173812.5,-38.92622
423173875.0,-38.93119
423173937.5,-38.94272
423174000.0,-38.95766
423174062.5,-38.9546
423174125.0,-38.96093
423174187.5,-38.969
423174250.0,-38.98093
423174312.5,-38.98394
423174375.0,-38.99404
423174437.5,-39.00994
423174500.0,-39.01307
423174562.5,-39.02443
423174625.0,-39.03202
423174687.5,-39.03958
423174750.0,-39.04329
423174812.5,-39.05385
423174875.0,-39.06627
423174937.5,-39.06411
423175000.0,-39.06514
423175062.5,-39.08198
423175125.0,-39.08864
423175187.5,-39.10816
423175250.0,-39.10533
423175312.5,-39.11072
423175375.0,-39.13057
423175437.5,-39.13645
423175500.0,-39.15013
423175562.5,-39.14212
423175625.0,-39.14678
423175687.5,-39.15595
423175750.0,-39.18031
423175812.5,-39.17786
423175875.0,-39.18136
423175937.5,-39.19429
423176000.0,-39.20243
423176062.5,-39.21418
423176125.0,-39.21393
423176187.5,-39.21705
423176250.0,-39.23959
423176312.5,-39.23363
423176375.0,-39.25153
423176437.5,-39.25949
423176500.0,-39.2571
423176562.5,-39.27138
423176625.0,-39.27946
423176687.5,-39.28247
423176750.0,-39.29773
423176812.5,-39.30745
423176875.0,-39.30866
423176937.5,-39.30647
423177000.0,-39.32697
423177062.5,-39.32938
423177125.0,-39.3407
423177187.5,-39.33694
423177250.0,-39.36442
423177312.5,-39.36219
423177375.0,-39.3612
423177437.5,-39.38382
423177500.0,-39.38134
423177562.5,-39.38364
423177625.0,-39.39885
423177687.5,-39.40053
423177750.0,-39.42009
423177812.5,-39.41659
423177875.0,-39.42596
423177937.5,-39.44987
423178000.0,-39.45254
423178062.5,-39.45766
423178125.0,-39.45888
423178187.5,-39.4737
423178250.0,-39.47797
423178312.5,-39.4906
423178375.0,-39.48857
423178437.5,-39.49669
423178500.0,-39.51104
423178562.5,-39.51682
423178625.0,-39.52048
423178687.5,-39.55329
423178750.0,-39.53319
423178812.5,-39.55534
423178875.0,-39.56641
423178937.5,-39.54986
423179000.0,-39.5825
423179062.5,-39.57229
423179125.0,-39.58258
423179187.5,-39.59544
423179250.0,-39.60002
423179312.5,-39.60225
423179375.0,-39.61079
423179437.5,-39.61261
423179500.0,-39.62954
423179562.5,-39.64109
423179625.0,-39.63319
423179687.5,-39.65567
423179750.0,-39.66587
423179812.5,-39.6594
423179875.0,-39.67813
423179937.5,-39.66468
423180000.0,-39.6959
423180062.5,-39.7019
423180125.0,-39.69992
423180187.5,-39.71172
423180250.0,-39.71996
423180312.5,-39.734
423180375.0,-39.72206
423180437.5,-39.74442
423180500.0,-39.75344
423180562.5,-39.75711
423180625.0,-39.75631
423180687.5,-39.77317
423180750.0,-39.77342
423180812.5,-39.77929
423180875.0,-39.7896
423180937.5,-39.79625
423181000.0,-39.80806
423181062.5,-39.80637
423181125.0,-39.82212
423181187.5,-39.82872
423181250.0,-39.83562
423181312.5,-39.85002
423181375.0,-39.85622
423181437.5,-39.85438
423181500.0,-39.86181
423181562.5,-39.87223
423181625.0,-39.87178
423181687.5,-39.88252
423181750.0,-39.8964
423181812.5,-39.89814
423181875.0,-39.90009
423181937.5,-39.91803
423182000.0,-39.92389
423182062.5,-39.93294
423182125.0,-39.93594
423182187.5,-39.93551
423182250.0,-39.9468
423182312.5,-39.9593
423182375.0,-39.96579
423182437.5,-39.98216
423182500.0,-39.99091
423182562.5,-39.98836
423182625.0,-39.9938
423182687.5,-39.98925
423182750.0,-40.01163
423182812.5,-40.02298
423182875.0,-40.02188
423182937.5,-40.02715
423183000.0,-40.03813
423183062.5,-40.03699
423183125.0,-40.05536
423183187.5,-40.06518
423183250.0,-40.06994
423183312.5,-40.07342
423183375.0,-40.08136
423183437.5,-40.08803
423183500.0,-40.09614
423183562.5,-40.09874
423183625.0,-40.10403
423183687.5,-40.12714
423183750.0,-40.12227
423183812.5,-40.13199
423183875.0,-40.13532
423183937.5,-40.13752
423184000.0,-40.15478
423184062.5,-40.17283
423184125.0,-40.16745
423184187.5,-40.18097
423184250.0,-40.17298
423184312.5,-40.18729
423184375.0,-40.19727
423184437.5,-40.19804
423184500.0,-40.21182
423184562.5,-40.22201
423184625.0,-40.21723
423184687.5,-40.22837
423184750.0,-40.24267
423184812.5,-40.24617
423184875.0,-40.25319
423184937.5,-40.25831
423185000.0,-40.26349
423185062.5,-40.26816
423185125.0,-40.2717
423185187.5,-40.28984
423185250.0,-40.29884
423185312.5,-40.32214
423185375.0,-40.31404
423185437.5,-40.31802
423185500.0,-40.32245
423185562.5,-40.3382
423185625.0,-40.34343
423185687.5,-40.35346
423185750.0,-40.3543
423185812.5,-40.36574
423185875.0,-40.3577
423185937.5,-40.37359
423186000.0,-40.37955
423186062.5,-40.38008
423186125.0,-40.37699
423186187.5,-40.40192
423186250.0,-40.39018
423186312.5,-40.39831
423186375.0,-40.41285
423186437.5,-40.4235
423186500.0,-40.42797
423186562.5,-40.43966
423186625.0,-40.44711
423186687.5,-40.45222
423186750.0,-40.45644
423186812.5,-40.47425
423186875.0,-40.46902
423186937.5,-40.47757
423187000.0,-40.49224
423187062.5,-40.50279
423187125.0,-40.501
423187187.5,-40.50309
423187250.0,-40.51525
423187312.5,-40.52979
423187375.0,-40.52428
423187437.5,-40.5192
423187500.0,-40.52986
423187562.5,-40.54516
423187625.0,-40.55817
423187687.5,-40.55517
423187750.0,-40.56865
423187812.5,-40.56401
423187875.0,-40.58649
423187937.5,-40.59312
423188000.0,-40.59364
423188062.5,-40.59223
423188125.0,-40.6088
423188187.5,-40.60775
423188250.0,-40.6318
423188312.5,-40.64075
423188375.0,-40.64568
423188437.5,-40.63674
423188500.0,-40.6513
423188562.5,-40.64508
423188625.0,-40.64843
423188687.5,-40.66644
423188750.0,-40.67274
423188812.5,-40.68424
423188875.0,-40.68497
423188937.5,-40.69766
423189000.0,-40.70455
423189062.5,-40.71258
423189125.0,-40.7102
423189187.5,-40.72385
423189250.0,-40.72955
423189312.5,-40.73895
423189375.0,-40.74308
423189437.5,-40.74464
423189500.0,-40.75357
423189562.5,-40.74602
423189625.0,-40.77972
423189687.5,-40.7766
423189750.0,-40.783
423189812.5,-40.78718
423189875.0,-40.78355
423189937.5,-40.81145
423190000.0,-40.80975
423190062.5,-40.81974
423190125.0,-40.81665
423190187.5,-40.83448
423190250.0,-40.8401
423190312.5,-40.83843
423190375.0,-40.8468
423190437.5,-40.84863
423190500.0,-40.86527
423190562.5,-40.86897
423190625.0,-40.87135
423190687.5,-40.87407
423190750.0,-40.90556
423190812.5,-40.89624
423190875.0,-40.90462
423190937.5,-40.92088
423191000.0,-40.91346
423191062.5,-40.92529
423191125.0,-40.91813
423191187.5,-40.93387
423191250.0,-40.94325
423191312.5,-40.9656
423191375.0,-40.95962
423191437.5,-40.96167
423191500.0,-40.97013
423191562.5,-40.96662
423191625.0,-40.97182
423191687.5,-40.98695
423191750.0,-40.98744
423191812.5,-40.98677
423191875.0,-41.0034
423191937.5,-41.00734
423192000.0,-41.01641
423192062.5,-41.02972
423192125.0,-41.03218
423192187.5,-41.01867
423192250.0,-41.04189
423192312.5,-41.04834
423192375.0,-41.06274
423192437.5,-41.05812
423192500.0,-41.06279
423192562.5,-41.07355
423192625.0,-41.07366
423192687.5,-41.08343
423192750.0,-41.10437
423192812.5,-41.08908
423192875.0,-41.11777
423192937.5,-41.09631
423193000.0,-41.12976
423193062.5,-41.13276
423193125.0,-41.12386
423193187.5,-41.13264
423193250.0,-41.13151
423193312.5,-41.14262
423193375.0,-41.15832
423193437.5,-41.15442
423193500.0,-41.1776
423193562.5,-41.17164
423193625.0,-41.1828
423193687.5,-41.19262
423193750.0,-41.1871
423193812.5,-41.20744
423193875.0,-41.19867
423193937.5,-41.22199
423194000.0,-41.21847
423194062.5,-41.23709
423194125.0,-41.23673
423194187.5,-41.23415
423194250.0,-41.24976
423194312.5,-41.25714
423194375.0,-41.25517
423194437.5,-41.26104
423194500.0,-41.27356
423194562.5,-41.28778
423194625.0,-41.29517
423194687.5,-41.28544
423194750.0,-41.28547
423194812.5,-41.3021
423194875.0,-41.31068
423194937.5,-41.30547
423195000.0,-41.32588
423195062.5,-41.3335
423195125.0,-41.32819
423195187.5,-41.3388
423195250.0,-41.34282
423195312.5,-41.35963
423195375.0,-41.36206
423195437.5,-41.35503
423195500.0,-41.38113
423195562.5,-41.37067
423195625.0,-41.3837
423195687.5,-41.39935
423195750.0,-41.40503
423195812.5,-41.40248
423195875.0,-41.40614
423195937.5,-41.41336
423196000.0,-41.40414
423196062.5,-41.43688
423196125.0,-41.42863
423196187.5,-41.439
423196250.0,-41.44961
423196312.5,-41.45934
423196375.0,-41.45641
423196437.5,-41.45372
423196500.0,-41.46717
423196562.5,-41.46804
423196625.0,-41.49707
423196687.5,-41.49997
423196750.0,-41.49441
423196812.5,-41.51753
423196875.0,-41.51214
423196937.5,-41.5202
423197000.0,-41.51787
423197062.5,-41.53491
423197125.0,-41.54644
423197187.5,-41.54972
423197250.0,-41.5428
423197312.5,-41.56092
423197375.0,-41.54887
423197437.5,-41.55565
423197500.0,-41.56464
423197562.5,-41.57616
423197625.0,-41.59235
423197687.5,-41.58842
423197750.0,-41.57879
423197812.5,-41.60664
423197875.0,-41.60121
423197937.5,-41.60292
423198000.0,-41.6062
423198062.5,-41.62098
423198125.0,-41.63619
423198187.5,-41.6326
423198250.0,-41.65355
423198312.5,-41.65186
423198375.0,-41.6591
423198437.5,-41.66982
423198500.0,-41.66791
423198562.5,-41.67623
423198625.0,-41.68697
423198687.5,-41.68774
423198750.0,-41.68563
423198812.5,-41.69291
423198875.0,-41.71099
423198937.5,-41.71451
423199000.0,-41.70856
423199062.5,-41.71775
423199125.0,-41.72526
423199187.5,-41.73394
423199250.0,-41.74498
423199312.5,-41.74131
423199375.0,-41.76177
423199437.5,-41.76224
423199500.0,-41.75502
423199562.5,-41.76145
423199625.0,-41.78933
423199687.5,-41.77814
423199750.0,-41.77004
423199812.5,-41.79778
423199875.0,-41.80237
423199937.5,-41.79946
423200000.0,-41.7989
423200062.5,-41.81357
423200125.0,-41.81612
423200187.5,-41.8294
423200250.0,-41.83044
423200312.5,-41.83755
423200375.0,-41.8575
423200437.5,-41.85077
423200500.0,-41.85491
423200562.5,-41.84404
423200625.0,-41.87252
423200687.5,-41.85857
423200750.0,-41.88005
423200812.5,-41.88089
423200875.0,-41.88391
423200937.5,-41.89624
423201000.0,-41.89155
423201062.5,-41.90795
423201125.0,-41.91229
423201187.5,-41.92315
423201250.0,-41.93338
423201312.5,-41.9326
423201375.0,-41.93727
423201437.5,-41.94209
423201500.0,-41.95474
423201562.5,-41.95493
423201625.0,-41.9663
423201687.5,-41.95691
423201750.0,-41.98358
423201812.5,-41.98943
423201875.0,-41.99609
423201937.5,-41.99369
423202000.0,-41.98904
423202062.5,-41.99833
423202125.0,-42.0055
423202187.5,-42.00603
423202250.0,-42.01762
423202312.5,-42.02624
423202375.0,-42.03563
423202437.5,-42.02993
423202500.0,-42.03758
423202562.5,-42.04019
423202625.0,-42.04355
423202687.5,-42.06742
423202750.0,-42.08255
423202812.5,-42.07094
423202875.0,-42.07162
423202937.5,-42.09311
423203000.0,-42.0867
423203062.5,-42.10332
423203125.0,-42.10301
423203187.5,-42.10756
423203250.0,-42.10886
423203312.5,-42.12121
423203375.0,-42.11021
423203437.5,-42.11227
423203500.0,-42.12103
423203562.5,-42.14871
423203625.0,-42.15118
423203687.5,-42.13838
423203750.0,-42.15387
423203812.5,-42.17353
423203875.0,-42.16723
423203937.5,-42.1874
423204000.0,-42.18817
423204062.5,-42.18024
423204125.0,-42.17757
423204187.5,-42.20131
423204250.0,-42.20438
423204312.5,-42.2222
423204375.0,-42.21387
423204437.5,-42.23623
423204500.0,-42.23917
423204562.5,-42.23461
423204625.0,-42.22628
423204687.5,-42.23446
423204750.0,-42.24829
423204812.5,-42.25449
423204875.0,-42.27709
423204937.5,-42.28427
423205000.0,-42.28101
423205062.5,-42.2797
423205125.0,-42.28083
423205187.5,-42.28245
423205250.0,-42.28222
423205312.5,-42.30735
423205375.0,-42.30342
423205437.5,-42.30158
423205500.0,-42.31287
423205562.5,-42.32384
423205625.0,-42.32316
423205687.5,-42.35143
423205750.0,-42.3482
423205812.5,-42.34011
423205875.0,-42.35068
423205937.5,-42.3535
423206000.0,-42.37696
423206062.5,-42.37216
423206125.0,-42.3777
423206187.5,-42.36296
423206250.0,-42.38548
423206312.5,-42.40115
423206375.0,-42.40604
423206437.5,-42.38514
423206500.0,-42.40842
423206562.5,-42.40711
423206625.0,-42.42598
423206687.5,-42.42072
423206750.0,-42.43275
423206812.5,-42.43041
423206875.0,-42.43235
423206937.5,-42.43966
423207000.0,-42.45926
423207062.5,-42.45778
423207125.0,-42.46729
423207187.5,-42.46059
423207250.0,-42.4879
423207312.5,-42.46733
423207375.0,-42.48623
423207437.5,-42.47902
423207500.0,-42.49208
423207562.5,-42.49943
423207625.0,-42.48603
423207687.5,-42.51852
423207750.0,-42.5158
423207812.5,-42.52972
423207875.0,-42.53424
423207937.5,-42.53869
423208000.0,-42.54435
423208062.5,-42.54866
423208125.0,-42.54139
423208187.5,-42.55797
423208250.0,-42.5695
423208312.5,-42.57861
423208375.0,-42.57638
423208437.5,-42.59266
423208500.0,-42.57885
423208562.5,-42.58165
423208625.0,-42.60588
423208687.5,-42.59015
423208750.0,-42.60679
423208812.5,-42.61114
423208875.0,-42.62343
423208937.5,-42.61296
423209000.0,-42.6373
423209062.5,-42.64146
423209125.0,-42.63744
423209187.5,-42.63609
423209250.0,-42.65355
423209312.5,-42.65597
423209375.0,-42.66124
423209437.5,-42.66725
423209500.0,-42.68346
423209562.5,-42.66637
423209625.0,-42.67797
423209687.5,-42.69915
423209750.0,-42.7025
423209812.5,-42.70589
423209875.0,-42.69787
423209937.5,-42.71521
423210000.0,-42.71475
423210062.5,-42.72309
423210125.0,-42.73243
423210187.5,-42.74598
423210250.0,-42.73006
423210312.5,-42.73279
423210375.0,-42.75761
423210437.5,-42.75994
423210500.0,-42.76332
423210562.5,-42.7678
423210625.0,-42.76814
423210687.5,-42.78907
423210750.0,-42.79146
423210812.5,-42.78537
423210875.0,-42.80735
423210937.5,-42.79596
423211000.0,-42.81385
423211062.5,-42.80375
423211125.0,-42.80823
423211187.5,-42.82564
423211250.0,-42.83577
423211312.5,-42.83609
423211375.0,-42.84337
423211437.5,-42.83555
423211500.0,-42.84106
423211562.5,-42.84261
423211625.0,-42.85893
423211687.5,-42.87474
423211750.0,-42.85732
423211812.5,-42.8711
423211875.0,-42.87604
423211937.5,-42.90236
423212000.0,-42.90443
423212062.5,-42.88628
423212125.0,-42.89279
423212187.5,-42.90526
423212250.0,-42.9111
423212312.5,-42.9076
423212375.0,-42.91984
423212437.5,-42.93426
423212500.0,-42.94991
423212562.5,-42.93937
423212625.0,-42.94801
423212687.5,-42.95711
423212750.0,-42.93847
423212812.5,-42.9425
423212875.0,-42.95557
423212937.5,-42.97056
423213000.0,-42.97258
423213062.5,-42.9874
423213125.0,-42.97716
423213187.5,-43.00019
423213250.0,-43.00106
423213312.5,-42.98856
423213375.0,-43.0106
423213437.5,-43.00026
423213500.0,-42.99809
423213562.5,-43.01932
423213625.0,-43.02677
423213687.5,-43.01065
423213750.0,-43.03131
423213812.5,-43.03612
423213875.0,-43.04682
423213937.5,-43.03954
423214000.0,-43.04453
423214062.5,-43.06072
423214125.0,-43.06789
423214187.5,-43.08207
423214250.0,-43.07107
423214312.5,-43.08582
423214375.0,-43.09605
423214437.5,-43.10176
423214500.0,-43.09761
423214562.5,-43.0799
423214625.0,-43.09731
423214687.5,-43.10154
423214750.0,-43.11542
423214812.5,-43.12251
423214875.0,-43.12073
423214937.5,-43.13779
423215000.0,-43.15662
423215062.5,-43.14523
423215125.0,-43.14278
423215187.5,-43.13226
423215250.0,-43.16457
423215312.5,-43.18648
423215375.0,-43.17944
423215437.5,-43.17287
423215500.0,-43.17852
423215562.5,-43.189
423215625.0,-43.18527
423215687.5,-43.1841
423215750.0,-43.19203
423215812.5,-43.21136
423215875.0,-43.21143
423215937.5,-43.21413
423216000.0,-43.22333
423216062.5,-43.22353
423216125.0,-43.23283
423216187.5,-43.2459
423216250.0,-43.25574
423216312.5,-43.26805
423216375.0,-43.24708
423216437.5,-43.24671
423216500.0,-43.2672
423216562.5,-43.26838
423216625.0,-43.27095
423216687.5,-43.30287
423216750.0,-43.26789
423216812.5,-43.30442
423216875.0,-43.29231
423216937.5,-43.28616
423217000.0,-43.29309
423217062.5,-43.30326
423217125.0,-43.29534
423217187.5,-43.32107
423217250.0,-43.29985
423217312.5,-43.3227
423217375.0,-43.32301
423217437.5,-43.35201
423217500.0,-43.33257
423217562.5,-43.34795
423217625.0,-43.34436
423217687.5,-43.35509
423217750.0,-43.38275
423217812.5,-43.3535
423217875.0,-43.37527
423217937.5,-43.38626
423218000.0,-43.37598
423218062.5,-43.40755
423218125.0,-43.39318
423218187.5,-43.38729
423218250.0,-43.39588
423218312.5,-43.41357
423218375.0,-43.40144
423218437.5,-43.42681
423218500.0,-43.43287
423218562.5,-43.44082
423218625.0,-43.43888
423218687.5,-43.44271
423218750.0,-43.42756
423218812.5,-43.43921
423218875.0,-43.45734
423218937.5,-43.4654
423219000.0,-43.46304
423219062.5,-43.48258
423219125.0,-43.48028
423219187.5,-43.47931
423219250.0,-43.48888
423219312.5,-43.46862
423219375.0,-43.48888
423219437.5,-43.49939
423219500.0,-43.50198
423219562.5,-43.51303
423219625.0,-43.52295
423219687.5,-43.51266
423219750.0,-43.51628
423219812.5,-43.54538
423219875.0,-43.5263
423219937.5,-43.53489
423220000.0,-43.5172
423220062.5,-43.53866
423220125.0,-43.54293
423220187.5,-43.56105
423220250.0,-43.55939
423220312.5,-43.60288
423220375.0,-43.57419
423220437.5,-43.58088
423220500.0,-43.58269
423220562.5,-43.57494
423220625.0,-43.59809
423220687.5,-43.6005
423220750.0,-43.59305
423220812.5,-43.5998
423220875.0,-43.60186
423220937.5,-43.60446
423221000.0,-43.60223
423221062.5,-43.63682
423221125.0,-43.6244
423221187.5,-43.64057
423221250.0,-43.65891
423221312.5,-43.64112
423221375.0,-43.65675
423221437.5,-43.65038
423221500.0,-43.67566
423221562.5,-43.67343
423221625.0,-43.65918
423221687.5,-43.66323
423221750.0,-43.68074
423221812.5,-43.69085
423221875.0,-43.69135
423221937.5,-43.69265
423222000.0,-43.69347
423222062.5,-43.71209
423222125.0,-43.71955
423222187.5,-43.70213
423222250.0,-43.72382
423222312.5,-43.73539
423222375.0,-43.74608
423222437.5,-43.73335
423222500.0,-43.73569
423222562.5,-43.74106
423222625.0,-43.73845
423222687.5,-43.759
423222750.0,-43.74901
423222812.5,-43.75604
423222875.0,-43.75563
423222937.5,-43.76889
423223000.0,-43.77445
423223062.5,-43.75667
423223125.0,-43.76839
423223187.5,-43.79035
423223250.0,-43.77828
423223312.5,-43.78722
423223375.0,-43.80003
423223437.5,-43.81593
423223500.0,-43.81778
423223562.5,-43.84727
423223625.0,-43.82838
423223687.5,-43.83061
423223750.0,-43.81641
423223812.5,-43.82953
423223875.0,-43.8495
423223937.5,-43.87268
423224000.0,-43.83805
423224062.5,-43.84336
423224125.0,-43.86985
423224187.5,-43.88064
423224250.0,-43.84551
423224312.5,-43.88017
423224375.0,-43.8774
423224437.5,-43.88692
423224500.0,-43.88703
423224562.5,-43.89584
423224625.0,-43.89876
423224687.5,-43.90667
423224750.0,-43.90265
423224812.5,-43.89751
423224875.0,-43.92573
423224937.5,-43.917
423225000.0,-43.92531
423225062.5,-43.95317
423225125.0,-43.92248
423225187.5,-43.95806
423225250.0,-43.94453
423225312.5,-43.94917
423225375.0,-43.97392
423225437.5,-43.96948
423225500.0,-43.96793
423225562.5,-43.95916
423225625.0,-43.97013
423225687.5,-43.9739
423225750.0,-43.98683
423225812.5,-43.99389
423225875.0,-44.00405
423225937.5,-44.00734
423226000.0,-43.99662
423226062.5,-44.00523
423226125.0,-44.0091
423226187.5,-44.03043
423226250.0,-44.00974
423226312.5,-44.02629
423226375.0,-44.04325
423226437.5,-44.04564
423226500.0,-44.03633
423226562.5,-44.03006
423226625.0,-44.04438
423226687.5,-44.06225
423226750.0,-44.05264
423226812.5,-44.06416
423226875.0,-44.04892
423226937.5,-44.08121
423227000.0,-44.06754
423227062.5,-44.09051
423227125.0,-44.08169
423227187.5,-44.10604
423227250.0,-44.09868
423227312.5,-44.08044
423227375.0,-44.11233
423227437.5,-44.125
423227500.0,-44.10848
423227562.5,-44.11332
423227625.0,-44.13347
423227687.5,-44.11534
423227750.0,-44.11925
423227812.5,-44.12436
423227875.0,-44.12898
423227937.5,-44.15983
423228000.0,-44.1498
423228062.5,-44.1528
423228125.0,-44.16693
423228187.5,-44.18056
423228250.0,-44.16673
423228312.5,-44.15206
423228375.0,-44.17852
423228437.5,-44.16833
423228500.0,-44.19375
423228562.5,-44.17996
423228625.0,-44.19413
423228687.5,-44.21141
423228750.0,-44.21407
423228812.5,-44.19262
423228875.0,-44.2163
423228937.5,-44.22165
423229000.0,-44.23978
423229062.5,-44.22589
423229125.0,-44.22117
423229187.5,-44.22866
423229250.0,-44.24477
423229312.5,-44.2601
423229375.0,-44.28028
423229437.5,-44.25016
423229500.0,-44.26841
423229562.5,-44.27172
423229625.0,-44.27976
423229687.5,-44.27246
423229750.0,-44.28107
423229812.5,-44.28444
423229875.0,-44.30772
423229937.5,-44.28936
423230000.0,-44.31259
423230062.5,-44.30784
423230125.0,-44.31981
423230187.5,-44.30104
423230250.0,-44.32911
423230312.5,-44.30447
423230375.0,-44.32768
423230437.5,-44.32221
423230500.0,-44.33026
423230562.5,-44.35496
423230625.0,-44.34992
423230687.5,-44.33629
423230750.0,-44.34213
423230812.5,-44.35683
423230875.0,-44.37917
423230937.5,-44.38101
423231000.0,-44.36277
423231062.5,-44.39515
423231125.0,-44.39004
423231187.5,-44.39407
423231250.0,-44.38737
423231312.5,-44.39125
423231375.0,-44.37548
423231437.5,-44.39372
423231500.0,-44.39592
423231562.5,-44.4076
423231625.0,-44.41713
423231687.5,-44.40877
423231750.0,-44.42326
423231812.5,-44.43606
423231875.0,-44.44775
423231937.5,-44.42283
423232000.0,-44.43813
423232062.5,-44.45503
423232125.0,-44.46494
423232187.5,-44.4493
423232250.0,-44.45675
423232312.5,-44.46519
423232375.0,-44.48575
423232437.5,-44.46241
423232500.0,-44.47915
423232562.5,-44.48238
423232625.0,-44.49232
423232687.5,-44.49771
423232750.0,-44.48978
423232812.5,-44.51081
423232875.0,-44.51041
423232937.5,-44.51228
423233000.0,-44.51142
423233062.5,-44.53513
423233125.0,-44.51423
423233187.5,-44.54155
423233250.0,-44.53132
423233312.5,-44.5128
423233375.0,-44.53318
423233437.5,-44.52394
423233500.0,-44.55284
423233562.5,-44.55285
423233625.0,-44.54794
423233687.5,-44.5738
423233750.0,-44.56389
423233812.5,-44.57426
423233875.0,-44.59268
423233937.5,-44.57514
423234000.0,-44.59455
423234062.5,-44.57438
423234125.0,-44.60395
423234187.5,-44.59381
423234250.0,-44.62391
423234312.5,-44.59934
423234375.0,-44.61202
423234437.5,-44.62687
423234500.0,-44.61311
423234562.5,-44.6249
423234625.0,-44.64655
423234687.5,-44.62785
423234750.0,-44.63594
423234812.5,-44.62228
423234875.0,-44.641
423234937.5,-44.65702
423235000.0,-44.65584
423235062.5,-44.66001
423235125.0,-44.66227
423235187.5,-44.68004
423235250.0,-44.64593
423235312.5,-44.64859
423235375.0,-44.67611
423235437.5,-44.70278
423235500.0,-44.70363
423235562.5,-44.69778
423235625.0,-44.70389
423235687.5,-44.70347
423235750.0,-44.70033
423235812.5,-44.71
423235875.0,-44.71697
423235937.5,-44.72261
423236000.0,-44.73336
423236062.5,-44.73689
423236125.0,-44.72589
423236187.5,-44.73892
423236250.0,-44.76399
423236312.5,-44.75574
423236375.0,-44.76426
423236437.5,-44.76195
423236500.0,-44.73831
423236562.5,-44.76102
423236625.0,-44.77333
423236687.5,-44.79496
423236750.0,-44.79783
423236812.5,-44.78696
423236875.0,-44.77746
423236937.5,-44.76613
423237000.0,-44.78402
423237062.5,-44.80739
423237125.0,-44.81344
423237187.5,-44.80103
423237250.0,-44.81434
423237312.5,-44.81384
423237375.0,-44.81617
423237437.5,-44.84837
423237500.0,-44.84544
423237562.5,-44.82962
423237625.0,-44.83485
423237687.5,-44.83078
423237750.0,-44.83833
423237812.5,-44.86012
423237875.0,-44.84418
423237937.5,-44.86933
423238000.0,-44.87282
423238062.5,-44.85294
423238125.0,-44.85016
423238187.5,-44.87779
423238250.0,-44.88392
423238312.5,-44.87649
423238375.0,-44.87906
423238437.5,-44.89582
423238500.0,-44.9041
423238562.5,-44.9111
423238625.0,-44.92454
423238687.5,-44.9087
423238750.0,-44.92429
423238812.5,-44.90809
423238875.0,-44.9214
423238937.5,-44.92646
423239000.0,-44.9328
423239062.5,-44.9238
423239125.0,-44.93881
423239187.5,-44.95074
423239250.0,-44.95832
423239312.5,-44.95284
423239375.0,-44.95815
423239437.5,-44.94416
423239500.0,-44.96663
423239562.5,-44.93929
423239625.0,-44.96285
423239687.5,-44.97208
423239750.0,-44.98191
423239812.5,-44.9805
423239875.0,-44.98273
423239937.5,-45.01517
423240000.0,-44.99706
423240062.5,-44.99236
423240125.0,-44.99706
423240187.5,-44.99152
423240250.0,-45.01725
423240312.5,-45.03068
423240375.0,-45.02408
423240437.5,-45.03836
423240500.0,-45.01223
423240562.5,-45.02863
423240625.0,-45.04406
423240687.5,-45.04743
423240750.0,-45.06262
423240812.5,-45.05445
423240875.0,-45.06502
423240937.5,-45.07826
423241000.0,-45.05169
423241062.5,-45.07063
423241125.0,-45.08634
423241187.5,-45.0856
423241250.0,-45.06754
423241312.5,-45.0795
423241375.0,-45.10715
423241437.5,-45.10006
423241500.0,-45.09962
423241562.5,-45.10511
423241625.0,-45.10557
423241687.5,-45.10802
423241750.0,-45.08729
423241812.5,-45.1086
423241875.0,-45.1045
423241937.5,-45.12443
423242000.0,-45.1434
423242062.5,-45.15974
423242125.0,-45.14132
423242187.5,-45.14991
423242250.0,-45.1417
423242312.5,-45.15751
423242375.0,-45.17645
423242437.5,-45.15245
423242500.0,-45.1448
423242562.5,-45.16713
423242625.0,-45.15919
423242687.5,-45.17694
423242750.0,-45.19648
423242812.5,-45.19307
423242875.0,-45.18505
423242937.5,-45.18737
423243000.0,-45.20854
423243062.5,-45.22186
423243125.0,-45.215
423243187.5,-45.21154
423243250.0,-45.20306
423243312.5,-45.21883
423243375.0,-45.24084
423243437.5,-45.20895
423243500.0,-45.22076
423243562.5,-45.22003
423243625.0,-45.25201
423243687.5,-45.24417
423243750.0,-45.26155
423243812.5,-45.25471
423243875.0,-45.24766
423243937.5,-45.26813
423244000.0,-45.27477
423244062.5,-45.26109
423244125.0,-45.27253
423244187.5,-45.2835
423244250.0,-45.26518
423244312.5,-45.27229
423244375.0,-45.30059
423244437.5,-45.28804
423244500.0,-45.31819
423244562.5,-45.29517
423244625.0,-45.3079
423244687.5,-45.29255
423244750.0,-45.33329
423244812.5,-45.2986
423244875.0,-45.32979
423244937.5,-45.32034
423245000.0,-45.31207
423245062.5,-45.34621
423245125.0,-45.35763
423245187.5,-45.34741
423245250.0,-45.31897
423245312.5,-45.34074
423245375.0,-45.33594
423245437.5,-45.36077
423245500.0,-45.35707
423245562.5,-45.35394
423245625.0,-45.36347
423245687.5,-45.38633
423245750.0,-45.3951
423245812.5,-45.38916
423245875.0,-45.37812
423245937.5,-45.37185
423246000.0,-45.39857
423246062.5,-45.41072
423246125.0,-45.37438
423246187.5,-45.39054
423246250.0,-45.39526
423246312.5,-45.39529
423246375.0,-45.42569
423246437.5,-45.41906
423246500.0,-45.4225
423246562.5,-45.42714
423246625.0,-45.40672
423246687.5,-45.44206
423246750.0,-45.41765
423246812.5,-45.46107
423246875.0,-45.45993
423246937.5,-45.44874
423247000.0,-45.44693
423247062.5,-45.45964
423247125.0,-45.48481
423247187.5,-45.46667
423247250.0,-45.46715
423247312.5,-45.50105
423247375.0,-45.46491
423247437.5,-45.49791
423247500.0,-45.50972
423247562.5,-45.48849
423247625.0,-45.5079
423247687.5,-45.50278
423247750.0,-45.49904
423247812.5,-45.49541
423247875.0,-45.51841
423247937.5,-45.52874
423248000.0,-45.53436
423248062.5,-45.51889
423248125.0,-45.53439
423248187.5,-45.52107
423248250.0,-45.55436
423248312.5,-45.55956
423248375.0,-45.56081
423248437.5,-45.54359
423248500.0,-45.56477
423248562.5,-45.55869
423248625.0,-45.54124
423248687.5,-45.57791
423248750.0,-45.55554
423248812.5,-45.57059
423248875.0,-45.58332
423248937.5,-45.56936
423249000.0,-45.5883
423249062.5,-45.59029
423249125.0,-45.59413
423249187.5,-45.6067
423249250.0,-45.60224
423249312.5,-45.61849
423249375.0,-45.6385
423249437.5,-45.60868
423249500.0,-45.62307
423249562.5,-45.62051
423249625.0,-45.61296
423249687.5,-45.62454
423249750.0,-45.65708
423249812.5,-45.65608
423249875.0,-45.64097
423249937.5,-45.66186
423250000.0,-45.65131
423250062.5,-45.66309
423250125.0,-45.65966
423250187.5,-45.62732
423250250.0,-45.67379
423250312.5,-45.65039
423250375.0,-45.66982
423250437.5,-45.68392
423250500.0,-45.67744
423250562.5,-45.68108
423250625.0,-45.6884
423250687.5,-45.68039
423250750.0,-45.71876
423250812.5,-45.69209
423250875.0,-45.71983
423250937.5,-45.72414
423251000.0,-45.69755
423251062.5,-45.72485
423251125.0,-45.70972
423251187.5,-45.74267
423251250.0,-45.72684
423251312.5,-45.73628
423251375.0,-45.75953
423251437.5,-45.7194
423251500.0,-45.75408
423251562.5,-45.74501
423251625.0,-45.74878
423251687.5,-45.76229
423251750.0,-45.74409
423251812.5,-45.75192
423251875.0,-45.75745
423251937.5,-45.75605
423252000.0,-45.77863
423252062.5,-45.77135
423252125.0,-45.7686
423252187.5,-45.77132
423252250.0,-45.77156
423252312.5,-45.81006
423252375.0,-45.7851
423252437.5,-45.79936
423252500.0,-45.79359
423252562.5,-45.83073
423252625.0,-45.79214
423252687.5,-45.82481
423252750.0,-45.82758
423252812.5,-45.82346
423252875.0,-45.81666
423252937.5,-45.83847
423253000.0,-45.84473
423253062.5,-45.82718
423253125.0,-45.81626
423253187.5,-45.85859
423253250.0,-45.85629
423253312.5,-45.86006
423253375.0,-45.86041
423253437.5,-45.849
423253500.0,-45.86585
423253562.5,-45.85226
423253625.0,-45.88506
423253687.5,-45.86407
423253750.0,-45.86481
423253812.5,-45.89096
423253875.0,-45.89489
423253937.5,-45.88523
423254000.0,-45.89292
423254062.5,-45.92355
423254125.0,-45.90446
423254187.5,-45.8944
423254250.0,-45.90421
423254312.5,-45.89815
423254375.0,-45.90844
423254437.5,-45.92382
423254500.0,-45.93361
423254562.5,-45.93806
423254625.0,-45.93951
423254687.5,-45.95251
423254750.0,-45.93648
423254812.5,-45.93749
423254875.0,-45.93384
423254937.5,-45.95309
423255000.0,-45.97204
423255062.5,-45.96312
423255125.0,-45.98286
423255187.5,-45.96257
423255250.0,-45.99079
423255312.5,-46.00218
423255375.0,-45.95554
423255437.5,-45.97716
423255500.0,-46.02034
423255562.5,-46.00677
423255625.0,-45.98197
423255687.5,-45.99001
423255750.0,-46.00079
423255812.5,-46.00423
423255875.0,-46.02402
423255937.5,-45.99569
423256000.0,-46.00039
423256062.5,-46.02846
423256125.0,-46.00098
423256187.5,-46.03219
423256250.0,-46.03686
423256312.5,-46.02813
423256375.0,-46.00721
423256437.5,-46.02801
423256500.0,-46.04887
423256562.5,-46.04458
423256625.0,-46.02968
423256687.5,-46.04745
423256750.0,-46.07632
423256812.5,-46.05264
423256875.0,-46.08438
423256937.5,-46.07302
423257000.0,-46.06388
423257062.5,-46.07545
423257125.0,-46.10897
423257187.5,-46.0813
423257250.0,-46.0865
423257312.5,-46.08696
423257375.0,-46.09248
423257437.5,-46.11348
423257500.0,-46.09824
423257562.5,-46.10147
423257625.0,-46.09319
423257687.5,-46.11655
423257750.0,-46.1202
423257812.5,-46.12926
423257875.0,-46.11891
423257937.5,-46.12454
423258000.0,-46.12899
423258062.5,-46.12582
423258125.0,-46.12428
423258187.5,-46.1442
423258250.0,-46.1572
423258312.5,-46.14896
423258375.0,-46.16753
423258437.5,-46.13558
423258500.0,-46.145
423258562.5,-46.16502
423258625.0,-46.15538
423258687.5,-46.16333
423258750.0,-46.18464
423258812.5,-46.19265
423258875.0,-46.20157
423258937.5,-46.18163
423259000.0,-46.18869
423259062.5,-46.2026
423259125.0,-46.22261
423259187.5,-46.18713
423259250.0,-46.21537
423259312.5,-46.20259
423259375.0,-46.22519
423259437.5,-46.21052
423259500.0,-46.21835
423259562.5,-46.23164
423259625.0,-46.23983
423259687.5,-46.24224
423259750.0,-46.24663
423259812.5,-46.25367
423259875.0,-46.24279
423259937.5,-46.27047
423260000.0,-46.27377
423260062.5,-46.26372
423260125.0,-46.25006
423260187.5,-46.26522
423260250.0,-46.28149
423260312.5,-46.25729
423260375.0,-46.2635
423260437.5,-46.2914
423260500.0,-46.28305
423260562.5,-46.29522
423260625.0,-46.3124
423260687.5,-46.28805
423260750.0,-46.30687
423260812.5,-46.31044
423260875.0,-46.30516
423260937.5,-46.30934
423261000.0,-46.31244
423261062.5,-46.31655
423261125.0,-46.31753
423261187.5,-46.32498
423261250.0,-46.31165
423261312.5,-46.31498
423261375.0,-46.31969
423261437.5,-46.32838
423261500.0,-46.32995
423261562.5,-46.3571
423261625.0,-46.34821
423261687.5,-46.33088
423261750.0,-46.37832
423261812.5,-46.38419
423261875.0,-46.36615
423261937.5,-46.36419
423262000.0,-46.37434
423262062.5,-46.36393
423262125.0,-46.3584
423262187.5,-46.40705
423262250.0,-46.37656
423262312.5,-46.40089
423262375.0,-46.39746
423262437.5,-46.38058
423262500.0,-46.38236
423262562.5,-46.40689
423262625.0,-46.37166
423262687.5,-46.41607
423262750.0,-46.4217
423262812.5,-46.40186
423262875.0,-46.41155
423262937.5,-46.44381
423263000.0,-46.43576
423263062.5,-46.46177
423263125.0,-46.40743
423263187.5,-46.41918
423263250.0,-46.44567
423263312.5,-46.44264
423263375.0,-46.45624
423263437.5,-46.45443
423263500.0,-46.44479
423263562.5,-46.44619
423263625.0,-46.43543
423263687.5,-46.45314
423263750.0,-46.47127
423263812.5,-46.47659
423263875.0,-46.4652
423263937.5,-46.47178
423264000.0,-46.48906
423264062.5,-46.50945
423264125.0,-46.47096
423264187.5,-46.49222
423264250.0,-46.46402
423264312.5,-46.4947
423264375.0,-46.49669
423264437.5,-46.50152
423264500.0,-46.51571
423264562.5,-46.54016
423264625.0,-46.49927
423264687.5,-46.53528
423264750.0,-46.50895
423264812.5,-46.52716
423264875.0,-46.51696
423264937.5,-46.56324
423265000.0,-46.5299
423265062.5,-46.53588
423265125.0,-46.51065
423265187.5,-46.55398
423265250.0,-46.54559
423265312.5,-46.54094
423265375.0,-46.55548
423265437.5,-46.53177
423265500.0,-46.56869
423265562.5,-46.56306
423265625.0,-46.57132
423265687.5,-46.5946
423265750.0,-46.58236
423265812.5,-46.60431
423265875.0,-46.58681
423265937.5,-46.59122
423266000.0,-46.57439
423266062.5,-46.60696
423266125.0,-46.5966
423266187.5,-46.59731
423266250.0,-46.59297
423266312.5,-46.60924
423266375.0,-46.60843
423266437.5,-46.62901
423266500.0,-46.63847
423266562.5,-46.62558
423266625.0,-46.6351
423266687.5,-46.62656
423266750.0,-46.645
423266812.5,-46.63831
423266875.0,-46.64473
423266937.5,-46.6158
423267000.0,-46.66046
423267062.5,-46.66333
423267125.0,-46.6451
423267187.5,-46.67001
423267250.0,-46.6533
423267312.5,-46.67421
423267375.0,-46.66685
423267437.5,-46.69282
423267500.0,-46.67667
423267562.5,-46.68106
423267625.0,-46.6747
423267687.5,-46.69392
423267750.0,-46.70137
423267812.5,-46.69903
423267875.0,-46.68858
423267937.5,-46.70582
423268000.0,-46.72427
423268062.5,-46.70477
423268125.0,-46.70778
423268187.5,-46.71071
423268250.0,-46.70683
423268312.5,-46.72305
423268375.0,-46.75137
423268437.5,-46.74761
423268500.0,-46.74189
423268562.5,-46.73198
423268625.0,-46.71233
423268687.5,-46.76723
423268750.0,-46.75708
423268812.5,-46.74513
423268875.0,-46.77441
423268937.5,-46.75938
423269000.0,-46.77258
423269062.5,-46.7503
423269125.0,-46.76831
423269187.5,-46.76897
423269250.0,-46.77784
423269312.5,-46.76854
423269375.0,-46.79077
423269437.5,-46.80705
423269500.0,-46.80146
423269562.5,-46.75745
423269625.0,-46.77774
423269687.5,-46.78957
423269750.0,-46.81439
423269812.5,-46.81034
423269875.0,-46.79582
423269937.5,-46.80547
423270000.0,-46.80869
423270062.5,-46.80492
423270125.0,-46.81413
423270187.5,-46.82697
423270250.0,-46.83731
423270312.5,-46.8473
423270375.0,-46.8381
423270437.5,-46.82944
423270500.0,-46.82197
423270562.5,-46.88022
423270625.0,-46.82596
423270687.5,-46.84782
423270750.0,-46.87869
423270812.5,-46.86522
423270875.0,-46.87393
423270937.5,-46.86917
423271000.0,-46.87413
423271062.5,-46.89666
423271125.0,-46.86672
423271187.5,-46.89562
423271250.0,-46.90734
423271312.5,-46.86962
423271375.0,-46.90256
423271437.5,-46.89611
423271500.0,-46.87487
423271562.5,-46.89582
423271625.0,-46.88927
423271687.5,-46.90995
423271750.0,-46.89764
423271812.5,-46.94547
423271875.0,-46.93708
423271937.5,-46.96601
423272000.0,-46.9225
423272062.5,-46.92524
423272125.0,-46.9264
423272187.5,-46.94272
423272250.0,-46.92761
423272312.5,-46.9529
423272375.0,-46.94995
423272437.5,-46.94701
423272500.0,-46.97269
423272562.5,-46.96052
423272625.0,-46.96238
423272687.5,-46.96782
423272750.0,-46.98133
423272812.5,-46.9744
423272875.0,-46.97366
423272937.5,-46.98752
423273000.0,-46.96886
423273062.5,-46.99882
423273125.0,-46.9696
423273187.5,-46.99358
423273250.0,-47.02589
423273312.5,-47.0217
423273375.0,-47.01719
423273437.5,-46.99237
423273500.0,-47.02647
423273562.5,-47.00952
423273625.0,-47.00046
423273687.5,-47.01888
423273750.0,-47.0167
423273812.5,-47.01145
423273875.0,-47.04617
423273937.5,-47.04596
423274000.0,-47.02962
423274062.5,-47.02744
423274125.0,-47.04654
423274187.5,-47.05198
423274250.0,-47.0453
423274312.5,-47.02588
423274375.0,-47.04671
423274437.5,-47.06421
423274500.0,-47.05251
423274562.5,-47.0658
423274625.0,-47.0415
423274687.5,-47.0732
423274750.0,-47.0695
423274812.5,-47.0872
423274875.0,-47.08061
423274937.5,-47.09685
423275000.0,-47.07258
423275062.5,-47.08746
423275125.0,-47.08714
423275187.5,-47.07677
423275250.0,-47.07637
423275312.5,-47.10507
423275375.0,-47.11911
423275437.5,-47.11884
423275500.0,-47.13287
423275562.5,-47.11255
423275625.0,-47.11395
423275687.5,-47.14971
423275750.0,-47.10379
423275812.5,-47.14747
423275875.0,-47.13312
423275937.5,-47.12241
423276000.0,-47.12761
423276062.5,-47.15719
423276125.0,-47.14417
423276187.5,-47.12595
423276250.0,-47.1492
423276312.5,-47.12879
423276375.0,-47.18352
423276437.5,-47.1459
423276500.0,-47.16949
423276562.5,-47.16073
423276625.0,-47.17748
423276687.5,-47.15337
423276750.0,-47.15468
423276812.5,-47.18931
423276875.0,-47.18163
423276937.5,-47.18364
423277000.0,-47.20481
423277062.5,-47.20401
423277125.0,-47.17331
423277187.5,-47.20601
423277250.0,-47.20655
423277312.5,-47.23736
423277375.0,-47.21219
423277437.5,-47.20682
423277500.0,-47.20462
423277562.5,-47.22927
423277625.0,-47.25457
423277687.5,-47.2191
423277750.0,-47.23702
423277812.5,-47.2441
423277875.0,-47.22423
423277937.5,-47.21812
423278000.0,-47.24551
423278062.5,-47.23988
423278125.0,-47.2539
423278187.5,-47.25098
423278250.0,-47.28675
423278312.5,-47.28198
423278375.0,-47.26476
423278437.5,-47.25852
423278500.0,-47.27644
423278562.5,-47.28286
423278625.0,-47.29464
423278687.5,-47.30275
423278750.0,-47.28817
423278812.5,-47.29515
423278875.0,-47.26959
423278937.5,-47.3034
423279000.0,-47.29005
423279062.5,-47.29594
423279125.0,-47.31339
423279187.5,-47.30916
423279250.0,-47.31428
423279312.5,-47.32727
423279375.0,-47.32327
423279437.5,-47.35524
423279500.0,-47.30296
423279562.5,-47.3511
423279625.0,-47.3127
423279687.5,-47.3302
423279750.0,-47.32635
423279812.5,-47.32977
423279875.0,-47.32837
423279937.5,-47.34451
423280000.0,-47.36718
423280062.5,-47.37304
423280125.0,-47.35887
423280187.5,-47.35138
423280250.0,-47.36274
423280312.5,-47.38873
423280375.0,-47.40177
423280437.5,-47.36719
423280500.0,-47.38167
423280562.5,-47.37833
423280625.0,-47.37943
423280687.5,-47.37057
423280750.0,-47.40809
423280812.5,-47.39988
423280875.0,-47.40434
423280937.5,-47.39408
423281000.0,-47.38281
423281062.5,-47.39085
423281125.0,-47.43517
423281187.5,-47.39785
423281250.0,-47.42879
423281312.5,-47.40604
423281375.0,-47.43002
423281437.5,-47.43425
423281500.0,-47.4693
423281562.5,-47.42696
423281625.0,-47.41325
423281687.5,-47.45687
423281750.0,-47.44245
423281812.5,-47.44698
423281875.0,-47.44566
423281937.5,-47.43742
423282000.0,-47.46167
423282062.5,-47.48336
423282125.0,-47.46194
423282187.5,-47.4514
423282250.0,-47.49413
423282312.5,-47.46336
423282375.0,-47.47564
423282437.5,-47.50248
423282500.0,-47.49217
423282562.5,-47.47142
423282625.0,-47.47929
423282687.5,-47.47778
423282750.0,-47.46719
423282812.5,-47.50192
423282875.0,-47.49838
423282937.5,-47.49769
423283000.0,-47.52635
423283062.5,-47.49401
423283125.0,-47.50703
423283187.5,-47.53302
423283250.0,-47.48787
423283312.5,-47.51871
423283375.0,-47.50971
423283437.5,-47.50089
423283500.0,-47.54045
423283562.5,-47.53088
423283625.0,-47.54717
423283687.5,-47.54768
423283750.0,-47.54403
423283812.5,-47.55876
423283875.0,-47.55653
423283937.5,-47.55168
423284000.0,-47.54477
423284062.5,-47.54696
423284125.0,-47.56794
423284187.5,-47.5753
423284250.0,-47.56069
423284312.5,-47.59024
423284375.0,-47.57728
423284437.5,-47.58262
423284500.0,-47.5704
423284562.5,-47.57072
423284625.0,-47.58012
423284687.5,-47.58124
423284750.0,-47.58439
423284812.5,-47.60422
423284875.0,-47.58352
423284937.5,-47.57692
423285000.0,-47.6094
423285062.5,-47.61178
423285125.0,-47.60415
423285187.5,-47.64315
423285250.0,-47.64992
423285312.5,-47.59828
423285375.0,-47.6283
423285437.5,-47.6571
423285500.0,-47.64852
423285562.5,-47.6241
423285625.0,-47.6645
423285687.5,-47.63939
423285750.0,-47.65466
423285812.5,-47.63762
423285875.0,-47.62142
423285937.5,-47.6674
423286000.0,-47.64747
423286062.5,-47.68139
423286125.0,-47.62664
423286187.5,-47.64457
423286250.0,-47.68806
423286312.5,-47.66509
423286375.0,-47.68447
423286437.5,-47.66372
423286500.0,-47.69804
423286562.5,-47.67756
423286625.0,-47.70245
423286687.5,-47.70341
423286750.0,-47.72119
423286812.5,-47.70786
423286875.0,-47.69204
423286937.5,-47.71437
423287000.0,-47.72367
423287062.5,-47.7184
423287125.0,-47.70058
423287187.5,-47.68839
423287250.0,-47.73481
423287312.5,-47.72183
423287375.0,-47.70235
423287437.5,-47.71431
423287500.0,-47.73477
423287562.5,-47.74036
423287625.0,-47.72675
423287687.5,-47.73318
423287750.0,-47.74379
423287812.5,-47.72827
423287875.0,-47.74006
423287937.5,-47.73035
423288000.0,-47.7486
423288062.5,-47.74934
423288125.0,-47.77835
423288187.5,-47.74098
423288250.0,-47.76758
423288312.5,-47.76416
423288375.0,-47.76706
423288437.5,-47.7586
423288500.0,-47.80289
423288562.5,-47.78795
423288625.0,-47.80483
423288687.5,-47.77028
423288750.0,-47.77151
423288812.5,-47.82784
423288875.0,-47.78067
423288937.5,-47.78628
423289000.0,-47.79312
423289062.5,-47.80233
423289125.0,-47.78955
423289187.5,-47.81494
423289250.0,-47.83971
423289312.5,-47.81158
423289375.0,-47.84655
423289437.5,-47.81516
423289500.0,-47.82462
423289562.5,-47.83835
423289625.0,-47.83187
423289687.5,-47.82006
423289750.0,-47.84542
423289812.5,-47.85471
423289875.0,-47.84885
423289937.5,-47.84054
423290000.0,-47.85684
423290062.5,-47.86951
423290125.0,-47.87575
423290187.5,-47.8642
423290250.0,-47.86822
423290312.5,-47.86663
423290375.0,-47.85482
423290437.5,-47.84966
423290500.0,-47.88017
423290562.5,-47.87522
423290625.0,-47.87209
423290687.5,-47.86581
423290750.0,-47.87414
423290812.5,-47.9009
423290875.0,-47.88179
423290937.5,-47.89926
423291000.0,-47.91396
423291062.5,-47.916
423291125.0,-47.95512
423291187.5,-47.9275
423291250.0,-47.9281
423291312.5,-47.9066
423291375.0,-47.9132
423291437.5,-47.91686
423291500.0,-47.92808
423291562.5,-47.94616
423291625.0,-47.93449
423291687.5,-47.95134
423291750.0,-47.94225
423291812.5,-47.94092
423291875.0,-47.94135
423291937.5,-47.93672
423292000.0,-47.94583
423292062.5,-47.95371
423292125.0,-47.93024
423292187.5,-47.94052
423292250.0,-47.95467
423292312.5,-47.97922
423292375.0,-47.95488
423292437.5,-47.99043
423292500.0,-47.9891
423292562.5,-47.98106
423292625.0,-47.98945
423292687.5,-47.997
423292750.0,-47.9806
423292812.5,-47.99165
423292875.0,-47.97933
423292937.5,-47.98268
423293000.0,-47.9872
423293062.5,-48.03091
423293125.0,-47.98143
423293187.5,-47.97564
423293250.0,-48.02838
423293312.5,-48.03572
423293375.0,-48.01711
423293437.5,-48.04955
423293500.0,-48.01919
423293562.5,-48.02004
423293625.0,-47.99564
423293687.5,-48.01598
423293750.0,-48.06004
423293812.5,-48.04373
423293875.0,-48.02571
423293937.5,-48.04445
423294000.0,-48.0419
423294062.5,-48.0631
423294125.0,-48.03624
423294187.5,-48.05267
423294250.0,-48.05886
423294312.5,-48.06119
423294375.0,-48.0617
423294437.5,-48.06181
423294500.0,-48.08235
423294562.5,-48.07346
423294625.0,-48.0806
423294687.5,-48.06492
423294750.0,-48.06417
423294812.5,-48.06651
423294875.0,-48.06031
423294937.5,-48.10655
423295000.0,-48.09027
423295062.5,-48.10477
423295125.0,-48.13173
423295187.5,-48.09633
423295250.0,-48.11777
423295312.5,-48.08909
423295375.0,-48.10498
423295437.5,-48.10702
423295500.0,-48.11723
423295562.5,-48.11712
423295625.0,-48.13824
423295687.5,-48.1019
423295750.0,-48.17282
423295812.5,-48.11249
423295875.0,-48.10622
423295937.5,-48.12621
423296000.0,-48.08737
423296062.5,-48.1343
423296125.0,-48.14496
423296187.5,-48.15428
423296250.0,-48.13203
423296312.5,-48.15357
423296375.0,-48.15975
423296437.5,-48.15421
423296500.0,-48.16191
423296562.5,-48.13044
423296625.0,-48.1717
423296687.5,-48.17986
423296750.0,-48.16686
423296812.5,-48.20134
423296875.0,-48.19728
423296937.5,-48.15339
423297000.0,-48.1624
423297062.5,-48.21866
423297125.0,-48.20695
423297187.5,-48.19984
423297250.0,-48.19181
423297312.5,-48.22174
423297375.0,-48.17678
423297437.5,-48.2026
423297500.0,-48.20568
423297562.5,-48.20276
423297625.0,-48.22405
423297687.5,-48.20177
423297750.0,-48.23285
423297812.5,-48.22184
423297875.0,-48.24874
423297937.5,-48.22768
423298000.0,-48.26081
423298062.5,-48.21897
423298125.0,-48.21881
423298187.5,-48.22539
423298250.0,-48.22876
423298312.5,-48.2382
423298375.0,-48.28057
423298437.5,-48.22548
423298500.0,-48.27001
423298562.5,-48.24966
423298625.0,-48.28025
423298687.5,-48.26852
423298750.0,-48.2722
423298812.5,-48.25802
423298875.0,-48.27468
423298937.5,-48.28774
423299000.0,-48.26917
423299062.5,-48.29067
423299125.0,-48.29119
423299187.5,-48.29071
423299250.0,-48.31468
423299312.5,-48.29511
423299375.0,-48.30079
423299437.5,-48.2906
423299500.0,-48.29657
423299562.5,-48.31468
423299625.0,-48.2926
423299687.5,-48.3246
423299750.0,-48.29174
423299812.5,-48.32596
423299875.0,-48.28686
423299937.5,-48.35544
423300000.0,-48.35736
423300062.5,-48.30576
423300125.0,-48.32813
423300187.5,-48.3338
423300250.0,-48.32313
423300312.5,-48.3184
423300375.0,-48.34934
423300437.5,-48.37441
423300500.0,-48.32668
423300562.5,-48.34719
423300625.0,-48.33048
423300687.5,-48.37811
423300750.0,-48.36234
423300812.5,-48.35371
423300875.0,-48.37557
423300937.5,-48.37607
423301000.0,-48.32618
423301062.5,-48.37098
423301125.0,-48.37544
423301187.5,-48.36636
423301250.0,-48.42367
423301312.5,-48.38546
423301375.0,-48.41464
423301437.5,-48.38829
423301500.0,-48.39604
423301562.5,-48.36838
423301625.0,-48.39306
423301687.5,-48.42354
423301750.0,-48.40432
423301812.5,-48.40089
423301875.0,-48.40417
423301937.5,-48.41979
423302000.0,-48.42499
423302062.5,-48.42006
423302125.0,-48.42714
423302187.5,-48.45687
423302250.0,-48.44799
423302312.5,-48.42245
423302375.0,-48.43508
423302437.5,-48.41527
423302500.0,-48.43198
423302562.5,-48.43736
423302625.0,-48.43859
423302687.5,-48.46494
423302750.0,-48.44327
423302812.5,-48.45806
423302875.0,-48.4549
423302937.5,-48.47839
423303000.0,-48.45626
423303062.5,-48.49868
423303125.0,-48.47729
423303187.5,-48.47379
423303250.0,-48.48507
423303312.5,-48.48424
423303375.0,-48.47532
423303437.5,-48.50444
423303500.0,-48.49839
423303562.5,-48.50724
423303625.0,-48.47775
423303687.5,-48.46914
423303750.0,-48.49472
423303812.5,-48.52465
423303875.0,-48.50229
423303937.5,-48.47233
423304000.0,-48.5123
423304062.5,-48.51104
423304125.0,-48.51771
423304187.5,-48.50867
423304250.0,-48.52657
423304312.5,-48.52549
423304375.0,-48.54545
423304437.5,-48.5368
423304500.0,-48.52261
423304562.5,-48.54528
423304625.0,-48.5007
423304687.5,-48.52852
423304750.0,-48.57901
423304812.5,-48.57122
423304875.0,-48.55951
423304937.5,-48.55884
423305000.0,-48.56348
423305062.5,-48.59318
423305125.0,-48.57821
423305187.5,-48.56472
423305250.0,-48.57123
423305312.5,-48.57129
423305375.0,-48.57287
423305437.5,-48.58604
423305500.0,-48.57229
423305562.5,-48.57833
423305625.0,-48.55853
423305687.5,-48.60259
423305750.0,-48.56606
423305812.5,-48.59642
423305875.0,-48.57078
423305937.5,-48.6036
423306000.0,-48.60977
423306062.5,-48.59224
423306125.0,-48.60538
423306187.5,-48.61315
423306250.0,-48.58381
423306312.5,-48.60752
423306375.0,-48.60276
423306437.5,-48.61384
423306500.0,-48.62127
423306562.5,-48.61558
423306625.0,-48.63892
423306687.5,-48.62365
423306750.0,-48.64454
423306812.5,-48.61406
423306875.0,-48.6637
423306937.5,-48.64388
423307000.0,-48.63307
423307062.5,-48.65762
423307125.0,-48.65476
423307187.5,-48.65575
423307250.0,-48.63751
423307312.5,-48.60735
423307375.0,-48.67682
423307437.5,-48.66664
423307500.0,-48.67828
423307562.5,-48.65724
423307625.0,-48.66963
423307687.5,-48.64565
423307750.0,-48.62418
423307812.5,-48.63493
423307875.0,-48.6905
423307937.5,-48.68414
423308000.0,-48.678
423308062.5,-48.68339
423308125.0,-48.70235
423308187.5,-48.7033
423308250.0,-48.69388
423308312.5,-48.72128
423308375.0,-48.70842
423308437.5,-48.74771
423308500.0,-48.72193
423308562.5,-48.73156
423308625.0,-48.72768
423308687.5,-48.74305
423308750.0,-48.7417
423308812.5,-48.68483
423308875.0,-48.75347
423308937.5,-48.72718
423309000.0,-48.7303
423309062.5,-48.73193
423309125.0,-48.73334
423309187.5,-48.74628
423309250.0,-48.70915
423309312.5,-48.75919
423309375.0,-48.75605
423309437.5,-48.75137
423309500.0,-48.73442
423309562.5,-48.74219
423309625.0,-48.73682
423309687.5,-48.72591
423309750.0,-48.76395
423309812.5,-48.80212
423309875.0,-48.79178
423309937.5,-48.76511
423310000.0,-48.7972
423310062.5,-48.77682
423310125.0,-48.77933
423310187.5,-48.78687
423310250.0,-48.78308
423310312.5,-48.76634
423310375.0,-48.7997
423310437.5,-48.76651
423310500.0,-48.78395
423310562.5,-48.77394
423310625.0,-48.81304
423310687.5,-48.81676
423310750.0,-48.83808
423310812.5,-48.80653
423310875.0,-48.84017
423310937.5,-48.83469
423311000.0,-48.83641
423311062.5,-48.82038
423311125.0,-48.85448
423311187.5,-48.80222
423311250.0,-48.83847
423311312.5,-48.85432
423311375.0,-48.81753
423311437.5,-48.83916
423311500.0,-48.84512
423311562.5,-48.85858
423311625.0,-48.84426
423311687.5,-48.8577
423311750.0,-48.84528
423311812.5,-48.87325
423311875.0,-48.84734
423311937.5,-48.86565
423312000.0,-48.84909
423312062.5,-48.88449
423312125.0,-48.8651
423312187.5,-48.85458
423312250.0,-48.91121
423312312.5,-48.90156
423312375.0,-48.88002
423312437.5,-48.89392
423312500.0,-48.89052
423312562.5,-48.88604
423312625.0,-48.88587
423312687.5,-48.91332
423312750.0,-48.91599
423312812.5,-48.89647
423312875.0,-48.87114
423312937.5,-48.9079
423313000.0,-48.89866
423313062.5,-48.93369
423313125.0,-48.90607
423313187.5,-48.89587
423313250.0,-48.94394
423313312.5,-48.9083
423313375.0,-48.91863
423313437.5,-48.93299
423313500.0,-48.91454
423313562.5,-48.94085
423313625.0,-48.91626
423313687.5,-48.93811
423313750.0,-48.94726
423313812.5,-48.91978
423313875.0,-48.95279
423313937.5,-48.95381
423314000.0,-48.95812
423314062.5,-48.94918
423314125.0,-48.9169
423314187.5,-48.97018
423314250.0,-48.97366
423314312.5,-48.94684
423314375.0,-48.96968
423314437.5,-48.99953
423314500.0,-48.94082
423314562.5,-48.96418
423314625.0,-48.99131
423314687.5,-48.97272
423314750.0,-48.99265
423314812.5,-48.96023
423314875.0,-49.00372
423314937.5,-49.01817
423315000.0,-48.98907
423315062.5,-49.00343
423315125.0,-48.99359
423315187.5,-49.02391
423315250.0,-49.00118
423315312.5,-49.01344
423315375.0,-49.00523
423315437.5,-49.01503
423315500.0,-49.00328
423315562.5,-49.01538
423315625.0,-49.0128
423315687.5,-49.01377
423315750.0,-49.01392
423315812.5,-49.05761
423315875.0,-49.02201
423315937.5,-49.00532
423316000.0,-49.02155
423316062.5,-49.03353
423316125.0,-49.04238
423316187.5,-49.03074
423316250.0,-49.0594
423316312.5,-49.05309
423316375.0,-49.01849
423316437.5,-49.04423
423316500.0,-49.07392
423316562.5,-49.03677
423316625.0,-49.07903
423316687.5,-49.05518
423316750.0,-49.05506
423316812.5,-49.06449
423316875.0,-49.07729
423316937.5,-49.09402
423317000.0,-49.09589
423317062.5,-49.04089
423317125.0,-49.0679
423317187.5,-49.07698
423317250.0,-49.10128
423317312.5,-49.09305
423317375.0,-49.12218
423317437.5,-49.07273
423317500.0,-49.096
423317562.5,-49.1153
423317625.0,-49.1492
423317687.5,-49.12974
423317750.0,-49.09875
423317812.5,-49.16755
423317875.0,-49.07853
423317937.5,-49.12817
423318000.0,-49.08904
423318062.5,-49.12494
423318125.0,-49.16896
423318187.5,-49.08037
423318250.0,-49.12611
423318312.5,-49.16213
423318375.0,-49.15531
423318437.5,-49.14671
423318500.0,-49.13351
423318562.5,-49.18952
423318625.0,-49.12608
423318687.5,-49.15641
423318750.0,-49.19195
423318812.5,-49.1525
423318875.0,-49.16871
423318937.5,-49.19129
423319000.0,-49.15956
423319062.5,-49.13718
423319125.0,-49.14286
423319187.5,-49.20858
423319250.0,-49.18683
423319312.5,-49.15871
423319375.0,-49.20119
423319437.5,-49.1429
423319500.0,-49.19692
423319562.5,-49.20109
423319625.0,-49.18264
423319687.5,-49.18752
423319750.0,-49.20597
423319812.5,-49.21448
423319875.0,-49.18006
423319937.5,-49.2253
423320000.0,-49.21476
423320062.5,-49.18787
423320125.0,-49.21766
423320187.5,-49.19006
423320250.0,-49.20969
423320312.5,-49.20393
423320375.0,-49.18594
423320437.5,-49.20229
423320500.0,-49.20895
423320562.5,-49.2243
423320625.0,-49.20314
423320687.5,-49.25424
423320750.0,-49.21857
423320812.5,-49.25063
423320875.0,-49.22211
423320937.5,-49.20798
423321000.0,-49.2299
423321062.5,-49.28498
423321125.0,-49.26291
423321187.5,-49.24378
423321250.0,-49.27127
423321312.5,-49.25792
423321375.0,-49.26021
423321437.5,-49.28556
423321500.0,-49.26874
423321562.5,-49.2766
423321625.0,-49.30455
423321687.5,-49.28742
423321750.0,-49.26869
423321812.5,-49.27792
423321875.0,-49.29017
423321937.5,-49.29402
423322000.0,-49.28178
423322062.5,-49.30204
423322125.0,-49.30169
423322187.5,-49.30913
423322250.0,-49.30045
423322312.5,-49.28404
423322375.0,-49.33044
423322437.5,-49.32552
423322500.0,-49.32384
423322562.5,-49.34509
423322625.0,-49.31353
423322687.5,-49.35054
423322750.0,-49.3502
423322812.5,-49.3217
423322875.0,-49.30514
423322937.5,-49.33367
423323000.0,-49.36926
423323062.5,-49.31074
423323125.0,-49.33473
423323187.5,-49.35379
423323250.0,-49.33777
423323312.5,-49.35918
423323375.0,-49.36537
423323437.5,-49.36437
423323500.0,-49.33725
423323562.5,-49.36024
423323625.0,-49.34703
423323687.5,-49.35735
423323750.0,-49.36055
423323812.5,-49.36935
423323875.0,-49.38443
423323937.5,-49.36208
423324000.0,-49.3771
423324062.5,-49.38433
423324125.0,-49.41252
423324187.5,-49.37991
423324250.0,-49.37328
423324312.5,-49.40379
423324375.0,-49.39488
423324437.5,-49.38432
423324500.0,-49.40438
423324562.5,-49.40742
423324625.0,-49.42423
423324687.5,-49.40589
423324750.0,-49.3843
423324812.5,-49.38889
423324875.0,-49.42753
423324937.5,-49.44159
423325000.0,-49.41676
423325062.5,-49.4184
423325125.0,-49.42424
423325187.5,-49.43497
423325250.0,-49.4334
423325312.5,-49.42809
423325375.0,-49.44056
423325437.5,-49.41882
423325500.0,-49.40475
423325562.5,-49.42691
423325625.0,-49.46741
423325687.5,-49.45308
423325750.0,-49.42216
423325812.5,-49.45922
423325875.0,-49.47348
423325937.5,-49.47538
423326000.0,-49.46173
423326062.5,-49.44239
423326125.0,-49.46858
423326187.5,-49.45299
423326250.0,-49.45504
423326312.5,-49.45511
423326375.0,-49.4654
423326437.5,-49.43703
423326500.0,-49.49099
423326562.5,-49.43105
423326625.0,-49.49022
423326687.5,-49.48394
423326750.0,-49.47859
423326812.5,-49.47778
423326875.0,-49.4913
423326937.5,-49.48116
423327000.0,-49.48664
423327062.5,-49.48534
423327125.0,-49.49765
423327187.5,-49.50648
423327250.0,-49.51989
423327312.5,-49.473
423327375.0,-49.4643
423327437.5,-49.47105
423327500.0,-49.53339
423327562.5,-49.49623
423327625.0,-49.52472
423327687.5,-49.54979
423327750.0,-49.50536
423327812.5,-49.52521
423327875.0,-49.50278
423327937.5,-49.52781
423328000.0,-49.56425
423328062.5,-49.583
423328125.0,-49.53106
423328187.5,-49.56274
423328250.0,-49.54645
423328312.5,-49.56416
423328375.0,-49.56494
423328437.5,-49.5292
423328500.0,-49.58697
423328562.5,-49.60097
423328625.0,-49.5738
423328687.5,-49.56049
423328750.0,-49.57755
423328812.5,-49.55954
423328875.0,-49.5292
423328937.5,-49.62424
423329000.0,-49.58115
423329062.5,-49.60825
423329125.0,-49.54505
423329187.5,-49.59873
423329250.0,-49.57251
423329312.5,-49.60455
423329375.0,-49.58029
423329437.5,-49.59759
423329500.0,-49.61291
423329562.5,-49.62987
423329625.0,-49.58627
423329687.5,-49.62176
423329750.0,-49.62205
423329812.5,-49.62767
423329875.0,-49.60167
423329937.5,-49.60592
423330000.0,-49.64441
423330062.5,-49.59189
423330125.0,-49.62628
423330187.5,-49.6216
423330250.0,-49.6269
423330312.5,-49.65937
423330375.0,-49.64032
423330437.5,-49.65868
423330500.0,-49.62343
423330562.5,-49.62851
423330625.0,-49.65589
423330687.5,-49.6464
423330750.0,-49.66215
423330812.5,-49.64468
423330875.0,-49.66447
423330937.5,-49.65142
423331000.0,-49.64922
423331062.5,-49.66206
423331125.0,-49.65107
423331187.5,-49.64746
423331250.0,-49.65511
423331312.5,-49.64189
423331375.0,-49.64491
423331437.5,-49.63546
423331500.0,-49.67858
423331562.5,-49.66043
423331625.0,-49.68519
423331687.5,-49.69806
423331750.0,-49.66777
423331812.5,-49.71027
423331875.0,-49.68902
423331937.5,-49.6805
423332000.0,-49.6679
423332062.5,-49.72802
423332125.0,-49.66135
423332187.5,-49.67012
423332250.0,-49.65968
423332312.5,-49.71224
423332375.0,-49.73549
423332437.5,-49.76437
423332500.0,-49.70427
423332562.5,-49.70531
423332625.0,-49.74105
423332687.5,-49.72309
423332750.0,-49.71649
423332812.5,-49.75307
423332875.0,-49.7198
423332937.5,-49.7583
423333000.0,-49.7177
423333062.5,-49.73059
423333125.0,-49.72655
423333187.5,-49.75069
423333250.0,-49.73545
423333312.5,-49.74041
423333375.0,-49.75496
423333437.5,-49.73598
423333500.0,-49.76232
423333562.5,-49.77341
423333625.0,-49.77055
423333687.5,-49.76288
423333750.0,-49.73867
423333812.5,-49.7598
423333875.0,-49.75703
423333937.5,-49.80412
423334000.0,-49.75904
423334062.5,-49.76023
423334125.0,-49.8007
423334187.5,-49.75203
423334250.0,-49.78396
423334312.5,-49.80085
423334375.0,-49.8038
423334437.5,-49.80487
423334500.0,-49.79174
423334562.5,-49.78407
423334625.0,-49.79489
423334687.5,-49.82197
423334750.0,-49.78104
423334812.5,-49.83062
423334875.0,-49.83212
423334937.5,-49.8008
423335000.0,-49.78173
423335062.5,-49.78298
423335125.0,-49.8581
423335187.5,-49.79162
423335250.0,-49.84436
423335312.5,-49.8153
423335375.0,-49.82458
423335437.5,-49.85217
423335500.0,-49.83709
423335562.5,-49.84953
423335625.0,-49.85546
423335687.5,-49.82752
423335750.0,-49.82672
423335812.5,-49.88018
423335875.0,-49.87751
423335937.5,-49.82707
423336000.0,-49.87222
423336062.5,-49.87831
423336125.0,-49.82664
423336187.5,-49.86089
423336250.0,-49.86062
423336312.5,-49.87627
423336375.0,-49.8704
423336437.5,-49.86787
423336500.0,-49.8652
423336562.5,-49.883
423336625.0,-49.90071
423336687.5,-49.92801
423336750.0,-49.87111
423336812.5,-49.8775
423336875.0,-49.82375
423336937.5,-49.8737
423337000.0,-49.92359
423337062.5,-49.87185
423337125.0,-49.91
423337187.5,-49.8924
423337250.0,-49.87146
423337312.5,-49.89867
423337375.0,-49.88652
423337437.5,-49.92225
423337500.0,-49.88943
423337562.5,-49.92457
423337625.0,-49.90667
423337687.5,-49.91407
423337750.0,-49.915
423337812.5,-49.88957
423337875.0,-49.91543
423337937.5,-49.94187
423338000.0,-49.94725
423338062.5,-49.94558
423338125.0,-49.93155
423338187.5,-49.93293
423338250.0,-49.91615
423338312.5,-49.96771
423338375.0,-49.94223
423338437.5,-49.9549
423338500.0,-50.01103
423338562.5,-49.99812
423338625.0,-49.99664
423338687.5,-49.96661
423338750.0,-49.97541
423338812.5,-49.97314
423338875.0,-49.99325
423338937.5,-49.94311
423339000.0,-49.96692
423339062.5,-49.98358
423339125.0,-49.95053
423339187.5,-49.97449
423339250.0,-49.97169
423339312.5,-49.98405
423339375.0,-49.98715
423339437.5,-49.99081
423339500.0,-50.03402
423339562.5,-50.01165
423339625.0,-50.00276
423339687.5,-49.99223
423339750.0,-49.99704
423339812.5,-50.00575
423339875.0,-50.01238
423339937.5,-50.01295
423340000.0,-49.98449
423340062.5,-50.00393
423340125.0,-50.01796
423340187.5,-49.9849
423340250.0,-50.00415
423340312.5,-50.03399
423340375.0,-50.06159
423340437.5,-50.01856
423340500.0,-50.01604
423340562.5,-50.05258
423340625.0,-50.0431
423340687.5,-50.04353
423340750.0,-50.0487
423340812.5,-50.01765
423340875.0,-50.02195
423340937.5,-50.0788
423341000.0,-50.03297
423341062.5,-50.06894
423341125.0,-50.04148
423341187.5,-50.04699
423341250.0,-50.08236
423341312.5,-50.10826
423341375.0,-50.0495
423341437.5,-50.07591
423341500.0,-50.10879
423341562.5,-50.05812
423341625.0,-50.07041
423341687.5,-50.05099
423341750.0,-50.07389
423341812.5,-50.05894
423341875.0,-50.11898
423341937.5,-50.0769
423342000.0,-50.07272
423342062.5,-50.05992
423342125.0,-50.09324
423342187.5,-50.14219
423342250.0,-50.13527
423342312.5,-50.07229
423342375.0,-50.10062
423342437.5,-50.06961
423342500.0,-50.11108
423342562.5,-50.10258
423342625.0,-50.12112
423342687.5,-50.07316
423342750.0,-50.0997
423342812.5,-50.11148
423342875.0,-50.16044
423342937.5,-50.11435
423343000.0,-50.14068
423343062.5,-50.08902
423343125.0,-50.13966
423343187.5,-50.12886
423343250.0,-50.1485
423343312.5,-50.14373
423343375.0,-50.12535
423343437.5,-50.15046
423343500.0,-50.11942
423343562.5,-50.16555
423343625.0,-50.16001
423343687.5,-50.15514
423343750.0,-50.18111
423343812.5,-50.14724
423343875.0,-50.20138
423343937.5,-50.13358
423344000.0,-50.16024
423344062.5,-50.17167
423344125.0,-50.15443
423344187.5,-50.17789
423344250.0,-50.17587
423344312.5,-50.19092
423344375.0,-50.20488
423344437.5,-50.16086
423344500.0,-50.17593
423344562.5,-50.13903
423344625.0,-50.17803
423344687.5,-50.1571
423344750.0,-50.16176
423344812.5,-50.1821
423344875.0,-50.23997
423344937.5,-50.20612
423345000.0,-50.18785
423345062.5,-50.18552
423345125.0,-50.19999
423345187.5,-50.19858
423345250.0,-50.20164
423345312.5,-50.19204
423345375.0,-50.20732
423345437.5,-50.2203
423345500.0,-50.20358
423345562.5,-50.20718
423345625.0,-50.24449
423345687.5,-50.24188
423345750.0,-50.21459
423345812.5,-50.23903
423345875.0,-50.23708
423345937.5,-50.24149
423346000.0,-50.25378
423346062.5,-50.21947
423346125.0,-50.20778
423346187.5,-50.24918
423346250.0,-50.25539
423346312.5,-50.25158
423346375.0,-50.23745
423346437.5,-50.22348
423346500.0,-50.24078
423346562.5,-50.25793
423346625.0,-50.28654
423346687.5,-50.24593
423346750.0,-50.27753
423346812.5,-50.26328
423346875.0,-50.28551
423346937.5,-50.28593
423347000.0,-50.24274
423347062.5,-50.23602
423347125.0,-50.30134
423347187.5,-50.24424
423347250.0,-50.24654
423347312.5,-50.30629
423347375.0,-50.28039
423347437.5,-50.25663
423347500.0,-50.32317
423347562.5,-50.25329
423347625.0,-50.30317
423347687.5,-50.27729
423347750.0,-50.28889
423347812.5,-50.3259
423347875.0,-50.29001
423347937.5,-50.2613
423348000.0,-50.30193
423348062.5,-50.31396
423348125.0,-50.30389
423348187.5,-50.30046
423348250.0,-50.3689
423348312.5,-50.31806
423348375.0,-50.30534
423348437.5,-50.37266
423348500.0,-50.31709
423348562.5,-50.25172
423348625.0,-50.35193
423348687.5,-50.32211
423348750.0,-50.32963
423348812.5,-50.32214
423348875.0,-50.31961
423348937.5,-50.37387
423349000.0,-50.34898
423349062.5,-50.34208
423349125.0,-50.33289
423349187.5,-50.36235
423349250.0,-50.35444
423349312.5,-50.3423
423349375.0,-50.33657
423349437.5,-50.34897
423349500.0,-50.34085
423349562.5,-50.34472
423349625.0,-50.3505
423349687.5,-50.41375
423349750.0,-50.38298
423349812.5,-50.36177
423349875.0,-50.3853
423349937.5,-50.37444
423350000.0,-50.40903
423350062.5,-50.35884
423350125.0,-50.37334
423350187.5,-50.34412
423350250.0,-50.40849
423350312.5,-50.36767
423350375.0,-50.35863
423350437.5,-50.37993
423350500.0,-50.36201
423350562.5,-50.41868
423350625.0,-50.38304
423350687.5,-50.37191
423350750.0,-50.44455
423350812.5,-50.37573
423350875.0,-50.44277
423350937.5,-50.38732
423351000.0,-50.42192
423351062.5,-50.42807
423351125.0,-50.43051
423351187.5,-50.40221
423351250.0,-50.42081
423351312.5,-50.39417
423351375.0,-50.43328
423351437.5,-50.3921
423351500.0,-50.44788
423351562.5,-50.45324
423351625.0,-50.43736
423351687.5,-50.43946
423351750.0,-50.44806
423351812.5,-50.42452
423351875.0,-50.41437
423351937.5,-50.44394
423352000.0,-50.43717
423352062.5,-50.42389
423352125.0,-50.48104
423352187.5,-50.45518
423352250.0,-50.45016
423352312.5,-50.48246
423352375.0,-50.43676
423352437.5,-50.44568
423352500.0,-50.45821
423352562.5,-50.44264
423352625.0,-50.48961
423352687.5,-50.48013
423352750.0,-50.4682
423352812.5,-50.46986
423352875.0,-50.48014
423352937.5,-50.46905
423353000.0,-50.48675
423353062.5,-50.4736
423353125.0,-50.50161
423353187.5,-50.51146
423353250.0,-50.50651
423353312.5,-50.52075
423353375.0,-50.46157
423353437.5,-50.50566
423353500.0,-50.53987
423353562.5,-50.5348
423353625.0,-50.5441
423353687.5,-50.50896
423353750.0,-50.52114
423353812.5,-50.51316
423353875.0,-50.58297
423353937.5,-50.54255
423354000.0,-50.53037
423354062.5,-50.53579
423354125.0,-50.52514
423354187.5,-50.47798
423354250.0,-50.51065
423354312.5,-50.59246
423354375.0,-50.51828
423354437.5,-50.51717
423354500.0,-50.53971
423354562.5,-50.55536
423354625.0,-50.57801
423354687.5,-50.53519
423354750.0,-50.53896
423354812.5,-50.54924
423354875.0,-50.51484
423354937.5,-50.56566
423355000.0,-50.53872
423355062.5,-50.55996
423355125.0,-50.56086
423355187.5,-50.54749
423355250.0,-50.60008
423355312.5,-50.57301
423355375.0,-50.58869
423355437.5,-50.57677
423355500.0,-50.58748
423355562.5,-50.58557
423355625.0,-50.59024
423355687.5,-50.56837
423355750.0,-50.54495
423355812.5,-50.55589
423355875.0,-50.58765
423355937.5,-50.58809
423356000.0,-50.58622
423356062.5,-50.62046
423356125.0,-50.60355
423356187.5,-50.61375
423356250.0,-50.59807
423356312.5,-50.63508
423356375.0,-50.59065
423356437.5,-50.6198
423356500.0,-50.65504
423356562.5,-50.64533
423356625.0,-50.59079
423356687.5,-50.62773
423356750.0,-50.60845
423356812.5,-50.67596
423356875.0,-50.6018
423356937.5,-50.62437
423357000.0,-50.57756
423357062.5,-50.64231
423357125.0,-50.63088
423357187.5,-50.66111
423357250.0,-50.646
423357312.5,-50.62799
423357375.0,-50.66175
423357437.5,-50.64289
423357500.0,-50.62346
423357562.5,-50.6391
423357625.0,-50.6517
423357687.5,-50.64951
423357750.0,-50.63266
423357812.5,-50.70499
423357875.0,-50.65156
423357937.5,-50.69385
423358000.0,-50.65302
423358062.5,-50.64884
423358125.0,-50.71066
423358187.5,-50.65933
423358250.0,-50.66852
423358312.5,-50.66159
423358375.0,-50.66027
423358437.5,-50.67645
423358500.0,-50.68145
423358562.5,-50.68683
423358625.0,-50.72155
423358687.5,-50.6553
423358750.0,-50.71555
423358812.5,-50.66303
423358875.0,-50.72379
423358937.5,-50.74851
423359000.0,-50.66288
423359062.5,-50.7023
423359125.0,-50.7453
423359187.5,-50.75764
423359250.0,-50.74553
423359312.5,-50.69371
423359375.0,-50.74709
423359437.5,-50.73059
423359500.0,-50.72435
423359562.5,-50.71913
423359625.0,-50.708
423359687.5,-50.70205
423359750.0,-50.75522
423359812.5,-50.74313
423359875.0,-50.76052
423359937.5,-50.724
423360000.0,-50.73188
423360062.5,-50.74049
423360125.0,-50.75784
423360187.5,-50.73194
423360250.0,-50.75507
423360312.5,-50.76458
423360375.0,-50.76744
423360437.5,-50.72086
423360500.0,-50.71778
423360562.5,-50.73653
423360625.0,-50.75848
423360687.5,-50.74359
423360750.0,-50.76207
423360812.5,-50.74265
423360875.0,-50.78688
423360937.5,-50.77654
423361000.0,-50.76878
423361062.5,-50.79282
423361125.0,-50.77164
423361187.5,-50.77503
423361250.0,-50.76934
423361312.5,-50.82624
423361375.0,-50.79545
423361437.5,-50.78994
423361500.0,-50.78441
423361562.5,-50.777
423361625.0,-50.80176
423361687.5,-50.79686
423361750.0,-50.77415
423361812.5,-50.82738
423361875.0,-50.81319
423361937.5,-50.80484
423362000.0,-50.8239
423362062.5,-50.82104
423362125.0,-50.81923
423362187.5,-50.79521
423362250.0,-50.81954
423362312.5,-50.79956
423362375.0,-50.83022
423362437.5,-50.83758
423362500.0,-50.82438
423362562.5,-50.85697
423362625.0,-50.791
423362687.5,-50.83842
423362750.0,-50.84772
423362812.5,-50.8455
423362875.0,-50.82695
423362937.5,-50.84332
423363000.0,-50.83609
423363062.5,-50.86917
423363125.0,-50.87613
423363187.5,-50.88859
423363250.0,-50.8527
423363312.5,-50.88797
423363375.0,-50.85903
423363437.5,-50.85576
423363500.0,-50.89604
423363562.5,-50.89702
423363625.0,-50.81365
423363687.5,-50.84656
423363750.0,-50.84679
423363812.5,-50.8767
423363875.0,-50.90477
423363937.5,-50.89711
423364000.0,-50.86285
423364062.5,-50.91441
423364125.0,-50.87191
423364187.5,-50.85004
423364250.0,-50.88668
423364312.5,-50.87228
423364375.0,-50.88285
423364437.5,-50.89016
423364500.0,-50.87944
423364562.5,-50.91654
423364625.0,-50.87157
423364687.5,-50.91575
423364750.0,-50.87505
423364812.5,-50.88903
423364875.0,-50.90821
423364937.5,-50.95385
423365000.0,-50.93972
423365062.5,-50.88445
423365125.0,-50.9104
423365187.5,-50.89327
423365250.0,-50.94288
423365312.5,-50.93546
423365375.0,-50.92455
423365437.5,-50.94364
423365500.0,-50.94785
423365562.5,-50.91776
423365625.0,-50.91359
423365687.5,-50.95301
423365750.0,-50.9425
423365812.5,-50.95973
423365875.0,-50.94419
423365937.5,-50.94473
423366000.0,-50.9463
423366062.5,-50.93151
423366125.0,-50.92491
423366187.5,-50.96755
423366250.0,-50.9156
423366312.5,-50.9805
423366375.0,-50.97233
423366437.5,-50.96201
423366500.0,-50.99376
423366562.5,-50.97712
423366625.0,-50.98691
423366687.5,-50.94873
423366750.0,-50.96723
423366812.5,-50.96983
423366875.0,-50.99064
423366937.5,-50.92536
423367000.0,-51.01423
423367062.5,-51.02364
423367125.0,-50.96659
423367187.5,-51.02773
423367250.0,-50.96546
423367312.5,-50.9846
423367375.0,-50.98071
423367437.5,-51.02885
423367500.0,-51.04629
423367562.5,-50.99526
423367625.0,-50.97627
423367687.5,-50.99784
423367750.0,-51.0116
423367812.5,-50.99067
423367875.0,-51.07813
423367937.5,-50.98819
423368000.0,-51.07828
423368062.5,-50.99742
423368125.0,-51.02133
423368187.5,-51.03375
423368250.0,-51.05397
423368312.5,-50.98231
423368375.0,-51.00115
423368437.5,-51.0179
423368500.0,-51.06776
423368562.5,-51.05154
423368625.0,-51.0532
423368687.5,-51.06522
423368750.0,-51.04497
423368812.5,-51.03221
423368875.0,-51.06935
423368937.5,-51.02958
423369000.0,-51.02723
423369062.5,-51.06777
423369125.0,-51.0666
423369187.5,-51.06906
423369250.0,-51.0297
423369312.5,-51.05622
423369375.0,-51.10069
423369437.5,-51.03814
423369500.0,-51.04056
423369562.5,-51.06195
423369625.0,-51.09661
423369687.5,-51.07432
423369750.0,-51.0374
423369812.5,-51.07725
423369875.0,-51.08288
423369937.5,-51.07251
423370000.0,-51.09802
423370062.5,-51.08746
423370125.0,-51.03922
423370187.5,-51.086
423370250.0,-51.1072
423370312.5,-51.09853
423370375.0,-51.07632
423370437.5,-51.12355
423370500.0,-51.07938
423370562.5,-51.05536
423370625.0,-51.10106
423370687.5,-51.10358
423370750.0,-51.12747
423370812.5,-51.13887
423370875.0,-51.10215
423370937.5,-51.11804
423371000.0,-51.10618
423371062.5,-51.12624
423371125.0,-51.11538
423371187.5,-51.07827
423371250.0,-51.15833
423371312.5,-51.1595
423371375.0,-51.14383
423371437.5,-51.17523
423371500.0,-51.09541
423371562.5,-51.1193
423371625.0,-51.16361
423371687.5,-51.15984
423371750.0,-51.16195
423371812.5,-51.1901
423371875.0,-51.13326
423371937.5,-51.1677
423372000.0,-51.14032
423372062.5,-51.10891
423372125.0,-51.11853
423372187.5,-51.10146
423372250.0,-51.10547
423372312.5,-51.14735
423372375.0,-51.15067
423372437.5,-51.16816
423372500.0,-51.15622
423372562.5,-51.10675
423372625.0,-51.16627
423372687.5,-51.2329
423372750.0,-51.18723
423372812.5,-51.159
423372875.0,-51.17584
423372937.5,-51.17899
423373000.0,-51.21915
423373062.5,-51.20878
423373125.0,-51.16188
423373187.5,-51.14809
423373250.0,-51.21146
423373312.5,-51.21235
423373375.0,-51.20289
423373437.5,-51.19209
423373500.0,-51.24644
423373562.5,-51.22111
423373625.0,-51.18551
423373687.5,-51.21269
423373750.0,-51.22898
423373812.5,-51.26301
423373875.0,-51.22541
423373937.5,-51.19398
423374000.0,-51.17175
423374062.5,-51.2306
423374125.0,-51.25373
423374187.5,-51.21352
423374250.0,-51.21335
423374312.5,-51.25047
423374375.0,-51.21878
423374437.5,-51.19572
423374500.0,-51.21466
423374562.5,-51.23563
423374625.0,-51.26257
423374687.5,-51.2584
423374750.0,-51.23634
423374812.5,-51.24316
423374875.0,-51.25185
423374937.5,-51.22939
423375000.0,-51.2565
423375062.5,-51.2272
423375125.0,-51.26997
423375187.5,-51.21451
423375250.0,-51.18079
423375312.5,-51.2374
423375375.0,-51.29401
423375437.5,-51.24403
423375500.0,-51.25505
423375562.5,-51.27628
423375625.0,-51.3184
423375687.5,-51.28109
423375750.0,-51.28329
423375812.5,-51.27666
423375875.0,-51.25956
423375937.5,-51.30747
423376000.0,-51.22785
423376062.5,-51.3355
423376125.0,-51.33069
423376187.5,-51.33044
423376250.0,-51.28104
423376312.5,-51.28696
423376375.0,-51.29
423376437.5,-51.33885
423376500.0,-51.29416
423376562.5,-51.2915
423376625.0,-51.2931
423376687.5,-51.32288
423376750.0,-51.26704
423376812.5,-51.30576
423376875.0,-51.31525
423376937.5,-51.31619
423377000.0,-51.30676
423377062.5,-51.36397
423377125.0,-51.33521
423377187.5,-51.32185
423377250.0,-51.32869
423377312.5,-51.30342
423377375.0,-51.2993
423377437.5,-51.33223
423377500.0,-51.35723
423377562.5,-51.30937
423377625.0,-51.35027
423377687.5,-51.32972
423377750.0,-51.32857
423377812.5,-51.32647
423377875.0,-51.36248
423377937.5,-51.36221
423378000.0,-51.38511
423378062.5,-51.35252
423378125.0,-51.38234
423378187.5,-51.2992
423378250.0,-51.33018
423378312.5,-51.37021
423378375.0,-51.35057
423378437.5,-51.33363
423378500.0,-51.3712
423378562.5,-51.37464
423378625.0,-51.3431
423378687.5,-51.3609
423378750.0,-51.36285
423378812.5,-51.34808
423378875.0,-51.34997
423378937.5,-51.35486
423379000.0,-51.40696
423379062.5,-51.39719
423379125.0,-51.40391
423379187.5,-51.40773
423379250.0,-51.40871
423379312.5,-51.39262
423379375.0,-51.42825
423379437.5,-51.39672
423379500.0,-51.40543
423379562.5,-51.38806
423379625.0,-51.42489
423379687.5,-51.40525
423379750.0,-51.38169
423379812.5,-51.41239
423379875.0,-51.39679
423379937.5,-51.44851
423380000.0,-51.39509
423380062.5,-51.42732
423380125.0,-51.43312
423380187.5,-51.44381
423380250.0,-51.36403
423380312.5,-51.42592
423380375.0,-51.43029
423380437.5,-51.40968
423380500.0,-51.41864
423380562.5,-51.4346
423380625.0,-51.46966
423380687.5,-51.4495
423380750.0,-51.44361
423380812.5,-51.48412
423380875.0,-51.42121
423380937.5,-51.44247
423381000.0,-51.44964
423381062.5,-51.43747
423381125.0,-51.44682
423381187.5,-51.45164
423381250.0,-51.41578
423381312.5,-51.4989
423381375.0,-51.46492
423381437.5,-51.45272
423381500.0,-51.54881
423381562.5,-51.46759
423381625.0,-51.46503
423381687.5,-51.4219
423381750.0,-51.4745
423381812.5,-51.46857
423381875.0,-51.50294
423381937.5,-51.48441
423382000.0,-51.52015
423382062.5,-51.50409
423382125.0,-51.46693
423382187.5,-51.50872
423382250.0,-51.48326
423382312.5,-51.49602
423382375.0,-51.48705
423382437.5,-51.48525
423382500.0,-51.48363
423382562.5,-51.44963
423382625.0,-51.46084
423382687.5,-51.4572
423382750.0,-51.49292
423382812.5,-51.47628
423382875.0,-51.50549
423382937.5,-51.55523
423383000.0,-51.50689
423383062.5,-51.54395
423383125.0,-51.4898
423383187.5,-51.49675
423383250.0,-51.49928
423383312.5,-51.54507
423383375.0,-51.52899
423383437.5,-51.54797
423383500.0,-51.52047
423383562.5,-51.49609
423383625.0,-51.51403
423383687.5,-51.5554
423383750.0,-51.51986
423383812.5,-51.51928
423383875.0,-51.56496
423383937.5,-51.49522
423384000.0,-51.55887
423384062.5,-51.50926
423384125.0,-51.58104
423384187.5,-51.54903
423384250.0,-51.52669
423384312.5,-51.56306
423384375.0,-51.5555
423384437.5,-51.55774
423384500.0,-51.56779
423384562.5,-51.5741
423384625.0,-51.55963
423384687.5,-51.56012
423384750.0,-51.52384
423384812.5,-51.57538
423384875.0,-51.58242
423384937.5,-51.56626
423385000.0,-51.60802
423385062.5,-51.54714
423385125.0,-51.57973
423385187.5,-51.59232
423385250.0,-51.6069
423385312.5,-51.56451
423385375.0,-51.61789
423385437.5,-51.57444
423385500.0,-51.60382
423385562.5,-51.60106
423385625.0,-51.61187
423385687.5,-51.62314
423385750.0,-51.60268
423385812.5,-51.62298
423385875.0,-51.59755
423385937.5,-51.60168
423386000.0,-51.61842
423386062.5,-51.5861
423386125.0,-51.60554
423386187.5,-51.5978
423386250.0,-51.59607
423386312.5,-51.63929
423386375.0,-51.62923
423386437.5,-51.63273
423386500.0,-51.59677
423386562.5,-51.63937
423386625.0,-51.66463
423386687.5,-51.63429
423386750.0,-51.58887
423386812.5,-51.60205
423386875.0,-51.6632
423386937.5,-51.66635
423387000.0,-51.63713
423387062.5,-51.63774
423387125.0,-51.61786
423387187.5,-51.63726
423387250.0,-51.62102
423387312.5,-51.67028
423387375.0,-51.65965
423387437.5,-51.64977
423387500.0,-51.62033
423387562.5,-51.71587
423387625.0,-51.64425
423387687.5,-51.65498
423387750.0,-51.60773
423387812.5,-51.6855
423387875.0,-51.64708
423387937.5,-51.66978
423388000.0,-51.66226
423388062.5,-51.64694
423388125.0,-51.66109
423388187.5,-51.67987
423388250.0,-51.68932
423388312.5,-51.71207
423388375.0,-51.72528
423388437.5,-51.68656
423388500.0,-51.66681
423388562.5,-51.68955
423388625.0,-51.6921
423388687.5,-51.69096
423388750.0,-51.67864
423388812.5,-51.71328
423388875.0,-51.70811
423388937.5,-51.72268
423389000.0,-51.67979
423389062.5,-51.6889
423389125.0,-51.75851
423389187.5,-51.72584
423389250.0,-51.70829
423389312.5,-51.71746
423389375.0,-51.71377
423389437.5,-51.7165
423389500.0,-51.72017
423389562.5,-51.73801
423389625.0,-51.73267
423389687.5,-51.73524
423389750.0,-51.74661
423389812.5,-51.71123
423389875.0,-51.69046
423389937.5,-51.70666
423390000.0,-51.74865
423390062.5,-51.74269
423390125.0,-51.6993
423390187.5,-51.75759
423390250.0,-51.74184
423390312.5,-51.74549
423390375.0,-51.7863
423390437.5,-51.79795
423390500.0,-51.7748
423390562.5,-51.76864
423390625.0,-51.76478
423390687.5,-51.79136
423390750.0,-51.76997
423390812.5,-51.73101
423390875.0,-51.7459
423390937.5,-51.74929
423391000.0,-51.73602
423391062.5,-51.76345
423391125.0,-51.7995
423391187.5,-51.75684
423391250.0,-51.78216
423391312.5,-51.74241
423391375.0,-51.78598
423391437.5,-51.79757
423391500.0,-51.78283
423391562.5,-51.7045
423391625.0,-51.76997
423391687.5,-51.78038
423391750.0,-51.78536
423391812.5,-51.82001
423391875.0,-51.77103
423391937.5,-51.83237
423392000.0,-51.8223
423392062.5,-51.79925
423392125.0,-51.80658
423392187.5,-51.77002
423392250.0,-51.76936
423392312.5,-51.83689
423392375.0,-51.82036
423392437.5,-51.81001
423392500.0,-51.80115
423392562.5,-51.81814
423392625.0,-51.81501
423392687.5,-51.77361
423392750.0,-51.77734
423392812.5,-51.78107
423392875.0,-51.82591
423392937.5,-51.84549
423393000.0,-51.77883
423393062.5,-51.77305
423393125.0,-51.78108
423393187.5,-51.84347
423393250.0,-51.80938
423393312.5,-51.83083
423393375.0,-51.74641
423393437.5,-51.84248
423393500.0,-51.83147
423393562.5,-51.82566
423393625.0,-51.87528
423393687.5,-51.84544
423393750.0,-51.8078
423393812.5,-51.84039
423393875.0,-51.84404
423393937.5,-51.85385
423394000.0,-51.84007
423394062.5,-51.85354
423394125.0,-51.83893
423394187.5,-51.89403
423394250.0,-51.84675
423394312.5,-51.86029
423394375.0,-51.8567
423394437.5,-51.8998
423394500.0,-51.79749
423394562.5,-51.85683
423394625.0,-51.84013
423394687.5,-51.88729
423394750.0,-51.84649
423394812.5,-51.92041
423394875.0,-51.89851
423394937.5,-51.91008
423395000.0,-51.90573
423395062.5,-51.86648
423395125.0,-51.89548
423395187.5,-51.88115
423395250.0,-51.87347
423395312.5,-51.91298
423395375.0,-51.91564
423395437.5,-51.91414
423395500.0,-51.90955
423395562.5,-51.9311
423395625.0,-51.94941
423395687.5,-51.90019
423395750.0,-51.85362
423395812.5,-51.92717
423395875.0,-51.94228
423395937.5,-51.86746
423396000.0,-51.89532
423396062.5,-51.911
423396125.0,-51.93132
423396187.5,-51.88944
423396250.0,-51.89451
423396312.5,-51.90417
423396375.0,-51.89089
423396437.5,-51.93148
423396500.0,-51.91404
423396562.5,-51.91788
423396625.0,-51.94699
423396687.5,-51.94361
423396750.0,-52.00438
423396812.5,-51.93171
423396875.0,-52.02211
423396937.5,-51.98346
423397000.0,-51.9127
423397062.5,-51.95415
423397125.0,-51.92829
423397187.5,-51.9664
423397250.0,-51.95574
423397312.5,-51.93464
423397375.0,-51.96404
423397437.5,-51.9386
423397500.0,-51.97311
423397562.5,-51.91726
423397625.0,-51.94121
423397687.5,-51.94768
423397750.0,-51.96597
423397812.5,-52.02847
423397875.0,-51.98326
423397937.5,-51.98754
423398000.0,-51.98319
423398062.5,-51.97063
423398125.0,-51.93198
423398187.5,-52.02067
423398250.0,-51.99723
423398312.5,-51.97614
423398375.0,-51.98655
423398437.5,-52.00602
423398500.0,-52.03293
423398562.5,-52.03022
423398625.0,-51.95954
423398687.5,-52.00961
423398750.0,-52.00997
423398812.5,-51.98505
423398875.0,-52.01595
423398937.5,-52.04578
423399000.0,-52.00354
423399062.5,-52.06979
423399125.0,-52.02659
423399187.5,-51.9996
423399250.0,-52.0059
423399312.5,-52.06245
423399375.0,-51.99268
423399437.5,-52.05209
423399500.0,-52.05945
423399562.5,-51.99713
423399625.0,-52.03318
423399687.5,-51.98806
423399750.0,-52.02325
423399812.5,-52.07641
423399875.0,-52.03896
423399937.5,-52.07347
423400000.0,-52.07815
423400062.5,-52.06652
423400125.0,-52.09078
423400187.5,-52.05594
423400250.0,-52.03279
423400312.5,-52.0242
423400375.0,-52.03367
423400437.5,-52.00473
423400500.0,-52.06104
423400562.5,-52.07238
423400625.0,-52.06889
423400687.5,-52.0094
423400750.0,-52.07948
423400812.5,-52.06795
423400875.0,-52.06222
423400937.5,-52.05423
423401000.0,-52.05309
423401062.5,-52.04794
423401125.0,-52.05206
423401187.5,-52.08113
423401250.0,-52.09489
423401312.5,-52.08299
423401375.0,-52.09973
423401437.5,-52.1032
423401500.0,-52.09452
423401562.5,-52.03145
423401625.0,-52.04243
423401687.5,-52.0856
423401750.0,-52.07413
423401812.5,-52.05145
423401875.0,-52.06973
423401937.5,-52.0695
423402000.0,-52.07833
423402062.5,-52.07595
423402125.0,-52.0902
423402187.5,-52.12917
423402250.0,-52.0793
423402312.5,-52.12547
423402375.0,-52.13992
423402437.5,-52.11873
423402500.0,-52.14375
423402562.5,-52.06336
423402625.0,-52.15124
423402687.5,-52.10272
423402750.0,-52.12441
423402812.5,-52.09428
423402875.0,-52.12614
423402937.5,-52.11874
423403000.0,-52.08973
423403062.5,-52.11138
423403125.0,-52.17254
423403187.5,-52.13923
423403250.0,-52.13258
423403312.5,-52.12691
423403375.0,-52.08189
423403437.5,-52.15369
423403500.0,-52.1176
423403562.5,-52.12899
423403625.0,-52.1356
423403687.5,-52.15112
423403750.0,-52.15504
423403812.5,-52.1273
423403875.0,-52.1536
423403937.5,-52.19812
423404000.0,-52.22239
423404062.5,-52.18979
423404125.0,-52.20394
423404187.5,-52.14139
423404250.0,-52.16166
423404312.5,-52.20567
423404375.0,-52.19824
423404437.5,-52.1396
423404500.0,-52.15929
423404562.5,-52.16979
423404625.0,-52.15385
423404687.5,-52.1389
423404750.0,-52.18496
423404812.5,-52.20401
423404875.0,-52.18777
423404937.5,-52.20247
423405000.0,-52.2136
423405062.5,-52.13702
423405125.0,-52.17783
423405187.5,-52.22767
423405250.0,-52.16838
423405312.5,-52.20115
423405375.0,-52.16807
423405437.5,-52.18938
423405500.0,-52.16296
423405562.5,-52.23977
423405625.0,-52.23901
423405687.5,-52.24923
423405750.0,-52.17546
423405812.5,-52.21075
423405875.0,-52.23965
423405937.5,-52.1734
423406000.0,-52.19801
423406062.5,-52.22924
423406125.0,-52.20024
423406187.5,-52.21227
423406250.0,-52.28735
423406312.5,-52.25307
423406375.0,-52.25079
423406437.5,-52.16129
423406500.0,-52.22795
423406562.5,-52.28023
423406625.0,-52.27109
423406687.5,-52.249
423406750.0,-52.22617
423406812.5,-52.25663
423406875.0,-52.27942
423406937.5,-52.23893
423407000.0,-52.23164
423407062.5,-52.23552
423407125.0,-52.23465
423407187.5,-52.25135
423407250.0,-52.22777
423407312.5,-52.24767
423407375.0,-52.2915
423407437.5,-52.30141
423407500.0,-52.25837
423407562.5,-52.20668
423407625.0,-52.31006
423407687.5,-52.29644
423407750.0,-52.28158
423407812.5,-52.29379
423407875.0,-52.32091
423407937.5,-52.29006
423408000.0,-52.29263
423408062.5,-52.32298
423408125.0,-52.2747
423408187.5,-52.31889
423408250.0,-52.29799
423408312.5,-52.30462
423408375.0,-52.31289
423408437.5,-52.31258
423408500.0,-52.31653
423408562.5,-52.30315
423408625.0,-52.32432
423408687.5,-52.30743
423408750.0,-52.30762
423408812.5,-52.32192
423408875.0,-52.29676
423408937.5,-52.33081
423409000.0,-52.303
423409062.5,-52.3121
423409125.0,-52.25142
423409187.5,-52.2921
423409250.0,-52.31528
423409312.5,-52.30917
423409375.0,-52.32509
423409437.5,-52.29477
423409500.0,-52.26759
423409562.5,-52.30105
423409625.0,-52.29561
423409687.5,-52.33485
423409750.0,-52.34415
423409812.5,-52.37593
423409875.0,-52.35443
423409937.5,-52.34006
423410000.0,-52.34163
423410062.5,-52.36188
423410125.0,-52.35378
423410187.5,-52.33194
423410250.0,-52.3575
423410312.5,-52.31539
423410375.0,-52.35047
423410437.5,-52.34889
423410500.0,-52.35757
423410562.5,-52.35698
423410625.0,-52.29974
423410687.5,-52.32011
423410750.0,-52.40366
423410812.5,-52.3525
423410875.0,-52.34583
423410937.5,-52.36016
423411000.0,-52.36988
423411062.5,-52.40501
423411125.0,-52.38351
423411187.5,-52.35418
423411250.0,-52.37997
423411312.5,-52.41994
423411375.0,-52.35466
423411437.5,-52.35881
423411500.0,-52.37289
423411562.5,-52.35941
423411625.0,-52.36992
423411687.5,-52.34063
423411750.0,-52.39998
423411812.5,-52.38444
423411875.0,-52.44717
423411937.5,-52.44958
423412000.0,-52.36592
423412062.5,-52.41344
423412125.0,-52.41307
423412187.5,-52.38205
423412250.0,-52.38504
423412312.5,-52.39716
423412375.0,-52.39116
423412437.5,-52.3833
423412500.0,-52.43225
423412562.5,-52.4323
423412625.0,-52.4437
423412687.5,-52.43539
423412750.0,-52.41568
423412812.5,-52.40807
423412875.0,-52.39394
423412937.5,-52.47709
423413000.0,-52.43247
423413062.5,-52.49582
423413125.0,-52.44051
423413187.5,-52.41478
423413250.0,-52.48174
423413312.5,-52.49733
423413375.0,-52.4277
423413437.5,-52.45517
423413500.0,-52.44481
423413562.5,-52.46781
423413625.0,-52.44789
423413687.5,-52.44294
423413750.0,-52.43568
423413812.5,-52.45885
423413875.0,-52.43496
423413937.5,-52.45596
423414000.0,-52.46119
423414062.5,-52.4909
423414125.0,-52.47122
423414187.5,-52.41705
423414250.0,-52.44856
423414312.5,-52.45072
423414375.0,-52.49473
423414437.5,-52.44788
423414500.0,-52.46498
423414562.5,-52.46851
423414625.0,-52.47645
423414687.5,-52.45827
423414750.0,-52.47182
423414812.5,-52.4295
423414875.0,-52.4791
423414937.5,-52.52859
423415000.0,-52.46883
423415062.5,-52.47711
423415125.0,-52.5015
423415187.5,-52.47112
423415250.0,-52.42101
423415312.5,-52.49194
423415375.0,-52.50132
423415437.5,-52.41151
423415500.0,-52.52209
423415562.5,-52.5095
423415625.0,-52.54924
423415687.5,-52.52482
423415750.0,-52.48167
423415812.5,-52.53484
423415875.0,-52.47687
423415937.5,-52.51725
423416000.0,-52.5592
423416062.5,-52.48962
423416125.0,-52.53803
423416187.5,-52.51876
423416250.0,-52.55066
423416312.5,-52.5205
423416375.0,-52.51303
423416437.5,-52.49407
423416500.0,-52.5484
423416562.5,-52.51443
423416625.0,-52.54236
423416687.5,-52.54154
423416750.0,-52.57434
423416812.5,-52.52237
423416875.0,-52.54014
423416937.5,-52.50605
423417000.0,-52.53136
423417062.5,-52.55572
423417125.0,-52.56241
423417187.5,-52.61091
423417250.0,-52.58123
423417312.5,-52.57608
423417375.0,-52.53398
423417437.5,-52.55334
423417500.0,-52.54345
423417562.5,-52.52808
423417625.0,-52.56816
423417687.5,-52.59432
423417750.0,-52.56371
423417812.5,-52.55111
423417875.0,-52.59914
423417937.5,-52.58245
423418000.0,-52.5871
423418062.5,-52.54991
423418125.0,-52.56
423418187.5,-52.60506
423418250.0,-52.55239
423418312.5,-52.54438
423418375.0,-52.55537
423418437.5,-52.57964
423418500.0,-52.61917
423418562.5,-52.5601
423418625.0,-52.56498
423418687.5,-52.55064
423418750.0,-52.61799
423418812.5,-52.56848
423418875.0,-52.59033
423418937.5,-52.64943
423419000.0,-52.60775
423419062.5,-52.64058
423419125.0,-52.62214
423419187.5,-52.64188
423419250.0,-52.60526
423419312.5,-52.60758
423419375.0,-52.57891
423419437.5,-52.59457
423419500.0,-52.59307
423419562.5,-52.63419
423419625.0,-52.60956
423419687.5,-52.66177
423419750.0,-52.6573
423419812.5,-52.60538
423419875.0,-52.64395
423419937.5,-52.61716
423420000.0,-52.66141
423420062.5,-52.6463
423420125.0,-52.63326
423420187.5,-52.65931
423420250.0,-52.65955
423420312.5,-52.62447
423420375.0,-52.62622
423420437.5,-52.63242
423420500.0,-52.6581
423420562.5,-52.64986
423420625.0,-52.67299
423420687.5,-52.62863
423420750.0,-52.64365
423420812.5,-52.63813
423420875.0,-52.64913
423420937.5,-52.62728
423421000.0,-52.62316
423421062.5,-52.64102
423421125.0,-52.63788
423421187.5,-52.65893
423421250.0,-52.65155
423421312.5,-52.70975
423421375.0,-52.65853
423421437.5,-52.67405
423421500.0,-52.65969
423421562.5,-52.70061
423421625.0,-52.66995
423421687.5,-52.66051
423421750.0,-52.67214
423421812.5,-52.68159
423421875.0,-52.59918
423421937.5,-52.6912
423422000.0,-52.67349
423422062.5,-52.69462
423422125.0,-52.7416
423422187.5,-52.66816
423422250.0,-52.68697
423422312.5,-52.69654
423422375.0,-52.72291
423422437.5,-52.76066
423422500.0,-52.67514
423422562.5,-52.7233
423422625.0,-52.68763
423422687.5,-52.68162
423422750.0,-52.68016
423422812.5,-52.69717
423422875.0,-52.75858
423422937.5,-52.72305
423423000.0,-52.66171
423423062.5,-52.69091
423423125.0,-52.69529
423423187.5,-52.70492
423423250.0,-52.74
423423312.5,-52.71574
423423375.0,-52.69389
423423437.5,-52.70829
423423500.0,-52.72269
423423562.5,-52.70966
423423625.0,-52.77044
423423687.5,-52.76729
423423750.0,-52.70396
423423812.5,-52.71564
423423875.0,-52.74089
423423937.5,-52.76034
423424000.0,-52.69915
423424062.5,-52.71946
423424125.0,-52.70943
423424187.5,-52.71715
423424250.0,-52.79227
423424312.5,-52.72058
423424375.0,-52.70639
423424437.5,-52.73651
423424500.0,-52.79256
423424562.5,-52.76732
423424625.0,-52.77149
423424687.5,-52.7069
423424750.0,-52.79266
423424812.5,-52.81569
423424875.0,-52.75939
423424937.5,-52.75245
423425000.0,-52.82148
423425062.5,-52.80339
423425125.0,-52.76124
423425187.5,-52.81613
423425250.0,-52.82553
423425312.5,-52.78381
423425375.0,-52.77356
423425437.5,-52.77991
423425500.0,-52.74365
423425562.5,-52.75901
423425625.0,-52.74465
423425687.5,-52.79903
423425750.0,-52.78468
423425812.5,-52.77473
423425875.0,-52.76088
423425937.5,-52.79199
423426000.0,-52.76096
423426062.5,-52.80903
423426125.0,-52.82982
423426187.5,-52.77897
423426250.0,-52.85142
423426312.5,-52.79859
423426375.0,-52.85153
423426437.5,-52.76741
423426500.0,-52.80291
423426562.5,-52.8203
423426625.0,-52.78117
423426687.5,-52.85876
423426750.0,-52.8397
423426812.5,-52.82583
423426875.0,-52.81442
423426937.5,-52.784
423427000.0,-52.81829
423427062.5,-52.8371
423427125.0,-52.85152
423427187.5,-52.79581
423427250.0,-52.7928
423427312.5,-52.7942
423427375.0,-52.83458
423427437.5,-52.82871
423427500.0,-52.85083
423427562.5,-52.82872
423427625.0,-52.83863
423427687.5,-52.83442
423427750.0,-52.8456
423427812.5,-52.83951
423427875.0,-52.85868
423427937.5,-52.84397
423428000.0,-52.89532
423428062.5,-52.8805
423428125.0,-52.85608
423428187.5,-52.86412
423428250.0,-52.84525
423428312.5,-52.87776
423428375.0,-52.85875
423428437.5,-52.86129
423428500.0,-52.86188
423428562.5,-52.79789
423428625.0,-52.81557
423428687.5,-52.87354
423428750.0,-52.90938
423428812.5,-52.8798
423428875.0,-52.9114
423428937.5,-52.95021
423429000.0,-52.90987
423429062.5,-52.88291
423429125.0,-52.87531
423429187.5,-52.888
423429250.0,-52.85988
423429312.5,-52.85681
423429375.0,-52.91637
423429437.5,-52.90735
423429500.0,-52.87925
423429562.5,-52.92521
423429625.0,-52.87788
423429687.5,-52.89877
423429750.0,-52.88745
423429812.5,-52.92929
423429875.0,-52.95071
423429937.5,-52.91576
423430000.0,-52.95962
423430062.5,-52.90097
423430125.0,-52.90476
423430187.5,-52.88002
423430250.0,-52.86946
423430312.5,-52.91055
423430375.0,-52.95227
423430437.5,-52.95879
423430500.0,-52.94733
423430562.5,-52.90982
423430625.0,-52.94157
423430687.5,-52.93307
423430750.0,-52.93661
423430812.5,-52.95625
423430875.0,-52.97621
423430937.5,-52.92699
423431000.0,-52.99289
423431062.5,-52.93902
423431125.0,-52.91941
423431187.5,-52.98409
423431250.0,-52.96254
423431312.5,-52.99562
423431375.0,-52.96107
423431437.5,-52.90907
423431500.0,-52.93435
423431562.5,-52.97919
423431625.0,-52.94477
423431687.5,-52.90078
423431750.0,-52.97196
423431812.5,-52.96062
423431875.0,-52.89952
423431937.5,-52.92762
423432000.0,-52.98501
423432062.5,-52.96019
423432125.0,-52.9851
423432187.5,-52.97519
423432250.0,-52.99366
423432312.5,-52.97322
423432375.0,-52.9225
423432437.5,-52.94445
423432500.0,-52.96678
423432562.5,-52.9665
423432625.0,-52.99537
423432687.5,-53.01017
423432750.0,-52.99033
423432812.5,-52.95608
423432875.0,-53.01463
423432937.5,-52.98554
423433000.0,-52.97088
423433062.5,-52.98735
423433125.0,-52.91757
423433187.5,-52.99851
423433250.0,-53.08112
423433312.5,-53.00082
423433375.0,-52.97747
423433437.5,-52.96905
423433500.0,-53.02456
423433562.5,-53.01888
423433625.0,-53.05406
423433687.5,-53.02461
423433750.0,-53.00464
423433812.5,-53.06069
423433875.0,-53.04842
423433937.5,-53.04089
423434000.0,-53.00301
423434062.5,-53.01509
423434125.0,-53.03395
423434187.5,-53.04427
423434250.0,-52.97837
423434312.5,-53.05959
423434375.0,-53.00365
423434437.5,-53.06871
423434500.0,-53.00054
423434562.5,-53.03387
423434625.0,-53.03974
423434687.5,-53.05725
423434750.0,-53.03052
423434812.5,-53.04728
423434875.0,-53.05101
423434937.5,-53.01652
423435000.0,-53.05979
423435062.5,-53.09769
423435125.0,-53.06372
423435187.5,-52.9901
423435250.0,-53.0745
423435312.5,-53.05264
423435375.0,-53.0347
423435437.5,-53.03037
423435500.0,-53.02177
423435562.5,-53.02827
423435625.0,-53.06227
423435687.5,-53.02604
423435750.0,-53.07246
423435812.5,-53.08436
423435875.0,-53.03576
423435937.5,-53.08875
423436000.0,-53.1138
423436062.5,-53.09123
423436125.0,-53.04011
423436187.5,-53.09821
423436250.0,-53.074
423436312.5,-53.11209
423436375.0,-53.08053
423436437.5,-53.06114
423436500.0,-53.05938
423436562.5,-53.14325
423436625.0,-53.06726
423436687.5,-53.10221
423436750.0,-53.08799
423436812.5,-53.11273
423436875.0,-53.08982
423436937.5,-53.08741
423437000.0,-53.08099
423437062.5,-53.11224
423437125.0,-53.14549
423437187.5,-53.15051
423437250.0,-53.1106
423437312.5,-53.1354
423437375.0,-53.10284
423437437.5,-53.11656
423437500.0,-53.17664
423437562.5,-53.06645
423437625.0,-53.18086
423437687.5,-53.13321
423437750.0,-53.06726
423437812.5,-53.08099
423437875.0,-53.1374
423437937.5,-53.10123
423438000.0,-53.09884
423438062.5,-53.14841
423438125.0,-53.11807
423438187.5,-53.13997
423438250.0,-53.08605
423438312.5,-53.12119
423438375.0,-53.14563
423438437.5,-53.15624
423438500.0,-53.09286
423438562.5,-53.0747
423438625.0,-53.12605
423438687.5,-53.11539
423438750.0,-53.18779
423438812.5,-53.1565
423438875.0,-53.09364
423438937.5,-53.20934
423439000.0,-53.131
423439062.5,-53.11744
423439125.0,-53.12468
423439187.5,-53.15434
423439250.0,-53.14937
423439312.5,-53.14012
423439375.0,-53.20296
423439437.5,-53.1989
423439500.0,-53.16051
423439562.5,-53.13053
423439625.0,-53.16375
423439687.5,-53.2284
423439750.0,-53.10876
423439812.5,-53.19088
423439875.0,-53.11086
423439937.5,-53.16008
423440000.0,-53.13869
423440062.5,-53.19567
423440125.0,-53.19128
423440187.5,-53.19973
423440250.0,-53.13269
423440312.5,-53.22682
423440375.0,-53.17912
423440437.5,-53.14569
423440500.0,-53.23276
423440562.5,-53.20065
423440625.0,-53.1678
423440687.5,-53.20627
423440750.0,-53.25084
423440812.5,-53.19352
423440875.0,-53.17221
423440937.5,-53.18701
423441000.0,-53.18301
423441062.5,-53.14405
423441125.0,-53.19836
423441187.5,-53.1931
423441250.0,-53.17373
423441312.5,-53.18474
423441375.0,-53.18172
423441437.5,-53.25575
423441500.0,-53.19763
423441562.5,-53.19889
423441625.0,-53.19663
423441687.5,-53.2631
423441750.0,-53.24124
423441812.5,-53.17518
423441875.0,-53.23396
423441937.5,-53.24658
423442000.0,-53.21795
423442062.5,-53.24877
423442125.0,-53.2924
423442187.5,-53.23574
423442250.0,-53.19078
423442312.5,-53.22762
423442375.0,-53.30142
423442437.5,-53.22306
423442500.0,-53.25327
423442562.5,-53.2087
423442625.0,-53.20759
423442687.5,-53.22554
423442750.0,-53.20651
423442812.5,-53.22734
423442875.0,-53.182
423442937.5,-53.27295
423443000.0,-53.26926
423443062.5,-53.24733
423443125.0,-53.29236
423443187.5,-53.24032
423443250.0,-53.24388
423443312.5,-53.24078
423443375.0,-53.2793
423443437.5,-53.28886
423443500.0,-53.36068
423443562.5,-53.22529
423443625.0,-53.24356
423443687.5,-53.30923
423443750.0,-53.23382
423443812.5,-53.24102
423443875.0,-53.31211
423443937.5,-53.32035
423444000.0,-53.25882
423444062.5,-53.3498
423444125.0,-53.31304
423444187.5,-53.31049
423444250.0,-53.35595
423444312.5,-53.26207
423444375.0,-53.29038
423444437.5,-53.30483
423444500.0,-53.25459
423444562.5,-53.23515
423444625.0,-53.30299
423444687.5,-53.28724
423444750.0,-53.28115
423444812.5,-53.3347
423444875.0,-53.31348
423444937.5,-53.30063
423445000.0,-53.3325
423445062.5,-53.30883
423445125.0,-53.29133
423445187.5,-53.32118
423445250.0,-53.30961
423445312.5,-53.32284
423445375.0,-53.28843
423445437.5,-53.36228
423445500.0,-53.38974
423445562.5,-53.33006
423445625.0,-53.32383
423445687.5,-53.29565
423445750.0,-53.33155
423445812.5,-53.32148
423445875.0,-53.39357
423445937.5,-53.28692
423446000.0,-53.32687
423446062.5,-53.35381
423446125.0,-53.3386
423446187.5,-53.34451
423446250.0,-53.36975
423446312.5,-53.30942
423446375.0,-53.36012
423446437.5,-53.36753
423446500.0,-53.32089
423446562.5,-53.32017
423446625.0,-53.38091
423446687.5,-53.35693
423446750.0,-53.35283
423446812.5,-53.37957
423446875.0,-53.34217
423446937.5,-53.39472
423447000.0,-53.35554
423447062.5,-53.34814
423447125.0,-53.35601
423447187.5,-53.36158
423447250.0,-53.33828
423447312.5,-53.36572
423447375.0,-53.31855
423447437.5,-53.35527
423447500.0,-53.40891
423447562.5,-53.41352
423447625.0,-53.33075
423447687.5,-53.3896
423447750.0,-53.33586
423447812.5,-53.3894
423447875.0,-53.36434
423447937.5,-53.35803
423448000.0,-53.30677
423448062.5,-53.40545
423448125.0,-53.31372
423448187.5,-53.41652
423448250.0,-53.38149
423448312.5,-53.41737
423448375.0,-53.38848
423448437.5,-53.43231
423448500.0,-53.36516
423448562.5,-53.343
423448625.0,-53.36959
423448687.5,-53.44365
423448750.0,-53.39983
423448812.5,-53.4415
423448875.0,-53.43028
423448937.5,-53.42055
423449000.0,-53.35434
423449062.5,-53.39945
423449125.0,-53.45399
423449187.5,-53.37482
423449250.0,-53.40718
423449312.5,-53.3995
423449375.0,-53.42662
423449437.5,-53.44697
423449500.0,-53.49597
423449562.5,-53.45301
423449625.0,-53.41999
423449687.5,-53.47626
423449750.0,-53.45567
423449812.5,-53.44953
423449875.0,-53.43669
423449937.5,-53.41143
423450000.0,-53.42019
423450062.5,-53.41406
423450125.0,-53.42721
423450187.5,-53.43943
423450250.0,-53.42348
423450312.5,-53.44153
423450375.0,-53.47354
423450437.5,-53.39729
423450500.0,-53.47814
423450562.5,-53.48208
423450625.0,-53.46259
423450687.5,-53.45993
423450750.0,-53.45955
423450812.5,-53.41677
423450875.0,-53.45352
423450937.5,-53.46222
423451000.0,-53.47944
423451062.5,-53.45295
423451125.0,-53.47431
423451187.5,-53.49098
423451250.0,-53.49082
423451312.5,-53.47408
423451375.0,-53.51265
423451437.5,-53.48055
423451500.0,-53.48307
423451562.5,-53.47724
423451625.0,-53.43655
423451687.5,-53.45388
423451750.0,-53.4576
423451812.5,-53.47156
423451875.0,-53.44184
423451937.5,-53.51199
423452000.0,-53.5127
423452062.5,-53.49653
423452125.0,-53.47897
423452187.5,-53.48683
423452250.0,-53.46096
423452312.5,-53.47335
423452375.0,-53.43137
423452437.5,-53.50921
423452500.0,-53.5231
423452562.5,-53.49988
423452625.0,-53.5056
423452687.5,-53.51949
423452750.0,-53.50294
423452812.5,-53.4933
423452875.0,-53.54066
423452937.5,-53.49758
423453000.0,-53.57485
423453062.5,-53.51717
423453125.0,-53.53622
423453187.5,-53.50512
423453250.0,-53.47821
423453312.5,-53.51648
423453375.0,-53.52388
423453437.5,-53.56842
423453500.0,-53.52454
423453562.5,-53.52276
423453625.0,-53.6081
423453687.5,-53.48168
423453750.0,-53.59196
423453812.5,-53.55669
423453875.0,-53.52338
423453937.5,-53.58267
423454000.0,-53.54937
423454062.5,-53.53261
423454125.0,-53.49697
423454187.5,-53.56899
423454250.0,-53.53169
423454312.5,-53.52969
423454375.0,-53.5462
423454437.5,-53.555
423454500.0,-53.54006
423454562.5,-53.53853
423454625.0,-53.45865
423454687.5,-53.55827
423454750.0,-53.55363
423454812.5,-53.55322
423454875.0,-53.57919
423454937.5,-53.57627
423455000.0,-53.58526
423455062.5,-53.58567
423455125.0,-53.58524
423455187.5,-53.58338
423455250.0,-53.59861
423455312.5,-53.62891
423455375.0,-53.60466
423455437.5,-53.57845
423455500.0,-53.61587
423455562.5,-53.65617
423455625.0,-53.60329
423455687.5,-53.56105
423455750.0,-53.5094
423455812.5,-53.61458
423455875.0,-53.59059
423455937.5,-53.59446
423456000.0,-53.54145
423456062.5,-53.64957
423456125.0,-53.62928
423456187.5,-53.59214
423456250.0,-53.57486
423456312.5,-53.58998
423456375.0,-53.57649
423456437.5,-53.59045
423456500.0,-53.56786
423456562.5,-53.67086
423456625.0,-53.58663
423456687.5,-53.61566
423456750.0,-53.62774
423456812.5,-53.66991
423456875.0,-53.60418
423456937.5,-53.64061
423457000.0,-53.64256
423457062.5,-53.61388
423457125.0,-53.59957
423457187.5,-53.58522
423457250.0,-53.61545
423457312.5,-53.64929
423457375.0,-53.62926
423457437.5,-53.65804
423457500.0,-53.57833
423457562.5,-53.63659
423457625.0,-53.60802
423457687.5,-53.58876
423457750.0,-53.65369
423457812.5,-53.63747
423457875.0,-53.65238
423457937.5,-53.63565
423458000.0,-53.64852
423458062.5,-53.62411
423458125.0,-53.60561
423458187.5,-53.61238
423458250.0,-53.62442
423458312.5,-53.71902
423458375.0,-53.69217
423458437.5,-53.65565
423458500.0,-53.65696
423458562.5,-53.66959
423458625.0,-53.67977
423458687.5,-53.62845
423458750.0,-53.65236
423458812.5,-53.68507
423458875.0,-53.57176
423458937.5,-53.68054
423459000.0,-53.61829
423459062.5,-53.65141
423459125.0,-53.6345
423459187.5,-53.6862
423459250.0,-53.67067
423459312.5,-53.67164
423459375.0,-53.6966
423459437.5,-53.71552
423459500.0,-53.6304
423459562.5,-53.693
423459625.0,-53.67223
423459687.5,-53.71386
423459750.0,-53.70561
423459812.5,-53.6867
423459875.0,-53.75542
423459937.5,-53.68084
423460000.0,-53.73513
423460062.5,-53.75739
423460125.0,-53.64938
423460187.5,-53.70432
423460250.0,-53.71938
423460312.5,-53.72466
423460375.0,-53.80693
423460437.5,-53.74548
423460500.0,-53.72573
423460562.5,-53.73137
423460625.0,-53.70043
423460687.5,-53.72218
423460750.0,-53.75679
423460812.5,-53.72852
423460875.0,-53.70466
423460937.5,-53.70724
423461000.0,-53.71227
423461062.5,-53.77642
423461125.0,-53.77921
423461187.5,-53.74007
423461250.0,-53.74021
423461312.5,-53.73473
423461375.0,-53.65145
423461437.5,-53.70772
423461500.0,-53.74441
423461562.5,-53.75953
423461625.0,-53.71842
423461687.5,-53.73577
423461750.0,-53.78141
423461812.5,-53.68522
423461875.0,-53.71897
423461937.5,-53.7081
423462000.0,-53.75823
423462062.5,-53.70003
423462125.0,-53.74944
423462187.5,-53.7658
423462250.0,-53.73664
423462312.5,-53.75784
423462375.0,-53.73013
423462437.5,-53.68434
423462500.0,-53.7618
423462562.5,-53.72087
423462625.0,-53.76757
423462687.5,-53.78357
423462750.0,-53.79188
423462812.5,-53.7792
423462875.0,-53.83767
423462937.5,-53.72968
423463000.0,-53.78903
423463062.5,-53.78677
423463125.0,-53.79185
423463187.5,-53.75248
423463250.0,-53.72683
423463312.5,-53.75697
423463375.0,-53.79287
423463437.5,-53.82082
423463500.0,-53.77533
423463562.5,-53.80169
423463625.0,-53.85133
423463687.5,-53.77736
423463750.0,-53.80024
423463812.5,-53.83458
423463875.0,-53.77395
423463937.5,-53.74126
423464000.0,-53.74293
423464062.5,-53.79307
423464125.0,-53.8607
423464187.5,-53.81018
423464250.0,-53.77719
423464312.5,-53.78182
423464375.0,-53.81442
423464437.5,-53.76269
423464500.0,-53.82874
423464562.5,-53.81117
423464625.0,-53.76611
423464687.5,-53.7651
423464750.0,-53.82868
423464812.5,-53.78966
423464875.0,-53.79264
423464937.5,-53.81715
423465000.0,-53.80982
423465062.5,-53.78143
423465125.0,-53.79737
423465187.5,-53.7846
423465250.0,-53.79591
423465312.5,-53.86264
423465375.0,-53.79351
423465437.5,-53.80166
423465500.0,-53.83117
423465562.5,-53.87624
423465625.0,-53.78565
423465687.5,-53.84222
423465750.0,-53.84156
423465812.5,-53.80098
423465875.0,-53.84007
423465937.5,-53.87081
423466000.0,-53.83486
423466062.5,-53.85486
423466125.0,-53.86876
423466187.5,-53.81182
423466250.0,-53.83801
423466312.5,-53.83546
423466375.0,-53.83245
423466437.5,-53.88138
423466500.0,-53.8175
423466562.5,-53.79907
423466625.0,-53.89298
423466687.5,-53.90556
423466750.0,-53.83841
423466812.5,-53.82395
423466875.0,-53.85215
423466937.5,-53.85874
423467000.0,-53.85839
423467062.5,-53.83842
423467125.0,-53.87524
423467187.5,-53.92535
423467250.0,-53.87216
423467312.5,-53.90102
423467375.0,-53.88515
423467437.5,-53.86483
423467500.0,-53.91781
423467562.5,-53.82992
423467625.0,-53.86317
423467687.5,-53.9003
423467750.0,-53.88713
423467812.5,-53.90803
423467875.0,-53.93863
423467937.5,-53.9065
423468000.0,-53.88594
423468062.5,-53.95203
423468125.0,-53.9124
423468187.5,-53.87031
423468250.0,-53.88282
423468312.5,-53.94972
423468375.0,-53.93345
423468437.5,-53.85146
423468500.0,-53.88234
423468562.5,-53.89178
423468625.0,-53.89454
423468687.5,-53.91581
423468750.0,-53.91184
423468812.5,-53.90517
423468875.0,-53.90253
423468937.5,-53.85078
423469000.0,-53.9462
423469062.5,-53.89515
423469125.0,-53.90631
423469187.5,-53.93041
423469250.0,-53.9605
423469312.5,-53.9184
423469375.0,-53.95321
423469437.5,-53.93148
423469500.0,-53.90417
423469562.5,-53.93609
423469625.0,-53.96437
423469687.5,-53.86649
423469750.0,-53.97041
423469812.5,-53.90169
423469875.0,-54.02433
423469937.5,-53.91522
423470000.0,-53.90002
423470062.5,-53.92883
423470125.0,-53.9205
423470187.5,-53.91483
423470250.0,-53.92678
423470312.5,-53.93341
423470375.0,-53.90462
423470437.5,-53.9295
423470500.0,-53.92116
423470562.5,-53.90749
423470625.0,-53.94184
423470687.5,-53.93716
423470750.0,-54.02954
423470812.5,-53.95365
423470875.0,-53.95351
423470937.5,-53.93523
423471000.0,-53.97573
423471062.5,-53.99819
423471125.0,-53.97964
423471187.5,-53.94392
423471250.0,-53.99899
423471312.5,-54.0155
423471375.0,-53.96115
423471437.5,-53.89435
423471500.0,-53.93478
423471562.5,-53.93281
423471625.0,-54.02065
423471687.5,-53.95866
423471750.0,-54.00949
423471812.5,-53.98991
423471875.0,-53.94594
423471937.5,-54.02985
423472000.0,-53.97864
423472062.5,-53.99016
423472125.0,-54.02921
423472187.5,-53.98523
423472250.0,-53.99755
423472312.5,-53.99811
423472375.0,-53.97357
423472437.5,-54.01326
423472500.0,-53.92579
423472562.5,-53.99935
423472625.0,-53.96066
423472687.5,-53.93577
423472750.0,-53.99512
423472812.5,-54.08655
423472875.0,-54.03214
423472937.5,-54.06056
423473000.0,-54.02214
423473062.5,-54.03996
423473125.0,-53.99047
423473187.5,-53.95655
423473250.0,-54.02943
423473312.5,-53.97731
423473375.0,-54.00229
423473437.5,-54.01342
423473500.0,-54.00516
423473562.5,-53.99162
423473625.0,-54.0798
423473687.5,-54.02978
423473750.0,-54.00402
423473812.5,-54.02961
423473875.0,-54.04756
423473937.5,-54.04834
423474000.0,-54.08261
423474062.5,-54.06057
423474125.0,-54.01202
423474187.5,-54.10056
423474250.0,-54.00401
423474312.5,-54.0407
423474375.0,-54.05813
423474437.5,-54.02731
423474500.0,-54.05564
423474562.5,-54.04464
423474625.0,-54.07507
423474687.5,-53.99619
423474750.0,-54.05134
423474812.5,-54.08949
423474875.0,-54.02114
423474937.5,-54.02136
423475000.0,-54.04742
423475062.5,-54.04701
423475125.0,-54.03188
423475187.5,-54.02229
423475250.0,-54.05968
423475312.5,-54.07493
423475375.0,-54.04181
423475437.5,-54.06396
423475500.0,-54.08466
423475562.5,-54.09747
423475625.0,-54.01525
423475687.5,-54.05486
423475750.0,-54.04758
423475812.5,-54.07997
423475875.0,-54.05423
423475937.5,-54.12022
423476000.0,-54.02774
423476062.5,-54.0729
423476125.0,-54.0625
423476187.5,-54.1249
423476250.0,-54.11325
423476312.5,-54.07155
423476375.0,-54.10988
423476437.5,-54.03626
423476500.0,-54.00592
423476562.5,-54.0415
423476625.0,-54.10699
423476687.5,-54.11442
423476750.0,-54.12287
423476812.5,-54.05509
423476875.0,-54.09411
423476937.5,-54.10611
423477000.0,-54.09776
423477062.5,-54.11659
423477125.0,-54.06334
423477187.5,-54.05994
423477250.0,-54.14058
423477312.5,-54.14632
423477375.0,-54.11582
423477437.5,-54.13916
423477500.0,-54.1277
423477562.5,-54.09016
423477625.0,-54.1558
423477687.5,-54.15932
423477750.0,-54.10574
423477812.5,-54.13696
423477875.0,-54.11752
423477937.5,-54.12529
423478000.0,-54.21597
423478062.5,-54.13841
423478125.0,-54.12746
423478187.5,-54.15928
423478250.0,-54.12859
423478312.5,-54.18606
423478375.0,-54.13212
423478437.5,-54.20465
423478500.0,-54.18056
423478562.5,-54.12141
423478625.0,-54.15415
423478687.5,-54.11436
423478750.0,-54.16186
423478812.5,-54.14395
423478875.0,-54.13069
423478937.5,-54.10421
423479000.0,-54.1581
423479062.5,-54.13736
423479125.0,-54.0932
423479187.5,-54.11351
423479250.0,-54.18712
423479312.5,-54.13103
423479375.0,-54.18277
423479437.5,-54.15233
423479500.0,-54.15585
423479562.5,-54.15367
423479625.0,-54.17059
423479687.5,-54.1905
423479750.0,-54.16438
423479812.5,-54.21176
423479875.0,-54.21816
423479937.5,-54.15338
423480000.0,-54.16577
423480062.5,-54.18785
423480125.0,-54.1325
423480187.5,-54.16179
423480250.0,-54.1798
423480312.5,-54.18616
423480375.0,-54.20541
423480437.5,-54.14199
423480500.0,-54.22741
423480562.5,-54.23278
423480625.0,-54.20001
423480687.5,-54.22591
423480750.0,-54.15695
423480812.5,-54.18078
423480875.0,-54.17299
423480937.5,-54.20617
423481000.0,-54.20963
423481062.5,-54.23958
423481125.0,-54.26632
423481187.5,-54.19308
423481250.0,-54.22585
423481312.5,-54.23067
423481375.0,-54.21649
423481437.5,-54.16489
423481500.0,-54.21154
423481562.5,-54.17081
423481625.0,-54.20004
423481687.5,-54.27657
423481750.0,-54.22191
423481812.5,-54.17099
423481875.0,-54.21457
423481937.5,-54.23503
423482000.0,-54.28072
423482062.5,-54.25511
423482125.0,-54.2351
423482187.5,-54.25756
423482250.0,-54.25539
423482312.5,-54.25923
423482375.0,-54.19839
423482437.5,-54.24767
423482500.0,-54.23313
423482562.5,-54.26618
423482625.0,-54.20717
423482687.5,-54.15882
423482750.0,-54.23373
423482812.5,-54.2522
423482875.0,-54.21912
423482937.5,-54.29229
423483000.0,-54.28618
423483062.5,-54.24919
423483125.0,-54.22999
423483187.5,-54.24101
423483250.0,-54.23906
423483312.5,-54.2365
423483375.0,-54.23841
423483437.5,-54.22105
423483500.0,-54.26564
423483562.5,-54.21951
423483625.0,-54.23973
423483687.5,-54.30352
423483750.0,-54.26445
423483812.5,-54.28394
423483875.0,-54.29362
423483937.5,-54.24612
423484000.0,-54.25664
423484062.5,-54.26525
423484125.0,-54.31234
423484187.5,-54.23734
423484250.0,-54.26109
423484312.5,-54.32421
423484375.0,-54.31846
423484437.5,-54.29978
423484500.0,-54.26377
423484562.5,-54.31044
423484625.0,-54.24002
423484687.5,-54.30082
423484750.0,-54.29833
423484812.5,-54.27842
423484875.0,-54.32727
423484937.5,-54.2443
423485000.0,-54.27084
423485062.5,-54.25675
423485125.0,-54.33986
423485187.5,-54.29956
423485250.0,-54.28502
423485312.5,-54.2978
423485375.0,-54.31817
423485437.5,-54.29744
423485500.0,-54.35301
423485562.5,-54.27267
423485625.0,-54.31789
423485687.5,-54.30758
423485750.0,-54.30205
423485812.5,-54.38813
423485875.0,-54.35175
423485937.5,-54.33696
423486000.0,-54.28425
423486062.5,-54.31095
423486125.0,-54.31398
423486187.5,-54.34451
423486250.0,-54.31802
423486312.5,-54.33911
423486375.0,-54.35076
423486437.5,-54.28218
423486500.0,-54.28625
423486562.5,-54.35765
423486625.0,-54.32514
423486687.5,-54.29911
423486750.0,-54.34911
423486812.5,-54.37294
423486875.0,-54.39093
423486937.5,-54.36609
423487000.0,-54.3861
423487062.5,-54.32606
423487125.0,-54.3502
423487187.5,-54.3337
423487250.0,-54.37595
423487312.5,-54.30417
423487375.0,-54.43025
423487437.5,-54.34935
423487500.0,-54.32698
423487562.5,-54.36924
423487625.0,-54.3309
423487687.5,-54.34071
423487750.0,-54.29721
423487812.5,-54.39491
423487875.0,-54.31082
423487937.5,-54.34068
423488000.0,-54.40047
423488062.5,-54.31913
423488125.0,-54.37783
423488187.5,-54.36185
423488250.0,-54.35196
423488312.5,-54.29221
423488375.0,-54.37687
423488437.5,-54.39235
423488500.0,-54.35778
423488562.5,-54.41926
423488625.0,-54.35135
423488687.5,-54.35892
423488750.0,-54.34213
423488812.5,-54.38088
423488875.0,-54.38432
423488937.5,-54.40319
423489000.0,-54.36189
423489062.5,-54.37973
423489125.0,-54.39499
423489187.5,-54.33892
423489250.0,-54.3918
423489312.5,-54.44759
423489375.0,-54.41475
423489437.5,-54.37049
423489500.0,-54.35706
423489562.5,-54.36598
423489625.0,-54.42168
423489687.5,-54.34526
423489750.0,-54.38958
423489812.5,-54.42598
423489875.0,-54.37529
423489937.5,-54.34754
423490000.0,-54.40978
423490062.5,-54.41797
423490125.0,-54.40149
423490187.5,-54.44873
423490250.0,-54.53979
423490312.5,-54.38449
423490375.0,-54.45016
423490437.5,-54.45496
423490500.0,-54.39616
423490562.5,-54.46355
423490625.0,-54.43283
423490687.5,-54.41549
423490750.0,-54.43857
423490812.5,-54.45802
423490875.0,-54.4995
423490937.5,-54.44228
423491000.0,-54.46012
423491062.5,-54.41243
423491125.0,-54.44028
423491187.5,-54.43617
423491250.0,-54.41173
423491312.5,-54.36232
423491375.0,-54.43747
423491437.5,-54.46597
423491500.0,-54.46189
423491562.5,-54.479
423491625.0,-54.39838
423491687.5,-54.46319
423491750.0,-54.4704
423491812.5,-54.46384
423491875.0,-54.42269
423491937.5,-54.40841
423492000.0,-54.44844
423492062.5,-54.4198
423492125.0,-54.44719
423492187.5,-54.41033
423492250.0,-54.44738
423492312.5,-54.44529
423492375.0,-54.39732
423492437.5,-54.48751
423492500.0,-54.45948
423492562.5,-54.47797
423492625.0,-54.45574
423492687.5,-54.49465
423492750.0,-54.42884
423492812.5,-54.45727
423492875.0,-54.47964
423492937.5,-54.44727
423493000.0,-54.50133
423493062.5,-54.49539
423493125.0,-54.49143
423493187.5,-54.47712
423493250.0,-54.48211
423493312.5,-54.44593
423493375.0,-54.53199
423493437.5,-54.50583
423493500.0,-54.53947
423493562.5,-54.56811
423493625.0,-54.45367
423493687.5,-54.52733
423493750.0,-54.47155
423493812.5,-54.49035
423493875.0,-54.53037
423493937.5,-54.57853
423494000.0,-54.52099
423494062.5,-54.46156
423494125.0,-54.55117
423494187.5,-54.54722
423494250.0,-54.5447
423494312.5,-54.56182
423494375.0,-54.53857
423494437.5,-54.52971
423494500.0,-54.54239
423494562.5,-54.51928
423494625.0,-54.45812
423494687.5,-54.52703
423494750.0,-54.49737
423494812.5,-54.52251
423494875.0,-54.48716
423494937.5,-54.51864
423495000.0,-54.51547
423495062.5,-54.44952
423495125.0,-54.50183
423495187.5,-54.52375
423495250.0,-54.55761
423495312.5,-54.54917
423495375.0,-54.54905
423495437.5,-54.54611
423495500.0,-54.44907
423495562.5,-54.5474
423495625.0,-54.60067
423495687.5,-54.56797
423495750.0,-54.49369
423495812.5,-54.55732
423495875.0,-54.50339
423495937.5,-54.49928
423496000.0,-54.5372
423496062.5,-54.51551
423496125.0,-54.54619
423496187.5,-54.61255
423496250.0,-54.56366
423496312.5,-54.61085
423496375.0,-54.54865
423496437.5,-54.58774
423496500.0,-54.58008
423496562.5,-54.58053
423496625.0,-54.57055
423496687.5,-54.5876
423496750.0,-54.61157
423496812.5,-54.60722
423496875.0,-54.56593
423496937.5,-54.53962
423497000.0,-54.61133
423497062.5,-54.49934
423497125.0,-54.52715
423497187.5,-54.60115
423497250.0,-54.65378
423497312.5,-54.61177
423497375.0,-54.6138
423497437.5,-54.57636
423497500.0,-54.57496
423497562.5,-54.6445
423497625.0,-54.5816
423497687.5,-54.59012
423497750.0,-54.59745
423497812.5,-54.61225
423497875.0,-54.56273
423497937.5,-54.59773
423498000.0,-54.55822
423498062.5,-54.60446
423498125.0,-54.59671
423498187.5,-54.60175
423498250.0,-54.60621
423498312.5,-54.62912
423498375.0,-54.62542
423498437.5,-54.6199
423498500.0,-54.56186
423498562.5,-54.58298
423498625.0,-54.5618
423498687.5,-54.61861
423498750.0,-54.57816
423498812.5,-54.5904
423498875.0,-54.65629
423498937.5,-54.60782
423499000.0,-54.61174
423499062.5,-54.60528
423499125.0,-54.61677
423499187.5,-54.64456
423499250.0,-54.60927
423499312.5,-54.617
423499375.0,-54.58329
423499437.5,-54.57564
423499500.0,-54.65872
423499562.5,-54.67467
423499625.0,-54.58385
423499687.5,-54.69946
423499750.0,-54.65144
423499812.5,-54.66417
423499875.0,-54.61887
423499937.5,-54.67234
423500000.0,-54.65481
423500062.5,-54.68299
423500125.0,-54.6251
423500187.5,-54.61195
423500250.0,-54.67704
423500312.5,-54.61204
423500375.0,-54.62274
423500437.5,-54.65871
423500500.0,-54.62829
423500562.5,-54.64043
423500625.0,-54.64275
423500687.5,-54.63696
423500750.0,-54.66448
423500812.5,-54.61847
423500875.0,-54.70495
423500937.5,-54.69877
423501000.0,-54.63969
423501062.5,-54.7158
423501125.0,-54.63926
423501187.5,-54.63952
423501250.0,-54.66673
423501312.5,-54.67989
423501375.0,-54.69991
423501437.5,-54.69606
423501500.0,-54.65583
423501562.5,-54.6731
423501625.0,-54.72274
423501687.5,-54.65938
423501750.0,-54.67142
423501812.5,-54.74216
423501875.0,-54.71839
423501937.5,-54.71856
423502000.0,-54.70177
423502062.5,-54.72287
423502125.0,-54.68444
423502187.5,-54.72767
423502250.0,-54.63757
423502312.5,-54.64838
423502375.0,-54.71073
423502437.5,-54.72523
423502500.0,-54.70347
423502562.5,-54.70806
423502625.0,-54.70055
423502687.5,-54.73541
423502750.0,-54.73851
423502812.5,-54.63253
423502875.0,-54.73341
423502937.5,-54.67188
423503000.0,-54.68626
423503062.5,-54.66685
423503125.0,-54.70779
423503187.5,-54.74167
423503250.0,-54.79606
423503312.5,-54.73862
423503375.0,-54.61526
423503437.5,-54.67262
423503500.0,-54.72084
423503562.5,-54.7079
423503625.0,-54.65886
423503687.5,-54.68679
423503750.0,-54.70288
423503812.5,-54.73097
423503875.0,-54.72068
423503937.5,-54.67947
423504000.0,-54.76792
423504062.5,-54.7467
423504125.0,-54.72188
423504187.5,-54.6695
423504250.0,-54.68291
423504312.5,-54.66611
423504375.0,-54.75389
423504437.5,-54.74866
423504500.0,-54.67468
423504562.5,-54.75666
423504625.0,-54.68764
423504687.5,-54.71208
423504750.0,-54.75751
423504812.5,-54.73852
423504875.0,-54.67506
423504937.5,-54.71723
423505000.0,-54.71572
423505062.5,-54.72096
423505125.0,-54.75065
423505187.5,-54.72894
423505250.0,-54.75491
423505312.5,-54.78811
423505375.0,-54.75205
423505437.5,-54.86568
423505500.0,-54.7623
423505562.5,-54.76691
423505625.0,-54.74211
423505687.5,-54.77032
423505750.0,-54.72377
423505812.5,-54.76594
423505875.0,-54.85579
423505937.5,-54.76117
423506000.0,-54.7396
423506062.5,-54.79686
423506125.0,-54.72419
423506187.5,-54.77671
423506250.0,-54.80968
423506312.5,-54.74259
423506375.0,-54.73087
423506437.5,-54.73008
423506500.0,-54.79935
423506562.5,-54.80744
423506625.0,-54.8227
423506687.5,-54.80226
423506750.0,-54.83941
423506812.5,-54.77364
423506875.0,-54.75663
423506937.5,-54.85194
423507000.0,-54.82067
423507062.5,-54.8153
423507125.0,-54.82282
423507187.5,-54.77375
423507250.0,-54.87025
423507312.5,-54.77994
423507375.0,-54.80566
423507437.5,-54.81411
423507500.0,-54.77053
423507562.5,-54.8263
423507625.0,-54.81897
423507687.5,-54.87692
423507750.0,-54.82044
423507812.5,-54.87891
423507875.0,-54.80835
423507937.5,-54.81792
423508000.0,-54.83655
423508062.5,-54.79453
423508125.0,-54.83607
423508187.5,-54.80922
423508250.0,-54.7883
423508312.5,-54.81851
423508375.0,-54.76961
423508437.5,-54.84568
423508500.0,-54.87213
423508562.5,-54.85397
423508625.0,-54.83708
423508687.5,-54.89282
423508750.0,-54.82156
423508812.5,-54.85011
423508875.0,-54.79758
423508937.5,-54.83547
423509000.0,-54.85741
423509062.5,-54.84261
423509125.0,-54.84495
423509187.5,-54.84919
423509250.0,-54.90799
423509312.5,-54.87244
423509375.0,-54.80582
423509437.5,-54.8824
423509500.0,-54.78479
423509562.5,-54.83684
423509625.0,-54.85818
423509687.5,-54.8322
423509750.0,-54.85706
423509812.5,-54.84073
423509875.0,-54.86329
423509937.5,-54.8805
423510000.0,-54.88968
423510062.5,-54.86576
423510125.0,-54.88731
423510187.5,-54.90205
423510250.0,-54.90583
423510312.5,-54.92989
423510375.0,-54.91742
423510437.5,-54.8182
423510500.0,-54.85279
423510562.5,-54.87074
423510625.0,-54.82888
423510687.5,-54.94505
423510750.0,-54.91134
423510812.5,-54.92456
423510875.0,-54.86658
423510937.5,-54.81659
423511000.0,-54.87548
423511062.5,-54.85332
423511125.0,-54.86134
423511187.5,-54.87563
423511250.0,-54.87425
423511312.5,-54.8647
423511375.0,-54.90984
423511437.5,-54.92443
423511500.0,-54.88126
423511562.5,-54.93542
423511625.0,-54.82912
423511687.5,-54.85926
423511750.0,-54.91343
423511812.5,-54.96389
423511875.0,-54.91775
423511937.5,-54.8994
423512000.0,-54.95535
423512062.5,-54.86422
423512125.0,-54.93042
423512187.5,-54.89989
423512250.0,-54.95224
423512312.5,-54.92118
423512375.0,-54.89373
423512437.5,-54.91858
423512500.0,-54.97005
423512562.5,-54.89896
423512625.0,-54.94376
423512687.5,-54.90358
423512750.0,-54.91753
423512812.5,-54.89207
423512875.0,-54.97176
423512937.5,-54.99548
423513000.0,-54.90904
423513062.5,-54.97362
423513125.0,-54.90786
423513187.5,-54.94083
423513250.0,-54.8753
423513312.5,-54.8403
423513375.0,-54.94366
423513437.5,-54.93428
423513500.0,-54.94576
423513562.5,-55.02032
423513625.0,-54.9133
423513687.5,-55.02657
423513750.0,-54.90636
423513812.5,-54.8938
423513875.0,-54.93459
423513937.5,-54.94532
423514000.0,-54.98473
423514062.5,-54.97204
423514125.0,-54.96208
423514187.5,-54.92146
423514250.0,-54.9755
423514312.5,-54.9004
423514375.0,-54.8495
423514437.5,-54.87424
423514500.0,-54.94503
423514562.5,-54.96736
423514625.0,-54.92124
423514687.5,-54.97361
423514750.0,-54.98756
423514812.5,-54.97458
423514875.0,-54.93703
423514937.5,-55.08794
423515000.0,-55.00008
423515062.5,-55.0205
423515125.0,-54.93843
423515187.5,-54.96165
423515250.0,-54.91235
423515312.5,-54.96696
423515375.0,-54.93941
423515437.5,-55.02612
423515500.0,-54.94081
423515562.5,-54.98529
423515625.0,-55.03984
423515687.5,-54.99845
423515750.0,-55.03516
423515812.5,-54.94327
423515875.0,-55.0014
423515937.5,-54.99956
423516000.0,-55.0354
423516062.5,-54.97448
423516125.0,-55.01508
423516187.5,-54.99593
423516250.0,-54.97268
423516312.5,-54.94843
423516375.0,-55.00895
423516437.5,-54.98015
423516500.0,-55.00757
423516562.5,-54.96958
423516625.0,-54.99673
423516687.5,-55.02337
423516750.0,-54.97501
423516812.5,-55.00827
423516875.0,-55.01244
423516937.5,-54.94101
423517000.0,-55.05418
423517062.5,-54.99576
423517125.0,-54.95244
423517187.5,-55.00367
423517250.0,-54.97203
423517312.5,-55.03938
423517375.0,-55.04045
423517437.5,-55.01104
423517500.0,-55.09954
423517562.5,-55.03559
423517625.0,-55.04781
423517687.5,-55.05151
423517750.0,-54.99223
423517812.5,-55.02569
423517875.0,-55.01692
423517937.5,-55.03056
423518000.0,-55.0858
423518062.5,-55.05952
423518125.0,-55.03359
423518187.5,-55.02041
423518250.0,-55.0669
423518312.5,-55.02923
423518375.0,-55.08103
423518437.5,-55.06567
423518500.0,-55.03865
423518562.5,-55.00048
423518625.0,-55.06037
423518687.5,-54.9871
423518750.0,-55.01584
423518812.5,-55.03077
423518875.0,-55.11929
423518937.5,-55.09032
423519000.0,-55.09144
423519062.5,-55.02698
423519125.0,-54.9979
423519187.5,-55.04145
423519250.0,-55.06479
423519312.5,-55.09102
423519375.0,-55.03124
423519437.5,-55.10888
423519500.0,-55.10046
423519562.5,-55.02077
423519625.0,-54.98021
423519687.5,-55.08272
423519750.0,-55.07613
423519812.5,-55.08148
423519875.0,-55.08147
423519937.5,-54.98545
423520000.0,-54.99659
423520062.5,-55.06792
423520125.0,-55.0382
423520187.5,-55.13591
423520250.0,-55.0617
423520312.5,-55.11699
423520375.0,-55.11713
423520437.5,-55.10361
423520500.0,-55.13349
423520562.5,-55.07275
423520625.0,-55.06077
423520687.5,-55.07807
423520750.0,-55.07466
423520812.5,-55.0618
423520875.0,-55.08348
423520937.5,-55.09824
423521000.0,-55.08273
423521062.5,-55.06345
423521125.0,-55.08282
423521187.5,-55.13355
423521250.0,-55.14265
423521312.5,-55.16871
423521375.0,-55.07936
423521437.5,-55.08584
423521500.0,-55.10331
423521562.5,-55.07796
423521625.0,-55.10257
423521687.5,-55.11314
423521750.0,-55.08398
423521812.5,-55.08008
423521875.0,-55.10799
423521937.5,-55.14826
423522000.0,-55.10804
423522062.5,-55.16404
423522125.0,-55.10886
423522187.5,-55.14946
423522250.0,-55.13195
423522312.5,-55.15078
423522375.0,-55.13582
423522437.5,-55.15494
423522500.0,-55.05859
423522562.5,-55.13013
423522625.0,-55.12715
423522687.5,-55.09933
423522750.0,-55.14097
423522812.5,-55.11581
423522875.0,-55.11952
423522937.5,-55.14763
423523000.0,-55.12799
423523062.5,-55.19006
423523125.0,-55.19744
423523187.5,-55.15887
423523250.0,-55.12059
423523312.5,-55.12636
423523375.0,-55.11653
423523437.5,-55.1401
423523500.0,-55.13846
423523562.5,-55.22985
423523625.0,-55.20673
423523687.5,-55.15498
423523750.0,-55.14917
423523812.5,-55.1524
423523875.0,-55.12562
423523937.5,-55.17668
423524000.0,-55.17862
423524062.5,-55.21705
423524125.0,-55.21258
423524187.5,-55.17464
423524250.0,-55.23654
423524312.5,-55.16783
423524375.0,-55.14367
423524437.5,-55.1882
423524500.0,-55.18597
423524562.5,-55.13088
423524625.0,-55.184
423524687.5,-55.19033
423524750.0,-55.18527
423524812.5,-55.18904
423524875.0,-55.18559
423524937.5,-55.15741
423525000.0,-55.21782
423525062.5,-55.20937
423525125.0,-55.16727
423525187.5,-55.17862
423525250.0,-55.21422
423525312.5,-55.22846
423525375.0,-55.1842
423525437.5,-55.14911
423525500.0,-55.17053
423525562.5,-55.24625
423525625.0,-55.15365
423525687.5,-55.20913
423525750.0,-55.22805
423525812.5,-55.23889
423525875.0,-55.2128
423525937.5,-55.20827
423526000.0,-55.18728
423526062.5,-55.17062
423526125.0,-55.21953
423526187.5,-55.23691
423526250.0,-55.22554
423526312.5,-55.16491
423526375.0,-55.22526
423526437.5,-55.21558
423526500.0,-55.24639
423526562.5,-55.25011
423526625.0,-55.27416
423526687.5,-55.20578
423526750.0,-55.21709
423526812.5,-55.21966
423526875.0,-55.13815
423526937.5,-55.27015
423527000.0,-55.20536
423527062.5,-55.26189
423527125.0,-55.20741
423527187.5,-55.29399
423527250.0,-55.15768
423527312.5,-55.14342
423527375.0,-55.27356
423527437.5,-55.21482
423527500.0,-55.21921
423527562.5,-55.2616
423527625.0,-55.23407
423527687.5,-55.19203
423527750.0,-55.22026
423527812.5,-55.26978
423527875.0,-55.30898
423527937.5,-55.22224
423528000.0,-55.2331
423528062.5,-55.22512
423528125.0,-55.29755
423528187.5,-55.31939
423528250.0,-55.26168
423528312.5,-55.2208
423528375.0,-55.22269
423528437.5,-55.23183
423528500.0,-55.21355
423528562.5,-55.25397
423528625.0,-55.25917
423528687.5,-55.32534
423528750.0,-55.35882
423528812.5,-55.25534
423528875.0,-55.21292
423528937.5,-55.27669
423529000.0,-55.25692
423529062.5,-55.32874
423529125.0,-55.26284
423529187.5,-55.27421
423529250.0,-55.26593
423529312.5,-55.24824
423529375.0,-55.26565
423529437.5,-55.19559
423529500.0,-55.25797
423529562.5,-55.23194
423529625.0,-55.30457
423529687.5,-55.28622
423529750.0,-55.3274
423529812.5,-55.28765
423529875.0,-55.27028
423529937.5,-55.25583
423530000.0,-55.29531
423530062.5,-55.26193
423530125.0,-55.38607
423530187.5,-55.33918
423530250.0,-55.26979
423530312.5,-55.28221
423530375.0,-55.31567
423530437.5,-55.27275
423530500.0,-55.36068
423530562.5,-55.30475
423530625.0,-55.32019
423530687.5,-55.31639
423530750.0,-55.24911
423530812.5,-55.26944
423530875.0,-55.35757
423530937.5,-55.32787
423531000.0,-55.34771
423531062.5,-55.34002
423531125.0,-55.29388
423531187.5,-55.31519
423531250.0,-55.36065
423531312.5,-55.33968
423531375.0,-55.32027
423531437.5,-55.34961
423531500.0,-55.3958
423531562.5,-55.26802
423531625.0,-55.26221
423531687.5,-55.35645
423531750.0,-55.35756
423531812.5,-55.38171
423531875.0,-55.29277
423531937.5,-55.28537
423532000.0,-55.34599
423532062.5,-55.36429
423532125.0,-55.35915
423532187.5,-55.37271
423532250.0,-55.33932
423532312.5,-55.36865
423532375.0,-55.33635
423532437.5,-55.42992
423532500.0,-55.25245
423532562.5,-55.3305
423532625.0,-55.33654
423532687.5,-55.34725
423532750.0,-55.37938
423532812.5,-55.35515
423532875.0,-55.39842
423532937.5,-55.44119
423533000.0,-55.33919
423533062.5,-55.35649
423533125.0,-55.41646
423533187.5,-55.34145
423533250.0,-55.30306
423533312.5,-55.33769
423533375.0,-55.36931
423533437.5,-55.34408
423533500.0,-55.38424
423533562.5,-55.3906
423533625.0,-55.30508
423533687.5,-55.39666
423533750.0,-55.35307
423533812.5,-55.38538
423533875.0,-55.39397
423533937.5,-55.44054
423534000.0,-55.30498
423534062.5,-55.34914
423534125.0,-55.3788
423534187.5,-55.45427
423534250.0,-55.43343
423534312.5,-55.44034
423534375.0,-55.37985
423534437.5,-55.34166
423534500.0,-55.41308
423534562.5,-55.41866
423534625.0,-55.39519
423534687.5,-55.44323
423534750.0,-55.38672
423534812.5,-55.40298
423534875.0,-55.38097
423534937.5,-55.45278
423535000.0,-55.3889
423535062.5,-55.46518
423535125.0,-55.37474
423535187.5,-55.41774
423535250.0,-55.36377
423535312.5,-55.36315
423535375.0,-55.40824
423535437.5,-55.34723
423535500.0,-55.36453
423535562.5,-55.40417
423535625.0,-55.47022
423535687.5,-55.42741
423535750.0,-55.34266
423535812.5,-55.47578
423535875.0,-55.46851
423535937.5,-55.36825
423536000.0,-55.3962
423536062.5,-55.43624
423536125.0,-55.42641
423536187.5,-55.52306
423536250.0,-55.42859
423536312.5,-55.33641
423536375.0,-55.35669
423536437.5,-55.47851
423536500.0,-55.44589
423536562.5,-55.42049
423536625.0,-55.49016
423536687.5,-55.43521
423536750.0,-55.51133
423536812.5,-55.42936
423536875.0,-55.47842
423536937.5,-55.42364
423537000.0,-55.42335
423537062.5,-55.45426
423537125.0,-55.49355
423537187.5,-55.45863
423537250.0,-55.39449
423537312.5,-55.43383
423537375.0,-55.51248
423537437.5,-55.52733
423537500.0,-55.3545
423537562.5,-55.42646
423537625.0,-55.43764
423537687.5,-55.38963
423537750.0,-55.4209
423537812.5,-55.44432
423537875.0,-55.48079
423537937.5,-55.46704
423538000.0,-55.41558
423538062.5,-55.48908
423538125.0,-55.4651
423538187.5,-55.45206
423538250.0,-55.47329
423538312.5,-55.50799
423538375.0,-55.45578
423538437.5,-55.41964
423538500.0,-55.49081
423538562.5,-55.45578
423538625.0,-55.42083
423538687.5,-55.49696
423538750.0,-55.45063
423538812.5,-55.46193
423538875.0,-55.56256
423538937.5,-55.48583
423539000.0,-55.47178
423539062.5,-55.55184
423539125.0,-55.47895
423539187.5,-55.47865
423539250.0,-55.55275
423539312.5,-55.54723
423539375.0,-55.46884
423539437.5,-55.53914
423539500.0,-55.46029
423539562.5,-55.51175
423539625.0,-55.45124
423539687.5,-55.52533
423539750.0,-55.47422
423539812.5,-55.46389
423539875.0,-55.47184
423539937.5,-55.44911
423540000.0,-55.5118
423540062.5,-55.52197
423540125.0,-55.53566
423540187.5,-55.53129
423540250.0,-55.47583
423540312.5,-55.51834
423540375.0,-55.44443
423540437.5,-55.52255
423540500.0,-55.51649
423540562.5,-55.5367
423540625.0,-55.47964
423540687.5,-55.48091
423540750.0,-55.51452
423540812.5,-55.52572
423540875.0,-55.45859
423540937.5,-55.52708
423541000.0,-55.50077
423541062.5,-55.59837
423541125.0,-55.53773
423541187.5,-55.55426
423541250.0,-55.51254
423541312.5,-55.57656
423541375.0,-55.55949
423541437.5,-55.49446
423541500.0,-55.48988
423541562.5,-55.4972
423541625.0,-55.55528
423541687.5,-55.58591
423541750.0,-55.51955
423541812.5,-55.5345
423541875.0,-55.53971
423541937.5,-55.56145
423542000.0,-55.50767
423542062.5,-55.56315
423542125.0,-55.53029
423542187.5,-55.45728
423542250.0,-55.49865
423542312.5,-55.56676
423542375.0,-55.4885
423542437.5,-55.59687
423542500.0,-55.48082
423542562.5,-55.53988
423542625.0,-55.50769
423542687.5,-55.56367
423542750.0,-55.54182
423542812.5,-55.5097
423542875.0,-55.5232
423542937.5,-55.52623
423543000.0,-55.52905
423543062.5,-55.58072
423543125.0,-55.58454
423543187.5,-55.57169
423543250.0,-55.57769
423543312.5,-55.59924
423543375.0,-55.58873
423543437.5,-55.54476
423543500.0,-55.62902
423543562.5,-55.53931
423543625.0,-55.52514
423543687.5,-55.56837
423543750.0,-55.5393
423543812.5,-55.50944
423543875.0,-55.61341
423543937.5,-55.64533
423544000.0,-55.59668
423544062.5,-55.56453
423544125.0,-55.59846
423544187.5,-55.62054
423544250.0,-55.57763
423544312.5,-55.59686
423544375.0,-55.60222
423544437.5,-55.56322
423544500.0,-55.59179
423544562.5,-55.51142
423544625.0,-55.56842
423544687.5,-55.56145
423544750.0,-55.65311
423544812.5,-55.64878
423544875.0,-55.56553
423544937.5,-55.55135
423545000.0,-55.55139
423545062.5,-55.65143
423545125.0,-55.62431
423545187.5,-55.54963
423545250.0,-55.59296
423545312.5,-55.60569
423545375.0,-55.62722
423545437.5,-55.60455
423545500.0,-55.56608
423545562.5,-55.6188
423545625.0,-55.58176
423545687.5,-55.55186
423545750.0,-55.61134
423545812.5,-55.62152
423545875.0,-55.5768
423545937.5,-55.59931
423546000.0,-55.6661
423546062.5,-55.59303
423546125.0,-55.65412
423546187.5,-55.59492
423546250.0,-55.64008
423546312.5,-55.57943
423546375.0,-55.59041
423546437.5,-55.64603
423546500.0,-55.57955
423546562.5,-55.70061
423546625.0,-55.62977
423546687.5,-55.64735
423546750.0,-55.62709
423546812.5,-55.64204
423546875.0,-55.65842
423546937.5,-55.59757
423547000.0,-55.65849
423547062.5,-55.58075
423547125.0,-55.69733
423547187.5,-55.66788
423547250.0,-55.65645
423547312.5,-55.60711
423547375.0,-55.6587
423547437.5,-55.61759
423547500.0,-55.63533
423547562.5,-55.69786
423547625.0,-55.66108
423547687.5,-55.67275
423547750.0,-55.60238
423547812.5,-55.6982
423547875.0,-55.64997
423547937.5,-55.67998
423548000.0,-55.69065
423548062.5,-55.62601
423548125.0,-55.68473
423548187.5,-55.6492
423548250.0,-55.6266
423548312.5,-55.66631
423548375.0,-55.6957
423548437.5,-55.63076
423548500.0,-55.74612
423548562.5,-55.67985
423548625.0,-55.62908
423548687.5,-55.59705
423548750.0,-55.6787
423548812.5,-55.59506
423548875.0,-55.64452
423548937.5,-55.70395
423549000.0,-55.72337
423549062.5,-55.61227
423549125.0,-55.60865
423549187.5,-55.64917
423549250.0,-55.6484
423549312.5,-55.68938
423549375.0,-55.77208
423549437.5,-55.60984
423549500.0,-55.7495
423549562.5,-55.66088
423549625.0,-55.68102
423549687.5,-55.73394
423549750.0,-55.74481
423549812.5,-55.69773
423549875.0,-55.65599
423549937.5,-55.67216
423550000.0,-55.74096
423550062.5,-55.73876
423550125.0,-55.64919
423550187.5,-55.65152
423550250.0,-55.71857
423550312.5,-55.67809
423550375.0,-55.64935
423550437.5,-55.80453
423550500.0,-55.64685
423550562.5,-55.65526
423550625.0,-55.75092
423550687.5,-55.62804
423550750.0,-55.63163
423550812.5,-55.65512
423550875.0,-55.74707
423550937.5,-55.71809
423551000.0,-55.63493
423551062.5,-55.7551
423551125.0,-55.77296
423551187.5,-55.60966
423551250.0,-55.7026
423551312.5,-55.70718
423551375.0,-55.72968
423551437.5,-55.69596
423551500.0,-55.69101
423551562.5,-55.77791
423551625.0,-55.69437
423551687.5,-55.74928
423551750.0,-55.75791
423551812.5,-55.79054
423551875.0,-55.71437
423551937.5,-55.64814
423552000.0,-55.79636
423552062.5,-55.69506
423552125.0,-55.66853
423552187.5,-55.71164
423552250.0,-55.71563
423552312.5,-55.72111
423552375.0,-55.85672
423552437.5,-55.78237
423552500.0,-55.73272
423552562.5,-55.8097
423552625.0,-55.80242
423552687.5,-55.78092
423552750.0,-55.75327
423552812.5,-55.75897
423552875.0,-55.76238
423552937.5,-55.66523
423553000.0,-55.74553
423553062.5,-55.79811
423553125.0,-55.78329
423553187.5,-55.79329
423553250.0,-55.8178
423553312.5,-55.72467
423553375.0,-55.73872
423553437.5,-55.78707
423553500.0,-55.73893
423553562.5,-55.78306
423553625.0,-55.81299
423553687.5,-55.76194
423553750.0,-55.80736
423553812.5,-55.77982
423553875.0,-55.76993
423553937.5,-55.78535
423554000.0,-55.76302
423554062.5,-55.7979
423554125.0,-55.79826
423554187.5,-55.81105
423554250.0,-55.75758
423554312.5,-55.78111
423554375.0,-55.80586
423554437.5,-55.767
423554500.0,-55.77919
423554562.5,-55.79045
423554625.0,-55.77313
423554687.5,-55.81944
423554750.0,-55.8103
423554812.5,-55.76581
423554875.0,-55.80507
423554937.5,-55.80066
423555000.0,-55.78664
423555062.5,-55.77574
423555125.0,-55.79176
423555187.5,-55.71669
423555250.0,-55.88171
423555312.5,-55.80428
423555375.0,-55.70921
423555437.5,-55.79874
423555500.0,-55.81658
423555562.5,-55.83197
423555625.0,-55.73394
423555687.5,-55.83015
423555750.0,-55.77608
423555812.5,-55.85973
423555875.0,-55.77242
423555937.5,-55.82876
423556000.0,-55.80043
423556062.5,-55.80846
423556125.0,-55.79638
423556187.5,-55.83301
423556250.0,-55.83799
423556312.5,-55.7916
423556375.0,-55.82644
423556437.5,-55.8255
423556500.0,-55.88764
423556562.5,-55.82563
423556625.0,-55.79426
423556687.5,-55.90017
423556750.0,-55.92577
423556812.5,-55.88881
423556875.0,-55.84509
423556937.5,-55.85117
423557000.0,-55.87096
423557062.5,-55.87833
423557125.0,-55.83229
423557187.5,-55.89508
423557250.0,-55.82302
423557312.5,-55.82281
423557375.0,-55.80744
423557437.5,-55.81367
423557500.0,-55.85028
423557562.5,-55.86291
423557625.0,-55.8355
423557687.5,-55.8678
423557750.0,-55.84467
423557812.5,-55.9253
423557875.0,-55.90622
423557937.5,-55.84249
423558000.0,-55.81237
423558062.5,-55.8648
423558125.0,-55.81354
423558187.5,-55.86958
423558250.0,-55.79001
423558312.5,-55.92258
423558375.0,-55.87828
423558437.5,-55.85809
423558500.0,-55.88056
423558562.5,-55.87023
423558625.0,-55.80523
423558687.5,-55.90274
423558750.0,-55.83837
423558812.5,-55.889
423558875.0,-55.82654
423558937.5,-55.85124
423559000.0,-55.80677
423559062.5,-55.83635
423559125.0,-55.93653
423559187.5,-55.84542
423559250.0,-55.9588
423559312.5,-55.86518
423559375.0,-55.97892
423559437.5,-55.85019
423559500.0,-55.88666
423559562.5,-55.84553
423559625.0,-55.84999
423559687.5,-55.83914
423559750.0,-55.92473
423559812.5,-55.84258
423559875.0,-55.87098
423559937.5,-55.82839
423560000.0,-55.82509
423560062.5,-55.90916
423560125.0,-55.85236
423560187.5,-55.94723
423560250.0,-55.93728
423560312.5,-55.87917
423560375.0,-55.8704
423560437.5,-55.81583
423560500.0,-55.98354
423560562.5,-55.92138
423560625.0,-55.86271
423560687.5,-55.90504
423560750.0,-55.90578
423560812.5,-55.9045
423560875.0,-55.92495
423560937.5,-55.88978
423561000.0,-55.88243
423561062.5,-55.85708
423561125.0,-55.90815
423561187.5,-55.92022
423561250.0,-55.92803
423561312.5,-55.97247
423561375.0,-55.88986
423561437.5,-55.9327
423561500.0,-55.93889
423561562.5,-55.95856
423561625.0,-55.97012
423561687.5,-55.92399
423561750.0,-55.91863
423561812.5,-55.90699
423561875.0,-55.98785
423561937.5,-55.87294
423562000.0,-55.85349
423562062.5,-55.92872
423562125.0,-55.91531
423562187.5,-55.92038
423562250.0,-56.06041
423562312.5,-55.98531
423562375.0,-55.97081
423562437.5,-56.02899
423562500.0,-55.99306
423562562.5,-55.87536
423562625.0,-55.91113
423562687.5,-55.96823
423562750.0,-55.86826
423562812.5,-56.00203
423562875.0,-55.93607
423562937.5,-55.94553
423563000.0,-55.99836
423563062.5,-55.82216
423563125.0,-55.90001
423563187.5,-55.93394
423563250.0,-55.95645
423563312.5,-55.95255
423563375.0,-55.99763
423563437.5,-55.97449
423563500.0,-56.01614
423563562.5,-56.01873
423563625.0,-55.98158
423563687.5,-55.98578
423563750.0,-55.86305
423563812.5,-56.02374
423563875.0,-55.98892
423563937.5,-55.958
423564000.0,-56.0001
423564062.5,-55.89912
423564125.0,-56.05398
423564187.5,-56.03087
423564250.0,-55.95414
423564312.5,-56.04313
423564375.0,-56.00032
423564437.5,-55.93006
423564500.0,-55.9405
423564562.5,-56.01595
423564625.0,-56.03557
423564687.5,-55.96406
423564750.0,-55.9032
423564812.5,-56.00202
423564875.0,-55.93371
423564937.5,-56.00465
423565000.0,-55.95374
423565062.5,-56.01474
423565125.0,-55.97365
423565187.5,-55.96758
423565250.0,-55.99006
423565312.5,-55.91092
423565375.0,-56.01323
423565437.5,-56.03571
423565500.0,-56.01765
423565562.5,-56.04465
423565625.0,-56.0442
423565687.5,-56.0159
423565750.0,-56.06908
423565812.5,-56.0499
423565875.0,-56.06233
423565937.5,-56.01723
423566000.0,-56.05933
423566062.5,-55.96859
423566125.0,-56.05773
423566187.5,-55.94723
423566250.0,-55.92787
423566312.5,-56.00363
423566375.0,-55.99606
423566437.5,-56.01356
423566500.0,-56.03525
423566562.5,-56.00624
423566625.0,-56.00261
423566687.5,-56.03156
423566750.0,-56.07167
423566812.5,-56.02386
423566875.0,-56.03224
423566937.5,-56.09602
423567000.0,-56.03774
423567062.5,-56.05649
423567125.0,-56.04292
423567187.5,-56.02273
423567250.0,-56.09513
423567312.5,-56.07002
423567375.0,-55.97602
423567437.5,-56.10697
423567500.0,-56.10434
423567562.5,-55.99803
423567625.0,-56.07757
423567687.5,-56.10896
423567750.0,-55.98259
423567812.5,-56.09113
423567875.0,-56.04121
423567937.5,-55.98737
423568000.0,-56.0238
423568062.5,-56.01417
423568125.0,-56.04827
423568187.5,-56.08926
423568250.0,-56.07021
423568312.5,-56.10044
423568375.0,-56.0225
423568437.5,-56.09459
423568500.0,-56.05529
423568562.5,-56.03675
423568625.0,-56.016
423568687.5,-56.11552
423568750.0,-56.0558
423568812.5,-55.99016
423568875.0,-56.01261
423568937.5,-56.08658
423569000.0,-56.13246
423569062.5,-56.04489
423569125.0,-56.06309
423569187.5,-56.05951
423569250.0,-56.05731
423569312.5,-56.00852
423569375.0,-56.10217
423569437.5,-56.06382
423569500.0,-56.11069
423569562.5,-55.99052
423569625.0,-56.14029
423569687.5,-56.07701
423569750.0,-56.01791
423569812.5,-56.0797
423569875.0,-56.07446
423569937.5,-56.00372
423570000.0,-56.12279
423570062.5,-56.10499
423570125.0,-56.05784
423570187.5,-56.16124
423570250.0,-56.0699
423570312.5,-56.08815
423570375.0,-56.02058
423570437.5,-56.07935
423570500.0,-56.0187
423570562.5,-56.13718
423570625.0,-56.03363
423570687.5,-56.14243
423570750.0,-56.05345
423570812.5,-56.09532
423570875.0,-56.17943
423570937.5,-56.16636
423571000.0,-56.09771
423571062.5,-56.15427
423571125.0,-56.13263
423571187.5,-56.01714
423571250.0,-56.11196
423571312.5,-56.10148
423571375.0,-56.08532
423571437.5,-56.11877
423571500.0,-56.13173
423571562.5,-56.09665
423571625.0,-56.12069
423571687.5,-56.09562
423571750.0,-56.10735
423571812.5,-56.16006
423571875.0,-56.10184
423571937.5,-56.09286
423572000.0,-56.11121
423572062.5,-56.18984
423572125.0,-56.09934
423572187.5,-56.15223
423572250.0,-56.13758
423572312.5,-56.17841
423572375.0,-56.19143
423572437.5,-56.19769
423572500.0,-56.18328
423572562.5,-56.11849
423572625.0,-56.15134
423572687.5,-56.1373
423572750.0,-56.11095
423572812.5,-56.16645
423572875.0,-56.08699
423572937.5,-56.13992
423573000.0,-56.11662
423573062.5,-56.13371
423573125.0,-56.14824
423573187.5,-56.1482
423573250.0,-56.14201
423573312.5,-56.14633
423573375.0,-56.12932
423573437.5,-56.13631
423573500.0,-56.21186
423573562.5,-56.22188
423573625.0,-56.13673
423573687.5,-56.12249
423573750.0,-56.13724
423573812.5,-56.14393
423573875.0,-56.15226
423573937.5,-56.15384
423574000.0,-56.17577
423574062.5,-56.18955
423574125.0,-56.1175
423574187.5,-56.28277
423574250.0,-56.23763
423574312.5,-56.0998
423574375.0,-56.20537
423574437.5,-56.22264
423574500.0,-56.12687
423574562.5,-56.14521
423574625.0,-56.16838
423574687.5,-56.13175
423574750.0,-56.10393
423574812.5,-56.13799
423574875.0,-56.20927
423574937.5,-56.17768
423575000.0,-56.12448
423575062.5,-56.21409
423575125.0,-56.15968
423575187.5,-56.19662
423575250.0,-56.12556
423575312.5,-56.18695
423575375.0,-56.17944
423575437.5,-56.18596
423575500.0,-56.2034
423575562.5,-56.25845
423575625.0,-56.22754
423575687.5,-56.2253
423575750.0,-56.11132
423575812.5,-56.20425
423575875.0,-56.17514
423575937.5,-56.2542
423576000.0,-56.20589
423576062.5,-56.18482
423576125.0,-56.17203
423576187.5,-56.25317
423576250.0,-56.25489
423576312.5,-56.1785
423576375.0,-56.16941
423576437.5,-56.22071
423576500.0,-56.11436
423576562.5,-56.17343
423576625.0,-56.24784
423576687.5,-56.22551
423576750.0,-56.28389
423576812.5,-56.16051
423576875.0,-56.24268
423576937.5,-56.20269
423577000.0,-56.22873
423577062.5,-56.22943
423577125.0,-56.19492
423577187.5,-56.17239
423577250.0,-56.24368
423577312.5,-56.21216
423577375.0,-56.28418
423577437.5,-56.29436
423577500.0,-56.24164
423577562.5,-56.26348
423577625.0,-56.21756
423577687.5,-56.22772
423577750.0,-56.15964
423577812.5,-56.17152
423577875.0,-56.21972
423577937.5,-56.27274
423578000.0,-56.24087
423578062.5,-56.21621
423578125.0,-56.16711
423578187.5,-56.23481
423578250.0,-56.23966
423578312.5,-56.2649
423578375.0,-56.14586
423578437.5,-56.19796
423578500.0,-56.23097
423578562.5,-56.26177
423578625.0,-56.2313
423578687.5,-56.24743
423578750.0,-56.24464
423578812.5,-56.24701
423578875.0,-56.29974
423578937.5,-56.24923
423579000.0,-56.26073
423579062.5,-56.21243
423579125.0,-56.22969
423579187.5,-56.2737
423579250.0,-56.31411
423579312.5,-56.25726
423579375.0,-56.28786
423579437.5,-56.34982
423579500.0,-56.29877
423579562.5,-56.23568
423579625.0,-56.20355
423579687.5,-56.25374
423579750.0,-56.26311
423579812.5,-56.22021
423579875.0,-56.23759
423579937.5,-56.36504
423580000.0,-56.36789
423580062.5,-56.23483
423580125.0,-56.23382
423580187.5,-56.24524
423580250.0,-56.26303
423580312.5,-56.24293
423580375.0,-56.36186
423580437.5,-56.30638
423580500.0,-56.27409
423580562.5,-56.25103
423580625.0,-56.29307
423580687.5,-56.28866
423580750.0,-56.27621
423580812.5,-56.3263
423580875.0,-56.32579
423580937.5,-56.23501
423581000.0,-56.26622
423581062.5,-56.23903
423581125.0,-56.27386
423581187.5,-56.27879
423581250.0,-56.28456
423581312.5,-56.22478
423581375.0,-56.31575
423581437.5,-56.32219
423581500.0,-56.32483
423581562.5,-56.21375
423581625.0,-56.2808
423581687.5,-56.38978
423581750.0,-56.24081
423581812.5,-56.42127
423581875.0,-56.29921
423581937.5,-56.40575
423582000.0,-56.33755
423582062.5,-56.3349
423582125.0,-56.29097
423582187.5,-56.35866
423582250.0,-56.23968
423582312.5,-56.31981
423582375.0,-56.33251
423582437.5,-56.3272
423582500.0,-56.31914
423582562.5,-56.26515
423582625.0,-56.37181
423582687.5,-56.29256
423582750.0,-56.34519
423582812.5,-56.30279
423582875.0,-56.32895
423582937.5,-56.32498
423583000.0,-56.31909
423583062.5,-56.43138
423583125.0,-56.27559
423583187.5,-56.36978
423583250.0,-56.35345
423583312.5,-56.32463
423583375.0,-56.37847
423583437.5,-56.3302
423583500.0,-56.32121
423583562.5,-56.32493
423583625.0,-56.37325
423583687.5,-56.39457
423583750.0,-56.30205
423583812.5,-56.33577
423583875.0,-56.36518
423583937.5,-56.32535
423584000.0,-56.35261
423584062.5,-56.32146
423584125.0,-56.3703
423584187.5,-56.32829
423584250.0,-56.23429
423584312.5,-56.30151
423584375.0,-56.33171
423584437.5,-56.29869
423584500.0,-56.37366
423584562.5,-56.42631
423584625.0,-56.41574
423584687.5,-56.38821
423584750.0,-56.33162
423584812.5,-56.3266
423584875.0,-56.31715
423584937.5,-56.39569
423585000.0,-56.47335
423585062.5,-56.36685
423585125.0,-56.35808
423585187.5,-56.33564
423585250.0,-56.35026
423585312.5,-56.37635
423585375.0,-56.38989
423585437.5,-56.34076
423585500.0,-56.34642
423585562.5,-56.42258
423585625.0,-56.43974
423585687.5,-56.3799
423585750.0,-56.36116
423585812.5,-56.37685
423585875.0,-56.37908
423585937.5,-56.36555
423586000.0,-56.36686
423586062.5,-56.37497
423586125.0,-56.38264
423586187.5,-56.32041
423586250.0,-56.32244
423586312.5,-56.33425
423586375.0,-56.40564
423586437.5,-56.43219
423586500.0,-56.36209
423586562.5,-56.4704
423586625.0,-56.34964
423586687.5,-56.45522
423586750.0,-56.40718
423586812.5,-56.5019
423586875.0,-56.4015
423586937.5,-56.4158
423587000.0,-56.41045
423587062.5,-56.31792
423587125.0,-56.4126
423587187.5,-56.46881
423587250.0,-56.39432
423587312.5,-56.48717
423587375.0,-56.45351
423587437.5,-56.37492
423587500.0,-56.37864
423587562.5,-56.48412
423587625.0,-56.32304
423587687.5,-56.44572
423587750.0,-56.40657
423587812.5,-56.49401
423587875.0,-56.41413
423587937.5,-56.38226
423588000.0,-56.43405
423588062.5,-56.43331
423588125.0,-56.47173
423588187.5,-56.446
423588250.0,-56.44054
423588312.5,-56.42369
423588375.0,-56.42276
423588437.5,-56.44803
423588500.0,-56.40546
423588562.5,-56.39613
423588625.0,-56.46723
423588687.5,-56.46157
423588750.0,-56.40857
423588812.5,-56.43549
423588875.0,-56.34066
423588937.5,-56.46035
423589000.0,-56.43961
423589062.5,-56.44072
423589125.0,-56.36106
423589187.5,-56.46835
423589250.0,-56.43872
423589312.5,-56.41825
423589375.0,-56.43505
423589437.5,-56.51264
423589500.0,-56.51453
423589562.5,-56.41636
423589625.0,-56.46931
423589687.5,-56.46031
423589750.0,-56.45964
423589812.5,-56.43543
423589875.0,-56.46769
423589937.5,-56.45591
423590000.0,-56.43589
423590062.5,-56.46365
423590125.0,-56.5585
423590187.5,-56.4851
423590250.0,-56.50289
423590312.5,-56.48874
423590375.0,-56.41176
423590437.5,-56.37652
423590500.0,-56.50191
423590562.5,-56.48442
423590625.0,-56.52743
423590687.5,-56.50055
423590750.0,-56.45302
423590812.5,-56.36411
423590875.0,-56.39723
423590937.5,-56.54096
423591000.0,-56.44616
423591062.5,-56.44083
423591125.0,-56.49165
423591187.5,-56.44842
423591250.0,-56.47376
423591312.5,-56.47649
423591375.0,-56.40714
423591437.5,-56.43159
423591500.0,-56.57748
423591562.5,-56.46243
423591625.0,-56.51171
423591687.5,-56.51241
423591750.0,-56.52911
423591812.5,-56.46498
423591875.0,-56.43515
423591937.5,-56.5358
423592000.0,-56.53165
423592062.5,-56.45818
423592125.0,-56.52276
423592187.5,-56.49027
423592250.0,-56.46949
423592312.5,-56.50203
423592375.0,-56.53822
423592437.5,-56.41144
423592500.0,-56.55793
423592562.5,-56.55
423592625.0,-56.53475
423592687.5,-56.58076
423592750.0,-56.46826
423592812.5,-56.55857
423592875.0,-56.51464
423592937.5,-56.52757
423593000.0,-56.51611
423593062.5,-56.51975
423593125.0,-56.55953
423593187.5,-56.59018
423593250.0,-56.43699
423593312.5,-56.56942
423593375.0,-56.48574
423593437.5,-56.47408
423593500.0,-56.55791
423593562.5,-56.55048
423593625.0,-56.53948
423593687.5,-56.55765
423593750.0,-56.50143
423593812.5,-56.52679
423593875.0,-56.54024
423593937.5,-56.51774
423594000.0,-56.55382
423594062.5,-56.53662
423594125.0,-56.46409
423594187.5,-56.50364
423594250.0,-56.56543
423594312.5,-56.62059
423594375.0,-56.53255
423594437.5,-56.5453
423594500.0,-56.56422
423594562.5,-56.54313
423594625.0,-56.59501
423594687.5,-56.52859
423594750.0,-56.54181
423594812.5,-56.55208
423594875.0,-56.54256
423594937.5,-56.53434
423595000.0,-56.53053
423595062.5,-56.56185
423595125.0,-56.63931
423595187.5,-56.49657
423595250.0,-56.57874
423595312.5,-56.51287
423595375.0,-56.49875
423595437.5,-56.5125
423595500.0,-56.58719
423595562.5,-56.62551
423595625.0,-56.65487
423595687.5,-56.58883
423595750.0,-56.61891
423595812.5,-56.56736
423595875.0,-56.51681
423595937.5,-56.57032
423596000.0,-56.59292
423596062.5,-56.63054
423596125.0,-56.55651
423596187.5,-56.4646
423596250.0,-56.46737
423596312.5,-56.62763
423596375.0,-56.57655
423596437.5,-56.55024
423596500.0,-56.62636
423596562.5,-56.61835
423596625.0,-56.55439
423596687.5,-56.55998
423596750.0,-56.58774
423596812.5,-56.55567
423596875.0,-56.60514
423596937.5,-56.62545
423597000.0,-56.625
423597062.5,-56.59841
423597125.0,-56.56385
423597187.5,-56.60155
423597250.0,-56.58358
423597312.5,-56.61313
423597375.0,-56.62535
423597437.5,-56.74945
423597500.0,-56.61524
423597562.5,-56.67509
423597625.0,-56.52085
423597687.5,-56.64877
423597750.0,-56.58709
423597812.5,-56.59304
423597875.0,-56.65771
423597937.5,-56.5319
423598000.0,-56.61841
423598062.5,-56.66138
423598125.0,-56.60889
423598187.5,-56.61849
423598250.0,-56.58348
423598312.5,-56.70075
423598375.0,-56.64373
423598437.5,-56.65719
423598500.0,-56.54282
423598562.5,-56.62939
423598625.0,-56.60062
423598687.5,-56.54606
423598750.0,-56.59631
423598812.5,-56.54805
423598875.0,-56.62727
423598937.5,-56.60717
423599000.0,-56.71057
423599062.5,-56.59099
423599125.0,-56.60384
423599187.5,-56.59111
423599250.0,-56.6185
423599312.5,-56.66831
423599375.0,-56.62983
423599437.5,-56.78453
423599500.0,-56.62852
423599562.5,-56.65137
423599625.0,-56.6614
423599687.5,-56.59984
423599750.0,-56.57294
423599812.5,-56.62308
423599875.0,-56.6046
423599937.5,-56.59756
423600000.0,-56.67515
423600062.5,-56.72069
423600125.0,-56.58238
423600187.5,-56.6522
423600250.0,-56.61991
423600312.5,-56.57756
423600375.0,-56.69781
423600437.5,-56.68528
423600500.0,-56.69584
423600562.5,-56.66064
423600625.0,-56.62692
423600687.5,-56.66796
423600750.0,-56.69458
423600812.5,-56.65462
423600875.0,-56.71828
423600937.5,-56.62148
423601000.0,-56.73417
423601062.5,-56.55783
423601125.0,-56.66333
423601187.5,-56.58452
423601250.0,-56.66675
423601312.5,-56.70357
423601375.0,-56.67723
423601437.5,-56.64138
423601500.0,-56.70809
423601562.5,-56.7206
423601625.0,-56.71025
423601687.5,-56.73657
423601750.0,-56.63726
423601812.5,-56.74863
423601875.0,-56.70297
423601937.5,-56.68727
423602000.0,-56.64517
423602062.5,-56.62701
423602125.0,-56.6413
423602187.5,-56.69829
423602250.0,-56.65012
423602312.5,-56.62975
423602375.0,-56.73515
423602437.5,-56.65521
423602500.0,-56.68587
423602562.5,-56.64682
423602625.0,-56.69934
423602687.5,-56.64203
423602750.0,-56.64811
423602812.5,-56.72854
423602875.0,-56.65271
423602937.5,-56.72049
423603000.0,-56.71692
423603062.5,-56.63266
423603125.0,-56.69299
423603187.5,-56.78811
423603250.0,-56.68392
423603312.5,-56.76299
423603375.0,-56.72494
423603437.5,-56.73232
423603500.0,-56.64928
423603562.5,-56.65164
423603625.0,-56.73307
423603687.5,-56.69301
423603750.0,-56.71933
423603812.5,-56.75176
423603875.0,-56.7329
423603937.5,-56.66919
423604000.0,-56.748
423604062.5,-56.71097
423604125.0,-56.77064
423604187.5,-56.7564
423604250.0,-56.81842
423604312.5,-56.73608
423604375.0,-56.67038
423604437.5,-56.7465
423604500.0,-56.7211
423604562.5,-56.72123
423604625.0,-56.73209
423604687.5,-56.74978
423604750.0,-56.70872
423604812.5,-56.69836
423604875.0,-56.71942
423604937.5,-56.65266
423605000.0,-56.70874
423605062.5,-56.72951
423605125.0,-56.72237
423605187.5,-56.65495
423605250.0,-56.75554
423605312.5,-56.72837
423605375.0,-56.76633
423605437.5,-56.71273
423605500.0,-56.71218
423605562.5,-56.62236
423605625.0,-56.83211
423605687.5,-56.76891
423605750.0,-56.79725
423605812.5,-56.75128
423605875.0,-56.66811
423605937.5,-56.73824
423606000.0,-56.75333
423606062.5,-56.73774
423606125.0,-56.73295
423606187.5,-56.7492
423606250.0,-56.67764
423606312.5,-56.78997
423606375.0,-56.75898
423606437.5,-56.83022
423606500.0,-56.81296
423606562.5,-56.74566
423606625.0,-56.82292
423606687.5,-56.71317
423606750.0,-56.67112
423606812.5,-56.72248
423606875.0,-56.72974
423606937.5,-56.65782
423607000.0,-56.76608
423607062.5,-56.81274
423607125.0,-56.69298
423607187.5,-56.71326
423607250.0,-56.70542
423607312.5,-56.74246
423607375.0,-56.82978
423607437.5,-56.80065
423607500.0,-56.72056
423607562.5,-56.766
423607625.0,-56.78738
423607687.5,-56.7709
423607750.0,-56.78927
423607812.5,-56.8047
423607875.0,-56.76655
423607937.5,-56.78228
423608000.0,-56.83559
423608062.5,-56.8976
423608125.0,-56.73549
423608187.5,-56.68118
423608250.0,-56.79641
423608312.5,-56.8141
423608375.0,-56.77991
423608437.5,-56.74496
423608500.0,-56.7627
423608562.5,-56.83092
423608625.0,-56.83902
423608687.5,-56.70794
423608750.0,-56.84497
423608812.5,-56.81217
423608875.0,-56.83625
423608937.5,-56.81794
423609000.0,-56.80632
423609062.5,-56.77906
423609125.0,-56.79391
423609187.5,-56.85324
423609250.0,-56.90803
423609312.5,-56.75896
423609375.0,-56.79774
423609437.5,-56.7957
423609500.0,-56.83761
423609562.5,-56.80949
423609625.0,-56.80997
423609687.5,-56.76549
423609750.0,-56.83541
423609812.5,-56.8327
423609875.0,-56.78916
423609937.5,-56.80821
423610000.0,-56.84088
423610062.5,-56.79659
423610125.0,-56.8546
423610187.5,-56.82406
423610250.0,-56.90847
423610312.5,-56.85875
423610375.0,-56.76265
423610437.5,-56.86966
423610500.0,-56.72456
423610562.5,-56.81279
423610625.0,-56.86914
423610687.5,-56.88297
423610750.0,-56.7362
423610812.5,-56.87827
423610875.0,-56.81857
423610937.5,-56.87219
423611000.0,-56.80566
423611062.5,-56.79936
423611125.0,-56.82254
423611187.5,-56.86415
423611250.0,-56.88231
423611312.5,-56.83765
423611375.0,-56.82919
423611437.5,-56.90612
423611500.0,-56.82531
423611562.5,-56.86974
423611625.0,-56.8093
423611687.5,-56.8642
423611750.0,-56.8216
423611812.5,-56.90593
423611875.0,-56.90501
423611937.5,-56.82351
423612000.0,-56.84385
423612062.5,-56.814
423612125.0,-56.80027
423612187.5,-56.83365
423612250.0,-56.78995
423612312.5,-56.81705
423612375.0,-56.83677
423612437.5,-56.80058
423612500.0,-56.86929
423612562.5,-56.7976
423612625.0,-56.89695
423612687.5,-56.921
423612750.0,-56.9537
423612812.5,-56.90137
423612875.0,-56.87658
423612937.5,-56.90604
423613000.0,-56.7697
423613062.5,-56.8087
423613125.0,-56.81837
423613187.5,-56.85755
423613250.0,-56.89168
423613312.5,-56.88184
423613375.0,-56.84666
423613437.5,-56.8419
423613500.0,-56.86658
423613562.5,-56.87209
423613625.0,-56.87147
423613687.5,-56.85868
423613750.0,-56.87584
423613812.5,-56.79944
423613875.0,-56.93093
423613937.5,-56.92514
423614000.0,-56.84715
423614062.5,-56.8837
423614125.0,-56.93302
423614187.5,-56.96378
423614250.0,-56.90043
423614312.5,-56.86753
423614375.0,-56.8363
423614437.5,-56.93895
423614500.0,-56.91867
423614562.5,-56.85824
423614625.0,-56.96813
423614687.5,-56.93039
423614750.0,-56.87199
423614812.5,-56.84258
423614875.0,-56.89175
423614937.5,-56.90124
423615000.0,-56.8814
423615062.5,-56.91078
423615125.0,-56.94659
423615187.5,-56.92245
423615250.0,-56.94905
423615312.5,-56.97688
423615375.0,-56.86423
423615437.5,-56.87799
423615500.0,-56.89591
423615562.5,-56.94842
423615625.0,-56.88784
423615687.5,-56.81957
423615750.0,-56.90184
423615812.5,-56.84996
423615875.0,-56.89441
423615937.5,-56.8805
423616000.0,-56.89819
423616062.5,-56.95138
423616125.0,-56.91766
423616187.5,-57.0105
423616250.0,-56.94504
423616312.5,-56.91111
423616375.0,-56.84427
423616437.5,-56.89489
423616500.0,-56.98002
423616562.5,-56.92204
423616625.0,-56.85982
423616687.5,-56.84893
423616750.0,-56.98933
423616812.5,-56.89853
423616875.0,-56.94183
423616937.5,-56.86942
423617000.0,-56.91653
423617062.5,-56.94895
423617125.0,-56.97174
423617187.5,-56.92896
423617250.0,-56.8958
423617312.5,-56.95342
423617375.0,-56.92548
423617437.5,-56.88609
423617500.0,-56.88272
423617562.5,-56.85391
423617625.0,-56.99269
423617687.5,-56.97978
423617750.0,-56.90615
423617812.5,-56.97821
423617875.0,-56.89518
423617937.5,-57.02623
423618000.0,-56.9224
423618062.5,-56.98565
423618125.0,-56.95984
423618187.5,-56.94719
423618250.0,-56.8291
423618312.5,-56.88777
423618375.0,-56.96714
423618437.5,-56.92064
423618500.0,-56.95092
423618562.5,-56.98084
423618625.0,-56.97399
423618687.5,-56.95984
423618750.0,-56.9999
423618812.5,-56.85473
423618875.0,-57.02393
423618937.5,-56.98292
423619000.0,-56.95199
423619062.5,-56.95589
423619125.0,-56.92974
423619187.5,-56.94172
423619250.0,-56.97403
423619312.5,-57.07441
423619375.0,-56.93206
423619437.5,-56.90715
423619500.0,-56.98906
423619562.5,-56.96744
423619625.0,-56.94443
423619687.5,-56.89162
423619750.0,-56.96825
423619812.5,-56.98065
423619875.0,-56.94337
423619937.5,-57.01414
423620000.0,-57.0322
423620062.5,-57.03088
423620125.0,-56.95825
423620187.5,-57.00793
423620250.0,-57.0348
423620312.5,-56.96913
423620375.0,-56.92365
423620437.5,-57.05291
423620500.0,-56.98508
423620562.5,-57.06763
423620625.0,-57.01058
423620687.5,-56.97633
423620750.0,-57.01309
423620812.5,-56.95068
423620875.0,-57.05873
423620937.5,-56.98964
423621000.0,-56.97229
423621062.5,-57.01745
423621125.0,-56.97761
423621187.5,-57.02567
423621250.0,-56.98457
423621312.5,-56.97598
423621375.0,-56.93724
423621437.5,-57.02322
423621500.0,-57.01901
423621562.5,-57.02119
423621625.0,-57.04355
423621687.5,-56.96206
423621750.0,-57.05838
423621812.5,-57.00301
423621875.0,-57.04009
423621937.5,-57.02949
423622000.0,-57.05645
423622062.5,-57.02755
423622125.0,-57.12571
423622187.5,-57.03572
423622250.0,-57.01742
423622312.5,-57.0913
423622375.0,-57.03532
423622437.5,-56.93583
423622500.0,-57.08532
423622562.5,-57.03881
423622625.0,-56.94378
423622687.5,-57.03718
423622750.0,-57.09997
423622812.5,-57.03857
423622875.0,-56.98254
423622937.5,-56.92909
423623000.0,-57.02021
423623062.5,-57.06755
423623125.0,-57.02116
423623187.5,-57.06776
423623250.0,-56.99215
423623312.5,-57.08603
423623375.0,-57.07861
423623437.5,-57.07495
423623500.0,-57.11622
423623562.5,-57.12704
423623625.0,-57.00401
423623687.5,-57.10458
423623750.0,-57.13637
423623812.5,-57.13212
423623875.0,-57.04596
423623937.5,-57.09126
423624000.0,-57.08927
423624062.5,-57.05963
423624125.0,-57.05536
423624187.5,-57.01537
423624250.0,-56.96348
423624312.5,-57.02796
423624375.0,-57.03527
423624437.5,-57.06935
423624500.0,-57.0567
423624562.5,-57.07095
423624625.0,-57.04144
423624687.5,-57.04573
423624750.0,-57.0937
423624812.5,-57.12952
423624875.0,-57.07585
423624937.5,-57.05374
423625000.0,-57.06693
423625062.5,-57.06155
423625125.0,-57.07566
423625187.5,-57.11494
423625250.0,-57.10332
423625312.5,-57.03568
423625375.0,-57.09286
423625437.5,-57.0362
423625500.0,-57.10332
423625562.5,-57.02924
423625625.0,-57.04856
423625687.5,-57.08792
423625750.0,-57.10799
423625812.5,-57.12652
423625875.0,-57.10238
423625937.5,-57.03864
423626000.0,-57.11008
423626062.5,-57.04593
423626125.0,-57.07247
423626187.5,-57.0863
423626250.0,-57.13128
423626312.5,-57.06406
423626375.0,-57.0699
423626437.5,-57.08545
423626500.0,-57.10423
423626562.5,-57.07751
423626625.0,-57.05374
423626687.5,-57.15349
423626750.0,-57.12614
423626812.5,-57.15211
423626875.0,-57.13193
423626937.5,-57.05107
423627000.0,-57.0751
423627062.5,-57.06655
423627125.0,-57.13075
423627187.5,-57.08532
423627250.0,-57.08051
423627312.5,-57.15527
423627375.0,-57.069
423627437.5,-57.06743
423627500.0,-57.09369
423627562.5,-57.06818
423627625.0,-57.11206
423627687.5,-57.15034
423627750.0,-57.0989
423627812.5,-57.15131
423627875.0,-57.1215
423627937.5,-57.12413
423628000.0,-57.19655
423628062.5,-57.10154
423628125.0,-57.14175
423628187.5,-57.1011
423628250.0,-57.07969
423628312.5,-57.05849
423628375.0,-57.21807
423628437.5,-57.11499
423628500.0,-57.27261
423628562.5,-57.20914
423628625.0,-57.1712
423628687.5,-57.10049
423628750.0,-57.13717
423628812.5,-57.12408
423628875.0,-57.05462
423628937.5,-57.17456
423629000.0,-57.11222
423629062.5,-57.08431
423629125.0,-57.12048
423629187.5,-57.21661
423629250.0,-57.14798
423629312.5,-57.10168
423629375.0,-57.16466
423629437.5,-57.12488
423629500.0,-57.15031
423629562.5,-57.19577
423629625.0,-57.20838
423629687.5,-57.14898
423629750.0,-57.17277
423629812.5,-57.18081
423629875.0,-57.13445
423629937.5,-57.20661
423630000.0,-57.1825
423630062.5,-57.07719
423630125.0,-57.11021
423630187.5,-57.08977
423630250.0,-57.19601
423630312.5,-57.13921
423630375.0,-57.23915
423630437.5,-57.22594
423630500.0,-57.13079
423630562.5,-57.1842
423630625.0,-57.14146
423630687.5,-57.16064
423630750.0,-57.17448
423630812.5,-57.21923
423630875.0,-57.12144
423630937.5,-57.24987
423631000.0,-57.19159
423631062.5,-57.16706
423631125.0,-57.18516
423631187.5,-57.12621
423631250.0,-57.20911
423631312.5,-57.10024
423631375.0,-57.09484
423631437.5,-57.2454
423631500.0,-57.17422
423631562.5,-57.16129
423631625.0,-57.2074
423631687.5,-57.23139
423631750.0,-57.17479
423631812.5,-57.11863
423631875.0,-57.19068
423631937.5,-57.13632
423632000.0,-57.1969
423632062.5,-57.18972
423632125.0,-57.13182
423632187.5,-57.17526
423632250.0,-57.26273
423632312.5,-57.18064
423632375.0,-57.24869
423632437.5,-57.21347
423632500.0,-57.15317
423632562.5,-57.11779
423632625.0,-57.17486
423632687.5,-57.17478
423632750.0,-57.20273
423632812.5,-57.24894
423632875.0,-57.26402
423632937.5,-57.10826
423633000.0,-57.15377
423633062.5,-57.2046
423633125.0,-57.19011
423633187.5,-57.15047
423633250.0,-57.17131
423633312.5,-57.17984
423633375.0,-57.17311
423633437.5,-57.2626
423633500.0,-57.20121
423633562.5,-57.20774
423633625.0,-57.24267
423633687.5,-57.24197
423633750.0,-57.20952
423633812.5,-57.18272
423633875.0,-57.26746
423633937.5,-57.20711
423634000.0,-57.25449
423634062.5,-57.12743
423634125.0,-57.19625
423634187.5,-57.21249
423634250.0,-57.17349
423634312.5,-57.21745
423634375.0,-57.20981
423634437.5,-57.24152
423634500.0,-57.25208
423634562.5,-57.2375
423634625.0,-57.20616
423634687.5,-57.31373
423634750.0,-57.25394
423634812.5,-57.19054
423634875.0,-57.20367
423634937.5,-57.18925
423635000.0,-57.27006
423635062.5,-57.20051
423635125.0,-57.25422
423635187.5,-57.28426
423635250.0,-57.23128
423635312.5,-57.22172
423635375.0,-57.24892
423635437.5,-57.2149
423635500.0,-57.2466
423635562.5,-57.34189
423635625.0,-57.20254
423635687.5,-57.22385
423635750.0,-57.28723
423635812.5,-57.27506
423635875.0,-57.16294
423635937.5,-57.25076
423636000.0,-57.25095
423636062.5,-57.30025
423636125.0,-57.2607
423636187.5,-57.19417
423636250.0,-57.24233
423636312.5,-57.30541
423636375.0,-57.31734
423636437.5,-57.29737
423636500.0,-57.28839
423636562.5,-57.36533
423636625.0,-57.35263
423636687.5,-57.25451
423636750.0,-57.31042
423636812.5,-57.38126
423636875.0,-57.33229
423636937.5,-57.38161
423637000.0,-57.20683
423637062.5,-57.20164
423637125.0,-57.27829
423637187.5,-57.23888
423637250.0,-57.14487
423637312.5,-57.21432
423637375.0,-57.34174
423637437.5,-57.28967
423637500.0,-57.30002
423637562.5,-57.34893
423637625.0,-57.19548
423637687.5,-57.29599
423637750.0,-57.2864
423637812.5,-57.26034
423637875.0,-57.33027
423637937.5,-57.29776
423638000.0,-57.30536
423638062.5,-57.29358
423638125.0,-57.26542
423638187.5,-57.27765
423638250.0,-57.16636
423638312.5,-57.20987
423638375.0,-57.33534
423638437.5,-57.31618
423638500.0,-57.25185
423638562.5,-57.27455
423638625.0,-57.30719
423638687.5,-57.37834
423638750.0,-57.26093
423638812.5,-57.28335
423638875.0,-57.33004
423638937.5,-57.30299
423639000.0,-57.36886
423639062.5,-57.31739
423639125.0,-57.36295
423639187.5,-57.36146
423639250.0,-57.3307
423639312.5,-57.23511
423639375.0,-57.33855
423639437.5,-57.36384
423639500.0,-57.35111
423639562.5,-57.3329
423639625.0,-57.28644
423639687.5,-57.32517
423639750.0,-57.381
423639812.5,-57.32672
423639875.0,-57.40337
423639937.5,-57.35607
423640000.0,-57.29403
423640062.5,-57.34515
423640125.0,-57.32113
423640187.5,-57.28839
423640250.0,-57.33677
423640312.5,-57.40469
423640375.0,-57.35313
423640437.5,-57.31842
423640500.0,-57.38115
423640562.5,-57.40305
423640625.0,-57.32896
423640687.5,-57.37818
423640750.0,-57.36279
423640812.5,-57.37265
423640875.0,-57.34705
423640937.5,-57.37305
423641000.0,-57.29324
423641062.5,-57.35791
423641125.0,-57.37449
423641187.5,-57.34975
423641250.0,-57.34189
423641312.5,-57.33092
423641375.0,-57.36415
423641437.5,-57.39685
423641500.0,-57.35307
423641562.5,-57.30112
423641625.0,-57.35492
423641687.5,-57.38354
423641750.0,-57.43565
423641812.5,-57.3877
423641875.0,-57.34476
423641937.5,-57.37013
423642000.0,-57.3982
423642062.5,-57.27288
423642125.0,-57.36671
423642187.5,-57.41246
423642250.0,-57.28837
423642312.5,-57.44106
423642375.0,-57.33279
423642437.5,-57.43462
423642500.0,-57.38953
423642562.5,-57.35467
423642625.0,-57.37427
423642687.5,-57.28594
423642750.0,-57.39362
423642812.5,-57.45548
423642875.0,-57.38103
423642937.5,-57.33712
423643000.0,-57.25267
423643062.5,-57.3576
423643125.0,-57.3984
423643187.5,-57.42279
423643250.0,-57.46178
423643312.5,-57.41921
423643375.0,-57.34411
423643437.5,-57.43699
423643500.0,-57.4607
423643562.5,-57.45121
423643625.0,-57.37181
423643687.5,-57.28077
423643750.0,-57.33889
423643812.5,-57.3909
423643875.0,-57.35879
423643937.5,-57.37642
423644000.0,-57.36253
423644062.5,-57.47242
423644125.0,-57.42276
423644187.5,-57.47921
423644250.0,-57.44134
423644312.5,-57.36235
423644375.0,-57.36743
423644437.5,-57.38075
423644500.0,-57.42649
423644562.5,-57.40887
423644625.0,-57.39587
423644687.5,-57.28955
423644750.0,-57.32476
423644812.5,-57.34359
423644875.0,-57.40284
423644937.5,-57.41837
423645000.0,-57.41478
423645062.5,-57.41477
423645125.0,-57.43745
423645187.5,-57.36946
423645250.0,-57.41953
423645312.5,-57.40248
423645375.0,-57.33736
423645437.5,-57.44163
423645500.0,-57.34887
423645562.5,-57.38916
423645625.0,-57.40158
423645687.5,-57.43287
423645750.0,-57.44931
423645812.5,-57.41006
423645875.0,-57.37105
423645937.5,-57.42933
423646000.0,-57.4481
423646062.5,-57.37626
423646125.0,-57.41978
423646187.5,-57.42693
423646250.0,-57.44875
423646312.5,-57.43136
423646375.0,-57.35435
423646437.5,-57.38989
423646500.0,-57.44202
423646562.5,-57.47266
423646625.0,-57.39159
423646687.5,-57.46738
423646750.0,-57.41816
423646812.5,-57.4514
423646875.0,-57.45605
423646937.5,-57.36174
423647000.0,-57.45306
423647062.5,-57.43053
423647125.0,-57.40704
423647187.5,-57.44464
423647250.0,-57.48959
423647312.5,-57.47326
423647375.0,-57.50687
423647437.5,-57.56805
423647500.0,-57.4429
423647562.5,-57.50111
423647625.0,-57.37164
423647687.5,-57.59298
423647750.0,-57.42976
423647812.5,-57.38008
423647875.0,-57.36674
423647937.5,-57.44925
423648000.0,-57.33427
423648062.5,-57.46139
423648125.0,-57.49365
423648187.5,-57.46637
423648250.0,-57.4094
423648312.5,-57.35743
423648375.0,-57.50393
423648437.5,-57.39089
423648500.0,-57.45607
423648562.5,-57.45678
423648625.0,-57.49092
423648687.5,-57.36135
423648750.0,-57.46203
423648812.5,-57.51282
423648875.0,-57.55407
423648937.5,-57.47873
423649000.0,-57.48639
423649062.5,-57.44274
423649125.0,-57.53141
423649187.5,-57.4914
423649250.0,-57.45882
423649312.5,-57.41135
423649375.0,-57.41857
423649437.5,-57.47602
423649500.0,-57.44079
423649562.5,-57.50758
423649625.0,-57.45647
423649687.5,-57.45644
423649750.0,-57.45748
423649812.5,-57.55254
423649875.0,-57.4879
423649937.5,-57.55602
423650000.0,-57.47116
423650062.5,-57.51949
423650125.0,-57.45139
423650187.5,-57.46292
423650250.0,-57.51937
423650312.5,-57.42582
423650375.0,-57.46672
423650437.5,-57.53138
423650500.0,-57.48446
423650562.5,-57.43869
423650625.0,-57.38068
423650687.5,-57.54589
423650750.0,-57.56355
423650812.5,-57.47657
423650875.0,-57.44293
423650937.5,-57.49096
423651000.0,-57.52153
423651062.5,-57.59525
423651125.0,-57.49873
423651187.5,-57.45127
423651250.0,-57.39743
423651312.5,-57.61201
423651375.0,-57.56817
423651437.5,-57.45183
423651500.0,-57.51556
423651562.5,-57.50453
423651625.0,-57.4615
423651687.5,-57.50465
423651750.0,-57.45753
423651812.5,-57.53951
423651875.0,-57.51604
423651937.5,-57.53963
423652000.0,-57.63234
423652062.5,-57.56077
423652125.0,-57.56409
423652187.5,-57.54113
423652250.0,-57.51682
423652312.5,-57.60146
423652375.0,-57.53892
423652437.5,-57.50824
423652500.0,-57.41069
423652562.5,-57.50111
423652625.0,-57.5712
423652687.5,-57.57851
423652750.0,-57.52445
423652812.5,-57.50266
423652875.0,-57.56231
423652937.5,-57.61867
423653000.0,-57.5171
423653062.5,-57.53401
423653125.0,-57.58322
423653187.5,-57.58036
423653250.0,-57.59784
423653312.5,-57.61396
423653375.0,-57.49499
423653437.5,-57.6189
423653500.0,-57.40145
423653562.5,-57.51418
423653625.0,-57.47671
423653687.5,-57.55402
423653750.0,-57.52899
423653812.5,-57.5406
423653875.0,-57.52661
423653937.5,-57.4845
423654000.0,-57.55563
423654062.5,-57.57698
423654125.0,-57.56138
423654187.5,-57.57837
423654250.0,-57.57855
423654312.5,-57.55138
423654375.0,-57.59706
423654437.5,-57.49396
423654500.0,-57.56589
423654562.5,-57.5042
423654625.0,-57.54755
423654687.5,-57.51423
423654750.0,-57.57261
423654812.5,-57.62275
423654875.0,-57.54704
423654937.5,-57.61292
423655000.0,-57.55753
423655062.5,-57.56583
423655125.0,-57.55033
423655187.5,-57.59814
423655250.0,-57.56464
423655312.5,-57.51476
423655375.0,-57.54037
423655437.5,-57.69171
423655500.0,-57.47423
423655562.5,-57.49397
423655625.0,-57.54896
423655687.5,-57.52547
423655750.0,-57.53562
423655812.5,-57.59141
423655875.0,-57.57685
423655937.5,-57.65949
423656000.0,-57.63485
423656062.5,-57.62334
423656125.0,-57.58568
423656187.5,-57.64194
423656250.0,-57.55367
423656312.5,-57.6147
423656375.0,-57.62022
423656437.5,-57.55062
423656500.0,-57.59661
423656562.5,-57.5355
423656625.0,-57.60831
423656687.5,-57.57791
423656750.0,-57.6411
423656812.5,-57.57385
423656875.0,-57.57925
423656937.5,-57.52644
423657000.0,-57.64008
423657062.5,-57.62009
423657125.0,-57.62303
423657187.5,-57.55645
423657250.0,-57.49275
423657312.5,-57.66072
423657375.0,-57.68922
423657437.5,-57.68763
423657500.0,-57.55336
423657562.5,-57.6712
423657625.0,-57.65689
423657687.5,-57.71181
423657750.0,-57.53689
423657812.5,-57.70425
423657875.0,-57.60653
423657937.5,-57.66821
423658000.0,-57.61514
423658062.5,-57.71625
423658125.0,-57.63541
423658187.5,-57.5786
423658250.0,-57.58809
423658312.5,-57.6936
423658375.0,-57.6309
423658437.5,-57.64437
423658500.0,-57.61343
423658562.5,-57.66949
423658625.0,-57.56442
423658687.5,-57.72462
423658750.0,-57.53297
423658812.5,-57.68104
423658875.0,-57.63317
423658937.5,-57.69212
423659000.0,-57.66093
423659062.5,-57.62991
423659125.0,-57.67044
423659187.5,-57.63511
423659250.0,-57.70006
423659312.5,-57.71046
423659375.0,-57.65184
423659437.5,-57.67029
423659500.0,-57.65729
423659562.5,-57.72807
423659625.0,-57.66532
423659687.5,-57.6014
423659750.0,-57.56252
423659812.5,-57.65268
423659875.0,-57.65908
423659937.5,-57.73753
423660000.0,-57.68388
423660062.5,-57.65919
423660125.0,-57.67369
423660187.5,-57.64966
423660250.0,-57.7953
423660312.5,-57.66609
423660375.0,-57.68114
423660437.5,-57.72055
423660500.0,-57.63515
423660562.5,-57.71093
423660625.0,-57.67882
423660687.5,-57.72876
423660750.0,-57.58414
423660812.5,-57.71268
423660875.0,-57.6145
423660937.5,-57.71618
423661000.0,-57.59246
423661062.5,-57.62138
423661125.0,-57.62798
423661187.5,-57.73071
423661250.0,-57.71177
423661312.5,-57.6294
423661375.0,-57.66527
423661437.5,-57.68253
423661500.0,-57.6443
423661562.5,-57.73753
423661625.0,-57.60673
423661687.5,-57.70027
423661750.0,-57.70375
423661812.5,-57.72967
423661875.0,-57.72692
423661937.5,-57.74691
423662000.0,-57.79908
423662062.5,-57.67488
423662125.0,-57.72975
423662187.5,-57.68497
423662250.0,-57.74203
423662312.5,-57.63926
423662375.0,-57.73636
423662437.5,-57.67549
423662500.0,-57.62671
423662562.5,-57.71716
423662625.0,-57.74376
423662687.5,-57.69653
423662750.0,-57.70048
423662812.5,-57.74335
423662875.0,-57.78263
423662937.5,-57.64892
423663000.0,-57.61438
423663062.5,-57.69261
423663125.0,-57.66996
423663187.5,-57.70679
423663250.0,-57.70997
423663312.5,-57.62069
423663375.0,-57.71458
423663437.5,-57.72388
423663500.0,-57.70356
423663562.5,-57.68063
423663625.0,-57.75614
423663687.5,-57.69644
423663750.0,-57.69647
423663812.5,-57.73423
423663875.0,-57.70504
423663937.5,-57.67879
423664000.0,-57.7393
423664062.5,-57.67969
423664125.0,-57.73846
423664187.5,-57.76158
423664250.0,-57.67548
423664312.5,-57.74599
423664375.0,-57.69494
423664437.5,-57.81912
423664500.0,-57.71522
423664562.5,-57.73775
423664625.0,-57.66536
423664687.5,-57.66707
423664750.0,-57.77164
423664812.5,-57.76765
423664875.0,-57.77528
423664937.5,-57.69235
423665000.0,-57.75716
423665062.5,-57.70004
423665125.0,-57.81504
423665187.5,-57.83496
423665250.0,-57.76717
423665312.5,-57.71629
423665375.0,-57.61169
423665437.5,-57.79083
423665500.0,-57.75295
423665562.5,-57.76512
423665625.0,-57.59373
423665687.5,-57.7446
423665750.0,-57.78456
423665812.5,-57.71149
423665875.0,-57.6154
423665937.5,-57.8448
423666000.0,-57.79399
423666062.5,-57.73383
423666125.0,-57.82098
423666187.5,-57.78688
423666250.0,-57.74675
423666312.5,-57.77799
423666375.0,-57.74988
423666437.5,-57.7152
423666500.0,-57.73864
423666562.5,-57.71946
423666625.0,-57.77811
423666687.5,-57.79136
423666750.0,-57.69863
423666812.5,-57.6952
423666875.0,-57.7201
423666937.5,-57.77048
423667000.0,-57.78383
423667062.5,-57.71087
423667125.0,-57.78027
423667187.5,-57.78709
423667250.0,-57.77916
423667312.5,-57.75671
423667375.0,-57.80298
423667437.5,-57.71408
423667500.0,-57.84308
423667562.5,-57.72676
423667625.0,-57.67461
423667687.5,-57.71071
423667750.0,-57.74596
423667812.5,-57.76178
423667875.0,-57.78307
423667937.5,-57.76807
423668000.0,-57.70767
423668062.5,-57.72687
423668125.0,-57.79185
423668187.5,-57.7402
423668250.0,-57.73842
423668312.5,-57.66807
423668375.0,-57.74378
423668437.5,-57.88302
423668500.0,-57.83589
423668562.5,-57.81441
423668625.0,-57.71561
423668687.5,-57.78667
423668750.0,-57.79914
423668812.5,-57.7429
423668875.0,-57.84997
423668937.5,-57.71313
423669000.0,-57.75291
423669062.5,-57.79042
423669125.0,-57.82853
423669187.5,-57.77582
423669250.0,-57.77136
423669312.5,-57.79047
423669375.0,-57.79599
423669437.5,-57.72693
423669500.0,-57.76559
423669562.5,-57.77235
423669625.0,-57.74213
423669687.5,-57.79126
423669750.0,-57.81343
423669812.5,-57.82639
423669875.0,-57.74978
423669937.5,-57.79186
423670000.0,-57.69711
423670062.5,-57.76933
423670125.0,-57.79247
423670187.5,-57.79017
423670250.0,-57.86786
423670312.5,-57.84396
423670375.0,-57.79192
423670437.5,-57.70781
423670500.0,-57.73807
423670562.5,-57.75892
423670625.0,-57.8519
423670687.5,-57.79161
423670750.0,-57.84707
423670812.5,-57.77663
423670875.0,-57.79816
423670937.5,-57.82705
423671000.0,-57.79376
423671062.5,-57.82565
423671125.0,-57.8629
423671187.5,-57.81602
423671250.0,-57.81416
423671312.5,-57.68555
423671375.0,-57.78333
423671437.5,-57.86035
423671500.0,-57.7795
423671562.5,-57.86289
423671625.0,-57.85836
423671687.5,-57.86258
423671750.0,-57.91529
423671812.5,-57.80542
423671875.0,-57.86724
423671937.5,-57.938
423672000.0,-57.88359
423672062.5,-57.78305
423672125.0,-57.90829
423672187.5,-57.89577
423672250.0,-57.87643
423672312.5,-57.82336
423672375.0,-57.8361
423672437.5,-57.7808
423672500.0,-57.80093
423672562.5,-57.94879
423672625.0,-57.80755
423672687.5,-57.98482
423672750.0,-57.87627
423672812.5,-57.87913
423672875.0,-57.87907
423672937.5,-57.80223
423673000.0,-57.86366
423673062.5,-57.84027
423673125.0,-57.89658
423673187.5,-57.82978
423673250.0,-57.8829
423673312.5,-57.76942
423673375.0,-57.99963
423673437.5,-57.75975
423673500.0,-57.86875
423673562.5,-57.84793
423673625.0,-57.86454
423673687.5,-57.80002
423673750.0,-57.80445
423673812.5,-57.89969
423673875.0,-57.863
423673937.5,-57.86827
423674000.0,-57.73872
423674062.5,-57.9671
423674125.0,-57.83129
423674187.5,-57.84984
423674250.0,-57.86588
423674312.5,-57.93137
423674375.0,-57.88305
423674437.5,-57.81968
423674500.0,-57.96974
423674562.5,-57.88217
423674625.0,-57.95574
423674687.5,-57.94186
423674750.0,-57.84322
423674812.5,-57.83302
423674875.0,-57.84436
423674937.5,-57.81828
423675000.0,-57.90124
423675062.5,-57.96518
423675125.0,-57.96604
423675187.5,-57.80511
423675250.0,-57.90203
423675312.5,-57.94605
423675375.0,-57.86868
423675437.5,-57.87042
423675500.0,-57.86541
423675562.5,-57.9192
423675625.0,-57.97023
423675687.5,-57.9465
423675750.0,-57.85878
423675812.5,-57.88851
423675875.0,-57.97239
423675937.5,-57.87263
423676000.0,-57.91306
423676062.5,-57.92543
423676125.0,-57.9446
423676187.5,-57.91726
423676250.0,-57.85527
423676312.5,-57.92747
423676375.0,-57.95707
423676437.5,-57.83438
423676500.0,-57.92245
423676562.5,-57.8596
423676625.0,-57.8438
423676687.5,-57.97157
423676750.0,-57.89542
423676812.5,-58.04018
423676875.0,-57.95074
423676937.5,-57.93237
423677000.0,-57.86507
423677062.5,-57.86783
423677125.0,-57.9811
423677187.5,-57.80175
423677250.0,-57.88985
423677312.5,-57.92062
423677375.0,-57.91426
423677437.5,-57.94582
423677500.0,-57.94342
423677562.5,-57.87542
423677625.0,-57.85362
423677687.5,-57.88911
423677750.0,-57.88346
423677812.5,-57.91686
423677875.0,-57.97417
423677937.5,-57.94164
423678000.0,-57.92746
423678062.5,-57.9141
423678125.0,-57.90923
423678187.5,-57.91379
423678250.0,-57.85097
423678312.5,-57.95626
423678375.0,-57.8681
423678437.5,-57.89686
423678500.0,-57.93047
423678562.5,-57.99622
423678625.0,-58.0162
423678687.5,-58.03286
423678750.0,-57.97928
423678812.5,-57.86054
423678875.0,-57.94716
423678937.5,-57.90773
423679000.0,-57.98013
423679062.5,-57.96392
423679125.0,-57.85511
423679187.5,-57.9476
423679250.0,-57.93855
423679312.5,-57.91235
423679375.0,-57.99877
423679437.5,-57.91069
423679500.0,-57.97497
423679562.5,-57.99849
423679625.0,-57.90373
423679687.5,-57.90001
423679750.0,-58.02809
423679812.5,-57.91506
423679875.0,-57.92002
423679937.5,-57.99372
423680000.0,-57.8909
423680062.5,-57.96833
423680125.0,-58.00913
423680187.5,-57.93153
423680250.0,-57.92549
423680312.5,-57.92738
423680375.0,-57.99504
423680437.5,-57.96578
423680500.0,-57.98882
423680562.5,-57.97445
423680625.0,-58.00517
423680687.5,-58.04877
423680750.0,-58.01727
423680812.5,-57.93942
423680875.0,-57.96827
423680937.5,-58.02711
423681000.0,-57.97676
423681062.5,-57.89859
423681125.0,-58.01058
423681187.5,-57.917
423681250.0,-57.93096
423681312.5,-58.03315
423681375.0,-58.06218
423681437.5,-57.93661
423681500.0,-57.92812
423681562.5,-57.97958
423681625.0,-58.01472
423681687.5,-58.05524
423681750.0,-57.92671
423681812.5,-57.98757
423681875.0,-58.05432
423681937.5,-57.94258
423682000.0,-57.9693
423682062.5,-58.03672
423682125.0,-57.9613
423682187.5,-57.92728
423682250.0,-57.93997
423682312.5,-58.03974
423682375.0,-57.99609
423682437.5,-58.01427
423682500.0,-58.08969
423682562.5,-57.89069
423682625.0,-58.06285
423682687.5,-58.06519
423682750.0,-58.0158
423682812.5,-57.99618
423682875.0,-58.121
423682937.5,-58.04391
423683000.0,-58.11322
423683062.5,-58.051
423683125.0,-58.04544
423683187.5,-57.96414
423683250.0,-58.08072
423683312.5,-57.87482
423683375.0,-57.98989
423683437.5,-57.94813
423683500.0,-57.9257
423683562.5,-57.93188
423683625.0,-58.05162
423683687.5,-58.07768
423683750.0,-57.99646
423683812.5,-58.01957
423683875.0,-57.97662
423683937.5,-57.98267
423684000.0,-58.15814
423684062.5,-58.08625
423684125.0,-58.00761
423684187.5,-58.017
423684250.0,-57.98505
423684312.5,-57.98829
423684375.0,-58.00315
423684437.5,-58.15803
423684500.0,-57.98947
423684562.5,-57.94186
423684625.0,-58.07148
423684687.5,-57.94696
423684750.0,-57.93635
423684812.5,-58.02435
423684875.0,-58.1264
423684937.5,-58.13275
423685000.0,-58.03088
423685062.5,-58.08242
423685125.0,-58.02739
423685187.5,-58.08351
423685250.0,-58.05256
423685312.5,-58.04347
423685375.0,-58.06754
423685437.5,-58.10901
423685500.0,-58.0432
423685562.5,-58.09826
423685625.0,-58.03801
423685687.5,-58.07793
423685750.0,-58.10347
423685812.5,-58.01863
423685875.0,-58.09459
423685937.5,-58.18039
423686000.0,-58.02003
423686062.5,-58.06729
423686125.0,-58.06549
423686187.5,-58.03404
423686250.0,-58.02015
423686312.5,-58.03957
423686375.0,-58.0527
423686437.5,-58.03983
423686500.0,-58.14827
423686562.5,-58.04384
423686625.0,-58.13855
423686687.5,-58.08815
423686750.0,-58.16199
423686812.5,-58.0505
423686875.0,-58.09731
423686937.5,-57.96833
423687000.0,-58.06406
423687062.5,-58.04263
423687125.0,-58.11086
423687187.5,-58.01254
423687250.0,-58.03556
423687312.5,-58.00579
423687375.0,-58.03371
423687437.5,-58.16978
423687500.0,-58.16537
423687562.5,-58.06809
423687625.0,-58.11512
423687687.5,-58.08709
423687750.0,-58.1762
423687812.5,-57.97204
423687875.0,-58.14525
423687937.5,-58.05335
423688000.0,-58.00562
423688062.5,-58.13923
423688125.0,-58.07726
423688187.5,-58.1276
423688250.0,-58.16254
423688312.5,-58.07401
423688375.0,-58.11628
423688437.5,-58.09219
423688500.0,-58.1277
423688562.5,-58.24335
423688625.0,-58.14681
423688687.5,-58.14244
423688750.0,-58.06858
423688812.5,-58.08431
423688875.0,-58.15032
423688937.5,-58.11115
423689000.0,-58.06338
423689062.5,-58.0219
423689125.0,-58.07017
423689187.5,-58.16762
423689250.0,-58.05084
423689312.5,-58.12868
423689375.0,-57.9952
423689437.5,-58.11897
423689500.0,-58.18229
423689562.5,-58.1484
423689625.0,-58.11052
423689687.5,-58.1294
423689750.0,-58.0732
423689812.5,-58.09896
423689875.0,-58.14048
423689937.5,-58.18431
423690000.0,-58.12454
423690062.5,-58.08892
423690125.0,-58.0971
423690187.5,-58.06794
423690250.0,-58.09595
423690312.5,-58.04749
423690375.0,-58.0443
423690437.5,-58.1945
423690500.0,-58.13231
423690562.5,-58.09615
423690625.0,-58.10118
423690687.5,-58.12001
423690750.0,-58.1398
423690812.5,-58.20112
423690875.0,-58.13581
423690937.5,-58.21118
423691000.0,-58.13797
423691062.5,-58.12506
423691125.0,-58.14704
423691187.5,-58.21766
423691250.0,-58.15353
423691312.5,-58.13678
423691375.0,-58.11163
423691437.5,-58.08653
423691500.0,-58.18279
423691562.5,-58.0722
423691625.0,-58.10886
423691687.5,-58.13288
423691750.0,-58.19447
423691812.5,-58.17648
423691875.0,-58.1706
423691937.5,-58.13512
423692000.0,-58.19103
423692062.5,-58.18782
423692125.0,-58.23308
423692187.5,-58.07823
423692250.0,-58.12
423692312.5,-58.18633
423692375.0,-58.17798
423692437.5,-58.20938
423692500.0,-58.15535
423692562.5,-58.16211
423692625.0,-58.18006
423692687.5,-58.10484
423692750.0,-58.12189
423692812.5,-58.1433
423692875.0,-58.07371
423692937.5,-58.1123
423693000.0,-58.09529
423693062.5,-58.08297
423693125.0,-58.04472
423693187.5,-58.27793
423693250.0,-58.10729
423693312.5,-58.26694
423693375.0,-58.16387
423693437.5,-58.14822
423693500.0,-58.157
423693562.5,-58.14269
423693625.0,-58.21672
423693687.5,-58.17376
423693750.0,-58.2004
423693812.5,-58.13364
423693875.0,-58.14537
423693937.5,-58.21979
423694000.0,-58.18903
423694062.5,-58.20552
423694125.0,-58.18324
423694187.5,-58.23988
423694250.0,-58.16588
423694312.5,-58.10403
423694375.0,-58.16904
423694437.5,-58.13022
423694500.0,-58.08272
423694562.5,-58.1519
423694625.0,-58.1311
423694687.5,-58.09997
423694750.0,-58.23727
423694812.5,-58.22032
423694875.0,-58.07555
423694937.5,-58.1297
423695000.0,-58.22424
423695062.5,-58.12581
423695125.0,-58.15335
423695187.5,-58.15745
423695250.0,-58.20216
423695312.5,-58.18463
423695375.0,-58.22818
423695437.5,-58.1749
423695500.0,-58.15364
423695562.5,-58.26976
423695625.0,-58.10097
423695687.5,-58.19913
423695750.0,-58.20324
423695812.5,-58.14981
423695875.0,-58.22882
423695937.5,-58.09943
423696000.0,-58.23168
423696062.5,-58.29559
423696125.0,-58.2336
423696187.5,-58.14316
423696250.0,-58.24526
423696312.5,-58.24674
423696375.0,-58.2715
423696437.5,-58.12812
423696500.0,-58.20248
423696562.5,-58.15709
423696625.0,-58.29251
423696687.5,-58.21886
423696750.0,-58.12614
423696812.5,-58.26768
423696875.0,-58.23638
423696937.5,-58.28898
423697000.0,-58.1646
423697062.5,-58.23248
423697125.0,-58.21486
423697187.5,-58.1913
423697250.0,-58.23933
423697312.5,-58.30564
423697375.0,-58.31288
423697437.5,-58.28787
423697500.0,-58.28726
423697562.5,-58.2188
423697625.0,-58.20285
423697687.5,-58.29345
423697750.0,-58.14621
423697812.5,-58.1977
423697875.0,-58.16639
423697937.5,-58.21668
423698000.0,-58.27977
423698062.5,-58.227
423698125.0,-58.23851
423698187.5,-58.23712
423698250.0,-58.23576
423698312.5,-58.27613
423698375.0,-58.23777
423698437.5,-58.24956
423698500.0,-58.24557
423698562.5,-58.29001
423698625.0,-58.23299
423698687.5,-58.24296
423698750.0,-58.21518
423698812.5,-58.2583
423698875.0,-58.32126
423698937.5,-58.17956
423699000.0,-58.28816
423699062.5,-58.24562
423699125.0,-58.21428
423699187.5,-58.2541
423699250.0,-58.25547
423699312.5,-58.26814
423699375.0,-58.22019
423699437.5,-58.26133
423699500.0,-58.29383
423699562.5,-58.31762
423699625.0,-58.15165
423699687.5,-58.28222
423699750.0,-58.22849
423699812.5,-58.15019
423699875.0,-58.19835
423699937.5,-58.23356
423700000.0,-58.20641
423700062.5,-58.18989
423700125.0,-58.26402
423700187.5,-58.34352
423700250.0,-58.29171
423700312.5,-58.29111
423700375.0,-58.21365
423700437.5,-58.25768
423700500.0,-58.26608
423700562.5,-58.27646
423700625.0,-58.27955
423700687.5,-58.22038
423700750.0,-58.30383
423700812.5,-58.26351
423700875.0,-58.28124
423700937.5,-58.33055
423701000.0,-58.39112
423701062.5,-58.3179
423701125.0,-58.32057
423701187.5,-58.15406
423701250.0,-58.28807
423701312.5,-58.27148
423701375.0,-58.21686
423701437.5,-58.19651
423701500.0,-58.28593
423701562.5,-58.26986
423701625.0,-58.26821
423701687.5,-58.28896
423701750.0,-58.17233
423701812.5,-58.32424
423701875.0,-58.28524
423701937.5,-58.30504
423702000.0,-58.35271
423702062.5,-58.28173
423702125.0,-58.37833
423702187.5,-58.28654
423702250.0,-58.23991
423702312.5,-58.24694
423702375.0,-58.25268
423702437.5,-58.2447
423702500.0,-58.22059
423702562.5,-58.22744
423702625.0,-58.27339
423702687.5,-58.29711
423702750.0,-58.45351
423702812.5,-58.37968
423702875.0,-58.26109
423702937.5,-58.37124
423703000.0,-58.2555
423703062.5,-58.39198
423703125.0,-58.31654
423703187.5,-58.37004
423703250.0,-58.39873
423703312.5,-58.24852
423703375.0,-58.239
423703437.5,-58.34803
423703500.0,-58.29367
423703562.5,-58.30181
423703625.0,-58.27776
423703687.5,-58.30289
423703750.0,-58.34594
423703812.5,-58.1963
423703875.0,-58.34715
423703937.5,-58.32631
423704000.0,-58.31921
423704062.5,-58.31077
423704125.0,-58.433
423704187.5,-58.24929
423704250.0,-58.28226
423704312.5,-58.39141
423704375.0,-58.29366
423704437.5,-58.47302
423704500.0,-58.33109
423704562.5,-58.30926
423704625.0,-58.28799
423704687.5,-58.42352
423704750.0,-58.395
423704812.5,-58.34381
423704875.0,-58.32642
423704937.5,-58.35999
423705000.0,-58.27555
423705062.5,-58.32834
423705125.0,-58.28683
423705187.5,-58.34565
423705250.0,-58.35608
423705312.5,-58.38728
423705375.0,-58.31759
423705437.5,-58.27904
423705500.0,-58.35235
423705562.5,-58.4168
423705625.0,-58.35862
423705687.5,-58.39874
423705750.0,-58.27794
423705812.5,-58.45691
423705875.0,-58.36375
423705937.5,-58.414
423706000.0,-58.28561
423706062.5,-58.42283
423706125.0,-58.39214
423706187.5,-58.27147
423706250.0,-58.33358
423706312.5,-58.25167
423706375.0,-58.36673
423706437.5,-58.42834
423706500.0,-58.32768
423706562.5,-58.37548
423706625.0,-58.31886
423706687.5,-58.35462
423706750.0,-58.33656
423706812.5,-58.28189
423706875.0,-58.51827
423706937.5,-58.41323
423707000.0,-58.24098
423707062.5,-58.32736
423707125.0,-58.446
423707187.5,-58.43255
423707250.0,-58.35541
423707312.5,-58.29542
423707375.0,-58.4509
423707437.5,-58.37854
423707500.0,-58.38306
423707562.5,-58.374
423707625.0,-58.26913
423707687.5,-58.44383
423707750.0,-58.32473
423707812.5,-58.40628
423707875.0,-58.42132
423707937.5,-58.43747
423708000.0,-58.33582
423708062.5,-58.33167
423708125.0,-58.35188
423708187.5,-58.38852
423708250.0,-58.39066
423708312.5,-58.43753
423708375.0,-58.45144
423708437.5,-58.33289
423708500.0,-58.48105
423708562.5,-58.34308
423708625.0,-58.35238
423708687.5,-58.32652
423708750.0,-58.38022
423708812.5,-58.44917
423708875.0,-58.37428
423708937.5,-58.36599
423709000.0,-58.26927
423709062.5,-58.36966
423709125.0,-58.25039
423709187.5,-58.48765
423709250.0,-58.48803
423709312.5,-58.43562
423709375.0,-58.46532
423709437.5,-58.32791
423709500.0,-58.32751
423709562.5,-58.4219
423709625.0,-58.41219
423709687.5,-58.44008
423709750.0,-58.45502
423709812.5,-58.33096
423709875.0,-58.36234
423709937.5,-58.45525
423710000.0,-58.40464
423710062.5,-58.3686
423710125.0,-58.4662
423710187.5,-58.33115
423710250.0,-58.39934
423710312.5,-58.3869
423710375.0,-58.44221
423710437.5,-58.3727
423710500.0,-58.45796
423710562.5,-58.46989
423710625.0,-58.44374
423710687.5,-58.3769
423710750.0,-58.37616
423710812.5,-58.43237
423710875.0,-58.38046
423710937.5,-58.48316
423711000.0,-58.38794
423711062.5,-58.42348
423711125.0,-58.41887
423711187.5,-58.41741
423711250.0,-58.39841
423711312.5,-58.41314
423711375.0,-58.53643
423711437.5,-58.486
423711500.0,-58.40617
423711562.5,-58.45863
423711625.0,-58.33994
423711687.5,-58.46756
423711750.0,-58.51532
423711812.5,-58.45588
423711875.0,-58.37349
423711937.5,-58.42437
423712000.0,-58.52704
423712062.5,-58.40023
423712125.0,-58.49799
423712187.5,-58.51706
423712250.0,-58.53341
423712312.5,-58.42511
423712375.0,-58.51294
423712437.5,-58.42306
423712500.0,-58.43715
423712562.5,-58.43639
423712625.0,-58.4104
423712687.5,-58.44414
423712750.0,-58.40641
423712812.5,-58.47025
423712875.0,-58.45048
423712937.5,-58.57443
423713000.0,-58.43233
423713062.5,-58.46098
423713125.0,-58.52685
423713187.5,-58.36372
423713250.0,-58.46603
423713312.5,-58.41997
423713375.0,-58.50278
423713437.5,-58.52289
423713500.0,-58.46052
423713562.5,-58.53855
423713625.0,-58.56749
423713687.5,-58.42048
423713750.0,-58.53452
423713812.5,-58.44928
423713875.0,-58.42788
423713937.5,-58.47415
423714000.0,-58.49611
423714062.5,-58.47705
423714125.0,-58.57912
423714187.5,-58.48322
423714250.0,-58.59809
423714312.5,-58.40173
423714375.0,-58.42368
423714437.5,-58.38393
423714500.0,-58.55731
423714562.5,-58.57393
423714625.0,-58.55615
423714687.5,-58.47728
423714750.0,-58.48586
423714812.5,-58.64155
423714875.0,-58.54155
423714937.5,-58.45734
423715000.0,-58.39598
423715062.5,-58.49249
423715125.0,-58.45168
423715187.5,-58.4245
423715250.0,-58.39377
423715312.5,-58.61265
423715375.0,-58.47917
423715437.5,-58.52369
423715500.0,-58.52846
423715562.5,-58.4726
423715625.0,-58.44345
423715687.5,-58.50401
423715750.0,-58.42138
423715812.5,-58.52049
423715875.0,-58.56893
423715937.5,-58.44736
423716000.0,-58.48825
423716062.5,-58.48551
423716125.0,-58.53614
423716187.5,-58.47284
423716250.0,-58.47159
423716312.5,-58.49809
423716375.0,-58.45031
423716437.5,-58.44213
423716500.0,-58.40234
423716562.5,-58.54675
423716625.0,-58.45187
423716687.5,-58.58558
423716750.0,-58.51674
423716812.5,-58.57865
423716875.0,-58.56732
423716937.5,-58.38386
423717000.0,-58.49052
423717062.5,-58.46259
423717125.0,-58.50133
423717187.5,-58.56204
423717250.0,-58.5624
423717312.5,-58.54816
423717375.0,-58.49162
423717437.5,-58.52216
423717500.0,-58.516
423717562.5,-58.52696
423717625.0,-58.53986
423717687.5,-58.50107
423717750.0,-58.5893
423717812.5,-58.43784
423717875.0,-58.49726
423717937.5,-58.50725
423718000.0,-58.4993
423718062.5,-58.4255
423718125.0,-58.42966
423718187.5,-58.44907
423718250.0,-58.51916
423718312.5,-58.56246
423718375.0,-58.56667
423718437.5,-58.58867
423718500.0,-58.49653
423718562.5,-58.54904
423718625.0,-58.58941
423718687.5,-58.62695
423718750.0,-58.51901
423718812.5,-58.47565
423718875.0,-58.57271
423718937.5,-58.51824
423719000.0,-58.61118
423719062.5,-58.61719
423719125.0,-58.63137
423719187.5,-58.54221
423719250.0,-58.5789
423719312.5,-58.61343
423719375.0,-58.54294
423719437.5,-58.54528
423719500.0,-58.57066
423719562.5,-58.52211
423719625.0,-58.54254
423719687.5,-58.61663
423719750.0,-58.50663
423719812.5,-58.50525
423719875.0,-58.52865
423719937.5,-58.44636
423720000.0,-58.4642
423720062.5,-58.65674
423720125.0,-58.56713
423720187.5,-58.59692
423720250.0,-58.55545
423720312.5,-58.64511
423720375.0,-58.59535
423720437.5,-58.53966
423720500.0,-58.54345
423720562.5,-58.49814
423720625.0,-58.53632
423720687.5,-58.58722
423720750.0,-58.52717
423720812.5,-58.55136
423720875.0,-58.61707
423720937.5,-58.474
423721000.0,-58.47732
423721062.5,-58.51006
423721125.0,-58.54636
423721187.5,-58.57829
423721250.0,-58.39143
423721312.5,-58.68451
423721375.0,-58.6291
423721437.5,-58.46347
423721500.0,-58.57304
423721562.5,-58.66981
423721625.0,-58.61877
423721687.5,-58.60333
423721750.0,-58.54494
423721812.5,-58.56289
423721875.0,-58.68344
423721937.5,-58.68464
423722000.0,-58.68331
423722062.5,-58.65326
423722125.0,-58.5782
423722187.5,-58.48804
423722250.0,-58.67278
423722312.5,-58.6261
423722375.0,-58.56893
423722437.5,-58.54155
423722500.0,-58.56434
423722562.5,-58.60326
423722625.0,-58.5747
423722687.5,-58.60471
423722750.0,-58.62749
423722812.5,-58.54624
423722875.0,-58.5246
423722937.5,-58.62273
423723000.0,-58.65482
423723062.5,-58.62322
423723125.0,-58.6386
423723187.5,-58.55261
423723250.0,-58.70586
423723312.5,-58.56009
423723375.0,-58.67562
423723437.5,-58.74782
423723500.0,-58.52271
423723562.5,-58.67601
423723625.0,-58.60606
423723687.5,-58.51715
423723750.0,-58.67497
423723812.5,-58.57214
423723875.0,-58.73978
423723937.5,-58.67387
423724000.0,-58.63029
423724062.5,-58.61627
423724125.0,-58.59159
423724187.5,-58.6735
423724250.0,-58.55847
423724312.5,-58.57855
423724375.0,-58.60498
423724437.5,-58.49537
423724500.0,-58.54049
423724562.5,-58.63263
423724625.0,-58.61611
423724687.5,-58.59217
423724750.0,-58.64195
423724812.5,-58.62306
423724875.0,-58.69148
423724937.5,-58.67952
423725000.0,-58.56798
423725062.5,-58.67324
423725125.0,-58.57923
423725187.5,-58.60944
423725250.0,-58.54656
423725312.5,-58.64278
423725375.0,-58.57371
423725437.5,-58.68036
423725500.0,-58.60456
423725562.5,-58.67536
423725625.0,-58.70453
423725687.5,-58.6889
423725750.0,-58.59886
423725812.5,-58.53836
423725875.0,-58.65148
423725937.5,-58.61657
423726000.0,-58.594
423726062.5,-58.59743
423726125.0,-58.75294
423726187.5,-58.62502
423726250.0,-58.76501
423726312.5,-58.63905
423726375.0,-58.72581
423726437.5,-58.64346
423726500.0,-58.69859
423726562.5,-58.6413
423726625.0,-58.7168
423726687.5,-58.6696
423726750.0,-58.67937
423726812.5,-58.68021
423726875.0,-58.67703
423726937.5,-58.66328
423727000.0,-58.68136
423727062.5,-58.56239
423727125.0,-58.65369
423727187.5,-58.66616
423727250.0,-58.58748
423727312.5,-58.51732
423727375.0,-58.69673
423727437.5,-58.73738
423727500.0,-58.64665
423727562.5,-58.72277
423727625.0,-58.65673
423727687.5,-58.64664
423727750.0,-58.58378
423727812.5,-58.61417
423727875.0,-58.65143
423727937.5,-58.64622
423728000.0,-58.75884
423728062.5,-58.70048
423728125.0,-58.72094
423728187.5,-58.66109
423728250.0,-58.70829
423728312.5,-58.7399
423728375.0,-58.67992
423728437.5,-58.59455
423728500.0,-58.68075
423728562.5,-58.65967
423728625.0,-58.66571
423728687.5,-58.67025
423728750.0,-58.66669
423728812.5,-58.66769
423728875.0,-58.65236
423728937.5,-58.759
423729000.0,-58.67021
423729062.5,-58.72616
423729125.0,-58.71432
423729187.5,-58.74928
423729250.0,-58.73752
423729312.5,-58.69786
423729375.0,-58.69589
423729437.5,-58.69615
423729500.0,-58.66019
423729562.5,-58.67214
423729625.0,-58.63253
423729687.5,-58.68079
423729750.0,-58.73094
423729812.5,-58.78355
423729875.0,-58.74326
423729937.5,-58.66611
423730000.0,-58.74593
423730062.5,-58.72609
423730125.0,-58.68775
423730187.5,-58.69799
423730250.0,-58.84498
423730312.5,-58.6038
423730375.0,-58.55391
423730437.5,-58.73672
423730500.0,-58.67683
423730562.5,-58.62955
423730625.0,-58.79972
423730687.5,-58.68509
423730750.0,-58.68631
423730812.5,-58.71696
423730875.0,-58.67133
423730937.5,-58.73979
423731000.0,-58.74096
423731062.5,-58.76902
423731125.0,-58.75573
423731187.5,-58.76983
423731250.0,-58.66546
423731312.5,-58.65795
423731375.0,-58.70449
423731437.5,-58.7423
423731500.0,-58.64865
423731562.5,-58.76228
423731625.0,-58.58429
423731687.5,-58.66996
423731750.0,-58.78236
423731812.5,-58.83998
423731875.0,-58.76917
423731937.5,-58.69683
423732000.0,-58.75734
423732062.5,-58.6848
423732125.0,-58.66567
423732187.5,-58.83326
423732250.0,-58.71944
423732312.5,-58.74047
423732375.0,-58.77147
423732437.5,-58.67753
423732500.0,-58.65829
423732562.5,-58.76955
423732625.0,-58.60845
423732687.5,-58.77934
423732750.0,-58.84803
423732812.5,-58.76476
423732875.0,-58.7463
423732937.5,-58.72947
423733000.0,-58.83671
423733062.5,-58.74597
423733125.0,-58.80266
423733187.5,-58.77591
423733250.0,-58.6638
423733312.5,-58.77967
423733375.0,-58.74699
423733437.5,-58.79065
423733500.0,-58.78403
423733562.5,-58.71405
423733625.0,-58.84388
423733687.5,-58.7922
423733750.0,-58.746
423733812.5,-58.7756
423733875.0,-58.74718
423733937.5,-58.80193
423734000.0,-58.84106
423734062.5,-58.80319
423734125.0,-58.84207
423734187.5,-58.75708
423734250.0,-58.62647
423734312.5,-58.69956
423734375.0,-58.78926
423734437.5,-58.7272
423734500.0,-58.80536
423734562.5,-58.82149
423734625.0,-58.85287
423734687.5,-58.68445
423734750.0,-58.78341
423734812.5,-58.83903
423734875.0,-58.7403
423734937.5,-58.71802
423735000.0,-58.72525
423735062.5,-58.71259
423735125.0,-58.79814
423735187.5,-58.74475
423735250.0,-58.7495
423735312.5,-58.78379
423735375.0,-58.73003
423735437.5,-58.74442
423735500.0,-58.83717
423735562.5,-58.82896
423735625.0,-58.80951
423735687.5,-58.74074
423735750.0,-58.85083
423735812.5,-58.85673
423735875.0,-58.8236
423735937.5,-58.7795
423736000.0,-58.77258
423736062.5,-58.76646
423736125.0,-58.83011
423736187.5,-58.77343
423736250.0,-58.76463
423736312.5,-58.68767
423736375.0,-58.77087
423736437.5,-58.77253
423736500.0,-58.80703
423736562.5,-58.78644
423736625.0,-58.85885
423736687.5,-58.83266
423736750.0,-58.76442
423736812.5,-58.8365
423736875.0,-58.774
423736937.5,-58.82912
423737000.0,-58.81637
423737062.5,-58.79334
423737125.0,-58.85918
423737187.5,-58.83012
423737250.0,-58.7761
423737312.5,-58.87091
423737375.0,-58.81307
423737437.5,-58.77078
423737500.0,-58.87699
423737562.5,-58.826
423737625.0,-58.81179
423737687.5,-58.85096
423737750.0,-58.79895
423737812.5,-58.81174
423737875.0,-58.71028
423737937.5,-58.79669
423738000.0,-58.83117
423738062.5,-58.88438
423738125.0,-58.85444
423738187.5,-58.84198
423738250.0,-58.76547
423738312.5,-58.73085
423738375.0,-58.84318
423738437.5,-58.83895
423738500.0,-58.7886
423738562.5,-58.94157
423738625.0,-58.81079
423738687.5,-58.70095
423738750.0,-58.76653
423738812.5,-58.72942
423738875.0,-58.73481
423738937.5,-58.82606
423739000.0,-58.86406
423739062.5,-58.89851
423739125.0,-58.84234
423739187.5,-58.87345
423739250.0,-58.77671
423739312.5,-58.8253
423739375.0,-58.91969
423739437.5,-58.79756
423739500.0,-58.82099
423739562.5,-58.88652
423739625.0,-58.78841
423739687.5,-58.90284
423739750.0,-58.88124
423739812.5,-58.88168
423739875.0,-58.83901
423739937.5,-58.80312
423740000.0,-58.83146
423740062.5,-58.81715
423740125.0,-58.81182
423740187.5,-58.82892
423740250.0,-58.89956
423740312.5,-58.88491
423740375.0,-58.86876
423740437.5,-58.7638
423740500.0,-58.87851
423740562.5,-58.81649
423740625.0,-58.82005
423740687.5,-58.87521
423740750.0,-58.85353
423740812.5,-58.90987
423740875.0,-58.89077
423740937.5,-58.94574
423741000.0,-58.82781
423741062.5,-58.84942
423741125.0,-58.96763
423741187.5,-58.82496
423741250.0,-58.85466
423741312.5,-58.85678
423741375.0,-58.84758
423741437.5,-58.77582
423741500.0,-58.89734
423741562.5,-58.94639
423741625.0,-58.85728
423741687.5,-58.91289
423741750.0,-58.874
423741812.5,-58.86798
423741875.0,-58.85682
423741937.5,-58.86724
423742000.0,-58.94127
423742062.5,-58.87407
423742125.0,-58.76181
423742187.5,-58.87571
423742250.0,-58.97392
423742312.5,-58.88647
423742375.0,-58.80551
423742437.5,-58.75882
423742500.0,-58.97001
423742562.5,-58.8028
423742625.0,-58.86504
423742687.5,-58.9035
423742750.0,-58.85967
423742812.5,-58.8903
423742875.0,-58.92834
423742937.5,-58.91566
423743000.0,-58.9215
423743062.5,-58.85961
423743125.0,-58.93791
423743187.5,-58.85585
423743250.0,-58.85737
423743312.5,-58.89516
423743375.0,-58.90429
423743437.5,-58.83666
423743500.0,-58.83022
423743562.5,-58.86606
423743625.0,-58.87267
423743687.5,-58.79604
423743750.0,-58.88147
423743812.5,-58.91984
423743875.0,-58.91859
423743937.5,-58.8545
423744000.0,-58.96072
423744062.5,-58.92851
423744125.0,-58.77744
423744187.5,-58.94384
423744250.0,-59.00975
423744312.5,-58.89196
423744375.0,-58.81543
423744437.5,-58.84364
423744500.0,-58.8368
423744562.5,-58.85093
423744625.0,-58.81185
423744687.5,-58.93079
423744750.0,-58.93034
423744812.5,-58.84966
423744875.0,-58.90642
423744937.5,-58.92899
423745000.0,-58.80716
423745062.5,-58.93997
423745125.0,-58.83703
423745187.5,-58.88481
423745250.0,-58.91736
423745312.5,-58.93385
423745375.0,-58.89079
423745437.5,-58.9433
423745500.0,-58.91547
423745562.5,-58.90743
423745625.0,-58.87463
423745687.5,-58.93583
423745750.0,-58.87875
423745812.5,-59.00233
423745875.0,-58.90143
423745937.5,-58.9224
423746000.0,-58.88634
423746062.5,-58.95
423746125.0,-58.93531
423746187.5,-58.83297
423746250.0,-58.90266
423746312.5,-58.94839
423746375.0,-58.85197
423746437.5,-58.95644
423746500.0,-58.89536
423746562.5,-59.02401
423746625.0,-58.90347
423746687.5,-58.86592
423746750.0,-58.92369
423746812.5,-58.86087
423746875.0,-58.82686
423746937.5,-58.86795
423747000.0,-58.83538
423747062.5,-58.88187
423747125.0,-58.92854
423747187.5,-58.99358
423747250.0,-58.91444
423747312.5,-58.902
423747375.0,-58.89017
423747437.5,-59.00771
423747500.0,-58.93264
423747562.5,-59.02934
423747625.0,-58.78036
423747687.5,-58.90039
423747750.0,-58.88599
423747812.5,-58.78608
423747875.0,-58.945
423747937.5,-58.86284
423748000.0,-58.88219
423748062.5,-58.90845
423748125.0,-59.02874
423748187.5,-58.93634
423748250.0,-58.95877
423748312.5,-58.93193
423748375.0,-58.91278
423748437.5,-58.88232
423748500.0,-59.09529
423748562.5,-58.97953
423748625.0,-58.92543
423748687.5,-58.89172
423748750.0,-58.97145
423748812.5,-58.97243
423748875.0,-59.01564
423748937.5,-59.01935
423749000.0,-58.96313
423749062.5,-59.03548
423749125.0,-59.01429
423749187.5,-58.93346
423749250.0,-58.88297
423749312.5,-58.99353
423749375.0,-59.06806
423749437.5,-58.95988
423749500.0,-59.03778
423749562.5,-58.98183
423749625.0,-58.93804
423749687.5,-59.06337
423749750.0,-59.03434
423749812.5,-59.04293
423749875.0,-59.02269
423749937.5,-58.95388
423750000.0,-58.94669
423750062.5,-58.8805
423750125.0,-59.01063
423750187.5,-58.9502
423750250.0,-58.88461
423750312.5,-59.01342
423750375.0,-58.9879
423750437.5,-58.86703
423750500.0,-58.9615
423750562.5,-59.14677
423750625.0,-59.04327
423750687.5,-58.9805
423750750.0,-58.92954
423750812.5,-59.03466
423750875.0,-59.06369
423750937.5,-58.98748
423751000.0,-59.11087
423751062.5,-59.01765
423751125.0,-58.95749
423751187.5,-58.95388
423751250.0,-58.95617
423751312.5,-58.94148
423751375.0,-59.00031
423751437.5,-58.97559
423751500.0,-58.96712
423751562.5,-58.92696
423751625.0,-58.98055
423751687.5,-58.92589
423751750.0,-58.99731
423751812.5,-59.00492
423751875.0,-58.80894
423751937.5,-59.00292
423752000.0,-59.07243
423752062.5,-59.00827
423752125.0,-58.96288
423752187.5,-59.03162
423752250.0,-58.92063
423752312.5,-58.99277
423752375.0,-59.04887
423752437.5,-58.96758
423752500.0,-59.07322
423752562.5,-58.96257
423752625.0,-59.02346
423752687.5,-59.0664
423752750.0,-59.0126
423752812.5,-59.01333
423752875.0,-59.00681
423752937.5,-58.99541
423753000.0,-58.99875
423753062.5,-59.01056
423753125.0,-58.99419
423753187.5,-59.0379
423753250.0,-59.00809
423753312.5,-59.00005
423753375.0,-59.03133
423753437.5,-59.05964
423753500.0,-58.99549
423753562.5,-58.98676
423753625.0,-59.00742
423753687.5,-58.99347
423753750.0,-58.91212
423753812.5,-59.0062
423753875.0,-59.0553
423753937.5,-59.07567
423754000.0,-59.07301
423754062.5,-59.11039
423754125.0,-59.08908
423754187.5,-59.04671
423754250.0,-59.08126
423754312.5,-59.06982
423754375.0,-59.03899
423754437.5,-59.04827
423754500.0,-59.05482
423754562.5,-59.00213
423754625.0,-59.01579
423754687.5,-59.07153
423754750.0,-59.12593
423754812.5,-59.03358
423754875.0,-59.05956
423754937.5,-59.16025
423755000.0,-59.0449
423755062.5,-59.02676
423755125.0,-59.14538
423755187.5,-59.11263
423755250.0,-59.12632
423755312.5,-59.07304
423755375.0,-59.06065
423755437.5,-59.02568
423755500.0,-59.05081
423755562.5,-59.11502
423755625.0,-59.13558
423755687.5,-58.93804
423755750.0,-59.04008
423755812.5,-58.99342
423755875.0,-58.9818
423755937.5,-58.99272
423756000.0,-59.09233
423756062.5,-59.07341
423756125.0,-59.12806
423756187.5,-59.07705
423756250.0,-59.00397
423756312.5,-59.10874
423756375.0,-59.08365
423756437.5,-59.03534
423756500.0,-59.00868
423756562.5,-59.00353
423756625.0,-59.09774
423756687.5,-59.0972
423756750.0,-59.02553
423756812.5,-59.03976
423756875.0,-58.9969
423756937.5,-59.02863
423757000.0,-59.03933
423757062.5,-59.08259
423757125.0,-59.01393
423757187.5,-59.04322
423757250.0,-59.10224
423757312.5,-59.06001
423757375.0,-59.13463
423757437.5,-59.1322
423757500.0,-59.03021
423757562.5,-59.05403
423757625.0,-59.19141
423757687.5,-59.09647
423757750.0,-59.097
423757812.5,-59.01837
423757875.0,-59.06839
423757937.5,-59.11394
423758000.0,-59.01388
423758062.5,-59.13
423758125.0,-59.1366
423758187.5,-59.04404
423758250.0,-59.1416
423758312.5,-59.11454
423758375.0,-59.09393
423758437.5,-59.15922
423758500.0,-58.98888
423758562.5,-59.14175
423758625.0,-58.98169
423758687.5,-59.01451
423758750.0,-59.10614
423758812.5,-59.05719
423758875.0,-59.12833
423758937.5,-59.08104
423759000.0,-59.01268
423759062.5,-59.03136
423759125.0,-59.09325
423759187.5,-59.16124
423759250.0,-59.07366
423759312.5,-59.05972
423759375.0,-59.01554
423759437.5,-59.01051
423759500.0,-59.12498
423759562.5,-59.02662
423759625.0,-59.17868
423759687.5,-58.98621
423759750.0,-59.13321
423759812.5,-59.13187
423759875.0,-59.21025
423759937.5,-59.13415
423760000.0,-59.17677
423760062.5,-59.13066
423760125.0,-59.12754
423760187.5,-59.16268
423760250.0,-59.08922
423760312.5,-59.14535
423760375.0,-59.03378
423760437.5,-59.10415
423760500.0,-59.13726
423760562.5,-58.97387
423760625.0,-59.20819
423760687.5,-58.99597
423760750.0,-59.13072
423760812.5,-59.04502
423760875.0,-59.08744
423760937.5,-59.1358
423761000.0,-59.15104
423761062.5,-59.08649
423761125.0,-58.92609
423761187.5,-59.09695
423761250.0,-59.21023
423761312.5,-59.09914
423761375.0,-59.21806
423761437.5,-59.05722
423761500.0,-59.06672
423761562.5,-59.16972
423761625.0,-59.05912
423761687.5,-59.14073
423761750.0,-59.10578
423761812.5,-59.17277
423761875.0,-59.12313
423761937.5,-59.03736
423762000.0,-59.04528
423762062.5,-59.17479
423762125.0,-59.03615
423762187.5,-59.14547
423762250.0,-59.17875
423762312.5,-59.08027
423762375.0,-59.25055
423762437.5,-59.07673
423762500.0,-59.0539
423762562.5,-59.10157
423762625.0,-59.05354
423762687.5,-59.02615
423762750.0,-59.145
423762812.5,-59.09554
423762875.0,-59.13934
423762937.5,-59.25377
423763000.0,-59.10844
423763062.5,-59.15483
423763125.0,-59.12533
423763187.5,-59.11153
423763250.0,-59.09786
423763312.5,-59.15319
423763375.0,-59.14098
423763437.5,-59.106
423763500.0,-59.14529
423763562.5,-59.13593
423763625.0,-59.18389
423763687.5,-59.16104
423763750.0,-59.16273
423763812.5,-59.08699
423763875.0,-59.19486
423763937.5,-59.17237
423764000.0,-59.15112
423764062.5,-59.24417
423764125.0,-59.13226
423764187.5,-59.24682
423764250.0,-59.15283
423764312.5,-59.12481
423764375.0,-59.18314
423764437.5,-59.18299
423764500.0,-59.13837
423764562.5,-59.18391
423764625.0,-59.12947
423764687.5,-59.16449
423764750.0,-59.10972
423764812.5,-59.1616
423764875.0,-59.30099
423764937.5,-59.14325
423765000.0,-59.13501
423765062.5,-59.26907
423765125.0,-59.24937
423765187.5,-59.22137
423765250.0,-59.22063
423765312.5,-59.20927
423765375.0,-59.18151
423765437.5,-59.13117
423765500.0,-59.22665
423765562.5,-59.24567
423765625.0,-59.17732
423765687.5,-59.24789
423765750.0,-59.12195
423765812.5,-59.14382
423765875.0,-59.14613
423765937.5,-59.15646
423766000.0,-59.27946
423766062.5,-59.1951
423766125.0,-59.29373
423766187.5,-59.05178
423766250.0,-59.2118
423766312.5,-59.23594
423766375.0,-59.18182
423766437.5,-59.11737
423766500.0,-59.30544
423766562.5,-59.19502
423766625.0,-59.23757
423766687.5,-59.19016
423766750.0,-59.14207
423766812.5,-59.30701
423766875.0,-59.21875
423766937.5,-59.08017
423767000.0,-59.1828
423767062.5,-59.33284
423767125.0,-59.31186
423767187.5,-59.30006
423767250.0,-59.17656
423767312.5,-59.18875
423767375.0,-59.12043
423767437.5,-59.24371
423767500.0,-59.14132
423767562.5,-59.16542
423767625.0,-59.24963
423767687.5,-59.30535
423767750.0,-59.14771
423767812.5,-59.30492
423767875.0,-59.22144
423767937.5,-59.16962
423768000.0,-59.2734
423768062.5,-59.12767
423768125.0,-59.21125
423768187.5,-59.22461
423768250.0,-59.25235
423768312.5,-59.22088
423768375.0,-59.13115
423768437.5,-59.12506
423768500.0,-59.19205
423768562.5,-59.17752
423768625.0,-59.24016
423768687.5,-59.31446
423768750.0,-59.29537
423768812.5,-59.27058
423768875.0,-59.1417
423768937.5,-59.29013
423769000.0,-59.22469
423769062.5,-59.22146
423769125.0,-59.22178
423769187.5,-59.22717
423769250.0,-59.29705
423769312.5,-59.25942
423769375.0,-59.30677
423769437.5,-59.16116
423769500.0,-59.20674
423769562.5,-59.38705
423769625.0,-59.19484
423769687.5,-59.34196
423769750.0,-59.3093
423769812.5,-59.27648
423769875.0,-59.29828
423769937.5,-59.12514
423770000.0,-59.29705
423770062.5,-59.25047
423770125.0,-59.30124
423770187.5,-59.08606
423770250.0,-59.09645
423770312.5,-59.19591
423770375.0,-59.27836
423770437.5,-59.30444
423770500.0,-59.23424
423770562.5,-59.28773
423770625.0,-59.2607
423770687.5,-59.23758
423770750.0,-59.34983
423770812.5,-59.18998
423770875.0,-59.28282
423770937.5,-59.37506
423771000.0,-59.29864
423771062.5,-59.4002
423771125.0,-59.28532
423771187.5,-59.26286
423771250.0,-59.23687
423771312.5,-59.234
423771375.0,-59.20745
423771437.5,-59.27349
423771500.0,-59.40963
423771562.5,-59.32412
423771625.0,-59.2355
423771687.5,-59.22639
423771750.0,-59.35844
423771812.5,-59.24842
423771875.0,-59.25263
423771937.5,-59.35917
423772000.0,-59.29246
423772062.5,-59.21509
423772125.0,-59.19134
423772187.5,-59.29679
423772250.0,-59.21799
423772312.5,-59.25662
423772375.0,-59.30658
423772437.5,-59.35108
423772500.0,-59.36765
423772562.5,-59.26676
423772625.0,-59.20707
423772687.5,-59.28905
423772750.0,-59.2018
423772812.5,-59.29829
423772875.0,-59.34554
423772937.5,-59.33942
423773000.0,-59.26482
423773062.5,-59.21363
423773125.0,-59.25428
423773187.5,-59.36616
423773250.0,-59.20123
423773312.5,-59.26429
423773375.0,-59.25091
423773437.5,-59.43473
423773500.0,-59.33721
423773562.5,-59.2844
423773625.0,-59.27224
423773687.5,-59.32743
423773750.0,-59.26236
423773812.5,-59.25155
423773875.0,-59.28374
423773937.5,-59.35406
423774000.0,-59.28649
423774062.5,-59.38992
423774125.0,-59.28304
423774187.5,-59.27715
423774250.0,-59.33157
423774312.5,-59.31805
423774375.0,-59.31062
423774437.5,-59.39187
423774500.0,-59.26573
423774562.5,-59.31527
423774625.0,-59.33842
423774687.5,-59.42282
423774750.0,-59.44097
423774812.5,-59.24348
423774875.0,-59.35615
423774937.5,-59.35397
423775000.0,-59.27694
423775062.5,-59.23549
423775125.0,-59.44833
423775187.5,-59.30801
423775250.0,-59.29754
423775312.5,-59.3644
423775375.0,-59.40551
423775437.5,-59.37059
423775500.0,-59.39997
423775562.5,-59.2991
423775625.0,-59.32033
423775687.5,-59.35865
423775750.0,-59.35086
423775812.5,-59.423
423775875.0,-59.37822
423775937.5,-59.4396
423776000.0,-59.34391
423776062.5,-59.30196
423776125.0,-59.38451
423776187.5,-59.27522
423776250.0,-59.2082
423776312.5,-59.27139
423776375.0,-59.35417
423776437.5,-59.2943
423776500.0,-59.36877
423776562.5,-59.3046
423776625.0,-59.32154
423776687.5,-59.30956
423776750.0,-59.36341
423776812.5,-59.29046
423776875.0,-59.37712
423776937.5,-59.266
423777000.0,-59.33596
423777062.5,-59.26488
423777125.0,-59.3859
423777187.5,-59.28418
423777250.0,-59.28259
423777312.5,-59.25333
423777375.0,-59.39165
423777437.5,-59.33886
423777500.0,-59.38313
423777562.5,-59.26918
423777625.0,-59.17583
423777687.5,-59.30388
423777750.0,-59.40197
423777812.5,-59.44592
423777875.0,-59.38753
423777937.5,-59.41234
423778000.0,-59.32179
423778062.5,-59.32692
423778125.0,-59.30703
423778187.5,-59.29276
423778250.0,-59.46584
423778312.5,-59.36415
423778375.0,-59.32174
423778437.5,-59.30615
423778500.0,-59.39057
423778562.5,-59.38886
423778625.0,-59.42104
423778687.5,-59.4077
423778750.0,-59.41275
423778812.5,-59.40956
423778875.0,-59.32391
423778937.5,-59.40267
423779000.0,-59.35085
423779062.5,-59.39061
423779125.0,-59.38684
423779187.5,-59.4024
423779250.0,-59.37474
423779312.5,-59.39468
423779375.0,-59.42381
423779437.5,-59.36924
423779500.0,-59.27005
423779562.5,-59.33008
423779625.0,-59.34728
423779687.5,-59.33899
423779750.0,-59.37031
423779812.5,-59.36243
423779875.0,-59.32244
423779937.5,-59.3099
423780000.0,-59.38196
423780062.5,-59.32463
423780125.0,-59.33504
423780187.5,-59.4188
423780250.0,-59.34505
423780312.5,-59.29147
423780375.0,-59.39632
423780437.5,-59.35003
423780500.0,-59.33157
423780562.5,-59.3797
423780625.0,-59.31676
423780687.5,-59.47476
423780750.0,-59.25234
423780812.5,-59.38847
423780875.0,-59.29402
423780937.5,-59.48734
423781000.0,-59.4016
423781062.5,-59.42447
423781125.0,-59.48665
423781187.5,-59.45786
423781250.0,-59.32554
423781312.5,-59.46913
423781375.0,-59.50611
423781437.5,-59.43089
423781500.0,-59.41441
423781562.5,-59.41372
423781625.0,-59.48524
423781687.5,-59.41304
423781750.0,-59.54203
423781812.5,-59.40917
423781875.0,-59.37165
423781937.5,-59.47571
423782000.0,-59.44176
423782062.5,-59.31193
423782125.0,-59.48635
423782187.5,-59.40275
423782250.0,-59.41387
423782312.5,-59.36462
423782375.0,-59.39065
423782437.5,-59.41144
423782500.0,-59.3295
423782562.5,-59.5036
423782625.0,-59.48
423782687.5,-59.43211
423782750.0,-59.46506
423782812.5,-59.40184
423782875.0,-59.4446
423782937.5,-59.36747
423783000.0,-59.31485
423783062.5,-59.46559
423783125.0,-59.32058
423783187.5,-59.30477
423783250.0,-59.36456
423783312.5,-59.25461
423783375.0,-59.38885
423783437.5,-59.44732
423783500.0,-59.5245
423783562.5,-59.34671
423783625.0,-59.40447
423783687.5,-59.43516
423783750.0,-59.45519
423783812.5,-59.4359
423783875.0,-59.51582
423783937.5,-59.4654
423784000.0,-59.28111
423784062.5,-59.47881
423784125.0,-59.26751
423784187.5,-59.38675
423784250.0,-59.39096
423784312.5,-59.41714
423784375.0,-59.34274
423784437.5,-59.51031
423784500.0,-59.48897
423784562.5,-59.48879
423784625.0,-59.40028
423784687.5,-59.3551
423784750.0,-59.45863
423784812.5,-59.38508
423784875.0,-59.5111
423784937.5,-59.33939
423785000.0,-59.44828
423785062.5,-59.38007
423785125.0,-59.44301
423785187.5,-59.34195
423785250.0,-59.35582
423785312.5,-59.48736
423785375.0,-59.39616
423785437.5,-59.55589
423785500.0,-59.39993
423785562.5,-59.4194
423785625.0,-59.3613
423785687.5,-59.43983
423785750.0,-59.55077
423785812.5,-59.31532
423785875.0,-59.39798
423785937.5,-59.41041
423786000.0,-59.40137
423786062.5,-59.44501
423786125.0,-59.51496
423786187.5,-59.4782
423786250.0,-59.48992
423786312.5,-59.41138
423786375.0,-59.47599
423786437.5,-59.51778
423786500.0,-59.46568
423786562.5,-59.47908
423786625.0,-59.40883
423786687.5,-59.56836
423786750.0,-59.39937
423786812.5,-59.4514
423786875.0,-59.3881
423786937.5,-59.58731
423787000.0,-59.40519
423787062.5,-59.35617
423787125.0,-59.44006
423787187.5,-59.31017
423787250.0,-59.48072
423787312.5,-59.44304
423787375.0,-59.60288
423787437.5,-59.4382
423787500.0,-59.36191
423787562.5,-59.5289
423787625.0,-59.47827
423787687.5,-59.53468
423787750.0,-59.45676
423787812.5,-59.49683
423787875.0,-59.38269
423787937.5,-59.48277
423788000.0,-59.4973
423788062.5,-59.40004
423788125.0,-59.36958
423788187.5,-59.47654
423788250.0,-59.44644
423788312.5,-59.49815
423788375.0,-59.53622
423788437.5,-59.42316
423788500.0,-59.58002
423788562.5,-59.46615
423788625.0,-59.34647
423788687.5,-59.40502
423788750.0,-59.43833
423788812.5,-59.43735
423788875.0,-59.53102
423788937.5,-59.47876
423789000.0,-59.46547
423789062.5,-59.44894
423789125.0,-59.44136
423789187.5,-59.51767
423789250.0,-59.53765
423789312.5,-59.37548
423789375.0,-59.52949
423789437.5,-59.50344
423789500.0,-59.57158
423789562.5,-59.36061
423789625.0,-59.54382
423789687.5,-59.53511
423789750.0,-59.45099
423789812.5,-59.52604
423789875.0,-59.49308
423789937.5,-59.49524
423790000.0,-59.48923
423790062.5,-59.38728
423790125.0,-59.52277
423790187.5,-59.43641
423790250.0,-59.44041
423790312.5,-59.41468
423790375.0,-59.46328
423790437.5,-59.44363
423790500.0,-59.50556
423790562.5,-59.51001
423790625.0,-59.48317
423790687.5,-59.49676
423790750.0,-59.51314
423790812.5,-59.50652
423790875.0,-59.45602
423790937.5,-59.5136
423791000.0,-59.4373
423791062.5,-59.48726
423791125.0,-59.48895
423791187.5,-59.61086
423791250.0,-59.45885
423791312.5,-59.47662
423791375.0,-59.5299
423791437.5,-59.49065
423791500.0,-59.48376
423791562.5,-59.53318
423791625.0,-59.46993
423791687.5,-59.51613
423791750.0,-59.6115
423791812.5,-59.52923
423791875.0,-59.46132
423791937.5,-59.49867
423792000.0,-59.55091
423792062.5,-59.50492
423792125.0,-59.56129
423792187.5,-59.58129
423792250.0,-59.57049
423792312.5,-59.52546
423792375.0,-59.51059
423792437.5,-59.51371
423792500.0,-59.44107
423792562.5,-59.47462
423792625.0,-59.56684
423792687.5,-59.41916
423792750.0,-59.51821
423792812.5,-59.49142
423792875.0,-59.49955
423792937.5,-59.49975
423793000.0,-59.44379
423793062.5,-59.62709
423793125.0,-59.61393
423793187.5,-59.59679
423793250.0,-59.58262
423793312.5,-59.58706
423793375.0,-59.53181
423793437.5,-59.49465
423793500.0,-59.63346
423793562.5,-59.47405
423793625.0,-59.54722
423793687.5,-59.45513
423793750.0,-59.56897
423793812.5,-59.57747
423793875.0,-59.59878
423793937.5,-59.53434
423794000.0,-59.56562
423794062.5,-59.4724
423794125.0,-59.44989
423794187.5,-59.67315
423794250.0,-59.48512
423794312.5,-59.50452
423794375.0,-59.52964
423794437.5,-59.55165
423794500.0,-59.58849
423794562.5,-59.51655
423794625.0,-59.50038
423794687.5,-59.44429
423794750.0,-59.48863
423794812.5,-59.5942
423794875.0,-59.58394
423794937.5,-59.55886
423795000.0,-59.59383
423795062.5,-59.50854
423795125.0,-59.55418
423795187.5,-59.59077
423795250.0,-59.5574
423795312.5,-59.49342
423795375.0,-59.61207
423795437.5,-59.6074
423795500.0,-59.55377
423795562.5,-59.47464
423795625.0,-59.56556
423795687.5,-59.59112
423795750.0,-59.54351
423795812.5,-59.54958
423795875.0,-59.60594
423795937.5,-59.61806
423796000.0,-59.59271
423796062.5,-59.54659
423796125.0,-59.6185
423796187.5,-59.59112
423796250.0,-59.58982
423796312.5,-59.46838
423796375.0,-59.48634
423796437.5,-59.61707
423796500.0,-59.52722
423796562.5,-59.59297
423796625.0,-59.55267
423796687.5,-59.55674
423796750.0,-59.49828
423796812.5,-59.62706
423796875.0,-59.55278
423796937.5,-59.58321
423797000.0,-59.54824
423797062.5,-59.61994
423797125.0,-59.61781
423797187.5,-59.58949
423797250.0,-59.60541
423797312.5,-59.55982
423797375.0,-59.62696
423797437.5,-59.57185
423797500.0,-59.6315
423797562.5,-59.56561
423797625.0,-59.58434
423797687.5,-59.62647
423797750.0,-59.52983
423797812.5,-59.58117
423797875.0,-59.53848
423797937.5,-59.59805
423798000.0,-59.61831
423798062.5,-59.56092
423798125.0,-59.66132
423798187.5,-59.6035
423798250.0,-59.45696
423798312.5,-59.62868
423798375.0,-59.58216
423798437.5,-59.6469
423798500.0,-59.58237
423798562.5,-59.58808
423798625.0,-59.51165
423798687.5,-59.5852
423798750.0,-59.61147
423798812.5,-59.62858
423798875.0,-59.64746
423798937.5,-59.67806
423799000.0,-59.6451
423799062.5,-59.7415
423799125.0,-59.61877
423799187.5,-59.62393
423799250.0,-59.56356
423799312.5,-59.6743
423799375.0,-59.62706
423799437.5,-59.51224
423799500.0,-59.55741
423799562.5,-59.6977
423799625.0,-59.6628
423799687.5,-59.59821
423799750.0,-59.58157
423799812.5,-59.74377
423799875.0,-59.66734
423799937.5,-59.65938
423800000.0,-59.721
423800062.5,-59.5593
423800125.0,-59.57957
423800187.5,-59.64411
423800250.0,-59.57574
423800312.5,-59.61386
423800375.0,-59.54502
423800437.5,-59.62582
423800500.0,-59.60407
423800562.5,-59.61414
423800625.0,-59.67942
423800687.5,-59.59192
423800750.0,-59.68662
423800812.5,-59.5685
423800875.0,-59.66161
423800937.5,-59.68134
423801000.0,-59.53502
423801062.5,-59.66623
423801125.0,-59.49156
423801187.5,-59.54368
423801250.0,-59.61887
423801312.5,-59.64094
423801375.0,-59.62368
423801437.5,-59.57916
423801500.0,-59.58838
423801562.5,-59.69677
423801625.0,-59.49808
423801687.5,-59.80885
423801750.0,-59.52657
423801812.5,-59.67474
423801875.0,-59.69353
423801937.5,-59.64495
423802000.0,-59.69286
423802062.5,-59.71857
423802125.0,-59.69443
423802187.5,-59.68702
423802250.0,-59.67414
423802312.5,-59.68779
423802375.0,-59.61277
423802437.5,-59.6671
423802500.0,-59.65784
423802562.5,-59.69545
423802625.0,-59.65525
423802687.5,-59.72259
423802750.0,-59.65322
423802812.5,-59.62371
423802875.0,-59.68309
423802937.5,-59.63593
423803000.0,-59.77679
423803062.5,-59.69495
423803125.0,-59.58531
423803187.5,-59.65569
423803250.0,-59.58245
423803312.5,-59.70901
423803375.0,-59.60305
423803437.5,-59.62012
423803500.0,-59.63988
423803562.5,-59.70681
423803625.0,-59.54419
423803687.5,-59.69505
423803750.0,-59.6773
423803812.5,-59.67593
423803875.0,-59.71472
423803937.5,-59.67173
423804000.0,-59.60598
423804062.5,-59.7201
423804125.0,-59.74797
423804187.5,-59.63531
423804250.0,-59.70176
423804312.5,-59.73265
423804375.0,-59.74965
423804437.5,-59.76717
423804500.0,-59.80896
423804562.5,-59.71469
423804625.0,-59.70835
423804687.5,-59.78146
423804750.0,-59.69489
423804812.5,-59.68423
423804875.0,-59.72812
423804937.5,-59.56163
423805000.0,-59.75732
423805062.5,-59.70786
423805125.0,-59.6871
423805187.5,-59.65814
423805250.0,-59.68992
423805312.5,-59.68942
423805375.0,-59.79883
423805437.5,-59.65586
423805500.0,-59.78455
423805562.5,-59.7182
423805625.0,-59.66177
423805687.5,-59.70902
423805750.0,-59.71538
423805812.5,-59.68936
423805875.0,-59.67
423805937.5,-59.70202
423806000.0,-59.75459
423806062.5,-59.5632
423806125.0,-59.69593
423806187.5,-59.68003
423806250.0,-59.6853
423806312.5,-59.72601
423806375.0,-59.74327
423806437.5,-59.72374
423806500.0,-59.71211
423806562.5,-59.70308
423806625.0,-59.70549
423806687.5,-59.77385
423806750.0,-59.69168
423806812.5,-59.54186
423806875.0,-59.88424
423806937.5,-59.6957
423807000.0,-59.59276
423807062.5,-59.72075
423807125.0,-59.68692
423807187.5,-59.63378
423807250.0,-59.70078
423807312.5,-59.65576
423807375.0,-59.71199
423807437.5,-59.56631
423807500.0,-59.7386
423807562.5,-59.73528
423807625.0,-59.75871
423807687.5,-59.82298
423807750.0,-59.72677
423807812.5,-59.72786
423807875.0,-59.80831
423807937.5,-59.67726
423808000.0,-59.745
423808062.5,-59.75527
423808125.0,-59.68013
423808187.5,-59.72483
423808250.0,-59.68137
423808312.5,-59.81625
423808375.0,-59.6167
423808437.5,-59.80856
423808500.0,-59.7821
423808562.5,-59.67262
423808625.0,-59.80563
423808687.5,-59.82487
423808750.0,-59.7134
423808812.5,-59.73424
423808875.0,-59.78505
423808937.5,-59.71582
423809000.0,-59.73544
423809062.5,-59.78582
423809125.0,-59.62173
423809187.5,-59.78594
423809250.0,-59.70461
423809312.5,-59.78458
423809375.0,-59.79197
423809437.5,-59.68493
423809500.0,-59.71233
423809562.5,-59.66517
423809625.0,-59.71187
423809687.5,-59.70631
423809750.0,-59.73352
423809812.5,-59.75464
423809875.0,-59.86021
423809937.5,-59.70466
423810000.0,-59.81104
423810062.5,-59.86464
423810125.0,-59.72158
423810187.5,-59.81216
423810250.0,-59.80104
423810312.5,-59.81567
423810375.0,-59.70535
423810437.5,-59.67316
423810500.0,-59.71104
423810562.5,-59.7721
423810625.0,-59.65794
423810687.5,-59.66978
423810750.0,-59.79173
423810812.5,-59.82978
423810875.0,-59.93859
423810937.5,-59.64505
423811000.0,-59.77298
423811062.5,-59.80365
423811125.0,-59.78767
423811187.5,-59.71081
423811250.0,-59.8041
423811312.5,-59.84773
423811375.0,-59.71893
423811437.5,-59.73959
423811500.0,-59.74717
423811562.5,-59.76951
423811625.0,-59.87518
423811687.5,-59.73407
423811750.0,-59.84778
423811812.5,-59.72986
423811875.0,-59.90501
423811937.5,-59.63619
423812000.0,-59.79527
423812062.5,-59.77563
423812125.0,-59.65295
423812187.5,-59.8588
423812250.0,-59.79238
423812312.5,-59.78811
423812375.0,-59.7703
423812437.5,-59.69295
423812500.0,-59.79349
423812562.5,-59.80924
423812625.0,-59.84526
423812687.5,-59.76528
423812750.0,-59.85597
423812812.5,-59.85048
423812875.0,-59.84979
423812937.5,-59.76842
423813000.0,-59.76067
423813062.5,-59.71122
423813125.0,-59.78399
423813187.5,-59.84304
423813250.0,-59.7817
423813312.5,-59.87943
423813375.0,-59.83743
423813437.5,-59.81303
423813500.0,-59.8263
423813562.5,-59.79599
423813625.0,-59.84372
423813687.5,-59.78623
423813750.0,-59.86109
423813812.5,-59.75568
423813875.0,-59.88509
423813937.5,-59.8468
423814000.0,-59.77765
423814062.5,-59.75498
423814125.0,-59.84032
423814187.5,-59.80142
423814250.0,-59.81486
423814312.5,-59.81104
423814375.0,-59.77459
423814437.5,-59.80698
423814500.0,-59.77503
423814562.5,-59.87947
423814625.0,-59.8668
423814687.5,-59.85299
423814750.0,-59.84409
423814812.5,-59.85944
423814875.0,-59.81278
423814937.5,-59.79243
423815000.0,-59.75471
423815062.5,-59.78629
423815125.0,-59.75361
423815187.5,-59.75682
423815250.0,-59.84735
423815312.5,-59.7917
423815375.0,-59.8297
423815437.5,-59.88879
423815500.0,-59.99444
423815562.5,-59.84892
423815625.0,-59.70135
423815687.5,-59.97169
423815750.0,-59.91475
423815812.5,-59.68003
423815875.0,-59.91779
423815937.5,-59.88182
423816000.0,-59.74656
423816062.5,-59.91135
423816125.0,-59.82545
423816187.5,-59.75513
423816250.0,-59.88158
423816312.5,-59.84284
423816375.0,-59.88848
423816437.5,-59.84077
423816500.0,-59.72673
423816562.5,-59.80188
423816625.0,-59.87035
423816687.5,-59.76366
423816750.0,-59.97438
423816812.5,-59.81013
423816875.0,-59.86046
423816937.5,-59.79582
423817000.0,-59.89917
423817062.5,-59.89376
423817125.0,-59.87528
423817187.5,-59.82137
423817250.0,-59.84829
423817312.5,-59.77664
423817375.0,-59.89749
423817437.5,-59.8956
423817500.0,-59.91415
423817562.5,-59.89314
423817625.0,-59.95626
423817687.5,-59.89888
423817750.0,-59.75976
423817812.5,-59.73986
423817875.0,-59.88551
423817937.5,-59.86212
423818000.0,-59.89587
423818062.5,-59.87432
423818125.0,-59.95039
423818187.5,-59.84555
423818250.0,-59.8148
423818312.5,-59.86347
423818375.0,-59.83675
423818437.5,-59.82237
423818500.0,-59.80191
423818562.5,-59.77596
423818625.0,-59.82712
423818687.5,-59.80873
423818750.0,-59.90322
423818812.5,-59.77736
423818875.0,-59.85328
423818937.5,-59.82284
423819000.0,-59.81146
423819062.5,-59.82743
423819125.0,-60.07455
423819187.5,-59.87037
423819250.0,-59.87197
423819312.5,-59.87024
423819375.0,-59.92034
423819437.5,-59.81305
423819500.0,-59.81034
423819562.5,-59.77747
423819625.0,-59.83044
423819687.5,-59.90794
423819750.0,-59.85517
423819812.5,-59.87922
423819875.0,-59.92763
423819937.5,-59.76994
423820000.0,-59.95345
423820062.5,-59.90808
423820125.0,-59.84428
423820187.5,-59.89026
423820250.0,-59.90133
423820312.5,-59.92531
423820375.0,-59.88937
423820437.5,-60.02553
423820500.0,-59.73259
423820562.5,-59.84797
423820625.0,-60.00082
423820687.5,-59.75764
423820750.0,-59.76084
423820812.5,-59.87532
423820875.0,-59.83804
423820937.5,-59.93536
423821000.0,-59.84095
423821062.5,-59.8902
423821125.0,-59.96522
423821187.5,-60.11332
423821250.0,-59.86208
423821312.5,-59.98886
423821375.0,-59.93941
423821437.5,-60.03415
423821500.0,-59.9758
423821562.5,-59.96454
423821625.0,-59.78482
423821687.5,-59.8262
423821750.0,-60.02187
423821812.5,-59.91006
423821875.0,-59.92752
423821937.5,-59.92606
423822000.0,-60.03849
423822062.5,-59.83447
423822125.0,-59.96359
423822187.5,-59.89902
423822250.0,-59.90767
423822312.5,-59.9648
423822375.0,-59.96531
423822437.5,-59.87169
423822500.0,-59.83798
423822562.5,-59.94006
423822625.0,-59.96417
423822687.5,-59.92918
423822750.0,-59.96056
423822812.5,-60.05595
423822875.0,-59.84846
423822937.5,-59.79069
423823000.0,-59.90073
423823062.5,-59.90496
423823125.0,-59.75932
423823187.5,-59.85654
423823250.0,-59.84874
423823312.5,-59.8598
423823375.0,-59.96869
423823437.5,-59.91572
423823500.0,-59.84483
423823562.5,-59.94623
423823625.0,-59.84962
423823687.5,-59.97859
423823750.0,-59.85324
423823812.5,-59.9381
423823875.0,-59.81833
423823937.5,-60.06712
423824000.0,-59.98191
423824062.5,-59.93346
423824125.0,-59.96001
423824187.5,-59.85194
423824250.0,-59.85477
423824312.5,-59.93812
423824375.0,-59.87826
423824437.5,-59.96407
423824500.0,-59.92956
423824562.5,-59.89573
423824625.0,-59.95431
423824687.5,-59.87748
423824750.0,-59.87247
423824812.5,-60.00136
423824875.0,-59.91438
423824937.5,-59.99406
423825000.0,-59.9027
423825062.5,-59.9266
423825125.0,-59.88061
423825187.5,-59.91023
423825250.0,-59.87825
423825312.5,-59.97116
423825375.0,-59.98303
423825437.5,-60.01833
423825500.0,-59.90065
423825562.5,-59.94141
423825625.0,-59.94432
423825687.5,-60.03198
423825750.0,-59.98335
423825812.5,-59.95425
423825875.0,-59.91167
423825937.5,-59.98106
423826000.0,-59.94147
423826062.5,-59.99559
423826125.0,-60.03311
423826187.5,-59.86567
423826250.0,-60.05939
423826312.5,-59.97705
423826375.0,-59.8755
423826437.5,-59.96659
423826500.0,-60.12861
423826562.5,-59.95536
423826625.0,-60.03943
423826687.5,-59.94046
423826750.0,-59.8791
423826812.5,-60.03648
423826875.0,-59.9735
423826937.5,-59.85242
423827000.0,-59.97051
423827062.5,-60.05389
423827125.0,-60.03945
423827187.5,-59.93746
423827250.0,-60.0201
423827312.5,-59.99603
423827375.0,-60.07458
423827437.5,-59.98492
423827500.0,-60.03683
423827562.5,-59.91551
423827625.0,-59.99409
423827687.5,-59.87614
423827750.0,-59.83396
423827812.5,-59.97004
423827875.0,-60.01809
423827937.5,-60.00267
423828000.0,-60.06746
423828062.5,-59.93405
423828125.0,-59.8642
423828187.5,-60.08588
423828250.0,-59.96981
423828312.5,-59.9905
423828375.0,-59.95637
423828437.5,-59.93987
423828500.0,-59.97961
423828562.5,-59.95201
423828625.0,-59.9535
423828687.5,-59.81198
423828750.0,-59.95599
423828812.5,-60.06148
423828875.0,-60.07671
423828937.5,-59.94479
423829000.0,-59.98912
423829062.5,-59.96245
423829125.0,-60.02377
423829187.5,-59.91722
423829250.0,-59.9309
423829312.5,-59.96082
423829375.0,-60.03763
423829437.5,-59.96452
423829500.0,-59.95219
423829562.5,-59.99016
423829625.0,-59.96416
423829687.5,-59.96603
423829750.0,-59.96693
423829812.5,-60.01126
423829875.0,-60.00418
423829937.5,-60.06073
423830000.0,-59.91588
423830062.5,-60.06382
423830125.0,-60.11161
423830187.5,-59.97865
423830250.0,-60.13159
423830312.5,-59.96591
423830375.0,-60.05715
423830437.5,-60.04515
423830500.0,-59.91618
423830562.5,-59.98833
423830625.0,-60.00932
423830687.5,-59.98613
423830750.0,-60.10601
423830812.5,-60.08183
423830875.0,-59.96635
423830937.5,-59.95548
423831000.0,-59.97955
423831062.5,-59.93607
423831125.0,-60.05969
423831187.5,-60.03883
423831250.0,-59.97782
423831312.5,-59.9929
423831375.0,-60.12394
423831437.5,-59.97186
423831500.0,-59.93095
423831562.5,-60.11148
423831625.0,-60.02733
423831687.5,-59.95049
423831750.0,-60.02817
423831812.5,-60.10466
423831875.0,-60.01976
423831937.5,-60.02006
423832000.0,-60.07864
423832062.5,-59.96385
423832125.0,-60.04805
423832187.5,-59.92325
423832250.0,-59.95892
423832312.5,-60.04118
423832375.0,-59.9792
423832437.5,-60.02709
423832500.0,-60.01639
423832562.5,-59.95277
423832625.0,-60.05856
423832687.5,-59.95368
423832750.0,-60.10668
423832812.5,-59.98913
423832875.0,-59.99681
423832937.5,-60.04137
423833000.0,-60.04163
423833062.5,-60.09501
423833125.0,-59.98812
423833187.5,-60.05342
423833250.0,-60.09047
423833312.5,-60.01424
423833375.0,-60.16504
423833437.5,-59.87075
423833500.0,-59.96784
423833562.5,-60.18996
423833625.0,-60.01331
423833687.5,-60.04246
423833750.0,-60.06251
423833812.5,-60.02689
423833875.0,-60.11899
423833937.5,-60.14971
423834000.0,-59.95149
423834062.5,-59.9661
423834125.0,-60.02133
423834187.5,-60.15245
423834250.0,-59.99016
423834312.5,-60.08107
423834375.0,-60.08895
423834437.5,-60.02125
423834500.0,-60.03067
423834562.5,-60.00195
423834625.0,-59.95258
423834687.5,-60.10268
423834750.0,-60.13313
423834812.5,-59.96909
423834875.0,-60.08265
423834937.5,-60.10005
423835000.0,-60.12657
423835062.5,-60.00888
423835125.0,-60.14106
423835187.5,-60.15176
423835250.0,-60.08879
423835312.5,-60.03958
423835375.0,-60.03138
423835437.5,-59.96778
423835500.0,-60.16286
423835562.5,-60.10224
423835625.0,-59.95427
423835687.5,-60.05059
423835750.0,-59.99263
423835812.5,-60.03735
423835875.0,-60.09184
423835937.5,-60.01022
423836000.0,-60.02121
423836062.5,-60.12356
423836125.0,-60.1129
423836187.5,-60.11342
423836250.0,-60.20547
423836312.5,-60.06492
423836375.0,-60.18965
423836437.5,-60.13946
423836500.0,-60.01648
423836562.5,-60.07111
423836625.0,-60.03801
423836687.5,-60.25604
423836750.0,-59.93492
423836812.5,-59.95832
423836875.0,-60.18307
423836937.5,-60.05194
423837000.0,-60.20855
423837062.5,-59.99197
423837125.0,-60.0192
423837187.5,-60.08441
423837250.0,-60.09201
423837312.5,-60.10587
423837375.0,-60.04324
423837437.5,-60.03242
423837500.0,-60.07669
423837562.5,-60.03681
423837625.0,-60.18203
423837687.5,-60.12114
423837750.0,-60.02598
423837812.5,-60.08199
423837875.0,-60.06234
423837937.5,-60.10423
423838000.0,-60.10028
423838062.5,-60.14547
423838125.0,-60.19123
423838187.5,-60.15901
423838250.0,-60.12605
423838312.5,-60.06752
423838375.0,-59.98266
423838437.5,-59.99076
423838500.0,-59.97794
423838562.5,-60.14158
423838625.0,-60.10421
423838687.5,-60.07148
423838750.0,-60.05944
423838812.5,-60.13594
423838875.0,-60.17857
423838937.5,-60.10178
423839000.0,-60.02285
423839062.5,-60.08807
423839125.0,-60.20211
423839187.5,-60.09889
423839250.0,-60.153
423839312.5,-60.08373
423839375.0,-60.13137
423839437.5,-60.17503
423839500.0,-60.05693
423839562.5,-60.11173
423839625.0,-60.00871
423839687.5,-60.09108
423839750.0,-60.0802
423839812.5,-60.12595
423839875.0,-60.06519
423839937.5,-59.99809
423840000.0,-60.16235
423840062.5,-60.17152
423840125.0,-60.04316
423840187.5,-60.14456
423840250.0,-60.04332
423840312.5,-59.99263
423840375.0,-60.18019
423840437.5,-60.17978
423840500.0,-60.1293
423840562.5,-60.13987
423840625.0,-60.09928
423840687.5,-60.05147
423840750.0,-60.07317
423840812.5,-60.14209
423840875.0,-59.98095
423840937.5,-60.09859
423841000.0,-60.1899
423841062.5,-60.1322
423841125.0,-60.16299
423841187.5,-60.10899
423841250.0,-60.128
423841312.5,-60.08438
423841375.0,-60.18801
423841437.5,-60.23533
423841500.0,-60.05971
423841562.5,-60.02911
423841625.0,-60.20243
423841687.5,-60.05841
423841750.0,-60.15937
423841812.5,-60.1868
423841875.0,-60.17987
423841937.5,-60.14808
423842000.0,-60.10291
423842062.5,-60.16573
423842125.0,-60.06292
423842187.5,-60.15403
423842250.0,-60.19194
423842312.5,-60.22681
423842375.0,-60.14937
423842437.5,-60.02768
423842500.0,-60.05405
423842562.5,-60.07914
423842625.0,-60.25447
423842687.5,-60.11975
423842750.0,-60.02506
423842812.5,-60.14843
423842875.0,-60.1249
423842937.5,-60.21623
423843000.0,-60.18068
423843062.5,-60.10871
423843125.0,-60.16878
423843187.5,-60.09611
423843250.0,-60.11514
423843312.5,-60.06766
423843375.0,-60.13071
423843437.5,-60.16227
423843500.0,-60.13221
423843562.5,-60.12161
423843625.0,-60.15628
423843687.5,-60.19122
423843750.0,-60.17291
423843812.5,-60.26728
423843875.0,-60.12877
423843937.5,-60.16714
423844000.0,-60.10431
423844062.5,-60.12195
423844125.0,-60.15025
423844187.5,-60.16652
423844250.0,-60.17518
423844312.5,-60.12759
423844375.0,-60.18753
423844437.5,-60.21335
423844500.0,-60.15206
423844562.5,-60.16543
423844625.0,-60.19504
423844687.5,-60.12656
423844750.0,-60.21468
423844812.5,-60.24477
423844875.0,-60.27942
423844937.5,-60.13113
423845000.0,-60.24819
423845062.5,-60.21062
423845125.0,-60.28076
423845187.5,-60.14085
423845250.0,-60.0301
423845312.5,-60.19747
423845375.0,-60.17892
423845437.5,-60.12085
423845500.0,-60.25918
423845562.5,-60.10167
423845625.0,-60.23256
423845687.5,-60.1376
423845750.0,-60.19146
423845812.5,-60.22128
423845875.0,-60.13117
423845937.5,-60.18059
423846000.0,-60.17939
423846062.5,-60.18903
423846125.0,-60.17234
423846187.5,-60.25386
423846250.0,-60.07933
423846312.5,-60.24789
423846375.0,-60.2154
423846437.5,-60.31224
423846500.0,-60.21813
423846562.5,-60.21205
423846625.0,-60.19887
423846687.5,-60.16672
423846750.0,-60.21042
423846812.5,-60.24578
423846875.0,-60.26438
423846937.5,-60.16255
423847000.0,-60.28397
423847062.5,-60.2438
423847125.0,-60.29202
423847187.5,-60.12997
423847250.0,-60.07418
423847312.5,-60.22645
423847375.0,-60.23632
423847437.5,-60.23621
423847500.0,-60.11917
423847562.5,-60.30256
423847625.0,-60.28738
423847687.5,-60.15483
423847750.0,-60.29213
423847812.5,-60.08267
423847875.0,-60.27559
423847937.5,-60.12476
423848000.0,-60.22394
423848062.5,-60.21417
423848125.0,-60.25904
423848187.5,-60.21712
423848250.0,-60.18676
423848312.5,-60.33797
423848375.0,-60.20138
423848437.5,-60.1394
423848500.0,-60.27621
423848562.5,-60.2196
423848625.0,-60.33064
423848687.5,-60.15359
423848750.0,-60.29627
423848812.5,-60.22076
423848875.0,-60.0987
423848937.5,-60.23271
423849000.0,-60.2421
423849062.5,-60.3578
423849125.0,-60.31343
423849187.5,-60.21608
423849250.0,-60.29308
423849312.5,-60.17901
423849375.0,-60.26015
423849437.5,-60.17131
423849500.0,-60.21758
423849562.5,-60.27483
423849625.0,-60.1823
423849687.5,-60.17565
423849750.0,-60.36303
423849812.5,-60.19149
423849875.0,-60.21876
423849937.5,-60.23496
423850000.0,-60.31596
423850062.5,-60.30782
423850125.0,-60.27622
423850187.5,-60.16557
423850250.0,-60.29491
423850312.5,-60.32305
423850375.0,-60.27965
423850437.5,-60.15791
423850500.0,-60.33443
423850562.5,-60.22392
423850625.0,-60.30076
423850687.5,-60.31069
423850750.0,-60.25648
423850812.5,-60.30024
423850875.0,-60.09396
423850937.5,-60.22838
423851000.0,-60.11461
423851062.5,-60.25131
423851125.0,-60.23885
423851187.5,-60.32862
423851250.0,-60.30859
423851312.5,-60.1957
423851375.0,-60.25134
423851437.5,-60.27286
423851500.0,-60.34137
423851562.5,-60.19093
423851625.0,-60.17988
423851687.5,-60.31776
423851750.0,-60.2552
423851812.5,-60.20097
423851875.0,-60.18954
423851937.5,-60.24351
423852000.0,-60.18895
423852062.5,-60.32164
423852125.0,-60.11223
423852187.5,-60.19464
423852250.0,-60.27299
423852312.5,-60.18538
423852375.0,-60.35842
423852437.5,-60.3777
423852500.0,-60.2127
423852562.5,-60.21525
423852625.0,-60.36303
423852687.5,-60.41876
423852750.0,-60.17941
423852812.5,-60.39358
423852875.0,-60.14325
423852937.5,-60.25022
423853000.0,-60.28292
423853062.5,-60.33558
423853125.0,-60.24409
423853187.5,-60.34996
423853250.0,-60.24635
423853312.5,-60.35853
423853375.0,-60.2327
423853437.5,-60.29
423853500.0,-60.27619
423853562.5,-60.17339
423853625.0,-60.34425
423853687.5,-60.31201
423853750.0,-60.23787
423853812.5,-60.22404
423853875.0,-60.15281
423853937.5,-60.23508
423854000.0,-60.31414
423854062.5,-60.23424
423854125.0,-60.30976
423854187.5,-60.38431
423854250.0,-60.4165
423854312.5,-60.30534
423854375.0,-60.29372
423854437.5,-60.24067
423854500.0,-60.30882
423854562.5,-60.3015
423854625.0,-60.24459
423854687.5,-60.17401
423854750.0,-60.19717
423854812.5,-60.23776
423854875.0,-60.241
423854937.5,-60.29375
423855000.0,-60.34411
423855062.5,-60.25219
423855125.0,-60.28827
423855187.5,-60.22066
423855250.0,-60.23448
423855312.5,-60.35729
423855375.0,-60.32481
423855437.5,-60.39581
423855500.0,-60.30333
423855562.5,-60.3087
423855625.0,-60.34771
423855687.5,-60.27325
423855750.0,-60.2999
423855812.5,-60.21806
423855875.0,-60.34577
423855937.5,-60.26188
423856000.0,-60.27447
423856062.5,-60.18619
423856125.0,-60.27908
423856187.5,-60.32994
423856250.0,-60.20388
423856312.5,-60.23613
423856375.0,-60.34245
423856437.5,-60.29309
423856500.0,-60.47908
423856562.5,-60.22776
423856625.0,-60.44555
423856687.5,-60.25539
423856750.0,-60.3379
423856812.5,-60.39462
423856875.0,-60.30939
423856937.5,-60.41867
423857000.0,-60.38353
423857062.5,-60.32994
423857125.0,-60.41241
423857187.5,-60.35611
423857250.0,-60.36229
423857312.5,-60.32722
423857375.0,-60.28269
423857437.5,-60.31255
423857500.0,-60.1847
423857562.5,-60.30457
423857625.0,-60.26044
423857687.5,-60.3564
423857750.0,-60.38025
423857812.5,-60.3008
423857875.0,-60.35234
423857937.5,-60.39826
423858000.0,-60.3707
423858062.5,-60.28259
423858125.0,-60.40088
423858187.5,-60.35397
423858250.0,-60.44614
423858312.5,-60.29124
423858375.0,-60.33199
423858437.5,-60.47981
423858500.0,-60.35642
423858562.5,-60.34393
423858625.0,-60.37762
423858687.5,-60.45324
423858750.0,-60.33811
423858812.5,-60.39832
423858875.0,-60.27531
423858937.5,-60.40858
423859000.0,-60.3274
423859062.5,-60.35094
423859125.0,-60.33652
423859187.5,-60.32281
423859250.0,-60.40656
423859312.5,-60.49127
423859375.0,-60.23434
423859437.5,-60.37504
423859500.0,-60.29047
423859562.5,-60.30529
423859625.0,-60.20847
423859687.5,-60.35415
423859750.0,-60.48422
423859812.5,-60.32999
423859875.0,-60.26852
423859937.5,-60.20751
423860000.0,-60.31184
423860062.5,-60.53623
423860125.0,-60.3743
423860187.5,-60.37962
423860250.0,-60.41543
423860312.5,-60.41913
423860375.0,-60.36882
423860437.5,-60.40236
423860500.0,-60.33491
423860562.5,-60.34628
423860625.0,-60.43785
423860687.5,-60.33835
423860750.0,-60.34563
423860812.5,-60.39817
423860875.0,-60.42854
423860937.5,-60.3521
423861000.0,-60.4207
423861062.5,-60.27763
423861125.0,-60.42557
423861187.5,-60.41345
423861250.0,-60.2903
423861312.5,-60.41827
423861375.0,-60.34079
423861437.5,-60.35671
423861500.0,-60.42097
423861562.5,-60.36917
423861625.0,-60.41597
423861687.5,-60.36635
423861750.0,-60.27687
423861812.5,-60.49366
423861875.0,-60.30988
423861937.5,-60.46156
423862000.0,-60.31942
423862062.5,-60.26105
423862125.0,-60.29615
423862187.5,-60.36564
423862250.0,-60.44118
423862312.5,-60.44908
423862375.0,-60.39974
423862437.5,-60.45058
423862500.0,-60.43634
423862562.5,-60.33183
423862625.0,-60.32202
423862687.5,-60.47873
423862750.0,-60.43581
423862812.5,-60.37355
423862875.0,-60.41433
423862937.5,-60.39128
423863000.0,-60.44398
423863062.5,-60.43314
423863125.0,-60.27666
423863187.5,-60.41029
423863250.0,-60.49213
423863312.5,-60.54144
423863375.0,-60.49026
423863437.5,-60.3494
423863500.0,-60.37213
423863562.5,-60.46445
423863625.0,-60.49599
423863687.5,-60.35489
423863750.0,-60.41088
423863812.5,-60.44965
423863875.0,-60.4384
423863937.5,-60.36552
423864000.0,-60.30456
423864062.5,-60.41111
423864125.0,-60.4664
423864187.5,-60.34821
423864250.0,-60.4561
423864312.5,-60.24051
423864375.0,-60.41461
423864437.5,-60.47522
423864500.0,-60.40559
423864562.5,-60.38117
423864625.0,-60.55922
423864687.5,-60.53769
423864750.0,-60.35135
423864812.5,-60.24085
423864875.0,-60.47368
423864937.5,-60.31098
423865000.0,-60.46728
423865062.5,-60.47782
423865125.0,-60.43766
423865187.5,-60.34955
423865250.0,-60.39563
423865312.5,-60.46236
423865375.0,-60.36417
423865437.5,-60.43555
423865500.0,-60.46206
423865562.5,-60.43954
423865625.0,-60.40449
423865687.5,-60.40907
423865750.0,-60.38706
423865812.5,-60.34208
423865875.0,-60.44574
423865937.5,-60.38993
423866000.0,-60.34827
423866062.5,-60.3628
423866125.0,-60.38831
423866187.5,-60.44429
423866250.0,-60.50932
423866312.5,-60.42458
423866375.0,-60.46183
423866437.5,-60.44978
423866500.0,-60.47995
423866562.5,-60.55175
423866625.0,-60.33184
423866687.5,-60.44109
423866750.0,-60.37585
423866812.5,-60.46008
423866875.0,-60.4616
423866937.5,-60.37717
423867000.0,-60.5217
423867062.5,-60.41874
423867125.0,-60.40841
423867187.5,-60.53721
423867250.0,-60.48097
423867312.5,-60.36825
423867375.0,-60.39002
423867437.5,-60.37395
423867500.0,-60.26874
423867562.5,-60.47644
423867625.0,-60.46309
423867687.5,-60.50203
423867750.0,-60.44522
423867812.5,-60.47545
423867875.0,-60.49347
423867937.5,-60.4384
423868000.0,-60.43761
423868062.5,-60.37614
423868125.0,-60.45666
423868187.5,-60.54039
423868250.0,-60.4194
423868312.5,-60.44388
423868375.0,-60.59656
423868437.5,-60.48926
423868500.0,-60.39917
423868562.5,-60.46033
423868625.0,-60.44137
423868687.5,-60.37181
423868750.0,-60.46838
423868812.5,-60.50124
423868875.0,-60.41176
423868937.5,-60.45001
423869000.0,-60.42415
423869062.5,-60.56701
423869125.0,-60.39809
423869187.5,-60.50245
423869250.0,-60.53062
423869312.5,-60.45163
423869375.0,-60.36609
423869437.5,-60.35931
423869500.0,-60.42687
423869562.5,-60.49315
423869625.0,-60.47421
423869687.5,-60.52426
423869750.0,-60.46432
423869812.5,-60.40572
423869875.0,-60.37873
423869937.5,-60.6251
423870000.0,-60.36434
423870062.5,-60.5159
423870125.0,-60.5055
423870187.5,-60.47493
423870250.0,-60.49276
423870312.5,-60.34928
423870375.0,-60.52036
423870437.5,-60.51267
423870500.0,-60.42872
423870562.5,-60.48069
423870625.0,-60.45415
423870687.5,-60.49563
423870750.0,-60.48338
423870812.5,-60.48694
423870875.0,-60.43081
423870937.5,-60.44313
423871000.0,-60.54564
423871062.5,-60.50573
423871125.0,-60.42841
423871187.5,-60.4711
423871250.0,-60.57585
423871312.5,-60.61193
423871375.0,-60.3705
423871437.5,-60.54065
423871500.0,-60.48641
423871562.5,-60.57241
423871625.0,-60.48068
423871687.5,-60.56157
423871750.0,-60.39905
423871812.5,-60.52157
423871875.0,-60.56268
423871937.5,-60.4508
423872000.0,-60.56871
423872062.5,-60.523
423872125.0,-60.55468
423872187.5,-60.5759
423872250.0,-60.56897
423872312.5,-60.48013
423872375.0,-60.39493
423872437.5,-60.60396
423872500.0,-60.37729
423872562.5,-60.52748
423872625.0,-60.56757
423872687.5,-60.58128
423872750.0,-60.36975
423872812.5,-60.41321
423872875.0,-60.50042
423872937.5,-60.47752
423873000.0,-60.48566
423873062.5,-60.38076
423873125.0,-60.67327
423873187.5,-60.48327
423873250.0,-60.47068
423873312.5,-60.47591
423873375.0,-60.60756
423873437.5,-60.55325
423873500.0,-60.54193
423873562.5,-60.51558
423873625.0,-60.53937
423873687.5,-60.483
423873750.0,-60.43026
423873812.5,-60.51084
423873875.0,-60.55774
423873937.5,-60.63936
423874000.0,-60.58495
423874062.5,-60.50555
423874125.0,-60.54805
423874187.5,-60.59594
423874250.0,-60.53365
423874312.5,-60.47087
423874375.0,-60.55007
423874437.5,-60.50317
423874500.0,-60.4843
423874562.5,-60.57966
423874625.0,-60.50049
423874687.5,-60.43685
423874750.0,-60.47805
423874812.5,-60.6062
423874875.0,-60.5183
423874937.5,-60.49685
423875000.0,-60.4804
423875062.5,-60.62115
423875125.0,-60.62115
423875187.5,-60.55884
423875250.0,-60.62085
423875312.5,-60.41869
423875375.0,-60.50236
423875437.5,-60.44233
423875500.0,-60.44191
423875562.5,-60.63354
423875625.0,-60.47373
423875687.5,-60.56326
423875750.0,-60.54208
423875812.5,-60.59873
423875875.0,-60.61271
423875937.5,-60.53625
423876000.0,-60.58354
423876062.5,-60.58549
423876125.0,-60.55079
423876187.5,-60.55102
423876250.0,-60.48308
423876312.5,-60.59985
423876375.0,-60.69946
423876437.5,-60.61509
423876500.0,-60.48379
423876562.5,-60.60446
423876625.0,-60.67805
423876687.5,-60.46288
423876750.0,-60.45624
423876812.5,-60.5289
423876875.0,-60.55577
423876937.5,-60.49825
423877000.0,-60.54448
423877062.5,-60.57997
423877125.0,-60.58624
423877187.5,-60.48941
423877250.0,-60.52576
423877312.5,-60.52338
423877375.0,-60.54519
423877437.5,-60.58208
423877500.0,-60.54359
423877562.5,-60.54291
423877625.0,-60.55236
423877687.5,-60.65779
423877750.0,-60.52844
423877812.5,-60.72174
423877875.0,-60.58922
423877937.5,-60.54442
423878000.0,-60.51163
423878062.5,-60.51957
423878125.0,-60.55627
423878187.5,-60.42221
423878250.0,-60.51969
423878312.5,-60.55806
423878375.0,-60.5826
423878437.5,-60.49131
423878500.0,-60.59576
423878562.5,-60.60147
423878625.0,-60.62317
423878687.5,-60.47618
423878750.0,-60.61364
423878812.5,-60.52945
423878875.0,-60.61558
423878937.5,-60.57101
423879000.0,-60.54688
423879062.5,-60.64519
423879125.0,-60.63661
423879187.5,-60.66763
423879250.0,-60.48924
423879312.5,-60.64487
423879375.0,-60.60118
423879437.5,-60.5736
423879500.0,-60.56372
423879562.5,-60.61984
423879625.0,-60.62436
423879687.5,-60.5479
423879750.0,-60.55406
423879812.5,-60.45994
423879875.0,-60.4788
423879937.5,-60.4712
423880000.0,-60.50895
423880062.5,-60.61856
423880125.0,-60.65334
423880187.5,-60.62063
423880250.0,-60.45798
423880312.5,-60.49163
423880375.0,-60.62824
423880437.5,-60.79387
423880500.0,-60.61409
423880562.5,-60.51294
423880625.0,-60.75914
423880687.5,-60.51452
423880750.0,-60.60808
423880812.5,-60.60793
423880875.0,-60.59222
423880937.5,-60.59712
423881000.0,-60.58583
423881062.5,-60.67356
423881125.0,-60.70163
423881187.5,-60.6892
423881250.0,-60.58829
423881312.5,-60.53782
423881375.0,-60.63024
423881437.5,-60.56045
423881500.0,-60.65234
423881562.5,-60.5371
423881625.0,-60.65861
423881687.5,-60.73598
423881750.0,-60.55231
423881812.5,-60.60552
423881875.0,-60.50055
423881937.5,-60.51248
423882000.0,-60.55355
423882062.5,-60.58784
423882125.0,-60.60491
423882187.5,-60.5698
423882250.0,-60.75105
423882312.5,-60.56996
423882375.0,-60.7229
423882437.5,-60.67456
423882500.0,-60.60859
423882562.5,-60.49129
423882625.0,-60.62302
423882687.5,-60.80313
423882750.0,-60.74789
423882812.5,-60.71891
423882875.0,-60.70578
423882937.5,-60.71056
423883000.0,-60.68168
423883062.5,-60.67463
423883125.0,-60.65986
423883187.5,-60.60904
423883250.0,-60.63594
423883312.5,-60.56803
423883375.0,-60.62279
423883437.5,-60.66841
423883500.0,-60.50099
423883562.5,-60.60422
423883625.0,-60.64583
423883687.5,-60.72252
423883750.0,-60.79365
423883812.5,-60.62244
423883875.0,-60.62219
423883937.5,-60.5752
423884000.0,-60.65268
423884062.5,-60.56103
423884125.0,-60.5087
423884187.5,-60.67038
423884250.0,-60.5962
423884312.5,-60.68694
423884375.0,-60.65102
423884437.5,-60.74525
423884500.0,-60.82819
423884562.5,-60.59542
423884625.0,-60.68935
423884687.5,-60.58133
423884750.0,-60.67099
423884812.5,-60.55667
423884875.0,-60.60846
423884937.5,-60.76682
423885000.0,-60.71507
423885062.5,-60.6594
423885125.0,-60.58246
423885187.5,-60.71559
423885250.0,-60.73742
423885312.5,-60.59068
423885375.0,-60.65194
423885437.5,-60.55173
423885500.0,-60.71526
423885562.5,-60.69278
423885625.0,-60.6225
423885687.5,-60.63147
423885750.0,-60.73785
423885812.5,-60.67116
423885875.0,-60.6032
423885937.5,-60.61996
423886000.0,-60.68003
423886062.5,-60.74151
423886125.0,-60.60608
423886187.5,-60.59362
423886250.0,-60.76433
423886312.5,-60.72069
423886375.0,-60.66423
423886437.5,-60.6841
423886500.0,-60.6354
423886562.5,-60.71062
423886625.0,-60.62152
423886687.5,-60.62443
423886750.0,-60.68148
423886812.5,-60.66633
423886875.0,-60.68597
423886937.5,-60.76167
423887000.0,-60.67735
423887062.5,-60.80947
423887125.0,-60.50177
423887187.5,-60.58662
423887250.0,-60.56287
423887312.5,-60.69187
423887375.0,-60.58997
423887437.5,-60.74116
423887500.0,-60.77638
423887562.5,-60.6783
423887625.0,-60.68562
423887687.5,-60.77376
423887750.0,-60.69775
423887812.5,-60.62934
423887875.0,-60.73339
423887937.5,-60.59111
423888000.0,-60.71707
423888062.5,-60.77302
423888125.0,-60.59115
423888187.5,-60.58146
423888250.0,-60.58484
423888312.5,-60.82445
423888375.0,-60.57483
423888437.5,-60.72031
423888500.0,-60.65276
423888562.5,-60.71683
423888625.0,-60.6943
423888687.5,-60.6608
423888750.0,-60.69992
423888812.5,-60.54696
423888875.0,-60.75646
423888937.5,-60.72748
423889000.0,-60.69699
423889062.5,-60.60076
423889125.0,-60.56062
423889187.5,-60.72604
423889250.0,-60.67781
423889312.5,-60.81626
423889375.0,-60.80344
423889437.5,-60.6739
423889500.0,-60.63352
423889562.5,-60.85272
423889625.0,-60.69146
423889687.5,-60.62342
423889750.0,-60.68366
423889812.5,-60.65322
423889875.0,-60.82451
423889937.5,-60.7792
423890000.0,-60.60975
423890062.5,-60.86045
423890125.0,-60.60775
423890187.5,-60.65545
423890250.0,-60.79648
423890312.5,-60.60392
423890375.0,-60.74451
423890437.5,-60.66283
423890500.0,-60.58385
423890562.5,-60.61266
423890625.0,-60.82442
423890687.5,-60.60301
423890750.0,-60.74116
423890812.5,-60.78174
423890875.0,-60.71273
423890937.5,-60.82861
423891000.0,-60.64702
423891062.5,-60.64447
423891125.0,-60.61005
423891187.5,-60.6805
423891250.0,-60.7965
423891312.5,-60.66796
423891375.0,-60.69631
423891437.5,-60.67641
423891500.0,-60.62778
423891562.5,-60.73687
423891625.0,-60.66177
423891687.5,-60.73516
423891750.0,-60.61115
423891812.5,-60.75461
423891875.0,-60.79735
423891937.5,-60.7174
423892000.0,-60.75314
423892062.5,-60.7383
423892125.0,-60.75198
423892187.5,-60.63349
423892250.0,-60.81788
423892312.5,-60.69713
423892375.0,-60.6521
423892437.5,-60.79359
423892500.0,-60.75552
423892562.5,-60.66586
423892625.0,-60.68479
423892687.5,-60.6069
423892750.0,-60.79756
423892812.5,-60.68533
423892875.0,-60.75935
423892937.5,-60.69875
423893000.0,-60.68922
423893062.5,-60.84383
423893125.0,-60.66348
423893187.5,-60.61098
423893250.0,-60.77638
423893312.5,-60.69137
423893375.0,-60.66346
423893437.5,-60.73616
423893500.0,-60.75207
423893562.5,-60.76337
423893625.0,-60.8134
423893687.5,-60.71146
423893750.0,-60.72876
423893812.5,-60.74844
423893875.0,-60.66254
423893937.5,-60.78571
423894000.0,-60.68546
423894062.5,-60.66082
423894125.0,-60.66675
423894187.5,-60.70336
423894250.0,-60.72477
423894312.5,-60.67302
423894375.0,-60.84336
423894437.5,-60.75395
423894500.0,-60.72246
423894562.5,-60.70542
423894625.0,-60.79104
423894687.5,-60.73537
423894750.0,-60.65073
423894812.5,-60.84275
423894875.0,-60.76959
423894937.5,-60.69279
423895000.0,-60.68364
423895062.5,-60.78178
423895125.0,-60.69133
423895187.5,-60.7558
423895250.0,-60.71598
423895312.5,-60.72414
423895375.0,-60.82432
423895437.5,-60.7792
423895500.0,-60.67224
423895562.5,-60.80944
423895625.0,-60.63477
423895687.5,-60.71947
423895750.0,-60.7925
423895812.5,-60.8865
423895875.0,-60.87848
423895937.5,-60.78918
423896000.0,-60.72151
423896062.5,-60.79864
423896125.0,-60.64445
423896187.5,-60.77465
423896250.0,-60.84076
423896312.5,-60.74937
423896375.0,-60.79063
423896437.5,-60.78722
423896500.0,-60.78215
423896562.5,-60.60408
423896625.0,-60.81953
423896687.5,-60.70329
423896750.0,-60.62662
423896812.5,-60.62432
423896875.0,-60.7336
423896937.5,-60.74235
423897000.0,-60.8068
423897062.5,-60.88096
423897125.0,-60.73851
423897187.5,-60.76964
423897250.0,-60.84355
423897312.5,-60.8301
423897375.0,-60.65721
423897437.5,-60.79269
423897500.0,-60.62527
423897562.5,-60.87051
423897625.0,-60.76154
423897687.5,-60.85924
423897750.0,-60.85085
423897812.5,-60.84776
423897875.0,-60.94716
423897937.5,-60.79905
423898000.0,-60.83823
423898062.5,-60.78032
423898125.0,-60.81237
423898187.5,-60.85729
423898250.0,-60.75265
423898312.5,-60.73169
423898375.0,-60.82075
423898437.5,-60.87907
423898500.0,-60.86554
423898562.5,-60.76345
423898625.0,-60.82693
423898687.5,-60.8804
423898750.0,-60.77868
423898812.5,-60.72134
423898875.0,-60.71896
423898937.5,-60.84949
423899000.0,-60.77368
423899062.5,-60.79805
423899125.0,-60.84462
423899187.5,-60.71701
423899250.0,-60.86221
423899312.5,-60.69547
423899375.0,-60.81386
423899437.5,-60.94152
423899500.0,-60.83696
423899562.5,-60.83353
423899625.0,-60.79372
423899687.5,-60.82318
423899750.0,-60.78356
423899812.5,-60.76398
423899875.0,-60.85564
423899937.5,-60.88542
423900000.0,-60.76989
423900062.5,-60.79318
423900125.0,-60.71619
423900187.5,-60.86156
423900250.0,-60.69201
423900312.5,-60.76571
423900375.0,-60.80323
423900437.5,-60.80251
423900500.0,-60.78835
423900562.5,-60.8239
423900625.0,-60.94326
423900687.5,-60.78153
423900750.0,-60.75807
423900812.5,-60.83994
423900875.0,-60.99178
423900937.5,-60.7495
423901000.0,-60.63227
423901062.5,-60.85476
423901125.0,-60.79906
423901187.5,-60.72497
423901250.0,-60.78675
423901312.5,-60.71441
423901375.0,-60.78178
423901437.5,-60.88662
423901500.0,-60.86178
423901562.5,-60.84126
423901625.0,-60.82128
423901687.5,-60.75425
423901750.0,-60.85377
423901812.5,-60.77121
423901875.0,-60.95063
423901937.5,-60.86548
423902000.0,-60.78754
423902062.5,-60.92523
423902125.0,-60.77408
423902187.5,-60.8385
423902250.0,-60.9026
423902312.5,-60.8656
423902375.0,-60.82453
423902437.5,-60.81583
423902500.0,-60.89353
423902562.5,-60.85315
423902625.0,-60.86046
423902687.5,-60.77842
423902750.0,-60.80614
423902812.5,-60.85274
423902875.0,-60.72479
423902937.5,-60.79214
423903000.0,-60.88429
423903062.5,-60.87311
423903125.0,-60.84307
423903187.5,-60.92354
423903250.0,-60.94801
423903312.5,-60.78877
423903375.0,-60.92375
423903437.5,-60.75246
423903500.0,-60.90775
423903562.5,-60.93823
423903625.0,-60.84259
423903687.5,-60.85086
423903750.0,-60.78571
423903812.5,-60.79108
423903875.0,-60.85047
423903937.5,-60.83372
423904000.0,-60.84897
423904062.5,-60.86045
423904125.0,-60.74696
423904187.5,-60.95843
423904250.0,-60.83953
423904312.5,-60.73295
423904375.0,-60.84301
423904437.5,-60.82452
423904500.0,-60.89295
423904562.5,-60.94403
423904625.0,-60.88624
423904687.5,-60.77053
423904750.0,-60.82046
423904812.5,-60.77372
423904875.0,-60.81
423904937.5,-60.87722
423905000.0,-60.97023
423905062.5,-60.88454
423905125.0,-60.92714
423905187.5,-60.94716
423905250.0,-60.9548
423905312.5,-60.93299
423905375.0,-60.87437
423905437.5,-60.96308
423905500.0,-60.88548
423905562.5,-60.81601
423905625.0,-60.84657
423905687.5,-60.85731
423905750.0,-60.85488
423905812.5,-60.79759
423905875.0,-60.85211
423905937.5,-60.88541
423906000.0,-60.97895
423906062.5,-60.95211
423906125.0,-60.77202
423906187.5,-60.91497
423906250.0,-60.80436
423906312.5,-60.86074
423906375.0,-60.95661
423906437.5,-60.8531
423906500.0,-60.8887
423906562.5,-60.98642
423906625.0,-60.90824
423906687.5,-60.87302
423906750.0,-60.88311
423906812.5,-60.92182
423906875.0,-60.88533
423906937.5,-60.92475
423907000.0,-60.83352
423907062.5,-60.96768
423907125.0,-60.94128
423907187.5,-61.00694
423907250.0,-60.75051
423907312.5,-60.79581
423907375.0,-60.83023
423907437.5,-60.85297
423907500.0,-60.9692
423907562.5,-60.84123
423907625.0,-60.99048
423907687.5,-60.94791
423907750.0,-60.86311
423907812.5,-61.01895
423907875.0,-60.88881
423907937.5,-60.86874
423908000.0,-60.84845
423908062.5,-60.72786
423908125.0,-60.90997
423908187.5,-60.73636
423908250.0,-60.89774
423908312.5,-60.87194
423908375.0,-60.86395
423908437.5,-61.12162
423908500.0,-60.94433
423908562.5,-60.85164
423908625.0,-60.9266
423908687.5,-61.00147
423908750.0,-60.89502
423908812.5,-61.00469
423908875.0,-60.91158
423908937.5,-60.82007
423909000.0,-60.81012
423909062.5,-60.95957
423909125.0,-60.9784
423909187.5,-60.95526
423909250.0,-61.0251
423909312.5,-60.94501
423909375.0,-60.9939
423909437.5,-60.98928
423909500.0,-60.88529
423909562.5,-60.95392
423909625.0,-60.79552
423909687.5,-60.98474
423909750.0,-60.9021
423909812.5,-60.87093
423909875.0,-60.91919
423909937.5,-60.9483
423910000.0,-60.81466
423910062.5,-60.87851
423910125.0,-60.87273
423910187.5,-60.94406
423910250.0,-60.95623
423910312.5,-60.99923
423910375.0,-60.99824
423910437.5,-60.92121
423910500.0,-60.8122
423910562.5,-60.92365
423910625.0,-60.87801
423910687.5,-60.94612
423910750.0,-60.9184
423910812.5,-60.95531
423910875.0,-60.86169
423910937.5,-60.81142
423911000.0,-60.90428
423911062.5,-60.96436
423911125.0,-60.91288
423911187.5,-60.92097
423911250.0,-61.03365
423911312.5,-60.9034
423911375.0,-60.94615
423911437.5,-60.91882
423911500.0,-60.95996
423911562.5,-60.93882
423911625.0,-60.9335
423911687.5,-60.98588
423911750.0,-60.80268
423911812.5,-60.93125
423911875.0,-60.88746
423911937.5,-60.95928
423912000.0,-60.85588
423912062.5,-60.91942
423912125.0,-60.96633
423912187.5,-60.8806
423912250.0,-61.00168
423912312.5,-60.8551
423912375.0,-60.87788
423912437.5,-60.98552
423912500.0,-60.96838
423912562.5,-60.97448
423912625.0,-60.88307
423912687.5,-61.05892
423912750.0,-60.83986
423912812.5,-60.8415
423912875.0,-60.99041
423912937.5,-60.94618
423913000.0,-60.79197
423913062.5,-61.03384
423913125.0,-61.00024
423913187.5,-60.98339
423913250.0,-61.02453
423913312.5,-60.99427
423913375.0,-61.01867
423913437.5,-60.93585
423913500.0,-60.95794
423913562.5,-60.94208
423913625.0,-60.84716
423913687.5,-60.86662
423913750.0,-60.95705
423913812.5,-60.93834
423913875.0,-61.00544
423913937.5,-60.89374
423914000.0,-60.82166
423914062.5,-61.06947
423914125.0,-60.96142
423914187.5,-60.87179
423914250.0,-60.83702
423914312.5,-60.94871
423914375.0,-61.00142
423914437.5,-61.08852
423914500.0,-60.95857
423914562.5,-61.03632
423914625.0,-60.93725
423914687.5,-61.06316
423914750.0,-60.95853
423914812.5,-61.0328
423914875.0,-61.04461
423914937.5,-61.02529
423915000.0,-61.01664
423915062.5,-60.947
423915125.0,-61.03981
423915187.5,-60.90512
423915250.0,-61.04119
423915312.5,-61.04708
423915375.0,-60.92738
423915437.5,-60.98838
423915500.0,-61.02103
423915562.5,-60.99657
423915625.0,-60.85948
423915687.5,-61.03356
423915750.0,-60.93628
423915812.5,-60.97063
423915875.0,-61.00354
423915937.5,-60.95264
423916000.0,-60.87275
423916062.5,-60.99152
423916125.0,-60.91835
423916187.5,-60.94149
423916250.0,-60.89397
423916312.5,-61.18977
423916375.0,-60.95456
423916437.5,-61.04857
423916500.0,-60.9913
423916562.5,-60.97864
423916625.0,-60.98243
423916687.5,-61.05669
423916750.0,-61.09172
423916812.5,-60.9995
423916875.0,-60.85352
423916937.5,-61.09991
423917000.0,-60.99688
423917062.5,-60.94681
423917125.0,-61.02918
423917187.5,-61.01745
423917250.0,-60.83319
423917312.5,-60.89751
423917375.0,-61.05065
423917437.5,-60.97773
423917500.0,-61.06679
423917562.5,-60.90134
423917625.0,-61.00411
423917687.5,-61.04261
423917750.0,-61.0119
423917812.5,-60.96685
423917875.0,-61.20126
423917937.5,-61.05818
423918000.0,-60.98403
423918062.5,-61.04318
423918125.0,-61.0304
423918187.5,-60.94406
423918250.0,-60.99118
423918312.5,-60.95739
423918375.0,-61.03745
423918437.5,-61.03284
423918500.0,-60.86366
423918562.5,-61.07976
423918625.0,-61.08632
423918687.5,-60.9911
423918750.0,-60.95181
423918812.5,-61.03374
423918875.0,-60.97716
423918937.5,-61.05953
423919000.0,-61.12338
423919062.5,-60.97546
423919125.0,-61.01829
423919187.5,-61.06545
423919250.0,-60.9725
423919312.5,-60.98799
423919375.0,-61.01882
423919437.5,-60.98912
423919500.0,-61.04329
423919562.5,-60.97277
423919625.0,-61.03167
423919687.5,-60.93473
423919750.0,-61.00428
423919812.5,-60.97295
423919875.0,-61.0275
423919937.5,-61.07172
423920000.0,-60.98834
423920062.5,-60.9728
423920125.0,-61.08054
423920187.5,-61.15503
423920250.0,-61.06117
423920312.5,-61.00574
423920375.0,-60.93257
423920437.5,-60.98026
423920500.0,-60.91738
423920562.5,-60.9875
423920625.0,-61.12994
423920687.5,-60.9626
423920750.0,-60.94563
423920812.5,-60.93527
423920875.0,-61.0852
423920937.5,-60.98741
423921000.0,-60.92895
423921062.5,-61.02276
423921125.0,-61.04181
423921187.5,-61.17413
423921250.0,-61.04381
423921312.5,-61.07397
423921375.0,-61.1269
423921437.5,-61.13647
423921500.0,-61.07938
423921562.5,-61.02789
423921625.0,-60.99579
423921687.5,-60.92357
423921750.0,-60.97939
423921812.5,-60.95974
423921875.0,-60.95048
423921937.5,-61.01251
423922000.0,-61.05418
423922062.5,-60.99137
423922125.0,-61.12905
423922187.5,-60.95193
423922250.0,-60.92954
423922312.5,-61.09058
423922375.0,-61.14821
423922437.5,-61.12112
423922500.0,-61.01366
423922562.5,-61.06892
423922625.0,-61.22389
423922687.5,-61.14277
423922750.0,-60.96469
423922812.5,-61.01011
423922875.0,-60.98086
423922937.5,-61.08758
423923000.0,-60.98558
423923062.5,-61.05445
423923125.0,-61.14917
423923187.5,-61.01624
423923250.0,-61.04273
423923312.5,-61.02703
423923375.0,-61.0088
423923437.5,-61.11719
423923500.0,-61.15851
423923562.5,-61.09044
423923625.0,-60.98039
423923687.5,-60.92963
423923750.0,-61.05766
423923812.5,-61.03224
423923875.0,-60.95208
423923937.5,-61.13765
423924000.0,-61.1671
423924062.5,-61.09135
423924125.0,-61.1357
423924187.5,-61.03188
423924250.0,-61.0323
423924312.5,-61.22066
423924375.0,-61.00159
423924437.5,-61.13798
423924500.0,-61.03891
423924562.5,-61.04556
423924625.0,-61.17102
423924687.5,-61.08804
423924750.0,-61.11593
423924812.5,-60.99604
423924875.0,-61.08176
423924937.5,-61.09061
423925000.0,-61.12324
423925062.5,-60.95042
423925125.0,-60.99718
423925187.5,-61.12061
423925250.0,-61.12751
423925312.5,-61.07122
423925375.0,-61.07419
423925437.5,-61.12002
423925500.0,-61.06845
423925562.5,-61.10294
423925625.0,-61.17693
423925687.5,-61.00593
423925750.0,-61.06562
423925812.5,-60.93301
423925875.0,-60.9977
423925937.5,-61.09003
423926000.0,-61.21453
423926062.5,-61.00334
423926125.0,-61.19252
423926187.5,-60.98323
423926250.0,-61.08994
423926312.5,-61.23967
423926375.0,-61.21791
423926437.5,-61.05671
423926500.0,-61.07919
423926562.5,-61.02676
423926625.0,-60.99458
423926687.5,-61.11744
423926750.0,-61.19398
423926812.5,-61.16513
423926875.0,-61.15214
423926937.5,-61.16867
423927000.0,-61.11614
423927062.5,-61.02977
423927125.0,-60.95699
423927187.5,-61.09666
423927250.0,-61.09672
423927312.5,-61.01991
423927375.0,-61.26379
423927437.5,-61.09029
423927500.0,-61.14515
423927562.5,-61.14901
423927625.0,-61.11021
423927687.5,-61.09512
423927750.0,-61.08889
423927812.5,-61.12027
423927875.0,-61.12877
423927937.5,-61.05742
423928000.0,-61.09433
423928062.5,-61.03233
423928125.0,-61.07666
423928187.5,-61.06213
423928250.0,-61.17698
423928312.5,-61.04638
423928375.0,-61.08795
423928437.5,-61.13478
423928500.0,-61.15042
423928562.5,-61.12383
423928625.0,-61.11564
423928687.5,-61.16516
423928750.0,-61.1679
423928812.5,-61.05225
423928875.0,-61.00309
423928937.5,-61.05605
423929000.0,-61.11896
423929062.5,-61.22149
423929125.0,-60.97741
423929187.5,-61.11377
423929250.0,-61.27604
423929312.5,-61.0108
423929375.0,-61.15126
423929437.5,-61.08088
423929500.0,-61.05753
423929562.5,-61.00352
423929625.0,-61.10238
423929687.5,-61.1524
423929750.0,-61.12308
423929812.5,-61.00592
423929875.0,-61.21071
423929937.5,-61.11911
423930000.0,-61.04466
423930062.5,-61.13626
423930125.0,-61.21852
423930187.5,-61.21047
423930250.0,-61.20967
423930312.5,-61.12767
423930375.0,-61.06211
423930437.5,-61.14082
423930500.0,-61.3001
423930562.5,-61.13317
423930625.0,-61.17841
423930687.5,-61.11281
423930750.0,-61.09068
423930812.5,-61.0971
423930875.0,-61.14369
423930937.5,-61.10802
423931000.0,-61.0908
423931062.5,-61.08605
423931125.0,-61.16486
423931187.5,-61.11573
423931250.0,-61.15408
423931312.5,-61.11489
423931375.0,-61.1785
423931437.5,-61.13454
423931500.0,-61.07414
423931562.5,-60.93906
423931625.0,-61.08323
423931687.5,-61.19636
423931750.0,-61.32765
423931812.5,-61.08689
423931875.0,-61.09385
423931937.5,-60.98582
423932000.0,-61.12741
423932062.5,-61.14132
423932125.0,-61.19151
423932187.5,-61.12289
423932250.0,-61.17772
423932312.5,-61.15191
423932375.0,-61.03986
423932437.5,-61.11701
423932500.0,-61.31078
423932562.5,-61.15574
423932625.0,-61.20541
423932687.5,-61.15254
423932750.0,-61.22875
423932812.5,-61.11344
423932875.0,-61.16467
423932937.5,-61.14751
423933000.0,-61.20339
423933062.5,-61.25243
423933125.0,-61.1516
423933187.5,-61.16227
423933250.0,-61.10628
423933312.5,-61.16854
423933375.0,-61.10964
423933437.5,-61.14723
423933500.0,-61.11076
423933562.5,-61.13387
423933625.0,-61.06665
423933687.5,-61.33907
423933750.0,-61.17947
423933812.5,-61.24099
423933875.0,-61.21975
423933937.5,-61.02443
423934000.0,-61.06619
423934062.5,-61.20921
423934125.0,-61.18301
423934187.5,-61.21945
423934250.0,-61.14011
423934312.5,-61.17068
423934375.0,-61.22327
423934437.5,-61.21896
423934500.0,-61.22532
423934562.5,-61.37751
423934625.0,-61.25572
423934687.5,-61.19957
423934750.0,-61.19165
423934812.5,-61.29779
423934875.0,-61.13161
423934937.5,-61.21315
423935000.0,-61.27951
423935062.5,-61.15823
423935125.0,-61.18858
423935187.5,-61.26706
423935250.0,-61.10502
423935312.5,-61.25902
423935375.0,-61.17803
423935437.5,-61.2926
423935500.0,-61.1207
423935562.5,-61.21165
423935625.0,-61.15324
423935687.5,-61.29009
423935750.0,-61.16046
423935812.5,-61.19985
423935875.0,-61.34063
423935937.5,-61.20669
423936000.0,-61.16472
423936062.5,-61.17759
423936125.0,-61.27245
423936187.5,-61.28849
423936250.0,-61.28367
423936312.5,-61.20742
423936375.0,-61.22311
423936437.5,-61.32196
423936500.0,-61.15476
423936562.5,-61.25745
423936625.0,-61.31455
423936687.5,-61.21
423936750.0,-61.17285
423936812.5,-61.19651
423936875.0,-61.147
423936937.5,-61.11112
423937000.0,-61.27623
423937062.5,-61.1988
423937125.0,-61.26805
423937187.5,-61.18916
423937250.0,-61.20732
423937312.5,-61.23563
423937375.0,-61.06892
423937437.5,-61.36265
423937500.0,-61.17375
423937562.5,-61.2324
423937625.0,-61.26473
423937687.5,-61.22763
423937750.0,-61.18799
423937812.5,-61.20803
423937875.0,-61.20307
423937937.5,-61.30939
423938000.0,-61.14061
423938062.5,-61.20835
423938125.0,-61.22342
423938187.5,-61.17121
423938250.0,-61.34884
423938312.5,-61.21892
423938375.0,-61.22596
423938437.5,-61.11525
423938500.0,-61.1563
423938562.5,-61.17687
423938625.0,-61.04095
423938687.5,-61.30284
423938750.0,-61.27414
423938812.5,-61.11002
423938875.0,-61.26251
423938937.5,-61.26893
423939000.0,-61.26772
423939062.5,-61.20972
423939125.0,-61.22091
423939187.5,-61.25383
423939250.0,-61.15674
423939312.5,-61.17594
423939375.0,-61.34771
423939437.5,-61.18685
423939500.0,-61.38404
423939562.5,-61.11964
423939625.0,-61.26906
423939687.5,-61.27696
423939750.0,-61.23872
423939812.5,-61.30441
423939875.0,-61.22699
423939937.5,-61.27364
423940000.0,-61.29139
423940062.5,-61.21565
423940125.0,-61.17305
423940187.5,-61.31139
423940250.0,-61.25075
423940312.5,-61.21651
423940375.0,-61.26329
423940437.5,-61.26944
423940500.0,-61.36225
423940562.5,-61.21894
423940625.0,-61.22445
423940687.5,-61.26026
423940750.0,-61.23024
423940812.5,-61.30807
423940875.0,-61.24894
423940937.5,-61.16604
423941000.0,-61.31142
423941062.5,-61.1993
423941125.0,-61.10533
423941187.5,-61.12206
423941250.0,-61.27356
423941312.5,-61.27642
423941375.0,-61.17405
423941437.5,-61.20378
423941500.0,-61.28335
423941562.5,-61.11797
423941625.0,-61.27755
423941687.5,-61.2628
423941750.0,-61.17964
423941812.5,-61.21209
423941875.0,-61.28751
423941937.5,-61.20195
423942000.0,-61.14939
423942062.5,-61.41559
423942125.0,-61.19971
423942187.5,-61.16218
423942250.0,-61.25747
423942312.5,-61.35516
423942375.0,-61.29034
423942437.5,-61.43079
423942500.0,-61.29582
423942562.5,-61.29886
423942625.0,-61.21633
423942687.5,-61.24969
423942750.0,-61.3137
423942812.5,-61.1498
423942875.0,-61.24223
423942937.5,-61.26391
423943000.0,-61.26896
423943062.5,-61.21411
423943125.0,-61.30616
423943187.5,-61.25657
423943250.0,-61.26551
423943312.5,-61.22955
423943375.0,-61.34332
423943437.5,-61.42449
423943500.0,-61.25188
423943562.5,-61.19683
423943625.0,-61.30174
423943687.5,-61.17181
423943750.0,-61.27442
423943812.5,-61.14407
423943875.0,-61.33883
423943937.5,-61.27308
423944000.0,-61.21272
423944062.5,-61.3337
423944125.0,-61.31115
423944187.5,-61.19542
423944250.0,-61.41178
423944312.5,-61.32038
423944375.0,-61.32205
423944437.5,-61.23082
423944500.0,-61.37854
423944562.5,-61.24259
423944625.0,-61.32923
423944687.5,-61.22765
423944750.0,-61.29273
423944812.5,-61.28843
423944875.0,-61.29119
423944937.5,-61.20117
423945000.0,-61.34233
423945062.5,-61.33078
423945125.0,-61.30174
423945187.5,-61.27014
423945250.0,-61.23988
423945312.5,-61.13623
423945375.0,-61.26936
423945437.5,-61.2233
423945500.0,-61.26099
423945562.5,-61.2581
423945625.0,-61.39896
423945687.5,-61.23637
423945750.0,-61.18076
423945812.5,-61.31824
423945875.0,-61.30778
423945937.5,-61.31873
423946000.0,-61.25624
423946062.5,-61.28566
423946125.0,-61.34286
423946187.5,-61.19141
423946250.0,-61.16046
423946312.5,-61.29809
423946375.0,-61.27935
423946437.5,-61.37938
423946500.0,-61.33436
423946562.5,-61.37327
423946625.0,-61.30135
423946687.5,-61.12294
423946750.0,-61.2823
423946812.5,-61.35818
423946875.0,-61.19157
423946937.5,-61.25311
423947000.0,-61.40996
423947062.5,-61.35592
423947125.0,-61.24992
423947187.5,-61.36668
423947250.0,-61.35255
423947312.5,-61.26916
423947375.0,-61.33823
423947437.5,-61.33598
423947500.0,-61.3452
423947562.5,-61.3332
423947625.0,-61.31894
423947687.5,-61.24585
423947750.0,-61.41917
423947812.5,-61.41338
423947875.0,-61.36005
423947937.5,-61.2353
423948000.0,-61.38461
423948062.5,-61.28654
423948125.0,-61.35389
423948187.5,-61.19819
423948250.0,-61.37441
423948312.5,-61.25678
423948375.0,-61.42322
423948437.5,-61.33104
423948500.0,-61.27611
423948562.5,-61.33062
423948625.0,-61.22417
423948687.5,-61.39153
423948750.0,-61.18363
423948812.5,-61.23352
423948875.0,-61.1592
423948937.5,-61.35142
423949000.0,-61.53085
423949062.5,-61.26967
423949125.0,-61.37211
423949187.5,-61.37445
423949250.0,-61.30909
423949312.5,-61.41303
423949375.0,-61.23716
423949437.5,-61.38903
423949500.0,-61.32417
423949562.5,-61.30794
423949625.0,-61.27843
423949687.5,-61.28282
423949750.0,-61.45966
423949812.5,-61.4132
423949875.0,-61.44127
423949937.5,-61.38457
423950000.0,-61.37234
423950062.5,-61.31078
423950125.0,-61.35143
423950187.5,-61.41629
423950250.0,-61.30487
423950312.5,-61.39272
423950375.0,-61.38065
423950437.5,-61.36359
423950500.0,-61.40134
423950562.5,-61.33107
423950625.0,-61.30049
423950687.5,-61.3825
423950750.0,-61.34721
423950812.5,-61.53907
423950875.0,-61.30413
423950937.5,-61.35273
423951000.0,-61.26708
423951062.5,-61.41219
423951125.0,-61.32435
423951187.5,-61.35816
423951250.0,-61.44763
423951312.5,-61.28869
423951375.0,-61.26801
423951437.5,-61.51559
423951500.0,-61.4213
423951562.5,-61.53676
423951625.0,-61.36914
423951687.5,-61.34077
423951750.0,-61.33011
423951812.5,-61.33976
423951875.0,-61.30244
423951937.5,-61.28042
423952000.0,-61.24028
423952062.5,-61.34417
423952125.0,-61.38414
423952187.5,-61.38343
423952250.0,-61.35912
423952312.5,-61.37466
423952375.0,-61.50146
423952437.5,-61.39388
423952500.0,-61.3845
423952562.5,-61.48038
423952625.0,-61.42104
423952687.5,-61.47436
423952750.0,-61.37388
423952812.5,-61.36525
423952875.0,-61.4111
423952937.5,-61.46825
423953000.0,-61.27615
423953062.5,-61.4368
423953125.0,-61.35582
423953187.5,-61.24593
423953250.0,-61.31334
423953312.5,-61.51432
423953375.0,-61.3293
423953437.5,-61.34412
423953500.0,-61.42238
423953562.5,-61.28462
423953625.0,-61.43139
423953687.5,-61.43671
423953750.0,-61.15024
423953812.5,-61.41674
423953875.0,-61.4702
423953937.5,-61.45833
423954000.0,-61.19857
423954062.5,-61.4555
423954125.0,-61.34545
423954187.5,-61.45418
423954250.0,-61.49347
423954312.5,-61.37612
423954375.0,-61.45309
423954437.5,-61.45451
423954500.0,-61.37205
423954562.5,-61.34969
423954625.0,-61.30734
423954687.5,-61.41846
423954750.0,-61.35949
423954812.5,-61.3761
423954875.0,-61.34798
423954937.5,-61.38095
423955000.0,-61.4107
423955062.5,-61.37356
423955125.0,-61.32191
423955187.5,-61.4808
423955250.0,-61.41276
423955312.5,-61.48219
423955375.0,-61.44146
423955437.5,-61.49299
423955500.0,-61.49024
423955562.5,-61.45956
423955625.0,-61.45509
423955687.5,-61.40277
423955750.0,-61.439
423955812.5,-61.47993
423955875.0,-61.41518
423955937.5,-61.32887
423956000.0,-61.44947
423956062.5,-61.4967
423956125.0,-61.39618
423956187.5,-61.44429
423956250.0,-61.43592
423956312.5,-61.41074
423956375.0,-61.30455
423956437.5,-61.38037
423956500.0,-61.41113
423956562.5,-61.35488
423956625.0,-61.32394
423956687.5,-61.41006
423956750.0,-61.45459
423956812.5,-61.38329
423956875.0,-61.53592
423956937.5,-61.52523
423957000.0,-61.40462
423957062.5,-61.38577
423957125.0,-61.35757
423957187.5,-61.58876
423957250.0,-61.36352
423957312.5,-61.42214
423957375.0,-61.48098
423957437.5,-61.47642
423957500.0,-61.42763
423957562.5,-61.40385
423957625.0,-61.55122
423957687.5,-61.33844
423957750.0,-61.35583
423957812.5,-61.65332
423957875.0,-61.46374
423957937.5,-61.45713
423958000.0,-61.41853
423958062.5,-61.37472
423958125.0,-61.43833
423958187.5,-61.39846
423958250.0,-61.3252
423958312.5,-61.61983
423958375.0,-61.3554
423958437.5,-61.48437
423958500.0,-61.30522
423958562.5,-61.48325
423958625.0,-61.51054
423958687.5,-61.53501
423958750.0,-61.51682
423958812.5,-61.38847
423958875.0,-61.45153
423958937.5,-61.35958
423959000.0,-61.48296
423959062.5,-61.49372
423959125.0,-61.5364
423959187.5,-61.41357
423959250.0,-61.44768
423959312.5,-61.29517
423959375.0,-61.26959
423959437.5,-61.43029
423959500.0,-61.38111
423959562.5,-61.4347
423959625.0,-61.53617
423959687.5,-61.47694
423959750.0,-61.37943
423959812.5,-61.3865
423959875.0,-61.44129
423959937.5,-61.48963
423960000.0,-61.53181
423960062.5,-61.43865
423960125.0,-61.43901
423960187.5,-61.36897
423960250.0,-61.47501
423960312.5,-61.4799
423960375.0,-61.43521
423960437.5,-61.464
423960500.0,-61.40368
423960562.5,-61.36746
423960625.0,-61.44995
423960687.5,-61.47844
423960750.0,-61.61633
423960812.5,-61.51115
423960875.0,-61.44159
423960937.5,-61.47813
423961000.0,-61.37403
423961062.5,-61.4921
423961125.0,-61.61552
423961187.5,-61.44103
423961250.0,-61.44814
423961312.5,-61.35279
423961375.0,-61.38379
423961437.5,-61.45391
423961500.0,-61.48585
423961562.5,-61.41386
423961625.0,-61.41761
423961687.5,-61.48576
423961750.0,-61.50125
423961812.5,-61.48969
423961875.0,-61.55157
423961937.5,-61.54857
423962000.0,-61.57696
423962062.5,-61.49814
423962125.0,-61.37854
423962187.5,-61.59439
423962250.0,-61.51005
423962312.5,-61.46838
423962375.0,-61.3983
423962437.5,-61.48275
423962500.0,-61.46628
423962562.5,-61.36968
423962625.0,-61.45183
423962687.5,-61.36425
423962750.0,-61.45607
423962812.5,-61.48822
423962875.0,-61.38679
423962937.5,-61.45055
423963000.0,-61.53469
423963062.5,-61.41336
423963125.0,-61.34809
423963187.5,-61.43307
423963250.0,-61.51931
423963312.5,-61.36093
423963375.0,-61.49887
423963437.5,-61.40327
423963500.0,-61.48866
423963562.5,-61.41732
423963625.0,-61.41296
423963687.5,-61.56975
423963750.0,-61.5531
423963812.5,-61.63022
423963875.0,-61.50722
423963937.5,-61.4506
423964000.0,-61.5634
423964062.5,-61.4589
423964125.0,-61.44782
423964187.5,-61.4464
423964250.0,-61.34895
423964312.5,-61.44033
423964375.0,-61.60205
423964437.5,-61.48851
423964500.0,-61.39192
423964562.5,-61.4645
423964625.0,-61.55449
423964687.5,-61.43481
423964750.0,-61.57941
423964812.5,-61.54134
423964875.0,-61.48844
423964937.5,-61.67745
423965000.0,-61.52269
423965062.5,-61.66031
423965125.0,-61.50547
423965187.5,-61.39463
423965250.0,-61.435
423965312.5,-61.49517
423965375.0,-61.666
423965437.5,-61.49538
423965500.0,-61.47783
423965562.5,-61.41274
423965625.0,-61.4271
423965687.5,-61.52808
423965750.0,-61.70197
423965812.5,-61.44485
423965875.0,-61.4227
423965937.5,-61.58589
423966000.0,-61.51683
423966062.5,-61.42956
423966125.0,-61.47722
423966187.5,-61.57545
423966250.0,-61.59819
423966312.5,-61.50765
423966375.0,-61.52802
423966437.5,-61.57729
423966500.0,-61.34832
423966562.5,-61.45664
423966625.0,-61.42863
423966687.5,-61.50026
423966750.0,-61.57124
423966812.5,-61.50287
423966875.0,-61.36497
423966937.5,-61.61801
423967000.0,-61.54376
423967062.5,-61.47249
423967125.0,-61.54998
423967187.5,-61.57766
423967250.0,-61.52748
423967312.5,-61.56605
423967375.0,-61.37926
423967437.5,-61.54689
423967500.0,-61.50258
423967562.5,-61.5973
423967625.0,-61.58585
423967687.5,-61.63882
423967750.0,-61.50011
423967812.5,-61.4234
423967875.0,-61.5851
423967937.5,-61.41095
423968000.0,-61.48752
423968062.5,-61.59259
423968125.0,-61.55998
423968187.5,-61.48589
423968250.0,-61.45535
423968312.5,-61.51232
423968375.0,-61.60163
423968437.5,-61.6115
423968500.0,-61.57608
423968562.5,-61.53066
423968625.0,-61.64803
423968687.5,-61.68678
423968750.0,-61.40403
423968812.5,-61.43077
423968875.0,-61.52737
423968937.5,-61.52891
423969000.0,-61.47016
423969062.5,-61.64946
423969125.0,-61.53031
423969187.5,-61.63055
423969250.0,-61.48662
423969312.5,-61.59131
423969375.0,-61.3798
423969437.5,-61.54569
423969500.0,-61.62471
423969562.5,-61.52311
423969625.0,-61.49781
423969687.5,-61.5056
423969750.0,-61.62655
423969812.5,-61.57852
423969875.0,-61.60262
423969937.5,-61.49482
423970000.0,-61.67852
423970062.5,-61.55416
423970125.0,-61.4978
423970187.5,-61.43116
423970250.0,-61.45634
423970312.5,-61.55238
423970375.0,-61.74648
423970437.5,-61.61142
423970500.0,-61.66327
423970562.5,-61.59776
423970625.0,-61.51831
423970687.5,-61.40464
423970750.0,-61.55115
423970812.5,-61.52704
423970875.0,-61.71825
423970937.5,-61.49202
423971000.0,-61.69806
423971062.5,-61.64116
423971125.0,-61.53644
423971187.5,-61.56239
423971250.0,-61.54309
423971312.5,-61.58287
423971375.0,-61.50133
423971437.5,-61.57344
423971500.0,-61.58475
423971562.5,-61.58997
423971625.0,-61.44576
423971687.5,-61.54625
423971750.0,-61.70295
423971812.5,-61.45779
423971875.0,-61.48433
423971937.5,-61.4958
423972000.0,-61.59797
423972062.5,-61.71242
423972125.0,-61.74554
423972187.5,-61.50356
423972250.0,-61.49073
423972312.5,-61.60028
423972375.0,-61.5295
423972437.5,-61.57418
423972500.0,-61.7339
423972562.5,-61.53084
423972625.0,-61.61849
423972687.5,-61.70949
423972750.0,-61.62072
423972812.5,-61.74106
423972875.0,-61.64891
423972937.5,-61.60382
423973000.0,-61.60876
423973062.5,-61.53581
423973125.0,-61.68167
423973187.5,-61.57045
423973250.0,-61.60954
423973312.5,-61.5425
423973375.0,-61.60639
423973437.5,-61.73977
423973500.0,-61.34647
423973562.5,-61.6345
423973625.0,-61.41816
423973687.5,-61.58928
423973750.0,-61.55626
423973812.5,-61.56967
423973875.0,-61.6241
423973937.5,-61.67281
423974000.0,-61.56912
423974062.5,-61.69295
423974125.0,-61.64395
423974187.5,-61.60176
423974250.0,-61.5833
423974312.5,-61.69591
423974375.0,-61.67784
423974437.5,-61.63834
423974500.0,-61.6876
423974562.5,-61.61281
423974625.0,-61.49127
423974687.5,-61.72317
423974750.0,-61.46146
423974812.5,-61.61442
423974875.0,-61.5741
423974937.5,-61.57957
423975000.0,-61.57965
423975062.5,-61.51493
423975125.0,-61.66581
423975187.5,-61.60161
423975250.0,-61.63768
423975312.5,-61.60614
423975375.0,-61.57579
423975437.5,-61.47458
423975500.0,-61.56706
423975562.5,-61.65171
423975625.0,-61.46098
423975687.5,-61.66117
423975750.0,-61.5405
423975812.5,-61.56036
423975875.0,-61.6693
423975937.5,-61.7656
423976000.0,-61.57199
423976062.5,-61.54113
423976125.0,-61.64798
423976187.5,-61.67764
423976250.0,-61.66959
423976312.5,-61.60423
423976375.0,-61.71068
423976437.5,-61.41735
423976500.0,-61.64722
423976562.5,-61.73767
423976625.0,-61.63849
423976687.5,-61.4633
423976750.0,-61.60352
423976812.5,-61.57819
423976875.0,-61.51451
423976937.5,-61.59311
423977000.0,-61.714
423977062.5,-61.52879
423977125.0,-61.56419
423977187.5,-61.55577
423977250.0,-61.54768
423977312.5,-61.64482
423977375.0,-61.70317
423977437.5,-61.66708
423977500.0,-61.74541
423977562.5,-61.67836
423977625.0,-61.66642
423977687.5,-61.60424
423977750.0,-61.6168
423977812.5,-61.67641
423977875.0,-61.82442
423977937.5,-61.68181
423978000.0,-61.65239
423978062.5,-61.75888
423978125.0,-61.44631
423978187.5,-61.59896
423978250.0,-61.71935
423978312.5,-61.63091
423978375.0,-61.65967
423978437.5,-61.4916
423978500.0,-61.51538
423978562.5,-61.64368
423978625.0,-61.57655
423978687.5,-61.66932
423978750.0,-61.70156
423978812.5,-61.51244
423978875.0,-61.79782
423978937.5,-61.51781
423979000.0,-61.52987
423979062.5,-61.72436
423979125.0,-61.70084
423979187.5,-61.64488
423979250.0,-61.69359
423979312.5,-61.63316
423979375.0,-61.68251
423979437.5,-61.73427
423979500.0,-61.68696
423979562.5,-61.56288
423979625.0,-61.56554
423979687.5,-61.74602
423979750.0,-61.61467
423979812.5,-61.60883
423979875.0,-61.63166
423979937.5,-61.62391
423980000.0,-61.55902
423980062.5,-61.68946
423980125.0,-61.6627
423980187.5,-61.74889
423980250.0,-61.52861
423980312.5,-61.53946
423980375.0,-61.75143
423980437.5,-61.62745
423980500.0,-61.61813
423980562.5,-61.66369
423980625.0,-61.54732
423980687.5,-61.78897
423980750.0,-61.76609
423980812.5,-61.62498
423980875.0,-61.62701
423980937.5,-61.67802
423981000.0,-61.77514
423981062.5,-61.62733
423981125.0,-61.64976
423981187.5,-61.65109
423981250.0,-61.75257
423981312.5,-61.62519
423981375.0,-61.77551
423981437.5,-61.60773
423981500.0,-61.79016
423981562.5,-61.596
423981625.0,-61.7392
423981687.5,-61.76887
423981750.0,-61.63387
423981812.5,-61.77795
423981875.0,-61.6306
423981937.5,-61.64766
423982000.0,-61.83144
423982062.5,-61.6071
423982125.0,-61.71301
423982187.5,-61.63591
423982250.0,-61.84653
423982312.5,-61.72101
423982375.0,-61.60821
423982437.5,-61.6566
423982500.0,-61.79427
423982562.5,-61.76375
423982625.0,-61.70999
423982687.5,-61.72276
423982750.0,-61.7769
423982812.5,-61.61009
423982875.0,-61.8362
423982937.5,-61.62933
423983000.0,-61.53456
423983062.5,-61.59848
423983125.0,-61.68957
423983187.5,-61.7255
423983250.0,-61.63082
423983312.5,-61.71222
423983375.0,-61.68343
423983437.5,-61.74307
423983500.0,-61.50646
423983562.5,-61.63085
423983625.0,-61.7141
423983687.5,-61.68456
423983750.0,-61.53838
423983812.5,-61.56978
423983875.0,-61.72385
423983937.5,-61.69801
423984000.0,-61.5488
423984062.5,-61.67891
423984125.0,-61.66096
423984187.5,-61.64656
423984250.0,-61.57299
423984312.5,-61.84222
423984375.0,-61.7353
423984437.5,-61.64085
423984500.0,-61.67789
423984562.5,-61.7054
423984625.0,-61.90477
423984687.5,-61.79087
423984750.0,-61.73225
423984812.5,-61.82228
423984875.0,-61.6884
423984937.5,-61.68869
423985000.0,-61.6955
423985062.5,-61.69518
423985125.0,-61.69367
423985187.5,-61.62679
423985250.0,-61.65656
423985312.5,-61.75967
423985375.0,-61.72808
423985437.5,-61.57164
423985500.0,-61.62997
423985562.5,-61.72084
423985625.0,-61.68634
423985687.5,-61.56947
423985750.0,-61.79604
423985812.5,-61.90519
423985875.0,-61.75553
423985937.5,-61.61299
423986000.0,-61.58125
423986062.5,-61.61118
423986125.0,-61.59257
423986187.5,-61.73547
423986250.0,-61.71777
423986312.5,-61.7122
423986375.0,-61.76533
423986437.5,-61.72363
423986500.0,-61.68756
423986562.5,-61.79408
423986625.0,-61.72108
423986687.5,-61.72627
423986750.0,-61.70776
423986812.5,-61.7358
423986875.0,-61.51731
423986937.5,-61.66111
423987000.0,-61.70287
423987062.5,-61.76943
423987125.0,-61.75903
423987187.5,-61.79163
423987250.0,-61.82192
423987312.5,-61.62639
423987375.0,-61.66703
423987437.5,-61.74373
423987500.0,-61.71095
423987562.5,-61.87504
423987625.0,-61.73457
423987687.5,-61.64759
423987750.0,-61.75336
423987812.5,-61.71822
423987875.0,-61.78843
423987937.5,-61.73468
423988000.0,-61.73611
423988062.5,-61.76478
423988125.0,-61.68951
423988187.5,-61.61492
423988250.0,-61.66855
423988312.5,-61.641
423988375.0,-61.75329
423988437.5,-61.67568
423988500.0,-61.57009
423988562.5,-61.75921
423988625.0,-61.7941
423988687.5,-61.70314
423988750.0,-61.6143
423988812.5,-61.75776
423988875.0,-61.74303
423988937.5,-61.75053
423989000.0,-61.66146
423989062.5,-61.68959
423989125.0,-61.72208
423989187.5,-61.55859
423989250.0,-61.81513
423989312.5,-61.75347
423989375.0,-61.68065
423989437.5,-61.61135
423989500.0,-61.78386
423989562.5,-61.88066
423989625.0,-61.71075
423989687.5,-61.71832
423989750.0,-61.75783
423989812.5,-61.68478
423989875.0,-61.84551
423989937.5,-61.74502
423990000.0,-61.60706
423990062.5,-61.64476
423990125.0,-61.71189
423990187.5,-61.66638
423990250.0,-61.74994
423990312.5,-61.59024
423990375.0,-61.81566
423990437.5,-61.72635
423990500.0,-61.71076
423990562.5,-61.79027
423990625.0,-61.67941
423990687.5,-61.67924
423990750.0,-61.71513
423990812.5,-61.70924
423990875.0,-61.78545
423990937.5,-61.65429
423991000.0,-61.60742
423991062.5,-61.7174
423991125.0,-61.62087
423991187.5,-61.64841
423991250.0,-61.58663
423991312.5,-61.77742
423991375.0,-61.71166
423991437.5,-61.78136
423991500.0,-61.77149
423991562.5,-61.78237
423991625.0,-61.66912
423991687.5,-61.66024
423991750.0,-61.721
423991812.5,-61.80327
423991875.0,-61.73178
423991937.5,-61.66599
423992000.0,-61.80893
423992062.5,-61.71153
423992125.0,-61.86713
423992187.5,-61.67817
423992250.0,-61.58173
423992312.5,-61.78748
423992375.0,-61.80471
423992437.5,-61.73187
423992500.0,-61.71124
423992562.5,-61.93457
423992625.0,-61.73468
423992687.5,-61.66963
423992750.0,-61.71342
423992812.5,-61.78837
423992875.0,-61.74676
423992937.5,-61.73987
423993000.0,-61.69202
423993062.5,-61.8899
423993125.0,-61.71522
423993187.5,-61.77245
423993250.0,-61.74202
423993312.5,-61.70942
423993375.0,-61.83953
423993437.5,-61.84673
423993500.0,-61.92402
423993562.5,-61.89708
423993625.0,-61.86115
423993687.5,-61.75312
423993750.0,-61.77821
423993812.5,-61.89745
423993875.0,-61.73137
423993937.5,-61.74723
423994000.0,-61.50919
423994062.5,-61.77566
423994125.0,-61.83044
423994187.5,-62.02295
423994250.0,-61.83294
423994312.5,-61.83323
423994375.0,-61.84392
423994437.5,-61.73758
423994500.0,-61.84277
423994562.5,-61.69065
423994625.0,-61.66761
423994687.5,-61.86153
423994750.0,-61.88325
423994812.5,-61.71788
423994875.0,-61.85157
423994937.5,-61.79607
423995000.0,-61.77979
423995062.5,-61.80217
423995125.0,-61.9171
423995187.5,-61.84396
423995250.0,-61.74991
423995312.5,-61.82517
423995375.0,-61.78654
423995437.5,-61.828
423995500.0,-61.86621
423995562.5,-61.87133
423995625.0,-61.88874
423995687.5,-61.81103
423995750.0,-61.82647
423995812.5,-61.83788
423995875.0,-61.92888
423995937.5,-61.81999
423996000.0,-61.89273
423996062.5,-61.83611
423996125.0,-61.82482
423996187.5,-61.7469
423996250.0,-61.7531
423996312.5,-61.81266
423996375.0,-61.89044
423996437.5,-61.74564
423996500.0,-61.81984
423996562.5,-61.9731
423996625.0,-61.88512
423996687.5,-61.76494
423996750.0,-61.81974
423996812.5,-61.77212
423996875.0,-61.76454
423996937.5,-61.88321
423997000.0,-61.71724
423997062.5,-61.75563
423997125.0,-61.96111
423997187.5,-61.7898
423997250.0,-61.85098
423997312.5,-62.02241
423997375.0,-61.68966
423997437.5,-61.81384
423997500.0,-61.87808
423997562.5,-61.86875
423997625.0,-61.92579
423997687.5,-61.87831
423997750.0,-61.84701
423997812.5,-61.76504
423997875.0,-61.7944
423997937.5,-61.88224
423998000.0,-61.89048
423998062.5,-61.86044
423998125.0,-61.74674
423998187.5,-61.8455
423998250.0,-61.90656
423998312.5,-61.89072
423998375.0,-61.94509
423998437.5,-61.86373
423998500.0,-61.93057
423998562.5,-61.79791
423998625.0,-61.82401
423998687.5,-61.96778
423998750.0,-61.87876
423998812.5,-61.91736
423998875.0,-61.79242
423998937.5,-61.87888
423999000.0,-61.91113
423999062.5,-61.81228
423999125.0,-61.83222
423999187.5,-61.82742
423999250.0,-61.88144
423999312.5,-62.06306
423999375.0,-61.90878
423999437.5,-61.81908
423999500.0,-61.83999
423999562.5,-61.84223
423999625.0,-61.78453
423999687.5,-61.9258
423999750.0,-61.89237
423999812.5,-61.93914
423999875.0,-61.67454
423999937.5,-61.79799
424000000.0,-62.07196
424000062.5,-61.93469
424000125.0,-61.95924
424000187.5,-61.61257
424000250.0,-61.87045
424000312.5,-61.82746
424000375.0,-61.70368
424000437.5,-61.75969
424000500.0,-61.93047
424000562.5,-61.88858
424000625.0,-62.20749
424000687.5,-61.93333
424000750.0,-61.64316
424000812.5,-61.77782
424000875.0,-61.99029
424000937.5,-61.81283
424001000.0,-61.79862
424001062.5,-61.85136
424001125.0,-61.8634
424001187.5,-61.8471
424001250.0,-61.81393
424001312.5,-61.73687
424001375.0,-61.77921
424001437.5,-61.74144
424001500.0,-61.77184
424001562.5,-61.91725
424001625.0,-61.87915
424001687.5,-61.80876
424001750.0,-61.80835
424001812.5,-61.81544
424001875.0,-61.87032
424001937.5,-61.79079
424002000.0,-62.03785
424002062.5,-61.83042
424002125.0,-62.03539
424002187.5,-61.88018
424002250.0,-61.8315
424002312.5,-61.92202
424002375.0,-61.95176
424002437.5,-61.93347
424002500.0,-61.8974
424002562.5,-61.82295
424002625.0,-61.93917
424002687.5,-61.78645
424002750.0,-61.69746
424002812.5,-61.95694
424002875.0,-61.82165
424002937.5,-61.8032
424003000.0,-62.06203
424003062.5,-61.86243
424003125.0,-61.79933
424003187.5,-61.96421
424003250.0,-61.87169
424003312.5,-61.82976
424003375.0,-61.793
424003437.5,-61.82408
424003500.0,-61.97704
424003562.5,-61.84389
424003625.0,-61.73079
424003687.5,-61.80049
424003750.0,-61.78596
424003812.5,-61.92118
424003875.0,-61.80057
424003937.5,-61.83659
424004000.0,-61.81673
424004062.5,-61.79153
424004125.0,-61.72923
424004187.5,-61.78783
424004250.0,-61.98177
424004312.5,-61.9046
424004375.0,-61.83671
424004437.5,-61.90477
424004500.0,-61.99447
424004562.5,-61.84658
424004625.0,-61.89144
424004687.5,-61.93034
424004750.0,-61.93425
424004812.5,-61.89515
424004875.0,-61.88147
424004937.5,-61.84492
424005000.0,-61.93287
424005062.5,-61.85122
424005125.0,-62.00584
424005187.5,-61.97144
424005250.0,-61.91653
424005312.5,-62.00019
424005375.0,-61.74593
424005437.5,-61.79866
424005500.0,-61.82895
424005562.5,-61.98024
424005625.0,-61.93988
424005687.5,-62.04768
424005750.0,-62.00867
424005812.5,-62.0243
424005875.0,-62.03717
424005937.5,-61.84001
424006000.0,-61.90288
424006062.5,-61.95019
424006125.0,-61.85079
424006187.5,-61.95685
424006250.0,-61.85594
424006312.5,-61.92853
424006375.0,-62.04626
424006437.5,-61.92429
424006500.0,-61.85281
424006562.5,-61.87172
424006625.0,-61.93837
424006687.5,-62.0846
424006750.0,-62.0275
424006812.5,-61.91385
424006875.0,-61.92254
424006937.5,-62.11146
424007000.0,-61.91751
424007062.5,-61.94126
424007125.0,-61.86945
424007187.5,-61.79696
424007250.0,-61.85445
424007312.5,-61.92581
424007375.0,-62.04158
424007437.5,-61.87803
424007500.0,-61.94458
424007562.5,-61.93744
424007625.0,-61.94791
424007687.5,-62.0215
424007750.0,-61.82697
424007812.5,-61.92502
424007875.0,-61.77394
424007937.5,-61.98133
424008000.0,-62.0234
424008062.5,-61.9755
424008125.0,-61.85348
424008187.5,-61.99757
424008250.0,-61.8522
424008312.5,-61.95123
424008375.0,-61.98343
424008437.5,-61.88405
424008500.0,-61.91452
424008562.5,-62.13185
424008625.0,-61.91551
424008687.5,-61.9297
424008750.0,-61.99449
424008812.5,-61.8361
424008875.0,-61.86188
424008937.5,-62.02509
424009000.0,-61.96835
424009062.5,-61.91574
424009125.0,-62.02041
424009187.5,-62.06337
424009250.0,-61.97014
424009312.5,-62.01132
424009375.0,-61.97734
424009437.5,-62.00563
424009500.0,-61.90856
424009562.5,-61.85143
424009625.0,-61.8999
424009687.5,-61.93663
424009750.0,-61.89541
424009812.5,-61.92481
424009875.0,-61.84023
424009937.5,-61.88702
424010000.0,-61.80678
424010062.5,-61.85832
424010125.0,-61.94642
424010187.5,-62.00629
424010250.0,-62.07487
424010312.5,-62.02378
424010375.0,-61.9203
424010437.5,-61.86592
424010500.0,-61.97867
424010562.5,-61.95918
424010625.0,-62.04138
424010687.5,-61.89899
424010750.0,-62.11
424010812.5,-62.04942
424010875.0,-61.79671
424010937.5,-61.88439
424011000.0,-61.98341
424011062.5,-62.03802
424011125.0,-61.85184
424011187.5,-61.89586
424011250.0,-61.92967
424011312.5,-61.95073
424011375.0,-61.95374
424011437.5,-61.99004
424011500.0,-62.03294
424011562.5,-61.99001
424011625.0,-61.93351
424011687.5,-61.91666
424011750.0,-61.92009
424011812.5,-61.9408
424011875.0,-61.91279
424011937.5,-62.04751
424012000.0,-62.01001
424012062.5,-61.98361
424012125.0,-62.06997
424012187.5,-62.00001
424012250.0,-61.89148
424012312.5,-62.00504
424012375.0,-62.06645
424012437.5,-61.95583
424012500.0,-61.94522
424012562.5,-61.99882
424012625.0,-61.9515
424012687.5,-61.9464
424012750.0,-62.00013
424012812.5,-62.04823
424012875.0,-62.03184
424012937.5,-61.9421
424013000.0,-62.12034
424013062.5,-61.79322
424013125.0,-62.06775
424013187.5,-61.88103
424013250.0,-61.95366
424013312.5,-62.08701
424013375.0,-61.9235
424013437.5,-62.01173
424013500.0,-61.94028
424013562.5,-61.87055
424013625.0,-61.83524
424013687.5,-61.88868
424013750.0,-61.89402
424013812.5,-61.93616
424013875.0,-61.9946
424013937.5,-61.98043
424014000.0,-62.10397
424014062.5,-61.99658
424014125.0,-61.87169
424014187.5,-61.96222
424014250.0,-61.81831
424014312.5,-62.13099
424014375.0,-62.11639
424014437.5,-61.87312
424014500.0,-61.94784
424014562.5,-62.13024
424014625.0,-62.00544
424014687.5,-61.95822
424014750.0,-61.94678
424014812.5,-61.89905
424014875.0,-61.95165
424014937.5,-61.9943
424015000.0,-62.03024
424015062.5,-62.02655
424015125.0,-61.81622
424015187.5,-62.0053
424015250.0,-61.99444
424015312.5,-62.10223
424015375.0,-61.94292
424015437.5,-61.7723
424015500.0,-62.0033
424015562.5,-62.00489
424015625.0,-61.97986
424015687.5,-61.85955
424015750.0,-61.96697
424015812.5,-62.08363
424015875.0,-61.87464
424015937.5,-61.94445
424016000.0,-61.87094
424016062.5,-61.84465
424016125.0,-62.05271
424016187.5,-62.12439
424016250.0,-61.94555
424016312.5,-62.00863
424016375.0,-62.02065
424016437.5,-61.97376
424016500.0,-62.01256
424016562.5,-62.19758
424016625.0,-61.9543
424016687.5,-61.95633
424016750.0,-61.83757
424016812.5,-61.92125
424016875.0,-61.94504
424016937.5,-61.96826
424017000.0,-62.06122
424017062.5,-62.15989
424017125.0,-61.97423
424017187.5,-61.98571
424017250.0,-61.92572
424017312.5,-62.02055
424017375.0,-62.03718
424017437.5,-62.01504
424017500.0,-61.95173
424017562.5,-62.00726
424017625.0,-62.16047
424017687.5,-61.93544
424017750.0,-61.9275
424017812.5,-62.00854
424017875.0,-62.01134
424017937.5,-61.87094
424018000.0,-62.03246
424018062.5,-61.91764
424018125.0,-61.98326
424018187.5,-61.99875
424018250.0,-62.12183
424018312.5,-62.08707
424018375.0,-62.10164
424018437.5,-62.06484
424018500.0,-62.1672
424018562.5,-62.12293
424018625.0,-62.00684
424018687.5,-62.00557
424018750.0,-62.18958
424018812.5,-62.05906
424018875.0,-62.08009
424018937.5,-61.87595
424019000.0,-62.07396
424019062.5,-62.03158
424019125.0,-62.04546
424019187.5,-61.94976
424019250.0,-62.05882
424019312.5,-61.90729
424019375.0,-61.98965
424019437.5,-61.84382
424019500.0,-61.9865
424019562.5,-62.05235
424019625.0,-61.99634
424019687.5,-61.91319
424019750.0,-62.09846
424019812.5,-62.08907
424019875.0,-62.05623
424019937.5,-62.08014
424020000.0,-62.03106
424020062.5,-62.02845
424020125.0,-62.1132
424020187.5,-61.91932
424020250.0,-62.24809
424020312.5,-62.19677
424020375.0,-62.03267
424020437.5,-62.10859
424020500.0,-62.01085
424020562.5,-62.17461
424020625.0,-62.01819
424020687.5,-61.93977
424020750.0,-61.99894
424020812.5,-62.06676
424020875.0,-62.08815
424020937.5,-62.1554
424021000.0,-62.17107
424021062.5,-62.06343
424021125.0,-62.07547
424021187.5,-62.06196
424021250.0,-62.01039
424021312.5,-62.22444
424021375.0,-62.00685
424021437.5,-62.13355
424021500.0,-61.99252
424021562.5,-62.15303
424021625.0,-62.16094
424021687.5,-62.16996
424021750.0,-62.13091
424021812.5,-62.06906
424021875.0,-62.06417
424021937.5,-61.95038
424022000.0,-62.17583
424022062.5,-61.96594
424022125.0,-61.9763
424022187.5,-61.98971
424022250.0,-62.05184
424022312.5,-62.10045
424022375.0,-62.01415
424022437.5,-62.01016
424022500.0,-62.02833
424022562.5,-61.9832
424022625.0,-62.20637
424022687.5,-62.10565
424022750.0,-62.05973
424022812.5,-62.06826
424022875.0,-62.00907
424022937.5,-62.09088
424023000.0,-61.86532
424023062.5,-62.10159
424023125.0,-62.04869
424023187.5,-62.02765
424023250.0,-62.05191
424023312.5,-62.11269
424023375.0,-62.21967
424023437.5,-61.98051
424023500.0,-62.21145
424023562.5,-62.02612
424023625.0,-61.90669
424023687.5,-61.90801
424023750.0,-62.27184
424023812.5,-62.02924
424023875.0,-62.01279
424023937.5,-61.95651
424024000.0,-62.09811
424024062.5,-62.0952
424024125.0,-62.16835
424024187.5,-62.05751
424024250.0,-62.17156
424024312.5,-62.24252
424024375.0,-62.14898
424024437.5,-62.08693
424024500.0,-62.03839
424024562.5,-62.01297
424024625.0,-62.07682
424024687.5,-62.02785
424024750.0,-61.99062
424024812.5,-61.99146
424024875.0,-62.051
424024937.5,-62.03541
424025000.0,-62.04856
424025062.5,-62.13725
424025125.0,-62.13934
424025187.5,-62.11128
424025250.0,-62.12868
424025312.5,-61.96181
424025375.0,-62.10483
424025437.5,-62.08659
424025500.0,-62.15864
424025562.5,-62.0986
424025625.0,-62.0065
424025687.5,-62.05441
424025750.0,-62.15651
424025812.5,-62.02399
424025875.0,-62.12299
424025937.5,-62.20621
424026000.0,-62.03271
424026062.5,-62.17062
424026125.0,-62.01254
424026187.5,-61.96725
424026250.0,-62.1382
424026312.5,-62.17929
424026375.0,-61.92215
424026437.5,-62.12306
424026500.0,-62.14223
424026562.5,-62.06466
424026625.0,-62.14381
424026687.5,-62.14177
424026750.0,-62.04127
424026812.5,-62.0369
424026875.0,-61.9008
424026937.5,-62.31964
424027000.0,-62.06044
424027062.5,-62.24434
424027125.0,-62.13411
424027187.5,-62.19184
424027250.0,-62.15022
424027312.5,-62.27957
424027375.0,-62.19809
424027437.5,-62.07199
424027500.0,-62.10474
424027562.5,-62.08611
424027625.0,-62.09745
424027687.5,-62.07755
424027750.0,-62.11898
424027812.5,-62.12666
424027875.0,-62.11143
424027937.5,-62.01796
424028000.0,-62.25981
424028062.5,-62.05188
424028125.0,-62.03242
424028187.5,-62.13536
424028250.0,-62.16996
424028312.5,-62.26154
424028375.0,-62.21932
424028437.5,-62.1703
424028500.0,-62.15513
424028562.5,-61.98985
424028625.0,-61.98016
424028687.5,-62.00344
424028750.0,-61.98668
424028812.5,-62.19122
424028875.0,-62.12891
424028937.5,-62.16959
424029000.0,-62.04322
424029062.5,-62.26772
424029125.0,-62.09053
424029187.5,-62.23658
424029250.0,-62.11588
424029312.5,-62.04901
424029375.0,-62.23442
424029437.5,-62.12782
424029500.0,-62.12904
424029562.5,-62.14847
424029625.0,-62.01538
424029687.5,-62.18501
424029750.0,-62.13337
424029812.5,-62.09502
424029875.0,-62.19213
424029937.5,-62.00745
424030000.0,-62.23465
424030062.5,-62.32659
424030125.0,-62.15007
424030187.5,-62.11293
424030250.0,-62.14906
424030312.5,-62.19521
424030375.0,-62.18863
424030437.5,-62.10784
424030500.0,-62.23132
424030562.5,-62.07852
424030625.0,-62.08694
424030687.5,-62.28105
424030750.0,-62.20901
424030812.5,-62.16109
424030875.0,-61.91845
424030937.5,-62.08334
424031000.0,-62.22015
424031062.5,-62.24309
424031125.0,-62.07932
424031187.5,-62.11059
424031250.0,-62.15407
424031312.5,-62.20295
424031375.0,-62.04574
424031437.5,-62.16809
424031500.0,-62.10504
424031562.5,-62.207
424031625.0,-62.12984
424031687.5,-62.10014
424031750.0,-62.05782
424031812.5,-62.01897
424031875.0,-62.19514
424031937.5,-62.19452
424032000.0,-62.12787
424032062.5,-62.0217
424032125.0,-62.09117
424032187.5,-62.13183
424032250.0,-62.02248
424032312.5,-62.18796
424032375.0,-62.23325
424032437.5,-62.11156
424032500.0,-62.16657
424032562.5,-62.24852
424032625.0,-62.10699
424032687.5,-62.1942
424032750.0,-62.17625
424032812.5,-62.07064
424032875.0,-62.13947
424032937.5,-62.26847
424033000.0,-62.16027
424033062.5,-62.08587
424033125.0,-62.07335
424033187.5,-62.23024
424033250.0,-62.05761
424033312.5,-62.20926
424033375.0,-62.16469
424033437.5,-62.25088
424033500.0,-62.28881
424033562.5,-62.192
424033625.0,-62.08852
424033687.5,-62.14597
424033750.0,-62.10057
424033812.5,-62.33375
424033875.0,-62.13554
424033937.5,-62.19423
424034000.0,-62.25578
424034062.5,-62.21746
424034125.0,-62.11719
424034187.5,-62.01907
424034250.0,-62.06653
424034312.5,-62.1591
424034375.0,-62.16027
424034437.5,-62.19819
424034500.0,-62.15627
424034562.5,-61.99373
424034625.0,-62.24339
424034687.5,-62.23946
424034750.0,-62.10706
424034812.5,-62.30617
424034875.0,-62.24091
424034937.5,-61.99281
424035000.0,-62.28762
424035062.5,-62.114
424035125.0,-62.1822
424035187.5,-62.27674
424035250.0,-62.2988
424035312.5,-62.25724
424035375.0,-62.17389
424035437.5,-62.0525
424035500.0,-62.24903
424035562.5,-62.12146
424035625.0,-62.23061
424035687.5,-62.26812
424035750.0,-62.2066
424035812.5,-62.11212
424035875.0,-62.2481
424035937.5,-62.21115
424036000.0,-62.11348
424036062.5,-62.15463
424036125.0,-62.14875
424036187.5,-62.28291
424036250.0,-62.28311
424036312.5,-62.16146
424036375.0,-62.17939
424036437.5,-62.25195
424036500.0,-62.28265
424036562.5,-62.21662
424036625.0,-62.28521
424036687.5,-62.24626
424036750.0,-62.05867
424036812.5,-62.00311
424036875.0,-62.25262
424036937.5,-62.08139
424037000.0,-62.17859
424037062.5,-62.28631
424037125.0,-62.26313
424037187.5,-62.29765
424037250.0,-62.08105
424037312.5,-62.02681
424037375.0,-62.17344
424037437.5,-62.15592
424037500.0,-62.06785
424037562.5,-62.21684
424037625.0,-62.1044
424037687.5,-62.29384
424037750.0,-62.29826
424037812.5,-62.07227
424037875.0,-62.12132
424037937.5,-62.19494
424038000.0,-62.35603
424038062.5,-62.38729
424038125.0,-62.28892
424038187.5,-62.21064
424038250.0,-62.12215
424038312.5,-62.28726
424038375.0,-62.30299
424038437.5,-62.2303
424038500.0,-62.33566
424038562.5,-62.17186
424038625.0,-62.33351
424038687.5,-62.15416
424038750.0,-62.28067
424038812.5,-62.24293
424038875.0,-62.29399
424038937.5,-62.22353
424039000.0,-62.21994
424039062.5,-62.11275
424039125.0,-62.2973
424039187.5,-62.23174
424039250.0,-62.15965
424039312.5,-62.21662
424039375.0,-62.23214
424039437.5,-62.16606
424039500.0,-62.13229
424039562.5,-62.09965
424039625.0,-62.41688
424039687.5,-62.28886
424039750.0,-62.20232
424039812.5,-62.33627
424039875.0,-62.24114
424039937.5,-62.22731
424040000.0,-62.13184
424040062.5,-62.19628
424040125.0,-62.16602
424040187.5,-62.18478
424040250.0,-62.18086
424040312.5,-62.20529
424040375.0,-62.07339
424040437.5,-62.2767
424040500.0,-62.19985
424040562.5,-62.20137
424040625.0,-62.34451
424040687.5,-62.02708
424040750.0,-62.40014
424040812.5,-62.18966
424040875.0,-62.13472
424040937.5,-62.28648
424041000.0,-62.27491
424041062.5,-62.2529
424041125.0,-62.11066
424041187.5,-62.16262
424041250.0,-62.2371
424041312.5,-62.18412
424041375.0,-62.32803
424041437.5,-62.12187
424041500.0,-62.17876
424041562.5,-62.1523
424041625.0,-62.25866
424041687.5,-62.12898
424041750.0,-62.235
424041812.5,-62.29812
424041875.0,-62.28284
424041937.5,-62.35991
424042000.0,-62.25312
424042062.5,-62.43724
424042125.0,-62.23317
424042187.5,-62.34886
424042250.0,-62.29964
424042312.5,-62.2229
424042375.0,-62.16364
424042437.5,-62.22362
424042500.0,-62.3739
424042562.5,-62.17682
424042625.0,-62.33218
424042687.5,-62.30784
424042750.0,-62.33083
424042812.5,-62.26965
424042875.0,-62.37481
424042937.5,-62.32727
424043000.0,-62.23105
424043062.5,-62.25747
424043125.0,-62.30098
424043187.5,-62.2644
424043250.0,-62.21229
424043312.5,-62.28436
424043375.0,-62.25467
424043437.5,-62.24056
424043500.0,-62.25925
424043562.5,-62.41214
424043625.0,-62.25419
424043687.5,-62.39335
424043750.0,-62.27293
424043812.5,-62.25833
424043875.0,-62.40583
424043937.5,-62.24924
424044000.0,-62.40974
424044062.5,-62.34617
424044125.0,-62.33609
424044187.5,-62.29275
424044250.0,-62.22446
424044312.5,-62.38689
424044375.0,-62.17054
424044437.5,-62.33567
424044500.0,-62.13573
424044562.5,-62.27536
424044625.0,-62.21528
424044687.5,-62.19928
424044750.0,-62.07943
424044812.5,-62.31999
424044875.0,-62.22637
424044937.5,-62.16423
424045000.0,-62.1943
424045062.5,-62.29855
424045125.0,-62.3238
424045187.5,-61.98449
424045250.0,-62.3759
424045312.5,-62.21638
424045375.0,-62.39879
424045437.5,-62.25347
424045500.0,-62.32994
424045562.5,-62.49378
424045625.0,-62.38107
424045687.5,-62.42623
424045750.0,-62.223
424045812.5,-62.30372
424045875.0,-62.32292
424045937.5,-62.2464
424046000.0,-62.46687
424046062.5,-62.43384
424046125.0,-62.39228
424046187.5,-62.35182
424046250.0,-62.20173
424046312.5,-62.3185
424046375.0,-62.21837
424046437.5,-62.26565
424046500.0,-62.36249
424046562.5,-62.27656
424046625.0,-62.27538
424046687.5,-62.41249
424046750.0,-62.48012
424046812.5,-62.33513
424046875.0,-62.34781
424046937.5,-62.23595
424047000.0,-62.283
424047062.5,-62.25271
424047125.0,-62.09038
424047187.5,-62.3442
424047250.0,-62.40211
424047312.5,-62.26788
424047375.0,-62.30818
424047437.5,-62.28381
424047500.0,-62.27811
424047562.5,-62.21921
424047625.0,-62.28858
424047687.5,-62.43155
424047750.0,-62.37765
424047812.5,-62.35381
424047875.0,-62.24398
424047937.5,-62.2701
424048000.0,-62.29957
424048062.5,-62.28289
424048125.0,-62.34519
424048187.5,-62.21577
424048250.0,-62.30029
424048312.5,-62.36536
424048375.0,-62.34067
424048437.5,-62.22333
424048500.0,-62.36731
424048562.5,-62.18067
424048625.0,-62.30938
424048687.5,-62.31782
424048750.0,-62.29641
424048812.5,-62.28642
424048875.0,-62.28984
424048937.5,-62.27436
424049000.0,-62.28642
424049062.5,-62.28882
424049125.0,-62.34119
424049187.5,-62.25624
424049250.0,-62.21157
424049312.5,-62.42206
424049375.0,-62.24723
424049437.5,-62.35261
424049500.0,-62.26601
424049562.5,-62.20168
424049625.0,-62.35392
424049687.5,-62.18063
424049750.0,-62.42461
424049812.5,-62.34412
424049875.0,-62.32191
424049937.5,-62.27753
424050000.0,-62.48772
424050062.5,-62.33854
424050125.0,-62.30632
424050187.5,-62.39812
424050250.0,-62.45572
424050312.5,-62.40422
424050375.0,-62.23295
424050437.5,-62.13998
424050500.0,-62.29268
424050562.5,-62.36675
424050625.0,-62.19775
424050687.5,-62.31767
424050750.0,-62.35279
424050812.5,-62.28284
424050875.0,-62.42176
424050937.5,-62.38039
424051000.0,-62.29283
424051062.5,-62.31562
424051125.0,-62.37522
424051187.5,-62.25973
424051250.0,-62.45176
424051312.5,-62.34765
424051375.0,-62.377
424051437.5,-62.33815
424051500.0,-62.4212
424051562.5,-62.19283
424051625.0,-62.30014
424051687.5,-62.32406
424051750.0,-62.25213
424051812.5,-62.34153
424051875.0,-62.30172
424051937.5,-62.24904
424052000.0,-62.34742
424052062.5,-62.28176
424052125.0,-62.30967
424052187.5,-62.33252
424052250.0,-62.37195
424052312.5,-62.47289
424052375.0,-62.48385
424052437.5,-62.40998
424052500.0,-62.45267
424052562.5,-62.41085
424052625.0,-62.37438
424052687.5,-62.32122
424052750.0,-62.47085
424052812.5,-62.3742
424052875.0,-62.41515
424052937.5,-62.36109
424053000.0,-62.38996
424053062.5,-62.34777
424053125.0,-62.37631
424053187.5,-62.52258
424053250.0,-62.21494
424053312.5,-62.2323
424053375.0,-62.36655
424053437.5,-62.40945
424053500.0,-62.54496
424053562.5,-62.37534
424053625.0,-62.27592
424053687.5,-62.23146
424053750.0,-62.48204
424053812.5,-62.48167
424053875.0,-62.45173
424053937.5,-62.39517
424054000.0,-62.35823
424054062.5,-62.39576
424054125.0,-62.21437
424054187.5,-62.35412
424054250.0,-62.45783
424054312.5,-62.4582
424054375.0,-62.33969
424054437.5,-62.26291
424054500.0,-62.26838
424054562.5,-62.43438
424054625.0,-62.28178
424054687.5,-62.3611
424054750.0,-62.35973
424054812.5,-62.40482
424054875.0,-62.51042
424054937.5,-62.28292
424055000.0,-62.30907
424055062.5,-62.32207
424055125.0,-62.41366
424055187.5,-62.46244
424055250.0,-62.33179
424055312.5,-62.2874
424055375.0,-62.33681
424055437.5,-62.24585
424055500.0,-62.35588
424055562.5,-62.31366
424055625.0,-62.39363
424055687.5,-62.30117
424055750.0,-62.33505
424055812.5,-62.41257
424055875.0,-62.30505
424055937.5,-62.4985
424056000.0,-62.3233
424056062.5,-62.35462
424056125.0,-62.45862
424056187.5,-62.32768
424056250.0,-62.32582
424056312.5,-62.32811
424056375.0,-62.33014
424056437.5,-62.31844
424056500.0,-62.38494
424056562.5,-62.42352
424056625.0,-62.33738
424056687.5,-62.44253
424056750.0,-62.47434
424056812.5,-62.45404
424056875.0,-62.36194
424056937.5,-62.41734
424057000.0,-62.43094
424057062.5,-62.5374
424057125.0,-62.38831
424057187.5,-62.43663
424057250.0,-62.35561
424057312.5,-62.60481
424057375.0,-62.34347
424057437.5,-62.29697
424057500.0,-62.37702
424057562.5,-62.4461
424057625.0,-62.44392
424057687.5,-62.3238
424057750.0,-62.23279
424057812.5,-62.26929
424057875.0,-62.34737
424057937.5,-62.56028
424058000.0,-62.59472
424058062.5,-62.50047
424058125.0,-62.51939
424058187.5,-62.43449
424058250.0,-62.47493
424058312.5,-62.36463
424058375.0,-62.48054
424058437.5,-62.40521
424058500.0,-62.34366
424058562.5,-62.3245
424058625.0,-62.40533
424058687.5,-62.5324
424058750.0,-62.3256
424058812.5,-62.52001
424058875.0,-62.33134
424058937.5,-62.20698
424059000.0,-62.48406
424059062.5,-62.36108
424059125.0,-62.57404
424059187.5,-62.51328
424059250.0,-62.47458
424059312.5,-62.48834
424059375.0,-62.43574
424059437.5,-62.3934
424059500.0,-62.512
424059562.5,-62.45855
424059625.0,-62.49442
424059687.5,-62.43514
424059750.0,-62.39556
424059812.5,-62.50631
424059875.0,-62.33714
424059937.5,-62.45721
424060000.0,-62.46223
424060062.5,-62.45173
424060125.0,-62.43663
424060187.5,-62.4218
424060250.0,-62.5117
424060312.5,-62.36301
424060375.0,-62.47927
424060437.5,-62.59633
424060500.0,-62.43391
424060562.5,-62.50352
424060625.0,-62.46719
424060687.5,-62.51602
424060750.0,-62.40269
424060812.5,-62.44742
424060875.0,-62.27386
424060937.5,-62.36425
424061000.0,-62.43927
424061062.5,-62.35371
424061125.0,-62.63662
424061187.5,-62.41364
424061250.0,-62.44042
424061312.5,-62.44229
424061375.0,-62.4614
424061437.5,-62.46721
424061500.0,-62.34783
424061562.5,-62.64175
424061625.0,-62.47574
424061687.5,-62.38474
424061750.0,-62.43798
424061812.5,-62.388
424061875.0,-62.43084
424061937.5,-62.48494
424062000.0,-62.42797
424062062.5,-62.37654
424062125.0,-62.47953
424062187.5,-62.44151
424062250.0,-62.64303
424062312.5,-62.39202
424062375.0,-62.41425
424062437.5,-62.538
424062500.0,-62.40521
424062562.5,-62.37671
424062625.0,-62.47704
424062687.5,-62.33511
424062750.0,-62.47944
424062812.5,-62.43956
424062875.0,-62.4641
424062937.5,-62.51332
424063000.0,-62.53623
424063062.5,-62.47395
424063125.0,-62.63997
424063187.5,-62.51498
424063250.0,-62.40378
424063312.5,-62.4735
424063375.0,-62.54534
424063437.5,-62.4905
424063500.0,-62.50745
424063562.5,-62.40442
424063625.0,-62.41505
424063687.5,-62.30837
424063750.0,-62.43336
424063812.5,-62.43932
424063875.0,-62.44078
424063937.5,-62.52266
424064000.0,-62.57887
424064062.5,-62.45693
424064125.0,-62.54888
424064187.5,-62.6098
424064250.0,-62.26389
424064312.5,-62.37821
424064375.0,-62.52937
424064437.5,-62.36126
424064500.0,-62.39302
424064562.5,-62.59969
424064625.0,-62.66536
424064687.5,-62.59186
424064750.0,-62.59256
424064812.5,-62.57193
424064875.0,-62.44762
424064937.5,-62.41755
424065000.0,-62.31456
424065062.5,-62.51758
424065125.0,-62.5309
424065187.5,-62.48354
424065250.0,-62.54108
424065312.5,-62.46661
424065375.0,-62.47052
424065437.5,-62.42511
424065500.0,-62.52334
424065562.5,-62.4724
424065625.0,-62.41473
424065687.5,-62.42531
424065750.0,-62.47297
424065812.5,-62.38967
424065875.0,-62.39025
424065937.5,-62.55124
424066000.0,-62.29374
424066062.5,-62.48182
424066125.0,-62.48827
424066187.5,-62.38767
424066250.0,-62.47883
424066312.5,-62.48067
424066375.0,-62.58303
424066437.5,-62.44907
424066500.0,-62.53546
424066562.5,-62.44934
424066625.0,-62.53613
424066687.5,-62.55704
424066750.0,-62.54715
424066812.5,-62.48788
424066875.0,-62.45244
424066937.5,-62.44987
424067000.0,-62.435
424067062.5,-62.41846
424067125.0,-62.41261
424067187.5,-62.44481
424067250.0,-62.37053
424067312.5,-62.48223
424067375.0,-62.43724
424067437.5,-62.44493
424067500.0,-62.46346
424067562.5,-62.5018
424067625.0,-62.54476
424067687.5,-62.39932
424067750.0,-62.44352
424067812.5,-62.59156
424067875.0,-62.53801
424067937.5,-62.48182
424068000.0,-62.48975
424068062.5,-62.35472
424068125.0,-62.42007
424068187.5,-62.5453
424068250.0,-62.45349
424068312.5,-62.50763
424068375.0,-62.36126
424068437.5,-62.46104
424068500.0,-62.37173
424068562.5,-62.5188
424068625.0,-62.53
424068687.5,-62.56034
424068750.0,-62.66041
424068812.5,-62.36515
424068875.0,-62.30967
424068937.5,-62.55893
424069000.0,-62.58999
424069062.5,-62.57089
424069125.0,-62.48436
424069187.5,-62.5424
424069250.0,-62.34013
424069312.5,-62.40892
424069375.0,-62.3252
424069437.5,-62.42592
424069500.0,-62.5973
424069562.5,-62.52103
424069625.0,-62.52936
424069687.5,-62.63969
424069750.0,-62.43668
424069812.5,-62.52211
424069875.0,-62.73623
424069937.5,-62.49186
424070000.0,-62.63061
424070062.5,-62.7564
424070125.0,-62.49923
424070187.5,-62.50994
424070250.0,-62.45881
424070312.5,-62.49308
424070375.0,-62.46647
424070437.5,-62.5718
424070500.0,-62.50502
424070562.5,-62.5314
424070625.0,-62.45794
424070687.5,-62.39878
424070750.0,-62.78376
424070812.5,-62.55363
424070875.0,-62.61316
424070937.5,-62.50678
424071000.0,-62.39521
424071062.5,-62.5332
424071125.0,-62.55222
424071187.5,-62.48799
424071250.0,-62.53432
424071312.5,-62.75571
424071375.0,-62.49915
424071437.5,-62.50902
424071500.0,-62.37523
424071562.5,-62.56022
424071625.0,-62.60715
424071687.5,-62.48035
424071750.0,-62.47338
424071812.5,-62.59919
424071875.0,-62.37285
424071937.5,-62.63529
424072000.0,-62.47424
424072062.5,-62.53747
424072125.0,-62.51544
424072187.5,-62.6179
424072250.0,-62.61159
424072312.5,-62.57372
424072375.0,-62.65961
424072437.5,-62.58851
424072500.0,-62.52491
424072562.5,-62.48122
424072625.0,-62.4432
424072687.5,-62.5654
424072750.0,-62.54364
424072812.5,-62.54856
424072875.0,-62.44633
424072937.5,-62.5822
424073000.0,-62.48577
424073062.5,-62.68153
424073125.0,-62.43608
424073187.5,-62.45928
424073250.0,-62.61321
424073312.5,-62.64314
424073375.0,-62.42318
424073437.5,-62.637
424073500.0,-62.5539
424073562.5,-62.55936
424073625.0,-62.56253
424073687.5,-62.5927
424073750.0,-62.54491
424073812.5,-62.47772
424073875.0,-62.49681
424073937.5,-62.65351
424074000.0,-62.58013
424074062.5,-62.5129
424074125.0,-62.47865
424074187.5,-62.5661
424074250.0,-62.63221
424074312.5,-62.65437
424074375.0,-62.63446
424074437.5,-62.49721
424074500.0,-62.59429
424074562.5,-62.57817
424074625.0,-62.42996
424074687.5,-62.62257
424074750.0,-62.62622
424074812.5,-62.40821
424074875.0,-62.6834
424074937.5,-62.54734
424075000.0,-62.46473
424075062.5,-62.51543
424075125.0,-62.52518
424075187.5,-62.54118
424075250.0,-62.67603
424075312.5,-62.69809
424075375.0,-62.59724
424075437.5,-62.5518
424075500.0,-62.5446
424075562.5,-62.51864
424075625.0,-62.62289
424075687.5,-62.43817
424075750.0,-62.56618
424075812.5,-62.64378
424075875.0,-62.46741
424075937.5,-62.42086
424076000.0,-62.63787
424076062.5,-62.55703
424076125.0,-62.66228
424076187.5,-62.50647
424076250.0,-62.72364
424076312.5,-62.54304
424076375.0,-62.62202
424076437.5,-62.46278
424076500.0,-62.60359
424076562.5,-62.65545
424076625.0,-62.59078
424076687.5,-62.49762
424076750.0,-62.72147
424076812.5,-62.45216
424076875.0,-62.70914
424076937.5,-62.40356
424077000.0,-62.65064
424077062.5,-62.68363
424077125.0,-62.33237
424077187.5,-62.52006
424077250.0,-62.65461
424077312.5,-62.51342
424077375.0,-62.48848
424077437.5,-62.51083
424077500.0,-62.61252
424077562.5,-62.48806
424077625.0,-62.59642
424077687.5,-62.46557
424077750.0,-62.53075
424077812.5,-62.71702
424077875.0,-62.47732
424077937.5,-62.75646
424078000.0,-62.6156
424078062.5,-62.58379
424078125.0,-62.65215
424078187.5,-62.49421
424078250.0,-62.62303
424078312.5,-62.60484
424078375.0,-62.53047
424078437.5,-62.60855
424078500.0,-62.56042
424078562.5,-62.68192
424078625.0,-62.40237
424078687.5,-62.58356
424078750.0,-62.49751
424078812.5,-62.58323
424078875.0,-62.79455
424078937.5,-62.62531
424079000.0,-62.67413
424079062.5,-62.74607
424079125.0,-62.50546
424079187.5,-62.65629
424079250.0,-62.4548
424079312.5,-62.64295
424079375.0,-62.69601
424079437.5,-62.60989
424079500.0,-62.58891
424079562.5,-62.46402
424079625.0,-62.70426
424079687.5,-62.68892
424079750.0,-62.46512
424079812.5,-62.58234
424079875.0,-62.50927
424079937.5,-62.58603
424080000.0,-62.44667
424080062.5,-62.60432
424080125.0,-62.67648
424080187.5,-62.43974
424080250.0,-62.62608
424080312.5,-62.58644
424080375.0,-62.61478
424080437.5,-62.67054
424080500.0,-62.82871
424080562.5,-62.66978
424080625.0,-62.50687
424080687.5,-62.48717
424080750.0,-62.75343
424080812.5,-62.69167
424080875.0,-62.65713
424080937.5,-62.66415
424081000.0,-62.37609
424081062.5,-62.64198
424081125.0,-62.51927
424081187.5,-62.61741
424081250.0,-62.69048
424081312.5,-62.58832
424081375.0,-62.56485
424081437.5,-62.63947
424081500.0,-62.56618
424081562.5,-62.6294
424081625.0,-62.54651
424081687.5,-62.63691
424081750.0,-62.63828
424081812.5,-62.67089
424081875.0,-62.7087
424081937.5,-62.53585
424082000.0,-62.67735
424082062.5,-62.46246
424082125.0,-62.59947
424082187.5,-62.64547
424082250.0,-62.53276
424082312.5,-62.58008
424082375.0,-62.52419
424082437.5,-62.60271
424082500.0,-62.6603
424082562.5,-62.56374
424082625.0,-62.70506
424082687.5,-62.50248
424082750.0,-62.59781
424082812.5,-62.71014
424082875.0,-62.64147
424082937.5,-62.52354
424083000.0,-62.59607
424083062.5,-62.71265
424083125.0,-62.66888
424083187.5,-62.6777
424083250.0,-62.52642
424083312.5,-62.4613
424083375.0,-62.57929
424083437.5,-62.54793
424083500.0,-62.77298
424083562.5,-62.78673
424083625.0,-62.66447
424083687.5,-62.59021
424083750.0,-62.49553
424083812.5,-62.61853
424083875.0,-62.69091
424083937.5,-62.55879
424084000.0,-62.57749
424084062.5,-62.79987
424084125.0,-62.69315
424084187.5,-62.63564
424084250.0,-62.56936
424084312.5,-62.62525
424084375.0,-62.5783
424084437.5,-62.87976
424084500.0,-62.63026
424084562.5,-62.7665
424084625.0,-62.67126
424084687.5,-62.74961
424084750.0,-62.66849
424084812.5,-62.58052
424084875.0,-62.5952
424084937.5,-62.46709
424085000.0,-62.69458
424085062.5,-62.69538
424085125.0,-62.66511
424085187.5,-62.6032
424085250.0,-62.59008
424085312.5,-62.74003
424085375.0,-62.58513
424085437.5,-62.76453
424085500.0,-62.68747
424085562.5,-62.58956
424085625.0,-62.60578
424085687.5,-62.492
424085750.0,-62.62563
424085812.5,-62.85526
424085875.0,-62.68821
424085937.5,-62.74121
424086000.0,-62.66641
424086062.5,-62.77904
424086125.0,-62.63492
424086187.5,-62.79237
424086250.0,-62.68523
424086312.5,-62.72219
424086375.0,-62.79374
424086437.5,-62.33762
424086500.0,-62.619
424086562.5,-62.66358
424086625.0,-62.67838
424086687.5,-62.69411
424086750.0,-62.67673
424086812.5,-62.64476
424086875.0,-62.60151
424086937.5,-62.66792
424087000.0,-62.78815
424087062.5,-62.85163
424087125.0,-62.75107
424087187.5,-62.70314
424087250.0,-62.59575
424087312.5,-62.58597
424087375.0,-62.83426
424087437.5,-62.83629
424087500.0,-62.64014
424087562.5,-62.80382
424087625.0,-62.55182
424087687.5,-62.73591
424087750.0,-62.64266
424087812.5,-62.54384
424087875.0,-62.84184
424087937.5,-62.56132
424088000.0,-62.61779
424088062.5,-62.45989
424088125.0,-62.62524
424088187.5,-62.60133
424088250.0,-62.55397
424088312.5,-62.67164
424088375.0,-62.50126
424088437.5,-62.85825
424088500.0,-62.71058
424088562.5,-62.70579
424088625.0,-62.60613
424088687.5,-62.6909
424088750.0,-62.79284
424088812.5,-62.72974
424088875.0,-62.72
424088937.5,-62.6405
424089000.0,-62.79825
424089062.5,-62.56885
424089125.0,-62.63374
424089187.5,-62.79602
424089250.0,-62.77514
424089312.5,-62.63483
424089375.0,-62.67124
424089437.5,-62.65004
424089500.0,-62.67878
424089562.5,-62.77466
424089625.0,-62.72962
424089687.5,-62.72322
424089750.0,-62.71524
424089812.5,-62.72058
424089875.0,-62.78062
424089937.5,-62.64542
424090000.0,-62.76041
424090062.5,-62.53809
424090125.0,-62.64883
424090187.5,-62.67975
424090250.0,-62.59785
424090312.5,-62.65004
424090375.0,-62.64778
424090437.5,-62.64663
424090500.0,-62.72478
424090562.5,-62.87606
424090625.0,-62.65023
424090687.5,-62.82802
424090750.0,-62.78955
424090812.5,-62.72593
424090875.0,-62.85168
424090937.5,-62.75401
424091000.0,-62.73447
424091062.5,-62.7598
424091125.0,-62.62245
424091187.5,-62.56937
424091250.0,-62.76284
424091312.5,-62.71749
424091375.0,-62.83357
424091437.5,-62.79893
424091500.0,-62.80622
424091562.5,-62.62149
424091625.0,-62.70433
424091687.5,-62.81862
424091750.0,-62.61506
424091812.5,-62.7629
424091875.0,-62.69505
424091937.5,-62.72493
424092000.0,-62.77892
424092062.5,-62.73662
424092125.0,-62.81627
424092187.5,-62.80256
424092250.0,-62.61006
424092312.5,-62.73307
424092375.0,-62.66857
424092437.5,-62.68377
424092500.0,-62.68467
424092562.5,-62.63976
424092625.0,-62.78763
424092687.5,-62.72394
424092750.0,-62.75878
424092812.5,-62.65073
424092875.0,-62.75388
424092937.5,-62.46396
424093000.0,-62.81809
424093062.5,-62.79249
424093125.0,-62.7095
424093187.5,-62.73883
424093250.0,-62.69766
424093312.5,-62.83082
424093375.0,-62.62336
424093437.5,-62.74521
424093500.0,-62.75468
424093562.5,-62.71892
424093625.0,-62.67949
424093687.5,-62.77878
424093750.0,-62.74418
424093812.5,-62.69802
424093875.0,-62.82239
424093937.5,-62.55326
424094000.0,-62.68053
424094062.5,-62.81903
424094125.0,-62.72193
424094187.5,-62.64253
424094250.0,-62.77182
424094312.5,-62.76063
424094375.0,-62.79728
424094437.5,-62.82848
424094500.0,-62.70308
424094562.5,-62.88557
424094625.0,-62.75385
424094687.5,-62.66187
424094750.0,-62.63554
424094812.5,-62.75956
424094875.0,-62.63181
424094937.5,-62.63362
424095000.0,-62.8564
424095062.5,-62.63233
424095125.0,-62.73584
424095187.5,-62.79264
424095250.0,-62.5183
424095312.5,-62.4702
424095375.0,-62.66007
424095437.5,-62.62791
424095500.0,-62.60015
424095562.5,-62.81067
424095625.0,-62.79028
424095687.5,-62.71971
424095750.0,-62.69986
424095812.5,-62.55814
424095875.0,-62.83507
424095937.5,-62.84519
424096000.0,-62.74366
424096062.5,-62.80724
424096125.0,-62.60567
424096187.5,-62.95581
424096250.0,-62.77077
424096312.5,-62.79778
424096375.0,-62.71076
424096437.5,-62.74613
424096500.0,-62.86478
424096562.5,-62.74086
424096625.0,-62.73077
424096687.5,-62.81726
424096750.0,-62.60202
424096812.5,-62.75887
424096875.0,-62.78387
424096937.5,-62.73904
424097000.0,-62.78507
424097062.5,-62.74273
424097125.0,-62.78316
424097187.5,-62.82089
424097250.0,-62.61726
424097312.5,-62.72059
424097375.0,-62.72369
424097437.5,-62.80865
424097500.0,-62.69576
424097562.5,-62.56379
424097625.0,-63.02861
424097687.5,-62.79662
424097750.0,-62.68816
424097812.5,-62.72326
424097875.0,-62.74868
424097937.5,-62.63749
424098000.0,-62.61725
424098062.5,-62.73177
424098125.0,-62.89072
424098187.5,-62.75092
424098250.0,-62.67427
424098312.5,-62.86877
424098375.0,-62.7466
424098437.5,-62.89759
424098500.0,-62.90269
424098562.5,-62.63562
424098625.0,-62.72357
424098687.5,-62.83837
424098750.0,-62.70724
424098812.5,-62.82971
424098875.0,-62.69894
424098937.5,-62.61798
424099000.0,-62.71523
424099062.5,-62.83109
424099125.0,-62.69831
424099187.5,-62.73032
424099250.0,-62.9218
424099312.5,-62.91204
424099375.0,-62.74363
424099437.5,-62.60479
424099500.0,-62.55074
424099562.5,-62.85484
424099625.0,-62.65141
424099687.5,-62.62807
424099750.0,-62.8797
424099812.5,-62.65486
424099875.0,-62.84687
424099937.5,-62.7555
424100000.0,-62.90368
424100062.5,-62.91068
424100125.0,-62.70519
424100187.5,-62.73343
424100250.0,-62.82944
424100312.5,-62.84353
424100375.0,-62.69922
424100437.5,-62.97698
424100500.0,-62.81403
424100562.5,-62.86586
424100625.0,-62.83725
424100687.5,-62.88266
424100750.0,-62.90315
424100812.5,-62.71982
424100875.0,-62.81388
424100937.5,-62.95775
424101000.0,-62.75048
424101062.5,-62.86986
424101125.0,-62.81421
424101187.5,-62.70803
424101250.0,-62.83577
424101312.5,-62.79587
424101375.0,-62.87658
424101437.5,-62.77385
424101500.0,-62.88208
424101562.5,-62.651
424101625.0,-62.8584
424101687.5,-62.86061
424101750.0,-62.80399
424101812.5,-62.78304
424101875.0,-62.68396
424101937.5,-62.82593
424102000.0,-62.85733
424102062.5,-62.70213
424102125.0,-62.80927
424102187.5,-62.90194
424102250.0,-62.8443
424102312.5,-62.77123
424102375.0,-62.73262
424102437.5,-62.74249
424102500.0,-62.92847
424102562.5,-62.82252
424102625.0,-62.76932
424102687.5,-62.88153
424102750.0,-63.02144
424102812.5,-62.84524
424102875.0,-62.79687
424102937.5,-62.91032
424103000.0,-62.72039
424103062.5,-62.80275
424103125.0,-62.78873
424103187.5,-62.74376
424103250.0,-62.71796
424103312.5,-62.90465
424103375.0,-62.75818
424103437.5,-62.83691
424103500.0,-62.98018
424103562.5,-62.72039
424103625.0,-62.80961
424103687.5,-62.90978
424103750.0,-62.9275
424103812.5,-62.69716
424103875.0,-62.86133
424103937.5,-62.7664
424104000.0,-62.90612
424104062.5,-62.69818
424104125.0,-62.80076
424104187.5,-62.81511
424104250.0,-62.68739
424104312.5,-62.74703
424104375.0,-62.62029
424104437.5,-62.90128
424104500.0,-62.77137
424104562.5,-62.78902
424104625.0,-62.75163
424104687.5,-62.79754
424104750.0,-62.78984
424104812.5,-62.71878
424104875.0,-62.7734
424104937.5,-62.83337
424105000.0,-62.80917
424105062.5,-62.88929
424105125.0,-62.92353
424105187.5,-62.85526
424105250.0,-62.91636
424105312.5,-62.87507
424105375.0,-62.75632
424105437.5,-62.98629
424105500.0,-62.7894
424105562.5,-62.71982
424105625.0,-62.74477
424105687.5,-62.7205
424105750.0,-62.90055
424105812.5,-62.8167
424105875.0,-62.74994
424105937.5,-62.84351
424106000.0,-62.80112
424106062.5,-62.94217
424106125.0,-62.7875
424106187.5,-62.68454
424106250.0,-62.91953
424106312.5,-62.84805
424106375.0,-62.82467
424106437.5,-62.97811
424106500.0,-62.76765
424106562.5,-62.93893
424106625.0,-62.84243
424106687.5,-62.97346
424106750.0,-62.8918
424106812.5,-62.89989
424106875.0,-62.83694
424106937.5,-62.95156
424107000.0,-62.88699
424107062.5,-62.90746
424107125.0,-62.7314
424107187.5,-62.75248
424107250.0,-62.8294
424107312.5,-62.96176
424107375.0,-62.84544
424107437.5,-62.8621
424107500.0,-62.70061
424107562.5,-62.83834
424107625.0,-62.94044
424107687.5,-62.74376
424107750.0,-62.65492
424107812.5,-62.80589
424107875.0,-62.7756
424107937.5,-62.9537
424108000.0,-62.76396
424108062.5,-62.93676
424108125.0,-62.79909
424108187.5,-62.92746
424108250.0,-62.82467
424108312.5,-62.91798
424108375.0,-62.92672
424108437.5,-62.79475
424108500.0,-62.79766
424108562.5,-62.82461
424108625.0,-62.74844
424108687.5,-62.95995
424108750.0,-63.00453
424108812.5,-62.92673
424108875.0,-62.74857
424108937.5,-62.72021
424109000.0,-62.76277
424109062.5,-62.87882
424109125.0,-62.97117
424109187.5,-63.11814
424109250.0,-62.91619
424109312.5,-62.91918
424109375.0,-62.77705
424109437.5,-62.82426
424109500.0,-62.8657
424109562.5,-62.84608
424109625.0,-62.87922
424109687.5,-62.88729
424109750.0,-62.91404
424109812.5,-62.91792
424109875.0,-62.83832
424109937.5,-63.01013
424110000.0,-62.83648
424110062.5,-62.76516
424110125.0,-62.84742
424110187.5,-62.94889
424110250.0,-62.71947
424110312.5,-62.94732
424110375.0,-62.82855
424110437.5,-62.88446
424110500.0,-62.6736
424110562.5,-62.89795
424110625.0,-62.95549
424110687.5,-62.90671
424110750.0,-62.85572
424110812.5,-62.92614
424110875.0,-62.936
424110937.5,-62.92323
424111000.0,-62.82531
424111062.5,-62.88102
424111125.0,-62.94987
424111187.5,-62.90354
424111250.0,-62.78029
424111312.5,-62.90339
424111375.0,-62.80903
424111437.5,-62.8032
424111500.0,-62.7669
424111562.5,-62.96514
424111625.0,-62.87624
424111687.5,-62.7808
424111750.0,-62.77021
424111812.5,-62.94529
424111875.0,-62.93045
424111937.5,-63.0821
424112000.0,-62.77123
424112062.5,-62.7401
424112125.0,-63.0262
424112187.5,-62.85503
424112250.0,-62.93426
424112312.5,-62.73727
424112375.0,-62.93452
424112437.5,-63.00245
424112500.0,-62.88252
424112562.5,-62.99804
424112625.0,-62.89794
424112687.5,-62.96327
424112750.0,-62.90454
424112812.5,-62.76321
424112875.0,-62.95105
424112937.5,-62.90928
424113000.0,-62.96183
424113062.5,-63.05967
424113125.0,-62.99346
424113187.5,-62.9012
424113250.0,-62.76172
424113312.5,-62.88552
424113375.0,-62.77354
424113437.5,-62.84581
424113500.0,-62.86562
424113562.5,-62.97776
424113625.0,-62.79385
424113687.5,-62.8824
424113750.0,-62.81558
424113812.5,-62.91788
424113875.0,-62.87653
424113937.5,-62.96654
424114000.0,-62.90078
424114062.5,-62.91604
424114125.0,-62.96489
424114187.5,-62.99293
424114250.0,-62.87854
424114312.5,-62.78143
424114375.0,-62.94136
424114437.5,-62.78024
424114500.0,-62.97872
424114562.5,-62.83385
424114625.0,-62.92134
424114687.5,-62.91446
424114750.0,-62.99365
424114812.5,-62.9267
424114875.0,-62.69137
424114937.5,-62.96987
424115000.0,-62.94806
424115062.5,-62.91925
424115125.0,-62.96591
424115187.5,-62.83119
424115250.0,-62.91272
424115312.5,-62.81944
424115375.0,-62.88302
424115437.5,-62.92785
