4487100312.5,-55.10947
4487101250.0,-55.08139
4487102187.5,-55.06368
4487103125.0,-55.08488
4487104062.5,-55.14325
4487105000.0,-55.07711
4487105937.5,-55.07064
4487106875.0,-55.16602
4487107812.5,-55.17871
4487108750.0,-55.10353
4487109687.5,-55.20451
4487110625.0,-55.17817
4487111562.5,-55.16648
4487112500.0,-55.10685
4487113437.5,-55.15078
4487114375.0,-55.12486
4487115312.5,-55.1464
4487116250.0,-55.12257
4487117187.5,-55.13316
4487118125.0,-55.11707
4487119062.5,-55.07029
4487120000.0,-55.13649
4487120937.5,-55.15438
4487121875.0,-55.13647
4487122812.5,-55.05474
4487123750.0,-55.15475
4487124687.5,-55.07391
4487125625.0,-55.05877
4487126562.5,-55.14652
4487127500.0,-55.05544
4487128437.5,-55.14175
4487129375.0,-55.13435
4487130312.5,-55.04433
4487131250.0,-55.1259
4487132187.5,-55.09166
4487133125.0,-55.12423
4487134062.5,-55.0918
4487135000.0,-55.16563
4487135937.5,-55.20022
4487136875.0,-55.10337
4487137812.5,-55.10855
4487138750.0,-55.04543
4487139687.5,-55.09884
4487140625.0,-55.18672
4487141562.5,-55.1652
4487142500.0,-55.09152
4487143437.5,-55.1161
4487144375.0,-55.12484
4487145312.5,-55.03617
4487146250.0,-55.11436
4487147187.5,-55.16105
4487148125.0,-55.15314
4487149062.5,-55.05532
4487150000.0,-55.1036
4487150937.5,-55.04186
4487151875.0,-55.02013
4487152812.5,-55.10781
4487153750.0,-55.09981
4487154687.5,-55.0277
4487155625.0,-55.2014
4487156562.5,-54.99747
4487157500.0,-55.11341
4487158437.5,-55.14518
4487159375.0,-55.03466
4487160312.5,-55.13433
4487161250.0,-55.175
4487162187.5,-55.08538
4487163125.0,-55.16798
4487164062.5,-55.1265
4487165000.0,-55.02399
4487165937.5,-55.14554
4487166875.0,-55.16824
4487167812.5,-55.16317
4487168750.0,-55.14128
4487169687.5,-55.14206
4487170625.0,-54.98062
4487171562.5,-55.12032
4487172500.0,-54.98517
4487173437.5,-55.05384
4487174375.0,-55.13562
4487175312.5,-55.0617
4487176250.0,-55.13444
4487177187.5,-55.1288
4487178125.0,-55.12116
4487179062.5,-54.99162
4487180000.0,-55.00592
4487180937.5,-55.04464
4487181875.0,-55.08203
4487182812.5,-54.93333
4487183750.0,-55.01297
4487184687.5,-55.08037
4487185625.0,-55.05974
4487186562.5,-55.16175
4487187500.0,-55.13345
4487188437.5,-55.11997
4487189375.0,-55.06166
4487190312.5,-55.03968
4487191250.0,-55.03243
4487192187.5,-55.02345
4487193125.0,-54.99514
4487194062.5,-55.06557
4487195000.0,-55.06294
4487195937.5,-55.0322
4487196875.0,-55.08688
4487197812.5,-55.00632
4487198750.0,-55.1489
4487199687.5,-55.15036
4487200625.0,-55.07269
4487201562.5,-55.04618
4487202500.0,-55.03006
4487203437.5,-55.06926
4487204375.0,-55.02092
4487205312.5,-55.09406
4487206250.0,-55.05927
4487207187.5,-55.14102
4487208125.0,-55.15936
4487209062.5,-55.09504
4487210000.0,-55.08108
4487210937.5,-55.00254
4487211875.0,-55.06176
4487212812.5,-55.01012
4487213750.0,-55.09152
4487214687.5,-55.15016
4487215625.0,-55.05419
4487216562.5,-55.08323
4487217500.0,-55.13412
4487218437.5,-55.17856
4487219375.0,-55.12278
4487220312.5,-55.14945
4487221250.0,-55.05937
4487222187.5,-55.09061
4487223125.0,-55.05194
4487224062.5,-55.02925
4487225000.0,-55.10514
4487225937.5,-54.92872
4487226875.0,-55.04346
4487227812.5,-55.04203
4487228750.0,-55.06683
4487229687.5,-54.99995
4487230625.0,-55.16346
4487231562.5,-55.09046
4487232500.0,-55.04803
4487233437.5,-55.09809
4487234375.0,-55.08533
4487235312.5,-55.03765
4487236250.0,-55.01672
4487237187.5,-55.09496
4487238125.0,-55.14624
4487239062.5,-55.03251
4487240000.0,-55.08192
4487240937.5,-55.03841
4487241875.0,-55.0885
4487242812.5,-55.01567
4487243750.0,-55.10106
4487244687.5,-55.10653
4487245625.0,-55.11269
4487246562.5,-55.08255
4487247500.0,-55.0224
4487248437.5,-54.98212
4487249375.0,-55.05227
4487250312.5,-54.90228
4487251250.0,-55.10211
4487252187.5,-55.02611
4487253125.0,-55.04766
4487254062.5,-54.96231
4487255000.0,-55.08535
4487255937.5,-55.10333
4487256875.0,-55.11593
4487257812.5,-54.95977
4487258750.0,-55.04205
4487259687.5,-55.02479
4487260625.0,-55.01892
4487261562.5,-55.08683
4487262500.0,-54.99008
4487263437.5,-55.00265
4487264375.0,-55.13632
4487265312.5,-54.95396
4487266250.0,-55.10353
4487267187.5,-55.01027
4487268125.0,-55.03786
4487269062.5,-55.00477
4487270000.0,-55.02534
4487270937.5,-55.14343
4487271875.0,-54.96748
4487272812.5,-55.02328
4487273750.0,-55.00903
4487274687.5,-55.02094
4487275625.0,-55.05951
4487276562.5,-54.99138
4487277500.0,-55.04596
4487278437.5,-54.94903
4487279375.0,-55.01004
4487280312.5,-55.05787
4487281250.0,-55.12519
4487282187.5,-54.94277
4487283125.0,-55.08419
4487284062.5,-55.0368
4487285000.0,-55.11749
4487285937.5,-55.05102
4487286875.0,-55.00238
4487287812.5,-55.02005
4487288750.0,-55.09575
4487289687.5,-55.02535
4487290625.0,-55.07909
4487291562.5,-54.9584
4487292500.0,-55.02452
4487293437.5,-55.05083
4487294375.0,-55.01814
4487295312.5,-55.06653
4487296250.0,-55.0083
4487297187.5,-55.06099
4487298125.0,-55.04678
4487299062.5,-55.14588
4487300000.0,-55.04774
4487300937.5,-55.0505
4487301875.0,-54.94338
4487302812.5,-54.98068
4487303750.0,-55.00258
4487304687.5,-55.01048
4487305625.0,-55.00599
4487306562.5,-54.96856
4487307500.0,-54.94768
4487308437.5,-55.0654
4487309375.0,-55.02052
4487310312.5,-55.06271
4487311250.0,-55.06412
4487312187.5,-55.07815
4487313125.0,-54.96448
4487314062.5,-55.15064
4487315000.0,-55.05527
4487315937.5,-54.94487
4487316875.0,-54.97489
4487317812.5,-55.01532
4487318750.0,-55.04401
4487319687.5,-55.00716
4487320625.0,-54.99711
4487321562.5,-54.98489
4487322500.0,-55.02758
4487323437.5,-55.06247
4487324375.0,-55.0342
4487325312.5,-55.04526
4487326250.0,-55.06372
4487327187.5,-55.06019
4487328125.0,-54.97213
4487329062.5,-55.11596
4487330000.0,-55.04739
4487330937.5,-54.9996
4487331875.0,-55.11853
4487332812.5,-55.10318
4487333750.0,-55.00941
4487334687.5,-55.09727
4487335625.0,-54.97713
4487336562.5,-55.03105
4487337500.0,-55.02966
4487338437.5,-54.98145
4487339375.0,-54.98967
4487340312.5,-54.96091
4487341250.0,-55.02829
4487342187.5,-54.98783
4487343125.0,-55.05827
4487344062.5,-55.10236
4487345000.0,-54.97744
4487345937.5,-55.01179
4487346875.0,-54.97971
4487347812.5,-55.04155
4487348750.0,-54.97055
4487349687.5,-54.9908
4487350625.0,-54.98899
4487351562.5,-55.03841
4487352500.0,-55.0182
4487353437.5,-54.96193
4487354375.0,-54.97952
4487355312.5,-54.97699
4487356250.0,-55.00811
4487357187.5,-54.92833
4487358125.0,-54.95464
4487359062.5,-55.04583
4487360000.0,-55.014
4487360937.5,-55.04279
4487361875.0,-55.00781
4487362812.5,-55.07008
4487363750.0,-54.9427
4487364687.5,-54.97656
4487365625.0,-54.9931
4487366562.5,-54.94021
4487367500.0,-54.9001
4487368437.5,-54.99814
4487369375.0,-54.8808
4487370312.5,-54.99369
4487371250.0,-55.10018
4487372187.5,-55.00944
4487373125.0,-55.07146
4487374062.5,-54.95515
4487375000.0,-54.95346
4487375937.5,-54.91039
4487376875.0,-54.98781
4487377812.5,-54.94206
4487378750.0,-54.9463
4487379687.5,-54.98077
4487380625.0,-54.96292
4487381562.5,-54.9767
4487382500.0,-55.05233
4487383437.5,-54.99163
4487384375.0,-54.98253
4487385312.5,-54.91516
4487386250.0,-55.07181
4487387187.5,-54.97549
4487388125.0,-54.97647
4487389062.5,-54.91167
4487390000.0,-55.05271
4487390937.5,-54.93411
4487391875.0,-54.95759
4487392812.5,-55.04387
4487393750.0,-54.95948
4487394687.5,-55.00188
4487395625.0,-55.03242
4487396562.5,-54.94296
4487397500.0,-54.97034
4487398437.5,-54.99198
4487399375.0,-55.06843
4487400312.5,-55.00635
4487401250.0,-55.0645
4487402187.5,-54.98994
4487403125.0,-55.01648
4487404062.5,-54.99545
4487405000.0,-54.96262
4487405937.5,-55.067
4487406875.0,-54.95371
4487407812.5,-54.97168
4487408750.0,-54.94725
4487409687.5,-54.98878
4487410625.0,-54.90317
4487411562.5,-54.92722
4487412500.0,-55.04609
4487413437.5,-54.9062
4487414375.0,-54.88478
4487415312.5,-54.97542
4487416250.0,-55.00601
4487417187.5,-54.89721
4487418125.0,-55.07385
4487419062.5,-54.98264
4487420000.0,-54.93924
4487420937.5,-54.99132
4487421875.0,-54.9736
4487422812.5,-54.96339
4487423750.0,-54.98775
4487424687.5,-54.96837
4487425625.0,-55.06314
4487426562.5,-54.95509
4487427500.0,-55.01132
4487428437.5,-55.08602
4487429375.0,-54.96562
4487430312.5,-54.99081
4487431250.0,-54.97073
4487432187.5,-54.90943
4487433125.0,-54.97791
4487434062.5,-54.97729
4487435000.0,-55.02714
4487435937.5,-55.00566
4487436875.0,-55.0107
4487437812.5,-55.04303
4487438750.0,-54.96803
4487439687.5,-54.87093
4487440625.0,-54.90174
4487441562.5,-54.98089
4487442500.0,-54.94659
4487443437.5,-54.93984
4487444375.0,-55.10299
4487445312.5,-54.96341
4487446250.0,-54.92696
4487447187.5,-54.95008
4487448125.0,-54.90954
4487449062.5,-55.03061
4487450000.0,-54.953
4487450937.5,-54.95564
4487451875.0,-55.00175
4487452812.5,-54.88968
4487453750.0,-55.07596
4487454687.5,-54.94513
4487455625.0,-54.93027
4487456562.5,-55.01884
4487457500.0,-54.8668
4487458437.5,-54.92599
4487459375.0,-54.96205
4487460312.5,-55.11772
4487461250.0,-55.0195
4487462187.5,-55.01597
4487463125.0,-54.991
4487464062.5,-54.88749
4487465000.0,-55.01861
4487465937.5,-54.89905
4487466875.0,-55.00142
4487467812.5,-55.03324
4487468750.0,-54.93552
4487469687.5,-54.99886
4487470625.0,-55.0004
4487471562.5,-54.81254
4487472500.0,-54.92966
4487473437.5,-54.9976
4487474375.0,-55.00827
4487475312.5,-54.96758
4487476250.0,-54.99312
4487477187.5,-54.98597
4487478125.0,-55.09272
4487479062.5,-54.99
4487480000.0,-54.99582
4487480937.5,-54.92549
4487481875.0,-54.90087
4487482812.5,-54.87715
4487483750.0,-55.01115
4487484687.5,-54.99823
4487485625.0,-54.88079
4487486562.5,-54.97926
4487487500.0,-54.93927
4487488437.5,-54.95965
4487489375.0,-54.98542
4487490312.5,-54.98812
4487491250.0,-55.00729
4487492187.5,-54.9991
4487493125.0,-54.89717
4487494062.5,-54.91331
4487495000.0,-55.05463
4487495937.5,-54.90062
4487496875.0,-54.93524
4487497812.5,-54.93692
4487498750.0,-54.86897
4487499687.5,-54.92774
4487500625.0,-55.01967
4487501562.5,-55.02143
4487502500.0,-54.95027
4487503437.5,-54.9489
4487504375.0,-54.93929
4487505312.5,-54.87383
4487506250.0,-54.97462
4487507187.5,-54.98517
4487508125.0,-54.96025
4487509062.5,-54.96823
4487510000.0,-54.94216
4487510937.5,-54.87951
4487511875.0,-54.99525
4487512812.5,-54.92268
4487513750.0,-54.94697
4487514687.5,-54.93922
4487515625.0,-55.03622
4487516562.5,-54.87599
4487517500.0,-54.98399
4487518437.5,-54.87334
4487519375.0,-54.91696
4487520312.5,-54.87922
4487521250.0,-54.93003
4487522187.5,-54.90473
4487523125.0,-54.93046
4487524062.5,-54.98153
4487525000.0,-54.8771
4487525937.5,-54.99982
4487526875.0,-54.88518
4487527812.5,-54.92536
4487528750.0,-55.0309
4487529687.5,-54.8723
4487530625.0,-54.91187
4487531562.5,-54.91871
4487532500.0,-55.07739
4487533437.5,-54.86919
4487534375.0,-54.98276
4487535312.5,-55.00443
4487536250.0,-54.91146
4487537187.5,-55.00632
4487538125.0,-54.99542
4487539062.5,-54.90663
4487540000.0,-54.95968
4487540937.5,-54.95687
4487541875.0,-54.86707
4487542812.5,-54.85508
4487543750.0,-55.00426
4487544687.5,-54.83098
4487545625.0,-54.90419
4487546562.5,-54.88227
4487547500.0,-54.79071
4487548437.5,-54.96268
4487549375.0,-54.94346
4487550312.5,-54.85648
4487551250.0,-54.89178
4487552187.5,-54.9593
4487553125.0,-55.01604
4487554062.5,-54.97347
4487555000.0,-54.92897
4487555937.5,-54.92715
4487556875.0,-54.84818
4487557812.5,-54.99698
4487558750.0,-54.82434
4487559687.5,-54.92114
4487560625.0,-54.99277
4487561562.5,-55.04929
4487562500.0,-54.99524
4487563437.5,-54.91367
4487564375.0,-54.94598
4487565312.5,-54.91498
4487566250.0,-54.95802
4487567187.5,-54.9492
4487568125.0,-54.96169
4487569062.5,-54.96516
4487570000.0,-54.84281
4487570937.5,-54.94476
4487571875.0,-54.97911
4487572812.5,-54.85562
4487573750.0,-54.94894
4487574687.5,-54.92494
4487575625.0,-54.8583
4487576562.5,-54.98217
4487577500.0,-54.92027
4487578437.5,-54.89047
4487579375.0,-54.89921
4487580312.5,-54.8485
4487581250.0,-54.82743
4487582187.5,-54.88319
4487583125.0,-54.96934
4487584062.5,-55.04205
4487585000.0,-55.01802
4487585937.5,-54.84654
4487586875.0,-54.98775
4487587812.5,-55.01395
4487588750.0,-54.85324
4487589687.5,-54.91518
4487590625.0,-54.95801
4487591562.5,-54.93342
4487592500.0,-54.90816
4487593437.5,-54.88214
4487594375.0,-54.90715
4487595312.5,-54.85386
4487596250.0,-54.96788
4487597187.5,-54.90318
4487598125.0,-54.99695
4487599062.5,-54.85902
4487600000.0,-54.89913
4487600937.5,-54.91873
4487601875.0,-54.90665
4487602812.5,-54.93344
4487603750.0,-54.8302
4487604687.5,-54.87725
4487605625.0,-54.94846
4487606562.5,-54.89062
4487607500.0,-54.89047
4487608437.5,-54.86473
4487609375.0,-55.00779
4487610312.5,-54.86063
4487611250.0,-54.87973
4487612187.5,-54.91248
4487613125.0,-54.81471
4487614062.5,-54.93471
4487615000.0,-54.94634
4487615937.5,-54.92338
4487616875.0,-54.94326
4487617812.5,-54.90052
4487618750.0,-54.82213
4487619687.5,-54.87882
4487620625.0,-54.75664
4487621562.5,-54.76773
4487622500.0,-54.88765
4487623437.5,-54.8665
4487624375.0,-54.93444
4487625312.5,-54.9186
4487626250.0,-54.87168
4487627187.5,-55.01221
4487628125.0,-54.95368
4487629062.5,-54.82108
4487630000.0,-54.86194
4487630937.5,-54.97525
4487631875.0,-54.88632
4487632812.5,-54.96658
4487633750.0,-54.86869
4487634687.5,-54.82829
4487635625.0,-54.88062
4487636562.5,-54.95494
4487637500.0,-54.92793
4487638437.5,-54.85179
4487639375.0,-54.96447
4487640312.5,-54.82177
4487641250.0,-54.87399
4487642187.5,-54.97384
4487643125.0,-54.84147
4487644062.5,-54.81667
4487645000.0,-54.87138
4487645937.5,-54.855
4487646875.0,-54.90295
4487647812.5,-54.84863
4487648750.0,-54.95288
4487649687.5,-55.01985
4487650625.0,-54.94578
4487651562.5,-54.80877
4487652500.0,-54.8111
4487653437.5,-54.94471
4487654375.0,-54.86863
4487655312.5,-54.85135
4487656250.0,-54.94816
4487657187.5,-54.93501
4487658125.0,-54.87262
4487659062.5,-54.88535
4487660000.0,-54.85262
4487660937.5,-54.87244
4487661875.0,-54.94814
4487662812.5,-54.92016
4487663750.0,-54.91375
4487664687.5,-54.9397
4487665625.0,-54.84666
4487666562.5,-54.93035
4487667500.0,-54.9142
4487668437.5,-54.91298
4487669375.0,-54.77006
4487670312.5,-54.90902
4487671250.0,-54.92064
4487672187.5,-54.87969
4487673125.0,-54.84024
4487674062.5,-54.79443
4487675000.0,-54.95459
4487675937.5,-54.77665
4487676875.0,-54.76355
4487677812.5,-54.88722
4487678750.0,-54.83196
4487679687.5,-54.90489
4487680625.0,-54.84304
4487681562.5,-54.90352
4487682500.0,-54.82951
4487683437.5,-55.02454
4487684375.0,-54.87919
4487685312.5,-54.90557
4487686250.0,-54.83327
4487687187.5,-54.88146
4487688125.0,-54.83812
4487689062.5,-54.83311
4487690000.0,-54.84049
4487690937.5,-54.76936
4487691875.0,-54.93557
4487692812.5,-54.82969
4487693750.0,-54.89399
4487694687.5,-54.86479
4487695625.0,-54.86256
4487696562.5,-54.91494
4487697500.0,-54.82154
4487698437.5,-54.89922
4487699375.0,-54.91391
4487700312.5,-54.86544
4487701250.0,-54.9607
4487702187.5,-54.81815
4487703125.0,-54.88595
4487704062.5,-54.91368
4487705000.0,-54.82073
4487705937.5,-54.8069
4487706875.0,-54.78997
4487707812.5,-54.83153
4487708750.0,-54.92459
4487709687.5,-54.8783
4487710625.0,-54.87526
4487711562.5,-54.96105
4487712500.0,-54.90165
4487713437.5,-54.85043
4487714375.0,-54.88774
4487715312.5,-54.9212
4487716250.0,-54.87287
4487717187.5,-54.80497
4487718125.0,-54.86282
4487719062.5,-54.86329
4487720000.0,-54.86718
4487720937.5,-54.84966
4487721875.0,-54.9386
4487722812.5,-54.91098
4487723750.0,-54.83273
4487724687.5,-54.88113
4487725625.0,-54.85365
4487726562.5,-54.85256
4487727500.0,-54.8834
4487728437.5,-54.83275
4487729375.0,-54.94869
4487730312.5,-54.91045
4487731250.0,-54.9056
4487732187.5,-54.86369
4487733125.0,-54.81372
4487734062.5,-54.83103
4487735000.0,-54.8363
4487735937.5,-54.75942
4487736875.0,-54.89653
4487737812.5,-54.76245
4487738750.0,-54.89353
4487739687.5,-54.83793
4487740625.0,-54.95631
4487741562.5,-54.81078
4487742500.0,-54.83105
4487743437.5,-54.82699
4487744375.0,-54.81132
4487745312.5,-54.88447
4487746250.0,-54.7836
4487747187.5,-54.95121
4487748125.0,-54.77623
4487749062.5,-54.9922
4487750000.0,-54.80047
4487750937.5,-54.73182
4487751875.0,-54.9186
4487752812.5,-54.81607
4487753750.0,-54.85647
4487754687.5,-54.74062
4487755625.0,-54.79169
4487756562.5,-54.82611
4487757500.0,-54.90079
4487758437.5,-54.81921
4487759375.0,-54.94917
4487760312.5,-54.72765
4487761250.0,-54.82677
4487762187.5,-54.7761
4487763125.0,-54.72996
4487764062.5,-54.79254
4487765000.0,-54.86657
4487765937.5,-54.87716
4487766875.0,-54.88604
4487767812.5,-54.85394
4487768750.0,-54.86103
4487769687.5,-54.80113
4487770625.0,-54.81079
4487771562.5,-54.8652
4487772500.0,-54.87901
4487773437.5,-54.80483
4487774375.0,-54.80806
4487775312.5,-54.83012
4487776250.0,-54.82216
4487777187.5,-54.80626
4487778125.0,-54.83473
4487779062.5,-54.70254
4487780000.0,-54.82599
4487780937.5,-54.91819
4487781875.0,-54.88545
4487782812.5,-54.84296
4487783750.0,-54.81831
4487784687.5,-54.79345
4487785625.0,-54.77965
4487786562.5,-54.83103
4487787500.0,-54.82333
4487788437.5,-54.80669
4487789375.0,-54.86737
4487790312.5,-54.80446
4487791250.0,-54.74342
4487792187.5,-54.7862
4487793125.0,-54.78082
4487794062.5,-54.79396
4487795000.0,-54.8307
4487795937.5,-54.84653
4487796875.0,-54.79528
4487797812.5,-54.86175
4487798750.0,-54.78658
4487799687.5,-54.83515
4487800625.0,-54.83844
4487801562.5,-54.83073
4487802500.0,-54.72126
4487803437.5,-54.79129
4487804375.0,-54.80343
4487805312.5,-54.86567
4487806250.0,-54.84338
4487807187.5,-54.72687
4487808125.0,-54.76218
4487809062.5,-54.90205
4487810000.0,-54.75029
4487810937.5,-54.85943
4487811875.0,-54.90073
4487812812.5,-54.81618
4487813750.0,-54.82948
4487814687.5,-54.85135
4487815625.0,-54.79619
4487816562.5,-54.67398
4487817500.0,-54.6364
4487818437.5,-54.83572
4487819375.0,-54.87011
4487820312.5,-54.80154
4487821250.0,-54.82278
4487822187.5,-54.79871
4487823125.0,-54.79169
4487824062.5,-54.84071
4487825000.0,-54.72532
4487825937.5,-54.8438
4487826875.0,-54.82428
4487827812.5,-54.84489
4487828750.0,-54.76801
4487829687.5,-54.77937
4487830625.0,-54.86465
4487831562.5,-54.84263
4487832500.0,-54.84079
4487833437.5,-54.76934
4487834375.0,-54.69656
4487835312.5,-54.82434
4487836250.0,-54.72967
4487837187.5,-54.8125
4487838125.0,-54.80209
4487839062.5,-54.83154
4487840000.0,-54.73854
4487840937.5,-54.86354
4487841875.0,-54.91653
4487842812.5,-54.77301
4487843750.0,-54.79379
4487844687.5,-54.8191
4487845625.0,-54.85845
4487846562.5,-54.85812
4487847500.0,-54.75954
4487848437.5,-54.81925
4487849375.0,-54.84262
4487850312.5,-54.8152
4487851250.0,-54.86152
4487852187.5,-54.79097
4487853125.0,-54.74204
4487854062.5,-54.84416
4487855000.0,-54.72517
4487855937.5,-54.74257
4487856875.0,-54.78315
4487857812.5,-54.70747
4487858750.0,-54.86884
4487859687.5,-54.85988
4487860625.0,-54.81602
4487861562.5,-54.79798
4487862500.0,-54.73277
4487863437.5,-54.72976
4487864375.0,-54.76952
4487865312.5,-54.87648
4487866250.0,-54.70757
4487867187.5,-54.7065
4487868125.0,-54.76781
4487869062.5,-54.91772
4487870000.0,-54.83065
4487870937.5,-54.83086
4487871875.0,-54.82022
4487872812.5,-54.80254
4487873750.0,-54.87451
4487874687.5,-54.72815
4487875625.0,-54.7743
4487876562.5,-54.84906
4487877500.0,-54.85373
4487878437.5,-54.70113
4487879375.0,-54.82005
4487880312.5,-54.82532
4487881250.0,-54.82981
4487882187.5,-54.73301
4487883125.0,-54.74622
4487884062.5,-54.83975
4487885000.0,-54.76028
4487885937.5,-54.72375
4487886875.0,-54.83601
4487887812.5,-54.86608
4487888750.0,-54.76846
4487889687.5,-54.82001
4487890625.0,-54.81572
4487891562.5,-54.77333
4487892500.0,-54.80853
4487893437.5,-54.74437
4487894375.0,-54.8157
4487895312.5,-54.74742
4487896250.0,-54.81293
4487897187.5,-54.77399
4487898125.0,-54.75937
4487899062.5,-54.67307
4487900000.0,-54.7456
4487900937.5,-54.82076
4487901875.0,-54.83821
4487902812.5,-54.75525
4487903750.0,-54.72337
4487904687.5,-54.73023
4487905625.0,-54.89647
4487906562.5,-54.77444
4487907500.0,-54.73607
4487908437.5,-54.83426
4487909375.0,-54.82417
4487910312.5,-54.7364
4487911250.0,-54.7743
4487912187.5,-54.72702
4487913125.0,-54.80214
4487914062.5,-54.74983
4487915000.0,-54.84244
4487915937.5,-54.83499
4487916875.0,-54.72337
4487917812.5,-54.73513
4487918750.0,-54.79596
4487919687.5,-54.75414
4487920625.0,-54.68318
4487921562.5,-54.82225
4487922500.0,-54.78874
4487923437.5,-54.74443
4487924375.0,-54.76566
4487925312.5,-54.80388
4487926250.0,-54.64672
4487927187.5,-54.62745
4487928125.0,-54.75076
4487929062.5,-54.84863
4487930000.0,-54.78768
4487930937.5,-54.83644
4487931875.0,-54.77266
4487932812.5,-54.73467
4487933750.0,-54.78335
4487934687.5,-54.77961
4487935625.0,-54.78865
4487936562.5,-54.67987
4487937500.0,-54.75486
4487938437.5,-54.74878
4487939375.0,-54.78292
4487940312.5,-54.83709
4487941250.0,-54.7824
4487942187.5,-54.91165
4487943125.0,-54.73751
4487944062.5,-54.83737
4487945000.0,-54.71522
4487945937.5,-54.71767
4487946875.0,-54.72834
4487947812.5,-54.808
4487948750.0,-54.90507
4487949687.5,-54.67724
4487950625.0,-54.63571
4487951562.5,-54.79738
4487952500.0,-54.72711
4487953437.5,-54.83523
4487954375.0,-54.78899
4487955312.5,-54.78404
4487956250.0,-54.77745
4487957187.5,-54.78916
4487958125.0,-54.85177
4487959062.5,-54.72684
4487960000.0,-54.7523
4487960937.5,-54.73187
4487961875.0,-54.66
4487962812.5,-54.76712
4487963750.0,-54.77953
4487964687.5,-54.8024
4487965625.0,-54.78907
4487966562.5,-54.78834
4487967500.0,-54.7765
4487968437.5,-54.76351
4487969375.0,-54.7127
4487970312.5,-54.84708
4487971250.0,-54.72524
4487972187.5,-54.78464
4487973125.0,-54.74329
4487974062.5,-54.73722
4487975000.0,-54.71908
4487975937.5,-54.75053
4487976875.0,-54.74989
4487977812.5,-54.7027
4487978750.0,-54.69545
4487979687.5,-54.72515
4487980625.0,-54.68172
4487981562.5,-54.74366
4487982500.0,-54.68892
4487983437.5,-54.71972
4487984375.0,-54.81542
4487985312.5,-54.75009
4487986250.0,-54.73699
4487987187.5,-54.71913
4487988125.0,-54.81496
4487989062.5,-54.71648
4487990000.0,-54.65037
4487990937.5,-54.83384
4487991875.0,-54.73803
4487992812.5,-54.66034
4487993750.0,-54.83924
4487994687.5,-54.76239
4487995625.0,-54.80616
4487996562.5,-54.72009
4487997500.0,-54.74965
4487998437.5,-54.71698
4487999375.0,-54.74064
4488000312.5,-54.76846
4488001250.0,-54.79526
4488002187.5,-54.72706
4488003125.0,-54.80588
4488004062.5,-54.75475
4488005000.0,-54.73638
4488005937.5,-54.76233
4488006875.0,-54.74334
4488007812.5,-54.77494
4488008750.0,-54.77328
4488009687.5,-54.79951
4488010625.0,-54.73124
4488011562.5,-54.76495
4488012500.0,-54.62527
4488013437.5,-54.71314
4488014375.0,-54.77473
4488015312.5,-54.73114
4488016250.0,-54.66068
4488017187.5,-54.76892
4488018125.0,-54.67489
4488019062.5,-54.71262
4488020000.0,-54.68306
4488020937.5,-54.71286
4488021875.0,-54.8245
4488022812.5,-54.82555
4488023750.0,-54.85873
4488024687.5,-54.70898
4488025625.0,-54.69505
4488026562.5,-54.73883
4488027500.0,-54.68759
4488028437.5,-54.74695
4488029375.0,-54.77464
4488030312.5,-54.7315
4488031250.0,-54.65521
4488032187.5,-54.61858
4488033125.0,-54.64432
4488034062.5,-54.75167
4488035000.0,-54.79875
4488035937.5,-54.66988
4488036875.0,-54.7648
4488037812.5,-54.6842
4488038750.0,-54.70941
4488039687.5,-54.74561
4488040625.0,-54.63329
4488041562.5,-54.76983
4488042500.0,-54.61589
4488043437.5,-54.7303
4488044375.0,-54.7242
4488045312.5,-54.70333
4488046250.0,-54.67873
4488047187.5,-54.71253
4488048125.0,-54.71347
4488049062.5,-54.59774
4488050000.0,-54.67586
4488050937.5,-54.5498
4488051875.0,-54.70303
4488052812.5,-54.67644
4488053750.0,-54.68362
4488054687.5,-54.6922
4488055625.0,-54.73129
4488056562.5,-54.73824
4488057500.0,-54.63797
4488058437.5,-54.74534
4488059375.0,-54.71965
4488060312.5,-54.69819
4488061250.0,-54.79276
4488062187.5,-54.72058
4488063125.0,-54.64256
4488064062.5,-54.65577
4488065000.0,-54.65068
4488065937.5,-54.85721
4488066875.0,-54.77419
4488067812.5,-54.73854
4488068750.0,-54.5723
4488069687.5,-54.6727
4488070625.0,-54.69998
4488071562.5,-54.63613
4488072500.0,-54.61854
4488073437.5,-54.67559
4488074375.0,-54.70588
4488075312.5,-54.64533
4488076250.0,-54.728
4488077187.5,-54.64038
4488078125.0,-54.72017
4488079062.5,-54.7392
4488080000.0,-54.75042
4488080937.5,-54.72296
4488081875.0,-54.77186
4488082812.5,-54.70738
4488083750.0,-54.71489
4488084687.5,-54.67876
4488085625.0,-54.66874
4488086562.5,-54.63607
4488087500.0,-54.64439
4488088437.5,-54.68457
4488089375.0,-54.694
4488090312.5,-54.68182
4488091250.0,-54.72624
4488092187.5,-54.64171
4488093125.0,-54.64064
4488094062.5,-54.69515
4488095000.0,-54.68163
4488095937.5,-54.70439
4488096875.0,-54.66516
4488097812.5,-54.75755
4488098750.0,-54.70508
4488099687.5,-54.72938
4488100625.0,-54.64555
4488101562.5,-54.65075
4488102500.0,-54.82035
4488103437.5,-54.66325
4488104375.0,-54.6632
4488105312.5,-54.71094
4488106250.0,-54.79361
4488107187.5,-54.79315
4488108125.0,-54.53252
4488109062.5,-54.62523
4488110000.0,-54.61992
4488110937.5,-54.72208
4488111875.0,-54.67482
4488112812.5,-54.66666
4488113750.0,-54.73919
4488114687.5,-54.81628
4488115625.0,-54.65588
4488116562.5,-54.75424
4488117500.0,-54.73451
4488118437.5,-54.72269
4488119375.0,-54.63387
4488120312.5,-54.60572
4488121250.0,-54.78252
4488122187.5,-54.78184
4488123125.0,-54.73888
4488124062.5,-54.79875
4488125000.0,-54.63863
4488125937.5,-54.71314
4488126875.0,-54.63676
4488127812.5,-54.6489
4488128750.0,-54.64165
4488129687.5,-54.76916
4488130625.0,-54.80654
4488131562.5,-54.6746
4488132500.0,-54.71367
4488133437.5,-54.7571
4488134375.0,-54.7402
4488135312.5,-54.64672
4488136250.0,-54.69258
4488137187.5,-54.68981
4488138125.0,-54.66163
4488139062.5,-54.70747
4488140000.0,-54.64077
4488140937.5,-54.7312
4488141875.0,-54.75134
4488142812.5,-54.51913
4488143750.0,-54.61518
4488144687.5,-54.67032
4488145625.0,-54.7307
4488146562.5,-54.64199
4488147500.0,-54.66361
4488148437.5,-54.78524
4488149375.0,-54.65563
4488150312.5,-54.67391
4488151250.0,-54.66879
4488152187.5,-54.7114
4488153125.0,-54.59496
4488154062.5,-54.62712
4488155000.0,-54.67517
4488155937.5,-54.67969
4488156875.0,-54.66748
4488157812.5,-54.63883
4488158750.0,-54.69398
4488159687.5,-54.66558
4488160625.0,-54.59972
4488161562.5,-54.66198
4488162500.0,-54.69068
4488163437.5,-54.62864
4488164375.0,-54.62305
4488165312.5,-54.56292
4488166250.0,-54.67404
4488167187.5,-54.59776
4488168125.0,-54.60209
4488169062.5,-54.58173
4488170000.0,-54.68755
4488170937.5,-54.65676
4488171875.0,-54.64868
4488172812.5,-54.69072
4488173750.0,-54.62422
4488174687.5,-54.66288
4488175625.0,-54.60589
4488176562.5,-54.66644
4488177500.0,-54.58244
4488178437.5,-54.63697
4488179375.0,-54.67184
4488180312.5,-54.74306
4488181250.0,-54.73909
4488182187.5,-54.60322
4488183125.0,-54.62426
4488184062.5,-54.64104
4488185000.0,-54.72503
4488185937.5,-54.65948
4488186875.0,-54.61967
4488187812.5,-54.66076
4488188750.0,-54.5486
4488189687.5,-54.64084
4488190625.0,-54.76355
4488191562.5,-54.60091
4488192500.0,-54.60273
4488193437.5,-54.69065
4488194375.0,-54.60814
4488195312.5,-54.58364
4488196250.0,-54.74677
4488197187.5,-54.67905
4488198125.0,-54.5732
4488199062.5,-54.60592
4488200000.0,-54.66617
4488200937.5,-54.6813
4488201875.0,-54.5989
4488202812.5,-54.67886
4488203750.0,-54.52242
4488204687.5,-54.6474
4488205625.0,-54.6345
4488206562.5,-54.69197
4488207500.0,-54.69769
4488208437.5,-54.57122
4488209375.0,-54.64163
4488210312.5,-54.59195
4488211250.0,-54.63265
4488212187.5,-54.6979
4488213125.0,-54.63459
4488214062.5,-54.6475
4488215000.0,-54.57498
4488215937.5,-54.62975
4488216875.0,-54.65384
4488217812.5,-54.65092
4488218750.0,-54.6473
4488219687.5,-54.68637
4488220625.0,-54.7224
4488221562.5,-54.57941
4488222500.0,-54.71193
4488223437.5,-54.64662
4488224375.0,-54.61415
4488225312.5,-54.66457
4488226250.0,-54.61926
4488227187.5,-54.71543
4488228125.0,-54.62663
4488229062.5,-54.56398
4488230000.0,-54.53313
4488230937.5,-54.63154
4488231875.0,-54.6454
4488232812.5,-54.52671
4488233750.0,-54.60535
4488234687.5,-54.58802
4488235625.0,-54.67776
4488236562.5,-54.73877
4488237500.0,-54.62914
4488238437.5,-54.55742
4488239375.0,-54.67698
4488240312.5,-54.54792
4488241250.0,-54.60846
4488242187.5,-54.57057
4488243125.0,-54.55707
4488244062.5,-54.56264
4488245000.0,-54.63015
4488245937.5,-54.55996
4488246875.0,-54.6568
4488247812.5,-54.62415
4488248750.0,-54.58899
4488249687.5,-54.59356
4488250625.0,-54.59033
4488251562.5,-54.49451
4488252500.0,-54.64164
4488253437.5,-54.64682
4488254375.0,-54.58576
4488255312.5,-54.67739
4488256250.0,-54.53889
4488257187.5,-54.6212
4488258125.0,-54.59143
4488259062.5,-54.68539
4488260000.0,-54.65499
4488260937.5,-54.57996
4488261875.0,-54.64364
4488262812.5,-54.58778
4488263750.0,-54.70177
4488264687.5,-54.58711
4488265625.0,-54.62804
4488266562.5,-54.59382
4488267500.0,-54.62822
4488268437.5,-54.64684
4488269375.0,-54.58633
4488270312.5,-54.67769
4488271250.0,-54.57506
4488272187.5,-54.5859
4488273125.0,-54.61639
4488274062.5,-54.49967
4488275000.0,-54.57488
4488275937.5,-54.65893
4488276875.0,-54.54042
4488277812.5,-54.57697
4488278750.0,-54.59093
4488279687.5,-54.56601
4488280625.0,-54.62337
4488281562.5,-54.57352
4488282500.0,-54.6769
4488283437.5,-54.59803
4488284375.0,-54.54607
4488285312.5,-54.57636
4488286250.0,-54.61623
4488287187.5,-54.61933
4488288125.0,-54.64295
4488289062.5,-54.62693
4488290000.0,-54.64233
4488290937.5,-54.59389
4488291875.0,-54.63217
4488292812.5,-54.56189
4488293750.0,-54.51961
4488294687.5,-54.59625
4488295625.0,-54.63601
4488296562.5,-54.58603
4488297500.0,-54.60422
4488298437.5,-54.62025
4488299375.0,-54.60304
4488300312.5,-54.68545
4488301250.0,-54.56678
4488302187.5,-54.57443
4488303125.0,-54.58999
4488304062.5,-54.64501
4488305000.0,-54.64723
4488305937.5,-54.73631
4488306875.0,-54.67992
4488307812.5,-54.59532
4488308750.0,-54.5534
4488309687.5,-54.62853
4488310625.0,-54.59817
4488311562.5,-54.59502
4488312500.0,-54.65362
4488313437.5,-54.57729
4488314375.0,-54.56433
4488315312.5,-54.5651
4488316250.0,-54.60062
4488317187.5,-54.53254
4488318125.0,-54.58743
4488319062.5,-54.57955
4488320000.0,-54.62521
4488320937.5,-54.5057
4488321875.0,-54.68047
4488322812.5,-54.66412
4488323750.0,-54.5359
4488324687.5,-54.6834
4488325625.0,-54.49469
4488326562.5,-54.55912
4488327500.0,-54.55897
4488328437.5,-54.57039
4488329375.0,-54.59493
4488330312.5,-54.54887
4488331250.0,-54.64951
4488332187.5,-54.54897
4488333125.0,-54.56143
4488334062.5,-54.64131
4488335000.0,-54.5054
4488335937.5,-54.57363
4488336875.0,-54.56125
4488337812.5,-54.5703
4488338750.0,-54.62561
4488339687.5,-54.53811
4488340625.0,-54.51051
4488341562.5,-54.67874
4488342500.0,-54.72596
4488343437.5,-54.62725
4488344375.0,-54.66331
4488345312.5,-54.60095
4488346250.0,-54.50196
4488347187.5,-54.53713
4488348125.0,-54.53299
4488349062.5,-54.48114
4488350000.0,-54.50004
4488350937.5,-54.5588
4488351875.0,-54.53891
4488352812.5,-54.51848
4488353750.0,-54.5691
4488354687.5,-54.58213
4488355625.0,-54.52515
4488356562.5,-54.6538
4488357500.0,-54.58099
4488358437.5,-54.63077
4488359375.0,-54.51452
4488360312.5,-54.62233
4488361250.0,-54.59153
4488362187.5,-54.51745
4488363125.0,-54.63454
4488364062.5,-54.67719
4488365000.0,-54.56588
4488365937.5,-54.52264
4488366875.0,-54.53636
4488367812.5,-54.50425
4488368750.0,-54.56498
4488369687.5,-54.59922
4488370625.0,-54.50721
4488371562.5,-54.53682
4488372500.0,-54.55622
4488373437.5,-54.68426
4488374375.0,-54.5549
4488375312.5,-54.50977
4488376250.0,-54.59497
4488377187.5,-54.58404
4488378125.0,-54.49723
4488379062.5,-54.52478
4488380000.0,-54.65235
4488380937.5,-54.59337
4488381875.0,-54.61236
4488382812.5,-54.56421
4488383750.0,-54.59906
4488384687.5,-54.62994
4488385625.0,-54.56935
4488386562.5,-54.53968
4488387500.0,-54.60492
4488388437.5,-54.54397
4488389375.0,-54.58418
4488390312.5,-54.58232
4488391250.0,-54.62515
4488392187.5,-54.45813
4488393125.0,-54.45373
4488394062.5,-54.60078
4488395000.0,-54.51207
4488395937.5,-54.55326
4488396875.0,-54.50618
4488397812.5,-54.5276
4488398750.0,-54.63629
4488399687.5,-54.55854
4488400625.0,-54.58031
4488401562.5,-54.53421
4488402500.0,-54.48397
4488403437.5,-54.52924
4488404375.0,-54.61652
4488405312.5,-54.546
4488406250.0,-54.65491
4488407187.5,-54.62558
4488408125.0,-54.53879
4488409062.5,-54.55651
4488410000.0,-54.48018
4488410937.5,-54.52473
4488411875.0,-54.55373
4488412812.5,-54.54245
4488413750.0,-54.6236
4488414687.5,-54.4539
4488415625.0,-54.51768
4488416562.5,-54.55205
4488417500.0,-54.50394
4488418437.5,-54.57676
4488419375.0,-54.50449
4488420312.5,-54.60371
4488421250.0,-54.56294
4488422187.5,-54.63188
4488423125.0,-54.47659
4488424062.5,-54.62785
4488425000.0,-54.50535
4488425937.5,-54.57758
4488426875.0,-54.50293
4488427812.5,-54.58679
4488428750.0,-54.63977
4488429687.5,-54.57811
4488430625.0,-54.50732
4488431562.5,-54.51896
4488432500.0,-54.50589
4488433437.5,-54.628
4488434375.0,-54.5834
4488435312.5,-54.57591
4488436250.0,-54.51666
4488437187.5,-54.43936
4488438125.0,-54.52271
4488439062.5,-54.53277
4488440000.0,-54.48159
4488440937.5,-54.52207
4488441875.0,-54.54988
4488442812.5,-54.58763
4488443750.0,-54.60534
4488444687.5,-54.47525
4488445625.0,-54.61869
4488446562.5,-54.50588
4488447500.0,-54.59393
4488448437.5,-54.43262
4488449375.0,-54.52883
4488450312.5,-54.53676
4488451250.0,-54.44154
4488452187.5,-54.56976
4488453125.0,-54.62045
4488454062.5,-54.5374
4488455000.0,-54.48718
4488455937.5,-54.4399
4488456875.0,-54.54502
4488457812.5,-54.51654
4488458750.0,-54.57589
4488459687.5,-54.51308
4488460625.0,-54.56855
4488461562.5,-54.51455
4488462500.0,-54.60656
4488463437.5,-54.49679
4488464375.0,-54.53388
4488465312.5,-54.45794
4488466250.0,-54.44471
4488467187.5,-54.55803
4488468125.0,-54.56474
4488469062.5,-54.47773
4488470000.0,-54.51667
4488470937.5,-54.45791
4488471875.0,-54.51836
4488472812.5,-54.58343
4488473750.0,-54.52375
4488474687.5,-54.59469
4488475625.0,-54.51459
4488476562.5,-54.54826
4488477500.0,-54.60604
4488478437.5,-54.51222
4488479375.0,-54.52302
4488480312.5,-54.55727
4488481250.0,-54.52855
4488482187.5,-54.48304
4488483125.0,-54.50183
4488484062.5,-54.47159
4488485000.0,-54.48203
4488485937.5,-54.52796
4488486875.0,-54.43016
4488487812.5,-54.55707
4488488750.0,-54.45721
4488489687.5,-54.54829
4488490625.0,-54.56536
4488491562.5,-54.5708
4488492500.0,-54.49448
4488493437.5,-54.47765
4488494375.0,-54.54541
4488495312.5,-54.55511
4488496250.0,-54.51359
4488497187.5,-54.52663
4488498125.0,-54.43897
4488499062.5,-54.51122
4488500000.0,-54.5187
4488500937.5,-54.65017
4488501875.0,-54.58326
4488502812.5,-54.50609
4488503750.0,-54.54696
4488504687.5,-54.51548
4488505625.0,-54.5053
4488506562.5,-54.47468
4488507500.0,-54.41793
4488508437.5,-54.5098
4488509375.0,-54.48827
4488510312.5,-54.51299
4488511250.0,-54.48215
4488512187.5,-54.53914
4488513125.0,-54.4828
4488514062.5,-54.44135
4488515000.0,-54.4378
4488515937.5,-54.51402
4488516875.0,-54.50396
4488517812.5,-54.44927
4488518750.0,-54.42831
4488519687.5,-54.50888
4488520625.0,-54.52697
4488521562.5,-54.50144
4488522500.0,-54.49805
4488523437.5,-54.4873
4488524375.0,-54.54521
4488525312.5,-54.54865
4488526250.0,-54.42449
4488527187.5,-54.53857
4488528125.0,-54.43536
4488529062.5,-54.44123
4488530000.0,-54.48203
4488530937.5,-54.46568
4488531875.0,-54.58057
4488532812.5,-54.53441
4488533750.0,-54.47607
4488534687.5,-54.50472
4488535625.0,-54.48216
4488536562.5,-54.4554
4488537500.0,-54.49651
4488538437.5,-54.50719
4488539375.0,-54.52822
4488540312.5,-54.58037
4488541250.0,-54.48937
4488542187.5,-54.51568
4488543125.0,-54.46225
4488544062.5,-54.51391
4488545000.0,-54.46664
4488545937.5,-54.46462
4488546875.0,-54.57883
4488547812.5,-54.48336
4488548750.0,-54.49929
4488549687.5,-54.45478
4488550625.0,-54.55742
4488551562.5,-54.49686
4488552500.0,-54.45756
4488553437.5,-54.44677
4488554375.0,-54.44432
4488555312.5,-54.42389
4488556250.0,-54.55194
4488557187.5,-54.50209
4488558125.0,-54.43435
4488559062.5,-54.41389
4488560000.0,-54.50996
4488560937.5,-54.53202
4488561875.0,-54.49837
4488562812.5,-54.47382
4488563750.0,-54.53902
4488564687.5,-54.53356
4488565625.0,-54.54379
4488566562.5,-54.46932
4488567500.0,-54.51412
4488568437.5,-54.42538
4488569375.0,-54.4613
4488570312.5,-54.52246
4488571250.0,-54.48104
4488572187.5,-54.563
4488573125.0,-54.5202
4488574062.5,-54.46532
4488575000.0,-54.37127
4488575937.5,-54.46107
4488576875.0,-54.51915
4488577812.5,-54.46692
4488578750.0,-54.40551
4488579687.5,-54.55394
4488580625.0,-54.4169
4488581562.5,-54.43477
4488582500.0,-54.45938
4488583437.5,-54.4845
4488584375.0,-54.47224
4488585312.5,-54.421
4488586250.0,-54.39656
4488587187.5,-54.54559
4488588125.0,-54.38579
4488589062.5,-54.5454
4488590000.0,-54.41056
4488590937.5,-54.44442
4488591875.0,-54.49008
4488592812.5,-54.45202
4488593750.0,-54.55007
4488594687.5,-54.45041
4488595625.0,-54.45683
4488596562.5,-54.45455
4488597500.0,-54.43629
4488598437.5,-54.48082
4488599375.0,-54.39162
4488600312.5,-54.45712
4488601250.0,-54.55185
4488602187.5,-54.519
4488603125.0,-54.40615
4488604062.5,-54.43823
4488605000.0,-54.51801
4488605937.5,-54.46838
4488606875.0,-54.52531
4488607812.5,-54.48983
4488608750.0,-54.53756
4488609687.5,-54.48583
4488610625.0,-54.5092
4488611562.5,-54.53255
4488612500.0,-54.32632
4488613437.5,-54.48033
4488614375.0,-54.37912
4488615312.5,-54.49135
4488616250.0,-54.51282
4488617187.5,-54.54128
4488618125.0,-54.50594
4488619062.5,-54.48284
4488620000.0,-54.52758
4488620937.5,-54.48492
4488621875.0,-54.51707
4488622812.5,-54.4198
4488623750.0,-54.49051
4488624687.5,-54.45979
4488625625.0,-54.46685
4488626562.5,-54.50756
4488627500.0,-54.43184
4488628437.5,-54.46257
4488629375.0,-54.41031
4488630312.5,-54.6143
4488631250.0,-54.53617
4488632187.5,-54.41255
4488633125.0,-54.51995
4488634062.5,-54.41756
4488635000.0,-54.54554
4488635937.5,-54.4165
4488636875.0,-54.50947
4488637812.5,-54.43912
4488638750.0,-54.43157
4488639687.5,-54.54998
4488640625.0,-54.45293
4488641562.5,-54.33953
4488642500.0,-54.45087
4488643437.5,-54.44808
4488644375.0,-54.56023
4488645312.5,-54.50581
4488646250.0,-54.40073
4488647187.5,-54.3143
4488648125.0,-54.41933
4488649062.5,-54.48495
4488650000.0,-54.59435
4488650937.5,-54.34347
4488651875.0,-54.4908
4488652812.5,-54.52362
4488653750.0,-54.3815
4488654687.5,-54.45747
4488655625.0,-54.42805
4488656562.5,-54.43939
4488657500.0,-54.41924
4488658437.5,-54.43595
4488659375.0,-54.46936
4488660312.5,-54.46479
4488661250.0,-54.46524
4488662187.5,-54.39501
4488663125.0,-54.39872
4488664062.5,-54.38617
4488665000.0,-54.47989
4488665937.5,-54.45912
4488666875.0,-54.42263
4488667812.5,-54.47778
4488668750.0,-54.47657
4488669687.5,-54.49029
4488670625.0,-54.39435
4488671562.5,-54.48807
4488672500.0,-54.35847
4488673437.5,-54.44377
4488674375.0,-54.43137
4488675312.5,-54.48475
4488676250.0,-54.4054
4488677187.5,-54.38863
4488678125.0,-54.36525
4488679062.5,-54.41356
4488680000.0,-54.43616
4488680937.5,-54.40293
4488681875.0,-54.3841
4488682812.5,-54.38985
4488683750.0,-54.40026
4488684687.5,-54.4949
4488685625.0,-54.43726
4488686562.5,-54.44005
4488687500.0,-54.44056
4488688437.5,-54.36075
4488689375.0,-54.41674
4488690312.5,-54.50274
4488691250.0,-54.40627
4488692187.5,-54.53357
4488693125.0,-54.42173
4488694062.5,-54.40562
4488695000.0,-54.3893
4488695937.5,-54.41081
4488696875.0,-54.39795
4488697812.5,-54.40895
4488698750.0,-54.48486
4488699687.5,-54.46819
4488700625.0,-54.37269
4488701562.5,-54.40416
4488702500.0,-54.49958
4488703437.5,-54.40223
4488704375.0,-54.33559
4488705312.5,-54.45415
4488706250.0,-54.36419
4488707187.5,-54.36611
4488708125.0,-54.38464
4488709062.5,-54.45291
4488710000.0,-54.4641
4488710937.5,-54.39227
4488711875.0,-54.43714
4488712812.5,-54.49941
4488713750.0,-54.4615
4488714687.5,-54.42815
4488715625.0,-54.35974
4488716562.5,-54.36245
4488717500.0,-54.39478
4488718437.5,-54.41608
4488719375.0,-54.37082
4488720312.5,-54.41061
4488721250.0,-54.32766
4488722187.5,-54.38449
4488723125.0,-54.39956
4488724062.5,-54.35389
4488725000.0,-54.4392
4488725937.5,-54.46682
4488726875.0,-54.40626
4488727812.5,-54.33495
4488728750.0,-54.40051
4488729687.5,-54.48236
4488730625.0,-54.4686
4488731562.5,-54.38928
4488732500.0,-54.35993
4488733437.5,-54.48577
4488734375.0,-54.42462
4488735312.5,-54.4375
4488736250.0,-54.41183
4488737187.5,-54.41036
4488738125.0,-54.42203
4488739062.5,-54.37671
4488740000.0,-54.42414
4488740937.5,-54.392
4488741875.0,-54.39912
4488742812.5,-54.40194
4488743750.0,-54.40277
4488744687.5,-54.3731
4488745625.0,-54.38262
4488746562.5,-54.39
4488747500.0,-54.35472
4488748437.5,-54.43577
4488749375.0,-54.48222
4488750312.5,-54.38533
4488751250.0,-54.43449
4488752187.5,-54.36234
4488753125.0,-54.52676
4488754062.5,-54.36404
4488755000.0,-54.33571
4488755937.5,-54.35552
4488756875.0,-54.36035
4488757812.5,-54.39975
4488758750.0,-54.3483
4488759687.5,-54.38976
4488760625.0,-54.37725
4488761562.5,-54.43552
4488762500.0,-54.35969
4488763437.5,-54.44439
4488764375.0,-54.41268
4488765312.5,-54.41291
4488766250.0,-54.45023
4488767187.5,-54.3362
4488768125.0,-54.34184
4488769062.5,-54.41983
4488770000.0,-54.37406
4488770937.5,-54.34057
4488771875.0,-54.45332
4488772812.5,-54.37469
4488773750.0,-54.37896
4488774687.5,-54.3432
4488775625.0,-54.42064
4488776562.5,-54.34936
4488777500.0,-54.44986
4488778437.5,-54.36645
4488779375.0,-54.35891
4488780312.5,-54.38446
4488781250.0,-54.33167
4488782187.5,-54.39843
4488783125.0,-54.35228
4488784062.5,-54.34619
4488785000.0,-54.34686
4488785937.5,-54.4235
4488786875.0,-54.42772
4488787812.5,-54.37623
4488788750.0,-54.38629
4488789687.5,-54.3582
4488790625.0,-54.29884
4488791562.5,-54.3322
4488792500.0,-54.26987
4488793437.5,-54.40677
4488794375.0,-54.41753
4488795312.5,-54.29519
4488796250.0,-54.38872
4488797187.5,-54.33056
4488798125.0,-54.37742
4488799062.5,-54.34969
4488800000.0,-54.35141
4488800937.5,-54.35527
4488801875.0,-54.40432
4488802812.5,-54.40872
4488803750.0,-54.36755
4488804687.5,-54.41548
4488805625.0,-54.35583
4488806562.5,-54.33799
4488807500.0,-54.34051
4488808437.5,-54.38651
4488809375.0,-54.33913
4488810312.5,-54.35414
4488811250.0,-54.4133
4488812187.5,-54.3931
4488813125.0,-54.39259
4488814062.5,-54.389
4488815000.0,-54.33775
4488815937.5,-54.38476
4488816875.0,-54.41628
4488817812.5,-54.41348
4488818750.0,-54.34435
4488819687.5,-54.353
4488820625.0,-54.34906
4488821562.5,-54.4297
4488822500.0,-54.36956
4488823437.5,-54.35909
4488824375.0,-54.25476
4488825312.5,-54.36586
4488826250.0,-54.40028
4488827187.5,-54.29113
4488828125.0,-54.3703
4488829062.5,-54.33225
4488830000.0,-54.34579
4488830937.5,-54.23149
4488831875.0,-54.26101
4488832812.5,-54.37633
4488833750.0,-54.33917
4488834687.5,-54.32718
4488835625.0,-54.37415
4488836562.5,-54.26727
4488837500.0,-54.35908
4488838437.5,-54.2916
4488839375.0,-54.34565
4488840312.5,-54.2976
4488841250.0,-54.28526
4488842187.5,-54.31111
4488843125.0,-54.28798
4488844062.5,-54.36139
4488845000.0,-54.32241
4488845937.5,-54.43737
4488846875.0,-54.32198
4488847812.5,-54.34404
4488848750.0,-54.38698
4488849687.5,-54.26361
4488850625.0,-54.41218
4488851562.5,-54.34607
4488852500.0,-54.37265
4488853437.5,-54.42458
4488854375.0,-54.31869
4488855312.5,-54.38034
4488856250.0,-54.38148
4488857187.5,-54.34983
4488858125.0,-54.42946
4488859062.5,-54.25926
4488860000.0,-54.31903
4488860937.5,-54.34816
4488861875.0,-54.43103
4488862812.5,-54.35566
4488863750.0,-54.3614
4488864687.5,-54.32658
4488865625.0,-54.26077
4488866562.5,-54.36293
4488867500.0,-54.31322
4488868437.5,-54.29554
4488869375.0,-54.40014
4488870312.5,-54.29181
4488871250.0,-54.3273
4488872187.5,-54.44675
4488873125.0,-54.35856
4488874062.5,-54.42587
4488875000.0,-54.44441
4488875937.5,-54.32436
4488876875.0,-54.29342
4488877812.5,-54.26307
4488878750.0,-54.27731
4488879687.5,-54.36297
4488880625.0,-54.33997
4488881562.5,-54.33881
4488882500.0,-54.38914
4488883437.5,-54.39355
4488884375.0,-54.2963
4488885312.5,-54.33139
4488886250.0,-54.34466
4488887187.5,-54.4026
4488888125.0,-54.35014
4488889062.5,-54.252
4488890000.0,-54.35524
4488890937.5,-54.29888
4488891875.0,-54.34027
4488892812.5,-54.38064
4488893750.0,-54.3953
4488894687.5,-54.32107
4488895625.0,-54.25997
4488896562.5,-54.36411
4488897500.0,-54.39476
4488898437.5,-54.33113
4488899375.0,-54.37349
4488900312.5,-54.29751
4488901250.0,-54.32729
4488902187.5,-54.37428
4488903125.0,-54.32666
4488904062.5,-54.37075
4488905000.0,-54.37605
4488905937.5,-54.35465
4488906875.0,-54.27606
4488907812.5,-54.43031
4488908750.0,-54.2653
4488909687.5,-54.30251
4488910625.0,-54.25724
4488911562.5,-54.33451
4488912500.0,-54.38568
4488913437.5,-54.33159
4488914375.0,-54.34903
4488915312.5,-54.39684
4488916250.0,-54.29861
4488917187.5,-54.28712
4488918125.0,-54.24225
4488919062.5,-54.39283
4488920000.0,-54.35401
4488920937.5,-54.25311
4488921875.0,-54.28775
4488922812.5,-54.28063
4488923750.0,-54.27069
4488924687.5,-54.30991
4488925625.0,-54.30354
4488926562.5,-54.31844
4488927500.0,-54.25976
4488928437.5,-54.28183
4488929375.0,-54.28278
4488930312.5,-54.2716
4488931250.0,-54.31236
4488932187.5,-54.38045
4488933125.0,-54.31252
4488934062.5,-54.29476
4488935000.0,-54.32076
4488935937.5,-54.26877
4488936875.0,-54.31532
4488937812.5,-54.28963
4488938750.0,-54.23612
4488939687.5,-54.36994
4488940625.0,-54.23751
4488941562.5,-54.25886
4488942500.0,-54.44469
4488943437.5,-54.25862
4488944375.0,-54.30757
4488945312.5,-54.40517
4488946250.0,-54.31919
4488947187.5,-54.37167
4488948125.0,-54.35609
4488949062.5,-54.38211
4488950000.0,-54.19604
4488950937.5,-54.34901
4488951875.0,-54.34781
4488952812.5,-54.39258
4488953750.0,-54.3391
4488954687.5,-54.25188
4488955625.0,-54.27012
4488956562.5,-54.3458
4488957500.0,-54.32853
4488958437.5,-54.29405
4488959375.0,-54.29182
4488960312.5,-54.36227
4488961250.0,-54.2902
4488962187.5,-54.2641
4488963125.0,-54.25236
4488964062.5,-54.30794
4488965000.0,-54.24606
4488965937.5,-54.31511
4488966875.0,-54.38782
4488967812.5,-54.3284
4488968750.0,-54.30321
4488969687.5,-54.31675
4488970625.0,-54.35769
4488971562.5,-54.30372
4488972500.0,-54.35264
4488973437.5,-54.39277
4488974375.0,-54.32364
4488975312.5,-54.24821
4488976250.0,-54.26992
4488977187.5,-54.34476
4488978125.0,-54.32926
4488979062.5,-54.22599
4488980000.0,-54.29706
4488980937.5,-54.2945
4488981875.0,-54.32616
4488982812.5,-54.34051
4488983750.0,-54.33678
4488984687.5,-54.281
4488985625.0,-54.37467
4488986562.5,-54.27914
4488987500.0,-54.28637
4488988437.5,-54.34874
4488989375.0,-54.31792
4488990312.5,-54.26954
4488991250.0,-54.31561
4488992187.5,-54.29715
4488993125.0,-54.21006
4488994062.5,-54.26402
4488995000.0,-54.38745
4488995937.5,-54.36401
4488996875.0,-54.32878
4488997812.5,-54.35453
4488998750.0,-54.31005
4488999687.5,-54.30294
4489000625.0,-54.23248
4489001562.5,-54.36018
4489002500.0,-54.25102
4489003437.5,-54.24665
4489004375.0,-54.19017
4489005312.5,-54.3261
4489006250.0,-54.1619
4489007187.5,-54.2358
4489008125.0,-54.27345
4489009062.5,-54.26314
4489010000.0,-54.35464
4489010937.5,-54.34376
4489011875.0,-54.33208
4489012812.5,-54.38714
4489013750.0,-54.23551
4489014687.5,-54.22723
4489015625.0,-54.28034
4489016562.5,-54.35768
4489017500.0,-54.37753
4489018437.5,-54.29121
4489019375.0,-54.28664
4489020312.5,-54.3056
4489021250.0,-54.27398
4489022187.5,-54.32702
4489023125.0,-54.22674
4489024062.5,-54.25175
4489025000.0,-54.25864
4489025937.5,-54.29596
4489026875.0,-54.22959
4489027812.5,-54.32597
4489028750.0,-54.29934
4489029687.5,-54.33157
4489030625.0,-54.25971
4489031562.5,-54.35062
4489032500.0,-54.29267
4489033437.5,-54.23391
4489034375.0,-54.29163
4489035312.5,-54.29136
4489036250.0,-54.20747
4489037187.5,-54.30991
4489038125.0,-54.1969
4489039062.5,-54.27611
4489040000.0,-54.27257
4489040937.5,-54.42403
4489041875.0,-54.2651
4489042812.5,-54.29751
4489043750.0,-54.26172
4489044687.5,-54.34476
4489045625.0,-54.25386
4489046562.5,-54.32854
4489047500.0,-54.32291
4489048437.5,-54.35154
4489049375.0,-54.19532
4489050312.5,-54.25451
4489051250.0,-54.24599
4489052187.5,-54.25187
4489053125.0,-54.36384
4489054062.5,-54.28157
4489055000.0,-54.23104
4489055937.5,-54.32483
4489056875.0,-54.1679
4489057812.5,-54.24815
4489058750.0,-54.28466
4489059687.5,-54.11937
4489060625.0,-54.25682
4489061562.5,-54.26574
4489062500.0,-54.2999
4489063437.5,-54.27697
4489064375.0,-54.21357
4489065312.5,-54.27079
4489066250.0,-54.21318
4489067187.5,-54.23544
4489068125.0,-54.22297
4489069062.5,-54.31855
4489070000.0,-54.31285
4489070937.5,-54.22705
4489071875.0,-54.32283
4489072812.5,-54.19512
4489073750.0,-54.28144
4489074687.5,-54.27044
4489075625.0,-54.19158
4489076562.5,-54.25701
4489077500.0,-54.16128
4489078437.5,-54.24974
4489079375.0,-54.25425
4489080312.5,-54.24715
4489081250.0,-54.22334
4489082187.5,-54.29353
4489083125.0,-54.15682
4489084062.5,-54.26913
4489085000.0,-54.23932
4489085937.5,-54.2531
4489086875.0,-54.249
4489087812.5,-54.26694
4489088750.0,-54.26932
4489089687.5,-54.24694
4489090625.0,-54.30469
4489091562.5,-54.21151
4489092500.0,-54.27315
4489093437.5,-54.25035
4489094375.0,-54.24035
4489095312.5,-54.22422
4489096250.0,-54.29795
4489097187.5,-54.22287
4489098125.0,-54.30716
4489099062.5,-54.26732
4489100000.0,-54.23282
4489100937.5,-54.24894
4489101875.0,-54.28559
4489102812.5,-54.27542
4489103750.0,-54.31744
4489104687.5,-54.16611
4489105625.0,-54.23181
4489106562.5,-54.30713
4489107500.0,-54.21534
4489108437.5,-54.22755
4489109375.0,-54.21974
4489110312.5,-54.22878
4489111250.0,-54.20034
4489112187.5,-54.21042
4489113125.0,-54.24717
4489114062.5,-54.25447
4489115000.0,-54.27523
4489115937.5,-54.21465
4489116875.0,-54.32673
4489117812.5,-54.19596
4489118750.0,-54.25198
4489119687.5,-54.25137
4489120625.0,-54.27452
4489121562.5,-54.27114
4489122500.0,-54.25479
4489123437.5,-54.27501
4489124375.0,-54.22211
4489125312.5,-54.15753
4489126250.0,-54.18533
4489127187.5,-54.17996
4489128125.0,-54.25208
4489129062.5,-54.33347
4489130000.0,-54.24339
4489130937.5,-54.12407
4489131875.0,-54.19934
4489132812.5,-54.19107
4489133750.0,-54.19868
4489134687.5,-54.20099
4489135625.0,-54.2156
4489136562.5,-54.17168
4489137500.0,-54.17735
4489138437.5,-54.18528
4489139375.0,-54.28805
4489140312.5,-54.29432
4489141250.0,-54.21651
4489142187.5,-54.17606
4489143125.0,-54.22951
4489144062.5,-54.28225
4489145000.0,-54.17326
4489145937.5,-54.2513
4489146875.0,-54.30988
4489147812.5,-54.26183
4489148750.0,-54.20613
4489149687.5,-54.19689
4489150625.0,-54.1956
4489151562.5,-54.1619
4489152500.0,-54.18976
4489153437.5,-54.16535
4489154375.0,-54.2593
4489155312.5,-54.17772
4489156250.0,-54.14213
4489157187.5,-54.06749
4489158125.0,-54.25387
4489159062.5,-54.20917
4489160000.0,-54.22889
4489160937.5,-54.28595
4489161875.0,-54.21484
4489162812.5,-54.25048
4489163750.0,-54.18846
4489164687.5,-54.18325
4489165625.0,-54.18951
4489166562.5,-54.14668
4489167500.0,-54.2342
4489168437.5,-54.1713
4489169375.0,-54.29704
4489170312.5,-54.18896
4489171250.0,-54.25386
4489172187.5,-54.21674
4489173125.0,-54.22623
4489174062.5,-54.18019
4489175000.0,-54.1449
4489175937.5,-54.24379
4489176875.0,-54.03359
4489177812.5,-54.23792
4489178750.0,-54.2523
4489179687.5,-54.19444
4489180625.0,-54.19509
4489181562.5,-54.25276
4489182500.0,-54.2673
4489183437.5,-54.21848
4489184375.0,-54.19594
4489185312.5,-54.18124
4489186250.0,-54.2492
4489187187.5,-54.10363
4489188125.0,-54.24628
4489189062.5,-54.20403
4489190000.0,-54.14266
4489190937.5,-54.20807
4489191875.0,-54.16629
4489192812.5,-54.18422
4489193750.0,-54.18294
4489194687.5,-54.19482
4489195625.0,-54.27433
4489196562.5,-54.16017
4489197500.0,-54.22135
4489198437.5,-54.20791
4489199375.0,-54.1936
4489200312.5,-54.1255
4489201250.0,-54.14914
4489202187.5,-54.13391
4489203125.0,-54.20842
4489204062.5,-54.13615
4489205000.0,-54.22842
4489205937.5,-54.11373
4489206875.0,-54.24622
4489207812.5,-54.24408
4489208750.0,-54.29019
4489209687.5,-54.17655
4489210625.0,-54.16547
4489211562.5,-54.1626
4489212500.0,-54.09173
4489213437.5,-54.16899
4489214375.0,-54.2697
4489215312.5,-54.16064
4489216250.0,-54.18087
4489217187.5,-54.10869
4489218125.0,-54.20861
4489219062.5,-54.15217
4489220000.0,-54.07539
4489220937.5,-54.10683
4489221875.0,-54.19412
4489222812.5,-54.20077
4489223750.0,-54.27147
4489224687.5,-54.12564
4489225625.0,-54.16814
4489226562.5,-54.13291
4489227500.0,-54.15264
4489228437.5,-54.18552
4489229375.0,-54.20435
4489230312.5,-54.20907
4489231250.0,-54.1826
4489232187.5,-54.13419
4489233125.0,-54.17753
4489234062.5,-54.158
4489235000.0,-54.09698
4489235937.5,-54.18086
4489236875.0,-54.18966
4489237812.5,-54.16248
4489238750.0,-54.05838
4489239687.5,-54.29515
4489240625.0,-54.16652
4489241562.5,-54.05462
4489242500.0,-54.18354
4489243437.5,-54.26572
4489244375.0,-54.15257
4489245312.5,-54.16719
4489246250.0,-54.15112
4489247187.5,-54.14174
4489248125.0,-54.17123
4489249062.5,-54.19498
4489250000.0,-54.25869
4489250937.5,-54.18739
4489251875.0,-54.10096
4489252812.5,-54.13869
4489253750.0,-54.15667
4489254687.5,-54.13285
4489255625.0,-54.1302
4489256562.5,-54.17832
4489257500.0,-54.18927
4489258437.5,-54.3055
4489259375.0,-54.1832
4489260312.5,-54.16679
4489261250.0,-54.25364
4489262187.5,-54.18965
4489263125.0,-54.12681
4489264062.5,-54.07919
4489265000.0,-54.10345
4489265937.5,-54.14044
4489266875.0,-54.09764
4489267812.5,-54.11153
4489268750.0,-54.14352
4489269687.5,-54.11377
4489270625.0,-54.05609
4489271562.5,-54.20048
4489272500.0,-54.18482
4489273437.5,-54.15651
4489274375.0,-54.14186
4489275312.5,-54.10616
4489276250.0,-54.16739
4489277187.5,-54.10906
4489278125.0,-54.17789
4489279062.5,-54.13622
4489280000.0,-54.16522
4489280937.5,-54.14911
4489281875.0,-54.15142
4489282812.5,-54.17762
4489283750.0,-54.18139
4489284687.5,-54.14702
4489285625.0,-54.13229
4489286562.5,-54.15963
4489287500.0,-54.17699
4489288437.5,-54.15227
4489289375.0,-54.18416
4489290312.5,-54.15049
4489291250.0,-54.1625
4489292187.5,-54.13374
4489293125.0,-54.13684
4489294062.5,-54.09166
4489295000.0,-54.14183
4489295937.5,-54.15786
4489296875.0,-54.13747
4489297812.5,-54.23902
4489298750.0,-54.13676
4489299687.5,-54.11731
4489300625.0,-54.22393
4489301562.5,-54.07535
4489302500.0,-54.20018
4489303437.5,-54.14044
4489304375.0,-54.06985
4489305312.5,-54.21334
4489306250.0,-54.1739
4489307187.5,-54.11837
4489308125.0,-54.1273
4489309062.5,-54.11506
4489310000.0,-54.02756
4489310937.5,-54.00459
4489311875.0,-54.139
4489312812.5,-54.1246
4489313750.0,-54.11542
4489314687.5,-54.13827
4489315625.0,-54.09797
4489316562.5,-54.11681
4489317500.0,-54.18896
4489318437.5,-54.05302
4489319375.0,-54.11724
4489320312.5,-53.98148
4489321250.0,-54.08805
4489322187.5,-54.05022
4489323125.0,-54.11341
4489324062.5,-54.0845
4489325000.0,-54.13343
4489325937.5,-54.03658
4489326875.0,-54.11749
4489327812.5,-54.16953
4489328750.0,-54.10899
4489329687.5,-54.17713
4489330625.0,-54.21528
4489331562.5,-54.12488
4489332500.0,-54.10271
4489333437.5,-54.0619
4489334375.0,-54.08585
4489335312.5,-54.1386
4489336250.0,-54.09647
4489337187.5,-54.13086
4489338125.0,-54.08807
4489339062.5,-54.06989
4489340000.0,-54.26362
4489340937.5,-54.11563
4489341875.0,-54.11912
4489342812.5,-54.0557
4489343750.0,-54.13039
4489344687.5,-54.10427
4489345625.0,-54.10685
4489346562.5,-54.07449
4489347500.0,-54.12489
4489348437.5,-54.05153
4489349375.0,-54.15045
4489350312.5,-54.20191
4489351250.0,-54.09215
4489352187.5,-54.05268
4489353125.0,-54.11359
4489354062.5,-54.19401
4489355000.0,-54.08907
4489355937.5,-54.14893
4489356875.0,-54.11007
4489357812.5,-54.16623
4489358750.0,-54.05507
4489359687.5,-54.09124
4489360625.0,-54.10909
4489361562.5,-54.18377
4489362500.0,-54.05895
4489363437.5,-54.17447
4489364375.0,-54.0125
4489365312.5,-54.11522
4489366250.0,-54.12251
4489367187.5,-54.05452
4489368125.0,-54.18455
4489369062.5,-54.14216
4489370000.0,-54.15372
4489370937.5,-54.13995
4489371875.0,-54.1639
4489372812.5,-54.0887
4489373750.0,-54.16687
4489374687.5,-54.112
4489375625.0,-54.06271
4489376562.5,-54.08695
4489377500.0,-54.135
4489378437.5,-54.14941
4489379375.0,-54.1543
4489380312.5,-54.06927
4489381250.0,-54.04412
4489382187.5,-54.07548
4489383125.0,-54.16775
4489384062.5,-54.07356
4489385000.0,-54.12759
4489385937.5,-54.02631
4489386875.0,-54.11474
4489387812.5,-54.10038
4489388750.0,-54.08618
4489389687.5,-54.08908
4489390625.0,-54.10402
4489391562.5,-54.21162
4489392500.0,-54.10514
4489393437.5,-53.98839
4489394375.0,-54.08892
4489395312.5,-54.16287
4489396250.0,-54.09688
4489397187.5,-54.1383
4489398125.0,-54.13396
4489399062.5,-54.0951
4489400000.0,-54.13284
4489400937.5,-54.04515
4489401875.0,-54.06965
4489402812.5,-54.10051
4489403750.0,-54.01564
4489404687.5,-54.18975
4489405625.0,-54.07467
4489406562.5,-54.11827
4489407500.0,-53.99705
4489408437.5,-54.07999
4489409375.0,-54.12151
4489410312.5,-54.06715
4489411250.0,-54.11111
4489412187.5,-54.09377
4489413125.0,-54.10067
4489414062.5,-54.09941
4489415000.0,-54.08599
4489415937.5,-54.1041
4489416875.0,-54.02451
4489417812.5,-54.10038
4489418750.0,-54.0594
4489419687.5,-54.16876
4489420625.0,-54.14044
4489421562.5,-54.06681
4489422500.0,-54.04415
4489423437.5,-54.0249
4489424375.0,-54.02195
4489425312.5,-54.05259
4489426250.0,-54.17164
4489427187.5,-54.08372
4489428125.0,-54.09115
4489429062.5,-54.02051
4489430000.0,-54.13832
4489430937.5,-54.08122
4489431875.0,-54.09738
4489432812.5,-54.10787
4489433750.0,-54.15187
4489434687.5,-54.04838
4489435625.0,-54.03802
4489436562.5,-54.03734
4489437500.0,-54.10997
4489438437.5,-54.20476
4489439375.0,-54.04858
4489440312.5,-54.21957
4489441250.0,-54.035
4489442187.5,-54.12439
4489443125.0,-54.00721
4489444062.5,-54.11935
4489445000.0,-54.01269
4489445937.5,-54.05266
4489446875.0,-54.10868
4489447812.5,-54.08949
4489448750.0,-54.13474
4489449687.5,-53.98719
4489450625.0,-54.0905
4489451562.5,-54.02946
4489452500.0,-54.04301
4489453437.5,-54.03412
4489454375.0,-54.06768
4489455312.5,-54.07223
4489456250.0,-54.05204
4489457187.5,-54.01857
4489458125.0,-54.17533
4489459062.5,-54.04382
4489460000.0,-54.15083
4489460937.5,-54.10409
4489461875.0,-54.07062
4489462812.5,-54.15106
4489463750.0,-54.00211
4489464687.5,-54.1078
4489465625.0,-54.03568
4489466562.5,-54.07348
4489467500.0,-54.08763
4489468437.5,-54.03876
4489469375.0,-53.99217
4489470312.5,-54.00895
4489471250.0,-54.14731
4489472187.5,-54.17438
4489473125.0,-54.07138
4489474062.5,-53.98954
4489475000.0,-54.12008
4489475937.5,-54.03592
4489476875.0,-54.14153
4489477812.5,-54.06458
4489478750.0,-54.05441
4489479687.5,-54.10535
4489480625.0,-54.15279
4489481562.5,-54.05663
4489482500.0,-54.06968
4489483437.5,-54.08022
4489484375.0,-53.98251
4489485312.5,-54.02728
4489486250.0,-54.05452
4489487187.5,-53.95053
4489488125.0,-54.04719
4489489062.5,-54.08231
4489490000.0,-54.0948
4489490937.5,-54.01355
4489491875.0,-54.04095
4489492812.5,-53.94575
4489493750.0,-54.04039
4489494687.5,-54.01343
4489495625.0,-54.14432
4489496562.5,-54.09086
4489497500.0,-54.06241
4489498437.5,-54.09903
4489499375.0,-54.10823
4489500312.5,-54.01332
4489501250.0,-53.97804
4489502187.5,-54.07352
4489503125.0,-54.10722
4489504062.5,-54.01152
4489505000.0,-54.0664
4489505937.5,-54.02831
4489506875.0,-54.07474
4489507812.5,-54.10209
4489508750.0,-54.06829
4489509687.5,-54.04533
4489510625.0,-54.13497
4489511562.5,-54.09398
4489512500.0,-54.11533
4489513437.5,-54.05582
4489514375.0,-54.03117
4489515312.5,-54.03112
4489516250.0,-54.05685
4489517187.5,-54.10724
4489518125.0,-54.05008
4489519062.5,-54.01797
4489520000.0,-54.09665
4489520937.5,-54.02798
4489521875.0,-54.03362
4489522812.5,-54.08774
4489523750.0,-54.01222
4489524687.5,-54.0313
4489525625.0,-53.98551
4489526562.5,-54.0136
4489527500.0,-54.01099
4489528437.5,-54.08781
4489529375.0,-53.96769
4489530312.5,-54.03917
4489531250.0,-54.01389
4489532187.5,-54.06678
4489533125.0,-54.04809
4489534062.5,-54.12336
4489535000.0,-54.06305
4489535937.5,-54.13607
4489536875.0,-54.02549
4489537812.5,-54.03963
4489538750.0,-54.05379
4489539687.5,-54.04504
4489540625.0,-54.01386
4489541562.5,-53.94984
4489542500.0,-54.03815
4489543437.5,-54.03819
4489544375.0,-53.96857
4489545312.5,-54.05764
4489546250.0,-54.03722
4489547187.5,-54.0298
4489548125.0,-53.99226
4489549062.5,-54.09468
4489550000.0,-54.01371
4489550937.5,-53.9664
4489551875.0,-54.10149
4489552812.5,-54.09988
4489553750.0,-53.95206
4489554687.5,-53.98537
4489555625.0,-54.0063
4489556562.5,-53.99165
4489557500.0,-54.08706
4489558437.5,-54.01448
4489559375.0,-53.927
4489560312.5,-54.05643
4489561250.0,-53.94912
4489562187.5,-53.97351
4489563125.0,-54.0275
4489564062.5,-54.0596
4489565000.0,-53.94439
4489565937.5,-54.02268
4489566875.0,-53.96619
4489567812.5,-53.98969
4489568750.0,-53.97104
4489569687.5,-54.07599
4489570625.0,-53.96943
4489571562.5,-54.0262
4489572500.0,-54.02636
4489573437.5,-54.01078
4489574375.0,-53.97187
4489575312.5,-53.96188
4489576250.0,-53.95684
4489577187.5,-53.93821
4489578125.0,-54.03849
4489579062.5,-53.99839
4489580000.0,-54.12059
4489580937.5,-54.00592
4489581875.0,-54.01673
4489582812.5,-53.919
4489583750.0,-54.01958
4489584687.5,-53.93751
4489585625.0,-53.96239
4489586562.5,-54.11725
4489587500.0,-54.04842
4489588437.5,-54.06014
4489589375.0,-53.98042
4489590312.5,-54.05068
4489591250.0,-54.02232
4489592187.5,-54.05766
4489593125.0,-54.13046
4489594062.5,-54.03054
4489595000.0,-54.0841
4489595937.5,-54.05752
4489596875.0,-54.00216
4489597812.5,-54.02227
4489598750.0,-54.07946
4489599687.5,-54.0584
4489600625.0,-53.98473
4489601562.5,-54.02881
4489602500.0,-54.07711
4489603437.5,-53.97041
4489604375.0,-53.89539
4489605312.5,-53.96983
4489606250.0,-54.00805
4489607187.5,-53.96309
4489608125.0,-53.97083
4489609062.5,-54.07742
4489610000.0,-54.05094
4489610937.5,-54.01115
4489611875.0,-54.07114
4489612812.5,-54.00888
4489613750.0,-54.04006
4489614687.5,-53.96948
4489615625.0,-54.06717
4489616562.5,-54.02911
4489617500.0,-53.96242
4489618437.5,-54.01563
4489619375.0,-54.06404
4489620312.5,-54.09006
4489621250.0,-53.93102
4489622187.5,-53.95986
4489623125.0,-53.97441
4489624062.5,-53.98177
4489625000.0,-53.99081
4489625937.5,-53.97281
4489626875.0,-54.05126
4489627812.5,-54.02892
4489628750.0,-53.97209
4489629687.5,-54.07476
4489630625.0,-54.00916
4489631562.5,-54.03493
4489632500.0,-54.045
4489633437.5,-54.01046
4489634375.0,-54.09498
4489635312.5,-53.95804
4489636250.0,-54.05804
4489637187.5,-53.92287
4489638125.0,-53.99106
4489639062.5,-53.97034
4489640000.0,-53.9739
4489640937.5,-54.00871
4489641875.0,-53.90708
4489642812.5,-54.03706
4489643750.0,-53.97673
4489644687.5,-54.05917
4489645625.0,-54.0322
4489646562.5,-54.03289
4489647500.0,-54.02487
4489648437.5,-53.92847
4489649375.0,-53.94628
4489650312.5,-53.96238
4489651250.0,-53.90266
4489652187.5,-53.98739
4489653125.0,-53.98963
4489654062.5,-53.94082
4489655000.0,-53.97093
4489655937.5,-54.03994
4489656875.0,-53.99862
4489657812.5,-53.96598
4489658750.0,-53.99585
4489659687.5,-53.96845
4489660625.0,-53.95946
4489661562.5,-53.90289
4489662500.0,-53.97582
4489663437.5,-54.00102
4489664375.0,-53.86254
4489665312.5,-54.03959
4489666250.0,-53.93205
4489667187.5,-54.00042
4489668125.0,-54.0595
4489669062.5,-53.98425
4489670000.0,-53.94784
4489670937.5,-53.99526
4489671875.0,-53.97746
4489672812.5,-53.89888
4489673750.0,-53.99715
4489674687.5,-53.98162
4489675625.0,-53.90899
4489676562.5,-53.93715
4489677500.0,-53.99804
4489678437.5,-53.9547
4489679375.0,-53.8933
4489680312.5,-53.9323
4489681250.0,-53.97272
4489682187.5,-53.95058
4489683125.0,-53.98247
4489684062.5,-53.95544
4489685000.0,-53.94611
4489685937.5,-53.95001
4489686875.0,-53.91082
4489687812.5,-53.99709
4489688750.0,-53.9459
4489689687.5,-53.98704
4489690625.0,-53.94951
4489691562.5,-53.95464
4489692500.0,-53.9122
4489693437.5,-54.01059
4489694375.0,-53.99357
4489695312.5,-53.95425
4489696250.0,-53.96955
4489697187.5,-53.9882
4489698125.0,-53.92059
4489699062.5,-53.93835
4489700000.0,-53.98909
4489700937.5,-53.97681
4489701875.0,-53.95489
4489702812.5,-54.02558
4489703750.0,-53.9935
4489704687.5,-53.93209
4489705625.0,-53.99524
4489706562.5,-53.89023
4489707500.0,-54.00394
4489708437.5,-53.92377
4489709375.0,-53.94701
4489710312.5,-54.02208
4489711250.0,-53.90948
4489712187.5,-53.98785
4489713125.0,-53.93007
4489714062.5,-53.91856
4489715000.0,-54.00797
4489715937.5,-53.96126
4489716875.0,-53.95074
4489717812.5,-53.92674
4489718750.0,-53.89847
4489719687.5,-53.9684
4489720625.0,-53.94496
4489721562.5,-53.95203
4489722500.0,-53.88396
4489723437.5,-53.95048
4489724375.0,-53.93142
4489725312.5,-53.89281
4489726250.0,-53.99535
4489727187.5,-54.00903
4489728125.0,-53.91709
4489729062.5,-53.98684
4489730000.0,-53.90421
4489730937.5,-53.91645
4489731875.0,-53.89455
4489732812.5,-53.96348
4489733750.0,-53.94575
4489734687.5,-53.9944
4489735625.0,-54.01238
4489736562.5,-53.84868
4489737500.0,-53.96874
4489738437.5,-53.90891
4489739375.0,-53.88003
4489740312.5,-54.04213
4489741250.0,-53.89856
4489742187.5,-53.87511
4489743125.0,-53.91775
4489744062.5,-53.92028
4489745000.0,-53.92645
4489745937.5,-53.94953
4489746875.0,-53.91844
4489747812.5,-53.96
4489748750.0,-53.89011
4489749687.5,-53.87983
4489750625.0,-53.98306
4489751562.5,-53.90486
4489752500.0,-53.96465
4489753437.5,-53.92813
4489754375.0,-53.91414
4489755312.5,-53.96316
4489756250.0,-53.93711
4489757187.5,-53.87411
4489758125.0,-53.94725
4489759062.5,-53.91765
4489760000.0,-53.87377
4489760937.5,-53.99151
4489761875.0,-53.93857
4489762812.5,-53.94259
4489763750.0,-53.83553
4489764687.5,-53.98422
4489765625.0,-53.89741
4489766562.5,-53.95641
4489767500.0,-53.98869
4489768437.5,-54.00023
4489769375.0,-53.99883
4489770312.5,-53.91535
4489771250.0,-53.90675
4489772187.5,-53.9375
4489773125.0,-54.01939
4489774062.5,-53.97007
4489775000.0,-53.8886
4489775937.5,-53.87954
4489776875.0,-53.95836
4489777812.5,-53.96383
4489778750.0,-53.88144
4489779687.5,-53.96991
4489780625.0,-53.96187
4489781562.5,-53.93925
4489782500.0,-53.9939
4489783437.5,-53.93134
4489784375.0,-53.9267
4489785312.5,-53.90973
4489786250.0,-53.89662
4489787187.5,-53.97626
4489788125.0,-53.97103
4489789062.5,-53.98568
4489790000.0,-53.91857
4489790937.5,-53.98847
4489791875.0,-53.92024
4489792812.5,-53.90208
4489793750.0,-53.89611
4489794687.5,-53.87159
4489795625.0,-53.94025
4489796562.5,-53.91368
4489797500.0,-53.83699
4489798437.5,-53.89729
4489799375.0,-53.87967
4489800312.5,-53.93251
4489801250.0,-53.92092
4489802187.5,-53.90086
4489803125.0,-53.8948
4489804062.5,-53.90543
4489805000.0,-53.97892
4489805937.5,-53.88637
4489806875.0,-53.89922
4489807812.5,-53.86974
4489808750.0,-53.93571
4489809687.5,-53.87685
4489810625.0,-53.80839
4489811562.5,-53.814
4489812500.0,-53.92175
4489813437.5,-53.91563
4489814375.0,-53.88864
4489815312.5,-53.90392
4489816250.0,-53.93734
4489817187.5,-53.86749
4489818125.0,-53.92717
4489819062.5,-53.82224
4489820000.0,-53.93867
4489820937.5,-53.90382
4489821875.0,-53.9543
4489822812.5,-53.90232
4489823750.0,-53.96264
4489824687.5,-53.92555
4489825625.0,-53.85754
4489826562.5,-53.90988
4489827500.0,-53.90709
4489828437.5,-53.81633
4489829375.0,-53.87915
4489830312.5,-53.91163
4489831250.0,-53.96988
4489832187.5,-53.83525
4489833125.0,-53.92012
4489834062.5,-53.90777
4489835000.0,-53.9394
4489835937.5,-53.93475
4489836875.0,-53.93842
4489837812.5,-53.92884
4489838750.0,-53.86584
4489839687.5,-53.97124
4489840625.0,-53.94161
4489841562.5,-53.88842
4489842500.0,-53.85082
4489843437.5,-53.98444
4489844375.0,-53.9238
4489845312.5,-53.87212
4489846250.0,-53.83141
4489847187.5,-53.87467
4489848125.0,-53.93357
4489849062.5,-53.90772
4489850000.0,-53.80466
4489850937.5,-53.89845
4489851875.0,-53.91432
4489852812.5,-53.75279
4489853750.0,-53.89473
4489854687.5,-53.91272
4489855625.0,-53.80372
4489856562.5,-53.92112
4489857500.0,-53.83488
4489858437.5,-53.8419
4489859375.0,-53.93491
4489860312.5,-53.79898
4489861250.0,-53.95837
4489862187.5,-53.81573
4489863125.0,-53.91877
4489864062.5,-53.85277
4489865000.0,-53.85983
4489865937.5,-53.94368
4489866875.0,-53.84854
4489867812.5,-53.92127
4489868750.0,-53.83597
4489869687.5,-53.87904
4489870625.0,-53.85397
4489871562.5,-53.88085
4489872500.0,-53.84771
4489873437.5,-53.8399
4489874375.0,-53.95509
4489875312.5,-53.87026
4489876250.0,-53.83303
4489877187.5,-53.87448
4489878125.0,-53.90325
4489879062.5,-53.74028
4489880000.0,-53.91465
4489880937.5,-53.76687
4489881875.0,-53.83383
4489882812.5,-53.87785
4489883750.0,-53.81906
4489884687.5,-53.96524
4489885625.0,-53.85877
4489886562.5,-53.85494
4489887500.0,-53.82346
4489888437.5,-53.84375
4489889375.0,-53.89413
4489890312.5,-53.80893
4489891250.0,-53.79085
4489892187.5,-53.8809
4489893125.0,-53.83272
4489894062.5,-53.84657
4489895000.0,-53.89704
4489895937.5,-53.75121
4489896875.0,-53.80638
4489897812.5,-53.87639
4489898750.0,-53.99293
4489899687.5,-53.9332
4489900625.0,-53.76263
4489901562.5,-53.92953
4489902500.0,-53.86681
4489903437.5,-53.93517
4489904375.0,-53.8491
4489905312.5,-53.85208
4489906250.0,-53.79043
4489907187.5,-53.8155
4489908125.0,-53.79374
4489909062.5,-53.93509
4489910000.0,-53.85746
4489910937.5,-53.86944
4489911875.0,-53.80265
4489912812.5,-53.86037
4489913750.0,-53.85757
4489914687.5,-53.82708
4489915625.0,-53.8987
4489916562.5,-53.89623
4489917500.0,-53.81842
4489918437.5,-53.94855
4489919375.0,-53.87008
4489920312.5,-53.83456
4489921250.0,-53.84198
4489922187.5,-53.87868
4489923125.0,-53.87545
4489924062.5,-53.91026
4489925000.0,-53.89391
4489925937.5,-53.85058
4489926875.0,-53.83036
4489927812.5,-53.87847
4489928750.0,-53.81384
4489929687.5,-53.82259
4489930625.0,-53.89258
4489931562.5,-53.80669
4489932500.0,-53.99963
4489933437.5,-53.88097
4489934375.0,-53.86056
4489935312.5,-53.81255
4489936250.0,-53.89914
4489937187.5,-53.86475
4489938125.0,-53.82002
4489939062.5,-53.80314
4489940000.0,-53.8352
4489940937.5,-53.86018
4489941875.0,-53.84733
4489942812.5,-53.7372
4489943750.0,-53.8328
4489944687.5,-53.80136
4489945625.0,-53.81828
4489946562.5,-53.89006
4489947500.0,-53.90347
4489948437.5,-53.87716
4489949375.0,-53.93502
4489950312.5,-53.85815
4489951250.0,-53.87783
4489952187.5,-53.81533
4489953125.0,-53.78501
4489954062.5,-53.8175
4489955000.0,-53.81715
4489955937.5,-53.80623
4489956875.0,-53.83039
4489957812.5,-53.83854
4489958750.0,-53.82476
4489959687.5,-53.85036
4489960625.0,-53.82732
4489961562.5,-53.87667
4489962500.0,-53.85772
4489963437.5,-53.82824
4489964375.0,-53.82656
4489965312.5,-53.87213
4489966250.0,-53.7942
4489967187.5,-53.84098
4489968125.0,-53.7977
4489969062.5,-53.8343
4489970000.0,-53.84275
4489970937.5,-53.81288
4489971875.0,-53.85447
4489972812.5,-53.90044
4489973750.0,-53.82692
4489974687.5,-53.88439
4489975625.0,-53.83649
4489976562.5,-53.923
4489977500.0,-53.79055
4489978437.5,-53.93088
4489979375.0,-53.84006
4489980312.5,-53.83469
4489981250.0,-53.86848
4489982187.5,-53.86481
4489983125.0,-53.76423
4489984062.5,-53.84751
4489985000.0,-53.84327
4489985937.5,-53.8298
4489986875.0,-53.75348
4489987812.5,-53.80891
4489988750.0,-53.84053
4489989687.5,-53.76866
4489990625.0,-53.88042
4489991562.5,-53.8389
4489992500.0,-53.81845
4489993437.5,-53.82572
4489994375.0,-53.76524
4489995312.5,-53.78825
4489996250.0,-53.75174
4489997187.5,-53.71967
4489998125.0,-53.84181
4489999062.5,-53.89343
4490000000.0,-53.87281
4490000937.5,-53.71791
4490001875.0,-53.89514
4490002812.5,-53.83768
4490003750.0,-53.81251
4490004687.5,-53.81003
4490005625.0,-53.68158
4490006562.5,-53.82791
4490007500.0,-53.87269
4490008437.5,-53.7696
4490009375.0,-53.77861
4490010312.5,-53.82895
4490011250.0,-53.79762
4490012187.5,-53.77607
4490013125.0,-53.82302
4490014062.5,-53.74154
4490015000.0,-53.79049
4490015937.5,-53.83353
4490016875.0,-53.74512
4490017812.5,-53.86588
4490018750.0,-53.81483
4490019687.5,-53.77033
4490020625.0,-53.77942
4490021562.5,-53.82754
4490022500.0,-53.84064
4490023437.5,-53.75916
4490024375.0,-53.81222
4490025312.5,-53.78783
4490026250.0,-53.80148
4490027187.5,-53.85576
4490028125.0,-53.79723
4490029062.5,-53.78798
4490030000.0,-53.81778
4490030937.5,-53.82574
4490031875.0,-53.85067
4490032812.5,-53.80719
4490033750.0,-53.77677
4490034687.5,-53.78767
4490035625.0,-53.83317
4490036562.5,-53.91608
4490037500.0,-53.78887
4490038437.5,-53.81482
4490039375.0,-53.82499
4490040312.5,-53.85607
4490041250.0,-53.8667
4490042187.5,-53.74678
4490043125.0,-53.82042
4490044062.5,-53.68335
4490045000.0,-53.83884
4490045937.5,-53.78671
4490046875.0,-53.82711
4490047812.5,-53.80194
4490048750.0,-53.74462
4490049687.5,-53.7848
4490050625.0,-53.77703
4490051562.5,-53.76928
4490052500.0,-53.73947
4490053437.5,-53.79746
4490054375.0,-53.81723
4490055312.5,-53.76418
4490056250.0,-53.72516
4490057187.5,-53.74021
4490058125.0,-53.79472
4490059062.5,-53.715
4490060000.0,-53.87164
4490060937.5,-53.76292
4490061875.0,-53.7922
4490062812.5,-53.73796
4490063750.0,-53.84514
4490064687.5,-53.82356
4490065625.0,-53.77829
4490066562.5,-53.76242
4490067500.0,-53.72347
4490068437.5,-53.81539
4490069375.0,-53.80235
4490070312.5,-53.81243
4490071250.0,-53.7015
4490072187.5,-53.73923
4490073125.0,-53.73915
4490074062.5,-53.73331
4490075000.0,-53.71202
4490075937.5,-53.7678
4490076875.0,-53.80417
4490077812.5,-53.82994
4490078750.0,-53.79022
4490079687.5,-53.72366
4490080625.0,-53.85286
4490081562.5,-53.74533
4490082500.0,-53.76325
4490083437.5,-53.80443
4490084375.0,-53.79218
4490085312.5,-53.82455
4490086250.0,-53.77409
4490087187.5,-53.75209
4490088125.0,-53.77925
4490089062.5,-53.79938
4490090000.0,-53.77836
4490090937.5,-53.79281
4490091875.0,-53.81111
4490092812.5,-53.75688
4490093750.0,-53.78881
4490094687.5,-53.70977
4490095625.0,-53.82054
4490096562.5,-53.73075
4490097500.0,-53.73159
4490098437.5,-53.80547
4490099375.0,-53.86724
4490100312.5,-53.71758
4490101250.0,-53.77451
4490102187.5,-53.84589
4490103125.0,-53.79144
4490104062.5,-53.72258
4490105000.0,-53.74139
4490105937.5,-53.71703
4490106875.0,-53.76332
4490107812.5,-53.73957
4490108750.0,-53.7176
4490109687.5,-53.75188
4490110625.0,-53.7037
4490111562.5,-53.79984
4490112500.0,-53.7651
4490113437.5,-53.69632
4490114375.0,-53.80289
4490115312.5,-53.6911
4490116250.0,-53.77002
4490117187.5,-53.80999
4490118125.0,-53.7389
4490119062.5,-53.72397
4490120000.0,-53.74228
4490120937.5,-53.92239
4490121875.0,-53.68166
4490122812.5,-53.77195
4490123750.0,-53.7779
4490124687.5,-53.7075
4490125625.0,-53.70076
4490126562.5,-53.82509
4490127500.0,-53.76906
4490128437.5,-53.78748
4490129375.0,-53.84644
4490130312.5,-53.75433
4490131250.0,-53.76411
4490132187.5,-53.76768
4490133125.0,-53.74269
4490134062.5,-53.76351
4490135000.0,-53.88995
4490135937.5,-53.67251
4490136875.0,-53.70742
4490137812.5,-53.67259
4490138750.0,-53.6644
4490139687.5,-53.73687
4490140625.0,-53.67191
4490141562.5,-53.86607
4490142500.0,-53.66164
4490143437.5,-53.74997
4490144375.0,-53.73125
4490145312.5,-53.69041
4490146250.0,-53.76268
4490147187.5,-53.77861
4490148125.0,-53.76887
4490149062.5,-53.72149
4490150000.0,-53.78978
4490150937.5,-53.66003
4490151875.0,-53.72916
4490152812.5,-53.76181
4490153750.0,-53.82257
4490154687.5,-53.68803
4490155625.0,-53.71481
4490156562.5,-53.77245
4490157500.0,-53.74601
4490158437.5,-53.76768
4490159375.0,-53.76555
4490160312.5,-53.75087
4490161250.0,-53.66122
4490162187.5,-53.64361
4490163125.0,-53.80064
4490164062.5,-53.72265
4490165000.0,-53.81292
4490165937.5,-53.82148
4490166875.0,-53.68604
4490167812.5,-53.72449
4490168750.0,-53.73631
4490169687.5,-53.65057
4490170625.0,-53.68404
4490171562.5,-53.62577
4490172500.0,-53.68091
4490173437.5,-53.77075
4490174375.0,-53.70351
4490175312.5,-53.77705
4490176250.0,-53.75965
4490177187.5,-53.71386
4490178125.0,-53.70649
4490179062.5,-53.70314
4490180000.0,-53.7467
4490180937.5,-53.76408
4490181875.0,-53.72516
4490182812.5,-53.79124
4490183750.0,-53.81393
4490184687.5,-53.76969
4490185625.0,-53.74391
4490186562.5,-53.78886
4490187500.0,-53.65274
4490188437.5,-53.67043
4490189375.0,-53.72134
4490190312.5,-53.74104
4490191250.0,-53.68149
4490192187.5,-53.78498
4490193125.0,-53.78842
4490194062.5,-53.67072
4490195000.0,-53.82436
4490195937.5,-53.63632
4490196875.0,-53.71188
4490197812.5,-53.70372
4490198750.0,-53.73169
4490199687.5,-53.75324
4490200625.0,-53.70885
4490201562.5,-53.75393
4490202500.0,-53.68544
4490203437.5,-53.78241
4490204375.0,-53.64853
4490205312.5,-53.6884
4490206250.0,-53.71677
4490207187.5,-53.76219
4490208125.0,-53.70567
4490209062.5,-53.70583
4490210000.0,-53.77665
4490210937.5,-53.70021
4490211875.0,-53.74825
4490212812.5,-53.69098
4490213750.0,-53.70139
4490214687.5,-53.7164
4490215625.0,-53.71613
4490216562.5,-53.79284
4490217500.0,-53.77259
4490218437.5,-53.74277
4490219375.0,-53.81809
4490220312.5,-53.7193
4490221250.0,-53.65896
4490222187.5,-53.6576
4490223125.0,-53.68388
4490224062.5,-53.81644
4490225000.0,-53.78476
4490225937.5,-53.61994
4490226875.0,-53.80809
4490227812.5,-53.71995
4490228750.0,-53.70277
4490229687.5,-53.70895
4490230625.0,-53.71227
4490231562.5,-53.65888
4490232500.0,-53.66549
4490233437.5,-53.64453
4490234375.0,-53.65543
4490235312.5,-53.69124
4490236250.0,-53.65895
4490237187.5,-53.70246
4490238125.0,-53.70508
4490239062.5,-53.67987
4490240000.0,-53.71113
4490240937.5,-53.74996
4490241875.0,-53.63932
4490242812.5,-53.63914
4490243750.0,-53.73075
4490244687.5,-53.67094
4490245625.0,-53.71909
4490246562.5,-53.68649
4490247500.0,-53.77288
4490248437.5,-53.63736
4490249375.0,-53.67506
4490250312.5,-53.67318
4490251250.0,-53.69935
4490252187.5,-53.66786
4490253125.0,-53.82906
4490254062.5,-53.69033
4490255000.0,-53.62508
4490255937.5,-53.77013
4490256875.0,-53.79671
4490257812.5,-53.69344
4490258750.0,-53.72468
4490259687.5,-53.68933
4490260625.0,-53.65889
4490261562.5,-53.74534
4490262500.0,-53.66381
4490263437.5,-53.64954
4490264375.0,-53.6884
4490265312.5,-53.70583
4490266250.0,-53.72776
4490267187.5,-53.69409
4490268125.0,-53.73759
4490269062.5,-53.62531
4490270000.0,-53.72637
4490270937.5,-53.71127
4490271875.0,-53.65157
4490272812.5,-53.79866
4490273750.0,-53.67292
4490274687.5,-53.71515
4490275625.0,-53.68056
4490276562.5,-53.62569
4490277500.0,-53.69693
4490278437.5,-53.65131
4490279375.0,-53.70073
4490280312.5,-53.62589
4490281250.0,-53.76994
4490282187.5,-53.65774
4490283125.0,-53.62457
4490284062.5,-53.68046
4490285000.0,-53.68991
4490285937.5,-53.65398
4490286875.0,-53.70613
4490287812.5,-53.67629
4490288750.0,-53.6884
4490289687.5,-53.77234
4490290625.0,-53.67918
4490291562.5,-53.72546
4490292500.0,-53.66315
4490293437.5,-53.67457
4490294375.0,-53.63945
4490295312.5,-53.79753
4490296250.0,-53.68356
4490297187.5,-53.68604
4490298125.0,-53.74706
4490299062.5,-53.70318
4490300000.0,-53.78488
4490300937.5,-53.66622
4490301875.0,-53.66119
4490302812.5,-53.64669
4490303750.0,-53.71733
4490304687.5,-53.64772
4490305625.0,-53.7294
4490306562.5,-53.72139
4490307500.0,-53.67029
4490308437.5,-53.69624
4490309375.0,-53.66286
4490310312.5,-53.6653
4490311250.0,-53.61679
4490312187.5,-53.70158
4490313125.0,-53.64169
4490314062.5,-53.6457
4490315000.0,-53.66511
4490315937.5,-53.68396
4490316875.0,-53.62624
4490317812.5,-53.67897
4490318750.0,-53.61657
4490319687.5,-53.63041
4490320625.0,-53.6783
4490321562.5,-53.60457
4490322500.0,-53.71498
4490323437.5,-53.5704
4490324375.0,-53.62751
4490325312.5,-53.6622
4490326250.0,-53.65397
4490327187.5,-53.63455
4490328125.0,-53.76007
4490329062.5,-53.65625
4490330000.0,-53.68171
4490330937.5,-53.70002
4490331875.0,-53.69836
4490332812.5,-53.68035
4490333750.0,-53.67255
4490334687.5,-53.6251
4490335625.0,-53.74033
4490336562.5,-53.65314
4490337500.0,-53.56207
4490338437.5,-53.62318
4490339375.0,-53.58895
4490340312.5,-53.62796
4490341250.0,-53.60672
4490342187.5,-53.70179
4490343125.0,-53.72427
4490344062.5,-53.66656
4490345000.0,-53.6441
4490345937.5,-53.65921
4490346875.0,-53.68534
4490347812.5,-53.58878
4490348750.0,-53.61217
4490349687.5,-53.60566
4490350625.0,-53.65335
4490351562.5,-53.65218
4490352500.0,-53.56592
4490353437.5,-53.65812
4490354375.0,-53.64689
4490355312.5,-53.68126
4490356250.0,-53.60368
4490357187.5,-53.71749
4490358125.0,-53.60141
4490359062.5,-53.58297
4490360000.0,-53.62958
4490360937.5,-53.70607
4490361875.0,-53.6488
4490362812.5,-53.69708
4490363750.0,-53.62683
4490364687.5,-53.52914
4490365625.0,-53.63445
4490366562.5,-53.65854
4490367500.0,-53.61036
4490368437.5,-53.65581
4490369375.0,-53.73529
4490370312.5,-53.70273
4490371250.0,-53.67565
4490372187.5,-53.61571
4490373125.0,-53.6864
4490374062.5,-53.63745
4490375000.0,-53.73335
4490375937.5,-53.54371
4490376875.0,-53.64622
4490377812.5,-53.62995
4490378750.0,-53.67282
4490379687.5,-53.65587
4490380625.0,-53.61049
4490381562.5,-53.67761
4490382500.0,-53.7052
4490383437.5,-53.56832
4490384375.0,-53.63853
4490385312.5,-53.76409
4490386250.0,-53.56154
4490387187.5,-53.61415
4490388125.0,-53.60579
4490389062.5,-53.60057
4490390000.0,-53.6386
4490390937.5,-53.6501
4490391875.0,-53.6754
4490392812.5,-53.65954
4490393750.0,-53.73059
4490394687.5,-53.59693
4490395625.0,-53.60812
4490396562.5,-53.64238
4490397500.0,-53.68213
4490398437.5,-53.65904
4490399375.0,-53.69762
4490400312.5,-53.55103
4490401250.0,-53.58079
4490402187.5,-53.52514
4490403125.0,-53.61896
4490404062.5,-53.69491
4490405000.0,-53.6075
4490405937.5,-53.64432
4490406875.0,-53.66803
4490407812.5,-53.68498
4490408750.0,-53.63364
4490409687.5,-53.64666
4490410625.0,-53.67327
4490411562.5,-53.59601
4490412500.0,-53.63219
4490413437.5,-53.59532
4490414375.0,-53.65155
4490415312.5,-53.59941
4490416250.0,-53.58245
4490417187.5,-53.58427
4490418125.0,-53.60331
4490419062.5,-53.59659
4490420000.0,-53.69676
4490420937.5,-53.59372
4490421875.0,-53.71487
4490422812.5,-53.61745
4490423750.0,-53.54141
4490424687.5,-53.6
4490425625.0,-53.76494
4490426562.5,-53.68896
4490427500.0,-53.63989
4490428437.5,-53.64454
4490429375.0,-53.59356
4490430312.5,-53.63276
4490431250.0,-53.59056
4490432187.5,-53.60641
4490433125.0,-53.57545
4490434062.5,-53.56845
4490435000.0,-53.60155
4490435937.5,-53.62543
4490436875.0,-53.56508
4490437812.5,-53.60202
4490438750.0,-53.53943
4490439687.5,-53.67809
4490440625.0,-53.64394
4490441562.5,-53.64285
4490442500.0,-53.69052
4490443437.5,-53.54941
4490444375.0,-53.63533
4490445312.5,-53.51684
4490446250.0,-53.53652
4490447187.5,-53.57197
4490448125.0,-53.54523
4490449062.5,-53.54322
4490450000.0,-53.65754
4490450937.5,-53.57639
4490451875.0,-53.59866
4490452812.5,-53.56046
4490453750.0,-53.63836
4490454687.5,-53.64674
4490455625.0,-53.67353
4490456562.5,-53.64275
4490457500.0,-53.63405
4490458437.5,-53.61045
4490459375.0,-53.6097
4490460312.5,-53.58268
4490461250.0,-53.63867
4490462187.5,-53.60915
4490463125.0,-53.57601
4490464062.5,-53.51208
4490465000.0,-53.55463
4490465937.5,-53.69403
4490466875.0,-53.55619
4490467812.5,-53.57213
4490468750.0,-53.58997
4490469687.5,-53.5454
4490470625.0,-53.59686
4490471562.5,-53.63882
4490472500.0,-53.58519
4490473437.5,-53.65332
4490474375.0,-53.55436
4490475312.5,-53.50908
4490476250.0,-53.53117
4490477187.5,-53.61668
4490478125.0,-53.60472
4490479062.5,-53.56328
4490480000.0,-53.52147
4490480937.5,-53.53568
4490481875.0,-53.53976
4490482812.5,-53.56366
4490483750.0,-53.5645
4490484687.5,-53.61066
4490485625.0,-53.58191
4490486562.5,-53.59501
4490487500.0,-53.57825
4490488437.5,-53.64936
4490489375.0,-53.56541
4490490312.5,-53.58286
4490491250.0,-53.5869
4490492187.5,-53.67308
4490493125.0,-53.60886
4490494062.5,-53.55201
4490495000.0,-53.49257
4490495937.5,-53.51725
4490496875.0,-53.53629
4490497812.5,-53.58267
4490498750.0,-53.52567
4490499687.5,-53.47298
4490500625.0,-53.56078
4490501562.5,-53.60061
4490502500.0,-53.54897
4490503437.5,-53.50617
4490504375.0,-53.5149
4490505312.5,-53.55741
4490506250.0,-53.65903
4490507187.5,-53.66409
4490508125.0,-53.55556
4490509062.5,-53.68213
4490510000.0,-53.54182
4490510937.5,-53.51019
4490511875.0,-53.596
4490512812.5,-53.61805
4490513750.0,-53.50875
4490514687.5,-53.62568
4490515625.0,-53.57824
4490516562.5,-53.52079
4490517500.0,-53.62242
4490518437.5,-53.54212
4490519375.0,-53.52314
4490520312.5,-53.56118
4490521250.0,-53.52295
4490522187.5,-53.55495
4490523125.0,-53.58797
4490524062.5,-53.53867
4490525000.0,-53.53286
4490525937.5,-53.57137
4490526875.0,-53.64575
4490527812.5,-53.59308
4490528750.0,-53.64322
4490529687.5,-53.66999
4490530625.0,-53.56051
4490531562.5,-53.58943
4490532500.0,-53.44621
4490533437.5,-53.55828
4490534375.0,-53.52073
4490535312.5,-53.53057
4490536250.0,-53.54816
4490537187.5,-53.60978
4490538125.0,-53.64578
4490539062.5,-53.51881
4490540000.0,-53.56674
4490540937.5,-53.56779
4490541875.0,-53.5927
4490542812.5,-53.52057
4490543750.0,-53.56108
4490544687.5,-53.65454
4490545625.0,-53.59766
4490546562.5,-53.45689
4490547500.0,-53.57751
4490548437.5,-53.61888
4490549375.0,-53.53789
4490550312.5,-53.59015
4490551250.0,-53.49903
4490552187.5,-53.54632
4490553125.0,-53.5062
4490554062.5,-53.5635
4490555000.0,-53.56038
4490555937.5,-53.54472
4490556875.0,-53.56786
4490557812.5,-53.55624
4490558750.0,-53.51405
4490559687.5,-53.55389
4490560625.0,-53.53794
4490561562.5,-53.57133
4490562500.0,-53.56506
4490563437.5,-53.64854
4490564375.0,-53.56586
4490565312.5,-53.60792
4490566250.0,-53.54902
4490567187.5,-53.58451
4490568125.0,-53.45995
4490569062.5,-53.47544
4490570000.0,-53.54394
4490570937.5,-53.5885
4490571875.0,-53.61341
4490572812.5,-53.52006
4490573750.0,-53.57341
4490574687.5,-53.5029
4490575625.0,-53.57478
4490576562.5,-53.56163
4490577500.0,-53.46291
4490578437.5,-53.58443
4490579375.0,-53.49827
4490580312.5,-53.54042
4490581250.0,-53.46263
4490582187.5,-53.52055
4490583125.0,-53.52758
4490584062.5,-53.58907
4490585000.0,-53.56393
4490585937.5,-53.53001
4490586875.0,-53.58321
4490587812.5,-53.48394
4490588750.0,-53.54434
4490589687.5,-53.52485
4490590625.0,-53.46425
4490591562.5,-53.57763
4490592500.0,-53.52765
4490593437.5,-53.51073
4490594375.0,-53.59971
4490595312.5,-53.55241
4490596250.0,-53.54984
4490597187.5,-53.51087
4490598125.0,-53.51146
4490599062.5,-53.56276
4490600000.0,-53.60534
4490600937.5,-53.51181
4490601875.0,-53.49629
4490602812.5,-53.54548
4490603750.0,-53.49669
4490604687.5,-53.48001
4490605625.0,-53.57622
4490606562.5,-53.45118
4490607500.0,-53.50965
4490608437.5,-53.50116
4490609375.0,-53.49346
4490610312.5,-53.60494
4490611250.0,-53.5849
4490612187.5,-53.53831
4490613125.0,-53.48055
4490614062.5,-53.57145
4490615000.0,-53.52742
4490615937.5,-53.50483
4490616875.0,-53.51862
4490617812.5,-53.52769
4490618750.0,-53.51915
4490619687.5,-53.49903
4490620625.0,-53.51152
4490621562.5,-53.46915
4490622500.0,-53.50699
4490623437.5,-53.46878
4490624375.0,-53.49922
4490625312.5,-53.66555
4490626250.0,-53.50645
4490627187.5,-53.51716
4490628125.0,-53.51954
4490629062.5,-53.54463
4490630000.0,-53.56757
4490630937.5,-53.54239
4490631875.0,-53.56998
4490632812.5,-53.44072
4490633750.0,-53.52828
4490634687.5,-53.50601
4490635625.0,-53.46557
4490636562.5,-53.52392
4490637500.0,-53.4487
4490638437.5,-53.50005
4490639375.0,-53.54093
4490640312.5,-53.53088
4490641250.0,-53.54438
4490642187.5,-53.45139
4490643125.0,-53.51133
4490644062.5,-53.4907
4490645000.0,-53.40759
4490645937.5,-53.52547
4490646875.0,-53.45619
4490647812.5,-53.52261
4490648750.0,-53.56256
4490649687.5,-53.49694
4490650625.0,-53.46892
4490651562.5,-53.52995
4490652500.0,-53.52331
4490653437.5,-53.46796
4490654375.0,-53.55068
4490655312.5,-53.57577
4490656250.0,-53.50024
4490657187.5,-53.43573
4490658125.0,-53.53082
4490659062.5,-53.5617
4490660000.0,-53.48706
4490660937.5,-53.50694
4490661875.0,-53.50188
4490662812.5,-53.52562
4490663750.0,-53.44978
4490664687.5,-53.55417
4490665625.0,-53.42908
4490666562.5,-53.44917
4490667500.0,-53.48968
4490668437.5,-53.5089
4490669375.0,-53.47283
4490670312.5,-53.38131
4490671250.0,-53.56098
4490672187.5,-53.46697
4490673125.0,-53.4085
4490674062.5,-53.54766
4490675000.0,-53.46682
4490675937.5,-53.55286
4490676875.0,-53.46456
4490677812.5,-53.48393
4490678750.0,-53.51066
4490679687.5,-53.49904
4490680625.0,-53.47504
4490681562.5,-53.53119
4490682500.0,-53.45223
4490683437.5,-53.5326
4490684375.0,-53.4794
4490685312.5,-53.49545
4490686250.0,-53.5484
4490687187.5,-53.46558
4490688125.0,-53.48713
4490689062.5,-53.51475
4490690000.0,-53.41533
4490690937.5,-53.48897
4490691875.0,-53.49628
4490692812.5,-53.51642
4490693750.0,-53.55205
4490694687.5,-53.51587
4490695625.0,-53.48088
4490696562.5,-53.48759
4490697500.0,-53.465
4490698437.5,-53.53602
4490699375.0,-53.47182
4490700312.5,-53.60804
4490701250.0,-53.40805
4490702187.5,-53.49699
4490703125.0,-53.50214
4490704062.5,-53.47134
4490705000.0,-53.48312
4490705937.5,-53.48264
4490706875.0,-53.43517
4490707812.5,-53.45988
4490708750.0,-53.50365
4490709687.5,-53.47891
4490710625.0,-53.45294
4490711562.5,-53.54455
4490712500.0,-53.51809
4490713437.5,-53.57631
4490714375.0,-53.41168
4490715312.5,-53.38174
4490716250.0,-53.47465
4490717187.5,-53.53447
4490718125.0,-53.45042
4490719062.5,-53.38881
4490720000.0,-53.4135
4490720937.5,-53.42371
4490721875.0,-53.45797
4490722812.5,-53.41025
4490723750.0,-53.39528
4490724687.5,-53.43476
4490725625.0,-53.40926
4490726562.5,-53.37142
4490727500.0,-53.54466
4490728437.5,-53.5114
4490729375.0,-53.49844
4490730312.5,-53.51088
4490731250.0,-53.42214
4490732187.5,-53.43999
4490733125.0,-53.5016
4490734062.5,-53.42485
4490735000.0,-53.5031
4490735937.5,-53.48474
4490736875.0,-53.4972
4490737812.5,-53.35776
4490738750.0,-53.45028
4490739687.5,-53.51838
4490740625.0,-53.47915
4490741562.5,-53.3489
4490742500.0,-53.53603
4490743437.5,-53.45328
4490744375.0,-53.44687
4490745312.5,-53.47577
4490746250.0,-53.46321
4490747187.5,-53.54359
4490748125.0,-53.43121
4490749062.5,-53.4012
4490750000.0,-53.47041
4490750937.5,-53.4558
4490751875.0,-53.4479
4490752812.5,-53.36051
4490753750.0,-53.42538
4490754687.5,-53.43401
4490755625.0,-53.49773
4490756562.5,-53.46892
4490757500.0,-53.45755
4490758437.5,-53.37272
4490759375.0,-53.44361
4490760312.5,-53.51284
4490761250.0,-53.45478
4490762187.5,-53.49706
4490763125.0,-53.47098
4490764062.5,-53.47837
4490765000.0,-53.38457
4490765937.5,-53.44449
4490766875.0,-53.40776
4490767812.5,-53.47019
4490768750.0,-53.45305
4490769687.5,-53.36484
4490770625.0,-53.46418
4490771562.5,-53.41448
4490772500.0,-53.52916
4490773437.5,-53.43319
4490774375.0,-53.48943
4490775312.5,-53.45571
4490776250.0,-53.38641
4490777187.5,-53.4893
4490778125.0,-53.46605
4490779062.5,-53.40132
4490780000.0,-53.3689
4490780937.5,-53.42389
4490781875.0,-53.4922
4490782812.5,-53.43937
4490783750.0,-53.36234
4490784687.5,-53.38793
4490785625.0,-53.44073
4490786562.5,-53.41605
4490787500.0,-53.3944
4490788437.5,-53.53566
4490789375.0,-53.44776
4490790312.5,-53.4295
4490791250.0,-53.52845
4490792187.5,-53.44342
4490793125.0,-53.43628
4490794062.5,-53.41974
4490795000.0,-53.41039
4490795937.5,-53.48235
4490796875.0,-53.51137
4490797812.5,-53.43512
4490798750.0,-53.44417
4490799687.5,-53.41147
4490800625.0,-53.51792
4490801562.5,-53.4958
4490802500.0,-53.3817
4490803437.5,-53.47476
4490804375.0,-53.47543
4490805312.5,-53.47243
4490806250.0,-53.44458
4490807187.5,-53.45967
4490808125.0,-53.45566
4490809062.5,-53.36329
4490810000.0,-53.5001
4490810937.5,-53.41678
4490811875.0,-53.45354
4490812812.5,-53.43644
4490813750.0,-53.44507
4490814687.5,-53.42464
4490815625.0,-53.4468
4490816562.5,-53.44156
4490817500.0,-53.30027
4490818437.5,-53.34002
4490819375.0,-53.34875
4490820312.5,-53.4595
4490821250.0,-53.39695
4490822187.5,-53.39975
4490823125.0,-53.36423
4490824062.5,-53.44526
4490825000.0,-53.42952
4490825937.5,-53.40587
4490826875.0,-53.38363
4490827812.5,-53.47509
4490828750.0,-53.34616
4490829687.5,-53.4761
4490830625.0,-53.36689
4490831562.5,-53.43317
4490832500.0,-53.44861
4490833437.5,-53.51609
4490834375.0,-53.33744
4490835312.5,-53.41809
4490836250.0,-53.33
4490837187.5,-53.46369
4490838125.0,-53.37171
4490839062.5,-53.36068
4490840000.0,-53.41417
4490840937.5,-53.38633
4490841875.0,-53.48074
4490842812.5,-53.47292
4490843750.0,-53.43999
4490844687.5,-53.38015
4490845625.0,-53.34768
4490846562.5,-53.33943
4490847500.0,-53.32847
4490848437.5,-53.41531
4490849375.0,-53.40077
4490850312.5,-53.40294
4490851250.0,-53.34927
4490852187.5,-53.34648
4490853125.0,-53.33058
4490854062.5,-53.41727
4490855000.0,-53.34505
4490855937.5,-53.44048
4490856875.0,-53.44145
4490857812.5,-53.42879
4490858750.0,-53.4706
4490859687.5,-53.41573
4490860625.0,-53.41407
4490861562.5,-53.41444
4490862500.0,-53.38007
4490863437.5,-53.34801
4490864375.0,-53.44827
4490865312.5,-53.40752
4490866250.0,-53.32207
4490867187.5,-53.30618
4490868125.0,-53.39643
4490869062.5,-53.40522
4490870000.0,-53.33924
4490870937.5,-53.42443
4490871875.0,-53.37423
4490872812.5,-53.40197
4490873750.0,-53.36776
4490874687.5,-53.36431
4490875625.0,-53.33411
4490876562.5,-53.41004
4490877500.0,-53.37383
4490878437.5,-53.36441
4490879375.0,-53.44445
4490880312.5,-53.42101
4490881250.0,-53.41898
4490882187.5,-53.39284
4490883125.0,-53.32137
4490884062.5,-53.4134
4490885000.0,-53.44131
4490885937.5,-53.44813
4490886875.0,-53.3774
4490887812.5,-53.4474
4490888750.0,-53.36866
4490889687.5,-53.39743
4490890625.0,-53.48935
4490891562.5,-53.33556
4490892500.0,-53.28723
4490893437.5,-53.34677
4490894375.0,-53.39621
4490895312.5,-53.41421
4490896250.0,-53.46897
4490897187.5,-53.34347
4490898125.0,-53.37888
4490899062.5,-53.43919
4490900000.0,-53.37458
4490900937.5,-53.44643
4490901875.0,-53.43676
4490902812.5,-53.45812
4490903750.0,-53.37767
4490904687.5,-53.44299
4490905625.0,-53.32986
4490906562.5,-53.39751
4490907500.0,-53.37447
4490908437.5,-53.39283
4490909375.0,-53.29529
4490910312.5,-53.32191
4490911250.0,-53.40746
4490912187.5,-53.39692
4490913125.0,-53.33039
4490914062.5,-53.41966
4490915000.0,-53.38146
4490915937.5,-53.4349
4490916875.0,-53.40513
4490917812.5,-53.34535
4490918750.0,-53.39309
4490919687.5,-53.38821
4490920625.0,-53.34009
4490921562.5,-53.40763
4490922500.0,-53.38228
4490923437.5,-53.32582
4490924375.0,-53.36392
4490925312.5,-53.39502
4490926250.0,-53.28294
4490927187.5,-53.36861
4490928125.0,-53.34277
4490929062.5,-53.36538
4490930000.0,-53.44526
4490930937.5,-53.34351
4490931875.0,-53.35098
4490932812.5,-53.37233
4490933750.0,-53.34766
4490934687.5,-53.31333
4490935625.0,-53.29004
4490936562.5,-53.4025
4490937500.0,-53.35705
4490938437.5,-53.46428
4490939375.0,-53.33366
4490940312.5,-53.32371
4490941250.0,-53.44788
4490942187.5,-53.33043
4490943125.0,-53.30283
4490944062.5,-53.34055
4490945000.0,-53.33055
4490945937.5,-53.36348
4490946875.0,-53.25816
4490947812.5,-53.41317
4490948750.0,-53.40049
4490949687.5,-53.36488
4490950625.0,-53.33791
4490951562.5,-53.36553
4490952500.0,-53.43909
4490953437.5,-53.34212
4490954375.0,-53.26126
4490955312.5,-53.32151
4490956250.0,-53.37125
4490957187.5,-53.45776
4490958125.0,-53.41747
4490959062.5,-53.38074
4490960000.0,-53.31199
4490960937.5,-53.37743
4490961875.0,-53.25064
4490962812.5,-53.29536
4490963750.0,-53.41745
4490964687.5,-53.33507
4490965625.0,-53.39317
4490966562.5,-53.34955
4490967500.0,-53.34048
4490968437.5,-53.40921
4490969375.0,-53.38652
4490970312.5,-53.34934
4490971250.0,-53.35112
4490972187.5,-53.36653
4490973125.0,-53.28076
4490974062.5,-53.30962
4490975000.0,-53.30956
4490975937.5,-53.36825
4490976875.0,-53.32498
4490977812.5,-53.35417
4490978750.0,-53.35731
4490979687.5,-53.29329
4490980625.0,-53.39252
4490981562.5,-53.31268
4490982500.0,-53.31413
4490983437.5,-53.34039
4490984375.0,-53.38969
4490985312.5,-53.36111
4490986250.0,-53.33281
4490987187.5,-53.34645
4490988125.0,-53.38184
4490989062.5,-53.38083
4490990000.0,-53.28607
4490990937.5,-53.30114
4490991875.0,-53.34776
4490992812.5,-53.31448
4490993750.0,-53.23117
4490994687.5,-53.30725
4490995625.0,-53.28899
4490996562.5,-53.35664
4490997500.0,-53.35253
4490998437.5,-53.29631
4490999375.0,-53.36341
4491000312.5,-53.37278
4491001250.0,-53.27884
4491002187.5,-53.26964
4491003125.0,-53.39149
4491004062.5,-53.30428
4491005000.0,-53.22745
4491005937.5,-53.27992
4491006875.0,-53.27351
4491007812.5,-53.34628
4491008750.0,-53.20709
4491009687.5,-53.37639
4491010625.0,-53.33125
4491011562.5,-53.28915
4491012500.0,-53.35415
4491013437.5,-53.2952
4491014375.0,-53.2799
4491015312.5,-53.23569
4491016250.0,-53.34814
4491017187.5,-53.29805
4491018125.0,-53.28224
4491019062.5,-53.3746
4491020000.0,-53.29017
4491020937.5,-53.33642
4491021875.0,-53.38026
4491022812.5,-53.33318
4491023750.0,-53.31845
4491024687.5,-53.29736
4491025625.0,-53.35498
4491026562.5,-53.32655
4491027500.0,-53.35949
4491028437.5,-53.3332
4491029375.0,-53.32597
4491030312.5,-53.32001
4491031250.0,-53.35733
4491032187.5,-53.3373
4491033125.0,-53.34204
4491034062.5,-53.34622
4491035000.0,-53.24551
4491035937.5,-53.27494
4491036875.0,-53.37407
4491037812.5,-53.25131
4491038750.0,-53.29794
4491039687.5,-53.32728
4491040625.0,-53.25836
4491041562.5,-53.25216
4491042500.0,-53.3599
4491043437.5,-53.28559
4491044375.0,-53.31675
4491045312.5,-53.29142
4491046250.0,-53.26268
4491047187.5,-53.25702
4491048125.0,-53.34117
4491049062.5,-53.29228
4491050000.0,-53.31005
4491050937.5,-53.24723
4491051875.0,-53.2374
4491052812.5,-53.27078
4491053750.0,-53.28857
4491054687.5,-53.22889
4491055625.0,-53.28252
4491056562.5,-53.30094
4491057500.0,-53.33611
4491058437.5,-53.3311
4491059375.0,-53.3404
4491060312.5,-53.30534
4491061250.0,-53.28714
4491062187.5,-53.31829
4491063125.0,-53.2868
4491064062.5,-53.24145
4491065000.0,-53.33424
4491065937.5,-53.24535
4491066875.0,-53.27871
4491067812.5,-53.35412
4491068750.0,-53.30523
4491069687.5,-53.26246
4491070625.0,-53.3326
4491071562.5,-53.2972
4491072500.0,-53.38019
4491073437.5,-53.32471
4491074375.0,-53.18289
4491075312.5,-53.21698
4491076250.0,-53.28658
4491077187.5,-53.32898
4491078125.0,-53.3084
4491079062.5,-53.33268
4491080000.0,-53.30333
4491080937.5,-53.2967
4491081875.0,-53.31054
4491082812.5,-53.26153
4491083750.0,-53.2946
4491084687.5,-53.27818
4491085625.0,-53.23526
4491086562.5,-53.33575
4491087500.0,-53.20544
4491088437.5,-53.27642
4491089375.0,-53.3213
4491090312.5,-53.37627
4491091250.0,-53.14796
4491092187.5,-53.34253
4491093125.0,-53.24554
4491094062.5,-53.26198
4491095000.0,-53.365
4491095937.5,-53.2683
4491096875.0,-53.30186
4491097812.5,-53.31631
4491098750.0,-53.29538
4491099687.5,-53.28793
4491100625.0,-53.32811
4491101562.5,-53.25626
4491102500.0,-53.29296
4491103437.5,-53.31846
4491104375.0,-53.26675
4491105312.5,-53.32598
4491106250.0,-53.26182
4491107187.5,-53.38271
4491108125.0,-53.25785
4491109062.5,-53.25637
4491110000.0,-53.2372
4491110937.5,-53.32331
4491111875.0,-53.32341
4491112812.5,-53.26512
4491113750.0,-53.23845
4491114687.5,-53.29205
4491115625.0,-53.28125
4491116562.5,-53.29456
4491117500.0,-53.28018
4491118437.5,-53.31818
4491119375.0,-53.14513
4491120312.5,-53.2214
4491121250.0,-53.24149
4491122187.5,-53.24366
4491123125.0,-53.27248
4491124062.5,-53.17839
4491125000.0,-53.19097
4491125937.5,-53.26356
4491126875.0,-53.27364
4491127812.5,-53.20757
4491128750.0,-53.29068
4491129687.5,-53.29365
4491130625.0,-53.24089
4491131562.5,-53.20942
4491132500.0,-53.27465
4491133437.5,-53.28257
4491134375.0,-53.25072
4491135312.5,-53.31046
4491136250.0,-53.1678
4491137187.5,-53.26532
4491138125.0,-53.20029
4491139062.5,-53.18432
4491140000.0,-53.27528
4491140937.5,-53.18535
4491141875.0,-53.31197
4491142812.5,-53.32089
4491143750.0,-53.28816
4491144687.5,-53.21271
4491145625.0,-53.16792
4491146562.5,-53.26112
4491147500.0,-53.29607
4491148437.5,-53.29143
4491149375.0,-53.23446
4491150312.5,-53.25126
4491151250.0,-53.2842
4491152187.5,-53.27192
4491153125.0,-53.19154
4491154062.5,-53.24641
4491155000.0,-53.22626
4491155937.5,-53.26581
4491156875.0,-53.20609
4491157812.5,-53.27979
4491158750.0,-53.26175
4491159687.5,-53.28138
4491160625.0,-53.23292
4491161562.5,-53.21158
4491162500.0,-53.28915
4491163437.5,-53.22107
4491164375.0,-53.24834
4491165312.5,-53.29763
4491166250.0,-53.1457
4491167187.5,-53.25328
4491168125.0,-53.17192
4491169062.5,-53.23693
4491170000.0,-53.32428
4491170937.5,-53.26797
4491171875.0,-53.3194
4491172812.5,-53.2009
4491173750.0,-53.19285
4491174687.5,-53.18002
4491175625.0,-53.24759
4491176562.5,-53.26363
4491177500.0,-53.21429
4491178437.5,-53.21865
4491179375.0,-53.18322
4491180312.5,-53.29623
4491181250.0,-53.30059
4491182187.5,-53.24122
4491183125.0,-53.19719
4491184062.5,-53.20986
4491185000.0,-53.27995
4491185937.5,-53.2548
4491186875.0,-53.31221
4491187812.5,-53.15704
4491188750.0,-53.22906
4491189687.5,-53.31803
4491190625.0,-53.16975
4491191562.5,-53.22541
4491192500.0,-53.25056
4491193437.5,-53.26024
4491194375.0,-53.22672
4491195312.5,-53.23442
4491196250.0,-53.27589
4491197187.5,-53.25353
4491198125.0,-53.29025
4491199062.5,-53.30128
4491200000.0,-53.27844
4491200937.5,-53.27077
4491201875.0,-53.23467
4491202812.5,-53.20602
4491203750.0,-53.26613
4491204687.5,-53.25846
4491205625.0,-53.15074
4491206562.5,-53.19093
4491207500.0,-53.20415
4491208437.5,-53.2606
4491209375.0,-53.20309
4491210312.5,-53.23782
4491211250.0,-53.25456
4491212187.5,-53.19262
4491213125.0,-53.27747
4491214062.5,-53.26911
4491215000.0,-53.31379
4491215937.5,-53.2354
4491216875.0,-53.1832
4491217812.5,-53.23684
4491218750.0,-53.22179
4491219687.5,-53.21992
4491220625.0,-53.17194
4491221562.5,-53.19194
4491222500.0,-53.22747
4491223437.5,-53.16781
4491224375.0,-53.25737
4491225312.5,-53.23027
4491226250.0,-53.26785
4491227187.5,-53.23409
4491228125.0,-53.11771
4491229062.5,-53.22844
4491230000.0,-53.1633
4491230937.5,-53.24392
4491231875.0,-53.14355
4491232812.5,-53.21358
4491233750.0,-53.23648
4491234687.5,-53.25745
4491235625.0,-53.18333
4491236562.5,-53.24207
4491237500.0,-53.23445
4491238437.5,-53.22039
4491239375.0,-53.26189
4491240312.5,-53.12292
4491241250.0,-53.20508
4491242187.5,-53.22695
4491243125.0,-53.19008
4491244062.5,-53.19475
4491245000.0,-53.24244
4491245937.5,-53.20082
4491246875.0,-53.18655
4491247812.5,-53.17052
4491248750.0,-53.25473
4491249687.5,-53.15994
4491250625.0,-53.26243
4491251562.5,-53.20979
4491252500.0,-53.21206
4491253437.5,-53.18425
4491254375.0,-53.20979
4491255312.5,-53.20794
4491256250.0,-53.19206
4491257187.5,-53.12343
4491258125.0,-53.1811
4491259062.5,-53.16901
4491260000.0,-53.25293
4491260937.5,-53.23083
4491261875.0,-53.1823
4491262812.5,-53.13797
4491263750.0,-53.16818
4491264687.5,-53.18638
4491265625.0,-53.20031
4491266562.5,-53.16633
4491267500.0,-53.22628
4491268437.5,-53.19245
4491269375.0,-53.14245
4491270312.5,-53.22569
4491271250.0,-53.12207
4491272187.5,-53.17486
4491273125.0,-53.20971
4491274062.5,-53.20304
4491275000.0,-53.13858
4491275937.5,-53.15522
4491276875.0,-53.17218
4491277812.5,-53.17503
4491278750.0,-53.2606
4491279687.5,-53.18554
4491280625.0,-53.2221
4491281562.5,-53.23796
4491282500.0,-53.14282
4491283437.5,-53.19571
4491284375.0,-53.16286
4491285312.5,-53.22857
4491286250.0,-53.13284
4491287187.5,-53.18002
4491288125.0,-53.16949
4491289062.5,-53.12902
4491290000.0,-53.13202
4491290937.5,-53.32042
4491291875.0,-53.20213
4491292812.5,-53.18237
4491293750.0,-53.15128
4491294687.5,-53.2261
4491295625.0,-53.14782
4491296562.5,-53.21684
4491297500.0,-53.21362
4491298437.5,-53.23068
4491299375.0,-53.19581
4491300312.5,-53.16714
4491301250.0,-53.10279
4491302187.5,-53.19292
4491303125.0,-53.17424
4491304062.5,-53.11472
4491305000.0,-53.1619
4491305937.5,-53.15523
4491306875.0,-53.16596
4491307812.5,-53.18327
4491308750.0,-53.14775
4491309687.5,-53.16969
4491310625.0,-53.16938
4491311562.5,-53.10735
4491312500.0,-53.17607
4491313437.5,-53.09807
4491314375.0,-53.17646
4491315312.5,-53.08595
4491316250.0,-53.16245
4491317187.5,-53.12813
4491318125.0,-53.19955
4491319062.5,-53.16799
4491320000.0,-53.15544
4491320937.5,-53.19135
4491321875.0,-53.128
4491322812.5,-53.15201
4491323750.0,-53.21736
4491324687.5,-53.23195
4491325625.0,-53.09766
4491326562.5,-53.2088
4491327500.0,-53.11488
4491328437.5,-53.18696
4491329375.0,-53.22575
4491330312.5,-53.17186
4491331250.0,-53.21119
4491332187.5,-53.1491
4491333125.0,-53.1635
4491334062.5,-53.22408
4491335000.0,-53.11784
4491335937.5,-53.16525
4491336875.0,-53.1055
4491337812.5,-53.18264
4491338750.0,-53.21772
4491339687.5,-53.19356
4491340625.0,-53.20471
4491341562.5,-53.24556
4491342500.0,-53.1928
4491343437.5,-53.1886
4491344375.0,-53.07966
4491345312.5,-53.14268
4491346250.0,-53.20758
4491347187.5,-53.01226
4491348125.0,-53.14392
4491349062.5,-53.06207
4491350000.0,-53.14757
4491350937.5,-53.12496
4491351875.0,-53.15052
4491352812.5,-53.1722
4491353750.0,-53.21511
4491354687.5,-53.17698
4491355625.0,-53.15923
4491356562.5,-53.055
4491357500.0,-53.10196
4491358437.5,-53.13927
4491359375.0,-53.12641
4491360312.5,-53.13191
4491361250.0,-53.16379
4491362187.5,-53.14037
4491363125.0,-53.17509
4491364062.5,-53.09664
4491365000.0,-53.13516
4491365937.5,-53.1434
4491366875.0,-53.22708
4491367812.5,-53.25412
4491368750.0,-53.18346
4491369687.5,-53.12383
4491370625.0,-53.17347
4491371562.5,-53.13013
4491372500.0,-53.12373
4491373437.5,-53.12881
4491374375.0,-53.05522
4491375312.5,-53.05199
4491376250.0,-53.08278
4491377187.5,-53.12397
4491378125.0,-53.04196
4491379062.5,-53.21114
4491380000.0,-53.16436
4491380937.5,-53.13155
4491381875.0,-53.0714
4491382812.5,-53.18294
4491383750.0,-53.09689
4491384687.5,-53.1334
4491385625.0,-53.10809
4491386562.5,-53.13979
4491387500.0,-53.19462
4491388437.5,-53.21329
4491389375.0,-53.15429
4491390312.5,-53.05076
4491391250.0,-53.10116
4491392187.5,-53.16156
4491393125.0,-53.09419
4491394062.5,-53.1547
4491395000.0,-53.08061
4491395937.5,-53.0898
4491396875.0,-53.07344
4491397812.5,-53.09714
4491398750.0,-53.13991
4491399687.5,-53.07034
4491400625.0,-53.14985
4491401562.5,-53.07628
4491402500.0,-53.12511
4491403437.5,-53.21429
4491404375.0,-53.09251
4491405312.5,-53.21544
4491406250.0,-53.08503
4491407187.5,-53.1518
4491408125.0,-53.1799
4491409062.5,-53.19809
4491410000.0,-53.10628
4491410937.5,-53.09288
4491411875.0,-53.13595
4491412812.5,-53.21485
4491413750.0,-53.1701
4491414687.5,-53.14631
4491415625.0,-53.1721
4491416562.5,-53.07241
4491417500.0,-53.1438
4491418437.5,-53.15333
4491419375.0,-53.16208
4491420312.5,-53.0881
4491421250.0,-53.15973
4491422187.5,-53.15897
4491423125.0,-53.06905
4491424062.5,-53.12476
4491425000.0,-53.04079
4491425937.5,-53.14723
4491426875.0,-53.12763
4491427812.5,-53.15371
4491428750.0,-53.08946
4491429687.5,-53.07154
4491430625.0,-53.13353
4491431562.5,-53.13319
4491432500.0,-53.05913
4491433437.5,-53.15225
4491434375.0,-53.06482
4491435312.5,-53.09169
4491436250.0,-53.1139
4491437187.5,-53.05574
4491438125.0,-53.07879
4491439062.5,-53.15581
4491440000.0,-53.0975
4491440937.5,-53.08052
4491441875.0,-53.07875
4491442812.5,-53.16977
4491443750.0,-53.09478
4491444687.5,-53.03717
4491445625.0,-53.15072
4491446562.5,-53.08387
4491447500.0,-53.08119
4491448437.5,-53.07431
4491449375.0,-53.16487
4491450312.5,-53.13377
4491451250.0,-53.03683
4491452187.5,-53.07836
4491453125.0,-53.10584
4491454062.5,-53.02897
4491455000.0,-53.07316
4491455937.5,-53.1227
4491456875.0,-53.09252
4491457812.5,-53.05113
4491458750.0,-53.11314
4491459687.5,-53.10791
4491460625.0,-53.12946
4491461562.5,-53.1066
4491462500.0,-53.09949
4491463437.5,-53.03717
4491464375.0,-53.05376
4491465312.5,-53.06628
4491466250.0,-53.1438
4491467187.5,-53.07542
4491468125.0,-53.09694
4491469062.5,-53.06229
4491470000.0,-53.20064
4491470937.5,-53.15889
4491471875.0,-53.026
4491472812.5,-53.04313
4491473750.0,-53.05919
4491474687.5,-53.10662
4491475625.0,-53.00221
4491476562.5,-53.04426
4491477500.0,-53.05202
4491478437.5,-53.04898
4491479375.0,-53.10035
4491480312.5,-53.14911
4491481250.0,-53.06885
4491482187.5,-53.07576
4491483125.0,-53.03053
4491484062.5,-53.04715
4491485000.0,-53.07167
4491485937.5,-53.09183
4491486875.0,-53.10358
4491487812.5,-53.0488
4491488750.0,-53.13461
4491489687.5,-53.09915
4491490625.0,-53.1111
4491491562.5,-53.0708
4491492500.0,-53.07626
4491493437.5,-53.13308
4491494375.0,-53.07696
4491495312.5,-53.08375
4491496250.0,-53.13241
4491497187.5,-53.06812
4491498125.0,-53.06204
4491499062.5,-53.09005
4491500000.0,-53.12233
4491500937.5,-53.11768
4491501875.0,-53.07036
4491502812.5,-53.04251
4491503750.0,-53.12725
4491504687.5,-53.09054
4491505625.0,-53.08578
4491506562.5,-53.01278
4491507500.0,-53.03201
4491508437.5,-53.06902
4491509375.0,-52.98178
4491510312.5,-53.14164
4491511250.0,-53.03699
4491512187.5,-53.08129
4491513125.0,-53.07579
4491514062.5,-53.13363
4491515000.0,-53.06447
4491515937.5,-53.04063
4491516875.0,-53.05027
4491517812.5,-53.03004
4491518750.0,-52.99429
4491519687.5,-53.0194
4491520625.0,-53.02279
4491521562.5,-53.02847
4491522500.0,-53.06297
4491523437.5,-53.0468
4491524375.0,-53.03741
4491525312.5,-53.0787
4491526250.0,-53.04096
4491527187.5,-53.05602
4491528125.0,-53.05576
4491529062.5,-53.08031
4491530000.0,-52.9547
4491530937.5,-53.04285
4491531875.0,-53.00609
4491532812.5,-53.16548
4491533750.0,-53.01801
4491534687.5,-53.10217
4491535625.0,-53.01267
4491536562.5,-53.04322
4491537500.0,-53.08155
4491538437.5,-52.99606
4491539375.0,-53.01392
4491540312.5,-53.05111
4491541250.0,-52.91459
4491542187.5,-52.99066
4491543125.0,-53.04465
4491544062.5,-53.10236
4491545000.0,-52.98832
4491545937.5,-53.01431
4491546875.0,-53.0928
4491547812.5,-53.11561
4491548750.0,-53.04322
4491549687.5,-53.11206
4491550625.0,-52.98334
4491551562.5,-53.10141
4491552500.0,-52.98416
4491553437.5,-53.03321
4491554375.0,-53.04115
4491555312.5,-53.00771
4491556250.0,-52.99361
4491557187.5,-53.05139
4491558125.0,-52.96363
4491559062.5,-53.01007
4491560000.0,-53.1166
4491560937.5,-53.03465
4491561875.0,-53.0055
4491562812.5,-53.07821
4491563750.0,-53.09702
4491564687.5,-52.95452
4491565625.0,-53.02835
4491566562.5,-53.03058
4491567500.0,-53.0396
4491568437.5,-52.9856
4491569375.0,-53.01336
4491570312.5,-53.01466
4491571250.0,-52.96774
4491572187.5,-53.05595
4491573125.0,-53.0131
4491574062.5,-52.99371
4491575000.0,-53.05886
4491575937.5,-53.06446
4491576875.0,-53.1341
4491577812.5,-53.00242
4491578750.0,-53.01741
4491579687.5,-52.98983
4491580625.0,-53.13204
4491581562.5,-53.09391
4491582500.0,-53.00481
4491583437.5,-53.03208
4491584375.0,-53.05434
4491585312.5,-53.03324
4491586250.0,-52.98115
4491587187.5,-52.94386
4491588125.0,-53.03841
4491589062.5,-52.93579
4491590000.0,-53.11379
4491590937.5,-52.96013
4491591875.0,-53.00639
4491592812.5,-53.0704
4491593750.0,-52.98304
4491594687.5,-52.98144
4491595625.0,-53.04453
4491596562.5,-53.01461
4491597500.0,-53.01635
4491598437.5,-52.98808
4491599375.0,-53.07381
4491600312.5,-53.01555
4491601250.0,-53.02438
4491602187.5,-53.07451
4491603125.0,-52.94709
4491604062.5,-53.0211
4491605000.0,-53.0067
4491605937.5,-53.00313
4491606875.0,-53.01487
4491607812.5,-52.99668
4491608750.0,-53.00946
4491609687.5,-53.10294
4491610625.0,-52.994
4491611562.5,-53.03709
4491612500.0,-53.03712
4491613437.5,-53.02644
4491614375.0,-52.93813
4491615312.5,-53.02707
4491616250.0,-53.00435
4491617187.5,-52.97166
4491618125.0,-53.0629
4491619062.5,-53.0046
4491620000.0,-53.00867
4491620937.5,-52.96723
4491621875.0,-53.03259
4491622812.5,-52.9906
4491623750.0,-53.05185
4491624687.5,-53.00601
4491625625.0,-52.97827
4491626562.5,-52.99407
4491627500.0,-52.99302
4491628437.5,-53.06311
4491629375.0,-53.04544
4491630312.5,-53.0065
4491631250.0,-52.96466
4491632187.5,-52.96052
4491633125.0,-53.07176
4491634062.5,-52.99469
4491635000.0,-52.99248
4491635937.5,-53.01574
4491636875.0,-52.98545
4491637812.5,-52.99571
4491638750.0,-52.93055
4491639687.5,-53.00049
4491640625.0,-53.01234
4491641562.5,-53.01601
4491642500.0,-53.00529
4491643437.5,-53.0309
4491644375.0,-52.94534
4491645312.5,-53.04791
4491646250.0,-52.923
4491647187.5,-52.98167
4491648125.0,-53.05839
4491649062.5,-52.94387
4491650000.0,-53.04967
4491650937.5,-53.01233
4491651875.0,-52.95435
4491652812.5,-53.02153
4491653750.0,-52.94174
4491654687.5,-52.97873
4491655625.0,-52.98997
4491656562.5,-52.96487
4491657500.0,-52.9868
4491658437.5,-52.98243
4491659375.0,-52.92993
4491660312.5,-52.92479
4491661250.0,-53.02217
4491662187.5,-52.95177
4491663125.0,-52.99239
4491664062.5,-53.01591
4491665000.0,-53.014
4491665937.5,-53.04642
4491666875.0,-53.02
4491667812.5,-52.99652
4491668750.0,-52.9963
4491669687.5,-52.98378
4491670625.0,-52.96469
4491671562.5,-53.01009
4491672500.0,-53.00552
4491673437.5,-52.94305
4491674375.0,-52.93088
4491675312.5,-52.95901
4491676250.0,-53.07262
4491677187.5,-53.04084
4491678125.0,-53.00168
4491679062.5,-52.94022
4491680000.0,-52.98354
4491680937.5,-52.98855
4491681875.0,-52.97099
4491682812.5,-52.97147
4491683750.0,-52.95703
4491684687.5,-53.02676
4491685625.0,-53.0897
4491686562.5,-53.03162
4491687500.0,-52.93715
4491688437.5,-52.94007
4491689375.0,-53.0049
4491690312.5,-53.01554
4491691250.0,-53.00279
4491692187.5,-52.96145
4491693125.0,-52.94046
4491694062.5,-53.00259
4491695000.0,-52.97767
4491695937.5,-52.93138
4491696875.0,-52.97621
4491697812.5,-52.93503
4491698750.0,-52.99571
4491699687.5,-52.912
4491700625.0,-52.96786
4491701562.5,-53.01442
4491702500.0,-52.95767
4491703437.5,-52.92665
4491704375.0,-52.99482
4491705312.5,-52.94302
4491706250.0,-52.99965
4491707187.5,-52.97704
4491708125.0,-53.00087
4491709062.5,-52.99775
4491710000.0,-52.88702
4491710937.5,-52.93982
4491711875.0,-52.93542
4491712812.5,-52.84713
4491713750.0,-52.9529
4491714687.5,-52.93774
4491715625.0,-52.97088
4491716562.5,-52.95329
4491717500.0,-53.0326
4491718437.5,-52.96881
4491719375.0,-52.99205
4491720312.5,-52.93448
4491721250.0,-52.95206
4491722187.5,-52.90076
4491723125.0,-52.98581
4491724062.5,-53.09828
4491725000.0,-52.97672
4491725937.5,-52.86581
4491726875.0,-52.99953
4491727812.5,-52.99311
4491728750.0,-52.97515
4491729687.5,-52.96263
4491730625.0,-52.96989
4491731562.5,-52.98682
4491732500.0,-52.96384
4491733437.5,-53.05229
4491734375.0,-52.98006
4491735312.5,-52.97223
4491736250.0,-52.97056
4491737187.5,-52.92847
4491738125.0,-52.94651
4491739062.5,-52.89823
4491740000.0,-52.93552
4491740937.5,-52.91774
4491741875.0,-52.90493
4491742812.5,-52.92883
4491743750.0,-52.86188
4491744687.5,-52.97527
4491745625.0,-53.0116
4491746562.5,-52.95237
4491747500.0,-53.0129
4491748437.5,-52.9547
4491749375.0,-52.85452
4491750312.5,-52.92554
4491751250.0,-52.96913
4491752187.5,-52.96539
4491753125.0,-52.93705
4491754062.5,-52.93955
4491755000.0,-52.94924
4491755937.5,-52.90457
4491756875.0,-52.97356
4491757812.5,-52.90073
4491758750.0,-53.02335
4491759687.5,-52.92653
4491760625.0,-52.95716
4491761562.5,-52.98906
4491762500.0,-52.89568
4491763437.5,-52.90184
4491764375.0,-52.96967
4491765312.5,-52.91706
4491766250.0,-53.01099
4491767187.5,-52.92942
4491768125.0,-52.93437
4491769062.5,-52.89528
4491770000.0,-52.9003
4491770937.5,-52.92448
4491771875.0,-52.92051
4491772812.5,-52.86102
4491773750.0,-52.8701
4491774687.5,-52.93335
4491775625.0,-52.97148
4491776562.5,-52.92212
4491777500.0,-52.94582
4491778437.5,-52.90854
4491779375.0,-52.90598
4491780312.5,-52.90253
4491781250.0,-52.98566
4491782187.5,-52.98811
4491783125.0,-52.93057
4491784062.5,-52.90357
4491785000.0,-52.938
4491785937.5,-52.90817
4491786875.0,-52.90901
4491787812.5,-52.97422
4491788750.0,-52.88084
4491789687.5,-52.94481
4491790625.0,-52.92488
4491791562.5,-52.87538
4491792500.0,-52.94208
4491793437.5,-52.92892
4491794375.0,-52.88843
4491795312.5,-52.90261
4491796250.0,-52.91547
4491797187.5,-52.93686
4491798125.0,-52.81444
4491799062.5,-52.90474
4491800000.0,-52.91099
4491800937.5,-52.85706
4491801875.0,-52.99966
4491802812.5,-52.97385
4491803750.0,-52.89172
4491804687.5,-52.91179
4491805625.0,-52.94501
4491806562.5,-52.8527
4491807500.0,-52.88585
4491808437.5,-52.92301
4491809375.0,-52.85776
4491810312.5,-52.85944
4491811250.0,-52.85956
4491812187.5,-52.89711
4491813125.0,-52.95406
4491814062.5,-52.9772
4491815000.0,-52.91914
4491815937.5,-52.93392
4491816875.0,-52.96779
4491817812.5,-52.92239
4491818750.0,-52.87236
4491819687.5,-52.8431
4491820625.0,-52.91042
4491821562.5,-52.93393
4491822500.0,-52.932
4491823437.5,-52.99228
4491824375.0,-52.87989
4491825312.5,-52.79068
4491826250.0,-52.84016
4491827187.5,-52.80578
4491828125.0,-52.88562
4491829062.5,-52.98888
4491830000.0,-52.94075
4491830937.5,-52.94145
4491831875.0,-52.96916
4491832812.5,-52.905
4491833750.0,-52.89943
4491834687.5,-52.87836
4491835625.0,-52.85291
4491836562.5,-52.89032
4491837500.0,-52.92051
4491838437.5,-52.93151
4491839375.0,-52.94851
4491840312.5,-52.93032
4491841250.0,-52.81942
4491842187.5,-52.81236
4491843125.0,-52.9226
4491844062.5,-52.95476
4491845000.0,-52.91313
4491845937.5,-52.89888
4491846875.0,-52.9189
4491847812.5,-52.9271
4491848750.0,-52.9081
4491849687.5,-52.90236
4491850625.0,-52.83164
4491851562.5,-52.93911
4491852500.0,-52.92717
4491853437.5,-52.899
4491854375.0,-52.91665
4491855312.5,-52.9323
4491856250.0,-52.92897
4491857187.5,-52.87206
4491858125.0,-52.90598
4491859062.5,-52.8224
4491860000.0,-52.91079
4491860937.5,-52.9348
4491861875.0,-52.85564
4491862812.5,-52.90714
4491863750.0,-52.93899
4491864687.5,-52.82602
4491865625.0,-52.86374
4491866562.5,-52.88784
4491867500.0,-52.89147
4491868437.5,-52.89827
4491869375.0,-52.87106
4491870312.5,-52.79518
4491871250.0,-52.83023
4491872187.5,-52.87849
4491873125.0,-52.86327
4491874062.5,-52.86496
4491875000.0,-52.80891
4491875937.5,-52.95588
4491876875.0,-52.89748
4491877812.5,-52.87803
4491878750.0,-52.88105
4491879687.5,-52.91678
4491880625.0,-52.85398
4491881562.5,-52.84126
4491882500.0,-52.91916
4491883437.5,-52.82818
4491884375.0,-52.79602
4491885312.5,-52.78092
4491886250.0,-52.99522
4491887187.5,-52.84659
4491888125.0,-52.8846
4491889062.5,-52.81526
4491890000.0,-52.88639
4491890937.5,-52.93332
4491891875.0,-52.82824
4491892812.5,-52.81284
4491893750.0,-52.91643
4491894687.5,-52.95125
4491895625.0,-52.87446
4491896562.5,-52.90433
4491897500.0,-52.85003
4491898437.5,-52.88643
4491899375.0,-52.86889
4491900312.5,-52.82756
4491901250.0,-52.8671
4491902187.5,-52.87377
4491903125.0,-52.81727
4491904062.5,-52.85935
4491905000.0,-52.81642
4491905937.5,-52.87702
4491906875.0,-52.88382
4491907812.5,-52.77568
4491908750.0,-52.84067
4491909687.5,-52.74495
4491910625.0,-52.83167
4491911562.5,-52.98152
4491912500.0,-52.85144
4491913437.5,-52.86889
4491914375.0,-52.8167
4491915312.5,-52.85467
4491916250.0,-52.88116
4491917187.5,-52.94011
4491918125.0,-52.8843
4491919062.5,-52.80717
4491920000.0,-52.92179
4491920937.5,-52.92733
4491921875.0,-52.88574
4491922812.5,-52.86525
4491923750.0,-52.78788
4491924687.5,-52.79762
4491925625.0,-52.86126
4491926562.5,-52.81754
4491927500.0,-52.85654
4491928437.5,-52.86113
4491929375.0,-52.84361
4491930312.5,-52.82158
4491931250.0,-52.88132
4491932187.5,-52.86017
4491933125.0,-52.8994
4491934062.5,-52.83356
4491935000.0,-52.87066
4491935937.5,-52.80279
4491936875.0,-52.81181
4491937812.5,-52.82116
4491938750.0,-52.85238
4491939687.5,-52.84978
4491940625.0,-52.80669
4491941562.5,-52.87236
4491942500.0,-52.81952
4491943437.5,-52.80235
4491944375.0,-52.79441
4491945312.5,-52.90329
4491946250.0,-52.88249
4491947187.5,-52.81364
4491948125.0,-52.79491
4491949062.5,-52.86841
4491950000.0,-52.84587
4491950937.5,-52.86599
4491951875.0,-52.78435
4491952812.5,-52.8686
4491953750.0,-52.81479
4491954687.5,-52.91652
4491955625.0,-52.79567
4491956562.5,-52.83434
4491957500.0,-52.75711
4491958437.5,-52.78712
4491959375.0,-52.80238
4491960312.5,-52.87611
4491961250.0,-52.83604
4491962187.5,-52.84134
4491963125.0,-52.81579
4491964062.5,-52.78294
4491965000.0,-52.84043
4491965937.5,-52.86854
4491966875.0,-52.83433
4491967812.5,-52.77298
4491968750.0,-52.8278
4491969687.5,-52.77509
4491970625.0,-52.83488
4491971562.5,-52.81601
4491972500.0,-52.80334
4491973437.5,-52.84951
4491974375.0,-52.76705
4491975312.5,-52.76635
4491976250.0,-52.83308
4491977187.5,-52.84257
4491978125.0,-52.81064
4491979062.5,-52.79753
4491980000.0,-52.75633
4491980937.5,-52.82279
4491981875.0,-52.74726
4491982812.5,-52.81754
4491983750.0,-52.82122
4491984687.5,-52.78857
4491985625.0,-52.83175
4491986562.5,-52.80198
4491987500.0,-52.81372
4491988437.5,-52.8564
4491989375.0,-52.7784
4491990312.5,-52.84813
4491991250.0,-52.80483
4491992187.5,-52.82841
4491993125.0,-52.7766
4491994062.5,-52.73905
4491995000.0,-52.82301
4491995937.5,-52.83184
4491996875.0,-52.83331
4491997812.5,-52.86195
4491998750.0,-52.85998
4491999687.5,-52.83061
4492000625.0,-52.75646
4492001562.5,-52.76917
4492002500.0,-52.81478
4492003437.5,-52.80275
4492004375.0,-52.79985
4492005312.5,-52.83157
4492006250.0,-52.7928
4492007187.5,-52.80143
4492008125.0,-52.93005
4492009062.5,-52.82242
4492010000.0,-52.83394
4492010937.5,-52.74722
4492011875.0,-52.83708
4492012812.5,-52.79345
4492013750.0,-52.77486
4492014687.5,-52.80554
4492015625.0,-52.77723
4492016562.5,-52.74114
4492017500.0,-52.82074
4492018437.5,-52.83382
4492019375.0,-52.85296
4492020312.5,-52.78707
4492021250.0,-52.76287
4492022187.5,-52.88916
4492023125.0,-52.8121
4492024062.5,-52.78143
4492025000.0,-52.79498
4492025937.5,-52.8013
4492026875.0,-52.81516
4492027812.5,-52.75313
4492028750.0,-52.78758
4492029687.5,-52.73822
4492030625.0,-52.83468
4492031562.5,-52.74291
4492032500.0,-52.81071
4492033437.5,-52.82369
4492034375.0,-52.72174
4492035312.5,-52.80718
4492036250.0,-52.86384
4492037187.5,-52.79098
4492038125.0,-52.81114
4492039062.5,-52.82777
4492040000.0,-52.78236
4492040937.5,-52.79736
4492041875.0,-52.8055
4492042812.5,-52.81628
4492043750.0,-52.75066
4492044687.5,-52.77781
4492045625.0,-52.75322
4492046562.5,-52.73588
4492047500.0,-52.74146
4492048437.5,-52.75174
4492049375.0,-52.85265
4492050312.5,-52.80965
4492051250.0,-52.76081
4492052187.5,-52.85685
4492053125.0,-52.89953
4492054062.5,-52.77248
4492055000.0,-52.79249
4492055937.5,-52.79124
4492056875.0,-52.80594
4492057812.5,-52.78532
4492058750.0,-52.80348
4492059687.5,-52.73103
4492060625.0,-52.70992
4492061562.5,-52.75202
4492062500.0,-52.7805
4492063437.5,-52.71857
4492064375.0,-52.87032
4492065312.5,-52.73783
4492066250.0,-52.69279
4492067187.5,-52.85193
4492068125.0,-52.74006
4492069062.5,-52.82505
4492070000.0,-52.79248
4492070937.5,-52.78059
4492071875.0,-52.82859
4492072812.5,-52.76288
4492073750.0,-52.79182
4492074687.5,-52.73939
4492075625.0,-52.7353
4492076562.5,-52.77752
4492077500.0,-52.77903
4492078437.5,-52.76057
4492079375.0,-52.82897
4492080312.5,-52.82064
4492081250.0,-52.79832
4492082187.5,-52.66756
4492083125.0,-52.7598
4492084062.5,-52.8233
4492085000.0,-52.80058
4492085937.5,-52.74802
4492086875.0,-52.75689
4492087812.5,-52.75199
4492088750.0,-52.76591
4492089687.5,-52.67546
4492090625.0,-52.76262
4492091562.5,-52.77235
4492092500.0,-52.77797
4492093437.5,-52.71807
4492094375.0,-52.78311
4492095312.5,-52.71104
4492096250.0,-52.75804
4492097187.5,-52.70279
4492098125.0,-52.7811
4492099062.5,-52.72719
4492100000.0,-52.78728
4492100937.5,-52.79115
4492101875.0,-52.72826
4492102812.5,-52.70755
4492103750.0,-52.78579
4492104687.5,-52.7059
4492105625.0,-52.68636
4492106562.5,-52.73053
4492107500.0,-52.67022
4492108437.5,-52.80608
4492109375.0,-52.70704
4492110312.5,-52.76451
4492111250.0,-52.74998
4492112187.5,-52.81371
4492113125.0,-52.67489
4492114062.5,-52.70757
4492115000.0,-52.6984
4492115937.5,-52.76565
4492116875.0,-52.78217
4492117812.5,-52.82994
4492118750.0,-52.79485
4492119687.5,-52.85782
4492120625.0,-52.72163
4492121562.5,-52.73798
4492122500.0,-52.74621
4492123437.5,-52.75833
4492124375.0,-52.73838
4492125312.5,-52.70795
4492126250.0,-52.81598
4492127187.5,-52.80749
4492128125.0,-52.71051
4492129062.5,-52.71089
4492130000.0,-52.6881
4492130937.5,-52.72319
4492131875.0,-52.7675
4492132812.5,-52.67453
4492133750.0,-52.65262
4492134687.5,-52.67902
4492135625.0,-52.72635
4492136562.5,-52.78038
4492137500.0,-52.81153
4492138437.5,-52.73746
4492139375.0,-52.76221
4492140312.5,-52.74707
4492141250.0,-52.74216
4492142187.5,-52.73973
4492143125.0,-52.77543
4492144062.5,-52.73026
4492145000.0,-52.75444
4492145937.5,-52.65169
4492146875.0,-52.86642
4492147812.5,-52.70875
4492148750.0,-52.77539
4492149687.5,-52.69522
4492150625.0,-52.79145
4492151562.5,-52.69706
4492152500.0,-52.75906
4492153437.5,-52.77077
4492154375.0,-52.70286
4492155312.5,-52.81375
4492156250.0,-52.81089
4492157187.5,-52.75712
4492158125.0,-52.72708
4492159062.5,-52.69469
4492160000.0,-52.69073
4492160937.5,-52.74757
4492161875.0,-52.6634
4492162812.5,-52.69017
4492163750.0,-52.61809
4492164687.5,-52.74809
4492165625.0,-52.79457
4492166562.5,-52.68918
4492167500.0,-52.68692
4492168437.5,-52.73446
4492169375.0,-52.72308
4492170312.5,-52.77341
4492171250.0,-52.70638
4492172187.5,-52.78138
4492173125.0,-52.66113
4492174062.5,-52.72377
4492175000.0,-52.6555
4492175937.5,-52.68502
4492176875.0,-52.7376
4492177812.5,-52.71706
4492178750.0,-52.68287
4492179687.5,-52.67048
4492180625.0,-52.68752
4492181562.5,-52.60488
4492182500.0,-52.75815
4492183437.5,-52.68052
4492184375.0,-52.64977
4492185312.5,-52.71522
4492186250.0,-52.70436
4492187187.5,-52.62053
4492188125.0,-52.71162
4492189062.5,-52.70558
4492190000.0,-52.71727
4492190937.5,-52.64856
4492191875.0,-52.70629
4492192812.5,-52.68658
4492193750.0,-52.75967
4492194687.5,-52.68045
4492195625.0,-52.6977
4492196562.5,-52.70282
4492197500.0,-52.69783
4492198437.5,-52.63767
4492199375.0,-52.69088
4492200312.5,-52.69894
4492201250.0,-52.60165
4492202187.5,-52.64774
4492203125.0,-52.71051
4492204062.5,-52.75299
4492205000.0,-52.73439
4492205937.5,-52.65203
4492206875.0,-52.78417
4492207812.5,-52.68306
4492208750.0,-52.7285
4492209687.5,-52.66954
4492210625.0,-52.78165
4492211562.5,-52.66411
4492212500.0,-52.66118
4492213437.5,-52.64719
4492214375.0,-52.65662
4492215312.5,-52.70625
4492216250.0,-52.66698
4492217187.5,-52.63984
4492218125.0,-52.60165
4492219062.5,-52.6925
4492220000.0,-52.69088
4492220937.5,-52.69688
4492221875.0,-52.69574
4492222812.5,-52.73839
4492223750.0,-52.6726
4492224687.5,-52.62254
4492225625.0,-52.61073
4492226562.5,-52.65642
4492227500.0,-52.78052
4492228437.5,-52.67665
4492229375.0,-52.79651
4492230312.5,-52.739
4492231250.0,-52.69481
4492232187.5,-52.73261
4492233125.0,-52.64717
4492234062.5,-52.63507
4492235000.0,-52.69699
4492235937.5,-52.72412
4492236875.0,-52.76985
4492237812.5,-52.69025
4492238750.0,-52.7215
4492239687.5,-52.66528
4492240625.0,-52.68989
4492241562.5,-52.75003
4492242500.0,-52.69263
4492243437.5,-52.69796
4492244375.0,-52.73147
4492245312.5,-52.63039
4492246250.0,-52.72366
4492247187.5,-52.78923
4492248125.0,-52.68653
4492249062.5,-52.62009
4492250000.0,-52.61146
4492250937.5,-52.62985
4492251875.0,-52.67057
4492252812.5,-52.62452
4492253750.0,-52.68326
4492254687.5,-52.66842
4492255625.0,-52.69593
4492256562.5,-52.69937
4492257500.0,-52.66772
4492258437.5,-52.71594
4492259375.0,-52.6313
4492260312.5,-52.60577
4492261250.0,-52.68962
4492262187.5,-52.56834
4492263125.0,-52.71199
4492264062.5,-52.70038
4492265000.0,-52.72406
4492265937.5,-52.68097
4492266875.0,-52.63136
4492267812.5,-52.66559
4492268750.0,-52.71451
4492269687.5,-52.68447
4492270625.0,-52.66252
4492271562.5,-52.7131
4492272500.0,-52.66771
4492273437.5,-52.66477
4492274375.0,-52.614
4492275312.5,-52.6833
4492276250.0,-52.62801
4492277187.5,-52.6171
4492278125.0,-52.62167
4492279062.5,-52.69956
4492280000.0,-52.72072
4492280937.5,-52.55807
4492281875.0,-52.66903
4492282812.5,-52.65606
4492283750.0,-52.71691
4492284687.5,-52.7113
4492285625.0,-52.6961
4492286562.5,-52.6848
4492287500.0,-52.72671
4492288437.5,-52.65863
4492289375.0,-52.65921
4492290312.5,-52.64439
4492291250.0,-52.6633
4492292187.5,-52.70402
4492293125.0,-52.59512
4492294062.5,-52.67848
4492295000.0,-52.68068
4492295937.5,-52.61904
4492296875.0,-52.68335
4492297812.5,-52.66125
4492298750.0,-52.68349
4492299687.5,-52.64536
4492300625.0,-52.73534
4492301562.5,-52.64127
4492302500.0,-52.63168
4492303437.5,-52.61739
4492304375.0,-52.65866
4492305312.5,-52.63081
4492306250.0,-52.68833
4492307187.5,-52.58799
4492308125.0,-52.64835
4492309062.5,-52.65186
4492310000.0,-52.67042
4492310937.5,-52.71553
4492311875.0,-52.69505
4492312812.5,-52.6322
4492313750.0,-52.61857
4492314687.5,-52.6709
4492315625.0,-52.62529
4492316562.5,-52.66122
4492317500.0,-52.6804
4492318437.5,-52.58783
4492319375.0,-52.67186
4492320312.5,-52.69179
4492321250.0,-52.66021
4492322187.5,-52.58311
4492323125.0,-52.74496
4492324062.5,-52.62431
4492325000.0,-52.62735
4492325937.5,-52.71498
4492326875.0,-52.66324
4492327812.5,-52.62065
4492328750.0,-52.60632
4492329687.5,-52.61428
4492330625.0,-52.62169
4492331562.5,-52.66952
4492332500.0,-52.65638
4492333437.5,-52.64109
4492334375.0,-52.61544
4492335312.5,-52.61584
4492336250.0,-52.70114
4492337187.5,-52.63041
4492338125.0,-52.64579
4492339062.5,-52.64499
4492340000.0,-52.6031
4492340937.5,-52.61456
4492341875.0,-52.6423
4492342812.5,-52.60133
4492343750.0,-52.60447
4492344687.5,-52.6436
4492345625.0,-52.61545
4492346562.5,-52.60131
4492347500.0,-52.59108
4492348437.5,-52.67695
4492349375.0,-52.6254
4492350312.5,-52.68767
4492351250.0,-52.61686
4492352187.5,-52.72325
4492353125.0,-52.60756
4492354062.5,-52.595
4492355000.0,-52.66015
4492355937.5,-52.58699
4492356875.0,-52.61979
4492357812.5,-52.61341
4492358750.0,-52.60452
4492359687.5,-52.62201
4492360625.0,-52.59553
4492361562.5,-52.58484
4492362500.0,-52.58991
4492363437.5,-52.53705
4492364375.0,-52.5231
4492365312.5,-52.62685
4492366250.0,-52.65696
4492367187.5,-52.58216
4492368125.0,-52.68409
4492369062.5,-52.6435
4492370000.0,-52.63504
4492370937.5,-52.65013
4492371875.0,-52.67704
4492372812.5,-52.61464
4492373750.0,-52.61013
4492374687.5,-52.57515
4492375625.0,-52.57454
4492376562.5,-52.58049
4492377500.0,-52.5491
4492378437.5,-52.60641
4492379375.0,-52.67974
4492380312.5,-52.56614
4492381250.0,-52.59972
4492382187.5,-52.55174
4492383125.0,-52.61036
4492384062.5,-52.5999
4492385000.0,-52.63399
4492385937.5,-52.63351
4492386875.0,-52.59381
4492387812.5,-52.57346
4492388750.0,-52.64096
4492389687.5,-52.66072
4492390625.0,-52.64797
4492391562.5,-52.58216
4492392500.0,-52.56264
4492393437.5,-52.58253
4492394375.0,-52.6155
4492395312.5,-52.61208
4492396250.0,-52.65385
4492397187.5,-52.57089
4492398125.0,-52.58452
4492399062.5,-52.67107
4492400000.0,-52.57833
4492400937.5,-52.61727
4492401875.0,-52.5705
4492402812.5,-52.64654
4492403750.0,-52.53518
4492404687.5,-52.60788
4492405625.0,-52.59152
4492406562.5,-52.59032
4492407500.0,-52.61992
4492408437.5,-52.59144
4492409375.0,-52.56145
4492410312.5,-52.5675
4492411250.0,-52.53508
4492412187.5,-52.56591
4492413125.0,-52.50521
4492414062.5,-52.59598
4492415000.0,-52.6018
4492415937.5,-52.62165
4492416875.0,-52.5649
4492417812.5,-52.60171
4492418750.0,-52.69685
4492419687.5,-52.49856
4492420625.0,-52.60941
4492421562.5,-52.56343
4492422500.0,-52.66228
4492423437.5,-52.6208
4492424375.0,-52.55638
4492425312.5,-52.64786
4492426250.0,-52.61576
4492427187.5,-52.58419
4492428125.0,-52.61565
4492429062.5,-52.56329
4492430000.0,-52.49776
4492430937.5,-52.55343
4492431875.0,-52.66439
4492432812.5,-52.60642
4492433750.0,-52.56713
4492434687.5,-52.5228
4492435625.0,-52.6037
4492436562.5,-52.54843
4492437500.0,-52.57973
4492438437.5,-52.62284
4492439375.0,-52.51574
4492440312.5,-52.57441
4492441250.0,-52.51656
4492442187.5,-52.68654
4492443125.0,-52.60986
4492444062.5,-52.56038
4492445000.0,-52.49345
4492445937.5,-52.49704
4492446875.0,-52.58698
4492447812.5,-52.62756
4492448750.0,-52.52913
4492449687.5,-52.61993
4492450625.0,-52.58383
4492451562.5,-52.60499
4492452500.0,-52.55487
4492453437.5,-52.60638
4492454375.0,-52.60062
4492455312.5,-52.54704
4492456250.0,-52.62782
4492457187.5,-52.59271
4492458125.0,-52.61248
4492459062.5,-52.50264
4492460000.0,-52.578
4492460937.5,-52.56917
4492461875.0,-52.49414
4492462812.5,-52.54737
4492463750.0,-52.48844
4492464687.5,-52.58882
4492465625.0,-52.61566
4492466562.5,-52.5196
4492467500.0,-52.61354
4492468437.5,-52.49618
4492469375.0,-52.5405
4492470312.5,-52.51982
4492471250.0,-52.56514
4492472187.5,-52.58456
4492473125.0,-52.55042
4492474062.5,-52.52203
4492475000.0,-52.52987
4492475937.5,-52.51464
4492476875.0,-52.53435
4492477812.5,-52.49206
4492478750.0,-52.47698
4492479687.5,-52.61595
4492480625.0,-52.50249
4492481562.5,-52.45197
4492482500.0,-52.51372
4492483437.5,-52.56393
4492484375.0,-52.52816
4492485312.5,-52.53647
4492486250.0,-52.55408
4492487187.5,-52.46191
4492488125.0,-52.47483
4492489062.5,-52.56413
4492490000.0,-52.48718
4492490937.5,-52.55464
4492491875.0,-52.5662
4492492812.5,-52.61831
4492493750.0,-52.568
4492494687.5,-52.54013
4492495625.0,-52.58387
4492496562.5,-52.57777
4492497500.0,-52.49376
4492498437.5,-52.49495
4492499375.0,-52.47512
4492500312.5,-52.55664
4492501250.0,-52.51496
4492502187.5,-52.55885
4492503125.0,-52.50729
4492504062.5,-52.52759
4492505000.0,-52.50519
4492505937.5,-52.5327
4492506875.0,-52.58202
4492507812.5,-52.52067
4492508750.0,-52.50296
4492509687.5,-52.56811
4492510625.0,-52.55584
4492511562.5,-52.52406
4492512500.0,-52.57401
4492513437.5,-52.54831
4492514375.0,-52.58489
4492515312.5,-52.50657
4492516250.0,-52.54888
4492517187.5,-52.53008
4492518125.0,-52.59684
4492519062.5,-52.52211
4492520000.0,-52.51663
4492520937.5,-52.54339
4492521875.0,-52.49743
4492522812.5,-52.58469
4492523750.0,-52.46078
4492524687.5,-52.49511
4492525625.0,-52.56808
4492526562.5,-52.47797
4492527500.0,-52.51945
4492528437.5,-52.50859
4492529375.0,-52.54432
4492530312.5,-52.54116
4492531250.0,-52.49437
4492532187.5,-52.46962
4492533125.0,-52.48639
4492534062.5,-52.51637
4492535000.0,-52.50373
4492535937.5,-52.52663
4492536875.0,-52.51342
4492537812.5,-52.56931
4492538750.0,-52.54488
4492539687.5,-52.48586
4492540625.0,-52.51485
4492541562.5,-52.49486
4492542500.0,-52.53093
4492543437.5,-52.55719
4492544375.0,-52.46909
4492545312.5,-52.53036
4492546250.0,-52.46758
4492547187.5,-52.47536
4492548125.0,-52.48056
4492549062.5,-52.51104
4492550000.0,-52.52412
4492550937.5,-52.53641
4492551875.0,-52.54495
4492552812.5,-52.49245
4492553750.0,-52.47628
4492554687.5,-52.45353
4492555625.0,-52.4284
4492556562.5,-52.48206
4492557500.0,-52.48458
4492558437.5,-52.48215
4492559375.0,-52.47885
4492560312.5,-52.50589
4492561250.0,-52.54387
4492562187.5,-52.49311
4492563125.0,-52.45433
4492564062.5,-52.44664
4492565000.0,-52.46106
4492565937.5,-52.51803
4492566875.0,-52.49395
4492567812.5,-52.53909
4492568750.0,-52.47512
4492569687.5,-52.44669
4492570625.0,-52.56123
4492571562.5,-52.46416
4492572500.0,-52.48711
4492573437.5,-52.49102
4492574375.0,-52.57315
4492575312.5,-52.59661
4492576250.0,-52.47308
4492577187.5,-52.4798
4492578125.0,-52.49794
4492579062.5,-52.56916
4492580000.0,-52.55355
4492580937.5,-52.40569
4492581875.0,-52.49509
4492582812.5,-52.48915
4492583750.0,-52.5581
4492584687.5,-52.50385
4492585625.0,-52.41251
4492586562.5,-52.4614
4492587500.0,-52.55209
4492588437.5,-52.5066
4492589375.0,-52.53264
4492590312.5,-52.52242
4492591250.0,-52.53613
4492592187.5,-52.45216
4492593125.0,-52.50791
4492594062.5,-52.47769
4492595000.0,-52.50856
4492595937.5,-52.46492
4492596875.0,-52.42811
4492597812.5,-52.55009
4492598750.0,-52.4786
4492599687.5,-52.4538
4492600625.0,-52.53507
4492601562.5,-52.58454
4492602500.0,-52.51414
4492603437.5,-52.54213
4492604375.0,-52.4948
4492605312.5,-52.52505
4492606250.0,-52.44086
4492607187.5,-52.50445
4492608125.0,-52.52212
4492609062.5,-52.50725
4492610000.0,-52.48983
4492610937.5,-52.51329
4492611875.0,-52.49504
4492612812.5,-52.49414
4492613750.0,-52.4971
4492614687.5,-52.47699
4492615625.0,-52.47289
4492616562.5,-52.49618
4492617500.0,-52.49091
4492618437.5,-52.37107
4492619375.0,-52.50344
4492620312.5,-52.43129
4492621250.0,-52.51712
4492622187.5,-52.52472
4492623125.0,-52.42083
4492624062.5,-52.48363
4492625000.0,-52.41774
4492625937.5,-52.49289
4492626875.0,-52.46998
4492627812.5,-52.474
4492628750.0,-52.49078
4492629687.5,-52.51207
4492630625.0,-52.46634
4492631562.5,-52.45393
4492632500.0,-52.46197
4492633437.5,-52.45074
4492634375.0,-52.43311
4492635312.5,-52.46193
4492636250.0,-52.48319
4492637187.5,-52.42802
4492638125.0,-52.42543
4492639062.5,-52.47136
4492640000.0,-52.50333
4492640937.5,-52.47136
4492641875.0,-52.47919
4492642812.5,-52.46008
4492643750.0,-52.46143
4492644687.5,-52.43087
4492645625.0,-52.42869
4492646562.5,-52.48621
4492647500.0,-52.4715
4492648437.5,-52.39869
4492649375.0,-52.47948
4492650312.5,-52.52179
4492651250.0,-52.46835
4492652187.5,-52.46777
4492653125.0,-52.48451
4492654062.5,-52.44704
4492655000.0,-52.39465
4492655937.5,-52.3791
4492656875.0,-52.43097
4492657812.5,-52.37032
4492658750.0,-52.51171
4492659687.5,-52.43322
4492660625.0,-52.45383
4492661562.5,-52.43762
4492662500.0,-52.4205
4492663437.5,-52.37663
4492664375.0,-52.46505
4492665312.5,-52.42629
4492666250.0,-52.40799
4492667187.5,-52.45578
4492668125.0,-52.39088
4492669062.5,-52.4422
4492670000.0,-52.42484
4492670937.5,-52.39384
4492671875.0,-52.48312
4492672812.5,-52.34295
4492673750.0,-52.41885
4492674687.5,-52.55976
4492675625.0,-52.38694
4492676562.5,-52.42421
4492677500.0,-52.41095
4492678437.5,-52.46373
4492679375.0,-52.42208
4492680312.5,-52.40678
4492681250.0,-52.38416
4492682187.5,-52.40972
4492683125.0,-52.46346
4492684062.5,-52.45527
4492685000.0,-52.46847
4492685937.5,-52.44098
4492686875.0,-52.48212
4492687812.5,-52.42313
4492688750.0,-52.48325
4492689687.5,-52.43396
4492690625.0,-52.40375
4492691562.5,-52.44877
4492692500.0,-52.42194
4492693437.5,-52.42641
4492694375.0,-52.4439
4492695312.5,-52.42771
4492696250.0,-52.391
4492697187.5,-52.49096
4492698125.0,-52.50323
4492699062.5,-52.4658
4492700000.0,-52.40681
4492700937.5,-52.38477
4492701875.0,-52.50314
4492702812.5,-52.46674
4492703750.0,-52.42721
4492704687.5,-52.4239
4492705625.0,-52.40815
4492706562.5,-52.41477
4492707500.0,-52.40184
4492708437.5,-52.39641
4492709375.0,-52.40117
4492710312.5,-52.39871
4492711250.0,-52.44522
4492712187.5,-52.39413
4492713125.0,-52.35507
4492714062.5,-52.46624
4492715000.0,-52.43395
4492715937.5,-52.40618
4492716875.0,-52.40905
4492717812.5,-52.37723
4492718750.0,-52.37964
4492719687.5,-52.4104
4492720625.0,-52.40129
4492721562.5,-52.39286
4492722500.0,-52.35702
4492723437.5,-52.41721
4492724375.0,-52.40962
4492725312.5,-52.39686
4492726250.0,-52.38475
4492727187.5,-52.40855
4492728125.0,-52.4401
4492729062.5,-52.39548
4492730000.0,-52.37944
4492730937.5,-52.43623
4492731875.0,-52.37759
4492732812.5,-52.43054
4492733750.0,-52.42888
4492734687.5,-52.36477
4492735625.0,-52.3329
4492736562.5,-52.37127
4492737500.0,-52.38383
4492738437.5,-52.38969
4492739375.0,-52.48977
4492740312.5,-52.37215
4492741250.0,-52.38222
4492742187.5,-52.40996
4492743125.0,-52.42125
4492744062.5,-52.41261
4492745000.0,-52.41266
4492745937.5,-52.42543
4492746875.0,-52.34378
4492747812.5,-52.50142
4492748750.0,-52.43379
4492749687.5,-52.42128
4492750625.0,-52.37531
4492751562.5,-52.34856
4492752500.0,-52.42548
4492753437.5,-52.41938
4492754375.0,-52.3886
4492755312.5,-52.51114
4492756250.0,-52.41496
4492757187.5,-52.42617
4492758125.0,-52.49784
4492759062.5,-52.41591
4492760000.0,-52.42318
4492760937.5,-52.29917
4492761875.0,-52.32547
4492762812.5,-52.40232
4492763750.0,-52.40853
4492764687.5,-52.40763
4492765625.0,-52.41375
4492766562.5,-52.38898
4492767500.0,-52.37043
4492768437.5,-52.38536
4492769375.0,-52.44609
4492770312.5,-52.34377
4492771250.0,-52.44559
4492772187.5,-52.3806
4492773125.0,-52.41211
4492774062.5,-52.38603
4492775000.0,-52.42149
4492775937.5,-52.40144
4492776875.0,-52.43852
4492777812.5,-52.45132
4492778750.0,-52.49567
4492779687.5,-52.37013
4492780625.0,-52.38989
4492781562.5,-52.3966
4492782500.0,-52.32828
4492783437.5,-52.45775
4492784375.0,-52.41608
4492785312.5,-52.42687
4492786250.0,-52.39722
4492787187.5,-52.39865
4492788125.0,-52.35255
4492789062.5,-52.40911
4492790000.0,-52.41968
4492790937.5,-52.40837
4492791875.0,-52.32432
4492792812.5,-52.41443
4492793750.0,-52.37374
4492794687.5,-52.41262
4492795625.0,-52.36792
4492796562.5,-52.38552
4492797500.0,-52.36005
4492798437.5,-52.43073
4492799375.0,-52.3897
4492800312.5,-52.30679
4492801250.0,-52.37033
4492802187.5,-52.37498
4492803125.0,-52.36132
4492804062.5,-52.39507
4492805000.0,-52.38124
4492805937.5,-52.39627
4492806875.0,-52.39168
4492807812.5,-52.35508
4492808750.0,-52.33149
4492809687.5,-52.37701
4492810625.0,-52.44067
4492811562.5,-52.39786
4492812500.0,-52.32162
4492813437.5,-52.39375
4492814375.0,-52.36191
4492815312.5,-52.36332
4492816250.0,-52.42659
4492817187.5,-52.40055
4492818125.0,-52.41187
4492819062.5,-52.29097
4492820000.0,-52.42112
4492820937.5,-52.37005
4492821875.0,-52.28945
4492822812.5,-52.39187
4492823750.0,-52.37635
4492824687.5,-52.38601
4492825625.0,-52.47338
4492826562.5,-52.35498
4492827500.0,-52.39456
4492828437.5,-52.27755
4492829375.0,-52.35986
4492830312.5,-52.38908
4492831250.0,-52.38565
4492832187.5,-52.41631
4492833125.0,-52.33604
4492834062.5,-52.4272
4492835000.0,-52.34636
4492835937.5,-52.32187
4492836875.0,-52.37534
4492837812.5,-52.35379
4492838750.0,-52.32293
4492839687.5,-52.37921
4492840625.0,-52.35576
4492841562.5,-52.3362
4492842500.0,-52.40769
4492843437.5,-52.3447
4492844375.0,-52.33843
4492845312.5,-52.31394
4492846250.0,-52.39027
4492847187.5,-52.31223
4492848125.0,-52.26475
4492849062.5,-52.26572
4492850000.0,-52.32798
4492850937.5,-52.29859
4492851875.0,-52.31999
4492852812.5,-52.42193
4492853750.0,-52.32365
4492854687.5,-52.37923
4492855625.0,-52.36265
4492856562.5,-52.34295
4492857500.0,-52.33295
4492858437.5,-52.28524
4492859375.0,-52.34528
4492860312.5,-52.34531
4492861250.0,-52.3526
4492862187.5,-52.29616
4492863125.0,-52.26944
4492864062.5,-52.36723
4492865000.0,-52.26765
4492865937.5,-52.31301
4492866875.0,-52.35978
4492867812.5,-52.37899
4492868750.0,-52.37529
4492869687.5,-52.29227
4492870625.0,-52.36018
4492871562.5,-52.33284
4492872500.0,-52.37487
4492873437.5,-52.31981
4492874375.0,-52.37716
4492875312.5,-52.36266
4492876250.0,-52.3419
4492877187.5,-52.36027
4492878125.0,-52.30101
4492879062.5,-52.28685
4492880000.0,-52.36868
4492880937.5,-52.32967
4492881875.0,-52.3306
4492882812.5,-52.31015
4492883750.0,-52.36402
4492884687.5,-52.28987
4492885625.0,-52.25304
4492886562.5,-52.32737
4492887500.0,-52.37244
4492888437.5,-52.29037
4492889375.0,-52.27176
4492890312.5,-52.35862
4492891250.0,-52.33889
4492892187.5,-52.31204
4492893125.0,-52.31938
4492894062.5,-52.34684
4492895000.0,-52.32468
4492895937.5,-52.31505
4492896875.0,-52.33009
4492897812.5,-52.31779
4492898750.0,-52.26435
4492899687.5,-52.32312
4492900625.0,-52.3819
4492901562.5,-52.30454
4492902500.0,-52.27058
4492903437.5,-52.31901
4492904375.0,-52.31047
4492905312.5,-52.28196
4492906250.0,-52.36854
4492907187.5,-52.32413
4492908125.0,-52.31152
4492909062.5,-52.33852
4492910000.0,-52.27114
4492910937.5,-52.28529
4492911875.0,-52.33767
4492912812.5,-52.42276
4492913750.0,-52.26468
4492914687.5,-52.33746
4492915625.0,-52.30227
4492916562.5,-52.2762
4492917500.0,-52.28519
4492918437.5,-52.32335
4492919375.0,-52.26429
4492920312.5,-52.25694
4492921250.0,-52.27433
4492922187.5,-52.30336
4492923125.0,-52.29956
4492924062.5,-52.32696
4492925000.0,-52.27434
4492925937.5,-52.31833
4492926875.0,-52.34675
4492927812.5,-52.20419
4492928750.0,-52.32103
4492929687.5,-52.28968
4492930625.0,-52.29312
4492931562.5,-52.26548
4492932500.0,-52.26103
4492933437.5,-52.2699
4492934375.0,-52.33641
4492935312.5,-52.26099
4492936250.0,-52.29513
4492937187.5,-52.2719
4492938125.0,-52.29146
4492939062.5,-52.3608
4492940000.0,-52.26685
4492940937.5,-52.1466
4492941875.0,-52.26832
4492942812.5,-52.25277
4492943750.0,-52.27653
4492944687.5,-52.3455
4492945625.0,-52.35131
4492946562.5,-52.31047
4492947500.0,-52.34371
4492948437.5,-52.26982
4492949375.0,-52.29504
4492950312.5,-52.25843
4492951250.0,-52.288
4492952187.5,-52.27139
4492953125.0,-52.29302
4492954062.5,-52.30038
4492955000.0,-52.26406
4492955937.5,-52.32737
4492956875.0,-52.28266
4492957812.5,-52.30352
4492958750.0,-52.27253
4492959687.5,-52.3078
4492960625.0,-52.35327
4492961562.5,-52.29953
4492962500.0,-52.23496
4492963437.5,-52.26022
4492964375.0,-52.30123
4492965312.5,-52.32135
4492966250.0,-52.26595
4492967187.5,-52.29499
4492968125.0,-52.20613
4492969062.5,-52.25742
4492970000.0,-52.32742
4492970937.5,-52.33826
4492971875.0,-52.27404
4492972812.5,-52.2939
4492973750.0,-52.27687
4492974687.5,-52.23294
4492975625.0,-52.24699
4492976562.5,-52.38821
4492977500.0,-52.23957
4492978437.5,-52.23901
4492979375.0,-52.25406
4492980312.5,-52.13284
4492981250.0,-52.29078
4492982187.5,-52.30186
4492983125.0,-52.27494
4492984062.5,-52.22402
4492985000.0,-52.27699
4492985937.5,-52.27691
4492986875.0,-52.26926
4492987812.5,-52.26905
4492988750.0,-52.26224
4492989687.5,-52.29272
4492990625.0,-52.26608
4492991562.5,-52.27829
4492992500.0,-52.24043
4492993437.5,-52.26968
4492994375.0,-52.29817
4492995312.5,-52.30357
4492996250.0,-52.26644
4492997187.5,-52.3249
4492998125.0,-52.31917
4492999062.5,-52.3166
4493000000.0,-52.26475
4493000937.5,-52.19236
4493001875.0,-52.27843
4493002812.5,-52.22408
4493003750.0,-52.25998
4493004687.5,-52.26433
4493005625.0,-52.2543
4493006562.5,-52.21984
4493007500.0,-52.23554
4493008437.5,-52.18876
4493009375.0,-52.16089
4493010312.5,-52.16431
4493011250.0,-52.24189
4493012187.5,-52.19574
4493013125.0,-52.23607
4493014062.5,-52.26244
4493015000.0,-52.29498
4493015937.5,-52.33553
4493016875.0,-52.32539
4493017812.5,-52.23719
4493018750.0,-52.22188
4493019687.5,-52.34233
4493020625.0,-52.26293
4493021562.5,-52.14659
4493022500.0,-52.2807
4493023437.5,-52.20668
4493024375.0,-52.25242
4493025312.5,-52.28329
4493026250.0,-52.23191
4493027187.5,-52.22422
4493028125.0,-52.20422
4493029062.5,-52.24565
4493030000.0,-52.21591
4493030937.5,-52.29791
4493031875.0,-52.22559
4493032812.5,-52.2704
4493033750.0,-52.33708
4493034687.5,-52.18655
4493035625.0,-52.27073
4493036562.5,-52.2164
4493037500.0,-52.22623
4493038437.5,-52.16857
4493039375.0,-52.24109
4493040312.5,-52.24583
4493041250.0,-52.17036
4493042187.5,-52.16019
4493043125.0,-52.22103
4493044062.5,-52.20141
4493045000.0,-52.25909
4493045937.5,-52.28905
4493046875.0,-52.23245
4493047812.5,-52.26743
4493048750.0,-52.31601
4493049687.5,-52.23576
4493050625.0,-52.2142
4493051562.5,-52.24537
4493052500.0,-52.23077
4493053437.5,-52.18808
4493054375.0,-52.20884
4493055312.5,-52.24158
4493056250.0,-52.22631
4493057187.5,-52.27863
4493058125.0,-52.16208
4493059062.5,-52.21935
4493060000.0,-52.28136
4493060937.5,-52.24424
4493061875.0,-52.28003
4493062812.5,-52.18683
4493063750.0,-52.22398
4493064687.5,-52.23349
4493065625.0,-52.21589
4493066562.5,-52.16541
4493067500.0,-52.18604
4493068437.5,-52.20141
4493069375.0,-52.19881
4493070312.5,-52.19361
4493071250.0,-52.28959
4493072187.5,-52.23357
4493073125.0,-52.21904
4493074062.5,-52.23554
4493075000.0,-52.24474
4493075937.5,-52.20212
4493076875.0,-52.20002
4493077812.5,-52.2232
4493078750.0,-52.25059
4493079687.5,-52.20919
4493080625.0,-52.29099
4493081562.5,-52.24377
4493082500.0,-52.29973
4493083437.5,-52.21049
4493084375.0,-52.23185
4493085312.5,-52.34294
4493086250.0,-52.19197
4493087187.5,-52.29906
4493088125.0,-52.16653
4493089062.5,-52.15426
4493090000.0,-52.17731
4493090937.5,-52.13912
4493091875.0,-52.20747
4493092812.5,-52.20698
4493093750.0,-52.26799
4493094687.5,-52.17778
4493095625.0,-52.27637
4493096562.5,-52.16628
4493097500.0,-52.20405
4493098437.5,-52.2426
4493099375.0,-52.17014
4493100312.5,-52.17134
4493101250.0,-52.18885
4493102187.5,-52.11035
4493103125.0,-52.13779
4493104062.5,-52.2176
4493105000.0,-52.12076
4493105937.5,-52.23805
4493106875.0,-52.2165
4493107812.5,-52.20866
4493108750.0,-52.20189
4493109687.5,-52.22339
4493110625.0,-52.22051
4493111562.5,-52.25168
4493112500.0,-52.22422
4493113437.5,-52.23345
4493114375.0,-52.23036
4493115312.5,-52.15186
4493116250.0,-52.22305
4493117187.5,-52.2199
4493118125.0,-52.18137
4493119062.5,-52.23909
4493120000.0,-52.11392
4493120937.5,-52.24045
4493121875.0,-52.12663
4493122812.5,-52.0937
4493123750.0,-52.17476
4493124687.5,-52.14646
4493125625.0,-52.27688
4493126562.5,-52.2298
4493127500.0,-52.12944
4493128437.5,-52.20079
4493129375.0,-52.22934
4493130312.5,-52.1549
4493131250.0,-52.10879
4493132187.5,-52.15524
4493133125.0,-52.21044
4493134062.5,-52.19054
4493135000.0,-52.18967
4493135937.5,-52.18635
4493136875.0,-52.14942
4493137812.5,-52.27271
4493138750.0,-52.20763
4493139687.5,-52.19357
4493140625.0,-52.23426
4493141562.5,-52.18721
4493142500.0,-52.14202
4493143437.5,-52.15343
4493144375.0,-52.15526
4493145312.5,-52.13175
4493146250.0,-52.2074
4493147187.5,-52.17162
4493148125.0,-52.21415
4493149062.5,-52.17247
4493150000.0,-52.15689
4493150937.5,-52.1118
4493151875.0,-52.21357
4493152812.5,-52.21497
4493153750.0,-52.17279
4493154687.5,-52.13588
4493155625.0,-52.1896
4493156562.5,-52.21057
4493157500.0,-52.17474
4493158437.5,-52.16634
4493159375.0,-52.15021
4493160312.5,-52.12896
4493161250.0,-52.12256
4493162187.5,-52.18362
4493163125.0,-52.16069
4493164062.5,-52.19582
4493165000.0,-52.11843
4493165937.5,-52.14067
4493166875.0,-52.1298
4493167812.5,-52.17294
4493168750.0,-52.17733
4493169687.5,-52.18772
4493170625.0,-52.15691
4493171562.5,-52.1501
4493172500.0,-52.12745
4493173437.5,-52.18423
4493174375.0,-52.16739
4493175312.5,-52.14408
4493176250.0,-52.16761
4493177187.5,-52.15466
4493178125.0,-52.17144
4493179062.5,-52.13757
4493180000.0,-52.13125
4493180937.5,-52.09353
4493181875.0,-52.10841
4493182812.5,-52.17933
4493183750.0,-52.18139
4493184687.5,-52.13585
4493185625.0,-52.11515
4493186562.5,-52.17598
4493187500.0,-52.1582
4493188437.5,-52.2089
4493189375.0,-52.1395
4493190312.5,-52.10518
4493191250.0,-52.14093
4493192187.5,-52.1972
4493193125.0,-52.11972
4493194062.5,-52.14538
4493195000.0,-52.13551
4493195937.5,-52.10851
4493196875.0,-52.12942
4493197812.5,-52.16521
4493198750.0,-52.19911
4493199687.5,-52.11797
4493200625.0,-52.08759
4493201562.5,-52.20969
4493202500.0,-52.21109
4493203437.5,-52.13714
4493204375.0,-52.12701
4493205312.5,-52.16389
4493206250.0,-52.21225
4493207187.5,-52.12365
4493208125.0,-52.14294
4493209062.5,-52.12413
4493210000.0,-52.13388
4493210937.5,-52.20103
4493211875.0,-52.16699
4493212812.5,-52.14704
4493213750.0,-52.11195
4493214687.5,-52.08169
4493215625.0,-52.0991
4493216562.5,-52.1881
4493217500.0,-52.15232
4493218437.5,-52.17251
4493219375.0,-52.11746
4493220312.5,-52.10671
4493221250.0,-52.15585
4493222187.5,-52.16713
4493223125.0,-52.11388
4493224062.5,-52.19614
4493225000.0,-52.13918
4493225937.5,-52.05181
4493226875.0,-52.15426
4493227812.5,-52.12078
4493228750.0,-52.20312
4493229687.5,-52.09419
4493230625.0,-52.15459
4493231562.5,-52.14045
4493232500.0,-52.16346
4493233437.5,-52.08837
4493234375.0,-52.0836
4493235312.5,-52.13021
4493236250.0,-52.12563
4493237187.5,-52.16256
4493238125.0,-52.13828
4493239062.5,-52.02174
4493240000.0,-52.11377
4493240937.5,-52.07798
4493241875.0,-52.13095
4493242812.5,-52.09853
4493243750.0,-52.08555
4493244687.5,-52.10312
4493245625.0,-52.10394
4493246562.5,-52.15442
4493247500.0,-52.05314
4493248437.5,-52.07492
4493249375.0,-52.16925
4493250312.5,-52.13784
4493251250.0,-52.14288
4493252187.5,-52.11519
4493253125.0,-52.09332
4493254062.5,-52.11305
4493255000.0,-52.06157
4493255937.5,-52.07189
4493256875.0,-52.15165
4493257812.5,-52.1091
4493258750.0,-52.12883
4493259687.5,-52.16951
4493260625.0,-52.05818
4493261562.5,-52.14396
4493262500.0,-52.10539
4493263437.5,-52.06072
4493264375.0,-52.06979
4493265312.5,-52.07246
4493266250.0,-52.03633
4493267187.5,-52.14719
4493268125.0,-52.06873
4493269062.5,-52.08895
4493270000.0,-52.15403
4493270937.5,-52.07552
4493271875.0,-52.04902
4493272812.5,-52.07407
4493273750.0,-52.15564
4493274687.5,-52.13358
4493275625.0,-52.10527
4493276562.5,-52.07966
4493277500.0,-52.02693
4493278437.5,-52.10421
4493279375.0,-52.08002
4493280312.5,-52.07929
4493281250.0,-52.13252
4493282187.5,-52.02683
4493283125.0,-52.13903
4493284062.5,-52.08376
4493285000.0,-52.07975
4493285937.5,-52.08492
4493286875.0,-52.06956
4493287812.5,-52.19627
4493288750.0,-52.13913
4493289687.5,-52.18902
4493290625.0,-52.07647
4493291562.5,-52.08846
4493292500.0,-52.04876
4493293437.5,-52.05723
4493294375.0,-52.14089
4493295312.5,-52.04615
4493296250.0,-52.0716
4493297187.5,-52.11057
4493298125.0,-52.0915
4493299062.5,-52.11524
4493300000.0,-52.07808
4493300937.5,-52.04554
4493301875.0,-52.0621
4493302812.5,-52.12861
4493303750.0,-51.98866
4493304687.5,-52.13575
4493305625.0,-52.08537
4493306562.5,-52.06069
4493307500.0,-52.10995
4493308437.5,-52.08022
4493309375.0,-52.03193
4493310312.5,-52.07767
4493311250.0,-52.08735
4493312187.5,-52.04931
4493313125.0,-52.09696
4493314062.5,-52.05462
4493315000.0,-52.05557
4493315937.5,-52.20198
4493316875.0,-52.04786
4493317812.5,-52.06075
4493318750.0,-52.07428
4493319687.5,-52.05551
4493320625.0,-52.06184
4493321562.5,-52.11605
4493322500.0,-52.10026
4493323437.5,-52.06498
4493324375.0,-52.0425
4493325312.5,-52.09346
4493326250.0,-52.05194
4493327187.5,-52.07509
4493328125.0,-52.0759
4493329062.5,-52.07296
4493330000.0,-52.04237
4493330937.5,-52.05606
4493331875.0,-52.08866
4493332812.5,-52.06557
4493333750.0,-52.08223
4493334687.5,-52.04288
4493335625.0,-52.03761
4493336562.5,-52.12403
4493337500.0,-52.0241
4493338437.5,-52.01666
4493339375.0,-52.03685
4493340312.5,-52.07587
4493341250.0,-52.06977
4493342187.5,-52.09713
4493343125.0,-52.02028
4493344062.5,-52.04977
4493345000.0,-52.04196
4493345937.5,-52.04254
4493346875.0,-52.09856
4493347812.5,-52.04824
4493348750.0,-52.03468
4493349687.5,-52.08493
4493350625.0,-52.05524
4493351562.5,-52.00967
4493352500.0,-52.01965
4493353437.5,-52.09245
4493354375.0,-52.0296
4493355312.5,-52.11123
4493356250.0,-52.01912
4493357187.5,-52.04425
4493358125.0,-52.03713
4493359062.5,-52.0051
4493360000.0,-52.04786
4493360937.5,-51.99657
4493361875.0,-52.08466
4493362812.5,-52.10178
4493363750.0,-52.1319
4493364687.5,-51.98689
4493365625.0,-52.05972
4493366562.5,-52.04666
4493367500.0,-52.11552
4493368437.5,-52.06631
4493369375.0,-52.08025
4493370312.5,-52.02396
4493371250.0,-52.1119
4493372187.5,-52.01464
4493373125.0,-52.01265
4493374062.5,-51.99845
4493375000.0,-52.05706
4493375937.5,-52.02439
4493376875.0,-52.11763
4493377812.5,-52.04565
4493378750.0,-52.01848
4493379687.5,-52.00512
4493380625.0,-52.01615
4493381562.5,-52.03576
4493382500.0,-52.04309
4493383437.5,-52.07725
4493384375.0,-51.99876
4493385312.5,-52.0414
4493386250.0,-52.02097
4493387187.5,-52.02231
4493388125.0,-52.00808
4493389062.5,-52.09029
4493390000.0,-52.00626
4493390937.5,-51.98689
4493391875.0,-52.05856
4493392812.5,-52.04221
4493393750.0,-52.0735
4493394687.5,-52.05576
4493395625.0,-52.01867
4493396562.5,-52.0866
4493397500.0,-51.95506
4493398437.5,-52.02535
4493399375.0,-52.0248
4493400312.5,-52.07286
4493401250.0,-51.93816
4493402187.5,-52.04742
4493403125.0,-52.0688
4493404062.5,-51.98505
4493405000.0,-52.01303
4493405937.5,-52.01521
4493406875.0,-52.05477
4493407812.5,-52.01045
4493408750.0,-52.02899
4493409687.5,-52.01618
4493410625.0,-51.98213
4493411562.5,-52.04027
4493412500.0,-52.03483
4493413437.5,-51.98347
4493414375.0,-51.98536
4493415312.5,-52.01357
4493416250.0,-51.99366
4493417187.5,-52.02557
4493418125.0,-52.0024
4493419062.5,-51.97374
4493420000.0,-52.006
4493420937.5,-51.98469
4493421875.0,-52.05547
4493422812.5,-51.96806
4493423750.0,-51.99601
4493424687.5,-52.04006
4493425625.0,-52.0558
4493426562.5,-52.0458
4493427500.0,-52.05101
4493428437.5,-51.97442
4493429375.0,-51.97086
4493430312.5,-52.01859
4493431250.0,-52.05596
4493432187.5,-51.97317
4493433125.0,-51.9907
4493434062.5,-52.01516
4493435000.0,-52.04773
4493435937.5,-52.05062
4493436875.0,-52.01398
4493437812.5,-51.93259
4493438750.0,-51.95219
4493439687.5,-52.00224
4493440625.0,-51.98951
4493441562.5,-52.00404
4493442500.0,-51.97728
4493443437.5,-52.01836
4493444375.0,-51.90719
4493445312.5,-52.01195
4493446250.0,-51.93929
4493447187.5,-52.00063
4493448125.0,-51.91039
4493449062.5,-52.03561
4493450000.0,-52.04299
4493450937.5,-51.97
4493451875.0,-52.04586
4493452812.5,-51.98804
4493453750.0,-51.95278
4493454687.5,-51.94544
4493455625.0,-51.94627
4493456562.5,-51.9715
4493457500.0,-51.99034
4493458437.5,-52.02507
4493459375.0,-51.93635
4493460312.5,-51.95445
4493461250.0,-51.9142
4493462187.5,-52.06122
4493463125.0,-51.99591
4493464062.5,-52.00108
4493465000.0,-52.04684
4493465937.5,-51.99261
4493466875.0,-52.01461
4493467812.5,-51.91638
4493468750.0,-52.0162
4493469687.5,-51.99669
4493470625.0,-52.00044
4493471562.5,-52.05807
4493472500.0,-52.07137
4493473437.5,-51.99623
4493474375.0,-51.91129
4493475312.5,-51.97036
4493476250.0,-51.92965
4493477187.5,-51.96896
4493478125.0,-51.94238
4493479062.5,-51.99837
4493480000.0,-51.94843
4493480937.5,-51.99481
4493481875.0,-51.94579
4493482812.5,-51.97615
4493483750.0,-51.98165
4493484687.5,-51.94362
4493485625.0,-51.95942
4493486562.5,-51.96168
4493487500.0,-51.98293
4493488437.5,-51.9668
4493489375.0,-52.01345
4493490312.5,-51.96321
4493491250.0,-52.00482
4493492187.5,-52.0074
4493493125.0,-51.94566
4493494062.5,-51.9607
4493495000.0,-51.92276
4493495937.5,-51.96518
4493496875.0,-51.97892
4493497812.5,-52.00611
4493498750.0,-51.94357
4493499687.5,-52.03594
4493500625.0,-51.93674
4493501562.5,-51.97096
4493502500.0,-52.00698
4493503437.5,-51.93475
4493504375.0,-51.83683
4493505312.5,-51.95976
4493506250.0,-51.98819
4493507187.5,-51.92489
4493508125.0,-51.9317
4493509062.5,-51.94627
4493510000.0,-51.95845
4493510937.5,-51.96769
4493511875.0,-52.00696
4493512812.5,-51.92723
4493513750.0,-51.9666
4493514687.5,-51.94483
4493515625.0,-51.9453
4493516562.5,-51.92289
4493517500.0,-51.93119
4493518437.5,-51.95909
4493519375.0,-52.01569
4493520312.5,-51.97259
4493521250.0,-52.01043
4493522187.5,-51.91411
4493523125.0,-52.02056
4493524062.5,-52.01657
4493525000.0,-52.00253
4493525937.5,-51.96816
4493526875.0,-52.00882
4493527812.5,-51.91985
4493528750.0,-51.95641
4493529687.5,-51.99427
4493530625.0,-51.94881
4493531562.5,-51.90115
4493532500.0,-51.94004
4493533437.5,-51.94149
4493534375.0,-51.94455
4493535312.5,-51.97955
4493536250.0,-51.9046
4493537187.5,-51.93072
4493538125.0,-51.92018
4493539062.5,-51.93039
4493540000.0,-51.96681
4493540937.5,-51.94383
4493541875.0,-51.90187
4493542812.5,-51.89612
4493543750.0,-51.94569
4493544687.5,-51.95281
4493545625.0,-51.90015
4493546562.5,-51.98027
4493547500.0,-51.9523
4493548437.5,-51.94387
4493549375.0,-52.02281
4493550312.5,-51.85425
4493551250.0,-51.98176
4493552187.5,-51.88883
4493553125.0,-51.88483
4493554062.5,-51.91041
4493555000.0,-51.92436
4493555937.5,-51.94618
4493556875.0,-51.88201
4493557812.5,-51.99659
4493558750.0,-51.94912
4493559687.5,-51.91874
4493560625.0,-51.94565
4493561562.5,-51.94765
4493562500.0,-51.92075
4493563437.5,-51.99102
4493564375.0,-51.96198
4493565312.5,-51.99883
4493566250.0,-51.88783
4493567187.5,-51.91381
4493568125.0,-51.874
4493569062.5,-51.9132
4493570000.0,-51.93673
4493570937.5,-51.96216
4493571875.0,-51.89188
4493572812.5,-52.03213
4493573750.0,-51.95099
4493574687.5,-51.95332
4493575625.0,-51.95201
4493576562.5,-51.95668
4493577500.0,-51.93023
4493578437.5,-51.90232
4493579375.0,-51.96717
4493580312.5,-51.92169
4493581250.0,-51.95678
4493582187.5,-51.97759
4493583125.0,-51.96664
4493584062.5,-51.93827
4493585000.0,-51.89538
4493585937.5,-51.94671
4493586875.0,-51.91603
4493587812.5,-51.96928
4493588750.0,-51.92133
4493589687.5,-51.90066
4493590625.0,-51.89042
4493591562.5,-51.99694
4493592500.0,-51.90914
4493593437.5,-51.93979
4493594375.0,-51.91534
4493595312.5,-51.89515
4493596250.0,-51.91193
4493597187.5,-51.9328
4493598125.0,-51.86445
4493599062.5,-51.82058
4493600000.0,-51.88272
4493600937.5,-51.93753
4493601875.0,-51.85815
4493602812.5,-51.87708
4493603750.0,-51.89826
4493604687.5,-51.8841
4493605625.0,-51.90801
4493606562.5,-51.8494
4493607500.0,-51.8987
4493608437.5,-51.93184
4493609375.0,-51.90173
4493610312.5,-51.96429
4493611250.0,-51.85056
4493612187.5,-51.87076
4493613125.0,-51.96034
4493614062.5,-51.89
4493615000.0,-51.92468
4493615937.5,-51.86984
4493616875.0,-51.91087
4493617812.5,-51.95288
4493618750.0,-51.8149
4493619687.5,-51.90058
4493620625.0,-51.97603
4493621562.5,-51.87971
4493622500.0,-51.96822
4493623437.5,-51.89831
4493624375.0,-51.93885
4493625312.5,-51.95295
4493626250.0,-51.86185
4493627187.5,-51.8527
4493628125.0,-51.89865
4493629062.5,-51.83153
4493630000.0,-51.86402
4493630937.5,-51.86501
4493631875.0,-51.8936
4493632812.5,-51.91533
4493633750.0,-51.83434
4493634687.5,-51.92759
4493635625.0,-51.87569
4493636562.5,-51.8223
4493637500.0,-51.86226
4493638437.5,-51.8873
4493639375.0,-51.88567
4493640312.5,-51.88175
4493641250.0,-51.87377
4493642187.5,-51.79176
4493643125.0,-51.84021
4493644062.5,-51.86469
4493645000.0,-51.81299
4493645937.5,-51.88456
4493646875.0,-51.85474
4493647812.5,-51.92529
4493648750.0,-51.9245
4493649687.5,-51.86405
4493650625.0,-51.85876
4493651562.5,-51.88029
4493652500.0,-51.90045
4493653437.5,-51.88536
4493654375.0,-51.8295
4493655312.5,-51.90871
4493656250.0,-51.89853
4493657187.5,-51.9378
4493658125.0,-51.89763
4493659062.5,-51.8311
4493660000.0,-51.89024
4493660937.5,-51.83432
4493661875.0,-51.89182
4493662812.5,-51.8942
4493663750.0,-51.90672
4493664687.5,-51.89866
4493665625.0,-51.85016
4493666562.5,-51.76847
4493667500.0,-51.92763
4493668437.5,-51.87389
4493669375.0,-51.8532
4493670312.5,-51.95507
4493671250.0,-51.90416
4493672187.5,-51.96803
4493673125.0,-51.88733
4493674062.5,-51.8678
4493675000.0,-51.84926
4493675937.5,-51.86034
4493676875.0,-51.89238
4493677812.5,-51.85452
4493678750.0,-51.85416
4493679687.5,-51.84993
4493680625.0,-51.86314
4493681562.5,-51.91925
4493682500.0,-51.85667
4493683437.5,-51.86979
4493684375.0,-51.88139
4493685312.5,-51.85668
4493686250.0,-51.86473
4493687187.5,-51.88655
4493688125.0,-51.86591
4493689062.5,-51.84552
4493690000.0,-51.85979
4493690937.5,-51.83278
4493691875.0,-51.82035
4493692812.5,-51.79861
4493693750.0,-51.84496
4493694687.5,-51.81903
4493695625.0,-51.88838
4493696562.5,-51.86794
4493697500.0,-51.85996
4493698437.5,-51.82732
4493699375.0,-51.83318
4493700312.5,-51.87212
4493701250.0,-51.82789
4493702187.5,-51.86337
4493703125.0,-51.89761
4493704062.5,-51.9068
4493705000.0,-51.89053
4493705937.5,-51.80975
4493706875.0,-51.86403
4493707812.5,-51.83879
4493708750.0,-51.87159
4493709687.5,-51.88406
4493710625.0,-51.86135
4493711562.5,-51.8719
4493712500.0,-51.88492
4493713437.5,-51.85214
4493714375.0,-51.80785
4493715312.5,-51.86894
4493716250.0,-51.85806
4493717187.5,-51.83472
4493718125.0,-51.84364
4493719062.5,-51.82634
4493720000.0,-51.86598
4493720937.5,-51.78646
4493721875.0,-51.78184
4493722812.5,-51.8596
4493723750.0,-51.85517
4493724687.5,-51.85157
4493725625.0,-51.87613
4493726562.5,-51.8599
4493727500.0,-51.84785
4493728437.5,-51.83545
4493729375.0,-51.78124
4493730312.5,-51.88789
4493731250.0,-51.78151
4493732187.5,-51.87554
4493733125.0,-51.84871
4493734062.5,-51.81037
4493735000.0,-51.79668
4493735937.5,-51.84962
4493736875.0,-51.77717
4493737812.5,-51.84089
4493738750.0,-51.84404
4493739687.5,-51.81885
4493740625.0,-51.83017
4493741562.5,-51.85947
4493742500.0,-51.80988
4493743437.5,-51.87462
4493744375.0,-51.81357
4493745312.5,-51.8359
4493746250.0,-51.7892
4493747187.5,-51.7423
4493748125.0,-51.78555
4493749062.5,-51.86394
4493750000.0,-51.79651
4493750937.5,-51.86618
4493751875.0,-51.82222
4493752812.5,-51.83961
4493753750.0,-51.80761
4493754687.5,-51.91516
4493755625.0,-51.83404
4493756562.5,-51.79895
4493757500.0,-51.81299
4493758437.5,-51.82808
4493759375.0,-51.82835
4493760312.5,-51.8392
4493761250.0,-51.85576
4493762187.5,-51.83042
4493763125.0,-51.82079
4493764062.5,-51.85348
4493765000.0,-51.74907
4493765937.5,-51.84029
4493766875.0,-51.88132
4493767812.5,-51.71072
4493768750.0,-51.84941
4493769687.5,-51.79071
4493770625.0,-51.79266
4493771562.5,-51.83604
4493772500.0,-51.81931
4493773437.5,-51.84727
4493774375.0,-51.85154
4493775312.5,-51.8293
4493776250.0,-51.94135
4493777187.5,-51.82155
4493778125.0,-51.7794
4493779062.5,-51.78997
4493780000.0,-51.78753
4493780937.5,-51.84433
4493781875.0,-51.81169
4493782812.5,-51.77346
4493783750.0,-51.84738
4493784687.5,-51.70024
4493785625.0,-51.8252
4493786562.5,-51.80864
4493787500.0,-51.80536
4493788437.5,-51.75565
4493789375.0,-51.82834
4493790312.5,-51.73269
4493791250.0,-51.73771
4493792187.5,-51.85872
4493793125.0,-51.79367
4493794062.5,-51.81371
4493795000.0,-51.8451
4493795937.5,-51.81521
4493796875.0,-51.81207
4493797812.5,-51.78272
4493798750.0,-51.77576
4493799687.5,-51.86935
4493800625.0,-51.76752
4493801562.5,-51.8267
4493802500.0,-51.80514
4493803437.5,-51.74883
4493804375.0,-51.73068
4493805312.5,-51.86085
4493806250.0,-51.8062
4493807187.5,-51.82915
4493808125.0,-51.72771
4493809062.5,-51.82143
4493810000.0,-51.83567
4493810937.5,-51.79099
4493811875.0,-51.83322
4493812812.5,-51.71556
4493813750.0,-51.7872
4493814687.5,-51.72302
4493815625.0,-51.79219
4493816562.5,-51.74928
4493817500.0,-51.80075
4493818437.5,-51.82002
4493819375.0,-51.69996
4493820312.5,-51.72869
4493821250.0,-51.72866
4493822187.5,-51.79436
4493823125.0,-51.75732
4493824062.5,-51.75565
4493825000.0,-51.82055
4493825937.5,-51.75488
4493826875.0,-51.8367
4493827812.5,-51.75314
4493828750.0,-51.75803
4493829687.5,-51.76056
4493830625.0,-51.76661
4493831562.5,-51.73409
4493832500.0,-51.7968
4493833437.5,-51.76847
4493834375.0,-51.84578
4493835312.5,-51.71273
4493836250.0,-51.71648
4493837187.5,-51.78081
4493838125.0,-51.73378
4493839062.5,-51.82389
4493840000.0,-51.76274
4493840937.5,-51.75931
4493841875.0,-51.75444
4493842812.5,-51.73494
4493843750.0,-51.72888
4493844687.5,-51.78453
4493845625.0,-51.76562
4493846562.5,-51.7509
4493847500.0,-51.75377
4493848437.5,-51.76775
4493849375.0,-51.83134
4493850312.5,-51.75463
4493851250.0,-51.75175
4493852187.5,-51.79575
4493853125.0,-51.73069
4493854062.5,-51.73816
4493855000.0,-51.82191
4493855937.5,-51.76939
4493856875.0,-51.70322
4493857812.5,-51.72705
4493858750.0,-51.81372
4493859687.5,-51.73269
4493860625.0,-51.74451
4493861562.5,-51.75641
4493862500.0,-51.78022
4493863437.5,-51.77699
4493864375.0,-51.73967
4493865312.5,-51.79312
4493866250.0,-51.71675
4493867187.5,-51.73448
4493868125.0,-51.70946
4493869062.5,-51.7654
4493870000.0,-51.76747
4493870937.5,-51.75184
4493871875.0,-51.68419
4493872812.5,-51.75046
4493873750.0,-51.76214
4493874687.5,-51.7053
4493875625.0,-51.72846
4493876562.5,-51.72102
4493877500.0,-51.76229
4493878437.5,-51.68607
4493879375.0,-51.77344
4493880312.5,-51.75146
4493881250.0,-51.76184
4493882187.5,-51.75235
4493883125.0,-51.75228
4493884062.5,-51.76989
4493885000.0,-51.73718
4493885937.5,-51.71563
4493886875.0,-51.78864
4493887812.5,-51.71642
4493888750.0,-51.73569
4493889687.5,-51.70354
4493890625.0,-51.73089
4493891562.5,-51.7498
4493892500.0,-51.74478
4493893437.5,-51.67707
4493894375.0,-51.76144
4493895312.5,-51.74411
4493896250.0,-51.75549
4493897187.5,-51.77589
4493898125.0,-51.67616
4493899062.5,-51.75089
4493900000.0,-51.79039
4493900937.5,-51.72747
4493901875.0,-51.67831
4493902812.5,-51.73529
4493903750.0,-51.72119
4493904687.5,-51.77008
4493905625.0,-51.77063
4493906562.5,-51.76124
4493907500.0,-51.69481
4493908437.5,-51.70294
4493909375.0,-51.73089
4493910312.5,-51.82002
4493911250.0,-51.72748
4493912187.5,-51.76311
4493913125.0,-51.75393
4493914062.5,-51.74739
4493915000.0,-51.71705
4493915937.5,-51.75116
4493916875.0,-51.69219
4493917812.5,-51.76023
4493918750.0,-51.765
4493919687.5,-51.78072
4493920625.0,-51.7621
4493921562.5,-51.72279
4493922500.0,-51.70671
4493923437.5,-51.68156
4493924375.0,-51.70569
4493925312.5,-51.71902
4493926250.0,-51.71127
4493927187.5,-51.70506
4493928125.0,-51.73322
4493929062.5,-51.72596
4493930000.0,-51.69577
4493930937.5,-51.67483
4493931875.0,-51.71658
4493932812.5,-51.71482
4493933750.0,-51.6874
4493934687.5,-51.71886
4493935625.0,-51.68676
4493936562.5,-51.74871
4493937500.0,-51.69174
4493938437.5,-51.77184
4493939375.0,-51.71861
4493940312.5,-51.7489
4493941250.0,-51.69804
4493942187.5,-51.74172
4493943125.0,-51.60332
4493944062.5,-51.70071
4493945000.0,-51.73564
4493945937.5,-51.71281
4493946875.0,-51.64101
4493947812.5,-51.66844
4493948750.0,-51.70404
4493949687.5,-51.72541
4493950625.0,-51.75077
4493951562.5,-51.67019
4493952500.0,-51.68471
4493953437.5,-51.68263
4493954375.0,-51.64574
4493955312.5,-51.69956
4493956250.0,-51.70252
4493957187.5,-51.68019
4493958125.0,-51.71022
4493959062.5,-51.65738
4493960000.0,-51.72435
4493960937.5,-51.71782
4493961875.0,-51.67883
4493962812.5,-51.63059
4493963750.0,-51.74843
4493964687.5,-51.69211
4493965625.0,-51.71169
4493966562.5,-51.71519
4493967500.0,-51.68243
4493968437.5,-51.62164
4493969375.0,-51.67406
4493970312.5,-51.63522
4493971250.0,-51.67205
4493972187.5,-51.7153
4493973125.0,-51.73224
4493974062.5,-51.66975
4493975000.0,-51.7163
4493975937.5,-51.79761
4493976875.0,-51.64657
4493977812.5,-51.64336
4493978750.0,-51.65423
4493979687.5,-51.64312
4493980625.0,-51.72386
4493981562.5,-51.67773
4493982500.0,-51.64606
4493983437.5,-51.7078
4493984375.0,-51.68806
4493985312.5,-51.66198
4493986250.0,-51.7108
4493987187.5,-51.71951
4493988125.0,-51.67535
4493989062.5,-51.67088
4493990000.0,-51.6461
4493990937.5,-51.55862
4493991875.0,-51.68761
4493992812.5,-51.71289
4493993750.0,-51.68581
4493994687.5,-51.6627
4493995625.0,-51.61505
4493996562.5,-51.59334
4493997500.0,-51.68766
4493998437.5,-51.6718
4493999375.0,-51.58244
4494000312.5,-51.61475
4494001250.0,-51.65944
4494002187.5,-51.76225
4494003125.0,-51.72412
4494004062.5,-51.66692
4494005000.0,-51.67072
4494005937.5,-51.65423
4494006875.0,-51.6362
4494007812.5,-51.67514
4494008750.0,-51.71592
4494009687.5,-51.70275
4494010625.0,-51.62183
4494011562.5,-51.68093
4494012500.0,-51.66393
4494013437.5,-51.68031
4494014375.0,-51.64832
4494015312.5,-51.64958
4494016250.0,-51.65598
4494017187.5,-51.71024
4494018125.0,-51.62774
4494019062.5,-51.64576
4494020000.0,-51.62541
4494020937.5,-51.65982
4494021875.0,-51.62878
4494022812.5,-51.62437
4494023750.0,-51.69379
4494024687.5,-51.67335
4494025625.0,-51.62106
4494026562.5,-51.57222
4494027500.0,-51.63667
4494028437.5,-51.5992
4494029375.0,-51.684
4494030312.5,-51.6512
4494031250.0,-51.62869
4494032187.5,-51.65821
4494033125.0,-51.68169
4494034062.5,-51.62539
4494035000.0,-51.71449
4494035937.5,-51.65426
4494036875.0,-51.61976
4494037812.5,-51.63258
4494038750.0,-51.54899
4494039687.5,-51.57488
4494040625.0,-51.6732
4494041562.5,-51.63166
4494042500.0,-51.6293
4494043437.5,-51.6813
4494044375.0,-51.68006
4494045312.5,-51.58978
4494046250.0,-51.6306
4494047187.5,-51.71475
4494048125.0,-51.61725
4494049062.5,-51.63152
4494050000.0,-51.64603
4494050937.5,-51.63181
4494051875.0,-51.6832
4494052812.5,-51.64176
4494053750.0,-51.68045
4494054687.5,-51.64669
4494055625.0,-51.60647
4494056562.5,-51.64167
4494057500.0,-51.6205
4494058437.5,-51.65959
4494059375.0,-51.64925
4494060312.5,-51.60091
4494061250.0,-51.67119
4494062187.5,-51.62015
4494063125.0,-51.63507
4494064062.5,-51.60094
4494065000.0,-51.71706
4494065937.5,-51.61836
4494066875.0,-51.62528
4494067812.5,-51.60404
4494068750.0,-51.52199
4494069687.5,-51.54369
4494070625.0,-51.60529
4494071562.5,-51.63798
4494072500.0,-51.65142
4494073437.5,-51.64423
4494074375.0,-51.62594
4494075312.5,-51.65968
4494076250.0,-51.61686
4494077187.5,-51.65446
4494078125.0,-51.61076
4494079062.5,-51.59256
4494080000.0,-51.57912
4494080937.5,-51.59702
4494081875.0,-51.59262
4494082812.5,-51.65951
4494083750.0,-51.64333
4494084687.5,-51.61071
4494085625.0,-51.64554
4494086562.5,-51.62052
4494087500.0,-51.55188
4494088437.5,-51.57061
4494089375.0,-51.56553
4494090312.5,-51.64671
4494091250.0,-51.63746
4494092187.5,-51.57906
4494093125.0,-51.58231
4494094062.5,-51.64772
4494095000.0,-51.59827
4494095937.5,-51.69079
4494096875.0,-51.59057
4494097812.5,-51.65323
4494098750.0,-51.63193
4494099687.5,-51.59131
4494100625.0,-51.61768
4494101562.5,-51.63319
4494102500.0,-51.62105
4494103437.5,-51.58892
4494104375.0,-51.5476
4494105312.5,-51.65215
4494106250.0,-51.70832
4494107187.5,-51.62582
4494108125.0,-51.61085
4494109062.5,-51.65915
4494110000.0,-51.62823
4494110937.5,-51.60977
4494111875.0,-51.56929
4494112812.5,-51.59001
4494113750.0,-51.56724
4494114687.5,-51.51366
4494115625.0,-51.56376
4494116562.5,-51.56709
4494117500.0,-51.62809
4494118437.5,-51.58694
4494119375.0,-51.62368
4494120312.5,-51.58926
4494121250.0,-51.60234
4494122187.5,-51.58065
4494123125.0,-51.54264
4494124062.5,-51.61985
4494125000.0,-51.59303
4494125937.5,-51.63577
4494126875.0,-51.59299
4494127812.5,-51.57615
4494128750.0,-51.58527
4494129687.5,-51.54638
4494130625.0,-51.55861
4494131562.5,-51.56248
4494132500.0,-51.56686
4494133437.5,-51.55026
4494134375.0,-51.5897
4494135312.5,-51.60562
4494136250.0,-51.61491
4494137187.5,-51.57167
4494138125.0,-51.61819
4494139062.5,-51.63974
4494140000.0,-51.54871
4494140937.5,-51.60928
4494141875.0,-51.63699
4494142812.5,-51.64731
4494143750.0,-51.60591
4494144687.5,-51.58566
4494145625.0,-51.49123
4494146562.5,-51.612
4494147500.0,-51.47144
4494148437.5,-51.55896
4494149375.0,-51.5668
4494150312.5,-51.55504
4494151250.0,-51.5521
4494152187.5,-51.57008
4494153125.0,-51.58056
4494154062.5,-51.54989
4494155000.0,-51.61999
4494155937.5,-51.56813
4494156875.0,-51.57084
4494157812.5,-51.57681
4494158750.0,-51.55026
4494159687.5,-51.53686
4494160625.0,-51.6019
4494161562.5,-51.65221
4494162500.0,-51.55046
4494163437.5,-51.54046
4494164375.0,-51.55122
4494165312.5,-51.5867
4494166250.0,-51.60084
4494167187.5,-51.47802
4494168125.0,-51.53317
4494169062.5,-51.48938
4494170000.0,-51.52525
4494170937.5,-51.51357
4494171875.0,-51.52024
4494172812.5,-51.54642
4494173750.0,-51.54938
4494174687.5,-51.57445
4494175625.0,-51.52737
4494176562.5,-51.5065
4494177500.0,-51.58836
4494178437.5,-51.55395
4494179375.0,-51.53319
4494180312.5,-51.56036
4494181250.0,-51.55804
4494182187.5,-51.52654
4494183125.0,-51.60202
4494184062.5,-51.5998
4494185000.0,-51.58274
4494185937.5,-51.53798
4494186875.0,-51.52485
4494187812.5,-51.61318
4494188750.0,-51.51969
4494189687.5,-51.62397
4494190625.0,-51.53636
4494191562.5,-51.59301
4494192500.0,-51.54567
4494193437.5,-51.55735
4494194375.0,-51.53712
4494195312.5,-51.51093
4494196250.0,-51.52618
4494197187.5,-51.50949
4494198125.0,-51.5839
4494199062.5,-51.56624
4494200000.0,-51.54517
4494200937.5,-51.54779
4494201875.0,-51.54541
4494202812.5,-51.50084
4494203750.0,-51.54565
4494204687.5,-51.51945
4494205625.0,-51.52139
4494206562.5,-51.46734
4494207500.0,-51.57878
4494208437.5,-51.57283
4494209375.0,-51.54211
4494210312.5,-51.56455
4494211250.0,-51.54752
4494212187.5,-51.56712
4494213125.0,-51.59114
4494214062.5,-51.55161
4494215000.0,-51.56576
4494215937.5,-51.54364
4494216875.0,-51.56555
4494217812.5,-51.58316
4494218750.0,-51.52303
4494219687.5,-51.50688
4494220625.0,-51.52248
4494221562.5,-51.59395
4494222500.0,-51.58374
4494223437.5,-51.43477
4494224375.0,-51.54079
4494225312.5,-51.56052
4494226250.0,-51.54546
4494227187.5,-51.57505
4494228125.0,-51.55936
4494229062.5,-51.53047
4494230000.0,-51.56907
4494230937.5,-51.50277
4494231875.0,-51.51694
4494232812.5,-51.53972
4494233750.0,-51.57214
4494234687.5,-51.52167
4494235625.0,-51.50323
4494236562.5,-51.48514
4494237500.0,-51.51511
4494238437.5,-51.57393
4494239375.0,-51.48381
4494240312.5,-51.56519
4494241250.0,-51.52874
4494242187.5,-51.46345
4494243125.0,-51.48917
4494244062.5,-51.51759
4494245000.0,-51.50101
4494245937.5,-51.49191
4494246875.0,-51.50706
4494247812.5,-51.4785
4494248750.0,-51.50523
4494249687.5,-51.5131
4494250625.0,-51.47113
4494251562.5,-51.52814
4494252500.0,-51.45267
4494253437.5,-51.44894
4494254375.0,-51.50789
4494255312.5,-51.46424
4494256250.0,-51.48085
4494257187.5,-51.50549
4494258125.0,-51.52097
4494259062.5,-51.5547
4494260000.0,-51.51401
4494260937.5,-51.50288
4494261875.0,-51.50451
4494262812.5,-51.47631
4494263750.0,-51.52417
4494264687.5,-51.53342
4494265625.0,-51.52
4494266562.5,-51.52076
4494267500.0,-51.56411
4494268437.5,-51.54092
4494269375.0,-51.5152
4494270312.5,-51.46476
4494271250.0,-51.52863
4494272187.5,-51.52618
4494273125.0,-51.47199
4494274062.5,-51.50178
4494275000.0,-51.54433
4494275937.5,-51.49542
4494276875.0,-51.5103
4494277812.5,-51.52887
4494278750.0,-51.47119
4494279687.5,-51.50187
4494280625.0,-51.54647
4494281562.5,-51.46688
4494282500.0,-51.50543
4494283437.5,-51.48783
4494284375.0,-51.52535
4494285312.5,-51.5202
4494286250.0,-51.56799
4494287187.5,-51.49162
4494288125.0,-51.46444
4494289062.5,-51.52295
4494290000.0,-51.48492
4494290937.5,-51.52128
4494291875.0,-51.53055
4494292812.5,-51.45439
4494293750.0,-51.46426
4494294687.5,-51.49758
4494295625.0,-51.51096
4494296562.5,-51.45924
4494297500.0,-51.45272
4494298437.5,-51.47208
4494299375.0,-51.49367
4494300312.5,-51.44938
4494301250.0,-51.48137
4494302187.5,-51.46864
4494303125.0,-51.47015
4494304062.5,-51.45288
4494305000.0,-51.48801
4494305937.5,-51.56473
4494306875.0,-51.46306
4494307812.5,-51.50357
4494308750.0,-51.5831
4494309687.5,-51.57695
4494310625.0,-51.48899
4494311562.5,-51.51687
4494312500.0,-51.51541
4494313437.5,-51.49885
4494314375.0,-51.46345
4494315312.5,-51.4884
4494316250.0,-51.50301
4494317187.5,-51.46904
4494318125.0,-51.53483
4494319062.5,-51.46548
4494320000.0,-51.48715
4494320937.5,-51.49657
4494321875.0,-51.49078
4494322812.5,-51.45982
4494323750.0,-51.47824
4494324687.5,-51.43304
4494325625.0,-51.45013
4494326562.5,-51.43842
4494327500.0,-51.46344
4494328437.5,-51.49002
4494329375.0,-51.46352
4494330312.5,-51.49084
4494331250.0,-51.51186
4494332187.5,-51.47538
4494333125.0,-51.47097
4494334062.5,-51.49391
4494335000.0,-51.51018
4494335937.5,-51.5162
4494336875.0,-51.46542
4494337812.5,-51.46903
4494338750.0,-51.42161
4494339687.5,-51.46128
4494340625.0,-51.52178
4494341562.5,-51.43984
4494342500.0,-51.45523
4494343437.5,-51.43487
4494344375.0,-51.49083
4494345312.5,-51.48583
4494346250.0,-51.44274
4494347187.5,-51.45902
4494348125.0,-51.436
4494349062.5,-51.46518
4494350000.0,-51.48911
4494350937.5,-51.49783
4494351875.0,-51.45198
4494352812.5,-51.47733
4494353750.0,-51.44954
4494354687.5,-51.4642
4494355625.0,-51.44583
4494356562.5,-51.44376
4494357500.0,-51.51355
4494358437.5,-51.47227
4494359375.0,-51.43449
4494360312.5,-51.43835
4494361250.0,-51.44429
4494362187.5,-51.43457
4494363125.0,-51.43926
4494364062.5,-51.48783
4494365000.0,-51.49089
4494365937.5,-51.41831
4494366875.0,-51.44991
4494367812.5,-51.44824
4494368750.0,-51.45981
4494369687.5,-51.44881
4494370625.0,-51.44366
4494371562.5,-51.41388
4494372500.0,-51.46916
4494373437.5,-51.46393
4494374375.0,-51.47962
4494375312.5,-51.43188
4494376250.0,-51.44816
4494377187.5,-51.41171
4494378125.0,-51.44503
4494379062.5,-51.44027
4494380000.0,-51.46642
4494380937.5,-51.42916
4494381875.0,-51.47988
4494382812.5,-51.40123
4494383750.0,-51.44456
4494384687.5,-51.42124
4494385625.0,-51.48566
4494386562.5,-51.44186
4494387500.0,-51.4117
4494388437.5,-51.40958
4494389375.0,-51.38361
4494390312.5,-51.43911
4494391250.0,-51.41821
4494392187.5,-51.35983
4494393125.0,-51.43939
4494394062.5,-51.45437
4494395000.0,-51.35374
4494395937.5,-51.37621
4494396875.0,-51.42234
4494397812.5,-51.37668
4494398750.0,-51.42339
4494399687.5,-51.51375
4494400625.0,-51.34067
4494401562.5,-51.38315
4494402500.0,-51.35927
4494403437.5,-51.40254
4494404375.0,-51.39389
4494405312.5,-51.4052
4494406250.0,-51.42331
4494407187.5,-51.42117
4494408125.0,-51.48676
4494409062.5,-51.39971
4494410000.0,-51.47123
4494410937.5,-51.4374
4494411875.0,-51.43056
4494412812.5,-51.39462
4494413750.0,-51.4356
4494414687.5,-51.33058
4494415625.0,-51.3862
4494416562.5,-51.47443
4494417500.0,-51.49462
4494418437.5,-51.39354
4494419375.0,-51.41079
4494420312.5,-51.42766
4494421250.0,-51.38005
4494422187.5,-51.4587
4494423125.0,-51.39748
4494424062.5,-51.41076
4494425000.0,-51.39433
4494425937.5,-51.41213
4494426875.0,-51.4033
4494427812.5,-51.39981
4494428750.0,-51.3868
4494429687.5,-51.30572
4494430625.0,-51.41806
4494431562.5,-51.38742
4494432500.0,-51.36139
4494433437.5,-51.34182
4494434375.0,-51.34282
4494435312.5,-51.44886
4494436250.0,-51.3969
4494437187.5,-51.4009
4494438125.0,-51.40224
4494439062.5,-51.39281
4494440000.0,-51.38998
4494440937.5,-51.43158
4494441875.0,-51.44405
4494442812.5,-51.40606
4494443750.0,-51.40639
4494444687.5,-51.38203
4494445625.0,-51.44011
4494446562.5,-51.43036
4494447500.0,-51.4029
4494448437.5,-51.39853
4494449375.0,-51.45964
4494450312.5,-51.35856
4494451250.0,-51.34748
4494452187.5,-51.40979
4494453125.0,-51.44056
4494454062.5,-51.38769
4494455000.0,-51.35019
4494455937.5,-51.33498
4494456875.0,-51.42021
4494457812.5,-51.36266
4494458750.0,-51.43642
4494459687.5,-51.39038
4494460625.0,-51.39914
4494461562.5,-51.41618
4494462500.0,-51.44395
4494463437.5,-51.33295
4494464375.0,-51.33847
4494465312.5,-51.44422
4494466250.0,-51.32884
4494467187.5,-51.33452
4494468125.0,-51.38908
4494469062.5,-51.41517
4494470000.0,-51.39574
4494470937.5,-51.36398
4494471875.0,-51.32621
4494472812.5,-51.36004
4494473750.0,-51.35592
4494474687.5,-51.34307
4494475625.0,-51.31705
4494476562.5,-51.36191
4494477500.0,-51.33256
4494478437.5,-51.38225
4494479375.0,-51.41491
4494480312.5,-51.35841
4494481250.0,-51.41227
4494482187.5,-51.38922
4494483125.0,-51.31152
4494484062.5,-51.35098
4494485000.0,-51.39797
4494485937.5,-51.38784
4494486875.0,-51.34701
4494487812.5,-51.40915
4494488750.0,-51.36147
4494489687.5,-51.41516
4494490625.0,-51.36912
4494491562.5,-51.39712
4494492500.0,-51.37789
4494493437.5,-51.35381
4494494375.0,-51.32421
4494495312.5,-51.34124
4494496250.0,-51.35612
4494497187.5,-51.34372
4494498125.0,-51.36058
4494499062.5,-51.41405
4494500000.0,-51.3516
4494500937.5,-51.33913
4494501875.0,-51.36665
4494502812.5,-51.34781
4494503750.0,-51.39604
4494504687.5,-51.36711
4494505625.0,-51.39268
4494506562.5,-51.32007
4494507500.0,-51.35409
4494508437.5,-51.31385
4494509375.0,-51.35119
4494510312.5,-51.33906
4494511250.0,-51.30848
4494512187.5,-51.38124
4494513125.0,-51.38
4494514062.5,-51.35102
4494515000.0,-51.32924
4494515937.5,-51.36224
4494516875.0,-51.36553
4494517812.5,-51.28331
4494518750.0,-51.2921
4494519687.5,-51.35789
4494520625.0,-51.33834
4494521562.5,-51.33532
4494522500.0,-51.36721
4494523437.5,-51.33995
4494524375.0,-51.31986
4494525312.5,-51.32272
4494526250.0,-51.32077
4494527187.5,-51.36882
4494528125.0,-51.33995
4494529062.5,-51.35765
4494530000.0,-51.37516
4494530937.5,-51.34286
4494531875.0,-51.33131
4494532812.5,-51.35099
4494533750.0,-51.29273
4494534687.5,-51.27722
4494535625.0,-51.31918
4494536562.5,-51.33542
4494537500.0,-51.33963
4494538437.5,-51.25283
4494539375.0,-51.35351
4494540312.5,-51.37793
4494541250.0,-51.3079
4494542187.5,-51.36049
4494543125.0,-51.33255
4494544062.5,-51.37153
4494545000.0,-51.32808
4494545937.5,-51.31458
4494546875.0,-51.33395
4494547812.5,-51.32675
4494548750.0,-51.31093
4494549687.5,-51.27782
4494550625.0,-51.33288
4494551562.5,-51.35634
4494552500.0,-51.26046
4494553437.5,-51.34046
4494554375.0,-51.35919
4494555312.5,-51.25779
4494556250.0,-51.34086
4494557187.5,-51.31072
4494558125.0,-51.25621
4494559062.5,-51.29081
4494560000.0,-51.32884
4494560937.5,-51.30671
4494561875.0,-51.33425
4494562812.5,-51.38392
4494563750.0,-51.314
4494564687.5,-51.39375
4494565625.0,-51.28664
4494566562.5,-51.24706
4494567500.0,-51.36364
4494568437.5,-51.3341
4494569375.0,-51.36629
4494570312.5,-51.38348
4494571250.0,-51.3022
4494572187.5,-51.31846
4494573125.0,-51.29262
4494574062.5,-51.31541
4494575000.0,-51.34296
4494575937.5,-51.31696
4494576875.0,-51.27751
4494577812.5,-51.28621
4494578750.0,-51.34019
4494579687.5,-51.30192
4494580625.0,-51.29208
4494581562.5,-51.36764
4494582500.0,-51.31923
4494583437.5,-51.26593
4494584375.0,-51.32381
4494585312.5,-51.23758
4494586250.0,-51.29807
4494587187.5,-51.31784
4494588125.0,-51.31225
4494589062.5,-51.24366
4494590000.0,-51.31396
4494590937.5,-51.30958
4494591875.0,-51.21842
4494592812.5,-51.3107
4494593750.0,-51.31665
4494594687.5,-51.29449
4494595625.0,-51.28298
4494596562.5,-51.284
4494597500.0,-51.30545
4494598437.5,-51.26906
4494599375.0,-51.32419
4494600312.5,-51.2733
4494601250.0,-51.27554
4494602187.5,-51.21257
4494603125.0,-51.30239
4494604062.5,-51.29031
4494605000.0,-51.27166
4494605937.5,-51.34021
4494606875.0,-51.29431
4494607812.5,-51.26756
4494608750.0,-51.25698
4494609687.5,-51.32554
4494610625.0,-51.27675
4494611562.5,-51.25497
4494612500.0,-51.3003
4494613437.5,-51.29163
4494614375.0,-51.3041
4494615312.5,-51.30217
4494616250.0,-51.3064
4494617187.5,-51.24366
4494618125.0,-51.33012
4494619062.5,-51.25817
4494620000.0,-51.31133
4494620937.5,-51.30484
4494621875.0,-51.25078
4494622812.5,-51.32331
4494623750.0,-51.22126
4494624687.5,-51.31631
4494625625.0,-51.19551
4494626562.5,-51.23173
4494627500.0,-51.30245
4494628437.5,-51.28783
4494629375.0,-51.3005
4494630312.5,-51.30739
4494631250.0,-51.26865
4494632187.5,-51.32796
4494633125.0,-51.30175
4494634062.5,-51.26793
4494635000.0,-51.27817
4494635937.5,-51.17091
4494636875.0,-51.24813
4494637812.5,-51.25616
4494638750.0,-51.28309
4494639687.5,-51.23717
4494640625.0,-51.25171
4494641562.5,-51.27073
4494642500.0,-51.31237
4494643437.5,-51.27255
4494644375.0,-51.24504
4494645312.5,-51.33066
4494646250.0,-51.24056
4494647187.5,-51.23624
4494648125.0,-51.18082
4494649062.5,-51.27473
4494650000.0,-51.26551
4494650937.5,-51.27722
4494651875.0,-51.26312
4494652812.5,-51.26545
4494653750.0,-51.24026
4494654687.5,-51.29292
4494655625.0,-51.27503
4494656562.5,-51.28053
4494657500.0,-51.28033
4494658437.5,-51.28228
4494659375.0,-51.19816
4494660312.5,-51.25802
4494661250.0,-51.19944
4494662187.5,-51.1681
4494663125.0,-51.29456
4494664062.5,-51.27113
4494665000.0,-51.23989
4494665937.5,-51.28207
4494666875.0,-51.23054
4494667812.5,-51.21849
4494668750.0,-51.23672
4494669687.5,-51.22541
4494670625.0,-51.25062
4494671562.5,-51.29758
4494672500.0,-51.28238
4494673437.5,-51.25622
4494674375.0,-51.30323
4494675312.5,-51.21355
4494676250.0,-51.30499
4494677187.5,-51.24155
4494678125.0,-51.28283
4494679062.5,-51.23089
4494680000.0,-51.15805
4494680937.5,-51.19618
4494681875.0,-51.26847
4494682812.5,-51.29669
4494683750.0,-51.22294
4494684687.5,-51.23402
4494685625.0,-51.23292
4494686562.5,-51.23557
4494687500.0,-51.20179
4494688437.5,-51.22116
4494689375.0,-51.22913
4494690312.5,-51.25127
4494691250.0,-51.24496
4494692187.5,-51.27371
4494693125.0,-51.17512
4494694062.5,-51.21318
4494695000.0,-51.22658
4494695937.5,-51.16811
4494696875.0,-51.27491
4494697812.5,-51.23281
4494698750.0,-51.23747
4494699687.5,-51.1981
4494700625.0,-51.2357
4494701562.5,-51.27206
4494702500.0,-51.1902
4494703437.5,-51.21004
4494704375.0,-51.25011
4494705312.5,-51.25404
4494706250.0,-51.22198
4494707187.5,-51.22649
4494708125.0,-51.2423
4494709062.5,-51.25215
4494710000.0,-51.27009
4494710937.5,-51.26764
4494711875.0,-51.23811
4494712812.5,-51.26494
4494713750.0,-51.21126
4494714687.5,-51.231
4494715625.0,-51.24458
4494716562.5,-51.14406
4494717500.0,-51.25708
4494718437.5,-51.24231
4494719375.0,-51.23499
4494720312.5,-51.20363
4494721250.0,-51.20552
4494722187.5,-51.24104
4494723125.0,-51.15722
4494724062.5,-51.29384
4494725000.0,-51.19389
4494725937.5,-51.20051
4494726875.0,-51.24709
4494727812.5,-51.26336
4494728750.0,-51.18089
4494729687.5,-51.20854
4494730625.0,-51.27286
4494731562.5,-51.32422
4494732500.0,-51.25267
4494733437.5,-51.18962
4494734375.0,-51.17236
4494735312.5,-51.20881
4494736250.0,-51.18387
4494737187.5,-51.25363
4494738125.0,-51.1982
4494739062.5,-51.22275
4494740000.0,-51.2003
4494740937.5,-51.19955
4494741875.0,-51.17248
4494742812.5,-51.17284
4494743750.0,-51.24384
4494744687.5,-51.20673
4494745625.0,-51.18469
4494746562.5,-51.16185
4494747500.0,-51.2222
4494748437.5,-51.16285
4494749375.0,-51.19073
4494750312.5,-51.19127
4494751250.0,-51.15203
4494752187.5,-51.17698
4494753125.0,-51.18838
4494754062.5,-51.22877
4494755000.0,-51.22479
4494755937.5,-51.24081
4494756875.0,-51.22422
4494757812.5,-51.17926
4494758750.0,-51.16257
4494759687.5,-51.17048
4494760625.0,-51.18086
4494761562.5,-51.19454
4494762500.0,-51.17839
4494763437.5,-51.19353
4494764375.0,-51.17329
4494765312.5,-51.13177
4494766250.0,-51.2044
4494767187.5,-51.23757
4494768125.0,-51.17652
4494769062.5,-51.15366
4494770000.0,-51.20059
4494770937.5,-51.17804
4494771875.0,-51.23374
4494772812.5,-51.17371
4494773750.0,-51.21619
4494774687.5,-51.19186
4494775625.0,-51.23775
4494776562.5,-51.14209
4494777500.0,-51.31116
4494778437.5,-51.20051
4494779375.0,-51.12612
4494780312.5,-51.1489
4494781250.0,-51.18848
4494782187.5,-51.12706
4494783125.0,-51.1726
4494784062.5,-51.21787
4494785000.0,-51.14949
4494785937.5,-51.15705
4494786875.0,-51.13803
4494787812.5,-51.10878
4494788750.0,-51.21776
4494789687.5,-51.18651
4494790625.0,-51.15998
4494791562.5,-51.15596
4494792500.0,-51.19526
4494793437.5,-51.14272
4494794375.0,-51.13405
4494795312.5,-51.1837
4494796250.0,-51.12213
4494797187.5,-51.18116
4494798125.0,-51.17326
4494799062.5,-51.1162
4494800000.0,-51.20863
4494800937.5,-51.09825
4494801875.0,-51.14568
4494802812.5,-51.21794
4494803750.0,-51.16847
4494804687.5,-51.15058
4494805625.0,-51.15079
4494806562.5,-51.17212
4494807500.0,-51.08538
4494808437.5,-51.14392
4494809375.0,-51.12083
4494810312.5,-51.14166
4494811250.0,-51.19753
4494812187.5,-51.16253
4494813125.0,-51.12133
4494814062.5,-51.17517
4494815000.0,-51.13705
4494815937.5,-51.16805
4494816875.0,-51.11987
4494817812.5,-51.16165
4494818750.0,-51.17475
4494819687.5,-51.21819
4494820625.0,-51.10197
4494821562.5,-51.11627
4494822500.0,-51.10098
4494823437.5,-51.17058
4494824375.0,-51.13033
4494825312.5,-51.16989
4494826250.0,-51.21955
4494827187.5,-51.17024
4494828125.0,-51.13969
4494829062.5,-51.12725
4494830000.0,-51.18306
4494830937.5,-51.13629
4494831875.0,-51.15292
4494832812.5,-51.13292
4494833750.0,-51.15398
4494834687.5,-51.1361
4494835625.0,-51.14011
4494836562.5,-51.11518
4494837500.0,-51.15437
4494838437.5,-51.14609
4494839375.0,-51.11977
4494840312.5,-51.19163
4494841250.0,-51.12359
4494842187.5,-51.11751
4494843125.0,-51.13544
4494844062.5,-51.13717
4494845000.0,-51.1555
4494845937.5,-51.13834
4494846875.0,-51.09845
4494847812.5,-51.15045
4494848750.0,-51.10314
4494849687.5,-51.1082
4494850625.0,-51.08035
4494851562.5,-51.13395
4494852500.0,-51.10244
4494853437.5,-51.1031
4494854375.0,-51.09648
4494855312.5,-51.10804
4494856250.0,-51.10379
4494857187.5,-51.17203
4494858125.0,-51.12366
4494859062.5,-51.13563
4494860000.0,-51.08404
4494860937.5,-51.09194
4494861875.0,-51.09143
4494862812.5,-51.07433
4494863750.0,-51.1452
4494864687.5,-51.14576
4494865625.0,-51.08614
4494866562.5,-51.12916
4494867500.0,-51.04837
4494868437.5,-51.12537
4494869375.0,-51.06081
4494870312.5,-51.1737
4494871250.0,-51.08197
4494872187.5,-51.09491
4494873125.0,-51.08112
4494874062.5,-51.11488
4494875000.0,-51.13314
4494875937.5,-51.11988
4494876875.0,-51.12372
4494877812.5,-51.03634
4494878750.0,-51.13518
4494879687.5,-51.15449
4494880625.0,-51.11355
4494881562.5,-51.12881
4494882500.0,-51.0708
4494883437.5,-51.17004
4494884375.0,-51.05291
4494885312.5,-51.1346
4494886250.0,-51.07736
4494887187.5,-51.09768
4494888125.0,-51.05159
4494889062.5,-51.13109
4494890000.0,-51.10868
4494890937.5,-51.07698
4494891875.0,-51.20525
4494892812.5,-51.10841
4494893750.0,-51.02432
4494894687.5,-51.11833
4494895625.0,-51.10614
4494896562.5,-51.08896
4494897500.0,-51.12762
4494898437.5,-51.05203
4494899375.0,-51.14031
4494900312.5,-51.09342
4494901250.0,-51.13933
4494902187.5,-51.08767
4494903125.0,-51.05136
4494904062.5,-51.11235
4494905000.0,-51.11772
4494905937.5,-51.15012
4494906875.0,-51.10854
4494907812.5,-51.10705
4494908750.0,-51.09528
4494909687.5,-51.11016
4494910625.0,-51.07424
4494911562.5,-51.03601
4494912500.0,-51.08729
4494913437.5,-51.02723
4494914375.0,-51.02481
4494915312.5,-51.11477
4494916250.0,-51.08917
4494917187.5,-51.07213
4494918125.0,-51.12832
4494919062.5,-51.14743
4494920000.0,-51.10907
4494920937.5,-51.11729
4494921875.0,-51.08197
4494922812.5,-51.08307
4494923750.0,-51.11802
4494924687.5,-51.08469
4494925625.0,-51.07817
4494926562.5,-51.08991
4494927500.0,-51.05913
4494928437.5,-51.14132
4494929375.0,-51.09214
4494930312.5,-51.09942
4494931250.0,-51.07605
4494932187.5,-51.08208
4494933125.0,-51.00284
4494934062.5,-51.04418
4494935000.0,-51.0766
4494935937.5,-51.08036
4494936875.0,-51.02921
4494937812.5,-51.11668
4494938750.0,-51.04669
4494939687.5,-51.14464
4494940625.0,-51.11725
4494941562.5,-51.04662
4494942500.0,-51.03809
4494943437.5,-51.0494
4494944375.0,-51.09644
4494945312.5,-51.05409
4494946250.0,-51.06561
4494947187.5,-51.05736
4494948125.0,-51.07905
4494949062.5,-51.0663
4494950000.0,-51.03787
4494950937.5,-51.08023
4494951875.0,-51.03067
4494952812.5,-51.09573
4494953750.0,-51.03929
4494954687.5,-51.15076
4494955625.0,-51.08519
4494956562.5,-51.13012
4494957500.0,-51.0161
4494958437.5,-51.04287
4494959375.0,-51.02398
4494960312.5,-51.07586
4494961250.0,-51.06128
4494962187.5,-51.07007
4494963125.0,-51.03981
4494964062.5,-51.02431
4494965000.0,-51.10005
4494965937.5,-51.07073
4494966875.0,-51.06783
4494967812.5,-51.05111
4494968750.0,-51.105
4494969687.5,-51.03773
4494970625.0,-51.04616
4494971562.5,-51.09303
4494972500.0,-51.1421
4494973437.5,-51.05542
4494974375.0,-51.07186
4494975312.5,-50.99319
4494976250.0,-51.09872
4494977187.5,-51.06937
4494978125.0,-51.10105
4494979062.5,-51.0393
4494980000.0,-50.98257
4494980937.5,-51.06503
4494981875.0,-51.02979
4494982812.5,-51.04612
4494983750.0,-51.07602
4494984687.5,-51.04792
4494985625.0,-51.08132
4494986562.5,-51.03106
4494987500.0,-51.06025
4494988437.5,-51.02716
4494989375.0,-51.00911
4494990312.5,-51.04383
4494991250.0,-51.00259
4494992187.5,-51.06025
4494993125.0,-51.09059
4494994062.5,-51.06655
4494995000.0,-51.00293
4494995937.5,-51.01441
4494996875.0,-51.05156
4494997812.5,-51.005
4494998750.0,-51.02563
4494999687.5,-51.02838
4495000625.0,-51.06252
4495001562.5,-51.0724
4495002500.0,-51.04036
4495003437.5,-51.04771
4495004375.0,-50.98748
4495005312.5,-51.03594
4495006250.0,-51.03712
4495007187.5,-51.05088
4495008125.0,-51.01992
4495009062.5,-51.02098
4495010000.0,-51.03815
4495010937.5,-51.07047
4495011875.0,-50.99252
4495012812.5,-51.0054
4495013750.0,-50.99946
4495014687.5,-51.05791
4495015625.0,-51.0574
4495016562.5,-51.04848
4495017500.0,-50.98306
4495018437.5,-51.04556
4495019375.0,-51.00377
4495020312.5,-50.99182
4495021250.0,-50.96613
4495022187.5,-50.99244
4495023125.0,-51.02741
4495024062.5,-51.0168
4495025000.0,-51.03902
4495025937.5,-51.01598
4495026875.0,-50.95601
4495027812.5,-51.01685
4495028750.0,-51.03373
4495029687.5,-51.06926
4495030625.0,-50.95696
4495031562.5,-50.97235
4495032500.0,-51.05645
4495033437.5,-51.03683
4495034375.0,-51.01933
4495035312.5,-50.9491
4495036250.0,-51.04044
4495037187.5,-51.07175
4495038125.0,-50.98609
4495039062.5,-50.99805
4495040000.0,-51.04148
4495040937.5,-50.96503
4495041875.0,-50.94509
4495042812.5,-51.01044
4495043750.0,-51.01177
4495044687.5,-51.02095
4495045625.0,-51.03538
4495046562.5,-51.02224
4495047500.0,-50.97917
4495048437.5,-51.0192
4495049375.0,-51.02142
4495050312.5,-51.01214
4495051250.0,-51.01488
4495052187.5,-50.961
4495053125.0,-50.97367
4495054062.5,-51.02179
4495055000.0,-51.02261
4495055937.5,-51.05626
4495056875.0,-51.02325
4495057812.5,-51.02849
4495058750.0,-50.94107
4495059687.5,-51.05045
4495060625.0,-50.98184
4495061562.5,-50.99915
4495062500.0,-50.95988
4495063437.5,-50.96888
4495064375.0,-50.95576
4495065312.5,-50.93806
4495066250.0,-50.99653
4495067187.5,-50.98476
4495068125.0,-50.99741
4495069062.5,-51.01173
4495070000.0,-51.01855
4495070937.5,-51.00324
4495071875.0,-50.99449
4495072812.5,-50.96487
4495073750.0,-51.02431
4495074687.5,-50.95521
4495075625.0,-50.95055
4495076562.5,-50.94963
4495077500.0,-50.99431
4495078437.5,-50.97993
4495079375.0,-51.00684
4495080312.5,-50.95674
4495081250.0,-50.98739
4495082187.5,-51.03954
4495083125.0,-50.99004
4495084062.5,-50.97315
4495085000.0,-50.99928
4495085937.5,-50.97464
4495086875.0,-50.95277
4495087812.5,-51.00124
4495088750.0,-51.01864
4495089687.5,-51.03354
4495090625.0,-50.97084
4495091562.5,-51.0513
4495092500.0,-50.91425
4495093437.5,-50.96212
4495094375.0,-50.97727
4495095312.5,-51.03133
4495096250.0,-50.98638
4495097187.5,-51.00487
4495098125.0,-50.93935
4495099062.5,-50.98031
4495100000.0,-50.92352
4495100937.5,-50.92841
4495101875.0,-50.95733
4495102812.5,-50.96084
4495103750.0,-50.99172
4495104687.5,-51.03217
4495105625.0,-50.99825
4495106562.5,-50.98048
4495107500.0,-50.99948
4495108437.5,-50.94594
4495109375.0,-50.96313
4495110312.5,-50.95414
4495111250.0,-50.95327
4495112187.5,-50.97594
4495113125.0,-50.95491
4495114062.5,-50.94826
4495115000.0,-50.96393
4495115937.5,-50.91434
4495116875.0,-51.03666
4495117812.5,-50.93353
4495118750.0,-50.99402
4495119687.5,-50.97306
4495120625.0,-50.95415
4495121562.5,-50.95024
4495122500.0,-50.96202
4495123437.5,-50.90695
4495124375.0,-50.95646
4495125312.5,-50.98272
4495126250.0,-50.90973
4495127187.5,-50.95017
4495128125.0,-50.96051
4495129062.5,-50.91002
4495130000.0,-51.01775
4495130937.5,-50.97544
4495131875.0,-50.94363
4495132812.5,-50.9902
4495133750.0,-50.91573
4495134687.5,-50.94092
4495135625.0,-50.89026
4495136562.5,-50.98673
4495137500.0,-50.90821
4495138437.5,-50.95732
4495139375.0,-50.95562
4495140312.5,-50.97034
4495141250.0,-50.91191
4495142187.5,-50.99413
4495143125.0,-50.90097
4495144062.5,-50.86122
4495145000.0,-50.89092
4495145937.5,-50.91169
4495146875.0,-50.9123
4495147812.5,-50.98584
4495148750.0,-50.99086
4495149687.5,-50.93859
4495150625.0,-50.96458
4495151562.5,-50.92278
4495152500.0,-50.97005
4495153437.5,-50.92617
4495154375.0,-50.95829
4495155312.5,-50.90333
4495156250.0,-50.96072
4495157187.5,-50.87841
4495158125.0,-50.9662
4495159062.5,-50.93824
4495160000.0,-50.95575
4495160937.5,-50.91483
4495161875.0,-50.93026
4495162812.5,-50.96306
4495163750.0,-50.91509
4495164687.5,-50.93228
4495165625.0,-50.90877
4495166562.5,-50.95403
4495167500.0,-50.94146
4495168437.5,-50.93798
4495169375.0,-50.91936
4495170312.5,-50.95598
4495171250.0,-50.92432
4495172187.5,-50.92059
4495173125.0,-50.85071
4495174062.5,-50.87177
4495175000.0,-50.88982
4495175937.5,-50.90514
4495176875.0,-50.90756
4495177812.5,-50.92577
4495178750.0,-50.89017
4495179687.5,-50.89589
4495180625.0,-50.92441
4495181562.5,-50.89761
4495182500.0,-50.96925
4495183437.5,-50.97898
4495184375.0,-50.86818
4495185312.5,-50.93464
4495186250.0,-50.87757
4495187187.5,-50.94832
4495188125.0,-50.91844
4495189062.5,-50.89024
4495190000.0,-50.8944
4495190937.5,-50.9595
4495191875.0,-50.91967
4495192812.5,-50.85908
4495193750.0,-50.86189
4495194687.5,-50.84515
4495195625.0,-50.89239
4495196562.5,-50.82133
4495197500.0,-50.91519
4495198437.5,-50.8586
4495199375.0,-50.89523
4495200312.5,-50.95061
4495201250.0,-50.91037
4495202187.5,-50.91207
4495203125.0,-50.89416
4495204062.5,-50.88408
4495205000.0,-50.93459
4495205937.5,-50.89189
4495206875.0,-50.89702
4495207812.5,-50.96851
4495208750.0,-50.96223
4495209687.5,-50.87652
4495210625.0,-50.89792
4495211562.5,-50.88883
4495212500.0,-50.8771
4495213437.5,-50.92876
4495214375.0,-50.89619
4495215312.5,-50.85594
4495216250.0,-50.93489
4495217187.5,-50.92671
4495218125.0,-50.85097
4495219062.5,-50.83765
4495220000.0,-50.8768
4495220937.5,-50.92693
4495221875.0,-50.88358
4495222812.5,-50.88341
4495223750.0,-50.87703
4495224687.5,-50.86776
4495225625.0,-50.85826
4495226562.5,-50.93738
4495227500.0,-50.91317
4495228437.5,-50.82936
4495229375.0,-50.87606
4495230312.5,-50.78706
4495231250.0,-50.8917
4495232187.5,-50.87232
4495233125.0,-50.861
4495234062.5,-50.85377
4495235000.0,-50.89532
4495235937.5,-50.88867
4495236875.0,-50.84281
4495237812.5,-50.93818
4495238750.0,-50.92719
4495239687.5,-50.85844
4495240625.0,-50.85631
4495241562.5,-50.89494
4495242500.0,-50.94384
4495243437.5,-50.91694
4495244375.0,-50.8691
4495245312.5,-50.85598
4495246250.0,-50.91556
4495247187.5,-50.88435
4495248125.0,-50.90253
4495249062.5,-50.88412
4495250000.0,-50.84911
4495250937.5,-50.85808
4495251875.0,-50.85273
4495252812.5,-50.81396
4495253750.0,-50.94802
4495254687.5,-50.86365
4495255625.0,-50.7851
4495256562.5,-50.86921
4495257500.0,-50.8359
4495258437.5,-50.84751
4495259375.0,-50.85882
4495260312.5,-50.7985
4495261250.0,-50.90036
4495262187.5,-50.88666
4495263125.0,-50.84736
4495264062.5,-50.83288
4495265000.0,-50.86367
4495265937.5,-50.85928
4495266875.0,-50.93404
4495267812.5,-50.89772
4495268750.0,-50.86835
4495269687.5,-50.85102
4495270625.0,-50.88568
4495271562.5,-50.85099
4495272500.0,-50.89766
4495273437.5,-50.85563
4495274375.0,-50.84021
4495275312.5,-50.79941
4495276250.0,-50.85564
4495277187.5,-50.86293
4495278125.0,-50.82234
4495279062.5,-50.84501
4495280000.0,-50.84719
4495280937.5,-50.82138
4495281875.0,-50.83906
4495282812.5,-50.84862
4495283750.0,-50.8213
4495284687.5,-50.79496
4495285625.0,-50.86965
4495286562.5,-50.81683
4495287500.0,-50.84513
4495288437.5,-50.89022
4495289375.0,-50.84567
4495290312.5,-50.83215
4495291250.0,-50.86753
4495292187.5,-50.88034
4495293125.0,-50.82633
4495294062.5,-50.86439
4495295000.0,-50.82672
4495295937.5,-50.87311
4495296875.0,-50.85905
4495297812.5,-50.82191
4495298750.0,-50.85967
4495299687.5,-50.82145
4495300625.0,-50.85592
4495301562.5,-50.83115
4495302500.0,-50.80327
4495303437.5,-50.86963
4495304375.0,-50.82993
4495305312.5,-50.87184
4495306250.0,-50.80427
4495307187.5,-50.79173
4495308125.0,-50.87904
4495309062.5,-50.83093
4495310000.0,-50.83596
4495310937.5,-50.85666
4495311875.0,-50.82022
4495312812.5,-50.82396
4495313750.0,-50.8049
4495314687.5,-50.87956
4495315625.0,-50.83633
4495316562.5,-50.80048
4495317500.0,-50.81207
4495318437.5,-50.87304
4495319375.0,-50.79932
4495320312.5,-50.82186
4495321250.0,-50.78023
4495322187.5,-50.76961
4495323125.0,-50.89169
4495324062.5,-50.84918
4495325000.0,-50.81017
4495325937.5,-50.82791
4495326875.0,-50.83864
4495327812.5,-50.85128
4495328750.0,-50.8944
4495329687.5,-50.75838
4495330625.0,-50.85856
4495331562.5,-50.80043
4495332500.0,-50.83167
4495333437.5,-50.82498
4495334375.0,-50.86393
4495335312.5,-50.81256
4495336250.0,-50.81429
4495337187.5,-50.81871
4495338125.0,-50.81525
4495339062.5,-50.84735
4495340000.0,-50.77212
4495340937.5,-50.74575
4495341875.0,-50.76725
4495342812.5,-50.79548
4495343750.0,-50.78991
4495344687.5,-50.79802
4495345625.0,-50.80988
4495346562.5,-50.75986
4495347500.0,-50.82345
4495348437.5,-50.81453
4495349375.0,-50.84475
4495350312.5,-50.78861
4495351250.0,-50.81539
4495352187.5,-50.77673
4495353125.0,-50.83197
4495354062.5,-50.81086
4495355000.0,-50.77716
4495355937.5,-50.79738
4495356875.0,-50.82373
4495357812.5,-50.73494
4495358750.0,-50.73368
4495359687.5,-50.82281
4495360625.0,-50.72395
4495361562.5,-50.70316
4495362500.0,-50.83086
4495363437.5,-50.74666
4495364375.0,-50.79684
4495365312.5,-50.76966
4495366250.0,-50.80893
4495367187.5,-50.80402
4495368125.0,-50.81831
4495369062.5,-50.80056
4495370000.0,-50.77618
4495370937.5,-50.76257
4495371875.0,-50.78865
4495372812.5,-50.78372
4495373750.0,-50.75544
4495374687.5,-50.78487
4495375625.0,-50.80524
4495376562.5,-50.79752
4495377500.0,-50.73661
4495378437.5,-50.80237
4495379375.0,-50.735
4495380312.5,-50.80961
4495381250.0,-50.83723
4495382187.5,-50.77811
4495383125.0,-50.7773
4495384062.5,-50.77877
4495385000.0,-50.76749
4495385937.5,-50.78329
4495386875.0,-50.82148
4495387812.5,-50.80322
4495388750.0,-50.72101
4495389687.5,-50.75703
4495390625.0,-50.74874
4495391562.5,-50.73458
4495392500.0,-50.81465
4495393437.5,-50.78354
4495394375.0,-50.76467
4495395312.5,-50.73327
4495396250.0,-50.81701
4495397187.5,-50.74556
4495398125.0,-50.76641
4495399062.5,-50.73356
4495400000.0,-50.75482
4495400937.5,-50.75898
4495401875.0,-50.82223
4495402812.5,-50.73713
4495403750.0,-50.82805
4495404687.5,-50.73395
4495405625.0,-50.76722
4495406562.5,-50.76447
4495407500.0,-50.79485
4495408437.5,-50.70296
4495409375.0,-50.77238
4495410312.5,-50.74807
4495411250.0,-50.78043
4495412187.5,-50.76909
4495413125.0,-50.81009
4495414062.5,-50.76799
4495415000.0,-50.76913
4495415937.5,-50.78403
4495416875.0,-50.74164
4495417812.5,-50.71365
4495418750.0,-50.76973
4495419687.5,-50.78898
4495420625.0,-50.6933
4495421562.5,-50.77239
4495422500.0,-50.72003
4495423437.5,-50.80455
4495424375.0,-50.71468
4495425312.5,-50.78125
4495426250.0,-50.74682
4495427187.5,-50.78444
4495428125.0,-50.78881
4495429062.5,-50.72931
4495430000.0,-50.7628
4495430937.5,-50.73594
4495431875.0,-50.75501
4495432812.5,-50.75862
4495433750.0,-50.74793
4495434687.5,-50.72936
4495435625.0,-50.73516
4495436562.5,-50.80254
4495437500.0,-50.74252
4495438437.5,-50.76264
4495439375.0,-50.72421
4495440312.5,-50.75361
4495441250.0,-50.74945
4495442187.5,-50.70813
4495443125.0,-50.77066
4495444062.5,-50.6957
4495445000.0,-50.79409
4495445937.5,-50.71661
4495446875.0,-50.7361
4495447812.5,-50.65791
4495448750.0,-50.72281
4495449687.5,-50.79818
4495450625.0,-50.69278
4495451562.5,-50.77976
4495452500.0,-50.73277
4495453437.5,-50.78115
4495454375.0,-50.75723
4495455312.5,-50.76004
4495456250.0,-50.78114
4495457187.5,-50.75266
4495458125.0,-50.75072
4495459062.5,-50.69397
4495460000.0,-50.69221
4495460937.5,-50.67395
4495461875.0,-50.71981
4495462812.5,-50.77071
4495463750.0,-50.68676
4495464687.5,-50.73924
4495465625.0,-50.69441
4495466562.5,-50.66467
4495467500.0,-50.75467
4495468437.5,-50.73539
4495469375.0,-50.71001
4495470312.5,-50.78868
4495471250.0,-50.76126
4495472187.5,-50.68802
4495473125.0,-50.67892
4495474062.5,-50.76402
4495475000.0,-50.68063
4495475937.5,-50.70257
4495476875.0,-50.74513
4495477812.5,-50.71575
4495478750.0,-50.7084
4495479687.5,-50.68724
4495480625.0,-50.67788
4495481562.5,-50.74081
4495482500.0,-50.73622
4495483437.5,-50.73111
4495484375.0,-50.72271
4495485312.5,-50.75173
4495486250.0,-50.71657
4495487187.5,-50.70169
4495488125.0,-50.67232
4495489062.5,-50.68299
4495490000.0,-50.67844
4495490937.5,-50.72327
4495491875.0,-50.63864
4495492812.5,-50.69644
4495493750.0,-50.6559
4495494687.5,-50.6455
4495495625.0,-50.72041
4495496562.5,-50.71777
4495497500.0,-50.66022
4495498437.5,-50.74646
4495499375.0,-50.7224
4495500312.5,-50.72943
4495501250.0,-50.73996
4495502187.5,-50.70982
4495503125.0,-50.69801
4495504062.5,-50.68211
4495505000.0,-50.62902
4495505937.5,-50.69777
4495506875.0,-50.67051
4495507812.5,-50.72182
4495508750.0,-50.65748
4495509687.5,-50.7131
4495510625.0,-50.66171
4495511562.5,-50.68408
4495512500.0,-50.64186
4495513437.5,-50.67295
4495514375.0,-50.66186
4495515312.5,-50.68114
4495516250.0,-50.70418
4495517187.5,-50.62852
4495518125.0,-50.75371
4495519062.5,-50.66847
4495520000.0,-50.66719
4495520937.5,-50.63161
4495521875.0,-50.67447
4495522812.5,-50.67144
4495523750.0,-50.6565
4495524687.5,-50.67498
4495525625.0,-50.66766
4495526562.5,-50.65514
4495527500.0,-50.70258
4495528437.5,-50.68268
4495529375.0,-50.64022
4495530312.5,-50.67443
4495531250.0,-50.60883
4495532187.5,-50.62779
4495533125.0,-50.65934
4495534062.5,-50.62376
4495535000.0,-50.69234
4495535937.5,-50.68422
4495536875.0,-50.64686
4495537812.5,-50.70142
4495538750.0,-50.67738
4495539687.5,-50.66546
4495540625.0,-50.63276
4495541562.5,-50.65004
4495542500.0,-50.6517
4495543437.5,-50.68511
4495544375.0,-50.69972
4495545312.5,-50.66687
4495546250.0,-50.70351
4495547187.5,-50.67747
4495548125.0,-50.63248
4495549062.5,-50.5979
4495550000.0,-50.69359
4495550937.5,-50.70323
4495551875.0,-50.63572
4495552812.5,-50.69936
4495553750.0,-50.61405
4495554687.5,-50.66742
4495555625.0,-50.64288
4495556562.5,-50.65577
4495557500.0,-50.65271
4495558437.5,-50.63718
4495559375.0,-50.66466
4495560312.5,-50.70243
4495561250.0,-50.69476
4495562187.5,-50.69286
4495563125.0,-50.64067
4495564062.5,-50.67054
4495565000.0,-50.65035
4495565937.5,-50.66552
4495566875.0,-50.6188
4495567812.5,-50.64487
4495568750.0,-50.64412
4495569687.5,-50.68563
4495570625.0,-50.65958
4495571562.5,-50.65594
4495572500.0,-50.64643
4495573437.5,-50.65912
4495574375.0,-50.57633
4495575312.5,-50.65717
4495576250.0,-50.63658
4495577187.5,-50.62022
4495578125.0,-50.60363
4495579062.5,-50.59407
4495580000.0,-50.66839
4495580937.5,-50.67291
4495581875.0,-50.64533
4495582812.5,-50.60067
4495583750.0,-50.66339
4495584687.5,-50.66863
4495585625.0,-50.66301
4495586562.5,-50.70463
4495587500.0,-50.60738
4495588437.5,-50.66012
4495589375.0,-50.64859
4495590312.5,-50.64007
4495591250.0,-50.58995
4495592187.5,-50.65891
4495593125.0,-50.62909
4495594062.5,-50.63215
4495595000.0,-50.65228
4495595937.5,-50.65524
4495596875.0,-50.65859
4495597812.5,-50.57624
4495598750.0,-50.55986
4495599687.5,-50.72171
4495600625.0,-50.66012
4495601562.5,-50.63181
4495602500.0,-50.61977
4495603437.5,-50.61138
4495604375.0,-50.6202
4495605312.5,-50.68036
4495606250.0,-50.688
4495607187.5,-50.62623
4495608125.0,-50.61158
4495609062.5,-50.63701
4495610000.0,-50.62104
4495610937.5,-50.65989
4495611875.0,-50.6292
4495612812.5,-50.6352
4495613750.0,-50.58575
4495614687.5,-50.61783
4495615625.0,-50.59737
4495616562.5,-50.65159
4495617500.0,-50.58945
4495618437.5,-50.6166
4495619375.0,-50.63343
4495620312.5,-50.61992
4495621250.0,-50.59607
4495622187.5,-50.68352
4495623125.0,-50.57122
4495624062.5,-50.54605
4495625000.0,-50.58235
4495625937.5,-50.65724
4495626875.0,-50.57687
4495627812.5,-50.64268
4495628750.0,-50.59326
4495629687.5,-50.59285
4495630625.0,-50.56195
4495631562.5,-50.63559
4495632500.0,-50.61356
4495633437.5,-50.62427
4495634375.0,-50.65177
4495635312.5,-50.63521
4495636250.0,-50.62137
4495637187.5,-50.6398
4495638125.0,-50.5687
4495639062.5,-50.59072
4495640000.0,-50.64891
4495640937.5,-50.59878
4495641875.0,-50.64048
4495642812.5,-50.62869
4495643750.0,-50.59248
4495644687.5,-50.58776
4495645625.0,-50.52634
4495646562.5,-50.58905
4495647500.0,-50.6377
4495648437.5,-50.61997
4495649375.0,-50.66061
4495650312.5,-50.60664
4495651250.0,-50.58221
4495652187.5,-50.58009
4495653125.0,-50.51991
4495654062.5,-50.60626
4495655000.0,-50.61779
4495655937.5,-50.59654
4495656875.0,-50.59357
4495657812.5,-50.56231
4495658750.0,-50.58591
4495659687.5,-50.64503
4495660625.0,-50.55596
4495661562.5,-50.56118
4495662500.0,-50.58329
4495663437.5,-50.54387
4495664375.0,-50.59514
4495665312.5,-50.56397
4495666250.0,-50.59441
4495667187.5,-50.56371
4495668125.0,-50.61258
4495669062.5,-50.51852
4495670000.0,-50.60479
4495670937.5,-50.55788
4495671875.0,-50.60223
4495672812.5,-50.58734
4495673750.0,-50.58311
4495674687.5,-50.61259
4495675625.0,-50.57574
4495676562.5,-50.62164
4495677500.0,-50.49662
4495678437.5,-50.60374
4495679375.0,-50.51136
4495680312.5,-50.51789
4495681250.0,-50.59807
4495682187.5,-50.58184
4495683125.0,-50.5444
4495684062.5,-50.51929
4495685000.0,-50.60217
4495685937.5,-50.57474
4495686875.0,-50.57351
4495687812.5,-50.59829
4495688750.0,-50.62709
4495689687.5,-50.60849
4495690625.0,-50.61076
4495691562.5,-50.46016
4495692500.0,-50.59815
4495693437.5,-50.55396
4495694375.0,-50.56339
4495695312.5,-50.55349
4495696250.0,-50.56424
4495697187.5,-50.57502
4495698125.0,-50.54128
4495699062.5,-50.53453
4495700000.0,-50.5506
4495700937.5,-50.60635
4495701875.0,-50.6265
4495702812.5,-50.58367
4495703750.0,-50.52163
4495704687.5,-50.54301
4495705625.0,-50.6114
4495706562.5,-50.55107
4495707500.0,-50.59944
4495708437.5,-50.55046
4495709375.0,-50.59211
4495710312.5,-50.51847
4495711250.0,-50.54959
4495712187.5,-50.56204
4495713125.0,-50.57394
4495714062.5,-50.56942
4495715000.0,-50.5178
4495715937.5,-50.5617
4495716875.0,-50.52879
4495717812.5,-50.59071
4495718750.0,-50.50954
4495719687.5,-50.56759
4495720625.0,-50.60005
4495721562.5,-50.54095
4495722500.0,-50.5497
4495723437.5,-50.55376
4495724375.0,-50.46225
4495725312.5,-50.59709
4495726250.0,-50.52982
4495727187.5,-50.48119
4495728125.0,-50.47895
4495729062.5,-50.57612
4495730000.0,-50.4917
4495730937.5,-50.54689
4495731875.0,-50.51755
4495732812.5,-50.51145
4495733750.0,-50.55479
4495734687.5,-50.52047
4495735625.0,-50.5105
4495736562.5,-50.49921
4495737500.0,-50.56262
4495738437.5,-50.5434
4495739375.0,-50.55284
4495740312.5,-50.53284
4495741250.0,-50.53724
4495742187.5,-50.48885
4495743125.0,-50.562
4495744062.5,-50.54528
4495745000.0,-50.54987
4495745937.5,-50.5795
4495746875.0,-50.55415
4495747812.5,-50.55075
4495748750.0,-50.49614
4495749687.5,-50.55
4495750625.0,-50.50596
4495751562.5,-50.54807
4495752500.0,-50.45767
4495753437.5,-50.50191
4495754375.0,-50.51871
4495755312.5,-50.5156
4495756250.0,-50.50182
4495757187.5,-50.55483
4495758125.0,-50.52523
4495759062.5,-50.55215
4495760000.0,-50.48589
4495760937.5,-50.46088
4495761875.0,-50.51157
4495762812.5,-50.50303
4495763750.0,-50.45087
4495764687.5,-50.47687
4495765625.0,-50.55618
4495766562.5,-50.53602
4495767500.0,-50.58495
4495768437.5,-50.53444
4495769375.0,-50.56457
4495770312.5,-50.53863
4495771250.0,-50.46829
4495772187.5,-50.46942
4495773125.0,-50.47084
4495774062.5,-50.44506
4495775000.0,-50.51226
4495775937.5,-50.5211
4495776875.0,-50.47188
4495777812.5,-50.46227
4495778750.0,-50.52998
4495779687.5,-50.50777
4495780625.0,-50.50739
4495781562.5,-50.51157
4495782500.0,-50.55894
4495783437.5,-50.50121
4495784375.0,-50.48158
4495785312.5,-50.48776
4495786250.0,-50.54403
4495787187.5,-50.48207
4495788125.0,-50.54637
4495789062.5,-50.4699
4495790000.0,-50.51941
4495790937.5,-50.50715
4495791875.0,-50.53166
4495792812.5,-50.56591
4495793750.0,-50.49379
4495794687.5,-50.48664
4495795625.0,-50.513
4495796562.5,-50.4668
4495797500.0,-50.54483
4495798437.5,-50.45018
4495799375.0,-50.54399
4495800312.5,-50.54228
4495801250.0,-50.48773
4495802187.5,-50.48581
4495803125.0,-50.48858
4495804062.5,-50.47612
4495805000.0,-50.45173
4495805937.5,-50.51284
4495806875.0,-50.4569
4495807812.5,-50.47507
4495808750.0,-50.49519
4495809687.5,-50.46423
4495810625.0,-50.45735
4495811562.5,-50.49746
4495812500.0,-50.42432
4495813437.5,-50.44738
4495814375.0,-50.46615
4495815312.5,-50.51724
4495816250.0,-50.46328
4495817187.5,-50.53247
4495818125.0,-50.50341
4495819062.5,-50.50572
4495820000.0,-50.48145
4495820937.5,-50.46899
4495821875.0,-50.45623
4495822812.5,-50.46336
4495823750.0,-50.51794
4495824687.5,-50.48606
4495825625.0,-50.42553
4495826562.5,-50.45881
4495827500.0,-50.55378
4495828437.5,-50.43276
4495829375.0,-50.46158
4495830312.5,-50.43293
4495831250.0,-50.45551
4495832187.5,-50.45663
4495833125.0,-50.47174
4495834062.5,-50.41953
4495835000.0,-50.44895
4495835937.5,-50.41656
4495836875.0,-50.47277
4495837812.5,-50.50669
4495838750.0,-50.49198
4495839687.5,-50.48541
4495840625.0,-50.50594
4495841562.5,-50.47382
4495842500.0,-50.48378
4495843437.5,-50.47134
4495844375.0,-50.50552
4495845312.5,-50.42648
4495846250.0,-50.41845
4495847187.5,-50.49596
4495848125.0,-50.43651
4495849062.5,-50.42515
4495850000.0,-50.42771
4495850937.5,-50.39601
4495851875.0,-50.42518
4495852812.5,-50.49139
4495853750.0,-50.48489
4495854687.5,-50.4838
4495855625.0,-50.52668
4495856562.5,-50.45319
4495857500.0,-50.45469
4495858437.5,-50.47351
4495859375.0,-50.3851
4495860312.5,-50.42916
4495861250.0,-50.48046
4495862187.5,-50.42787
4495863125.0,-50.48634
4495864062.5,-50.4482
4495865000.0,-50.47697
4495865937.5,-50.4543
4495866875.0,-50.4111
4495867812.5,-50.45825
4495868750.0,-50.41356
4495869687.5,-50.44378
4495870625.0,-50.47204
4495871562.5,-50.44291
4495872500.0,-50.40049
4495873437.5,-50.4742
4495874375.0,-50.44602
4495875312.5,-50.41994
4495876250.0,-50.43998
4495877187.5,-50.38058
4495878125.0,-50.41089
4495879062.5,-50.42431
4495880000.0,-50.41251
4495880937.5,-50.38943
4495881875.0,-50.42001
4495882812.5,-50.4031
4495883750.0,-50.50171
4495884687.5,-50.466
4495885625.0,-50.37278
4495886562.5,-50.4659
4495887500.0,-50.39902
4495888437.5,-50.39035
4495889375.0,-50.40338
4495890312.5,-50.43649
4495891250.0,-50.39259
4495892187.5,-50.49645
4495893125.0,-50.44858
4495894062.5,-50.38793
4495895000.0,-50.39046
4495895937.5,-50.42393
4495896875.0,-50.40903
4495897812.5,-50.42497
4495898750.0,-50.39896
4495899687.5,-50.4008
4495900625.0,-50.4307
4495901562.5,-50.41854
4495902500.0,-50.41248
4495903437.5,-50.39037
4495904375.0,-50.45598
4495905312.5,-50.38052
4495906250.0,-50.4567
4495907187.5,-50.42738
4495908125.0,-50.44846
4495909062.5,-50.4106
4495910000.0,-50.41601
4495910937.5,-50.41023
4495911875.0,-50.43232
4495912812.5,-50.42726
4495913750.0,-50.35108
4495914687.5,-50.45633
4495915625.0,-50.36248
4495916562.5,-50.39183
4495917500.0,-50.40168
4495918437.5,-50.39614
4495919375.0,-50.39671
4495920312.5,-50.3845
4495921250.0,-50.42606
4495922187.5,-50.42421
4495923125.0,-50.42016
4495924062.5,-50.43941
4495925000.0,-50.37989
4495925937.5,-50.39253
4495926875.0,-50.39781
4495927812.5,-50.37435
4495928750.0,-50.4187
4495929687.5,-50.3732
4495930625.0,-50.42151
4495931562.5,-50.32529
4495932500.0,-50.42294
4495933437.5,-50.32566
4495934375.0,-50.3773
4495935312.5,-50.35885
4495936250.0,-50.43243
4495937187.5,-50.38732
4495938125.0,-50.4024
4495939062.5,-50.37307
4495940000.0,-50.35532
4495940937.5,-50.37727
4495941875.0,-50.40252
4495942812.5,-50.39958
4495943750.0,-50.38947
4495944687.5,-50.4313
4495945625.0,-50.33843
4495946562.5,-50.41634
4495947500.0,-50.34607
4495948437.5,-50.46597
4495949375.0,-50.38153
4495950312.5,-50.40697
4495951250.0,-50.395
4495952187.5,-50.35262
4495953125.0,-50.35772
4495954062.5,-50.3648
4495955000.0,-50.404
4495955937.5,-50.38805
4495956875.0,-50.34251
4495957812.5,-50.35308
4495958750.0,-50.41143
4495959687.5,-50.35967
4495960625.0,-50.36121
4495961562.5,-50.36449
4495962500.0,-50.31453
4495963437.5,-50.45839
4495964375.0,-50.36592
4495965312.5,-50.38491
4495966250.0,-50.36962
4495967187.5,-50.33387
4495968125.0,-50.33322
4495969062.5,-50.38785
4495970000.0,-50.32106
4495970937.5,-50.39117
4495971875.0,-50.40234
4495972812.5,-50.37753
4495973750.0,-50.36082
4495974687.5,-50.35714
4495975625.0,-50.35468
4495976562.5,-50.36647
4495977500.0,-50.3864
4495978437.5,-50.39404
4495979375.0,-50.37229
4495980312.5,-50.3829
4495981250.0,-50.37131
4495982187.5,-50.41193
4495983125.0,-50.30684
4495984062.5,-50.32938
4495985000.0,-50.40151
4495985937.5,-50.36615
4495986875.0,-50.33409
4495987812.5,-50.36248
4495988750.0,-50.38834
4495989687.5,-50.34354
4495990625.0,-50.28543
4495991562.5,-50.3907
4495992500.0,-50.34712
4495993437.5,-50.32866
4495994375.0,-50.34806
4495995312.5,-50.35183
4495996250.0,-50.37216
4495997187.5,-50.37991
4495998125.0,-50.35049
4495999062.5,-50.31413
4496000000.0,-50.38858
4496000937.5,-50.38499
4496001875.0,-50.37874
4496002812.5,-50.31011
4496003750.0,-50.33645
4496004687.5,-50.32132
4496005625.0,-50.34948
4496006562.5,-50.30807
4496007500.0,-50.33133
4496008437.5,-50.35931
4496009375.0,-50.37176
4496010312.5,-50.32517
4496011250.0,-50.39342
4496012187.5,-50.2799
4496013125.0,-50.32565
4496014062.5,-50.3156
4496015000.0,-50.29954
4496015937.5,-50.34384
4496016875.0,-50.33765
4496017812.5,-50.37824
4496018750.0,-50.34457
4496019687.5,-50.32864
4496020625.0,-50.32762
4496021562.5,-50.35826
4496022500.0,-50.34723
4496023437.5,-50.34519
4496024375.0,-50.36633
4496025312.5,-50.33618
4496026250.0,-50.32436
4496027187.5,-50.29049
4496028125.0,-50.35754
4496029062.5,-50.32944
4496030000.0,-50.25799
4496030937.5,-50.28291
4496031875.0,-50.34147
4496032812.5,-50.29945
4496033750.0,-50.33385
4496034687.5,-50.29308
4496035625.0,-50.36347
4496036562.5,-50.34329
4496037500.0,-50.28735
4496038437.5,-50.33367
4496039375.0,-50.28194
4496040312.5,-50.33368
4496041250.0,-50.32798
4496042187.5,-50.34283
4496043125.0,-50.31885
4496044062.5,-50.37952
4496045000.0,-50.29166
4496045937.5,-50.30384
4496046875.0,-50.30347
4496047812.5,-50.28717
4496048750.0,-50.32064
4496049687.5,-50.28401
4496050625.0,-50.33907
4496051562.5,-50.2859
4496052500.0,-50.30339
4496053437.5,-50.33471
4496054375.0,-50.30301
4496055312.5,-50.29576
4496056250.0,-50.35031
4496057187.5,-50.26455
4496058125.0,-50.33839
4496059062.5,-50.28595
4496060000.0,-50.29381
4496060937.5,-50.29211
4496061875.0,-50.33412
4496062812.5,-50.2401
4496063750.0,-50.31579
4496064687.5,-50.27246
4496065625.0,-50.32669
4496066562.5,-50.32921
4496067500.0,-50.26711
4496068437.5,-50.32761
4496069375.0,-50.30832
4496070312.5,-50.22936
4496071250.0,-50.30627
4496072187.5,-50.29894
4496073125.0,-50.29787
4496074062.5,-50.31129
4496075000.0,-50.3331
4496075937.5,-50.30902
4496076875.0,-50.29614
4496077812.5,-50.28316
4496078750.0,-50.29152
4496079687.5,-50.27444
4496080625.0,-50.27102
4496081562.5,-50.29743
4496082500.0,-50.31855
4496083437.5,-50.26574
4496084375.0,-50.31024
4496085312.5,-50.2562
4496086250.0,-50.2549
4496087187.5,-50.29546
4496088125.0,-50.29608
4496089062.5,-50.31462
4496090000.0,-50.30862
4496090937.5,-50.3006
4496091875.0,-50.32212
4496092812.5,-50.27371
4496093750.0,-50.29998
4496094687.5,-50.27946
4496095625.0,-50.29646
4496096562.5,-50.29631
4496097500.0,-50.243
4496098437.5,-50.29488
4496099375.0,-50.30407
4496100312.5,-50.30234
4496101250.0,-50.25661
4496102187.5,-50.26142
4496103125.0,-50.3202
4496104062.5,-50.25245
4496105000.0,-50.26037
4496105937.5,-50.25614
4496106875.0,-50.27044
4496107812.5,-50.27813
4496108750.0,-50.22603
4496109687.5,-50.31329
4496110625.0,-50.2839
4496111562.5,-50.25978
4496112500.0,-50.1899
4496113437.5,-50.27782
4496114375.0,-50.23905
4496115312.5,-50.27995
4496116250.0,-50.23289
4496117187.5,-50.31466
4496118125.0,-50.25797
4496119062.5,-50.25443
4496120000.0,-50.26902
4496120937.5,-50.28524
4496121875.0,-50.29012
4496122812.5,-50.24873
4496123750.0,-50.26442
4496124687.5,-50.24764
4496125625.0,-50.18941
4496126562.5,-50.26396
4496127500.0,-50.2427
4496128437.5,-50.27415
4496129375.0,-50.23006
4496130312.5,-50.26382
4496131250.0,-50.2275
4496132187.5,-50.23569
4496133125.0,-50.1745
4496134062.5,-50.24508
4496135000.0,-50.24939
4496135937.5,-50.22559
4496136875.0,-50.20847
4496137812.5,-50.24453
4496138750.0,-50.25887
4496139687.5,-50.2744
4496140625.0,-50.30877
4496141562.5,-50.2334
4496142500.0,-50.2716
4496143437.5,-50.27447
4496144375.0,-50.28288
4496145312.5,-50.23786
4496146250.0,-50.27139
4496147187.5,-50.22153
4496148125.0,-50.20541
4496149062.5,-50.20687
4496150000.0,-50.29707
4496150937.5,-50.23375
4496151875.0,-50.26418
4496152812.5,-50.24212
4496153750.0,-50.22667
4496154687.5,-50.28742
4496155625.0,-50.23521
4496156562.5,-50.21096
4496157500.0,-50.26437
4496158437.5,-50.21839
4496159375.0,-50.27684
4496160312.5,-50.26661
4496161250.0,-50.28892
4496162187.5,-50.20388
4496163125.0,-50.25215
4496164062.5,-50.21224
4496165000.0,-50.24678
4496165937.5,-50.23167
4496166875.0,-50.18932
4496167812.5,-50.25268
4496168750.0,-50.30065
4496169687.5,-50.26852
4496170625.0,-50.18884
4496171562.5,-50.19421
4496172500.0,-50.24856
4496173437.5,-50.16566
4496174375.0,-50.21664
4496175312.5,-50.22664
4496176250.0,-50.1927
4496177187.5,-50.22126
4496178125.0,-50.24771
4496179062.5,-50.19392
4496180000.0,-50.25815
4496180937.5,-50.22245
4496181875.0,-50.20554
4496182812.5,-50.21584
4496183750.0,-50.20569
4496184687.5,-50.18893
4496185625.0,-50.19249
4496186562.5,-50.18766
4496187500.0,-50.23344
4496188437.5,-50.22515
4496189375.0,-50.17109
4496190312.5,-50.23038
4496191250.0,-50.22996
4496192187.5,-50.20157
4496193125.0,-50.20718
4496194062.5,-50.20508
4496195000.0,-50.22848
4496195937.5,-50.18251
4496196875.0,-50.18098
4496197812.5,-50.21685
4496198750.0,-50.21378
4496199687.5,-50.22217
4496200625.0,-50.15705
4496201562.5,-50.21395
4496202500.0,-50.1759
4496203437.5,-50.23623
4496204375.0,-50.18615
4496205312.5,-50.21089
4496206250.0,-50.19999
4496207187.5,-50.16953
4496208125.0,-50.18539
4496209062.5,-50.12761
4496210000.0,-50.19463
4496210937.5,-50.2
4496211875.0,-50.2237
4496212812.5,-50.17239
4496213750.0,-50.2024
4496214687.5,-50.20199
4496215625.0,-50.22538
4496216562.5,-50.11889
4496217500.0,-50.19606
4496218437.5,-50.15587
4496219375.0,-50.16934
4496220312.5,-50.15321
4496221250.0,-50.20873
4496222187.5,-50.15145
4496223125.0,-50.24243
4496224062.5,-50.17034
4496225000.0,-50.2089
4496225937.5,-50.17846
4496226875.0,-50.20816
4496227812.5,-50.14577
4496228750.0,-50.16277
4496229687.5,-50.21775
4496230625.0,-50.1843
4496231562.5,-50.18906
4496232500.0,-50.24648
4496233437.5,-50.21369
4496234375.0,-50.15267
4496235312.5,-50.19957
4496236250.0,-50.22757
4496237187.5,-50.16288
4496238125.0,-50.20354
4496239062.5,-50.22224
4496240000.0,-50.15705
4496240937.5,-50.1204
4496241875.0,-50.18763
4496242812.5,-50.23911
4496243750.0,-50.22832
4496244687.5,-50.18999
4496245625.0,-50.19947
4496246562.5,-50.17568
4496247500.0,-50.1299
4496248437.5,-50.16126
4496249375.0,-50.15898
4496250312.5,-50.16013
4496251250.0,-50.14211
4496252187.5,-50.20577
4496253125.0,-50.13714
4496254062.5,-50.17418
4496255000.0,-50.12365
4496255937.5,-50.12627
4496256875.0,-50.12616
4496257812.5,-50.18856
4496258750.0,-50.15662
4496259687.5,-50.12154
4496260625.0,-50.13454
4496261562.5,-50.14866
4496262500.0,-50.14112
4496263437.5,-50.21667
4496264375.0,-50.18004
4496265312.5,-50.10943
4496266250.0,-50.21093
4496267187.5,-50.17282
4496268125.0,-50.12276
4496269062.5,-50.1289
4496270000.0,-50.13206
4496270937.5,-50.15219
4496271875.0,-50.08314
4496272812.5,-50.09259
4496273750.0,-50.12234
4496274687.5,-50.14405
4496275625.0,-50.14104
4496276562.5,-50.14082
4496277500.0,-50.13331
4496278437.5,-50.186
4496279375.0,-50.18163
4496280312.5,-50.16652
4496281250.0,-50.182
4496282187.5,-50.1403
4496283125.0,-50.08955
4496284062.5,-50.20275
4496285000.0,-50.16309
4496285937.5,-50.16514
4496286875.0,-50.11672
4496287812.5,-50.08318
4496288750.0,-50.17995
4496289687.5,-50.20183
4496290625.0,-50.10726
4496291562.5,-50.11049
4496292500.0,-50.14309
4496293437.5,-50.14469
4496294375.0,-50.15744
4496295312.5,-50.13297
4496296250.0,-50.1133
4496297187.5,-50.09982
4496298125.0,-50.13367
4496299062.5,-50.09609
4496300000.0,-50.14975
4496300937.5,-50.14016
4496301875.0,-50.06774
4496302812.5,-50.11895
4496303750.0,-50.13012
4496304687.5,-50.12075
4496305625.0,-50.11354
4496306562.5,-50.12409
4496307500.0,-50.09883
4496308437.5,-50.15924
4496309375.0,-50.125
4496310312.5,-50.17552
4496311250.0,-50.15458
4496312187.5,-50.10675
4496313125.0,-50.12827
4496314062.5,-50.12642
4496315000.0,-50.10781
4496315937.5,-50.12316
4496316875.0,-50.19869
4496317812.5,-50.124
4496318750.0,-50.16121
4496319687.5,-50.10883
4496320625.0,-50.0822
4496321562.5,-50.10979
4496322500.0,-50.04879
4496323437.5,-50.13188
4496324375.0,-50.11626
4496325312.5,-50.15673
4496326250.0,-50.14071
4496327187.5,-50.10338
4496328125.0,-50.14958
4496329062.5,-50.14497
4496330000.0,-50.09161
4496330937.5,-50.08583
4496331875.0,-50.12873
4496332812.5,-50.12273
4496333750.0,-50.08149
4496334687.5,-50.09195
4496335625.0,-50.0722
4496336562.5,-50.14531
4496337500.0,-50.12989
4496338437.5,-50.13013
4496339375.0,-50.12423
4496340312.5,-50.07554
4496341250.0,-50.09827
4496342187.5,-50.08268
4496343125.0,-50.10066
4496344062.5,-50.1146
4496345000.0,-50.0804
4496345937.5,-50.06752
4496346875.0,-50.15085
4496347812.5,-50.11509
4496348750.0,-50.09488
4496349687.5,-50.09456
4496350625.0,-50.11754
4496351562.5,-50.11713
4496352500.0,-50.12674
4496353437.5,-50.08202
4496354375.0,-50.12084
4496355312.5,-50.07882
4496356250.0,-50.11951
4496357187.5,-50.0813
4496358125.0,-50.08598
4496359062.5,-50.05497
4496360000.0,-50.0706
4496360937.5,-50.10724
4496361875.0,-50.08661
4496362812.5,-50.07228
4496363750.0,-50.02764
4496364687.5,-50.05391
4496365625.0,-50.07749
4496366562.5,-50.09753
4496367500.0,-50.08377
4496368437.5,-50.06018
4496369375.0,-50.0214
4496370312.5,-50.03215
4496371250.0,-50.05687
4496372187.5,-50.04989
4496373125.0,-50.0279
4496374062.5,-50.04382
4496375000.0,-50.09658
4496375937.5,-50.07727
4496376875.0,-50.07151
4496377812.5,-50.03016
4496378750.0,-50.13575
4496379687.5,-50.01899
4496380625.0,-50.04755
4496381562.5,-50.07198
4496382500.0,-50.1036
4496383437.5,-50.05356
4496384375.0,-50.06472
4496385312.5,-50.05075
4496386250.0,-50.07767
4496387187.5,-50.09441
4496388125.0,-50.06536
4496389062.5,-50.05847
4496390000.0,-50.06841
4496390937.5,-50.02754
4496391875.0,-50.11243
4496392812.5,-50.06054
4496393750.0,-49.98992
4496394687.5,-50.03427
4496395625.0,-49.96455
4496396562.5,-50.04708
4496397500.0,-50.07633
4496398437.5,-50.08855
4496399375.0,-50.04234
4496400312.5,-50.04686
4496401250.0,-50.04562
4496402187.5,-50.09723
4496403125.0,-50.11332
4496404062.5,-50.06051
4496405000.0,-50.03135
4496405937.5,-50.10614
4496406875.0,-50.03714
4496407812.5,-50.04581
4496408750.0,-50.08295
4496409687.5,-50.01633
4496410625.0,-50.08154
4496411562.5,-50.00616
4496412500.0,-50.04795
4496413437.5,-49.99006
4496414375.0,-50.07792
4496415312.5,-50.02678
4496416250.0,-50.01334
4496417187.5,-50.06672
4496418125.0,-50.03186
4496419062.5,-50.03337
4496420000.0,-50.00772
4496420937.5,-50.08208
4496421875.0,-50.06219
4496422812.5,-50.07289
4496423750.0,-50.05009
4496424687.5,-50.02498
4496425625.0,-50.00657
4496426562.5,-50.08168
4496427500.0,-50.0205
4496428437.5,-49.95316
4496429375.0,-50.01003
4496430312.5,-50.02958
4496431250.0,-49.9969
4496432187.5,-50.03135
4496433125.0,-50.02284
4496434062.5,-50.02562
4496435000.0,-50.03961
4496435937.5,-50.00826
4496436875.0,-49.99229
4496437812.5,-50.04089
4496438750.0,-49.99679
4496439687.5,-50.05783
4496440625.0,-50.04407
4496441562.5,-50.02501
4496442500.0,-49.9997
4496443437.5,-49.97636
4496444375.0,-50.01274
4496445312.5,-50.0075
4496446250.0,-50.0083
4496447187.5,-49.99684
4496448125.0,-50.04803
4496449062.5,-50.00618
4496450000.0,-50.02027
4496450937.5,-50.028
4496451875.0,-50.05725
4496452812.5,-49.99739
4496453750.0,-50.02377
4496454687.5,-49.97998
4496455625.0,-49.99519
4496456562.5,-49.98275
4496457500.0,-50.01383
4496458437.5,-50.03606
4496459375.0,-49.98581
4496460312.5,-49.97858
4496461250.0,-50.04477
4496462187.5,-49.98793
4496463125.0,-50.04622
4496464062.5,-50.01391
4496465000.0,-50.03639
4496465937.5,-50.00378
4496466875.0,-50.0178
4496467812.5,-50.01954
4496468750.0,-50.02877
4496469687.5,-49.98453
4496470625.0,-50.02793
4496471562.5,-49.99939
4496472500.0,-50.00719
4496473437.5,-50.04136
4496474375.0,-50.01817
4496475312.5,-49.97715
4496476250.0,-50.00209
4496477187.5,-49.95933
4496478125.0,-50.00489
4496479062.5,-50.01947
4496480000.0,-50.00166
4496480937.5,-50.02528
4496481875.0,-50.00205
4496482812.5,-49.99077
4496483750.0,-49.97991
4496484687.5,-49.95981
4496485625.0,-49.97005
4496486562.5,-50.01722
4496487500.0,-49.9592
4496488437.5,-49.95879
4496489375.0,-49.98265
4496490312.5,-49.97038
4496491250.0,-49.99632
4496492187.5,-49.97992
4496493125.0,-49.97168
4496494062.5,-49.96323
4496495000.0,-50.01714
4496495937.5,-50.04872
4496496875.0,-50.01423
4496497812.5,-49.98869
4496498750.0,-49.99266
4496499687.5,-49.94257
4496500625.0,-49.97081
4496501562.5,-49.95449
4496502500.0,-49.97424
4496503437.5,-49.91669
4496504375.0,-49.97325
4496505312.5,-49.98132
4496506250.0,-49.98292
4496507187.5,-49.96052
4496508125.0,-50.02621
4496509062.5,-49.99238
4496510000.0,-49.93608
4496510937.5,-49.99948
4496511875.0,-49.95878
4496512812.5,-50.01891
4496513750.0,-50.01444
4496514687.5,-49.93939
4496515625.0,-49.96828
4496516562.5,-49.99669
4496517500.0,-49.93283
4496518437.5,-49.96902
4496519375.0,-50.01163
4496520312.5,-49.95934
4496521250.0,-50.01569
4496522187.5,-49.99893
4496523125.0,-49.9728
4496524062.5,-49.95344
4496525000.0,-49.9593
4496525937.5,-49.93857
4496526875.0,-49.91767
4496527812.5,-49.92509
4496528750.0,-49.94301
4496529687.5,-49.96421
4496530625.0,-49.98508
4496531562.5,-49.9508
4496532500.0,-49.9687
4496533437.5,-49.95932
4496534375.0,-49.90892
4496535312.5,-49.89046
4496536250.0,-49.93448
4496537187.5,-49.90837
4496538125.0,-49.9609
4496539062.5,-49.96577
4496540000.0,-49.93602
4496540937.5,-49.97029
4496541875.0,-49.90165
4496542812.5,-49.94223
4496543750.0,-49.95064
4496544687.5,-49.9777
4496545625.0,-49.9411
4496546562.5,-49.96699
4496547500.0,-50.02207
4496548437.5,-49.95254
4496549375.0,-49.9418
4496550312.5,-49.90748
4496551250.0,-49.92755
4496552187.5,-49.93361
4496553125.0,-49.95402
4496554062.5,-49.92968
4496555000.0,-49.99538
4496555937.5,-49.95718
4496556875.0,-49.97534
4496557812.5,-49.93119
4496558750.0,-49.91929
4496559687.5,-49.98872
4496560625.0,-49.93623
4496561562.5,-49.91724
4496562500.0,-49.94407
4496563437.5,-49.93071
4496564375.0,-49.91874
4496565312.5,-49.86993
4496566250.0,-49.92973
4496567187.5,-49.93974
4496568125.0,-49.85867
4496569062.5,-49.95409
4496570000.0,-49.89181
4496570937.5,-49.8733
4496571875.0,-49.8989
4496572812.5,-49.90508
4496573750.0,-49.93595
4496574687.5,-49.94099
4496575625.0,-49.88634
4496576562.5,-49.89746
4496577500.0,-49.94547
4496578437.5,-49.96789
4496579375.0,-49.86002
4496580312.5,-49.84604
4496581250.0,-49.93056
4496582187.5,-49.91507
4496583125.0,-49.9549
4496584062.5,-49.86933
4496585000.0,-49.9327
4496585937.5,-49.93413
4496586875.0,-49.88734
4496587812.5,-49.9054
4496588750.0,-49.93853
4496589687.5,-49.92356
4496590625.0,-49.85442
4496591562.5,-49.92091
4496592500.0,-49.91487
4496593437.5,-49.89151
4496594375.0,-49.89258
4496595312.5,-49.93161
4496596250.0,-49.8733
4496597187.5,-49.90815
4496598125.0,-49.88593
4496599062.5,-49.9104
4496600000.0,-49.89973
4496600937.5,-49.93247
4496601875.0,-49.90605
4496602812.5,-49.92752
4496603750.0,-49.91659
4496604687.5,-49.91716
4496605625.0,-49.91763
4496606562.5,-49.936
4496607500.0,-49.89099
4496608437.5,-49.90371
4496609375.0,-49.88693
4496610312.5,-49.95211
4496611250.0,-49.95119
4496612187.5,-49.84487
4496613125.0,-49.86644
4496614062.5,-49.88886
4496615000.0,-49.88426
4496615937.5,-49.93774
4496616875.0,-49.85809
4496617812.5,-49.86465
4496618750.0,-49.8526
4496619687.5,-49.88787
4496620625.0,-49.87545
4496621562.5,-49.86397
4496622500.0,-49.90546
4496623437.5,-49.86804
4496624375.0,-49.88824
4496625312.5,-49.89396
4496626250.0,-49.91228
4496627187.5,-49.86142
4496628125.0,-49.87127
4496629062.5,-49.88616
4496630000.0,-49.88101
4496630937.5,-49.87499
4496631875.0,-49.91866
4496632812.5,-49.8991
4496633750.0,-49.84554
4496634687.5,-49.86174
4496635625.0,-49.8723
4496636562.5,-49.91767
4496637500.0,-49.84998
4496638437.5,-49.8191
4496639375.0,-49.88757
4496640312.5,-49.96594
4496641250.0,-49.87894
4496642187.5,-49.85771
4496643125.0,-49.85215
4496644062.5,-49.88116
4496645000.0,-49.86784
4496645937.5,-49.88567
4496646875.0,-49.85684
4496647812.5,-49.86785
4496648750.0,-49.86624
4496649687.5,-49.83423
4496650625.0,-49.8661
4496651562.5,-49.86779
4496652500.0,-49.90116
4496653437.5,-49.8172
4496654375.0,-49.90306
4496655312.5,-49.84353
4496656250.0,-49.8517
4496657187.5,-49.79407
4496658125.0,-49.88208
4496659062.5,-49.85723
4496660000.0,-49.89527
4496660937.5,-49.86718
4496661875.0,-49.83679
4496662812.5,-49.8845
4496663750.0,-49.77546
4496664687.5,-49.86284
4496665625.0,-49.87438
4496666562.5,-49.78923
4496667500.0,-49.85286
4496668437.5,-49.8728
4496669375.0,-49.82811
4496670312.5,-49.84245
4496671250.0,-49.91319
4496672187.5,-49.86139
4496673125.0,-49.84848
4496674062.5,-49.83892
4496675000.0,-49.84828
4496675937.5,-49.82859
4496676875.0,-49.82533
4496677812.5,-49.80392
4496678750.0,-49.88778
4496679687.5,-49.84702
4496680625.0,-49.83185
4496681562.5,-49.81656
4496682500.0,-49.80622
4496683437.5,-49.86606
4496684375.0,-49.84462
4496685312.5,-49.83639
4496686250.0,-49.75605
4496687187.5,-49.81584
4496688125.0,-49.85366
4496689062.5,-49.90067
4496690000.0,-49.80652
4496690937.5,-49.80618
4496691875.0,-49.80722
4496692812.5,-49.81833
4496693750.0,-49.85646
4496694687.5,-49.89719
4496695625.0,-49.86786
4496696562.5,-49.83721
4496697500.0,-49.78481
4496698437.5,-49.80716
4496699375.0,-49.81421
4496700312.5,-49.84563
4496701250.0,-49.78325
4496702187.5,-49.82582
4496703125.0,-49.77276
4496704062.5,-49.82214
4496705000.0,-49.85897
4496705937.5,-49.85544
4496706875.0,-49.83651
4496707812.5,-49.85695
4496708750.0,-49.79194
4496709687.5,-49.79942
4496710625.0,-49.87295
4496711562.5,-49.81365
4496712500.0,-49.83876
4496713437.5,-49.78278
4496714375.0,-49.82874
4496715312.5,-49.84875
4496716250.0,-49.76838
4496717187.5,-49.81907
4496718125.0,-49.82174
4496719062.5,-49.83633
4496720000.0,-49.8062
4496720937.5,-49.78135
4496721875.0,-49.85162
4496722812.5,-49.77162
4496723750.0,-49.82682
4496724687.5,-49.83197
4496725625.0,-49.86712
4496726562.5,-49.8044
4496727500.0,-49.78753
4496728437.5,-49.76345
4496729375.0,-49.82886
4496730312.5,-49.76791
4496731250.0,-49.82951
4496732187.5,-49.74622
4496733125.0,-49.79578
4496734062.5,-49.78576
4496735000.0,-49.74971
4496735937.5,-49.76091
4496736875.0,-49.78025
4496737812.5,-49.81789
4496738750.0,-49.80595
4496739687.5,-49.79739
4496740625.0,-49.80793
4496741562.5,-49.78114
4496742500.0,-49.81365
4496743437.5,-49.74918
4496744375.0,-49.79066
4496745312.5,-49.78892
4496746250.0,-49.79231
4496747187.5,-49.78458
4496748125.0,-49.81335
4496749062.5,-49.75091
4496750000.0,-49.80951
4496750937.5,-49.81517
4496751875.0,-49.81694
4496752812.5,-49.80678
4496753750.0,-49.77668
4496754687.5,-49.77148
4496755625.0,-49.74308
4496756562.5,-49.76437
4496757500.0,-49.84291
4496758437.5,-49.75418
4496759375.0,-49.7531
4496760312.5,-49.78144
4496761250.0,-49.77027
4496762187.5,-49.78659
4496763125.0,-49.76952
4496764062.5,-49.77438
4496765000.0,-49.79267
4496765937.5,-49.76495
4496766875.0,-49.75746
4496767812.5,-49.72163
4496768750.0,-49.74217
4496769687.5,-49.77561
4496770625.0,-49.75769
4496771562.5,-49.75685
4496772500.0,-49.8382
4496773437.5,-49.76368
4496774375.0,-49.80222
4496775312.5,-49.79153
4496776250.0,-49.78588
4496777187.5,-49.73566
4496778125.0,-49.75871
4496779062.5,-49.78885
4496780000.0,-49.76718
4496780937.5,-49.7939
4496781875.0,-49.78046
4496782812.5,-49.73401
4496783750.0,-49.76282
4496784687.5,-49.83565
4496785625.0,-49.74488
4496786562.5,-49.73677
4496787500.0,-49.7227
4496788437.5,-49.7411
4496789375.0,-49.78798
4496790312.5,-49.72314
4496791250.0,-49.75185
4496792187.5,-49.75469
4496793125.0,-49.71079
4496794062.5,-49.73782
4496795000.0,-49.80755
4496795937.5,-49.74968
4496796875.0,-49.74555
4496797812.5,-49.78429
4496798750.0,-49.73466
4496799687.5,-49.73651
4496800625.0,-49.73582
4496801562.5,-49.75932
4496802500.0,-49.7507
4496803437.5,-49.704
4496804375.0,-49.72305
4496805312.5,-49.77571
4496806250.0,-49.76347
4496807187.5,-49.82532
4496808125.0,-49.74275
4496809062.5,-49.75897
4496810000.0,-49.76916
4496810937.5,-49.74593
4496811875.0,-49.74681
4496812812.5,-49.73637
4496813750.0,-49.6832
4496814687.5,-49.75894
4496815625.0,-49.7092
4496816562.5,-49.77581
4496817500.0,-49.75247
4496818437.5,-49.71728
4496819375.0,-49.69855
4496820312.5,-49.72434
4496821250.0,-49.67612
4496822187.5,-49.81589
4496823125.0,-49.67316
4496824062.5,-49.717
4496825000.0,-49.72129
4496825937.5,-49.75912
4496826875.0,-49.6982
4496827812.5,-49.75476
4496828750.0,-49.73208
4496829687.5,-49.73574
4496830625.0,-49.68031
4496831562.5,-49.69818
4496832500.0,-49.73708
4496833437.5,-49.72821
4496834375.0,-49.71577
4496835312.5,-49.7369
4496836250.0,-49.72686
4496837187.5,-49.70795
4496838125.0,-49.75902
4496839062.5,-49.73187
4496840000.0,-49.7451
4496840937.5,-49.69656
4496841875.0,-49.67524
4496842812.5,-49.7553
4496843750.0,-49.71881
4496844687.5,-49.69101
4496845625.0,-49.72309
4496846562.5,-49.71308
4496847500.0,-49.73967
4496848437.5,-49.76143
4496849375.0,-49.74417
4496850312.5,-49.71478
4496851250.0,-49.68999
4496852187.5,-49.72762
4496853125.0,-49.71181
4496854062.5,-49.71303
4496855000.0,-49.78275
4496855937.5,-49.7165
4496856875.0,-49.71972
4496857812.5,-49.66478
4496858750.0,-49.7235
4496859687.5,-49.7125
4496860625.0,-49.6776
4496861562.5,-49.68673
4496862500.0,-49.6242
4496863437.5,-49.68554
4496864375.0,-49.71939
4496865312.5,-49.67617
4496866250.0,-49.72757
4496867187.5,-49.68956
4496868125.0,-49.69337
4496869062.5,-49.68407
4496870000.0,-49.75397
4496870937.5,-49.64198
4496871875.0,-49.6583
4496872812.5,-49.69114
4496873750.0,-49.69596
4496874687.5,-49.71038
4496875625.0,-49.70185
4496876562.5,-49.72671
4496877500.0,-49.71698
4496878437.5,-49.74019
4496879375.0,-49.70516
4496880312.5,-49.70526
4496881250.0,-49.66969
4496882187.5,-49.6798
4496883125.0,-49.62379
4496884062.5,-49.75127
4496885000.0,-49.64119
4496885937.5,-49.65099
4496886875.0,-49.73774
4496887812.5,-49.67725
4496888750.0,-49.69563
4496889687.5,-49.63232
4496890625.0,-49.65593
4496891562.5,-49.65231
4496892500.0,-49.64286
4496893437.5,-49.73182
4496894375.0,-49.64282
4496895312.5,-49.70332
4496896250.0,-49.64666
4496897187.5,-49.64491
4496898125.0,-49.65883
4496899062.5,-49.68997
4496900000.0,-49.64088
4496900937.5,-49.66559
4496901875.0,-49.74076
4496902812.5,-49.64521
4496903750.0,-49.67844
4496904687.5,-49.69092
4496905625.0,-49.64323
4496906562.5,-49.66703
4496907500.0,-49.66056
4496908437.5,-49.66369
4496909375.0,-49.63751
4496910312.5,-49.65345
4496911250.0,-49.60277
4496912187.5,-49.67109
4496913125.0,-49.63322
4496914062.5,-49.67974
4496915000.0,-49.69727
4496915937.5,-49.62161
4496916875.0,-49.58778
4496917812.5,-49.67038
4496918750.0,-49.66231
4496919687.5,-49.6931
4496920625.0,-49.65652
4496921562.5,-49.66449
4496922500.0,-49.66889
4496923437.5,-49.63832
4496924375.0,-49.61125
4496925312.5,-49.71681
4496926250.0,-49.66872
4496927187.5,-49.66726
4496928125.0,-49.66029
4496929062.5,-49.61874
4496930000.0,-49.61075
4496930937.5,-49.65434
4496931875.0,-49.64113
4496932812.5,-49.64357
4496933750.0,-49.62757
4496934687.5,-49.61054
4496935625.0,-49.68848
4496936562.5,-49.64948
4496937500.0,-49.64455
4496938437.5,-49.64853
4496939375.0,-49.62351
4496940312.5,-49.6665
4496941250.0,-49.66406
4496942187.5,-49.67764
4496943125.0,-49.67359
4496944062.5,-49.64265
4496945000.0,-49.63532
4496945937.5,-49.67736
4496946875.0,-49.62108
4496947812.5,-49.64603
4496948750.0,-49.59185
4496949687.5,-49.6287
4496950625.0,-49.62953
4496951562.5,-49.62335
4496952500.0,-49.6474
4496953437.5,-49.63111
4496954375.0,-49.56727
4496955312.5,-49.67092
4496956250.0,-49.57229
4496957187.5,-49.65588
4496958125.0,-49.59599
4496959062.5,-49.67403
4496960000.0,-49.64795
4496960937.5,-49.6182
4496961875.0,-49.63459
4496962812.5,-49.61271
4496963750.0,-49.6314
4496964687.5,-49.59352
4496965625.0,-49.61984
4496966562.5,-49.63868
4496967500.0,-49.6412
4496968437.5,-49.64594
4496969375.0,-49.66389
4496970312.5,-49.5996
4496971250.0,-49.66246
4496972187.5,-49.59772
4496973125.0,-49.64712
4496974062.5,-49.64291
4496975000.0,-49.59155
4496975937.5,-49.63453
4496976875.0,-49.64498
4496977812.5,-49.62349
4496978750.0,-49.63688
4496979687.5,-49.5748
4496980625.0,-49.64352
4496981562.5,-49.61421
4496982500.0,-49.62354
4496983437.5,-49.57974
4496984375.0,-49.61298
4496985312.5,-49.63809
4496986250.0,-49.63375
4496987187.5,-49.58706
4496988125.0,-49.57967
4496989062.5,-49.59831
4496990000.0,-49.61878
4496990937.5,-49.66249
4496991875.0,-49.61549
4496992812.5,-49.60888
4496993750.0,-49.60744
4496994687.5,-49.60505
4496995625.0,-49.65642
4496996562.5,-49.62572
4496997500.0,-49.60852
4496998437.5,-49.64656
4496999375.0,-49.57534
4497000312.5,-49.59911
4497001250.0,-49.57782
4497002187.5,-49.61466
4497003125.0,-49.57579
4497004062.5,-49.55518
4497005000.0,-49.55693
4497005937.5,-49.5658
4497006875.0,-49.57766
4497007812.5,-49.56105
4497008750.0,-49.55281
4497009687.5,-49.60056
4497010625.0,-49.59187
4497011562.5,-49.6159
4497012500.0,-49.58838
4497013437.5,-49.55014
4497014375.0,-49.57623
4497015312.5,-49.58376
4497016250.0,-49.60884
4497017187.5,-49.62571
4497018125.0,-49.59842
4497019062.5,-49.53302
4497020000.0,-49.55786
4497020937.5,-49.60287
4497021875.0,-49.53861
4497022812.5,-49.57572
4497023750.0,-49.60153
4497024687.5,-49.56587
4497025625.0,-49.56538
4497026562.5,-49.56841
4497027500.0,-49.5913
4497028437.5,-49.58312
4497029375.0,-49.53615
4497030312.5,-49.53598
4497031250.0,-49.58067
4497032187.5,-49.53189
4497033125.0,-49.54839
4497034062.5,-49.58869
4497035000.0,-49.58388
4497035937.5,-49.57829
4497036875.0,-49.57491
4497037812.5,-49.55887
4497038750.0,-49.52779
4497039687.5,-49.55362
4497040625.0,-49.57409
4497041562.5,-49.59901
4497042500.0,-49.55945
4497043437.5,-49.55693
4497044375.0,-49.57066
4497045312.5,-49.50831
4497046250.0,-49.53934
4497047187.5,-49.58249
4497048125.0,-49.57125
4497049062.5,-49.55408
4497050000.0,-49.52637
4497050937.5,-49.58732
4497051875.0,-49.53996
4497052812.5,-49.52453
4497053750.0,-49.55341
4497054687.5,-49.52807
4497055625.0,-49.53294
4497056562.5,-49.54134
4497057500.0,-49.53339
4497058437.5,-49.53519
4497059375.0,-49.56487
4497060312.5,-49.60627
4497061250.0,-49.4902
4497062187.5,-49.57284
4497063125.0,-49.5401
4497064062.5,-49.55376
4497065000.0,-49.5405
4497065937.5,-49.52926
4497066875.0,-49.55607
4497067812.5,-49.52402
4497068750.0,-49.50858
4497069687.5,-49.55948
4497070625.0,-49.54069
4497071562.5,-49.56324
4497072500.0,-49.52318
4497073437.5,-49.51894
4497074375.0,-49.52168
4497075312.5,-49.56623
4497076250.0,-49.52726
4497077187.5,-49.5405
4497078125.0,-49.534
4497079062.5,-49.48817
4497080000.0,-49.56194
4497080937.5,-49.52743
4497081875.0,-49.51834
4497082812.5,-49.51769
4497083750.0,-49.5119
4497084687.5,-49.55024
4497085625.0,-49.49667
4497086562.5,-49.44573
4497087500.0,-49.48668
4497088437.5,-49.58115
4497089375.0,-49.49154
4497090312.5,-49.53508
4497091250.0,-49.44755
4497092187.5,-49.53579
4497093125.0,-49.5132
4497094062.5,-49.53237
4497095000.0,-49.51934
4497095937.5,-49.54618
4497096875.0,-49.49605
4497097812.5,-49.49424
4497098750.0,-49.555
4497099687.5,-49.5526
4497100625.0,-49.49905
4497101562.5,-49.50943
4497102500.0,-49.49694
4497103437.5,-49.4993
4497104375.0,-49.50962
4497105312.5,-49.50859
4497106250.0,-49.45544
4497107187.5,-49.50889
4497108125.0,-49.43939
4497109062.5,-49.51999
4497110000.0,-49.55186
4497110937.5,-49.50632
4497111875.0,-49.54037
4497112812.5,-49.50254
4497113750.0,-49.51411
4497114687.5,-49.48717
4497115625.0,-49.48385
4497116562.5,-49.49574
4497117500.0,-49.47113
4497118437.5,-49.51855
4497119375.0,-49.43658
4497120312.5,-49.4622
4497121250.0,-49.49398
4497122187.5,-49.5224
4497123125.0,-49.552
4497124062.5,-49.41911
4497125000.0,-49.48682
4497125937.5,-49.44255
4497126875.0,-49.43145
4497127812.5,-49.49482
4497128750.0,-49.51019
4497129687.5,-49.51338
4497130625.0,-49.47395
4497131562.5,-49.52696
4497132500.0,-49.46306
4497133437.5,-49.53525
4497134375.0,-49.52899
4497135312.5,-49.53131
4497136250.0,-49.52354
4497137187.5,-49.50867
4497138125.0,-49.48941
4497139062.5,-49.49507
4497140000.0,-49.46921
4497140937.5,-49.49479
4497141875.0,-49.48563
4497142812.5,-49.47421
4497143750.0,-49.43449
4497144687.5,-49.48283
4497145625.0,-49.41806
4497146562.5,-49.45382
4497147500.0,-49.46812
4497148437.5,-49.43966
4497149375.0,-49.48398
4497150312.5,-49.44132
4497151250.0,-49.48891
4497152187.5,-49.44775
4497153125.0,-49.45845
4497154062.5,-49.47181
4497155000.0,-49.51515
4497155937.5,-49.47897
4497156875.0,-49.41043
4497157812.5,-49.44191
4497158750.0,-49.45187
4497159687.5,-49.45448
4497160625.0,-49.49086
4497161562.5,-49.47309
4497162500.0,-49.47047
4497163437.5,-49.5131
4497164375.0,-49.46484
4497165312.5,-49.38558
4497166250.0,-49.46231
4497167187.5,-49.46834
4497168125.0,-49.45301
4497169062.5,-49.43252
4497170000.0,-49.47774
4497170937.5,-49.44291
4497171875.0,-49.46754
4497172812.5,-49.41217
4497173750.0,-49.42848
4497174687.5,-49.43398
4497175625.0,-49.39621
4497176562.5,-49.49894
4497177500.0,-49.46437
4497178437.5,-49.41476
4497179375.0,-49.47054
4497180312.5,-49.43129
4497181250.0,-49.45953
4497182187.5,-49.46812
4497183125.0,-49.46496
4497184062.5,-49.44167
4497185000.0,-49.47252
4497185937.5,-49.41814
4497186875.0,-49.44552
4497187812.5,-49.42862
4497188750.0,-49.47443
4497189687.5,-49.43467
4497190625.0,-49.45087
4497191562.5,-49.45252
4497192500.0,-49.44732
4497193437.5,-49.42411
4497194375.0,-49.49284
4497195312.5,-49.48636
4497196250.0,-49.4057
4497197187.5,-49.47281
4497198125.0,-49.44337
4497199062.5,-49.47684
4497200000.0,-49.44101
4497200937.5,-49.45796
4497201875.0,-49.4546
4497202812.5,-49.43599
4497203750.0,-49.46803
4497204687.5,-49.45113
4497205625.0,-49.47951
4497206562.5,-49.42261
4497207500.0,-49.4276
4497208437.5,-49.39316
4497209375.0,-49.42504
4497210312.5,-49.35965
4497211250.0,-49.44893
4497212187.5,-49.46762
4497213125.0,-49.45203
4497214062.5,-49.46267
4497215000.0,-49.44095
4497215937.5,-49.43846
4497216875.0,-49.38028
4497217812.5,-49.44908
4497218750.0,-49.41023
4497219687.5,-49.41531
4497220625.0,-49.44301
4497221562.5,-49.41999
4497222500.0,-49.39466
4497223437.5,-49.49747
4497224375.0,-49.42485
4497225312.5,-49.37801
4497226250.0,-49.39489
4497227187.5,-49.35486
4497228125.0,-49.41045
4497229062.5,-49.41366
4497230000.0,-49.38083
4497230937.5,-49.39371
4497231875.0,-49.40234
4497232812.5,-49.43644
4497233750.0,-49.44718
4497234687.5,-49.40828
4497235625.0,-49.35844
4497236562.5,-49.41767
4497237500.0,-49.37205
4497238437.5,-49.364
4497239375.0,-49.4364
4497240312.5,-49.41568
4497241250.0,-49.38704
4497242187.5,-49.38042
4497243125.0,-49.37753
4497244062.5,-49.40166
4497245000.0,-49.42087
4497245937.5,-49.35269
4497246875.0,-49.40419
4497247812.5,-49.4572
4497248750.0,-49.37057
4497249687.5,-49.42665
4497250625.0,-49.40048
4497251562.5,-49.39922
4497252500.0,-49.42764
4497253437.5,-49.41093
4497254375.0,-49.38859
4497255312.5,-49.41053
4497256250.0,-49.44596
4497257187.5,-49.43092
4497258125.0,-49.38989
4497259062.5,-49.35894
4497260000.0,-49.37046
4497260937.5,-49.35598
4497261875.0,-49.38764
4497262812.5,-49.36957
4497263750.0,-49.39079
4497264687.5,-49.36046
4497265625.0,-49.35434
4497266562.5,-49.34458
4497267500.0,-49.35155
4497268437.5,-49.39224
4497269375.0,-49.35828
4497270312.5,-49.37416
4497271250.0,-49.38837
4497272187.5,-49.32727
4497273125.0,-49.35902
4497274062.5,-49.37886
4497275000.0,-49.37568
4497275937.5,-49.36595
4497276875.0,-49.35929
4497277812.5,-49.3709
4497278750.0,-49.41583
4497279687.5,-49.31288
4497280625.0,-49.3764
4497281562.5,-49.3755
4497282500.0,-49.39333
4497283437.5,-49.40004
4497284375.0,-49.35054
4497285312.5,-49.3224
4497286250.0,-49.38484
4497287187.5,-49.38012
4497288125.0,-49.3931
4497289062.5,-49.33443
4497290000.0,-49.3765
4497290937.5,-49.3743
4497291875.0,-49.39565
4497292812.5,-49.30768
4497293750.0,-49.3954
4497294687.5,-49.37357
4497295625.0,-49.39675
4497296562.5,-49.35514
4497297500.0,-49.36209
4497298437.5,-49.35112
4497299375.0,-49.39064
4497300312.5,-49.35382
4497301250.0,-49.32413
4497302187.5,-49.32634
4497303125.0,-49.39417
4497304062.5,-49.35116
4497305000.0,-49.34336
4497305937.5,-49.34767
4497306875.0,-49.36522
4497307812.5,-49.38
4497308750.0,-49.35712
4497309687.5,-49.34407
4497310625.0,-49.31964
4497311562.5,-49.32179
4497312500.0,-49.36525
4497313437.5,-49.3712
4497314375.0,-49.31893
4497315312.5,-49.32346
4497316250.0,-49.31633
4497317187.5,-49.36538
4497318125.0,-49.30093
4497319062.5,-49.2984
4497320000.0,-49.33847
4497320937.5,-49.26682
4497321875.0,-49.34018
4497322812.5,-49.30371
4497323750.0,-49.34835
4497324687.5,-49.30383
4497325625.0,-49.309
4497326562.5,-49.32807
4497327500.0,-49.34256
4497328437.5,-49.31594
4497329375.0,-49.31991
4497330312.5,-49.36401
4497331250.0,-49.33719
4497332187.5,-49.34215
4497333125.0,-49.33302
4497334062.5,-49.32973
4497335000.0,-49.36568
4497335937.5,-49.40057
4497336875.0,-49.32515
4497337812.5,-49.36694
4497338750.0,-49.31099
4497339687.5,-49.31666
4497340625.0,-49.35671
4497341562.5,-49.35504
4497342500.0,-49.31025
4497343437.5,-49.33644
4497344375.0,-49.2974
4497345312.5,-49.29035
4497346250.0,-49.35553
4497347187.5,-49.36002
4497348125.0,-49.27118
4497349062.5,-49.28608
4497350000.0,-49.32028
4497350937.5,-49.31838
4497351875.0,-49.25932
4497352812.5,-49.35104
4497353750.0,-49.31947
4497354687.5,-49.32252
4497355625.0,-49.3303
4497356562.5,-49.32452
4497357500.0,-49.31841
4497358437.5,-49.29799
4497359375.0,-49.2648
4497360312.5,-49.28342
4497361250.0,-49.32599
4497362187.5,-49.31383
4497363125.0,-49.26405
4497364062.5,-49.28235
4497365000.0,-49.26221
4497365937.5,-49.33746
4497366875.0,-49.29608
4497367812.5,-49.31963
4497368750.0,-49.31423
4497369687.5,-49.31086
4497370625.0,-49.26503
4497371562.5,-49.322
4497372500.0,-49.31336
4497373437.5,-49.31152
4497374375.0,-49.27872
4497375312.5,-49.34518
4497376250.0,-49.2992
4497377187.5,-49.31522
4497378125.0,-49.23796
4497379062.5,-49.25283
4497380000.0,-49.27666
4497380937.5,-49.30169
4497381875.0,-49.3279
4497382812.5,-49.32784
4497383750.0,-49.30478
4497384687.5,-49.26542
4497385625.0,-49.32412
4497386562.5,-49.28593
4497387500.0,-49.29909
4497388437.5,-49.26362
4497389375.0,-49.28923
4497390312.5,-49.2956
4497391250.0,-49.23074
4497392187.5,-49.23817
4497393125.0,-49.21755
4497394062.5,-49.29135
4497395000.0,-49.2916
4497395937.5,-49.24928
4497396875.0,-49.25874
4497397812.5,-49.22527
4497398750.0,-49.32625
4497399687.5,-49.20971
4497400625.0,-49.24014
4497401562.5,-49.26218
4497402500.0,-49.29698
4497403437.5,-49.25919
4497404375.0,-49.24706
4497405312.5,-49.25167
4497406250.0,-49.31415
4497407187.5,-49.23636
4497408125.0,-49.26915
4497409062.5,-49.26428
4497410000.0,-49.32047
4497410937.5,-49.23788
4497411875.0,-49.24014
4497412812.5,-49.28259
4497413750.0,-49.25905
4497414687.5,-49.23962
4497415625.0,-49.25291
4497416562.5,-49.22369
4497417500.0,-49.24474
4497418437.5,-49.23457
4497419375.0,-49.21731
4497420312.5,-49.23032
4497421250.0,-49.26065
4497422187.5,-49.23309
4497423125.0,-49.27259
4497424062.5,-49.21076
4497425000.0,-49.23991
4497425937.5,-49.24356
4497426875.0,-49.26084
4497427812.5,-49.30755
4497428750.0,-49.24749
4497429687.5,-49.2771
4497430625.0,-49.25999
4497431562.5,-49.24871
4497432500.0,-49.23444
4497433437.5,-49.24875
4497434375.0,-49.26186
4497435312.5,-49.19089
4497436250.0,-49.24375
4497437187.5,-49.23269
4497438125.0,-49.23018
4497439062.5,-49.22605
4497440000.0,-49.20252
4497440937.5,-49.24883
4497441875.0,-49.18722
4497442812.5,-49.21373
4497443750.0,-49.23462
4497444687.5,-49.24461
4497445625.0,-49.23485
4497446562.5,-49.29443
4497447500.0,-49.22799
4497448437.5,-49.20991
4497449375.0,-49.23376
4497450312.5,-49.19844
4497451250.0,-49.21156
4497452187.5,-49.22544
4497453125.0,-49.26004
4497454062.5,-49.26195
4497455000.0,-49.18692
4497455937.5,-49.24117
4497456875.0,-49.23328
4497457812.5,-49.26513
4497458750.0,-49.25709
4497459687.5,-49.1814
4497460625.0,-49.28044
4497461562.5,-49.21533
4497462500.0,-49.24357
4497463437.5,-49.25225
4497464375.0,-49.20535
4497465312.5,-49.20124
4497466250.0,-49.2131
4497467187.5,-49.21536
4497468125.0,-49.2279
4497469062.5,-49.23234
4497470000.0,-49.25323
4497470937.5,-49.23096
4497471875.0,-49.19637
4497472812.5,-49.19168
4497473750.0,-49.24448
4497474687.5,-49.22348
4497475625.0,-49.21706
4497476562.5,-49.22641
4497477500.0,-49.20303
4497478437.5,-49.24972
4497479375.0,-49.2146
4497480312.5,-49.20704
4497481250.0,-49.2178
4497482187.5,-49.21548
4497483125.0,-49.26258
4497484062.5,-49.19398
4497485000.0,-49.24392
4497485937.5,-49.18102
4497486875.0,-49.21886
4497487812.5,-49.18181
4497488750.0,-49.18765
4497489687.5,-49.18587
4497490625.0,-49.13212
4497491562.5,-49.19696
4497492500.0,-49.15915
4497493437.5,-49.231
4497494375.0,-49.17294
4497495312.5,-49.21581
4497496250.0,-49.18724
4497497187.5,-49.16387
4497498125.0,-49.19379
4497499062.5,-49.23943
4497500000.0,-49.15355
4497500937.5,-49.20142
4497501875.0,-49.23432
4497502812.5,-49.17059
4497503750.0,-49.16463
4497504687.5,-49.22522
4497505625.0,-49.14178
4497506562.5,-49.16956
4497507500.0,-49.22065
4497508437.5,-49.22158
4497509375.0,-49.22167
4497510312.5,-49.09836
4497511250.0,-49.19537
4497512187.5,-49.17011
4497513125.0,-49.16151
4497514062.5,-49.18323
4497515000.0,-49.21244
4497515937.5,-49.16275
4497516875.0,-49.21284
4497517812.5,-49.20971
4497518750.0,-49.19082
4497519687.5,-49.15153
4497520625.0,-49.15687
4497521562.5,-49.19268
4497522500.0,-49.20248
4497523437.5,-49.12126
4497524375.0,-49.19099
4497525312.5,-49.19453
4497526250.0,-49.18726
4497527187.5,-49.12122
4497528125.0,-49.20805
4497529062.5,-49.14275
4497530000.0,-49.1425
4497530937.5,-49.13405
4497531875.0,-49.16977
4497532812.5,-49.17046
4497533750.0,-49.11602
4497534687.5,-49.19307
4497535625.0,-49.17462
4497536562.5,-49.19257
4497537500.0,-49.16383
4497538437.5,-49.12753
4497539375.0,-49.13491
4497540312.5,-49.1335
4497541250.0,-49.19132
4497542187.5,-49.12025
4497543125.0,-49.16894
4497544062.5,-49.13744
4497545000.0,-49.14378
4497545937.5,-49.17107
4497546875.0,-49.15612
4497547812.5,-49.09971
4497548750.0,-49.13475
4497549687.5,-49.1505
4497550625.0,-49.14141
4497551562.5,-49.13843
4497552500.0,-49.14035
4497553437.5,-49.11102
4497554375.0,-49.10961
4497555312.5,-49.18226
4497556250.0,-49.10284
4497557187.5,-49.16376
4497558125.0,-49.15882
4497559062.5,-49.12386
4497560000.0,-49.13539
4497560937.5,-49.14754
4497561875.0,-49.116
4497562812.5,-49.13437
4497563750.0,-49.15506
4497564687.5,-49.13055
4497565625.0,-49.17419
4497566562.5,-49.15666
4497567500.0,-49.15625
4497568437.5,-49.08693
4497569375.0,-49.11963
4497570312.5,-49.16873
4497571250.0,-49.13743
4497572187.5,-49.15008
4497573125.0,-49.156
4497574062.5,-49.11084
4497575000.0,-49.14967
4497575937.5,-49.1466
4497576875.0,-49.12313
4497577812.5,-49.11466
4497578750.0,-49.12642
4497579687.5,-49.05154
4497580625.0,-49.11359
4497581562.5,-49.13982
4497582500.0,-49.15355
4497583437.5,-49.07131
4497584375.0,-49.10816
4497585312.5,-49.14297
4497586250.0,-49.12566
4497587187.5,-49.13132
4497588125.0,-49.09389
4497589062.5,-49.06178
4497590000.0,-49.1256
4497590937.5,-49.09382
4497591875.0,-49.06633
4497592812.5,-49.10996
4497593750.0,-49.13241
4497594687.5,-49.11907
4497595625.0,-49.13651
4497596562.5,-49.135
4497597500.0,-49.06915
4497598437.5,-49.10884
4497599375.0,-49.09675
4497600312.5,-49.15252
4497601250.0,-49.14262
4497602187.5,-49.09731
4497603125.0,-49.06944
4497604062.5,-49.11404
4497605000.0,-49.12002
4497605937.5,-49.12531
4497606875.0,-49.14721
4497607812.5,-49.09933
4497608750.0,-49.09752
4497609687.5,-49.05087
4497610625.0,-49.09936
4497611562.5,-49.12017
4497612500.0,-49.02806
4497613437.5,-49.1016
4497614375.0,-49.0852
4497615312.5,-49.10855
4497616250.0,-49.12422
4497617187.5,-49.09301
4497618125.0,-49.12238
4497619062.5,-49.05814
4497620000.0,-49.0896
4497620937.5,-49.07146
4497621875.0,-49.10731
4497622812.5,-49.10012
4497623750.0,-49.06617
4497624687.5,-49.08321
4497625625.0,-49.05476
4497626562.5,-49.06599
4497627500.0,-49.07695
4497628437.5,-49.09389
4497629375.0,-49.02717
4497630312.5,-49.05853
4497631250.0,-49.11092
4497632187.5,-49.10742
4497633125.0,-49.04346
4497634062.5,-49.10605
4497635000.0,-49.09404
4497635937.5,-49.12558
4497636875.0,-49.09897
4497637812.5,-49.06124
4497638750.0,-49.09914
4497639687.5,-49.13382
4497640625.0,-49.03555
4497641562.5,-49.10652
4497642500.0,-49.07031
4497643437.5,-49.08216
4497644375.0,-49.06419
4497645312.5,-49.06548
4497646250.0,-49.07161
4497647187.5,-49.02072
4497648125.0,-49.07999
4497649062.5,-49.03251
4497650000.0,-49.01
4497650937.5,-49.07215
4497651875.0,-49.07759
4497652812.5,-49.05566
4497653750.0,-49.06924
4497654687.5,-49.02998
4497655625.0,-49.05666
4497656562.5,-49.05665
4497657500.0,-49.08578
4497658437.5,-49.06905
4497659375.0,-49.03916
4497660312.5,-49.04742
4497661250.0,-49.06154
4497662187.5,-49.0331
4497663125.0,-49.04005
4497664062.5,-49.05414
4497665000.0,-49.01807
4497665937.5,-49.04857
4497666875.0,-49.05923
4497667812.5,-49.05273
4497668750.0,-49.05151
4497669687.5,-49.04307
4497670625.0,-49.07221
4497671562.5,-49.05943
4497672500.0,-49.03315
4497673437.5,-49.086
4497674375.0,-49.08406
4497675312.5,-49.07517
4497676250.0,-49.03336
4497677187.5,-49.03337
4497678125.0,-49.05255
4497679062.5,-49.01889
4497680000.0,-49.05864
4497680937.5,-49.06763
4497681875.0,-48.99921
4497682812.5,-49.06406
4497683750.0,-49.06824
4497684687.5,-49.07181
4497685625.0,-49.03687
4497686562.5,-49.02621
4497687500.0,-49.03949
4497688437.5,-49.02082
4497689375.0,-49.01097
4497690312.5,-49.01021
4497691250.0,-49.05719
4497692187.5,-49.04612
4497693125.0,-49.07307
4497694062.5,-48.968
4497695000.0,-49.05927
4497695937.5,-49.02738
4497696875.0,-48.94544
4497697812.5,-49.02008
4497698750.0,-49.05754
4497699687.5,-48.97667
4497700625.0,-49.0036
4497701562.5,-49.02875
4497702500.0,-49.04349
4497703437.5,-49.01106
4497704375.0,-49.03021
4497705312.5,-49.04828
4497706250.0,-49.02309
4497707187.5,-48.99783
4497708125.0,-49.08902
4497709062.5,-49.00193
4497710000.0,-49.01585
4497710937.5,-48.99585
4497711875.0,-49.01308
4497712812.5,-49.0463
4497713750.0,-48.97071
4497714687.5,-48.95245
4497715625.0,-49.04419
4497716562.5,-49.03501
4497717500.0,-48.98188
4497718437.5,-49.0225
4497719375.0,-49.00485
4497720312.5,-49.01192
4497721250.0,-49.06901
4497722187.5,-49.00886
4497723125.0,-48.99877
4497724062.5,-49.00817
4497725000.0,-49.05414
4497725937.5,-49.0491
4497726875.0,-49.01685
4497727812.5,-49.00619
4497728750.0,-48.98829
4497729687.5,-48.97512
4497730625.0,-49.005
4497731562.5,-49.01743
4497732500.0,-49.02325
4497733437.5,-48.99967
4497734375.0,-48.99927
4497735312.5,-48.9687
4497736250.0,-48.97885
4497737187.5,-48.96782
4497738125.0,-48.94336
4497739062.5,-48.99274
4497740000.0,-48.96281
4497740937.5,-49.00101
4497741875.0,-48.94859
4497742812.5,-48.97208
4497743750.0,-48.98682
4497744687.5,-49.00302
4497745625.0,-48.96664
4497746562.5,-49.0055
4497747500.0,-48.97386
4497748437.5,-48.9798
4497749375.0,-48.93036
4497750312.5,-48.95098
4497751250.0,-48.98521
4497752187.5,-49.00404
4497753125.0,-49.00482
4497754062.5,-48.99726
4497755000.0,-48.97012
4497755937.5,-48.95126
4497756875.0,-49.02864
4497757812.5,-48.95235
4497758750.0,-48.99453
4497759687.5,-48.95058
4497760625.0,-48.97206
4497761562.5,-48.95016
4497762500.0,-48.95237
4497763437.5,-48.97279
4497764375.0,-49.01318
4497765312.5,-48.93773
4497766250.0,-48.95031
4497767187.5,-48.99279
4497768125.0,-48.93865
4497769062.5,-48.95839
4497770000.0,-48.93258
4497770937.5,-48.98632
4497771875.0,-48.94858
4497772812.5,-48.98298
4497773750.0,-48.95779
4497774687.5,-48.95154
4497775625.0,-48.93142
4497776562.5,-48.9337
4497777500.0,-48.96272
4497778437.5,-48.92651
4497779375.0,-48.95592
4497780312.5,-48.94177
4497781250.0,-48.9683
4497782187.5,-48.98635
4497783125.0,-48.92627
4497784062.5,-48.96895
4497785000.0,-48.94115
4497785937.5,-48.97026
4497786875.0,-48.93204
4497787812.5,-48.9465
4497788750.0,-48.92462
4497789687.5,-48.94968
4497790625.0,-48.92956
4497791562.5,-48.95518
4497792500.0,-48.96678
4497793437.5,-48.96114
4497794375.0,-48.95174
4497795312.5,-48.93814
4497796250.0,-48.91511
4497797187.5,-48.95013
4497798125.0,-48.9297
4497799062.5,-48.92808
4497800000.0,-48.88786
4497800937.5,-48.93678
4497801875.0,-48.92442
4497802812.5,-48.96186
4497803750.0,-48.95282
4497804687.5,-48.90734
4497805625.0,-48.9284
4497806562.5,-48.93437
4497807500.0,-48.93132
4497808437.5,-48.93483
4497809375.0,-48.90756
4497810312.5,-48.92895
4497811250.0,-48.92329
4497812187.5,-48.92469
4497813125.0,-48.94203
4497814062.5,-48.91923
4497815000.0,-48.88866
4497815937.5,-48.93399
4497816875.0,-48.93444
4497817812.5,-48.91189
4497818750.0,-48.93869
4497819687.5,-48.90098
4497820625.0,-48.91001
4497821562.5,-48.90158
4497822500.0,-48.91777
4497823437.5,-48.90369
4497824375.0,-48.96725
4497825312.5,-48.87269
4497826250.0,-48.93546
4497827187.5,-48.93922
4497828125.0,-48.91295
4497829062.5,-48.82851
4497830000.0,-48.97273
4497830937.5,-48.87008
4497831875.0,-48.96939
4497832812.5,-48.92915
4497833750.0,-48.88966
4497834687.5,-48.90926
4497835625.0,-48.90446
4497836562.5,-48.87988
4497837500.0,-48.92503
4497838437.5,-48.86632
4497839375.0,-48.91413
4497840312.5,-48.89693
4497841250.0,-48.88142
4497842187.5,-48.92906
4497843125.0,-48.89275
4497844062.5,-48.92004
4497845000.0,-48.90471
4497845937.5,-48.93208
4497846875.0,-48.91952
4497847812.5,-48.87449
4497848750.0,-48.90712
4497849687.5,-48.84639
4497850625.0,-48.90981
4497851562.5,-48.87452
4497852500.0,-48.89895
4497853437.5,-48.87422
4497854375.0,-48.8502
4497855312.5,-48.93533
4497856250.0,-48.89949
4497857187.5,-48.86094
4497858125.0,-48.88205
4497859062.5,-48.8795
4497860000.0,-48.87409
4497860937.5,-48.95832
4497861875.0,-48.89849
4497862812.5,-48.85457
4497863750.0,-48.88192
4497864687.5,-48.8739
4497865625.0,-48.87426
4497866562.5,-48.85238
4497867500.0,-48.86894
4497868437.5,-48.89598
4497869375.0,-48.87769
4497870312.5,-48.8741
4497871250.0,-48.91268
4497872187.5,-48.81532
4497873125.0,-48.86819
4497874062.5,-48.9234
4497875000.0,-48.85871
4497875937.5,-48.88356
4497876875.0,-48.89051
4497877812.5,-48.89065
4497878750.0,-48.90399
4497879687.5,-48.89501
4497880625.0,-48.9152
4497881562.5,-48.89621
4497882500.0,-48.918
4497883437.5,-48.91376
4497884375.0,-48.86268
4497885312.5,-48.80658
4497886250.0,-48.82843
4497887187.5,-48.88513
4497888125.0,-48.90616
4497889062.5,-48.83368
4497890000.0,-48.83816
4497890937.5,-48.87117
4497891875.0,-48.83482
4497892812.5,-48.86922
4497893750.0,-48.83996
4497894687.5,-48.897
4497895625.0,-48.87545
4497896562.5,-48.85069
4497897500.0,-48.84792
4497898437.5,-48.82955
4497899375.0,-48.84578
4497900312.5,-48.82712
4497901250.0,-48.83619
4497902187.5,-48.81739
4497903125.0,-48.86446
4497904062.5,-48.86974
4497905000.0,-48.82589
4497905937.5,-48.84876
4497906875.0,-48.91347
4497907812.5,-48.82891
4497908750.0,-48.84555
4497909687.5,-48.88772
4497910625.0,-48.79707
4497911562.5,-48.86929
4497912500.0,-48.80799
4497913437.5,-48.83368
4497914375.0,-48.85136
4497915312.5,-48.87874
4497916250.0,-48.84717
4497917187.5,-48.80434
4497918125.0,-48.81123
4497919062.5,-48.86165
4497920000.0,-48.83319
4497920937.5,-48.80818
4497921875.0,-48.82815
4497922812.5,-48.82009
4497923750.0,-48.80651
4497924687.5,-48.84234
4497925625.0,-48.82221
4497926562.5,-48.78199
4497927500.0,-48.79181
4497928437.5,-48.8311
4497929375.0,-48.88795
4497930312.5,-48.80146
4497931250.0,-48.79863
4497932187.5,-48.83939
4497933125.0,-48.79739
4497934062.5,-48.78258
4497935000.0,-48.76659
4497935937.5,-48.80363
4497936875.0,-48.83142
4497937812.5,-48.81701
4497938750.0,-48.84618
4497939687.5,-48.82544
4497940625.0,-48.76778
4497941562.5,-48.83519
4497942500.0,-48.83089
4497943437.5,-48.81997
4497944375.0,-48.77429
4497945312.5,-48.77761
4497946250.0,-48.82571
4497947187.5,-48.78858
4497948125.0,-48.81699
4497949062.5,-48.85939
4497950000.0,-48.79636
4497950937.5,-48.78423
4497951875.0,-48.8426
4497952812.5,-48.77706
4497953750.0,-48.83522
4497954687.5,-48.85891
4497955625.0,-48.77503
4497956562.5,-48.82234
4497957500.0,-48.82656
4497958437.5,-48.7956
4497959375.0,-48.7772
4497960312.5,-48.76445
4497961250.0,-48.77324
4497962187.5,-48.79782
4497963125.0,-48.83691
4497964062.5,-48.78781
4497965000.0,-48.81487
4497965937.5,-48.81834
4497966875.0,-48.77275
4497967812.5,-48.82903
4497968750.0,-48.81606
4497969687.5,-48.82881
4497970625.0,-48.77474
4497971562.5,-48.79377
4497972500.0,-48.7858
4497973437.5,-48.77491
4497974375.0,-48.78227
4497975312.5,-48.76131
4497976250.0,-48.80812
4497977187.5,-48.777
4497978125.0,-48.81644
4497979062.5,-48.79801
4497980000.0,-48.7911
4497980937.5,-48.78577
4497981875.0,-48.76568
4497982812.5,-48.80025
4497983750.0,-48.7466
4497984687.5,-48.78521
4497985625.0,-48.7752
4497986562.5,-48.76418
4497987500.0,-48.76638
4497988437.5,-48.71902
4497989375.0,-48.82342
4497990312.5,-48.81174
4497991250.0,-48.77024
4497992187.5,-48.77513
4497993125.0,-48.75801
4497994062.5,-48.77663
4497995000.0,-48.79057
4497995937.5,-48.79889
4497996875.0,-48.74879
4497997812.5,-48.77821
4497998750.0,-48.77565
4497999687.5,-48.74181
4498000625.0,-48.77476
4498001562.5,-48.73355
4498002500.0,-48.76018
4498003437.5,-48.74542
4498004375.0,-48.80145
4498005312.5,-48.77755
4498006250.0,-48.75288
4498007187.5,-48.75721
4498008125.0,-48.7778
4498009062.5,-48.71537
4498010000.0,-48.7636
4498010937.5,-48.72411
4498011875.0,-48.8032
4498012812.5,-48.74716
4498013750.0,-48.78436
4498014687.5,-48.76588
4498015625.0,-48.75829
4498016562.5,-48.74117
4498017500.0,-48.71568
4498018437.5,-48.71597
4498019375.0,-48.73
4498020312.5,-48.76765
4498021250.0,-48.7396
4498022187.5,-48.72447
4498023125.0,-48.77392
4498024062.5,-48.69914
4498025000.0,-48.71315
4498025937.5,-48.76103
4498026875.0,-48.73168
4498027812.5,-48.7097
4498028750.0,-48.76995
4498029687.5,-48.7379
4498030625.0,-48.73561
4498031562.5,-48.78142
4498032500.0,-48.77739
4498033437.5,-48.73544
4498034375.0,-48.7449
4498035312.5,-48.7552
4498036250.0,-48.71671
4498037187.5,-48.68646
4498038125.0,-48.76232
4498039062.5,-48.68743
4498040000.0,-48.73835
4498040937.5,-48.64213
4498041875.0,-48.70024
4498042812.5,-48.7721
4498043750.0,-48.74229
4498044687.5,-48.67645
4498045625.0,-48.78971
4498046562.5,-48.72057
4498047500.0,-48.7269
4498048437.5,-48.68573
4498049375.0,-48.68891
4498050312.5,-48.78791
4498051250.0,-48.74055
4498052187.5,-48.72444
4498053125.0,-48.71024
4498054062.5,-48.74521
4498055000.0,-48.75488
4498055937.5,-48.67804
4498056875.0,-48.72052
4498057812.5,-48.71187
4498058750.0,-48.66742
4498059687.5,-48.68687
4498060625.0,-48.735
4498061562.5,-48.6722
4498062500.0,-48.74764
4498063437.5,-48.70756
4498064375.0,-48.72945
4498065312.5,-48.73462
4498066250.0,-48.72178
4498067187.5,-48.69116
4498068125.0,-48.71444
4498069062.5,-48.67163
4498070000.0,-48.68468
4498070937.5,-48.72504
4498071875.0,-48.67229
4498072812.5,-48.70369
4498073750.0,-48.72743
4498074687.5,-48.73064
4498075625.0,-48.69388
4498076562.5,-48.71416
4498077500.0,-48.66707
4498078437.5,-48.69965
4498079375.0,-48.65989
4498080312.5,-48.63591
4498081250.0,-48.72786
4498082187.5,-48.68184
4498083125.0,-48.721
4498084062.5,-48.69801
4498085000.0,-48.68005
4498085937.5,-48.68172
4498086875.0,-48.69723
4498087812.5,-48.68721
4498088750.0,-48.69978
4498089687.5,-48.71166
4498090625.0,-48.63286
4498091562.5,-48.6696
4498092500.0,-48.67081
4498093437.5,-48.67688
4498094375.0,-48.71652
4498095312.5,-48.68156
4498096250.0,-48.66924
4498097187.5,-48.64935
4498098125.0,-48.62431
4498099062.5,-48.66142
4498100000.0,-48.64466
4498100937.5,-48.70445
4498101875.0,-48.63699
4498102812.5,-48.60753
4498103750.0,-48.67564
4498104687.5,-48.67308
4498105625.0,-48.63641
4498106562.5,-48.67293
4498107500.0,-48.6705
4498108437.5,-48.7081
4498109375.0,-48.65761
4498110312.5,-48.63879
4498111250.0,-48.65127
4498112187.5,-48.68238
4498113125.0,-48.63077
4498114062.5,-48.65792
4498115000.0,-48.65464
4498115937.5,-48.6349
4498116875.0,-48.64879
4498117812.5,-48.69034
4498118750.0,-48.65554
4498119687.5,-48.64131
4498120625.0,-48.64325
4498121562.5,-48.67044
4498122500.0,-48.65473
4498123437.5,-48.62695
4498124375.0,-48.64941
4498125312.5,-48.6795
4498126250.0,-48.672
4498127187.5,-48.65992
4498128125.0,-48.62592
4498129062.5,-48.66695
4498130000.0,-48.63539
4498130937.5,-48.655
4498131875.0,-48.682
4498132812.5,-48.64985
4498133750.0,-48.63001
4498134687.5,-48.60569
4498135625.0,-48.63654
4498136562.5,-48.6423
4498137500.0,-48.63493
4498138437.5,-48.66549
4498139375.0,-48.59706
4498140312.5,-48.64712
4498141250.0,-48.6523
4498142187.5,-48.5622
4498143125.0,-48.60242
4498144062.5,-48.63308
4498145000.0,-48.64927
4498145937.5,-48.64922
4498146875.0,-48.61622
4498147812.5,-48.63255
4498148750.0,-48.66831
4498149687.5,-48.66687
4498150625.0,-48.6047
4498151562.5,-48.63453
4498152500.0,-48.669
4498153437.5,-48.64064
4498154375.0,-48.61555
4498155312.5,-48.62566
4498156250.0,-48.57196
4498157187.5,-48.62135
4498158125.0,-48.63094
4498159062.5,-48.60983
4498160000.0,-48.62058
4498160937.5,-48.63788
4498161875.0,-48.6033
4498162812.5,-48.66284
4498163750.0,-48.58586
4498164687.5,-48.55548
4498165625.0,-48.65894
4498166562.5,-48.63573
4498167500.0,-48.58148
4498168437.5,-48.62188
4498169375.0,-48.64975
4498170312.5,-48.64704
4498171250.0,-48.60639
4498172187.5,-48.60038
4498173125.0,-48.63242
4498174062.5,-48.62566
4498175000.0,-48.55095
4498175937.5,-48.60221
4498176875.0,-48.60064
4498177812.5,-48.58677
4498178750.0,-48.57379
4498179687.5,-48.6204
4498180625.0,-48.56478
4498181562.5,-48.59328
4498182500.0,-48.61386
4498183437.5,-48.61483
4498184375.0,-48.64833
4498185312.5,-48.61114
4498186250.0,-48.54938
4498187187.5,-48.58195
4498188125.0,-48.65794
4498189062.5,-48.62815
4498190000.0,-48.57364
4498190937.5,-48.57548
4498191875.0,-48.60503
4498192812.5,-48.6012
4498193750.0,-48.5835
4498194687.5,-48.58709
4498195625.0,-48.60902
4498196562.5,-48.59615
4498197500.0,-48.5646
4498198437.5,-48.54851
4498199375.0,-48.60919
4498200312.5,-48.60438
4498201250.0,-48.57815
4498202187.5,-48.58431
4498203125.0,-48.61386
4498204062.5,-48.5563
4498205000.0,-48.56867
4498205937.5,-48.62005
4498206875.0,-48.59418
4498207812.5,-48.58048
4498208750.0,-48.5392
4498209687.5,-48.61081
4498210625.0,-48.58501
4498211562.5,-48.60884
4498212500.0,-48.59885
4498213437.5,-48.5814
4498214375.0,-48.54131
4498215312.5,-48.57509
4498216250.0,-48.55238
4498217187.5,-48.50777
4498218125.0,-48.54253
4498219062.5,-48.55975
4498220000.0,-48.59195
4498220937.5,-48.57351
4498221875.0,-48.54195
4498222812.5,-48.53091
4498223750.0,-48.50803
4498224687.5,-48.53442
4498225625.0,-48.48722
4498226562.5,-48.58361
4498227500.0,-48.57743
4498228437.5,-48.55011
4498229375.0,-48.56253
4498230312.5,-48.55109
4498231250.0,-48.50906
4498232187.5,-48.56001
4498233125.0,-48.55039
4498234062.5,-48.52621
4498235000.0,-48.54739
4498235937.5,-48.53495
4498236875.0,-48.49489
4498237812.5,-48.5602
4498238750.0,-48.54446
4498239687.5,-48.52726
4498240625.0,-48.51719
4498241562.5,-48.53815
4498242500.0,-48.56743
4498243437.5,-48.588
4498244375.0,-48.56153
4498245312.5,-48.55325
4498246250.0,-48.56731
4498247187.5,-48.51456
4498248125.0,-48.55593
4498249062.5,-48.54694
4498250000.0,-48.53426
4498250937.5,-48.51935
4498251875.0,-48.54915
4498252812.5,-48.5231
4498253750.0,-48.50069
4498254687.5,-48.52743
4498255625.0,-48.58064
4498256562.5,-48.50616
4498257500.0,-48.531
4498258437.5,-48.52813
4498259375.0,-48.54128
4498260312.5,-48.5347
4498261250.0,-48.51593
4498262187.5,-48.49585
4498263125.0,-48.54165
4498264062.5,-48.53447
4498265000.0,-48.53454
4498265937.5,-48.51664
4498266875.0,-48.50507
4498267812.5,-48.53777
4498268750.0,-48.52721
4498269687.5,-48.5367
4498270625.0,-48.52644
4498271562.5,-48.52353
4498272500.0,-48.56594
4498273437.5,-48.52626
4498274375.0,-48.52918
4498275312.5,-48.50903
4498276250.0,-48.48737
4498277187.5,-48.50557
4498278125.0,-48.5354
4498279062.5,-48.51012
4498280000.0,-48.50312
4498280937.5,-48.57039
4498281875.0,-48.497
4498282812.5,-48.52811
4498283750.0,-48.46502
4498284687.5,-48.50095
4498285625.0,-48.57471
4498286562.5,-48.52911
4498287500.0,-48.5079
4498288437.5,-48.48911
4498289375.0,-48.51806
4498290312.5,-48.47836
4498291250.0,-48.48285
4498292187.5,-48.47567
4498293125.0,-48.49021
4498294062.5,-48.47309
4498295000.0,-48.50557
4498295937.5,-48.53456
4498296875.0,-48.50083
4498297812.5,-48.51459
4498298750.0,-48.46572
4498299687.5,-48.54612
4498300625.0,-48.4587
4498301562.5,-48.48771
4498302500.0,-48.47266
4498303437.5,-48.48694
4498304375.0,-48.48564
4498305312.5,-48.53406
4498306250.0,-48.48817
4498307187.5,-48.46545
4498308125.0,-48.48743
4498309062.5,-48.49868
4498310000.0,-48.47766
4498310937.5,-48.4892
4498311875.0,-48.48386
4498312812.5,-48.47666
4498313750.0,-48.50507
4498314687.5,-48.49149
4498315625.0,-48.50206
4498316562.5,-48.4465
4498317500.0,-48.53139
4498318437.5,-48.48194
4498319375.0,-48.46942
4498320312.5,-48.43552
4498321250.0,-48.451
4498322187.5,-48.48535
4498323125.0,-48.50813
4498324062.5,-48.45444
4498325000.0,-48.46784
4498325937.5,-48.44728
4498326875.0,-48.43456
4498327812.5,-48.49323
4498328750.0,-48.49348
4498329687.5,-48.45228
4498330625.0,-48.45983
4498331562.5,-48.47064
4498332500.0,-48.45055
4498333437.5,-48.44583
4498334375.0,-48.48222
4498335312.5,-48.47251
4498336250.0,-48.45721
4498337187.5,-48.46684
4498338125.0,-48.46488
4498339062.5,-48.48416
4498340000.0,-48.4804
4498340937.5,-48.45897
4498341875.0,-48.40697
4498342812.5,-48.42148
4498343750.0,-48.4609
4498344687.5,-48.47098
4498345625.0,-48.49655
4498346562.5,-48.38976
4498347500.0,-48.45829
4498348437.5,-48.41045
4498349375.0,-48.47891
4498350312.5,-48.43659
4498351250.0,-48.46144
4498352187.5,-48.43696
4498353125.0,-48.4814
4498354062.5,-48.39217
4498355000.0,-48.461
4498355937.5,-48.48423
4498356875.0,-48.42889
4498357812.5,-48.47951
4498358750.0,-48.47082
4498359687.5,-48.38754
4498360625.0,-48.44132
4498361562.5,-48.44487
4498362500.0,-48.41691
4498363437.5,-48.47721
4498364375.0,-48.43555
4498365312.5,-48.42416
4498366250.0,-48.46556
4498367187.5,-48.42212
4498368125.0,-48.38883
4498369062.5,-48.42207
4498370000.0,-48.40503
4498370937.5,-48.38443
4498371875.0,-48.41829
4498372812.5,-48.41393
4498373750.0,-48.45844
4498374687.5,-48.44209
4498375625.0,-48.40046
4498376562.5,-48.46614
4498377500.0,-48.4522
4498378437.5,-48.44824
4498379375.0,-48.42685
4498380312.5,-48.3932
4498381250.0,-48.45578
4498382187.5,-48.43407
4498383125.0,-48.40211
4498384062.5,-48.43966
4498385000.0,-48.44714
4498385937.5,-48.41042
4498386875.0,-48.39658
4498387812.5,-48.42463
4498388750.0,-48.44712
4498389687.5,-48.42686
4498390625.0,-48.41074
4498391562.5,-48.42783
4498392500.0,-48.41883
4498393437.5,-48.4076
4498394375.0,-48.39442
4498395312.5,-48.4374
4498396250.0,-48.36527
4498397187.5,-48.37775
4498398125.0,-48.38835
4498399062.5,-48.38484
4498400000.0,-48.41413
4498400937.5,-48.39647
4498401875.0,-48.42384
4498402812.5,-48.37892
4498403750.0,-48.39804
4498404687.5,-48.40342
4498405625.0,-48.39992
4498406562.5,-48.37224
4498407500.0,-48.41193
4498408437.5,-48.39948
4498409375.0,-48.36311
4498410312.5,-48.43158
4498411250.0,-48.36478
4498412187.5,-48.42161
4498413125.0,-48.36662
4498414062.5,-48.40717
4498415000.0,-48.39814
4498415937.5,-48.41942
4498416875.0,-48.35517
4498417812.5,-48.37672
4498418750.0,-48.39764
4498419687.5,-48.36914
4498420625.0,-48.36679
4498421562.5,-48.40575
4498422500.0,-48.3493
4498423437.5,-48.33092
4498424375.0,-48.37595
4498425312.5,-48.37389
4498426250.0,-48.35369
4498427187.5,-48.37413
4498428125.0,-48.41573
4498429062.5,-48.36152
4498430000.0,-48.37495
4498430937.5,-48.40804
4498431875.0,-48.38059
4498432812.5,-48.40841
4498433750.0,-48.43521
4498434687.5,-48.36787
4498435625.0,-48.39107
4498436562.5,-48.37685
4498437500.0,-48.36174
4498438437.5,-48.36261
4498439375.0,-48.31846
4498440312.5,-48.38469
4498441250.0,-48.34248
4498442187.5,-48.34784
4498443125.0,-48.39188
4498444062.5,-48.38044
4498445000.0,-48.3131
4498445937.5,-48.35376
4498446875.0,-48.36825
4498447812.5,-48.33517
4498448750.0,-48.36324
4498449687.5,-48.3797
4498450625.0,-48.3528
4498451562.5,-48.37497
4498452500.0,-48.33009
4498453437.5,-48.37104
4498454375.0,-48.34333
4498455312.5,-48.38126
4498456250.0,-48.34316
4498457187.5,-48.38354
4498458125.0,-48.36477
4498459062.5,-48.35911
4498460000.0,-48.38385
4498460937.5,-48.36653
4498461875.0,-48.36364
4498462812.5,-48.34911
4498463750.0,-48.35429
4498464687.5,-48.31971
4498465625.0,-48.36954
4498466562.5,-48.35404
4498467500.0,-48.31252
4498468437.5,-48.38548
4498469375.0,-48.30494
4498470312.5,-48.35205
4498471250.0,-48.33176
4498472187.5,-48.34227
4498473125.0,-48.32106
4498474062.5,-48.3457
4498475000.0,-48.3029
4498475937.5,-48.35172
4498476875.0,-48.36177
4498477812.5,-48.34353
4498478750.0,-48.30555
4498479687.5,-48.35659
4498480625.0,-48.33246
4498481562.5,-48.26347
4498482500.0,-48.36855
4498483437.5,-48.3468
4498484375.0,-48.30089
4498485312.5,-48.35742
4498486250.0,-48.31104
4498487187.5,-48.33749
4498488125.0,-48.34164
4498489062.5,-48.3296
4498490000.0,-48.31836
4498490937.5,-48.30145
4498491875.0,-48.30527
4498492812.5,-48.32257
4498493750.0,-48.33631
4498494687.5,-48.29322
4498495625.0,-48.31817
4498496562.5,-48.35374
4498497500.0,-48.33517
4498498437.5,-48.32239
4498499375.0,-48.28792
4498500312.5,-48.32893
4498501250.0,-48.29192
4498502187.5,-48.3175
4498503125.0,-48.3109
4498504062.5,-48.33978
4498505000.0,-48.29069
4498505937.5,-48.30744
4498506875.0,-48.30743
4498507812.5,-48.27429
4498508750.0,-48.36019
4498509687.5,-48.30976
4498510625.0,-48.31392
4498511562.5,-48.28015
4498512500.0,-48.29993
4498513437.5,-48.27443
4498514375.0,-48.28658
4498515312.5,-48.31274
4498516250.0,-48.30991
4498517187.5,-48.27809
4498518125.0,-48.2818
4498519062.5,-48.30357
4498520000.0,-48.29246
4498520937.5,-48.30943
4498521875.0,-48.33556
4498522812.5,-48.26851
4498523750.0,-48.32067
4498524687.5,-48.31777
4498525625.0,-48.2766
4498526562.5,-48.29877
4498527500.0,-48.26626
4498528437.5,-48.29079
4498529375.0,-48.25229
4498530312.5,-48.32227
4498531250.0,-48.30646
4498532187.5,-48.24963
4498533125.0,-48.28164
4498534062.5,-48.27724
4498535000.0,-48.29149
4498535937.5,-48.29423
4498536875.0,-48.32685
4498537812.5,-48.24162
4498538750.0,-48.2435
4498539687.5,-48.23786
4498540625.0,-48.24712
4498541562.5,-48.30046
4498542500.0,-48.28968
4498543437.5,-48.31475
4498544375.0,-48.29901
4498545312.5,-48.33783
4498546250.0,-48.26196
4498547187.5,-48.33422
4498548125.0,-48.32882
4498549062.5,-48.26345
4498550000.0,-48.26203
4498550937.5,-48.25459
4498551875.0,-48.28796
4498552812.5,-48.24972
4498553750.0,-48.23135
4498554687.5,-48.26372
4498555625.0,-48.27625
4498556562.5,-48.20738
4498557500.0,-48.21643
4498558437.5,-48.24252
4498559375.0,-48.26975
4498560312.5,-48.25326
4498561250.0,-48.23522
4498562187.5,-48.24836
4498563125.0,-48.25664
4498564062.5,-48.26921
4498565000.0,-48.24273
4498565937.5,-48.23529
4498566875.0,-48.24627
4498567812.5,-48.26168
4498568750.0,-48.3004
4498569687.5,-48.26266
4498570625.0,-48.23122
4498571562.5,-48.23921
4498572500.0,-48.27322
4498573437.5,-48.24273
4498574375.0,-48.21056
4498575312.5,-48.22065
4498576250.0,-48.24663
4498577187.5,-48.23391
4498578125.0,-48.24088
4498579062.5,-48.27172
4498580000.0,-48.23291
4498580937.5,-48.2328
4498581875.0,-48.24606
4498582812.5,-48.21354
4498583750.0,-48.27948
4498584687.5,-48.22731
4498585625.0,-48.26158
4498586562.5,-48.18243
4498587500.0,-48.21053
4498588437.5,-48.23148
4498589375.0,-48.20201
4498590312.5,-48.18896
4498591250.0,-48.21553
4498592187.5,-48.23344
4498593125.0,-48.20849
4498594062.5,-48.26429
4498595000.0,-48.24087
4498595937.5,-48.23457
4498596875.0,-48.20116
4498597812.5,-48.23083
4498598750.0,-48.21533
4498599687.5,-48.21951
4498600625.0,-48.21902
4498601562.5,-48.24746
4498602500.0,-48.24764
4498603437.5,-48.17617
4498604375.0,-48.24124
4498605312.5,-48.21325
4498606250.0,-48.19674
4498607187.5,-48.16964
4498608125.0,-48.20621
4498609062.5,-48.18957
4498610000.0,-48.18732
4498610937.5,-48.21922
4498611875.0,-48.20199
4498612812.5,-48.21313
4498613750.0,-48.18573
4498614687.5,-48.21357
4498615625.0,-48.19039
4498616562.5,-48.23328
4498617500.0,-48.18709
4498618437.5,-48.15736
4498619375.0,-48.22722
4498620312.5,-48.23323
4498621250.0,-48.21995
4498622187.5,-48.20049
4498623125.0,-48.20529
4498624062.5,-48.21827
4498625000.0,-48.24245
4498625937.5,-48.23639
4498626875.0,-48.20111
4498627812.5,-48.17393
4498628750.0,-48.21359
4498629687.5,-48.19853
4498630625.0,-48.18937
4498631562.5,-48.22722
4498632500.0,-48.14878
4498633437.5,-48.22391
4498634375.0,-48.17376
4498635312.5,-48.17508
4498636250.0,-48.16264
4498637187.5,-48.19391
4498638125.0,-48.1688
4498639062.5,-48.14602
4498640000.0,-48.18063
4498640937.5,-48.19563
4498641875.0,-48.16609
4498642812.5,-48.18792
4498643750.0,-48.14249
4498644687.5,-48.22532
4498645625.0,-48.19559
4498646562.5,-48.13871
4498647500.0,-48.17906
4498648437.5,-48.1613
4498649375.0,-48.1548
4498650312.5,-48.18702
4498651250.0,-48.188
4498652187.5,-48.15038
4498653125.0,-48.18705
4498654062.5,-48.177
4498655000.0,-48.18599
4498655937.5,-48.20211
4498656875.0,-48.1895
4498657812.5,-48.16521
4498658750.0,-48.12856
4498659687.5,-48.21022
4498660625.0,-48.17253
4498661562.5,-48.17049
4498662500.0,-48.1411
4498663437.5,-48.17152
4498664375.0,-48.16246
4498665312.5,-48.16665
4498666250.0,-48.14357
4498667187.5,-48.19209
4498668125.0,-48.10277
4498669062.5,-48.16096
4498670000.0,-48.13894
4498670937.5,-48.1413
4498671875.0,-48.12104
4498672812.5,-48.19704
4498673750.0,-48.15491
4498674687.5,-48.19618
4498675625.0,-48.19678
4498676562.5,-48.1657
4498677500.0,-48.13765
4498678437.5,-48.16626
4498679375.0,-48.13643
4498680312.5,-48.15542
4498681250.0,-48.12027
4498682187.5,-48.09431
4498683125.0,-48.11409
4498684062.5,-48.13938
4498685000.0,-48.11289
4498685937.5,-48.11472
4498686875.0,-48.15632
4498687812.5,-48.16973
4498688750.0,-48.14656
4498689687.5,-48.1519
4498690625.0,-48.07128
4498691562.5,-48.11021
4498692500.0,-48.12579
4498693437.5,-48.15593
4498694375.0,-48.12822
4498695312.5,-48.09422
4498696250.0,-48.09292
4498697187.5,-48.09959
4498698125.0,-48.13535
4498699062.5,-48.1691
4498700000.0,-48.12792
4498700937.5,-48.11065
4498701875.0,-48.13479
4498702812.5,-48.10959
4498703750.0,-48.12114
4498704687.5,-48.12597
4498705625.0,-48.13017
4498706562.5,-48.11562
4498707500.0,-48.10716
4498708437.5,-48.12178
4498709375.0,-48.12419
4498710312.5,-48.12794
4498711250.0,-48.08833
4498712187.5,-48.09226
4498713125.0,-48.15286
4498714062.5,-48.11679
4498715000.0,-48.14574
4498715937.5,-48.10234
4498716875.0,-48.07737
4498717812.5,-48.15924
4498718750.0,-48.09824
4498719687.5,-48.10479
4498720625.0,-48.10553
4498721562.5,-48.11677
4498722500.0,-48.09706
4498723437.5,-48.08197
4498724375.0,-48.07077
4498725312.5,-48.08743
4498726250.0,-48.14048
4498727187.5,-48.06306
4498728125.0,-48.06556
4498729062.5,-48.10966
4498730000.0,-48.10012
4498730937.5,-48.11502
4498731875.0,-48.10551
4498732812.5,-48.09993
4498733750.0,-48.08933
4498734687.5,-48.07653
4498735625.0,-48.10337
4498736562.5,-48.08625
4498737500.0,-48.11151
4498738437.5,-48.07323
4498739375.0,-48.05431
4498740312.5,-48.09438
4498741250.0,-48.09487
4498742187.5,-48.05769
4498743125.0,-48.03919
4498744062.5,-48.08921
4498745000.0,-48.06223
4498745937.5,-48.07255
4498746875.0,-48.10368
4498747812.5,-48.06475
4498748750.0,-48.07788
4498749687.5,-48.06757
4498750625.0,-48.11498
4498751562.5,-48.05742
4498752500.0,-48.08013
4498753437.5,-48.03092
4498754375.0,-48.10274
4498755312.5,-48.0867
4498756250.0,-48.0551
4498757187.5,-48.0643
4498758125.0,-48.07325
4498759062.5,-48.09356
4498760000.0,-48.06314
4498760937.5,-48.05267
4498761875.0,-48.08653
4498762812.5,-48.02882
4498763750.0,-48.08762
4498764687.5,-48.02864
4498765625.0,-48.04745
4498766562.5,-48.10883
4498767500.0,-48.06941
4498768437.5,-48.04215
4498769375.0,-48.06309
4498770312.5,-48.07117
4498771250.0,-48.05454
4498772187.5,-48.09106
4498773125.0,-48.00645
4498774062.5,-48.05258
4498775000.0,-48.12333
4498775937.5,-48.05103
4498776875.0,-48.07184
4498777812.5,-47.99939
4498778750.0,-48.016
4498779687.5,-48.05398
4498780625.0,-48.04897
4498781562.5,-48.03265
4498782500.0,-48.09347
4498783437.5,-48.05579
4498784375.0,-48.02111
4498785312.5,-48.05923
4498786250.0,-48.04291
4498787187.5,-48.0712
4498788125.0,-48.05976
4498789062.5,-48.04472
4498790000.0,-48.00576
4498790937.5,-48.04396
4498791875.0,-48.05944
4498792812.5,-48.02535
4498793750.0,-48.04144
4498794687.5,-48.03951
4498795625.0,-48.05558
4498796562.5,-48.04267
4498797500.0,-48.05289
4498798437.5,-48.07643
4498799375.0,-48.01924
4498800312.5,-48.03923
4498801250.0,-48.0285
4498802187.5,-48.01995
4498803125.0,-48.00794
4498804062.5,-48.00269
4498805000.0,-48.02919
4498805937.5,-48.03199
4498806875.0,-48.04146
4498807812.5,-47.99818
4498808750.0,-48.03177
4498809687.5,-48.03117
4498810625.0,-47.98725
4498811562.5,-48.01889
4498812500.0,-48.03137
4498813437.5,-48.06576
4498814375.0,-48.01783
4498815312.5,-47.99396
4498816250.0,-47.9702
4498817187.5,-48.00791
4498818125.0,-48.0114
4498819062.5,-47.99546
4498820000.0,-48.02064
4498820937.5,-48.00956
4498821875.0,-47.99189
4498822812.5,-47.98603
4498823750.0,-48.00132
4498824687.5,-48.01641
4498825625.0,-48.00362
4498826562.5,-47.97794
4498827500.0,-47.98738
4498828437.5,-47.95898
4498829375.0,-47.99371
4498830312.5,-47.99738
4498831250.0,-48.02411
4498832187.5,-48.00159
4498833125.0,-48.01382
4498834062.5,-48.01732
4498835000.0,-47.97985
4498835937.5,-47.96434
4498836875.0,-48.01579
4498837812.5,-48.02861
4498838750.0,-48.01737
4498839687.5,-48.02328
4498840625.0,-48.01738
4498841562.5,-48.00227
4498842500.0,-47.97822
4498843437.5,-48.01129
4498844375.0,-47.97559
4498845312.5,-48.0066
4498846250.0,-47.99687
4498847187.5,-47.98626
4498848125.0,-47.9426
4498849062.5,-47.97523
4498850000.0,-48.02005
4498850937.5,-47.98331
4498851875.0,-47.9812
4498852812.5,-47.96714
4498853750.0,-47.98592
4498854687.5,-47.96068
4498855625.0,-47.9582
4498856562.5,-47.96347
4498857500.0,-47.94595
4498858437.5,-47.98354
4498859375.0,-47.91022
4498860312.5,-47.92957
4498861250.0,-47.96483
4498862187.5,-47.96272
4498863125.0,-47.96991
4498864062.5,-47.93786
4498865000.0,-47.95763
4498865937.5,-47.99757
4498866875.0,-47.92807
4498867812.5,-47.91422
4498868750.0,-47.96931
4498869687.5,-47.97534
4498870625.0,-47.95771
4498871562.5,-48.01786
4498872500.0,-47.93406
4498873437.5,-47.97567
4498874375.0,-47.9584
4498875312.5,-47.96128
4498876250.0,-47.94047
4498877187.5,-47.96761
4498878125.0,-47.92939
4498879062.5,-47.93837
4498880000.0,-47.96402
4498880937.5,-47.88134
4498881875.0,-47.95943
4498882812.5,-47.92381
4498883750.0,-47.96415
4498884687.5,-47.91758
4498885625.0,-47.92924
4498886562.5,-47.91039
4498887500.0,-47.94528
4498888437.5,-47.88982
4498889375.0,-47.92096
4498890312.5,-47.93534
4498891250.0,-47.90372
4498892187.5,-47.94822
4498893125.0,-47.98638
4498894062.5,-47.90855
4498895000.0,-47.94995
4498895937.5,-47.9149
4498896875.0,-47.92574
4498897812.5,-47.95268
4498898750.0,-47.90599
4498899687.5,-47.88019
4498900625.0,-47.94934
4498901562.5,-47.91457
4498902500.0,-47.94756
4498903437.5,-47.94544
4498904375.0,-47.93959
4498905312.5,-47.91942
4498906250.0,-47.89439
4498907187.5,-47.90825
4498908125.0,-47.9325
4498909062.5,-47.91757
4498910000.0,-47.92085
4498910937.5,-47.87215
4498911875.0,-47.87089
4498912812.5,-47.88845
4498913750.0,-47.93422
4498914687.5,-47.90686
4498915625.0,-47.94123
4498916562.5,-47.90628
4498917500.0,-47.93806
4498918437.5,-47.91889
4498919375.0,-47.92368
4498920312.5,-47.93591
4498921250.0,-47.86891
4498922187.5,-47.97898
4498923125.0,-47.87481
4498924062.5,-47.92552
4498925000.0,-47.93455
4498925937.5,-47.92056
4498926875.0,-47.90017
4498927812.5,-47.86572
4498928750.0,-47.93804
4498929687.5,-47.91348
4498930625.0,-47.93305
4498931562.5,-47.89888
4498932500.0,-47.90279
4498933437.5,-47.94842
4498934375.0,-47.93669
4498935312.5,-47.88755
4498936250.0,-47.8984
4498937187.5,-47.90497
4498938125.0,-47.8731
4498939062.5,-47.89455
4498940000.0,-47.88586
4498940937.5,-47.89715
4498941875.0,-47.86207
4498942812.5,-47.89468
4498943750.0,-47.90028
4498944687.5,-47.86992
4498945625.0,-47.88199
4498946562.5,-47.84466
4498947500.0,-47.90143
4498948437.5,-47.8526
4498949375.0,-47.89058
4498950312.5,-47.90027
4498951250.0,-47.88591
4498952187.5,-47.92891
4498953125.0,-47.87089
4498954062.5,-47.85963
4498955000.0,-47.89387
4498955937.5,-47.86426
4498956875.0,-47.86883
4498957812.5,-47.89491
4498958750.0,-47.88205
4498959687.5,-47.88078
4498960625.0,-47.88927
4498961562.5,-47.85897
4498962500.0,-47.8657
4498963437.5,-47.86473
4498964375.0,-47.83098
4498965312.5,-47.85788
4498966250.0,-47.87466
4498967187.5,-47.88949
4498968125.0,-47.89668
4498969062.5,-47.87129
4498970000.0,-47.86652
4498970937.5,-47.839
4498971875.0,-47.85509
4498972812.5,-47.83041
4498973750.0,-47.84169
4498974687.5,-47.88058
4498975625.0,-47.83764
4498976562.5,-47.82954
4498977500.0,-47.84326
4498978437.5,-47.85116
4498979375.0,-47.87271
4498980312.5,-47.87564
4498981250.0,-47.84471
4498982187.5,-47.81847
4498983125.0,-47.86684
4498984062.5,-47.84721
4498985000.0,-47.86009
4498985937.5,-47.83724
4498986875.0,-47.84275
4498987812.5,-47.84528
4498988750.0,-47.84193
4498989687.5,-47.83638
4498990625.0,-47.86996
4498991562.5,-47.82113
4498992500.0,-47.82146
4498993437.5,-47.85435
4498994375.0,-47.82228
4498995312.5,-47.81403
4498996250.0,-47.86964
4498997187.5,-47.87649
4498998125.0,-47.84209
4498999062.5,-47.80784
4499000000.0,-47.84324
4499000937.5,-47.83521
4499001875.0,-47.80852
4499002812.5,-47.84084
4499003750.0,-47.8484
4499004687.5,-47.78334
4499005625.0,-47.83248
4499006562.5,-47.79922
4499007500.0,-47.83334
4499008437.5,-47.85978
4499009375.0,-47.83719
4499010312.5,-47.86715
4499011250.0,-47.84407
4499012187.5,-47.83909
4499013125.0,-47.81387
4499014062.5,-47.79913
4499015000.0,-47.79646
4499015937.5,-47.85606
4499016875.0,-47.81849
4499017812.5,-47.84502
4499018750.0,-47.81231
4499019687.5,-47.86057
4499020625.0,-47.80989
4499021562.5,-47.84203
4499022500.0,-47.80289
4499023437.5,-47.79672
4499024375.0,-47.79412
4499025312.5,-47.78403
4499026250.0,-47.80915
4499027187.5,-47.7878
4499028125.0,-47.76958
4499029062.5,-47.7954
4499030000.0,-47.82981
4499030937.5,-47.75882
4499031875.0,-47.81079
4499032812.5,-47.82818
4499033750.0,-47.82028
4499034687.5,-47.80555
4499035625.0,-47.78026
4499036562.5,-47.83575
4499037500.0,-47.80062
4499038437.5,-47.76897
4499039375.0,-47.79367
4499040312.5,-47.81092
4499041250.0,-47.80051
4499042187.5,-47.76876
4499043125.0,-47.79634
4499044062.5,-47.78946
4499045000.0,-47.79735
4499045937.5,-47.72376
4499046875.0,-47.79331
4499047812.5,-47.74938
4499048750.0,-47.77108
4499049687.5,-47.73824
4499050625.0,-47.80934
4499051562.5,-47.77322
4499052500.0,-47.77215
4499053437.5,-47.76883
4499054375.0,-47.76014
4499055312.5,-47.76818
4499056250.0,-47.77525
4499057187.5,-47.77917
4499058125.0,-47.77817
4499059062.5,-47.75206
4499060000.0,-47.76908
4499060937.5,-47.76375
4499061875.0,-47.77063
4499062812.5,-47.7997
4499063750.0,-47.75455
4499064687.5,-47.72963
4499065625.0,-47.75884
4499066562.5,-47.79016
4499067500.0,-47.74632
4499068437.5,-47.78632
4499069375.0,-47.73127
4499070312.5,-47.8047
4499071250.0,-47.71976
4499072187.5,-47.74859
4499073125.0,-47.78891
4499074062.5,-47.73129
4499075000.0,-47.72689
4499075937.5,-47.76411
4499076875.0,-47.76428
4499077812.5,-47.75739
4499078750.0,-47.77188
4499079687.5,-47.79866
4499080625.0,-47.72726
4499081562.5,-47.79394
4499082500.0,-47.75493
4499083437.5,-47.74612
4499084375.0,-47.77059
4499085312.5,-47.72011
4499086250.0,-47.73844
4499087187.5,-47.76677
4499088125.0,-47.73707
4499089062.5,-47.74252
4499090000.0,-47.76049
4499090937.5,-47.71238
4499091875.0,-47.73822
4499092812.5,-47.7016
4499093750.0,-47.76229
4499094687.5,-47.72194
4499095625.0,-47.72042
4499096562.5,-47.72322
4499097500.0,-47.7436
4499098437.5,-47.72882
4499099375.0,-47.78442
4499100312.5,-47.70308
4499101250.0,-47.71075
4499102187.5,-47.7505
4499103125.0,-47.69286
4499104062.5,-47.79269
4499105000.0,-47.73833
4499105937.5,-47.6745
4499106875.0,-47.72564
4499107812.5,-47.73359
4499108750.0,-47.73937
4499109687.5,-47.69968
4499110625.0,-47.77093
4499111562.5,-47.74712
4499112500.0,-47.70461
4499113437.5,-47.71809
4499114375.0,-47.73537
4499115312.5,-47.73654
4499116250.0,-47.71943
4499117187.5,-47.70213
4499118125.0,-47.73799
4499119062.5,-47.67003
4499120000.0,-47.68983
4499120937.5,-47.7201
4499121875.0,-47.70325
4499122812.5,-47.70084
4499123750.0,-47.73297
4499124687.5,-47.72749
4499125625.0,-47.6904
4499126562.5,-47.71166
4499127500.0,-47.67007
4499128437.5,-47.68911
4499129375.0,-47.71934
4499130312.5,-47.70282
4499131250.0,-47.69783
4499132187.5,-47.7137
4499133125.0,-47.69618
4499134062.5,-47.72522
4499135000.0,-47.6919
4499135937.5,-47.69379
4499136875.0,-47.68128
4499137812.5,-47.70022
4499138750.0,-47.68914
4499139687.5,-47.74727
4499140625.0,-47.69978
4499141562.5,-47.65673
4499142500.0,-47.63147
4499143437.5,-47.70034
4499144375.0,-47.67998
4499145312.5,-47.69864
4499146250.0,-47.73513
4499147187.5,-47.66196
4499148125.0,-47.67908
4499149062.5,-47.66906
4499150000.0,-47.68593
4499150937.5,-47.65602
4499151875.0,-47.66279
4499152812.5,-47.67145
4499153750.0,-47.69347
4499154687.5,-47.69956
4499155625.0,-47.70438
4499156562.5,-47.64062
4499157500.0,-47.65525
4499158437.5,-47.6822
4499159375.0,-47.73669
4499160312.5,-47.67717
4499161250.0,-47.67825
4499162187.5,-47.66881
4499163125.0,-47.66367
4499164062.5,-47.72119
4499165000.0,-47.64032
4499165937.5,-47.67146
4499166875.0,-47.6765
4499167812.5,-47.65009
4499168750.0,-47.67127
4499169687.5,-47.64743
4499170625.0,-47.68455
4499171562.5,-47.67367
4499172500.0,-47.65158
4499173437.5,-47.65769
4499174375.0,-47.67172
4499175312.5,-47.62683
4499176250.0,-47.63696
4499177187.5,-47.6692
4499178125.0,-47.64222
4499179062.5,-47.63322
4499180000.0,-47.66613
4499180937.5,-47.63401
4499181875.0,-47.69725
4499182812.5,-47.6529
4499183750.0,-47.63651
4499184687.5,-47.6408
4499185625.0,-47.62431
4499186562.5,-47.63704
4499187500.0,-47.64762
4499188437.5,-47.64176
4499189375.0,-47.6679
4499190312.5,-47.71264
4499191250.0,-47.63863
4499192187.5,-47.63562
4499193125.0,-47.61136
4499194062.5,-47.62313
4499195000.0,-47.64065
4499195937.5,-47.59136
4499196875.0,-47.65857
4499197812.5,-47.61206
4499198750.0,-47.61974
4499199687.5,-47.60112
4499200625.0,-47.60355
4499201562.5,-47.61526
4499202500.0,-47.62518
4499203437.5,-47.62139
4499204375.0,-47.63588
4499205312.5,-47.63607
4499206250.0,-47.57692
4499207187.5,-47.63408
4499208125.0,-47.60604
4499209062.5,-47.60367
4499210000.0,-47.60851
4499210937.5,-47.62228
4499211875.0,-47.62527
4499212812.5,-47.63689
4499213750.0,-47.6361
4499214687.5,-47.61826
4499215625.0,-47.61696
4499216562.5,-47.59532
4499217500.0,-47.64311
4499218437.5,-47.61083
4499219375.0,-47.60631
4499220312.5,-47.55238
4499221250.0,-47.6274
4499222187.5,-47.63614
4499223125.0,-47.59491
4499224062.5,-47.60129
4499225000.0,-47.61308
4499225937.5,-47.61139
4499226875.0,-47.65392
4499227812.5,-47.61642
4499228750.0,-47.63701
4499229687.5,-47.57603
4499230625.0,-47.58749
4499231562.5,-47.63263
4499232500.0,-47.60239
4499233437.5,-47.58998
4499234375.0,-47.60357
4499235312.5,-47.62601
4499236250.0,-47.59138
4499237187.5,-47.55083
4499238125.0,-47.60176
4499239062.5,-47.59417
4499240000.0,-47.58488
4499240937.5,-47.60278
4499241875.0,-47.59673
4499242812.5,-47.5841
4499243750.0,-47.61463
4499244687.5,-47.58197
4499245625.0,-47.57585
4499246562.5,-47.58619
4499247500.0,-47.59377
4499248437.5,-47.5773
4499249375.0,-47.53436
4499250312.5,-47.58256
4499251250.0,-47.59031
4499252187.5,-47.54718
4499253125.0,-47.60674
4499254062.5,-47.58517
4499255000.0,-47.58415
4499255937.5,-47.55909
4499256875.0,-47.58716
4499257812.5,-47.56881
4499258750.0,-47.59134
4499259687.5,-47.56291
4499260625.0,-47.60927
4499261562.5,-47.57575
4499262500.0,-47.58503
4499263437.5,-47.53347
4499264375.0,-47.57658
4499265312.5,-47.64945
4499266250.0,-47.5379
4499267187.5,-47.56278
4499268125.0,-47.52691
4499269062.5,-47.58398
4499270000.0,-47.50785
4499270937.5,-47.59824
4499271875.0,-47.57307
4499272812.5,-47.55751
4499273750.0,-47.54212
4499274687.5,-47.5726
4499275625.0,-47.5531
4499276562.5,-47.59044
4499277500.0,-47.52196
4499278437.5,-47.52406
4499279375.0,-47.51308
4499280312.5,-47.57554
4499281250.0,-47.53671
4499282187.5,-47.51054
4499283125.0,-47.55035
4499284062.5,-47.55573
4499285000.0,-47.54716
4499285937.5,-47.58012
4499286875.0,-47.56369
4499287812.5,-47.56059
4499288750.0,-47.55716
4499289687.5,-47.55844
4499290625.0,-47.53321
4499291562.5,-47.5588
4499292500.0,-47.53399
4499293437.5,-47.50735
4499294375.0,-47.53937
4499295312.5,-47.56352
4499296250.0,-47.55589
4499297187.5,-47.54401
4499298125.0,-47.53934
4499299062.5,-47.53024
4499300000.0,-47.57356
4499300937.5,-47.5392
4499301875.0,-47.58856
4499302812.5,-47.514
4499303750.0,-47.58089
4499304687.5,-47.51473
4499305625.0,-47.54262
4499306562.5,-47.56963
4499307500.0,-47.48822
4499308437.5,-47.54235
4499309375.0,-47.53603
4499310312.5,-47.50199
4499311250.0,-47.49867
4499312187.5,-47.48855
4499313125.0,-47.50405
4499314062.5,-47.52601
4499315000.0,-47.56995
4499315937.5,-47.44973
4499316875.0,-47.51684
4499317812.5,-47.49724
4499318750.0,-47.52616
4499319687.5,-47.53667
4499320625.0,-47.51133
4499321562.5,-47.535
4499322500.0,-47.4839
4499323437.5,-47.48737
4499324375.0,-47.52319
4499325312.5,-47.52719
4499326250.0,-47.50476
4499327187.5,-47.53661
4499328125.0,-47.47147
4499329062.5,-47.49009
4499330000.0,-47.47557
4499330937.5,-47.52767
4499331875.0,-47.52342
4499332812.5,-47.51577
4499333750.0,-47.49729
4499334687.5,-47.52399
4499335625.0,-47.52646
4499336562.5,-47.48965
4499337500.0,-47.48981
4499338437.5,-47.49025
4499339375.0,-47.45686
4499340312.5,-47.506
4499341250.0,-47.48026
4499342187.5,-47.46741
4499343125.0,-47.49251
4499344062.5,-47.43567
4499345000.0,-47.4492
4499345937.5,-47.47194
4499346875.0,-47.50348
4499347812.5,-47.44968
4499348750.0,-47.46918
4499349687.5,-47.47474
4499350625.0,-47.47428
4499351562.5,-47.45213
4499352500.0,-47.48911
4499353437.5,-47.45904
4499354375.0,-47.45967
4499355312.5,-47.46446
4499356250.0,-47.42989
4499357187.5,-47.43923
4499358125.0,-47.46757
4499359062.5,-47.49798
4499360000.0,-47.4655
4499360937.5,-47.45854
4499361875.0,-47.46046
4499362812.5,-47.47562
4499363750.0,-47.45861
4499364687.5,-47.44414
4499365625.0,-47.40405
4499366562.5,-47.49168
4499367500.0,-47.44283
4499368437.5,-47.47214
4499369375.0,-47.46175
4499370312.5,-47.47613
4499371250.0,-47.4597
4499372187.5,-47.46296
4499373125.0,-47.48089
4499374062.5,-47.51252
4499375000.0,-47.41632
4499375937.5,-47.48815
4499376875.0,-47.43361
4499377812.5,-47.44915
4499378750.0,-47.44426
4499379687.5,-47.42142
4499380625.0,-47.40718
4499381562.5,-47.48275
4499382500.0,-47.45877
4499383437.5,-47.45277
4499384375.0,-47.48814
4499385312.5,-47.43308
4499386250.0,-47.38543
4499387187.5,-47.44942
4499388125.0,-47.41762
4499389062.5,-47.44739
4499390000.0,-47.41433
4499390937.5,-47.43029
4499391875.0,-47.45129
4499392812.5,-47.44987
4499393750.0,-47.43633
4499394687.5,-47.46659
4499395625.0,-47.45667
4499396562.5,-47.42199
4499397500.0,-47.44498
4499398437.5,-47.39309
4499399375.0,-47.40291
4499400312.5,-47.40557
4499401250.0,-47.41642
4499402187.5,-47.42477
4499403125.0,-47.48104
4499404062.5,-47.42486
4499405000.0,-47.48092
4499405937.5,-47.43535
4499406875.0,-47.41974
4499407812.5,-47.41181
4499408750.0,-47.42835
4499409687.5,-47.43888
4499410625.0,-47.45576
4499411562.5,-47.43472
4499412500.0,-47.39859
4499413437.5,-47.40497
4499414375.0,-47.41578
4499415312.5,-47.44361
4499416250.0,-47.46698
4499417187.5,-47.40656
4499418125.0,-47.39451
4499419062.5,-47.41501
4499420000.0,-47.46165
4499420937.5,-47.37876
4499421875.0,-47.36629
4499422812.5,-47.38876
4499423750.0,-47.40139
4499424687.5,-47.41681
4499425625.0,-47.37446
4499426562.5,-47.39156
4499427500.0,-47.41436
4499428437.5,-47.4073
4499429375.0,-47.38853
4499430312.5,-47.39869
4499431250.0,-47.43231
4499432187.5,-47.36484
4499433125.0,-47.40371
4499434062.5,-47.39148
4499435000.0,-47.37391
4499435937.5,-47.41693
4499436875.0,-47.38887
4499437812.5,-47.38237
4499438750.0,-47.37531
4499439687.5,-47.39184
4499440625.0,-47.39317
4499441562.5,-47.35631
4499442500.0,-47.38556
4499443437.5,-47.38643
4499444375.0,-47.37428
4499445312.5,-47.34999
4499446250.0,-47.36571
4499447187.5,-47.34365
4499448125.0,-47.39592
4499449062.5,-47.39474
4499450000.0,-47.38337
4499450937.5,-47.412
4499451875.0,-47.39232
4499452812.5,-47.34491
4499453750.0,-47.37973
4499454687.5,-47.37589
4499455625.0,-47.32329
4499456562.5,-47.33859
4499457500.0,-47.41595
4499458437.5,-47.36066
4499459375.0,-47.37545
4499460312.5,-47.40942
4499461250.0,-47.34158
4499462187.5,-47.31767
4499463125.0,-47.37578
4499464062.5,-47.33165
4499465000.0,-47.33214
4499465937.5,-47.36673
4499466875.0,-47.34243
4499467812.5,-47.28754
4499468750.0,-47.35001
4499469687.5,-47.37918
4499470625.0,-47.34554
4499471562.5,-47.35812
4499472500.0,-47.32995
4499473437.5,-47.32679
4499474375.0,-47.35884
4499475312.5,-47.309
4499476250.0,-47.33027
4499477187.5,-47.31488
4499478125.0,-47.3105
4499479062.5,-47.30406
4499480000.0,-47.32998
4499480937.5,-47.34339
4499481875.0,-47.31864
4499482812.5,-47.37241
4499483750.0,-47.33726
4499484687.5,-47.37491
4499485625.0,-47.33178
4499486562.5,-47.38388
4499487500.0,-47.31392
4499488437.5,-47.2839
4499489375.0,-47.35285
4499490312.5,-47.3931
4499491250.0,-47.27593
4499492187.5,-47.33941
4499493125.0,-47.34705
4499494062.5,-47.32979
4499495000.0,-47.33303
4499495937.5,-47.31292
4499496875.0,-47.33262
4499497812.5,-47.35007
4499498750.0,-47.31651
4499499687.5,-47.3553
4499500625.0,-47.33088
4499501562.5,-47.35108
4499502500.0,-47.31128
4499503437.5,-47.3095
4499504375.0,-47.32597
4499505312.5,-47.30613
4499506250.0,-47.31376
4499507187.5,-47.32825
4499508125.0,-47.29529
4499509062.5,-47.29434
4499510000.0,-47.34312
4499510937.5,-47.2932
4499511875.0,-47.29474
4499512812.5,-47.32218
4499513750.0,-47.3142
4499514687.5,-47.28834
4499515625.0,-47.34345
4499516562.5,-47.30395
4499517500.0,-47.2718
4499518437.5,-47.3106
4499519375.0,-47.28887
4499520312.5,-47.2939
4499521250.0,-47.2618
4499522187.5,-47.28753
4499523125.0,-47.30524
4499524062.5,-47.28654
4499525000.0,-47.31319
4499525937.5,-47.30054
4499526875.0,-47.29377
4499527812.5,-47.27176
4499528750.0,-47.29619
4499529687.5,-47.30738
4499530625.0,-47.30944
4499531562.5,-47.29657
4499532500.0,-47.27492
4499533437.5,-47.32396
4499534375.0,-47.27911
4499535312.5,-47.30686
4499536250.0,-47.26043
4499537187.5,-47.2468
4499538125.0,-47.25065
4499539062.5,-47.25772
4499540000.0,-47.30314
4499540937.5,-47.27953
4499541875.0,-47.31483
4499542812.5,-47.26048
4499543750.0,-47.25552
4499544687.5,-47.27284
4499545625.0,-47.31664
4499546562.5,-47.2425
4499547500.0,-47.28518
4499548437.5,-47.25032
4499549375.0,-47.27304
4499550312.5,-47.27868
4499551250.0,-47.25509
4499552187.5,-47.30231
4499553125.0,-47.29639
4499554062.5,-47.24047
4499555000.0,-47.24783
4499555937.5,-47.27093
4499556875.0,-47.25404
4499557812.5,-47.27014
4499558750.0,-47.24497
4499559687.5,-47.25462
4499560625.0,-47.27948
4499561562.5,-47.26001
4499562500.0,-47.25392
4499563437.5,-47.25552
4499564375.0,-47.24665
4499565312.5,-47.22475
4499566250.0,-47.25203
4499567187.5,-47.26942
4499568125.0,-47.27203
4499569062.5,-47.26952
4499570000.0,-47.20728
4499570937.5,-47.24174
4499571875.0,-47.21557
4499572812.5,-47.28319
4499573750.0,-47.24881
4499574687.5,-47.28708
4499575625.0,-47.27472
4499576562.5,-47.26248
4499577500.0,-47.22443
4499578437.5,-47.24871
4499579375.0,-47.24818
4499580312.5,-47.22499
4499581250.0,-47.21684
4499582187.5,-47.21243
4499583125.0,-47.184
4499584062.5,-47.22227
4499585000.0,-47.25533
4499585937.5,-47.19233
4499586875.0,-47.21198
4499587812.5,-47.22382
4499588750.0,-47.23137
4499589687.5,-47.24756
4499590625.0,-47.22198
4499591562.5,-47.20608
4499592500.0,-47.23121
4499593437.5,-47.25317
4499594375.0,-47.26587
4499595312.5,-47.24623
4499596250.0,-47.22268
4499597187.5,-47.2477
4499598125.0,-47.22077
4499599062.5,-47.19138
4499600000.0,-47.22863
4499600937.5,-47.24218
4499601875.0,-47.24355
4499602812.5,-47.21614
4499603750.0,-47.20836
4499604687.5,-47.2131
4499605625.0,-47.2292
4499606562.5,-47.2331
4499607500.0,-47.19899
4499608437.5,-47.23546
4499609375.0,-47.22229
4499610312.5,-47.19608
4499611250.0,-47.21435
4499612187.5,-47.25378
4499613125.0,-47.25469
4499614062.5,-47.21197
4499615000.0,-47.24591
4499615937.5,-47.21588
4499616875.0,-47.18933
4499617812.5,-47.17469
4499618750.0,-47.18106
4499619687.5,-47.17962
4499620625.0,-47.18114
4499621562.5,-47.1929
4499622500.0,-47.14007
4499623437.5,-47.19362
4499624375.0,-47.24697
4499625312.5,-47.22979
4499626250.0,-47.14968
4499627187.5,-47.17685
4499628125.0,-47.16335
4499629062.5,-47.18565
4499630000.0,-47.20761
4499630937.5,-47.22615
4499631875.0,-47.1875
4499632812.5,-47.21457
4499633750.0,-47.16753
4499634687.5,-47.20473
4499635625.0,-47.17252
4499636562.5,-47.15182
4499637500.0,-47.17585
4499638437.5,-47.15081
4499639375.0,-47.16285
4499640312.5,-47.17012
4499641250.0,-47.19231
4499642187.5,-47.18414
4499643125.0,-47.14283
4499644062.5,-47.15295
4499645000.0,-47.11454
4499645937.5,-47.15176
4499646875.0,-47.19502
4499647812.5,-47.18968
4499648750.0,-47.12996
4499649687.5,-47.13696
4499650625.0,-47.16045
4499651562.5,-47.18155
4499652500.0,-47.16966
4499653437.5,-47.10794
4499654375.0,-47.20414
4499655312.5,-47.15931
4499656250.0,-47.13198
4499657187.5,-47.13602
4499658125.0,-47.15956
4499659062.5,-47.19016
4499660000.0,-47.15611
4499660937.5,-47.14303
4499661875.0,-47.12513
4499662812.5,-47.1679
4499663750.0,-47.13948
4499664687.5,-47.16703
4499665625.0,-47.14821
4499666562.5,-47.15764
4499667500.0,-47.14738
4499668437.5,-47.15702
4499669375.0,-47.13437
4499670312.5,-47.15628
4499671250.0,-47.13834
4499672187.5,-47.2009
4499673125.0,-47.13622
4499674062.5,-47.12524
4499675000.0,-47.16331
4499675937.5,-47.12632
4499676875.0,-47.15992
4499677812.5,-47.12946
4499678750.0,-47.1528
4499679687.5,-47.12371
4499680625.0,-47.1258
4499681562.5,-47.12811
4499682500.0,-47.11794
4499683437.5,-47.12925
4499684375.0,-47.11203
4499685312.5,-47.12792
4499686250.0,-47.12799
4499687187.5,-47.14014
4499688125.0,-47.09877
4499689062.5,-47.14964
4499690000.0,-47.11096
4499690937.5,-47.09742
4499691875.0,-47.10437
4499692812.5,-47.09837
4499693750.0,-47.0649
4499694687.5,-47.11969
4499695625.0,-47.12834
4499696562.5,-47.10411
4499697500.0,-47.12526
4499698437.5,-47.11349
4499699375.0,-47.0962
4499700312.5,-47.10847
4499701250.0,-47.11493
4499702187.5,-47.13472
4499703125.0,-47.10868
4499704062.5,-47.07526
4499705000.0,-47.13334
4499705937.5,-47.08256
4499706875.0,-47.10593
4499707812.5,-47.04258
4499708750.0,-47.11245
4499709687.5,-47.12638
4499710625.0,-47.11723
4499711562.5,-47.09933
4499712500.0,-47.10028
4499713437.5,-47.12307
4499714375.0,-47.06155
4499715312.5,-47.10417
4499716250.0,-47.08051
4499717187.5,-47.10645
4499718125.0,-47.07476
4499719062.5,-47.09021
4499720000.0,-47.07299
4499720937.5,-47.08022
4499721875.0,-47.09005
4499722812.5,-47.09251
4499723750.0,-47.06727
4499724687.5,-47.12283
4499725625.0,-47.07441
4499726562.5,-47.04822
4499727500.0,-47.07041
4499728437.5,-47.06264
4499729375.0,-47.03194
4499730312.5,-47.05249
4499731250.0,-47.08814
4499732187.5,-47.08593
4499733125.0,-47.05811
4499734062.5,-47.03547
4499735000.0,-47.08996
4499735937.5,-47.11729
4499736875.0,-47.11984
4499737812.5,-47.06083
4499738750.0,-47.05357
4499739687.5,-47.08043
4499740625.0,-47.07668
4499741562.5,-47.05612
4499742500.0,-47.06124
4499743437.5,-47.04475
4499744375.0,-47.09346
4499745312.5,-47.07352
4499746250.0,-47.06841
4499747187.5,-47.02752
4499748125.0,-47.06612
4499749062.5,-47.06347
4499750000.0,-47.09245
4499750937.5,-47.05251
4499751875.0,-47.07772
4499752812.5,-47.07764
4499753750.0,-47.03497
4499754687.5,-47.05543
4499755625.0,-47.01025
4499756562.5,-47.10389
4499757500.0,-47.02792
4499758437.5,-47.03531
4499759375.0,-47.04572
4499760312.5,-47.03967
4499761250.0,-47.01619
4499762187.5,-47.00976
4499763125.0,-47.0243
4499764062.5,-47.03023
4499765000.0,-47.06986
4499765937.5,-46.99818
4499766875.0,-47.03848
4499767812.5,-47.0181
4499768750.0,-47.0377
4499769687.5,-46.97247
4499770625.0,-47.03744
4499771562.5,-47.05849
4499772500.0,-47.04384
4499773437.5,-47.06197
4499774375.0,-47.02576
4499775312.5,-47.04025
4499776250.0,-47.0189
4499777187.5,-47.00376
4499778125.0,-46.99199
4499779062.5,-47.01284
4499780000.0,-47.0042
4499780937.5,-47.01379
4499781875.0,-47.06295
4499782812.5,-47.03486
4499783750.0,-47.02765
4499784687.5,-47.02997
4499785625.0,-47.04051
4499786562.5,-47.00615
4499787500.0,-47.01921
4499788437.5,-47.00243
4499789375.0,-47.00171
4499790312.5,-47.01765
4499791250.0,-47.00316
4499792187.5,-47.00482
4499793125.0,-47.00139
4499794062.5,-46.99743
4499795000.0,-47.02964
4499795937.5,-47.00282
4499796875.0,-47.01638
4499797812.5,-47.02254
4499798750.0,-47.0112
4499799687.5,-46.98825
4499800625.0,-46.97703
4499801562.5,-46.99415
4499802500.0,-46.98522
4499803437.5,-47.0045
4499804375.0,-46.99544
4499805312.5,-46.98694
4499806250.0,-46.96984
4499807187.5,-46.97441
4499808125.0,-46.99837
4499809062.5,-46.95676
4499810000.0,-47.00553
4499810937.5,-46.98473
4499811875.0,-46.931
4499812812.5,-46.97581
4499813750.0,-47.02523
4499814687.5,-47.00892
4499815625.0,-46.98159
4499816562.5,-47.02306
4499817500.0,-46.97311
4499818437.5,-46.97863
4499819375.0,-46.99264
4499820312.5,-46.99121
4499821250.0,-46.96042
4499822187.5,-46.9589
4499823125.0,-46.97543
4499824062.5,-46.99898
4499825000.0,-46.93674
4499825937.5,-46.98004
4499826875.0,-46.9791
4499827812.5,-47.01098
4499828750.0,-46.98826
4499829687.5,-46.97737
4499830625.0,-46.97713
4499831562.5,-46.99825
4499832500.0,-46.95209
4499833437.5,-46.97784
4499834375.0,-46.98121
4499835312.5,-46.96804
4499836250.0,-46.97018
4499837187.5,-46.96399
4499838125.0,-46.96006
4499839062.5,-46.95939
4499840000.0,-46.96988
4499840937.5,-46.97774
4499841875.0,-47.00452
4499842812.5,-46.9607
4499843750.0,-46.95849
4499844687.5,-46.96722
4499845625.0,-46.93527
4499846562.5,-46.96195
4499847500.0,-46.96162
4499848437.5,-46.93456
4499849375.0,-46.92847
4499850312.5,-46.97235
4499851250.0,-46.96875
4499852187.5,-46.90729
4499853125.0,-46.95114
4499854062.5,-46.91539
4499855000.0,-46.9673
4499855937.5,-46.98899
4499856875.0,-46.94239
4499857812.5,-46.959
4499858750.0,-46.93641
4499859687.5,-46.95443
4499860625.0,-46.90135
4499861562.5,-46.93378
4499862500.0,-46.91509
4499863437.5,-46.92773
4499864375.0,-46.94535
4499865312.5,-46.92198
4499866250.0,-46.92907
4499867187.5,-46.94669
4499868125.0,-46.87442
4499869062.5,-46.96078
4499870000.0,-46.91758
4499870937.5,-46.90237
4499871875.0,-46.92878
4499872812.5,-46.92518
4499873750.0,-46.91215
4499874687.5,-46.91278
4499875625.0,-46.94217
4499876562.5,-46.91327
4499877500.0,-46.93052
4499878437.5,-46.88652
4499879375.0,-46.94252
4499880312.5,-46.87255
4499881250.0,-46.88714
4499882187.5,-46.92258
4499883125.0,-46.88512
4499884062.5,-46.90504
4499885000.0,-46.9286
4499885937.5,-46.86915
4499886875.0,-46.911
4499887812.5,-46.90102
4499888750.0,-46.92719
4499889687.5,-46.89877
4499890625.0,-46.94353
4499891562.5,-46.8705
4499892500.0,-46.88165
4499893437.5,-46.93298
4499894375.0,-46.91814
4499895312.5,-46.86868
4499896250.0,-46.89867
4499897187.5,-46.85555
4499898125.0,-46.91768
4499899062.5,-46.86591
4499900000.0,-46.86575
4499900937.5,-46.86777
4499901875.0,-46.8877
4499902812.5,-46.89174
4499903750.0,-46.86826
4499904687.5,-46.89476
4499905625.0,-46.85494
4499906562.5,-46.87597
4499907500.0,-46.88517
4499908437.5,-46.88146
4499909375.0,-46.86379
4499910312.5,-46.88689
4499911250.0,-46.89557
4499912187.5,-46.88859
4499913125.0,-46.86557
4499914062.5,-46.92619
4499915000.0,-46.85178
4499915937.5,-46.86104
4499916875.0,-46.89756
4499917812.5,-46.89095
4499918750.0,-46.87236
4499919687.5,-46.89093
4499920625.0,-46.86535
4499921562.5,-46.84566
4499922500.0,-46.84537
4499923437.5,-46.8416
4499924375.0,-46.89669
4499925312.5,-46.84448
4499926250.0,-46.86646
4499927187.5,-46.89364
4499928125.0,-46.87286
4499929062.5,-46.86062
4499930000.0,-46.83097
4499930937.5,-46.91906
4499931875.0,-46.84544
4499932812.5,-46.85075
4499933750.0,-46.85632
4499934687.5,-46.8697
4499935625.0,-46.82607
4499936562.5,-46.86731
4499937500.0,-46.84447
4499938437.5,-46.87798
4499939375.0,-46.82803
4499940312.5,-46.83453
4499941250.0,-46.87461
4499942187.5,-46.85568
4499943125.0,-46.81993
4499944062.5,-46.78944
4499945000.0,-46.86104
4499945937.5,-46.85045
4499946875.0,-46.85482
4499947812.5,-46.83868
4499948750.0,-46.79314
4499949687.5,-46.80609
4499950625.0,-46.82853
4499951562.5,-46.87275
4499952500.0,-46.8438
4499953437.5,-46.84304
4499954375.0,-46.86008
4499955312.5,-46.82676
4499956250.0,-46.84842
4499957187.5,-46.8382
4499958125.0,-46.83016
4499959062.5,-46.81987
4499960000.0,-46.8402
4499960937.5,-46.82612
4499961875.0,-46.83288
4499962812.5,-46.81667
4499963750.0,-46.83031
4499964687.5,-46.80924
4499965625.0,-46.79217
4499966562.5,-46.81532
4499967500.0,-46.80819
4499968437.5,-46.81994
4499969375.0,-46.80696
4499970312.5,-46.80205
4499971250.0,-46.80261
4499972187.5,-46.79607
4499973125.0,-46.78796
4499974062.5,-46.81014
4499975000.0,-46.80473
4499975937.5,-46.81606
4499976875.0,-46.81601
4499977812.5,-46.78744
4499978750.0,-46.80221
4499979687.5,-46.82212
4499980625.0,-46.7822
4499981562.5,-46.81661
4499982500.0,-46.80814
4499983437.5,-46.83727
4499984375.0,-46.79087
4499985312.5,-46.82977
4499986250.0,-46.80231
4499987187.5,-46.81894
4499988125.0,-46.81252
4499989062.5,-46.80273
4499990000.0,-46.77649
4499990937.5,-46.80067
4499991875.0,-46.8435
4499992812.5,-46.80505
4499993750.0,-46.79059
4499994687.5,-46.7864
4499995625.0,-46.74847
4499996562.5,-46.81503
4499997500.0,-46.76953
4499998437.5,-46.80241
4499999375.0,-46.79149
4500000312.5,-46.76353
4500001250.0,-46.78225
4500002187.5,-46.77593
4500003125.0,-46.80669
4500004062.5,-46.7473
4500005000.0,-46.81432
4500005937.5,-46.76075
4500006875.0,-46.76024
4500007812.5,-46.77037
4500008750.0,-46.77805
4500009687.5,-46.77671
4500010625.0,-46.74431
4500011562.5,-46.77091
4500012500.0,-46.77964
4500013437.5,-46.75631
4500014375.0,-46.80834
4500015312.5,-46.7358
4500016250.0,-46.75758
4500017187.5,-46.74881
4500018125.0,-46.7376
4500019062.5,-46.74465
4500020000.0,-46.76104
4500020937.5,-46.73587
4500021875.0,-46.77641
4500022812.5,-46.74754
4500023750.0,-46.75377
4500024687.5,-46.73985
4500025625.0,-46.75834
4500026562.5,-46.77082
4500027500.0,-46.7316
4500028437.5,-46.75588
4500029375.0,-46.68955
4500030312.5,-46.72052
4500031250.0,-46.73899
4500032187.5,-46.7482
4500033125.0,-46.72606
4500034062.5,-46.70839
4500035000.0,-46.76069
4500035937.5,-46.68697
4500036875.0,-46.73176
4500037812.5,-46.72192
4500038750.0,-46.70195
4500039687.5,-46.75208
4500040625.0,-46.75142
4500041562.5,-46.7226
4500042500.0,-46.77691
4500043437.5,-46.72169
4500044375.0,-46.73943
4500045312.5,-46.71683
4500046250.0,-46.71554
4500047187.5,-46.76519
4500048125.0,-46.7138
4500049062.5,-46.74745
4500050000.0,-46.76709
4500050937.5,-46.74876
4500051875.0,-46.77345
4500052812.5,-46.70077
4500053750.0,-46.7273
4500054687.5,-46.6991
4500055625.0,-46.69398
4500056562.5,-46.69381
4500057500.0,-46.69711
4500058437.5,-46.72106
4500059375.0,-46.69951
4500060312.5,-46.70909
4500061250.0,-46.69797
4500062187.5,-46.69417
4500063125.0,-46.72255
4500064062.5,-46.69917
4500065000.0,-46.73792
4500065937.5,-46.72422
4500066875.0,-46.70543
4500067812.5,-46.69132
4500068750.0,-46.73003
4500069687.5,-46.70247
4500070625.0,-46.68258
4500071562.5,-46.74079
4500072500.0,-46.70566
4500073437.5,-46.69302
4500074375.0,-46.68493
4500075312.5,-46.72819
4500076250.0,-46.71108
4500077187.5,-46.66664
4500078125.0,-46.6688
4500079062.5,-46.69745
4500080000.0,-46.70494
4500080937.5,-46.66555
4500081875.0,-46.70488
4500082812.5,-46.6577
4500083750.0,-46.72185
4500084687.5,-46.70063
4500085625.0,-46.66398
4500086562.5,-46.7057
4500087500.0,-46.66731
4500088437.5,-46.6913
4500089375.0,-46.71388
4500090312.5,-46.70085
4500091250.0,-46.64125
4500092187.5,-46.64772
4500093125.0,-46.71798
4500094062.5,-46.71331
4500095000.0,-46.67679
4500095937.5,-46.70587
4500096875.0,-46.63815
4500097812.5,-46.68005
4500098750.0,-46.65493
4500099687.5,-46.673
4500100625.0,-46.6688
4500101562.5,-46.66952
4500102500.0,-46.70104
4500103437.5,-46.68143
4500104375.0,-46.63052
4500105312.5,-46.68082
4500106250.0,-46.64221
4500107187.5,-46.65224
4500108125.0,-46.63264
4500109062.5,-46.64154
4500110000.0,-46.63516
4500110937.5,-46.61491
4500111875.0,-46.66614
4500112812.5,-46.62489
4500113750.0,-46.644
4500114687.5,-46.62278
4500115625.0,-46.66359
4500116562.5,-46.65402
4500117500.0,-46.66049
4500118437.5,-46.6274
4500119375.0,-46.60816
4500120312.5,-46.63808
4500121250.0,-46.65673
4500122187.5,-46.6489
4500123125.0,-46.63925
4500124062.5,-46.66525
4500125000.0,-46.64293
4500125937.5,-46.63473
4500126875.0,-46.60037
4500127812.5,-46.65379
4500128750.0,-46.62919
4500129687.5,-46.65588
4500130625.0,-46.64254
4500131562.5,-46.62142
4500132500.0,-46.62224
4500133437.5,-46.61708
4500134375.0,-46.62934
4500135312.5,-46.61065
4500136250.0,-46.61912
4500137187.5,-46.66751
4500138125.0,-46.61377
4500139062.5,-46.61314
4500140000.0,-46.61786
4500140937.5,-46.63824
4500141875.0,-46.60563
4500142812.5,-46.62337
4500143750.0,-46.5951
4500144687.5,-46.62334
4500145625.0,-46.62491
4500146562.5,-46.6133
4500147500.0,-46.61597
4500148437.5,-46.61902
4500149375.0,-46.62543
4500150312.5,-46.61993
4500151250.0,-46.62139
4500152187.5,-46.62083
4500153125.0,-46.60724
4500154062.5,-46.61857
4500155000.0,-46.58452
4500155937.5,-46.61649
4500156875.0,-46.59126
4500157812.5,-46.60432
4500158750.0,-46.59977
4500159687.5,-46.59332
4500160625.0,-46.61607
4500161562.5,-46.57614
4500162500.0,-46.61123
4500163437.5,-46.58907
4500164375.0,-46.62102
4500165312.5,-46.60765
4500166250.0,-46.58943
4500167187.5,-46.63101
4500168125.0,-46.58992
4500169062.5,-46.61963
4500170000.0,-46.58429
4500170937.5,-46.59121
4500171875.0,-46.61094
4500172812.5,-46.62064
4500173750.0,-46.59001
4500174687.5,-46.57558
4500175625.0,-46.58358
4500176562.5,-46.61035
4500177500.0,-46.60712
4500178437.5,-46.58673
4500179375.0,-46.57632
4500180312.5,-46.54844
4500181250.0,-46.61532
4500182187.5,-46.57538
4500183125.0,-46.56042
4500184062.5,-46.56073
4500185000.0,-46.56271
4500185937.5,-46.56146
4500186875.0,-46.5392
4500187812.5,-46.55982
4500188750.0,-46.57131
4500189687.5,-46.55158
4500190625.0,-46.54859
4500191562.5,-46.51371
4500192500.0,-46.59151
4500193437.5,-46.56424
4500194375.0,-46.53152
4500195312.5,-46.56944
4500196250.0,-46.58291
4500197187.5,-46.56973
4500198125.0,-46.55775
4500199062.5,-46.54462
4500200000.0,-46.56631
4500200937.5,-46.54332
4500201875.0,-46.55579
4500202812.5,-46.53138
4500203750.0,-46.55545
4500204687.5,-46.53872
4500205625.0,-46.53723
4500206562.5,-46.53082
4500207500.0,-46.53197
4500208437.5,-46.55648
4500209375.0,-46.5656
4500210312.5,-46.53096
4500211250.0,-46.51657
4500212187.5,-46.54292
4500213125.0,-46.5323
4500214062.5,-46.52439
4500215000.0,-46.57208
4500215937.5,-46.50478
4500216875.0,-46.54805
4500217812.5,-46.53775
4500218750.0,-46.53735
4500219687.5,-46.54336
4500220625.0,-46.50935
4500221562.5,-46.51124
4500222500.0,-46.52454
4500223437.5,-46.54193
4500224375.0,-46.51448
4500225312.5,-46.52374
4500226250.0,-46.53121
4500227187.5,-46.53068
4500228125.0,-46.50626
4500229062.5,-46.54421
4500230000.0,-46.51339
4500230937.5,-46.49834
4500231875.0,-46.53289
4500232812.5,-46.51908
4500233750.0,-46.49421
4500234687.5,-46.50022
4500235625.0,-46.49977
4500236562.5,-46.51461
4500237500.0,-46.53261
4500238437.5,-46.47816
4500239375.0,-46.5347
4500240312.5,-46.461
4500241250.0,-46.4892
4500242187.5,-46.52333
4500243125.0,-46.51863
4500244062.5,-46.46688
4500245000.0,-46.4922
4500245937.5,-46.4784
4500246875.0,-46.48427
4500247812.5,-46.44399
4500248750.0,-46.53653
4500249687.5,-46.46441
4500250625.0,-46.48723
4500251562.5,-46.4729
4500252500.0,-46.4922
4500253437.5,-46.50452
4500254375.0,-46.46953
4500255312.5,-46.48808
4500256250.0,-46.46888
4500257187.5,-46.45281
4500258125.0,-46.47775
4500259062.5,-46.52857
4500260000.0,-46.48778
4500260937.5,-46.45434
4500261875.0,-46.49385
4500262812.5,-46.46359
4500263750.0,-46.46765
4500264687.5,-46.48349
4500265625.0,-46.48384
4500266562.5,-46.52742
4500267500.0,-46.47178
4500268437.5,-46.46087
4500269375.0,-46.46703
4500270312.5,-46.48184
4500271250.0,-46.43916
4500272187.5,-46.50477
4500273125.0,-46.49339
4500274062.5,-46.41362
4500275000.0,-46.44706
4500275937.5,-46.44101
4500276875.0,-46.47161
4500277812.5,-46.49738
4500278750.0,-46.47024
4500279687.5,-46.453
4500280625.0,-46.4129
4500281562.5,-46.47982
4500282500.0,-46.45429
4500283437.5,-46.46506
4500284375.0,-46.42103
4500285312.5,-46.46123
4500286250.0,-46.45119
4500287187.5,-46.46527
4500288125.0,-46.4151
4500289062.5,-46.43751
4500290000.0,-46.4168
4500290937.5,-46.44526
4500291875.0,-46.44086
4500292812.5,-46.39191
4500293750.0,-46.44523
4500294687.5,-46.43394
4500295625.0,-46.48989
4500296562.5,-46.45663
4500297500.0,-46.45426
4500298437.5,-46.41825
4500299375.0,-46.44349
4500300312.5,-46.44216
4500301250.0,-46.40559
4500302187.5,-46.45116
4500303125.0,-46.44729
4500304062.5,-46.43863
4500305000.0,-46.43488
4500305937.5,-46.42827
4500306875.0,-46.44358
4500307812.5,-46.39832
4500308750.0,-46.41914
4500309687.5,-46.41128
4500310625.0,-46.42062
4500311562.5,-46.43125
4500312500.0,-46.42499
4500313437.5,-46.43154
4500314375.0,-46.41318
4500315312.5,-46.4193
4500316250.0,-46.42129
4500317187.5,-46.41717
4500318125.0,-46.40835
4500319062.5,-46.41144
4500320000.0,-46.37953
4500320937.5,-46.41562
4500321875.0,-46.41412
4500322812.5,-46.41597
4500323750.0,-46.41237
4500324687.5,-46.37903
4500325625.0,-46.39943
4500326562.5,-46.38749
4500327500.0,-46.39167
4500328437.5,-46.39962
4500329375.0,-46.37776
4500330312.5,-46.35498
4500331250.0,-46.37346
4500332187.5,-46.37811
4500333125.0,-46.39195
4500334062.5,-46.41972
4500335000.0,-46.37987
4500335937.5,-46.38342
4500336875.0,-46.41668
4500337812.5,-46.42611
4500338750.0,-46.44219
4500339687.5,-46.36661
4500340625.0,-46.33767
4500341562.5,-46.37807
4500342500.0,-46.36789
4500343437.5,-46.39338
4500344375.0,-46.384
4500345312.5,-46.36056
4500346250.0,-46.36703
4500347187.5,-46.34843
4500348125.0,-46.35724
4500349062.5,-46.37241
4500350000.0,-46.39902
4500350937.5,-46.34366
4500351875.0,-46.31308
4500352812.5,-46.35971
4500353750.0,-46.39325
4500354687.5,-46.39248
4500355625.0,-46.35942
4500356562.5,-46.3785
4500357500.0,-46.38725
4500358437.5,-46.35262
4500359375.0,-46.40586
4500360312.5,-46.36056
4500361250.0,-46.3861
4500362187.5,-46.3904
4500363125.0,-46.33485
4500364062.5,-46.3311
4500365000.0,-46.34997
4500365937.5,-46.37073
4500366875.0,-46.38339
4500367812.5,-46.34602
4500368750.0,-46.39192
4500369687.5,-46.34045
4500370625.0,-46.37024
4500371562.5,-46.33242
4500372500.0,-46.34591
4500373437.5,-46.35374
4500374375.0,-46.30931
4500375312.5,-46.31861
4500376250.0,-46.31307
4500377187.5,-46.3353
4500378125.0,-46.32737
4500379062.5,-46.31639
4500380000.0,-46.30565
4500380937.5,-46.3463
4500381875.0,-46.37098
4500382812.5,-46.34488
4500383750.0,-46.31957
4500384687.5,-46.34754
4500385625.0,-46.3113
4500386562.5,-46.31813
4500387500.0,-46.34054
4500388437.5,-46.35518
4500389375.0,-46.34462
4500390312.5,-46.3485
4500391250.0,-46.3119
4500392187.5,-46.31865
4500393125.0,-46.28814
4500394062.5,-46.32278
4500395000.0,-46.29366
4500395937.5,-46.31105
4500396875.0,-46.3474
4500397812.5,-46.32769
4500398750.0,-46.31814
4500399687.5,-46.29584
4500400625.0,-46.31875
4500401562.5,-46.30993
4500402500.0,-46.34512
4500403437.5,-46.3162
4500404375.0,-46.31817
4500405312.5,-46.31355
4500406250.0,-46.35243
4500407187.5,-46.30647
4500408125.0,-46.29257
4500409062.5,-46.31263
4500410000.0,-46.35583
4500410937.5,-46.28417
4500411875.0,-46.31525
4500412812.5,-46.31008
4500413750.0,-46.31581
4500414687.5,-46.28888
4500415625.0,-46.3234
4500416562.5,-46.28883
4500417500.0,-46.2688
4500418437.5,-46.28633
4500419375.0,-46.3151
4500420312.5,-46.32816
4500421250.0,-46.31315
4500422187.5,-46.23389
4500423125.0,-46.29271
4500424062.5,-46.28689
4500425000.0,-46.26031
4500425937.5,-46.24625
4500426875.0,-46.27673
4500427812.5,-46.26605
4500428750.0,-46.27728
4500429687.5,-46.26727
4500430625.0,-46.27472
4500431562.5,-46.27794
4500432500.0,-46.27697
4500433437.5,-46.30573
4500434375.0,-46.30851
4500435312.5,-46.26206
4500436250.0,-46.27841
4500437187.5,-46.28676
4500438125.0,-46.25895
4500439062.5,-46.26212
4500440000.0,-46.23848
4500440937.5,-46.29317
4500441875.0,-46.26539
4500442812.5,-46.28645
4500443750.0,-46.23382
4500444687.5,-46.22794
4500445625.0,-46.25841
4500446562.5,-46.21605
4500447500.0,-46.27826
4500448437.5,-46.26517
4500449375.0,-46.25531
4500450312.5,-46.23913
4500451250.0,-46.28419
4500452187.5,-46.24712
4500453125.0,-46.27311
4500454062.5,-46.25663
4500455000.0,-46.24528
4500455937.5,-46.26821
4500456875.0,-46.24374
4500457812.5,-46.25235
4500458750.0,-46.25352
4500459687.5,-46.22852
4500460625.0,-46.25065
4500461562.5,-46.23498
4500462500.0,-46.28071
4500463437.5,-46.24602
4500464375.0,-46.23602
4500465312.5,-46.19411
4500466250.0,-46.21707
4500467187.5,-46.21327
4500468125.0,-46.23527
4500469062.5,-46.24794
4500470000.0,-46.25006
4500470937.5,-46.23396
4500471875.0,-46.24863
4500472812.5,-46.21216
4500473750.0,-46.21811
4500474687.5,-46.21373
4500475625.0,-46.20796
4500476562.5,-46.23791
4500477500.0,-46.24466
4500478437.5,-46.24442
4500479375.0,-46.21535
4500480312.5,-46.20494
4500481250.0,-46.21363
4500482187.5,-46.20232
4500483125.0,-46.21552
4500484062.5,-46.20649
4500485000.0,-46.19665
4500485937.5,-46.2042
4500486875.0,-46.18732
4500487812.5,-46.2323
4500488750.0,-46.23738
4500489687.5,-46.22361
4500490625.0,-46.22579
4500491562.5,-46.20548
4500492500.0,-46.21585
4500493437.5,-46.20664
4500494375.0,-46.19267
4500495312.5,-46.21531
4500496250.0,-46.19281
4500497187.5,-46.18369
4500498125.0,-46.2081
4500499062.5,-46.17926
4500500000.0,-46.19266
4500500937.5,-46.16723
4500501875.0,-46.2075
4500502812.5,-46.15562
4500503750.0,-46.18801
4500504687.5,-46.18156
4500505625.0,-46.17326
4500506562.5,-46.18314
4500507500.0,-46.20044
4500508437.5,-46.21392
4500509375.0,-46.19717
4500510312.5,-46.17968
4500511250.0,-46.16109
4500512187.5,-46.17686
4500513125.0,-46.20427
4500514062.5,-46.17554
4500515000.0,-46.17517
4500515937.5,-46.18267
4500516875.0,-46.18934
4500517812.5,-46.18813
4500518750.0,-46.19912
4500519687.5,-46.1755
4500520625.0,-46.16322
4500521562.5,-46.1908
4500522500.0,-46.17997
4500523437.5,-46.17749
4500524375.0,-46.15532
4500525312.5,-46.17895
4500526250.0,-46.14512
4500527187.5,-46.15905
4500528125.0,-46.12989
4500529062.5,-46.1393
4500530000.0,-46.13275
4500530937.5,-46.1632
4500531875.0,-46.19485
4500532812.5,-46.14705
4500533750.0,-46.16804
4500534687.5,-46.18906
4500535625.0,-46.18119
4500536562.5,-46.11193
4500537500.0,-46.18647
4500538437.5,-46.12607
4500539375.0,-46.18145
4500540312.5,-46.14554
4500541250.0,-46.12691
4500542187.5,-46.13695
4500543125.0,-46.13146
4500544062.5,-46.14587
4500545000.0,-46.13952
4500545937.5,-46.12579
4500546875.0,-46.15282
4500547812.5,-46.11937
4500548750.0,-46.11863
4500549687.5,-46.12806
4500550625.0,-46.13435
4500551562.5,-46.11678
4500552500.0,-46.10928
4500553437.5,-46.15091
4500554375.0,-46.14175
4500555312.5,-46.16219
4500556250.0,-46.10531
4500557187.5,-46.11589
4500558125.0,-46.12063
4500559062.5,-46.1457
4500560000.0,-46.11842
4500560937.5,-46.12531
4500561875.0,-46.11325
4500562812.5,-46.1132
4500563750.0,-46.08103
4500564687.5,-46.14156
4500565625.0,-46.13453
4500566562.5,-46.12962
4500567500.0,-46.11359
4500568437.5,-46.09963
4500569375.0,-46.11177
4500570312.5,-46.133
4500571250.0,-46.13408
4500572187.5,-46.09669
4500573125.0,-46.11549
4500574062.5,-46.1102
4500575000.0,-46.10207
4500575937.5,-46.11572
4500576875.0,-46.08658
4500577812.5,-46.03561
4500578750.0,-46.07473
4500579687.5,-46.11698
4500580625.0,-46.06929
4500581562.5,-46.10875
4500582500.0,-46.1012
4500583437.5,-46.07051
4500584375.0,-46.11132
4500585312.5,-46.07834
4500586250.0,-46.09819
4500587187.5,-46.06268
4500588125.0,-46.06525
4500589062.5,-46.06661
4500590000.0,-46.09943
4500590937.5,-46.07323
4500591875.0,-46.06457
4500592812.5,-46.07401
4500593750.0,-46.0959
4500594687.5,-46.08181
4500595625.0,-46.06683
4500596562.5,-46.04626
4500597500.0,-46.03739
4500598437.5,-46.08333
4500599375.0,-46.07237
4500600312.5,-46.09124
4500601250.0,-46.02746
4500602187.5,-46.0593
4500603125.0,-46.06892
4500604062.5,-46.05538
4500605000.0,-46.07061
4500605937.5,-46.10941
4500606875.0,-46.03331
4500607812.5,-46.04769
4500608750.0,-46.04039
4500609687.5,-46.0934
4500610625.0,-46.00529
4500611562.5,-46.02441
4500612500.0,-46.07695
4500613437.5,-46.03743
4500614375.0,-46.06928
4500615312.5,-46.03017
4500616250.0,-46.051
4500617187.5,-46.05946
4500618125.0,-46.0275
4500619062.5,-46.06374
4500620000.0,-46.03654
4500620937.5,-46.03175
4500621875.0,-46.03808
4500622812.5,-46.04889
4500623750.0,-46.04619
4500624687.5,-46.01697
4500625625.0,-46.00068
4500626562.5,-46.05612
4500627500.0,-46.0343
4500628437.5,-46.03144
4500629375.0,-46.0315
4500630312.5,-46.04205
4500631250.0,-46.03879
4500632187.5,-46.01547
4500633125.0,-46.05971
4500634062.5,-46.02201
4500635000.0,-46.04125
4500635937.5,-46.03057
4500636875.0,-46.0294
4500637812.5,-46.0078
4500638750.0,-46.03988
4500639687.5,-46.03638
4500640625.0,-45.98455
4500641562.5,-46.00819
4500642500.0,-45.99371
4500643437.5,-46.01822
4500644375.0,-45.98697
4500645312.5,-46.02859
4500646250.0,-46.00717
4500647187.5,-46.01959
4500648125.0,-46.00834
4500649062.5,-45.99137
4500650000.0,-46.02473
4500650937.5,-45.99168
4500651875.0,-45.99646
4500652812.5,-46.01931
4500653750.0,-45.968
4500654687.5,-45.98777
4500655625.0,-45.98589
4500656562.5,-45.95724
4500657500.0,-45.96701
4500658437.5,-46.00337
4500659375.0,-46.02894
4500660312.5,-45.98588
4500661250.0,-46.03764
4500662187.5,-45.96062
4500663125.0,-45.98961
4500664062.5,-45.97299
4500665000.0,-45.97683
4500665937.5,-45.98041
4500666875.0,-46.00146
4500667812.5,-46.01388
4500668750.0,-45.98839
4500669687.5,-46.01051
4500670625.0,-46.00884
4500671562.5,-45.98807
4500672500.0,-45.99407
4500673437.5,-45.98943
4500674375.0,-46.01333
4500675312.5,-45.98392
4500676250.0,-45.99577
4500677187.5,-45.97487
4500678125.0,-45.97157
4500679062.5,-45.94418
4500680000.0,-45.94849
4500680937.5,-45.98444
4500681875.0,-45.9858
4500682812.5,-45.92487
4500683750.0,-46.003
4500684687.5,-45.96091
4500685625.0,-45.94533
4500686562.5,-45.99258
4500687500.0,-45.97681
4500688437.5,-45.99342
4500689375.0,-45.98699
4500690312.5,-45.9786
4500691250.0,-45.98006
4500692187.5,-45.9473
4500693125.0,-45.9693
4500694062.5,-45.96068
4500695000.0,-45.96831
4500695937.5,-45.95747
4500696875.0,-45.92664
4500697812.5,-45.95758
4500698750.0,-45.93302
4500699687.5,-45.94318
4500700625.0,-45.92652
4500701562.5,-45.95287
4500702500.0,-45.96079
4500703437.5,-45.9652
4500704375.0,-45.93926
4500705312.5,-45.91877
4500706250.0,-45.95768
4500707187.5,-45.97701
4500708125.0,-45.98127
4500709062.5,-45.94168
4500710000.0,-45.96964
4500710937.5,-45.95619
4500711875.0,-45.94574
4500712812.5,-45.95993
4500713750.0,-45.92108
4500714687.5,-45.89036
4500715625.0,-45.90178
4500716562.5,-45.90601
4500717500.0,-45.93845
4500718437.5,-45.95075
4500719375.0,-45.92897
4500720312.5,-45.92524
4500721250.0,-45.91935
4500722187.5,-45.8768
4500723125.0,-45.9208
4500724062.5,-45.91681
4500725000.0,-45.88602
4500725937.5,-45.91288
4500726875.0,-45.90486
4500727812.5,-45.95014
4500728750.0,-45.88987
4500729687.5,-45.92133
4500730625.0,-45.91813
4500731562.5,-45.93539
4500732500.0,-45.93097
4500733437.5,-45.92547
4500734375.0,-45.90936
4500735312.5,-45.88042
4500736250.0,-45.90113
4500737187.5,-45.91821
4500738125.0,-45.90722
4500739062.5,-45.87485
4500740000.0,-45.89334
4500740937.5,-45.9059
4500741875.0,-45.89651
4500742812.5,-45.8764
4500743750.0,-45.89155
4500744687.5,-45.91747
4500745625.0,-45.88462
4500746562.5,-45.87085
4500747500.0,-45.9034
4500748437.5,-45.88412
4500749375.0,-45.88858
4500750312.5,-45.93377
4500751250.0,-45.88517
4500752187.5,-45.89471
4500753125.0,-45.87125
4500754062.5,-45.88132
4500755000.0,-45.88441
4500755937.5,-45.93663
4500756875.0,-45.87736
4500757812.5,-45.87968
4500758750.0,-45.87724
4500759687.5,-45.89382
4500760625.0,-45.86074
4500761562.5,-45.86132
4500762500.0,-45.87428
4500763437.5,-45.87458
4500764375.0,-45.89875
4500765312.5,-45.90742
4500766250.0,-45.86657
4500767187.5,-45.87271
4500768125.0,-45.86202
4500769062.5,-45.86528
4500770000.0,-45.84589
4500770937.5,-45.85409
4500771875.0,-45.88847
4500772812.5,-45.88451
4500773750.0,-45.86409
4500774687.5,-45.84444
4500775625.0,-45.85505
4500776562.5,-45.85529
4500777500.0,-45.83336
4500778437.5,-45.8636
4500779375.0,-45.84459
4500780312.5,-45.83833
4500781250.0,-45.83374
4500782187.5,-45.80823
4500783125.0,-45.8177
4500784062.5,-45.84628
4500785000.0,-45.82482
4500785937.5,-45.82056
4500786875.0,-45.86441
4500787812.5,-45.83973
4500788750.0,-45.82324
4500789687.5,-45.85096
4500790625.0,-45.81984
4500791562.5,-45.80583
4500792500.0,-45.82714
4500793437.5,-45.81067
4500794375.0,-45.78859
4500795312.5,-45.80299
4500796250.0,-45.80695
4500797187.5,-45.82697
4500798125.0,-45.83737
4500799062.5,-45.83288
4500800000.0,-45.81549
4500800937.5,-45.80456
4500801875.0,-45.80003
4500802812.5,-45.8067
4500803750.0,-45.80657
4500804687.5,-45.76796
4500805625.0,-45.81182
4500806562.5,-45.80085
4500807500.0,-45.80934
4500808437.5,-45.81614
4500809375.0,-45.8085
4500810312.5,-45.80745
4500811250.0,-45.80669
4500812187.5,-45.84677
4500813125.0,-45.78636
4500814062.5,-45.83703
4500815000.0,-45.80797
4500815937.5,-45.79809
4500816875.0,-45.8338
4500817812.5,-45.7662
4500818750.0,-45.80858
4500819687.5,-45.78507
4500820625.0,-45.79152
4500821562.5,-45.79869
4500822500.0,-45.7956
4500823437.5,-45.77487
4500824375.0,-45.79638
4500825312.5,-45.83347
4500826250.0,-45.82442
4500827187.5,-45.77333
4500828125.0,-45.77554
4500829062.5,-45.78518
4500830000.0,-45.80064
4500830937.5,-45.76714
4500831875.0,-45.80008
4500832812.5,-45.75283
4500833750.0,-45.78313
4500834687.5,-45.77709
4500835625.0,-45.80006
4500836562.5,-45.80903
4500837500.0,-45.77902
4500838437.5,-45.74973
4500839375.0,-45.82753
4500840312.5,-45.80993
4500841250.0,-45.7277
4500842187.5,-45.77574
4500843125.0,-45.74834
4500844062.5,-45.76712
4500845000.0,-45.78259
4500845937.5,-45.75462
4500846875.0,-45.77703
4500847812.5,-45.78222
4500848750.0,-45.77323
4500849687.5,-45.73456
4500850625.0,-45.76726
4500851562.5,-45.75361
4500852500.0,-45.72931
4500853437.5,-45.77338
4500854375.0,-45.78782
4500855312.5,-45.78771
4500856250.0,-45.77984
4500857187.5,-45.73838
4500858125.0,-45.77082
4500859062.5,-45.76029
4500860000.0,-45.74141
4500860937.5,-45.75264
4500861875.0,-45.74788
4500862812.5,-45.73879
4500863750.0,-45.74603
4500864687.5,-45.74426
4500865625.0,-45.77472
4500866562.5,-45.70628
4500867500.0,-45.75189
4500868437.5,-45.74271
4500869375.0,-45.74664
4500870312.5,-45.74216
4500871250.0,-45.7513
4500872187.5,-45.731
4500873125.0,-45.74599
4500874062.5,-45.70572
4500875000.0,-45.72902
4500875937.5,-45.70315
4500876875.0,-45.71513
4500877812.5,-45.7487
4500878750.0,-45.76088
4500879687.5,-45.7136
4500880625.0,-45.73514
4500881562.5,-45.74195
4500882500.0,-45.71891
4500883437.5,-45.75052
4500884375.0,-45.7345
4500885312.5,-45.74973
4500886250.0,-45.7175
4500887187.5,-45.74137
4500888125.0,-45.73409
4500889062.5,-45.69252
4500890000.0,-45.70018
4500890937.5,-45.72093
4500891875.0,-45.70251
4500892812.5,-45.6714
4500893750.0,-45.73933
4500894687.5,-45.69355
4500895625.0,-45.71051
4500896562.5,-45.71423
4500897500.0,-45.68909
4500898437.5,-45.71424
4500899375.0,-45.68404
4500900312.5,-45.69618
4500901250.0,-45.73112
4500902187.5,-45.68771
4500903125.0,-45.68421
4500904062.5,-45.70939
4500905000.0,-45.67506
4500905937.5,-45.70086
4500906875.0,-45.66635
4500907812.5,-45.6614
4500908750.0,-45.72686
4500909687.5,-45.69982
4500910625.0,-45.67913
4500911562.5,-45.68247
4500912500.0,-45.69109
4500913437.5,-45.6506
4500914375.0,-45.67963
4500915312.5,-45.71072
4500916250.0,-45.65373
4500917187.5,-45.67935
4500918125.0,-45.67979
4500919062.5,-45.68246
4500920000.0,-45.70285
4500920937.5,-45.6758
4500921875.0,-45.69878
4500922812.5,-45.65688
4500923750.0,-45.69952
4500924687.5,-45.6624
4500925625.0,-45.67772
4500926562.5,-45.64434
4500927500.0,-45.65716
4500928437.5,-45.68945
4500929375.0,-45.64861
4500930312.5,-45.67225
4500931250.0,-45.6379
4500932187.5,-45.66845
4500933125.0,-45.64719
4500934062.5,-45.65237
4500935000.0,-45.64872
4500935937.5,-45.65381
4500936875.0,-45.60337
4500937812.5,-45.65826
4500938750.0,-45.63312
4500939687.5,-45.65404
4500940625.0,-45.64194
4500941562.5,-45.63879
4500942500.0,-45.6413
4500943437.5,-45.65832
4500944375.0,-45.63674
4500945312.5,-45.64421
4500946250.0,-45.6577
4500947187.5,-45.63027
4500948125.0,-45.6264
4500949062.5,-45.65005
4500950000.0,-45.64113
4500950937.5,-45.65152
4500951875.0,-45.61933
4500952812.5,-45.64603
4500953750.0,-45.63611
4500954687.5,-45.62777
4500955625.0,-45.64066
4500956562.5,-45.65795
4500957500.0,-45.65161
4500958437.5,-45.60833
4500959375.0,-45.63068
4500960312.5,-45.61658
4500961250.0,-45.60176
4500962187.5,-45.57405
4500963125.0,-45.59351
4500964062.5,-45.61024
4500965000.0,-45.68675
4500965937.5,-45.5884
4500966875.0,-45.62325
4500967812.5,-45.64265
4500968750.0,-45.55637
4500969687.5,-45.60003
4500970625.0,-45.57951
4500971562.5,-45.59871
4500972500.0,-45.60348
4500973437.5,-45.6024
4500974375.0,-45.57475
4500975312.5,-45.6129
4500976250.0,-45.58237
4500977187.5,-45.60595
4500978125.0,-45.59797
4500979062.5,-45.59283
4500980000.0,-45.58569
4500980937.5,-45.59168
4500981875.0,-45.59166
4500982812.5,-45.58437
4500983750.0,-45.56251
4500984687.5,-45.57122
4500985625.0,-45.57424
4500986562.5,-45.61706
4500987500.0,-45.60928
4500988437.5,-45.57697
4500989375.0,-45.57459
4500990312.5,-45.59612
4500991250.0,-45.58126
4500992187.5,-45.61327
4500993125.0,-45.58264
4500994062.5,-45.54179
4500995000.0,-45.58295
4500995937.5,-45.58254
4500996875.0,-45.55624
4500997812.5,-45.56337
4500998750.0,-45.56289
4500999687.5,-45.59093
4501000625.0,-45.54527
4501001562.5,-45.54984
4501002500.0,-45.54542
4501003437.5,-45.55338
4501004375.0,-45.57325
4501005312.5,-45.5717
4501006250.0,-45.551
4501007187.5,-45.54558
4501008125.0,-45.55292
4501009062.5,-45.52545
4501010000.0,-45.53898
4501010937.5,-45.54307
4501011875.0,-45.55127
4501012812.5,-45.543
4501013750.0,-45.50446
4501014687.5,-45.54572
4501015625.0,-45.56121
4501016562.5,-45.5288
4501017500.0,-45.52911
4501018437.5,-45.55902
4501019375.0,-45.54538
4501020312.5,-45.55075
4501021250.0,-45.54081
4501022187.5,-45.52956
4501023125.0,-45.49356
4501024062.5,-45.56458
4501025000.0,-45.54954
4501025937.5,-45.55797
4501026875.0,-45.55066
4501027812.5,-45.52822
4501028750.0,-45.52159
4501029687.5,-45.5252
4501030625.0,-45.49142
4501031562.5,-45.49758
4501032500.0,-45.51514
4501033437.5,-45.5458
4501034375.0,-45.52993
4501035312.5,-45.55656
4501036250.0,-45.53001
4501037187.5,-45.522
4501038125.0,-45.50827
4501039062.5,-45.51248
4501040000.0,-45.51662
4501040937.5,-45.50137
4501041875.0,-45.52526
4501042812.5,-45.54039
4501043750.0,-45.51982
4501044687.5,-45.4817
4501045625.0,-45.50744
4501046562.5,-45.51343
4501047500.0,-45.51466
4501048437.5,-45.46338
4501049375.0,-45.50294
4501050312.5,-45.521
4501051250.0,-45.50816
4501052187.5,-45.50792
4501053125.0,-45.50993
4501054062.5,-45.45979
4501055000.0,-45.49664
4501055937.5,-45.48626
4501056875.0,-45.48899
4501057812.5,-45.47093
4501058750.0,-45.48627
4501059687.5,-45.49109
4501060625.0,-45.49236
4501061562.5,-45.48469
4501062500.0,-45.46827
4501063437.5,-45.47421
4501064375.0,-45.47184
4501065312.5,-45.45237
4501066250.0,-45.46656
4501067187.5,-45.51286
4501068125.0,-45.46048
4501069062.5,-45.42774
4501070000.0,-45.45922
4501070937.5,-45.48653
4501071875.0,-45.5129
4501072812.5,-45.47777
4501073750.0,-45.4293
4501074687.5,-45.46475
4501075625.0,-45.47124
4501076562.5,-45.46377
4501077500.0,-45.47594
4501078437.5,-45.44114
4501079375.0,-45.46058
4501080312.5,-45.46146
4501081250.0,-45.45424
4501082187.5,-45.45877
4501083125.0,-45.46657
4501084062.5,-45.45862
4501085000.0,-45.4846
4501085937.5,-45.42899
4501086875.0,-45.46012
4501087812.5,-45.4167
4501088750.0,-45.46241
4501089687.5,-45.46204
4501090625.0,-45.45493
4501091562.5,-45.43678
4501092500.0,-45.46218
4501093437.5,-45.43795
4501094375.0,-45.41327
4501095312.5,-45.45336
4501096250.0,-45.43524
4501097187.5,-45.43264
4501098125.0,-45.43047
4501099062.5,-45.41902
4501100000.0,-45.43867
4501100937.5,-45.45939
4501101875.0,-45.4343
4501102812.5,-45.43914
4501103750.0,-45.44456
4501104687.5,-45.40839
4501105625.0,-45.43925
4501106562.5,-45.43682
4501107500.0,-45.40241
4501108437.5,-45.42749
4501109375.0,-45.38572
4501110312.5,-45.42216
4501111250.0,-45.38433
4501112187.5,-45.43982
4501113125.0,-45.41693
4501114062.5,-45.41201
4501115000.0,-45.4129
4501115937.5,-45.40373
4501116875.0,-45.39659
4501117812.5,-45.4678
4501118750.0,-45.38943
4501119687.5,-45.39282
4501120625.0,-45.36795
4501121562.5,-45.39252
4501122500.0,-45.38365
4501123437.5,-45.38841
4501124375.0,-45.40082
4501125312.5,-45.40902
4501126250.0,-45.3709
4501127187.5,-45.36573
4501128125.0,-45.40328
4501129062.5,-45.40322
4501130000.0,-45.38449
4501130937.5,-45.38044
4501131875.0,-45.38336
4501132812.5,-45.37458
4501133750.0,-45.36542
4501134687.5,-45.38174
4501135625.0,-45.39839
4501136562.5,-45.4122
4501137500.0,-45.36401
4501138437.5,-45.41238
4501139375.0,-45.38833
4501140312.5,-45.39278
4501141250.0,-45.3607
4501142187.5,-45.3415
4501143125.0,-45.37316
4501144062.5,-45.37635
4501145000.0,-45.35471
4501145937.5,-45.35627
4501146875.0,-45.35481
4501147812.5,-45.37378
4501148750.0,-45.39408
4501149687.5,-45.36304
4501150625.0,-45.33237
4501151562.5,-45.36894
4501152500.0,-45.36629
4501153437.5,-45.31431
4501154375.0,-45.33176
4501155312.5,-45.36828
4501156250.0,-45.34682
4501157187.5,-45.38354
4501158125.0,-45.34614
4501159062.5,-45.36063
4501160000.0,-45.32729
4501160937.5,-45.35938
4501161875.0,-45.31247
4501162812.5,-45.3406
4501163750.0,-45.3268
4501164687.5,-45.36437
4501165625.0,-45.33736
4501166562.5,-45.32956
4501167500.0,-45.37836
4501168437.5,-45.3631
4501169375.0,-45.34875
4501170312.5,-45.36985
4501171250.0,-45.31713
4501172187.5,-45.34729
4501173125.0,-45.32763
4501174062.5,-45.29123
4501175000.0,-45.3256
4501175937.5,-45.3498
4501176875.0,-45.32383
4501177812.5,-45.29278
4501178750.0,-45.32458
4501179687.5,-45.30755
4501180625.0,-45.30817
4501181562.5,-45.32124
4501182500.0,-45.3518
4501183437.5,-45.31429
4501184375.0,-45.31786
4501185312.5,-45.33549
4501186250.0,-45.32874
4501187187.5,-45.30823
4501188125.0,-45.32481
4501189062.5,-45.30853
4501190000.0,-45.27609
4501190937.5,-45.30813
4501191875.0,-45.29561
4501192812.5,-45.28579
4501193750.0,-45.36869
4501194687.5,-45.29308
4501195625.0,-45.33047
4501196562.5,-45.29987
4501197500.0,-45.35553
4501198437.5,-45.28565
4501199375.0,-45.31621
4501200312.5,-45.28971
4501201250.0,-45.27877
4501202187.5,-45.2906
4501203125.0,-45.28862
4501204062.5,-45.27734
4501205000.0,-45.28126
4501205937.5,-45.28993
4501206875.0,-45.26408
4501207812.5,-45.28743
4501208750.0,-45.30261
4501209687.5,-45.26722
4501210625.0,-45.2933
4501211562.5,-45.25814
4501212500.0,-45.27433
4501213437.5,-45.30356
4501214375.0,-45.28348
4501215312.5,-45.28742
4501216250.0,-45.28466
4501217187.5,-45.26027
4501218125.0,-45.27386
4501219062.5,-45.23634
4501220000.0,-45.26619
4501220937.5,-45.27752
4501221875.0,-45.24088
4501222812.5,-45.25674
4501223750.0,-45.28238
4501224687.5,-45.28783
4501225625.0,-45.26142
4501226562.5,-45.25331
4501227500.0,-45.24346
4501228437.5,-45.25047
4501229375.0,-45.24143
4501230312.5,-45.26635
4501231250.0,-45.23014
4501232187.5,-45.26214
4501233125.0,-45.242
4501234062.5,-45.24813
4501235000.0,-45.25499
4501235937.5,-45.23884
4501236875.0,-45.2467
4501237812.5,-45.24902
4501238750.0,-45.23904
4501239687.5,-45.27702
4501240625.0,-45.2433
4501241562.5,-45.2407
4501242500.0,-45.26399
4501243437.5,-45.23758
4501244375.0,-45.2564
4501245312.5,-45.21807
4501246250.0,-45.23487
4501247187.5,-45.22998
4501248125.0,-45.22968
4501249062.5,-45.2413
4501250000.0,-45.21461
4501250937.5,-45.25669
4501251875.0,-45.22682
4501252812.5,-45.25176
4501253750.0,-45.18336
4501254687.5,-45.22742
4501255625.0,-45.20292
4501256562.5,-45.21441
4501257500.0,-45.23735
4501258437.5,-45.2042
4501259375.0,-45.17433
4501260312.5,-45.19815
4501261250.0,-45.25631
4501262187.5,-45.21642
4501263125.0,-45.24685
4501264062.5,-45.22419
4501265000.0,-45.22383
4501265937.5,-45.21413
4501266875.0,-45.1679
4501267812.5,-45.19939
4501268750.0,-45.19545
4501269687.5,-45.20832
4501270625.0,-45.2188
4501271562.5,-45.1769
4501272500.0,-45.1303
4501273437.5,-45.21777
4501274375.0,-45.20264
4501275312.5,-45.20805
4501276250.0,-45.18126
4501277187.5,-45.1798
4501278125.0,-45.19055
4501279062.5,-45.17729
4501280000.0,-45.18826
4501280937.5,-45.21392
4501281875.0,-45.21033
4501282812.5,-45.16888
4501283750.0,-45.16027
4501284687.5,-45.19143
4501285625.0,-45.16487
4501286562.5,-45.14228
4501287500.0,-45.20055
4501288437.5,-45.19192
4501289375.0,-45.15757
4501290312.5,-45.16137
4501291250.0,-45.18191
4501292187.5,-45.17746
4501293125.0,-45.17623
4501294062.5,-45.19179
4501295000.0,-45.15963
4501295937.5,-45.19474
4501296875.0,-45.16191
4501297812.5,-45.16517
4501298750.0,-45.18584
4501299687.5,-45.17135
4501300625.0,-45.14933
4501301562.5,-45.16201
4501302500.0,-45.14062
4501303437.5,-45.17156
4501304375.0,-45.17626
4501305312.5,-45.14658
4501306250.0,-45.14718
4501307187.5,-45.163
4501308125.0,-45.14398
4501309062.5,-45.15437
4501310000.0,-45.14744
4501310937.5,-45.15577
4501311875.0,-45.12436
4501312812.5,-45.1246
4501313750.0,-45.15015
4501314687.5,-45.14952
4501315625.0,-45.11628
4501316562.5,-45.15402
4501317500.0,-45.12556
4501318437.5,-45.12936
4501319375.0,-45.17422
4501320312.5,-45.14195
4501321250.0,-45.12588
4501322187.5,-45.14499
4501323125.0,-45.11637
4501324062.5,-45.14852
4501325000.0,-45.15344
4501325937.5,-45.07386
4501326875.0,-45.1079
4501327812.5,-45.0948
4501328750.0,-45.13788
4501329687.5,-45.13755
4501330625.0,-45.11457
4501331562.5,-45.12026
4501332500.0,-45.11901
4501333437.5,-45.11202
4501334375.0,-45.103
4501335312.5,-45.11104
4501336250.0,-45.11382
4501337187.5,-45.08909
4501338125.0,-45.12312
4501339062.5,-45.09886
4501340000.0,-45.14006
4501340937.5,-45.12024
4501341875.0,-45.10882
4501342812.5,-45.10832
4501343750.0,-45.12265
4501344687.5,-45.1012
4501345625.0,-45.05501
4501346562.5,-45.09627
4501347500.0,-45.11855
4501348437.5,-45.09454
4501349375.0,-45.08628
4501350312.5,-45.07961
4501351250.0,-45.08699
4501352187.5,-45.06082
4501353125.0,-45.05829
4501354062.5,-45.12254
4501355000.0,-45.09072
4501355937.5,-45.1076
4501356875.0,-45.08769
4501357812.5,-45.0667
4501358750.0,-45.09608
4501359687.5,-45.0733
4501360625.0,-45.09741
4501361562.5,-45.07198
4501362500.0,-45.07404
4501363437.5,-45.07611
4501364375.0,-45.05417
4501365312.5,-45.09426
4501366250.0,-45.08865
4501367187.5,-45.07168
4501368125.0,-45.07463
4501369062.5,-45.08142
4501370000.0,-45.09363
4501370937.5,-45.06709
4501371875.0,-45.07533
4501372812.5,-45.03635
4501373750.0,-45.04244
4501374687.5,-45.04609
4501375625.0,-45.04248
4501376562.5,-45.06302
4501377500.0,-45.05681
4501378437.5,-45.06986
4501379375.0,-45.08053
4501380312.5,-45.06486
4501381250.0,-45.0206
4501382187.5,-45.06818
4501383125.0,-45.02286
4501384062.5,-45.01577
4501385000.0,-45.0389
4501385937.5,-45.02101
4501386875.0,-45.06478
4501387812.5,-45.03028
4501388750.0,-45.03883
4501389687.5,-45.05025
4501390625.0,-45.05394
4501391562.5,-45.04428
4501392500.0,-45.03253
4501393437.5,-45.03126
4501394375.0,-45.0146
4501395312.5,-45.03202
4501396250.0,-45.04291
4501397187.5,-45.05478
4501398125.0,-45.01738
4501399062.5,-44.99138
4501400000.0,-45.00936
4501400937.5,-45.01348
4501401875.0,-45.00944
4501402812.5,-45.00486
4501403750.0,-45.01483
4501404687.5,-44.99862
4501405625.0,-45.03321
4501406562.5,-45.00006
4501407500.0,-45.01313
4501408437.5,-44.96255
4501409375.0,-45.02049
4501410312.5,-45.00935
4501411250.0,-45.00879
4501412187.5,-45.01399
4501413125.0,-45.02731
4501414062.5,-44.99604
4501415000.0,-45.02498
4501415937.5,-44.99429
4501416875.0,-45.00222
4501417812.5,-44.98591
4501418750.0,-45.0004
4501419687.5,-44.96719
4501420625.0,-44.99047
4501421562.5,-44.99752
4501422500.0,-44.97678
4501423437.5,-44.98345
4501424375.0,-45.01687
4501425312.5,-44.96257
4501426250.0,-44.96066
4501427187.5,-44.9843
4501428125.0,-44.98965
4501429062.5,-44.97809
4501430000.0,-44.96623
4501430937.5,-44.98034
4501431875.0,-44.99087
4501432812.5,-44.98898
4501433750.0,-44.96602
4501434687.5,-44.98097
4501435625.0,-44.95689
4501436562.5,-44.98251
4501437500.0,-44.96124
4501438437.5,-44.97291
4501439375.0,-44.92298
4501440312.5,-44.9445
4501441250.0,-44.95456
4501442187.5,-44.95934
4501443125.0,-44.95165
4501444062.5,-44.94864
4501445000.0,-44.97914
4501445937.5,-44.96543
4501446875.0,-44.96584
4501447812.5,-44.95636
4501448750.0,-44.9522
4501449687.5,-44.9314
4501450625.0,-44.95317
4501451562.5,-44.94399
4501452500.0,-44.94281
4501453437.5,-44.90461
4501454375.0,-44.94803
4501455312.5,-44.94735
4501456250.0,-44.96608
4501457187.5,-44.92654
4501458125.0,-45.00249
4501459062.5,-44.93351
4501460000.0,-44.96414
4501460937.5,-44.92433
4501461875.0,-44.91129
4501462812.5,-44.95603
4501463750.0,-44.9517
4501464687.5,-44.94751
4501465625.0,-44.93869
4501466562.5,-44.92252
4501467500.0,-44.92856
4501468437.5,-44.92124
4501469375.0,-44.94101
4501470312.5,-44.92924
4501471250.0,-44.93024
4501472187.5,-44.91051
4501473125.0,-44.89637
4501474062.5,-44.89528
4501475000.0,-44.91632
4501475937.5,-44.90641
4501476875.0,-44.87923
4501477812.5,-44.89818
4501478750.0,-44.89228
4501479687.5,-44.89637
4501480625.0,-44.8815
4501481562.5,-44.87171
4501482500.0,-44.90235
4501483437.5,-44.92957
4501484375.0,-44.93307
4501485312.5,-44.88684
4501486250.0,-44.92326
4501487187.5,-44.87929
4501488125.0,-44.92604
4501489062.5,-44.88297
4501490000.0,-44.91138
4501490937.5,-44.88197
4501491875.0,-44.88964
4501492812.5,-44.90284
4501493750.0,-44.88189
4501494687.5,-44.90887
4501495625.0,-44.9146
4501496562.5,-44.8998
4501497500.0,-44.82482
4501498437.5,-44.87937
4501499375.0,-44.88731
4501500312.5,-44.89737
4501501250.0,-44.89004
4501502187.5,-44.88089
4501503125.0,-44.84583
4501504062.5,-44.84866
4501505000.0,-44.87311
4501505937.5,-44.86498
4501506875.0,-44.83689
4501507812.5,-44.8758
4501508750.0,-44.88223
4501509687.5,-44.86828
4501510625.0,-44.87275
4501511562.5,-44.87269
4501512500.0,-44.87402
4501513437.5,-44.8394
4501514375.0,-44.88816
4501515312.5,-44.83549
4501516250.0,-44.89026
4501517187.5,-44.8489
4501518125.0,-44.85663
4501519062.5,-44.85581
4501520000.0,-44.86089
4501520937.5,-44.83453
4501521875.0,-44.8622
4501522812.5,-44.83505
4501523750.0,-44.8195
4501524687.5,-44.83305
4501525625.0,-44.86999
4501526562.5,-44.81137
4501527500.0,-44.82215
4501528437.5,-44.86604
4501529375.0,-44.83613
4501530312.5,-44.82376
4501531250.0,-44.83972
4501532187.5,-44.81369
4501533125.0,-44.82243
4501534062.5,-44.82782
4501535000.0,-44.82914
4501535937.5,-44.83554
4501536875.0,-44.82928
4501537812.5,-44.81585
4501538750.0,-44.82187
4501539687.5,-44.83408
4501540625.0,-44.83243
4501541562.5,-44.81998
4501542500.0,-44.82314
4501543437.5,-44.80539
4501544375.0,-44.83298
4501545312.5,-44.79476
4501546250.0,-44.81791
4501547187.5,-44.80246
4501548125.0,-44.82212
4501549062.5,-44.81873
4501550000.0,-44.77037
4501550937.5,-44.80865
4501551875.0,-44.77989
4501552812.5,-44.78305
4501553750.0,-44.83152
4501554687.5,-44.81334
4501555625.0,-44.81741
4501556562.5,-44.80352
4501557500.0,-44.80193
4501558437.5,-44.80649
4501559375.0,-44.78729
4501560312.5,-44.78569
4501561250.0,-44.79494
4501562187.5,-44.82351
4501563125.0,-44.7515
4501564062.5,-44.79937
4501565000.0,-44.76167
4501565937.5,-44.79906
4501566875.0,-44.8079
4501567812.5,-44.81164
4501568750.0,-44.75056
4501569687.5,-44.76766
4501570625.0,-44.78474
4501571562.5,-44.77237
4501572500.0,-44.75948
4501573437.5,-44.77805
4501574375.0,-44.77547
4501575312.5,-44.80414
4501576250.0,-44.74483
4501577187.5,-44.78488
4501578125.0,-44.76248
4501579062.5,-44.76578
4501580000.0,-44.77566
4501580937.5,-44.76654
4501581875.0,-44.74301
4501582812.5,-44.77409
4501583750.0,-44.77195
4501584687.5,-44.7654
4501585625.0,-44.73441
4501586562.5,-44.75801
4501587500.0,-44.76155
4501588437.5,-44.74833
4501589375.0,-44.76157
4501590312.5,-44.76696
4501591250.0,-44.73808
4501592187.5,-44.73664
4501593125.0,-44.77056
4501594062.5,-44.73158
4501595000.0,-44.72789
4501595937.5,-44.73603
4501596875.0,-44.73724
4501597812.5,-44.74615
4501598750.0,-44.74052
4501599687.5,-44.78004
4501600625.0,-44.75095
4501601562.5,-44.7281
4501602500.0,-44.71748
4501603437.5,-44.75304
4501604375.0,-44.71148
4501605312.5,-44.72381
4501606250.0,-44.76172
4501607187.5,-44.70258
4501608125.0,-44.73653
4501609062.5,-44.72715
4501610000.0,-44.73387
4501610937.5,-44.74031
4501611875.0,-44.71616
4501612812.5,-44.7258
4501613750.0,-44.75377
4501614687.5,-44.69683
4501615625.0,-44.70895
4501616562.5,-44.71303
4501617500.0,-44.71406
4501618437.5,-44.75528
4501619375.0,-44.70631
4501620312.5,-44.70781
4501621250.0,-44.69563
4501622187.5,-44.72886
4501623125.0,-44.68788
4501624062.5,-44.70499
4501625000.0,-44.72453
4501625937.5,-44.67942
4501626875.0,-44.70778
4501627812.5,-44.67239
4501628750.0,-44.70737
4501629687.5,-44.67569
4501630625.0,-44.69582
4501631562.5,-44.70227
4501632500.0,-44.71424
4501633437.5,-44.69087
4501634375.0,-44.68036
4501635312.5,-44.67103
4501636250.0,-44.69971
4501637187.5,-44.6788
4501638125.0,-44.69465
4501639062.5,-44.68297
4501640000.0,-44.71247
4501640937.5,-44.67157
4501641875.0,-44.68809
4501642812.5,-44.67823
4501643750.0,-44.65933
4501644687.5,-44.65612
4501645625.0,-44.65961
4501646562.5,-44.67576
4501647500.0,-44.689
4501648437.5,-44.69333
4501649375.0,-44.6235
4501650312.5,-44.65082
4501651250.0,-44.65789
4501652187.5,-44.67968
4501653125.0,-44.67014
4501654062.5,-44.67447
4501655000.0,-44.66325
4501655937.5,-44.65481
4501656875.0,-44.63815
4501657812.5,-44.6997
4501658750.0,-44.62897
4501659687.5,-44.66214
4501660625.0,-44.64984
4501661562.5,-44.62014
4501662500.0,-44.67092
4501663437.5,-44.63747
4501664375.0,-44.64716
4501665312.5,-44.65718
4501666250.0,-44.60913
4501667187.5,-44.64992
4501668125.0,-44.67931
4501669062.5,-44.64721
4501670000.0,-44.64656
4501670937.5,-44.60696
4501671875.0,-44.60362
4501672812.5,-44.62864
4501673750.0,-44.61183
4501674687.5,-44.61272
4501675625.0,-44.6264
4501676562.5,-44.63111
4501677500.0,-44.59912
4501678437.5,-44.62272
4501679375.0,-44.62786
4501680312.5,-44.65694
4501681250.0,-44.59339
4501682187.5,-44.63684
4501683125.0,-44.61158
4501684062.5,-44.62221
4501685000.0,-44.60839
4501685937.5,-44.64252
4501686875.0,-44.57977
4501687812.5,-44.60704
4501688750.0,-44.59668
4501689687.5,-44.62153
4501690625.0,-44.62997
4501691562.5,-44.60991
4501692500.0,-44.61807
4501693437.5,-44.60294
4501694375.0,-44.55247
4501695312.5,-44.61162
4501696250.0,-44.61152
4501697187.5,-44.5886
4501698125.0,-44.56093
4501699062.5,-44.58876
4501700000.0,-44.58418
4501700937.5,-44.61374
4501701875.0,-44.59089
4501702812.5,-44.57709
4501703750.0,-44.57523
4501704687.5,-44.52925
4501705625.0,-44.56245
4501706562.5,-44.57014
4501707500.0,-44.53529
4501708437.5,-44.5854
4501709375.0,-44.57163
4501710312.5,-44.58706
4501711250.0,-44.57907
4501712187.5,-44.57636
4501713125.0,-44.57766
4501714062.5,-44.55085
4501715000.0,-44.56936
4501715937.5,-44.57264
4501716875.0,-44.55877
4501717812.5,-44.56089
4501718750.0,-44.59183
4501719687.5,-44.54956
4501720625.0,-44.53215
4501721562.5,-44.57301
4501722500.0,-44.59161
4501723437.5,-44.54564
4501724375.0,-44.5691
4501725312.5,-44.55882
4501726250.0,-44.53782
4501727187.5,-44.56164
4501728125.0,-44.5222
4501729062.5,-44.52775
4501730000.0,-44.56334
4501730937.5,-44.54731
4501731875.0,-44.56191
4501732812.5,-44.55925
4501733750.0,-44.56676
4501734687.5,-44.55181
4501735625.0,-44.53502
4501736562.5,-44.51873
4501737500.0,-44.54648
4501738437.5,-44.51413
4501739375.0,-44.52413
4501740312.5,-44.52139
4501741250.0,-44.52383
4501742187.5,-44.52675
4501743125.0,-44.54065
4501744062.5,-44.49813
4501745000.0,-44.51566
4501745937.5,-44.50951
4501746875.0,-44.49058
4501747812.5,-44.53033
4501748750.0,-44.51326
4501749687.5,-44.48684
4501750625.0,-44.50076
4501751562.5,-44.54255
4501752500.0,-44.49398
4501753437.5,-44.49559
4501754375.0,-44.51358
4501755312.5,-44.53341
4501756250.0,-44.53501
4501757187.5,-44.47562
4501758125.0,-44.48356
4501759062.5,-44.49775
4501760000.0,-44.50362
4501760937.5,-44.50008
4501761875.0,-44.50301
4501762812.5,-44.48678
4501763750.0,-44.50107
4501764687.5,-44.4994
4501765625.0,-44.44936
4501766562.5,-44.5027
4501767500.0,-44.48354
4501768437.5,-44.48868
4501769375.0,-44.48524
4501770312.5,-44.50319
4501771250.0,-44.47794
4501772187.5,-44.48698
4501773125.0,-44.50801
4501774062.5,-44.46791
4501775000.0,-44.47765
4501775937.5,-44.48145
4501776875.0,-44.47552
4501777812.5,-44.48102
4501778750.0,-44.46427
4501779687.5,-44.47052
4501780625.0,-44.44303
4501781562.5,-44.48953
4501782500.0,-44.45937
4501783437.5,-44.48316
4501784375.0,-44.46689
4501785312.5,-44.4571
4501786250.0,-44.43058
4501787187.5,-44.43983
4501788125.0,-44.44117
4501789062.5,-44.4743
4501790000.0,-44.45456
4501790937.5,-44.42319
4501791875.0,-44.44128
4501792812.5,-44.45348
4501793750.0,-44.42425
4501794687.5,-44.44493
4501795625.0,-44.43776
4501796562.5,-44.435
4501797500.0,-44.41087
4501798437.5,-44.43174
4501799375.0,-44.4386
4501800312.5,-44.4394
4501801250.0,-44.42025
4501802187.5,-44.4332
4501803125.0,-44.41962
4501804062.5,-44.40795
4501805000.0,-44.44712
4501805937.5,-44.41119
4501806875.0,-44.41196
4501807812.5,-44.42231
4501808750.0,-44.38288
4501809687.5,-44.44575
4501810625.0,-44.41227
4501811562.5,-44.41618
4501812500.0,-44.42067
4501813437.5,-44.45969
4501814375.0,-44.41121
4501815312.5,-44.41862
4501816250.0,-44.43924
4501817187.5,-44.38403
4501818125.0,-44.40096
4501819062.5,-44.40322
4501820000.0,-44.3935
4501820937.5,-44.3994
4501821875.0,-44.40515
4501822812.5,-44.41156
4501823750.0,-44.40297
4501824687.5,-44.38414
4501825625.0,-44.38768
4501826562.5,-44.39071
4501827500.0,-44.40678
4501828437.5,-44.3822
4501829375.0,-44.41415
4501830312.5,-44.4054
4501831250.0,-44.39671
4501832187.5,-44.4117
4501833125.0,-44.39376
4501834062.5,-44.38467
4501835000.0,-44.39865
4501835937.5,-44.3806
4501836875.0,-44.39798
4501837812.5,-44.3909
4501838750.0,-44.38772
4501839687.5,-44.37783
4501840625.0,-44.38089
4501841562.5,-44.39122
4501842500.0,-44.37149
4501843437.5,-44.35801
4501844375.0,-44.34842
4501845312.5,-44.37015
4501846250.0,-44.35911
4501847187.5,-44.37663
4501848125.0,-44.37474
4501849062.5,-44.35295
4501850000.0,-44.38725
4501850937.5,-44.39117
4501851875.0,-44.34165
4501852812.5,-44.38421
4501853750.0,-44.35853
4501854687.5,-44.33198
4501855625.0,-44.36824
4501856562.5,-44.34595
4501857500.0,-44.36024
4501858437.5,-44.3647
4501859375.0,-44.38448
4501860312.5,-44.35159
4501861250.0,-44.35141
4501862187.5,-44.36658
4501863125.0,-44.34453
4501864062.5,-44.34199
4501865000.0,-44.33726
4501865937.5,-44.36395
4501866875.0,-44.33693
4501867812.5,-44.33906
4501868750.0,-44.36219
4501869687.5,-44.34283
4501870625.0,-44.3289
4501871562.5,-44.31614
4501872500.0,-44.33561
4501873437.5,-44.35222
4501874375.0,-44.30556
4501875312.5,-44.31635
4501876250.0,-44.31052
4501877187.5,-44.32951
4501878125.0,-44.31096
4501879062.5,-44.29843
4501880000.0,-44.32447
4501880937.5,-44.32943
4501881875.0,-44.30157
4501882812.5,-44.3075
4501883750.0,-44.32077
4501884687.5,-44.32166
4501885625.0,-44.29406
4501886562.5,-44.29014
4501887500.0,-44.32057
4501888437.5,-44.3111
4501889375.0,-44.29564
4501890312.5,-44.29517
4501891250.0,-44.32814
4501892187.5,-44.3187
4501893125.0,-44.30619
4501894062.5,-44.30939
4501895000.0,-44.28342
4501895937.5,-44.31253
4501896875.0,-44.30272
4501897812.5,-44.29486
4501898750.0,-44.27385
4501899687.5,-44.27733
4501900625.0,-44.26204
4501901562.5,-44.29194
4501902500.0,-44.29132
4501903437.5,-44.2781
4501904375.0,-44.26815
4501905312.5,-44.25457
4501906250.0,-44.30062
4501907187.5,-44.26989
4501908125.0,-44.27685
4501909062.5,-44.28017
4501910000.0,-44.28022
4501910937.5,-44.28672
4501911875.0,-44.26341
4501912812.5,-44.26987
4501913750.0,-44.2534
4501914687.5,-44.27401
4501915625.0,-44.24406
4501916562.5,-44.24999
4501917500.0,-44.26092
4501918437.5,-44.25836
4501919375.0,-44.24947
4501920312.5,-44.24384
4501921250.0,-44.26152
4501922187.5,-44.2394
4501923125.0,-44.24715
4501924062.5,-44.22179
4501925000.0,-44.25883
4501925937.5,-44.23658
4501926875.0,-44.23699
4501927812.5,-44.23468
4501928750.0,-44.24605
4501929687.5,-44.25307
4501930625.0,-44.2243
4501931562.5,-44.24708
4501932500.0,-44.21309
4501933437.5,-44.2137
4501934375.0,-44.23914
4501935312.5,-44.24142
4501936250.0,-44.20509
4501937187.5,-44.21888
4501938125.0,-44.2031
4501939062.5,-44.23062
4501940000.0,-44.22909
4501940937.5,-44.22997
4501941875.0,-44.24551
4501942812.5,-44.23133
4501943750.0,-44.20743
4501944687.5,-44.22335
4501945625.0,-44.23358
4501946562.5,-44.21189
4501947500.0,-44.18645
4501948437.5,-44.21229
4501949375.0,-44.18644
4501950312.5,-44.21775
4501951250.0,-44.20492
4501952187.5,-44.20869
4501953125.0,-44.20051
4501954062.5,-44.19697
4501955000.0,-44.24429
4501955937.5,-44.19997
4501956875.0,-44.18451
4501957812.5,-44.1731
4501958750.0,-44.20174
4501959687.5,-44.20023
4501960625.0,-44.18399
4501961562.5,-44.1948
4501962500.0,-44.17435
4501963437.5,-44.18794
4501964375.0,-44.19724
4501965312.5,-44.17384
4501966250.0,-44.17083
4501967187.5,-44.19035
4501968125.0,-44.1746
4501969062.5,-44.20198
4501970000.0,-44.19684
4501970937.5,-44.18333
4501971875.0,-44.16893
4501972812.5,-44.19291
4501973750.0,-44.17269
4501974687.5,-44.17361
4501975625.0,-44.16599
4501976562.5,-44.17744
4501977500.0,-44.15427
4501978437.5,-44.14369
4501979375.0,-44.13286
4501980312.5,-44.15756
4501981250.0,-44.14344
4501982187.5,-44.15756
4501983125.0,-44.15987
4501984062.5,-44.12893
4501985000.0,-44.15356
4501985937.5,-44.12673
4501986875.0,-44.14869
4501987812.5,-44.13769
4501988750.0,-44.17485
4501989687.5,-44.11922
4501990625.0,-44.16105
4501991562.5,-44.14325
4501992500.0,-44.13952
4501993437.5,-44.15281
4501994375.0,-44.12211
4501995312.5,-44.15076
4501996250.0,-44.14614
4501997187.5,-44.14087
4501998125.0,-44.12802
4501999062.5,-44.13225
4502000000.0,-44.12158
4502000937.5,-44.13561
4502001875.0,-44.12929
4502002812.5,-44.12917
4502003750.0,-44.13559
4502004687.5,-44.13964
4502005625.0,-44.13385
4502006562.5,-44.1296
4502007500.0,-44.12435
4502008437.5,-44.12167
4502009375.0,-44.12803
4502010312.5,-44.08447
4502011250.0,-44.12916
4502012187.5,-44.11201
4502013125.0,-44.1051
4502014062.5,-44.13902
4502015000.0,-44.1007
4502015937.5,-44.09746
4502016875.0,-44.12093
4502017812.5,-44.12018
4502018750.0,-44.10732
4502019687.5,-44.09468
4502020625.0,-44.0898
4502021562.5,-44.10697
4502022500.0,-44.05802
4502023437.5,-44.11106
4502024375.0,-44.10493
4502025312.5,-44.08201
4502026250.0,-44.07944
4502027187.5,-44.08463
4502028125.0,-44.0949
4502029062.5,-44.10165
4502030000.0,-44.09565
4502030937.5,-44.08743
4502031875.0,-44.0882
4502032812.5,-44.09752
4502033750.0,-44.07904
4502034687.5,-44.10042
4502035625.0,-44.08156
4502036562.5,-44.07872
4502037500.0,-44.09967
4502038437.5,-44.1002
4502039375.0,-44.07717
4502040312.5,-44.08482
4502041250.0,-44.07829
4502042187.5,-44.06903
4502043125.0,-44.07072
4502044062.5,-44.06652
4502045000.0,-44.06265
4502045937.5,-44.07532
4502046875.0,-44.05095
4502047812.5,-44.05226
4502048750.0,-44.05145
4502049687.5,-44.07454
4502050625.0,-44.03799
4502051562.5,-44.07287
4502052500.0,-44.06451
4502053437.5,-44.04372
4502054375.0,-44.01492
4502055312.5,-44.02592
4502056250.0,-44.05323
4502057187.5,-44.03212
4502058125.0,-44.05335
4502059062.5,-44.06039
4502060000.0,-44.04305
4502060937.5,-44.03755
4502061875.0,-44.04365
4502062812.5,-44.02787
4502063750.0,-44.01861
4502064687.5,-44.02695
4502065625.0,-44.03533
4502066562.5,-43.99109
4502067500.0,-44.01818
4502068437.5,-44.00809
4502069375.0,-44.01056
4502070312.5,-44.04078
4502071250.0,-44.02839
4502072187.5,-44.02792
4502073125.0,-44.05256
4502074062.5,-44.02004
4502075000.0,-44.01597
4502075937.5,-44.01522
4502076875.0,-44.01242
4502077812.5,-44.02775
4502078750.0,-44.00164
4502079687.5,-44.01935
4502080625.0,-44.01288
4502081562.5,-43.99302
4502082500.0,-44.02615
4502083437.5,-44.01237
4502084375.0,-43.98498
4502085312.5,-44.00023
4502086250.0,-43.96687
4502087187.5,-43.97395
4502088125.0,-44.01757
4502089062.5,-43.98815
4502090000.0,-44.00616
4502090937.5,-43.97211
4502091875.0,-43.98248
4502092812.5,-43.991
4502093750.0,-43.97006
4502094687.5,-43.99174
4502095625.0,-43.99257
4502096562.5,-43.97933
4502097500.0,-44.0023
4502098437.5,-43.99186
4502099375.0,-43.96035
4502100312.5,-43.97512
4502101250.0,-43.96009
4502102187.5,-43.98709
4502103125.0,-43.96244
4502104062.5,-43.9527
4502105000.0,-43.93917
4502105937.5,-43.94861
4502106875.0,-43.96662
4502107812.5,-43.9588
4502108750.0,-43.97793
4502109687.5,-43.96738
4502110625.0,-43.95937
4502111562.5,-43.95789
4502112500.0,-43.95832
4502113437.5,-43.96497
4502114375.0,-43.95314
4502115312.5,-43.94614
4502116250.0,-43.96247
4502117187.5,-43.92791
4502118125.0,-43.93699
4502119062.5,-43.93462
4502120000.0,-43.91575
4502120937.5,-43.90665
4502121875.0,-43.93553
4502122812.5,-43.94035
4502123750.0,-43.92616
4502124687.5,-43.92178
4502125625.0,-43.92252
4502126562.5,-43.96902
4502127500.0,-43.94315
4502128437.5,-43.93115
4502129375.0,-43.92979
4502130312.5,-43.93102
4502131250.0,-43.92502
4502132187.5,-43.90305
4502133125.0,-43.91265
4502134062.5,-43.90386
4502135000.0,-43.89774
4502135937.5,-43.93039
4502136875.0,-43.94158
4502137812.5,-43.90852
4502138750.0,-43.9147
4502139687.5,-43.93707
4502140625.0,-43.90156
4502141562.5,-43.92546
4502142500.0,-43.93888
4502143437.5,-43.92031
4502144375.0,-43.88527
4502145312.5,-43.92831
4502146250.0,-43.90778
4502147187.5,-43.90391
4502148125.0,-43.89335
4502149062.5,-43.91354
4502150000.0,-43.90329
4502150937.5,-43.89542
4502151875.0,-43.884
4502152812.5,-43.88891
4502153750.0,-43.91446
4502154687.5,-43.88002
4502155625.0,-43.88294
4502156562.5,-43.91152
4502157500.0,-43.87318
4502158437.5,-43.89869
4502159375.0,-43.88768
4502160312.5,-43.89445
4502161250.0,-43.85609
4502162187.5,-43.86284
4502163125.0,-43.8798
4502164062.5,-43.88418
4502165000.0,-43.87341
4502165937.5,-43.88477
4502166875.0,-43.86497
4502167812.5,-43.85131
4502168750.0,-43.89129
4502169687.5,-43.83842
4502170625.0,-43.83863
4502171562.5,-43.85376
4502172500.0,-43.85978
4502173437.5,-43.87402
4502174375.0,-43.87433
4502175312.5,-43.85634
4502176250.0,-43.87431
4502177187.5,-43.86038
4502178125.0,-43.84485
4502179062.5,-43.8168
4502180000.0,-43.8885
4502180937.5,-43.84121
4502181875.0,-43.83776
4502182812.5,-43.82659
4502183750.0,-43.86085
4502184687.5,-43.82777
4502185625.0,-43.81797
4502186562.5,-43.83774
4502187500.0,-43.84382
4502188437.5,-43.82643
4502189375.0,-43.80753
4502190312.5,-43.8612
4502191250.0,-43.84606
4502192187.5,-43.80753
4502193125.0,-43.8151
4502194062.5,-43.85051
4502195000.0,-43.80328
4502195937.5,-43.81937
4502196875.0,-43.82853
4502197812.5,-43.81422
4502198750.0,-43.83067
4502199687.5,-43.82178
4502200625.0,-43.82723
4502201562.5,-43.7877
4502202500.0,-43.81783
4502203437.5,-43.78368
4502204375.0,-43.7841
4502205312.5,-43.79731
4502206250.0,-43.80614
4502207187.5,-43.80264
4502208125.0,-43.81118
4502209062.5,-43.81173
4502210000.0,-43.79564
4502210937.5,-43.78178
4502211875.0,-43.80353
4502212812.5,-43.80069
4502213750.0,-43.79247
4502214687.5,-43.7821
4502215625.0,-43.78294
4502216562.5,-43.79072
4502217500.0,-43.77467
4502218437.5,-43.79141
4502219375.0,-43.79241
4502220312.5,-43.76963
4502221250.0,-43.80529
4502222187.5,-43.78107
4502223125.0,-43.78314
4502224062.5,-43.78263
4502225000.0,-43.75868
4502225937.5,-43.7673
4502226875.0,-43.77003
4502227812.5,-43.7549
4502228750.0,-43.75665
4502229687.5,-43.71804
4502230625.0,-43.76434
4502231562.5,-43.74277
4502232500.0,-43.78574
4502233437.5,-43.77347
4502234375.0,-43.73907
4502235312.5,-43.75533
4502236250.0,-43.7733
4502237187.5,-43.77362
4502238125.0,-43.71979
4502239062.5,-43.77065
4502240000.0,-43.73966
4502240937.5,-43.73357
4502241875.0,-43.74587
4502242812.5,-43.75861
4502243750.0,-43.71474
4502244687.5,-43.73495
4502245625.0,-43.75208
4502246562.5,-43.72318
4502247500.0,-43.74846
4502248437.5,-43.69723
4502249375.0,-43.72965
4502250312.5,-43.71571
4502251250.0,-43.72031
4502252187.5,-43.72957
4502253125.0,-43.74168
4502254062.5,-43.74339
4502255000.0,-43.71033
4502255937.5,-43.72884
4502256875.0,-43.7309
4502257812.5,-43.70066
4502258750.0,-43.71923
4502259687.5,-43.71497
4502260625.0,-43.74614
4502261562.5,-43.72221
4502262500.0,-43.71308
4502263437.5,-43.70065
4502264375.0,-43.69518
4502265312.5,-43.66845
4502266250.0,-43.70406
4502267187.5,-43.68538
4502268125.0,-43.69176
4502269062.5,-43.68872
4502270000.0,-43.67993
4502270937.5,-43.70319
4502271875.0,-43.70079
4502272812.5,-43.68705
4502273750.0,-43.71434
4502274687.5,-43.70216
4502275625.0,-43.68237
4502276562.5,-43.68975
4502277500.0,-43.68671
4502278437.5,-43.70173
4502279375.0,-43.69189
4502280312.5,-43.6911
4502281250.0,-43.70172
4502282187.5,-43.68125
4502283125.0,-43.68231
4502284062.5,-43.69326
4502285000.0,-43.67596
4502285937.5,-43.67152
4502286875.0,-43.6834
4502287812.5,-43.662
4502288750.0,-43.6867
4502289687.5,-43.64656
4502290625.0,-43.68416
4502291562.5,-43.65694
4502292500.0,-43.65588
4502293437.5,-43.64464
4502294375.0,-43.66038
4502295312.5,-43.65327
4502296250.0,-43.62837
4502297187.5,-43.64249
4502298125.0,-43.64647
4502299062.5,-43.60632
4502300000.0,-43.64335
4502300937.5,-43.65275
4502301875.0,-43.67348
4502302812.5,-43.64914
4502303750.0,-43.63648
4502304687.5,-43.63032
4502305625.0,-43.66822
4502306562.5,-43.64427
4502307500.0,-43.62125
4502308437.5,-43.63055
4502309375.0,-43.66043
4502310312.5,-43.61549
4502311250.0,-43.66988
4502312187.5,-43.5881
4502313125.0,-43.61937
4502314062.5,-43.62175
4502315000.0,-43.6192
4502315937.5,-43.6253
4502316875.0,-43.60584
4502317812.5,-43.63197
4502318750.0,-43.61234
4502319687.5,-43.63177
4502320625.0,-43.62736
4502321562.5,-43.61513
4502322500.0,-43.62749
4502323437.5,-43.60411
4502324375.0,-43.60505
4502325312.5,-43.59655
4502326250.0,-43.62135
4502327187.5,-43.60369
4502328125.0,-43.59621
4502329062.5,-43.61207
4502330000.0,-43.61963
4502330937.5,-43.60292
4502331875.0,-43.58276
4502332812.5,-43.59962
4502333750.0,-43.61766
4502334687.5,-43.58149
4502335625.0,-43.57762
4502336562.5,-43.58799
4502337500.0,-43.57331
4502338437.5,-43.58516
4502339375.0,-43.5747
4502340312.5,-43.59871
4502341250.0,-43.5776
4502342187.5,-43.5841
4502343125.0,-43.60168
4502344062.5,-43.58156
4502345000.0,-43.55899
4502345937.5,-43.57336
4502346875.0,-43.56139
4502347812.5,-43.57395
4502348750.0,-43.54399
4502349687.5,-43.53791
4502350625.0,-43.54832
4502351562.5,-43.54218
4502352500.0,-43.56204
4502353437.5,-43.5755
4502354375.0,-43.56677
4502355312.5,-43.54968
4502356250.0,-43.55634
4502357187.5,-43.54472
4502358125.0,-43.57704
4502359062.5,-43.55646
4502360000.0,-43.53724
4502360937.5,-43.55367
4502361875.0,-43.55128
4502362812.5,-43.53261
4502363750.0,-43.53628
4502364687.5,-43.52327
4502365625.0,-43.55311
4502366562.5,-43.53509
4502367500.0,-43.52213
4502368437.5,-43.52361
4502369375.0,-43.53069
4502370312.5,-43.53779
4502371250.0,-43.55099
4502372187.5,-43.55724
4502373125.0,-43.51986
4502374062.5,-43.53628
4502375000.0,-43.51849
4502375937.5,-43.54715
4502376875.0,-43.51212
4502377812.5,-43.55562
4502378750.0,-43.50362
4502379687.5,-43.49632
4502380625.0,-43.54351
4502381562.5,-43.4979
4502382500.0,-43.49998
4502383437.5,-43.50663
4502384375.0,-43.50583
4502385312.5,-43.52836
4502386250.0,-43.47813
4502387187.5,-43.5208
4502388125.0,-43.47833
4502389062.5,-43.46249
4502390000.0,-43.49166
4502390937.5,-43.48507
4502391875.0,-43.47548
4502392812.5,-43.50716
4502393750.0,-43.49759
4502394687.5,-43.50205
4502395625.0,-43.46862
4502396562.5,-43.49767
4502397500.0,-43.48006
4502398437.5,-43.49102
4502399375.0,-43.46528
4502400312.5,-43.4861
4502401250.0,-43.51134
4502402187.5,-43.46104
4502403125.0,-43.46228
4502404062.5,-43.47158
4502405000.0,-43.45121
4502405937.5,-43.47578
4502406875.0,-43.47108
4502407812.5,-43.46944
4502408750.0,-43.4552
4502409687.5,-43.49723
4502410625.0,-43.45544
4502411562.5,-43.46051
4502412500.0,-43.45404
4502413437.5,-43.46884
4502414375.0,-43.44555
4502415312.5,-43.42755
4502416250.0,-43.4631
4502417187.5,-43.46364
4502418125.0,-43.44744
4502419062.5,-43.45346
4502420000.0,-43.4326
4502420937.5,-43.44084
4502421875.0,-43.41509
4502422812.5,-43.43788
4502423750.0,-43.43998
4502424687.5,-43.45416
4502425625.0,-43.43373
4502426562.5,-43.44879
4502427500.0,-43.43666
4502428437.5,-43.42614
4502429375.0,-43.45644
4502430312.5,-43.41214
4502431250.0,-43.42252
4502432187.5,-43.44424
4502433125.0,-43.39716
4502434062.5,-43.43016
4502435000.0,-43.44625
4502435937.5,-43.41814
4502436875.0,-43.42629
4502437812.5,-43.4343
4502438750.0,-43.39493
4502439687.5,-43.40649
4502440625.0,-43.41756
4502441562.5,-43.40876
4502442500.0,-43.41295
4502443437.5,-43.41929
4502444375.0,-43.40113
4502445312.5,-43.41837
4502446250.0,-43.36429
4502447187.5,-43.40761
4502448125.0,-43.42325
4502449062.5,-43.39675
4502450000.0,-43.42328
4502450937.5,-43.37061
4502451875.0,-43.38039
4502452812.5,-43.38823
4502453750.0,-43.39796
4502454687.5,-43.3842
4502455625.0,-43.37133
4502456562.5,-43.37727
4502457500.0,-43.36862
4502458437.5,-43.36181
4502459375.0,-43.35294
4502460312.5,-43.37318
4502461250.0,-43.38633
4502462187.5,-43.38419
4502463125.0,-43.3796
4502464062.5,-43.35538
4502465000.0,-43.37259
4502465937.5,-43.35128
4502466875.0,-43.36383
4502467812.5,-43.38836
4502468750.0,-43.37246
4502469687.5,-43.34185
4502470625.0,-43.36821
4502471562.5,-43.36355
4502472500.0,-43.36038
4502473437.5,-43.36979
4502474375.0,-43.33125
4502475312.5,-43.3494
4502476250.0,-43.36095
4502477187.5,-43.32656
4502478125.0,-43.35833
4502479062.5,-43.35476
4502480000.0,-43.34776
4502480937.5,-43.36131
4502481875.0,-43.32195
4502482812.5,-43.34605
4502483750.0,-43.34228
4502484687.5,-43.33529
4502485625.0,-43.31863
4502486562.5,-43.35304
4502487500.0,-43.31654
4502488437.5,-43.32503
4502489375.0,-43.32811
4502490312.5,-43.33247
4502491250.0,-43.33318
4502492187.5,-43.31243
4502493125.0,-43.3386
4502494062.5,-43.32679
4502495000.0,-43.30857
4502495937.5,-43.31731
4502496875.0,-43.31519
4502497812.5,-43.27903
4502498750.0,-43.2852
4502499687.5,-43.27259
4502500625.0,-43.31034
4502501562.5,-43.30325
4502502500.0,-43.30712
4502503437.5,-43.31403
4502504375.0,-43.29519
4502505312.5,-43.28444
4502506250.0,-43.30329
4502507187.5,-43.29207
4502508125.0,-43.27518
4502509062.5,-43.26287
4502510000.0,-43.28343
4502510937.5,-43.2907
4502511875.0,-43.29318
4502512812.5,-43.28384
4502513750.0,-43.27829
4502514687.5,-43.27866
4502515625.0,-43.27578
4502516562.5,-43.26449
4502517500.0,-43.26289
4502518437.5,-43.28151
4502519375.0,-43.26687
4502520312.5,-43.25986
4502521250.0,-43.26989
4502522187.5,-43.25693
4502523125.0,-43.2718
4502524062.5,-43.25569
4502525000.0,-43.26442
4502525937.5,-43.28084
4502526875.0,-43.26699
4502527812.5,-43.26894
4502528750.0,-43.26017
4502529687.5,-43.28736
4502530625.0,-43.23751
4502531562.5,-43.25743
4502532500.0,-43.23956
4502533437.5,-43.25018
4502534375.0,-43.24388
4502535312.5,-43.2504
4502536250.0,-43.22606
4502537187.5,-43.24562
4502538125.0,-43.24703
4502539062.5,-43.25133
4502540000.0,-43.25682
4502540937.5,-43.23507
4502541875.0,-43.25216
4502542812.5,-43.25236
4502543750.0,-43.21688
4502544687.5,-43.25018
4502545625.0,-43.21324
4502546562.5,-43.21285
4502547500.0,-43.2221
4502548437.5,-43.2299
4502549375.0,-43.26351
4502550312.5,-43.22574
4502551250.0,-43.22898
4502552187.5,-43.23331
4502553125.0,-43.24147
4502554062.5,-43.23013
4502555000.0,-43.21151
4502555937.5,-43.22194
4502556875.0,-43.2099
4502557812.5,-43.20451
4502558750.0,-43.19682
4502559687.5,-43.21809
4502560625.0,-43.2104
4502561562.5,-43.20353
4502562500.0,-43.16499
4502563437.5,-43.19655
4502564375.0,-43.18711
4502565312.5,-43.18073
4502566250.0,-43.18779
4502567187.5,-43.19268
4502568125.0,-43.18515
4502569062.5,-43.17884
4502570000.0,-43.18638
4502570937.5,-43.17136
4502571875.0,-43.17455
4502572812.5,-43.19778
4502573750.0,-43.20378
4502574687.5,-43.17721
4502575625.0,-43.1759
4502576562.5,-43.17554
4502577500.0,-43.16816
4502578437.5,-43.14846
4502579375.0,-43.16936
4502580312.5,-43.17962
4502581250.0,-43.19246
4502582187.5,-43.14834
4502583125.0,-43.15387
4502584062.5,-43.16122
4502585000.0,-43.1534
4502585937.5,-43.17891
4502586875.0,-43.14758
4502587812.5,-43.15657
4502588750.0,-43.15965
4502589687.5,-43.15377
4502590625.0,-43.13388
4502591562.5,-43.1438
4502592500.0,-43.13456
4502593437.5,-43.14273
4502594375.0,-43.14912
4502595312.5,-43.13737
4502596250.0,-43.12776
4502597187.5,-43.11526
4502598125.0,-43.14089
4502599062.5,-43.13378
4502600000.0,-43.15624
4502600937.5,-43.12486
4502601875.0,-43.11983
4502602812.5,-43.12841
4502603750.0,-43.12613
4502604687.5,-43.10983
4502605625.0,-43.11139
4502606562.5,-43.14311
4502607500.0,-43.1289
4502608437.5,-43.13479
4502609375.0,-43.12604
4502610312.5,-43.1246
4502611250.0,-43.10854
4502612187.5,-43.12839
4502613125.0,-43.12045
4502614062.5,-43.10193
4502615000.0,-43.09837
4502615937.5,-43.08775
4502616875.0,-43.09893
4502617812.5,-43.09385
4502618750.0,-43.11529
4502619687.5,-43.0986
4502620625.0,-43.064
4502621562.5,-43.09981
4502622500.0,-43.09085
4502623437.5,-43.05777
4502624375.0,-43.11278
4502625312.5,-43.08042
4502626250.0,-43.08377
4502627187.5,-43.07317
4502628125.0,-43.05883
4502629062.5,-43.07378
4502630000.0,-43.0813
4502630937.5,-43.07577
4502631875.0,-43.04491
4502632812.5,-43.07565
4502633750.0,-43.07157
4502634687.5,-43.0786
4502635625.0,-43.07052
4502636562.5,-43.05425
4502637500.0,-43.04321
4502638437.5,-43.07465
4502639375.0,-43.07909
4502640312.5,-43.07034
4502641250.0,-43.03916
4502642187.5,-43.03815
4502643125.0,-43.04338
4502644062.5,-43.05789
4502645000.0,-43.07033
4502645937.5,-43.04044
4502646875.0,-43.05843
4502647812.5,-43.053
4502648750.0,-43.07959
4502649687.5,-43.0281
4502650625.0,-43.02385
4502651562.5,-43.0406
4502652500.0,-43.03669
4502653437.5,-43.04804
4502654375.0,-43.0435
4502655312.5,-43.03521
4502656250.0,-43.03879
4502657187.5,-43.03916
4502658125.0,-43.05215
4502659062.5,-42.99664
4502660000.0,-43.02233
4502660937.5,-43.0373
4502661875.0,-43.01166
4502662812.5,-43.01492
4502663750.0,-43.02412
4502664687.5,-43.00956
4502665625.0,-43.04419
4502666562.5,-43.02604
4502667500.0,-42.99393
4502668437.5,-43.01495
4502669375.0,-42.99479
4502670312.5,-43.01141
4502671250.0,-43.01376
4502672187.5,-43.00095
4502673125.0,-42.99678
4502674062.5,-43.00999
4502675000.0,-42.98756
4502675937.5,-42.99547
4502676875.0,-43.00044
4502677812.5,-43.00471
4502678750.0,-43.00568
4502679687.5,-42.98472
4502680625.0,-43.01048
4502681562.5,-42.98657
4502682500.0,-42.99146
4502683437.5,-42.96183
4502684375.0,-42.98615
4502685312.5,-42.9477
4502686250.0,-42.97699
4502687187.5,-42.95721
4502688125.0,-42.97035
4502689062.5,-42.97149
4502690000.0,-42.97846
4502690937.5,-42.98196
4502691875.0,-42.97467
4502692812.5,-42.98098
4502693750.0,-42.95537
4502694687.5,-42.96166
4502695625.0,-42.95054
4502696562.5,-42.9538
4502697500.0,-42.9781
4502698437.5,-42.97176
4502699375.0,-42.95011
4502700312.5,-42.95872
4502701250.0,-42.96105
4502702187.5,-42.94848
4502703125.0,-42.96228
4502704062.5,-42.95784
4502705000.0,-42.95475
4502705937.5,-42.92337
4502706875.0,-42.95256
4502707812.5,-42.94072
4502708750.0,-42.94905
4502709687.5,-42.93024
4502710625.0,-42.94406
4502711562.5,-42.95412
4502712500.0,-42.95791
4502713437.5,-42.93768
4502714375.0,-42.92347
4502715312.5,-42.93933
4502716250.0,-42.93598
4502717187.5,-42.88998
4502718125.0,-42.92385
4502719062.5,-42.90617
4502720000.0,-42.93122
4502720937.5,-42.90546
4502721875.0,-42.91994
4502722812.5,-42.9336
4502723750.0,-42.89186
4502724687.5,-42.89646
4502725625.0,-42.90345
4502726562.5,-42.91123
4502727500.0,-42.89209
4502728437.5,-42.90584
4502729375.0,-42.91496
4502730312.5,-42.90758
4502731250.0,-42.88767
4502732187.5,-42.89502
4502733125.0,-42.89063
4502734062.5,-42.88531
4502735000.0,-42.90762
4502735937.5,-42.87345
4502736875.0,-42.88434
4502737812.5,-42.89874
4502738750.0,-42.86902
4502739687.5,-42.86783
4502740625.0,-42.86805
4502741562.5,-42.87934
4502742500.0,-42.90025
4502743437.5,-42.8931
4502744375.0,-42.86237
4502745312.5,-42.83342
4502746250.0,-42.86288
4502747187.5,-42.85389
4502748125.0,-42.85641
4502749062.5,-42.84429
4502750000.0,-42.86178
4502750937.5,-42.86481
4502751875.0,-42.87118
4502752812.5,-42.83831
4502753750.0,-42.85532
4502754687.5,-42.87024
4502755625.0,-42.85983
4502756562.5,-42.85928
4502757500.0,-42.8771
4502758437.5,-42.842
4502759375.0,-42.83747
4502760312.5,-42.85196
4502761250.0,-42.8603
4502762187.5,-42.83372
4502763125.0,-42.82965
4502764062.5,-42.83336
4502765000.0,-42.83944
4502765937.5,-42.83846
4502766875.0,-42.84436
4502767812.5,-42.83258
4502768750.0,-42.84109
4502769687.5,-42.82865
4502770625.0,-42.83044
4502771562.5,-42.84523
4502772500.0,-42.80363
4502773437.5,-42.80457
4502774375.0,-42.82033
4502775312.5,-42.81048
4502776250.0,-42.80435
4502777187.5,-42.80788
4502778125.0,-42.81559
4502779062.5,-42.81882
4502780000.0,-42.80928
4502780937.5,-42.82611
4502781875.0,-42.81009
4502782812.5,-42.81466
4502783750.0,-42.80247
4502784687.5,-42.81529
4502785625.0,-42.8084
4502786562.5,-42.78714
4502787500.0,-42.79813
4502788437.5,-42.78892
4502789375.0,-42.79855
4502790312.5,-42.78189
4502791250.0,-42.78216
4502792187.5,-42.79106
4502793125.0,-42.77632
4502794062.5,-42.78
4502795000.0,-42.79804
4502795937.5,-42.76962
4502796875.0,-42.76159
4502797812.5,-42.77206
4502798750.0,-42.77047
4502799687.5,-42.76099
4502800625.0,-42.77776
4502801562.5,-42.77302
4502802500.0,-42.76345
4502803437.5,-42.76119
4502804375.0,-42.76855
4502805312.5,-42.75076
4502806250.0,-42.7413
4502807187.5,-42.75497
4502808125.0,-42.76237
4502809062.5,-42.7564
4502810000.0,-42.7846
4502810937.5,-42.73345
4502811875.0,-42.74465
4502812812.5,-42.76852
4502813750.0,-42.74842
4502814687.5,-42.74979
4502815625.0,-42.74386
4502816562.5,-42.72636
4502817500.0,-42.74088
4502818437.5,-42.75142
4502819375.0,-42.74178
4502820312.5,-42.73184
4502821250.0,-42.72153
4502822187.5,-42.72411
4502823125.0,-42.73334
4502824062.5,-42.71405
4502825000.0,-42.73241
4502825937.5,-42.73626
4502826875.0,-42.72532
4502827812.5,-42.72315
4502828750.0,-42.71494
4502829687.5,-42.72508
4502830625.0,-42.69212
4502831562.5,-42.72065
4502832500.0,-42.68392
4502833437.5,-42.71433
4502834375.0,-42.70522
4502835312.5,-42.71038
4502836250.0,-42.68869
4502837187.5,-42.69231
4502838125.0,-42.71255
4502839062.5,-42.67655
4502840000.0,-42.70469
4502840937.5,-42.69335
4502841875.0,-42.67026
4502842812.5,-42.68605
4502843750.0,-42.67714
4502844687.5,-42.67342
4502845625.0,-42.67067
4502846562.5,-42.6959
4502847500.0,-42.69058
4502848437.5,-42.69898
4502849375.0,-42.67368
4502850312.5,-42.67288
4502851250.0,-42.6843
4502852187.5,-42.70356
4502853125.0,-42.64962
4502854062.5,-42.66724
4502855000.0,-42.69441
4502855937.5,-42.64726
4502856875.0,-42.68393
4502857812.5,-42.66539
4502858750.0,-42.66536
4502859687.5,-42.65694
4502860625.0,-42.6468
4502861562.5,-42.64801
4502862500.0,-42.65542
4502863437.5,-42.64986
4502864375.0,-42.62451
4502865312.5,-42.65096
4502866250.0,-42.65436
4502867187.5,-42.6602
4502868125.0,-42.64289
4502869062.5,-42.66093
4502870000.0,-42.653
4502870937.5,-42.65581
4502871875.0,-42.65598
4502872812.5,-42.63177
4502873750.0,-42.63405
4502874687.5,-42.62614
4502875625.0,-42.61859
4502876562.5,-42.61284
4502877500.0,-42.62333
4502878437.5,-42.60625
4502879375.0,-42.62735
4502880312.5,-42.61867
4502881250.0,-42.60611
4502882187.5,-42.631
4502883125.0,-42.62506
4502884062.5,-42.61746
4502885000.0,-42.64667
4502885937.5,-42.6223
4502886875.0,-42.60884
4502887812.5,-42.58595
4502888750.0,-42.6019
4502889687.5,-42.60852
4502890625.0,-42.6175
4502891562.5,-42.59806
4502892500.0,-42.56977
4502893437.5,-42.59698
4502894375.0,-42.59193
4502895312.5,-42.59612
4502896250.0,-42.58358
4502897187.5,-42.58891
4502898125.0,-42.58393
4502899062.5,-42.59461
4502900000.0,-42.55915
4502900937.5,-42.58681
4502901875.0,-42.56552
4502902812.5,-42.5569
4502903750.0,-42.56872
4502904687.5,-42.59016
4502905625.0,-42.57825
4502906562.5,-42.56263
4502907500.0,-42.55611
4502908437.5,-42.56441
4502909375.0,-42.57622
4502910312.5,-42.5476
4502911250.0,-42.55244
4502912187.5,-42.55752
4502913125.0,-42.56392
4502914062.5,-42.57196
4502915000.0,-42.56332
4502915937.5,-42.55921
4502916875.0,-42.55353
4502917812.5,-42.55151
4502918750.0,-42.56205
4502919687.5,-42.55217
4502920625.0,-42.56011
4502921562.5,-42.54909
4502922500.0,-42.5186
4502923437.5,-42.53413
4502924375.0,-42.54308
4502925312.5,-42.53181
4502926250.0,-42.56231
4502927187.5,-42.554
4502928125.0,-42.54665
4502929062.5,-42.54819
4502930000.0,-42.51807
4502930937.5,-42.54712
4502931875.0,-42.53014
4502932812.5,-42.50303
4502933750.0,-42.51878
4502934687.5,-42.52509
4502935625.0,-42.51012
4502936562.5,-42.49985
4502937500.0,-42.52465
4502938437.5,-42.52347
4502939375.0,-42.50432
4502940312.5,-42.49985
4502941250.0,-42.5092
4502942187.5,-42.50943
4502943125.0,-42.49329
4502944062.5,-42.50769
4502945000.0,-42.50944
4502945937.5,-42.49106
4502946875.0,-42.5104
4502947812.5,-42.4856
4502948750.0,-42.50137
4502949687.5,-42.50912
4502950625.0,-42.48011
4502951562.5,-42.50102
4502952500.0,-42.49093
4502953437.5,-42.48489
4502954375.0,-42.46548
4502955312.5,-42.46665
4502956250.0,-42.47993
4502957187.5,-42.46635
4502958125.0,-42.45696
4502959062.5,-42.46423
4502960000.0,-42.46114
4502960937.5,-42.46852
4502961875.0,-42.47102
4502962812.5,-42.48021
4502963750.0,-42.46808
4502964687.5,-42.43418
4502965625.0,-42.48466
4502966562.5,-42.46847
4502967500.0,-42.44748
4502968437.5,-42.42893
4502969375.0,-42.45907
4502970312.5,-42.45831
4502971250.0,-42.46834
4502972187.5,-42.44773
4502973125.0,-42.43281
4502974062.5,-42.4533
4502975000.0,-42.45665
4502975937.5,-42.45747
4502976875.0,-42.44889
4502977812.5,-42.44178
4502978750.0,-42.41722
4502979687.5,-42.44797
4502980625.0,-42.43708
4502981562.5,-42.42609
4502982500.0,-42.44459
4502983437.5,-42.43013
4502984375.0,-42.43765
4502985312.5,-42.43923
4502986250.0,-42.41719
4502987187.5,-42.40532
4502988125.0,-42.41557
4502989062.5,-42.41257
4502990000.0,-42.41591
4502990937.5,-42.41549
4502991875.0,-42.39792
4502992812.5,-42.40942
4502993750.0,-42.40298
4502994687.5,-42.40364
4502995625.0,-42.41217
4502996562.5,-42.41269
4502997500.0,-42.38325
4502998437.5,-42.37756
4502999375.0,-42.41973
4503000312.5,-42.37486
4503001250.0,-42.4035
4503002187.5,-42.39035
4503003125.0,-42.40765
4503004062.5,-42.39037
4503005000.0,-42.41081
4503005937.5,-42.38657
4503006875.0,-42.35915
4503007812.5,-42.37369
4503008750.0,-42.36337
4503009687.5,-42.38046
4503010625.0,-42.36921
4503011562.5,-42.37349
4503012500.0,-42.38499
4503013437.5,-42.36803
4503014375.0,-42.37203
4503015312.5,-42.37342
4503016250.0,-42.34889
4503017187.5,-42.37357
4503018125.0,-42.33534
4503019062.5,-42.36647
4503020000.0,-42.36634
4503020937.5,-42.3542
4503021875.0,-42.376
4503022812.5,-42.35123
4503023750.0,-42.33548
4503024687.5,-42.37989
4503025625.0,-42.31575
4503026562.5,-42.35227
4503027500.0,-42.33156
4503028437.5,-42.34587
4503029375.0,-42.33301
4503030312.5,-42.35016
4503031250.0,-42.30708
4503032187.5,-42.34066
4503033125.0,-42.33487
4503034062.5,-42.33075
4503035000.0,-42.32769
4503035937.5,-42.33732
4503036875.0,-42.30573
4503037812.5,-42.31461
4503038750.0,-42.3474
4503039687.5,-42.31563
4503040625.0,-42.30103
4503041562.5,-42.33248
4503042500.0,-42.31249
4503043437.5,-42.2967
4503044375.0,-42.30869
4503045312.5,-42.28082
4503046250.0,-42.28389
4503047187.5,-42.29266
4503048125.0,-42.3147
4503049062.5,-42.30524
4503050000.0,-42.30069
4503050937.5,-42.28403
4503051875.0,-42.26748
4503052812.5,-42.28401
4503053750.0,-42.28925
4503054687.5,-42.29357
4503055625.0,-42.27242
4503056562.5,-42.27929
4503057500.0,-42.27105
4503058437.5,-42.28561
4503059375.0,-42.26298
4503060312.5,-42.28501
4503061250.0,-42.28429
4503062187.5,-42.26796
4503063125.0,-42.26663
4503064062.5,-42.27551
4503065000.0,-42.25287
4503065937.5,-42.2629
4503066875.0,-42.26091
4503067812.5,-42.24568
4503068750.0,-42.25197
4503069687.5,-42.259
4503070625.0,-42.24669
4503071562.5,-42.26576
4503072500.0,-42.27167
4503073437.5,-42.24549
4503074375.0,-42.2399
4503075312.5,-42.23451
4503076250.0,-42.2384
4503077187.5,-42.26817
4503078125.0,-42.23131
4503079062.5,-42.23696
4503080000.0,-42.22316
4503080937.5,-42.24003
4503081875.0,-42.21598
4503082812.5,-42.24723
4503083750.0,-42.20811
4503084687.5,-42.22396
4503085625.0,-42.228
4503086562.5,-42.25415
4503087500.0,-42.21686
4503088437.5,-42.23795
4503089375.0,-42.21054
4503090312.5,-42.22359
4503091250.0,-42.20464
4503092187.5,-42.20576
4503093125.0,-42.19922
4503094062.5,-42.22244
4503095000.0,-42.22272
4503095937.5,-42.21523
4503096875.0,-42.23302
4503097812.5,-42.21306
4503098750.0,-42.19459
4503099687.5,-42.19495
4503100625.0,-42.20244
4503101562.5,-42.21245
4503102500.0,-42.19414
4503103437.5,-42.17538
4503104375.0,-42.20274
4503105312.5,-42.17541
4503106250.0,-42.18094
4503107187.5,-42.16626
4503108125.0,-42.17931
4503109062.5,-42.19264
4503110000.0,-42.16592
4503110937.5,-42.18105
4503111875.0,-42.16312
4503112812.5,-42.17009
4503113750.0,-42.14466
4503114687.5,-42.17926
4503115625.0,-42.1691
4503116562.5,-42.1819
4503117500.0,-42.17854
4503118437.5,-42.13342
4503119375.0,-42.1478
4503120312.5,-42.15229
4503121250.0,-42.18318
4503122187.5,-42.14944
4503123125.0,-42.14453
4503124062.5,-42.16496
4503125000.0,-42.13309
4503125937.5,-42.13168
4503126875.0,-42.14923
4503127812.5,-42.13554
4503128750.0,-42.15141
4503129687.5,-42.13225
4503130625.0,-42.11946
4503131562.5,-42.14226
4503132500.0,-42.13285
4503133437.5,-42.1308
4503134375.0,-42.12987
4503135312.5,-42.15144
4503136250.0,-42.12991
4503137187.5,-42.13379
4503138125.0,-42.13001
4503139062.5,-42.13433
4503140000.0,-42.12936
4503140937.5,-42.09578
4503141875.0,-42.11136
4503142812.5,-42.09616
4503143750.0,-42.09235
4503144687.5,-42.10265
4503145625.0,-42.09654
4503146562.5,-42.10101
4503147500.0,-42.09513
4503148437.5,-42.10157
4503149375.0,-42.08144
4503150312.5,-42.10226
4503151250.0,-42.07846
4503152187.5,-42.08569
4503153125.0,-42.10845
4503154062.5,-42.09104
4503155000.0,-42.08778
4503155937.5,-42.09655
4503156875.0,-42.05938
4503157812.5,-42.07627
4503158750.0,-42.08496
4503159687.5,-42.09401
4503160625.0,-42.06507
4503161562.5,-42.08228
4503162500.0,-42.07491
4503163437.5,-42.09264
4503164375.0,-42.06925
4503165312.5,-42.08347
4503166250.0,-42.07719
4503167187.5,-42.09223
4503168125.0,-42.07006
4503169062.5,-42.06145
4503170000.0,-42.06465
4503170937.5,-42.08121
4503171875.0,-42.04638
4503172812.5,-42.04108
4503173750.0,-42.05476
4503174687.5,-42.0245
4503175625.0,-42.03475
4503176562.5,-42.04092
4503177500.0,-42.06826
4503178437.5,-42.04793
4503179375.0,-42.02111
4503180312.5,-42.04388
4503181250.0,-42.04438
4503182187.5,-42.02158
4503183125.0,-42.03343
4503184062.5,-42.0302
4503185000.0,-42.03393
4503185937.5,-42.02274
4503186875.0,-42.03593
4503187812.5,-42.01761
4503188750.0,-42.04429
4503189687.5,-42.03447
4503190625.0,-42.00816
4503191562.5,-42.01917
4503192500.0,-42.00229
4503193437.5,-41.9937
4503194375.0,-42.01965
4503195312.5,-42.01594
4503196250.0,-42.01722
4503197187.5,-42.00323
4503198125.0,-42.01046
4503199062.5,-42.00697
4503200000.0,-42.0043
4503200937.5,-41.9793
4503201875.0,-41.98502
4503202812.5,-41.97418
4503203750.0,-41.98829
4503204687.5,-42.00153
4503205625.0,-41.98496
4503206562.5,-41.98814
4503207500.0,-41.97943
4503208437.5,-42.00063
4503209375.0,-41.97109
4503210312.5,-41.98056
4503211250.0,-41.96456
4503212187.5,-41.96734
4503213125.0,-41.96066
4503214062.5,-41.95659
4503215000.0,-41.97767
4503215937.5,-41.94419
4503216875.0,-41.94109
4503217812.5,-41.97995
4503218750.0,-41.95334
4503219687.5,-41.98228
4503220625.0,-41.94571
4503221562.5,-41.97338
4503222500.0,-41.95308
4503223437.5,-41.97358
4503224375.0,-41.95397
4503225312.5,-41.94017
4503226250.0,-41.94019
4503227187.5,-41.94969
4503228125.0,-41.94055
4503229062.5,-41.92296
4503230000.0,-41.93455
4503230937.5,-41.92814
4503231875.0,-41.93488
4503232812.5,-41.94278
4503233750.0,-41.92215
4503234687.5,-41.92858
4503235625.0,-41.92438
4503236562.5,-41.93505
4503237500.0,-41.92498
4503238437.5,-41.94848
4503239375.0,-41.90981
4503240312.5,-41.91964
4503241250.0,-41.87939
4503242187.5,-41.94603
4503243125.0,-41.88926
4503244062.5,-41.92653
4503245000.0,-41.89534
4503245937.5,-41.90079
4503246875.0,-41.91005
4503247812.5,-41.89982
4503248750.0,-41.88984
4503249687.5,-41.89481
4503250625.0,-41.90392
4503251562.5,-41.88617
4503252500.0,-41.90192
4503253437.5,-41.92261
4503254375.0,-41.89783
4503255312.5,-41.88739
4503256250.0,-41.88674
4503257187.5,-41.85749
4503258125.0,-41.87011
4503259062.5,-41.85903
4503260000.0,-41.88744
4503260937.5,-41.87519
4503261875.0,-41.87447
4503262812.5,-41.86878
4503263750.0,-41.87154
4503264687.5,-41.8703
4503265625.0,-41.85105
4503266562.5,-41.84474
4503267500.0,-41.87305
4503268437.5,-41.83792
4503269375.0,-41.8327
4503270312.5,-41.85917
4503271250.0,-41.85875
4503272187.5,-41.86856
4503273125.0,-41.84813
4503274062.5,-41.8341
4503275000.0,-41.84627
4503275937.5,-41.85155
4503276875.0,-41.82103
4503277812.5,-41.85411
4503278750.0,-41.82862
4503279687.5,-41.83867
4503280625.0,-41.82234
4503281562.5,-41.8349
4503282500.0,-41.82494
4503283437.5,-41.82624
4503284375.0,-41.83707
4503285312.5,-41.81467
4503286250.0,-41.83648
4503287187.5,-41.81965
4503288125.0,-41.8196
4503289062.5,-41.82073
4503290000.0,-41.80927
4503290937.5,-41.78441
4503291875.0,-41.81376
4503292812.5,-41.80497
4503293750.0,-41.78894
4503294687.5,-41.8103
4503295625.0,-41.80318
4503296562.5,-41.80159
4503297500.0,-41.79362
4503298437.5,-41.81211
4503299375.0,-41.77441
4503300312.5,-41.79809
4503301250.0,-41.78718
4503302187.5,-41.7953
4503303125.0,-41.78792
4503304062.5,-41.79142
4503305000.0,-41.79048
4503305937.5,-41.76315
4503306875.0,-41.78531
4503307812.5,-41.77885
4503308750.0,-41.75605
4503309687.5,-41.7816
4503310625.0,-41.75509
4503311562.5,-41.76602
4503312500.0,-41.78969
4503313437.5,-41.77049
4503314375.0,-41.73846
4503315312.5,-41.75013
4503316250.0,-41.7509
4503317187.5,-41.76499
4503318125.0,-41.75772
4503319062.5,-41.74969
4503320000.0,-41.76464
4503320937.5,-41.75331
4503321875.0,-41.74182
4503322812.5,-41.73152
4503323750.0,-41.73826
4503324687.5,-41.74043
4503325625.0,-41.74387
4503326562.5,-41.75588
4503327500.0,-41.72906
4503328437.5,-41.71494
4503329375.0,-41.70993
4503330312.5,-41.75361
4503331250.0,-41.74161
4503332187.5,-41.72748
4503333125.0,-41.7329
4503334062.5,-41.72066
4503335000.0,-41.67994
4503335937.5,-41.74416
4503336875.0,-41.70723
4503337812.5,-41.71191
4503338750.0,-41.7107
4503339687.5,-41.71999
4503340625.0,-41.71383
4503341562.5,-41.70538
4503342500.0,-41.69146
4503343437.5,-41.71552
4503344375.0,-41.70943
4503345312.5,-41.67826
4503346250.0,-41.69672
4503347187.5,-41.69586
4503348125.0,-41.69051
4503349062.5,-41.69177
4503350000.0,-41.70369
4503350937.5,-41.68034
4503351875.0,-41.69767
4503352812.5,-41.67782
4503353750.0,-41.68023
4503354687.5,-41.64339
4503355625.0,-41.67268
4503356562.5,-41.69798
4503357500.0,-41.64676
4503358437.5,-41.68897
4503359375.0,-41.66666
4503360312.5,-41.67297
4503361250.0,-41.67155
4503362187.5,-41.66082
4503363125.0,-41.66376
4503364062.5,-41.65005
4503365000.0,-41.68535
4503365937.5,-41.63386
4503366875.0,-41.64594
4503367812.5,-41.63927
4503368750.0,-41.63531
4503369687.5,-41.65205
4503370625.0,-41.64716
4503371562.5,-41.61863
4503372500.0,-41.6288
4503373437.5,-41.63029
4503374375.0,-41.62976
4503375312.5,-41.61812
4503376250.0,-41.62156
4503377187.5,-41.61978
4503378125.0,-41.60827
4503379062.5,-41.62886
4503380000.0,-41.60649
4503380937.5,-41.63368
4503381875.0,-41.59707
4503382812.5,-41.60796
4503383750.0,-41.60218
4503384687.5,-41.61889
4503385625.0,-41.6101
4503386562.5,-41.60709
4503387500.0,-41.6063
4503388437.5,-41.60512
4503389375.0,-41.58974
4503390312.5,-41.59976
4503391250.0,-41.59892
4503392187.5,-41.59553
4503393125.0,-41.60414
4503394062.5,-41.60381
4503395000.0,-41.58743
4503395937.5,-41.58711
4503396875.0,-41.60057
4503397812.5,-41.58934
4503398750.0,-41.56631
4503399687.5,-41.56725
4503400625.0,-41.55677
4503401562.5,-41.5806
4503402500.0,-41.56958
4503403437.5,-41.59615
4503404375.0,-41.58872
4503405312.5,-41.58366
4503406250.0,-41.57304
4503407187.5,-41.58252
4503408125.0,-41.57317
4503409062.5,-41.54933
4503410000.0,-41.56227
4503410937.5,-41.56323
4503411875.0,-41.54784
4503412812.5,-41.55479
4503413750.0,-41.56895
4503414687.5,-41.53658
4503415625.0,-41.5496
4503416562.5,-41.52636
4503417500.0,-41.55116
4503418437.5,-41.54741
4503419375.0,-41.54246
4503420312.5,-41.5322
4503421250.0,-41.55289
4503422187.5,-41.53904
4503423125.0,-41.53807
4503424062.5,-41.5373
4503425000.0,-41.54967
4503425937.5,-41.52412
4503426875.0,-41.52537
4503427812.5,-41.5162
4503428750.0,-41.53009
4503429687.5,-41.51518
4503430625.0,-41.49894
4503431562.5,-41.50409
4503432500.0,-41.50956
4503433437.5,-41.52642
4503434375.0,-41.52332
4503435312.5,-41.51796
4503436250.0,-41.51384
4503437187.5,-41.52353
4503438125.0,-41.49881
4503439062.5,-41.50536
4503440000.0,-41.48513
4503440937.5,-41.4723
4503441875.0,-41.49432
4503442812.5,-41.48856
4503443750.0,-41.49533
4503444687.5,-41.5121
4503445625.0,-41.48961
4503446562.5,-41.47355
4503447500.0,-41.48024
4503448437.5,-41.47789
4503449375.0,-41.46809
4503450312.5,-41.48592
4503451250.0,-41.45995
4503452187.5,-41.47966
4503453125.0,-41.47729
4503454062.5,-41.48064
4503455000.0,-41.4655
4503455937.5,-41.47977
4503456875.0,-41.45785
4503457812.5,-41.47127
4503458750.0,-41.46735
4503459687.5,-41.45039
4503460625.0,-41.45129
4503461562.5,-41.43976
4503462500.0,-41.44691
4503463437.5,-41.44403
4503464375.0,-41.44508
4503465312.5,-41.43529
4503466250.0,-41.43063
4503467187.5,-41.46551
4503468125.0,-41.42809
4503469062.5,-41.44469
4503470000.0,-41.43229
4503470937.5,-41.4408
4503471875.0,-41.43864
4503472812.5,-41.43518
4503473750.0,-41.42044
4503474687.5,-41.40162
4503475625.0,-41.41633
4503476562.5,-41.42916
4503477500.0,-41.41445
4503478437.5,-41.41561
4503479375.0,-41.42717
4503480312.5,-41.43948
4503481250.0,-41.4054
4503482187.5,-41.4071
4503483125.0,-41.41783
4503484062.5,-41.38642
4503485000.0,-41.40067
4503485937.5,-41.38768
4503486875.0,-41.39813
4503487812.5,-41.38784
4503488750.0,-41.41002
4503489687.5,-41.37076
4503490625.0,-41.38888
4503491562.5,-41.36861
4503492500.0,-41.39613
4503493437.5,-41.38091
4503494375.0,-41.37074
4503495312.5,-41.36813
4503496250.0,-41.38025
4503497187.5,-41.35002
4503498125.0,-41.37073
4503499062.5,-41.36732
4503500000.0,-41.37027
4503500937.5,-41.3644
4503501875.0,-41.34736
4503502812.5,-41.38588
4503503750.0,-41.3561
4503504687.5,-41.38772
4503505625.0,-41.34841
4503506562.5,-41.34779
4503507500.0,-41.37183
4503508437.5,-41.34158
4503509375.0,-41.34727
4503510312.5,-41.35254
4503511250.0,-41.35781
4503512187.5,-41.33573
4503513125.0,-41.33436
4503514062.5,-41.31463
4503515000.0,-41.34724
4503515937.5,-41.3293
4503516875.0,-41.34137
4503517812.5,-41.31787
4503518750.0,-41.33049
4503519687.5,-41.32754
4503520625.0,-41.33538
4503521562.5,-41.31089
4503522500.0,-41.31969
4503523437.5,-41.31325
4503524375.0,-41.3004
4503525312.5,-41.31934
4503526250.0,-41.29547
4503527187.5,-41.2966
4503528125.0,-41.31588
4503529062.5,-41.30906
4503530000.0,-41.30762
4503530937.5,-41.30537
4503531875.0,-41.30811
4503532812.5,-41.29025
4503533750.0,-41.2711
4503534687.5,-41.27788
4503535625.0,-41.25975
4503536562.5,-41.30247
4503537500.0,-41.285
4503538437.5,-41.28611
4503539375.0,-41.27846
4503540312.5,-41.27967
4503541250.0,-41.29309
4503542187.5,-41.24612
4503543125.0,-41.28651
4503544062.5,-41.27076
4503545000.0,-41.25826
4503545937.5,-41.24883
4503546875.0,-41.24868
4503547812.5,-41.26225
4503548750.0,-41.24023
4503549687.5,-41.26226
4503550625.0,-41.26496
4503551562.5,-41.26202
4503552500.0,-41.22234
4503553437.5,-41.23994
4503554375.0,-41.24482
4503555312.5,-41.24409
4503556250.0,-41.23891
4503557187.5,-41.23259
4503558125.0,-41.22001
4503559062.5,-41.23906
4503560000.0,-41.22325
4503560937.5,-41.21623
4503561875.0,-41.25523
4503562812.5,-41.24594
4503563750.0,-41.25127
4503564687.5,-41.2081
4503565625.0,-41.21106
4503566562.5,-41.22068
4503567500.0,-41.20842
4503568437.5,-41.23271
4503569375.0,-41.22778
4503570312.5,-41.22789
4503571250.0,-41.20514
4503572187.5,-41.19525
4503573125.0,-41.17766
4503574062.5,-41.20231
4503575000.0,-41.20082
4503575937.5,-41.1977
4503576875.0,-41.19592
4503577812.5,-41.19787
4503578750.0,-41.1888
4503579687.5,-41.18537
4503580625.0,-41.19629
4503581562.5,-41.20894
4503582500.0,-41.17152
4503583437.5,-41.1754
4503584375.0,-41.17837
4503585312.5,-41.19329
4503586250.0,-41.17536
4503587187.5,-41.17499
4503588125.0,-41.17471
4503589062.5,-41.18092
4503590000.0,-41.17122
4503590937.5,-41.14331
4503591875.0,-41.16878
4503592812.5,-41.17525
4503593750.0,-41.1812
4503594687.5,-41.17766
4503595625.0,-41.16969
4503596562.5,-41.16255
4503597500.0,-41.14583
4503598437.5,-41.1512
4503599375.0,-41.12851
4503600312.5,-41.14631
4503601250.0,-41.1355
4503602187.5,-41.13244
4503603125.0,-41.14143
4503604062.5,-41.13732
4503605000.0,-41.1488
4503605937.5,-41.14498
4503606875.0,-41.13551
4503607812.5,-41.10894
4503608750.0,-41.12188
4503609687.5,-41.11016
4503610625.0,-41.12239
4503611562.5,-41.12201
4503612500.0,-41.10619
4503613437.5,-41.13559
4503614375.0,-41.10614
4503615312.5,-41.13249
4503616250.0,-41.10275
4503617187.5,-41.11818
4503618125.0,-41.1208
4503619062.5,-41.11186
4503620000.0,-41.09568
4503620937.5,-41.10995
4503621875.0,-41.09893
4503622812.5,-41.09689
4503623750.0,-41.09093
4503624687.5,-41.09929
4503625625.0,-41.08467
4503626562.5,-41.07309
4503627500.0,-41.07014
4503628437.5,-41.07848
4503629375.0,-41.08409
4503630312.5,-41.06052
4503631250.0,-41.08433
4503632187.5,-41.08652
4503633125.0,-41.08018
4503634062.5,-41.05394
4503635000.0,-41.06774
4503635937.5,-41.05606
4503636875.0,-41.06081
4503637812.5,-41.06878
4503638750.0,-41.05531
4503639687.5,-41.05939
4503640625.0,-41.04434
4503641562.5,-41.06522
4503642500.0,-41.04722
4503643437.5,-41.04361
4503644375.0,-41.05573
4503645312.5,-41.05648
4503646250.0,-41.04054
4503647187.5,-41.03299
4503648125.0,-41.00496
4503649062.5,-41.03675
4503650000.0,-41.04266
4503650937.5,-41.02808
4503651875.0,-41.02377
4503652812.5,-41.0381
4503653750.0,-41.02318
4503654687.5,-41.0303
4503655625.0,-41.00839
4503656562.5,-41.02138
4503657500.0,-41.02048
4503658437.5,-41.01381
4503659375.0,-41.00448
4503660312.5,-40.99812
4503661250.0,-41.00957
4503662187.5,-41.01057
4503663125.0,-40.98772
4503664062.5,-40.99829
4503665000.0,-40.98699
4503665937.5,-41.00833
4503666875.0,-41.00588
4503667812.5,-40.989
4503668750.0,-40.99136
4503669687.5,-40.99435
4503670625.0,-40.9917
4503671562.5,-41.00321
4503672500.0,-40.9731
4503673437.5,-40.99362
4503674375.0,-40.98102
4503675312.5,-40.9903
4503676250.0,-40.97967
4503677187.5,-40.9925
4503678125.0,-40.97554
4503679062.5,-40.96482
4503680000.0,-40.96917
4503680937.5,-40.96542
4503681875.0,-40.96219
4503682812.5,-40.95764
4503683750.0,-40.94774
4503684687.5,-40.94865
4503685625.0,-40.9519
4503686562.5,-40.94853
4503687500.0,-40.93297
4503688437.5,-40.94617
4503689375.0,-40.94196
4503690312.5,-40.92949
4503691250.0,-40.95092
4503692187.5,-40.93575
4503693125.0,-40.93736
4503694062.5,-40.9223
4503695000.0,-40.92439
4503695937.5,-40.91901
4503696875.0,-40.936
4503697812.5,-40.92484
4503698750.0,-40.92971
4503699687.5,-40.92156
4503700625.0,-40.9017
4503701562.5,-40.90521
4503702500.0,-40.92876
4503703437.5,-40.90734
4503704375.0,-40.90115
4503705312.5,-40.90379
4503706250.0,-40.90354
4503707187.5,-40.90439
4503708125.0,-40.91926
4503709062.5,-40.90077
4503710000.0,-40.88215
4503710937.5,-40.8919
4503711875.0,-40.89682
4503712812.5,-40.88971
4503713750.0,-40.86978
4503714687.5,-40.89198
4503715625.0,-40.88713
4503716562.5,-40.87779
4503717500.0,-40.87291
4503718437.5,-40.8788
4503719375.0,-40.87542
4503720312.5,-40.88676
4503721250.0,-40.85223
4503722187.5,-40.88889
4503723125.0,-40.87498
4503724062.5,-40.85996
4503725000.0,-40.86214
4503725937.5,-40.85529
4503726875.0,-40.85814
4503727812.5,-40.83722
4503728750.0,-40.86393
4503729687.5,-40.85944
4503730625.0,-40.85094
4503731562.5,-40.86844
4503732500.0,-40.8532
4503733437.5,-40.84632
4503734375.0,-40.81759
4503735312.5,-40.83336
4503736250.0,-40.83017
4503737187.5,-40.85969
4503738125.0,-40.82756
4503739062.5,-40.84303
4503740000.0,-40.83865
4503740937.5,-40.83101
4503741875.0,-40.80284
4503742812.5,-40.81379
4503743750.0,-40.81079
4503744687.5,-40.81291
4503745625.0,-40.79874
4503746562.5,-40.82487
4503747500.0,-40.81207
4503748437.5,-40.815
4503749375.0,-40.82286
4503750312.5,-40.80331
4503751250.0,-40.79956
4503752187.5,-40.81258
4503753125.0,-40.80952
4503754062.5,-40.76945
4503755000.0,-40.78519
4503755937.5,-40.78449
4503756875.0,-40.77333
4503757812.5,-40.78176
4503758750.0,-40.76986
4503759687.5,-40.79407
4503760625.0,-40.75522
4503761562.5,-40.7679
4503762500.0,-40.75661
4503763437.5,-40.76266
4503764375.0,-40.76494
4503765312.5,-40.7768
4503766250.0,-40.76357
4503767187.5,-40.76308
4503768125.0,-40.75004
4503769062.5,-40.74984
4503770000.0,-40.74895
4503770937.5,-40.77229
4503771875.0,-40.75834
4503772812.5,-40.75023
4503773750.0,-40.75091
4503774687.5,-40.75838
4503775625.0,-40.74611
4503776562.5,-40.71928
4503777500.0,-40.74025
4503778437.5,-40.74474
4503779375.0,-40.74447
4503780312.5,-40.72038
4503781250.0,-40.75249
4503782187.5,-40.70114
4503783125.0,-40.74084
4503784062.5,-40.72292
4503785000.0,-40.71145
4503785937.5,-40.7248
4503786875.0,-40.72434
4503787812.5,-40.7138
4503788750.0,-40.71259
4503789687.5,-40.71003
4503790625.0,-40.72121
4503791562.5,-40.68457
4503792500.0,-40.70409
4503793437.5,-40.69962
4503794375.0,-40.68828
4503795312.5,-40.69242
4503796250.0,-40.6858
4503797187.5,-40.69879
4503798125.0,-40.68579
4503799062.5,-40.69292
4503800000.0,-40.69272
4503800937.5,-40.68058
4503801875.0,-40.68142
4503802812.5,-40.6833
4503803750.0,-40.66563
4503804687.5,-40.68111
4503805625.0,-40.65495
4503806562.5,-40.66749
4503807500.0,-40.65722
4503808437.5,-40.66422
4503809375.0,-40.64452
4503810312.5,-40.64866
4503811250.0,-40.66456
4503812187.5,-40.64909
4503813125.0,-40.63744
4503814062.5,-40.63134
4503815000.0,-40.66836
4503815937.5,-40.65915
4503816875.0,-40.63795
4503817812.5,-40.65447
4503818750.0,-40.6332
4503819687.5,-40.66111
4503820625.0,-40.63433
4503821562.5,-40.6263
4503822500.0,-40.63052
4503823437.5,-40.63659
4503824375.0,-40.62749
4503825312.5,-40.61514
4503826250.0,-40.62548
4503827187.5,-40.61949
4503828125.0,-40.61883
4503829062.5,-40.61026
4503830000.0,-40.59771
4503830937.5,-40.6144
4503831875.0,-40.605
4503832812.5,-40.60256
4503833750.0,-40.58347
4503834687.5,-40.61353
4503835625.0,-40.5831
4503836562.5,-40.59879
4503837500.0,-40.60199
4503838437.5,-40.59984
4503839375.0,-40.58651
4503840312.5,-40.59516
4503841250.0,-40.57859
4503842187.5,-40.5789
4503843125.0,-40.56699
4503844062.5,-40.5682
4503845000.0,-40.57688
4503845937.5,-40.57294
4503846875.0,-40.5676
4503847812.5,-40.57865
4503848750.0,-40.58471
4503849687.5,-40.57386
4503850625.0,-40.56581
4503851562.5,-40.54345
4503852500.0,-40.54662
4503853437.5,-40.5505
4503854375.0,-40.55627
4503855312.5,-40.54877
4503856250.0,-40.57027
4503857187.5,-40.53437
4503858125.0,-40.53862
4503859062.5,-40.55286
4503860000.0,-40.54004
4503860937.5,-40.54144
4503861875.0,-40.5433
4503862812.5,-40.53447
4503863750.0,-40.5249
4503864687.5,-40.54139
4503865625.0,-40.5215
4503866562.5,-40.52914
4503867500.0,-40.52235
4503868437.5,-40.5311
4503869375.0,-40.52111
4503870312.5,-40.51971
4503871250.0,-40.52453
4503872187.5,-40.50578
4503873125.0,-40.53185
4503874062.5,-40.50604
4503875000.0,-40.52761
4503875937.5,-40.5172
4503876875.0,-40.50946
4503877812.5,-40.49172
4503878750.0,-40.50145
4503879687.5,-40.50858
4503880625.0,-40.4882
4503881562.5,-40.48969
4503882500.0,-40.47887
4503883437.5,-40.49168
4503884375.0,-40.48016
4503885312.5,-40.48851
4503886250.0,-40.48005
4503887187.5,-40.47187
4503888125.0,-40.47974
4503889062.5,-40.46335
4503890000.0,-40.48252
4503890937.5,-40.49025
4503891875.0,-40.47028
4503892812.5,-40.44538
4503893750.0,-40.46499
4503894687.5,-40.46025
4503895625.0,-40.46461
4503896562.5,-40.4639
4503897500.0,-40.42828
4503898437.5,-40.44545
4503899375.0,-40.42896
4503900312.5,-40.44238
4503901250.0,-40.41984
4503902187.5,-40.45344
4503903125.0,-40.43465
4503904062.5,-40.42701
4503905000.0,-40.44395
4503905937.5,-40.41963
4503906875.0,-40.44098
4503907812.5,-40.43037
4503908750.0,-40.4186
4503909687.5,-40.42451
4503910625.0,-40.41974
4503911562.5,-40.41792
4503912500.0,-40.41698
4503913437.5,-40.38361
4503914375.0,-40.40325
4503915312.5,-40.39896
4503916250.0,-40.42464
4503917187.5,-40.40887
4503918125.0,-40.41648
4503919062.5,-40.38625
4503920000.0,-40.40168
4503920937.5,-40.38831
4503921875.0,-40.40579
4503922812.5,-40.40572
4503923750.0,-40.36802
4503924687.5,-40.39059
4503925625.0,-40.37507
4503926562.5,-40.37579
4503927500.0,-40.38033
4503928437.5,-40.36646
4503929375.0,-40.36637
4503930312.5,-40.36588
4503931250.0,-40.36758
4503932187.5,-40.37091
4503933125.0,-40.36384
4503934062.5,-40.36623
4503935000.0,-40.35849
4503935937.5,-40.36625
4503936875.0,-40.35746
4503937812.5,-40.36417
4503938750.0,-40.32992
4503939687.5,-40.33285
4503940625.0,-40.34178
4503941562.5,-40.33241
4503942500.0,-40.33624
4503943437.5,-40.32133
4503944375.0,-40.34592
4503945312.5,-40.34591
4503946250.0,-40.33853
4503947187.5,-40.3292
4503948125.0,-40.32852
4503949062.5,-40.32409
4503950000.0,-40.31118
4503950937.5,-40.31171
4503951875.0,-40.31024
4503952812.5,-40.31245
4503953750.0,-40.3109
4503954687.5,-40.32101
4503955625.0,-40.30971
4503956562.5,-40.29157
4503957500.0,-40.30283
4503958437.5,-40.3104
4503959375.0,-40.29952
4503960312.5,-40.29606
4503961250.0,-40.3063
4503962187.5,-40.30082
4503963125.0,-40.28489
4503964062.5,-40.29252
4503965000.0,-40.28828
4503965937.5,-40.28037
4503966875.0,-40.2827
4503967812.5,-40.27736
4503968750.0,-40.26717
4503969687.5,-40.27485
4503970625.0,-40.26386
4503971562.5,-40.2632
4503972500.0,-40.28146
4503973437.5,-40.26486
4503974375.0,-40.26899
4503975312.5,-40.25524
4503976250.0,-40.26031
4503977187.5,-40.26592
4503978125.0,-40.24808
4503979062.5,-40.23534
4503980000.0,-40.24836
4503980937.5,-40.24457
4503981875.0,-40.25092
4503982812.5,-40.24427
4503983750.0,-40.24199
4503984687.5,-40.23455
4503985625.0,-40.22827
4503986562.5,-40.23094
4503987500.0,-40.21812
4503988437.5,-40.23243
4503989375.0,-40.22694
4503990312.5,-40.22536
4503991250.0,-40.2362
4503992187.5,-40.19958
4503993125.0,-40.21249
4503994062.5,-40.20244
4503995000.0,-40.19768
4503995937.5,-40.22285
4503996875.0,-40.1873
4503997812.5,-40.18641
4503998750.0,-40.20219
4503999687.5,-40.21051
4504000625.0,-40.20112
4504001562.5,-40.19136
4504002500.0,-40.19302
4504003437.5,-40.20671
4504004375.0,-40.17433
4504005312.5,-40.17071
4504006250.0,-40.17348
4504007187.5,-40.19834
4504008125.0,-40.18337
4504009062.5,-40.16406
4504010000.0,-40.18765
4504010937.5,-40.18071
4504011875.0,-40.16423
4504012812.5,-40.15791
4504013750.0,-40.1622
4504014687.5,-40.16399
4504015625.0,-40.15835
4504016562.5,-40.15375
4504017500.0,-40.12901
4504018437.5,-40.15255
4504019375.0,-40.14162
4504020312.5,-40.15565
4504021250.0,-40.16218
4504022187.5,-40.13174
4504023125.0,-40.12703
4504024062.5,-40.13477
4504025000.0,-40.1375
4504025937.5,-40.14487
4504026875.0,-40.1264
4504027812.5,-40.13268
4504028750.0,-40.13531
4504029687.5,-40.13474
4504030625.0,-40.10218
4504031562.5,-40.11241
4504032500.0,-40.10611
4504033437.5,-40.11035
4504034375.0,-40.09857
4504035312.5,-40.10472
4504036250.0,-40.09997
4504037187.5,-40.13132
4504038125.0,-40.09294
4504039062.5,-40.11917
4504040000.0,-40.08523
4504040937.5,-40.08952
4504041875.0,-40.09215
4504042812.5,-40.0832
4504043750.0,-40.09713
4504044687.5,-40.06398
4504045625.0,-40.06508
4504046562.5,-40.06942
4504047500.0,-40.08271
4504048437.5,-40.08621
4504049375.0,-40.06988
4504050312.5,-40.07742
4504051250.0,-40.0811
4504052187.5,-40.04594
4504053125.0,-40.06222
4504054062.5,-40.07044
4504055000.0,-40.06475
4504055937.5,-40.06716
4504056875.0,-40.05504
4504057812.5,-40.06662
4504058750.0,-40.04061
4504059687.5,-40.03199
4504060625.0,-40.05961
4504061562.5,-40.0332
4504062500.0,-40.04506
4504063437.5,-40.04354
4504064375.0,-40.04343
4504065312.5,-40.02509
4504066250.0,-40.03161
4504067187.5,-40.01245
4504068125.0,-40.02506
4504069062.5,-40.01147
4504070000.0,-40.01555
4504070937.5,-40.02211
4504071875.0,-40.01645
4504072812.5,-40.03035
4504073750.0,-40.00139
4504074687.5,-40.01405
4504075625.0,-40.00918
4504076562.5,-40.00138
4504077500.0,-40.00167
4504078437.5,-39.99722
4504079375.0,-40.00697
4504080312.5,-39.99205
4504081250.0,-39.99773
4504082187.5,-39.99389
4504083125.0,-40.01346
4504084062.5,-39.98424
4504085000.0,-39.99194
4504085937.5,-39.97766
4504086875.0,-39.99162
4504087812.5,-39.95851
4504088750.0,-39.98427
4504089687.5,-39.96199
4504090625.0,-39.96233
4504091562.5,-39.96551
4504092500.0,-39.95887
4504093437.5,-39.9612
4504094375.0,-39.93863
4504095312.5,-39.96244
4504096250.0,-39.9424
4504097187.5,-39.92715
4504098125.0,-39.94209
4504099062.5,-39.95243
4504100000.0,-39.91937
4504100937.5,-39.93408
4504101875.0,-39.93952
4504102812.5,-39.92562
4504103750.0,-39.92984
4504104687.5,-39.91611
4504105625.0,-39.90001
4504106562.5,-39.93013
4504107500.0,-39.91349
4504108437.5,-39.91682
4504109375.0,-39.91775
4504110312.5,-39.94563
4504111250.0,-39.91742
4504112187.5,-39.91743
4504113125.0,-39.89273
4504114062.5,-39.89783
4504115000.0,-39.8944
4504115937.5,-39.90106
4504116875.0,-39.89929
4504117812.5,-39.89766
4504118750.0,-39.90134
4504119687.5,-39.87939
4504120625.0,-39.88724
4504121562.5,-39.89764
4504122500.0,-39.87218
4504123437.5,-39.88768
4504124375.0,-39.88132
4504125312.5,-39.87648
4504126250.0,-39.87558
4504127187.5,-39.873
4504128125.0,-39.87376
4504129062.5,-39.86947
4504130000.0,-39.86587
4504130937.5,-39.86637
4504131875.0,-39.86011
4504132812.5,-39.86602
4504133750.0,-39.8568
4504134687.5,-39.84288
4504135625.0,-39.85503
4504136562.5,-39.83914
4504137500.0,-39.82988
4504138437.5,-39.83802
4504139375.0,-39.84181
4504140312.5,-39.84178
4504141250.0,-39.83686
4504142187.5,-39.82309
4504143125.0,-39.83513
4504144062.5,-39.82099
4504145000.0,-39.84025
4504145937.5,-39.83175
4504146875.0,-39.80417
4504147812.5,-39.82024
4504148750.0,-39.82825
4504149687.5,-39.81516
4504150625.0,-39.82027
4504151562.5,-39.80977
4504152500.0,-39.82156
4504153437.5,-39.79823
4504154375.0,-39.81428
4504155312.5,-39.79986
4504156250.0,-39.8009
4504157187.5,-39.81203
4504158125.0,-39.78057
4504159062.5,-39.78343
4504160000.0,-39.78609
4504160937.5,-39.78225
4504161875.0,-39.78171
4504162812.5,-39.77155
4504163750.0,-39.77841
4504164687.5,-39.75661
4504165625.0,-39.75581
4504166562.5,-39.7669
4504167500.0,-39.75408
4504168437.5,-39.74901
4504169375.0,-39.75665
4504170312.5,-39.75938
4504171250.0,-39.75598
4504172187.5,-39.74943
4504173125.0,-39.74424
4504174062.5,-39.75308
4504175000.0,-39.73711
4504175937.5,-39.74961
4504176875.0,-39.73601
4504177812.5,-39.72594
4504178750.0,-39.73981
4504179687.5,-39.73838
4504180625.0,-39.72478
4504181562.5,-39.7443
4504182500.0,-39.73432
4504183437.5,-39.73132
4504184375.0,-39.71448
4504185312.5,-39.72828
4504186250.0,-39.7045
4504187187.5,-39.7214
4504188125.0,-39.72065
4504189062.5,-39.70349
4504190000.0,-39.69379
4504190937.5,-39.6886
4504191875.0,-39.71318
4504192812.5,-39.68808
4504193750.0,-39.69606
4504194687.5,-39.68975
4504195625.0,-39.69614
4504196562.5,-39.68187
4504197500.0,-39.67845
4504198437.5,-39.67814
4504199375.0,-39.68475
4504200312.5,-39.67613
4504201250.0,-39.68042
4504202187.5,-39.6781
4504203125.0,-39.67096
4504204062.5,-39.66923
4504205000.0,-39.67101
4504205937.5,-39.64818
4504206875.0,-39.66664
4504207812.5,-39.6759
4504208750.0,-39.65935
4504209687.5,-39.66283
4504210625.0,-39.65662
4504211562.5,-39.65335
4504212500.0,-39.65884
4504213437.5,-39.63922
4504214375.0,-39.63685
4504215312.5,-39.64381
4504216250.0,-39.63096
4504217187.5,-39.63564
4504218125.0,-39.62416
4504219062.5,-39.6351
4504220000.0,-39.61791
4504220937.5,-39.62028
4504221875.0,-39.60506
4504222812.5,-39.63286
4504223750.0,-39.61967
4504224687.5,-39.62224
4504225625.0,-39.61554
4504226562.5,-39.62088
4504227500.0,-39.60788
4504228437.5,-39.61003
4504229375.0,-39.60202
4504230312.5,-39.59627
4504231250.0,-39.60678
4504232187.5,-39.58145
4504233125.0,-39.60775
4504234062.5,-39.60563
4504235000.0,-39.59447
4504235937.5,-39.59327
4504236875.0,-39.59879
4504237812.5,-39.59821
4504238750.0,-39.57536
4504239687.5,-39.57478
4504240625.0,-39.57741
4504241562.5,-39.5616
4504242500.0,-39.56631
4504243437.5,-39.5464
4504244375.0,-39.55062
4504245312.5,-39.56539
4504246250.0,-39.55864
4504247187.5,-39.54254
4504248125.0,-39.5385
4504249062.5,-39.55111
4504250000.0,-39.54527
4504250937.5,-39.55822
4504251875.0,-39.54564
4504252812.5,-39.52507
4504253750.0,-39.54308
4504254687.5,-39.55063
4504255625.0,-39.52682
4504256562.5,-39.51595
4504257500.0,-39.52826
4504258437.5,-39.52694
4504259375.0,-39.51812
4504260312.5,-39.51126
4504261250.0,-39.5325
4504262187.5,-39.53314
4504263125.0,-39.50803
4504264062.5,-39.51477
4504265000.0,-39.50288
4504265937.5,-39.50431
4504266875.0,-39.51502
4504267812.5,-39.48414
4504268750.0,-39.50957
4504269687.5,-39.48425
4504270625.0,-39.48426
4504271562.5,-39.48455
4504272500.0,-39.49033
4504273437.5,-39.47781
4504274375.0,-39.48146
4504275312.5,-39.46588
4504276250.0,-39.47743
4504277187.5,-39.46865
4504278125.0,-39.47101
4504279062.5,-39.4782
4504280000.0,-39.45933
4504280937.5,-39.45944
4504281875.0,-39.46016
4504282812.5,-39.46086
4504283750.0,-39.44278
4504284687.5,-39.44986
4504285625.0,-39.45219
4504286562.5,-39.44073
4504287500.0,-39.45137
4504288437.5,-39.4221
4504289375.0,-39.43815
4504290312.5,-39.44921
4504291250.0,-39.42798
4504292187.5,-39.4296
4504293125.0,-39.42123
4504294062.5,-39.44133
4504295000.0,-39.43513
4504295937.5,-39.40501
4504296875.0,-39.42784
4504297812.5,-39.41904
4504298750.0,-39.41283
4504299687.5,-39.38792
4504300625.0,-39.40538
4504301562.5,-39.40199
4504302500.0,-39.39601
4504303437.5,-39.40753
4504304375.0,-39.3925
4504305312.5,-39.40371
4504306250.0,-39.38908
4504307187.5,-39.39311
4504308125.0,-39.38018
4504309062.5,-39.37904
4504310000.0,-39.39452
4504310937.5,-39.36629
4504311875.0,-39.3632
4504312812.5,-39.38466
4504313750.0,-39.3748
4504314687.5,-39.38446
4504315625.0,-39.36611
4504316562.5,-39.36209
4504317500.0,-39.3606
4504318437.5,-39.34075
4504319375.0,-39.37152
4504320312.5,-39.36238
4504321250.0,-39.34908
4504322187.5,-39.3383
4504323125.0,-39.34835
4504324062.5,-39.33619
4504325000.0,-39.33916
4504325937.5,-39.33701
4504326875.0,-39.33101
4504327812.5,-39.33586
4504328750.0,-39.33078
4504329687.5,-39.33132
4504330625.0,-39.32047
4504331562.5,-39.32324
4504332500.0,-39.32856
4504333437.5,-39.29904
4504334375.0,-39.30392
4504335312.5,-39.31395
4504336250.0,-39.31368
4504337187.5,-39.30695
4504338125.0,-39.31449
4504339062.5,-39.31627
4504340000.0,-39.29842
4504340937.5,-39.30373
4504341875.0,-39.29371
4504342812.5,-39.28437
4504343750.0,-39.2968
4504344687.5,-39.28953
4504345625.0,-39.29088
4504346562.5,-39.29229
4504347500.0,-39.28901
4504348437.5,-39.27136
4504349375.0,-39.26514
4504350312.5,-39.25772
4504351250.0,-39.24833
4504352187.5,-39.26967
4504353125.0,-39.25778
4504354062.5,-39.26619
4504355000.0,-39.25472
4504355937.5,-39.24214
4504356875.0,-39.25222
4504357812.5,-39.24344
4504358750.0,-39.24498
4504359687.5,-39.23238
4504360625.0,-39.24903
4504361562.5,-39.22722
4504362500.0,-39.23252
4504363437.5,-39.24727
4504364375.0,-39.22348
4504365312.5,-39.21312
4504366250.0,-39.22652
4504367187.5,-39.20921
4504368125.0,-39.2435
4504369062.5,-39.2173
4504370000.0,-39.20781
4504370937.5,-39.20538
4504371875.0,-39.2001
4504372812.5,-39.20412
4504373750.0,-39.2108
4504374687.5,-39.19347
4504375625.0,-39.18528
4504376562.5,-39.19672
4504377500.0,-39.18816
4504378437.5,-39.17453
4504379375.0,-39.16882
4504380312.5,-39.18256
4504381250.0,-39.18264
4504382187.5,-39.18527
4504383125.0,-39.19117
4504384062.5,-39.18571
4504385000.0,-39.165
4504385937.5,-39.16425
4504386875.0,-39.16437
4504387812.5,-39.16645
4504388750.0,-39.16786
4504389687.5,-39.16361
4504390625.0,-39.15219
4504391562.5,-39.14016
4504392500.0,-39.16064
4504393437.5,-39.14396
4504394375.0,-39.13394
4504395312.5,-39.15475
4504396250.0,-39.13111
4504397187.5,-39.14022
4504398125.0,-39.13787
4504399062.5,-39.1364
4504400000.0,-39.12499
4504400937.5,-39.13317
4504401875.0,-39.13022
4504402812.5,-39.11877
4504403750.0,-39.11459
4504404687.5,-39.12493
4504405625.0,-39.10677
4504406562.5,-39.10706
4504407500.0,-39.11219
4504408437.5,-39.09056
4504409375.0,-39.10513
4504410312.5,-39.0979
4504411250.0,-39.09907
4504412187.5,-39.08425
4504413125.0,-39.08941
4504414062.5,-39.07958
4504415000.0,-39.09929
4504415937.5,-39.06177
4504416875.0,-39.09343
4504417812.5,-39.08916
4504418750.0,-39.07657
4504419687.5,-39.07286
4504420625.0,-39.0815
4504421562.5,-39.06393
4504422500.0,-39.07336
4504423437.5,-39.07423
4504424375.0,-39.057
4504425312.5,-39.05002
4504426250.0,-39.0483
4504427187.5,-39.05276
4504428125.0,-39.04268
4504429062.5,-39.0489
4504430000.0,-39.04133
4504430937.5,-39.05519
4504431875.0,-39.02328
4504432812.5,-39.03961
4504433750.0,-39.03827
4504434687.5,-39.04242
4504435625.0,-39.0305
4504436562.5,-39.0332
4504437500.0,-39.02274
4504438437.5,-39.03292
4504439375.0,-39.03269
4504440312.5,-39.0176
4504441250.0,-39.0023
4504442187.5,-39.00193
4504443125.0,-39.01338
4504444062.5,-38.99033
4504445000.0,-39.0136
4504445937.5,-39.00387
4504446875.0,-38.99277
4504447812.5,-39.00909
4504448750.0,-38.9852
4504449687.5,-38.99764
4504450625.0,-38.98468
4504451562.5,-38.9828
4504452500.0,-38.98164
4504453437.5,-38.9733
4504454375.0,-38.97749
4504455312.5,-38.96829
4504456250.0,-38.97286
4504457187.5,-38.96954
4504458125.0,-38.97501
4504459062.5,-38.93997
4504460000.0,-38.96214
4504460937.5,-38.96266
4504461875.0,-38.97043
4504462812.5,-38.94279
4504463750.0,-38.96586
4504464687.5,-38.9362
4504465625.0,-38.94262
4504466562.5,-38.95219
4504467500.0,-38.94078
4504468437.5,-38.93825
4504469375.0,-38.93146
4504470312.5,-38.93709
4504471250.0,-38.92891
4504472187.5,-38.92111
4504473125.0,-38.93358
4504474062.5,-38.92488
4504475000.0,-38.92171
4504475937.5,-38.92006
4504476875.0,-38.90872
4504477812.5,-38.91188
4504478750.0,-38.90153
4504479687.5,-38.89742
4504480625.0,-38.91293
4504481562.5,-38.89293
4504482500.0,-38.90034
4504483437.5,-38.88106
4504484375.0,-38.88539
4504485312.5,-38.88209
4504486250.0,-38.87241
4504487187.5,-38.87362
4504488125.0,-38.86423
4504489062.5,-38.88898
4504490000.0,-38.86938
4504490937.5,-38.86987
4504491875.0,-38.86263
4504492812.5,-38.86832
4504493750.0,-38.86383
4504494687.5,-38.85989
4504495625.0,-38.85805
4504496562.5,-38.84912
4504497500.0,-38.85435
4504498437.5,-38.8638
4504499375.0,-38.83598
4504500312.5,-38.84336
4504501250.0,-38.82168
4504502187.5,-38.85061
4504503125.0,-38.82604
4504504062.5,-38.8276
4504505000.0,-38.8294
4504505937.5,-38.8238
4504506875.0,-38.8185
4504507812.5,-38.83488
4504508750.0,-38.8263
4504509687.5,-38.82045
4504510625.0,-38.80959
4504511562.5,-38.8031
4504512500.0,-38.81936
4504513437.5,-38.78478
4504514375.0,-38.78969
4504515312.5,-38.79113
4504516250.0,-38.79078
4504517187.5,-38.7909
4504518125.0,-38.79697
4504519062.5,-38.79153
4504520000.0,-38.77138
4504520937.5,-38.7924
4504521875.0,-38.78713
4504522812.5,-38.77938
4504523750.0,-38.78593
4504524687.5,-38.77633
4504525625.0,-38.76765
4504526562.5,-38.76432
4504527500.0,-38.74345
4504528437.5,-38.76016
4504529375.0,-38.75776
4504530312.5,-38.76668
4504531250.0,-38.75087
4504532187.5,-38.76897
4504533125.0,-38.75581
4504534062.5,-38.76104
4504535000.0,-38.73877
4504535937.5,-38.73312
4504536875.0,-38.74049
4504537812.5,-38.73914
4504538750.0,-38.71513
4504539687.5,-38.73424
4504540625.0,-38.71355
4504541562.5,-38.72654
4504542500.0,-38.71188
4504543437.5,-38.72364
4504544375.0,-38.71726
4504545312.5,-38.70513
4504546250.0,-38.69931
4504547187.5,-38.71223
4504548125.0,-38.70313
4504549062.5,-38.69498
4504550000.0,-38.6912
4504550937.5,-38.69541
4504551875.0,-38.67802
4504552812.5,-38.68684
4504553750.0,-38.67757
4504554687.5,-38.6667
4504555625.0,-38.68877
4504556562.5,-38.68773
4504557500.0,-38.66954
4504558437.5,-38.67819
4504559375.0,-38.68202
4504560312.5,-38.67104
4504561250.0,-38.66421
4504562187.5,-38.66181
4504563125.0,-38.64581
4504564062.5,-38.63942
4504565000.0,-38.64329
4504565937.5,-38.6432
4504566875.0,-38.64427
4504567812.5,-38.6447
4504568750.0,-38.64611
4504569687.5,-38.62788
4504570625.0,-38.63453
4504571562.5,-38.63323
4504572500.0,-38.6347
4504573437.5,-38.62373
4504574375.0,-38.63176
4504575312.5,-38.62365
4504576250.0,-38.63224
4504577187.5,-38.61793
4504578125.0,-38.60854
4504579062.5,-38.60186
4504580000.0,-38.60843
4504580937.5,-38.6028
4504581875.0,-38.6136
4504582812.5,-38.59002
4504583750.0,-38.59611
4504584687.5,-38.58667
4504585625.0,-38.58491
4504586562.5,-38.58783
4504587500.0,-38.58259
4504588437.5,-38.57285
4504589375.0,-38.57693
4504590312.5,-38.57662
4504591250.0,-38.59355
4504592187.5,-38.56501
4504593125.0,-38.55263
4504594062.5,-38.56025
4504595000.0,-38.57219
4504595937.5,-38.55506
4504596875.0,-38.53938
4504597812.5,-38.5593
4504598750.0,-38.55672
4504599687.5,-38.54548
4504600625.0,-38.53041
4504601562.5,-38.55112
4504602500.0,-38.53105
4504603437.5,-38.53682
4504604375.0,-38.51785
4504605312.5,-38.5168
4504606250.0,-38.5276
4504607187.5,-38.52983
4504608125.0,-38.52214
4504609062.5,-38.51566
4504610000.0,-38.51714
4504610937.5,-38.49971
4504611875.0,-38.50603
4504612812.5,-38.49826
4504613750.0,-38.5143
4504614687.5,-38.49511
4504615625.0,-38.50885
4504616562.5,-38.49203
4504617500.0,-38.4897
4504618437.5,-38.47812
4504619375.0,-38.47878
4504620312.5,-38.48528
4504621250.0,-38.47865
4504622187.5,-38.46724
4504623125.0,-38.47117
4504624062.5,-38.47469
4504625000.0,-38.4685
4504625937.5,-38.46978
4504626875.0,-38.46743
4504627812.5,-38.45351
4504628750.0,-38.44463
4504629687.5,-38.45506
4504630625.0,-38.44744
4504631562.5,-38.43193
4504632500.0,-38.45063
4504633437.5,-38.44031
4504634375.0,-38.43555
4504635312.5,-38.43486
4504636250.0,-38.42751
4504637187.5,-38.4296
4504638125.0,-38.42405
4504639062.5,-38.41387
4504640000.0,-38.42171
4504640937.5,-38.41926
4504641875.0,-38.41965
4504642812.5,-38.41006
4504643750.0,-38.4174
4504644687.5,-38.41235
4504645625.0,-38.40594
4504646562.5,-38.38134
4504647500.0,-38.39516
4504648437.5,-38.39699
4504649375.0,-38.38562
4504650312.5,-38.39713
4504651250.0,-38.38859
4504652187.5,-38.38184
4504653125.0,-38.37918
4504654062.5,-38.37291
4504655000.0,-38.37719
4504655937.5,-38.37662
4504656875.0,-38.35921
4504657812.5,-38.3582
4504658750.0,-38.36706
4504659687.5,-38.36211
4504660625.0,-38.36704
4504661562.5,-38.34934
4504662500.0,-38.35493
4504663437.5,-38.33891
4504664375.0,-38.34463
4504665312.5,-38.3396
4504666250.0,-38.34921
4504667187.5,-38.34634
4504668125.0,-38.34481
4504669062.5,-38.32507
4504670000.0,-38.32483
4504670937.5,-38.32441
4504671875.0,-38.33032
4504672812.5,-38.31625
4504673750.0,-38.31856
4504674687.5,-38.3196
4504675625.0,-38.30848
4504676562.5,-38.30721
4504677500.0,-38.29946
4504678437.5,-38.29997
4504679375.0,-38.2922
4504680312.5,-38.30353
4504681250.0,-38.294
4504682187.5,-38.30593
4504683125.0,-38.28357
4504684062.5,-38.28772
4504685000.0,-38.28329
4504685937.5,-38.28065
4504686875.0,-38.26826
4504687812.5,-38.28136
4504688750.0,-38.27432
4504689687.5,-38.27366
4504690625.0,-38.26873
4504691562.5,-38.26804
4504692500.0,-38.2655
4504693437.5,-38.26419
4504694375.0,-38.25488
4504695312.5,-38.24753
4504696250.0,-38.23409
4504697187.5,-38.25762
4504698125.0,-38.24977
4504699062.5,-38.23788
4504700000.0,-38.24105
4504700937.5,-38.23091
4504701875.0,-38.21684
4504702812.5,-38.22677
4504703750.0,-38.22454
4504704687.5,-38.22466
4504705625.0,-38.21775
4504706562.5,-38.2261
4504707500.0,-38.22416
4504708437.5,-38.21611
4504709375.0,-38.20613
4504710312.5,-38.21759
4504711250.0,-38.19304
4504712187.5,-38.1965
4504713125.0,-38.19743
4504714062.5,-38.19968
4504715000.0,-38.18563
4504715937.5,-38.18801
4504716875.0,-38.18935
4504717812.5,-38.18614
4504718750.0,-38.18076
4504719687.5,-38.16625
4504720625.0,-38.17039
4504721562.5,-38.1647
4504722500.0,-38.15832
4504723437.5,-38.15461
4504724375.0,-38.15284
4504725312.5,-38.15683
4504726250.0,-38.15412
4504727187.5,-38.15442
4504728125.0,-38.15449
4504729062.5,-38.1345
4504730000.0,-38.14795
4504730937.5,-38.13074
4504731875.0,-38.14084
4504732812.5,-38.12991
4504733750.0,-38.13152
4504734687.5,-38.13765
4504735625.0,-38.12254
4504736562.5,-38.11441
4504737500.0,-38.11465
4504738437.5,-38.12046
4504739375.0,-38.10528
4504740312.5,-38.11892
4504741250.0,-38.11113
4504742187.5,-38.10301
4504743125.0,-38.10394
4504744062.5,-38.11645
4504745000.0,-38.07213
4504745937.5,-38.08382
4504746875.0,-38.08042
4504747812.5,-38.0826
4504748750.0,-38.07925
4504749687.5,-38.08115
4504750625.0,-38.07888
4504751562.5,-38.07992
4504752500.0,-38.06152
4504753437.5,-38.07404
4504754375.0,-38.07062
4504755312.5,-38.05603
4504756250.0,-38.0495
4504757187.5,-38.04426
4504758125.0,-38.05103
4504759062.5,-38.04611
4504760000.0,-38.04026
4504760937.5,-38.05146
4504761875.0,-38.03262
4504762812.5,-38.04322
4504763750.0,-38.02695
4504764687.5,-38.03228
4504765625.0,-38.03095
4504766562.5,-38.02679
4504767500.0,-38.01037
4504768437.5,-38.02418
4504769375.0,-38.01405
4504770312.5,-38.00434
4504771250.0,-38.00841
4504772187.5,-38.0008
4504773125.0,-37.99328
4504774062.5,-37.99283
4504775000.0,-37.9973
4504775937.5,-37.98387
4504776875.0,-37.9916
4504777812.5,-37.98396
4504778750.0,-37.99003
4504779687.5,-37.99125
4504780625.0,-37.98371
4504781562.5,-37.9822
4504782500.0,-37.97506
4504783437.5,-37.96863
4504784375.0,-37.96796
4504785312.5,-37.9648
4504786250.0,-37.96692
4504787187.5,-37.9719
4504788125.0,-37.96763
4504789062.5,-37.95721
4504790000.0,-37.95482
4504790937.5,-37.94614
4504791875.0,-37.94945
4504792812.5,-37.93171
4504793750.0,-37.94571
4504794687.5,-37.92629
4504795625.0,-37.93689
4504796562.5,-37.9227
4504797500.0,-37.92899
4504798437.5,-37.92172
4504799375.0,-37.93251
4504800312.5,-37.93539
4504801250.0,-37.91
4504802187.5,-37.92085
4504803125.0,-37.90467
4504804062.5,-37.90162
4504805000.0,-37.88175
4504805937.5,-37.89901
4504806875.0,-37.90384
4504807812.5,-37.89956
4504808750.0,-37.8909
4504809687.5,-37.88558
4504810625.0,-37.88441
4504811562.5,-37.87606
4504812500.0,-37.87983
4504813437.5,-37.89103
4504814375.0,-37.87172
4504815312.5,-37.86502
4504816250.0,-37.88367
4504817187.5,-37.85387
4504818125.0,-37.86399
4504819062.5,-37.85078
4504820000.0,-37.85427
4504820937.5,-37.85796
4504821875.0,-37.84083
4504822812.5,-37.83885
4504823750.0,-37.83764
4504824687.5,-37.83506
4504825625.0,-37.83202
4504826562.5,-37.8402
4504827500.0,-37.81651
4504828437.5,-37.82013
4504829375.0,-37.82133
4504830312.5,-37.82045
4504831250.0,-37.82104
4504832187.5,-37.80537
4504833125.0,-37.7907
4504834062.5,-37.81672
4504835000.0,-37.82968
4504835937.5,-37.79361
4504836875.0,-37.79706
4504837812.5,-37.79071
4504838750.0,-37.80285
4504839687.5,-37.78987
4504840625.0,-37.78539
4504841562.5,-37.78378
4504842500.0,-37.79244
4504843437.5,-37.76994
4504844375.0,-37.7677
4504845312.5,-37.77202
4504846250.0,-37.75486
4504847187.5,-37.75654
4504848125.0,-37.75415
4504849062.5,-37.76057
4504850000.0,-37.75295
4504850937.5,-37.74166
4504851875.0,-37.74587
4504852812.5,-37.7453
4504853750.0,-37.73655
4504854687.5,-37.74115
4504855625.0,-37.72042
4504856562.5,-37.73886
4504857500.0,-37.72219
4504858437.5,-37.71296
4504859375.0,-37.72731
4504860312.5,-37.71612
4504861250.0,-37.72101
4504862187.5,-37.71579
4504863125.0,-37.69814
4504864062.5,-37.71498
4504865000.0,-37.69385
4504865937.5,-37.70722
4504866875.0,-37.7082
4504867812.5,-37.69993
4504868750.0,-37.69662
4504869687.5,-37.68363
4504870625.0,-37.68205
4504871562.5,-37.68292
4504872500.0,-37.67518
4504873437.5,-37.68495
4504874375.0,-37.6749
4504875312.5,-37.66782
4504876250.0,-37.67803
4504877187.5,-37.6702
4504878125.0,-37.66527
4504879062.5,-37.66008
4504880000.0,-37.65786
4504880937.5,-37.6548
4504881875.0,-37.64056
4504882812.5,-37.64747
4504883750.0,-37.65103
4504884687.5,-37.63364
4504885625.0,-37.63157
4504886562.5,-37.62728
4504887500.0,-37.61992
4504888437.5,-37.62488
4504889375.0,-37.61967
4504890312.5,-37.62071
4504891250.0,-37.61271
4504892187.5,-37.61564
4504893125.0,-37.6129
4504894062.5,-37.60767
4504895000.0,-37.60125
4504895937.5,-37.59804
4504896875.0,-37.58817
4504897812.5,-37.59818
4504898750.0,-37.59161
4504899687.5,-37.57883
4504900625.0,-37.58181
4504901562.5,-37.57867
4504902500.0,-37.58165
4504903437.5,-37.58072
4504904375.0,-37.57197
4504905312.5,-37.57563
4504906250.0,-37.56088
4504907187.5,-37.56723
4504908125.0,-37.55542
4504909062.5,-37.56379
4504910000.0,-37.54563
4504910937.5,-37.55355
4504911875.0,-37.54525
4504912812.5,-37.53774
4504913750.0,-37.53115
4504914687.5,-37.53069
4504915625.0,-37.5422
4504916562.5,-37.53331
4504917500.0,-37.53011
4504918437.5,-37.53573
4504919375.0,-37.53565
4504920312.5,-37.51815
4504921250.0,-37.51127
4504922187.5,-37.51775
4504923125.0,-37.51378
4504924062.5,-37.53443
4504925000.0,-37.50531
4504925937.5,-37.50951
4504926875.0,-37.49375
4504927812.5,-37.49786
4504928750.0,-37.50225
4504929687.5,-37.49126
4504930625.0,-37.48318
4504931562.5,-37.46728
4504932500.0,-37.47248
4504933437.5,-37.46811
4504934375.0,-37.47692
4504935312.5,-37.46532
4504936250.0,-37.45813
4504937187.5,-37.45082
4504938125.0,-37.46624
4504939062.5,-37.44532
4504940000.0,-37.44273
4504940937.5,-37.45237
4504941875.0,-37.44277
4504942812.5,-37.43961
4504943750.0,-37.44619
4504944687.5,-37.44427
4504945625.0,-37.42884
4504946562.5,-37.43316
4504947500.0,-37.44108
4504948437.5,-37.42347
4504949375.0,-37.41965
4504950312.5,-37.42034
4504951250.0,-37.4085
4504952187.5,-37.41619
4504953125.0,-37.41056
4504954062.5,-37.40482
4504955000.0,-37.39413
4504955937.5,-37.40245
4504956875.0,-37.3863
4504957812.5,-37.39299
4504958750.0,-37.37949
4504959687.5,-37.39519
4504960625.0,-37.37518
4504961562.5,-37.36892
4504962500.0,-37.37534
4504963437.5,-37.38494
4504964375.0,-37.36132
4504965312.5,-37.3594
4504966250.0,-37.35492
4504967187.5,-37.35958
4504968125.0,-37.35603
4504969062.5,-37.34991
4504970000.0,-37.35158
4504970937.5,-37.34993
4504971875.0,-37.34492
4504972812.5,-37.32481
4504973750.0,-37.33901
4504974687.5,-37.33278
4504975625.0,-37.33863
4504976562.5,-37.31975
4504977500.0,-37.3187
4504978437.5,-37.31879
4504979375.0,-37.32085
4504980312.5,-37.31223
4504981250.0,-37.30035
4504982187.5,-37.28731
4504983125.0,-37.29865
4504984062.5,-37.29729
4504985000.0,-37.30912
4504985937.5,-37.28292
4504986875.0,-37.29068
4504987812.5,-37.28909
4504988750.0,-37.29001
4504989687.5,-37.28623
4504990625.0,-37.26482
4504991562.5,-37.26648
4504992500.0,-37.26192
4504993437.5,-37.26227
4504994375.0,-37.26134
4504995312.5,-37.24778
4504996250.0,-37.25562
4504997187.5,-37.25587
4504998125.0,-37.25445
4504999062.5,-37.23955
4505000000.0,-37.24201
4505000937.5,-37.25389
4505001875.0,-37.22748
4505002812.5,-37.23278
4505003750.0,-37.23371
4505004687.5,-37.2292
4505005625.0,-37.21963
4505006562.5,-37.20735
4505007500.0,-37.22339
4505008437.5,-37.21658
4505009375.0,-37.21248
4505010312.5,-37.20386
4505011250.0,-37.21155
4505012187.5,-37.19383
4505013125.0,-37.19423
4505014062.5,-37.19908
4505015000.0,-37.19275
4505015937.5,-37.17857
4505016875.0,-37.18818
4505017812.5,-37.18049
4505018750.0,-37.18961
4505019687.5,-37.17769
4505020625.0,-37.17984
4505021562.5,-37.16499
4505022500.0,-37.17555
4505023437.5,-37.16175
4505024375.0,-37.15866
4505025312.5,-37.14719
4505026250.0,-37.15512
4505027187.5,-37.13751
4505028125.0,-37.14857
4505029062.5,-37.13371
4505030000.0,-37.1447
4505030937.5,-37.14005
4505031875.0,-37.13754
4505032812.5,-37.13917
4505033750.0,-37.13708
4505034687.5,-37.11238
4505035625.0,-37.11151
4505036562.5,-37.12901
4505037500.0,-37.11231
4505038437.5,-37.10341
4505039375.0,-37.11015
4505040312.5,-37.10577
4505041250.0,-37.10788
4505042187.5,-37.09636
4505043125.0,-37.0811
4505044062.5,-37.07935
4505045000.0,-37.0826
4505045937.5,-37.09763
4505046875.0,-37.07742
4505047812.5,-37.08236
4505048750.0,-37.07839
4505049687.5,-37.06693
4505050625.0,-37.06276
4505051562.5,-37.07447
4505052500.0,-37.05551
4505053437.5,-37.05725
4505054375.0,-37.05666
4505055312.5,-37.04731
4505056250.0,-37.05076
4505057187.5,-37.04883
4505058125.0,-37.03262
4505059062.5,-37.03408
4505060000.0,-37.03381
4505060937.5,-37.02181
4505061875.0,-37.02278
4505062812.5,-37.02217
4505063750.0,-37.00386
4505064687.5,-37.0153
4505065625.0,-37.00729
4505066562.5,-37.00117
4505067500.0,-37.00079
4505068437.5,-37.01178
4505069375.0,-37.00491
4505070312.5,-36.99219
4505071250.0,-36.99521
4505072187.5,-36.98572
4505073125.0,-36.98103
4505074062.5,-36.98932
4505075000.0,-36.98742
4505075937.5,-36.96793
4505076875.0,-36.97437
4505077812.5,-36.97215
4505078750.0,-36.95169
4505079687.5,-36.96486
4505080625.0,-36.95406
4505081562.5,-36.96745
4505082500.0,-36.94151
4505083437.5,-36.95028
4505084375.0,-36.93648
4505085312.5,-36.94924
4505086250.0,-36.93227
4505087187.5,-36.93553
4505088125.0,-36.94324
4505089062.5,-36.93035
4505090000.0,-36.93009
4505090937.5,-36.916
4505091875.0,-36.92467
4505092812.5,-36.91995
4505093750.0,-36.91439
4505094687.5,-36.9131
4505095625.0,-36.90586
4505096562.5,-36.91022
4505097500.0,-36.89785
4505098437.5,-36.89596
4505099375.0,-36.90551
4505100312.5,-36.87819
4505101250.0,-36.89027
4505102187.5,-36.87906
4505103125.0,-36.87748
4505104062.5,-36.86649
4505105000.0,-36.87557
4505105937.5,-36.86698
4505106875.0,-36.86348
4505107812.5,-36.86559
4505108750.0,-36.8544
4505109687.5,-36.8652
4505110625.0,-36.84774
4505111562.5,-36.84714
4505112500.0,-36.83146
4505113437.5,-36.84066
4505114375.0,-36.82775
4505115312.5,-36.83096
4505116250.0,-36.82925
4505117187.5,-36.82888
4505118125.0,-36.8099
4505119062.5,-36.82391
4505120000.0,-36.8173
4505120937.5,-36.80535
4505121875.0,-36.79745
4505122812.5,-36.80823
4505123750.0,-36.7976
4505124687.5,-36.79193
4505125625.0,-36.80665
4505126562.5,-36.79548
4505127500.0,-36.79361
4505128437.5,-36.78425
4505129375.0,-36.7796
4505130312.5,-36.77724
4505131250.0,-36.78413
4505132187.5,-36.76407
4505133125.0,-36.76447
4505134062.5,-36.75938
4505135000.0,-36.75382
4505135937.5,-36.76685
4505136875.0,-36.75038
4505137812.5,-36.74818
4505138750.0,-36.74191
4505139687.5,-36.74178
4505140625.0,-36.74505
4505141562.5,-36.74049
4505142500.0,-36.73378
4505143437.5,-36.73299
4505144375.0,-36.71641
4505145312.5,-36.72318
4505146250.0,-36.7287
4505147187.5,-36.71857
4505148125.0,-36.71719
4505149062.5,-36.71049
4505150000.0,-36.70184
4505150937.5,-36.70034
4505151875.0,-36.7089
4505152812.5,-36.69138
4505153750.0,-36.68786
4505154687.5,-36.67408
4505155625.0,-36.68304
4505156562.5,-36.67353
4505157500.0,-36.66555
4505158437.5,-36.67204
4505159375.0,-36.66873
4505160312.5,-36.64524
4505161250.0,-36.66693
4505162187.5,-36.6643
4505163125.0,-36.65063
4505164062.5,-36.661
4505165000.0,-36.64976
4505165937.5,-36.65978
4505166875.0,-36.6507
4505167812.5,-36.63862
4505168750.0,-36.63907
4505169687.5,-36.63821
4505170625.0,-36.61895
4505171562.5,-36.62693
4505172500.0,-36.62333
4505173437.5,-36.63377
4505174375.0,-36.61869
4505175312.5,-36.61338
4505176250.0,-36.60276
4505177187.5,-36.60196
4505178125.0,-36.59695
4505179062.5,-36.59503
4505180000.0,-36.57964
4505180937.5,-36.59214
4505181875.0,-36.59212
4505182812.5,-36.57798
4505183750.0,-36.5709
4505184687.5,-36.56081
4505185625.0,-36.5761
4505186562.5,-36.57451
4505187500.0,-36.56308
4505188437.5,-36.55535
4505189375.0,-36.53994
4505190312.5,-36.54925
4505191250.0,-36.53904
4505192187.5,-36.54357
4505193125.0,-36.55412
4505194062.5,-36.54169
4505195000.0,-36.54012
4505195937.5,-36.52641
4505196875.0,-36.5308
4505197812.5,-36.53383
4505198750.0,-36.5222
4505199687.5,-36.51832
4505200625.0,-36.52068
4505201562.5,-36.50895
4505202500.0,-36.50708
4505203437.5,-36.50383
4505204375.0,-36.50617
4505205312.5,-36.49316
4505206250.0,-36.48811
4505207187.5,-36.47818
4505208125.0,-36.48981
4505209062.5,-36.48895
4505210000.0,-36.47613
4505210937.5,-36.47353
4505211875.0,-36.48822
4505212812.5,-36.46946
4505213750.0,-36.48009
4505214687.5,-36.45754
4505215625.0,-36.45284
4505216562.5,-36.45589
4505217500.0,-36.44654
4505218437.5,-36.45506
4505219375.0,-36.43636
4505220312.5,-36.43211
4505221250.0,-36.43431
4505222187.5,-36.43282
4505223125.0,-36.44306
4505224062.5,-36.41937
4505225000.0,-36.43146
4505225937.5,-36.41728
4505226875.0,-36.42264
4505227812.5,-36.41456
4505228750.0,-36.40839
4505229687.5,-36.39677
4505230625.0,-36.40318
4505231562.5,-36.39868
4505232500.0,-36.38463
4505233437.5,-36.37134
4505234375.0,-36.38361
4505235312.5,-36.36991
4505236250.0,-36.3879
4505237187.5,-36.37462
4505238125.0,-36.38324
4505239062.5,-36.35796
4505240000.0,-36.35607
4505240937.5,-36.35201
4505241875.0,-36.35436
4505242812.5,-36.34966
4505243750.0,-36.34408
4505244687.5,-36.33167
4505245625.0,-36.34603
4505246562.5,-36.34161
4505247500.0,-36.32776
4505248437.5,-36.33841
4505249375.0,-36.3201
4505250312.5,-36.33268
4505251250.0,-36.32306
4505252187.5,-36.31319
4505253125.0,-36.31833
4505254062.5,-36.31056
4505255000.0,-36.30299
4505255937.5,-36.30523
4505256875.0,-36.30047
4505257812.5,-36.29871
4505258750.0,-36.30048
4505259687.5,-36.27617
4505260625.0,-36.2902
4505261562.5,-36.27023
4505262500.0,-36.27599
4505263437.5,-36.28507
4505264375.0,-36.26701
4505265312.5,-36.26093
4505266250.0,-36.26439
4505267187.5,-36.25156
4505268125.0,-36.25492
4505269062.5,-36.24166
4505270000.0,-36.24222
4505270937.5,-36.24503
4505271875.0,-36.23388
4505272812.5,-36.24046
4505273750.0,-36.22297
4505274687.5,-36.22055
4505275625.0,-36.22738
4505276562.5,-36.21661
4505277500.0,-36.21179
4505278437.5,-36.20488
4505279375.0,-36.19059
4505280312.5,-36.20364
4505281250.0,-36.19607
4505282187.5,-36.1936
4505283125.0,-36.19097
4505284062.5,-36.19429
4505285000.0,-36.17999
4505285937.5,-36.17636
4505286875.0,-36.18909
4505287812.5,-36.17919
4505288750.0,-36.16787
4505289687.5,-36.16874
4505290625.0,-36.16457
4505291562.5,-36.16715
4505292500.0,-36.15709
4505293437.5,-36.16362
4505294375.0,-36.1456
4505295312.5,-36.14264
4505296250.0,-36.15265
4505297187.5,-36.14094
4505298125.0,-36.14619
4505299062.5,-36.13043
4505300000.0,-36.11734
4505300937.5,-36.1343
4505301875.0,-36.11729
4505302812.5,-36.10876
4505303750.0,-36.11071
4505304687.5,-36.11242
4505305625.0,-36.1235
4505306562.5,-36.09991
4505307500.0,-36.09263
4505308437.5,-36.09775
4505309375.0,-36.10186
4505310312.5,-36.08353
4505311250.0,-36.07462
4505312187.5,-36.07833
4505313125.0,-36.07135
4505314062.5,-36.06459
4505315000.0,-36.06664
4505315937.5,-36.05501
4505316875.0,-36.07097
4505317812.5,-36.05075
4505318750.0,-36.05973
4505319687.5,-36.03942
4505320625.0,-36.04829
4505321562.5,-36.04831
4505322500.0,-36.03921
4505323437.5,-36.04229
4505324375.0,-36.02567
4505325312.5,-36.02239
4505326250.0,-36.0264
4505327187.5,-36.02392
4505328125.0,-36.01854
4505329062.5,-36.00862
4505330000.0,-36.00108
4505330937.5,-35.99913
4505331875.0,-36.0026
4505332812.5,-35.98877
4505333750.0,-35.99988
4505334687.5,-35.9823
4505335625.0,-35.99072
4505336562.5,-35.99575
4505337500.0,-35.98053
4505338437.5,-35.97019
4505339375.0,-35.97128
4505340312.5,-35.96937
4505341250.0,-35.96843
4505342187.5,-35.955
4505343125.0,-35.95346
4505344062.5,-35.9514
4505345000.0,-35.95218
4505345937.5,-35.94366
4505346875.0,-35.94227
4505347812.5,-35.93953
4505348750.0,-35.93541
4505349687.5,-35.93269
4505350625.0,-35.91939
4505351562.5,-35.91916
4505352500.0,-35.91562
4505353437.5,-35.92066
4505354375.0,-35.91994
4505355312.5,-35.91032
4505356250.0,-35.9012
4505357187.5,-35.89483
4505358125.0,-35.88625
4505359062.5,-35.89595
4505360000.0,-35.88933
4505360937.5,-35.8947
4505361875.0,-35.87971
4505362812.5,-35.87903
4505363750.0,-35.875
4505364687.5,-35.85746
4505365625.0,-35.8682
4505366562.5,-35.86116
4505367500.0,-35.86119
4505368437.5,-35.85129
4505369375.0,-35.85424
4505370312.5,-35.84597
4505371250.0,-35.84279
4505372187.5,-35.85094
4505373125.0,-35.84253
4505374062.5,-35.82726
4505375000.0,-35.82787
4505375937.5,-35.82818
4505376875.0,-35.82113
4505377812.5,-35.81801
4505378750.0,-35.80883
4505379687.5,-35.808
4505380625.0,-35.80809
4505381562.5,-35.80113
4505382500.0,-35.79564
4505383437.5,-35.79691
4505384375.0,-35.78892
4505385312.5,-35.78169
4505386250.0,-35.78225
4505387187.5,-35.78465
4505388125.0,-35.75719
4505389062.5,-35.77636
4505390000.0,-35.7701
4505390937.5,-35.76908
4505391875.0,-35.76244
4505392812.5,-35.7547
4505393750.0,-35.75187
4505394687.5,-35.75174
4505395625.0,-35.74089
4505396562.5,-35.75177
4505397500.0,-35.73925
4505398437.5,-35.7216
4505399375.0,-35.72789
4505400312.5,-35.72213
4505401250.0,-35.72776
4505402187.5,-35.71074
4505403125.0,-35.71508
4505404062.5,-35.70876
4505405000.0,-35.69353
4505405937.5,-35.71504
4505406875.0,-35.70851
4505407812.5,-35.68454
4505408750.0,-35.68937
4505409687.5,-35.69294
4505410625.0,-35.69502
4505411562.5,-35.67839
4505412500.0,-35.67903
4505413437.5,-35.67025
4505414375.0,-35.67612
4505415312.5,-35.66033
4505416250.0,-35.65715
4505417187.5,-35.65062
4505418125.0,-35.64399
4505419062.5,-35.65019
4505420000.0,-35.64373
4505420937.5,-35.63712
4505421875.0,-35.63605
4505422812.5,-35.63387
4505423750.0,-35.62378
4505424687.5,-35.62529
4505425625.0,-35.61605
4505426562.5,-35.62673
4505427500.0,-35.61145
4505428437.5,-35.6007
4505429375.0,-35.60055
4505430312.5,-35.60759
4505431250.0,-35.59783
4505432187.5,-35.59185
4505433125.0,-35.58886
4505434062.5,-35.59114
4505435000.0,-35.5906
4505435937.5,-35.58099
4505436875.0,-35.57842
4505437812.5,-35.57624
4505438750.0,-35.56922
4505439687.5,-35.57306
4505440625.0,-35.55101
4505441562.5,-35.54818
4505442500.0,-35.54997
4505443437.5,-35.55263
4505444375.0,-35.54365
4505445312.5,-35.53238
4505446250.0,-35.52622
4505447187.5,-35.53189
4505448125.0,-35.52557
4505449062.5,-35.53486
4505450000.0,-35.51615
4505450937.5,-35.52122
4505451875.0,-35.50528
4505452812.5,-35.50672
4505453750.0,-35.5072
4505454687.5,-35.50464
4505455625.0,-35.4928
4505456562.5,-35.49397
4505457500.0,-35.49769
4505458437.5,-35.48904
4505459375.0,-35.48958
4505460312.5,-35.47789
4505461250.0,-35.47134
4505462187.5,-35.47028
4505463125.0,-35.46386
4505464062.5,-35.46244
4505465000.0,-35.45094
4505465937.5,-35.45697
4505466875.0,-35.44258
4505467812.5,-35.44405
4505468750.0,-35.44498
4505469687.5,-35.43159
4505470625.0,-35.43695
4505471562.5,-35.43203
4505472500.0,-35.42764
4505473437.5,-35.41277
4505474375.0,-35.41326
4505475312.5,-35.40899
4505476250.0,-35.41725
4505477187.5,-35.41193
4505478125.0,-35.4142
4505479062.5,-35.40245
4505480000.0,-35.38731
4505480937.5,-35.39597
4505481875.0,-35.38718
4505482812.5,-35.38262
4505483750.0,-35.37815
4505484687.5,-35.36644
4505485625.0,-35.36868
4505486562.5,-35.35613
4505487500.0,-35.35079
4505488437.5,-35.34805
4505489375.0,-35.35425
4505490312.5,-35.3541
4505491250.0,-35.34209
4505492187.5,-35.33662
4505493125.0,-35.33502
4505494062.5,-35.33505
4505495000.0,-35.33039
4505495937.5,-35.33069
4505496875.0,-35.321
4505497812.5,-35.31271
4505498750.0,-35.31945
4505499687.5,-35.30492
4505500625.0,-35.29726
4505501562.5,-35.29177
4505502500.0,-35.29082
4505503437.5,-35.2906
4505504375.0,-35.28646
4505505312.5,-35.27949
4505506250.0,-35.28321
4505507187.5,-35.28006
4505508125.0,-35.27071
4505509062.5,-35.2643
4505510000.0,-35.25956
4505510937.5,-35.25993
4505511875.0,-35.24256
4505512812.5,-35.24818
4505513750.0,-35.24355
4505514687.5,-35.23898
4505515625.0,-35.23745
4505516562.5,-35.24361
4505517500.0,-35.23845
4505518437.5,-35.22308
4505519375.0,-35.22292
4505520312.5,-35.21839
4505521250.0,-35.22134
4505522187.5,-35.20815
4505523125.0,-35.21081
4505524062.5,-35.19182
4505525000.0,-35.18907
4505525937.5,-35.20094
4505526875.0,-35.18922
4505527812.5,-35.19137
4505528750.0,-35.19337
4505529687.5,-35.17842
4505530625.0,-35.1717
4505531562.5,-35.16605
4505532500.0,-35.16729
4505533437.5,-35.15718
4505534375.0,-35.15863
4505535312.5,-35.15869
4505536250.0,-35.15504
4505537187.5,-35.14807
4505538125.0,-35.13647
4505539062.5,-35.13373
4505540000.0,-35.13406
4505540937.5,-35.12563
4505541875.0,-35.121
4505542812.5,-35.11563
4505543750.0,-35.11812
4505544687.5,-35.10969
4505545625.0,-35.10297
4505546562.5,-35.10214
4505547500.0,-35.10004
4505548437.5,-35.09737
4505549375.0,-35.09088
4505550312.5,-35.09452
4505551250.0,-35.07964
4505552187.5,-35.08895
4505553125.0,-35.08521
4505554062.5,-35.06326
4505555000.0,-35.06873
4505555937.5,-35.04932
4505556875.0,-35.05518
4505557812.5,-35.0577
4505558750.0,-35.04787
4505559687.5,-35.0406
4505560625.0,-35.04636
4505561562.5,-35.03316
4505562500.0,-35.03677
4505563437.5,-35.03392
4505564375.0,-35.03424
4505565312.5,-35.0163
4505566250.0,-35.02124
4505567187.5,-35.00518
4505568125.0,-35.00623
4505569062.5,-34.99903
4505570000.0,-34.99694
4505570937.5,-34.98931
4505571875.0,-35.00105
4505572812.5,-34.99041
4505573750.0,-34.97884
4505574687.5,-34.97754
4505575625.0,-34.97217
4505576562.5,-34.96614
4505577500.0,-34.96835
4505578437.5,-34.97323
4505579375.0,-34.96222
4505580312.5,-34.9502
4505581250.0,-34.95245
4505582187.5,-34.93679
4505583125.0,-34.93441
4505584062.5,-34.93241
4505585000.0,-34.93265
4505585937.5,-34.93301
4505586875.0,-34.93359
4505587812.5,-34.929
4505588750.0,-34.92128
4505589687.5,-34.90643
4505590625.0,-34.91098
4505591562.5,-34.90414
4505592500.0,-34.89128
4505593437.5,-34.89028
4505594375.0,-34.89148
4505595312.5,-34.89241
4505596250.0,-34.88396
4505597187.5,-34.87501
4505598125.0,-34.87226
4505599062.5,-34.86883
4505600000.0,-34.87165
4505600937.5,-34.86371
4505601875.0,-34.8515
4505602812.5,-34.85157
4505603750.0,-34.84615
4505604687.5,-34.85155
4505605625.0,-34.83675
4505606562.5,-34.83162
4505607500.0,-34.82922
4505608437.5,-34.82735
4505609375.0,-34.81554
4505610312.5,-34.8159
4505611250.0,-34.8145
4505612187.5,-34.81592
4505613125.0,-34.8078
4505614062.5,-34.79721
4505615000.0,-34.80596
4505615937.5,-34.78646
4505616875.0,-34.79144
4505617812.5,-34.78801
4505618750.0,-34.78125
4505619687.5,-34.77032
4505620625.0,-34.77454
4505621562.5,-34.77175
4505622500.0,-34.76857
4505623437.5,-34.76501
4505624375.0,-34.7672
4505625312.5,-34.75975
4505626250.0,-34.75228
4505627187.5,-34.7347
4505628125.0,-34.73374
4505629062.5,-34.74224
4505630000.0,-34.72388
4505630937.5,-34.73091
4505631875.0,-34.72527
4505632812.5,-34.72102
4505633750.0,-34.7154
4505634687.5,-34.71799
4505635625.0,-34.69495
4505636562.5,-34.70457
4505637500.0,-34.69579
4505638437.5,-34.69572
4505639375.0,-34.67903
4505640312.5,-34.68177
4505641250.0,-34.68041
4505642187.5,-34.67545
4505643125.0,-34.6716
4505644062.5,-34.66707
4505645000.0,-34.66923
4505645937.5,-34.65582
4505646875.0,-34.64451
4505647812.5,-34.64413
4505648750.0,-34.64024
4505649687.5,-34.64402
4505650625.0,-34.64013
4505651562.5,-34.6354
4505652500.0,-34.62381
4505653437.5,-34.63869
4505654375.0,-34.61419
4505655312.5,-34.62172
4505656250.0,-34.61075
4505657187.5,-34.60837
4505658125.0,-34.59789
4505659062.5,-34.60077
4505660000.0,-34.60064
4505660937.5,-34.59016
4505661875.0,-34.58967
4505662812.5,-34.57449
4505663750.0,-34.57584
4505664687.5,-34.57168
4505665625.0,-34.55848
4505666562.5,-34.56106
4505667500.0,-34.55985
4505668437.5,-34.54416
4505669375.0,-34.55667
4505670312.5,-34.54184
4505671250.0,-34.5427
4505672187.5,-34.5389
4505673125.0,-34.53127
4505674062.5,-34.52356
4505675000.0,-34.52794
4505675937.5,-34.51455
4505676875.0,-34.5125
4505677812.5,-34.50757
4505678750.0,-34.49977
4505679687.5,-34.51679
4505680625.0,-34.50724
4505681562.5,-34.49623
4505682500.0,-34.49696
4505683437.5,-34.48694
4505684375.0,-34.4796
4505685312.5,-34.48085
4505686250.0,-34.4794
4505687187.5,-34.46831
4505688125.0,-34.46219
4505689062.5,-34.46262
4505690000.0,-34.45329
4505690937.5,-34.4569
4505691875.0,-34.44784
4505692812.5,-34.44386
4505693750.0,-34.43106
4505694687.5,-34.4374
4505695625.0,-34.42842
4505696562.5,-34.4204
4505697500.0,-34.43085
4505698437.5,-34.40628
4505699375.0,-34.41735
4505700312.5,-34.41417
4505701250.0,-34.39903
4505702187.5,-34.39308
4505703125.0,-34.39715
4505704062.5,-34.39223
4505705000.0,-34.3829
4505705937.5,-34.38699
4505706875.0,-34.37809
4505707812.5,-34.36054
4505708750.0,-34.35254
4505709687.5,-34.36462
4505710625.0,-34.3601
4505711562.5,-34.35792
4505712500.0,-34.34772
4505713437.5,-34.34953
4505714375.0,-34.34522
4505715312.5,-34.33198
4505716250.0,-34.3245
4505717187.5,-34.31649
4505718125.0,-34.31962
4505719062.5,-34.29913
4505720000.0,-34.3061
4505720937.5,-34.31305
4505721875.0,-34.30334
4505722812.5,-34.30351
4505723750.0,-34.28855
4505724687.5,-34.28907
4505725625.0,-34.29259
4505726562.5,-34.27749
4505727500.0,-34.27602
4505728437.5,-34.28317
4505729375.0,-34.25935
4505730312.5,-34.264
4505731250.0,-34.26521
4505732187.5,-34.25705
4505733125.0,-34.25191
4505734062.5,-34.24591
4505735000.0,-34.23863
4505735937.5,-34.23658
4505736875.0,-34.23159
4505737812.5,-34.22386
4505738750.0,-34.22725
4505739687.5,-34.21315
4505740625.0,-34.21839
4505741562.5,-34.19837
4505742500.0,-34.20648
4505743437.5,-34.19299
4505744375.0,-34.19604
4505745312.5,-34.19622
4505746250.0,-34.17922
4505747187.5,-34.18708
4505748125.0,-34.18158
4505749062.5,-34.17636
4505750000.0,-34.16583
4505750937.5,-34.1604
4505751875.0,-34.15032
4505752812.5,-34.1655
4505753750.0,-34.14774
4505754687.5,-34.14323
4505755625.0,-34.13971
4505756562.5,-34.13406
4505757500.0,-34.13488
4505758437.5,-34.13153
4505759375.0,-34.13388
4505760312.5,-34.11581
4505761250.0,-34.12281
4505762187.5,-34.10813
4505763125.0,-34.10271
4505764062.5,-34.10421
4505765000.0,-34.09946
4505765937.5,-34.09388
4505766875.0,-34.08963
4505767812.5,-34.07697
4505768750.0,-34.0897
4505769687.5,-34.06897
4505770625.0,-34.06168
4505771562.5,-34.06254
4505772500.0,-34.0491
4505773437.5,-34.06273
4505774375.0,-34.05281
4505775312.5,-34.04185
4505776250.0,-34.03782
4505777187.5,-34.0323
4505778125.0,-34.03376
4505779062.5,-34.02293
4505780000.0,-34.01965
4505780937.5,-34.0136
4505781875.0,-34.01604
4505782812.5,-34.01488
4505783750.0,-34.0074
4505784687.5,-34.00855
4505785625.0,-34.00476
4505786562.5,-33.99504
4505787500.0,-33.98512
4505788437.5,-33.98543
4505789375.0,-33.98058
4505790312.5,-33.9823
4505791250.0,-33.96809
4505792187.5,-33.97223
4505793125.0,-33.96478
4505794062.5,-33.94721
4505795000.0,-33.94312
4505795937.5,-33.9459
4505796875.0,-33.93951
4505797812.5,-33.94001
4505798750.0,-33.93496
4505799687.5,-33.92249
4505800625.0,-33.92176
4505801562.5,-33.92088
4505802500.0,-33.91821
4505803437.5,-33.90627
4505804375.0,-33.89843
4505805312.5,-33.90232
4505806250.0,-33.90469
4505807187.5,-33.89444
4505808125.0,-33.88934
4505809062.5,-33.88283
4505810000.0,-33.8882
4505810937.5,-33.87549
4505811875.0,-33.86637
4505812812.5,-33.85759
4505813750.0,-33.85551
4505814687.5,-33.86141
4505815625.0,-33.85601
4505816562.5,-33.84375
4505817500.0,-33.84149
4505818437.5,-33.824
4505819375.0,-33.83231
4505820312.5,-33.82796
4505821250.0,-33.83064
4505822187.5,-33.81214
4505823125.0,-33.80774
4505824062.5,-33.80182
4505825000.0,-33.80457
4505825937.5,-33.8007
4505826875.0,-33.79122
4505827812.5,-33.78827
4505828750.0,-33.78288
4505829687.5,-33.77395
4505830625.0,-33.77496
4505831562.5,-33.77128
4505832500.0,-33.75859
4505833437.5,-33.76345
4505834375.0,-33.755
4505835312.5,-33.74791
4505836250.0,-33.74797
4505837187.5,-33.74511
4505838125.0,-33.73803
4505839062.5,-33.73048
4505840000.0,-33.727
4505840937.5,-33.71751
4505841875.0,-33.71262
4505842812.5,-33.71656
4505843750.0,-33.70553
4505844687.5,-33.70359
4505845625.0,-33.70352
4505846562.5,-33.69089
4505847500.0,-33.68547
4505848437.5,-33.68135
4505849375.0,-33.67964
4505850312.5,-33.67381
4505851250.0,-33.66649
4505852187.5,-33.65969
4505853125.0,-33.66689
4505854062.5,-33.66191
4505855000.0,-33.65087
4505855937.5,-33.64596
4505856875.0,-33.64167
4505857812.5,-33.63284
4505858750.0,-33.63483
4505859687.5,-33.62149
4505860625.0,-33.62927
4505861562.5,-33.61789
4505862500.0,-33.61587
4505863437.5,-33.60155
4505864375.0,-33.60205
4505865312.5,-33.59543
4505866250.0,-33.59068
4505867187.5,-33.59694
4505868125.0,-33.59069
4505869062.5,-33.5791
4505870000.0,-33.58399
4505870937.5,-33.57047
4505871875.0,-33.57247
4505872812.5,-33.55126
4505873750.0,-33.55459
4505874687.5,-33.55235
4505875625.0,-33.53629
4505876562.5,-33.53568
4505877500.0,-33.53215
4505878437.5,-33.52569
4505879375.0,-33.52002
4505880312.5,-33.52449
4505881250.0,-33.52271
4505882187.5,-33.51155
4505883125.0,-33.52028
4505884062.5,-33.51012
4505885000.0,-33.49569
4505885937.5,-33.49662
4505886875.0,-33.48661
4505887812.5,-33.4891
4505888750.0,-33.48506
4505889687.5,-33.47437
4505890625.0,-33.46709
4505891562.5,-33.45766
4505892500.0,-33.45478
4505893437.5,-33.4452
4505894375.0,-33.45213
4505895312.5,-33.44788
4505896250.0,-33.43981
4505897187.5,-33.44156
4505898125.0,-33.43292
4505899062.5,-33.42285
4505900000.0,-33.41962
4505900937.5,-33.41909
4505901875.0,-33.41113
4505902812.5,-33.40768
4505903750.0,-33.40759
4505904687.5,-33.40207
4505905625.0,-33.39445
4505906562.5,-33.39107
4505907500.0,-33.38551
4505908437.5,-33.3895
4505909375.0,-33.37253
4505910312.5,-33.3752
4505911250.0,-33.36822
4505912187.5,-33.36407
4505913125.0,-33.35495
4505914062.5,-33.34243
4505915000.0,-33.34426
4505915937.5,-33.34425
4505916875.0,-33.33921
4505917812.5,-33.33016
4505918750.0,-33.32756
4505919687.5,-33.31841
4505920625.0,-33.31627
4505921562.5,-33.30985
4505922500.0,-33.31119
4505923437.5,-33.2991
4505924375.0,-33.30047
4505925312.5,-33.2981
4505926250.0,-33.28073
4505927187.5,-33.2776
4505928125.0,-33.28164
4505929062.5,-33.2716
4505930000.0,-33.27482
4505930937.5,-33.26342
4505931875.0,-33.25563
4505932812.5,-33.25383
4505933750.0,-33.24611
4505934687.5,-33.24007
4505935625.0,-33.23405
4505936562.5,-33.22932
4505937500.0,-33.22775
4505938437.5,-33.21686
4505939375.0,-33.21362
4505940312.5,-33.20962
4505941250.0,-33.20917
4505942187.5,-33.1998
4505943125.0,-33.19521
4505944062.5,-33.19483
4505945000.0,-33.1815
4505945937.5,-33.17589
4505946875.0,-33.18413
4505947812.5,-33.16845
4505948750.0,-33.16366
4505949687.5,-33.16373
4505950625.0,-33.15663
4505951562.5,-33.15463
4505952500.0,-33.1493
4505953437.5,-33.14723
4505954375.0,-33.13945
4505955312.5,-33.13512
4505956250.0,-33.12675
4505957187.5,-33.12018
4505958125.0,-33.1221
4505959062.5,-33.11322
4505960000.0,-33.10542
4505960937.5,-33.10731
4505961875.0,-33.09972
4505962812.5,-33.09795
4505963750.0,-33.09597
4505964687.5,-33.08883
4505965625.0,-33.07421
4505966562.5,-33.07823
4505967500.0,-33.06398
4505968437.5,-33.0655
4505969375.0,-33.05348
4505970312.5,-33.05496
4505971250.0,-33.04627
4505972187.5,-33.04177
4505973125.0,-33.04296
4505974062.5,-33.03299
4505975000.0,-33.03144
4505975937.5,-33.02613
4505976875.0,-33.01452
4505977812.5,-33.02016
4505978750.0,-33.0127
4505979687.5,-33.0076
4505980625.0,-32.99674
4505981562.5,-32.99951
4505982500.0,-32.995
4505983437.5,-32.98634
4505984375.0,-32.9792
4505985312.5,-32.96587
4505986250.0,-32.96859
4505987187.5,-32.95982
4505988125.0,-32.95137
4505989062.5,-32.9524
4505990000.0,-32.94296
4505990937.5,-32.94074
4505991875.0,-32.9446
4505992812.5,-32.93187
4505993750.0,-32.93274
4505994687.5,-32.91777
4505995625.0,-32.92455
4505996562.5,-32.90522
4505997500.0,-32.91002
4505998437.5,-32.90255
4505999375.0,-32.90102
4506000312.5,-32.89256
4506001250.0,-32.89189
4506002187.5,-32.88274
4506003125.0,-32.8821
4506004062.5,-32.8723
4506005000.0,-32.87371
4506005937.5,-32.85439
4506006875.0,-32.85108
4506007812.5,-32.85395
4506008750.0,-32.84803
4506009687.5,-32.84783
4506010625.0,-32.84741
4506011562.5,-32.8258
4506012500.0,-32.82905
4506013437.5,-32.8224
4506014375.0,-32.82205
4506015312.5,-32.80706
4506016250.0,-32.80997
4506017187.5,-32.79943
4506018125.0,-32.7952
4506019062.5,-32.78815
4506020000.0,-32.786
4506020937.5,-32.77146
4506021875.0,-32.78211
4506022812.5,-32.77377
4506023750.0,-32.76853
4506024687.5,-32.75776
4506025625.0,-32.7512
4506026562.5,-32.74701
4506027500.0,-32.7452
4506028437.5,-32.74121
4506029375.0,-32.73631
4506030312.5,-32.74076
4506031250.0,-32.72036
4506032187.5,-32.71584
4506033125.0,-32.72467
4506034062.5,-32.71197
4506035000.0,-32.70645
4506035937.5,-32.69287
4506036875.0,-32.68835
4506037812.5,-32.69236
4506038750.0,-32.68404
4506039687.5,-32.67598
4506040625.0,-32.67097
4506041562.5,-32.66704
4506042500.0,-32.66125
4506043437.5,-32.65936
4506044375.0,-32.64742
4506045312.5,-32.64697
4506046250.0,-32.63823
4506047187.5,-32.63553
4506048125.0,-32.63441
4506049062.5,-32.63146
4506050000.0,-32.62131
4506050937.5,-32.61438
4506051875.0,-32.61185
4506052812.5,-32.60399
4506053750.0,-32.59916
4506054687.5,-32.59464
4506055625.0,-32.58969
4506056562.5,-32.58572
4506057500.0,-32.58274
4506058437.5,-32.58424
4506059375.0,-32.56937
4506060312.5,-32.56773
4506061250.0,-32.56158
4506062187.5,-32.55766
4506063125.0,-32.55029
4506064062.5,-32.54283
4506065000.0,-32.53856
4506065937.5,-32.54549
4506066875.0,-32.5324
4506067812.5,-32.5216
4506068750.0,-32.51559
4506069687.5,-32.51146
4506070625.0,-32.50935
4506071562.5,-32.50517
4506072500.0,-32.49725
4506073437.5,-32.49228
4506074375.0,-32.49228
4506075312.5,-32.48209
4506076250.0,-32.47593
4506077187.5,-32.47027
4506078125.0,-32.46991
4506079062.5,-32.46423
4506080000.0,-32.45409
4506080937.5,-32.44979
4506081875.0,-32.44257
4506082812.5,-32.4402
4506083750.0,-32.43667
4506084687.5,-32.42962
4506085625.0,-32.42223
4506086562.5,-32.41539
4506087500.0,-32.41704
4506088437.5,-32.40108
4506089375.0,-32.39914
4506090312.5,-32.38806
4506091250.0,-32.38591
4506092187.5,-32.39142
4506093125.0,-32.37722
4506094062.5,-32.38263
4506095000.0,-32.3737
4506095937.5,-32.37052
4506096875.0,-32.36052
4506097812.5,-32.35735
4506098750.0,-32.35206
4506099687.5,-32.34211
4506100625.0,-32.34143
4506101562.5,-32.33129
4506102500.0,-32.33633
4506103437.5,-32.32435
4506104375.0,-32.31723
4506105312.5,-32.31036
4506106250.0,-32.3096
4506107187.5,-32.30174
4506108125.0,-32.29084
4506109062.5,-32.28627
4506110000.0,-32.28211
4506110937.5,-32.27896
4506111875.0,-32.2707
4506112812.5,-32.26641
4506113750.0,-32.26432
4506114687.5,-32.25666
4506115625.0,-32.24877
4506116562.5,-32.24662
4506117500.0,-32.24242
4506118437.5,-32.23973
4506119375.0,-32.23152
4506120312.5,-32.22683
4506121250.0,-32.21273
4506122187.5,-32.21493
4506123125.0,-32.21984
4506124062.5,-32.20387
4506125000.0,-32.1963
4506125937.5,-32.19522
4506126875.0,-32.19335
4506127812.5,-32.19478
4506128750.0,-32.17933
4506129687.5,-32.1709
4506130625.0,-32.16471
4506131562.5,-32.16013
4506132500.0,-32.15514
4506133437.5,-32.14748
4506134375.0,-32.14973
4506135312.5,-32.13609
4506136250.0,-32.12821
4506137187.5,-32.12455
4506138125.0,-32.12186
4506139062.5,-32.12128
4506140000.0,-32.11583
4506140937.5,-32.10817
4506141875.0,-32.10077
4506142812.5,-32.09422
4506143750.0,-32.09176
4506144687.5,-32.08989
4506145625.0,-32.08237
4506146562.5,-32.0823
4506147500.0,-32.07316
4506148437.5,-32.06131
4506149375.0,-32.06466
4506150312.5,-32.0429
4506151250.0,-32.05031
4506152187.5,-32.04407
4506153125.0,-32.03407
4506154062.5,-32.02166
4506155000.0,-32.01781
4506155937.5,-32.02516
4506156875.0,-32.01127
4506157812.5,-32.00551
4506158750.0,-32.00323
4506159687.5,-31.99805
4506160625.0,-31.99184
4506161562.5,-31.98189
4506162500.0,-31.98582
4506163437.5,-31.97391
4506164375.0,-31.97099
4506165312.5,-31.96638
4506166250.0,-31.9594
4506167187.5,-31.95689
4506168125.0,-31.95469
4506169062.5,-31.95294
4506170000.0,-31.94541
4506170937.5,-31.94412
4506171875.0,-31.92709
4506172812.5,-31.92791
4506173750.0,-31.9179
4506174687.5,-31.91534
4506175625.0,-31.91447
4506176562.5,-31.90445
4506177500.0,-31.89689
4506178437.5,-31.89453
4506179375.0,-31.88988
4506180312.5,-31.88452
4506181250.0,-31.87159
4506182187.5,-31.87841
4506183125.0,-31.8594
4506184062.5,-31.85829
4506185000.0,-31.84947
4506185937.5,-31.84899
4506186875.0,-31.84288
4506187812.5,-31.83416
4506188750.0,-31.82641
4506189687.5,-31.82768
4506190625.0,-31.8243
4506191562.5,-31.81121
4506192500.0,-31.81524
4506193437.5,-31.80369
4506194375.0,-31.78989
4506195312.5,-31.78616
4506196250.0,-31.78691
4506197187.5,-31.78539
4506198125.0,-31.77496
4506199062.5,-31.78057
4506200000.0,-31.76591
4506200937.5,-31.75429
4506201875.0,-31.74897
4506202812.5,-31.73821
4506203750.0,-31.74523
4506204687.5,-31.7405
4506205625.0,-31.72846
4506206562.5,-31.72803
4506207500.0,-31.71284
4506208437.5,-31.70922
4506209375.0,-31.71098
4506210312.5,-31.69871
4506211250.0,-31.69621
4506212187.5,-31.68694
4506213125.0,-31.68398
4506214062.5,-31.68329
4506215000.0,-31.66896
4506215937.5,-31.66179
4506216875.0,-31.65953
4506217812.5,-31.65906
4506218750.0,-31.65228
4506219687.5,-31.65394
4506220625.0,-31.64555
4506221562.5,-31.63086
4506222500.0,-31.63088
4506223437.5,-31.62686
4506224375.0,-31.62115
4506225312.5,-31.61259
4506226250.0,-31.61299
4506227187.5,-31.60656
4506228125.0,-31.59714
4506229062.5,-31.5936
4506230000.0,-31.58566
4506230937.5,-31.58406
4506231875.0,-31.57577
4506232812.5,-31.5688
4506233750.0,-31.56121
4506234687.5,-31.56158
4506235625.0,-31.55803
4506236562.5,-31.54532
4506237500.0,-31.53907
4506238437.5,-31.54243
4506239375.0,-31.52909
4506240312.5,-31.52541
4506241250.0,-31.52374
4506242187.5,-31.50712
4506243125.0,-31.50738
4506244062.5,-31.50393
4506245000.0,-31.50354
4506245937.5,-31.49759
4506246875.0,-31.47894
4506247812.5,-31.48306
4506248750.0,-31.47288
4506249687.5,-31.47648
4506250625.0,-31.46589
4506251562.5,-31.46101
4506252500.0,-31.4495
4506253437.5,-31.44373
4506254375.0,-31.43726
4506255312.5,-31.43554
4506256250.0,-31.43117
4506257187.5,-31.4268
4506258125.0,-31.41294
4506259062.5,-31.40998
4506260000.0,-31.40592
4506260937.5,-31.39412
4506261875.0,-31.39787
4506262812.5,-31.39385
4506263750.0,-31.3828
4506264687.5,-31.37218
4506265625.0,-31.36758
4506266562.5,-31.36705
4506267500.0,-31.36029
4506268437.5,-31.3558
4506269375.0,-31.3517
4506270312.5,-31.34231
4506271250.0,-31.33718
4506272187.5,-31.32942
4506273125.0,-31.32357
4506274062.5,-31.31561
4506275000.0,-31.31632
4506275937.5,-31.3112
4506276875.0,-31.3034
4506277812.5,-31.29504
4506278750.0,-31.29519
4506279687.5,-31.28393
4506280625.0,-31.28931
4506281562.5,-31.27196
4506282500.0,-31.27098
4506283437.5,-31.27318
4506284375.0,-31.25828
4506285312.5,-31.25171
4506286250.0,-31.24371
4506287187.5,-31.23813
4506288125.0,-31.23907
4506289062.5,-31.22952
4506290000.0,-31.22847
4506290937.5,-31.21567
4506291875.0,-31.20839
4506292812.5,-31.20916
4506293750.0,-31.20205
4506294687.5,-31.19538
4506295625.0,-31.196
4506296562.5,-31.18064
4506297500.0,-31.1798
4506298437.5,-31.16858
4506299375.0,-31.16701
4506300312.5,-31.16377
4506301250.0,-31.15364
4506302187.5,-31.15096
4506303125.0,-31.14238
4506304062.5,-31.1395
4506305000.0,-31.12936
4506305937.5,-31.1182
4506306875.0,-31.11537
4506307812.5,-31.11949
4506308750.0,-31.10946
4506309687.5,-31.09722
4506310625.0,-31.10234
4506311562.5,-31.0862
4506312500.0,-31.09014
4506313437.5,-31.07811
4506314375.0,-31.07007
4506315312.5,-31.06409
4506316250.0,-31.05609
4506317187.5,-31.06048
4506318125.0,-31.04405
4506319062.5,-31.04364
4506320000.0,-31.04336
4506320937.5,-31.03363
4506321875.0,-31.02133
4506322812.5,-31.01831
4506323750.0,-31.01225
4506324687.5,-31.00557
4506325625.0,-31.00774
4506326562.5,-30.99573
4506327500.0,-30.99992
4506328437.5,-30.98693
4506329375.0,-30.97862
4506330312.5,-30.97087
4506331250.0,-30.96685
4506332187.5,-30.96769
4506333125.0,-30.95901
4506334062.5,-30.95358
4506335000.0,-30.94112
4506335937.5,-30.93791
4506336875.0,-30.93856
4506337812.5,-30.9296
4506338750.0,-30.92236
4506339687.5,-30.91855
4506340625.0,-30.91308
4506341562.5,-30.90364
4506342500.0,-30.89846
4506343437.5,-30.88994
4506344375.0,-30.89161
4506345312.5,-30.8809
4506346250.0,-30.87559
4506347187.5,-30.87444
4506348125.0,-30.86322
4506349062.5,-30.86277
4506350000.0,-30.85527
4506350937.5,-30.85133
4506351875.0,-30.84574
4506352812.5,-30.83564
4506353750.0,-30.8274
4506354687.5,-30.81513
4506355625.0,-30.81997
4506356562.5,-30.8094
4506357500.0,-30.81015
4506358437.5,-30.79925
4506359375.0,-30.79479
4506360312.5,-30.78482
4506361250.0,-30.77691
4506362187.5,-30.77453
4506363125.0,-30.76808
4506364062.5,-30.76561
4506365000.0,-30.75666
4506365937.5,-30.74762
4506366875.0,-30.74241
4506367812.5,-30.74258
4506368750.0,-30.73749
4506369687.5,-30.72876
4506370625.0,-30.7224
4506371562.5,-30.71625
4506372500.0,-30.70982
4506373437.5,-30.70452
4506374375.0,-30.69638
4506375312.5,-30.69463
4506376250.0,-30.68624
4506377187.5,-30.68351
4506378125.0,-30.67448
4506379062.5,-30.66932
4506380000.0,-30.66318
4506380937.5,-30.66346
4506381875.0,-30.6485
4506382812.5,-30.63616
4506383750.0,-30.64106
4506384687.5,-30.63004
4506385625.0,-30.6227
4506386562.5,-30.62146
4506387500.0,-30.6162
4506388437.5,-30.60908
4506389375.0,-30.6029
4506390312.5,-30.59738
4506391250.0,-30.59225
4506392187.5,-30.58635
4506393125.0,-30.58731
4506394062.5,-30.57607
4506395000.0,-30.56908
4506395937.5,-30.56323
4506396875.0,-30.56138
4506397812.5,-30.54883
4506398750.0,-30.54546
4506399687.5,-30.54278
4506400625.0,-30.53548
4506401562.5,-30.52887
4506402500.0,-30.52778
4506403437.5,-30.5146
4506404375.0,-30.5075
4506405312.5,-30.50686
4506406250.0,-30.49322
4506407187.5,-30.49827
4506408125.0,-30.48644
4506409062.5,-30.47382
4506410000.0,-30.4738
4506410937.5,-30.46934
4506411875.0,-30.46437
4506412812.5,-30.4519
4506413750.0,-30.45673
4506414687.5,-30.44203
4506415625.0,-30.44246
4506416562.5,-30.42451
4506417500.0,-30.42513
4506418437.5,-30.41986
4506419375.0,-30.4129
4506420312.5,-30.40791
4506421250.0,-30.40212
4506422187.5,-30.39167
4506423125.0,-30.38708
4506424062.5,-30.37987
4506425000.0,-30.37783
4506425937.5,-30.37195
4506426875.0,-30.35961
4506427812.5,-30.35796
4506428750.0,-30.35755
4506429687.5,-30.34769
4506430625.0,-30.3406
4506431562.5,-30.33828
4506432500.0,-30.32287
4506433437.5,-30.32582
4506434375.0,-30.31781
4506435312.5,-30.30967
4506436250.0,-30.30178
4506437187.5,-30.30071
4506438125.0,-30.29252
4506439062.5,-30.2836
4506440000.0,-30.28193
4506440937.5,-30.27626
4506441875.0,-30.26167
4506442812.5,-30.27061
4506443750.0,-30.26144
4506444687.5,-30.25514
4506445625.0,-30.24724
4506446562.5,-30.24198
4506447500.0,-30.23181
4506448437.5,-30.22619
4506449375.0,-30.22688
4506450312.5,-30.21577
4506451250.0,-30.20334
4506452187.5,-30.20869
4506453125.0,-30.19487
4506454062.5,-30.19475
4506455000.0,-30.17943
4506455937.5,-30.1805
4506456875.0,-30.17304
4506457812.5,-30.1715
4506458750.0,-30.15987
4506459687.5,-30.15393
4506460625.0,-30.14367
4506461562.5,-30.14413
4506462500.0,-30.1388
4506463437.5,-30.13081
4506464375.0,-30.12186
4506465312.5,-30.11918
4506466250.0,-30.11272
4506467187.5,-30.10523
4506468125.0,-30.1015
4506469062.5,-30.09318
4506470000.0,-30.08288
4506470937.5,-30.08341
4506471875.0,-30.0736
4506472812.5,-30.0792
4506473750.0,-30.06257
4506474687.5,-30.05668
4506475625.0,-30.05257
4506476562.5,-30.05159
4506477500.0,-30.04067
4506478437.5,-30.02503
4506479375.0,-30.02777
4506480312.5,-30.0234
4506481250.0,-30.01521
4506482187.5,-30.00809
4506483125.0,-29.99954
4506484062.5,-29.99252
4506485000.0,-29.99398
4506485937.5,-29.97538
4506486875.0,-29.97379
4506487812.5,-29.9755
4506488750.0,-29.96233
4506489687.5,-29.95957
4506490625.0,-29.95561
4506491562.5,-29.94625
4506492500.0,-29.9395
4506493437.5,-29.934
4506494375.0,-29.93182
4506495312.5,-29.9305
4506496250.0,-29.91214
4506497187.5,-29.92057
4506498125.0,-29.9043
4506499062.5,-29.90001
4506500000.0,-29.89262
4506500937.5,-29.88682
4506501875.0,-29.87496
4506502812.5,-29.87397
4506503750.0,-29.86449
4506504687.5,-29.86296
4506505625.0,-29.86062
4506506562.5,-29.84894
4506507500.0,-29.83889
4506508437.5,-29.84012
4506509375.0,-29.83302
4506510312.5,-29.82436
4506511250.0,-29.82282
4506512187.5,-29.81093
4506513125.0,-29.80878
4506514062.5,-29.79979
4506515000.0,-29.79345
4506515937.5,-29.78916
4506516875.0,-29.78817
4506517812.5,-29.77402
4506518750.0,-29.77853
4506519687.5,-29.77319
4506520625.0,-29.76051
4506521562.5,-29.75821
4506522500.0,-29.74414
4506523437.5,-29.74345
4506524375.0,-29.73501
4506525312.5,-29.7297
4506526250.0,-29.7219
4506527187.5,-29.70997
4506528125.0,-29.71754
4506529062.5,-29.69945
4506530000.0,-29.6912
4506530937.5,-29.6914
4506531875.0,-29.67973
4506532812.5,-29.67225
4506533750.0,-29.67415
4506534687.5,-29.67332
4506535625.0,-29.66217
4506536562.5,-29.65184
4506537500.0,-29.65016
4506538437.5,-29.63784
4506539375.0,-29.63995
4506540312.5,-29.63173
4506541250.0,-29.62276
4506542187.5,-29.61815
4506543125.0,-29.61069
4506544062.5,-29.60651
4506545000.0,-29.5955
4506545937.5,-29.58949
4506546875.0,-29.58537
4506547812.5,-29.58204
4506548750.0,-29.57011
4506549687.5,-29.56609
4506550625.0,-29.56635
4506551562.5,-29.55402
4506552500.0,-29.54777
4506553437.5,-29.54953
4506554375.0,-29.54087
4506555312.5,-29.53355
4506556250.0,-29.53029
4506557187.5,-29.52018
4506558125.0,-29.51707
4506559062.5,-29.51078
4506560000.0,-29.5042
4506560937.5,-29.49795
4506561875.0,-29.49257
4506562812.5,-29.48285
4506563750.0,-29.48006
4506564687.5,-29.47631
4506565625.0,-29.47242
4506566562.5,-29.4687
4506567500.0,-29.45064
4506568437.5,-29.45234
4506569375.0,-29.44245
4506570312.5,-29.43495
4506571250.0,-29.4265
4506572187.5,-29.42262
4506573125.0,-29.41891
4506574062.5,-29.413
4506575000.0,-29.40211
4506575937.5,-29.39394
4506576875.0,-29.38901
4506577812.5,-29.38532
4506578750.0,-29.3792
4506579687.5,-29.3758
4506580625.0,-29.36553
4506581562.5,-29.36293
4506582500.0,-29.35716
4506583437.5,-29.34961
4506584375.0,-29.34073
4506585312.5,-29.33931
4506586250.0,-29.33328
4506587187.5,-29.3264
4506588125.0,-29.32298
4506589062.5,-29.31216
4506590000.0,-29.30171
4506590937.5,-29.30432
4506591875.0,-29.29668
4506592812.5,-29.28572
4506593750.0,-29.27655
4506594687.5,-29.27334
4506595625.0,-29.26378
4506596562.5,-29.25526
4506597500.0,-29.25339
4506598437.5,-29.24476
4506599375.0,-29.24294
4506600312.5,-29.23317
4506601250.0,-29.22863
4506602187.5,-29.22442
4506603125.0,-29.22058
4506604062.5,-29.21536
4506605000.0,-29.20749
4506605937.5,-29.20445
4506606875.0,-29.19661
4506607812.5,-29.18889
4506608750.0,-29.17829
4506609687.5,-29.17931
4506610625.0,-29.17407
4506611562.5,-29.16836
4506612500.0,-29.16138
4506613437.5,-29.15518
4506614375.0,-29.14832
4506615312.5,-29.13997
4506616250.0,-29.12862
4506617187.5,-29.12842
4506618125.0,-29.12323
4506619062.5,-29.1156
4506620000.0,-29.10881
4506620937.5,-29.10242
4506621875.0,-29.0959
4506622812.5,-29.09258
4506623750.0,-29.08158
4506624687.5,-29.07597
4506625625.0,-29.07028
4506626562.5,-29.0664
4506627500.0,-29.06041
4506628437.5,-29.05094
4506629375.0,-29.04993
4506630312.5,-29.04202
4506631250.0,-29.03774
4506632187.5,-29.02523
4506633125.0,-29.02211
4506634062.5,-29.01902
4506635000.0,-29.00948
4506635937.5,-29.00649
4506636875.0,-28.99599
4506637812.5,-28.9927
4506638750.0,-28.98847
4506639687.5,-28.97305
4506640625.0,-28.97285
4506641562.5,-28.97216
4506642500.0,-28.9621
4506643437.5,-28.95832
4506644375.0,-28.94749
4506645312.5,-28.94049
4506646250.0,-28.93277
4506647187.5,-28.92694
4506648125.0,-28.9187
4506649062.5,-28.91901
4506650000.0,-28.91606
4506650937.5,-28.90935
4506651875.0,-28.89873
4506652812.5,-28.89208
4506653750.0,-28.88737
4506654687.5,-28.88134
4506655625.0,-28.87619
4506656562.5,-28.87071
4506657500.0,-28.86094
4506658437.5,-28.85687
4506659375.0,-28.85018
4506660312.5,-28.8498
4506661250.0,-28.84355
4506662187.5,-28.83352
4506663125.0,-28.82491
4506664062.5,-28.81904
4506665000.0,-28.8109
4506665937.5,-28.80561
4506666875.0,-28.80372
4506667812.5,-28.79533
4506668750.0,-28.79183
4506669687.5,-28.77913
4506670625.0,-28.77779
4506671562.5,-28.77433
4506672500.0,-28.76769
4506673437.5,-28.75959
4506674375.0,-28.75741
4506675312.5,-28.74942
4506676250.0,-28.74215
4506677187.5,-28.73685
4506678125.0,-28.73496
4506679062.5,-28.72016
4506680000.0,-28.71711
4506680937.5,-28.71744
4506681875.0,-28.71233
4506682812.5,-28.70007
4506683750.0,-28.69281
4506684687.5,-28.68782
4506685625.0,-28.67816
4506686562.5,-28.67448
4506687500.0,-28.6708
4506688437.5,-28.66175
4506689375.0,-28.65993
4506690312.5,-28.65317
4506691250.0,-28.64127
4506692187.5,-28.6349
4506693125.0,-28.63425
4506694062.5,-28.62604
4506695000.0,-28.61942
4506695937.5,-28.6193
4506696875.0,-28.60595
4506697812.5,-28.59688
4506698750.0,-28.59513
4506699687.5,-28.58729
4506700625.0,-28.57884
4506701562.5,-28.57404
4506702500.0,-28.56978
4506703437.5,-28.56612
4506704375.0,-28.55841
4506705312.5,-28.55643
4506706250.0,-28.55262
4506707187.5,-28.54569
4506708125.0,-28.53727
4506709062.5,-28.53465
4506710000.0,-28.52471
4506710937.5,-28.52175
4506711875.0,-28.51836
4506712812.5,-28.50523
4506713750.0,-28.50469
4506714687.5,-28.49709
4506715625.0,-28.49063
4506716562.5,-28.48241
4506717500.0,-28.47252
4506718437.5,-28.46983
4506719375.0,-28.46829
4506720312.5,-28.45451
4506721250.0,-28.45232
4506722187.5,-28.44734
4506723125.0,-28.4402
4506724062.5,-28.43228
4506725000.0,-28.42781
4506725937.5,-28.41662
4506726875.0,-28.41934
4506727812.5,-28.40964
4506728750.0,-28.40276
4506729687.5,-28.40072
4506730625.0,-28.39425
4506731562.5,-28.38558
4506732500.0,-28.38222
4506733437.5,-28.37066
4506734375.0,-28.36972
4506735312.5,-28.36179
4506736250.0,-28.35346
4506737187.5,-28.3548
4506738125.0,-28.34113
4506739062.5,-28.34282
4506740000.0,-28.33102
4506740937.5,-28.32701
4506741875.0,-28.32163
4506742812.5,-28.31013
4506743750.0,-28.30721
4506744687.5,-28.30234
4506745625.0,-28.29723
4506746562.5,-28.29138
4506747500.0,-28.28343
4506748437.5,-28.27915
4506749375.0,-28.27009
4506750312.5,-28.26536
4506751250.0,-28.26126
4506752187.5,-28.25396
4506753125.0,-28.24815
4506754062.5,-28.24325
4506755000.0,-28.23817
4506755937.5,-28.23136
4506756875.0,-28.22941
4506757812.5,-28.22137
4506758750.0,-28.21528
4506759687.5,-28.20804
4506760625.0,-28.20558
4506761562.5,-28.19671
4506762500.0,-28.1901
4506763437.5,-28.18333
4506764375.0,-28.17555
4506765312.5,-28.17264
4506766250.0,-28.16826
4506767187.5,-28.16836
4506768125.0,-28.15371
4506769062.5,-28.14873
4506770000.0,-28.14587
4506770937.5,-28.14359
4506771875.0,-28.13368
4506772812.5,-28.12978
4506773750.0,-28.12424
4506774687.5,-28.11849
4506775625.0,-28.11455
4506776562.5,-28.10539
4506777500.0,-28.09935
4506778437.5,-28.09587
4506779375.0,-28.08879
4506780312.5,-28.07959
4506781250.0,-28.07285
4506782187.5,-28.06823
4506783125.0,-28.06536
4506784062.5,-28.05593
4506785000.0,-28.05142
4506785937.5,-28.04759
4506786875.0,-28.03724
4506787812.5,-28.03171
4506788750.0,-28.0311
4506789687.5,-28.01588
4506790625.0,-28.01696
4506791562.5,-28.01434
4506792500.0,-28.0063
4506793437.5,-28.00259
4506794375.0,-27.99646
4506795312.5,-27.9856
4506796250.0,-27.98401
4506797187.5,-27.97453
4506798125.0,-27.96838
4506799062.5,-27.96182
4506800000.0,-27.96107
4506800937.5,-27.95335
4506801875.0,-27.94547
4506802812.5,-27.94406
4506803750.0,-27.93536
4506804687.5,-27.92978
4506805625.0,-27.93127
4506806562.5,-27.91763
4506807500.0,-27.91292
4506808437.5,-27.91073
4506809375.0,-27.90367
4506810312.5,-27.89343
4506811250.0,-27.89265
4506812187.5,-27.8837
4506813125.0,-27.87462
4506814062.5,-27.87474
4506815000.0,-27.86611
4506815937.5,-27.86442
4506816875.0,-27.86107
4506817812.5,-27.84766
4506818750.0,-27.8433
4506819687.5,-27.8458
4506820625.0,-27.8335
4506821562.5,-27.83272
4506822500.0,-27.82373
4506823437.5,-27.81781
4506824375.0,-27.81236
4506825312.5,-27.80789
4506826250.0,-27.80341
4506827187.5,-27.79874
4506828125.0,-27.79262
4506829062.5,-27.79088
4506830000.0,-27.77912
4506830937.5,-27.77538
4506831875.0,-27.77043
4506832812.5,-27.76287
4506833750.0,-27.76198
4506834687.5,-27.75584
4506835625.0,-27.7487
4506836562.5,-27.74603
4506837500.0,-27.73809
4506838437.5,-27.73571
4506839375.0,-27.72892
4506840312.5,-27.71611
4506841250.0,-27.71432
4506842187.5,-27.70617
4506843125.0,-27.70797
4506844062.5,-27.69708
4506845000.0,-27.69162
4506845937.5,-27.68497
4506846875.0,-27.68107
4506847812.5,-27.67789
4506848750.0,-27.67282
4506849687.5,-27.6638
4506850625.0,-27.65283
4506851562.5,-27.65191
4506852500.0,-27.64909
4506853437.5,-27.64369
4506854375.0,-27.64013
4506855312.5,-27.63091
4506856250.0,-27.62767
4506857187.5,-27.62355
4506858125.0,-27.61547
4506859062.5,-27.61013
4506860000.0,-27.59817
4506860937.5,-27.60437
4506861875.0,-27.59857
4506862812.5,-27.58608
4506863750.0,-27.58302
4506864687.5,-27.57952
4506865625.0,-27.57564
4506866562.5,-27.56729
4506867500.0,-27.56627
4506868437.5,-27.56116
4506869375.0,-27.55533
4506870312.5,-27.54905
4506871250.0,-27.54171
4506872187.5,-27.53422
4506873125.0,-27.53138
4506874062.5,-27.52656
4506875000.0,-27.52172
4506875937.5,-27.51349
4506876875.0,-27.51198
4506877812.5,-27.50295
4506878750.0,-27.49993
4506879687.5,-27.4986
4506880625.0,-27.49305
4506881562.5,-27.48125
4506882500.0,-27.47751
4506883437.5,-27.47425
4506884375.0,-27.46985
4506885312.5,-27.46284
4506886250.0,-27.46221
4506887187.5,-27.45756
4506888125.0,-27.44881
4506889062.5,-27.44472
4506890000.0,-27.44016
4506890937.5,-27.43552
4506891875.0,-27.42868
4506892812.5,-27.42507
4506893750.0,-27.41887
4506894687.5,-27.41075
4506895625.0,-27.41017
4506896562.5,-27.40748
4506897500.0,-27.39634
4506898437.5,-27.39774
4506899375.0,-27.39021
4506900312.5,-27.38347
4506901250.0,-27.37592
4506902187.5,-27.37241
4506903125.0,-27.36597
4506904062.5,-27.36323
4506905000.0,-27.36065
4506905937.5,-27.35517
4506906875.0,-27.34422
4506907812.5,-27.34398
4506908750.0,-27.33735
4506909687.5,-27.33381
4506910625.0,-27.3236
4506911562.5,-27.32021
4506912500.0,-27.31374
4506913437.5,-27.31293
4506914375.0,-27.30456
4506915312.5,-27.29932
4506916250.0,-27.29882
4506917187.5,-27.29402
4506918125.0,-27.28601
4506919062.5,-27.28253
4506920000.0,-27.28063
4506920937.5,-27.27421
4506921875.0,-27.27103
4506922812.5,-27.26892
4506923750.0,-27.25956
4506924687.5,-27.25766
4506925625.0,-27.25287
4506926562.5,-27.24366
4506927500.0,-27.24315
4506928437.5,-27.23871
4506929375.0,-27.23185
4506930312.5,-27.22946
4506931250.0,-27.21796
4506932187.5,-27.21856
4506933125.0,-27.2124
4506934062.5,-27.2059
4506935000.0,-27.19799
4506935937.5,-27.20183
4506936875.0,-27.19341
4506937812.5,-27.17971
4506938750.0,-27.1812
4506939687.5,-27.18062
4506940625.0,-27.17249
4506941562.5,-27.16489
4506942500.0,-27.16494
4506943437.5,-27.16171
4506944375.0,-27.15658
4506945312.5,-27.14909
4506946250.0,-27.14556
4506947187.5,-27.14494
4506948125.0,-27.13816
4506949062.5,-27.13379
4506950000.0,-27.132
4506950937.5,-27.12431
4506951875.0,-27.12021
4506952812.5,-27.11337
4506953750.0,-27.11248
4506954687.5,-27.10277
4506955625.0,-27.10274
4506956562.5,-27.10094
4506957500.0,-27.09974
4506958437.5,-27.08885
4506959375.0,-27.08629
4506960312.5,-27.07916
4506961250.0,-27.0764
4506962187.5,-27.06643
4506963125.0,-27.06635
4506964062.5,-27.0563
4506965000.0,-27.05412
4506965937.5,-27.05023
4506966875.0,-27.04678
4506967812.5,-27.04134
4506968750.0,-27.03783
4506969687.5,-27.03058
4506970625.0,-27.0299
4506971562.5,-27.02394
4506972500.0,-27.018
4506973437.5,-27.01661
4506974375.0,-27.01612
4506975312.5,-27.00922
4506976250.0,-27.00632
4506977187.5,-27.00376
4506978125.0,-26.99541
4506979062.5,-26.99383
4506980000.0,-26.98605
4506980937.5,-26.98311
4506981875.0,-26.97721
4506982812.5,-26.9784
4506983750.0,-26.97088
4506984687.5,-26.9668
4506985625.0,-26.95831
4506986562.5,-26.95974
4506987500.0,-26.95448
4506988437.5,-26.95165
4506989375.0,-26.95062
4506990312.5,-26.94445
4506991250.0,-26.93673
4506992187.5,-26.93324
4506993125.0,-26.93008
4506994062.5,-26.92582
4506995000.0,-26.92158
4506995937.5,-26.91812
4506996875.0,-26.91188
4506997812.5,-26.90925
4506998750.0,-26.90678
4506999687.5,-26.90055
4507000625.0,-26.89519
4507001562.5,-26.89091
4507002500.0,-26.88678
4507003437.5,-26.88622
4507004375.0,-26.88279
4507005312.5,-26.87886
4507006250.0,-26.87355
4507007187.5,-26.87119
4507008125.0,-26.8698
4507009062.5,-26.86643
4507010000.0,-26.85609
4507010937.5,-26.85479
4507011875.0,-26.84943
4507012812.5,-26.84512
4507013750.0,-26.84439
4507014687.5,-26.83847
4507015625.0,-26.83636
4507016562.5,-26.83177
4507017500.0,-26.82879
4507018437.5,-26.8264
4507019375.0,-26.82223
4507020312.5,-26.81816
4507021250.0,-26.81174
4507022187.5,-26.80907
4507023125.0,-26.80525
4507024062.5,-26.8013
4507025000.0,-26.79717
4507025937.5,-26.79283
4507026875.0,-26.79162
4507027812.5,-26.78804
4507028750.0,-26.78515
4507029687.5,-26.78009
4507030625.0,-26.77565
4507031562.5,-26.77002
4507032500.0,-26.76948
4507033437.5,-26.76081
4507034375.0,-26.763
4507035312.5,-26.75853
4507036250.0,-26.75888
4507037187.5,-26.75388
4507038125.0,-26.7501
4507039062.5,-26.75027
4507040000.0,-26.74283
4507040937.5,-26.73893
4507041875.0,-26.73508
4507042812.5,-26.73271
4507043750.0,-26.72985
4507044687.5,-26.72696
4507045625.0,-26.72287
4507046562.5,-26.71651
4507047500.0,-26.71332
4507048437.5,-26.71667
4507049375.0,-26.70735
4507050312.5,-26.70211
4507051250.0,-26.69664
4507052187.5,-26.69929
4507053125.0,-26.69491
4507054062.5,-26.69032
4507055000.0,-26.69184
4507055937.5,-26.68669
4507056875.0,-26.68061
4507057812.5,-26.68008
4507058750.0,-26.67875
4507059687.5,-26.67202
4507060625.0,-26.67298
4507061562.5,-26.66738
4507062500.0,-26.66256
4507063437.5,-26.65918
4507064375.0,-26.65584
4507065312.5,-26.65572
4507066250.0,-26.64954
4507067187.5,-26.64658
4507068125.0,-26.64727
4507069062.5,-26.64255
4507070000.0,-26.6375
4507070937.5,-26.63347
4507071875.0,-26.63174
4507072812.5,-26.62985
4507073750.0,-26.62858
4507074687.5,-26.62249
4507075625.0,-26.62162
4507076562.5,-26.61759
4507077500.0,-26.61571
4507078437.5,-26.61299
4507079375.0,-26.60712
4507080312.5,-26.60484
4507081250.0,-26.60432
4507082187.5,-26.59965
4507083125.0,-26.59596
4507084062.5,-26.59451
4507085000.0,-26.59281
4507085937.5,-26.59062
4507086875.0,-26.58683
4507087812.5,-26.58318
4507088750.0,-26.58024
4507089687.5,-26.57806
4507090625.0,-26.57751
4507091562.5,-26.57081
4507092500.0,-26.56934
4507093437.5,-26.56652
4507094375.0,-26.56792
4507095312.5,-26.56212
4507096250.0,-26.56145
4507097187.5,-26.55699
4507098125.0,-26.55766
4507099062.5,-26.55469
4507100000.0,-26.54992
4507100937.5,-26.55006
4507101875.0,-26.54111
4507102812.5,-26.54193
4507103750.0,-26.53681
4507104687.5,-26.54177
4507105625.0,-26.53549
4507106562.5,-26.53465
4507107500.0,-26.52993
4507108437.5,-26.52607
4507109375.0,-26.52519
4507110312.5,-26.52253
4507111250.0,-26.51959
4507112187.5,-26.51611
4507113125.0,-26.51784
4507114062.5,-26.51636
4507115000.0,-26.51161
4507115937.5,-26.51005
4507116875.0,-26.50633
4507117812.5,-26.50683
4507118750.0,-26.50199
4507119687.5,-26.50006
4507120625.0,-26.50046
4507121562.5,-26.49643
4507122500.0,-26.49155
4507123437.5,-26.49255
4507124375.0,-26.48713
4507125312.5,-26.48709
4507126250.0,-26.48497
4507127187.5,-26.4826
4507128125.0,-26.48199
4507129062.5,-26.47668
4507130000.0,-26.47474
4507130937.5,-26.47265
4507131875.0,-26.47338
4507132812.5,-26.46998
4507133750.0,-26.46883
4507134687.5,-26.46511
4507135625.0,-26.46271
4507136562.5,-26.46182
4507137500.0,-26.46352
4507138437.5,-26.45943
4507139375.0,-26.45984
4507140312.5,-26.45867
4507141250.0,-26.45509
4507142187.5,-26.45132
4507143125.0,-26.45091
4507144062.5,-26.44648
4507145000.0,-26.44819
4507145937.5,-26.44677
4507146875.0,-26.44617
4507147812.5,-26.4416
4507148750.0,-26.44008
4507149687.5,-26.43831
4507150625.0,-26.43703
4507151562.5,-26.43385
4507152500.0,-26.43404
4507153437.5,-26.43052
4507154375.0,-26.43201
4507155312.5,-26.42956
4507156250.0,-26.42749
4507157187.5,-26.42868
4507158125.0,-26.423
4507159062.5,-26.42369
4507160000.0,-26.42034
4507160937.5,-26.41944
4507161875.0,-26.41454
4507162812.5,-26.41788
4507163750.0,-26.41507
4507164687.5,-26.41236
4507165625.0,-26.41322
4507166562.5,-26.40904
4507167500.0,-26.41019
4507168437.5,-26.41079
4507169375.0,-26.40672
4507170312.5,-26.40535
4507171250.0,-26.40247
4507172187.5,-26.40143
4507173125.0,-26.40103
4507174062.5,-26.40228
4507175000.0,-26.39885
4507175937.5,-26.40285
4507176875.0,-26.39758
4507177812.5,-26.39634
4507178750.0,-26.3949
4507179687.5,-26.39268
4507180625.0,-26.39357
4507181562.5,-26.3886
4507182500.0,-26.39013
4507183437.5,-26.39071
4507184375.0,-26.38995
4507185312.5,-26.38501
4507186250.0,-26.38827
4507187187.5,-26.3825
4507188125.0,-26.38291
4507189062.5,-26.38536
4507190000.0,-26.37816
4507190937.5,-26.38248
4507191875.0,-26.38133
4507192812.5,-26.38207
4507193750.0,-26.37728
4507194687.5,-26.37621
4507195625.0,-26.37845
4507196562.5,-26.38078
4507197500.0,-26.37604
4507198437.5,-26.37256
4507199375.0,-26.37168
4507200312.5,-26.37301
4507201250.0,-26.37464
4507202187.5,-26.37062
4507203125.0,-26.37056
4507204062.5,-26.37211
4507205000.0,-26.36961
4507205937.5,-26.3681
4507206875.0,-26.3729
4507207812.5,-26.37255
4507208750.0,-26.36726
4507209687.5,-26.36169
4507210625.0,-26.36556
4507211562.5,-26.36421
4507212500.0,-26.36564
4507213437.5,-26.3647
4507214375.0,-26.36456
4507215312.5,-26.36366
4507216250.0,-26.36125
4507217187.5,-26.36509
4507218125.0,-26.36132
4507219062.5,-26.36452
4507220000.0,-26.36502
4507220937.5,-26.36567
4507221875.0,-26.36205
4507222812.5,-26.36205
4507223750.0,-26.36109
4507224687.5,-26.36137
4507225625.0,-26.36057
4507226562.5,-26.3572
4507227500.0,-26.35495
4507228437.5,-26.35535
4507229375.0,-26.36028
4507230312.5,-26.36335
4507231250.0,-26.35648
4507232187.5,-26.36337
4507233125.0,-26.35959
4507234062.5,-26.36078
4507235000.0,-26.35966
4507235937.5,-26.357
4507236875.0,-26.35429
4507237812.5,-26.35819
4507238750.0,-26.35551
4507239687.5,-26.35979
4507240625.0,-26.35806
4507241562.5,-26.35593
4507242500.0,-26.35804
4507243437.5,-26.35951
4507244375.0,-26.35962
4507245312.5,-26.36248
4507246250.0,-26.36046
4507247187.5,-26.35927
4507248125.0,-26.36174
4507249062.5,-26.35579
4507250000.0,-26.35714
4507250937.5,-26.35971
4507251875.0,-26.35884
4507252812.5,-26.35974
4507253750.0,-26.35928
4507254687.5,-26.36185
4507255625.0,-26.35914
4507256562.5,-26.36122
4507257500.0,-26.3654
4507258437.5,-26.36212
4507259375.0,-26.36524
4507260312.5,-26.36234
4507261250.0,-26.36152
4507262187.5,-26.36118
4507263125.0,-26.36654
4507264062.5,-26.36397
4507265000.0,-26.36423
4507265937.5,-26.36705
4507266875.0,-26.36551
4507267812.5,-26.36316
4507268750.0,-26.36848
4507269687.5,-26.37052
4507270625.0,-26.36896
4507271562.5,-26.36853
4507272500.0,-26.36973
4507273437.5,-26.3667
4507274375.0,-26.36777
4507275312.5,-26.37046
4507276250.0,-26.37181
4507277187.5,-26.37418
4507278125.0,-26.37118
4507279062.5,-26.37553
4507280000.0,-26.37526
4507280937.5,-26.37235
4507281875.0,-26.37523
4507282812.5,-26.37319
4507283750.0,-26.37679
4507284687.5,-26.37824
4507285625.0,-26.3778
4507286562.5,-26.37721
4507287500.0,-26.38068
4507288437.5,-26.38217
4507289375.0,-26.38198
4507290312.5,-26.38532
4507291250.0,-26.384
4507292187.5,-26.38479
4507293125.0,-26.38667
4507294062.5,-26.3878
4507295000.0,-26.39103
4507295937.5,-26.38764
4507296875.0,-26.39115
4507297812.5,-26.39168
4507298750.0,-26.39028
4507299687.5,-26.39674
4507300625.0,-26.39326
4507301562.5,-26.39391
4507302500.0,-26.39825
4507303437.5,-26.40121
4507304375.0,-26.40108
4507305312.5,-26.39714
4507306250.0,-26.40878
4507307187.5,-26.40103
4507308125.0,-26.40465
4507309062.5,-26.40381
4507310000.0,-26.41005
4507310937.5,-26.41076
4507311875.0,-26.40814
4507312812.5,-26.41383
4507313750.0,-26.41278
4507314687.5,-26.41471
4507315625.0,-26.41491
4507316562.5,-26.41697
4507317500.0,-26.42005
4507318437.5,-26.4201
4507319375.0,-26.41705
4507320312.5,-26.42202
4507321250.0,-26.42488
4507322187.5,-26.4239
4507323125.0,-26.42999
4507324062.5,-26.43018
4507325000.0,-26.42951
4507325937.5,-26.43192
4507326875.0,-26.43073
4507327812.5,-26.43917
4507328750.0,-26.43443
4507329687.5,-26.43816
4507330625.0,-26.44153
4507331562.5,-26.44366
4507332500.0,-26.44245
4507333437.5,-26.448
4507334375.0,-26.44657
4507335312.5,-26.44993
4507336250.0,-26.45313
4507337187.5,-26.45285
4507338125.0,-26.45624
4507339062.5,-26.45729
4507340000.0,-26.46025
4507340937.5,-26.45856
4507341875.0,-26.46173
4507342812.5,-26.46698
4507343750.0,-26.46227
4507344687.5,-26.46169
4507345625.0,-26.46606
4507346562.5,-26.47181
4507347500.0,-26.47247
4507348437.5,-26.47418
4507349375.0,-26.47476
4507350312.5,-26.48244
4507351250.0,-26.48358
4507352187.5,-26.48367
4507353125.0,-26.48792
4507354062.5,-26.48555
4507355000.0,-26.48796
4507355937.5,-26.49097
4507356875.0,-26.49305
4507357812.5,-26.50136
4507358750.0,-26.50039
4507359687.5,-26.49944
4507360625.0,-26.50434
4507361562.5,-26.50615
4507362500.0,-26.51092
4507363437.5,-26.5084
4507364375.0,-26.50939
4507365312.5,-26.51415
4507366250.0,-26.51195
4507367187.5,-26.51741
4507368125.0,-26.52109
4507369062.5,-26.524
4507370000.0,-26.52387
4507370937.5,-26.53229
4507371875.0,-26.52932
4507372812.5,-26.53308
4507373750.0,-26.53652
4507374687.5,-26.53652
4507375625.0,-26.53776
4507376562.5,-26.54381
4507377500.0,-26.54659
4507378437.5,-26.54862
4507379375.0,-26.55036
4507380312.5,-26.5499
4507381250.0,-26.55867
4507382187.5,-26.55293
4507383125.0,-26.5619
4507384062.5,-26.56617
4507385000.0,-26.56808
4507385937.5,-26.56909
4507386875.0,-26.56991
4507387812.5,-26.5764
4507388750.0,-26.5794
4507389687.5,-26.5811
4507390625.0,-26.58204
4507391562.5,-26.58432
4507392500.0,-26.58783
4507393437.5,-26.58874
4507394375.0,-26.59601
4507395312.5,-26.5941
4507396250.0,-26.59985
4507397187.5,-26.60057
4507398125.0,-26.60304
4507399062.5,-26.60497
4507400000.0,-26.60788
4507400937.5,-26.61224
4507401875.0,-26.61632
4507402812.5,-26.61971
4507403750.0,-26.62171
4507404687.5,-26.6272
4507405625.0,-26.62846
4507406562.5,-26.63006
4507407500.0,-26.63493
4507408437.5,-26.6401
4507409375.0,-26.64255
4507410312.5,-26.6447
4507411250.0,-26.64763
4507412187.5,-26.64626
4507413125.0,-26.64842
4507414062.5,-26.65656
4507415000.0,-26.6622
4507415937.5,-26.65723
4507416875.0,-26.66391
4507417812.5,-26.66655
4507418750.0,-26.67429
4507419687.5,-26.67357
4507420625.0,-26.67764
4507421562.5,-26.68135
4507422500.0,-26.68355
4507423437.5,-26.68719
4507424375.0,-26.68959
4507425312.5,-26.69275
4507426250.0,-26.69893
4507427187.5,-26.70049
4507428125.0,-26.70642
4507429062.5,-26.7072
4507430000.0,-26.70894
4507430937.5,-26.71388
4507431875.0,-26.71913
4507432812.5,-26.72017
4507433750.0,-26.7264
4507434687.5,-26.73081
4507435625.0,-26.72997
4507436562.5,-26.73327
4507437500.0,-26.73557
4507438437.5,-26.74163
4507439375.0,-26.74316
4507440312.5,-26.74685
4507441250.0,-26.74983
4507442187.5,-26.75432
4507443125.0,-26.7619
4507444062.5,-26.75899
4507445000.0,-26.75885
4507445937.5,-26.77032
4507446875.0,-26.77016
4507447812.5,-26.77582
4507448750.0,-26.77638
4507449687.5,-26.7805
4507450625.0,-26.78772
4507451562.5,-26.79302
4507452500.0,-26.79548
4507453437.5,-26.80025
4507454375.0,-26.79849
4507455312.5,-26.80915
4507456250.0,-26.80607
4507457187.5,-26.81223
4507458125.0,-26.81553
4507459062.5,-26.81745
4507460000.0,-26.82596
4507460937.5,-26.83128
4507461875.0,-26.83475
4507462812.5,-26.8361
4507463750.0,-26.83589
4507464687.5,-26.84393
4507465625.0,-26.84655
4507466562.5,-26.84681
4507467500.0,-26.85685
4507468437.5,-26.85872
4507469375.0,-26.8639
4507470312.5,-26.86534
4507471250.0,-26.87204
4507472187.5,-26.87368
4507473125.0,-26.87714
4507474062.5,-26.87855
4507475000.0,-26.88766
4507475937.5,-26.89242
4507476875.0,-26.89371
4507477812.5,-26.90177
4507478750.0,-26.90324
4507479687.5,-26.90586
4507480625.0,-26.90727
4507481562.5,-26.91409
4507482500.0,-26.91688
4507483437.5,-26.91916
4507484375.0,-26.92554
4507485312.5,-26.93014
4507486250.0,-26.93726
4507487187.5,-26.93462
4507488125.0,-26.94345
4507489062.5,-26.94949
4507490000.0,-26.94832
4507490937.5,-26.95628
4507491875.0,-26.96303
4507492812.5,-26.96393
4507493750.0,-26.96558
4507494687.5,-26.9728
4507495625.0,-26.97366
4507496562.5,-26.98009
4507497500.0,-26.98338
4507498437.5,-26.99191
4507499375.0,-26.99081
4507500312.5,-26.99542
4507501250.0,-27.00224
4507502187.5,-27.00784
4507503125.0,-27.01152
4507504062.5,-27.01166
4507505000.0,-27.01771
4507505937.5,-27.02206
4507506875.0,-27.02903
4507507812.5,-27.02961
4507508750.0,-27.03366
4507509687.5,-27.03954
4507510625.0,-27.041
4507511562.5,-27.04529
4507512500.0,-27.05091
4507513437.5,-27.0594
4507514375.0,-27.06257
4507515312.5,-27.06694
4507516250.0,-27.07448
4507517187.5,-27.07618
4507518125.0,-27.08041
4507519062.5,-27.08236
4507520000.0,-27.08684
4507520937.5,-27.09059
4507521875.0,-27.09685
4507522812.5,-27.10522
4507523750.0,-27.10598
4507524687.5,-27.11356
4507525625.0,-27.11736
4507526562.5,-27.11888
4507527500.0,-27.12636
4507528437.5,-27.1292
4507529375.0,-27.13306
4507530312.5,-27.14086
4507531250.0,-27.14259
4507532187.5,-27.15072
4507533125.0,-27.15413
4507534062.5,-27.1559
4507535000.0,-27.16002
4507535937.5,-27.16625
4507536875.0,-27.17492
4507537812.5,-27.17306
4507538750.0,-27.18399
4507539687.5,-27.19015
4507540625.0,-27.19138
4507541562.5,-27.19415
4507542500.0,-27.2012
4507543437.5,-27.20132
4507544375.0,-27.20783
4507545312.5,-27.21289
4507546250.0,-27.22103
4507547187.5,-27.22067
4507548125.0,-27.23044
4507549062.5,-27.23395
4507550000.0,-27.24206
4507550937.5,-27.24152
4507551875.0,-27.24978
4507552812.5,-27.25083
4507553750.0,-27.25867
4507554687.5,-27.26295
4507555625.0,-27.27001
4507556562.5,-27.27219
4507557500.0,-27.277
4507558437.5,-27.28223
4507559375.0,-27.28727
4507560312.5,-27.28726
4507561250.0,-27.30032
4507562187.5,-27.30126
4507563125.0,-27.31015
4507564062.5,-27.31342
4507565000.0,-27.31993
4507565937.5,-27.32207
4507566875.0,-27.3275
4507567812.5,-27.3331
4507568750.0,-27.33768
4507569687.5,-27.34148
4507570625.0,-27.35216
4507571562.5,-27.35367
4507572500.0,-27.35845
4507573437.5,-27.36171
4507574375.0,-27.36765
4507575312.5,-27.37123
4507576250.0,-27.37676
4507577187.5,-27.38341
4507578125.0,-27.38654
4507579062.5,-27.3903
4507580000.0,-27.40134
4507580937.5,-27.40318
4507581875.0,-27.40797
4507582812.5,-27.41054
4507583750.0,-27.41312
4507584687.5,-27.4225
4507585625.0,-27.42522
4507586562.5,-27.43419
4507587500.0,-27.44164
4507588437.5,-27.44955
4507589375.0,-27.45102
4507590312.5,-27.45341
4507591250.0,-27.45812
4507592187.5,-27.46488
4507593125.0,-27.47077
4507594062.5,-27.47235
4507595000.0,-27.48569
4507595937.5,-27.48585
4507596875.0,-27.48999
4507597812.5,-27.49625
4507598750.0,-27.50526
4507599687.5,-27.5074
4507600625.0,-27.50941
4507601562.5,-27.52197
4507602500.0,-27.5233
4507603437.5,-27.52475
4507604375.0,-27.53024
4507605312.5,-27.53609
4507606250.0,-27.53891
4507607187.5,-27.547
4507608125.0,-27.55378
4507609062.5,-27.55918
4507610000.0,-27.56276
4507610937.5,-27.56857
4507611875.0,-27.57495
4507612812.5,-27.57935
4507613750.0,-27.58727
4507614687.5,-27.59407
4507615625.0,-27.599
4507616562.5,-27.60016
4507617500.0,-27.60733
4507618437.5,-27.61255
4507619375.0,-27.61961
4507620312.5,-27.6216
4507621250.0,-27.62698
4507622187.5,-27.63457
4507623125.0,-27.64086
4507624062.5,-27.6473
4507625000.0,-27.6511
4507625937.5,-27.65525
4507626875.0,-27.66305
4507627812.5,-27.66509
4507628750.0,-27.67412
4507629687.5,-27.67789
4507630625.0,-27.6815
4507631562.5,-27.69533
4507632500.0,-27.69312
4507633437.5,-27.70041
4507634375.0,-27.70354
4507635312.5,-27.71139
4507636250.0,-27.71446
4507637187.5,-27.72783
4507638125.0,-27.72877
4507639062.5,-27.73316
4507640000.0,-27.74329
4507640937.5,-27.74248
4507641875.0,-27.75333
4507642812.5,-27.75658
4507643750.0,-27.75886
4507644687.5,-27.76822
4507645625.0,-27.77448
4507646562.5,-27.78121
4507647500.0,-27.78659
4507648437.5,-27.79191
4507649375.0,-27.79863
4507650312.5,-27.79765
4507651250.0,-27.80609
4507652187.5,-27.80915
4507653125.0,-27.81999
4507654062.5,-27.82581
4507655000.0,-27.83184
4507655937.5,-27.835
4507656875.0,-27.83606
4507657812.5,-27.84653
4507658750.0,-27.85086
4507659687.5,-27.86121
4507660625.0,-27.86393
4507661562.5,-27.86536
4507662500.0,-27.87437
4507663437.5,-27.8824
4507664375.0,-27.8861
4507665312.5,-27.88989
4507666250.0,-27.89208
4507667187.5,-27.90618
4507668125.0,-27.91018
4507669062.5,-27.91378
4507670000.0,-27.92122
4507670937.5,-27.92575
4507671875.0,-27.92838
4507672812.5,-27.93826
4507673750.0,-27.94192
4507674687.5,-27.94885
4507675625.0,-27.95664
4507676562.5,-27.9582
4507677500.0,-27.96502
4507678437.5,-27.97037
4507679375.0,-27.9783
4507680312.5,-27.98575
4507681250.0,-27.989
4507682187.5,-27.99513
4507683125.0,-28.0032
4507684062.5,-28.00582
4507685000.0,-28.01641
4507685937.5,-28.02291
4507686875.0,-28.02507
4507687812.5,-28.0302
4507688750.0,-28.03267
4507689687.5,-28.03622
4507690625.0,-28.04798
4507691562.5,-28.05419
4507692500.0,-28.05929
4507693437.5,-28.06811
4507694375.0,-28.07165
4507695312.5,-28.07988
4507696250.0,-28.08484
4507697187.5,-28.08848
4507698125.0,-28.09353
4507699062.5,-28.10327
4507700000.0,-28.1086
4507700937.5,-28.11504
4507701875.0,-28.11958
4507702812.5,-28.1235
4507703750.0,-28.1291
4507704687.5,-28.13391
4507705625.0,-28.13832
4507706562.5,-28.14299
4507707500.0,-28.15529
4507708437.5,-28.15913
4507709375.0,-28.16603
4507710312.5,-28.16847
4507711250.0,-28.177
4507712187.5,-28.18144
4507713125.0,-28.18849
4507714062.5,-28.19277
4507715000.0,-28.20162
4507715937.5,-28.20878
4507716875.0,-28.21418
4507717812.5,-28.2222
4507718750.0,-28.22664
4507719687.5,-28.23085
4507720625.0,-28.23289
4507721562.5,-28.24259
4507722500.0,-28.24764
4507723437.5,-28.253
4507724375.0,-28.2642
4507725312.5,-28.26583
4507726250.0,-28.2704
4507727187.5,-28.27602
4507728125.0,-28.28464
4507729062.5,-28.29182
4507730000.0,-28.29613
4507730937.5,-28.30766
4507731875.0,-28.30634
4507732812.5,-28.31383
4507733750.0,-28.31675
4507734687.5,-28.32613
4507735625.0,-28.32686
4507736562.5,-28.34061
4507737500.0,-28.34634
4507738437.5,-28.35285
4507739375.0,-28.36164
4507740312.5,-28.36059
4507741250.0,-28.37471
4507742187.5,-28.37824
4507743125.0,-28.38498
4507744062.5,-28.38861
4507745000.0,-28.39859
4507745937.5,-28.40102
4507746875.0,-28.40751
4507747812.5,-28.41205
4507748750.0,-28.41858
4507749687.5,-28.42627
4507750625.0,-28.42641
4507751562.5,-28.4344
4507752500.0,-28.43667
4507753437.5,-28.44895
4507754375.0,-28.45353
4507755312.5,-28.46494
4507756250.0,-28.46637
4507757187.5,-28.46838
4507758125.0,-28.47569
4507759062.5,-28.48338
4507760000.0,-28.48791
4507760937.5,-28.49841
4507761875.0,-28.5029
4507762812.5,-28.50971
4507763750.0,-28.51933
4507764687.5,-28.51409
4507765625.0,-28.52836
4507766562.5,-28.53499
4507767500.0,-28.5458
4507768437.5,-28.54112
4507769375.0,-28.55131
4507770312.5,-28.55997
4507771250.0,-28.56697
4507772187.5,-28.57258
4507773125.0,-28.57963
4507774062.5,-28.58069
4507775000.0,-28.58871
4507775937.5,-28.58791
4507776875.0,-28.59512
4507777812.5,-28.60576
4507778750.0,-28.6148
4507779687.5,-28.61763
4507780625.0,-28.6263
4507781562.5,-28.62982
4507782500.0,-28.63419
4507783437.5,-28.6478
4507784375.0,-28.64967
4507785312.5,-28.65899
4507786250.0,-28.66427
4507787187.5,-28.67021
4507788125.0,-28.67192
4507789062.5,-28.68017
4507790000.0,-28.68865
4507790937.5,-28.69042
4507791875.0,-28.70464
4507792812.5,-28.70816
4507793750.0,-28.71175
4507794687.5,-28.71752
4507795625.0,-28.72387
4507796562.5,-28.73291
4507797500.0,-28.73648
4507798437.5,-28.74776
4507799375.0,-28.75492
4507800312.5,-28.75387
4507801250.0,-28.75571
4507802187.5,-28.76599
4507803125.0,-28.77324
4507804062.5,-28.77757
4507805000.0,-28.79067
4507805937.5,-28.7899
4507806875.0,-28.7934
4507807812.5,-28.80273
4507808750.0,-28.81235
4507809687.5,-28.81929
4507810625.0,-28.82507
4507811562.5,-28.83081
4507812500.0,-28.83208
4507813437.5,-28.83529
4507814375.0,-28.84536
4507815312.5,-28.85189
4507816250.0,-28.85786
4507817187.5,-28.86883
4507818125.0,-28.8677
4507819062.5,-28.88158
4507820000.0,-28.88391
4507820937.5,-28.88763
4507821875.0,-28.89622
4507822812.5,-28.90434
4507823750.0,-28.9078
4507824687.5,-28.91626
4507825625.0,-28.92264
4507826562.5,-28.92105
4507827500.0,-28.93289
4507828437.5,-28.93955
4507829375.0,-28.94673
4507830312.5,-28.95159
4507831250.0,-28.95929
4507832187.5,-28.96236
4507833125.0,-28.96899
4507834062.5,-28.97715
4507835000.0,-28.98727
4507835937.5,-28.99228
4507836875.0,-28.99529
4507837812.5,-29.00258
4507838750.0,-29.01174
4507839687.5,-29.01466
4507840625.0,-29.02442
4507841562.5,-29.02537
4507842500.0,-29.03148
4507843437.5,-29.04287
4507844375.0,-29.04301
4507845312.5,-29.05568
4507846250.0,-29.05812
4507847187.5,-29.07253
4507848125.0,-29.07292
4507849062.5,-29.07765
4507850000.0,-29.08676
4507850937.5,-29.08721
4507851875.0,-29.09819
4507852812.5,-29.10345
4507853750.0,-29.10695
4507854687.5,-29.11697
4507855625.0,-29.12433
4507856562.5,-29.12189
4507857500.0,-29.13423
4507858437.5,-29.13689
4507859375.0,-29.1455
4507860312.5,-29.155
4507861250.0,-29.16554
4507862187.5,-29.1638
4507863125.0,-29.1715
4507864062.5,-29.18053
4507865000.0,-29.1862
4507865937.5,-29.18376
4507866875.0,-29.19667
4507867812.5,-29.20434
4507868750.0,-29.21207
4507869687.5,-29.22189
4507870625.0,-29.2205
4507871562.5,-29.22593
4507872500.0,-29.23466
4507873437.5,-29.24156
4507874375.0,-29.24553
4507875312.5,-29.25138
4507876250.0,-29.26138
4507877187.5,-29.26324
4507878125.0,-29.27605
4507879062.5,-29.27203
4507880000.0,-29.28497
4507880937.5,-29.28818
4507881875.0,-29.29742
4507882812.5,-29.30107
4507883750.0,-29.30825
4507884687.5,-29.31658
4507885625.0,-29.322
4507886562.5,-29.33141
4507887500.0,-29.33504
4507888437.5,-29.34126
4507889375.0,-29.35134
4507890312.5,-29.35827
4507891250.0,-29.36347
4507892187.5,-29.37443
4507893125.0,-29.37652
4507894062.5,-29.37674
4507895000.0,-29.38565
4507895937.5,-29.39213
4507896875.0,-29.39851
4507897812.5,-29.40325
4507898750.0,-29.40825
4507899687.5,-29.41548
4507900625.0,-29.42458
4507901562.5,-29.43227
4507902500.0,-29.43912
4507903437.5,-29.44456
4507904375.0,-29.44653
4507905312.5,-29.45648
4507906250.0,-29.45899
4507907187.5,-29.47141
4507908125.0,-29.47194
4507909062.5,-29.48044
4507910000.0,-29.48722
4507910937.5,-29.49632
4507911875.0,-29.49842
4507912812.5,-29.49638
4507913750.0,-29.50852
4507914687.5,-29.51477
4507915625.0,-29.52585
4507916562.5,-29.53104
4507917500.0,-29.53539
4507918437.5,-29.53926
4507919375.0,-29.54746
4507920312.5,-29.55457
4507921250.0,-29.55499
4507922187.5,-29.56622
4507923125.0,-29.57484
4507924062.5,-29.57848
4507925000.0,-29.58291
4507925937.5,-29.59364
4507926875.0,-29.59084
4507927812.5,-29.6061
4507928750.0,-29.60787
4507929687.5,-29.61654
4507930625.0,-29.62287
4507931562.5,-29.6304
4507932500.0,-29.63221
4507933437.5,-29.63881
4507934375.0,-29.65234
4507935312.5,-29.64939
4507936250.0,-29.66297
4507937187.5,-29.66429
4507938125.0,-29.67355
4507939062.5,-29.6805
4507940000.0,-29.68364
4507940937.5,-29.68653
4507941875.0,-29.69711
4507942812.5,-29.70358
4507943750.0,-29.70882
4507944687.5,-29.71528
4507945625.0,-29.7242
4507946562.5,-29.72891
4507947500.0,-29.73838
4507948437.5,-29.74533
4507949375.0,-29.75193
4507950312.5,-29.75437
4507951250.0,-29.76144
4507952187.5,-29.76621
4507953125.0,-29.77658
4507954062.5,-29.77796
4507955000.0,-29.7857
4507955937.5,-29.78933
4507956875.0,-29.79826
4507957812.5,-29.80819
4507958750.0,-29.81415
4507959687.5,-29.81358
4507960625.0,-29.82859
4507961562.5,-29.82852
4507962500.0,-29.83846
4507963437.5,-29.84504
4507964375.0,-29.84889
4507965312.5,-29.84813
4507966250.0,-29.85888
4507967187.5,-29.86539
4507968125.0,-29.86988
4507969062.5,-29.87781
4507970000.0,-29.88203
4507970937.5,-29.89532
4507971875.0,-29.9026
4507972812.5,-29.90287
4507973750.0,-29.9063
4507974687.5,-29.91873
4507975625.0,-29.92447
4507976562.5,-29.91974
4507977500.0,-29.9347
4507978437.5,-29.93815
4507979375.0,-29.94658
4507980312.5,-29.95101
4507981250.0,-29.96047
4507982187.5,-29.95996
4507983125.0,-29.97805
4507984062.5,-29.97657
4507985000.0,-29.98775
4507985937.5,-29.99369
4507986875.0,-30.00412
4507987812.5,-30.0059
4507988750.0,-30.01122
4507989687.5,-30.01843
4507990625.0,-30.01962
4507991562.5,-30.02785
4507992500.0,-30.03721
4507993437.5,-30.0395
4507994375.0,-30.04929
4507995312.5,-30.04745
4507996250.0,-30.0595
4507997187.5,-30.06592
4507998125.0,-30.06894
4507999062.5,-30.07474
4508000000.0,-30.08625
4508000937.5,-30.08989
4508001875.0,-30.09472
4508002812.5,-30.09773
4508003750.0,-30.11473
4508004687.5,-30.11719
4508005625.0,-30.12106
4508006562.5,-30.12756
4508007500.0,-30.13444
4508008437.5,-30.14544
4508009375.0,-30.14817
4508010312.5,-30.1477
4508011250.0,-30.15993
4508012187.5,-30.16986
4508013125.0,-30.17112
4508014062.5,-30.17609
4508015000.0,-30.18506
4508015937.5,-30.19104
4508016875.0,-30.19489
4508017812.5,-30.20302
4508018750.0,-30.20665
4508019687.5,-30.21416
4508020625.0,-30.22589
4508021562.5,-30.23168
4508022500.0,-30.23322
4508023437.5,-30.23806
4508024375.0,-30.2477
4508025312.5,-30.25008
4508026250.0,-30.26275
4508027187.5,-30.26318
4508028125.0,-30.26837
4508029062.5,-30.27552
4508030000.0,-30.28556
4508030937.5,-30.29162
4508031875.0,-30.29666
4508032812.5,-30.30087
4508033750.0,-30.30972
4508034687.5,-30.31571
4508035625.0,-30.31266
4508036562.5,-30.32586
4508037500.0,-30.33032
4508038437.5,-30.33873
4508039375.0,-30.34058
4508040312.5,-30.34753
4508041250.0,-30.36024
4508042187.5,-30.36335
4508043125.0,-30.37134
4508044062.5,-30.37348
4508045000.0,-30.3873
4508045937.5,-30.38266
4508046875.0,-30.39266
4508047812.5,-30.39362
4508048750.0,-30.40446
4508049687.5,-30.40846
4508050625.0,-30.4197
4508051562.5,-30.43001
4508052500.0,-30.4334
4508053437.5,-30.43636
4508054375.0,-30.44456
4508055312.5,-30.44512
4508056250.0,-30.46015
4508057187.5,-30.45921
4508058125.0,-30.46381
4508059062.5,-30.46988
4508060000.0,-30.47971
4508060937.5,-30.4881
4508061875.0,-30.49173
4508062812.5,-30.49379
4508063750.0,-30.50092
4508064687.5,-30.50873
4508065625.0,-30.51838
4508066562.5,-30.52861
4508067500.0,-30.52454
4508068437.5,-30.53024
4508069375.0,-30.54784
4508070312.5,-30.54366
4508071250.0,-30.55147
4508072187.5,-30.55853
4508073125.0,-30.56314
4508074062.5,-30.56506
4508075000.0,-30.57693
4508075937.5,-30.57858
4508076875.0,-30.58584
4508077812.5,-30.59203
4508078750.0,-30.6009
4508079687.5,-30.61222
4508080625.0,-30.61098
4508081562.5,-30.6176
4508082500.0,-30.62673
4508083437.5,-30.63214
4508084375.0,-30.64317
4508085312.5,-30.64338
4508086250.0,-30.65007
4508087187.5,-30.65581
4508088125.0,-30.66582
4508089062.5,-30.67253
4508090000.0,-30.67667
4508090937.5,-30.67493
4508091875.0,-30.68918
4508092812.5,-30.68882
4508093750.0,-30.70036
4508094687.5,-30.70372
4508095625.0,-30.70525
4508096562.5,-30.71429
4508097500.0,-30.71919
4508098437.5,-30.73504
4508099375.0,-30.73631
4508100312.5,-30.74324
4508101250.0,-30.75029
4508102187.5,-30.75069
4508103125.0,-30.75899
4508104062.5,-30.7627
4508105000.0,-30.77044
4508105937.5,-30.78068
4508106875.0,-30.79211
4508107812.5,-30.79397
4508108750.0,-30.80255
4508109687.5,-30.80083
4508110625.0,-30.80535
4508111562.5,-30.81602
4508112500.0,-30.81391
4508113437.5,-30.8196
4508114375.0,-30.83517
4508115312.5,-30.82973
4508116250.0,-30.83492
4508117187.5,-30.85676
4508118125.0,-30.86015
4508119062.5,-30.87162
4508120000.0,-30.86042
4508120937.5,-30.87403
4508121875.0,-30.8733
4508122812.5,-30.89184
4508123750.0,-30.89281
4508124687.5,-30.89381
4508125625.0,-30.90127
4508126562.5,-30.91234
4508127500.0,-30.91482
4508128437.5,-30.92097
4508129375.0,-30.92943
4508130312.5,-30.93547
4508131250.0,-30.94319
4508132187.5,-30.94487
4508133125.0,-30.95432
4508134062.5,-30.95919
4508135000.0,-30.96244
4508135937.5,-30.97392
4508136875.0,-30.98047
4508137812.5,-30.97785
4508138750.0,-30.99033
4508139687.5,-30.99541
4508140625.0,-31.00265
4508141562.5,-31.00941
4508142500.0,-31.0129
4508143437.5,-31.01274
4508144375.0,-31.03401
4508145312.5,-31.02459
4508146250.0,-31.03379
4508147187.5,-31.04454
4508148125.0,-31.04592
4508149062.5,-31.05269
4508150000.0,-31.0603
4508150937.5,-31.06301
4508151875.0,-31.07354
4508152812.5,-31.07808
4508153750.0,-31.0876
4508154687.5,-31.09333
4508155625.0,-31.09408
4508156562.5,-31.10076
4508157500.0,-31.11348
4508158437.5,-31.11761
4508159375.0,-31.12053
4508160312.5,-31.12687
4508161250.0,-31.13237
4508162187.5,-31.13705
4508163125.0,-31.1451
4508164062.5,-31.14476
4508165000.0,-31.15458
4508165937.5,-31.15612
4508166875.0,-31.16815
4508167812.5,-31.16997
4508168750.0,-31.18199
4508169687.5,-31.18405
4508170625.0,-31.19201
4508171562.5,-31.1934
4508172500.0,-31.19717
4508173437.5,-31.20896
4508174375.0,-31.21641
4508175312.5,-31.21803
4508176250.0,-31.22402
4508177187.5,-31.23196
4508178125.0,-31.23728
4508179062.5,-31.23953
4508180000.0,-31.24432
4508180937.5,-31.25006
4508181875.0,-31.25962
4508182812.5,-31.26687
4508183750.0,-31.2716
4508184687.5,-31.26922
4508185625.0,-31.2818
4508186562.5,-31.29375
4508187500.0,-31.29752
4508188437.5,-31.30062
4508189375.0,-31.306
4508190312.5,-31.31412
4508191250.0,-31.32066
4508192187.5,-31.32225
4508193125.0,-31.3323
4508194062.5,-31.33607
4508195000.0,-31.3371
4508195937.5,-31.35466
4508196875.0,-31.35637
4508197812.5,-31.35943
4508198750.0,-31.3612
4508199687.5,-31.37806
4508200625.0,-31.38483
4508201562.5,-31.38698
4508202500.0,-31.38606
4508203437.5,-31.39183
4508204375.0,-31.39992
4508205312.5,-31.40297
4508206250.0,-31.40948
4508207187.5,-31.42077
4508208125.0,-31.41446
4508209062.5,-31.42672
4508210000.0,-31.43581
4508210937.5,-31.44627
4508211875.0,-31.44877
4508212812.5,-31.45283
4508213750.0,-31.45315
4508214687.5,-31.46554
4508215625.0,-31.47338
4508216562.5,-31.47703
4508217500.0,-31.48069
4508218437.5,-31.48977
4508219375.0,-31.49813
4508220312.5,-31.49567
4508221250.0,-31.50232
4508222187.5,-31.51081
4508223125.0,-31.52199
4508224062.5,-31.52756
4508225000.0,-31.53126
4508225937.5,-31.52884
4508226875.0,-31.54255
4508227812.5,-31.55181
4508228750.0,-31.55455
4508229687.5,-31.5575
4508230625.0,-31.56026
4508231562.5,-31.56256
4508232500.0,-31.58042
4508233437.5,-31.57862
4508234375.0,-31.59062
4508235312.5,-31.59696
4508236250.0,-31.59872
4508237187.5,-31.60202
4508238125.0,-31.61
4508239062.5,-31.61297
4508240000.0,-31.61604
4508240937.5,-31.62876
4508241875.0,-31.63106
4508242812.5,-31.63672
4508243750.0,-31.64631
4508244687.5,-31.65293
4508245625.0,-31.65451
4508246562.5,-31.6634
4508247500.0,-31.66309
4508248437.5,-31.67279
4508249375.0,-31.68685
4508250312.5,-31.68863
4508251250.0,-31.69136
4508252187.5,-31.69787
4508253125.0,-31.70165
4508254062.5,-31.70269
4508255000.0,-31.71287
4508255937.5,-31.71782
4508256875.0,-31.73009
4508257812.5,-31.73296
4508258750.0,-31.74117
4508259687.5,-31.73363
4508260625.0,-31.74756
4508261562.5,-31.7517
4508262500.0,-31.76155
4508263437.5,-31.76507
4508264375.0,-31.7771
4508265312.5,-31.77456
4508266250.0,-31.78248
4508267187.5,-31.7874
4508268125.0,-31.79373
4508269062.5,-31.79767
4508270000.0,-31.80684
4508270937.5,-31.80803
4508271875.0,-31.82073
4508272812.5,-31.82143
4508273750.0,-31.82663
4508274687.5,-31.83131
4508275625.0,-31.83825
4508276562.5,-31.852
4508277500.0,-31.85637
4508278437.5,-31.85575
4508279375.0,-31.86082
4508280312.5,-31.86703
4508281250.0,-31.8705
4508282187.5,-31.87977
4508283125.0,-31.88047
4508284062.5,-31.89373
4508285000.0,-31.88846
4508285937.5,-31.89986
4508286875.0,-31.90871
4508287812.5,-31.91238
4508288750.0,-31.91832
4508289687.5,-31.9183
4508290625.0,-31.929
4508291562.5,-31.92845
4508292500.0,-31.94291
4508293437.5,-31.94072
4508294375.0,-31.95513
4508295312.5,-31.95566
4508296250.0,-31.96431
4508297187.5,-31.96788
4508298125.0,-31.97329
4508299062.5,-31.97741
4508300000.0,-31.99046
4508300937.5,-31.99116
4508301875.0,-31.99788
4508302812.5,-32.0037
4508303750.0,-32.00611
4508304687.5,-32.01586
4508305625.0,-32.01787
4508306562.5,-32.0232
4508307500.0,-32.03417
4508308437.5,-32.03508
4508309375.0,-32.03785
4508310312.5,-32.05162
4508311250.0,-32.04857
4508312187.5,-32.05839
4508313125.0,-32.06404
4508314062.5,-32.06621
4508315000.0,-32.07287
4508315937.5,-32.07661
4508316875.0,-32.08591
4508317812.5,-32.09478
4508318750.0,-32.09422
4508319687.5,-32.10263
4508320625.0,-32.10731
4508321562.5,-32.12309
4508322500.0,-32.12224
4508323437.5,-32.13099
4508324375.0,-32.13666
4508325312.5,-32.13858
4508326250.0,-32.1441
4508327187.5,-32.14925
4508328125.0,-32.15333
4508329062.5,-32.15838
4508330000.0,-32.15987
4508330937.5,-32.17316
4508331875.0,-32.17669
4508332812.5,-32.1897
4508333750.0,-32.19226
4508334687.5,-32.18962
4508335625.0,-32.19919
4508336562.5,-32.20276
4508337500.0,-32.20504
4508338437.5,-32.20865
4508339375.0,-32.21608
4508340312.5,-32.22752
4508341250.0,-32.2354
4508342187.5,-32.23507
4508343125.0,-32.24384
4508344062.5,-32.24573
4508345000.0,-32.26234
4508345937.5,-32.25661
4508346875.0,-32.26387
4508347812.5,-32.27365
4508348750.0,-32.2779
4508349687.5,-32.28183
4508350625.0,-32.28679
4508351562.5,-32.28883
4508352500.0,-32.29728
4508353437.5,-32.29632
4508354375.0,-32.30927
4508355312.5,-32.31578
4508356250.0,-32.31639
4508357187.5,-32.32417
4508358125.0,-32.32846
4508359062.5,-32.33392
4508360000.0,-32.33944
4508360937.5,-32.34513
4508361875.0,-32.34401
4508362812.5,-32.35553
4508363750.0,-32.36117
4508364687.5,-32.36837
4508365625.0,-32.36294
4508366562.5,-32.37872
4508367500.0,-32.38374
4508368437.5,-32.38177
4508369375.0,-32.39204
4508370312.5,-32.40045
4508371250.0,-32.40351
4508372187.5,-32.41434
4508373125.0,-32.42327
4508374062.5,-32.42929
4508375000.0,-32.43687
4508375937.5,-32.43619
4508376875.0,-32.43958
4508377812.5,-32.44763
4508378750.0,-32.44791
4508379687.5,-32.45967
4508380625.0,-32.46371
4508381562.5,-32.47028
4508382500.0,-32.46474
4508383437.5,-32.46443
4508384375.0,-32.48724
4508385312.5,-32.49493
4508386250.0,-32.49395
4508387187.5,-32.49558
4508388125.0,-32.50614
4508389062.5,-32.50977
4508390000.0,-32.51056
4508390937.5,-32.51116
4508391875.0,-32.5235
4508392812.5,-32.53227
4508393750.0,-32.5346
4508394687.5,-32.54212
4508395625.0,-32.54391
4508396562.5,-32.55196
4508397500.0,-32.55838
4508398437.5,-32.56327
4508399375.0,-32.56939
4508400312.5,-32.58015
4508401250.0,-32.57348
4508402187.5,-32.58955
4508403125.0,-32.58925
4508404062.5,-32.60533
4508405000.0,-32.60166
4508405937.5,-32.60462
4508406875.0,-32.6031
4508407812.5,-32.62284
4508408750.0,-32.62764
4508409687.5,-32.62877
4508410625.0,-32.6275
4508411562.5,-32.63889
4508412500.0,-32.64551
4508413437.5,-32.65039
4508414375.0,-32.65936
4508415312.5,-32.66082
4508416250.0,-32.6651
4508417187.5,-32.67412
4508418125.0,-32.67244
4508419062.5,-32.68653
4508420000.0,-32.68816
4508420937.5,-32.69143
4508421875.0,-32.69575
4508422812.5,-32.69307
4508423750.0,-32.708
4508424687.5,-32.71943
4508425625.0,-32.71965
4508426562.5,-32.73266
4508427500.0,-32.73063
4508428437.5,-32.73639
4508429375.0,-32.74319
4508430312.5,-32.74458
4508431250.0,-32.7524
4508432187.5,-32.75863
4508433125.0,-32.76482
4508434062.5,-32.77021
4508435000.0,-32.77551
4508435937.5,-32.77755
4508436875.0,-32.78011
4508437812.5,-32.78685
4508438750.0,-32.79599
4508439687.5,-32.79725
4508440625.0,-32.79671
4508441562.5,-32.80943
4508442500.0,-32.81477
4508443437.5,-32.81662
4508444375.0,-32.82524
4508445312.5,-32.83464
4508446250.0,-32.83474
4508447187.5,-32.84053
4508448125.0,-32.83826
4508449062.5,-32.84883
4508450000.0,-32.84914
4508450937.5,-32.86138
4508451875.0,-32.86622
4508452812.5,-32.87707
4508453750.0,-32.88435
4508454687.5,-32.88804
4508455625.0,-32.88596
4508456562.5,-32.89478
4508457500.0,-32.89351
4508458437.5,-32.89704
4508459375.0,-32.90426
4508460312.5,-32.92292
4508461250.0,-32.91925
4508462187.5,-32.92323
4508463125.0,-32.93023
4508464062.5,-32.93887
4508465000.0,-32.94248
4508465937.5,-32.94521
4508466875.0,-32.94985
4508467812.5,-32.95358
4508468750.0,-32.96374
4508469687.5,-32.96725
4508470625.0,-32.97066
4508471562.5,-32.97091
4508472500.0,-32.98629
4508473437.5,-32.98628
4508474375.0,-32.99519
4508475312.5,-33.00798
4508476250.0,-33.00875
4508477187.5,-33.00917
4508478125.0,-33.02084
4508479062.5,-33.02338
4508480000.0,-33.01849
4508480937.5,-33.03491
4508481875.0,-33.02867
4508482812.5,-33.03405
4508483750.0,-33.04296
4508484687.5,-33.05337
4508485625.0,-33.06159
4508486562.5,-33.05762
4508487500.0,-33.07092
4508488437.5,-33.06831
4508489375.0,-33.07425
4508490312.5,-33.08363
4508491250.0,-33.07751
4508492187.5,-33.0898
4508493125.0,-33.0926
4508494062.5,-33.10032
4508495000.0,-33.1094
4508495937.5,-33.11655
4508496875.0,-33.11933
4508497812.5,-33.12154
4508498750.0,-33.12356
4508499687.5,-33.13553
4508500625.0,-33.13692
4508501562.5,-33.15174
4508502500.0,-33.14281
4508503437.5,-33.1574
4508504375.0,-33.16316
4508505312.5,-33.15787
4508506250.0,-33.16885
4508507187.5,-33.17433
4508508125.0,-33.1893
4508509062.5,-33.18961
4508510000.0,-33.18841
4508510937.5,-33.19421
4508511875.0,-33.20152
4508512812.5,-33.20029
4508513750.0,-33.20928
4508514687.5,-33.21536
4508515625.0,-33.22626
4508516562.5,-33.22466
4508517500.0,-33.22911
4508518437.5,-33.23795
4508519375.0,-33.24281
4508520312.5,-33.2439
4508521250.0,-33.24913
4508522187.5,-33.25571
4508523125.0,-33.26274
4508524062.5,-33.26766
4508525000.0,-33.27773
4508525937.5,-33.27565
4508526875.0,-33.28255
4508527812.5,-33.28627
4508528750.0,-33.29618
4508529687.5,-33.30069
4508530625.0,-33.30108
4508531562.5,-33.29903
4508532500.0,-33.31311
4508533437.5,-33.31134
4508534375.0,-33.32494
4508535312.5,-33.33231
4508536250.0,-33.33368
4508537187.5,-33.33977
4508538125.0,-33.34437
4508539062.5,-33.34508
4508540000.0,-33.35316
4508540937.5,-33.36401
4508541875.0,-33.36419
4508542812.5,-33.37172
4508543750.0,-33.3718
4508544687.5,-33.37096
4508545625.0,-33.37391
4508546562.5,-33.38654
4508547500.0,-33.39339
4508548437.5,-33.39556
4508549375.0,-33.39729
4508550312.5,-33.39479
4508551250.0,-33.41056
4508552187.5,-33.41307
4508553125.0,-33.4229
4508554062.5,-33.43047
4508555000.0,-33.42841
4508555937.5,-33.43418
4508556875.0,-33.44378
4508557812.5,-33.44802
4508558750.0,-33.45283
4508559687.5,-33.45694
4508560625.0,-33.46609
4508561562.5,-33.47425
4508562500.0,-33.46921
4508563437.5,-33.48668
4508564375.0,-33.48862
4508565312.5,-33.48484
4508566250.0,-33.49319
4508567187.5,-33.50229
4508568125.0,-33.51714
4508569062.5,-33.51067
4508570000.0,-33.51604
4508570937.5,-33.51315
4508571875.0,-33.51781
4508572812.5,-33.5226
4508573750.0,-33.53253
4508574687.5,-33.53739
4508575625.0,-33.55277
4508576562.5,-33.5509
4508577500.0,-33.55418
4508578437.5,-33.55465
4508579375.0,-33.55751
4508580312.5,-33.57323
4508581250.0,-33.57219
4508582187.5,-33.58165
4508583125.0,-33.58963
4508584062.5,-33.59222
4508585000.0,-33.60498
4508585937.5,-33.60195
4508586875.0,-33.60547
4508587812.5,-33.61077
4508588750.0,-33.62161
4508589687.5,-33.61969
4508590625.0,-33.61741
4508591562.5,-33.61923
4508592500.0,-33.63979
4508593437.5,-33.64058
4508594375.0,-33.6479
4508595312.5,-33.65327
4508596250.0,-33.65042
4508597187.5,-33.65342
4508598125.0,-33.65014
4508599062.5,-33.67117
4508600000.0,-33.67398
4508600937.5,-33.68086
4508601875.0,-33.68206
4508602812.5,-33.68936
4508603750.0,-33.69461
4508604687.5,-33.69704
4508605625.0,-33.70021
4508606562.5,-33.70546
4508607500.0,-33.71119
4508608437.5,-33.72152
4508609375.0,-33.72205
4508610312.5,-33.73058
4508611250.0,-33.7236
4508612187.5,-33.73107
4508613125.0,-33.74462
4508614062.5,-33.73828
4508615000.0,-33.74404
4508615937.5,-33.75901
4508616875.0,-33.76077
4508617812.5,-33.7712
4508618750.0,-33.77071
4508619687.5,-33.77697
4508620625.0,-33.78153
4508621562.5,-33.78524
4508622500.0,-33.79393
4508623437.5,-33.80244
4508624375.0,-33.79977
4508625312.5,-33.80133
4508626250.0,-33.81105
4508627187.5,-33.81333
4508628125.0,-33.81995
4508629062.5,-33.82674
4508630000.0,-33.82761
4508630937.5,-33.83313
4508631875.0,-33.83911
4508632812.5,-33.84062
4508633750.0,-33.85832
4508634687.5,-33.85309
4508635625.0,-33.85182
4508636562.5,-33.86691
4508637500.0,-33.86757
4508638437.5,-33.87276
4508639375.0,-33.87176
4508640312.5,-33.87531
4508641250.0,-33.89357
4508642187.5,-33.89156
4508643125.0,-33.90148
4508644062.5,-33.90826
4508645000.0,-33.91576
4508645937.5,-33.90846
4508646875.0,-33.91664
4508647812.5,-33.92425
4508648750.0,-33.92281
4508649687.5,-33.93663
4508650625.0,-33.93126
4508651562.5,-33.93822
4508652500.0,-33.94791
4508653437.5,-33.94787
4508654375.0,-33.9585
4508655312.5,-33.9598
4508656250.0,-33.96297
4508657187.5,-33.96939
4508658125.0,-33.96703
4508659062.5,-33.98593
4508660000.0,-33.98636
4508660937.5,-33.98461
4508661875.0,-33.99527
4508662812.5,-33.99971
4508663750.0,-34.00282
4508664687.5,-34.01001
4508665625.0,-34.01815
4508666562.5,-34.01769
4508667500.0,-34.02596
4508668437.5,-34.01728
4508669375.0,-34.02261
4508670312.5,-34.03121
4508671250.0,-34.04346
4508672187.5,-34.04315
4508673125.0,-34.04508
4508674062.5,-34.05812
4508675000.0,-34.04992
4508675937.5,-34.05898
4508676875.0,-34.06453
4508677812.5,-34.07671
4508678750.0,-34.08235
4508679687.5,-34.07546
4508680625.0,-34.08588
4508681562.5,-34.09097
4508682500.0,-34.10781
4508683437.5,-34.10294
4508684375.0,-34.10875
4508685312.5,-34.11777
4508686250.0,-34.1194
4508687187.5,-34.12712
4508688125.0,-34.13126
4508689062.5,-34.13506
4508690000.0,-34.13972
4508690937.5,-34.14722
4508691875.0,-34.15081
4508692812.5,-34.15129
4508693750.0,-34.14973
4508694687.5,-34.16001
4508695625.0,-34.16165
4508696562.5,-34.17462
4508697500.0,-34.18209
4508698437.5,-34.17043
4508699375.0,-34.18324
4508700312.5,-34.19188
4508701250.0,-34.19602
4508702187.5,-34.1917
4508703125.0,-34.19952
4508704062.5,-34.21146
4508705000.0,-34.20702
4508705937.5,-34.21535
4508706875.0,-34.22235
4508707812.5,-34.22541
4508708750.0,-34.23673
4508709687.5,-34.23353
4508710625.0,-34.23769
4508711562.5,-34.24962
4508712500.0,-34.25445
4508713437.5,-34.23904
4508714375.0,-34.25798
4508715312.5,-34.26913
4508716250.0,-34.26989
4508717187.5,-34.26447
4508718125.0,-34.27098
4508719062.5,-34.28962
4508720000.0,-34.2917
4508720937.5,-34.2886
4508721875.0,-34.29171
4508722812.5,-34.29064
4508723750.0,-34.29689
4508724687.5,-34.3089
4508725625.0,-34.30567
4508726562.5,-34.31509
4508727500.0,-34.32377
4508728437.5,-34.32574
4508729375.0,-34.33222
4508730312.5,-34.34111
4508731250.0,-34.33861
4508732187.5,-34.34227
4508733125.0,-34.35435
4508734062.5,-34.34835
4508735000.0,-34.36613
4508735937.5,-34.37057
4508736875.0,-34.35923
4508737812.5,-34.37542
4508738750.0,-34.37928
4508739687.5,-34.3829
4508740625.0,-34.38397
4508741562.5,-34.391
4508742500.0,-34.40552
4508743437.5,-34.39765
4508744375.0,-34.39955
4508745312.5,-34.41128
4508746250.0,-34.40999
4508747187.5,-34.42496
4508748125.0,-34.43205
4508749062.5,-34.42444
4508750000.0,-34.4368
4508750937.5,-34.4326
4508751875.0,-34.44551
4508752812.5,-34.44984
4508753750.0,-34.4479
4508754687.5,-34.46695
4508755625.0,-34.46786
4508756562.5,-34.45897
4508757500.0,-34.46748
4508758437.5,-34.47099
4508759375.0,-34.47577
4508760312.5,-34.48187
4508761250.0,-34.49749
4508762187.5,-34.50397
4508763125.0,-34.49726
4508764062.5,-34.51072
4508765000.0,-34.50177
4508765937.5,-34.51635
4508766875.0,-34.51428
4508767812.5,-34.52127
4508768750.0,-34.51836
4508769687.5,-34.52446
4508770625.0,-34.53301
4508771562.5,-34.53714
4508772500.0,-34.54075
4508773437.5,-34.54796
4508774375.0,-34.54576
4508775312.5,-34.56453
4508776250.0,-34.55864
4508777187.5,-34.56967
4508778125.0,-34.56182
4508779062.5,-34.57797
4508780000.0,-34.58134
4508780937.5,-34.58878
4508781875.0,-34.59052
4508782812.5,-34.60085
4508783750.0,-34.59098
4508784687.5,-34.60597
4508785625.0,-34.60812
4508786562.5,-34.60133
4508787500.0,-34.62952
4508788437.5,-34.61915
4508789375.0,-34.63011
4508790312.5,-34.63087
4508791250.0,-34.64185
4508792187.5,-34.63494
4508793125.0,-34.65382
4508794062.5,-34.64756
4508795000.0,-34.65322
4508795937.5,-34.65769
4508796875.0,-34.66565
4508797812.5,-34.66452
4508798750.0,-34.68303
4508799687.5,-34.67273
4508800625.0,-34.67968
4508801562.5,-34.68038
4508802500.0,-34.69487
4508803437.5,-34.69915
4508804375.0,-34.70214
4508805312.5,-34.70826
4508806250.0,-34.71411
4508807187.5,-34.70581
4508808125.0,-34.71599
4508809062.5,-34.72643
4508810000.0,-34.72347
4508810937.5,-34.73101
4508811875.0,-34.73156
4508812812.5,-34.74424
4508813750.0,-34.74632
4508814687.5,-34.7444
4508815625.0,-34.74975
4508816562.5,-34.75603
4508817500.0,-34.76115
4508818437.5,-34.77056
4508819375.0,-34.76683
4508820312.5,-34.77731
4508821250.0,-34.77809
4508822187.5,-34.77302
4508823125.0,-34.78522
4508824062.5,-34.80243
4508825000.0,-34.79284
4508825937.5,-34.81181
4508826875.0,-34.8042
4508827812.5,-34.81191
4508828750.0,-34.81077
4508829687.5,-34.8132
4508830625.0,-34.81837
4508831562.5,-34.82695
4508832500.0,-34.83089
4508833437.5,-34.83339
4508834375.0,-34.83495
4508835312.5,-34.84686
4508836250.0,-34.84967
4508837187.5,-34.85378
4508838125.0,-34.85701
4508839062.5,-34.85542
4508840000.0,-34.87177
4508840937.5,-34.87288
4508841875.0,-34.87611
4508842812.5,-34.8783
4508843750.0,-34.89139
4508844687.5,-34.88413
4508845625.0,-34.88584
4508846562.5,-34.89379
4508847500.0,-34.8935
4508848437.5,-34.90398
4508849375.0,-34.92127
4508850312.5,-34.91652
4508851250.0,-34.92414
4508852187.5,-34.91771
4508853125.0,-34.92629
4508854062.5,-34.93853
4508855000.0,-34.93069
4508855937.5,-34.94654
4508856875.0,-34.95055
4508857812.5,-34.95107
4508858750.0,-34.95716
4508859687.5,-34.96447
4508860625.0,-34.96787
4508861562.5,-34.97094
4508862500.0,-34.96838
4508863437.5,-34.98326
4508864375.0,-34.9827
4508865312.5,-34.98941
4508866250.0,-34.9942
4508867187.5,-34.99499
4508868125.0,-35.00612
4508869062.5,-34.99728
4508870000.0,-35.01838
4508870937.5,-35.01607
4508871875.0,-35.01674
4508872812.5,-35.02693
4508873750.0,-35.01505
4508874687.5,-35.02835
4508875625.0,-35.03459
4508876562.5,-35.0381
4508877500.0,-35.0517
4508878437.5,-35.04149
4508879375.0,-35.05954
4508880312.5,-35.04914
4508881250.0,-35.05052
4508882187.5,-35.05696
4508883125.0,-35.07385
4508884062.5,-35.06869
4508885000.0,-35.07473
4508885937.5,-35.07224
4508886875.0,-35.08897
4508887812.5,-35.10314
4508888750.0,-35.0979
4508889687.5,-35.10142
4508890625.0,-35.09191
4508891562.5,-35.11227
4508892500.0,-35.11618
4508893437.5,-35.11005
4508894375.0,-35.11952
4508895312.5,-35.12784
4508896250.0,-35.12209
4508897187.5,-35.13886
4508898125.0,-35.12597
4508899062.5,-35.1368
4508900000.0,-35.14051
4508900937.5,-35.15681
4508901875.0,-35.15381
4508902812.5,-35.15292
4508903750.0,-35.1667
4508904687.5,-35.17172
4508905625.0,-35.1687
4508906562.5,-35.17152
4508907500.0,-35.17783
4508908437.5,-35.17831
4508909375.0,-35.19469
4508910312.5,-35.19534
4508911250.0,-35.19159
4508912187.5,-35.20859
4508913125.0,-35.21031
4508914062.5,-35.21957
4508915000.0,-35.22205
4508915937.5,-35.22388
4508916875.0,-35.2178
4508917812.5,-35.22844
4508918750.0,-35.22855
4508919687.5,-35.24817
4508920625.0,-35.23791
4508921562.5,-35.24539
4508922500.0,-35.24069
4508923437.5,-35.25046
4508924375.0,-35.25619
4508925312.5,-35.25959
4508926250.0,-35.25441
4508927187.5,-35.2655
4508928125.0,-35.27221
4508929062.5,-35.27724
4508930000.0,-35.27788
4508930937.5,-35.29739
4508931875.0,-35.29362
4508932812.5,-35.29522
4508933750.0,-35.29739
4508934687.5,-35.30263
4508935625.0,-35.31027
4508936562.5,-35.31114
4508937500.0,-35.32859
4508938437.5,-35.32038
4508939375.0,-35.33398
4508940312.5,-35.33645
4508941250.0,-35.33684
4508942187.5,-35.33902
4508943125.0,-35.33965
4508944062.5,-35.34309
4508945000.0,-35.35402
4508945937.5,-35.36514
4508946875.0,-35.35262
4508947812.5,-35.36818
4508948750.0,-35.37172
4508949687.5,-35.37312
4508950625.0,-35.38553
4508951562.5,-35.37764
4508952500.0,-35.39598
4508953437.5,-35.39073
4508954375.0,-35.40493
4508955312.5,-35.40968
4508956250.0,-35.40066
4508957187.5,-35.40529
4508958125.0,-35.4082
4508959062.5,-35.41666
4508960000.0,-35.42008
4508960937.5,-35.41483
4508961875.0,-35.431
4508962812.5,-35.42325
4508963750.0,-35.44202
4508964687.5,-35.43909
4508965625.0,-35.4476
4508966562.5,-35.44328
4508967500.0,-35.44618
4508968437.5,-35.45253
4508969375.0,-35.46086
4508970312.5,-35.46442
4508971250.0,-35.48024
4508972187.5,-35.46989
4508973125.0,-35.47598
4508974062.5,-35.47642
4508975000.0,-35.48893
4508975937.5,-35.50116
4508976875.0,-35.49226
4508977812.5,-35.50272
4508978750.0,-35.48817
4508979687.5,-35.50075
4508980625.0,-35.51211
4508981562.5,-35.51188
4508982500.0,-35.52221
4508983437.5,-35.53186
4508984375.0,-35.52982
4508985312.5,-35.52572
4508986250.0,-35.52835
4508987187.5,-35.53507
4508988125.0,-35.54757
4508989062.5,-35.5421
4508990000.0,-35.53673
4508990937.5,-35.54963
4508991875.0,-35.56425
4508992812.5,-35.55742
4508993750.0,-35.57235
4508994687.5,-35.56812
4508995625.0,-35.57775
4508996562.5,-35.57918
4508997500.0,-35.58931
4508998437.5,-35.59367
4508999375.0,-35.59914
4509000312.5,-35.61139
4509001250.0,-35.60455
4509002187.5,-35.5934
4509003125.0,-35.6087
4509004062.5,-35.60983
4509005000.0,-35.61367
4509005937.5,-35.62705
4509006875.0,-35.62391
4509007812.5,-35.63191
4509008750.0,-35.64826
4509009687.5,-35.63655
4509010625.0,-35.64329
4509011562.5,-35.66032
4509012500.0,-35.65941
4509013437.5,-35.67106
4509014375.0,-35.66768
4509015312.5,-35.67321
4509016250.0,-35.67405
4509017187.5,-35.663
4509018125.0,-35.68195
4509019062.5,-35.67762
4509020000.0,-35.68338
4509020937.5,-35.68529
4509021875.0,-35.70128
4509022812.5,-35.70257
4509023750.0,-35.70455
4509024687.5,-35.71637
4509025625.0,-35.70478
4509026562.5,-35.71373
4509027500.0,-35.71768
4509028437.5,-35.72388
4509029375.0,-35.72522
4509030312.5,-35.73008
4509031250.0,-35.73571
4509032187.5,-35.73112
4509033125.0,-35.734
4509034062.5,-35.7527
4509035000.0,-35.7607
4509035937.5,-35.75151
4509036875.0,-35.763
4509037812.5,-35.76686
4509038750.0,-35.77478
4509039687.5,-35.77222
4509040625.0,-35.771
4509041562.5,-35.77336
4509042500.0,-35.77633
4509043437.5,-35.79222
4509044375.0,-35.78362
4509045312.5,-35.78794
4509046250.0,-35.80444
4509047187.5,-35.80608
4509048125.0,-35.80361
4509049062.5,-35.80153
4509050000.0,-35.79973
4509050937.5,-35.80434
4509051875.0,-35.81949
4509052812.5,-35.82721
4509053750.0,-35.82231
4509054687.5,-35.838
4509055625.0,-35.82887
4509056562.5,-35.84669
4509057500.0,-35.86146
4509058437.5,-35.84785
4509059375.0,-35.84661
4509060312.5,-35.86066
4509061250.0,-35.85209
4509062187.5,-35.86238
4509063125.0,-35.86441
4509064062.5,-35.87825
4509065000.0,-35.87838
4509065937.5,-35.89767
4509066875.0,-35.87949
4509067812.5,-35.88465
4509068750.0,-35.88372
4509069687.5,-35.9091
4509070625.0,-35.91733
4509071562.5,-35.90876
4509072500.0,-35.90202
4509073437.5,-35.92755
4509074375.0,-35.92123
4509075312.5,-35.92424
4509076250.0,-35.92544
4509077187.5,-35.93516
4509078125.0,-35.92624
4509079062.5,-35.94259
4509080000.0,-35.94751
4509080937.5,-35.95147
4509081875.0,-35.96117
4509082812.5,-35.94915
4509083750.0,-35.96661
4509084687.5,-35.96423
4509085625.0,-35.95386
4509086562.5,-35.96907
4509087500.0,-35.97998
4509088437.5,-35.99421
4509089375.0,-35.98137
4509090312.5,-35.98441
4509091250.0,-36.00341
4509092187.5,-35.99669
4509093125.0,-36.00266
4509094062.5,-36.00248
4509095000.0,-36.00172
4509095937.5,-36.01822
4509096875.0,-36.02499
4509097812.5,-36.03125
4509098750.0,-36.01824
4509099687.5,-36.02015
4509100625.0,-36.02003
4509101562.5,-36.03672
4509102500.0,-36.03699
4509103437.5,-36.04039
4509104375.0,-36.04642
4509105312.5,-36.06065
4509106250.0,-36.04473
4509107187.5,-36.06254
4509108125.0,-36.06276
4509109062.5,-36.06688
4509110000.0,-36.09322
4509110937.5,-36.08055
4509111875.0,-36.07266
4509112812.5,-36.08979
4509113750.0,-36.08356
4509114687.5,-36.08705
4509115625.0,-36.08735
4509116562.5,-36.09336
4509117500.0,-36.0972
4509118437.5,-36.11012
4509119375.0,-36.1125
4509120312.5,-36.11273
4509121250.0,-36.12294
4509122187.5,-36.11819
4509123125.0,-36.12642
4509124062.5,-36.12232
4509125000.0,-36.14071
4509125937.5,-36.13689
4509126875.0,-36.14214
4509127812.5,-36.13612
4509128750.0,-36.14727
4509129687.5,-36.14783
4509130625.0,-36.15303
4509131562.5,-36.16417
4509132500.0,-36.16452
4509133437.5,-36.16809
4509134375.0,-36.16426
4509135312.5,-36.17615
4509136250.0,-36.18855
4509137187.5,-36.18281
4509138125.0,-36.18903
4509139062.5,-36.17481
4509140000.0,-36.20352
4509140937.5,-36.20035
4509141875.0,-36.20137
4509142812.5,-36.19775
4509143750.0,-36.21165
4509144687.5,-36.21831
4509145625.0,-36.22262
4509146562.5,-36.22052
4509147500.0,-36.22755
4509148437.5,-36.23624
4509149375.0,-36.24515
4509150312.5,-36.25068
4509151250.0,-36.23467
4509152187.5,-36.24125
4509153125.0,-36.24939
4509154062.5,-36.24755
4509155000.0,-36.26362
4509155937.5,-36.26395
4509156875.0,-36.25729
4509157812.5,-36.26644
4509158750.0,-36.27345
4509159687.5,-36.27546
4509160625.0,-36.28527
4509161562.5,-36.28956
4509162500.0,-36.28585
4509163437.5,-36.29927
4509164375.0,-36.30445
4509165312.5,-36.29071
4509166250.0,-36.30245
4509167187.5,-36.30531
4509168125.0,-36.31156
4509169062.5,-36.32489
4509170000.0,-36.31916
4509170937.5,-36.33285
4509171875.0,-36.32941
4509172812.5,-36.33962
4509173750.0,-36.33112
4509174687.5,-36.34972
4509175625.0,-36.3277
4509176562.5,-36.3426
4509177500.0,-36.35288
4509178437.5,-36.35159
4509179375.0,-36.34559
4509180312.5,-36.36525
4509181250.0,-36.36783
4509182187.5,-36.37177
4509183125.0,-36.3771
4509184062.5,-36.37228
4509185000.0,-36.36905
4509185937.5,-36.38142
4509186875.0,-36.37796
4509187812.5,-36.39317
4509188750.0,-36.39351
4509189687.5,-36.38749
4509190625.0,-36.40299
4509191562.5,-36.41337
4509192500.0,-36.40871
4509193437.5,-36.40574
4509194375.0,-36.42016
4509195312.5,-36.42671
4509196250.0,-36.43325
4509197187.5,-36.43734
4509198125.0,-36.43711
4509199062.5,-36.45145
4509200000.0,-36.43967
4509200937.5,-36.45543
4509201875.0,-36.45054
4509202812.5,-36.44567
4509203750.0,-36.45732
4509204687.5,-36.46904
4509205625.0,-36.4658
4509206562.5,-36.4598
4509207500.0,-36.47486
4509208437.5,-36.48363
4509209375.0,-36.48068
4509210312.5,-36.48615
4509211250.0,-36.48512
4509212187.5,-36.4916
4509213125.0,-36.48308
4509214062.5,-36.49076
4509215000.0,-36.50473
4509215937.5,-36.49824
4509216875.0,-36.51218
4509217812.5,-36.50992
4509218750.0,-36.5234
4509219687.5,-36.52185
4509220625.0,-36.53114
4509221562.5,-36.52997
4509222500.0,-36.52734
4509223437.5,-36.54181
4509224375.0,-36.54034
4509225312.5,-36.53791
4509226250.0,-36.54162
4509227187.5,-36.54932
4509228125.0,-36.55416
4509229062.5,-36.55787
4509230000.0,-36.5526
4509230937.5,-36.56533
4509231875.0,-36.56776
4509232812.5,-36.57187
4509233750.0,-36.57491
4509234687.5,-36.58539
4509235625.0,-36.58807
4509236562.5,-36.58699
4509237500.0,-36.58916
4509238437.5,-36.606
4509239375.0,-36.60979
4509240312.5,-36.60316
4509241250.0,-36.61708
4509242187.5,-36.61676
4509243125.0,-36.61111
4509244062.5,-36.63238
4509245000.0,-36.6228
4509245937.5,-36.62992
4509246875.0,-36.6408
4509247812.5,-36.63715
4509248750.0,-36.63563
4509249687.5,-36.63984
4509250625.0,-36.64304
4509251562.5,-36.65828
4509252500.0,-36.64366
4509253437.5,-36.66489
4509254375.0,-36.66142
4509255312.5,-36.66699
4509256250.0,-36.66887
4509257187.5,-36.65719
4509258125.0,-36.67199
4509259062.5,-36.66408
4509260000.0,-36.6812
4509260937.5,-36.7001
4509261875.0,-36.6923
4509262812.5,-36.67796
4509263750.0,-36.69328
4509264687.5,-36.69561
4509265625.0,-36.70399
4509266562.5,-36.71791
4509267500.0,-36.71943
4509268437.5,-36.70488
4509269375.0,-36.71813
4509270312.5,-36.73218
4509271250.0,-36.73077
4509272187.5,-36.72988
4509273125.0,-36.73628
4509274062.5,-36.73427
4509275000.0,-36.73151
4509275937.5,-36.74019
4509276875.0,-36.7448
4509277812.5,-36.75695
4509278750.0,-36.77181
4509279687.5,-36.75959
4509280625.0,-36.77106
4509281562.5,-36.76326
4509282500.0,-36.76897
4509283437.5,-36.77574
4509284375.0,-36.77253
4509285312.5,-36.79595
4509286250.0,-36.78838
4509287187.5,-36.78565
4509288125.0,-36.79024
4509289062.5,-36.78773
4509290000.0,-36.80191
4509290937.5,-36.80029
4509291875.0,-36.80542
4509292812.5,-36.80719
4509293750.0,-36.80691
4509294687.5,-36.81013
4509295625.0,-36.82206
4509296562.5,-36.83928
4509297500.0,-36.84328
4509298437.5,-36.83981
4509299375.0,-36.83125
4509300312.5,-36.84842
4509301250.0,-36.83735
4509302187.5,-36.847
4509303125.0,-36.84645
4509304062.5,-36.84779
4509305000.0,-36.85118
4509305937.5,-36.85009
4509306875.0,-36.86021
4509307812.5,-36.8787
4509308750.0,-36.87982
4509309687.5,-36.87887
4509310625.0,-36.87872
4509311562.5,-36.90136
4509312500.0,-36.88633
4509313437.5,-36.89272
4509314375.0,-36.89447
4509315312.5,-36.89981
4509316250.0,-36.90741
4509317187.5,-36.91214
4509318125.0,-36.90784
4509319062.5,-36.91018
4509320000.0,-36.91272
4509320937.5,-36.91408
4509321875.0,-36.9188
4509322812.5,-36.93041
4509323750.0,-36.94308
4509324687.5,-36.94138
4509325625.0,-36.93562
4509326562.5,-36.93237
4509327500.0,-36.94669
4509328437.5,-36.95921
4509329375.0,-36.95002
4509330312.5,-36.94609
4509331250.0,-36.95314
4509332187.5,-36.95832
4509333125.0,-36.97184
4509334062.5,-36.9692
4509335000.0,-36.97726
4509335937.5,-36.99268
4509336875.0,-36.98313
4509337812.5,-36.99048
4509338750.0,-36.99361
4509339687.5,-37.00074
4509340625.0,-36.99176
4509341562.5,-37.0008
4509342500.0,-37.00043
4509343437.5,-37.01263
4509344375.0,-36.99624
4509345312.5,-37.01517
4509346250.0,-37.01855
4509347187.5,-37.01498
4509348125.0,-37.02691
4509349062.5,-37.01529
4509350000.0,-37.02342
4509350937.5,-37.04025
4509351875.0,-37.04411
4509352812.5,-37.02754
4509353750.0,-37.04581
4509354687.5,-37.04912
4509355625.0,-37.0487
4509356562.5,-37.04985
4509357500.0,-37.06106
4509358437.5,-37.06848
4509359375.0,-37.07066
4509360312.5,-37.07704
4509361250.0,-37.07261
4509362187.5,-37.09023
4509363125.0,-37.08994
4509364062.5,-37.08835
4509365000.0,-37.08849
4509365937.5,-37.08878
4509366875.0,-37.10067
4509367812.5,-37.09587
4509368750.0,-37.1018
4509369687.5,-37.10849
4509370625.0,-37.09969
4509371562.5,-37.11963
4509372500.0,-37.12803
4509373437.5,-37.11644
4509374375.0,-37.12183
4509375312.5,-37.13861
4509376250.0,-37.12791
4509377187.5,-37.14351
4509378125.0,-37.14039
4509379062.5,-37.14542
4509380000.0,-37.15217
4509380937.5,-37.14825
4509381875.0,-37.1531
4509382812.5,-37.16878
4509383750.0,-37.15202
4509384687.5,-37.15266
4509385625.0,-37.16982
4509386562.5,-37.16352
4509387500.0,-37.17751
4509388437.5,-37.18412
4509389375.0,-37.18714
4509390312.5,-37.19791
4509391250.0,-37.18361
4509392187.5,-37.18923
4509393125.0,-37.20192
4509394062.5,-37.20853
4509395000.0,-37.20618
4509395937.5,-37.20646
4509396875.0,-37.22015
4509397812.5,-37.22287
4509398750.0,-37.22376
4509399687.5,-37.21981
4509400625.0,-37.22372
4509401562.5,-37.22241
4509402500.0,-37.22924
4509403437.5,-37.22999
4509404375.0,-37.24557
4509405312.5,-37.22868
4509406250.0,-37.22715
4509407187.5,-37.2417
4509408125.0,-37.24729
4509409062.5,-37.23359
4509410000.0,-37.27087
4509410937.5,-37.26149
4509411875.0,-37.27847
4509412812.5,-37.28233
4509413750.0,-37.27615
4509414687.5,-37.2883
4509415625.0,-37.2785
4509416562.5,-37.28494
4509417500.0,-37.27816
4509418437.5,-37.30375
4509419375.0,-37.30054
4509420312.5,-37.29422
4509421250.0,-37.28745
4509422187.5,-37.29203
4509423125.0,-37.30934
4509424062.5,-37.31129
4509425000.0,-37.31085
4509425937.5,-37.31439
4509426875.0,-37.31459
4509427812.5,-37.32558
4509428750.0,-37.33362
4509429687.5,-37.32907
4509430625.0,-37.32829
4509431562.5,-37.33727
4509432500.0,-37.3524
4509433437.5,-37.34209
4509434375.0,-37.34493
4509435312.5,-37.35796
4509436250.0,-37.34504
4509437187.5,-37.35534
4509438125.0,-37.35816
4509439062.5,-37.35958
4509440000.0,-37.36038
4509440937.5,-37.38054
4509441875.0,-37.36282
4509442812.5,-37.39323
4509443750.0,-37.3816
4509444687.5,-37.38818
4509445625.0,-37.39127
4509446562.5,-37.40832
4509447500.0,-37.39988
4509448437.5,-37.41095
4509449375.0,-37.40191
4509450312.5,-37.40963
4509451250.0,-37.42142
4509452187.5,-37.42174
4509453125.0,-37.42503
4509454062.5,-37.42403
4509455000.0,-37.42363
4509455937.5,-37.42085
4509456875.0,-37.42478
4509457812.5,-37.42682
4509458750.0,-37.43862
4509459687.5,-37.42977
4509460625.0,-37.42978
4509461562.5,-37.4464
4509462500.0,-37.45311
4509463437.5,-37.45225
4509464375.0,-37.4548
4509465312.5,-37.4558
4509466250.0,-37.45941
4509467187.5,-37.45552
4509468125.0,-37.47385
4509469062.5,-37.47028
4509470000.0,-37.483
4509470937.5,-37.47863
4509471875.0,-37.48019
4509472812.5,-37.49627
4509473750.0,-37.48484
4509474687.5,-37.48501
4509475625.0,-37.50411
4509476562.5,-37.50987
4509477500.0,-37.49905
4509478437.5,-37.50585
4509479375.0,-37.51456
4509480312.5,-37.51635
4509481250.0,-37.52228
4509482187.5,-37.5271
4509483125.0,-37.52543
4509484062.5,-37.5215
4509485000.0,-37.5374
4509485937.5,-37.53442
4509486875.0,-37.53852
4509487812.5,-37.55289
4509488750.0,-37.54175
4509489687.5,-37.55177
4509490625.0,-37.56187
4509491562.5,-37.55742
4509492500.0,-37.56311
4509493437.5,-37.56281
4509494375.0,-37.56094
4509495312.5,-37.58639
4509496250.0,-37.58546
4509497187.5,-37.57944
4509498125.0,-37.58144
4509499062.5,-37.60086
4509500000.0,-37.58471
4509500937.5,-37.60678
4509501875.0,-37.58933
4509502812.5,-37.58971
4509503750.0,-37.60284
4509504687.5,-37.60966
4509505625.0,-37.59546
4509506562.5,-37.60731
4509507500.0,-37.61163
4509508437.5,-37.60686
4509509375.0,-37.61998
4509510312.5,-37.6303
4509511250.0,-37.6254
4509512187.5,-37.6411
4509513125.0,-37.64188
4509514062.5,-37.63463
4509515000.0,-37.63596
4509515937.5,-37.65759
4509516875.0,-37.64059
4509517812.5,-37.64774
4509518750.0,-37.64923
4509519687.5,-37.66471
4509520625.0,-37.66592
4509521562.5,-37.66449
4509522500.0,-37.67343
4509523437.5,-37.66956
4509524375.0,-37.67939
4509525312.5,-37.67882
4509526250.0,-37.67958
4509527187.5,-37.69248
4509528125.0,-37.68343
4509529062.5,-37.69538
4509530000.0,-37.70721
4509530937.5,-37.71332
4509531875.0,-37.70123
4509532812.5,-37.70827
4509533750.0,-37.70512
4509534687.5,-37.71638
4509535625.0,-37.73589
4509536562.5,-37.72072
4509537500.0,-37.72474
4509538437.5,-37.7353
4509539375.0,-37.72383
4509540312.5,-37.73747
4509541250.0,-37.74086
4509542187.5,-37.74306
4509543125.0,-37.74401
4509544062.5,-37.74548
4509545000.0,-37.74173
4509545937.5,-37.75441
4509546875.0,-37.75561
4509547812.5,-37.75914
4509548750.0,-37.76627
4509549687.5,-37.76374
4509550625.0,-37.76006
4509551562.5,-37.7697
4509552500.0,-37.77284
4509553437.5,-37.77999
4509554375.0,-37.78642
4509555312.5,-37.79793
4509556250.0,-37.77342
4509557187.5,-37.80447
4509558125.0,-37.80251
4509559062.5,-37.78212
4509560000.0,-37.7885
4509560937.5,-37.82144
4509561875.0,-37.80226
4509562812.5,-37.82881
4509563750.0,-37.81078
4509564687.5,-37.81691
4509565625.0,-37.81535
4509566562.5,-37.83849
4509567500.0,-37.82589
4509568437.5,-37.82789
4509569375.0,-37.82785
4509570312.5,-37.84049
4509571250.0,-37.85177
4509572187.5,-37.83487
4509573125.0,-37.86028
4509574062.5,-37.85806
4509575000.0,-37.8647
4509575937.5,-37.86204
4509576875.0,-37.86291
4509577812.5,-37.88086
4509578750.0,-37.85487
4509579687.5,-37.88618
4509580625.0,-37.89094
4509581562.5,-37.88023
4509582500.0,-37.88397
4509583437.5,-37.87658
4509584375.0,-37.89473
4509585312.5,-37.88972
4509586250.0,-37.89763
4509587187.5,-37.87989
4509588125.0,-37.91312
4509589062.5,-37.90575
4509590000.0,-37.89661
4509590937.5,-37.91265
4509591875.0,-37.90527
4509592812.5,-37.92283
4509593750.0,-37.91748
4509594687.5,-37.92986
4509595625.0,-37.93372
4509596562.5,-37.92493
4509597500.0,-37.94114
4509598437.5,-37.94643
4509599375.0,-37.93251
4509600312.5,-37.9524
4509601250.0,-37.94846
4509602187.5,-37.9624
4509603125.0,-37.95495
4509604062.5,-37.95555
4509605000.0,-37.95249
4509605937.5,-37.95497
4509606875.0,-37.96393
4509607812.5,-37.96216
4509608750.0,-37.97135
4509609687.5,-37.96893
4509610625.0,-37.98996
4509611562.5,-37.98171
4509612500.0,-38.00124
4509613437.5,-38.00259
4509614375.0,-38.00675
4509615312.5,-37.9968
4509616250.0,-37.99846
4509617187.5,-38.00966
4509618125.0,-38.02229
4509619062.5,-38.00011
4509620000.0,-38.02084
4509620937.5,-38.02671
4509621875.0,-38.01956
4509622812.5,-38.03889
4509623750.0,-38.01205
4509624687.5,-38.03465
4509625625.0,-38.03911
4509626562.5,-38.0222
4509627500.0,-38.04538
4509628437.5,-38.0426
4509629375.0,-38.05467
4509630312.5,-38.03659
4509631250.0,-38.06855
4509632187.5,-38.05957
4509633125.0,-38.05346
4509634062.5,-38.0638
4509635000.0,-38.05685
4509635937.5,-38.07976
4509636875.0,-38.07113
4509637812.5,-38.07284
4509638750.0,-38.08322
4509639687.5,-38.07286
4509640625.0,-38.076
4509641562.5,-38.08433
4509642500.0,-38.09082
4509643437.5,-38.09369
4509644375.0,-38.0935
4509645312.5,-38.09528
4509646250.0,-38.10041
4509647187.5,-38.09785
4509648125.0,-38.12133
4509649062.5,-38.11177
4509650000.0,-38.11893
4509650937.5,-38.11036
4509651875.0,-38.11953
4509652812.5,-38.12549
4509653750.0,-38.13773
4509654687.5,-38.1407
4509655625.0,-38.12035
4509656562.5,-38.14116
4509657500.0,-38.13765
4509658437.5,-38.14892
4509659375.0,-38.15128
4509660312.5,-38.15388
4509661250.0,-38.16333
4509662187.5,-38.16619
4509663125.0,-38.15285
4509664062.5,-38.17299
4509665000.0,-38.17408
4509665937.5,-38.17321
4509666875.0,-38.17189
4509667812.5,-38.16451
4509668750.0,-38.17339
4509669687.5,-38.174
4509670625.0,-38.1888
4509671562.5,-38.1827
4509672500.0,-38.2039
4509673437.5,-38.19879
4509674375.0,-38.1981
4509675312.5,-38.20084
4509676250.0,-38.20956
4509677187.5,-38.20757
4509678125.0,-38.21368
4509679062.5,-38.21709
4509680000.0,-38.2333
4509680937.5,-38.21561
4509681875.0,-38.21614
4509682812.5,-38.22524
4509683750.0,-38.23188
4509684687.5,-38.22408
4509685625.0,-38.23597
4509686562.5,-38.24967
4509687500.0,-38.24409
4509688437.5,-38.26462
4509689375.0,-38.24034
4509690312.5,-38.24965
4509691250.0,-38.25502
4509692187.5,-38.25847
4509693125.0,-38.26099
4509694062.5,-38.27467
4509695000.0,-38.27313
4509695937.5,-38.26291
4509696875.0,-38.27669
4509697812.5,-38.28325
4509698750.0,-38.28328
4509699687.5,-38.28741
4509700625.0,-38.28492
4509701562.5,-38.27812
4509702500.0,-38.3002
4509703437.5,-38.29835
4509704375.0,-38.297
4509705312.5,-38.29129
4509706250.0,-38.30139
4509707187.5,-38.30036
4509708125.0,-38.33862
4509709062.5,-38.32727
4509710000.0,-38.31013
4509710937.5,-38.33854
4509711875.0,-38.33622
4509712812.5,-38.32811
4509713750.0,-38.33372
4509714687.5,-38.33773
4509715625.0,-38.33968
4509716562.5,-38.34784
4509717500.0,-38.33688
4509718437.5,-38.37696
4509719375.0,-38.33618
4509720312.5,-38.35034
4509721250.0,-38.35181
4509722187.5,-38.36017
4509723125.0,-38.35944
4509724062.5,-38.37145
4509725000.0,-38.38388
4509725937.5,-38.37774
4509726875.0,-38.35493
4509727812.5,-38.37569
4509728750.0,-38.39043
4509729687.5,-38.3694
4509730625.0,-38.40756
4509731562.5,-38.38767
4509732500.0,-38.39468
4509733437.5,-38.39126
4509734375.0,-38.40527
4509735312.5,-38.40323
4509736250.0,-38.40525
4509737187.5,-38.394
4509738125.0,-38.41914
4509739062.5,-38.41602
4509740000.0,-38.41864
4509740937.5,-38.42215
4509741875.0,-38.41043
4509742812.5,-38.43046
4509743750.0,-38.41685
4509744687.5,-38.44113
4509745625.0,-38.43262
4509746562.5,-38.42782
4509747500.0,-38.44943
4509748437.5,-38.45494
4509749375.0,-38.45452
4509750312.5,-38.4595
4509751250.0,-38.44558
4509752187.5,-38.4545
4509753125.0,-38.45808
4509754062.5,-38.46468
4509755000.0,-38.47346
4509755937.5,-38.48172
4509756875.0,-38.47342
4509757812.5,-38.47849
4509758750.0,-38.48714
4509759687.5,-38.49251
4509760625.0,-38.498
4509761562.5,-38.49199
4509762500.0,-38.4884
4509763437.5,-38.48776
4509764375.0,-38.51052
4509765312.5,-38.51336
4509766250.0,-38.50995
4509767187.5,-38.50544
4509768125.0,-38.48942
4509769062.5,-38.51434
4509770000.0,-38.5186
4509770937.5,-38.52527
4509771875.0,-38.53098
4509772812.5,-38.53603
4509773750.0,-38.52987
4509774687.5,-38.53096
4509775625.0,-38.52713
4509776562.5,-38.55203
4509777500.0,-38.53865
4509778437.5,-38.52545
4509779375.0,-38.56934
4509780312.5,-38.55045
4509781250.0,-38.56398
4509782187.5,-38.57164
4509783125.0,-38.55121
4509784062.5,-38.56424
4509785000.0,-38.57085
4509785937.5,-38.56032
4509786875.0,-38.55995
4509787812.5,-38.56681
4509788750.0,-38.58029
4509789687.5,-38.59388
4509790625.0,-38.57432
4509791562.5,-38.5846
4509792500.0,-38.59263
4509793437.5,-38.59576
4509794375.0,-38.59162
4509795312.5,-38.59969
4509796250.0,-38.59981
4509797187.5,-38.59652
4509798125.0,-38.60733
4509799062.5,-38.61747
4509800000.0,-38.6212
4509800937.5,-38.63894
4509801875.0,-38.62437
4509802812.5,-38.62785
4509803750.0,-38.62903
4509804687.5,-38.64506
4509805625.0,-38.63352
4509806562.5,-38.64245
4509807500.0,-38.6392
4509808437.5,-38.63929
4509809375.0,-38.63272
4509810312.5,-38.6503
4509811250.0,-38.65202
4509812187.5,-38.65136
4509813125.0,-38.66251
4509814062.5,-38.66405
4509815000.0,-38.65803
4509815937.5,-38.67392
4509816875.0,-38.68219
4509817812.5,-38.66393
4509818750.0,-38.67816
4509819687.5,-38.65817
4509820625.0,-38.69078
4509821562.5,-38.69548
4509822500.0,-38.68349
4509823437.5,-38.70425
4509824375.0,-38.7022
4509825312.5,-38.68708
4509826250.0,-38.70079
4509827187.5,-38.71338
4509828125.0,-38.7137
4509829062.5,-38.71065
4509830000.0,-38.71831
4509830937.5,-38.72837
4509831875.0,-38.71174
4509832812.5,-38.71569
4509833750.0,-38.72453
4509834687.5,-38.71807
4509835625.0,-38.73948
4509836562.5,-38.72993
4509837500.0,-38.72307
4509838437.5,-38.73956
4509839375.0,-38.74239
4509840312.5,-38.74335
4509841250.0,-38.74669
4509842187.5,-38.76255
4509843125.0,-38.74755
4509844062.5,-38.75003
4509845000.0,-38.76965
4509845937.5,-38.76751
4509846875.0,-38.76127
4509847812.5,-38.75567
4509848750.0,-38.7578
4509849687.5,-38.77481
4509850625.0,-38.77927
4509851562.5,-38.7785
4509852500.0,-38.7757
4509853437.5,-38.77755
4509854375.0,-38.80083
4509855312.5,-38.78971
4509856250.0,-38.79871
4509857187.5,-38.80206
4509858125.0,-38.81746
4509859062.5,-38.81793
4509860000.0,-38.80647
4509860937.5,-38.80584
4509861875.0,-38.81404
4509862812.5,-38.80502
4509863750.0,-38.8247
4509864687.5,-38.82948
4509865625.0,-38.82265
4509866562.5,-38.83414
4509867500.0,-38.82899
4509868437.5,-38.83466
4509869375.0,-38.83191
4509870312.5,-38.84219
4509871250.0,-38.84812
4509872187.5,-38.84373
4509873125.0,-38.83995
4509874062.5,-38.84521
4509875000.0,-38.85308
4509875937.5,-38.85913
4509876875.0,-38.85006
4509877812.5,-38.84621
4509878750.0,-38.87421
4509879687.5,-38.88517
4509880625.0,-38.87168
4509881562.5,-38.8717
4509882500.0,-38.87665
4509883437.5,-38.88025
4509884375.0,-38.89253
4509885312.5,-38.90331
4509886250.0,-38.89573
4509887187.5,-38.89286
4509888125.0,-38.91179
4509889062.5,-38.89373
4509890000.0,-38.91946
4509890937.5,-38.90838
4509891875.0,-38.91348
4509892812.5,-38.92259
4509893750.0,-38.90991
4509894687.5,-38.92543
4509895625.0,-38.9036
4509896562.5,-38.92389
4509897500.0,-38.93887
4509898437.5,-38.9203
4509899375.0,-38.93186
4509900312.5,-38.93747
4509901250.0,-38.93891
4509902187.5,-38.9491
4509903125.0,-38.93741
4509904062.5,-38.95175
4509905000.0,-38.95067
4509905937.5,-38.94991
4509906875.0,-38.96207
4509907812.5,-38.96247
4509908750.0,-38.9635
4509909687.5,-38.96012
4509910625.0,-38.97897
4509911562.5,-38.98297
4509912500.0,-38.97627
4509913437.5,-38.98278
4509914375.0,-38.98882
4509915312.5,-38.99056
4509916250.0,-38.99141
4509917187.5,-38.98498
4509918125.0,-38.99044
4509919062.5,-38.9893
4509920000.0,-38.98767
4509920937.5,-38.99019
4509921875.0,-38.99898
4509922812.5,-39.00642
4509923750.0,-39.01194
4509924687.5,-39.00212
4509925625.0,-39.02342
4509926562.5,-39.02799
4509927500.0,-39.0319
4509928437.5,-39.02613
4509929375.0,-39.04369
4509930312.5,-39.02808
4509931250.0,-39.03191
4509932187.5,-39.03667
4509933125.0,-39.03753
4509934062.5,-39.03493
4509935000.0,-39.0357
4509935937.5,-39.05167
4509936875.0,-39.04213
4509937812.5,-39.05679
4509938750.0,-39.05302
4509939687.5,-39.05079
4509940625.0,-39.05266
4509941562.5,-39.07297
4509942500.0,-39.05865
4509943437.5,-39.06937
4509944375.0,-39.06492
4509945312.5,-39.08016
4509946250.0,-39.07078
4509947187.5,-39.0862
4509948125.0,-39.0757
4509949062.5,-39.0875
4509950000.0,-39.08723
4509950937.5,-39.09964
4509951875.0,-39.10149
4509952812.5,-39.10395
4509953750.0,-39.10344
4509954687.5,-39.10348
4509955625.0,-39.09719
4509956562.5,-39.10836
4509957500.0,-39.11211
4509958437.5,-39.09766
4509959375.0,-39.13367
4509960312.5,-39.1082
4509961250.0,-39.10828
4509962187.5,-39.11987
4509963125.0,-39.13207
4509964062.5,-39.12757
4509965000.0,-39.14825
4509965937.5,-39.15017
4509966875.0,-39.16498
4509967812.5,-39.14336
4509968750.0,-39.13892
4509969687.5,-39.15768
4509970625.0,-39.16586
4509971562.5,-39.14815
4509972500.0,-39.1673
4509973437.5,-39.18067
4509974375.0,-39.1883
4509975312.5,-39.17624
4509976250.0,-39.18126
4509977187.5,-39.181
4509978125.0,-39.17109
4509979062.5,-39.18727
4509980000.0,-39.17528
4509980937.5,-39.17397
4509981875.0,-39.18884
4509982812.5,-39.21265
4509983750.0,-39.20526
4509984687.5,-39.20401
4509985625.0,-39.19946
4509986562.5,-39.2032
4509987500.0,-39.20881
4509988437.5,-39.20507
4509989375.0,-39.20167
4509990312.5,-39.20509
4509991250.0,-39.22917
4509992187.5,-39.22021
4509993125.0,-39.2111
4509994062.5,-39.23133
4509995000.0,-39.22652
4509995937.5,-39.23256
4509996875.0,-39.24808
4509997812.5,-39.23608
4509998750.0,-39.24619
4509999687.5,-39.25152
4510000625.0,-39.24439
4510001562.5,-39.24435
4510002500.0,-39.26178
4510003437.5,-39.24847
4510004375.0,-39.25594
4510005312.5,-39.25147
4510006250.0,-39.26293
4510007187.5,-39.27001
4510008125.0,-39.26469
4510009062.5,-39.26916
4510010000.0,-39.28415
4510010937.5,-39.27182
4510011875.0,-39.28814
4510012812.5,-39.30237
4510013750.0,-39.28263
4510014687.5,-39.29519
4510015625.0,-39.2935
4510016562.5,-39.28757
4510017500.0,-39.29264
4510018437.5,-39.30111
4510019375.0,-39.30054
4510020312.5,-39.29478
4510021250.0,-39.31715
4510022187.5,-39.31155
4510023125.0,-39.31221
4510024062.5,-39.30497
4510025000.0,-39.34069
4510025937.5,-39.334
4510026875.0,-39.32536
4510027812.5,-39.32753
4510028750.0,-39.33975
4510029687.5,-39.33762
4510030625.0,-39.33523
4510031562.5,-39.33656
4510032500.0,-39.34998
4510033437.5,-39.35695
4510034375.0,-39.34196
4510035312.5,-39.34486
4510036250.0,-39.3532
4510037187.5,-39.34927
4510038125.0,-39.38148
4510039062.5,-39.35521
4510040000.0,-39.35701
4510040937.5,-39.37525
4510041875.0,-39.36959
4510042812.5,-39.37654
4510043750.0,-39.3835
4510044687.5,-39.3821
4510045625.0,-39.37178
4510046562.5,-39.37888
4510047500.0,-39.37573
4510048437.5,-39.38351
4510049375.0,-39.39547
4510050312.5,-39.39735
4510051250.0,-39.41188
4510052187.5,-39.42099
4510053125.0,-39.41171
4510054062.5,-39.41476
4510055000.0,-39.40602
4510055937.5,-39.40975
4510056875.0,-39.42294
4510057812.5,-39.41694
4510058750.0,-39.40796
4510059687.5,-39.42662
4510060625.0,-39.4213
4510061562.5,-39.43024
4510062500.0,-39.43616
4510063437.5,-39.44492
4510064375.0,-39.42463
4510065312.5,-39.44641
4510066250.0,-39.4488
4510067187.5,-39.44576
4510068125.0,-39.44263
4510069062.5,-39.45948
4510070000.0,-39.44992
4510070937.5,-39.46538
4510071875.0,-39.47582
4510072812.5,-39.45566
4510073750.0,-39.4599
4510074687.5,-39.4724
4510075625.0,-39.46901
4510076562.5,-39.47716
4510077500.0,-39.46862
4510078437.5,-39.46566
4510079375.0,-39.48705
4510080312.5,-39.49849
4510081250.0,-39.49633
4510082187.5,-39.49489
4510083125.0,-39.51398
4510084062.5,-39.49737
4510085000.0,-39.50774
4510085937.5,-39.49704
4510086875.0,-39.51945
4510087812.5,-39.50598
4510088750.0,-39.51077
4510089687.5,-39.51974
4510090625.0,-39.52216
4510091562.5,-39.51722
4510092500.0,-39.50784
4510093437.5,-39.51915
4510094375.0,-39.54605
4510095312.5,-39.51779
4510096250.0,-39.52443
4510097187.5,-39.54896
4510098125.0,-39.52959
4510099062.5,-39.54063
4510100000.0,-39.53551
4510100937.5,-39.54488
4510101875.0,-39.55009
4510102812.5,-39.56071
4510103750.0,-39.54809
4510104687.5,-39.54001
4510105625.0,-39.57292
4510106562.5,-39.55471
4510107500.0,-39.56674
4510108437.5,-39.56798
4510109375.0,-39.56681
4510110312.5,-39.58073
4510111250.0,-39.57708
4510112187.5,-39.57041
4510113125.0,-39.5738
4510114062.5,-39.57689
4510115000.0,-39.59321
4510115937.5,-39.58281
4510116875.0,-39.60567
4510117812.5,-39.59166
4510118750.0,-39.60614
4510119687.5,-39.60375
4510120625.0,-39.61286
4510121562.5,-39.61564
4510122500.0,-39.60769
4510123437.5,-39.61541
4510124375.0,-39.62338
4510125312.5,-39.62684
4510126250.0,-39.6087
4510127187.5,-39.62329
4510128125.0,-39.63593
4510129062.5,-39.64638
4510130000.0,-39.62671
4510130937.5,-39.63598
4510131875.0,-39.62247
4510132812.5,-39.63715
4510133750.0,-39.63894
4510134687.5,-39.62521
4510135625.0,-39.64164
4510136562.5,-39.64914
4510137500.0,-39.66283
4510138437.5,-39.63102
4510139375.0,-39.65328
4510140312.5,-39.64689
4510141250.0,-39.66726
4510142187.5,-39.64719
4510143125.0,-39.66443
4510144062.5,-39.66174
4510145000.0,-39.67946
4510145937.5,-39.70126
4510146875.0,-39.69802
4510147812.5,-39.69344
4510148750.0,-39.68851
4510149687.5,-39.69407
4510150625.0,-39.68505
4510151562.5,-39.68897
4510152500.0,-39.69577
4510153437.5,-39.71378
4510154375.0,-39.7135
4510155312.5,-39.67852
4510156250.0,-39.7148
4510157187.5,-39.71675
4510158125.0,-39.7125
4510159062.5,-39.70316
4510160000.0,-39.7361
4510160937.5,-39.72189
4510161875.0,-39.73939
4510162812.5,-39.71243
4510163750.0,-39.73942
4510164687.5,-39.73461
4510165625.0,-39.73068
4510166562.5,-39.76554
4510167500.0,-39.73572
4510168437.5,-39.73812
4510169375.0,-39.75824
4510170312.5,-39.73938
4510171250.0,-39.76298
4510172187.5,-39.77568
4510173125.0,-39.76517
4510174062.5,-39.76166
4510175000.0,-39.76226
4510175937.5,-39.75881
4510176875.0,-39.75517
4510177812.5,-39.76685
4510178750.0,-39.77949
4510179687.5,-39.76442
4510180625.0,-39.7714
4510181562.5,-39.77387
4510182500.0,-39.78236
4510183437.5,-39.80125
4510184375.0,-39.79423
4510185312.5,-39.79332
4510186250.0,-39.78844
4510187187.5,-39.82422
4510188125.0,-39.79273
4510189062.5,-39.81031
4510190000.0,-39.79435
4510190937.5,-39.80283
4510191875.0,-39.82653
4510192812.5,-39.80676
4510193750.0,-39.80434
4510194687.5,-39.82126
4510195625.0,-39.81824
4510196562.5,-39.82802
4510197500.0,-39.81619
4510198437.5,-39.82682
4510199375.0,-39.84918
4510200312.5,-39.84979
4510201250.0,-39.824
4510202187.5,-39.84235
4510203125.0,-39.8279
4510204062.5,-39.84315
4510205000.0,-39.84211
4510205937.5,-39.86634
4510206875.0,-39.85155
4510207812.5,-39.85281
4510208750.0,-39.86397
4510209687.5,-39.86738
4510210625.0,-39.87148
4510211562.5,-39.87941
4510212500.0,-39.85566
4510213437.5,-39.87883
4510214375.0,-39.87204
4510215312.5,-39.86505
4510216250.0,-39.8836
4510217187.5,-39.89265
4510218125.0,-39.89307
4510219062.5,-39.87882
4510220000.0,-39.88272
4510220937.5,-39.90685
4510221875.0,-39.90171
4510222812.5,-39.92154
4510223750.0,-39.91721
4510224687.5,-39.9106
4510225625.0,-39.91491
4510226562.5,-39.91007
4510227500.0,-39.90599
4510228437.5,-39.90614
4510229375.0,-39.92713
4510230312.5,-39.91814
4510231250.0,-39.90733
4510232187.5,-39.93119
4510233125.0,-39.92006
4510234062.5,-39.92078
4510235000.0,-39.94715
4510235937.5,-39.94079
4510236875.0,-39.93516
4510237812.5,-39.93959
4510238750.0,-39.95349
4510239687.5,-39.93034
4510240625.0,-39.96802
4510241562.5,-39.96063
4510242500.0,-39.95609
4510243437.5,-39.9771
4510244375.0,-39.97347
4510245312.5,-39.97919
4510246250.0,-39.97275
4510247187.5,-39.98233
4510248125.0,-39.9631
4510249062.5,-39.96841
4510250000.0,-39.96921
4510250937.5,-39.95803
4510251875.0,-39.99001
4510252812.5,-39.99013
4510253750.0,-39.97813
4510254687.5,-39.98024
4510255625.0,-39.99723
4510256562.5,-39.99508
4510257500.0,-39.99092
4510258437.5,-40.0113
4510259375.0,-40.01012
4510260312.5,-40.00917
4510261250.0,-40.01563
4510262187.5,-40.0001
4510263125.0,-40.01189
4510264062.5,-40.01615
4510265000.0,-40.00962
4510265937.5,-40.0136
4510266875.0,-40.01096
4510267812.5,-40.03727
4510268750.0,-40.03679
4510269687.5,-40.02272
4510270625.0,-40.03088
4510271562.5,-40.03608
4510272500.0,-40.02504
4510273437.5,-40.06527
4510274375.0,-40.045
4510275312.5,-40.04036
4510276250.0,-40.04615
4510277187.5,-40.06035
4510278125.0,-40.05352
4510279062.5,-40.06099
4510280000.0,-40.06047
4510280937.5,-40.06026
4510281875.0,-40.07957
4510282812.5,-40.08229
4510283750.0,-40.06434
4510284687.5,-40.0728
4510285625.0,-40.06838
4510286562.5,-40.08381
4510287500.0,-40.07783
4510288437.5,-40.09628
4510289375.0,-40.08975
4510290312.5,-40.09846
4510291250.0,-40.07991
4510292187.5,-40.10153
4510293125.0,-40.08277
4510294062.5,-40.08719
4510295000.0,-40.10299
4510295937.5,-40.1145
4510296875.0,-40.10535
4510297812.5,-40.11469
4510298750.0,-40.11363
4510299687.5,-40.11987
4510300625.0,-40.1135
4510301562.5,-40.11391
4510302500.0,-40.12558
4510303437.5,-40.12415
4510304375.0,-40.13924
4510305312.5,-40.14235
4510306250.0,-40.13317
4510307187.5,-40.12928
4510308125.0,-40.12321
4510309062.5,-40.14811
4510310000.0,-40.15709
4510310937.5,-40.15509
4510311875.0,-40.16862
4510312812.5,-40.14609
4510313750.0,-40.16284
4510314687.5,-40.16036
4510315625.0,-40.17201
4510316562.5,-40.14476
4510317500.0,-40.15622
4510318437.5,-40.16983
4510319375.0,-40.1819
4510320312.5,-40.16526
4510321250.0,-40.17521
4510322187.5,-40.15388
4510323125.0,-40.18407
4510324062.5,-40.18387
4510325000.0,-40.21234
4510325937.5,-40.19569
4510326875.0,-40.19099
4510327812.5,-40.19486
4510328750.0,-40.20807
4510329687.5,-40.202
4510330625.0,-40.19736
4510331562.5,-40.22846
4510332500.0,-40.20283
4510333437.5,-40.20752
4510334375.0,-40.21663
4510335312.5,-40.20642
4510336250.0,-40.21447
4510337187.5,-40.21086
4510338125.0,-40.21494
4510339062.5,-40.23849
4510340000.0,-40.20418
4510340937.5,-40.21661
4510341875.0,-40.21801
4510342812.5,-40.23611
4510343750.0,-40.21588
4510344687.5,-40.22142
4510345625.0,-40.2327
4510346562.5,-40.25183
4510347500.0,-40.27293
4510348437.5,-40.25075
4510349375.0,-40.24673
4510350312.5,-40.24977
4510351250.0,-40.24749
4510352187.5,-40.27755
4510353125.0,-40.26701
4510354062.5,-40.25405
4510355000.0,-40.26032
4510355937.5,-40.26662
4510356875.0,-40.27019
4510357812.5,-40.27562
4510358750.0,-40.27762
4510359687.5,-40.27917
4510360625.0,-40.27717
4510361562.5,-40.27289
4510362500.0,-40.27873
4510363437.5,-40.27765
4510364375.0,-40.2942
4510365312.5,-40.30033
4510366250.0,-40.30661
4510367187.5,-40.29002
4510368125.0,-40.30861
4510369062.5,-40.31789
4510370000.0,-40.32851
4510370937.5,-40.30439
4510371875.0,-40.32137
4510372812.5,-40.31858
4510373750.0,-40.31995
4510374687.5,-40.31919
4510375625.0,-40.32839
4510376562.5,-40.32188
4510377500.0,-40.34455
4510378437.5,-40.33469
4510379375.0,-40.35429
4510380312.5,-40.33152
4510381250.0,-40.34461
4510382187.5,-40.34509
4510383125.0,-40.35327
4510384062.5,-40.32111
4510385000.0,-40.36051
4510385937.5,-40.33519
4510386875.0,-40.36734
4510387812.5,-40.35295
4510388750.0,-40.35774
4510389687.5,-40.37434
4510390625.0,-40.35809
4510391562.5,-40.37259
4510392500.0,-40.37875
4510393437.5,-40.38367
4510394375.0,-40.36901
4510395312.5,-40.38411
4510396250.0,-40.40138
4510397187.5,-40.39458
4510398125.0,-40.39041
4510399062.5,-40.39056
4510400000.0,-40.39598
4510400937.5,-40.40583
4510401875.0,-40.38424
4510402812.5,-40.3868
4510403750.0,-40.41326
4510404687.5,-40.41042
4510405625.0,-40.41077
4510406562.5,-40.42289
4510407500.0,-40.41283
4510408437.5,-40.43039
4510409375.0,-40.42056
4510410312.5,-40.42587
4510411250.0,-40.43539
4510412187.5,-40.42487
4510413125.0,-40.40726
4510414062.5,-40.4178
4510415000.0,-40.4136
4510415937.5,-40.44614
4510416875.0,-40.45295
4510417812.5,-40.43884
4510418750.0,-40.44345
4510419687.5,-40.44291
4510420625.0,-40.4405
4510421562.5,-40.4357
4510422500.0,-40.45035
4510423437.5,-40.45931
4510424375.0,-40.45945
4510425312.5,-40.4618
4510426250.0,-40.45384
4510427187.5,-40.45098
4510428125.0,-40.46436
4510429062.5,-40.46383
4510430000.0,-40.45655
4510430937.5,-40.4888
4510431875.0,-40.4947
4510432812.5,-40.47854
4510433750.0,-40.47628
4510434687.5,-40.49813
4510435625.0,-40.50483
4510436562.5,-40.48058
4510437500.0,-40.47977
4510438437.5,-40.49062
4510439375.0,-40.48451
4510440312.5,-40.50427
4510441250.0,-40.4987
4510442187.5,-40.52791
4510443125.0,-40.50302
4510444062.5,-40.50066
4510445000.0,-40.51265
4510445937.5,-40.51292
4510446875.0,-40.53326
4510447812.5,-40.51027
4510448750.0,-40.5107
4510449687.5,-40.51771
4510450625.0,-40.51889
4510451562.5,-40.53638
4510452500.0,-40.52153
4510453437.5,-40.53541
4510454375.0,-40.51736
4510455312.5,-40.55014
4510456250.0,-40.54188
4510457187.5,-40.53883
4510458125.0,-40.55713
4510459062.5,-40.56459
4510460000.0,-40.55342
4510460937.5,-40.5555
4510461875.0,-40.56523
4510462812.5,-40.56114
4510463750.0,-40.56068
4510464687.5,-40.59498
4510465625.0,-40.5771
4510466562.5,-40.55648
4510467500.0,-40.58395
4510468437.5,-40.57223
4510469375.0,-40.56705
4510470312.5,-40.57936
4510471250.0,-40.59344
4510472187.5,-40.5676
4510473125.0,-40.5684
4510474062.5,-40.5966
4510475000.0,-40.57895
4510475937.5,-40.58552
4510476875.0,-40.59591
4510477812.5,-40.58784
4510478750.0,-40.61415
4510479687.5,-40.60833
4510480625.0,-40.59682
4510481562.5,-40.61975
4510482500.0,-40.61851
4510483437.5,-40.60491
4510484375.0,-40.6337
4510485312.5,-40.61229
4510486250.0,-40.6114
4510487187.5,-40.63309
4510488125.0,-40.62674
4510489062.5,-40.62997
4510490000.0,-40.63402
4510490937.5,-40.64479
4510491875.0,-40.61725
4510492812.5,-40.64376
4510493750.0,-40.63076
4510494687.5,-40.64099
4510495625.0,-40.63867
4510496562.5,-40.64305
4510497500.0,-40.64095
4510498437.5,-40.66413
4510499375.0,-40.65349
4510500312.5,-40.66279
4510501250.0,-40.64169
4510502187.5,-40.69019
4510503125.0,-40.6775
4510504062.5,-40.67099
4510505000.0,-40.67693
4510505937.5,-40.68206
4510506875.0,-40.6784
4510507812.5,-40.67997
4510508750.0,-40.67825
4510509687.5,-40.67581
4510510625.0,-40.69849
4510511562.5,-40.68624
4510512500.0,-40.70501
4510513437.5,-40.6736
4510514375.0,-40.71233
4510515312.5,-40.71678
4510516250.0,-40.70365
4510517187.5,-40.70774
4510518125.0,-40.70516
4510519062.5,-40.69569
4510520000.0,-40.70984
4510520937.5,-40.72077
4510521875.0,-40.73068
4510522812.5,-40.73561
4510523750.0,-40.72276
4510524687.5,-40.72603
4510525625.0,-40.7141
4510526562.5,-40.74806
4510527500.0,-40.71075
4510528437.5,-40.72382
4510529375.0,-40.73029
4510530312.5,-40.73345
4510531250.0,-40.73053
4510532187.5,-40.74197
4510533125.0,-40.75
4510534062.5,-40.72518
4510535000.0,-40.74665
4510535937.5,-40.73966
4510536875.0,-40.76345
4510537812.5,-40.77499
4510538750.0,-40.75116
4510539687.5,-40.76313
4510540625.0,-40.77225
4510541562.5,-40.76669
4510542500.0,-40.76448
4510543437.5,-40.77096
4510544375.0,-40.76254
4510545312.5,-40.77271
4510546250.0,-40.77432
4510547187.5,-40.78279
4510548125.0,-40.78135
4510549062.5,-40.80322
4510550000.0,-40.77297
4510550937.5,-40.77694
4510551875.0,-40.81056
4510552812.5,-40.79089
4510553750.0,-40.78566
4510554687.5,-40.80826
4510555625.0,-40.80993
4510556562.5,-40.79192
4510557500.0,-40.78075
4510558437.5,-40.80637
4510559375.0,-40.81878
4510560312.5,-40.8178
4510561250.0,-40.81207
4510562187.5,-40.80424
4510563125.0,-40.83048
4510564062.5,-40.81866
4510565000.0,-40.83194
4510565937.5,-40.83404
4510566875.0,-40.84407
4510567812.5,-40.83644
4510568750.0,-40.8382
4510569687.5,-40.84752
4510570625.0,-40.83176
4510571562.5,-40.84808
4510572500.0,-40.84317
4510573437.5,-40.84097
4510574375.0,-40.84939
4510575312.5,-40.8451
4510576250.0,-40.8419
4510577187.5,-40.84845
4510578125.0,-40.85612
4510579062.5,-40.86062
4510580000.0,-40.85089
4510580937.5,-40.85548
4510581875.0,-40.86766
4510582812.5,-40.87134
4510583750.0,-40.87226
4510584687.5,-40.87184
4510585625.0,-40.87048
4510586562.5,-40.87718
4510587500.0,-40.88772
4510588437.5,-40.89977
4510589375.0,-40.88332
4510590312.5,-40.8997
4510591250.0,-40.89516
4510592187.5,-40.89842
4510593125.0,-40.90023
4510594062.5,-40.9197
4510595000.0,-40.90016
4510595937.5,-40.90452
4510596875.0,-40.91957
4510597812.5,-40.8921
4510598750.0,-40.90055
4510599687.5,-40.91209
4510600625.0,-40.93503
4510601562.5,-40.89756
4510602500.0,-40.90559
4510603437.5,-40.90148
4510604375.0,-40.9294
4510605312.5,-40.9279
4510606250.0,-40.91363
4510607187.5,-40.92156
4510608125.0,-40.96471
4510609062.5,-40.93712
4510610000.0,-40.93011
4510610937.5,-40.93045
4510611875.0,-40.96315
4510612812.5,-40.95127
4510613750.0,-40.9443
4510614687.5,-40.98491
4510615625.0,-40.9542
4510616562.5,-40.96702
4510617500.0,-40.96786
4510618437.5,-40.95734
4510619375.0,-40.97361
4510620312.5,-40.97024
4510621250.0,-40.97043
4510622187.5,-40.98049
4510623125.0,-40.96767
4510624062.5,-40.95762
4510625000.0,-40.98109
4510625937.5,-40.98252
4510626875.0,-40.97318
4510627812.5,-40.97787
4510628750.0,-40.98109
4510629687.5,-40.99476
4510630625.0,-40.99615
4510631562.5,-40.98751
4510632500.0,-40.99437
4510633437.5,-40.98703
4510634375.0,-40.98126
4510635312.5,-41.02187
4510636250.0,-40.99834
4510637187.5,-41.00546
4510638125.0,-41.00486
4510639062.5,-41.00265
4510640000.0,-41.04922
4510640937.5,-41.02628
4510641875.0,-41.00484
4510642812.5,-41.0461
4510643750.0,-41.02414
4510644687.5,-41.03368
4510645625.0,-41.03447
4510646562.5,-41.02906
4510647500.0,-41.03199
4510648437.5,-41.04404
4510649375.0,-41.03953
4510650312.5,-41.05261
4510651250.0,-41.04501
4510652187.5,-41.02941
4510653125.0,-41.06002
4510654062.5,-41.04636
4510655000.0,-41.06704
4510655937.5,-41.04605
4510656875.0,-41.07631
4510657812.5,-41.05165
4510658750.0,-41.06088
4510659687.5,-41.05276
4510660625.0,-41.06346
4510661562.5,-41.07968
4510662500.0,-41.06417
4510663437.5,-41.07604
4510664375.0,-41.07478
4510665312.5,-41.08589
4510666250.0,-41.07793
4510667187.5,-41.06187
4510668125.0,-41.07967
4510669062.5,-41.08823
4510670000.0,-41.10526
4510670937.5,-41.09929
4510671875.0,-41.09044
4510672812.5,-41.07971
4510673750.0,-41.10367
4510674687.5,-41.08672
4510675625.0,-41.11255
4510676562.5,-41.11341
4510677500.0,-41.0985
4510678437.5,-41.09947
4510679375.0,-41.1041
4510680312.5,-41.10677
4510681250.0,-41.09975
4510682187.5,-41.11409
4510683125.0,-41.11038
4510684062.5,-41.13295
4510685000.0,-41.14695
4510685937.5,-41.12845
4510686875.0,-41.12468
4510687812.5,-41.14723
4510688750.0,-41.13479
4510689687.5,-41.14387
4510690625.0,-41.1368
4510691562.5,-41.14715
4510692500.0,-41.1387
4510693437.5,-41.1749
4510694375.0,-41.15739
4510695312.5,-41.17505
4510696250.0,-41.15172
4510697187.5,-41.14215
4510698125.0,-41.14893
4510699062.5,-41.17586
4510700000.0,-41.18745
4510700937.5,-41.16079
4510701875.0,-41.18183
4510702812.5,-41.17269
4510703750.0,-41.17029
4510704687.5,-41.18664
4510705625.0,-41.19709
4510706562.5,-41.17239
4510707500.0,-41.18695
4510708437.5,-41.18736
4510709375.0,-41.17929
4510710312.5,-41.20628
4510711250.0,-41.19716
4510712187.5,-41.20727
4510713125.0,-41.20655
4510714062.5,-41.2129
4510715000.0,-41.18869
4510715937.5,-41.20834
4510716875.0,-41.18478
4510717812.5,-41.23814
4510718750.0,-41.20968
4510719687.5,-41.21331
4510720625.0,-41.2132
4510721562.5,-41.21549
4510722500.0,-41.22197
4510723437.5,-41.2235
4510724375.0,-41.22372
4510725312.5,-41.21952
4510726250.0,-41.23911
4510727187.5,-41.23385
4510728125.0,-41.23024
4510729062.5,-41.23796
4510730000.0,-41.23299
4510730937.5,-41.24596
4510731875.0,-41.25216
4510732812.5,-41.24304
4510733750.0,-41.25735
4510734687.5,-41.222
4510735625.0,-41.25356
4510736562.5,-41.25097
4510737500.0,-41.25541
4510738437.5,-41.26739
4510739375.0,-41.24998
4510740312.5,-41.2658
4510741250.0,-41.26645
4510742187.5,-41.28775
4510743125.0,-41.27384
4510744062.5,-41.27094
4510745000.0,-41.28326
4510745937.5,-41.2767
4510746875.0,-41.28274
4510747812.5,-41.30202
4510748750.0,-41.28156
4510749687.5,-41.27471
4510750625.0,-41.31725
4510751562.5,-41.29047
4510752500.0,-41.31455
4510753437.5,-41.29579
4510754375.0,-41.31161
4510755312.5,-41.29885
4510756250.0,-41.30853
4510757187.5,-41.30347
4510758125.0,-41.32543
4510759062.5,-41.32658
4510760000.0,-41.3056
4510760937.5,-41.32012
4510761875.0,-41.32481
4510762812.5,-41.34478
4510763750.0,-41.32628
4510764687.5,-41.30569
4510765625.0,-41.31543
4510766562.5,-41.32652
4510767500.0,-41.32635
4510768437.5,-41.34235
4510769375.0,-41.34508
4510770312.5,-41.33147
4510771250.0,-41.35132
4510772187.5,-41.34036
4510773125.0,-41.3325
4510774062.5,-41.36034
4510775000.0,-41.36504
4510775937.5,-41.38062
4510776875.0,-41.35654
4510777812.5,-41.3562
4510778750.0,-41.36132
4510779687.5,-41.36917
4510780625.0,-41.37272
4510781562.5,-41.38054
4510782500.0,-41.35641
4510783437.5,-41.38619
4510784375.0,-41.36653
4510785312.5,-41.37768
4510786250.0,-41.40866
4510787187.5,-41.38048
4510788125.0,-41.37718
4510789062.5,-41.38737
4510790000.0,-41.36869
4510790937.5,-41.41608
4510791875.0,-41.40455
4510792812.5,-41.40865
4510793750.0,-41.39765
4510794687.5,-41.38218
4510795625.0,-41.3899
4510796562.5,-41.39422
4510797500.0,-41.40713
4510798437.5,-41.39594
4510799375.0,-41.39652
4510800312.5,-41.42161
4510801250.0,-41.40612
4510802187.5,-41.39138
4510803125.0,-41.42307
4510804062.5,-41.42601
4510805000.0,-41.42867
4510805937.5,-41.43789
4510806875.0,-41.43492
4510807812.5,-41.43405
4510808750.0,-41.43861
4510809687.5,-41.42501
4510810625.0,-41.45415
4510811562.5,-41.42147
4510812500.0,-41.43881
4510813437.5,-41.43753
4510814375.0,-41.45597
4510815312.5,-41.44623
4510816250.0,-41.45456
4510817187.5,-41.44394
4510818125.0,-41.44478
4510819062.5,-41.45035
4510820000.0,-41.47689
4510820937.5,-41.47659
4510821875.0,-41.48036
4510822812.5,-41.45802
4510823750.0,-41.46501
4510824687.5,-41.46312
4510825625.0,-41.48339
4510826562.5,-41.47203
4510827500.0,-41.47833
4510828437.5,-41.47138
4510829375.0,-41.49194
4510830312.5,-41.49274
4510831250.0,-41.48706
4510832187.5,-41.48768
4510833125.0,-41.51027
4510834062.5,-41.48484
4510835000.0,-41.51424
4510835937.5,-41.49244
4510836875.0,-41.50965
4510837812.5,-41.49957
4510838750.0,-41.50652
4510839687.5,-41.50975
4510840625.0,-41.50551
4510841562.5,-41.53064
4510842500.0,-41.50875
4510843437.5,-41.5057
4510844375.0,-41.52045
4510845312.5,-41.54642
4510846250.0,-41.5383
4510847187.5,-41.5207
4510848125.0,-41.50352
4510849062.5,-41.53371
4510850000.0,-41.52557
4510850937.5,-41.52902
4510851875.0,-41.53546
4510852812.5,-41.52408
4510853750.0,-41.55333
4510854687.5,-41.54945
4510855625.0,-41.54506
4510856562.5,-41.53156
4510857500.0,-41.5453
4510858437.5,-41.56638
4510859375.0,-41.54754
4510860312.5,-41.57256
4510861250.0,-41.5542
4510862187.5,-41.57317
4510863125.0,-41.57406
4510864062.5,-41.56973
4510865000.0,-41.58116
4510865937.5,-41.58731
4510866875.0,-41.57385
4510867812.5,-41.58904
4510868750.0,-41.57967
4510869687.5,-41.56437
4510870625.0,-41.59539
4510871562.5,-41.5869
4510872500.0,-41.57863
4510873437.5,-41.60113
4510874375.0,-41.5852
4510875312.5,-41.59191
4510876250.0,-41.58874
4510877187.5,-41.60948
4510878125.0,-41.58907
4510879062.5,-41.58896
4510880000.0,-41.61444
4510880937.5,-41.6179
4510881875.0,-41.62197
4510882812.5,-41.60205
4510883750.0,-41.59624
4510884687.5,-41.62358
4510885625.0,-41.60917
4510886562.5,-41.64671
4510887500.0,-41.62193
4510888437.5,-41.63546
4510889375.0,-41.62449
4510890312.5,-41.63459
4510891250.0,-41.63305
4510892187.5,-41.62946
4510893125.0,-41.6508
4510894062.5,-41.63605
4510895000.0,-41.64764
4510895937.5,-41.63648
4510896875.0,-41.62263
4510897812.5,-41.64846
4510898750.0,-41.64804
4510899687.5,-41.64531
4510900625.0,-41.66473
4510901562.5,-41.67071
4510902500.0,-41.65988
4510903437.5,-41.64534
4510904375.0,-41.66589
4510905312.5,-41.67853
4510906250.0,-41.67582
4510907187.5,-41.67273
4510908125.0,-41.69896
4510909062.5,-41.68126
4510910000.0,-41.69561
4510910937.5,-41.6793
4510911875.0,-41.67188
4510912812.5,-41.69528
4510913750.0,-41.67541
4510914687.5,-41.70502
4510915625.0,-41.6912
4510916562.5,-41.69053
4510917500.0,-41.67726
4510918437.5,-41.70812
4510919375.0,-41.67577
4510920312.5,-41.70787
4510921250.0,-41.70661
4510922187.5,-41.72006
4510923125.0,-41.70198
4510924062.5,-41.73376
4510925000.0,-41.70353
4510925937.5,-41.71697
4510926875.0,-41.70113
4510927812.5,-41.70971
4510928750.0,-41.70882
4510929687.5,-41.7137
4510930625.0,-41.72538
4510931562.5,-41.71992
4510932500.0,-41.7327
4510933437.5,-41.72931
4510934375.0,-41.72558
4510935312.5,-41.75298
4510936250.0,-41.73964
4510937187.5,-41.74947
4510938125.0,-41.77031
4510939062.5,-41.7565
4510940000.0,-41.74589
4510940937.5,-41.74812
4510941875.0,-41.73871
4510942812.5,-41.78935
4510943750.0,-41.77096
4510944687.5,-41.74366
4510945625.0,-41.74727
4510946562.5,-41.76602
4510947500.0,-41.77518
4510948437.5,-41.76853
4510949375.0,-41.76488
4510950312.5,-41.78247
4510951250.0,-41.76933
4510952187.5,-41.77962
4510953125.0,-41.78493
4510954062.5,-41.79723
4510955000.0,-41.77642
4510955937.5,-41.79679
4510956875.0,-41.77176
4510957812.5,-41.78917
4510958750.0,-41.79728
4510959687.5,-41.78571
4510960625.0,-41.80257
4510961562.5,-41.8119
4510962500.0,-41.82211
4510963437.5,-41.81664
4510964375.0,-41.80322
4510965312.5,-41.79988
4510966250.0,-41.81453
4510967187.5,-41.81309
4510968125.0,-41.83485
4510969062.5,-41.83594
4510970000.0,-41.82174
4510970937.5,-41.81103
4510971875.0,-41.80527
4510972812.5,-41.80934
4510973750.0,-41.82523
4510974687.5,-41.81617
4510975625.0,-41.82865
4510976562.5,-41.84084
4510977500.0,-41.84499
4510978437.5,-41.8557
4510979375.0,-41.84578
4510980312.5,-41.81983
4510981250.0,-41.81549
4510982187.5,-41.84039
4510983125.0,-41.84876
4510984062.5,-41.84541
4510985000.0,-41.834
4510985937.5,-41.85231
4510986875.0,-41.85102
4510987812.5,-41.83548
4510988750.0,-41.86153
4510989687.5,-41.84404
4510990625.0,-41.88006
4510991562.5,-41.88272
4510992500.0,-41.87251
4510993437.5,-41.89544
4510994375.0,-41.87416
4510995312.5,-41.86853
4510996250.0,-41.87684
4510997187.5,-41.87868
4510998125.0,-41.9068
4510999062.5,-41.88642
4511000000.0,-41.88206
4511000937.5,-41.8951
4511001875.0,-41.86964
4511002812.5,-41.90632
4511003750.0,-41.89286
4511004687.5,-41.9089
4511005625.0,-41.91781
4511006562.5,-41.88066
4511007500.0,-41.92846
4511008437.5,-41.92083
4511009375.0,-41.89038
4511010312.5,-41.90996
4511011250.0,-41.89539
4511012187.5,-41.91986
4511013125.0,-41.91133
4511014062.5,-41.90865
4511015000.0,-41.93109
4511015937.5,-41.92845
4511016875.0,-41.93302
4511017812.5,-41.92824
4511018750.0,-41.92093
4511019687.5,-41.95402
4511020625.0,-41.95549
4511021562.5,-41.94397
4511022500.0,-41.94237
4511023437.5,-41.95486
4511024375.0,-41.94973
4511025312.5,-41.94137
4511026250.0,-41.95142
4511027187.5,-41.93247
4511028125.0,-41.94555
4511029062.5,-41.94215
4511030000.0,-41.95445
4511030937.5,-41.95411
4511031875.0,-41.95734
4511032812.5,-41.98607
4511033750.0,-41.97572
4511034687.5,-41.9699
4511035625.0,-41.97434
4511036562.5,-41.96252
4511037500.0,-41.97807
4511038437.5,-41.96724
4511039375.0,-41.95214
4511040312.5,-41.99487
4511041250.0,-41.98101
4511042187.5,-41.99119
4511043125.0,-41.99826
4511044062.5,-41.98039
4511045000.0,-42.01543
4511045937.5,-42.00227
4511046875.0,-41.96691
4511047812.5,-41.9912
4511048750.0,-42.00146
4511049687.5,-41.99209
4511050625.0,-42.00283
4511051562.5,-42.00287
4511052500.0,-42.0162
4511053437.5,-42.00102
4511054375.0,-41.99317
4511055312.5,-42.00181
4511056250.0,-42.02053
4511057187.5,-42.01247
4511058125.0,-42.03955
4511059062.5,-42.01757
4511060000.0,-41.99184
4511060937.5,-42.00374
4511061875.0,-42.00206
4511062812.5,-42.0339
4511063750.0,-42.04634
4511064687.5,-42.0295
4511065625.0,-42.04936
4511066562.5,-42.03695
4511067500.0,-42.03614
4511068437.5,-42.03949
4511069375.0,-42.03664
4511070312.5,-42.04837
4511071250.0,-42.0747
4511072187.5,-42.06202
4511073125.0,-42.05956
4511074062.5,-42.04314
4511075000.0,-42.07218
4511075937.5,-42.05608
4511076875.0,-42.05376
4511077812.5,-42.06287
4511078750.0,-42.07056
4511079687.5,-42.07071
4511080625.0,-42.05667
4511081562.5,-42.07791
4511082500.0,-42.07635
4511083437.5,-42.08846
4511084375.0,-42.06115
4511085312.5,-42.07133
4511086250.0,-42.07528
4511087187.5,-42.0742
4511088125.0,-42.09484
4511089062.5,-42.10715
4511090000.0,-42.07339
4511090937.5,-42.09986
4511091875.0,-42.09119
4511092812.5,-42.08212
4511093750.0,-42.11586
4511094687.5,-42.10085
4511095625.0,-42.07589
4511096562.5,-42.09851
4511097500.0,-42.11217
4511098437.5,-42.10371
4511099375.0,-42.11103
4511100312.5,-42.11102
4511101250.0,-42.11988
4511102187.5,-42.1196
4511103125.0,-42.10248
4511104062.5,-42.1268
4511105000.0,-42.12934
4511105937.5,-42.12606
4511106875.0,-42.12563
4511107812.5,-42.11507
4511108750.0,-42.12502
4511109687.5,-42.13986
4511110625.0,-42.15751
4511111562.5,-42.10775
4511112500.0,-42.14467
4511113437.5,-42.1333
4511114375.0,-42.13866
4511115312.5,-42.15964
4511116250.0,-42.14309
4511117187.5,-42.16108
4511118125.0,-42.16488
4511119062.5,-42.15251
4511120000.0,-42.15989
4511120937.5,-42.15508
4511121875.0,-42.15262
4511122812.5,-42.16916
4511123750.0,-42.16469
4511124687.5,-42.19772
4511125625.0,-42.1657
4511126562.5,-42.176
4511127500.0,-42.19339
4511128437.5,-42.17917
4511129375.0,-42.18686
4511130312.5,-42.18799
4511131250.0,-42.18935
4511132187.5,-42.15056
4511133125.0,-42.18972
4511134062.5,-42.18562
4511135000.0,-42.17339
4511135937.5,-42.19564
4511136875.0,-42.19994
4511137812.5,-42.168
4511138750.0,-42.19913
4511139687.5,-42.2104
4511140625.0,-42.18563
4511141562.5,-42.21883
4511142500.0,-42.19197
4511143437.5,-42.19689
4511144375.0,-42.21111
4511145312.5,-42.20116
4511146250.0,-42.23655
4511147187.5,-42.21618
4511148125.0,-42.23688
4511149062.5,-42.19918
4511150000.0,-42.21716
4511150937.5,-42.21822
4511151875.0,-42.22962
4511152812.5,-42.24577
4511153750.0,-42.24076
4511154687.5,-42.233
4511155625.0,-42.24203
4511156562.5,-42.23515
4511157500.0,-42.25375
4511158437.5,-42.24694
4511159375.0,-42.25102
4511160312.5,-42.23396
4511161250.0,-42.23238
4511162187.5,-42.25222
4511163125.0,-42.25239
4511164062.5,-42.27814
4511165000.0,-42.26572
4511165937.5,-42.24524
4511166875.0,-42.24693
4511167812.5,-42.2756
4511168750.0,-42.27462
4511169687.5,-42.28094
4511170625.0,-42.27575
4511171562.5,-42.29859
4511172500.0,-42.28216
4511173437.5,-42.26635
4511174375.0,-42.30724
4511175312.5,-42.27037
4511176250.0,-42.29635
4511177187.5,-42.29444
4511178125.0,-42.29246
4511179062.5,-42.29098
4511180000.0,-42.27296
4511180937.5,-42.26856
4511181875.0,-42.29888
4511182812.5,-42.31893
4511183750.0,-42.2927
4511184687.5,-42.30714
4511185625.0,-42.29856
4511186562.5,-42.29023
4511187500.0,-42.32881
4511188437.5,-42.30523
4511189375.0,-42.30994
4511190312.5,-42.28799
4511191250.0,-42.31958
4511192187.5,-42.29645
4511193125.0,-42.32317
4511194062.5,-42.3101
4511195000.0,-42.32573
4511195937.5,-42.32286
4511196875.0,-42.34412
4511197812.5,-42.32176
4511198750.0,-42.33494
4511199687.5,-42.31753
4511200625.0,-42.34227
4511201562.5,-42.34282
4511202500.0,-42.34202
4511203437.5,-42.35465
4511204375.0,-42.35206
4511205312.5,-42.35829
4511206250.0,-42.35042
4511207187.5,-42.3468
4511208125.0,-42.34172
4511209062.5,-42.35798
4511210000.0,-42.3699
4511210937.5,-42.35787
4511211875.0,-42.36108
4511212812.5,-42.37255
4511213750.0,-42.36773
4511214687.5,-42.37953
4511215625.0,-42.36517
4511216562.5,-42.38359
4511217500.0,-42.37964
4511218437.5,-42.37614
4511219375.0,-42.37426
4511220312.5,-42.3901
4511221250.0,-42.40619
4511222187.5,-42.38189
4511223125.0,-42.38299
4511224062.5,-42.40014
4511225000.0,-42.42718
4511225937.5,-42.39964
4511226875.0,-42.39423
4511227812.5,-42.39426
4511228750.0,-42.40421
4511229687.5,-42.38004
4511230625.0,-42.40689
4511231562.5,-42.40295
4511232500.0,-42.38209
4511233437.5,-42.41357
4511234375.0,-42.4144
4511235312.5,-42.40453
4511236250.0,-42.42851
4511237187.5,-42.42483
4511238125.0,-42.42941
4511239062.5,-42.4331
4511240000.0,-42.44439
4511240937.5,-42.4164
4511241875.0,-42.4089
4511242812.5,-42.41446
4511243750.0,-42.44232
4511244687.5,-42.42236
4511245625.0,-42.43704
4511246562.5,-42.45592
4511247500.0,-42.42749
4511248437.5,-42.46865
4511249375.0,-42.43729
4511250312.5,-42.44219
4511251250.0,-42.45723
4511252187.5,-42.46636
4511253125.0,-42.44249
4511254062.5,-42.44444
4511255000.0,-42.46493
4511255937.5,-42.4829
4511256875.0,-42.46687
4511257812.5,-42.46537
4511258750.0,-42.47551
4511259687.5,-42.46141
4511260625.0,-42.48445
4511261562.5,-42.47105
4511262500.0,-42.47222
4511263437.5,-42.49811
4511264375.0,-42.48274
4511265312.5,-42.47081
4511266250.0,-42.47113
4511267187.5,-42.48621
4511268125.0,-42.48006
4511269062.5,-42.47475
4511270000.0,-42.48504
4511270937.5,-42.50465
4511271875.0,-42.51056
4511272812.5,-42.49696
4511273750.0,-42.49039
4511274687.5,-42.51273
4511275625.0,-42.48798
4511276562.5,-42.49762
4511277500.0,-42.50926
4511278437.5,-42.5199
4511279375.0,-42.50569
4511280312.5,-42.49562
4511281250.0,-42.51085
4511282187.5,-42.54895
4511283125.0,-42.5039
4511284062.5,-42.49759
4511285000.0,-42.51031
4511285937.5,-42.50816
4511286875.0,-42.51434
4511287812.5,-42.5388
4511288750.0,-42.51483
4511289687.5,-42.52819
4511290625.0,-42.5188
4511291562.5,-42.53458
4511292500.0,-42.55692
4511293437.5,-42.50914
4511294375.0,-42.54789
4511295312.5,-42.5617
4511296250.0,-42.53757
4511297187.5,-42.5589
4511298125.0,-42.54577
4511299062.5,-42.55105
4511300000.0,-42.55133
4511300937.5,-42.58084
4511301875.0,-42.55166
4511302812.5,-42.54318
4511303750.0,-42.58356
4511304687.5,-42.55152
4511305625.0,-42.55831
4511306562.5,-42.56952
4511307500.0,-42.55537
4511308437.5,-42.54802
4511309375.0,-42.5659
4511310312.5,-42.57012
4511311250.0,-42.57652
4511312187.5,-42.573
4511313125.0,-42.58315
4511314062.5,-42.55823
4511315000.0,-42.58383
4511315937.5,-42.57744
4511316875.0,-42.57728
4511317812.5,-42.58827
4511318750.0,-42.61087
4511319687.5,-42.57492
4511320625.0,-42.61952
4511321562.5,-42.59525
4511322500.0,-42.61108
4511323437.5,-42.60603
4511324375.0,-42.62363
4511325312.5,-42.59575
4511326250.0,-42.62649
4511327187.5,-42.59248
4511328125.0,-42.61559
4511329062.5,-42.62226
4511330000.0,-42.62098
4511330937.5,-42.62659
4511331875.0,-42.63099
4511332812.5,-42.61253
4511333750.0,-42.61189
4511334687.5,-42.6104
4511335625.0,-42.63797
4511336562.5,-42.61312
4511337500.0,-42.62915
4511338437.5,-42.64001
4511339375.0,-42.65148
4511340312.5,-42.65931
4511341250.0,-42.6526
4511342187.5,-42.63823
4511343125.0,-42.66194
4511344062.5,-42.66021
4511345000.0,-42.62983
4511345937.5,-42.65589
4511346875.0,-42.68825
4511347812.5,-42.65901
4511348750.0,-42.65557
4511349687.5,-42.66179
4511350625.0,-42.659
4511351562.5,-42.66451
4511352500.0,-42.66781
4511353437.5,-42.67723
4511354375.0,-42.69086
4511355312.5,-42.6761
4511356250.0,-42.66483
4511357187.5,-42.66394
4511358125.0,-42.67645
4511359062.5,-42.68399
4511360000.0,-42.69158
4511360937.5,-42.71049
4511361875.0,-42.69659
4511362812.5,-42.68102
4511363750.0,-42.67585
4511364687.5,-42.70668
4511365625.0,-42.68702
4511366562.5,-42.69732
4511367500.0,-42.68176
4511368437.5,-42.7114
4511369375.0,-42.70508
4511370312.5,-42.68439
4511371250.0,-42.68684
4511372187.5,-42.7243
4511373125.0,-42.68485
4511374062.5,-42.71756
4511375000.0,-42.691
4511375937.5,-42.72413
4511376875.0,-42.71033
4511377812.5,-42.7052
4511378750.0,-42.7073
4511379687.5,-42.71301
4511380625.0,-42.71539
4511381562.5,-42.70878
4511382500.0,-42.72992
4511383437.5,-42.71521
4511384375.0,-42.74356
4511385312.5,-42.73826
4511386250.0,-42.73315
4511387187.5,-42.73088
4511388125.0,-42.75723
4511389062.5,-42.75216
4511390000.0,-42.74047
4511390937.5,-42.74815
4511391875.0,-42.78517
4511392812.5,-42.73789
4511393750.0,-42.75532
4511394687.5,-42.75753
4511395625.0,-42.75552
4511396562.5,-42.77224
4511397500.0,-42.76515
4511398437.5,-42.78445
4511399375.0,-42.75685
4511400312.5,-42.77921
4511401250.0,-42.77616
4511402187.5,-42.75975
4511403125.0,-42.7685
4511404062.5,-42.77598
4511405000.0,-42.80095
4511405937.5,-42.7588
4511406875.0,-42.79519
4511407812.5,-42.78558
4511408750.0,-42.78231
4511409687.5,-42.79222
4511410625.0,-42.80079
4511411562.5,-42.81778
4511412500.0,-42.8004
4511413437.5,-42.80738
4511414375.0,-42.81189
4511415312.5,-42.80307
4511416250.0,-42.80139
4511417187.5,-42.78575
4511418125.0,-42.78118
4511419062.5,-42.81782
4511420000.0,-42.8076
4511420937.5,-42.79276
4511421875.0,-42.80318
4511422812.5,-42.82077
4511423750.0,-42.81328
4511424687.5,-42.80458
4511425625.0,-42.79763
4511426562.5,-42.84538
4511427500.0,-42.83248
4511428437.5,-42.84404
4511429375.0,-42.81416
4511430312.5,-42.83654
4511431250.0,-42.82843
4511432187.5,-42.84426
4511433125.0,-42.82117
4511434062.5,-42.83347
4511435000.0,-42.86549
4511435937.5,-42.84369
4511436875.0,-42.86591
4511437812.5,-42.86511
4511438750.0,-42.83455
4511439687.5,-42.85466
4511440625.0,-42.84338
4511441562.5,-42.86861
4511442500.0,-42.81297
4511443437.5,-42.84964
4511444375.0,-42.83849
4511445312.5,-42.84877
4511446250.0,-42.85592
4511447187.5,-42.87059
4511448125.0,-42.87589
4511449062.5,-42.89376
4511450000.0,-42.8563
4511450937.5,-42.88229
4511451875.0,-42.8904
4511452812.5,-42.85943
4511453750.0,-42.87495
4511454687.5,-42.88961
4511455625.0,-42.88442
4511456562.5,-42.87707
4511457500.0,-42.89219
4511458437.5,-42.87569
4511459375.0,-42.91747
4511460312.5,-42.87165
4511461250.0,-42.88534
4511462187.5,-42.90377
4511463125.0,-42.88918
4511464062.5,-42.89691
4511465000.0,-42.9146
4511465937.5,-42.90445
4511466875.0,-42.91199
4511467812.5,-42.90225
4511468750.0,-42.88486
4511469687.5,-42.91809
4511470625.0,-42.93666
4511471562.5,-42.93015
4511472500.0,-42.89777
4511473437.5,-42.88336
4511474375.0,-42.94194
4511475312.5,-42.94139
4511476250.0,-42.92196
4511477187.5,-42.89828
4511478125.0,-42.93606
4511479062.5,-42.94212
4511480000.0,-42.95726
4511480937.5,-42.93105
4511481875.0,-42.93587
4511482812.5,-42.94527
4511483750.0,-42.94078
4511484687.5,-42.93522
4511485625.0,-42.96352
4511486562.5,-42.94914
4511487500.0,-42.95783
4511488437.5,-42.94894
4511489375.0,-42.94764
4511490312.5,-42.94947
4511491250.0,-42.9532
4511492187.5,-42.94616
4511493125.0,-42.94294
4511494062.5,-42.96994
4511495000.0,-42.93589
4511495937.5,-42.97948
4511496875.0,-42.96302
4511497812.5,-42.95458
4511498750.0,-42.99518
4511499687.5,-42.93764
4511500625.0,-42.97624
4511501562.5,-42.97752
4511502500.0,-42.97398
4511503437.5,-42.98267
4511504375.0,-42.977
4511505312.5,-42.9804
4511506250.0,-42.9615
4511507187.5,-42.98208
4511508125.0,-42.98832
4511509062.5,-42.97416
4511510000.0,-42.99982
4511510937.5,-43.02184
4511511875.0,-42.9962
4511512812.5,-42.98067
4511513750.0,-43.00161
4511514687.5,-43.00854
4511515625.0,-42.98338
4511516562.5,-43.03151
4511517500.0,-43.00117
4511518437.5,-43.0104
4511519375.0,-42.99605
4511520312.5,-43.03238
4511521250.0,-43.01728
4511522187.5,-43.01145
4511523125.0,-43.01084
4511524062.5,-43.04737
4511525000.0,-42.98769
4511525937.5,-43.03766
4511526875.0,-43.01555
4511527812.5,-43.02766
4511528750.0,-43.03651
4511529687.5,-43.03806
4511530625.0,-43.02
4511531562.5,-43.02481
4511532500.0,-43.02598
4511533437.5,-43.01082
4511534375.0,-43.04873
4511535312.5,-43.04701
4511536250.0,-43.0685
4511537187.5,-43.05588
4511538125.0,-43.02494
4511539062.5,-43.05434
4511540000.0,-43.06281
4511540937.5,-43.05025
4511541875.0,-43.05713
4511542812.5,-43.08004
4511543750.0,-43.06569
4511544687.5,-43.06459
4511545625.0,-43.0971
4511546562.5,-43.07888
4511547500.0,-43.04826
4511548437.5,-43.07142
4511549375.0,-43.10764
4511550312.5,-43.08837
4511551250.0,-43.0998
4511552187.5,-43.08156
4511553125.0,-43.06815
4511554062.5,-43.08884
4511555000.0,-43.09124
4511555937.5,-43.08171
4511556875.0,-43.08372
4511557812.5,-43.09296
4511558750.0,-43.09886
4511559687.5,-43.08963
4511560625.0,-43.09467
4511561562.5,-43.09101
4511562500.0,-43.07148
4511563437.5,-43.12432
4511564375.0,-43.10984
4511565312.5,-43.13294
4511566250.0,-43.09897
4511567187.5,-43.12365
4511568125.0,-43.11362
4511569062.5,-43.10056
4511570000.0,-43.10439
4511570937.5,-43.12928
4511571875.0,-43.12732
4511572812.5,-43.11417
4511573750.0,-43.10635
4511574687.5,-43.1422
4511575625.0,-43.11934
4511576562.5,-43.13527
4511577500.0,-43.10748
4511578437.5,-43.15756
4511579375.0,-43.13261
4511580312.5,-43.11868
4511581250.0,-43.15483
4511582187.5,-43.18113
4511583125.0,-43.12277
4511584062.5,-43.15185
4511585000.0,-43.11769
4511585937.5,-43.15767
4511586875.0,-43.13207
4511587812.5,-43.13836
4511588750.0,-43.16647
4511589687.5,-43.15795
4511590625.0,-43.16409
4511591562.5,-43.1546
4511592500.0,-43.15356
4511593437.5,-43.14803
4511594375.0,-43.16103
4511595312.5,-43.17139
4511596250.0,-43.15255
4511597187.5,-43.19374
4511598125.0,-43.18388
4511599062.5,-43.17076
4511600000.0,-43.15915
4511600937.5,-43.17813
4511601875.0,-43.19321
4511602812.5,-43.19065
4511603750.0,-43.17962
4511604687.5,-43.16985
4511605625.0,-43.17704
4511606562.5,-43.19286
4511607500.0,-43.18426
4511608437.5,-43.20416
4511609375.0,-43.19711
4511610312.5,-43.19632
4511611250.0,-43.18364
4511612187.5,-43.23221
4511613125.0,-43.17542
4511614062.5,-43.18932
4511615000.0,-43.17765
4511615937.5,-43.18575
4511616875.0,-43.21439
4511617812.5,-43.21778
4511618750.0,-43.2151
4511619687.5,-43.23277
4511620625.0,-43.19281
4511621562.5,-43.24244
4511622500.0,-43.22714
4511623437.5,-43.23104
4511624375.0,-43.21878
4511625312.5,-43.22729
4511626250.0,-43.21269
4511627187.5,-43.22037
4511628125.0,-43.22404
4511629062.5,-43.2118
4511630000.0,-43.25943
4511630937.5,-43.25348
4511631875.0,-43.23086
4511632812.5,-43.23685
4511633750.0,-43.25189
4511634687.5,-43.23839
4511635625.0,-43.25981
4511636562.5,-43.24308
4511637500.0,-43.25102
4511638437.5,-43.24909
4511639375.0,-43.24909
4511640312.5,-43.27231
4511641250.0,-43.26333
4511642187.5,-43.24906
4511643125.0,-43.23204
4511644062.5,-43.27655
4511645000.0,-43.27292
4511645937.5,-43.26196
4511646875.0,-43.26671
4511647812.5,-43.27497
4511648750.0,-43.28129
4511649687.5,-43.26916
4511650625.0,-43.27093
4511651562.5,-43.27218
4511652500.0,-43.28958
4511653437.5,-43.30175
4511654375.0,-43.28374
4511655312.5,-43.29108
4511656250.0,-43.29049
4511657187.5,-43.26581
4511658125.0,-43.29297
4511659062.5,-43.24933
4511660000.0,-43.29366
4511660937.5,-43.28758
4511661875.0,-43.30179
4511662812.5,-43.29795
4511663750.0,-43.30972
4511664687.5,-43.29151
4511665625.0,-43.27905
4511666562.5,-43.31712
4511667500.0,-43.3045
4511668437.5,-43.32492
4511669375.0,-43.298
4511670312.5,-43.31745
4511671250.0,-43.30629
4511672187.5,-43.31918
4511673125.0,-43.33091
4511674062.5,-43.2775
4511675000.0,-43.3193
4511675937.5,-43.3437
4511676875.0,-43.33011
4511677812.5,-43.32798
4511678750.0,-43.33599
4511679687.5,-43.31778
4511680625.0,-43.33101
4511681562.5,-43.34477
4511682500.0,-43.32837
4511683437.5,-43.34178
4511684375.0,-43.35823
4511685312.5,-43.35143
4511686250.0,-43.34843
4511687187.5,-43.35933
4511688125.0,-43.32581
4511689062.5,-43.37468
4511690000.0,-43.36573
4511690937.5,-43.36361
4511691875.0,-43.36808
4511692812.5,-43.35601
4511693750.0,-43.37552
4511694687.5,-43.3731
4511695625.0,-43.38774
4511696562.5,-43.3652
4511697500.0,-43.3568
4511698437.5,-43.37189
4511699375.0,-43.36314
4511700312.5,-43.38338
4511701250.0,-43.37391
4511702187.5,-43.39303
4511703125.0,-43.36296
4511704062.5,-43.37258
4511705000.0,-43.38267
4511705937.5,-43.38848
4511706875.0,-43.38381
4511707812.5,-43.3699
4511708750.0,-43.39263
4511709687.5,-43.40605
4511710625.0,-43.40408
4511711562.5,-43.39448
4511712500.0,-43.39436
4511713437.5,-43.3932
4511714375.0,-43.3938
4511715312.5,-43.40858
4511716250.0,-43.40159
4511717187.5,-43.41339
4511718125.0,-43.39645
4511719062.5,-43.44219
4511720000.0,-43.44587
4511720937.5,-43.41743
4511721875.0,-43.435
4511722812.5,-43.44698
4511723750.0,-43.42361
4511724687.5,-43.42322
4511725625.0,-43.39656
4511726562.5,-43.4212
4511727500.0,-43.43178
4511728437.5,-43.42127
4511729375.0,-43.45888
4511730312.5,-43.42804
4511731250.0,-43.42413
4511732187.5,-43.44006
4511733125.0,-43.43906
4511734062.5,-43.42631
4511735000.0,-43.42992
4511735937.5,-43.43018
4511736875.0,-43.43576
4511737812.5,-43.44762
4511738750.0,-43.43974
4511739687.5,-43.46812
4511740625.0,-43.44796
4511741562.5,-43.45503
4511742500.0,-43.48388
4511743437.5,-43.46654
4511744375.0,-43.49546
4511745312.5,-43.46842
4511746250.0,-43.4869
4511747187.5,-43.47535
4511748125.0,-43.47387
4511749062.5,-43.45624
4511750000.0,-43.47589
4511750937.5,-43.46235
4511751875.0,-43.4915
4511752812.5,-43.5146
4511753750.0,-43.46843
4511754687.5,-43.48419
4511755625.0,-43.47277
4511756562.5,-43.49161
4511757500.0,-43.48443
4511758437.5,-43.50053
4511759375.0,-43.48959
4511760312.5,-43.48739
4511761250.0,-43.52123
4511762187.5,-43.48437
4511763125.0,-43.53198
4511764062.5,-43.49359
4511765000.0,-43.49332
4511765937.5,-43.5195
4511766875.0,-43.50701
4511767812.5,-43.5344
4511768750.0,-43.50096
4511769687.5,-43.50447
4511770625.0,-43.52742
4511771562.5,-43.53123
4511772500.0,-43.50052
4511773437.5,-43.52113
4511774375.0,-43.52432
4511775312.5,-43.53798
4511776250.0,-43.49612
4511777187.5,-43.53832
4511778125.0,-43.53162
4511779062.5,-43.52501
4511780000.0,-43.51196
4511780937.5,-43.5146
4511781875.0,-43.5439
4511782812.5,-43.52392
4511783750.0,-43.52424
4511784687.5,-43.53515
4511785625.0,-43.55809
4511786562.5,-43.53938
4511787500.0,-43.5635
4511788437.5,-43.58459
4511789375.0,-43.54961
4511790312.5,-43.5511
4511791250.0,-43.57348
4511792187.5,-43.58192
4511793125.0,-43.5292
4511794062.5,-43.54887
4511795000.0,-43.57449
4511795937.5,-43.55629
4511796875.0,-43.5713
4511797812.5,-43.5785
4511798750.0,-43.55917
4511799687.5,-43.56138
4511800625.0,-43.57369
4511801562.5,-43.58316
4511802500.0,-43.5944
4511803437.5,-43.57892
4511804375.0,-43.59562
4511805312.5,-43.57822
4511806250.0,-43.58443
4511807187.5,-43.60373
4511808125.0,-43.59011
4511809062.5,-43.58894
4511810000.0,-43.61213
4511810937.5,-43.58839
4511811875.0,-43.59412
4511812812.5,-43.60543
4511813750.0,-43.59871
4511814687.5,-43.58022
4511815625.0,-43.57255
4511816562.5,-43.57712
4511817500.0,-43.61055
4511818437.5,-43.5803
4511819375.0,-43.60246
4511820312.5,-43.61319
4511821250.0,-43.62898
4511822187.5,-43.63164
4511823125.0,-43.63662
4511824062.5,-43.59602
4511825000.0,-43.57737
4511825937.5,-43.61071
4511826875.0,-43.6239
4511827812.5,-43.61554
4511828750.0,-43.59521
4511829687.5,-43.58398
4511830625.0,-43.63615
4511831562.5,-43.64554
4511832500.0,-43.63307
4511833437.5,-43.61861
4511834375.0,-43.63521
4511835312.5,-43.64155
4511836250.0,-43.62357
4511837187.5,-43.64468
4511838125.0,-43.64829
4511839062.5,-43.64005
4511840000.0,-43.63201
4511840937.5,-43.6243
4511841875.0,-43.65134
4511842812.5,-43.64364
4511843750.0,-43.6673
4511844687.5,-43.63926
4511845625.0,-43.67689
4511846562.5,-43.64443
4511847500.0,-43.67177
4511848437.5,-43.63794
4511849375.0,-43.66851
4511850312.5,-43.67121
4511851250.0,-43.67844
4511852187.5,-43.64071
4511853125.0,-43.68949
4511854062.5,-43.68271
4511855000.0,-43.66106
4511855937.5,-43.6881
4511856875.0,-43.66661
4511857812.5,-43.68463
4511858750.0,-43.68739
4511859687.5,-43.70701
4511860625.0,-43.69173
4511861562.5,-43.68489
4511862500.0,-43.69347
4511863437.5,-43.70763
4511864375.0,-43.68821
4511865312.5,-43.68754
4511866250.0,-43.6987
4511867187.5,-43.70073
4511868125.0,-43.68352
4511869062.5,-43.69375
4511870000.0,-43.70782
4511870937.5,-43.70261
4511871875.0,-43.72004
4511872812.5,-43.68709
4511873750.0,-43.71934
4511874687.5,-43.69096
4511875625.0,-43.71683
4511876562.5,-43.71552
4511877500.0,-43.72637
4511878437.5,-43.71232
4511879375.0,-43.70774
4511880312.5,-43.75083
4511881250.0,-43.72754
4511882187.5,-43.71545
4511883125.0,-43.69983
4511884062.5,-43.73082
4511885000.0,-43.70867
4511885937.5,-43.75193
4511886875.0,-43.73558
4511887812.5,-43.72538
4511888750.0,-43.75627
4511889687.5,-43.72595
4511890625.0,-43.74038
4511891562.5,-43.7155
4511892500.0,-43.74617
4511893437.5,-43.74088
4511894375.0,-43.7506
4511895312.5,-43.7547
4511896250.0,-43.72782
4511897187.5,-43.75352
4511898125.0,-43.74873
4511899062.5,-43.74208
4511900000.0,-43.77744
4511900937.5,-43.76712
4511901875.0,-43.75766
4511902812.5,-43.78336
4511903750.0,-43.76077
4511904687.5,-43.75452
4511905625.0,-43.75361
4511906562.5,-43.77641
4511907500.0,-43.76465
4511908437.5,-43.77253
4511909375.0,-43.7522
4511910312.5,-43.80449
4511911250.0,-43.76832
4511912187.5,-43.79903
4511913125.0,-43.80568
4511914062.5,-43.7736
4511915000.0,-43.78942
4511915937.5,-43.77721
4511916875.0,-43.8095
4511917812.5,-43.77951
4511918750.0,-43.80806
4511919687.5,-43.79683
4511920625.0,-43.78586
4511921562.5,-43.7872
4511922500.0,-43.76534
4511923437.5,-43.80318
4511924375.0,-43.79943
4511925312.5,-43.8273
4511926250.0,-43.79714
4511927187.5,-43.80091
4511928125.0,-43.82539
4511929062.5,-43.81318
4511930000.0,-43.8457
4511930937.5,-43.80444
4511931875.0,-43.83207
4511932812.5,-43.83773
4511933750.0,-43.81636
4511934687.5,-43.81338
4511935625.0,-43.81355
4511936562.5,-43.88007
4511937500.0,-43.81229
4511938437.5,-43.79919
4511939375.0,-43.86258
4511940312.5,-43.83245
4511941250.0,-43.81518
4511942187.5,-43.83113
4511943125.0,-43.88039
4511944062.5,-43.84845
4511945000.0,-43.85727
4511945937.5,-43.85403
4511946875.0,-43.8704
4511947812.5,-43.89103
4511948750.0,-43.85624
4511949687.5,-43.84859
4511950625.0,-43.84206
4511951562.5,-43.83373
4511952500.0,-43.85045
4511953437.5,-43.87302
4511954375.0,-43.84797
4511955312.5,-43.87173
4511956250.0,-43.87451
4511957187.5,-43.86859
4511958125.0,-43.87278
4511959062.5,-43.90837
4511960000.0,-43.87306
4511960937.5,-43.86116
4511961875.0,-43.88103
4511962812.5,-43.88744
4511963750.0,-43.85851
4511964687.5,-43.85647
4511965625.0,-43.8985
4511966562.5,-43.92713
4511967500.0,-43.86429
4511968437.5,-43.87983
4511969375.0,-43.90345
4511970312.5,-43.89889
4511971250.0,-43.90619
4511972187.5,-43.87647
4511973125.0,-43.91647
4511974062.5,-43.89421
4511975000.0,-43.8924
4511975937.5,-43.92404
4511976875.0,-43.88542
4511977812.5,-43.88161
4511978750.0,-43.89569
4511979687.5,-43.91071
4511980625.0,-43.90496
4511981562.5,-43.91537
4511982500.0,-43.91806
4511983437.5,-43.93079
4511984375.0,-43.92876
4511985312.5,-43.95185
4511986250.0,-43.92225
4511987187.5,-43.92784
4511988125.0,-43.93242
4511989062.5,-43.93056
4511990000.0,-43.92133
4511990937.5,-43.92965
4511991875.0,-43.92947
4511992812.5,-43.94557
4511993750.0,-43.91278
4511994687.5,-43.93993
4511995625.0,-43.9654
4511996562.5,-43.9315
4511997500.0,-43.96651
4511998437.5,-43.96645
4511999375.0,-43.92768
4512000312.5,-43.93415
4512001250.0,-43.95269
4512002187.5,-43.97328
4512003125.0,-43.93992
4512004062.5,-43.96512
4512005000.0,-43.92891
4512005937.5,-43.96361
4512006875.0,-43.96808
4512007812.5,-43.95782
4512008750.0,-43.96571
4512009687.5,-43.96049
4512010625.0,-43.9649
4512011562.5,-43.99836
4512012500.0,-43.97132
4512013437.5,-43.98077
4512014375.0,-43.95686
4512015312.5,-43.99151
4512016250.0,-43.98098
4512017187.5,-44.00219
4512018125.0,-43.97969
4512019062.5,-43.96905
4512020000.0,-43.99435
4512020937.5,-43.96486
4512021875.0,-44.00553
4512022812.5,-43.9902
4512023750.0,-44.00236
4512024687.5,-43.97707
4512025625.0,-43.98568
4512026562.5,-43.97466
4512027500.0,-43.98404
4512028437.5,-43.99351
4512029375.0,-44.00589
4512030312.5,-44.01314
4512031250.0,-43.98442
4512032187.5,-44.00489
4512033125.0,-44.01308
4512034062.5,-44.02314
4512035000.0,-43.99384
4512035937.5,-44.01526
4512036875.0,-43.99194
4512037812.5,-44.02887
4512038750.0,-44.0464
4512039687.5,-44.04107
4512040625.0,-44.01411
4512041562.5,-44.02709
4512042500.0,-44.03218
4512043437.5,-44.02991
4512044375.0,-44.04508
4512045312.5,-44.01997
4512046250.0,-44.06935
4512047187.5,-44.03023
4512048125.0,-44.04746
4512049062.5,-44.03343
4512050000.0,-43.99506
4512050937.5,-44.04254
4512051875.0,-44.04688
4512052812.5,-44.08251
4512053750.0,-44.06615
4512054687.5,-44.03231
4512055625.0,-44.07013
4512056562.5,-44.04025
4512057500.0,-44.04173
4512058437.5,-44.0358
4512059375.0,-44.09362
4512060312.5,-44.03775
4512061250.0,-44.06277
4512062187.5,-44.08609
4512063125.0,-44.06833
4512064062.5,-44.03272
4512065000.0,-44.0767
4512065937.5,-44.03371
4512066875.0,-44.07021
4512067812.5,-44.07645
4512068750.0,-44.07243
4512069687.5,-44.0761
4512070625.0,-44.06924
4512071562.5,-44.0736
4512072500.0,-44.0471
4512073437.5,-44.06331
4512074375.0,-44.06788
4512075312.5,-44.06807
4512076250.0,-44.10018
4512077187.5,-44.07916
4512078125.0,-44.09763
4512079062.5,-44.09214
4512080000.0,-44.08109
4512080937.5,-44.08216
4512081875.0,-44.08854
4512082812.5,-44.10224
4512083750.0,-44.09885
4512084687.5,-44.0701
4512085625.0,-44.10639
4512086562.5,-44.08441
4512087500.0,-44.11608
4512088437.5,-44.14649
4512089375.0,-44.12241
4512090312.5,-44.09641
4512091250.0,-44.11808
4512092187.5,-44.11427
4512093125.0,-44.10183
4512094062.5,-44.15551
4512095000.0,-44.14392
4512095937.5,-44.13007
4512096875.0,-44.12598
4512097812.5,-44.10634
4512098750.0,-44.13841
4512099687.5,-44.14932
4512100625.0,-44.11823
4512101562.5,-44.13654
4512102500.0,-44.09941
4512103437.5,-44.12098
4512104375.0,-44.14115
4512105312.5,-44.15378
4512106250.0,-44.13995
4512107187.5,-44.15129
4512108125.0,-44.13176
4512109062.5,-44.13955
4512110000.0,-44.16238
4512110937.5,-44.14556
4512111875.0,-44.11415
4512112812.5,-44.10819
4512113750.0,-44.13629
4512114687.5,-44.17949
4512115625.0,-44.16006
4512116562.5,-44.14689
4512117500.0,-44.16787
4512118437.5,-44.15235
4512119375.0,-44.16372
4512120312.5,-44.17767
4512121250.0,-44.1664
4512122187.5,-44.15703
4512123125.0,-44.19487
4512124062.5,-44.1796
4512125000.0,-44.13686
4512125937.5,-44.18723
4512126875.0,-44.17059
4512127812.5,-44.18923
4512128750.0,-44.1669
4512129687.5,-44.19167
4512130625.0,-44.19503
4512131562.5,-44.21431
4512132500.0,-44.20427
4512133437.5,-44.1781
4512134375.0,-44.22659
4512135312.5,-44.18546
4512136250.0,-44.18714
4512137187.5,-44.19006
4512138125.0,-44.21128
4512139062.5,-44.20773
4512140000.0,-44.20438
4512140937.5,-44.21386
4512141875.0,-44.20657
4512142812.5,-44.21851
4512143750.0,-44.20897
4512144687.5,-44.2118
4512145625.0,-44.20569
4512146562.5,-44.22655
4512147500.0,-44.21526
4512148437.5,-44.19435
4512149375.0,-44.20457
4512150312.5,-44.25122
4512151250.0,-44.20023
4512152187.5,-44.21544
4512153125.0,-44.21975
4512154062.5,-44.22275
4512155000.0,-44.22085
4512155937.5,-44.22061
4512156875.0,-44.23823
4512157812.5,-44.20778
4512158750.0,-44.22471
4512159687.5,-44.25964
4512160625.0,-44.23272
4512161562.5,-44.2608
4512162500.0,-44.25471
4512163437.5,-44.22024
4512164375.0,-44.25055
4512165312.5,-44.27135
4512166250.0,-44.26495
4512167187.5,-44.24055
4512168125.0,-44.26447
4512169062.5,-44.24094
4512170000.0,-44.23885
4512170937.5,-44.2683
4512171875.0,-44.26002
4512172812.5,-44.24922
4512173750.0,-44.25709
4512174687.5,-44.26433
4512175625.0,-44.27348
4512176562.5,-44.27113
4512177500.0,-44.27166
4512178437.5,-44.29327
4512179375.0,-44.26092
4512180312.5,-44.2762
4512181250.0,-44.28933
4512182187.5,-44.26007
4512183125.0,-44.28719
4512184062.5,-44.26244
4512185000.0,-44.28692
4512185937.5,-44.29548
4512186875.0,-44.25828
4512187812.5,-44.2945
4512188750.0,-44.28768
4512189687.5,-44.28359
4512190625.0,-44.30455
4512191562.5,-44.26785
4512192500.0,-44.30556
4512193437.5,-44.29951
4512194375.0,-44.3109
4512195312.5,-44.28495
4512196250.0,-44.29667
4512197187.5,-44.28825
4512198125.0,-44.27814
4512199062.5,-44.30653
4512200000.0,-44.30808
4512200937.5,-44.30212
4512201875.0,-44.32661
4512202812.5,-44.31069
4512203750.0,-44.31116
4512204687.5,-44.31889
4512205625.0,-44.31928
4512206562.5,-44.32619
4512207500.0,-44.31155
4512208437.5,-44.30221
4512209375.0,-44.3326
4512210312.5,-44.34586
4512211250.0,-44.31387
4512212187.5,-44.31205
4512213125.0,-44.32927
4512214062.5,-44.34515
4512215000.0,-44.35947
4512215937.5,-44.3386
4512216875.0,-44.32973
4512217812.5,-44.35535
4512218750.0,-44.3305
4512219687.5,-44.35568
4512220625.0,-44.34657
4512221562.5,-44.40553
4512222500.0,-44.33769
4512223437.5,-44.33918
4512224375.0,-44.34569
4512225312.5,-44.366
4512226250.0,-44.36367
4512227187.5,-44.3608
4512228125.0,-44.36408
4512229062.5,-44.35302
4512230000.0,-44.33432
4512230937.5,-44.433
4512231875.0,-44.36609
4512232812.5,-44.36087
4512233750.0,-44.39361
4512234687.5,-44.33231
4512235625.0,-44.37061
4512236562.5,-44.36903
4512237500.0,-44.38913
4512238437.5,-44.36573
4512239375.0,-44.38262
4512240312.5,-44.35044
4512241250.0,-44.37769
4512242187.5,-44.37769
4512243125.0,-44.38585
4512244062.5,-44.37704
4512245000.0,-44.38185
4512245937.5,-44.36838
4512246875.0,-44.42717
4512247812.5,-44.38652
4512248750.0,-44.39074
4512249687.5,-44.4042
4512250625.0,-44.39545
4512251562.5,-44.41064
4512252500.0,-44.40146
4512253437.5,-44.40084
4512254375.0,-44.38137
4512255312.5,-44.4255
4512256250.0,-44.43519
4512257187.5,-44.40501
4512258125.0,-44.4036
4512259062.5,-44.42113
4512260000.0,-44.43412
4512260937.5,-44.42879
4512261875.0,-44.43613
4512262812.5,-44.42914
4512263750.0,-44.39507
4512264687.5,-44.42267
4512265625.0,-44.41855
4512266562.5,-44.41983
4512267500.0,-44.42323
4512268437.5,-44.41426
4512269375.0,-44.43962
4512270312.5,-44.43559
4512271250.0,-44.41227
4512272187.5,-44.45213
4512273125.0,-44.4515
4512274062.5,-44.42299
4512275000.0,-44.43015
4512275937.5,-44.44637
4512276875.0,-44.42709
4512277812.5,-44.46621
4512278750.0,-44.45676
4512279687.5,-44.45079
4512280625.0,-44.47846
4512281562.5,-44.44311
4512282500.0,-44.46473
4512283437.5,-44.45107
4512284375.0,-44.45241
4512285312.5,-44.47802
4512286250.0,-44.46328
4512287187.5,-44.47741
4512288125.0,-44.45279
4512289062.5,-44.48291
4512290000.0,-44.50468
4512290937.5,-44.48487
4512291875.0,-44.46362
4512292812.5,-44.49264
4512293750.0,-44.49314
4512294687.5,-44.48153
4512295625.0,-44.47259
4512296562.5,-44.4915
4512297500.0,-44.48008
4512298437.5,-44.48453
4512299375.0,-44.50356
4512300312.5,-44.50025
4512301250.0,-44.44839
4512302187.5,-44.51313
4512303125.0,-44.47064
4512304062.5,-44.48647
4512305000.0,-44.50478
4512305937.5,-44.47511
4512306875.0,-44.51722
4512307812.5,-44.51714
4512308750.0,-44.47536
4512309687.5,-44.51278
4512310625.0,-44.50096
4512311562.5,-44.48318
4512312500.0,-44.50876
4512313437.5,-44.50662
4512314375.0,-44.52645
4512315312.5,-44.5395
4512316250.0,-44.52939
4512317187.5,-44.52778
4512318125.0,-44.50996
4512319062.5,-44.49453
4512320000.0,-44.53457
4512320937.5,-44.52656
4512321875.0,-44.50721
4512322812.5,-44.53568
4512323750.0,-44.53816
4512324687.5,-44.53133
4512325625.0,-44.54102
4512326562.5,-44.5247
4512327500.0,-44.56511
4512328437.5,-44.5369
4512329375.0,-44.51797
4512330312.5,-44.54933
4512331250.0,-44.5224
4512332187.5,-44.5562
4512333125.0,-44.54055
4512334062.5,-44.53655
4512335000.0,-44.5391
4512335937.5,-44.55244
4512336875.0,-44.54567
4512337812.5,-44.54062
4512338750.0,-44.54998
4512339687.5,-44.55971
4512340625.0,-44.54674
4512341562.5,-44.54674
4512342500.0,-44.58973
4512343437.5,-44.56851
4512344375.0,-44.52847
4512345312.5,-44.5638
4512346250.0,-44.56672
4512347187.5,-44.56473
4512348125.0,-44.57223
4512349062.5,-44.56731
4512350000.0,-44.5625
4512350937.5,-44.5587
4512351875.0,-44.56525
4512352812.5,-44.57139
4512353750.0,-44.58396
4512354687.5,-44.57102
4512355625.0,-44.56119
4512356562.5,-44.56827
4512357500.0,-44.58278
4512358437.5,-44.60317
4512359375.0,-44.5962
4512360312.5,-44.59389
4512361250.0,-44.59304
4512362187.5,-44.59583
4512363125.0,-44.5895
4512364062.5,-44.57816
4512365000.0,-44.59976
4512365937.5,-44.60005
4512366875.0,-44.61024
4512367812.5,-44.62654
4512368750.0,-44.63543
4512369687.5,-44.62892
4512370625.0,-44.62131
4512371562.5,-44.58094
4512372500.0,-44.57233
4512373437.5,-44.6317
4512374375.0,-44.6389
4512375312.5,-44.591
4512376250.0,-44.60915
4512377187.5,-44.61888
4512378125.0,-44.63172
4512379062.5,-44.62864
4512380000.0,-44.60814
4512380937.5,-44.64645
4512381875.0,-44.64507
4512382812.5,-44.60643
4512383750.0,-44.62518
4512384687.5,-44.65499
4512385625.0,-44.62354
4512386562.5,-44.64208
4512387500.0,-44.63648
4512388437.5,-44.62526
4512389375.0,-44.63567
4512390312.5,-44.64387
4512391250.0,-44.66305
4512392187.5,-44.62799
4512393125.0,-44.63764
4512394062.5,-44.65118
4512395000.0,-44.68732
4512395937.5,-44.65833
4512396875.0,-44.61813
4512397812.5,-44.62746
4512398750.0,-44.65832
4512399687.5,-44.66562
4512400625.0,-44.67633
4512401562.5,-44.67606
4512402500.0,-44.66669
4512403437.5,-44.66723
4512404375.0,-44.65067
4512405312.5,-44.66872
4512406250.0,-44.67086
4512407187.5,-44.67292
4512408125.0,-44.64428
4512409062.5,-44.69348
4512410000.0,-44.66964
4512410937.5,-44.69677
4512411875.0,-44.68681
4512412812.5,-44.69286
4512413750.0,-44.66639
4512414687.5,-44.69764
4512415625.0,-44.72567
4512416562.5,-44.69203
4512417500.0,-44.69287
4512418437.5,-44.69071
4512419375.0,-44.69747
4512420312.5,-44.67266
4512421250.0,-44.70598
4512422187.5,-44.72117
4512423125.0,-44.70598
4512424062.5,-44.68497
4512425000.0,-44.70692
4512425937.5,-44.67341
4512426875.0,-44.6902
4512427812.5,-44.72009
4512428750.0,-44.70124
4512429687.5,-44.68841
4512430625.0,-44.69309
4512431562.5,-44.7157
4512432500.0,-44.69407
4512433437.5,-44.75105
4512434375.0,-44.70917
4512435312.5,-44.71702
4512436250.0,-44.71638
4512437187.5,-44.75027
4512438125.0,-44.69817
4512439062.5,-44.76112
4512440000.0,-44.7224
4512440937.5,-44.72177
4512441875.0,-44.73292
4512442812.5,-44.71975
4512443750.0,-44.71626
4512444687.5,-44.71426
4512445625.0,-44.7297
4512446562.5,-44.75569
4512447500.0,-44.772
4512448437.5,-44.76484
4512449375.0,-44.72908
4512450312.5,-44.72749
4512451250.0,-44.75476
4512452187.5,-44.75261
4512453125.0,-44.77374
4512454062.5,-44.72669
4512455000.0,-44.77458
4512455937.5,-44.75614
4512456875.0,-44.78836
4512457812.5,-44.72416
4512458750.0,-44.76696
4512459687.5,-44.78292
4512460625.0,-44.73205
4512461562.5,-44.74736
4512462500.0,-44.75222
4512463437.5,-44.75541
4512464375.0,-44.79107
4512465312.5,-44.76961
4512466250.0,-44.79129
4512467187.5,-44.74583
4512468125.0,-44.79935
4512469062.5,-44.77873
4512470000.0,-44.79289
4512470937.5,-44.76668
4512471875.0,-44.81149
4512472812.5,-44.80175
4512473750.0,-44.78927
4512474687.5,-44.78627
4512475625.0,-44.75545
4512476562.5,-44.77082
4512477500.0,-44.82161
4512478437.5,-44.79053
4512479375.0,-44.76238
4512480312.5,-44.77591
4512481250.0,-44.79565
4512482187.5,-44.80872
4512483125.0,-44.82158
4512484062.5,-44.81139
4512485000.0,-44.7899
4512485937.5,-44.78224
4512486875.0,-44.81683
4512487812.5,-44.80455
4512488750.0,-44.80185
4512489687.5,-44.80061
4512490625.0,-44.79668
4512491562.5,-44.79632
4512492500.0,-44.82683
4512493437.5,-44.82436
4512494375.0,-44.81931
4512495312.5,-44.83775
4512496250.0,-44.82914
4512497187.5,-44.81472
4512498125.0,-44.81836
4512499062.5,-44.83147
4512500000.0,-44.81767
4512500937.5,-44.821
4512501875.0,-44.82944
4512502812.5,-44.81082
4512503750.0,-44.83163
4512504687.5,-44.82454
4512505625.0,-44.82284
4512506562.5,-44.86283
4512507500.0,-44.85882
4512508437.5,-44.85318
4512509375.0,-44.85482
4512510312.5,-44.84706
4512511250.0,-44.85245
4512512187.5,-44.84841
4512513125.0,-44.85226
4512514062.5,-44.87421
4512515000.0,-44.88158
4512515937.5,-44.84651
4512516875.0,-44.84063
4512517812.5,-44.86326
4512518750.0,-44.843
4512519687.5,-44.87422
4512520625.0,-44.86509
4512521562.5,-44.87469
4512522500.0,-44.86755
4512523437.5,-44.85146
4512524375.0,-44.87046
4512525312.5,-44.87219
4512526250.0,-44.86637
4512527187.5,-44.90779
4512528125.0,-44.87451
4512529062.5,-44.89812
4512530000.0,-44.85553
4512530937.5,-44.89036
4512531875.0,-44.89279
4512532812.5,-44.85532
4512533750.0,-44.87185
4512534687.5,-44.85032
4512535625.0,-44.89625
4512536562.5,-44.87797
4512537500.0,-44.86317
4512538437.5,-44.87009
4512539375.0,-44.9045
4512540312.5,-44.87717
4512541250.0,-44.84242
4512542187.5,-44.90063
4512543125.0,-44.91676
4512544062.5,-44.91716
4512545000.0,-44.89967
4512545937.5,-44.90468
4512546875.0,-44.9282
4512547812.5,-44.90657
4512548750.0,-44.89502
4512549687.5,-44.88976
4512550625.0,-44.91219
4512551562.5,-44.90517
4512552500.0,-44.92769
4512553437.5,-44.91549
4512554375.0,-44.90452
4512555312.5,-44.91082
4512556250.0,-44.94671
4512557187.5,-44.92751
4512558125.0,-44.91065
4512559062.5,-44.93282
4512560000.0,-44.92197
4512560937.5,-44.91076
4512561875.0,-44.92353
4512562812.5,-44.92266
4512563750.0,-44.94705
4512564687.5,-44.93021
4512565625.0,-44.93504
4512566562.5,-44.94232
4512567500.0,-44.95516
4512568437.5,-44.93156
4512569375.0,-44.95223
4512570312.5,-44.94611
4512571250.0,-44.94876
4512572187.5,-44.96242
4512573125.0,-44.937
4512574062.5,-44.94638
4512575000.0,-44.95095
4512575937.5,-44.93826
4512576875.0,-44.91679
4512577812.5,-44.94741
4512578750.0,-44.96088
4512579687.5,-44.95905
4512580625.0,-44.97361
4512581562.5,-44.93771
4512582500.0,-44.97439
4512583437.5,-44.98372
4512584375.0,-44.97376
4512585312.5,-44.96569
4512586250.0,-44.9979
4512587187.5,-44.97849
4512588125.0,-44.97531
4512589062.5,-44.96783
4512590000.0,-44.99319
4512590937.5,-44.9675
4512591875.0,-44.97895
4512592812.5,-44.98836
4512593750.0,-44.97498
4512594687.5,-44.97697
4512595625.0,-44.99402
4512596562.5,-44.98808
4512597500.0,-45.0238
4512598437.5,-44.95262
4512599375.0,-44.97941
4512600312.5,-44.98997
4512601250.0,-45.00068
4512602187.5,-44.98332
4512603125.0,-44.99775
4512604062.5,-45.01226
4512605000.0,-44.9874
4512605937.5,-45.00243
4512606875.0,-44.98403
4512607812.5,-45.0381
4512608750.0,-45.01457
4512609687.5,-44.99636
4512610625.0,-45.01259
4512611562.5,-45.01689
4512612500.0,-45.04488
4512613437.5,-45.03653
4512614375.0,-45.02794
4512615312.5,-45.00321
4512616250.0,-45.05051
4512617187.5,-45.02067
4512618125.0,-45.00798
4512619062.5,-45.03504
4512620000.0,-45.0149
4512620937.5,-45.06739
4512621875.0,-45.02091
4512622812.5,-45.07169
4512623750.0,-45.02399
4512624687.5,-44.99956
4512625625.0,-45.05796
4512626562.5,-45.04332
4512627500.0,-45.03015
4512628437.5,-45.0428
4512629375.0,-45.03484
4512630312.5,-45.01522
4512631250.0,-45.04148
4512632187.5,-45.05479
4512633125.0,-45.02089
4512634062.5,-45.05186
4512635000.0,-45.04682
4512635937.5,-45.05623
4512636875.0,-45.05145
4512637812.5,-45.04556
4512638750.0,-45.07432
4512639687.5,-45.04325
4512640625.0,-45.02592
4512641562.5,-45.07529
4512642500.0,-45.11008
4512643437.5,-45.09636
4512644375.0,-45.08886
4512645312.5,-45.04469
4512646250.0,-45.05658
4512647187.5,-45.05239
4512648125.0,-45.07118
4512649062.5,-45.08522
4512650000.0,-45.09478
4512650937.5,-45.08746
4512651875.0,-45.07416
4512652812.5,-45.0914
4512653750.0,-45.09756
4512654687.5,-45.08346
4512655625.0,-45.05245
4512656562.5,-45.07778
4512657500.0,-45.08133
4512658437.5,-45.08222
4512659375.0,-45.11525
4512660312.5,-45.09082
4512661250.0,-45.08735
4512662187.5,-45.10944
4512663125.0,-45.10589
4512664062.5,-45.1307
4512665000.0,-45.08583
4512665937.5,-45.09422
4512666875.0,-45.12463
4512667812.5,-45.10815
4512668750.0,-45.10445
4512669687.5,-45.08562
4512670625.0,-45.11264
4512671562.5,-45.11236
4512672500.0,-45.10583
4512673437.5,-45.12664
4512674375.0,-45.11648
4512675312.5,-45.09567
4512676250.0,-45.15923
4512677187.5,-45.12359
4512678125.0,-45.11103
4512679062.5,-45.12315
4512680000.0,-45.11055
4512680937.5,-45.13453
4512681875.0,-45.1339
4512682812.5,-45.15064
4512683750.0,-45.10917
4512684687.5,-45.13733
4512685625.0,-45.13416
4512686562.5,-45.15704
4512687500.0,-45.14245
4512688437.5,-45.15714
4512689375.0,-45.12574
4512690312.5,-45.11728
4512691250.0,-45.13765
4512692187.5,-45.14001
4512693125.0,-45.18275
4512694062.5,-45.14398
4512695000.0,-45.1586
4512695937.5,-45.1873
4512696875.0,-45.17114
4512697812.5,-45.15891
4512698750.0,-45.1651
4512699687.5,-45.14967
4512700625.0,-45.16909
4512701562.5,-45.18435
4512702500.0,-45.18258
4512703437.5,-45.16221
4512704375.0,-45.16639
4512705312.5,-45.18951
4512706250.0,-45.18382
4512707187.5,-45.15453
4512708125.0,-45.16352
4512709062.5,-45.17294
4512710000.0,-45.17952
4512710937.5,-45.20989
4512711875.0,-45.19402
4512712812.5,-45.19827
4512713750.0,-45.19242
4512714687.5,-45.19816
4512715625.0,-45.18824
4512716562.5,-45.17318
4512717500.0,-45.20654
4512718437.5,-45.17142
4512719375.0,-45.16938
4512720312.5,-45.18575
4512721250.0,-45.18936
4512722187.5,-45.21393
4512723125.0,-45.18955
4512724062.5,-45.16048
4512725000.0,-45.17864
4512725937.5,-45.21412
4512726875.0,-45.1881
4512727812.5,-45.19028
4512728750.0,-45.1691
4512729687.5,-45.22908
4512730625.0,-45.20343
4512731562.5,-45.18758
4512732500.0,-45.24169
4512733437.5,-45.20612
4512734375.0,-45.22852
4512735312.5,-45.21085
4512736250.0,-45.20416
4512737187.5,-45.24837
4512738125.0,-45.22358
4512739062.5,-45.21544
4512740000.0,-45.20413
4512740937.5,-45.23298
4512741875.0,-45.22454
4512742812.5,-45.24612
4512743750.0,-45.24634
4512744687.5,-45.20854
4512745625.0,-45.23899
4512746562.5,-45.24578
4512747500.0,-45.24329
4512748437.5,-45.23286
4512749375.0,-45.23015
4512750312.5,-45.22785
4512751250.0,-45.2569
4512752187.5,-45.23951
4512753125.0,-45.27206
4512754062.5,-45.25884
4512755000.0,-45.25449
4512755937.5,-45.26602
4512756875.0,-45.23748
4512757812.5,-45.21414
4512758750.0,-45.24456
4512759687.5,-45.23313
4512760625.0,-45.2432
4512761562.5,-45.28038
4512762500.0,-45.2495
4512763437.5,-45.25129
4512764375.0,-45.22595
4512765312.5,-45.23689
4512766250.0,-45.27503
4512767187.5,-45.28876
4512768125.0,-45.2338
4512769062.5,-45.30139
4512770000.0,-45.24482
4512770937.5,-45.28293
4512771875.0,-45.27658
4512772812.5,-45.29326
4512773750.0,-45.28818
4512774687.5,-45.26013
4512775625.0,-45.27634
4512776562.5,-45.25876
4512777500.0,-45.30545
4512778437.5,-45.26173
4512779375.0,-45.27184
4512780312.5,-45.29445
4512781250.0,-45.30637
4512782187.5,-45.2823
4512783125.0,-45.27578
4512784062.5,-45.29615
4512785000.0,-45.28655
4512785937.5,-45.30615
4512786875.0,-45.30784
4512787812.5,-45.29246
4512788750.0,-45.29002
4512789687.5,-45.30798
4512790625.0,-45.30743
4512791562.5,-45.30434
4512792500.0,-45.287
4512793437.5,-45.30151
4512794375.0,-45.2915
4512795312.5,-45.29548
4512796250.0,-45.31749
4512797187.5,-45.31308
4512798125.0,-45.30571
4512799062.5,-45.33736
4512800000.0,-45.30298
4512800937.5,-45.30891
4512801875.0,-45.30068
4512802812.5,-45.3201
4512803750.0,-45.31941
4512804687.5,-45.3359
4512805625.0,-45.30325
4512806562.5,-45.33889
4512807500.0,-45.3088
4512808437.5,-45.34968
4512809375.0,-45.31702
4512810312.5,-45.33546
4512811250.0,-45.36167
4512812187.5,-45.33296
4512813125.0,-45.32943
4512814062.5,-45.35511
4512815000.0,-45.37209
4512815937.5,-45.3124
4512816875.0,-45.35822
4512817812.5,-45.36962
4512818750.0,-45.32798
4512819687.5,-45.36257
4512820625.0,-45.36647
4512821562.5,-45.37493
4512822500.0,-45.3224
4512823437.5,-45.40421
4512824375.0,-45.38394
4512825312.5,-45.38556
4512826250.0,-45.35963
4512827187.5,-45.37426
4512828125.0,-45.38645
4512829062.5,-45.39565
4512830000.0,-45.33664
4512830937.5,-45.35312
4512831875.0,-45.38179
4512832812.5,-45.37444
4512833750.0,-45.36875
4512834687.5,-45.37836
4512835625.0,-45.38678
4512836562.5,-45.37451
4512837500.0,-45.37329
4512838437.5,-45.37063
4512839375.0,-45.38441
4512840312.5,-45.38791
4512841250.0,-45.40651
4512842187.5,-45.35064
4512843125.0,-45.39964
4512844062.5,-45.39318
4512845000.0,-45.39636
4512845937.5,-45.36181
4512846875.0,-45.40077
4512847812.5,-45.43327
4512848750.0,-45.40373
4512849687.5,-45.42538
4512850625.0,-45.40408
4512851562.5,-45.38767
4512852500.0,-45.39551
4512853437.5,-45.40969
4512854375.0,-45.41116
4512855312.5,-45.38908
4512856250.0,-45.39964
4512857187.5,-45.39552
4512858125.0,-45.4182
4512859062.5,-45.42974
4512860000.0,-45.38455
4512860937.5,-45.3812
4512861875.0,-45.39358
4512862812.5,-45.38236
4512863750.0,-45.40431
4512864687.5,-45.42293
4512865625.0,-45.44681
4512866562.5,-45.40687
4512867500.0,-45.4155
4512868437.5,-45.4356
4512869375.0,-45.42411
4512870312.5,-45.41837
4512871250.0,-45.41925
4512872187.5,-45.41111
4512873125.0,-45.41051
4512874062.5,-45.4341
4512875000.0,-45.414
4512875937.5,-45.45463
4512876875.0,-45.44928
4512877812.5,-45.47894
4512878750.0,-45.42044
4512879687.5,-45.42713
4512880625.0,-45.45676
4512881562.5,-45.43932
4512882500.0,-45.4562
4512883437.5,-45.47412
4512884375.0,-45.46347
4512885312.5,-45.42826
4512886250.0,-45.51061
4512887187.5,-45.45739
4512888125.0,-45.45901
4512889062.5,-45.44458
4512890000.0,-45.46147
4512890937.5,-45.50416
4512891875.0,-45.46127
4512892812.5,-45.46062
4512893750.0,-45.43513
4512894687.5,-45.4799
4512895625.0,-45.46486
4512896562.5,-45.43488
4512897500.0,-45.45594
4512898437.5,-45.48233
4512899375.0,-45.52285
4512900312.5,-45.47224
4512901250.0,-45.49002
4512902187.5,-45.46979
4512903125.0,-45.46642
4512904062.5,-45.46747
4512905000.0,-45.45592
4512905937.5,-45.4727
4512906875.0,-45.5006
4512907812.5,-45.51728
4512908750.0,-45.47972
4512909687.5,-45.48824
4512910625.0,-45.50206
4512911562.5,-45.51345
4512912500.0,-45.49393
4512913437.5,-45.48473
4512914375.0,-45.46315
4512915312.5,-45.47837
4512916250.0,-45.51007
4512917187.5,-45.49051
4512918125.0,-45.5214
4512919062.5,-45.49835
4512920000.0,-45.52417
4512920937.5,-45.54045
4512921875.0,-45.49831
4512922812.5,-45.49999
4512923750.0,-45.49866
4512924687.5,-45.51058
4512925625.0,-45.52032
4512926562.5,-45.54497
4512927500.0,-45.5254
4512928437.5,-45.50289
4512929375.0,-45.53016
4512930312.5,-45.52382
4512931250.0,-45.50896
4512932187.5,-45.52187
4512933125.0,-45.53735
4512934062.5,-45.5346
4512935000.0,-45.5309
4512935937.5,-45.51978
4512936875.0,-45.52457
4512937812.5,-45.54937
4512938750.0,-45.54322
4512939687.5,-45.56238
4512940625.0,-45.54822
4512941562.5,-45.53618
4512942500.0,-45.53359
4512943437.5,-45.56585
4512944375.0,-45.55658
4512945312.5,-45.57792
4512946250.0,-45.53398
4512947187.5,-45.53196
4512948125.0,-45.57054
4512949062.5,-45.56718
4512950000.0,-45.55698
4512950937.5,-45.57074
4512951875.0,-45.55402
4512952812.5,-45.56581
4512953750.0,-45.53505
4512954687.5,-45.55552
4512955625.0,-45.55693
4512956562.5,-45.54885
4512957500.0,-45.55939
4512958437.5,-45.53033
4512959375.0,-45.60121
4512960312.5,-45.56119
4512961250.0,-45.59574
4512962187.5,-45.57763
4512963125.0,-45.57581
4512964062.5,-45.58832
4512965000.0,-45.58382
4512965937.5,-45.57761
4512966875.0,-45.5593
4512967812.5,-45.5923
4512968750.0,-45.595
4512969687.5,-45.58849
4512970625.0,-45.58684
4512971562.5,-45.59444
4512972500.0,-45.6246
4512973437.5,-45.61324
4512974375.0,-45.58782
4512975312.5,-45.58802
4512976250.0,-45.5785
4512977187.5,-45.60817
4512978125.0,-45.62011
4512979062.5,-45.63105
4512980000.0,-45.58632
4512980937.5,-45.63802
4512981875.0,-45.60254
4512982812.5,-45.60238
4512983750.0,-45.61305
4512984687.5,-45.57473
4512985625.0,-45.60785
4512986562.5,-45.60596
4512987500.0,-45.60706
4512988437.5,-45.62181
4512989375.0,-45.61431
4512990312.5,-45.64844
4512991250.0,-45.59935
4512992187.5,-45.63233
4512993125.0,-45.63594
4512994062.5,-45.60545
4512995000.0,-45.64947
4512995937.5,-45.60601
4512996875.0,-45.60909
4512997812.5,-45.63912
4512998750.0,-45.63016
4512999687.5,-45.63453
4513000625.0,-45.64234
4513001562.5,-45.63831
4513002500.0,-45.66142
4513003437.5,-45.66494
4513004375.0,-45.63961
4513005312.5,-45.65506
4513006250.0,-45.65821
4513007187.5,-45.63499
4513008125.0,-45.67453
4513009062.5,-45.62029
4513010000.0,-45.65152
4513010937.5,-45.62624
4513011875.0,-45.65121
4513012812.5,-45.69007
4513013750.0,-45.68301
4513014687.5,-45.65766
4513015625.0,-45.67599
4513016562.5,-45.67347
4513017500.0,-45.6557
4513018437.5,-45.67023
4513019375.0,-45.63947
4513020312.5,-45.68086
4513021250.0,-45.67622
4513022187.5,-45.69583
4513023125.0,-45.65939
4513024062.5,-45.66242
4513025000.0,-45.68182
4513025937.5,-45.64636
4513026875.0,-45.68024
4513027812.5,-45.69205
4513028750.0,-45.7074
4513029687.5,-45.65651
4513030625.0,-45.67854
4513031562.5,-45.67003
4513032500.0,-45.66415
4513033437.5,-45.69245
4513034375.0,-45.71812
4513035312.5,-45.70075
4513036250.0,-45.71102
4513037187.5,-45.68363
4513038125.0,-45.67936
4513039062.5,-45.71368
4513040000.0,-45.71024
4513040937.5,-45.68127
4513041875.0,-45.7135
4513042812.5,-45.66515
4513043750.0,-45.68032
4513044687.5,-45.67669
4513045625.0,-45.71963
4513046562.5,-45.6952
4513047500.0,-45.69651
4513048437.5,-45.71219
4513049375.0,-45.7097
4513050312.5,-45.70417
4513051250.0,-45.67317
4513052187.5,-45.68154
4513053125.0,-45.75674
4513054062.5,-45.72481
4513055000.0,-45.73414
4513055937.5,-45.70313
4513056875.0,-45.6945
4513057812.5,-45.73182
4513058750.0,-45.70288
4513059687.5,-45.72438
4513060625.0,-45.7437
4513061562.5,-45.72866
4513062500.0,-45.72826
4513063437.5,-45.7187
4513064375.0,-45.71936
4513065312.5,-45.68663
4513066250.0,-45.78015
4513067187.5,-45.70696
4513068125.0,-45.76339
4513069062.5,-45.7191
4513070000.0,-45.72839
4513070937.5,-45.72535
4513071875.0,-45.71985
4513072812.5,-45.75533
4513073750.0,-45.70094
4513074687.5,-45.77584
4513075625.0,-45.74813
4513076562.5,-45.74496
4513077500.0,-45.76873
4513078437.5,-45.75479
4513079375.0,-45.78867
4513080312.5,-45.77662
4513081250.0,-45.75013
4513082187.5,-45.76257
4513083125.0,-45.74692
4513084062.5,-45.76333
4513085000.0,-45.72771
4513085937.5,-45.74212
4513086875.0,-45.76759
4513087812.5,-45.76894
4513088750.0,-45.76912
4513089687.5,-45.75259
4513090625.0,-45.76986
4513091562.5,-45.78194
4513092500.0,-45.79469
4513093437.5,-45.75429
4513094375.0,-45.78193
4513095312.5,-45.75574
4513096250.0,-45.76172
4513097187.5,-45.78787
4513098125.0,-45.79474
4513099062.5,-45.79057
4513100000.0,-45.80141
4513100937.5,-45.79378
4513101875.0,-45.81278
4513102812.5,-45.81039
4513103750.0,-45.7653
4513104687.5,-45.83055
4513105625.0,-45.76079
4513106562.5,-45.8099
4513107500.0,-45.76131
4513108437.5,-45.77167
4513109375.0,-45.80496
4513110312.5,-45.79659
4513111250.0,-45.80149
4513112187.5,-45.82024
4513113125.0,-45.80113
4513114062.5,-45.80309
4513115000.0,-45.81037
4513115937.5,-45.80131
4513116875.0,-45.82025
4513117812.5,-45.84891
4513118750.0,-45.80326
4513119687.5,-45.77147
4513120625.0,-45.82361
4513121562.5,-45.80636
4513122500.0,-45.83709
4513123437.5,-45.84178
4513124375.0,-45.80492
4513125312.5,-45.82563
4513126250.0,-45.79232
4513127187.5,-45.84097
4513128125.0,-45.82526
4513129062.5,-45.8486
4513130000.0,-45.85119
4513130937.5,-45.83045
4513131875.0,-45.79725
4513132812.5,-45.79138
4513133750.0,-45.83581
4513134687.5,-45.82873
4513135625.0,-45.80692
4513136562.5,-45.85344
4513137500.0,-45.83439
4513138437.5,-45.80436
4513139375.0,-45.82618
4513140312.5,-45.84362
4513141250.0,-45.85964
4513142187.5,-45.82571
4513143125.0,-45.85273
4513144062.5,-45.87361
4513145000.0,-45.85626
4513145937.5,-45.85429
4513146875.0,-45.82837
4513147812.5,-45.81659
4513148750.0,-45.85972
4513149687.5,-45.86845
4513150625.0,-45.87848
4513151562.5,-45.88234
4513152500.0,-45.87315
4513153437.5,-45.88379
4513154375.0,-45.85946
4513155312.5,-45.85365
4513156250.0,-45.90062
4513157187.5,-45.86223
4513158125.0,-45.87652
4513159062.5,-45.85179
4513160000.0,-45.89688
4513160937.5,-45.85923
4513161875.0,-45.92769
4513162812.5,-45.90813
4513163750.0,-45.84003
4513164687.5,-45.90765
4513165625.0,-45.8824
4513166562.5,-45.87342
4513167500.0,-45.87093
4513168437.5,-45.87295
4513169375.0,-45.87418
4513170312.5,-45.90718
4513171250.0,-45.8883
4513172187.5,-45.94374
4513173125.0,-45.91466
4513174062.5,-45.90887
4513175000.0,-45.89585
4513175937.5,-45.90137
4513176875.0,-45.89125
4513177812.5,-45.90507
4513178750.0,-45.92242
4513179687.5,-45.92064
4513180625.0,-45.87936
4513181562.5,-45.89727
4513182500.0,-45.90274
4513183437.5,-45.90209
4513184375.0,-45.91484
4513185312.5,-45.89552
4513186250.0,-45.93216
4513187187.5,-45.90893
4513188125.0,-45.89917
4513189062.5,-45.93501
4513190000.0,-45.93719
4513190937.5,-45.92952
4513191875.0,-45.93369
4513192812.5,-45.93879
4513193750.0,-45.94223
4513194687.5,-45.89942
4513195625.0,-45.90719
4513196562.5,-45.92922
4513197500.0,-45.95247
4513198437.5,-45.96585
4513199375.0,-45.94825
4513200312.5,-45.94278
4513201250.0,-45.93709
4513202187.5,-45.9685
4513203125.0,-45.96796
4513204062.5,-45.93008
4513205000.0,-45.94926
4513205937.5,-45.96379
4513206875.0,-45.93584
4513207812.5,-45.95964
4513208750.0,-45.92592
4513209687.5,-45.95283
4513210625.0,-45.95791
4513211562.5,-45.95768
4513212500.0,-45.97031
4513213437.5,-45.95642
4513214375.0,-45.95792
4513215312.5,-45.97567
4513216250.0,-45.94203
4513217187.5,-45.96289
4513218125.0,-45.97458
4513219062.5,-45.9711
4513220000.0,-45.97285
4513220937.5,-45.95645
4513221875.0,-45.94366
4513222812.5,-45.96744
4513223750.0,-45.95402
4513224687.5,-46.01272
4513225625.0,-45.99555
4513226562.5,-45.96413
4513227500.0,-45.96728
4513228437.5,-45.96033
4513229375.0,-45.98018
4513230312.5,-45.93536
4513231250.0,-45.96965
4513232187.5,-46.00105
4513233125.0,-46.0072
4513234062.5,-45.96449
4513235000.0,-46.00685
4513235937.5,-46.00094
4513236875.0,-45.97459
4513237812.5,-45.9776
4513238750.0,-45.99723
4513239687.5,-45.98792
4513240625.0,-45.97952
4513241562.5,-46.01678
4513242500.0,-45.993
4513243437.5,-45.99143
4513244375.0,-45.9874
4513245312.5,-46.01047
4513246250.0,-45.9961
4513247187.5,-46.0112
4513248125.0,-45.98296
4513249062.5,-45.99288
4513250000.0,-45.99474
4513250937.5,-46.04301
4513251875.0,-46.0004
4513252812.5,-46.01425
4513253750.0,-46.02503
4513254687.5,-46.05963
4513255625.0,-46.00611
4513256562.5,-46.04444
4513257500.0,-46.01069
4513258437.5,-46.05322
4513259375.0,-46.02535
4513260312.5,-46.01043
4513261250.0,-46.03085
4513262187.5,-46.03112
4513263125.0,-46.00924
4513264062.5,-46.01217
4513265000.0,-46.04861
4513265937.5,-46.03949
4513266875.0,-46.01605
4513267812.5,-46.00198
4513268750.0,-46.08127
4513269687.5,-46.04456
4513270625.0,-46.03532
4513271562.5,-46.05223
4513272500.0,-46.06697
4513273437.5,-46.0671
4513274375.0,-46.05464
4513275312.5,-46.00196
4513276250.0,-46.082
4513277187.5,-46.02201
4513278125.0,-46.05077
4513279062.5,-46.04456
4513280000.0,-46.03958
4513280937.5,-46.06656
4513281875.0,-46.05658
4513282812.5,-46.055
4513283750.0,-46.05318
4513284687.5,-46.08282
4513285625.0,-46.07457
4513286562.5,-46.04393
4513287500.0,-46.03544
4513288437.5,-46.06516
4513289375.0,-46.07986
4513290312.5,-46.06441
4513291250.0,-46.08377
4513292187.5,-46.07148
4513293125.0,-46.08866
4513294062.5,-46.05802
4513295000.0,-46.08935
4513295937.5,-46.06937
4513296875.0,-46.08691
4513297812.5,-46.09737
4513298750.0,-46.11765
4513299687.5,-46.08026
4513300625.0,-46.08502
4513301562.5,-46.0706
4513302500.0,-46.07851
4513303437.5,-46.12163
4513304375.0,-46.10461
4513305312.5,-46.11254
4513306250.0,-46.12623
4513307187.5,-46.09993
4513308125.0,-46.06553
4513309062.5,-46.13308
4513310000.0,-46.08066
4513310937.5,-46.11871
4513311875.0,-46.07985
4513312812.5,-46.09734
4513313750.0,-46.11185
4513314687.5,-46.1305
4513315625.0,-46.08754
4513316562.5,-46.11353
4513317500.0,-46.11953
4513318437.5,-46.1227
4513319375.0,-46.10023
4513320312.5,-46.10765
4513321250.0,-46.13404
4513322187.5,-46.1509
4513323125.0,-46.12065
4513324062.5,-46.12407
4513325000.0,-46.08225
4513325937.5,-46.12516
4513326875.0,-46.10746
4513327812.5,-46.10949
4513328750.0,-46.14165
4513329687.5,-46.10364
4513330625.0,-46.11167
4513331562.5,-46.14431
4513332500.0,-46.1004
4513333437.5,-46.14996
4513334375.0,-46.12671
4513335312.5,-46.12714
4513336250.0,-46.13667
4513337187.5,-46.14091
4513338125.0,-46.08762
4513339062.5,-46.15104
4513340000.0,-46.15328
4513340937.5,-46.12405
4513341875.0,-46.12985
4513342812.5,-46.11927
4513343750.0,-46.13878
4513344687.5,-46.1392
4513345625.0,-46.15069
4513346562.5,-46.14982
4513347500.0,-46.15696
4513348437.5,-46.16167
4513349375.0,-46.17708
4513350312.5,-46.1453
4513351250.0,-46.13592
4513352187.5,-46.16889
4513353125.0,-46.21497
4513354062.5,-46.19408
4513355000.0,-46.12267
4513355937.5,-46.17441
4513356875.0,-46.17861
4513357812.5,-46.15336
4513358750.0,-46.19317
4513359687.5,-46.17085
4513360625.0,-46.15474
4513361562.5,-46.16866
4513362500.0,-46.18667
4513363437.5,-46.17155
4513364375.0,-46.16201
4513365312.5,-46.12916
4513366250.0,-46.14783
4513367187.5,-46.15211
4513368125.0,-46.17626
4513369062.5,-46.22768
4513370000.0,-46.15144
4513370937.5,-46.20607
4513371875.0,-46.17582
4513372812.5,-46.23062
4513373750.0,-46.20958
4513374687.5,-46.18417
4513375625.0,-46.21066
4513376562.5,-46.19952
4513377500.0,-46.2279
4513378437.5,-46.16374
4513379375.0,-46.20546
4513380312.5,-46.181
4513381250.0,-46.22314
4513382187.5,-46.21748
4513383125.0,-46.20116
4513384062.5,-46.25419
4513385000.0,-46.20527
4513385937.5,-46.2021
4513386875.0,-46.20816
4513387812.5,-46.21786
4513388750.0,-46.22248
4513389687.5,-46.23246
4513390625.0,-46.22195
4513391562.5,-46.23909
4513392500.0,-46.21895
4513393437.5,-46.22464
4513394375.0,-46.19884
4513395312.5,-46.23547
4513396250.0,-46.25279
4513397187.5,-46.20008
4513398125.0,-46.2397
4513399062.5,-46.23971
4513400000.0,-46.19572
4513400937.5,-46.20324
4513401875.0,-46.2594
4513402812.5,-46.21152
4513403750.0,-46.23978
4513404687.5,-46.26392
4513405625.0,-46.20322
4513406562.5,-46.21688
4513407500.0,-46.21898
4513408437.5,-46.19065
4513409375.0,-46.24044
4513410312.5,-46.23547
4513411250.0,-46.26256
4513412187.5,-46.23872
4513413125.0,-46.24817
4513414062.5,-46.21463
4513415000.0,-46.26008
4513415937.5,-46.25016
4513416875.0,-46.25262
4513417812.5,-46.22563
4513418750.0,-46.23891
4513419687.5,-46.22699
4513420625.0,-46.2878
4513421562.5,-46.2662
4513422500.0,-46.26641
4513423437.5,-46.23484
4513424375.0,-46.25909
4513425312.5,-46.24063
4513426250.0,-46.30854
4513427187.5,-46.25291
4513428125.0,-46.30449
4513429062.5,-46.24131
4513430000.0,-46.28539
4513430937.5,-46.24719
4513431875.0,-46.24322
4513432812.5,-46.23687
4513433750.0,-46.26671
4513434687.5,-46.32316
4513435625.0,-46.30705
4513436562.5,-46.29279
4513437500.0,-46.30402
4513438437.5,-46.27863
4513439375.0,-46.31297
4513440312.5,-46.31622
4513441250.0,-46.29634
4513442187.5,-46.25301
4513443125.0,-46.30999
4513444062.5,-46.33173
4513445000.0,-46.2882
4513445937.5,-46.32198
4513446875.0,-46.26845
4513447812.5,-46.26748
4513448750.0,-46.30228
4513449687.5,-46.31516
4513450625.0,-46.29864
4513451562.5,-46.29714
4513452500.0,-46.27295
4513453437.5,-46.33684
4513454375.0,-46.26116
4513455312.5,-46.2833
4513456250.0,-46.34332
4513457187.5,-46.33628
4513458125.0,-46.29038
4513459062.5,-46.30664
4513460000.0,-46.32246
4513460937.5,-46.31516
4513461875.0,-46.354
4513462812.5,-46.32137
4513463750.0,-46.32885
4513464687.5,-46.32519
4513465625.0,-46.30315
4513466562.5,-46.31647
4513467500.0,-46.3325
4513468437.5,-46.34452
4513469375.0,-46.32546
4513470312.5,-46.38118
4513471250.0,-46.33404
4513472187.5,-46.3439
4513473125.0,-46.32643
4513474062.5,-46.33688
4513475000.0,-46.33729
4513475937.5,-46.35133
4513476875.0,-46.38093
4513477812.5,-46.3649
4513478750.0,-46.31017
4513479687.5,-46.36074
4513480625.0,-46.36187
4513481562.5,-46.33484
4513482500.0,-46.31998
4513483437.5,-46.37709
4513484375.0,-46.34584
4513485312.5,-46.32679
4513486250.0,-46.3729
4513487187.5,-46.32883
4513488125.0,-46.37966
4513489062.5,-46.36277
4513490000.0,-46.3617
4513490937.5,-46.32859
4513491875.0,-46.3579
4513492812.5,-46.40903
4513493750.0,-46.35979
4513494687.5,-46.37013
4513495625.0,-46.3861
4513496562.5,-46.36946
4513497500.0,-46.36817
4513498437.5,-46.35855
4513499375.0,-46.3376
4513500312.5,-46.37844
4513501250.0,-46.36846
4513502187.5,-46.39419
4513503125.0,-46.35922
4513504062.5,-46.40422
4513505000.0,-46.41079
4513505937.5,-46.38504
4513506875.0,-46.37591
4513507812.5,-46.36609
4513508750.0,-46.38187
4513509687.5,-46.38855
4513510625.0,-46.38699
4513511562.5,-46.374
4513512500.0,-46.37601
4513513437.5,-46.39457
4513514375.0,-46.36153
4513515312.5,-46.43215
4513516250.0,-46.40156
4513517187.5,-46.4054
4513518125.0,-46.38362
4513519062.5,-46.43293
4513520000.0,-46.39726
4513520937.5,-46.35732
4513521875.0,-46.44295
4513522812.5,-46.43228
4513523750.0,-46.40501
4513524687.5,-46.42367
4513525625.0,-46.42935
4513526562.5,-46.38452
4513527500.0,-46.44803
4513528437.5,-46.45259
4513529375.0,-46.42322
4513530312.5,-46.44722
4513531250.0,-46.45516
4513532187.5,-46.38872
4513533125.0,-46.47728
4513534062.5,-46.43482
4513535000.0,-46.44618
4513535937.5,-46.41998
4513536875.0,-46.4536
4513537812.5,-46.42987
4513538750.0,-46.43389
4513539687.5,-46.39413
4513540625.0,-46.44532
4513541562.5,-46.45665
4513542500.0,-46.43257
4513543437.5,-46.46166
4513544375.0,-46.40875
4513545312.5,-46.464
4513546250.0,-46.42975
4513547187.5,-46.43716
4513548125.0,-46.44803
4513549062.5,-46.44453
4513550000.0,-46.47051
4513550937.5,-46.46982
4513551875.0,-46.44981
4513552812.5,-46.44022
4513553750.0,-46.46855
4513554687.5,-46.48357
4513555625.0,-46.45971
4513556562.5,-46.46845
4513557500.0,-46.46698
4513558437.5,-46.44854
4513559375.0,-46.45989
4513560312.5,-46.4626
4513561250.0,-46.4562
4513562187.5,-46.42683
4513563125.0,-46.48661
4513564062.5,-46.47245
4513565000.0,-46.48627
4513565937.5,-46.50788
4513566875.0,-46.47743
4513567812.5,-46.49054
4513568750.0,-46.48069
4513569687.5,-46.46572
4513570625.0,-46.45702
4513571562.5,-46.47203
4513572500.0,-46.4585
4513573437.5,-46.4885
4513574375.0,-46.48155
4513575312.5,-46.47228
4513576250.0,-46.49336
4513577187.5,-46.49498
4513578125.0,-46.49065
4513579062.5,-46.44773
4513580000.0,-46.47976
4513580937.5,-46.44763
4513581875.0,-46.45954
4513582812.5,-46.4949
4513583750.0,-46.53302
4513584687.5,-46.4879
4513585625.0,-46.51027
4513586562.5,-46.49717
4513587500.0,-46.51778
4513588437.5,-46.50667
4513589375.0,-46.47726
4513590312.5,-46.55674
4513591250.0,-46.48209
4513592187.5,-46.4677
4513593125.0,-46.49093
4513594062.5,-46.49815
4513595000.0,-46.53608
4513595937.5,-46.49854
4513596875.0,-46.52448
4513597812.5,-46.53682
4513598750.0,-46.50992
4513599687.5,-46.50484
4513600625.0,-46.51179
4513601562.5,-46.56064
4513602500.0,-46.55748
4513603437.5,-46.50026
4513604375.0,-46.55787
4513605312.5,-46.54195
4513606250.0,-46.52848
4513607187.5,-46.5354
4513608125.0,-46.57362
4513609062.5,-46.4842
4513610000.0,-46.52439
4513610937.5,-46.53856
4513611875.0,-46.51966
4513612812.5,-46.53411
4513613750.0,-46.54852
4513614687.5,-46.55684
4513615625.0,-46.54034
4513616562.5,-46.50194
4513617500.0,-46.52306
4513618437.5,-46.54791
4513619375.0,-46.52984
4513620312.5,-46.57738
4513621250.0,-46.53468
4513622187.5,-46.51357
4513623125.0,-46.57676
4513624062.5,-46.58006
4513625000.0,-46.5686
4513625937.5,-46.544
4513626875.0,-46.59707
4513627812.5,-46.55807
4513628750.0,-46.527
4513629687.5,-46.55814
4513630625.0,-46.52751
4513631562.5,-46.54255
4513632500.0,-46.57524
4513633437.5,-46.59812
4513634375.0,-46.50201
4513635312.5,-46.54557
4513636250.0,-46.58211
4513637187.5,-46.5577
4513638125.0,-46.58127
4513639062.5,-46.59207
4513640000.0,-46.56045
4513640937.5,-46.57306
4513641875.0,-46.59595
4513642812.5,-46.58396
4513643750.0,-46.62032
4513644687.5,-46.57708
4513645625.0,-46.55772
4513646562.5,-46.53846
4513647500.0,-46.59008
4513648437.5,-46.57237
4513649375.0,-46.61881
4513650312.5,-46.56586
4513651250.0,-46.60918
4513652187.5,-46.57806
4513653125.0,-46.55798
4513654062.5,-46.58895
4513655000.0,-46.61136
4513655937.5,-46.59052
4513656875.0,-46.57759
4513657812.5,-46.61676
4513658750.0,-46.55567
4513659687.5,-46.59938
4513660625.0,-46.57926
4513661562.5,-46.59082
4513662500.0,-46.63366
4513663437.5,-46.63405
4513664375.0,-46.60475
4513665312.5,-46.57869
4513666250.0,-46.60332
4513667187.5,-46.64315
4513668125.0,-46.61171
4513669062.5,-46.61995
4513670000.0,-46.59331
4513670937.5,-46.62307
4513671875.0,-46.62434
4513672812.5,-46.60832
4513673750.0,-46.60489
4513674687.5,-46.64677
4513675625.0,-46.61363
4513676562.5,-46.60502
4513677500.0,-46.62729
4513678437.5,-46.63325
4513679375.0,-46.6348
4513680312.5,-46.62496
4513681250.0,-46.64572
4513682187.5,-46.594
4513683125.0,-46.65005
4513684062.5,-46.609
4513685000.0,-46.65278
4513685937.5,-46.6495
4513686875.0,-46.65015
4513687812.5,-46.62153
4513688750.0,-46.6044
4513689687.5,-46.65376
4513690625.0,-46.65238
4513691562.5,-46.63552
4513692500.0,-46.6375
4513693437.5,-46.67268
4513694375.0,-46.65583
4513695312.5,-46.63684
4513696250.0,-46.65701
4513697187.5,-46.61869
4513698125.0,-46.67252
4513699062.5,-46.64488
4513700000.0,-46.63723
4513700937.5,-46.67382
4513701875.0,-46.64572
4513702812.5,-46.62696
4513703750.0,-46.624
4513704687.5,-46.66412
4513705625.0,-46.69046
4513706562.5,-46.63098
4513707500.0,-46.71987
4513708437.5,-46.64429
4513709375.0,-46.66278
4513710312.5,-46.67785
4513711250.0,-46.68464
4513712187.5,-46.69489
4513713125.0,-46.6418
4513714062.5,-46.68884
4513715000.0,-46.65159
4513715937.5,-46.68866
4513716875.0,-46.7143
4513717812.5,-46.62894
4513718750.0,-46.69917
4513719687.5,-46.69643
4513720625.0,-46.7121
4513721562.5,-46.63919
4513722500.0,-46.71829
4513723437.5,-46.71977
4513724375.0,-46.70524
4513725312.5,-46.71379
4513726250.0,-46.6921
4513727187.5,-46.65164
4513728125.0,-46.68836
4513729062.5,-46.70466
4513730000.0,-46.67523
4513730937.5,-46.72712
4513731875.0,-46.70107
4513732812.5,-46.6958
4513733750.0,-46.67902
4513734687.5,-46.71026
4513735625.0,-46.68545
4513736562.5,-46.77183
4513737500.0,-46.71416
4513738437.5,-46.71452
4513739375.0,-46.71592
4513740312.5,-46.67211
4513741250.0,-46.70434
4513742187.5,-46.73544
4513743125.0,-46.71999
4513744062.5,-46.74993
4513745000.0,-46.74994
4513745937.5,-46.75323
4513746875.0,-46.71717
4513747812.5,-46.72218
4513748750.0,-46.69236
4513749687.5,-46.69358
4513750625.0,-46.73203
4513751562.5,-46.74836
4513752500.0,-46.75037
4513753437.5,-46.75339
4513754375.0,-46.74189
4513755312.5,-46.73249
4513756250.0,-46.70207
4513757187.5,-46.7324
4513758125.0,-46.74175
4513759062.5,-46.75139
4513760000.0,-46.73069
4513760937.5,-46.73083
4513761875.0,-46.76642
4513762812.5,-46.752
4513763750.0,-46.78018
4513764687.5,-46.75713
4513765625.0,-46.80555
4513766562.5,-46.7444
4513767500.0,-46.72954
4513768437.5,-46.77061
4513769375.0,-46.74471
4513770312.5,-46.72335
4513771250.0,-46.74496
4513772187.5,-46.7431
4513773125.0,-46.77848
4513774062.5,-46.80307
4513775000.0,-46.74585
4513775937.5,-46.7406
4513776875.0,-46.75324
4513777812.5,-46.76686
4513778750.0,-46.76624
4513779687.5,-46.77428
4513780625.0,-46.76417
4513781562.5,-46.78458
4513782500.0,-46.74156
4513783437.5,-46.77688
4513784375.0,-46.79241
4513785312.5,-46.78996
4513786250.0,-46.77561
4513787187.5,-46.76289
4513788125.0,-46.76157
4513789062.5,-46.82316
4513790000.0,-46.79559
4513790937.5,-46.79983
4513791875.0,-46.78529
4513792812.5,-46.77605
4513793750.0,-46.79985
4513794687.5,-46.78803
4513795625.0,-46.78896
4513796562.5,-46.77576
4513797500.0,-46.80497
4513798437.5,-46.78647
4513799375.0,-46.7595
4513800312.5,-46.80228
4513801250.0,-46.76865
4513802187.5,-46.79332
4513803125.0,-46.77971
4513804062.5,-46.79808
4513805000.0,-46.77653
4513805937.5,-46.77726
4513806875.0,-46.82309
4513807812.5,-46.81831
4513808750.0,-46.80376
4513809687.5,-46.80058
4513810625.0,-46.8127
4513811562.5,-46.77944
4513812500.0,-46.81226
4513813437.5,-46.79829
4513814375.0,-46.82857
4513815312.5,-46.84698
4513816250.0,-46.79683
4513817187.5,-46.79235
4513818125.0,-46.7939
4513819062.5,-46.82553
4513820000.0,-46.81692
4513820937.5,-46.83016
4513821875.0,-46.8045
4513822812.5,-46.82931
4513823750.0,-46.83502
4513824687.5,-46.81127
4513825625.0,-46.82172
4513826562.5,-46.82265
4513827500.0,-46.82519
4513828437.5,-46.78242
4513829375.0,-46.79759
4513830312.5,-46.8503
4513831250.0,-46.82709
4513832187.5,-46.83733
4513833125.0,-46.87673
4513834062.5,-46.86237
4513835000.0,-46.83747
4513835937.5,-46.81079
4513836875.0,-46.82196
4513837812.5,-46.82948
4513838750.0,-46.86322
4513839687.5,-46.83532
4513840625.0,-46.82859
4513841562.5,-46.81927
4513842500.0,-46.88821
4513843437.5,-46.84365
4513844375.0,-46.84861
4513845312.5,-46.81963
4513846250.0,-46.87199
4513847187.5,-46.85292
4513848125.0,-46.8379
4513849062.5,-46.91481
4513850000.0,-46.88406
4513850937.5,-46.89404
4513851875.0,-46.86242
4513852812.5,-46.85467
4513853750.0,-46.85517
4513854687.5,-46.86841
4513855625.0,-46.88222
4513856562.5,-46.85419
4513857500.0,-46.88144
4513858437.5,-46.92448
4513859375.0,-46.87691
4513860312.5,-46.89967
4513861250.0,-46.86876
4513862187.5,-46.88781
4513863125.0,-46.87021
4513864062.5,-46.89542
4513865000.0,-46.90239
4513865937.5,-46.93678
4513866875.0,-46.87355
4513867812.5,-46.89937
4513868750.0,-46.86461
4513869687.5,-46.86256
4513870625.0,-46.87554
4513871562.5,-46.89553
4513872500.0,-46.91029
4513873437.5,-46.92243
4513874375.0,-46.86879
4513875312.5,-46.88887
4513876250.0,-46.86967
4513877187.5,-46.87828
4513878125.0,-46.90005
4513879062.5,-46.89202
4513880000.0,-46.86375
4513880937.5,-46.94991
4513881875.0,-46.90264
4513882812.5,-46.90108
4513883750.0,-46.8909
4513884687.5,-46.9219
4513885625.0,-46.91638
4513886562.5,-46.88651
4513887500.0,-46.90302
4513888437.5,-46.88465
4513889375.0,-46.89817
4513890312.5,-46.9315
4513891250.0,-46.90739
4513892187.5,-46.90125
4513893125.0,-46.91836
4513894062.5,-46.93027
4513895000.0,-46.90034
4513895937.5,-46.89574
4513896875.0,-46.93071
4513897812.5,-46.92952
4513898750.0,-46.93243
4513899687.5,-46.93033
4513900625.0,-46.94937
4513901562.5,-46.88596
4513902500.0,-46.94784
4513903437.5,-46.96578
4513904375.0,-46.96347
4513905312.5,-46.95338
4513906250.0,-46.94022
4513907187.5,-46.91307
4513908125.0,-46.93045
4513909062.5,-46.9506
4513910000.0,-46.9799
4513910937.5,-46.92451
4513911875.0,-46.92995
4513912812.5,-46.91646
4513913750.0,-46.95522
4513914687.5,-46.93531
4513915625.0,-46.95539
4513916562.5,-46.95614
4513917500.0,-46.94231
4513918437.5,-46.95639
4513919375.0,-46.92654
4513920312.5,-46.96286
4513921250.0,-46.97427
4513922187.5,-46.92585
4513923125.0,-46.99694
4513924062.5,-46.98344
4513925000.0,-46.99853
4513925937.5,-46.9542
4513926875.0,-46.96415
4513927812.5,-46.94196
4513928750.0,-46.97866
4513929687.5,-46.94366
4513930625.0,-46.92238
4513931562.5,-46.99245
4513932500.0,-47.01222
4513933437.5,-46.99846
4513934375.0,-46.98381
4513935312.5,-46.97688
4513936250.0,-46.93359
4513937187.5,-46.99813
4513938125.0,-46.97366
4513939062.5,-47.001
4513940000.0,-46.98892
4513940937.5,-47.01871
4513941875.0,-46.99868
4513942812.5,-46.9707
4513943750.0,-46.94617
4513944687.5,-46.98326
4513945625.0,-47.02319
4513946562.5,-47.01244
4513947500.0,-47.04462
4513948437.5,-46.99699
4513949375.0,-47.05991
4513950312.5,-46.99753
4513951250.0,-47.00216
4513952187.5,-47.03495
4513953125.0,-47.01326
4513954062.5,-47.02266
4513955000.0,-46.99311
4513955937.5,-46.9955
4513956875.0,-47.01155
4513957812.5,-47.02912
4513958750.0,-47.0025
4513959687.5,-46.97504
4513960625.0,-47.01481
4513961562.5,-47.01261
4513962500.0,-47.00087
4513963437.5,-46.98359
4513964375.0,-46.99669
4513965312.5,-47.04255
4513966250.0,-47.0242
4513967187.5,-47.04023
4513968125.0,-47.01392
4513969062.5,-46.99938
4513970000.0,-47.01844
4513970937.5,-47.03407
4513971875.0,-47.0409
4513972812.5,-46.99694
4513973750.0,-47.10723
4513974687.5,-47.04327
4513975625.0,-47.01792
4513976562.5,-47.01119
4513977500.0,-46.99741
4513978437.5,-47.05684
4513979375.0,-47.01039
4513980312.5,-47.09092
4513981250.0,-47.06858
4513982187.5,-47.02492
4513983125.0,-47.0621
4513984062.5,-47.0668
4513985000.0,-47.04387
4513985937.5,-47.04637
4513986875.0,-47.022
4513987812.5,-47.05994
4513988750.0,-47.04982
4513989687.5,-47.06763
4513990625.0,-47.0325
4513991562.5,-47.04699
4513992500.0,-47.0201
4513993437.5,-47.03974
4513994375.0,-47.0708
4513995312.5,-47.06236
4513996250.0,-47.0478
4513997187.5,-47.04508
4513998125.0,-47.05827
4513999062.5,-47.04831
4514000000.0,-47.06144
4514000937.5,-47.07043
4514001875.0,-47.0469
4514002812.5,-47.04615
4514003750.0,-47.08693
4514004687.5,-47.05466
4514005625.0,-47.09293
4514006562.5,-47.07257
4514007500.0,-47.11578
4514008437.5,-47.07783
4514009375.0,-47.10191
4514010312.5,-47.09696
4514011250.0,-47.06673
4514012187.5,-47.09391
4514013125.0,-47.0719
4514014062.5,-47.10833
4514015000.0,-47.0803
4514015937.5,-47.07479
4514016875.0,-47.11212
4514017812.5,-47.08192
4514018750.0,-47.09982
4514019687.5,-47.12737
4514020625.0,-47.08144
4514021562.5,-47.0693
4514022500.0,-47.09789
4514023437.5,-47.11351
4514024375.0,-47.13496
4514025312.5,-47.05776
4514026250.0,-47.1299
4514027187.5,-47.09067
4514028125.0,-47.12757
4514029062.5,-47.11393
4514030000.0,-47.07753
4514030937.5,-47.10073
4514031875.0,-47.14305
4514032812.5,-47.04552
4514033750.0,-47.09301
4514034687.5,-47.14238
4514035625.0,-47.07671
4514036562.5,-47.08047
4514037500.0,-47.13782
4514038437.5,-47.11119
4514039375.0,-47.12821
4514040312.5,-47.12951
4514041250.0,-47.13224
4514042187.5,-47.15526
4514043125.0,-47.09554
4514044062.5,-47.07976
4514045000.0,-47.12983
4514045937.5,-47.13873
4514046875.0,-47.11998
4514047812.5,-47.11644
4514048750.0,-47.1259
4514049687.5,-47.14587
4514050625.0,-47.14303
4514051562.5,-47.0845
4514052500.0,-47.15268
4514053437.5,-47.14117
4514054375.0,-47.11547
4514055312.5,-47.13561
4514056250.0,-47.10641
4514057187.5,-47.17805
4514058125.0,-47.11536
4514059062.5,-47.14817
4514060000.0,-47.13587
4514060937.5,-47.14698
4514061875.0,-47.1609
4514062812.5,-47.13211
4514063750.0,-47.16977
4514064687.5,-47.1236
4514065625.0,-47.17683
4514066562.5,-47.14874
4514067500.0,-47.11428
4514068437.5,-47.1602
4514069375.0,-47.13346
4514070312.5,-47.25398
4514071250.0,-47.17513
4514072187.5,-47.13842
4514073125.0,-47.11787
4514074062.5,-47.16715
4514075000.0,-47.16417
4514075937.5,-47.18701
4514076875.0,-47.16304
4514077812.5,-47.16957
4514078750.0,-47.16902
4514079687.5,-47.15642
4514080625.0,-47.1966
4514081562.5,-47.15562
4514082500.0,-47.16497
4514083437.5,-47.17232
4514084375.0,-47.20486
4514085312.5,-47.18703
4514086250.0,-47.18757
4514087187.5,-47.17495
4514088125.0,-47.20118
4514089062.5,-47.15393
4514090000.0,-47.14372
4514090937.5,-47.18148
4514091875.0,-47.19648
4514092812.5,-47.16477
4514093750.0,-47.21741
4514094687.5,-47.18541
4514095625.0,-47.17219
4514096562.5,-47.18626
4514097500.0,-47.22383
4514098437.5,-47.21121
4514099375.0,-47.15843
4514100312.5,-47.19542
4514101250.0,-47.19935
4514102187.5,-47.18223
4514103125.0,-47.16131
4514104062.5,-47.18283
4514105000.0,-47.19828
4514105937.5,-47.1925
4514106875.0,-47.1657
4514107812.5,-47.24745
4514108750.0,-47.21278
4514109687.5,-47.23148
4514110625.0,-47.2186
4514111562.5,-47.25122
4514112500.0,-47.23405
4514113437.5,-47.21494
4514114375.0,-47.23663
4514115312.5,-47.21537
4514116250.0,-47.23033
4514117187.5,-47.22657
4514118125.0,-47.25053
4514119062.5,-47.23807
4514120000.0,-47.2289
4514120937.5,-47.19534
4514121875.0,-47.26947
4514122812.5,-47.23452
4514123750.0,-47.22358
4514124687.5,-47.21725
4514125625.0,-47.24159
4514126562.5,-47.24355
4514127500.0,-47.20791
4514128437.5,-47.25356
4514129375.0,-47.24208
4514130312.5,-47.24735
4514131250.0,-47.20893
4514132187.5,-47.26607
4514133125.0,-47.25199
4514134062.5,-47.30075
4514135000.0,-47.27636
4514135937.5,-47.26527
4514136875.0,-47.24308
4514137812.5,-47.28528
4514138750.0,-47.24091
4514139687.5,-47.25252
4514140625.0,-47.28579
4514141562.5,-47.23037
4514142500.0,-47.23845
4514143437.5,-47.26474
4514144375.0,-47.23373
4514145312.5,-47.27148
4514146250.0,-47.28973
4514147187.5,-47.28421
4514148125.0,-47.22843
4514149062.5,-47.23245
4514150000.0,-47.24222
4514150937.5,-47.27911
4514151875.0,-47.27259
4514152812.5,-47.24025
4514153750.0,-47.24416
4514154687.5,-47.22687
4514155625.0,-47.25764
4514156562.5,-47.30027
4514157500.0,-47.26987
4514158437.5,-47.27728
4514159375.0,-47.23486
4514160312.5,-47.26556
4514161250.0,-47.30624
4514162187.5,-47.29236
4514163125.0,-47.2279
4514164062.5,-47.25147
4514165000.0,-47.25318
4514165937.5,-47.26882
4514166875.0,-47.27419
4514167812.5,-47.28346
4514168750.0,-47.2942
4514169687.5,-47.25087
4514170625.0,-47.25529
4514171562.5,-47.26576
4514172500.0,-47.28261
4514173437.5,-47.32986
4514174375.0,-47.30128
4514175312.5,-47.33318
4514176250.0,-47.26631
4514177187.5,-47.30368
4514178125.0,-47.31187
4514179062.5,-47.31339
4514180000.0,-47.32139
4514180937.5,-47.28828
4514181875.0,-47.32436
4514182812.5,-47.27509
4514183750.0,-47.26617
4514184687.5,-47.26754
4514185625.0,-47.27995
4514186562.5,-47.2767
4514187500.0,-47.32951
4514188437.5,-47.31646
4514189375.0,-47.32304
4514190312.5,-47.28179
4514191250.0,-47.34505
4514192187.5,-47.30154
4514193125.0,-47.31397
4514194062.5,-47.27358
4514195000.0,-47.33247
4514195937.5,-47.3336
4514196875.0,-47.32446
4514197812.5,-47.31326
4514198750.0,-47.30496
4514199687.5,-47.33638
4514200625.0,-47.33078
4514201562.5,-47.34538
4514202500.0,-47.29544
4514203437.5,-47.34866
4514204375.0,-47.34573
4514205312.5,-47.39321
4514206250.0,-47.31731
4514207187.5,-47.359
4514208125.0,-47.34326
4514209062.5,-47.29758
4514210000.0,-47.36452
4514210937.5,-47.37615
4514211875.0,-47.31775
4514212812.5,-47.36646
4514213750.0,-47.34686
4514214687.5,-47.36779
4514215625.0,-47.30642
4514216562.5,-47.33201
4514217500.0,-47.32709
4514218437.5,-47.32707
4514219375.0,-47.32222
4514220312.5,-47.38568
4514221250.0,-47.34643
4514222187.5,-47.33638
4514223125.0,-47.35641
4514224062.5,-47.35997
4514225000.0,-47.3869
4514225937.5,-47.3246
4514226875.0,-47.36264
4514227812.5,-47.38358
4514228750.0,-47.33506
4514229687.5,-47.35477
4514230625.0,-47.36546
4514231562.5,-47.41029
4514232500.0,-47.37169
4514233437.5,-47.38504
4514234375.0,-47.34769
4514235312.5,-47.37209
4514236250.0,-47.40811
4514237187.5,-47.3994
4514238125.0,-47.34195
4514239062.5,-47.3812
4514240000.0,-47.39832
4514240937.5,-47.35663
4514241875.0,-47.36013
4514242812.5,-47.37821
4514243750.0,-47.39462
4514244687.5,-47.36669
4514245625.0,-47.38712
4514246562.5,-47.38414
4514247500.0,-47.35686
4514248437.5,-47.3816
4514249375.0,-47.41453
4514250312.5,-47.38036
4514251250.0,-47.38684
4514252187.5,-47.37879
4514253125.0,-47.40239
4514254062.5,-47.39584
4514255000.0,-47.34562
4514255937.5,-47.36374
4514256875.0,-47.41145
4514257812.5,-47.39367
4514258750.0,-47.38213
4514259687.5,-47.38375
4514260625.0,-47.41979
4514261562.5,-47.42139
4514262500.0,-47.40686
4514263437.5,-47.38367
4514264375.0,-47.42361
4514265312.5,-47.39988
4514266250.0,-47.40928
4514267187.5,-47.41118
4514268125.0,-47.41979
4514269062.5,-47.43938
4514270000.0,-47.42828
4514270937.5,-47.42223
4514271875.0,-47.41845
4514272812.5,-47.44492
4514273750.0,-47.40018
4514274687.5,-47.45776
4514275625.0,-47.44774
4514276562.5,-47.41416
4514277500.0,-47.43365
4514278437.5,-47.40089
4514279375.0,-47.41336
4514280312.5,-47.44741
4514281250.0,-47.43512
4514282187.5,-47.46585
4514283125.0,-47.43577
4514284062.5,-47.40995
4514285000.0,-47.40731
4514285937.5,-47.44698
4514286875.0,-47.38014
4514287812.5,-47.46688
4514288750.0,-47.42545
4514289687.5,-47.44551
4514290625.0,-47.42081
4514291562.5,-47.46097
4514292500.0,-47.43806
4514293437.5,-47.41571
4514294375.0,-47.46854
4514295312.5,-47.44426
4514296250.0,-47.3993
4514297187.5,-47.46946
4514298125.0,-47.49014
4514299062.5,-47.42023
4514300000.0,-47.50837
4514300937.5,-47.44688
4514301875.0,-47.46784
4514302812.5,-47.43847
4514303750.0,-47.45071
4514304687.5,-47.46671
4514305625.0,-47.40816
4514306562.5,-47.46186
4514307500.0,-47.48664
4514308437.5,-47.49029
4514309375.0,-47.41468
4514310312.5,-47.46681
4514311250.0,-47.49767
4514312187.5,-47.46375
4514313125.0,-47.48507
4514314062.5,-47.44332
4514315000.0,-47.44711
4514315937.5,-47.47261
4514316875.0,-47.46412
4514317812.5,-47.49516
4514318750.0,-47.46032
4514319687.5,-47.48112
4514320625.0,-47.4616
4514321562.5,-47.46975
4514322500.0,-47.47345
4514323437.5,-47.49153
4514324375.0,-47.48686
4514325312.5,-47.49924
4514326250.0,-47.50526
4514327187.5,-47.45229
4514328125.0,-47.48118
4514329062.5,-47.46761
4514330000.0,-47.50729
4514330937.5,-47.49588
4514331875.0,-47.53167
4514332812.5,-47.46582
4514333750.0,-47.4952
4514334687.5,-47.49389
4514335625.0,-47.47675
4514336562.5,-47.48483
4514337500.0,-47.52671
4514338437.5,-47.51551
4514339375.0,-47.51421
4514340312.5,-47.4584
4514341250.0,-47.50409
4514342187.5,-47.49416
4514343125.0,-47.52204
4514344062.5,-47.51104
4514345000.0,-47.47639
4514345937.5,-47.50203
4514346875.0,-47.56526
4514347812.5,-47.54526
4514348750.0,-47.52108
4514349687.5,-47.55089
4514350625.0,-47.52833
4514351562.5,-47.53667
4514352500.0,-47.52533
4514353437.5,-47.50481
4514354375.0,-47.551
4514355312.5,-47.5471
4514356250.0,-47.53588
4514357187.5,-47.52602
4514358125.0,-47.49638
4514359062.5,-47.48132
4514360000.0,-47.50675
4514360937.5,-47.52892
4514361875.0,-47.52832
4514362812.5,-47.53123
4514363750.0,-47.5332
4514364687.5,-47.53112
4514365625.0,-47.54323
4514366562.5,-47.53569
4514367500.0,-47.5765
4514368437.5,-47.52408
4514369375.0,-47.54035
4514370312.5,-47.5499
4514371250.0,-47.54994
4514372187.5,-47.54551
4514373125.0,-47.55035
4514374062.5,-47.51986
4514375000.0,-47.55413
4514375937.5,-47.5718
4514376875.0,-47.5696
4514377812.5,-47.55131
4514378750.0,-47.52622
4514379687.5,-47.55955
4514380625.0,-47.55555
4514381562.5,-47.60551
4514382500.0,-47.53242
4514383437.5,-47.57264
4514384375.0,-47.57972
4514385312.5,-47.5646
4514386250.0,-47.63918
4514387187.5,-47.57733
4514388125.0,-47.57253
4514389062.5,-47.57448
4514390000.0,-47.54802
4514390937.5,-47.56295
4514391875.0,-47.55324
4514392812.5,-47.55369
4514393750.0,-47.61089
4514394687.5,-47.58463
4514395625.0,-47.55796
4514396562.5,-47.5886
4514397500.0,-47.58749
4514398437.5,-47.56495
4514399375.0,-47.60067
4514400312.5,-47.57614
4514401250.0,-47.52963
4514402187.5,-47.57534
4514403125.0,-47.5916
4514404062.5,-47.57156
4514405000.0,-47.51663
4514405937.5,-47.59413
4514406875.0,-47.59261
4514407812.5,-47.56749
4514408750.0,-47.58727
4514409687.5,-47.5929
4514410625.0,-47.5617
4514411562.5,-47.58562
4514412500.0,-47.61717
4514413437.5,-47.58017
4514414375.0,-47.60898
4514415312.5,-47.65062
4514416250.0,-47.62088
4514417187.5,-47.60571
4514418125.0,-47.61252
4514419062.5,-47.57834
4514420000.0,-47.63338
4514420937.5,-47.52999
4514421875.0,-47.62643
4514422812.5,-47.59865
4514423750.0,-47.64096
4514424687.5,-47.64362
4514425625.0,-47.65875
4514426562.5,-47.6278
4514427500.0,-47.64558
4514428437.5,-47.64389
4514429375.0,-47.62008
4514430312.5,-47.62626
4514431250.0,-47.59741
4514432187.5,-47.63338
4514433125.0,-47.63742
4514434062.5,-47.61656
4514435000.0,-47.66435
4514435937.5,-47.6109
4514436875.0,-47.62901
4514437812.5,-47.60842
4514438750.0,-47.64305
4514439687.5,-47.61816
4514440625.0,-47.61733
4514441562.5,-47.62825
4514442500.0,-47.6131
4514443437.5,-47.6313
4514444375.0,-47.65731
4514445312.5,-47.64661
4514446250.0,-47.58533
4514447187.5,-47.63953
4514448125.0,-47.64708
4514449062.5,-47.63261
4514450000.0,-47.61343
4514450937.5,-47.65931
4514451875.0,-47.58069
4514452812.5,-47.64307
4514453750.0,-47.63316
4514454687.5,-47.62466
4514455625.0,-47.66509
4514456562.5,-47.65042
4514457500.0,-47.67948
4514458437.5,-47.67188
4514459375.0,-47.66272
4514460312.5,-47.62871
4514461250.0,-47.62044
4514462187.5,-47.62672
4514463125.0,-47.67141
4514464062.5,-47.70386
4514465000.0,-47.66446
4514465937.5,-47.69762
4514466875.0,-47.69969
4514467812.5,-47.59944
4514468750.0,-47.65048
4514469687.5,-47.69859
4514470625.0,-47.68169
4514471562.5,-47.68787
4514472500.0,-47.64904
4514473437.5,-47.6788
4514474375.0,-47.69866
4514475312.5,-47.65766
4514476250.0,-47.68816
4514477187.5,-47.68128
4514478125.0,-47.70716
4514479062.5,-47.66104
4514480000.0,-47.72401
4514480937.5,-47.68129
4514481875.0,-47.66539
4514482812.5,-47.67338
4514483750.0,-47.64181
4514484687.5,-47.69352
4514485625.0,-47.70904
4514486562.5,-47.71482
4514487500.0,-47.66361
4514488437.5,-47.69593
4514489375.0,-47.69437
4514490312.5,-47.66885
4514491250.0,-47.70674
4514492187.5,-47.67271
4514493125.0,-47.72898
4514494062.5,-47.68448
4514495000.0,-47.72306
4514495937.5,-47.68658
4514496875.0,-47.73996
4514497812.5,-47.70335
4514498750.0,-47.69609
4514499687.5,-47.67985
4514500625.0,-47.73875
4514501562.5,-47.74397
4514502500.0,-47.71161
4514503437.5,-47.71653
4514504375.0,-47.72188
4514505312.5,-47.66957
4514506250.0,-47.69692
4514507187.5,-47.68344
4514508125.0,-47.70342
4514509062.5,-47.70659
4514510000.0,-47.70972
4514510937.5,-47.73882
4514511875.0,-47.74086
4514512812.5,-47.6967
4514513750.0,-47.72256
4514514687.5,-47.71976
4514515625.0,-47.69727
4514516562.5,-47.7173
4514517500.0,-47.72074
4514518437.5,-47.71451
4514519375.0,-47.74649
4514520312.5,-47.73558
4514521250.0,-47.75373
4514522187.5,-47.75969
4514523125.0,-47.74745
4514524062.5,-47.71587
4514525000.0,-47.76781
4514525937.5,-47.69457
4514526875.0,-47.76018
4514527812.5,-47.78225
4514528750.0,-47.73363
4514529687.5,-47.69851
4514530625.0,-47.71359
4514531562.5,-47.73695
4514532500.0,-47.7802
4514533437.5,-47.72154
4514534375.0,-47.70877
4514535312.5,-47.73676
4514536250.0,-47.77076
4514537187.5,-47.76077
4514538125.0,-47.76287
4514539062.5,-47.78584
4514540000.0,-47.76536
4514540937.5,-47.7984
4514541875.0,-47.7261
4514542812.5,-47.76303
4514543750.0,-47.77713
4514544687.5,-47.7586
4514545625.0,-47.76488
4514546562.5,-47.79237
4514547500.0,-47.76289
4514548437.5,-47.78395
4514549375.0,-47.81477
4514550312.5,-47.78513
4514551250.0,-47.75756
4514552187.5,-47.73362
4514553125.0,-47.78622
4514554062.5,-47.81793
4514555000.0,-47.75513
4514555937.5,-47.84856
4514556875.0,-47.74889
4514557812.5,-47.7422
4514558750.0,-47.75344
4514559687.5,-47.78533
4514560625.0,-47.77116
4514561562.5,-47.77761
4514562500.0,-47.79996
4514563437.5,-47.80949
4514564375.0,-47.79481
4514565312.5,-47.76641
4514566250.0,-47.76096
4514567187.5,-47.78656
4514568125.0,-47.82654
4514569062.5,-47.76486
4514570000.0,-47.74361
4514570937.5,-47.78733
4514571875.0,-47.78619
4514572812.5,-47.76459
4514573750.0,-47.78408
4514574687.5,-47.79688
4514575625.0,-47.79975
4514576562.5,-47.80886
4514577500.0,-47.78765
4514578437.5,-47.81236
4514579375.0,-47.80857
4514580312.5,-47.77307
4514581250.0,-47.78197
4514582187.5,-47.80389
4514583125.0,-47.82381
4514584062.5,-47.83496
4514585000.0,-47.81324
4514585937.5,-47.8019
4514586875.0,-47.85575
4514587812.5,-47.82505
4514588750.0,-47.82369
4514589687.5,-47.82861
4514590625.0,-47.83177
4514591562.5,-47.80131
4514592500.0,-47.80261
4514593437.5,-47.80851
4514594375.0,-47.8241
4514595312.5,-47.84372
4514596250.0,-47.80278
4514597187.5,-47.85017
4514598125.0,-47.85602
4514599062.5,-47.85439
4514600000.0,-47.84657
4514600937.5,-47.84737
4514601875.0,-47.821
4514602812.5,-47.86893
4514603750.0,-47.83845
4514604687.5,-47.80549
4514605625.0,-47.84977
4514606562.5,-47.82064
4514607500.0,-47.82515
4514608437.5,-47.82579
4514609375.0,-47.85211
4514610312.5,-47.83432
4514611250.0,-47.80561
4514612187.5,-47.90241
4514613125.0,-47.83514
4514614062.5,-47.79925
4514615000.0,-47.83804
4514615937.5,-47.8638
4514616875.0,-47.85334
4514617812.5,-47.87385
4514618750.0,-47.89969
4514619687.5,-47.86057
4514620625.0,-47.86917
4514621562.5,-47.82941
4514622500.0,-47.87794
4514623437.5,-47.81038
4514624375.0,-47.81975
4514625312.5,-47.86499
4514626250.0,-47.88524
4514627187.5,-47.85872
4514628125.0,-47.87708
4514629062.5,-47.84245
4514630000.0,-47.86182
4514630937.5,-47.93173
4514631875.0,-47.85907
4514632812.5,-47.85985
4514633750.0,-47.88139
4514634687.5,-47.83979
4514635625.0,-47.90397
4514636562.5,-47.88025
4514637500.0,-47.8574
4514638437.5,-47.88021
4514639375.0,-47.87632
4514640312.5,-47.90112
4514641250.0,-47.9018
4514642187.5,-47.86617
4514643125.0,-47.91982
4514644062.5,-47.86102
4514645000.0,-47.88124
4514645937.5,-47.8497
4514646875.0,-47.85896
4514647812.5,-47.80365
4514648750.0,-47.90474
4514649687.5,-47.86367
4514650625.0,-47.86268
4514651562.5,-47.94557
4514652500.0,-47.89693
4514653437.5,-47.86612
4514654375.0,-47.88412
4514655312.5,-47.8442
4514656250.0,-47.86265
4514657187.5,-47.94553
4514658125.0,-47.91193
4514659062.5,-47.8956
4514660000.0,-47.9016
4514660937.5,-47.86879
4514661875.0,-47.89746
4514662812.5,-47.8392
4514663750.0,-47.9278
4514664687.5,-47.89784
4514665625.0,-47.91796
4514666562.5,-47.90709
4514667500.0,-47.88173
4514668437.5,-47.89413
4514669375.0,-47.95745
4514670312.5,-47.88993
4514671250.0,-47.90782
4514672187.5,-47.91146
4514673125.0,-47.93211
4514674062.5,-47.95435
4514675000.0,-47.88145
4514675937.5,-47.88615
4514676875.0,-47.90834
4514677812.5,-47.90832
4514678750.0,-47.92317
4514679687.5,-47.92617
4514680625.0,-47.9016
4514681562.5,-47.93599
4514682500.0,-47.92764
4514683437.5,-47.92439
4514684375.0,-47.91453
4514685312.5,-47.95308
4514686250.0,-47.95053
4514687187.5,-47.8831
4514688125.0,-47.91171
4514689062.5,-47.89919
4514690000.0,-47.92316
4514690937.5,-47.93849
4514691875.0,-47.92058
4514692812.5,-47.97945
4514693750.0,-47.93222
4514694687.5,-47.89301
4514695625.0,-47.94542
4514696562.5,-47.95815
4514697500.0,-47.94842
4514698437.5,-47.92775
4514699375.0,-47.95394
4514700312.5,-47.96273
4514701250.0,-47.98795
4514702187.5,-47.94418
4514703125.0,-47.93896
4514704062.5,-47.9638
4514705000.0,-47.95117
4514705937.5,-47.94971
4514706875.0,-47.96923
4514707812.5,-47.97768
4514708750.0,-47.94604
4514709687.5,-47.99825
4514710625.0,-47.94818
4514711562.5,-47.96112
4514712500.0,-48.01757
4514713437.5,-47.93684
4514714375.0,-48.02161
4514715312.5,-47.98103
4514716250.0,-47.95207
4514717187.5,-47.95987
4514718125.0,-47.95048
4514719062.5,-47.9579
4514720000.0,-47.95535
4514720937.5,-47.95855
4514721875.0,-48.0078
4514722812.5,-47.93202
4514723750.0,-48.01436
4514724687.5,-47.95584
4514725625.0,-48.0014
4514726562.5,-47.9487
4514727500.0,-47.93285
4514728437.5,-47.98739
4514729375.0,-47.96781
4514730312.5,-47.98208
4514731250.0,-48.00163
4514732187.5,-47.99458
4514733125.0,-47.99911
4514734062.5,-47.96172
4514735000.0,-47.96577
4514735937.5,-48.00434
4514736875.0,-47.98641
4514737812.5,-48.00157
4514738750.0,-47.98468
4514739687.5,-47.9906
4514740625.0,-47.96242
4514741562.5,-47.99574
4514742500.0,-47.95513
4514743437.5,-47.98819
4514744375.0,-47.99307
4514745312.5,-48.0138
4514746250.0,-48.02926
4514747187.5,-48.03999
4514748125.0,-47.98895
4514749062.5,-48.00039
4514750000.0,-48.00395
4514750937.5,-47.99343
4514751875.0,-48.00254
4514752812.5,-47.99425
4514753750.0,-48.02638
4514754687.5,-47.99095
4514755625.0,-48.03184
4514756562.5,-48.01848
4514757500.0,-48.02007
4514758437.5,-48.02485
4514759375.0,-48.02053
4514760312.5,-48.01768
4514761250.0,-48.04037
4514762187.5,-48.02549
4514763125.0,-48.04564
4514764062.5,-48.01011
4514765000.0,-48.07312
4514765937.5,-48.01473
4514766875.0,-48.06125
4514767812.5,-48.02643
4514768750.0,-48.07571
4514769687.5,-48.04048
4514770625.0,-48.00619
4514771562.5,-48.05742
4514772500.0,-48.06548
4514773437.5,-48.07313
4514774375.0,-47.98203
4514775312.5,-48.02584
4514776250.0,-48.06855
4514777187.5,-47.99946
4514778125.0,-48.04556
4514779062.5,-48.04601
4514780000.0,-48.06353
4514780937.5,-48.07502
4514781875.0,-48.02376
4514782812.5,-48.0615
4514783750.0,-48.01976
4514784687.5,-48.03161
4514785625.0,-48.02693
4514786562.5,-48.07169
4514787500.0,-48.0298
4514788437.5,-48.10652
4514789375.0,-48.10028
4514790312.5,-48.0729
4514791250.0,-48.02603
4514792187.5,-48.07173
4514793125.0,-48.05026
4514794062.5,-48.02887
4514795000.0,-48.0635
4514795937.5,-48.06343
4514796875.0,-48.08587
4514797812.5,-48.06565
4514798750.0,-48.01386
4514799687.5,-48.06746
4514800625.0,-48.06672
4514801562.5,-48.05232
4514802500.0,-48.07666
4514803437.5,-48.08545
4514804375.0,-48.07472
4514805312.5,-48.06906
4514806250.0,-48.05675
4514807187.5,-48.09009
4514808125.0,-48.09223
4514809062.5,-48.1053
4514810000.0,-48.12039
4514810937.5,-48.06316
4514811875.0,-48.07365
4514812812.5,-48.08955
4514813750.0,-48.08228
4514814687.5,-48.08183
4514815625.0,-48.04644
4514816562.5,-48.12811
4514817500.0,-48.11435
4514818437.5,-48.07782
4514819375.0,-48.0937
4514820312.5,-48.07057
4514821250.0,-48.13611
4514822187.5,-48.0967
4514823125.0,-48.1055
4514824062.5,-48.10115
4514825000.0,-48.09993
4514825937.5,-48.10061
4514826875.0,-48.09466
4514827812.5,-48.06239
4514828750.0,-48.08287
4514829687.5,-48.06604
4514830625.0,-48.10883
4514831562.5,-48.08162
4514832500.0,-48.13983
4514833437.5,-48.10961
4514834375.0,-48.10133
4514835312.5,-48.1083
4514836250.0,-48.08947
4514837187.5,-48.12391
4514838125.0,-48.08724
4514839062.5,-48.12067
4514840000.0,-48.15306
4514840937.5,-48.14202
4514841875.0,-48.13555
4514842812.5,-48.09512
4514843750.0,-48.12342
4514844687.5,-48.09597
4514845625.0,-48.0807
4514846562.5,-48.14481
4514847500.0,-48.11055
4514848437.5,-48.13947
4514849375.0,-48.13455
4514850312.5,-48.17725
4514851250.0,-48.13288
4514852187.5,-48.1452
4514853125.0,-48.10673
4514854062.5,-48.1289
4514855000.0,-48.12154
4514855937.5,-48.14859
4514856875.0,-48.13041
4514857812.5,-48.10376
4514858750.0,-48.14913
4514859687.5,-48.13239
4514860625.0,-48.13455
4514861562.5,-48.11137
4514862500.0,-48.12947
4514863437.5,-48.17632
4514864375.0,-48.19651
4514865312.5,-48.15351
4514866250.0,-48.14402
4514867187.5,-48.14244
4514868125.0,-48.13394
4514869062.5,-48.12013
4514870000.0,-48.15916
4514870937.5,-48.14033
4514871875.0,-48.15222
4514872812.5,-48.14659
4514873750.0,-48.14899
4514874687.5,-48.15751
4514875625.0,-48.17582
4514876562.5,-48.15152
4514877500.0,-48.19103
4514878437.5,-48.1415
4514879375.0,-48.16062
4514880312.5,-48.17197
4514881250.0,-48.19165
4514882187.5,-48.13585
4514883125.0,-48.16633
4514884062.5,-48.17053
4514885000.0,-48.12326
4514885937.5,-48.13435
4514886875.0,-48.13795
4514887812.5,-48.19832
4514888750.0,-48.14086
4514889687.5,-48.13702
4514890625.0,-48.1592
4514891562.5,-48.14763
4514892500.0,-48.13743
4514893437.5,-48.19551
4514894375.0,-48.21374
4514895312.5,-48.23941
4514896250.0,-48.17601
4514897187.5,-48.23305
4514898125.0,-48.20381
4514899062.5,-48.20855
4514900000.0,-48.19965
4514900937.5,-48.19067
4514901875.0,-48.1796
4514902812.5,-48.19715
4514903750.0,-48.16936
4514904687.5,-48.18156
4514905625.0,-48.1753
4514906562.5,-48.19765
4514907500.0,-48.23431
4514908437.5,-48.20609
4514909375.0,-48.19849
4514910312.5,-48.22447
4514911250.0,-48.17025
4514912187.5,-48.20959
4514913125.0,-48.24665
4514914062.5,-48.20966
4514915000.0,-48.17556
4514915937.5,-48.1793
4514916875.0,-48.21396
4514917812.5,-48.2429
4514918750.0,-48.22546
4514919687.5,-48.22436
4514920625.0,-48.19272
4514921562.5,-48.20333
4514922500.0,-48.22525
4514923437.5,-48.21011
4514924375.0,-48.20102
4514925312.5,-48.22933
4514926250.0,-48.25081
4514927187.5,-48.2459
4514928125.0,-48.21846
4514929062.5,-48.23221
4514930000.0,-48.22028
4514930937.5,-48.19715
4514931875.0,-48.21669
4514932812.5,-48.26206
4514933750.0,-48.18829
4514934687.5,-48.21373
4514935625.0,-48.24047
4514936562.5,-48.22068
4514937500.0,-48.20046
4514938437.5,-48.26199
4514939375.0,-48.20167
4514940312.5,-48.22672
4514941250.0,-48.21537
4514942187.5,-48.23974
4514943125.0,-48.24107
4514944062.5,-48.24475
4514945000.0,-48.2227
4514945937.5,-48.24936
4514946875.0,-48.28226
4514947812.5,-48.24919
4514948750.0,-48.22161
4514949687.5,-48.26115
4514950625.0,-48.25691
4514951562.5,-48.26866
4514952500.0,-48.28631
4514953437.5,-48.25441
4514954375.0,-48.24158
4514955312.5,-48.23006
4514956250.0,-48.28583
4514957187.5,-48.24452
4514958125.0,-48.2922
4514959062.5,-48.2633
4514960000.0,-48.26752
4514960937.5,-48.27177
4514961875.0,-48.29077
4514962812.5,-48.2566
4514963750.0,-48.30785
4514964687.5,-48.25502
4514965625.0,-48.25109
4514966562.5,-48.28256
4514967500.0,-48.27454
4514968437.5,-48.28103
4514969375.0,-48.23743
4514970312.5,-48.25287
4514971250.0,-48.24978
4514972187.5,-48.31105
4514973125.0,-48.25668
4514974062.5,-48.23135
4514975000.0,-48.25673
4514975937.5,-48.29991
4514976875.0,-48.23523
4514977812.5,-48.30756
4514978750.0,-48.26788
4514979687.5,-48.25979
4514980625.0,-48.26598
4514981562.5,-48.27147
4514982500.0,-48.28125
4514983437.5,-48.28288
4514984375.0,-48.25178
4514985312.5,-48.28883
4514986250.0,-48.27771
4514987187.5,-48.26232
4514988125.0,-48.31591
4514989062.5,-48.30533
4514990000.0,-48.31672
4514990937.5,-48.31956
4514991875.0,-48.29963
4514992812.5,-48.31065
4514993750.0,-48.30107
4514994687.5,-48.25276
4514995625.0,-48.33262
4514996562.5,-48.26669
4514997500.0,-48.30391
4514998437.5,-48.33028
4514999375.0,-48.30284
4515000312.5,-48.31496
4515001250.0,-48.307
4515002187.5,-48.29972
4515003125.0,-48.35383
4515004062.5,-48.3126
4515005000.0,-48.31392
4515005937.5,-48.29054
4515006875.0,-48.33625
4515007812.5,-48.31242
4515008750.0,-48.3257
4515009687.5,-48.2822
4515010625.0,-48.29821
4515011562.5,-48.36261
4515012500.0,-48.3094
4515013437.5,-48.31978
4515014375.0,-48.26925
4515015312.5,-48.31055
4515016250.0,-48.30881
4515017187.5,-48.32044
4515018125.0,-48.35192
4515019062.5,-48.31261
4515020000.0,-48.33346
4515020937.5,-48.32832
4515021875.0,-48.36889
4515022812.5,-48.32549
4515023750.0,-48.33273
4515024687.5,-48.30122
4515025625.0,-48.32511
4515026562.5,-48.34769
4515027500.0,-48.3439
4515028437.5,-48.31431
4515029375.0,-48.35592
4515030312.5,-48.37062
4515031250.0,-48.29982
4515032187.5,-48.36483
4515033125.0,-48.35245
4515034062.5,-48.34108
4515035000.0,-48.36284
4515035937.5,-48.36801
4515036875.0,-48.35849
4515037812.5,-48.30258
4515038750.0,-48.36582
4515039687.5,-48.28874
4515040625.0,-48.32804
4515041562.5,-48.31058
4515042500.0,-48.30468
4515043437.5,-48.3199
4515044375.0,-48.36253
4515045312.5,-48.38422
4515046250.0,-48.34637
4515047187.5,-48.34588
4515048125.0,-48.34814
4515049062.5,-48.35266
4515050000.0,-48.38086
4515050937.5,-48.35837
4515051875.0,-48.37706
4515052812.5,-48.38327
4515053750.0,-48.32743
4515054687.5,-48.38833
4515055625.0,-48.34521
4515056562.5,-48.38775
4515057500.0,-48.35831
4515058437.5,-48.37557
4515059375.0,-48.36039
4515060312.5,-48.37669
4515061250.0,-48.41082
4515062187.5,-48.42111
4515063125.0,-48.3764
4515064062.5,-48.30841
4515065000.0,-48.37413
4515065937.5,-48.3598
4515066875.0,-48.35925
4515067812.5,-48.35127
4515068750.0,-48.42488
4515069687.5,-48.3766
4515070625.0,-48.41407
4515071562.5,-48.3581
4515072500.0,-48.39209
4515073437.5,-48.35589
4515074375.0,-48.33598
4515075312.5,-48.40126
4515076250.0,-48.40732
4515077187.5,-48.36715
4515078125.0,-48.43998
4515079062.5,-48.33847
4515080000.0,-48.41351
4515080937.5,-48.37481
4515081875.0,-48.37121
4515082812.5,-48.38301
4515083750.0,-48.41544
4515084687.5,-48.41704
4515085625.0,-48.39176
4515086562.5,-48.41631
4515087500.0,-48.40102
4515088437.5,-48.34893
4515089375.0,-48.46478
4515090312.5,-48.41341
4515091250.0,-48.38932
4515092187.5,-48.39625
4515093125.0,-48.40165
4515094062.5,-48.40082
4515095000.0,-48.45428
4515095937.5,-48.40577
4515096875.0,-48.41938
4515097812.5,-48.41891
4515098750.0,-48.44304
4515099687.5,-48.3939
4515100625.0,-48.3769
4515101562.5,-48.45232
4515102500.0,-48.43655
4515103437.5,-48.42215
4515104375.0,-48.43277
4515105312.5,-48.39674
4515106250.0,-48.36065
4515107187.5,-48.3931
4515108125.0,-48.4333
4515109062.5,-48.43283
4515110000.0,-48.43436
4515110937.5,-48.42355
4515111875.0,-48.41447
4515112812.5,-48.40733
4515113750.0,-48.43336
4515114687.5,-48.43056
4515115625.0,-48.44238
4515116562.5,-48.40126
4515117500.0,-48.46149
4515118437.5,-48.42534
4515119375.0,-48.4463
4515120312.5,-48.45014
4515121250.0,-48.43599
4515122187.5,-48.45332
4515123125.0,-48.44452
4515124062.5,-48.39298
4515125000.0,-48.46963
4515125937.5,-48.41509
4515126875.0,-48.4405
4515127812.5,-48.48903
4515128750.0,-48.42715
4515129687.5,-48.44175
4515130625.0,-48.48067
4515131562.5,-48.43417
4515132500.0,-48.47352
4515133437.5,-48.44521
4515134375.0,-48.49129
4515135312.5,-48.46715
4515136250.0,-48.42149
4515137187.5,-48.42377
4515138125.0,-48.45229
4515139062.5,-48.45291
4515140000.0,-48.44608
4515140937.5,-48.46848
4515141875.0,-48.47899
4515142812.5,-48.42109
4515143750.0,-48.39252
4515144687.5,-48.48721
4515145625.0,-48.4425
4515146562.5,-48.4558
4515147500.0,-48.44302
4515148437.5,-48.44887
4515149375.0,-48.46394
4515150312.5,-48.51323
4515151250.0,-48.49091
4515152187.5,-48.47132
4515153125.0,-48.46591
4515154062.5,-48.52341
4515155000.0,-48.46834
4515155937.5,-48.50382
4515156875.0,-48.446
4515157812.5,-48.49556
4515158750.0,-48.4559
4515159687.5,-48.4673
4515160625.0,-48.47825
4515161562.5,-48.51697
4515162500.0,-48.47657
4515163437.5,-48.46607
4515164375.0,-48.54576
4515165312.5,-48.4729
4515166250.0,-48.47158
4515167187.5,-48.52778
4515168125.0,-48.46815
4515169062.5,-48.47639
4515170000.0,-48.49626
4515170937.5,-48.47894
4515171875.0,-48.43279
4515172812.5,-48.50022
4515173750.0,-48.47611
4515174687.5,-48.51314
4515175625.0,-48.46526
4515176562.5,-48.5223
4515177500.0,-48.5596
4515178437.5,-48.48494
4515179375.0,-48.48255
4515180312.5,-48.49173
4515181250.0,-48.51916
4515182187.5,-48.54524
4515183125.0,-48.49228
4515184062.5,-48.50166
4515185000.0,-48.52921
4515185937.5,-48.53981
4515186875.0,-48.55255
4515187812.5,-48.47969
4515188750.0,-48.58096
4515189687.5,-48.51386
4515190625.0,-48.5005
4515191562.5,-48.50407
4515192500.0,-48.51979
4515193437.5,-48.51804
4515194375.0,-48.51303
4515195312.5,-48.51529
4515196250.0,-48.57732
4515197187.5,-48.52199
4515198125.0,-48.60815
4515199062.5,-48.53062
4515200000.0,-48.55005
4515200937.5,-48.56865
4515201875.0,-48.55028
4515202812.5,-48.59309
4515203750.0,-48.55866
4515204687.5,-48.53072
4515205625.0,-48.50686
4515206562.5,-48.49696
4515207500.0,-48.55307
4515208437.5,-48.57852
4515209375.0,-48.52007
4515210312.5,-48.5639
4515211250.0,-48.53796
4515212187.5,-48.5514
4515213125.0,-48.55644
4515214062.5,-48.54816
4515215000.0,-48.57346
4515215937.5,-48.57326
4515216875.0,-48.53296
4515217812.5,-48.55371
4515218750.0,-48.5498
4515219687.5,-48.58096
4515220625.0,-48.56491
4515221562.5,-48.56817
4515222500.0,-48.56056
4515223437.5,-48.52657
4515224375.0,-48.58371
4515225312.5,-48.56101
4515226250.0,-48.57894
4515227187.5,-48.5548
4515228125.0,-48.58507
4515229062.5,-48.59165
4515230000.0,-48.5608
4515230937.5,-48.57349
4515231875.0,-48.53841
4515232812.5,-48.53988
4515233750.0,-48.57246
4515234687.5,-48.5506
4515235625.0,-48.51054
4515236562.5,-48.5259
4515237500.0,-48.5771
4515238437.5,-48.59668
4515239375.0,-48.54771
4515240312.5,-48.57483
4515241250.0,-48.56084
4515242187.5,-48.60352
4515243125.0,-48.57234
4515244062.5,-48.54034
4515245000.0,-48.56485
4515245937.5,-48.56076
4515246875.0,-48.58601
4515247812.5,-48.59961
4515248750.0,-48.55233
4515249687.5,-48.56818
4515250625.0,-48.56974
4515251562.5,-48.59616
4515252500.0,-48.58642
4515253437.5,-48.61571
4515254375.0,-48.58028
4515255312.5,-48.60177
4515256250.0,-48.59357
4515257187.5,-48.65923
4515258125.0,-48.60236
4515259062.5,-48.59964
4515260000.0,-48.60778
4515260937.5,-48.62249
4515261875.0,-48.5537
4515262812.5,-48.59811
4515263750.0,-48.56483
4515264687.5,-48.57698
4515265625.0,-48.5968
4515266562.5,-48.66322
4515267500.0,-48.59286
4515268437.5,-48.59613
4515269375.0,-48.66412
4515270312.5,-48.62068
4515271250.0,-48.59763
4515272187.5,-48.62379
4515273125.0,-48.61137
4515274062.5,-48.64669
4515275000.0,-48.58709
4515275937.5,-48.61913
4515276875.0,-48.59963
4515277812.5,-48.64115
4515278750.0,-48.60989
4515279687.5,-48.59844
4515280625.0,-48.60204
4515281562.5,-48.64587
4515282500.0,-48.63192
4515283437.5,-48.6274
4515284375.0,-48.68148
4515285312.5,-48.60195
4515286250.0,-48.66156
4515287187.5,-48.59891
4515288125.0,-48.59833
4515289062.5,-48.65231
4515290000.0,-48.69334
4515290937.5,-48.59127
4515291875.0,-48.65799
4515292812.5,-48.61493
4515293750.0,-48.65789
4515294687.5,-48.62131
4515295625.0,-48.61203
4515296562.5,-48.6289
4515297500.0,-48.64214
4515298437.5,-48.60772
4515299375.0,-48.68995
4515300312.5,-48.57989
4515301250.0,-48.61449
4515302187.5,-48.69494
4515303125.0,-48.60142
4515304062.5,-48.62284
4515305000.0,-48.65157
4515305937.5,-48.61832
4515306875.0,-48.69446
4515307812.5,-48.66053
4515308750.0,-48.63065
4515309687.5,-48.63529
4515310625.0,-48.66468
4515311562.5,-48.61801
4515312500.0,-48.64114
4515313437.5,-48.67849
4515314375.0,-48.62476
4515315312.5,-48.69592
4515316250.0,-48.64608
4515317187.5,-48.71569
4515318125.0,-48.6162
4515319062.5,-48.63737
4515320000.0,-48.67649
4515320937.5,-48.66227
4515321875.0,-48.67928
4515322812.5,-48.69339
4515323750.0,-48.6761
4515324687.5,-48.6909
4515325625.0,-48.64607
4515326562.5,-48.66304
4515327500.0,-48.72414
4515328437.5,-48.64138
4515329375.0,-48.68842
4515330312.5,-48.63965
4515331250.0,-48.69734
4515332187.5,-48.63512
4515333125.0,-48.70783
4515334062.5,-48.65113
4515335000.0,-48.71896
4515335937.5,-48.6913
4515336875.0,-48.69004
4515337812.5,-48.65064
4515338750.0,-48.68554
4515339687.5,-48.70975
4515340625.0,-48.63441
4515341562.5,-48.70869
4515342500.0,-48.69733
4515343437.5,-48.68242
4515344375.0,-48.68456
4515345312.5,-48.73878
4515346250.0,-48.64309
4515347187.5,-48.69081
4515348125.0,-48.69817
4515349062.5,-48.70341
4515350000.0,-48.66755
4515350937.5,-48.67464
4515351875.0,-48.73973
4515352812.5,-48.68486
4515353750.0,-48.71569
4515354687.5,-48.66363
4515355625.0,-48.70168
4515356562.5,-48.6973
4515357500.0,-48.7115
4515358437.5,-48.72482
4515359375.0,-48.71218
4515360312.5,-48.72581
4515361250.0,-48.69279
4515362187.5,-48.69333
4515363125.0,-48.69349
4515364062.5,-48.71298
4515365000.0,-48.73368
4515365937.5,-48.71416
4515366875.0,-48.68929
4515367812.5,-48.75917
4515368750.0,-48.71214
4515369687.5,-48.672
4515370625.0,-48.73858
4515371562.5,-48.70746
4515372500.0,-48.6904
4515373437.5,-48.74665
4515374375.0,-48.71945
4515375312.5,-48.69002
4515376250.0,-48.68756
4515377187.5,-48.71585
4515378125.0,-48.70638
4515379062.5,-48.74911
4515380000.0,-48.68356
4515380937.5,-48.72947
4515381875.0,-48.7307
4515382812.5,-48.74782
4515383750.0,-48.73164
4515384687.5,-48.7426
4515385625.0,-48.70795
4515386562.5,-48.70352
4515387500.0,-48.7754
4515388437.5,-48.69895
4515389375.0,-48.73305
4515390312.5,-48.7245
4515391250.0,-48.75311
4515392187.5,-48.73428
4515393125.0,-48.72287
4515394062.5,-48.74115
4515395000.0,-48.77954
4515395937.5,-48.78331
4515396875.0,-48.77222
4515397812.5,-48.76458
4515398750.0,-48.79765
4515399687.5,-48.81046
4515400625.0,-48.77593
4515401562.5,-48.76015
4515402500.0,-48.79687
4515403437.5,-48.79715
4515404375.0,-48.74478
4515405312.5,-48.77232
4515406250.0,-48.76896
4515407187.5,-48.75154
4515408125.0,-48.77736
4515409062.5,-48.74725
4515410000.0,-48.7142
4515410937.5,-48.78284
4515411875.0,-48.74036
4515412812.5,-48.72911
4515413750.0,-48.72762
4515414687.5,-48.82545
4515415625.0,-48.73555
4515416562.5,-48.73721
4515417500.0,-48.79293
4515418437.5,-48.78926
4515419375.0,-48.75541
4515420312.5,-48.74402
4515421250.0,-48.78798
4515422187.5,-48.79581
4515423125.0,-48.77129
4515424062.5,-48.77401
4515425000.0,-48.74984
4515425937.5,-48.77919
4515426875.0,-48.78547
4515427812.5,-48.79327
4515428750.0,-48.76424
4515429687.5,-48.7868
4515430625.0,-48.81922
4515431562.5,-48.80056
4515432500.0,-48.77839
4515433437.5,-48.81032
4515434375.0,-48.77044
4515435312.5,-48.83019
4515436250.0,-48.82447
4515437187.5,-48.82242
4515438125.0,-48.81377
4515439062.5,-48.87129
4515440000.0,-48.80041
4515440937.5,-48.77095
4515441875.0,-48.84935
4515442812.5,-48.73027
4515443750.0,-48.84975
4515444687.5,-48.77786
4515445625.0,-48.83963
4515446562.5,-48.87417
4515447500.0,-48.79865
4515448437.5,-48.80392
4515449375.0,-48.82981
4515450312.5,-48.81586
4515451250.0,-48.81828
4515452187.5,-48.80649
4515453125.0,-48.76164
4515454062.5,-48.81398
4515455000.0,-48.79387
4515455937.5,-48.85151
4515456875.0,-48.79256
4515457812.5,-48.83184
4515458750.0,-48.79732
4515459687.5,-48.80524
4515460625.0,-48.81954
4515461562.5,-48.81975
4515462500.0,-48.80259
4515463437.5,-48.78241
4515464375.0,-48.80955
4515465312.5,-48.83006
4515466250.0,-48.81803
4515467187.5,-48.81421
4515468125.0,-48.84298
4515469062.5,-48.84533
4515470000.0,-48.8525
4515470937.5,-48.84605
4515471875.0,-48.81937
4515472812.5,-48.83268
4515473750.0,-48.91114
4515474687.5,-48.7886
4515475625.0,-48.85065
4515476562.5,-48.85606
4515477500.0,-48.85637
4515478437.5,-48.827
4515479375.0,-48.8382
4515480312.5,-48.80923
4515481250.0,-48.85402
4515482187.5,-48.93797
4515483125.0,-48.82355
4515484062.5,-48.86273
4515485000.0,-48.86195
4515485937.5,-48.88634
4515486875.0,-48.90424
4515487812.5,-48.83323
4515488750.0,-48.87316
4515489687.5,-48.85905
4515490625.0,-48.86869
4515491562.5,-48.7934
4515492500.0,-48.83495
4515493437.5,-48.86901
4515494375.0,-48.85197
4515495312.5,-48.84018
4515496250.0,-48.88432
4515497187.5,-48.85165
4515498125.0,-48.87992
4515499062.5,-48.87846
4515500000.0,-48.9001
4515500937.5,-48.85431
4515501875.0,-48.85672
4515502812.5,-48.87869
4515503750.0,-48.8452
4515504687.5,-48.85389
4515505625.0,-48.88832
4515506562.5,-48.88654
4515507500.0,-48.89408
4515508437.5,-48.89017
4515509375.0,-48.88931
4515510312.5,-48.87835
4515511250.0,-48.84368
4515512187.5,-48.89827
4515513125.0,-48.83974
4515514062.5,-48.84829
4515515000.0,-48.90784
4515515937.5,-48.89622
4515516875.0,-48.89104
4515517812.5,-48.8918
4515518750.0,-48.90838
4515519687.5,-48.90009
4515520625.0,-48.87615
4515521562.5,-48.92204
4515522500.0,-48.85495
4515523437.5,-48.90667
4515524375.0,-48.8666
4515525312.5,-48.90797
4515526250.0,-48.89626
4515527187.5,-48.87487
4515528125.0,-48.91008
4515529062.5,-48.85423
4515530000.0,-48.84579
4515530937.5,-48.94423
4515531875.0,-48.88871
4515532812.5,-48.8975
4515533750.0,-48.92998
4515534687.5,-48.89861
4515535625.0,-48.90663
4515536562.5,-48.89576
4515537500.0,-48.88619
4515538437.5,-48.8777
4515539375.0,-48.96082
4515540312.5,-48.92554
4515541250.0,-48.95103
4515542187.5,-48.93549
4515543125.0,-48.92218
4515544062.5,-48.90043
4515545000.0,-48.94579
4515545937.5,-48.92263
4515546875.0,-48.93132
4515547812.5,-48.88435
4515548750.0,-48.90571
4515549687.5,-48.88733
4515550625.0,-48.87826
4515551562.5,-48.8776
4515552500.0,-48.90039
4515553437.5,-48.90532
4515554375.0,-48.92477
4515555312.5,-48.94407
4515556250.0,-48.93823
4515557187.5,-48.94578
4515558125.0,-48.94014
4515559062.5,-48.88936
4515560000.0,-48.91716
4515560937.5,-48.95397
4515561875.0,-48.98737
4515562812.5,-48.95816
4515563750.0,-48.91257
4515564687.5,-48.94296
4515565625.0,-48.92367
4515566562.5,-48.94408
4515567500.0,-48.91758
4515568437.5,-49.00021
4515569375.0,-48.9818
4515570312.5,-48.98223
4515571250.0,-48.94036
4515572187.5,-48.96564
4515573125.0,-48.95598
4515574062.5,-48.92443
4515575000.0,-48.98605
4515575937.5,-48.92801
4515576875.0,-48.9309
4515577812.5,-48.94516
4515578750.0,-48.92756
4515579687.5,-48.92838
4515580625.0,-48.889
4515581562.5,-48.96345
4515582500.0,-48.93639
4515583437.5,-48.98622
4515584375.0,-48.90669
4515585312.5,-48.96219
4515586250.0,-48.99352
4515587187.5,-48.91872
4515588125.0,-48.98165
4515589062.5,-48.88354
4515590000.0,-48.98026
4515590937.5,-48.99322
4515591875.0,-49.00464
4515592812.5,-48.98394
4515593750.0,-48.99877
4515594687.5,-49.01506
4515595625.0,-48.99178
4515596562.5,-48.9903
4515597500.0,-48.98175
4515598437.5,-48.96512
4515599375.0,-48.96155
4515600312.5,-48.9747
4515601250.0,-48.98378
4515602187.5,-48.96165
4515603125.0,-48.99268
4515604062.5,-48.953
4515605000.0,-48.99044
4515605937.5,-48.99861
4515606875.0,-49.00481
4515607812.5,-48.98102
4515608750.0,-48.98108
4515609687.5,-48.97435
4515610625.0,-49.01419
4515611562.5,-48.9841
4515612500.0,-48.99683
4515613437.5,-48.96866
4515614375.0,-48.96149
4515615312.5,-49.03279
4515616250.0,-49.04202
4515617187.5,-48.9906
4515618125.0,-48.96855
4515619062.5,-49.0165
4515620000.0,-48.99545
4515620937.5,-49.01408
4515621875.0,-48.9834
4515622812.5,-48.99959
4515623750.0,-48.98719
4515624687.5,-48.98256
4515625625.0,-49.00044
4515626562.5,-48.98494
4515627500.0,-49.0384
4515628437.5,-48.96149
4515629375.0,-49.00965
4515630312.5,-49.02341
4515631250.0,-48.99642
4515632187.5,-49.01084
4515633125.0,-49.05512
4515634062.5,-49.00647
4515635000.0,-48.96338
4515635937.5,-49.02951
4515636875.0,-49.03075
4515637812.5,-49.0239
4515638750.0,-48.95968
4515639687.5,-49.05399
4515640625.0,-49.0202
4515641562.5,-49.02232
4515642500.0,-49.01266
4515643437.5,-49.00162
4515644375.0,-49.00572
4515645312.5,-49.01522
4515646250.0,-49.04809
4515647187.5,-48.99458
4515648125.0,-49.00742
4515649062.5,-49.00174
4515650000.0,-49.03201
4515650937.5,-48.98796
4515651875.0,-49.08548
4515652812.5,-49.02726
4515653750.0,-49.06038
4515654687.5,-49.02454
4515655625.0,-49.05354
4515656562.5,-49.05632
4515657500.0,-49.00691
4515658437.5,-49.05039
4515659375.0,-49.07217
4515660312.5,-49.03547
4515661250.0,-49.04615
4515662187.5,-49.07108
4515663125.0,-49.02422
4515664062.5,-49.06148
4515665000.0,-49.08961
4515665937.5,-49.0404
4515666875.0,-49.05313
4515667812.5,-49.01942
4515668750.0,-49.05635
4515669687.5,-49.03352
4515670625.0,-49.08608
4515671562.5,-49.03762
4515672500.0,-48.99226
4515673437.5,-49.01943
4515674375.0,-49.08094
4515675312.5,-49.09254
4515676250.0,-49.03132
4515677187.5,-49.02498
4515678125.0,-49.05361
4515679062.5,-49.08174
4515680000.0,-49.10266
4515680937.5,-49.02101
4515681875.0,-49.04016
4515682812.5,-49.09042
4515683750.0,-49.08864
4515684687.5,-49.06514
4515685625.0,-49.05436
4515686562.5,-49.05583
4515687500.0,-49.04996
4515688437.5,-49.02124
4515689375.0,-49.04951
4515690312.5,-49.02544
4515691250.0,-49.06271
4515692187.5,-49.08842
4515693125.0,-49.09566
4515694062.5,-49.08491
4515695000.0,-49.09856
4515695937.5,-49.05776
4515696875.0,-49.07666
4515697812.5,-49.12073
4515698750.0,-49.06161
4515699687.5,-49.13376
4515700625.0,-49.12589
4515701562.5,-49.04686
4515702500.0,-49.05431
4515703437.5,-49.06507
4515704375.0,-49.07153
4515705312.5,-49.10181
4515706250.0,-49.04688
4515707187.5,-49.11921
4515708125.0,-49.09791
4515709062.5,-49.11075
4515710000.0,-49.10135
4515710937.5,-49.13375
4515711875.0,-49.09558
4515712812.5,-49.09946
4515713750.0,-49.11332
4515714687.5,-49.07628
4515715625.0,-49.15601
4515716562.5,-49.06142
4515717500.0,-49.0949
4515718437.5,-49.13711
4515719375.0,-49.06144
4515720312.5,-49.10856
4515721250.0,-49.14319
4515722187.5,-49.0703
4515723125.0,-49.13277
4515724062.5,-49.07559
4515725000.0,-49.11545
4515725937.5,-49.07853
4515726875.0,-49.08203
4515727812.5,-49.14072
4515728750.0,-49.10867
4515729687.5,-49.06597
4515730625.0,-49.11845
4515731562.5,-49.08452
4515732500.0,-49.16416
4515733437.5,-49.19005
4515734375.0,-49.14974
4515735312.5,-49.10696
4515736250.0,-49.06612
4515737187.5,-49.12544
4515738125.0,-49.14393
4515739062.5,-49.16118
4515740000.0,-49.14575
4515740937.5,-49.15271
4515741875.0,-49.15877
4515742812.5,-49.15044
4515743750.0,-49.15276
4515744687.5,-49.12329
4515745625.0,-49.14114
4515746562.5,-49.1167
4515747500.0,-49.13498
4515748437.5,-49.12252
4515749375.0,-49.04733
4515750312.5,-49.14369
4515751250.0,-49.13083
4515752187.5,-49.1245
4515753125.0,-49.13383
4515754062.5,-49.13926
4515755000.0,-49.09626
4515755937.5,-49.20743
4515756875.0,-49.14457
4515757812.5,-49.15112
4515758750.0,-49.18996
4515759687.5,-49.15755
4515760625.0,-49.19936
4515761562.5,-49.16077
4515762500.0,-49.15124
4515763437.5,-49.11385
4515764375.0,-49.18382
4515765312.5,-49.14096
4515766250.0,-49.16132
4515767187.5,-49.22726
4515768125.0,-49.11015
4515769062.5,-49.16024
4515770000.0,-49.1309
4515770937.5,-49.21416
4515771875.0,-49.19048
4515772812.5,-49.13379
4515773750.0,-49.13065
4515774687.5,-49.14699
4515775625.0,-49.18508
4515776562.5,-49.17233
4515777500.0,-49.14141
4515778437.5,-49.16489
4515779375.0,-49.19336
4515780312.5,-49.16321
4515781250.0,-49.1634
4515782187.5,-49.16198
4515783125.0,-49.16853
4515784062.5,-49.16795
4515785000.0,-49.14856
4515785937.5,-49.19928
4515786875.0,-49.17885
4515787812.5,-49.17821
4515788750.0,-49.17152
4515789687.5,-49.16202
4515790625.0,-49.1759
4515791562.5,-49.16695
4515792500.0,-49.20565
4515793437.5,-49.19362
4515794375.0,-49.23927
4515795312.5,-49.19979
4515796250.0,-49.20584
4515797187.5,-49.2144
4515798125.0,-49.18647
4515799062.5,-49.14882
4515800000.0,-49.20459
4515800937.5,-49.18969
4515801875.0,-49.18243
4515802812.5,-49.19428
4515803750.0,-49.17741
4515804687.5,-49.23886
4515805625.0,-49.20213
4515806562.5,-49.21013
4515807500.0,-49.16633
4515808437.5,-49.18689
4515809375.0,-49.24066
4515810312.5,-49.19993
4515811250.0,-49.13984
4515812187.5,-49.14656
4515813125.0,-49.20014
4515814062.5,-49.18171
4515815000.0,-49.17474
4515815937.5,-49.21905
4515816875.0,-49.18161
4515817812.5,-49.26695
4515818750.0,-49.24762
4515819687.5,-49.23604
4515820625.0,-49.22769
4515821562.5,-49.22798
4515822500.0,-49.24434
4515823437.5,-49.23793
4515824375.0,-49.20549
4515825312.5,-49.2087
4515826250.0,-49.23975
4515827187.5,-49.17303
4515828125.0,-49.23174
4515829062.5,-49.20198
4515830000.0,-49.22624
4515830937.5,-49.26523
4515831875.0,-49.17865
4515832812.5,-49.24723
4515833750.0,-49.22678
4515834687.5,-49.2269
4515835625.0,-49.19395
4515836562.5,-49.19552
4515837500.0,-49.22041
4515838437.5,-49.175
4515839375.0,-49.20847
4515840312.5,-49.24731
4515841250.0,-49.2179
4515842187.5,-49.20677
4515843125.0,-49.19747
4515844062.5,-49.2693
4515845000.0,-49.18208
4515845937.5,-49.25329
4515846875.0,-49.24112
4515847812.5,-49.26612
4515848750.0,-49.21343
4515849687.5,-49.22855
4515850625.0,-49.24432
4515851562.5,-49.2775
4515852500.0,-49.20034
4515853437.5,-49.2379
4515854375.0,-49.20752
4515855312.5,-49.23196
4515856250.0,-49.24708
4515857187.5,-49.2716
4515858125.0,-49.26954
4515859062.5,-49.24586
4515860000.0,-49.23398
4515860937.5,-49.26664
4515861875.0,-49.2823
4515862812.5,-49.21452
4515863750.0,-49.25793
4515864687.5,-49.27207
4515865625.0,-49.26141
4515866562.5,-49.25417
4515867500.0,-49.27912
4515868437.5,-49.24912
4515869375.0,-49.24358
4515870312.5,-49.2594
4515871250.0,-49.23292
4515872187.5,-49.29346
4515873125.0,-49.23163
4515874062.5,-49.34599
4515875000.0,-49.25114
4515875937.5,-49.29265
4515876875.0,-49.23935
4515877812.5,-49.30527
4515878750.0,-49.29705
4515879687.5,-49.25927
4515880625.0,-49.28291
4515881562.5,-49.30954
4515882500.0,-49.24816
4515883437.5,-49.29761
4515884375.0,-49.26257
4515885312.5,-49.29309
4515886250.0,-49.27367
4515887187.5,-49.24966
4515888125.0,-49.24686
4515889062.5,-49.32002
4515890000.0,-49.30995
4515890937.5,-49.33821
4515891875.0,-49.30009
4515892812.5,-49.29493
4515893750.0,-49.25068
4515894687.5,-49.30876
4515895625.0,-49.2424
4515896562.5,-49.27744
4515897500.0,-49.26293
4515898437.5,-49.304
4515899375.0,-49.26134
4515900312.5,-49.31743
4515901250.0,-49.30492
4515902187.5,-49.25795
4515903125.0,-49.29457
4515904062.5,-49.26868
4515905000.0,-49.28326
4515905937.5,-49.37926
4515906875.0,-49.32654
4515907812.5,-49.26795
4515908750.0,-49.2811
4515909687.5,-49.31009
4515910625.0,-49.31452
4515911562.5,-49.33228
4515912500.0,-49.2759
4515913437.5,-49.35925
4515914375.0,-49.4003
4515915312.5,-49.32339
4515916250.0,-49.26872
4515917187.5,-49.34958
4515918125.0,-49.34619
4515919062.5,-49.3049
4515920000.0,-49.33287
4515920937.5,-49.34693
4515921875.0,-49.29231
4515922812.5,-49.31402
4515923750.0,-49.3028
4515924687.5,-49.29464
4515925625.0,-49.37904
4515926562.5,-49.2868
4515927500.0,-49.32449
4515928437.5,-49.29218
4515929375.0,-49.29984
4515930312.5,-49.36229
4515931250.0,-49.32911
4515932187.5,-49.37738
4515933125.0,-49.34457
4515934062.5,-49.31697
4515935000.0,-49.35234
4515935937.5,-49.29469
4515936875.0,-49.32585
4515937812.5,-49.30979
4515938750.0,-49.30228
4515939687.5,-49.34376
4515940625.0,-49.32246
4515941562.5,-49.32206
4515942500.0,-49.29589
4515943437.5,-49.34658
4515944375.0,-49.32954
4515945312.5,-49.37085
4515946250.0,-49.3226
4515947187.5,-49.36555
4515948125.0,-49.31492
4515949062.5,-49.33765
4515950000.0,-49.34039
4515950937.5,-49.41691
4515951875.0,-49.28988
4515952812.5,-49.32391
4515953750.0,-49.35142
4515954687.5,-49.32732
4515955625.0,-49.37889
4515956562.5,-49.36998
4515957500.0,-49.37014
4515958437.5,-49.3268
4515959375.0,-49.34251
4515960312.5,-49.33884
4515961250.0,-49.3635
4515962187.5,-49.36056
4515963125.0,-49.34704
4515964062.5,-49.4086
4515965000.0,-49.32965
4515965937.5,-49.41934
4515966875.0,-49.34869
4515967812.5,-49.35478
4515968750.0,-49.3639
4515969687.5,-49.37263
4515970625.0,-49.40144
4515971562.5,-49.3014
4515972500.0,-49.35389
4515973437.5,-49.36969
4515974375.0,-49.38066
4515975312.5,-49.36256
4515976250.0,-49.33918
4515977187.5,-49.37932
4515978125.0,-49.37033
4515979062.5,-49.36602
4515980000.0,-49.33168
4515980937.5,-49.36022
4515981875.0,-49.39675
4515982812.5,-49.43251
4515983750.0,-49.39084
4515984687.5,-49.33617
4515985625.0,-49.40652
4515986562.5,-49.35745
4515987500.0,-49.37077
4515988437.5,-49.39684
4515989375.0,-49.37029
4515990312.5,-49.36004
4515991250.0,-49.40201
4515992187.5,-49.38845
4515993125.0,-49.40874
4515994062.5,-49.45317
4515995000.0,-49.41158
4515995937.5,-49.36764
4515996875.0,-49.33913
4515997812.5,-49.37033
4515998750.0,-49.38435
4515999687.5,-49.39934
4516000625.0,-49.35172
4516001562.5,-49.40988
4516002500.0,-49.36465
4516003437.5,-49.4041
4516004375.0,-49.42946
4516005312.5,-49.45607
4516006250.0,-49.39492
4516007187.5,-49.39145
4516008125.0,-49.38239
4516009062.5,-49.38832
4516010000.0,-49.38369
4516010937.5,-49.39578
4516011875.0,-49.3663
4516012812.5,-49.44707
4516013750.0,-49.39072
4516014687.5,-49.39194
4516015625.0,-49.45826
4516016562.5,-49.42834
4516017500.0,-49.36677
4516018437.5,-49.41425
4516019375.0,-49.41512
4516020312.5,-49.39875
4516021250.0,-49.38376
4516022187.5,-49.44524
4516023125.0,-49.37405
4516024062.5,-49.44044
4516025000.0,-49.39518
4516025937.5,-49.38564
4516026875.0,-49.39824
4516027812.5,-49.47868
4516028750.0,-49.4371
4516029687.5,-49.41461
4516030625.0,-49.42535
4516031562.5,-49.37505
4516032500.0,-49.42652
4516033437.5,-49.46655
4516034375.0,-49.38604
4516035312.5,-49.42989
4516036250.0,-49.49216
4516037187.5,-49.43124
4516038125.0,-49.47473
4516039062.5,-49.45792
4516040000.0,-49.43284
4516040937.5,-49.36818
4516041875.0,-49.49329
4516042812.5,-49.40762
4516043750.0,-49.45105
4516044687.5,-49.44372
4516045625.0,-49.4758
4516046562.5,-49.46484
4516047500.0,-49.47962
4516048437.5,-49.46464
4516049375.0,-49.46443
4516050312.5,-49.44756
4516051250.0,-49.45421
4516052187.5,-49.42724
4516053125.0,-49.45301
4516054062.5,-49.39834
4516055000.0,-49.42617
4516055937.5,-49.42596
4516056875.0,-49.47184
4516057812.5,-49.46222
4516058750.0,-49.41167
4516059687.5,-49.41173
4516060625.0,-49.3918
4516061562.5,-49.41009
4516062500.0,-49.41019
4516063437.5,-49.51565
4516064375.0,-49.4429
4516065312.5,-49.4682
4516066250.0,-49.36777
4516067187.5,-49.45478
4516068125.0,-49.47997
4516069062.5,-49.48145
4516070000.0,-49.47187
4516070937.5,-49.41185
4516071875.0,-49.4851
4516072812.5,-49.47882
4516073750.0,-49.49699
4516074687.5,-49.49076
4516075625.0,-49.41603
4516076562.5,-49.47074
4516077500.0,-49.47485
4516078437.5,-49.50006
4516079375.0,-49.44424
4516080312.5,-49.48344
4516081250.0,-49.43
4516082187.5,-49.51455
4516083125.0,-49.4523
4516084062.5,-49.54446
4516085000.0,-49.45636
4516085937.5,-49.4725
4516086875.0,-49.53008
4516087812.5,-49.4884
4516088750.0,-49.50854
4516089687.5,-49.52118
4516090625.0,-49.50038
4516091562.5,-49.48469
4516092500.0,-49.49778
4516093437.5,-49.44061
4516094375.0,-49.50226
4516095312.5,-49.51615
4516096250.0,-49.5139
4516097187.5,-49.50434
4516098125.0,-49.48392
4516099062.5,-49.51241
4516100000.0,-49.50331
4516100937.5,-49.50739
4516101875.0,-49.52787
4516102812.5,-49.50383
4516103750.0,-49.52741
4516104687.5,-49.49614
4516105625.0,-49.48118
4516106562.5,-49.51609
4516107500.0,-49.48955
4516108437.5,-49.49992
4516109375.0,-49.5167
4516110312.5,-49.51307
4516111250.0,-49.50024
4516112187.5,-49.51904
4516113125.0,-49.46519
4516114062.5,-49.58091
4516115000.0,-49.49413
4516115937.5,-49.47705
4516116875.0,-49.48569
4516117812.5,-49.5262
4516118750.0,-49.50623
4516119687.5,-49.4924
4516120625.0,-49.57768
4516121562.5,-49.4823
4516122500.0,-49.53959
4516123437.5,-49.52147
4516124375.0,-49.59237
4516125312.5,-49.51974
4516126250.0,-49.51121
4516127187.5,-49.52099
4516128125.0,-49.56269
4516129062.5,-49.46935
4516130000.0,-49.51886
4516130937.5,-49.59656
4516131875.0,-49.53037
4516132812.5,-49.51926
4516133750.0,-49.56976
4516134687.5,-49.52595
4516135625.0,-49.51372
4516136562.5,-49.52434
4516137500.0,-49.55362
4516138437.5,-49.56678
4516139375.0,-49.52694
4516140312.5,-49.54765
4516141250.0,-49.56933
4516142187.5,-49.49548
4516143125.0,-49.53071
4516144062.5,-49.54134
4516145000.0,-49.5589
4516145937.5,-49.56174
4516146875.0,-49.5834
4516147812.5,-49.53253
4516148750.0,-49.58397
4516149687.5,-49.54579
4516150625.0,-49.60286
4516151562.5,-49.54192
4516152500.0,-49.53451
4516153437.5,-49.55938
4516154375.0,-49.57872
4516155312.5,-49.57115
4516156250.0,-49.56649
4516157187.5,-49.55737
4516158125.0,-49.59994
4516159062.5,-49.53936
4516160000.0,-49.58899
4516160937.5,-49.54975
4516161875.0,-49.56612
4516162812.5,-49.55467
4516163750.0,-49.55317
4516164687.5,-49.53362
4516165625.0,-49.56043
4516166562.5,-49.61269
4516167500.0,-49.59781
4516168437.5,-49.60056
4516169375.0,-49.55302
4516170312.5,-49.59385
4516171250.0,-49.56371
4516172187.5,-49.56207
4516173125.0,-49.52661
4516174062.5,-49.56672
4516175000.0,-49.59257
4516175937.5,-49.59783
4516176875.0,-49.5938
4516177812.5,-49.6011
4516178750.0,-49.55179
4516179687.5,-49.56023
4516180625.0,-49.65438
4516181562.5,-49.57075
4516182500.0,-49.59628
4516183437.5,-49.59679
4516184375.0,-49.59714
4516185312.5,-49.56821
4516186250.0,-49.63109
4516187187.5,-49.59296
4516188125.0,-49.57597
4516189062.5,-49.62647
4516190000.0,-49.57291
4516190937.5,-49.58719
4516191875.0,-49.6084
4516192812.5,-49.58657
4516193750.0,-49.5684
4516194687.5,-49.6347
4516195625.0,-49.59875
4516196562.5,-49.54583
4516197500.0,-49.55861
4516198437.5,-49.60257
4516199375.0,-49.63538
4516200312.5,-49.64797
4516201250.0,-49.62196
4516202187.5,-49.59176
4516203125.0,-49.62202
4516204062.5,-49.61825
4516205000.0,-49.61705
4516205937.5,-49.56448
4516206875.0,-49.56498
4516207812.5,-49.62094
4516208750.0,-49.61525
4516209687.5,-49.65794
4516210625.0,-49.58758
4516211562.5,-49.64237
4516212500.0,-49.59077
4516213437.5,-49.63582
4516214375.0,-49.54052
4516215312.5,-49.62695
4516216250.0,-49.67934
4516217187.5,-49.60424
4516218125.0,-49.64491
4516219062.5,-49.67305
4516220000.0,-49.60185
4516220937.5,-49.59235
4516221875.0,-49.63675
4516222812.5,-49.60831
4516223750.0,-49.60963
4516224687.5,-49.65552
4516225625.0,-49.6514
4516226562.5,-49.63781
4516227500.0,-49.63666
4516228437.5,-49.64386
4516229375.0,-49.62404
4516230312.5,-49.66015
4516231250.0,-49.61811
4516232187.5,-49.61978
4516233125.0,-49.60903
4516234062.5,-49.63429
4516235000.0,-49.63385
4516235937.5,-49.60972
4516236875.0,-49.63454
4516237812.5,-49.62427
4516238750.0,-49.62492
4516239687.5,-49.62825
4516240625.0,-49.62439
4516241562.5,-49.6689
4516242500.0,-49.59819
4516243437.5,-49.64473
4516244375.0,-49.59356
4516245312.5,-49.6199
4516246250.0,-49.7005
4516247187.5,-49.6033
4516248125.0,-49.66917
4516249062.5,-49.66032
4516250000.0,-49.73356
4516250937.5,-49.62568
4516251875.0,-49.62096
4516252812.5,-49.63118
4516253750.0,-49.66755
4516254687.5,-49.65241
4516255625.0,-49.65451
4516256562.5,-49.66734
4516257500.0,-49.64046
4516258437.5,-49.68968
4516259375.0,-49.60309
4516260312.5,-49.70876
4516261250.0,-49.66959
4516262187.5,-49.65987
4516263125.0,-49.60441
4516264062.5,-49.64894
4516265000.0,-49.6272
4516265937.5,-49.70284
4516266875.0,-49.68544
4516267812.5,-49.69464
4516268750.0,-49.64394
4516269687.5,-49.64133
4516270625.0,-49.62057
4516271562.5,-49.66827
4516272500.0,-49.63257
4516273437.5,-49.67231
4516274375.0,-49.68184
4516275312.5,-49.67601
4516276250.0,-49.68705
4516277187.5,-49.66538
4516278125.0,-49.63745
4516279062.5,-49.72749
4516280000.0,-49.70305
4516280937.5,-49.65224
4516281875.0,-49.68747
4516282812.5,-49.70558
4516283750.0,-49.68009
4516284687.5,-49.70064
4516285625.0,-49.69009
4516286562.5,-49.75395
4516287500.0,-49.7038
4516288437.5,-49.73009
4516289375.0,-49.63398
4516290312.5,-49.69242
4516291250.0,-49.61479
4516292187.5,-49.70997
4516293125.0,-49.71404
4516294062.5,-49.72466
4516295000.0,-49.69261
4516295937.5,-49.69803
4516296875.0,-49.63527
4516297812.5,-49.72521
4516298750.0,-49.67097
4516299687.5,-49.69808
4516300625.0,-49.69293
4516301562.5,-49.7445
4516302500.0,-49.7442
4516303437.5,-49.68103
4516304375.0,-49.77597
4516305312.5,-49.73756
4516306250.0,-49.69992
4516307187.5,-49.67479
4516308125.0,-49.72177
4516309062.5,-49.74808
4516310000.0,-49.70249
4516310937.5,-49.73644
4516311875.0,-49.69011
4516312812.5,-49.69875
4516313750.0,-49.72475
4516314687.5,-49.72659
4516315625.0,-49.7556
4516316562.5,-49.69922
4516317500.0,-49.72189
4516318437.5,-49.70075
4516319375.0,-49.73398
4516320312.5,-49.70406
4516321250.0,-49.74004
4516322187.5,-49.69135
4516323125.0,-49.74072
4516324062.5,-49.73367
4516325000.0,-49.74727
4516325937.5,-49.68605
4516326875.0,-49.7274
4516327812.5,-49.77492
4516328750.0,-49.72266
4516329687.5,-49.7346
4516330625.0,-49.73335
4516331562.5,-49.7975
4516332500.0,-49.79413
4516333437.5,-49.69834
4516334375.0,-49.70394
4516335312.5,-49.74506
4516336250.0,-49.7809
4516337187.5,-49.73967
4516338125.0,-49.73192
4516339062.5,-49.72715
4516340000.0,-49.71795
4516340937.5,-49.70025
4516341875.0,-49.68002
4516342812.5,-49.77212
4516343750.0,-49.76208
4516344687.5,-49.74371
4516345625.0,-49.739
4516346562.5,-49.71391
4516347500.0,-49.74099
4516348437.5,-49.77955
4516349375.0,-49.7561
4516350312.5,-49.73161
4516351250.0,-49.79341
4516352187.5,-49.77424
4516353125.0,-49.73272
4516354062.5,-49.74571
4516355000.0,-49.78872
4516355937.5,-49.7702
4516356875.0,-49.7381
4516357812.5,-49.77248
4516358750.0,-49.73751
4516359687.5,-49.7655
4516360625.0,-49.78045
4516361562.5,-49.78655
4516362500.0,-49.82346
4516363437.5,-49.73896
4516364375.0,-49.74484
4516365312.5,-49.78026
4516366250.0,-49.7559
4516367187.5,-49.74826
4516368125.0,-49.76282
4516369062.5,-49.75968
4516370000.0,-49.78877
4516370937.5,-49.788
4516371875.0,-49.79517
4516372812.5,-49.73152
4516373750.0,-49.78399
4516374687.5,-49.74788
4516375625.0,-49.77129
4516376562.5,-49.72634
4516377500.0,-49.73653
4516378437.5,-49.74073
4516379375.0,-49.76332
4516380312.5,-49.77312
4516381250.0,-49.75596
4516382187.5,-49.77993
4516383125.0,-49.73206
4516384062.5,-49.7855
4516385000.0,-49.7517
4516385937.5,-49.79152
4516386875.0,-49.77111
4516387812.5,-49.79602
4516388750.0,-49.79346
4516389687.5,-49.82875
4516390625.0,-49.82445
4516391562.5,-49.76669
4516392500.0,-49.85045
4516393437.5,-49.77698
4516394375.0,-49.80208
4516395312.5,-49.82117
4516396250.0,-49.79947
4516397187.5,-49.88326
4516398125.0,-49.8198
4516399062.5,-49.81791
4516400000.0,-49.78284
4516400937.5,-49.80627
4516401875.0,-49.77772
4516402812.5,-49.80013
4516403750.0,-49.78606
4516404687.5,-49.77121
4516405625.0,-49.7711
4516406562.5,-49.78637
4516407500.0,-49.78951
4516408437.5,-49.87053
4516409375.0,-49.80276
4516410312.5,-49.80003
4516411250.0,-49.83622
4516412187.5,-49.8301
4516413125.0,-49.77521
4516414062.5,-49.83017
4516415000.0,-49.83963
4516415937.5,-49.78592
4516416875.0,-49.81005
4516417812.5,-49.82737
4516418750.0,-49.79961
4516419687.5,-49.81925
4516420625.0,-49.79694
4516421562.5,-49.83492
4516422500.0,-49.88753
4516423437.5,-49.86184
4516424375.0,-49.87054
4516425312.5,-49.8238
4516426250.0,-49.83438
4516427187.5,-49.86186
4516428125.0,-49.82874
4516429062.5,-49.82455
4516430000.0,-49.80557
4516430937.5,-49.77011
4516431875.0,-49.85001
4516432812.5,-49.82986
4516433750.0,-49.82367
4516434687.5,-49.87156
4516435625.0,-49.82875
4516436562.5,-49.82917
4516437500.0,-49.81714
4516438437.5,-49.87721
4516439375.0,-49.81832
4516440312.5,-49.81541
4516441250.0,-49.83441
4516442187.5,-49.88176
4516443125.0,-49.81284
4516444062.5,-49.83401
4516445000.0,-49.81107
4516445937.5,-49.88376
4516446875.0,-49.85649
4516447812.5,-49.87603
4516448750.0,-49.81014
4516449687.5,-49.85038
4516450625.0,-49.85451
4516451562.5,-49.81745
4516452500.0,-49.8413
4516453437.5,-49.81897
4516454375.0,-49.88122
4516455312.5,-49.77978
4516456250.0,-49.88888
4516457187.5,-49.92084
4516458125.0,-49.82208
4516459062.5,-49.84414
4516460000.0,-49.8454
4516460937.5,-49.8959
4516461875.0,-49.89043
4516462812.5,-49.8615
4516463750.0,-49.85778
4516464687.5,-49.84148
4516465625.0,-49.86071
4516466562.5,-49.85555
4516467500.0,-49.84631
4516468437.5,-49.89752
4516469375.0,-49.7934
4516470312.5,-49.8242
4516471250.0,-49.90065
4516472187.5,-49.85268
4516473125.0,-49.89423
4516474062.5,-49.86856
4516475000.0,-49.91741
4516475937.5,-49.86026
4516476875.0,-49.88364
4516477812.5,-49.83199
4516478750.0,-49.88997
4516479687.5,-49.8802
4516480625.0,-49.84521
4516481562.5,-49.86406
4516482500.0,-49.84649
4516483437.5,-49.88556
4516484375.0,-49.83651
4516485312.5,-49.88396
4516486250.0,-49.90961
4516487187.5,-49.87495
4516488125.0,-49.86117
4516489062.5,-49.89857
4516490000.0,-49.83408
4516490937.5,-49.86433
4516491875.0,-49.90892
4516492812.5,-49.90101
4516493750.0,-49.94227
4516494687.5,-49.92137
4516495625.0,-49.89639
4516496562.5,-49.9646
4516497500.0,-49.88982
4516498437.5,-49.90918
4516499375.0,-49.93654
4516500312.5,-49.89551
4516501250.0,-49.93556
4516502187.5,-49.85432
4516503125.0,-49.90813
4516504062.5,-49.88734
4516505000.0,-49.94504
4516505937.5,-49.94185
4516506875.0,-49.90607
4516507812.5,-49.93578
4516508750.0,-49.9461
4516509687.5,-49.90265
4516510625.0,-49.92642
4516511562.5,-49.95084
4516512500.0,-49.88674
4516513437.5,-49.97169
4516514375.0,-49.88483
4516515312.5,-49.9855
4516516250.0,-49.94617
4516517187.5,-49.90207
4516518125.0,-49.94213
4516519062.5,-49.93692
4516520000.0,-49.92498
4516520937.5,-49.90031
4516521875.0,-49.91861
4516522812.5,-49.95396
4516523750.0,-49.90202
4516524687.5,-49.93112
4516525625.0,-49.91884
4516526562.5,-49.91032
4516527500.0,-49.93399
4516528437.5,-49.92477
4516529375.0,-49.93683
4516530312.5,-49.94233
4516531250.0,-49.95934
4516532187.5,-49.88205
4516533125.0,-49.93678
4516534062.5,-49.91748
4516535000.0,-49.92839
4516535937.5,-49.95794
4516536875.0,-49.93637
4516537812.5,-49.92179
4516538750.0,-49.93924
4516539687.5,-49.95028
4516540625.0,-49.96879
4516541562.5,-49.93374
4516542500.0,-49.93161
4516543437.5,-49.9676
4516544375.0,-49.96442
4516545312.5,-49.92564
4516546250.0,-49.93311
4516547187.5,-49.95831
4516548125.0,-49.93305
4516549062.5,-49.94774
4516550000.0,-49.97223
4516550937.5,-49.92572
4516551875.0,-49.93778
4516552812.5,-49.89925
4516553750.0,-49.9598
4516554687.5,-49.9939
4516555625.0,-49.93932
4516556562.5,-49.8598
4516557500.0,-49.94663
4516558437.5,-50.0484
4516559375.0,-49.96371
4516560312.5,-49.98877
4516561250.0,-49.94799
4516562187.5,-49.97597
4516563125.0,-49.91078
4516564062.5,-49.95027
4516565000.0,-49.94415
4516565937.5,-49.95295
4516566875.0,-49.94762
4516567812.5,-49.96591
4516568750.0,-49.94333
4516569687.5,-49.94814
4516570625.0,-49.99035
4516571562.5,-49.96788
4516572500.0,-49.94408
4516573437.5,-49.93337
4516574375.0,-49.95446
4516575312.5,-49.95639
4516576250.0,-49.95739
4516577187.5,-49.92606
4516578125.0,-49.9529
4516579062.5,-50.00462
4516580000.0,-49.9784
4516580937.5,-50.00261
4516581875.0,-49.97068
4516582812.5,-49.9961
4516583750.0,-49.99754
4516584687.5,-49.99265
4516585625.0,-50.01614
4516586562.5,-50.01689
4516587500.0,-50.04587
4516588437.5,-50.06001
4516589375.0,-50.05961
4516590312.5,-49.94318
4516591250.0,-49.98061
4516592187.5,-49.94155
4516593125.0,-49.99376
4516594062.5,-49.99371
4516595000.0,-50.01274
4516595937.5,-49.96064
4516596875.0,-50.00455
4516597812.5,-50.03096
4516598750.0,-49.99963
4516599687.5,-50.01734
4516600625.0,-49.9655
4516601562.5,-49.96525
4516602500.0,-49.97667
4516603437.5,-50.03012
4516604375.0,-50.00888
4516605312.5,-50.00379
4516606250.0,-50.03044
4516607187.5,-50.00456
4516608125.0,-49.99268
4516609062.5,-49.98635
4516610000.0,-50.00858
4516610937.5,-49.94923
4516611875.0,-50.00228
4516612812.5,-50.01257
4516613750.0,-50.00327
4516614687.5,-49.96841
4516615625.0,-50.01546
4516616562.5,-50.05003
4516617500.0,-49.96049
4516618437.5,-50.0439
4516619375.0,-49.99413
4516620312.5,-50.03883
4516621250.0,-50.00646
4516622187.5,-50.02156
4516623125.0,-49.99816
4516624062.5,-50.0852
4516625000.0,-50.04625
4516625937.5,-49.94999
4516626875.0,-50.02137
4516627812.5,-50.02438
4516628750.0,-50.05959
4516629687.5,-50.10789
4516630625.0,-50.02314
4516631562.5,-50.02097
4516632500.0,-49.99421
4516633437.5,-50.00777
4516634375.0,-50.01044
4516635312.5,-49.98678
4516636250.0,-50.04857
4516637187.5,-50.08261
4516638125.0,-50.06066
4516639062.5,-50.06482
4516640000.0,-50.01099
4516640937.5,-50.0279
4516641875.0,-50.04308
4516642812.5,-50.02001
4516643750.0,-50.08023
4516644687.5,-50.00054
4516645625.0,-50.03749
4516646562.5,-50.08772
4516647500.0,-49.96138
4516648437.5,-50.04723
4516649375.0,-50.04545
4516650312.5,-50.05583
4516651250.0,-50.07137
4516652187.5,-50.05819
4516653125.0,-50.04448
4516654062.5,-50.06843
4516655000.0,-50.04652
4516655937.5,-50.05997
4516656875.0,-50.10361
4516657812.5,-50.0373
4516658750.0,-50.04172
4516659687.5,-50.05659
4516660625.0,-50.05497
4516661562.5,-50.05796
4516662500.0,-50.06293
4516663437.5,-50.04192
4516664375.0,-50.04909
4516665312.5,-50.07428
4516666250.0,-50.03945
4516667187.5,-50.05251
4516668125.0,-50.08565
4516669062.5,-50.03942
4516670000.0,-50.05037
4516670937.5,-50.05646
4516671875.0,-50.0542
4516672812.5,-50.06964
4516673750.0,-50.00397
4516674687.5,-50.05201
4516675625.0,-50.07607
4516676562.5,-50.07433
4516677500.0,-50.09874
4516678437.5,-50.02121
4516679375.0,-50.04298
4516680312.5,-50.09206
4516681250.0,-50.1342
4516682187.5,-50.04643
4516683125.0,-50.07463
4516684062.5,-50.07001
4516685000.0,-50.08921
4516685937.5,-50.06242
4516686875.0,-50.12856
4516687812.5,-50.11103
4516688750.0,-50.0409
4516689687.5,-50.1265
4516690625.0,-50.09951
4516691562.5,-50.06777
4516692500.0,-50.09978
4516693437.5,-50.13586
4516694375.0,-50.06406
4516695312.5,-50.09439
4516696250.0,-50.04619
4516697187.5,-50.08607
4516698125.0,-50.08687
4516699062.5,-50.143
4516700000.0,-50.13123
4516700937.5,-50.02102
4516701875.0,-50.12088
4516702812.5,-50.08186
4516703750.0,-50.05859
4516704687.5,-50.09779
4516705625.0,-50.12868
4516706562.5,-50.15167
4516707500.0,-50.10148
4516708437.5,-50.12322
4516709375.0,-50.09501
4516710312.5,-50.08575
4516711250.0,-50.07327
4516712187.5,-50.11982
4516713125.0,-50.09222
4516714062.5,-50.12343
4516715000.0,-50.1166
4516715937.5,-50.12132
4516716875.0,-50.14725
4516717812.5,-50.18029
4516718750.0,-50.0947
4516719687.5,-50.12868
4516720625.0,-50.02854
4516721562.5,-50.13586
4516722500.0,-50.14876
4516723437.5,-50.13951
4516724375.0,-50.10659
4516725312.5,-50.11141
4516726250.0,-50.10679
4516727187.5,-50.09761
4516728125.0,-50.1488
4516729062.5,-50.15837
4516730000.0,-50.14233
4516730937.5,-50.15913
4516731875.0,-50.10514
4516732812.5,-50.12949
4516733750.0,-50.17223
4516734687.5,-50.14802
4516735625.0,-50.12565
4516736562.5,-50.15691
4516737500.0,-50.11494
4516738437.5,-50.04364
4516739375.0,-50.12717
4516740312.5,-50.13182
4516741250.0,-50.11003
4516742187.5,-50.11355
4516743125.0,-50.12907
4516744062.5,-50.12425
4516745000.0,-50.12702
4516745937.5,-50.15905
4516746875.0,-50.15253
4516747812.5,-50.13547
4516748750.0,-50.10119
4516749687.5,-50.09916
4516750625.0,-50.13267
4516751562.5,-50.11713
4516752500.0,-50.14386
4516753437.5,-50.14196
4516754375.0,-50.0896
4516755312.5,-50.18081
4516756250.0,-50.1414
4516757187.5,-50.13595
4516758125.0,-50.13247
4516759062.5,-50.08163
4516760000.0,-50.16424
4516760937.5,-50.12155
4516761875.0,-50.19292
4516762812.5,-50.22505
4516763750.0,-50.12934
4516764687.5,-50.18286
4516765625.0,-50.14949
4516766562.5,-50.13714
4516767500.0,-50.19085
4516768437.5,-50.18304
4516769375.0,-50.16066
4516770312.5,-50.12737
4516771250.0,-50.15467
4516772187.5,-50.15556
4516773125.0,-50.12425
4516774062.5,-50.15681
4516775000.0,-50.07853
4516775937.5,-50.22476
4516776875.0,-50.08952
4516777812.5,-50.20237
4516778750.0,-50.16739
4516779687.5,-50.15384
4516780625.0,-50.18279
4516781562.5,-50.15556
4516782500.0,-50.23267
4516783437.5,-50.15275
4516784375.0,-50.16656
4516785312.5,-50.14685
4516786250.0,-50.19955
4516787187.5,-50.20267
4516788125.0,-50.14882
4516789062.5,-50.21632
4516790000.0,-50.17876
4516790937.5,-50.208
4516791875.0,-50.16676
4516792812.5,-50.22238
4516793750.0,-50.21186
4516794687.5,-50.20586
4516795625.0,-50.16626
4516796562.5,-50.20593
4516797500.0,-50.20838
4516798437.5,-50.18899
4516799375.0,-50.11798
4516800312.5,-50.15918
4516801250.0,-50.19458
4516802187.5,-50.13793
4516803125.0,-50.18198
4516804062.5,-50.21415
4516805000.0,-50.18082
4516805937.5,-50.19087
4516806875.0,-50.22071
4516807812.5,-50.22869
4516808750.0,-50.20471
4516809687.5,-50.17869
4516810625.0,-50.20279
4516811562.5,-50.20147
4516812500.0,-50.18321
4516813437.5,-50.25336
4516814375.0,-50.28061
4516815312.5,-50.20407
4516816250.0,-50.16327
4516817187.5,-50.19424
4516818125.0,-50.22225
4516819062.5,-50.21837
4516820000.0,-50.2495
4516820937.5,-50.20591
4516821875.0,-50.24358
4516822812.5,-50.18678
4516823750.0,-50.22578
4516824687.5,-50.1587
4516825625.0,-50.19193
4516826562.5,-50.19081
4516827500.0,-50.18993
4516828437.5,-50.20958
4516829375.0,-50.20704
4516830312.5,-50.20893
4516831250.0,-50.21831
4516832187.5,-50.17136
4516833125.0,-50.14738
4516834062.5,-50.24065
4516835000.0,-50.20914
4516835937.5,-50.22223
4516836875.0,-50.21761
4516837812.5,-50.25686
4516838750.0,-50.21226
4516839687.5,-50.19388
4516840625.0,-50.23796
4516841562.5,-50.28201
4516842500.0,-50.22486
4516843437.5,-50.26464
4516844375.0,-50.23753
4516845312.5,-50.24453
4516846250.0,-50.23769
4516847187.5,-50.20324
4516848125.0,-50.20909
4516849062.5,-50.20105
4516850000.0,-50.22335
4516850937.5,-50.23162
4516851875.0,-50.2695
4516852812.5,-50.2728
4516853750.0,-50.21646
4516854687.5,-50.20887
4516855625.0,-50.28494
4516856562.5,-50.24044
4516857500.0,-50.25471
4516858437.5,-50.22153
4516859375.0,-50.23951
4516860312.5,-50.25698
4516861250.0,-50.28221
4516862187.5,-50.20257
4516863125.0,-50.23323
4516864062.5,-50.28422
4516865000.0,-50.27463
4516865937.5,-50.25231
4516866875.0,-50.28881
4516867812.5,-50.21514
4516868750.0,-50.24471
4516869687.5,-50.32577
4516870625.0,-50.24795
4516871562.5,-50.25232
4516872500.0,-50.31981
4516873437.5,-50.24627
4516874375.0,-50.27924
4516875312.5,-50.23652
4516876250.0,-50.25061
4516877187.5,-50.24943
4516878125.0,-50.27681
4516879062.5,-50.25888
4516880000.0,-50.24589
4516880937.5,-50.24668
4516881875.0,-50.28135
4516882812.5,-50.26982
4516883750.0,-50.23841
4516884687.5,-50.33186
4516885625.0,-50.29277
4516886562.5,-50.27188
4516887500.0,-50.26839
4516888437.5,-50.22608
4516889375.0,-50.33824
4516890312.5,-50.26291
4516891250.0,-50.3569
4516892187.5,-50.23166
4516893125.0,-50.30208
4516894062.5,-50.219
4516895000.0,-50.30585
4516895937.5,-50.26979
4516896875.0,-50.29314
4516897812.5,-50.42892
4516898750.0,-50.3372
4516899687.5,-50.35352
4516900625.0,-50.23739
4516901562.5,-50.24784
4516902500.0,-50.28516
4516903437.5,-50.27262
4516904375.0,-50.31376
4516905312.5,-50.30847
4516906250.0,-50.32076
4516907187.5,-50.24431
4516908125.0,-50.29573
4516909062.5,-50.32544
4516910000.0,-50.28694
4516910937.5,-50.26574
4516911875.0,-50.25626
4516912812.5,-50.32487
4516913750.0,-50.30774
4516914687.5,-50.27639
4516915625.0,-50.29113
4516916562.5,-50.27208
4516917500.0,-50.27276
4516918437.5,-50.34092
4516919375.0,-50.247
4516920312.5,-50.33897
4516921250.0,-50.29854
4516922187.5,-50.32398
4516923125.0,-50.30762
4516924062.5,-50.25003
4516925000.0,-50.29889
4516925937.5,-50.30241
4516926875.0,-50.30813
4516927812.5,-50.3163
4516928750.0,-50.29857
4516929687.5,-50.36667
4516930625.0,-50.28429
4516931562.5,-50.21866
4516932500.0,-50.34288
4516933437.5,-50.33558
4516934375.0,-50.31068
4516935312.5,-50.23665
4516936250.0,-50.3009
4516937187.5,-50.31255
4516938125.0,-50.25783
4516939062.5,-50.353
4516940000.0,-50.33627
4516940937.5,-50.26551
4516941875.0,-50.32128
4516942812.5,-50.32708
4516943750.0,-50.33366
4516944687.5,-50.34282
4516945625.0,-50.35203
4516946562.5,-50.33328
4516947500.0,-50.29983
4516948437.5,-50.31254
4516949375.0,-50.29431
4516950312.5,-50.36417
4516951250.0,-50.34908
4516952187.5,-50.28257
4516953125.0,-50.2902
4516954062.5,-50.36789
4516955000.0,-50.3084
4516955937.5,-50.35518
4516956875.0,-50.37603
4516957812.5,-50.38594
4516958750.0,-50.29991
4516959687.5,-50.32495
4516960625.0,-50.30169
4516961562.5,-50.35493
4516962500.0,-50.344
4516963437.5,-50.35754
4516964375.0,-50.31287
4516965312.5,-50.33841
4516966250.0,-50.34195
4516967187.5,-50.36831
4516968125.0,-50.37182
4516969062.5,-50.3861
4516970000.0,-50.34278
4516970937.5,-50.37618
4516971875.0,-50.33079
4516972812.5,-50.3293
4516973750.0,-50.41755
4516974687.5,-50.37193
4516975625.0,-50.34091
4516976562.5,-50.32237
4516977500.0,-50.37276
4516978437.5,-50.3244
4516979375.0,-50.34621
4516980312.5,-50.38857
4516981250.0,-50.38848
4516982187.5,-50.35199
4516983125.0,-50.33031
4516984062.5,-50.32954
4516985000.0,-50.37057
4516985937.5,-50.391
4516986875.0,-50.38544
4516987812.5,-50.36
4516988750.0,-50.35078
4516989687.5,-50.35471
4516990625.0,-50.33149
4516991562.5,-50.37292
4516992500.0,-50.34235
4516993437.5,-50.35981
4516994375.0,-50.37161
4516995312.5,-50.3983
4516996250.0,-50.3918
4516997187.5,-50.34836
4516998125.0,-50.3759
4516999062.5,-50.37294
4517000000.0,-50.3465
4517000937.5,-50.3688
4517001875.0,-50.35181
4517002812.5,-50.42484
4517003750.0,-50.32567
4517004687.5,-50.30972
4517005625.0,-50.37349
4517006562.5,-50.37726
4517007500.0,-50.37332
4517008437.5,-50.44463
4517009375.0,-50.41646
4517010312.5,-50.37159
4517011250.0,-50.40812
4517012187.5,-50.36386
4517013125.0,-50.4137
4517014062.5,-50.36927
4517015000.0,-50.40232
4517015937.5,-50.41321
4517016875.0,-50.42435
4517017812.5,-50.40871
4517018750.0,-50.39868
4517019687.5,-50.37395
4517020625.0,-50.39327
4517021562.5,-50.41246
4517022500.0,-50.38639
4517023437.5,-50.38593
4517024375.0,-50.44558
4517025312.5,-50.3815
4517026250.0,-50.39325
4517027187.5,-50.47144
4517028125.0,-50.40572
4517029062.5,-50.39249
4517030000.0,-50.38038
4517030937.5,-50.41019
4517031875.0,-50.37809
4517032812.5,-50.42266
4517033750.0,-50.35452
4517034687.5,-50.3419
4517035625.0,-50.41956
4517036562.5,-50.42167
4517037500.0,-50.42741
4517038437.5,-50.42438
4517039375.0,-50.44243
4517040312.5,-50.3521
4517041250.0,-50.39208
4517042187.5,-50.42147
4517043125.0,-50.32574
4517044062.5,-50.44569
4517045000.0,-50.42195
4517045937.5,-50.49366
4517046875.0,-50.45919
4517047812.5,-50.39729
4517048750.0,-50.45012
4517049687.5,-50.39524
4517050625.0,-50.39692
4517051562.5,-50.50706
4517052500.0,-50.39128
4517053437.5,-50.3814
4517054375.0,-50.46164
4517055312.5,-50.45958
4517056250.0,-50.40847
4517057187.5,-50.42693
4517058125.0,-50.4447
4517059062.5,-50.43965
4517060000.0,-50.39999
4517060937.5,-50.33624
4517061875.0,-50.40588
4517062812.5,-50.46658
4517063750.0,-50.3842
4517064687.5,-50.41019
4517065625.0,-50.44221
4517066562.5,-50.46235
4517067500.0,-50.41579
4517068437.5,-50.4145
4517069375.0,-50.44122
4517070312.5,-50.37193
4517071250.0,-50.40454
4517072187.5,-50.44762
4517073125.0,-50.4908
4517074062.5,-50.51638
4517075000.0,-50.46261
4517075937.5,-50.46333
4517076875.0,-50.4699
4517077812.5,-50.45992
4517078750.0,-50.40467
4517079687.5,-50.45132
4517080625.0,-50.47356
4517081562.5,-50.42451
4517082500.0,-50.46749
4517083437.5,-50.4575
4517084375.0,-50.4473
4517085312.5,-50.45916
4517086250.0,-50.40759
4517087187.5,-50.45974
4517088125.0,-50.4015
4517089062.5,-50.5455
4517090000.0,-50.4734
4517090937.5,-50.47958
4517091875.0,-50.48665
4517092812.5,-50.44656
4517093750.0,-50.46846
4517094687.5,-50.51815
4517095625.0,-50.49025
4517096562.5,-50.46552
4517097500.0,-50.45645
4517098437.5,-50.44149
4517099375.0,-50.47499
4517100312.5,-50.46832
