1029940000.0,-58.32644245667862
1029943125.0,-58.297528639834454
1029946250.0,-58.2905644419124
1029949375.0,-58.309178441227594
1029952500.0,-58.30086683566885
1029955625.0,-58.2747917941508
1029958750.0,-58.27541515655394
1029961875.0,-58.261823548131254
1029965000.0,-58.25108217703151
1029968125.0,-58.260435587840576
1029971250.0,-58.25087321877137
1029974375.0,-58.24332344284365
1029977500.0,-58.23937782754725
1029980625.0,-58.21365649301479
1029983750.0,-58.244848440772806
1029986875.0,-58.164777060626704
1029990000.0,-58.19546984428649
1029993125.0,-58.15298176358048
1029996250.0,-58.20104826786257
1029999375.0,-58.180583612167055
1030002500.0,-58.165592456020065
1030005625.0,-58.15459671247134
1030008750.0,-58.14481888971197
1030011875.0,-58.12985790137016
1030015000.0,-58.11385984768307
1030018125.0,-58.10018898098981
1030021250.0,-58.11963386229605
1030024375.0,-58.13817264599856
1030027500.0,-58.07048787121977
1030030625.0,-58.088747423489686
1030033750.0,-58.06798297478956
1030036875.0,-58.10431401151238
1030040000.0,-58.05996789538639
1030043125.0,-58.030728159052444
1030046250.0,-58.01462173999634
1030049375.0,-58.042469418140584
1030052500.0,-58.07547597228001
1030055625.0,-58.03476496871454
1030058750.0,-58.04276993706152
1030061875.0,-58.03088889561847
1030065000.0,-57.98789994165195
1030068125.0,-57.96292705064284
1030071250.0,-57.97582113187165
1030074375.0,-57.994485568053285
1030077500.0,-57.96060681956404
1030080625.0,-57.937531999509176
1030083750.0,-57.94380412263658
1030086875.0,-57.93733792456288
1030090000.0,-57.93657775629876
1030093125.0,-57.910704623325664
1030096250.0,-57.90667468620547
1030099375.0,-57.95473930088425
1030102500.0,-57.92128339475734
1030105625.0,-57.904282368177356
1030108750.0,-57.91027865783794
1030111875.0,-57.855875345807206
1030115000.0,-57.90018131901035
1030118125.0,-57.91577012635086
1030121250.0,-57.830840036198346
1030124375.0,-57.79472797883265
1030127500.0,-57.83522740076408
1030130625.0,-57.84101569440271
1030133750.0,-57.807416274691896
1030136875.0,-57.83241600940294
1030140000.0,-57.81900352319737
1030143125.0,-57.840674520381356
1030146250.0,-57.80301693930544
1030149375.0,-57.79388672467812
1030152500.0,-57.76571428577953
1030155625.0,-57.7757755396927
1030158750.0,-57.772250201955124
1030161875.0,-57.74518872813604
1030165000.0,-57.7570410613036
1030168125.0,-57.740816648170274
1030171250.0,-57.740446995103966
1030174375.0,-57.70677104301236
1030177500.0,-57.73118548856731
1030180625.0,-57.684611682710134
1030183750.0,-57.65947279524578
1030186875.0,-57.696117631392994
1030190000.0,-57.639319877675185
1030193125.0,-57.64664473564055
1030196250.0,-57.63802723589133
1030199375.0,-57.65061322791881
1030202500.0,-57.66322998231458
1030205625.0,-57.61621717954888
1030208750.0,-57.62160720762273
1030211875.0,-57.61511659482489
1030215000.0,-57.62859680143523
1030218125.0,-57.59572987940734
1030221250.0,-57.6432867365785
1030224375.0,-57.5771878691926
1030227500.0,-57.56251658178936
1030230625.0,-57.564794068647466
1030233750.0,-57.556913136352605
1030236875.0,-57.533641481374225
1030240000.0,-57.564552497968165
1030243125.0,-57.540843247936564
1030246250.0,-57.538907939312516
1030249375.0,-57.53287617090748
1030252500.0,-57.51188411459626
1030255625.0,-57.518407161037366
1030258750.0,-57.48030389608674
1030261875.0,-57.48436625486325
1030265000.0,-57.47824855365016
1030268125.0,-57.467860703715296
1030271250.0,-57.44627989170128
1030274375.0,-57.46238906382668
1030277500.0,-57.43963802276075
1030280625.0,-57.43437544706765
1030283750.0,-57.39474074483979
1030286875.0,-57.43749548523182
1030290000.0,-57.42713708794608
1030293125.0,-57.43795408704841
1030296250.0,-57.373539100990094
1030299375.0,-57.397719482000774
1030302500.0,-57.3852044410704
1030305625.0,-57.37673366822311
1030308750.0,-57.377090390021834
1030311875.0,-57.33550897002565
1030315000.0,-57.335116925655605
1030318125.0,-57.336375127795385
1030321250.0,-57.308772035777366
1030324375.0,-57.3170948340344
1030327500.0,-57.31690420626091
1030330625.0,-57.31899307393218
1030333750.0,-57.29856449852944
1030336875.0,-57.28722553683237
1030340000.0,-57.29139228304806
1030343125.0,-57.27840350270921
1030346250.0,-57.25723422794908
1030349375.0,-57.22190980384419
1030352500.0,-57.23215026688439
1030355625.0,-57.253219114903224
1030358750.0,-57.18740035084204
1030361875.0,-57.221028296294165
1030365000.0,-57.22739270080399
1030368125.0,-57.1886355424136
1030371250.0,-57.199832315200986
1030374375.0,-57.20065770059891
1030377500.0,-57.160701608036064
1030380625.0,-57.12544257084812
1030383750.0,-57.13119048902122
1030386875.0,-57.16004139330358
1030390000.0,-57.16231425188605
1030393125.0,-57.09807151048685
1030396250.0,-57.12357757809722
1030399375.0,-57.11910585622229
1030402500.0,-57.10255783988158
1030405625.0,-57.06300489503811
1030408750.0,-57.091291090357004
1030411875.0,-57.07882136206123
1030415000.0,-57.057714526788246
1030418125.0,-57.06632364750403
1030421250.0,-57.04983036474105
1030424375.0,-57.034830297378825
1030427500.0,-57.00597036150428
1030430625.0,-57.01485614256045
1030433750.0,-57.014292322321296
1030436875.0,-57.00539885361229
1030440000.0,-56.97591051239177
1030443125.0,-56.969405774825326
1030446250.0,-56.95783902442239
1030449375.0,-56.972945841700785
1030452500.0,-56.97108119117013
1030455625.0,-56.959113026138354
1030458750.0,-56.913856616164615
1030461875.0,-56.90507968407783
1030465000.0,-56.904892620233596
1030468125.0,-56.923732855897065
1030471250.0,-56.87665658133717
1030474375.0,-56.89695282597911
1030477500.0,-56.897276588790234
1030480625.0,-56.88659456154764
1030483750.0,-56.84691065518353
1030486875.0,-56.85198737306036
1030490000.0,-56.83635548210649
1030493125.0,-56.82860937862638
1030496250.0,-56.842870165099484
1030499375.0,-56.85588559827511
1030502500.0,-56.81550114492209
1030505625.0,-56.79402824386022
1030508750.0,-56.79106630363513
1030511875.0,-56.769099920892636
1030515000.0,-56.81718932800769
1030518125.0,-56.773817638202
1030521250.0,-56.76832674525409
1030524375.0,-56.75616418905165
1030527500.0,-56.75727311269831
1030530625.0,-56.75060800363991
1030533750.0,-56.726153218619274
1030536875.0,-56.71525067123359
1030540000.0,-56.697265005831184
1030543125.0,-56.694371823643415
1030546250.0,-56.69990075163587
1030549375.0,-56.66284211396427
1030552500.0,-56.68723650295543
1030555625.0,-56.625072075092724
1030558750.0,-56.635944410602974
1030561875.0,-56.65146297850658
1030565000.0,-56.63788125380299
1030568125.0,-56.60410391699367
1030571250.0,-56.637493531288136
1030574375.0,-56.60469819963505
1030577500.0,-56.60308909007103
1030580625.0,-56.57711623596886
1030583750.0,-56.58516459655299
1030586875.0,-56.555545438121634
1030590000.0,-56.54605890999666
1030593125.0,-56.56011052745457
1030596250.0,-56.50355707655078
1030599375.0,-56.524770260569674
1030602500.0,-56.51590809869569
1030605625.0,-56.48853002331088
1030608750.0,-56.51803011760408
1030611875.0,-56.48593424108863
1030615000.0,-56.48649354089988
1030618125.0,-56.49575394267482
1030621250.0,-56.475789846680925
1030624375.0,-56.45786069233724
1030627500.0,-56.4442188314367
1030630625.0,-56.4319235709431
1030633750.0,-56.40364409185559
1030636875.0,-56.42371346646176
1030640000.0,-56.42951522285209
1030643125.0,-56.416455900859
1030646250.0,-56.38313222806556
1030649375.0,-56.38108270131035
1030652500.0,-56.36841904595817
1030655625.0,-56.360095995771786
1030658750.0,-56.36130536588214
1030661875.0,-56.32792263936115
1030665000.0,-56.359123901336105
1030668125.0,-56.327430816265746
1030671250.0,-56.31331142972516
1030674375.0,-56.30914173334678
1030677500.0,-56.29846277346217
1030680625.0,-56.296488802769694
1030683750.0,-56.287936037149905
1030686875.0,-56.27203298117383
1030690000.0,-56.25284028223551
1030693125.0,-56.24575735566241
1030696250.0,-56.25873768256307
1030699375.0,-56.238448631041585
1030702500.0,-56.214161148338995
1030705625.0,-56.2000192158739
1030708750.0,-56.20502225000484
1030711875.0,-56.17114062932203
1030715000.0,-56.18288622945873
1030718125.0,-56.20125615529773
1030721250.0,-56.17262773327725
1030724375.0,-56.14274781444337
1030727500.0,-56.12236439654556
1030730625.0,-56.15825703493452
1030733750.0,-56.13439314584753
1030736875.0,-56.11212086408056
1030740000.0,-56.08592274547222
1030743125.0,-56.09158449714411
1030746250.0,-56.07159057542023
1030749375.0,-56.05661751634483
1030752500.0,-56.0341058083592
1030755625.0,-56.0320257976857
1030758750.0,-56.05198662769243
1030761875.0,-56.02125550155491
1030765000.0,-56.03010875962922
1030768125.0,-55.999005367682926
1030771250.0,-55.99645302425708
1030774375.0,-55.988865615922805
1030777500.0,-55.99810423665624
1030780625.0,-55.98908054317529
1030783750.0,-55.94685112080732
1030786875.0,-55.92651678013231
1030790000.0,-55.958745504845055
1030793125.0,-55.933605249555086
1030796250.0,-55.9324987827095
1030799375.0,-55.902475704698475
1030802500.0,-55.895528265385316
1030805625.0,-55.884986833295144
1030808750.0,-55.87285673829225
1030811875.0,-55.90908281021728
1030815000.0,-55.87552563222052
1030818125.0,-55.86690028288201
1030821250.0,-55.847434063620625
1030824375.0,-55.83065939165522
1030827500.0,-55.819907061867674
1030830625.0,-55.79974774763982
1030833750.0,-55.81068284832568
1030836875.0,-55.77644261554061
1030840000.0,-55.759857249875196
1030843125.0,-55.794316573443666
1030846250.0,-55.78468989236561
1030849375.0,-55.752074253631804
1030852500.0,-55.73624604894678
1030855625.0,-55.732634284520685
1030858750.0,-55.728310880118705
1030861875.0,-55.72242199994379
1030865000.0,-55.68312972886088
1030868125.0,-55.69119626994468
1030871250.0,-55.700043767484246
1030874375.0,-55.69915601843339
1030877500.0,-55.65249704649152
1030880625.0,-55.6667283335865
1030883750.0,-55.59618906932992
1030886875.0,-55.664368926430825
1030890000.0,-55.606432521084464
1030893125.0,-55.57170663908407
1030896250.0,-55.62187348187356
1030899375.0,-55.58901281396896
1030902500.0,-55.583290806128005
1030905625.0,-55.58707625470421
1030908750.0,-55.55274721629569
1030911875.0,-55.5444400463181
1030915000.0,-55.530945698640565
1030918125.0,-55.52068643326399
1030921250.0,-55.509351142240746
1030924375.0,-55.52464593655495
1030927500.0,-55.497680406829524
1030930625.0,-55.494305758700584
1030933750.0,-55.46644675112442
1030936875.0,-55.49128647698259
1030940000.0,-55.44387756158616
1030943125.0,-55.44300481035321
1030946250.0,-55.42548070603556
1030949375.0,-55.428296636113444
1030952500.0,-55.39890145549899
1030955625.0,-55.39118360685196
1030958750.0,-55.38252441017241
1030961875.0,-55.38862202209631
1030965000.0,-55.37629125386734
1030968125.0,-55.380261773664024
1030971250.0,-55.36639747017494
1030974375.0,-55.34714345840051
1030977500.0,-55.351334748446355
1030980625.0,-55.29751058959363
1030983750.0,-55.343209114273805
1030986875.0,-55.297595748797406
1030990000.0,-55.29217830257284
1030993125.0,-55.25669718744555
1030996250.0,-55.26240368876041
1030999375.0,-55.2573021800932
1031002500.0,-55.24360298561727
1031005625.0,-55.22719319241292
1031008750.0,-55.22840839355201
1031011875.0,-55.23636498496423
1031015000.0,-55.21590501555796
1031018125.0,-55.200969806715
1031021250.0,-55.19535908061218
1031024375.0,-55.15446494856474
1031027500.0,-55.14518096866611
1031030625.0,-55.14812999979464
1031033750.0,-55.134635108316154
1031036875.0,-55.10324081573395
1031040000.0,-55.10640627356393
1031043125.0,-55.10437586407057
1031046250.0,-55.10351069890015
1031049375.0,-55.07794105540634
1031052500.0,-55.08171314893419
1031055625.0,-55.056304189830584
1031058750.0,-55.03839872449492
1031061875.0,-55.05530530102637
1031065000.0,-55.02746276081668
1031068125.0,-55.013098559175866
1031071250.0,-54.98959364406933
1031074375.0,-54.995893887871745
1031077500.0,-54.993256168164706
1031080625.0,-54.96390975757276
1031083750.0,-54.97283065422532
1031086875.0,-54.95532733125692
1031090000.0,-54.949384651815436
1031093125.0,-54.9502248853377
1031096250.0,-54.90766643769026
1031099375.0,-54.90549560563171
1031102500.0,-54.9005466475044
1031105625.0,-54.888862737561034
1031108750.0,-54.88939195241818
1031111875.0,-54.88117362122003
1031115000.0,-54.85647020379145
1031118125.0,-54.85984009564061
1031121250.0,-54.83046914640042
1031124375.0,-54.816552967255554
1031127500.0,-54.812634315784905
1031130625.0,-54.76193670542071
1031133750.0,-54.788743751836996
1031136875.0,-54.79981619523143
1031140000.0,-54.75174895922212
1031143125.0,-54.75033885205291
1031146250.0,-54.74329490087004
1031149375.0,-54.70904666192517
1031152500.0,-54.70934600400269
1031155625.0,-54.70061277527755
1031158750.0,-54.71618249591955
1031161875.0,-54.677308081074514
1031165000.0,-54.66476405609201
1031168125.0,-54.660865680922235
1031171250.0,-54.646991662093086
1031174375.0,-54.640383018890134
1031177500.0,-54.63674760660444
1031180625.0,-54.60134107910564
1031183750.0,-54.600814246778036
1031186875.0,-54.5902093756662
1031190000.0,-54.57809118177905
1031193125.0,-54.56409924399948
1031196250.0,-54.55834342361221
1031199375.0,-54.53344930152791
1031202500.0,-54.49773682266948
1031205625.0,-54.54097862240415
1031208750.0,-54.487095275277376
1031211875.0,-54.51329327562194
1031215000.0,-54.49073625401132
1031218125.0,-54.475953040714835
1031221250.0,-54.444090698574435
1031224375.0,-54.46504548596339
1031227500.0,-54.42858461467249
1031230625.0,-54.438146566257785
1031233750.0,-54.398761928750645
1031236875.0,-54.4171250850662
1031240000.0,-54.38793068846714
1031243125.0,-54.398954398357965
1031246250.0,-54.371820645582545
1031249375.0,-54.35534835577896
1031252500.0,-54.33503877580112
1031255625.0,-54.330284443249326
1031258750.0,-54.32012547416503
1031261875.0,-54.308026394170376
1031265000.0,-54.291457218910516
1031268125.0,-54.287591070202105
1031271250.0,-54.28005144554387
1031274375.0,-54.26609285510623
1031277500.0,-54.24653912992011
1031280625.0,-54.248662674033824
1031283750.0,-54.23101920477714
1031286875.0,-54.19889154311481
1031290000.0,-54.193566579953426
1031293125.0,-54.18671636252975
1031296250.0,-54.19623448032787
1031299375.0,-54.17000596461202
1031302500.0,-54.14227144552736
1031305625.0,-54.14114251314631
1031308750.0,-54.11635053987535
1031311875.0,-54.114030266094424
1031315000.0,-54.11061263021354
1031318125.0,-54.11849454614286
1031321250.0,-54.08512528124685
1031324375.0,-54.07102050816151
1031327500.0,-54.06746413251101
1031330625.0,-54.058806026126355
1031333750.0,-54.02487623376895
1031336875.0,-54.02463344089306
1031340000.0,-54.011404598103475
1031343125.0,-53.98297794872013
1031346250.0,-53.98136256276969
1031349375.0,-53.97137479949891
1031352500.0,-53.97071951750948
1031355625.0,-53.95302738917743
1031358750.0,-53.94529034245624
1031361875.0,-53.920563029355435
1031365000.0,-53.91326378660666
1031368125.0,-53.907347462369145
1031371250.0,-53.886183548167914
1031374375.0,-53.86471537339131
1031377500.0,-53.882521441676026
1031380625.0,-53.85184479396364
1031383750.0,-53.84403629120117
1031386875.0,-53.84188287085438
1031390000.0,-53.78462222254065
1031393125.0,-53.799080009098084
1031396250.0,-53.79631699191198
1031399375.0,-53.76010925814163
1031402500.0,-53.7638338881915
1031405625.0,-53.748068901277925
1031408750.0,-53.744816830971686
1031411875.0,-53.70813858517251
1031415000.0,-53.70939335809655
1031418125.0,-53.6948883063101
1031421250.0,-53.71731026644807
1031424375.0,-53.6903388965967
1031427500.0,-53.65449556213227
1031430625.0,-53.644818969778285
1031433750.0,-53.63962344300004
1031436875.0,-53.62391709525478
1031440000.0,-53.599324990050555
1031443125.0,-53.605246834290426
1031446250.0,-53.57727763375041
1031449375.0,-53.59746298496124
1031452500.0,-53.58121083085261
1031455625.0,-53.546986887619
1031458750.0,-53.52436789965208
1031461875.0,-53.5265072319745
1031465000.0,-53.51324961130639
1031468125.0,-53.49038673711474
1031471250.0,-53.46720762021256
1031474375.0,-53.46900092578399
1031477500.0,-53.453074689861005
1031480625.0,-53.418159954652175
1031483750.0,-53.414851372732635
1031486875.0,-53.4170305980739
1031490000.0,-53.40832039230575
1031493125.0,-53.385540807309084
1031496250.0,-53.36280297842102
1031499375.0,-53.37048219844134
1031502500.0,-53.34645348895641
1031505625.0,-53.32223754880905
1031508750.0,-53.32262146894597
1031511875.0,-53.308757081583806
1031515000.0,-53.31344523506322
1031518125.0,-53.28060485067569
1031521250.0,-53.28784345309658
1031524375.0,-53.28247217222014
1031527500.0,-53.25070948293088
1031530625.0,-53.22429978695225
1031533750.0,-53.21718437587968
1031536875.0,-53.20508789306278
1031540000.0,-53.191452296108544
1031543125.0,-53.188885145365255
1031546250.0,-53.159456558478865
1031549375.0,-53.17187461515361
1031552500.0,-53.13263574020386
1031555625.0,-53.11378509347837
1031558750.0,-53.12452886127679
1031561875.0,-53.096910836793434
1031565000.0,-53.083231998928625
1031568125.0,-53.057904991568506
1031571250.0,-53.05202120800033
1031574375.0,-53.03489231057509
1031577500.0,-53.02078955716292
1031580625.0,-53.02803271645213
1031583750.0,-53.00845502156787
1031586875.0,-52.98053971361422
1031590000.0,-52.98318786477013
1031593125.0,-52.95483691134462
1031596250.0,-52.97831180919602
1031599375.0,-52.93454663674794
1031602500.0,-52.92983253320306
1031605625.0,-52.91526880688156
1031608750.0,-52.90953289851316
1031611875.0,-52.89756306135557
1031615000.0,-52.883976371825014
1031618125.0,-52.84994097890574
1031621250.0,-52.82414107035755
1031624375.0,-52.83511721993712
1031627500.0,-52.795891934668724
1031630625.0,-52.798025826118554
1031633750.0,-52.77799897858712
1031636875.0,-52.74915224833162
1031640000.0,-52.76980829934008
1031643125.0,-52.737258222918285
1031646250.0,-52.72539712101675
1031649375.0,-52.72296908110698
1031652500.0,-52.68645941925949
1031655625.0,-52.66966039050453
1031658750.0,-52.68821328956805
1031661875.0,-52.65366153549832
1031665000.0,-52.64226331497273
1031668125.0,-52.62029782481037
1031671250.0,-52.636139619295825
1031674375.0,-52.594935984147625
1031677500.0,-52.59739126557727
1031680625.0,-52.58137026763315
1031683750.0,-52.54888910898457
1031686875.0,-52.56173134606095
1031690000.0,-52.52735555206153
1031693125.0,-52.522317746315295
1031696250.0,-52.493270699371614
1031699375.0,-52.48504847007775
1031702500.0,-52.47845369631229
1031705625.0,-52.44372426522778
1031708750.0,-52.42540064958758
1031711875.0,-52.431160099203915
1031715000.0,-52.403797541659
1031718125.0,-52.40122767699333
1031721250.0,-52.37763412911356
1031724375.0,-52.37075276172426
1031727500.0,-52.344600116877956
1031730625.0,-52.33339600347706
1031733750.0,-52.32627038876891
1031736875.0,-52.29935429802363
1031740000.0,-52.29189290258625
1031743125.0,-52.27623121785429
1031746250.0,-52.26367551539827
1031749375.0,-52.25425894331491
1031752500.0,-52.23149816736525
1031755625.0,-52.214415535225115
1031758750.0,-52.21617013634429
1031761875.0,-52.20022165405505
1031765000.0,-52.18449915030869
1031768125.0,-52.158893709963614
1031771250.0,-52.13377500544285
1031774375.0,-52.12310750285265
1031777500.0,-52.11986085616397
1031780625.0,-52.10171136427311
1031783750.0,-52.08501022756772
1031786875.0,-52.063244672375184
1031790000.0,-52.06508719701386
1031793125.0,-52.0438716059614
1031796250.0,-52.04809035209796
1031799375.0,-52.002437199923264
1031802500.0,-51.99382665499353
1031805625.0,-51.99097596699303
1031808750.0,-51.9651990085293
1031811875.0,-51.94937139343123
1031815000.0,-51.946751677854714
1031818125.0,-51.91092114154129
1031821250.0,-51.91161907733187
1031824375.0,-51.87960193932122
1031827500.0,-51.86612100640732
1031830625.0,-51.85750018584665
1031833750.0,-51.85618799002513
1031836875.0,-51.81687861307233
1031840000.0,-51.80607806634763
1031843125.0,-51.7946344891154
1031846250.0,-51.767285810812645
1031849375.0,-51.769994434383406
1031852500.0,-51.74352857188504
1031855625.0,-51.7204527836207
1031858750.0,-51.732264983957485
1031861875.0,-51.71686562999046
1031865000.0,-51.692372192040224
1031868125.0,-51.67273413834642
1031871250.0,-51.66084377234188
1031874375.0,-51.63364461792133
1031877500.0,-51.62345067427381
1031880625.0,-51.607412788032555
1031883750.0,-51.5878463576412
1031886875.0,-51.5729397724425
1031890000.0,-51.5847855568827
1031893125.0,-51.54821635319094
1031896250.0,-51.53918771530499
1031899375.0,-51.51845959835502
1031902500.0,-51.50221511532673
1031905625.0,-51.47110851272311
1031908750.0,-51.47973781050666
1031911875.0,-51.4418920041656
1031915000.0,-51.43644998612947
1031918125.0,-51.40457756931011
1031921250.0,-51.40432936680018
1031924375.0,-51.388152942035475
1031927500.0,-51.36980151269346
1031930625.0,-51.35016472548562
1031933750.0,-51.3343684171229
1031936875.0,-51.32373836999292
1031940000.0,-51.30386628204514
1031943125.0,-51.2799991269439
1031946250.0,-51.264361424643276
1031949375.0,-51.26992708887135
1031952500.0,-51.23022516164558
1031955625.0,-51.22006790238468
1031958750.0,-51.200799140868924
1031961875.0,-51.189547278429934
1031965000.0,-51.15875795291226
1031968125.0,-51.14865932620874
1031971250.0,-51.142617138069696
1031974375.0,-51.1164683537122
1031977500.0,-51.105197259787964
1031980625.0,-51.09501790206236
1031983750.0,-51.08167935085453
1031986875.0,-51.048256661729624
1031990000.0,-51.03636628725343
1031993125.0,-51.006521186749
1031996250.0,-50.993686412565005
1031999375.0,-50.98954493944757
1032002500.0,-50.95849228796579
1032005625.0,-50.93913641008258
1032008750.0,-50.92253454983948
1032011875.0,-50.91289059618413
1032015000.0,-50.89516370967175
1032018125.0,-50.870150918637535
1032021250.0,-50.86157027111802
1032024375.0,-50.848211471156624
1032027500.0,-50.82723935398752
1032030625.0,-50.81100720218525
1032033750.0,-50.79667908752853
1032036875.0,-50.78939620114907
1032040000.0,-50.759740218090705
1032043125.0,-50.74992409455229
1032046250.0,-50.73042016259685
1032049375.0,-50.71150914718854
1032052500.0,-50.68938229174201
1032055625.0,-50.67038384483738
1032058750.0,-50.659607698541734
1032061875.0,-50.640454070133806
1032065000.0,-50.614900201095196
1032068125.0,-50.59167664947253
1032071250.0,-50.57753952062919
1032074375.0,-50.56468870919089
1032077500.0,-50.54448917872822
1032080625.0,-50.5364547592584
1032083750.0,-50.51284572524132
1032086875.0,-50.49618433655555
1032090000.0,-50.4835435562012
1032093125.0,-50.45777703365321
1032096250.0,-50.43542338300899
1032099375.0,-50.42997868304627
1032102500.0,-50.413213761624
1032105625.0,-50.39190823959688
1032108750.0,-50.36776908451821
1032111875.0,-50.347478507566514
1032115000.0,-50.32883907987071
1032118125.0,-50.30281835130213
1032121250.0,-50.314371645069926
1032124375.0,-50.28412200676028
1032127500.0,-50.242914266418495
1032130625.0,-50.23813548772824
1032133750.0,-50.2129318723962
1032136875.0,-50.206903638423526
1032140000.0,-50.184894669683004
1032143125.0,-50.17226176977598
1032146250.0,-50.15235080597558
1032149375.0,-50.130164400139655
1032152500.0,-50.10500255034961
1032155625.0,-50.08026375571102
1032158750.0,-50.07394247651664
1032161875.0,-50.06003957252545
1032165000.0,-50.03272473836317
1032168125.0,-50.025157745942934
1032171250.0,-49.99530460386733
1032174375.0,-49.97745583511566
1032177500.0,-49.96626816684802
1032180625.0,-49.9461155930744
1032183750.0,-49.923849662582946
1032186875.0,-49.89915661204066
1032190000.0,-49.887502880040614
1032193125.0,-49.86355884411539
1032196250.0,-49.844609265786374
1032199375.0,-49.8272782784241
1032202500.0,-49.80496541606899
1032205625.0,-49.78404684441955
1032208750.0,-49.76471401267745
1032211875.0,-49.73893081045795
1032215000.0,-49.732091125164196
1032218125.0,-49.70446703628316
1032221250.0,-49.68689455131269
1032224375.0,-49.667664845265286
1032227500.0,-49.64626902332778
1032230625.0,-49.62025501252272
1032233750.0,-49.60092855276413
1032236875.0,-49.60092583179525
1032240000.0,-49.57015950551933
1032243125.0,-49.565291881958565
1032246250.0,-49.509771807640774
1032249375.0,-49.51372688970236
1032252500.0,-49.49373847813598
1032255625.0,-49.47934518337338
1032258750.0,-49.45550608517619
1032261875.0,-49.42582635515448
1032265000.0,-49.40396476383902
1032268125.0,-49.38600958216303
1032271250.0,-49.36809748996741
1032274375.0,-49.355661024213205
1032277500.0,-49.32419076242679
1032280625.0,-49.3132286493837
1032283750.0,-49.284461230542135
1032286875.0,-49.27444351128436
1032290000.0,-49.25334572258528
1032293125.0,-49.226364370858285
1032296250.0,-49.198768532471526
1032299375.0,-49.18289697905927
1032302500.0,-49.167445011629084
1032305625.0,-49.1460749931378
1032308750.0,-49.13019566742419
1032311875.0,-49.10423766179297
1032315000.0,-49.083965192178205
1032318125.0,-49.053006555201975
1032321250.0,-49.0313473875732
1032324375.0,-49.028007674584664
1032327500.0,-48.997239770599926
1032330625.0,-48.97210040359063
1032333750.0,-48.95570766682993
1032336875.0,-48.92501281362856
1032340000.0,-48.913399853104345
1032343125.0,-48.89600949504736
1032346250.0,-48.86260023950234
1032349375.0,-48.84367169186108
1032352500.0,-48.83135463589794
1032355625.0,-48.806649910876295
1032358750.0,-48.793839062647194
1032361875.0,-48.7657158053439
1032365000.0,-48.73638244085357
1032368125.0,-48.720874035050805
1032371250.0,-48.689060715202615
1032374375.0,-48.671432220175745
1032377500.0,-48.64504265109346
1032380625.0,-48.620844758949765
1032383750.0,-48.61183141352723
1032386875.0,-48.575596368230634
1032390000.0,-48.55127927394435
1032393125.0,-48.54263886916676
1032396250.0,-48.52197763062497
1032399375.0,-48.49499280955457
1032402500.0,-48.47710806263091
1032405625.0,-48.45348365271004
1032408750.0,-48.4371031369568
1032411875.0,-48.424378131314
1032415000.0,-48.374597959272286
1032418125.0,-48.3662491107371
1032421250.0,-48.33577650308937
1032424375.0,-48.316379293566946
1032427500.0,-48.28843561924262
1032430625.0,-48.272068170752256
1032433750.0,-48.241920754492654
1032436875.0,-48.23248722234975
1032440000.0,-48.19919508948557
1032443125.0,-48.168209042918285
1032446250.0,-48.15251698405831
1032449375.0,-48.136362730559355
1032452500.0,-48.11827921401067
1032455625.0,-48.07892919930677
1032458750.0,-48.048051175693054
1032461875.0,-48.034726442
1032465000.0,-48.01616176726151
1032468125.0,-47.99168924767332
1032471250.0,-47.956172876518664
1032474375.0,-47.936223600905805
1032477500.0,-47.93296585138468
1032480625.0,-47.90172217918397
1032483750.0,-47.875419661186655
1032486875.0,-47.852130199625016
1032490000.0,-47.82294781278596
1032493125.0,-47.79928199599324
1032496250.0,-47.770685858042164
1032499375.0,-47.742981942138194
1032502500.0,-47.73397481972539
1032505625.0,-47.69845297110373
1032508750.0,-47.6752602381536
1032511875.0,-47.65111838715699
1032515000.0,-47.63375780071521
1032518125.0,-47.610626288557825
1032521250.0,-47.57047373660934
1032524375.0,-47.55966324266641
1032527500.0,-47.52655586578094
1032530625.0,-47.51037059666003
1032533750.0,-47.496318429271064
1032536875.0,-47.44893024033207
1032540000.0,-47.421587895924134
1032543125.0,-47.40839020630269
1032546250.0,-47.37667994554681
1032549375.0,-47.35521882089833
1032552500.0,-47.325733350759556
1032555625.0,-47.30778826915976
1032558750.0,-47.27511788509614
1032561875.0,-47.248551023108185
1032565000.0,-47.22747080767735
1032568125.0,-47.1985751290018
1032571250.0,-47.164381149299494
1032574375.0,-47.15177468299194
1032577500.0,-47.12533951517717
1032580625.0,-47.09215492269969
1032583750.0,-47.06703494353367
1032586875.0,-47.05246998939693
1032590000.0,-47.013760792605055
1032593125.0,-46.97486536160698
1032596250.0,-46.96286676443618
1032599375.0,-46.93226268613549
1032602500.0,-46.912025757765974
1032605625.0,-46.888524532110544
1032608750.0,-46.865667726747894
1032611875.0,-46.83338350068424
1032615000.0,-46.801221994445136
1032618125.0,-46.771984007640185
1032621250.0,-46.75331372777704
1032624375.0,-46.72783047874062
1032627500.0,-46.6928746375227
1032630625.0,-46.6725557415895
1032633750.0,-46.644581356768605
1032636875.0,-46.61118101151153
1032640000.0,-46.59089211422842
1032643125.0,-46.554516424103824
1032646250.0,-46.52942087826566
1032649375.0,-46.49962264991216
1032652500.0,-46.47934414332264
1032655625.0,-46.45039150350916
1032658750.0,-46.41183132068431
1032661875.0,-46.39138907342626
1032665000.0,-46.35729280939207
1032668125.0,-46.33341924485797
1032671250.0,-46.305056361662515
1032674375.0,-46.27779170415323
1032677500.0,-46.24790738474157
1032680625.0,-46.217671947189004
1032683750.0,-46.18133199711161
1032686875.0,-46.16303042957664
1032690000.0,-46.12825564583753
1032693125.0,-46.09721405427748
1032696250.0,-46.07387689198307
1032699375.0,-46.04377891370207
1032702500.0,-46.01733076993842
1032705625.0,-45.99276595518615
1032708750.0,-45.964158958922944
1032711875.0,-45.9263723340917
1032715000.0,-45.90424347621
1032718125.0,-45.871473776138146
1032721250.0,-45.845100156265474
1032724375.0,-45.811022027108805
1032727500.0,-45.78328173490708
1032730625.0,-45.73869612352682
1032733750.0,-45.716432306266164
1032736875.0,-45.6802015522669
1032740000.0,-45.65913925190426
1032743125.0,-45.61746011363467
1032746250.0,-45.59506119960674
1032749375.0,-45.56245903283769
1032752500.0,-45.52442345771215
1032755625.0,-45.49537247526612
1032758750.0,-45.469812603335974
1032761875.0,-45.43300751477978
1032765000.0,-45.400998657198905
1032768125.0,-45.37088230672678
1032771250.0,-45.341611042370054
1032774375.0,-45.30762925190669
1032777500.0,-45.274687996880004
1032780625.0,-45.241423066994955
1032783750.0,-45.20845521626264
1032786875.0,-45.182214842176066
1032790000.0,-45.153446051366565
1032793125.0,-45.11019057046284
1032796250.0,-45.08599032791485
1032799375.0,-45.056465258473864
1032802500.0,-45.0170816567296
1032805625.0,-44.99067506338592
1032808750.0,-44.95827140942041
1032811875.0,-44.91677717303417
1032815000.0,-44.88752817856375
1032818125.0,-44.857432251381645
1032821250.0,-44.81120242682966
1032824375.0,-44.78435629174165
1032827500.0,-44.75612338040002
1032830625.0,-44.71341997860272
1032833750.0,-44.68438898290555
1032836875.0,-44.643609749605154
1032840000.0,-44.60939493814774
1032843125.0,-44.58246909568385
1032846250.0,-44.54148259255732
1032849375.0,-44.51166151656534
1032852500.0,-44.47151959207456
1032855625.0,-44.43770454674302
1032858750.0,-44.41033502628095
1032861875.0,-44.3719010145709
1032865000.0,-44.3342217426083
1032868125.0,-44.30933349382106
1032871250.0,-44.260972177745735
1032874375.0,-44.2311539280167
1032877500.0,-44.19533682848967
1032880625.0,-44.15863002123869
1032883750.0,-44.126561209726944
1032886875.0,-44.086709648002774
1032890000.0,-44.053649956004
1032893125.0,-44.00978010402982
1032896250.0,-43.97561952639523
1032899375.0,-43.93696813413653
1032902500.0,-43.896663577975595
1032905625.0,-43.85634225789986
1032908750.0,-43.81988715783767
1032911875.0,-43.78686188909425
1032915000.0,-43.753708635129996
1032918125.0,-43.710949790129355
1032921250.0,-43.67637975350953
1032924375.0,-43.630346117574014
1032927500.0,-43.59783384831799
1032930625.0,-43.56086085393753
1032933750.0,-43.519078943676675
1032936875.0,-43.48033543555901
1032940000.0,-43.442729905135366
1032943125.0,-43.39912396562175
1032946250.0,-43.36440417275249
1032949375.0,-43.3238865074786
1032952500.0,-43.28084667894177
1032955625.0,-43.24154183416697
1032958750.0,-43.20447673232597
1032961875.0,-43.16522864817919
1032965000.0,-43.12445538002389
1032968125.0,-43.08298638910414
1032971250.0,-43.03442085412289
1032974375.0,-42.99975630196573
1032977500.0,-42.95513175665596
1032980625.0,-42.92243278528016
1032983750.0,-42.876222959180076
1032986875.0,-42.831740316567306
1032990000.0,-42.789335360945934
1032993125.0,-42.751912404850415
1032996250.0,-42.705592715221194
1032999375.0,-42.66005597996851
1033002500.0,-42.623228370730025
1033005625.0,-42.57804339457525
1033008750.0,-42.534243539660785
1033011875.0,-42.489349582210316
1033015000.0,-42.44647661636592
1033018125.0,-42.401323377563095
1033021250.0,-42.35639467454014
1033024375.0,-42.317580600469974
1033027500.0,-42.27092164195324
1033030625.0,-42.22627846973578
1033033750.0,-42.184205145491894
1033036875.0,-42.14051196239985
1033040000.0,-42.09884392394724
1033043125.0,-42.0451763356619
1033046250.0,-42.0020035724924
1033049375.0,-41.96233936117413
1033052500.0,-41.90981106755816
1033055625.0,-41.8620603279212
1033058750.0,-41.8240431658358
1033061875.0,-41.774574873307415
1033065000.0,-41.726503878865415
1033068125.0,-41.67323176748243
1033071250.0,-41.62763184990613
1033074375.0,-41.579894308463935
1033077500.0,-41.528972793052446
1033080625.0,-41.48438009143824
1033083750.0,-41.43379856322069
1033086875.0,-41.38372816997335
1033090000.0,-41.33345600389647
1033093125.0,-41.286169795419006
1033096250.0,-41.23455241416053
1033099375.0,-41.18832660864216
1033102500.0,-41.13955887519282
1033105625.0,-41.083009129718
1033108750.0,-41.03942399591808
1033111875.0,-40.983050936060415
1033115000.0,-40.93265626521751
1033118125.0,-40.877034953801335
1033121250.0,-40.82813873470868
1033124375.0,-40.77433556080432
1033127500.0,-40.7232670054253
1033130625.0,-40.66737953025273
1033133750.0,-40.614709341770336
1033136875.0,-40.56792183553998
1033140000.0,-40.514701797541846
1033143125.0,-40.455637391978165
1033146250.0,-40.401974466532415
1033149375.0,-40.346619774615924
1033152500.0,-40.293152862530846
1033155625.0,-40.23542063291459
1033158750.0,-40.17884052516942
1033161875.0,-40.12335256427154
1033165000.0,-40.07285404557587
1033168125.0,-40.01280914884648
1033171250.0,-39.95919649564028
1033174375.0,-39.901575895244235
1033177500.0,-39.84036597404294
1033180625.0,-39.78095095006535
1033183750.0,-39.72174637596404
1033186875.0,-39.66554093869325
1033190000.0,-39.608583074979514
1033193125.0,-39.54823440072587
1033196250.0,-39.48970652231286
1033199375.0,-39.42819248679884
1033202500.0,-39.36667135335333
1033205625.0,-39.3065177807307
1033208750.0,-39.24126541254052
1033211875.0,-39.180661009113976
1033215000.0,-39.12234614279967
1033218125.0,-39.052284691249305
1033221250.0,-38.99234858195377
1033224375.0,-38.92723736623759
1033227500.0,-38.865646486526934
1033230625.0,-38.80308246681407
1033233750.0,-38.737454177925294
1033236875.0,-38.665486900771334
1033240000.0,-38.60724096393763
1033243125.0,-38.54478032862361
1033246250.0,-38.47443767610375
1033249375.0,-38.40320140233613
1033252500.0,-38.34076424388024
1033255625.0,-38.26910559217782
1033258750.0,-38.19952490607812
1033261875.0,-38.131109069420226
1033265000.0,-38.063391338587316
1033268125.0,-37.99101524055878
1033271250.0,-37.9216643186359
1033274375.0,-37.84800469269319
1033277500.0,-37.778829547350604
1033280625.0,-37.705597557517805
1033283750.0,-37.633304714100255
1033286875.0,-37.559614008370914
1033290000.0,-37.48689820939743
1033293125.0,-37.41385446049478
1033296250.0,-37.336570472348065
1033299375.0,-37.26065411502416
1033302500.0,-37.18558338120122
1033305625.0,-37.11062932492989
1033308750.0,-37.02991177540296
1033311875.0,-36.952670494554766
1033315000.0,-36.87125005727312
1033318125.0,-36.79177881306366
1033321250.0,-36.71140119800995
1033324375.0,-36.63493827800088
1033327500.0,-36.554053098231876
1033330625.0,-36.46979984891985
1033333750.0,-36.38877507719465
1033336875.0,-36.30505485001303
1033340000.0,-36.21938233875331
1033343125.0,-36.136864512600695
1033346250.0,-36.05265210810026
1033349375.0,-35.96546410981011
1033352500.0,-35.877313833714645
1033355625.0,-35.792542445854274
1033358750.0,-35.70317333666818
1033361875.0,-35.615786625155536
1033365000.0,-35.525116418277754
1033368125.0,-35.43482533324732
1033371250.0,-35.34414254692478
1033374375.0,-35.25123464788274
1033377500.0,-35.158702447458374
1033380625.0,-35.06377409812057
1033383750.0,-34.97237221992374
1033386875.0,-34.87908823802731
1033390000.0,-34.78309759785639
1033393125.0,-34.68608085832642
1033396250.0,-34.58351261700231
1033399375.0,-34.48514287161432
1033402500.0,-34.386092790130334
1033405625.0,-34.29141236241389
1033408750.0,-34.18679508469674
1033411875.0,-34.08215614127571
1033415000.0,-33.98208652130636
1033418125.0,-33.8769447507419
1033421250.0,-33.77320658078148
1033424375.0,-33.66741719824635
1033427500.0,-33.562089036819565
1033430625.0,-33.45341522650207
1033433750.0,-33.34372304521518
1033436875.0,-33.23679040879877
1033440000.0,-33.124465679162036
1033443125.0,-33.01179251100444
1033446250.0,-32.90024680783219
1033449375.0,-32.78901350365492
1033452500.0,-32.675781313215104
1033455625.0,-32.56045549268253
1033458750.0,-32.44533282378569
1033461875.0,-32.32919672285627
1033465000.0,-32.211624091358885
1033468125.0,-32.09208411849203
1033471250.0,-31.97518539316386
1033474375.0,-31.855943548080678
1033477500.0,-31.736194406028787
1033480625.0,-31.613671550717225
1033483750.0,-31.49210166106464
1033486875.0,-31.369845068044693
1033490000.0,-31.24872820685057
1033493125.0,-31.12356870855025
1033496250.0,-30.999831852198263
1033499375.0,-30.87475997953117
1033502500.0,-30.750869906919657
1033505625.0,-30.625155249035785
1033508750.0,-30.498912083945118
1033511875.0,-30.374514976996426
1033515000.0,-30.247963561651908
1033518125.0,-30.121683460620872
1033521250.0,-29.996390458687536
1033524375.0,-29.87287490308962
1033527500.0,-29.74589798606331
1033530625.0,-29.621332436020282
1033533750.0,-29.49813304947995
1033536875.0,-29.374355209046787
1033540000.0,-29.253314917675553
1033543125.0,-29.134061987592435
1033546250.0,-29.012946293256597
1033549375.0,-28.89485837329821
1033552500.0,-28.7795908518008
1033555625.0,-28.664612376594363
1033558750.0,-28.554275955465183
1033561875.0,-28.44621713997772
1033565000.0,-28.34038573916685
1033568125.0,-28.23768637108592
1033571250.0,-28.137747813505598
1033574375.0,-28.041588047858077
1033577500.0,-27.949825086278537
1033580625.0,-27.863421610046153
1033583750.0,-27.781286546240484
1033586875.0,-27.70427991641224
1033590000.0,-27.630464249193
1033593125.0,-27.56361052826177
1033596250.0,-27.503171789090473
1033599375.0,-27.449804462378577
1033602500.0,-27.40062928764938
1033605625.0,-27.358550424565298
1033608750.0,-27.324339469953344
1033611875.0,-27.29506575318647
1033615000.0,-27.27368230987398
1033618125.0,-27.25913587628526
1033621250.0,-27.25259870066911
1033624375.0,-27.253815809873313
1033627500.0,-27.26052223612048
1033630625.0,-27.276348596572696
1033633750.0,-27.297781828568922
1033636875.0,-27.326870998673005
1033640000.0,-27.36332690441676
1033643125.0,-27.40655838987535
1033646250.0,-27.45413719341267
1033649375.0,-27.51041262084959
1033652500.0,-27.570714285206233
1033655625.0,-27.638523830226134
1033658750.0,-27.71092430837559
1033661875.0,-27.788103562228745
1033665000.0,-27.870863074894174
1033668125.0,-27.958432021004214
1033671250.0,-28.05044413448255
1033674375.0,-28.146805982419522
1033677500.0,-28.24550318121325
1033680625.0,-28.348458413629174
1033683750.0,-28.453091629980676
1033686875.0,-28.562310948467708
1033690000.0,-28.67375970040084
1033693125.0,-28.787983219544124
1033696250.0,-28.903217660112066
1033699375.0,-29.020251453906532
1033702500.0,-29.139929148933575
1033705625.0,-29.260717077748918
1033708750.0,-29.380745031979195
1033711875.0,-29.50248495715965
1033715000.0,-29.625810464806268
1033718125.0,-29.750606132670743
1033721250.0,-29.87576649352894
1033724375.0,-30.000354879722117
1033727500.0,-30.124419369654237
1033730625.0,-30.249027089025383
1033733750.0,-30.37355312515405
1033736875.0,-30.500814648795924
1033740000.0,-30.626324921938973
1033743125.0,-30.751207863478246
1033746250.0,-30.873637745193257
1033749375.0,-30.9955923965346
1033752500.0,-31.120425487786406
1033755625.0,-31.243649453289237
1033758750.0,-31.367898877267372
1033761875.0,-31.48743369519464
1033765000.0,-31.607872601194895
1033768125.0,-31.727355019435624
1033771250.0,-31.847058134768446
1033774375.0,-31.96680292541571
1033777500.0,-32.08470364954044
1033780625.0,-32.20136107181743
1033783750.0,-32.31784409242527
1033786875.0,-32.432117470696376
1033790000.0,-32.54668885899835
1033793125.0,-32.65892648379087
1033796250.0,-32.77403852203087
1033799375.0,-32.88561043593023
1033802500.0,-32.99750567459492
1033805625.0,-33.108278513844674
1033808750.0,-33.214531043826206
1033811875.0,-33.325516982135895
1033815000.0,-33.43098007931527
1033818125.0,-33.5363556394301
1033821250.0,-33.64400037503325
1033824375.0,-33.74695235876887
1033827500.0,-33.85197704816752
1033830625.0,-33.951873793566804
1033833750.0,-34.05527973003131
1033836875.0,-34.15865298956144
1033840000.0,-34.255810839624615
1033843125.0,-34.35486782817828
1033846250.0,-34.454286089190994
1033849375.0,-34.55288302666315
1033852500.0,-34.64921898233381
1033855625.0,-34.74801042810143
1033858750.0,-34.84126265288241
1033861875.0,-34.933816112101205
1033865000.0,-35.02828751785478
1033868125.0,-35.1214410802246
1033871250.0,-35.213121420604686
1033874375.0,-35.302821315060434
1033877500.0,-35.395422340888594
1033880625.0,-35.48482002326252
1033883750.0,-35.57088722138149
1033886875.0,-35.660934451654164
1033890000.0,-35.74453869915719
1033893125.0,-35.83418289462493
1033896250.0,-35.91869473623468
1033899375.0,-36.00506640701791
1033902500.0,-36.08933558661035
1033905625.0,-36.174620833100946
1033908750.0,-36.256161521125065
1033911875.0,-36.33919092562761
1033915000.0,-36.41733124052524
1033918125.0,-36.50097462274544
1033921250.0,-36.58287221343748
1033924375.0,-36.66041671465717
1033927500.0,-36.73825238939487
1033930625.0,-36.82057995376767
1033933750.0,-36.89557365156469
1033936875.0,-36.9754291734756
1033940000.0,-37.04868768769709
1033943125.0,-37.12667811475085
1033946250.0,-37.20079024225688
1033949375.0,-37.27335292616394
1033952500.0,-37.351368033587086
1033955625.0,-37.42359648641881
1033958750.0,-37.49646447153865
1033961875.0,-37.569200008219084
1033965000.0,-37.640162781294705
1033968125.0,-37.712388467688385
1033971250.0,-37.785550791286994
1033974375.0,-37.85640306023902
1033977500.0,-37.92604989010178
1033980625.0,-37.99302870610925
1033983750.0,-38.06579045973524
1033986875.0,-38.134291991010535
1033990000.0,-38.20017798636139
1033993125.0,-38.26550726334402
1033996250.0,-38.33569450609455
1033999375.0,-38.39907450954256
1034002500.0,-38.465435975752804
1034005625.0,-38.53198851254324
1034008750.0,-38.594366501134104
1034011875.0,-38.65939189639666
1034015000.0,-38.72503146501637
1034018125.0,-38.78503842799631
1034021250.0,-38.852470557858574
1034024375.0,-38.91522058543538
1034027500.0,-38.97543159129395
1034030625.0,-39.039944054325765
1034033750.0,-39.10485037552598
1034036875.0,-39.1616560501132
1034040000.0,-39.22346072897766
1034043125.0,-39.2810438282363
1034046250.0,-39.34191588137957
1034049375.0,-39.40325804839669
1034052500.0,-39.46101541562865
1034055625.0,-39.52197380301821
1034058750.0,-39.58004284864923
1034061875.0,-39.634256989139985
1034065000.0,-39.689811797060486
1034068125.0,-39.75181048564895
1034071250.0,-39.80436083062307
1034074375.0,-39.867866320732475
1034077500.0,-39.91456991273853
1034080625.0,-39.97975272946194
1034083750.0,-40.032381371372345
1034086875.0,-40.08789568722021
1034090000.0,-40.14218849220493
1034093125.0,-40.20211493393419
1034096250.0,-40.251049008338434
1034099375.0,-40.30494600107697
1034102500.0,-40.3626200632732
1034105625.0,-40.41525010822965
1034108750.0,-40.465453931799274
1034111875.0,-40.51366067332658
1034115000.0,-40.56717665188383
1034118125.0,-40.62190985413972
1034121250.0,-40.674630274875845
1034124375.0,-40.72146067110985
1034127500.0,-40.7796202443837
1034130625.0,-40.8275095171797
1034133750.0,-40.87850140172207
1034136875.0,-40.930333648693086
1034140000.0,-40.977100031582125
1034143125.0,-41.02854874177386
1034146250.0,-41.0778844459431
1034149375.0,-41.12775376641187
1034152500.0,-41.176475184591425
1034155625.0,-41.224867356875315
1034158750.0,-41.27440556542685
1034161875.0,-41.3216829555269
1034165000.0,-41.36603841493323
1034168125.0,-41.416850479288385
1034171250.0,-41.46577633136092
1034174375.0,-41.50992755225949
1034177500.0,-41.55756998133346
1034180625.0,-41.60637596509763
1034183750.0,-41.65606216358835
1034186875.0,-41.69375602524039
1034190000.0,-41.744295462153616
1034193125.0,-41.79488575623361
1034196250.0,-41.83338511670754
1034199375.0,-41.871412904409404
1034202500.0,-41.92452476025074
1034205625.0,-41.96662881200501
1034208750.0,-42.01262734918056
1034211875.0,-42.05368143484572
1034215000.0,-42.10264561037776
1034218125.0,-42.145643274032665
1034221250.0,-42.18905689040421
1034224375.0,-42.23434264081529
1034227500.0,-42.27499069281379
1034230625.0,-42.3203811105127
1034233750.0,-42.358087128003845
1034236875.0,-42.40271705620977
1034240000.0,-42.44819080069303
1034243125.0,-42.49247104882794
1034246250.0,-42.529979732059644
1034249375.0,-42.575860128227546
1034252500.0,-42.61472365804179
1034255625.0,-42.6570379522315
1034258750.0,-42.70094356700239
1034261875.0,-42.74012307233629
1034265000.0,-42.783734837119084
1034268125.0,-42.8179984831499
1034271250.0,-42.858556575720996
1034274375.0,-42.89403582014353
1034277500.0,-42.94191194548041
1034280625.0,-42.9812093542226
1034283750.0,-43.01902633185702
1034286875.0,-43.06823405709195
1034290000.0,-43.09614998595781
1034293125.0,-43.14061049824464
1034296250.0,-43.182294882464255
1034299375.0,-43.22327206583915
1034302500.0,-43.25434017425442
1034305625.0,-43.290262788605204
1034308750.0,-43.33202674638076
1034311875.0,-43.365639907737354
1034315000.0,-43.40646200343206
1034318125.0,-43.44901030234849
1034321250.0,-43.48719727554023
1034324375.0,-43.521750904344444
1034327500.0,-43.55959672781312
1034330625.0,-43.59813178187528
1034333750.0,-43.6355055909137
1034336875.0,-43.66853653869184
1034340000.0,-43.70135334023667
1034343125.0,-43.7396305890723
1034346250.0,-43.778310162754146
1034349375.0,-43.816566657150645
1034352500.0,-43.856865477701774
1034355625.0,-43.88319600502327
1034358750.0,-43.93093287674072
1034361875.0,-43.967260954192625
1034365000.0,-43.99702132600674
1034368125.0,-44.02918728108321
1034371250.0,-44.06386479476368
1034374375.0,-44.101949841219295
1034377500.0,-44.139137790590915
1034380625.0,-44.17145667704225
1034383750.0,-44.2026707548525
1034386875.0,-44.23772371388007
1034390000.0,-44.277043672860174
1034393125.0,-44.31400296072332
1034396250.0,-44.34575796260786
1034399375.0,-44.37740866011061
1034402500.0,-44.39847432459853
1034405625.0,-44.442727969198465
1034408750.0,-44.47689256103658
1034411875.0,-44.51709863067088
1034415000.0,-44.539767236568885
1034418125.0,-44.57547610265626
1034421250.0,-44.61278579821093
1034424375.0,-44.64468013264563
1034427500.0,-44.67720619263398
1034430625.0,-44.7123565030045
1034433750.0,-44.74335750648479
1034436875.0,-44.77040572979203
1034440000.0,-44.803698445629884
1034443125.0,-44.83743239787383
1034446250.0,-44.86356340708703
1034449375.0,-44.90610066035708
1034452500.0,-44.93311032770031
1034455625.0,-44.96252219773649
1034458750.0,-45.00348166864073
1034461875.0,-45.02883905070995
1034465000.0,-45.05961424105845
1034468125.0,-45.08679871463472
1034471250.0,-45.12371716039416
1034474375.0,-45.15421888772236
1034477500.0,-45.18514033951775
1034480625.0,-45.2148955833577
1034483750.0,-45.24384959284418
1034486875.0,-45.282535400943985
1034490000.0,-45.307200505644325
1034493125.0,-45.339548299591755
1034496250.0,-45.37699556329207
1034499375.0,-45.40882380792951
1034502500.0,-45.433850506651616
1034505625.0,-45.454067876920625
1034508750.0,-45.49084743165116
1034511875.0,-45.51951203144309
1034515000.0,-45.55097880522638
1034518125.0,-45.583218160916715
1034521250.0,-45.608360706640575
1034524375.0,-45.633652528998574
1034527500.0,-45.668868942887016
1034530625.0,-45.69270050916244
1034533750.0,-45.732238708469964
1034536875.0,-45.75832290347721
1034540000.0,-45.77945480403097
1034543125.0,-45.81719565463566
1034546250.0,-45.83752065277295
1034549375.0,-45.86760455357946
1034552500.0,-45.89315774018128
1034555625.0,-45.923869843144004
1034558750.0,-45.95210139471204
1034561875.0,-45.98094361943795
1034565000.0,-46.00948305557527
1034568125.0,-46.03656977765163
1034571250.0,-46.06196081414778
1034574375.0,-46.08979758115469
1034577500.0,-46.123672299879686
1034580625.0,-46.14902750582507
1034583750.0,-46.17326823775772
1034586875.0,-46.20448243876894
1034590000.0,-46.22832286825074
1034593125.0,-46.26547689414364
1034596250.0,-46.275539242062735
1034599375.0,-46.31840173095885
1034602500.0,-46.341027336338804
1034605625.0,-46.37519517429799
1034608750.0,-46.39914407202914
1034611875.0,-46.42611073612194
1034615000.0,-46.450634931607055
1034618125.0,-46.47133172488454
1034621250.0,-46.505247010180994
1034624375.0,-46.52879049510186
1034627500.0,-46.55927438161795
1034630625.0,-46.58564349481103
1034633750.0,-46.604080742397514
1034636875.0,-46.63526570456853
1034640000.0,-46.66127182551774
1034643125.0,-46.68369990840456
1034646250.0,-46.711783850325936
1034649375.0,-46.73979456724865
1034652500.0,-46.76633091070192
1034655625.0,-46.783875315934615
1034658750.0,-46.81588198212586
1034661875.0,-46.83997181171069
1034665000.0,-46.86664667919712
1034668125.0,-46.88513878879134
1034671250.0,-46.91244541340048
1034674375.0,-46.941863886127585
1034677500.0,-46.9593706099534
1034680625.0,-46.98836381950385
1034683750.0,-47.00623044964987
1034686875.0,-47.04395375185444
1034690000.0,-47.06384537999624
1034693125.0,-47.09673158956043
1034696250.0,-47.115082567129726
1034699375.0,-47.14407091255816
1034702500.0,-47.16428249941986
1034705625.0,-47.182422726242606
1034708750.0,-47.208764851886684
1034711875.0,-47.232671786290396
1034715000.0,-47.26528175880545
1034718125.0,-47.286955264525915
1034721250.0,-47.31081510968102
1034724375.0,-47.33434567541902
1034727500.0,-47.35399544898758
1034730625.0,-47.391197717279255
1034733750.0,-47.40552246943644
1034736875.0,-47.42688415234085
1034740000.0,-47.450336017689075
1034743125.0,-47.46990811222689
1034746250.0,-47.49328981321394
1034749375.0,-47.5355439706807
1034752500.0,-47.54282171845686
1034755625.0,-47.576646771735625
1034758750.0,-47.59461862061417
1034761875.0,-47.61042820375312
1034765000.0,-47.64260854878018
1034768125.0,-47.65429369234206
1034771250.0,-47.679484068102965
1034774375.0,-47.70352564275802
1034777500.0,-47.72755611578145
1034780625.0,-47.75324574806931
1034783750.0,-47.774470412404206
1034786875.0,-47.789528289568324
1034790000.0,-47.81909208202142
1034793125.0,-47.845839729016234
1034796250.0,-47.86525320251094
1034799375.0,-47.88737740250493
1034802500.0,-47.89975227482157
1034805625.0,-47.939905183799794
1034808750.0,-47.957430811404095
1034811875.0,-47.98900587542146
1034815000.0,-48.00697291535154
1034818125.0,-48.020837773035765
1034821250.0,-48.05034778190893
1034824375.0,-48.072572001008055
1034827500.0,-48.09260993884039
1034830625.0,-48.112760629894844
1034833750.0,-48.13390395813992
1034836875.0,-48.155657164579885
1034840000.0,-48.16993875058615
1034843125.0,-48.19409484959256
1034846250.0,-48.21967813095952
1034849375.0,-48.24837119866576
1034852500.0,-48.267437935875996
1034855625.0,-48.290447471728804
1034858750.0,-48.32195087716563
1034861875.0,-48.33226642530881
1034865000.0,-48.34953638925805
1034868125.0,-48.37832937305071
1034871250.0,-48.39782813424151
1034874375.0,-48.42251223549068
1034877500.0,-48.428853331467494
1034880625.0,-48.45680690521314
1034883750.0,-48.48405058699361
1034886875.0,-48.508824500328174
1034890000.0,-48.52262542920282
1034893125.0,-48.54037041501439
1034896250.0,-48.55477833678724
1034899375.0,-48.58248713118029
1034902500.0,-48.59446501306708
1034905625.0,-48.626284786691194
1034908750.0,-48.653212288731915
1034911875.0,-48.661311385491956
1034915000.0,-48.6905102988002
1034918125.0,-48.69998436739748
1034921250.0,-48.73543504667283
1034924375.0,-48.748722914582515
1034927500.0,-48.75751636477691
1034930625.0,-48.78339169381519
1034933750.0,-48.80841910780694
1034936875.0,-48.83023619009637
1034940000.0,-48.851625919159794
