7320268125.0,-37.31537
7320269062.5,-37.31286
7320270000.0,-37.31174
7320270937.5,-37.31216
7320271875.0,-37.30525
7320272812.5,-37.3277
7320273750.0,-37.31169
7320274687.5,-37.31313
7320275625.0,-37.31021
7320276562.5,-37.32017
7320277500.0,-37.33121
7320278437.5,-37.30712
7320279375.0,-37.30288
7320280312.5,-37.30639
7320281250.0,-37.32161
7320282187.5,-37.32798
7320283125.0,-37.30656
7320284062.5,-37.2957
7320285000.0,-37.31358
7320285937.5,-37.30719
7320286875.0,-37.32531
7320287812.5,-37.30442
7320288750.0,-37.29575
7320289687.5,-37.31211
7320290625.0,-37.30121
7320291562.5,-37.29596
7320292500.0,-37.31315
7320293437.5,-37.31537
7320294375.0,-37.31408
7320295312.5,-37.31752
7320296250.0,-37.30396
7320297187.5,-37.30402
7320298125.0,-37.30238
7320299062.5,-37.30035
7320300000.0,-37.30012
7320300937.5,-37.3024
7320301875.0,-37.31741
7320302812.5,-37.31057
7320303750.0,-37.29823
7320304687.5,-37.29795
7320305625.0,-37.30828
7320306562.5,-37.30762
7320307500.0,-37.30904
7320308437.5,-37.2976
7320309375.0,-37.29971
7320310312.5,-37.31115
7320311250.0,-37.30935
7320312187.5,-37.29416
7320313125.0,-37.29776
7320314062.5,-37.29898
7320315000.0,-37.29528
7320315937.5,-37.29965
7320316875.0,-37.2963
7320317812.5,-37.2998
7320318750.0,-37.29422
7320319687.5,-37.29352
7320320625.0,-37.29065
7320321562.5,-37.28774
7320322500.0,-37.28737
7320323437.5,-37.28952
7320324375.0,-37.28756
7320325312.5,-37.30106
7320326250.0,-37.30253
7320327187.5,-37.29069
7320328125.0,-37.29668
7320329062.5,-37.30082
7320330000.0,-37.28857
7320330937.5,-37.28003
7320331875.0,-37.28598
7320332812.5,-37.29417
7320333750.0,-37.28912
7320334687.5,-37.27713
7320335625.0,-37.28624
7320336562.5,-37.2879
7320337500.0,-37.29269
7320338437.5,-37.2867
7320339375.0,-37.27078
7320340312.5,-37.28935
7320341250.0,-37.27888
7320342187.5,-37.28929
7320343125.0,-37.28147
7320344062.5,-37.26995
7320345000.0,-37.27415
7320345937.5,-37.26749
7320346875.0,-37.29974
7320347812.5,-37.29872
7320348750.0,-37.26569
7320349687.5,-37.29289
7320350625.0,-37.28129
7320351562.5,-37.2768
7320352500.0,-37.27948
7320353437.5,-37.28323
7320354375.0,-37.28588
7320355312.5,-37.28873
7320356250.0,-37.27795
7320357187.5,-37.27961
7320358125.0,-37.27292
7320359062.5,-37.2809
7320360000.0,-37.26424
7320360937.5,-37.2799
7320361875.0,-37.28713
7320362812.5,-37.26698
7320363750.0,-37.27526
7320364687.5,-37.2781
7320365625.0,-37.28397
7320366562.5,-37.28669
7320367500.0,-37.27237
7320368437.5,-37.28569
7320369375.0,-37.2817
7320370312.5,-37.25772
7320371250.0,-37.28043
7320372187.5,-37.26718
7320373125.0,-37.27518
7320374062.5,-37.27612
7320375000.0,-37.27163
7320375937.5,-37.2728
7320376875.0,-37.26493
7320377812.5,-37.25858
7320378750.0,-37.27359
7320379687.5,-37.26713
7320380625.0,-37.26251
7320381562.5,-37.26284
7320382500.0,-37.27796
7320383437.5,-37.2746
7320384375.0,-37.26637
7320385312.5,-37.25546
7320386250.0,-37.25423
7320387187.5,-37.26722
7320388125.0,-37.26466
7320389062.5,-37.27538
7320390000.0,-37.25525
7320390937.5,-37.26733
7320391875.0,-37.26536
7320392812.5,-37.25544
7320393750.0,-37.26886
7320394687.5,-37.25882
7320395625.0,-37.27025
7320396562.5,-37.26309
7320397500.0,-37.2598
7320398437.5,-37.27275
7320399375.0,-37.26862
7320400312.5,-37.25781
7320401250.0,-37.24541
7320402187.5,-37.24665
7320403125.0,-37.25663
7320404062.5,-37.25159
7320405000.0,-37.24467
7320405937.5,-37.25819
7320406875.0,-37.25243
7320407812.5,-37.25764
7320408750.0,-37.25005
7320409687.5,-37.26529
7320410625.0,-37.25826
7320411562.5,-37.2514
7320412500.0,-37.27391
7320413437.5,-37.25315
7320414375.0,-37.24484
7320415312.5,-37.24247
7320416250.0,-37.24837
7320417187.5,-37.23973
7320418125.0,-37.23528
7320419062.5,-37.23897
7320420000.0,-37.25652
7320420937.5,-37.24681
7320421875.0,-37.24634
7320422812.5,-37.25331
7320423750.0,-37.23527
7320424687.5,-37.23678
7320425625.0,-37.245
7320426562.5,-37.23633
7320427500.0,-37.24289
7320428437.5,-37.23784
7320429375.0,-37.24877
7320430312.5,-37.24325
7320431250.0,-37.24786
7320432187.5,-37.2398
7320433125.0,-37.23443
7320434062.5,-37.23879
7320435000.0,-37.24829
7320435937.5,-37.24021
7320436875.0,-37.24177
7320437812.5,-37.24096
7320438750.0,-37.25043
7320439687.5,-37.24155
7320440625.0,-37.24108
7320441562.5,-37.23358
7320442500.0,-37.23279
7320443437.5,-37.23619
7320444375.0,-37.22086
7320445312.5,-37.23344
7320446250.0,-37.22924
7320447187.5,-37.23208
7320448125.0,-37.22806
7320449062.5,-37.24938
7320450000.0,-37.23144
7320450937.5,-37.22622
7320451875.0,-37.23396
7320452812.5,-37.22543
7320453750.0,-37.24133
7320454687.5,-37.23573
7320455625.0,-37.23552
7320456562.5,-37.23857
7320457500.0,-37.24035
7320458437.5,-37.21915
7320459375.0,-37.23018
7320460312.5,-37.20969
7320461250.0,-37.24069
7320462187.5,-37.23431
7320463125.0,-37.23378
7320464062.5,-37.22129
7320465000.0,-37.23028
7320465937.5,-37.2246
7320466875.0,-37.22443
7320467812.5,-37.227
7320468750.0,-37.23963
7320469687.5,-37.22894
7320470625.0,-37.23124
7320471562.5,-37.21783
7320472500.0,-37.21117
7320473437.5,-37.22444
7320474375.0,-37.22198
7320475312.5,-37.22903
7320476250.0,-37.20945
7320477187.5,-37.21238
7320478125.0,-37.21404
7320479062.5,-37.22336
7320480000.0,-37.22034
7320480937.5,-37.20876
7320481875.0,-37.23131
7320482812.5,-37.23085
7320483750.0,-37.22897
7320484687.5,-37.20107
7320485625.0,-37.20858
7320486562.5,-37.21838
7320487500.0,-37.21391
7320488437.5,-37.21643
7320489375.0,-37.2156
7320490312.5,-37.21253
7320491250.0,-37.20573
7320492187.5,-37.21732
7320493125.0,-37.20664
7320494062.5,-37.20979
7320495000.0,-37.21971
7320495937.5,-37.22143
7320496875.0,-37.20997
7320497812.5,-37.21502
7320498750.0,-37.21631
7320499687.5,-37.20163
7320500625.0,-37.20694
7320501562.5,-37.21138
7320502500.0,-37.19733
7320503437.5,-37.21614
7320504375.0,-37.19233
7320505312.5,-37.21562
7320506250.0,-37.21444
7320507187.5,-37.21177
7320508125.0,-37.20963
7320509062.5,-37.20004
7320510000.0,-37.19939
7320510937.5,-37.20509
7320511875.0,-37.19976
7320512812.5,-37.20847
7320513750.0,-37.19411
7320514687.5,-37.19691
7320515625.0,-37.20122
7320516562.5,-37.20947
7320517500.0,-37.20815
7320518437.5,-37.19328
7320519375.0,-37.20908
7320520312.5,-37.19438
7320521250.0,-37.19526
7320522187.5,-37.18702
7320523125.0,-37.20222
7320524062.5,-37.17867
7320525000.0,-37.19569
7320525937.5,-37.19085
7320526875.0,-37.18201
7320527812.5,-37.19017
7320528750.0,-37.18763
7320529687.5,-37.19288
7320530625.0,-37.18918
7320531562.5,-37.19336
7320532500.0,-37.18588
7320533437.5,-37.18305
7320534375.0,-37.19437
7320535312.5,-37.19685
7320536250.0,-37.19544
7320537187.5,-37.19007
7320538125.0,-37.1969
7320539062.5,-37.18794
7320540000.0,-37.19823
7320540937.5,-37.19447
7320541875.0,-37.18667
7320542812.5,-37.19144
7320543750.0,-37.19448
7320544687.5,-37.18632
7320545625.0,-37.18401
7320546562.5,-37.18359
7320547500.0,-37.19137
7320548437.5,-37.1927
7320549375.0,-37.18967
7320550312.5,-37.18872
7320551250.0,-37.18363
7320552187.5,-37.20438
7320553125.0,-37.19696
7320554062.5,-37.18125
7320555000.0,-37.18402
7320555937.5,-37.18113
7320556875.0,-37.18413
7320557812.5,-37.19607
7320558750.0,-37.17768
7320559687.5,-37.18317
7320560625.0,-37.18286
7320561562.5,-37.1806
7320562500.0,-37.17496
7320563437.5,-37.18719
7320564375.0,-37.17643
7320565312.5,-37.18958
7320566250.0,-37.18569
7320567187.5,-37.16423
7320568125.0,-37.18959
7320569062.5,-37.17459
7320570000.0,-37.18353
7320570937.5,-37.17839
7320571875.0,-37.19146
7320572812.5,-37.17524
7320573750.0,-37.18475
7320574687.5,-37.18175
7320575625.0,-37.174
7320576562.5,-37.16649
7320577500.0,-37.18258
7320578437.5,-37.1692
7320579375.0,-37.16977
7320580312.5,-37.17816
7320581250.0,-37.18184
7320582187.5,-37.1642
7320583125.0,-37.17724
7320584062.5,-37.18512
7320585000.0,-37.17097
7320585937.5,-37.16303
7320586875.0,-37.17115
7320587812.5,-37.17953
7320588750.0,-37.18276
7320589687.5,-37.17617
7320590625.0,-37.17267
7320591562.5,-37.17233
7320592500.0,-37.1637
7320593437.5,-37.16268
7320594375.0,-37.16048
7320595312.5,-37.16231
7320596250.0,-37.17478
7320597187.5,-37.15865
7320598125.0,-37.16552
7320599062.5,-37.17272
7320600000.0,-37.15795
7320600937.5,-37.15507
7320601875.0,-37.17191
7320602812.5,-37.16496
7320603750.0,-37.16737
7320604687.5,-37.16237
7320605625.0,-37.16245
7320606562.5,-37.16942
7320607500.0,-37.16064
7320608437.5,-37.15001
7320609375.0,-37.15813
7320610312.5,-37.15527
7320611250.0,-37.14875
7320612187.5,-37.14899
7320613125.0,-37.15435
7320614062.5,-37.14376
7320615000.0,-37.16801
7320615937.5,-37.16249
7320616875.0,-37.14915
7320617812.5,-37.16093
7320618750.0,-37.15316
7320619687.5,-37.16188
7320620625.0,-37.14633
7320621562.5,-37.16281
7320622500.0,-37.15227
7320623437.5,-37.15145
7320624375.0,-37.14577
7320625312.5,-37.15366
7320626250.0,-37.16098
7320627187.5,-37.14246
7320628125.0,-37.15592
7320629062.5,-37.15311
7320630000.0,-37.15416
7320630937.5,-37.1551
7320631875.0,-37.15591
7320632812.5,-37.15126
7320633750.0,-37.15721
7320634687.5,-37.14943
7320635625.0,-37.14661
7320636562.5,-37.14931
7320637500.0,-37.13577
7320638437.5,-37.14566
7320639375.0,-37.14245
7320640312.5,-37.14988
7320641250.0,-37.12232
7320642187.5,-37.15762
7320643125.0,-37.14087
7320644062.5,-37.12908
7320645000.0,-37.14219
7320645937.5,-37.14437
7320646875.0,-37.1504
7320647812.5,-37.1454
7320648750.0,-37.1401
7320649687.5,-37.13091
7320650625.0,-37.14092
7320651562.5,-37.15316
7320652500.0,-37.14581
7320653437.5,-37.12965
7320654375.0,-37.15075
7320655312.5,-37.13489
7320656250.0,-37.14212
7320657187.5,-37.1529
7320658125.0,-37.14348
7320659062.5,-37.14349
7320660000.0,-37.14941
7320660937.5,-37.14842
7320661875.0,-37.13582
7320662812.5,-37.13627
7320663750.0,-37.13309
7320664687.5,-37.13612
7320665625.0,-37.14539
7320666562.5,-37.12881
7320667500.0,-37.12893
7320668437.5,-37.12926
7320669375.0,-37.11874
7320670312.5,-37.1388
7320671250.0,-37.11723
7320672187.5,-37.12969
7320673125.0,-37.12776
7320674062.5,-37.13236
7320675000.0,-37.14248
7320675937.5,-37.13187
7320676875.0,-37.11546
7320677812.5,-37.12204
7320678750.0,-37.1243
7320679687.5,-37.1324
7320680625.0,-37.1243
7320681562.5,-37.12276
7320682500.0,-37.13143
7320683437.5,-37.12165
7320684375.0,-37.12865
7320685312.5,-37.10765
7320686250.0,-37.14191
7320687187.5,-37.12248
7320688125.0,-37.12996
7320689062.5,-37.12254
7320690000.0,-37.12435
7320690937.5,-37.11712
7320691875.0,-37.11032
7320692812.5,-37.12347
7320693750.0,-37.11463
7320694687.5,-37.11807
7320695625.0,-37.12111
7320696562.5,-37.12353
7320697500.0,-37.11664
7320698437.5,-37.11983
7320699375.0,-37.12453
7320700312.5,-37.10932
7320701250.0,-37.11364
7320702187.5,-37.1171
7320703125.0,-37.13474
7320704062.5,-37.10964
7320705000.0,-37.11484
7320705937.5,-37.1059
7320706875.0,-37.11797
7320707812.5,-37.10839
7320708750.0,-37.11592
7320709687.5,-37.12462
7320710625.0,-37.10613
7320711562.5,-37.10437
7320712500.0,-37.10308
7320713437.5,-37.11157
7320714375.0,-37.11392
7320715312.5,-37.11158
7320716250.0,-37.11735
7320717187.5,-37.11677
7320718125.0,-37.11214
7320719062.5,-37.11097
7320720000.0,-37.12001
7320720937.5,-37.09362
7320721875.0,-37.12065
7320722812.5,-37.09264
7320723750.0,-37.10062
7320724687.5,-37.10029
7320725625.0,-37.10353
7320726562.5,-37.10918
7320727500.0,-37.10309
7320728437.5,-37.09577
7320729375.0,-37.08833
7320730312.5,-37.09484
7320731250.0,-37.09294
7320732187.5,-37.10223
7320733125.0,-37.08772
7320734062.5,-37.0957
7320735000.0,-37.09979
7320735937.5,-37.09493
7320736875.0,-37.1096
7320737812.5,-37.09796
7320738750.0,-37.09793
7320739687.5,-37.09909
7320740625.0,-37.09147
7320741562.5,-37.11763
7320742500.0,-37.10626
7320743437.5,-37.09122
7320744375.0,-37.10703
7320745312.5,-37.08764
7320746250.0,-37.08913
7320747187.5,-37.10039
7320748125.0,-37.08975
7320749062.5,-37.09835
7320750000.0,-37.10225
7320750937.5,-37.09438
7320751875.0,-37.09447
7320752812.5,-37.09366
7320753750.0,-37.09397
7320754687.5,-37.09368
7320755625.0,-37.08531
7320756562.5,-37.08061
7320757500.0,-37.08964
7320758437.5,-37.09875
7320759375.0,-37.08531
7320760312.5,-37.08675
7320761250.0,-37.08277
7320762187.5,-37.08554
7320763125.0,-37.09214
7320764062.5,-37.09031
7320765000.0,-37.08206
7320765937.5,-37.07888
7320766875.0,-37.08789
7320767812.5,-37.10034
7320768750.0,-37.07856
7320769687.5,-37.07709
7320770625.0,-37.07587
7320771562.5,-37.08178
7320772500.0,-37.07833
7320773437.5,-37.08618
7320774375.0,-37.08681
7320775312.5,-37.08079
7320776250.0,-37.08142
7320777187.5,-37.06962
7320778125.0,-37.07178
7320779062.5,-37.06522
7320780000.0,-37.0728
7320780937.5,-37.09278
7320781875.0,-37.07892
7320782812.5,-37.08265
7320783750.0,-37.06337
7320784687.5,-37.08677
7320785625.0,-37.08026
7320786562.5,-37.07217
7320787500.0,-37.07356
7320788437.5,-37.08174
7320789375.0,-37.07064
7320790312.5,-37.06474
7320791250.0,-37.07505
7320792187.5,-37.08504
7320793125.0,-37.07275
7320794062.5,-37.06879
7320795000.0,-37.07733
7320795937.5,-37.07416
7320796875.0,-37.06546
7320797812.5,-37.07295
7320798750.0,-37.06463
7320799687.5,-37.06429
7320800625.0,-37.064
7320801562.5,-37.07318
7320802500.0,-37.06413
7320803437.5,-37.07436
7320804375.0,-37.07326
7320805312.5,-37.06613
7320806250.0,-37.07378
7320807187.5,-37.06874
7320808125.0,-37.06667
7320809062.5,-37.07666
7320810000.0,-37.06311
7320810937.5,-37.06485
7320811875.0,-37.0625
7320812812.5,-37.07155
7320813750.0,-37.05615
7320814687.5,-37.05905
7320815625.0,-37.06102
7320816562.5,-37.07374
7320817500.0,-37.06761
7320818437.5,-37.06352
7320819375.0,-37.06176
7320820312.5,-37.06102
7320821250.0,-37.07017
7320822187.5,-37.06707
7320823125.0,-37.05799
7320824062.5,-37.05863
7320825000.0,-37.05239
7320825937.5,-37.06701
7320826875.0,-37.04822
7320827812.5,-37.06247
7320828750.0,-37.0631
7320829687.5,-37.04908
7320830625.0,-37.0607
7320831562.5,-37.05881
7320832500.0,-37.06753
7320833437.5,-37.04897
7320834375.0,-37.0498
7320835312.5,-37.06205
7320836250.0,-37.05836
7320837187.5,-37.0447
7320838125.0,-37.05321
7320839062.5,-37.05772
7320840000.0,-37.03946
7320840937.5,-37.0489
7320841875.0,-37.03018
7320842812.5,-37.05365
7320843750.0,-37.055
7320844687.5,-37.03745
7320845625.0,-37.04072
7320846562.5,-37.05066
7320847500.0,-37.05587
7320848437.5,-37.05688
7320849375.0,-37.04122
7320850312.5,-37.0458
7320851250.0,-37.04274
7320852187.5,-37.04479
7320853125.0,-37.03348
7320854062.5,-37.05403
7320855000.0,-37.03335
7320855937.5,-37.06544
7320856875.0,-37.05283
7320857812.5,-37.04691
7320858750.0,-37.04689
7320859687.5,-37.03049
7320860625.0,-37.03614
7320861562.5,-37.04091
7320862500.0,-37.04231
7320863437.5,-37.0264
7320864375.0,-37.03673
7320865312.5,-37.04932
7320866250.0,-37.03408
7320867187.5,-37.04604
7320868125.0,-37.03642
7320869062.5,-37.02757
7320870000.0,-37.04247
7320870937.5,-37.03968
7320871875.0,-37.03549
7320872812.5,-37.03303
7320873750.0,-37.02731
7320874687.5,-37.03748
7320875625.0,-37.03644
7320876562.5,-37.03908
7320877500.0,-37.04491
7320878437.5,-37.03189
7320879375.0,-37.02827
7320880312.5,-37.02864
7320881250.0,-37.03388
7320882187.5,-37.03961
7320883125.0,-37.02905
7320884062.5,-37.03937
7320885000.0,-37.02982
7320885937.5,-37.0301
7320886875.0,-37.02633
7320887812.5,-37.02877
7320888750.0,-37.0233
7320889687.5,-37.0353
7320890625.0,-37.02404
7320891562.5,-37.0234
7320892500.0,-37.02925
7320893437.5,-37.02505
7320894375.0,-37.02267
7320895312.5,-37.01665
7320896250.0,-37.03391
7320897187.5,-37.02129
7320898125.0,-37.03017
7320899062.5,-37.01136
7320900000.0,-37.0308
7320900937.5,-37.02397
7320901875.0,-37.02589
7320902812.5,-37.02202
7320903750.0,-37.01093
7320904687.5,-37.01953
7320905625.0,-37.00826
7320906562.5,-37.01455
7320907500.0,-37.01377
7320908437.5,-37.01194
7320909375.0,-37.01789
7320910312.5,-37.02699
7320911250.0,-37.02414
7320912187.5,-37.01331
7320913125.0,-37.01638
7320914062.5,-37.0222
7320915000.0,-37.00829
7320915937.5,-37.00185
7320916875.0,-37.00904
7320917812.5,-37.01406
7320918750.0,-37.01562
7320919687.5,-37.0126
7320920625.0,-37.02427
7320921562.5,-37.008
7320922500.0,-37.01546
7320923437.5,-37.00379
7320924375.0,-37.01507
7320925312.5,-37.01403
7320926250.0,-37.0075
7320927187.5,-37.00925
7320928125.0,-37.00148
7320929062.5,-37.00266
7320930000.0,-37.00464
7320930937.5,-37.01595
7320931875.0,-37.01603
7320932812.5,-37.00578
7320933750.0,-37.0045
7320934687.5,-36.99536
7320935625.0,-36.99514
7320936562.5,-37.01691
7320937500.0,-36.98916
7320938437.5,-37.00089
7320939375.0,-37.01122
7320940312.5,-37.00089
7320941250.0,-36.99186
7320942187.5,-37.0028
7320943125.0,-36.99856
7320944062.5,-36.99662
7320945000.0,-36.99362
7320945937.5,-36.99614
7320946875.0,-37.00267
7320947812.5,-36.98718
7320948750.0,-36.994
7320949687.5,-36.98806
7320950625.0,-36.99842
7320951562.5,-36.99681
7320952500.0,-37.00106
7320953437.5,-37.0027
7320954375.0,-37.0026
7320955312.5,-36.99519
7320956250.0,-37.00473
7320957187.5,-37.00352
7320958125.0,-36.9896
7320959062.5,-36.99627
7320960000.0,-37.00266
7320960937.5,-36.99022
7320961875.0,-36.99755
7320962812.5,-36.9912
7320963750.0,-37.00255
7320964687.5,-36.9924
7320965625.0,-36.9858
7320966562.5,-36.9955
7320967500.0,-36.98893
7320968437.5,-36.98837
7320969375.0,-36.98884
7320970312.5,-36.99473
7320971250.0,-36.98569
7320972187.5,-36.98952
7320973125.0,-36.97659
7320974062.5,-36.98458
7320975000.0,-36.99454
7320975937.5,-36.98257
7320976875.0,-36.98257
7320977812.5,-36.98368
7320978750.0,-36.97072
7320979687.5,-36.97671
7320980625.0,-36.99202
7320981562.5,-36.98458
7320982500.0,-36.98451
7320983437.5,-36.9735
7320984375.0,-36.97453
7320985312.5,-36.97563
7320986250.0,-36.98312
7320987187.5,-36.99516
7320988125.0,-36.98022
7320989062.5,-36.98763
7320990000.0,-36.98971
7320990937.5,-36.98177
7320991875.0,-36.97852
7320992812.5,-36.95921
7320993750.0,-36.98281
7320994687.5,-36.98448
7320995625.0,-36.96659
7320996562.5,-36.9698
7320997500.0,-36.98375
7320998437.5,-36.96896
7320999375.0,-36.98322
7321000312.5,-36.97269
7321001250.0,-36.97355
7321002187.5,-36.95853
7321003125.0,-36.96285
7321004062.5,-36.98034
7321005000.0,-36.97184
7321005937.5,-36.95799
7321006875.0,-36.96729
7321007812.5,-36.96998
7321008750.0,-36.97005
7321009687.5,-36.99445
7321010625.0,-36.97429
7321011562.5,-36.97657
7321012500.0,-36.97873
7321013437.5,-36.96889
7321014375.0,-36.96944
7321015312.5,-36.9534
7321016250.0,-36.97813
7321017187.5,-36.96031
7321018125.0,-36.96818
7321019062.5,-36.95985
7321020000.0,-36.95125
7321020937.5,-36.9642
7321021875.0,-36.96469
7321022812.5,-36.9688
7321023750.0,-36.96755
7321024687.5,-36.96633
7321025625.0,-36.95883
7321026562.5,-36.95613
7321027500.0,-36.96535
7321028437.5,-36.96593
7321029375.0,-36.96719
7321030312.5,-36.95915
7321031250.0,-36.96962
7321032187.5,-36.94817
7321033125.0,-36.95324
7321034062.5,-36.96195
7321035000.0,-36.95605
7321035937.5,-36.94723
7321036875.0,-36.95174
7321037812.5,-36.95391
7321038750.0,-36.94316
7321039687.5,-36.95224
7321040625.0,-36.95454
7321041562.5,-36.94828
7321042500.0,-36.94607
7321043437.5,-36.959
7321044375.0,-36.95829
7321045312.5,-36.96417
7321046250.0,-36.9537
7321047187.5,-36.95093
7321048125.0,-36.94906
7321049062.5,-36.96266
7321050000.0,-36.95705
7321050937.5,-36.94458
7321051875.0,-36.94189
7321052812.5,-36.96289
7321053750.0,-36.94877
7321054687.5,-36.94046
7321055625.0,-36.95557
7321056562.5,-36.93108
7321057500.0,-36.95895
7321058437.5,-36.94316
7321059375.0,-36.94123
7321060312.5,-36.94078
7321061250.0,-36.94424
7321062187.5,-36.95025
7321063125.0,-36.937
7321064062.5,-36.93188
7321065000.0,-36.93489
7321065937.5,-36.93883
7321066875.0,-36.94727
7321067812.5,-36.9446
7321068750.0,-36.94342
7321069687.5,-36.948
7321070625.0,-36.93668
7321071562.5,-36.94057
7321072500.0,-36.93604
7321073437.5,-36.93441
7321074375.0,-36.94094
7321075312.5,-36.94748
7321076250.0,-36.93724
7321077187.5,-36.94502
7321078125.0,-36.93647
7321079062.5,-36.93613
7321080000.0,-36.94069
7321080937.5,-36.94394
7321081875.0,-36.9418
7321082812.5,-36.92956
7321083750.0,-36.93813
7321084687.5,-36.9303
7321085625.0,-36.93702
7321086562.5,-36.9322
7321087500.0,-36.93967
7321088437.5,-36.92775
7321089375.0,-36.93695
7321090312.5,-36.93237
7321091250.0,-36.93308
7321092187.5,-36.92022
7321093125.0,-36.93123
7321094062.5,-36.92116
7321095000.0,-36.92357
7321095937.5,-36.91484
7321096875.0,-36.92462
7321097812.5,-36.93151
7321098750.0,-36.92879
7321099687.5,-36.92555
7321100625.0,-36.92917
7321101562.5,-36.92366
7321102500.0,-36.92763
7321103437.5,-36.92815
7321104375.0,-36.93026
7321105312.5,-36.92434
7321106250.0,-36.92928
7321107187.5,-36.91761
7321108125.0,-36.91952
7321109062.5,-36.92741
7321110000.0,-36.93156
7321110937.5,-36.92249
7321111875.0,-36.90533
7321112812.5,-36.91653
7321113750.0,-36.92422
7321114687.5,-36.91203
7321115625.0,-36.91617
7321116562.5,-36.91703
7321117500.0,-36.92511
7321118437.5,-36.90796
7321119375.0,-36.91932
7321120312.5,-36.9147
7321121250.0,-36.92548
7321122187.5,-36.9183
7321123125.0,-36.91754
7321124062.5,-36.92443
7321125000.0,-36.91705
7321125937.5,-36.91807
7321126875.0,-36.92058
7321127812.5,-36.92428
7321128750.0,-36.90478
7321129687.5,-36.9006
7321130625.0,-36.91255
7321131562.5,-36.90976
7321132500.0,-36.92097
7321133437.5,-36.89979
7321134375.0,-36.90914
7321135312.5,-36.89932
7321136250.0,-36.91268
7321137187.5,-36.90888
7321138125.0,-36.90354
7321139062.5,-36.901
7321140000.0,-36.90615
7321140937.5,-36.90063
7321141875.0,-36.90969
7321142812.5,-36.89932
7321143750.0,-36.90997
7321144687.5,-36.89349
7321145625.0,-36.91748
7321146562.5,-36.9015
7321147500.0,-36.90041
7321148437.5,-36.90688
7321149375.0,-36.91307
7321150312.5,-36.89878
7321151250.0,-36.89897
7321152187.5,-36.8843
7321153125.0,-36.9199
7321154062.5,-36.89627
7321155000.0,-36.8913
7321155937.5,-36.90542
7321156875.0,-36.89608
7321157812.5,-36.89916
7321158750.0,-36.90664
7321159687.5,-36.8917
7321160625.0,-36.89856
7321161562.5,-36.8812
7321162500.0,-36.90715
7321163437.5,-36.89587
7321164375.0,-36.90566
7321165312.5,-36.8988
7321166250.0,-36.90487
7321167187.5,-36.88597
7321168125.0,-36.88473
7321169062.5,-36.8817
7321170000.0,-36.87528
7321170937.5,-36.89046
7321171875.0,-36.90282
7321172812.5,-36.88294
7321173750.0,-36.89121
7321174687.5,-36.89323
7321175625.0,-36.88672
7321176562.5,-36.89092
7321177500.0,-36.89683
7321178437.5,-36.89959
7321179375.0,-36.87266
7321180312.5,-36.89001
7321181250.0,-36.88341
7321182187.5,-36.87992
7321183125.0,-36.87237
7321184062.5,-36.88344
7321185000.0,-36.87894
7321185937.5,-36.88778
7321186875.0,-36.88697
7321187812.5,-36.88831
7321188750.0,-36.89264
7321189687.5,-36.88115
7321190625.0,-36.89273
7321191562.5,-36.89663
7321192500.0,-36.88107
7321193437.5,-36.87252
7321194375.0,-36.89761
7321195312.5,-36.89405
7321196250.0,-36.88246
7321197187.5,-36.88693
7321198125.0,-36.87422
7321199062.5,-36.87415
7321200000.0,-36.89009
7321200937.5,-36.87694
7321201875.0,-36.88372
7321202812.5,-36.87799
7321203750.0,-36.8727
7321204687.5,-36.87905
7321205625.0,-36.87836
7321206562.5,-36.86436
7321207500.0,-36.87667
7321208437.5,-36.86254
7321209375.0,-36.88907
7321210312.5,-36.86182
7321211250.0,-36.87691
7321212187.5,-36.86882
7321213125.0,-36.8709
7321214062.5,-36.87377
7321215000.0,-36.86852
7321215937.5,-36.87251
7321216875.0,-36.87543
7321217812.5,-36.87798
7321218750.0,-36.86748
7321219687.5,-36.86312
7321220625.0,-36.87821
7321221562.5,-36.86951
7321222500.0,-36.86564
7321223437.5,-36.86263
7321224375.0,-36.87777
7321225312.5,-36.86282
7321226250.0,-36.86774
7321227187.5,-36.86201
7321228125.0,-36.86509
7321229062.5,-36.86524
7321230000.0,-36.86494
7321230937.5,-36.87053
7321231875.0,-36.86474
7321232812.5,-36.87173
7321233750.0,-36.86864
7321234687.5,-36.85667
7321235625.0,-36.8676
7321236562.5,-36.86626
7321237500.0,-36.86344
7321238437.5,-36.86141
7321239375.0,-36.86072
7321240312.5,-36.86074
7321241250.0,-36.85567
7321242187.5,-36.87062
7321243125.0,-36.85066
7321244062.5,-36.85371
7321245000.0,-36.83641
7321245937.5,-36.857
7321246875.0,-36.85497
7321247812.5,-36.84679
7321248750.0,-36.86634
7321249687.5,-36.85396
7321250625.0,-36.86784
7321251562.5,-36.85553
7321252500.0,-36.85624
7321253437.5,-36.86688
7321254375.0,-36.86008
7321255312.5,-36.85231
7321256250.0,-36.85622
7321257187.5,-36.85568
7321258125.0,-36.86005
7321259062.5,-36.84886
7321260000.0,-36.85996
7321260937.5,-36.85189
7321261875.0,-36.84673
7321262812.5,-36.83873
7321263750.0,-36.85368
7321264687.5,-36.84291
7321265625.0,-36.84521
7321266562.5,-36.8485
7321267500.0,-36.84296
7321268437.5,-36.83825
7321269375.0,-36.85241
7321270312.5,-36.83594
7321271250.0,-36.8627
7321272187.5,-36.83807
7321273125.0,-36.86071
7321274062.5,-36.84492
7321275000.0,-36.8415
7321275937.5,-36.83054
7321276875.0,-36.84275
7321277812.5,-36.85362
7321278750.0,-36.84899
7321279687.5,-36.84672
7321280625.0,-36.8362
7321281562.5,-36.82974
7321282500.0,-36.84082
7321283437.5,-36.82534
7321284375.0,-36.83224
7321285312.5,-36.83168
7321286250.0,-36.84496
7321287187.5,-36.83414
7321288125.0,-36.83313
7321289062.5,-36.84444
7321290000.0,-36.82551
7321290937.5,-36.82171
7321291875.0,-36.8354
7321292812.5,-36.82635
7321293750.0,-36.83553
7321294687.5,-36.83076
7321295625.0,-36.832
7321296562.5,-36.82461
7321297500.0,-36.82588
7321298437.5,-36.83191
7321299375.0,-36.8382
7321300312.5,-36.8463
7321301250.0,-36.83463
7321302187.5,-36.82717
7321303125.0,-36.83964
7321304062.5,-36.82278
7321305000.0,-36.83325
7321305937.5,-36.82555
7321306875.0,-36.82532
7321307812.5,-36.82949
7321308750.0,-36.82799
7321309687.5,-36.82398
7321310625.0,-36.81089
7321311562.5,-36.81189
7321312500.0,-36.83913
7321313437.5,-36.82388
7321314375.0,-36.82002
7321315312.5,-36.82192
7321316250.0,-36.82956
7321317187.5,-36.82233
7321318125.0,-36.81236
7321319062.5,-36.8251
7321320000.0,-36.80645
7321320937.5,-36.82261
7321321875.0,-36.82028
7321322812.5,-36.82545
7321323750.0,-36.8163
7321324687.5,-36.82859
7321325625.0,-36.81495
7321326562.5,-36.80455
7321327500.0,-36.83014
7321328437.5,-36.82694
7321329375.0,-36.81857
7321330312.5,-36.83434
7321331250.0,-36.81821
7321332187.5,-36.82306
7321333125.0,-36.81357
7321334062.5,-36.81186
7321335000.0,-36.81694
7321335937.5,-36.81281
7321336875.0,-36.82427
7321337812.5,-36.81571
7321338750.0,-36.81241
7321339687.5,-36.82155
7321340625.0,-36.80938
7321341562.5,-36.81363
7321342500.0,-36.80997
7321343437.5,-36.80632
7321344375.0,-36.8108
7321345312.5,-36.81687
7321346250.0,-36.80453
7321347187.5,-36.81085
7321348125.0,-36.8043
7321349062.5,-36.80822
7321350000.0,-36.79622
7321350937.5,-36.82012
7321351875.0,-36.79869
7321352812.5,-36.8124
7321353750.0,-36.80364
7321354687.5,-36.81429
7321355625.0,-36.80819
7321356562.5,-36.79692
7321357500.0,-36.7958
7321358437.5,-36.80716
7321359375.0,-36.80667
7321360312.5,-36.79931
7321361250.0,-36.80229
7321362187.5,-36.81706
7321363125.0,-36.79211
7321364062.5,-36.79619
7321365000.0,-36.7861
7321365937.5,-36.79527
7321366875.0,-36.79604
7321367812.5,-36.78742
7321368750.0,-36.78894
7321369687.5,-36.81102
7321370625.0,-36.78104
7321371562.5,-36.79168
7321372500.0,-36.80464
7321373437.5,-36.79449
7321374375.0,-36.79308
7321375312.5,-36.80341
7321376250.0,-36.7976
7321377187.5,-36.79169
7321378125.0,-36.79979
7321379062.5,-36.78522
7321380000.0,-36.79032
7321380937.5,-36.79497
7321381875.0,-36.7732
7321382812.5,-36.78888
7321383750.0,-36.782
7321384687.5,-36.79186
7321385625.0,-36.79256
7321386562.5,-36.78206
7321387500.0,-36.78893
7321388437.5,-36.78388
7321389375.0,-36.80074
7321390312.5,-36.78764
7321391250.0,-36.78549
7321392187.5,-36.79147
7321393125.0,-36.79338
7321394062.5,-36.78075
7321395000.0,-36.78958
7321395937.5,-36.79802
7321396875.0,-36.78473
7321397812.5,-36.79158
7321398750.0,-36.78787
7321399687.5,-36.77789
7321400625.0,-36.77898
7321401562.5,-36.77798
7321402500.0,-36.7768
7321403437.5,-36.77885
7321404375.0,-36.77448
7321405312.5,-36.7871
7321406250.0,-36.77797
7321407187.5,-36.77574
7321408125.0,-36.78303
7321409062.5,-36.76984
7321410000.0,-36.78064
7321410937.5,-36.7696
7321411875.0,-36.77729
7321412812.5,-36.7813
7321413750.0,-36.77293
7321414687.5,-36.79391
7321415625.0,-36.7734
7321416562.5,-36.7726
7321417500.0,-36.78226
7321418437.5,-36.76035
7321419375.0,-36.77376
7321420312.5,-36.76966
7321421250.0,-36.76243
7321422187.5,-36.76357
7321423125.0,-36.76117
7321424062.5,-36.76103
7321425000.0,-36.75611
7321425937.5,-36.77713
7321426875.0,-36.76791
7321427812.5,-36.76358
7321428750.0,-36.77487
7321429687.5,-36.76636
7321430625.0,-36.76934
7321431562.5,-36.76295
7321432500.0,-36.7724
7321433437.5,-36.76709
7321434375.0,-36.76889
7321435312.5,-36.7693
7321436250.0,-36.77305
7321437187.5,-36.74815
7321438125.0,-36.76538
7321439062.5,-36.77102
7321440000.0,-36.77507
7321440937.5,-36.75994
7321441875.0,-36.76324
7321442812.5,-36.75523
7321443750.0,-36.75793
7321444687.5,-36.76822
7321445625.0,-36.75001
7321446562.5,-36.76779
7321447500.0,-36.75787
7321448437.5,-36.75136
7321449375.0,-36.7632
7321450312.5,-36.75455
7321451250.0,-36.75555
7321452187.5,-36.75448
7321453125.0,-36.75854
7321454062.5,-36.76215
7321455000.0,-36.75113
7321455937.5,-36.75629
7321456875.0,-36.75599
7321457812.5,-36.75371
7321458750.0,-36.7579
7321459687.5,-36.74386
7321460625.0,-36.76015
7321461562.5,-36.74763
7321462500.0,-36.74978
7321463437.5,-36.75255
7321464375.0,-36.74712
7321465312.5,-36.75819
7321466250.0,-36.74806
7321467187.5,-36.74803
7321468125.0,-36.75392
7321469062.5,-36.74878
7321470000.0,-36.7453
7321470937.5,-36.74343
7321471875.0,-36.75795
7321472812.5,-36.75164
7321473750.0,-36.73969
7321474687.5,-36.73669
7321475625.0,-36.74417
7321476562.5,-36.74245
7321477500.0,-36.73886
7321478437.5,-36.73095
7321479375.0,-36.74609
7321480312.5,-36.75287
7321481250.0,-36.74174
7321482187.5,-36.73279
7321483125.0,-36.74227
7321484062.5,-36.73764
7321485000.0,-36.7445
7321485937.5,-36.74794
7321486875.0,-36.73892
7321487812.5,-36.73677
7321488750.0,-36.73356
7321489687.5,-36.74618
7321490625.0,-36.73514
7321491562.5,-36.73827
7321492500.0,-36.72653
7321493437.5,-36.73444
7321494375.0,-36.73162
7321495312.5,-36.73139
7321496250.0,-36.73911
7321497187.5,-36.73776
7321498125.0,-36.74419
7321499062.5,-36.73714
7321500000.0,-36.72371
7321500937.5,-36.72121
7321501875.0,-36.72553
7321502812.5,-36.73186
7321503750.0,-36.73429
7321504687.5,-36.73787
7321505625.0,-36.74417
7321506562.5,-36.72614
7321507500.0,-36.73332
7321508437.5,-36.72458
7321509375.0,-36.72244
7321510312.5,-36.72938
7321511250.0,-36.7253
7321512187.5,-36.72873
7321513125.0,-36.72989
7321514062.5,-36.71037
7321515000.0,-36.71674
7321515937.5,-36.7328
7321516875.0,-36.71693
7321517812.5,-36.74334
7321518750.0,-36.72385
7321519687.5,-36.72408
7321520625.0,-36.72517
7321521562.5,-36.72507
7321522500.0,-36.72337
7321523437.5,-36.72022
7321524375.0,-36.72517
7321525312.5,-36.7257
7321526250.0,-36.72115
7321527187.5,-36.71468
7321528125.0,-36.71662
7321529062.5,-36.73233
7321530000.0,-36.70842
7321530937.5,-36.72585
7321531875.0,-36.72185
7321532812.5,-36.72239
7321533750.0,-36.71399
7321534687.5,-36.7154
7321535625.0,-36.72942
7321536562.5,-36.71066
7321537500.0,-36.73032
7321538437.5,-36.70289
7321539375.0,-36.71246
7321540312.5,-36.72145
7321541250.0,-36.71469
7321542187.5,-36.70467
7321543125.0,-36.69394
7321544062.5,-36.7259
7321545000.0,-36.71812
7321545937.5,-36.70928
7321546875.0,-36.71579
7321547812.5,-36.71378
7321548750.0,-36.71125
7321549687.5,-36.7034
7321550625.0,-36.7062
7321551562.5,-36.70622
7321552500.0,-36.70945
7321553437.5,-36.70929
7321554375.0,-36.70478
7321555312.5,-36.71296
7321556250.0,-36.70305
7321557187.5,-36.71536
7321558125.0,-36.70098
7321559062.5,-36.68955
7321560000.0,-36.70184
7321560937.5,-36.70412
7321561875.0,-36.69705
7321562812.5,-36.70765
7321563750.0,-36.70108
7321564687.5,-36.70321
7321565625.0,-36.69601
7321566562.5,-36.69753
7321567500.0,-36.69238
7321568437.5,-36.69658
7321569375.0,-36.69521
7321570312.5,-36.69381
7321571250.0,-36.68892
7321572187.5,-36.70386
7321573125.0,-36.69499
7321574062.5,-36.69234
7321575000.0,-36.69299
7321575937.5,-36.69254
7321576875.0,-36.69514
7321577812.5,-36.70195
7321578750.0,-36.70594
7321579687.5,-36.70684
7321580625.0,-36.69703
7321581562.5,-36.68698
7321582500.0,-36.68824
7321583437.5,-36.69494
7321584375.0,-36.68947
7321585312.5,-36.68646
7321586250.0,-36.68431
7321587187.5,-36.69173
7321588125.0,-36.68929
7321589062.5,-36.68882
7321590000.0,-36.67809
7321590937.5,-36.67173
7321591875.0,-36.68857
7321592812.5,-36.69598
7321593750.0,-36.68233
7321594687.5,-36.68713
7321595625.0,-36.6813
7321596562.5,-36.6832
7321597500.0,-36.67974
7321598437.5,-36.67537
7321599375.0,-36.67916
7321600312.5,-36.69573
7321601250.0,-36.69336
7321602187.5,-36.67835
7321603125.0,-36.67817
7321604062.5,-36.67304
7321605000.0,-36.68197
7321605937.5,-36.68531
7321606875.0,-36.67549
7321607812.5,-36.68053
7321608750.0,-36.67059
7321609687.5,-36.68587
7321610625.0,-36.66993
7321611562.5,-36.66197
7321612500.0,-36.67538
7321613437.5,-36.66007
7321614375.0,-36.69418
7321615312.5,-36.68029
7321616250.0,-36.67204
7321617187.5,-36.69107
7321618125.0,-36.68093
7321619062.5,-36.67661
7321620000.0,-36.67649
7321620937.5,-36.67622
7321621875.0,-36.66788
7321622812.5,-36.67867
7321623750.0,-36.66046
7321624687.5,-36.67085
7321625625.0,-36.65833
7321626562.5,-36.65275
7321627500.0,-36.66483
7321628437.5,-36.67456
7321629375.0,-36.66641
7321630312.5,-36.67095
7321631250.0,-36.66838
7321632187.5,-36.68044
7321633125.0,-36.66795
7321634062.5,-36.66791
7321635000.0,-36.6703
7321635937.5,-36.66288
7321636875.0,-36.65838
7321637812.5,-36.67558
7321638750.0,-36.66203
7321639687.5,-36.66611
7321640625.0,-36.65735
7321641562.5,-36.65988
7321642500.0,-36.66078
7321643437.5,-36.66827
7321644375.0,-36.6614
7321645312.5,-36.66513
7321646250.0,-36.6781
7321647187.5,-36.65013
7321648125.0,-36.6702
7321649062.5,-36.65895
7321650000.0,-36.66578
7321650937.5,-36.66412
7321651875.0,-36.65064
7321652812.5,-36.647
7321653750.0,-36.65821
7321654687.5,-36.65567
7321655625.0,-36.65706
7321656562.5,-36.66417
7321657500.0,-36.66117
7321658437.5,-36.65936
7321659375.0,-36.65318
7321660312.5,-36.65389
7321661250.0,-36.65528
7321662187.5,-36.65682
7321663125.0,-36.6548
7321664062.5,-36.65649
7321665000.0,-36.65207
7321665937.5,-36.66353
7321666875.0,-36.64652
7321667812.5,-36.64995
7321668750.0,-36.64608
7321669687.5,-36.64638
7321670625.0,-36.6557
7321671562.5,-36.65519
7321672500.0,-36.65001
7321673437.5,-36.64966
7321674375.0,-36.64505
7321675312.5,-36.6477
7321676250.0,-36.65089
7321677187.5,-36.65991
7321678125.0,-36.64473
7321679062.5,-36.64015
7321680000.0,-36.63211
7321680937.5,-36.637
7321681875.0,-36.63667
7321682812.5,-36.63547
7321683750.0,-36.64154
7321684687.5,-36.64363
7321685625.0,-36.64838
7321686562.5,-36.64719
7321687500.0,-36.63527
7321688437.5,-36.64427
7321689375.0,-36.62928
7321690312.5,-36.64917
7321691250.0,-36.64117
7321692187.5,-36.6363
7321693125.0,-36.65136
7321694062.5,-36.63888
7321695000.0,-36.629
7321695937.5,-36.63322
7321696875.0,-36.6349
7321697812.5,-36.64167
7321698750.0,-36.621
7321699687.5,-36.63977
7321700625.0,-36.63116
7321701562.5,-36.62992
7321702500.0,-36.64326
7321703437.5,-36.64323
7321704375.0,-36.63779
7321705312.5,-36.63215
7321706250.0,-36.63685
7321707187.5,-36.62748
7321708125.0,-36.63177
7321709062.5,-36.62103
7321710000.0,-36.63054
7321710937.5,-36.63062
7321711875.0,-36.63745
7321712812.5,-36.62536
7321713750.0,-36.63807
7321714687.5,-36.62822
7321715625.0,-36.62214
7321716562.5,-36.63274
7321717500.0,-36.63071
7321718437.5,-36.62329
7321719375.0,-36.6152
7321720312.5,-36.61984
7321721250.0,-36.61485
7321722187.5,-36.63553
7321723125.0,-36.62374
7321724062.5,-36.63469
7321725000.0,-36.63112
7321725937.5,-36.62899
7321726875.0,-36.63571
7321727812.5,-36.61643
7321728750.0,-36.62176
7321729687.5,-36.61816
7321730625.0,-36.63128
7321731562.5,-36.62902
7321732500.0,-36.62906
7321733437.5,-36.61294
7321734375.0,-36.60679
7321735312.5,-36.6161
7321736250.0,-36.6088
7321737187.5,-36.61762
7321738125.0,-36.61979
7321739062.5,-36.6069
7321740000.0,-36.62296
7321740937.5,-36.60453
7321741875.0,-36.61146
7321742812.5,-36.60511
7321743750.0,-36.60416
7321744687.5,-36.60903
7321745625.0,-36.60667
7321746562.5,-36.62094
7321747500.0,-36.6096
7321748437.5,-36.61827
7321749375.0,-36.61626
7321750312.5,-36.60608
7321751250.0,-36.61307
7321752187.5,-36.60648
7321753125.0,-36.61259
7321754062.5,-36.60739
7321755000.0,-36.61863
7321755937.5,-36.61804
7321756875.0,-36.60738
7321757812.5,-36.61301
7321758750.0,-36.61161
7321759687.5,-36.59749
7321760625.0,-36.60578
7321761562.5,-36.61326
7321762500.0,-36.59924
7321763437.5,-36.60368
7321764375.0,-36.60986
7321765312.5,-36.60805
7321766250.0,-36.6018
7321767187.5,-36.61485
7321768125.0,-36.60263
7321769062.5,-36.60511
7321770000.0,-36.59011
7321770937.5,-36.59184
7321771875.0,-36.60056
7321772812.5,-36.60051
7321773750.0,-36.61787
7321774687.5,-36.59297
7321775625.0,-36.5757
7321776562.5,-36.59328
7321777500.0,-36.57339
7321778437.5,-36.60606
7321779375.0,-36.59644
7321780312.5,-36.5839
7321781250.0,-36.59504
7321782187.5,-36.5858
7321783125.0,-36.58561
7321784062.5,-36.60743
7321785000.0,-36.59713
7321785937.5,-36.59232
7321786875.0,-36.59317
7321787812.5,-36.58735
7321788750.0,-36.58986
7321789687.5,-36.58981
7321790625.0,-36.58128
7321791562.5,-36.58621
7321792500.0,-36.57245
7321793437.5,-36.58196
7321794375.0,-36.58612
7321795312.5,-36.58556
7321796250.0,-36.58442
7321797187.5,-36.59119
7321798125.0,-36.59137
7321799062.5,-36.58337
7321800000.0,-36.57401
7321800937.5,-36.58512
7321801875.0,-36.58001
7321802812.5,-36.60029
7321803750.0,-36.57138
7321804687.5,-36.5929
7321805625.0,-36.59023
7321806562.5,-36.58389
7321807500.0,-36.58056
7321808437.5,-36.58577
7321809375.0,-36.56601
7321810312.5,-36.5926
7321811250.0,-36.59268
7321812187.5,-36.5792
7321813125.0,-36.57856
7321814062.5,-36.5786
7321815000.0,-36.58227
7321815937.5,-36.58578
7321816875.0,-36.57387
7321817812.5,-36.58414
7321818750.0,-36.57353
7321819687.5,-36.57376
7321820625.0,-36.58666
7321821562.5,-36.57927
7321822500.0,-36.56418
7321823437.5,-36.57438
7321824375.0,-36.57206
7321825312.5,-36.55844
7321826250.0,-36.57705
7321827187.5,-36.56394
7321828125.0,-36.57278
7321829062.5,-36.57701
7321830000.0,-36.57301
7321830937.5,-36.56994
7321831875.0,-36.56498
7321832812.5,-36.55905
7321833750.0,-36.55293
7321834687.5,-36.57637
7321835625.0,-36.56905
7321836562.5,-36.57177
7321837500.0,-36.57372
7321838437.5,-36.56456
7321839375.0,-36.56596
7321840312.5,-36.55737
7321841250.0,-36.55635
7321842187.5,-36.54975
7321843125.0,-36.55764
7321844062.5,-36.55995
7321845000.0,-36.56116
7321845937.5,-36.56495
7321846875.0,-36.55951
7321847812.5,-36.55604
7321848750.0,-36.56704
7321849687.5,-36.55834
7321850625.0,-36.55192
7321851562.5,-36.5514
7321852500.0,-36.55129
7321853437.5,-36.55871
7321854375.0,-36.55985
7321855312.5,-36.55877
7321856250.0,-36.54568
7321857187.5,-36.56743
7321858125.0,-36.57532
7321859062.5,-36.5541
7321860000.0,-36.55941
7321860937.5,-36.55342
7321861875.0,-36.55997
7321862812.5,-36.55763
7321863750.0,-36.55043
7321864687.5,-36.55257
7321865625.0,-36.54038
7321866562.5,-36.54481
7321867500.0,-36.55514
7321868437.5,-36.55637
7321869375.0,-36.55288
7321870312.5,-36.55583
7321871250.0,-36.54821
7321872187.5,-36.54733
7321873125.0,-36.53933
7321874062.5,-36.54442
7321875000.0,-36.54897
7321875937.5,-36.53343
7321876875.0,-36.54264
7321877812.5,-36.55276
7321878750.0,-36.53621
7321879687.5,-36.5478
7321880625.0,-36.53876
7321881562.5,-36.5387
7321882500.0,-36.53471
7321883437.5,-36.5378
7321884375.0,-36.54148
7321885312.5,-36.53813
7321886250.0,-36.54502
7321887187.5,-36.55263
7321888125.0,-36.53165
7321889062.5,-36.54095
7321890000.0,-36.54856
7321890937.5,-36.54522
7321891875.0,-36.54208
7321892812.5,-36.54209
7321893750.0,-36.54546
7321894687.5,-36.55706
7321895625.0,-36.54557
7321896562.5,-36.55192
7321897500.0,-36.52413
7321898437.5,-36.53639
7321899375.0,-36.53424
7321900312.5,-36.54453
7321901250.0,-36.54842
7321902187.5,-36.53057
7321903125.0,-36.53763
7321904062.5,-36.54455
7321905000.0,-36.54214
7321905937.5,-36.53265
7321906875.0,-36.53453
7321907812.5,-36.52817
7321908750.0,-36.5364
7321909687.5,-36.52015
7321910625.0,-36.53614
7321911562.5,-36.52657
7321912500.0,-36.53018
7321913437.5,-36.53363
7321914375.0,-36.52483
7321915312.5,-36.52809
7321916250.0,-36.52234
7321917187.5,-36.53093
7321918125.0,-36.5206
7321919062.5,-36.52127
7321920000.0,-36.52313
7321920937.5,-36.5238
7321921875.0,-36.52075
7321922812.5,-36.53676
7321923750.0,-36.53348
7321924687.5,-36.5308
7321925625.0,-36.52305
7321926562.5,-36.52357
7321927500.0,-36.52368
7321928437.5,-36.51499
7321929375.0,-36.52347
7321930312.5,-36.53605
7321931250.0,-36.52962
7321932187.5,-36.51427
7321933125.0,-36.52038
7321934062.5,-36.5201
7321935000.0,-36.51957
7321935937.5,-36.51279
7321936875.0,-36.52956
7321937812.5,-36.50909
7321938750.0,-36.52049
7321939687.5,-36.51785
7321940625.0,-36.51188
7321941562.5,-36.5102
7321942500.0,-36.50543
7321943437.5,-36.518
7321944375.0,-36.51745
7321945312.5,-36.51857
7321946250.0,-36.50282
7321947187.5,-36.50678
7321948125.0,-36.51005
7321949062.5,-36.50765
7321950000.0,-36.51922
7321950937.5,-36.51836
7321951875.0,-36.50722
7321952812.5,-36.50975
7321953750.0,-36.50557
7321954687.5,-36.50636
7321955625.0,-36.50308
7321956562.5,-36.51476
7321957500.0,-36.49828
7321958437.5,-36.51048
7321959375.0,-36.50971
7321960312.5,-36.51458
7321961250.0,-36.50949
7321962187.5,-36.51143
7321963125.0,-36.50287
7321964062.5,-36.49588
7321965000.0,-36.49979
7321965937.5,-36.50552
7321966875.0,-36.51253
7321967812.5,-36.50999
7321968750.0,-36.5043
7321969687.5,-36.50324
7321970625.0,-36.4987
7321971562.5,-36.49641
7321972500.0,-36.48977
7321973437.5,-36.4917
7321974375.0,-36.50711
7321975312.5,-36.50984
7321976250.0,-36.49125
7321977187.5,-36.49404
7321978125.0,-36.49356
7321979062.5,-36.49474
7321980000.0,-36.48438
7321980937.5,-36.47797
7321981875.0,-36.50177
7321982812.5,-36.48677
7321983750.0,-36.49632
7321984687.5,-36.48846
7321985625.0,-36.49529
7321986562.5,-36.50015
7321987500.0,-36.49096
7321988437.5,-36.48642
7321989375.0,-36.48439
7321990312.5,-36.49859
7321991250.0,-36.4885
7321992187.5,-36.49116
7321993125.0,-36.49134
7321994062.5,-36.48935
7321995000.0,-36.49687
7321995937.5,-36.4897
7321996875.0,-36.48232
7321997812.5,-36.47674
7321998750.0,-36.49284
7321999687.5,-36.48859
7322000625.0,-36.49343
7322001562.5,-36.47327
7322002500.0,-36.48582
7322003437.5,-36.48603
7322004375.0,-36.49015
7322005312.5,-36.48048
7322006250.0,-36.47139
7322007187.5,-36.48046
7322008125.0,-36.47984
7322009062.5,-36.49061
7322010000.0,-36.47192
7322010937.5,-36.4854
7322011875.0,-36.48444
7322012812.5,-36.47294
7322013750.0,-36.47327
7322014687.5,-36.47797
7322015625.0,-36.47972
7322016562.5,-36.48603
7322017500.0,-36.488
7322018437.5,-36.47807
7322019375.0,-36.48008
7322020312.5,-36.47976
7322021250.0,-36.4871
7322022187.5,-36.46899
7322023125.0,-36.46366
7322024062.5,-36.48111
7322025000.0,-36.45861
7322025937.5,-36.4706
7322026875.0,-36.48758
7322027812.5,-36.46745
7322028750.0,-36.47198
7322029687.5,-36.47652
7322030625.0,-36.4725
7322031562.5,-36.47646
7322032500.0,-36.4646
7322033437.5,-36.46519
7322034375.0,-36.47657
7322035312.5,-36.4684
7322036250.0,-36.45614
7322037187.5,-36.46091
7322038125.0,-36.46281
7322039062.5,-36.46901
7322040000.0,-36.45792
7322040937.5,-36.46475
7322041875.0,-36.46721
7322042812.5,-36.46373
7322043750.0,-36.4627
7322044687.5,-36.46124
7322045625.0,-36.46204
7322046562.5,-36.46441
7322047500.0,-36.45549
7322048437.5,-36.46641
7322049375.0,-36.4536
7322050312.5,-36.4589
7322051250.0,-36.4584
7322052187.5,-36.46441
7322053125.0,-36.45039
7322054062.5,-36.46478
7322055000.0,-36.46592
7322055937.5,-36.45474
7322056875.0,-36.46038
7322057812.5,-36.4557
7322058750.0,-36.4575
7322059687.5,-36.45893
7322060625.0,-36.46482
7322061562.5,-36.44896
7322062500.0,-36.44845
7322063437.5,-36.45828
7322064375.0,-36.4702
7322065312.5,-36.46183
7322066250.0,-36.44171
7322067187.5,-36.44342
7322068125.0,-36.44762
7322069062.5,-36.45922
7322070000.0,-36.45186
7322070937.5,-36.45255
7322071875.0,-36.45245
7322072812.5,-36.44956
7322073750.0,-36.45603
7322074687.5,-36.44305
7322075625.0,-36.44987
7322076562.5,-36.44433
7322077500.0,-36.44697
7322078437.5,-36.45624
7322079375.0,-36.44328
7322080312.5,-36.44482
7322081250.0,-36.44285
7322082187.5,-36.44027
7322083125.0,-36.44208
7322084062.5,-36.43642
7322085000.0,-36.45175
7322085937.5,-36.4497
7322086875.0,-36.43826
7322087812.5,-36.42752
7322088750.0,-36.44188
7322089687.5,-36.44011
7322090625.0,-36.426
7322091562.5,-36.43166
7322092500.0,-36.44023
7322093437.5,-36.43309
7322094375.0,-36.44881
7322095312.5,-36.42316
7322096250.0,-36.433
7322097187.5,-36.44019
7322098125.0,-36.42005
7322099062.5,-36.42865
7322100000.0,-36.45168
7322100937.5,-36.43744
7322101875.0,-36.43651
7322102812.5,-36.4453
7322103750.0,-36.43904
7322104687.5,-36.44135
7322105625.0,-36.43962
7322106562.5,-36.43201
7322107500.0,-36.42796
7322108437.5,-36.43616
7322109375.0,-36.43785
7322110312.5,-36.42465
7322111250.0,-36.42998
7322112187.5,-36.43645
7322113125.0,-36.4306
7322114062.5,-36.42163
7322115000.0,-36.42355
7322115937.5,-36.42918
7322116875.0,-36.4272
7322117812.5,-36.42466
7322118750.0,-36.42727
7322119687.5,-36.42167
7322120625.0,-36.4245
7322121562.5,-36.42123
7322122500.0,-36.43092
7322123437.5,-36.42816
7322124375.0,-36.42083
7322125312.5,-36.42862
7322126250.0,-36.43256
7322127187.5,-36.42199
7322128125.0,-36.42118
7322129062.5,-36.41392
7322130000.0,-36.40178
7322130937.5,-36.42435
7322131875.0,-36.41659
7322132812.5,-36.42453
7322133750.0,-36.41986
7322134687.5,-36.42163
7322135625.0,-36.42291
7322136562.5,-36.40541
7322137500.0,-36.42663
7322138437.5,-36.4273
7322139375.0,-36.41605
7322140312.5,-36.41437
7322141250.0,-36.41041
7322142187.5,-36.41474
7322143125.0,-36.40551
7322144062.5,-36.42526
7322145000.0,-36.41024
7322145937.5,-36.4069
7322146875.0,-36.41192
7322147812.5,-36.41509
7322148750.0,-36.40762
7322149687.5,-36.40411
7322150625.0,-36.42081
7322151562.5,-36.41109
7322152500.0,-36.40952
7322153437.5,-36.4056
7322154375.0,-36.40298
7322155312.5,-36.40891
7322156250.0,-36.41347
7322157187.5,-36.39973
7322158125.0,-36.40977
7322159062.5,-36.40928
7322160000.0,-36.40647
7322160937.5,-36.39972
7322161875.0,-36.3976
7322162812.5,-36.39523
7322163750.0,-36.40334
7322164687.5,-36.39755
7322165625.0,-36.39904
7322166562.5,-36.395
7322167500.0,-36.39119
7322168437.5,-36.39976
7322169375.0,-36.40036
7322170312.5,-36.39979
7322171250.0,-36.39462
7322172187.5,-36.3916
7322173125.0,-36.39365
7322174062.5,-36.39995
7322175000.0,-36.40205
7322175937.5,-36.39431
7322176875.0,-36.40455
7322177812.5,-36.38908
7322178750.0,-36.39431
7322179687.5,-36.38567
7322180625.0,-36.40155
7322181562.5,-36.39434
7322182500.0,-36.39089
7322183437.5,-36.40558
7322184375.0,-36.38971
7322185312.5,-36.38877
7322186250.0,-36.39225
7322187187.5,-36.38528
7322188125.0,-36.40336
7322189062.5,-36.39555
7322190000.0,-36.38523
7322190937.5,-36.40887
7322191875.0,-36.39339
7322192812.5,-36.39415
7322193750.0,-36.39658
7322194687.5,-36.37474
7322195625.0,-36.38585
7322196562.5,-36.39638
7322197500.0,-36.3805
7322198437.5,-36.37242
7322199375.0,-36.39846
7322200312.5,-36.39345
7322201250.0,-36.38931
7322202187.5,-36.37344
7322203125.0,-36.3894
7322204062.5,-36.37453
7322205000.0,-36.37795
7322205937.5,-36.38935
7322206875.0,-36.38381
7322207812.5,-36.38232
7322208750.0,-36.39362
7322209687.5,-36.37626
7322210625.0,-36.38274
7322211562.5,-36.38076
7322212500.0,-36.36574
7322213437.5,-36.38111
7322214375.0,-36.38343
7322215312.5,-36.38104
7322216250.0,-36.3685
7322217187.5,-36.37276
7322218125.0,-36.38184
7322219062.5,-36.3598
7322220000.0,-36.36924
7322220937.5,-36.37268
7322221875.0,-36.37364
7322222812.5,-36.37119
7322223750.0,-36.36359
7322224687.5,-36.37999
7322225625.0,-36.38339
7322226562.5,-36.36928
7322227500.0,-36.37619
7322228437.5,-36.37227
7322229375.0,-36.37633
7322230312.5,-36.3816
7322231250.0,-36.37672
7322232187.5,-36.36977
7322233125.0,-36.36112
7322234062.5,-36.38084
7322235000.0,-36.37669
7322235937.5,-36.36432
7322236875.0,-36.37396
7322237812.5,-36.37231
7322238750.0,-36.36877
7322239687.5,-36.36138
7322240625.0,-36.37036
7322241562.5,-36.36666
7322242500.0,-36.35144
7322243437.5,-36.35826
7322244375.0,-36.37271
7322245312.5,-36.36901
7322246250.0,-36.36979
7322247187.5,-36.36241
7322248125.0,-36.36254
7322249062.5,-36.36472
7322250000.0,-36.3644
7322250937.5,-36.35875
7322251875.0,-36.35227
7322252812.5,-36.3606
7322253750.0,-36.36766
7322254687.5,-36.35075
7322255625.0,-36.36046
7322256562.5,-36.34535
7322257500.0,-36.3544
7322258437.5,-36.35895
7322259375.0,-36.35325
7322260312.5,-36.35136
7322261250.0,-36.35145
7322262187.5,-36.35344
7322263125.0,-36.34649
7322264062.5,-36.35498
7322265000.0,-36.36508
7322265937.5,-36.35753
7322266875.0,-36.3525
7322267812.5,-36.36044
7322268750.0,-36.35746
7322269687.5,-36.35646
7322270625.0,-36.34429
7322271562.5,-36.36151
7322272500.0,-36.34405
7322273437.5,-36.33741
7322274375.0,-36.35427
7322275312.5,-36.34735
7322276250.0,-36.34579
7322277187.5,-36.34584
7322278125.0,-36.33508
7322279062.5,-36.34727
7322280000.0,-36.34789
7322280937.5,-36.35289
7322281875.0,-36.33427
7322282812.5,-36.34178
7322283750.0,-36.34426
7322284687.5,-36.33612
7322285625.0,-36.33436
7322286562.5,-36.33719
7322287500.0,-36.33815
7322288437.5,-36.33964
7322289375.0,-36.34573
7322290312.5,-36.34535
7322291250.0,-36.33113
7322292187.5,-36.34255
7322293125.0,-36.32544
7322294062.5,-36.3505
7322295000.0,-36.34046
7322295937.5,-36.35377
7322296875.0,-36.33298
7322297812.5,-36.34462
7322298750.0,-36.34477
7322299687.5,-36.32785
7322300625.0,-36.34172
7322301562.5,-36.33371
7322302500.0,-36.34871
7322303437.5,-36.33677
7322304375.0,-36.33986
7322305312.5,-36.32903
7322306250.0,-36.33456
7322307187.5,-36.33617
7322308125.0,-36.33038
7322309062.5,-36.32536
7322310000.0,-36.3269
7322310937.5,-36.32449
7322311875.0,-36.33443
7322312812.5,-36.32529
7322313750.0,-36.32364
7322314687.5,-36.32742
7322315625.0,-36.32661
7322316562.5,-36.33403
7322317500.0,-36.31594
7322318437.5,-36.33397
7322319375.0,-36.32833
7322320312.5,-36.32914
7322321250.0,-36.32981
7322322187.5,-36.32111
7322323125.0,-36.31664
7322324062.5,-36.31796
7322325000.0,-36.32218
7322325937.5,-36.32218
7322326875.0,-36.30412
7322327812.5,-36.32034
7322328750.0,-36.32224
7322329687.5,-36.31802
7322330625.0,-36.32753
7322331562.5,-36.32832
7322332500.0,-36.32198
7322333437.5,-36.31795
7322334375.0,-36.31537
7322335312.5,-36.32019
7322336250.0,-36.31883
7322337187.5,-36.31231
7322338125.0,-36.30687
7322339062.5,-36.31147
7322340000.0,-36.31692
7322340937.5,-36.32409
7322341875.0,-36.31598
7322342812.5,-36.32244
7322343750.0,-36.31153
7322344687.5,-36.31539
7322345625.0,-36.30856
7322346562.5,-36.30676
7322347500.0,-36.31606
7322348437.5,-36.30495
7322349375.0,-36.29094
7322350312.5,-36.30657
7322351250.0,-36.3065
7322352187.5,-36.30223
7322353125.0,-36.31689
7322354062.5,-36.30722
7322355000.0,-36.30569
7322355937.5,-36.3025
7322356875.0,-36.30391
7322357812.5,-36.29832
7322358750.0,-36.30508
7322359687.5,-36.31424
7322360625.0,-36.31325
7322361562.5,-36.31346
7322362500.0,-36.31134
7322363437.5,-36.29982
7322364375.0,-36.30287
7322365312.5,-36.2972
7322366250.0,-36.28988
7322367187.5,-36.29713
7322368125.0,-36.29848
7322369062.5,-36.29924
7322370000.0,-36.30148
7322370937.5,-36.30185
7322371875.0,-36.28266
7322372812.5,-36.29108
7322373750.0,-36.29309
7322374687.5,-36.29812
7322375625.0,-36.29841
7322376562.5,-36.29768
7322377500.0,-36.2937
7322378437.5,-36.29084
7322379375.0,-36.3006
7322380312.5,-36.28549
7322381250.0,-36.28634
7322382187.5,-36.29167
7322383125.0,-36.30169
7322384062.5,-36.30064
7322385000.0,-36.28577
7322385937.5,-36.29514
7322386875.0,-36.28812
7322387812.5,-36.29271
7322388750.0,-36.28518
7322389687.5,-36.28612
7322390625.0,-36.28381
7322391562.5,-36.28203
7322392500.0,-36.27586
7322393437.5,-36.27205
7322394375.0,-36.29189
7322395312.5,-36.28381
7322396250.0,-36.28992
7322397187.5,-36.27977
7322398125.0,-36.27599
7322399062.5,-36.28154
7322400000.0,-36.28582
7322400937.5,-36.28772
7322401875.0,-36.27851
7322402812.5,-36.27373
7322403750.0,-36.28077
7322404687.5,-36.2801
7322405625.0,-36.27528
7322406562.5,-36.28383
7322407500.0,-36.28189
7322408437.5,-36.28035
7322409375.0,-36.27987
7322410312.5,-36.28097
7322411250.0,-36.26904
7322412187.5,-36.2845
7322413125.0,-36.27076
7322414062.5,-36.27729
7322415000.0,-36.28487
7322415937.5,-36.28378
7322416875.0,-36.27892
7322417812.5,-36.26337
7322418750.0,-36.28064
7322419687.5,-36.27341
7322420625.0,-36.26487
7322421562.5,-36.27458
7322422500.0,-36.27208
7322423437.5,-36.28431
7322424375.0,-36.27845
7322425312.5,-36.25867
7322426250.0,-36.26234
7322427187.5,-36.26205
7322428125.0,-36.2711
7322429062.5,-36.27543
7322430000.0,-36.27213
7322430937.5,-36.2668
7322431875.0,-36.26617
7322432812.5,-36.26279
7322433750.0,-36.26654
7322434687.5,-36.27817
7322435625.0,-36.2664
7322436562.5,-36.24872
7322437500.0,-36.2536
7322438437.5,-36.26718
7322439375.0,-36.26236
7322440312.5,-36.24553
7322441250.0,-36.27238
7322442187.5,-36.25755
7322443125.0,-36.26123
7322444062.5,-36.26368
7322445000.0,-36.25488
7322445937.5,-36.26303
7322446875.0,-36.25726
7322447812.5,-36.24874
7322448750.0,-36.24985
7322449687.5,-36.26674
7322450625.0,-36.26787
7322451562.5,-36.25919
7322452500.0,-36.25323
7322453437.5,-36.26149
7322454375.0,-36.25446
7322455312.5,-36.26466
7322456250.0,-36.25343
7322457187.5,-36.25123
7322458125.0,-36.25993
7322459062.5,-36.25838
7322460000.0,-36.24821
7322460937.5,-36.26303
7322461875.0,-36.25163
7322462812.5,-36.24721
7322463750.0,-36.2601
7322464687.5,-36.2485
7322465625.0,-36.25462
7322466562.5,-36.25359
7322467500.0,-36.24521
7322468437.5,-36.25014
7322469375.0,-36.25449
7322470312.5,-36.25184
7322471250.0,-36.25881
7322472187.5,-36.25621
7322473125.0,-36.24918
7322474062.5,-36.23669
7322475000.0,-36.25194
7322475937.5,-36.24493
7322476875.0,-36.24442
7322477812.5,-36.24644
7322478750.0,-36.2421
7322479687.5,-36.24483
7322480625.0,-36.24535
7322481562.5,-36.23932
7322482500.0,-36.26276
7322483437.5,-36.24468
7322484375.0,-36.24656
7322485312.5,-36.23965
7322486250.0,-36.23468
7322487187.5,-36.23049
7322488125.0,-36.22417
7322489062.5,-36.23934
7322490000.0,-36.24528
7322490937.5,-36.23347
7322491875.0,-36.23791
7322492812.5,-36.24021
7322493750.0,-36.23131
7322494687.5,-36.23574
7322495625.0,-36.23493
7322496562.5,-36.24501
7322497500.0,-36.22871
7322498437.5,-36.23273
7322499375.0,-36.22402
7322500312.5,-36.23335
7322501250.0,-36.23925
7322502187.5,-36.23751
7322503125.0,-36.2335
7322504062.5,-36.24163
7322505000.0,-36.22124
7322505937.5,-36.23193
7322506875.0,-36.22251
7322507812.5,-36.22989
7322508750.0,-36.23032
7322509687.5,-36.22778
7322510625.0,-36.23115
7322511562.5,-36.22975
7322512500.0,-36.21958
7322513437.5,-36.22474
7322514375.0,-36.22322
7322515312.5,-36.21777
7322516250.0,-36.21827
7322517187.5,-36.22245
7322518125.0,-36.22484
7322519062.5,-36.22443
7322520000.0,-36.21519
7322520937.5,-36.21974
7322521875.0,-36.21624
7322522812.5,-36.23038
7322523750.0,-36.22522
7322524687.5,-36.21442
7322525625.0,-36.22509
7322526562.5,-36.2247
7322527500.0,-36.217
7322528437.5,-36.21999
7322529375.0,-36.20839
7322530312.5,-36.20317
7322531250.0,-36.21763
7322532187.5,-36.22152
7322533125.0,-36.22164
7322534062.5,-36.2137
7322535000.0,-36.21786
7322535937.5,-36.21935
7322536875.0,-36.20695
7322537812.5,-36.21023
7322538750.0,-36.20383
7322539687.5,-36.21218
7322540625.0,-36.20442
7322541562.5,-36.20893
7322542500.0,-36.21312
7322543437.5,-36.20977
7322544375.0,-36.20484
7322545312.5,-36.2084
7322546250.0,-36.21313
7322547187.5,-36.20621
7322548125.0,-36.21299
7322549062.5,-36.20369
7322550000.0,-36.21572
7322550937.5,-36.19837
7322551875.0,-36.20642
7322552812.5,-36.20234
7322553750.0,-36.20953
7322554687.5,-36.19537
7322555625.0,-36.19395
7322556562.5,-36.21546
7322557500.0,-36.20064
7322558437.5,-36.20692
7322559375.0,-36.20684
7322560312.5,-36.21022
7322561250.0,-36.20581
7322562187.5,-36.20208
7322563125.0,-36.18871
7322564062.5,-36.20638
7322565000.0,-36.18951
7322565937.5,-36.19092
7322566875.0,-36.19354
7322567812.5,-36.19141
7322568750.0,-36.20164
7322569687.5,-36.19954
7322570625.0,-36.19261
7322571562.5,-36.18425
7322572500.0,-36.19587
7322573437.5,-36.17527
7322574375.0,-36.20728
7322575312.5,-36.18549
7322576250.0,-36.20015
7322577187.5,-36.19918
7322578125.0,-36.18612
7322579062.5,-36.20491
7322580000.0,-36.19149
7322580937.5,-36.19069
7322581875.0,-36.18479
7322582812.5,-36.195
7322583750.0,-36.18521
7322584687.5,-36.19683
7322585625.0,-36.1727
7322586562.5,-36.1897
7322587500.0,-36.18486
7322588437.5,-36.18989
7322589375.0,-36.19971
7322590312.5,-36.17193
7322591250.0,-36.17751
7322592187.5,-36.18904
7322593125.0,-36.1814
7322594062.5,-36.18461
7322595000.0,-36.18378
7322595937.5,-36.18647
7322596875.0,-36.18559
7322597812.5,-36.18289
7322598750.0,-36.18141
7322599687.5,-36.18019
7322600625.0,-36.18208
7322601562.5,-36.18477
7322602500.0,-36.18517
7322603437.5,-36.17451
7322604375.0,-36.17369
7322605312.5,-36.18768
7322606250.0,-36.1697
7322607187.5,-36.18201
7322608125.0,-36.18233
7322609062.5,-36.17529
7322610000.0,-36.16615
7322610937.5,-36.18021
7322611875.0,-36.17034
7322612812.5,-36.18275
7322613750.0,-36.18213
7322614687.5,-36.17825
7322615625.0,-36.17856
7322616562.5,-36.18024
7322617500.0,-36.17067
7322618437.5,-36.18009
7322619375.0,-36.17532
7322620312.5,-36.17216
7322621250.0,-36.17136
7322622187.5,-36.17439
7322623125.0,-36.16179
7322624062.5,-36.17453
7322625000.0,-36.16451
7322625937.5,-36.1717
7322626875.0,-36.18178
7322627812.5,-36.17487
7322628750.0,-36.16742
7322629687.5,-36.17746
7322630625.0,-36.1688
7322631562.5,-36.16999
7322632500.0,-36.1614
7322633437.5,-36.1579
7322634375.0,-36.15759
7322635312.5,-36.16199
7322636250.0,-36.15965
7322637187.5,-36.17072
7322638125.0,-36.15459
7322639062.5,-36.16211
7322640000.0,-36.15339
7322640937.5,-36.15639
7322641875.0,-36.15204
7322642812.5,-36.15125
7322643750.0,-36.15558
7322644687.5,-36.15549
7322645625.0,-36.16348
7322646562.5,-36.15355
7322647500.0,-36.14961
7322648437.5,-36.1535
7322649375.0,-36.1543
7322650312.5,-36.16005
7322651250.0,-36.14595
7322652187.5,-36.14847
7322653125.0,-36.15725
7322654062.5,-36.16002
7322655000.0,-36.15341
7322655937.5,-36.15298
7322656875.0,-36.14667
7322657812.5,-36.14926
7322658750.0,-36.15084
7322659687.5,-36.14903
7322660625.0,-36.1468
7322661562.5,-36.1446
7322662500.0,-36.14124
7322663437.5,-36.14937
7322664375.0,-36.14949
7322665312.5,-36.13855
7322666250.0,-36.14203
7322667187.5,-36.1353
7322668125.0,-36.13903
7322669062.5,-36.14277
7322670000.0,-36.13581
7322670937.5,-36.13614
7322671875.0,-36.14973
7322672812.5,-36.13703
7322673750.0,-36.137
7322674687.5,-36.14111
7322675625.0,-36.14748
7322676562.5,-36.13473
7322677500.0,-36.13502
7322678437.5,-36.15138
7322679375.0,-36.13343
7322680312.5,-36.12843
7322681250.0,-36.13763
7322682187.5,-36.13961
7322683125.0,-36.13382
7322684062.5,-36.14508
7322685000.0,-36.13787
7322685937.5,-36.13513
7322686875.0,-36.12603
7322687812.5,-36.13034
7322688750.0,-36.1427
7322689687.5,-36.12083
7322690625.0,-36.14574
7322691562.5,-36.13417
7322692500.0,-36.12785
7322693437.5,-36.12476
7322694375.0,-36.13152
7322695312.5,-36.1472
7322696250.0,-36.12989
7322697187.5,-36.13367
7322698125.0,-36.12406
7322699062.5,-36.13169
7322700000.0,-36.12559
7322700937.5,-36.12925
7322701875.0,-36.12549
7322702812.5,-36.12774
7322703750.0,-36.13069
7322704687.5,-36.12058
7322705625.0,-36.13774
7322706562.5,-36.12277
7322707500.0,-36.13866
7322708437.5,-36.12783
7322709375.0,-36.12758
7322710312.5,-36.12312
7322711250.0,-36.11819
7322712187.5,-36.12278
7322713125.0,-36.11754
7322714062.5,-36.11593
7322715000.0,-36.10739
7322715937.5,-36.11601
7322716875.0,-36.11827
7322717812.5,-36.11316
7322718750.0,-36.10605
7322719687.5,-36.11914
7322720625.0,-36.12877
7322721562.5,-36.12183
7322722500.0,-36.12667
7322723437.5,-36.10741
7322724375.0,-36.12073
7322725312.5,-36.11824
7322726250.0,-36.10853
7322727187.5,-36.10253
7322728125.0,-36.10874
7322729062.5,-36.10506
7322730000.0,-36.10306
7322730937.5,-36.10825
7322731875.0,-36.11075
7322732812.5,-36.11331
7322733750.0,-36.10752
7322734687.5,-36.1063
7322735625.0,-36.10781
7322736562.5,-36.10061
7322737500.0,-36.11055
7322738437.5,-36.10489
7322739375.0,-36.11649
7322740312.5,-36.10891
7322741250.0,-36.11374
7322742187.5,-36.10649
7322743125.0,-36.11692
7322744062.5,-36.1146
7322745000.0,-36.09795
7322745937.5,-36.11077
7322746875.0,-36.11087
7322747812.5,-36.11975
7322748750.0,-36.10141
7322749687.5,-36.10289
7322750625.0,-36.10386
7322751562.5,-36.08576
7322752500.0,-36.11035
7322753437.5,-36.10796
7322754375.0,-36.1035
7322755312.5,-36.09948
7322756250.0,-36.10116
7322757187.5,-36.092
7322758125.0,-36.09205
7322759062.5,-36.0911
7322760000.0,-36.09587
7322760937.5,-36.09401
7322761875.0,-36.08963
7322762812.5,-36.09641
7322763750.0,-36.09556
7322764687.5,-36.09855
7322765625.0,-36.08898
7322766562.5,-36.09409
7322767500.0,-36.09961
7322768437.5,-36.09642
7322769375.0,-36.09606
7322770312.5,-36.09288
7322771250.0,-36.08788
7322772187.5,-36.10466
7322773125.0,-36.09129
7322774062.5,-36.08729
7322775000.0,-36.10127
7322775937.5,-36.10036
7322776875.0,-36.0906
7322777812.5,-36.0799
7322778750.0,-36.08936
7322779687.5,-36.09515
7322780625.0,-36.07887
7322781562.5,-36.09169
7322782500.0,-36.08646
7322783437.5,-36.08773
7322784375.0,-36.08713
7322785312.5,-36.07975
7322786250.0,-36.06596
7322787187.5,-36.09583
7322788125.0,-36.092
7322789062.5,-36.09037
7322790000.0,-36.08164
7322790937.5,-36.07022
7322791875.0,-36.07349
7322792812.5,-36.08381
7322793750.0,-36.08252
7322794687.5,-36.06345
7322795625.0,-36.0907
7322796562.5,-36.08184
7322797500.0,-36.07321
7322798437.5,-36.07636
7322799375.0,-36.08518
7322800312.5,-36.07889
7322801250.0,-36.07782
7322802187.5,-36.08292
7322803125.0,-36.06504
7322804062.5,-36.08213
7322805000.0,-36.07376
7322805937.5,-36.08695
7322806875.0,-36.08681
7322807812.5,-36.06669
7322808750.0,-36.07546
7322809687.5,-36.07289
7322810625.0,-36.07656
7322811562.5,-36.07489
7322812500.0,-36.06589
7322813437.5,-36.06625
7322814375.0,-36.06568
7322815312.5,-36.06085
7322816250.0,-36.07337
7322817187.5,-36.07789
7322818125.0,-36.07055
7322819062.5,-36.06937
7322820000.0,-36.06454
7322820937.5,-36.07632
7322821875.0,-36.0724
7322822812.5,-36.07397
7322823750.0,-36.06495
7322824687.5,-36.07016
7322825625.0,-36.06108
7322826562.5,-36.06602
7322827500.0,-36.06887
7322828437.5,-36.06134
7322829375.0,-36.06148
7322830312.5,-36.05406
7322831250.0,-36.05591
7322832187.5,-36.06403
7322833125.0,-36.04469
7322834062.5,-36.05816
7322835000.0,-36.05096
7322835937.5,-36.06189
7322836875.0,-36.05792
7322837812.5,-36.05923
7322838750.0,-36.05341
7322839687.5,-36.04426
7322840625.0,-36.04749
7322841562.5,-36.05862
7322842500.0,-36.04715
7322843437.5,-36.05976
7322844375.0,-36.05093
7322845312.5,-36.04853
7322846250.0,-36.06562
7322847187.5,-36.06135
7322848125.0,-36.05682
7322849062.5,-36.04721
7322850000.0,-36.04624
7322850937.5,-36.03828
7322851875.0,-36.05313
7322852812.5,-36.05061
7322853750.0,-36.06067
7322854687.5,-36.0593
7322855625.0,-36.05396
7322856562.5,-36.06012
7322857500.0,-36.03042
7322858437.5,-36.04798
7322859375.0,-36.04061
7322860312.5,-36.03787
7322861250.0,-36.03929
7322862187.5,-36.05136
7322863125.0,-36.04686
7322864062.5,-36.03922
7322865000.0,-36.03932
7322865937.5,-36.03395
7322866875.0,-36.04509
7322867812.5,-36.04824
7322868750.0,-36.04777
7322869687.5,-36.038
7322870625.0,-36.03897
7322871562.5,-36.04514
7322872500.0,-36.04305
7322873437.5,-36.0356
7322874375.0,-36.03588
7322875312.5,-36.0351
7322876250.0,-36.03088
7322877187.5,-36.03941
7322878125.0,-36.04307
7322879062.5,-36.03495
7322880000.0,-36.03484
7322880937.5,-36.03588
7322881875.0,-36.03298
7322882812.5,-36.04136
7322883750.0,-36.05132
7322884687.5,-36.03271
7322885625.0,-36.02857
7322886562.5,-36.03434
7322887500.0,-36.03471
7322888437.5,-36.03262
7322889375.0,-36.01982
7322890312.5,-36.03827
7322891250.0,-36.03436
7322892187.5,-36.03453
7322893125.0,-36.03394
7322894062.5,-36.02101
7322895000.0,-36.03621
7322895937.5,-36.03308
7322896875.0,-36.02432
7322897812.5,-36.02714
7322898750.0,-36.02218
7322899687.5,-36.02382
7322900625.0,-36.01631
7322901562.5,-36.01809
7322902500.0,-36.01715
7322903437.5,-36.02006
7322904375.0,-36.01986
7322905312.5,-36.01978
7322906250.0,-36.02082
7322907187.5,-36.01881
7322908125.0,-36.02266
7322909062.5,-36.01444
7322910000.0,-36.02147
7322910937.5,-36.02765
7322911875.0,-36.02595
7322912812.5,-36.01754
7322913750.0,-36.01274
7322914687.5,-36.00326
7322915625.0,-36.02352
7322916562.5,-36.02902
7322917500.0,-36.02148
7322918437.5,-36.02218
7322919375.0,-36.01894
7322920312.5,-36.0253
7322921250.0,-36.00858
7322922187.5,-36.02262
7322923125.0,-36.00063
7322924062.5,-36.01906
7322925000.0,-36.01108
7322925937.5,-36.01895
7322926875.0,-36.0097
7322927812.5,-36.01712
7322928750.0,-36.0105
7322929687.5,-36.00303
7322930625.0,-36.01468
7322931562.5,-36.00375
7322932500.0,-36.00964
7322933437.5,-36.0133
7322934375.0,-36.01072
7322935312.5,-36.01781
7322936250.0,-36.00304
7322937187.5,-35.99239
7322938125.0,-36.02347
7322939062.5,-36.00058
7322940000.0,-36.00933
7322940937.5,-35.99573
7322941875.0,-35.98269
7322942812.5,-35.99732
7322943750.0,-36.01454
7322944687.5,-36.01527
7322945625.0,-36.00053
7322946562.5,-35.99154
7322947500.0,-35.99979
7322948437.5,-36.01096
7322949375.0,-36.00735
7322950312.5,-35.99883
7322951250.0,-35.99734
7322952187.5,-35.99736
7322953125.0,-36.00793
7322954062.5,-35.98544
7322955000.0,-35.9952
7322955937.5,-35.99661
7322956875.0,-36.00224
7322957812.5,-36.0017
7322958750.0,-35.99421
7322959687.5,-35.98534
7322960625.0,-35.9927
7322961562.5,-36.00308
7322962500.0,-36.00016
7322963437.5,-35.99572
7322964375.0,-35.98762
7322965312.5,-35.99625
7322966250.0,-35.99833
7322967187.5,-35.9902
7322968125.0,-35.98485
7322969062.5,-35.98952
7322970000.0,-35.99205
7322970937.5,-35.98171
7322971875.0,-35.98357
7322972812.5,-35.98823
7322973750.0,-35.98891
7322974687.5,-35.98986
7322975625.0,-35.9847
7322976562.5,-35.98607
7322977500.0,-35.98525
7322978437.5,-35.97985
7322979375.0,-35.98198
7322980312.5,-35.98753
7322981250.0,-35.97675
7322982187.5,-35.98729
7322983125.0,-35.97238
7322984062.5,-35.97525
7322985000.0,-35.98263
7322985937.5,-35.9775
7322986875.0,-35.97437
7322987812.5,-35.97318
7322988750.0,-35.96479
7322989687.5,-35.9747
7322990625.0,-35.97937
7322991562.5,-35.97486
7322992500.0,-35.98396
7322993437.5,-35.97105
7322994375.0,-35.98415
7322995312.5,-35.97564
7322996250.0,-35.98224
7322997187.5,-35.98475
7322998125.0,-35.97498
7322999062.5,-35.97261
7323000000.0,-35.96208
7323000937.5,-35.97714
7323001875.0,-35.96946
7323002812.5,-35.97021
7323003750.0,-35.96916
7323004687.5,-35.97188
7323005625.0,-35.98043
7323006562.5,-35.98056
7323007500.0,-35.97731
7323008437.5,-35.96146
7323009375.0,-35.96162
7323010312.5,-35.96538
7323011250.0,-35.97525
7323012187.5,-35.95035
7323013125.0,-35.98425
7323014062.5,-35.97012
7323015000.0,-35.95564
7323015937.5,-35.96713
7323016875.0,-35.96848
7323017812.5,-35.9607
7323018750.0,-35.95596
7323019687.5,-35.96941
7323020625.0,-35.95775
7323021562.5,-35.96053
7323022500.0,-35.966
7323023437.5,-35.96907
7323024375.0,-35.97276
7323025312.5,-35.96137
7323026250.0,-35.96249
7323027187.5,-35.96724
7323028125.0,-35.95994
7323029062.5,-35.95591
7323030000.0,-35.96771
7323030937.5,-35.95609
7323031875.0,-35.95655
7323032812.5,-35.9575
7323033750.0,-35.95549
7323034687.5,-35.94646
7323035625.0,-35.95304
7323036562.5,-35.94747
7323037500.0,-35.94634
7323038437.5,-35.95666
7323039375.0,-35.96227
7323040312.5,-35.95286
7323041250.0,-35.95404
7323042187.5,-35.96119
7323043125.0,-35.93912
7323044062.5,-35.95337
7323045000.0,-35.95441
7323045937.5,-35.93808
7323046875.0,-35.94709
7323047812.5,-35.94222
7323048750.0,-35.93966
7323049687.5,-35.93047
7323050625.0,-35.93755
7323051562.5,-35.94762
7323052500.0,-35.95145
7323053437.5,-35.94779
7323054375.0,-35.9492
7323055312.5,-35.93644
7323056250.0,-35.9399
7323057187.5,-35.93712
7323058125.0,-35.9366
7323059062.5,-35.94688
7323060000.0,-35.92677
7323060937.5,-35.94409
7323061875.0,-35.94257
7323062812.5,-35.93601
7323063750.0,-35.93581
7323064687.5,-35.93106
7323065625.0,-35.94071
7323066562.5,-35.94033
7323067500.0,-35.93201
7323068437.5,-35.94102
7323069375.0,-35.92717
7323070312.5,-35.93911
7323071250.0,-35.9351
7323072187.5,-35.93125
7323073125.0,-35.93128
7323074062.5,-35.93606
7323075000.0,-35.93243
7323075937.5,-35.93542
7323076875.0,-35.94497
7323077812.5,-35.93679
7323078750.0,-35.93005
7323079687.5,-35.92989
7323080625.0,-35.92928
7323081562.5,-35.92778
7323082500.0,-35.93526
7323083437.5,-35.92763
7323084375.0,-35.93563
7323085312.5,-35.93784
7323086250.0,-35.92618
7323087187.5,-35.94505
7323088125.0,-35.93254
7323089062.5,-35.92135
7323090000.0,-35.925
7323090937.5,-35.92339
7323091875.0,-35.92147
7323092812.5,-35.91713
7323093750.0,-35.9145
7323094687.5,-35.91766
7323095625.0,-35.92381
7323096562.5,-35.9205
7323097500.0,-35.92083
7323098437.5,-35.92609
7323099375.0,-35.93107
7323100312.5,-35.92631
7323101250.0,-35.92031
7323102187.5,-35.91182
7323103125.0,-35.91504
7323104062.5,-35.92625
7323105000.0,-35.91167
7323105937.5,-35.91094
7323106875.0,-35.90908
7323107812.5,-35.91814
7323108750.0,-35.92454
7323109687.5,-35.90911
7323110625.0,-35.92825
7323111562.5,-35.90604
7323112500.0,-35.91295
7323113437.5,-35.90405
7323114375.0,-35.92522
7323115312.5,-35.90449
7323116250.0,-35.91133
7323117187.5,-35.91797
7323118125.0,-35.90313
7323119062.5,-35.90634
7323120000.0,-35.91104
7323120937.5,-35.90241
7323121875.0,-35.9123
7323122812.5,-35.91107
7323123750.0,-35.91197
7323124687.5,-35.90809
7323125625.0,-35.90355
7323126562.5,-35.91574
7323127500.0,-35.90691
7323128437.5,-35.89528
7323129375.0,-35.90354
7323130312.5,-35.90406
7323131250.0,-35.90762
7323132187.5,-35.90777
7323133125.0,-35.9029
7323134062.5,-35.90325
7323135000.0,-35.89308
7323135937.5,-35.8929
7323136875.0,-35.89907
7323137812.5,-35.89064
7323138750.0,-35.90498
7323139687.5,-35.9136
7323140625.0,-35.90331
7323141562.5,-35.90083
7323142500.0,-35.9051
7323143437.5,-35.89185
7323144375.0,-35.89943
7323145312.5,-35.89966
7323146250.0,-35.89039
7323147187.5,-35.89538
7323148125.0,-35.90554
7323149062.5,-35.89058
7323150000.0,-35.8987
7323150937.5,-35.9013
7323151875.0,-35.88245
7323152812.5,-35.88488
7323153750.0,-35.8984
7323154687.5,-35.88946
7323155625.0,-35.89212
7323156562.5,-35.89659
7323157500.0,-35.88679
7323158437.5,-35.88252
7323159375.0,-35.89706
7323160312.5,-35.89655
7323161250.0,-35.89289
7323162187.5,-35.89821
7323163125.0,-35.89545
7323164062.5,-35.8841
7323165000.0,-35.87951
7323165937.5,-35.88199
7323166875.0,-35.88541
7323167812.5,-35.87994
7323168750.0,-35.8816
7323169687.5,-35.88821
7323170625.0,-35.87824
7323171562.5,-35.88939
7323172500.0,-35.88433
7323173437.5,-35.89368
7323174375.0,-35.88612
7323175312.5,-35.89973
7323176250.0,-35.88892
7323177187.5,-35.87376
7323178125.0,-35.87461
7323179062.5,-35.87954
7323180000.0,-35.88548
7323180937.5,-35.87508
7323181875.0,-35.88047
7323182812.5,-35.87667
7323183750.0,-35.87347
7323184687.5,-35.88559
7323185625.0,-35.88077
7323186562.5,-35.86918
7323187500.0,-35.86876
7323188437.5,-35.87336
7323189375.0,-35.87203
7323190312.5,-35.87038
7323191250.0,-35.87761
7323192187.5,-35.8708
7323193125.0,-35.86797
7323194062.5,-35.86317
7323195000.0,-35.86993
7323195937.5,-35.86699
7323196875.0,-35.87511
7323197812.5,-35.87857
7323198750.0,-35.87018
7323199687.5,-35.87596
7323200625.0,-35.86777
7323201562.5,-35.86564
7323202500.0,-35.8569
7323203437.5,-35.868
7323204375.0,-35.87426
7323205312.5,-35.8727
7323206250.0,-35.86102
7323207187.5,-35.87155
7323208125.0,-35.87115
7323209062.5,-35.86958
7323210000.0,-35.86784
7323210937.5,-35.86359
7323211875.0,-35.85761
7323212812.5,-35.86335
7323213750.0,-35.85835
7323214687.5,-35.86531
7323215625.0,-35.84725
7323216562.5,-35.86485
7323217500.0,-35.85414
7323218437.5,-35.85329
7323219375.0,-35.85245
7323220312.5,-35.86346
7323221250.0,-35.86074
7323222187.5,-35.85276
7323223125.0,-35.84146
7323224062.5,-35.85149
7323225000.0,-35.84938
7323225937.5,-35.84946
7323226875.0,-35.86873
7323227812.5,-35.84967
7323228750.0,-35.85963
7323229687.5,-35.85208
7323230625.0,-35.85212
7323231562.5,-35.85388
7323232500.0,-35.84789
7323233437.5,-35.8529
7323234375.0,-35.85098
7323235312.5,-35.84999
7323236250.0,-35.84904
7323237187.5,-35.84748
7323238125.0,-35.85025
7323239062.5,-35.85125
7323240000.0,-35.86067
7323240937.5,-35.84394
7323241875.0,-35.85316
7323242812.5,-35.83887
7323243750.0,-35.84378
7323244687.5,-35.84677
7323245625.0,-35.84237
7323246562.5,-35.83827
7323247500.0,-35.84442
7323248437.5,-35.84076
7323249375.0,-35.84271
7323250312.5,-35.82776
7323251250.0,-35.83619
7323252187.5,-35.84628
7323253125.0,-35.83181
7323254062.5,-35.83931
7323255000.0,-35.83418
7323255937.5,-35.84168
7323256875.0,-35.83459
7323257812.5,-35.84132
7323258750.0,-35.82981
7323259687.5,-35.83107
7323260625.0,-35.83253
7323261562.5,-35.83677
7323262500.0,-35.83467
7323263437.5,-35.82732
7323264375.0,-35.8368
7323265312.5,-35.83673
7323266250.0,-35.827
7323267187.5,-35.82682
7323268125.0,-35.82802
7323269062.5,-35.83306
7323270000.0,-35.81824
7323270937.5,-35.83687
7323271875.0,-35.83265
7323272812.5,-35.8375
7323273750.0,-35.82129
7323274687.5,-35.83324
7323275625.0,-35.8285
7323276562.5,-35.81873
7323277500.0,-35.82653
7323278437.5,-35.8306
7323279375.0,-35.82561
7323280312.5,-35.82721
7323281250.0,-35.82597
7323282187.5,-35.83946
7323283125.0,-35.8183
7323284062.5,-35.8309
7323285000.0,-35.82611
7323285937.5,-35.81808
7323286875.0,-35.81778
7323287812.5,-35.80924
7323288750.0,-35.83532
7323289687.5,-35.82181
7323290625.0,-35.81795
7323291562.5,-35.81643
7323292500.0,-35.81368
7323293437.5,-35.81715
7323294375.0,-35.82927
7323295312.5,-35.82343
7323296250.0,-35.83261
7323297187.5,-35.81638
7323298125.0,-35.81401
7323299062.5,-35.80735
7323300000.0,-35.81351
7323300937.5,-35.80645
7323301875.0,-35.80262
7323302812.5,-35.82187
7323303750.0,-35.81026
7323304687.5,-35.80894
7323305625.0,-35.81153
7323306562.5,-35.80118
7323307500.0,-35.80837
7323308437.5,-35.80497
7323309375.0,-35.79728
7323310312.5,-35.81224
7323311250.0,-35.80008
7323312187.5,-35.80253
7323313125.0,-35.80945
7323314062.5,-35.80251
7323315000.0,-35.79966
7323315937.5,-35.80925
7323316875.0,-35.79895
7323317812.5,-35.80486
7323318750.0,-35.80584
7323319687.5,-35.79918
7323320625.0,-35.81433
7323321562.5,-35.80106
7323322500.0,-35.80273
7323323437.5,-35.80101
7323324375.0,-35.80684
7323325312.5,-35.8105
7323326250.0,-35.79892
7323327187.5,-35.80532
7323328125.0,-35.80411
7323329062.5,-35.8006
7323330000.0,-35.80628
7323330937.5,-35.7955
7323331875.0,-35.80018
7323332812.5,-35.78804
7323333750.0,-35.79601
7323334687.5,-35.80065
7323335625.0,-35.79665
7323336562.5,-35.79948
7323337500.0,-35.80169
7323338437.5,-35.79421
7323339375.0,-35.7977
7323340312.5,-35.78588
7323341250.0,-35.79358
7323342187.5,-35.78515
7323343125.0,-35.79106
7323344062.5,-35.79325
7323345000.0,-35.80437
7323345937.5,-35.79903
7323346875.0,-35.77545
7323347812.5,-35.79504
7323348750.0,-35.79676
7323349687.5,-35.78728
7323350625.0,-35.79285
7323351562.5,-35.78651
7323352500.0,-35.78369
7323353437.5,-35.78559
7323354375.0,-35.79078
7323355312.5,-35.78993
7323356250.0,-35.79407
7323357187.5,-35.7763
7323358125.0,-35.78093
7323359062.5,-35.77872
7323360000.0,-35.79551
7323360937.5,-35.78721
7323361875.0,-35.78212
7323362812.5,-35.77748
7323363750.0,-35.77687
7323364687.5,-35.77452
7323365625.0,-35.78422
7323366562.5,-35.77579
7323367500.0,-35.77893
7323368437.5,-35.77627
7323369375.0,-35.78447
7323370312.5,-35.77938
7323371250.0,-35.78061
7323372187.5,-35.76894
7323373125.0,-35.76912
7323374062.5,-35.77086
7323375000.0,-35.77367
7323375937.5,-35.78011
7323376875.0,-35.76963
7323377812.5,-35.77728
7323378750.0,-35.77895
7323379687.5,-35.76641
7323380625.0,-35.76777
7323381562.5,-35.76063
7323382500.0,-35.77682
7323383437.5,-35.76257
7323384375.0,-35.77622
7323385312.5,-35.76731
7323386250.0,-35.77852
7323387187.5,-35.77498
7323388125.0,-35.7687
7323389062.5,-35.77584
7323390000.0,-35.76844
7323390937.5,-35.77269
7323391875.0,-35.76832
7323392812.5,-35.75928
7323393750.0,-35.76483
7323394687.5,-35.76339
7323395625.0,-35.75031
7323396562.5,-35.76712
7323397500.0,-35.76506
7323398437.5,-35.76343
7323399375.0,-35.76564
7323400312.5,-35.75756
7323401250.0,-35.76233
7323402187.5,-35.75345
7323403125.0,-35.7568
7323404062.5,-35.75891
7323405000.0,-35.75927
7323405937.5,-35.76302
7323406875.0,-35.75566
7323407812.5,-35.76769
7323408750.0,-35.75247
7323409687.5,-35.74448
7323410625.0,-35.74672
7323411562.5,-35.76786
7323412500.0,-35.75787
7323413437.5,-35.75761
7323414375.0,-35.75708
7323415312.5,-35.74829
7323416250.0,-35.74173
7323417187.5,-35.75563
7323418125.0,-35.74814
7323419062.5,-35.74552
7323420000.0,-35.75842
7323420937.5,-35.74985
7323421875.0,-35.74606
7323422812.5,-35.76095
7323423750.0,-35.75447
7323424687.5,-35.74438
7323425625.0,-35.74055
7323426562.5,-35.7401
7323427500.0,-35.751
7323428437.5,-35.75672
7323429375.0,-35.74671
7323430312.5,-35.7408
7323431250.0,-35.74466
7323432187.5,-35.75552
7323433125.0,-35.74874
7323434062.5,-35.73327
7323435000.0,-35.74363
7323435937.5,-35.74078
7323436875.0,-35.73427
7323437812.5,-35.743
7323438750.0,-35.72623
7323439687.5,-35.74417
7323440625.0,-35.74816
7323441562.5,-35.73516
7323442500.0,-35.73272
7323443437.5,-35.74081
7323444375.0,-35.73944
7323445312.5,-35.74207
7323446250.0,-35.7333
7323447187.5,-35.73364
7323448125.0,-35.73918
7323449062.5,-35.73869
7323450000.0,-35.73022
7323450937.5,-35.72457
7323451875.0,-35.72948
7323452812.5,-35.7282
7323453750.0,-35.73441
7323454687.5,-35.72703
7323455625.0,-35.7255
7323456562.5,-35.72925
7323457500.0,-35.72788
7323458437.5,-35.72817
7323459375.0,-35.74
7323460312.5,-35.73738
7323461250.0,-35.73197
7323462187.5,-35.72991
7323463125.0,-35.7332
7323464062.5,-35.71521
7323465000.0,-35.72638
7323465937.5,-35.7287
7323466875.0,-35.71604
7323467812.5,-35.72542
7323468750.0,-35.71641
7323469687.5,-35.7237
7323470625.0,-35.71357
7323471562.5,-35.72356
7323472500.0,-35.73368
7323473437.5,-35.73127
7323474375.0,-35.71672
7323475312.5,-35.72616
7323476250.0,-35.71912
7323477187.5,-35.71501
7323478125.0,-35.71169
7323479062.5,-35.70301
7323480000.0,-35.70826
7323480937.5,-35.72063
7323481875.0,-35.71684
7323482812.5,-35.72389
7323483750.0,-35.70531
7323484687.5,-35.71659
7323485625.0,-35.71857
7323486562.5,-35.70802
7323487500.0,-35.70934
7323488437.5,-35.71901
7323489375.0,-35.71496
7323490312.5,-35.71172
7323491250.0,-35.71754
7323492187.5,-35.71211
7323493125.0,-35.7028
7323494062.5,-35.70739
7323495000.0,-35.71133
7323495937.5,-35.713
7323496875.0,-35.70718
7323497812.5,-35.70996
7323498750.0,-35.70781
7323499687.5,-35.71227
7323500625.0,-35.71489
7323501562.5,-35.70481
7323502500.0,-35.69258
7323503437.5,-35.70812
7323504375.0,-35.70707
7323505312.5,-35.70561
7323506250.0,-35.7077
7323507187.5,-35.71341
7323508125.0,-35.70214
7323509062.5,-35.70874
7323510000.0,-35.70553
7323510937.5,-35.70864
7323511875.0,-35.69307
7323512812.5,-35.70118
7323513750.0,-35.69732
7323514687.5,-35.70036
7323515625.0,-35.69156
7323516562.5,-35.69851
7323517500.0,-35.69692
7323518437.5,-35.70484
7323519375.0,-35.70161
7323520312.5,-35.69188
7323521250.0,-35.69687
7323522187.5,-35.69705
7323523125.0,-35.7065
7323524062.5,-35.69978
7323525000.0,-35.69273
7323525937.5,-35.68684
7323526875.0,-35.6897
7323527812.5,-35.69057
7323528750.0,-35.68631
7323529687.5,-35.6842
7323530625.0,-35.67738
7323531562.5,-35.68938
7323532500.0,-35.69144
7323533437.5,-35.68473
7323534375.0,-35.68614
7323535312.5,-35.69424
7323536250.0,-35.69881
7323537187.5,-35.68428
7323538125.0,-35.68546
7323539062.5,-35.68418
7323540000.0,-35.69276
7323540937.5,-35.68937
7323541875.0,-35.68227
7323542812.5,-35.6885
7323543750.0,-35.69663
7323544687.5,-35.69097
7323545625.0,-35.68382
7323546562.5,-35.68029
7323547500.0,-35.67827
7323548437.5,-35.69663
7323549375.0,-35.68069
7323550312.5,-35.69209
7323551250.0,-35.6797
7323552187.5,-35.68547
7323553125.0,-35.68385
7323554062.5,-35.67806
7323555000.0,-35.67855
7323555937.5,-35.67869
7323556875.0,-35.67707
7323557812.5,-35.66906
7323558750.0,-35.67225
7323559687.5,-35.67989
7323560625.0,-35.66943
7323561562.5,-35.68161
7323562500.0,-35.67572
7323563437.5,-35.67826
7323564375.0,-35.67264
7323565312.5,-35.66674
7323566250.0,-35.66682
7323567187.5,-35.68001
7323568125.0,-35.66796
7323569062.5,-35.67958
7323570000.0,-35.67252
7323570937.5,-35.66651
7323571875.0,-35.6743
7323572812.5,-35.67131
7323573750.0,-35.66989
7323574687.5,-35.67095
7323575625.0,-35.66764
7323576562.5,-35.67601
7323577500.0,-35.65794
7323578437.5,-35.67205
7323579375.0,-35.6771
7323580312.5,-35.66729
7323581250.0,-35.67523
7323582187.5,-35.66689
7323583125.0,-35.66108
7323584062.5,-35.66583
7323585000.0,-35.661
7323585937.5,-35.6599
7323586875.0,-35.66364
7323587812.5,-35.64975
7323588750.0,-35.65779
7323589687.5,-35.66278
7323590625.0,-35.65776
7323591562.5,-35.65924
7323592500.0,-35.6583
7323593437.5,-35.64101
7323594375.0,-35.66315
7323595312.5,-35.67081
7323596250.0,-35.66641
7323597187.5,-35.65394
7323598125.0,-35.65334
7323599062.5,-35.64537
7323600000.0,-35.64838
7323600937.5,-35.6594
7323601875.0,-35.65001
7323602812.5,-35.66087
7323603750.0,-35.64973
7323604687.5,-35.64297
7323605625.0,-35.65143
7323606562.5,-35.65581
7323607500.0,-35.64997
7323608437.5,-35.65217
7323609375.0,-35.64982
7323610312.5,-35.65017
7323611250.0,-35.64717
7323612187.5,-35.64621
7323613125.0,-35.63646
7323614062.5,-35.6478
7323615000.0,-35.64378
7323615937.5,-35.65287
7323616875.0,-35.63543
7323617812.5,-35.65028
7323618750.0,-35.64307
7323619687.5,-35.63622
7323620625.0,-35.64157
7323621562.5,-35.65038
7323622500.0,-35.65131
7323623437.5,-35.63627
7323624375.0,-35.64524
7323625312.5,-35.64305
7323626250.0,-35.64277
7323627187.5,-35.64788
7323628125.0,-35.62687
7323629062.5,-35.63821
7323630000.0,-35.64891
7323630937.5,-35.62929
7323631875.0,-35.62665
7323632812.5,-35.63541
7323633750.0,-35.63773
7323634687.5,-35.63361
7323635625.0,-35.63998
7323636562.5,-35.64177
7323637500.0,-35.63788
7323638437.5,-35.63671
7323639375.0,-35.61021
7323640312.5,-35.62906
7323641250.0,-35.61896
7323642187.5,-35.6453
7323643125.0,-35.63688
7323644062.5,-35.62284
7323645000.0,-35.61864
7323645937.5,-35.63912
7323646875.0,-35.62987
7323647812.5,-35.62844
7323648750.0,-35.62595
7323649687.5,-35.62523
7323650625.0,-35.63019
7323651562.5,-35.63298
7323652500.0,-35.62398
7323653437.5,-35.6189
7323654375.0,-35.62776
7323655312.5,-35.61665
7323656250.0,-35.62204
7323657187.5,-35.63005
7323658125.0,-35.62436
7323659062.5,-35.62639
7323660000.0,-35.62557
7323660937.5,-35.61716
7323661875.0,-35.613
7323662812.5,-35.61852
7323663750.0,-35.62665
7323664687.5,-35.62197
7323665625.0,-35.61537
7323666562.5,-35.61722
7323667500.0,-35.62146
7323668437.5,-35.6201
7323669375.0,-35.61811
7323670312.5,-35.61538
7323671250.0,-35.61644
7323672187.5,-35.62085
7323673125.0,-35.61219
7323674062.5,-35.62014
7323675000.0,-35.61245
7323675937.5,-35.61109
7323676875.0,-35.6171
7323677812.5,-35.60885
7323678750.0,-35.60035
7323679687.5,-35.60444
7323680625.0,-35.61083
7323681562.5,-35.60938
7323682500.0,-35.6072
7323683437.5,-35.60919
7323684375.0,-35.60833
7323685312.5,-35.62185
7323686250.0,-35.60534
7323687187.5,-35.59503
7323688125.0,-35.59352
7323689062.5,-35.60586
7323690000.0,-35.60143
7323690937.5,-35.60501
7323691875.0,-35.60261
7323692812.5,-35.60367
7323693750.0,-35.60587
7323694687.5,-35.60996
7323695625.0,-35.59274
7323696562.5,-35.60061
7323697500.0,-35.59654
7323698437.5,-35.59915
7323699375.0,-35.59711
7323700312.5,-35.59742
7323701250.0,-35.60192
7323702187.5,-35.58207
7323703125.0,-35.60386
7323704062.5,-35.59516
7323705000.0,-35.60618
7323705937.5,-35.60123
7323706875.0,-35.60288
7323707812.5,-35.58997
7323708750.0,-35.59605
7323709687.5,-35.58404
7323710625.0,-35.60006
7323711562.5,-35.58973
7323712500.0,-35.58972
7323713437.5,-35.57983
7323714375.0,-35.59342
7323715312.5,-35.5899
7323716250.0,-35.57811
7323717187.5,-35.57701
7323718125.0,-35.58811
7323719062.5,-35.5947
7323720000.0,-35.59153
7323720937.5,-35.58687
7323721875.0,-35.58747
7323722812.5,-35.59777
7323723750.0,-35.58692
7323724687.5,-35.59114
7323725625.0,-35.59203
7323726562.5,-35.58746
7323727500.0,-35.58609
7323728437.5,-35.56892
7323729375.0,-35.58617
7323730312.5,-35.5765
7323731250.0,-35.58633
7323732187.5,-35.57279
7323733125.0,-35.58367
7323734062.5,-35.57151
7323735000.0,-35.58189
7323735937.5,-35.57894
7323736875.0,-35.56905
7323737812.5,-35.57264
7323738750.0,-35.58669
7323739687.5,-35.5704
7323740625.0,-35.5793
7323741562.5,-35.57349
7323742500.0,-35.5761
7323743437.5,-35.57541
7323744375.0,-35.57097
7323745312.5,-35.5736
7323746250.0,-35.5755
7323747187.5,-35.57276
7323748125.0,-35.58847
7323749062.5,-35.57446
7323750000.0,-35.56206
7323750937.5,-35.5611
7323751875.0,-35.57758
7323752812.5,-35.56893
7323753750.0,-35.56274
7323754687.5,-35.57796
7323755625.0,-35.5664
7323756562.5,-35.5672
7323757500.0,-35.56395
7323758437.5,-35.56158
7323759375.0,-35.55349
7323760312.5,-35.5741
7323761250.0,-35.57711
7323762187.5,-35.57027
7323763125.0,-35.56253
7323764062.5,-35.56377
7323765000.0,-35.56728
7323765937.5,-35.54829
7323766875.0,-35.55926
7323767812.5,-35.55846
7323768750.0,-35.57014
7323769687.5,-35.56385
7323770625.0,-35.55417
7323771562.5,-35.55244
7323772500.0,-35.56996
7323773437.5,-35.55805
7323774375.0,-35.56357
7323775312.5,-35.54877
7323776250.0,-35.56063
7323777187.5,-35.55694
7323778125.0,-35.54962
7323779062.5,-35.56214
7323780000.0,-35.5655
7323780937.5,-35.54198
7323781875.0,-35.54308
7323782812.5,-35.54275
7323783750.0,-35.55685
7323784687.5,-35.5392
7323785625.0,-35.55075
7323786562.5,-35.55106
7323787500.0,-35.54526
7323788437.5,-35.55647
7323789375.0,-35.55249
7323790312.5,-35.5493
7323791250.0,-35.55109
7323792187.5,-35.55383
7323793125.0,-35.55031
7323794062.5,-35.53789
7323795000.0,-35.55393
7323795937.5,-35.55141
7323796875.0,-35.55941
7323797812.5,-35.55554
7323798750.0,-35.5444
7323799687.5,-35.54451
7323800625.0,-35.55037
7323801562.5,-35.55091
7323802500.0,-35.54373
7323803437.5,-35.54116
7323804375.0,-35.54608
7323805312.5,-35.5344
7323806250.0,-35.54656
7323807187.5,-35.53636
7323808125.0,-35.54763
7323809062.5,-35.53081
7323810000.0,-35.53788
7323810937.5,-35.54689
7323811875.0,-35.53891
7323812812.5,-35.53653
7323813750.0,-35.53895
7323814687.5,-35.53599
7323815625.0,-35.53911
7323816562.5,-35.52941
7323817500.0,-35.53881
7323818437.5,-35.53642
7323819375.0,-35.53688
7323820312.5,-35.53983
7323821250.0,-35.52887
7323822187.5,-35.5362
7323823125.0,-35.53813
7323824062.5,-35.53308
7323825000.0,-35.53039
7323825937.5,-35.53461
7323826875.0,-35.52354
7323827812.5,-35.54011
7323828750.0,-35.5295
7323829687.5,-35.51993
7323830625.0,-35.52728
7323831562.5,-35.53882
7323832500.0,-35.52462
7323833437.5,-35.52613
7323834375.0,-35.52237
7323835312.5,-35.52565
7323836250.0,-35.5147
7323837187.5,-35.5219
7323838125.0,-35.53596
7323839062.5,-35.53796
7323840000.0,-35.51927
7323840937.5,-35.51936
7323841875.0,-35.51617
7323842812.5,-35.5257
7323843750.0,-35.52571
7323844687.5,-35.51809
7323845625.0,-35.51996
7323846562.5,-35.52773
7323847500.0,-35.5201
7323848437.5,-35.52385
7323849375.0,-35.51532
7323850312.5,-35.52042
7323851250.0,-35.51207
7323852187.5,-35.51575
7323853125.0,-35.51284
7323854062.5,-35.50656
7323855000.0,-35.52809
7323855937.5,-35.51552
7323856875.0,-35.51185
7323857812.5,-35.51557
7323858750.0,-35.52212
7323859687.5,-35.51204
7323860625.0,-35.51191
7323861562.5,-35.50991
7323862500.0,-35.51385
7323863437.5,-35.50884
7323864375.0,-35.50468
7323865312.5,-35.50966
7323866250.0,-35.50616
7323867187.5,-35.514
7323868125.0,-35.50715
7323869062.5,-35.51076
7323870000.0,-35.50522
7323870937.5,-35.50027
7323871875.0,-35.5051
7323872812.5,-35.49526
7323873750.0,-35.50145
7323874687.5,-35.51123
7323875625.0,-35.51442
7323876562.5,-35.50859
7323877500.0,-35.51031
7323878437.5,-35.5028
7323879375.0,-35.49441
7323880312.5,-35.49232
7323881250.0,-35.49982
7323882187.5,-35.49914
7323883125.0,-35.50038
7323884062.5,-35.50258
7323885000.0,-35.50941
7323885937.5,-35.50196
7323886875.0,-35.49735
7323887812.5,-35.49963
7323888750.0,-35.4925
7323889687.5,-35.49321
7323890625.0,-35.49395
7323891562.5,-35.50113
7323892500.0,-35.49016
7323893437.5,-35.49308
7323894375.0,-35.49193
7323895312.5,-35.49312
7323896250.0,-35.4904
7323897187.5,-35.48859
7323898125.0,-35.49268
7323899062.5,-35.48971
7323900000.0,-35.48624
7323900937.5,-35.48069
7323901875.0,-35.4895
7323902812.5,-35.48469
7323903750.0,-35.48164
7323904687.5,-35.47601
7323905625.0,-35.48302
7323906562.5,-35.49129
7323907500.0,-35.4929
7323908437.5,-35.47852
7323909375.0,-35.48368
7323910312.5,-35.48424
7323911250.0,-35.48019
7323912187.5,-35.47412
7323913125.0,-35.47647
7323914062.5,-35.49273
7323915000.0,-35.47781
7323915937.5,-35.48961
7323916875.0,-35.48218
7323917812.5,-35.47999
7323918750.0,-35.49088
7323919687.5,-35.47509
7323920625.0,-35.46762
7323921562.5,-35.46846
7323922500.0,-35.48352
7323923437.5,-35.4722
7323924375.0,-35.486
7323925312.5,-35.47637
7323926250.0,-35.47541
7323927187.5,-35.47534
7323928125.0,-35.46754
7323929062.5,-35.47651
7323930000.0,-35.47155
7323930937.5,-35.48225
7323931875.0,-35.46881
7323932812.5,-35.46756
7323933750.0,-35.46477
7323934687.5,-35.46916
7323935625.0,-35.47696
7323936562.5,-35.4852
7323937500.0,-35.4795
7323938437.5,-35.47381
7323939375.0,-35.47482
7323940312.5,-35.4626
7323941250.0,-35.46786
7323942187.5,-35.47113
7323943125.0,-35.46449
7323944062.5,-35.46386
7323945000.0,-35.47028
7323945937.5,-35.45407
7323946875.0,-35.46757
7323947812.5,-35.46297
7323948750.0,-35.46547
7323949687.5,-35.46645
7323950625.0,-35.45686
7323951562.5,-35.46457
7323952500.0,-35.46069
7323953437.5,-35.45256
7323954375.0,-35.46784
7323955312.5,-35.4717
7323956250.0,-35.46031
7323957187.5,-35.45974
7323958125.0,-35.45717
7323959062.5,-35.45899
7323960000.0,-35.45276
7323960937.5,-35.45074
7323961875.0,-35.45689
7323962812.5,-35.45692
7323963750.0,-35.45334
7323964687.5,-35.46222
7323965625.0,-35.45432
7323966562.5,-35.44735
7323967500.0,-35.45281
7323968437.5,-35.44732
7323969375.0,-35.44572
7323970312.5,-35.45317
7323971250.0,-35.45285
7323972187.5,-35.45371
7323973125.0,-35.45323
7323974062.5,-35.45425
7323975000.0,-35.45412
7323975937.5,-35.44577
7323976875.0,-35.44228
7323977812.5,-35.45872
7323978750.0,-35.43977
7323979687.5,-35.45107
7323980625.0,-35.45033
7323981562.5,-35.45177
7323982500.0,-35.4463
7323983437.5,-35.43824
7323984375.0,-35.43462
7323985312.5,-35.44001
7323986250.0,-35.44275
7323987187.5,-35.45652
7323988125.0,-35.44341
7323989062.5,-35.44871
7323990000.0,-35.437
7323990937.5,-35.43637
7323991875.0,-35.44582
7323992812.5,-35.4373
7323993750.0,-35.45197
7323994687.5,-35.43652
7323995625.0,-35.43701
7323996562.5,-35.44751
7323997500.0,-35.43453
7323998437.5,-35.43181
7323999375.0,-35.42932
7324000312.5,-35.42712
7324001250.0,-35.44063
7324002187.5,-35.42887
7324003125.0,-35.43829
7324004062.5,-35.44366
7324005000.0,-35.4323
7324005937.5,-35.43024
7324006875.0,-35.41994
7324007812.5,-35.43608
7324008750.0,-35.4441
7324009687.5,-35.42964
7324010625.0,-35.42223
7324011562.5,-35.42669
7324012500.0,-35.43763
7324013437.5,-35.43253
7324014375.0,-35.42422
7324015312.5,-35.42652
7324016250.0,-35.42633
7324017187.5,-35.42615
7324018125.0,-35.43373
7324019062.5,-35.41872
7324020000.0,-35.43056
7324020937.5,-35.42833
7324021875.0,-35.42585
7324022812.5,-35.42903
7324023750.0,-35.43052
7324024687.5,-35.42072
7324025625.0,-35.41932
7324026562.5,-35.4204
7324027500.0,-35.42218
7324028437.5,-35.40771
7324029375.0,-35.40726
7324030312.5,-35.41973
7324031250.0,-35.41703
7324032187.5,-35.40787
7324033125.0,-35.42988
7324034062.5,-35.42135
7324035000.0,-35.42356
7324035937.5,-35.41654
7324036875.0,-35.42563
7324037812.5,-35.43075
7324038750.0,-35.41749
7324039687.5,-35.41429
7324040625.0,-35.41027
7324041562.5,-35.41713
7324042500.0,-35.41036
7324043437.5,-35.4077
7324044375.0,-35.40804
7324045312.5,-35.41728
7324046250.0,-35.41293
7324047187.5,-35.41093
7324048125.0,-35.4147
7324049062.5,-35.41024
7324050000.0,-35.41048
7324050937.5,-35.40427
7324051875.0,-35.402
7324052812.5,-35.4006
7324053750.0,-35.41476
7324054687.5,-35.40061
7324055625.0,-35.4049
7324056562.5,-35.40824
7324057500.0,-35.41219
7324058437.5,-35.40115
7324059375.0,-35.40284
7324060312.5,-35.39841
7324061250.0,-35.40834
7324062187.5,-35.40127
7324063125.0,-35.39525
7324064062.5,-35.3973
7324065000.0,-35.39339
7324065937.5,-35.40544
7324066875.0,-35.39384
7324067812.5,-35.38934
7324068750.0,-35.38966
7324069687.5,-35.38701
7324070625.0,-35.40862
7324071562.5,-35.39406
7324072500.0,-35.39045
7324073437.5,-35.39979
7324074375.0,-35.38918
7324075312.5,-35.38455
7324076250.0,-35.38651
7324077187.5,-35.39676
7324078125.0,-35.38643
7324079062.5,-35.38665
7324080000.0,-35.39397
7324080937.5,-35.39339
7324081875.0,-35.39035
7324082812.5,-35.39727
7324083750.0,-35.38673
7324084687.5,-35.38755
7324085625.0,-35.39402
7324086562.5,-35.38268
7324087500.0,-35.38576
7324088437.5,-35.38409
7324089375.0,-35.38232
7324090312.5,-35.38358
7324091250.0,-35.3754
7324092187.5,-35.39215
7324093125.0,-35.38846
7324094062.5,-35.39394
7324095000.0,-35.38631
7324095937.5,-35.37312
7324096875.0,-35.37352
7324097812.5,-35.37341
7324098750.0,-35.37753
7324099687.5,-35.38652
7324100625.0,-35.37823
7324101562.5,-35.36804
7324102500.0,-35.37679
7324103437.5,-35.38337
7324104375.0,-35.37297
7324105312.5,-35.37458
7324106250.0,-35.38078
7324107187.5,-35.37372
7324108125.0,-35.38017
7324109062.5,-35.38067
7324110000.0,-35.37902
7324110937.5,-35.37214
7324111875.0,-35.36798
7324112812.5,-35.37597
7324113750.0,-35.36546
7324114687.5,-35.36663
7324115625.0,-35.36547
7324116562.5,-35.37841
7324117500.0,-35.37484
7324118437.5,-35.36829
7324119375.0,-35.37074
7324120312.5,-35.38367
7324121250.0,-35.36424
7324122187.5,-35.37169
7324123125.0,-35.36436
7324124062.5,-35.36237
7324125000.0,-35.36639
7324125937.5,-35.35514
7324126875.0,-35.3718
7324127812.5,-35.36395
7324128750.0,-35.36665
7324129687.5,-35.3614
7324130625.0,-35.36206
7324131562.5,-35.36909
7324132500.0,-35.36168
7324133437.5,-35.36154
7324134375.0,-35.36079
7324135312.5,-35.35453
7324136250.0,-35.35434
7324137187.5,-35.36094
7324138125.0,-35.3604
7324139062.5,-35.35714
7324140000.0,-35.36352
7324140937.5,-35.35294
7324141875.0,-35.35011
7324142812.5,-35.36014
7324143750.0,-35.35345
7324144687.5,-35.35136
7324145625.0,-35.36856
7324146562.5,-35.36819
7324147500.0,-35.34568
7324148437.5,-35.36135
7324149375.0,-35.35017
7324150312.5,-35.35192
7324151250.0,-35.35605
7324152187.5,-35.3441
7324153125.0,-35.35084
7324154062.5,-35.35128
7324155000.0,-35.34699
7324155937.5,-35.35521
7324156875.0,-35.34125
7324157812.5,-35.34828
7324158750.0,-35.34749
7324159687.5,-35.35765
7324160625.0,-35.35442
7324161562.5,-35.34252
7324162500.0,-35.35293
7324163437.5,-35.34598
7324164375.0,-35.34079
7324165312.5,-35.35019
7324166250.0,-35.34444
7324167187.5,-35.34121
7324168125.0,-35.34015
7324169062.5,-35.33783
7324170000.0,-35.34299
7324170937.5,-35.34297
7324171875.0,-35.33313
7324172812.5,-35.33793
7324173750.0,-35.33511
7324174687.5,-35.33456
7324175625.0,-35.34985
7324176562.5,-35.34105
7324177500.0,-35.34655
7324178437.5,-35.34113
7324179375.0,-35.32695
7324180312.5,-35.33344
7324181250.0,-35.32736
7324182187.5,-35.33968
7324183125.0,-35.33994
7324184062.5,-35.33995
7324185000.0,-35.33551
7324185937.5,-35.33862
7324186875.0,-35.33036
7324187812.5,-35.33448
7324188750.0,-35.32787
7324189687.5,-35.31951
7324190625.0,-35.3248
7324191562.5,-35.33462
7324192500.0,-35.32547
7324193437.5,-35.32988
7324194375.0,-35.32701
7324195312.5,-35.33342
7324196250.0,-35.32415
7324197187.5,-35.32491
7324198125.0,-35.3381
7324199062.5,-35.33504
7324200000.0,-35.31768
7324200937.5,-35.32662
7324201875.0,-35.32085
7324202812.5,-35.32365
7324203750.0,-35.32304
7324204687.5,-35.32133
7324205625.0,-35.32192
7324206562.5,-35.32919
7324207500.0,-35.311
7324208437.5,-35.31935
7324209375.0,-35.30913
7324210312.5,-35.31342
7324211250.0,-35.32165
7324212187.5,-35.3145
7324213125.0,-35.32051
7324214062.5,-35.30796
7324215000.0,-35.32549
7324215937.5,-35.31368
7324216875.0,-35.31786
7324217812.5,-35.32209
7324218750.0,-35.3102
7324219687.5,-35.31755
7324220625.0,-35.31449
7324221562.5,-35.30484
7324222500.0,-35.31218
7324223437.5,-35.31633
7324224375.0,-35.31934
7324225312.5,-35.31495
7324226250.0,-35.32167
7324227187.5,-35.31671
7324228125.0,-35.31964
7324229062.5,-35.29192
7324230000.0,-35.30453
7324230937.5,-35.30701
7324231875.0,-35.3124
7324232812.5,-35.31263
7324233750.0,-35.3087
7324234687.5,-35.30022
7324235625.0,-35.29673
7324236562.5,-35.31002
7324237500.0,-35.30565
7324238437.5,-35.30267
7324239375.0,-35.30482
7324240312.5,-35.29465
7324241250.0,-35.3075
7324242187.5,-35.3092
7324243125.0,-35.30238
7324244062.5,-35.29841
7324245000.0,-35.29995
7324245937.5,-35.30268
7324246875.0,-35.297
7324247812.5,-35.29889
7324248750.0,-35.30117
7324249687.5,-35.30542
7324250625.0,-35.28869
7324251562.5,-35.29065
7324252500.0,-35.2922
7324253437.5,-35.29412
7324254375.0,-35.30178
7324255312.5,-35.29829
7324256250.0,-35.28329
7324257187.5,-35.28935
7324258125.0,-35.29055
7324259062.5,-35.29151
7324260000.0,-35.27156
7324260937.5,-35.28991
7324261875.0,-35.28616
7324262812.5,-35.28924
7324263750.0,-35.2816
7324264687.5,-35.28708
7324265625.0,-35.29047
7324266562.5,-35.27854
7324267500.0,-35.28572
7324268437.5,-35.28297
7324269375.0,-35.29415
7324270312.5,-35.29529
7324271250.0,-35.28219
7324272187.5,-35.29839
7324273125.0,-35.28553
7324274062.5,-35.28696
7324275000.0,-35.28792
7324275937.5,-35.28813
7324276875.0,-35.27611
7324277812.5,-35.28812
7324278750.0,-35.28761
7324279687.5,-35.27991
7324280625.0,-35.27557
7324281562.5,-35.28779
7324282500.0,-35.28893
7324283437.5,-35.2818
7324284375.0,-35.27768
7324285312.5,-35.27426
7324286250.0,-35.2716
7324287187.5,-35.27147
7324288125.0,-35.27441
7324289062.5,-35.2789
7324290000.0,-35.27452
7324290937.5,-35.28372
7324291875.0,-35.28026
7324292812.5,-35.2659
7324293750.0,-35.27203
7324294687.5,-35.26592
7324295625.0,-35.2813
7324296562.5,-35.27044
7324297500.0,-35.27409
7324298437.5,-35.26953
7324299375.0,-35.27763
7324300312.5,-35.26707
7324301250.0,-35.2696
7324302187.5,-35.27256
7324303125.0,-35.26442
7324304062.5,-35.26088
7324305000.0,-35.26916
7324305937.5,-35.25763
7324306875.0,-35.26833
7324307812.5,-35.25803
7324308750.0,-35.26297
7324309687.5,-35.2712
7324310625.0,-35.25867
7324311562.5,-35.26926
7324312500.0,-35.2603
7324313437.5,-35.25189
7324314375.0,-35.25774
7324315312.5,-35.25455
7324316250.0,-35.26171
7324317187.5,-35.26072
7324318125.0,-35.26386
7324319062.5,-35.25835
7324320000.0,-35.26509
7324320937.5,-35.26275
7324321875.0,-35.2521
7324322812.5,-35.25454
7324323750.0,-35.25063
7324324687.5,-35.25569
7324325625.0,-35.25083
7324326562.5,-35.26328
7324327500.0,-35.24973
7324328437.5,-35.25902
7324329375.0,-35.26016
7324330312.5,-35.25274
7324331250.0,-35.2558
7324332187.5,-35.24492
7324333125.0,-35.24706
7324334062.5,-35.24964
7324335000.0,-35.26087
7324335937.5,-35.2536
7324336875.0,-35.24114
7324337812.5,-35.24616
7324338750.0,-35.24714
7324339687.5,-35.2584
7324340625.0,-35.24821
7324341562.5,-35.25438
7324342500.0,-35.23735
7324343437.5,-35.25681
7324344375.0,-35.2415
7324345312.5,-35.24008
7324346250.0,-35.24445
7324347187.5,-35.23453
7324348125.0,-35.23545
7324349062.5,-35.23763
7324350000.0,-35.24574
7324350937.5,-35.23857
7324351875.0,-35.23381
7324352812.5,-35.23576
7324353750.0,-35.24701
7324354687.5,-35.24198
7324355625.0,-35.23318
7324356562.5,-35.2308
7324357500.0,-35.2472
7324358437.5,-35.23531
7324359375.0,-35.2341
7324360312.5,-35.23689
7324361250.0,-35.22458
7324362187.5,-35.23286
7324363125.0,-35.23693
7324364062.5,-35.23171
7324365000.0,-35.23074
7324365937.5,-35.22358
7324366875.0,-35.2273
7324367812.5,-35.23223
7324368750.0,-35.22869
7324369687.5,-35.23402
7324370625.0,-35.22264
7324371562.5,-35.2195
7324372500.0,-35.22507
7324373437.5,-35.23283
7324374375.0,-35.23073
7324375312.5,-35.21739
7324376250.0,-35.22836
7324377187.5,-35.22491
7324378125.0,-35.21827
7324379062.5,-35.23512
7324380000.0,-35.22929
7324380937.5,-35.23645
7324381875.0,-35.21177
7324382812.5,-35.21779
7324383750.0,-35.21302
7324384687.5,-35.20765
7324385625.0,-35.22027
7324386562.5,-35.22262
7324387500.0,-35.23692
7324388437.5,-35.22298
7324389375.0,-35.21954
7324390312.5,-35.21766
7324391250.0,-35.21412
7324392187.5,-35.22046
7324393125.0,-35.21721
7324394062.5,-35.20679
7324395000.0,-35.20135
7324395937.5,-35.21498
7324396875.0,-35.21652
7324397812.5,-35.21254
7324398750.0,-35.2111
7324399687.5,-35.20722
7324400625.0,-35.20766
7324401562.5,-35.20316
7324402500.0,-35.21744
7324403437.5,-35.20865
7324404375.0,-35.21391
7324405312.5,-35.20612
7324406250.0,-35.21647
7324407187.5,-35.20862
7324408125.0,-35.21112
7324409062.5,-35.20493
7324410000.0,-35.21226
7324410937.5,-35.20339
7324411875.0,-35.19648
7324412812.5,-35.19402
7324413750.0,-35.21481
7324414687.5,-35.20849
7324415625.0,-35.20926
7324416562.5,-35.20079
7324417500.0,-35.20021
7324418437.5,-35.20512
7324419375.0,-35.19809
7324420312.5,-35.20788
7324421250.0,-35.19884
7324422187.5,-35.19949
7324423125.0,-35.19555
7324424062.5,-35.19936
7324425000.0,-35.19605
7324425937.5,-35.20179
7324426875.0,-35.19807
7324427812.5,-35.21078
7324428750.0,-35.19678
7324429687.5,-35.19793
7324430625.0,-35.19486
7324431562.5,-35.20213
7324432500.0,-35.19572
7324433437.5,-35.19645
7324434375.0,-35.18766
7324435312.5,-35.18935
7324436250.0,-35.19215
7324437187.5,-35.18684
7324438125.0,-35.18206
7324439062.5,-35.19098
7324440000.0,-35.18026
7324440937.5,-35.20159
7324441875.0,-35.18827
7324442812.5,-35.18499
7324443750.0,-35.19087
7324444687.5,-35.18702
7324445625.0,-35.18363
7324446562.5,-35.19214
7324447500.0,-35.18866
7324448437.5,-35.19047
7324449375.0,-35.19156
7324450312.5,-35.18988
7324451250.0,-35.18964
7324452187.5,-35.18293
7324453125.0,-35.18819
7324454062.5,-35.18954
7324455000.0,-35.17179
7324455937.5,-35.17934
7324456875.0,-35.17772
7324457812.5,-35.17398
7324458750.0,-35.17915
7324459687.5,-35.17471
7324460625.0,-35.16368
7324461562.5,-35.18032
7324462500.0,-35.17912
7324463437.5,-35.1766
7324464375.0,-35.17917
7324465312.5,-35.17339
7324466250.0,-35.18559
7324467187.5,-35.17736
7324468125.0,-35.17476
7324469062.5,-35.16774
7324470000.0,-35.17806
7324470937.5,-35.18065
7324471875.0,-35.16142
7324472812.5,-35.17055
7324473750.0,-35.16621
7324474687.5,-35.1744
7324475625.0,-35.16782
7324476562.5,-35.17487
7324477500.0,-35.1691
7324478437.5,-35.16963
7324479375.0,-35.17273
7324480312.5,-35.15053
7324481250.0,-35.18298
7324482187.5,-35.15529
7324483125.0,-35.16764
7324484062.5,-35.15701
7324485000.0,-35.16534
7324485937.5,-35.16941
7324486875.0,-35.16338
7324487812.5,-35.16325
7324488750.0,-35.16547
7324489687.5,-35.15275
7324490625.0,-35.16348
7324491562.5,-35.15815
7324492500.0,-35.16658
7324493437.5,-35.16187
7324494375.0,-35.15629
7324495312.5,-35.15866
7324496250.0,-35.15852
7324497187.5,-35.16347
7324498125.0,-35.16362
7324499062.5,-35.1566
7324500000.0,-35.16058
7324500937.5,-35.15647
7324501875.0,-35.15295
7324502812.5,-35.15096
7324503750.0,-35.16159
7324504687.5,-35.16334
7324505625.0,-35.1399
7324506562.5,-35.14639
7324507500.0,-35.14761
7324508437.5,-35.14738
7324509375.0,-35.14985
7324510312.5,-35.15084
7324511250.0,-35.15649
7324512187.5,-35.15424
7324513125.0,-35.1439
7324514062.5,-35.14679
7324515000.0,-35.14307
7324515937.5,-35.14047
7324516875.0,-35.14736
7324517812.5,-35.13791
7324518750.0,-35.1405
7324519687.5,-35.14117
7324520625.0,-35.14883
7324521562.5,-35.14993
7324522500.0,-35.14732
7324523437.5,-35.13198
7324524375.0,-35.13507
7324525312.5,-35.13765
7324526250.0,-35.14253
7324527187.5,-35.13811
7324528125.0,-35.14507
7324529062.5,-35.13764
7324530000.0,-35.13673
7324530937.5,-35.13485
7324531875.0,-35.13557
7324532812.5,-35.14415
7324533750.0,-35.13008
7324534687.5,-35.14312
7324535625.0,-35.14332
7324536562.5,-35.13805
7324537500.0,-35.13247
7324538437.5,-35.12893
7324539375.0,-35.13354
7324540312.5,-35.13027
7324541250.0,-35.12775
7324542187.5,-35.14222
7324543125.0,-35.13871
7324544062.5,-35.12783
7324545000.0,-35.13052
7324545937.5,-35.12334
7324546875.0,-35.12505
7324547812.5,-35.13461
7324548750.0,-35.13253
7324549687.5,-35.11703
7324550625.0,-35.12855
7324551562.5,-35.12943
7324552500.0,-35.12061
7324553437.5,-35.12961
7324554375.0,-35.12257
7324555312.5,-35.12679
7324556250.0,-35.12366
7324557187.5,-35.12592
7324558125.0,-35.11975
7324559062.5,-35.11843
7324560000.0,-35.11833
7324560937.5,-35.124
7324561875.0,-35.11123
7324562812.5,-35.12683
7324563750.0,-35.12294
7324564687.5,-35.11853
7324565625.0,-35.12426
7324566562.5,-35.11901
7324567500.0,-35.11655
7324568437.5,-35.11296
7324569375.0,-35.11446
7324570312.5,-35.11366
7324571250.0,-35.11624
7324572187.5,-35.11544
7324573125.0,-35.10647
7324574062.5,-35.1286
7324575000.0,-35.11892
7324575937.5,-35.11981
7324576875.0,-35.11957
7324577812.5,-35.10698
7324578750.0,-35.10355
7324579687.5,-35.11243
7324580625.0,-35.11455
7324581562.5,-35.10969
7324582500.0,-35.12155
7324583437.5,-35.10633
7324584375.0,-35.10512
7324585312.5,-35.1019
7324586250.0,-35.10604
7324587187.5,-35.1078
7324588125.0,-35.1031
7324589062.5,-35.10456
7324590000.0,-35.10615
7324590937.5,-35.10254
7324591875.0,-35.10865
7324592812.5,-35.10147
7324593750.0,-35.10586
7324594687.5,-35.10447
7324595625.0,-35.09189
7324596562.5,-35.10352
7324597500.0,-35.10547
7324598437.5,-35.10234
7324599375.0,-35.09614
7324600312.5,-35.09397
7324601250.0,-35.10329
7324602187.5,-35.098
7324603125.0,-35.09009
7324604062.5,-35.10287
7324605000.0,-35.09699
7324605937.5,-35.09576
7324606875.0,-35.08991
7324607812.5,-35.10022
7324608750.0,-35.0923
7324609687.5,-35.09611
7324610625.0,-35.08719
7324611562.5,-35.09068
7324612500.0,-35.08688
7324613437.5,-35.09362
7324614375.0,-35.09292
7324615312.5,-35.077
7324616250.0,-35.10176
7324617187.5,-35.08746
7324618125.0,-35.08004
7324619062.5,-35.0879
7324620000.0,-35.07932
7324620937.5,-35.0977
7324621875.0,-35.08305
7324622812.5,-35.08599
7324623750.0,-35.09058
7324624687.5,-35.0812
7324625625.0,-35.08439
7324626562.5,-35.08246
7324627500.0,-35.08872
7324628437.5,-35.07685
7324629375.0,-35.08946
7324630312.5,-35.08144
7324631250.0,-35.08026
7324632187.5,-35.07074
7324633125.0,-35.07521
7324634062.5,-35.08052
7324635000.0,-35.07904
7324635937.5,-35.08395
7324636875.0,-35.07804
7324637812.5,-35.06838
7324638750.0,-35.07732
7324639687.5,-35.07053
7324640625.0,-35.0722
7324641562.5,-35.07285
7324642500.0,-35.07187
7324643437.5,-35.077
7324644375.0,-35.07917
7324645312.5,-35.07725
7324646250.0,-35.06807
7324647187.5,-35.06767
7324648125.0,-35.08909
7324649062.5,-35.0712
7324650000.0,-35.07373
7324650937.5,-35.07035
7324651875.0,-35.06041
7324652812.5,-35.06392
7324653750.0,-35.05707
7324654687.5,-35.07124
7324655625.0,-35.06046
7324656562.5,-35.05971
7324657500.0,-35.06829
7324658437.5,-35.06532
7324659375.0,-35.06672
7324660312.5,-35.06417
7324661250.0,-35.0745
7324662187.5,-35.06226
7324663125.0,-35.0552
7324664062.5,-35.06688
7324665000.0,-35.05763
7324665937.5,-35.06302
7324666875.0,-35.05584
7324667812.5,-35.06122
7324668750.0,-35.06289
7324669687.5,-35.05344
7324670625.0,-35.06828
7324671562.5,-35.05746
7324672500.0,-35.05614
7324673437.5,-35.0584
7324674375.0,-35.06215
7324675312.5,-35.07061
7324676250.0,-35.04921
7324677187.5,-35.05357
7324678125.0,-35.0634
7324679062.5,-35.05056
7324680000.0,-35.04179
7324680937.5,-35.05993
7324681875.0,-35.05914
7324682812.5,-35.04774
7324683750.0,-35.0416
7324684687.5,-35.05929
7324685625.0,-35.04471
7324686562.5,-35.05572
7324687500.0,-35.05318
7324688437.5,-35.04787
7324689375.0,-35.04192
7324690312.5,-35.06146
7324691250.0,-35.05366
7324692187.5,-35.0438
7324693125.0,-35.04552
7324694062.5,-35.04078
7324695000.0,-35.04867
7324695937.5,-35.04278
7324696875.0,-35.04377
7324697812.5,-35.04788
7324698750.0,-35.04087
7324699687.5,-35.04752
7324700625.0,-35.04795
7324701562.5,-35.0458
7324702500.0,-35.03833
7324703437.5,-35.0307
7324704375.0,-35.04107
7324705312.5,-35.03593
7324706250.0,-35.03921
7324707187.5,-35.04023
7324708125.0,-35.04372
7324709062.5,-35.03106
7324710000.0,-35.03651
7324710937.5,-35.03259
7324711875.0,-35.03622
7324712812.5,-35.0302
7324713750.0,-35.03527
7324714687.5,-35.03601
7324715625.0,-35.03311
7324716562.5,-35.02931
7324717500.0,-35.03131
7324718437.5,-35.03791
7324719375.0,-35.03139
7324720312.5,-35.02769
7324721250.0,-35.03356
7324722187.5,-35.0308
7324723125.0,-35.03579
7324724062.5,-35.02066
7324725000.0,-35.02856
7324725937.5,-35.02224
7324726875.0,-35.03701
7324727812.5,-35.02485
7324728750.0,-35.02646
7324729687.5,-35.03045
7324730625.0,-35.02347
7324731562.5,-35.02643
7324732500.0,-35.02317
7324733437.5,-35.03328
7324734375.0,-35.02649
7324735312.5,-35.01748
7324736250.0,-35.02053
7324737187.5,-35.021
7324738125.0,-35.01904
7324739062.5,-35.02175
7324740000.0,-35.01629
7324740937.5,-35.02099
7324741875.0,-35.01582
7324742812.5,-35.02113
7324743750.0,-35.01152
7324744687.5,-35.00026
7324745625.0,-35.01908
7324746562.5,-35.01931
7324747500.0,-35.01572
7324748437.5,-35.0137
7324749375.0,-35.01402
7324750312.5,-35.01245
7324751250.0,-35.02341
7324752187.5,-35.0096
7324753125.0,-35.01122
7324754062.5,-35.01233
7324755000.0,-35.00814
7324755937.5,-35.01045
7324756875.0,-35.01009
7324757812.5,-35.00842
7324758750.0,-34.99993
7324759687.5,-35.00601
7324760625.0,-35.00225
7324761562.5,-35.01593
7324762500.0,-34.99698
7324763437.5,-35.0029
7324764375.0,-35.01262
7324765312.5,-35.0085
7324766250.0,-35.01079
7324767187.5,-35.00101
7324768125.0,-35.00254
7324769062.5,-35.00824
7324770000.0,-34.99968
7324770937.5,-34.98687
7324771875.0,-34.98815
7324772812.5,-35.00029
7324773750.0,-34.98996
7324774687.5,-35.00671
7324775625.0,-35.01141
7324776562.5,-35.0023
7324777500.0,-34.99543
7324778437.5,-34.99506
7324779375.0,-34.99788
7324780312.5,-34.99867
7324781250.0,-34.98781
7324782187.5,-34.99285
7324783125.0,-35.00584
7324784062.5,-35.00333
7324785000.0,-34.99224
7324785937.5,-34.99028
7324786875.0,-34.993
7324787812.5,-34.99564
7324788750.0,-34.98825
7324789687.5,-34.99134
7324790625.0,-34.9995
7324791562.5,-34.9919
7324792500.0,-34.98863
7324793437.5,-34.99043
7324794375.0,-35.0035
7324795312.5,-34.98916
7324796250.0,-34.98536
7324797187.5,-34.98777
7324798125.0,-34.9811
7324799062.5,-34.97682
7324800000.0,-34.98178
7324800937.5,-34.98214
7324801875.0,-34.97007
7324802812.5,-34.98343
7324803750.0,-34.98645
7324804687.5,-34.99159
7324805625.0,-34.97615
7324806562.5,-34.97824
7324807500.0,-34.98129
7324808437.5,-34.97609
7324809375.0,-34.97316
7324810312.5,-34.97438
7324811250.0,-34.98586
7324812187.5,-34.98228
7324813125.0,-34.98168
7324814062.5,-34.96884
7324815000.0,-34.97994
7324815937.5,-34.99426
7324816875.0,-34.97924
7324817812.5,-34.97984
7324818750.0,-34.97781
7324819687.5,-34.96982
7324820625.0,-34.98643
7324821562.5,-34.97451
7324822500.0,-34.97321
7324823437.5,-34.97182
7324824375.0,-34.95957
7324825312.5,-34.97193
7324826250.0,-34.97437
7324827187.5,-34.96031
7324828125.0,-34.9698
7324829062.5,-34.9663
7324830000.0,-34.96412
7324830937.5,-34.96591
7324831875.0,-34.95921
7324832812.5,-34.96143
7324833750.0,-34.96489
7324834687.5,-34.97018
7324835625.0,-34.96201
7324836562.5,-34.96159
7324837500.0,-34.96485
7324838437.5,-34.95524
7324839375.0,-34.95943
7324840312.5,-34.96449
7324841250.0,-34.96039
7324842187.5,-34.95828
7324843125.0,-34.94872
7324844062.5,-34.97341
7324845000.0,-34.96364
7324845937.5,-34.95198
7324846875.0,-34.96258
7324847812.5,-34.96224
7324848750.0,-34.95006
7324849687.5,-34.95712
7324850625.0,-34.95621
7324851562.5,-34.96186
7324852500.0,-34.9495
7324853437.5,-34.95013
7324854375.0,-34.95489
7324855312.5,-34.9573
7324856250.0,-34.95531
7324857187.5,-34.93845
7324858125.0,-34.9525
7324859062.5,-34.95056
7324860000.0,-34.9564
7324860937.5,-34.94514
7324861875.0,-34.9454
7324862812.5,-34.95346
7324863750.0,-34.94262
7324864687.5,-34.9492
7324865625.0,-34.93469
7324866562.5,-34.95364
7324867500.0,-34.94266
7324868437.5,-34.93905
7324869375.0,-34.93663
7324870312.5,-34.95177
7324871250.0,-34.94365
7324872187.5,-34.93816
7324873125.0,-34.94287
7324874062.5,-34.94589
7324875000.0,-34.94284
7324875937.5,-34.93278
7324876875.0,-34.93182
7324877812.5,-34.93159
7324878750.0,-34.93271
7324879687.5,-34.93985
7324880625.0,-34.9366
7324881562.5,-34.93771
7324882500.0,-34.94423
7324883437.5,-34.94357
7324884375.0,-34.94242
7324885312.5,-34.92758
7324886250.0,-34.92314
7324887187.5,-34.93036
7324888125.0,-34.93911
7324889062.5,-34.93322
7324890000.0,-34.92969
7324890937.5,-34.93079
7324891875.0,-34.92072
7324892812.5,-34.93137
7324893750.0,-34.93583
7324894687.5,-34.92181
7324895625.0,-34.94239
7324896562.5,-34.92772
7324897500.0,-34.93248
7324898437.5,-34.92955
7324899375.0,-34.93271
7324900312.5,-34.93073
7324901250.0,-34.92638
7324902187.5,-34.92086
7324903125.0,-34.93373
7324904062.5,-34.91283
7324905000.0,-34.93142
7324905937.5,-34.92613
7324906875.0,-34.90942
7324907812.5,-34.91349
7324908750.0,-34.92256
7324909687.5,-34.92749
7324910625.0,-34.92234
7324911562.5,-34.93467
7324912500.0,-34.9123
7324913437.5,-34.93001
7324914375.0,-34.92019
7324915312.5,-34.91433
7324916250.0,-34.92123
7324917187.5,-34.92044
7324918125.0,-34.91671
7324919062.5,-34.92224
7324920000.0,-34.91333
7324920937.5,-34.92144
7324921875.0,-34.91885
7324922812.5,-34.92369
7324923750.0,-34.92098
7324924687.5,-34.91915
7324925625.0,-34.91727
7324926562.5,-34.91273
7324927500.0,-34.89896
7324928437.5,-34.91172
7324929375.0,-34.91146
7324930312.5,-34.90512
7324931250.0,-34.90073
7324932187.5,-34.89931
7324933125.0,-34.902
7324934062.5,-34.90511
7324935000.0,-34.9099
7324935937.5,-34.90429
7324936875.0,-34.91298
7324937812.5,-34.90318
7324938750.0,-34.89656
7324939687.5,-34.9057
7324940625.0,-34.89947
7324941562.5,-34.91166
7324942500.0,-34.89953
7324943437.5,-34.90223
7324944375.0,-34.91437
7324945312.5,-34.90027
7324946250.0,-34.89714
7324947187.5,-34.90326
7324948125.0,-34.89298
7324949062.5,-34.90611
7324950000.0,-34.89895
7324950937.5,-34.90993
7324951875.0,-34.90084
7324952812.5,-34.89724
7324953750.0,-34.89244
7324954687.5,-34.89631
7324955625.0,-34.88666
7324956562.5,-34.88959
7324957500.0,-34.89956
7324958437.5,-34.88105
7324959375.0,-34.88804
7324960312.5,-34.89302
7324961250.0,-34.88372
7324962187.5,-34.88068
7324963125.0,-34.88932
7324964062.5,-34.88774
7324965000.0,-34.89599
7324965937.5,-34.88232
7324966875.0,-34.88512
7324967812.5,-34.88952
7324968750.0,-34.87893
7324969687.5,-34.8898
7324970625.0,-34.8926
7324971562.5,-34.88776
7324972500.0,-34.88559
7324973437.5,-34.87973
7324974375.0,-34.87805
7324975312.5,-34.87897
7324976250.0,-34.88344
7324977187.5,-34.88384
7324978125.0,-34.88091
7324979062.5,-34.88249
7324980000.0,-34.87891
7324980937.5,-34.88035
7324981875.0,-34.89081
7324982812.5,-34.87174
7324983750.0,-34.87387
7324984687.5,-34.87547
7324985625.0,-34.88084
7324986562.5,-34.88205
7324987500.0,-34.87194
7324988437.5,-34.87727
7324989375.0,-34.86873
7324990312.5,-34.87958
7324991250.0,-34.86592
7324992187.5,-34.86476
7324993125.0,-34.87313
7324994062.5,-34.86867
7324995000.0,-34.86094
7324995937.5,-34.86749
7324996875.0,-34.86825
7324997812.5,-34.8789
7324998750.0,-34.874
7324999687.5,-34.86454
7325000625.0,-34.86001
7325001562.5,-34.85868
7325002500.0,-34.8579
7325003437.5,-34.86373
7325004375.0,-34.87325
7325005312.5,-34.85262
7325006250.0,-34.86134
7325007187.5,-34.85773
7325008125.0,-34.86519
7325009062.5,-34.86172
7325010000.0,-34.86052
7325010937.5,-34.86833
7325011875.0,-34.86633
7325012812.5,-34.8536
7325013750.0,-34.86081
7325014687.5,-34.85387
7325015625.0,-34.85646
7325016562.5,-34.8524
7325017500.0,-34.86011
7325018437.5,-34.86433
7325019375.0,-34.85963
7325020312.5,-34.84407
7325021250.0,-34.8625
7325022187.5,-34.8633
7325023125.0,-34.85346
7325024062.5,-34.8545
7325025000.0,-34.84851
7325025937.5,-34.84845
7325026875.0,-34.8508
7325027812.5,-34.84821
7325028750.0,-34.84612
7325029687.5,-34.84796
7325030625.0,-34.85237
7325031562.5,-34.8528
7325032500.0,-34.84904
7325033437.5,-34.84339
7325034375.0,-34.84954
7325035312.5,-34.83962
7325036250.0,-34.85972
7325037187.5,-34.84719
7325038125.0,-34.85564
7325039062.5,-34.83559
7325040000.0,-34.84567
7325040937.5,-34.84805
7325041875.0,-34.84614
7325042812.5,-34.84674
7325043750.0,-34.84319
7325044687.5,-34.84649
7325045625.0,-34.8355
7325046562.5,-34.84319
7325047500.0,-34.83452
7325048437.5,-34.84109
7325049375.0,-34.84264
7325050312.5,-34.83001
7325051250.0,-34.84002
7325052187.5,-34.84478
7325053125.0,-34.82565
7325054062.5,-34.83923
7325055000.0,-34.83223
7325055937.5,-34.83583
7325056875.0,-34.82906
7325057812.5,-34.83657
7325058750.0,-34.83766
7325059687.5,-34.83644
7325060625.0,-34.8402
7325061562.5,-34.84471
7325062500.0,-34.82811
7325063437.5,-34.82714
7325064375.0,-34.83777
7325065312.5,-34.82508
7325066250.0,-34.8291
7325067187.5,-34.82658
7325068125.0,-34.8301
7325069062.5,-34.82429
7325070000.0,-34.8326
7325070937.5,-34.82692
7325071875.0,-34.82111
7325072812.5,-34.82847
7325073750.0,-34.82668
7325074687.5,-34.8175
7325075625.0,-34.81848
7325076562.5,-34.8266
7325077500.0,-34.8203
7325078437.5,-34.82682
7325079375.0,-34.81704
7325080312.5,-34.81515
7325081250.0,-34.81971
7325082187.5,-34.82165
7325083125.0,-34.8204
7325084062.5,-34.82797
7325085000.0,-34.81484
7325085937.5,-34.81892
7325086875.0,-34.81935
7325087812.5,-34.82293
7325088750.0,-34.83074
7325089687.5,-34.80584
7325090625.0,-34.82145
7325091562.5,-34.81623
7325092500.0,-34.81792
7325093437.5,-34.81229
7325094375.0,-34.80412
7325095312.5,-34.80894
7325096250.0,-34.8116
7325097187.5,-34.81144
7325098125.0,-34.82037
7325099062.5,-34.80525
7325100000.0,-34.80661
7325100937.5,-34.81234
7325101875.0,-34.81116
7325102812.5,-34.80997
7325103750.0,-34.80592
7325104687.5,-34.80946
7325105625.0,-34.80128
7325106562.5,-34.7985
7325107500.0,-34.80611
7325108437.5,-34.80635
7325109375.0,-34.81924
7325110312.5,-34.79756
7325111250.0,-34.80146
7325112187.5,-34.80379
7325113125.0,-34.79729
7325114062.5,-34.80416
7325115000.0,-34.79433
7325115937.5,-34.80541
7325116875.0,-34.81084
7325117812.5,-34.79675
7325118750.0,-34.80136
7325119687.5,-34.80885
7325120625.0,-34.80954
7325121562.5,-34.81123
7325122500.0,-34.79076
7325123437.5,-34.79342
7325124375.0,-34.80068
7325125312.5,-34.80971
7325126250.0,-34.78236
7325127187.5,-34.79801
7325128125.0,-34.80306
7325129062.5,-34.79366
7325130000.0,-34.79206
7325130937.5,-34.79379
7325131875.0,-34.79329
7325132812.5,-34.79748
7325133750.0,-34.79768
7325134687.5,-34.78556
7325135625.0,-34.79021
7325136562.5,-34.79769
7325137500.0,-34.79413
7325138437.5,-34.7831
7325139375.0,-34.80061
7325140312.5,-34.78229
7325141250.0,-34.77066
7325142187.5,-34.78217
7325143125.0,-34.77827
7325144062.5,-34.78276
7325145000.0,-34.77688
7325145937.5,-34.78122
7325146875.0,-34.7824
7325147812.5,-34.77978
7325148750.0,-34.78165
7325149687.5,-34.78923
7325150625.0,-34.77881
7325151562.5,-34.78788
7325152500.0,-34.78951
7325153437.5,-34.77681
7325154375.0,-34.77314
7325155312.5,-34.77108
7325156250.0,-34.77495
7325157187.5,-34.78722
7325158125.0,-34.77279
7325159062.5,-34.78498
7325160000.0,-34.77057
7325160937.5,-34.77965
7325161875.0,-34.77392
7325162812.5,-34.7782
7325163750.0,-34.76784
7325164687.5,-34.76264
7325165625.0,-34.77021
7325166562.5,-34.77658
7325167500.0,-34.77295
7325168437.5,-34.77194
7325169375.0,-34.7749
7325170312.5,-34.77297
7325171250.0,-34.76637
7325172187.5,-34.77559
7325173125.0,-34.7719
7325174062.5,-34.77077
7325175000.0,-34.78407
7325175937.5,-34.76263
7325176875.0,-34.77095
7325177812.5,-34.75619
7325178750.0,-34.77144
7325179687.5,-34.77165
7325180625.0,-34.76668
7325181562.5,-34.7513
7325182500.0,-34.76656
7325183437.5,-34.76716
7325184375.0,-34.76084
7325185312.5,-34.76104
7325186250.0,-34.76151
7325187187.5,-34.76311
7325188125.0,-34.75251
7325189062.5,-34.76745
7325190000.0,-34.75874
7325190937.5,-34.75468
7325191875.0,-34.76025
7325192812.5,-34.75397
7325193750.0,-34.75029
7325194687.5,-34.75277
7325195625.0,-34.75046
7325196562.5,-34.75534
7325197500.0,-34.75317
7325198437.5,-34.75103
7325199375.0,-34.7534
7325200312.5,-34.74857
7325201250.0,-34.74913
7325202187.5,-34.7582
7325203125.0,-34.74821
7325204062.5,-34.74775
7325205000.0,-34.75087
7325205937.5,-34.75177
7325206875.0,-34.75393
7325207812.5,-34.75255
7325208750.0,-34.74001
7325209687.5,-34.74691
7325210625.0,-34.74987
7325211562.5,-34.74453
7325212500.0,-34.73504
7325213437.5,-34.74067
7325214375.0,-34.74364
7325215312.5,-34.75544
7325216250.0,-34.74776
7325217187.5,-34.72602
7325218125.0,-34.74056
7325219062.5,-34.7412
7325220000.0,-34.74354
7325220937.5,-34.743
7325221875.0,-34.74176
7325222812.5,-34.74186
7325223750.0,-34.73671
7325224687.5,-34.73832
7325225625.0,-34.74077
7325226562.5,-34.73049
7325227500.0,-34.73737
7325228437.5,-34.74417
7325229375.0,-34.74455
7325230312.5,-34.73808
7325231250.0,-34.73432
7325232187.5,-34.73101
7325233125.0,-34.74785
7325234062.5,-34.72685
7325235000.0,-34.72966
7325235937.5,-34.72827
7325236875.0,-34.73721
7325237812.5,-34.74015
7325238750.0,-34.73288
7325239687.5,-34.73424
7325240625.0,-34.73613
7325241562.5,-34.71954
7325242500.0,-34.72539
7325243437.5,-34.72826
7325244375.0,-34.71469
7325245312.5,-34.72412
7325246250.0,-34.72738
7325247187.5,-34.71835
7325248125.0,-34.72132
7325249062.5,-34.71984
7325250000.0,-34.7263
7325250937.5,-34.73055
7325251875.0,-34.71472
7325252812.5,-34.72481
7325253750.0,-34.72026
7325254687.5,-34.72853
7325255625.0,-34.71738
7325256562.5,-34.71217
7325257500.0,-34.71684
7325258437.5,-34.72519
7325259375.0,-34.71658
7325260312.5,-34.70842
7325261250.0,-34.71494
7325262187.5,-34.71087
7325263125.0,-34.72047
7325264062.5,-34.71092
7325265000.0,-34.71508
7325265937.5,-34.72176
7325266875.0,-34.7173
7325267812.5,-34.71929
7325268750.0,-34.71501
7325269687.5,-34.71442
7325270625.0,-34.71463
7325271562.5,-34.70529
7325272500.0,-34.70063
7325273437.5,-34.70744
7325274375.0,-34.70465
7325275312.5,-34.70368
7325276250.0,-34.71667
7325277187.5,-34.71024
7325278125.0,-34.70711
7325279062.5,-34.70784
7325280000.0,-34.70077
7325280937.5,-34.70371
7325281875.0,-34.69861
7325282812.5,-34.70505
7325283750.0,-34.70577
7325284687.5,-34.69079
7325285625.0,-34.69389
7325286562.5,-34.70472
7325287500.0,-34.70565
7325288437.5,-34.70518
7325289375.0,-34.69503
7325290312.5,-34.70887
7325291250.0,-34.69531
7325292187.5,-34.69556
7325293125.0,-34.70004
7325294062.5,-34.6952
7325295000.0,-34.69308
7325295937.5,-34.68665
7325296875.0,-34.69559
7325297812.5,-34.69363
7325298750.0,-34.69839
7325299687.5,-34.68721
7325300625.0,-34.69746
7325301562.5,-34.70102
7325302500.0,-34.69807
7325303437.5,-34.69125
7325304375.0,-34.68372
7325305312.5,-34.69407
7325306250.0,-34.69189
7325307187.5,-34.68909
7325308125.0,-34.68736
7325309062.5,-34.68584
7325310000.0,-34.68239
7325310937.5,-34.6954
7325311875.0,-34.68349
7325312812.5,-34.68522
7325313750.0,-34.68053
7325314687.5,-34.69039
7325315625.0,-34.68275
7325316562.5,-34.68104
7325317500.0,-34.68943
7325318437.5,-34.67651
7325319375.0,-34.6795
7325320312.5,-34.68347
7325321250.0,-34.67311
7325322187.5,-34.68585
7325323125.0,-34.68262
7325324062.5,-34.68558
7325325000.0,-34.67846
7325325937.5,-34.67591
7325326875.0,-34.67408
7325327812.5,-34.68124
7325328750.0,-34.67236
7325329687.5,-34.68552
7325330625.0,-34.67521
7325331562.5,-34.67505
7325332500.0,-34.67406
7325333437.5,-34.66344
7325334375.0,-34.67095
7325335312.5,-34.67721
7325336250.0,-34.67035
7325337187.5,-34.6737
7325338125.0,-34.67242
7325339062.5,-34.6755
7325340000.0,-34.67333
7325340937.5,-34.66703
7325341875.0,-34.67601
7325342812.5,-34.6721
7325343750.0,-34.67397
7325344687.5,-34.66992
7325345625.0,-34.66807
7325346562.5,-34.65833
7325347500.0,-34.66647
7325348437.5,-34.66631
7325349375.0,-34.66076
7325350312.5,-34.665
7325351250.0,-34.67007
7325352187.5,-34.66058
7325353125.0,-34.66134
7325354062.5,-34.66238
7325355000.0,-34.66031
7325355937.5,-34.6692
7325356875.0,-34.65596
7325357812.5,-34.65937
7325358750.0,-34.66887
7325359687.5,-34.66159
7325360625.0,-34.65137
7325361562.5,-34.6596
7325362500.0,-34.65688
7325363437.5,-34.66692
7325364375.0,-34.6596
7325365312.5,-34.64914
7325366250.0,-34.66872
7325367187.5,-34.65516
7325368125.0,-34.6505
7325369062.5,-34.65641
7325370000.0,-34.65255
7325370937.5,-34.65363
7325371875.0,-34.65035
7325372812.5,-34.6487
7325373750.0,-34.64991
7325374687.5,-34.64837
7325375625.0,-34.64312
7325376562.5,-34.65598
7325377500.0,-34.64358
7325378437.5,-34.65727
7325379375.0,-34.65834
7325380312.5,-34.64869
7325381250.0,-34.65033
7325382187.5,-34.63433
7325383125.0,-34.65176
7325384062.5,-34.64601
7325385000.0,-34.63961
7325385937.5,-34.6391
7325386875.0,-34.63889
7325387812.5,-34.63507
7325388750.0,-34.64347
7325389687.5,-34.64619
7325390625.0,-34.63936
7325391562.5,-34.63546
7325392500.0,-34.63598
7325393437.5,-34.63903
7325394375.0,-34.63876
7325395312.5,-34.63342
7325396250.0,-34.6232
7325397187.5,-34.62886
7325398125.0,-34.62311
7325399062.5,-34.64724
7325400000.0,-34.62804
7325400937.5,-34.63126
7325401875.0,-34.63765
7325402812.5,-34.62471
7325403750.0,-34.64206
7325404687.5,-34.64252
7325405625.0,-34.63338
7325406562.5,-34.62984
7325407500.0,-34.62997
7325408437.5,-34.6367
7325409375.0,-34.63063
7325410312.5,-34.63218
7325411250.0,-34.62911
7325412187.5,-34.61328
7325413125.0,-34.62909
7325414062.5,-34.62899
7325415000.0,-34.62585
7325415937.5,-34.61952
7325416875.0,-34.62831
7325417812.5,-34.61488
7325418750.0,-34.6296
7325419687.5,-34.61414
7325420625.0,-34.6221
7325421562.5,-34.61581
7325422500.0,-34.62072
7325423437.5,-34.61887
7325424375.0,-34.62298
7325425312.5,-34.61644
7325426250.0,-34.62533
7325427187.5,-34.61241
7325428125.0,-34.61757
7325429062.5,-34.61374
7325430000.0,-34.61195
7325430937.5,-34.61755
7325431875.0,-34.61423
7325432812.5,-34.61643
7325433750.0,-34.60864
7325434687.5,-34.61536
7325435625.0,-34.62036
7325436562.5,-34.60527
7325437500.0,-34.61055
7325438437.5,-34.61194
7325439375.0,-34.61131
7325440312.5,-34.61688
7325441250.0,-34.60677
7325442187.5,-34.60564
7325443125.0,-34.61649
7325444062.5,-34.6143
7325445000.0,-34.59876
7325445937.5,-34.61141
7325446875.0,-34.61775
7325447812.5,-34.60995
7325448750.0,-34.60775
7325449687.5,-34.60146
7325450625.0,-34.60292
7325451562.5,-34.60879
7325452500.0,-34.59977
7325453437.5,-34.60228
7325454375.0,-34.60934
7325455312.5,-34.61011
7325456250.0,-34.60612
7325457187.5,-34.5955
7325458125.0,-34.60894
7325459062.5,-34.59647
7325460000.0,-34.5962
7325460937.5,-34.60346
7325461875.0,-34.5982
7325462812.5,-34.59682
7325463750.0,-34.59366
7325464687.5,-34.59624
7325465625.0,-34.60207
7325466562.5,-34.59929
7325467500.0,-34.602
7325468437.5,-34.5845
7325469375.0,-34.59602
7325470312.5,-34.59726
7325471250.0,-34.59486
7325472187.5,-34.58786
7325473125.0,-34.58909
7325474062.5,-34.59015
7325475000.0,-34.5899
7325475937.5,-34.59336
7325476875.0,-34.5812
7325477812.5,-34.58522
7325478750.0,-34.59914
7325479687.5,-34.59502
7325480625.0,-34.58028
7325481562.5,-34.58875
7325482500.0,-34.59719
7325483437.5,-34.58363
7325484375.0,-34.57801
7325485312.5,-34.58592
7325486250.0,-34.58265
7325487187.5,-34.57881
7325488125.0,-34.58278
7325489062.5,-34.59238
7325490000.0,-34.58085
7325490937.5,-34.58325
7325491875.0,-34.57472
7325492812.5,-34.5859
7325493750.0,-34.57469
7325494687.5,-34.58067
7325495625.0,-34.57415
7325496562.5,-34.56913
7325497500.0,-34.57312
7325498437.5,-34.57476
7325499375.0,-34.57778
7325500312.5,-34.56582
7325501250.0,-34.57433
7325502187.5,-34.56863
7325503125.0,-34.56219
7325504062.5,-34.57749
7325505000.0,-34.56495
7325505937.5,-34.55671
7325506875.0,-34.56333
7325507812.5,-34.5787
7325508750.0,-34.5858
7325509687.5,-34.5696
7325510625.0,-34.56244
7325511562.5,-34.56762
7325512500.0,-34.56971
7325513437.5,-34.57232
7325514375.0,-34.56862
7325515312.5,-34.56591
7325516250.0,-34.55943
7325517187.5,-34.55976
7325518125.0,-34.56632
7325519062.5,-34.56555
7325520000.0,-34.56415
7325520937.5,-34.56752
7325521875.0,-34.56563
7325522812.5,-34.56472
7325523750.0,-34.55674
7325524687.5,-34.56066
7325525625.0,-34.56224
7325526562.5,-34.56034
7325527500.0,-34.56518
7325528437.5,-34.55827
7325529375.0,-34.56126
7325530312.5,-34.56565
7325531250.0,-34.55964
7325532187.5,-34.54776
7325533125.0,-34.54656
7325534062.5,-34.55443
7325535000.0,-34.55959
7325535937.5,-34.54231
7325536875.0,-34.549
7325537812.5,-34.55022
7325538750.0,-34.55454
7325539687.5,-34.56108
7325540625.0,-34.55915
7325541562.5,-34.55164
7325542500.0,-34.556
7325543437.5,-34.55391
7325544375.0,-34.55139
7325545312.5,-34.54945
7325546250.0,-34.55078
7325547187.5,-34.55562
7325548125.0,-34.54304
7325549062.5,-34.54453
7325550000.0,-34.54167
7325550937.5,-34.5461
7325551875.0,-34.54623
7325552812.5,-34.53198
7325553750.0,-34.5422
7325554687.5,-34.53741
7325555625.0,-34.54156
7325556562.5,-34.54578
7325557500.0,-34.53551
7325558437.5,-34.53451
7325559375.0,-34.53082
7325560312.5,-34.54185
7325561250.0,-34.53978
7325562187.5,-34.54242
7325563125.0,-34.53402
7325564062.5,-34.53627
7325565000.0,-34.5386
7325565937.5,-34.53411
7325566875.0,-34.5319
7325567812.5,-34.53237
7325568750.0,-34.53469
7325569687.5,-34.52057
7325570625.0,-34.53235
7325571562.5,-34.53104
7325572500.0,-34.53834
7325573437.5,-34.53442
7325574375.0,-34.53358
7325575312.5,-34.53567
7325576250.0,-34.5398
7325577187.5,-34.52856
7325578125.0,-34.5316
7325579062.5,-34.5303
7325580000.0,-34.524
7325580937.5,-34.53067
7325581875.0,-34.5293
7325582812.5,-34.52641
7325583750.0,-34.52859
7325584687.5,-34.52792
7325585625.0,-34.52844
7325586562.5,-34.52981
7325587500.0,-34.52942
7325588437.5,-34.52517
7325589375.0,-34.51564
7325590312.5,-34.52893
7325591250.0,-34.52753
7325592187.5,-34.52491
7325593125.0,-34.51425
7325594062.5,-34.52473
7325595000.0,-34.52292
7325595937.5,-34.5153
7325596875.0,-34.51022
7325597812.5,-34.50951
7325598750.0,-34.51828
7325599687.5,-34.51434
7325600625.0,-34.52166
7325601562.5,-34.5131
7325602500.0,-34.51186
7325603437.5,-34.5186
7325604375.0,-34.52056
7325605312.5,-34.51162
7325606250.0,-34.51082
7325607187.5,-34.50937
7325608125.0,-34.51317
7325609062.5,-34.50043
7325610000.0,-34.50867
7325610937.5,-34.4993
7325611875.0,-34.50772
7325612812.5,-34.51053
7325613750.0,-34.51214
7325614687.5,-34.50633
7325615625.0,-34.49981
7325616562.5,-34.49913
7325617500.0,-34.50552
7325618437.5,-34.5018
7325619375.0,-34.50714
7325620312.5,-34.49715
7325621250.0,-34.49076
7325622187.5,-34.50089
7325623125.0,-34.50266
7325624062.5,-34.49845
7325625000.0,-34.49979
7325625937.5,-34.49881
7325626875.0,-34.49737
7325627812.5,-34.49593
7325628750.0,-34.50431
7325629687.5,-34.49852
7325630625.0,-34.50274
7325631562.5,-34.50492
7325632500.0,-34.50078
7325633437.5,-34.49972
7325634375.0,-34.49704
7325635312.5,-34.49617
7325636250.0,-34.48899
7325637187.5,-34.5009
7325638125.0,-34.49307
7325639062.5,-34.49221
7325640000.0,-34.48653
7325640937.5,-34.49314
7325641875.0,-34.49673
7325642812.5,-34.48471
7325643750.0,-34.48664
7325644687.5,-34.48917
7325645625.0,-34.48318
7325646562.5,-34.48433
7325647500.0,-34.48651
7325648437.5,-34.49158
7325649375.0,-34.47934
7325650312.5,-34.48195
7325651250.0,-34.47993
7325652187.5,-34.47784
7325653125.0,-34.48286
7325654062.5,-34.48391
7325655000.0,-34.47683
7325655937.5,-34.48749
7325656875.0,-34.47932
7325657812.5,-34.47153
7325658750.0,-34.478
7325659687.5,-34.4802
7325660625.0,-34.47727
7325661562.5,-34.48456
7325662500.0,-34.48018
7325663437.5,-34.47454
7325664375.0,-34.46865
7325665312.5,-34.48212
7325666250.0,-34.46309
7325667187.5,-34.47043
7325668125.0,-34.46567
7325669062.5,-34.46585
7325670000.0,-34.47535
7325670937.5,-34.47626
7325671875.0,-34.47657
7325672812.5,-34.46951
7325673750.0,-34.47682
7325674687.5,-34.47282
7325675625.0,-34.47275
7325676562.5,-34.46387
7325677500.0,-34.46412
7325678437.5,-34.46748
7325679375.0,-34.46528
7325680312.5,-34.46638
7325681250.0,-34.46408
7325682187.5,-34.47028
7325683125.0,-34.45974
7325684062.5,-34.46028
7325685000.0,-34.46572
7325685937.5,-34.46779
7325686875.0,-34.47569
7325687812.5,-34.45887
7325688750.0,-34.46248
7325689687.5,-34.46027
7325690625.0,-34.46116
7325691562.5,-34.45823
7325692500.0,-34.45418
7325693437.5,-34.45615
7325694375.0,-34.45335
7325695312.5,-34.45769
7325696250.0,-34.45219
7325697187.5,-34.4576
7325698125.0,-34.45183
7325699062.5,-34.45478
7325700000.0,-34.45205
7325700937.5,-34.45872
7325701875.0,-34.44829
7325702812.5,-34.45093
7325703750.0,-34.45189
7325704687.5,-34.45403
7325705625.0,-34.44582
7325706562.5,-34.44023
7325707500.0,-34.44125
7325708437.5,-34.44217
7325709375.0,-34.44811
7325710312.5,-34.44269
7325711250.0,-34.44729
7325712187.5,-34.44366
7325713125.0,-34.43418
7325714062.5,-34.45014
7325715000.0,-34.4379
7325715937.5,-34.44455
7325716875.0,-34.44132
7325717812.5,-34.44479
7325718750.0,-34.44122
7325719687.5,-34.45526
7325720625.0,-34.43675
7325721562.5,-34.44282
7325722500.0,-34.44706
7325723437.5,-34.44865
7325724375.0,-34.43073
7325725312.5,-34.4448
7325726250.0,-34.43845
7325727187.5,-34.43697
7325728125.0,-34.42517
7325729062.5,-34.43102
7325730000.0,-34.43589
7325730937.5,-34.4267
7325731875.0,-34.42753
7325732812.5,-34.43962
7325733750.0,-34.4301
7325734687.5,-34.42968
7325735625.0,-34.43218
7325736562.5,-34.43346
7325737500.0,-34.43733
7325738437.5,-34.42972
7325739375.0,-34.4379
7325740312.5,-34.43515
7325741250.0,-34.42441
7325742187.5,-34.42826
7325743125.0,-34.42622
7325744062.5,-34.42223
7325745000.0,-34.42713
7325745937.5,-34.42925
7325746875.0,-34.43658
7325747812.5,-34.423
7325748750.0,-34.42149
7325749687.5,-34.42392
7325750625.0,-34.4178
7325751562.5,-34.4174
7325752500.0,-34.42624
7325753437.5,-34.42119
7325754375.0,-34.42345
7325755312.5,-34.41159
7325756250.0,-34.42988
7325757187.5,-34.41983
7325758125.0,-34.41145
7325759062.5,-34.421
7325760000.0,-34.41185
7325760937.5,-34.41191
7325761875.0,-34.41264
7325762812.5,-34.40557
7325763750.0,-34.41518
7325764687.5,-34.41152
7325765625.0,-34.41418
7325766562.5,-34.41338
7325767500.0,-34.41228
7325768437.5,-34.41608
7325769375.0,-34.41357
7325770312.5,-34.40416
7325771250.0,-34.409
7325772187.5,-34.41521
7325773125.0,-34.41352
7325774062.5,-34.40924
7325775000.0,-34.40494
7325775937.5,-34.41012
7325776875.0,-34.40332
7325777812.5,-34.41126
7325778750.0,-34.3983
7325779687.5,-34.40406
7325780625.0,-34.41201
7325781562.5,-34.39682
7325782500.0,-34.40749
7325783437.5,-34.39255
7325784375.0,-34.40237
7325785312.5,-34.39589
7325786250.0,-34.4068
7325787187.5,-34.39915
7325788125.0,-34.40442
7325789062.5,-34.40097
7325790000.0,-34.39505
7325790937.5,-34.39756
7325791875.0,-34.40048
7325792812.5,-34.39161
7325793750.0,-34.39509
7325794687.5,-34.40486
7325795625.0,-34.40207
7325796562.5,-34.40379
7325797500.0,-34.40392
7325798437.5,-34.39809
7325799375.0,-34.38985
7325800312.5,-34.39324
7325801250.0,-34.38913
7325802187.5,-34.40171
7325803125.0,-34.39537
7325804062.5,-34.38847
7325805000.0,-34.38565
7325805937.5,-34.38741
7325806875.0,-34.38363
7325807812.5,-34.38082
7325808750.0,-34.38896
7325809687.5,-34.3925
7325810625.0,-34.38498
7325811562.5,-34.39487
7325812500.0,-34.37874
7325813437.5,-34.39003
7325814375.0,-34.37733
7325815312.5,-34.38515
7325816250.0,-34.38462
7325817187.5,-34.37827
7325818125.0,-34.38279
7325819062.5,-34.3726
7325820000.0,-34.37915
7325820937.5,-34.37668
7325821875.0,-34.38345
7325822812.5,-34.37927
7325823750.0,-34.37481
7325824687.5,-34.38554
7325825625.0,-34.36999
7325826562.5,-34.37997
7325827500.0,-34.36929
7325828437.5,-34.37967
7325829375.0,-34.37643
7325830312.5,-34.37681
7325831250.0,-34.37308
7325832187.5,-34.37257
7325833125.0,-34.36573
7325834062.5,-34.36761
7325835000.0,-34.3778
7325835937.5,-34.36604
7325836875.0,-34.37405
7325837812.5,-34.36609
7325838750.0,-34.36895
7325839687.5,-34.36489
7325840625.0,-34.36189
7325841562.5,-34.36983
7325842500.0,-34.36631
7325843437.5,-34.36392
7325844375.0,-34.36766
7325845312.5,-34.35859
7325846250.0,-34.36988
7325847187.5,-34.36238
7325848125.0,-34.36377
7325849062.5,-34.36459
7325850000.0,-34.35567
7325850937.5,-34.36354
7325851875.0,-34.36531
7325852812.5,-34.36164
7325853750.0,-34.35241
7325854687.5,-34.35546
7325855625.0,-34.35402
7325856562.5,-34.36521
7325857500.0,-34.36412
7325858437.5,-34.35532
7325859375.0,-34.35332
7325860312.5,-34.36117
7325861250.0,-34.35678
7325862187.5,-34.35205
7325863125.0,-34.35662
7325864062.5,-34.3532
7325865000.0,-34.35762
7325865937.5,-34.36273
7325866875.0,-34.35307
7325867812.5,-34.36217
7325868750.0,-34.35438
7325869687.5,-34.35313
7325870625.0,-34.33916
7325871562.5,-34.34529
7325872500.0,-34.34958
7325873437.5,-34.35251
7325874375.0,-34.34626
7325875312.5,-34.35102
7325876250.0,-34.34912
7325877187.5,-34.3343
7325878125.0,-34.34045
7325879062.5,-34.34752
7325880000.0,-34.34225
7325880937.5,-34.33991
7325881875.0,-34.34731
7325882812.5,-34.34815
7325883750.0,-34.33954
7325884687.5,-34.3456
7325885625.0,-34.35452
7325886562.5,-34.34558
7325887500.0,-34.33213
7325888437.5,-34.34013
7325889375.0,-34.34647
7325890312.5,-34.33929
7325891250.0,-34.34267
7325892187.5,-34.34051
7325893125.0,-34.34906
7325894062.5,-34.33451
7325895000.0,-34.33332
7325895937.5,-34.33943
7325896875.0,-34.32838
7325897812.5,-34.33577
7325898750.0,-34.32928
7325899687.5,-34.33329
7325900625.0,-34.33008
7325901562.5,-34.33408
7325902500.0,-34.33022
7325903437.5,-34.31718
7325904375.0,-34.32155
7325905312.5,-34.32652
7325906250.0,-34.31547
7325907187.5,-34.33421
7325908125.0,-34.32743
7325909062.5,-34.32169
7325910000.0,-34.32281
7325910937.5,-34.32594
7325911875.0,-34.32268
7325912812.5,-34.32683
7325913750.0,-34.32161
7325914687.5,-34.31968
7325915625.0,-34.32977
7325916562.5,-34.31784
7325917500.0,-34.31648
7325918437.5,-34.3322
7325919375.0,-34.31081
7325920312.5,-34.3209
7325921250.0,-34.31634
7325922187.5,-34.31979
7325923125.0,-34.31712
7325924062.5,-34.32056
7325925000.0,-34.32578
7325925937.5,-34.31626
7325926875.0,-34.32583
7325927812.5,-34.30907
7325928750.0,-34.31175
7325929687.5,-34.31319
7325930625.0,-34.31957
7325931562.5,-34.32224
7325932500.0,-34.31584
7325933437.5,-34.31669
7325934375.0,-34.31306
7325935312.5,-34.31767
7325936250.0,-34.30792
7325937187.5,-34.30738
7325938125.0,-34.30936
7325939062.5,-34.30453
7325940000.0,-34.30091
7325940937.5,-34.3095
7325941875.0,-34.30964
7325942812.5,-34.30148
7325943750.0,-34.29879
7325944687.5,-34.30273
7325945625.0,-34.301
7325946562.5,-34.30378
7325947500.0,-34.30413
7325948437.5,-34.30213
7325949375.0,-34.30103
7325950312.5,-34.30893
7325951250.0,-34.29774
7325952187.5,-34.29687
7325953125.0,-34.30584
7325954062.5,-34.30519
7325955000.0,-34.30832
7325955937.5,-34.29905
7325956875.0,-34.30278
7325957812.5,-34.3053
7325958750.0,-34.29338
7325959687.5,-34.29495
7325960625.0,-34.28946
7325961562.5,-34.28822
7325962500.0,-34.29356
7325963437.5,-34.29944
7325964375.0,-34.29006
7325965312.5,-34.28447
7325966250.0,-34.29584
7325967187.5,-34.29078
7325968125.0,-34.28949
7325969062.5,-34.29384
7325970000.0,-34.28965
7325970937.5,-34.28114
7325971875.0,-34.28739
7325972812.5,-34.28938
7325973750.0,-34.28744
7325974687.5,-34.29276
7325975625.0,-34.2817
7325976562.5,-34.28468
7325977500.0,-34.28271
7325978437.5,-34.27907
7325979375.0,-34.29358
7325980312.5,-34.28423
7325981250.0,-34.28082
7325982187.5,-34.2843
7325983125.0,-34.27547
7325984062.5,-34.27962
7325985000.0,-34.28162
7325985937.5,-34.28407
7325986875.0,-34.27249
7325987812.5,-34.27251
7325988750.0,-34.27887
7325989687.5,-34.27021
7325990625.0,-34.27768
7325991562.5,-34.26796
7325992500.0,-34.27742
7325993437.5,-34.28343
7325994375.0,-34.27089
7325995312.5,-34.26323
7325996250.0,-34.27201
7325997187.5,-34.27233
7325998125.0,-34.27536
7325999062.5,-34.27396
7326000000.0,-34.26831
7326000937.5,-34.28013
7326001875.0,-34.26439
7326002812.5,-34.2653
7326003750.0,-34.26156
7326004687.5,-34.27094
7326005625.0,-34.2728
7326006562.5,-34.25696
7326007500.0,-34.26762
7326008437.5,-34.26314
7326009375.0,-34.26016
7326010312.5,-34.2623
7326011250.0,-34.26659
7326012187.5,-34.27395
7326013125.0,-34.26752
7326014062.5,-34.26184
7326015000.0,-34.27304
7326015937.5,-34.26682
7326016875.0,-34.26329
7326017812.5,-34.26886
7326018750.0,-34.26272
7326019687.5,-34.25532
7326020625.0,-34.25976
7326021562.5,-34.26244
7326022500.0,-34.25434
7326023437.5,-34.2585
7326024375.0,-34.26067
7326025312.5,-34.26022
7326026250.0,-34.26066
7326027187.5,-34.25249
7326028125.0,-34.25011
7326029062.5,-34.26217
7326030000.0,-34.25253
7326030937.5,-34.24766
7326031875.0,-34.24966
7326032812.5,-34.24878
7326033750.0,-34.25129
7326034687.5,-34.24142
7326035625.0,-34.25905
7326036562.5,-34.2603
7326037500.0,-34.25154
7326038437.5,-34.25066
7326039375.0,-34.24866
7326040312.5,-34.24783
7326041250.0,-34.24601
7326042187.5,-34.23294
7326043125.0,-34.25222
7326044062.5,-34.23584
7326045000.0,-34.24984
7326045937.5,-34.24683
7326046875.0,-34.23914
7326047812.5,-34.2369
7326048750.0,-34.25036
7326049687.5,-34.23964
7326050625.0,-34.23997
7326051562.5,-34.24599
7326052500.0,-34.24598
7326053437.5,-34.23376
7326054375.0,-34.23329
7326055312.5,-34.23245
7326056250.0,-34.23302
7326057187.5,-34.23183
7326058125.0,-34.23519
7326059062.5,-34.23936
7326060000.0,-34.23192
7326060937.5,-34.23593
7326061875.0,-34.22978
7326062812.5,-34.23223
7326063750.0,-34.23239
7326064687.5,-34.23408
7326065625.0,-34.23207
7326066562.5,-34.22595
7326067500.0,-34.22594
7326068437.5,-34.23387
7326069375.0,-34.23482
7326070312.5,-34.22892
7326071250.0,-34.21941
7326072187.5,-34.22009
7326073125.0,-34.22437
7326074062.5,-34.22411
7326075000.0,-34.22786
7326075937.5,-34.22325
7326076875.0,-34.22352
7326077812.5,-34.22264
7326078750.0,-34.22139
7326079687.5,-34.22116
7326080625.0,-34.22166
7326081562.5,-34.21748
7326082500.0,-34.22518
7326083437.5,-34.22449
7326084375.0,-34.21917
7326085312.5,-34.22265
7326086250.0,-34.21921
7326087187.5,-34.22085
7326088125.0,-34.22228
7326089062.5,-34.21679
7326090000.0,-34.21158
7326090937.5,-34.21255
7326091875.0,-34.20618
7326092812.5,-34.21798
7326093750.0,-34.21341
7326094687.5,-34.21667
7326095625.0,-34.20866
7326096562.5,-34.20609
7326097500.0,-34.21604
7326098437.5,-34.21231
7326099375.0,-34.21093
7326100312.5,-34.20916
7326101250.0,-34.22089
7326102187.5,-34.20028
7326103125.0,-34.208
7326104062.5,-34.20631
7326105000.0,-34.20728
7326105937.5,-34.20422
7326106875.0,-34.21081
7326107812.5,-34.19513
7326108750.0,-34.20079
7326109687.5,-34.21215
7326110625.0,-34.20901
7326111562.5,-34.20206
7326112500.0,-34.20673
7326113437.5,-34.1967
7326114375.0,-34.19767
7326115312.5,-34.21275
7326116250.0,-34.1921
7326117187.5,-34.19801
7326118125.0,-34.19788
7326119062.5,-34.19539
7326120000.0,-34.19995
7326120937.5,-34.19629
7326121875.0,-34.19024
7326122812.5,-34.19333
7326123750.0,-34.19455
7326124687.5,-34.20189
7326125625.0,-34.18863
7326126562.5,-34.19809
7326127500.0,-34.19107
7326128437.5,-34.1926
7326129375.0,-34.18787
7326130312.5,-34.19982
7326131250.0,-34.19158
7326132187.5,-34.18904
7326133125.0,-34.18604
7326134062.5,-34.1883
7326135000.0,-34.18795
7326135937.5,-34.19249
7326136875.0,-34.18538
7326137812.5,-34.18426
7326138750.0,-34.18535
7326139687.5,-34.18856
7326140625.0,-34.17735
7326141562.5,-34.18436
7326142500.0,-34.17448
7326143437.5,-34.18037
7326144375.0,-34.18623
7326145312.5,-34.18549
7326146250.0,-34.1801
7326147187.5,-34.17831
7326148125.0,-34.17396
7326149062.5,-34.18859
7326150000.0,-34.18182
7326150937.5,-34.18359
7326151875.0,-34.17984
7326152812.5,-34.17111
7326153750.0,-34.17485
7326154687.5,-34.17397
7326155625.0,-34.17208
7326156562.5,-34.17628
7326157500.0,-34.18374
7326158437.5,-34.17752
7326159375.0,-34.17365
7326160312.5,-34.17702
7326161250.0,-34.17298
7326162187.5,-34.16511
7326163125.0,-34.16806
7326164062.5,-34.17321
7326165000.0,-34.17371
7326165937.5,-34.16757
7326166875.0,-34.17098
7326167812.5,-34.16598
7326168750.0,-34.16195
7326169687.5,-34.16171
7326170625.0,-34.17329
7326171562.5,-34.17123
7326172500.0,-34.16486
7326173437.5,-34.16776
7326174375.0,-34.17113
7326175312.5,-34.15751
7326176250.0,-34.15637
7326177187.5,-34.16178
7326178125.0,-34.16419
7326179062.5,-34.16978
7326180000.0,-34.15221
7326180937.5,-34.16531
7326181875.0,-34.1646
7326182812.5,-34.16148
7326183750.0,-34.16511
7326184687.5,-34.15754
7326185625.0,-34.15429
7326186562.5,-34.15445
7326187500.0,-34.15465
7326188437.5,-34.15546
7326189375.0,-34.15675
7326190312.5,-34.14856
7326191250.0,-34.15529
7326192187.5,-34.14751
7326193125.0,-34.15524
7326194062.5,-34.16141
7326195000.0,-34.16508
7326195937.5,-34.15878
7326196875.0,-34.15446
7326197812.5,-34.14712
7326198750.0,-34.14472
7326199687.5,-34.13983
7326200625.0,-34.14497
7326201562.5,-34.15121
7326202500.0,-34.15142
7326203437.5,-34.14554
7326204375.0,-34.14744
7326205312.5,-34.13584
7326206250.0,-34.14061
7326207187.5,-34.14939
7326208125.0,-34.14309
7326209062.5,-34.14512
7326210000.0,-34.13723
7326210937.5,-34.13092
7326211875.0,-34.14448
7326212812.5,-34.14151
7326213750.0,-34.14286
7326214687.5,-34.14115
7326215625.0,-34.13037
7326216562.5,-34.15506
7326217500.0,-34.13732
7326218437.5,-34.14644
7326219375.0,-34.13131
7326220312.5,-34.13762
7326221250.0,-34.12635
7326222187.5,-34.13375
7326223125.0,-34.13216
7326224062.5,-34.13257
7326225000.0,-34.13687
7326225937.5,-34.12383
7326226875.0,-34.13827
7326227812.5,-34.13484
7326228750.0,-34.12964
7326229687.5,-34.12372
7326230625.0,-34.1274
7326231562.5,-34.13079
7326232500.0,-34.13397
7326233437.5,-34.13103
7326234375.0,-34.13038
7326235312.5,-34.13037
7326236250.0,-34.12878
7326237187.5,-34.12135
7326238125.0,-34.11821
7326239062.5,-34.11035
7326240000.0,-34.12626
7326240937.5,-34.11919
7326241875.0,-34.12509
7326242812.5,-34.12455
7326243750.0,-34.12073
7326244687.5,-34.116
7326245625.0,-34.12499
7326246562.5,-34.11364
7326247500.0,-34.10972
7326248437.5,-34.11298
7326249375.0,-34.111
7326250312.5,-34.11776
7326251250.0,-34.11115
7326252187.5,-34.11512
7326253125.0,-34.11115
7326254062.5,-34.10716
7326255000.0,-34.1186
7326255937.5,-34.11153
7326256875.0,-34.11847
7326257812.5,-34.11122
7326258750.0,-34.11612
7326259687.5,-34.11791
7326260625.0,-34.10912
7326261562.5,-34.11507
7326262500.0,-34.10825
7326263437.5,-34.10437
7326264375.0,-34.11076
7326265312.5,-34.10714
7326266250.0,-34.09537
7326267187.5,-34.10884
7326268125.0,-34.10248
7326269062.5,-34.10543
7326270000.0,-34.10347
7326270937.5,-34.1124
7326271875.0,-34.10453
7326272812.5,-34.10863
7326273750.0,-34.09835
7326274687.5,-34.11187
7326275625.0,-34.09399
7326276562.5,-34.09595
7326277500.0,-34.09733
7326278437.5,-34.09074
7326279375.0,-34.10337
7326280312.5,-34.09956
7326281250.0,-34.09478
7326282187.5,-34.09879
7326283125.0,-34.10233
7326284062.5,-34.09781
7326285000.0,-34.09023
7326285937.5,-34.09216
7326286875.0,-34.08881
7326287812.5,-34.0916
7326288750.0,-34.09982
7326289687.5,-34.08881
7326290625.0,-34.08618
7326291562.5,-34.08388
7326292500.0,-34.0981
7326293437.5,-34.08622
7326294375.0,-34.08647
7326295312.5,-34.08815
7326296250.0,-34.08357
7326297187.5,-34.08248
7326298125.0,-34.08224
7326299062.5,-34.09428
7326300000.0,-34.08205
7326300937.5,-34.09005
7326301875.0,-34.08427
7326302812.5,-34.08991
7326303750.0,-34.08886
7326304687.5,-34.0801
7326305625.0,-34.08263
7326306562.5,-34.08161
7326307500.0,-34.08425
7326308437.5,-34.07288
7326309375.0,-34.07038
7326310312.5,-34.07576
7326311250.0,-34.08419
7326312187.5,-34.07542
7326313125.0,-34.07816
7326314062.5,-34.07877
7326315000.0,-34.08335
7326315937.5,-34.06806
7326316875.0,-34.07867
7326317812.5,-34.06608
7326318750.0,-34.07868
7326319687.5,-34.076
7326320625.0,-34.06941
7326321562.5,-34.07277
7326322500.0,-34.0733
7326323437.5,-34.07383
7326324375.0,-34.06063
7326325312.5,-34.07024
7326326250.0,-34.08183
7326327187.5,-34.07941
7326328125.0,-34.06467
7326329062.5,-34.07087
7326330000.0,-34.07024
7326330937.5,-34.06637
7326331875.0,-34.06772
7326332812.5,-34.06264
7326333750.0,-34.06179
7326334687.5,-34.04845
7326335625.0,-34.06909
7326336562.5,-34.06138
7326337500.0,-34.06335
7326338437.5,-34.06486
7326339375.0,-34.06015
7326340312.5,-34.05722
7326341250.0,-34.06004
7326342187.5,-34.06274
7326343125.0,-34.04934
7326344062.5,-34.06112
7326345000.0,-34.05662
7326345937.5,-34.05033
7326346875.0,-34.05754
7326347812.5,-34.06424
7326348750.0,-34.05315
7326349687.5,-34.05418
7326350625.0,-34.05732
7326351562.5,-34.04919
7326352500.0,-34.05169
7326353437.5,-34.05435
7326354375.0,-34.05265
7326355312.5,-34.04213
7326356250.0,-34.05127
7326357187.5,-34.04958
7326358125.0,-34.04964
7326359062.5,-34.05415
7326360000.0,-34.0416
7326360937.5,-34.03909
7326361875.0,-34.05412
7326362812.5,-34.0551
7326363750.0,-34.04657
7326364687.5,-34.04268
7326365625.0,-34.04001
7326366562.5,-34.0372
7326367500.0,-34.04291
7326368437.5,-34.02714
7326369375.0,-34.03471
7326370312.5,-34.04033
7326371250.0,-34.03839
7326372187.5,-34.04825
7326373125.0,-34.03984
7326374062.5,-34.04559
7326375000.0,-34.03228
7326375937.5,-34.02973
7326376875.0,-34.03633
7326377812.5,-34.03311
7326378750.0,-34.03595
7326379687.5,-34.032
7326380625.0,-34.02537
7326381562.5,-34.03731
7326382500.0,-34.04346
7326383437.5,-34.02911
7326384375.0,-34.02876
7326385312.5,-34.03283
7326386250.0,-34.03189
7326387187.5,-34.03231
7326388125.0,-34.03188
7326389062.5,-34.03385
7326390000.0,-34.03582
7326390937.5,-34.02548
7326391875.0,-34.03417
7326392812.5,-34.03104
7326393750.0,-34.01915
7326394687.5,-34.01351
7326395625.0,-34.02407
7326396562.5,-34.02134
7326397500.0,-34.02724
7326398437.5,-34.01756
7326399375.0,-34.02929
7326400312.5,-34.01701
7326401250.0,-34.01867
7326402187.5,-34.02343
7326403125.0,-34.02127
7326404062.5,-34.02038
7326405000.0,-34.01921
7326405937.5,-34.02423
7326406875.0,-34.01009
7326407812.5,-34.0181
7326408750.0,-34.01926
7326409687.5,-34.01586
7326410625.0,-34.01678
7326411562.5,-34.01464
7326412500.0,-34.01269
7326413437.5,-34.01443
7326414375.0,-34.01277
7326415312.5,-34.01332
7326416250.0,-34.01481
7326417187.5,-34.00552
7326418125.0,-34.00801
7326419062.5,-34.01609
7326420000.0,-34.01197
7326420937.5,-34.00632
7326421875.0,-34.01056
7326422812.5,-33.99874
7326423750.0,-34.00406
7326424687.5,-34.00431
7326425625.0,-34.01335
7326426562.5,-33.99588
7326427500.0,-33.99594
7326428437.5,-34.00294
7326429375.0,-33.99888
7326430312.5,-34.00745
7326431250.0,-34.00185
7326432187.5,-33.99517
7326433125.0,-34.00346
7326434062.5,-33.99857
7326435000.0,-33.99594
7326435937.5,-33.99672
7326436875.0,-33.99213
7326437812.5,-33.99196
7326438750.0,-33.99628
7326439687.5,-33.99847
7326440625.0,-33.99722
7326441562.5,-33.99199
7326442500.0,-34.00102
7326443437.5,-33.99585
7326444375.0,-33.99526
7326445312.5,-34.00096
7326446250.0,-33.99659
7326447187.5,-33.98986
7326448125.0,-33.997
7326449062.5,-33.98953
7326450000.0,-33.99577
7326450937.5,-33.99517
7326451875.0,-33.9848
7326452812.5,-33.99074
7326453750.0,-34.00067
7326454687.5,-33.99782
7326455625.0,-33.98838
7326456562.5,-33.99434
7326457500.0,-33.99271
7326458437.5,-33.97293
7326459375.0,-33.98671
7326460312.5,-33.98321
7326461250.0,-33.97685
7326462187.5,-33.98646
7326463125.0,-33.97616
7326464062.5,-33.97875
7326465000.0,-33.98765
7326465937.5,-33.98912
7326466875.0,-33.98882
7326467812.5,-33.98077
7326468750.0,-33.97283
7326469687.5,-33.97137
7326470625.0,-33.97429
7326471562.5,-33.98284
7326472500.0,-33.96599
7326473437.5,-33.97134
7326474375.0,-33.98523
7326475312.5,-33.97453
7326476250.0,-33.97802
7326477187.5,-33.96466
7326478125.0,-33.97021
7326479062.5,-33.97372
7326480000.0,-33.96715
7326480937.5,-33.9767
7326481875.0,-33.97676
7326482812.5,-33.97147
7326483750.0,-33.96755
7326484687.5,-33.96837
7326485625.0,-33.97027
7326486562.5,-33.96401
7326487500.0,-33.97332
7326488437.5,-33.96033
7326489375.0,-33.96318
7326490312.5,-33.96115
7326491250.0,-33.9579
7326492187.5,-33.9592
7326493125.0,-33.95807
7326494062.5,-33.96379
7326495000.0,-33.97351
7326495937.5,-33.96003
7326496875.0,-33.96958
7326497812.5,-33.97124
7326498750.0,-33.96758
7326499687.5,-33.96018
7326500625.0,-33.94914
7326501562.5,-33.95135
7326502500.0,-33.95775
7326503437.5,-33.9557
7326504375.0,-33.95622
7326505312.5,-33.95759
7326506250.0,-33.95855
7326507187.5,-33.95645
7326508125.0,-33.9512
7326509062.5,-33.95239
7326510000.0,-33.94781
7326510937.5,-33.95111
7326511875.0,-33.95871
7326512812.5,-33.95357
7326513750.0,-33.95209
7326514687.5,-33.95259
7326515625.0,-33.95172
7326516562.5,-33.95322
7326517500.0,-33.94221
7326518437.5,-33.93942
7326519375.0,-33.9559
7326520312.5,-33.95616
7326521250.0,-33.94824
7326522187.5,-33.94586
7326523125.0,-33.94131
7326524062.5,-33.93843
7326525000.0,-33.94496
7326525937.5,-33.95053
7326526875.0,-33.94019
7326527812.5,-33.94287
7326528750.0,-33.94233
7326529687.5,-33.9421
7326530625.0,-33.94867
7326531562.5,-33.93691
7326532500.0,-33.94322
7326533437.5,-33.93656
7326534375.0,-33.93559
7326535312.5,-33.93188
7326536250.0,-33.93788
7326537187.5,-33.9477
7326538125.0,-33.92582
7326539062.5,-33.93537
7326540000.0,-33.94178
7326540937.5,-33.93507
7326541875.0,-33.9256
7326542812.5,-33.93689
7326543750.0,-33.93866
7326544687.5,-33.93568
7326545625.0,-33.93431
7326546562.5,-33.91467
7326547500.0,-33.92876
7326548437.5,-33.92582
7326549375.0,-33.92422
7326550312.5,-33.92892
7326551250.0,-33.92749
7326552187.5,-33.92116
7326553125.0,-33.93398
7326554062.5,-33.92571
7326555000.0,-33.92636
7326555937.5,-33.9218
7326556875.0,-33.92579
7326557812.5,-33.92737
7326558750.0,-33.91702
7326559687.5,-33.92641
7326560625.0,-33.92186
7326561562.5,-33.91817
7326562500.0,-33.91527
7326563437.5,-33.92309
7326564375.0,-33.92207
7326565312.5,-33.92076
7326566250.0,-33.91914
7326567187.5,-33.90601
7326568125.0,-33.92101
7326569062.5,-33.91299
7326570000.0,-33.92054
7326570937.5,-33.91632
7326571875.0,-33.91515
7326572812.5,-33.90842
7326573750.0,-33.90495
7326574687.5,-33.90959
7326575625.0,-33.90472
7326576562.5,-33.90987
7326577500.0,-33.91368
7326578437.5,-33.90652
7326579375.0,-33.91382
7326580312.5,-33.90547
7326581250.0,-33.90515
7326582187.5,-33.90389
7326583125.0,-33.90041
7326584062.5,-33.90796
7326585000.0,-33.90623
7326585937.5,-33.91161
7326586875.0,-33.90787
7326587812.5,-33.90215
7326588750.0,-33.90444
7326589687.5,-33.90548
7326590625.0,-33.90362
7326591562.5,-33.90378
7326592500.0,-33.89568
7326593437.5,-33.90292
7326594375.0,-33.88863
7326595312.5,-33.90061
7326596250.0,-33.89817
7326597187.5,-33.89677
7326598125.0,-33.88945
7326599062.5,-33.89532
7326600000.0,-33.88871
7326600937.5,-33.89519
7326601875.0,-33.89686
7326602812.5,-33.89192
7326603750.0,-33.89474
7326604687.5,-33.89521
7326605625.0,-33.88922
7326606562.5,-33.89609
7326607500.0,-33.88143
7326608437.5,-33.8873
7326609375.0,-33.87847
7326610312.5,-33.88842
7326611250.0,-33.8928
7326612187.5,-33.88845
7326613125.0,-33.88775
7326614062.5,-33.88027
7326615000.0,-33.89008
7326615937.5,-33.89291
7326616875.0,-33.88369
7326617812.5,-33.8867
7326618750.0,-33.87973
7326619687.5,-33.88603
7326620625.0,-33.8928
7326621562.5,-33.88288
7326622500.0,-33.88195
7326623437.5,-33.87907
7326624375.0,-33.8772
7326625312.5,-33.87786
7326626250.0,-33.87533
7326627187.5,-33.8801
7326628125.0,-33.87945
7326629062.5,-33.88066
7326630000.0,-33.87428
7326630937.5,-33.88001
7326631875.0,-33.87491
7326632812.5,-33.86655
7326633750.0,-33.88065
7326634687.5,-33.8751
7326635625.0,-33.87238
7326636562.5,-33.87359
7326637500.0,-33.87037
7326638437.5,-33.86911
7326639375.0,-33.87053
7326640312.5,-33.87876
7326641250.0,-33.86851
7326642187.5,-33.86152
7326643125.0,-33.8658
7326644062.5,-33.87061
7326645000.0,-33.8637
7326645937.5,-33.86642
7326646875.0,-33.85762
7326647812.5,-33.87632
7326648750.0,-33.87159
7326649687.5,-33.85805
7326650625.0,-33.86073
7326651562.5,-33.86229
7326652500.0,-33.86198
7326653437.5,-33.86526
7326654375.0,-33.85563
7326655312.5,-33.87302
7326656250.0,-33.85652
7326657187.5,-33.8513
7326658125.0,-33.86556
7326659062.5,-33.86391
7326660000.0,-33.86192
7326660937.5,-33.8488
7326661875.0,-33.8608
7326662812.5,-33.86193
7326663750.0,-33.85639
7326664687.5,-33.84751
7326665625.0,-33.85876
7326666562.5,-33.85088
7326667500.0,-33.853
7326668437.5,-33.84652
7326669375.0,-33.84868
7326670312.5,-33.85062
7326671250.0,-33.8437
7326672187.5,-33.85187
7326673125.0,-33.84689
7326674062.5,-33.85023
7326675000.0,-33.84313
7326675937.5,-33.84282
7326676875.0,-33.85691
7326677812.5,-33.84269
7326678750.0,-33.84823
7326679687.5,-33.84317
7326680625.0,-33.83891
7326681562.5,-33.84026
7326682500.0,-33.83758
7326683437.5,-33.84252
7326684375.0,-33.83809
7326685312.5,-33.8425
7326686250.0,-33.83991
7326687187.5,-33.85182
7326688125.0,-33.83784
7326689062.5,-33.83522
7326690000.0,-33.83586
7326690937.5,-33.84494
7326691875.0,-33.8409
7326692812.5,-33.83706
7326693750.0,-33.836
7326694687.5,-33.84514
7326695625.0,-33.8311
7326696562.5,-33.84201
7326697500.0,-33.83552
7326698437.5,-33.83326
7326699375.0,-33.83086
7326700312.5,-33.82645
7326701250.0,-33.83086
7326702187.5,-33.83471
7326703125.0,-33.83312
7326704062.5,-33.83888
7326705000.0,-33.8362
7326705937.5,-33.82386
7326706875.0,-33.83207
7326707812.5,-33.82533
7326708750.0,-33.82896
7326709687.5,-33.82441
7326710625.0,-33.83576
7326711562.5,-33.82294
7326712500.0,-33.82576
7326713437.5,-33.8132
7326714375.0,-33.81525
7326715312.5,-33.81971
7326716250.0,-33.82153
7326717187.5,-33.82047
7326718125.0,-33.8249
7326719062.5,-33.82017
7326720000.0,-33.81548
7326720937.5,-33.81887
7326721875.0,-33.81765
7326722812.5,-33.81532
7326723750.0,-33.8167
7326724687.5,-33.81039
7326725625.0,-33.81431
7326726562.5,-33.81181
7326727500.0,-33.81155
7326728437.5,-33.81149
7326729375.0,-33.80838
7326730312.5,-33.81207
7326731250.0,-33.8022
7326732187.5,-33.80891
7326733125.0,-33.8152
7326734062.5,-33.81816
7326735000.0,-33.80748
7326735937.5,-33.8046
7326736875.0,-33.81047
7326737812.5,-33.81694
7326738750.0,-33.80821
7326739687.5,-33.81343
7326740625.0,-33.798
7326741562.5,-33.79504
7326742500.0,-33.80304
7326743437.5,-33.80576
7326744375.0,-33.80517
7326745312.5,-33.79718
7326746250.0,-33.80546
7326747187.5,-33.79422
7326748125.0,-33.79971
7326749062.5,-33.79552
7326750000.0,-33.7976
7326750937.5,-33.79721
7326751875.0,-33.80615
7326752812.5,-33.806
7326753750.0,-33.8064
7326754687.5,-33.80548
7326755625.0,-33.79761
7326756562.5,-33.79232
7326757500.0,-33.79693
7326758437.5,-33.78934
7326759375.0,-33.79469
7326760312.5,-33.79403
7326761250.0,-33.78468
7326762187.5,-33.78864
7326763125.0,-33.78797
7326764062.5,-33.79041
7326765000.0,-33.78999
7326765937.5,-33.79814
7326766875.0,-33.78822
7326767812.5,-33.79047
7326768750.0,-33.78328
7326769687.5,-33.78871
7326770625.0,-33.78373
7326771562.5,-33.78271
7326772500.0,-33.79202
7326773437.5,-33.78002
7326774375.0,-33.77862
7326775312.5,-33.78045
7326776250.0,-33.77911
7326777187.5,-33.78133
7326778125.0,-33.77588
7326779062.5,-33.78788
7326780000.0,-33.78161
7326780937.5,-33.77379
7326781875.0,-33.76822
7326782812.5,-33.78275
7326783750.0,-33.78334
7326784687.5,-33.77927
7326785625.0,-33.77954
7326786562.5,-33.77128
7326787500.0,-33.77787
7326788437.5,-33.78069
7326789375.0,-33.76968
7326790312.5,-33.78367
7326791250.0,-33.78877
7326792187.5,-33.76544
7326793125.0,-33.76799
7326794062.5,-33.76662
7326795000.0,-33.77101
7326795937.5,-33.77081
7326796875.0,-33.76444
7326797812.5,-33.76557
7326798750.0,-33.76905
7326799687.5,-33.76619
7326800625.0,-33.7702
7326801562.5,-33.78071
7326802500.0,-33.77188
7326803437.5,-33.76437
7326804375.0,-33.75899
7326805312.5,-33.76796
7326806250.0,-33.75755
7326807187.5,-33.76143
7326808125.0,-33.76645
7326809062.5,-33.76326
7326810000.0,-33.76811
7326810937.5,-33.76446
7326811875.0,-33.7528
7326812812.5,-33.75892
7326813750.0,-33.76719
7326814687.5,-33.74381
7326815625.0,-33.75764
7326816562.5,-33.76342
7326817500.0,-33.7552
7326818437.5,-33.75195
7326819375.0,-33.75679
7326820312.5,-33.75626
7326821250.0,-33.74888
7326822187.5,-33.75256
7326823125.0,-33.75188
7326824062.5,-33.75608
7326825000.0,-33.75765
7326825937.5,-33.74843
7326826875.0,-33.74956
7326827812.5,-33.75137
7326828750.0,-33.75573
7326829687.5,-33.75164
7326830625.0,-33.74715
7326831562.5,-33.74282
7326832500.0,-33.74282
7326833437.5,-33.75885
7326834375.0,-33.7442
7326835312.5,-33.74675
7326836250.0,-33.74844
7326837187.5,-33.73643
7326838125.0,-33.74531
7326839062.5,-33.7436
7326840000.0,-33.74556
7326840937.5,-33.74181
7326841875.0,-33.74212
7326842812.5,-33.73721
7326843750.0,-33.72958
7326844687.5,-33.74891
7326845625.0,-33.7366
7326846562.5,-33.73185
7326847500.0,-33.73728
7326848437.5,-33.74149
7326849375.0,-33.7347
7326850312.5,-33.73126
7326851250.0,-33.73923
7326852187.5,-33.73804
7326853125.0,-33.73025
7326854062.5,-33.72828
7326855000.0,-33.72801
7326855937.5,-33.73234
7326856875.0,-33.7313
7326857812.5,-33.72944
7326858750.0,-33.72503
7326859687.5,-33.72824
7326860625.0,-33.72644
7326861562.5,-33.73086
7326862500.0,-33.71866
7326863437.5,-33.71964
7326864375.0,-33.72748
7326865312.5,-33.7298
7326866250.0,-33.71924
7326867187.5,-33.72487
7326868125.0,-33.72142
7326869062.5,-33.71266
7326870000.0,-33.7247
7326870937.5,-33.72149
7326871875.0,-33.72051
7326872812.5,-33.72107
7326873750.0,-33.71759
7326874687.5,-33.71185
7326875625.0,-33.71628
7326876562.5,-33.72499
7326877500.0,-33.71813
7326878437.5,-33.71308
7326879375.0,-33.71194
7326880312.5,-33.71726
7326881250.0,-33.71054
7326882187.5,-33.70888
7326883125.0,-33.71436
7326884062.5,-33.7163
7326885000.0,-33.71059
7326885937.5,-33.71122
7326886875.0,-33.71759
7326887812.5,-33.71645
7326888750.0,-33.70381
7326889687.5,-33.71759
7326890625.0,-33.7114
7326891562.5,-33.7065
7326892500.0,-33.70692
7326893437.5,-33.69496
7326894375.0,-33.70391
7326895312.5,-33.71225
7326896250.0,-33.70211
7326897187.5,-33.7094
7326898125.0,-33.69921
7326899062.5,-33.71767
7326900000.0,-33.70277
7326900937.5,-33.69979
7326901875.0,-33.69979
7326902812.5,-33.70195
7326903750.0,-33.70218
7326904687.5,-33.70499
7326905625.0,-33.69969
7326906562.5,-33.70315
7326907500.0,-33.6966
7326908437.5,-33.70601
7326909375.0,-33.69996
7326910312.5,-33.69006
7326911250.0,-33.69019
7326912187.5,-33.69699
7326913125.0,-33.6936
7326914062.5,-33.69276
7326915000.0,-33.6878
7326915937.5,-33.69006
7326916875.0,-33.69151
7326917812.5,-33.69601
7326918750.0,-33.68939
7326919687.5,-33.68819
7326920625.0,-33.68982
7326921562.5,-33.68737
7326922500.0,-33.6869
7326923437.5,-33.67693
7326924375.0,-33.69385
7326925312.5,-33.6831
7326926250.0,-33.67712
7326927187.5,-33.68856
7326928125.0,-33.67786
7326929062.5,-33.68993
7326930000.0,-33.68031
7326930937.5,-33.67817
7326931875.0,-33.67862
7326932812.5,-33.68569
7326933750.0,-33.675
7326934687.5,-33.68111
7326935625.0,-33.67185
7326936562.5,-33.67589
7326937500.0,-33.68435
7326938437.5,-33.67794
7326939375.0,-33.67091
7326940312.5,-33.67787
7326941250.0,-33.68417
7326942187.5,-33.67485
7326943125.0,-33.6744
7326944062.5,-33.66578
7326945000.0,-33.67746
7326945937.5,-33.66321
7326946875.0,-33.67437
7326947812.5,-33.66846
7326948750.0,-33.66358
7326949687.5,-33.67551
7326950625.0,-33.67303
7326951562.5,-33.66678
7326952500.0,-33.67251
7326953437.5,-33.66767
7326954375.0,-33.67202
7326955312.5,-33.66755
7326956250.0,-33.66142
7326957187.5,-33.67027
7326958125.0,-33.65826
7326959062.5,-33.66714
7326960000.0,-33.66773
7326960937.5,-33.66988
7326961875.0,-33.66558
7326962812.5,-33.65781
7326963750.0,-33.65604
7326964687.5,-33.66562
7326965625.0,-33.66286
7326966562.5,-33.66445
7326967500.0,-33.65821
7326968437.5,-33.66209
7326969375.0,-33.66787
7326970312.5,-33.65917
7326971250.0,-33.65987
7326972187.5,-33.6541
7326973125.0,-33.658
7326974062.5,-33.65423
7326975000.0,-33.65276
7326975937.5,-33.64954
7326976875.0,-33.64399
7326977812.5,-33.65842
7326978750.0,-33.65519
7326979687.5,-33.65923
7326980625.0,-33.65146
7326981562.5,-33.65253
7326982500.0,-33.65236
7326983437.5,-33.64248
7326984375.0,-33.64346
7326985312.5,-33.64873
7326986250.0,-33.64626
7326987187.5,-33.64812
7326988125.0,-33.64411
7326989062.5,-33.65178
7326990000.0,-33.64564
7326990937.5,-33.64365
7326991875.0,-33.64302
7326992812.5,-33.64079
7326993750.0,-33.64104
7326994687.5,-33.64197
7326995625.0,-33.6394
7326996562.5,-33.63747
7326997500.0,-33.64056
7326998437.5,-33.64639
7326999375.0,-33.63781
7327000312.5,-33.63799
7327001250.0,-33.63489
7327002187.5,-33.64194
7327003125.0,-33.6361
7327004062.5,-33.63966
7327005000.0,-33.63035
7327005937.5,-33.62567
7327006875.0,-33.63657
7327007812.5,-33.63296
7327008750.0,-33.63143
7327009687.5,-33.62849
7327010625.0,-33.63129
7327011562.5,-33.62195
7327012500.0,-33.64023
7327013437.5,-33.62373
7327014375.0,-33.62837
7327015312.5,-33.62798
7327016250.0,-33.63469
7327017187.5,-33.62691
7327018125.0,-33.61976
7327019062.5,-33.62872
7327020000.0,-33.62884
7327020937.5,-33.62677
7327021875.0,-33.62326
7327022812.5,-33.62503
7327023750.0,-33.624
7327024687.5,-33.61416
7327025625.0,-33.63011
7327026562.5,-33.61798
7327027500.0,-33.61957
7327028437.5,-33.61621
7327029375.0,-33.61889
7327030312.5,-33.61886
7327031250.0,-33.62299
7327032187.5,-33.62252
7327033125.0,-33.62016
7327034062.5,-33.61571
7327035000.0,-33.60337
7327035937.5,-33.60465
7327036875.0,-33.61351
7327037812.5,-33.61543
7327038750.0,-33.62094
7327039687.5,-33.61726
7327040625.0,-33.60804
7327041562.5,-33.61318
7327042500.0,-33.60735
7327043437.5,-33.61112
7327044375.0,-33.61892
7327045312.5,-33.61086
7327046250.0,-33.6048
7327047187.5,-33.60429
7327048125.0,-33.60485
7327049062.5,-33.60334
7327050000.0,-33.61192
7327050937.5,-33.59671
7327051875.0,-33.5974
7327052812.5,-33.59643
7327053750.0,-33.60553
7327054687.5,-33.60966
7327055625.0,-33.59668
7327056562.5,-33.60096
7327057500.0,-33.60239
7327058437.5,-33.59823
7327059375.0,-33.59712
7327060312.5,-33.60554
7327061250.0,-33.60276
7327062187.5,-33.58653
7327063125.0,-33.59208
7327064062.5,-33.59916
7327065000.0,-33.59582
7327065937.5,-33.59131
7327066875.0,-33.59665
7327067812.5,-33.5982
7327068750.0,-33.59823
7327069687.5,-33.58779
7327070625.0,-33.59008
7327071562.5,-33.58755
7327072500.0,-33.59257
7327073437.5,-33.58704
7327074375.0,-33.58142
7327075312.5,-33.58636
7327076250.0,-33.58547
7327077187.5,-33.59053
7327078125.0,-33.59293
7327079062.5,-33.58473
7327080000.0,-33.58598
7327080937.5,-33.58021
7327081875.0,-33.58883
7327082812.5,-33.58618
7327083750.0,-33.58688
7327084687.5,-33.57556
7327085625.0,-33.58026
7327086562.5,-33.58693
7327087500.0,-33.5759
7327088437.5,-33.58441
7327089375.0,-33.57385
7327090312.5,-33.5768
7327091250.0,-33.57721
7327092187.5,-33.5835
7327093125.0,-33.5755
7327094062.5,-33.57745
7327095000.0,-33.57678
7327095937.5,-33.58672
7327096875.0,-33.57353
7327097812.5,-33.56838
7327098750.0,-33.56747
7327099687.5,-33.56955
7327100625.0,-33.5658
7327101562.5,-33.57084
7327102500.0,-33.57812
7327103437.5,-33.57129
7327104375.0,-33.57736
7327105312.5,-33.57851
7327106250.0,-33.57091
7327107187.5,-33.57581
7327108125.0,-33.56464
7327109062.5,-33.57139
7327110000.0,-33.55949
7327110937.5,-33.56385
7327111875.0,-33.56135
7327112812.5,-33.56453
7327113750.0,-33.56745
7327114687.5,-33.5653
7327115625.0,-33.56173
7327116562.5,-33.55741
7327117500.0,-33.56932
7327118437.5,-33.55954
7327119375.0,-33.56503
7327120312.5,-33.56256
7327121250.0,-33.56233
7327122187.5,-33.54754
7327123125.0,-33.56356
7327124062.5,-33.55909
7327125000.0,-33.55918
7327125937.5,-33.5542
7327126875.0,-33.55978
7327127812.5,-33.54995
7327128750.0,-33.56311
7327129687.5,-33.55631
7327130625.0,-33.55244
7327131562.5,-33.54599
7327132500.0,-33.54448
7327133437.5,-33.55509
7327134375.0,-33.55774
7327135312.5,-33.55225
7327136250.0,-33.54504
7327137187.5,-33.54808
7327138125.0,-33.54345
7327139062.5,-33.54672
7327140000.0,-33.54744
7327140937.5,-33.54879
7327141875.0,-33.54365
7327142812.5,-33.55434
7327143750.0,-33.54844
7327144687.5,-33.53752
7327145625.0,-33.54209
7327146562.5,-33.53815
7327147500.0,-33.5387
7327148437.5,-33.54226
7327149375.0,-33.5434
7327150312.5,-33.53646
7327151250.0,-33.54547
7327152187.5,-33.5397
7327153125.0,-33.53474
7327154062.5,-33.53667
7327155000.0,-33.53596
7327155937.5,-33.53567
7327156875.0,-33.53776
7327157812.5,-33.53518
7327158750.0,-33.53308
7327159687.5,-33.53878
7327160625.0,-33.53939
7327161562.5,-33.53021
7327162500.0,-33.52874
7327163437.5,-33.53572
7327164375.0,-33.52419
7327165312.5,-33.52834
7327166250.0,-33.52292
7327167187.5,-33.52179
7327168125.0,-33.52926
7327169062.5,-33.53995
7327170000.0,-33.52375
7327170937.5,-33.51532
7327171875.0,-33.52638
7327172812.5,-33.52003
7327173750.0,-33.52229
7327174687.5,-33.52672
7327175625.0,-33.51165
7327176562.5,-33.53242
7327177500.0,-33.51747
7327178437.5,-33.52449
7327179375.0,-33.52047
7327180312.5,-33.52419
7327181250.0,-33.52747
7327182187.5,-33.52538
7327183125.0,-33.51118
7327184062.5,-33.52271
7327185000.0,-33.52205
7327185937.5,-33.52166
7327186875.0,-33.5129
7327187812.5,-33.51051
7327188750.0,-33.51361
7327189687.5,-33.51287
7327190625.0,-33.51477
7327191562.5,-33.51617
7327192500.0,-33.50476
7327193437.5,-33.5172
7327194375.0,-33.51461
7327195312.5,-33.50801
7327196250.0,-33.514
7327197187.5,-33.50577
7327198125.0,-33.51607
7327199062.5,-33.50158
7327200000.0,-33.50936
7327200937.5,-33.50218
7327201875.0,-33.5083
7327202812.5,-33.50074
7327203750.0,-33.50284
7327204687.5,-33.49813
7327205625.0,-33.50663
7327206562.5,-33.51167
7327207500.0,-33.51123
7327208437.5,-33.50522
7327209375.0,-33.50759
7327210312.5,-33.50119
7327211250.0,-33.50322
7327212187.5,-33.49866
7327213125.0,-33.49533
7327214062.5,-33.49614
7327215000.0,-33.50081
7327215937.5,-33.4915
7327216875.0,-33.49275
7327217812.5,-33.49406
7327218750.0,-33.49779
7327219687.5,-33.4879
7327220625.0,-33.49244
7327221562.5,-33.49303
7327222500.0,-33.49757
7327223437.5,-33.50117
7327224375.0,-33.49319
7327225312.5,-33.48797
7327226250.0,-33.48969
7327227187.5,-33.49347
7327228125.0,-33.48145
7327229062.5,-33.48431
7327230000.0,-33.47398
7327230937.5,-33.48584
7327231875.0,-33.48662
7327232812.5,-33.48495
7327233750.0,-33.47362
7327234687.5,-33.48578
7327235625.0,-33.4922
7327236562.5,-33.47863
7327237500.0,-33.49136
7327238437.5,-33.48227
7327239375.0,-33.48073
7327240312.5,-33.47544
7327241250.0,-33.48568
7327242187.5,-33.4797
7327243125.0,-33.47461
7327244062.5,-33.4728
7327245000.0,-33.47878
7327245937.5,-33.47578
7327246875.0,-33.47287
7327247812.5,-33.47454
7327248750.0,-33.47474
7327249687.5,-33.48145
7327250625.0,-33.4683
7327251562.5,-33.47527
7327252500.0,-33.47701
7327253437.5,-33.47116
7327254375.0,-33.46942
7327255312.5,-33.46892
7327256250.0,-33.47776
7327257187.5,-33.46515
7327258125.0,-33.466
7327259062.5,-33.46933
7327260000.0,-33.4695
7327260937.5,-33.46653
7327261875.0,-33.4687
7327262812.5,-33.47016
7327263750.0,-33.4596
7327264687.5,-33.46596
7327265625.0,-33.47013
7327266562.5,-33.46119
7327267500.0,-33.47115
7327268437.5,-33.46364
7327269375.0,-33.45515
7327270312.5,-33.45683
7327271250.0,-33.46397
7327272187.5,-33.46476
7327273125.0,-33.45662
7327274062.5,-33.45537
7327275000.0,-33.45559
7327275937.5,-33.45952
7327276875.0,-33.45187
7327277812.5,-33.45668
7327278750.0,-33.44972
7327279687.5,-33.45702
7327280625.0,-33.44937
7327281562.5,-33.44567
7327282500.0,-33.44573
7327283437.5,-33.44279
7327284375.0,-33.45644
7327285312.5,-33.44829
7327286250.0,-33.44752
7327287187.5,-33.43891
7327288125.0,-33.44161
7327289062.5,-33.44867
7327290000.0,-33.44571
7327290937.5,-33.4432
7327291875.0,-33.45122
7327292812.5,-33.44629
7327293750.0,-33.44541
7327294687.5,-33.44126
7327295625.0,-33.44339
7327296562.5,-33.436
7327297500.0,-33.44017
7327298437.5,-33.44439
7327299375.0,-33.43367
7327300312.5,-33.44638
7327301250.0,-33.4453
7327302187.5,-33.44109
7327303125.0,-33.43955
7327304062.5,-33.43998
7327305000.0,-33.43259
7327305937.5,-33.4341
7327306875.0,-33.44429
7327307812.5,-33.43809
7327308750.0,-33.43764
7327309687.5,-33.43888
7327310625.0,-33.43668
7327311562.5,-33.42972
7327312500.0,-33.42885
7327313437.5,-33.43739
7327314375.0,-33.43698
7327315312.5,-33.42603
7327316250.0,-33.43941
7327317187.5,-33.4219
7327318125.0,-33.43307
7327319062.5,-33.42574
7327320000.0,-33.43062
7327320937.5,-33.42902
7327321875.0,-33.42204
7327322812.5,-33.42762
7327323750.0,-33.43312
7327324687.5,-33.42524
7327325625.0,-33.43063
7327326562.5,-33.42622
7327327500.0,-33.42713
7327328437.5,-33.42812
7327329375.0,-33.42091
7327330312.5,-33.42006
7327331250.0,-33.42421
7327332187.5,-33.41877
7327333125.0,-33.41874
7327334062.5,-33.41215
7327335000.0,-33.41852
7327335937.5,-33.41168
7327336875.0,-33.41341
7327337812.5,-33.41204
7327338750.0,-33.41979
7327339687.5,-33.42025
7327340625.0,-33.41421
7327341562.5,-33.42154
7327342500.0,-33.40745
7327343437.5,-33.42157
7327344375.0,-33.40408
7327345312.5,-33.42403
7327346250.0,-33.41512
7327347187.5,-33.39961
7327348125.0,-33.41166
7327349062.5,-33.40394
7327350000.0,-33.4077
7327350937.5,-33.40915
7327351875.0,-33.40847
7327352812.5,-33.41592
7327353750.0,-33.39805
7327354687.5,-33.3986
7327355625.0,-33.39936
7327356562.5,-33.39996
7327357500.0,-33.40622
7327358437.5,-33.39605
7327359375.0,-33.40789
7327360312.5,-33.39824
7327361250.0,-33.40279
7327362187.5,-33.39272
7327363125.0,-33.39677
7327364062.5,-33.40487
7327365000.0,-33.40246
7327365937.5,-33.39405
7327366875.0,-33.40323
7327367812.5,-33.39706
7327368750.0,-33.38899
7327369687.5,-33.39123
7327370625.0,-33.39176
7327371562.5,-33.3914
7327372500.0,-33.39401
7327373437.5,-33.38914
7327374375.0,-33.39521
7327375312.5,-33.39239
7327376250.0,-33.39243
7327377187.5,-33.38879
7327378125.0,-33.39592
7327379062.5,-33.3863
7327380000.0,-33.39074
7327380937.5,-33.38968
7327381875.0,-33.38741
7327382812.5,-33.385
7327383750.0,-33.37106
7327384687.5,-33.37813
7327385625.0,-33.37935
7327386562.5,-33.38332
7327387500.0,-33.38523
7327388437.5,-33.37457
7327389375.0,-33.37755
7327390312.5,-33.38419
7327391250.0,-33.38264
7327392187.5,-33.37243
7327393125.0,-33.38313
7327394062.5,-33.38298
7327395000.0,-33.37136
7327395937.5,-33.37546
7327396875.0,-33.38142
7327397812.5,-33.37813
7327398750.0,-33.37495
7327399687.5,-33.37028
7327400625.0,-33.3742
7327401562.5,-33.37192
7327402500.0,-33.37186
7327403437.5,-33.37462
7327404375.0,-33.36883
7327405312.5,-33.37064
7327406250.0,-33.37515
7327407187.5,-33.37343
7327408125.0,-33.36562
7327409062.5,-33.35765
7327410000.0,-33.36796
7327410937.5,-33.35999
7327411875.0,-33.36362
7327412812.5,-33.37235
7327413750.0,-33.36544
7327414687.5,-33.36238
7327415625.0,-33.36087
7327416562.5,-33.36004
7327417500.0,-33.35607
7327418437.5,-33.36377
7327419375.0,-33.3599
7327420312.5,-33.35992
7327421250.0,-33.37023
7327422187.5,-33.36673
7327423125.0,-33.35356
7327424062.5,-33.3583
7327425000.0,-33.35488
7327425937.5,-33.3466
7327426875.0,-33.34999
7327427812.5,-33.36051
7327428750.0,-33.35494
7327429687.5,-33.35478
7327430625.0,-33.3534
7327431562.5,-33.35778
7327432500.0,-33.36214
7327433437.5,-33.3651
7327434375.0,-33.35855
7327435312.5,-33.35077
7327436250.0,-33.34565
7327437187.5,-33.35305
7327438125.0,-33.34995
7327439062.5,-33.34494
7327440000.0,-33.34628
7327440937.5,-33.34909
7327441875.0,-33.35234
7327442812.5,-33.3406
7327443750.0,-33.33793
7327444687.5,-33.34767
7327445625.0,-33.34111
7327446562.5,-33.34123
7327447500.0,-33.34258
7327448437.5,-33.34369
7327449375.0,-33.34214
7327450312.5,-33.32948
7327451250.0,-33.33897
7327452187.5,-33.34082
7327453125.0,-33.33253
7327454062.5,-33.33116
7327455000.0,-33.34043
7327455937.5,-33.33439
7327456875.0,-33.33885
7327457812.5,-33.33426
7327458750.0,-33.33563
7327459687.5,-33.32918
7327460625.0,-33.33656
7327461562.5,-33.32846
7327462500.0,-33.3322
7327463437.5,-33.33393
7327464375.0,-33.33011
7327465312.5,-33.33078
7327466250.0,-33.32899
7327467187.5,-33.33085
7327468125.0,-33.33465
7327469062.5,-33.33287
7327470000.0,-33.32437
7327470937.5,-33.33049
7327471875.0,-33.32348
7327472812.5,-33.32541
7327473750.0,-33.32458
7327474687.5,-33.32531
7327475625.0,-33.32885
7327476562.5,-33.31764
7327477500.0,-33.32259
7327478437.5,-33.32282
7327479375.0,-33.32549
7327480312.5,-33.31949
7327481250.0,-33.31433
7327482187.5,-33.31141
7327483125.0,-33.32056
7327484062.5,-33.30886
7327485000.0,-33.32554
7327485937.5,-33.32325
7327486875.0,-33.31719
7327487812.5,-33.31159
7327488750.0,-33.32932
7327489687.5,-33.30848
7327490625.0,-33.31264
7327491562.5,-33.32115
7327492500.0,-33.31186
7327493437.5,-33.3065
7327494375.0,-33.31733
7327495312.5,-33.30838
7327496250.0,-33.31768
7327497187.5,-33.30485
7327498125.0,-33.30169
7327499062.5,-33.31273
7327500000.0,-33.30322
7327500937.5,-33.30482
7327501875.0,-33.31167
7327502812.5,-33.31174
7327503750.0,-33.3035
7327504687.5,-33.30221
7327505625.0,-33.29653
7327506562.5,-33.30346
7327507500.0,-33.30058
7327508437.5,-33.29995
7327509375.0,-33.30249
7327510312.5,-33.29937
7327511250.0,-33.29937
7327512187.5,-33.29705
7327513125.0,-33.29411
7327514062.5,-33.30087
7327515000.0,-33.28782
7327515937.5,-33.28805
7327516875.0,-33.29789
7327517812.5,-33.29578
7327518750.0,-33.2906
7327519687.5,-33.30164
7327520625.0,-33.28826
7327521562.5,-33.29311
7327522500.0,-33.29382
7327523437.5,-33.29399
7327524375.0,-33.29029
7327525312.5,-33.28768
7327526250.0,-33.28785
7327527187.5,-33.27536
7327528125.0,-33.29513
7327529062.5,-33.2865
7327530000.0,-33.28029
7327530937.5,-33.28734
7327531875.0,-33.28712
7327532812.5,-33.29509
7327533750.0,-33.28431
7327534687.5,-33.28077
7327535625.0,-33.28429
7327536562.5,-33.28537
7327537500.0,-33.28699
7327538437.5,-33.27714
7327539375.0,-33.28018
7327540312.5,-33.28005
7327541250.0,-33.28273
7327542187.5,-33.28352
7327543125.0,-33.27341
7327544062.5,-33.2851
7327545000.0,-33.28513
7327545937.5,-33.28512
7327546875.0,-33.27888
7327547812.5,-33.27331
7327548750.0,-33.27024
7327549687.5,-33.27787
7327550625.0,-33.27883
7327551562.5,-33.27207
7327552500.0,-33.26997
7327553437.5,-33.26978
7327554375.0,-33.27793
7327555312.5,-33.26137
7327556250.0,-33.27044
7327557187.5,-33.26868
7327558125.0,-33.26183
7327559062.5,-33.2731
7327560000.0,-33.26898
7327560937.5,-33.26531
7327561875.0,-33.26213
7327562812.5,-33.26213
7327563750.0,-33.26843
7327564687.5,-33.26604
7327565625.0,-33.25968
7327566562.5,-33.26635
7327567500.0,-33.26038
7327568437.5,-33.2674
7327569375.0,-33.26077
7327570312.5,-33.25383
7327571250.0,-33.2582
7327572187.5,-33.26135
7327573125.0,-33.25724
7327574062.5,-33.25391
7327575000.0,-33.24601
7327575937.5,-33.25959
7327576875.0,-33.25586
7327577812.5,-33.24825
7327578750.0,-33.26964
7327579687.5,-33.25518
7327580625.0,-33.24658
7327581562.5,-33.25828
7327582500.0,-33.2542
7327583437.5,-33.25685
7327584375.0,-33.24667
7327585312.5,-33.24637
7327586250.0,-33.247
7327587187.5,-33.251
7327588125.0,-33.24332
7327589062.5,-33.253
7327590000.0,-33.24865
7327590937.5,-33.25341
7327591875.0,-33.25564
7327592812.5,-33.24665
7327593750.0,-33.24275
7327594687.5,-33.2419
7327595625.0,-33.24215
7327596562.5,-33.24364
7327597500.0,-33.23178
7327598437.5,-33.24271
7327599375.0,-33.24476
7327600312.5,-33.24671
7327601250.0,-33.24343
7327602187.5,-33.23677
7327603125.0,-33.23854
7327604062.5,-33.23647
7327605000.0,-33.24059
7327605937.5,-33.23249
7327606875.0,-33.23411
7327607812.5,-33.23519
7327608750.0,-33.24102
7327609687.5,-33.2323
7327610625.0,-33.22749
7327611562.5,-33.23714
7327612500.0,-33.22707
7327613437.5,-33.23726
7327614375.0,-33.22926
7327615312.5,-33.23344
7327616250.0,-33.23201
7327617187.5,-33.23094
7327618125.0,-33.22203
7327619062.5,-33.22314
7327620000.0,-33.2281
7327620937.5,-33.22367
7327621875.0,-33.22574
7327622812.5,-33.21986
7327623750.0,-33.22281
7327624687.5,-33.21973
7327625625.0,-33.22799
7327626562.5,-33.22795
7327627500.0,-33.22232
7327628437.5,-33.21998
7327629375.0,-33.22823
7327630312.5,-33.21688
7327631250.0,-33.22272
7327632187.5,-33.21067
7327633125.0,-33.2098
7327634062.5,-33.21091
7327635000.0,-33.21521
7327635937.5,-33.21665
7327636875.0,-33.22388
7327637812.5,-33.21692
7327638750.0,-33.20614
7327639687.5,-33.21433
7327640625.0,-33.21251
7327641562.5,-33.21396
7327642500.0,-33.21872
7327643437.5,-33.20275
7327644375.0,-33.20076
7327645312.5,-33.20275
7327646250.0,-33.21509
7327647187.5,-33.21388
7327648125.0,-33.20158
7327649062.5,-33.20942
7327650000.0,-33.2057
7327650937.5,-33.20098
7327651875.0,-33.20745
7327652812.5,-33.20359
7327653750.0,-33.20265
7327654687.5,-33.20677
7327655625.0,-33.20486
7327656562.5,-33.20182
7327657500.0,-33.20148
7327658437.5,-33.20576
7327659375.0,-33.19723
7327660312.5,-33.20118
7327661250.0,-33.20011
7327662187.5,-33.19104
7327663125.0,-33.20716
7327664062.5,-33.19101
7327665000.0,-33.18389
7327665937.5,-33.20029
7327666875.0,-33.19424
7327667812.5,-33.19689
7327668750.0,-33.19363
7327669687.5,-33.18977
7327670625.0,-33.19122
7327671562.5,-33.18197
7327672500.0,-33.19338
7327673437.5,-33.18812
7327674375.0,-33.18847
7327675312.5,-33.18498
7327676250.0,-33.19629
7327677187.5,-33.18782
7327678125.0,-33.18929
7327679062.5,-33.18608
7327680000.0,-33.17664
7327680937.5,-33.18392
7327681875.0,-33.17784
7327682812.5,-33.18728
7327683750.0,-33.1843
7327684687.5,-33.17974
7327685625.0,-33.18372
7327686562.5,-33.1864
7327687500.0,-33.17658
7327688437.5,-33.17913
7327689375.0,-33.17364
7327690312.5,-33.17093
7327691250.0,-33.17691
7327692187.5,-33.17287
7327693125.0,-33.17901
7327694062.5,-33.17805
7327695000.0,-33.17667
7327695937.5,-33.17834
7327696875.0,-33.1727
7327697812.5,-33.17558
7327698750.0,-33.17399
7327699687.5,-33.17968
7327700625.0,-33.17123
7327701562.5,-33.16344
7327702500.0,-33.16955
7327703437.5,-33.17066
7327704375.0,-33.1742
7327705312.5,-33.17016
7327706250.0,-33.16612
7327707187.5,-33.16498
7327708125.0,-33.16516
7327709062.5,-33.16983
7327710000.0,-33.16631
7327710937.5,-33.16452
7327711875.0,-33.16467
7327712812.5,-33.15555
7327713750.0,-33.15681
7327714687.5,-33.16216
7327715625.0,-33.16889
7327716562.5,-33.16953
7327717500.0,-33.15701
7327718437.5,-33.159
7327719375.0,-33.15482
7327720312.5,-33.15071
7327721250.0,-33.15542
7327722187.5,-33.15499
7327723125.0,-33.14415
7327724062.5,-33.1543
7327725000.0,-33.15119
7327725937.5,-33.14958
7327726875.0,-33.15802
7327727812.5,-33.14492
7327728750.0,-33.15056
7327729687.5,-33.15022
7327730625.0,-33.14733
7327731562.5,-33.15242
7327732500.0,-33.14596
7327733437.5,-33.14473
7327734375.0,-33.15103
7327735312.5,-33.15443
7327736250.0,-33.1433
7327737187.5,-33.14764
7327738125.0,-33.14732
7327739062.5,-33.14281
7327740000.0,-33.14158
7327740937.5,-33.14744
7327741875.0,-33.14421
7327742812.5,-33.13254
7327743750.0,-33.13903
7327744687.5,-33.14015
7327745625.0,-33.14069
7327746562.5,-33.12821
7327747500.0,-33.13946
7327748437.5,-33.13742
7327749375.0,-33.13899
7327750312.5,-33.1335
7327751250.0,-33.13734
7327752187.5,-33.13894
7327753125.0,-33.13656
7327754062.5,-33.13692
7327755000.0,-33.13346
7327755937.5,-33.12744
7327756875.0,-33.14267
7327757812.5,-33.13676
7327758750.0,-33.13391
7327759687.5,-33.12835
7327760625.0,-33.13289
7327761562.5,-33.12834
7327762500.0,-33.13187
7327763437.5,-33.13072
7327764375.0,-33.12193
7327765312.5,-33.13137
7327766250.0,-33.12403
7327767187.5,-33.13043
7327768125.0,-33.12795
7327769062.5,-33.12212
7327770000.0,-33.11813
7327770937.5,-33.13647
7327771875.0,-33.11945
7327772812.5,-33.12196
7327773750.0,-33.11933
7327774687.5,-33.12622
7327775625.0,-33.11522
7327776562.5,-33.11658
7327777500.0,-33.11832
7327778437.5,-33.1168
7327779375.0,-33.11797
7327780312.5,-33.11181
7327781250.0,-33.12539
7327782187.5,-33.11517
7327783125.0,-33.12075
7327784062.5,-33.1172
7327785000.0,-33.11154
7327785937.5,-33.11316
7327786875.0,-33.11548
7327787812.5,-33.11377
7327788750.0,-33.11238
7327789687.5,-33.10945
7327790625.0,-33.11074
7327791562.5,-33.10696
7327792500.0,-33.10765
7327793437.5,-33.11457
7327794375.0,-33.1111
7327795312.5,-33.10701
7327796250.0,-33.10608
7327797187.5,-33.10178
7327798125.0,-33.10815
7327799062.5,-33.11829
7327800000.0,-33.1012
7327800937.5,-33.09521
7327801875.0,-33.10069
7327802812.5,-33.10841
7327803750.0,-33.09094
7327804687.5,-33.10012
7327805625.0,-33.10001
7327806562.5,-33.09878
7327807500.0,-33.09736
7327808437.5,-33.10033
7327809375.0,-33.09005
7327810312.5,-33.09918
7327811250.0,-33.09364
7327812187.5,-33.09752
7327813125.0,-33.09652
7327814062.5,-33.09444
7327815000.0,-33.08541
7327815937.5,-33.07753
7327816875.0,-33.09148
7327817812.5,-33.1002
7327818750.0,-33.08894
7327819687.5,-33.08998
7327820625.0,-33.09095
7327821562.5,-33.08035
7327822500.0,-33.0881
7327823437.5,-33.08641
7327824375.0,-33.08601
7327825312.5,-33.08186
7327826250.0,-33.07616
7327827187.5,-33.08263
7327828125.0,-33.08125
7327829062.5,-33.08068
7327830000.0,-33.09078
7327830937.5,-33.08158
7327831875.0,-33.08082
7327832812.5,-33.07979
7327833750.0,-33.07863
7327834687.5,-33.08133
7327835625.0,-33.0868
7327836562.5,-33.07597
7327837500.0,-33.081
7327838437.5,-33.07841
7327839375.0,-33.07619
7327840312.5,-33.07988
7327841250.0,-33.07537
7327842187.5,-33.07496
7327843125.0,-33.08656
7327844062.5,-33.06421
7327845000.0,-33.0736
7327845937.5,-33.0721
7327846875.0,-33.07384
7327847812.5,-33.0784
7327848750.0,-33.06694
7327849687.5,-33.07129
7327850625.0,-33.06615
7327851562.5,-33.06892
7327852500.0,-33.07001
7327853437.5,-33.05997
7327854375.0,-33.06435
7327855312.5,-33.05662
7327856250.0,-33.06427
7327857187.5,-33.0724
7327858125.0,-33.06721
7327859062.5,-33.0597
7327860000.0,-33.06523
7327860937.5,-33.07631
7327861875.0,-33.06762
7327862812.5,-33.06103
7327863750.0,-33.05875
7327864687.5,-33.06131
7327865625.0,-33.0516
7327866562.5,-33.06513
7327867500.0,-33.0525
7327868437.5,-33.05219
7327869375.0,-33.04736
7327870312.5,-33.05258
7327871250.0,-33.04873
7327872187.5,-33.04382
7327873125.0,-33.05107
7327874062.5,-33.05626
7327875000.0,-33.05458
7327875937.5,-33.04863
7327876875.0,-33.04622
7327877812.5,-33.04435
7327878750.0,-33.04776
7327879687.5,-33.04665
7327880625.0,-33.04894
7327881562.5,-33.05579
7327882500.0,-33.04536
7327883437.5,-33.04445
7327884375.0,-33.04751
7327885312.5,-33.04251
7327886250.0,-33.03769
7327887187.5,-33.03692
7327888125.0,-33.04028
7327889062.5,-33.03875
7327890000.0,-33.04333
7327890937.5,-33.04091
7327891875.0,-33.04123
7327892812.5,-33.0294
7327893750.0,-33.03196
7327894687.5,-33.03656
7327895625.0,-33.03483
7327896562.5,-33.03287
7327897500.0,-33.03562
7327898437.5,-33.04403
7327899375.0,-33.0316
7327900312.5,-33.03112
7327901250.0,-33.02494
7327902187.5,-33.03721
7327903125.0,-33.01958
7327904062.5,-33.03152
7327905000.0,-33.03107
7327905937.5,-33.03134
7327906875.0,-33.03088
7327907812.5,-33.03754
7327908750.0,-33.02767
7327909687.5,-33.01407
7327910625.0,-33.02507
7327911562.5,-33.02889
7327912500.0,-33.01716
7327913437.5,-33.03157
7327914375.0,-33.03151
7327915312.5,-33.02499
7327916250.0,-33.01507
7327917187.5,-33.02119
7327918125.0,-33.0164
7327919062.5,-33.01934
7327920000.0,-33.02027
7327920937.5,-33.01793
7327921875.0,-33.00988
7327922812.5,-33.02125
7327923750.0,-33.00897
7327924687.5,-33.01761
7327925625.0,-33.01324
7327926562.5,-33.00943
7327927500.0,-33.01622
7327928437.5,-33.01613
7327929375.0,-33.01099
7327930312.5,-33.01129
7327931250.0,-33.02026
7327932187.5,-33.01022
7327933125.0,-33.0189
7327934062.5,-33.00956
7327935000.0,-33.00725
7327935937.5,-33.00719
7327936875.0,-33.01171
7327937812.5,-33.00824
7327938750.0,-33.00822
7327939687.5,-33.01525
7327940625.0,-33.00872
7327941562.5,-33.00282
7327942500.0,-33.00218
7327943437.5,-33.00489
7327944375.0,-32.99823
7327945312.5,-32.99975
7327946250.0,-33.00782
7327947187.5,-32.99533
7327948125.0,-32.99489
7327949062.5,-33.00071
7327950000.0,-33.00087
7327950937.5,-32.99556
7327951875.0,-33.00682
7327952812.5,-32.99885
7327953750.0,-32.99731
7327954687.5,-32.99331
7327955625.0,-32.99868
7327956562.5,-32.99688
7327957500.0,-32.99655
7327958437.5,-32.98907
7327959375.0,-32.99661
7327960312.5,-32.99576
7327961250.0,-32.99662
7327962187.5,-32.98691
7327963125.0,-32.9953
7327964062.5,-32.98581
7327965000.0,-32.98943
7327965937.5,-32.98811
7327966875.0,-32.98696
7327967812.5,-32.99495
7327968750.0,-32.98044
7327969687.5,-32.98497
7327970625.0,-32.98153
7327971562.5,-32.98577
7327972500.0,-32.98573
7327973437.5,-32.98858
7327974375.0,-32.97655
7327975312.5,-32.98573
7327976250.0,-32.97963
7327977187.5,-32.97577
7327978125.0,-32.97025
7327979062.5,-32.97643
7327980000.0,-32.97651
7327980937.5,-32.9677
7327981875.0,-32.97612
7327982812.5,-32.97725
7327983750.0,-32.97455
7327984687.5,-32.97224
7327985625.0,-32.97453
7327986562.5,-32.9748
7327987500.0,-32.97537
7327988437.5,-32.97296
7327989375.0,-32.97313
7327990312.5,-32.97274
7327991250.0,-32.9676
7327992187.5,-32.96734
7327993125.0,-32.96405
7327994062.5,-32.96684
7327995000.0,-32.96582
7327995937.5,-32.9653
7327996875.0,-32.96978
7327997812.5,-32.96426
7327998750.0,-32.96784
7327999687.5,-32.97205
7328000625.0,-32.96084
7328001562.5,-32.9684
7328002500.0,-32.95792
7328003437.5,-32.95892
7328004375.0,-32.96441
7328005312.5,-32.96135
7328006250.0,-32.96728
7328007187.5,-32.9609
7328008125.0,-32.95469
7328009062.5,-32.95883
7328010000.0,-32.96225
7328010937.5,-32.95797
7328011875.0,-32.96184
7328012812.5,-32.95691
7328013750.0,-32.95398
7328014687.5,-32.95433
7328015625.0,-32.95309
7328016562.5,-32.95241
7328017500.0,-32.95338
7328018437.5,-32.9532
7328019375.0,-32.95131
7328020312.5,-32.95684
7328021250.0,-32.95799
7328022187.5,-32.94641
7328023125.0,-32.9554
7328024062.5,-32.95082
7328025000.0,-32.94086
7328025937.5,-32.94758
7328026875.0,-32.95272
7328027812.5,-32.94596
7328028750.0,-32.9474
7328029687.5,-32.94131
7328030625.0,-32.93906
7328031562.5,-32.9465
7328032500.0,-32.94664
7328033437.5,-32.93979
7328034375.0,-32.94131
7328035312.5,-32.94435
7328036250.0,-32.94283
7328037187.5,-32.94365
7328038125.0,-32.9402
7328039062.5,-32.93565
7328040000.0,-32.93558
7328040937.5,-32.93426
7328041875.0,-32.93475
7328042812.5,-32.93406
7328043750.0,-32.93265
7328044687.5,-32.92968
7328045625.0,-32.93089
7328046562.5,-32.92007
7328047500.0,-32.94144
7328048437.5,-32.93463
7328049375.0,-32.93293
7328050312.5,-32.92755
7328051250.0,-32.92276
7328052187.5,-32.93008
7328053125.0,-32.92475
7328054062.5,-32.92909
7328055000.0,-32.92728
7328055937.5,-32.92912
7328056875.0,-32.9224
7328057812.5,-32.92156
7328058750.0,-32.92907
7328059687.5,-32.91858
7328060625.0,-32.9254
7328061562.5,-32.9229
7328062500.0,-32.92625
7328063437.5,-32.9285
7328064375.0,-32.93063
7328065312.5,-32.91095
7328066250.0,-32.91569
7328067187.5,-32.9186
7328068125.0,-32.9083
7328069062.5,-32.9102
7328070000.0,-32.91508
7328070937.5,-32.90998
7328071875.0,-32.91648
7328072812.5,-32.91577
7328073750.0,-32.90446
7328074687.5,-32.90332
7328075625.0,-32.92208
7328076562.5,-32.9119
7328077500.0,-32.91362
7328078437.5,-32.90611
7328079375.0,-32.90374
7328080312.5,-32.91803
7328081250.0,-32.9141
7328082187.5,-32.90937
7328083125.0,-32.90167
7328084062.5,-32.90308
7328085000.0,-32.90728
7328085937.5,-32.90693
7328086875.0,-32.9083
7328087812.5,-32.89909
7328088750.0,-32.90089
7328089687.5,-32.91146
7328090625.0,-32.90587
7328091562.5,-32.89962
7328092500.0,-32.9024
7328093437.5,-32.8954
7328094375.0,-32.89782
7328095312.5,-32.89852
7328096250.0,-32.89627
7328097187.5,-32.89711
7328098125.0,-32.90076
7328099062.5,-32.89855
7328100000.0,-32.89777
7328100937.5,-32.8966
7328101875.0,-32.88968
7328102812.5,-32.89344
7328103750.0,-32.88967
7328104687.5,-32.89149
7328105625.0,-32.88586
7328106562.5,-32.88971
7328107500.0,-32.88874
7328108437.5,-32.87871
7328109375.0,-32.89627
7328110312.5,-32.88913
7328111250.0,-32.89089
7328112187.5,-32.88747
7328113125.0,-32.88546
7328114062.5,-32.88825
7328115000.0,-32.88519
7328115937.5,-32.8807
7328116875.0,-32.88151
7328117812.5,-32.87774
7328118750.0,-32.87518
7328119687.5,-32.88411
7328120625.0,-32.88565
7328121562.5,-32.87925
7328122500.0,-32.88237
7328123437.5,-32.87908
7328124375.0,-32.88123
7328125312.5,-32.87349
7328126250.0,-32.87806
7328127187.5,-32.88014
7328128125.0,-32.88174
7328129062.5,-32.86944
7328130000.0,-32.87347
7328130937.5,-32.87511
7328131875.0,-32.87073
7328132812.5,-32.86764
7328133750.0,-32.87329
7328134687.5,-32.86909
7328135625.0,-32.87186
7328136562.5,-32.86557
7328137500.0,-32.87364
7328138437.5,-32.87465
7328139375.0,-32.86813
7328140312.5,-32.85719
7328141250.0,-32.85995
7328142187.5,-32.869
7328143125.0,-32.85875
7328144062.5,-32.86578
7328145000.0,-32.86493
7328145937.5,-32.86048
7328146875.0,-32.85729
7328147812.5,-32.85782
7328148750.0,-32.86069
7328149687.5,-32.86222
7328150625.0,-32.85524
7328151562.5,-32.85203
7328152500.0,-32.85665
7328153437.5,-32.86175
7328154375.0,-32.85529
7328155312.5,-32.85309
7328156250.0,-32.85769
7328157187.5,-32.85236
7328158125.0,-32.8557
7328159062.5,-32.85569
7328160000.0,-32.8577
7328160937.5,-32.85303
7328161875.0,-32.85321
7328162812.5,-32.85172
7328163750.0,-32.84949
7328164687.5,-32.85238
7328165625.0,-32.84244
7328166562.5,-32.84756
7328167500.0,-32.84362
7328168437.5,-32.84631
7328169375.0,-32.84726
7328170312.5,-32.85259
7328171250.0,-32.83586
7328172187.5,-32.85119
7328173125.0,-32.85134
7328174062.5,-32.84444
7328175000.0,-32.83702
7328175937.5,-32.84425
7328176875.0,-32.83661
7328177812.5,-32.83917
7328178750.0,-32.83897
7328179687.5,-32.84164
7328180625.0,-32.84501
7328181562.5,-32.83941
7328182500.0,-32.84101
7328183437.5,-32.83859
7328184375.0,-32.83248
7328185312.5,-32.84224
7328186250.0,-32.83851
7328187187.5,-32.82861
7328188125.0,-32.8341
7328189062.5,-32.82626
7328190000.0,-32.83204
7328190937.5,-32.82882
7328191875.0,-32.83842
7328192812.5,-32.82559
7328193750.0,-32.82994
7328194687.5,-32.82617
7328195625.0,-32.83852
7328196562.5,-32.83395
7328197500.0,-32.83618
7328198437.5,-32.82596
7328199375.0,-32.82468
7328200312.5,-32.82618
7328201250.0,-32.82271
7328202187.5,-32.82765
7328203125.0,-32.81804
7328204062.5,-32.8269
7328205000.0,-32.81751
7328205937.5,-32.8231
7328206875.0,-32.81582
7328207812.5,-32.82476
7328208750.0,-32.81362
7328209687.5,-32.81835
7328210625.0,-32.81794
7328211562.5,-32.81169
7328212500.0,-32.82122
7328213437.5,-32.82448
7328214375.0,-32.81528
7328215312.5,-32.82219
7328216250.0,-32.81638
7328217187.5,-32.81374
7328218125.0,-32.81483
7328219062.5,-32.80186
7328220000.0,-32.81302
7328220937.5,-32.8132
7328221875.0,-32.81445
7328222812.5,-32.81285
7328223750.0,-32.81142
7328224687.5,-32.81329
7328225625.0,-32.81121
7328226562.5,-32.8058
7328227500.0,-32.80812
7328228437.5,-32.80209
7328229375.0,-32.80437
7328230312.5,-32.80197
7328231250.0,-32.79692
7328232187.5,-32.8048
7328233125.0,-32.79948
7328234062.5,-32.80159
7328235000.0,-32.79692
7328235937.5,-32.8065
7328236875.0,-32.79853
7328237812.5,-32.79057
7328238750.0,-32.79548
7328239687.5,-32.79443
7328240625.0,-32.80019
7328241562.5,-32.80116
7328242500.0,-32.80569
7328243437.5,-32.79099
7328244375.0,-32.78829
7328245312.5,-32.80219
7328246250.0,-32.78849
7328247187.5,-32.79565
7328248125.0,-32.7882
7328249062.5,-32.79048
7328250000.0,-32.78887
7328250937.5,-32.79383
7328251875.0,-32.79091
7328252812.5,-32.78537
7328253750.0,-32.79373
7328254687.5,-32.78687
7328255625.0,-32.78972
7328256562.5,-32.77912
7328257500.0,-32.78287
7328258437.5,-32.79165
7328259375.0,-32.78288
7328260312.5,-32.78654
7328261250.0,-32.78284
7328262187.5,-32.77679
7328263125.0,-32.7826
7328264062.5,-32.77921
7328265000.0,-32.77193
7328265937.5,-32.77573
7328266875.0,-32.77769
7328267812.5,-32.77914
7328268750.0,-32.77495
7328269687.5,-32.78007
7328270625.0,-32.7799
7328271562.5,-32.77019
7328272500.0,-32.76973
7328273437.5,-32.77256
7328274375.0,-32.76781
7328275312.5,-32.77109
7328276250.0,-32.77171
7328277187.5,-32.76751
7328278125.0,-32.76788
7328279062.5,-32.76328
7328280000.0,-32.76801
7328280937.5,-32.77437
7328281875.0,-32.76608
7328282812.5,-32.76403
7328283750.0,-32.76687
7328284687.5,-32.7627
7328285625.0,-32.76385
7328286562.5,-32.76628
7328287500.0,-32.76857
7328288437.5,-32.76233
7328289375.0,-32.75818
7328290312.5,-32.75955
7328291250.0,-32.75947
7328292187.5,-32.76014
7328293125.0,-32.75966
7328294062.5,-32.7605
7328295000.0,-32.75354
7328295937.5,-32.76181
7328296875.0,-32.75674
7328297812.5,-32.7655
7328298750.0,-32.75277
7328299687.5,-32.76093
7328300625.0,-32.74799
7328301562.5,-32.74722
7328302500.0,-32.75251
7328303437.5,-32.75206
7328304375.0,-32.75413
7328305312.5,-32.75017
7328306250.0,-32.74128
7328307187.5,-32.75491
7328308125.0,-32.75031
7328309062.5,-32.75703
7328310000.0,-32.74939
7328310937.5,-32.75059
7328311875.0,-32.73895
7328312812.5,-32.73958
7328313750.0,-32.74031
7328314687.5,-32.74063
7328315625.0,-32.73383
7328316562.5,-32.74034
7328317500.0,-32.74293
7328318437.5,-32.74134
7328319375.0,-32.73435
7328320312.5,-32.74158
7328321250.0,-32.74045
7328322187.5,-32.73231
7328323125.0,-32.74446
7328324062.5,-32.7348
7328325000.0,-32.72762
7328325937.5,-32.73624
7328326875.0,-32.73907
7328327812.5,-32.72684
7328328750.0,-32.73355
7328329687.5,-32.72715
7328330625.0,-32.73369
7328331562.5,-32.73227
7328332500.0,-32.72468
7328333437.5,-32.73582
7328334375.0,-32.73462
7328335312.5,-32.72549
7328336250.0,-32.7317
7328337187.5,-32.72193
7328338125.0,-32.72816
7328339062.5,-32.72501
7328340000.0,-32.72455
7328340937.5,-32.72013
7328341875.0,-32.72917
7328342812.5,-32.72862
7328343750.0,-32.72089
7328344687.5,-32.72184
7328345625.0,-32.72013
7328346562.5,-32.7189
7328347500.0,-32.72255
7328348437.5,-32.71709
7328349375.0,-32.71601
7328350312.5,-32.71363
7328351250.0,-32.71695
7328352187.5,-32.71374
7328353125.0,-32.70882
7328354062.5,-32.70847
7328355000.0,-32.71175
7328355937.5,-32.71419
7328356875.0,-32.70766
7328357812.5,-32.70986
7328358750.0,-32.7038
7328359687.5,-32.71199
7328360625.0,-32.71286
7328361562.5,-32.71448
7328362500.0,-32.70943
7328363437.5,-32.69952
7328364375.0,-32.70911
7328365312.5,-32.69808
7328366250.0,-32.70853
7328367187.5,-32.71394
7328368125.0,-32.70668
7328369062.5,-32.70082
7328370000.0,-32.70813
7328370937.5,-32.70356
7328371875.0,-32.69789
7328372812.5,-32.70272
7328373750.0,-32.69539
7328374687.5,-32.68743
7328375625.0,-32.7007
7328376562.5,-32.69815
7328377500.0,-32.70249
7328378437.5,-32.69004
7328379375.0,-32.70179
7328380312.5,-32.6933
7328381250.0,-32.69245
7328382187.5,-32.69445
7328383125.0,-32.6916
7328384062.5,-32.69046
7328385000.0,-32.68703
7328385937.5,-32.69225
7328386875.0,-32.69559
7328387812.5,-32.69568
7328388750.0,-32.69191
7328389687.5,-32.69714
7328390625.0,-32.68076
7328391562.5,-32.69128
7328392500.0,-32.68195
7328393437.5,-32.69106
7328394375.0,-32.6797
7328395312.5,-32.69395
7328396250.0,-32.68492
7328397187.5,-32.68585
7328398125.0,-32.68261
7328399062.5,-32.68004
7328400000.0,-32.68039
7328400937.5,-32.68228
7328401875.0,-32.68134
7328402812.5,-32.68342
7328403750.0,-32.68308
7328404687.5,-32.67703
7328405625.0,-32.68131
7328406562.5,-32.68336
7328407500.0,-32.67457
7328408437.5,-32.6729
7328409375.0,-32.67792
7328410312.5,-32.66993
7328411250.0,-32.68582
7328412187.5,-32.66857
7328413125.0,-32.67474
7328414062.5,-32.67852
7328415000.0,-32.66914
7328415937.5,-32.66734
7328416875.0,-32.66707
7328417812.5,-32.67612
7328418750.0,-32.67459
7328419687.5,-32.67133
7328420625.0,-32.66828
7328421562.5,-32.66696
7328422500.0,-32.67194
7328423437.5,-32.66376
7328424375.0,-32.66243
7328425312.5,-32.66354
7328426250.0,-32.6645
7328427187.5,-32.66603
7328428125.0,-32.67239
7328429062.5,-32.666
7328430000.0,-32.6584
7328430937.5,-32.65967
7328431875.0,-32.66483
7328432812.5,-32.65552
7328433750.0,-32.65136
7328434687.5,-32.65292
7328435625.0,-32.65553
7328436562.5,-32.65313
7328437500.0,-32.65821
7328438437.5,-32.65003
7328439375.0,-32.65968
7328440312.5,-32.64629
7328441250.0,-32.65061
7328442187.5,-32.64722
7328443125.0,-32.65745
7328444062.5,-32.66074
7328445000.0,-32.6551
7328445937.5,-32.64865
7328446875.0,-32.65289
7328447812.5,-32.6473
7328448750.0,-32.64981
7328449687.5,-32.64288
7328450625.0,-32.64598
7328451562.5,-32.64236
7328452500.0,-32.64614
7328453437.5,-32.63873
7328454375.0,-32.64468
7328455312.5,-32.65117
7328456250.0,-32.64423
7328457187.5,-32.64782
7328458125.0,-32.64042
7328459062.5,-32.64514
7328460000.0,-32.64462
7328460937.5,-32.63892
7328461875.0,-32.63485
7328462812.5,-32.63866
7328463750.0,-32.63797
7328464687.5,-32.63619
7328465625.0,-32.63962
7328466562.5,-32.63891
7328467500.0,-32.62719
7328468437.5,-32.63417
7328469375.0,-32.62978
7328470312.5,-32.63735
7328471250.0,-32.63136
7328472187.5,-32.62638
7328473125.0,-32.63372
7328474062.5,-32.62706
7328475000.0,-32.62933
7328475937.5,-32.62149
7328476875.0,-32.62127
7328477812.5,-32.63347
7328478750.0,-32.63507
7328479687.5,-32.62753
7328480625.0,-32.6297
7328481562.5,-32.62619
7328482500.0,-32.61467
7328483437.5,-32.62938
7328484375.0,-32.62082
7328485312.5,-32.62169
7328486250.0,-32.62181
7328487187.5,-32.62643
7328488125.0,-32.62339
7328489062.5,-32.61036
7328490000.0,-32.6145
7328490937.5,-32.61515
7328491875.0,-32.62073
7328492812.5,-32.62028
7328493750.0,-32.6081
7328494687.5,-32.61436
7328495625.0,-32.61189
7328496562.5,-32.6102
7328497500.0,-32.61393
7328498437.5,-32.61205
7328499375.0,-32.61303
7328500312.5,-32.60704
7328501250.0,-32.6141
7328502187.5,-32.60722
7328503125.0,-32.61118
7328504062.5,-32.61179
7328505000.0,-32.60473
7328505937.5,-32.60569
7328506875.0,-32.60574
7328507812.5,-32.60589
7328508750.0,-32.61044
7328509687.5,-32.59886
7328510625.0,-32.60625
7328511562.5,-32.60126
7328512500.0,-32.59954
7328513437.5,-32.603
7328514375.0,-32.60546
7328515312.5,-32.59633
7328516250.0,-32.59704
7328517187.5,-32.59411
7328518125.0,-32.60223
7328519062.5,-32.59661
7328520000.0,-32.6012
7328520937.5,-32.5932
7328521875.0,-32.58894
7328522812.5,-32.59273
7328523750.0,-32.59487
7328524687.5,-32.58841
7328525625.0,-32.59615
7328526562.5,-32.59672
7328527500.0,-32.59102
7328528437.5,-32.58719
7328529375.0,-32.59077
7328530312.5,-32.58509
7328531250.0,-32.59029
7328532187.5,-32.58162
7328533125.0,-32.58321
7328534062.5,-32.59066
7328535000.0,-32.59505
7328535937.5,-32.58318
7328536875.0,-32.58058
7328537812.5,-32.5845
7328538750.0,-32.591
7328539687.5,-32.58376
7328540625.0,-32.57825
7328541562.5,-32.58709
7328542500.0,-32.59077
7328543437.5,-32.58037
7328544375.0,-32.57557
7328545312.5,-32.57903
7328546250.0,-32.5829
7328547187.5,-32.58081
7328548125.0,-32.57723
7328549062.5,-32.58157
7328550000.0,-32.5752
7328550937.5,-32.5723
7328551875.0,-32.57596
7328552812.5,-32.57051
7328553750.0,-32.57278
7328554687.5,-32.57267
7328555625.0,-32.56733
7328556562.5,-32.56962
7328557500.0,-32.57349
7328558437.5,-32.56761
7328559375.0,-32.558
7328560312.5,-32.5687
7328561250.0,-32.56226
7328562187.5,-32.57438
7328563125.0,-32.5759
7328564062.5,-32.56335
7328565000.0,-32.56661
7328565937.5,-32.57114
7328566875.0,-32.55799
7328567812.5,-32.56608
7328568750.0,-32.56016
7328569687.5,-32.56527
7328570625.0,-32.57047
7328571562.5,-32.55819
7328572500.0,-32.55581
7328573437.5,-32.5619
7328574375.0,-32.56351
7328575312.5,-32.55379
7328576250.0,-32.55173
7328577187.5,-32.55611
7328578125.0,-32.54899
7328579062.5,-32.55993
7328580000.0,-32.55637
7328580937.5,-32.55754
7328581875.0,-32.55884
7328582812.5,-32.5542
7328583750.0,-32.55359
7328584687.5,-32.55544
7328585625.0,-32.55324
7328586562.5,-32.54824
7328587500.0,-32.54449
7328588437.5,-32.5441
7328589375.0,-32.54459
7328590312.5,-32.54291
7328591250.0,-32.53957
7328592187.5,-32.55273
7328593125.0,-32.54954
7328594062.5,-32.54203
7328595000.0,-32.53448
7328595937.5,-32.54178
7328596875.0,-32.53544
7328597812.5,-32.53072
7328598750.0,-32.53431
7328599687.5,-32.54076
7328600625.0,-32.54992
7328601562.5,-32.53423
7328602500.0,-32.53818
7328603437.5,-32.54017
7328604375.0,-32.53438
7328605312.5,-32.53222
7328606250.0,-32.54064
7328607187.5,-32.54028
7328608125.0,-32.53077
7328609062.5,-32.52756
7328610000.0,-32.53144
7328610937.5,-32.52375
7328611875.0,-32.53258
7328612812.5,-32.53268
7328613750.0,-32.52763
7328614687.5,-32.5268
7328615625.0,-32.53158
7328616562.5,-32.53498
7328617500.0,-32.52554
7328618437.5,-32.52317
7328619375.0,-32.52482
7328620312.5,-32.52121
7328621250.0,-32.52388
7328622187.5,-32.52627
7328623125.0,-32.52113
7328624062.5,-32.52174
7328625000.0,-32.51928
7328625937.5,-32.51736
7328626875.0,-32.52621
7328627812.5,-32.52055
7328628750.0,-32.51914
7328629687.5,-32.51454
7328630625.0,-32.50867
7328631562.5,-32.5191
7328632500.0,-32.51358
7328633437.5,-32.51211
7328634375.0,-32.51459
7328635312.5,-32.50392
7328636250.0,-32.51324
7328637187.5,-32.50908
7328638125.0,-32.51484
7328639062.5,-32.51691
7328640000.0,-32.51321
7328640937.5,-32.50949
7328641875.0,-32.5119
7328642812.5,-32.50159
7328643750.0,-32.5051
7328644687.5,-32.50999
7328645625.0,-32.50906
7328646562.5,-32.51489
7328647500.0,-32.50325
7328648437.5,-32.49788
7328649375.0,-32.49836
7328650312.5,-32.50919
7328651250.0,-32.5037
7328652187.5,-32.50385
7328653125.0,-32.4988
7328654062.5,-32.49831
7328655000.0,-32.49889
7328655937.5,-32.49831
7328656875.0,-32.49585
7328657812.5,-32.50042
7328658750.0,-32.49884
7328659687.5,-32.49566
7328660625.0,-32.49698
7328661562.5,-32.49716
7328662500.0,-32.4985
7328663437.5,-32.49636
7328664375.0,-32.49797
7328665312.5,-32.49041
7328666250.0,-32.48767
7328667187.5,-32.49122
7328668125.0,-32.47972
7328669062.5,-32.48609
7328670000.0,-32.48557
7328670937.5,-32.4895
7328671875.0,-32.48944
7328672812.5,-32.48842
7328673750.0,-32.48507
7328674687.5,-32.47797
7328675625.0,-32.48952
7328676562.5,-32.48128
7328677500.0,-32.4858
7328678437.5,-32.48403
7328679375.0,-32.48746
7328680312.5,-32.48456
7328681250.0,-32.48031
7328682187.5,-32.4709
7328683125.0,-32.4786
7328684062.5,-32.47331
7328685000.0,-32.47131
7328685937.5,-32.47688
7328686875.0,-32.47559
7328687812.5,-32.47313
7328688750.0,-32.47178
7328689687.5,-32.47178
7328690625.0,-32.47333
7328691562.5,-32.47416
7328692500.0,-32.47099
7328693437.5,-32.4662
7328694375.0,-32.47446
7328695312.5,-32.47038
7328696250.0,-32.4723
7328697187.5,-32.47504
7328698125.0,-32.46493
7328699062.5,-32.47806
7328700000.0,-32.46895
7328700937.5,-32.47464
7328701875.0,-32.46673
7328702812.5,-32.45933
7328703750.0,-32.46095
7328704687.5,-32.46527
7328705625.0,-32.45967
7328706562.5,-32.46191
7328707500.0,-32.46304
7328708437.5,-32.46684
7328709375.0,-32.46126
7328710312.5,-32.45367
7328711250.0,-32.46268
7328712187.5,-32.458
7328713125.0,-32.45766
7328714062.5,-32.44756
7328715000.0,-32.45729
7328715937.5,-32.45641
7328716875.0,-32.45254
7328717812.5,-32.44715
7328718750.0,-32.44979
7328719687.5,-32.45877
7328720625.0,-32.45346
7328721562.5,-32.45458
7328722500.0,-32.44339
7328723437.5,-32.44632
7328724375.0,-32.4528
7328725312.5,-32.44062
7328726250.0,-32.45245
7328727187.5,-32.4437
7328728125.0,-32.44543
7328729062.5,-32.4471
7328730000.0,-32.44748
7328730937.5,-32.44617
7328731875.0,-32.43487
7328732812.5,-32.44016
7328733750.0,-32.44071
7328734687.5,-32.44499
7328735625.0,-32.4385
7328736562.5,-32.43736
7328737500.0,-32.43757
7328738437.5,-32.43753
7328739375.0,-32.43534
7328740312.5,-32.43272
7328741250.0,-32.44051
7328742187.5,-32.43742
7328743125.0,-32.42569
7328744062.5,-32.42665
7328745000.0,-32.43379
7328745937.5,-32.43532
7328746875.0,-32.43219
7328747812.5,-32.42877
7328748750.0,-32.42935
7328749687.5,-32.42882
7328750625.0,-32.43253
7328751562.5,-32.42323
7328752500.0,-32.42514
7328753437.5,-32.43051
7328754375.0,-32.4296
7328755312.5,-32.42965
7328756250.0,-32.42648
7328757187.5,-32.41917
7328758125.0,-32.43024
7328759062.5,-32.42492
7328760000.0,-32.41767
7328760937.5,-32.42444
7328761875.0,-32.42601
7328762812.5,-32.41864
7328763750.0,-32.42102
7328764687.5,-32.41803
7328765625.0,-32.41505
7328766562.5,-32.42571
7328767500.0,-32.42018
7328768437.5,-32.4223
7328769375.0,-32.41372
7328770312.5,-32.41598
7328771250.0,-32.42146
7328772187.5,-32.40977
7328773125.0,-32.40832
7328774062.5,-32.41045
7328775000.0,-32.41006
7328775937.5,-32.4143
7328776875.0,-32.40447
7328777812.5,-32.40786
7328778750.0,-32.40817
7328779687.5,-32.39995
7328780625.0,-32.41374
7328781562.5,-32.40553
7328782500.0,-32.40445
7328783437.5,-32.41327
7328784375.0,-32.4049
7328785312.5,-32.40937
7328786250.0,-32.40715
7328787187.5,-32.41101
7328788125.0,-32.4013
7328789062.5,-32.40219
7328790000.0,-32.40674
7328790937.5,-32.40074
7328791875.0,-32.40256
7328792812.5,-32.40173
7328793750.0,-32.3903
7328794687.5,-32.39466
7328795625.0,-32.39129
7328796562.5,-32.40081
7328797500.0,-32.3981
7328798437.5,-32.39106
7328799375.0,-32.39359
7328800312.5,-32.39159
7328801250.0,-32.39272
7328802187.5,-32.40059
7328803125.0,-32.38711
7328804062.5,-32.39244
7328805000.0,-32.3882
7328805937.5,-32.39051
7328806875.0,-32.39032
7328807812.5,-32.37785
7328808750.0,-32.38846
7328809687.5,-32.39649
7328810625.0,-32.39105
7328811562.5,-32.38055
7328812500.0,-32.3846
7328813437.5,-32.38533
7328814375.0,-32.38529
7328815312.5,-32.37888
7328816250.0,-32.38608
7328817187.5,-32.37302
7328818125.0,-32.3689
7328819062.5,-32.38606
7328820000.0,-32.38151
7328820937.5,-32.38211
7328821875.0,-32.37994
7328822812.5,-32.37383
7328823750.0,-32.37404
7328824687.5,-32.37582
7328825625.0,-32.37927
7328826562.5,-32.36678
7328827500.0,-32.37885
7328828437.5,-32.3713
7328829375.0,-32.36631
7328830312.5,-32.36958
7328831250.0,-32.37593
7328832187.5,-32.36489
7328833125.0,-32.36691
7328834062.5,-32.37253
7328835000.0,-32.36496
7328835937.5,-32.3758
7328836875.0,-32.37199
7328837812.5,-32.3689
7328838750.0,-32.36366
7328839687.5,-32.37132
7328840625.0,-32.36768
7328841562.5,-32.35585
7328842500.0,-32.36495
7328843437.5,-32.3606
7328844375.0,-32.35961
7328845312.5,-32.35805
7328846250.0,-32.36032
7328847187.5,-32.35169
7328848125.0,-32.35202
7328849062.5,-32.35947
7328850000.0,-32.34686
7328850937.5,-32.34957
7328851875.0,-32.35448
7328852812.5,-32.35133
7328853750.0,-32.36211
7328854687.5,-32.35588
7328855625.0,-32.35643
7328856562.5,-32.35562
7328857500.0,-32.34624
7328858437.5,-32.34403
7328859375.0,-32.35625
7328860312.5,-32.34986
7328861250.0,-32.35205
7328862187.5,-32.35731
7328863125.0,-32.34343
7328864062.5,-32.34625
7328865000.0,-32.34641
7328865937.5,-32.34937
7328866875.0,-32.35329
7328867812.5,-32.34173
7328868750.0,-32.34604
7328869687.5,-32.343
7328870625.0,-32.34116
7328871562.5,-32.3315
7328872500.0,-32.34431
7328873437.5,-32.34028
7328874375.0,-32.34406
7328875312.5,-32.33059
7328876250.0,-32.33471
7328877187.5,-32.33667
7328878125.0,-32.33501
7328879062.5,-32.33062
7328880000.0,-32.33421
7328880937.5,-32.33328
7328881875.0,-32.34142
7328882812.5,-32.33582
7328883750.0,-32.33124
7328884687.5,-32.33392
7328885625.0,-32.33306
7328886562.5,-32.33192
7328887500.0,-32.32976
7328888437.5,-32.32291
7328889375.0,-32.33478
7328890312.5,-32.32868
7328891250.0,-32.31784
7328892187.5,-32.32766
7328893125.0,-32.32816
7328894062.5,-32.32273
7328895000.0,-32.31147
7328895937.5,-32.32212
7328896875.0,-32.31778
7328897812.5,-32.32104
7328898750.0,-32.32123
7328899687.5,-32.32259
7328900625.0,-32.32565
7328901562.5,-32.31553
7328902500.0,-32.31355
7328903437.5,-32.30573
7328904375.0,-32.31382
7328905312.5,-32.32195
7328906250.0,-32.32793
7328907187.5,-32.31606
7328908125.0,-32.30884
7328909062.5,-32.32491
7328910000.0,-32.32035
7328910937.5,-32.31102
7328911875.0,-32.30491
7328912812.5,-32.31289
7328913750.0,-32.30524
7328914687.5,-32.30679
7328915625.0,-32.30806
7328916562.5,-32.30894
7328917500.0,-32.30669
7328918437.5,-32.31247
7328919375.0,-32.29826
7328920312.5,-32.30222
7328921250.0,-32.30733
7328922187.5,-32.30109
7328923125.0,-32.299
7328924062.5,-32.30455
7328925000.0,-32.30353
7328925937.5,-32.30049
7328926875.0,-32.30476
7328927812.5,-32.30137
7328928750.0,-32.29634
7328929687.5,-32.29508
7328930625.0,-32.30075
7328931562.5,-32.2977
7328932500.0,-32.29152
7328933437.5,-32.29105
7328934375.0,-32.29369
7328935312.5,-32.29433
7328936250.0,-32.29084
7328937187.5,-32.28819
7328938125.0,-32.30149
7328939062.5,-32.2915
7328940000.0,-32.28375
7328940937.5,-32.28346
7328941875.0,-32.29605
7328942812.5,-32.28605
7328943750.0,-32.28782
7328944687.5,-32.29338
7328945625.0,-32.28681
7328946562.5,-32.29318
7328947500.0,-32.28589
7328948437.5,-32.2845
7328949375.0,-32.29038
7328950312.5,-32.28505
7328951250.0,-32.28696
7328952187.5,-32.27515
7328953125.0,-32.27791
7328954062.5,-32.27876
7328955000.0,-32.27592
7328955937.5,-32.26951
7328956875.0,-32.27388
7328957812.5,-32.27177
7328958750.0,-32.2771
7328959687.5,-32.2834
7328960625.0,-32.27131
7328961562.5,-32.27861
7328962500.0,-32.27586
7328963437.5,-32.26902
7328964375.0,-32.27322
7328965312.5,-32.27526
7328966250.0,-32.26218
7328967187.5,-32.26696
7328968125.0,-32.26494
7328969062.5,-32.26252
7328970000.0,-32.26492
7328970937.5,-32.25749
7328971875.0,-32.26429
7328972812.5,-32.26011
7328973750.0,-32.26763
7328974687.5,-32.26061
7328975625.0,-32.26524
7328976562.5,-32.27221
7328977500.0,-32.26725
7328978437.5,-32.25999
7328979375.0,-32.2656
7328980312.5,-32.26492
7328981250.0,-32.2625
7328982187.5,-32.25942
7328983125.0,-32.26129
7328984062.5,-32.25854
7328985000.0,-32.25268
7328985937.5,-32.25825
7328986875.0,-32.2608
7328987812.5,-32.25737
7328988750.0,-32.25124
7328989687.5,-32.25486
7328990625.0,-32.25385
7328991562.5,-32.24875
7328992500.0,-32.24831
7328993437.5,-32.25105
7328994375.0,-32.24608
7328995312.5,-32.25267
7328996250.0,-32.24982
7328997187.5,-32.25474
7328998125.0,-32.24273
7328999062.5,-32.2448
7329000000.0,-32.24498
7329000937.5,-32.24369
7329001875.0,-32.24472
7329002812.5,-32.24779
7329003750.0,-32.25121
7329004687.5,-32.24506
7329005625.0,-32.24625
7329006562.5,-32.23399
7329007500.0,-32.23863
7329008437.5,-32.24305
7329009375.0,-32.24223
7329010312.5,-32.23153
7329011250.0,-32.23553
7329012187.5,-32.22916
7329013125.0,-32.23844
7329014062.5,-32.24268
7329015000.0,-32.23316
7329015937.5,-32.23521
7329016875.0,-32.24012
7329017812.5,-32.23717
7329018750.0,-32.23882
7329019687.5,-32.22401
7329020625.0,-32.22806
7329021562.5,-32.22665
7329022500.0,-32.23374
7329023437.5,-32.22234
7329024375.0,-32.21909
7329025312.5,-32.22005
7329026250.0,-32.21765
7329027187.5,-32.23077
7329028125.0,-32.22712
7329029062.5,-32.23011
7329030000.0,-32.21699
7329030937.5,-32.22047
7329031875.0,-32.21928
7329032812.5,-32.21442
7329033750.0,-32.22421
7329034687.5,-32.22071
7329035625.0,-32.2244
7329036562.5,-32.22151
7329037500.0,-32.21887
7329038437.5,-32.21084
7329039375.0,-32.21648
7329040312.5,-32.20786
7329041250.0,-32.21589
7329042187.5,-32.21684
7329043125.0,-32.21668
7329044062.5,-32.20927
7329045000.0,-32.20922
7329045937.5,-32.2075
7329046875.0,-32.21354
7329047812.5,-32.20498
7329048750.0,-32.21101
7329049687.5,-32.20865
7329050625.0,-32.20464
7329051562.5,-32.20575
7329052500.0,-32.20986
7329053437.5,-32.20134
7329054375.0,-32.21405
7329055312.5,-32.20413
7329056250.0,-32.20148
7329057187.5,-32.20514
7329058125.0,-32.2009
7329059062.5,-32.1975
7329060000.0,-32.20692
7329060937.5,-32.20106
7329061875.0,-32.20967
7329062812.5,-32.19359
7329063750.0,-32.2058
7329064687.5,-32.19292
7329065625.0,-32.19071
7329066562.5,-32.19552
7329067500.0,-32.18907
7329068437.5,-32.19892
7329069375.0,-32.19562
7329070312.5,-32.19344
7329071250.0,-32.19012
7329072187.5,-32.18622
7329073125.0,-32.19198
7329074062.5,-32.18453
7329075000.0,-32.19415
7329075937.5,-32.18759
7329076875.0,-32.1833
7329077812.5,-32.19018
7329078750.0,-32.18794
7329079687.5,-32.18858
7329080625.0,-32.18499
7329081562.5,-32.17616
7329082500.0,-32.18256
7329083437.5,-32.17891
7329084375.0,-32.18316
7329085312.5,-32.17796
7329086250.0,-32.18523
7329087187.5,-32.18296
7329088125.0,-32.18357
7329089062.5,-32.17178
7329090000.0,-32.17446
7329090937.5,-32.17234
7329091875.0,-32.17334
7329092812.5,-32.17731
7329093750.0,-32.17154
7329094687.5,-32.17812
7329095625.0,-32.16899
7329096562.5,-32.17475
7329097500.0,-32.16707
7329098437.5,-32.17484
7329099375.0,-32.1669
7329100312.5,-32.16634
7329101250.0,-32.17264
7329102187.5,-32.16557
7329103125.0,-32.17527
7329104062.5,-32.16355
7329105000.0,-32.17083
7329105937.5,-32.16316
7329106875.0,-32.1698
7329107812.5,-32.16731
7329108750.0,-32.16073
7329109687.5,-32.16208
7329110625.0,-32.16989
7329111562.5,-32.16089
7329112500.0,-32.16048
7329113437.5,-32.1597
7329114375.0,-32.15979
7329115312.5,-32.16273
7329116250.0,-32.16682
7329117187.5,-32.15869
7329118125.0,-32.15411
7329119062.5,-32.15276
7329120000.0,-32.16252
7329120937.5,-32.15368
7329121875.0,-32.15314
7329122812.5,-32.15034
7329123750.0,-32.15715
7329124687.5,-32.15521
7329125625.0,-32.15759
7329126562.5,-32.15108
7329127500.0,-32.15669
7329128437.5,-32.14787
7329129375.0,-32.14966
7329130312.5,-32.14605
7329131250.0,-32.14308
7329132187.5,-32.14488
7329133125.0,-32.14693
7329134062.5,-32.14594
7329135000.0,-32.14475
7329135937.5,-32.14214
7329136875.0,-32.14155
7329137812.5,-32.14301
7329138750.0,-32.14226
7329139687.5,-32.13418
7329140625.0,-32.13845
7329141562.5,-32.13784
7329142500.0,-32.13926
7329143437.5,-32.13982
7329144375.0,-32.13962
7329145312.5,-32.13665
7329146250.0,-32.14142
7329147187.5,-32.13979
7329148125.0,-32.13264
7329149062.5,-32.1306
7329150000.0,-32.13197
7329150937.5,-32.13519
7329151875.0,-32.12908
7329152812.5,-32.13421
7329153750.0,-32.13024
7329154687.5,-32.12021
7329155625.0,-32.13202
7329156562.5,-32.12753
7329157500.0,-32.12148
7329158437.5,-32.123
7329159375.0,-32.12399
7329160312.5,-32.12324
7329161250.0,-32.12563
7329162187.5,-32.13039
7329163125.0,-32.13375
7329164062.5,-32.13155
7329165000.0,-32.11857
7329165937.5,-32.12603
7329166875.0,-32.1198
7329167812.5,-32.12724
7329168750.0,-32.11794
7329169687.5,-32.12274
7329170625.0,-32.12709
7329171562.5,-32.11298
7329172500.0,-32.11963
7329173437.5,-32.10526
7329174375.0,-32.12792
7329175312.5,-32.1058
7329176250.0,-32.10892
7329177187.5,-32.11359
7329178125.0,-32.11334
7329179062.5,-32.11633
7329180000.0,-32.10627
7329180937.5,-32.11062
7329181875.0,-32.11858
7329182812.5,-32.1117
7329183750.0,-32.11016
7329184687.5,-32.11116
7329185625.0,-32.10792
7329186562.5,-32.10805
7329187500.0,-32.10098
7329188437.5,-32.10687
7329189375.0,-32.10441
7329190312.5,-32.103
7329191250.0,-32.1012
7329192187.5,-32.10669
7329193125.0,-32.09814
7329194062.5,-32.10263
7329195000.0,-32.09717
7329195937.5,-32.10155
7329196875.0,-32.10033
7329197812.5,-32.10455
7329198750.0,-32.10282
7329199687.5,-32.0935
7329200625.0,-32.09781
7329201562.5,-32.09343
7329202500.0,-32.09404
7329203437.5,-32.09002
7329204375.0,-32.09398
7329205312.5,-32.0898
7329206250.0,-32.09148
7329207187.5,-32.09272
7329208125.0,-32.08862
7329209062.5,-32.08664
7329210000.0,-32.09089
7329210937.5,-32.08444
7329211875.0,-32.08695
7329212812.5,-32.08508
7329213750.0,-32.0845
7329214687.5,-32.08675
7329215625.0,-32.09157
7329216562.5,-32.07807
7329217500.0,-32.08051
7329218437.5,-32.08004
7329219375.0,-32.08879
7329220312.5,-32.07256
7329221250.0,-32.08942
7329222187.5,-32.0812
7329223125.0,-32.08212
7329224062.5,-32.07582
7329225000.0,-32.07614
7329225937.5,-32.07549
7329226875.0,-32.07428
7329227812.5,-32.07622
7329228750.0,-32.07344
7329229687.5,-32.07665
7329230625.0,-32.0686
7329231562.5,-32.07716
7329232500.0,-32.07318
7329233437.5,-32.07031
7329234375.0,-32.06544
7329235312.5,-32.06397
7329236250.0,-32.06511
7329237187.5,-32.07085
7329238125.0,-32.071
7329239062.5,-32.07336
7329240000.0,-32.06236
7329240937.5,-32.06479
7329241875.0,-32.06402
7329242812.5,-32.06235
7329243750.0,-32.0567
7329244687.5,-32.06309
7329245625.0,-32.06461
7329246562.5,-32.06339
7329247500.0,-32.06341
7329248437.5,-32.06292
7329249375.0,-32.05671
7329250312.5,-32.05805
7329251250.0,-32.05481
7329252187.5,-32.0536
7329253125.0,-32.054
7329254062.5,-32.05521
7329255000.0,-32.05675
7329255937.5,-32.05357
7329256875.0,-32.04726
7329257812.5,-32.04919
7329258750.0,-32.04666
7329259687.5,-32.05276
7329260625.0,-32.0534
7329261562.5,-32.05183
7329262500.0,-32.05652
7329263437.5,-32.0482
7329264375.0,-32.04187
7329265312.5,-32.04
7329266250.0,-32.05268
7329267187.5,-32.03754
7329268125.0,-32.04475
7329269062.5,-32.05359
7329270000.0,-32.04554
7329270937.5,-32.04541
7329271875.0,-32.03456
7329272812.5,-32.04624
7329273750.0,-32.04393
7329274687.5,-32.04349
7329275625.0,-32.03888
7329276562.5,-32.03345
7329277500.0,-32.03864
7329278437.5,-32.03656
7329279375.0,-32.0359
7329280312.5,-32.0327
7329281250.0,-32.03194
7329282187.5,-32.03563
7329283125.0,-32.03444
7329284062.5,-32.02395
7329285000.0,-32.03543
7329285937.5,-32.03032
7329286875.0,-32.02317
7329287812.5,-32.02708
7329288750.0,-32.03202
7329289687.5,-32.02316
7329290625.0,-32.02398
7329291562.5,-32.02932
7329292500.0,-32.02636
7329293437.5,-32.02195
7329294375.0,-32.02828
7329295312.5,-32.02032
7329296250.0,-32.02996
7329297187.5,-32.02755
7329298125.0,-32.02253
7329299062.5,-32.02634
7329300000.0,-32.01996
7329300937.5,-32.02067
7329301875.0,-32.01783
7329302812.5,-32.01876
7329303750.0,-32.01971
7329304687.5,-32.01367
7329305625.0,-32.01991
7329306562.5,-32.01143
7329307500.0,-32.01144
7329308437.5,-32.02138
7329309375.0,-32.01203
7329310312.5,-32.01152
7329311250.0,-32.01767
7329312187.5,-32.01134
7329313125.0,-32.01489
7329314062.5,-32.0107
7329315000.0,-32.01376
7329315937.5,-32.00766
7329316875.0,-32.008
7329317812.5,-32.0087
7329318750.0,-32.00509
7329319687.5,-32.00723
7329320625.0,-32.00642
7329321562.5,-32.00597
7329322500.0,-32.00542
7329323437.5,-32.00558
7329324375.0,-32.00421
7329325312.5,-32.00098
7329326250.0,-32.00365
7329327187.5,-32.00188
7329328125.0,-32.00131
7329329062.5,-31.99843
7329330000.0,-32.00184
7329330937.5,-31.98959
7329331875.0,-31.99794
7329332812.5,-31.99685
7329333750.0,-31.9944
7329334687.5,-31.99432
7329335625.0,-31.99392
7329336562.5,-31.98902
7329337500.0,-31.99227
7329338437.5,-31.99072
7329339375.0,-31.98926
7329340312.5,-31.98178
7329341250.0,-31.98711
7329342187.5,-31.98959
7329343125.0,-31.99073
7329344062.5,-31.98835
7329345000.0,-31.98976
7329345937.5,-31.98524
7329346875.0,-31.98774
7329347812.5,-31.97199
7329348750.0,-31.98244
7329349687.5,-31.97969
7329350625.0,-31.98699
7329351562.5,-31.98145
7329352500.0,-31.97081
7329353437.5,-31.98117
7329354375.0,-31.9688
7329355312.5,-31.97764
7329356250.0,-31.97525
7329357187.5,-31.981
7329358125.0,-31.97585
7329359062.5,-31.97565
7329360000.0,-31.9707
7329360937.5,-31.97264
7329361875.0,-31.97284
7329362812.5,-31.96838
7329363750.0,-31.97117
7329364687.5,-31.97414
7329365625.0,-31.96931
7329366562.5,-31.9691
7329367500.0,-31.96721
7329368437.5,-31.96774
7329369375.0,-31.96636
7329370312.5,-31.97114
7329371250.0,-31.96727
7329372187.5,-31.9628
7329373125.0,-31.95881
7329374062.5,-31.96235
7329375000.0,-31.9714
7329375937.5,-31.9573
7329376875.0,-31.96231
7329377812.5,-31.95731
7329378750.0,-31.95654
7329379687.5,-31.95837
7329380625.0,-31.96238
7329381562.5,-31.9617
7329382500.0,-31.95122
7329383437.5,-31.96439
7329384375.0,-31.95605
7329385312.5,-31.95525
7329386250.0,-31.95706
7329387187.5,-31.95494
7329388125.0,-31.9584
7329389062.5,-31.95498
7329390000.0,-31.94846
7329390937.5,-31.95076
7329391875.0,-31.95128
7329392812.5,-31.94627
7329393750.0,-31.94266
7329394687.5,-31.94741
7329395625.0,-31.94508
7329396562.5,-31.94146
7329397500.0,-31.95109
7329398437.5,-31.94333
7329399375.0,-31.94325
7329400312.5,-31.9413
7329401250.0,-31.94659
7329402187.5,-31.9487
7329403125.0,-31.93781
7329404062.5,-31.94044
7329405000.0,-31.94211
7329405937.5,-31.93825
7329406875.0,-31.9379
7329407812.5,-31.94024
7329408750.0,-31.93486
7329409687.5,-31.93578
7329410625.0,-31.93353
7329411562.5,-31.93323
7329412500.0,-31.9299
7329413437.5,-31.93558
7329414375.0,-31.92781
7329415312.5,-31.93148
7329416250.0,-31.92365
7329417187.5,-31.93194
7329418125.0,-31.93512
7329419062.5,-31.92578
7329420000.0,-31.92689
7329420937.5,-31.93199
7329421875.0,-31.93165
7329422812.5,-31.9275
7329423750.0,-31.91355
7329424687.5,-31.9213
7329425625.0,-31.92015
7329426562.5,-31.9203
7329427500.0,-31.92309
7329428437.5,-31.91315
7329429375.0,-31.92221
7329430312.5,-31.92055
7329431250.0,-31.91131
7329432187.5,-31.91903
7329433125.0,-31.92113
7329434062.5,-31.91862
7329435000.0,-31.92375
7329435937.5,-31.91824
7329436875.0,-31.91658
7329437812.5,-31.91168
7329438750.0,-31.91253
7329439687.5,-31.91027
7329440625.0,-31.91307
7329441562.5,-31.90869
7329442500.0,-31.91058
7329443437.5,-31.90811
7329444375.0,-31.90357
7329445312.5,-31.91091
7329446250.0,-31.91287
7329447187.5,-31.90442
7329448125.0,-31.90095
7329449062.5,-31.91391
7329450000.0,-31.90852
7329450937.5,-31.90785
7329451875.0,-31.90813
7329452812.5,-31.90338
7329453750.0,-31.89702
7329454687.5,-31.9014
7329455625.0,-31.90878
7329456562.5,-31.89916
7329457500.0,-31.90477
7329458437.5,-31.90563
7329459375.0,-31.90132
7329460312.5,-31.89263
7329461250.0,-31.89851
7329462187.5,-31.89288
7329463125.0,-31.89089
7329464062.5,-31.89255
7329465000.0,-31.89583
7329465937.5,-31.89212
7329466875.0,-31.88576
7329467812.5,-31.8914
7329468750.0,-31.89267
7329469687.5,-31.89361
7329470625.0,-31.88823
7329471562.5,-31.88518
7329472500.0,-31.89206
7329473437.5,-31.88127
7329474375.0,-31.89319
7329475312.5,-31.8861
7329476250.0,-31.88766
7329477187.5,-31.88378
7329478125.0,-31.88598
7329479062.5,-31.88161
7329480000.0,-31.88489
7329480937.5,-31.87831
7329481875.0,-31.87945
7329482812.5,-31.88205
7329483750.0,-31.87846
7329484687.5,-31.87156
7329485625.0,-31.87686
7329486562.5,-31.87762
7329487500.0,-31.87708
7329488437.5,-31.87319
7329489375.0,-31.86699
7329490312.5,-31.87814
7329491250.0,-31.87169
7329492187.5,-31.86655
7329493125.0,-31.86998
7329494062.5,-31.87017
7329495000.0,-31.87163
7329495937.5,-31.85954
7329496875.0,-31.86442
7329497812.5,-31.86869
7329498750.0,-31.86384
7329499687.5,-31.86705
7329500625.0,-31.86632
7329501562.5,-31.86674
7329502500.0,-31.85897
7329503437.5,-31.86674
7329504375.0,-31.8666
7329505312.5,-31.86108
7329506250.0,-31.85696
7329507187.5,-31.85899
7329508125.0,-31.85651
7329509062.5,-31.8601
7329510000.0,-31.85826
7329510937.5,-31.85895
7329511875.0,-31.85321
7329512812.5,-31.86036
7329513750.0,-31.85269
7329514687.5,-31.85845
7329515625.0,-31.85278
7329516562.5,-31.8577
7329517500.0,-31.84633
7329518437.5,-31.8576
7329519375.0,-31.85003
7329520312.5,-31.85171
7329521250.0,-31.85837
7329522187.5,-31.84049
7329523125.0,-31.84956
7329524062.5,-31.85277
7329525000.0,-31.8513
7329525937.5,-31.84809
7329526875.0,-31.85587
7329527812.5,-31.84711
7329528750.0,-31.84291
7329529687.5,-31.84335
7329530625.0,-31.84168
7329531562.5,-31.84095
7329532500.0,-31.83595
7329533437.5,-31.83835
7329534375.0,-31.84477
7329535312.5,-31.83903
7329536250.0,-31.82873
7329537187.5,-31.84476
7329538125.0,-31.84435
7329539062.5,-31.83032
7329540000.0,-31.83555
7329540937.5,-31.83218
7329541875.0,-31.82869
7329542812.5,-31.84024
7329543750.0,-31.82977
7329544687.5,-31.82758
7329545625.0,-31.82948
7329546562.5,-31.8354
7329547500.0,-31.83012
7329548437.5,-31.82987
7329549375.0,-31.82834
7329550312.5,-31.83008
7329551250.0,-31.82224
7329552187.5,-31.83352
7329553125.0,-31.82294
7329554062.5,-31.81713
7329555000.0,-31.82612
7329555937.5,-31.82385
7329556875.0,-31.81553
7329557812.5,-31.81923
7329558750.0,-31.82467
7329559687.5,-31.8158
7329560625.0,-31.81586
7329561562.5,-31.81474
7329562500.0,-31.8208
7329563437.5,-31.82096
7329564375.0,-31.82501
7329565312.5,-31.82235
7329566250.0,-31.81778
7329567187.5,-31.81838
7329568125.0,-31.82045
7329569062.5,-31.81127
7329570000.0,-31.81531
7329570937.5,-31.80874
7329571875.0,-31.80912
7329572812.5,-31.81349
7329573750.0,-31.81351
7329574687.5,-31.80448
7329575625.0,-31.80666
7329576562.5,-31.80968
7329577500.0,-31.80344
7329578437.5,-31.80324
7329579375.0,-31.79755
7329580312.5,-31.79943
7329581250.0,-31.81146
7329582187.5,-31.79583
7329583125.0,-31.79433
7329584062.5,-31.80297
7329585000.0,-31.8057
7329585937.5,-31.80148
7329586875.0,-31.79351
7329587812.5,-31.79752
7329588750.0,-31.79959
7329589687.5,-31.79706
7329590625.0,-31.7932
7329591562.5,-31.79894
7329592500.0,-31.79737
7329593437.5,-31.79196
7329594375.0,-31.79111
7329595312.5,-31.79227
7329596250.0,-31.78322
7329597187.5,-31.78993
7329598125.0,-31.79214
7329599062.5,-31.78197
7329600000.0,-31.79035
7329600937.5,-31.79425
7329601875.0,-31.79086
7329602812.5,-31.78803
7329603750.0,-31.7826
7329604687.5,-31.77774
7329605625.0,-31.78294
7329606562.5,-31.77996
7329607500.0,-31.78333
7329608437.5,-31.78129
7329609375.0,-31.78339
7329610312.5,-31.77982
7329611250.0,-31.78225
7329612187.5,-31.77617
7329613125.0,-31.77321
7329614062.5,-31.7743
7329615000.0,-31.77741
7329615937.5,-31.77733
7329616875.0,-31.77094
7329617812.5,-31.77391
7329618750.0,-31.77712
7329619687.5,-31.76954
7329620625.0,-31.7707
7329621562.5,-31.76857
7329622500.0,-31.77148
7329623437.5,-31.77288
7329624375.0,-31.76987
7329625312.5,-31.76486
7329626250.0,-31.77012
7329627187.5,-31.76857
7329628125.0,-31.77057
7329629062.5,-31.76702
7329630000.0,-31.76969
7329630937.5,-31.76818
7329631875.0,-31.76355
7329632812.5,-31.76353
7329633750.0,-31.76614
7329634687.5,-31.7583
7329635625.0,-31.76011
7329636562.5,-31.76153
7329637500.0,-31.75604
7329638437.5,-31.74759
7329639375.0,-31.76041
7329640312.5,-31.75499
7329641250.0,-31.75494
7329642187.5,-31.75602
7329643125.0,-31.75249
7329644062.5,-31.75895
7329645000.0,-31.75711
7329645937.5,-31.74872
7329646875.0,-31.75843
7329647812.5,-31.75361
7329648750.0,-31.74768
7329649687.5,-31.74773
7329650625.0,-31.75168
7329651562.5,-31.74764
7329652500.0,-31.7472
7329653437.5,-31.7471
7329654375.0,-31.74651
7329655312.5,-31.74427
7329656250.0,-31.74672
7329657187.5,-31.74995
7329658125.0,-31.74324
7329659062.5,-31.74024
7329660000.0,-31.73596
7329660937.5,-31.7445
7329661875.0,-31.73748
7329662812.5,-31.74095
7329663750.0,-31.73952
7329664687.5,-31.73429
7329665625.0,-31.73608
7329666562.5,-31.74749
7329667500.0,-31.73601
7329668437.5,-31.73517
7329669375.0,-31.73251
7329670312.5,-31.72782
7329671250.0,-31.73363
7329672187.5,-31.734
7329673125.0,-31.72891
7329674062.5,-31.72647
7329675000.0,-31.72856
7329675937.5,-31.73283
7329676875.0,-31.72243
7329677812.5,-31.72807
7329678750.0,-31.72456
7329679687.5,-31.73006
7329680625.0,-31.72451
7329681562.5,-31.71824
7329682500.0,-31.71811
7329683437.5,-31.72558
7329684375.0,-31.72104
7329685312.5,-31.71909
7329686250.0,-31.7218
7329687187.5,-31.71669
7329688125.0,-31.72049
7329689062.5,-31.71611
7329690000.0,-31.71863
7329690937.5,-31.72213
7329691875.0,-31.7203
7329692812.5,-31.7118
7329693750.0,-31.71815
7329694687.5,-31.71204
7329695625.0,-31.71911
7329696562.5,-31.71342
7329697500.0,-31.71345
7329698437.5,-31.70891
7329699375.0,-31.71645
7329700312.5,-31.70968
7329701250.0,-31.71732
7329702187.5,-31.70336
7329703125.0,-31.70382
7329704062.5,-31.71354
7329705000.0,-31.70831
7329705937.5,-31.7058
7329706875.0,-31.70638
7329707812.5,-31.6984
7329708750.0,-31.70103
7329709687.5,-31.70106
7329710625.0,-31.70283
7329711562.5,-31.69698
7329712500.0,-31.70304
7329713437.5,-31.69888
7329714375.0,-31.70912
7329715312.5,-31.70395
7329716250.0,-31.70463
7329717187.5,-31.69671
7329718125.0,-31.69783
7329719062.5,-31.70085
7329720000.0,-31.69195
7329720937.5,-31.69971
7329721875.0,-31.69785
7329722812.5,-31.69512
7329723750.0,-31.69797
7329724687.5,-31.69038
7329725625.0,-31.68651
7329726562.5,-31.68854
7329727500.0,-31.68902
7329728437.5,-31.69463
7329729375.0,-31.68622
7329730312.5,-31.68764
7329731250.0,-31.68542
7329732187.5,-31.67769
7329733125.0,-31.68251
7329734062.5,-31.68579
7329735000.0,-31.67513
7329735937.5,-31.68287
7329736875.0,-31.68323
7329737812.5,-31.68532
7329738750.0,-31.68212
7329739687.5,-31.68052
7329740625.0,-31.67374
7329741562.5,-31.6768
7329742500.0,-31.67727
7329743437.5,-31.67666
7329744375.0,-31.68013
7329745312.5,-31.67003
7329746250.0,-31.6754
7329747187.5,-31.67021
7329748125.0,-31.66955
7329749062.5,-31.67061
7329750000.0,-31.66898
7329750937.5,-31.67246
7329751875.0,-31.66968
7329752812.5,-31.66552
7329753750.0,-31.66339
7329754687.5,-31.66644
7329755625.0,-31.66656
7329756562.5,-31.66469
7329757500.0,-31.66735
7329758437.5,-31.66315
7329759375.0,-31.66372
7329760312.5,-31.6618
7329761250.0,-31.66011
7329762187.5,-31.66334
7329763125.0,-31.66435
7329764062.5,-31.66529
7329765000.0,-31.6559
7329765937.5,-31.65631
7329766875.0,-31.65855
7329767812.5,-31.65948
7329768750.0,-31.65762
7329769687.5,-31.65751
7329770625.0,-31.65202
7329771562.5,-31.65646
7329772500.0,-31.65649
7329773437.5,-31.65079
7329774375.0,-31.65007
7329775312.5,-31.6517
7329776250.0,-31.65887
7329777187.5,-31.65287
7329778125.0,-31.64979
7329779062.5,-31.64934
7329780000.0,-31.64446
7329780937.5,-31.64124
7329781875.0,-31.63853
7329782812.5,-31.63779
7329783750.0,-31.64321
7329784687.5,-31.64564
7329785625.0,-31.64221
7329786562.5,-31.64635
7329787500.0,-31.64509
7329788437.5,-31.6389
7329789375.0,-31.6459
7329790312.5,-31.6416
7329791250.0,-31.63882
7329792187.5,-31.6383
7329793125.0,-31.6336
7329794062.5,-31.63697
7329795000.0,-31.64262
7329795937.5,-31.63368
7329796875.0,-31.63858
7329797812.5,-31.62353
7329798750.0,-31.63384
7329799687.5,-31.62605
7329800625.0,-31.62813
7329801562.5,-31.62904
7329802500.0,-31.62719
7329803437.5,-31.62947
7329804375.0,-31.62543
7329805312.5,-31.6342
7329806250.0,-31.63248
7329807187.5,-31.62694
7329808125.0,-31.62798
7329809062.5,-31.63182
7329810000.0,-31.61556
7329810937.5,-31.62108
7329811875.0,-31.62532
7329812812.5,-31.61619
7329813750.0,-31.61986
7329814687.5,-31.61571
7329815625.0,-31.61934
7329816562.5,-31.61325
7329817500.0,-31.61801
7329818437.5,-31.6157
7329819375.0,-31.62256
7329820312.5,-31.61162
7329821250.0,-31.61664
7329822187.5,-31.6161
7329823125.0,-31.61395
7329824062.5,-31.6121
7329825000.0,-31.61293
7329825937.5,-31.61596
7329826875.0,-31.60842
7329827812.5,-31.61302
7329828750.0,-31.60929
7329829687.5,-31.61243
7329830625.0,-31.61143
7329831562.5,-31.60072
7329832500.0,-31.60953
7329833437.5,-31.60625
7329834375.0,-31.60393
7329835312.5,-31.60087
7329836250.0,-31.60419
7329837187.5,-31.6069
7329838125.0,-31.60267
7329839062.5,-31.60261
7329840000.0,-31.60534
7329840937.5,-31.60057
7329841875.0,-31.59905
7329842812.5,-31.60146
7329843750.0,-31.59219
7329844687.5,-31.60149
7329845625.0,-31.59569
7329846562.5,-31.59865
7329847500.0,-31.59548
7329848437.5,-31.59898
7329849375.0,-31.59082
7329850312.5,-31.59788
7329851250.0,-31.59342
7329852187.5,-31.58888
7329853125.0,-31.59483
7329854062.5,-31.58761
7329855000.0,-31.58836
7329855937.5,-31.58627
7329856875.0,-31.58559
7329857812.5,-31.58746
7329858750.0,-31.58323
7329859687.5,-31.59818
7329860625.0,-31.58487
7329861562.5,-31.58183
7329862500.0,-31.58501
7329863437.5,-31.58083
7329864375.0,-31.58381
7329865312.5,-31.58543
7329866250.0,-31.58187
7329867187.5,-31.58583
7329868125.0,-31.57139
7329869062.5,-31.58091
7329870000.0,-31.57794
7329870937.5,-31.57298
7329871875.0,-31.57635
7329872812.5,-31.57428
7329873750.0,-31.57129
7329874687.5,-31.57525
7329875625.0,-31.57178
7329876562.5,-31.57165
7329877500.0,-31.57003
7329878437.5,-31.56003
7329879375.0,-31.57236
7329880312.5,-31.57368
7329881250.0,-31.56639
7329882187.5,-31.56655
7329883125.0,-31.56502
7329884062.5,-31.56928
7329885000.0,-31.56075
7329885937.5,-31.57119
7329886875.0,-31.56354
7329887812.5,-31.56309
7329888750.0,-31.55086
7329889687.5,-31.56269
7329890625.0,-31.55877
7329891562.5,-31.56461
7329892500.0,-31.55781
7329893437.5,-31.56201
7329894375.0,-31.55762
7329895312.5,-31.55372
7329896250.0,-31.55756
7329897187.5,-31.55162
7329898125.0,-31.55211
7329899062.5,-31.55928
7329900000.0,-31.54899
7329900937.5,-31.55091
7329901875.0,-31.5501
7329902812.5,-31.55396
7329903750.0,-31.55361
7329904687.5,-31.54717
7329905625.0,-31.54813
7329906562.5,-31.55101
7329907500.0,-31.55266
7329908437.5,-31.54213
7329909375.0,-31.54289
7329910312.5,-31.54757
7329911250.0,-31.53696
7329912187.5,-31.54362
7329913125.0,-31.53999
7329914062.5,-31.54022
7329915000.0,-31.53721
7329915937.5,-31.53796
7329916875.0,-31.53939
7329917812.5,-31.53462
7329918750.0,-31.53587
7329919687.5,-31.54052
7329920625.0,-31.53298
7329921562.5,-31.5326
7329922500.0,-31.53366
7329923437.5,-31.5243
7329924375.0,-31.53238
7329925312.5,-31.52784
7329926250.0,-31.5347
7329927187.5,-31.53501
7329928125.0,-31.52585
7329929062.5,-31.53333
7329930000.0,-31.52114
7329930937.5,-31.52413
7329931875.0,-31.51631
7329932812.5,-31.52189
7329933750.0,-31.52954
7329934687.5,-31.52639
7329935625.0,-31.52835
7329936562.5,-31.5253
7329937500.0,-31.51692
7329938437.5,-31.52615
7329939375.0,-31.52508
7329940312.5,-31.51744
7329941250.0,-31.5163
7329942187.5,-31.5178
7329943125.0,-31.51402
7329944062.5,-31.51979
7329945000.0,-31.51549
7329945937.5,-31.51609
7329946875.0,-31.51068
7329947812.5,-31.5074
7329948750.0,-31.51728
7329949687.5,-31.51324
7329950625.0,-31.50587
7329951562.5,-31.51414
7329952500.0,-31.50686
7329953437.5,-31.51059
7329954375.0,-31.5045
7329955312.5,-31.51082
7329956250.0,-31.5058
7329957187.5,-31.5001
7329958125.0,-31.51155
7329959062.5,-31.50341
7329960000.0,-31.50954
7329960937.5,-31.50252
7329961875.0,-31.50202
7329962812.5,-31.49967
7329963750.0,-31.49543
7329964687.5,-31.49954
7329965625.0,-31.49949
7329966562.5,-31.5001
7329967500.0,-31.5053
7329968437.5,-31.50157
7329969375.0,-31.50158
7329970312.5,-31.4971
7329971250.0,-31.49369
7329972187.5,-31.49948
7329973125.0,-31.48944
7329974062.5,-31.49527
7329975000.0,-31.48882
7329975937.5,-31.48588
7329976875.0,-31.48934
7329977812.5,-31.48934
7329978750.0,-31.48941
7329979687.5,-31.48481
7329980625.0,-31.49186
7329981562.5,-31.48508
7329982500.0,-31.48639
7329983437.5,-31.4832
7329984375.0,-31.48746
7329985312.5,-31.49165
7329986250.0,-31.48554
7329987187.5,-31.48135
7329988125.0,-31.48343
7329989062.5,-31.47575
7329990000.0,-31.47842
7329990937.5,-31.48034
7329991875.0,-31.48185
7329992812.5,-31.48323
7329993750.0,-31.4753
7329994687.5,-31.47134
7329995625.0,-31.47474
7329996562.5,-31.47058
7329997500.0,-31.4741
7329998437.5,-31.47125
7329999375.0,-31.47133
7330000312.5,-31.46954
7330001250.0,-31.47331
7330002187.5,-31.46491
7330003125.0,-31.47027
7330004062.5,-31.46242
7330005000.0,-31.46558
7330005937.5,-31.47468
7330006875.0,-31.46844
7330007812.5,-31.46484
7330008750.0,-31.46836
7330009687.5,-31.46481
7330010625.0,-31.46433
7330011562.5,-31.46181
7330012500.0,-31.46764
7330013437.5,-31.46344
7330014375.0,-31.45626
7330015312.5,-31.4595
7330016250.0,-31.46321
7330017187.5,-31.45975
7330018125.0,-31.46037
7330019062.5,-31.45502
7330020000.0,-31.45882
7330020937.5,-31.45834
7330021875.0,-31.45587
7330022812.5,-31.46252
7330023750.0,-31.46359
7330024687.5,-31.45159
7330025625.0,-31.45117
7330026562.5,-31.44888
7330027500.0,-31.4477
7330028437.5,-31.45137
7330029375.0,-31.44643
7330030312.5,-31.44256
7330031250.0,-31.44608
7330032187.5,-31.44831
7330033125.0,-31.4404
7330034062.5,-31.44438
7330035000.0,-31.44673
7330035937.5,-31.44519
7330036875.0,-31.43745
7330037812.5,-31.44941
7330038750.0,-31.44142
7330039687.5,-31.44691
7330040625.0,-31.43501
7330041562.5,-31.44179
7330042500.0,-31.44154
7330043437.5,-31.43722
7330044375.0,-31.4353
7330045312.5,-31.43245
7330046250.0,-31.43686
7330047187.5,-31.43446
7330048125.0,-31.43356
7330049062.5,-31.4312
7330050000.0,-31.43012
7330050937.5,-31.43084
7330051875.0,-31.42477
7330052812.5,-31.42906
7330053750.0,-31.43165
7330054687.5,-31.43192
7330055625.0,-31.43016
7330056562.5,-31.42183
7330057500.0,-31.42438
7330058437.5,-31.42421
7330059375.0,-31.42654
7330060312.5,-31.4237
7330061250.0,-31.4209
7330062187.5,-31.42152
7330063125.0,-31.41299
7330064062.5,-31.42707
7330065000.0,-31.42225
7330065937.5,-31.41502
7330066875.0,-31.41658
7330067812.5,-31.41796
7330068750.0,-31.41493
7330069687.5,-31.41573
7330070625.0,-31.41872
7330071562.5,-31.4149
7330072500.0,-31.41239
7330073437.5,-31.40808
7330074375.0,-31.41315
7330075312.5,-31.40412
7330076250.0,-31.41089
7330077187.5,-31.41125
7330078125.0,-31.41251
7330079062.5,-31.40833
7330080000.0,-31.40686
7330080937.5,-31.41012
7330081875.0,-31.40434
7330082812.5,-31.40531
7330083750.0,-31.40876
7330084687.5,-31.3995
7330085625.0,-31.40539
7330086562.5,-31.40285
7330087500.0,-31.40457
7330088437.5,-31.40317
7330089375.0,-31.40095
7330090312.5,-31.39987
7330091250.0,-31.40232
7330092187.5,-31.39678
7330093125.0,-31.39377
7330094062.5,-31.40653
7330095000.0,-31.40041
7330095937.5,-31.40415
7330096875.0,-31.38723
7330097812.5,-31.38921
7330098750.0,-31.39227
7330099687.5,-31.39498
7330100625.0,-31.39964
7330101562.5,-31.39254
7330102500.0,-31.38856
7330103437.5,-31.39232
7330104375.0,-31.38886
7330105312.5,-31.38727
7330106250.0,-31.39445
7330107187.5,-31.38826
7330108125.0,-31.3839
7330109062.5,-31.38508
7330110000.0,-31.38391
7330110937.5,-31.38181
7330111875.0,-31.39095
7330112812.5,-31.38178
7330113750.0,-31.3828
7330114687.5,-31.3776
7330115625.0,-31.38036
7330116562.5,-31.3856
7330117500.0,-31.37084
7330118437.5,-31.37716
7330119375.0,-31.37247
7330120312.5,-31.37107
7330121250.0,-31.37856
7330122187.5,-31.36995
7330123125.0,-31.37064
7330124062.5,-31.37294
7330125000.0,-31.37646
7330125937.5,-31.3744
7330126875.0,-31.36923
7330127812.5,-31.36938
7330128750.0,-31.36381
7330129687.5,-31.36493
7330130625.0,-31.37535
7330131562.5,-31.36953
7330132500.0,-31.36531
7330133437.5,-31.36066
7330134375.0,-31.36605
7330135312.5,-31.36347
7330136250.0,-31.36051
7330137187.5,-31.36473
7330138125.0,-31.35673
7330139062.5,-31.35325
7330140000.0,-31.35794
7330140937.5,-31.36021
7330141875.0,-31.3574
7330142812.5,-31.35463
7330143750.0,-31.36018
7330144687.5,-31.36081
7330145625.0,-31.35676
7330146562.5,-31.35227
7330147500.0,-31.34842
7330148437.5,-31.35131
7330149375.0,-31.3471
7330150312.5,-31.35716
7330151250.0,-31.34347
7330152187.5,-31.34396
7330153125.0,-31.34603
7330154062.5,-31.3416
7330155000.0,-31.3475
7330155937.5,-31.34666
7330156875.0,-31.34184
7330157812.5,-31.34638
7330158750.0,-31.34209
7330159687.5,-31.3463
7330160625.0,-31.33714
7330161562.5,-31.3417
7330162500.0,-31.34312
7330163437.5,-31.34064
7330164375.0,-31.34712
7330165312.5,-31.33643
7330166250.0,-31.34068
7330167187.5,-31.33453
7330168125.0,-31.33607
7330169062.5,-31.33802
7330170000.0,-31.33258
7330170937.5,-31.33442
7330171875.0,-31.33294
7330172812.5,-31.33943
7330173750.0,-31.32654
7330174687.5,-31.33373
7330175625.0,-31.33108
7330176562.5,-31.33445
7330177500.0,-31.33054
7330178437.5,-31.32108
7330179375.0,-31.32782
7330180312.5,-31.32122
7330181250.0,-31.32339
7330182187.5,-31.31724
7330183125.0,-31.32964
7330184062.5,-31.32239
7330185000.0,-31.31688
7330185937.5,-31.31913
7330186875.0,-31.32264
7330187812.5,-31.31421
7330188750.0,-31.32211
7330189687.5,-31.31252
7330190625.0,-31.32062
7330191562.5,-31.31263
7330192500.0,-31.31093
7330193437.5,-31.31802
7330194375.0,-31.31467
7330195312.5,-31.31673
7330196250.0,-31.31359
7330197187.5,-31.31563
7330198125.0,-31.3189
7330199062.5,-31.30932
7330200000.0,-31.31264
7330200937.5,-31.31535
7330201875.0,-31.31323
7330202812.5,-31.30653
7330203750.0,-31.31185
7330204687.5,-31.31305
7330205625.0,-31.30364
7330206562.5,-31.3063
7330207500.0,-31.29623
7330208437.5,-31.30459
7330209375.0,-31.30657
7330210312.5,-31.30338
7330211250.0,-31.30352
7330212187.5,-31.30154
7330213125.0,-31.29972
7330214062.5,-31.29244
7330215000.0,-31.29898
7330215937.5,-31.29329
7330216875.0,-31.29961
7330217812.5,-31.29137
7330218750.0,-31.29685
7330219687.5,-31.29331
7330220625.0,-31.29018
7330221562.5,-31.28982
7330222500.0,-31.29536
7330223437.5,-31.29084
7330224375.0,-31.29289
7330225312.5,-31.28952
7330226250.0,-31.29429
7330227187.5,-31.2928
7330228125.0,-31.28388
7330229062.5,-31.28684
7330230000.0,-31.28779
7330230937.5,-31.28228
7330231875.0,-31.28729
7330232812.5,-31.27799
7330233750.0,-31.28852
7330234687.5,-31.28617
7330235625.0,-31.28252
7330236562.5,-31.29038
7330237500.0,-31.27711
7330238437.5,-31.27706
7330239375.0,-31.28064
7330240312.5,-31.27419
7330241250.0,-31.27683
7330242187.5,-31.27612
7330243125.0,-31.2728
7330244062.5,-31.27289
7330245000.0,-31.27407
7330245937.5,-31.2684
7330246875.0,-31.27063
7330247812.5,-31.26313
7330248750.0,-31.26988
7330249687.5,-31.26959
7330250625.0,-31.2631
7330251562.5,-31.26556
7330252500.0,-31.27007
7330253437.5,-31.27157
7330254375.0,-31.26753
7330255312.5,-31.26579
7330256250.0,-31.26706
7330257187.5,-31.26069
7330258125.0,-31.26293
7330259062.5,-31.26361
7330260000.0,-31.2631
7330260937.5,-31.26456
7330261875.0,-31.2555
7330262812.5,-31.25997
7330263750.0,-31.26125
7330264687.5,-31.26018
7330265625.0,-31.25513
7330266562.5,-31.25322
7330267500.0,-31.2587
7330268437.5,-31.25791
7330269375.0,-31.25682
7330270312.5,-31.25362
7330271250.0,-31.25309
7330272187.5,-31.2538
7330273125.0,-31.24892
7330274062.5,-31.24696
7330275000.0,-31.25103
7330275937.5,-31.2522
7330276875.0,-31.24955
7330277812.5,-31.24595
7330278750.0,-31.24664
7330279687.5,-31.24745
7330280625.0,-31.24772
7330281562.5,-31.24025
7330282500.0,-31.24702
7330283437.5,-31.2473
7330284375.0,-31.24414
7330285312.5,-31.24231
7330286250.0,-31.24274
7330287187.5,-31.23467
7330288125.0,-31.24304
7330289062.5,-31.23595
7330290000.0,-31.2441
7330290937.5,-31.24248
7330291875.0,-31.23948
7330292812.5,-31.2339
7330293750.0,-31.23015
7330294687.5,-31.22555
7330295625.0,-31.23571
7330296562.5,-31.22967
7330297500.0,-31.23601
7330298437.5,-31.22772
7330299375.0,-31.23466
7330300312.5,-31.23389
7330301250.0,-31.22608
7330302187.5,-31.22129
7330303125.0,-31.22463
7330304062.5,-31.22897
7330305000.0,-31.22551
7330305937.5,-31.22572
7330306875.0,-31.22691
7330307812.5,-31.22163
7330308750.0,-31.22637
7330309687.5,-31.22404
7330310625.0,-31.21699
7330311562.5,-31.22516
7330312500.0,-31.21882
7330313437.5,-31.21951
7330314375.0,-31.21723
7330315312.5,-31.21213
7330316250.0,-31.22003
7330317187.5,-31.21266
7330318125.0,-31.2163
7330319062.5,-31.21064
7330320000.0,-31.21327
7330320937.5,-31.21677
7330321875.0,-31.20316
7330322812.5,-31.21478
7330323750.0,-31.21264
7330324687.5,-31.212
7330325625.0,-31.21259
7330326562.5,-31.2076
7330327500.0,-31.21199
7330328437.5,-31.20981
7330329375.0,-31.20819
7330330312.5,-31.1975
7330331250.0,-31.2025
7330332187.5,-31.19633
7330333125.0,-31.19806
7330334062.5,-31.20159
7330335000.0,-31.19792
7330335937.5,-31.2005
7330336875.0,-31.20066
7330337812.5,-31.19937
7330338750.0,-31.19763
7330339687.5,-31.20116
7330340625.0,-31.19312
7330341562.5,-31.19847
7330342500.0,-31.18966
7330343437.5,-31.19696
7330344375.0,-31.20336
7330345312.5,-31.19058
7330346250.0,-31.18246
7330347187.5,-31.18943
7330348125.0,-31.19303
7330349062.5,-31.19013
7330350000.0,-31.17986
7330350937.5,-31.19308
7330351875.0,-31.18687
7330352812.5,-31.18604
7330353750.0,-31.17723
7330354687.5,-31.18827
7330355625.0,-31.18214
7330356562.5,-31.18696
7330357500.0,-31.18547
7330358437.5,-31.17541
7330359375.0,-31.17894
7330360312.5,-31.18165
7330361250.0,-31.17729
7330362187.5,-31.17481
7330363125.0,-31.17461
7330364062.5,-31.17173
7330365000.0,-31.16858
7330365937.5,-31.17813
7330366875.0,-31.17319
7330367812.5,-31.17566
7330368750.0,-31.17371
7330369687.5,-31.1713
7330370625.0,-31.17243
7330371562.5,-31.17797
7330372500.0,-31.17197
7330373437.5,-31.15757
7330374375.0,-31.16468
7330375312.5,-31.16525
7330376250.0,-31.16588
7330377187.5,-31.17006
7330378125.0,-31.16903
7330379062.5,-31.16797
7330380000.0,-31.16115
7330380937.5,-31.16033
7330381875.0,-31.15798
7330382812.5,-31.15546
7330383750.0,-31.15661
7330384687.5,-31.15889
7330385625.0,-31.16061
7330386562.5,-31.15463
7330387500.0,-31.16433
7330388437.5,-31.15469
7330389375.0,-31.15304
7330390312.5,-31.15732
7330391250.0,-31.15827
7330392187.5,-31.15048
7330393125.0,-31.14271
7330394062.5,-31.14522
7330395000.0,-31.15031
7330395937.5,-31.14907
7330396875.0,-31.14447
7330397812.5,-31.14857
7330398750.0,-31.14422
7330399687.5,-31.14347
7330400625.0,-31.14805
7330401562.5,-31.14734
7330402500.0,-31.14847
7330403437.5,-31.14568
7330404375.0,-31.13987
7330405312.5,-31.14511
7330406250.0,-31.14229
7330407187.5,-31.14038
7330408125.0,-31.14095
7330409062.5,-31.13746
7330410000.0,-31.13372
7330410937.5,-31.13861
7330411875.0,-31.13951
7330412812.5,-31.1297
7330413750.0,-31.1365
7330414687.5,-31.13493
7330415625.0,-31.13755
7330416562.5,-31.12748
7330417500.0,-31.12747
7330418437.5,-31.12825
7330419375.0,-31.13429
7330420312.5,-31.13298
7330421250.0,-31.13707
7330422187.5,-31.1256
7330423125.0,-31.12548
7330424062.5,-31.12917
7330425000.0,-31.12643
7330425937.5,-31.12566
7330426875.0,-31.12654
7330427812.5,-31.12192
7330428750.0,-31.12367
7330429687.5,-31.12013
7330430625.0,-31.12743
7330431562.5,-31.11834
7330432500.0,-31.11052
7330433437.5,-31.12087
7330434375.0,-31.12209
7330435312.5,-31.11271
7330436250.0,-31.11783
7330437187.5,-31.11249
7330438125.0,-31.12542
7330439062.5,-31.10983
7330440000.0,-31.11164
7330440937.5,-31.10957
7330441875.0,-31.11056
7330442812.5,-31.11139
7330443750.0,-31.10786
7330444687.5,-31.11563
7330445625.0,-31.11052
7330446562.5,-31.10744
7330447500.0,-31.10974
7330448437.5,-31.09763
7330449375.0,-31.10046
7330450312.5,-31.10461
7330451250.0,-31.10319
7330452187.5,-31.10169
7330453125.0,-31.10257
7330454062.5,-31.10697
7330455000.0,-31.10554
7330455937.5,-31.10223
7330456875.0,-31.10194
7330457812.5,-31.10016
7330458750.0,-31.10079
7330459687.5,-31.09554
7330460625.0,-31.09522
7330461562.5,-31.0987
7330462500.0,-31.09673
7330463437.5,-31.09365
7330464375.0,-31.09605
7330465312.5,-31.09666
7330466250.0,-31.08815
7330467187.5,-31.08866
7330468125.0,-31.09356
7330469062.5,-31.0853
7330470000.0,-31.08737
7330470937.5,-31.09475
7330471875.0,-31.08946
7330472812.5,-31.08321
7330473750.0,-31.08912
7330474687.5,-31.08394
7330475625.0,-31.08459
7330476562.5,-31.0795
7330477500.0,-31.08047
7330478437.5,-31.07407
7330479375.0,-31.08101
7330480312.5,-31.08184
7330481250.0,-31.08008
7330482187.5,-31.082
7330483125.0,-31.07842
7330484062.5,-31.0799
7330485000.0,-31.07969
7330485937.5,-31.07089
7330486875.0,-31.07612
7330487812.5,-31.07
7330488750.0,-31.07559
7330489687.5,-31.06939
7330490625.0,-31.07013
7330491562.5,-31.07845
7330492500.0,-31.06705
7330493437.5,-31.07362
7330494375.0,-31.07128
7330495312.5,-31.06919
7330496250.0,-31.06759
7330497187.5,-31.06892
7330498125.0,-31.06345
7330499062.5,-31.06416
7330500000.0,-31.06767
7330500937.5,-31.06741
7330501875.0,-31.06452
7330502812.5,-31.05826
7330503750.0,-31.0626
7330504687.5,-31.05799
7330505625.0,-31.0559
7330506562.5,-31.05935
7330507500.0,-31.04875
7330508437.5,-31.05351
7330509375.0,-31.06816
7330510312.5,-31.05204
7330511250.0,-31.06018
7330512187.5,-31.04709
7330513125.0,-31.05486
7330514062.5,-31.05075
7330515000.0,-31.05565
7330515937.5,-31.0482
7330516875.0,-31.05248
7330517812.5,-31.04705
7330518750.0,-31.04307
7330519687.5,-31.05131
7330520625.0,-31.04637
7330521562.5,-31.04572
7330522500.0,-31.04432
7330523437.5,-31.03719
7330524375.0,-31.04059
7330525312.5,-31.04856
7330526250.0,-31.04127
7330527187.5,-31.03978
7330528125.0,-31.03926
7330529062.5,-31.03636
7330530000.0,-31.04361
7330530937.5,-31.03951
7330531875.0,-31.03378
7330532812.5,-31.03744
7330533750.0,-31.03787
7330534687.5,-31.03588
7330535625.0,-31.03488
7330536562.5,-31.0341
7330537500.0,-31.02998
7330538437.5,-31.03232
7330539375.0,-31.03194
7330540312.5,-31.02813
7330541250.0,-31.02612
7330542187.5,-31.03386
7330543125.0,-31.03207
7330544062.5,-31.02872
7330545000.0,-31.02565
7330545937.5,-31.02336
7330546875.0,-31.02374
7330547812.5,-31.0245
7330548750.0,-31.02596
7330549687.5,-31.02719
7330550625.0,-31.02708
7330551562.5,-31.02039
7330552500.0,-31.01494
7330553437.5,-31.02084
7330554375.0,-31.01384
7330555312.5,-31.0137
7330556250.0,-31.01902
7330557187.5,-31.02115
7330558125.0,-31.01552
7330559062.5,-31.01602
7330560000.0,-31.01158
7330560937.5,-31.01669
7330561875.0,-31.0147
7330562812.5,-31.00715
7330563750.0,-31.01432
7330564687.5,-31.01053
7330565625.0,-31.00781
7330566562.5,-31.00582
7330567500.0,-31.0066
7330568437.5,-31.00723
7330569375.0,-31.00937
7330570312.5,-31.00845
7330571250.0,-30.99965
7330572187.5,-31.00545
7330573125.0,-31.00109
7330574062.5,-31.0049
7330575000.0,-31.00735
7330575937.5,-30.99855
7330576875.0,-31.00478
7330577812.5,-31.00075
7330578750.0,-30.99511
7330579687.5,-30.99864
7330580625.0,-30.99647
7330581562.5,-30.99873
7330582500.0,-30.99333
7330583437.5,-30.98984
7330584375.0,-30.99746
7330585312.5,-30.99715
7330586250.0,-30.9925
7330587187.5,-30.9849
7330588125.0,-30.98699
7330589062.5,-30.98927
7330590000.0,-30.98776
7330590937.5,-30.9898
7330591875.0,-30.98994
7330592812.5,-30.98477
7330593750.0,-30.98883
7330594687.5,-30.984
7330595625.0,-30.98235
7330596562.5,-30.98394
7330597500.0,-30.97429
7330598437.5,-30.9812
7330599375.0,-30.97668
7330600312.5,-30.98193
7330601250.0,-30.98004
7330602187.5,-30.97703
7330603125.0,-30.97836
7330604062.5,-30.97625
7330605000.0,-30.98495
7330605937.5,-30.97655
7330606875.0,-30.97171
7330607812.5,-30.96264
7330608750.0,-30.97498
7330609687.5,-30.97128
7330610625.0,-30.96874
7330611562.5,-30.97116
7330612500.0,-30.97255
7330613437.5,-30.96991
7330614375.0,-30.97141
7330615312.5,-30.96754
7330616250.0,-30.96915
7330617187.5,-30.97063
7330618125.0,-30.964
7330619062.5,-30.96423
7330620000.0,-30.95622
7330620937.5,-30.96157
7330621875.0,-30.95961
7330622812.5,-30.95801
7330623750.0,-30.95852
7330624687.5,-30.95606
7330625625.0,-30.95645
7330626562.5,-30.96636
7330627500.0,-30.9603
7330628437.5,-30.96373
7330629375.0,-30.95536
7330630312.5,-30.95139
7330631250.0,-30.95927
7330632187.5,-30.94806
7330633125.0,-30.95269
7330634062.5,-30.95554
7330635000.0,-30.95676
7330635937.5,-30.94321
7330636875.0,-30.94987
7330637812.5,-30.95019
7330638750.0,-30.94578
7330639687.5,-30.94773
7330640625.0,-30.94301
7330641562.5,-30.94753
7330642500.0,-30.9431
7330643437.5,-30.9486
7330644375.0,-30.93954
7330645312.5,-30.94748
7330646250.0,-30.94128
7330647187.5,-30.93927
7330648125.0,-30.93764
7330649062.5,-30.93911
7330650000.0,-30.9398
7330650937.5,-30.93678
7330651875.0,-30.92997
7330652812.5,-30.93928
7330653750.0,-30.93668
7330654687.5,-30.92933
7330655625.0,-30.93223
7330656562.5,-30.93473
7330657500.0,-30.93424
7330658437.5,-30.92597
7330659375.0,-30.93597
7330660312.5,-30.93053
7330661250.0,-30.92503
7330662187.5,-30.93064
7330663125.0,-30.92332
7330664062.5,-30.92354
7330665000.0,-30.93027
7330665937.5,-30.9279
7330666875.0,-30.92829
7330667812.5,-30.919
7330668750.0,-30.92019
7330669687.5,-30.92003
7330670625.0,-30.91687
7330671562.5,-30.92156
7330672500.0,-30.91957
7330673437.5,-30.91482
7330674375.0,-30.9226
7330675312.5,-30.91929
7330676250.0,-30.91615
7330677187.5,-30.91841
7330678125.0,-30.91235
7330679062.5,-30.91139
7330680000.0,-30.91366
7330680937.5,-30.90778
7330681875.0,-30.91259
7330682812.5,-30.91162
7330683750.0,-30.91335
7330684687.5,-30.90714
7330685625.0,-30.91253
7330686562.5,-30.91098
7330687500.0,-30.9058
7330688437.5,-30.90716
7330689375.0,-30.90766
7330690312.5,-30.9028
7330691250.0,-30.90596
7330692187.5,-30.90558
7330693125.0,-30.90223
7330694062.5,-30.90487
7330695000.0,-30.90411
7330695937.5,-30.90298
7330696875.0,-30.90232
7330697812.5,-30.89472
7330698750.0,-30.89525
7330699687.5,-30.89438
7330700625.0,-30.89081
7330701562.5,-30.8911
7330702500.0,-30.8912
7330703437.5,-30.89164
7330704375.0,-30.89552
7330705312.5,-30.89615
7330706250.0,-30.88635
7330707187.5,-30.8859
7330708125.0,-30.88819
7330709062.5,-30.89001
7330710000.0,-30.88496
7330710937.5,-30.88474
7330711875.0,-30.88079
7330712812.5,-30.88723
7330713750.0,-30.88524
7330714687.5,-30.88258
7330715625.0,-30.88179
7330716562.5,-30.88079
7330717500.0,-30.87981
7330718437.5,-30.87433
7330719375.0,-30.87851
7330720312.5,-30.87988
7330721250.0,-30.87854
7330722187.5,-30.87507
7330723125.0,-30.87343
7330724062.5,-30.86567
7330725000.0,-30.8757
7330725937.5,-30.87556
7330726875.0,-30.87332
7330727812.5,-30.87126
7330728750.0,-30.86863
7330729687.5,-30.86882
7330730625.0,-30.869
7330731562.5,-30.87113
7330732500.0,-30.85724
7330733437.5,-30.87069
7330734375.0,-30.863
7330735312.5,-30.86489
7330736250.0,-30.86571
7330737187.5,-30.86566
7330738125.0,-30.86417
7330739062.5,-30.86016
7330740000.0,-30.86418
7330740937.5,-30.86319
7330741875.0,-30.85748
7330742812.5,-30.85524
7330743750.0,-30.86247
7330744687.5,-30.85266
7330745625.0,-30.85678
7330746562.5,-30.86047
7330747500.0,-30.85246
7330748437.5,-30.85199
7330749375.0,-30.85252
7330750312.5,-30.85589
7330751250.0,-30.85536
7330752187.5,-30.84994
7330753125.0,-30.84733
7330754062.5,-30.84715
7330755000.0,-30.84809
7330755937.5,-30.84564
7330756875.0,-30.84877
7330757812.5,-30.84854
7330758750.0,-30.84539
7330759687.5,-30.84862
7330760625.0,-30.8461
7330761562.5,-30.8444
7330762500.0,-30.84851
7330763437.5,-30.84371
7330764375.0,-30.84336
7330765312.5,-30.83592
7330766250.0,-30.84034
7330767187.5,-30.84432
7330768125.0,-30.83807
7330769062.5,-30.82931
7330770000.0,-30.83274
7330770937.5,-30.83951
7330771875.0,-30.82756
7330772812.5,-30.84548
7330773750.0,-30.83254
7330774687.5,-30.83402
7330775625.0,-30.83429
7330776562.5,-30.83313
7330777500.0,-30.83009
7330778437.5,-30.83202
7330779375.0,-30.82698
7330780312.5,-30.82569
7330781250.0,-30.82591
7330782187.5,-30.82815
7330783125.0,-30.82754
7330784062.5,-30.82345
7330785000.0,-30.82143
7330785937.5,-30.82045
7330786875.0,-30.83229
7330787812.5,-30.81618
7330788750.0,-30.82566
7330789687.5,-30.82221
7330790625.0,-30.81775
7330791562.5,-30.81847
7330792500.0,-30.8203
7330793437.5,-30.8167
7330794375.0,-30.81593
7330795312.5,-30.81588
7330796250.0,-30.81221
7330797187.5,-30.81168
7330798125.0,-30.81497
7330799062.5,-30.80762
7330800000.0,-30.80612
7330800937.5,-30.80943
7330801875.0,-30.8051
7330802812.5,-30.80533
7330803750.0,-30.81047
7330804687.5,-30.80175
7330805625.0,-30.80254
7330806562.5,-30.80458
7330807500.0,-30.80107
7330808437.5,-30.79973
7330809375.0,-30.80548
7330810312.5,-30.80026
7330811250.0,-30.80265
7330812187.5,-30.80218
7330813125.0,-30.80035
7330814062.5,-30.8012
7330815000.0,-30.79222
7330815937.5,-30.79707
7330816875.0,-30.79313
7330817812.5,-30.79568
7330818750.0,-30.79597
7330819687.5,-30.78537
7330820625.0,-30.78873
7330821562.5,-30.79509
7330822500.0,-30.78939
7330823437.5,-30.78747
7330824375.0,-30.78432
7330825312.5,-30.79022
7330826250.0,-30.78547
7330827187.5,-30.78085
7330828125.0,-30.78561
7330829062.5,-30.7844
7330830000.0,-30.78918
7330830937.5,-30.78187
7330831875.0,-30.78167
7330832812.5,-30.77581
7330833750.0,-30.78072
7330834687.5,-30.7798
7330835625.0,-30.77256
7330836562.5,-30.77791
7330837500.0,-30.77563
7330838437.5,-30.7771
7330839375.0,-30.77634
7330840312.5,-30.76905
7330841250.0,-30.77137
7330842187.5,-30.77485
7330843125.0,-30.77893
7330844062.5,-30.77706
7330845000.0,-30.77442
7330845937.5,-30.76975
7330846875.0,-30.76712
7330847812.5,-30.76892
7330848750.0,-30.77433
7330849687.5,-30.76726
7330850625.0,-30.76291
7330851562.5,-30.76018
7330852500.0,-30.7615
7330853437.5,-30.75894
7330854375.0,-30.76686
7330855312.5,-30.76496
7330856250.0,-30.76002
7330857187.5,-30.75434
7330858125.0,-30.75867
7330859062.5,-30.75875
7330860000.0,-30.7549
7330860937.5,-30.75492
7330861875.0,-30.76148
7330862812.5,-30.75022
7330863750.0,-30.75649
7330864687.5,-30.75669
7330865625.0,-30.75675
7330866562.5,-30.74816
7330867500.0,-30.75397
7330868437.5,-30.75326
7330869375.0,-30.74594
7330870312.5,-30.7566
7330871250.0,-30.74916
7330872187.5,-30.74591
7330873125.0,-30.74548
7330874062.5,-30.74169
7330875000.0,-30.74232
7330875937.5,-30.73518
7330876875.0,-30.73861
7330877812.5,-30.74397
7330878750.0,-30.74008
7330879687.5,-30.74151
7330880625.0,-30.73988
7330881562.5,-30.74077
7330882500.0,-30.73635
7330883437.5,-30.73773
7330884375.0,-30.74086
7330885312.5,-30.73851
7330886250.0,-30.73746
7330887187.5,-30.73656
7330888125.0,-30.73494
7330889062.5,-30.73598
7330890000.0,-30.72751
7330890937.5,-30.72739
7330891875.0,-30.73002
7330892812.5,-30.73314
7330893750.0,-30.73349
7330894687.5,-30.73059
7330895625.0,-30.72593
7330896562.5,-30.72962
7330897500.0,-30.72285
7330898437.5,-30.72488
7330899375.0,-30.72728
7330900312.5,-30.71732
7330901250.0,-30.72311
7330902187.5,-30.7242
7330903125.0,-30.71715
7330904062.5,-30.72143
7330905000.0,-30.71597
7330905937.5,-30.71899
7330906875.0,-30.71242
7330907812.5,-30.71953
7330908750.0,-30.71555
7330909687.5,-30.71636
7330910625.0,-30.71661
7330911562.5,-30.71516
7330912500.0,-30.71314
7330913437.5,-30.71378
7330914375.0,-30.71389
7330915312.5,-30.71405
7330916250.0,-30.71157
7330917187.5,-30.71009
7330918125.0,-30.69807
7330919062.5,-30.70457
7330920000.0,-30.6999
7330920937.5,-30.70351
7330921875.0,-30.70186
7330922812.5,-30.70547
7330923750.0,-30.70346
7330924687.5,-30.70665
7330925625.0,-30.6974
7330926562.5,-30.69715
7330927500.0,-30.69616
7330928437.5,-30.70466
7330929375.0,-30.70283
7330930312.5,-30.69794
7330931250.0,-30.70442
7330932187.5,-30.69581
7330933125.0,-30.69571
7330934062.5,-30.69191
7330935000.0,-30.68987
7330935937.5,-30.69652
7330936875.0,-30.69598
7330937812.5,-30.69043
7330938750.0,-30.68926
7330939687.5,-30.69068
7330940625.0,-30.69648
7330941562.5,-30.68167
7330942500.0,-30.68667
7330943437.5,-30.68264
7330944375.0,-30.68326
7330945312.5,-30.68644
7330946250.0,-30.68007
7330947187.5,-30.68793
7330948125.0,-30.68465
7330949062.5,-30.67741
7330950000.0,-30.68121
7330950937.5,-30.68034
7330951875.0,-30.67996
7330952812.5,-30.68207
7330953750.0,-30.66958
7330954687.5,-30.67529
7330955625.0,-30.67227
7330956562.5,-30.67606
7330957500.0,-30.67709
7330958437.5,-30.67764
7330959375.0,-30.67095
7330960312.5,-30.66672
7330961250.0,-30.67664
7330962187.5,-30.66986
7330963125.0,-30.67072
7330964062.5,-30.67333
7330965000.0,-30.66887
7330965937.5,-30.66107
7330966875.0,-30.6678
7330967812.5,-30.66506
7330968750.0,-30.66095
7330969687.5,-30.66862
7330970625.0,-30.66298
7330971562.5,-30.66161
7330972500.0,-30.65998
7330973437.5,-30.66121
7330974375.0,-30.66124
7330975312.5,-30.65763
7330976250.0,-30.65782
7330977187.5,-30.6578
7330978125.0,-30.66054
7330979062.5,-30.65601
7330980000.0,-30.65357
7330980937.5,-30.65854
7330981875.0,-30.65231
7330982812.5,-30.65383
7330983750.0,-30.65285
7330984687.5,-30.65447
7330985625.0,-30.64997
7330986562.5,-30.65277
7330987500.0,-30.64651
7330988437.5,-30.64828
7330989375.0,-30.64836
7330990312.5,-30.65129
7330991250.0,-30.64141
7330992187.5,-30.643
7330993125.0,-30.64876
7330994062.5,-30.63813
7330995000.0,-30.64306
7330995937.5,-30.6382
7330996875.0,-30.63889
7330997812.5,-30.63348
7330998750.0,-30.63231
7330999687.5,-30.64342
7331000625.0,-30.6349
7331001562.5,-30.63627
7331002500.0,-30.63694
7331003437.5,-30.63136
7331004375.0,-30.63417
7331005312.5,-30.63028
7331006250.0,-30.63681
7331007187.5,-30.63005
7331008125.0,-30.62926
7331009062.5,-30.63243
7331010000.0,-30.6293
7331010937.5,-30.62504
7331011875.0,-30.62967
7331012812.5,-30.62618
7331013750.0,-30.62546
7331014687.5,-30.61802
7331015625.0,-30.62116
7331016562.5,-30.62142
7331017500.0,-30.62415
7331018437.5,-30.62017
7331019375.0,-30.62669
7331020312.5,-30.61966
7331021250.0,-30.61878
7331022187.5,-30.61944
7331023125.0,-30.61518
7331024062.5,-30.61599
7331025000.0,-30.61751
7331025937.5,-30.61693
7331026875.0,-30.61719
7331027812.5,-30.61548
7331028750.0,-30.61172
7331029687.5,-30.61835
7331030625.0,-30.61076
7331031562.5,-30.61223
7331032500.0,-30.60737
7331033437.5,-30.61343
7331034375.0,-30.60446
7331035312.5,-30.60338
7331036250.0,-30.60515
7331037187.5,-30.60719
7331038125.0,-30.607
7331039062.5,-30.60378
7331040000.0,-30.60329
7331040937.5,-30.60433
7331041875.0,-30.60096
7331042812.5,-30.60658
7331043750.0,-30.59985
7331044687.5,-30.59554
7331045625.0,-30.59722
7331046562.5,-30.60096
7331047500.0,-30.59331
7331048437.5,-30.5892
7331049375.0,-30.59599
7331050312.5,-30.59775
7331051250.0,-30.58808
7331052187.5,-30.59157
7331053125.0,-30.58747
7331054062.5,-30.58805
7331055000.0,-30.59275
7331055937.5,-30.58524
7331056875.0,-30.5844
7331057812.5,-30.58216
7331058750.0,-30.58472
7331059687.5,-30.58457
7331060625.0,-30.58686
7331061562.5,-30.58628
7331062500.0,-30.58359
7331063437.5,-30.58616
7331064375.0,-30.57926
7331065312.5,-30.5785
7331066250.0,-30.57575
7331067187.5,-30.57718
7331068125.0,-30.5722
7331069062.5,-30.57718
7331070000.0,-30.57393
7331070937.5,-30.57623
7331071875.0,-30.57565
7331072812.5,-30.57119
7331073750.0,-30.5748
7331074687.5,-30.57294
7331075625.0,-30.57806
7331076562.5,-30.57367
7331077500.0,-30.57137
7331078437.5,-30.57258
7331079375.0,-30.57599
7331080312.5,-30.56626
7331081250.0,-30.56371
7331082187.5,-30.56921
7331083125.0,-30.56214
7331084062.5,-30.56366
7331085000.0,-30.56862
7331085937.5,-30.5606
7331086875.0,-30.56142
7331087812.5,-30.55706
7331088750.0,-30.56116
7331089687.5,-30.56136
7331090625.0,-30.55086
7331091562.5,-30.56489
7331092500.0,-30.55501
7331093437.5,-30.55089
7331094375.0,-30.55769
7331095312.5,-30.54695
7331096250.0,-30.55342
7331097187.5,-30.55078
7331098125.0,-30.54879
7331099062.5,-30.54865
7331100000.0,-30.54907
7331100937.5,-30.54548
7331101875.0,-30.54974
7331102812.5,-30.54587
7331103750.0,-30.54455
7331104687.5,-30.54357
7331105625.0,-30.54946
7331106562.5,-30.54584
7331107500.0,-30.53511
7331108437.5,-30.54176
7331109375.0,-30.53891
7331110312.5,-30.53979
7331111250.0,-30.53864
7331112187.5,-30.54077
7331113125.0,-30.54066
7331114062.5,-30.53849
7331115000.0,-30.53572
7331115937.5,-30.533
7331116875.0,-30.53765
7331117812.5,-30.52954
7331118750.0,-30.53804
7331119687.5,-30.53796
7331120625.0,-30.53285
7331121562.5,-30.53073
7331122500.0,-30.5257
7331123437.5,-30.52709
7331124375.0,-30.52544
7331125312.5,-30.52846
7331126250.0,-30.52592
7331127187.5,-30.52441
7331128125.0,-30.52353
7331129062.5,-30.52849
7331130000.0,-30.52549
7331130937.5,-30.51838
7331131875.0,-30.51964
7331132812.5,-30.52158
7331133750.0,-30.52225
7331134687.5,-30.52112
7331135625.0,-30.51535
7331136562.5,-30.51964
7331137500.0,-30.52417
7331138437.5,-30.51939
7331139375.0,-30.51458
7331140312.5,-30.51572
7331141250.0,-30.50663
7331142187.5,-30.51038
7331143125.0,-30.51491
7331144062.5,-30.51171
7331145000.0,-30.51155
7331145937.5,-30.50364
7331146875.0,-30.51305
7331147812.5,-30.50753
7331148750.0,-30.50319
7331149687.5,-30.50905
7331150625.0,-30.50121
7331151562.5,-30.50605
7331152500.0,-30.504
7331153437.5,-30.50132
7331154375.0,-30.50229
7331155312.5,-30.49753
7331156250.0,-30.49499
7331157187.5,-30.49734
7331158125.0,-30.49443
7331159062.5,-30.5023
7331160000.0,-30.49457
7331160937.5,-30.49469
7331161875.0,-30.49702
7331162812.5,-30.4908
7331163750.0,-30.49553
7331164687.5,-30.49135
7331165625.0,-30.48952
7331166562.5,-30.48695
7331167500.0,-30.49594
7331168437.5,-30.48609
7331169375.0,-30.48843
7331170312.5,-30.48492
7331171250.0,-30.49497
7331172187.5,-30.47975
7331173125.0,-30.48236
7331174062.5,-30.48308
7331175000.0,-30.48254
7331175937.5,-30.48115
7331176875.0,-30.48601
7331177812.5,-30.48316
7331178750.0,-30.48892
7331179687.5,-30.4763
7331180625.0,-30.4841
7331181562.5,-30.47771
7331182500.0,-30.47872
7331183437.5,-30.47262
7331184375.0,-30.47767
7331185312.5,-30.47036
7331186250.0,-30.47499
7331187187.5,-30.47358
7331188125.0,-30.46954
7331189062.5,-30.4724
7331190000.0,-30.47095
7331190937.5,-30.47125
7331191875.0,-30.47211
7331192812.5,-30.46754
7331193750.0,-30.46555
7331194687.5,-30.46562
7331195625.0,-30.46508
7331196562.5,-30.4612
7331197500.0,-30.46322
7331198437.5,-30.46375
7331199375.0,-30.46556
7331200312.5,-30.46562
7331201250.0,-30.45374
7331202187.5,-30.45796
7331203125.0,-30.46423
7331204062.5,-30.45796
7331205000.0,-30.45402
7331205937.5,-30.45539
7331206875.0,-30.45796
7331207812.5,-30.45427
7331208750.0,-30.45548
7331209687.5,-30.45069
7331210625.0,-30.4563
7331211562.5,-30.45526
7331212500.0,-30.45307
7331213437.5,-30.45111
7331214375.0,-30.44776
7331215312.5,-30.45091
7331216250.0,-30.44419
7331217187.5,-30.44527
7331218125.0,-30.45091
7331219062.5,-30.44284
7331220000.0,-30.44828
7331220937.5,-30.44164
7331221875.0,-30.44397
7331222812.5,-30.44628
7331223750.0,-30.43518
7331224687.5,-30.4414
7331225625.0,-30.44179
7331226562.5,-30.43195
7331227500.0,-30.44072
7331228437.5,-30.44373
7331229375.0,-30.43911
7331230312.5,-30.4339
7331231250.0,-30.42988
7331232187.5,-30.43122
7331233125.0,-30.43357
7331234062.5,-30.42903
7331235000.0,-30.43025
7331235937.5,-30.43532
7331236875.0,-30.42895
7331237812.5,-30.42478
7331238750.0,-30.42243
7331239687.5,-30.41938
7331240625.0,-30.43258
7331241562.5,-30.42182
7331242500.0,-30.4276
7331243437.5,-30.42125
7331244375.0,-30.42449
7331245312.5,-30.42263
7331246250.0,-30.42108
7331247187.5,-30.42094
7331248125.0,-30.42056
7331249062.5,-30.41698
7331250000.0,-30.41309
7331250937.5,-30.41708
7331251875.0,-30.40926
7331252812.5,-30.40689
7331253750.0,-30.41129
7331254687.5,-30.41542
7331255625.0,-30.41075
7331256562.5,-30.41625
7331257500.0,-30.40805
7331258437.5,-30.40928
7331259375.0,-30.40911
7331260312.5,-30.4039
7331261250.0,-30.40732
7331262187.5,-30.40538
7331263125.0,-30.40946
7331264062.5,-30.40715
7331265000.0,-30.40103
7331265937.5,-30.39801
7331266875.0,-30.40333
7331267812.5,-30.39984
7331268750.0,-30.39861
7331269687.5,-30.39694
7331270625.0,-30.396
7331271562.5,-30.39417
7331272500.0,-30.39127
7331273437.5,-30.39221
7331274375.0,-30.39754
7331275312.5,-30.39714
7331276250.0,-30.38968
7331277187.5,-30.39377
7331278125.0,-30.39344
7331279062.5,-30.39044
7331280000.0,-30.39097
7331280937.5,-30.38722
7331281875.0,-30.38879
7331282812.5,-30.38532
7331283750.0,-30.39488
7331284687.5,-30.38477
7331285625.0,-30.3912
7331286562.5,-30.38131
7331287500.0,-30.37903
7331288437.5,-30.38496
7331289375.0,-30.38318
7331290312.5,-30.3837
7331291250.0,-30.38101
7331292187.5,-30.38177
7331293125.0,-30.37817
7331294062.5,-30.37655
7331295000.0,-30.37718
7331295937.5,-30.37424
7331296875.0,-30.37345
7331297812.5,-30.37215
7331298750.0,-30.37182
7331299687.5,-30.37019
7331300625.0,-30.37116
7331301562.5,-30.36349
7331302500.0,-30.37336
7331303437.5,-30.36953
7331304375.0,-30.37
7331305312.5,-30.36049
7331306250.0,-30.36942
7331307187.5,-30.36418
7331308125.0,-30.3616
7331309062.5,-30.36082
7331310000.0,-30.36113
7331310937.5,-30.36098
7331311875.0,-30.35991
7331312812.5,-30.35992
7331313750.0,-30.35686
7331314687.5,-30.36159
7331315625.0,-30.35852
7331316562.5,-30.35443
7331317500.0,-30.35509
7331318437.5,-30.34856
7331319375.0,-30.35279
7331320312.5,-30.35498
7331321250.0,-30.35309
7331322187.5,-30.3524
7331323125.0,-30.34682
7331324062.5,-30.35376
7331325000.0,-30.34468
7331325937.5,-30.35077
7331326875.0,-30.35039
7331327812.5,-30.3453
7331328750.0,-30.34752
7331329687.5,-30.34393
7331330625.0,-30.3418
7331331562.5,-30.34539
7331332500.0,-30.34408
7331333437.5,-30.34031
7331334375.0,-30.34342
7331335312.5,-30.33964
7331336250.0,-30.34465
7331337187.5,-30.34111
7331338125.0,-30.34433
7331339062.5,-30.33541
7331340000.0,-30.34044
7331340937.5,-30.33485
7331341875.0,-30.33673
7331342812.5,-30.33146
7331343750.0,-30.33335
7331344687.5,-30.32745
7331345625.0,-30.33486
7331346562.5,-30.33148
7331347500.0,-30.33229
7331348437.5,-30.3277
7331349375.0,-30.33202
7331350312.5,-30.33013
7331351250.0,-30.32433
7331352187.5,-30.32361
7331353125.0,-30.32569
7331354062.5,-30.31935
7331355000.0,-30.32343
7331355937.5,-30.32185
7331356875.0,-30.32078
7331357812.5,-30.32041
7331358750.0,-30.3239
7331359687.5,-30.31706
7331360625.0,-30.31977
7331361562.5,-30.31653
7331362500.0,-30.31688
7331363437.5,-30.31241
7331364375.0,-30.31229
7331365312.5,-30.30516
7331366250.0,-30.31394
7331367187.5,-30.31514
7331368125.0,-30.309
7331369062.5,-30.30818
7331370000.0,-30.311
7331370937.5,-30.30875
7331371875.0,-30.31198
7331372812.5,-30.3046
7331373750.0,-30.31073
7331374687.5,-30.30937
7331375625.0,-30.29814
7331376562.5,-30.30355
7331377500.0,-30.30539
7331378437.5,-30.30476
7331379375.0,-30.30187
7331380312.5,-30.30149
7331381250.0,-30.29822
7331382187.5,-30.29577
7331383125.0,-30.29064
7331384062.5,-30.29879
7331385000.0,-30.29173
7331385937.5,-30.29829
7331386875.0,-30.30043
7331387812.5,-30.28585
7331388750.0,-30.28782
7331389687.5,-30.29401
7331390625.0,-30.28908
7331391562.5,-30.29095
7331392500.0,-30.29204
7331393437.5,-30.28959
7331394375.0,-30.28567
7331395312.5,-30.28352
7331396250.0,-30.28853
7331397187.5,-30.28936
7331398125.0,-30.27944
7331399062.5,-30.28076
7331400000.0,-30.2836
7331400937.5,-30.27648
7331401875.0,-30.28044
7331402812.5,-30.28422
7331403750.0,-30.27597
7331404687.5,-30.27594
7331405625.0,-30.27724
7331406562.5,-30.2799
7331407500.0,-30.27873
7331408437.5,-30.27378
7331409375.0,-30.27778
7331410312.5,-30.27661
7331411250.0,-30.27027
7331412187.5,-30.27168
7331413125.0,-30.26953
7331414062.5,-30.26826
7331415000.0,-30.26576
7331415937.5,-30.26063
7331416875.0,-30.26917
7331417812.5,-30.26693
7331418750.0,-30.26241
7331419687.5,-30.2644
7331420625.0,-30.2628
7331421562.5,-30.26304
7331422500.0,-30.26341
7331423437.5,-30.26184
7331424375.0,-30.26214
7331425312.5,-30.25921
7331426250.0,-30.25914
7331427187.5,-30.25525
7331428125.0,-30.26321
7331429062.5,-30.25502
7331430000.0,-30.25974
7331430937.5,-30.25335
7331431875.0,-30.25306
7331432812.5,-30.25684
7331433750.0,-30.25406
7331434687.5,-30.24904
7331435625.0,-30.24674
7331436562.5,-30.24528
7331437500.0,-30.24738
7331438437.5,-30.25152
7331439375.0,-30.24579
7331440312.5,-30.24904
7331441250.0,-30.24123
7331442187.5,-30.24366
7331443125.0,-30.2467
7331444062.5,-30.24253
7331445000.0,-30.24588
7331445937.5,-30.24403
7331446875.0,-30.24397
7331447812.5,-30.24171
7331448750.0,-30.23661
7331449687.5,-30.23352
7331450625.0,-30.23042
7331451562.5,-30.23344
7331452500.0,-30.23812
7331453437.5,-30.23303
7331454375.0,-30.23279
7331455312.5,-30.22996
7331456250.0,-30.23475
7331457187.5,-30.23228
7331458125.0,-30.23071
7331459062.5,-30.22813
7331460000.0,-30.2264
7331460937.5,-30.2213
7331461875.0,-30.22402
7331462812.5,-30.23183
7331463750.0,-30.22554
7331464687.5,-30.22651
7331465625.0,-30.22276
7331466562.5,-30.22463
7331467500.0,-30.21745
7331468437.5,-30.2224
7331469375.0,-30.21882
7331470312.5,-30.21605
7331471250.0,-30.22009
7331472187.5,-30.21821
7331473125.0,-30.22149
7331474062.5,-30.2177
7331475000.0,-30.21521
7331475937.5,-30.20923
7331476875.0,-30.20411
7331477812.5,-30.21157
7331478750.0,-30.21277
7331479687.5,-30.21437
7331480625.0,-30.20646
7331481562.5,-30.20639
7331482500.0,-30.21313
7331483437.5,-30.206
7331484375.0,-30.20712
7331485312.5,-30.20582
7331486250.0,-30.19743
7331487187.5,-30.19919
7331488125.0,-30.20132
7331489062.5,-30.20914
7331490000.0,-30.19923
7331490937.5,-30.19919
7331491875.0,-30.19993
7331492812.5,-30.19565
7331493750.0,-30.19521
7331494687.5,-30.1917
7331495625.0,-30.18864
7331496562.5,-30.19392
7331497500.0,-30.19024
7331498437.5,-30.19435
7331499375.0,-30.18953
7331500312.5,-30.19349
7331501250.0,-30.18796
7331502187.5,-30.18425
7331503125.0,-30.19328
7331504062.5,-30.18702
7331505000.0,-30.18538
7331505937.5,-30.18515
7331506875.0,-30.18229
7331507812.5,-30.18714
7331508750.0,-30.18803
7331509687.5,-30.18562
7331510625.0,-30.18565
7331511562.5,-30.18419
7331512500.0,-30.18542
7331513437.5,-30.17528
7331514375.0,-30.18049
7331515312.5,-30.17593
7331516250.0,-30.18044
7331517187.5,-30.18084
7331518125.0,-30.17319
7331519062.5,-30.17657
7331520000.0,-30.17032
7331520937.5,-30.1722
7331521875.0,-30.17494
7331522812.5,-30.16957
7331523750.0,-30.16348
7331524687.5,-30.16527
7331525625.0,-30.16487
7331526562.5,-30.16514
7331527500.0,-30.16433
7331528437.5,-30.16108
7331529375.0,-30.16045
7331530312.5,-30.16218
7331531250.0,-30.16194
7331532187.5,-30.15885
7331533125.0,-30.16259
7331534062.5,-30.16431
7331535000.0,-30.16152
7331535937.5,-30.1609
7331536875.0,-30.15474
7331537812.5,-30.15946
7331538750.0,-30.15207
7331539687.5,-30.15548
7331540625.0,-30.15565
7331541562.5,-30.15123
7331542500.0,-30.1543
7331543437.5,-30.15449
7331544375.0,-30.14737
7331545312.5,-30.15037
7331546250.0,-30.15647
7331547187.5,-30.15497
7331548125.0,-30.15326
7331549062.5,-30.1502
7331550000.0,-30.14581
7331550937.5,-30.14361
7331551875.0,-30.14807
7331552812.5,-30.14219
7331553750.0,-30.14852
7331554687.5,-30.1425
7331555625.0,-30.1386
7331556562.5,-30.13754
7331557500.0,-30.13968
7331558437.5,-30.13572
7331559375.0,-30.1384
7331560312.5,-30.13374
7331561250.0,-30.13586
7331562187.5,-30.14057
7331563125.0,-30.13614
7331564062.5,-30.13057
7331565000.0,-30.12728
7331565937.5,-30.13175
7331566875.0,-30.13464
7331567812.5,-30.12902
7331568750.0,-30.13053
7331569687.5,-30.12843
7331570625.0,-30.12543
7331571562.5,-30.12541
7331572500.0,-30.13018
7331573437.5,-30.13123
7331574375.0,-30.12734
7331575312.5,-30.12253
7331576250.0,-30.12493
7331577187.5,-30.12396
7331578125.0,-30.1244
7331579062.5,-30.11891
7331580000.0,-30.12422
7331580937.5,-30.11959
7331581875.0,-30.11564
7331582812.5,-30.11557
7331583750.0,-30.11653
7331584687.5,-30.1158
7331585625.0,-30.11867
7331586562.5,-30.11073
7331587500.0,-30.11584
7331588437.5,-30.11093
7331589375.0,-30.11123
7331590312.5,-30.1153
7331591250.0,-30.10936
7331592187.5,-30.10875
7331593125.0,-30.10811
7331594062.5,-30.10776
7331595000.0,-30.10627
7331595937.5,-30.10715
7331596875.0,-30.10652
7331597812.5,-30.10098
7331598750.0,-30.09978
7331599687.5,-30.09366
7331600625.0,-30.10228
7331601562.5,-30.09662
7331602500.0,-30.09847
7331603437.5,-30.10108
7331604375.0,-30.10275
7331605312.5,-30.09185
7331606250.0,-30.10038
7331607187.5,-30.09332
7331608125.0,-30.09289
7331609062.5,-30.09621
7331610000.0,-30.09874
7331610937.5,-30.08756
7331611875.0,-30.08876
7331612812.5,-30.08808
7331613750.0,-30.08722
7331614687.5,-30.08839
7331615625.0,-30.09337
7331616562.5,-30.08839
7331617500.0,-30.08251
7331618437.5,-30.08356
7331619375.0,-30.0844
7331620312.5,-30.08498
7331621250.0,-30.08285
7331622187.5,-30.07949
7331623125.0,-30.08027
7331624062.5,-30.0823
7331625000.0,-30.07931
7331625937.5,-30.07633
7331626875.0,-30.07587
7331627812.5,-30.07651
7331628750.0,-30.07746
7331629687.5,-30.06706
7331630625.0,-30.06945
7331631562.5,-30.06693
7331632500.0,-30.07501
7331633437.5,-30.07074
7331634375.0,-30.06854
7331635312.5,-30.06339
7331636250.0,-30.06655
7331637187.5,-30.06553
7331638125.0,-30.06778
7331639062.5,-30.06794
7331640000.0,-30.06426
7331640937.5,-30.06265
7331641875.0,-30.05786
7331642812.5,-30.0561
7331643750.0,-30.06488
7331644687.5,-30.06057
7331645625.0,-30.06169
7331646562.5,-30.06339
7331647500.0,-30.05654
7331648437.5,-30.05766
7331649375.0,-30.05572
7331650312.5,-30.05393
7331651250.0,-30.05243
7331652187.5,-30.05473
7331653125.0,-30.05225
7331654062.5,-30.05321
7331655000.0,-30.05189
7331655937.5,-30.04837
7331656875.0,-30.05308
7331657812.5,-30.04832
7331658750.0,-30.04965
7331659687.5,-30.04735
7331660625.0,-30.0413
7331661562.5,-30.04273
7331662500.0,-30.04592
7331663437.5,-30.04358
7331664375.0,-30.0429
7331665312.5,-30.04076
7331666250.0,-30.03993
7331667187.5,-30.03787
7331668125.0,-30.03369
7331669062.5,-30.04516
7331670000.0,-30.03662
7331670937.5,-30.03649
7331671875.0,-30.03737
7331672812.5,-30.03185
7331673750.0,-30.0315
7331674687.5,-30.03441
7331675625.0,-30.03185
7331676562.5,-30.03063
7331677500.0,-30.02985
7331678437.5,-30.02651
7331679375.0,-30.02773
7331680312.5,-30.02941
7331681250.0,-30.02641
7331682187.5,-30.028
7331683125.0,-30.02081
7331684062.5,-30.02077
7331685000.0,-30.02182
7331685937.5,-30.02499
7331686875.0,-30.02349
7331687812.5,-30.0158
7331688750.0,-30.01828
7331689687.5,-30.01554
7331690625.0,-30.0177
7331691562.5,-30.02712
7331692500.0,-30.01422
7331693437.5,-30.01563
7331694375.0,-30.01167
7331695312.5,-30.00862
7331696250.0,-30.00902
7331697187.5,-30.01195
7331698125.0,-30.01002
7331699062.5,-30.01364
7331700000.0,-30.00825
7331700937.5,-30.00175
7331701875.0,-30.0105
7331702812.5,-30.00727
7331703750.0,-30.00331
7331704687.5,-30.00225
7331705625.0,-30.00527
7331706562.5,-29.99812
7331707500.0,-30.00807
7331708437.5,-30.00074
7331709375.0,-29.99146
7331710312.5,-30.00304
7331711250.0,-30.00153
7331712187.5,-29.99981
7331713125.0,-29.99653
7331714062.5,-29.99186
7331715000.0,-29.99311
7331715937.5,-29.99504
7331716875.0,-29.98749
7331717812.5,-29.98941
7331718750.0,-29.99103
7331719687.5,-29.9872
7331720625.0,-29.98929
7331721562.5,-29.98421
7331722500.0,-29.98512
7331723437.5,-29.98783
7331724375.0,-29.98226
7331725312.5,-29.98628
7331726250.0,-29.9834
7331727187.5,-29.98418
7331728125.0,-29.98161
7331729062.5,-29.97558
7331730000.0,-29.98421
7331730937.5,-29.98282
7331731875.0,-29.9782
7331732812.5,-29.97865
7331733750.0,-29.9792
7331734687.5,-29.97722
7331735625.0,-29.97901
7331736562.5,-29.9798
7331737500.0,-29.96932
7331738437.5,-29.97626
7331739375.0,-29.96966
7331740312.5,-29.97357
7331741250.0,-29.97205
7331742187.5,-29.96871
7331743125.0,-29.96997
7331744062.5,-29.97763
7331745000.0,-29.96565
7331745937.5,-29.96363
7331746875.0,-29.9691
7331747812.5,-29.96392
7331748750.0,-29.9654
7331749687.5,-29.96662
7331750625.0,-29.96317
7331751562.5,-29.96533
7331752500.0,-29.9598
7331753437.5,-29.95972
7331754375.0,-29.95885
7331755312.5,-29.96
7331756250.0,-29.95715
7331757187.5,-29.95692
7331758125.0,-29.95676
7331759062.5,-29.95681
7331760000.0,-29.95718
7331760937.5,-29.95222
7331761875.0,-29.95386
7331762812.5,-29.94894
7331763750.0,-29.95234
7331764687.5,-29.9511
7331765625.0,-29.95144
7331766562.5,-29.94797
7331767500.0,-29.95199
7331768437.5,-29.9508
7331769375.0,-29.94382
7331770312.5,-29.94276
7331771250.0,-29.9408
7331772187.5,-29.94407
7331773125.0,-29.93981
7331774062.5,-29.93925
7331775000.0,-29.93894
7331775937.5,-29.93567
7331776875.0,-29.93581
7331777812.5,-29.93748
7331778750.0,-29.93214
7331779687.5,-29.93681
7331780625.0,-29.93369
7331781562.5,-29.93413
7331782500.0,-29.93197
7331783437.5,-29.93191
7331784375.0,-29.92831
7331785312.5,-29.92825
7331786250.0,-29.93019
7331787187.5,-29.92039
7331788125.0,-29.92658
7331789062.5,-29.92792
7331790000.0,-29.91888
7331790937.5,-29.92654
7331791875.0,-29.91921
7331792812.5,-29.9222
7331793750.0,-29.92203
7331794687.5,-29.92803
7331795625.0,-29.91764
7331796562.5,-29.92
7331797500.0,-29.91478
7331798437.5,-29.91891
7331799375.0,-29.9166
7331800312.5,-29.91851
7331801250.0,-29.9148
7331802187.5,-29.91085
7331803125.0,-29.9107
7331804062.5,-29.91105
7331805000.0,-29.90516
7331805937.5,-29.90929
7331806875.0,-29.90877
7331807812.5,-29.91003
7331808750.0,-29.90477
7331809687.5,-29.90898
7331810625.0,-29.90435
7331811562.5,-29.9035
7331812500.0,-29.9017
7331813437.5,-29.89724
7331814375.0,-29.90242
7331815312.5,-29.90189
7331816250.0,-29.90386
7331817187.5,-29.89435
7331818125.0,-29.90227
7331819062.5,-29.89673
7331820000.0,-29.89487
7331820937.5,-29.89182
7331821875.0,-29.88747
7331822812.5,-29.89066
7331823750.0,-29.88988
7331824687.5,-29.88984
7331825625.0,-29.89387
7331826562.5,-29.89747
7331827500.0,-29.88858
7331828437.5,-29.89345
7331829375.0,-29.88602
7331830312.5,-29.88839
7331831250.0,-29.88302
7331832187.5,-29.8847
7331833125.0,-29.88007
7331834062.5,-29.8855
7331835000.0,-29.87891
7331835937.5,-29.88087
7331836875.0,-29.88482
7331837812.5,-29.8829
7331838750.0,-29.8785
7331839687.5,-29.8757
7331840625.0,-29.8866
7331841562.5,-29.87537
7331842500.0,-29.86945
7331843437.5,-29.87631
7331844375.0,-29.8696
7331845312.5,-29.87658
7331846250.0,-29.87105
7331847187.5,-29.87502
7331848125.0,-29.86583
7331849062.5,-29.87256
7331850000.0,-29.8665
7331850937.5,-29.86915
7331851875.0,-29.86588
7331852812.5,-29.86575
7331853750.0,-29.86838
7331854687.5,-29.86321
7331855625.0,-29.86138
7331856562.5,-29.85834
7331857500.0,-29.85598
7331858437.5,-29.86347
7331859375.0,-29.86446
7331860312.5,-29.86363
7331861250.0,-29.86279
7331862187.5,-29.85647
7331863125.0,-29.86241
7331864062.5,-29.85486
7331865000.0,-29.85471
7331865937.5,-29.85521
7331866875.0,-29.85084
7331867812.5,-29.85019
7331868750.0,-29.84608
7331869687.5,-29.85016
7331870625.0,-29.85254
7331871562.5,-29.85501
7331872500.0,-29.84907
7331873437.5,-29.85034
7331874375.0,-29.84658
7331875312.5,-29.84514
7331876250.0,-29.8456
7331877187.5,-29.8435
7331878125.0,-29.84183
7331879062.5,-29.84546
7331880000.0,-29.84377
7331880937.5,-29.83929
7331881875.0,-29.83823
7331882812.5,-29.83703
7331883750.0,-29.83934
7331884687.5,-29.83645
7331885625.0,-29.83703
7331886562.5,-29.82985
7331887500.0,-29.83349
7331888437.5,-29.83225
7331889375.0,-29.83273
7331890312.5,-29.83054
7331891250.0,-29.82512
7331892187.5,-29.82703
7331893125.0,-29.83088
7331894062.5,-29.82862
7331895000.0,-29.8273
7331895937.5,-29.82278
7331896875.0,-29.82276
7331897812.5,-29.82187
7331898750.0,-29.81531
7331899687.5,-29.82295
7331900625.0,-29.82256
7331901562.5,-29.82552
7331902500.0,-29.82047
7331903437.5,-29.82025
7331904375.0,-29.81797
7331905312.5,-29.81668
7331906250.0,-29.81998
7331907187.5,-29.81596
7331908125.0,-29.82057
7331909062.5,-29.81882
7331910000.0,-29.80866
7331910937.5,-29.81018
7331911875.0,-29.81472
7331912812.5,-29.80891
7331913750.0,-29.80929
7331914687.5,-29.80706
7331915625.0,-29.80571
7331916562.5,-29.80236
7331917500.0,-29.80443
7331918437.5,-29.80593
7331919375.0,-29.80297
7331920312.5,-29.80915
7331921250.0,-29.80264
7331922187.5,-29.80075
7331923125.0,-29.79839
7331924062.5,-29.80241
7331925000.0,-29.7939
7331925937.5,-29.7952
7331926875.0,-29.79713
7331927812.5,-29.8005
7331928750.0,-29.79591
7331929687.5,-29.79317
7331930625.0,-29.78684
7331931562.5,-29.79028
7331932500.0,-29.79119
7331933437.5,-29.79404
7331934375.0,-29.7923
7331935312.5,-29.78815
7331936250.0,-29.79003
7331937187.5,-29.7865
7331938125.0,-29.78418
7331939062.5,-29.78855
7331940000.0,-29.78452
7331940937.5,-29.78432
7331941875.0,-29.78578
7331942812.5,-29.78483
7331943750.0,-29.78347
7331944687.5,-29.78531
7331945625.0,-29.77899
7331946562.5,-29.77332
7331947500.0,-29.77924
7331948437.5,-29.77686
7331949375.0,-29.77566
7331950312.5,-29.7722
7331951250.0,-29.77002
7331952187.5,-29.76871
7331953125.0,-29.77376
7331954062.5,-29.76817
7331955000.0,-29.7665
7331955937.5,-29.76801
7331956875.0,-29.77013
7331957812.5,-29.76831
7331958750.0,-29.76845
7331959687.5,-29.76722
7331960625.0,-29.76558
7331961562.5,-29.76374
7331962500.0,-29.76578
7331963437.5,-29.76582
7331964375.0,-29.76416
7331965312.5,-29.76071
7331966250.0,-29.75906
7331967187.5,-29.76266
7331968125.0,-29.75278
7331969062.5,-29.75588
7331970000.0,-29.75484
7331970937.5,-29.75487
7331971875.0,-29.75534
7331972812.5,-29.7505
7331973750.0,-29.75586
7331974687.5,-29.74737
7331975625.0,-29.74866
7331976562.5,-29.75097
7331977500.0,-29.75352
7331978437.5,-29.74862
7331979375.0,-29.74576
7331980312.5,-29.7431
7331981250.0,-29.74624
7331982187.5,-29.74169
7331983125.0,-29.73871
7331984062.5,-29.74426
7331985000.0,-29.74083
7331985937.5,-29.74351
7331986875.0,-29.73681
7331987812.5,-29.74246
7331988750.0,-29.73485
7331989687.5,-29.73733
7331990625.0,-29.73822
7331991562.5,-29.73378
7331992500.0,-29.73336
7331993437.5,-29.72918
7331994375.0,-29.73283
7331995312.5,-29.73471
7331996250.0,-29.72827
7331997187.5,-29.72845
7331998125.0,-29.72427
7331999062.5,-29.72719
7332000000.0,-29.72465
7332000937.5,-29.72515
7332001875.0,-29.72568
7332002812.5,-29.72161
7332003750.0,-29.72978
7332004687.5,-29.72231
7332005625.0,-29.71922
7332006562.5,-29.72227
7332007500.0,-29.71874
7332008437.5,-29.71868
7332009375.0,-29.71104
7332010312.5,-29.71806
7332011250.0,-29.71712
7332012187.5,-29.71931
7332013125.0,-29.71167
7332014062.5,-29.70933
7332015000.0,-29.7126
7332015937.5,-29.71281
7332016875.0,-29.71137
7332017812.5,-29.71011
7332018750.0,-29.70812
7332019687.5,-29.70761
7332020625.0,-29.7111
7332021562.5,-29.7063
7332022500.0,-29.70086
7332023437.5,-29.70493
7332024375.0,-29.70407
7332025312.5,-29.70772
7332026250.0,-29.70254
7332027187.5,-29.69791
7332028125.0,-29.70035
7332029062.5,-29.70227
7332030000.0,-29.69561
7332030937.5,-29.69744
7332031875.0,-29.69379
7332032812.5,-29.69886
7332033750.0,-29.69966
7332034687.5,-29.69221
7332035625.0,-29.69338
7332036562.5,-29.69525
7332037500.0,-29.68765
7332038437.5,-29.69106
7332039375.0,-29.68871
7332040312.5,-29.68684
7332041250.0,-29.68247
7332042187.5,-29.68452
7332043125.0,-29.68825
7332044062.5,-29.68311
7332045000.0,-29.68306
7332045937.5,-29.68242
7332046875.0,-29.68444
7332047812.5,-29.68189
7332048750.0,-29.68039
7332049687.5,-29.67774
7332050625.0,-29.67778
7332051562.5,-29.68224
7332052500.0,-29.68302
7332053437.5,-29.68085
7332054375.0,-29.67756
7332055312.5,-29.67334
7332056250.0,-29.67453
7332057187.5,-29.67258
7332058125.0,-29.67055
7332059062.5,-29.67106
7332060000.0,-29.67255
7332060937.5,-29.6709
7332061875.0,-29.6707
7332062812.5,-29.66724
7332063750.0,-29.66796
7332064687.5,-29.6648
7332065625.0,-29.66668
7332066562.5,-29.66819
7332067500.0,-29.66145
7332068437.5,-29.65794
7332069375.0,-29.6553
7332070312.5,-29.66328
7332071250.0,-29.65861
7332072187.5,-29.65761
7332073125.0,-29.65313
7332074062.5,-29.66242
7332075000.0,-29.65728
7332075937.5,-29.65413
7332076875.0,-29.6545
7332077812.5,-29.65368
7332078750.0,-29.65475
7332079687.5,-29.64918
7332080625.0,-29.64578
7332081562.5,-29.65314
7332082500.0,-29.65469
7332083437.5,-29.64541
7332084375.0,-29.64591
7332085312.5,-29.64261
7332086250.0,-29.64579
7332087187.5,-29.64772
7332088125.0,-29.64831
7332089062.5,-29.64207
7332090000.0,-29.64049
7332090937.5,-29.64403
7332091875.0,-29.64262
7332092812.5,-29.63804
7332093750.0,-29.63697
7332094687.5,-29.63965
7332095625.0,-29.62795
7332096562.5,-29.63594
7332097500.0,-29.63163
7332098437.5,-29.63468
7332099375.0,-29.63513
7332100312.5,-29.62678
7332101250.0,-29.63327
7332102187.5,-29.62925
7332103125.0,-29.63045
7332104062.5,-29.62563
7332105000.0,-29.6306
7332105937.5,-29.62472
7332106875.0,-29.62198
7332107812.5,-29.62708
7332108750.0,-29.62507
7332109687.5,-29.61926
7332110625.0,-29.62321
7332111562.5,-29.61213
7332112500.0,-29.61375
7332113437.5,-29.61978
7332114375.0,-29.61329
7332115312.5,-29.61718
7332116250.0,-29.61509
7332117187.5,-29.61687
7332118125.0,-29.61841
7332119062.5,-29.6141
7332120000.0,-29.6094
7332120937.5,-29.61716
7332121875.0,-29.60887
7332122812.5,-29.6131
7332123750.0,-29.61087
7332124687.5,-29.60847
7332125625.0,-29.60627
7332126562.5,-29.60435
7332127500.0,-29.60681
7332128437.5,-29.60333
7332129375.0,-29.60576
7332130312.5,-29.59706
7332131250.0,-29.5984
7332132187.5,-29.59864
7332133125.0,-29.60053
7332134062.5,-29.5963
7332135000.0,-29.5953
7332135937.5,-29.59193
7332136875.0,-29.59768
7332137812.5,-29.59366
7332138750.0,-29.6018
7332139687.5,-29.58901
7332140625.0,-29.59098
7332141562.5,-29.58774
7332142500.0,-29.59292
7332143437.5,-29.59346
7332144375.0,-29.5908
7332145312.5,-29.58642
7332146250.0,-29.58649
7332147187.5,-29.58809
7332148125.0,-29.58314
7332149062.5,-29.58639
7332150000.0,-29.58545
7332150937.5,-29.57771
7332151875.0,-29.58137
7332152812.5,-29.57951
7332153750.0,-29.57904
7332154687.5,-29.57904
7332155625.0,-29.57352
7332156562.5,-29.57304
7332157500.0,-29.57483
7332158437.5,-29.57872
7332159375.0,-29.57758
7332160312.5,-29.57158
7332161250.0,-29.57277
7332162187.5,-29.57329
7332163125.0,-29.5692
7332164062.5,-29.56486
7332165000.0,-29.56576
7332165937.5,-29.57103
7332166875.0,-29.56606
7332167812.5,-29.56301
7332168750.0,-29.56885
7332169687.5,-29.5627
7332170625.0,-29.55919
7332171562.5,-29.57093
7332172500.0,-29.56036
7332173437.5,-29.55732
7332174375.0,-29.56361
7332175312.5,-29.56132
7332176250.0,-29.55782
7332177187.5,-29.55437
7332178125.0,-29.56104
7332179062.5,-29.5577
7332180000.0,-29.55667
7332180937.5,-29.55151
7332181875.0,-29.55562
7332182812.5,-29.55078
7332183750.0,-29.55927
7332184687.5,-29.54595
7332185625.0,-29.55125
7332186562.5,-29.54632
7332187500.0,-29.54438
7332188437.5,-29.5496
7332189375.0,-29.54644
7332190312.5,-29.54856
7332191250.0,-29.54912
7332192187.5,-29.53937
7332193125.0,-29.54415
7332194062.5,-29.54039
7332195000.0,-29.54004
7332195937.5,-29.5365
7332196875.0,-29.53867
7332197812.5,-29.53925
7332198750.0,-29.53711
7332199687.5,-29.53106
7332200625.0,-29.53646
7332201562.5,-29.53153
7332202500.0,-29.52929
7332203437.5,-29.52952
7332204375.0,-29.52896
7332205312.5,-29.52958
7332206250.0,-29.53096
7332207187.5,-29.5325
7332208125.0,-29.52561
7332209062.5,-29.52707
7332210000.0,-29.52192
7332210937.5,-29.52414
7332211875.0,-29.52464
7332212812.5,-29.51979
7332213750.0,-29.5232
7332214687.5,-29.51971
7332215625.0,-29.52423
7332216562.5,-29.51692
7332217500.0,-29.5091
7332218437.5,-29.51661
7332219375.0,-29.51563
7332220312.5,-29.51803
7332221250.0,-29.51376
7332222187.5,-29.51147
7332223125.0,-29.51055
7332224062.5,-29.51563
7332225000.0,-29.51575
7332225937.5,-29.508
7332226875.0,-29.50748
7332227812.5,-29.49965
7332228750.0,-29.50434
7332229687.5,-29.50473
7332230625.0,-29.50883
7332231562.5,-29.50526
7332232500.0,-29.50721
7332233437.5,-29.50331
7332234375.0,-29.4945
7332235312.5,-29.49496
7332236250.0,-29.49922
7332237187.5,-29.50217
7332238125.0,-29.50056
7332239062.5,-29.49587
7332240000.0,-29.50046
7332240937.5,-29.49646
7332241875.0,-29.4959
7332242812.5,-29.49521
7332243750.0,-29.48381
7332244687.5,-29.48901
7332245625.0,-29.49134
7332246562.5,-29.48824
7332247500.0,-29.48501
7332248437.5,-29.49158
7332249375.0,-29.48495
7332250312.5,-29.4838
7332251250.0,-29.48119
7332252187.5,-29.48757
7332253125.0,-29.48588
7332254062.5,-29.48111
7332255000.0,-29.48206
7332255937.5,-29.48293
7332256875.0,-29.48348
7332257812.5,-29.474
7332258750.0,-29.47472
7332259687.5,-29.47563
7332260625.0,-29.47655
7332261562.5,-29.47488
7332262500.0,-29.47136
7332263437.5,-29.46893
7332264375.0,-29.46866
7332265312.5,-29.46871
7332266250.0,-29.46907
7332267187.5,-29.47219
7332268125.0,-29.46962
7332269062.5,-29.47125
7332270000.0,-29.4652
7332270937.5,-29.46702
7332271875.0,-29.46615
7332272812.5,-29.46547
7332273750.0,-29.46172
7332274687.5,-29.4624
7332275625.0,-29.46177
7332276562.5,-29.46324
7332277500.0,-29.46159
7332278437.5,-29.46015
7332279375.0,-29.45823
7332280312.5,-29.45333
7332281250.0,-29.45779
7332282187.5,-29.45168
7332283125.0,-29.45298
7332284062.5,-29.45122
7332285000.0,-29.45059
7332285937.5,-29.44845
7332286875.0,-29.45057
7332287812.5,-29.45349
7332288750.0,-29.44975
7332289687.5,-29.44532
7332290625.0,-29.45094
7332291562.5,-29.44288
7332292500.0,-29.44027
7332293437.5,-29.44158
7332294375.0,-29.43831
7332295312.5,-29.443
7332296250.0,-29.44088
7332297187.5,-29.44148
7332298125.0,-29.43761
7332299062.5,-29.43494
7332300000.0,-29.4382
7332300937.5,-29.43856
7332301875.0,-29.43763
7332302812.5,-29.43266
7332303750.0,-29.43773
7332304687.5,-29.42661
7332305625.0,-29.43222
7332306562.5,-29.43106
7332307500.0,-29.42897
7332308437.5,-29.42875
7332309375.0,-29.42747
7332310312.5,-29.42501
7332311250.0,-29.42959
7332312187.5,-29.42987
7332313125.0,-29.42251
7332314062.5,-29.42272
7332315000.0,-29.42325
7332315937.5,-29.41328
7332316875.0,-29.42023
7332317812.5,-29.41596
7332318750.0,-29.4169
7332319687.5,-29.41884
7332320625.0,-29.42138
7332321562.5,-29.41587
7332322500.0,-29.41854
7332323437.5,-29.4145
7332324375.0,-29.41286
7332325312.5,-29.41253
7332326250.0,-29.4088
7332327187.5,-29.41185
7332328125.0,-29.41253
7332329062.5,-29.41116
7332330000.0,-29.40623
7332330937.5,-29.41397
7332331875.0,-29.40645
7332332812.5,-29.40858
7332333750.0,-29.40537
7332334687.5,-29.40196
7332335625.0,-29.40165
7332336562.5,-29.39982
7332337500.0,-29.40431
7332338437.5,-29.39943
7332339375.0,-29.39787
7332340312.5,-29.39478
7332341250.0,-29.39338
7332342187.5,-29.39709
7332343125.0,-29.39122
7332344062.5,-29.39576
7332345000.0,-29.39618
7332345937.5,-29.39194
7332346875.0,-29.38729
7332347812.5,-29.38733
7332348750.0,-29.38628
7332349687.5,-29.3897
7332350625.0,-29.38654
7332351562.5,-29.38911
7332352500.0,-29.38384
7332353437.5,-29.38451
7332354375.0,-29.38829
7332355312.5,-29.3862
7332356250.0,-29.38635
7332357187.5,-29.37953
7332358125.0,-29.38095
7332359062.5,-29.37989
7332360000.0,-29.37856
7332360937.5,-29.37869
7332361875.0,-29.37314
7332362812.5,-29.3736
7332363750.0,-29.37477
7332364687.5,-29.37068
7332365625.0,-29.37076
7332366562.5,-29.37107
7332367500.0,-29.36993
7332368437.5,-29.36841
7332369375.0,-29.37483
7332370312.5,-29.37197
7332371250.0,-29.36709
7332372187.5,-29.37009
7332373125.0,-29.364
7332374062.5,-29.36198
7332375000.0,-29.36333
7332375937.5,-29.35878
7332376875.0,-29.35947
7332377812.5,-29.35634
7332378750.0,-29.36817
7332379687.5,-29.35694
7332380625.0,-29.35477
7332381562.5,-29.35358
7332382500.0,-29.35817
7332383437.5,-29.35806
7332384375.0,-29.35742
7332385312.5,-29.3526
7332386250.0,-29.35096
7332387187.5,-29.34895
7332388125.0,-29.34839
7332389062.5,-29.35007
7332390000.0,-29.34632
7332390937.5,-29.34882
7332391875.0,-29.34713
7332392812.5,-29.34673
7332393750.0,-29.34258
7332394687.5,-29.34793
7332395625.0,-29.34375
7332396562.5,-29.34138
7332397500.0,-29.34743
7332398437.5,-29.34328
7332399375.0,-29.34031
7332400312.5,-29.33931
7332401250.0,-29.33482
7332402187.5,-29.33574
7332403125.0,-29.33858
7332404062.5,-29.33452
7332405000.0,-29.33549
7332405937.5,-29.33558
7332406875.0,-29.33435
7332407812.5,-29.33141
7332408750.0,-29.32954
7332409687.5,-29.32465
7332410625.0,-29.32659
7332411562.5,-29.33031
7332412500.0,-29.33006
7332413437.5,-29.33384
7332414375.0,-29.32326
7332415312.5,-29.32832
7332416250.0,-29.32525
7332417187.5,-29.31999
7332418125.0,-29.32612
7332419062.5,-29.3156
7332420000.0,-29.32092
7332420937.5,-29.31679
7332421875.0,-29.3213
7332422812.5,-29.31875
7332423750.0,-29.31836
7332424687.5,-29.31574
7332425625.0,-29.31642
7332426562.5,-29.31776
7332427500.0,-29.31386
7332428437.5,-29.31665
7332429375.0,-29.30832
7332430312.5,-29.31122
7332431250.0,-29.31296
7332432187.5,-29.30731
7332433125.0,-29.30242
7332434062.5,-29.30326
7332435000.0,-29.30329
7332435937.5,-29.30193
7332436875.0,-29.30229
7332437812.5,-29.30723
7332438750.0,-29.29272
7332439687.5,-29.2994
7332440625.0,-29.29652
7332441562.5,-29.29435
7332442500.0,-29.29436
7332443437.5,-29.29554
7332444375.0,-29.2943
7332445312.5,-29.29709
7332446250.0,-29.28853
7332447187.5,-29.2928
7332448125.0,-29.29429
7332449062.5,-29.2915
7332450000.0,-29.283
7332450937.5,-29.29105
7332451875.0,-29.28906
7332452812.5,-29.28783
7332453750.0,-29.28792
7332454687.5,-29.28465
7332455625.0,-29.28332
7332456562.5,-29.28115
7332457500.0,-29.28703
7332458437.5,-29.28069
7332459375.0,-29.28132
7332460312.5,-29.27592
7332461250.0,-29.27543
7332462187.5,-29.27959
7332463125.0,-29.27352
7332464062.5,-29.27482
7332465000.0,-29.27121
7332465937.5,-29.27247
7332466875.0,-29.27363
7332467812.5,-29.26995
7332468750.0,-29.27392
7332469687.5,-29.26725
7332470625.0,-29.27171
7332471562.5,-29.26851
7332472500.0,-29.26405
7332473437.5,-29.26496
7332474375.0,-29.26443
7332475312.5,-29.26451
7332476250.0,-29.25922
7332477187.5,-29.26244
7332478125.0,-29.26507
7332479062.5,-29.26315
7332480000.0,-29.25632
7332480937.5,-29.25365
7332481875.0,-29.25822
7332482812.5,-29.25929
7332483750.0,-29.25834
7332484687.5,-29.25589
7332485625.0,-29.25196
7332486562.5,-29.24953
7332487500.0,-29.25132
7332488437.5,-29.2525
7332489375.0,-29.25032
7332490312.5,-29.2515
7332491250.0,-29.25005
7332492187.5,-29.24634
7332493125.0,-29.2476
7332494062.5,-29.24387
7332495000.0,-29.24514
7332495937.5,-29.245
7332496875.0,-29.23871
7332497812.5,-29.24092
7332498750.0,-29.23948
7332499687.5,-29.23751
7332500625.0,-29.23758
7332501562.5,-29.23422
7332502500.0,-29.23704
7332503437.5,-29.23742
7332504375.0,-29.23842
7332505312.5,-29.23305
7332506250.0,-29.23415
7332507187.5,-29.22956
7332508125.0,-29.23691
7332509062.5,-29.22953
7332510000.0,-29.22928
7332510937.5,-29.22499
7332511875.0,-29.22442
7332512812.5,-29.22547
7332513750.0,-29.22252
7332514687.5,-29.22389
7332515625.0,-29.22522
7332516562.5,-29.22242
7332517500.0,-29.21926
7332518437.5,-29.21828
7332519375.0,-29.2194
7332520312.5,-29.21853
7332521250.0,-29.21543
7332522187.5,-29.2146
7332523125.0,-29.21625
7332524062.5,-29.21627
7332525000.0,-29.21391
7332525937.5,-29.21346
7332526875.0,-29.21132
7332527812.5,-29.20914
7332528750.0,-29.21261
7332529687.5,-29.20745
7332530625.0,-29.20643
7332531562.5,-29.2022
7332532500.0,-29.20925
7332533437.5,-29.20755
7332534375.0,-29.20988
7332535312.5,-29.2017
7332536250.0,-29.20155
7332537187.5,-29.1957
7332538125.0,-29.20754
7332539062.5,-29.19757
7332540000.0,-29.20308
7332540937.5,-29.20264
7332541875.0,-29.19942
7332542812.5,-29.20123
7332543750.0,-29.19557
7332544687.5,-29.19399
7332545625.0,-29.19637
7332546562.5,-29.19467
7332547500.0,-29.18731
7332548437.5,-29.1939
7332549375.0,-29.19534
7332550312.5,-29.18646
7332551250.0,-29.18777
7332552187.5,-29.18585
7332553125.0,-29.18791
7332554062.5,-29.18497
7332555000.0,-29.18173
7332555937.5,-29.18345
7332556875.0,-29.17609
7332557812.5,-29.17685
7332558750.0,-29.17844
7332559687.5,-29.17973
7332560625.0,-29.1828
7332561562.5,-29.18024
7332562500.0,-29.18093
7332563437.5,-29.16965
7332564375.0,-29.17186
7332565312.5,-29.17348
7332566250.0,-29.16822
7332567187.5,-29.17488
7332568125.0,-29.17085
7332569062.5,-29.17248
7332570000.0,-29.16632
7332570937.5,-29.17006
7332571875.0,-29.1665
7332572812.5,-29.16441
7332573750.0,-29.16849
7332574687.5,-29.16901
7332575625.0,-29.16635
7332576562.5,-29.16443
7332577500.0,-29.16205
7332578437.5,-29.16324
7332579375.0,-29.15895
7332580312.5,-29.15896
7332581250.0,-29.15715
7332582187.5,-29.15597
7332583125.0,-29.15145
7332584062.5,-29.15762
7332585000.0,-29.15488
7332585937.5,-29.15531
7332586875.0,-29.1537
7332587812.5,-29.14947
7332588750.0,-29.15384
7332589687.5,-29.14359
7332590625.0,-29.15168
7332591562.5,-29.15043
7332592500.0,-29.14327
7332593437.5,-29.14716
7332594375.0,-29.14521
7332595312.5,-29.13914
7332596250.0,-29.14378
7332597187.5,-29.14328
7332598125.0,-29.14166
7332599062.5,-29.14187
7332600000.0,-29.14079
7332600937.5,-29.13712
7332601875.0,-29.14042
7332602812.5,-29.13649
7332603750.0,-29.13843
7332604687.5,-29.13475
7332605625.0,-29.13304
7332606562.5,-29.13259
7332607500.0,-29.12934
7332608437.5,-29.13171
7332609375.0,-29.1286
7332610312.5,-29.13045
7332611250.0,-29.12585
7332612187.5,-29.12941
7332613125.0,-29.1256
7332614062.5,-29.12749
7332615000.0,-29.12306
7332615937.5,-29.12145
7332616875.0,-29.11926
7332617812.5,-29.11957
7332618750.0,-29.11271
7332619687.5,-29.11709
7332620625.0,-29.11921
7332621562.5,-29.11538
7332622500.0,-29.11402
7332623437.5,-29.10965
7332624375.0,-29.11577
7332625312.5,-29.11454
7332626250.0,-29.11167
7332627187.5,-29.11006
7332628125.0,-29.11298
7332629062.5,-29.11138
7332630000.0,-29.10419
7332630937.5,-29.10634
7332631875.0,-29.1055
7332632812.5,-29.10381
7332633750.0,-29.1026
7332634687.5,-29.10211
7332635625.0,-29.09532
7332636562.5,-29.10539
7332637500.0,-29.09763
7332638437.5,-29.10264
7332639375.0,-29.09849
7332640312.5,-29.09843
7332641250.0,-29.09713
7332642187.5,-29.09509
7332643125.0,-29.09353
7332644062.5,-29.09489
7332645000.0,-29.09093
7332645937.5,-29.09212
7332646875.0,-29.08825
7332647812.5,-29.08862
7332648750.0,-29.08753
7332649687.5,-29.08742
7332650625.0,-29.08629
7332651562.5,-29.08464
7332652500.0,-29.08366
7332653437.5,-29.08237
7332654375.0,-29.08068
7332655312.5,-29.08185
7332656250.0,-29.08098
7332657187.5,-29.0811
7332658125.0,-29.07678
7332659062.5,-29.07959
7332660000.0,-29.0805
7332660937.5,-29.07833
7332661875.0,-29.07517
7332662812.5,-29.07672
7332663750.0,-29.07054
7332664687.5,-29.07347
7332665625.0,-29.07216
7332666562.5,-29.0733
7332667500.0,-29.07204
7332668437.5,-29.06987
7332669375.0,-29.07347
7332670312.5,-29.07075
7332671250.0,-29.06536
7332672187.5,-29.06734
7332673125.0,-29.07086
7332674062.5,-29.06449
7332675000.0,-29.06461
7332675937.5,-29.06183
7332676875.0,-29.06452
7332677812.5,-29.06008
7332678750.0,-29.06063
7332679687.5,-29.06363
7332680625.0,-29.05699
7332681562.5,-29.05876
7332682500.0,-29.05939
7332683437.5,-29.05788
7332684375.0,-29.05464
7332685312.5,-29.05545
7332686250.0,-29.0533
7332687187.5,-29.04719
7332688125.0,-29.04611
7332689062.5,-29.04516
7332690000.0,-29.04963
7332690937.5,-29.04478
7332691875.0,-29.04259
7332692812.5,-29.04256
7332693750.0,-29.04803
7332694687.5,-29.04542
7332695625.0,-29.04452
7332696562.5,-29.04196
7332697500.0,-29.04072
7332698437.5,-29.0384
7332699375.0,-29.03906
7332700312.5,-29.03574
7332701250.0,-29.03888
7332702187.5,-29.03117
7332703125.0,-29.03727
7332704062.5,-29.03268
7332705000.0,-29.03706
7332705937.5,-29.02934
7332706875.0,-29.03113
7332707812.5,-29.0279
7332708750.0,-29.02656
7332709687.5,-29.03
7332710625.0,-29.02657
7332711562.5,-29.02329
7332712500.0,-29.02682
7332713437.5,-29.02575
7332714375.0,-29.01843
7332715312.5,-29.01753
7332716250.0,-29.02376
7332717187.5,-29.01707
7332718125.0,-29.02057
7332719062.5,-29.01777
7332720000.0,-29.01489
7332720937.5,-29.01302
7332721875.0,-29.01318
7332722812.5,-29.01408
7332723750.0,-29.01725
7332724687.5,-29.00698
7332725625.0,-29.01257
7332726562.5,-29.01016
7332727500.0,-29.01161
7332728437.5,-29.00612
7332729375.0,-29.00753
7332730312.5,-29.00907
7332731250.0,-29.0041
7332732187.5,-29.00795
7332733125.0,-28.99927
7332734062.5,-29.00901
7332735000.0,-28.9995
7332735937.5,-28.99718
7332736875.0,-29.00051
7332737812.5,-29.00281
7332738750.0,-29.00208
7332739687.5,-28.99506
7332740625.0,-28.99495
7332741562.5,-28.99084
7332742500.0,-28.99648
7332743437.5,-28.9943
7332744375.0,-28.99285
7332745312.5,-28.99603
7332746250.0,-28.98733
7332747187.5,-28.99384
7332748125.0,-28.98829
7332749062.5,-28.98777
7332750000.0,-28.99169
7332750937.5,-28.98698
7332751875.0,-28.9844
7332752812.5,-28.98099
7332753750.0,-28.97691
7332754687.5,-28.98167
7332755625.0,-28.98159
7332756562.5,-28.9794
7332757500.0,-28.98561
7332758437.5,-28.97599
7332759375.0,-28.97645
7332760312.5,-28.97737
7332761250.0,-28.97385
7332762187.5,-28.97224
7332763125.0,-28.9738
7332764062.5,-28.97613
7332765000.0,-28.96872
7332765937.5,-28.96551
7332766875.0,-28.96879
7332767812.5,-28.97116
7332768750.0,-28.9693
7332769687.5,-28.96561
7332770625.0,-28.96192
7332771562.5,-28.96328
7332772500.0,-28.96003
7332773437.5,-28.96384
7332774375.0,-28.96178
7332775312.5,-28.96066
7332776250.0,-28.95978
7332777187.5,-28.9576
7332778125.0,-28.95556
7332779062.5,-28.95202
7332780000.0,-28.94888
7332780937.5,-28.9506
7332781875.0,-28.95405
7332782812.5,-28.95768
7332783750.0,-28.95147
7332784687.5,-28.95
7332785625.0,-28.95388
7332786562.5,-28.94909
7332787500.0,-28.94868
7332788437.5,-28.94692
7332789375.0,-28.94465
7332790312.5,-28.94735
7332791250.0,-28.94183
7332792187.5,-28.9459
7332793125.0,-28.94198
7332794062.5,-28.94029
7332795000.0,-28.94056
7332795937.5,-28.93859
7332796875.0,-28.93376
7332797812.5,-28.94051
7332798750.0,-28.93325
7332799687.5,-28.93027
7332800625.0,-28.93655
7332801562.5,-28.93323
7332802500.0,-28.93897
7332803437.5,-28.92923
7332804375.0,-28.92939
7332805312.5,-28.92945
7332806250.0,-28.92575
7332807187.5,-28.9247
7332808125.0,-28.9245
7332809062.5,-28.91438
7332810000.0,-28.92979
7332810937.5,-28.92577
7332811875.0,-28.92009
7332812812.5,-28.91803
7332813750.0,-28.92424
7332814687.5,-28.92051
7332815625.0,-28.91938
7332816562.5,-28.92123
7332817500.0,-28.92177
7332818437.5,-28.91193
7332819375.0,-28.91722
7332820312.5,-28.91452
7332821250.0,-28.92273
7332822187.5,-28.91099
7332823125.0,-28.91011
7332824062.5,-28.9101
7332825000.0,-28.9131
7332825937.5,-28.91039
7332826875.0,-28.91408
7332827812.5,-28.90613
7332828750.0,-28.90593
7332829687.5,-28.90926
7332830625.0,-28.90294
7332831562.5,-28.90399
7332832500.0,-28.90082
7332833437.5,-28.90392
7332834375.0,-28.89292
7332835312.5,-28.89605
7332836250.0,-28.89743
7332837187.5,-28.89746
7332838125.0,-28.8997
7332839062.5,-28.89725
7332840000.0,-28.89267
7332840937.5,-28.89634
7332841875.0,-28.89343
7332842812.5,-28.89054
7332843750.0,-28.88987
7332844687.5,-28.89105
7332845625.0,-28.88939
7332846562.5,-28.88896
7332847500.0,-28.88343
7332848437.5,-28.88697
7332849375.0,-28.88452
7332850312.5,-28.88239
7332851250.0,-28.88514
7332852187.5,-28.88115
7332853125.0,-28.88143
7332854062.5,-28.88317
7332855000.0,-28.88166
7332855937.5,-28.88323
7332856875.0,-28.87473
7332857812.5,-28.87728
7332858750.0,-28.87438
7332859687.5,-28.8747
7332860625.0,-28.87047
7332861562.5,-28.8698
7332862500.0,-28.87143
7332863437.5,-28.87599
7332864375.0,-28.86838
7332865312.5,-28.87134
7332866250.0,-28.86987
7332867187.5,-28.86679
7332868125.0,-28.86854
7332869062.5,-28.86382
7332870000.0,-28.86462
7332870937.5,-28.86049
7332871875.0,-28.85879
7332872812.5,-28.85763
7332873750.0,-28.86086
7332874687.5,-28.85825
7332875625.0,-28.85539
7332876562.5,-28.85392
7332877500.0,-28.85658
7332878437.5,-28.8554
7332879375.0,-28.85114
7332880312.5,-28.84773
7332881250.0,-28.85147
7332882187.5,-28.85126
7332883125.0,-28.84933
7332884062.5,-28.84549
7332885000.0,-28.84417
7332885937.5,-28.84844
7332886875.0,-28.84815
7332887812.5,-28.84766
7332888750.0,-28.84749
7332889687.5,-28.83975
7332890625.0,-28.83989
7332891562.5,-28.83775
7332892500.0,-28.83832
7332893437.5,-28.84339
7332894375.0,-28.83542
7332895312.5,-28.83899
7332896250.0,-28.83648
7332897187.5,-28.83424
7332898125.0,-28.83124
7332899062.5,-28.83175
7332900000.0,-28.83615
7332900937.5,-28.82932
7332901875.0,-28.8258
7332902812.5,-28.82835
7332903750.0,-28.82706
7332904687.5,-28.82833
7332905625.0,-28.82686
7332906562.5,-28.82677
7332907500.0,-28.82331
7332908437.5,-28.81547
7332909375.0,-28.81713
7332910312.5,-28.81952
7332911250.0,-28.82113
7332912187.5,-28.81766
7332913125.0,-28.81312
7332914062.5,-28.82218
7332915000.0,-28.81017
7332915937.5,-28.8152
7332916875.0,-28.81739
7332917812.5,-28.81373
7332918750.0,-28.8139
7332919687.5,-28.80774
7332920625.0,-28.80708
7332921562.5,-28.80534
7332922500.0,-28.81072
7332923437.5,-28.80751
7332924375.0,-28.80053
7332925312.5,-28.80651
7332926250.0,-28.80322
7332927187.5,-28.79782
7332928125.0,-28.79878
7332929062.5,-28.80782
7332930000.0,-28.80067
7332930937.5,-28.79887
7332931875.0,-28.79997
7332932812.5,-28.79955
7332933750.0,-28.79462
7332934687.5,-28.80168
7332935625.0,-28.79634
7332936562.5,-28.79491
7332937500.0,-28.79312
7332938437.5,-28.79158
7332939375.0,-28.787
7332940312.5,-28.79099
7332941250.0,-28.79188
7332942187.5,-28.7877
7332943125.0,-28.78695
7332944062.5,-28.78468
7332945000.0,-28.78646
7332945937.5,-28.78055
7332946875.0,-28.78479
7332947812.5,-28.7835
7332948750.0,-28.7842
7332949687.5,-28.77075
7332950625.0,-28.77824
7332951562.5,-28.78342
7332952500.0,-28.77684
7332953437.5,-28.7751
7332954375.0,-28.77854
7332955312.5,-28.77376
7332956250.0,-28.77781
7332957187.5,-28.77333
7332958125.0,-28.769
7332959062.5,-28.76404
7332960000.0,-28.76907
7332960937.5,-28.76679
7332961875.0,-28.76631
7332962812.5,-28.76334
7332963750.0,-28.76678
7332964687.5,-28.7579
7332965625.0,-28.76687
7332966562.5,-28.75895
7332967500.0,-28.76619
7332968437.5,-28.76321
7332969375.0,-28.75831
7332970312.5,-28.75786
7332971250.0,-28.7602
7332972187.5,-28.75352
7332973125.0,-28.75347
7332974062.5,-28.75955
7332975000.0,-28.75464
7332975937.5,-28.75117
7332976875.0,-28.74832
7332977812.5,-28.75176
7332978750.0,-28.75448
7332979687.5,-28.74702
7332980625.0,-28.74251
7332981562.5,-28.74548
7332982500.0,-28.74354
7332983437.5,-28.74548
7332984375.0,-28.74327
7332985312.5,-28.74397
7332986250.0,-28.74265
7332987187.5,-28.74094
7332988125.0,-28.73536
7332989062.5,-28.73949
7332990000.0,-28.74202
7332990937.5,-28.73674
7332991875.0,-28.73817
7332992812.5,-28.73071
7332993750.0,-28.72549
7332994687.5,-28.73434
7332995625.0,-28.73257
7332996562.5,-28.73752
7332997500.0,-28.7266
7332998437.5,-28.72775
7332999375.0,-28.72506
7333000312.5,-28.72917
7333001250.0,-28.72024
7333002187.5,-28.72727
7333003125.0,-28.72287
7333004062.5,-28.72537
7333005000.0,-28.72687
7333005937.5,-28.72359
7333006875.0,-28.71801
7333007812.5,-28.71773
7333008750.0,-28.71777
7333009687.5,-28.71929
7333010625.0,-28.71428
7333011562.5,-28.70946
7333012500.0,-28.71217
7333013437.5,-28.71448
7333014375.0,-28.71211
7333015312.5,-28.71175
7333016250.0,-28.70914
7333017187.5,-28.71134
7333018125.0,-28.70896
7333019062.5,-28.70452
7333020000.0,-28.70522
7333020937.5,-28.70453
7333021875.0,-28.70453
7333022812.5,-28.70132
7333023750.0,-28.70452
7333024687.5,-28.69934
7333025625.0,-28.70142
7333026562.5,-28.69679
7333027500.0,-28.70061
7333028437.5,-28.69699
7333029375.0,-28.6924
7333030312.5,-28.69445
7333031250.0,-28.69043
7333032187.5,-28.69197
7333033125.0,-28.69608
7333034062.5,-28.69371
7333035000.0,-28.68517
7333035937.5,-28.6916
7333036875.0,-28.68978
7333037812.5,-28.68079
7333038750.0,-28.69026
7333039687.5,-28.68895
7333040625.0,-28.68042
7333041562.5,-28.6805
7333042500.0,-28.67534
7333043437.5,-28.68456
7333044375.0,-28.67918
7333045312.5,-28.67767
7333046250.0,-28.68048
7333047187.5,-28.67575
7333048125.0,-28.6755
7333049062.5,-28.67601
7333050000.0,-28.67644
7333050937.5,-28.67217
7333051875.0,-28.66998
7333052812.5,-28.67027
7333053750.0,-28.66924
7333054687.5,-28.67321
7333055625.0,-28.67193
7333056562.5,-28.66614
7333057500.0,-28.66782
7333058437.5,-28.67004
7333059375.0,-28.659
7333060312.5,-28.66269
7333061250.0,-28.66187
7333062187.5,-28.6615
7333063125.0,-28.66083
7333064062.5,-28.66078
7333065000.0,-28.66179
7333065937.5,-28.65708
7333066875.0,-28.6577
7333067812.5,-28.65495
7333068750.0,-28.65552
7333069687.5,-28.65655
7333070625.0,-28.65088
7333071562.5,-28.65281
7333072500.0,-28.64852
7333073437.5,-28.64997
7333074375.0,-28.65121
7333075312.5,-28.64605
7333076250.0,-28.64642
7333077187.5,-28.64816
7333078125.0,-28.64409
7333079062.5,-28.64084
7333080000.0,-28.63913
7333080937.5,-28.64184
7333081875.0,-28.63877
7333082812.5,-28.63752
7333083750.0,-28.63614
7333084687.5,-28.63825
7333085625.0,-28.6322
7333086562.5,-28.63574
7333087500.0,-28.63584
7333088437.5,-28.63274
7333089375.0,-28.6314
7333090312.5,-28.63236
7333091250.0,-28.6292
7333092187.5,-28.62694
7333093125.0,-28.63366
7333094062.5,-28.62722
7333095000.0,-28.62532
7333095937.5,-28.62657
7333096875.0,-28.62221
7333097812.5,-28.62142
7333098750.0,-28.62433
7333099687.5,-28.61318
7333100625.0,-28.62437
7333101562.5,-28.62021
7333102500.0,-28.6207
7333103437.5,-28.61633
7333104375.0,-28.61425
7333105312.5,-28.61717
7333106250.0,-28.61537
7333107187.5,-28.61345
7333108125.0,-28.61115
7333109062.5,-28.60903
7333110000.0,-28.60796
7333110937.5,-28.6071
7333111875.0,-28.60605
7333112812.5,-28.60365
7333113750.0,-28.60638
7333114687.5,-28.6024
7333115625.0,-28.60531
7333116562.5,-28.6036
7333117500.0,-28.60624
7333118437.5,-28.60184
7333119375.0,-28.60253
7333120312.5,-28.59693
7333121250.0,-28.59824
7333122187.5,-28.59858
7333123125.0,-28.59604
7333124062.5,-28.59221
7333125000.0,-28.59535
7333125937.5,-28.58937
7333126875.0,-28.59549
7333127812.5,-28.59009
7333128750.0,-28.59103
7333129687.5,-28.58817
7333130625.0,-28.58735
7333131562.5,-28.58615
7333132500.0,-28.58487
7333133437.5,-28.58357
7333134375.0,-28.58571
7333135312.5,-28.58513
7333136250.0,-28.58569
7333137187.5,-28.58118
7333138125.0,-28.58268
7333139062.5,-28.58204
7333140000.0,-28.57841
7333140937.5,-28.57877
7333141875.0,-28.57384
7333142812.5,-28.57246
7333143750.0,-28.57651
7333144687.5,-28.5775
7333145625.0,-28.57935
7333146562.5,-28.56713
7333147500.0,-28.57028
7333148437.5,-28.5713
7333149375.0,-28.56603
7333150312.5,-28.56793
7333151250.0,-28.56419
7333152187.5,-28.56537
7333153125.0,-28.56463
7333154062.5,-28.56314
7333155000.0,-28.5612
7333155937.5,-28.56288
7333156875.0,-28.56423
7333157812.5,-28.55829
7333158750.0,-28.55482
7333159687.5,-28.5609
7333160625.0,-28.55865
7333161562.5,-28.55241
7333162500.0,-28.55483
7333163437.5,-28.55377
7333164375.0,-28.55338
7333165312.5,-28.55037
7333166250.0,-28.55023
7333167187.5,-28.55254
7333168125.0,-28.55148
7333169062.5,-28.54864
7333170000.0,-28.54938
7333170937.5,-28.54032
7333171875.0,-28.54745
7333172812.5,-28.54678
7333173750.0,-28.54262
7333174687.5,-28.54113
7333175625.0,-28.54243
7333176562.5,-28.53839
7333177500.0,-28.53845
7333178437.5,-28.536
7333179375.0,-28.54373
7333180312.5,-28.53264
7333181250.0,-28.53749
7333182187.5,-28.53577
7333183125.0,-28.5354
7333184062.5,-28.53066
7333185000.0,-28.53459
7333185937.5,-28.52559
7333186875.0,-28.52768
7333187812.5,-28.52613
7333188750.0,-28.52566
7333189687.5,-28.52431
7333190625.0,-28.52886
7333191562.5,-28.51853
7333192500.0,-28.51886
7333193437.5,-28.52211
7333194375.0,-28.52377
7333195312.5,-28.52455
7333196250.0,-28.5181
7333197187.5,-28.51698
7333198125.0,-28.51722
7333199062.5,-28.51049
7333200000.0,-28.51341
7333200937.5,-28.51659
7333201875.0,-28.50739
7333202812.5,-28.5164
7333203750.0,-28.51397
7333204687.5,-28.51017
7333205625.0,-28.50691
7333206562.5,-28.5093
7333207500.0,-28.50905
7333208437.5,-28.51156
7333209375.0,-28.50985
7333210312.5,-28.50333
7333211250.0,-28.5025
7333212187.5,-28.49777
7333213125.0,-28.49796
7333214062.5,-28.49671
7333215000.0,-28.49749
7333215937.5,-28.49416
7333216875.0,-28.49528
7333217812.5,-28.49231
7333218750.0,-28.4925
7333219687.5,-28.49219
7333220625.0,-28.49236
7333221562.5,-28.48862
7333222500.0,-28.49139
7333223437.5,-28.48672
7333224375.0,-28.4935
7333225312.5,-28.48813
7333226250.0,-28.48862
7333227187.5,-28.48429
7333228125.0,-28.4841
7333229062.5,-28.48069
7333230000.0,-28.47727
7333230937.5,-28.48156
7333231875.0,-28.47508
7333232812.5,-28.48108
7333233750.0,-28.47721
7333234687.5,-28.47385
7333235625.0,-28.4739
7333236562.5,-28.47782
7333237500.0,-28.47512
7333238437.5,-28.47219
7333239375.0,-28.47077
7333240312.5,-28.46844
7333241250.0,-28.46679
7333242187.5,-28.47106
7333243125.0,-28.46828
7333244062.5,-28.4687
7333245000.0,-28.46429
7333245937.5,-28.46042
7333246875.0,-28.46701
7333247812.5,-28.4657
7333248750.0,-28.46173
7333249687.5,-28.45936
7333250625.0,-28.45963
7333251562.5,-28.45848
7333252500.0,-28.4542
7333253437.5,-28.45812
7333254375.0,-28.45497
7333255312.5,-28.45861
7333256250.0,-28.45575
7333257187.5,-28.45216
7333258125.0,-28.4533
7333259062.5,-28.45257
7333260000.0,-28.44675
7333260937.5,-28.45481
7333261875.0,-28.44711
7333262812.5,-28.44941
7333263750.0,-28.44393
7333264687.5,-28.44311
7333265625.0,-28.44274
7333266562.5,-28.44801
7333267500.0,-28.44243
7333268437.5,-28.44796
7333269375.0,-28.43685
7333270312.5,-28.44159
7333271250.0,-28.43774
7333272187.5,-28.43464
7333273125.0,-28.43691
7333274062.5,-28.43043
7333275000.0,-28.43315
7333275937.5,-28.42885
7333276875.0,-28.43731
7333277812.5,-28.43176
7333278750.0,-28.4271
7333279687.5,-28.43234
7333280625.0,-28.42494
7333281562.5,-28.42983
7333282500.0,-28.42739
7333283437.5,-28.4166
7333284375.0,-28.4227
7333285312.5,-28.42113
7333286250.0,-28.42218
7333287187.5,-28.4212
7333288125.0,-28.4239
7333289062.5,-28.41585
7333290000.0,-28.41466
7333290937.5,-28.41716
7333291875.0,-28.41323
7333292812.5,-28.41489
7333293750.0,-28.41457
7333294687.5,-28.41243
7333295625.0,-28.40484
7333296562.5,-28.41036
7333297500.0,-28.41273
7333298437.5,-28.40687
7333299375.0,-28.39923
7333300312.5,-28.40895
7333301250.0,-28.3991
7333302187.5,-28.40116
7333303125.0,-28.40376
7333304062.5,-28.40182
7333305000.0,-28.40115
7333305937.5,-28.39965
7333306875.0,-28.39808
7333307812.5,-28.39967
7333308750.0,-28.39873
7333309687.5,-28.40051
7333310625.0,-28.39616
7333311562.5,-28.39386
7333312500.0,-28.39381
7333313437.5,-28.3911
7333314375.0,-28.39172
7333315312.5,-28.39272
7333316250.0,-28.39052
7333317187.5,-28.38862
7333318125.0,-28.38905
7333319062.5,-28.38535
7333320000.0,-28.38585
7333320937.5,-28.3806
7333321875.0,-28.3855
7333322812.5,-28.37676
7333323750.0,-28.37774
7333324687.5,-28.37768
7333325625.0,-28.38237
7333326562.5,-28.37305
7333327500.0,-28.37794
7333328437.5,-28.38084
7333329375.0,-28.37443
7333330312.5,-28.36769
7333331250.0,-28.3724
7333332187.5,-28.37525
7333333125.0,-28.37497
7333334062.5,-28.36931
7333335000.0,-28.37066
7333335937.5,-28.36655
7333336875.0,-28.36763
7333337812.5,-28.36495
7333338750.0,-28.36558
7333339687.5,-28.36679
7333340625.0,-28.35573
7333341562.5,-28.36266
7333342500.0,-28.3596
7333343437.5,-28.35877
7333344375.0,-28.35825
7333345312.5,-28.35517
7333346250.0,-28.35133
7333347187.5,-28.35609
7333348125.0,-28.35245
7333349062.5,-28.35401
7333350000.0,-28.34986
7333350937.5,-28.35463
7333351875.0,-28.35036
7333352812.5,-28.35324
7333353750.0,-28.34739
7333354687.5,-28.34825
7333355625.0,-28.3441
7333356562.5,-28.34743
7333357500.0,-28.34565
7333358437.5,-28.33984
7333359375.0,-28.34076
7333360312.5,-28.33575
7333361250.0,-28.33815
7333362187.5,-28.33552
7333363125.0,-28.3372
7333364062.5,-28.33665
7333365000.0,-28.33825
7333365937.5,-28.3357
7333366875.0,-28.33932
7333367812.5,-28.33734
7333368750.0,-28.33107
7333369687.5,-28.33249
7333370625.0,-28.33069
7333371562.5,-28.33256
7333372500.0,-28.32351
7333373437.5,-28.32356
7333374375.0,-28.32499
7333375312.5,-28.3303
7333376250.0,-28.3215
7333377187.5,-28.32291
7333378125.0,-28.31847
7333379062.5,-28.32188
7333380000.0,-28.32541
7333380937.5,-28.32
7333381875.0,-28.30897
7333382812.5,-28.31675
7333383750.0,-28.31466
7333384687.5,-28.31748
7333385625.0,-28.3155
7333386562.5,-28.3094
7333387500.0,-28.30839
7333388437.5,-28.30643
7333389375.0,-28.30935
7333390312.5,-28.30634
7333391250.0,-28.30511
7333392187.5,-28.30775
7333393125.0,-28.30571
7333394062.5,-28.30141
7333395000.0,-28.30722
7333395937.5,-28.29908
7333396875.0,-28.3001
7333397812.5,-28.29905
7333398750.0,-28.29824
7333399687.5,-28.29411
7333400625.0,-28.29162
7333401562.5,-28.29739
7333402500.0,-28.29381
7333403437.5,-28.29677
7333404375.0,-28.29374
7333405312.5,-28.29351
7333406250.0,-28.29037
7333407187.5,-28.28885
7333408125.0,-28.29086
7333409062.5,-28.29004
7333410000.0,-28.28518
7333410937.5,-28.27954
7333411875.0,-28.28082
7333412812.5,-28.27845
7333413750.0,-28.28664
7333414687.5,-28.28229
7333415625.0,-28.27987
7333416562.5,-28.27604
7333417500.0,-28.27993
7333418437.5,-28.27474
7333419375.0,-28.27251
7333420312.5,-28.27587
7333421250.0,-28.27862
7333422187.5,-28.27155
7333423125.0,-28.2709
7333424062.5,-28.27405
7333425000.0,-28.27077
7333425937.5,-28.26781
7333426875.0,-28.2678
7333427812.5,-28.26478
7333428750.0,-28.26373
7333429687.5,-28.2642
7333430625.0,-28.26142
7333431562.5,-28.26651
7333432500.0,-28.26311
7333433437.5,-28.25973
7333434375.0,-28.25662
7333435312.5,-28.25383
7333436250.0,-28.2568
7333437187.5,-28.25671
7333438125.0,-28.2544
7333439062.5,-28.25487
7333440000.0,-28.24515
7333440937.5,-28.24796
7333441875.0,-28.25278
7333442812.5,-28.24655
7333443750.0,-28.25107
7333444687.5,-28.25377
7333445625.0,-28.24439
7333446562.5,-28.2419
7333447500.0,-28.24483
7333448437.5,-28.24224
7333449375.0,-28.24306
7333450312.5,-28.23926
7333451250.0,-28.23881
7333452187.5,-28.23538
7333453125.0,-28.24043
7333454062.5,-28.24014
7333455000.0,-28.23855
7333455937.5,-28.23324
7333456875.0,-28.23042
7333457812.5,-28.23419
7333458750.0,-28.23518
7333459687.5,-28.23063
7333460625.0,-28.23235
7333461562.5,-28.22837
7333462500.0,-28.23
7333463437.5,-28.22441
7333464375.0,-28.22242
7333465312.5,-28.22713
7333466250.0,-28.22295
7333467187.5,-28.21597
7333468125.0,-28.21769
7333469062.5,-28.22114
7333470000.0,-28.22199
7333470937.5,-28.21671
7333471875.0,-28.22013
7333472812.5,-28.21149
7333473750.0,-28.2133
7333474687.5,-28.20836
7333475625.0,-28.21739
7333476562.5,-28.21412
7333477500.0,-28.20885
7333478437.5,-28.21192
7333479375.0,-28.20876
7333480312.5,-28.21132
7333481250.0,-28.20807
7333482187.5,-28.20505
7333483125.0,-28.20398
7333484062.5,-28.20312
7333485000.0,-28.20302
7333485937.5,-28.20507
7333486875.0,-28.20218
7333487812.5,-28.20129
7333488750.0,-28.20119
7333489687.5,-28.19702
7333490625.0,-28.19737
7333491562.5,-28.20032
7333492500.0,-28.19266
7333493437.5,-28.19281
7333494375.0,-28.19191
7333495312.5,-28.19383
7333496250.0,-28.19641
7333497187.5,-28.18792
7333498125.0,-28.18761
7333499062.5,-28.18678
7333500000.0,-28.18795
7333500937.5,-28.18388
7333501875.0,-28.1868
7333502812.5,-28.1875
7333503750.0,-28.18572
7333504687.5,-28.18075
7333505625.0,-28.18191
7333506562.5,-28.17739
7333507500.0,-28.17945
7333508437.5,-28.17976
7333509375.0,-28.17546
7333510312.5,-28.17412
7333511250.0,-28.17258
7333512187.5,-28.17446
7333513125.0,-28.17185
7333514062.5,-28.16837
7333515000.0,-28.17468
7333515937.5,-28.17171
7333516875.0,-28.16783
7333517812.5,-28.16401
7333518750.0,-28.17233
7333519687.5,-28.16534
7333520625.0,-28.16522
7333521562.5,-28.1637
7333522500.0,-28.16189
7333523437.5,-28.16097
7333524375.0,-28.15916
7333525312.5,-28.15613
7333526250.0,-28.14887
7333527187.5,-28.14872
7333528125.0,-28.15643
7333529062.5,-28.15124
7333530000.0,-28.15223
7333530937.5,-28.15148
7333531875.0,-28.15079
7333532812.5,-28.14998
7333533750.0,-28.14762
7333534687.5,-28.14723
7333535625.0,-28.14901
7333536562.5,-28.14372
7333537500.0,-28.1426
7333538437.5,-28.1427
7333539375.0,-28.14164
7333540312.5,-28.14003
7333541250.0,-28.13983
7333542187.5,-28.14001
7333543125.0,-28.13478
7333544062.5,-28.13248
7333545000.0,-28.12873
7333545937.5,-28.13247
7333546875.0,-28.13837
7333547812.5,-28.13082
7333548750.0,-28.13289
7333549687.5,-28.13075
7333550625.0,-28.13384
7333551562.5,-28.12628
7333552500.0,-28.12361
7333553437.5,-28.12303
7333554375.0,-28.12312
7333555312.5,-28.12386
7333556250.0,-28.12447
7333557187.5,-28.12075
7333558125.0,-28.11864
7333559062.5,-28.12085
7333560000.0,-28.12115
7333560937.5,-28.11881
7333561875.0,-28.11318
7333562812.5,-28.11463
7333563750.0,-28.11337
7333564687.5,-28.1199
7333565625.0,-28.11522
7333566562.5,-28.11163
7333567500.0,-28.10982
7333568437.5,-28.10641
7333569375.0,-28.10832
7333570312.5,-28.11032
7333571250.0,-28.10677
7333572187.5,-28.11029
7333573125.0,-28.10225
7333574062.5,-28.10013
7333575000.0,-28.10266
7333575937.5,-28.09832
7333576875.0,-28.10387
7333577812.5,-28.10165
7333578750.0,-28.09848
7333579687.5,-28.09779
7333580625.0,-28.09798
7333581562.5,-28.09463
7333582500.0,-28.0906
7333583437.5,-28.097
7333584375.0,-28.09025
7333585312.5,-28.08952
7333586250.0,-28.08994
7333587187.5,-28.09246
7333588125.0,-28.09011
7333589062.5,-28.08895
7333590000.0,-28.08216
7333590937.5,-28.08315
7333591875.0,-28.08621
7333592812.5,-28.08031
7333593750.0,-28.0814
7333594687.5,-28.08467
7333595625.0,-28.07909
7333596562.5,-28.07904
7333597500.0,-28.0773
7333598437.5,-28.07755
7333599375.0,-28.07781
7333600312.5,-28.07254
7333601250.0,-28.07008
7333602187.5,-28.07201
7333603125.0,-28.06963
7333604062.5,-28.07024
7333605000.0,-28.06747
7333605937.5,-28.07049
7333606875.0,-28.06684
7333607812.5,-28.06718
7333608750.0,-28.06699
7333609687.5,-28.06338
7333610625.0,-28.06259
7333611562.5,-28.06246
7333612500.0,-28.06088
7333613437.5,-28.06285
7333614375.0,-28.05499
7333615312.5,-28.05712
7333616250.0,-28.05999
7333617187.5,-28.05622
7333618125.0,-28.05658
7333619062.5,-28.05368
7333620000.0,-28.05291
7333620937.5,-28.05402
7333621875.0,-28.05159
7333622812.5,-28.05408
7333623750.0,-28.05053
7333624687.5,-28.04856
7333625625.0,-28.0456
7333626562.5,-28.04597
7333627500.0,-28.04486
7333628437.5,-28.04153
7333629375.0,-28.04134
7333630312.5,-28.03716
7333631250.0,-28.04385
7333632187.5,-28.0398
7333633125.0,-28.03787
7333634062.5,-28.03679
7333635000.0,-28.03082
7333635937.5,-28.03253
7333636875.0,-28.03091
7333637812.5,-28.02916
7333638750.0,-28.02909
7333639687.5,-28.03055
7333640625.0,-28.02837
7333641562.5,-28.02933
7333642500.0,-28.03106
7333643437.5,-28.02724
7333644375.0,-28.02298
7333645312.5,-28.02411
7333646250.0,-28.02527
7333647187.5,-28.02107
7333648125.0,-28.01661
7333649062.5,-28.01549
7333650000.0,-28.01748
7333650937.5,-28.01452
7333651875.0,-28.01827
7333652812.5,-28.01445
7333653750.0,-28.0154
7333654687.5,-28.01416
7333655625.0,-28.01176
7333656562.5,-28.01272
7333657500.0,-28.01141
7333658437.5,-28.00811
7333659375.0,-28.00413
7333660312.5,-28.00505
7333661250.0,-28.00902
7333662187.5,-28.00305
7333663125.0,-28.00734
7333664062.5,-28.0039
7333665000.0,-27.99822
7333665937.5,-28.0014
7333666875.0,-27.99854
7333667812.5,-28.00066
7333668750.0,-27.99759
7333669687.5,-27.99997
7333670625.0,-27.99434
7333671562.5,-27.99782
7333672500.0,-27.99065
7333673437.5,-27.99122
7333674375.0,-27.99326
7333675312.5,-27.9887
7333676250.0,-27.98663
7333677187.5,-27.98603
7333678125.0,-27.98507
7333679062.5,-27.98398
7333680000.0,-27.98835
7333680937.5,-27.98663
7333681875.0,-27.98029
7333682812.5,-27.9801
7333683750.0,-27.97876
7333684687.5,-27.98074
7333685625.0,-27.97779
7333686562.5,-27.97677
7333687500.0,-27.97623
7333688437.5,-27.97266
7333689375.0,-27.97643
7333690312.5,-27.97293
7333691250.0,-27.97408
7333692187.5,-27.9687
7333693125.0,-27.97199
7333694062.5,-27.97054
7333695000.0,-27.96971
7333695937.5,-27.96729
7333696875.0,-27.96616
7333697812.5,-27.9608
7333698750.0,-27.96662
7333699687.5,-27.96623
7333700625.0,-27.95945
7333701562.5,-27.95926
7333702500.0,-27.95727
7333703437.5,-27.95141
7333704375.0,-27.9577
7333705312.5,-27.95562
7333706250.0,-27.95613
7333707187.5,-27.95453
7333708125.0,-27.95034
7333709062.5,-27.95239
7333710000.0,-27.95519
7333710937.5,-27.94899
7333711875.0,-27.94493
7333712812.5,-27.94119
7333713750.0,-27.95079
7333714687.5,-27.95056
7333715625.0,-27.9452
7333716562.5,-27.94507
7333717500.0,-27.94662
7333718437.5,-27.94315
7333719375.0,-27.9401
7333720312.5,-27.9409
7333721250.0,-27.93307
7333722187.5,-27.93597
7333723125.0,-27.93991
7333724062.5,-27.93469
7333725000.0,-27.93328
7333725937.5,-27.93252
7333726875.0,-27.93525
7333727812.5,-27.9308
7333728750.0,-27.93133
7333729687.5,-27.92722
7333730625.0,-27.92827
7333731562.5,-27.92628
7333732500.0,-27.92822
7333733437.5,-27.92178
7333734375.0,-27.92107
7333735312.5,-27.92182
7333736250.0,-27.92259
7333737187.5,-27.92044
7333738125.0,-27.91871
7333739062.5,-27.91889
7333740000.0,-27.91873
7333740937.5,-27.91555
7333741875.0,-27.91125
7333742812.5,-27.9138
7333743750.0,-27.91384
7333744687.5,-27.91287
7333745625.0,-27.91311
7333746562.5,-27.90485
7333747500.0,-27.90576
7333748437.5,-27.90675
7333749375.0,-27.90489
7333750312.5,-27.90341
7333751250.0,-27.90186
7333752187.5,-27.90923
7333753125.0,-27.89964
7333754062.5,-27.89997
7333755000.0,-27.90188
7333755937.5,-27.8977
7333756875.0,-27.89676
7333757812.5,-27.89781
7333758750.0,-27.89686
7333759687.5,-27.89801
7333760625.0,-27.89385
7333761562.5,-27.89192
7333762500.0,-27.88877
7333763437.5,-27.89059
7333764375.0,-27.8893
7333765312.5,-27.88117
7333766250.0,-27.8874
7333767187.5,-27.8827
7333768125.0,-27.88273
7333769062.5,-27.8838
7333770000.0,-27.8796
7333770937.5,-27.88145
7333771875.0,-27.87815
7333772812.5,-27.8792
7333773750.0,-27.88356
7333774687.5,-27.88253
7333775625.0,-27.87354
7333776562.5,-27.87307
7333777500.0,-27.87366
7333778437.5,-27.87484
7333779375.0,-27.87379
7333780312.5,-27.87105
7333781250.0,-27.87122
7333782187.5,-27.86636
7333783125.0,-27.86679
7333784062.5,-27.86456
7333785000.0,-27.86098
7333785937.5,-27.86422
7333786875.0,-27.86271
7333787812.5,-27.85663
7333788750.0,-27.8626
7333789687.5,-27.85607
7333790625.0,-27.86036
7333791562.5,-27.86175
7333792500.0,-27.85982
7333793437.5,-27.8579
7333794375.0,-27.85026
7333795312.5,-27.8528
7333796250.0,-27.85508
7333797187.5,-27.84807
7333798125.0,-27.84811
7333799062.5,-27.84481
7333800000.0,-27.84868
7333800937.5,-27.84235
7333801875.0,-27.84495
7333802812.5,-27.84802
7333803750.0,-27.84242
7333804687.5,-27.84685
7333805625.0,-27.84482
7333806562.5,-27.83764
7333807500.0,-27.83987
7333808437.5,-27.83906
7333809375.0,-27.83909
7333810312.5,-27.83701
7333811250.0,-27.83238
7333812187.5,-27.83615
7333813125.0,-27.83214
7333814062.5,-27.82919
7333815000.0,-27.83327
7333815937.5,-27.82742
7333816875.0,-27.82705
7333817812.5,-27.82737
7333818750.0,-27.82458
7333819687.5,-27.82362
7333820625.0,-27.82243
7333821562.5,-27.82093
7333822500.0,-27.82236
7333823437.5,-27.82405
7333824375.0,-27.82306
7333825312.5,-27.81782
7333826250.0,-27.8168
7333827187.5,-27.81684
7333828125.0,-27.81301
7333829062.5,-27.815
7333830000.0,-27.81174
7333830937.5,-27.81022
7333831875.0,-27.81165
7333832812.5,-27.80691
7333833750.0,-27.81328
7333834687.5,-27.80272
7333835625.0,-27.80337
7333836562.5,-27.80629
7333837500.0,-27.79969
7333838437.5,-27.80078
7333839375.0,-27.80244
7333840312.5,-27.80168
7333841250.0,-27.79824
7333842187.5,-27.79993
7333843125.0,-27.79946
7333844062.5,-27.80187
7333845000.0,-27.79701
7333845937.5,-27.79365
7333846875.0,-27.78983
7333847812.5,-27.79076
7333848750.0,-27.79392
7333849687.5,-27.7916
7333850625.0,-27.78572
7333851562.5,-27.78457
7333852500.0,-27.78464
7333853437.5,-27.78479
7333854375.0,-27.78098
7333855312.5,-27.78701
7333856250.0,-27.7854
7333857187.5,-27.7823
7333858125.0,-27.77573
7333859062.5,-27.78086
7333860000.0,-27.77528
7333860937.5,-27.77691
7333861875.0,-27.77876
7333862812.5,-27.77333
7333863750.0,-27.77538
7333864687.5,-27.77532
7333865625.0,-27.77233
7333866562.5,-27.77196
7333867500.0,-27.77154
7333868437.5,-27.7696
7333869375.0,-27.76972
7333870312.5,-27.7625
7333871250.0,-27.76598
7333872187.5,-27.76508
7333873125.0,-27.76471
7333874062.5,-27.76029
7333875000.0,-27.76605
7333875937.5,-27.7569
7333876875.0,-27.76021
7333877812.5,-27.75815
7333878750.0,-27.75767
7333879687.5,-27.75191
7333880625.0,-27.74848
7333881562.5,-27.75288
7333882500.0,-27.74588
7333883437.5,-27.7527
7333884375.0,-27.75057
7333885312.5,-27.74722
7333886250.0,-27.75323
7333887187.5,-27.74781
7333888125.0,-27.74644
7333889062.5,-27.74361
7333890000.0,-27.7406
7333890937.5,-27.7456
7333891875.0,-27.7431
7333892812.5,-27.73888
7333893750.0,-27.74187
7333894687.5,-27.73485
7333895625.0,-27.73538
7333896562.5,-27.73692
7333897500.0,-27.73402
7333898437.5,-27.73182
7333899375.0,-27.73313
7333900312.5,-27.73176
7333901250.0,-27.73547
7333902187.5,-27.72785
7333903125.0,-27.7299
7333904062.5,-27.72605
7333905000.0,-27.72371
7333905937.5,-27.72738
7333906875.0,-27.72184
7333907812.5,-27.72255
7333908750.0,-27.72699
7333909687.5,-27.72297
7333910625.0,-27.71974
7333911562.5,-27.71764
7333912500.0,-27.71739
7333913437.5,-27.71684
7333914375.0,-27.71513
7333915312.5,-27.71463
7333916250.0,-27.71197
7333917187.5,-27.70886
7333918125.0,-27.70862
7333919062.5,-27.71173
7333920000.0,-27.70942
7333920937.5,-27.70625
7333921875.0,-27.7096
7333922812.5,-27.70657
7333923750.0,-27.70459
7333924687.5,-27.70753
7333925625.0,-27.70636
7333926562.5,-27.70025
7333927500.0,-27.7023
7333928437.5,-27.69678
7333929375.0,-27.69653
7333930312.5,-27.69067
7333931250.0,-27.69017
7333932187.5,-27.69668
7333933125.0,-27.6901
7333934062.5,-27.69304
7333935000.0,-27.69258
7333935937.5,-27.68845
7333936875.0,-27.68757
7333937812.5,-27.68752
7333938750.0,-27.68836
7333939687.5,-27.68817
7333940625.0,-27.6876
7333941562.5,-27.68465
7333942500.0,-27.68263
7333943437.5,-27.68193
7333944375.0,-27.67783
7333945312.5,-27.67315
7333946250.0,-27.67637
7333947187.5,-27.67843
7333948125.0,-27.67563
7333949062.5,-27.67581
7333950000.0,-27.67297
7333950937.5,-27.67117
7333951875.0,-27.67118
7333952812.5,-27.67291
7333953750.0,-27.66933
7333954687.5,-27.67127
7333955625.0,-27.6635
7333956562.5,-27.66683
7333957500.0,-27.66459
7333958437.5,-27.66281
7333959375.0,-27.66298
7333960312.5,-27.66005
7333961250.0,-27.66261
7333962187.5,-27.65798
7333963125.0,-27.66116
7333964062.5,-27.65531
7333965000.0,-27.65597
7333965937.5,-27.65105
7333966875.0,-27.65704
7333967812.5,-27.65279
7333968750.0,-27.65086
7333969687.5,-27.6489
7333970625.0,-27.65536
7333971562.5,-27.65163
7333972500.0,-27.65072
7333973437.5,-27.64473
7333974375.0,-27.6479
7333975312.5,-27.64183
7333976250.0,-27.63937
7333977187.5,-27.63762
7333978125.0,-27.64619
7333979062.5,-27.6399
7333980000.0,-27.63977
7333980937.5,-27.63771
7333981875.0,-27.63729
7333982812.5,-27.62945
7333983750.0,-27.63066
7333984687.5,-27.63597
7333985625.0,-27.63422
7333986562.5,-27.63072
7333987500.0,-27.62663
7333988437.5,-27.63275
7333989375.0,-27.62089
7333990312.5,-27.62773
7333991250.0,-27.62372
7333992187.5,-27.62197
7333993125.0,-27.62333
7333994062.5,-27.62692
7333995000.0,-27.62409
7333995937.5,-27.62211
7333996875.0,-27.61586
7333997812.5,-27.61852
7333998750.0,-27.61847
7333999687.5,-27.61528
7334000625.0,-27.61326
7334001562.5,-27.61903
7334002500.0,-27.61346
7334003437.5,-27.60884
7334004375.0,-27.61265
7334005312.5,-27.60835
7334006250.0,-27.60945
7334007187.5,-27.60392
7334008125.0,-27.6026
7334009062.5,-27.60789
7334010000.0,-27.60273
7334010937.5,-27.60345
7334011875.0,-27.60146
7334012812.5,-27.59642
7334013750.0,-27.59632
7334014687.5,-27.59959
7334015625.0,-27.59793
7334016562.5,-27.59526
7334017500.0,-27.59319
7334018437.5,-27.5954
7334019375.0,-27.59364
7334020312.5,-27.59387
7334021250.0,-27.59216
7334022187.5,-27.58387
7334023125.0,-27.58423
7334024062.5,-27.58652
7334025000.0,-27.5843
7334025937.5,-27.58851
7334026875.0,-27.589
7334027812.5,-27.58413
7334028750.0,-27.57983
7334029687.5,-27.5777
7334030625.0,-27.57927
7334031562.5,-27.57673
7334032500.0,-27.57643
7334033437.5,-27.57585
7334034375.0,-27.57372
7334035312.5,-27.57611
7334036250.0,-27.57026
7334037187.5,-27.57394
7334038125.0,-27.57176
7334039062.5,-27.57074
7334040000.0,-27.56957
7334040937.5,-27.56793
7334041875.0,-27.56626
7334042812.5,-27.56683
7334043750.0,-27.56073
7334044687.5,-27.56309
7334045625.0,-27.55736
7334046562.5,-27.55539
7334047500.0,-27.55585
7334048437.5,-27.55951
7334049375.0,-27.5567
7334050312.5,-27.55387
7334051250.0,-27.55075
7334052187.5,-27.55541
7334053125.0,-27.55536
7334054062.5,-27.54933
7334055000.0,-27.54639
7334055937.5,-27.54977
7334056875.0,-27.54849
7334057812.5,-27.54823
7334058750.0,-27.54193
7334059687.5,-27.54356
7334060625.0,-27.54337
7334061562.5,-27.5435
7334062500.0,-27.53754
7334063437.5,-27.54104
7334064375.0,-27.54076
7334065312.5,-27.54348
7334066250.0,-27.54183
7334067187.5,-27.53619
7334068125.0,-27.53537
7334069062.5,-27.53122
7334070000.0,-27.53256
7334070937.5,-27.52933
7334071875.0,-27.53119
7334072812.5,-27.52884
7334073750.0,-27.52944
7334074687.5,-27.52534
7334075625.0,-27.5269
7334076562.5,-27.52107
7334077500.0,-27.52467
7334078437.5,-27.52301
7334079375.0,-27.52202
7334080312.5,-27.52078
7334081250.0,-27.51564
7334082187.5,-27.51933
7334083125.0,-27.52104
7334084062.5,-27.51793
7334085000.0,-27.51627
7334085937.5,-27.5155
7334086875.0,-27.50866
7334087812.5,-27.5136
7334088750.0,-27.5137
7334089687.5,-27.50831
7334090625.0,-27.50928
7334091562.5,-27.50365
7334092500.0,-27.50914
7334093437.5,-27.50344
7334094375.0,-27.50333
7334095312.5,-27.49796
7334096250.0,-27.49986
7334097187.5,-27.49955
7334098125.0,-27.50272
7334099062.5,-27.49931
7334100000.0,-27.49561
7334100937.5,-27.491
7334101875.0,-27.49776
7334102812.5,-27.49584
7334103750.0,-27.49245
7334104687.5,-27.49341
7334105625.0,-27.49111
7334106562.5,-27.48841
7334107500.0,-27.48728
7334108437.5,-27.4875
7334109375.0,-27.48765
7334110312.5,-27.49
7334111250.0,-27.48507
7334112187.5,-27.48359
7334113125.0,-27.47849
7334114062.5,-27.47866
7334115000.0,-27.47935
7334115937.5,-27.47439
7334116875.0,-27.4746
7334117812.5,-27.47414
7334118750.0,-27.47479
7334119687.5,-27.46938
7334120625.0,-27.47558
7334121562.5,-27.46811
7334122500.0,-27.46817
7334123437.5,-27.47177
7334124375.0,-27.46863
7334125312.5,-27.46659
7334126250.0,-27.46556
7334127187.5,-27.46476
7334128125.0,-27.46317
7334129062.5,-27.4629
7334130000.0,-27.4573
7334130937.5,-27.45875
7334131875.0,-27.45612
7334132812.5,-27.46173
7334133750.0,-27.45933
7334134687.5,-27.45657
7334135625.0,-27.45388
7334136562.5,-27.45546
7334137500.0,-27.44995
7334138437.5,-27.44593
7334139375.0,-27.45242
7334140312.5,-27.45055
7334141250.0,-27.45103
7334142187.5,-27.4479
7334143125.0,-27.44598
7334144062.5,-27.44602
7334145000.0,-27.44501
7334145937.5,-27.44825
7334146875.0,-27.43827
7334147812.5,-27.4415
7334148750.0,-27.44075
7334149687.5,-27.43943
7334150625.0,-27.43312
7334151562.5,-27.43613
7334152500.0,-27.43293
7334153437.5,-27.43092
7334154375.0,-27.43036
7334155312.5,-27.42776
7334156250.0,-27.43016
7334157187.5,-27.4301
7334158125.0,-27.42847
7334159062.5,-27.4297
7334160000.0,-27.4256
7334160937.5,-27.42369
7334161875.0,-27.42432
7334162812.5,-27.4213
7334163750.0,-27.42373
7334164687.5,-27.42084
7334165625.0,-27.41525
7334166562.5,-27.41514
7334167500.0,-27.41478
7334168437.5,-27.41311
7334169375.0,-27.41078
7334170312.5,-27.41074
7334171250.0,-27.41089
7334172187.5,-27.40903
7334173125.0,-27.41374
7334174062.5,-27.40801
7334175000.0,-27.4079
7334175937.5,-27.40809
7334176875.0,-27.40233
7334177812.5,-27.39965
7334178750.0,-27.40313
7334179687.5,-27.39723
7334180625.0,-27.40306
7334181562.5,-27.39651
7334182500.0,-27.39906
7334183437.5,-27.39163
7334184375.0,-27.39772
7334185312.5,-27.39503
7334186250.0,-27.39465
7334187187.5,-27.39102
7334188125.0,-27.38857
7334189062.5,-27.39058
7334190000.0,-27.38776
7334190937.5,-27.38948
7334191875.0,-27.38877
7334192812.5,-27.38573
7334193750.0,-27.38532
7334194687.5,-27.38101
7334195625.0,-27.38313
7334196562.5,-27.37949
7334197500.0,-27.37618
7334198437.5,-27.37987
7334199375.0,-27.37922
7334200312.5,-27.38031
7334201250.0,-27.3762
7334202187.5,-27.37912
7334203125.0,-27.37393
7334204062.5,-27.37275
7334205000.0,-27.37084
7334205937.5,-27.37346
7334206875.0,-27.36709
7334207812.5,-27.36958
7334208750.0,-27.36198
7334209687.5,-27.35914
7334210625.0,-27.35848
7334211562.5,-27.3658
7334212500.0,-27.36113
7334213437.5,-27.36274
7334214375.0,-27.36339
7334215312.5,-27.35492
7334216250.0,-27.35425
7334217187.5,-27.35462
7334218125.0,-27.3554
7334219062.5,-27.35218
7334220000.0,-27.34921
7334220937.5,-27.35
7334221875.0,-27.34662
7334222812.5,-27.34893
7334223750.0,-27.3488
7334224687.5,-27.34529
7334225625.0,-27.34676
7334226562.5,-27.3457
7334227500.0,-27.34043
7334228437.5,-27.3429
7334229375.0,-27.33951
7334230312.5,-27.33796
7334231250.0,-27.33819
7334232187.5,-27.33853
7334233125.0,-27.33904
7334234062.5,-27.3347
7334235000.0,-27.3341
7334235937.5,-27.33201
7334236875.0,-27.33006
7334237812.5,-27.32805
7334238750.0,-27.32957
7334239687.5,-27.32593
7334240625.0,-27.32654
7334241562.5,-27.32734
7334242500.0,-27.32718
7334243437.5,-27.32253
7334244375.0,-27.3225
7334245312.5,-27.31918
7334246250.0,-27.32141
7334247187.5,-27.31808
7334248125.0,-27.31894
7334249062.5,-27.31558
7334250000.0,-27.31866
7334250937.5,-27.31748
7334251875.0,-27.31331
7334252812.5,-27.31571
7334253750.0,-27.30981
7334254687.5,-27.30936
7334255625.0,-27.31092
7334256562.5,-27.31055
7334257500.0,-27.30539
7334258437.5,-27.30734
7334259375.0,-27.30539
7334260312.5,-27.30158
7334261250.0,-27.30566
7334262187.5,-27.29998
7334263125.0,-27.30231
7334264062.5,-27.29961
7334265000.0,-27.3011
7334265937.5,-27.2961
7334266875.0,-27.29851
7334267812.5,-27.29422
7334268750.0,-27.29145
7334269687.5,-27.29208
7334270625.0,-27.28964
7334271562.5,-27.28896
7334272500.0,-27.28877
7334273437.5,-27.28968
7334274375.0,-27.28578
7334275312.5,-27.28672
7334276250.0,-27.28257
7334277187.5,-27.28362
7334278125.0,-27.28311
7334279062.5,-27.28189
7334280000.0,-27.27725
7334280937.5,-27.27548
7334281875.0,-27.27629
7334282812.5,-27.27672
7334283750.0,-27.27687
7334284687.5,-27.27284
7334285625.0,-27.27406
7334286562.5,-27.26963
7334287500.0,-27.27231
7334288437.5,-27.27431
7334289375.0,-27.26875
7334290312.5,-27.27085
7334291250.0,-27.26871
7334292187.5,-27.26602
7334293125.0,-27.26856
7334294062.5,-27.26296
7334295000.0,-27.26201
7334295937.5,-27.25833
7334296875.0,-27.26073
7334297812.5,-27.25515
7334298750.0,-27.25791
7334299687.5,-27.25389
7334300625.0,-27.25504
7334301562.5,-27.25345
7334302500.0,-27.25264
7334303437.5,-27.25509
7334304375.0,-27.25317
7334305312.5,-27.25094
7334306250.0,-27.2476
7334307187.5,-27.24281
7334308125.0,-27.24385
7334309062.5,-27.24336
7334310000.0,-27.24265
7334310937.5,-27.24244
7334311875.0,-27.24356
7334312812.5,-27.24191
7334313750.0,-27.23757
7334314687.5,-27.23994
7334315625.0,-27.23772
7334316562.5,-27.23895
7334317500.0,-27.23727
7334318437.5,-27.2301
7334319375.0,-27.23141
7334320312.5,-27.22612
7334321250.0,-27.22846
7334322187.5,-27.23059
7334323125.0,-27.22503
7334324062.5,-27.22514
7334325000.0,-27.23113
7334325937.5,-27.22521
7334326875.0,-27.22256
7334327812.5,-27.22053
7334328750.0,-27.21912
7334329687.5,-27.21641
7334330625.0,-27.22218
7334331562.5,-27.21941
7334332500.0,-27.21778
7334333437.5,-27.21382
7334334375.0,-27.21461
7334335312.5,-27.21423
7334336250.0,-27.21373
7334337187.5,-27.21613
7334338125.0,-27.20914
7334339062.5,-27.21266
7334340000.0,-27.20804
7334340937.5,-27.20454
7334341875.0,-27.20326
7334342812.5,-27.20504
7334343750.0,-27.20459
7334344687.5,-27.20447
7334345625.0,-27.19843
7334346562.5,-27.19784
7334347500.0,-27.19636
7334348437.5,-27.1942
7334349375.0,-27.19763
7334350312.5,-27.19172
7334351250.0,-27.19163
7334352187.5,-27.19216
7334353125.0,-27.18876
7334354062.5,-27.18928
7334355000.0,-27.18553
7334355937.5,-27.18719
7334356875.0,-27.18344
7334357812.5,-27.1835
7334358750.0,-27.18011
7334359687.5,-27.18287
7334360625.0,-27.18022
7334361562.5,-27.18161
7334362500.0,-27.17794
7334363437.5,-27.1825
7334364375.0,-27.17583
7334365312.5,-27.17198
7334366250.0,-27.17483
7334367187.5,-27.17433
7334368125.0,-27.17126
7334369062.5,-27.17216
7334370000.0,-27.17019
7334370937.5,-27.16574
7334371875.0,-27.16462
7334372812.5,-27.16815
7334373750.0,-27.16431
7334374687.5,-27.1672
7334375625.0,-27.1706
7334376562.5,-27.16027
7334377500.0,-27.15989
7334378437.5,-27.15493
7334379375.0,-27.15977
7334380312.5,-27.1555
7334381250.0,-27.15819
7334382187.5,-27.15454
7334383125.0,-27.15533
7334384062.5,-27.15465
7334385000.0,-27.14456
7334385937.5,-27.14849
7334386875.0,-27.14571
7334387812.5,-27.15169
7334388750.0,-27.14636
7334389687.5,-27.14552
7334390625.0,-27.14277
7334391562.5,-27.14412
7334392500.0,-27.14276
7334393437.5,-27.14331
7334394375.0,-27.1396
7334395312.5,-27.13412
7334396250.0,-27.13976
7334397187.5,-27.13453
7334398125.0,-27.13437
7334399062.5,-27.13426
7334400000.0,-27.13091
7334400937.5,-27.13254
7334401875.0,-27.13012
7334402812.5,-27.12736
7334403750.0,-27.13175
7334404687.5,-27.12298
7334405625.0,-27.12268
7334406562.5,-27.12807
7334407500.0,-27.12359
7334408437.5,-27.11837
7334409375.0,-27.11993
7334410312.5,-27.11933
7334411250.0,-27.12151
7334412187.5,-27.11577
7334413125.0,-27.11339
7334414062.5,-27.11381
7334415000.0,-27.11441
7334415937.5,-27.11539
7334416875.0,-27.11011
7334417812.5,-27.11235
7334418750.0,-27.10849
7334419687.5,-27.11116
7334420625.0,-27.10875
7334421562.5,-27.10596
7334422500.0,-27.10165
7334423437.5,-27.1084
7334424375.0,-27.10211
7334425312.5,-27.10707
7334426250.0,-27.10173
7334427187.5,-27.09696
7334428125.0,-27.09445
7334429062.5,-27.09837
7334430000.0,-27.09714
7334430937.5,-27.0948
7334431875.0,-27.09436
7334432812.5,-27.08841
7334433750.0,-27.08697
7334434687.5,-27.08711
7334435625.0,-27.08501
7334436562.5,-27.09135
7334437500.0,-27.08879
7334438437.5,-27.08825
7334439375.0,-27.08658
7334440312.5,-27.0842
7334441250.0,-27.0805
7334442187.5,-27.08061
7334443125.0,-27.07485
7334444062.5,-27.0762
7334445000.0,-27.07634
7334445937.5,-27.0761
7334446875.0,-27.07499
7334447812.5,-27.06948
7334448750.0,-27.07219
7334449687.5,-27.07369
7334450625.0,-27.06969
7334451562.5,-27.06821
7334452500.0,-27.06662
7334453437.5,-27.06793
7334454375.0,-27.06229
7334455312.5,-27.06337
7334456250.0,-27.06058
7334457187.5,-27.06067
7334458125.0,-27.06346
7334459062.5,-27.06104
7334460000.0,-27.05635
7334460937.5,-27.0583
7334461875.0,-27.05542
7334462812.5,-27.05476
7334463750.0,-27.04998
7334464687.5,-27.05205
7334465625.0,-27.05228
7334466562.5,-27.04853
7334467500.0,-27.04968
7334468437.5,-27.04575
7334469375.0,-27.04457
7334470312.5,-27.04357
7334471250.0,-27.04414
7334472187.5,-27.04082
7334473125.0,-27.04119
7334474062.5,-27.037
7334475000.0,-27.03719
7334475937.5,-27.03849
7334476875.0,-27.03836
7334477812.5,-27.0371
7334478750.0,-27.03498
7334479687.5,-27.03455
7334480625.0,-27.03172
7334481562.5,-27.03096
7334482500.0,-27.03234
7334483437.5,-27.03107
7334484375.0,-27.03183
7334485312.5,-27.02533
7334486250.0,-27.02393
7334487187.5,-27.02376
7334488125.0,-27.02253
7334489062.5,-27.02271
7334490000.0,-27.02273
7334490937.5,-27.02088
7334491875.0,-27.01734
7334492812.5,-27.01573
7334493750.0,-27.01777
7334494687.5,-27.0147
7334495625.0,-27.01395
7334496562.5,-27.01329
7334497500.0,-27.01146
7334498437.5,-27.01101
7334499375.0,-27.00818
7334500312.5,-27.0131
7334501250.0,-27.00799
7334502187.5,-27.00902
7334503125.0,-27.00201
7334504062.5,-27.00255
7334505000.0,-27.00336
7334505937.5,-26.99966
7334506875.0,-27.00335
7334507812.5,-26.99782
7334508750.0,-26.99581
7334509687.5,-26.99629
7334510625.0,-26.9984
7334511562.5,-26.99415
7334512500.0,-26.98827
7334513437.5,-26.99057
7334514375.0,-26.99136
7334515312.5,-26.98768
7334516250.0,-26.98742
7334517187.5,-26.98435
7334518125.0,-26.98452
7334519062.5,-26.98211
7334520000.0,-26.98098
7334520937.5,-26.98329
7334521875.0,-26.97844
7334522812.5,-26.97676
7334523750.0,-26.97912
7334524687.5,-26.97346
7334525625.0,-26.97566
7334526562.5,-26.97626
7334527500.0,-26.97577
7334528437.5,-26.97442
7334529375.0,-26.97321
7334530312.5,-26.97292
7334531250.0,-26.97091
7334532187.5,-26.96404
7334533125.0,-26.9699
7334534062.5,-26.96514
7334535000.0,-26.96727
7334535937.5,-26.96511
7334536875.0,-26.96214
7334537812.5,-26.96123
7334538750.0,-26.96032
7334539687.5,-26.95788
7334540625.0,-26.95922
7334541562.5,-26.95816
7334542500.0,-26.95238
7334543437.5,-26.95602
7334544375.0,-26.95591
7334545312.5,-26.94887
7334546250.0,-26.94862
7334547187.5,-26.94857
7334548125.0,-26.94519
7334549062.5,-26.94752
7334550000.0,-26.94065
7334550937.5,-26.94336
7334551875.0,-26.94654
7334552812.5,-26.94536
7334553750.0,-26.94379
7334554687.5,-26.94136
7334555625.0,-26.93745
7334556562.5,-26.93935
7334557500.0,-26.93624
7334558437.5,-26.93644
7334559375.0,-26.9332
7334560312.5,-26.93499
7334561250.0,-26.93074
7334562187.5,-26.93034
7334563125.0,-26.92961
7334564062.5,-26.92434
7334565000.0,-26.92933
7334565937.5,-26.92637
7334566875.0,-26.92407
7334567812.5,-26.92057
7334568750.0,-26.92334
7334569687.5,-26.91913
7334570625.0,-26.92112
7334571562.5,-26.91556
7334572500.0,-26.91414
7334573437.5,-26.91667
7334574375.0,-26.91854
7334575312.5,-26.91178
7334576250.0,-26.91388
7334577187.5,-26.90749
7334578125.0,-26.9087
7334579062.5,-26.9054
7334580000.0,-26.90901
7334580937.5,-26.90509
7334581875.0,-26.90753
7334582812.5,-26.90562
7334583750.0,-26.90176
7334584687.5,-26.90079
7334585625.0,-26.9017
7334586562.5,-26.89939
7334587500.0,-26.89074
7334588437.5,-26.89935
7334589375.0,-26.89545
7334590312.5,-26.89129
7334591250.0,-26.89293
7334592187.5,-26.89101
7334593125.0,-26.8919
7334594062.5,-26.89159
7334595000.0,-26.89129
7334595937.5,-26.88463
7334596875.0,-26.88679
7334597812.5,-26.88422
7334598750.0,-26.88055
7334599687.5,-26.88288
7334600625.0,-26.88248
7334601562.5,-26.87967
7334602500.0,-26.87769
7334603437.5,-26.87642
7334604375.0,-26.87738
7334605312.5,-26.87864
7334606250.0,-26.87316
7334607187.5,-26.87605
7334608125.0,-26.86949
7334609062.5,-26.86707
7334610000.0,-26.86923
7334610937.5,-26.86728
7334611875.0,-26.86441
7334612812.5,-26.86555
7334613750.0,-26.86341
7334614687.5,-26.86304
7334615625.0,-26.86376
7334616562.5,-26.85788
7334617500.0,-26.863
7334618437.5,-26.85866
7334619375.0,-26.85471
7334620312.5,-26.85752
7334621250.0,-26.85691
7334622187.5,-26.85494
7334623125.0,-26.8521
7334624062.5,-26.85122
7334625000.0,-26.84948
7334625937.5,-26.84699
7334626875.0,-26.84391
7334627812.5,-26.84751
7334628750.0,-26.84224
7334629687.5,-26.84204
7334630625.0,-26.84534
7334631562.5,-26.84067
7334632500.0,-26.84018
7334633437.5,-26.83684
7334634375.0,-26.83809
7334635312.5,-26.83483
7334636250.0,-26.83827
7334637187.5,-26.83476
7334638125.0,-26.83121
7334639062.5,-26.82965
7334640000.0,-26.83488
7334640937.5,-26.82973
7334641875.0,-26.82654
7334642812.5,-26.82562
7334643750.0,-26.82454
7334644687.5,-26.82524
7334645625.0,-26.81558
7334646562.5,-26.82076
7334647500.0,-26.82043
7334648437.5,-26.82065
7334649375.0,-26.82088
7334650312.5,-26.82299
7334651250.0,-26.81561
7334652187.5,-26.8124
7334653125.0,-26.81293
7334654062.5,-26.81372
7334655000.0,-26.81324
7334655937.5,-26.81112
7334656875.0,-26.81172
7334657812.5,-26.80877
7334658750.0,-26.81133
7334659687.5,-26.80329
7334660625.0,-26.80188
7334661562.5,-26.79985
7334662500.0,-26.80042
7334663437.5,-26.80256
7334664375.0,-26.80191
7334665312.5,-26.7977
7334666250.0,-26.79847
7334667187.5,-26.79758
7334668125.0,-26.79642
7334669062.5,-26.794
7334670000.0,-26.79401
7334670937.5,-26.7912
7334671875.0,-26.79037
7334672812.5,-26.78918
7334673750.0,-26.78619
7334674687.5,-26.78728
7334675625.0,-26.78777
7334676562.5,-26.78688
7334677500.0,-26.78372
7334678437.5,-26.78092
7334679375.0,-26.78313
7334680312.5,-26.78149
7334681250.0,-26.7765
7334682187.5,-26.77629
7334683125.0,-26.77639
7334684062.5,-26.77151
7334685000.0,-26.7751
7334685937.5,-26.77668
7334686875.0,-26.77849
7334687812.5,-26.77079
7334688750.0,-26.76865
7334689687.5,-26.76695
7334690625.0,-26.76561
7334691562.5,-26.76285
7334692500.0,-26.7626
7334693437.5,-26.7626
7334694375.0,-26.76282
7334695312.5,-26.75595
7334696250.0,-26.75547
7334697187.5,-26.75522
7334698125.0,-26.75213
7334699062.5,-26.75648
7334700000.0,-26.75535
7334700937.5,-26.74995
7334701875.0,-26.75153
7334702812.5,-26.75064
7334703750.0,-26.75252
7334704687.5,-26.74852
7334705625.0,-26.74736
7334706562.5,-26.74492
7334707500.0,-26.73887
7334708437.5,-26.74113
7334709375.0,-26.74298
7334710312.5,-26.739
7334711250.0,-26.74387
7334712187.5,-26.73642
7334713125.0,-26.73869
7334714062.5,-26.736
7334715000.0,-26.73809
7334715937.5,-26.7331
7334716875.0,-26.73153
7334717812.5,-26.73338
7334718750.0,-26.73394
7334719687.5,-26.72549
7334720625.0,-26.72681
7334721562.5,-26.72656
7334722500.0,-26.72674
7334723437.5,-26.72371
7334724375.0,-26.72545
7334725312.5,-26.72202
7334726250.0,-26.72119
7334727187.5,-26.71861
7334728125.0,-26.71754
7334729062.5,-26.71607
7334730000.0,-26.71687
7334730937.5,-26.71494
7334731875.0,-26.71222
7334732812.5,-26.71123
7334733750.0,-26.71044
7334734687.5,-26.70977
7334735625.0,-26.70724
7334736562.5,-26.71064
7334737500.0,-26.71173
7334738437.5,-26.70162
7334739375.0,-26.70385
7334740312.5,-26.6997
7334741250.0,-26.70258
7334742187.5,-26.70248
7334743125.0,-26.69757
7334744062.5,-26.70038
7334745000.0,-26.69727
7334745937.5,-26.6938
7334746875.0,-26.69748
7334747812.5,-26.69137
7334748750.0,-26.69192
7334749687.5,-26.6903
7334750625.0,-26.69019
7334751562.5,-26.68762
7334752500.0,-26.68853
7334753437.5,-26.68366
7334754375.0,-26.68226
7334755312.5,-26.6825
7334756250.0,-26.68404
7334757187.5,-26.68015
7334758125.0,-26.68555
7334759062.5,-26.6791
7334760000.0,-26.67586
7334760937.5,-26.67671
7334761875.0,-26.67756
7334762812.5,-26.673
7334763750.0,-26.67017
7334764687.5,-26.67237
7334765625.0,-26.67507
7334766562.5,-26.66882
7334767500.0,-26.67075
7334768437.5,-26.66776
7334769375.0,-26.66095
7334770312.5,-26.66178
7334771250.0,-26.66733
7334772187.5,-26.66251
7334773125.0,-26.66194
7334774062.5,-26.66055
7334775000.0,-26.65567
7334775937.5,-26.65939
7334776875.0,-26.65146
7334777812.5,-26.65471
7334778750.0,-26.65458
7334779687.5,-26.64824
7334780625.0,-26.64554
7334781562.5,-26.65448
7334782500.0,-26.65141
7334783437.5,-26.64789
7334784375.0,-26.64724
7334785312.5,-26.64518
7334786250.0,-26.64338
7334787187.5,-26.64183
7334788125.0,-26.63785
7334789062.5,-26.6437
7334790000.0,-26.63544
7334790937.5,-26.63631
7334791875.0,-26.63524
7334792812.5,-26.63574
7334793750.0,-26.63204
7334794687.5,-26.6321
7334795625.0,-26.62782
7334796562.5,-26.62932
7334797500.0,-26.62872
7334798437.5,-26.62567
7334799375.0,-26.62682
7334800312.5,-26.62549
7334801250.0,-26.62203
7334802187.5,-26.62248
7334803125.0,-26.61952
7334804062.5,-26.62363
7334805000.0,-26.62085
7334805937.5,-26.61688
7334806875.0,-26.61775
7334807812.5,-26.61789
7334808750.0,-26.61792
7334809687.5,-26.61061
7334810625.0,-26.61618
7334811562.5,-26.61034
7334812500.0,-26.61269
7334813437.5,-26.60963
7334814375.0,-26.60605
7334815312.5,-26.60456
7334816250.0,-26.60112
7334817187.5,-26.60075
7334818125.0,-26.60473
7334819062.5,-26.59994
7334820000.0,-26.59813
7334820937.5,-26.59945
7334821875.0,-26.59738
7334822812.5,-26.59433
7334823750.0,-26.59424
7334824687.5,-26.59137
7334825625.0,-26.59183
7334826562.5,-26.58741
7334827500.0,-26.59149
7334828437.5,-26.5905
7334829375.0,-26.5877
7334830312.5,-26.58208
7334831250.0,-26.58456
7334832187.5,-26.58469
7334833125.0,-26.58289
7334834062.5,-26.57944
7334835000.0,-26.57588
7334835937.5,-26.57577
7334836875.0,-26.58065
7334837812.5,-26.57964
7334838750.0,-26.57303
7334839687.5,-26.57495
7334840625.0,-26.57285
7334841562.5,-26.57175
7334842500.0,-26.56869
7334843437.5,-26.57079
7334844375.0,-26.56878
7334845312.5,-26.56706
7334846250.0,-26.5649
7334847187.5,-26.56113
7334848125.0,-26.56194
7334849062.5,-26.56145
7334850000.0,-26.55911
7334850937.5,-26.55858
7334851875.0,-26.56054
7334852812.5,-26.5559
7334853750.0,-26.56138
7334854687.5,-26.55118
7334855625.0,-26.54864
7334856562.5,-26.54934
7334857500.0,-26.5444
7334858437.5,-26.54518
7334859375.0,-26.54695
7334860312.5,-26.55018
7334861250.0,-26.54821
7334862187.5,-26.54671
7334863125.0,-26.54521
7334864062.5,-26.54185
7334865000.0,-26.54021
7334865937.5,-26.54127
7334866875.0,-26.53779
7334867812.5,-26.53671
7334868750.0,-26.53697
7334869687.5,-26.52859
7334870625.0,-26.53505
7334871562.5,-26.53076
7334872500.0,-26.53156
7334873437.5,-26.5303
7334874375.0,-26.53082
7334875312.5,-26.52197
7334876250.0,-26.5267
7334877187.5,-26.52326
7334878125.0,-26.52284
7334879062.5,-26.52293
7334880000.0,-26.52035
7334880937.5,-26.51656
7334881875.0,-26.52005
7334882812.5,-26.51953
7334883750.0,-26.51827
7334884687.5,-26.51247
7334885625.0,-26.51335
7334886562.5,-26.51089
7334887500.0,-26.51546
7334888437.5,-26.51132
7334889375.0,-26.50784
7334890312.5,-26.50779
7334891250.0,-26.51055
7334892187.5,-26.5063
7334893125.0,-26.50533
7334894062.5,-26.50114
7334895000.0,-26.50064
7334895937.5,-26.50104
7334896875.0,-26.50042
7334897812.5,-26.49453
7334898750.0,-26.49821
7334899687.5,-26.49505
7334900625.0,-26.49042
7334901562.5,-26.49546
7334902500.0,-26.49123
7334903437.5,-26.48876
7334904375.0,-26.48527
7334905312.5,-26.49132
7334906250.0,-26.48819
7334907187.5,-26.48147
7334908125.0,-26.48226
7334909062.5,-26.48174
7334910000.0,-26.4844
7334910937.5,-26.48223
7334911875.0,-26.47658
7334912812.5,-26.47834
7334913750.0,-26.47433
7334914687.5,-26.4739
7334915625.0,-26.47413
7334916562.5,-26.47123
7334917500.0,-26.47172
7334918437.5,-26.46932
7334919375.0,-26.46994
7334920312.5,-26.46982
7334921250.0,-26.46558
7334922187.5,-26.4672
7334923125.0,-26.46354
7334924062.5,-26.46377
7334925000.0,-26.46072
7334925937.5,-26.45976
7334926875.0,-26.45557
7334927812.5,-26.45818
7334928750.0,-26.4559
7334929687.5,-26.45602
7334930625.0,-26.45828
7334931562.5,-26.4546
7334932500.0,-26.45449
7334933437.5,-26.45124
7334934375.0,-26.44885
7334935312.5,-26.44797
7334936250.0,-26.44813
7334937187.5,-26.44572
7334938125.0,-26.44508
7334939062.5,-26.44233
7334940000.0,-26.44436
7334940937.5,-26.44047
7334941875.0,-26.4387
7334942812.5,-26.43614
7334943750.0,-26.43499
7334944687.5,-26.43233
7334945625.0,-26.4338
7334946562.5,-26.4365
7334947500.0,-26.43179
7334948437.5,-26.43371
7334949375.0,-26.42774
7334950312.5,-26.42704
7334951250.0,-26.42586
7334952187.5,-26.42549
7334953125.0,-26.42428
7334954062.5,-26.42606
7334955000.0,-26.41994
7334955937.5,-26.42027
7334956875.0,-26.41937
7334957812.5,-26.41503
7334958750.0,-26.41467
7334959687.5,-26.41808
7334960625.0,-26.41368
7334961562.5,-26.41624
7334962500.0,-26.41379
7334963437.5,-26.41243
7334964375.0,-26.4054
7334965312.5,-26.40757
7334966250.0,-26.40987
7334967187.5,-26.40344
7334968125.0,-26.40468
7334969062.5,-26.4001
7334970000.0,-26.39919
7334970937.5,-26.4019
7334971875.0,-26.39739
7334972812.5,-26.39861
7334973750.0,-26.39654
7334974687.5,-26.40103
7334975625.0,-26.39268
7334976562.5,-26.39406
7334977500.0,-26.39301
7334978437.5,-26.3888
7334979375.0,-26.38886
7334980312.5,-26.3853
7334981250.0,-26.38884
7334982187.5,-26.38513
7334983125.0,-26.38502
7334984062.5,-26.38061
7334985000.0,-26.38022
7334985937.5,-26.38085
7334986875.0,-26.3776
7334987812.5,-26.37531
7334988750.0,-26.3776
7334989687.5,-26.37932
7334990625.0,-26.37445
7334991562.5,-26.37244
7334992500.0,-26.36999
7334993437.5,-26.36892
7334994375.0,-26.37022
7334995312.5,-26.3705
7334996250.0,-26.36828
7334997187.5,-26.36211
7334998125.0,-26.36503
7334999062.5,-26.36007
7335000000.0,-26.36261
7335000937.5,-26.36185
7335001875.0,-26.36022
7335002812.5,-26.35536
7335003750.0,-26.35715
7335004687.5,-26.35254
7335005625.0,-26.35878
7335006562.5,-26.35474
7335007500.0,-26.35335
7335008437.5,-26.34727
7335009375.0,-26.34485
7335010312.5,-26.34717
7335011250.0,-26.35035
7335012187.5,-26.34288
7335013125.0,-26.34494
7335014062.5,-26.34353
7335015000.0,-26.34171
7335015937.5,-26.34256
7335016875.0,-26.34296
7335017812.5,-26.33809
7335018750.0,-26.33888
7335019687.5,-26.33569
7335020625.0,-26.33442
7335021562.5,-26.33134
7335022500.0,-26.32816
7335023437.5,-26.33161
7335024375.0,-26.33098
7335025312.5,-26.32702
7335026250.0,-26.32685
7335027187.5,-26.32508
7335028125.0,-26.32304
7335029062.5,-26.32364
7335030000.0,-26.3249
7335030937.5,-26.31913
7335031875.0,-26.32425
7335032812.5,-26.31905
7335033750.0,-26.3163
7335034687.5,-26.31569
7335035625.0,-26.31278
7335036562.5,-26.31215
7335037500.0,-26.31248
7335038437.5,-26.30912
7335039375.0,-26.30546
7335040312.5,-26.31034
7335041250.0,-26.30383
7335042187.5,-26.30517
7335043125.0,-26.30395
7335044062.5,-26.29755
7335045000.0,-26.30157
7335045937.5,-26.29489
7335046875.0,-26.30055
7335047812.5,-26.29556
7335048750.0,-26.29762
7335049687.5,-26.29519
7335050625.0,-26.29387
7335051562.5,-26.29286
7335052500.0,-26.29733
7335053437.5,-26.28771
7335054375.0,-26.28704
7335055312.5,-26.2844
7335056250.0,-26.28308
7335057187.5,-26.28432
7335058125.0,-26.28319
7335059062.5,-26.27968
7335060000.0,-26.27687
7335060937.5,-26.28378
7335061875.0,-26.27952
7335062812.5,-26.27931
7335063750.0,-26.27731
7335064687.5,-26.27275
7335065625.0,-26.27089
7335066562.5,-26.27146
7335067500.0,-26.27081
7335068437.5,-26.26791
7335069375.0,-26.2698
7335070312.5,-26.2706
7335071250.0,-26.26438
7335072187.5,-26.2633
7335073125.0,-26.26161
7335074062.5,-26.26153
7335075000.0,-26.26012
7335075937.5,-26.25964
7335076875.0,-26.25955
7335077812.5,-26.25891
7335078750.0,-26.25658
7335079687.5,-26.25263
7335080625.0,-26.25418
7335081562.5,-26.2534
7335082500.0,-26.24516
7335083437.5,-26.2489
7335084375.0,-26.25144
7335085312.5,-26.25016
7335086250.0,-26.24444
7335087187.5,-26.24298
7335088125.0,-26.24347
7335089062.5,-26.23663
7335090000.0,-26.2398
7335090937.5,-26.24248
7335091875.0,-26.23464
7335092812.5,-26.23503
7335093750.0,-26.23635
7335094687.5,-26.23449
7335095625.0,-26.23188
7335096562.5,-26.23275
7335097500.0,-26.2322
7335098437.5,-26.23045
7335099375.0,-26.22862
7335100312.5,-26.22483
7335101250.0,-26.22658
7335102187.5,-26.22389
7335103125.0,-26.22616
7335104062.5,-26.22087
7335105000.0,-26.21738
7335105937.5,-26.22147
7335106875.0,-26.22087
7335107812.5,-26.2198
7335108750.0,-26.21439
7335109687.5,-26.21396
7335110625.0,-26.20672
7335111562.5,-26.21368
7335112500.0,-26.20971
7335113437.5,-26.20767
7335114375.0,-26.20758
7335115312.5,-26.20754
7335116250.0,-26.20535
7335117187.5,-26.20411
7335118125.0,-26.20921
7335119062.5,-26.19903
7335120000.0,-26.1971
7335120937.5,-26.1992
7335121875.0,-26.20071
7335122812.5,-26.19657
7335123750.0,-26.19633
7335124687.5,-26.18888
7335125625.0,-26.19541
7335126562.5,-26.19412
7335127500.0,-26.18772
7335128437.5,-26.1878
7335129375.0,-26.18567
7335130312.5,-26.1838
7335131250.0,-26.18306
7335132187.5,-26.18366
7335133125.0,-26.18164
7335134062.5,-26.17907
7335135000.0,-26.1824
7335135937.5,-26.17578
7335136875.0,-26.17947
7335137812.5,-26.17561
7335138750.0,-26.17124
7335139687.5,-26.17314
7335140625.0,-26.17223
7335141562.5,-26.17041
7335142500.0,-26.17328
7335143437.5,-26.16947
7335144375.0,-26.16706
7335145312.5,-26.16889
7335146250.0,-26.16209
7335147187.5,-26.16267
7335148125.0,-26.1609
7335149062.5,-26.1578
7335150000.0,-26.16364
7335150937.5,-26.15726
7335151875.0,-26.15864
7335152812.5,-26.15353
7335153750.0,-26.15454
7335154687.5,-26.1511
7335155625.0,-26.14991
7335156562.5,-26.14826
7335157500.0,-26.14698
7335158437.5,-26.14851
7335159375.0,-26.14468
7335160312.5,-26.1462
7335161250.0,-26.14311
7335162187.5,-26.14232
7335163125.0,-26.14026
7335164062.5,-26.13742
7335165000.0,-26.14213
7335165937.5,-26.13849
7335166875.0,-26.13514
7335167812.5,-26.13346
7335168750.0,-26.13354
7335169687.5,-26.1351
7335170625.0,-26.12937
7335171562.5,-26.1309
7335172500.0,-26.12937
7335173437.5,-26.12916
7335174375.0,-26.1251
7335175312.5,-26.12461
7335176250.0,-26.12041
7335177187.5,-26.12667
7335178125.0,-26.1223
7335179062.5,-26.11661
7335180000.0,-26.11819
7335180937.5,-26.11169
7335181875.0,-26.11924
7335182812.5,-26.10965
7335183750.0,-26.1148
7335184687.5,-26.10949
7335185625.0,-26.11355
7335186562.5,-26.10879
7335187500.0,-26.1093
7335188437.5,-26.10847
7335189375.0,-26.10481
7335190312.5,-26.10308
7335191250.0,-26.0994
7335192187.5,-26.09919
7335193125.0,-26.09863
7335194062.5,-26.09885
7335195000.0,-26.09435
7335195937.5,-26.09636
7335196875.0,-26.09421
7335197812.5,-26.09819
7335198750.0,-26.09274
7335199687.5,-26.08899
7335200625.0,-26.08579
7335201562.5,-26.08611
7335202500.0,-26.08821
7335203437.5,-26.08797
7335204375.0,-26.08394
7335205312.5,-26.08206
7335206250.0,-26.08038
7335207187.5,-26.07921
7335208125.0,-26.0781
7335209062.5,-26.07973
7335210000.0,-26.07663
7335210937.5,-26.07627
7335211875.0,-26.07756
7335212812.5,-26.07572
7335213750.0,-26.07445
7335214687.5,-26.07016
7335215625.0,-26.06637
7335216562.5,-26.06663
7335217500.0,-26.06388
7335218437.5,-26.06472
7335219375.0,-26.06385
7335220312.5,-26.06612
7335221250.0,-26.05957
7335222187.5,-26.05836
7335223125.0,-26.05843
7335224062.5,-26.05473
7335225000.0,-26.05629
7335225937.5,-26.05326
7335226875.0,-26.05417
7335227812.5,-26.05165
7335228750.0,-26.04943
7335229687.5,-26.04502
7335230625.0,-26.0479
7335231562.5,-26.04292
7335232500.0,-26.04858
7335233437.5,-26.0421
7335234375.0,-26.04272
7335235312.5,-26.04267
7335236250.0,-26.03921
7335237187.5,-26.04206
7335238125.0,-26.03749
7335239062.5,-26.03519
7335240000.0,-26.0376
7335240937.5,-26.03121
7335241875.0,-26.03218
7335242812.5,-26.0278
7335243750.0,-26.03141
7335244687.5,-26.02683
7335245625.0,-26.02822
7335246562.5,-26.02518
7335247500.0,-26.02513
7335248437.5,-26.02482
7335249375.0,-26.02289
7335250312.5,-26.01984
7335251250.0,-26.0183
7335252187.5,-26.01704
7335253125.0,-26.01842
7335254062.5,-26.01392
7335255000.0,-26.01448
7335255937.5,-26.01772
7335256875.0,-26.0124
7335257812.5,-26.01449
7335258750.0,-26.00832
7335259687.5,-26.00325
7335260625.0,-26.00551
7335261562.5,-26.00451
7335262500.0,-26.00547
7335263437.5,-26.00255
7335264375.0,-26.00272
7335265312.5,-26.00153
7335266250.0,-25.99994
7335267187.5,-25.99879
7335268125.0,-25.99763
7335269062.5,-25.9945
7335270000.0,-25.99194
7335270937.5,-25.9953
7335271875.0,-25.98785
7335272812.5,-25.99152
7335273750.0,-25.98938
7335274687.5,-25.98543
7335275625.0,-25.98396
7335276562.5,-25.9847
7335277500.0,-25.98429
7335278437.5,-25.98188
7335279375.0,-25.98215
7335280312.5,-25.97927
7335281250.0,-25.97783
7335282187.5,-25.97737
7335283125.0,-25.97583
7335284062.5,-25.97637
7335285000.0,-25.97394
7335285937.5,-25.97222
7335286875.0,-25.9673
7335287812.5,-25.96966
7335288750.0,-25.96843
7335289687.5,-25.97166
7335290625.0,-25.96385
7335291562.5,-25.95968
7335292500.0,-25.96065
7335293437.5,-25.96101
7335294375.0,-25.95962
7335295312.5,-25.95658
7335296250.0,-25.96008
7335297187.5,-25.9543
7335298125.0,-25.95524
7335299062.5,-25.95267
7335300000.0,-25.95179
7335300937.5,-25.94545
7335301875.0,-25.94689
7335302812.5,-25.94774
7335303750.0,-25.94619
7335304687.5,-25.94683
7335305625.0,-25.94427
7335306562.5,-25.9429
7335307500.0,-25.94325
7335308437.5,-25.93924
7335309375.0,-25.93766
7335310312.5,-25.94179
7335311250.0,-25.93709
7335312187.5,-25.93671
7335313125.0,-25.93758
7335314062.5,-25.92991
7335315000.0,-25.93117
7335315937.5,-25.9307
7335316875.0,-25.92919
7335317812.5,-25.92623
7335318750.0,-25.92395
7335319687.5,-25.92392
7335320625.0,-25.9259
7335321562.5,-25.91805
7335322500.0,-25.92303
7335323437.5,-25.91902
7335324375.0,-25.91588
7335325312.5,-25.91684
7335326250.0,-25.9183
7335327187.5,-25.91713
7335328125.0,-25.91002
7335329062.5,-25.90924
7335330000.0,-25.90422
7335330937.5,-25.91035
7335331875.0,-25.90724
7335332812.5,-25.90378
7335333750.0,-25.90619
7335334687.5,-25.90394
7335335625.0,-25.90166
7335336562.5,-25.90325
7335337500.0,-25.89925
7335338437.5,-25.89931
7335339375.0,-25.89951
7335340312.5,-25.89553
7335341250.0,-25.8933
7335342187.5,-25.88777
7335343125.0,-25.89404
7335344062.5,-25.89349
7335345000.0,-25.88726
7335345937.5,-25.88638
7335346875.0,-25.8839
7335347812.5,-25.88327
7335348750.0,-25.88762
7335349687.5,-25.88506
7335350625.0,-25.88244
7335351562.5,-25.88166
7335352500.0,-25.87811
7335353437.5,-25.87816
7335354375.0,-25.87719
7335355312.5,-25.87526
7335356250.0,-25.8724
7335357187.5,-25.87379
7335358125.0,-25.86857
7335359062.5,-25.87343
7335360000.0,-25.87272
7335360937.5,-25.86704
7335361875.0,-25.86747
7335362812.5,-25.86312
7335363750.0,-25.8643
7335364687.5,-25.86435
7335365625.0,-25.86349
7335366562.5,-25.85899
7335367500.0,-25.85948
7335368437.5,-25.85695
7335369375.0,-25.85386
7335370312.5,-25.85538
7335371250.0,-25.85318
7335372187.5,-25.85246
7335373125.0,-25.85141
7335374062.5,-25.8474
7335375000.0,-25.84962
7335375937.5,-25.84794
7335376875.0,-25.84439
7335377812.5,-25.84426
7335378750.0,-25.84031
7335379687.5,-25.84187
7335380625.0,-25.83774
7335381562.5,-25.8365
7335382500.0,-25.83789
7335383437.5,-25.83701
7335384375.0,-25.83235
7335385312.5,-25.83271
7335386250.0,-25.82899
7335387187.5,-25.83073
7335388125.0,-25.83125
7335389062.5,-25.82654
7335390000.0,-25.82228
7335390937.5,-25.82345
7335391875.0,-25.82319
7335392812.5,-25.8197
7335393750.0,-25.82029
7335394687.5,-25.81663
7335395625.0,-25.81881
7335396562.5,-25.81499
7335397500.0,-25.81649
7335398437.5,-25.81634
7335399375.0,-25.81169
7335400312.5,-25.81133
7335401250.0,-25.80535
7335402187.5,-25.81122
7335403125.0,-25.80857
7335404062.5,-25.80486
7335405000.0,-25.80611
7335405937.5,-25.80267
7335406875.0,-25.80443
7335407812.5,-25.79834
7335408750.0,-25.80094
7335409687.5,-25.79455
7335410625.0,-25.79664
7335411562.5,-25.79461
7335412500.0,-25.79429
7335413437.5,-25.79197
7335414375.0,-25.79302
7335415312.5,-25.7899
7335416250.0,-25.79332
7335417187.5,-25.79016
7335418125.0,-25.78687
7335419062.5,-25.7842
7335420000.0,-25.7837
7335420937.5,-25.78029
7335421875.0,-25.78397
7335422812.5,-25.78132
7335423750.0,-25.77604
7335424687.5,-25.77753
7335425625.0,-25.77825
7335426562.5,-25.77501
7335427500.0,-25.7727
7335428437.5,-25.7706
7335429375.0,-25.77105
7335430312.5,-25.76713
7335431250.0,-25.76543
7335432187.5,-25.76858
7335433125.0,-25.76475
7335434062.5,-25.76469
7335435000.0,-25.75898
7335435937.5,-25.75953
7335436875.0,-25.76024
7335437812.5,-25.75814
7335438750.0,-25.75613
7335439687.5,-25.75593
7335440625.0,-25.75167
7335441562.5,-25.75107
7335442500.0,-25.75023
7335443437.5,-25.75675
7335444375.0,-25.7523
7335445312.5,-25.74454
7335446250.0,-25.74657
7335447187.5,-25.74674
7335448125.0,-25.73913
7335449062.5,-25.73911
7335450000.0,-25.73819
7335450937.5,-25.73929
7335451875.0,-25.74172
7335452812.5,-25.73875
7335453750.0,-25.73596
7335454687.5,-25.73288
7335455625.0,-25.73463
7335456562.5,-25.73252
7335457500.0,-25.73343
7335458437.5,-25.73005
7335459375.0,-25.72677
7335460312.5,-25.72891
7335461250.0,-25.72167
7335462187.5,-25.72628
7335463125.0,-25.72415
7335464062.5,-25.72287
7335465000.0,-25.7158
7335465937.5,-25.71699
7335466875.0,-25.71471
7335467812.5,-25.71385
7335468750.0,-25.71
7335469687.5,-25.71668
7335470625.0,-25.70834
7335471562.5,-25.70871
7335472500.0,-25.70957
7335473437.5,-25.70792
7335474375.0,-25.70705
7335475312.5,-25.70197
7335476250.0,-25.7059
7335477187.5,-25.70102
7335478125.0,-25.69746
7335479062.5,-25.69924
7335480000.0,-25.6991
7335480937.5,-25.6951
7335481875.0,-25.69592
7335482812.5,-25.69301
7335483750.0,-25.69596
7335484687.5,-25.68847
7335485625.0,-25.69104
7335486562.5,-25.68952
7335487500.0,-25.68795
7335488437.5,-25.68732
7335489375.0,-25.68514
7335490312.5,-25.68365
7335491250.0,-25.68157
7335492187.5,-25.68242
7335493125.0,-25.68099
7335494062.5,-25.678
7335495000.0,-25.67849
7335495937.5,-25.67563
7335496875.0,-25.6751
7335497812.5,-25.67396
7335498750.0,-25.67169
7335499687.5,-25.66905
7335500625.0,-25.66579
7335501562.5,-25.66836
7335502500.0,-25.66423
7335503437.5,-25.66444
7335504375.0,-25.66506
7335505312.5,-25.66018
7335506250.0,-25.65978
7335507187.5,-25.65868
7335508125.0,-25.65679
7335509062.5,-25.65601
7335510000.0,-25.65611
7335510937.5,-25.65129
7335511875.0,-25.65404
7335512812.5,-25.65248
7335513750.0,-25.65071
7335514687.5,-25.64737
7335515625.0,-25.6484
7335516562.5,-25.64507
7335517500.0,-25.63885
7335518437.5,-25.64102
7335519375.0,-25.64334
7335520312.5,-25.64382
7335521250.0,-25.63855
7335522187.5,-25.63656
7335523125.0,-25.63855
7335524062.5,-25.63283
7335525000.0,-25.62763
7335525937.5,-25.63141
7335526875.0,-25.6328
7335527812.5,-25.62495
7335528750.0,-25.628
7335529687.5,-25.62699
7335530625.0,-25.62564
7335531562.5,-25.62039
7335532500.0,-25.62386
7335533437.5,-25.61767
7335534375.0,-25.61846
7335535312.5,-25.62034
7335536250.0,-25.61547
7335537187.5,-25.61326
7335538125.0,-25.61471
7335539062.5,-25.61147
7335540000.0,-25.61395
7335540937.5,-25.6127
7335541875.0,-25.60619
7335542812.5,-25.6082
7335543750.0,-25.60837
7335544687.5,-25.60397
7335545625.0,-25.60273
7335546562.5,-25.59974
7335547500.0,-25.60144
7335548437.5,-25.59876
7335549375.0,-25.59733
7335550312.5,-25.59716
7335551250.0,-25.5949
7335552187.5,-25.59143
7335553125.0,-25.59293
7335554062.5,-25.5917
7335555000.0,-25.58829
7335555937.5,-25.58691
7335556875.0,-25.58562
7335557812.5,-25.58579
7335558750.0,-25.58339
7335559687.5,-25.58561
7335560625.0,-25.58344
7335561562.5,-25.58178
7335562500.0,-25.58
7335563437.5,-25.57924
7335564375.0,-25.57232
7335565312.5,-25.57419
7335566250.0,-25.57447
7335567187.5,-25.57478
7335568125.0,-25.57144
7335569062.5,-25.56911
7335570000.0,-25.56517
7335570937.5,-25.56707
7335571875.0,-25.56744
7335572812.5,-25.56479
7335573750.0,-25.56265
7335574687.5,-25.55872
7335575625.0,-25.56157
7335576562.5,-25.55644
7335577500.0,-25.55571
7335578437.5,-25.55624
7335579375.0,-25.55379
7335580312.5,-25.55243
7335581250.0,-25.55142
7335582187.5,-25.55209
7335583125.0,-25.54866
7335584062.5,-25.54827
7335585000.0,-25.54514
7335585937.5,-25.54504
7335586875.0,-25.54147
7335587812.5,-25.54123
7335588750.0,-25.53901
7335589687.5,-25.54137
7335590625.0,-25.53549
7335591562.5,-25.54032
7335592500.0,-25.53748
7335593437.5,-25.53513
7335594375.0,-25.53463
7335595312.5,-25.5334
7335596250.0,-25.52972
7335597187.5,-25.53098
7335598125.0,-25.52749
7335599062.5,-25.5286
7335600000.0,-25.52469
7335600937.5,-25.52457
7335601875.0,-25.52022
7335602812.5,-25.51834
7335603750.0,-25.52124
7335604687.5,-25.51679
7335605625.0,-25.51527
7335606562.5,-25.51445
7335607500.0,-25.51058
7335608437.5,-25.51186
7335609375.0,-25.51283
7335610312.5,-25.51055
7335611250.0,-25.50797
7335612187.5,-25.50293
7335613125.0,-25.50621
7335614062.5,-25.50467
7335615000.0,-25.50388
7335615937.5,-25.50196
7335616875.0,-25.50189
7335617812.5,-25.50095
7335618750.0,-25.4982
7335619687.5,-25.49514
7335620625.0,-25.49694
7335621562.5,-25.49136
7335622500.0,-25.49152
7335623437.5,-25.48947
7335624375.0,-25.48976
7335625312.5,-25.486
7335626250.0,-25.48516
7335627187.5,-25.48652
7335628125.0,-25.48585
7335629062.5,-25.48301
7335630000.0,-25.48164
7335630937.5,-25.47989
7335631875.0,-25.47856
7335632812.5,-25.47671
7335633750.0,-25.47812
7335634687.5,-25.4762
7335635625.0,-25.47416
7335636562.5,-25.47217
7335637500.0,-25.47059
7335638437.5,-25.46957
7335639375.0,-25.46246
7335640312.5,-25.46805
7335641250.0,-25.46264
7335642187.5,-25.463
7335643125.0,-25.46239
7335644062.5,-25.46292
7335645000.0,-25.45817
7335645937.5,-25.46079
7335646875.0,-25.45331
7335647812.5,-25.4583
7335648750.0,-25.45003
7335649687.5,-25.45025
7335650625.0,-25.45128
7335651562.5,-25.45116
7335652500.0,-25.45045
7335653437.5,-25.44808
7335654375.0,-25.44607
7335655312.5,-25.44223
7335656250.0,-25.44395
7335657187.5,-25.43737
7335658125.0,-25.44222
7335659062.5,-25.43864
7335660000.0,-25.43441
7335660937.5,-25.43744
7335661875.0,-25.43443
7335662812.5,-25.43271
7335663750.0,-25.4282
7335664687.5,-25.42918
7335665625.0,-25.42605
7335666562.5,-25.43034
7335667500.0,-25.42672
7335668437.5,-25.42333
7335669375.0,-25.42041
7335670312.5,-25.42074
7335671250.0,-25.41636
7335672187.5,-25.41689
7335673125.0,-25.41882
7335674062.5,-25.41696
7335675000.0,-25.4159
7335675937.5,-25.41529
7335676875.0,-25.41408
7335677812.5,-25.41296
7335678750.0,-25.41041
7335679687.5,-25.40682
7335680625.0,-25.4064
7335681562.5,-25.40721
7335682500.0,-25.40456
7335683437.5,-25.4062
7335684375.0,-25.39676
7335685312.5,-25.39934
7335686250.0,-25.39493
7335687187.5,-25.3924
7335688125.0,-25.39537
7335689062.5,-25.39392
7335690000.0,-25.39403
7335690937.5,-25.38772
7335691875.0,-25.39121
7335692812.5,-25.39052
7335693750.0,-25.38848
7335694687.5,-25.38576
7335695625.0,-25.38491
7335696562.5,-25.38344
7335697500.0,-25.37913
7335698437.5,-25.38252
7335699375.0,-25.37755
7335700312.5,-25.37674
7335701250.0,-25.37725
7335702187.5,-25.37281
7335703125.0,-25.37392
7335704062.5,-25.37274
7335705000.0,-25.36933
7335705937.5,-25.36868
7335706875.0,-25.36486
7335707812.5,-25.36544
7335708750.0,-25.36192
7335709687.5,-25.36398
7335710625.0,-25.3625
7335711562.5,-25.36299
7335712500.0,-25.35919
7335713437.5,-25.3561
7335714375.0,-25.35859
7335715312.5,-25.35443
7335716250.0,-25.35529
7335717187.5,-25.35344
7335718125.0,-25.34833
7335719062.5,-25.34893
7335720000.0,-25.34831
7335720937.5,-25.34551
7335721875.0,-25.34352
7335722812.5,-25.34481
7335723750.0,-25.34043
7335724687.5,-25.34134
7335725625.0,-25.33966
7335726562.5,-25.33795
7335727500.0,-25.33579
7335728437.5,-25.33315
7335729375.0,-25.33451
7335730312.5,-25.33411
7335731250.0,-25.33299
7335732187.5,-25.3263
7335733125.0,-25.3283
7335734062.5,-25.32837
7335735000.0,-25.32754
7335735937.5,-25.32771
7335736875.0,-25.32457
7335737812.5,-25.3207
7335738750.0,-25.32114
7335739687.5,-25.31768
7335740625.0,-25.31761
7335741562.5,-25.31104
7335742500.0,-25.3162
7335743437.5,-25.31222
7335744375.0,-25.31105
7335745312.5,-25.30783
7335746250.0,-25.30467
7335747187.5,-25.3093
7335748125.0,-25.30713
7335749062.5,-25.30647
7335750000.0,-25.30207
7335750937.5,-25.30218
7335751875.0,-25.29906
7335752812.5,-25.30173
7335753750.0,-25.29712
7335754687.5,-25.30023
7335755625.0,-25.29943
7335756562.5,-25.29017
7335757500.0,-25.29559
7335758437.5,-25.29675
7335759375.0,-25.29085
7335760312.5,-25.29001
7335761250.0,-25.28492
7335762187.5,-25.28729
7335763125.0,-25.2864
7335764062.5,-25.28376
7335765000.0,-25.28224
7335765937.5,-25.27865
7335766875.0,-25.27505
7335767812.5,-25.27687
7335768750.0,-25.27358
7335769687.5,-25.27244
7335770625.0,-25.27203
7335771562.5,-25.27412
7335772500.0,-25.26971
7335773437.5,-25.2662
7335774375.0,-25.26799
7335775312.5,-25.27002
7335776250.0,-25.26593
7335777187.5,-25.2614
7335778125.0,-25.26255
7335779062.5,-25.26144
7335780000.0,-25.25709
7335780937.5,-25.25649
7335781875.0,-25.25745
7335782812.5,-25.25257
7335783750.0,-25.25441
7335784687.5,-25.25085
7335785625.0,-25.25007
7335786562.5,-25.24934
7335787500.0,-25.24859
7335788437.5,-25.24798
7335789375.0,-25.24396
7335790312.5,-25.24258
7335791250.0,-25.24231
7335792187.5,-25.24222
7335793125.0,-25.23893
7335794062.5,-25.23704
7335795000.0,-25.23578
7335795937.5,-25.23662
7335796875.0,-25.23283
7335797812.5,-25.23656
7335798750.0,-25.22867
7335799687.5,-25.22915
7335800625.0,-25.22776
7335801562.5,-25.22537
7335802500.0,-25.22423
7335803437.5,-25.21947
7335804375.0,-25.2229
7335805312.5,-25.21795
7335806250.0,-25.21889
7335807187.5,-25.2159
7335808125.0,-25.21656
7335809062.5,-25.21197
7335810000.0,-25.21478
7335810937.5,-25.21177
7335811875.0,-25.21344
7335812812.5,-25.20888
7335813750.0,-25.20838
7335814687.5,-25.20307
7335815625.0,-25.20522
7335816562.5,-25.20221
7335817500.0,-25.2048
7335818437.5,-25.19846
7335819375.0,-25.20093
7335820312.5,-25.19903
7335821250.0,-25.19804
7335822187.5,-25.19629
7335823125.0,-25.19231
7335824062.5,-25.19401
7335825000.0,-25.19204
7335825937.5,-25.18882
7335826875.0,-25.18879
7335827812.5,-25.1853
7335828750.0,-25.18525
7335829687.5,-25.1809
7335830625.0,-25.18072
7335831562.5,-25.18129
7335832500.0,-25.18215
7335833437.5,-25.17874
7335834375.0,-25.17927
7335835312.5,-25.17394
7335836250.0,-25.17317
7335837187.5,-25.17225
7335838125.0,-25.17084
7335839062.5,-25.16477
7335840000.0,-25.16519
7335840937.5,-25.16719
7335841875.0,-25.16622
7335842812.5,-25.1642
7335843750.0,-25.16312
7335844687.5,-25.16121
7335845625.0,-25.16072
7335846562.5,-25.15545
7335847500.0,-25.15591
7335848437.5,-25.15519
7335849375.0,-25.15098
7335850312.5,-25.15419
7335851250.0,-25.1506
7335852187.5,-25.14962
7335853125.0,-25.14674
7335854062.5,-25.14738
7335855000.0,-25.14487
7335855937.5,-25.14479
7335856875.0,-25.13987
7335857812.5,-25.1416
7335858750.0,-25.13615
7335859687.5,-25.137
7335860625.0,-25.13708
7335861562.5,-25.13269
7335862500.0,-25.13228
7335863437.5,-25.13006
7335864375.0,-25.13067
7335865312.5,-25.13179
7335866250.0,-25.12671
7335867187.5,-25.12668
7335868125.0,-25.12506
7335869062.5,-25.12441
7335870000.0,-25.12244
7335870937.5,-25.12001
7335871875.0,-25.12138
7335872812.5,-25.11618
7335873750.0,-25.11491
7335874687.5,-25.11516
7335875625.0,-25.11848
7335876562.5,-25.11684
7335877500.0,-25.10921
7335878437.5,-25.10955
7335879375.0,-25.10806
7335880312.5,-25.10546
7335881250.0,-25.10589
7335882187.5,-25.1046
7335883125.0,-25.10311
7335884062.5,-25.1006
7335885000.0,-25.10212
7335885937.5,-25.10089
7335886875.0,-25.09376
7335887812.5,-25.09669
7335888750.0,-25.09274
7335889687.5,-25.09276
7335890625.0,-25.09111
7335891562.5,-25.08927
7335892500.0,-25.08879
7335893437.5,-25.088
7335894375.0,-25.08459
7335895312.5,-25.08303
7335896250.0,-25.08186
7335897187.5,-25.07937
7335898125.0,-25.08088
7335899062.5,-25.07651
7335900000.0,-25.07636
7335900937.5,-25.07182
7335901875.0,-25.07474
7335902812.5,-25.07183
7335903750.0,-25.06966
7335904687.5,-25.07157
7335905625.0,-25.07168
7335906562.5,-25.06538
7335907500.0,-25.06414
7335908437.5,-25.06329
7335909375.0,-25.0607
7335910312.5,-25.0627
7335911250.0,-25.06042
7335912187.5,-25.05514
7335913125.0,-25.05265
7335914062.5,-25.05311
7335915000.0,-25.05161
7335915937.5,-25.04993
7335916875.0,-25.04932
7335917812.5,-25.04924
7335918750.0,-25.04591
7335919687.5,-25.04247
7335920625.0,-25.04506
7335921562.5,-25.04347
7335922500.0,-25.04319
7335923437.5,-25.04306
7335924375.0,-25.04009
7335925312.5,-25.03848
7335926250.0,-25.03771
7335927187.5,-25.03324
7335928125.0,-25.03196
7335929062.5,-25.03155
7335930000.0,-25.03141
7335930937.5,-25.02848
7335931875.0,-25.02932
7335932812.5,-25.02368
7335933750.0,-25.02508
7335934687.5,-25.02839
7335935625.0,-25.02185
7335936562.5,-25.02333
7335937500.0,-25.02474
7335938437.5,-25.019
7335939375.0,-25.01685
7335940312.5,-25.01722
7335941250.0,-25.01472
7335942187.5,-25.01298
7335943125.0,-25.01027
7335944062.5,-25.00865
7335945000.0,-25.00797
7335945937.5,-25.00823
7335946875.0,-25.00354
7335947812.5,-25.00313
7335948750.0,-25.00155
7335949687.5,-24.99938
7335950625.0,-25.00119
7335951562.5,-24.99849
7335952500.0,-24.99634
7335953437.5,-24.9958
7335954375.0,-24.99557
7335955312.5,-24.99067
7335956250.0,-24.99222
7335957187.5,-24.98901
7335958125.0,-24.98491
7335959062.5,-24.99017
7335960000.0,-24.98495
7335960937.5,-24.98452
7335961875.0,-24.9826
7335962812.5,-24.97986
7335963750.0,-24.98163
7335964687.5,-24.9792
7335965625.0,-24.9777
7335966562.5,-24.97518
7335967500.0,-24.97284
7335968437.5,-24.97104
7335969375.0,-24.97149
7335970312.5,-24.97032
7335971250.0,-24.96626
7335972187.5,-24.96489
7335973125.0,-24.96686
7335974062.5,-24.96317
7335975000.0,-24.96317
7335975937.5,-24.96198
7335976875.0,-24.96131
7335977812.5,-24.95411
7335978750.0,-24.95272
7335979687.5,-24.95561
7335980625.0,-24.95225
7335981562.5,-24.94963
7335982500.0,-24.95026
7335983437.5,-24.94955
7335984375.0,-24.94572
7335985312.5,-24.94776
7335986250.0,-24.94263
7335987187.5,-24.94359
7335988125.0,-24.93937
7335989062.5,-24.94086
7335990000.0,-24.93777
7335990937.5,-24.93682
7335991875.0,-24.93564
7335992812.5,-24.93577
7335993750.0,-24.9345
7335994687.5,-24.93308
7335995625.0,-24.93198
7335996562.5,-24.92622
7335997500.0,-24.92922
7335998437.5,-24.92425
7335999375.0,-24.92417
7336000312.5,-24.92038
7336001250.0,-24.9206
7336002187.5,-24.92105
7336003125.0,-24.91889
7336004062.5,-24.918
7336005000.0,-24.92268
7336005937.5,-24.9169
7336006875.0,-24.91126
7336007812.5,-24.91257
7336008750.0,-24.90865
7336009687.5,-24.90797
7336010625.0,-24.91067
7336011562.5,-24.90512
7336012500.0,-24.90498
7336013437.5,-24.9006
7336014375.0,-24.90104
7336015312.5,-24.8985
7336016250.0,-24.89794
7336017187.5,-24.897
7336018125.0,-24.897
7336019062.5,-24.8954
7336020000.0,-24.89185
7336020937.5,-24.89068
7336021875.0,-24.88828
7336022812.5,-24.88684
7336023750.0,-24.88765
7336024687.5,-24.88514
7336025625.0,-24.88533
7336026562.5,-24.88091
7336027500.0,-24.87819
7336028437.5,-24.87807
7336029375.0,-24.87836
7336030312.5,-24.87702
7336031250.0,-24.87389
7336032187.5,-24.87426
7336033125.0,-24.87206
7336034062.5,-24.87144
7336035000.0,-24.8697
7336035937.5,-24.86768
7336036875.0,-24.86543
7336037812.5,-24.86447
7336038750.0,-24.86361
7336039687.5,-24.86446
7336040625.0,-24.86036
7336041562.5,-24.85843
7336042500.0,-24.85687
7336043437.5,-24.85977
7336044375.0,-24.85514
7336045312.5,-24.85088
7336046250.0,-24.85294
7336047187.5,-24.84896
7336048125.0,-24.84654
7336049062.5,-24.8448
7336050000.0,-24.84466
7336050937.5,-24.84379
7336051875.0,-24.84305
7336052812.5,-24.84261
7336053750.0,-24.83932
7336054687.5,-24.83466
7336055625.0,-24.8395
7336056562.5,-24.83517
7336057500.0,-24.83105
7336058437.5,-24.83198
7336059375.0,-24.82984
7336060312.5,-24.83142
7336061250.0,-24.8285
7336062187.5,-24.82593
7336063125.0,-24.82738
7336064062.5,-24.82403
7336065000.0,-24.82132
7336065937.5,-24.82366
7336066875.0,-24.82077
7336067812.5,-24.81779
7336068750.0,-24.81451
7336069687.5,-24.81487
7336070625.0,-24.81271
7336071562.5,-24.81133
7336072500.0,-24.80966
7336073437.5,-24.80683
7336074375.0,-24.80759
7336075312.5,-24.80551
7336076250.0,-24.80569
7336077187.5,-24.80415
7336078125.0,-24.80067
7336079062.5,-24.79959
7336080000.0,-24.7989
7336080937.5,-24.79877
7336081875.0,-24.7981
7336082812.5,-24.79379
7336083750.0,-24.79639
7336084687.5,-24.79233
7336085625.0,-24.7904
7336086562.5,-24.78525
7336087500.0,-24.78853
7336088437.5,-24.78582
7336089375.0,-24.78529
7336090312.5,-24.78265
7336091250.0,-24.78071
7336092187.5,-24.77672
7336093125.0,-24.77903
7336094062.5,-24.77496
7336095000.0,-24.77502
7336095937.5,-24.77299
7336096875.0,-24.77254
7336097812.5,-24.76862
7336098750.0,-24.7696
7336099687.5,-24.76827
7336100625.0,-24.76794
7336101562.5,-24.76537
7336102500.0,-24.76307
7336103437.5,-24.76063
7336104375.0,-24.7589
7336105312.5,-24.7565
7336106250.0,-24.75625
7336107187.5,-24.7554
7336108125.0,-24.7549
7336109062.5,-24.75266
7336110000.0,-24.75329
7336110937.5,-24.74805
7336111875.0,-24.74932
7336112812.5,-24.74905
7336113750.0,-24.7484
7336114687.5,-24.74363
7336115625.0,-24.74454
7336116562.5,-24.74056
7336117500.0,-24.74285
7336118437.5,-24.73702
7336119375.0,-24.73751
7336120312.5,-24.73368
7336121250.0,-24.73292
7336122187.5,-24.73306
7336123125.0,-24.73023
7336124062.5,-24.73259
7336125000.0,-24.72573
7336125937.5,-24.72613
7336126875.0,-24.72515
7336127812.5,-24.72436
7336128750.0,-24.72118
7336129687.5,-24.72489
7336130625.0,-24.71778
7336131562.5,-24.72119
7336132500.0,-24.71744
7336133437.5,-24.71631
7336134375.0,-24.71238
7336135312.5,-24.71289
7336136250.0,-24.7077
7336137187.5,-24.70696
7336138125.0,-24.70537
7336139062.5,-24.70481
7336140000.0,-24.70691
7336140937.5,-24.6999
7336141875.0,-24.69939
7336142812.5,-24.69986
7336143750.0,-24.69952
7336144687.5,-24.69533
7336145625.0,-24.69542
7336146562.5,-24.69323
7336147500.0,-24.69091
7336148437.5,-24.68933
7336149375.0,-24.68763
7336150312.5,-24.68483
7336151250.0,-24.68658
7336152187.5,-24.6839
7336153125.0,-24.68148
7336154062.5,-24.6822
7336155000.0,-24.67856
7336155937.5,-24.67832
7336156875.0,-24.67531
7336157812.5,-24.67834
7336158750.0,-24.67587
7336159687.5,-24.672
7336160625.0,-24.67489
7336161562.5,-24.67165
7336162500.0,-24.66629
7336163437.5,-24.66832
7336164375.0,-24.66524
7336165312.5,-24.6633
7336166250.0,-24.66309
7336167187.5,-24.66034
7336168125.0,-24.66034
7336169062.5,-24.65731
7336170000.0,-24.65598
7336170937.5,-24.65684
7336171875.0,-24.6543
7336172812.5,-24.64676
7336173750.0,-24.64815
7336174687.5,-24.64786
7336175625.0,-24.64609
7336176562.5,-24.64598
7336177500.0,-24.64539
7336178437.5,-24.64391
7336179375.0,-24.64428
7336180312.5,-24.63956
7336181250.0,-24.63633
7336182187.5,-24.63841
7336183125.0,-24.63362
7336184062.5,-24.63441
7336185000.0,-24.63262
7336185937.5,-24.63158
7336186875.0,-24.63179
7336187812.5,-24.62909
7336188750.0,-24.6232
7336189687.5,-24.62627
7336190625.0,-24.62244
7336191562.5,-24.62302
7336192500.0,-24.61877
7336193437.5,-24.62085
7336194375.0,-24.6201
7336195312.5,-24.61685
7336196250.0,-24.61515
7336197187.5,-24.6135
7336198125.0,-24.6104
7336199062.5,-24.6107
7336200000.0,-24.60729
7336200937.5,-24.60898
7336201875.0,-24.60561
7336202812.5,-24.60243
7336203750.0,-24.60295
7336204687.5,-24.6027
7336205625.0,-24.60129
7336206562.5,-24.60066
7336207500.0,-24.59591
7336208437.5,-24.59855
7336209375.0,-24.59398
7336210312.5,-24.59368
7336211250.0,-24.58907
7336212187.5,-24.59046
7336213125.0,-24.58704
7336214062.5,-24.58408
7336215000.0,-24.58651
7336215937.5,-24.58475
7336216875.0,-24.58117
7336217812.5,-24.57934
7336218750.0,-24.58087
7336219687.5,-24.57678
7336220625.0,-24.57487
7336221562.5,-24.57275
7336222500.0,-24.57298
7336223437.5,-24.57174
7336224375.0,-24.56498
7336225312.5,-24.5665
7336226250.0,-24.56621
7336227187.5,-24.56438
7336228125.0,-24.5632
7336229062.5,-24.56088
7336230000.0,-24.55675
7336230937.5,-24.55922
7336231875.0,-24.55597
7336232812.5,-24.55529
7336233750.0,-24.55283
7336234687.5,-24.55252
7336235625.0,-24.55355
7336236562.5,-24.54824
7336237500.0,-24.54679
7336238437.5,-24.5447
7336239375.0,-24.54394
7336240312.5,-24.54533
7336241250.0,-24.54419
7336242187.5,-24.54361
7336243125.0,-24.53886
7336244062.5,-24.5401
7336245000.0,-24.53688
7336245937.5,-24.53277
7336246875.0,-24.53256
7336247812.5,-24.53088
7336248750.0,-24.53018
7336249687.5,-24.52959
7336250625.0,-24.52466
7336251562.5,-24.52777
7336252500.0,-24.52268
7336253437.5,-24.52333
7336254375.0,-24.51904
7336255312.5,-24.52154
7336256250.0,-24.51602
7336257187.5,-24.51702
7336258125.0,-24.51012
7336259062.5,-24.5128
7336260000.0,-24.5112
7336260937.5,-24.512
7336261875.0,-24.50815
7336262812.5,-24.50607
7336263750.0,-24.50614
7336264687.5,-24.50246
7336265625.0,-24.50134
7336266562.5,-24.49861
7336267500.0,-24.49815
7336268437.5,-24.4985
7336269375.0,-24.49108
7336270312.5,-24.49638
7336271250.0,-24.49117
7336272187.5,-24.48832
7336273125.0,-24.48834
7336274062.5,-24.48995
7336275000.0,-24.48753
7336275937.5,-24.48658
7336276875.0,-24.4851
7336277812.5,-24.48198
7336278750.0,-24.47849
7336279687.5,-24.48114
7336280625.0,-24.47656
7336281562.5,-24.47594
7336282500.0,-24.47311
7336283437.5,-24.47261
7336284375.0,-24.47249
7336285312.5,-24.46832
7336286250.0,-24.46689
7336287187.5,-24.46616
7336288125.0,-24.46595
7336289062.5,-24.46134
7336290000.0,-24.46059
7336290937.5,-24.46262
7336291875.0,-24.45723
7336292812.5,-24.45774
7336293750.0,-24.45685
7336294687.5,-24.45454
7336295625.0,-24.45125
7336296562.5,-24.45285
7336297500.0,-24.45234
7336298437.5,-24.44784
7336299375.0,-24.44511
7336300312.5,-24.44816
7336301250.0,-24.44344
7336302187.5,-24.44343
7336303125.0,-24.44182
7336304062.5,-24.43884
7336305000.0,-24.43841
7336305937.5,-24.44053
7336306875.0,-24.43502
7336307812.5,-24.43401
7336308750.0,-24.43352
7336309687.5,-24.4289
7336310625.0,-24.43008
7336311562.5,-24.43013
7336312500.0,-24.42564
7336313437.5,-24.42625
7336314375.0,-24.42416
7336315312.5,-24.42145
7336316250.0,-24.41957
7336317187.5,-24.4188
7336318125.0,-24.4166
7336319062.5,-24.41886
7336320000.0,-24.41242
7336320937.5,-24.41378
7336321875.0,-24.41457
7336322812.5,-24.40785
7336323750.0,-24.40901
7336324687.5,-24.40477
7336325625.0,-24.40351
7336326562.5,-24.40377
7336327500.0,-24.40029
7336328437.5,-24.40145
7336329375.0,-24.39823
7336330312.5,-24.39477
7336331250.0,-24.39919
7336332187.5,-24.39405
7336333125.0,-24.39346
7336334062.5,-24.39559
7336335000.0,-24.39184
7336335937.5,-24.38614
7336336875.0,-24.38489
7336337812.5,-24.3832
7336338750.0,-24.38403
7336339687.5,-24.37782
7336340625.0,-24.37953
7336341562.5,-24.37945
7336342500.0,-24.37847
7336343437.5,-24.37577
7336344375.0,-24.37674
7336345312.5,-24.37378
7336346250.0,-24.3725
7336347187.5,-24.37056
7336348125.0,-24.36831
7336349062.5,-24.3659
7336350000.0,-24.36726
7336350937.5,-24.36451
7336351875.0,-24.3625
7336352812.5,-24.35893
7336353750.0,-24.3604
7336354687.5,-24.35834
7336355625.0,-24.3552
7336356562.5,-24.35458
7336357500.0,-24.35381
7336358437.5,-24.35223
7336359375.0,-24.34954
7336360312.5,-24.3493
7336361250.0,-24.34727
7336362187.5,-24.3469
7336363125.0,-24.34385
7336364062.5,-24.34144
7336365000.0,-24.33953
7336365937.5,-24.33821
7336366875.0,-24.33877
7336367812.5,-24.33736
7336368750.0,-24.33265
7336369687.5,-24.33178
7336370625.0,-24.32963
7336371562.5,-24.32775
7336372500.0,-24.32829
7336373437.5,-24.32527
7336374375.0,-24.325
7336375312.5,-24.32599
7336376250.0,-24.31901
7336377187.5,-24.31748
7336378125.0,-24.31737
7336379062.5,-24.31899
7336380000.0,-24.31475
7336380937.5,-24.31369
7336381875.0,-24.31077
7336382812.5,-24.30916
7336383750.0,-24.30831
7336384687.5,-24.30644
7336385625.0,-24.3086
7336386562.5,-24.30528
7336387500.0,-24.29853
7336388437.5,-24.30169
7336389375.0,-24.30012
7336390312.5,-24.2948
7336391250.0,-24.29574
7336392187.5,-24.29356
7336393125.0,-24.29257
7336394062.5,-24.28903
7336395000.0,-24.28838
7336395937.5,-24.28869
7336396875.0,-24.28856
7336397812.5,-24.28514
7336398750.0,-24.28393
7336399687.5,-24.28188
7336400625.0,-24.28174
7336401562.5,-24.28391
7336402500.0,-24.28066
7336403437.5,-24.27654
7336404375.0,-24.27773
7336405312.5,-24.27393
7336406250.0,-24.27393
7336407187.5,-24.26941
7336408125.0,-24.2658
7336409062.5,-24.26652
7336410000.0,-24.26777
7336410937.5,-24.2649
7336411875.0,-24.26411
7336412812.5,-24.26309
7336413750.0,-24.26143
7336414687.5,-24.25782
7336415625.0,-24.2583
7336416562.5,-24.25649
7336417500.0,-24.25303
7336418437.5,-24.2494
7336419375.0,-24.24857
7336420312.5,-24.25206
7336421250.0,-24.24876
7336422187.5,-24.24592
7336423125.0,-24.24581
7336424062.5,-24.24353
7336425000.0,-24.24173
7336425937.5,-24.24033
7336426875.0,-24.24133
7336427812.5,-24.23652
7336428750.0,-24.23475
7336429687.5,-24.23497
7336430625.0,-24.23391
7336431562.5,-24.23107
7336432500.0,-24.22978
7336433437.5,-24.22677
7336434375.0,-24.22872
7336435312.5,-24.22683
7336436250.0,-24.22334
7336437187.5,-24.22115
7336438125.0,-24.21967
7336439062.5,-24.21525
7336440000.0,-24.21524
7336440937.5,-24.21733
7336441875.0,-24.21104
7336442812.5,-24.209
7336443750.0,-24.20757
7336444687.5,-24.21176
7336445625.0,-24.20592
7336446562.5,-24.20481
7336447500.0,-24.20433
7336448437.5,-24.20267
7336449375.0,-24.199
7336450312.5,-24.19674
7336451250.0,-24.19626
7336452187.5,-24.19487
7336453125.0,-24.19209
7336454062.5,-24.19081
7336455000.0,-24.19239
7336455937.5,-24.18876
7336456875.0,-24.18726
7336457812.5,-24.18673
7336458750.0,-24.18597
7336459687.5,-24.17916
7336460625.0,-24.17946
7336461562.5,-24.18238
7336462500.0,-24.1773
7336463437.5,-24.17674
7336464375.0,-24.17403
7336465312.5,-24.1731
7336466250.0,-24.17345
7336467187.5,-24.16862
7336468125.0,-24.16928
7336469062.5,-24.16765
7336470000.0,-24.16636
7336470937.5,-24.16372
7336471875.0,-24.16334
7336472812.5,-24.16156
7336473750.0,-24.1562
7336474687.5,-24.15626
7336475625.0,-24.15451
7336476562.5,-24.15508
7336477500.0,-24.15476
7336478437.5,-24.15247
7336479375.0,-24.15143
7336480312.5,-24.15101
7336481250.0,-24.14522
7336482187.5,-24.14465
7336483125.0,-24.14491
7336484062.5,-24.1422
7336485000.0,-24.13942
7336485937.5,-24.14084
7336486875.0,-24.13639
7336487812.5,-24.13427
7336488750.0,-24.13158
7336489687.5,-24.13679
7336490625.0,-24.13176
7336491562.5,-24.13119
7336492500.0,-24.12754
7336493437.5,-24.12498
7336494375.0,-24.12323
7336495312.5,-24.12241
7336496250.0,-24.12351
7336497187.5,-24.12012
7336498125.0,-24.11602
7336499062.5,-24.11794
7336500000.0,-24.11452
7336500937.5,-24.11463
7336501875.0,-24.11061
7336502812.5,-24.11462
7336503750.0,-24.10983
7336504687.5,-24.10843
7336505625.0,-24.10356
7336506562.5,-24.10494
7336507500.0,-24.10202
7336508437.5,-24.10048
7336509375.0,-24.09658
7336510312.5,-24.09784
7336511250.0,-24.09571
7336512187.5,-24.09646
7336513125.0,-24.09433
7336514062.5,-24.08967
7336515000.0,-24.09017
7336515937.5,-24.08862
7336516875.0,-24.0869
7336517812.5,-24.08651
7336518750.0,-24.08196
7336519687.5,-24.08313
7336520625.0,-24.07981
7336521562.5,-24.08177
7336522500.0,-24.07957
7336523437.5,-24.07693
7336524375.0,-24.07172
7336525312.5,-24.0748
7336526250.0,-24.07083
7336527187.5,-24.06997
7336528125.0,-24.06823
7336529062.5,-24.06667
7336530000.0,-24.06373
7336530937.5,-24.06376
7336531875.0,-24.06325
7336532812.5,-24.0591
7336533750.0,-24.05711
7336534687.5,-24.05705
7336535625.0,-24.05666
7336536562.5,-24.05051
7336537500.0,-24.05008
7336538437.5,-24.04941
7336539375.0,-24.05228
7336540312.5,-24.0503
7336541250.0,-24.04712
7336542187.5,-24.04372
7336543125.0,-24.04275
7336544062.5,-24.03823
7336545000.0,-24.03733
7336545937.5,-24.03638
7336546875.0,-24.03782
7336547812.5,-24.03416
7336548750.0,-24.03286
7336549687.5,-24.03594
7336550625.0,-24.03079
7336551562.5,-24.02883
7336552500.0,-24.02759
7336553437.5,-24.02577
7336554375.0,-24.0217
7336555312.5,-24.02136
7336556250.0,-24.02049
7336557187.5,-24.01849
7336558125.0,-24.01811
7336559062.5,-24.02026
7336560000.0,-24.0146
7336560937.5,-24.01235
7336561875.0,-24.01029
7336562812.5,-24.00883
7336563750.0,-24.00665
7336564687.5,-24.00695
7336565625.0,-24.00556
7336566562.5,-24.00583
7336567500.0,-24.00434
7336568437.5,-24.00009
7336569375.0,-23.99667
7336570312.5,-23.99798
7336571250.0,-23.99243
7336572187.5,-23.99171
7336573125.0,-23.9896
7336574062.5,-23.99113
7336575000.0,-23.98892
7336575937.5,-23.98612
7336576875.0,-23.98299
7336577812.5,-23.98515
7336578750.0,-23.98256
7336579687.5,-23.98012
7336580625.0,-23.9785
7336581562.5,-23.97899
7336582500.0,-23.97539
7336583437.5,-23.97514
7336584375.0,-23.97287
7336585312.5,-23.96823
7336586250.0,-23.96889
7336587187.5,-23.9669
7336588125.0,-23.96485
7336589062.5,-23.96197
7336590000.0,-23.96274
7336590937.5,-23.96
7336591875.0,-23.95778
7336592812.5,-23.95768
7336593750.0,-23.95376
7336594687.5,-23.95527
7336595625.0,-23.94905
7336596562.5,-23.9493
7336597500.0,-23.94748
7336598437.5,-23.9482
7336599375.0,-23.94463
7336600312.5,-23.94648
7336601250.0,-23.94416
7336602187.5,-23.94145
7336603125.0,-23.9421
7336604062.5,-23.93855
7336605000.0,-23.93585
7336605937.5,-23.93645
7336606875.0,-23.93294
7336607812.5,-23.93399
7336608750.0,-23.93056
7336609687.5,-23.92642
7336610625.0,-23.9277
7336611562.5,-23.9264
7336612500.0,-23.92239
7336613437.5,-23.9242
7336614375.0,-23.91992
7336615312.5,-23.92349
7336616250.0,-23.91813
7336617187.5,-23.916
7336618125.0,-23.91315
7336619062.5,-23.91417
7336620000.0,-23.90806
7336620937.5,-23.90772
7336621875.0,-23.90936
7336622812.5,-23.90723
7336623750.0,-23.90423
7336624687.5,-23.90287
7336625625.0,-23.89923
7336626562.5,-23.90337
7336627500.0,-23.89927
7336628437.5,-23.89779
7336629375.0,-23.89758
7336630312.5,-23.89238
7336631250.0,-23.88864
7336632187.5,-23.89247
7336633125.0,-23.88804
7336634062.5,-23.8872
7336635000.0,-23.887
7336635937.5,-23.88216
7336636875.0,-23.88295
7336637812.5,-23.88045
7336638750.0,-23.87731
7336639687.5,-23.87487
7336640625.0,-23.87409
7336641562.5,-23.87557
7336642500.0,-23.87102
7336643437.5,-23.87255
7336644375.0,-23.86982
7336645312.5,-23.86859
7336646250.0,-23.86461
7336647187.5,-23.86334
7336648125.0,-23.86056
7336649062.5,-23.86088
7336650000.0,-23.86083
7336650937.5,-23.85777
7336651875.0,-23.85932
7336652812.5,-23.85596
7336653750.0,-23.85354
7336654687.5,-23.85106
7336655625.0,-23.85088
7336656562.5,-23.84738
7336657500.0,-23.84314
7336658437.5,-23.84207
7336659375.0,-23.84566
7336660312.5,-23.84025
7336661250.0,-23.84055
7336662187.5,-23.83638
7336663125.0,-23.83675
7336664062.5,-23.83538
7336665000.0,-23.83316
7336665937.5,-23.83116
7336666875.0,-23.83048
7336667812.5,-23.83016
7336668750.0,-23.82953
7336669687.5,-23.82644
7336670625.0,-23.8231
7336671562.5,-23.82171
7336672500.0,-23.81931
7336673437.5,-23.81754
7336674375.0,-23.81913
7336675312.5,-23.81644
7336676250.0,-23.81376
7336677187.5,-23.81429
7336678125.0,-23.81025
7336679062.5,-23.80707
7336680000.0,-23.80654
7336680937.5,-23.80735
7336681875.0,-23.80397
7336682812.5,-23.80468
7336683750.0,-23.79918
7336684687.5,-23.80144
7336685625.0,-23.79746
7336686562.5,-23.79488
7336687500.0,-23.793
7336688437.5,-23.79232
7336689375.0,-23.79277
7336690312.5,-23.78922
7336691250.0,-23.78822
7336692187.5,-23.7865
7336693125.0,-23.78342
7336694062.5,-23.78164
7336695000.0,-23.78129
7336695937.5,-23.77957
7336696875.0,-23.77745
7336697812.5,-23.7768
7336698750.0,-23.7729
7336699687.5,-23.77456
7336700625.0,-23.77049
7336701562.5,-23.76991
7336702500.0,-23.76778
7336703437.5,-23.76623
7336704375.0,-23.76505
7336705312.5,-23.76213
7336706250.0,-23.7622
7336707187.5,-23.75913
7336708125.0,-23.75742
7336709062.5,-23.75744
7336710000.0,-23.75692
7336710937.5,-23.75428
7336711875.0,-23.75429
7336712812.5,-23.74886
7336713750.0,-23.74547
7336714687.5,-23.74577
7336715625.0,-23.74191
7336716562.5,-23.7429
7336717500.0,-23.74177
7336718437.5,-23.74119
7336719375.0,-23.74037
7336720312.5,-23.73729
7336721250.0,-23.73924
7336722187.5,-23.73651
7336723125.0,-23.73033
7336724062.5,-23.7297
7336725000.0,-23.72798
7336725937.5,-23.727
7336726875.0,-23.72529
7336727812.5,-23.72093
7336728750.0,-23.72514
7336729687.5,-23.7225
7336730625.0,-23.71748
7336731562.5,-23.71535
7336732500.0,-23.71156
7336733437.5,-23.71234
7336734375.0,-23.7099
7336735312.5,-23.71224
7336736250.0,-23.70873
7336737187.5,-23.70952
7336738125.0,-23.70546
7336739062.5,-23.7057
7336740000.0,-23.70099
7336740937.5,-23.70296
7336741875.0,-23.70096
7336742812.5,-23.69635
7336743750.0,-23.69547
7336744687.5,-23.69604
7336745625.0,-23.69422
7336746562.5,-23.69115
7336747500.0,-23.6888
7336748437.5,-23.68969
7336749375.0,-23.68687
7336750312.5,-23.68306
7336751250.0,-23.68389
7336752187.5,-23.6807
7336753125.0,-23.68109
7336754062.5,-23.67934
7336755000.0,-23.6768
7336755937.5,-23.67372
7336756875.0,-23.67063
7336757812.5,-23.67126
7336758750.0,-23.66966
7336759687.5,-23.66679
7336760625.0,-23.66477
7336761562.5,-23.66369
7336762500.0,-23.66011
7336763437.5,-23.66015
7336764375.0,-23.66058
7336765312.5,-23.65797
7336766250.0,-23.65642
7336767187.5,-23.65525
7336768125.0,-23.65229
7336769062.5,-23.64829
7336770000.0,-23.6489
7336770937.5,-23.64959
7336771875.0,-23.64443
7336772812.5,-23.6447
7336773750.0,-23.64148
7336774687.5,-23.64479
7336775625.0,-23.63898
7336776562.5,-23.63769
7336777500.0,-23.63529
7336778437.5,-23.637
7336779375.0,-23.63193
7336780312.5,-23.63224
7336781250.0,-23.62929
7336782187.5,-23.62796
7336783125.0,-23.6267
7336784062.5,-23.62369
7336785000.0,-23.62277
7336785937.5,-23.61919
7336786875.0,-23.6219
7336787812.5,-23.61836
7336788750.0,-23.6192
7336789687.5,-23.6132
7336790625.0,-23.61425
7336791562.5,-23.61281
7336792500.0,-23.61002
7336793437.5,-23.60818
7336794375.0,-23.60527
7336795312.5,-23.60845
7336796250.0,-23.60333
7336797187.5,-23.60201
7336798125.0,-23.59973
7336799062.5,-23.59868
7336800000.0,-23.59711
7336800937.5,-23.59476
7336801875.0,-23.59675
7336802812.5,-23.58942
7336803750.0,-23.58944
7336804687.5,-23.58653
7336805625.0,-23.58499
7336806562.5,-23.58193
7336807500.0,-23.57956
7336808437.5,-23.58166
7336809375.0,-23.57955
7336810312.5,-23.57651
7336811250.0,-23.57369
7336812187.5,-23.57807
7336813125.0,-23.57424
7336814062.5,-23.57055
7336815000.0,-23.57158
7336815937.5,-23.56678
7336816875.0,-23.56867
7336817812.5,-23.56932
7336818750.0,-23.56377
7336819687.5,-23.56159
7336820625.0,-23.55875
7336821562.5,-23.55663
7336822500.0,-23.55458
7336823437.5,-23.55574
7336824375.0,-23.55243
7336825312.5,-23.55143
7336826250.0,-23.54996
7336827187.5,-23.54889
7336828125.0,-23.54711
7336829062.5,-23.54381
7336830000.0,-23.54058
7336830937.5,-23.54122
7336831875.0,-23.5372
7336832812.5,-23.53778
7336833750.0,-23.53737
7336834687.5,-23.53422
7336835625.0,-23.5324
7336836562.5,-23.52891
7336837500.0,-23.52689
7336838437.5,-23.52803
7336839375.0,-23.52591
7336840312.5,-23.52649
7336841250.0,-23.5236
7336842187.5,-23.51941
7336843125.0,-23.52113
7336844062.5,-23.51653
7336845000.0,-23.51585
7336845937.5,-23.51305
7336846875.0,-23.51465
7336847812.5,-23.51199
7336848750.0,-23.5082
7336849687.5,-23.50823
7336850625.0,-23.50668
7336851562.5,-23.50483
7336852500.0,-23.50316
7336853437.5,-23.50115
7336854375.0,-23.50024
7336855312.5,-23.49729
7336856250.0,-23.49627
7336857187.5,-23.49604
7336858125.0,-23.49249
7336859062.5,-23.49106
7336860000.0,-23.48956
7336860937.5,-23.48815
7336861875.0,-23.48565
7336862812.5,-23.48309
7336863750.0,-23.4787
7336864687.5,-23.47869
7336865625.0,-23.47603
7336866562.5,-23.47735
7336867500.0,-23.47535
7336868437.5,-23.474
7336869375.0,-23.47144
7336870312.5,-23.47105
7336871250.0,-23.47326
7336872187.5,-23.46741
7336873125.0,-23.46506
7336874062.5,-23.46369
7336875000.0,-23.46342
7336875937.5,-23.45838
7336876875.0,-23.45899
7336877812.5,-23.4592
7336878750.0,-23.45679
7336879687.5,-23.45269
7336880625.0,-23.45101
7336881562.5,-23.45185
7336882500.0,-23.4473
7336883437.5,-23.44829
7336884375.0,-23.44536
7336885312.5,-23.44203
7336886250.0,-23.44296
7336887187.5,-23.43895
7336888125.0,-23.43914
7336889062.5,-23.43416
7336890000.0,-23.43403
7336890937.5,-23.43475
7336891875.0,-23.43247
7336892812.5,-23.42779
7336893750.0,-23.42826
7336894687.5,-23.42597
7336895625.0,-23.42636
7336896562.5,-23.42582
7336897500.0,-23.42045
7336898437.5,-23.4203
7336899375.0,-23.4196
7336900312.5,-23.41685
7336901250.0,-23.41489
7336902187.5,-23.41199
7336903125.0,-23.41059
7336904062.5,-23.41158
7336905000.0,-23.40886
7336905937.5,-23.40523
7336906875.0,-23.40619
7336907812.5,-23.40377
7336908750.0,-23.40372
7336909687.5,-23.40121
7336910625.0,-23.39725
7336911562.5,-23.39667
7336912500.0,-23.39427
7336913437.5,-23.39467
7336914375.0,-23.39286
7336915312.5,-23.38915
7336916250.0,-23.38929
7336917187.5,-23.38451
7336918125.0,-23.38501
7336919062.5,-23.38095
7336920000.0,-23.38038
7336920937.5,-23.37956
7336921875.0,-23.37524
7336922812.5,-23.37531
7336923750.0,-23.37478
7336924687.5,-23.37501
7336925625.0,-23.36898
7336926562.5,-23.36917
7336927500.0,-23.37036
7336928437.5,-23.36835
7336929375.0,-23.36205
7336930312.5,-23.36345
7336931250.0,-23.36063
7336932187.5,-23.3603
7336933125.0,-23.35576
7336934062.5,-23.35541
7336935000.0,-23.35112
7336935937.5,-23.35244
7336936875.0,-23.35018
7336937812.5,-23.349
7336938750.0,-23.34473
7336939687.5,-23.34597
7336940625.0,-23.34581
7336941562.5,-23.34367
7336942500.0,-23.33956
7336943437.5,-23.34167
7336944375.0,-23.33712
7336945312.5,-23.33472
7336946250.0,-23.3344
7336947187.5,-23.3315
7336948125.0,-23.3331
7336949062.5,-23.33031
7336950000.0,-23.3242
7336950937.5,-23.32685
7336951875.0,-23.32331
7336952812.5,-23.31877
7336953750.0,-23.31791
7336954687.5,-23.31655
7336955625.0,-23.31482
7336956562.5,-23.31525
7336957500.0,-23.31408
7336958437.5,-23.30923
7336959375.0,-23.30818
7336960312.5,-23.30692
7336961250.0,-23.30526
7336962187.5,-23.30575
7336963125.0,-23.30243
7336964062.5,-23.30132
7336965000.0,-23.29506
7336965937.5,-23.29537
7336966875.0,-23.29323
7336967812.5,-23.29165
7336968750.0,-23.29109
7336969687.5,-23.28975
7336970625.0,-23.28942
7336971562.5,-23.28832
7336972500.0,-23.28299
7336973437.5,-23.28251
7336974375.0,-23.28107
7336975312.5,-23.28058
7336976250.0,-23.27729
7336977187.5,-23.27774
7336978125.0,-23.27451
7336979062.5,-23.27407
7336980000.0,-23.27134
7336980937.5,-23.2696
7336981875.0,-23.26616
7336982812.5,-23.26704
7336983750.0,-23.26388
7336984687.5,-23.26135
7336985625.0,-23.26068
7336986562.5,-23.25904
7336987500.0,-23.2581
7336988437.5,-23.25356
7336989375.0,-23.25246
7336990312.5,-23.25163
7336991250.0,-23.25064
7336992187.5,-23.24863
7336993125.0,-23.24545
7336994062.5,-23.2412
7336995000.0,-23.24357
7336995937.5,-23.24193
7336996875.0,-23.24147
7336997812.5,-23.23558
7336998750.0,-23.23633
7336999687.5,-23.23765
7337000625.0,-23.23216
7337001562.5,-23.23071
7337002500.0,-23.22928
7337003437.5,-23.228
7337004375.0,-23.22563
7337005312.5,-23.22566
7337006250.0,-23.21917
7337007187.5,-23.22198
7337008125.0,-23.21855
7337009062.5,-23.21483
7337010000.0,-23.21809
7337010937.5,-23.21304
7337011875.0,-23.21387
7337012812.5,-23.21215
7337013750.0,-23.21227
7337014687.5,-23.20782
7337015625.0,-23.20501
7337016562.5,-23.20487
7337017500.0,-23.20155
7337018437.5,-23.20042
7337019375.0,-23.19918
7337020312.5,-23.19851
7337021250.0,-23.19219
7337022187.5,-23.19173
7337023125.0,-23.19338
7337024062.5,-23.18878
7337025000.0,-23.18917
7337025937.5,-23.18802
7337026875.0,-23.18472
7337027812.5,-23.18098
7337028750.0,-23.18135
7337029687.5,-23.18056
7337030625.0,-23.17693
7337031562.5,-23.17517
7337032500.0,-23.17412
7337033437.5,-23.17376
7337034375.0,-23.17489
7337035312.5,-23.16931
7337036250.0,-23.16833
7337037187.5,-23.16469
7337038125.0,-23.16545
7337039062.5,-23.16207
7337040000.0,-23.15994
7337040937.5,-23.15835
7337041875.0,-23.15552
7337042812.5,-23.15442
7337043750.0,-23.15392
7337044687.5,-23.15192
7337045625.0,-23.15091
7337046562.5,-23.14691
7337047500.0,-23.14711
7337048437.5,-23.14274
7337049375.0,-23.14377
7337050312.5,-23.14125
7337051250.0,-23.1414
7337052187.5,-23.13642
7337053125.0,-23.13758
7337054062.5,-23.13057
7337055000.0,-23.13391
7337055937.5,-23.13113
7337056875.0,-23.12976
7337057812.5,-23.12565
7337058750.0,-23.12559
7337059687.5,-23.12331
7337060625.0,-23.12129
7337061562.5,-23.11897
7337062500.0,-23.11878
7337063437.5,-23.11678
7337064375.0,-23.11541
7337065312.5,-23.11135
7337066250.0,-23.11172
7337067187.5,-23.10773
7337068125.0,-23.10939
7337069062.5,-23.10756
7337070000.0,-23.10372
7337070937.5,-23.10083
7337071875.0,-23.10226
7337072812.5,-23.10171
7337073750.0,-23.09511
7337074687.5,-23.09536
7337075625.0,-23.09148
7337076562.5,-23.09176
7337077500.0,-23.09252
7337078437.5,-23.08844
7337079375.0,-23.08522
7337080312.5,-23.08628
7337081250.0,-23.08517
7337082187.5,-23.07849
7337083125.0,-23.0787
7337084062.5,-23.07875
7337085000.0,-23.07588
7337085937.5,-23.07488
7337086875.0,-23.0739
7337087812.5,-23.07253
7337088750.0,-23.07008
7337089687.5,-23.06987
7337090625.0,-23.06663
7337091562.5,-23.0659
7337092500.0,-23.06248
7337093437.5,-23.0627
7337094375.0,-23.05597
7337095312.5,-23.05648
7337096250.0,-23.05608
7337097187.5,-23.05285
7337098125.0,-23.05205
7337099062.5,-23.04961
7337100000.0,-23.04737
7337100937.5,-23.04534
7337101875.0,-23.04575
7337102812.5,-23.04214
7337103750.0,-23.04073
7337104687.5,-23.04139
7337105625.0,-23.03906
7337106562.5,-23.03343
7337107500.0,-23.03391
7337108437.5,-23.03236
7337109375.0,-23.03145
7337110312.5,-23.02886
7337111250.0,-23.02944
7337112187.5,-23.02374
7337113125.0,-23.02139
7337114062.5,-23.02145
7337115000.0,-23.02065
7337115937.5,-23.01827
7337116875.0,-23.01663
7337117812.5,-23.01379
7337118750.0,-23.0148
7337119687.5,-23.012
7337120625.0,-23.00915
7337121562.5,-23.00955
7337122500.0,-23.00473
7337123437.5,-23.00377
7337124375.0,-23.00269
7337125312.5,-23.00096
7337126250.0,-22.9967
7337127187.5,-22.99787
7337128125.0,-22.9908
7337129062.5,-22.99167
7337130000.0,-22.99139
7337130937.5,-22.99222
7337131875.0,-22.98844
7337132812.5,-22.98765
7337133750.0,-22.98139
7337134687.5,-22.98567
7337135625.0,-22.97953
7337136562.5,-22.97541
7337137500.0,-22.97826
7337138437.5,-22.97773
7337139375.0,-22.97535
7337140312.5,-22.97401
7337141250.0,-22.97207
7337142187.5,-22.96754
7337143125.0,-22.96792
7337144062.5,-22.96365
7337145000.0,-22.96263
7337145937.5,-22.96362
7337146875.0,-22.95929
7337147812.5,-22.95734
7337148750.0,-22.95479
7337149687.5,-22.95322
7337150625.0,-22.95412
7337151562.5,-22.95039
7337152500.0,-22.94912
7337153437.5,-22.94527
7337154375.0,-22.946
7337155312.5,-22.94438
7337156250.0,-22.94076
7337157187.5,-22.941
7337158125.0,-22.93952
7337159062.5,-22.93508
7337160000.0,-22.93653
7337160937.5,-22.93497
7337161875.0,-22.93063
7337162812.5,-22.93274
7337163750.0,-22.92787
7337164687.5,-22.93019
7337165625.0,-22.9257
7337166562.5,-22.92395
7337167500.0,-22.91879
7337168437.5,-22.91821
7337169375.0,-22.91687
7337170312.5,-22.91444
7337171250.0,-22.91379
7337172187.5,-22.9097
7337173125.0,-22.9085
7337174062.5,-22.91195
7337175000.0,-22.90447
7337175937.5,-22.90294
7337176875.0,-22.90045
7337177812.5,-22.89774
7337178750.0,-22.90073
7337179687.5,-22.89707
7337180625.0,-22.8952
7337181562.5,-22.8935
7337182500.0,-22.8932
7337183437.5,-22.89078
7337184375.0,-22.88968
7337185312.5,-22.88571
7337186250.0,-22.88351
7337187187.5,-22.88274
7337188125.0,-22.87976
7337189062.5,-22.879
7337190000.0,-22.87912
7337190937.5,-22.87522
7337191875.0,-22.87334
7337192812.5,-22.87364
7337193750.0,-22.87114
7337194687.5,-22.86664
7337195625.0,-22.86703
7337196562.5,-22.86436
7337197500.0,-22.86308
7337198437.5,-22.86164
7337199375.0,-22.86082
7337200312.5,-22.85887
7337201250.0,-22.85745
7337202187.5,-22.8521
7337203125.0,-22.8515
7337204062.5,-22.84842
7337205000.0,-22.84808
7337205937.5,-22.84793
7337206875.0,-22.84508
7337207812.5,-22.84002
7337208750.0,-22.84017
7337209687.5,-22.83824
7337210625.0,-22.83734
7337211562.5,-22.83454
7337212500.0,-22.83039
7337213437.5,-22.83092
7337214375.0,-22.82875
7337215312.5,-22.82979
7337216250.0,-22.8271
7337217187.5,-22.82666
7337218125.0,-22.8231
7337219062.5,-22.82229
7337220000.0,-22.82064
7337220937.5,-22.81452
7337221875.0,-22.81528
7337222812.5,-22.81883
7337223750.0,-22.81687
7337224687.5,-22.81054
7337225625.0,-22.81049
7337226562.5,-22.80772
7337227500.0,-22.80702
7337228437.5,-22.80286
7337229375.0,-22.80515
7337230312.5,-22.80019
7337231250.0,-22.79957
7337232187.5,-22.79806
7337233125.0,-22.79041
7337234062.5,-22.79374
7337235000.0,-22.79062
7337235937.5,-22.78618
7337236875.0,-22.78649
7337237812.5,-22.78666
7337238750.0,-22.78271
7337239687.5,-22.78236
7337240625.0,-22.77742
7337241562.5,-22.77769
7337242500.0,-22.77887
7337243437.5,-22.77464
7337244375.0,-22.77594
7337245312.5,-22.77067
7337246250.0,-22.76938
7337247187.5,-22.76865
7337248125.0,-22.76884
7337249062.5,-22.76508
7337250000.0,-22.76034
7337250937.5,-22.75875
7337251875.0,-22.75822
7337252812.5,-22.75711
7337253750.0,-22.755
7337254687.5,-22.75494
7337255625.0,-22.75272
7337256562.5,-22.75005
7337257500.0,-22.74793
7337258437.5,-22.74584
7337259375.0,-22.74376
7337260312.5,-22.74169
7337261250.0,-22.7419
7337262187.5,-22.73933
7337263125.0,-22.73772
7337264062.5,-22.73553
7337265000.0,-22.73243
7337265937.5,-22.73123
7337266875.0,-22.7333
7337267812.5,-22.72582
7337268750.0,-22.72329
7337269687.5,-22.72305
7337270625.0,-22.72255
7337271562.5,-22.71971
7337272500.0,-22.7178
7337273437.5,-22.7154
7337274375.0,-22.71498
7337275312.5,-22.71315
7337276250.0,-22.71114
7337277187.5,-22.71006
7337278125.0,-22.70656
7337279062.5,-22.70735
7337280000.0,-22.70368
7337280937.5,-22.70081
7337281875.0,-22.70273
7337282812.5,-22.69671
7337283750.0,-22.69584
7337284687.5,-22.69383
7337285625.0,-22.69218
7337286562.5,-22.69239
7337287500.0,-22.68758
7337288437.5,-22.68445
7337289375.0,-22.6854
7337290312.5,-22.68317
7337291250.0,-22.68032
7337292187.5,-22.67946
7337293125.0,-22.67613
7337294062.5,-22.67687
7337295000.0,-22.67399
7337295937.5,-22.67363
7337296875.0,-22.67162
7337297812.5,-22.66438
7337298750.0,-22.66623
7337299687.5,-22.66532
7337300625.0,-22.66336
7337301562.5,-22.6586
7337302500.0,-22.65921
7337303437.5,-22.65727
7337304375.0,-22.65537
7337305312.5,-22.65371
7337306250.0,-22.65164
7337307187.5,-22.65039
7337308125.0,-22.64699
7337309062.5,-22.64643
7337310000.0,-22.64589
7337310937.5,-22.64235
7337311875.0,-22.64036
7337312812.5,-22.6405
7337313750.0,-22.63693
7337314687.5,-22.63708
7337315625.0,-22.63369
7337316562.5,-22.63224
7337317500.0,-22.63073
7337318437.5,-22.63039
7337319375.0,-22.62818
7337320312.5,-22.62683
7337321250.0,-22.62298
7337322187.5,-22.6206
7337323125.0,-22.62062
7337324062.5,-22.6166
7337325000.0,-22.61665
7337325937.5,-22.61573
7337326875.0,-22.6129
7337327812.5,-22.61099
7337328750.0,-22.60855
7337329687.5,-22.60778
7337330625.0,-22.60671
7337331562.5,-22.60052
7337332500.0,-22.59887
7337333437.5,-22.60067
7337334375.0,-22.60011
7337335312.5,-22.59611
7337336250.0,-22.59311
7337337187.5,-22.5905
7337338125.0,-22.59034
7337339062.5,-22.58803
7337340000.0,-22.58646
7337340937.5,-22.58264
7337341875.0,-22.58353
7337342812.5,-22.58146
7337343750.0,-22.57959
7337344687.5,-22.5769
7337345625.0,-22.57633
7337346562.5,-22.57864
7337347500.0,-22.57342
7337348437.5,-22.56885
7337349375.0,-22.56989
7337350312.5,-22.56685
7337351250.0,-22.56687
7337352187.5,-22.56143
7337353125.0,-22.55978
7337354062.5,-22.55686
7337355000.0,-22.55629
7337355937.5,-22.55627
7337356875.0,-22.55081
7337357812.5,-22.55101
7337358750.0,-22.54716
7337359687.5,-22.54742
7337360625.0,-22.5441
7337361562.5,-22.54367
7337362500.0,-22.53991
7337363437.5,-22.54177
7337364375.0,-22.53916
7337365312.5,-22.53657
7337366250.0,-22.53428
7337367187.5,-22.53327
7337368125.0,-22.53246
7337369062.5,-22.52431
7337370000.0,-22.52733
7337370937.5,-22.52698
7337371875.0,-22.52436
7337372812.5,-22.52179
7337373750.0,-22.51964
7337374687.5,-22.51608
7337375625.0,-22.51569
7337376562.5,-22.51462
7337377500.0,-22.51167
7337378437.5,-22.5067
7337379375.0,-22.50808
7337380312.5,-22.50926
7337381250.0,-22.50493
7337382187.5,-22.50261
7337383125.0,-22.49935
7337384062.5,-22.50054
7337385000.0,-22.49791
7337385937.5,-22.49539
7337386875.0,-22.49305
7337387812.5,-22.4939
7337388750.0,-22.48821
7337389687.5,-22.48657
7337390625.0,-22.48829
7337391562.5,-22.48318
7337392500.0,-22.47986
7337393437.5,-22.47825
7337394375.0,-22.47602
7337395312.5,-22.47824
7337396250.0,-22.47221
7337397187.5,-22.47499
7337398125.0,-22.46991
7337399062.5,-22.46882
7337400000.0,-22.46636
7337400937.5,-22.46404
7337401875.0,-22.46509
7337402812.5,-22.46119
7337403750.0,-22.4594
7337404687.5,-22.45841
7337405625.0,-22.45512
7337406562.5,-22.45315
7337407500.0,-22.45282
7337408437.5,-22.45094
7337409375.0,-22.44807
7337410312.5,-22.44851
7337411250.0,-22.44656
7337412187.5,-22.44539
7337413125.0,-22.4409
7337414062.5,-22.43675
7337415000.0,-22.43865
7337415937.5,-22.43481
7337416875.0,-22.43262
7337417812.5,-22.43122
7337418750.0,-22.42925
7337419687.5,-22.42797
7337420625.0,-22.42488
7337421562.5,-22.42259
7337422500.0,-22.42067
7337423437.5,-22.41903
7337424375.0,-22.41752
7337425312.5,-22.41908
7337426250.0,-22.41648
7337427187.5,-22.4123
7337428125.0,-22.40779
7337429062.5,-22.40781
7337430000.0,-22.4085
7337430937.5,-22.40499
7337431875.0,-22.40543
7337432812.5,-22.40153
7337433750.0,-22.39931
7337434687.5,-22.39801
7337435625.0,-22.39654
7337436562.5,-22.39574
7337437500.0,-22.39159
7337438437.5,-22.39156
7337439375.0,-22.38839
7337440312.5,-22.38844
7337441250.0,-22.38445
7337442187.5,-22.38435
7337443125.0,-22.38038
7337444062.5,-22.37912
7337445000.0,-22.37556
7337445937.5,-22.37562
7337446875.0,-22.37343
7337447812.5,-22.37339
7337448750.0,-22.36932
7337449687.5,-22.36665
7337450625.0,-22.36201
7337451562.5,-22.36534
7337452500.0,-22.35977
7337453437.5,-22.36139
7337454375.0,-22.35637
7337455312.5,-22.35193
7337456250.0,-22.35388
7337457187.5,-22.35167
7337458125.0,-22.35061
7337459062.5,-22.34919
7337460000.0,-22.34666
7337460937.5,-22.34463
7337461875.0,-22.34217
7337462812.5,-22.34084
7337463750.0,-22.33925
7337464687.5,-22.33403
7337465625.0,-22.33664
7337466562.5,-22.33449
7337467500.0,-22.32914
7337468437.5,-22.32857
7337469375.0,-22.3267
7337470312.5,-22.32665
7337471250.0,-22.32341
7337472187.5,-22.32343
7337473125.0,-22.31902
7337474062.5,-22.31799
7337475000.0,-22.31546
7337475937.5,-22.31449
7337476875.0,-22.31167
7337477812.5,-22.30973
7337478750.0,-22.3115
7337479687.5,-22.30524
7337480625.0,-22.30524
7337481562.5,-22.30224
7337482500.0,-22.30031
7337483437.5,-22.29909
7337484375.0,-22.29667
7337485312.5,-22.29641
7337486250.0,-22.29372
7337487187.5,-22.28838
7337488125.0,-22.29118
7337489062.5,-22.28808
7337490000.0,-22.28718
7337490937.5,-22.28402
7337491875.0,-22.28207
7337492812.5,-22.2813
7337493750.0,-22.27527
7337494687.5,-22.27677
7337495625.0,-22.27082
7337496562.5,-22.27169
7337497500.0,-22.26988
7337498437.5,-22.27074
7337499375.0,-22.26671
7337500312.5,-22.26489
7337501250.0,-22.26237
7337502187.5,-22.26171
7337503125.0,-22.25863
7337504062.5,-22.25778
7337505000.0,-22.25335
7337505937.5,-22.25314
7337506875.0,-22.25196
7337507812.5,-22.24783
7337508750.0,-22.24635
7337509687.5,-22.24485
7337510625.0,-22.24265
7337511562.5,-22.24189
7337512500.0,-22.2397
7337513437.5,-22.23897
7337514375.0,-22.23773
7337515312.5,-22.23562
7337516250.0,-22.23298
7337517187.5,-22.23035
7337518125.0,-22.22636
7337519062.5,-22.22691
7337520000.0,-22.22452
7337520937.5,-22.22176
7337521875.0,-22.21993
7337522812.5,-22.21837
7337523750.0,-22.21575
7337524687.5,-22.21574
7337525625.0,-22.21294
7337526562.5,-22.21021
7337527500.0,-22.21027
7337528437.5,-22.20772
7337529375.0,-22.2059
7337530312.5,-22.20273
7337531250.0,-22.20059
7337532187.5,-22.19931
7337533125.0,-22.19587
7337534062.5,-22.19691
7337535000.0,-22.19436
7337535937.5,-22.19235
7337536875.0,-22.18974
7337537812.5,-22.18655
7337538750.0,-22.1888
7337539687.5,-22.18499
7337540625.0,-22.18279
7337541562.5,-22.18147
7337542500.0,-22.17858
7337543437.5,-22.17751
7337544375.0,-22.17397
7337545312.5,-22.17243
7337546250.0,-22.17136
7337547187.5,-22.16997
7337548125.0,-22.16431
7337549062.5,-22.16429
7337550000.0,-22.16233
7337550937.5,-22.15888
7337551875.0,-22.15972
7337552812.5,-22.15774
7337553750.0,-22.15547
7337554687.5,-22.15375
7337555625.0,-22.15212
7337556562.5,-22.14997
7337557500.0,-22.14598
7337558437.5,-22.14138
7337559375.0,-22.14059
7337560312.5,-22.14316
7337561250.0,-22.14129
7337562187.5,-22.13635
7337563125.0,-22.137
7337564062.5,-22.13428
7337565000.0,-22.13299
7337565937.5,-22.13013
7337566875.0,-22.12617
7337567812.5,-22.12724
7337568750.0,-22.1232
7337569687.5,-22.12073
7337570625.0,-22.11918
7337571562.5,-22.11911
7337572500.0,-22.11645
7337573437.5,-22.11365
7337574375.0,-22.11116
7337575312.5,-22.10982
7337576250.0,-22.10779
7337577187.5,-22.10592
7337578125.0,-22.10582
7337579062.5,-22.10493
7337580000.0,-22.10114
7337580937.5,-22.09707
7337581875.0,-22.0978
7337582812.5,-22.09407
7337583750.0,-22.09208
7337584687.5,-22.09031
7337585625.0,-22.08972
7337586562.5,-22.08912
7337587500.0,-22.08412
7337588437.5,-22.08505
7337589375.0,-22.08294
7337590312.5,-22.08175
7337591250.0,-22.07796
7337592187.5,-22.07525
7337593125.0,-22.07311
7337594062.5,-22.07287
7337595000.0,-22.0704
7337595937.5,-22.06881
7337596875.0,-22.0665
7337597812.5,-22.06493
7337598750.0,-22.06405
7337599687.5,-22.06086
7337600625.0,-22.05601
7337601562.5,-22.05593
7337602500.0,-22.05492
7337603437.5,-22.05267
7337604375.0,-22.05042
7337605312.5,-22.04923
7337606250.0,-22.0463
7337607187.5,-22.04537
7337608125.0,-22.0419
7337609062.5,-22.04084
7337610000.0,-22.03692
7337610937.5,-22.03497
7337611875.0,-22.036
7337612812.5,-22.03019
7337613750.0,-22.02972
7337614687.5,-22.03008
7337615625.0,-22.02638
7337616562.5,-22.02579
7337617500.0,-22.02125
7337618437.5,-22.02366
7337619375.0,-22.02044
7337620312.5,-22.01813
7337621250.0,-22.01597
7337622187.5,-22.01559
7337623125.0,-22.01041
7337624062.5,-22.00941
7337625000.0,-22.00672
7337625937.5,-22.00587
7337626875.0,-22.00287
7337627812.5,-22.00118
7337628750.0,-22.00012
7337629687.5,-21.99832
7337630625.0,-21.99696
7337631562.5,-21.99251
7337632500.0,-21.99297
7337633437.5,-21.98922
7337634375.0,-21.98697
7337635312.5,-21.98401
7337636250.0,-21.98448
7337637187.5,-21.97906
7337638125.0,-21.97956
7337639062.5,-21.97724
7337640000.0,-21.97558
7337640937.5,-21.9713
7337641875.0,-21.96894
7337642812.5,-21.96948
7337643750.0,-21.96864
7337644687.5,-21.96518
7337645625.0,-21.96507
7337646562.5,-21.96359
7337647500.0,-21.96112
7337648437.5,-21.95836
7337649375.0,-21.95668
7337650312.5,-21.9553
7337651250.0,-21.95184
7337652187.5,-21.95374
7337653125.0,-21.94833
7337654062.5,-21.94517
7337655000.0,-21.94545
7337655937.5,-21.94223
7337656875.0,-21.93874
7337657812.5,-21.94102
7337658750.0,-21.93867
7337659687.5,-21.93605
7337660625.0,-21.93259
7337661562.5,-21.93184
7337662500.0,-21.92938
7337663437.5,-21.92751
7337664375.0,-21.9246
7337665312.5,-21.92341
7337666250.0,-21.92099
7337667187.5,-21.91879
7337668125.0,-21.91785
7337669062.5,-21.91507
7337670000.0,-21.91516
7337670937.5,-21.90918
7337671875.0,-21.90891
7337672812.5,-21.90727
7337673750.0,-21.9054
7337674687.5,-21.90307
7337675625.0,-21.8988
7337676562.5,-21.90067
7337677500.0,-21.89589
7337678437.5,-21.89431
7337679375.0,-21.89155
7337680312.5,-21.89212
7337681250.0,-21.8899
7337682187.5,-21.8853
7337683125.0,-21.88638
7337684062.5,-21.88507
7337685000.0,-21.8818
7337685937.5,-21.87892
7337686875.0,-21.87633
7337687812.5,-21.87371
7337688750.0,-21.87424
7337689687.5,-21.8695
7337690625.0,-21.86896
7337691562.5,-21.86826
7337692500.0,-21.8641
7337693437.5,-21.86297
7337694375.0,-21.85942
7337695312.5,-21.85936
7337696250.0,-21.85594
7337697187.5,-21.85341
7337698125.0,-21.85284
7337699062.5,-21.85263
7337700000.0,-21.84966
7337700937.5,-21.84722
7337701875.0,-21.84593
7337702812.5,-21.84462
7337703750.0,-21.84253
7337704687.5,-21.83912
7337705625.0,-21.8392
7337706562.5,-21.83657
7337707500.0,-21.83498
7337708437.5,-21.83219
7337709375.0,-21.83242
7337710312.5,-21.82531
7337711250.0,-21.82726
7337712187.5,-21.82188
7337713125.0,-21.82255
7337714062.5,-21.81922
7337715000.0,-21.81908
7337715937.5,-21.81503
7337716875.0,-21.81428
7337717812.5,-21.81053
7337718750.0,-21.8088
7337719687.5,-21.80696
7337720625.0,-21.80581
7337721562.5,-21.80472
7337722500.0,-21.80218
7337723437.5,-21.80016
7337724375.0,-21.79522
7337725312.5,-21.7958
7337726250.0,-21.79412
7337727187.5,-21.78978
7337728125.0,-21.78755
7337729062.5,-21.78534
7337730000.0,-21.78526
7337730937.5,-21.78065
7337731875.0,-21.77727
7337732812.5,-21.77729
7337733750.0,-21.77654
7337734687.5,-21.77482
7337735625.0,-21.77145
7337736562.5,-21.7701
7337737500.0,-21.76862
7337738437.5,-21.76486
7337739375.0,-21.76426
7337740312.5,-21.76212
7337741250.0,-21.76257
7337742187.5,-21.75852
7337743125.0,-21.75869
7337744062.5,-21.75604
7337745000.0,-21.7557
7337745937.5,-21.74961
7337746875.0,-21.74827
7337747812.5,-21.74671
7337748750.0,-21.74567
7337749687.5,-21.74145
7337750625.0,-21.7393
7337751562.5,-21.74246
7337752500.0,-21.73694
7337753437.5,-21.73561
7337754375.0,-21.73195
7337755312.5,-21.73148
7337756250.0,-21.7302
7337757187.5,-21.7241
7337758125.0,-21.72392
7337759062.5,-21.72501
7337760000.0,-21.71958
7337760937.5,-21.71955
7337761875.0,-21.71809
7337762812.5,-21.71388
7337763750.0,-21.71252
7337764687.5,-21.70847
7337765625.0,-21.71009
7337766562.5,-21.707
7337767500.0,-21.70482
7337768437.5,-21.70098
7337769375.0,-21.69963
7337770312.5,-21.69657
7337771250.0,-21.69457
7337772187.5,-21.69542
7337773125.0,-21.69409
7337774062.5,-21.69126
7337775000.0,-21.68997
7337775937.5,-21.68602
7337776875.0,-21.68394
7337777812.5,-21.68204
7337778750.0,-21.67911
7337779687.5,-21.67666
7337780625.0,-21.67768
7337781562.5,-21.67625
7337782500.0,-21.67201
7337783437.5,-21.66834
7337784375.0,-21.66767
7337785312.5,-21.66526
7337786250.0,-21.66396
7337787187.5,-21.66254
7337788125.0,-21.65735
7337789062.5,-21.65801
7337790000.0,-21.65626
7337790937.5,-21.65101
7337791875.0,-21.65019
7337792812.5,-21.6487
7337793750.0,-21.64789
7337794687.5,-21.64489
7337795625.0,-21.6441
7337796562.5,-21.64127
7337797500.0,-21.63968
7337798437.5,-21.63667
7337799375.0,-21.63636
7337800312.5,-21.63456
7337801250.0,-21.63213
7337802187.5,-21.62838
7337803125.0,-21.62875
7337804062.5,-21.62658
7337805000.0,-21.62415
7337805937.5,-21.62234
7337806875.0,-21.61861
7337807812.5,-21.61686
7337808750.0,-21.61556
7337809687.5,-21.61504
7337810625.0,-21.61314
7337811562.5,-21.61186
7337812500.0,-21.60756
7337813437.5,-21.60553
7337814375.0,-21.60415
7337815312.5,-21.60052
7337816250.0,-21.59756
7337817187.5,-21.59671
7337818125.0,-21.59603
7337819062.5,-21.59237
7337820000.0,-21.58895
7337820937.5,-21.58564
7337821875.0,-21.58578
7337822812.5,-21.58495
7337823750.0,-21.58178
7337824687.5,-21.58175
7337825625.0,-21.57859
7337826562.5,-21.57846
7337827500.0,-21.57327
7337828437.5,-21.573
7337829375.0,-21.56948
7337830312.5,-21.56745
7337831250.0,-21.56739
7337832187.5,-21.56467
7337833125.0,-21.56189
7337834062.5,-21.56063
7337835000.0,-21.55954
7337835937.5,-21.55643
7337836875.0,-21.55466
7337837812.5,-21.55206
7337838750.0,-21.54736
7337839687.5,-21.54787
7337840625.0,-21.54576
7337841562.5,-21.54237
7337842500.0,-21.54211
7337843437.5,-21.5373
7337844375.0,-21.53811
7337845312.5,-21.53429
7337846250.0,-21.53331
7337847187.5,-21.53014
7337848125.0,-21.53006
7337849062.5,-21.52529
7337850000.0,-21.52367
7337850937.5,-21.52315
7337851875.0,-21.522
7337852812.5,-21.51803
7337853750.0,-21.51574
7337854687.5,-21.51385
7337855625.0,-21.51296
7337856562.5,-21.51194
7337857500.0,-21.50889
7337858437.5,-21.50552
7337859375.0,-21.50439
7337860312.5,-21.5022
7337861250.0,-21.50043
7337862187.5,-21.49642
7337863125.0,-21.49781
7337864062.5,-21.49505
7337865000.0,-21.49028
7337865937.5,-21.48838
7337866875.0,-21.48894
7337867812.5,-21.48439
7337868750.0,-21.48386
7337869687.5,-21.48118
7337870625.0,-21.47833
7337871562.5,-21.47733
7337872500.0,-21.47475
7337873437.5,-21.47171
7337874375.0,-21.46984
7337875312.5,-21.46874
7337876250.0,-21.46552
7337877187.5,-21.46532
7337878125.0,-21.46118
7337879062.5,-21.46039
7337880000.0,-21.45949
7337880937.5,-21.45614
7337881875.0,-21.45515
7337882812.5,-21.45212
7337883750.0,-21.452
7337884687.5,-21.44992
7337885625.0,-21.44755
7337886562.5,-21.44495
7337887500.0,-21.44131
7337888437.5,-21.43991
7337889375.0,-21.4376
7337890312.5,-21.43524
7337891250.0,-21.43363
7337892187.5,-21.43163
7337893125.0,-21.4295
7337894062.5,-21.42805
7337895000.0,-21.4276
7337895937.5,-21.42433
7337896875.0,-21.42403
7337897812.5,-21.42021
7337898750.0,-21.41526
7337899687.5,-21.41662
7337900625.0,-21.41425
7337901562.5,-21.41203
7337902500.0,-21.40808
7337903437.5,-21.40759
7337904375.0,-21.40427
7337905312.5,-21.40097
7337906250.0,-21.39998
7337907187.5,-21.39606
7337908125.0,-21.39313
7337909062.5,-21.39394
7337910000.0,-21.39198
7337910937.5,-21.38969
7337911875.0,-21.38852
7337912812.5,-21.38397
7337913750.0,-21.38192
7337914687.5,-21.38133
7337915625.0,-21.37877
7337916562.5,-21.37879
7337917500.0,-21.37296
7337918437.5,-21.37453
7337919375.0,-21.37027
7337920312.5,-21.36875
7337921250.0,-21.36643
7337922187.5,-21.36579
7337923125.0,-21.36138
7337924062.5,-21.36003
7337925000.0,-21.35805
7337925937.5,-21.35304
7337926875.0,-21.35516
7337927812.5,-21.35511
7337928750.0,-21.34961
7337929687.5,-21.34794
7337930625.0,-21.34453
7337931562.5,-21.34375
7337932500.0,-21.34137
7337933437.5,-21.33921
7337934375.0,-21.33822
7337935312.5,-21.33545
7337936250.0,-21.33293
7337937187.5,-21.32964
7337938125.0,-21.32964
7337939062.5,-21.32633
7337940000.0,-21.32002
7337940937.5,-21.32185
7337941875.0,-21.32169
7337942812.5,-21.31941
7337943750.0,-21.31742
7337944687.5,-21.314
7337945625.0,-21.3111
7337946562.5,-21.30981
7337947500.0,-21.30551
7337948437.5,-21.3068
7337949375.0,-21.30296
7337950312.5,-21.30266
7337951250.0,-21.29878
7337952187.5,-21.29811
7337953125.0,-21.29661
7337954062.5,-21.29363
7337955000.0,-21.29105
7337955937.5,-21.2902
7337956875.0,-21.2878
7337957812.5,-21.28375
7337958750.0,-21.28313
7337959687.5,-21.27939
7337960625.0,-21.27805
7337961562.5,-21.2746
7337962500.0,-21.2738
7337963437.5,-21.27179
7337964375.0,-21.26959
7337965312.5,-21.26912
7337966250.0,-21.26608
7337967187.5,-21.2646
7337968125.0,-21.26214
7337969062.5,-21.25918
7337970000.0,-21.25599
7337970937.5,-21.2548
7337971875.0,-21.25599
7337972812.5,-21.25127
7337973750.0,-21.24937
7337974687.5,-21.24489
7337975625.0,-21.24324
7337976562.5,-21.2437
7337977500.0,-21.24013
7337978437.5,-21.23943
7337979375.0,-21.23647
7337980312.5,-21.23183
7337981250.0,-21.23236
7337982187.5,-21.22938
7337983125.0,-21.22536
7337984062.5,-21.22483
7337985000.0,-21.22336
7337985937.5,-21.22204
7337986875.0,-21.2196
7337987812.5,-21.21692
7337988750.0,-21.21591
7337989687.5,-21.21181
7337990625.0,-21.21144
7337991562.5,-21.20816
7337992500.0,-21.20491
7337993437.5,-21.20304
7337994375.0,-21.20118
7337995312.5,-21.19846
7337996250.0,-21.19926
7337997187.5,-21.19587
7337998125.0,-21.19406
7337999062.5,-21.19147
7338000000.0,-21.18939
7338000937.5,-21.18508
7338001875.0,-21.18464
7338002812.5,-21.1832
7338003750.0,-21.18153
7338004687.5,-21.18018
7338005625.0,-21.17341
7338006562.5,-21.17527
7338007500.0,-21.16954
7338008437.5,-21.16987
7338009375.0,-21.16627
7338010312.5,-21.16429
7338011250.0,-21.16407
7338012187.5,-21.16113
7338013125.0,-21.15882
7338014062.5,-21.15692
7338015000.0,-21.15519
7338015937.5,-21.15337
7338016875.0,-21.15185
7338017812.5,-21.14926
7338018750.0,-21.14633
7338019687.5,-21.14555
7338020625.0,-21.14286
7338021562.5,-21.13954
7338022500.0,-21.13911
7338023437.5,-21.13522
7338024375.0,-21.13286
7338025312.5,-21.1336
7338026250.0,-21.1298
7338027187.5,-21.12643
7338028125.0,-21.12489
7338029062.5,-21.12211
7338030000.0,-21.11998
7338030937.5,-21.12046
7338031875.0,-21.1161
7338032812.5,-21.11324
7338033750.0,-21.11375
7338034687.5,-21.10868
7338035625.0,-21.10789
7338036562.5,-21.10688
7338037500.0,-21.10087
7338038437.5,-21.10185
7338039375.0,-21.10064
7338040312.5,-21.09584
7338041250.0,-21.09572
7338042187.5,-21.09241
7338043125.0,-21.08895
7338044062.5,-21.08839
7338045000.0,-21.08525
7338045937.5,-21.08431
7338046875.0,-21.08334
7338047812.5,-21.08037
7338048750.0,-21.07746
7338049687.5,-21.07607
7338050625.0,-21.07198
7338051562.5,-21.07233
7338052500.0,-21.06918
7338053437.5,-21.06837
7338054375.0,-21.06635
7338055312.5,-21.06311
7338056250.0,-21.06054
7338057187.5,-21.05792
7338058125.0,-21.05397
7338059062.5,-21.05662
7338060000.0,-21.05275
7338060937.5,-21.05039
7338061875.0,-21.04723
7338062812.5,-21.0455
7338063750.0,-21.04405
7338064687.5,-21.0428
7338065625.0,-21.04036
7338066562.5,-21.03685
7338067500.0,-21.03401
7338068437.5,-21.03317
7338069375.0,-21.03116
7338070312.5,-21.02711
7338071250.0,-21.02727
7338072187.5,-21.0214
7338073125.0,-21.02298
7338074062.5,-21.01976
7338075000.0,-21.01796
7338075937.5,-21.01319
7338076875.0,-21.0138
7338077812.5,-21.0097
7338078750.0,-21.01031
7338079687.5,-21.00823
7338080625.0,-21.0019
7338081562.5,-21.00016
7338082500.0,-20.99963
7338083437.5,-20.99942
7338084375.0,-20.99422
7338085312.5,-20.99386
7338086250.0,-20.99022
7338087187.5,-20.98962
7338088125.0,-20.98664
7338089062.5,-20.98386
7338090000.0,-20.98357
7338090937.5,-20.98076
7338091875.0,-20.97672
7338092812.5,-20.9756
7338093750.0,-20.97462
7338094687.5,-20.9725
7338095625.0,-20.96832
7338096562.5,-20.96654
7338097500.0,-20.96355
7338098437.5,-20.96332
7338099375.0,-20.95964
7338100312.5,-20.9579
7338101250.0,-20.95621
7338102187.5,-20.95423
7338103125.0,-20.95299
7338104062.5,-20.95017
7338105000.0,-20.94761
7338105937.5,-20.94639
7338106875.0,-20.94279
7338107812.5,-20.94259
7338108750.0,-20.93983
7338109687.5,-20.93588
7338110625.0,-20.93634
7338111562.5,-20.93446
7338112500.0,-20.93207
7338113437.5,-20.92748
7338114375.0,-20.92488
7338115312.5,-20.92408
7338116250.0,-20.91848
7338117187.5,-20.91938
7338118125.0,-20.91883
7338119062.5,-20.91321
7338120000.0,-20.911
7338120937.5,-20.90964
7338121875.0,-20.90897
7338122812.5,-20.90527
7338123750.0,-20.90243
7338124687.5,-20.89882
7338125625.0,-20.89842
7338126562.5,-20.89581
7338127500.0,-20.89649
7338128437.5,-20.89169
7338129375.0,-20.89286
7338130312.5,-20.88862
7338131250.0,-20.88425
7338132187.5,-20.88546
7338133125.0,-20.88037
7338134062.5,-20.88219
7338135000.0,-20.87701
7338135937.5,-20.87394
7338136875.0,-20.87388
7338137812.5,-20.87048
7338138750.0,-20.86843
7338139687.5,-20.86676
7338140625.0,-20.86345
7338141562.5,-20.86246
7338142500.0,-20.85995
7338143437.5,-20.85866
7338144375.0,-20.85599
7338145312.5,-20.85224
7338146250.0,-20.85096
7338147187.5,-20.8495
7338148125.0,-20.84776
7338149062.5,-20.84473
7338150000.0,-20.84074
7338150937.5,-20.84113
7338151875.0,-20.83788
7338152812.5,-20.83472
7338153750.0,-20.83459
7338154687.5,-20.83199
7338155625.0,-20.82985
7338156562.5,-20.82618
7338157500.0,-20.82422
7338158437.5,-20.82388
7338159375.0,-20.82104
7338160312.5,-20.81934
7338161250.0,-20.81764
7338162187.5,-20.8135
7338163125.0,-20.81079
7338164062.5,-20.80966
7338165000.0,-20.80752
7338165937.5,-20.80671
7338166875.0,-20.80395
7338167812.5,-20.80075
7338168750.0,-20.79691
7338169687.5,-20.79637
7338170625.0,-20.79322
7338171562.5,-20.79159
7338172500.0,-20.78861
7338173437.5,-20.78793
7338174375.0,-20.78489
7338175312.5,-20.78263
7338176250.0,-20.78017
7338177187.5,-20.78007
7338178125.0,-20.77606
7338179062.5,-20.77475
7338180000.0,-20.77162
7338180937.5,-20.76767
7338181875.0,-20.76435
7338182812.5,-20.76443
7338183750.0,-20.76169
7338184687.5,-20.7617
7338185625.0,-20.75694
7338186562.5,-20.75422
7338187500.0,-20.7534
7338188437.5,-20.74985
7338189375.0,-20.74791
7338190312.5,-20.74759
7338191250.0,-20.74393
7338192187.5,-20.74247
7338193125.0,-20.73931
7338194062.5,-20.73699
7338195000.0,-20.73572
7338195937.5,-20.73103
7338196875.0,-20.73192
7338197812.5,-20.73008
7338198750.0,-20.7255
7338199687.5,-20.72564
7338200625.0,-20.72243
7338201562.5,-20.71981
7338202500.0,-20.71854
7338203437.5,-20.71604
7338204375.0,-20.71255
7338205312.5,-20.7109
7338206250.0,-20.70722
7338207187.5,-20.70752
7338208125.0,-20.70419
7338209062.5,-20.70247
7338210000.0,-20.70045
7338210937.5,-20.69816
7338211875.0,-20.69488
7338212812.5,-20.69141
7338213750.0,-20.69196
7338214687.5,-20.68837
7338215625.0,-20.68708
7338216562.5,-20.68361
7338217500.0,-20.68093
7338218437.5,-20.67974
7338219375.0,-20.67545
7338220312.5,-20.67369
7338221250.0,-20.67491
7338222187.5,-20.67064
7338223125.0,-20.66951
7338224062.5,-20.66671
7338225000.0,-20.6641
7338225937.5,-20.66224
7338226875.0,-20.65977
7338227812.5,-20.65556
7338228750.0,-20.65538
7338229687.5,-20.65363
7338230625.0,-20.64907
7338231562.5,-20.65002
7338232500.0,-20.64651
7338233437.5,-20.64379
7338234375.0,-20.64285
7338235312.5,-20.6391
7338236250.0,-20.63727
7338237187.5,-20.63388
7338238125.0,-20.63297
7338239062.5,-20.63021
7338240000.0,-20.62731
7338240937.5,-20.62559
7338241875.0,-20.62381
7338242812.5,-20.62029
7338243750.0,-20.6175
7338244687.5,-20.61597
7338245625.0,-20.61273
7338246562.5,-20.61217
7338247500.0,-20.61089
7338248437.5,-20.60554
7338249375.0,-20.60612
7338250312.5,-20.60217
7338251250.0,-20.59931
7338252187.5,-20.59798
7338253125.0,-20.59533
7338254062.5,-20.59305
7338255000.0,-20.59195
7338255937.5,-20.58966
7338256875.0,-20.58947
7338257812.5,-20.58604
7338258750.0,-20.58308
7338259687.5,-20.58365
7338260625.0,-20.57917
7338261562.5,-20.57693
7338262500.0,-20.57511
7338263437.5,-20.57051
7338264375.0,-20.56814
7338265312.5,-20.56659
7338266250.0,-20.56555
7338267187.5,-20.56414
7338268125.0,-20.56055
7338269062.5,-20.55859
7338270000.0,-20.55385
7338270937.5,-20.55169
7338271875.0,-20.55016
7338272812.5,-20.54854
7338273750.0,-20.54578
7338274687.5,-20.54383
7338275625.0,-20.54177
7338276562.5,-20.53883
7338277500.0,-20.53636
7338278437.5,-20.53475
7338279375.0,-20.53273
7338280312.5,-20.52735
7338281250.0,-20.52768
7338282187.5,-20.52439
7338283125.0,-20.52105
7338284062.5,-20.5205
7338285000.0,-20.5187
7338285937.5,-20.51538
7338286875.0,-20.51534
7338287812.5,-20.51261
7338288750.0,-20.50937
7338289687.5,-20.50743
7338290625.0,-20.50395
7338291562.5,-20.50124
7338292500.0,-20.50195
7338293437.5,-20.49861
7338294375.0,-20.49604
7338295312.5,-20.49391
7338296250.0,-20.49119
7338297187.5,-20.48769
7338298125.0,-20.4864
7338299062.5,-20.48625
7338300000.0,-20.4817
7338300937.5,-20.4804
7338301875.0,-20.47597
7338302812.5,-20.47546
7338303750.0,-20.47173
7338304687.5,-20.47154
7338305625.0,-20.46587
7338306562.5,-20.46611
7338307500.0,-20.4645
7338308437.5,-20.46094
7338309375.0,-20.4596
7338310312.5,-20.45958
7338311250.0,-20.45305
7338312187.5,-20.45184
7338313125.0,-20.45141
7338314062.5,-20.44961
7338315000.0,-20.44497
7338315937.5,-20.44395
7338316875.0,-20.44045
7338317812.5,-20.43771
7338318750.0,-20.43655
7338319687.5,-20.43367
7338320625.0,-20.43241
7338321562.5,-20.43006
7338322500.0,-20.42762
7338323437.5,-20.42701
7338324375.0,-20.42111
7338325312.5,-20.41927
7338326250.0,-20.41728
7338327187.5,-20.41561
7338328125.0,-20.41351
7338329062.5,-20.4144
7338330000.0,-20.40893
7338330937.5,-20.40775
7338331875.0,-20.40284
7338332812.5,-20.40163
7338333750.0,-20.39758
7338334687.5,-20.39772
7338335625.0,-20.39546
7338336562.5,-20.39572
7338337500.0,-20.38999
7338338437.5,-20.38539
7338339375.0,-20.38508
7338340312.5,-20.38325
7338341250.0,-20.37932
7338342187.5,-20.37906
7338343125.0,-20.37609
7338344062.5,-20.37414
7338345000.0,-20.37008
7338345937.5,-20.3686
7338346875.0,-20.36893
7338347812.5,-20.36517
7338348750.0,-20.36365
7338349687.5,-20.36083
7338350625.0,-20.35744
7338351562.5,-20.35698
7338352500.0,-20.35253
7338353437.5,-20.3517
7338354375.0,-20.34821
7338355312.5,-20.34818
7338356250.0,-20.34388
7338357187.5,-20.34222
7338358125.0,-20.33948
7338359062.5,-20.33631
7338360000.0,-20.33676
7338360937.5,-20.33081
7338361875.0,-20.33043
7338362812.5,-20.32899
7338363750.0,-20.32576
7338364687.5,-20.32261
7338365625.0,-20.32246
7338366562.5,-20.31955
7338367500.0,-20.31504
7338368437.5,-20.31479
7338369375.0,-20.31059
7338370312.5,-20.30812
7338371250.0,-20.30713
7338372187.5,-20.30614
7338373125.0,-20.30275
7338374062.5,-20.30028
7338375000.0,-20.29823
7338375937.5,-20.29381
7338376875.0,-20.29152
7338377812.5,-20.28944
7338378750.0,-20.28744
7338379687.5,-20.28495
7338380625.0,-20.28316
7338381562.5,-20.28136
7338382500.0,-20.2795
7338383437.5,-20.27647
7338384375.0,-20.2769
7338385312.5,-20.27292
7338386250.0,-20.26923
7338387187.5,-20.26659
7338388125.0,-20.26281
7338389062.5,-20.26169
7338390000.0,-20.25883
7338390937.5,-20.25771
7338391875.0,-20.25643
7338392812.5,-20.25174
7338393750.0,-20.25008
7338394687.5,-20.24803
7338395625.0,-20.24644
7338396562.5,-20.24396
7338397500.0,-20.24118
7338398437.5,-20.23779
7338399375.0,-20.23325
7338400312.5,-20.23415
7338401250.0,-20.23238
7338402187.5,-20.22854
7338403125.0,-20.22663
7338404062.5,-20.22456
7338405000.0,-20.22078
7338405937.5,-20.2195
7338406875.0,-20.21621
7338407812.5,-20.21426
7338408750.0,-20.21448
7338409687.5,-20.21301
7338410625.0,-20.20677
7338411562.5,-20.20555
7338412500.0,-20.203
7338413437.5,-20.2019
7338414375.0,-20.19839
7338415312.5,-20.19381
7338416250.0,-20.19486
7338417187.5,-20.19007
7338418125.0,-20.19074
7338419062.5,-20.18652
7338420000.0,-20.18523
7338420937.5,-20.18416
7338421875.0,-20.18144
7338422812.5,-20.17903
7338423750.0,-20.17564
7338424687.5,-20.1722
7338425625.0,-20.17064
7338426562.5,-20.16683
7338427500.0,-20.16691
7338428437.5,-20.16291
7338429375.0,-20.16079
7338430312.5,-20.15882
7338431250.0,-20.15648
7338432187.5,-20.15575
7338433125.0,-20.15167
7338434062.5,-20.14976
7338435000.0,-20.14635
7338435937.5,-20.14436
7338436875.0,-20.14356
7338437812.5,-20.13997
7338438750.0,-20.13919
7338439687.5,-20.13474
7338440625.0,-20.13265
7338441562.5,-20.12971
7338442500.0,-20.12736
7338443437.5,-20.12574
7338444375.0,-20.12347
7338445312.5,-20.12035
7338446250.0,-20.11779
7338447187.5,-20.11679
7338448125.0,-20.1142
7338449062.5,-20.11225
7338450000.0,-20.1082
7338450937.5,-20.1051
7338451875.0,-20.10595
7338452812.5,-20.10216
7338453750.0,-20.10183
7338454687.5,-20.09726
7338455625.0,-20.0941
7338456562.5,-20.09006
7338457500.0,-20.08915
7338458437.5,-20.08734
7338459375.0,-20.08555
7338460312.5,-20.08214
7338461250.0,-20.08103
7338462187.5,-20.07834
7338463125.0,-20.07414
7338464062.5,-20.07381
7338465000.0,-20.06964
7338465937.5,-20.06716
7338466875.0,-20.06515
7338467812.5,-20.0645
7338468750.0,-20.06046
7338469687.5,-20.05912
7338470625.0,-20.05397
7338471562.5,-20.05578
7338472500.0,-20.05446
7338473437.5,-20.04843
7338474375.0,-20.04833
7338475312.5,-20.04539
7338476250.0,-20.04223
7338477187.5,-20.03865
7338478125.0,-20.03698
7338479062.5,-20.03464
7338480000.0,-20.03464
7338480937.5,-20.03158
7338481875.0,-20.02895
7338482812.5,-20.02567
7338483750.0,-20.02248
7338484687.5,-20.02164
7338485625.0,-20.01777
7338486562.5,-20.0154
7338487500.0,-20.0135
7338488437.5,-20.01052
7338489375.0,-20.00812
7338490312.5,-20.00742
7338491250.0,-20.00358
7338492187.5,-20.0018
7338493125.0,-19.99847
7338494062.5,-19.99388
7338495000.0,-19.99416
7338495937.5,-19.99229
7338496875.0,-19.99008
7338497812.5,-19.98735
7338498750.0,-19.9833
7338499687.5,-19.982
7338500625.0,-19.97808
7338501562.5,-19.97794
7338502500.0,-19.975
7338503437.5,-19.97256
7338504375.0,-19.97028
7338505312.5,-19.968
7338506250.0,-19.96781
7338507187.5,-19.96306
7338508125.0,-19.96049
7338509062.5,-19.95764
7338510000.0,-19.95484
7338510937.5,-19.9516
7338511875.0,-19.94893
7338512812.5,-19.94867
7338513750.0,-19.94509
7338514687.5,-19.94484
7338515625.0,-19.94098
7338516562.5,-19.93738
7338517500.0,-19.93576
7338518437.5,-19.93268
7338519375.0,-19.93007
7338520312.5,-19.92929
7338521250.0,-19.92612
7338522187.5,-19.92308
7338523125.0,-19.92254
7338524062.5,-19.91845
7338525000.0,-19.91663
7338525937.5,-19.91374
7338526875.0,-19.91168
7338527812.5,-19.90947
7338528750.0,-19.90765
7338529687.5,-19.90263
7338530625.0,-19.90283
7338531562.5,-19.8981
7338532500.0,-19.8962
7338533437.5,-19.89636
7338534375.0,-19.89231
7338535312.5,-19.89137
7338536250.0,-19.88851
7338537187.5,-19.88541
7338538125.0,-19.88238
7338539062.5,-19.88053
7338540000.0,-19.88013
7338540937.5,-19.87482
7338541875.0,-19.87389
7338542812.5,-19.86778
7338543750.0,-19.86846
7338544687.5,-19.86536
7338545625.0,-19.86271
7338546562.5,-19.86125
7338547500.0,-19.85933
7338548437.5,-19.85455
7338549375.0,-19.85346
7338550312.5,-19.85015
7338551250.0,-19.8472
7338552187.5,-19.84592
7338553125.0,-19.84387
7338554062.5,-19.84057
7338555000.0,-19.83825
7338555937.5,-19.83559
7338556875.0,-19.83613
7338557812.5,-19.83102
7338558750.0,-19.82648
7338559687.5,-19.82605
7338560625.0,-19.82198
7338561562.5,-19.82265
7338562500.0,-19.81864
7338563437.5,-19.81598
7338564375.0,-19.81332
7338565312.5,-19.81243
7338566250.0,-19.81057
7338567187.5,-19.80897
7338568125.0,-19.80428
7338569062.5,-19.80246
7338570000.0,-19.79959
7338570937.5,-19.79861
7338571875.0,-19.79508
7338572812.5,-19.79224
7338573750.0,-19.78942
7338574687.5,-19.7859
7338575625.0,-19.78509
7338576562.5,-19.78339
7338577500.0,-19.78116
7338578437.5,-19.77877
7338579375.0,-19.77508
7338580312.5,-19.77187
7338581250.0,-19.76963
7338582187.5,-19.76715
7338583125.0,-19.76636
7338584062.5,-19.76136
7338585000.0,-19.75885
7338585937.5,-19.75818
7338586875.0,-19.7542
7338587812.5,-19.7502
7338588750.0,-19.75307
7338589687.5,-19.75044
7338590625.0,-19.74536
7338591562.5,-19.74316
7338592500.0,-19.74026
7338593437.5,-19.73977
7338594375.0,-19.73342
7338595312.5,-19.73417
7338596250.0,-19.73142
7338597187.5,-19.7295
7338598125.0,-19.72627
7338599062.5,-19.72502
7338600000.0,-19.72107
7338600937.5,-19.71876
7338601875.0,-19.71527
7338602812.5,-19.71389
7338603750.0,-19.71144
7338604687.5,-19.70806
7338605625.0,-19.70637
7338606562.5,-19.7034
7338607500.0,-19.70191
7338608437.5,-19.69671
7338609375.0,-19.69595
7338610312.5,-19.6923
7338611250.0,-19.69188
7338612187.5,-19.68718
7338613125.0,-19.68604
7338614062.5,-19.68216
7338615000.0,-19.67791
7338615937.5,-19.67868
7338616875.0,-19.67618
7338617812.5,-19.67384
7338618750.0,-19.66987
7338619687.5,-19.66847
7338620625.0,-19.66532
7338621562.5,-19.66238
7338622500.0,-19.66093
7338623437.5,-19.65761
7338624375.0,-19.65596
7338625312.5,-19.65386
7338626250.0,-19.65286
7338627187.5,-19.64892
7338628125.0,-19.64633
7338629062.5,-19.64366
7338630000.0,-19.64383
7338630937.5,-19.6406
7338631875.0,-19.63532
7338632812.5,-19.63501
7338633750.0,-19.63043
7338634687.5,-19.62922
7338635625.0,-19.62586
7338636562.5,-19.62423
7338637500.0,-19.61998
7338638437.5,-19.61927
7338639375.0,-19.61501
7338640312.5,-19.61409
7338641250.0,-19.61268
7338642187.5,-19.6095
7338643125.0,-19.60542
7338644062.5,-19.60592
7338645000.0,-19.60254
7338645937.5,-19.59709
7338646875.0,-19.59694
7338647812.5,-19.59432
7338648750.0,-19.59075
7338649687.5,-19.58818
7338650625.0,-19.58725
7338651562.5,-19.5834
7338652500.0,-19.58251
7338653437.5,-19.58004
7338654375.0,-19.57619
7338655312.5,-19.57346
7338656250.0,-19.57131
7338657187.5,-19.56951
7338658125.0,-19.56525
7338659062.5,-19.56228
7338660000.0,-19.56197
7338660937.5,-19.56064
7338661875.0,-19.55785
7338662812.5,-19.55366
7338663750.0,-19.55103
7338664687.5,-19.54895
7338665625.0,-19.5467
7338666562.5,-19.54343
7338667500.0,-19.54044
7338668437.5,-19.54033
7338669375.0,-19.5373
7338670312.5,-19.53187
7338671250.0,-19.53239
7338672187.5,-19.52944
7338673125.0,-19.52775
7338674062.5,-19.52342
7338675000.0,-19.52074
7338675937.5,-19.51785
7338676875.0,-19.51705
7338677812.5,-19.51312
7338678750.0,-19.51052
7338679687.5,-19.50751
7338680625.0,-19.50759
7338681562.5,-19.50216
7338682500.0,-19.50144
7338683437.5,-19.49826
7338684375.0,-19.49309
7338685312.5,-19.48985
7338686250.0,-19.49274
7338687187.5,-19.48878
7338688125.0,-19.48487
7338689062.5,-19.48248
7338690000.0,-19.48034
7338690937.5,-19.47888
7338691875.0,-19.47528
7338692812.5,-19.47346
7338693750.0,-19.46923
7338694687.5,-19.46877
7338695625.0,-19.46412
7338696562.5,-19.46176
7338697500.0,-19.4596
7338698437.5,-19.45819
7338699375.0,-19.45413
7338700312.5,-19.45197
7338701250.0,-19.45025
7338702187.5,-19.44577
7338703125.0,-19.44631
7338704062.5,-19.44313
7338705000.0,-19.44036
7338705937.5,-19.43702
7338706875.0,-19.43591
7338707812.5,-19.43316
7338708750.0,-19.42889
7338709687.5,-19.42839
7338710625.0,-19.42614
7338711562.5,-19.42307
7338712500.0,-19.41979
7338713437.5,-19.41701
7338714375.0,-19.41677
7338715312.5,-19.41232
7338716250.0,-19.40904
7338717187.5,-19.40592
7338718125.0,-19.40346
7338719062.5,-19.40267
7338720000.0,-19.40015
7338720937.5,-19.39789
7338721875.0,-19.39295
7338722812.5,-19.39256
7338723750.0,-19.39059
7338724687.5,-19.38782
7338725625.0,-19.38422
7338726562.5,-19.38067
7338727500.0,-19.3798
7338728437.5,-19.37968
7338729375.0,-19.37352
7338730312.5,-19.37095
7338731250.0,-19.36861
7338732187.5,-19.36603
7338733125.0,-19.36511
7338734062.5,-19.36202
7338735000.0,-19.35757
7338735937.5,-19.35589
7338736875.0,-19.35352
7338737812.5,-19.35015
7338738750.0,-19.34853
7338739687.5,-19.34558
7338740625.0,-19.34242
7338741562.5,-19.33876
7338742500.0,-19.33762
7338743437.5,-19.33441
7338744375.0,-19.33365
7338745312.5,-19.33108
7338746250.0,-19.32752
7338747187.5,-19.32555
7338748125.0,-19.32332
7338749062.5,-19.31852
7338750000.0,-19.3186
7338750937.5,-19.31435
7338751875.0,-19.31329
7338752812.5,-19.30989
7338753750.0,-19.30731
7338754687.5,-19.30314
7338755625.0,-19.29956
7338756562.5,-19.29845
7338757500.0,-19.29734
7338758437.5,-19.29337
7338759375.0,-19.29074
7338760312.5,-19.28975
7338761250.0,-19.28423
7338762187.5,-19.28226
7338763125.0,-19.28145
7338764062.5,-19.27993
7338765000.0,-19.27646
7338765937.5,-19.27266
7338766875.0,-19.27003
7338767812.5,-19.26796
7338768750.0,-19.26379
7338769687.5,-19.26186
7338770625.0,-19.25904
7338771562.5,-19.25734
7338772500.0,-19.25603
7338773437.5,-19.25276
7338774375.0,-19.25009
7338775312.5,-19.24887
7338776250.0,-19.24367
7338777187.5,-19.24256
7338778125.0,-19.24174
7338779062.5,-19.23761
7338780000.0,-19.23691
7338780937.5,-19.23196
7338781875.0,-19.23041
7338782812.5,-19.22632
7338783750.0,-19.22483
7338784687.5,-19.22105
7338785625.0,-19.21915
7338786562.5,-19.21781
7338787500.0,-19.21388
7338788437.5,-19.20845
7338789375.0,-19.20882
7338790312.5,-19.20556
7338791250.0,-19.20355
7338792187.5,-19.20017
7338793125.0,-19.19806
7338794062.5,-19.19473
7338795000.0,-19.1933
7338795937.5,-19.19139
7338796875.0,-19.18756
7338797812.5,-19.18495
7338798750.0,-19.18238
7338799687.5,-19.17726
7338800625.0,-19.17829
7338801562.5,-19.17306
7338802500.0,-19.1724
7338803437.5,-19.16923
7338804375.0,-19.16959
7338805312.5,-19.16518
7338806250.0,-19.16169
7338807187.5,-19.15932
7338808125.0,-19.15669
7338809062.5,-19.15377
7338810000.0,-19.15156
7338810937.5,-19.14797
7338811875.0,-19.14622
7338812812.5,-19.14235
7338813750.0,-19.14073
7338814687.5,-19.1392
7338815625.0,-19.13444
7338816562.5,-19.13364
7338817500.0,-19.12966
7338818437.5,-19.12702
7338819375.0,-19.12509
7338820312.5,-19.12207
7338821250.0,-19.11863
7338822187.5,-19.11706
7338823125.0,-19.11392
7338824062.5,-19.11264
7338825000.0,-19.1074
7338825937.5,-19.10555
7338826875.0,-19.10464
7338827812.5,-19.1026
7338828750.0,-19.09733
7338829687.5,-19.0962
7338830625.0,-19.09364
7338831562.5,-19.08938
7338832500.0,-19.0893
7338833437.5,-19.08535
7338834375.0,-19.08224
7338835312.5,-19.08003
7338836250.0,-19.07725
7338837187.5,-19.07582
7338838125.0,-19.0739
7338839062.5,-19.07053
7338840000.0,-19.06767
7338840937.5,-19.06545
7338841875.0,-19.06219
7338842812.5,-19.06007
7338843750.0,-19.05728
7338844687.5,-19.05374
7338845625.0,-19.05059
7338846562.5,-19.04894
7338847500.0,-19.04821
7338848437.5,-19.04363
7338849375.0,-19.04205
7338850312.5,-19.03765
7338851250.0,-19.03486
7338852187.5,-19.03194
7338853125.0,-19.03038
7338854062.5,-19.02844
7338855000.0,-19.02448
7338855937.5,-19.02277
7338856875.0,-19.01769
7338857812.5,-19.0158
7338858750.0,-19.01371
7338859687.5,-19.01155
7338860625.0,-19.00856
7338861562.5,-19.00571
7338862500.0,-19.00304
7338863437.5,-19.00126
7338864375.0,-18.99753
7338865312.5,-18.99459
7338866250.0,-18.99334
7338867187.5,-18.99054
7338868125.0,-18.98605
7338869062.5,-18.98446
7338870000.0,-18.98201
7338870937.5,-18.97901
7338871875.0,-18.9766
7338872812.5,-18.97503
7338873750.0,-18.9707
7338874687.5,-18.96831
7338875625.0,-18.96719
7338876562.5,-18.96241
7338877500.0,-18.96248
7338878437.5,-18.95872
7338879375.0,-18.95617
7338880312.5,-18.95307
7338881250.0,-18.95081
7338882187.5,-18.9492
7338883125.0,-18.94613
7338884062.5,-18.94279
7338885000.0,-18.94009
7338885937.5,-18.93926
7338886875.0,-18.93355
7338887812.5,-18.93237
7338888750.0,-18.92984
7338889687.5,-18.92704
7338890625.0,-18.92517
7338891562.5,-18.92022
7338892500.0,-18.9173
7338893437.5,-18.91621
7338894375.0,-18.91391
7338895312.5,-18.90948
7338896250.0,-18.90832
7338897187.5,-18.90572
7338898125.0,-18.90172
7338899062.5,-18.90178
7338900000.0,-18.89801
7338900937.5,-18.8929
7338901875.0,-18.89215
7338902812.5,-18.88913
7338903750.0,-18.88596
7338904687.5,-18.88453
7338905625.0,-18.88124
7338906562.5,-18.87734
7338907500.0,-18.8761
7338908437.5,-18.87327
7338909375.0,-18.87103
7338910312.5,-18.8667
7338911250.0,-18.86539
7338912187.5,-18.86297
7338913125.0,-18.85955
7338914062.5,-18.85778
7338915000.0,-18.8545
7338915937.5,-18.8531
7338916875.0,-18.84875
7338917812.5,-18.84579
7338918750.0,-18.84352
7338919687.5,-18.84104
7338920625.0,-18.8387
7338921562.5,-18.83485
7338922500.0,-18.83067
7338923437.5,-18.83031
7338924375.0,-18.82697
7338925312.5,-18.82442
7338926250.0,-18.82157
7338927187.5,-18.81838
7338928125.0,-18.8155
7338929062.5,-18.8135
7338930000.0,-18.81138
7338930937.5,-18.80867
7338931875.0,-18.8055
7338932812.5,-18.80399
7338933750.0,-18.80091
7338934687.5,-18.79817
7338935625.0,-18.79551
7338936562.5,-18.79278
7338937500.0,-18.79082
7338938437.5,-18.78753
7338939375.0,-18.78298
7338940312.5,-18.78221
7338941250.0,-18.77884
7338942187.5,-18.77505
7338943125.0,-18.77393
7338944062.5,-18.76873
7338945000.0,-18.76652
7338945937.5,-18.76565
7338946875.0,-18.76138
7338947812.5,-18.75918
7338948750.0,-18.75579
7338949687.5,-18.75633
7338950625.0,-18.75131
7338951562.5,-18.74854
7338952500.0,-18.74603
7338953437.5,-18.74314
7338954375.0,-18.74042
7338955312.5,-18.73674
7338956250.0,-18.73554
7338957187.5,-18.73232
7338958125.0,-18.72922
7338959062.5,-18.72716
7338960000.0,-18.72473
7338960937.5,-18.72107
7338961875.0,-18.71813
7338962812.5,-18.71603
7338963750.0,-18.71326
7338964687.5,-18.71067
7338965625.0,-18.70762
7338966562.5,-18.70454
7338967500.0,-18.70285
7338968437.5,-18.70074
7338969375.0,-18.69662
7338970312.5,-18.69259
7338971250.0,-18.69258
7338972187.5,-18.69029
7338973125.0,-18.68699
7338974062.5,-18.68353
7338975000.0,-18.67985
7338975937.5,-18.67679
7338976875.0,-18.67424
7338977812.5,-18.67067
7338978750.0,-18.66893
7338979687.5,-18.66676
7338980625.0,-18.66217
7338981562.5,-18.66014
7338982500.0,-18.65796
7338983437.5,-18.65604
7338984375.0,-18.65447
7338985312.5,-18.64886
7338986250.0,-18.64699
7338987187.5,-18.64606
7338988125.0,-18.64192
7338989062.5,-18.64025
7338990000.0,-18.63588
7338990937.5,-18.63374
7338991875.0,-18.6326
7338992812.5,-18.63031
7338993750.0,-18.62549
7338994687.5,-18.62292
7338995625.0,-18.62196
7338996562.5,-18.61674
7338997500.0,-18.61388
7338998437.5,-18.61157
7338999375.0,-18.60834
7339000312.5,-18.60641
7339001250.0,-18.60394
7339002187.5,-18.60163
7339003125.0,-18.59729
7339004062.5,-18.59489
7339005000.0,-18.5935
7339005937.5,-18.59132
7339006875.0,-18.58637
7339007812.5,-18.58335
7339008750.0,-18.58184
7339009687.5,-18.5775
7339010625.0,-18.57561
7339011562.5,-18.57187
7339012500.0,-18.57025
7339013437.5,-18.56885
7339014375.0,-18.56462
7339015312.5,-18.56189
7339016250.0,-18.56059
7339017187.5,-18.55729
7339018125.0,-18.55215
7339019062.5,-18.54965
7339020000.0,-18.54841
7339020937.5,-18.54428
7339021875.0,-18.54189
7339022812.5,-18.54078
7339023750.0,-18.53601
7339024687.5,-18.53444
7339025625.0,-18.53128
7339026562.5,-18.52771
7339027500.0,-18.52798
7339028437.5,-18.52341
7339029375.0,-18.52064
7339030312.5,-18.51811
7339031250.0,-18.51445
7339032187.5,-18.51327
7339033125.0,-18.50845
7339034062.5,-18.50694
7339035000.0,-18.50407
7339035937.5,-18.50002
7339036875.0,-18.49789
7339037812.5,-18.49391
7339038750.0,-18.49266
7339039687.5,-18.48986
7339040625.0,-18.48673
7339041562.5,-18.48535
7339042500.0,-18.48068
7339043437.5,-18.47879
7339044375.0,-18.47431
7339045312.5,-18.47217
7339046250.0,-18.46931
7339047187.5,-18.46802
7339048125.0,-18.46448
7339049062.5,-18.4615
7339050000.0,-18.45674
7339050937.5,-18.45608
7339051875.0,-18.45327
7339052812.5,-18.44901
7339053750.0,-18.44814
7339054687.5,-18.44547
7339055625.0,-18.44335
7339056562.5,-18.43994
7339057500.0,-18.4378
7339058437.5,-18.43474
7339059375.0,-18.43257
7339060312.5,-18.42822
7339061250.0,-18.42513
7339062187.5,-18.42294
7339063125.0,-18.41848
7339064062.5,-18.41653
7339065000.0,-18.41428
7339065937.5,-18.41067
7339066875.0,-18.40926
7339067812.5,-18.40506
7339068750.0,-18.40181
7339069687.5,-18.39987
7339070625.0,-18.39823
7339071562.5,-18.39398
7339072500.0,-18.3901
7339073437.5,-18.38904
7339074375.0,-18.38655
7339075312.5,-18.38411
7339076250.0,-18.38071
7339077187.5,-18.37863
7339078125.0,-18.37595
7339079062.5,-18.37345
7339080000.0,-18.36893
7339080937.5,-18.36598
7339081875.0,-18.36216
7339082812.5,-18.36028
7339083750.0,-18.35899
7339084687.5,-18.35617
7339085625.0,-18.35455
7339086562.5,-18.34956
7339087500.0,-18.34655
7339088437.5,-18.34536
7339089375.0,-18.3416
7339090312.5,-18.33812
7339091250.0,-18.33628
7339092187.5,-18.3322
7339093125.0,-18.32919
7339094062.5,-18.32808
7339095000.0,-18.3248
7339095937.5,-18.32029
7339096875.0,-18.31895
7339097812.5,-18.31528
7339098750.0,-18.31233
7339099687.5,-18.30974
7339100625.0,-18.30613
7339101562.5,-18.3034
7339102500.0,-18.30255
7339103437.5,-18.29757
7339104375.0,-18.29402
7339105312.5,-18.29366
7339106250.0,-18.28958
7339107187.5,-18.28551
7339108125.0,-18.28235
7339109062.5,-18.2814
7339110000.0,-18.27806
7339110937.5,-18.27349
7339111875.0,-18.27141
7339112812.5,-18.27032
7339113750.0,-18.26575
7339114687.5,-18.26641
7339115625.0,-18.26252
7339116562.5,-18.25917
7339117500.0,-18.25557
7339118437.5,-18.25331
7339119375.0,-18.25061
7339120312.5,-18.2477
7339121250.0,-18.24328
7339122187.5,-18.24135
7339123125.0,-18.23898
7339124062.5,-18.23672
7339125000.0,-18.23302
7339125937.5,-18.22897
7339126875.0,-18.22736
7339127812.5,-18.22344
7339128750.0,-18.22229
7339129687.5,-18.21866
7339130625.0,-18.21529
7339131562.5,-18.21216
7339132500.0,-18.2091
7339133437.5,-18.20541
7339134375.0,-18.2056
7339135312.5,-18.20113
7339136250.0,-18.19968
7339137187.5,-18.19621
7339138125.0,-18.19321
7339139062.5,-18.18901
7339140000.0,-18.18517
7339140937.5,-18.18458
7339141875.0,-18.18194
7339142812.5,-18.17898
7339143750.0,-18.17664
7339144687.5,-18.17385
7339145625.0,-18.16949
7339146562.5,-18.16706
7339147500.0,-18.16516
7339148437.5,-18.1609
7339149375.0,-18.15821
7339150312.5,-18.15541
7339151250.0,-18.15247
7339152187.5,-18.15166
7339153125.0,-18.14588
7339154062.5,-18.14385
7339155000.0,-18.14239
7339155937.5,-18.13923
7339156875.0,-18.13531
7339157812.5,-18.1313
7339158750.0,-18.1298
7339159687.5,-18.126
7339160625.0,-18.12354
7339161562.5,-18.12101
7339162500.0,-18.11612
7339163437.5,-18.11455
7339164375.0,-18.1114
7339165312.5,-18.10857
7339166250.0,-18.10666
7339167187.5,-18.10421
7339168125.0,-18.1002
7339169062.5,-18.09722
7339170000.0,-18.09325
7339170937.5,-18.09254
7339171875.0,-18.09115
7339172812.5,-18.08645
7339173750.0,-18.08244
7339174687.5,-18.08139
7339175625.0,-18.07714
7339176562.5,-18.07637
7339177500.0,-18.07187
7339178437.5,-18.0686
7339179375.0,-18.06446
7339180312.5,-18.06303
7339181250.0,-18.06141
7339182187.5,-18.05722
7339183125.0,-18.05493
7339184062.5,-18.05278
7339185000.0,-18.04957
7339185937.5,-18.04488
7339186875.0,-18.0424
7339187812.5,-18.0412
7339188750.0,-18.03574
7339189687.5,-18.03308
7339190625.0,-18.03125
7339191562.5,-18.02777
7339192500.0,-18.02324
7339193437.5,-18.02347
7339194375.0,-18.01948
7339195312.5,-18.0149
7339196250.0,-18.0143
7339197187.5,-18.01065
7339198125.0,-18.00852
7339199062.5,-18.00505
7339200000.0,-18.00142
7339200937.5,-17.99821
7339201875.0,-17.9966
7339202812.5,-17.99363
7339203750.0,-17.98909
7339204687.5,-17.98631
7339205625.0,-17.98434
7339206562.5,-17.98181
7339207500.0,-17.97988
7339208437.5,-17.97679
7339209375.0,-17.97426
7339210312.5,-17.9702
7339211250.0,-17.96797
7339212187.5,-17.96307
7339213125.0,-17.96108
7339214062.5,-17.9576
7339215000.0,-17.95481
7339215937.5,-17.95177
7339216875.0,-17.94842
7339217812.5,-17.94518
7339218750.0,-17.94281
7339219687.5,-17.94092
7339220625.0,-17.93818
7339221562.5,-17.93348
7339222500.0,-17.93141
7339223437.5,-17.92952
7339224375.0,-17.92401
7339225312.5,-17.92264
7339226250.0,-17.91976
7339227187.5,-17.91749
7339228125.0,-17.91294
7339229062.5,-17.91064
7339230000.0,-17.90743
7339230937.5,-17.90416
7339231875.0,-17.90165
7339232812.5,-17.89878
7339233750.0,-17.89691
7339234687.5,-17.89295
7339235625.0,-17.89117
7339236562.5,-17.88848
7339237500.0,-17.8857
7339238437.5,-17.8811
7339239375.0,-17.87927
7339240312.5,-17.87442
7339241250.0,-17.87432
7339242187.5,-17.86807
7339243125.0,-17.86626
7339244062.5,-17.86148
7339245000.0,-17.8595
7339245937.5,-17.8574
7339246875.0,-17.85348
7339247812.5,-17.8508
7339248750.0,-17.84785
7339249687.5,-17.8437
7339250625.0,-17.84332
7339251562.5,-17.83795
7339252500.0,-17.83609
7339253437.5,-17.83515
7339254375.0,-17.83166
7339255312.5,-17.82901
7339256250.0,-17.82433
7339257187.5,-17.82098
7339258125.0,-17.81921
7339259062.5,-17.81562
7339260000.0,-17.81377
7339260937.5,-17.81036
7339261875.0,-17.80713
7339262812.5,-17.80406
7339263750.0,-17.80104
7339264687.5,-17.79876
7339265625.0,-17.79488
7339266562.5,-17.79392
7339267500.0,-17.79032
7339268437.5,-17.78741
7339269375.0,-17.78354
7339270312.5,-17.78035
7339271250.0,-17.77733
7339272187.5,-17.77351
7339273125.0,-17.77194
7339274062.5,-17.76986
7339275000.0,-17.76628
7339275937.5,-17.76191
7339276875.0,-17.76013
7339277812.5,-17.75621
7339278750.0,-17.75285
7339279687.5,-17.75069
7339280625.0,-17.74645
7339281562.5,-17.74422
7339282500.0,-17.74148
7339283437.5,-17.73753
7339284375.0,-17.735
7339285312.5,-17.73209
7339286250.0,-17.73048
7339287187.5,-17.72471
7339288125.0,-17.72548
7339289062.5,-17.71986
7339290000.0,-17.71637
7339290937.5,-17.71534
7339291875.0,-17.7108
7339292812.5,-17.70853
7339293750.0,-17.70583
7339294687.5,-17.70404
7339295625.0,-17.69962
7339296562.5,-17.69693
7339297500.0,-17.69292
7339298437.5,-17.68928
7339299375.0,-17.68773
7339300312.5,-17.68574
7339301250.0,-17.68167
7339302187.5,-17.67873
7339303125.0,-17.67537
7339304062.5,-17.67307
7339305000.0,-17.67108
7339305937.5,-17.66556
7339306875.0,-17.66448
7339307812.5,-17.66116
7339308750.0,-17.65862
7339309687.5,-17.65492
7339310625.0,-17.65125
7339311562.5,-17.64806
7339312500.0,-17.64418
7339313437.5,-17.64288
7339314375.0,-17.63855
7339315312.5,-17.63656
7339316250.0,-17.63262
7339317187.5,-17.63039
7339318125.0,-17.62629
7339319062.5,-17.62442
7339320000.0,-17.62107
7339320937.5,-17.6166
7339321875.0,-17.6164
7339322812.5,-17.6121
7339323750.0,-17.60878
7339324687.5,-17.60604
7339325625.0,-17.60378
7339326562.5,-17.5987
7339327500.0,-17.59709
7339328437.5,-17.59403
7339329375.0,-17.58963
7339330312.5,-17.58858
7339331250.0,-17.58427
7339332187.5,-17.58312
7339333125.0,-17.5785
7339334062.5,-17.57705
7339335000.0,-17.57332
7339335937.5,-17.5719
7339336875.0,-17.56744
7339337812.5,-17.5659
7339338750.0,-17.56065
7339339687.5,-17.55731
7339340625.0,-17.55596
7339341562.5,-17.55129
7339342500.0,-17.54822
7339343437.5,-17.54488
7339344375.0,-17.541
7339345312.5,-17.5397
7339346250.0,-17.5361
7339347187.5,-17.53058
7339348125.0,-17.52831
7339349062.5,-17.52587
7339350000.0,-17.52341
7339350937.5,-17.52071
7339351875.0,-17.51761
7339352812.5,-17.51495
7339353750.0,-17.51104
7339354687.5,-17.50926
7339355625.0,-17.50566
7339356562.5,-17.50321
7339357500.0,-17.50126
7339358437.5,-17.49563
7339359375.0,-17.49515
7339360312.5,-17.49013
7339361250.0,-17.48804
7339362187.5,-17.48507
7339363125.0,-17.48236
7339364062.5,-17.47743
7339365000.0,-17.47416
7339365937.5,-17.4717
7339366875.0,-17.47038
7339367812.5,-17.46535
7339368750.0,-17.46323
7339369687.5,-17.46044
7339370625.0,-17.45589
7339371562.5,-17.45263
7339372500.0,-17.45153
7339373437.5,-17.44793
7339374375.0,-17.44277
7339375312.5,-17.44051
7339376250.0,-17.43856
7339377187.5,-17.43357
7339378125.0,-17.431
7339379062.5,-17.43013
7339380000.0,-17.42582
7339380937.5,-17.42185
7339381875.0,-17.41864
7339382812.5,-17.4154
7339383750.0,-17.41252
7339384687.5,-17.4085
7339385625.0,-17.40755
7339386562.5,-17.40214
7339387500.0,-17.39987
7339388437.5,-17.39887
7339389375.0,-17.3962
7339390312.5,-17.39121
7339391250.0,-17.39009
7339392187.5,-17.38583
7339393125.0,-17.38374
7339394062.5,-17.37837
7339395000.0,-17.37646
7339395937.5,-17.37518
7339396875.0,-17.37079
7339397812.5,-17.366
7339398750.0,-17.36328
7339399687.5,-17.35999
7339400625.0,-17.35886
7339401562.5,-17.35446
7339402500.0,-17.35073
7339403437.5,-17.34649
7339404375.0,-17.34538
7339405312.5,-17.34254
7339406250.0,-17.3397
7339407187.5,-17.33667
7339408125.0,-17.33375
7339409062.5,-17.33173
7339410000.0,-17.32679
7339410937.5,-17.3255
7339411875.0,-17.32113
7339412812.5,-17.31841
7339413750.0,-17.31438
7339414687.5,-17.31108
7339415625.0,-17.30753
7339416562.5,-17.30442
7339417500.0,-17.30054
7339418437.5,-17.298
7339419375.0,-17.29782
7339420312.5,-17.29364
7339421250.0,-17.28959
7339422187.5,-17.28704
7339423125.0,-17.28191
7339424062.5,-17.2794
7339425000.0,-17.27748
7339425937.5,-17.27365
7339426875.0,-17.27051
7339427812.5,-17.26818
7339428750.0,-17.26496
7339429687.5,-17.26285
7339430625.0,-17.25784
7339431562.5,-17.25469
7339432500.0,-17.25262
7339433437.5,-17.24982
7339434375.0,-17.24612
7339435312.5,-17.24294
7339436250.0,-17.23911
7339437187.5,-17.23618
7339438125.0,-17.2329
7339439062.5,-17.23025
7339440000.0,-17.22598
7339440937.5,-17.22331
7339441875.0,-17.21974
7339442812.5,-17.21556
7339443750.0,-17.21374
7339444687.5,-17.21185
7339445625.0,-17.2069
7339446562.5,-17.20493
7339447500.0,-17.20081
7339448437.5,-17.19816
7339449375.0,-17.19546
7339450312.5,-17.19202
7339451250.0,-17.18729
7339452187.5,-17.18589
7339453125.0,-17.1838
7339454062.5,-17.17973
7339455000.0,-17.17635
7339455937.5,-17.17335
7339456875.0,-17.17125
7339457812.5,-17.16764
7339458750.0,-17.1644
7339459687.5,-17.16034
7339460625.0,-17.15685
7339461562.5,-17.15383
7339462500.0,-17.15136
7339463437.5,-17.14787
7339464375.0,-17.14498
7339465312.5,-17.14227
7339466250.0,-17.13771
7339467187.5,-17.13504
7339468125.0,-17.13077
7339469062.5,-17.12872
7339470000.0,-17.12474
7339470937.5,-17.12233
7339471875.0,-17.11933
7339472812.5,-17.11497
7339473750.0,-17.113
7339474687.5,-17.10979
7339475625.0,-17.10622
7339476562.5,-17.10293
7339477500.0,-17.10098
7339478437.5,-17.09624
7339479375.0,-17.09304
7339480312.5,-17.09085
7339481250.0,-17.08732
7339482187.5,-17.08492
7339483125.0,-17.08146
7339484062.5,-17.07821
7339485000.0,-17.07567
7339485937.5,-17.07232
7339486875.0,-17.07004
7339487812.5,-17.06488
7339488750.0,-17.06202
7339489687.5,-17.0587
7339490625.0,-17.05429
7339491562.5,-17.05305
7339492500.0,-17.05031
7339493437.5,-17.04771
7339494375.0,-17.04232
7339495312.5,-17.04043
7339496250.0,-17.03633
7339497187.5,-17.03371
7339498125.0,-17.03035
7339499062.5,-17.0272
7339500000.0,-17.02459
7339500937.5,-17.02234
7339501875.0,-17.01884
7339502812.5,-17.01482
7339503750.0,-17.01097
7339504687.5,-17.00953
7339505625.0,-17.00584
7339506562.5,-17.00284
7339507500.0,-16.99798
7339508437.5,-16.99599
7339509375.0,-16.9929
7339510312.5,-16.98978
7339511250.0,-16.98612
7339512187.5,-16.98457
7339513125.0,-16.97953
7339514062.5,-16.97709
7339515000.0,-16.97409
7339515937.5,-16.96999
7339516875.0,-16.9675
7339517812.5,-16.9636
7339518750.0,-16.96176
7339519687.5,-16.95641
7339520625.0,-16.95471
7339521562.5,-16.9491
7339522500.0,-16.94744
7339523437.5,-16.94365
7339524375.0,-16.94034
7339525312.5,-16.93621
7339526250.0,-16.9339
7339527187.5,-16.92959
7339528125.0,-16.92651
7339529062.5,-16.92366
7339530000.0,-16.91973
7339530937.5,-16.91791
7339531875.0,-16.91496
7339532812.5,-16.91144
7339533750.0,-16.90747
7339534687.5,-16.90544
7339535625.0,-16.90123
7339536562.5,-16.89806
7339537500.0,-16.89549
7339538437.5,-16.89067
7339539375.0,-16.88885
7339540312.5,-16.88434
7339541250.0,-16.88369
7339542187.5,-16.88216
7339543125.0,-16.87719
7339544062.5,-16.87343
7339545000.0,-16.86888
7339545937.5,-16.8674
7339546875.0,-16.86329
7339547812.5,-16.85946
7339548750.0,-16.85524
7339549687.5,-16.85348
7339550625.0,-16.85064
7339551562.5,-16.84761
7339552500.0,-16.8436
7339553437.5,-16.84047
7339554375.0,-16.83623
7339555312.5,-16.83394
7339556250.0,-16.83025
7339557187.5,-16.82676
7339558125.0,-16.82465
7339559062.5,-16.82135
7339560000.0,-16.81735
7339560937.5,-16.81458
7339561875.0,-16.81073
7339562812.5,-16.80748
7339563750.0,-16.80435
7339564687.5,-16.80113
7339565625.0,-16.79796
7339566562.5,-16.79541
7339567500.0,-16.79171
7339568437.5,-16.78944
7339569375.0,-16.78544
7339570312.5,-16.78087
7339571250.0,-16.77858
7339572187.5,-16.7747
7339573125.0,-16.77366
7339574062.5,-16.7688
7339575000.0,-16.76618
7339575937.5,-16.7618
7339576875.0,-16.76015
7339577812.5,-16.75641
7339578750.0,-16.75381
7339579687.5,-16.74986
7339580625.0,-16.74481
7339581562.5,-16.74385
7339582500.0,-16.74054
7339583437.5,-16.73582
7339584375.0,-16.73157
7339585312.5,-16.72859
7339586250.0,-16.7252
7339587187.5,-16.72229
7339588125.0,-16.71897
7339589062.5,-16.71658
7339590000.0,-16.71255
7339590937.5,-16.70867
7339591875.0,-16.70566
7339592812.5,-16.70284
7339593750.0,-16.70007
7339594687.5,-16.69386
7339595625.0,-16.69324
7339596562.5,-16.68933
7339597500.0,-16.6878
7339598437.5,-16.68301
7339599375.0,-16.67992
7339600312.5,-16.67705
7339601250.0,-16.67323
7339602187.5,-16.67014
7339603125.0,-16.66615
7339604062.5,-16.66342
7339605000.0,-16.66131
7339605937.5,-16.65736
7339606875.0,-16.65366
7339607812.5,-16.6502
7339608750.0,-16.64768
7339609687.5,-16.64495
7339610625.0,-16.64026
7339611562.5,-16.63718
7339612500.0,-16.63376
7339613437.5,-16.6323
7339614375.0,-16.62831
7339615312.5,-16.62409
7339616250.0,-16.62039
7339617187.5,-16.61737
7339618125.0,-16.61285
7339619062.5,-16.60968
7339620000.0,-16.60673
7339620937.5,-16.6044
7339621875.0,-16.60138
7339622812.5,-16.59665
7339623750.0,-16.59165
7339624687.5,-16.59135
7339625625.0,-16.58699
7339626562.5,-16.58416
7339627500.0,-16.58052
7339628437.5,-16.57847
7339629375.0,-16.57464
7339630312.5,-16.57099
7339631250.0,-16.5662
7339632187.5,-16.56447
7339633125.0,-16.55911
7339634062.5,-16.55727
7339635000.0,-16.55427
7339635937.5,-16.55096
7339636875.0,-16.54802
7339637812.5,-16.54421
7339638750.0,-16.54193
7339639687.5,-16.53918
7339640625.0,-16.53451
7339641562.5,-16.53292
7339642500.0,-16.52848
7339643437.5,-16.52492
7339644375.0,-16.52141
7339645312.5,-16.51829
7339646250.0,-16.51449
7339647187.5,-16.51018
7339648125.0,-16.50703
7339649062.5,-16.5046
7339650000.0,-16.49939
7339650937.5,-16.49658
7339651875.0,-16.49359
7339652812.5,-16.48949
7339653750.0,-16.48752
7339654687.5,-16.48337
7339655625.0,-16.47859
7339656562.5,-16.4773
7339657500.0,-16.47355
7339658437.5,-16.47113
7339659375.0,-16.46649
7339660312.5,-16.46374
7339661250.0,-16.46136
7339662187.5,-16.45669
7339663125.0,-16.45282
7339664062.5,-16.45035
7339665000.0,-16.44722
7339665937.5,-16.44224
7339666875.0,-16.44161
7339667812.5,-16.43729
7339668750.0,-16.43575
7339669687.5,-16.43068
7339670625.0,-16.42615
7339671562.5,-16.42331
7339672500.0,-16.42175
7339673437.5,-16.41862
7339674375.0,-16.41268
7339675312.5,-16.40906
7339676250.0,-16.40714
7339677187.5,-16.40365
7339678125.0,-16.40018
7339679062.5,-16.39599
7339680000.0,-16.39403
7339680937.5,-16.38949
7339681875.0,-16.38565
7339682812.5,-16.38217
7339683750.0,-16.37865
7339684687.5,-16.37555
7339685625.0,-16.37404
7339686562.5,-16.368
7339687500.0,-16.36645
7339688437.5,-16.36492
7339689375.0,-16.35945
7339690312.5,-16.35661
7339691250.0,-16.35405
7339692187.5,-16.34922
7339693125.0,-16.34704
7339694062.5,-16.34224
7339695000.0,-16.33929
7339695937.5,-16.33709
7339696875.0,-16.33393
7339697812.5,-16.32903
7339698750.0,-16.32686
7339699687.5,-16.32261
7339700625.0,-16.31991
7339701562.5,-16.31478
7339702500.0,-16.31291
7339703437.5,-16.30881
7339704375.0,-16.30482
7339705312.5,-16.3015
7339706250.0,-16.29933
7339707187.5,-16.29576
7339708125.0,-16.29238
7339709062.5,-16.28876
7339710000.0,-16.28516
7339710937.5,-16.28156
7339711875.0,-16.27693
7339712812.5,-16.27509
7339713750.0,-16.27085
7339714687.5,-16.26567
7339715625.0,-16.26326
7339716562.5,-16.26108
7339717500.0,-16.25786
7339718437.5,-16.25323
7339719375.0,-16.25091
7339720312.5,-16.24692
7339721250.0,-16.24338
7339722187.5,-16.24066
7339723125.0,-16.237
7339724062.5,-16.233
7339725000.0,-16.22974
7339725937.5,-16.2264
7339726875.0,-16.22243
7339727812.5,-16.22107
7339728750.0,-16.2163
7339729687.5,-16.2127
7339730625.0,-16.20907
7339731562.5,-16.20637
7339732500.0,-16.20244
7339733437.5,-16.19869
7339734375.0,-16.19775
7339735312.5,-16.1922
7339736250.0,-16.18688
7339737187.5,-16.18592
7339738125.0,-16.18307
7339739062.5,-16.1779
7339740000.0,-16.17574
7339740937.5,-16.17213
7339741875.0,-16.16809
7339742812.5,-16.16465
7339743750.0,-16.16065
7339744687.5,-16.15787
7339745625.0,-16.15285
7339746562.5,-16.14965
7339747500.0,-16.14776
7339748437.5,-16.14572
7339749375.0,-16.14042
7339750312.5,-16.13643
7339751250.0,-16.13314
7339752187.5,-16.13088
7339753125.0,-16.12712
7339754062.5,-16.12429
7339755000.0,-16.11983
7339755937.5,-16.11657
7339756875.0,-16.11299
7339757812.5,-16.10908
7339758750.0,-16.10555
7339759687.5,-16.10326
7339760625.0,-16.0997
7339761562.5,-16.09732
7339762500.0,-16.09113
7339763437.5,-16.0883
7339764375.0,-16.08586
7339765312.5,-16.08093
7339766250.0,-16.0797
7339767187.5,-16.07405
7339768125.0,-16.07267
7339769062.5,-16.06849
7339770000.0,-16.06391
7339770937.5,-16.06062
7339771875.0,-16.05766
7339772812.5,-16.05452
7339773750.0,-16.05128
7339774687.5,-16.04769
7339775625.0,-16.04378
7339776562.5,-16.04195
7339777500.0,-16.03642
7339778437.5,-16.03256
7339779375.0,-16.02954
7339780312.5,-16.02665
7339781250.0,-16.0243
7339782187.5,-16.01979
7339783125.0,-16.01568
7339784062.5,-16.01161
7339785000.0,-16.00891
7339785937.5,-16.00636
7339786875.0,-16.00138
7339787812.5,-15.99745
7339788750.0,-15.99493
7339789687.5,-15.99284
7339790625.0,-15.98795
7339791562.5,-15.98523
7339792500.0,-15.98222
7339793437.5,-15.97889
7339794375.0,-15.97485
7339795312.5,-15.97085
7339796250.0,-15.96777
7339797187.5,-15.96467
7339798125.0,-15.95994
7339799062.5,-15.95552
7339800000.0,-15.95363
7339800937.5,-15.949
7339801875.0,-15.94582
7339802812.5,-15.94178
7339803750.0,-15.93809
7339804687.5,-15.93517
7339805625.0,-15.93125
7339806562.5,-15.92734
7339807500.0,-15.92447
7339808437.5,-15.92041
7339809375.0,-15.91872
7339810312.5,-15.91478
7339811250.0,-15.91072
7339812187.5,-15.90788
7339813125.0,-15.90436
7339814062.5,-15.90009
7339815000.0,-15.89572
7339815937.5,-15.89171
7339816875.0,-15.88956
7339817812.5,-15.88701
7339818750.0,-15.88476
7339819687.5,-15.87978
7339820625.0,-15.87589
7339821562.5,-15.87272
7339822500.0,-15.86962
7339823437.5,-15.8646
7339824375.0,-15.86195
7339825312.5,-15.85683
7339826250.0,-15.8547
7339827187.5,-15.8509
7339828125.0,-15.84801
7339829062.5,-15.84414
7339830000.0,-15.83988
7339830937.5,-15.83609
7339831875.0,-15.83406
7339832812.5,-15.82863
7339833750.0,-15.8259
7339834687.5,-15.82321
7339835625.0,-15.81954
7339836562.5,-15.81533
7339837500.0,-15.81229
7339838437.5,-15.8078
7339839375.0,-15.80282
7339840312.5,-15.80071
7339841250.0,-15.79817
7339842187.5,-15.79347
7339843125.0,-15.79095
7339844062.5,-15.78717
7339845000.0,-15.78314
7339845937.5,-15.78016
7339846875.0,-15.77628
7339847812.5,-15.77249
7339848750.0,-15.7713
7339849687.5,-15.76684
7339850625.0,-15.76338
7339851562.5,-15.75809
7339852500.0,-15.75595
7339853437.5,-15.75243
7339854375.0,-15.74926
7339855312.5,-15.74419
7339856250.0,-15.74011
7339857187.5,-15.73713
7339858125.0,-15.73448
7339859062.5,-15.73061
7339860000.0,-15.72647
7339860937.5,-15.72261
7339861875.0,-15.71903
7339862812.5,-15.71467
7339863750.0,-15.71073
7339864687.5,-15.70871
7339865625.0,-15.70447
7339866562.5,-15.70025
7339867500.0,-15.69766
7339868437.5,-15.69372
7339869375.0,-15.69043
7339870312.5,-15.68668
7339871250.0,-15.6841
7339872187.5,-15.6804
7339873125.0,-15.6778
7339874062.5,-15.67302
7339875000.0,-15.66951
7339875937.5,-15.66506
7339876875.0,-15.66167
7339877812.5,-15.65908
7339878750.0,-15.65463
7339879687.5,-15.65213
7339880625.0,-15.64805
7339881562.5,-15.64416
7339882500.0,-15.64104
7339883437.5,-15.63843
7339884375.0,-15.63378
7339885312.5,-15.63083
7339886250.0,-15.62671
7339887187.5,-15.62286
7339888125.0,-15.61773
7339889062.5,-15.61595
7339890000.0,-15.6126
7339890937.5,-15.60858
7339891875.0,-15.60362
7339892812.5,-15.60147
7339893750.0,-15.59752
7339894687.5,-15.59247
7339895625.0,-15.58996
7339896562.5,-15.58587
7339897500.0,-15.58399
7339898437.5,-15.57899
7339899375.0,-15.57398
7339900312.5,-15.57099
7339901250.0,-15.56869
7339902187.5,-15.56536
7339903125.0,-15.56102
7339904062.5,-15.55771
7339905000.0,-15.55527
7339905937.5,-15.5517
7339906875.0,-15.54613
7339907812.5,-15.543
7339908750.0,-15.53879
7339909687.5,-15.53683
7339910625.0,-15.53243
7339911562.5,-15.52903
7339912500.0,-15.52638
7339913437.5,-15.52212
7339914375.0,-15.51829
7339915312.5,-15.5141
7339916250.0,-15.51065
7339917187.5,-15.50806
7339918125.0,-15.50511
7339919062.5,-15.49973
7339920000.0,-15.49763
7339920937.5,-15.49089
7339921875.0,-15.4893
7339922812.5,-15.4847
7339923750.0,-15.48039
7339924687.5,-15.47796
7339925625.0,-15.47258
7339926562.5,-15.47095
7339927500.0,-15.4667
7339928437.5,-15.46338
7339929375.0,-15.46036
7339930312.5,-15.45574
7339931250.0,-15.45076
7339932187.5,-15.44833
7339933125.0,-15.4457
7339934062.5,-15.43868
7339935000.0,-15.43744
7339935937.5,-15.43435
7339936875.0,-15.42956
7339937812.5,-15.42717
7339938750.0,-15.42169
7339939687.5,-15.41941
7339940625.0,-15.41544
7339941562.5,-15.41238
7339942500.0,-15.40902
7339943437.5,-15.40426
7339944375.0,-15.40137
7339945312.5,-15.39842
7339946250.0,-15.39347
7339947187.5,-15.38971
7339948125.0,-15.38665
7339949062.5,-15.38325
7339950000.0,-15.3797
7339950937.5,-15.37473
7339951875.0,-15.37128
7339952812.5,-15.36798
7339953750.0,-15.36378
7339954687.5,-15.36043
7339955625.0,-15.35665
7339956562.5,-15.35312
7339957500.0,-15.35147
7339958437.5,-15.34603
7339959375.0,-15.34244
7339960312.5,-15.33791
7339961250.0,-15.33361
7339962187.5,-15.33297
7339963125.0,-15.32788
7339964062.5,-15.32302
7339965000.0,-15.3214
7339965937.5,-15.31603
7339966875.0,-15.31449
7339967812.5,-15.31023
7339968750.0,-15.30567
7339969687.5,-15.30304
7339970625.0,-15.29868
7339971562.5,-15.29478
7339972500.0,-15.29287
7339973437.5,-15.28796
7339974375.0,-15.28543
7339975312.5,-15.28064
7339976250.0,-15.27727
7339977187.5,-15.2733
7339978125.0,-15.26898
7339979062.5,-15.26541
7339980000.0,-15.26207
7339980937.5,-15.25718
7339981875.0,-15.25349
7339982812.5,-15.25079
7339983750.0,-15.24652
7339984687.5,-15.2429
7339985625.0,-15.23881
7339986562.5,-15.23533
7339987500.0,-15.23052
7339988437.5,-15.22744
7339989375.0,-15.22291
7339990312.5,-15.22021
7339991250.0,-15.21647
7339992187.5,-15.21286
7339993125.0,-15.20855
7339994062.5,-15.20417
7339995000.0,-15.20148
7339995937.5,-15.19726
7339996875.0,-15.19344
7339997812.5,-15.19166
7339998750.0,-15.18625
7339999687.5,-15.18364
7340000625.0,-15.17899
7340001562.5,-15.17634
7340002500.0,-15.17276
7340003437.5,-15.16885
7340004375.0,-15.16529
7340005312.5,-15.16106
7340006250.0,-15.15817
7340007187.5,-15.15312
7340008125.0,-15.15077
7340009062.5,-15.14639
7340010000.0,-15.14179
7340010937.5,-15.13831
7340011875.0,-15.13492
7340012812.5,-15.12942
7340013750.0,-15.1265
7340014687.5,-15.12221
7340015625.0,-15.11942
7340016562.5,-15.11574
7340017500.0,-15.11197
7340018437.5,-15.10863
7340019375.0,-15.10458
7340020312.5,-15.10118
7340021250.0,-15.09749
7340022187.5,-15.09339
7340023125.0,-15.09022
7340024062.5,-15.08626
7340025000.0,-15.08123
7340025937.5,-15.07959
7340026875.0,-15.07471
7340027812.5,-15.07221
7340028750.0,-15.06794
7340029687.5,-15.06427
7340030625.0,-15.06045
7340031562.5,-15.05652
7340032500.0,-15.05143
7340033437.5,-15.04877
7340034375.0,-15.0456
7340035312.5,-15.04048
7340036250.0,-15.03707
7340037187.5,-15.03337
7340038125.0,-15.03084
7340039062.5,-15.02601
7340040000.0,-15.02212
7340040937.5,-15.01909
7340041875.0,-15.0142
7340042812.5,-15.01089
7340043750.0,-15.00728
7340044687.5,-15.00308
7340045625.0,-14.99909
7340046562.5,-14.99398
7340047500.0,-14.99114
7340048437.5,-14.98884
7340049375.0,-14.98312
7340050312.5,-14.97993
7340051250.0,-14.97619
7340052187.5,-14.97329
7340053125.0,-14.96921
7340054062.5,-14.96506
7340055000.0,-14.96232
7340055937.5,-14.95854
7340056875.0,-14.95318
7340057812.5,-14.95048
7340058750.0,-14.94627
7340059687.5,-14.94295
7340060625.0,-14.93996
7340061562.5,-14.93525
7340062500.0,-14.93093
7340063437.5,-14.92784
7340064375.0,-14.92434
7340065312.5,-14.92115
7340066250.0,-14.91719
7340067187.5,-14.91269
7340068125.0,-14.91
7340069062.5,-14.9055
7340070000.0,-14.90145
7340070937.5,-14.89737
7340071875.0,-14.89472
7340072812.5,-14.89063
7340073750.0,-14.88749
7340074687.5,-14.88283
7340075625.0,-14.87802
7340076562.5,-14.87538
7340077500.0,-14.8698
7340078437.5,-14.86789
7340079375.0,-14.86333
7340080312.5,-14.85908
7340081250.0,-14.85538
7340082187.5,-14.85102
7340083125.0,-14.84814
7340084062.5,-14.84409
7340085000.0,-14.83964
7340085937.5,-14.83618
7340086875.0,-14.83326
7340087812.5,-14.82931
7340088750.0,-14.82464
7340089687.5,-14.82082
7340090625.0,-14.81639
7340091562.5,-14.81379
7340092500.0,-14.8091
7340093437.5,-14.8059
7340094375.0,-14.80232
7340095312.5,-14.79848
7340096250.0,-14.7953
7340097187.5,-14.79107
7340098125.0,-14.78691
7340099062.5,-14.78264
7340100000.0,-14.77941
7340100937.5,-14.77431
7340101875.0,-14.77215
7340102812.5,-14.76741
7340103750.0,-14.76259
7340104687.5,-14.7599
7340105625.0,-14.75561
7340106562.5,-14.75243
7340107500.0,-14.74878
7340108437.5,-14.74396
7340109375.0,-14.73868
7340110312.5,-14.73611
7340111250.0,-14.73205
7340112187.5,-14.72915
7340113125.0,-14.7243
7340114062.5,-14.72107
7340115000.0,-14.7163
7340115937.5,-14.71345
7340116875.0,-14.70939
7340117812.5,-14.70529
7340118750.0,-14.7024
7340119687.5,-14.699
7340120625.0,-14.69489
7340121562.5,-14.69043
7340122500.0,-14.68711
7340123437.5,-14.68297
7340124375.0,-14.68042
7340125312.5,-14.67705
7340126250.0,-14.67247
7340127187.5,-14.66854
7340128125.0,-14.66354
7340129062.5,-14.65985
7340130000.0,-14.65547
7340130937.5,-14.65234
7340131875.0,-14.6491
7340132812.5,-14.64488
7340133750.0,-14.64025
7340134687.5,-14.63625
7340135625.0,-14.63332
7340136562.5,-14.62749
7340137500.0,-14.62575
7340138437.5,-14.62035
7340139375.0,-14.61703
7340140312.5,-14.61212
7340141250.0,-14.60826
7340142187.5,-14.60346
7340143125.0,-14.60071
7340144062.5,-14.5974
7340145000.0,-14.59391
7340145937.5,-14.58938
7340146875.0,-14.58607
7340147812.5,-14.58192
7340148750.0,-14.57718
7340149687.5,-14.57382
7340150625.0,-14.57003
7340151562.5,-14.56725
7340152500.0,-14.56424
7340153437.5,-14.55947
7340154375.0,-14.55461
7340155312.5,-14.55125
7340156250.0,-14.54635
7340157187.5,-14.54318
7340158125.0,-14.53873
7340159062.5,-14.53578
7340160000.0,-14.53151
7340160937.5,-14.52894
7340161875.0,-14.5237
7340162812.5,-14.51944
7340163750.0,-14.51483
7340164687.5,-14.51209
7340165625.0,-14.50823
7340166562.5,-14.50386
7340167500.0,-14.50001
7340168437.5,-14.49637
7340169375.0,-14.4925
7340170312.5,-14.48819
7340171250.0,-14.48408
7340172187.5,-14.47883
7340173125.0,-14.47754
7340174062.5,-14.47352
7340175000.0,-14.4697
7340175937.5,-14.46566
7340176875.0,-14.46108
7340177812.5,-14.45734
7340178750.0,-14.45399
7340179687.5,-14.449
7340180625.0,-14.44667
7340181562.5,-14.4423
7340182500.0,-14.43891
7340183437.5,-14.43384
7340184375.0,-14.43065
7340185312.5,-14.42662
7340186250.0,-14.42244
7340187187.5,-14.41869
7340188125.0,-14.41397
7340189062.5,-14.41015
7340190000.0,-14.40663
7340190937.5,-14.40269
7340191875.0,-14.39831
7340192812.5,-14.39592
7340193750.0,-14.39056
7340194687.5,-14.388
7340195625.0,-14.38324
7340196562.5,-14.37855
7340197500.0,-14.37583
7340198437.5,-14.3712
7340199375.0,-14.36659
7340200312.5,-14.36166
7340201250.0,-14.35823
7340202187.5,-14.35568
7340203125.0,-14.35181
7340204062.5,-14.34748
7340205000.0,-14.34258
7340205937.5,-14.33896
7340206875.0,-14.33436
7340207812.5,-14.33097
7340208750.0,-14.32835
7340209687.5,-14.32245
7340210625.0,-14.31893
7340211562.5,-14.3155
7340212500.0,-14.31091
7340213437.5,-14.30844
7340214375.0,-14.30369
7340215312.5,-14.30006
7340216250.0,-14.29507
7340217187.5,-14.29179
7340218125.0,-14.28805
7340219062.5,-14.28374
7340220000.0,-14.27969
7340220937.5,-14.27619
7340221875.0,-14.27215
7340222812.5,-14.26783
7340223750.0,-14.26479
7340224687.5,-14.26047
7340225625.0,-14.25592
7340226562.5,-14.25158
7340227500.0,-14.24851
7340228437.5,-14.2447
7340229375.0,-14.23968
7340230312.5,-14.23574
7340231250.0,-14.2322
7340232187.5,-14.22776
7340233125.0,-14.22515
7340234062.5,-14.21892
7340235000.0,-14.21482
7340235937.5,-14.2123
7340236875.0,-14.20732
7340237812.5,-14.20448
7340238750.0,-14.19979
7340239687.5,-14.19652
7340240625.0,-14.19242
7340241562.5,-14.18909
7340242500.0,-14.18424
7340243437.5,-14.1812
7340244375.0,-14.17575
7340245312.5,-14.1726
7340246250.0,-14.16898
7340247187.5,-14.16494
7340248125.0,-14.15986
7340249062.5,-14.15665
7340250000.0,-14.15349
7340250937.5,-14.14944
7340251875.0,-14.14423
7340252812.5,-14.14154
7340253750.0,-14.13657
7340254687.5,-14.13395
7340255625.0,-14.12792
7340256562.5,-14.12412
7340257500.0,-14.11985
7340258437.5,-14.1177
7340259375.0,-14.11134
7340260312.5,-14.10757
7340261250.0,-14.1028
7340262187.5,-14.09983
7340263125.0,-14.09549
7340264062.5,-14.09269
7340265000.0,-14.08884
7340265937.5,-14.08444
7340266875.0,-14.07964
7340267812.5,-14.07584
7340268750.0,-14.07222
7340269687.5,-14.06755
7340270625.0,-14.06485
7340271562.5,-14.06111
7340272500.0,-14.05668
7340273437.5,-14.05228
7340274375.0,-14.04889
7340275312.5,-14.04619
7340276250.0,-14.041
7340277187.5,-14.03671
7340278125.0,-14.03166
7340279062.5,-14.0288
7340280000.0,-14.0236
7340280937.5,-14.02047
7340281875.0,-14.01612
7340282812.5,-14.01248
7340283750.0,-14.00758
7340284687.5,-14.00458
7340285625.0,-13.99981
7340286562.5,-13.99636
7340287500.0,-13.99145
7340288437.5,-13.98991
7340289375.0,-13.9856
7340290312.5,-13.97934
7340291250.0,-13.97515
7340292187.5,-13.97126
7340293125.0,-13.9655
7340294062.5,-13.96296
7340295000.0,-13.95814
7340295937.5,-13.9555
7340296875.0,-13.95098
7340297812.5,-13.94711
7340298750.0,-13.94312
7340299687.5,-13.93908
7340300625.0,-13.93519
7340301562.5,-13.93144
7340302500.0,-13.92713
7340303437.5,-13.92393
7340304375.0,-13.91865
7340305312.5,-13.91536
7340306250.0,-13.91123
7340307187.5,-13.90698
7340308125.0,-13.90331
7340309062.5,-13.89963
7340310000.0,-13.89449
7340310937.5,-13.89122
7340311875.0,-13.88721
7340312812.5,-13.88326
7340313750.0,-13.8787
7340314687.5,-13.87403
7340315625.0,-13.87209
7340316562.5,-13.86566
7340317500.0,-13.86302
7340318437.5,-13.85818
7340319375.0,-13.85427
7340320312.5,-13.85079
7340321250.0,-13.84533
7340322187.5,-13.84144
7340323125.0,-13.8375
7340324062.5,-13.83524
7340325000.0,-13.82872
7340325937.5,-13.82572
7340326875.0,-13.821
7340327812.5,-13.81675
7340328750.0,-13.81374
7340329687.5,-13.80997
7340330625.0,-13.80505
7340331562.5,-13.80155
7340332500.0,-13.79736
7340333437.5,-13.79342
7340334375.0,-13.78935
7340335312.5,-13.78608
7340336250.0,-13.78123
7340337187.5,-13.77702
7340338125.0,-13.77425
7340339062.5,-13.76865
7340340000.0,-13.76581
7340340937.5,-13.76097
7340341875.0,-13.7571
7340342812.5,-13.75386
7340343750.0,-13.74961
7340344687.5,-13.7443
7340345625.0,-13.74005
7340346562.5,-13.73661
7340347500.0,-13.7322
7340348437.5,-13.72817
7340349375.0,-13.72387
7340350312.5,-13.71941
7340351250.0,-13.71477
7340352187.5,-13.71139
7340353125.0,-13.70832
7340354062.5,-13.70298
7340355000.0,-13.69762
7340355937.5,-13.69312
7340356875.0,-13.69059
7340357812.5,-13.68679
7340358750.0,-13.68141
7340359687.5,-13.67841
7340360625.0,-13.67435
7340361562.5,-13.66992
7340362500.0,-13.66634
7340363437.5,-13.66218
7340364375.0,-13.65767
7340365312.5,-13.65487
7340366250.0,-13.65029
7340367187.5,-13.64555
7340368125.0,-13.64095
7340369062.5,-13.63792
7340370000.0,-13.63449
7340370937.5,-13.62883
7340371875.0,-13.62671
7340372812.5,-13.62256
7340373750.0,-13.61737
7340374687.5,-13.61261
7340375625.0,-13.60908
7340376562.5,-13.60417
7340377500.0,-13.60141
7340378437.5,-13.59667
7340379375.0,-13.5921
7340380312.5,-13.58766
7340381250.0,-13.58435
7340382187.5,-13.57978
7340383125.0,-13.57671
7340384062.5,-13.5726
7340385000.0,-13.5678
7340385937.5,-13.56282
7340386875.0,-13.55928
7340387812.5,-13.55473
7340388750.0,-13.55084
7340389687.5,-13.5466
7340390625.0,-13.54282
7340391562.5,-13.53807
7340392500.0,-13.53477
7340393437.5,-13.53029
7340394375.0,-13.52717
7340395312.5,-13.52301
7340396250.0,-13.5176
7340397187.5,-13.51442
7340398125.0,-13.51004
7340399062.5,-13.5057
7340400000.0,-13.50225
7340400937.5,-13.49744
7340401875.0,-13.49396
7340402812.5,-13.49
7340403750.0,-13.4842
7340404687.5,-13.4802
7340405625.0,-13.47687
7340406562.5,-13.47264
7340407500.0,-13.46838
7340408437.5,-13.46403
7340409375.0,-13.46018
7340410312.5,-13.45593
7340411250.0,-13.45132
7340412187.5,-13.44679
7340413125.0,-13.44387
7340414062.5,-13.4383
7340415000.0,-13.43501
7340415937.5,-13.42982
7340416875.0,-13.42614
7340417812.5,-13.42184
7340418750.0,-13.41743
7340419687.5,-13.4149
7340420625.0,-13.40944
7340421562.5,-13.40648
7340422500.0,-13.40111
7340423437.5,-13.3976
7340424375.0,-13.39434
7340425312.5,-13.38952
7340426250.0,-13.38486
7340427187.5,-13.38129
7340428125.0,-13.37725
7340429062.5,-13.3739
7340430000.0,-13.36876
7340430937.5,-13.36556
7340431875.0,-13.36079
7340432812.5,-13.35668
7340433750.0,-13.35331
7340434687.5,-13.34841
7340435625.0,-13.34383
7340436562.5,-13.33944
7340437500.0,-13.33558
7340438437.5,-13.33188
7340439375.0,-13.32697
7340440312.5,-13.32159
7340441250.0,-13.31849
7340442187.5,-13.31435
7340443125.0,-13.31024
7340444062.5,-13.30562
7340445000.0,-13.30223
7340445937.5,-13.29704
7340446875.0,-13.29354
7340447812.5,-13.28875
7340448750.0,-13.28408
7340449687.5,-13.27904
7340450625.0,-13.27625
7340451562.5,-13.271
7340452500.0,-13.26649
7340453437.5,-13.26407
7340454375.0,-13.25916
7340455312.5,-13.25549
7340456250.0,-13.25141
7340457187.5,-13.24617
7340458125.0,-13.24297
7340459062.5,-13.24022
7340460000.0,-13.23462
7340460937.5,-13.2308
7340461875.0,-13.22711
7340462812.5,-13.22251
7340463750.0,-13.21695
7340464687.5,-13.21422
7340465625.0,-13.21071
7340466562.5,-13.20568
7340467500.0,-13.20034
7340468437.5,-13.19724
7340469375.0,-13.19306
7340470312.5,-13.18885
7340471250.0,-13.18476
7340472187.5,-13.18045
7340473125.0,-13.17542
7340474062.5,-13.17135
7340475000.0,-13.16802
7340475937.5,-13.16249
7340476875.0,-13.15863
7340477812.5,-13.15431
7340478750.0,-13.14905
7340479687.5,-13.1461
7340480625.0,-13.14081
7340481562.5,-13.13744
7340482500.0,-13.13417
7340483437.5,-13.12963
7340484375.0,-13.12598
7340485312.5,-13.12201
7340486250.0,-13.11716
7340487187.5,-13.1149
7340488125.0,-13.10935
7340489062.5,-13.10571
7340490000.0,-13.10076
7340490937.5,-13.09762
7340491875.0,-13.09249
7340492812.5,-13.08852
7340493750.0,-13.08392
7340494687.5,-13.07943
7340495625.0,-13.0758
7340496562.5,-13.07086
7340497500.0,-13.06639
7340498437.5,-13.06176
7340499375.0,-13.0579
7340500312.5,-13.05356
7340501250.0,-13.04817
7340502187.5,-13.04537
7340503125.0,-13.04158
7340504062.5,-13.03603
7340505000.0,-13.03318
7340505937.5,-13.02664
7340506875.0,-13.02387
7340507812.5,-13.01875
7340508750.0,-13.01514
7340509687.5,-13.01083
7340510625.0,-13.00756
7340511562.5,-13.00265
7340512500.0,-12.99838
7340513437.5,-12.99499
7340514375.0,-12.99129
7340515312.5,-12.98615
7340516250.0,-12.98174
7340517187.5,-12.97829
7340518125.0,-12.97409
7340519062.5,-12.96922
7340520000.0,-12.96586
7340520937.5,-12.96089
7340521875.0,-12.95743
7340522812.5,-12.95259
7340523750.0,-12.94824
7340524687.5,-12.94445
7340525625.0,-12.94004
7340526562.5,-12.93574
7340527500.0,-12.93174
7340528437.5,-12.92823
7340529375.0,-12.92259
7340530312.5,-12.9192
7340531250.0,-12.9142
7340532187.5,-12.90986
7340533125.0,-12.90674
7340534062.5,-12.90276
7340535000.0,-12.8972
7340535937.5,-12.89261
7340536875.0,-12.88903
7340537812.5,-12.88507
7340538750.0,-12.88077
7340539687.5,-12.87521
7340540625.0,-12.87111
7340541562.5,-12.86738
7340542500.0,-12.86347
7340543437.5,-12.85904
7340544375.0,-12.85476
7340545312.5,-12.8504
7340546250.0,-12.8459
7340547187.5,-12.84213
7340548125.0,-12.83856
7340549062.5,-12.83329
7340550000.0,-12.82914
7340550937.5,-12.82607
7340551875.0,-12.82092
7340552812.5,-12.81742
7340553750.0,-12.81297
7340554687.5,-12.80818
7340555625.0,-12.80471
7340556562.5,-12.79967
7340557500.0,-12.795
7340558437.5,-12.79106
7340559375.0,-12.7874
7340560312.5,-12.78234
7340561250.0,-12.77915
7340562187.5,-12.77383
7340563125.0,-12.76944
7340564062.5,-12.76546
7340565000.0,-12.76078
7340565937.5,-12.75663
7340566875.0,-12.75257
7340567812.5,-12.74781
7340568750.0,-12.74358
7340569687.5,-12.74005
7340570625.0,-12.73649
7340571562.5,-12.73028
7340572500.0,-12.7272
7340573437.5,-12.72259
7340574375.0,-12.7169
7340575312.5,-12.71427
7340576250.0,-12.70958
7340577187.5,-12.7069
7340578125.0,-12.70161
7340579062.5,-12.6977
7340580000.0,-12.69309
7340580937.5,-12.68997
7340581875.0,-12.68682
7340582812.5,-12.68154
7340583750.0,-12.67724
7340584687.5,-12.67239
7340585625.0,-12.66771
7340586562.5,-12.66447
7340587500.0,-12.6593
7340588437.5,-12.65701
7340589375.0,-12.65092
7340590312.5,-12.64738
7340591250.0,-12.6428
7340592187.5,-12.63863
7340593125.0,-12.63264
7340594062.5,-12.62934
7340595000.0,-12.62492
7340595937.5,-12.62175
7340596875.0,-12.61593
7340597812.5,-12.61188
7340598750.0,-12.60797
7340599687.5,-12.6031
7340600625.0,-12.59901
7340601562.5,-12.59353
7340602500.0,-12.58989
7340603437.5,-12.58457
7340604375.0,-12.58082
7340605312.5,-12.57727
7340606250.0,-12.57222
7340607187.5,-12.56864
7340608125.0,-12.56514
7340609062.5,-12.56068
7340610000.0,-12.55665
7340610937.5,-12.55212
7340611875.0,-12.54861
7340612812.5,-12.54416
7340613750.0,-12.53937
7340614687.5,-12.53568
7340615625.0,-12.53036
7340616562.5,-12.52597
7340617500.0,-12.52157
7340618437.5,-12.51756
7340619375.0,-12.5137
7340620312.5,-12.50996
7340621250.0,-12.50513
7340622187.5,-12.50079
7340623125.0,-12.49648
7340624062.5,-12.49199
7340625000.0,-12.48643
7340625937.5,-12.48414
7340626875.0,-12.47916
7340627812.5,-12.47524
7340628750.0,-12.47113
7340629687.5,-12.46649
7340630625.0,-12.46292
7340631562.5,-12.45624
7340632500.0,-12.45236
7340633437.5,-12.44962
7340634375.0,-12.44561
7340635312.5,-12.44027
7340636250.0,-12.43715
7340637187.5,-12.43199
7340638125.0,-12.42762
7340639062.5,-12.42426
7340640000.0,-12.41972
7340640937.5,-12.4154
7340641875.0,-12.41134
7340642812.5,-12.40622
7340643750.0,-12.40345
7340644687.5,-12.39947
7340645625.0,-12.39462
7340646562.5,-12.38949
7340647500.0,-12.38434
7340648437.5,-12.38229
7340649375.0,-12.37643
7340650312.5,-12.37268
7340651250.0,-12.36829
7340652187.5,-12.36358
7340653125.0,-12.35929
7340654062.5,-12.35503
7340655000.0,-12.3488
7340655937.5,-12.3469
7340656875.0,-12.3417
7340657812.5,-12.33667
7340658750.0,-12.33364
7340659687.5,-12.32876
7340660625.0,-12.32425
7340661562.5,-12.32015
7340662500.0,-12.31515
7340663437.5,-12.3116
7340664375.0,-12.30633
7340665312.5,-12.30279
7340666250.0,-12.29775
7340667187.5,-12.29411
7340668125.0,-12.2892
7340669062.5,-12.28566
7340670000.0,-12.28182
7340670937.5,-12.27773
7340671875.0,-12.27248
7340672812.5,-12.26875
7340673750.0,-12.2658
7340674687.5,-12.26029
7340675625.0,-12.25624
7340676562.5,-12.25215
7340677500.0,-12.24864
7340678437.5,-12.24282
7340679375.0,-12.23802
7340680312.5,-12.23474
7340681250.0,-12.23057
7340682187.5,-12.22657
7340683125.0,-12.22236
7340684062.5,-12.21714
7340685000.0,-12.21233
7340685937.5,-12.20884
7340686875.0,-12.20387
7340687812.5,-12.20026
7340688750.0,-12.19622
7340689687.5,-12.19091
7340690625.0,-12.1869
7340691562.5,-12.18278
7340692500.0,-12.17874
7340693437.5,-12.17345
7340694375.0,-12.17009
7340695312.5,-12.16477
7340696250.0,-12.16078
7340697187.5,-12.15665
7340698125.0,-12.1527
7340699062.5,-12.14844
7340700000.0,-12.14442
7340700937.5,-12.13951
7340701875.0,-12.13625
7340702812.5,-12.1307
7340703750.0,-12.12698
7340704687.5,-12.12351
7340705625.0,-12.1193
7340706562.5,-12.11581
7340707500.0,-12.11077
7340708437.5,-12.10561
7340709375.0,-12.10152
7340710312.5,-12.09694
7340711250.0,-12.09236
7340712187.5,-12.0886
7340713125.0,-12.08447
7340714062.5,-12.0789
7340715000.0,-12.07544
7340715937.5,-12.07091
7340716875.0,-12.0673
7340717812.5,-12.06111
7340718750.0,-12.05726
7340719687.5,-12.05271
7340720625.0,-12.04827
7340721562.5,-12.04387
7340722500.0,-12.04024
7340723437.5,-12.03659
7340724375.0,-12.03104
7340725312.5,-12.02775
7340726250.0,-12.02215
7340727187.5,-12.01914
7340728125.0,-12.01473
7340729062.5,-12.01036
7340730000.0,-12.00636
7340730937.5,-12.00286
7340731875.0,-11.9985
7340732812.5,-11.99392
7340733750.0,-11.99033
7340734687.5,-11.98554
7340735625.0,-11.9822
7340736562.5,-11.9781
7340737500.0,-11.97266
7340738437.5,-11.96851
7340739375.0,-11.96476
7340740312.5,-11.96075
7340741250.0,-11.95581
7340742187.5,-11.95208
7340743125.0,-11.94726
7340744062.5,-11.94303
7340745000.0,-11.93769
7340745937.5,-11.93387
7340746875.0,-11.92837
7340747812.5,-11.92504
7340748750.0,-11.921
7340749687.5,-11.91721
7340750625.0,-11.91248
7340751562.5,-11.90758
7340752500.0,-11.90366
7340753437.5,-11.89898
7340754375.0,-11.89487
7340755312.5,-11.8904
7340756250.0,-11.88588
7340757187.5,-11.8817
7340758125.0,-11.87777
7340759062.5,-11.87257
7340760000.0,-11.86807
7340760937.5,-11.86481
7340761875.0,-11.86005
7340762812.5,-11.8566
7340763750.0,-11.85157
7340764687.5,-11.84948
7340765625.0,-11.84381
7340766562.5,-11.83953
7340767500.0,-11.83503
7340768437.5,-11.83133
7340769375.0,-11.82684
7340770312.5,-11.82174
7340771250.0,-11.81703
7340772187.5,-11.81288
7340773125.0,-11.80964
7340774062.5,-11.8042
7340775000.0,-11.80025
7340775937.5,-11.79498
7340776875.0,-11.79258
7340777812.5,-11.78709
7340778750.0,-11.78323
7340779687.5,-11.77825
7340780625.0,-11.77429
7340781562.5,-11.77042
7340782500.0,-11.76695
7340783437.5,-11.76217
7340784375.0,-11.75798
7340785312.5,-11.75331
7340786250.0,-11.7483
7340787187.5,-11.74327
7340788125.0,-11.73973
7340789062.5,-11.73535
7340790000.0,-11.73174
7340790937.5,-11.72819
7340791875.0,-11.72261
7340792812.5,-11.71923
7340793750.0,-11.71582
7340794687.5,-11.71001
7340795625.0,-11.70653
7340796562.5,-11.70367
7340797500.0,-11.69786
7340798437.5,-11.69346
7340799375.0,-11.68949
7340800312.5,-11.68468
7340801250.0,-11.68059
7340802187.5,-11.67619
7340803125.0,-11.67114
7340804062.5,-11.66686
7340805000.0,-11.66357
7340805937.5,-11.66026
7340806875.0,-11.65391
7340807812.5,-11.65031
7340808750.0,-11.64707
7340809687.5,-11.6416
7340810625.0,-11.63767
7340811562.5,-11.6331
7340812500.0,-11.62923
7340813437.5,-11.62456
7340814375.0,-11.62073
7340815312.5,-11.61674
7340816250.0,-11.61156
7340817187.5,-11.60657
7340818125.0,-11.60323
7340819062.5,-11.59808
7340820000.0,-11.59418
7340820937.5,-11.59057
7340821875.0,-11.58687
7340822812.5,-11.58214
7340823750.0,-11.57764
7340824687.5,-11.57306
7340825625.0,-11.56986
7340826562.5,-11.56549
7340827500.0,-11.56118
7340828437.5,-11.55727
7340829375.0,-11.55326
7340830312.5,-11.54813
7340831250.0,-11.54364
7340832187.5,-11.54082
7340833125.0,-11.53557
7340834062.5,-11.53131
7340835000.0,-11.52724
7340835937.5,-11.52283
7340836875.0,-11.51914
7340837812.5,-11.51362
7340838750.0,-11.51012
7340839687.5,-11.50499
7340840625.0,-11.50179
7340841562.5,-11.49776
7340842500.0,-11.49229
7340843437.5,-11.488
7340844375.0,-11.48419
7340845312.5,-11.47939
7340846250.0,-11.47581
7340847187.5,-11.47113
7340848125.0,-11.46667
7340849062.5,-11.46264
7340850000.0,-11.45842
7340850937.5,-11.45354
7340851875.0,-11.45186
7340852812.5,-11.4468
7340853750.0,-11.44177
7340854687.5,-11.4378
7340855625.0,-11.43404
7340856562.5,-11.4301
7340857500.0,-11.42462
7340858437.5,-11.42084
7340859375.0,-11.4173
7340860312.5,-11.41309
7340861250.0,-11.40825
7340862187.5,-11.40441
7340863125.0,-11.39985
7340864062.5,-11.39572
7340865000.0,-11.39176
7340865937.5,-11.38702
7340866875.0,-11.38231
7340867812.5,-11.37754
7340868750.0,-11.37299
7340869687.5,-11.36939
7340870625.0,-11.36489
7340871562.5,-11.36066
7340872500.0,-11.35559
7340873437.5,-11.35222
7340874375.0,-11.34694
7340875312.5,-11.34339
7340876250.0,-11.33877
7340877187.5,-11.33587
7340878125.0,-11.33114
7340879062.5,-11.32649
7340880000.0,-11.3224
7340880937.5,-11.31817
7340881875.0,-11.31476
7340882812.5,-11.30943
7340883750.0,-11.30646
7340884687.5,-11.3019
7340885625.0,-11.29902
7340886562.5,-11.29463
7340887500.0,-11.28976
7340888437.5,-11.28632
7340889375.0,-11.28129
7340890312.5,-11.2775
7340891250.0,-11.27324
7340892187.5,-11.26911
7340893125.0,-11.26459
7340894062.5,-11.26085
7340895000.0,-11.25599
7340895937.5,-11.25139
7340896875.0,-11.24755
7340897812.5,-11.24229
7340898750.0,-11.23944
7340899687.5,-11.23347
7340900625.0,-11.22991
7340901562.5,-11.22607
7340902500.0,-11.22175
7340903437.5,-11.21801
7340904375.0,-11.21314
7340905312.5,-11.20909
7340906250.0,-11.2062
7340907187.5,-11.20109
7340908125.0,-11.19659
7340909062.5,-11.19149
7340910000.0,-11.18837
7340910937.5,-11.18476
7340911875.0,-11.18024
7340912812.5,-11.17613
7340913750.0,-11.17203
7340914687.5,-11.16759
7340915625.0,-11.16356
7340916562.5,-11.15928
7340917500.0,-11.15536
7340918437.5,-11.1516
7340919375.0,-11.14755
7340920312.5,-11.14402
7340921250.0,-11.13933
7340922187.5,-11.13575
7340923125.0,-11.12988
7340924062.5,-11.12595
7340925000.0,-11.12118
7340925937.5,-11.11665
7340926875.0,-11.11315
7340927812.5,-11.1091
7340928750.0,-11.10508
7340929687.5,-11.10067
7340930625.0,-11.09591
7340931562.5,-11.09125
7340932500.0,-11.08866
7340933437.5,-11.08468
7340934375.0,-11.07968
7340935312.5,-11.07573
7340936250.0,-11.07177
7340937187.5,-11.06843
7340938125.0,-11.06283
7340939062.5,-11.05837
7340940000.0,-11.05465
7340940937.5,-11.05055
7340941875.0,-11.04603
7340942812.5,-11.04216
7340943750.0,-11.0382
7340944687.5,-11.03365
7340945625.0,-11.02964
7340946562.5,-11.02522
7340947500.0,-11.0225
7340948437.5,-11.01817
7340949375.0,-11.01474
7340950312.5,-11.00892
7340951250.0,-11.00628
7340952187.5,-11.00181
7340953125.0,-10.99743
7340954062.5,-10.99342
7340955000.0,-10.98865
7340955937.5,-10.98404
7340956875.0,-10.98104
7340957812.5,-10.97535
7340958750.0,-10.97201
7340959687.5,-10.96677
7340960625.0,-10.96372
7340961562.5,-10.96019
7340962500.0,-10.95525
7340963437.5,-10.95094
7340964375.0,-10.9474
7340965312.5,-10.94398
7340966250.0,-10.9388
7340967187.5,-10.935
7340968125.0,-10.93167
7340969062.5,-10.92714
7340970000.0,-10.92229
7340970937.5,-10.91805
7340971875.0,-10.91485
7340972812.5,-10.91012
7340973750.0,-10.90697
7340974687.5,-10.90208
7340975625.0,-10.89854
7340976562.5,-10.89465
7340977500.0,-10.89052
7340978437.5,-10.88645
7340979375.0,-10.88358
7340980312.5,-10.87972
7340981250.0,-10.87439
7340982187.5,-10.87153
7340983125.0,-10.86569
7340984062.5,-10.86244
7340985000.0,-10.85739
7340985937.5,-10.85427
7340986875.0,-10.84921
7340987812.5,-10.84578
7340988750.0,-10.84145
7340989687.5,-10.83726
7340990625.0,-10.83299
7340991562.5,-10.82934
7340992500.0,-10.82537
7340993437.5,-10.82047
7340994375.0,-10.81623
7340995312.5,-10.81311
7340996250.0,-10.80871
7340997187.5,-10.80385
7340998125.0,-10.80162
7340999062.5,-10.79657
7341000000.0,-10.79235
7341000937.5,-10.78921
7341001875.0,-10.7837
7341002812.5,-10.78058
7341003750.0,-10.77654
7341004687.5,-10.77232
7341005625.0,-10.76822
7341006562.5,-10.76452
7341007500.0,-10.76042
7341008437.5,-10.75707
7341009375.0,-10.75304
7341010312.5,-10.74952
7341011250.0,-10.74482
7341012187.5,-10.74147
7341013125.0,-10.73683
7341014062.5,-10.73306
7341015000.0,-10.72887
7341015937.5,-10.7243
7341016875.0,-10.72046
7341017812.5,-10.71665
7341018750.0,-10.71299
7341019687.5,-10.70881
7341020625.0,-10.70434
7341021562.5,-10.70061
7341022500.0,-10.69653
7341023437.5,-10.69253
7341024375.0,-10.68772
7341025312.5,-10.68462
7341026250.0,-10.68046
7341027187.5,-10.67702
7341028125.0,-10.67193
7341029062.5,-10.66872
7341030000.0,-10.66492
7341030937.5,-10.66012
7341031875.0,-10.6563
7341032812.5,-10.65237
7341033750.0,-10.64786
7341034687.5,-10.64427
7341035625.0,-10.6407
7341036562.5,-10.63723
7341037500.0,-10.63278
7341038437.5,-10.62861
7341039375.0,-10.62602
7341040312.5,-10.62177
7341041250.0,-10.61784
7341042187.5,-10.6142
7341043125.0,-10.60985
7341044062.5,-10.60645
7341045000.0,-10.60196
7341045937.5,-10.59831
7341046875.0,-10.59369
7341047812.5,-10.58986
7341048750.0,-10.58585
7341049687.5,-10.58194
7341050625.0,-10.57865
7341051562.5,-10.57351
7341052500.0,-10.5692
7341053437.5,-10.56556
7341054375.0,-10.56186
7341055312.5,-10.55832
7341056250.0,-10.55356
7341057187.5,-10.55059
7341058125.0,-10.54593
7341059062.5,-10.54219
7341060000.0,-10.53808
7341060937.5,-10.53514
7341061875.0,-10.5306
7341062812.5,-10.52571
7341063750.0,-10.52279
7341064687.5,-10.5189
7341065625.0,-10.51439
7341066562.5,-10.51057
7341067500.0,-10.50763
7341068437.5,-10.50351
7341069375.0,-10.49975
7341070312.5,-10.49572
7341071250.0,-10.49267
7341072187.5,-10.48859
7341073125.0,-10.48587
7341074062.5,-10.48176
7341075000.0,-10.4767
7341075937.5,-10.47252
7341076875.0,-10.46907
7341077812.5,-10.46466
7341078750.0,-10.4608
7341079687.5,-10.45785
7341080625.0,-10.45322
7341081562.5,-10.44991
7341082500.0,-10.44519
7341083437.5,-10.44172
7341084375.0,-10.43812
7341085312.5,-10.4336
7341086250.0,-10.43063
7341087187.5,-10.42641
7341088125.0,-10.42313
7341089062.5,-10.41885
7341090000.0,-10.41543
7341090937.5,-10.41172
7341091875.0,-10.4083
7341092812.5,-10.40423
7341093750.0,-10.40047
7341094687.5,-10.39637
7341095625.0,-10.39162
7341096562.5,-10.38905
7341097500.0,-10.38488
7341098437.5,-10.38149
7341099375.0,-10.37705
7341100312.5,-10.37429
7341101250.0,-10.37017
7341102187.5,-10.3664
7341103125.0,-10.36322
7341104062.5,-10.35921
7341105000.0,-10.35524
7341105937.5,-10.35116
7341106875.0,-10.34777
7341107812.5,-10.34478
7341108750.0,-10.33967
7341109687.5,-10.33635
7341110625.0,-10.33139
7341111562.5,-10.32781
7341112500.0,-10.32389
7341113437.5,-10.32051
7341114375.0,-10.31668
7341115312.5,-10.31356
7341116250.0,-10.30924
7341117187.5,-10.30687
7341118125.0,-10.30139
7341119062.5,-10.298
7341120000.0,-10.2948
7341120937.5,-10.29158
7341121875.0,-10.28793
7341122812.5,-10.28515
7341123750.0,-10.28018
7341124687.5,-10.27683
7341125625.0,-10.27305
7341126562.5,-10.26892
7341127500.0,-10.2653
7341128437.5,-10.26197
7341129375.0,-10.25943
7341130312.5,-10.25495
7341131250.0,-10.25207
7341132187.5,-10.24685
7341133125.0,-10.2447
7341134062.5,-10.24093
7341135000.0,-10.23665
7341135937.5,-10.23309
7341136875.0,-10.22849
7341137812.5,-10.22514
7341138750.0,-10.22122
7341139687.5,-10.21809
7341140625.0,-10.21501
7341141562.5,-10.21035
7341142500.0,-10.20669
7341143437.5,-10.20251
7341144375.0,-10.19909
7341145312.5,-10.1949
7341146250.0,-10.19208
7341147187.5,-10.18918
7341148125.0,-10.18599
7341149062.5,-10.18114
7341150000.0,-10.17782
7341150937.5,-10.17413
7341151875.0,-10.17009
7341152812.5,-10.16725
7341153750.0,-10.16327
7341154687.5,-10.15936
7341155625.0,-10.15666
7341156562.5,-10.15237
7341157500.0,-10.14917
7341158437.5,-10.14559
7341159375.0,-10.14151
7341160312.5,-10.13893
7341161250.0,-10.134
7341162187.5,-10.13262
7341163125.0,-10.12745
7341164062.5,-10.12492
7341165000.0,-10.12142
7341165937.5,-10.11749
7341166875.0,-10.11427
7341167812.5,-10.10993
7341168750.0,-10.10619
7341169687.5,-10.10282
7341170625.0,-10.09978
7341171562.5,-10.09587
7341172500.0,-10.09247
7341173437.5,-10.08956
7341174375.0,-10.08549
7341175312.5,-10.08093
7341176250.0,-10.07822
7341177187.5,-10.07412
7341178125.0,-10.07076
7341179062.5,-10.06714
7341180000.0,-10.06436
7341180937.5,-10.06182
7341181875.0,-10.05768
7341182812.5,-10.05355
7341183750.0,-10.04993
7341184687.5,-10.04585
7341185625.0,-10.04343
7341186562.5,-10.04019
7341187500.0,-10.03672
7341188437.5,-10.03314
7341189375.0,-10.03029
7341190312.5,-10.02518
7341191250.0,-10.02227
7341192187.5,-10.01947
7341193125.0,-10.01591
7341194062.5,-10.01284
7341195000.0,-10.00909
7341195937.5,-10.00629
7341196875.0,-10.00281
7341197812.5,-9.999846
7341198750.0,-9.996576
7341199687.5,-9.992489
7341200625.0,-9.988791
7341201562.5,-9.98513
7341202500.0,-9.982427
7341203437.5,-9.978085
7341204375.0,-9.974784
7341205312.5,-9.970911
7341206250.0,-9.967748
7341207187.5,-9.963479
7341208125.0,-9.95981
7341209062.5,-9.957654
7341210000.0,-9.953857
7341210937.5,-9.951318
7341211875.0,-9.947978
7341212812.5,-9.944077
7341213750.0,-9.940585
7341214687.5,-9.938194
7341215625.0,-9.934392
7341216562.5,-9.930256
7341217500.0,-9.926732
7341218437.5,-9.923765
7341219375.0,-9.92073
7341220312.5,-9.916452
7341221250.0,-9.914748
7341222187.5,-9.91184
7341223125.0,-9.908194
7341224062.5,-9.90531
7341225000.0,-9.901601
7341225937.5,-9.89804
7341226875.0,-9.895756
7341227812.5,-9.891774
7341228750.0,-9.888391
7341229687.5,-9.885233
7341230625.0,-9.881828
7341231562.5,-9.878646
7341232500.0,-9.874756
7341233437.5,-9.871922
7341234375.0,-9.868297
7341235312.5,-9.865172
7341236250.0,-9.862517
7341237187.5,-9.857534
7341238125.0,-9.854436
7341239062.5,-9.851775
7341240000.0,-9.84911
7341240937.5,-9.84614
7341241875.0,-9.842566
7341242812.5,-9.840055
7341243750.0,-9.835867
7341244687.5,-9.833349
7341245625.0,-9.829301
7341246562.5,-9.826665
7341247500.0,-9.823338
7341248437.5,-9.820562
7341249375.0,-9.816866
7341250312.5,-9.813553
7341251250.0,-9.810616
7341252187.5,-9.807445
7341253125.0,-9.804018
7341254062.5,-9.802208
7341255000.0,-9.799243
7341255937.5,-9.795303
7341256875.0,-9.792482
7341257812.5,-9.789468
7341258750.0,-9.786716
7341259687.5,-9.783315
7341260625.0,-9.780406
7341261562.5,-9.776702
7341262500.0,-9.773069
7341263437.5,-9.770691
7341264375.0,-9.766638
7341265312.5,-9.764485
7341266250.0,-9.760884
7341267187.5,-9.758358
7341268125.0,-9.754465
7341269062.5,-9.751605
7341270000.0,-9.748185
7341270937.5,-9.745856
7341271875.0,-9.742366
7341272812.5,-9.73936
7341273750.0,-9.735912
7341274687.5,-9.73304
7341275625.0,-9.729337
7341276562.5,-9.727235
7341277500.0,-9.724235
7341278437.5,-9.721566
7341279375.0,-9.718796
7341280312.5,-9.714652
7341281250.0,-9.712664
7341282187.5,-9.708417
7341283125.0,-9.706522
7341284062.5,-9.703419
7341285000.0,-9.700527
7341285937.5,-9.697027
7341286875.0,-9.694324
7341287812.5,-9.692346
7341288750.0,-9.688893
7341289687.5,-9.684699
7341290625.0,-9.68275
7341291562.5,-9.680422
7341292500.0,-9.676994
7341293437.5,-9.673141
7341294375.0,-9.670928
7341295312.5,-9.668203
7341296250.0,-9.665641
7341297187.5,-9.66171
7341298125.0,-9.659516
7341299062.5,-9.656168
7341300000.0,-9.653591
7341300937.5,-9.650481
7341301875.0,-9.64751
7341302812.5,-9.643388
7341303750.0,-9.641242
7341304687.5,-9.639165
7341305625.0,-9.63519
7341306562.5,-9.632606
7341307500.0,-9.630142
7341308437.5,-9.626538
7341309375.0,-9.624504
7341310312.5,-9.621201
7341311250.0,-9.618458
7341312187.5,-9.615477
7341313125.0,-9.612647
7341314062.5,-9.610841
7341315000.0,-9.607579
7341315937.5,-9.605048
7341316875.0,-9.60282
7341317812.5,-9.599971
7341318750.0,-9.596636
7341319687.5,-9.594625
7341320625.0,-9.590506
7341321562.5,-9.588796
7341322500.0,-9.584886
7341323437.5,-9.583025
7341324375.0,-9.579943
7341325312.5,-9.577376
7341326250.0,-9.57351
7341327187.5,-9.570865
7341328125.0,-9.568913
7341329062.5,-9.565228
7341330000.0,-9.562615
7341330937.5,-9.559995
7341331875.0,-9.557075
7341332812.5,-9.555456
7341333750.0,-9.55284
7341334687.5,-9.549914
7341335625.0,-9.547762
7341336562.5,-9.544404
7341337500.0,-9.542174
7341338437.5,-9.538193
7341339375.0,-9.536613
7341340312.5,-9.533618
7341341250.0,-9.530655
7341342187.5,-9.52947
7341343125.0,-9.525782
7341344062.5,-9.523584
7341345000.0,-9.520072
7341345937.5,-9.518234
7341346875.0,-9.514989
7341347812.5,-9.513241
7341348750.0,-9.50994
7341349687.5,-9.507715
7341350625.0,-9.504717
7341351562.5,-9.502258
7341352500.0,-9.500422
7341353437.5,-9.497604
7341354375.0,-9.494878
7341355312.5,-9.491226
7341356250.0,-9.489005
7341357187.5,-9.486174
7341358125.0,-9.483776
7341359062.5,-9.480794
7341360000.0,-9.478193
7341360937.5,-9.476393
7341361875.0,-9.474391
7341362812.5,-9.47099
7341363750.0,-9.468965
7341364687.5,-9.466909
7341365625.0,-9.464746
7341366562.5,-9.461376
7341367500.0,-9.458965
7341368437.5,-9.455027
7341369375.0,-9.454576
7341370312.5,-9.451332
7341371250.0,-9.448547
7341372187.5,-9.446367
7341373125.0,-9.443808
7341374062.5,-9.441925
7341375000.0,-9.440186
7341375937.5,-9.436987
7341376875.0,-9.434116
7341377812.5,-9.433267
7341378750.0,-9.429735
7341379687.5,-9.427713
7341380625.0,-9.426044
7341381562.5,-9.422584
7341382500.0,-9.419996
7341383437.5,-9.417316
7341384375.0,-9.415627
7341385312.5,-9.412874
7341386250.0,-9.410112
7341387187.5,-9.407726
7341388125.0,-9.406317
7341389062.5,-9.402618
7341390000.0,-9.400721
7341390937.5,-9.398734
7341391875.0,-9.395625
7341392812.5,-9.394211
7341393750.0,-9.391104
7341394687.5,-9.388358
7341395625.0,-9.387809
7341396562.5,-9.384944
7341397500.0,-9.383352
7341398437.5,-9.380518
7341399375.0,-9.378708
7341400312.5,-9.376362
7341401250.0,-9.37364
7341402187.5,-9.371665
7341403125.0,-9.369297
7341404062.5,-9.367524
7341405000.0,-9.364887
7341405937.5,-9.363277
7341406875.0,-9.360465
7341407812.5,-9.359204
7341408750.0,-9.356612
7341409687.5,-9.354964
7341410625.0,-9.352792
7341411562.5,-9.348947
7341412500.0,-9.347563
7341413437.5,-9.345871
7341414375.0,-9.34394
7341415312.5,-9.341331
7341416250.0,-9.338406
7341417187.5,-9.33579
7341418125.0,-9.334097
7341419062.5,-9.332179
7341420000.0,-9.329865
7341420937.5,-9.32726
7341421875.0,-9.325442
7341422812.5,-9.323001
7341423750.0,-9.321605
7341424687.5,-9.319618
7341425625.0,-9.316882
7341426562.5,-9.315356
7341427500.0,-9.313911
7341428437.5,-9.311174
7341429375.0,-9.308922
7341430312.5,-9.30651
7341431250.0,-9.304823
7341432187.5,-9.303412
7341433125.0,-9.301553
7341434062.5,-9.29854
7341435000.0,-9.297033
7341435937.5,-9.295296
7341436875.0,-9.293337
7341437812.5,-9.290688
7341438750.0,-9.288831
7341439687.5,-9.286579
7341440625.0,-9.285465
7341441562.5,-9.283616
7341442500.0,-9.280945
7341443437.5,-9.279449
7341444375.0,-9.277386
7341445312.5,-9.274961
7341446250.0,-9.272356
7341447187.5,-9.270778
7341448125.0,-9.269369
7341449062.5,-9.268433
7341450000.0,-9.265314
7341450937.5,-9.263036
7341451875.0,-9.260726
7341452812.5,-9.260232
7341453750.0,-9.257943
7341454687.5,-9.256314
7341455625.0,-9.254866
7341456562.5,-9.253086
7341457500.0,-9.251166
7341458437.5,-9.249085
7341459375.0,-9.247365
7341460312.5,-9.245636
7341461250.0,-9.243229
7341462187.5,-9.242063
7341463125.0,-9.239387
7341464062.5,-9.238284
7341465000.0,-9.236028
7341465937.5,-9.235015
7341466875.0,-9.232217
7341467812.5,-9.230746
7341468750.0,-9.228528
7341469687.5,-9.226488
7341470625.0,-9.226048
7341471562.5,-9.224566
7341472500.0,-9.222017
7341473437.5,-9.221303
7341474375.0,-9.21926
7341475312.5,-9.217264
7341476250.0,-9.215082
7341477187.5,-9.213995
7341478125.0,-9.211554
7341479062.5,-9.210475
7341480000.0,-9.20869
7341480937.5,-9.206909
7341481875.0,-9.205418
7341482812.5,-9.203724
7341483750.0,-9.201343
7341484687.5,-9.200614
7341485625.0,-9.198238
7341486562.5,-9.197078
7341487500.0,-9.195369
7341488437.5,-9.193294
7341489375.0,-9.191943
7341490312.5,-9.190476
7341491250.0,-9.188747
7341492187.5,-9.186922
7341493125.0,-9.185449
7341494062.5,-9.183999
7341495000.0,-9.183282
7341495937.5,-9.181638
7341496875.0,-9.179783
7341497812.5,-9.177835
7341498750.0,-9.176673
7341499687.5,-9.174742
7341500625.0,-9.173445
7341501562.5,-9.171894
7341502500.0,-9.171492
7341503437.5,-9.168672
7341504375.0,-9.167834
7341505312.5,-9.166701
7341506250.0,-9.165227
7341507187.5,-9.163258
7341508125.0,-9.161651
7341509062.5,-9.159698
7341510000.0,-9.159055
7341510937.5,-9.157279
7341511875.0,-9.155547
7341512812.5,-9.153866
7341513750.0,-9.152564
7341514687.5,-9.151195
7341515625.0,-9.150297
7341516562.5,-9.148767
7341517500.0,-9.147953
7341518437.5,-9.14734
7341519375.0,-9.145753
7341520312.5,-9.144076
7341521250.0,-9.143126
7341522187.5,-9.142239
7341523125.0,-9.140329
7341524062.5,-9.138869
7341525000.0,-9.136697
7341525937.5,-9.135345
7341526875.0,-9.134435
7341527812.5,-9.134056
7341528750.0,-9.131855
7341529687.5,-9.130939
7341530625.0,-9.129826
7341531562.5,-9.128356
7341532500.0,-9.128391
7341533437.5,-9.126724
7341534375.0,-9.125617
7341535312.5,-9.123838
7341536250.0,-9.12243
7341537187.5,-9.121689
7341538125.0,-9.119793
7341539062.5,-9.118629
7341540000.0,-9.117776
7341540937.5,-9.115483
7341541875.0,-9.114947
7341542812.5,-9.113529
7341543750.0,-9.111753
7341544687.5,-9.110542
7341545625.0,-9.110364
7341546562.5,-9.108926
7341547500.0,-9.108262
7341548437.5,-9.107618
7341549375.0,-9.106659
7341550312.5,-9.105127
7341551250.0,-9.104047
7341552187.5,-9.103077
7341553125.0,-9.101811
7341554062.5,-9.099909
7341555000.0,-9.099456
7341555937.5,-9.098757
7341556875.0,-9.097166
7341557812.5,-9.096362
7341558750.0,-9.095583
7341559687.5,-9.093763
7341560625.0,-9.093254
7341561562.5,-9.09227
7341562500.0,-9.091944
7341563437.5,-9.090238
7341564375.0,-9.089159
7341565312.5,-9.088954
7341566250.0,-9.087543
7341567187.5,-9.086264
7341568125.0,-9.086212
7341569062.5,-9.084702
7341570000.0,-9.083508
7341570937.5,-9.082152
7341571875.0,-9.081584
7341572812.5,-9.080426
7341573750.0,-9.079884
7341574687.5,-9.078671
7341575625.0,-9.07941
7341576562.5,-9.07815
7341577500.0,-9.075961
7341578437.5,-9.075733
7341579375.0,-9.07538
7341580312.5,-9.074386
7341581250.0,-9.073707
7341582187.5,-9.072864
7341583125.0,-9.072507
7341584062.5,-9.070797
7341585000.0,-9.070131
7341585937.5,-9.069471
7341586875.0,-9.068163
7341587812.5,-9.068398
7341588750.0,-9.066291
7341589687.5,-9.065513
7341590625.0,-9.065592
7341591562.5,-9.064865
7341592500.0,-9.063769
7341593437.5,-9.063108
7341594375.0,-9.062291
7341595312.5,-9.062339
7341596250.0,-9.061369
7341597187.5,-9.061234
7341598125.0,-9.060204
7341599062.5,-9.059328
7341600000.0,-9.057535
7341600937.5,-9.057866
7341601875.0,-9.058076
7341602812.5,-9.056695
7341603750.0,-9.055817
7341604687.5,-9.054613
7341605625.0,-9.054067
7341606562.5,-9.053581
7341607500.0,-9.053128
7341608437.5,-9.05174
7341609375.0,-9.051328
7341610312.5,-9.052151
7341611250.0,-9.052269
7341612187.5,-9.050483
7341613125.0,-9.04932
7341614062.5,-9.050009
7341615000.0,-9.048956
7341615937.5,-9.047606
7341616875.0,-9.046871
7341617812.5,-9.046694
7341618750.0,-9.046191
7341619687.5,-9.046278
7341620625.0,-9.045536
7341621562.5,-9.045215
7341622500.0,-9.043398
7341623437.5,-9.044309
7341624375.0,-9.043946
7341625312.5,-9.043709
7341626250.0,-9.043354
7341627187.5,-9.043531
7341628125.0,-9.042606
7341629062.5,-9.04169
7341630000.0,-9.041594
7341630937.5,-9.040819
7341631875.0,-9.041286
7341632812.5,-9.039785
7341633750.0,-9.040129
7341634687.5,-9.03987
7341635625.0,-9.03862
7341636562.5,-9.038746
7341637500.0,-9.038448
7341638437.5,-9.037951
7341639375.0,-9.037483
7341640312.5,-9.03672
7341641250.0,-9.038103
7341642187.5,-9.037544
7341643125.0,-9.036631
7341644062.5,-9.036122
7341645000.0,-9.035553
7341645937.5,-9.036068
7341646875.0,-9.035537
7341647812.5,-9.035069
7341648750.0,-9.034439
7341649687.5,-9.035306
7341650625.0,-9.034262
7341651562.5,-9.034061
7341652500.0,-9.033608
7341653437.5,-9.033136
7341654375.0,-9.033449
7341655312.5,-9.033888
7341656250.0,-9.034094
7341657187.5,-9.033726
7341658125.0,-9.033837
7341659062.5,-9.033119
7341660000.0,-9.033184
7341660937.5,-9.032649
7341661875.0,-9.032268
7341662812.5,-9.032649
7341663750.0,-9.03253
7341664687.5,-9.032864
7341665625.0,-9.032315
7341666562.5,-9.031693
7341667500.0,-9.031685
7341668437.5,-9.031336
7341669375.0,-9.031683
7341670312.5,-9.031947
7341671250.0,-9.032357
7341672187.5,-9.031761
7341673125.0,-9.031521
7341674062.5,-9.03138
7341675000.0,-9.032045
7341675937.5,-9.032777
7341676875.0,-9.031993
7341677812.5,-9.032516
7341678750.0,-9.03196
7341679687.5,-9.032117
7341680625.0,-9.032664
7341681562.5,-9.03193
7341682500.0,-9.031605
7341683437.5,-9.032211
7341684375.0,-9.030675
7341685312.5,-9.032651
7341686250.0,-9.032146
7341687187.5,-9.032787
7341688125.0,-9.032875
7341689062.5,-9.032456
7341690000.0,-9.033299
7341690937.5,-9.03264
7341691875.0,-9.03387
7341692812.5,-9.033525
7341693750.0,-9.033395
7341694687.5,-9.033852
7341695625.0,-9.033898
7341696562.5,-9.033378
7341697500.0,-9.034938
7341698437.5,-9.034816
7341699375.0,-9.034407
7341700312.5,-9.034561
7341701250.0,-9.035527
7341702187.5,-9.035323
7341703125.0,-9.035914
7341704062.5,-9.036328
7341705000.0,-9.03588
7341705937.5,-9.035648
7341706875.0,-9.036213
7341707812.5,-9.036618
7341708750.0,-9.036693
7341709687.5,-9.037598
7341710625.0,-9.037084
7341711562.5,-9.038218
7341712500.0,-9.037464
7341713437.5,-9.037792
7341714375.0,-9.037996
7341715312.5,-9.039153
7341716250.0,-9.040362
7341717187.5,-9.04026
7341718125.0,-9.040649
7341719062.5,-9.040717
7341720000.0,-9.040865
7341720937.5,-9.041301
7341721875.0,-9.041873
7341722812.5,-9.042065
7341723750.0,-9.043036
7341724687.5,-9.043159
7341725625.0,-9.044097
7341726562.5,-9.043166
7341727500.0,-9.044126
7341728437.5,-9.044627
7341729375.0,-9.044607
7341730312.5,-9.045068
7341731250.0,-9.046041
7341732187.5,-9.047209
7341733125.0,-9.046852
7341734062.5,-9.04778
7341735000.0,-9.049382
7341735937.5,-9.049636
7341736875.0,-9.049541
7341737812.5,-9.050577
7341738750.0,-9.050312
7341739687.5,-9.050807
7341740625.0,-9.051321
7341741562.5,-9.052668
7341742500.0,-9.052721
7341743437.5,-9.052824
7341744375.0,-9.053514
7341745312.5,-9.054371
7341746250.0,-9.05429
7341747187.5,-9.055285
7341748125.0,-9.057008
7341749062.5,-9.057049
7341750000.0,-9.058663
7341750937.5,-9.058529
7341751875.0,-9.059058
7341752812.5,-9.059354
7341753750.0,-9.059879
7341754687.5,-9.060455
7341755625.0,-9.061133
7341756562.5,-9.063142
7341757500.0,-9.063444
7341758437.5,-9.063814
7341759375.0,-9.064477
7341760312.5,-9.064983
7341761250.0,-9.065583
7341762187.5,-9.067003
7341763125.0,-9.067745
7341764062.5,-9.068287
7341765000.0,-9.069389
7341765937.5,-9.070394
7341766875.0,-9.070374
7341767812.5,-9.071553
7341768750.0,-9.072116
7341769687.5,-9.072978
7341770625.0,-9.07396
7341771562.5,-9.074768
7341772500.0,-9.076127
7341773437.5,-9.075773
7341774375.0,-9.076255
7341775312.5,-9.07819
7341776250.0,-9.078091
7341777187.5,-9.079964
7341778125.0,-9.081121
7341779062.5,-9.081785
7341780000.0,-9.082741
7341780937.5,-9.083344
7341781875.0,-9.084075
7341782812.5,-9.085567
7341783750.0,-9.086362
7341784687.5,-9.087793
7341785625.0,-9.088504
7341786562.5,-9.089713
7341787500.0,-9.090536
7341788437.5,-9.091
7341789375.0,-9.092621
7341790312.5,-9.093906
7341791250.0,-9.093998
7341792187.5,-9.095876
7341793125.0,-9.095553
7341794062.5,-9.097787
7341795000.0,-9.098957
7341795937.5,-9.09954
7341796875.0,-9.101015
7341797812.5,-9.10218
7341798750.0,-9.10224
7341799687.5,-9.104211
7341800625.0,-9.104851
7341801562.5,-9.105214
7341802500.0,-9.107404
7341803437.5,-9.107746
7341804375.0,-9.108702
7341805312.5,-9.109682
7341806250.0,-9.111009
7341807187.5,-9.11262
7341808125.0,-9.113343
7341809062.5,-9.115249
7341810000.0,-9.116215
7341810937.5,-9.11777
7341811875.0,-9.118945
7341812812.5,-9.119867
7341813750.0,-9.122519
7341814687.5,-9.122849
7341815625.0,-9.123213
7341816562.5,-9.123884
7341817500.0,-9.126443
7341818437.5,-9.126927
7341819375.0,-9.127539
7341820312.5,-9.12971
7341821250.0,-9.130077
7341822187.5,-9.13259
7341823125.0,-9.133314
7341824062.5,-9.135254
7341825000.0,-9.136362
7341825937.5,-9.137744
7341826875.0,-9.13884
7341827812.5,-9.140219
7341828750.0,-9.142203
7341829687.5,-9.142705
7341830625.0,-9.143151
7341831562.5,-9.144868
7341832500.0,-9.146174
7341833437.5,-9.148538
7341834375.0,-9.148609
7341835312.5,-9.150119
7341836250.0,-9.151283
7341837187.5,-9.152261
7341838125.0,-9.154698
7341839062.5,-9.155309
7341840000.0,-9.157399
7341840937.5,-9.157991
7341841875.0,-9.160089
7341842812.5,-9.160094
7341843750.0,-9.16209
7341844687.5,-9.163888
7341845625.0,-9.166059
7341846562.5,-9.167392
7341847500.0,-9.168244
7341848437.5,-9.170518
7341849375.0,-9.17231
7341850312.5,-9.173135
7341851250.0,-9.174802
7341852187.5,-9.17634
7341853125.0,-9.177476
7341854062.5,-9.179602
7341855000.0,-9.181149
7341855937.5,-9.182758
7341856875.0,-9.184106
7341857812.5,-9.18616
7341858750.0,-9.187538
7341859687.5,-9.18872
7341860625.0,-9.190067
7341861562.5,-9.191191
7341862500.0,-9.193646
7341863437.5,-9.195158
7341864375.0,-9.196771
7341865312.5,-9.197203
7341866250.0,-9.199739
7341867187.5,-9.200816
7341868125.0,-9.202524
7341869062.5,-9.203707
7341870000.0,-9.206002
7341870937.5,-9.208113
7341871875.0,-9.209814
7341872812.5,-9.211011
7341873750.0,-9.212471
7341874687.5,-9.214693
7341875625.0,-9.215938
7341876562.5,-9.217646
7341877500.0,-9.219708
7341878437.5,-9.221116
7341879375.0,-9.222951
7341880312.5,-9.225115
7341881250.0,-9.226973
7341882187.5,-9.228142
7341883125.0,-9.230083
7341884062.5,-9.232205
7341885000.0,-9.233337
7341885937.5,-9.235331
7341886875.0,-9.237507
7341887812.5,-9.239849
7341888750.0,-9.240504
7341889687.5,-9.241693
7341890625.0,-9.243557
7341891562.5,-9.245625
7341892500.0,-9.248333
7341893437.5,-9.250168
7341894375.0,-9.251024
7341895312.5,-9.253165
7341896250.0,-9.254291
7341897187.5,-9.256439
7341898125.0,-9.258025
7341899062.5,-9.260149
7341900000.0,-9.262958
7341900937.5,-9.263854
7341901875.0,-9.266877
7341902812.5,-9.268466
7341903750.0,-9.269735
7341904687.5,-9.272144
7341905625.0,-9.273916
7341906562.5,-9.276011
7341907500.0,-9.277471
7341908437.5,-9.279916
7341909375.0,-9.282318
7341910312.5,-9.283439
7341911250.0,-9.285299
7341912187.5,-9.286926
7341913125.0,-9.288937
7341914062.5,-9.291313
7341915000.0,-9.293871
7341915937.5,-9.295279
7341916875.0,-9.297502
7341917812.5,-9.299432
7341918750.0,-9.302853
7341919687.5,-9.304361
7341920625.0,-9.305555
7341921562.5,-9.307733
7341922500.0,-9.309753
7341923437.5,-9.311711
7341924375.0,-9.314006
7341925312.5,-9.316031
7341926250.0,-9.31804
7341927187.5,-9.319681
7341928125.0,-9.321169
7341929062.5,-9.323399
7341930000.0,-9.325107
7341930937.5,-9.328278
7341931875.0,-9.330213
7341932812.5,-9.33225
7341933750.0,-9.334244
7341934687.5,-9.336535
7341935625.0,-9.33883
7341936562.5,-9.341661
7341937500.0,-9.343031
7341938437.5,-9.344989
7341939375.0,-9.34763
7341940312.5,-9.349299
7341941250.0,-9.352442
7341942187.5,-9.353949
7341943125.0,-9.356086
7341944062.5,-9.358782
7341945000.0,-9.360186
7341945937.5,-9.362832
7341946875.0,-9.365212
7341947812.5,-9.367067
7341948750.0,-9.370448
7341949687.5,-9.372235
7341950625.0,-9.374607
7341951562.5,-9.376655
7341952500.0,-9.377941
7341953437.5,-9.380095
7341954375.0,-9.383007
7341955312.5,-9.384837
7341956250.0,-9.387144
7341957187.5,-9.389023
7341958125.0,-9.390555
7341959062.5,-9.394336
7341960000.0,-9.396402
7341960937.5,-9.398271
7341961875.0,-9.400244
7341962812.5,-9.403276
7341963750.0,-9.405472
7341964687.5,-9.40905
7341965625.0,-9.409818
7341966562.5,-9.412947
7341967500.0,-9.415138
7341968437.5,-9.417524
7341969375.0,-9.419727
7341970312.5,-9.42271
7341971250.0,-9.424934
7341972187.5,-9.427425
7341973125.0,-9.429313
7341974062.5,-9.431927
7341975000.0,-9.434253
7341975937.5,-9.435567
7341976875.0,-9.439012
7341977812.5,-9.440827
7341978750.0,-9.444682
7341979687.5,-9.446775
7341980625.0,-9.44878
7341981562.5,-9.451819
7341982500.0,-9.453667
7341983437.5,-9.455981
7341984375.0,-9.458849
7341985312.5,-9.460134
7341986250.0,-9.462635
7341987187.5,-9.465499
7341988125.0,-9.467666
7341989062.5,-9.471053
7341990000.0,-9.473264
7341990937.5,-9.475193
7341991875.0,-9.477518
7341992812.5,-9.480766
7341993750.0,-9.483582
7341994687.5,-9.485887
7341995625.0,-9.488639
7341996562.5,-9.489794
7341997500.0,-9.492887
7341998437.5,-9.495922
7341999375.0,-9.499391
7342000312.5,-9.500418
7342001250.0,-9.503891
7342002187.5,-9.506989
7342003125.0,-9.509295
7342004062.5,-9.512264
7342005000.0,-9.513831
7342005937.5,-9.516704
7342006875.0,-9.520031
7342007812.5,-9.522396
7342008750.0,-9.524901
7342009687.5,-9.52763
7342010625.0,-9.530439
7342011562.5,-9.532843
7342012500.0,-9.534648
7342013437.5,-9.537827
7342014375.0,-9.540334
7342015312.5,-9.543168
7342016250.0,-9.544935
7342017187.5,-9.5486
7342018125.0,-9.549986
7342019062.5,-9.552332
7342020000.0,-9.555689
7342020937.5,-9.557744
7342021875.0,-9.561022
7342022812.5,-9.564194
7342023750.0,-9.566342
7342024687.5,-9.569178
7342025625.0,-9.572489
7342026562.5,-9.575713
7342027500.0,-9.577142
7342028437.5,-9.580038
7342029375.0,-9.582211
7342030312.5,-9.586043
7342031250.0,-9.587953
7342032187.5,-9.591522
7342033125.0,-9.594289
7342034062.5,-9.597884
7342035000.0,-9.599933
7342035937.5,-9.602867
7342036875.0,-9.60469
7342037812.5,-9.608094
7342038750.0,-9.611266
7342039687.5,-9.61482
7342040625.0,-9.616909
7342041562.5,-9.620205
7342042500.0,-9.622707
7342043437.5,-9.625033
7342044375.0,-9.626987
7342045312.5,-9.63066
7342046250.0,-9.633228
7342047187.5,-9.63732
7342048125.0,-9.638855
7342049062.5,-9.641901
7342050000.0,-9.644485
7342050937.5,-9.647206
7342051875.0,-9.650382
7342052812.5,-9.652365
7342053750.0,-9.656699
7342054687.5,-9.658911
7342055625.0,-9.660854
7342056562.5,-9.665451
7342057500.0,-9.668097
7342058437.5,-9.670948
7342059375.0,-9.673615
7342060312.5,-9.676787
7342061250.0,-9.679413
7342062187.5,-9.682003
7342063125.0,-9.686095
7342064062.5,-9.689555
7342065000.0,-9.691579
7342065937.5,-9.69463
7342066875.0,-9.697576
7342067812.5,-9.700797
7342068750.0,-9.70323
7342069687.5,-9.706435
7342070625.0,-9.709314
7342071562.5,-9.71203
7342072500.0,-9.715971
7342073437.5,-9.71844
7342074375.0,-9.721606
7342075312.5,-9.723629
7342076250.0,-9.726159
7342077187.5,-9.729832
7342078125.0,-9.732812
7342079062.5,-9.735237
7342080000.0,-9.739272
7342080937.5,-9.741814
7342081875.0,-9.743986
7342082812.5,-9.746998
7342083750.0,-9.749662
7342084687.5,-9.753939
7342085625.0,-9.756523
7342086562.5,-9.759809
7342087500.0,-9.763382
7342088437.5,-9.765512
7342089375.0,-9.7689
7342090312.5,-9.771915
7342091250.0,-9.775358
7342092187.5,-9.777932
7342093125.0,-9.782056
7342094062.5,-9.785265
7342095000.0,-9.788323
7342095937.5,-9.792402
7342096875.0,-9.795026
7342097812.5,-9.797706
7342098750.0,-9.79984
7342099687.5,-9.803904
7342100625.0,-9.806437
7342101562.5,-9.810464
7342102500.0,-9.813627
7342103437.5,-9.817311
7342104375.0,-9.819675
7342105312.5,-9.822522
7342106250.0,-9.825197
7342107187.5,-9.82797
7342108125.0,-9.831388
7342109062.5,-9.835127
7342110000.0,-9.838098
7342110937.5,-9.841402
7342111875.0,-9.84377
7342112812.5,-9.846548
7342113750.0,-9.849769
7342114687.5,-9.85302
7342115625.0,-9.856106
7342116562.5,-9.859674
7342117500.0,-9.863062
7342118437.5,-9.866012
7342119375.0,-9.869216
7342120312.5,-9.872898
7342121250.0,-9.875952
7342122187.5,-9.878636
7342123125.0,-9.882503
7342124062.5,-9.886174
7342125000.0,-9.890331
7342125937.5,-9.892811
7342126875.0,-9.895789
7342127812.5,-9.899623
7342128750.0,-9.902316
7342129687.5,-9.906024
7342130625.0,-9.909245
7342131562.5,-9.912419
7342132500.0,-9.915976
7342133437.5,-9.919334
7342134375.0,-9.921875
7342135312.5,-9.924925
7342136250.0,-9.92779
7342137187.5,-9.931021
7342138125.0,-9.933695
7342139062.5,-9.937998
7342140000.0,-9.940789
7342140937.5,-9.944551
7342141875.0,-9.947815
7342142812.5,-9.950402
7342143750.0,-9.953354
7342144687.5,-9.95644
7342145625.0,-9.96064
7342146562.5,-9.96419
7342147500.0,-9.967265
7342148437.5,-9.972065
7342149375.0,-9.975336
7342150312.5,-9.978042
7342151250.0,-9.982633
7342152187.5,-9.985762
7342153125.0,-9.989284
7342154062.5,-9.993247
7342155000.0,-9.996521
7342155937.5,-9.999992
7342156875.0,-10.00254
7342157812.5,-10.00674
7342158750.0,-10.01057
7342159687.5,-10.01321
7342160625.0,-10.01667
7342161562.5,-10.01923
7342162500.0,-10.02297
7342163437.5,-10.02626
7342164375.0,-10.03129
7342165312.5,-10.03285
7342166250.0,-10.03719
7342167187.5,-10.03925
7342168125.0,-10.04354
7342169062.5,-10.04635
7342170000.0,-10.05004
7342170937.5,-10.0532
7342171875.0,-10.05677
7342172812.5,-10.06015
7342173750.0,-10.06267
7342174687.5,-10.06688
7342175625.0,-10.06961
7342176562.5,-10.07388
7342177500.0,-10.07731
7342178437.5,-10.08042
7342179375.0,-10.08376
7342180312.5,-10.08804
7342181250.0,-10.09048
7342182187.5,-10.09333
7342183125.0,-10.09811
7342184062.5,-10.10066
7342185000.0,-10.10372
7342185937.5,-10.10736
7342186875.0,-10.11184
7342187812.5,-10.1154
7342188750.0,-10.11906
7342189687.5,-10.12193
7342190625.0,-10.12601
7342191562.5,-10.12881
7342192500.0,-10.13295
7342193437.5,-10.13707
7342194375.0,-10.14077
7342195312.5,-10.14395
7342196250.0,-10.1466
7342197187.5,-10.15058
7342198125.0,-10.15353
7342199062.5,-10.15781
7342200000.0,-10.1612
7342200937.5,-10.16477
7342201875.0,-10.16816
7342202812.5,-10.17129
7342203750.0,-10.17489
7342204687.5,-10.17927
7342205625.0,-10.18234
7342206562.5,-10.18529
7342207500.0,-10.18979
7342208437.5,-10.19263
7342209375.0,-10.19633
7342210312.5,-10.20007
7342211250.0,-10.20244
7342212187.5,-10.20757
7342213125.0,-10.2112
7342214062.5,-10.21515
7342215000.0,-10.21802
7342215937.5,-10.22233
7342216875.0,-10.22591
7342217812.5,-10.22987
7342218750.0,-10.23405
7342219687.5,-10.23681
7342220625.0,-10.2409
7342221562.5,-10.24378
7342222500.0,-10.24778
7342223437.5,-10.25062
7342224375.0,-10.25583
7342225312.5,-10.25881
7342226250.0,-10.26192
7342227187.5,-10.26488
7342228125.0,-10.26895
7342229062.5,-10.2712
7342230000.0,-10.27582
7342230937.5,-10.27868
7342231875.0,-10.28224
7342232812.5,-10.28669
7342233750.0,-10.29033
7342234687.5,-10.29503
7342235625.0,-10.29618
7342236562.5,-10.30071
7342237500.0,-10.30456
7342238437.5,-10.30848
7342239375.0,-10.31236
7342240312.5,-10.31652
7342241250.0,-10.31973
7342242187.5,-10.32341
7342243125.0,-10.32746
7342244062.5,-10.33116
7342245000.0,-10.33483
7342245937.5,-10.33836
7342246875.0,-10.34235
7342247812.5,-10.34617
7342248750.0,-10.35067
7342249687.5,-10.3544
7342250625.0,-10.35742
7342251562.5,-10.36148
7342252500.0,-10.36559
7342253437.5,-10.36943
7342254375.0,-10.37182
7342255312.5,-10.37585
7342256250.0,-10.38067
7342257187.5,-10.38402
7342258125.0,-10.38824
7342259062.5,-10.39167
7342260000.0,-10.39531
7342260937.5,-10.39846
7342261875.0,-10.40251
7342262812.5,-10.40619
7342263750.0,-10.40967
7342264687.5,-10.41397
7342265625.0,-10.41622
7342266562.5,-10.42103
7342267500.0,-10.42461
7342268437.5,-10.42822
7342269375.0,-10.43199
7342270312.5,-10.43573
7342271250.0,-10.43983
7342272187.5,-10.44387
7342273125.0,-10.44813
7342274062.5,-10.45028
7342275000.0,-10.45612
7342275937.5,-10.45897
7342276875.0,-10.46246
7342277812.5,-10.46651
7342278750.0,-10.47017
7342279687.5,-10.47465
7342280625.0,-10.47769
7342281562.5,-10.48151
7342282500.0,-10.48513
7342283437.5,-10.48873
7342284375.0,-10.49249
7342285312.5,-10.49675
7342286250.0,-10.49964
7342287187.5,-10.50344
7342288125.0,-10.5082
7342289062.5,-10.51142
7342290000.0,-10.51552
7342290937.5,-10.51856
7342291875.0,-10.52132
7342292812.5,-10.52575
7342293750.0,-10.52937
7342294687.5,-10.53361
7342295625.0,-10.53778
7342296562.5,-10.54126
7342297500.0,-10.54548
7342298437.5,-10.54912
7342299375.0,-10.55282
7342300312.5,-10.55626
7342301250.0,-10.56058
7342302187.5,-10.56498
7342303125.0,-10.5695
7342304062.5,-10.57407
7342305000.0,-10.57737
7342305937.5,-10.58159
7342306875.0,-10.58538
7342307812.5,-10.58914
7342308750.0,-10.59328
7342309687.5,-10.59699
7342310625.0,-10.60065
7342311562.5,-10.60463
7342312500.0,-10.60913
7342313437.5,-10.61389
7342314375.0,-10.61742
7342315312.5,-10.62063
7342316250.0,-10.62474
7342317187.5,-10.62807
7342318125.0,-10.6323
7342319062.5,-10.63604
7342320000.0,-10.63881
7342320937.5,-10.64268
7342321875.0,-10.64638
7342322812.5,-10.64997
7342323750.0,-10.65452
7342324687.5,-10.65765
7342325625.0,-10.66214
7342326562.5,-10.66596
7342327500.0,-10.66916
7342328437.5,-10.67322
7342329375.0,-10.67744
7342330312.5,-10.68034
7342331250.0,-10.68546
7342332187.5,-10.68826
7342333125.0,-10.69314
7342334062.5,-10.69727
7342335000.0,-10.70195
7342335937.5,-10.70468
7342336875.0,-10.70883
7342337812.5,-10.71516
7342338750.0,-10.71757
7342339687.5,-10.72158
7342340625.0,-10.72538
7342341562.5,-10.72901
7342342500.0,-10.73255
7342343437.5,-10.73769
7342344375.0,-10.74124
7342345312.5,-10.74457
7342346250.0,-10.74848
7342347187.5,-10.75242
7342348125.0,-10.7569
7342349062.5,-10.76085
7342350000.0,-10.76475
7342350937.5,-10.76752
7342351875.0,-10.7718
7342352812.5,-10.77532
7342353750.0,-10.78088
7342354687.5,-10.78347
7342355625.0,-10.78836
7342356562.5,-10.79204
7342357500.0,-10.7963
7342358437.5,-10.80047
7342359375.0,-10.80452
7342360312.5,-10.80789
7342361250.0,-10.81213
7342362187.5,-10.81656
7342363125.0,-10.82093
7342364062.5,-10.82583
7342365000.0,-10.82989
7342365937.5,-10.83359
7342366875.0,-10.83851
7342367812.5,-10.84042
7342368750.0,-10.84504
7342369687.5,-10.84944
7342370625.0,-10.85309
7342371562.5,-10.85816
7342372500.0,-10.86135
7342373437.5,-10.86652
7342374375.0,-10.8701
7342375312.5,-10.87296
7342376250.0,-10.87619
7342377187.5,-10.88163
7342378125.0,-10.88461
7342379062.5,-10.88832
7342380000.0,-10.89372
7342380937.5,-10.89699
7342381875.0,-10.90103
7342382812.5,-10.90488
7342383750.0,-10.90824
7342384687.5,-10.91142
7342385625.0,-10.91603
7342386562.5,-10.91967
7342387500.0,-10.92431
7342388437.5,-10.92759
7342389375.0,-10.9318
7342390312.5,-10.93531
7342391250.0,-10.9392
7342392187.5,-10.94449
7342393125.0,-10.94752
7342394062.5,-10.95191
7342395000.0,-10.95665
7342395937.5,-10.96024
7342396875.0,-10.96441
7342397812.5,-10.96868
7342398750.0,-10.97275
7342399687.5,-10.97694
7342400625.0,-10.98076
7342401562.5,-10.98508
7342402500.0,-10.98966
7342403437.5,-10.9938
7342404375.0,-10.99769
7342405312.5,-11.00154
7342406250.0,-11.00503
7342407187.5,-11.00887
7342408125.0,-11.01429
7342409062.5,-11.01803
7342410000.0,-11.02256
7342410937.5,-11.02596
7342411875.0,-11.03
7342412812.5,-11.03415
7342413750.0,-11.0372
7342414687.5,-11.04218
7342415625.0,-11.04539
7342416562.5,-11.04947
7342417500.0,-11.05426
7342418437.5,-11.05833
7342419375.0,-11.06167
7342420312.5,-11.06658
7342421250.0,-11.07068
7342422187.5,-11.0741
7342423125.0,-11.07833
7342424062.5,-11.08176
7342425000.0,-11.08591
7342425937.5,-11.09131
7342426875.0,-11.09487
7342427812.5,-11.10002
7342428750.0,-11.10319
7342429687.5,-11.10686
7342430625.0,-11.11179
7342431562.5,-11.11608
7342432500.0,-11.11995
7342433437.5,-11.12386
7342434375.0,-11.128
7342435312.5,-11.13261
7342436250.0,-11.1356
7342437187.5,-11.13932
7342438125.0,-11.14256
7342439062.5,-11.14777
7342440000.0,-11.15197
7342440937.5,-11.15692
7342441875.0,-11.15948
7342442812.5,-11.16412
7342443750.0,-11.16711
7342444687.5,-11.17221
7342445625.0,-11.17547
7342446562.5,-11.17984
7342447500.0,-11.18497
7342448437.5,-11.18786
7342449375.0,-11.19249
7342450312.5,-11.19651
7342451250.0,-11.20155
7342452187.5,-11.20511
7342453125.0,-11.20891
7342454062.5,-11.21371
7342455000.0,-11.21704
7342455937.5,-11.22164
7342456875.0,-11.22592
7342457812.5,-11.23127
7342458750.0,-11.23458
7342459687.5,-11.23885
7342460625.0,-11.24337
7342461562.5,-11.24635
7342462500.0,-11.25183
7342463437.5,-11.25624
7342464375.0,-11.26124
7342465312.5,-11.26372
7342466250.0,-11.26799
7342467187.5,-11.27196
7342468125.0,-11.27568
7342469062.5,-11.28056
7342470000.0,-11.28469
7342470937.5,-11.28912
7342471875.0,-11.29418
7342472812.5,-11.29755
7342473750.0,-11.30072
7342474687.5,-11.30532
7342475625.0,-11.30865
7342476562.5,-11.31276
7342477500.0,-11.3169
7342478437.5,-11.32133
7342479375.0,-11.32512
7342480312.5,-11.32936
7342481250.0,-11.33255
7342482187.5,-11.33675
7342483125.0,-11.34118
7342484062.5,-11.345
7342485000.0,-11.34958
7342485937.5,-11.35387
7342486875.0,-11.35893
7342487812.5,-11.36195
7342488750.0,-11.36568
7342489687.5,-11.37107
7342490625.0,-11.37525
7342491562.5,-11.37888
7342492500.0,-11.3834
7342493437.5,-11.38733
7342494375.0,-11.39254
7342495312.5,-11.39686
7342496250.0,-11.39985
7342497187.5,-11.40467
7342498125.0,-11.40846
7342499062.5,-11.41259
7342500000.0,-11.41729
7342500937.5,-11.42019
7342501875.0,-11.42436
7342502812.5,-11.42936
7342503750.0,-11.43303
7342504687.5,-11.43674
7342505625.0,-11.44104
7342506562.5,-11.4451
7342507500.0,-11.4491
7342508437.5,-11.45271
7342509375.0,-11.45774
7342510312.5,-11.46176
7342511250.0,-11.46608
7342512187.5,-11.47085
7342513125.0,-11.47515
7342514062.5,-11.47852
7342515000.0,-11.48322
7342515937.5,-11.48717
7342516875.0,-11.49109
7342517812.5,-11.49602
7342518750.0,-11.5001
7342519687.5,-11.5044
7342520625.0,-11.50871
7342521562.5,-11.5126
7342522500.0,-11.51682
7342523437.5,-11.52168
7342524375.0,-11.52594
7342525312.5,-11.52959
7342526250.0,-11.534
7342527187.5,-11.53886
7342528125.0,-11.54146
7342529062.5,-11.54543
7342530000.0,-11.54974
7342530937.5,-11.55491
7342531875.0,-11.55824
7342532812.5,-11.56226
7342533750.0,-11.56635
7342534687.5,-11.57061
7342535625.0,-11.57435
7342536562.5,-11.57871
7342537500.0,-11.58225
7342538437.5,-11.58679
7342539375.0,-11.58956
7342540312.5,-11.59442
7342541250.0,-11.5996
7342542187.5,-11.60321
7342543125.0,-11.60804
7342544062.5,-11.61162
7342545000.0,-11.61576
7342545937.5,-11.62038
7342546875.0,-11.62408
7342547812.5,-11.62831
7342548750.0,-11.6337
7342549687.5,-11.63712
7342550625.0,-11.64335
7342551562.5,-11.64543
7342552500.0,-11.64981
7342553437.5,-11.65315
7342554375.0,-11.65821
7342555312.5,-11.6628
7342556250.0,-11.66804
7342557187.5,-11.67055
7342558125.0,-11.67509
7342559062.5,-11.6794
7342560000.0,-11.68341
7342560937.5,-11.68798
7342561875.0,-11.69239
7342562812.5,-11.69639
7342563750.0,-11.70066
7342564687.5,-11.70505
7342565625.0,-11.70809
7342566562.5,-11.71277
7342567500.0,-11.71597
7342568437.5,-11.72043
7342569375.0,-11.72641
7342570312.5,-11.73009
7342571250.0,-11.73408
7342572187.5,-11.73896
7342573125.0,-11.74261
7342574062.5,-11.74737
7342575000.0,-11.75091
7342575937.5,-11.75472
7342576875.0,-11.75862
7342577812.5,-11.76332
7342578750.0,-11.7675
7342579687.5,-11.77207
7342580625.0,-11.77732
7342581562.5,-11.78035
7342582500.0,-11.78528
7342583437.5,-11.78893
7342584375.0,-11.79357
7342585312.5,-11.79752
7342586250.0,-11.80229
7342587187.5,-11.80569
7342588125.0,-11.8098
7342589062.5,-11.81416
7342590000.0,-11.81861
7342590937.5,-11.82248
7342591875.0,-11.82577
7342592812.5,-11.83094
7342593750.0,-11.83438
7342594687.5,-11.8389
7342595625.0,-11.84284
7342596562.5,-11.84656
7342597500.0,-11.8507
7342598437.5,-11.85528
7342599375.0,-11.85843
7342600312.5,-11.8628
7342601250.0,-11.86688
7342602187.5,-11.87141
7342603125.0,-11.87461
7342604062.5,-11.87934
7342605000.0,-11.88272
7342605937.5,-11.88746
7342606875.0,-11.8916
7342607812.5,-11.89597
7342608750.0,-11.90049
7342609687.5,-11.90562
7342610625.0,-11.9092
7342611562.5,-11.9144
7342612500.0,-11.91866
7342613437.5,-11.92242
7342614375.0,-11.92765
7342615312.5,-11.93032
7342616250.0,-11.93591
7342617187.5,-11.9399
7342618125.0,-11.94519
7342619062.5,-11.94961
7342620000.0,-11.95242
7342620937.5,-11.95637
7342621875.0,-11.96158
7342622812.5,-11.9649
7342623750.0,-11.96988
7342624687.5,-11.97245
7342625625.0,-11.97721
7342626562.5,-11.98152
7342627500.0,-11.98565
7342628437.5,-11.99034
7342629375.0,-11.9939
7342630312.5,-11.99718
7342631250.0,-12.00191
7342632187.5,-12.00614
7342633125.0,-12.01009
7342634062.5,-12.01557
7342635000.0,-12.01972
7342635937.5,-12.02319
7342636875.0,-12.02772
7342637812.5,-12.0319
7342638750.0,-12.03552
7342639687.5,-12.0405
7342640625.0,-12.04467
7342641562.5,-12.04891
7342642500.0,-12.05356
7342643437.5,-12.05856
7342644375.0,-12.06211
7342645312.5,-12.06578
7342646250.0,-12.06975
7342647187.5,-12.07436
7342648125.0,-12.07693
7342649062.5,-12.08186
7342650000.0,-12.08642
7342650937.5,-12.09159
7342651875.0,-12.09533
7342652812.5,-12.09831
7342653750.0,-12.10312
7342654687.5,-12.10639
7342655625.0,-12.11175
7342656562.5,-12.11665
7342657500.0,-12.12103
7342658437.5,-12.12383
7342659375.0,-12.12789
7342660312.5,-12.13164
7342661250.0,-12.13625
7342662187.5,-12.14075
7342663125.0,-12.14563
7342664062.5,-12.14975
7342665000.0,-12.15338
7342665937.5,-12.15757
7342666875.0,-12.16143
7342667812.5,-12.16668
7342668750.0,-12.1702
7342669687.5,-12.17425
7342670625.0,-12.17907
7342671562.5,-12.18331
7342672500.0,-12.18758
7342673437.5,-12.19275
7342674375.0,-12.19589
7342675312.5,-12.20014
7342676250.0,-12.20526
7342677187.5,-12.20856
7342678125.0,-12.21248
7342679062.5,-12.21766
7342680000.0,-12.22179
7342680937.5,-12.22558
7342681875.0,-12.23078
7342682812.5,-12.23459
7342683750.0,-12.23881
7342684687.5,-12.24299
7342685625.0,-12.24605
7342686562.5,-12.25023
7342687500.0,-12.25498
7342688437.5,-12.25909
7342689375.0,-12.26249
7342690312.5,-12.26722
7342691250.0,-12.27052
7342692187.5,-12.27413
7342693125.0,-12.27771
7342694062.5,-12.28343
7342695000.0,-12.28734
7342695937.5,-12.29184
7342696875.0,-12.29566
7342697812.5,-12.30007
7342698750.0,-12.30409
7342699687.5,-12.3077
7342700625.0,-12.31256
7342701562.5,-12.31701
7342702500.0,-12.32109
7342703437.5,-12.32485
7342704375.0,-12.3283
7342705312.5,-12.33394
7342706250.0,-12.33756
7342707187.5,-12.34227
7342708125.0,-12.34532
7342709062.5,-12.34971
7342710000.0,-12.3544
7342710937.5,-12.35919
7342711875.0,-12.36315
7342712812.5,-12.36755
7342713750.0,-12.37135
7342714687.5,-12.37496
7342715625.0,-12.38019
7342716562.5,-12.38417
7342717500.0,-12.3874
7342718437.5,-12.3928
7342719375.0,-12.39518
7342720312.5,-12.40002
7342721250.0,-12.40488
7342722187.5,-12.40835
7342723125.0,-12.41159
7342724062.5,-12.41753
7342725000.0,-12.42186
7342725937.5,-12.42576
7342726875.0,-12.42937
7342727812.5,-12.43398
7342728750.0,-12.43795
7342729687.5,-12.44283
7342730625.0,-12.44696
7342731562.5,-12.45168
7342732500.0,-12.45646
7342733437.5,-12.45921
7342734375.0,-12.4641
7342735312.5,-12.46752
7342736250.0,-12.47217
7342737187.5,-12.4753
7342738125.0,-12.48015
7342739062.5,-12.48472
7342740000.0,-12.4897
7342740937.5,-12.49378
7342741875.0,-12.49789
7342742812.5,-12.50134
7342743750.0,-12.50612
7342744687.5,-12.50946
7342745625.0,-12.51451
7342746562.5,-12.51931
7342747500.0,-12.52217
7342748437.5,-12.52586
7342749375.0,-12.53036
7342750312.5,-12.53294
7342751250.0,-12.53847
7342752187.5,-12.54185
7342753125.0,-12.5456
7342754062.5,-12.54998
7342755000.0,-12.55373
7342755937.5,-12.5584
7342756875.0,-12.56314
7342757812.5,-12.56643
7342758750.0,-12.57162
7342759687.5,-12.57436
7342760625.0,-12.57879
7342761562.5,-12.58248
7342762500.0,-12.58851
7342763437.5,-12.59196
7342764375.0,-12.59674
7342765312.5,-12.60133
7342766250.0,-12.60495
7342767187.5,-12.60965
7342768125.0,-12.61422
7342769062.5,-12.61817
7342770000.0,-12.62284
7342770937.5,-12.62661
7342771875.0,-12.63172
7342772812.5,-12.63393
7342773750.0,-12.63945
7342774687.5,-12.64328
7342775625.0,-12.64796
7342776562.5,-12.65125
7342777500.0,-12.65646
7342778437.5,-12.66008
7342779375.0,-12.66422
7342780312.5,-12.66747
7342781250.0,-12.67143
7342782187.5,-12.6759
7342783125.0,-12.67962
7342784062.5,-12.68389
7342785000.0,-12.68814
7342785937.5,-12.69178
7342786875.0,-12.69682
7342787812.5,-12.70008
7342788750.0,-12.70555
7342789687.5,-12.71
7342790625.0,-12.71248
7342791562.5,-12.71726
7342792500.0,-12.72143
7342793437.5,-12.72637
7342794375.0,-12.73129
7342795312.5,-12.73569
7342796250.0,-12.73871
7342797187.5,-12.74281
7342798125.0,-12.74597
7342799062.5,-12.75168
7342800000.0,-12.75477
7342800937.5,-12.75917
7342801875.0,-12.7645
7342802812.5,-12.76684
7342803750.0,-12.77149
7342804687.5,-12.77411
7342805625.0,-12.77872
7342806562.5,-12.78315
7342807500.0,-12.78823
7342808437.5,-12.79197
7342809375.0,-12.79513
7342810312.5,-12.79886
7342811250.0,-12.80333
7342812187.5,-12.80748
7342813125.0,-12.81163
7342814062.5,-12.81531
7342815000.0,-12.81911
7342815937.5,-12.82329
7342816875.0,-12.82825
7342817812.5,-12.83121
7342818750.0,-12.83595
7342819687.5,-12.84185
7342820625.0,-12.84447
7342821562.5,-12.84842
7342822500.0,-12.85362
7342823437.5,-12.8576
7342824375.0,-12.86142
7342825312.5,-12.86537
7342826250.0,-12.87037
7342827187.5,-12.87458
7342828125.0,-12.87851
7342829062.5,-12.88317
7342830000.0,-12.88785
7342830937.5,-12.89179
7342831875.0,-12.89552
7342832812.5,-12.90042
7342833750.0,-12.90405
7342834687.5,-12.90861
7342835625.0,-12.91072
7342836562.5,-12.91619
7342837500.0,-12.92116
7342838437.5,-12.92458
7342839375.0,-12.92876
7342840312.5,-12.93294
7342841250.0,-12.93751
7342842187.5,-12.94096
7342843125.0,-12.94568
7342844062.5,-12.94943
7342845000.0,-12.95306
7342845937.5,-12.95681
7342846875.0,-12.96097
7342847812.5,-12.96421
7342848750.0,-12.96953
7342849687.5,-12.97359
7342850625.0,-12.97757
7342851562.5,-12.98116
7342852500.0,-12.9861
7342853437.5,-12.98938
7342854375.0,-12.99458
7342855312.5,-12.99882
7342856250.0,-13.00357
7342857187.5,-13.00573
7342858125.0,-13.01164
7342859062.5,-13.01597
7342860000.0,-13.01872
7342860937.5,-13.02407
7342861875.0,-13.027
7342862812.5,-13.03057
7342863750.0,-13.03456
7342864687.5,-13.04031
7342865625.0,-13.04497
7342866562.5,-13.04787
7342867500.0,-13.05154
7342868437.5,-13.05581
7342869375.0,-13.0613
7342870312.5,-13.06303
7342871250.0,-13.06756
7342872187.5,-13.07244
7342873125.0,-13.07615
7342874062.5,-13.08004
7342875000.0,-13.08363
7342875937.5,-13.08743
7342876875.0,-13.09181
7342877812.5,-13.09732
7342878750.0,-13.09982
7342879687.5,-13.10454
7342880625.0,-13.10933
7342881562.5,-13.11239
7342882500.0,-13.11775
7342883437.5,-13.12107
7342884375.0,-13.12426
7342885312.5,-13.12958
7342886250.0,-13.13401
7342887187.5,-13.13786
7342888125.0,-13.1419
7342889062.5,-13.14637
7342890000.0,-13.15146
7342890937.5,-13.15386
7342891875.0,-13.15859
7342892812.5,-13.16197
7342893750.0,-13.16699
7342894687.5,-13.1702
7342895625.0,-13.17476
7342896562.5,-13.1779
7342897500.0,-13.18315
7342898437.5,-13.18691
7342899375.0,-13.19071
7342900312.5,-13.19393
7342901250.0,-13.19974
7342902187.5,-13.2026
7342903125.0,-13.20643
7342904062.5,-13.20991
7342905000.0,-13.21468
7342905937.5,-13.21592
7342906875.0,-13.22142
7342907812.5,-13.22476
7342908750.0,-13.22988
7342909687.5,-13.23391
7342910625.0,-13.23863
7342911562.5,-13.24224
7342912500.0,-13.24574
7342913437.5,-13.24958
7342914375.0,-13.25408
7342915312.5,-13.25786
7342916250.0,-13.26273
7342917187.5,-13.26729
7342918125.0,-13.27133
7342919062.5,-13.27603
7342920000.0,-13.2798
7342920937.5,-13.28402
7342921875.0,-13.28833
7342922812.5,-13.29324
7342923750.0,-13.2948
7342924687.5,-13.30138
7342925625.0,-13.30501
7342926562.5,-13.30894
7342927500.0,-13.3127
7342928437.5,-13.31662
7342929375.0,-13.32128
7342930312.5,-13.3243
7342931250.0,-13.32851
7342932187.5,-13.33165
7342933125.0,-13.33516
7342934062.5,-13.3411
7342935000.0,-13.34399
7342935937.5,-13.34832
7342936875.0,-13.35271
7342937812.5,-13.35699
7342938750.0,-13.36058
7342939687.5,-13.3652
7342940625.0,-13.36867
7342941562.5,-13.37387
7342942500.0,-13.37752
7342943437.5,-13.38015
7342944375.0,-13.38527
7342945312.5,-13.38923
7342946250.0,-13.39354
7342947187.5,-13.39721
7342948125.0,-13.40051
7342949062.5,-13.40557
7342950000.0,-13.40945
7342950937.5,-13.41381
7342951875.0,-13.4186
7342952812.5,-13.422
7342953750.0,-13.42632
7342954687.5,-13.42918
7342955625.0,-13.43431
7342956562.5,-13.43766
7342957500.0,-13.44169
7342958437.5,-13.44533
7342959375.0,-13.45059
7342960312.5,-13.45262
7342961250.0,-13.45729
7342962187.5,-13.46099
7342963125.0,-13.46466
7342964062.5,-13.46897
7342965000.0,-13.47357
7342965937.5,-13.47741
7342966875.0,-13.48116
7342967812.5,-13.48486
7342968750.0,-13.48829
7342969687.5,-13.49327
7342970625.0,-13.49725
7342971562.5,-13.50033
7342972500.0,-13.50566
7342973437.5,-13.50964
7342974375.0,-13.51216
7342975312.5,-13.51773
7342976250.0,-13.52166
7342977187.5,-13.52615
7342978125.0,-13.53009
7342979062.5,-13.53447
7342980000.0,-13.53812
7342980937.5,-13.54213
7342981875.0,-13.54567
7342982812.5,-13.55083
7342983750.0,-13.55453
7342984687.5,-13.55883
7342985625.0,-13.5628
7342986562.5,-13.56561
7342987500.0,-13.57013
7342988437.5,-13.57442
7342989375.0,-13.57893
7342990312.5,-13.58284
7342991250.0,-13.58628
7342992187.5,-13.59087
7342993125.0,-13.59533
7342994062.5,-13.59851
7342995000.0,-13.60256
7342995937.5,-13.60473
7342996875.0,-13.61057
7342997812.5,-13.61379
7342998750.0,-13.61812
7342999687.5,-13.62175
7343000625.0,-13.62613
7343001562.5,-13.63033
7343002500.0,-13.63412
7343003437.5,-13.63749
7343004375.0,-13.64323
7343005312.5,-13.64524
7343006250.0,-13.64986
7343007187.5,-13.65384
7343008125.0,-13.65787
7343009062.5,-13.66098
7343010000.0,-13.66579
7343010937.5,-13.67076
7343011875.0,-13.67373
7343012812.5,-13.67748
7343013750.0,-13.68131
7343014687.5,-13.68571
7343015625.0,-13.68991
7343016562.5,-13.69409
7343017500.0,-13.69632
7343018437.5,-13.70164
7343019375.0,-13.70529
7343020312.5,-13.70889
7343021250.0,-13.71196
7343022187.5,-13.71729
7343023125.0,-13.72112
7343024062.5,-13.72512
7343025000.0,-13.72923
7343025937.5,-13.73319
7343026875.0,-13.73671
7343027812.5,-13.73994
7343028750.0,-13.74365
7343029687.5,-13.74788
7343030625.0,-13.75123
7343031562.5,-13.75509
7343032500.0,-13.76138
7343033437.5,-13.76512
7343034375.0,-13.76892
7343035312.5,-13.77242
7343036250.0,-13.77551
7343037187.5,-13.77968
7343038125.0,-13.78328
7343039062.5,-13.78751
7343040000.0,-13.79114
7343040937.5,-13.7965
7343041875.0,-13.79973
7343042812.5,-13.80505
7343043750.0,-13.80833
7343044687.5,-13.81195
7343045625.0,-13.81688
7343046562.5,-13.8195
7343047500.0,-13.82456
7343048437.5,-13.82697
7343049375.0,-13.83206
7343050312.5,-13.83626
7343051250.0,-13.83894
7343052187.5,-13.84231
7343053125.0,-13.84809
7343054062.5,-13.85064
7343055000.0,-13.85576
7343055937.5,-13.85968
7343056875.0,-13.86221
7343057812.5,-13.86743
7343058750.0,-13.8705
7343059687.5,-13.87441
7343060625.0,-13.87717
7343061562.5,-13.88155
7343062500.0,-13.88526
7343063437.5,-13.88928
7343064375.0,-13.89255
7343065312.5,-13.89763
7343066250.0,-13.90117
7343067187.5,-13.90542
7343068125.0,-13.91005
7343069062.5,-13.91408
7343070000.0,-13.91814
7343070937.5,-13.92255
7343071875.0,-13.92644
7343072812.5,-13.93096
7343073750.0,-13.93414
7343074687.5,-13.93871
7343075625.0,-13.9418
7343076562.5,-13.94516
7343077500.0,-13.9496
7343078437.5,-13.95332
7343079375.0,-13.95852
7343080312.5,-13.96045
7343081250.0,-13.96603
7343082187.5,-13.97013
7343083125.0,-13.97277
7343084062.5,-13.97717
7343085000.0,-13.9822
7343085937.5,-13.98506
7343086875.0,-13.98856
7343087812.5,-13.99284
7343088750.0,-13.99566
7343089687.5,-14.00054
7343090625.0,-14.00276
7343091562.5,-14.00763
7343092500.0,-14.01125
7343093437.5,-14.01405
7343094375.0,-14.01834
7343095312.5,-14.02218
7343096250.0,-14.02705
7343097187.5,-14.03054
7343098125.0,-14.03494
7343099062.5,-14.03737
7343100000.0,-14.04143
7343100937.5,-14.04573
7343101875.0,-14.0496
7343102812.5,-14.05403
7343103750.0,-14.05924
7343104687.5,-14.06075
7343105625.0,-14.06654
7343106562.5,-14.06987
7343107500.0,-14.07343
7343108437.5,-14.07708
7343109375.0,-14.08184
7343110312.5,-14.08579
7343111250.0,-14.08908
7343112187.5,-14.09326
7343113125.0,-14.09693
7343114062.5,-14.10139
7343115000.0,-14.10507
7343115937.5,-14.10747
7343116875.0,-14.11099
7343117812.5,-14.11533
7343118750.0,-14.11944
7343119687.5,-14.12323
7343120625.0,-14.12643
7343121562.5,-14.13097
7343122500.0,-14.13443
7343123437.5,-14.13784
7343124375.0,-14.14234
7343125312.5,-14.14595
7343126250.0,-14.14999
7343127187.5,-14.15411
7343128125.0,-14.15804
7343129062.5,-14.16294
7343130000.0,-14.16615
7343130937.5,-14.16985
7343131875.0,-14.17472
7343132812.5,-14.17831
7343133750.0,-14.18235
7343134687.5,-14.18668
7343135625.0,-14.1899
7343136562.5,-14.19489
7343137500.0,-14.19798
7343138437.5,-14.20222
7343139375.0,-14.20639
7343140312.5,-14.20847
7343141250.0,-14.21315
7343142187.5,-14.21767
7343143125.0,-14.22015
7343144062.5,-14.22472
7343145000.0,-14.22868
7343145937.5,-14.23139
7343146875.0,-14.235
7343147812.5,-14.23825
7343148750.0,-14.24266
7343149687.5,-14.24707
7343150625.0,-14.24892
7343151562.5,-14.25477
7343152500.0,-14.25798
7343153437.5,-14.26163
7343154375.0,-14.26571
7343155312.5,-14.26889
7343156250.0,-14.27366
7343157187.5,-14.27942
7343158125.0,-14.28027
7343159062.5,-14.28423
7343160000.0,-14.2879
7343160937.5,-14.29301
7343161875.0,-14.29669
7343162812.5,-14.30043
7343163750.0,-14.30395
7343164687.5,-14.30911
7343165625.0,-14.31337
7343166562.5,-14.31497
7343167500.0,-14.31916
7343168437.5,-14.32262
7343169375.0,-14.32742
7343170312.5,-14.33055
7343171250.0,-14.33483
7343172187.5,-14.33855
7343173125.0,-14.34339
7343174062.5,-14.34546
7343175000.0,-14.34928
7343175937.5,-14.35376
7343176875.0,-14.35861
7343177812.5,-14.36133
7343178750.0,-14.36596
7343179687.5,-14.36932
7343180625.0,-14.37328
7343181562.5,-14.37767
7343182500.0,-14.37988
7343183437.5,-14.38306
7343184375.0,-14.38803
7343185312.5,-14.39204
7343186250.0,-14.39492
7343187187.5,-14.40116
7343188125.0,-14.40446
7343189062.5,-14.40746
7343190000.0,-14.41095
7343190937.5,-14.41501
7343191875.0,-14.41842
7343192812.5,-14.42199
7343193750.0,-14.42656
7343194687.5,-14.42971
7343195625.0,-14.43365
7343196562.5,-14.4385
7343197500.0,-14.441
7343198437.5,-14.44505
7343199375.0,-14.45068
7343200312.5,-14.45215
7343201250.0,-14.45637
7343202187.5,-14.45991
7343203125.0,-14.46432
7343204062.5,-14.46853
7343205000.0,-14.4708
7343205937.5,-14.47565
7343206875.0,-14.47897
7343207812.5,-14.48275
7343208750.0,-14.48645
7343209687.5,-14.48923
7343210625.0,-14.49249
7343211562.5,-14.49774
7343212500.0,-14.50172
7343213437.5,-14.50486
7343214375.0,-14.50832
7343215312.5,-14.51196
7343216250.0,-14.51503
7343217187.5,-14.51911
7343218125.0,-14.52197
7343219062.5,-14.52615
7343220000.0,-14.5305
7343220937.5,-14.53491
7343221875.0,-14.54024
7343222812.5,-14.54304
7343223750.0,-14.5459
7343224687.5,-14.54933
7343225625.0,-14.5549
7343226562.5,-14.55801
7343227500.0,-14.56205
7343228437.5,-14.56562
7343229375.0,-14.56929
7343230312.5,-14.57277
7343231250.0,-14.57636
7343232187.5,-14.58177
7343233125.0,-14.58525
7343234062.5,-14.58875
7343235000.0,-14.59271
7343235937.5,-14.59521
7343236875.0,-14.59921
7343237812.5,-14.60136
7343238750.0,-14.60501
7343239687.5,-14.60864
7343240625.0,-14.61316
7343241562.5,-14.61724
7343242500.0,-14.62066
7343243437.5,-14.62436
7343244375.0,-14.62811
7343245312.5,-14.6311
7343246250.0,-14.63579
7343247187.5,-14.63863
7343248125.0,-14.64409
7343249062.5,-14.64685
7343250000.0,-14.65012
7343250937.5,-14.65411
7343251875.0,-14.65801
7343252812.5,-14.6613
7343253750.0,-14.66535
7343254687.5,-14.66947
7343255625.0,-14.67408
7343256562.5,-14.67675
7343257500.0,-14.68143
7343258437.5,-14.68511
7343259375.0,-14.68777
7343260312.5,-14.69083
7343261250.0,-14.69613
7343262187.5,-14.6993
7343263125.0,-14.70268
7343264062.5,-14.70631
7343265000.0,-14.71008
7343265937.5,-14.7145
7343266875.0,-14.71716
7343267812.5,-14.72112
7343268750.0,-14.72636
7343269687.5,-14.72808
7343270625.0,-14.73207
7343271562.5,-14.73608
7343272500.0,-14.74005
7343273437.5,-14.74365
7343274375.0,-14.74683
7343275312.5,-14.75063
7343276250.0,-14.75456
7343277187.5,-14.75935
7343278125.0,-14.76128
7343279062.5,-14.76717
7343280000.0,-14.7698
7343280937.5,-14.77311
7343281875.0,-14.7772
7343282812.5,-14.78072
7343283750.0,-14.78462
7343284687.5,-14.78783
7343285625.0,-14.79309
7343286562.5,-14.79531
7343287500.0,-14.79988
7343288437.5,-14.80426
7343289375.0,-14.80875
7343290312.5,-14.81077
7343291250.0,-14.8144
7343292187.5,-14.81746
7343293125.0,-14.82304
7343294062.5,-14.82622
7343295000.0,-14.82847
7343295937.5,-14.83314
7343296875.0,-14.8358
7343297812.5,-14.83958
7343298750.0,-14.84305
7343299687.5,-14.84643
7343300625.0,-14.8495
7343301562.5,-14.85365
7343302500.0,-14.85728
7343303437.5,-14.86075
7343304375.0,-14.86461
7343305312.5,-14.86845
7343306250.0,-14.87189
7343307187.5,-14.8764
7343308125.0,-14.87897
7343309062.5,-14.88352
7343310000.0,-14.88689
7343310937.5,-14.88969
7343311875.0,-14.89413
7343312812.5,-14.89836
7343313750.0,-14.90181
7343314687.5,-14.90369
7343315625.0,-14.90929
7343316562.5,-14.91338
7343317500.0,-14.91504
7343318437.5,-14.91918
7343319375.0,-14.92253
7343320312.5,-14.92664
7343321250.0,-14.9296
7343322187.5,-14.93431
7343323125.0,-14.9385
7343324062.5,-14.94061
7343325000.0,-14.94555
7343325937.5,-14.9488
7343326875.0,-14.95401
7343327812.5,-14.95679
7343328750.0,-14.95924
7343329687.5,-14.96347
7343330625.0,-14.96642
7343331562.5,-14.96902
7343332500.0,-14.97308
7343333437.5,-14.9778
7343334375.0,-14.98212
7343335312.5,-14.98608
7343336250.0,-14.98762
7343337187.5,-14.99302
7343338125.0,-14.99542
7343339062.5,-14.99814
7343340000.0,-15.00433
7343340937.5,-15.0076
7343341875.0,-15.01093
7343342812.5,-15.01501
7343343750.0,-15.0171
7343344687.5,-15.02078
7343345625.0,-15.02518
7343346562.5,-15.02924
7343347500.0,-15.03234
7343348437.5,-15.037
7343349375.0,-15.03993
7343350312.5,-15.04393
7343351250.0,-15.04731
7343352187.5,-15.05111
7343353125.0,-15.05483
7343354062.5,-15.05661
7343355000.0,-15.06057
7343355937.5,-15.06607
7343356875.0,-15.06802
7343357812.5,-15.07194
7343358750.0,-15.07525
7343359687.5,-15.07863
7343360625.0,-15.08327
7343361562.5,-15.08588
7343362500.0,-15.09059
7343363437.5,-15.09441
7343364375.0,-15.09847
7343365312.5,-15.101
7343366250.0,-15.10464
7343367187.5,-15.10843
7343368125.0,-15.1115
7343369062.5,-15.1153
7343370000.0,-15.11903
7343370937.5,-15.1219
7343371875.0,-15.12505
7343372812.5,-15.13053
7343373750.0,-15.13268
7343374687.5,-15.13618
7343375625.0,-15.14072
7343376562.5,-15.1443
7343377500.0,-15.14764
7343378437.5,-15.15086
7343379375.0,-15.15415
7343380312.5,-15.15814
7343381250.0,-15.16242
7343382187.5,-15.16573
7343383125.0,-15.17005
7343384062.5,-15.17404
7343385000.0,-15.17629
7343385937.5,-15.18028
7343386875.0,-15.18331
7343387812.5,-15.1874
7343388750.0,-15.19048
7343389687.5,-15.19488
7343390625.0,-15.19724
7343391562.5,-15.19989
7343392500.0,-15.20445
7343393437.5,-15.20767
7343394375.0,-15.21119
7343395312.5,-15.21498
7343396250.0,-15.21859
7343397187.5,-15.22241
7343398125.0,-15.225
7343399062.5,-15.23027
7343400000.0,-15.23234
7343400937.5,-15.2367
7343401875.0,-15.23981
7343402812.5,-15.24317
7343403750.0,-15.24888
7343404687.5,-15.25155
7343405625.0,-15.25454
7343406562.5,-15.2584
7343407500.0,-15.26107
7343408437.5,-15.26614
7343409375.0,-15.26965
7343410312.5,-15.27125
7343411250.0,-15.27564
7343412187.5,-15.2803
7343413125.0,-15.28319
7343414062.5,-15.28654
7343415000.0,-15.29027
7343415937.5,-15.29428
7343416875.0,-15.29694
7343417812.5,-15.30035
7343418750.0,-15.30308
7343419687.5,-15.30734
7343420625.0,-15.31106
7343421562.5,-15.31442
7343422500.0,-15.31737
7343423437.5,-15.32006
7343424375.0,-15.32469
7343425312.5,-15.32911
7343426250.0,-15.33027
7343427187.5,-15.33545
7343428125.0,-15.3393
7343429062.5,-15.34299
7343430000.0,-15.34509
7343430937.5,-15.34954
7343431875.0,-15.35395
7343432812.5,-15.35824
7343433750.0,-15.35943
7343434687.5,-15.36316
7343435625.0,-15.36793
7343436562.5,-15.37085
7343437500.0,-15.37358
7343438437.5,-15.37758
7343439375.0,-15.38103
7343440312.5,-15.38457
7343441250.0,-15.38743
7343442187.5,-15.3925
7343443125.0,-15.3958
7343444062.5,-15.3997
7343445000.0,-15.40159
7343445937.5,-15.40539
7343446875.0,-15.40922
7343447812.5,-15.41381
7343448750.0,-15.41688
7343449687.5,-15.42181
7343450625.0,-15.42331
7343451562.5,-15.4269
7343452500.0,-15.43159
7343453437.5,-15.43268
7343454375.0,-15.43786
7343455312.5,-15.4411
7343456250.0,-15.44401
7343457187.5,-15.44657
7343458125.0,-15.45292
7343459062.5,-15.45337
7343460000.0,-15.45798
7343460937.5,-15.46252
7343461875.0,-15.46677
7343462812.5,-15.46836
7343463750.0,-15.47176
7343464687.5,-15.47613
7343465625.0,-15.48007
7343466562.5,-15.4815
7343467500.0,-15.48463
7343468437.5,-15.48897
7343469375.0,-15.49282
7343470312.5,-15.49727
7343471250.0,-15.50096
7343472187.5,-15.50362
7343473125.0,-15.50802
7343474062.5,-15.51071
7343475000.0,-15.51332
7343475937.5,-15.51883
7343476875.0,-15.52118
7343477812.5,-15.52548
7343478750.0,-15.52785
7343479687.5,-15.53042
7343480625.0,-15.53503
7343481562.5,-15.53816
7343482500.0,-15.54143
7343483437.5,-15.54496
7343484375.0,-15.54877
7343485312.5,-15.55085
7343486250.0,-15.55548
7343487187.5,-15.55803
7343488125.0,-15.56257
7343489062.5,-15.56623
7343490000.0,-15.56886
7343490937.5,-15.57333
7343491875.0,-15.57572
7343492812.5,-15.5803
7343493750.0,-15.58411
7343494687.5,-15.58494
7343495625.0,-15.59214
7343496562.5,-15.59462
7343497500.0,-15.59897
7343498437.5,-15.60218
7343499375.0,-15.60316
7343500312.5,-15.60809
7343501250.0,-15.61255
7343502187.5,-15.61631
7343503125.0,-15.61854
7343504062.5,-15.62201
7343505000.0,-15.62658
7343505937.5,-15.62946
7343506875.0,-15.63227
7343507812.5,-15.63463
7343508750.0,-15.63895
7343509687.5,-15.64208
7343510625.0,-15.64579
7343511562.5,-15.648
7343512500.0,-15.65383
7343513437.5,-15.6561
7343514375.0,-15.65982
7343515312.5,-15.66203
7343516250.0,-15.6646
7343517187.5,-15.6686
7343518125.0,-15.67135
7343519062.5,-15.67561
7343520000.0,-15.6781
7343520937.5,-15.68174
7343521875.0,-15.6867
7343522812.5,-15.68869
7343523750.0,-15.69246
7343524687.5,-15.69568
7343525625.0,-15.69941
7343526562.5,-15.7026
7343527500.0,-15.70621
7343528437.5,-15.70982
7343529375.0,-15.71193
7343530312.5,-15.71679
7343531250.0,-15.71931
7343532187.5,-15.72335
7343533125.0,-15.72594
7343534062.5,-15.73124
7343535000.0,-15.73486
7343535937.5,-15.73712
7343536875.0,-15.7405
7343537812.5,-15.74431
7343538750.0,-15.74695
7343539687.5,-15.75195
7343540625.0,-15.75662
7343541562.5,-15.75731
7343542500.0,-15.7616
7343543437.5,-15.76548
7343544375.0,-15.76809
7343545312.5,-15.7704
7343546250.0,-15.77473
7343547187.5,-15.77754
7343548125.0,-15.78083
7343549062.5,-15.78514
7343550000.0,-15.78912
7343550937.5,-15.79197
7343551875.0,-15.79461
7343552812.5,-15.79902
7343553750.0,-15.80301
7343554687.5,-15.80527
7343555625.0,-15.80929
7343556562.5,-15.81386
7343557500.0,-15.81668
7343558437.5,-15.81966
7343559375.0,-15.82398
7343560312.5,-15.82806
7343561250.0,-15.82978
7343562187.5,-15.8332
7343563125.0,-15.83804
7343564062.5,-15.84186
7343565000.0,-15.84508
7343565937.5,-15.84682
7343566875.0,-15.85003
7343567812.5,-15.85406
7343568750.0,-15.85693
7343569687.5,-15.86033
7343570625.0,-15.86347
7343571562.5,-15.86625
7343572500.0,-15.86866
7343573437.5,-15.87274
7343574375.0,-15.87579
7343575312.5,-15.87894
7343576250.0,-15.88245
7343577187.5,-15.88542
7343578125.0,-15.88913
7343579062.5,-15.89397
7343580000.0,-15.89574
7343580937.5,-15.89877
7343581875.0,-15.9027
7343582812.5,-15.90666
7343583750.0,-15.90975
7343584687.5,-15.91158
7343585625.0,-15.91673
7343586562.5,-15.91924
7343587500.0,-15.92436
7343588437.5,-15.92623
7343589375.0,-15.9312
7343590312.5,-15.93421
7343591250.0,-15.93718
7343592187.5,-15.9416
7343593125.0,-15.94386
7343594062.5,-15.94714
7343595000.0,-15.9495
7343595937.5,-15.95415
7343596875.0,-15.95669
7343597812.5,-15.96126
7343598750.0,-15.96432
7343599687.5,-15.96618
7343600625.0,-15.9699
7343601562.5,-15.97305
7343602500.0,-15.97696
7343603437.5,-15.98019
7343604375.0,-15.98284
7343605312.5,-15.98709
7343606250.0,-15.99108
7343607187.5,-15.99319
7343608125.0,-15.99686
7343609062.5,-16.00009
7343610000.0,-16.004
7343610937.5,-16.00688
7343611875.0,-16.00981
7343612812.5,-16.01326
7343613750.0,-16.01642
7343614687.5,-16.02061
7343615625.0,-16.02315
7343616562.5,-16.02693
7343617500.0,-16.03144
7343618437.5,-16.03423
7343619375.0,-16.03765
7343620312.5,-16.04094
7343621250.0,-16.04432
7343622187.5,-16.04676
7343623125.0,-16.05064
7343624062.5,-16.0534
7343625000.0,-16.0568
7343625937.5,-16.06086
7343626875.0,-16.0644
7343627812.5,-16.06762
7343628750.0,-16.0691
7343629687.5,-16.07299
7343630625.0,-16.0768
7343631562.5,-16.0798
7343632500.0,-16.08267
7343633437.5,-16.08743
7343634375.0,-16.08903
7343635312.5,-16.09317
7343636250.0,-16.09505
7343637187.5,-16.10024
7343638125.0,-16.10252
7343639062.5,-16.10567
7343640000.0,-16.10967
7343640937.5,-16.11176
7343641875.0,-16.11585
7343642812.5,-16.11847
7343643750.0,-16.12184
7343644687.5,-16.1254
7343645625.0,-16.12899
7343646562.5,-16.13173
7343647500.0,-16.13616
7343648437.5,-16.13828
7343649375.0,-16.14371
7343650312.5,-16.14627
7343651250.0,-16.1495
7343652187.5,-16.15186
7343653125.0,-16.15531
7343654062.5,-16.15759
7343655000.0,-16.16294
7343655937.5,-16.16342
7343656875.0,-16.16913
7343657812.5,-16.17352
7343658750.0,-16.17798
7343659687.5,-16.17871
7343660625.0,-16.1833
7343661562.5,-16.18612
7343662500.0,-16.18713
7343663437.5,-16.19121
7343664375.0,-16.19621
7343665312.5,-16.19933
7343666250.0,-16.20118
7343667187.5,-16.20478
7343668125.0,-16.20746
7343669062.5,-16.21143
7343670000.0,-16.21389
7343670937.5,-16.21642
7343671875.0,-16.22157
7343672812.5,-16.22444
7343673750.0,-16.2272
7343674687.5,-16.22965
7343675625.0,-16.23279
7343676562.5,-16.23753
7343677500.0,-16.24014
7343678437.5,-16.24301
7343679375.0,-16.24745
7343680312.5,-16.25039
7343681250.0,-16.25306
7343682187.5,-16.2578
7343683125.0,-16.2617
7343684062.5,-16.26354
7343685000.0,-16.26584
7343685937.5,-16.26972
7343686875.0,-16.27138
7343687812.5,-16.27641
7343688750.0,-16.28143
7343689687.5,-16.28401
7343690625.0,-16.28595
7343691562.5,-16.29021
7343692500.0,-16.29158
7343693437.5,-16.29726
7343694375.0,-16.29809
7343695312.5,-16.30156
7343696250.0,-16.30566
7343697187.5,-16.3088
7343698125.0,-16.31171
7343699062.5,-16.31532
7343700000.0,-16.31836
7343700937.5,-16.32014
7343701875.0,-16.32479
7343702812.5,-16.32702
7343703750.0,-16.33253
7343704687.5,-16.33434
7343705625.0,-16.33746
7343706562.5,-16.34174
7343707500.0,-16.34418
7343708437.5,-16.3481
7343709375.0,-16.35088
7343710312.5,-16.35372
7343711250.0,-16.35732
7343712187.5,-16.36067
7343713125.0,-16.36487
7343714062.5,-16.36722
7343715000.0,-16.37104
7343715937.5,-16.37457
7343716875.0,-16.37669
7343717812.5,-16.38002
7343718750.0,-16.3853
7343719687.5,-16.38607
7343720625.0,-16.39096
7343721562.5,-16.39248
7343722500.0,-16.39627
7343723437.5,-16.39744
7343724375.0,-16.40188
7343725312.5,-16.40568
7343726250.0,-16.40795
7343727187.5,-16.41066
7343728125.0,-16.41317
7343729062.5,-16.41742
7343730000.0,-16.41994
7343730937.5,-16.42411
7343731875.0,-16.42683
7343732812.5,-16.42971
7343733750.0,-16.43289
7343734687.5,-16.43673
7343735625.0,-16.43885
7343736562.5,-16.44273
7343737500.0,-16.4451
7343738437.5,-16.44835
7343739375.0,-16.45275
7343740312.5,-16.45654
7343741250.0,-16.4592
7343742187.5,-16.46467
7343743125.0,-16.46659
7343744062.5,-16.46909
7343745000.0,-16.47204
7343745937.5,-16.47581
7343746875.0,-16.47972
7343747812.5,-16.48242
7343748750.0,-16.48475
7343749687.5,-16.48938
7343750625.0,-16.49055
7343751562.5,-16.49254
7343752500.0,-16.49847
7343753437.5,-16.50106
7343754375.0,-16.50424
7343755312.5,-16.50682
7343756250.0,-16.5108
7343757187.5,-16.51298
7343758125.0,-16.51576
7343759062.5,-16.52022
7343760000.0,-16.5228
7343760937.5,-16.52473
7343761875.0,-16.53076
7343762812.5,-16.53385
7343763750.0,-16.53803
7343764687.5,-16.5399
7343765625.0,-16.54193
7343766562.5,-16.54619
7343767500.0,-16.54878
7343768437.5,-16.55096
7343769375.0,-16.55446
7343770312.5,-16.55832
7343771250.0,-16.56116
7343772187.5,-16.56513
7343773125.0,-16.56819
7343774062.5,-16.57187
7343775000.0,-16.57324
7343775937.5,-16.57846
7343776875.0,-16.58089
7343777812.5,-16.58449
7343778750.0,-16.58587
7343779687.5,-16.59014
7343780625.0,-16.59298
7343781562.5,-16.59657
7343782500.0,-16.59826
7343783437.5,-16.60129
7343784375.0,-16.60459
7343785312.5,-16.60807
7343786250.0,-16.61222
7343787187.5,-16.61407
7343788125.0,-16.61961
7343789062.5,-16.6207
7343790000.0,-16.62512
7343790937.5,-16.6272
7343791875.0,-16.62944
7343792812.5,-16.63331
7343793750.0,-16.6357
7343794687.5,-16.6402
7343795625.0,-16.64383
7343796562.5,-16.64677
7343797500.0,-16.64849
7343798437.5,-16.65127
7343799375.0,-16.65544
7343800312.5,-16.65921
7343801250.0,-16.66149
7343802187.5,-16.66568
7343803125.0,-16.66868
7343804062.5,-16.67278
7343805000.0,-16.67558
7343805937.5,-16.67821
7343806875.0,-16.68213
7343807812.5,-16.68337
7343808750.0,-16.6862
7343809687.5,-16.68986
7343810625.0,-16.69508
7343811562.5,-16.69759
7343812500.0,-16.7008
7343813437.5,-16.70336
7343814375.0,-16.70646
7343815312.5,-16.70838
7343816250.0,-16.71201
7343817187.5,-16.71589
7343818125.0,-16.71827
7343819062.5,-16.72129
7343820000.0,-16.72452
7343820937.5,-16.72674
7343821875.0,-16.73147
7343822812.5,-16.73362
7343823750.0,-16.73723
7343824687.5,-16.74103
7343825625.0,-16.74296
7343826562.5,-16.74601
7343827500.0,-16.75034
7343828437.5,-16.75149
7343829375.0,-16.75495
7343830312.5,-16.75727
7343831250.0,-16.76216
7343832187.5,-16.76483
7343833125.0,-16.76803
7343834062.5,-16.77049
7343835000.0,-16.77368
7343835937.5,-16.77709
7343836875.0,-16.78114
7343837812.5,-16.78389
7343838750.0,-16.78605
7343839687.5,-16.78933
7343840625.0,-16.7918
7343841562.5,-16.79622
7343842500.0,-16.79875
7343843437.5,-16.80245
7343844375.0,-16.80549
7343845312.5,-16.80716
7343846250.0,-16.8109
7343847187.5,-16.81283
7343848125.0,-16.817
7343849062.5,-16.81962
7343850000.0,-16.82301
7343850937.5,-16.82644
7343851875.0,-16.8301
7343852812.5,-16.83353
7343853750.0,-16.83599
7343854687.5,-16.83992
7343855625.0,-16.84256
7343856562.5,-16.84481
7343857500.0,-16.84859
7343858437.5,-16.85072
7343859375.0,-16.85337
7343860312.5,-16.85793
7343861250.0,-16.86041
7343862187.5,-16.86424
7343863125.0,-16.86817
7343864062.5,-16.86899
7343865000.0,-16.87264
7343865937.5,-16.87646
7343866875.0,-16.87977
7343867812.5,-16.88279
7343868750.0,-16.88558
7343869687.5,-16.89045
7343870625.0,-16.89189
7343871562.5,-16.89478
7343872500.0,-16.89825
7343873437.5,-16.89998
7343874375.0,-16.9035
7343875312.5,-16.90744
7343876250.0,-16.91109
7343877187.5,-16.91363
7343878125.0,-16.91616
7343879062.5,-16.91848
7343880000.0,-16.92266
7343880937.5,-16.92379
7343881875.0,-16.92718
7343882812.5,-16.9317
7343883750.0,-16.93322
7343884687.5,-16.93609
7343885625.0,-16.93989
7343886562.5,-16.94253
7343887500.0,-16.94547
7343888437.5,-16.94925
7343889375.0,-16.95229
7343890312.5,-16.9556
7343891250.0,-16.95884
7343892187.5,-16.96052
7343893125.0,-16.96423
7343894062.5,-16.96901
7343895000.0,-16.97082
7343895937.5,-16.97437
7343896875.0,-16.97692
7343897812.5,-16.9797
7343898750.0,-16.98343
7343899687.5,-16.98713
7343900625.0,-16.98981
7343901562.5,-16.99255
7343902500.0,-16.99536
7343903437.5,-16.99965
7343904375.0,-17.00147
7343905312.5,-17.0047
7343906250.0,-17.00834
7343907187.5,-17.01203
7343908125.0,-17.01303
7343909062.5,-17.01581
7343910000.0,-17.01816
7343910937.5,-17.02278
7343911875.0,-17.02515
7343912812.5,-17.02773
7343913750.0,-17.03258
7343914687.5,-17.03168
7343915625.0,-17.03617
7343916562.5,-17.04093
7343917500.0,-17.04314
7343918437.5,-17.04571
7343919375.0,-17.0489
7343920312.5,-17.0523
7343921250.0,-17.05606
7343922187.5,-17.0591
7343923125.0,-17.06129
7343924062.5,-17.06482
7343925000.0,-17.06845
7343925937.5,-17.07209
7343926875.0,-17.07498
7343927812.5,-17.07759
7343928750.0,-17.07978
7343929687.5,-17.083
7343930625.0,-17.08603
7343931562.5,-17.08924
7343932500.0,-17.09119
7343933437.5,-17.09499
7343934375.0,-17.09738
7343935312.5,-17.10066
7343936250.0,-17.10232
7343937187.5,-17.10591
7343938125.0,-17.10906
7343939062.5,-17.11141
7343940000.0,-17.11484
7343940937.5,-17.11736
7343941875.0,-17.12028
7343942812.5,-17.12416
7343943750.0,-17.12543
7343944687.5,-17.13004
7343945625.0,-17.13314
7343946562.5,-17.13583
7343947500.0,-17.13881
7343948437.5,-17.14182
7343949375.0,-17.14688
7343950312.5,-17.14908
7343951250.0,-17.15057
7343952187.5,-17.15428
7343953125.0,-17.15767
7343954062.5,-17.16093
7343955000.0,-17.16425
7343955937.5,-17.16647
7343956875.0,-17.17104
7343957812.5,-17.17566
7343958750.0,-17.17498
7343959687.5,-17.1799
7343960625.0,-17.18194
7343961562.5,-17.18435
7343962500.0,-17.1877
7343963437.5,-17.191
7343964375.0,-17.1948
7343965312.5,-17.19672
7343966250.0,-17.19864
7343967187.5,-17.2029
7343968125.0,-17.20513
7343969062.5,-17.20952
7343970000.0,-17.21163
7343970937.5,-17.21579
7343971875.0,-17.21742
7343972812.5,-17.22138
7343973750.0,-17.22373
7343974687.5,-17.22614
7343975625.0,-17.22934
7343976562.5,-17.23292
7343977500.0,-17.23578
7343978437.5,-17.23758
7343979375.0,-17.24138
7343980312.5,-17.24431
7343981250.0,-17.24682
7343982187.5,-17.24983
7343983125.0,-17.25293
7343984062.5,-17.25598
7343985000.0,-17.25806
7343985937.5,-17.26277
7343986875.0,-17.2654
7343987812.5,-17.26806
7343988750.0,-17.27151
7343989687.5,-17.27321
7343990625.0,-17.27719
7343991562.5,-17.27917
7343992500.0,-17.28215
7343993437.5,-17.28564
7343994375.0,-17.28898
7343995312.5,-17.29006
7343996250.0,-17.29461
7343997187.5,-17.29801
7343998125.0,-17.3
7343999062.5,-17.30345
7344000000.0,-17.30632
7344000937.5,-17.30935
7344001875.0,-17.31169
7344002812.5,-17.31437
7344003750.0,-17.31787
7344004687.5,-17.32118
7344005625.0,-17.32239
7344006562.5,-17.327
7344007500.0,-17.33062
7344008437.5,-17.33264
7344009375.0,-17.33357
7344010312.5,-17.33746
7344011250.0,-17.34029
7344012187.5,-17.34469
7344013125.0,-17.34726
7344014062.5,-17.3493
7344015000.0,-17.35096
7344015937.5,-17.35604
7344016875.0,-17.36006
7344017812.5,-17.36072
7344018750.0,-17.36468
7344019687.5,-17.36739
7344020625.0,-17.37123
7344021562.5,-17.37374
7344022500.0,-17.37694
7344023437.5,-17.37906
7344024375.0,-17.38216
7344025312.5,-17.38659
7344026250.0,-17.38792
7344027187.5,-17.39172
7344028125.0,-17.39588
7344029062.5,-17.39856
7344030000.0,-17.40044
7344030937.5,-17.40318
7344031875.0,-17.40528
7344032812.5,-17.40676
7344033750.0,-17.41039
7344034687.5,-17.41556
7344035625.0,-17.418
7344036562.5,-17.41876
7344037500.0,-17.42155
7344038437.5,-17.42522
7344039375.0,-17.42857
7344040312.5,-17.43172
7344041250.0,-17.43353
7344042187.5,-17.43694
7344043125.0,-17.43984
7344044062.5,-17.44201
7344045000.0,-17.44592
7344045937.5,-17.44818
7344046875.0,-17.45075
7344047812.5,-17.4551
7344048750.0,-17.45903
7344049687.5,-17.46089
7344050625.0,-17.46363
7344051562.5,-17.46695
7344052500.0,-17.47089
7344053437.5,-17.47105
7344054375.0,-17.47453
7344055312.5,-17.47834
7344056250.0,-17.48174
7344057187.5,-17.48401
7344058125.0,-17.4871
7344059062.5,-17.48962
7344060000.0,-17.49187
7344060937.5,-17.49532
7344061875.0,-17.49876
7344062812.5,-17.50134
7344063750.0,-17.50345
7344064687.5,-17.50751
7344065625.0,-17.51004
7344066562.5,-17.51181
7344067500.0,-17.51636
7344068437.5,-17.51725
7344069375.0,-17.52195
7344070312.5,-17.52379
7344071250.0,-17.52746
7344072187.5,-17.53151
7344073125.0,-17.53385
7344074062.5,-17.53586
7344075000.0,-17.53784
7344075937.5,-17.54224
7344076875.0,-17.54361
7344077812.5,-17.54677
7344078750.0,-17.55045
7344079687.5,-17.55351
7344080625.0,-17.55654
7344081562.5,-17.55971
7344082500.0,-17.56262
7344083437.5,-17.56578
7344084375.0,-17.56796
7344085312.5,-17.57132
7344086250.0,-17.57454
7344087187.5,-17.57685
7344088125.0,-17.57896
7344089062.5,-17.58236
7344090000.0,-17.58397
7344090937.5,-17.58904
7344091875.0,-17.58954
7344092812.5,-17.59395
7344093750.0,-17.59555
7344094687.5,-17.5985
7344095625.0,-17.60133
7344096562.5,-17.60632
7344097500.0,-17.60759
7344098437.5,-17.61037
7344099375.0,-17.61234
7344100312.5,-17.61396
7344101250.0,-17.61736
7344102187.5,-17.62247
7344103125.0,-17.62507
7344104062.5,-17.62618
7344105000.0,-17.62857
7344105937.5,-17.63127
7344106875.0,-17.63492
7344107812.5,-17.63921
7344108750.0,-17.64125
7344109687.5,-17.64499
7344110625.0,-17.64646
7344111562.5,-17.6495
7344112500.0,-17.65378
7344113437.5,-17.65634
7344114375.0,-17.66001
7344115312.5,-17.6627
7344116250.0,-17.66614
7344117187.5,-17.66763
7344118125.0,-17.67023
7344119062.5,-17.67172
7344120000.0,-17.67679
7344120937.5,-17.67917
7344121875.0,-17.68099
7344122812.5,-17.68342
7344123750.0,-17.68662
7344124687.5,-17.68984
7344125625.0,-17.69084
7344126562.5,-17.69683
7344127500.0,-17.69625
7344128437.5,-17.70122
7344129375.0,-17.70246
7344130312.5,-17.70649
7344131250.0,-17.70865
7344132187.5,-17.7133
7344133125.0,-17.71531
7344134062.5,-17.71732
7344135000.0,-17.72141
7344135937.5,-17.72368
7344136875.0,-17.72726
7344137812.5,-17.73013
7344138750.0,-17.73387
7344139687.5,-17.73535
7344140625.0,-17.73763
7344141562.5,-17.74007
7344142500.0,-17.7429
7344143437.5,-17.74523
7344144375.0,-17.74999
7344145312.5,-17.75192
7344146250.0,-17.75567
7344147187.5,-17.75788
7344148125.0,-17.7609
7344149062.5,-17.76445
7344150000.0,-17.76423
7344150937.5,-17.76733
7344151875.0,-17.77044
7344152812.5,-17.77459
7344153750.0,-17.77615
7344154687.5,-17.77874
7344155625.0,-17.78254
7344156562.5,-17.78585
7344157500.0,-17.78825
7344158437.5,-17.79181
7344159375.0,-17.79262
7344160312.5,-17.79635
7344161250.0,-17.79896
7344162187.5,-17.80235
7344163125.0,-17.80413
7344164062.5,-17.80748
7344165000.0,-17.81179
7344165937.5,-17.81396
7344166875.0,-17.81468
7344167812.5,-17.81943
7344168750.0,-17.82171
7344169687.5,-17.82478
7344170625.0,-17.82856
7344171562.5,-17.83145
7344172500.0,-17.83343
7344173437.5,-17.83702
7344174375.0,-17.83779
7344175312.5,-17.84205
7344176250.0,-17.84685
7344177187.5,-17.84846
7344178125.0,-17.8518
7344179062.5,-17.85458
7344180000.0,-17.85777
7344180937.5,-17.85959
7344181875.0,-17.86103
7344182812.5,-17.86331
7344183750.0,-17.86731
7344184687.5,-17.86831
7344185625.0,-17.87272
7344186562.5,-17.87561
7344187500.0,-17.87495
7344188437.5,-17.88071
7344189375.0,-17.88376
7344190312.5,-17.88639
7344191250.0,-17.8899
7344192187.5,-17.89043
7344193125.0,-17.89626
7344194062.5,-17.89779
7344195000.0,-17.89964
7344195937.5,-17.90386
7344196875.0,-17.90524
7344197812.5,-17.90812
7344198750.0,-17.9108
7344199687.5,-17.91364
7344200625.0,-17.91602
7344201562.5,-17.91881
7344202500.0,-17.92187
7344203437.5,-17.92512
7344204375.0,-17.92772
7344205312.5,-17.9295
7344206250.0,-17.93401
7344207187.5,-17.9369
7344208125.0,-17.9398
7344209062.5,-17.94288
7344210000.0,-17.9456
7344210937.5,-17.94934
7344211875.0,-17.9507
7344212812.5,-17.95408
7344213750.0,-17.9564
7344214687.5,-17.95762
7344215625.0,-17.95918
7344216562.5,-17.96324
7344217500.0,-17.96675
7344218437.5,-17.96771
7344219375.0,-17.97104
7344220312.5,-17.97327
7344221250.0,-17.97583
7344222187.5,-17.97842
7344223125.0,-17.98272
7344224062.5,-17.98668
7344225000.0,-17.98937
7344225937.5,-17.99072
7344226875.0,-17.99393
7344227812.5,-17.99695
7344228750.0,-17.99858
7344229687.5,-18.00292
7344230625.0,-18.00412
7344231562.5,-18.00743
7344232500.0,-18.00975
7344233437.5,-18.01391
7344234375.0,-18.01595
7344235312.5,-18.01863
7344236250.0,-18.0217
7344237187.5,-18.02348
7344238125.0,-18.02824
7344239062.5,-18.02996
7344240000.0,-18.03246
7344240937.5,-18.03485
7344241875.0,-18.03736
7344242812.5,-18.03962
7344243750.0,-18.0419
7344244687.5,-18.04618
7344245625.0,-18.04799
7344246562.5,-18.05017
7344247500.0,-18.05389
7344248437.5,-18.05623
7344249375.0,-18.05699
7344250312.5,-18.06216
7344251250.0,-18.06356
7344252187.5,-18.06748
7344253125.0,-18.06969
7344254062.5,-18.07354
7344255000.0,-18.07565
7344255937.5,-18.07804
7344256875.0,-18.08209
7344257812.5,-18.08368
7344258750.0,-18.08687
7344259687.5,-18.09025
7344260625.0,-18.09249
7344261562.5,-18.09449
7344262500.0,-18.09579
7344263437.5,-18.09956
7344264375.0,-18.10374
7344265312.5,-18.106
7344266250.0,-18.10752
7344267187.5,-18.11156
7344268125.0,-18.11401
7344269062.5,-18.11618
7344270000.0,-18.11905
7344270937.5,-18.12315
7344271875.0,-18.12502
7344272812.5,-18.1269
7344273750.0,-18.131
7344274687.5,-18.13312
7344275625.0,-18.13768
7344276562.5,-18.13623
7344277500.0,-18.13975
7344278437.5,-18.1428
7344279375.0,-18.14652
7344280312.5,-18.15012
7344281250.0,-18.15249
7344282187.5,-18.15472
7344283125.0,-18.15605
7344284062.5,-18.16043
7344285000.0,-18.1633
7344285937.5,-18.16631
7344286875.0,-18.16855
7344287812.5,-18.16967
7344288750.0,-18.17275
7344289687.5,-18.17555
7344290625.0,-18.17727
7344291562.5,-18.18212
7344292500.0,-18.18347
7344293437.5,-18.18652
7344294375.0,-18.18875
7344295312.5,-18.19073
7344296250.0,-18.19343
7344297187.5,-18.1982
7344298125.0,-18.20107
7344299062.5,-18.20436
7344300000.0,-18.20547
7344300937.5,-18.2081
7344301875.0,-18.21064
7344302812.5,-18.21344
7344303750.0,-18.21712
7344304687.5,-18.21824
7344305625.0,-18.22343
7344306562.5,-18.22658
7344307500.0,-18.22686
7344308437.5,-18.23086
7344309375.0,-18.23276
7344310312.5,-18.23436
7344311250.0,-18.23797
7344312187.5,-18.24079
7344313125.0,-18.24334
7344314062.5,-18.24584
7344315000.0,-18.24784
7344315937.5,-18.25005
7344316875.0,-18.2539
7344317812.5,-18.25598
7344318750.0,-18.25815
7344319687.5,-18.26066
7344320625.0,-18.26388
7344321562.5,-18.26689
7344322500.0,-18.26991
7344323437.5,-18.27394
7344324375.0,-18.27483
7344325312.5,-18.27741
7344326250.0,-18.27934
7344327187.5,-18.2831
7344328125.0,-18.28478
7344329062.5,-18.28815
7344330000.0,-18.29156
7344330937.5,-18.29469
7344331875.0,-18.29826
7344332812.5,-18.29908
7344333750.0,-18.30327
7344334687.5,-18.30415
7344335625.0,-18.30778
7344336562.5,-18.30919
7344337500.0,-18.31335
7344338437.5,-18.31476
7344339375.0,-18.31828
7344340312.5,-18.3201
7344341250.0,-18.32439
7344342187.5,-18.32695
7344343125.0,-18.3282
7344344062.5,-18.33082
7344345000.0,-18.33283
7344345937.5,-18.33634
7344346875.0,-18.3364
7344347812.5,-18.34209
7344348750.0,-18.34493
7344349687.5,-18.34607
7344350625.0,-18.34983
7344351562.5,-18.35291
7344352500.0,-18.35545
7344353437.5,-18.35813
7344354375.0,-18.35988
7344355312.5,-18.36372
7344356250.0,-18.36517
7344357187.5,-18.36846
7344358125.0,-18.37162
7344359062.5,-18.37439
7344360000.0,-18.37502
7344360937.5,-18.37913
7344361875.0,-18.38122
7344362812.5,-18.3841
7344363750.0,-18.38731
7344364687.5,-18.38926
7344365625.0,-18.39223
7344366562.5,-18.39454
7344367500.0,-18.39629
7344368437.5,-18.39841
7344369375.0,-18.40191
7344370312.5,-18.40491
7344371250.0,-18.40688
7344372187.5,-18.41028
7344373125.0,-18.41295
7344374062.5,-18.41585
7344375000.0,-18.4187
7344375937.5,-18.42091
7344376875.0,-18.42418
7344377812.5,-18.42594
7344378750.0,-18.42828
7344379687.5,-18.4306
7344380625.0,-18.43376
7344381562.5,-18.43748
7344382500.0,-18.43819
7344383437.5,-18.44216
7344384375.0,-18.44598
7344385312.5,-18.44687
7344386250.0,-18.45075
7344387187.5,-18.45236
7344388125.0,-18.45511
7344389062.5,-18.45823
7344390000.0,-18.4621
7344390937.5,-18.46355
7344391875.0,-18.46571
7344392812.5,-18.46862
7344393750.0,-18.47093
7344394687.5,-18.47418
7344395625.0,-18.47822
7344396562.5,-18.47883
7344397500.0,-18.48157
7344398437.5,-18.48486
7344399375.0,-18.48544
7344400312.5,-18.4893
7344401250.0,-18.49038
7344402187.5,-18.49398
7344403125.0,-18.49765
7344404062.5,-18.49942
7344405000.0,-18.50257
7344405937.5,-18.50367
7344406875.0,-18.50912
7344407812.5,-18.50793
7344408750.0,-18.51143
7344409687.5,-18.51513
7344410625.0,-18.51695
7344411562.5,-18.51952
7344412500.0,-18.52305
7344413437.5,-18.52397
7344414375.0,-18.52914
7344415312.5,-18.52848
7344416250.0,-18.53344
7344417187.5,-18.5358
7344418125.0,-18.53796
7344419062.5,-18.53926
7344420000.0,-18.54358
7344420937.5,-18.54676
7344421875.0,-18.54931
7344422812.5,-18.55133
7344423750.0,-18.55431
7344424687.5,-18.55491
7344425625.0,-18.55821
7344426562.5,-18.56052
7344427500.0,-18.56381
7344428437.5,-18.56663
7344429375.0,-18.56929
7344430312.5,-18.57205
7344431250.0,-18.57438
7344432187.5,-18.57793
7344433125.0,-18.57971
7344434062.5,-18.57904
7344435000.0,-18.58664
7344435937.5,-18.58687
7344436875.0,-18.58846
7344437812.5,-18.59092
7344438750.0,-18.59579
7344439687.5,-18.59907
7344440625.0,-18.5995
7344441562.5,-18.60394
7344442500.0,-18.60489
7344443437.5,-18.60874
7344444375.0,-18.61244
7344445312.5,-18.6136
7344446250.0,-18.61524
7344447187.5,-18.61805
7344448125.0,-18.62165
7344449062.5,-18.62208
7344450000.0,-18.62744
7344450937.5,-18.6286
7344451875.0,-18.63121
7344452812.5,-18.63509
7344453750.0,-18.63521
7344454687.5,-18.63941
7344455625.0,-18.64091
7344456562.5,-18.64399
7344457500.0,-18.64845
7344458437.5,-18.64919
7344459375.0,-18.65173
7344460312.5,-18.65452
7344461250.0,-18.65649
7344462187.5,-18.65859
7344463125.0,-18.66287
7344464062.5,-18.66286
7344465000.0,-18.66739
7344465937.5,-18.66698
7344466875.0,-18.6715
7344467812.5,-18.67345
7344468750.0,-18.67803
7344469687.5,-18.67916
7344470625.0,-18.68267
7344471562.5,-18.68529
7344472500.0,-18.68737
7344473437.5,-18.68901
7344474375.0,-18.69281
7344475312.5,-18.69224
7344476250.0,-18.69762
7344477187.5,-18.69974
7344478125.0,-18.70357
7344479062.5,-18.70824
7344480000.0,-18.70788
7344480937.5,-18.70931
7344481875.0,-18.71488
7344482812.5,-18.71649
7344483750.0,-18.7186
7344484687.5,-18.72164
7344485625.0,-18.72335
7344486562.5,-18.72776
7344487500.0,-18.72845
7344488437.5,-18.73247
7344489375.0,-18.73528
7344490312.5,-18.73556
7344491250.0,-18.73949
7344492187.5,-18.74079
7344493125.0,-18.74326
7344494062.5,-18.74694
7344495000.0,-18.75026
7344495937.5,-18.75261
7344496875.0,-18.75366
7344497812.5,-18.7573
7344498750.0,-18.75846
7344499687.5,-18.76119
7344500625.0,-18.76239
7344501562.5,-18.76771
7344502500.0,-18.76876
7344503437.5,-18.77238
7344504375.0,-18.77463
7344505312.5,-18.77715
7344506250.0,-18.77959
7344507187.5,-18.78067
7344508125.0,-18.78451
7344509062.5,-18.7873
7344510000.0,-18.79035
7344510937.5,-18.79246
7344511875.0,-18.79423
7344512812.5,-18.79832
7344513750.0,-18.79961
7344514687.5,-18.80288
7344515625.0,-18.80426
7344516562.5,-18.80834
7344517500.0,-18.81056
7344518437.5,-18.81382
7344519375.0,-18.81577
7344520312.5,-18.81532
7344521250.0,-18.81894
7344522187.5,-18.8209
7344523125.0,-18.82291
7344524062.5,-18.82713
7344525000.0,-18.83012
7344525937.5,-18.83087
7344526875.0,-18.8343
7344527812.5,-18.83757
7344528750.0,-18.83768
7344529687.5,-18.84262
7344530625.0,-18.84488
7344531562.5,-18.84703
7344532500.0,-18.84975
7344533437.5,-18.853
7344534375.0,-18.85574
7344535312.5,-18.85767
7344536250.0,-18.86099
7344537187.5,-18.86189
7344538125.0,-18.86631
7344539062.5,-18.86745
7344540000.0,-18.86985
7344540937.5,-18.87169
7344541875.0,-18.87393
7344542812.5,-18.87836
7344543750.0,-18.88156
7344544687.5,-18.88365
7344545625.0,-18.88506
7344546562.5,-18.88785
7344547500.0,-18.89222
7344548437.5,-18.89121
7344549375.0,-18.89487
7344550312.5,-18.89744
7344551250.0,-18.90095
7344552187.5,-18.90298
7344553125.0,-18.90298
7344554062.5,-18.90563
7344555000.0,-18.91039
7344555937.5,-18.9109
7344556875.0,-18.91486
7344557812.5,-18.91719
7344558750.0,-18.91937
7344559687.5,-18.92332
7344560625.0,-18.92586
7344561562.5,-18.9282
7344562500.0,-18.93184
7344563437.5,-18.9324
7344564375.0,-18.93422
7344565312.5,-18.93638
7344566250.0,-18.9403
7344567187.5,-18.94321
7344568125.0,-18.94473
7344569062.5,-18.94829
7344570000.0,-18.94885
7344570937.5,-18.95225
7344571875.0,-18.95544
7344572812.5,-18.9583
7344573750.0,-18.95985
7344574687.5,-18.96197
7344575625.0,-18.96636
7344576562.5,-18.9652
7344577500.0,-18.96876
7344578437.5,-18.97232
7344579375.0,-18.97536
7344580312.5,-18.9772
7344581250.0,-18.97907
7344582187.5,-18.98294
7344583125.0,-18.98337
7344584062.5,-18.98676
7344585000.0,-18.98852
7344585937.5,-18.99143
7344586875.0,-18.99375
7344587812.5,-18.99622
7344588750.0,-19.00039
7344589687.5,-19.00272
7344590625.0,-19.00223
7344591562.5,-19.00702
7344592500.0,-19.01082
7344593437.5,-19.01056
7344594375.0,-19.01305
7344595312.5,-19.0173
7344596250.0,-19.01843
7344597187.5,-19.0218
7344598125.0,-19.02438
7344599062.5,-19.02579
7344600000.0,-19.02826
7344600937.5,-19.03058
7344601875.0,-19.03419
7344602812.5,-19.03427
7344603750.0,-19.03829
7344604687.5,-19.04196
7344605625.0,-19.04387
7344606562.5,-19.04382
7344607500.0,-19.04951
7344608437.5,-19.04964
7344609375.0,-19.05452
7344610312.5,-19.05614
7344611250.0,-19.05854
7344612187.5,-19.06129
7344613125.0,-19.06224
7344614062.5,-19.06597
7344615000.0,-19.06764
7344615937.5,-19.07054
7344616875.0,-19.07226
7344617812.5,-19.07497
7344618750.0,-19.07775
7344619687.5,-19.07958
7344620625.0,-19.08287
7344621562.5,-19.0863
7344622500.0,-19.08835
7344623437.5,-19.09033
7344624375.0,-19.09247
7344625312.5,-19.0932
7344626250.0,-19.0978
7344627187.5,-19.10064
7344628125.0,-19.10323
7344629062.5,-19.10615
7344630000.0,-19.10803
7344630937.5,-19.10965
7344631875.0,-19.1117
7344632812.5,-19.11565
7344633750.0,-19.11736
7344634687.5,-19.1195
7344635625.0,-19.12356
7344636562.5,-19.12529
7344637500.0,-19.12715
7344638437.5,-19.12738
7344639375.0,-19.13333
7344640312.5,-19.13532
7344641250.0,-19.13651
7344642187.5,-19.13812
7344643125.0,-19.14141
7344644062.5,-19.14179
7344645000.0,-19.14479
7344645937.5,-19.14993
7344646875.0,-19.1499
7344647812.5,-19.151
7344648750.0,-19.15562
7344649687.5,-19.15815
7344650625.0,-19.16088
7344651562.5,-19.16359
7344652500.0,-19.16528
7344653437.5,-19.168
7344654375.0,-19.17156
7344655312.5,-19.17275
7344656250.0,-19.17575
7344657187.5,-19.17675
7344658125.0,-19.18139
7344659062.5,-19.18247
7344660000.0,-19.18494
7344660937.5,-19.18793
7344661875.0,-19.19067
7344662812.5,-19.19391
7344663750.0,-19.19538
7344664687.5,-19.19769
7344665625.0,-19.20104
7344666562.5,-19.2021
7344667500.0,-19.20436
7344668437.5,-19.20596
7344669375.0,-19.20946
7344670312.5,-19.21188
7344671250.0,-19.21355
7344672187.5,-19.21784
7344673125.0,-19.22131
7344674062.5,-19.22281
7344675000.0,-19.22481
7344675937.5,-19.2249
7344676875.0,-19.22896
7344677812.5,-19.23142
7344678750.0,-19.23352
7344679687.5,-19.23746
7344680625.0,-19.23746
7344681562.5,-19.24153
7344682500.0,-19.24469
7344683437.5,-19.24703
7344684375.0,-19.24736
7344685312.5,-19.24949
7344686250.0,-19.25226
7344687187.5,-19.2558
7344688125.0,-19.25691
7344689062.5,-19.26039
7344690000.0,-19.26229
7344690937.5,-19.26492
7344691875.0,-19.26777
7344692812.5,-19.26959
7344693750.0,-19.27129
7344694687.5,-19.27442
7344695625.0,-19.27584
7344696562.5,-19.28085
7344697500.0,-19.28127
7344698437.5,-19.28522
7344699375.0,-19.28633
7344700312.5,-19.28855
7344701250.0,-19.29126
7344702187.5,-19.29405
7344703125.0,-19.29766
7344704062.5,-19.29862
7344705000.0,-19.30191
7344705937.5,-19.30305
7344706875.0,-19.30527
7344707812.5,-19.30902
7344708750.0,-19.31159
7344709687.5,-19.31252
7344710625.0,-19.31393
7344711562.5,-19.3174
7344712500.0,-19.3184
7344713437.5,-19.32048
7344714375.0,-19.32408
7344715312.5,-19.32728
7344716250.0,-19.32786
7344717187.5,-19.33108
7344718125.0,-19.3353
7344719062.5,-19.33626
7344720000.0,-19.33864
7344720937.5,-19.3408
7344721875.0,-19.34483
7344722812.5,-19.34748
7344723750.0,-19.34992
7344724687.5,-19.35373
7344725625.0,-19.35417
7344726562.5,-19.35448
7344727500.0,-19.35978
7344728437.5,-19.36069
7344729375.0,-19.36267
7344730312.5,-19.36709
7344731250.0,-19.36936
7344732187.5,-19.36926
7344733125.0,-19.37281
7344734062.5,-19.37525
7344735000.0,-19.37814
7344735937.5,-19.37963
7344736875.0,-19.38163
7344737812.5,-19.38272
7344738750.0,-19.38778
7344739687.5,-19.38745
7344740625.0,-19.39031
7344741562.5,-19.39238
7344742500.0,-19.396
7344743437.5,-19.39658
7344744375.0,-19.39887
7344745312.5,-19.40303
7344746250.0,-19.40546
7344747187.5,-19.40811
7344748125.0,-19.40869
7344749062.5,-19.41089
7344750000.0,-19.41557
7344750937.5,-19.41666
7344751875.0,-19.41912
7344752812.5,-19.42327
7344753750.0,-19.42579
7344754687.5,-19.42775
7344755625.0,-19.42875
7344756562.5,-19.43226
7344757500.0,-19.43449
7344758437.5,-19.43749
7344759375.0,-19.44055
7344760312.5,-19.4417
7344761250.0,-19.44461
7344762187.5,-19.44699
7344763125.0,-19.44666
7344764062.5,-19.45127
7344765000.0,-19.45296
7344765937.5,-19.45676
7344766875.0,-19.45729
7344767812.5,-19.46145
7344768750.0,-19.4614
7344769687.5,-19.46296
7344770625.0,-19.46691
7344771562.5,-19.46898
7344772500.0,-19.47165
7344773437.5,-19.4725
7344774375.0,-19.47577
7344775312.5,-19.47727
7344776250.0,-19.4809
7344777187.5,-19.48154
7344778125.0,-19.48642
7344779062.5,-19.48831
7344780000.0,-19.49112
7344780937.5,-19.49264
7344781875.0,-19.49671
7344782812.5,-19.49882
7344783750.0,-19.49994
7344784687.5,-19.5038
7344785625.0,-19.50505
7344786562.5,-19.50742
7344787500.0,-19.50981
7344788437.5,-19.51143
7344789375.0,-19.51637
7344790312.5,-19.5159
7344791250.0,-19.51942
7344792187.5,-19.52088
7344793125.0,-19.52563
7344794062.5,-19.52819
7344795000.0,-19.52872
7344795937.5,-19.53037
7344796875.0,-19.53356
7344797812.5,-19.53561
7344798750.0,-19.53738
7344799687.5,-19.53875
7344800625.0,-19.54138
7344801562.5,-19.54585
7344802500.0,-19.54712
7344803437.5,-19.54884
7344804375.0,-19.55037
7344805312.5,-19.55354
7344806250.0,-19.55595
7344807187.5,-19.55951
7344808125.0,-19.56003
7344809062.5,-19.56142
7344810000.0,-19.56615
7344810937.5,-19.56774
7344811875.0,-19.57103
7344812812.5,-19.57274
7344813750.0,-19.57604
7344814687.5,-19.57695
7344815625.0,-19.57747
7344816562.5,-19.58254
7344817500.0,-19.58341
7344818437.5,-19.58465
7344819375.0,-19.58868
7344820312.5,-19.59084
7344821250.0,-19.59572
7344822187.5,-19.59522
7344823125.0,-19.59738
7344824062.5,-19.59968
7344825000.0,-19.59992
7344825937.5,-19.60225
7344826875.0,-19.60606
7344827812.5,-19.60951
7344828750.0,-19.61044
7344829687.5,-19.61368
7344830625.0,-19.61567
7344831562.5,-19.61875
7344832500.0,-19.62082
7344833437.5,-19.62376
7344834375.0,-19.62502
7344835312.5,-19.62777
7344836250.0,-19.62942
7344837187.5,-19.63301
7344838125.0,-19.63367
7344839062.5,-19.63863
7344840000.0,-19.63969
7344840937.5,-19.64228
7344841875.0,-19.64513
7344842812.5,-19.64758
7344843750.0,-19.64953
7344844687.5,-19.64967
7344845625.0,-19.65355
7344846562.5,-19.65495
7344847500.0,-19.65752
7344848437.5,-19.66079
7344849375.0,-19.66248
7344850312.5,-19.66652
7344851250.0,-19.66809
7344852187.5,-19.66998
7344853125.0,-19.66962
7344854062.5,-19.67438
7344855000.0,-19.67619
7344855937.5,-19.67957
7344856875.0,-19.68087
7344857812.5,-19.68246
7344858750.0,-19.6846
7344859687.5,-19.68893
7344860625.0,-19.6903
7344861562.5,-19.69119
7344862500.0,-19.69515
7344863437.5,-19.6958
7344864375.0,-19.69893
7344865312.5,-19.7027
7344866250.0,-19.70307
7344867187.5,-19.7053
7344868125.0,-19.70914
7344869062.5,-19.71005
7344870000.0,-19.71284
7344870937.5,-19.7138
7344871875.0,-19.71761
7344872812.5,-19.71974
7344873750.0,-19.72149
7344874687.5,-19.72361
7344875625.0,-19.72626
7344876562.5,-19.7278
7344877500.0,-19.73131
7344878437.5,-19.73339
7344879375.0,-19.73626
7344880312.5,-19.73705
7344881250.0,-19.74002
7344882187.5,-19.74154
7344883125.0,-19.74434
7344884062.5,-19.74586
7344885000.0,-19.74956
7344885937.5,-19.75088
7344886875.0,-19.75384
7344887812.5,-19.75447
7344888750.0,-19.75858
7344889687.5,-19.76073
7344890625.0,-19.76252
7344891562.5,-19.76574
7344892500.0,-19.76888
7344893437.5,-19.76934
7344894375.0,-19.77464
7344895312.5,-19.7744
7344896250.0,-19.77538
7344897187.5,-19.77899
7344898125.0,-19.78146
7344899062.5,-19.78327
7344900000.0,-19.78623
7344900937.5,-19.78835
7344901875.0,-19.79211
7344902812.5,-19.79389
7344903750.0,-19.79581
7344904687.5,-19.79717
7344905625.0,-19.799
7344906562.5,-19.80226
7344907500.0,-19.80573
7344908437.5,-19.80615
7344909375.0,-19.80917
7344910312.5,-19.81299
7344911250.0,-19.81098
7344912187.5,-19.81754
7344913125.0,-19.81789
7344914062.5,-19.82225
7344915000.0,-19.82266
7344915937.5,-19.82458
7344916875.0,-19.82606
7344917812.5,-19.82966
7344918750.0,-19.82969
7344919687.5,-19.83221
7344920625.0,-19.83598
7344921562.5,-19.83858
7344922500.0,-19.84009
7344923437.5,-19.84139
7344924375.0,-19.84363
7344925312.5,-19.84852
7344926250.0,-19.84891
7344927187.5,-19.85117
7344928125.0,-19.85249
7344929062.5,-19.85396
7344930000.0,-19.85552
7344930937.5,-19.85887
7344931875.0,-19.86327
7344932812.5,-19.86409
7344933750.0,-19.86837
7344934687.5,-19.87085
7344935625.0,-19.87168
7344936562.5,-19.87265
7344937500.0,-19.87749
7344938437.5,-19.87963
7344939375.0,-19.88026
7344940312.5,-19.88305
7344941250.0,-19.88453
7344942187.5,-19.88943
7344943125.0,-19.89067
7344944062.5,-19.89376
7344945000.0,-19.89626
7344945937.5,-19.89705
7344946875.0,-19.89862
7344947812.5,-19.90042
7344948750.0,-19.90349
7344949687.5,-19.9061
7344950625.0,-19.90834
7344951562.5,-19.90955
7344952500.0,-19.9112
7344953437.5,-19.91476
7344954375.0,-19.91499
7344955312.5,-19.91704
7344956250.0,-19.91913
7344957187.5,-19.92416
7344958125.0,-19.92628
7344959062.5,-19.92642
7344960000.0,-19.92972
7344960937.5,-19.93297
7344961875.0,-19.93307
7344962812.5,-19.93708
7344963750.0,-19.93771
7344964687.5,-19.94031
7344965625.0,-19.94259
7344966562.5,-19.94467
7344967500.0,-19.94902
7344968437.5,-19.94965
7344969375.0,-19.95189
7344970312.5,-19.95561
7344971250.0,-19.95669
7344972187.5,-19.95892
7344973125.0,-19.96292
7344974062.5,-19.96289
7344975000.0,-19.96586
7344975937.5,-19.96828
7344976875.0,-19.96937
7344977812.5,-19.97352
7344978750.0,-19.97393
7344979687.5,-19.97596
7344980625.0,-19.97842
7344981562.5,-19.98053
7344982500.0,-19.9824
7344983437.5,-19.98343
7344984375.0,-19.98785
7344985312.5,-19.9887
7344986250.0,-19.99259
7344987187.5,-19.99487
7344988125.0,-19.99613
7344989062.5,-20.00126
7344990000.0,-20.00204
7344990937.5,-20.00469
7344991875.0,-20.00563
7344992812.5,-20.00882
7344993750.0,-20.00941
7344994687.5,-20.01258
7344995625.0,-20.01483
7344996562.5,-20.01773
7344997500.0,-20.02113
7344998437.5,-20.0244
7344999375.0,-20.02418
7345000312.5,-20.02688
7345001250.0,-20.02806
7345002187.5,-20.02976
7345003125.0,-20.03262
7345004062.5,-20.0348
7345005000.0,-20.03956
7345005937.5,-20.03895
7345006875.0,-20.04266
7345007812.5,-20.04425
7345008750.0,-20.04694
7345009687.5,-20.0489
7345010625.0,-20.04893
7345011562.5,-20.05046
7345012500.0,-20.05365
7345013437.5,-20.05732
7345014375.0,-20.05922
7345015312.5,-20.06018
7345016250.0,-20.06288
7345017187.5,-20.06437
7345018125.0,-20.06718
7345019062.5,-20.07016
7345020000.0,-20.0737
7345020937.5,-20.07323
7345021875.0,-20.07538
7345022812.5,-20.07988
7345023750.0,-20.07855
7345024687.5,-20.08292
7345025625.0,-20.08548
7345026562.5,-20.08938
7345027500.0,-20.09128
7345028437.5,-20.09236
7345029375.0,-20.09258
7345030312.5,-20.09415
7345031250.0,-20.09754
7345032187.5,-20.10097
7345033125.0,-20.10173
7345034062.5,-20.10478
7345035000.0,-20.10561
7345035937.5,-20.11086
7345036875.0,-20.11177
7345037812.5,-20.11313
7345038750.0,-20.11755
7345039687.5,-20.11817
7345040625.0,-20.1219
7345041562.5,-20.12304
7345042500.0,-20.12531
7345043437.5,-20.12707
7345044375.0,-20.12814
7345045312.5,-20.13083
7345046250.0,-20.13105
7345047187.5,-20.13647
7345048125.0,-20.13848
7345049062.5,-20.13942
7345050000.0,-20.14316
7345050937.5,-20.14573
7345051875.0,-20.14811
7345052812.5,-20.1488
7345053750.0,-20.14847
7345054687.5,-20.15309
7345055625.0,-20.15555
7345056562.5,-20.15768
7345057500.0,-20.15924
7345058437.5,-20.16129
7345059375.0,-20.16585
7345060312.5,-20.16628
7345061250.0,-20.16705
7345062187.5,-20.17078
7345063125.0,-20.17463
7345064062.5,-20.17617
7345065000.0,-20.17727
7345065937.5,-20.17842
7345066875.0,-20.18332
7345067812.5,-20.18372
7345068750.0,-20.18557
7345069687.5,-20.18761
7345070625.0,-20.19137
7345071562.5,-20.19224
7345072500.0,-20.19126
7345073437.5,-20.1953
7345074375.0,-20.19987
7345075312.5,-20.20123
7345076250.0,-20.20263
7345077187.5,-20.2049
7345078125.0,-20.20747
7345079062.5,-20.20882
7345080000.0,-20.21157
7345080937.5,-20.21372
7345081875.0,-20.21531
7345082812.5,-20.21806
7345083750.0,-20.21877
7345084687.5,-20.22133
7345085625.0,-20.22404
7345086562.5,-20.22677
7345087500.0,-20.23116
7345088437.5,-20.22883
7345089375.0,-20.23267
7345090312.5,-20.23707
7345091250.0,-20.23832
7345092187.5,-20.24002
7345093125.0,-20.24257
7345094062.5,-20.24372
7345095000.0,-20.248
7345095937.5,-20.2491
7345096875.0,-20.25019
7345097812.5,-20.25574
7345098750.0,-20.25529
7345099687.5,-20.25791
7345100625.0,-20.2579
7345101562.5,-20.26121
7345102500.0,-20.26575
7345103437.5,-20.2659
7345104375.0,-20.26702
7345105312.5,-20.26786
7345106250.0,-20.27315
7345107187.5,-20.27461
7345108125.0,-20.27494
7345109062.5,-20.27942
7345110000.0,-20.28054
7345110937.5,-20.28331
7345111875.0,-20.2854
7345112812.5,-20.28818
7345113750.0,-20.29062
7345114687.5,-20.29197
7345115625.0,-20.29345
7345116562.5,-20.29692
7345117500.0,-20.2964
7345118437.5,-20.30014
7345119375.0,-20.30142
7345120312.5,-20.30487
7345121250.0,-20.30497
7345122187.5,-20.30808
7345123125.0,-20.31042
7345124062.5,-20.31589
7345125000.0,-20.31743
7345125937.5,-20.31887
7345126875.0,-20.32129
7345127812.5,-20.31905
7345128750.0,-20.32391
7345129687.5,-20.32625
7345130625.0,-20.32848
7345131562.5,-20.32869
7345132500.0,-20.33126
7345133437.5,-20.3358
7345134375.0,-20.33626
7345135312.5,-20.33802
7345136250.0,-20.34284
7345137187.5,-20.3417
7345138125.0,-20.34517
7345139062.5,-20.34694
7345140000.0,-20.34758
7345140937.5,-20.3504
7345141875.0,-20.35329
7345142812.5,-20.35674
7345143750.0,-20.35831
7345144687.5,-20.36115
7345145625.0,-20.36259
7345146562.5,-20.36193
7345147500.0,-20.36606
7345148437.5,-20.36929
7345149375.0,-20.36846
7345150312.5,-20.37346
7345151250.0,-20.37639
7345152187.5,-20.37887
7345153125.0,-20.3807
7345154062.5,-20.38232
7345155000.0,-20.38342
7345155937.5,-20.38739
7345156875.0,-20.39022
7345157812.5,-20.39052
7345158750.0,-20.3923
7345159687.5,-20.39539
7345160625.0,-20.39624
7345161562.5,-20.39788
7345162500.0,-20.39794
7345163437.5,-20.40269
7345164375.0,-20.40583
7345165312.5,-20.4047
7345166250.0,-20.41096
7345167187.5,-20.41203
7345168125.0,-20.41064
7345169062.5,-20.41367
7345170000.0,-20.41826
7345170937.5,-20.42026
7345171875.0,-20.42326
7345172812.5,-20.42159
7345173750.0,-20.4236
7345174687.5,-20.42842
7345175625.0,-20.42957
7345176562.5,-20.43048
7345177500.0,-20.43446
7345178437.5,-20.43882
7345179375.0,-20.43951
7345180312.5,-20.44021
7345181250.0,-20.44352
7345182187.5,-20.44409
7345183125.0,-20.44794
7345184062.5,-20.44827
7345185000.0,-20.45084
7345185937.5,-20.45023
7345186875.0,-20.4567
7345187812.5,-20.45766
7345188750.0,-20.46239
7345189687.5,-20.46377
7345190625.0,-20.46591
7345191562.5,-20.46445
7345192500.0,-20.46728
7345193437.5,-20.46878
7345194375.0,-20.47158
7345195312.5,-20.47513
7345196250.0,-20.47786
7345197187.5,-20.47869
7345198125.0,-20.48056
7345199062.5,-20.48486
7345200000.0,-20.4826
7345200937.5,-20.48709
7345201875.0,-20.48991
7345202812.5,-20.4915
7345203750.0,-20.49534
7345204687.5,-20.49458
7345205625.0,-20.49938
7345206562.5,-20.50093
7345207500.0,-20.50274
7345208437.5,-20.50705
7345209375.0,-20.50669
7345210312.5,-20.50996
7345211250.0,-20.51117
7345212187.5,-20.51402
7345213125.0,-20.51364
7345214062.5,-20.51863
7345215000.0,-20.51968
7345215937.5,-20.52034
7345216875.0,-20.52143
7345217812.5,-20.52576
7345218750.0,-20.52698
7345219687.5,-20.52936
7345220625.0,-20.53226
7345221562.5,-20.53213
7345222500.0,-20.53463
7345223437.5,-20.53568
7345224375.0,-20.54034
7345225312.5,-20.54164
7345226250.0,-20.54525
7345227187.5,-20.54422
7345228125.0,-20.54839
7345229062.5,-20.54947
7345230000.0,-20.55217
7345230937.5,-20.55467
7345231875.0,-20.55548
7345232812.5,-20.55644
7345233750.0,-20.56122
7345234687.5,-20.56239
7345235625.0,-20.565
7345236562.5,-20.56617
7345237500.0,-20.56815
7345238437.5,-20.57235
7345239375.0,-20.57168
7345240312.5,-20.57531
7345241250.0,-20.57653
7345242187.5,-20.57873
7345243125.0,-20.58407
7345244062.5,-20.58449
7345245000.0,-20.58656
7345245937.5,-20.58694
7345246875.0,-20.5902
7345247812.5,-20.58991
7345248750.0,-20.59472
7345249687.5,-20.59612
7345250625.0,-20.59731
7345251562.5,-20.60011
7345252500.0,-20.60191
7345253437.5,-20.60482
7345254375.0,-20.6077
7345255312.5,-20.60733
7345256250.0,-20.61036
7345257187.5,-20.61345
7345258125.0,-20.61594
7345259062.5,-20.61602
7345260000.0,-20.61903
7345260937.5,-20.61907
7345261875.0,-20.62376
7345262812.5,-20.62481
7345263750.0,-20.62553
7345264687.5,-20.62894
7345265625.0,-20.63192
7345266562.5,-20.6336
7345267500.0,-20.63507
7345268437.5,-20.63649
7345269375.0,-20.63991
7345270312.5,-20.64127
7345271250.0,-20.64363
7345272187.5,-20.64634
7345273125.0,-20.6481
7345274062.5,-20.65055
7345275000.0,-20.6519
7345275937.5,-20.65417
7345276875.0,-20.65631
7345277812.5,-20.65793
7345278750.0,-20.65836
7345279687.5,-20.66277
7345280625.0,-20.66244
7345281562.5,-20.66787
7345282500.0,-20.6676
7345283437.5,-20.6704
7345284375.0,-20.67204
7345285312.5,-20.67514
7345286250.0,-20.67765
7345287187.5,-20.67538
7345288125.0,-20.67826
7345289062.5,-20.68272
7345290000.0,-20.68518
7345290937.5,-20.68512
7345291875.0,-20.68909
7345292812.5,-20.69042
7345293750.0,-20.69527
7345294687.5,-20.69504
7345295625.0,-20.69609
7345296562.5,-20.69921
7345297500.0,-20.70001
7345298437.5,-20.70377
7345299375.0,-20.70459
7345300312.5,-20.70597
7345301250.0,-20.71
7345302187.5,-20.71103
7345303125.0,-20.71262
7345304062.5,-20.7161
7345305000.0,-20.71595
7345305937.5,-20.7205
7345306875.0,-20.72175
7345307812.5,-20.72376
7345308750.0,-20.72536
7345309687.5,-20.72544
7345310625.0,-20.72923
7345311562.5,-20.73153
7345312500.0,-20.73287
7345313437.5,-20.7376
7345314375.0,-20.73564
7345315312.5,-20.74005
7345316250.0,-20.74496
7345317187.5,-20.74315
7345318125.0,-20.7459
7345319062.5,-20.74796
7345320000.0,-20.75094
7345320937.5,-20.75153
7345321875.0,-20.75664
7345322812.5,-20.75742
7345323750.0,-20.75662
7345324687.5,-20.75995
7345325625.0,-20.76181
7345326562.5,-20.76486
7345327500.0,-20.76551
7345328437.5,-20.76771
7345329375.0,-20.76752
7345330312.5,-20.77163
7345331250.0,-20.77551
7345332187.5,-20.77593
7345333125.0,-20.77865
7345334062.5,-20.78135
7345335000.0,-20.78347
7345335937.5,-20.78558
7345336875.0,-20.78632
7345337812.5,-20.78749
7345338750.0,-20.79346
7345339687.5,-20.79177
7345340625.0,-20.79457
7345341562.5,-20.79989
7345342500.0,-20.79918
7345343437.5,-20.79939
7345344375.0,-20.80299
7345345312.5,-20.80503
7345346250.0,-20.80741
7345347187.5,-20.8084
7345348125.0,-20.81287
7345349062.5,-20.81416
7345350000.0,-20.81537
7345350937.5,-20.81549
7345351875.0,-20.81938
7345352812.5,-20.82192
7345353750.0,-20.82416
7345354687.5,-20.82407
7345355625.0,-20.8295
7345356562.5,-20.82933
7345357500.0,-20.83107
7345358437.5,-20.83206
7345359375.0,-20.83474
7345360312.5,-20.83587
7345361250.0,-20.84071
7345362187.5,-20.84257
7345363125.0,-20.84391
7345364062.5,-20.84711
7345365000.0,-20.84663
7345365937.5,-20.85108
7345366875.0,-20.85234
7345367812.5,-20.85374
7345368750.0,-20.85645
7345369687.5,-20.85586
7345370625.0,-20.86152
7345371562.5,-20.8618
7345372500.0,-20.86147
7345373437.5,-20.86746
7345374375.0,-20.86739
7345375312.5,-20.86834
7345376250.0,-20.87437
7345377187.5,-20.87344
7345378125.0,-20.87555
7345379062.5,-20.87921
7345380000.0,-20.87969
7345380937.5,-20.88016
7345381875.0,-20.88433
7345382812.5,-20.88688
7345383750.0,-20.8881
7345384687.5,-20.89043
7345385625.0,-20.89162
7345386562.5,-20.8959
7345387500.0,-20.89469
7345388437.5,-20.89634
7345389375.0,-20.8978
7345390312.5,-20.90125
7345391250.0,-20.90323
7345392187.5,-20.90415
7345393125.0,-20.90795
7345394062.5,-20.90901
7345395000.0,-20.9113
7345395937.5,-20.9138
7345396875.0,-20.91448
7345397812.5,-20.91843
7345398750.0,-20.92097
7345399687.5,-20.92199
7345400625.0,-20.92235
7345401562.5,-20.92825
7345402500.0,-20.92963
7345403437.5,-20.93223
7345404375.0,-20.9348
7345405312.5,-20.93597
7345406250.0,-20.93525
7345407187.5,-20.93678
7345408125.0,-20.93989
7345409062.5,-20.94229
7345410000.0,-20.94434
7345410937.5,-20.94512
7345411875.0,-20.94678
7345412812.5,-20.95118
7345413750.0,-20.94977
7345414687.5,-20.95475
7345415625.0,-20.95642
7345416562.5,-20.95763
7345417500.0,-20.9606
7345418437.5,-20.9633
7345419375.0,-20.96595
7345420312.5,-20.96698
7345421250.0,-20.96715
7345422187.5,-20.97064
7345423125.0,-20.97311
7345424062.5,-20.97713
7345425000.0,-20.9769
7345425937.5,-20.98012
7345426875.0,-20.98002
7345427812.5,-20.98362
7345428750.0,-20.98412
7345429687.5,-20.98699
7345430625.0,-20.99034
7345431562.5,-20.98739
7345432500.0,-20.99011
7345433437.5,-20.99355
7345434375.0,-20.99678
7345435312.5,-20.99946
7345436250.0,-20.99898
7345437187.5,-21.00336
7345438125.0,-21.00235
7345439062.5,-21.00431
7345440000.0,-21.00734
7345440937.5,-21.01102
7345441875.0,-21.01222
7345442812.5,-21.01354
7345443750.0,-21.01435
7345444687.5,-21.01856
7345445625.0,-21.02014
7345446562.5,-21.02074
7345447500.0,-21.02384
7345448437.5,-21.02587
7345449375.0,-21.02733
7345450312.5,-21.02939
7345451250.0,-21.0321
7345452187.5,-21.03441
7345453125.0,-21.03625
7345454062.5,-21.03776
7345455000.0,-21.04321
7345455937.5,-21.04243
7345456875.0,-21.04459
7345457812.5,-21.04619
7345458750.0,-21.04737
7345459687.5,-21.04944
7345460625.0,-21.05337
7345461562.5,-21.05605
7345462500.0,-21.0562
7345463437.5,-21.05536
7345464375.0,-21.06089
7345465312.5,-21.06225
7345466250.0,-21.06368
7345467187.5,-21.06662
7345468125.0,-21.06732
7345469062.5,-21.07051
7345470000.0,-21.07096
7345470937.5,-21.0748
7345471875.0,-21.07517
7345472812.5,-21.07604
7345473750.0,-21.07725
7345474687.5,-21.08088
7345475625.0,-21.08332
7345476562.5,-21.08454
7345477500.0,-21.08629
7345478437.5,-21.08825
7345479375.0,-21.09
7345480312.5,-21.09175
7345481250.0,-21.09526
7345482187.5,-21.09539
7345483125.0,-21.10024
7345484062.5,-21.09867
7345485000.0,-21.1012
7345485937.5,-21.10559
7345486875.0,-21.10553
7345487812.5,-21.10847
7345488750.0,-21.11216
7345489687.5,-21.11279
7345490625.0,-21.11398
7345491562.5,-21.11756
7345492500.0,-21.11798
7345493437.5,-21.12065
7345494375.0,-21.11971
7345495312.5,-21.12202
7345496250.0,-21.127
7345497187.5,-21.12867
7345498125.0,-21.12897
7345499062.5,-21.13323
7345500000.0,-21.13269
7345500937.5,-21.13397
7345501875.0,-21.13746
7345502812.5,-21.14014
7345503750.0,-21.14135
7345504687.5,-21.14383
7345505625.0,-21.14542
7345506562.5,-21.14701
7345507500.0,-21.1478
7345508437.5,-21.15126
7345509375.0,-21.15351
7345510312.5,-21.15638
7345511250.0,-21.1591
7345512187.5,-21.16043
7345513125.0,-21.16126
7345514062.5,-21.16436
7345515000.0,-21.16538
7345515937.5,-21.1681
7345516875.0,-21.17022
7345517812.5,-21.17071
7345518750.0,-21.17529
7345519687.5,-21.1737
7345520625.0,-21.17893
7345521562.5,-21.18065
7345522500.0,-21.18129
7345523437.5,-21.18042
7345524375.0,-21.18473
7345525312.5,-21.18585
7345526250.0,-21.1889
7345527187.5,-21.19106
7345528125.0,-21.19265
7345529062.5,-21.19174
7345530000.0,-21.19633
7345530937.5,-21.19948
7345531875.0,-21.19889
7345532812.5,-21.20203
7345533750.0,-21.2033
7345534687.5,-21.20421
7345535625.0,-21.20457
7345536562.5,-21.21172
7345537500.0,-21.21278
7345538437.5,-21.21331
7345539375.0,-21.21557
7345540312.5,-21.21672
7345541250.0,-21.22003
7345542187.5,-21.22208
7345543125.0,-21.22635
7345544062.5,-21.22501
7345545000.0,-21.2274
7345545937.5,-21.22787
7345546875.0,-21.23318
7345547812.5,-21.23233
7345548750.0,-21.23476
7345549687.5,-21.23564
7345550625.0,-21.24012
7345551562.5,-21.23945
7345552500.0,-21.24203
7345553437.5,-21.24414
7345554375.0,-21.24605
7345555312.5,-21.25051
7345556250.0,-21.25026
7345557187.5,-21.25197
7345558125.0,-21.25194
7345559062.5,-21.25507
7345560000.0,-21.25666
7345560937.5,-21.26136
7345561875.0,-21.26078
7345562812.5,-21.264
7345563750.0,-21.2669
7345564687.5,-21.26972
7345565625.0,-21.26824
7345566562.5,-21.27039
7345567500.0,-21.27634
7345568437.5,-21.2749
7345569375.0,-21.27987
7345570312.5,-21.28078
7345571250.0,-21.28381
7345572187.5,-21.28139
7345573125.0,-21.28429
7345574062.5,-21.28624
7345575000.0,-21.2886
7345575937.5,-21.29303
7345576875.0,-21.29401
7345577812.5,-21.2947
7345578750.0,-21.29616
7345579687.5,-21.29771
7345580625.0,-21.29902
7345581562.5,-21.30213
7345582500.0,-21.30528
7345583437.5,-21.30639
7345584375.0,-21.3061
7345585312.5,-21.30804
7345586250.0,-21.30975
7345587187.5,-21.31294
7345588125.0,-21.31767
7345589062.5,-21.31793
7345590000.0,-21.32006
7345590937.5,-21.32153
7345591875.0,-21.32368
7345592812.5,-21.32466
7345593750.0,-21.32566
7345594687.5,-21.32697
7345595625.0,-21.33046
7345596562.5,-21.33087
7345597500.0,-21.33462
7345598437.5,-21.33727
7345599375.0,-21.33795
7345600312.5,-21.33994
7345601250.0,-21.33912
7345602187.5,-21.34358
7345603125.0,-21.34605
7345604062.5,-21.34674
7345605000.0,-21.34858
7345605937.5,-21.3525
7345606875.0,-21.3544
7345607812.5,-21.35776
7345608750.0,-21.35881
7345609687.5,-21.35808
7345610625.0,-21.36164
7345611562.5,-21.36432
7345612500.0,-21.36452
7345613437.5,-21.36635
7345614375.0,-21.36972
7345615312.5,-21.36962
7345616250.0,-21.37258
7345617187.5,-21.37548
7345618125.0,-21.37706
7345619062.5,-21.38169
7345620000.0,-21.38209
7345620937.5,-21.38098
7345621875.0,-21.38436
7345622812.5,-21.38558
7345623750.0,-21.3891
7345624687.5,-21.39122
7345625625.0,-21.39365
7345626562.5,-21.39357
7345627500.0,-21.39553
7345628437.5,-21.39919
7345629375.0,-21.39773
7345630312.5,-21.40158
7345631250.0,-21.40466
7345632187.5,-21.4065
7345633125.0,-21.40636
7345634062.5,-21.4103
7345635000.0,-21.40989
7345635937.5,-21.41376
7345636875.0,-21.41394
7345637812.5,-21.41699
7345638750.0,-21.41964
7345639687.5,-21.4212
7345640625.0,-21.42292
7345641562.5,-21.42506
7345642500.0,-21.42676
7345643437.5,-21.42778
7345644375.0,-21.43085
7345645312.5,-21.43226
7345646250.0,-21.432
7345647187.5,-21.43392
7345648125.0,-21.43774
7345649062.5,-21.44001
7345650000.0,-21.44227
7345650937.5,-21.44477
7345651875.0,-21.44315
7345652812.5,-21.44717
7345653750.0,-21.4465
7345654687.5,-21.45193
7345655625.0,-21.45249
7345656562.5,-21.45397
7345657500.0,-21.45767
7345658437.5,-21.45851
7345659375.0,-21.46055
7345660312.5,-21.46373
7345661250.0,-21.46601
7345662187.5,-21.46477
7345663125.0,-21.46693
7345664062.5,-21.47083
7345665000.0,-21.47067
7345665937.5,-21.47411
7345666875.0,-21.47494
7345667812.5,-21.47797
7345668750.0,-21.47986
7345669687.5,-21.48242
7345670625.0,-21.48428
7345671562.5,-21.48678
7345672500.0,-21.48736
7345673437.5,-21.48845
7345674375.0,-21.49086
7345675312.5,-21.49285
7345676250.0,-21.49598
7345677187.5,-21.49594
7345678125.0,-21.49917
7345679062.5,-21.50169
7345680000.0,-21.50003
7345680937.5,-21.50308
7345681875.0,-21.50251
7345682812.5,-21.50965
7345683750.0,-21.50985
7345684687.5,-21.50896
7345685625.0,-21.51493
7345686562.5,-21.51454
7345687500.0,-21.51794
7345688437.5,-21.52043
7345689375.0,-21.52096
7345690312.5,-21.51966
7345691250.0,-21.52482
7345692187.5,-21.5247
7345693125.0,-21.52927
7345694062.5,-21.53085
7345695000.0,-21.53062
7345695937.5,-21.53191
7345696875.0,-21.53657
7345697812.5,-21.5364
7345698750.0,-21.54026
7345699687.5,-21.54223
7345700625.0,-21.54342
7345701562.5,-21.54533
7345702500.0,-21.54788
7345703437.5,-21.54663
7345704375.0,-21.55178
7345705312.5,-21.55111
7345706250.0,-21.55381
7345707187.5,-21.55677
7345708125.0,-21.55871
7345709062.5,-21.55877
7345710000.0,-21.56092
7345710937.5,-21.56433
7345711875.0,-21.56475
7345712812.5,-21.56816
7345713750.0,-21.56842
7345714687.5,-21.5698
7345715625.0,-21.57132
7345716562.5,-21.57277
7345717500.0,-21.57483
7345718437.5,-21.5758
7345719375.0,-21.57871
7345720312.5,-21.58123
7345721250.0,-21.58473
7345722187.5,-21.58504
7345723125.0,-21.58738
7345724062.5,-21.58915
7345725000.0,-21.59074
7345725937.5,-21.59221
7345726875.0,-21.59587
7345727812.5,-21.59724
7345728750.0,-21.59814
7345729687.5,-21.59807
7345730625.0,-21.60328
7345731562.5,-21.60741
7345732500.0,-21.60697
7345733437.5,-21.60871
7345734375.0,-21.60978
7345735312.5,-21.61322
7345736250.0,-21.61297
7345737187.5,-21.61546
7345738125.0,-21.61855
7345739062.5,-21.62069
7345740000.0,-21.6221
7345740937.5,-21.62299
7345741875.0,-21.62469
7345742812.5,-21.62595
7345743750.0,-21.62981
7345744687.5,-21.63114
7345745625.0,-21.63137
7345746562.5,-21.63578
7345747500.0,-21.63544
7345748437.5,-21.63706
7345749375.0,-21.63844
7345750312.5,-21.64125
7345751250.0,-21.64244
7345752187.5,-21.64418
7345753125.0,-21.64968
7345754062.5,-21.65037
7345755000.0,-21.65115
7345755937.5,-21.65006
7345756875.0,-21.65393
7345757812.5,-21.65443
7345758750.0,-21.65945
7345759687.5,-21.66136
7345760625.0,-21.66265
7345761562.5,-21.66401
7345762500.0,-21.6644
7345763437.5,-21.66733
7345764375.0,-21.67128
7345765312.5,-21.67241
7345766250.0,-21.67521
7345767187.5,-21.67203
7345768125.0,-21.67862
7345769062.5,-21.67958
7345770000.0,-21.68076
7345770937.5,-21.6806
7345771875.0,-21.68481
7345772812.5,-21.68502
7345773750.0,-21.68735
7345774687.5,-21.68962
7345775625.0,-21.69081
7345776562.5,-21.69357
7345777500.0,-21.69597
7345778437.5,-21.69687
7345779375.0,-21.69806
7345780312.5,-21.70161
7345781250.0,-21.70389
7345782187.5,-21.7032
7345783125.0,-21.70621
7345784062.5,-21.71081
7345785000.0,-21.71067
7345785937.5,-21.71152
7345786875.0,-21.7153
7345787812.5,-21.71434
7345788750.0,-21.71752
7345789687.5,-21.72039
7345790625.0,-21.72251
7345791562.5,-21.72242
7345792500.0,-21.72493
7345793437.5,-21.72342
7345794375.0,-21.72798
7345795312.5,-21.72906
7345796250.0,-21.73017
7345797187.5,-21.73239
7345798125.0,-21.7366
7345799062.5,-21.73895
7345800000.0,-21.73728
7345800937.5,-21.73926
7345801875.0,-21.74087
7345802812.5,-21.74439
7345803750.0,-21.74556
7345804687.5,-21.74868
7345805625.0,-21.75075
7345806562.5,-21.75141
7345807500.0,-21.75168
7345808437.5,-21.75433
7345809375.0,-21.75512
7345810312.5,-21.75631
7345811250.0,-21.76036
7345812187.5,-21.76092
7345813125.0,-21.76744
7345814062.5,-21.76611
7345815000.0,-21.76555
7345815937.5,-21.76751
7345816875.0,-21.77258
7345817812.5,-21.77405
7345818750.0,-21.77506
7345819687.5,-21.77551
7345820625.0,-21.77785
7345821562.5,-21.7812
7345822500.0,-21.78392
7345823437.5,-21.78407
7345824375.0,-21.78706
7345825312.5,-21.7882
7345826250.0,-21.78944
7345827187.5,-21.79171
7345828125.0,-21.79553
7345829062.5,-21.796
7345830000.0,-21.79536
7345830937.5,-21.79905
7345831875.0,-21.80091
7345832812.5,-21.80169
7345833750.0,-21.80219
7345834687.5,-21.80655
7345835625.0,-21.8089
7345836562.5,-21.80843
7345837500.0,-21.80946
7345838437.5,-21.81193
7345839375.0,-21.81402
7345840312.5,-21.81769
7345841250.0,-21.81826
7345842187.5,-21.81909
7345843125.0,-21.82267
7345844062.5,-21.82623
7345845000.0,-21.82756
7345845937.5,-21.82913
7345846875.0,-21.82974
7345847812.5,-21.83205
7345848750.0,-21.83298
7345849687.5,-21.83452
7345850625.0,-21.83731
7345851562.5,-21.83948
7345852500.0,-21.8405
7345853437.5,-21.84174
7345854375.0,-21.84196
7345855312.5,-21.84344
7345856250.0,-21.84867
7345857187.5,-21.85045
7345858125.0,-21.85168
7345859062.5,-21.85377
7345860000.0,-21.85621
7345860937.5,-21.85981
7345861875.0,-21.85626
7345862812.5,-21.86306
7345863750.0,-21.85966
7345864687.5,-21.86348
7345865625.0,-21.86504
7345866562.5,-21.8663
7345867500.0,-21.86984
7345868437.5,-21.8709
7345869375.0,-21.87396
7345870312.5,-21.87558
7345871250.0,-21.87581
7345872187.5,-21.87549
7345873125.0,-21.88153
7345874062.5,-21.88231
7345875000.0,-21.88331
7345875937.5,-21.88641
7345876875.0,-21.88795
7345877812.5,-21.88763
7345878750.0,-21.89105
7345879687.5,-21.89544
7345880625.0,-21.89671
7345881562.5,-21.89557
7345882500.0,-21.8978
7345883437.5,-21.90034
7345884375.0,-21.90188
7345885312.5,-21.90256
7345886250.0,-21.90503
7345887187.5,-21.90624
7345888125.0,-21.90845
7345889062.5,-21.9132
7345890000.0,-21.91162
7345890937.5,-21.91309
7345891875.0,-21.91506
7345892812.5,-21.91787
7345893750.0,-21.91839
7345894687.5,-21.92102
7345895625.0,-21.92219
7345896562.5,-21.92442
7345897500.0,-21.9246
7345898437.5,-21.92884
7345899375.0,-21.92929
7345900312.5,-21.93248
7345901250.0,-21.93408
7345902187.5,-21.93482
7345903125.0,-21.93726
7345904062.5,-21.93953
7345905000.0,-21.94051
7345905937.5,-21.94244
7345906875.0,-21.94399
7345907812.5,-21.94402
7345908750.0,-21.94743
7345909687.5,-21.94894
7345910625.0,-21.94839
7345911562.5,-21.9536
7345912500.0,-21.95702
7345913437.5,-21.95509
7345914375.0,-21.95898
7345915312.5,-21.95974
7345916250.0,-21.9632
7345917187.5,-21.96453
7345918125.0,-21.9649
7345919062.5,-21.96687
7345920000.0,-21.9724
7345920937.5,-21.97146
7345921875.0,-21.97357
7345922812.5,-21.97465
7345923750.0,-21.97719
7345924687.5,-21.97858
7345925625.0,-21.97877
7345926562.5,-21.98009
7345927500.0,-21.98427
7345928437.5,-21.98358
7345929375.0,-21.98868
7345930312.5,-21.98766
7345931250.0,-21.99154
7345932187.5,-21.99167
7345933125.0,-21.99397
7345934062.5,-21.99567
7345935000.0,-21.9971
7345935937.5,-22.00038
7345936875.0,-21.99999
7345937812.5,-22.00149
7345938750.0,-22.00317
7345939687.5,-22.00634
7345940625.0,-22.0073
7345941562.5,-22.00958
7345942500.0,-22.01264
7345943437.5,-22.01243
7345944375.0,-22.01682
7345945312.5,-22.01675
7345946250.0,-22.02016
7345947187.5,-22.02139
7345948125.0,-22.02178
7345949062.5,-22.02551
7345950000.0,-22.02378
7345950937.5,-22.028
7345951875.0,-22.03127
7345952812.5,-22.03194
7345953750.0,-22.03231
7345954687.5,-22.03572
7345955625.0,-22.03547
7345956562.5,-22.03582
7345957500.0,-22.04135
7345958437.5,-22.04275
7345959375.0,-22.04477
7345960312.5,-22.0453
7345961250.0,-22.04669
7345962187.5,-22.04905
7345963125.0,-22.05136
7345964062.5,-22.05039
7345965000.0,-22.05148
7345965937.5,-22.05702
7345966875.0,-22.05561
7345967812.5,-22.05994
7345968750.0,-22.06153
7345969687.5,-22.06091
7345970625.0,-22.06592
7345971562.5,-22.06833
7345972500.0,-22.06805
7345973437.5,-22.06991
7345974375.0,-22.07095
7345975312.5,-22.07386
7345976250.0,-22.07619
7345977187.5,-22.07918
7345978125.0,-22.07908
7345979062.5,-22.08204
7345980000.0,-22.08339
7345980937.5,-22.08344
7345981875.0,-22.08522
7345982812.5,-22.08882
7345983750.0,-22.08951
7345984687.5,-22.08879
7345985625.0,-22.0914
7345986562.5,-22.09502
7345987500.0,-22.09733
7345988437.5,-22.09832
7345989375.0,-22.09992
7345990312.5,-22.1024
7345991250.0,-22.10318
7345992187.5,-22.1031
7345993125.0,-22.10629
7345994062.5,-22.10966
7345995000.0,-22.10865
7345995937.5,-22.11259
7345996875.0,-22.11362
7345997812.5,-22.11546
7345998750.0,-22.11622
7345999687.5,-22.11963
7346000625.0,-22.12397
7346001562.5,-22.12268
7346002500.0,-22.1273
7346003437.5,-22.12553
7346004375.0,-22.12802
7346005312.5,-22.12871
7346006250.0,-22.13133
7346007187.5,-22.1349
7346008125.0,-22.13288
7346009062.5,-22.13534
7346010000.0,-22.13773
7346010937.5,-22.13803
7346011875.0,-22.14241
7346012812.5,-22.14215
7346013750.0,-22.14535
7346014687.5,-22.14693
7346015625.0,-22.15186
7346016562.5,-22.15018
7346017500.0,-22.15386
7346018437.5,-22.15443
7346019375.0,-22.15463
7346020312.5,-22.15746
7346021250.0,-22.16179
7346022187.5,-22.16243
7346023125.0,-22.16402
7346024062.5,-22.16431
7346025000.0,-22.16668
7346025937.5,-22.16829
7346026875.0,-22.16935
7346027812.5,-22.17064
7346028750.0,-22.1725
7346029687.5,-22.17514
7346030625.0,-22.17567
7346031562.5,-22.17816
7346032500.0,-22.18193
7346033437.5,-22.1811
7346034375.0,-22.18371
7346035312.5,-22.18497
7346036250.0,-22.18629
7346037187.5,-22.18715
7346038125.0,-22.19246
7346039062.5,-22.19319
7346040000.0,-22.19134
7346040937.5,-22.19706
7346041875.0,-22.19976
7346042812.5,-22.20329
7346043750.0,-22.2029
7346044687.5,-22.2027
7346045625.0,-22.20662
7346046562.5,-22.20708
7346047500.0,-22.21015
7346048437.5,-22.20979
7346049375.0,-22.21219
7346050312.5,-22.21305
7346051250.0,-22.21315
7346052187.5,-22.21778
7346053125.0,-22.21803
7346054062.5,-22.22232
7346055000.0,-22.22061
7346055937.5,-22.22463
7346056875.0,-22.22314
7346057812.5,-22.22507
7346058750.0,-22.22785
7346059687.5,-22.23059
7346060625.0,-22.23173
7346061562.5,-22.23348
7346062500.0,-22.23745
7346063437.5,-22.2389
7346064375.0,-22.23915
7346065312.5,-22.24068
7346066250.0,-22.24466
7346067187.5,-22.24615
7346068125.0,-22.24537
7346069062.5,-22.2496
7346070000.0,-22.25085
7346070937.5,-22.25455
7346071875.0,-22.25698
7346072812.5,-22.25371
7346073750.0,-22.25747
7346074687.5,-22.25774
7346075625.0,-22.26068
7346076562.5,-22.26171
7346077500.0,-22.26551
7346078437.5,-22.26658
7346079375.0,-22.26497
7346080312.5,-22.26965
7346081250.0,-22.26923
7346082187.5,-22.27139
7346083125.0,-22.27507
7346084062.5,-22.27587
7346085000.0,-22.27738
7346085937.5,-22.27889
7346086875.0,-22.27731
7346087812.5,-22.2811
7346088750.0,-22.28232
7346089687.5,-22.28827
7346090625.0,-22.28561
7346091562.5,-22.28713
7346092500.0,-22.29156
7346093437.5,-22.29345
7346094375.0,-22.29257
7346095312.5,-22.2958
7346096250.0,-22.29905
7346097187.5,-22.30093
7346098125.0,-22.30152
7346099062.5,-22.30482
7346100000.0,-22.30281
7346100937.5,-22.30671
7346101875.0,-22.30767
7346102812.5,-22.30753
7346103750.0,-22.3091
7346104687.5,-22.3114
7346105625.0,-22.31425
7346106562.5,-22.31549
7346107500.0,-22.31619
7346108437.5,-22.31818
7346109375.0,-22.32059
7346110312.5,-22.32475
7346111250.0,-22.32491
7346112187.5,-22.32612
7346113125.0,-22.32974
7346114062.5,-22.33017
7346115000.0,-22.33121
7346115937.5,-22.33344
7346116875.0,-22.33469
7346117812.5,-22.33716
7346118750.0,-22.33854
7346119687.5,-22.34084
7346120625.0,-22.3422
7346121562.5,-22.34351
7346122500.0,-22.34444
7346123437.5,-22.34723
7346124375.0,-22.34866
7346125312.5,-22.34993
7346126250.0,-22.35194
7346127187.5,-22.35203
7346128125.0,-22.35793
7346129062.5,-22.3592
7346130000.0,-22.35988
7346130937.5,-22.36287
7346131875.0,-22.36174
7346132812.5,-22.36559
7346133750.0,-22.36474
7346134687.5,-22.36522
7346135625.0,-22.37039
7346136562.5,-22.36884
7346137500.0,-22.37224
7346138437.5,-22.37331
7346139375.0,-22.37466
7346140312.5,-22.37775
7346141250.0,-22.37709
7346142187.5,-22.38427
7346143125.0,-22.38247
7346144062.5,-22.38208
7346145000.0,-22.38681
7346145937.5,-22.38829
7346146875.0,-22.39145
7346147812.5,-22.39027
7346148750.0,-22.39351
7346149687.5,-22.39316
7346150625.0,-22.39483
7346151562.5,-22.39788
7346152500.0,-22.40406
7346153437.5,-22.40137
7346154375.0,-22.40133
7346155312.5,-22.40474
7346156250.0,-22.40515
7346157187.5,-22.4069
7346158125.0,-22.41025
7346159062.5,-22.41266
7346160000.0,-22.41166
7346160937.5,-22.41671
7346161875.0,-22.41402
7346162812.5,-22.42102
7346163750.0,-22.42151
7346164687.5,-22.42261
7346165625.0,-22.42231
7346166562.5,-22.42668
7346167500.0,-22.42979
7346168437.5,-22.42884
7346169375.0,-22.43116
7346170312.5,-22.43214
7346171250.0,-22.43552
7346172187.5,-22.43509
7346173125.0,-22.43746
7346174062.5,-22.43879
7346175000.0,-22.44058
7346175937.5,-22.44174
7346176875.0,-22.44434
7346177812.5,-22.44386
7346178750.0,-22.44915
7346179687.5,-22.44672
7346180625.0,-22.44954
7346181562.5,-22.45281
7346182500.0,-22.45342
7346183437.5,-22.45205
7346184375.0,-22.45862
7346185312.5,-22.45957
7346186250.0,-22.46107
7346187187.5,-22.45986
7346188125.0,-22.46512
7346189062.5,-22.46589
7346190000.0,-22.46605
7346190937.5,-22.46717
7346191875.0,-22.47033
7346192812.5,-22.47193
7346193750.0,-22.47351
7346194687.5,-22.4757
7346195625.0,-22.47859
7346196562.5,-22.47936
7346197500.0,-22.48301
7346198437.5,-22.48443
7346199375.0,-22.48364
7346200312.5,-22.48505
7346201250.0,-22.48706
7346202187.5,-22.4859
7346203125.0,-22.49117
7346204062.5,-22.4955
7346205000.0,-22.49177
7346205937.5,-22.49595
7346206875.0,-22.49727
7346207812.5,-22.49862
7346208750.0,-22.50204
7346209687.5,-22.50016
7346210625.0,-22.50071
7346211562.5,-22.50505
7346212500.0,-22.50818
7346213437.5,-22.50664
7346214375.0,-22.51127
7346215312.5,-22.51011
7346216250.0,-22.51267
7346217187.5,-22.51688
7346218125.0,-22.51733
7346219062.5,-22.51726
7346220000.0,-22.5188
7346220937.5,-22.5211
7346221875.0,-22.52672
7346222812.5,-22.52759
7346223750.0,-22.52652
7346224687.5,-22.52976
7346225625.0,-22.53
7346226562.5,-22.53181
7346227500.0,-22.53528
7346228437.5,-22.53516
7346229375.0,-22.54041
7346230312.5,-22.53983
7346231250.0,-22.54097
7346232187.5,-22.54329
7346233125.0,-22.54295
7346234062.5,-22.54691
7346235000.0,-22.54584
7346235937.5,-22.55033
7346236875.0,-22.54831
7346237812.5,-22.55075
7346238750.0,-22.55342
7346239687.5,-22.55509
7346240625.0,-22.55722
7346241562.5,-22.55844
7346242500.0,-22.55933
7346243437.5,-22.56317
7346244375.0,-22.56268
7346245312.5,-22.56483
7346246250.0,-22.56822
7346247187.5,-22.56678
7346248125.0,-22.57017
7346249062.5,-22.57211
7346250000.0,-22.57409
7346250937.5,-22.57565
7346251875.0,-22.57699
7346252812.5,-22.57778
7346253750.0,-22.58267
7346254687.5,-22.58284
7346255625.0,-22.5842
7346256562.5,-22.58373
7346257500.0,-22.58718
7346258437.5,-22.58973
7346259375.0,-22.59089
7346260312.5,-22.5913
7346261250.0,-22.59318
7346262187.5,-22.59643
7346263125.0,-22.59609
7346264062.5,-22.59971
7346265000.0,-22.59929
7346265937.5,-22.60505
7346266875.0,-22.60382
7346267812.5,-22.60334
7346268750.0,-22.60674
7346269687.5,-22.60742
7346270625.0,-22.61072
7346271562.5,-22.61169
7346272500.0,-22.61294
7346273437.5,-22.61491
7346274375.0,-22.61799
7346275312.5,-22.61848
7346276250.0,-22.6202
7346277187.5,-22.6227
7346278125.0,-22.62519
7346279062.5,-22.62745
7346280000.0,-22.62714
7346280937.5,-22.62763
7346281875.0,-22.6304
7346282812.5,-22.6322
7346283750.0,-22.63535
7346284687.5,-22.63541
7346285625.0,-22.63556
7346286562.5,-22.64075
7346287500.0,-22.64223
7346288437.5,-22.64222
7346289375.0,-22.64124
7346290312.5,-22.64424
7346291250.0,-22.64649
7346292187.5,-22.64836
7346293125.0,-22.65095
7346294062.5,-22.65105
7346295000.0,-22.65317
7346295937.5,-22.65318
7346296875.0,-22.65579
7346297812.5,-22.65884
7346298750.0,-22.66056
7346299687.5,-22.66187
7346300625.0,-22.66492
7346301562.5,-22.66395
7346302500.0,-22.6678
7346303437.5,-22.66704
7346304375.0,-22.6681
7346305312.5,-22.67079
7346306250.0,-22.67307
7346307187.5,-22.67224
7346308125.0,-22.67606
7346309062.5,-22.67909
7346310000.0,-22.67882
7346310937.5,-22.68331
7346311875.0,-22.68333
7346312812.5,-22.68603
7346313750.0,-22.68464
7346314687.5,-22.69049
7346315625.0,-22.69129
7346316562.5,-22.6876
7346317500.0,-22.69166
7346318437.5,-22.69423
7346319375.0,-22.69777
7346320312.5,-22.69772
7346321250.0,-22.69748
7346322187.5,-22.70131
7346323125.0,-22.70224
7346324062.5,-22.70452
7346325000.0,-22.70493
7346325937.5,-22.70797
7346326875.0,-22.70879
7346327812.5,-22.7105
7346328750.0,-22.71044
7346329687.5,-22.71387
7346330625.0,-22.71435
7346331562.5,-22.71792
7346332500.0,-22.72231
7346333437.5,-22.71764
7346334375.0,-22.72129
7346335312.5,-22.72522
7346336250.0,-22.72315
7346337187.5,-22.72789
7346338125.0,-22.72849
7346339062.5,-22.73127
7346340000.0,-22.73522
7346340937.5,-22.73308
7346341875.0,-22.73201
7346342812.5,-22.73369
7346343750.0,-22.73684
7346344687.5,-22.73897
7346345625.0,-22.74081
7346346562.5,-22.74264
7346347500.0,-22.74604
7346348437.5,-22.74529
7346349375.0,-22.74883
7346350312.5,-22.74866
7346351250.0,-22.75227
7346352187.5,-22.75236
7346353125.0,-22.75337
7346354062.5,-22.75566
7346355000.0,-22.75815
7346355937.5,-22.76095
7346356875.0,-22.76245
7346357812.5,-22.76307
7346358750.0,-22.76425
7346359687.5,-22.76618
7346360625.0,-22.76698
7346361562.5,-22.76954
7346362500.0,-22.77063
7346363437.5,-22.77201
7346364375.0,-22.77519
7346365312.5,-22.77673
7346366250.0,-22.77706
7346367187.5,-22.77979
7346368125.0,-22.77972
7346369062.5,-22.78132
7346370000.0,-22.78137
7346370937.5,-22.78603
7346371875.0,-22.78753
7346372812.5,-22.78753
7346373750.0,-22.78812
7346374687.5,-22.79039
7346375625.0,-22.7926
7346376562.5,-22.7935
7346377500.0,-22.79859
7346378437.5,-22.79898
7346379375.0,-22.80166
7346380312.5,-22.80053
7346381250.0,-22.80395
7346382187.5,-22.80509
7346383125.0,-22.80642
7346384062.5,-22.80568
7346385000.0,-22.80872
7346385937.5,-22.81138
7346386875.0,-22.81057
7346387812.5,-22.81557
7346388750.0,-22.81623
7346389687.5,-22.81793
7346390625.0,-22.81992
7346391562.5,-22.82076
7346392500.0,-22.82006
7346393437.5,-22.82289
7346394375.0,-22.82542
7346395312.5,-22.82745
7346396250.0,-22.82937
7346397187.5,-22.8285
7346398125.0,-22.83455
7346399062.5,-22.83469
7346400000.0,-22.83508
7346400937.5,-22.83801
7346401875.0,-22.84137
7346402812.5,-22.83771
7346403750.0,-22.841
7346404687.5,-22.84061
7346405625.0,-22.84569
7346406562.5,-22.84772
7346407500.0,-22.84899
7346408437.5,-22.85105
7346409375.0,-22.85221
7346410312.5,-22.85515
7346411250.0,-22.85645
7346412187.5,-22.85692
7346413125.0,-22.8583
7346414062.5,-22.86101
7346415000.0,-22.86177
7346415937.5,-22.8598
7346416875.0,-22.86518
7346417812.5,-22.86642
7346418750.0,-22.86488
7346419687.5,-22.86949
7346420625.0,-22.86801
7346421562.5,-22.87247
7346422500.0,-22.87535
7346423437.5,-22.87553
7346424375.0,-22.87819
7346425312.5,-22.87749
7346426250.0,-22.88004
7346427187.5,-22.88199
7346428125.0,-22.88498
7346429062.5,-22.88538
7346430000.0,-22.88898
7346430937.5,-22.88716
7346431875.0,-22.88974
7346432812.5,-22.89104
7346433750.0,-22.89379
7346434687.5,-22.89406
7346435625.0,-22.89646
7346436562.5,-22.89553
7346437500.0,-22.89882
7346438437.5,-22.90245
7346439375.0,-22.90301
7346440312.5,-22.90288
7346441250.0,-22.90511
7346442187.5,-22.90811
7346443125.0,-22.91009
7346444062.5,-22.90882
7346445000.0,-22.91231
7346445937.5,-22.91493
7346446875.0,-22.91422
7346447812.5,-22.918
7346448750.0,-22.91553
7346449687.5,-22.92059
7346450625.0,-22.92546
7346451562.5,-22.92248
7346452500.0,-22.92459
7346453437.5,-22.92706
7346454375.0,-22.92982
7346455312.5,-22.93067
7346456250.0,-22.93384
7346457187.5,-22.93219
7346458125.0,-22.93697
7346459062.5,-22.93482
7346460000.0,-22.93515
7346460937.5,-22.93873
7346461875.0,-22.94009
7346462812.5,-22.94233
7346463750.0,-22.94478
7346464687.5,-22.94775
7346465625.0,-22.94546
7346466562.5,-22.94809
7346467500.0,-22.9493
7346468437.5,-22.95084
7346469375.0,-22.95649
7346470312.5,-22.95545
7346471250.0,-22.95705
7346472187.5,-22.96002
7346473125.0,-22.96269
7346474062.5,-22.96338
7346475000.0,-22.96391
7346475937.5,-22.96369
7346476875.0,-22.96803
7346477812.5,-22.96828
7346478750.0,-22.97188
7346479687.5,-22.97284
7346480625.0,-22.97178
7346481562.5,-22.97355
7346482500.0,-22.97522
7346483437.5,-22.97638
7346484375.0,-22.98056
7346485312.5,-22.98037
7346486250.0,-22.98397
7346487187.5,-22.98425
7346488125.0,-22.98914
7346489062.5,-22.98862
7346490000.0,-22.9893
7346490937.5,-22.98796
7346491875.0,-22.99191
7346492812.5,-22.99188
7346493750.0,-22.99432
7346494687.5,-22.99635
7346495625.0,-22.99672
7346496562.5,-22.99869
7346497500.0,-23.0
7346498437.5,-23.00308
7346499375.0,-23.00528
7346500312.5,-23.00676
7346501250.0,-23.00695
7346502187.5,-23.00947
7346503125.0,-23.01023
7346504062.5,-23.01235
7346505000.0,-23.01354
7346505937.5,-23.01661
7346506875.0,-23.01601
7346507812.5,-23.01691
7346508750.0,-23.02252
7346509687.5,-23.01787
7346510625.0,-23.02263
7346511562.5,-23.02536
7346512500.0,-23.02693
7346513437.5,-23.02777
7346514375.0,-23.02865
7346515312.5,-23.03065
7346516250.0,-23.03355
7346517187.5,-23.03284
7346518125.0,-23.03571
7346519062.5,-23.0365
7346520000.0,-23.03873
7346520937.5,-23.04065
7346521875.0,-23.04203
7346522812.5,-23.04437
7346523750.0,-23.0444
7346524687.5,-23.04738
7346525625.0,-23.04798
7346526562.5,-23.04925
7346527500.0,-23.05284
7346528437.5,-23.05398
7346529375.0,-23.05223
7346530312.5,-23.05279
7346531250.0,-23.05584
7346532187.5,-23.06078
7346533125.0,-23.06172
7346534062.5,-23.06569
7346535000.0,-23.0666
7346535937.5,-23.06677
7346536875.0,-23.06944
7346537812.5,-23.06751
7346538750.0,-23.07063
7346539687.5,-23.07092
7346540625.0,-23.07355
7346541562.5,-23.07569
7346542500.0,-23.0753
7346543437.5,-23.07856
7346544375.0,-23.08072
7346545312.5,-23.08202
7346546250.0,-23.0821
7346547187.5,-23.08511
7346548125.0,-23.08446
7346549062.5,-23.08851
7346550000.0,-23.08699
7346550937.5,-23.0925
7346551875.0,-23.09423
7346552812.5,-23.09649
7346553750.0,-23.09389
7346554687.5,-23.09791
7346555625.0,-23.09972
7346556562.5,-23.09994
7346557500.0,-23.10187
7346558437.5,-23.10384
7346559375.0,-23.10439
7346560312.5,-23.10826
7346561250.0,-23.10454
7346562187.5,-23.11212
7346563125.0,-23.11332
7346564062.5,-23.11111
7346565000.0,-23.11492
7346565937.5,-23.1154
7346566875.0,-23.1158
7346567812.5,-23.11763
7346568750.0,-23.11937
7346569687.5,-23.1215
7346570625.0,-23.1248
7346571562.5,-23.12493
7346572500.0,-23.12543
7346573437.5,-23.12859
7346574375.0,-23.1298
7346575312.5,-23.13187
7346576250.0,-23.13158
7346577187.5,-23.13411
7346578125.0,-23.13488
7346579062.5,-23.13681
7346580000.0,-23.13767
7346580937.5,-23.14105
7346581875.0,-23.1414
7346582812.5,-23.14095
7346583750.0,-23.14454
7346584687.5,-23.15058
7346585625.0,-23.15079
7346586562.5,-23.14774
7346587500.0,-23.15082
7346588437.5,-23.15223
7346589375.0,-23.15598
7346590312.5,-23.15889
7346591250.0,-23.15979
7346592187.5,-23.16096
7346593125.0,-23.15993
7346594062.5,-23.16376
7346595000.0,-23.16323
7346595937.5,-23.16434
7346596875.0,-23.16753
7346597812.5,-23.1717
7346598750.0,-23.1733
7346599687.5,-23.17196
7346600625.0,-23.17559
7346601562.5,-23.17645
7346602500.0,-23.17673
7346603437.5,-23.17866
7346604375.0,-23.17648
7346605312.5,-23.18013
7346606250.0,-23.18168
7346607187.5,-23.1853
7346608125.0,-23.1844
7346609062.5,-23.18676
7346610000.0,-23.18891
7346610937.5,-23.18962
7346611875.0,-23.19025
7346612812.5,-23.19572
7346613750.0,-23.19441
7346614687.5,-23.19505
7346615625.0,-23.19891
7346616562.5,-23.20088
7346617500.0,-23.20156
7346618437.5,-23.20144
7346619375.0,-23.20485
7346620312.5,-23.20582
7346621250.0,-23.20406
7346622187.5,-23.20944
7346623125.0,-23.21114
7346624062.5,-23.21359
7346625000.0,-23.21412
7346625937.5,-23.2152
7346626875.0,-23.21887
7346627812.5,-23.21527
7346628750.0,-23.22087
7346629687.5,-23.22037
7346630625.0,-23.22045
7346631562.5,-23.22429
7346632500.0,-23.22513
7346633437.5,-23.22745
7346634375.0,-23.22942
7346635312.5,-23.2297
7346636250.0,-23.22974
7346637187.5,-23.23172
7346638125.0,-23.23458
7346639062.5,-23.23692
7346640000.0,-23.23956
7346640937.5,-23.24158
7346641875.0,-23.23972
7346642812.5,-23.24412
7346643750.0,-23.24601
7346644687.5,-23.24344
7346645625.0,-23.24934
7346646562.5,-23.25173
7346647500.0,-23.24884
7346648437.5,-23.25252
7346649375.0,-23.25181
7346650312.5,-23.25696
7346651250.0,-23.2568
7346652187.5,-23.25877
7346653125.0,-23.25945
7346654062.5,-23.26196
7346655000.0,-23.26445
7346655937.5,-23.26392
7346656875.0,-23.26731
7346657812.5,-23.26573
7346658750.0,-23.26672
7346659687.5,-23.27299
7346660625.0,-23.27047
7346661562.5,-23.2729
7346662500.0,-23.276
7346663437.5,-23.27943
7346664375.0,-23.27627
7346665312.5,-23.27625
7346666250.0,-23.27995
7346667187.5,-23.28438
7346668125.0,-23.28116
7346669062.5,-23.28434
7346670000.0,-23.28754
7346670937.5,-23.28858
7346671875.0,-23.2901
7346672812.5,-23.29159
7346673750.0,-23.29147
7346674687.5,-23.29517
7346675625.0,-23.2952
7346676562.5,-23.29676
7346677500.0,-23.29934
7346678437.5,-23.30083
7346679375.0,-23.30098
7346680312.5,-23.30528
7346681250.0,-23.30935
7346682187.5,-23.30719
7346683125.0,-23.30952
7346684062.5,-23.31365
7346685000.0,-23.31118
7346685937.5,-23.31196
7346686875.0,-23.3158
7346687812.5,-23.31527
7346688750.0,-23.31696
7346689687.5,-23.32046
7346690625.0,-23.3207
7346691562.5,-23.32085
7346692500.0,-23.32103
7346693437.5,-23.32363
7346694375.0,-23.32897
7346695312.5,-23.32806
7346696250.0,-23.32976
7346697187.5,-23.33111
7346698125.0,-23.33407
7346699062.5,-23.3348
7346700000.0,-23.33711
7346700937.5,-23.33661
7346701875.0,-23.33829
7346702812.5,-23.3419
7346703750.0,-23.34326
7346704687.5,-23.34402
7346705625.0,-23.3464
7346706562.5,-23.34565
7346707500.0,-23.34844
7346708437.5,-23.35012
7346709375.0,-23.35042
7346710312.5,-23.3549
7346711250.0,-23.35341
7346712187.5,-23.35482
7346713125.0,-23.35647
7346714062.5,-23.36098
7346715000.0,-23.35928
7346715937.5,-23.36127
7346716875.0,-23.36367
7346717812.5,-23.36348
7346718750.0,-23.36755
7346719687.5,-23.36674
7346720625.0,-23.36869
7346721562.5,-23.37305
7346722500.0,-23.37318
7346723437.5,-23.37284
7346724375.0,-23.37377
7346725312.5,-23.37486
7346726250.0,-23.37381
7346727187.5,-23.37913
7346728125.0,-23.38082
7346729062.5,-23.3833
7346730000.0,-23.38476
7346730937.5,-23.38363
7346731875.0,-23.38777
7346732812.5,-23.3896
7346733750.0,-23.39034
7346734687.5,-23.39161
7346735625.0,-23.39232
7346736562.5,-23.39479
7346737500.0,-23.39701
7346738437.5,-23.39705
7346739375.0,-23.40014
7346740312.5,-23.40178
7346741250.0,-23.40378
7346742187.5,-23.40673
7346743125.0,-23.40422
7346744062.5,-23.40687
7346745000.0,-23.40767
7346745937.5,-23.40967
7346746875.0,-23.4122
7346747812.5,-23.41243
7346748750.0,-23.41578
7346749687.5,-23.41912
7346750625.0,-23.41922
7346751562.5,-23.42136
7346752500.0,-23.42035
7346753437.5,-23.42366
7346754375.0,-23.42381
7346755312.5,-23.42417
7346756250.0,-23.42621
7346757187.5,-23.43003
7346758125.0,-23.42997
7346759062.5,-23.42981
7346760000.0,-23.43087
7346760937.5,-23.4322
7346761875.0,-23.43624
7346762812.5,-23.43561
7346763750.0,-23.43711
7346764687.5,-23.44393
7346765625.0,-23.44192
7346766562.5,-23.44411
7346767500.0,-23.44252
7346768437.5,-23.44678
7346769375.0,-23.44907
7346770312.5,-23.44703
7346771250.0,-23.44842
7346772187.5,-23.45219
7346773125.0,-23.45658
7346774062.5,-23.45632
7346775000.0,-23.45589
7346775937.5,-23.45868
7346776875.0,-23.45798
7346777812.5,-23.45967
7346778750.0,-23.46003
7346779687.5,-23.46481
7346780625.0,-23.46454
7346781562.5,-23.46669
7346782500.0,-23.46895
7346783437.5,-23.47046
7346784375.0,-23.47289
7346785312.5,-23.4737
7346786250.0,-23.47498
7346787187.5,-23.47511
7346788125.0,-23.47661
7346789062.5,-23.47851
7346790000.0,-23.47918
7346790937.5,-23.48192
7346791875.0,-23.48509
7346792812.5,-23.4847
7346793750.0,-23.48653
7346794687.5,-23.48902
7346795625.0,-23.49165
7346796562.5,-23.49099
7346797500.0,-23.48873
7346798437.5,-23.49506
7346799375.0,-23.49929
7346800312.5,-23.49738
7346801250.0,-23.49437
7346802187.5,-23.50081
7346803125.0,-23.50207
7346804062.5,-23.50438
7346805000.0,-23.50188
7346805937.5,-23.50536
7346806875.0,-23.50781
7346807812.5,-23.50986
7346808750.0,-23.51079
7346809687.5,-23.51109
7346810625.0,-23.5135
7346811562.5,-23.51673
7346812500.0,-23.51681
7346813437.5,-23.51822
7346814375.0,-23.51714
7346815312.5,-23.52153
7346816250.0,-23.52369
7346817187.5,-23.5244
7346818125.0,-23.52542
7346819062.5,-23.52728
7346820000.0,-23.52728
7346820937.5,-23.52977
7346821875.0,-23.52839
7346822812.5,-23.53263
7346823750.0,-23.53285
7346824687.5,-23.53398
7346825625.0,-23.53557
7346826562.5,-23.54034
7346827500.0,-23.53877
7346828437.5,-23.54255
7346829375.0,-23.54233
7346830312.5,-23.54274
7346831250.0,-23.54504
7346832187.5,-23.54824
7346833125.0,-23.54835
7346834062.5,-23.55119
7346835000.0,-23.5521
7346835937.5,-23.55351
7346836875.0,-23.55786
7346837812.5,-23.55676
7346838750.0,-23.55892
7346839687.5,-23.55909
7346840625.0,-23.55989
7346841562.5,-23.56396
7346842500.0,-23.56311
7346843437.5,-23.56423
7346844375.0,-23.56844
7346845312.5,-23.5709
7346846250.0,-23.56995
7346847187.5,-23.57046
7346848125.0,-23.57381
7346849062.5,-23.57424
7346850000.0,-23.57341
7346850937.5,-23.57749
7346851875.0,-23.57777
7346852812.5,-23.57949
7346853750.0,-23.58049
7346854687.5,-23.58644
7346855625.0,-23.58403
7346856562.5,-23.58877
7346857500.0,-23.58854
7346858437.5,-23.59015
7346859375.0,-23.58847
7346860312.5,-23.59406
7346861250.0,-23.59418
7346862187.5,-23.58963
7346863125.0,-23.5947
7346864062.5,-23.59723
7346865000.0,-23.60002
7346865937.5,-23.60015
7346866875.0,-23.60263
7346867812.5,-23.60105
7346868750.0,-23.60689
7346869687.5,-23.60592
7346870625.0,-23.60672
7346871562.5,-23.60959
7346872500.0,-23.60905
7346873437.5,-23.61485
7346874375.0,-23.61405
7346875312.5,-23.61263
7346876250.0,-23.61916
7346877187.5,-23.61885
7346878125.0,-23.62125
7346879062.5,-23.62094
7346880000.0,-23.62059
7346880937.5,-23.62264
7346881875.0,-23.62619
7346882812.5,-23.62768
7346883750.0,-23.62918
7346884687.5,-23.63082
7346885625.0,-23.6329
7346886562.5,-23.6326
7346887500.0,-23.63516
7346888437.5,-23.63601
7346889375.0,-23.63928
7346890312.5,-23.63931
7346891250.0,-23.63982
7346892187.5,-23.64098
7346893125.0,-23.64276
7346894062.5,-23.64314
7346895000.0,-23.64821
7346895937.5,-23.6477
7346896875.0,-23.64671
7346897812.5,-23.65182
7346898750.0,-23.65382
7346899687.5,-23.65116
7346900625.0,-23.65499
7346901562.5,-23.66006
7346902500.0,-23.65685
7346903437.5,-23.66093
7346904375.0,-23.66056
7346905312.5,-23.65961
7346906250.0,-23.66526
7346907187.5,-23.66512
7346908125.0,-23.66597
7346909062.5,-23.66909
7346910000.0,-23.67081
7346910937.5,-23.67309
7346911875.0,-23.67329
7346912812.5,-23.67586
7346913750.0,-23.67557
7346914687.5,-23.67853
7346915625.0,-23.67976
7346916562.5,-23.67632
7346917500.0,-23.68099
7346918437.5,-23.6832
7346919375.0,-23.68243
7346920312.5,-23.6858
7346921250.0,-23.68638
7346922187.5,-23.68703
7346923125.0,-23.69144
7346924062.5,-23.68984
7346925000.0,-23.69153
7346925937.5,-23.69696
7346926875.0,-23.69833
7346927812.5,-23.69865
7346928750.0,-23.69764
7346929687.5,-23.69871
7346930625.0,-23.70454
7346931562.5,-23.69977
7346932500.0,-23.70502
7346933437.5,-23.70708
7346934375.0,-23.70897
7346935312.5,-23.70905
7346936250.0,-23.71113
7346937187.5,-23.71159
7346938125.0,-23.71139
7346939062.5,-23.71442
7346940000.0,-23.71693
7346940937.5,-23.71813
7346941875.0,-23.71608
7346942812.5,-23.72023
7346943750.0,-23.72068
7346944687.5,-23.72353
7346945625.0,-23.72326
7346946562.5,-23.72477
7346947500.0,-23.7244
7346948437.5,-23.72962
7346949375.0,-23.73153
7346950312.5,-23.73179
7346951250.0,-23.73648
7346952187.5,-23.7352
7346953125.0,-23.73756
7346954062.5,-23.73726
7346955000.0,-23.73927
7346955937.5,-23.74014
7346956875.0,-23.74037
7346957812.5,-23.74326
7346958750.0,-23.74578
7346959687.5,-23.74882
7346960625.0,-23.74807
7346961562.5,-23.75107
7346962500.0,-23.75002
7346963437.5,-23.75289
7346964375.0,-23.75446
7346965312.5,-23.7547
7346966250.0,-23.76023
7346967187.5,-23.76094
7346968125.0,-23.7622
7346969062.5,-23.76177
7346970000.0,-23.76509
7346970937.5,-23.76323
7346971875.0,-23.76483
7346972812.5,-23.76704
7346973750.0,-23.76914
7346974687.5,-23.77067
7346975625.0,-23.77248
7346976562.5,-23.77139
7346977500.0,-23.77406
7346978437.5,-23.77779
7346979375.0,-23.77838
7346980312.5,-23.77713
7346981250.0,-23.7817
7346982187.5,-23.78119
7346983125.0,-23.78147
7346984062.5,-23.78322
7346985000.0,-23.78686
7346985937.5,-23.78878
7346986875.0,-23.78905
7346987812.5,-23.78811
7346988750.0,-23.78967
7346989687.5,-23.79399
7346990625.0,-23.79587
7346991562.5,-23.79666
7346992500.0,-23.7983
7346993437.5,-23.80243
7346994375.0,-23.79843
7346995312.5,-23.8019
7346996250.0,-23.80296
7346997187.5,-23.80519
7346998125.0,-23.80518
7346999062.5,-23.80559
7347000000.0,-23.80957
7347000937.5,-23.80803
7347001875.0,-23.81185
7347002812.5,-23.81338
7347003750.0,-23.81721
7347004687.5,-23.81543
7347005625.0,-23.8175
7347006562.5,-23.81932
7347007500.0,-23.81762
7347008437.5,-23.82003
7347009375.0,-23.82488
7347010312.5,-23.82465
7347011250.0,-23.82697
7347012187.5,-23.82463
7347013125.0,-23.82921
7347014062.5,-23.83148
7347015000.0,-23.82876
7347015937.5,-23.8346
7347016875.0,-23.83608
7347017812.5,-23.83574
7347018750.0,-23.84117
7347019687.5,-23.83873
7347020625.0,-23.84128
7347021562.5,-23.84578
7347022500.0,-23.84279
7347023437.5,-23.84662
7347024375.0,-23.84363
7347025312.5,-23.84635
7347026250.0,-23.84606
7347027187.5,-23.85201
7347028125.0,-23.85134
7347029062.5,-23.85111
7347030000.0,-23.85632
7347030937.5,-23.85617
7347031875.0,-23.85796
7347032812.5,-23.85877
7347033750.0,-23.86122
7347034687.5,-23.86196
7347035625.0,-23.86305
7347036562.5,-23.86613
7347037500.0,-23.86686
7347038437.5,-23.86715
7347039375.0,-23.86943
7347040312.5,-23.87128
7347041250.0,-23.87201
7347042187.5,-23.86883
7347043125.0,-23.87771
7347044062.5,-23.87727
7347045000.0,-23.87722
7347045937.5,-23.88111
7347046875.0,-23.88043
7347047812.5,-23.87962
7347048750.0,-23.88484
7347049687.5,-23.88474
7347050625.0,-23.88704
7347051562.5,-23.88689
7347052500.0,-23.88924
7347053437.5,-23.88917
7347054375.0,-23.89054
7347055312.5,-23.89162
7347056250.0,-23.89512
7347057187.5,-23.89527
7347058125.0,-23.89903
7347059062.5,-23.89992
7347060000.0,-23.89739
7347060937.5,-23.90205
7347061875.0,-23.90406
7347062812.5,-23.9032
7347063750.0,-23.90919
7347064687.5,-23.90924
7347065625.0,-23.91428
7347066562.5,-23.91022
7347067500.0,-23.91224
7347068437.5,-23.91603
7347069375.0,-23.91419
7347070312.5,-23.91249
7347071250.0,-23.91748
7347072187.5,-23.91899
7347073125.0,-23.92065
7347074062.5,-23.92096
7347075000.0,-23.9223
7347075937.5,-23.92327
7347076875.0,-23.92532
7347077812.5,-23.92815
7347078750.0,-23.92849
7347079687.5,-23.92953
7347080625.0,-23.93433
7347081562.5,-23.93321
7347082500.0,-23.93246
7347083437.5,-23.9357
7347084375.0,-23.93564
7347085312.5,-23.93829
7347086250.0,-23.94005
7347087187.5,-23.94348
7347088125.0,-23.93716
7347089062.5,-23.94372
7347090000.0,-23.94718
7347090937.5,-23.94526
7347091875.0,-23.94786
7347092812.5,-23.95036
7347093750.0,-23.94721
7347094687.5,-23.95218
7347095625.0,-23.95445
7347096562.5,-23.95614
7347097500.0,-23.95635
7347098437.5,-23.95893
7347099375.0,-23.95759
7347100312.5,-23.96643
7347101250.0,-23.96089
7347102187.5,-23.96375
7347103125.0,-23.96383
7347104062.5,-23.96597
7347105000.0,-23.97228
7347105937.5,-23.96844
7347106875.0,-23.96905
7347107812.5,-23.97401
7347108750.0,-23.97394
7347109687.5,-23.9736
7347110625.0,-23.97514
7347111562.5,-23.98074
7347112500.0,-23.97564
7347113437.5,-23.98266
7347114375.0,-23.9832
7347115312.5,-23.98258
7347116250.0,-23.9877
7347117187.5,-23.98655
7347118125.0,-23.98884
7347119062.5,-23.99162
7347120000.0,-23.99096
7347120937.5,-23.99399
7347121875.0,-23.99354
7347122812.5,-23.99378
7347123750.0,-23.99794
7347124687.5,-23.99534
7347125625.0,-24.00026
7347126562.5,-24.00065
7347127500.0,-24.00194
7347128437.5,-24.0003
7347129375.0,-24.00727
7347130312.5,-24.00729
7347131250.0,-24.00859
7347132187.5,-24.01122
7347133125.0,-24.01122
7347134062.5,-24.00997
7347135000.0,-24.01231
7347135937.5,-24.01781
7347136875.0,-24.01647
7347137812.5,-24.01796
7347138750.0,-24.01815
7347139687.5,-24.02228
7347140625.0,-24.02003
7347141562.5,-24.02521
7347142500.0,-24.02176
7347143437.5,-24.02722
7347144375.0,-24.02778
7347145312.5,-24.02966
7347146250.0,-24.0307
7347147187.5,-24.03112
7347148125.0,-24.03363
7347149062.5,-24.03458
7347150000.0,-24.03522
7347150937.5,-24.03585
7347151875.0,-24.04025
7347152812.5,-24.03941
7347153750.0,-24.04213
7347154687.5,-24.0427
7347155625.0,-24.04598
7347156562.5,-24.04525
7347157500.0,-24.04709
7347158437.5,-24.04728
7347159375.0,-24.05165
7347160312.5,-24.04943
7347161250.0,-24.05164
7347162187.5,-24.05251
7347163125.0,-24.05622
7347164062.5,-24.05532
7347165000.0,-24.05636
7347165937.5,-24.05947
7347166875.0,-24.06107
7347167812.5,-24.06528
7347168750.0,-24.06313
7347169687.5,-24.06415
7347170625.0,-24.06756
7347171562.5,-24.07062
7347172500.0,-24.06595
7347173437.5,-24.06893
7347174375.0,-24.07408
7347175312.5,-24.07352
7347176250.0,-24.07449
7347177187.5,-24.07711
7347178125.0,-24.0775
7347179062.5,-24.07862
7347180000.0,-24.07838
7347180937.5,-24.08345
7347181875.0,-24.08111
7347182812.5,-24.08499
7347183750.0,-24.08572
7347184687.5,-24.08632
7347185625.0,-24.08928
7347186562.5,-24.08748
7347187500.0,-24.0921
7347188437.5,-24.09317
7347189375.0,-24.09671
7347190312.5,-24.09715
7347191250.0,-24.09801
7347192187.5,-24.09733
7347193125.0,-24.09957
7347194062.5,-24.09987
7347195000.0,-24.10216
7347195937.5,-24.1029
7347196875.0,-24.10476
7347197812.5,-24.10709
7347198750.0,-24.1058
7347199687.5,-24.10575
7347200625.0,-24.11075
7347201562.5,-24.11083
7347202500.0,-24.11274
7347203437.5,-24.1146
7347204375.0,-24.1177
7347205312.5,-24.11818
7347206250.0,-24.11786
7347207187.5,-24.12318
7347208125.0,-24.12608
7347209062.5,-24.12066
7347210000.0,-24.12705
7347210937.5,-24.12616
7347211875.0,-24.12803
7347212812.5,-24.12761
7347213750.0,-24.13297
7347214687.5,-24.13329
7347215625.0,-24.13021
7347216562.5,-24.13576
7347217500.0,-24.13542
7347218437.5,-24.13789
7347219375.0,-24.13778
7347220312.5,-24.13812
7347221250.0,-24.14182
7347222187.5,-24.14214
7347223125.0,-24.14225
7347224062.5,-24.14519
7347225000.0,-24.15067
7347225937.5,-24.14507
7347226875.0,-24.14769
7347227812.5,-24.15512
7347228750.0,-24.15466
7347229687.5,-24.1532
7347230625.0,-24.1512
7347231562.5,-24.15976
7347232500.0,-24.15888
7347233437.5,-24.1579
7347234375.0,-24.1616
7347235312.5,-24.16171
7347236250.0,-24.16378
7347237187.5,-24.16581
7347238125.0,-24.16395
7347239062.5,-24.16749
7347240000.0,-24.16775
7347240937.5,-24.16916
7347241875.0,-24.17368
7347242812.5,-24.17323
7347243750.0,-24.17239
7347244687.5,-24.17693
7347245625.0,-24.17503
7347246562.5,-24.17896
7347247500.0,-24.17928
7347248437.5,-24.17634
7347249375.0,-24.18513
7347250312.5,-24.18198
7347251250.0,-24.18538
7347252187.5,-24.18603
7347253125.0,-24.18749
7347254062.5,-24.19022
7347255000.0,-24.1917
7347255937.5,-24.1954
7347256875.0,-24.19359
7347257812.5,-24.19575
7347258750.0,-24.19736
7347259687.5,-24.19789
7347260625.0,-24.20092
7347261562.5,-24.20167
7347262500.0,-24.19959
7347263437.5,-24.20321
7347264375.0,-24.2052
7347265312.5,-24.20675
7347266250.0,-24.2053
7347267187.5,-24.20832
7347268125.0,-24.21159
7347269062.5,-24.21051
7347270000.0,-24.21298
7347270937.5,-24.21594
7347271875.0,-24.21502
7347272812.5,-24.21727
7347273750.0,-24.22196
7347274687.5,-24.21904
7347275625.0,-24.22203
7347276562.5,-24.2226
7347277500.0,-24.22379
7347278437.5,-24.22679
7347279375.0,-24.22519
7347280312.5,-24.22692
7347281250.0,-24.23041
7347282187.5,-24.22965
7347283125.0,-24.23182
7347284062.5,-24.23084
7347285000.0,-24.23253
7347285937.5,-24.23539
7347286875.0,-24.24075
7347287812.5,-24.23966
7347288750.0,-24.23972
7347289687.5,-24.24194
7347290625.0,-24.24305
7347291562.5,-24.24659
7347292500.0,-24.24536
7347293437.5,-24.24771
7347294375.0,-24.2485
7347295312.5,-24.24881
7347296250.0,-24.25012
7347297187.5,-24.2564
7347298125.0,-24.25058
7347299062.5,-24.25763
7347300000.0,-24.25781
7347300937.5,-24.25844
7347301875.0,-24.25969
7347302812.5,-24.26007
7347303750.0,-24.26298
7347304687.5,-24.26275
7347305625.0,-24.26482
7347306562.5,-24.26813
7347307500.0,-24.26571
7347308437.5,-24.26808
7347309375.0,-24.2681
7347310312.5,-24.26922
7347311250.0,-24.27266
7347312187.5,-24.27259
7347313125.0,-24.27616
7347314062.5,-24.27938
7347315000.0,-24.27924
7347315937.5,-24.27952
7347316875.0,-24.28275
7347317812.5,-24.2831
7347318750.0,-24.28222
7347319687.5,-24.28476
7347320625.0,-24.28629
7347321562.5,-24.28741
7347322500.0,-24.29022
7347323437.5,-24.29175
7347324375.0,-24.29283
7347325312.5,-24.29293
7347326250.0,-24.29574
7347327187.5,-24.29155
7347328125.0,-24.29527
7347329062.5,-24.30083
7347330000.0,-24.29888
7347330937.5,-24.30182
7347331875.0,-24.30267
7347332812.5,-24.30301
7347333750.0,-24.30503
7347334687.5,-24.30519
7347335625.0,-24.3101
7347336562.5,-24.31098
7347337500.0,-24.31029
7347338437.5,-24.31425
7347339375.0,-24.31375
7347340312.5,-24.31589
7347341250.0,-24.31347
7347342187.5,-24.3206
7347343125.0,-24.31836
7347344062.5,-24.32398
7347345000.0,-24.32282
7347345937.5,-24.32334
7347346875.0,-24.32482
7347347812.5,-24.32593
7347348750.0,-24.32871
7347349687.5,-24.32746
7347350625.0,-24.33034
7347351562.5,-24.33421
7347352500.0,-24.33617
7347353437.5,-24.33604
7347354375.0,-24.33737
7347355312.5,-24.33936
7347356250.0,-24.3401
7347357187.5,-24.34027
7347358125.0,-24.34119
7347359062.5,-24.34278
7347360000.0,-24.34293
7347360937.5,-24.34316
7347361875.0,-24.34765
7347362812.5,-24.35022
7347363750.0,-24.34856
7347364687.5,-24.35178
7347365625.0,-24.34914
7347366562.5,-24.35457
7347367500.0,-24.35756
7347368437.5,-24.35487
7347369375.0,-24.35482
7347370312.5,-24.35812
7347371250.0,-24.35883
7347372187.5,-24.36329
7347373125.0,-24.35922
7347374062.5,-24.36455
7347375000.0,-24.36581
7347375937.5,-24.36686
7347376875.0,-24.36783
7347377812.5,-24.37079
7347378750.0,-24.3729
7347379687.5,-24.37101
7347380625.0,-24.37346
7347381562.5,-24.37424
7347382500.0,-24.37776
7347383437.5,-24.37675
7347384375.0,-24.37854
7347385312.5,-24.38078
7347386250.0,-24.38305
7347387187.5,-24.3845
7347388125.0,-24.38304
7347389062.5,-24.38389
7347390000.0,-24.3857
7347390937.5,-24.38656
7347391875.0,-24.39052
7347392812.5,-24.3925
7347393750.0,-24.39025
7347394687.5,-24.39262
7347395625.0,-24.39509
7347396562.5,-24.3949
7347397500.0,-24.39651
7347398437.5,-24.39707
7347399375.0,-24.40008
7347400312.5,-24.40111
7347401250.0,-24.40364
7347402187.5,-24.40427
7347403125.0,-24.40537
7347404062.5,-24.40482
7347405000.0,-24.4058
7347405937.5,-24.40592
7347406875.0,-24.41271
7347407812.5,-24.40985
7347408750.0,-24.4136
7347409687.5,-24.41656
7347410625.0,-24.41458
7347411562.5,-24.41813
7347412500.0,-24.41839
7347413437.5,-24.41825
7347414375.0,-24.42123
7347415312.5,-24.42144
7347416250.0,-24.4258
7347417187.5,-24.42657
7347418125.0,-24.42724
7347419062.5,-24.42803
7347420000.0,-24.42683
7347420937.5,-24.431
7347421875.0,-24.43105
7347422812.5,-24.43496
7347423750.0,-24.43541
7347424687.5,-24.43773
7347425625.0,-24.43634
7347426562.5,-24.43886
7347427500.0,-24.43957
7347428437.5,-24.44021
7347429375.0,-24.44168
7347430312.5,-24.44506
7347431250.0,-24.44608
7347432187.5,-24.4488
7347433125.0,-24.44543
7347434062.5,-24.44816
7347435000.0,-24.45083
7347435937.5,-24.4519
7347436875.0,-24.453
7347437812.5,-24.45666
7347438750.0,-24.45208
7347439687.5,-24.45924
7347440625.0,-24.46049
7347441562.5,-24.46062
7347442500.0,-24.46324
7347443437.5,-24.46272
7347444375.0,-24.46645
7347445312.5,-24.46782
7347446250.0,-24.46937
7347447187.5,-24.46925
7347448125.0,-24.46887
7347449062.5,-24.46786
7347450000.0,-24.47212
7347450937.5,-24.47398
7347451875.0,-24.47434
7347452812.5,-24.47366
7347453750.0,-24.47923
7347454687.5,-24.47526
7347455625.0,-24.47943
7347456562.5,-24.48294
7347457500.0,-24.4851
7347458437.5,-24.4867
7347459375.0,-24.48464
7347460312.5,-24.48903
7347461250.0,-24.48698
7347462187.5,-24.49102
7347463125.0,-24.49129
7347464062.5,-24.49129
7347465000.0,-24.49418
7347465937.5,-24.49675
7347466875.0,-24.49485
7347467812.5,-24.50044
7347468750.0,-24.50124
7347469687.5,-24.50103
7347470625.0,-24.5029
7347471562.5,-24.50413
7347472500.0,-24.50484
7347473437.5,-24.50369
7347474375.0,-24.50737
7347475312.5,-24.50777
7347476250.0,-24.5095
7347477187.5,-24.50949
7347478125.0,-24.51444
7347479062.5,-24.51444
7347480000.0,-24.51527
7347480937.5,-24.51293
7347481875.0,-24.51651
7347482812.5,-24.52029
7347483750.0,-24.52011
7347484687.5,-24.5218
7347485625.0,-24.52294
7347486562.5,-24.52065
7347487500.0,-24.52392
7347488437.5,-24.52823
7347489375.0,-24.53073
7347490312.5,-24.53198
7347491250.0,-24.53143
7347492187.5,-24.52986
7347493125.0,-24.53131
7347494062.5,-24.53549
7347495000.0,-24.53929
7347495937.5,-24.53646
7347496875.0,-24.54031
7347497812.5,-24.54146
7347498750.0,-24.54166
7347499687.5,-24.54172
7347500625.0,-24.54382
7347501562.5,-24.54524
7347502500.0,-24.54781
7347503437.5,-24.54695
7347504375.0,-24.54969
7347505312.5,-24.55149
7347506250.0,-24.55251
7347507187.5,-24.5533
7347508125.0,-24.55485
7347509062.5,-24.55637
7347510000.0,-24.55507
7347510937.5,-24.55961
7347511875.0,-24.55803
7347512812.5,-24.56078
7347513750.0,-24.56226
7347514687.5,-24.56348
7347515625.0,-24.56628
7347516562.5,-24.568
7347517500.0,-24.56533
7347518437.5,-24.56892
7347519375.0,-24.57034
7347520312.5,-24.57057
7347521250.0,-24.57121
7347522187.5,-24.57158
7347523125.0,-24.57558
7347524062.5,-24.57551
7347525000.0,-24.57887
7347525937.5,-24.57764
7347526875.0,-24.57994
7347527812.5,-24.58315
7347528750.0,-24.58455
7347529687.5,-24.58523
7347530625.0,-24.58335
7347531562.5,-24.58777
7347532500.0,-24.58736
7347533437.5,-24.5873
7347534375.0,-24.59308
7347535312.5,-24.5952
7347536250.0,-24.5923
7347537187.5,-24.59605
7347538125.0,-24.59568
7347539062.5,-24.60039
7347540000.0,-24.59855
7347540937.5,-24.60023
7347541875.0,-24.60462
7347542812.5,-24.60336
7347543750.0,-24.60428
7347544687.5,-24.60664
7347545625.0,-24.60622
7347546562.5,-24.60996
7347547500.0,-24.60775
7347548437.5,-24.60604
7347549375.0,-24.61069
7347550312.5,-24.61654
7347551250.0,-24.61384
7347552187.5,-24.61489
7347553125.0,-24.6185
7347554062.5,-24.61615
7347555000.0,-24.61717
7347555937.5,-24.62019
7347556875.0,-24.62532
7347557812.5,-24.62702
7347558750.0,-24.62572
7347559687.5,-24.62769
7347560625.0,-24.62927
7347561562.5,-24.62903
7347562500.0,-24.62875
7347563437.5,-24.6339
7347564375.0,-24.63381
7347565312.5,-24.63951
7347566250.0,-24.63409
7347567187.5,-24.63847
7347568125.0,-24.63736
7347569062.5,-24.64212
7347570000.0,-24.63992
7347570937.5,-24.64068
7347571875.0,-24.64462
7347572812.5,-24.64202
7347573750.0,-24.64587
7347574687.5,-24.64662
7347575625.0,-24.64696
7347576562.5,-24.65065
7347577500.0,-24.64998
7347578437.5,-24.65206
7347579375.0,-24.6542
7347580312.5,-24.65204
7347581250.0,-24.65548
7347582187.5,-24.65497
7347583125.0,-24.65841
7347584062.5,-24.66088
7347585000.0,-24.66032
7347585937.5,-24.66262
7347586875.0,-24.66626
7347587812.5,-24.66404
7347588750.0,-24.66784
7347589687.5,-24.66774
7347590625.0,-24.67261
7347591562.5,-24.67073
7347592500.0,-24.67195
7347593437.5,-24.67441
7347594375.0,-24.67403
7347595312.5,-24.67502
7347596250.0,-24.67944
7347597187.5,-24.67891
7347598125.0,-24.67572
7347599062.5,-24.68339
7347600000.0,-24.68536
7347600937.5,-24.68369
7347601875.0,-24.68442
7347602812.5,-24.68699
7347603750.0,-24.68643
7347604687.5,-24.68896
7347605625.0,-24.69099
7347606562.5,-24.69256
7347607500.0,-24.68972
7347608437.5,-24.69645
7347609375.0,-24.69556
7347610312.5,-24.69666
7347611250.0,-24.6966
7347612187.5,-24.69903
7347613125.0,-24.70287
7347614062.5,-24.70144
7347615000.0,-24.70346
7347615937.5,-24.7024
7347616875.0,-24.70602
7347617812.5,-24.70551
7347618750.0,-24.70645
7347619687.5,-24.71202
7347620625.0,-24.71002
7347621562.5,-24.71328
7347622500.0,-24.71305
7347623437.5,-24.71722
7347624375.0,-24.7158
7347625312.5,-24.71756
7347626250.0,-24.71968
7347627187.5,-24.71682
7347628125.0,-24.72265
7347629062.5,-24.72148
7347630000.0,-24.72199
7347630937.5,-24.72114
7347631875.0,-24.72767
7347632812.5,-24.72729
7347633750.0,-24.72669
7347634687.5,-24.729
7347635625.0,-24.72968
7347636562.5,-24.73287
7347637500.0,-24.73589
7347638437.5,-24.73354
7347639375.0,-24.73592
7347640312.5,-24.7385
7347641250.0,-24.74142
7347642187.5,-24.74296
7347643125.0,-24.74387
7347644062.5,-24.74014
7347645000.0,-24.74442
7347645937.5,-24.75041
7347646875.0,-24.74702
7347647812.5,-24.74914
7347648750.0,-24.74755
7347649687.5,-24.74973
7347650625.0,-24.75309
7347651562.5,-24.75025
7347652500.0,-24.75884
7347653437.5,-24.75938
7347654375.0,-24.76
7347655312.5,-24.75822
7347656250.0,-24.75928
7347657187.5,-24.76026
7347658125.0,-24.76427
7347659062.5,-24.7638
7347660000.0,-24.76291
7347660937.5,-24.77146
7347661875.0,-24.76761
7347662812.5,-24.77146
7347663750.0,-24.76985
7347664687.5,-24.76821
7347665625.0,-24.77391
7347666562.5,-24.77236
7347667500.0,-24.77613
7347668437.5,-24.7761
7347669375.0,-24.77811
7347670312.5,-24.78076
7347671250.0,-24.78046
7347672187.5,-24.78147
7347673125.0,-24.78345
7347674062.5,-24.78717
7347675000.0,-24.78904
7347675937.5,-24.78459
7347676875.0,-24.79035
7347677812.5,-24.78949
7347678750.0,-24.78971
7347679687.5,-24.79189
7347680625.0,-24.79567
7347681562.5,-24.79748
7347682500.0,-24.79626
7347683437.5,-24.79772
7347684375.0,-24.797
7347685312.5,-24.80108
7347686250.0,-24.80082
7347687187.5,-24.8042
7347688125.0,-24.80382
7347689062.5,-24.80386
7347690000.0,-24.80613
7347690937.5,-24.80912
7347691875.0,-24.80998
7347692812.5,-24.80855
7347693750.0,-24.81043
7347694687.5,-24.81007
7347695625.0,-24.81734
7347696562.5,-24.81566
7347697500.0,-24.81402
7347698437.5,-24.81941
7347699375.0,-24.82141
7347700312.5,-24.82234
7347701250.0,-24.82126
7347702187.5,-24.82593
7347703125.0,-24.82079
7347704062.5,-24.82214
7347705000.0,-24.82245
7347705937.5,-24.82974
7347706875.0,-24.82737
7347707812.5,-24.82755
7347708750.0,-24.83337
7347709687.5,-24.83303
7347710625.0,-24.83206
7347711562.5,-24.83196
7347712500.0,-24.83484
7347713437.5,-24.83891
7347714375.0,-24.83859
7347715312.5,-24.83777
7347716250.0,-24.84009
7347717187.5,-24.8468
7347718125.0,-24.84132
7347719062.5,-24.84982
7347720000.0,-24.84818
7347720937.5,-24.85107
7347721875.0,-24.85005
7347722812.5,-24.85065
7347723750.0,-24.85466
7347724687.5,-24.85228
7347725625.0,-24.85456
7347726562.5,-24.85818
7347727500.0,-24.85576
7347728437.5,-24.85942
7347729375.0,-24.85779
7347730312.5,-24.86395
7347731250.0,-24.85969
7347732187.5,-24.86389
7347733125.0,-24.86286
7347734062.5,-24.86506
7347735000.0,-24.86752
7347735937.5,-24.86456
7347736875.0,-24.87289
7347737812.5,-24.87422
7347738750.0,-24.87324
7347739687.5,-24.87207
7347740625.0,-24.8764
7347741562.5,-24.87469
7347742500.0,-24.88013
7347743437.5,-24.8802
7347744375.0,-24.87951
7347745312.5,-24.88249
7347746250.0,-24.8824
7347747187.5,-24.88422
7347748125.0,-24.88555
7347749062.5,-24.88275
7347750000.0,-24.88601
7347750937.5,-24.89089
7347751875.0,-24.88801
7347752812.5,-24.89025
7347753750.0,-24.88991
7347754687.5,-24.89257
7347755625.0,-24.89434
7347756562.5,-24.8973
7347757500.0,-24.89731
7347758437.5,-24.89691
7347759375.0,-24.90024
7347760312.5,-24.90306
7347761250.0,-24.90133
7347762187.5,-24.90714
7347763125.0,-24.90646
7347764062.5,-24.90898
7347765000.0,-24.90931
7347765937.5,-24.90435
7347766875.0,-24.90775
7347767812.5,-24.91246
7347768750.0,-24.91115
7347769687.5,-24.91339
7347770625.0,-24.91815
7347771562.5,-24.91591
7347772500.0,-24.91773
7347773437.5,-24.92177
7347774375.0,-24.91808
7347775312.5,-24.92204
7347776250.0,-24.92646
7347777187.5,-24.92599
7347778125.0,-24.92245
7347779062.5,-24.92876
7347780000.0,-24.92697
7347780937.5,-24.93007
7347781875.0,-24.92941
7347782812.5,-24.93087
7347783750.0,-24.93465
7347784687.5,-24.93092
7347785625.0,-24.93661
7347786562.5,-24.93371
7347787500.0,-24.9371
7347788437.5,-24.94093
7347789375.0,-24.94319
7347790312.5,-24.94109
7347791250.0,-24.94306
7347792187.5,-24.94559
7347793125.0,-24.94313
7347794062.5,-24.94441
7347795000.0,-24.95419
7347795937.5,-24.95022
7347796875.0,-24.94862
7347797812.5,-24.95431
7347798750.0,-24.95497
7347799687.5,-24.95349
7347800625.0,-24.95546
7347801562.5,-24.9583
7347802500.0,-24.95907
7347803437.5,-24.95866
7347804375.0,-24.95771
7347805312.5,-24.9627
7347806250.0,-24.96266
7347807187.5,-24.96749
7347808125.0,-24.96376
7347809062.5,-24.96952
7347810000.0,-24.96743
7347810937.5,-24.96971
7347811875.0,-24.96909
7347812812.5,-24.97149
7347813750.0,-24.97477
7347814687.5,-24.97393
7347815625.0,-24.97525
7347816562.5,-24.97656
7347817500.0,-24.97727
7347818437.5,-24.98029
7347819375.0,-24.98317
7347820312.5,-24.97781
7347821250.0,-24.98261
7347822187.5,-24.98502
7347823125.0,-24.98576
7347824062.5,-24.9858
7347825000.0,-24.98846
7347825937.5,-24.99166
7347826875.0,-24.99271
7347827812.5,-24.98929
7347828750.0,-24.99461
7347829687.5,-24.98998
7347830625.0,-24.99516
7347831562.5,-24.99521
7347832500.0,-24.99741
7347833437.5,-24.99889
7347834375.0,-24.99984
7347835312.5,-25.00211
7347836250.0,-25.00241
7347837187.5,-25.00604
7347838125.0,-25.00728
7347839062.5,-25.00687
7347840000.0,-25.00928
7347840937.5,-25.00946
7347841875.0,-25.01
7347842812.5,-25.01178
7347843750.0,-25.0147
7347844687.5,-25.01336
7347845625.0,-25.01475
7347846562.5,-25.01726
7347847500.0,-25.01732
7347848437.5,-25.01731
7347849375.0,-25.02036
7347850312.5,-25.0218
7347851250.0,-25.02407
7347852187.5,-25.02253
7347853125.0,-25.02569
7347854062.5,-25.02302
7347855000.0,-25.02934
7347855937.5,-25.03044
7347856875.0,-25.03161
7347857812.5,-25.03407
7347858750.0,-25.03083
7347859687.5,-25.0366
7347860625.0,-25.0346
7347861562.5,-25.03804
7347862500.0,-25.04046
7347863437.5,-25.03595
7347864375.0,-25.04001
7347865312.5,-25.04237
7347866250.0,-25.04199
7347867187.5,-25.04308
7347868125.0,-25.04434
7347869062.5,-25.04744
7347870000.0,-25.04798
7347870937.5,-25.04965
7347871875.0,-25.053
7347872812.5,-25.05044
7347873750.0,-25.05486
7347874687.5,-25.05096
7347875625.0,-25.0547
7347876562.5,-25.05774
7347877500.0,-25.06027
7347878437.5,-25.05827
7347879375.0,-25.06216
7347880312.5,-25.06072
7347881250.0,-25.06032
7347882187.5,-25.06501
7347883125.0,-25.06344
7347884062.5,-25.06817
7347885000.0,-25.06833
7347885937.5,-25.06881
7347886875.0,-25.07172
7347887812.5,-25.0718
7347888750.0,-25.07365
7347889687.5,-25.07475
7347890625.0,-25.07312
7347891562.5,-25.07394
7347892500.0,-25.07917
7347893437.5,-25.07923
7347894375.0,-25.08082
7347895312.5,-25.08684
7347896250.0,-25.08545
7347897187.5,-25.08204
7347898125.0,-25.0863
7347899062.5,-25.08697
7347900000.0,-25.0863
7347900937.5,-25.08728
7347901875.0,-25.09077
7347902812.5,-25.09151
7347903750.0,-25.095
7347904687.5,-25.09584
7347905625.0,-25.09308
7347906562.5,-25.09639
7347907500.0,-25.09752
7347908437.5,-25.09876
7347909375.0,-25.10066
7347910312.5,-25.10108
7347911250.0,-25.10229
7347912187.5,-25.10416
7347913125.0,-25.10416
7347914062.5,-25.10186
7347915000.0,-25.10485
7347915937.5,-25.10711
7347916875.0,-25.1076
7347917812.5,-25.10963
7347918750.0,-25.11593
7347919687.5,-25.11438
7347920625.0,-25.1162
7347921562.5,-25.11637
7347922500.0,-25.11746
7347923437.5,-25.12018
7347924375.0,-25.12392
7347925312.5,-25.12073
7347926250.0,-25.12283
7347927187.5,-25.12085
7347928125.0,-25.1264
7347929062.5,-25.12402
7347930000.0,-25.1265
7347930937.5,-25.12658
7347931875.0,-25.12816
7347932812.5,-25.12825
7347933750.0,-25.13491
7347934687.5,-25.13224
7347935625.0,-25.13537
7347936562.5,-25.13533
7347937500.0,-25.13629
7347938437.5,-25.13781
7347939375.0,-25.13951
7347940312.5,-25.14083
7347941250.0,-25.14299
7347942187.5,-25.14195
7347943125.0,-25.14497
7347944062.5,-25.14557
7347945000.0,-25.14445
7347945937.5,-25.14881
7347946875.0,-25.1527
7347947812.5,-25.15202
7347948750.0,-25.15144
7347949687.5,-25.15606
7347950625.0,-25.1536
7347951562.5,-25.15743
7347952500.0,-25.15484
7347953437.5,-25.1579
7347954375.0,-25.158
7347955312.5,-25.16023
7347956250.0,-25.16274
7347957187.5,-25.16129
7347958125.0,-25.16426
7347959062.5,-25.16525
7347960000.0,-25.16579
7347960937.5,-25.17012
7347961875.0,-25.1669
7347962812.5,-25.17082
7347963750.0,-25.17181
7347964687.5,-25.17192
7347965625.0,-25.1732
7347966562.5,-25.1741
7347967500.0,-25.17722
7347968437.5,-25.17604
7347969375.0,-25.17686
7347970312.5,-25.17731
7347971250.0,-25.18087
7347972187.5,-25.18432
7347973125.0,-25.18177
7347974062.5,-25.18196
7347975000.0,-25.18266
7347975937.5,-25.18678
7347976875.0,-25.18792
7347977812.5,-25.18906
7347978750.0,-25.19015
7347979687.5,-25.19209
7347980625.0,-25.19416
7347981562.5,-25.19608
7347982500.0,-25.19808
7347983437.5,-25.19673
7347984375.0,-25.20034
7347985312.5,-25.20328
7347986250.0,-25.20095
7347987187.5,-25.19763
7347988125.0,-25.20074
7347989062.5,-25.20333
7347990000.0,-25.20576
7347990937.5,-25.20619
7347991875.0,-25.20743
7347992812.5,-25.21088
7347993750.0,-25.21386
7347994687.5,-25.20922
7347995625.0,-25.21627
7347996562.5,-25.21365
7347997500.0,-25.21931
7347998437.5,-25.22051
7347999375.0,-25.21621
7348000312.5,-25.22025
7348001250.0,-25.21911
7348002187.5,-25.2183
7348003125.0,-25.22593
7348004062.5,-25.22108
7348005000.0,-25.22446
7348005937.5,-25.22355
7348006875.0,-25.22738
7348007812.5,-25.22886
7348008750.0,-25.22901
7348009687.5,-25.23141
7348010625.0,-25.23308
7348011562.5,-25.23409
7348012500.0,-25.23637
7348013437.5,-25.23589
7348014375.0,-25.23853
7348015312.5,-25.24193
7348016250.0,-25.23996
7348017187.5,-25.24276
7348018125.0,-25.24119
7348019062.5,-25.2441
7348020000.0,-25.24451
7348020937.5,-25.24524
7348021875.0,-25.24827
7348022812.5,-25.24844
7348023750.0,-25.25193
7348024687.5,-25.25119
7348025625.0,-25.25133
7348026562.5,-25.24986
7348027500.0,-25.25119
7348028437.5,-25.2502
7348029375.0,-25.25566
7348030312.5,-25.25527
7348031250.0,-25.25863
7348032187.5,-25.25892
7348033125.0,-25.26043
7348034062.5,-25.26217
7348035000.0,-25.26474
7348035937.5,-25.26596
7348036875.0,-25.26851
7348037812.5,-25.26569
7348038750.0,-25.26859
7348039687.5,-25.27055
7348040625.0,-25.26678
7348041562.5,-25.27033
7348042500.0,-25.27511
7348043437.5,-25.27835
7348044375.0,-25.27764
7348045312.5,-25.27579
7348046250.0,-25.27716
7348047187.5,-25.28
7348048125.0,-25.28031
7348049062.5,-25.2805
7348050000.0,-25.28106
7348050937.5,-25.28254
7348051875.0,-25.28732
7348052812.5,-25.28823
7348053750.0,-25.28922
7348054687.5,-25.29153
7348055625.0,-25.29048
7348056562.5,-25.29117
7348057500.0,-25.29407
7348058437.5,-25.29532
7348059375.0,-25.29762
7348060312.5,-25.29358
7348061250.0,-25.29747
7348062187.5,-25.29971
7348063125.0,-25.30272
7348064062.5,-25.30267
7348065000.0,-25.30027
7348065937.5,-25.30345
7348066875.0,-25.304
7348067812.5,-25.30391
7348068750.0,-25.30403
7348069687.5,-25.30882
7348070625.0,-25.31064
7348071562.5,-25.31535
7348072500.0,-25.31106
7348073437.5,-25.31213
7348074375.0,-25.31421
7348075312.5,-25.31432
7348076250.0,-25.3178
7348077187.5,-25.31457
7348078125.0,-25.31894
7348079062.5,-25.32231
7348080000.0,-25.32187
7348080937.5,-25.3211
7348081875.0,-25.32114
7348082812.5,-25.32239
7348083750.0,-25.32799
7348084687.5,-25.32561
7348085625.0,-25.33039
7348086562.5,-25.32745
7348087500.0,-25.33203
7348088437.5,-25.33321
7348089375.0,-25.33207
7348090312.5,-25.33733
7348091250.0,-25.33917
7348092187.5,-25.33917
7348093125.0,-25.33901
7348094062.5,-25.3409
7348095000.0,-25.34142
7348095937.5,-25.34509
7348096875.0,-25.34378
7348097812.5,-25.34205
7348098750.0,-25.34482
7348099687.5,-25.3501
7348100625.0,-25.34538
7348101562.5,-25.34934
7348102500.0,-25.35078
7348103437.5,-25.35452
7348104375.0,-25.35484
7348105312.5,-25.35355
7348106250.0,-25.35367
7348107187.5,-25.35733
7348108125.0,-25.35826
7348109062.5,-25.35694
7348110000.0,-25.36099
7348110937.5,-25.36005
7348111875.0,-25.36194
7348112812.5,-25.36622
7348113750.0,-25.36534
7348114687.5,-25.36871
7348115625.0,-25.36629
7348116562.5,-25.37049
7348117500.0,-25.36611
7348118437.5,-25.37207
7348119375.0,-25.37217
7348120312.5,-25.37582
7348121250.0,-25.37734
7348122187.5,-25.37414
7348123125.0,-25.37707
7348124062.5,-25.37809
7348125000.0,-25.37711
7348125937.5,-25.38093
7348126875.0,-25.38224
7348127812.5,-25.38422
7348128750.0,-25.38401
7348129687.5,-25.38461
7348130625.0,-25.38612
7348131562.5,-25.38802
7348132500.0,-25.38881
7348133437.5,-25.38631
7348134375.0,-25.38955
7348135312.5,-25.39159
7348136250.0,-25.39141
7348137187.5,-25.39419
7348138125.0,-25.39492
7348139062.5,-25.39526
7348140000.0,-25.39868
7348140937.5,-25.39943
7348141875.0,-25.40492
7348142812.5,-25.40276
7348143750.0,-25.40266
7348144687.5,-25.40371
7348145625.0,-25.40504
7348146562.5,-25.4036
7348147500.0,-25.40351
7348148437.5,-25.40913
7348149375.0,-25.41002
7348150312.5,-25.41282
7348151250.0,-25.4135
7348152187.5,-25.41496
7348153125.0,-25.41592
7348154062.5,-25.41614
7348155000.0,-25.41823
7348155937.5,-25.42165
7348156875.0,-25.41867
7348157812.5,-25.42047
7348158750.0,-25.42171
7348159687.5,-25.42568
7348160625.0,-25.42533
7348161562.5,-25.42656
7348162500.0,-25.42539
7348163437.5,-25.42796
7348164375.0,-25.42967
7348165312.5,-25.42972
7348166250.0,-25.43247
7348167187.5,-25.43635
7348168125.0,-25.43399
7348169062.5,-25.43386
7348170000.0,-25.43506
7348170937.5,-25.44229
7348171875.0,-25.43814
7348172812.5,-25.43958
7348173750.0,-25.44113
7348174687.5,-25.4404
7348175625.0,-25.44397
7348176562.5,-25.44686
7348177500.0,-25.44683
7348178437.5,-25.44401
7348179375.0,-25.44915
7348180312.5,-25.44988
7348181250.0,-25.44648
7348182187.5,-25.45379
7348183125.0,-25.45159
7348184062.5,-25.45524
7348185000.0,-25.45305
7348185937.5,-25.45415
7348186875.0,-25.46103
7348187812.5,-25.45823
7348188750.0,-25.45922
7348189687.5,-25.4605
7348190625.0,-25.46014
7348191562.5,-25.45919
7348192500.0,-25.46468
7348193437.5,-25.46748
7348194375.0,-25.46746
7348195312.5,-25.46737
7348196250.0,-25.46884
7348197187.5,-25.47014
7348198125.0,-25.47291
7348199062.5,-25.46909
7348200000.0,-25.47472
7348200937.5,-25.47596
7348201875.0,-25.47996
7348202812.5,-25.47364
7348203750.0,-25.47648
7348204687.5,-25.47872
7348205625.0,-25.48197
7348206562.5,-25.48139
7348207500.0,-25.48088
7348208437.5,-25.48505
7348209375.0,-25.48698
7348210312.5,-25.48623
7348211250.0,-25.48849
7348212187.5,-25.48772
7348213125.0,-25.49158
7348214062.5,-25.49208
7348215000.0,-25.49398
7348215937.5,-25.49377
7348216875.0,-25.49553
7348217812.5,-25.49869
7348218750.0,-25.49654
7348219687.5,-25.49986
7348220625.0,-25.49866
7348221562.5,-25.5019
7348222500.0,-25.50356
7348223437.5,-25.50362
7348224375.0,-25.50114
7348225312.5,-25.50808
7348226250.0,-25.50633
7348227187.5,-25.5098
7348228125.0,-25.50675
7348229062.5,-25.50869
7348230000.0,-25.50969
7348230937.5,-25.51073
7348231875.0,-25.51477
7348232812.5,-25.51514
7348233750.0,-25.51279
7348234687.5,-25.51908
7348235625.0,-25.52193
7348236562.5,-25.52738
7348237500.0,-25.52149
7348238437.5,-25.52108
7348239375.0,-25.52375
7348240312.5,-25.52716
7348241250.0,-25.52729
7348242187.5,-25.52703
7348243125.0,-25.52983
7348244062.5,-25.52913
7348245000.0,-25.53128
7348245937.5,-25.53174
7348246875.0,-25.53395
7348247812.5,-25.5347
7348248750.0,-25.5346
7348249687.5,-25.53597
7348250625.0,-25.53939
7348251562.5,-25.54217
7348252500.0,-25.54069
7348253437.5,-25.53881
7348254375.0,-25.5425
7348255312.5,-25.54362
7348256250.0,-25.54746
7348257187.5,-25.54264
7348258125.0,-25.54749
7348259062.5,-25.5487
7348260000.0,-25.54913
7348260937.5,-25.55355
7348261875.0,-25.55445
7348262812.5,-25.55191
7348263750.0,-25.55294
7348264687.5,-25.55465
7348265625.0,-25.55601
7348266562.5,-25.55796
7348267500.0,-25.56031
7348268437.5,-25.56111
7348269375.0,-25.56062
7348270312.5,-25.56372
7348271250.0,-25.56585
7348272187.5,-25.56537
7348273125.0,-25.56311
7348274062.5,-25.56825
7348275000.0,-25.56643
7348275937.5,-25.56931
7348276875.0,-25.5673
7348277812.5,-25.57089
7348278750.0,-25.57046
7348279687.5,-25.57407
7348280625.0,-25.57452
7348281562.5,-25.57693
7348282500.0,-25.57823
7348283437.5,-25.57711
7348284375.0,-25.58228
7348285312.5,-25.57978
7348286250.0,-25.5813
7348287187.5,-25.58009
7348288125.0,-25.58271
7348289062.5,-25.59011
7348290000.0,-25.58639
7348290937.5,-25.58518
7348291875.0,-25.59039
7348292812.5,-25.5888
7348293750.0,-25.5904
7348294687.5,-25.59192
7348295625.0,-25.59495
7348296562.5,-25.59108
7348297500.0,-25.59552
7348298437.5,-25.59724
7348299375.0,-25.59558
7348300312.5,-25.59749
7348301250.0,-25.59948
7348302187.5,-25.59814
7348303125.0,-25.60057
7348304062.5,-25.60395
7348305000.0,-25.60505
7348305937.5,-25.6089
7348306875.0,-25.60943
7348307812.5,-25.60976
7348308750.0,-25.61289
7348309687.5,-25.61065
7348310625.0,-25.60904
7348311562.5,-25.61733
7348312500.0,-25.61537
7348313437.5,-25.61392
7348314375.0,-25.61622
7348315312.5,-25.61435
7348316250.0,-25.61581
7348317187.5,-25.62012
7348318125.0,-25.62195
7348319062.5,-25.62204
7348320000.0,-25.62116
7348320937.5,-25.62228
7348321875.0,-25.62959
7348322812.5,-25.62723
7348323750.0,-25.623
7348324687.5,-25.63148
7348325625.0,-25.62733
7348326562.5,-25.63363
7348327500.0,-25.63083
7348328437.5,-25.63841
7348329375.0,-25.63693
7348330312.5,-25.6412
7348331250.0,-25.6376
7348332187.5,-25.63654
7348333125.0,-25.63869
7348334062.5,-25.6388
7348335000.0,-25.64085
7348335937.5,-25.6453
7348336875.0,-25.64333
7348337812.5,-25.64389
7348338750.0,-25.64355
7348339687.5,-25.64749
7348340625.0,-25.65143
7348341562.5,-25.6523
7348342500.0,-25.65103
7348343437.5,-25.65098
7348344375.0,-25.65386
7348345312.5,-25.65363
7348346250.0,-25.65762
7348347187.5,-25.65796
7348348125.0,-25.66018
7348349062.5,-25.65997
7348350000.0,-25.66399
7348350937.5,-25.66358
7348351875.0,-25.66327
7348352812.5,-25.66639
7348353750.0,-25.66706
7348354687.5,-25.67192
7348355625.0,-25.66777
7348356562.5,-25.66932
7348357500.0,-25.66925
7348358437.5,-25.67383
7348359375.0,-25.67516
7348360312.5,-25.67498
7348361250.0,-25.67591
7348362187.5,-25.67742
7348363125.0,-25.67515
7348364062.5,-25.67981
7348365000.0,-25.68138
7348365937.5,-25.67987
7348366875.0,-25.67923
7348367812.5,-25.68246
7348368750.0,-25.6808
7348369687.5,-25.68641
7348370625.0,-25.68548
7348371562.5,-25.68423
7348372500.0,-25.68862
7348373437.5,-25.68826
7348374375.0,-25.69147
7348375312.5,-25.69115
7348376250.0,-25.69157
7348377187.5,-25.69819
7348378125.0,-25.69497
7348379062.5,-25.69338
7348380000.0,-25.70033
7348380937.5,-25.69587
7348381875.0,-25.69901
7348382812.5,-25.70092
7348383750.0,-25.70376
7348384687.5,-25.70514
7348385625.0,-25.70496
7348386562.5,-25.70679
7348387500.0,-25.70313
7348388437.5,-25.70706
7348389375.0,-25.70873
7348390312.5,-25.7089
7348391250.0,-25.71027
7348392187.5,-25.71298
7348393125.0,-25.70981
7348394062.5,-25.71177
7348395000.0,-25.71698
7348395937.5,-25.71915
7348396875.0,-25.71748
7348397812.5,-25.72205
7348398750.0,-25.72146
7348399687.5,-25.72305
7348400625.0,-25.72036
7348401562.5,-25.72693
7348402500.0,-25.72645
7348403437.5,-25.72482
7348404375.0,-25.73079
7348405312.5,-25.72907
7348406250.0,-25.73116
7348407187.5,-25.72676
7348408125.0,-25.72947
7348409062.5,-25.73255
7348410000.0,-25.73074
7348410937.5,-25.73424
7348411875.0,-25.73687
7348412812.5,-25.74239
7348413750.0,-25.74032
7348414687.5,-25.73908
7348415625.0,-25.742
7348416562.5,-25.74438
7348417500.0,-25.74488
7348418437.5,-25.74686
7348419375.0,-25.74553
7348420312.5,-25.74968
7348421250.0,-25.75084
7348422187.5,-25.74766
7348423125.0,-25.74859
7348424062.5,-25.75143
7348425000.0,-25.75476
7348425937.5,-25.75189
7348426875.0,-25.75443
7348427812.5,-25.75587
7348428750.0,-25.75394
7348429687.5,-25.75695
7348430625.0,-25.76033
7348431562.5,-25.76093
7348432500.0,-25.76136
7348433437.5,-25.76098
7348434375.0,-25.76436
7348435312.5,-25.76661
7348436250.0,-25.76865
7348437187.5,-25.76534
7348438125.0,-25.7667
7348439062.5,-25.77018
7348440000.0,-25.77271
7348440937.5,-25.77104
7348441875.0,-25.77248
7348442812.5,-25.77591
7348443750.0,-25.77567
7348444687.5,-25.7797
7348445625.0,-25.77852
7348446562.5,-25.77917
7348447500.0,-25.7815
7348448437.5,-25.78168
7348449375.0,-25.78465
7348450312.5,-25.77986
7348451250.0,-25.78541
7348452187.5,-25.78534
7348453125.0,-25.78481
7348454062.5,-25.78843
7348455000.0,-25.78886
7348455937.5,-25.78975
7348456875.0,-25.7906
7348457812.5,-25.79428
7348458750.0,-25.79335
7348459687.5,-25.79682
7348460625.0,-25.79371
7348461562.5,-25.79622
7348462500.0,-25.79877
7348463437.5,-25.79843
7348464375.0,-25.79966
7348465312.5,-25.79744
7348466250.0,-25.80367
7348467187.5,-25.80442
7348468125.0,-25.80476
7348469062.5,-25.80571
7348470000.0,-25.80721
7348470937.5,-25.80725
7348471875.0,-25.80583
7348472812.5,-25.8084
7348473750.0,-25.81143
7348474687.5,-25.81287
7348475625.0,-25.81334
7348476562.5,-25.81412
7348477500.0,-25.81991
7348478437.5,-25.81766
7348479375.0,-25.82125
7348480312.5,-25.821
7348481250.0,-25.82315
7348482187.5,-25.82403
7348483125.0,-25.82497
7348484062.5,-25.82454
7348485000.0,-25.82316
7348485937.5,-25.82768
7348486875.0,-25.82644
7348487812.5,-25.82708
7348488750.0,-25.82743
7348489687.5,-25.83189
7348490625.0,-25.83383
7348491562.5,-25.83317
7348492500.0,-25.83533
7348493437.5,-25.83514
7348494375.0,-25.83553
7348495312.5,-25.83636
7348496250.0,-25.83991
7348497187.5,-25.83852
7348498125.0,-25.84086
7348499062.5,-25.83883
7348500000.0,-25.84275
7348500937.5,-25.84187
7348501875.0,-25.84803
7348502812.5,-25.84832
7348503750.0,-25.84929
7348504687.5,-25.84557
7348505625.0,-25.85405
7348506562.5,-25.85212
7348507500.0,-25.84952
7348508437.5,-25.85156
7348509375.0,-25.85584
7348510312.5,-25.85734
7348511250.0,-25.85834
7348512187.5,-25.8578
7348513125.0,-25.86144
7348514062.5,-25.85858
7348515000.0,-25.86358
7348515937.5,-25.86612
7348516875.0,-25.86236
7348517812.5,-25.8658
7348518750.0,-25.86638
7348519687.5,-25.86557
7348520625.0,-25.86751
7348521562.5,-25.8714
7348522500.0,-25.86873
7348523437.5,-25.87557
7348524375.0,-25.8716
7348525312.5,-25.872
7348526250.0,-25.87314
7348527187.5,-25.87992
7348528125.0,-25.88167
7348529062.5,-25.87672
7348530000.0,-25.87933
7348530937.5,-25.88517
7348531875.0,-25.88247
7348532812.5,-25.8827
7348533750.0,-25.88427
7348534687.5,-25.88342
7348535625.0,-25.88581
7348536562.5,-25.888
7348537500.0,-25.88926
7348538437.5,-25.88959
7348539375.0,-25.89464
7348540312.5,-25.8899
7348541250.0,-25.89495
7348542187.5,-25.89466
7348543125.0,-25.89705
7348544062.5,-25.89765
7348545000.0,-25.89967
7348545937.5,-25.90102
7348546875.0,-25.9001
7348547812.5,-25.89974
7348548750.0,-25.90299
7348549687.5,-25.90034
7348550625.0,-25.90401
7348551562.5,-25.90575
7348552500.0,-25.9023
7348553437.5,-25.90779
7348554375.0,-25.91046
7348555312.5,-25.90973
7348556250.0,-25.91015
7348557187.5,-25.9109
7348558125.0,-25.91147
7348559062.5,-25.91321
7348560000.0,-25.91452
7348560937.5,-25.91628
7348561875.0,-25.91609
7348562812.5,-25.92287
7348563750.0,-25.92105
7348564687.5,-25.92055
7348565625.0,-25.9218
7348566562.5,-25.92454
7348567500.0,-25.92309
7348568437.5,-25.92772
7348569375.0,-25.92686
7348570312.5,-25.9304
7348571250.0,-25.92825
7348572187.5,-25.93133
7348573125.0,-25.93381
7348574062.5,-25.93377
7348575000.0,-25.93538
7348575937.5,-25.93476
7348576875.0,-25.93556
7348577812.5,-25.93491
7348578750.0,-25.93689
7348579687.5,-25.93662
7348580625.0,-25.94361
7348581562.5,-25.94214
7348582500.0,-25.94123
7348583437.5,-25.9437
7348584375.0,-25.94186
7348585312.5,-25.94768
7348586250.0,-25.94571
7348587187.5,-25.94583
7348588125.0,-25.95039
7348589062.5,-25.94736
7348590000.0,-25.95087
7348590937.5,-25.95607
7348591875.0,-25.95034
7348592812.5,-25.95235
7348593750.0,-25.95203
7348594687.5,-25.95833
7348595625.0,-25.95868
7348596562.5,-25.95638
7348597500.0,-25.95894
7348598437.5,-25.96196
7348599375.0,-25.96117
7348600312.5,-25.96621
7348601250.0,-25.9642
7348602187.5,-25.96478
7348603125.0,-25.96733
7348604062.5,-25.9698
7348605000.0,-25.97234
7348605937.5,-25.96949
7348606875.0,-25.97524
7348607812.5,-25.9736
7348608750.0,-25.97377
7348609687.5,-25.97492
7348610625.0,-25.97414
7348611562.5,-25.97631
7348612500.0,-25.97625
7348613437.5,-25.97496
7348614375.0,-25.98096
7348615312.5,-25.97915
7348616250.0,-25.98109
7348617187.5,-25.98611
7348618125.0,-25.98171
7348619062.5,-25.98496
7348620000.0,-25.989
7348620937.5,-25.98813
7348621875.0,-25.99153
7348622812.5,-25.98921
7348623750.0,-25.98701
7348624687.5,-25.99324
7348625625.0,-25.99216
7348626562.5,-25.99308
7348627500.0,-25.99762
7348628437.5,-25.99641
7348629375.0,-25.99871
7348630312.5,-26.00208
7348631250.0,-26.00141
7348632187.5,-26.00326
7348633125.0,-26.00242
7348634062.5,-26.001
7348635000.0,-26.00261
7348635937.5,-26.00493
7348636875.0,-26.00731
7348637812.5,-26.01087
7348638750.0,-26.00882
7348639687.5,-26.01199
7348640625.0,-26.00986
7348641562.5,-26.01025
7348642500.0,-26.01249
7348643437.5,-26.01802
7348644375.0,-26.01898
7348645312.5,-26.0162
7348646250.0,-26.01945
7348647187.5,-26.02216
7348648125.0,-26.0195
7348649062.5,-26.02421
7348650000.0,-26.02253
7348650937.5,-26.01937
7348651875.0,-26.02409
7348652812.5,-26.0264
7348653750.0,-26.02546
7348654687.5,-26.02791
7348655625.0,-26.02985
7348656562.5,-26.03114
7348657500.0,-26.03374
7348658437.5,-26.03342
7348659375.0,-26.03783
7348660312.5,-26.03603
7348661250.0,-26.04051
7348662187.5,-26.03786
7348663125.0,-26.04156
7348664062.5,-26.03693
7348665000.0,-26.04194
7348665937.5,-26.04119
7348666875.0,-26.03988
7348667812.5,-26.04105
7348668750.0,-26.0463
7348669687.5,-26.04217
7348670625.0,-26.0449
7348671562.5,-26.04717
7348672500.0,-26.04945
7348673437.5,-26.0529
7348674375.0,-26.05005
7348675312.5,-26.04973
7348676250.0,-26.05673
7348677187.5,-26.05221
7348678125.0,-26.05652
7348679062.5,-26.05478
7348680000.0,-26.05706
7348680937.5,-26.05883
7348681875.0,-26.05599
7348682812.5,-26.05809
7348683750.0,-26.062
7348684687.5,-26.06672
7348685625.0,-26.0654
7348686562.5,-26.06183
7348687500.0,-26.06823
7348688437.5,-26.06763
7348689375.0,-26.0696
7348690312.5,-26.06979
7348691250.0,-26.07022
7348692187.5,-26.07012
7348693125.0,-26.06941
7348694062.5,-26.07268
7348695000.0,-26.07399
7348695937.5,-26.07842
7348696875.0,-26.07828
7348697812.5,-26.08111
7348698750.0,-26.07986
7348699687.5,-26.08067
7348700625.0,-26.07799
7348701562.5,-26.08351
7348702500.0,-26.08431
7348703437.5,-26.08377
7348704375.0,-26.08578
7348705312.5,-26.08569
7348706250.0,-26.08482
7348707187.5,-26.08999
7348708125.0,-26.09249
7348709062.5,-26.09242
7348710000.0,-26.09308
7348710937.5,-26.09388
7348711875.0,-26.09436
7348712812.5,-26.09582
7348713750.0,-26.0988
7348714687.5,-26.09916
7348715625.0,-26.10112
7348716562.5,-26.10021
7348717500.0,-26.09927
7348718437.5,-26.10279
7348719375.0,-26.10391
7348720312.5,-26.10496
7348721250.0,-26.10491
7348722187.5,-26.10914
7348723125.0,-26.1075
7348724062.5,-26.11084
7348725000.0,-26.10747
7348725937.5,-26.11057
7348726875.0,-26.11205
7348727812.5,-26.11443
7348728750.0,-26.11798
7348729687.5,-26.11844
7348730625.0,-26.11662
7348731562.5,-26.11513
7348732500.0,-26.12046
7348733437.5,-26.12339
7348734375.0,-26.11735
7348735312.5,-26.11855
7348736250.0,-26.122
7348737187.5,-26.12315
7348738125.0,-26.12678
7348739062.5,-26.12667
7348740000.0,-26.13049
7348740937.5,-26.12802
7348741875.0,-26.12892
7348742812.5,-26.1345
7348743750.0,-26.13232
7348744687.5,-26.13149
7348745625.0,-26.13768
7348746562.5,-26.13637
7348747500.0,-26.13701
7348748437.5,-26.13832
7348749375.0,-26.1383
7348750312.5,-26.14152
7348751250.0,-26.1376
7348752187.5,-26.14073
7348753125.0,-26.14815
7348754062.5,-26.14874
7348755000.0,-26.14774
7348755937.5,-26.14884
7348756875.0,-26.14817
7348757812.5,-26.14875
7348758750.0,-26.15224
7348759687.5,-26.15105
7348760625.0,-26.15006
7348761562.5,-26.15032
7348762500.0,-26.15189
7348763437.5,-26.15406
7348764375.0,-26.15321
7348765312.5,-26.15621
7348766250.0,-26.15872
7348767187.5,-26.16033
7348768125.0,-26.16047
7348769062.5,-26.15908
7348770000.0,-26.16279
7348770937.5,-26.16581
7348771875.0,-26.16115
7348772812.5,-26.16695
7348773750.0,-26.17187
7348774687.5,-26.16914
7348775625.0,-26.1663
7348776562.5,-26.17228
7348777500.0,-26.17103
7348778437.5,-26.17203
7348779375.0,-26.1722
7348780312.5,-26.1735
7348781250.0,-26.17516
7348782187.5,-26.17856
7348783125.0,-26.17876
7348784062.5,-26.18325
7348785000.0,-26.18093
7348785937.5,-26.18507
7348786875.0,-26.18072
7348787812.5,-26.18152
7348788750.0,-26.1824
7348789687.5,-26.18693
7348790625.0,-26.18467
7348791562.5,-26.19049
7348792500.0,-26.19071
7348793437.5,-26.19257
7348794375.0,-26.19262
7348795312.5,-26.1933
7348796250.0,-26.19296
7348797187.5,-26.19481
7348798125.0,-26.19504
7348799062.5,-26.19686
7348800000.0,-26.19517
7348800937.5,-26.19792
7348801875.0,-26.19706
7348802812.5,-26.20187
7348803750.0,-26.20043
7348804687.5,-26.20403
7348805625.0,-26.20492
7348806562.5,-26.20597
7348807500.0,-26.20776
7348808437.5,-26.20545
7348809375.0,-26.2063
7348810312.5,-26.20709
7348811250.0,-26.20803
7348812187.5,-26.21075
7348813125.0,-26.21169
7348814062.5,-26.20946
7348815000.0,-26.21492
7348815937.5,-26.21905
7348816875.0,-26.21527
7348817812.5,-26.22184
7348818750.0,-26.2224
7348819687.5,-26.22077
7348820625.0,-26.22012
7348821562.5,-26.22233
7348822500.0,-26.21996
7348823437.5,-26.22508
7348824375.0,-26.22232
7348825312.5,-26.22367
7348826250.0,-26.2281
7348827187.5,-26.22733
7348828125.0,-26.22858
7348829062.5,-26.23402
7348830000.0,-26.2349
7348830937.5,-26.23512
7348831875.0,-26.23253
7348832812.5,-26.23464
7348833750.0,-26.23592
7348834687.5,-26.23836
7348835625.0,-26.24058
7348836562.5,-26.23559
7348837500.0,-26.23788
7348838437.5,-26.23942
7348839375.0,-26.24372
7348840312.5,-26.24517
7348841250.0,-26.24701
7348842187.5,-26.24601
7348843125.0,-26.24528
7348844062.5,-26.25111
7348845000.0,-26.24664
7348845937.5,-26.24993
7348846875.0,-26.249
7348847812.5,-26.25425
7348848750.0,-26.25097
7348849687.5,-26.25581
7348850625.0,-26.25909
7348851562.5,-26.25806
7348852500.0,-26.25875
7348853437.5,-26.26054
7348854375.0,-26.25877
7348855312.5,-26.25958
7348856250.0,-26.26515
7348857187.5,-26.2621
7348858125.0,-26.26245
7348859062.5,-26.26681
7348860000.0,-26.26742
7348860937.5,-26.27002
7348861875.0,-26.26837
7348862812.5,-26.26949
7348863750.0,-26.27523
7348864687.5,-26.27281
7348865625.0,-26.27682
7348866562.5,-26.26996
7348867500.0,-26.27674
7348868437.5,-26.27491
7348869375.0,-26.27483
7348870312.5,-26.27785
7348871250.0,-26.28312
7348872187.5,-26.28207
7348873125.0,-26.2822
7348874062.5,-26.28563
7348875000.0,-26.2874
7348875937.5,-26.2845
7348876875.0,-26.28499
7348877812.5,-26.28875
7348878750.0,-26.28596
7348879687.5,-26.28952
7348880625.0,-26.29154
7348881562.5,-26.29318
7348882500.0,-26.28837
7348883437.5,-26.29527
7348884375.0,-26.29467
7348885312.5,-26.29287
7348886250.0,-26.29951
7348887187.5,-26.29531
7348888125.0,-26.29752
7348889062.5,-26.30165
7348890000.0,-26.304
7348890937.5,-26.30394
7348891875.0,-26.3035
7348892812.5,-26.30475
7348893750.0,-26.30964
7348894687.5,-26.30149
7348895625.0,-26.3097
7348896562.5,-26.30908
7348897500.0,-26.31125
7348898437.5,-26.31285
7348899375.0,-26.30924
7348900312.5,-26.30947
7348901250.0,-26.31299
7348902187.5,-26.31138
7348903125.0,-26.31739
7348904062.5,-26.31811
7348905000.0,-26.31718
7348905937.5,-26.31469
7348906875.0,-26.31952
7348907812.5,-26.32216
7348908750.0,-26.31847
7348909687.5,-26.32265
7348910625.0,-26.32048
7348911562.5,-26.32521
7348912500.0,-26.32446
7348913437.5,-26.32708
7348914375.0,-26.3258
7348915312.5,-26.3318
7348916250.0,-26.32814
7348917187.5,-26.3315
7348918125.0,-26.33135
7348919062.5,-26.33841
7348920000.0,-26.33843
7348920937.5,-26.33936
7348921875.0,-26.33625
7348922812.5,-26.33961
7348923750.0,-26.34
7348924687.5,-26.3448
7348925625.0,-26.34233
7348926562.5,-26.33922
7348927500.0,-26.34438
7348928437.5,-26.34431
7348929375.0,-26.3507
7348930312.5,-26.34732
7348931250.0,-26.35167
7348932187.5,-26.34993
7348933125.0,-26.3487
7348934062.5,-26.35296
7348935000.0,-26.34749
7348935937.5,-26.35279
7348936875.0,-26.34843
7348937812.5,-26.357
7348938750.0,-26.35719
7348939687.5,-26.35617
7348940625.0,-26.36016
7348941562.5,-26.36232
7348942500.0,-26.3566
7348943437.5,-26.36262
7348944375.0,-26.36423
7348945312.5,-26.36134
7348946250.0,-26.36555
7348947187.5,-26.36727
7348948125.0,-26.36591
7348949062.5,-26.36831
7348950000.0,-26.37013
7348950937.5,-26.37108
7348951875.0,-26.36986
7348952812.5,-26.37135
7348953750.0,-26.37511
7348954687.5,-26.37537
7348955625.0,-26.37511
7348956562.5,-26.37864
7348957500.0,-26.37383
7348958437.5,-26.3804
7348959375.0,-26.37573
7348960312.5,-26.38195
7348961250.0,-26.3858
7348962187.5,-26.38308
7348963125.0,-26.38506
7348964062.5,-26.38264
7348965000.0,-26.3865
7348965937.5,-26.38912
7348966875.0,-26.38844
7348967812.5,-26.3876
7348968750.0,-26.39183
7348969687.5,-26.39085
7348970625.0,-26.38923
7348971562.5,-26.39477
7348972500.0,-26.39351
7348973437.5,-26.39283
7348974375.0,-26.39703
7348975312.5,-26.4027
7348976250.0,-26.39972
7348977187.5,-26.39964
7348978125.0,-26.40036
7348979062.5,-26.39858
7348980000.0,-26.40246
7348980937.5,-26.40453
7348981875.0,-26.40217
7348982812.5,-26.40873
7348983750.0,-26.40673
7348984687.5,-26.4092
7348985625.0,-26.41249
7348986562.5,-26.4125
7348987500.0,-26.41125
7348988437.5,-26.41333
7348989375.0,-26.41701
7348990312.5,-26.41514
7348991250.0,-26.4127
7348992187.5,-26.41704
7348993125.0,-26.41838
7348994062.5,-26.41908
7348995000.0,-26.42074
7348995937.5,-26.42207
7348996875.0,-26.42385
7348997812.5,-26.42578
7348998750.0,-26.42323
7348999687.5,-26.424
7349000625.0,-26.42275
7349001562.5,-26.42307
7349002500.0,-26.42337
7349003437.5,-26.42831
7349004375.0,-26.4303
7349005312.5,-26.43468
7349006250.0,-26.43255
7349007187.5,-26.43397
7349008125.0,-26.43351
7349009062.5,-26.43069
7349010000.0,-26.43675
7349010937.5,-26.43541
7349011875.0,-26.43792
7349012812.5,-26.43836
7349013750.0,-26.43963
7349014687.5,-26.43821
7349015625.0,-26.44139
7349016562.5,-26.44353
7349017500.0,-26.44583
7349018437.5,-26.44834
7349019375.0,-26.44763
7349020312.5,-26.44694
7349021250.0,-26.44892
7349022187.5,-26.44797
7349023125.0,-26.4525
7349024062.5,-26.45635
7349025000.0,-26.45432
7349025937.5,-26.45386
7349026875.0,-26.45139
7349027812.5,-26.46264
7349028750.0,-26.45926
7349029687.5,-26.45881
7349030625.0,-26.45748
7349031562.5,-26.46367
7349032500.0,-26.46691
7349033437.5,-26.46394
7349034375.0,-26.46459
7349035312.5,-26.46856
7349036250.0,-26.46602
7349037187.5,-26.46648
7349038125.0,-26.46372
7349039062.5,-26.47107
7349040000.0,-26.46855
7349040937.5,-26.47281
7349041875.0,-26.47319
7349042812.5,-26.47414
7349043750.0,-26.47467
7349044687.5,-26.477
7349045625.0,-26.47248
7349046562.5,-26.47136
7349047500.0,-26.4804
7349048437.5,-26.47997
7349049375.0,-26.48191
7349050312.5,-26.48197
7349051250.0,-26.47776
7349052187.5,-26.485
7349053125.0,-26.48707
7349054062.5,-26.48819
7349055000.0,-26.4876
7349055937.5,-26.48674
7349056875.0,-26.48759
7349057812.5,-26.48754
7349058750.0,-26.49369
7349059687.5,-26.48832
7349060625.0,-26.49339
7349061562.5,-26.49699
7349062500.0,-26.50012
7349063437.5,-26.5
7349064375.0,-26.49586
7349065312.5,-26.4989
7349066250.0,-26.49982
7349067187.5,-26.49736
7349068125.0,-26.50037
7349069062.5,-26.50146
7349070000.0,-26.50539
7349070937.5,-26.50692
7349071875.0,-26.50379
7349072812.5,-26.50573
7349073750.0,-26.50579
7349074687.5,-26.51001
7349075625.0,-26.51004
7349076562.5,-26.51064
7349077500.0,-26.50884
7349078437.5,-26.51244
7349079375.0,-26.51235
7349080312.5,-26.51641
7349081250.0,-26.51865
7349082187.5,-26.51862
7349083125.0,-26.51828
7349084062.5,-26.52076
7349085000.0,-26.52232
7349085937.5,-26.5224
7349086875.0,-26.52193
7349087812.5,-26.52106
7349088750.0,-26.52642
7349089687.5,-26.52302
7349090625.0,-26.52487
7349091562.5,-26.52945
7349092500.0,-26.53169
7349093437.5,-26.5303
7349094375.0,-26.53501
7349095312.5,-26.53216
7349096250.0,-26.53456
7349097187.5,-26.53352
7349098125.0,-26.53536
7349099062.5,-26.53793
7349100000.0,-26.5357
7349100937.5,-26.53653
7349101875.0,-26.5405
7349102812.5,-26.53448
7349103750.0,-26.54049
7349104687.5,-26.53838
7349105625.0,-26.5461
7349106562.5,-26.54713
7349107500.0,-26.54761
7349108437.5,-26.54494
7349109375.0,-26.54499
7349110312.5,-26.55083
7349111250.0,-26.54781
7349112187.5,-26.55295
7349113125.0,-26.55277
7349114062.5,-26.55108
7349115000.0,-26.55322
7349115937.5,-26.5531
7349116875.0,-26.55525
7349117812.5,-26.56128
7349118750.0,-26.55658
7349119687.5,-26.55617
7349120625.0,-26.56154
7349121562.5,-26.56185
7349122500.0,-26.56465
7349123437.5,-26.56073
7349124375.0,-26.56269
7349125312.5,-26.56556
7349126250.0,-26.56535
7349127187.5,-26.57412
7349128125.0,-26.56471
7349129062.5,-26.56831
7349130000.0,-26.57048
7349130937.5,-26.56787
7349131875.0,-26.57318
7349132812.5,-26.57021
7349133750.0,-26.57207
7349134687.5,-26.5792
7349135625.0,-26.57656
7349136562.5,-26.57534
7349137500.0,-26.57624
7349138437.5,-26.57716
7349139375.0,-26.57869
7349140312.5,-26.58139
7349141250.0,-26.58491
7349142187.5,-26.58384
7349143125.0,-26.58459
7349144062.5,-26.58669
7349145000.0,-26.5896
7349145937.5,-26.58521
7349146875.0,-26.58956
7349147812.5,-26.58946
7349148750.0,-26.59371
7349149687.5,-26.58989
7349150625.0,-26.59232
7349151562.5,-26.59558
7349152500.0,-26.59857
7349153437.5,-26.5966
7349154375.0,-26.5994
7349155312.5,-26.5988
7349156250.0,-26.59824
7349157187.5,-26.59992
7349158125.0,-26.60315
7349159062.5,-26.60512
7349160000.0,-26.604
7349160937.5,-26.6031
7349161875.0,-26.60437
7349162812.5,-26.60376
7349163750.0,-26.60965
7349164687.5,-26.60458
7349165625.0,-26.60823
7349166562.5,-26.60985
7349167500.0,-26.60677
7349168437.5,-26.61107
7349169375.0,-26.61166
7349170312.5,-26.61473
7349171250.0,-26.61204
7349172187.5,-26.614
7349173125.0,-26.61846
7349174062.5,-26.6192
7349175000.0,-26.62119
7349175937.5,-26.61952
7349176875.0,-26.62669
7349177812.5,-26.62125
7349178750.0,-26.62621
7349179687.5,-26.62407
7349180625.0,-26.6269
7349181562.5,-26.62666
7349182500.0,-26.62803
7349183437.5,-26.62778
7349184375.0,-26.63279
7349185312.5,-26.62792
7349186250.0,-26.63387
7349187187.5,-26.63389
7349188125.0,-26.63218
7349189062.5,-26.63647
7349190000.0,-26.63739
7349190937.5,-26.64026
7349191875.0,-26.6395
7349192812.5,-26.63971
7349193750.0,-26.64285
7349194687.5,-26.64467
7349195625.0,-26.64034
7349196562.5,-26.64329
7349197500.0,-26.64506
7349198437.5,-26.64168
7349199375.0,-26.64939
7349200312.5,-26.64508
7349201250.0,-26.64739
7349202187.5,-26.65117
7349203125.0,-26.65391
7349204062.5,-26.65172
7349205000.0,-26.6541
7349205937.5,-26.65389
7349206875.0,-26.65617
7349207812.5,-26.65681
7349208750.0,-26.65903
7349209687.5,-26.65735
7349210625.0,-26.65912
7349211562.5,-26.6589
7349212500.0,-26.66199
7349213437.5,-26.65787
7349214375.0,-26.65974
7349215312.5,-26.66399
7349216250.0,-26.6669
7349217187.5,-26.66957
7349218125.0,-26.66926
7349219062.5,-26.66862
7349220000.0,-26.67162
7349220937.5,-26.66917
7349221875.0,-26.67104
7349222812.5,-26.67217
7349223750.0,-26.6739
7349224687.5,-26.67293
7349225625.0,-26.67036
7349226562.5,-26.6768
7349227500.0,-26.67321
7349228437.5,-26.67714
7349229375.0,-26.6807
7349230312.5,-26.67909
7349231250.0,-26.68028
7349232187.5,-26.68261
7349233125.0,-26.68699
7349234062.5,-26.68415
7349235000.0,-26.68624
7349235937.5,-26.69002
7349236875.0,-26.68332
7349237812.5,-26.69053
7349238750.0,-26.68735
7349239687.5,-26.69006
7349240625.0,-26.68934
7349241562.5,-26.6917
7349242500.0,-26.69522
7349243437.5,-26.69323
7349244375.0,-26.69385
7349245312.5,-26.69635
7349246250.0,-26.69625
7349247187.5,-26.70089
7349248125.0,-26.70262
7349249062.5,-26.70587
7349250000.0,-26.69813
7349250937.5,-26.70257
7349251875.0,-26.70121
7349252812.5,-26.71021
7349253750.0,-26.7041
7349254687.5,-26.70828
7349255625.0,-26.70786
7349256562.5,-26.71008
7349257500.0,-26.7067
7349258437.5,-26.7147
7349259375.0,-26.70998
7349260312.5,-26.71226
7349261250.0,-26.7157
7349262187.5,-26.71773
7349263125.0,-26.71565
7349264062.5,-26.71805
7349265000.0,-26.72027
7349265937.5,-26.71891
7349266875.0,-26.7198
7349267812.5,-26.72332
7349268750.0,-26.7211
7349269687.5,-26.72469
7349270625.0,-26.72603
7349271562.5,-26.72861
7349272500.0,-26.7222
7349273437.5,-26.72756
7349274375.0,-26.72639
7349275312.5,-26.73171
7349276250.0,-26.7324
7349277187.5,-26.73469
7349278125.0,-26.73655
7349279062.5,-26.73304
7349280000.0,-26.73404
7349280937.5,-26.7388
7349281875.0,-26.7316
7349282812.5,-26.74109
7349283750.0,-26.73951
7349284687.5,-26.74115
7349285625.0,-26.73933
7349286562.5,-26.74396
7349287500.0,-26.74493
7349288437.5,-26.74747
7349289375.0,-26.74972
7349290312.5,-26.7457
7349291250.0,-26.744
7349292187.5,-26.74825
7349293125.0,-26.74812
7349294062.5,-26.75085
7349295000.0,-26.75046
7349295937.5,-26.75077
7349296875.0,-26.752
7349297812.5,-26.75354
7349298750.0,-26.75448
7349299687.5,-26.75399
7349300625.0,-26.75481
7349301562.5,-26.75702
7349302500.0,-26.75747
7349303437.5,-26.76268
7349304375.0,-26.76048
7349305312.5,-26.76343
7349306250.0,-26.76231
7349307187.5,-26.76298
7349308125.0,-26.76675
7349309062.5,-26.76215
7349310000.0,-26.76638
7349310937.5,-26.76587
7349311875.0,-26.77258
7349312812.5,-26.76867
7349313750.0,-26.77585
7349314687.5,-26.77603
7349315625.0,-26.77703
7349316562.5,-26.77587
7349317500.0,-26.76877
7349318437.5,-26.77537
7349319375.0,-26.7767
7349320312.5,-26.77996
7349321250.0,-26.7801
7349322187.5,-26.7786
7349323125.0,-26.7795
7349324062.5,-26.78004
7349325000.0,-26.78121
7349325937.5,-26.78189
7349326875.0,-26.78921
7349327812.5,-26.78911
7349328750.0,-26.78331
7349329687.5,-26.78966
7349330625.0,-26.78647
7349331562.5,-26.7933
7349332500.0,-26.78964
7349333437.5,-26.79083
7349334375.0,-26.79238
7349335312.5,-26.7944
7349336250.0,-26.7946
7349337187.5,-26.79647
7349338125.0,-26.79873
7349339062.5,-26.80117
7349340000.0,-26.79831
7349340937.5,-26.80057
7349341875.0,-26.79663
7349342812.5,-26.79975
7349343750.0,-26.80153
7349344687.5,-26.80795
7349345625.0,-26.80828
7349346562.5,-26.80557
7349347500.0,-26.8056
7349348437.5,-26.81302
7349349375.0,-26.80961
7349350312.5,-26.81206
7349351250.0,-26.81291
7349352187.5,-26.8124
7349353125.0,-26.81478
7349354062.5,-26.81655
7349355000.0,-26.81465
7349355937.5,-26.81374
7349356875.0,-26.81748
7349357812.5,-26.81363
7349358750.0,-26.82035
7349359687.5,-26.82267
7349360625.0,-26.82179
7349361562.5,-26.82456
7349362500.0,-26.82099
7349363437.5,-26.82672
7349364375.0,-26.82948
7349365312.5,-26.82871
7349366250.0,-26.82814
7349367187.5,-26.82681
7349368125.0,-26.83085
7349369062.5,-26.8337
7349370000.0,-26.83077
7349370937.5,-26.8349
7349371875.0,-26.83621
7349372812.5,-26.83611
7349373750.0,-26.83683
7349374687.5,-26.83882
7349375625.0,-26.83782
7349376562.5,-26.83969
7349377500.0,-26.84484
7349378437.5,-26.8426
7349379375.0,-26.84464
7349380312.5,-26.84102
7349381250.0,-26.84455
7349382187.5,-26.84827
7349383125.0,-26.84403
7349384062.5,-26.84652
7349385000.0,-26.8449
7349385937.5,-26.84926
7349386875.0,-26.85272
7349387812.5,-26.8473
7349388750.0,-26.84983
7349389687.5,-26.85343
7349390625.0,-26.85785
7349391562.5,-26.85614
7349392500.0,-26.85955
7349393437.5,-26.8605
7349394375.0,-26.8564
7349395312.5,-26.86196
7349396250.0,-26.85682
7349397187.5,-26.86255
7349398125.0,-26.86168
7349399062.5,-26.86278
7349400000.0,-26.86444
7349400937.5,-26.86899
7349401875.0,-26.86678
7349402812.5,-26.86287
7349403750.0,-26.87135
7349404687.5,-26.87003
7349405625.0,-26.86832
7349406562.5,-26.87292
7349407500.0,-26.87131
7349408437.5,-26.87379
7349409375.0,-26.87058
7349410312.5,-26.87222
7349411250.0,-26.87794
7349412187.5,-26.8779
7349413125.0,-26.8784
7349414062.5,-26.87297
7349415000.0,-26.87938
7349415937.5,-26.87631
7349416875.0,-26.88217
7349417812.5,-26.88316
7349418750.0,-26.88338
7349419687.5,-26.88595
7349420625.0,-26.891
7349421562.5,-26.88115
7349422500.0,-26.88367
7349423437.5,-26.88706
7349424375.0,-26.89137
7349425312.5,-26.88757
7349426250.0,-26.89165
7349427187.5,-26.88921
7349428125.0,-26.89206
7349429062.5,-26.89434
7349430000.0,-26.89387
7349430937.5,-26.89766
7349431875.0,-26.89867
7349432812.5,-26.90181
7349433750.0,-26.9027
7349434687.5,-26.89847
7349435625.0,-26.90269
7349436562.5,-26.90122
7349437500.0,-26.90251
7349438437.5,-26.90501
7349439375.0,-26.9043
7349440312.5,-26.90443
7349441250.0,-26.90874
7349442187.5,-26.90545
7349443125.0,-26.90792
7349444062.5,-26.91266
7349445000.0,-26.9151
7349445937.5,-26.91333
7349446875.0,-26.91712
7349447812.5,-26.91449
7349448750.0,-26.91278
7349449687.5,-26.91784
7349450625.0,-26.91675
7349451562.5,-26.91792
7349452500.0,-26.91643
7349453437.5,-26.91816
7349454375.0,-26.92238
7349455312.5,-26.9288
7349456250.0,-26.92435
7349457187.5,-26.92386
7349458125.0,-26.92856
7349459062.5,-26.92933
7349460000.0,-26.92623
7349460937.5,-26.92806
7349461875.0,-26.92731
7349462812.5,-26.93431
7349463750.0,-26.93422
7349464687.5,-26.93007
7349465625.0,-26.93582
7349466562.5,-26.93293
7349467500.0,-26.93429
7349468437.5,-26.93751
7349469375.0,-26.93514
7349470312.5,-26.94038
7349471250.0,-26.93872
7349472187.5,-26.94223
7349473125.0,-26.93864
7349474062.5,-26.93972
7349475000.0,-26.94656
7349475937.5,-26.94009
7349476875.0,-26.94388
7349477812.5,-26.94696
7349478750.0,-26.9482
7349479687.5,-26.95
7349480625.0,-26.94936
7349481562.5,-26.95101
7349482500.0,-26.95362
7349483437.5,-26.95154
7349484375.0,-26.95179
7349485312.5,-26.95078
7349486250.0,-26.95272
7349487187.5,-26.95526
7349488125.0,-26.95784
7349489062.5,-26.9559
7349490000.0,-26.96002
7349490937.5,-26.9613
7349491875.0,-26.96201
7349492812.5,-26.96126
7349493750.0,-26.96195
7349494687.5,-26.9647
7349495625.0,-26.96575
7349496562.5,-26.96657
7349497500.0,-26.9634
7349498437.5,-26.96813
7349499375.0,-26.97149
7349500312.5,-26.96868
7349501250.0,-26.97279
7349502187.5,-26.97531
7349503125.0,-26.97315
7349504062.5,-26.97207
7349505000.0,-26.97525
7349505937.5,-26.98167
7349506875.0,-26.97638
7349507812.5,-26.97542
7349508750.0,-26.98304
7349509687.5,-26.98557
7349510625.0,-26.98067
7349511562.5,-26.98359
7349512500.0,-26.98399
7349513437.5,-26.98334
7349514375.0,-26.98489
7349515312.5,-26.984
7349516250.0,-26.98847
7349517187.5,-26.98631
7349518125.0,-26.9896
7349519062.5,-26.98492
7349520000.0,-26.99177
7349520937.5,-26.99255
7349521875.0,-26.99011
7349522812.5,-26.99246
7349523750.0,-26.99072
7349524687.5,-26.99133
7349525625.0,-26.99879
7349526562.5,-26.99743
7349527500.0,-26.99619
7349528437.5,-27.00204
7349529375.0,-26.99931
7349530312.5,-26.99996
7349531250.0,-27.00095
7349532187.5,-27.00413
7349533125.0,-27.00504
7349534062.5,-27.0036
7349535000.0,-27.00669
7349535937.5,-27.0064
7349536875.0,-27.0121
7349537812.5,-27.01167
7349538750.0,-27.0083
7349539687.5,-27.01476
7349540625.0,-27.01128
7349541562.5,-27.0133
7349542500.0,-27.01247
7349543437.5,-27.01387
7349544375.0,-27.01621
7349545312.5,-27.01859
7349546250.0,-27.01685
7349547187.5,-27.01795
7349548125.0,-27.01978
7349549062.5,-27.01936
7349550000.0,-27.02376
7349550937.5,-27.02556
7349551875.0,-27.0241
7349552812.5,-27.02857
7349553750.0,-27.03224
7349554687.5,-27.02781
7349555625.0,-27.02377
7349556562.5,-27.02803
7349557500.0,-27.03238
7349558437.5,-27.0293
7349559375.0,-27.03025
7349560312.5,-27.03326
7349561250.0,-27.03028
7349562187.5,-27.035
7349563125.0,-27.03817
7349564062.5,-27.03867
7349565000.0,-27.0368
7349565937.5,-27.03843
7349566875.0,-27.03819
7349567812.5,-27.04064
7349568750.0,-27.04356
7349569687.5,-27.04078
7349570625.0,-27.04522
7349571562.5,-27.0479
7349572500.0,-27.04611
7349573437.5,-27.04418
7349574375.0,-27.0469
7349575312.5,-27.05532
7349576250.0,-27.04616
7349577187.5,-27.04921
7349578125.0,-27.05083
7349579062.5,-27.05253
7349580000.0,-27.05328
7349580937.5,-27.05489
7349581875.0,-27.05598
7349582812.5,-27.06082
7349583750.0,-27.05702
7349584687.5,-27.06017
7349585625.0,-27.05833
7349586562.5,-27.05729
7349587500.0,-27.06058
7349588437.5,-27.06453
7349589375.0,-27.06494
7349590312.5,-27.06468
7349591250.0,-27.06679
7349592187.5,-27.06538
7349593125.0,-27.06418
7349594062.5,-27.06738
7349595000.0,-27.06841
7349595937.5,-27.06806
7349596875.0,-27.06851
7349597812.5,-27.06901
7349598750.0,-27.06823
7349599687.5,-27.07396
7349600625.0,-27.07771
7349601562.5,-27.07685
7349602500.0,-27.07708
7349603437.5,-27.07744
7349604375.0,-27.07889
7349605312.5,-27.0793
7349606250.0,-27.08157
7349607187.5,-27.08409
7349608125.0,-27.08517
7349609062.5,-27.08522
7349610000.0,-27.08409
7349610937.5,-27.08392
7349611875.0,-27.09144
7349612812.5,-27.08578
7349613750.0,-27.08732
7349614687.5,-27.09088
7349615625.0,-27.09163
7349616562.5,-27.09374
7349617500.0,-27.09078
7349618437.5,-27.09567
7349619375.0,-27.09644
7349620312.5,-27.09562
7349621250.0,-27.09878
7349622187.5,-27.09625
7349623125.0,-27.09881
7349624062.5,-27.10039
7349625000.0,-27.10234
7349625937.5,-27.09911
7349626875.0,-27.10348
7349627812.5,-27.10449
7349628750.0,-27.10461
7349629687.5,-27.10845
7349630625.0,-27.10748
7349631562.5,-27.10318
7349632500.0,-27.10678
7349633437.5,-27.10537
7349634375.0,-27.10881
7349635312.5,-27.11303
7349636250.0,-27.11107
7349637187.5,-27.11625
7349638125.0,-27.11298
7349639062.5,-27.11125
7349640000.0,-27.11787
7349640937.5,-27.1189
7349641875.0,-27.11511
7349642812.5,-27.11907
7349643750.0,-27.12146
7349644687.5,-27.1229
7349645625.0,-27.12422
7349646562.5,-27.12031
7349647500.0,-27.12334
7349648437.5,-27.12461
7349649375.0,-27.1256
7349650312.5,-27.12711
7349651250.0,-27.12681
7349652187.5,-27.1258
7349653125.0,-27.12718
7349654062.5,-27.13186
7349655000.0,-27.13143
7349655937.5,-27.1373
7349656875.0,-27.13123
7349657812.5,-27.13579
7349658750.0,-27.13622
7349659687.5,-27.13363
7349660625.0,-27.13442
7349661562.5,-27.1402
7349662500.0,-27.14153
7349663437.5,-27.13937
7349664375.0,-27.14004
7349665312.5,-27.14218
7349666250.0,-27.14061
7349667187.5,-27.14138
7349668125.0,-27.14567
7349669062.5,-27.14671
7349670000.0,-27.14498
7349670937.5,-27.14748
7349671875.0,-27.14679
7349672812.5,-27.15145
7349673750.0,-27.15507
7349674687.5,-27.15099
7349675625.0,-27.15175
7349676562.5,-27.15615
7349677500.0,-27.15208
7349678437.5,-27.15153
7349679375.0,-27.15535
7349680312.5,-27.15235
7349681250.0,-27.15583
7349682187.5,-27.16067
7349683125.0,-27.16078
7349684062.5,-27.15909
7349685000.0,-27.169
7349685937.5,-27.15948
7349686875.0,-27.16139
7349687812.5,-27.16606
7349688750.0,-27.16465
7349689687.5,-27.16648
7349690625.0,-27.16814
7349691562.5,-27.1687
7349692500.0,-27.1679
7349693437.5,-27.17561
7349694375.0,-27.17382
7349695312.5,-27.17069
7349696250.0,-27.17371
7349697187.5,-27.17702
7349698125.0,-27.17658
7349699062.5,-27.17519
7349700000.0,-27.17789
7349700937.5,-27.18168
7349701875.0,-27.17821
7349702812.5,-27.1819
7349703750.0,-27.18008
7349704687.5,-27.18052
7349705625.0,-27.18451
7349706562.5,-27.1826
7349707500.0,-27.18662
7349708437.5,-27.18473
7349709375.0,-27.18713
7349710312.5,-27.18767
7349711250.0,-27.1913
7349712187.5,-27.19205
7349713125.0,-27.18969
7349714062.5,-27.19347
7349715000.0,-27.19468
7349715937.5,-27.19435
7349716875.0,-27.19785
7349717812.5,-27.19713
7349718750.0,-27.19905
7349719687.5,-27.1984
7349720625.0,-27.20055
7349721562.5,-27.19739
7349722500.0,-27.20294
7349723437.5,-27.19996
7349724375.0,-27.20607
7349725312.5,-27.20283
7349726250.0,-27.20468
7349727187.5,-27.20643
7349728125.0,-27.20708
7349729062.5,-27.20651
7349730000.0,-27.20516
7349730937.5,-27.21263
7349731875.0,-27.21057
7349732812.5,-27.21115
7349733750.0,-27.21169
7349734687.5,-27.21482
7349735625.0,-27.21513
7349736562.5,-27.21446
7349737500.0,-27.21491
7349738437.5,-27.21618
7349739375.0,-27.22046
7349740312.5,-27.22083
7349741250.0,-27.22216
7349742187.5,-27.22035
7349743125.0,-27.2214
7349744062.5,-27.22144
7349745000.0,-27.22387
7349745937.5,-27.22165
7349746875.0,-27.22514
7349747812.5,-27.22641
7349748750.0,-27.22763
7349749687.5,-27.22787
7349750625.0,-27.22668
7349751562.5,-27.22583
7349752500.0,-27.23102
7349753437.5,-27.22714
7349754375.0,-27.23155
7349755312.5,-27.23182
7349756250.0,-27.23654
7349757187.5,-27.238
7349758125.0,-27.23484
7349759062.5,-27.23649
7349760000.0,-27.23483
7349760937.5,-27.23791
7349761875.0,-27.24004
7349762812.5,-27.24207
7349763750.0,-27.24451
7349764687.5,-27.24955
7349765625.0,-27.24912
7349766562.5,-27.24409
7349767500.0,-27.24817
7349768437.5,-27.24919
7349769375.0,-27.24775
7349770312.5,-27.24891
7349771250.0,-27.24941
7349772187.5,-27.25505
7349773125.0,-27.25243
7349774062.5,-27.25389
7349775000.0,-27.25354
7349775937.5,-27.25193
7349776875.0,-27.25579
7349777812.5,-27.25977
7349778750.0,-27.25863
7349779687.5,-27.25926
7349780625.0,-27.26241
7349781562.5,-27.25855
7349782500.0,-27.26052
7349783437.5,-27.26542
7349784375.0,-27.26786
7349785312.5,-27.26654
7349786250.0,-27.26794
7349787187.5,-27.26645
7349788125.0,-27.26577
7349789062.5,-27.26616
7349790000.0,-27.26664
7349790937.5,-27.26933
7349791875.0,-27.27155
7349792812.5,-27.27391
7349793750.0,-27.27238
7349794687.5,-27.27158
7349795625.0,-27.27361
7349796562.5,-27.27773
7349797500.0,-27.28259
7349798437.5,-27.27386
7349799375.0,-27.27656
7349800312.5,-27.27904
7349801250.0,-27.27874
7349802187.5,-27.27827
7349803125.0,-27.28367
7349804062.5,-27.2834
7349805000.0,-27.28551
7349805937.5,-27.29243
7349806875.0,-27.28936
7349807812.5,-27.28814
7349808750.0,-27.2869
7349809687.5,-27.29241
7349810625.0,-27.29027
7349811562.5,-27.28411
7349812500.0,-27.29282
7349813437.5,-27.2922
7349814375.0,-27.29446
7349815312.5,-27.29618
7349816250.0,-27.29674
7349817187.5,-27.29551
7349818125.0,-27.29907
7349819062.5,-27.298
7349820000.0,-27.30175
7349820937.5,-27.29902
7349821875.0,-27.30195
7349822812.5,-27.3019
7349823750.0,-27.30335
7349824687.5,-27.30416
7349825625.0,-27.30241
7349826562.5,-27.30265
7349827500.0,-27.30762
7349828437.5,-27.30611
7349829375.0,-27.3088
7349830312.5,-27.31133
7349831250.0,-27.30885
7349832187.5,-27.31199
7349833125.0,-27.3129
7349834062.5,-27.31369
7349835000.0,-27.31948
7349835937.5,-27.31236
7349836875.0,-27.31626
7349837812.5,-27.31616
7349838750.0,-27.31882
7349839687.5,-27.32047
7349840625.0,-27.32065
7349841562.5,-27.32428
7349842500.0,-27.32608
7349843437.5,-27.32512
7349844375.0,-27.32545
7349845312.5,-27.32243
7349846250.0,-27.32823
7349847187.5,-27.33001
7349848125.0,-27.32439
7349849062.5,-27.33292
7349850000.0,-27.33213
7349850937.5,-27.32862
7349851875.0,-27.33196
7349852812.5,-27.33403
7349853750.0,-27.33744
7349854687.5,-27.33688
7349855625.0,-27.33798
7349856562.5,-27.33829
7349857500.0,-27.33694
7349858437.5,-27.33507
7349859375.0,-27.33684
7349860312.5,-27.34175
7349861250.0,-27.34262
7349862187.5,-27.34238
7349863125.0,-27.34527
7349864062.5,-27.34321
7349865000.0,-27.34324
7349865937.5,-27.34435
7349866875.0,-27.35089
7349867812.5,-27.34856
7349868750.0,-27.34978
7349869687.5,-27.35003
7349870625.0,-27.35282
7349871562.5,-27.35071
7349872500.0,-27.35475
7349873437.5,-27.35638
7349874375.0,-27.35487
7349875312.5,-27.35335
7349876250.0,-27.35966
7349877187.5,-27.35751
7349878125.0,-27.36325
7349879062.5,-27.35761
7349880000.0,-27.36038
7349880937.5,-27.36256
7349881875.0,-27.36276
7349882812.5,-27.36195
7349883750.0,-27.36105
7349884687.5,-27.36649
7349885625.0,-27.36582
7349886562.5,-27.37026
7349887500.0,-27.36645
7349888437.5,-27.36798
7349889375.0,-27.36746
7349890312.5,-27.37001
7349891250.0,-27.3728
7349892187.5,-27.37231
7349893125.0,-27.37662
7349894062.5,-27.36777
7349895000.0,-27.37186
7349895937.5,-27.38312
7349896875.0,-27.37735
7349897812.5,-27.37847
7349898750.0,-27.37967
7349899687.5,-27.37997
7349900625.0,-27.38194
7349901562.5,-27.38203
7349902500.0,-27.38489
7349903437.5,-27.38577
7349904375.0,-27.38659
7349905312.5,-27.38612
7349906250.0,-27.3801
7349907187.5,-27.38974
7349908125.0,-27.3865
7349909062.5,-27.38755
7349910000.0,-27.39177
7349910937.5,-27.39132
7349911875.0,-27.39232
7349912812.5,-27.39997
7349913750.0,-27.39487
7349914687.5,-27.39746
7349915625.0,-27.39662
7349916562.5,-27.40175
7349917500.0,-27.40159
7349918437.5,-27.40257
7349919375.0,-27.40179
7349920312.5,-27.4018
7349921250.0,-27.40275
7349922187.5,-27.4037
7349923125.0,-27.40588
7349924062.5,-27.4119
7349925000.0,-27.40325
7349925937.5,-27.40761
7349926875.0,-27.40728
7349927812.5,-27.40995
7349928750.0,-27.41105
7349929687.5,-27.41099
7349930625.0,-27.41187
7349931562.5,-27.41148
7349932500.0,-27.41459
7349933437.5,-27.41503
7349934375.0,-27.41565
7349935312.5,-27.41863
7349936250.0,-27.41854
7349937187.5,-27.41506
7349938125.0,-27.42146
7349939062.5,-27.42112
7349940000.0,-27.41486
7349940937.5,-27.42123
7349941875.0,-27.41935
7349942812.5,-27.42354
7349943750.0,-27.4261
7349944687.5,-27.42272
7349945625.0,-27.42481
7349946562.5,-27.43181
7349947500.0,-27.42807
7349948437.5,-27.428
7349949375.0,-27.43236
7349950312.5,-27.43176
7349951250.0,-27.43286
7349952187.5,-27.43312
7349953125.0,-27.43388
7349954062.5,-27.43587
7349955000.0,-27.43157
7349955937.5,-27.44165
7349956875.0,-27.43468
7349957812.5,-27.43984
7349958750.0,-27.4383
7349959687.5,-27.43796
7349960625.0,-27.43718
7349961562.5,-27.44057
7349962500.0,-27.44604
7349963437.5,-27.44547
7349964375.0,-27.44306
7349965312.5,-27.44368
7349966250.0,-27.4419
7349967187.5,-27.4468
7349968125.0,-27.4461
7349969062.5,-27.44905
7349970000.0,-27.45403
7349970937.5,-27.45043
7349971875.0,-27.45076
7349972812.5,-27.45396
7349973750.0,-27.45252
7349974687.5,-27.45645
7349975625.0,-27.46006
7349976562.5,-27.45468
7349977500.0,-27.45471
7349978437.5,-27.45426
7349979375.0,-27.45955
7349980312.5,-27.46359
7349981250.0,-27.46198
7349982187.5,-27.46152
7349983125.0,-27.46529
7349984062.5,-27.46616
7349985000.0,-27.46363
7349985937.5,-27.46304
7349986875.0,-27.46789
7349987812.5,-27.46519
7349988750.0,-27.46567
7349989687.5,-27.46632
7349990625.0,-27.47108
7349991562.5,-27.47523
7349992500.0,-27.47303
7349993437.5,-27.47593
7349994375.0,-27.47727
7349995312.5,-27.47576
7349996250.0,-27.47142
7349997187.5,-27.47847
7349998125.0,-27.47948
7349999062.5,-27.47939
7350000000.0,-27.47929
7350000937.5,-27.47864
7350001875.0,-27.48146
7350002812.5,-27.48351
7350003750.0,-27.48722
7350004687.5,-27.48064
7350005625.0,-27.48583
7350006562.5,-27.48627
7350007500.0,-27.48968
7350008437.5,-27.48805
7350009375.0,-27.48557
7350010312.5,-27.49267
7350011250.0,-27.49289
7350012187.5,-27.49169
7350013125.0,-27.49316
7350014062.5,-27.49096
7350015000.0,-27.49562
7350015937.5,-27.49773
7350016875.0,-27.4957
7350017812.5,-27.50009
7350018750.0,-27.50348
7350019687.5,-27.50152
7350020625.0,-27.50296
7350021562.5,-27.49732
7350022500.0,-27.50335
7350023437.5,-27.5029
7350024375.0,-27.50239
7350025312.5,-27.50229
7350026250.0,-27.50375
7350027187.5,-27.50754
7350028125.0,-27.50721
7350029062.5,-27.50546
7350030000.0,-27.50738
7350030937.5,-27.50907
7350031875.0,-27.51407
7350032812.5,-27.50924
7350033750.0,-27.51148
7350034687.5,-27.51787
7350035625.0,-27.51502
7350036562.5,-27.51559
7350037500.0,-27.52175
7350038437.5,-27.51631
7350039375.0,-27.52075
7350040312.5,-27.52027
7350041250.0,-27.52263
7350042187.5,-27.52407
7350043125.0,-27.51982
7350044062.5,-27.52395
7350045000.0,-27.52778
7350045937.5,-27.5247
7350046875.0,-27.5233
7350047812.5,-27.52953
7350048750.0,-27.53066
7350049687.5,-27.52946
7350050625.0,-27.53192
7350051562.5,-27.5273
7350052500.0,-27.53126
7350053437.5,-27.53636
7350054375.0,-27.53231
7350055312.5,-27.53013
7350056250.0,-27.53577
7350057187.5,-27.52954
7350058125.0,-27.54072
7350059062.5,-27.53658
7350060000.0,-27.54095
7350060937.5,-27.53797
7350061875.0,-27.53983
7350062812.5,-27.54395
7350063750.0,-27.54304
7350064687.5,-27.54143
7350065625.0,-27.54486
7350066562.5,-27.54626
7350067500.0,-27.54548
7350068437.5,-27.54747
7350069375.0,-27.54984
7350070312.5,-27.55173
7350071250.0,-27.55095
7350072187.5,-27.55451
7350073125.0,-27.55432
7350074062.5,-27.55299
7350075000.0,-27.55688
7350075937.5,-27.55394
7350076875.0,-27.55422
7350077812.5,-27.5515
7350078750.0,-27.55706
7350079687.5,-27.56076
7350080625.0,-27.56026
7350081562.5,-27.55994
7350082500.0,-27.55999
7350083437.5,-27.55919
7350084375.0,-27.56625
7350085312.5,-27.56384
7350086250.0,-27.56509
7350087187.5,-27.56215
7350088125.0,-27.56944
7350089062.5,-27.56437
7350090000.0,-27.56613
7350090937.5,-27.56905
7350091875.0,-27.56694
7350092812.5,-27.5729
7350093750.0,-27.56972
7350094687.5,-27.57311
7350095625.0,-27.57613
7350096562.5,-27.57318
7350097500.0,-27.57574
7350098437.5,-27.58133
7350099375.0,-27.57662
7350100312.5,-27.57639
7350101250.0,-27.57981
7350102187.5,-27.58504
7350103125.0,-27.58344
7350104062.5,-27.58781
7350105000.0,-27.58493
7350105937.5,-27.58647
7350106875.0,-27.58181
7350107812.5,-27.58812
7350108750.0,-27.58639
7350109687.5,-27.58274
7350110625.0,-27.58961
7350111562.5,-27.59015
7350112500.0,-27.59797
7350113437.5,-27.59022
7350114375.0,-27.59056
7350115312.5,-27.59647
7350116250.0,-27.59408
7350117187.5,-27.59568
7350118125.0,-27.59513
7350119062.5,-27.59616
7350120000.0,-27.59539
7350120937.5,-27.59471
7350121875.0,-27.59768
7350122812.5,-27.60202
7350123750.0,-27.60188
7350124687.5,-27.60192
7350125625.0,-27.60405
7350126562.5,-27.60416
7350127500.0,-27.60588
7350128437.5,-27.60434
7350129375.0,-27.60628
7350130312.5,-27.60457
7350131250.0,-27.61004
7350132187.5,-27.60981
7350133125.0,-27.61157
7350134062.5,-27.60964
7350135000.0,-27.61374
7350135937.5,-27.61235
7350136875.0,-27.61634
7350137812.5,-27.61664
7350138750.0,-27.61799
7350139687.5,-27.61978
7350140625.0,-27.61906
7350141562.5,-27.61687
7350142500.0,-27.61842
7350143437.5,-27.62369
7350144375.0,-27.61981
7350145312.5,-27.62243
7350146250.0,-27.62482
7350147187.5,-27.62693
7350148125.0,-27.62477
7350149062.5,-27.62525
7350150000.0,-27.62382
7350150937.5,-27.63246
7350151875.0,-27.62742
7350152812.5,-27.62979
7350153750.0,-27.62999
7350154687.5,-27.63067
7350155625.0,-27.63265
7350156562.5,-27.63383
7350157500.0,-27.63857
7350158437.5,-27.63489
7350159375.0,-27.63795
7350160312.5,-27.63705
7350161250.0,-27.63871
7350162187.5,-27.63807
7350163125.0,-27.64311
7350164062.5,-27.64308
7350165000.0,-27.64555
7350165937.5,-27.64431
7350166875.0,-27.64352
7350167812.5,-27.64502
7350168750.0,-27.64442
7350169687.5,-27.64469
7350170625.0,-27.64666
7350171562.5,-27.65058
7350172500.0,-27.64687
7350173437.5,-27.64637
7350174375.0,-27.65077
7350175312.5,-27.65151
7350176250.0,-27.65212
7350177187.5,-27.65055
7350178125.0,-27.65498
7350179062.5,-27.65646
7350180000.0,-27.65772
7350180937.5,-27.65871
7350181875.0,-27.65853
7350182812.5,-27.65372
7350183750.0,-27.6612
7350184687.5,-27.65532
7350185625.0,-27.66341
7350186562.5,-27.65738
7350187500.0,-27.66299
7350188437.5,-27.66692
7350189375.0,-27.66325
7350190312.5,-27.66722
7350191250.0,-27.66667
7350192187.5,-27.67138
7350193125.0,-27.66718
7350194062.5,-27.66574
7350195000.0,-27.66997
7350195937.5,-27.67129
7350196875.0,-27.67093
7350197812.5,-27.67901
7350198750.0,-27.67527
7350199687.5,-27.67517
7350200625.0,-27.6781
7350201562.5,-27.68113
7350202500.0,-27.6777
7350203437.5,-27.67794
7350204375.0,-27.68328
7350205312.5,-27.68023
7350206250.0,-27.68262
7350207187.5,-27.68055
7350208125.0,-27.68796
7350209062.5,-27.69109
7350210000.0,-27.68621
7350210937.5,-27.68539
7350211875.0,-27.68322
7350212812.5,-27.68405
7350213750.0,-27.68914
7350214687.5,-27.68883
7350215625.0,-27.68813
7350216562.5,-27.68963
7350217500.0,-27.69623
7350218437.5,-27.69182
7350219375.0,-27.69622
7350220312.5,-27.6967
7350221250.0,-27.69949
7350222187.5,-27.69105
7350223125.0,-27.70401
7350224062.5,-27.69635
7350225000.0,-27.6954
7350225937.5,-27.70089
7350226875.0,-27.70242
7350227812.5,-27.70287
7350228750.0,-27.703
7350229687.5,-27.70819
7350230625.0,-27.70703
7350231562.5,-27.70633
7350232500.0,-27.70645
7350233437.5,-27.71349
7350234375.0,-27.7112
7350235312.5,-27.70678
7350236250.0,-27.7111
7350237187.5,-27.71312
7350238125.0,-27.71355
7350239062.5,-27.71704
7350240000.0,-27.71626
7350240937.5,-27.71658
7350241875.0,-27.71644
7350242812.5,-27.72077
7350243750.0,-27.71921
7350244687.5,-27.71843
7350245625.0,-27.7221
7350246562.5,-27.72165
7350247500.0,-27.72593
7350248437.5,-27.72937
7350249375.0,-27.72579
7350250312.5,-27.72354
7350251250.0,-27.72568
7350252187.5,-27.72185
7350253125.0,-27.72529
7350254062.5,-27.72458
7350255000.0,-27.72933
7350255937.5,-27.7316
7350256875.0,-27.73119
7350257812.5,-27.73208
7350258750.0,-27.7318
7350259687.5,-27.7324
7350260625.0,-27.73564
7350261562.5,-27.73701
7350262500.0,-27.73673
7350263437.5,-27.73913
7350264375.0,-27.73494
7350265312.5,-27.73996
7350266250.0,-27.74035
7350267187.5,-27.74571
7350268125.0,-27.74073
