1383892968.75,-40.96115
1383893125.0,-40.95696
1383893281.25,-40.98503
1383893437.5,-40.96115
1383893593.75,-40.96462
1383893750.0,-40.95805
1383893906.25,-40.96666
1383894062.5,-40.96841
1383894218.75,-40.96449
1383894375.0,-40.96327
1383894531.25,-40.94389
1383894687.5,-40.96807
1383894843.75,-40.9537
1383895000.0,-40.95225
1383895156.25,-40.95302
1383895312.5,-40.96016
1383895468.75,-40.94708
1383895625.0,-40.9612
1383895781.25,-40.97441
1383895937.5,-40.96012
1383896093.75,-40.968
1383896250.0,-40.98347
1383896406.25,-40.96223
1383896562.5,-40.95911
1383896718.75,-40.95484
1383896875.0,-40.9679
1383897031.25,-40.96146
1383897187.5,-40.95139
1383897343.75,-40.95191
1383897500.0,-40.959
1383897656.25,-40.97474
1383897812.5,-40.94585
1383897968.75,-40.9435
1383898125.0,-40.95842
1383898281.25,-40.95411
1383898437.5,-40.94318
1383898593.75,-40.95727
1383898750.0,-40.96296
1383898906.25,-40.9627
1383899062.5,-40.95601
1383899218.75,-40.97099
1383899375.0,-40.94471
1383899531.25,-40.96304
1383899687.5,-40.93073
1383899843.75,-40.95924
1383900000.0,-40.9519
1383900156.25,-40.9351
1383900312.5,-40.94204
1383900468.75,-40.96021
1383900625.0,-40.93968
1383900781.25,-40.93008
1383900937.5,-40.9218
1383901093.75,-40.95202
1383901250.0,-40.94345
1383901406.25,-40.95683
1383901562.5,-40.94885
1383901718.75,-40.93132
1383901875.0,-40.94387
1383902031.25,-40.93034
1383902187.5,-40.94503
1383902343.75,-40.94617
1383902500.0,-40.94322
1383902656.25,-40.93097
1383902812.5,-40.94968
1383902968.75,-40.93235
1383903125.0,-40.94241
1383903281.25,-40.94503
1383903437.5,-40.94289
1383903593.75,-40.92921
1383903750.0,-40.92419
1383903906.25,-40.94524
1383904062.5,-40.95459
1383904218.75,-40.94062
1383904375.0,-40.91975
1383904531.25,-40.94089
1383904687.5,-40.95424
1383904843.75,-40.94519
1383905000.0,-40.92761
1383905156.25,-40.94445
1383905312.5,-40.93163
1383905468.75,-40.94773
1383905625.0,-40.94103
1383905781.25,-40.9302
1383905937.5,-40.96568
1383906093.75,-40.92292
1383906250.0,-40.92156
1383906406.25,-40.94175
1383906562.5,-40.93542
1383906718.75,-40.9424
1383906875.0,-40.94801
1383907031.25,-40.94374
1383907187.5,-40.91051
1383907343.75,-40.91103
1383907500.0,-40.93124
1383907656.25,-40.91651
1383907812.5,-40.9235
1383907968.75,-40.92449
1383908125.0,-40.94442
1383908281.25,-40.96544
1383908437.5,-40.93165
1383908593.75,-40.92323
1383908750.0,-40.93238
1383908906.25,-40.9298
1383909062.5,-40.92771
1383909218.75,-40.91256
1383909375.0,-40.93307
1383909531.25,-40.92744
1383909687.5,-40.91458
1383909843.75,-40.93086
1383910000.0,-40.9273
1383910156.25,-40.91656
1383910312.5,-40.91173
1383910468.75,-40.93811
1383910625.0,-40.94673
1383910781.25,-40.92882
1383910937.5,-40.91623
1383911093.75,-40.9327
1383911250.0,-40.92567
1383911406.25,-40.93489
1383911562.5,-40.9191
1383911718.75,-40.92188
1383911875.0,-40.91814
1383912031.25,-40.91749
1383912187.5,-40.91639
1383912343.75,-40.94581
1383912500.0,-40.92084
1383912656.25,-40.91223
1383912812.5,-40.91523
1383912968.75,-40.92231
1383913125.0,-40.92585
1383913281.25,-40.93367
1383913437.5,-40.91494
1383913593.75,-40.90088
1383913750.0,-40.92129
1383913906.25,-40.91868
1383914062.5,-40.91101
1383914218.75,-40.92099
1383914375.0,-40.92513
1383914531.25,-40.93674
1383914687.5,-40.91933
1383914843.75,-40.92098
1383915000.0,-40.91996
1383915156.25,-40.90738
1383915312.5,-40.93209
1383915468.75,-40.92855
1383915625.0,-40.92722
1383915781.25,-40.92532
1383915937.5,-40.92104
1383916093.75,-40.91337
1383916250.0,-40.87469
1383916406.25,-40.89449
1383916562.5,-40.91682
1383916718.75,-40.91982
1383916875.0,-40.90774
1383917031.25,-40.92078
1383917187.5,-40.92693
1383917343.75,-40.90508
1383917500.0,-40.91043
1383917656.25,-40.90335
1383917812.5,-40.88746
1383917968.75,-40.90634
1383918125.0,-40.90632
1383918281.25,-40.91819
1383918437.5,-40.91588
1383918593.75,-40.91409
1383918750.0,-40.91174
1383918906.25,-40.91692
1383919062.5,-40.89203
1383919218.75,-40.90983
1383919375.0,-40.90596
1383919531.25,-40.92324
1383919687.5,-40.88926
1383919843.75,-40.89495
1383920000.0,-40.89793
1383920156.25,-40.90704
1383920312.5,-40.90076
1383920468.75,-40.89718
1383920625.0,-40.90454
1383920781.25,-40.91451
1383920937.5,-40.89285
1383921093.75,-40.90789
1383921250.0,-40.89594
1383921406.25,-40.90078
1383921562.5,-40.89414
1383921718.75,-40.88697
1383921875.0,-40.88401
1383922031.25,-40.88814
1383922187.5,-40.89589
1383922343.75,-40.91008
1383922500.0,-40.89031
1383922656.25,-40.89386
1383922812.5,-40.8798
1383922968.75,-40.90866
1383923125.0,-40.89739
1383923281.25,-40.88758
1383923437.5,-40.89119
1383923593.75,-40.87808
1383923750.0,-40.89998
1383923906.25,-40.88456
1383924062.5,-40.8945
1383924218.75,-40.89155
1383924375.0,-40.89766
1383924531.25,-40.90177
1383924687.5,-40.8819
1383924843.75,-40.88791
1383925000.0,-40.89719
1383925156.25,-40.90647
1383925312.5,-40.89531
1383925468.75,-40.86876
1383925625.0,-40.89423
1383925781.25,-40.90252
1383925937.5,-40.88684
1383926093.75,-40.8764
1383926250.0,-40.88933
1383926406.25,-40.89273
1383926562.5,-40.87946
1383926718.75,-40.87039
1383926875.0,-40.87083
1383927031.25,-40.88349
1383927187.5,-40.88869
1383927343.75,-40.9064
1383927500.0,-40.89394
1383927656.25,-40.88827
1383927812.5,-40.87741
1383927968.75,-40.86819
1383928125.0,-40.86859
1383928281.25,-40.87579
1383928437.5,-40.87341
1383928593.75,-40.87022
1383928750.0,-40.88071
1383928906.25,-40.89102
1383929062.5,-40.88114
1383929218.75,-40.87436
1383929375.0,-40.8945
1383929531.25,-40.86531
1383929687.5,-40.87564
1383929843.75,-40.87995
1383930000.0,-40.88448
1383930156.25,-40.87986
1383930312.5,-40.85357
1383930468.75,-40.87424
1383930625.0,-40.86887
1383930781.25,-40.8689
1383930937.5,-40.8734
1383931093.75,-40.89126
1383931250.0,-40.87654
1383931406.25,-40.87286
1383931562.5,-40.878
1383931718.75,-40.88838
1383931875.0,-40.86916
1383932031.25,-40.87161
1383932187.5,-40.87522
1383932343.75,-40.87789
1383932500.0,-40.87966
1383932656.25,-40.87569
1383932812.5,-40.87685
1383932968.75,-40.87416
1383933125.0,-40.87555
1383933281.25,-40.87518
1383933437.5,-40.87714
1383933593.75,-40.88339
1383933750.0,-40.86334
1383933906.25,-40.86959
1383934062.5,-40.89229
1383934218.75,-40.86666
1383934375.0,-40.8587
1383934531.25,-40.86006
1383934687.5,-40.87041
1383934843.75,-40.85268
1383935000.0,-40.87318
1383935156.25,-40.86076
1383935312.5,-40.86398
1383935468.75,-40.88054
1383935625.0,-40.87236
1383935781.25,-40.87753
1383935937.5,-40.85595
1383936093.75,-40.86212
1383936250.0,-40.86453
1383936406.25,-40.86578
1383936562.5,-40.86819
1383936718.75,-40.87
1383936875.0,-40.86335
1383937031.25,-40.85961
1383937187.5,-40.8839
1383937343.75,-40.85739
1383937500.0,-40.84941
1383937656.25,-40.86287
1383937812.5,-40.8681
1383937968.75,-40.83561
1383938125.0,-40.8622
1383938281.25,-40.86197
1383938437.5,-40.86441
1383938593.75,-40.86345
1383938750.0,-40.86765
1383938906.25,-40.86127
1383939062.5,-40.8531
1383939218.75,-40.85735
1383939375.0,-40.87446
1383939531.25,-40.86248
1383939687.5,-40.84584
1383939843.75,-40.85141
1383940000.0,-40.85258
1383940156.25,-40.83259
1383940312.5,-40.84024
1383940468.75,-40.85556
1383940625.0,-40.85302
1383940781.25,-40.85457
1383940937.5,-40.83705
1383941093.75,-40.859
1383941250.0,-40.8561
1383941406.25,-40.85542
1383941562.5,-40.83455
1383941718.75,-40.86856
1383941875.0,-40.85825
1383942031.25,-40.84751
1383942187.5,-40.86106
1383942343.75,-40.8391
1383942500.0,-40.84859
1383942656.25,-40.86878
1383942812.5,-40.83884
1383942968.75,-40.84009
1383943125.0,-40.84432
1383943281.25,-40.84964
1383943437.5,-40.86459
1383943593.75,-40.83741
1383943750.0,-40.85685
1383943906.25,-40.84449
1383944062.5,-40.84429
1383944218.75,-40.86389
1383944375.0,-40.82172
1383944531.25,-40.85114
1383944687.5,-40.84303
1383944843.75,-40.84903
1383945000.0,-40.84797
1383945156.25,-40.85625
1383945312.5,-40.83974
1383945468.75,-40.85111
1383945625.0,-40.82234
1383945781.25,-40.84349
1383945937.5,-40.84755
1383946093.75,-40.85001
1383946250.0,-40.8437
1383946406.25,-40.86227
1383946562.5,-40.85167
1383946718.75,-40.84932
1383946875.0,-40.83228
1383947031.25,-40.82488
1383947187.5,-40.82615
1383947343.75,-40.83615
1383947500.0,-40.84688
1383947656.25,-40.82364
1383947812.5,-40.82468
1383947968.75,-40.83564
1383948125.0,-40.84799
1383948281.25,-40.81572
1383948437.5,-40.8344
1383948593.75,-40.83664
1383948750.0,-40.81522
1383948906.25,-40.82481
1383949062.5,-40.82769
1383949218.75,-40.82481
1383949375.0,-40.85508
1383949531.25,-40.82447
1383949687.5,-40.82286
1383949843.75,-40.82722
1383950000.0,-40.84418
1383950156.25,-40.84253
1383950312.5,-40.82399
1383950468.75,-40.83389
1383950625.0,-40.84924
1383950781.25,-40.81539
1383950937.5,-40.8241
1383951093.75,-40.82632
1383951250.0,-40.83964
1383951406.25,-40.81441
1383951562.5,-40.82926
1383951718.75,-40.81195
1383951875.0,-40.85025
1383952031.25,-40.81512
1383952187.5,-40.82045
1383952343.75,-40.82215
1383952500.0,-40.82092
1383952656.25,-40.82677
1383952812.5,-40.83442
1383952968.75,-40.8251
1383953125.0,-40.82694
1383953281.25,-40.81577
1383953437.5,-40.82212
1383953593.75,-40.81124
1383953750.0,-40.8141
1383953906.25,-40.81755
1383954062.5,-40.81201
1383954218.75,-40.80304
1383954375.0,-40.81604
1383954531.25,-40.81445
1383954687.5,-40.82026
1383954843.75,-40.81334
1383955000.0,-40.80915
1383955156.25,-40.82932
1383955312.5,-40.82117
1383955468.75,-40.82365
1383955625.0,-40.80973
1383955781.25,-40.83421
1383955937.5,-40.82663
1383956093.75,-40.806
1383956250.0,-40.81343
1383956406.25,-40.82802
1383956562.5,-40.80806
1383956718.75,-40.8195
1383956875.0,-40.8197
1383957031.25,-40.81498
1383957187.5,-40.81087
1383957343.75,-40.8135
1383957500.0,-40.81976
1383957656.25,-40.81181
1383957812.5,-40.8145
1383957968.75,-40.80966
1383958125.0,-40.80807
1383958281.25,-40.79793
1383958437.5,-40.80935
1383958593.75,-40.79662
1383958750.0,-40.82188
1383958906.25,-40.80407
1383959062.5,-40.80487
1383959218.75,-40.80147
1383959375.0,-40.8201
1383959531.25,-40.80306
1383959687.5,-40.80001
1383959843.75,-40.80965
1383960000.0,-40.81953
1383960156.25,-40.82231
1383960312.5,-40.80817
1383960468.75,-40.80383
1383960625.0,-40.80168
1383960781.25,-40.80388
1383960937.5,-40.81906
1383961093.75,-40.7944
1383961250.0,-40.8202
1383961406.25,-40.8039
1383961562.5,-40.8232
1383961718.75,-40.80094
1383961875.0,-40.81857
1383962031.25,-40.80099
1383962187.5,-40.79343
1383962343.75,-40.78834
1383962500.0,-40.80048
1383962656.25,-40.81043
1383962812.5,-40.78579
1383962968.75,-40.78991
1383963125.0,-40.80431
1383963281.25,-40.79613
1383963437.5,-40.79548
1383963593.75,-40.80085
1383963750.0,-40.79551
1383963906.25,-40.80278
1383964062.5,-40.78107
1383964218.75,-40.77788
1383964375.0,-40.81097
1383964531.25,-40.79001
1383964687.5,-40.78518
1383964843.75,-40.80612
1383965000.0,-40.78456
1383965156.25,-40.80305
1383965312.5,-40.78541
1383965468.75,-40.79899
1383965625.0,-40.78224
1383965781.25,-40.78975
1383965937.5,-40.78823
1383966093.75,-40.79914
1383966250.0,-40.78934
1383966406.25,-40.7966
1383966562.5,-40.78573
1383966718.75,-40.79305
1383966875.0,-40.80482
1383967031.25,-40.78374
1383967187.5,-40.80005
1383967343.75,-40.80493
1383967500.0,-40.79149
1383967656.25,-40.78638
1383967812.5,-40.77604
1383967968.75,-40.7817
1383968125.0,-40.79631
1383968281.25,-40.77925
1383968437.5,-40.77372
1383968593.75,-40.79291
1383968750.0,-40.77312
1383968906.25,-40.78202
1383969062.5,-40.7926
1383969218.75,-40.78539
1383969375.0,-40.79268
1383969531.25,-40.78452
1383969687.5,-40.76702
1383969843.75,-40.78189
1383970000.0,-40.76949
1383970156.25,-40.76072
1383970312.5,-40.77981
1383970468.75,-40.77209
1383970625.0,-40.77731
1383970781.25,-40.78144
1383970937.5,-40.77098
1383971093.75,-40.77572
1383971250.0,-40.76544
1383971406.25,-40.76885
1383971562.5,-40.77158
1383971718.75,-40.77779
1383971875.0,-40.78339
1383972031.25,-40.78384
1383972187.5,-40.78239
1383972343.75,-40.76473
1383972500.0,-40.75974
1383972656.25,-40.77056
1383972812.5,-40.7756
1383972968.75,-40.76556
1383973125.0,-40.78139
1383973281.25,-40.77284
1383973437.5,-40.78968
1383973593.75,-40.76764
1383973750.0,-40.75737
1383973906.25,-40.76917
1383974062.5,-40.77622
1383974218.75,-40.78125
1383974375.0,-40.76949
1383974531.25,-40.76186
1383974687.5,-40.77716
1383974843.75,-40.7789
1383975000.0,-40.76593
1383975156.25,-40.75285
1383975312.5,-40.7722
1383975468.75,-40.78461
1383975625.0,-40.75641
1383975781.25,-40.77041
1383975937.5,-40.7582
1383976093.75,-40.78161
1383976250.0,-40.76198
1383976406.25,-40.75845
1383976562.5,-40.77317
1383976718.75,-40.77051
1383976875.0,-40.75962
1383977031.25,-40.76076
1383977187.5,-40.76891
1383977343.75,-40.76495
1383977500.0,-40.77804
1383977656.25,-40.75491
1383977812.5,-40.76218
1383977968.75,-40.75474
1383978125.0,-40.75294
1383978281.25,-40.74617
1383978437.5,-40.7437
1383978593.75,-40.76926
1383978750.0,-40.76046
1383978906.25,-40.75027
1383979062.5,-40.74729
1383979218.75,-40.76185
1383979375.0,-40.77553
1383979531.25,-40.75696
1383979687.5,-40.7504
1383979843.75,-40.76862
1383980000.0,-40.75192
1383980156.25,-40.76233
1383980312.5,-40.7474
1383980468.75,-40.74745
1383980625.0,-40.74117
1383980781.25,-40.73917
1383980937.5,-40.73475
1383981093.75,-40.75326
1383981250.0,-40.73081
1383981406.25,-40.7676
1383981562.5,-40.75694
1383981718.75,-40.75437
1383981875.0,-40.73152
1383982031.25,-40.74711
1383982187.5,-40.76696
1383982343.75,-40.74384
1383982500.0,-40.74588
1383982656.25,-40.73125
1383982812.5,-40.75195
1383982968.75,-40.76163
1383983125.0,-40.75731
1383983281.25,-40.7807
1383983437.5,-40.74095
1383983593.75,-40.74314
1383983750.0,-40.74529
1383983906.25,-40.75586
1383984062.5,-40.73749
1383984218.75,-40.73874
1383984375.0,-40.72909
1383984531.25,-40.73045
1383984687.5,-40.75662
1383984843.75,-40.73616
1383985000.0,-40.74389
1383985156.25,-40.73361
1383985312.5,-40.75
1383985468.75,-40.72511
1383985625.0,-40.72724
1383985781.25,-40.73758
1383985937.5,-40.74842
1383986093.75,-40.75768
1383986250.0,-40.75555
1383986406.25,-40.73515
1383986562.5,-40.75519
1383986718.75,-40.74804
1383986875.0,-40.75602
1383987031.25,-40.71772
1383987187.5,-40.72949
1383987343.75,-40.72726
1383987500.0,-40.74436
1383987656.25,-40.73887
1383987812.5,-40.73492
1383987968.75,-40.73233
1383988125.0,-40.74503
1383988281.25,-40.73117
1383988437.5,-40.72281
1383988593.75,-40.73515
1383988750.0,-40.73498
1383988906.25,-40.7244
1383989062.5,-40.72613
1383989218.75,-40.75063
1383989375.0,-40.7271
1383989531.25,-40.71453
1383989687.5,-40.72192
1383989843.75,-40.75142
1383990000.0,-40.75528
1383990156.25,-40.74207
1383990312.5,-40.71941
1383990468.75,-40.74196
1383990625.0,-40.72832
1383990781.25,-40.71572
1383990937.5,-40.74304
1383991093.75,-40.7207
1383991250.0,-40.71991
1383991406.25,-40.71511
1383991562.5,-40.72455
1383991718.75,-40.7174
1383991875.0,-40.73075
1383992031.25,-40.7305
1383992187.5,-40.72285
1383992343.75,-40.74081
1383992500.0,-40.71787
1383992656.25,-40.71994
1383992812.5,-40.72907
1383992968.75,-40.72845
1383993125.0,-40.72203
1383993281.25,-40.72279
1383993437.5,-40.71992
1383993593.75,-40.721
1383993750.0,-40.73961
1383993906.25,-40.72299
1383994062.5,-40.70168
1383994218.75,-40.73167
1383994375.0,-40.7234
1383994531.25,-40.70329
1383994687.5,-40.74091
1383994843.75,-40.73856
1383995000.0,-40.72384
1383995156.25,-40.72073
1383995312.5,-40.73147
1383995468.75,-40.72208
1383995625.0,-40.71811
1383995781.25,-40.72507
1383995937.5,-40.70642
1383996093.75,-40.70803
1383996250.0,-40.73485
1383996406.25,-40.69491
1383996562.5,-40.71667
1383996718.75,-40.71938
1383996875.0,-40.72775
1383997031.25,-40.71452
1383997187.5,-40.71058
1383997343.75,-40.72404
1383997500.0,-40.71652
1383997656.25,-40.71291
1383997812.5,-40.70037
1383997968.75,-40.70181
1383998125.0,-40.70635
1383998281.25,-40.72079
1383998437.5,-40.69599
1383998593.75,-40.73003
1383998750.0,-40.69262
1383998906.25,-40.70734
1383999062.5,-40.70872
1383999218.75,-40.70499
1383999375.0,-40.69598
1383999531.25,-40.70029
1383999687.5,-40.72278
1383999843.75,-40.71065
1384000000.0,-40.70975
1384000156.25,-40.70193
1384000312.5,-40.7053
1384000468.75,-40.68991
1384000625.0,-40.70424
1384000781.25,-40.70378
1384000937.5,-40.69868
1384001093.75,-40.71128
1384001250.0,-40.70845
1384001406.25,-40.69644
1384001562.5,-40.70914
1384001718.75,-40.69349
1384001875.0,-40.69469
1384002031.25,-40.70241
1384002187.5,-40.7135
1384002343.75,-40.70844
1384002500.0,-40.71685
1384002656.25,-40.69948
1384002812.5,-40.71027
1384002968.75,-40.70354
1384003125.0,-40.69523
1384003281.25,-40.70691
1384003437.5,-40.68499
1384003593.75,-40.68795
1384003750.0,-40.68614
1384003906.25,-40.71025
1384004062.5,-40.69954
1384004218.75,-40.71663
1384004375.0,-40.69534
1384004531.25,-40.70366
1384004687.5,-40.69984
1384004843.75,-40.6931
1384005000.0,-40.69771
1384005156.25,-40.70269
1384005312.5,-40.70794
1384005468.75,-40.68248
1384005625.0,-40.68598
1384005781.25,-40.69104
1384005937.5,-40.68666
1384006093.75,-40.68933
1384006250.0,-40.69637
1384006406.25,-40.67596
1384006562.5,-40.68169
1384006718.75,-40.69688
1384006875.0,-40.71084
1384007031.25,-40.72142
1384007187.5,-40.68687
1384007343.75,-40.69238
1384007500.0,-40.69181
1384007656.25,-40.69143
1384007812.5,-40.69279
1384007968.75,-40.69262
1384008125.0,-40.6814
1384008281.25,-40.69364
1384008437.5,-40.67744
1384008593.75,-40.71114
1384008750.0,-40.68203
1384008906.25,-40.67518
1384009062.5,-40.67547
1384009218.75,-40.68541
1384009375.0,-40.68782
1384009531.25,-40.67627
1384009687.5,-40.67809
1384009843.75,-40.68625
1384010000.0,-40.6793
1384010156.25,-40.67083
1384010312.5,-40.66853
1384010468.75,-40.66725
1384010625.0,-40.68842
1384010781.25,-40.69027
1384010937.5,-40.68718
1384011093.75,-40.66372
1384011250.0,-40.67768
1384011406.25,-40.6763
1384011562.5,-40.66688
1384011718.75,-40.68594
1384011875.0,-40.67938
1384012031.25,-40.67708
1384012187.5,-40.67576
1384012343.75,-40.67085
1384012500.0,-40.68227
1384012656.25,-40.66917
1384012812.5,-40.64967
1384012968.75,-40.67119
1384013125.0,-40.6903
1384013281.25,-40.67444
1384013437.5,-40.68475
1384013593.75,-40.67313
1384013750.0,-40.66607
1384013906.25,-40.68037
1384014062.5,-40.65818
1384014218.75,-40.65272
1384014375.0,-40.66043
1384014531.25,-40.64406
1384014687.5,-40.67208
1384014843.75,-40.66629
1384015000.0,-40.68438
1384015156.25,-40.67213
1384015312.5,-40.66879
1384015468.75,-40.66797
1384015625.0,-40.67794
1384015781.25,-40.67817
1384015937.5,-40.67819
1384016093.75,-40.66734
1384016250.0,-40.65666
1384016406.25,-40.66806
1384016562.5,-40.64834
1384016718.75,-40.65362
1384016875.0,-40.67718
1384017031.25,-40.67017
1384017187.5,-40.67158
1384017343.75,-40.66241
1384017500.0,-40.66421
1384017656.25,-40.65576
1384017812.5,-40.67341
1384017968.75,-40.65581
1384018125.0,-40.66325
1384018281.25,-40.65232
1384018437.5,-40.66357
1384018593.75,-40.67211
1384018750.0,-40.67382
1384018906.25,-40.65561
1384019062.5,-40.65975
1384019218.75,-40.66729
1384019375.0,-40.66919
1384019531.25,-40.65203
1384019687.5,-40.66016
1384019843.75,-40.66131
1384020000.0,-40.64639
1384020156.25,-40.66578
1384020312.5,-40.65863
1384020468.75,-40.64688
1384020625.0,-40.6445
1384020781.25,-40.66275
1384020937.5,-40.64778
1384021093.75,-40.64543
1384021250.0,-40.66491
1384021406.25,-40.64656
1384021562.5,-40.64868
1384021718.75,-40.65453
1384021875.0,-40.66161
1384022031.25,-40.67277
1384022187.5,-40.65147
1384022343.75,-40.64144
1384022500.0,-40.64832
1384022656.25,-40.65718
1384022812.5,-40.64148
1384022968.75,-40.63495
1384023125.0,-40.63798
1384023281.25,-40.64403
1384023437.5,-40.65261
1384023593.75,-40.65056
1384023750.0,-40.65196
1384023906.25,-40.6351
1384024062.5,-40.63745
1384024218.75,-40.64797
1384024375.0,-40.62706
1384024531.25,-40.6674
1384024687.5,-40.64043
1384024843.75,-40.63977
1384025000.0,-40.65981
1384025156.25,-40.62854
1384025312.5,-40.6457
1384025468.75,-40.64492
1384025625.0,-40.65582
1384025781.25,-40.63569
1384025937.5,-40.63054
1384026093.75,-40.65503
1384026250.0,-40.64938
1384026406.25,-40.63982
1384026562.5,-40.64851
1384026718.75,-40.64131
1384026875.0,-40.6422
1384027031.25,-40.63236
1384027187.5,-40.64221
1384027343.75,-40.64046
1384027500.0,-40.64374
1384027656.25,-40.63005
1384027812.5,-40.61175
1384027968.75,-40.64412
1384028125.0,-40.62109
1384028281.25,-40.64165
1384028437.5,-40.63952
1384028593.75,-40.63336
1384028750.0,-40.63551
1384028906.25,-40.64214
1384029062.5,-40.63263
1384029218.75,-40.6168
1384029375.0,-40.62207
1384029531.25,-40.64734
1384029687.5,-40.63276
1384029843.75,-40.63738
1384030000.0,-40.63969
1384030156.25,-40.6253
1384030312.5,-40.64614
1384030468.75,-40.62781
1384030625.0,-40.6518
1384030781.25,-40.62826
1384030937.5,-40.63403
1384031093.75,-40.62691
1384031250.0,-40.61619
1384031406.25,-40.62556
1384031562.5,-40.6118
1384031718.75,-40.63567
1384031875.0,-40.63417
1384032031.25,-40.64485
1384032187.5,-40.62616
1384032343.75,-40.62737
1384032500.0,-40.62099
1384032656.25,-40.63384
1384032812.5,-40.61826
1384032968.75,-40.627
1384033125.0,-40.63083
1384033281.25,-40.62726
1384033437.5,-40.60266
1384033593.75,-40.61618
1384033750.0,-40.61836
1384033906.25,-40.61083
1384034062.5,-40.62336
1384034218.75,-40.63629
1384034375.0,-40.61461
1384034531.25,-40.63302
1384034687.5,-40.60611
1384034843.75,-40.63222
1384035000.0,-40.61223
1384035156.25,-40.63546
1384035312.5,-40.63577
1384035468.75,-40.61123
1384035625.0,-40.623
1384035781.25,-40.62584
1384035937.5,-40.60742
1384036093.75,-40.61789
1384036250.0,-40.59708
1384036406.25,-40.59629
1384036562.5,-40.63329
1384036718.75,-40.62494
1384036875.0,-40.6231
1384037031.25,-40.60196
1384037187.5,-40.62669
1384037343.75,-40.59378
1384037500.0,-40.61038
1384037656.25,-40.61487
1384037812.5,-40.6153
1384037968.75,-40.6135
1384038125.0,-40.62809
1384038281.25,-40.6159
1384038437.5,-40.63073
1384038593.75,-40.61438
1384038750.0,-40.60165
1384038906.25,-40.60624
1384039062.5,-40.62928
1384039218.75,-40.5954
1384039375.0,-40.62403
1384039531.25,-40.60695
1384039687.5,-40.62353
1384039843.75,-40.62187
1384040000.0,-40.60522
1384040156.25,-40.59811
1384040312.5,-40.60917
1384040468.75,-40.602
1384040625.0,-40.59903
1384040781.25,-40.60713
1384040937.5,-40.61568
1384041093.75,-40.61199
1384041250.0,-40.60921
1384041406.25,-40.61845
1384041562.5,-40.59269
1384041718.75,-40.59297
1384041875.0,-40.61061
1384042031.25,-40.59612
1384042187.5,-40.60455
1384042343.75,-40.62455
1384042500.0,-40.58731
1384042656.25,-40.59468
1384042812.5,-40.60393
1384042968.75,-40.59159
1384043125.0,-40.60318
1384043281.25,-40.58937
1384043437.5,-40.60397
1384043593.75,-40.59966
1384043750.0,-40.59502
1384043906.25,-40.59811
1384044062.5,-40.5972
1384044218.75,-40.58122
1384044375.0,-40.59782
1384044531.25,-40.59499
1384044687.5,-40.61164
1384044843.75,-40.59717
1384045000.0,-40.58604
1384045156.25,-40.59656
1384045312.5,-40.58435
1384045468.75,-40.58846
1384045625.0,-40.61936
1384045781.25,-40.58835
1384045937.5,-40.57152
1384046093.75,-40.59439
1384046250.0,-40.59625
1384046406.25,-40.59247
1384046562.5,-40.58563
1384046718.75,-40.58823
1384046875.0,-40.59628
1384047031.25,-40.58028
1384047187.5,-40.5865
1384047343.75,-40.58836
1384047500.0,-40.5906
1384047656.25,-40.5882
1384047812.5,-40.57234
1384047968.75,-40.59773
1384048125.0,-40.59204
1384048281.25,-40.58856
1384048437.5,-40.58772
1384048593.75,-40.59713
1384048750.0,-40.58223
1384048906.25,-40.58036
1384049062.5,-40.57373
1384049218.75,-40.56985
1384049375.0,-40.56768
1384049531.25,-40.58152
1384049687.5,-40.58889
1384049843.75,-40.58798
1384050000.0,-40.59709
1384050156.25,-40.56492
1384050312.5,-40.59414
1384050468.75,-40.57835
1384050625.0,-40.59115
1384050781.25,-40.58253
1384050937.5,-40.56949
1384051093.75,-40.58063
1384051250.0,-40.57149
1384051406.25,-40.58861
1384051562.5,-40.57225
1384051718.75,-40.58575
1384051875.0,-40.58989
1384052031.25,-40.58121
1384052187.5,-40.57076
1384052343.75,-40.58731
1384052500.0,-40.57614
1384052656.25,-40.57692
1384052812.5,-40.58444
1384052968.75,-40.57727
1384053125.0,-40.56866
1384053281.25,-40.57787
1384053437.5,-40.58564
1384053593.75,-40.57309
1384053750.0,-40.55802
1384053906.25,-40.57973
1384054062.5,-40.57208
1384054218.75,-40.56623
1384054375.0,-40.5899
1384054531.25,-40.56294
1384054687.5,-40.56895
1384054843.75,-40.58658
1384055000.0,-40.57032
1384055156.25,-40.57519
1384055312.5,-40.57806
1384055468.75,-40.56361
1384055625.0,-40.57818
1384055781.25,-40.57582
1384055937.5,-40.56378
1384056093.75,-40.5685
1384056250.0,-40.57393
1384056406.25,-40.56523
1384056562.5,-40.5657
1384056718.75,-40.55131
1384056875.0,-40.56685
1384057031.25,-40.56293
1384057187.5,-40.55571
1384057343.75,-40.54022
1384057500.0,-40.5663
1384057656.25,-40.56465
1384057812.5,-40.56304
1384057968.75,-40.58221
1384058125.0,-40.56311
1384058281.25,-40.56137
1384058437.5,-40.55387
1384058593.75,-40.57239
1384058750.0,-40.56538
1384058906.25,-40.55965
1384059062.5,-40.5436
1384059218.75,-40.56353
1384059375.0,-40.56454
1384059531.25,-40.54195
1384059687.5,-40.55791
1384059843.75,-40.54475
1384060000.0,-40.5681
1384060156.25,-40.55634
1384060312.5,-40.5507
1384060468.75,-40.55876
1384060625.0,-40.54082
1384060781.25,-40.54771
1384060937.5,-40.57083
1384061093.75,-40.56372
1384061250.0,-40.56703
1384061406.25,-40.56235
1384061562.5,-40.57428
1384061718.75,-40.53017
1384061875.0,-40.56781
1384062031.25,-40.57136
1384062187.5,-40.55019
1384062343.75,-40.54415
1384062500.0,-40.5588
1384062656.25,-40.54302
1384062812.5,-40.55172
1384062968.75,-40.53778
1384063125.0,-40.54506
1384063281.25,-40.53733
1384063437.5,-40.53896
1384063593.75,-40.54988
1384063750.0,-40.54214
1384063906.25,-40.54038
1384064062.5,-40.55599
1384064218.75,-40.55633
1384064375.0,-40.54274
1384064531.25,-40.54713
1384064687.5,-40.54232
1384064843.75,-40.54844
1384065000.0,-40.52862
1384065156.25,-40.54676
1384065312.5,-40.54596
1384065468.75,-40.56177
1384065625.0,-40.55289
1384065781.25,-40.5458
1384065937.5,-40.522
1384066093.75,-40.52171
1384066250.0,-40.52977
1384066406.25,-40.53114
1384066562.5,-40.52991
1384066718.75,-40.54734
1384066875.0,-40.54858
1384067031.25,-40.54744
1384067187.5,-40.54718
1384067343.75,-40.54331
1384067500.0,-40.53487
1384067656.25,-40.53437
1384067812.5,-40.5452
1384067968.75,-40.55898
1384068125.0,-40.54072
1384068281.25,-40.54495
1384068437.5,-40.52879
1384068593.75,-40.52728
1384068750.0,-40.54959
1384068906.25,-40.55696
1384069062.5,-40.52295
1384069218.75,-40.53692
1384069375.0,-40.53222
1384069531.25,-40.51925
1384069687.5,-40.53762
1384069843.75,-40.52934
1384070000.0,-40.53454
1384070156.25,-40.5371
1384070312.5,-40.53659
1384070468.75,-40.51433
1384070625.0,-40.53304
1384070781.25,-40.53181
1384070937.5,-40.52628
1384071093.75,-40.53796
1384071250.0,-40.51069
1384071406.25,-40.53165
1384071562.5,-40.53892
1384071718.75,-40.54623
1384071875.0,-40.54147
1384072031.25,-40.52968
1384072187.5,-40.52505
1384072343.75,-40.52229
1384072500.0,-40.51949
1384072656.25,-40.54987
1384072812.5,-40.53265
1384072968.75,-40.52573
1384073125.0,-40.52219
1384073281.25,-40.5213
1384073437.5,-40.51758
1384073593.75,-40.53594
1384073750.0,-40.52952
1384073906.25,-40.5121
1384074062.5,-40.50926
1384074218.75,-40.52777
1384074375.0,-40.51506
1384074531.25,-40.52115
1384074687.5,-40.5183
1384074843.75,-40.5238
1384075000.0,-40.50619
1384075156.25,-40.51558
1384075312.5,-40.49935
1384075468.75,-40.52143
1384075625.0,-40.52811
1384075781.25,-40.49395
1384075937.5,-40.50706
1384076093.75,-40.51339
1384076250.0,-40.50827
1384076406.25,-40.52618
1384076562.5,-40.52018
1384076718.75,-40.51774
1384076875.0,-40.50454
1384077031.25,-40.53217
1384077187.5,-40.51
1384077343.75,-40.53201
1384077500.0,-40.51149
1384077656.25,-40.5292
1384077812.5,-40.5182
1384077968.75,-40.51537
1384078125.0,-40.51407
1384078281.25,-40.50401
1384078437.5,-40.48952
1384078593.75,-40.51558
1384078750.0,-40.49898
1384078906.25,-40.4996
1384079062.5,-40.51817
1384079218.75,-40.49105
1384079375.0,-40.50176
1384079531.25,-40.49966
1384079687.5,-40.49734
1384079843.75,-40.50668
1384080000.0,-40.51086
1384080156.25,-40.50778
1384080312.5,-40.52766
1384080468.75,-40.50764
1384080625.0,-40.49406
1384080781.25,-40.4924
1384080937.5,-40.50035
1384081093.75,-40.50616
1384081250.0,-40.50263
1384081406.25,-40.47746
1384081562.5,-40.50184
1384081718.75,-40.48569
1384081875.0,-40.50258
1384082031.25,-40.50317
1384082187.5,-40.50854
1384082343.75,-40.50893
1384082500.0,-40.50763
1384082656.25,-40.52896
1384082812.5,-40.49704
1384082968.75,-40.51243
1384083125.0,-40.51374
1384083281.25,-40.48445
1384083437.5,-40.50473
1384083593.75,-40.49317
1384083750.0,-40.51104
1384083906.25,-40.50669
1384084062.5,-40.48268
1384084218.75,-40.50025
1384084375.0,-40.49019
1384084531.25,-40.51161
1384084687.5,-40.50317
1384084843.75,-40.48989
1384085000.0,-40.49818
1384085156.25,-40.50103
1384085312.5,-40.50506
1384085468.75,-40.49197
1384085625.0,-40.48955
1384085781.25,-40.50129
1384085937.5,-40.47385
1384086093.75,-40.48298
1384086250.0,-40.49139
1384086406.25,-40.48502
1384086562.5,-40.47886
1384086718.75,-40.48367
1384086875.0,-40.48854
1384087031.25,-40.49797
1384087187.5,-40.48317
1384087343.75,-40.4998
1384087500.0,-40.48277
1384087656.25,-40.47773
1384087812.5,-40.48869
1384087968.75,-40.50158
1384088125.0,-40.48746
1384088281.25,-40.47014
1384088437.5,-40.49164
1384088593.75,-40.48845
1384088750.0,-40.45863
1384088906.25,-40.46427
1384089062.5,-40.48582
1384089218.75,-40.46758
1384089375.0,-40.49664
1384089531.25,-40.48523
1384089687.5,-40.49728
1384089843.75,-40.47748
1384090000.0,-40.48129
1384090156.25,-40.47161
1384090312.5,-40.46356
1384090468.75,-40.4847
1384090625.0,-40.46974
1384090781.25,-40.4869
1384090937.5,-40.49991
1384091093.75,-40.46857
1384091250.0,-40.4525
1384091406.25,-40.4855
1384091562.5,-40.46464
1384091718.75,-40.48629
1384091875.0,-40.47566
1384092031.25,-40.46873
1384092187.5,-40.46856
1384092343.75,-40.46611
1384092500.0,-40.45962
1384092656.25,-40.4665
1384092812.5,-40.46634
1384092968.75,-40.47768
1384093125.0,-40.47202
1384093281.25,-40.47136
1384093437.5,-40.47243
1384093593.75,-40.47876
1384093750.0,-40.45989
1384093906.25,-40.47075
1384094062.5,-40.45358
1384094218.75,-40.45299
1384094375.0,-40.46307
1384094531.25,-40.4659
1384094687.5,-40.4735
1384094843.75,-40.47451
1384095000.0,-40.44999
1384095156.25,-40.45744
1384095312.5,-40.46997
1384095468.75,-40.47426
1384095625.0,-40.45621
1384095781.25,-40.47081
1384095937.5,-40.46514
1384096093.75,-40.46924
1384096250.0,-40.45514
1384096406.25,-40.46344
1384096562.5,-40.457
1384096718.75,-40.45884
1384096875.0,-40.46917
1384097031.25,-40.46475
1384097187.5,-40.46717
1384097343.75,-40.45989
1384097500.0,-40.46833
1384097656.25,-40.47741
1384097812.5,-40.45055
1384097968.75,-40.46227
1384098125.0,-40.45064
1384098281.25,-40.44654
1384098437.5,-40.46348
1384098593.75,-40.45871
1384098750.0,-40.46071
1384098906.25,-40.43343
1384099062.5,-40.4648
1384099218.75,-40.44361
1384099375.0,-40.44194
1384099531.25,-40.46284
1384099687.5,-40.45821
1384099843.75,-40.45263
1384100000.0,-40.48147
1384100156.25,-40.47902
1384100312.5,-40.46452
1384100468.75,-40.44724
1384100625.0,-40.46437
1384100781.25,-40.45001
1384100937.5,-40.439
1384101093.75,-40.45101
1384101250.0,-40.46548
1384101406.25,-40.4431
1384101562.5,-40.46799
1384101718.75,-40.45583
1384101875.0,-40.4518
1384102031.25,-40.44431
1384102187.5,-40.44268
1384102343.75,-40.43777
1384102500.0,-40.44873
1384102656.25,-40.44329
1384102812.5,-40.46095
1384102968.75,-40.42971
1384103125.0,-40.44835
1384103281.25,-40.46241
1384103437.5,-40.45249
1384103593.75,-40.44814
1384103750.0,-40.4262
1384103906.25,-40.44382
1384104062.5,-40.43397
1384104218.75,-40.4557
1384104375.0,-40.43403
1384104531.25,-40.45887
1384104687.5,-40.45005
1384104843.75,-40.44964
1384105000.0,-40.45303
1384105156.25,-40.43987
1384105312.5,-40.44511
1384105468.75,-40.43085
1384105625.0,-40.45233
1384105781.25,-40.45104
1384105937.5,-40.43579
1384106093.75,-40.43472
1384106250.0,-40.44001
1384106406.25,-40.44984
1384106562.5,-40.42347
1384106718.75,-40.43524
1384106875.0,-40.42303
1384107031.25,-40.4487
1384107187.5,-40.43455
1384107343.75,-40.42038
1384107500.0,-40.4403
1384107656.25,-40.43969
1384107812.5,-40.4304
1384107968.75,-40.43618
1384108125.0,-40.42183
1384108281.25,-40.42003
1384108437.5,-40.43621
1384108593.75,-40.44034
1384108750.0,-40.42616
1384108906.25,-40.43113
1384109062.5,-40.43614
1384109218.75,-40.43148
1384109375.0,-40.44052
1384109531.25,-40.43999
1384109687.5,-40.43544
1384109843.75,-40.42861
1384110000.0,-40.43922
1384110156.25,-40.43576
1384110312.5,-40.43696
1384110468.75,-40.4337
1384110625.0,-40.42096
1384110781.25,-40.42902
1384110937.5,-40.42463
1384111093.75,-40.45093
1384111250.0,-40.43062
1384111406.25,-40.41986
1384111562.5,-40.42569
1384111718.75,-40.40714
1384111875.0,-40.42112
1384112031.25,-40.41696
1384112187.5,-40.42365
1384112343.75,-40.43731
1384112500.0,-40.41871
1384112656.25,-40.43321
1384112812.5,-40.43721
1384112968.75,-40.43694
1384113125.0,-40.42821
1384113281.25,-40.43233
1384113437.5,-40.41777
1384113593.75,-40.41508
1384113750.0,-40.40877
1384113906.25,-40.43081
1384114062.5,-40.40618
1384114218.75,-40.40552
1384114375.0,-40.41677
1384114531.25,-40.41187
1384114687.5,-40.41491
1384114843.75,-40.41686
1384115000.0,-40.4145
1384115156.25,-40.38964
1384115312.5,-40.42976
1384115468.75,-40.40959
1384115625.0,-40.41215
1384115781.25,-40.41619
1384115937.5,-40.40831
1384116093.75,-40.42107
1384116250.0,-40.42019
1384116406.25,-40.42642
1384116562.5,-40.41123
1384116718.75,-40.41731
1384116875.0,-40.42312
1384117031.25,-40.40982
1384117187.5,-40.42041
1384117343.75,-40.40382
1384117500.0,-40.3976
1384117656.25,-40.41899
1384117812.5,-40.42941
1384117968.75,-40.4132
1384118125.0,-40.42598
1384118281.25,-40.41087
1384118437.5,-40.40652
1384118593.75,-40.38831
1384118750.0,-40.40876
1384118906.25,-40.40716
1384119062.5,-40.39294
1384119218.75,-40.40834
1384119375.0,-40.40075
1384119531.25,-40.43296
1384119687.5,-40.38991
1384119843.75,-40.39562
1384120000.0,-40.40599
1384120156.25,-40.41629
1384120312.5,-40.40242
1384120468.75,-40.41121
1384120625.0,-40.39922
1384120781.25,-40.40221
1384120937.5,-40.39426
1384121093.75,-40.41274
1384121250.0,-40.39951
1384121406.25,-40.38281
1384121562.5,-40.40343
1384121718.75,-40.4058
1384121875.0,-40.41183
1384122031.25,-40.41399
1384122187.5,-40.38809
1384122343.75,-40.39969
1384122500.0,-40.39297
1384122656.25,-40.38097
1384122812.5,-40.38549
1384122968.75,-40.38261
1384123125.0,-40.41548
1384123281.25,-40.39203
1384123437.5,-40.39311
1384123593.75,-40.39628
1384123750.0,-40.39412
1384123906.25,-40.40747
1384124062.5,-40.40992
1384124218.75,-40.39716
1384124375.0,-40.40159
1384124531.25,-40.40748
1384124687.5,-40.38589
1384124843.75,-40.39331
1384125000.0,-40.38422
1384125156.25,-40.39697
1384125312.5,-40.40362
1384125468.75,-40.37328
1384125625.0,-40.39272
1384125781.25,-40.38192
1384125937.5,-40.40102
1384126093.75,-40.37972
1384126250.0,-40.39976
1384126406.25,-40.38193
1384126562.5,-40.39275
1384126718.75,-40.39512
1384126875.0,-40.36867
1384127031.25,-40.38544
1384127187.5,-40.38414
1384127343.75,-40.36826
1384127500.0,-40.38869
1384127656.25,-40.37355
1384127812.5,-40.39381
1384127968.75,-40.36505
1384128125.0,-40.38561
1384128281.25,-40.38721
1384128437.5,-40.37093
1384128593.75,-40.37395
1384128750.0,-40.38286
1384128906.25,-40.36478
1384129062.5,-40.38573
1384129218.75,-40.38816
1384129375.0,-40.39314
1384129531.25,-40.38559
1384129687.5,-40.37554
1384129843.75,-40.38116
1384130000.0,-40.38049
1384130156.25,-40.36016
1384130312.5,-40.37468
1384130468.75,-40.38675
1384130625.0,-40.35626
1384130781.25,-40.39351
1384130937.5,-40.3838
1384131093.75,-40.39383
1384131250.0,-40.38293
1384131406.25,-40.35944
1384131562.5,-40.38033
1384131718.75,-40.37644
1384131875.0,-40.37806
1384132031.25,-40.37205
1384132187.5,-40.37278
1384132343.75,-40.37823
1384132500.0,-40.36978
1384132656.25,-40.36139
1384132812.5,-40.36693
1384132968.75,-40.38587
1384133125.0,-40.37648
1384133281.25,-40.37355
1384133437.5,-40.37299
1384133593.75,-40.3828
1384133750.0,-40.37346
1384133906.25,-40.37451
1384134062.5,-40.37892
1384134218.75,-40.36938
1384134375.0,-40.3567
1384134531.25,-40.37469
1384134687.5,-40.37341
1384134843.75,-40.38083
1384135000.0,-40.35098
1384135156.25,-40.35992
1384135312.5,-40.36835
1384135468.75,-40.36666
1384135625.0,-40.36324
1384135781.25,-40.35578
1384135937.5,-40.36985
1384136093.75,-40.3685
1384136250.0,-40.36071
1384136406.25,-40.35545
1384136562.5,-40.38048
1384136718.75,-40.3419
1384136875.0,-40.36776
1384137031.25,-40.36034
1384137187.5,-40.36319
1384137343.75,-40.35059
1384137500.0,-40.3558
1384137656.25,-40.36343
1384137812.5,-40.35927
1384137968.75,-40.35166
1384138125.0,-40.35741
1384138281.25,-40.36769
1384138437.5,-40.37119
1384138593.75,-40.35794
1384138750.0,-40.34564
1384138906.25,-40.35816
1384139062.5,-40.36112
1384139218.75,-40.35912
1384139375.0,-40.36943
1384139531.25,-40.36104
1384139687.5,-40.34661
1384139843.75,-40.3454
1384140000.0,-40.35639
1384140156.25,-40.34771
1384140312.5,-40.35092
1384140468.75,-40.36734
1384140625.0,-40.34548
1384140781.25,-40.33312
1384140937.5,-40.36543
1384141093.75,-40.36058
1384141250.0,-40.33631
1384141406.25,-40.35382
1384141562.5,-40.35613
1384141718.75,-40.34489
1384141875.0,-40.36155
1384142031.25,-40.35096
1384142187.5,-40.34604
1384142343.75,-40.35357
1384142500.0,-40.33514
1384142656.25,-40.34791
1384142812.5,-40.33535
1384142968.75,-40.34822
1384143125.0,-40.34436
1384143281.25,-40.33126
1384143437.5,-40.34357
1384143593.75,-40.34784
1384143750.0,-40.35484
1384143906.25,-40.35945
1384144062.5,-40.3438
1384144218.75,-40.3418
1384144375.0,-40.34883
1384144531.25,-40.34586
1384144687.5,-40.34983
1384144843.75,-40.34808
1384145000.0,-40.35223
1384145156.25,-40.32665
1384145312.5,-40.33752
1384145468.75,-40.35035
1384145625.0,-40.34957
1384145781.25,-40.33821
1384145937.5,-40.34404
1384146093.75,-40.34089
1384146250.0,-40.33178
1384146406.25,-40.3397
1384146562.5,-40.33133
1384146718.75,-40.33469
1384146875.0,-40.34455
1384147031.25,-40.32114
1384147187.5,-40.34743
1384147343.75,-40.33136
1384147500.0,-40.32312
1384147656.25,-40.36056
1384147812.5,-40.33632
1384147968.75,-40.3149
1384148125.0,-40.34549
1384148281.25,-40.33464
1384148437.5,-40.34598
1384148593.75,-40.32667
1384148750.0,-40.32559
1384148906.25,-40.32615
1384149062.5,-40.32507
1384149218.75,-40.33842
1384149375.0,-40.30711
1384149531.25,-40.33637
1384149687.5,-40.30866
1384149843.75,-40.3314
1384150000.0,-40.33994
1384150156.25,-40.32489
1384150312.5,-40.32094
1384150468.75,-40.31328
1384150625.0,-40.33409
1384150781.25,-40.32163
1384150937.5,-40.32638
1384151093.75,-40.33681
1384151250.0,-40.31693
1384151406.25,-40.31612
1384151562.5,-40.32499
1384151718.75,-40.32566
1384151875.0,-40.32054
1384152031.25,-40.3276
1384152187.5,-40.32228
1384152343.75,-40.32254
1384152500.0,-40.31792
1384152656.25,-40.3288
1384152812.5,-40.33216
1384152968.75,-40.31661
1384153125.0,-40.33198
1384153281.25,-40.32187
1384153437.5,-40.31379
1384153593.75,-40.31737
1384153750.0,-40.30729
1384153906.25,-40.34636
1384154062.5,-40.31173
1384154218.75,-40.32182
1384154375.0,-40.30012
1384154531.25,-40.32139
1384154687.5,-40.32181
1384154843.75,-40.31968
1384155000.0,-40.31031
1384155156.25,-40.31192
1384155312.5,-40.30202
1384155468.75,-40.32969
1384155625.0,-40.31863
1384155781.25,-40.31103
1384155937.5,-40.32338
1384156093.75,-40.30871
1384156250.0,-40.31695
1384156406.25,-40.31858
1384156562.5,-40.3103
1384156718.75,-40.30463
1384156875.0,-40.29334
1384157031.25,-40.31312
1384157187.5,-40.31151
1384157343.75,-40.30372
1384157500.0,-40.32573
1384157656.25,-40.32077
1384157812.5,-40.32528
1384157968.75,-40.30097
1384158125.0,-40.31845
1384158281.25,-40.30893
1384158437.5,-40.31535
1384158593.75,-40.29888
1384158750.0,-40.31793
1384158906.25,-40.29992
1384159062.5,-40.29997
1384159218.75,-40.30023
1384159375.0,-40.32344
1384159531.25,-40.30088
1384159687.5,-40.32216
1384159843.75,-40.30008
1384160000.0,-40.30473
1384160156.25,-40.31568
1384160312.5,-40.31576
1384160468.75,-40.30436
1384160625.0,-40.2952
1384160781.25,-40.30212
1384160937.5,-40.29582
1384161093.75,-40.30624
1384161250.0,-40.31027
1384161406.25,-40.31032
1384161562.5,-40.32015
1384161718.75,-40.3113
1384161875.0,-40.31061
1384162031.25,-40.31051
1384162187.5,-40.2887
1384162343.75,-40.28671
1384162500.0,-40.29976
1384162656.25,-40.29787
1384162812.5,-40.30713
1384162968.75,-40.32001
1384163125.0,-40.31281
1384163281.25,-40.29058
1384163437.5,-40.28203
1384163593.75,-40.29766
1384163750.0,-40.30048
1384163906.25,-40.29194
1384164062.5,-40.27572
1384164218.75,-40.28078
1384164375.0,-40.28984
1384164531.25,-40.27896
1384164687.5,-40.28835
1384164843.75,-40.26775
1384165000.0,-40.28442
1384165156.25,-40.30392
1384165312.5,-40.28961
1384165468.75,-40.29359
1384165625.0,-40.28502
1384165781.25,-40.31363
1384165937.5,-40.28877
1384166093.75,-40.28621
1384166250.0,-40.2732
1384166406.25,-40.27945
1384166562.5,-40.28118
1384166718.75,-40.27552
1384166875.0,-40.28033
1384167031.25,-40.2945
1384167187.5,-40.26588
1384167343.75,-40.27493
1384167500.0,-40.27387
1384167656.25,-40.29052
1384167812.5,-40.29771
1384167968.75,-40.28744
1384168125.0,-40.26931
1384168281.25,-40.27728
1384168437.5,-40.2743
1384168593.75,-40.27439
1384168750.0,-40.27518
1384168906.25,-40.26532
1384169062.5,-40.28245
1384169218.75,-40.27486
1384169375.0,-40.29769
1384169531.25,-40.27956
1384169687.5,-40.27463
1384169843.75,-40.26635
1384170000.0,-40.26869
1384170156.25,-40.25939
1384170312.5,-40.27192
1384170468.75,-40.2891
1384170625.0,-40.26297
1384170781.25,-40.26064
1384170937.5,-40.26955
1384171093.75,-40.2751
1384171250.0,-40.26612
1384171406.25,-40.26331
1384171562.5,-40.28966
1384171718.75,-40.27644
1384171875.0,-40.2685
1384172031.25,-40.2594
1384172187.5,-40.2866
1384172343.75,-40.25793
1384172500.0,-40.28077
1384172656.25,-40.2763
1384172812.5,-40.26954
1384172968.75,-40.26237
1384173125.0,-40.25718
1384173281.25,-40.27826
1384173437.5,-40.26616
1384173593.75,-40.24687
1384173750.0,-40.25239
1384173906.25,-40.26142
1384174062.5,-40.26491
1384174218.75,-40.25227
1384174375.0,-40.27306
1384174531.25,-40.26543
1384174687.5,-40.27932
1384174843.75,-40.25839
1384175000.0,-40.26878
1384175156.25,-40.27047
1384175312.5,-40.25859
1384175468.75,-40.26851
1384175625.0,-40.26199
1384175781.25,-40.27379
1384175937.5,-40.27654
1384176093.75,-40.25412
1384176250.0,-40.25201
1384176406.25,-40.25677
1384176562.5,-40.26386
1384176718.75,-40.2607
1384176875.0,-40.27052
1384177031.25,-40.2572
1384177187.5,-40.27351
1384177343.75,-40.27712
1384177500.0,-40.25969
1384177656.25,-40.25795
1384177812.5,-40.25889
1384177968.75,-40.26279
1384178125.0,-40.26674
1384178281.25,-40.26267
1384178437.5,-40.25267
1384178593.75,-40.25454
1384178750.0,-40.23941
1384178906.25,-40.25169
1384179062.5,-40.26318
1384179218.75,-40.25824
1384179375.0,-40.24974
1384179531.25,-40.25162
1384179687.5,-40.26958
1384179843.75,-40.2652
1384180000.0,-40.25249
1384180156.25,-40.25546
1384180312.5,-40.25377
1384180468.75,-40.27157
1384180625.0,-40.24283
1384180781.25,-40.25609
1384180937.5,-40.23346
1384181093.75,-40.24576
1384181250.0,-40.25751
1384181406.25,-40.24487
1384181562.5,-40.24981
1384181718.75,-40.25055
1384181875.0,-40.23342
1384182031.25,-40.23719
1384182187.5,-40.2627
1384182343.75,-40.24735
1384182500.0,-40.24175
1384182656.25,-40.24312
1384182812.5,-40.25412
1384182968.75,-40.26021
1384183125.0,-40.22696
1384183281.25,-40.24575
1384183437.5,-40.23818
1384183593.75,-40.24147
1384183750.0,-40.24632
1384183906.25,-40.25202
1384184062.5,-40.26317
1384184218.75,-40.22744
1384184375.0,-40.23606
1384184531.25,-40.22857
1384184687.5,-40.22573
1384184843.75,-40.23666
1384185000.0,-40.23051
1384185156.25,-40.24453
1384185312.5,-40.2333
1384185468.75,-40.23167
1384185625.0,-40.22319
1384185781.25,-40.22711
1384185937.5,-40.24648
1384186093.75,-40.2454
1384186250.0,-40.22791
1384186406.25,-40.24158
1384186562.5,-40.23243
1384186718.75,-40.2461
1384186875.0,-40.23143
1384187031.25,-40.23241
1384187187.5,-40.22431
1384187343.75,-40.23058
1384187500.0,-40.2485
1384187656.25,-40.22366
1384187812.5,-40.23826
1384187968.75,-40.23193
1384188125.0,-40.2332
1384188281.25,-40.23545
1384188437.5,-40.2294
1384188593.75,-40.23378
1384188750.0,-40.22208
1384188906.25,-40.22417
1384189062.5,-40.21905
1384189218.75,-40.22448
1384189375.0,-40.23251
1384189531.25,-40.23283
1384189687.5,-40.21774
1384189843.75,-40.22122
1384190000.0,-40.21532
1384190156.25,-40.20875
1384190312.5,-40.23108
1384190468.75,-40.21341
1384190625.0,-40.21401
1384190781.25,-40.22289
1384190937.5,-40.22489
1384191093.75,-40.22733
1384191250.0,-40.22575
1384191406.25,-40.22827
1384191562.5,-40.23064
1384191718.75,-40.22062
1384191875.0,-40.22158
1384192031.25,-40.22265
1384192187.5,-40.22316
1384192343.75,-40.2137
1384192500.0,-40.22325
1384192656.25,-40.22979
1384192812.5,-40.21921
1384192968.75,-40.22262
1384193125.0,-40.21454
1384193281.25,-40.21947
1384193437.5,-40.19603
1384193593.75,-40.19879
1384193750.0,-40.20686
1384193906.25,-40.22447
1384194062.5,-40.20732
1384194218.75,-40.21333
1384194375.0,-40.21753
1384194531.25,-40.19491
1384194687.5,-40.19657
1384194843.75,-40.20461
1384195000.0,-40.2107
1384195156.25,-40.2092
1384195312.5,-40.21844
1384195468.75,-40.18748
1384195625.0,-40.189
1384195781.25,-40.20773
1384195937.5,-40.19608
1384196093.75,-40.20562
1384196250.0,-40.194
1384196406.25,-40.20803
1384196562.5,-40.20243
1384196718.75,-40.20953
1384196875.0,-40.20044
1384197031.25,-40.21546
1384197187.5,-40.21351
1384197343.75,-40.1962
1384197500.0,-40.2014
1384197656.25,-40.19117
1384197812.5,-40.19857
1384197968.75,-40.20282
1384198125.0,-40.21284
1384198281.25,-40.19376
1384198437.5,-40.21066
1384198593.75,-40.21024
1384198750.0,-40.20417
1384198906.25,-40.20124
1384199062.5,-40.20736
1384199218.75,-40.19318
1384199375.0,-40.19173
1384199531.25,-40.18902
1384199687.5,-40.20613
1384199843.75,-40.19462
1384200000.0,-40.22146
1384200156.25,-40.20453
1384200312.5,-40.20078
1384200468.75,-40.18465
1384200625.0,-40.20768
1384200781.25,-40.19181
1384200937.5,-40.19751
1384201093.75,-40.20434
1384201250.0,-40.18928
1384201406.25,-40.20385
1384201562.5,-40.18902
1384201718.75,-40.20235
1384201875.0,-40.18816
1384202031.25,-40.19355
1384202187.5,-40.19394
1384202343.75,-40.20604
1384202500.0,-40.18989
1384202656.25,-40.20256
1384202812.5,-40.19964
1384202968.75,-40.18798
1384203125.0,-40.19695
1384203281.25,-40.19291
1384203437.5,-40.18396
1384203593.75,-40.19052
1384203750.0,-40.18186
1384203906.25,-40.17912
1384204062.5,-40.18017
1384204218.75,-40.19338
1384204375.0,-40.17325
1384204531.25,-40.19033
1384204687.5,-40.18929
1384204843.75,-40.17172
1384205000.0,-40.17822
1384205156.25,-40.17543
1384205312.5,-40.19676
1384205468.75,-40.18093
1384205625.0,-40.18662
1384205781.25,-40.17117
1384205937.5,-40.18119
1384206093.75,-40.17393
1384206250.0,-40.20251
1384206406.25,-40.16832
1384206562.5,-40.18748
1384206718.75,-40.18988
1384206875.0,-40.18362
1384207031.25,-40.17411
1384207187.5,-40.19112
1384207343.75,-40.1701
1384207500.0,-40.1904
1384207656.25,-40.17688
1384207812.5,-40.18292
1384207968.75,-40.17392
1384208125.0,-40.18211
1384208281.25,-40.18785
1384208437.5,-40.18172
1384208593.75,-40.18062
1384208750.0,-40.19286
1384208906.25,-40.17118
1384209062.5,-40.17798
1384209218.75,-40.18518
1384209375.0,-40.17652
1384209531.25,-40.16964
1384209687.5,-40.15847
1384209843.75,-40.16555
1384210000.0,-40.1725
1384210156.25,-40.1768
1384210312.5,-40.17491
1384210468.75,-40.16073
1384210625.0,-40.17043
1384210781.25,-40.17471
1384210937.5,-40.16251
1384211093.75,-40.17717
1384211250.0,-40.17479
1384211406.25,-40.17319
1384211562.5,-40.18161
1384211718.75,-40.16632
1384211875.0,-40.17627
1384212031.25,-40.17782
1384212187.5,-40.1716
1384212343.75,-40.1589
1384212500.0,-40.14923
1384212656.25,-40.159
1384212812.5,-40.17888
1384212968.75,-40.16492
1384213125.0,-40.1582
1384213281.25,-40.158
1384213437.5,-40.16096
1384213593.75,-40.15584
1384213750.0,-40.15895
1384213906.25,-40.17601
1384214062.5,-40.17579
1384214218.75,-40.15543
1384214375.0,-40.16221
1384214531.25,-40.15252
1384214687.5,-40.14134
1384214843.75,-40.15738
1384215000.0,-40.15709
1384215156.25,-40.15656
1384215312.5,-40.17049
1384215468.75,-40.16534
1384215625.0,-40.1602
1384215781.25,-40.16372
1384215937.5,-40.15953
1384216093.75,-40.15612
1384216250.0,-40.17329
1384216406.25,-40.17599
1384216562.5,-40.15209
1384216718.75,-40.15837
1384216875.0,-40.14777
1384217031.25,-40.14782
1384217187.5,-40.14897
1384217343.75,-40.15918
1384217500.0,-40.15171
1384217656.25,-40.16588
1384217812.5,-40.16015
1384217968.75,-40.15957
1384218125.0,-40.15266
1384218281.25,-40.17226
1384218437.5,-40.14703
1384218593.75,-40.15726
1384218750.0,-40.14431
1384218906.25,-40.14105
1384219062.5,-40.15637
1384219218.75,-40.16286
1384219375.0,-40.15015
1384219531.25,-40.1435
1384219687.5,-40.15504
1384219843.75,-40.15261
1384220000.0,-40.15167
1384220156.25,-40.15326
1384220312.5,-40.14258
1384220468.75,-40.15073
1384220625.0,-40.14191
1384220781.25,-40.13733
1384220937.5,-40.15533
1384221093.75,-40.15992
1384221250.0,-40.13568
1384221406.25,-40.13003
1384221562.5,-40.14077
1384221718.75,-40.14756
1384221875.0,-40.14234
1384222031.25,-40.12602
1384222187.5,-40.14099
1384222343.75,-40.14045
1384222500.0,-40.15493
1384222656.25,-40.14867
1384222812.5,-40.13482
1384222968.75,-40.13178
1384223125.0,-40.12964
1384223281.25,-40.13748
1384223437.5,-40.13837
1384223593.75,-40.15107
1384223750.0,-40.15291
1384223906.25,-40.1381
1384224062.5,-40.11455
1384224218.75,-40.11839
1384224375.0,-40.145
1384224531.25,-40.1337
1384224687.5,-40.11936
1384224843.75,-40.15513
1384225000.0,-40.13649
1384225156.25,-40.14556
1384225312.5,-40.13758
1384225468.75,-40.12549
1384225625.0,-40.11787
1384225781.25,-40.15541
1384225937.5,-40.12529
1384226093.75,-40.12941
1384226250.0,-40.12411
1384226406.25,-40.12677
1384226562.5,-40.13031
1384226718.75,-40.12259
1384226875.0,-40.12021
1384227031.25,-40.13765
1384227187.5,-40.13544
1384227343.75,-40.13396
1384227500.0,-40.12193
1384227656.25,-40.12011
1384227812.5,-40.13602
1384227968.75,-40.11738
1384228125.0,-40.137
1384228281.25,-40.11608
1384228437.5,-40.121
1384228593.75,-40.11586
1384228750.0,-40.12562
1384228906.25,-40.12612
1384229062.5,-40.11652
1384229218.75,-40.11298
1384229375.0,-40.102
1384229531.25,-40.1076
1384229687.5,-40.1137
1384229843.75,-40.13201
1384230000.0,-40.12397
1384230156.25,-40.09846
1384230312.5,-40.12295
1384230468.75,-40.10775
1384230625.0,-40.11855
1384230781.25,-40.11827
1384230937.5,-40.1295
1384231093.75,-40.12541
1384231250.0,-40.11274
1384231406.25,-40.10885
1384231562.5,-40.11539
1384231718.75,-40.1116
1384231875.0,-40.10625
1384232031.25,-40.1182
1384232187.5,-40.10229
1384232343.75,-40.1039
1384232500.0,-40.11731
1384232656.25,-40.10055
1384232812.5,-40.13098
1384232968.75,-40.11523
1384233125.0,-40.13263
1384233281.25,-40.11866
1384233437.5,-40.11664
1384233593.75,-40.11488
1384233750.0,-40.10211
1384233906.25,-40.10752
1384234062.5,-40.09726
1384234218.75,-40.09608
1384234375.0,-40.1018
1384234531.25,-40.10378
1384234687.5,-40.10245
1384234843.75,-40.12141
1384235000.0,-40.1179
1384235156.25,-40.10558
1384235312.5,-40.10173
1384235468.75,-40.09623
1384235625.0,-40.11316
1384235781.25,-40.10315
1384235937.5,-40.11871
1384236093.75,-40.11957
1384236250.0,-40.10387
1384236406.25,-40.11038
1384236562.5,-40.11185
1384236718.75,-40.11618
1384236875.0,-40.09417
1384237031.25,-40.10539
1384237187.5,-40.10775
1384237343.75,-40.11032
1384237500.0,-40.10028
1384237656.25,-40.10619
1384237812.5,-40.09274
1384237968.75,-40.09576
1384238125.0,-40.09725
1384238281.25,-40.09048
1384238437.5,-40.09792
1384238593.75,-40.08598
1384238750.0,-40.09336
1384238906.25,-40.0818
1384239062.5,-40.09078
1384239218.75,-40.11095
1384239375.0,-40.10327
1384239531.25,-40.08384
1384239687.5,-40.10107
1384239843.75,-40.08495
1384240000.0,-40.09688
1384240156.25,-40.10075
1384240312.5,-40.09056
1384240468.75,-40.08262
1384240625.0,-40.07894
1384240781.25,-40.09428
1384240937.5,-40.08916
1384241093.75,-40.08821
1384241250.0,-40.09124
1384241406.25,-40.10412
1384241562.5,-40.09801
1384241718.75,-40.07124
1384241875.0,-40.10254
1384242031.25,-40.09442
1384242187.5,-40.07259
1384242343.75,-40.08659
1384242500.0,-40.07228
1384242656.25,-40.07314
1384242812.5,-40.07251
1384242968.75,-40.0746
1384243125.0,-40.08455
1384243281.25,-40.07394
1384243437.5,-40.08677
1384243593.75,-40.09462
1384243750.0,-40.07471
1384243906.25,-40.10644
1384244062.5,-40.10129
1384244218.75,-40.07479
1384244375.0,-40.09415
1384244531.25,-40.08084
1384244687.5,-40.08921
1384244843.75,-40.08301
1384245000.0,-40.07391
1384245156.25,-40.07566
1384245312.5,-40.07146
1384245468.75,-40.07035
1384245625.0,-40.07483
1384245781.25,-40.07264
1384245937.5,-40.07874
1384246093.75,-40.07841
1384246250.0,-40.07724
1384246406.25,-40.07508
1384246562.5,-40.06879
1384246718.75,-40.08155
1384246875.0,-40.05185
1384247031.25,-40.07973
1384247187.5,-40.08373
1384247343.75,-40.07889
1384247500.0,-40.06553
1384247656.25,-40.07817
1384247812.5,-40.08484
1384247968.75,-40.05642
1384248125.0,-40.06916
1384248281.25,-40.06545
1384248437.5,-40.0689
1384248593.75,-40.06701
1384248750.0,-40.07619
1384248906.25,-40.07201
1384249062.5,-40.08505
1384249218.75,-40.06369
1384249375.0,-40.06286
1384249531.25,-40.07999
1384249687.5,-40.08191
1384249843.75,-40.07981
1384250000.0,-40.06704
1384250156.25,-40.06491
1384250312.5,-40.05881
1384250468.75,-40.06295
1384250625.0,-40.0528
1384250781.25,-40.05737
1384250937.5,-40.07066
1384251093.75,-40.05135
1384251250.0,-40.09007
1384251406.25,-40.05721
1384251562.5,-40.07865
1384251718.75,-40.06373
1384251875.0,-40.06691
1384252031.25,-40.05894
1384252187.5,-40.06483
1384252343.75,-40.06686
1384252500.0,-40.06283
1384252656.25,-40.06209
1384252812.5,-40.05892
1384252968.75,-40.0655
1384253125.0,-40.05381
1384253281.25,-40.05327
1384253437.5,-40.04715
1384253593.75,-40.07202
1384253750.0,-40.05035
1384253906.25,-40.06127
1384254062.5,-40.05257
1384254218.75,-40.05742
1384254375.0,-40.06684
1384254531.25,-40.07191
1384254687.5,-40.05967
1384254843.75,-40.06613
1384255000.0,-40.06483
1384255156.25,-40.04279
1384255312.5,-40.03981
1384255468.75,-40.05307
1384255625.0,-40.04414
1384255781.25,-40.04625
1384255937.5,-40.05702
1384256093.75,-40.03229
1384256250.0,-40.03533
1384256406.25,-40.03346
1384256562.5,-40.05986
1384256718.75,-40.05536
1384256875.0,-40.0429
1384257031.25,-40.05124
1384257187.5,-40.06597
1384257343.75,-40.04952
1384257500.0,-40.04338
1384257656.25,-40.04847
1384257812.5,-40.04887
1384257968.75,-40.0589
1384258125.0,-40.03586
1384258281.25,-40.0693
1384258437.5,-40.04933
1384258593.75,-40.04782
1384258750.0,-40.05309
1384258906.25,-40.04819
1384259062.5,-40.05034
1384259218.75,-40.04311
1384259375.0,-40.03911
1384259531.25,-40.04924
1384259687.5,-40.02927
1384259843.75,-40.03342
1384260000.0,-40.04319
1384260156.25,-40.04814
1384260312.5,-40.0397
1384260468.75,-40.03463
1384260625.0,-40.037
1384260781.25,-40.02687
1384260937.5,-40.0358
1384261093.75,-40.03948
1384261250.0,-40.02375
1384261406.25,-40.03697
1384261562.5,-40.03782
1384261718.75,-40.02837
1384261875.0,-40.04073
1384262031.25,-40.03576
1384262187.5,-40.04897
1384262343.75,-40.02231
1384262500.0,-40.04385
1384262656.25,-40.03034
1384262812.5,-40.03278
1384262968.75,-40.02213
1384263125.0,-40.02832
1384263281.25,-40.04325
1384263437.5,-40.03512
1384263593.75,-40.01914
1384263750.0,-40.02977
1384263906.25,-40.02129
1384264062.5,-40.02813
1384264218.75,-40.02354
1384264375.0,-40.02676
1384264531.25,-40.01328
1384264687.5,-40.02805
1384264843.75,-40.02924
1384265000.0,-40.02142
1384265156.25,-40.01524
1384265312.5,-40.02172
1384265468.75,-39.99842
1384265625.0,-40.04131
1384265781.25,-40.02425
1384265937.5,-40.01774
1384266093.75,-40.02653
1384266250.0,-40.02165
1384266406.25,-40.02497
1384266562.5,-40.03083
1384266718.75,-40.03878
1384266875.0,-40.02924
1384267031.25,-40.01729
1384267187.5,-40.01854
1384267343.75,-40.02855
1384267500.0,-40.00895
1384267656.25,-40.02172
1384267812.5,-40.01093
1384267968.75,-40.01683
1384268125.0,-40.02951
1384268281.25,-40.02524
1384268437.5,-40.02124
1384268593.75,-39.99442
1384268750.0,-40.01007
1384268906.25,-40.01178
1384269062.5,-40.00836
1384269218.75,-40.04157
1384269375.0,-40.01476
1384269531.25,-40.01993
1384269687.5,-40.0244
1384269843.75,-40.00898
1384270000.0,-40.0135
1384270156.25,-40.03591
1384270312.5,-39.98452
1384270468.75,-40.01972
1384270625.0,-40.03641
1384270781.25,-40.0105
1384270937.5,-40.02367
1384271093.75,-40.02188
1384271250.0,-40.01493
1384271406.25,-40.01125
1384271562.5,-40.0104
1384271718.75,-40.00103
1384271875.0,-40.00574
1384272031.25,-40.00501
1384272187.5,-40.00847
1384272343.75,-40.00742
1384272500.0,-40.02036
1384272656.25,-40.00052
1384272812.5,-39.99555
1384272968.75,-40.01412
1384273125.0,-39.98542
1384273281.25,-39.99961
1384273437.5,-40.00798
1384273593.75,-40.00214
1384273750.0,-39.98615
1384273906.25,-40.01318
1384274062.5,-40.00097
1384274218.75,-39.99385
1384274375.0,-40.00679
1384274531.25,-40.03005
1384274687.5,-40.00488
1384274843.75,-39.97813
1384275000.0,-40.00314
1384275156.25,-40.00901
1384275312.5,-40.00318
1384275468.75,-39.99617
1384275625.0,-39.99522
1384275781.25,-40.00065
1384275937.5,-40.01468
1384276093.75,-39.98948
1384276250.0,-40.0086
1384276406.25,-39.99389
1384276562.5,-40.00652
1384276718.75,-39.99191
1384276875.0,-39.99076
1384277031.25,-40.00019
1384277187.5,-39.98558
1384277343.75,-39.99762
1384277500.0,-40.00084
1384277656.25,-39.99524
1384277812.5,-39.99441
1384277968.75,-39.97898
1384278125.0,-39.98996
1384278281.25,-39.99148
1384278437.5,-39.99627
1384278593.75,-39.98957
1384278750.0,-39.98727
1384278906.25,-39.97911
1384279062.5,-39.99074
1384279218.75,-39.98132
1384279375.0,-39.98128
1384279531.25,-39.97827
1384279687.5,-40.00166
1384279843.75,-40.00002
1384280000.0,-39.98531
1384280156.25,-39.97247
1384280312.5,-39.98373
1384280468.75,-39.98808
1384280625.0,-39.97991
1384280781.25,-39.98736
1384280937.5,-39.98938
1384281093.75,-39.98493
1384281250.0,-39.98479
1384281406.25,-39.97986
1384281562.5,-39.98136
1384281718.75,-40.00262
1384281875.0,-39.98955
1384282031.25,-39.98661
1384282187.5,-39.96312
1384282343.75,-39.97301
1384282500.0,-39.97715
1384282656.25,-39.97711
1384282812.5,-39.96532
1384282968.75,-39.9731
1384283125.0,-39.97565
1384283281.25,-39.98106
1384283437.5,-39.98405
1384283593.75,-39.98507
1384283750.0,-39.97244
1384283906.25,-39.9736
1384284062.5,-39.96393
1384284218.75,-39.97708
1384284375.0,-39.97784
1384284531.25,-39.9734
1384284687.5,-39.97395
1384284843.75,-39.97721
1384285000.0,-39.96556
1384285156.25,-39.97298
1384285312.5,-39.97533
1384285468.75,-39.9695
1384285625.0,-39.95235
1384285781.25,-39.96867
1384285937.5,-39.96424
1384286093.75,-39.96985
1384286250.0,-39.96104
1384286406.25,-39.96588
1384286562.5,-39.96972
1384286718.75,-39.94686
1384286875.0,-39.97792
1384287031.25,-39.96868
1384287187.5,-39.96471
1384287343.75,-39.96356
1384287500.0,-39.97199
1384287656.25,-39.95591
1384287812.5,-39.98361
1384287968.75,-39.96108
1384288125.0,-39.96756
1384288281.25,-39.9551
1384288437.5,-39.9496
1384288593.75,-39.97512
1384288750.0,-39.97076
1384288906.25,-39.96302
1384289062.5,-39.96762
1384289218.75,-39.95761
1384289375.0,-39.94843
1384289531.25,-39.95979
1384289687.5,-39.96548
1384289843.75,-39.96043
1384290000.0,-39.94873
1384290156.25,-39.95138
1384290312.5,-39.9394
1384290468.75,-39.95809
1384290625.0,-39.9413
1384290781.25,-39.9491
1384290937.5,-39.94776
1384291093.75,-39.96257
1384291250.0,-39.961
1384291406.25,-39.94289
1384291562.5,-39.9529
1384291718.75,-39.94338
1384291875.0,-39.9585
1384292031.25,-39.95799
1384292187.5,-39.95419
1384292343.75,-39.94325
1384292500.0,-39.95124
1384292656.25,-39.94949
1384292812.5,-39.93796
1384292968.75,-39.95002
1384293125.0,-39.93821
1384293281.25,-39.96008
1384293437.5,-39.95484
1384293593.75,-39.96037
1384293750.0,-39.95892
1384293906.25,-39.95835
1384294062.5,-39.938
1384294218.75,-39.93729
1384294375.0,-39.94963
1384294531.25,-39.95499
1384294687.5,-39.94766
1384294843.75,-39.95043
1384295000.0,-39.94916
1384295156.25,-39.94146
1384295312.5,-39.95124
1384295468.75,-39.94585
1384295625.0,-39.92869
1384295781.25,-39.94174
1384295937.5,-39.94431
1384296093.75,-39.94896
1384296250.0,-39.93661
1384296406.25,-39.94117
1384296562.5,-39.95661
1384296718.75,-39.95036
1384296875.0,-39.94678
1384297031.25,-39.93847
1384297187.5,-39.94279
1384297343.75,-39.93407
1384297500.0,-39.94193
1384297656.25,-39.95177
1384297812.5,-39.94807
1384297968.75,-39.94
1384298125.0,-39.95347
1384298281.25,-39.92922
1384298437.5,-39.94759
1384298593.75,-39.93554
1384298750.0,-39.92441
1384298906.25,-39.94631
1384299062.5,-39.93657
1384299218.75,-39.92866
1384299375.0,-39.92439
1384299531.25,-39.92401
1384299687.5,-39.94899
1384299843.75,-39.93412
1384300000.0,-39.93768
1384300156.25,-39.93631
1384300312.5,-39.93183
1384300468.75,-39.93792
1384300625.0,-39.93758
1384300781.25,-39.91187
1384300937.5,-39.92052
1384301093.75,-39.9336
1384301250.0,-39.91207
1384301406.25,-39.91928
1384301562.5,-39.93612
1384301718.75,-39.91718
1384301875.0,-39.92999
1384302031.25,-39.90734
1384302187.5,-39.90849
1384302343.75,-39.92196
1384302500.0,-39.93067
1384302656.25,-39.9169
1384302812.5,-39.92838
1384302968.75,-39.93189
1384303125.0,-39.91119
1384303281.25,-39.9215
1384303437.5,-39.94169
1384303593.75,-39.92332
1384303750.0,-39.91865
1384303906.25,-39.92253
1384304062.5,-39.935
1384304218.75,-39.91277
1384304375.0,-39.92538
1384304531.25,-39.9336
1384304687.5,-39.90797
1384304843.75,-39.91355
1384305000.0,-39.91581
1384305156.25,-39.92505
1384305312.5,-39.90441
1384305468.75,-39.91906
1384305625.0,-39.92133
1384305781.25,-39.90299
1384305937.5,-39.90231
1384306093.75,-39.91501
1384306250.0,-39.91945
1384306406.25,-39.91334
1384306562.5,-39.93038
1384306718.75,-39.91527
1384306875.0,-39.92071
1384307031.25,-39.91143
1384307187.5,-39.91582
1384307343.75,-39.92021
1384307500.0,-39.9188
1384307656.25,-39.91109
1384307812.5,-39.92205
1384307968.75,-39.91973
1384308125.0,-39.92232
1384308281.25,-39.90996
1384308437.5,-39.9088
1384308593.75,-39.90617
1384308750.0,-39.90686
1384308906.25,-39.91142
1384309062.5,-39.90987
1384309218.75,-39.91233
1384309375.0,-39.90926
1384309531.25,-39.91529
1384309687.5,-39.91029
1384309843.75,-39.90014
1384310000.0,-39.90007
1384310156.25,-39.9161
1384310312.5,-39.88901
1384310468.75,-39.91066
1384310625.0,-39.90006
1384310781.25,-39.89365
1384310937.5,-39.89516
1384311093.75,-39.89863
1384311250.0,-39.89638
1384311406.25,-39.88848
1384311562.5,-39.88963
1384311718.75,-39.90329
1384311875.0,-39.89543
1384312031.25,-39.90245
1384312187.5,-39.89266
1384312343.75,-39.90314
1384312500.0,-39.89113
1384312656.25,-39.88247
1384312812.5,-39.88836
1384312968.75,-39.88382
1384313125.0,-39.89595
1384313281.25,-39.89621
1384313437.5,-39.90287
1384313593.75,-39.88981
1384313750.0,-39.88997
1384313906.25,-39.88892
1384314062.5,-39.90523
1384314218.75,-39.89579
1384314375.0,-39.89476
1384314531.25,-39.88992
1384314687.5,-39.89012
1384314843.75,-39.88292
1384315000.0,-39.88975
1384315156.25,-39.88358
1384315312.5,-39.88634
1384315468.75,-39.89058
1384315625.0,-39.89043
1384315781.25,-39.88751
1384315937.5,-39.88427
1384316093.75,-39.89741
1384316250.0,-39.89969
1384316406.25,-39.88615
1384316562.5,-39.89357
1384316718.75,-39.89053
1384316875.0,-39.88584
1384317031.25,-39.8871
1384317187.5,-39.8898
1384317343.75,-39.86345
1384317500.0,-39.89809
1384317656.25,-39.88885
1384317812.5,-39.88783
1384317968.75,-39.90693
1384318125.0,-39.87364
1384318281.25,-39.88639
1384318437.5,-39.87695
1384318593.75,-39.89355
1384318750.0,-39.87312
1384318906.25,-39.89468
1384319062.5,-39.87961
1384319218.75,-39.89521
1384319375.0,-39.88356
1384319531.25,-39.89018
1384319687.5,-39.88396
1384319843.75,-39.87917
1384320000.0,-39.88745
1384320156.25,-39.87703
1384320312.5,-39.87002
1384320468.75,-39.87793
1384320625.0,-39.87191
1384320781.25,-39.8794
1384320937.5,-39.86915
1384321093.75,-39.84682
1384321250.0,-39.87107
1384321406.25,-39.87121
1384321562.5,-39.8789
1384321718.75,-39.88126
1384321875.0,-39.87376
1384322031.25,-39.86538
1384322187.5,-39.86395
1384322343.75,-39.86705
1384322500.0,-39.88269
1384322656.25,-39.861
1384322812.5,-39.87534
1384322968.75,-39.85793
1384323125.0,-39.869
1384323281.25,-39.86537
1384323437.5,-39.86098
1384323593.75,-39.86848
1384323750.0,-39.86879
1384323906.25,-39.86661
1384324062.5,-39.85244
1384324218.75,-39.86571
1384324375.0,-39.86745
1384324531.25,-39.86912
1384324687.5,-39.86324
1384324843.75,-39.86339
1384325000.0,-39.86082
1384325156.25,-39.85332
1384325312.5,-39.84051
1384325468.75,-39.85763
1384325625.0,-39.87293
1384325781.25,-39.85986
1384325937.5,-39.85548
1384326093.75,-39.87179
1384326250.0,-39.86744
1384326406.25,-39.84816
1384326562.5,-39.86312
1384326718.75,-39.8532
1384326875.0,-39.87523
1384327031.25,-39.86509
1384327187.5,-39.87314
1384327343.75,-39.85872
1384327500.0,-39.85903
1384327656.25,-39.86127
1384327812.5,-39.85268
1384327968.75,-39.85484
1384328125.0,-39.85841
1384328281.25,-39.85851
1384328437.5,-39.84268
1384328593.75,-39.85698
1384328750.0,-39.85422
1384328906.25,-39.86349
1384329062.5,-39.87059
1384329218.75,-39.85278
1384329375.0,-39.84103
1384329531.25,-39.86856
1384329687.5,-39.85369
1384329843.75,-39.85887
1384330000.0,-39.84557
1384330156.25,-39.84472
1384330312.5,-39.86253
1384330468.75,-39.8424
1384330625.0,-39.8514
1384330781.25,-39.85282
1384330937.5,-39.84073
1384331093.75,-39.83235
1384331250.0,-39.84197
1384331406.25,-39.84211
1384331562.5,-39.8451
1384331718.75,-39.83522
1384331875.0,-39.85912
1384332031.25,-39.83845
1384332187.5,-39.83248
1384332343.75,-39.85437
1384332500.0,-39.8412
1384332656.25,-39.84054
1384332812.5,-39.83807
1384332968.75,-39.8465
1384333125.0,-39.82951
1384333281.25,-39.83245
1384333437.5,-39.84336
1384333593.75,-39.82836
1384333750.0,-39.85595
1384333906.25,-39.83208
1384334062.5,-39.84599
1384334218.75,-39.83669
1384334375.0,-39.84876
1384334531.25,-39.85348
1384334687.5,-39.8264
1384334843.75,-39.83784
1384335000.0,-39.83097
1384335156.25,-39.81715
1384335312.5,-39.84076
1384335468.75,-39.84335
1384335625.0,-39.83238
1384335781.25,-39.81338
1384335937.5,-39.84328
1384336093.75,-39.8393
1384336250.0,-39.82017
1384336406.25,-39.83252
1384336562.5,-39.82154
1384336718.75,-39.83553
1384336875.0,-39.82722
1384337031.25,-39.83327
1384337187.5,-39.83903
1384337343.75,-39.83204
1384337500.0,-39.83366
1384337656.25,-39.84035
1384337812.5,-39.84598
1384337968.75,-39.84059
1384338125.0,-39.82033
1384338281.25,-39.84141
1384338437.5,-39.82161
1384338593.75,-39.8288
1384338750.0,-39.81606
1384338906.25,-39.82813
1384339062.5,-39.83367
1384339218.75,-39.82024
1384339375.0,-39.82668
1384339531.25,-39.83435
1384339687.5,-39.8234
1384339843.75,-39.82385
1384340000.0,-39.8181
1384340156.25,-39.82018
1384340312.5,-39.82727
1384340468.75,-39.82358
1384340625.0,-39.82582
1384340781.25,-39.8216
1384340937.5,-39.82692
1384341093.75,-39.81618
1384341250.0,-39.82876
1384341406.25,-39.81678
1384341562.5,-39.81129
1384341718.75,-39.81803
1384341875.0,-39.81564
1384342031.25,-39.82526
1384342187.5,-39.82061
1384342343.75,-39.80374
1384342500.0,-39.80785
1384342656.25,-39.81622
1384342812.5,-39.79587
1384342968.75,-39.82191
1384343125.0,-39.82188
1384343281.25,-39.80576
1384343437.5,-39.81418
1384343593.75,-39.79065
1384343750.0,-39.8225
1384343906.25,-39.81541
1384344062.5,-39.81784
1384344218.75,-39.82302
1384344375.0,-39.80318
1384344531.25,-39.80278
1384344687.5,-39.79889
1384344843.75,-39.81164
1384345000.0,-39.81409
1384345156.25,-39.81867
1384345312.5,-39.80231
1384345468.75,-39.80749
1384345625.0,-39.80782
1384345781.25,-39.82763
1384345937.5,-39.81034
1384346093.75,-39.80889
1384346250.0,-39.80687
1384346406.25,-39.79206
1384346562.5,-39.80821
1384346718.75,-39.79871
1384346875.0,-39.79842
1384347031.25,-39.81682
1384347187.5,-39.80693
1384347343.75,-39.81751
1384347500.0,-39.80467
1384347656.25,-39.81118
1384347812.5,-39.80148
1384347968.75,-39.79739
1384348125.0,-39.80525
1384348281.25,-39.82261
1384348437.5,-39.78405
1384348593.75,-39.79165
1384348750.0,-39.79371
1384348906.25,-39.79836
1384349062.5,-39.80261
1384349218.75,-39.81345
1384349375.0,-39.80014
1384349531.25,-39.79896
1384349687.5,-39.7862
1384349843.75,-39.79456
1384350000.0,-39.80384
1384350156.25,-39.7889
1384350312.5,-39.792
1384350468.75,-39.8041
1384350625.0,-39.79559
1384350781.25,-39.77933
1384350937.5,-39.78865
1384351093.75,-39.79223
1384351250.0,-39.81224
1384351406.25,-39.79036
1384351562.5,-39.78702
1384351718.75,-39.7744
1384351875.0,-39.78875
1384352031.25,-39.78867
1384352187.5,-39.80848
1384352343.75,-39.78354
1384352500.0,-39.78799
1384352656.25,-39.80252
1384352812.5,-39.78851
1384352968.75,-39.79773
1384353125.0,-39.81858
1384353281.25,-39.78915
1384353437.5,-39.77988
1384353593.75,-39.78287
1384353750.0,-39.77921
1384353906.25,-39.79327
1384354062.5,-39.79753
1384354218.75,-39.78175
1384354375.0,-39.78494
1384354531.25,-39.78414
1384354687.5,-39.78581
1384354843.75,-39.79725
1384355000.0,-39.77929
1384355156.25,-39.77451
1384355312.5,-39.78728
1384355468.75,-39.78726
1384355625.0,-39.78363
1384355781.25,-39.76839
1384355937.5,-39.7838
1384356093.75,-39.76659
1384356250.0,-39.77974
1384356406.25,-39.78214
1384356562.5,-39.7837
1384356718.75,-39.77828
1384356875.0,-39.78258
1384357031.25,-39.77306
1384357187.5,-39.76427
1384357343.75,-39.78347
1384357500.0,-39.78015
1384357656.25,-39.76773
1384357812.5,-39.76882
1384357968.75,-39.77157
1384358125.0,-39.77541
1384358281.25,-39.77089
1384358437.5,-39.78196
1384358593.75,-39.77612
1384358750.0,-39.76991
1384358906.25,-39.79199
1384359062.5,-39.77441
1384359218.75,-39.78011
1384359375.0,-39.75932
1384359531.25,-39.77294
1384359687.5,-39.77044
1384359843.75,-39.77552
1384360000.0,-39.76531
1384360156.25,-39.76556
1384360312.5,-39.77876
1384360468.75,-39.75936
1384360625.0,-39.76105
1384360781.25,-39.76567
1384360937.5,-39.76529
1384361093.75,-39.78389
1384361250.0,-39.75948
1384361406.25,-39.76774
1384361562.5,-39.75827
1384361718.75,-39.78257
1384361875.0,-39.76081
1384362031.25,-39.75307
1384362187.5,-39.76586
1384362343.75,-39.75356
1384362500.0,-39.76145
1384362656.25,-39.75889
1384362812.5,-39.75378
1384362968.75,-39.77178
1384363125.0,-39.7532
1384363281.25,-39.74568
1384363437.5,-39.76674
1384363593.75,-39.76483
1384363750.0,-39.76589
1384363906.25,-39.7786
1384364062.5,-39.76488
1384364218.75,-39.77598
1384364375.0,-39.7511
1384364531.25,-39.75246
1384364687.5,-39.76732
1384364843.75,-39.76964
1384365000.0,-39.76089
1384365156.25,-39.74549
1384365312.5,-39.73303
1384365468.75,-39.74931
1384365625.0,-39.74841
1384365781.25,-39.75616
1384365937.5,-39.75035
1384366093.75,-39.74288
1384366250.0,-39.75485
1384366406.25,-39.75804
1384366562.5,-39.75153
1384366718.75,-39.74873
1384366875.0,-39.74461
1384367031.25,-39.75014
1384367187.5,-39.76478
1384367343.75,-39.75232
1384367500.0,-39.75445
1384367656.25,-39.74056
1384367812.5,-39.74184
1384367968.75,-39.73274
1384368125.0,-39.75528
1384368281.25,-39.74509
1384368437.5,-39.73913
1384368593.75,-39.73719
1384368750.0,-39.73811
1384368906.25,-39.75403
1384369062.5,-39.74523
1384369218.75,-39.75074
1384369375.0,-39.74618
1384369531.25,-39.74341
1384369687.5,-39.75217
1384369843.75,-39.74369
1384370000.0,-39.73985
1384370156.25,-39.74224
1384370312.5,-39.74998
1384370468.75,-39.7534
1384370625.0,-39.75
1384370781.25,-39.7473
1384370937.5,-39.7457
1384371093.75,-39.73568
1384371250.0,-39.74493
1384371406.25,-39.73833
1384371562.5,-39.73555
1384371718.75,-39.72635
1384371875.0,-39.75282
1384372031.25,-39.73953
1384372187.5,-39.72664
1384372343.75,-39.74672
1384372500.0,-39.72985
1384372656.25,-39.72811
1384372812.5,-39.73688
1384372968.75,-39.74133
1384373125.0,-39.72916
1384373281.25,-39.73005
1384373437.5,-39.7422
1384373593.75,-39.74178
1384373750.0,-39.73863
1384373906.25,-39.73464
1384374062.5,-39.74174
1384374218.75,-39.74089
1384374375.0,-39.73496
1384374531.25,-39.73722
1384374687.5,-39.74006
1384374843.75,-39.72212
1384375000.0,-39.71901
1384375156.25,-39.72707
1384375312.5,-39.73471
1384375468.75,-39.71865
1384375625.0,-39.72232
1384375781.25,-39.72327
1384375937.5,-39.7199
1384376093.75,-39.7445
1384376250.0,-39.7313
1384376406.25,-39.73188
1384376562.5,-39.71658
1384376718.75,-39.70489
1384376875.0,-39.71753
1384377031.25,-39.72106
1384377187.5,-39.72715
1384377343.75,-39.72482
1384377500.0,-39.72656
1384377656.25,-39.7233
1384377812.5,-39.7253
1384377968.75,-39.74012
1384378125.0,-39.72063
1384378281.25,-39.71168
1384378437.5,-39.73144
1384378593.75,-39.72026
1384378750.0,-39.71814
1384378906.25,-39.71722
1384379062.5,-39.71439
1384379218.75,-39.72366
1384379375.0,-39.71979
1384379531.25,-39.70988
1384379687.5,-39.72629
1384379843.75,-39.70534
1384380000.0,-39.72687
1384380156.25,-39.71606
1384380312.5,-39.72538
1384380468.75,-39.71106
1384380625.0,-39.70481
1384380781.25,-39.71503
1384380937.5,-39.70769
1384381093.75,-39.72549
1384381250.0,-39.71962
1384381406.25,-39.72674
1384381562.5,-39.70987
1384381718.75,-39.6935
1384381875.0,-39.70491
1384382031.25,-39.71616
1384382187.5,-39.71015
1384382343.75,-39.70369
1384382500.0,-39.69096
1384382656.25,-39.70509
1384382812.5,-39.69639
1384382968.75,-39.69933
1384383125.0,-39.70226
1384383281.25,-39.6902
1384383437.5,-39.69347
1384383593.75,-39.69777
1384383750.0,-39.71071
1384383906.25,-39.7033
1384384062.5,-39.70553
1384384218.75,-39.68953
1384384375.0,-39.70226
1384384531.25,-39.69703
1384384687.5,-39.70727
1384384843.75,-39.70518
1384385000.0,-39.6888
1384385156.25,-39.70019
1384385312.5,-39.68899
1384385468.75,-39.69662
1384385625.0,-39.70639
1384385781.25,-39.69928
1384385937.5,-39.70404
1384386093.75,-39.70079
1384386250.0,-39.67735
1384386406.25,-39.68584
1384386562.5,-39.68789
1384386718.75,-39.68053
1384386875.0,-39.70375
1384387031.25,-39.68817
1384387187.5,-39.69097
1384387343.75,-39.70398
1384387500.0,-39.70899
1384387656.25,-39.68347
1384387812.5,-39.6989
1384387968.75,-39.68227
1384388125.0,-39.66921
1384388281.25,-39.68221
1384388437.5,-39.68834
1384388593.75,-39.69406
1384388750.0,-39.69458
1384388906.25,-39.6819
1384389062.5,-39.68681
1384389218.75,-39.69084
1384389375.0,-39.70937
1384389531.25,-39.67715
1384389687.5,-39.68169
1384389843.75,-39.68882
1384390000.0,-39.68265
1384390156.25,-39.68996
1384390312.5,-39.67211
1384390468.75,-39.68325
1384390625.0,-39.68843
1384390781.25,-39.68198
1384390937.5,-39.67074
1384391093.75,-39.66892
1384391250.0,-39.6847
1384391406.25,-39.67691
1384391562.5,-39.67879
1384391718.75,-39.6745
1384391875.0,-39.67871
1384392031.25,-39.67904
1384392187.5,-39.69278
1384392343.75,-39.67712
1384392500.0,-39.69378
1384392656.25,-39.67604
1384392812.5,-39.66812
1384392968.75,-39.66796
1384393125.0,-39.67053
1384393281.25,-39.67157
1384393437.5,-39.68208
1384393593.75,-39.66672
1384393750.0,-39.68493
1384393906.25,-39.66963
1384394062.5,-39.67865
1384394218.75,-39.68761
1384394375.0,-39.67991
1384394531.25,-39.675
1384394687.5,-39.68276
1384394843.75,-39.66466
1384395000.0,-39.67069
1384395156.25,-39.67501
1384395312.5,-39.66783
1384395468.75,-39.67221
1384395625.0,-39.67451
1384395781.25,-39.65958
1384395937.5,-39.66201
1384396093.75,-39.66209
1384396250.0,-39.67947
1384396406.25,-39.66611
1384396562.5,-39.66945
1384396718.75,-39.67878
1384396875.0,-39.66813
1384397031.25,-39.67155
1384397187.5,-39.65414
1384397343.75,-39.65472
1384397500.0,-39.65315
1384397656.25,-39.6697
1384397812.5,-39.66908
1384397968.75,-39.67099
1384398125.0,-39.6716
1384398281.25,-39.67895
1384398437.5,-39.67899
1384398593.75,-39.66779
1384398750.0,-39.67145
1384398906.25,-39.67396
1384399062.5,-39.65989
1384399218.75,-39.65002
1384399375.0,-39.63887
1384399531.25,-39.66782
1384399687.5,-39.64846
1384399843.75,-39.64834
1384400000.0,-39.66514
1384400156.25,-39.6683
1384400312.5,-39.6423
1384400468.75,-39.65936
1384400625.0,-39.65687
1384400781.25,-39.6663
1384400937.5,-39.64981
1384401093.75,-39.65535
1384401250.0,-39.6601
1384401406.25,-39.65468
1384401562.5,-39.64136
1384401718.75,-39.64962
1384401875.0,-39.65243
1384402031.25,-39.66808
1384402187.5,-39.64555
1384402343.75,-39.65184
1384402500.0,-39.64502
1384402656.25,-39.65157
1384402812.5,-39.64151
1384402968.75,-39.63391
1384403125.0,-39.64626
1384403281.25,-39.64487
1384403437.5,-39.65045
1384403593.75,-39.65247
1384403750.0,-39.64127
1384403906.25,-39.6624
1384404062.5,-39.63124
1384404218.75,-39.64011
1384404375.0,-39.66138
1384404531.25,-39.6302
1384404687.5,-39.63408
1384404843.75,-39.6498
1384405000.0,-39.64558
1384405156.25,-39.66402
1384405312.5,-39.62502
1384405468.75,-39.63913
1384405625.0,-39.63697
1384405781.25,-39.63199
1384405937.5,-39.64245
1384406093.75,-39.64109
1384406250.0,-39.65216
1384406406.25,-39.63486
1384406562.5,-39.6347
1384406718.75,-39.64933
1384406875.0,-39.64248
1384407031.25,-39.62962
1384407187.5,-39.65163
1384407343.75,-39.63396
1384407500.0,-39.64951
1384407656.25,-39.62904
1384407812.5,-39.63572
1384407968.75,-39.63772
1384408125.0,-39.63351
1384408281.25,-39.6388
1384408437.5,-39.64374
1384408593.75,-39.62497
1384408750.0,-39.63898
1384408906.25,-39.62865
1384409062.5,-39.61637
1384409218.75,-39.62873
1384409375.0,-39.63871
1384409531.25,-39.64053
1384409687.5,-39.64847
1384409843.75,-39.62976
1384410000.0,-39.63835
1384410156.25,-39.63862
1384410312.5,-39.62124
1384410468.75,-39.61618
1384410625.0,-39.62627
1384410781.25,-39.62453
1384410937.5,-39.61658
1384411093.75,-39.63103
1384411250.0,-39.64339
1384411406.25,-39.63162
1384411562.5,-39.6303
1384411718.75,-39.62993
1384411875.0,-39.61716
1384412031.25,-39.62412
1384412187.5,-39.61488
1384412343.75,-39.61694
1384412500.0,-39.62692
1384412656.25,-39.62224
1384412812.5,-39.61708
1384412968.75,-39.61642
1384413125.0,-39.62868
1384413281.25,-39.62207
1384413437.5,-39.62556
1384413593.75,-39.62342
1384413750.0,-39.61385
1384413906.25,-39.61803
1384414062.5,-39.62685
1384414218.75,-39.60794
1384414375.0,-39.61448
1384414531.25,-39.61326
1384414687.5,-39.63929
1384414843.75,-39.61874
1384415000.0,-39.60497
1384415156.25,-39.6427
1384415312.5,-39.61805
1384415468.75,-39.6166
1384415625.0,-39.61476
1384415781.25,-39.62037
1384415937.5,-39.61824
1384416093.75,-39.60381
1384416250.0,-39.61065
1384416406.25,-39.61181
1384416562.5,-39.6109
1384416718.75,-39.6148
1384416875.0,-39.62274
1384417031.25,-39.60832
1384417187.5,-39.61287
1384417343.75,-39.61228
1384417500.0,-39.58913
1384417656.25,-39.59918
1384417812.5,-39.60584
1384417968.75,-39.62868
1384418125.0,-39.60761
1384418281.25,-39.59962
1384418437.5,-39.5945
1384418593.75,-39.61681
1384418750.0,-39.60472
1384418906.25,-39.61551
1384419062.5,-39.5922
1384419218.75,-39.61764
1384419375.0,-39.6081
1384419531.25,-39.60154
1384419687.5,-39.60281
1384419843.75,-39.59782
1384420000.0,-39.60114
1384420156.25,-39.60159
1384420312.5,-39.60429
1384420468.75,-39.61061
1384420625.0,-39.59468
1384420781.25,-39.59211
1384420937.5,-39.59538
1384421093.75,-39.60175
1384421250.0,-39.60728
1384421406.25,-39.59675
1384421562.5,-39.61063
1384421718.75,-39.59155
1384421875.0,-39.58397
1384422031.25,-39.60281
1384422187.5,-39.57476
1384422343.75,-39.58695
1384422500.0,-39.60273
1384422656.25,-39.59489
1384422812.5,-39.59385
1384422968.75,-39.58593
1384423125.0,-39.59301
1384423281.25,-39.59111
1384423437.5,-39.58654
1384423593.75,-39.59076
1384423750.0,-39.57657
1384423906.25,-39.59552
1384424062.5,-39.59898
1384424218.75,-39.59863
1384424375.0,-39.57904
1384424531.25,-39.5873
1384424687.5,-39.58423
1384424843.75,-39.58628
1384425000.0,-39.59956
1384425156.25,-39.58392
1384425312.5,-39.59106
1384425468.75,-39.57577
1384425625.0,-39.58411
1384425781.25,-39.60474
1384425937.5,-39.58165
1384426093.75,-39.5778
1384426250.0,-39.5876
1384426406.25,-39.59686
1384426562.5,-39.58744
1384426718.75,-39.59199
1384426875.0,-39.58631
1384427031.25,-39.57763
1384427187.5,-39.58124
1384427343.75,-39.58253
1384427500.0,-39.57849
1384427656.25,-39.58633
1384427812.5,-39.59
1384427968.75,-39.57333
1384428125.0,-39.58707
1384428281.25,-39.58181
1384428437.5,-39.57992
1384428593.75,-39.57904
1384428750.0,-39.56965
1384428906.25,-39.57483
1384429062.5,-39.58973
1384429218.75,-39.57615
1384429375.0,-39.57605
1384429531.25,-39.58551
1384429687.5,-39.58253
1384429843.75,-39.57684
1384430000.0,-39.57217
1384430156.25,-39.57067
1384430312.5,-39.57109
1384430468.75,-39.58065
1384430625.0,-39.55509
1384430781.25,-39.57042
1384430937.5,-39.57892
1384431093.75,-39.57979
1384431250.0,-39.57977
1384431406.25,-39.57191
1384431562.5,-39.56142
1384431718.75,-39.57936
1384431875.0,-39.57103
1384432031.25,-39.55167
1384432187.5,-39.56127
1384432343.75,-39.5657
1384432500.0,-39.55708
1384432656.25,-39.57857
1384432812.5,-39.57297
1384432968.75,-39.56962
1384433125.0,-39.57115
1384433281.25,-39.55364
1384433437.5,-39.56404
1384433593.75,-39.56212
1384433750.0,-39.55944
1384433906.25,-39.55878
1384434062.5,-39.55666
1384434218.75,-39.57357
1384434375.0,-39.55288
1384434531.25,-39.5509
1384434687.5,-39.56752
1384434843.75,-39.55236
1384435000.0,-39.56411
1384435156.25,-39.56591
1384435312.5,-39.55234
1384435468.75,-39.5533
1384435625.0,-39.56192
1384435781.25,-39.55023
1384435937.5,-39.56567
1384436093.75,-39.56093
1384436250.0,-39.55582
1384436406.25,-39.55314
1384436562.5,-39.54956
1384436718.75,-39.56527
1384436875.0,-39.56911
1384437031.25,-39.55289
1384437187.5,-39.53812
1384437343.75,-39.53981
1384437500.0,-39.54625
1384437656.25,-39.5561
1384437812.5,-39.54542
1384437968.75,-39.56821
1384438125.0,-39.55463
1384438281.25,-39.55518
1384438437.5,-39.54817
1384438593.75,-39.56627
1384438750.0,-39.53415
1384438906.25,-39.52839
1384439062.5,-39.55128
1384439218.75,-39.54367
1384439375.0,-39.54849
1384439531.25,-39.54555
1384439687.5,-39.56026
1384439843.75,-39.53714
1384440000.0,-39.54175
1384440156.25,-39.56919
1384440312.5,-39.53909
1384440468.75,-39.53874
1384440625.0,-39.55224
1384440781.25,-39.55787
1384440937.5,-39.54089
1384441093.75,-39.55783
1384441250.0,-39.53164
1384441406.25,-39.53964
1384441562.5,-39.55254
1384441718.75,-39.53548
1384441875.0,-39.53086
1384442031.25,-39.54342
1384442187.5,-39.54389
1384442343.75,-39.54491
1384442500.0,-39.55776
1384442656.25,-39.5273
1384442812.5,-39.53409
1384442968.75,-39.53612
1384443125.0,-39.53635
1384443281.25,-39.54029
1384443437.5,-39.53881
1384443593.75,-39.53492
1384443750.0,-39.53148
1384443906.25,-39.54141
1384444062.5,-39.54543
1384444218.75,-39.54188
1384444375.0,-39.53736
1384444531.25,-39.53169
1384444687.5,-39.5286
1384444843.75,-39.52208
1384445000.0,-39.53685
1384445156.25,-39.55933
1384445312.5,-39.52216
1384445468.75,-39.5294
1384445625.0,-39.51977
1384445781.25,-39.52937
1384445937.5,-39.52984
1384446093.75,-39.51573
1384446250.0,-39.54338
1384446406.25,-39.52471
1384446562.5,-39.53001
1384446718.75,-39.52594
1384446875.0,-39.51945
1384447031.25,-39.5321
1384447187.5,-39.52258
1384447343.75,-39.52286
1384447500.0,-39.52913
1384447656.25,-39.52981
1384447812.5,-39.52622
1384447968.75,-39.51804
1384448125.0,-39.53177
1384448281.25,-39.51821
1384448437.5,-39.51833
1384448593.75,-39.54103
1384448750.0,-39.52
1384448906.25,-39.51939
1384449062.5,-39.53194
1384449218.75,-39.50714
1384449375.0,-39.5204
1384449531.25,-39.52572
1384449687.5,-39.52331
1384449843.75,-39.51675
1384450000.0,-39.53057
1384450156.25,-39.51025
1384450312.5,-39.51863
1384450468.75,-39.51451
1384450625.0,-39.52931
1384450781.25,-39.5216
1384450937.5,-39.52104
1384451093.75,-39.51701
1384451250.0,-39.50436
1384451406.25,-39.52283
1384451562.5,-39.49269
1384451718.75,-39.50591
1384451875.0,-39.51108
1384452031.25,-39.50988
1384452187.5,-39.50732
1384452343.75,-39.4995
1384452500.0,-39.5161
1384452656.25,-39.51521
1384452812.5,-39.52576
1384452968.75,-39.48048
1384453125.0,-39.51063
1384453281.25,-39.49672
1384453437.5,-39.50483
1384453593.75,-39.49533
1384453750.0,-39.52054
1384453906.25,-39.50776
1384454062.5,-39.50241
1384454218.75,-39.50659
1384454375.0,-39.496
1384454531.25,-39.50998
1384454687.5,-39.51491
1384454843.75,-39.5022
1384455000.0,-39.51938
1384455156.25,-39.48724
1384455312.5,-39.49686
1384455468.75,-39.50135
1384455625.0,-39.48421
1384455781.25,-39.49934
1384455937.5,-39.49267
1384456093.75,-39.49717
1384456250.0,-39.50251
1384456406.25,-39.5036
1384456562.5,-39.49508
1384456718.75,-39.49353
1384456875.0,-39.51272
1384457031.25,-39.49711
1384457187.5,-39.50922
1384457343.75,-39.50256
1384457500.0,-39.48682
1384457656.25,-39.48857
1384457812.5,-39.50564
1384457968.75,-39.50202
1384458125.0,-39.51948
1384458281.25,-39.49507
1384458437.5,-39.49148
1384458593.75,-39.49875
1384458750.0,-39.50522
1384458906.25,-39.49594
1384459062.5,-39.47261
1384459218.75,-39.48165
1384459375.0,-39.49937
1384459531.25,-39.49949
1384459687.5,-39.49997
1384459843.75,-39.49327
1384460000.0,-39.50298
1384460156.25,-39.47882
1384460312.5,-39.49073
1384460468.75,-39.46621
1384460625.0,-39.47931
1384460781.25,-39.474
1384460937.5,-39.50616
1384461093.75,-39.47938
1384461250.0,-39.47472
1384461406.25,-39.47868
1384461562.5,-39.48338
1384461718.75,-39.4867
1384461875.0,-39.48864
1384462031.25,-39.48032
1384462187.5,-39.48341
1384462343.75,-39.47443
1384462500.0,-39.48463
1384462656.25,-39.47601
1384462812.5,-39.47852
1384462968.75,-39.47798
1384463125.0,-39.47902
1384463281.25,-39.48597
1384463437.5,-39.50763
1384463593.75,-39.4712
1384463750.0,-39.47968
1384463906.25,-39.48445
1384464062.5,-39.48149
1384464218.75,-39.48069
1384464375.0,-39.46505
1384464531.25,-39.48794
1384464687.5,-39.46104
1384464843.75,-39.48413
1384465000.0,-39.48499
1384465156.25,-39.46141
1384465312.5,-39.44958
1384465468.75,-39.47734
1384465625.0,-39.46888
1384465781.25,-39.47325
1384465937.5,-39.46484
1384466093.75,-39.48096
1384466250.0,-39.46549
1384466406.25,-39.47071
1384466562.5,-39.48338
1384466718.75,-39.4586
1384466875.0,-39.46214
1384467031.25,-39.44911
1384467187.5,-39.47356
1384467343.75,-39.45889
1384467500.0,-39.47104
1384467656.25,-39.47462
1384467812.5,-39.48232
1384467968.75,-39.45694
1384468125.0,-39.4737
1384468281.25,-39.46204
1384468437.5,-39.46458
1384468593.75,-39.46189
1384468750.0,-39.4653
1384468906.25,-39.47321
1384469062.5,-39.46987
1384469218.75,-39.45729
1384469375.0,-39.44601
1384469531.25,-39.46688
1384469687.5,-39.45202
1384469843.75,-39.4693
1384470000.0,-39.47519
1384470156.25,-39.45975
1384470312.5,-39.46257
1384470468.75,-39.46868
1384470625.0,-39.45491
1384470781.25,-39.46534
1384470937.5,-39.46143
1384471093.75,-39.46123
1384471250.0,-39.44703
1384471406.25,-39.45224
1384471562.5,-39.46195
1384471718.75,-39.44378
1384471875.0,-39.46546
1384472031.25,-39.45377
1384472187.5,-39.46716
1384472343.75,-39.46022
1384472500.0,-39.44527
1384472656.25,-39.45741
1384472812.5,-39.45421
1384472968.75,-39.43668
1384473125.0,-39.43839
1384473281.25,-39.44505
1384473437.5,-39.4552
1384473593.75,-39.43931
1384473750.0,-39.45928
1384473906.25,-39.44652
1384474062.5,-39.44106
1384474218.75,-39.45628
1384474375.0,-39.46157
1384474531.25,-39.46361
1384474687.5,-39.45412
1384474843.75,-39.45518
1384475000.0,-39.44891
1384475156.25,-39.43099
1384475312.5,-39.4455
1384475468.75,-39.45923
1384475625.0,-39.43784
1384475781.25,-39.43916
1384475937.5,-39.4532
1384476093.75,-39.45003
1384476250.0,-39.4463
1384476406.25,-39.43051
1384476562.5,-39.43559
1384476718.75,-39.44987
1384476875.0,-39.43917
1384477031.25,-39.44123
1384477187.5,-39.42442
1384477343.75,-39.45147
1384477500.0,-39.41753
1384477656.25,-39.43343
1384477812.5,-39.44569
1384477968.75,-39.42505
1384478125.0,-39.43464
1384478281.25,-39.42805
1384478437.5,-39.44039
1384478593.75,-39.41922
1384478750.0,-39.41847
1384478906.25,-39.42015
1384479062.5,-39.42884
1384479218.75,-39.43991
1384479375.0,-39.43931
1384479531.25,-39.45165
1384479687.5,-39.43155
1384479843.75,-39.42871
1384480000.0,-39.44303
1384480156.25,-39.42435
1384480312.5,-39.4446
1384480468.75,-39.42473
1384480625.0,-39.41938
1384480781.25,-39.41379
1384480937.5,-39.42448
1384481093.75,-39.44273
1384481250.0,-39.43287
1384481406.25,-39.42868
1384481562.5,-39.42817
1384481718.75,-39.41932
1384481875.0,-39.42752
1384482031.25,-39.43195
1384482187.5,-39.41552
1384482343.75,-39.43148
1384482500.0,-39.44324
1384482656.25,-39.40763
1384482812.5,-39.41632
1384482968.75,-39.42839
1384483125.0,-39.42144
1384483281.25,-39.42072
1384483437.5,-39.41731
1384483593.75,-39.41462
1384483750.0,-39.42108
1384483906.25,-39.4198
1384484062.5,-39.42687
1384484218.75,-39.43652
1384484375.0,-39.42003
1384484531.25,-39.41923
1384484687.5,-39.42268
1384484843.75,-39.40944
1384485000.0,-39.41603
1384485156.25,-39.42252
1384485312.5,-39.42837
1384485468.75,-39.42519
1384485625.0,-39.42965
1384485781.25,-39.41637
1384485937.5,-39.40739
1384486093.75,-39.42085
1384486250.0,-39.4202
1384486406.25,-39.429
1384486562.5,-39.40945
1384486718.75,-39.41009
1384486875.0,-39.41335
1384487031.25,-39.40276
1384487187.5,-39.40336
1384487343.75,-39.41146
1384487500.0,-39.40749
1384487656.25,-39.40731
1384487812.5,-39.41797
1384487968.75,-39.40922
1384488125.0,-39.41365
1384488281.25,-39.40482
1384488437.5,-39.40081
1384488593.75,-39.40873
1384488750.0,-39.42085
1384488906.25,-39.40796
1384489062.5,-39.39594
1384489218.75,-39.4038
1384489375.0,-39.39542
1384489531.25,-39.41442
1384489687.5,-39.39486
1384489843.75,-39.40428
1384490000.0,-39.39294
1384490156.25,-39.41248
1384490312.5,-39.40265
1384490468.75,-39.3937
1384490625.0,-39.39083
1384490781.25,-39.40157
1384490937.5,-39.41198
1384491093.75,-39.39132
1384491250.0,-39.40221
1384491406.25,-39.41549
1384491562.5,-39.40034
1384491718.75,-39.39138
1384491875.0,-39.40859
1384492031.25,-39.4044
1384492187.5,-39.40045
1384492343.75,-39.40489
1384492500.0,-39.40289
1384492656.25,-39.39455
1384492812.5,-39.38933
1384492968.75,-39.4114
1384493125.0,-39.39223
1384493281.25,-39.41142
1384493437.5,-39.39297
1384493593.75,-39.39185
1384493750.0,-39.39426
1384493906.25,-39.41247
1384494062.5,-39.40056
1384494218.75,-39.39175
1384494375.0,-39.39439
1384494531.25,-39.3852
1384494687.5,-39.38625
1384494843.75,-39.39444
1384495000.0,-39.37635
1384495156.25,-39.38678
1384495312.5,-39.4014
1384495468.75,-39.38438
1384495625.0,-39.39179
1384495781.25,-39.3877
1384495937.5,-39.37916
1384496093.75,-39.39503
1384496250.0,-39.39128
1384496406.25,-39.37772
1384496562.5,-39.39304
1384496718.75,-39.37092
1384496875.0,-39.36308
1384497031.25,-39.38069
1384497187.5,-39.37885
1384497343.75,-39.38068
1384497500.0,-39.3709
1384497656.25,-39.38066
1384497812.5,-39.38158
1384497968.75,-39.37407
1384498125.0,-39.37642
1384498281.25,-39.38409
1384498437.5,-39.38198
1384498593.75,-39.39292
1384498750.0,-39.36723
1384498906.25,-39.36767
1384499062.5,-39.36485
1384499218.75,-39.37533
1384499375.0,-39.38168
1384499531.25,-39.37841
1384499687.5,-39.36185
1384499843.75,-39.3883
1384500000.0,-39.39109
1384500156.25,-39.36405
1384500312.5,-39.37019
1384500468.75,-39.36549
1384500625.0,-39.36324
1384500781.25,-39.37887
1384500937.5,-39.37624
1384501093.75,-39.38646
1384501250.0,-39.37733
1384501406.25,-39.36705
1384501562.5,-39.3625
1384501718.75,-39.37814
1384501875.0,-39.34877
1384502031.25,-39.34895
1384502187.5,-39.36586
1384502343.75,-39.37229
1384502500.0,-39.38326
1384502656.25,-39.37186
1384502812.5,-39.36495
1384502968.75,-39.36438
1384503125.0,-39.36319
1384503281.25,-39.3633
1384503437.5,-39.37647
1384503593.75,-39.37046
1384503750.0,-39.35666
1384503906.25,-39.36636
1384504062.5,-39.36194
1384504218.75,-39.3708
1384504375.0,-39.36734
1384504531.25,-39.36814
1384504687.5,-39.37825
1384504843.75,-39.3542
1384505000.0,-39.36565
1384505156.25,-39.35394
1384505312.5,-39.35962
1384505468.75,-39.37458
1384505625.0,-39.37056
1384505781.25,-39.35396
1384505937.5,-39.36237
1384506093.75,-39.36073
1384506250.0,-39.35957
1384506406.25,-39.35841
1384506562.5,-39.37251
1384506718.75,-39.3514
1384506875.0,-39.33792
1384507031.25,-39.35152
1384507187.5,-39.35863
1384507343.75,-39.3545
1384507500.0,-39.35259
1384507656.25,-39.35746
1384507812.5,-39.35183
1384507968.75,-39.35141
1384508125.0,-39.34448
1384508281.25,-39.3524
1384508437.5,-39.35023
1384508593.75,-39.34352
1384508750.0,-39.36911
1384508906.25,-39.33867
1384509062.5,-39.35743
1384509218.75,-39.34753
1384509375.0,-39.36249
1384509531.25,-39.36126
1384509687.5,-39.36772
1384509843.75,-39.36837
1384510000.0,-39.33918
1384510156.25,-39.34682
1384510312.5,-39.3416
1384510468.75,-39.34367
1384510625.0,-39.35648
1384510781.25,-39.35013
1384510937.5,-39.35068
1384511093.75,-39.33564
1384511250.0,-39.34878
1384511406.25,-39.34009
1384511562.5,-39.34266
1384511718.75,-39.35926
1384511875.0,-39.33591
1384512031.25,-39.3469
1384512187.5,-39.34899
1384512343.75,-39.34755
1384512500.0,-39.35041
1384512656.25,-39.3488
1384512812.5,-39.34237
1384512968.75,-39.33538
1384513125.0,-39.34891
1384513281.25,-39.34341
1384513437.5,-39.34732
1384513593.75,-39.34573
1384513750.0,-39.33852
1384513906.25,-39.33525
1384514062.5,-39.33053
1384514218.75,-39.33887
1384514375.0,-39.33742
1384514531.25,-39.33973
1384514687.5,-39.34956
1384514843.75,-39.33124
1384515000.0,-39.33195
1384515156.25,-39.32173
1384515312.5,-39.3238
1384515468.75,-39.32537
1384515625.0,-39.32741
1384515781.25,-39.32077
1384515937.5,-39.32955
1384516093.75,-39.34218
1384516250.0,-39.32981
1384516406.25,-39.32251
1384516562.5,-39.32108
1384516718.75,-39.33581
1384516875.0,-39.33353
1384517031.25,-39.32227
1384517187.5,-39.33136
1384517343.75,-39.32179
1384517500.0,-39.32693
1384517656.25,-39.32024
1384517812.5,-39.31779
1384517968.75,-39.32727
1384518125.0,-39.32422
1384518281.25,-39.31638
1384518437.5,-39.32479
1384518593.75,-39.32676
1384518750.0,-39.3171
1384518906.25,-39.3234
1384519062.5,-39.32904
1384519218.75,-39.31297
1384519375.0,-39.31705
1384519531.25,-39.31673
1384519687.5,-39.31493
1384519843.75,-39.32221
1384520000.0,-39.31115
1384520156.25,-39.32642
1384520312.5,-39.32942
1384520468.75,-39.3156
1384520625.0,-39.31689
1384520781.25,-39.30429
1384520937.5,-39.32376
1384521093.75,-39.3147
1384521250.0,-39.30943
1384521406.25,-39.31072
1384521562.5,-39.28087
1384521718.75,-39.3082
1384521875.0,-39.31662
1384522031.25,-39.30464
1384522187.5,-39.3223
1384522343.75,-39.31721
1384522500.0,-39.3144
1384522656.25,-39.31656
1384522812.5,-39.30282
1384522968.75,-39.30416
1384523125.0,-39.29465
1384523281.25,-39.3185
1384523437.5,-39.31928
1384523593.75,-39.30074
1384523750.0,-39.31059
1384523906.25,-39.31454
1384524062.5,-39.2922
1384524218.75,-39.32776
1384524375.0,-39.31907
1384524531.25,-39.31356
1384524687.5,-39.32064
1384524843.75,-39.29949
1384525000.0,-39.29758
1384525156.25,-39.31153
1384525312.5,-39.31029
1384525468.75,-39.30967
1384525625.0,-39.30868
1384525781.25,-39.29206
1384525937.5,-39.29625
1384526093.75,-39.29672
1384526250.0,-39.29344
1384526406.25,-39.28776
1384526562.5,-39.30306
1384526718.75,-39.29706
1384526875.0,-39.29599
1384527031.25,-39.31108
1384527187.5,-39.28738
1384527343.75,-39.29312
1384527500.0,-39.28268
1384527656.25,-39.29181
1384527812.5,-39.29229
1384527968.75,-39.28955
1384528125.0,-39.29907
1384528281.25,-39.2852
1384528437.5,-39.29911
1384528593.75,-39.29231
1384528750.0,-39.29695
1384528906.25,-39.2836
1384529062.5,-39.29453
1384529218.75,-39.29607
1384529375.0,-39.28139
1384529531.25,-39.3031
1384529687.5,-39.29497
1384529843.75,-39.28727
1384530000.0,-39.28616
1384530156.25,-39.28873
1384530312.5,-39.27776
1384530468.75,-39.29575
1384530625.0,-39.28864
1384530781.25,-39.29237
1384530937.5,-39.29657
1384531093.75,-39.28514
1384531250.0,-39.27567
1384531406.25,-39.28644
1384531562.5,-39.28302
1384531718.75,-39.29826
1384531875.0,-39.28939
1384532031.25,-39.27222
1384532187.5,-39.27323
1384532343.75,-39.27753
1384532500.0,-39.28033
1384532656.25,-39.28239
1384532812.5,-39.28168
1384532968.75,-39.29224
1384533125.0,-39.28039
1384533281.25,-39.27502
1384533437.5,-39.26176
1384533593.75,-39.28148
1384533750.0,-39.28449
1384533906.25,-39.28617
1384534062.5,-39.26948
1384534218.75,-39.26824
1384534375.0,-39.24646
1384534531.25,-39.2751
1384534687.5,-39.28221
1384534843.75,-39.27798
1384535000.0,-39.26755
1384535156.25,-39.26925
1384535312.5,-39.25947
1384535468.75,-39.26295
1384535625.0,-39.27798
1384535781.25,-39.27974
1384535937.5,-39.26346
1384536093.75,-39.27534
1384536250.0,-39.272
1384536406.25,-39.27635
1384536562.5,-39.26377
1384536718.75,-39.26855
1384536875.0,-39.27151
1384537031.25,-39.26582
1384537187.5,-39.2638
1384537343.75,-39.26348
1384537500.0,-39.2648
1384537656.25,-39.25929
1384537812.5,-39.25042
1384537968.75,-39.26053
1384538125.0,-39.26114
1384538281.25,-39.25354
1384538437.5,-39.26631
1384538593.75,-39.27464
1384538750.0,-39.26007
1384538906.25,-39.2536
1384539062.5,-39.25014
1384539218.75,-39.25925
1384539375.0,-39.25866
1384539531.25,-39.26303
1384539687.5,-39.24715
1384539843.75,-39.25003
1384540000.0,-39.24621
1384540156.25,-39.27
1384540312.5,-39.2672
1384540468.75,-39.25665
1384540625.0,-39.26652
1384540781.25,-39.25726
1384540937.5,-39.27206
1384541093.75,-39.24999
1384541250.0,-39.2559
1384541406.25,-39.24011
1384541562.5,-39.25567
1384541718.75,-39.26743
1384541875.0,-39.24717
1384542031.25,-39.25888
1384542187.5,-39.24854
1384542343.75,-39.24089
1384542500.0,-39.25095
1384542656.25,-39.24861
1384542812.5,-39.23895
1384542968.75,-39.25411
1384543125.0,-39.25569
1384543281.25,-39.26138
1384543437.5,-39.24699
1384543593.75,-39.25742
1384543750.0,-39.23653
1384543906.25,-39.2356
1384544062.5,-39.26378
1384544218.75,-39.2454
1384544375.0,-39.25943
1384544531.25,-39.24873
1384544687.5,-39.25443
1384544843.75,-39.24298
1384545000.0,-39.24101
1384545156.25,-39.24683
1384545312.5,-39.24379
1384545468.75,-39.23695
1384545625.0,-39.24635
1384545781.25,-39.24242
1384545937.5,-39.2346
1384546093.75,-39.24207
1384546250.0,-39.25433
1384546406.25,-39.23728
1384546562.5,-39.23753
1384546718.75,-39.23552
1384546875.0,-39.24915
1384547031.25,-39.23287
1384547187.5,-39.24332
1384547343.75,-39.23783
1384547500.0,-39.23549
1384547656.25,-39.25037
1384547812.5,-39.23021
1384547968.75,-39.23176
1384548125.0,-39.23436
1384548281.25,-39.24409
1384548437.5,-39.223
1384548593.75,-39.23836
1384548750.0,-39.25758
1384548906.25,-39.23989
1384549062.5,-39.2298
1384549218.75,-39.22799
1384549375.0,-39.24282
1384549531.25,-39.2396
1384549687.5,-39.23263
1384549843.75,-39.2319
1384550000.0,-39.23564
1384550156.25,-39.22952
1384550312.5,-39.22782
1384550468.75,-39.22485
1384550625.0,-39.24076
1384550781.25,-39.22849
1384550937.5,-39.23008
1384551093.75,-39.23298
1384551250.0,-39.24808
1384551406.25,-39.23069
1384551562.5,-39.22203
1384551718.75,-39.21733
1384551875.0,-39.22474
1384552031.25,-39.22654
1384552187.5,-39.22367
1384552343.75,-39.22347
1384552500.0,-39.22836
1384552656.25,-39.2137
1384552812.5,-39.22827
1384552968.75,-39.22033
1384553125.0,-39.20385
1384553281.25,-39.21941
1384553437.5,-39.2361
1384553593.75,-39.21439
1384553750.0,-39.21861
1384553906.25,-39.20422
1384554062.5,-39.2264
1384554218.75,-39.20701
1384554375.0,-39.21078
1384554531.25,-39.21848
1384554687.5,-39.21021
1384554843.75,-39.217
1384555000.0,-39.21906
1384555156.25,-39.20988
1384555312.5,-39.20781
1384555468.75,-39.20882
1384555625.0,-39.20507
1384555781.25,-39.21841
1384555937.5,-39.2076
1384556093.75,-39.20012
1384556250.0,-39.20218
1384556406.25,-39.22023
1384556562.5,-39.20926
1384556718.75,-39.20773
1384556875.0,-39.20616
1384557031.25,-39.2008
1384557187.5,-39.21671
1384557343.75,-39.19045
1384557500.0,-39.20922
1384557656.25,-39.21765
1384557812.5,-39.20866
1384557968.75,-39.18866
1384558125.0,-39.20898
1384558281.25,-39.21694
1384558437.5,-39.19953
1384558593.75,-39.20493
1384558750.0,-39.20988
1384558906.25,-39.21573
1384559062.5,-39.20357
1384559218.75,-39.20631
1384559375.0,-39.20374
1384559531.25,-39.20647
1384559687.5,-39.19352
1384559843.75,-39.19798
1384560000.0,-39.1925
1384560156.25,-39.20243
1384560312.5,-39.20115
1384560468.75,-39.20225
1384560625.0,-39.19836
1384560781.25,-39.20002
1384560937.5,-39.19956
1384561093.75,-39.20354
1384561250.0,-39.20023
1384561406.25,-39.17131
1384561562.5,-39.19329
1384561718.75,-39.18719
1384561875.0,-39.19952
1384562031.25,-39.18524
1384562187.5,-39.20315
1384562343.75,-39.19898
1384562500.0,-39.20111
1384562656.25,-39.19234
1384562812.5,-39.18344
1384562968.75,-39.18703
1384563125.0,-39.18803
1384563281.25,-39.19262
1384563437.5,-39.19386
1384563593.75,-39.19635
1384563750.0,-39.18753
1384563906.25,-39.18307
1384564062.5,-39.18251
1384564218.75,-39.17681
1384564375.0,-39.19003
1384564531.25,-39.19714
1384564687.5,-39.18512
1384564843.75,-39.18574
1384565000.0,-39.1963
1384565156.25,-39.18819
1384565312.5,-39.18265
1384565468.75,-39.18831
1384565625.0,-39.16232
1384565781.25,-39.17716
1384565937.5,-39.16872
1384566093.75,-39.17998
1384566250.0,-39.18002
1384566406.25,-39.17268
1384566562.5,-39.17366
1384566718.75,-39.17743
1384566875.0,-39.17582
1384567031.25,-39.18913
1384567187.5,-39.18081
1384567343.75,-39.17294
1384567500.0,-39.17268
1384567656.25,-39.16674
1384567812.5,-39.18472
1384567968.75,-39.16973
1384568125.0,-39.18386
1384568281.25,-39.16433
1384568437.5,-39.17276
1384568593.75,-39.18835
1384568750.0,-39.17916
1384568906.25,-39.18018
1384569062.5,-39.17454
1384569218.75,-39.1809
1384569375.0,-39.16721
1384569531.25,-39.17822
1384569687.5,-39.17549
1384569843.75,-39.16587
1384570000.0,-39.18145
1384570156.25,-39.16191
1384570312.5,-39.1749
1384570468.75,-39.15221
1384570625.0,-39.17568
1384570781.25,-39.16788
1384570937.5,-39.15731
1384571093.75,-39.17582
1384571250.0,-39.17399
1384571406.25,-39.1649
1384571562.5,-39.18264
1384571718.75,-39.16845
1384571875.0,-39.16827
1384572031.25,-39.15466
1384572187.5,-39.16426
1384572343.75,-39.16305
1384572500.0,-39.17003
1384572656.25,-39.17566
1384572812.5,-39.15599
1384572968.75,-39.16269
1384573125.0,-39.16373
1384573281.25,-39.17323
1384573437.5,-39.15182
1384573593.75,-39.16075
1384573750.0,-39.16498
1384573906.25,-39.17577
1384574062.5,-39.16203
1384574218.75,-39.16195
1384574375.0,-39.17001
1384574531.25,-39.14878
1384574687.5,-39.16471
1384574843.75,-39.14762
1384575000.0,-39.1583
1384575156.25,-39.16494
1384575312.5,-39.15326
1384575468.75,-39.14861
1384575625.0,-39.13794
1384575781.25,-39.16183
1384575937.5,-39.13906
1384576093.75,-39.15035
1384576250.0,-39.16495
1384576406.25,-39.16813
1384576562.5,-39.14724
1384576718.75,-39.15808
1384576875.0,-39.16279
1384577031.25,-39.14358
1384577187.5,-39.15236
1384577343.75,-39.15231
1384577500.0,-39.13651
1384577656.25,-39.1395
1384577812.5,-39.13416
1384577968.75,-39.13913
1384578125.0,-39.15755
1384578281.25,-39.15009
1384578437.5,-39.15485
1384578593.75,-39.14602
1384578750.0,-39.13971
1384578906.25,-39.15368
1384579062.5,-39.13482
1384579218.75,-39.14064
1384579375.0,-39.14794
1384579531.25,-39.14207
1384579687.5,-39.15013
1384579843.75,-39.14784
1384580000.0,-39.13541
1384580156.25,-39.14277
1384580312.5,-39.13377
1384580468.75,-39.14878
1384580625.0,-39.13836
1384580781.25,-39.13908
1384580937.5,-39.13872
1384581093.75,-39.15513
1384581250.0,-39.14109
1384581406.25,-39.14256
1384581562.5,-39.13703
1384581718.75,-39.13025
1384581875.0,-39.13336
1384582031.25,-39.1335
1384582187.5,-39.13247
1384582343.75,-39.12508
1384582500.0,-39.14144
1384582656.25,-39.13461
1384582812.5,-39.12521
1384582968.75,-39.14961
1384583125.0,-39.13906
1384583281.25,-39.13843
1384583437.5,-39.12812
1384583593.75,-39.14785
1384583750.0,-39.13395
1384583906.25,-39.12168
1384584062.5,-39.12942
1384584218.75,-39.132
1384584375.0,-39.12926
1384584531.25,-39.11461
1384584687.5,-39.13437
1384584843.75,-39.12278
1384585000.0,-39.13037
1384585156.25,-39.15018
1384585312.5,-39.12498
1384585468.75,-39.12617
1384585625.0,-39.14034
1384585781.25,-39.13422
1384585937.5,-39.11892
1384586093.75,-39.11535
1384586250.0,-39.13393
1384586406.25,-39.12296
1384586562.5,-39.13251
1384586718.75,-39.12022
1384586875.0,-39.10769
1384587031.25,-39.12116
1384587187.5,-39.11602
1384587343.75,-39.1343
1384587500.0,-39.12559
1384587656.25,-39.1308
1384587812.5,-39.12377
1384587968.75,-39.11845
1384588125.0,-39.11612
1384588281.25,-39.10725
1384588437.5,-39.1186
1384588593.75,-39.12694
1384588750.0,-39.13296
1384588906.25,-39.12112
1384589062.5,-39.12034
1384589218.75,-39.11861
1384589375.0,-39.11286
1384589531.25,-39.09576
1384589687.5,-39.1067
1384589843.75,-39.09922
1384590000.0,-39.11797
1384590156.25,-39.10096
1384590312.5,-39.11374
1384590468.75,-39.1134
1384590625.0,-39.10708
1384590781.25,-39.11298
1384590937.5,-39.11044
1384591093.75,-39.09594
1384591250.0,-39.10661
1384591406.25,-39.10299
1384591562.5,-39.10107
1384591718.75,-39.11037
1384591875.0,-39.11761
1384592031.25,-39.09772
1384592187.5,-39.11563
1384592343.75,-39.10337
1384592500.0,-39.10074
1384592656.25,-39.09642
1384592812.5,-39.10891
1384592968.75,-39.0975
1384593125.0,-39.10523
1384593281.25,-39.10118
1384593437.5,-39.10372
1384593593.75,-39.09293
1384593750.0,-39.11877
1384593906.25,-39.09447
1384594062.5,-39.09838
1384594218.75,-39.10595
1384594375.0,-39.0994
1384594531.25,-39.10144
1384594687.5,-39.08682
1384594843.75,-39.10176
1384595000.0,-39.09773
1384595156.25,-39.10267
1384595312.5,-39.09852
1384595468.75,-39.08969
1384595625.0,-39.10102
1384595781.25,-39.09442
1384595937.5,-39.09358
1384596093.75,-39.09552
1384596250.0,-39.09069
1384596406.25,-39.09565
1384596562.5,-39.0999
1384596718.75,-39.09484
1384596875.0,-39.0991
1384597031.25,-39.08864
1384597187.5,-39.09451
1384597343.75,-39.0896
1384597500.0,-39.09223
1384597656.25,-39.0955
1384597812.5,-39.08888
1384597968.75,-39.08996
1384598125.0,-39.08007
1384598281.25,-39.08786
1384598437.5,-39.08496
1384598593.75,-39.09953
1384598750.0,-39.09313
1384598906.25,-39.08397
1384599062.5,-39.08021
1384599218.75,-39.10209
1384599375.0,-39.08749
1384599531.25,-39.0858
1384599687.5,-39.10781
1384599843.75,-39.09533
1384600000.0,-39.08308
1384600156.25,-39.0976
1384600312.5,-39.07313
1384600468.75,-39.08968
1384600625.0,-39.0856
1384600781.25,-39.07758
1384600937.5,-39.07657
1384601093.75,-39.09019
1384601250.0,-39.08467
1384601406.25,-39.07853
1384601562.5,-39.07404
1384601718.75,-39.07282
1384601875.0,-39.07204
1384602031.25,-39.08514
1384602187.5,-39.07701
1384602343.75,-39.05462
1384602500.0,-39.08997
1384602656.25,-39.07753
1384602812.5,-39.05643
1384602968.75,-39.07834
1384603125.0,-39.0595
1384603281.25,-39.0705
1384603437.5,-39.0719
1384603593.75,-39.0778
1384603750.0,-39.05566
1384603906.25,-39.05721
1384604062.5,-39.05645
1384604218.75,-39.06729
1384604375.0,-39.0588
1384604531.25,-39.06773
1384604687.5,-39.07283
1384604843.75,-39.06111
1384605000.0,-39.06235
1384605156.25,-39.07804
1384605312.5,-39.07486
1384605468.75,-39.06427
1384605625.0,-39.07883
1384605781.25,-39.05946
1384605937.5,-39.0561
1384606093.75,-39.05818
1384606250.0,-39.06021
1384606406.25,-39.04892
1384606562.5,-39.06645
1384606718.75,-39.05414
1384606875.0,-39.04302
1384607031.25,-39.05552
1384607187.5,-39.05518
1384607343.75,-39.06192
1384607500.0,-39.05752
1384607656.25,-39.07403
1384607812.5,-39.06456
1384607968.75,-39.06863
1384608125.0,-39.0654
1384608281.25,-39.06503
1384608437.5,-39.06064
1384608593.75,-39.06673
1384608750.0,-39.06791
1384608906.25,-39.0496
1384609062.5,-39.06348
1384609218.75,-39.06654
1384609375.0,-39.04982
1384609531.25,-39.04594
1384609687.5,-39.0628
1384609843.75,-39.06225
1384610000.0,-39.06352
1384610156.25,-39.05451
1384610312.5,-39.05264
1384610468.75,-39.05523
1384610625.0,-39.05233
1384610781.25,-39.05095
1384610937.5,-39.0493
1384611093.75,-39.0475
1384611250.0,-39.05013
1384611406.25,-39.03888
1384611562.5,-39.04184
1384611718.75,-39.04038
1384611875.0,-39.02986
1384612031.25,-39.05442
1384612187.5,-39.03599
1384612343.75,-39.05483
1384612500.0,-39.05549
1384612656.25,-39.04791
1384612812.5,-39.0511
1384612968.75,-39.04025
1384613125.0,-39.04134
1384613281.25,-39.02242
1384613437.5,-39.04013
1384613593.75,-39.04144
1384613750.0,-39.03432
1384613906.25,-39.04925
1384614062.5,-39.04201
1384614218.75,-39.04504
1384614375.0,-39.04879
1384614531.25,-39.03599
1384614687.5,-39.03891
1384614843.75,-39.0386
1384615000.0,-39.03452
1384615156.25,-39.03096
1384615312.5,-39.02475
1384615468.75,-39.04524
1384615625.0,-39.02966
1384615781.25,-39.03658
1384615937.5,-39.04393
1384616093.75,-39.03917
1384616250.0,-39.03291
1384616406.25,-39.05164
1384616562.5,-39.03972
1384616718.75,-39.03715
1384616875.0,-39.02804
1384617031.25,-39.01539
1384617187.5,-39.03022
1384617343.75,-39.04001
1384617500.0,-39.027
1384617656.25,-39.01954
1384617812.5,-39.03795
1384617968.75,-39.02534
1384618125.0,-39.03084
1384618281.25,-39.03043
1384618437.5,-39.031
1384618593.75,-39.03068
1384618750.0,-39.0157
1384618906.25,-39.03943
1384619062.5,-39.01768
1384619218.75,-39.03422
1384619375.0,-39.03529
1384619531.25,-39.03418
1384619687.5,-39.01628
1384619843.75,-39.00871
1384620000.0,-39.02044
1384620156.25,-39.01282
1384620312.5,-39.01649
1384620468.75,-39.01906
1384620625.0,-39.01792
1384620781.25,-39.02055
1384620937.5,-39.01252
1384621093.75,-39.03093
1384621250.0,-39.01693
1384621406.25,-39.01078
1384621562.5,-39.02406
1384621718.75,-39.02644
1384621875.0,-39.01434
1384622031.25,-39.01811
1384622187.5,-39.02413
1384622343.75,-39.03388
1384622500.0,-39.00679
1384622656.25,-39.01308
1384622812.5,-39.01492
1384622968.75,-39.02592
1384623125.0,-39.00354
1384623281.25,-39.01927
1384623437.5,-39.00887
1384623593.75,-39.02797
1384623750.0,-39.01748
1384623906.25,-39.02273
1384624062.5,-39.02406
1384624218.75,-39.00726
1384624375.0,-39.01882
1384624531.25,-39.01202
1384624687.5,-39.03281
1384624843.75,-39.00544
1384625000.0,-39.01311
1384625156.25,-39.01429
1384625312.5,-39.0128
1384625468.75,-39.01011
1384625625.0,-39.00066
1384625781.25,-39.0097
1384625937.5,-39.01778
1384626093.75,-39.00362
1384626250.0,-39.0008
1384626406.25,-39.00105
1384626562.5,-38.98832
1384626718.75,-39.00198
1384626875.0,-38.99641
1384627031.25,-39.00037
1384627187.5,-39.00761
1384627343.75,-39.00175
1384627500.0,-39.01181
1384627656.25,-39.00244
1384627812.5,-38.99584
1384627968.75,-39.00352
1384628125.0,-39.00525
1384628281.25,-38.99372
1384628437.5,-38.98993
1384628593.75,-38.99973
1384628750.0,-38.99847
1384628906.25,-39.00249
1384629062.5,-38.99763
1384629218.75,-38.98137
1384629375.0,-38.99787
1384629531.25,-38.99349
1384629687.5,-38.98729
1384629843.75,-38.99804
1384630000.0,-38.99844
1384630156.25,-38.98912
1384630312.5,-38.98408
1384630468.75,-38.98924
1384630625.0,-39.00164
1384630781.25,-38.98999
1384630937.5,-38.98532
1384631093.75,-38.98394
1384631250.0,-38.99425
1384631406.25,-38.99273
1384631562.5,-38.99911
1384631718.75,-38.98301
1384631875.0,-38.98982
1384632031.25,-38.9864
1384632187.5,-38.98867
1384632343.75,-38.98409
1384632500.0,-38.98493
1384632656.25,-38.98444
1384632812.5,-38.98592
1384632968.75,-38.97952
1384633125.0,-38.97792
1384633281.25,-38.97915
1384633437.5,-38.9857
1384633593.75,-38.96756
1384633750.0,-38.96636
1384633906.25,-38.99087
1384634062.5,-38.98264
1384634218.75,-38.9775
1384634375.0,-38.98233
1384634531.25,-39.01338
1384634687.5,-38.9661
1384634843.75,-38.98125
1384635000.0,-38.97296
1384635156.25,-38.96868
1384635312.5,-38.97373
1384635468.75,-38.97652
1384635625.0,-38.98159
1384635781.25,-38.96838
1384635937.5,-38.97425
1384636093.75,-38.99395
1384636250.0,-38.98146
1384636406.25,-38.98108
1384636562.5,-38.97745
1384636718.75,-38.95881
1384636875.0,-38.98048
1384637031.25,-38.97854
1384637187.5,-38.96576
1384637343.75,-38.96741
1384637500.0,-38.97649
1384637656.25,-38.97512
1384637812.5,-38.95815
1384637968.75,-38.97187
1384638125.0,-38.97949
1384638281.25,-38.98297
1384638437.5,-38.97142
1384638593.75,-38.9799
1384638750.0,-38.96962
1384638906.25,-38.95044
1384639062.5,-38.96558
1384639218.75,-38.95245
1384639375.0,-38.96888
1384639531.25,-38.96721
1384639687.5,-38.96562
1384639843.75,-38.96344
1384640000.0,-38.9619
1384640156.25,-38.95979
1384640312.5,-38.95668
1384640468.75,-38.95023
1384640625.0,-38.95185
1384640781.25,-38.95654
1384640937.5,-38.96091
1384641093.75,-38.96953
1384641250.0,-38.96002
1384641406.25,-38.95563
1384641562.5,-38.95246
1384641718.75,-38.97129
1384641875.0,-38.96965
1384642031.25,-38.96243
1384642187.5,-38.95125
1384642343.75,-38.9557
1384642500.0,-38.94415
1384642656.25,-38.96247
1384642812.5,-38.96195
1384642968.75,-38.94213
1384643125.0,-38.95273
1384643281.25,-38.95852
1384643437.5,-38.9614
1384643593.75,-38.95444
1384643750.0,-38.93663
1384643906.25,-38.93911
1384644062.5,-38.94506
1384644218.75,-38.95685
1384644375.0,-38.93307
1384644531.25,-38.94555
1384644687.5,-38.95144
1384644843.75,-38.94199
1384645000.0,-38.95076
1384645156.25,-38.95137
1384645312.5,-38.93716
1384645468.75,-38.95271
1384645625.0,-38.93818
1384645781.25,-38.96578
1384645937.5,-38.939
1384646093.75,-38.95297
1384646250.0,-38.94158
1384646406.25,-38.94729
1384646562.5,-38.92838
1384646718.75,-38.95688
1384646875.0,-38.9428
1384647031.25,-38.93795
1384647187.5,-38.93453
1384647343.75,-38.93369
1384647500.0,-38.94363
1384647656.25,-38.94318
1384647812.5,-38.93964
1384647968.75,-38.94052
1384648125.0,-38.93989
1384648281.25,-38.94458
1384648437.5,-38.93919
1384648593.75,-38.95248
1384648750.0,-38.92867
1384648906.25,-38.93619
1384649062.5,-38.94077
1384649218.75,-38.93425
1384649375.0,-38.92066
1384649531.25,-38.92487
1384649687.5,-38.93639
1384649843.75,-38.9343
1384650000.0,-38.95395
1384650156.25,-38.9299
1384650312.5,-38.93161
1384650468.75,-38.94821
1384650625.0,-38.93789
1384650781.25,-38.92923
1384650937.5,-38.93973
1384651093.75,-38.90936
1384651250.0,-38.92028
1384651406.25,-38.93439
1384651562.5,-38.91742
1384651718.75,-38.93635
1384651875.0,-38.92344
1384652031.25,-38.91937
1384652187.5,-38.93308
1384652343.75,-38.9287
1384652500.0,-38.92673
1384652656.25,-38.90852
1384652812.5,-38.92391
1384652968.75,-38.92015
1384653125.0,-38.93107
1384653281.25,-38.92984
1384653437.5,-38.91622
1384653593.75,-38.9223
1384653750.0,-38.92902
1384653906.25,-38.9313
1384654062.5,-38.92688
1384654218.75,-38.90217
1384654375.0,-38.91311
1384654531.25,-38.90493
1384654687.5,-38.93052
1384654843.75,-38.92802
1384655000.0,-38.92965
1384655156.25,-38.91739
1384655312.5,-38.91742
1384655468.75,-38.92452
1384655625.0,-38.92216
1384655781.25,-38.9008
1384655937.5,-38.92387
1384656093.75,-38.91996
1384656250.0,-38.91548
1384656406.25,-38.9086
1384656562.5,-38.91582
1384656718.75,-38.9193
1384656875.0,-38.89631
1384657031.25,-38.90895
1384657187.5,-38.91941
1384657343.75,-38.8948
1384657500.0,-38.91364
1384657656.25,-38.92401
1384657812.5,-38.92798
1384657968.75,-38.90551
1384658125.0,-38.91076
1384658281.25,-38.91541
1384658437.5,-38.90908
1384658593.75,-38.90718
1384658750.0,-38.91254
1384658906.25,-38.90303
1384659062.5,-38.90721
1384659218.75,-38.89663
1384659375.0,-38.91024
1384659531.25,-38.90652
1384659687.5,-38.90215
1384659843.75,-38.90321
1384660000.0,-38.90884
1384660156.25,-38.91171
1384660312.5,-38.8975
1384660468.75,-38.91413
1384660625.0,-38.89128
1384660781.25,-38.89734
1384660937.5,-38.90765
1384661093.75,-38.90443
1384661250.0,-38.90449
1384661406.25,-38.90342
1384661562.5,-38.89597
1384661718.75,-38.90025
1384661875.0,-38.89582
1384662031.25,-38.88862
1384662187.5,-38.89301
1384662343.75,-38.88731
1384662500.0,-38.9036
1384662656.25,-38.8966
1384662812.5,-38.89247
1384662968.75,-38.89272
1384663125.0,-38.89219
1384663281.25,-38.88651
1384663437.5,-38.89006
1384663593.75,-38.90172
1384663750.0,-38.89859
1384663906.25,-38.88494
1384664062.5,-38.89737
1384664218.75,-38.89619
1384664375.0,-38.88406
1384664531.25,-38.89084
1384664687.5,-38.89729
1384664843.75,-38.88603
1384665000.0,-38.88997
1384665156.25,-38.89018
1384665312.5,-38.89486
1384665468.75,-38.88874
1384665625.0,-38.89391
1384665781.25,-38.8924
1384665937.5,-38.88172
1384666093.75,-38.90558
1384666250.0,-38.89018
1384666406.25,-38.88517
1384666562.5,-38.89351
1384666718.75,-38.87305
1384666875.0,-38.87583
1384667031.25,-38.8693
1384667187.5,-38.87954
1384667343.75,-38.87823
1384667500.0,-38.86668
1384667656.25,-38.88368
1384667812.5,-38.86763
1384667968.75,-38.88821
1384668125.0,-38.87537
1384668281.25,-38.89158
1384668437.5,-38.88036
1384668593.75,-38.87443
1384668750.0,-38.87845
1384668906.25,-38.86853
1384669062.5,-38.87503
1384669218.75,-38.8846
1384669375.0,-38.86526
1384669531.25,-38.88017
1384669687.5,-38.88227
1384669843.75,-38.86198
1384670000.0,-38.87067
1384670156.25,-38.85898
1384670312.5,-38.86988
1384670468.75,-38.8639
1384670625.0,-38.86783
1384670781.25,-38.86621
1384670937.5,-38.8653
1384671093.75,-38.88035
1384671250.0,-38.86769
1384671406.25,-38.86759
1384671562.5,-38.8803
1384671718.75,-38.85722
1384671875.0,-38.86721
1384672031.25,-38.86307
1384672187.5,-38.86171
1384672343.75,-38.87034
1384672500.0,-38.86634
1384672656.25,-38.85342
1384672812.5,-38.85813
1384672968.75,-38.86695
1384673125.0,-38.86028
1384673281.25,-38.85654
1384673437.5,-38.85864
1384673593.75,-38.8546
1384673750.0,-38.86677
1384673906.25,-38.86301
1384674062.5,-38.86513
1384674218.75,-38.85623
1384674375.0,-38.85313
1384674531.25,-38.85029
1384674687.5,-38.86749
1384674843.75,-38.85101
1384675000.0,-38.86093
1384675156.25,-38.85084
1384675312.5,-38.85133
1384675468.75,-38.84512
1384675625.0,-38.85273
1384675781.25,-38.84988
1384675937.5,-38.84961
1384676093.75,-38.85281
1384676250.0,-38.85087
1384676406.25,-38.85098
1384676562.5,-38.85262
1384676718.75,-38.84164
1384676875.0,-38.84801
1384677031.25,-38.85852
1384677187.5,-38.86951
1384677343.75,-38.85434
1384677500.0,-38.847
1384677656.25,-38.85703
1384677812.5,-38.84622
1384677968.75,-38.84912
1384678125.0,-38.84652
1384678281.25,-38.83707
1384678437.5,-38.84172
1384678593.75,-38.83347
1384678750.0,-38.83576
1384678906.25,-38.85192
1384679062.5,-38.85656
1384679218.75,-38.84933
1384679375.0,-38.84944
1384679531.25,-38.85939
1384679687.5,-38.83606
1384679843.75,-38.82808
1384680000.0,-38.8413
1384680156.25,-38.85165
1384680312.5,-38.84588
1384680468.75,-38.84142
1384680625.0,-38.84508
1384680781.25,-38.84151
1384680937.5,-38.83774
1384681093.75,-38.84065
1384681250.0,-38.84646
1384681406.25,-38.8583
1384681562.5,-38.8603
1384681718.75,-38.82981
1384681875.0,-38.84155
1384682031.25,-38.83944
1384682187.5,-38.83218
1384682343.75,-38.82474
1384682500.0,-38.83234
1384682656.25,-38.83709
1384682812.5,-38.84591
1384682968.75,-38.83593
1384683125.0,-38.82412
1384683281.25,-38.82942
1384683437.5,-38.8249
1384683593.75,-38.85382
1384683750.0,-38.8234
1384683906.25,-38.82122
1384684062.5,-38.84215
1384684218.75,-38.82807
1384684375.0,-38.81729
1384684531.25,-38.82519
1384684687.5,-38.83892
1384684843.75,-38.83633
1384685000.0,-38.82993
1384685156.25,-38.81973
1384685312.5,-38.85062
1384685468.75,-38.81576
1384685625.0,-38.82175
1384685781.25,-38.82769
1384685937.5,-38.82317
1384686093.75,-38.82803
1384686250.0,-38.81609
1384686406.25,-38.82647
1384686562.5,-38.82249
1384686718.75,-38.82859
1384686875.0,-38.81638
1384687031.25,-38.82469
1384687187.5,-38.82791
1384687343.75,-38.82838
1384687500.0,-38.81536
1384687656.25,-38.82906
1384687812.5,-38.82123
1384687968.75,-38.81905
1384688125.0,-38.81509
1384688281.25,-38.82465
1384688437.5,-38.8117
1384688593.75,-38.82606
1384688750.0,-38.81723
1384688906.25,-38.80265
1384689062.5,-38.82074
1384689218.75,-38.82011
1384689375.0,-38.81154
1384689531.25,-38.81613
1384689687.5,-38.80272
1384689843.75,-38.81514
1384690000.0,-38.82179
1384690156.25,-38.81324
1384690312.5,-38.81985
1384690468.75,-38.80981
1384690625.0,-38.82178
1384690781.25,-38.81398
1384690937.5,-38.80414
1384691093.75,-38.81542
1384691250.0,-38.8006
1384691406.25,-38.81542
1384691562.5,-38.80977
1384691718.75,-38.81182
1384691875.0,-38.79225
1384692031.25,-38.79779
1384692187.5,-38.80372
1384692343.75,-38.79499
1384692500.0,-38.79464
1384692656.25,-38.80015
1384692812.5,-38.79805
1384692968.75,-38.81133
1384693125.0,-38.8045
1384693281.25,-38.79485
1384693437.5,-38.81185
1384693593.75,-38.80502
1384693750.0,-38.78862
1384693906.25,-38.80972
1384694062.5,-38.79374
1384694218.75,-38.80597
1384694375.0,-38.8111
1384694531.25,-38.79811
1384694687.5,-38.79671
1384694843.75,-38.79053
1384695000.0,-38.79266
1384695156.25,-38.7972
1384695312.5,-38.80078
1384695468.75,-38.79153
1384695625.0,-38.79412
1384695781.25,-38.78388
1384695937.5,-38.79021
1384696093.75,-38.80591
1384696250.0,-38.78896
1384696406.25,-38.80402
1384696562.5,-38.78317
1384696718.75,-38.78917
1384696875.0,-38.78825
1384697031.25,-38.81093
1384697187.5,-38.80315
1384697343.75,-38.79132
1384697500.0,-38.7816
1384697656.25,-38.78711
1384697812.5,-38.79338
1384697968.75,-38.77766
1384698125.0,-38.78278
1384698281.25,-38.78875
1384698437.5,-38.78751
1384698593.75,-38.7761
1384698750.0,-38.78626
1384698906.25,-38.77861
1384699062.5,-38.78293
1384699218.75,-38.79581
1384699375.0,-38.78329
1384699531.25,-38.78302
1384699687.5,-38.79642
1384699843.75,-38.77721
1384700000.0,-38.78564
1384700156.25,-38.78624
1384700312.5,-38.78287
1384700468.75,-38.76431
1384700625.0,-38.76164
1384700781.25,-38.76844
1384700937.5,-38.77279
1384701093.75,-38.78286
1384701250.0,-38.78655
1384701406.25,-38.79257
1384701562.5,-38.79167
1384701718.75,-38.75943
1384701875.0,-38.77378
1384702031.25,-38.77294
1384702187.5,-38.77945
1384702343.75,-38.7721
1384702500.0,-38.77471
1384702656.25,-38.78266
1384702812.5,-38.77105
1384702968.75,-38.78017
1384703125.0,-38.76251
1384703281.25,-38.77418
1384703437.5,-38.77077
1384703593.75,-38.77605
1384703750.0,-38.77033
1384703906.25,-38.77319
1384704062.5,-38.77084
1384704218.75,-38.77195
1384704375.0,-38.75647
1384704531.25,-38.77198
1384704687.5,-38.7659
1384704843.75,-38.78162
1384705000.0,-38.73926
1384705156.25,-38.7641
1384705312.5,-38.77088
1384705468.75,-38.76025
1384705625.0,-38.76247
1384705781.25,-38.76285
1384705937.5,-38.76799
1384706093.75,-38.77567
1384706250.0,-38.77107
1384706406.25,-38.74074
1384706562.5,-38.76136
1384706718.75,-38.76366
1384706875.0,-38.76552
1384707031.25,-38.75336
1384707187.5,-38.75724
1384707343.75,-38.75233
1384707500.0,-38.75494
1384707656.25,-38.7576
1384707812.5,-38.7627
1384707968.75,-38.75135
1384708125.0,-38.75659
1384708281.25,-38.77204
1384708437.5,-38.76628
1384708593.75,-38.74634
1384708750.0,-38.75043
1384708906.25,-38.75082
1384709062.5,-38.75665
1384709218.75,-38.76379
1384709375.0,-38.74891
1384709531.25,-38.75
1384709687.5,-38.7492
1384709843.75,-38.76277
1384710000.0,-38.76082
1384710156.25,-38.74364
1384710312.5,-38.74149
1384710468.75,-38.74696
1384710625.0,-38.73942
1384710781.25,-38.75458
1384710937.5,-38.74781
1384711093.75,-38.75349
1384711250.0,-38.74582
1384711406.25,-38.74588
1384711562.5,-38.73593
1384711718.75,-38.73883
1384711875.0,-38.74658
1384712031.25,-38.75344
1384712187.5,-38.74675
1384712343.75,-38.74072
1384712500.0,-38.73782
1384712656.25,-38.74835
1384712812.5,-38.75061
1384712968.75,-38.74677
1384713125.0,-38.74141
1384713281.25,-38.72792
1384713437.5,-38.7396
1384713593.75,-38.74646
1384713750.0,-38.72543
1384713906.25,-38.73808
1384714062.5,-38.74014
1384714218.75,-38.72697
1384714375.0,-38.74879
1384714531.25,-38.73946
1384714687.5,-38.73025
1384714843.75,-38.73322
1384715000.0,-38.73035
1384715156.25,-38.73605
1384715312.5,-38.74241
1384715468.75,-38.73572
1384715625.0,-38.73929
1384715781.25,-38.74257
1384715937.5,-38.72693
1384716093.75,-38.73145
1384716250.0,-38.71979
1384716406.25,-38.73708
1384716562.5,-38.70897
1384716718.75,-38.73652
1384716875.0,-38.73703
1384717031.25,-38.7271
1384717187.5,-38.72034
1384717343.75,-38.72225
1384717500.0,-38.73552
1384717656.25,-38.72738
1384717812.5,-38.73914
1384717968.75,-38.73558
1384718125.0,-38.71887
1384718281.25,-38.73906
1384718437.5,-38.73278
1384718593.75,-38.72852
1384718750.0,-38.71848
1384718906.25,-38.73217
1384719062.5,-38.73184
1384719218.75,-38.73246
1384719375.0,-38.73299
1384719531.25,-38.72578
1384719687.5,-38.7198
1384719843.75,-38.72678
1384720000.0,-38.7228
1384720156.25,-38.71183
1384720312.5,-38.71304
1384720468.75,-38.72588
1384720625.0,-38.71464
1384720781.25,-38.71436
1384720937.5,-38.72073
1384721093.75,-38.71846
1384721250.0,-38.71331
1384721406.25,-38.71978
1384721562.5,-38.70222
1384721718.75,-38.69772
1384721875.0,-38.71587
1384722031.25,-38.70945
1384722187.5,-38.70429
1384722343.75,-38.72158
1384722500.0,-38.70521
1384722656.25,-38.70753
1384722812.5,-38.71286
1384722968.75,-38.70803
1384723125.0,-38.71074
1384723281.25,-38.71095
1384723437.5,-38.70187
1384723593.75,-38.71386
1384723750.0,-38.7057
1384723906.25,-38.70815
1384724062.5,-38.71437
1384724218.75,-38.71084
1384724375.0,-38.71667
1384724531.25,-38.69585
1384724687.5,-38.69522
1384724843.75,-38.69415
1384725000.0,-38.6987
1384725156.25,-38.70799
1384725312.5,-38.69943
1384725468.75,-38.70953
1384725625.0,-38.70337
1384725781.25,-38.70985
1384725937.5,-38.70065
1384726093.75,-38.70252
1384726250.0,-38.70204
1384726406.25,-38.69335
1384726562.5,-38.69578
1384726718.75,-38.69206
1384726875.0,-38.69258
1384727031.25,-38.70427
1384727187.5,-38.69344
1384727343.75,-38.6883
1384727500.0,-38.68414
1384727656.25,-38.69859
1384727812.5,-38.70079
1384727968.75,-38.70059
1384728125.0,-38.69107
1384728281.25,-38.70218
1384728437.5,-38.67924
1384728593.75,-38.67532
1384728750.0,-38.69702
1384728906.25,-38.68321
1384729062.5,-38.6874
1384729218.75,-38.70484
1384729375.0,-38.69635
1384729531.25,-38.68529
1384729687.5,-38.68658
1384729843.75,-38.69181
1384730000.0,-38.69486
1384730156.25,-38.67425
1384730312.5,-38.6783
1384730468.75,-38.68118
1384730625.0,-38.67925
1384730781.25,-38.6898
1384730937.5,-38.70159
1384731093.75,-38.6964
1384731250.0,-38.68774
1384731406.25,-38.68658
1384731562.5,-38.68299
1384731718.75,-38.68256
1384731875.0,-38.6846
1384732031.25,-38.6782
1384732187.5,-38.66864
1384732343.75,-38.67526
1384732500.0,-38.68859
1384732656.25,-38.67623
1384732812.5,-38.69108
1384732968.75,-38.67945
1384733125.0,-38.67939
1384733281.25,-38.6909
1384733437.5,-38.67598
1384733593.75,-38.68161
1384733750.0,-38.68228
1384733906.25,-38.67979
1384734062.5,-38.69104
1384734218.75,-38.67814
1384734375.0,-38.67232
1384734531.25,-38.6825
1384734687.5,-38.67465
1384734843.75,-38.66863
1384735000.0,-38.67392
1384735156.25,-38.67579
1384735312.5,-38.68198
1384735468.75,-38.67342
1384735625.0,-38.68544
1384735781.25,-38.66722
1384735937.5,-38.67434
1384736093.75,-38.66253
1384736250.0,-38.67706
1384736406.25,-38.6691
1384736562.5,-38.66666
1384736718.75,-38.65683
1384736875.0,-38.65747
1384737031.25,-38.66709
1384737187.5,-38.6555
1384737343.75,-38.66855
1384737500.0,-38.65671
1384737656.25,-38.6572
1384737812.5,-38.67613
1384737968.75,-38.6619
1384738125.0,-38.66729
1384738281.25,-38.66331
1384738437.5,-38.6566
1384738593.75,-38.65666
1384738750.0,-38.65332
1384738906.25,-38.65955
1384739062.5,-38.65743
1384739218.75,-38.666
1384739375.0,-38.66353
1384739531.25,-38.64933
1384739687.5,-38.64706
1384739843.75,-38.66488
1384740000.0,-38.65542
1384740156.25,-38.65583
1384740312.5,-38.65914
1384740468.75,-38.66519
1384740625.0,-38.65511
1384740781.25,-38.64709
1384740937.5,-38.64617
1384741093.75,-38.65804
1384741250.0,-38.65757
1384741406.25,-38.65126
1384741562.5,-38.65126
1384741718.75,-38.64333
1384741875.0,-38.64538
1384742031.25,-38.6506
1384742187.5,-38.65945
1384742343.75,-38.6504
1384742500.0,-38.65315
1384742656.25,-38.64276
1384742812.5,-38.62891
1384742968.75,-38.64202
1384743125.0,-38.65128
1384743281.25,-38.64652
1384743437.5,-38.64433
1384743593.75,-38.64582
1384743750.0,-38.6599
1384743906.25,-38.64265
1384744062.5,-38.64611
1384744218.75,-38.6314
1384744375.0,-38.6504
1384744531.25,-38.64977
1384744687.5,-38.63257
1384744843.75,-38.64271
1384745000.0,-38.6335
1384745156.25,-38.64697
1384745312.5,-38.65302
1384745468.75,-38.65534
1384745625.0,-38.65742
1384745781.25,-38.64825
1384745937.5,-38.64184
1384746093.75,-38.63596
1384746250.0,-38.64584
1384746406.25,-38.64513
1384746562.5,-38.64549
1384746718.75,-38.63669
1384746875.0,-38.62366
1384747031.25,-38.63218
1384747187.5,-38.63054
1384747343.75,-38.62954
1384747500.0,-38.63762
1384747656.25,-38.63303
1384747812.5,-38.62283
1384747968.75,-38.62752
1384748125.0,-38.63575
1384748281.25,-38.62964
1384748437.5,-38.63419
1384748593.75,-38.64077
1384748750.0,-38.63916
1384748906.25,-38.63324
1384749062.5,-38.62726
1384749218.75,-38.61905
1384749375.0,-38.62421
1384749531.25,-38.63218
1384749687.5,-38.63984
1384749843.75,-38.62865
1384750000.0,-38.6195
1384750156.25,-38.62846
1384750312.5,-38.63633
1384750468.75,-38.6409
1384750625.0,-38.6237
1384750781.25,-38.62182
1384750937.5,-38.63636
1384751093.75,-38.62766
1384751250.0,-38.62078
1384751406.25,-38.61145
1384751562.5,-38.62039
1384751718.75,-38.62292
1384751875.0,-38.61623
1384752031.25,-38.6304
1384752187.5,-38.61551
1384752343.75,-38.61825
1384752500.0,-38.61951
1384752656.25,-38.60743
1384752812.5,-38.60404
1384752968.75,-38.60394
1384753125.0,-38.60389
1384753281.25,-38.59548
1384753437.5,-38.59707
1384753593.75,-38.62158
1384753750.0,-38.62403
1384753906.25,-38.61081
1384754062.5,-38.62651
1384754218.75,-38.6093
1384754375.0,-38.62001
1384754531.25,-38.61234
1384754687.5,-38.61589
1384754843.75,-38.60881
1384755000.0,-38.60797
1384755156.25,-38.60783
1384755312.5,-38.59795
1384755468.75,-38.61446
1384755625.0,-38.60044
1384755781.25,-38.60453
1384755937.5,-38.61872
1384756093.75,-38.60629
1384756250.0,-38.613
1384756406.25,-38.61171
1384756562.5,-38.60151
1384756718.75,-38.59885
1384756875.0,-38.60097
1384757031.25,-38.60481
1384757187.5,-38.60965
1384757343.75,-38.60753
1384757500.0,-38.59658
1384757656.25,-38.61067
1384757812.5,-38.59956
1384757968.75,-38.60318
1384758125.0,-38.59987
1384758281.25,-38.5908
1384758437.5,-38.59543
1384758593.75,-38.61021
1384758750.0,-38.59407
1384758906.25,-38.60378
1384759062.5,-38.58711
1384759218.75,-38.59928
1384759375.0,-38.60242
1384759531.25,-38.5947
1384759687.5,-38.59071
1384759843.75,-38.59385
1384760000.0,-38.58988
1384760156.25,-38.59229
1384760312.5,-38.59731
1384760468.75,-38.59353
1384760625.0,-38.59205
1384760781.25,-38.58699
1384760937.5,-38.58348
1384761093.75,-38.59582
1384761250.0,-38.58528
1384761406.25,-38.5924
1384761562.5,-38.57858
1384761718.75,-38.57837
1384761875.0,-38.59442
1384762031.25,-38.58813
1384762187.5,-38.57429
1384762343.75,-38.58629
1384762500.0,-38.59235
1384762656.25,-38.58997
1384762812.5,-38.58496
1384762968.75,-38.5742
1384763125.0,-38.59467
1384763281.25,-38.57692
1384763437.5,-38.57943
1384763593.75,-38.58253
1384763750.0,-38.58176
1384763906.25,-38.5913
1384764062.5,-38.58191
1384764218.75,-38.57138
1384764375.0,-38.57769
1384764531.25,-38.58275
1384764687.5,-38.58339
1384764843.75,-38.59336
1384765000.0,-38.57543
1384765156.25,-38.57205
1384765312.5,-38.58092
1384765468.75,-38.55991
1384765625.0,-38.57609
1384765781.25,-38.57877
1384765937.5,-38.5822
1384766093.75,-38.56567
1384766250.0,-38.56728
1384766406.25,-38.57829
1384766562.5,-38.57177
1384766718.75,-38.5629
1384766875.0,-38.56935
1384767031.25,-38.58536
1384767187.5,-38.58431
1384767343.75,-38.56855
1384767500.0,-38.57246
1384767656.25,-38.58148
1384767812.5,-38.56003
1384767968.75,-38.57195
1384768125.0,-38.5644
1384768281.25,-38.56224
1384768437.5,-38.5775
1384768593.75,-38.56955
1384768750.0,-38.55878
1384768906.25,-38.56421
1384769062.5,-38.55042
1384769218.75,-38.55991
1384769375.0,-38.57385
1384769531.25,-38.55381
1384769687.5,-38.56166
1384769843.75,-38.56063
1384770000.0,-38.5663
1384770156.25,-38.56535
1384770312.5,-38.56512
1384770468.75,-38.56206
1384770625.0,-38.55988
1384770781.25,-38.55914
1384770937.5,-38.5545
1384771093.75,-38.55536
1384771250.0,-38.55667
1384771406.25,-38.55686
1384771562.5,-38.55946
1384771718.75,-38.55677
1384771875.0,-38.56474
1384772031.25,-38.56025
1384772187.5,-38.55517
1384772343.75,-38.54818
1384772500.0,-38.54287
1384772656.25,-38.54437
1384772812.5,-38.55257
1384772968.75,-38.56113
1384773125.0,-38.55728
1384773281.25,-38.54989
1384773437.5,-38.54488
1384773593.75,-38.56359
1384773750.0,-38.55019
1384773906.25,-38.53994
1384774062.5,-38.54566
1384774218.75,-38.55759
1384774375.0,-38.55162
1384774531.25,-38.56506
1384774687.5,-38.55259
1384774843.75,-38.54601
1384775000.0,-38.54248
1384775156.25,-38.55552
1384775312.5,-38.5578
1384775468.75,-38.54493
1384775625.0,-38.55335
1384775781.25,-38.53373
1384775937.5,-38.53797
1384776093.75,-38.53786
1384776250.0,-38.54135
1384776406.25,-38.52192
1384776562.5,-38.53916
1384776718.75,-38.54263
1384776875.0,-38.54015
1384777031.25,-38.53508
1384777187.5,-38.544
1384777343.75,-38.5498
1384777500.0,-38.54043
1384777656.25,-38.54848
1384777812.5,-38.53311
1384777968.75,-38.52816
1384778125.0,-38.55134
1384778281.25,-38.53687
1384778437.5,-38.54762
1384778593.75,-38.55116
1384778750.0,-38.53828
1384778906.25,-38.53497
1384779062.5,-38.54375
1384779218.75,-38.52422
1384779375.0,-38.5367
1384779531.25,-38.52958
1384779687.5,-38.51801
1384779843.75,-38.5232
1384780000.0,-38.53162
1384780156.25,-38.52589
1384780312.5,-38.53003
1384780468.75,-38.53204
1384780625.0,-38.53757
1384780781.25,-38.52595
1384780937.5,-38.52734
1384781093.75,-38.53286
1384781250.0,-38.53812
1384781406.25,-38.53681
1384781562.5,-38.52537
1384781718.75,-38.51577
1384781875.0,-38.53101
1384782031.25,-38.53287
1384782187.5,-38.52925
1384782343.75,-38.52229
1384782500.0,-38.50536
1384782656.25,-38.51274
1384782812.5,-38.53128
1384782968.75,-38.526
1384783125.0,-38.53463
1384783281.25,-38.52071
1384783437.5,-38.52692
1384783593.75,-38.52781
1384783750.0,-38.52178
1384783906.25,-38.51788
1384784062.5,-38.51766
1384784218.75,-38.51589
1384784375.0,-38.51567
1384784531.25,-38.52148
1384784687.5,-38.52022
1384784843.75,-38.51163
1384785000.0,-38.51334
1384785156.25,-38.52012
1384785312.5,-38.52783
1384785468.75,-38.51186
1384785625.0,-38.50567
1384785781.25,-38.52303
1384785937.5,-38.51465
1384786093.75,-38.5146
1384786250.0,-38.51461
1384786406.25,-38.50476
1384786562.5,-38.51542
1384786718.75,-38.51428
1384786875.0,-38.51656
1384787031.25,-38.5208
1384787187.5,-38.52151
1384787343.75,-38.52859
1384787500.0,-38.51968
1384787656.25,-38.50293
1384787812.5,-38.51043
1384787968.75,-38.50896
1384788125.0,-38.49917
1384788281.25,-38.51258
1384788437.5,-38.50959
1384788593.75,-38.51084
1384788750.0,-38.51113
1384788906.25,-38.49905
1384789062.5,-38.50877
1384789218.75,-38.50056
1384789375.0,-38.51382
1384789531.25,-38.49432
1384789687.5,-38.50045
1384789843.75,-38.49237
1384790000.0,-38.49599
1384790156.25,-38.50441
1384790312.5,-38.50011
1384790468.75,-38.49475
1384790625.0,-38.50209
1384790781.25,-38.50229
1384790937.5,-38.50547
1384791093.75,-38.47526
1384791250.0,-38.48843
1384791406.25,-38.50675
1384791562.5,-38.48303
1384791718.75,-38.49884
1384791875.0,-38.49259
1384792031.25,-38.49445
1384792187.5,-38.47894
1384792343.75,-38.48293
1384792500.0,-38.4873
1384792656.25,-38.4883
1384792812.5,-38.49836
1384792968.75,-38.47765
1384793125.0,-38.47126
1384793281.25,-38.48674
1384793437.5,-38.48295
1384793593.75,-38.48647
1384793750.0,-38.49928
1384793906.25,-38.48705
1384794062.5,-38.48392
1384794218.75,-38.50364
1384794375.0,-38.46741
1384794531.25,-38.47202
1384794687.5,-38.48323
1384794843.75,-38.49826
1384795000.0,-38.48624
1384795156.25,-38.4774
1384795312.5,-38.48412
1384795468.75,-38.47729
1384795625.0,-38.48562
1384795781.25,-38.48382
1384795937.5,-38.47289
1384796093.75,-38.48861
1384796250.0,-38.47543
1384796406.25,-38.47588
1384796562.5,-38.4733
1384796718.75,-38.49232
1384796875.0,-38.47015
1384797031.25,-38.49053
1384797187.5,-38.46876
1384797343.75,-38.48487
1384797500.0,-38.47713
1384797656.25,-38.46569
1384797812.5,-38.48251
1384797968.75,-38.48378
1384798125.0,-38.47641
1384798281.25,-38.47126
1384798437.5,-38.48464
1384798593.75,-38.46992
1384798750.0,-38.47581
1384798906.25,-38.46712
1384799062.5,-38.46605
1384799218.75,-38.46416
1384799375.0,-38.46641
1384799531.25,-38.46688
1384799687.5,-38.46623
1384799843.75,-38.48084
1384800000.0,-38.47323
1384800156.25,-38.46663
1384800312.5,-38.46738
1384800468.75,-38.46352
1384800625.0,-38.46815
1384800781.25,-38.47105
1384800937.5,-38.46066
1384801093.75,-38.45611
1384801250.0,-38.46535
1384801406.25,-38.47709
1384801562.5,-38.46315
1384801718.75,-38.46244
1384801875.0,-38.47258
1384802031.25,-38.46344
1384802187.5,-38.46045
1384802343.75,-38.46584
1384802500.0,-38.45563
1384802656.25,-38.45832
1384802812.5,-38.45381
1384802968.75,-38.47578
1384803125.0,-38.44974
1384803281.25,-38.46689
1384803437.5,-38.46371
1384803593.75,-38.45477
1384803750.0,-38.45525
1384803906.25,-38.45608
1384804062.5,-38.45844
1384804218.75,-38.45198
1384804375.0,-38.44914
1384804531.25,-38.45123
1384804687.5,-38.45063
1384804843.75,-38.44861
1384805000.0,-38.4519
1384805156.25,-38.45742
1384805312.5,-38.45888
1384805468.75,-38.46086
1384805625.0,-38.45054
1384805781.25,-38.46029
1384805937.5,-38.44753
1384806093.75,-38.45232
1384806250.0,-38.45902
1384806406.25,-38.44591
1384806562.5,-38.45225
1384806718.75,-38.45428
1384806875.0,-38.44922
1384807031.25,-38.43977
1384807187.5,-38.44227
1384807343.75,-38.44416
1384807500.0,-38.45045
1384807656.25,-38.43996
1384807812.5,-38.44565
1384807968.75,-38.43805
1384808125.0,-38.4354
1384808281.25,-38.44679
1384808437.5,-38.43954
1384808593.75,-38.45729
1384808750.0,-38.44225
1384808906.25,-38.45145
1384809062.5,-38.43596
1384809218.75,-38.43191
1384809375.0,-38.44077
1384809531.25,-38.43189
1384809687.5,-38.43598
1384809843.75,-38.4266
1384810000.0,-38.43261
1384810156.25,-38.43886
1384810312.5,-38.43672
1384810468.75,-38.42269
1384810625.0,-38.44105
1384810781.25,-38.42773
1384810937.5,-38.43363
1384811093.75,-38.43574
1384811250.0,-38.42171
1384811406.25,-38.43695
1384811562.5,-38.43037
1384811718.75,-38.43246
1384811875.0,-38.42953
1384812031.25,-38.42417
1384812187.5,-38.44033
1384812343.75,-38.42806
1384812500.0,-38.42313
1384812656.25,-38.42267
1384812812.5,-38.42118
1384812968.75,-38.44094
1384813125.0,-38.42901
1384813281.25,-38.43578
1384813437.5,-38.42162
1384813593.75,-38.41825
1384813750.0,-38.42373
1384813906.25,-38.40401
1384814062.5,-38.42012
1384814218.75,-38.4235
1384814375.0,-38.43145
1384814531.25,-38.43496
1384814687.5,-38.42011
1384814843.75,-38.43679
1384815000.0,-38.42527
1384815156.25,-38.41819
1384815312.5,-38.42666
1384815468.75,-38.42044
1384815625.0,-38.41811
1384815781.25,-38.41398
1384815937.5,-38.42064
1384816093.75,-38.42668
1384816250.0,-38.42479
1384816406.25,-38.40221
1384816562.5,-38.42659
1384816718.75,-38.41009
1384816875.0,-38.41453
1384817031.25,-38.42771
1384817187.5,-38.42532
1384817343.75,-38.40339
1384817500.0,-38.41559
1384817656.25,-38.40518
1384817812.5,-38.40662
1384817968.75,-38.41335
1384818125.0,-38.41
1384818281.25,-38.39733
1384818437.5,-38.39392
1384818593.75,-38.42081
1384818750.0,-38.39614
1384818906.25,-38.40705
1384819062.5,-38.40883
1384819218.75,-38.41124
1384819375.0,-38.40425
1384819531.25,-38.40662
1384819687.5,-38.40504
1384819843.75,-38.41279
1384820000.0,-38.39801
1384820156.25,-38.40815
1384820312.5,-38.38968
1384820468.75,-38.40538
1384820625.0,-38.39605
1384820781.25,-38.39833
1384820937.5,-38.41285
1384821093.75,-38.41438
1384821250.0,-38.40094
1384821406.25,-38.39853
1384821562.5,-38.41311
1384821718.75,-38.40549
1384821875.0,-38.39928
1384822031.25,-38.39693
1384822187.5,-38.38048
1384822343.75,-38.39904
1384822500.0,-38.39726
1384822656.25,-38.39226
1384822812.5,-38.39609
1384822968.75,-38.39272
1384823125.0,-38.39754
1384823281.25,-38.39224
1384823437.5,-38.39059
1384823593.75,-38.39202
1384823750.0,-38.40604
1384823906.25,-38.40069
1384824062.5,-38.3791
1384824218.75,-38.39198
1384824375.0,-38.3995
1384824531.25,-38.38639
1384824687.5,-38.40298
1384824843.75,-38.38781
1384825000.0,-38.39536
1384825156.25,-38.39745
1384825312.5,-38.38787
1384825468.75,-38.37764
1384825625.0,-38.38036
1384825781.25,-38.38414
1384825937.5,-38.3778
1384826093.75,-38.38233
1384826250.0,-38.38799
1384826406.25,-38.3825
1384826562.5,-38.37687
1384826718.75,-38.39735
1384826875.0,-38.38081
1384827031.25,-38.36966
1384827187.5,-38.39036
1384827343.75,-38.38211
1384827500.0,-38.37318
1384827656.25,-38.37766
1384827812.5,-38.37366
1384827968.75,-38.37099
1384828125.0,-38.37318
1384828281.25,-38.37325
1384828437.5,-38.383
1384828593.75,-38.38634
1384828750.0,-38.37457
1384828906.25,-38.37839
1384829062.5,-38.36147
1384829218.75,-38.37381
1384829375.0,-38.38185
1384829531.25,-38.3691
1384829687.5,-38.37973
1384829843.75,-38.37564
1384830000.0,-38.37236
1384830156.25,-38.36515
1384830312.5,-38.38399
1384830468.75,-38.37616
1384830625.0,-38.37449
1384830781.25,-38.36599
1384830937.5,-38.37401
1384831093.75,-38.37305
1384831250.0,-38.3809
1384831406.25,-38.37186
1384831562.5,-38.37105
1384831718.75,-38.3596
1384831875.0,-38.36461
1384832031.25,-38.37555
1384832187.5,-38.36206
1384832343.75,-38.37247
1384832500.0,-38.35685
1384832656.25,-38.3732
1384832812.5,-38.36512
1384832968.75,-38.36369
1384833125.0,-38.35495
1384833281.25,-38.36465
1384833437.5,-38.34946
1384833593.75,-38.36809
1384833750.0,-38.36239
1384833906.25,-38.3503
1384834062.5,-38.36464
1384834218.75,-38.35932
1384834375.0,-38.35756
1384834531.25,-38.36094
1384834687.5,-38.35394
1384834843.75,-38.34606
1384835000.0,-38.359
1384835156.25,-38.36105
1384835312.5,-38.34581
1384835468.75,-38.35281
1384835625.0,-38.34878
1384835781.25,-38.36587
1384835937.5,-38.34224
1384836093.75,-38.35451
1384836250.0,-38.35064
1384836406.25,-38.33916
1384836562.5,-38.33259
1384836718.75,-38.3553
1384836875.0,-38.34912
1384837031.25,-38.33361
1384837187.5,-38.34227
1384837343.75,-38.3548
1384837500.0,-38.34364
1384837656.25,-38.34482
1384837812.5,-38.36321
1384837968.75,-38.34735
1384838125.0,-38.34444
1384838281.25,-38.33547
1384838437.5,-38.35624
1384838593.75,-38.34795
1384838750.0,-38.33047
1384838906.25,-38.33821
1384839062.5,-38.34575
1384839218.75,-38.34832
1384839375.0,-38.34187
1384839531.25,-38.3448
1384839687.5,-38.34542
1384839843.75,-38.32584
1384840000.0,-38.34606
1384840156.25,-38.33265
1384840312.5,-38.34392
1384840468.75,-38.35194
1384840625.0,-38.32724
1384840781.25,-38.33992
1384840937.5,-38.33677
1384841093.75,-38.332
1384841250.0,-38.32827
1384841406.25,-38.33451
1384841562.5,-38.33949
1384841718.75,-38.32666
1384841875.0,-38.32558
1384842031.25,-38.3468
1384842187.5,-38.33744
1384842343.75,-38.34268
1384842500.0,-38.34303
1384842656.25,-38.33275
1384842812.5,-38.32274
1384842968.75,-38.32944
1384843125.0,-38.33252
1384843281.25,-38.32654
1384843437.5,-38.32518
1384843593.75,-38.33367
1384843750.0,-38.33292
1384843906.25,-38.3332
1384844062.5,-38.32772
1384844218.75,-38.32267
1384844375.0,-38.32352
1384844531.25,-38.32749
1384844687.5,-38.32214
1384844843.75,-38.33615
1384845000.0,-38.32933
1384845156.25,-38.3285
1384845312.5,-38.31484
1384845468.75,-38.32749
1384845625.0,-38.3315
1384845781.25,-38.32464
1384845937.5,-38.31459
1384846093.75,-38.31779
1384846250.0,-38.31016
1384846406.25,-38.32252
1384846562.5,-38.31544
1384846718.75,-38.31577
1384846875.0,-38.31593
1384847031.25,-38.3081
1384847187.5,-38.32239
1384847343.75,-38.32201
1384847500.0,-38.32163
1384847656.25,-38.32643
1384847812.5,-38.30915
1384847968.75,-38.31852
1384848125.0,-38.31727
1384848281.25,-38.31857
1384848437.5,-38.3082
1384848593.75,-38.3122
1384848750.0,-38.30808
1384848906.25,-38.31684
1384849062.5,-38.30273
1384849218.75,-38.30308
1384849375.0,-38.30504
1384849531.25,-38.31341
1384849687.5,-38.297
1384849843.75,-38.30869
1384850000.0,-38.2925
1384850156.25,-38.30486
1384850312.5,-38.30717
1384850468.75,-38.29907
1384850625.0,-38.30592
1384850781.25,-38.31139
1384850937.5,-38.30589
1384851093.75,-38.31399
1384851250.0,-38.29966
1384851406.25,-38.30634
1384851562.5,-38.30698
1384851718.75,-38.29691
1384851875.0,-38.30382
1384852031.25,-38.3083
1384852187.5,-38.3065
1384852343.75,-38.29135
1384852500.0,-38.29782
1384852656.25,-38.29966
1384852812.5,-38.29539
1384852968.75,-38.31242
1384853125.0,-38.30591
1384853281.25,-38.30257
1384853437.5,-38.28524
1384853593.75,-38.30551
1384853750.0,-38.29922
1384853906.25,-38.28295
1384854062.5,-38.29084
1384854218.75,-38.30508
1384854375.0,-38.30214
1384854531.25,-38.29946
1384854687.5,-38.28851
1384854843.75,-38.28726
1384855000.0,-38.28621
1384855156.25,-38.29158
1384855312.5,-38.28867
1384855468.75,-38.29115
1384855625.0,-38.28828
1384855781.25,-38.27989
1384855937.5,-38.28924
1384856093.75,-38.28629
1384856250.0,-38.29873
1384856406.25,-38.29478
1384856562.5,-38.2904
1384856718.75,-38.27615
1384856875.0,-38.28501
1384857031.25,-38.29669
1384857187.5,-38.28094
1384857343.75,-38.27982
1384857500.0,-38.28796
1384857656.25,-38.28562
1384857812.5,-38.29778
1384857968.75,-38.27982
1384858125.0,-38.28643
1384858281.25,-38.28912
1384858437.5,-38.27481
1384858593.75,-38.28282
1384858750.0,-38.26863
1384858906.25,-38.27956
1384859062.5,-38.2776
1384859218.75,-38.28942
1384859375.0,-38.26683
1384859531.25,-38.27217
1384859687.5,-38.28448
1384859843.75,-38.2792
1384860000.0,-38.2692
1384860156.25,-38.27185
1384860312.5,-38.26839
1384860468.75,-38.2696
1384860625.0,-38.28603
1384860781.25,-38.25747
1384860937.5,-38.27514
1384861093.75,-38.28428
1384861250.0,-38.27403
1384861406.25,-38.2651
1384861562.5,-38.27644
1384861718.75,-38.27114
1384861875.0,-38.25811
1384862031.25,-38.27211
1384862187.5,-38.26685
1384862343.75,-38.27292
1384862500.0,-38.2641
1384862656.25,-38.26624
1384862812.5,-38.26431
1384862968.75,-38.25669
1384863125.0,-38.26326
1384863281.25,-38.27394
1384863437.5,-38.25918
1384863593.75,-38.26304
1384863750.0,-38.26727
1384863906.25,-38.26357
1384864062.5,-38.25459
1384864218.75,-38.26022
1384864375.0,-38.26569
1384864531.25,-38.26023
1384864687.5,-38.26253
1384864843.75,-38.25723
1384865000.0,-38.25706
1384865156.25,-38.26219
1384865312.5,-38.26872
1384865468.75,-38.26331
1384865625.0,-38.26807
1384865781.25,-38.25769
1384865937.5,-38.25287
1384866093.75,-38.25024
1384866250.0,-38.25235
1384866406.25,-38.25769
1384866562.5,-38.25332
1384866718.75,-38.25661
1384866875.0,-38.24901
1384867031.25,-38.26817
1384867187.5,-38.24841
1384867343.75,-38.2459
1384867500.0,-38.2451
1384867656.25,-38.24988
1384867812.5,-38.2501
1384867968.75,-38.25696
1384868125.0,-38.25463
1384868281.25,-38.24888
1384868437.5,-38.23545
1384868593.75,-38.25248
1384868750.0,-38.24992
1384868906.25,-38.23542
1384869062.5,-38.24758
1384869218.75,-38.23924
1384869375.0,-38.23147
1384869531.25,-38.24109
1384869687.5,-38.24546
1384869843.75,-38.23122
1384870000.0,-38.24202
1384870156.25,-38.24122
1384870312.5,-38.24197
1384870468.75,-38.2421
1384870625.0,-38.23004
1384870781.25,-38.23248
1384870937.5,-38.23432
1384871093.75,-38.23413
1384871250.0,-38.23061
1384871406.25,-38.24089
1384871562.5,-38.23104
1384871718.75,-38.24549
1384871875.0,-38.24551
1384872031.25,-38.23444
1384872187.5,-38.25064
1384872343.75,-38.23782
1384872500.0,-38.23745
1384872656.25,-38.23699
1384872812.5,-38.23416
1384872968.75,-38.2355
1384873125.0,-38.21923
1384873281.25,-38.23496
1384873437.5,-38.22763
1384873593.75,-38.2197
1384873750.0,-38.21844
1384873906.25,-38.22926
1384874062.5,-38.23417
1384874218.75,-38.23739
1384874375.0,-38.2327
1384874531.25,-38.24129
1384874687.5,-38.23763
1384874843.75,-38.23184
1384875000.0,-38.21626
1384875156.25,-38.23203
1384875312.5,-38.23191
1384875468.75,-38.21364
1384875625.0,-38.23083
1384875781.25,-38.22918
1384875937.5,-38.22869
1384876093.75,-38.21935
1384876250.0,-38.2186
1384876406.25,-38.21833
1384876562.5,-38.22527
1384876718.75,-38.22485
1384876875.0,-38.23601
1384877031.25,-38.23112
1384877187.5,-38.22154
1384877343.75,-38.21569
1384877500.0,-38.207
1384877656.25,-38.21497
1384877812.5,-38.22368
1384877968.75,-38.2177
1384878125.0,-38.21996
1384878281.25,-38.22393
1384878437.5,-38.21171
1384878593.75,-38.19967
1384878750.0,-38.21725
1384878906.25,-38.21198
1384879062.5,-38.21792
1384879218.75,-38.19725
1384879375.0,-38.22234
1384879531.25,-38.20756
1384879687.5,-38.20278
1384879843.75,-38.20408
1384880000.0,-38.20851
1384880156.25,-38.21719
1384880312.5,-38.21653
1384880468.75,-38.20959
1384880625.0,-38.2178
1384880781.25,-38.20369
1384880937.5,-38.20316
1384881093.75,-38.20929
1384881250.0,-38.19141
1384881406.25,-38.20607
1384881562.5,-38.19462
1384881718.75,-38.17881
1384881875.0,-38.19542
1384882031.25,-38.19161
1384882187.5,-38.19913
1384882343.75,-38.20098
1384882500.0,-38.20899
1384882656.25,-38.19799
1384882812.5,-38.19324
1384882968.75,-38.20327
1384883125.0,-38.19908
1384883281.25,-38.19472
1384883437.5,-38.1887
1384883593.75,-38.19407
1384883750.0,-38.20335
1384883906.25,-38.18624
1384884062.5,-38.19101
1384884218.75,-38.19488
1384884375.0,-38.19557
1384884531.25,-38.19048
1384884687.5,-38.19836
1384884843.75,-38.19542
1384885000.0,-38.19897
1384885156.25,-38.19458
1384885312.5,-38.18517
1384885468.75,-38.18968
1384885625.0,-38.18784
1384885781.25,-38.18585
1384885937.5,-38.1909
1384886093.75,-38.18587
1384886250.0,-38.18076
1384886406.25,-38.20164
1384886562.5,-38.17301
1384886718.75,-38.18448
1384886875.0,-38.18629
1384887031.25,-38.18687
1384887187.5,-38.20068
1384887343.75,-38.17906
1384887500.0,-38.19135
1384887656.25,-38.18808
1384887812.5,-38.19056
1384887968.75,-38.17679
1384888125.0,-38.17963
1384888281.25,-38.18581
1384888437.5,-38.18484
1384888593.75,-38.17283
1384888750.0,-38.18235
1384888906.25,-38.18961
1384889062.5,-38.18079
1384889218.75,-38.18522
1384889375.0,-38.17243
1384889531.25,-38.18044
1384889687.5,-38.18697
1384889843.75,-38.18081
1384890000.0,-38.18253
1384890156.25,-38.17739
1384890312.5,-38.18694
1384890468.75,-38.17155
1384890625.0,-38.18487
1384890781.25,-38.1858
1384890937.5,-38.17897
1384891093.75,-38.16386
1384891250.0,-38.17745
1384891406.25,-38.18118
1384891562.5,-38.17189
1384891718.75,-38.17424
1384891875.0,-38.17361
1384892031.25,-38.17432
1384892187.5,-38.17147
1384892343.75,-38.16997
1384892500.0,-38.1797
1384892656.25,-38.15773
1384892812.5,-38.16454
1384892968.75,-38.16747
1384893125.0,-38.1573
1384893281.25,-38.16293
1384893437.5,-38.15492
1384893593.75,-38.17127
1384893750.0,-38.17104
1384893906.25,-38.16539
1384894062.5,-38.16832
1384894218.75,-38.16018
1384894375.0,-38.148
1384894531.25,-38.17206
1384894687.5,-38.15858
1384894843.75,-38.166
1384895000.0,-38.15699
1384895156.25,-38.15878
1384895312.5,-38.15686
1384895468.75,-38.15962
1384895625.0,-38.1681
1384895781.25,-38.13983
1384895937.5,-38.15889
1384896093.75,-38.15094
1384896250.0,-38.16492
1384896406.25,-38.17253
1384896562.5,-38.16336
1384896718.75,-38.16572
1384896875.0,-38.16106
1384897031.25,-38.15345
1384897187.5,-38.14354
1384897343.75,-38.15234
1384897500.0,-38.16441
1384897656.25,-38.16316
1384897812.5,-38.15495
1384897968.75,-38.14229
1384898125.0,-38.14899
1384898281.25,-38.14643
1384898437.5,-38.14616
1384898593.75,-38.14463
1384898750.0,-38.14077
1384898906.25,-38.14428
1384899062.5,-38.15463
1384899218.75,-38.15288
1384899375.0,-38.14213
1384899531.25,-38.13933
1384899687.5,-38.15154
1384899843.75,-38.15317
1384900000.0,-38.1523
1384900156.25,-38.15446
1384900312.5,-38.13993
1384900468.75,-38.14408
1384900625.0,-38.14299
1384900781.25,-38.15339
1384900937.5,-38.14516
1384901093.75,-38.14712
1384901250.0,-38.13867
1384901406.25,-38.13472
1384901562.5,-38.15313
1384901718.75,-38.14534
1384901875.0,-38.14201
1384902031.25,-38.14041
1384902187.5,-38.15065
1384902343.75,-38.13358
1384902500.0,-38.13576
1384902656.25,-38.12993
1384902812.5,-38.14533
1384902968.75,-38.12569
1384903125.0,-38.15319
1384903281.25,-38.11848
1384903437.5,-38.13539
1384903593.75,-38.13884
1384903750.0,-38.12726
1384903906.25,-38.11913
1384904062.5,-38.13177
1384904218.75,-38.12484
1384904375.0,-38.11878
1384904531.25,-38.13984
1384904687.5,-38.12791
1384904843.75,-38.13041
1384905000.0,-38.13806
1384905156.25,-38.12099
1384905312.5,-38.13975
1384905468.75,-38.11013
1384905625.0,-38.12768
1384905781.25,-38.12688
1384905937.5,-38.12418
1384906093.75,-38.12001
1384906250.0,-38.12521
1384906406.25,-38.12188
1384906562.5,-38.13264
1384906718.75,-38.12539
1384906875.0,-38.12484
1384907031.25,-38.12464
1384907187.5,-38.12329
1384907343.75,-38.12113
1384907500.0,-38.12805
1384907656.25,-38.12376
1384907812.5,-38.11472
1384907968.75,-38.12361
1384908125.0,-38.11703
1384908281.25,-38.10946
1384908437.5,-38.11299
1384908593.75,-38.11823
1384908750.0,-38.1214
1384908906.25,-38.13081
1384909062.5,-38.1104
1384909218.75,-38.1235
1384909375.0,-38.10255
1384909531.25,-38.11674
1384909687.5,-38.09775
1384909843.75,-38.1097
1384910000.0,-38.11762
1384910156.25,-38.09951
1384910312.5,-38.10389
1384910468.75,-38.10238
1384910625.0,-38.121
1384910781.25,-38.10646
1384910937.5,-38.09826
1384911093.75,-38.10469
1384911250.0,-38.10633
1384911406.25,-38.10719
1384911562.5,-38.1058
1384911718.75,-38.10392
1384911875.0,-38.12091
1384912031.25,-38.10255
1384912187.5,-38.10031
1384912343.75,-38.09746
1384912500.0,-38.10303
1384912656.25,-38.11052
1384912812.5,-38.1082
1384912968.75,-38.0969
1384913125.0,-38.10178
1384913281.25,-38.10629
1384913437.5,-38.09123
1384913593.75,-38.11327
1384913750.0,-38.10534
1384913906.25,-38.10527
1384914062.5,-38.10904
1384914218.75,-38.08979
1384914375.0,-38.09669
1384914531.25,-38.0954
1384914687.5,-38.08234
1384914843.75,-38.08418
1384915000.0,-38.09922
1384915156.25,-38.11097
1384915312.5,-38.10527
1384915468.75,-38.08792
1384915625.0,-38.0906
1384915781.25,-38.09164
1384915937.5,-38.08314
1384916093.75,-38.10349
1384916250.0,-38.08459
1384916406.25,-38.08078
1384916562.5,-38.08771
1384916718.75,-38.10677
1384916875.0,-38.08626
1384917031.25,-38.0867
1384917187.5,-38.1032
1384917343.75,-38.09436
1384917500.0,-38.08529
1384917656.25,-38.08792
1384917812.5,-38.08385
1384917968.75,-38.07581
1384918125.0,-38.08372
1384918281.25,-38.08888
1384918437.5,-38.07584
1384918593.75,-38.0816
1384918750.0,-38.07844
1384918906.25,-38.07463
1384919062.5,-38.07608
1384919218.75,-38.08805
1384919375.0,-38.0811
1384919531.25,-38.08929
1384919687.5,-38.07222
1384919843.75,-38.07638
1384920000.0,-38.07887
1384920156.25,-38.07691
1384920312.5,-38.08611
1384920468.75,-38.09232
1384920625.0,-38.07365
1384920781.25,-38.07925
1384920937.5,-38.06345
1384921093.75,-38.06621
1384921250.0,-38.06318
1384921406.25,-38.07701
1384921562.5,-38.06698
1384921718.75,-38.07473
1384921875.0,-38.06533
1384922031.25,-38.0744
1384922187.5,-38.07931
1384922343.75,-38.06758
1384922500.0,-38.08254
1384922656.25,-38.07057
1384922812.5,-38.06485
1384922968.75,-38.07065
1384923125.0,-38.07152
1384923281.25,-38.07043
1384923437.5,-38.08116
1384923593.75,-38.07807
1384923750.0,-38.06403
1384923906.25,-38.08952
1384924062.5,-38.06125
1384924218.75,-38.06212
1384924375.0,-38.07239
1384924531.25,-38.06937
1384924687.5,-38.06964
1384924843.75,-38.07334
1384925000.0,-38.06306
1384925156.25,-38.06181
1384925312.5,-38.04888
1384925468.75,-38.05191
1384925625.0,-38.06767
1384925781.25,-38.06107
1384925937.5,-38.04529
1384926093.75,-38.06557
1384926250.0,-38.06605
1384926406.25,-38.05738
1384926562.5,-38.06116
1384926718.75,-38.06376
1384926875.0,-38.05252
1384927031.25,-38.05237
1384927187.5,-38.04908
1384927343.75,-38.05065
1384927500.0,-38.04528
1384927656.25,-38.04764
1384927812.5,-38.04129
1384927968.75,-38.04646
1384928125.0,-38.04406
1384928281.25,-38.04903
1384928437.5,-38.06225
1384928593.75,-38.0481
1384928750.0,-38.05172
1384928906.25,-38.0325
1384929062.5,-38.05443
1384929218.75,-38.04924
1384929375.0,-38.04645
1384929531.25,-38.0508
1384929687.5,-38.05311
1384929843.75,-38.04065
1384930000.0,-38.04138
1384930156.25,-38.05073
1384930312.5,-38.03354
1384930468.75,-38.03376
1384930625.0,-38.03448
1384930781.25,-38.0442
1384930937.5,-38.03463
1384931093.75,-38.04537
1384931250.0,-38.02784
1384931406.25,-38.04073
1384931562.5,-38.04048
1384931718.75,-38.04186
1384931875.0,-38.03736
1384932031.25,-38.03457
1384932187.5,-38.03778
1384932343.75,-38.03396
1384932500.0,-38.04464
1384932656.25,-38.03413
1384932812.5,-38.04155
1384932968.75,-38.02836
1384933125.0,-38.02476
1384933281.25,-38.04718
1384933437.5,-38.02777
1384933593.75,-38.03083
1384933750.0,-38.03208
1384933906.25,-38.0388
1384934062.5,-38.0344
1384934218.75,-38.03579
1384934375.0,-38.02837
1384934531.25,-38.02489
1384934687.5,-38.0365
1384934843.75,-38.02271
1384935000.0,-38.02853
1384935156.25,-38.03701
1384935312.5,-38.02387
1384935468.75,-38.02175
1384935625.0,-38.02472
1384935781.25,-38.01589
1384935937.5,-38.0315
1384936093.75,-38.02486
1384936250.0,-38.00459
1384936406.25,-38.02212
1384936562.5,-38.0337
1384936718.75,-38.00946
1384936875.0,-38.0221
1384937031.25,-38.01636
1384937187.5,-38.0239
1384937343.75,-38.02379
1384937500.0,-38.0256
1384937656.25,-38.00989
1384937812.5,-38.0272
1384937968.75,-38.02122
1384938125.0,-38.00272
1384938281.25,-38.02475
1384938437.5,-38.00771
1384938593.75,-38.02048
1384938750.0,-38.01401
1384938906.25,-38.01521
1384939062.5,-38.0223
1384939218.75,-38.00752
1384939375.0,-38.00609
1384939531.25,-38.01339
1384939687.5,-38.02179
1384939843.75,-38.00838
1384940000.0,-38.01694
1384940156.25,-38.00172
1384940312.5,-38.02489
1384940468.75,-38.01742
1384940625.0,-38.01152
1384940781.25,-38.01027
1384940937.5,-38.01007
1384941093.75,-38.00271
1384941250.0,-38.0016
1384941406.25,-37.99995
1384941562.5,-37.9966
1384941718.75,-37.99857
1384941875.0,-38.00086
1384942031.25,-38.01003
1384942187.5,-37.99971
1384942343.75,-38.00451
1384942500.0,-37.99472
1384942656.25,-38.00745
1384942812.5,-38.005
1384942968.75,-37.99234
1384943125.0,-38.00017
1384943281.25,-38.00412
1384943437.5,-37.99314
1384943593.75,-38.00012
1384943750.0,-37.99686
1384943906.25,-38.00314
1384944062.5,-37.99384
1384944218.75,-37.99767
1384944375.0,-38.0103
1384944531.25,-38.00151
1384944687.5,-37.99158
1384944843.75,-37.98647
1384945000.0,-38.00166
1384945156.25,-37.99173
1384945312.5,-37.98923
1384945468.75,-38.00333
1384945625.0,-37.99269
1384945781.25,-38.00792
1384945937.5,-37.99174
1384946093.75,-37.98955
1384946250.0,-37.98231
1384946406.25,-37.99586
1384946562.5,-37.98146
1384946718.75,-37.9932
1384946875.0,-37.99259
1384947031.25,-37.97539
1384947187.5,-37.98965
1384947343.75,-37.99716
1384947500.0,-37.98234
1384947656.25,-37.99007
1384947812.5,-37.98927
1384947968.75,-37.97888
1384948125.0,-37.97976
1384948281.25,-37.97796
1384948437.5,-37.97765
1384948593.75,-37.98395
1384948750.0,-37.98856
1384948906.25,-37.97451
1384949062.5,-37.97896
1384949218.75,-37.9863
1384949375.0,-37.9812
1384949531.25,-37.98679
1384949687.5,-37.98222
1384949843.75,-37.98991
1384950000.0,-37.98964
1384950156.25,-37.98951
1384950312.5,-37.97534
1384950468.75,-37.98691
1384950625.0,-37.97097
1384950781.25,-37.96716
1384950937.5,-37.96222
1384951093.75,-37.97831
1384951250.0,-37.96412
1384951406.25,-37.98032
1384951562.5,-37.96999
1384951718.75,-37.97249
1384951875.0,-37.97621
1384952031.25,-37.96526
1384952187.5,-37.96918
1384952343.75,-37.98249
1384952500.0,-37.97022
1384952656.25,-37.96356
1384952812.5,-37.96542
1384952968.75,-37.96504
1384953125.0,-37.97714
1384953281.25,-37.96489
1384953437.5,-37.97945
1384953593.75,-37.96143
1384953750.0,-37.95331
1384953906.25,-37.9715
1384954062.5,-37.95951
1384954218.75,-37.97062
1384954375.0,-37.95457
1384954531.25,-37.95302
1384954687.5,-37.97253
1384954843.75,-37.96912
1384955000.0,-37.94768
1384955156.25,-37.96263
1384955312.5,-37.95691
1384955468.75,-37.96461
1384955625.0,-37.95036
1384955781.25,-37.95433
1384955937.5,-37.96638
1384956093.75,-37.95081
1384956250.0,-37.95515
1384956406.25,-37.95348
1384956562.5,-37.96345
1384956718.75,-37.94674
1384956875.0,-37.94932
1384957031.25,-37.95516
1384957187.5,-37.94959
1384957343.75,-37.95395
1384957500.0,-37.94256
1384957656.25,-37.94944
1384957812.5,-37.94354
1384957968.75,-37.95672
1384958125.0,-37.95879
1384958281.25,-37.95577
1384958437.5,-37.94431
1384958593.75,-37.94793
1384958750.0,-37.9381
1384958906.25,-37.9342
1384959062.5,-37.94222
1384959218.75,-37.9367
1384959375.0,-37.9461
1384959531.25,-37.93344
1384959687.5,-37.94557
1384959843.75,-37.94258
1384960000.0,-37.9403
1384960156.25,-37.94086
1384960312.5,-37.95317
1384960468.75,-37.9399
1384960625.0,-37.94141
1384960781.25,-37.95196
1384960937.5,-37.94351
1384961093.75,-37.9463
1384961250.0,-37.9181
1384961406.25,-37.9353
1384961562.5,-37.9411
1384961718.75,-37.94195
1384961875.0,-37.93332
1384962031.25,-37.9292
1384962187.5,-37.9307
1384962343.75,-37.9325
1384962500.0,-37.93484
1384962656.25,-37.93716
1384962812.5,-37.92508
1384962968.75,-37.93221
1384963125.0,-37.93072
1384963281.25,-37.93602
1384963437.5,-37.92958
1384963593.75,-37.92382
1384963750.0,-37.93121
1384963906.25,-37.93135
1384964062.5,-37.92755
1384964218.75,-37.92555
1384964375.0,-37.92133
1384964531.25,-37.92582
1384964687.5,-37.92512
1384964843.75,-37.926
1384965000.0,-37.9303
1384965156.25,-37.93204
1384965312.5,-37.91457
1384965468.75,-37.93292
1384965625.0,-37.92935
1384965781.25,-37.92013
1384965937.5,-37.91745
1384966093.75,-37.92323
1384966250.0,-37.91883
1384966406.25,-37.91932
1384966562.5,-37.91669
1384966718.75,-37.922
1384966875.0,-37.9366
1384967031.25,-37.90848
1384967187.5,-37.9018
1384967343.75,-37.90369
1384967500.0,-37.9059
1384967656.25,-37.90807
1384967812.5,-37.90818
1384967968.75,-37.91512
1384968125.0,-37.91422
1384968281.25,-37.90631
1384968437.5,-37.92095
1384968593.75,-37.90623
1384968750.0,-37.90548
1384968906.25,-37.91994
1384969062.5,-37.90454
1384969218.75,-37.9119
1384969375.0,-37.91608
1384969531.25,-37.91818
1384969687.5,-37.91479
1384969843.75,-37.92131
1384970000.0,-37.91365
1384970156.25,-37.911
1384970312.5,-37.9157
1384970468.75,-37.90136
1384970625.0,-37.91111
1384970781.25,-37.91156
1384970937.5,-37.91109
1384971093.75,-37.90736
1384971250.0,-37.90588
1384971406.25,-37.91891
1384971562.5,-37.90043
1384971718.75,-37.90752
1384971875.0,-37.90025
1384972031.25,-37.91114
1384972187.5,-37.9026
1384972343.75,-37.89907
1384972500.0,-37.90013
1384972656.25,-37.90339
1384972812.5,-37.89207
1384972968.75,-37.90022
1384973125.0,-37.90059
1384973281.25,-37.9063
1384973437.5,-37.90392
1384973593.75,-37.90888
1384973750.0,-37.90584
1384973906.25,-37.90054
1384974062.5,-37.89442
1384974218.75,-37.89009
1384974375.0,-37.89713
1384974531.25,-37.90869
1384974687.5,-37.89676
1384974843.75,-37.88836
1384975000.0,-37.88731
1384975156.25,-37.89479
1384975312.5,-37.90684
1384975468.75,-37.88839
1384975625.0,-37.89571
1384975781.25,-37.88511
1384975937.5,-37.89501
1384976093.75,-37.89074
1384976250.0,-37.89206
1384976406.25,-37.88293
1384976562.5,-37.87726
1384976718.75,-37.89534
1384976875.0,-37.90408
1384977031.25,-37.88279
1384977187.5,-37.89165
1384977343.75,-37.88661
1384977500.0,-37.89171
1384977656.25,-37.89514
1384977812.5,-37.88041
1384977968.75,-37.88279
1384978125.0,-37.88528
1384978281.25,-37.86908
1384978437.5,-37.88708
1384978593.75,-37.87783
1384978750.0,-37.87962
1384978906.25,-37.88083
1384979062.5,-37.88501
1384979218.75,-37.88683
1384979375.0,-37.88089
1384979531.25,-37.88089
1384979687.5,-37.87671
1384979843.75,-37.8786
1384980000.0,-37.86777
1384980156.25,-37.88181
1384980312.5,-37.87231
1384980468.75,-37.86795
1384980625.0,-37.88561
1384980781.25,-37.87158
1384980937.5,-37.8602
1384981093.75,-37.86427
1384981250.0,-37.86202
1384981406.25,-37.86629
1384981562.5,-37.86871
1384981718.75,-37.87292
1384981875.0,-37.85821
1384982031.25,-37.87455
1384982187.5,-37.86936
1384982343.75,-37.87454
1384982500.0,-37.87258
1384982656.25,-37.86666
1384982812.5,-37.88147
1384982968.75,-37.87597
1384983125.0,-37.85509
1384983281.25,-37.86996
1384983437.5,-37.87197
1384983593.75,-37.86557
1384983750.0,-37.85627
1384983906.25,-37.86765
1384984062.5,-37.86631
1384984218.75,-37.86777
1384984375.0,-37.87088
1384984531.25,-37.87394
1384984687.5,-37.84952
1384984843.75,-37.85489
1384985000.0,-37.86781
1384985156.25,-37.86114
1384985312.5,-37.85219
1384985468.75,-37.84796
1384985625.0,-37.85915
1384985781.25,-37.85629
1384985937.5,-37.8569
1384986093.75,-37.84964
1384986250.0,-37.83778
1384986406.25,-37.8532
1384986562.5,-37.85969
1384986718.75,-37.84872
1384986875.0,-37.86688
1384987031.25,-37.85593
1384987187.5,-37.86496
1384987343.75,-37.85074
1384987500.0,-37.85017
1384987656.25,-37.85668
1384987812.5,-37.85194
1384987968.75,-37.85751
1384988125.0,-37.8538
1384988281.25,-37.8464
1384988437.5,-37.84641
1384988593.75,-37.84847
1384988750.0,-37.85474
1384988906.25,-37.85133
1384989062.5,-37.84624
1384989218.75,-37.84898
1384989375.0,-37.85575
1384989531.25,-37.85303
1384989687.5,-37.8414
1384989843.75,-37.85133
1384990000.0,-37.84292
1384990156.25,-37.83342
1384990312.5,-37.84222
1384990468.75,-37.84904
1384990625.0,-37.83964
1384990781.25,-37.82727
1384990937.5,-37.84716
1384991093.75,-37.84646
1384991250.0,-37.84297
1384991406.25,-37.83084
1384991562.5,-37.83293
1384991718.75,-37.83847
1384991875.0,-37.83832
1384992031.25,-37.83412
1384992187.5,-37.83833
1384992343.75,-37.83017
1384992500.0,-37.8342
1384992656.25,-37.83279
1384992812.5,-37.8368
1384992968.75,-37.81583
1384993125.0,-37.82599
1384993281.25,-37.83418
1384993437.5,-37.83102
1384993593.75,-37.83744
1384993750.0,-37.8183
1384993906.25,-37.82789
1384994062.5,-37.82166
1384994218.75,-37.82444
1384994375.0,-37.83112
1384994531.25,-37.82645
1384994687.5,-37.82934
1384994843.75,-37.81452
1384995000.0,-37.81682
1384995156.25,-37.82864
1384995312.5,-37.82949
1384995468.75,-37.82783
1384995625.0,-37.82718
1384995781.25,-37.80973
1384995937.5,-37.81482
1384996093.75,-37.81515
1384996250.0,-37.81384
1384996406.25,-37.81762
1384996562.5,-37.82768
1384996718.75,-37.81723
1384996875.0,-37.81982
1384997031.25,-37.8227
1384997187.5,-37.82489
1384997343.75,-37.8165
1384997500.0,-37.82123
1384997656.25,-37.81562
1384997812.5,-37.82081
1384997968.75,-37.81919
1384998125.0,-37.81764
1384998281.25,-37.8159
1384998437.5,-37.8166
1384998593.75,-37.80168
1384998750.0,-37.82078
1384998906.25,-37.80883
1384999062.5,-37.80862
1384999218.75,-37.80278
1384999375.0,-37.8072
1384999531.25,-37.80417
1384999687.5,-37.81133
1384999843.75,-37.8117
1385000000.0,-37.81345
1385000156.25,-37.80231
1385000312.5,-37.81137
1385000468.75,-37.80334
1385000625.0,-37.82181
1385000781.25,-37.81709
1385000937.5,-37.80476
1385001093.75,-37.80766
1385001250.0,-37.8103
1385001406.25,-37.80756
1385001562.5,-37.80307
1385001718.75,-37.81664
1385001875.0,-37.79909
1385002031.25,-37.79984
1385002187.5,-37.80088
1385002343.75,-37.80109
1385002500.0,-37.79353
1385002656.25,-37.79833
1385002812.5,-37.78738
1385002968.75,-37.79839
1385003125.0,-37.80616
1385003281.25,-37.787
1385003437.5,-37.80132
1385003593.75,-37.78957
1385003750.0,-37.79465
1385003906.25,-37.79335
1385004062.5,-37.78946
1385004218.75,-37.77617
1385004375.0,-37.79154
1385004531.25,-37.79208
1385004687.5,-37.80219
1385004843.75,-37.79235
1385005000.0,-37.79324
1385005156.25,-37.78476
1385005312.5,-37.78859
1385005468.75,-37.79832
1385005625.0,-37.79363
1385005781.25,-37.7924
1385005937.5,-37.78439
1385006093.75,-37.77715
1385006250.0,-37.78322
1385006406.25,-37.79118
1385006562.5,-37.78202
1385006718.75,-37.78387
1385006875.0,-37.78666
1385007031.25,-37.77949
1385007187.5,-37.77896
1385007343.75,-37.78457
1385007500.0,-37.77903
1385007656.25,-37.7817
1385007812.5,-37.78725
1385007968.75,-37.7851
1385008125.0,-37.77964
1385008281.25,-37.7772
1385008437.5,-37.77654
1385008593.75,-37.78642
1385008750.0,-37.78406
1385008906.25,-37.78339
1385009062.5,-37.78053
1385009218.75,-37.77834
1385009375.0,-37.78794
1385009531.25,-37.78913
1385009687.5,-37.77718
1385009843.75,-37.78376
1385010000.0,-37.76863
1385010156.25,-37.78999
1385010312.5,-37.77592
1385010468.75,-37.76617
1385010625.0,-37.78408
1385010781.25,-37.76841
1385010937.5,-37.77902
1385011093.75,-37.77876
1385011250.0,-37.76213
1385011406.25,-37.76337
1385011562.5,-37.76862
1385011718.75,-37.76672
1385011875.0,-37.76481
1385012031.25,-37.76803
1385012187.5,-37.76807
1385012343.75,-37.76932
1385012500.0,-37.76916
1385012656.25,-37.76909
1385012812.5,-37.75601
1385012968.75,-37.77425
1385013125.0,-37.74928
1385013281.25,-37.7668
1385013437.5,-37.74656
1385013593.75,-37.77085
1385013750.0,-37.76682
1385013906.25,-37.74542
1385014062.5,-37.74781
1385014218.75,-37.76884
1385014375.0,-37.76093
1385014531.25,-37.75441
1385014687.5,-37.76639
1385014843.75,-37.76855
1385015000.0,-37.75434
1385015156.25,-37.74788
1385015312.5,-37.7509
1385015468.75,-37.74827
1385015625.0,-37.76323
1385015781.25,-37.75937
1385015937.5,-37.76566
1385016093.75,-37.75036
1385016250.0,-37.75709
1385016406.25,-37.74657
1385016562.5,-37.7434
1385016718.75,-37.74862
1385016875.0,-37.74699
1385017031.25,-37.75775
1385017187.5,-37.74805
1385017343.75,-37.73608
1385017500.0,-37.75105
1385017656.25,-37.75765
1385017812.5,-37.74389
1385017968.75,-37.75995
1385018125.0,-37.74258
1385018281.25,-37.73424
1385018437.5,-37.74792
1385018593.75,-37.73817
1385018750.0,-37.75108
1385018906.25,-37.74592
1385019062.5,-37.74046
1385019218.75,-37.72062
1385019375.0,-37.73571
1385019531.25,-37.751
1385019687.5,-37.73633
1385019843.75,-37.74191
1385020000.0,-37.73906
1385020156.25,-37.73879
1385020312.5,-37.74462
1385020468.75,-37.7294
1385020625.0,-37.73865
1385020781.25,-37.7426
1385020937.5,-37.73642
1385021093.75,-37.72773
1385021250.0,-37.72702
1385021406.25,-37.73931
1385021562.5,-37.73828
1385021718.75,-37.73638
1385021875.0,-37.72987
1385022031.25,-37.73053
1385022187.5,-37.73029
1385022343.75,-37.7446
1385022500.0,-37.72704
1385022656.25,-37.72091
1385022812.5,-37.73503
1385022968.75,-37.73534
1385023125.0,-37.70891
1385023281.25,-37.72614
1385023437.5,-37.72318
1385023593.75,-37.73246
1385023750.0,-37.73776
1385023906.25,-37.72009
1385024062.5,-37.7283
1385024218.75,-37.71746
1385024375.0,-37.71492
1385024531.25,-37.72248
1385024687.5,-37.71574
1385024843.75,-37.72146
1385025000.0,-37.7108
1385025156.25,-37.72622
1385025312.5,-37.71091
1385025468.75,-37.71704
1385025625.0,-37.73013
1385025781.25,-37.71961
1385025937.5,-37.7274
1385026093.75,-37.70801
1385026250.0,-37.71003
1385026406.25,-37.71476
1385026562.5,-37.71624
1385026718.75,-37.72781
1385026875.0,-37.71471
1385027031.25,-37.72439
1385027187.5,-37.71954
1385027343.75,-37.70158
1385027500.0,-37.70677
1385027656.25,-37.71368
1385027812.5,-37.71136
1385027968.75,-37.72289
1385028125.0,-37.71287
1385028281.25,-37.70271
1385028437.5,-37.70411
1385028593.75,-37.71409
1385028750.0,-37.70237
1385028906.25,-37.69922
1385029062.5,-37.71306
1385029218.75,-37.71085
1385029375.0,-37.7046
1385029531.25,-37.71004
1385029687.5,-37.70442
1385029843.75,-37.70225
1385030000.0,-37.71085
1385030156.25,-37.70895
1385030312.5,-37.68098
1385030468.75,-37.71767
1385030625.0,-37.70734
1385030781.25,-37.70928
1385030937.5,-37.71476
1385031093.75,-37.70893
1385031250.0,-37.6991
1385031406.25,-37.69788
1385031562.5,-37.70249
1385031718.75,-37.7009
1385031875.0,-37.70018
1385032031.25,-37.70796
1385032187.5,-37.68845
1385032343.75,-37.69345
1385032500.0,-37.69791
1385032656.25,-37.68261
1385032812.5,-37.698
1385032968.75,-37.7084
1385033125.0,-37.6964
1385033281.25,-37.69212
1385033437.5,-37.7144
1385033593.75,-37.67255
1385033750.0,-37.69321
1385033906.25,-37.69332
1385034062.5,-37.67988
1385034218.75,-37.6839
1385034375.0,-37.6796
1385034531.25,-37.68635
1385034687.5,-37.70675
1385034843.75,-37.67657
1385035000.0,-37.68185
1385035156.25,-37.69135
1385035312.5,-37.68716
1385035468.75,-37.67409
1385035625.0,-37.67933
1385035781.25,-37.68139
1385035937.5,-37.68964
1385036093.75,-37.68197
1385036250.0,-37.6862
1385036406.25,-37.68348
1385036562.5,-37.67624
1385036718.75,-37.68745
1385036875.0,-37.69398
1385037031.25,-37.68469
1385037187.5,-37.69606
1385037343.75,-37.67007
1385037500.0,-37.67326
1385037656.25,-37.67203
1385037812.5,-37.68134
1385037968.75,-37.66778
1385038125.0,-37.67541
1385038281.25,-37.68126
1385038437.5,-37.67103
1385038593.75,-37.66032
1385038750.0,-37.67559
1385038906.25,-37.66841
1385039062.5,-37.67907
1385039218.75,-37.66948
1385039375.0,-37.66245
1385039531.25,-37.67498
1385039687.5,-37.67466
1385039843.75,-37.68333
1385040000.0,-37.67517
1385040156.25,-37.66965
1385040312.5,-37.6699
1385040468.75,-37.66552
1385040625.0,-37.67576
1385040781.25,-37.67891
1385040937.5,-37.66494
1385041093.75,-37.6651
1385041250.0,-37.66266
1385041406.25,-37.66644
1385041562.5,-37.67224
1385041718.75,-37.67399
1385041875.0,-37.65409
1385042031.25,-37.67345
1385042187.5,-37.66522
1385042343.75,-37.67537
1385042500.0,-37.64951
1385042656.25,-37.66406
1385042812.5,-37.66329
1385042968.75,-37.65829
1385043125.0,-37.65538
1385043281.25,-37.65148
1385043437.5,-37.66127
1385043593.75,-37.65575
1385043750.0,-37.66424
1385043906.25,-37.65479
1385044062.5,-37.65896
1385044218.75,-37.65809
1385044375.0,-37.65632
1385044531.25,-37.64886
1385044687.5,-37.65208
1385044843.75,-37.64684
1385045000.0,-37.65701
1385045156.25,-37.64526
1385045312.5,-37.64743
1385045468.75,-37.65122
1385045625.0,-37.64962
1385045781.25,-37.65532
1385045937.5,-37.65635
1385046093.75,-37.65096
1385046250.0,-37.66357
1385046406.25,-37.63672
1385046562.5,-37.64323
1385046718.75,-37.64737
1385046875.0,-37.65769
1385047031.25,-37.63576
1385047187.5,-37.63677
1385047343.75,-37.63799
1385047500.0,-37.64236
1385047656.25,-37.64655
1385047812.5,-37.64964
1385047968.75,-37.65621
1385048125.0,-37.63877
1385048281.25,-37.64607
1385048437.5,-37.6333
1385048593.75,-37.64349
1385048750.0,-37.63604
1385048906.25,-37.63081
1385049062.5,-37.63766
1385049218.75,-37.63208
1385049375.0,-37.64518
1385049531.25,-37.65149
1385049687.5,-37.63033
1385049843.75,-37.62616
1385050000.0,-37.62178
1385050156.25,-37.64401
1385050312.5,-37.63136
1385050468.75,-37.62548
1385050625.0,-37.63611
1385050781.25,-37.63434
1385050937.5,-37.62395
1385051093.75,-37.64369
1385051250.0,-37.63398
1385051406.25,-37.63
1385051562.5,-37.63001
1385051718.75,-37.63868
1385051875.0,-37.63283
1385052031.25,-37.63407
1385052187.5,-37.62426
1385052343.75,-37.62601
1385052500.0,-37.62283
1385052656.25,-37.62304
1385052812.5,-37.62943
1385052968.75,-37.63356
1385053125.0,-37.63341
1385053281.25,-37.62183
1385053437.5,-37.62572
1385053593.75,-37.62589
1385053750.0,-37.61241
1385053906.25,-37.61465
1385054062.5,-37.62623
1385054218.75,-37.61737
1385054375.0,-37.62719
1385054531.25,-37.61506
1385054687.5,-37.61941
1385054843.75,-37.62943
1385055000.0,-37.61154
1385055156.25,-37.62404
1385055312.5,-37.60695
1385055468.75,-37.62413
1385055625.0,-37.61664
1385055781.25,-37.61242
1385055937.5,-37.60734
1385056093.75,-37.60108
1385056250.0,-37.61784
1385056406.25,-37.61375
1385056562.5,-37.62317
1385056718.75,-37.60077
1385056875.0,-37.61754
1385057031.25,-37.61612
1385057187.5,-37.6074
1385057343.75,-37.6031
1385057500.0,-37.60717
1385057656.25,-37.60596
1385057812.5,-37.6213
1385057968.75,-37.61317
1385058125.0,-37.60398
1385058281.25,-37.61043
1385058437.5,-37.59818
1385058593.75,-37.5928
1385058750.0,-37.60589
1385058906.25,-37.62236
1385059062.5,-37.60633
1385059218.75,-37.59806
1385059375.0,-37.59633
1385059531.25,-37.60281
1385059687.5,-37.61123
1385059843.75,-37.59055
1385060000.0,-37.60423
1385060156.25,-37.60256
1385060312.5,-37.59303
1385060468.75,-37.59091
1385060625.0,-37.60077
1385060781.25,-37.59364
1385060937.5,-37.59734
1385061093.75,-37.59504
1385061250.0,-37.59288
1385061406.25,-37.59844
1385061562.5,-37.59275
1385061718.75,-37.59205
1385061875.0,-37.58936
1385062031.25,-37.59312
1385062187.5,-37.58537
1385062343.75,-37.58312
1385062500.0,-37.58644
1385062656.25,-37.58297
1385062812.5,-37.59068
1385062968.75,-37.59393
1385063125.0,-37.59753
1385063281.25,-37.58908
1385063437.5,-37.58921
1385063593.75,-37.58831
1385063750.0,-37.58998
1385063906.25,-37.58048
1385064062.5,-37.58487
1385064218.75,-37.5724
1385064375.0,-37.58977
1385064531.25,-37.59064
1385064687.5,-37.56995
1385064843.75,-37.57687
1385065000.0,-37.58416
1385065156.25,-37.58364
1385065312.5,-37.57935
1385065468.75,-37.58303
1385065625.0,-37.5736
1385065781.25,-37.58978
1385065937.5,-37.57175
1385066093.75,-37.58419
1385066250.0,-37.58818
1385066406.25,-37.57932
1385066562.5,-37.56832
1385066718.75,-37.57017
1385066875.0,-37.57869
1385067031.25,-37.58931
1385067187.5,-37.57418
1385067343.75,-37.56963
1385067500.0,-37.55932
1385067656.25,-37.58346
1385067812.5,-37.57706
1385067968.75,-37.57248
1385068125.0,-37.56202
1385068281.25,-37.57307
1385068437.5,-37.559
1385068593.75,-37.57597
1385068750.0,-37.56556
1385068906.25,-37.57262
1385069062.5,-37.57956
1385069218.75,-37.56371
1385069375.0,-37.57449
1385069531.25,-37.54562
1385069687.5,-37.56632
1385069843.75,-37.55314
1385070000.0,-37.55446
1385070156.25,-37.56854
1385070312.5,-37.5767
1385070468.75,-37.57106
1385070625.0,-37.56318
1385070781.25,-37.5643
1385070937.5,-37.55469
1385071093.75,-37.5608
1385071250.0,-37.552
1385071406.25,-37.54439
1385071562.5,-37.55571
1385071718.75,-37.55868
1385071875.0,-37.55957
1385072031.25,-37.5598
1385072187.5,-37.56474
1385072343.75,-37.56012
1385072500.0,-37.55709
1385072656.25,-37.5632
1385072812.5,-37.55762
1385072968.75,-37.55071
1385073125.0,-37.54828
1385073281.25,-37.54266
1385073437.5,-37.54767
1385073593.75,-37.55126
1385073750.0,-37.55502
1385073906.25,-37.54469
1385074062.5,-37.55271
1385074218.75,-37.54915
1385074375.0,-37.55673
1385074531.25,-37.55187
1385074687.5,-37.54536
1385074843.75,-37.54333
1385075000.0,-37.54144
1385075156.25,-37.53957
1385075312.5,-37.53904
1385075468.75,-37.55091
1385075625.0,-37.54097
1385075781.25,-37.54875
1385075937.5,-37.54783
1385076093.75,-37.53992
1385076250.0,-37.53397
1385076406.25,-37.5457
1385076562.5,-37.54378
1385076718.75,-37.53309
1385076875.0,-37.54423
1385077031.25,-37.53876
1385077187.5,-37.53468
1385077343.75,-37.5363
1385077500.0,-37.54507
1385077656.25,-37.53942
1385077812.5,-37.53334
1385077968.75,-37.53875
1385078125.0,-37.53646
1385078281.25,-37.54094
1385078437.5,-37.53
1385078593.75,-37.53808
1385078750.0,-37.54917
1385078906.25,-37.53718
1385079062.5,-37.52769
1385079218.75,-37.52536
1385079375.0,-37.53711
1385079531.25,-37.53244
1385079687.5,-37.53189
1385079843.75,-37.53091
1385080000.0,-37.51995
1385080156.25,-37.53102
1385080312.5,-37.52805
1385080468.75,-37.53486
1385080625.0,-37.52352
1385080781.25,-37.5248
1385080937.5,-37.5321
1385081093.75,-37.52047
1385081250.0,-37.51748
1385081406.25,-37.52557
1385081562.5,-37.5162
1385081718.75,-37.52753
1385081875.0,-37.51955
1385082031.25,-37.52211
1385082187.5,-37.52573
1385082343.75,-37.50879
1385082500.0,-37.51866
1385082656.25,-37.51841
1385082812.5,-37.5179
1385082968.75,-37.52213
1385083125.0,-37.5143
1385083281.25,-37.52354
1385083437.5,-37.51616
1385083593.75,-37.51657
1385083750.0,-37.5112
1385083906.25,-37.52364
1385084062.5,-37.51191
1385084218.75,-37.52335
1385084375.0,-37.52822
1385084531.25,-37.51052
1385084687.5,-37.49974
1385084843.75,-37.52122
1385085000.0,-37.51958
1385085156.25,-37.50666
1385085312.5,-37.50792
1385085468.75,-37.5028
1385085625.0,-37.51342
1385085781.25,-37.50412
1385085937.5,-37.50522
1385086093.75,-37.50698
1385086250.0,-37.51628
1385086406.25,-37.50382
1385086562.5,-37.5029
1385086718.75,-37.49812
1385086875.0,-37.50107
1385087031.25,-37.49988
1385087187.5,-37.50636
1385087343.75,-37.50737
1385087500.0,-37.49926
1385087656.25,-37.50253
1385087812.5,-37.51037
1385087968.75,-37.50164
1385088125.0,-37.49853
1385088281.25,-37.50662
1385088437.5,-37.506
1385088593.75,-37.49266
1385088750.0,-37.49784
1385088906.25,-37.49215
1385089062.5,-37.51033
1385089218.75,-37.50381
1385089375.0,-37.50416
1385089531.25,-37.49292
1385089687.5,-37.49476
1385089843.75,-37.49565
1385090000.0,-37.49975
1385090156.25,-37.50268
1385090312.5,-37.49164
1385090468.75,-37.49224
1385090625.0,-37.48204
1385090781.25,-37.49484
1385090937.5,-37.4967
1385091093.75,-37.48835
1385091250.0,-37.49251
1385091406.25,-37.48536
1385091562.5,-37.48079
1385091718.75,-37.49831
1385091875.0,-37.49109
1385092031.25,-37.48712
1385092187.5,-37.48159
1385092343.75,-37.47105
1385092500.0,-37.47829
1385092656.25,-37.48345
1385092812.5,-37.48809
1385092968.75,-37.48557
1385093125.0,-37.4901
1385093281.25,-37.4755
1385093437.5,-37.48905
1385093593.75,-37.48326
1385093750.0,-37.47457
1385093906.25,-37.47616
1385094062.5,-37.47942
1385094218.75,-37.46997
1385094375.0,-37.46559
1385094531.25,-37.47654
1385094687.5,-37.46885
1385094843.75,-37.46114
1385095000.0,-37.46946
1385095156.25,-37.47539
1385095312.5,-37.48042
1385095468.75,-37.47963
1385095625.0,-37.47686
1385095781.25,-37.47866
1385095937.5,-37.46701
1385096093.75,-37.45363
1385096250.0,-37.46915
1385096406.25,-37.47343
1385096562.5,-37.47184
1385096718.75,-37.47077
1385096875.0,-37.47459
1385097031.25,-37.46502
1385097187.5,-37.4781
1385097343.75,-37.45636
1385097500.0,-37.48367
1385097656.25,-37.47044
1385097812.5,-37.47048
1385097968.75,-37.46835
1385098125.0,-37.4602
1385098281.25,-37.46633
1385098437.5,-37.46064
1385098593.75,-37.4598
1385098750.0,-37.45413
1385098906.25,-37.46141
1385099062.5,-37.45724
1385099218.75,-37.45636
1385099375.0,-37.46075
1385099531.25,-37.45802
1385099687.5,-37.45436
1385099843.75,-37.46284
1385100000.0,-37.46177
1385100156.25,-37.45317
1385100312.5,-37.46766
1385100468.75,-37.4681
1385100625.0,-37.44808
1385100781.25,-37.45569
1385100937.5,-37.45597
1385101093.75,-37.46498
1385101250.0,-37.46392
1385101406.25,-37.44972
1385101562.5,-37.45216
1385101718.75,-37.45598
1385101875.0,-37.44942
1385102031.25,-37.46286
1385102187.5,-37.45746
1385102343.75,-37.45955
1385102500.0,-37.45805
1385102656.25,-37.45329
1385102812.5,-37.45364
1385102968.75,-37.44262
1385103125.0,-37.44348
1385103281.25,-37.45308
1385103437.5,-37.43908
1385103593.75,-37.44833
1385103750.0,-37.44295
1385103906.25,-37.44958
1385104062.5,-37.44958
1385104218.75,-37.44358
1385104375.0,-37.43904
1385104531.25,-37.4406
1385104687.5,-37.45084
1385104843.75,-37.4496
1385105000.0,-37.44666
1385105156.25,-37.42649
1385105312.5,-37.44013
1385105468.75,-37.42843
1385105625.0,-37.44849
1385105781.25,-37.42912
1385105937.5,-37.43602
1385106093.75,-37.43274
1385106250.0,-37.4236
1385106406.25,-37.42865
1385106562.5,-37.44512
1385106718.75,-37.44757
1385106875.0,-37.42118
1385107031.25,-37.43428
1385107187.5,-37.43052
1385107343.75,-37.43986
1385107500.0,-37.43379
1385107656.25,-37.42968
1385107812.5,-37.42994
1385107968.75,-37.4379
1385108125.0,-37.42315
1385108281.25,-37.43019
1385108437.5,-37.42895
1385108593.75,-37.43954
1385108750.0,-37.43357
1385108906.25,-37.42667
1385109062.5,-37.4175
1385109218.75,-37.41594
1385109375.0,-37.4291
1385109531.25,-37.42552
1385109687.5,-37.42826
1385109843.75,-37.42385
1385110000.0,-37.42137
1385110156.25,-37.43263
1385110312.5,-37.41479
1385110468.75,-37.43327
1385110625.0,-37.42631
1385110781.25,-37.42725
1385110937.5,-37.41212
1385111093.75,-37.42654
1385111250.0,-37.41015
1385111406.25,-37.42382
1385111562.5,-37.41706
1385111718.75,-37.41724
1385111875.0,-37.41326
1385112031.25,-37.40869
1385112187.5,-37.4067
1385112343.75,-37.41165
1385112500.0,-37.40922
1385112656.25,-37.40141
1385112812.5,-37.40586
1385112968.75,-37.39849
1385113125.0,-37.41375
1385113281.25,-37.40129
1385113437.5,-37.40614
1385113593.75,-37.41172
1385113750.0,-37.40667
1385113906.25,-37.40269
1385114062.5,-37.41886
1385114218.75,-37.40685
1385114375.0,-37.41362
1385114531.25,-37.41635
1385114687.5,-37.41051
1385114843.75,-37.39771
1385115000.0,-37.41181
1385115156.25,-37.39618
1385115312.5,-37.41056
1385115468.75,-37.40321
1385115625.0,-37.4082
1385115781.25,-37.40587
1385115937.5,-37.40732
1385116093.75,-37.39423
1385116250.0,-37.39909
1385116406.25,-37.40834
1385116562.5,-37.3917
1385116718.75,-37.3938
1385116875.0,-37.41556
1385117031.25,-37.39209
1385117187.5,-37.39433
1385117343.75,-37.39305
1385117500.0,-37.3921
1385117656.25,-37.38636
1385117812.5,-37.38981
1385117968.75,-37.40575
1385118125.0,-37.40266
1385118281.25,-37.40037
1385118437.5,-37.3932
1385118593.75,-37.38426
1385118750.0,-37.39106
1385118906.25,-37.38949
1385119062.5,-37.38838
1385119218.75,-37.39156
1385119375.0,-37.38674
1385119531.25,-37.39055
1385119687.5,-37.37542
1385119843.75,-37.39814
1385120000.0,-37.39931
1385120156.25,-37.38486
1385120312.5,-37.38491
1385120468.75,-37.37686
1385120625.0,-37.38668
1385120781.25,-37.37659
1385120937.5,-37.38227
1385121093.75,-37.37954
1385121250.0,-37.3756
1385121406.25,-37.38175
1385121562.5,-37.36779
1385121718.75,-37.3791
1385121875.0,-37.3764
1385122031.25,-37.38092
1385122187.5,-37.37923
1385122343.75,-37.36825
1385122500.0,-37.3707
1385122656.25,-37.37744
1385122812.5,-37.36904
1385122968.75,-37.3743
1385123125.0,-37.38989
1385123281.25,-37.38512
1385123437.5,-37.3731
1385123593.75,-37.36993
1385123750.0,-37.37918
1385123906.25,-37.37094
1385124062.5,-37.37443
1385124218.75,-37.37568
1385124375.0,-37.36244
1385124531.25,-37.36589
1385124687.5,-37.37147
1385124843.75,-37.36755
1385125000.0,-37.37305
1385125156.25,-37.36794
1385125312.5,-37.37184
1385125468.75,-37.3823
1385125625.0,-37.3582
1385125781.25,-37.37263
1385125937.5,-37.35783
1385126093.75,-37.36362
1385126250.0,-37.36494
1385126406.25,-37.36003
1385126562.5,-37.37521
1385126718.75,-37.3722
1385126875.0,-37.35764
1385127031.25,-37.35109
1385127187.5,-37.35294
1385127343.75,-37.34827
1385127500.0,-37.35398
1385127656.25,-37.36309
1385127812.5,-37.35004
1385127968.75,-37.35103
1385128125.0,-37.36107
1385128281.25,-37.34347
1385128437.5,-37.34388
1385128593.75,-37.35511
1385128750.0,-37.35232
1385128906.25,-37.35384
1385129062.5,-37.34739
1385129218.75,-37.3608
1385129375.0,-37.34616
1385129531.25,-37.36205
1385129687.5,-37.34521
1385129843.75,-37.35579
1385130000.0,-37.35112
1385130156.25,-37.34837
1385130312.5,-37.3335
1385130468.75,-37.3478
1385130625.0,-37.33445
1385130781.25,-37.3435
1385130937.5,-37.34615
1385131093.75,-37.34187
1385131250.0,-37.34578
1385131406.25,-37.34022
1385131562.5,-37.36254
1385131718.75,-37.35434
1385131875.0,-37.34853
1385132031.25,-37.34474
1385132187.5,-37.34737
1385132343.75,-37.35294
1385132500.0,-37.33057
1385132656.25,-37.34222
1385132812.5,-37.34528
1385132968.75,-37.33139
1385133125.0,-37.34199
1385133281.25,-37.33494
1385133437.5,-37.34829
1385133593.75,-37.3341
1385133750.0,-37.33247
1385133906.25,-37.34315
1385134062.5,-37.33032
1385134218.75,-37.33997
1385134375.0,-37.33387
1385134531.25,-37.33038
1385134687.5,-37.32615
1385134843.75,-37.33645
1385135000.0,-37.32334
1385135156.25,-37.34295
1385135312.5,-37.33814
1385135468.75,-37.33234
1385135625.0,-37.32219
1385135781.25,-37.33249
1385135937.5,-37.31932
1385136093.75,-37.32207
1385136250.0,-37.3394
1385136406.25,-37.33069
1385136562.5,-37.32117
1385136718.75,-37.32289
1385136875.0,-37.32601
1385137031.25,-37.32203
1385137187.5,-37.3189
1385137343.75,-37.32053
1385137500.0,-37.31931
1385137656.25,-37.32098
1385137812.5,-37.32352
1385137968.75,-37.32992
1385138125.0,-37.32388
1385138281.25,-37.32195
1385138437.5,-37.31855
1385138593.75,-37.32102
1385138750.0,-37.31978
1385138906.25,-37.33126
1385139062.5,-37.30887
1385139218.75,-37.31904
1385139375.0,-37.32003
1385139531.25,-37.31501
1385139687.5,-37.32119
1385139843.75,-37.31243
1385140000.0,-37.32093
1385140156.25,-37.30841
1385140312.5,-37.30881
1385140468.75,-37.32033
1385140625.0,-37.31991
1385140781.25,-37.30952
1385140937.5,-37.30651
1385141093.75,-37.30815
1385141250.0,-37.30727
1385141406.25,-37.32513
1385141562.5,-37.29727
1385141718.75,-37.31104
1385141875.0,-37.30142
1385142031.25,-37.29788
1385142187.5,-37.32038
1385142343.75,-37.32092
1385142500.0,-37.29861
1385142656.25,-37.31028
1385142812.5,-37.30719
1385142968.75,-37.30234
1385143125.0,-37.30479
1385143281.25,-37.29964
1385143437.5,-37.29788
1385143593.75,-37.29501
1385143750.0,-37.30892
1385143906.25,-37.29871
1385144062.5,-37.30579
1385144218.75,-37.29001
1385144375.0,-37.30513
1385144531.25,-37.29964
1385144687.5,-37.28545
1385144843.75,-37.29317
1385145000.0,-37.29187
1385145156.25,-37.29123
1385145312.5,-37.29289
1385145468.75,-37.28883
1385145625.0,-37.28923
1385145781.25,-37.28634
1385145937.5,-37.30047
1385146093.75,-37.29997
1385146250.0,-37.29092
1385146406.25,-37.28962
1385146562.5,-37.28425
1385146718.75,-37.29071
1385146875.0,-37.29926
1385147031.25,-37.28449
1385147187.5,-37.28609
1385147343.75,-37.29947
1385147500.0,-37.29155
1385147656.25,-37.29249
1385147812.5,-37.28787
1385147968.75,-37.28719
1385148125.0,-37.28424
1385148281.25,-37.27459
1385148437.5,-37.27912
1385148593.75,-37.28901
1385148750.0,-37.28477
1385148906.25,-37.28979
1385149062.5,-37.2901
1385149218.75,-37.29129
1385149375.0,-37.29787
1385149531.25,-37.27621
1385149687.5,-37.27857
1385149843.75,-37.27019
1385150000.0,-37.27652
1385150156.25,-37.26707
1385150312.5,-37.29181
1385150468.75,-37.27611
1385150625.0,-37.26648
1385150781.25,-37.26482
1385150937.5,-37.2762
1385151093.75,-37.26347
1385151250.0,-37.276
1385151406.25,-37.26165
1385151562.5,-37.27429
1385151718.75,-37.28127
1385151875.0,-37.27325
1385152031.25,-37.29036
1385152187.5,-37.27452
1385152343.75,-37.26818
1385152500.0,-37.26501
1385152656.25,-37.27005
1385152812.5,-37.26258
1385152968.75,-37.27832
1385153125.0,-37.27728
1385153281.25,-37.26009
1385153437.5,-37.2695
1385153593.75,-37.27229
1385153750.0,-37.27094
1385153906.25,-37.25721
1385154062.5,-37.26656
1385154218.75,-37.26467
1385154375.0,-37.25563
1385154531.25,-37.25056
1385154687.5,-37.26096
1385154843.75,-37.25164
1385155000.0,-37.24997
1385155156.25,-37.26127
1385155312.5,-37.26482
1385155468.75,-37.26767
1385155625.0,-37.2526
1385155781.25,-37.25042
1385155937.5,-37.27116
1385156093.75,-37.25646
1385156250.0,-37.25958
1385156406.25,-37.2518
1385156562.5,-37.25325
1385156718.75,-37.2615
1385156875.0,-37.24559
1385157031.25,-37.24792
1385157187.5,-37.24908
1385157343.75,-37.24573
1385157500.0,-37.25697
1385157656.25,-37.26897
1385157812.5,-37.2468
1385157968.75,-37.2443
1385158125.0,-37.2488
1385158281.25,-37.24721
1385158437.5,-37.25736
1385158593.75,-37.24418
1385158750.0,-37.25103
1385158906.25,-37.24052
1385159062.5,-37.24646
1385159218.75,-37.24449
1385159375.0,-37.24543
1385159531.25,-37.23441
1385159687.5,-37.24592
1385159843.75,-37.23185
1385160000.0,-37.235
1385160156.25,-37.25459
1385160312.5,-37.23756
1385160468.75,-37.23594
1385160625.0,-37.24133
1385160781.25,-37.24813
1385160937.5,-37.23917
1385161093.75,-37.2429
1385161250.0,-37.23882
1385161406.25,-37.23288
1385161562.5,-37.2423
1385161718.75,-37.22704
1385161875.0,-37.24845
1385162031.25,-37.23869
1385162187.5,-37.22321
1385162343.75,-37.23875
1385162500.0,-37.22943
1385162656.25,-37.23312
1385162812.5,-37.22966
1385162968.75,-37.23324
1385163125.0,-37.24103
1385163281.25,-37.23232
1385163437.5,-37.24054
1385163593.75,-37.22806
1385163750.0,-37.23132
1385163906.25,-37.22671
1385164062.5,-37.22828
1385164218.75,-37.23449
1385164375.0,-37.23026
1385164531.25,-37.23082
1385164687.5,-37.2322
1385164843.75,-37.21909
1385165000.0,-37.22674
1385165156.25,-37.22911
1385165312.5,-37.22009
1385165468.75,-37.22366
1385165625.0,-37.21993
1385165781.25,-37.21011
1385165937.5,-37.234
1385166093.75,-37.21624
1385166250.0,-37.22454
1385166406.25,-37.21643
1385166562.5,-37.22286
1385166718.75,-37.20379
1385166875.0,-37.21769
1385167031.25,-37.21211
1385167187.5,-37.19572
1385167343.75,-37.2098
1385167500.0,-37.21184
1385167656.25,-37.22029
1385167812.5,-37.21834
1385167968.75,-37.21152
1385168125.0,-37.21294
1385168281.25,-37.20379
1385168437.5,-37.21248
1385168593.75,-37.21975
1385168750.0,-37.20262
1385168906.25,-37.20973
1385169062.5,-37.21724
1385169218.75,-37.21062
1385169375.0,-37.2069
1385169531.25,-37.21581
1385169687.5,-37.20303
1385169843.75,-37.20621
1385170000.0,-37.19746
1385170156.25,-37.2164
1385170312.5,-37.19742
1385170468.75,-37.2132
1385170625.0,-37.19654
1385170781.25,-37.20588
1385170937.5,-37.19492
1385171093.75,-37.19671
1385171250.0,-37.2116
1385171406.25,-37.19824
1385171562.5,-37.20911
1385171718.75,-37.18327
1385171875.0,-37.19643
1385172031.25,-37.20907
1385172187.5,-37.20328
1385172343.75,-37.19462
1385172500.0,-37.1862
1385172656.25,-37.19503
1385172812.5,-37.19309
1385172968.75,-37.19171
1385173125.0,-37.19663
1385173281.25,-37.1935
1385173437.5,-37.18716
1385173593.75,-37.19181
1385173750.0,-37.18867
1385173906.25,-37.18961
1385174062.5,-37.19291
1385174218.75,-37.18293
1385174375.0,-37.18317
1385174531.25,-37.20321
1385174687.5,-37.18784
1385174843.75,-37.18307
1385175000.0,-37.18773
1385175156.25,-37.18541
1385175312.5,-37.18481
1385175468.75,-37.19046
1385175625.0,-37.18661
1385175781.25,-37.17078
1385175937.5,-37.18248
1385176093.75,-37.17403
1385176250.0,-37.18405
1385176406.25,-37.18097
1385176562.5,-37.17127
1385176718.75,-37.18934
1385176875.0,-37.1811
1385177031.25,-37.17662
1385177187.5,-37.17539
1385177343.75,-37.17943
1385177500.0,-37.19111
1385177656.25,-37.18445
1385177812.5,-37.17756
1385177968.75,-37.17583
1385178125.0,-37.17296
1385178281.25,-37.17015
1385178437.5,-37.17617
1385178593.75,-37.16567
1385178750.0,-37.17883
1385178906.25,-37.17079
1385179062.5,-37.15882
1385179218.75,-37.17807
1385179375.0,-37.16782
1385179531.25,-37.18391
1385179687.5,-37.168
1385179843.75,-37.16085
1385180000.0,-37.17085
1385180156.25,-37.16581
1385180312.5,-37.1736
1385180468.75,-37.16208
1385180625.0,-37.16004
1385180781.25,-37.17311
1385180937.5,-37.175
1385181093.75,-37.17273
1385181250.0,-37.16314
1385181406.25,-37.16758
1385181562.5,-37.16874
1385181718.75,-37.16178
1385181875.0,-37.16023
1385182031.25,-37.16682
1385182187.5,-37.15246
1385182343.75,-37.16146
1385182500.0,-37.16029
1385182656.25,-37.15772
1385182812.5,-37.15438
1385182968.75,-37.15852
1385183125.0,-37.1541
1385183281.25,-37.16446
1385183437.5,-37.163
1385183593.75,-37.14685
1385183750.0,-37.1664
1385183906.25,-37.15353
1385184062.5,-37.157
1385184218.75,-37.15144
1385184375.0,-37.14587
1385184531.25,-37.15407
1385184687.5,-37.15733
1385184843.75,-37.15833
1385185000.0,-37.15732
1385185156.25,-37.14254
1385185312.5,-37.16144
1385185468.75,-37.1505
1385185625.0,-37.15335
1385185781.25,-37.14338
1385185937.5,-37.15326
1385186093.75,-37.14963
1385186250.0,-37.14493
1385186406.25,-37.1305
1385186562.5,-37.13877
1385186718.75,-37.14083
1385186875.0,-37.1377
1385187031.25,-37.13657
1385187187.5,-37.1372
1385187343.75,-37.13714
1385187500.0,-37.14388
1385187656.25,-37.14423
1385187812.5,-37.13482
1385187968.75,-37.1352
1385188125.0,-37.14602
1385188281.25,-37.14133
1385188437.5,-37.13924
1385188593.75,-37.13829
1385188750.0,-37.13059
1385188906.25,-37.12587
1385189062.5,-37.1281
1385189218.75,-37.13624
1385189375.0,-37.12892
1385189531.25,-37.12827
1385189687.5,-37.1272
1385189843.75,-37.13306
1385190000.0,-37.1401
1385190156.25,-37.13576
1385190312.5,-37.13203
1385190468.75,-37.12379
1385190625.0,-37.13477
1385190781.25,-37.13317
1385190937.5,-37.12967
1385191093.75,-37.12695
1385191250.0,-37.11934
1385191406.25,-37.12411
1385191562.5,-37.13485
1385191718.75,-37.13296
1385191875.0,-37.12206
1385192031.25,-37.11567
1385192187.5,-37.12362
1385192343.75,-37.11822
1385192500.0,-37.11402
1385192656.25,-37.11276
1385192812.5,-37.12201
1385192968.75,-37.12801
1385193125.0,-37.12369
1385193281.25,-37.12235
1385193437.5,-37.11901
1385193593.75,-37.11678
1385193750.0,-37.10535
1385193906.25,-37.11343
1385194062.5,-37.11952
1385194218.75,-37.11464
1385194375.0,-37.11512
1385194531.25,-37.11747
1385194687.5,-37.12099
1385194843.75,-37.11763
1385195000.0,-37.1165
1385195156.25,-37.11829
1385195312.5,-37.11742
1385195468.75,-37.11113
1385195625.0,-37.12412
1385195781.25,-37.10326
1385195937.5,-37.11171
1385196093.75,-37.10263
1385196250.0,-37.1059
1385196406.25,-37.10884
1385196562.5,-37.10447
1385196718.75,-37.10967
1385196875.0,-37.097
1385197031.25,-37.10323
1385197187.5,-37.10204
1385197343.75,-37.09595
1385197500.0,-37.10759
1385197656.25,-37.09593
1385197812.5,-37.10594
1385197968.75,-37.09296
1385198125.0,-37.09535
1385198281.25,-37.10502
1385198437.5,-37.08541
1385198593.75,-37.10649
1385198750.0,-37.10719
1385198906.25,-37.10535
1385199062.5,-37.09858
1385199218.75,-37.09029
1385199375.0,-37.08591
1385199531.25,-37.08677
1385199687.5,-37.095
1385199843.75,-37.09478
1385200000.0,-37.0967
1385200156.25,-37.09895
1385200312.5,-37.08981
1385200468.75,-37.07275
1385200625.0,-37.08755
1385200781.25,-37.09559
1385200937.5,-37.08817
1385201093.75,-37.09498
1385201250.0,-37.08975
1385201406.25,-37.09264
1385201562.5,-37.08631
1385201718.75,-37.08257
1385201875.0,-37.07362
1385202031.25,-37.0731
1385202187.5,-37.07969
1385202343.75,-37.09196
1385202500.0,-37.10889
1385202656.25,-37.08598
1385202812.5,-37.08806
1385202968.75,-37.07665
1385203125.0,-37.08664
1385203281.25,-37.07899
1385203437.5,-37.07154
1385203593.75,-37.0741
1385203750.0,-37.07656
1385203906.25,-37.08452
1385204062.5,-37.07839
1385204218.75,-37.07778
1385204375.0,-37.0766
1385204531.25,-37.08353
1385204687.5,-37.08634
1385204843.75,-37.06547
1385205000.0,-37.08928
1385205156.25,-37.07912
1385205312.5,-37.06722
1385205468.75,-37.08297
1385205625.0,-37.09474
1385205781.25,-37.08036
1385205937.5,-37.07804
1385206093.75,-37.08431
1385206250.0,-37.07676
1385206406.25,-37.06548
1385206562.5,-37.07595
1385206718.75,-37.07888
1385206875.0,-37.07401
1385207031.25,-37.07071
1385207187.5,-37.06915
1385207343.75,-37.06274
1385207500.0,-37.0674
1385207656.25,-37.06456
1385207812.5,-37.06742
1385207968.75,-37.06295
1385208125.0,-37.06091
1385208281.25,-37.06081
1385208437.5,-37.07127
1385208593.75,-37.05519
1385208750.0,-37.06626
1385208906.25,-37.07486
1385209062.5,-37.07183
1385209218.75,-37.05553
1385209375.0,-37.05278
1385209531.25,-37.06031
1385209687.5,-37.05895
1385209843.75,-37.06178
1385210000.0,-37.05369
1385210156.25,-37.0556
1385210312.5,-37.05521
1385210468.75,-37.04667
1385210625.0,-37.0591
1385210781.25,-37.05968
1385210937.5,-37.05111
1385211093.75,-37.06606
1385211250.0,-37.04234
1385211406.25,-37.05821
1385211562.5,-37.05663
1385211718.75,-37.05157
1385211875.0,-37.04407
1385212031.25,-37.04732
1385212187.5,-37.04865
1385212343.75,-37.03538
1385212500.0,-37.03413
1385212656.25,-37.04861
1385212812.5,-37.0499
1385212968.75,-37.04801
1385213125.0,-37.05384
1385213281.25,-37.03775
1385213437.5,-37.04773
1385213593.75,-37.05198
1385213750.0,-37.04134
1385213906.25,-37.05048
1385214062.5,-37.03979
1385214218.75,-37.04575
1385214375.0,-37.04603
1385214531.25,-37.03566
1385214687.5,-37.02929
1385214843.75,-37.04277
1385215000.0,-37.03144
1385215156.25,-37.04104
1385215312.5,-37.02595
1385215468.75,-37.0514
1385215625.0,-37.02913
1385215781.25,-37.03853
1385215937.5,-37.02547
1385216093.75,-37.04182
1385216250.0,-37.03178
1385216406.25,-37.04255
1385216562.5,-37.02345
1385216718.75,-37.03773
1385216875.0,-37.03323
1385217031.25,-37.03427
1385217187.5,-37.02429
1385217343.75,-37.03164
1385217500.0,-37.02259
1385217656.25,-37.03718
1385217812.5,-37.02124
1385217968.75,-37.02621
1385218125.0,-37.02392
1385218281.25,-37.03053
1385218437.5,-37.02254
1385218593.75,-37.02603
1385218750.0,-37.01331
1385218906.25,-37.02267
1385219062.5,-37.01863
1385219218.75,-37.02722
1385219375.0,-37.01808
1385219531.25,-37.02509
1385219687.5,-37.02322
1385219843.75,-37.02222
1385220000.0,-37.01716
1385220156.25,-37.03322
1385220312.5,-37.02691
1385220468.75,-37.01696
1385220625.0,-37.02492
1385220781.25,-37.019
1385220937.5,-37.02114
1385221093.75,-37.01097
1385221250.0,-37.01112
1385221406.25,-37.01928
1385221562.5,-37.02427
1385221718.75,-36.99098
1385221875.0,-37.02369
1385222031.25,-37.00328
1385222187.5,-37.00256
1385222343.75,-36.99546
1385222500.0,-37.0147
1385222656.25,-37.01312
1385222812.5,-37.01587
1385222968.75,-37.0004
1385223125.0,-37.00928
1385223281.25,-36.9975
1385223437.5,-37.00313
1385223593.75,-37.01726
1385223750.0,-37.00338
1385223906.25,-37.00217
1385224062.5,-36.99154
1385224218.75,-37.0056
1385224375.0,-36.99529
1385224531.25,-36.99724
1385224687.5,-37.00909
1385224843.75,-36.99878
1385225000.0,-36.99911
1385225156.25,-37.00104
1385225312.5,-37.00198
1385225468.75,-36.99974
1385225625.0,-37.01269
1385225781.25,-37.00373
1385225937.5,-36.99193
1385226093.75,-36.98847
1385226250.0,-36.98757
1385226406.25,-37.00879
1385226562.5,-36.98975
1385226718.75,-36.98307
1385226875.0,-36.99155
1385227031.25,-37.00082
1385227187.5,-36.98668
1385227343.75,-36.99163
1385227500.0,-36.98247
1385227656.25,-36.98502
1385227812.5,-36.99084
1385227968.75,-37.00222
1385228125.0,-36.98248
1385228281.25,-36.99186
1385228437.5,-36.99543
1385228593.75,-36.9879
1385228750.0,-36.97717
1385228906.25,-36.98452
1385229062.5,-36.97911
1385229218.75,-36.9809
1385229375.0,-36.99341
1385229531.25,-36.98964
1385229687.5,-36.98086
1385229843.75,-36.98284
1385230000.0,-36.98006
1385230156.25,-36.9734
1385230312.5,-36.98179
1385230468.75,-36.9746
1385230625.0,-36.98893
1385230781.25,-36.97423
1385230937.5,-36.97789
1385231093.75,-36.98447
1385231250.0,-36.979
1385231406.25,-36.98516
1385231562.5,-36.96725
1385231718.75,-36.97491
1385231875.0,-36.97804
1385232031.25,-36.97002
1385232187.5,-36.9835
1385232343.75,-36.96964
1385232500.0,-36.96862
1385232656.25,-36.97153
1385232812.5,-36.97451
1385232968.75,-36.97236
1385233125.0,-36.96184
1385233281.25,-36.96636
1385233437.5,-36.96581
1385233593.75,-36.96272
1385233750.0,-36.96864
1385233906.25,-36.97252
1385234062.5,-36.97066
1385234218.75,-36.96428
1385234375.0,-36.96589
1385234531.25,-36.95964
1385234687.5,-36.95654
1385234843.75,-36.95675
1385235000.0,-36.96576
1385235156.25,-36.96424
1385235312.5,-36.976
1385235468.75,-36.95552
1385235625.0,-36.96201
1385235781.25,-36.97676
1385235937.5,-36.95791
1385236093.75,-36.94957
1385236250.0,-36.96397
1385236406.25,-36.96063
1385236562.5,-36.94873
1385236718.75,-36.94919
1385236875.0,-36.95897
1385237031.25,-36.95704
1385237187.5,-36.94534
1385237343.75,-36.94788
1385237500.0,-36.95815
1385237656.25,-36.95448
1385237812.5,-36.95451
1385237968.75,-36.95382
1385238125.0,-36.94864
1385238281.25,-36.94912
1385238437.5,-36.94296
1385238593.75,-36.94366
1385238750.0,-36.94255
1385238906.25,-36.9496
1385239062.5,-36.94343
1385239218.75,-36.94281
1385239375.0,-36.94627
1385239531.25,-36.95204
1385239687.5,-36.9386
1385239843.75,-36.94394
1385240000.0,-36.95455
1385240156.25,-36.94565
1385240312.5,-36.9441
1385240468.75,-36.94415
1385240625.0,-36.94375
1385240781.25,-36.94304
1385240937.5,-36.94652
1385241093.75,-36.94775
1385241250.0,-36.94588
1385241406.25,-36.93783
1385241562.5,-36.943
1385241718.75,-36.94811
1385241875.0,-36.93941
1385242031.25,-36.94672
1385242187.5,-36.93836
1385242343.75,-36.9316
1385242500.0,-36.92381
1385242656.25,-36.94149
1385242812.5,-36.9347
1385242968.75,-36.93229
1385243125.0,-36.92732
1385243281.25,-36.92796
1385243437.5,-36.93411
1385243593.75,-36.92655
1385243750.0,-36.92413
1385243906.25,-36.9333
1385244062.5,-36.92701
1385244218.75,-36.92413
1385244375.0,-36.93
1385244531.25,-36.91818
1385244687.5,-36.93644
1385244843.75,-36.93394
1385245000.0,-36.93584
1385245156.25,-36.92512
1385245312.5,-36.9311
1385245468.75,-36.93175
1385245625.0,-36.9207
1385245781.25,-36.92043
1385245937.5,-36.92254
1385246093.75,-36.92967
1385246250.0,-36.93605
1385246406.25,-36.91047
1385246562.5,-36.9178
1385246718.75,-36.91861
1385246875.0,-36.90787
1385247031.25,-36.92232
1385247187.5,-36.91209
1385247343.75,-36.9157
1385247500.0,-36.91564
1385247656.25,-36.91067
1385247812.5,-36.89341
1385247968.75,-36.91919
1385248125.0,-36.91195
1385248281.25,-36.90639
1385248437.5,-36.90599
1385248593.75,-36.90279
1385248750.0,-36.91217
1385248906.25,-36.91188
1385249062.5,-36.9059
1385249218.75,-36.90294
1385249375.0,-36.9136
1385249531.25,-36.92447
1385249687.5,-36.90739
1385249843.75,-36.91268
1385250000.0,-36.91443
1385250156.25,-36.90691
1385250312.5,-36.91035
1385250468.75,-36.90022
1385250625.0,-36.90902
1385250781.25,-36.90923
1385250937.5,-36.89439
1385251093.75,-36.90417
1385251250.0,-36.89949
1385251406.25,-36.89924
1385251562.5,-36.90352
1385251718.75,-36.89783
1385251875.0,-36.90086
1385252031.25,-36.89384
1385252187.5,-36.89992
1385252343.75,-36.89555
1385252500.0,-36.91021
1385252656.25,-36.88916
1385252812.5,-36.90269
1385252968.75,-36.89914
1385253125.0,-36.8883
1385253281.25,-36.89706
1385253437.5,-36.88816
1385253593.75,-36.87959
1385253750.0,-36.8954
1385253906.25,-36.89663
1385254062.5,-36.88446
1385254218.75,-36.88508
1385254375.0,-36.88629
1385254531.25,-36.88969
1385254687.5,-36.89378
1385254843.75,-36.88977
1385255000.0,-36.89616
1385255156.25,-36.89681
1385255312.5,-36.87939
1385255468.75,-36.88685
1385255625.0,-36.8821
1385255781.25,-36.88425
1385255937.5,-36.89062
1385256093.75,-36.89093
1385256250.0,-36.88268
1385256406.25,-36.88777
1385256562.5,-36.88752
1385256718.75,-36.8797
1385256875.0,-36.87757
1385257031.25,-36.87698
1385257187.5,-36.8711
1385257343.75,-36.8723
1385257500.0,-36.87025
1385257656.25,-36.87462
1385257812.5,-36.86299
1385257968.75,-36.87495
1385258125.0,-36.86341
1385258281.25,-36.87704
1385258437.5,-36.87774
1385258593.75,-36.87493
1385258750.0,-36.87632
1385258906.25,-36.87669
1385259062.5,-36.86872
1385259218.75,-36.87723
1385259375.0,-36.87241
1385259531.25,-36.86442
1385259687.5,-36.87778
1385259843.75,-36.86281
1385260000.0,-36.87028
1385260156.25,-36.86427
1385260312.5,-36.86391
1385260468.75,-36.86723
1385260625.0,-36.87196
1385260781.25,-36.86266
1385260937.5,-36.87105
1385261093.75,-36.8532
1385261250.0,-36.86588
1385261406.25,-36.86501
1385261562.5,-36.85438
1385261718.75,-36.86383
1385261875.0,-36.86946
1385262031.25,-36.85259
1385262187.5,-36.8711
1385262343.75,-36.8567
1385262500.0,-36.86373
1385262656.25,-36.87411
1385262812.5,-36.8671
1385262968.75,-36.86057
1385263125.0,-36.86225
1385263281.25,-36.83771
1385263437.5,-36.84911
1385263593.75,-36.84775
1385263750.0,-36.86251
1385263906.25,-36.85665
1385264062.5,-36.85587
1385264218.75,-36.85548
1385264375.0,-36.85244
1385264531.25,-36.84975
1385264687.5,-36.85808
1385264843.75,-36.85036
1385265000.0,-36.84177
1385265156.25,-36.83402
1385265312.5,-36.86208
1385265468.75,-36.8464
1385265625.0,-36.83339
1385265781.25,-36.8415
1385265937.5,-36.84438
1385266093.75,-36.84648
1385266250.0,-36.84649
1385266406.25,-36.84754
1385266562.5,-36.8399
1385266718.75,-36.83714
1385266875.0,-36.84578
1385267031.25,-36.83857
1385267187.5,-36.84414
1385267343.75,-36.84003
1385267500.0,-36.84089
1385267656.25,-36.83905
1385267812.5,-36.83818
1385267968.75,-36.8358
1385268125.0,-36.83496
1385268281.25,-36.84037
1385268437.5,-36.83477
1385268593.75,-36.84344
1385268750.0,-36.82265
1385268906.25,-36.83933
1385269062.5,-36.83866
1385269218.75,-36.84491
1385269375.0,-36.8343
1385269531.25,-36.83612
1385269687.5,-36.82614
1385269843.75,-36.82956
1385270000.0,-36.82055
1385270156.25,-36.823
1385270312.5,-36.82894
1385270468.75,-36.82875
1385270625.0,-36.8153
1385270781.25,-36.82409
1385270937.5,-36.82528
1385271093.75,-36.82372
1385271250.0,-36.82674
1385271406.25,-36.82752
1385271562.5,-36.82923
1385271718.75,-36.8242
1385271875.0,-36.81573
1385272031.25,-36.82692
1385272187.5,-36.81365
1385272343.75,-36.82335
1385272500.0,-36.82592
1385272656.25,-36.82443
1385272812.5,-36.81961
1385272968.75,-36.8178
1385273125.0,-36.82062
1385273281.25,-36.81477
1385273437.5,-36.82231
1385273593.75,-36.81385
1385273750.0,-36.80447
1385273906.25,-36.81278
1385274062.5,-36.81976
1385274218.75,-36.80988
1385274375.0,-36.81598
1385274531.25,-36.79804
1385274687.5,-36.81721
1385274843.75,-36.80835
1385275000.0,-36.80492
1385275156.25,-36.80189
1385275312.5,-36.80595
1385275468.75,-36.81213
1385275625.0,-36.81712
1385275781.25,-36.81501
1385275937.5,-36.81232
1385276093.75,-36.81239
1385276250.0,-36.80416
1385276406.25,-36.79607
1385276562.5,-36.80414
1385276718.75,-36.80682
1385276875.0,-36.80219
1385277031.25,-36.80758
1385277187.5,-36.80181
1385277343.75,-36.81501
1385277500.0,-36.81182
1385277656.25,-36.80574
1385277812.5,-36.81294
1385277968.75,-36.80786
1385278125.0,-36.78282
1385278281.25,-36.79128
1385278437.5,-36.80383
1385278593.75,-36.7891
1385278750.0,-36.79639
1385278906.25,-36.80309
1385279062.5,-36.79167
1385279218.75,-36.79435
1385279375.0,-36.78934
1385279531.25,-36.78172
1385279687.5,-36.79782
1385279843.75,-36.81305
1385280000.0,-36.80145
1385280156.25,-36.79237
1385280312.5,-36.79043
1385280468.75,-36.77288
1385280625.0,-36.7904
1385280781.25,-36.78804
1385280937.5,-36.79376
1385281093.75,-36.77967
1385281250.0,-36.7904
1385281406.25,-36.78181
1385281562.5,-36.78723
1385281718.75,-36.78825
1385281875.0,-36.78265
1385282031.25,-36.78824
1385282187.5,-36.78343
1385282343.75,-36.78612
1385282500.0,-36.78288
1385282656.25,-36.78767
1385282812.5,-36.78141
1385282968.75,-36.77765
1385283125.0,-36.78384
1385283281.25,-36.78058
1385283437.5,-36.76463
1385283593.75,-36.77421
1385283750.0,-36.76748
1385283906.25,-36.78476
1385284062.5,-36.77766
1385284218.75,-36.77019
1385284375.0,-36.77836
1385284531.25,-36.76769
1385284687.5,-36.7791
1385284843.75,-36.77882
1385285000.0,-36.77312
1385285156.25,-36.7697
1385285312.5,-36.76048
1385285468.75,-36.77584
1385285625.0,-36.7822
1385285781.25,-36.76001
1385285937.5,-36.76875
1385286093.75,-36.76679
1385286250.0,-36.76561
1385286406.25,-36.76321
1385286562.5,-36.76239
1385286718.75,-36.76946
1385286875.0,-36.76247
1385287031.25,-36.76844
1385287187.5,-36.78249
1385287343.75,-36.76182
1385287500.0,-36.77547
1385287656.25,-36.75816
1385287812.5,-36.76114
1385287968.75,-36.75979
1385288125.0,-36.75822
1385288281.25,-36.75318
1385288437.5,-36.76114
1385288593.75,-36.75713
1385288750.0,-36.74992
1385288906.25,-36.75917
1385289062.5,-36.75177
1385289218.75,-36.75525
1385289375.0,-36.75335
1385289531.25,-36.76895
1385289687.5,-36.76031
1385289843.75,-36.76371
1385290000.0,-36.75437
1385290156.25,-36.749
1385290312.5,-36.74443
1385290468.75,-36.74354
1385290625.0,-36.75129
1385290781.25,-36.75949
1385290937.5,-36.75154
1385291093.75,-36.75439
1385291250.0,-36.74378
1385291406.25,-36.75616
1385291562.5,-36.75465
1385291718.75,-36.74734
1385291875.0,-36.75175
1385292031.25,-36.75572
1385292187.5,-36.74541
1385292343.75,-36.75267
1385292500.0,-36.73771
1385292656.25,-36.72967
1385292812.5,-36.74449
1385292968.75,-36.74536
1385293125.0,-36.7421
1385293281.25,-36.74535
1385293437.5,-36.73806
1385293593.75,-36.73506
1385293750.0,-36.73438
1385293906.25,-36.73696
1385294062.5,-36.74281
1385294218.75,-36.73718
1385294375.0,-36.73398
1385294531.25,-36.74466
1385294687.5,-36.73745
1385294843.75,-36.72837
1385295000.0,-36.74687
1385295156.25,-36.72215
1385295312.5,-36.73416
1385295468.75,-36.73724
1385295625.0,-36.73199
1385295781.25,-36.73325
1385295937.5,-36.72881
1385296093.75,-36.73462
1385296250.0,-36.72833
1385296406.25,-36.72243
1385296562.5,-36.72368
1385296718.75,-36.72648
1385296875.0,-36.73565
1385297031.25,-36.72626
1385297187.5,-36.72372
1385297343.75,-36.72569
1385297500.0,-36.73208
1385297656.25,-36.72545
1385297812.5,-36.71507
1385297968.75,-36.73512
1385298125.0,-36.72124
1385298281.25,-36.71901
1385298437.5,-36.72598
1385298593.75,-36.72159
1385298750.0,-36.71804
1385298906.25,-36.71786
1385299062.5,-36.72352
1385299218.75,-36.71141
1385299375.0,-36.70935
1385299531.25,-36.7123
1385299687.5,-36.71871
1385299843.75,-36.71426
1385300000.0,-36.7234
1385300156.25,-36.71057
1385300312.5,-36.72005
1385300468.75,-36.70592
1385300625.0,-36.70235
1385300781.25,-36.71051
1385300937.5,-36.70689
1385301093.75,-36.70964
1385301250.0,-36.71547
1385301406.25,-36.71726
1385301562.5,-36.71292
1385301718.75,-36.71446
1385301875.0,-36.69572
1385302031.25,-36.70884
1385302187.5,-36.7083
1385302343.75,-36.70552
1385302500.0,-36.71264
1385302656.25,-36.70574
1385302812.5,-36.68882
1385302968.75,-36.70204
1385303125.0,-36.70263
1385303281.25,-36.70968
1385303437.5,-36.70722
1385303593.75,-36.70424
1385303750.0,-36.69432
1385303906.25,-36.71218
1385304062.5,-36.69479
1385304218.75,-36.69376
1385304375.0,-36.69883
1385304531.25,-36.69994
1385304687.5,-36.70364
1385304843.75,-36.70879
1385305000.0,-36.69511
1385305156.25,-36.69579
1385305312.5,-36.70693
1385305468.75,-36.69031
1385305625.0,-36.6773
1385305781.25,-36.69317
1385305937.5,-36.69739
1385306093.75,-36.69237
1385306250.0,-36.69025
1385306406.25,-36.68895
1385306562.5,-36.69507
1385306718.75,-36.69398
1385306875.0,-36.69543
1385307031.25,-36.68513
1385307187.5,-36.67611
1385307343.75,-36.69256
1385307500.0,-36.67818
1385307656.25,-36.68301
1385307812.5,-36.67856
1385307968.75,-36.67814
1385308125.0,-36.67923
1385308281.25,-36.67822
1385308437.5,-36.68205
1385308593.75,-36.68472
1385308750.0,-36.67587
1385308906.25,-36.68586
1385309062.5,-36.67974
1385309218.75,-36.67675
1385309375.0,-36.67122
1385309531.25,-36.68605
1385309687.5,-36.66773
1385309843.75,-36.67583
1385310000.0,-36.66712
1385310156.25,-36.66918
1385310312.5,-36.67687
1385310468.75,-36.66916
1385310625.0,-36.66321
1385310781.25,-36.68026
1385310937.5,-36.66815
1385311093.75,-36.67411
1385311250.0,-36.66756
1385311406.25,-36.66559
1385311562.5,-36.66804
1385311718.75,-36.66478
1385311875.0,-36.6684
1385312031.25,-36.66476
1385312187.5,-36.65682
1385312343.75,-36.65791
1385312500.0,-36.66617
1385312656.25,-36.66077
1385312812.5,-36.65788
1385312968.75,-36.67223
1385313125.0,-36.6544
1385313281.25,-36.66714
1385313437.5,-36.66289
1385313593.75,-36.65401
1385313750.0,-36.6638
1385313906.25,-36.66155
1385314062.5,-36.65247
1385314218.75,-36.66114
1385314375.0,-36.6655
1385314531.25,-36.65912
1385314687.5,-36.65095
1385314843.75,-36.65267
1385315000.0,-36.65466
1385315156.25,-36.66182
1385315312.5,-36.64748
1385315468.75,-36.65328
1385315625.0,-36.6545
1385315781.25,-36.65383
1385315937.5,-36.644
1385316093.75,-36.64903
1385316250.0,-36.64805
1385316406.25,-36.64717
1385316562.5,-36.65453
1385316718.75,-36.6543
1385316875.0,-36.65353
1385317031.25,-36.65629
1385317187.5,-36.64228
1385317343.75,-36.64132
1385317500.0,-36.64214
1385317656.25,-36.64515
1385317812.5,-36.64277
1385317968.75,-36.64849
1385318125.0,-36.65628
1385318281.25,-36.64505
1385318437.5,-36.64216
1385318593.75,-36.64105
1385318750.0,-36.63577
1385318906.25,-36.63635
1385319062.5,-36.64726
1385319218.75,-36.63281
1385319375.0,-36.63063
1385319531.25,-36.62964
1385319687.5,-36.64235
1385319843.75,-36.64853
1385320000.0,-36.63522
1385320156.25,-36.63485
1385320312.5,-36.63831
1385320468.75,-36.63889
1385320625.0,-36.6413
1385320781.25,-36.6301
1385320937.5,-36.6284
1385321093.75,-36.6368
1385321250.0,-36.62045
1385321406.25,-36.62452
1385321562.5,-36.63618
1385321718.75,-36.6362
1385321875.0,-36.61979
1385322031.25,-36.62151
1385322187.5,-36.62015
1385322343.75,-36.63007
1385322500.0,-36.63562
1385322656.25,-36.62167
1385322812.5,-36.63239
1385322968.75,-36.62857
1385323125.0,-36.63351
1385323281.25,-36.63513
1385323437.5,-36.62963
1385323593.75,-36.61495
1385323750.0,-36.60678
1385323906.25,-36.61853
1385324062.5,-36.62749
1385324218.75,-36.61447
1385324375.0,-36.60651
1385324531.25,-36.61972
1385324687.5,-36.61076
1385324843.75,-36.61347
1385325000.0,-36.60936
1385325156.25,-36.625
1385325312.5,-36.62596
1385325468.75,-36.60314
1385325625.0,-36.61338
1385325781.25,-36.62324
1385325937.5,-36.60402
1385326093.75,-36.62174
1385326250.0,-36.60753
1385326406.25,-36.60922
1385326562.5,-36.61709
1385326718.75,-36.61173
1385326875.0,-36.60095
1385327031.25,-36.60799
1385327187.5,-36.6205
1385327343.75,-36.59903
1385327500.0,-36.60164
1385327656.25,-36.59555
1385327812.5,-36.60843
1385327968.75,-36.60291
1385328125.0,-36.597
1385328281.25,-36.60686
1385328437.5,-36.61219
1385328593.75,-36.61193
1385328750.0,-36.60529
1385328906.25,-36.60743
1385329062.5,-36.61023
1385329218.75,-36.61026
1385329375.0,-36.60397
1385329531.25,-36.60301
1385329687.5,-36.60069
1385329843.75,-36.60648
1385330000.0,-36.59113
1385330156.25,-36.60566
1385330312.5,-36.59295
1385330468.75,-36.59211
1385330625.0,-36.60146
1385330781.25,-36.59478
1385330937.5,-36.5984
1385331093.75,-36.59425
1385331250.0,-36.59345
1385331406.25,-36.58563
1385331562.5,-36.60062
1385331718.75,-36.59159
1385331875.0,-36.59391
1385332031.25,-36.59707
1385332187.5,-36.59156
1385332343.75,-36.58569
1385332500.0,-36.58063
1385332656.25,-36.58044
1385332812.5,-36.5825
1385332968.75,-36.58365
1385333125.0,-36.58321
1385333281.25,-36.57592
1385333437.5,-36.57683
1385333593.75,-36.57911
1385333750.0,-36.57803
1385333906.25,-36.59071
1385334062.5,-36.58678
1385334218.75,-36.57814
1385334375.0,-36.58286
1385334531.25,-36.57578
1385334687.5,-36.57926
1385334843.75,-36.57989
1385335000.0,-36.5773
1385335156.25,-36.56905
1385335312.5,-36.58633
1385335468.75,-36.57205
1385335625.0,-36.57741
1385335781.25,-36.57076
1385335937.5,-36.5698
1385336093.75,-36.57799
1385336250.0,-36.58034
1385336406.25,-36.57741
1385336562.5,-36.57301
1385336718.75,-36.56772
1385336875.0,-36.56552
1385337031.25,-36.5589
1385337187.5,-36.56519
1385337343.75,-36.57788
1385337500.0,-36.56217
1385337656.25,-36.56866
1385337812.5,-36.56834
1385337968.75,-36.56099
1385338125.0,-36.56838
1385338281.25,-36.56272
1385338437.5,-36.56357
1385338593.75,-36.56305
1385338750.0,-36.55718
1385338906.25,-36.57312
1385339062.5,-36.55869
1385339218.75,-36.55873
1385339375.0,-36.56292
1385339531.25,-36.56738
1385339687.5,-36.55364
1385339843.75,-36.56787
1385340000.0,-36.56689
1385340156.25,-36.56419
1385340312.5,-36.56226
1385340468.75,-36.56253
1385340625.0,-36.55486
1385340781.25,-36.55054
1385340937.5,-36.5605
1385341093.75,-36.55344
1385341250.0,-36.5577
1385341406.25,-36.54367
1385341562.5,-36.55536
1385341718.75,-36.55125
1385341875.0,-36.54945
1385342031.25,-36.54898
1385342187.5,-36.55288
1385342343.75,-36.54606
1385342500.0,-36.54501
1385342656.25,-36.55449
1385342812.5,-36.54148
1385342968.75,-36.55253
1385343125.0,-36.55359
1385343281.25,-36.54949
1385343437.5,-36.5462
1385343593.75,-36.54672
1385343750.0,-36.54747
1385343906.25,-36.54002
1385344062.5,-36.53319
1385344218.75,-36.54178
1385344375.0,-36.54002
1385344531.25,-36.54108
1385344687.5,-36.52962
1385344843.75,-36.5378
1385345000.0,-36.52862
1385345156.25,-36.54214
1385345312.5,-36.54039
1385345468.75,-36.53826
1385345625.0,-36.52736
1385345781.25,-36.53179
1385345937.5,-36.54514
1385346093.75,-36.53104
1385346250.0,-36.53407
1385346406.25,-36.53289
1385346562.5,-36.53977
1385346718.75,-36.53413
1385346875.0,-36.53236
1385347031.25,-36.52378
1385347187.5,-36.54264
1385347343.75,-36.53301
1385347500.0,-36.52002
1385347656.25,-36.52562
1385347812.5,-36.52963
1385347968.75,-36.53616
1385348125.0,-36.52749
1385348281.25,-36.52592
1385348437.5,-36.52544
1385348593.75,-36.52584
1385348750.0,-36.53164
1385348906.25,-36.53442
1385349062.5,-36.53386
1385349218.75,-36.52634
1385349375.0,-36.53069
1385349531.25,-36.51767
1385349687.5,-36.51376
1385349843.75,-36.52817
1385350000.0,-36.52291
1385350156.25,-36.52129
1385350312.5,-36.51017
1385350468.75,-36.51212
1385350625.0,-36.51438
1385350781.25,-36.51368
1385350937.5,-36.51287
1385351093.75,-36.50613
1385351250.0,-36.50024
1385351406.25,-36.49768
1385351562.5,-36.50188
1385351718.75,-36.49881
1385351875.0,-36.51376
1385352031.25,-36.51216
1385352187.5,-36.50813
1385352343.75,-36.50319
1385352500.0,-36.49975
1385352656.25,-36.51303
1385352812.5,-36.50896
1385352968.75,-36.50991
1385353125.0,-36.49735
1385353281.25,-36.51093
1385353437.5,-36.50439
1385353593.75,-36.50096
1385353750.0,-36.49897
1385353906.25,-36.49857
1385354062.5,-36.49559
1385354218.75,-36.50167
1385354375.0,-36.50706
1385354531.25,-36.50352
1385354687.5,-36.49355
1385354843.75,-36.50521
1385355000.0,-36.49966
1385355156.25,-36.4952
1385355312.5,-36.49567
1385355468.75,-36.49309
1385355625.0,-36.49519
1385355781.25,-36.49907
1385355937.5,-36.49836
1385356093.75,-36.48226
1385356250.0,-36.49546
1385356406.25,-36.48894
1385356562.5,-36.48652
1385356718.75,-36.48736
1385356875.0,-36.48201
1385357031.25,-36.49132
1385357187.5,-36.4828
1385357343.75,-36.48645
1385357500.0,-36.49854
1385357656.25,-36.48677
1385357812.5,-36.49238
1385357968.75,-36.48231
1385358125.0,-36.48845
1385358281.25,-36.48505
1385358437.5,-36.48642
1385358593.75,-36.48483
1385358750.0,-36.47204
1385358906.25,-36.48949
1385359062.5,-36.48526
1385359218.75,-36.48547
1385359375.0,-36.47907
1385359531.25,-36.47597
1385359687.5,-36.4868
1385359843.75,-36.47583
1385360000.0,-36.47759
1385360156.25,-36.4848
1385360312.5,-36.47919
1385360468.75,-36.471
1385360625.0,-36.47869
1385360781.25,-36.48425
1385360937.5,-36.48543
1385361093.75,-36.46774
1385361250.0,-36.48492
1385361406.25,-36.47358
1385361562.5,-36.48445
1385361718.75,-36.47111
1385361875.0,-36.46719
1385362031.25,-36.46678
1385362187.5,-36.46808
1385362343.75,-36.4748
1385362500.0,-36.47026
1385362656.25,-36.47937
1385362812.5,-36.4574
1385362968.75,-36.46939
1385363125.0,-36.46149
1385363281.25,-36.46824
1385363437.5,-36.45789
1385363593.75,-36.47079
1385363750.0,-36.46365
1385363906.25,-36.46185
1385364062.5,-36.45551
1385364218.75,-36.45623
1385364375.0,-36.45662
1385364531.25,-36.47158
1385364687.5,-36.46522
1385364843.75,-36.46234
1385365000.0,-36.4583
1385365156.25,-36.45417
1385365312.5,-36.45181
1385365468.75,-36.45294
1385365625.0,-36.45927
1385365781.25,-36.45341
1385365937.5,-36.45739
1385366093.75,-36.44601
1385366250.0,-36.44975
1385366406.25,-36.45126
1385366562.5,-36.44322
1385366718.75,-36.4473
1385366875.0,-36.44271
1385367031.25,-36.45122
1385367187.5,-36.45677
1385367343.75,-36.44252
1385367500.0,-36.45145
1385367656.25,-36.45121
1385367812.5,-36.44294
1385367968.75,-36.44671
1385368125.0,-36.44577
1385368281.25,-36.4573
1385368437.5,-36.43471
1385368593.75,-36.44538
1385368750.0,-36.45182
1385368906.25,-36.44251
1385369062.5,-36.45193
1385369218.75,-36.44577
1385369375.0,-36.44334
1385369531.25,-36.43996
1385369687.5,-36.43933
1385369843.75,-36.4501
1385370000.0,-36.43723
1385370156.25,-36.43792
1385370312.5,-36.44083
1385370468.75,-36.43822
1385370625.0,-36.44129
1385370781.25,-36.43605
1385370937.5,-36.43311
1385371093.75,-36.42846
1385371250.0,-36.42924
1385371406.25,-36.43378
1385371562.5,-36.44107
1385371718.75,-36.45109
1385371875.0,-36.42767
1385372031.25,-36.43232
1385372187.5,-36.42226
1385372343.75,-36.42158
1385372500.0,-36.43616
1385372656.25,-36.4285
1385372812.5,-36.43015
1385372968.75,-36.43622
1385373125.0,-36.42311
1385373281.25,-36.42286
1385373437.5,-36.43182
1385373593.75,-36.43473
1385373750.0,-36.42754
1385373906.25,-36.42365
1385374062.5,-36.41921
1385374218.75,-36.42282
1385374375.0,-36.41084
1385374531.25,-36.42776
1385374687.5,-36.42199
1385374843.75,-36.40952
1385375000.0,-36.42186
1385375156.25,-36.41726
1385375312.5,-36.42423
1385375468.75,-36.42121
1385375625.0,-36.42726
1385375781.25,-36.41565
1385375937.5,-36.40834
1385376093.75,-36.41362
1385376250.0,-36.41074
1385376406.25,-36.40731
1385376562.5,-36.41897
1385376718.75,-36.41407
1385376875.0,-36.39942
1385377031.25,-36.41775
1385377187.5,-36.41329
1385377343.75,-36.40673
1385377500.0,-36.40798
1385377656.25,-36.40845
1385377812.5,-36.40557
1385377968.75,-36.40236
1385378125.0,-36.41259
1385378281.25,-36.4128
1385378437.5,-36.40684
1385378593.75,-36.40873
1385378750.0,-36.40591
1385378906.25,-36.40437
1385379062.5,-36.40285
1385379218.75,-36.39499
1385379375.0,-36.3994
1385379531.25,-36.40702
1385379687.5,-36.40624
1385379843.75,-36.39259
1385380000.0,-36.39336
1385380156.25,-36.39528
1385380312.5,-36.40005
1385380468.75,-36.3938
1385380625.0,-36.39531
1385380781.25,-36.39372
1385380937.5,-36.39564
1385381093.75,-36.40339
1385381250.0,-36.38728
1385381406.25,-36.39101
1385381562.5,-36.39196
1385381718.75,-36.39001
1385381875.0,-36.37759
1385382031.25,-36.3915
1385382187.5,-36.3924
1385382343.75,-36.3935
1385382500.0,-36.39759
1385382656.25,-36.38539
1385382812.5,-36.37932
1385382968.75,-36.38936
1385383125.0,-36.38428
1385383281.25,-36.38655
1385383437.5,-36.37326
1385383593.75,-36.38423
1385383750.0,-36.381
1385383906.25,-36.38012
1385384062.5,-36.37677
1385384218.75,-36.38072
1385384375.0,-36.38463
1385384531.25,-36.36956
1385384687.5,-36.39129
1385384843.75,-36.38751
1385385000.0,-36.37843
1385385156.25,-36.37189
1385385312.5,-36.38138
1385385468.75,-36.38821
1385385625.0,-36.37634
1385385781.25,-36.37685
1385385937.5,-36.37832
1385386093.75,-36.3743
1385386250.0,-36.37211
1385386406.25,-36.37591
1385386562.5,-36.38011
1385386718.75,-36.36877
1385386875.0,-36.37073
1385387031.25,-36.37045
1385387187.5,-36.37232
1385387343.75,-36.37264
1385387500.0,-36.37136
1385387656.25,-36.36639
1385387812.5,-36.36694
1385387968.75,-36.37552
1385388125.0,-36.37411
1385388281.25,-36.37186
1385388437.5,-36.37149
1385388593.75,-36.36868
1385388750.0,-36.35503
1385388906.25,-36.36541
1385389062.5,-36.37069
1385389218.75,-36.36277
1385389375.0,-36.35609
1385389531.25,-36.37091
1385389687.5,-36.36356
1385389843.75,-36.35495
1385390000.0,-36.37162
1385390156.25,-36.35159
1385390312.5,-36.35633
1385390468.75,-36.3576
1385390625.0,-36.3529
1385390781.25,-36.34175
1385390937.5,-36.35118
1385391093.75,-36.35798
1385391250.0,-36.35654
1385391406.25,-36.35793
1385391562.5,-36.35701
1385391718.75,-36.35899
1385391875.0,-36.35925
1385392031.25,-36.34769
1385392187.5,-36.3595
1385392343.75,-36.33775
1385392500.0,-36.34372
1385392656.25,-36.34261
1385392812.5,-36.34855
1385392968.75,-36.33583
1385393125.0,-36.34526
1385393281.25,-36.34172
1385393437.5,-36.34213
1385393593.75,-36.34797
1385393750.0,-36.33874
1385393906.25,-36.33453
1385394062.5,-36.33408
1385394218.75,-36.34476
1385394375.0,-36.34464
1385394531.25,-36.33607
1385394687.5,-36.34373
1385394843.75,-36.3362
1385395000.0,-36.3366
1385395156.25,-36.34652
1385395312.5,-36.34748
1385395468.75,-36.32711
1385395625.0,-36.33505
1385395781.25,-36.3363
1385395937.5,-36.3368
1385396093.75,-36.34205
1385396250.0,-36.32873
1385396406.25,-36.34002
1385396562.5,-36.33279
1385396718.75,-36.33173
1385396875.0,-36.32978
1385397031.25,-36.33122
1385397187.5,-36.32796
1385397343.75,-36.32282
1385397500.0,-36.32574
1385397656.25,-36.32704
1385397812.5,-36.3355
1385397968.75,-36.32478
1385398125.0,-36.33069
1385398281.25,-36.32275
1385398437.5,-36.31705
1385398593.75,-36.31407
1385398750.0,-36.32968
1385398906.25,-36.32141
1385399062.5,-36.31098
1385399218.75,-36.33154
1385399375.0,-36.33121
1385399531.25,-36.30995
1385399687.5,-36.31166
1385399843.75,-36.31175
1385400000.0,-36.3319
1385400156.25,-36.32618
1385400312.5,-36.31636
1385400468.75,-36.31012
1385400625.0,-36.31203
1385400781.25,-36.30992
1385400937.5,-36.31777
1385401093.75,-36.31099
1385401250.0,-36.31096
1385401406.25,-36.31737
1385401562.5,-36.30741
1385401718.75,-36.32034
1385401875.0,-36.31269
1385402031.25,-36.30763
1385402187.5,-36.31161
1385402343.75,-36.30625
1385402500.0,-36.31599
1385402656.25,-36.30243
1385402812.5,-36.31157
1385402968.75,-36.30505
1385403125.0,-36.30116
1385403281.25,-36.30207
1385403437.5,-36.30634
1385403593.75,-36.30603
1385403750.0,-36.2999
1385403906.25,-36.30289
1385404062.5,-36.29237
1385404218.75,-36.30329
1385404375.0,-36.29191
1385404531.25,-36.28765
1385404687.5,-36.29737
1385404843.75,-36.28705
1385405000.0,-36.31055
1385405156.25,-36.30141
1385405312.5,-36.29996
1385405468.75,-36.30261
1385405625.0,-36.3079
1385405781.25,-36.29349
1385405937.5,-36.29285
1385406093.75,-36.29862
1385406250.0,-36.29403
1385406406.25,-36.28485
1385406562.5,-36.30044
1385406718.75,-36.2873
1385406875.0,-36.29702
1385407031.25,-36.27821
1385407187.5,-36.28279
1385407343.75,-36.28428
1385407500.0,-36.28259
1385407656.25,-36.28988
1385407812.5,-36.29087
1385407968.75,-36.27853
1385408125.0,-36.28969
1385408281.25,-36.28475
1385408437.5,-36.28579
1385408593.75,-36.28207
1385408750.0,-36.27075
1385408906.25,-36.2696
1385409062.5,-36.27588
1385409218.75,-36.27875
1385409375.0,-36.28905
1385409531.25,-36.27798
1385409687.5,-36.26892
1385409843.75,-36.28013
1385410000.0,-36.27093
1385410156.25,-36.28088
1385410312.5,-36.27644
1385410468.75,-36.28057
1385410625.0,-36.27593
1385410781.25,-36.29297
1385410937.5,-36.27712
1385411093.75,-36.27593
1385411250.0,-36.27206
1385411406.25,-36.26751
1385411562.5,-36.27523
1385411718.75,-36.27271
1385411875.0,-36.26256
1385412031.25,-36.26797
1385412187.5,-36.2685
1385412343.75,-36.26419
1385412500.0,-36.28073
1385412656.25,-36.26426
1385412812.5,-36.26062
1385412968.75,-36.25983
1385413125.0,-36.26957
1385413281.25,-36.26235
1385413437.5,-36.27383
1385413593.75,-36.2613
1385413750.0,-36.26367
1385413906.25,-36.26196
1385414062.5,-36.27354
1385414218.75,-36.25807
1385414375.0,-36.24594
1385414531.25,-36.2644
1385414687.5,-36.25726
1385414843.75,-36.26475
1385415000.0,-36.26508
1385415156.25,-36.25932
1385415312.5,-36.26092
1385415468.75,-36.25728
1385415625.0,-36.25296
1385415781.25,-36.26859
1385415937.5,-36.25315
1385416093.75,-36.25767
1385416250.0,-36.24106
1385416406.25,-36.26757
1385416562.5,-36.24965
1385416718.75,-36.24899
1385416875.0,-36.24643
1385417031.25,-36.24036
1385417187.5,-36.24702
1385417343.75,-36.2478
1385417500.0,-36.25217
1385417656.25,-36.24903
1385417812.5,-36.25218
1385417968.75,-36.24351
1385418125.0,-36.23161
1385418281.25,-36.23922
1385418437.5,-36.24892
1385418593.75,-36.23516
1385418750.0,-36.2416
1385418906.25,-36.25102
1385419062.5,-36.23478
1385419218.75,-36.24542
1385419375.0,-36.24542
1385419531.25,-36.22946
1385419687.5,-36.2346
1385419843.75,-36.23649
1385420000.0,-36.23248
1385420156.25,-36.23671
1385420312.5,-36.23988
1385420468.75,-36.24003
1385420625.0,-36.22569
1385420781.25,-36.23858
1385420937.5,-36.22307
1385421093.75,-36.23218
1385421250.0,-36.23324
1385421406.25,-36.23226
1385421562.5,-36.22778
1385421718.75,-36.21266
1385421875.0,-36.23749
1385422031.25,-36.22617
1385422187.5,-36.21645
1385422343.75,-36.21804
1385422500.0,-36.22192
1385422656.25,-36.23598
1385422812.5,-36.22465
1385422968.75,-36.21551
1385423125.0,-36.20884
1385423281.25,-36.21942
1385423437.5,-36.22173
1385423593.75,-36.22489
1385423750.0,-36.21996
1385423906.25,-36.21752
1385424062.5,-36.218
1385424218.75,-36.2195
1385424375.0,-36.21694
1385424531.25,-36.22438
1385424687.5,-36.2145
1385424843.75,-36.21313
1385425000.0,-36.21951
1385425156.25,-36.19946
1385425312.5,-36.21053
1385425468.75,-36.21277
1385425625.0,-36.20885
1385425781.25,-36.20784
1385425937.5,-36.21585
1385426093.75,-36.214
1385426250.0,-36.20221
1385426406.25,-36.2135
1385426562.5,-36.21563
1385426718.75,-36.20401
1385426875.0,-36.20175
1385427031.25,-36.2061
1385427187.5,-36.19861
1385427343.75,-36.19944
1385427500.0,-36.2128
1385427656.25,-36.20453
1385427812.5,-36.20161
1385427968.75,-36.21373
1385428125.0,-36.19857
1385428281.25,-36.20568
1385428437.5,-36.20285
1385428593.75,-36.1856
1385428750.0,-36.19382
1385428906.25,-36.1987
1385429062.5,-36.2091
1385429218.75,-36.20207
1385429375.0,-36.19697
1385429531.25,-36.20054
1385429687.5,-36.18906
1385429843.75,-36.19715
1385430000.0,-36.20334
1385430156.25,-36.19751
1385430312.5,-36.18151
1385430468.75,-36.19283
1385430625.0,-36.18448
1385430781.25,-36.18905
1385430937.5,-36.19472
1385431093.75,-36.19309
1385431250.0,-36.19297
1385431406.25,-36.2014
1385431562.5,-36.1871
1385431718.75,-36.19641
1385431875.0,-36.19376
1385432031.25,-36.18639
1385432187.5,-36.19155
1385432343.75,-36.18803
1385432500.0,-36.1951
1385432656.25,-36.1843
1385432812.5,-36.18242
1385432968.75,-36.18645
1385433125.0,-36.18203
1385433281.25,-36.18001
1385433437.5,-36.17249
1385433593.75,-36.18408
1385433750.0,-36.18176
1385433906.25,-36.18669
1385434062.5,-36.17709
1385434218.75,-36.16822
1385434375.0,-36.18309
1385434531.25,-36.17739
1385434687.5,-36.16948
1385434843.75,-36.17405
1385435000.0,-36.1779
1385435156.25,-36.17452
1385435312.5,-36.17107
1385435468.75,-36.18102
1385435625.0,-36.17143
1385435781.25,-36.15514
1385435937.5,-36.1677
1385436093.75,-36.15525
1385436250.0,-36.17304
1385436406.25,-36.17587
1385436562.5,-36.17858
1385436718.75,-36.17472
1385436875.0,-36.1736
1385437031.25,-36.16417
1385437187.5,-36.16698
1385437343.75,-36.16101
1385437500.0,-36.16224
1385437656.25,-36.16717
1385437812.5,-36.16702
1385437968.75,-36.1693
1385438125.0,-36.16809
1385438281.25,-36.15822
1385438437.5,-36.16426
1385438593.75,-36.17649
1385438750.0,-36.16229
1385438906.25,-36.15665
1385439062.5,-36.15385
1385439218.75,-36.15865
1385439375.0,-36.14786
1385439531.25,-36.15582
1385439687.5,-36.15617
1385439843.75,-36.1702
1385440000.0,-36.16107
1385440156.25,-36.15199
1385440312.5,-36.15694
1385440468.75,-36.15232
1385440625.0,-36.16495
1385440781.25,-36.14319
1385440937.5,-36.16446
1385441093.75,-36.14434
1385441250.0,-36.14107
1385441406.25,-36.14077
1385441562.5,-36.13641
1385441718.75,-36.13009
1385441875.0,-36.14666
1385442031.25,-36.14293
1385442187.5,-36.14393
1385442343.75,-36.13643
1385442500.0,-36.1363
1385442656.25,-36.13977
1385442812.5,-36.15136
1385442968.75,-36.13514
1385443125.0,-36.14444
1385443281.25,-36.13118
1385443437.5,-36.13804
1385443593.75,-36.13611
1385443750.0,-36.13096
1385443906.25,-36.13422
1385444062.5,-36.13549
1385444218.75,-36.13528
1385444375.0,-36.13919
1385444531.25,-36.1521
1385444687.5,-36.1314
1385444843.75,-36.12888
1385445000.0,-36.13746
1385445156.25,-36.14328
1385445312.5,-36.13387
1385445468.75,-36.1347
1385445625.0,-36.13422
1385445781.25,-36.1421
1385445937.5,-36.14169
1385446093.75,-36.13158
1385446250.0,-36.13169
1385446406.25,-36.1373
1385446562.5,-36.12228
1385446718.75,-36.13017
1385446875.0,-36.12792
1385447031.25,-36.12149
1385447187.5,-36.13341
1385447343.75,-36.10831
1385447500.0,-36.12088
1385447656.25,-36.12206
1385447812.5,-36.10983
1385447968.75,-36.11906
1385448125.0,-36.13052
1385448281.25,-36.11874
1385448437.5,-36.12471
1385448593.75,-36.13189
1385448750.0,-36.11663
1385448906.25,-36.11807
1385449062.5,-36.12563
1385449218.75,-36.12093
1385449375.0,-36.11013
1385449531.25,-36.10893
1385449687.5,-36.11998
1385449843.75,-36.1059
1385450000.0,-36.11371
1385450156.25,-36.11445
1385450312.5,-36.11475
1385450468.75,-36.11301
1385450625.0,-36.1076
1385450781.25,-36.11792
1385450937.5,-36.11388
1385451093.75,-36.1045
1385451250.0,-36.10758
1385451406.25,-36.11641
1385451562.5,-36.1003
1385451718.75,-36.10611
1385451875.0,-36.10232
1385452031.25,-36.09453
1385452187.5,-36.11283
1385452343.75,-36.10934
1385452500.0,-36.09958
1385452656.25,-36.10226
1385452812.5,-36.10196
1385452968.75,-36.09635
1385453125.0,-36.09544
1385453281.25,-36.09089
1385453437.5,-36.10792
1385453593.75,-36.10654
1385453750.0,-36.08171
1385453906.25,-36.10183
1385454062.5,-36.10735
1385454218.75,-36.09488
1385454375.0,-36.0854
1385454531.25,-36.09517
1385454687.5,-36.08987
1385454843.75,-36.09328
1385455000.0,-36.09731
1385455156.25,-36.09704
1385455312.5,-36.08905
1385455468.75,-36.0952
1385455625.0,-36.08823
1385455781.25,-36.08285
1385455937.5,-36.08978
1385456093.75,-36.08053
1385456250.0,-36.07811
1385456406.25,-36.08677
1385456562.5,-36.09137
1385456718.75,-36.08839
1385456875.0,-36.08417
1385457031.25,-36.07928
1385457187.5,-36.08611
1385457343.75,-36.08047
1385457500.0,-36.07942
1385457656.25,-36.08088
1385457812.5,-36.07848
1385457968.75,-36.08094
1385458125.0,-36.08778
1385458281.25,-36.08071
1385458437.5,-36.07287
1385458593.75,-36.08293
1385458750.0,-36.07064
1385458906.25,-36.08228
1385459062.5,-36.08512
1385459218.75,-36.07584
1385459375.0,-36.07186
1385459531.25,-36.07139
1385459687.5,-36.07566
1385459843.75,-36.07539
1385460000.0,-36.06697
1385460156.25,-36.07433
1385460312.5,-36.06965
1385460468.75,-36.07349
1385460625.0,-36.06547
1385460781.25,-36.06348
1385460937.5,-36.07457
1385461093.75,-36.07393
1385461250.0,-36.07528
1385461406.25,-36.05928
1385461562.5,-36.07446
1385461718.75,-36.06992
1385461875.0,-36.05655
1385462031.25,-36.06065
1385462187.5,-36.05623
1385462343.75,-36.06289
1385462500.0,-36.06938
1385462656.25,-36.06234
1385462812.5,-36.05563
1385462968.75,-36.06581
1385463125.0,-36.06427
1385463281.25,-36.05021
1385463437.5,-36.06805
1385463593.75,-36.05032
1385463750.0,-36.06372
1385463906.25,-36.05782
1385464062.5,-36.05044
1385464218.75,-36.05564
1385464375.0,-36.05844
1385464531.25,-36.06118
1385464687.5,-36.05516
1385464843.75,-36.04694
1385465000.0,-36.04479
1385465156.25,-36.05135
1385465312.5,-36.04224
1385465468.75,-36.05308
1385465625.0,-36.05002
1385465781.25,-36.04786
1385465937.5,-36.04388
1385466093.75,-36.04034
1385466250.0,-36.04102
1385466406.25,-36.04545
1385466562.5,-36.03804
1385466718.75,-36.04378
1385466875.0,-36.04012
1385467031.25,-36.04018
1385467187.5,-36.04353
1385467343.75,-36.03552
1385467500.0,-36.03656
1385467656.25,-36.03827
1385467812.5,-36.03918
1385467968.75,-36.03871
1385468125.0,-36.02944
1385468281.25,-36.02982
1385468437.5,-36.0449
1385468593.75,-36.02787
1385468750.0,-36.03849
1385468906.25,-36.03036
1385469062.5,-36.03429
1385469218.75,-36.02702
1385469375.0,-36.02942
1385469531.25,-36.03315
1385469687.5,-36.02833
1385469843.75,-36.02074
1385470000.0,-36.02709
1385470156.25,-36.02276
1385470312.5,-36.0359
1385470468.75,-36.02818
1385470625.0,-36.02822
1385470781.25,-36.02094
1385470937.5,-36.02861
1385471093.75,-36.01944
1385471250.0,-36.02835
1385471406.25,-36.01938
1385471562.5,-36.01001
1385471718.75,-36.02594
1385471875.0,-36.02011
1385472031.25,-36.02374
1385472187.5,-36.01972
1385472343.75,-36.01804
1385472500.0,-36.03268
1385472656.25,-36.01397
1385472812.5,-36.02142
1385472968.75,-36.01575
1385473125.0,-36.008
1385473281.25,-36.00889
1385473437.5,-36.01511
1385473593.75,-36.01906
1385473750.0,-36.01431
1385473906.25,-36.01648
1385474062.5,-36.00958
1385474218.75,-36.01795
1385474375.0,-36.0039
1385474531.25,-36.00901
1385474687.5,-36.01859
1385474843.75,-36.00108
1385475000.0,-36.01132
1385475156.25,-36.01788
1385475312.5,-36.01185
1385475468.75,-36.00475
1385475625.0,-36.01262
1385475781.25,-36.00547
1385475937.5,-36.00395
1385476093.75,-35.99535
1385476250.0,-36.00036
1385476406.25,-36.01001
1385476562.5,-36.00013
1385476718.75,-36.00525
1385476875.0,-36.00059
1385477031.25,-35.99953
1385477187.5,-35.99141
1385477343.75,-35.99687
1385477500.0,-35.98481
1385477656.25,-36.00382
1385477812.5,-35.98954
1385477968.75,-35.99018
1385478125.0,-35.99406
1385478281.25,-36.00027
1385478437.5,-35.99006
1385478593.75,-35.98209
1385478750.0,-35.99546
1385478906.25,-35.99526
1385479062.5,-35.98307
1385479218.75,-35.99854
1385479375.0,-35.99053
1385479531.25,-35.99188
1385479687.5,-35.99083
1385479843.75,-35.99471
1385480000.0,-35.98232
1385480156.25,-35.98913
1385480312.5,-35.97623
1385480468.75,-35.98535
1385480625.0,-35.98531
1385480781.25,-35.98687
1385480937.5,-35.98348
1385481093.75,-35.98873
1385481250.0,-35.98283
1385481406.25,-35.98428
1385481562.5,-35.97644
1385481718.75,-35.97652
1385481875.0,-35.9754
1385482031.25,-35.9836
1385482187.5,-35.98331
1385482343.75,-35.9657
1385482500.0,-35.97789
1385482656.25,-35.97411
1385482812.5,-35.98011
1385482968.75,-35.98429
1385483125.0,-35.98495
1385483281.25,-35.97504
1385483437.5,-35.97453
1385483593.75,-35.98138
1385483750.0,-35.95513
1385483906.25,-35.97336
1385484062.5,-35.96556
1385484218.75,-35.96741
1385484375.0,-35.97755
1385484531.25,-35.96551
1385484687.5,-35.96241
1385484843.75,-35.96762
1385485000.0,-35.96008
1385485156.25,-35.96671
1385485312.5,-35.96525
1385485468.75,-35.95831
1385485625.0,-35.95939
1385485781.25,-35.95889
1385485937.5,-35.9624
1385486093.75,-35.9628
1385486250.0,-35.96165
1385486406.25,-35.95739
1385486562.5,-35.96307
1385486718.75,-35.9629
1385486875.0,-35.96767
1385487031.25,-35.94873
1385487187.5,-35.96132
1385487343.75,-35.96053
1385487500.0,-35.95671
1385487656.25,-35.95724
1385487812.5,-35.94971
1385487968.75,-35.95217
1385488125.0,-35.94048
1385488281.25,-35.94963
1385488437.5,-35.95107
1385488593.75,-35.95311
1385488750.0,-35.95361
1385488906.25,-35.95683
1385489062.5,-35.95051
1385489218.75,-35.94666
1385489375.0,-35.94899
1385489531.25,-35.94889
1385489687.5,-35.94311
1385489843.75,-35.94045
1385490000.0,-35.95002
1385490156.25,-35.95095
1385490312.5,-35.94143
1385490468.75,-35.94442
1385490625.0,-35.94185
1385490781.25,-35.94106
1385490937.5,-35.94395
1385491093.75,-35.93986
1385491250.0,-35.94321
1385491406.25,-35.94357
1385491562.5,-35.94495
1385491718.75,-35.94131
1385491875.0,-35.92844
1385492031.25,-35.93339
1385492187.5,-35.94719
1385492343.75,-35.93714
1385492500.0,-35.94059
1385492656.25,-35.93482
1385492812.5,-35.93706
1385492968.75,-35.92868
1385493125.0,-35.92645
1385493281.25,-35.938
1385493437.5,-35.9464
1385493593.75,-35.93274
1385493750.0,-35.93299
1385493906.25,-35.92755
1385494062.5,-35.92318
1385494218.75,-35.92946
1385494375.0,-35.93076
1385494531.25,-35.93334
1385494687.5,-35.92925
1385494843.75,-35.9335
1385495000.0,-35.92863
1385495156.25,-35.92396
1385495312.5,-35.91456
1385495468.75,-35.92421
1385495625.0,-35.9167
1385495781.25,-35.92031
1385495937.5,-35.91632
1385496093.75,-35.91927
1385496250.0,-35.92217
1385496406.25,-35.9137
1385496562.5,-35.91397
1385496718.75,-35.92348
1385496875.0,-35.90225
1385497031.25,-35.91312
1385497187.5,-35.91729
1385497343.75,-35.92377
1385497500.0,-35.91064
1385497656.25,-35.91335
1385497812.5,-35.90645
1385497968.75,-35.91576
1385498125.0,-35.91571
1385498281.25,-35.90128
1385498437.5,-35.90859
1385498593.75,-35.90819
1385498750.0,-35.91607
1385498906.25,-35.91083
1385499062.5,-35.90807
1385499218.75,-35.90586
1385499375.0,-35.90524
1385499531.25,-35.91053
1385499687.5,-35.90059
1385499843.75,-35.90437
1385500000.0,-35.89783
1385500156.25,-35.90059
1385500312.5,-35.90651
1385500468.75,-35.89754
1385500625.0,-35.89622
1385500781.25,-35.90357
1385500937.5,-35.89663
1385501093.75,-35.901
1385501250.0,-35.89744
1385501406.25,-35.90212
1385501562.5,-35.90318
1385501718.75,-35.90633
1385501875.0,-35.89283
1385502031.25,-35.89997
1385502187.5,-35.89404
1385502343.75,-35.89553
1385502500.0,-35.89746
1385502656.25,-35.88768
1385502812.5,-35.88775
1385502968.75,-35.892
1385503125.0,-35.89671
1385503281.25,-35.8932
1385503437.5,-35.87925
1385503593.75,-35.88781
1385503750.0,-35.88772
1385503906.25,-35.89049
1385504062.5,-35.8875
1385504218.75,-35.87841
1385504375.0,-35.88229
1385504531.25,-35.89465
1385504687.5,-35.88796
1385504843.75,-35.8863
1385505000.0,-35.87314
1385505156.25,-35.88327
1385505312.5,-35.87952
1385505468.75,-35.8808
1385505625.0,-35.87924
1385505781.25,-35.88478
1385505937.5,-35.88004
1385506093.75,-35.88491
1385506250.0,-35.87977
1385506406.25,-35.87523
1385506562.5,-35.88082
1385506718.75,-35.86946
1385506875.0,-35.87643
1385507031.25,-35.87674
1385507187.5,-35.87196
1385507343.75,-35.86875
1385507500.0,-35.86531
1385507656.25,-35.88004
1385507812.5,-35.87557
1385507968.75,-35.87188
1385508125.0,-35.86508
1385508281.25,-35.86702
1385508437.5,-35.87064
1385508593.75,-35.87367
1385508750.0,-35.8804
1385508906.25,-35.86718
1385509062.5,-35.86816
1385509218.75,-35.86963
1385509375.0,-35.85427
1385509531.25,-35.87372
1385509687.5,-35.87199
1385509843.75,-35.85276
1385510000.0,-35.85502
1385510156.25,-35.85583
1385510312.5,-35.85454
1385510468.75,-35.86545
1385510625.0,-35.86498
1385510781.25,-35.8549
1385510937.5,-35.86098
1385511093.75,-35.84883
1385511250.0,-35.84474
1385511406.25,-35.85546
1385511562.5,-35.84855
1385511718.75,-35.85092
1385511875.0,-35.84321
1385512031.25,-35.84685
1385512187.5,-35.85432
1385512343.75,-35.8609
1385512500.0,-35.85437
1385512656.25,-35.84829
1385512812.5,-35.85217
1385512968.75,-35.85454
1385513125.0,-35.83388
1385513281.25,-35.85214
1385513437.5,-35.84204
1385513593.75,-35.83259
1385513750.0,-35.83466
1385513906.25,-35.84232
1385514062.5,-35.83501
1385514218.75,-35.84263
1385514375.0,-35.85331
1385514531.25,-35.85283
1385514687.5,-35.84843
1385514843.75,-35.84266
1385515000.0,-35.84471
1385515156.25,-35.82719
1385515312.5,-35.8271
1385515468.75,-35.8335
1385515625.0,-35.83223
1385515781.25,-35.8399
1385515937.5,-35.82887
1385516093.75,-35.83287
1385516250.0,-35.82599
1385516406.25,-35.82735
1385516562.5,-35.82506
1385516718.75,-35.83434
1385516875.0,-35.82523
1385517031.25,-35.83112
1385517187.5,-35.83569
1385517343.75,-35.83084
1385517500.0,-35.82362
1385517656.25,-35.82685
1385517812.5,-35.83521
1385517968.75,-35.83047
1385518125.0,-35.82885
1385518281.25,-35.82159
1385518437.5,-35.8282
1385518593.75,-35.81188
1385518750.0,-35.82361
1385518906.25,-35.82685
1385519062.5,-35.82163
1385519218.75,-35.812
1385519375.0,-35.81804
1385519531.25,-35.81752
1385519687.5,-35.8262
1385519843.75,-35.82634
1385520000.0,-35.82415
1385520156.25,-35.82097
1385520312.5,-35.82918
1385520468.75,-35.8175
1385520625.0,-35.81129
1385520781.25,-35.81133
1385520937.5,-35.81059
1385521093.75,-35.81108
1385521250.0,-35.81433
1385521406.25,-35.80981
1385521562.5,-35.81071
1385521718.75,-35.81027
1385521875.0,-35.80761
1385522031.25,-35.81303
1385522187.5,-35.80548
1385522343.75,-35.80582
1385522500.0,-35.81171
1385522656.25,-35.80872
1385522812.5,-35.8004
1385522968.75,-35.80415
1385523125.0,-35.80338
1385523281.25,-35.80822
1385523437.5,-35.79071
1385523593.75,-35.81162
1385523750.0,-35.80863
1385523906.25,-35.8119
1385524062.5,-35.8062
1385524218.75,-35.79343
1385524375.0,-35.80275
1385524531.25,-35.78997
1385524687.5,-35.79494
1385524843.75,-35.8027
1385525000.0,-35.79567
1385525156.25,-35.79573
1385525312.5,-35.80224
1385525468.75,-35.80163
1385525625.0,-35.79853
1385525781.25,-35.79295
1385525937.5,-35.78448
1385526093.75,-35.78832
1385526250.0,-35.78292
1385526406.25,-35.7848
1385526562.5,-35.78373
1385526718.75,-35.79507
1385526875.0,-35.78903
1385527031.25,-35.77834
1385527187.5,-35.79051
1385527343.75,-35.79383
1385527500.0,-35.78663
1385527656.25,-35.78514
1385527812.5,-35.7861
1385527968.75,-35.77588
1385528125.0,-35.78431
1385528281.25,-35.77808
1385528437.5,-35.78065
1385528593.75,-35.77577
1385528750.0,-35.77726
1385528906.25,-35.77752
1385529062.5,-35.77713
1385529218.75,-35.78755
1385529375.0,-35.77972
1385529531.25,-35.78728
1385529687.5,-35.76864
1385529843.75,-35.78223
1385530000.0,-35.77447
1385530156.25,-35.77371
1385530312.5,-35.7737
1385530468.75,-35.76885
1385530625.0,-35.77998
1385530781.25,-35.77967
1385530937.5,-35.77414
1385531093.75,-35.77385
1385531250.0,-35.77058
1385531406.25,-35.76646
1385531562.5,-35.7712
1385531718.75,-35.76048
1385531875.0,-35.7784
1385532031.25,-35.76385
1385532187.5,-35.76272
1385532343.75,-35.7679
1385532500.0,-35.76654
1385532656.25,-35.75962
1385532812.5,-35.76504
1385532968.75,-35.7644
1385533125.0,-35.77341
1385533281.25,-35.77071
1385533437.5,-35.76369
1385533593.75,-35.76716
1385533750.0,-35.75323
1385533906.25,-35.75697
1385534062.5,-35.75518
1385534218.75,-35.75618
1385534375.0,-35.75828
1385534531.25,-35.75278
1385534687.5,-35.75624
1385534843.75,-35.75936
1385535000.0,-35.75576
1385535156.25,-35.75093
1385535312.5,-35.75042
1385535468.75,-35.75163
1385535625.0,-35.74371
1385535781.25,-35.75312
1385535937.5,-35.75092
1385536093.75,-35.73993
1385536250.0,-35.74248
1385536406.25,-35.74416
1385536562.5,-35.7445
1385536718.75,-35.74533
1385536875.0,-35.7453
1385537031.25,-35.74665
1385537187.5,-35.74924
1385537343.75,-35.75193
1385537500.0,-35.73642
1385537656.25,-35.73026
1385537812.5,-35.73433
1385537968.75,-35.74558
1385538125.0,-35.74622
1385538281.25,-35.7306
1385538437.5,-35.74779
1385538593.75,-35.74585
1385538750.0,-35.7273
1385538906.25,-35.74422
1385539062.5,-35.74383
1385539218.75,-35.72778
1385539375.0,-35.73689
1385539531.25,-35.7346
1385539687.5,-35.72091
1385539843.75,-35.72428
1385540000.0,-35.73386
1385540156.25,-35.7343
1385540312.5,-35.72362
1385540468.75,-35.73558
1385540625.0,-35.72741
1385540781.25,-35.73824
1385540937.5,-35.7233
1385541093.75,-35.73603
1385541250.0,-35.72802
1385541406.25,-35.71675
1385541562.5,-35.73528
1385541718.75,-35.72534
1385541875.0,-35.73116
1385542031.25,-35.7259
1385542187.5,-35.72811
1385542343.75,-35.71365
1385542500.0,-35.71743
1385542656.25,-35.7121
1385542812.5,-35.7134
1385542968.75,-35.72151
1385543125.0,-35.72597
1385543281.25,-35.72048
1385543437.5,-35.70445
1385543593.75,-35.70904
1385543750.0,-35.70658
1385543906.25,-35.71062
1385544062.5,-35.71338
1385544218.75,-35.70733
1385544375.0,-35.70815
1385544531.25,-35.71145
1385544687.5,-35.70635
1385544843.75,-35.70711
1385545000.0,-35.71385
1385545156.25,-35.71172
1385545312.5,-35.69648
1385545468.75,-35.71049
1385545625.0,-35.70679
1385545781.25,-35.70453
1385545937.5,-35.71265
1385546093.75,-35.71452
1385546250.0,-35.70429
1385546406.25,-35.69703
1385546562.5,-35.71278
1385546718.75,-35.71085
1385546875.0,-35.70437
1385547031.25,-35.69222
1385547187.5,-35.70189
1385547343.75,-35.68877
1385547500.0,-35.69789
1385547656.25,-35.70247
1385547812.5,-35.69091
1385547968.75,-35.69688
1385548125.0,-35.70161
1385548281.25,-35.69394
1385548437.5,-35.68337
1385548593.75,-35.69278
1385548750.0,-35.70798
1385548906.25,-35.69186
1385549062.5,-35.69287
1385549218.75,-35.69488
1385549375.0,-35.68939
1385549531.25,-35.69821
1385549687.5,-35.68834
1385549843.75,-35.69616
1385550000.0,-35.68739
1385550156.25,-35.68163
1385550312.5,-35.68681
1385550468.75,-35.68155
1385550625.0,-35.69361
1385550781.25,-35.69142
1385550937.5,-35.69127
1385551093.75,-35.68117
1385551250.0,-35.6711
1385551406.25,-35.683
1385551562.5,-35.67695
1385551718.75,-35.67744
1385551875.0,-35.6857
1385552031.25,-35.67952
1385552187.5,-35.67995
1385552343.75,-35.67264
1385552500.0,-35.68438
1385552656.25,-35.67935
1385552812.5,-35.6708
1385552968.75,-35.67944
1385553125.0,-35.67125
1385553281.25,-35.6697
1385553437.5,-35.67448
1385553593.75,-35.66583
1385553750.0,-35.6623
1385553906.25,-35.66736
1385554062.5,-35.67689
1385554218.75,-35.66872
1385554375.0,-35.6764
1385554531.25,-35.67304
1385554687.5,-35.66388
1385554843.75,-35.65829
1385555000.0,-35.66218
1385555156.25,-35.65898
1385555312.5,-35.6585
1385555468.75,-35.66396
1385555625.0,-35.65936
1385555781.25,-35.66031
1385555937.5,-35.66374
1385556093.75,-35.669
1385556250.0,-35.66002
1385556406.25,-35.67036
1385556562.5,-35.66059
1385556718.75,-35.66615
1385556875.0,-35.65928
1385557031.25,-35.66031
1385557187.5,-35.65978
1385557343.75,-35.65574
1385557500.0,-35.65205
1385557656.25,-35.64962
1385557812.5,-35.65294
1385557968.75,-35.64317
1385558125.0,-35.65459
1385558281.25,-35.65292
1385558437.5,-35.64944
1385558593.75,-35.64343
1385558750.0,-35.65609
1385558906.25,-35.65533
1385559062.5,-35.64777
1385559218.75,-35.64908
1385559375.0,-35.6451
1385559531.25,-35.63582
1385559687.5,-35.6407
1385559843.75,-35.63765
1385560000.0,-35.64695
1385560156.25,-35.6436
1385560312.5,-35.63632
1385560468.75,-35.64979
1385560625.0,-35.64104
1385560781.25,-35.63641
1385560937.5,-35.64553
1385561093.75,-35.641
1385561250.0,-35.63317
1385561406.25,-35.64796
1385561562.5,-35.6329
1385561718.75,-35.63847
1385561875.0,-35.63298
1385562031.25,-35.64349
1385562187.5,-35.62427
1385562343.75,-35.62775
1385562500.0,-35.63971
1385562656.25,-35.63064
1385562812.5,-35.63962
1385562968.75,-35.63182
1385563125.0,-35.6378
1385563281.25,-35.63734
1385563437.5,-35.62629
1385563593.75,-35.63011
1385563750.0,-35.61945
1385563906.25,-35.62313
1385564062.5,-35.62652
1385564218.75,-35.63282
1385564375.0,-35.62886
1385564531.25,-35.63329
1385564687.5,-35.61567
1385564843.75,-35.6281
1385565000.0,-35.61518
1385565156.25,-35.62193
1385565312.5,-35.62804
1385565468.75,-35.62732
1385565625.0,-35.62357
1385565781.25,-35.63055
1385565937.5,-35.62973
1385566093.75,-35.6138
1385566250.0,-35.62976
1385566406.25,-35.62026
1385566562.5,-35.61754
1385566718.75,-35.5984
1385566875.0,-35.62689
1385567031.25,-35.60911
1385567187.5,-35.61348
1385567343.75,-35.61231
1385567500.0,-35.60528
1385567656.25,-35.60277
1385567812.5,-35.60796
1385567968.75,-35.61329
1385568125.0,-35.61088
1385568281.25,-35.61092
1385568437.5,-35.60547
1385568593.75,-35.60356
1385568750.0,-35.60677
1385568906.25,-35.60411
1385569062.5,-35.60781
1385569218.75,-35.59855
1385569375.0,-35.59998
1385569531.25,-35.6101
1385569687.5,-35.60363
1385569843.75,-35.60316
1385570000.0,-35.60505
1385570156.25,-35.59441
1385570312.5,-35.60163
1385570468.75,-35.59599
1385570625.0,-35.59453
1385570781.25,-35.59098
1385570937.5,-35.59492
1385571093.75,-35.60092
1385571250.0,-35.58924
1385571406.25,-35.59619
1385571562.5,-35.60047
1385571718.75,-35.5999
1385571875.0,-35.58944
1385572031.25,-35.59425
1385572187.5,-35.58914
1385572343.75,-35.59142
1385572500.0,-35.59093
1385572656.25,-35.58297
1385572812.5,-35.59644
1385572968.75,-35.58298
1385573125.0,-35.59319
1385573281.25,-35.58266
1385573437.5,-35.59638
1385573593.75,-35.58087
1385573750.0,-35.59246
1385573906.25,-35.5883
1385574062.5,-35.58725
1385574218.75,-35.57582
1385574375.0,-35.59235
1385574531.25,-35.58843
1385574687.5,-35.58462
1385574843.75,-35.57147
1385575000.0,-35.58086
1385575156.25,-35.5787
1385575312.5,-35.58365
1385575468.75,-35.58086
1385575625.0,-35.58418
1385575781.25,-35.57168
1385575937.5,-35.57508
1385576093.75,-35.56835
1385576250.0,-35.57725
1385576406.25,-35.57225
1385576562.5,-35.5629
1385576718.75,-35.56733
1385576875.0,-35.57924
1385577031.25,-35.57157
1385577187.5,-35.56993
1385577343.75,-35.555
1385577500.0,-35.56987
1385577656.25,-35.56617
1385577812.5,-35.55799
1385577968.75,-35.56636
1385578125.0,-35.57182
1385578281.25,-35.56323
1385578437.5,-35.56149
1385578593.75,-35.56117
1385578750.0,-35.55629
1385578906.25,-35.56035
1385579062.5,-35.56512
1385579218.75,-35.56399
1385579375.0,-35.56601
1385579531.25,-35.55921
1385579687.5,-35.55609
1385579843.75,-35.5544
1385580000.0,-35.55384
1385580156.25,-35.54704
1385580312.5,-35.55322
1385580468.75,-35.55856
1385580625.0,-35.56492
1385580781.25,-35.54885
1385580937.5,-35.54605
1385581093.75,-35.55098
1385581250.0,-35.54636
1385581406.25,-35.55118
1385581562.5,-35.55874
1385581718.75,-35.55381
1385581875.0,-35.54787
1385582031.25,-35.5533
1385582187.5,-35.54301
1385582343.75,-35.54694
1385582500.0,-35.54166
1385582656.25,-35.54633
1385582812.5,-35.54102
1385582968.75,-35.53598
1385583125.0,-35.54029
1385583281.25,-35.54305
1385583437.5,-35.54393
1385583593.75,-35.54478
1385583750.0,-35.54637
1385583906.25,-35.5415
1385584062.5,-35.53204
1385584218.75,-35.53338
1385584375.0,-35.53656
1385584531.25,-35.537
1385584687.5,-35.53992
1385584843.75,-35.53313
1385585000.0,-35.5255
1385585156.25,-35.5225
1385585312.5,-35.53676
1385585468.75,-35.52943
1385585625.0,-35.51969
1385585781.25,-35.52969
1385585937.5,-35.52711
1385586093.75,-35.5332
1385586250.0,-35.53136
1385586406.25,-35.52838
1385586562.5,-35.5303
1385586718.75,-35.53623
1385586875.0,-35.53562
1385587031.25,-35.5261
1385587187.5,-35.52393
1385587343.75,-35.52675
1385587500.0,-35.52251
1385587656.25,-35.52101
1385587812.5,-35.51781
1385587968.75,-35.51418
1385588125.0,-35.51144
1385588281.25,-35.52569
1385588437.5,-35.51067
1385588593.75,-35.51705
1385588750.0,-35.51628
1385588906.25,-35.52998
1385589062.5,-35.51311
1385589218.75,-35.5101
1385589375.0,-35.51966
1385589531.25,-35.50675
1385589687.5,-35.51833
1385589843.75,-35.50603
1385590000.0,-35.50756
1385590156.25,-35.51658
1385590312.5,-35.50661
1385590468.75,-35.50739
1385590625.0,-35.51852
1385590781.25,-35.51377
1385590937.5,-35.50179
1385591093.75,-35.50328
1385591250.0,-35.51038
1385591406.25,-35.49816
1385591562.5,-35.51112
1385591718.75,-35.50503
1385591875.0,-35.50385
1385592031.25,-35.50771
1385592187.5,-35.50804
1385592343.75,-35.50513
1385592500.0,-35.49805
1385592656.25,-35.49668
1385592812.5,-35.49358
1385592968.75,-35.50075
1385593125.0,-35.50848
1385593281.25,-35.49799
1385593437.5,-35.50658
1385593593.75,-35.50397
1385593750.0,-35.49393
1385593906.25,-35.49845
1385594062.5,-35.49001
1385594218.75,-35.48738
1385594375.0,-35.48947
1385594531.25,-35.49371
1385594687.5,-35.48997
1385594843.75,-35.49202
1385595000.0,-35.48706
1385595156.25,-35.49184
1385595312.5,-35.49531
1385595468.75,-35.48359
1385595625.0,-35.48284
1385595781.25,-35.48738
1385595937.5,-35.48559
1385596093.75,-35.4898
1385596250.0,-35.48679
1385596406.25,-35.49258
1385596562.5,-35.48504
1385596718.75,-35.48797
1385596875.0,-35.48394
1385597031.25,-35.48933
1385597187.5,-35.47598
1385597343.75,-35.47374
1385597500.0,-35.4755
1385597656.25,-35.47523
1385597812.5,-35.47715
1385597968.75,-35.48739
1385598125.0,-35.47997
1385598281.25,-35.47002
1385598437.5,-35.47431
1385598593.75,-35.47356
1385598750.0,-35.48187
1385598906.25,-35.47263
1385599062.5,-35.46941
1385599218.75,-35.48464
1385599375.0,-35.46363
1385599531.25,-35.46849
1385599687.5,-35.47402
1385599843.75,-35.46653
1385600000.0,-35.47234
1385600156.25,-35.47441
1385600312.5,-35.46607
1385600468.75,-35.46211
1385600625.0,-35.4716
1385600781.25,-35.46453
1385600937.5,-35.47102
1385601093.75,-35.46571
1385601250.0,-35.45534
1385601406.25,-35.46606
1385601562.5,-35.47708
1385601718.75,-35.4496
1385601875.0,-35.45554
1385602031.25,-35.44871
1385602187.5,-35.45178
1385602343.75,-35.45205
1385602500.0,-35.44665
1385602656.25,-35.44898
1385602812.5,-35.45601
1385602968.75,-35.45998
1385603125.0,-35.45536
1385603281.25,-35.45565
1385603437.5,-35.4499
1385603593.75,-35.45441
1385603750.0,-35.44835
1385603906.25,-35.4552
1385604062.5,-35.44426
1385604218.75,-35.45338
1385604375.0,-35.44384
1385604531.25,-35.44313
1385604687.5,-35.44207
1385604843.75,-35.4453
1385605000.0,-35.44341
1385605156.25,-35.43741
1385605312.5,-35.447
1385605468.75,-35.44058
1385605625.0,-35.44393
1385605781.25,-35.44127
1385605937.5,-35.43989
1385606093.75,-35.44096
1385606250.0,-35.43597
1385606406.25,-35.44532
1385606562.5,-35.43065
1385606718.75,-35.43046
1385606875.0,-35.43059
1385607031.25,-35.4398
1385607187.5,-35.43977
1385607343.75,-35.43621
1385607500.0,-35.43976
1385607656.25,-35.44082
1385607812.5,-35.44341
1385607968.75,-35.43721
1385608125.0,-35.43967
1385608281.25,-35.43327
1385608437.5,-35.42347
1385608593.75,-35.43682
1385608750.0,-35.42169
1385608906.25,-35.44066
1385609062.5,-35.4284
1385609218.75,-35.42486
1385609375.0,-35.43134
1385609531.25,-35.42842
1385609687.5,-35.43593
1385609843.75,-35.43634
1385610000.0,-35.42674
1385610156.25,-35.41797
1385610312.5,-35.42348
1385610468.75,-35.42045
1385610625.0,-35.41422
1385610781.25,-35.41703
1385610937.5,-35.41192
1385611093.75,-35.41475
1385611250.0,-35.42409
1385611406.25,-35.41361
1385611562.5,-35.42232
1385611718.75,-35.42194
1385611875.0,-35.41333
1385612031.25,-35.41719
1385612187.5,-35.40978
1385612343.75,-35.4185
1385612500.0,-35.40647
1385612656.25,-35.40785
1385612812.5,-35.40867
1385612968.75,-35.41239
1385613125.0,-35.40769
1385613281.25,-35.40336
1385613437.5,-35.41147
1385613593.75,-35.40692
1385613750.0,-35.40228
1385613906.25,-35.41242
1385614062.5,-35.40669
1385614218.75,-35.41082
1385614375.0,-35.39597
1385614531.25,-35.39859
1385614687.5,-35.39375
1385614843.75,-35.40573
1385615000.0,-35.39911
1385615156.25,-35.4001
1385615312.5,-35.40697
1385615468.75,-35.39934
1385615625.0,-35.40173
1385615781.25,-35.38629
1385615937.5,-35.39326
1385616093.75,-35.39167
1385616250.0,-35.39898
1385616406.25,-35.38599
1385616562.5,-35.39536
1385616718.75,-35.39542
1385616875.0,-35.38696
1385617031.25,-35.38493
1385617187.5,-35.39209
1385617343.75,-35.38576
1385617500.0,-35.39769
1385617656.25,-35.38307
1385617812.5,-35.39226
1385617968.75,-35.38757
1385618125.0,-35.38127
1385618281.25,-35.38142
1385618437.5,-35.38351
1385618593.75,-35.38383
1385618750.0,-35.38416
1385618906.25,-35.38318
1385619062.5,-35.37328
1385619218.75,-35.37455
1385619375.0,-35.39455
1385619531.25,-35.37159
1385619687.5,-35.38335
1385619843.75,-35.38118
1385620000.0,-35.36905
1385620156.25,-35.3818
1385620312.5,-35.38218
1385620468.75,-35.3736
1385620625.0,-35.36515
1385620781.25,-35.37069
1385620937.5,-35.37641
1385621093.75,-35.37616
1385621250.0,-35.37696
1385621406.25,-35.37479
1385621562.5,-35.36731
1385621718.75,-35.37895
1385621875.0,-35.36977
1385622031.25,-35.37003
1385622187.5,-35.35751
1385622343.75,-35.37268
1385622500.0,-35.35427
1385622656.25,-35.36863
1385622812.5,-35.36377
1385622968.75,-35.36765
1385623125.0,-35.36982
1385623281.25,-35.36377
1385623437.5,-35.35339
1385623593.75,-35.36937
1385623750.0,-35.35953
1385623906.25,-35.36006
1385624062.5,-35.35889
1385624218.75,-35.37064
1385624375.0,-35.36079
1385624531.25,-35.34916
1385624687.5,-35.35355
1385624843.75,-35.35734
1385625000.0,-35.36251
1385625156.25,-35.36007
1385625312.5,-35.35021
1385625468.75,-35.35683
1385625625.0,-35.34479
1385625781.25,-35.36096
1385625937.5,-35.35765
1385626093.75,-35.34774
1385626250.0,-35.3457
1385626406.25,-35.35109
1385626562.5,-35.34335
1385626718.75,-35.35582
1385626875.0,-35.3437
1385627031.25,-35.33651
1385627187.5,-35.34658
1385627343.75,-35.35
1385627500.0,-35.34417
1385627656.25,-35.33677
1385627812.5,-35.34641
1385627968.75,-35.34322
1385628125.0,-35.33966
1385628281.25,-35.34825
1385628437.5,-35.33706
1385628593.75,-35.3437
1385628750.0,-35.33436
1385628906.25,-35.34211
1385629062.5,-35.33706
1385629218.75,-35.33719
1385629375.0,-35.32948
1385629531.25,-35.32877
1385629687.5,-35.33542
1385629843.75,-35.33027
1385630000.0,-35.3345
1385630156.25,-35.32531
1385630312.5,-35.32514
1385630468.75,-35.33225
1385630625.0,-35.31805
1385630781.25,-35.32767
1385630937.5,-35.32926
1385631093.75,-35.33607
1385631250.0,-35.33324
1385631406.25,-35.32355
1385631562.5,-35.33136
1385631718.75,-35.32322
1385631875.0,-35.31562
1385632031.25,-35.32297
1385632187.5,-35.32314
1385632343.75,-35.32239
1385632500.0,-35.33097
1385632656.25,-35.32293
1385632812.5,-35.31871
1385632968.75,-35.32227
1385633125.0,-35.31412
1385633281.25,-35.31449
1385633437.5,-35.32174
1385633593.75,-35.31509
1385633750.0,-35.32307
1385633906.25,-35.32033
1385634062.5,-35.31401
1385634218.75,-35.31214
1385634375.0,-35.31273
1385634531.25,-35.31777
1385634687.5,-35.31144
1385634843.75,-35.30277
1385635000.0,-35.30896
1385635156.25,-35.30489
1385635312.5,-35.30861
1385635468.75,-35.3065
1385635625.0,-35.30573
1385635781.25,-35.30783
1385635937.5,-35.29642
1385636093.75,-35.29623
1385636250.0,-35.30322
1385636406.25,-35.31175
1385636562.5,-35.30652
1385636718.75,-35.30432
1385636875.0,-35.29677
1385637031.25,-35.30281
1385637187.5,-35.313
1385637343.75,-35.30873
1385637500.0,-35.30825
1385637656.25,-35.30745
1385637812.5,-35.3078
1385637968.75,-35.30756
1385638125.0,-35.2931
1385638281.25,-35.29582
1385638437.5,-35.29849
1385638593.75,-35.29258
1385638750.0,-35.29017
1385638906.25,-35.28695
1385639062.5,-35.28342
1385639218.75,-35.28205
1385639375.0,-35.28972
1385639531.25,-35.28813
1385639687.5,-35.28706
1385639843.75,-35.27807
1385640000.0,-35.28216
1385640156.25,-35.28948
1385640312.5,-35.28302
1385640468.75,-35.27982
1385640625.0,-35.29268
1385640781.25,-35.28278
1385640937.5,-35.2868
1385641093.75,-35.28644
1385641250.0,-35.28568
1385641406.25,-35.28687
1385641562.5,-35.27843
1385641718.75,-35.27386
1385641875.0,-35.2781
1385642031.25,-35.28418
1385642187.5,-35.27895
1385642343.75,-35.2751
1385642500.0,-35.27515
1385642656.25,-35.27649
1385642812.5,-35.28125
1385642968.75,-35.2728
1385643125.0,-35.26851
1385643281.25,-35.26825
1385643437.5,-35.26441
1385643593.75,-35.26696
1385643750.0,-35.26767
1385643906.25,-35.26924
1385644062.5,-35.26835
1385644218.75,-35.27088
1385644375.0,-35.26725
1385644531.25,-35.26669
1385644687.5,-35.26379
1385644843.75,-35.26278
1385645000.0,-35.26844
1385645156.25,-35.26033
1385645312.5,-35.26826
1385645468.75,-35.26725
1385645625.0,-35.26026
1385645781.25,-35.25959
1385645937.5,-35.25587
1385646093.75,-35.25586
1385646250.0,-35.26336
1385646406.25,-35.26034
1385646562.5,-35.24959
1385646718.75,-35.26117
1385646875.0,-35.25421
1385647031.25,-35.25677
1385647187.5,-35.25928
1385647343.75,-35.25178
1385647500.0,-35.25419
1385647656.25,-35.2511
1385647812.5,-35.2452
1385647968.75,-35.24792
1385648125.0,-35.25115
1385648281.25,-35.24192
1385648437.5,-35.25715
1385648593.75,-35.24778
1385648750.0,-35.24767
1385648906.25,-35.24908
1385649062.5,-35.24646
1385649218.75,-35.24569
1385649375.0,-35.23698
1385649531.25,-35.24512
1385649687.5,-35.24112
1385649843.75,-35.23463
1385650000.0,-35.24147
1385650156.25,-35.23569
1385650312.5,-35.23918
1385650468.75,-35.24674
1385650625.0,-35.23857
1385650781.25,-35.23304
1385650937.5,-35.24013
1385651093.75,-35.23827
1385651250.0,-35.23157
1385651406.25,-35.23336
1385651562.5,-35.23487
1385651718.75,-35.24262
1385651875.0,-35.23288
1385652031.25,-35.23312
1385652187.5,-35.22738
1385652343.75,-35.2252
1385652500.0,-35.22836
1385652656.25,-35.22813
1385652812.5,-35.23131
1385652968.75,-35.22475
1385653125.0,-35.22736
1385653281.25,-35.22294
1385653437.5,-35.22309
1385653593.75,-35.22773
1385653750.0,-35.22134
1385653906.25,-35.2247
1385654062.5,-35.22731
1385654218.75,-35.22253
1385654375.0,-35.21915
1385654531.25,-35.22516
1385654687.5,-35.22029
1385654843.75,-35.21783
1385655000.0,-35.22261
1385655156.25,-35.21702
1385655312.5,-35.22056
1385655468.75,-35.20992
1385655625.0,-35.21459
1385655781.25,-35.21621
1385655937.5,-35.21229
1385656093.75,-35.20702
1385656250.0,-35.21691
1385656406.25,-35.21727
1385656562.5,-35.21674
1385656718.75,-35.20774
1385656875.0,-35.20636
1385657031.25,-35.21404
1385657187.5,-35.21693
1385657343.75,-35.2187
1385657500.0,-35.20517
1385657656.25,-35.20504
1385657812.5,-35.20839
1385657968.75,-35.21018
1385658125.0,-35.19881
1385658281.25,-35.20398
1385658437.5,-35.20568
1385658593.75,-35.19774
1385658750.0,-35.20092
1385658906.25,-35.2018
1385659062.5,-35.20015
1385659218.75,-35.20695
1385659375.0,-35.19748
1385659531.25,-35.19975
1385659687.5,-35.19025
1385659843.75,-35.19818
1385660000.0,-35.1937
1385660156.25,-35.20435
1385660312.5,-35.19127
1385660468.75,-35.19314
1385660625.0,-35.20037
1385660781.25,-35.19171
1385660937.5,-35.19163
1385661093.75,-35.18422
1385661250.0,-35.19127
1385661406.25,-35.18836
1385661562.5,-35.18194
1385661718.75,-35.18092
1385661875.0,-35.19359
1385662031.25,-35.18737
1385662187.5,-35.18313
1385662343.75,-35.18216
1385662500.0,-35.17854
1385662656.25,-35.18566
1385662812.5,-35.19495
1385662968.75,-35.17361
1385663125.0,-35.17519
1385663281.25,-35.17949
1385663437.5,-35.18069
1385663593.75,-35.16942
1385663750.0,-35.17865
1385663906.25,-35.17842
1385664062.5,-35.1855
1385664218.75,-35.17339
1385664375.0,-35.17683
1385664531.25,-35.17368
1385664687.5,-35.16901
1385664843.75,-35.17451
1385665000.0,-35.17095
1385665156.25,-35.18151
1385665312.5,-35.16371
1385665468.75,-35.17268
1385665625.0,-35.16506
1385665781.25,-35.17577
1385665937.5,-35.16879
1385666093.75,-35.1669
1385666250.0,-35.16683
1385666406.25,-35.16898
1385666562.5,-35.17054
1385666718.75,-35.16177
1385666875.0,-35.16026
1385667031.25,-35.16138
1385667187.5,-35.16169
1385667343.75,-35.15791
1385667500.0,-35.1548
1385667656.25,-35.15029
1385667812.5,-35.15531
1385667968.75,-35.15581
1385668125.0,-35.14404
1385668281.25,-35.16028
1385668437.5,-35.16293
1385668593.75,-35.16006
1385668750.0,-35.15306
1385668906.25,-35.14162
1385669062.5,-35.15315
1385669218.75,-35.15145
1385669375.0,-35.15386
1385669531.25,-35.14338
1385669687.5,-35.15216
1385669843.75,-35.15409
1385670000.0,-35.1451
1385670156.25,-35.15157
1385670312.5,-35.14098
1385670468.75,-35.15056
1385670625.0,-35.15225
1385670781.25,-35.16496
1385670937.5,-35.14967
1385671093.75,-35.14724
1385671250.0,-35.14735
1385671406.25,-35.14762
1385671562.5,-35.14585
1385671718.75,-35.13567
1385671875.0,-35.14359
1385672031.25,-35.13511
1385672187.5,-35.1396
1385672343.75,-35.14063
1385672500.0,-35.13388
1385672656.25,-35.14864
1385672812.5,-35.12635
1385672968.75,-35.1342
1385673125.0,-35.13793
1385673281.25,-35.12643
1385673437.5,-35.13711
1385673593.75,-35.13681
1385673750.0,-35.13096
1385673906.25,-35.12694
1385674062.5,-35.13411
1385674218.75,-35.1342
1385674375.0,-35.13724
1385674531.25,-35.13541
1385674687.5,-35.12531
1385674843.75,-35.13261
1385675000.0,-35.12609
1385675156.25,-35.12719
1385675312.5,-35.12323
1385675468.75,-35.11863
1385675625.0,-35.12431
1385675781.25,-35.11715
1385675937.5,-35.12296
1385676093.75,-35.13129
1385676250.0,-35.11628
1385676406.25,-35.12511
1385676562.5,-35.12019
1385676718.75,-35.12622
1385676875.0,-35.12717
1385677031.25,-35.1166
1385677187.5,-35.11074
1385677343.75,-35.12098
1385677500.0,-35.1076
1385677656.25,-35.11335
1385677812.5,-35.11045
1385677968.75,-35.10649
1385678125.0,-35.11134
1385678281.25,-35.11184
1385678437.5,-35.10601
1385678593.75,-35.11204
1385678750.0,-35.10285
1385678906.25,-35.09811
1385679062.5,-35.10693
1385679218.75,-35.1031
1385679375.0,-35.10023
1385679531.25,-35.11823
1385679687.5,-35.10831
1385679843.75,-35.11509
1385680000.0,-35.10218
1385680156.25,-35.09832
1385680312.5,-35.09872
1385680468.75,-35.09916
1385680625.0,-35.10484
1385680781.25,-35.10017
1385680937.5,-35.08953
1385681093.75,-35.09548
1385681250.0,-35.1032
1385681406.25,-35.10047
1385681562.5,-35.09069
1385681718.75,-35.09552
1385681875.0,-35.09604
1385682031.25,-35.08511
1385682187.5,-35.08853
1385682343.75,-35.09427
1385682500.0,-35.08881
1385682656.25,-35.09449
1385682812.5,-35.0876
1385682968.75,-35.08341
1385683125.0,-35.09116
1385683281.25,-35.08906
1385683437.5,-35.07811
1385683593.75,-35.09402
1385683750.0,-35.08293
1385683906.25,-35.08492
1385684062.5,-35.08604
1385684218.75,-35.09351
1385684375.0,-35.08525
1385684531.25,-35.08059
1385684687.5,-35.08189
1385684843.75,-35.07275
1385685000.0,-35.09118
1385685156.25,-35.08809
1385685312.5,-35.08317
1385685468.75,-35.07538
1385685625.0,-35.07187
1385685781.25,-35.07155
1385685937.5,-35.07243
1385686093.75,-35.07177
1385686250.0,-35.07617
1385686406.25,-35.08038
1385686562.5,-35.07401
1385686718.75,-35.06963
1385686875.0,-35.06875
1385687031.25,-35.0657
1385687187.5,-35.06572
1385687343.75,-35.06717
1385687500.0,-35.08334
1385687656.25,-35.05492
1385687812.5,-35.05971
1385687968.75,-35.06129
1385688125.0,-35.06872
1385688281.25,-35.06879
1385688437.5,-35.06658
1385688593.75,-35.05478
1385688750.0,-35.05964
1385688906.25,-35.05755
1385689062.5,-35.06015
1385689218.75,-35.06981
1385689375.0,-35.062
1385689531.25,-35.053
1385689687.5,-35.05885
1385689843.75,-35.06025
1385690000.0,-35.06256
1385690156.25,-35.06676
1385690312.5,-35.05629
1385690468.75,-35.05532
1385690625.0,-35.0587
1385690781.25,-35.06477
1385690937.5,-35.05561
1385691093.75,-35.0533
1385691250.0,-35.05719
1385691406.25,-35.04678
1385691562.5,-35.03813
1385691718.75,-35.05297
1385691875.0,-35.04902
1385692031.25,-35.0524
1385692187.5,-35.04667
1385692343.75,-35.03835
1385692500.0,-35.04699
1385692656.25,-35.0496
1385692812.5,-35.04529
1385692968.75,-35.03461
1385693125.0,-35.04166
1385693281.25,-35.03439
1385693437.5,-35.03418
1385693593.75,-35.0425
1385693750.0,-35.03392
1385693906.25,-35.03783
1385694062.5,-35.03782
1385694218.75,-35.03608
1385694375.0,-35.04498
1385694531.25,-35.04467
1385694687.5,-35.04331
1385694843.75,-35.03441
1385695000.0,-35.03311
1385695156.25,-35.02759
1385695312.5,-35.03574
1385695468.75,-35.02807
1385695625.0,-35.02781
1385695781.25,-35.03012
1385695937.5,-35.03625
1385696093.75,-35.03077
1385696250.0,-35.02321
1385696406.25,-35.02497
1385696562.5,-35.02726
1385696718.75,-35.01633
1385696875.0,-35.02295
1385697031.25,-35.02258
1385697187.5,-35.03287
1385697343.75,-35.02232
1385697500.0,-35.02695
1385697656.25,-35.02693
1385697812.5,-35.0234
1385697968.75,-35.01763
1385698125.0,-35.01443
1385698281.25,-35.01518
1385698437.5,-35.01446
1385698593.75,-35.01893
1385698750.0,-35.01543
1385698906.25,-35.02969
1385699062.5,-35.01768
1385699218.75,-35.00946
1385699375.0,-35.01092
1385699531.25,-35.00433
1385699687.5,-35.0092
1385699843.75,-35.0182
1385700000.0,-35.0085
1385700156.25,-35.00669
1385700312.5,-35.00544
1385700468.75,-35.00626
1385700625.0,-35.0022
1385700781.25,-35.00517
1385700937.5,-35.0074
1385701093.75,-35.00586
1385701250.0,-35.00483
1385701406.25,-35.00832
1385701562.5,-35.00036
1385701718.75,-34.99223
1385701875.0,-35.00207
1385702031.25,-35.00109
1385702187.5,-34.99702
1385702343.75,-34.99509
1385702500.0,-35.00068
1385702656.25,-35.00024
1385702812.5,-35.00083
1385702968.75,-34.99724
1385703125.0,-34.98822
1385703281.25,-34.9955
1385703437.5,-34.99036
1385703593.75,-35.00493
1385703750.0,-34.9912
1385703906.25,-34.98691
1385704062.5,-34.99158
1385704218.75,-34.98623
1385704375.0,-34.98585
1385704531.25,-34.99057
1385704687.5,-34.98389
1385704843.75,-34.98235
1385705000.0,-34.98822
1385705156.25,-34.99044
1385705312.5,-34.98618
1385705468.75,-34.97732
1385705625.0,-34.97799
1385705781.25,-34.97725
1385705937.5,-34.97713
1385706093.75,-34.97499
1385706250.0,-34.98081
1385706406.25,-34.97588
1385706562.5,-34.97747
1385706718.75,-34.97874
1385706875.0,-34.96543
1385707031.25,-34.98159
1385707187.5,-34.96934
1385707343.75,-34.98052
1385707500.0,-34.9752
1385707656.25,-34.96981
1385707812.5,-34.96582
1385707968.75,-34.97446
1385708125.0,-34.98028
1385708281.25,-34.97821
1385708437.5,-34.968
1385708593.75,-34.97027
1385708750.0,-34.97521
1385708906.25,-34.96791
1385709062.5,-34.96445
1385709218.75,-34.96925
1385709375.0,-34.96168
1385709531.25,-34.96242
1385709687.5,-34.97005
1385709843.75,-34.96412
1385710000.0,-34.96589
1385710156.25,-34.96091
1385710312.5,-34.95921
1385710468.75,-34.96246
1385710625.0,-34.95654
1385710781.25,-34.96161
1385710937.5,-34.96006
1385711093.75,-34.95178
1385711250.0,-34.96364
1385711406.25,-34.95774
1385711562.5,-34.9482
1385711718.75,-34.95473
1385711875.0,-34.94415
1385712031.25,-34.95263
1385712187.5,-34.95408
1385712343.75,-34.94906
1385712500.0,-34.94961
1385712656.25,-34.95217
1385712812.5,-34.94896
1385712968.75,-34.946
1385713125.0,-34.95683
1385713281.25,-34.94883
1385713437.5,-34.94392
1385713593.75,-34.93594
1385713750.0,-34.94708
1385713906.25,-34.94521
1385714062.5,-34.94038
1385714218.75,-34.93292
1385714375.0,-34.94083
1385714531.25,-34.9329
1385714687.5,-34.9464
1385714843.75,-34.93861
1385715000.0,-34.93962
1385715156.25,-34.9464
1385715312.5,-34.94263
1385715468.75,-34.92883
1385715625.0,-34.94881
1385715781.25,-34.93168
1385715937.5,-34.94082
1385716093.75,-34.93169
1385716250.0,-34.93242
1385716406.25,-34.92282
1385716562.5,-34.92825
1385716718.75,-34.9404
1385716875.0,-34.93751
1385717031.25,-34.92879
1385717187.5,-34.91444
1385717343.75,-34.93319
1385717500.0,-34.92796
1385717656.25,-34.92715
1385717812.5,-34.92369
1385717968.75,-34.92352
1385718125.0,-34.92284
1385718281.25,-34.92295
1385718437.5,-34.92957
1385718593.75,-34.92101
1385718750.0,-34.92697
1385718906.25,-34.92015
1385719062.5,-34.92889
1385719218.75,-34.93235
1385719375.0,-34.91699
1385719531.25,-34.91689
1385719687.5,-34.92253
1385719843.75,-34.91975
1385720000.0,-34.91249
1385720156.25,-34.9079
1385720312.5,-34.91752
1385720468.75,-34.91318
1385720625.0,-34.91606
1385720781.25,-34.91253
1385720937.5,-34.91814
1385721093.75,-34.90659
1385721250.0,-34.91119
1385721406.25,-34.90665
1385721562.5,-34.91354
1385721718.75,-34.9096
1385721875.0,-34.90423
1385722031.25,-34.90731
1385722187.5,-34.90313
1385722343.75,-34.89674
1385722500.0,-34.90243
1385722656.25,-34.90031
1385722812.5,-34.90958
1385722968.75,-34.90985
1385723125.0,-34.90585
1385723281.25,-34.89983
1385723437.5,-34.89547
1385723593.75,-34.89614
1385723750.0,-34.89689
1385723906.25,-34.90027
1385724062.5,-34.89647
1385724218.75,-34.89481
1385724375.0,-34.89208
1385724531.25,-34.89858
1385724687.5,-34.89106
1385724843.75,-34.88477
1385725000.0,-34.89134
1385725156.25,-34.8909
1385725312.5,-34.89662
1385725468.75,-34.89135
1385725625.0,-34.88392
1385725781.25,-34.88435
1385725937.5,-34.88671
1385726093.75,-34.88468
1385726250.0,-34.88324
1385726406.25,-34.87656
1385726562.5,-34.8826
1385726718.75,-34.87975
1385726875.0,-34.88067
1385727031.25,-34.87924
1385727187.5,-34.88222
1385727343.75,-34.87846
1385727500.0,-34.88016
1385727656.25,-34.87594
1385727812.5,-34.87001
1385727968.75,-34.87188
1385728125.0,-34.8763
1385728281.25,-34.8832
1385728437.5,-34.87001
1385728593.75,-34.885
1385728750.0,-34.86783
1385728906.25,-34.86856
1385729062.5,-34.87251
1385729218.75,-34.87069
1385729375.0,-34.87484
1385729531.25,-34.86808
1385729687.5,-34.8687
1385729843.75,-34.87313
1385730000.0,-34.8701
1385730156.25,-34.86515
1385730312.5,-34.86793
1385730468.75,-34.85997
1385730625.0,-34.86652
1385730781.25,-34.87058
1385730937.5,-34.86116
1385731093.75,-34.8591
1385731250.0,-34.85749
1385731406.25,-34.862
1385731562.5,-34.85578
1385731718.75,-34.86241
1385731875.0,-34.86487
1385732031.25,-34.8628
1385732187.5,-34.85792
1385732343.75,-34.85854
1385732500.0,-34.85735
1385732656.25,-34.86193
1385732812.5,-34.85544
1385732968.75,-34.85183
1385733125.0,-34.8518
1385733281.25,-34.85382
1385733437.5,-34.85471
1385733593.75,-34.85032
1385733750.0,-34.84934
1385733906.25,-34.84653
1385734062.5,-34.84477
1385734218.75,-34.8431
1385734375.0,-34.84814
1385734531.25,-34.85732
1385734687.5,-34.85415
1385734843.75,-34.84687
1385735000.0,-34.83627
1385735156.25,-34.85082
1385735312.5,-34.83777
1385735468.75,-34.84171
1385735625.0,-34.8386
1385735781.25,-34.84089
1385735937.5,-34.84089
1385736093.75,-34.83804
1385736250.0,-34.83215
1385736406.25,-34.84491
1385736562.5,-34.83881
1385736718.75,-34.82538
1385736875.0,-34.83399
1385737031.25,-34.833
1385737187.5,-34.83971
1385737343.75,-34.82997
1385737500.0,-34.82195
1385737656.25,-34.82874
1385737812.5,-34.82829
1385737968.75,-34.82985
1385738125.0,-34.82552
1385738281.25,-34.8236
1385738437.5,-34.83051
1385738593.75,-34.82592
1385738750.0,-34.82373
1385738906.25,-34.81427
1385739062.5,-34.82088
1385739218.75,-34.82971
1385739375.0,-34.81809
1385739531.25,-34.81739
1385739687.5,-34.81589
1385739843.75,-34.8281
1385740000.0,-34.82658
1385740156.25,-34.82964
1385740312.5,-34.82038
1385740468.75,-34.82401
1385740625.0,-34.81614
1385740781.25,-34.81353
1385740937.5,-34.81448
1385741093.75,-34.81258
1385741250.0,-34.81755
1385741406.25,-34.82174
1385741562.5,-34.8207
1385741718.75,-34.82043
1385741875.0,-34.80031
1385742031.25,-34.80825
1385742187.5,-34.80663
1385742343.75,-34.80927
1385742500.0,-34.80186
1385742656.25,-34.80806
1385742812.5,-34.81529
1385742968.75,-34.80566
1385743125.0,-34.80708
1385743281.25,-34.80745
1385743437.5,-34.80153
1385743593.75,-34.80685
1385743750.0,-34.79746
1385743906.25,-34.79071
1385744062.5,-34.79753
1385744218.75,-34.80065
1385744375.0,-34.79868
1385744531.25,-34.79766
1385744687.5,-34.7907
1385744843.75,-34.79512
1385745000.0,-34.78491
1385745156.25,-34.78783
1385745312.5,-34.79533
1385745468.75,-34.79321
1385745625.0,-34.79027
1385745781.25,-34.80309
1385745937.5,-34.79081
1385746093.75,-34.78895
1385746250.0,-34.78911
1385746406.25,-34.78521
1385746562.5,-34.78782
1385746718.75,-34.79013
1385746875.0,-34.78513
1385747031.25,-34.7875
1385747187.5,-34.77547
1385747343.75,-34.78427
1385747500.0,-34.78078
1385747656.25,-34.78097
1385747812.5,-34.78492
1385747968.75,-34.77949
1385748125.0,-34.78073
1385748281.25,-34.78202
1385748437.5,-34.78366
1385748593.75,-34.78508
1385748750.0,-34.78209
1385748906.25,-34.77411
1385749062.5,-34.7811
1385749218.75,-34.78471
1385749375.0,-34.77803
1385749531.25,-34.78061
1385749687.5,-34.77672
1385749843.75,-34.77692
1385750000.0,-34.76289
1385750156.25,-34.76188
1385750312.5,-34.76134
1385750468.75,-34.76168
1385750625.0,-34.76697
1385750781.25,-34.76543
1385750937.5,-34.7684
1385751093.75,-34.7729
1385751250.0,-34.75608
1385751406.25,-34.75539
1385751562.5,-34.77056
1385751718.75,-34.75994
1385751875.0,-34.76339
1385752031.25,-34.7579
1385752187.5,-34.7578
1385752343.75,-34.75825
1385752500.0,-34.76253
1385752656.25,-34.75999
1385752812.5,-34.76704
1385752968.75,-34.75364
1385753125.0,-34.75191
1385753281.25,-34.76078
1385753437.5,-34.74445
1385753593.75,-34.76012
1385753750.0,-34.74775
1385753906.25,-34.75405
1385754062.5,-34.75235
1385754218.75,-34.75351
1385754375.0,-34.75233
1385754531.25,-34.74072
1385754687.5,-34.75276
1385754843.75,-34.75291
1385755000.0,-34.75576
1385755156.25,-34.75364
1385755312.5,-34.74976
1385755468.75,-34.74733
1385755625.0,-34.74731
1385755781.25,-34.75697
1385755937.5,-34.7355
1385756093.75,-34.74902
1385756250.0,-34.74325
1385756406.25,-34.73876
1385756562.5,-34.73661
1385756718.75,-34.74269
1385756875.0,-34.72825
1385757031.25,-34.73803
1385757187.5,-34.74037
1385757343.75,-34.72436
1385757500.0,-34.73645
1385757656.25,-34.73914
1385757812.5,-34.73095
1385757968.75,-34.73125
1385758125.0,-34.7291
1385758281.25,-34.73538
1385758437.5,-34.72065
1385758593.75,-34.72919
1385758750.0,-34.72273
1385758906.25,-34.72794
1385759062.5,-34.72232
1385759218.75,-34.72252
1385759375.0,-34.72758
1385759531.25,-34.72919
1385759687.5,-34.73179
1385759843.75,-34.72751
1385760000.0,-34.71918
1385760156.25,-34.72907
1385760312.5,-34.72228
1385760468.75,-34.71883
1385760625.0,-34.71948
1385760781.25,-34.71939
1385760937.5,-34.71102
1385761093.75,-34.71162
1385761250.0,-34.72248
1385761406.25,-34.71808
1385761562.5,-34.71661
1385761718.75,-34.72177
1385761875.0,-34.71727
1385762031.25,-34.71654
1385762187.5,-34.70782
1385762343.75,-34.715
1385762500.0,-34.7095
1385762656.25,-34.70538
1385762812.5,-34.70678
1385762968.75,-34.71077
1385763125.0,-34.70965
1385763281.25,-34.70106
1385763437.5,-34.70555
1385763593.75,-34.70094
1385763750.0,-34.69877
1385763906.25,-34.71122
1385764062.5,-34.70141
1385764218.75,-34.70311
1385764375.0,-34.6967
1385764531.25,-34.70174
1385764687.5,-34.7081
1385764843.75,-34.70018
1385765000.0,-34.6885
1385765156.25,-34.69651
1385765312.5,-34.70572
1385765468.75,-34.69117
1385765625.0,-34.69333
1385765781.25,-34.68856
1385765937.5,-34.6991
1385766093.75,-34.69218
1385766250.0,-34.68222
1385766406.25,-34.68096
1385766562.5,-34.69301
1385766718.75,-34.68954
1385766875.0,-34.69632
1385767031.25,-34.6925
1385767187.5,-34.69151
1385767343.75,-34.68565
1385767500.0,-34.69162
1385767656.25,-34.69772
1385767812.5,-34.68604
1385767968.75,-34.67549
1385768125.0,-34.68956
1385768281.25,-34.68504
1385768437.5,-34.68853
1385768593.75,-34.68337
1385768750.0,-34.6786
1385768906.25,-34.68142
1385769062.5,-34.685
1385769218.75,-34.68448
1385769375.0,-34.66999
1385769531.25,-34.6694
1385769687.5,-34.67006
1385769843.75,-34.67095
1385770000.0,-34.67757
1385770156.25,-34.67551
1385770312.5,-34.67416
1385770468.75,-34.67445
1385770625.0,-34.67425
1385770781.25,-34.6745
1385770937.5,-34.6711
1385771093.75,-34.66702
1385771250.0,-34.65734
1385771406.25,-34.66096
1385771562.5,-34.66841
1385771718.75,-34.65615
1385771875.0,-34.6705
1385772031.25,-34.66283
1385772187.5,-34.66307
1385772343.75,-34.66031
1385772500.0,-34.65858
1385772656.25,-34.65826
1385772812.5,-34.66825
1385772968.75,-34.65381
1385773125.0,-34.66305
1385773281.25,-34.65826
1385773437.5,-34.6579
1385773593.75,-34.64864
1385773750.0,-34.6534
1385773906.25,-34.65416
1385774062.5,-34.65357
1385774218.75,-34.64977
1385774375.0,-34.65824
1385774531.25,-34.65334
1385774687.5,-34.6559
1385774843.75,-34.64807
1385775000.0,-34.65179
1385775156.25,-34.64831
1385775312.5,-34.64378
1385775468.75,-34.6498
1385775625.0,-34.64952
1385775781.25,-34.6466
1385775937.5,-34.64414
1385776093.75,-34.64708
1385776250.0,-34.64312
1385776406.25,-34.64449
1385776562.5,-34.6417
1385776718.75,-34.63867
1385776875.0,-34.65387
1385777031.25,-34.64006
1385777187.5,-34.63589
1385777343.75,-34.63434
1385777500.0,-34.63005
1385777656.25,-34.63593
1385777812.5,-34.62784
1385777968.75,-34.63888
1385778125.0,-34.64193
1385778281.25,-34.63589
1385778437.5,-34.63694
1385778593.75,-34.62914
1385778750.0,-34.62947
1385778906.25,-34.63603
1385779062.5,-34.64154
1385779218.75,-34.63895
1385779375.0,-34.62717
1385779531.25,-34.62066
1385779687.5,-34.62122
1385779843.75,-34.62037
1385780000.0,-34.63127
1385780156.25,-34.62515
1385780312.5,-34.63828
1385780468.75,-34.61956
1385780625.0,-34.61409
1385780781.25,-34.62667
1385780937.5,-34.61639
1385781093.75,-34.61654
1385781250.0,-34.61961
1385781406.25,-34.61352
1385781562.5,-34.62267
1385781718.75,-34.6144
1385781875.0,-34.61759
1385782031.25,-34.61176
1385782187.5,-34.61848
1385782343.75,-34.609
1385782500.0,-34.61823
1385782656.25,-34.61535
1385782812.5,-34.60916
1385782968.75,-34.61258
1385783125.0,-34.60962
1385783281.25,-34.61064
1385783437.5,-34.6106
1385783593.75,-34.60872
1385783750.0,-34.60689
1385783906.25,-34.60901
1385784062.5,-34.60618
1385784218.75,-34.60289
1385784375.0,-34.60505
1385784531.25,-34.59624
1385784687.5,-34.60537
1385784843.75,-34.61132
1385785000.0,-34.60104
1385785156.25,-34.59857
1385785312.5,-34.60361
1385785468.75,-34.59546
1385785625.0,-34.59595
1385785781.25,-34.60048
1385785937.5,-34.58932
1385786093.75,-34.59502
1385786250.0,-34.59841
1385786406.25,-34.58747
1385786562.5,-34.5922
1385786718.75,-34.59801
1385786875.0,-34.58567
1385787031.25,-34.59014
1385787187.5,-34.5934
1385787343.75,-34.58621
1385787500.0,-34.58842
1385787656.25,-34.5941
1385787812.5,-34.58569
1385787968.75,-34.58495
1385788125.0,-34.57752
1385788281.25,-34.57578
1385788437.5,-34.5816
1385788593.75,-34.58357
1385788750.0,-34.58
1385788906.25,-34.5859
1385789062.5,-34.58643
1385789218.75,-34.57836
1385789375.0,-34.58569
1385789531.25,-34.58039
1385789687.5,-34.5817
1385789843.75,-34.58478
1385790000.0,-34.58129
1385790156.25,-34.57658
1385790312.5,-34.57575
1385790468.75,-34.57975
1385790625.0,-34.57339
1385790781.25,-34.5827
1385790937.5,-34.56802
1385791093.75,-34.57515
1385791250.0,-34.5658
1385791406.25,-34.5767
1385791562.5,-34.57461
1385791718.75,-34.56492
1385791875.0,-34.5703
1385792031.25,-34.56262
1385792187.5,-34.55648
1385792343.75,-34.56585
1385792500.0,-34.56126
1385792656.25,-34.55348
1385792812.5,-34.56868
1385792968.75,-34.56215
1385793125.0,-34.57014
1385793281.25,-34.55932
1385793437.5,-34.55912
1385793593.75,-34.55474
1385793750.0,-34.55344
1385793906.25,-34.55974
1385794062.5,-34.54923
1385794218.75,-34.55409
1385794375.0,-34.55148
1385794531.25,-34.55612
1385794687.5,-34.54135
1385794843.75,-34.56086
1385795000.0,-34.54619
1385795156.25,-34.55698
1385795312.5,-34.54302
1385795468.75,-34.54564
1385795625.0,-34.55369
1385795781.25,-34.54093
1385795937.5,-34.53782
1385796093.75,-34.54992
1385796250.0,-34.54332
1385796406.25,-34.54304
1385796562.5,-34.5434
1385796718.75,-34.54116
1385796875.0,-34.54228
1385797031.25,-34.54429
1385797187.5,-34.54201
1385797343.75,-34.53251
1385797500.0,-34.5494
1385797656.25,-34.53731
1385797812.5,-34.54214
1385797968.75,-34.52916
1385798125.0,-34.53826
1385798281.25,-34.53109
1385798437.5,-34.53416
1385798593.75,-34.53699
1385798750.0,-34.53737
1385798906.25,-34.53623
1385799062.5,-34.5313
1385799218.75,-34.51996
1385799375.0,-34.5362
1385799531.25,-34.53111
1385799687.5,-34.53767
1385799843.75,-34.53277
1385800000.0,-34.52748
1385800156.25,-34.52794
1385800312.5,-34.5181
1385800468.75,-34.52186
1385800625.0,-34.51188
1385800781.25,-34.52681
1385800937.5,-34.52176
1385801093.75,-34.51939
1385801250.0,-34.52593
1385801406.25,-34.52655
1385801562.5,-34.5106
1385801718.75,-34.52161
1385801875.0,-34.51376
1385802031.25,-34.52047
1385802187.5,-34.52349
1385802343.75,-34.51477
1385802500.0,-34.51408
1385802656.25,-34.51357
1385802812.5,-34.50014
1385802968.75,-34.50923
1385803125.0,-34.51028
1385803281.25,-34.51273
1385803437.5,-34.50862
1385803593.75,-34.5145
1385803750.0,-34.50506
1385803906.25,-34.50941
1385804062.5,-34.50382
1385804218.75,-34.50327
1385804375.0,-34.50993
1385804531.25,-34.5024
1385804687.5,-34.49968
1385804843.75,-34.50226
1385805000.0,-34.49844
1385805156.25,-34.50026
1385805312.5,-34.5072
1385805468.75,-34.50071
1385805625.0,-34.49494
1385805781.25,-34.49799
1385805937.5,-34.50336
1385806093.75,-34.49409
1385806250.0,-34.49319
1385806406.25,-34.49373
1385806562.5,-34.49071
1385806718.75,-34.49564
1385806875.0,-34.49524
1385807031.25,-34.48987
1385807187.5,-34.49198
1385807343.75,-34.49398
1385807500.0,-34.49645
1385807656.25,-34.4906
1385807812.5,-34.48493
1385807968.75,-34.49216
1385808125.0,-34.48587
1385808281.25,-34.48665
1385808437.5,-34.47764
1385808593.75,-34.4846
1385808750.0,-34.48846
1385808906.25,-34.4768
1385809062.5,-34.48171
1385809218.75,-34.4797
1385809375.0,-34.48746
1385809531.25,-34.47952
1385809687.5,-34.47415
1385809843.75,-34.47698
1385810000.0,-34.47107
1385810156.25,-34.47911
1385810312.5,-34.47388
1385810468.75,-34.47912
1385810625.0,-34.47146
1385810781.25,-34.47651
1385810937.5,-34.46665
1385811093.75,-34.46382
1385811250.0,-34.46627
1385811406.25,-34.47364
1385811562.5,-34.47748
1385811718.75,-34.47345
1385811875.0,-34.47124
1385812031.25,-34.46523
1385812187.5,-34.47661
1385812343.75,-34.46759
1385812500.0,-34.4571
1385812656.25,-34.4711
1385812812.5,-34.47002
1385812968.75,-34.46161
1385813125.0,-34.47069
1385813281.25,-34.45268
1385813437.5,-34.45921
1385813593.75,-34.45923
1385813750.0,-34.46605
1385813906.25,-34.46039
1385814062.5,-34.45611
1385814218.75,-34.4655
1385814375.0,-34.45437
1385814531.25,-34.4572
1385814687.5,-34.4493
1385814843.75,-34.45198
1385815000.0,-34.45053
1385815156.25,-34.44689
1385815312.5,-34.45229
1385815468.75,-34.44303
1385815625.0,-34.44685
1385815781.25,-34.45187
1385815937.5,-34.4458
1385816093.75,-34.44624
1385816250.0,-34.4515
1385816406.25,-34.43966
1385816562.5,-34.44055
1385816718.75,-34.4402
1385816875.0,-34.44498
1385817031.25,-34.45382
1385817187.5,-34.44542
1385817343.75,-34.43968
1385817500.0,-34.43516
1385817656.25,-34.43554
1385817812.5,-34.43636
1385817968.75,-34.43531
1385818125.0,-34.43694
1385818281.25,-34.42921
1385818437.5,-34.43649
1385818593.75,-34.42618
1385818750.0,-34.43234
1385818906.25,-34.43434
1385819062.5,-34.43095
1385819218.75,-34.42788
1385819375.0,-34.43605
1385819531.25,-34.43601
1385819687.5,-34.42948
1385819843.75,-34.42758
1385820000.0,-34.42471
1385820156.25,-34.42352
1385820312.5,-34.42382
1385820468.75,-34.42311
1385820625.0,-34.43063
1385820781.25,-34.41413
1385820937.5,-34.42594
1385821093.75,-34.42422
1385821250.0,-34.42102
1385821406.25,-34.42253
1385821562.5,-34.41819
1385821718.75,-34.41808
1385821875.0,-34.41748
1385822031.25,-34.42543
1385822187.5,-34.41941
1385822343.75,-34.42172
1385822500.0,-34.4206
1385822656.25,-34.41957
1385822812.5,-34.41591
1385822968.75,-34.41261
1385823125.0,-34.41578
1385823281.25,-34.41151
1385823437.5,-34.41103
1385823593.75,-34.41298
1385823750.0,-34.4042
1385823906.25,-34.40186
1385824062.5,-34.40731
1385824218.75,-34.39829
1385824375.0,-34.40822
1385824531.25,-34.40451
1385824687.5,-34.40097
1385824843.75,-34.40179
1385825000.0,-34.40747
1385825156.25,-34.40092
1385825312.5,-34.39603
1385825468.75,-34.39711
1385825625.0,-34.40164
1385825781.25,-34.39654
1385825937.5,-34.40462
1385826093.75,-34.39596
1385826250.0,-34.39582
1385826406.25,-34.39536
1385826562.5,-34.38348
1385826718.75,-34.39124
1385826875.0,-34.40016
1385827031.25,-34.39425
1385827187.5,-34.38538
1385827343.75,-34.38804
1385827500.0,-34.38727
1385827656.25,-34.39065
1385827812.5,-34.38203
1385827968.75,-34.38822
1385828125.0,-34.38237
1385828281.25,-34.37996
1385828437.5,-34.38433
1385828593.75,-34.39201
1385828750.0,-34.38046
1385828906.25,-34.38802
1385829062.5,-34.37749
1385829218.75,-34.38181
1385829375.0,-34.37881
1385829531.25,-34.37711
1385829687.5,-34.38049
1385829843.75,-34.37442
1385830000.0,-34.37708
1385830156.25,-34.37391
1385830312.5,-34.3758
1385830468.75,-34.3726
1385830625.0,-34.38074
1385830781.25,-34.37608
1385830937.5,-34.373
1385831093.75,-34.37034
1385831250.0,-34.37634
1385831406.25,-34.37493
1385831562.5,-34.37108
1385831718.75,-34.36013
1385831875.0,-34.3645
1385832031.25,-34.37183
1385832187.5,-34.35952
1385832343.75,-34.3648
1385832500.0,-34.36288
1385832656.25,-34.36549
1385832812.5,-34.35507
1385832968.75,-34.36093
1385833125.0,-34.35558
1385833281.25,-34.36676
1385833437.5,-34.36018
1385833593.75,-34.36254
1385833750.0,-34.35714
1385833906.25,-34.35431
1385834062.5,-34.35228
1385834218.75,-34.35202
1385834375.0,-34.35975
1385834531.25,-34.35385
1385834687.5,-34.35485
1385834843.75,-34.35463
1385835000.0,-34.351
1385835156.25,-34.34329
1385835312.5,-34.35137
1385835468.75,-34.34465
1385835625.0,-34.33605
1385835781.25,-34.34365
1385835937.5,-34.34891
1385836093.75,-34.35021
1385836250.0,-34.34477
1385836406.25,-34.34817
1385836562.5,-34.34267
1385836718.75,-34.34082
1385836875.0,-34.33735
1385837031.25,-34.34307
1385837187.5,-34.34576
1385837343.75,-34.33919
1385837500.0,-34.33282
1385837656.25,-34.33835
1385837812.5,-34.33714
1385837968.75,-34.3303
1385838125.0,-34.33596
1385838281.25,-34.33157
1385838437.5,-34.33744
1385838593.75,-34.33464
1385838750.0,-34.3349
1385838906.25,-34.33882
1385839062.5,-34.33225
1385839218.75,-34.32381
1385839375.0,-34.3297
1385839531.25,-34.32744
1385839687.5,-34.3243
1385839843.75,-34.33
1385840000.0,-34.32477
1385840156.25,-34.32441
1385840312.5,-34.32613
1385840468.75,-34.32358
1385840625.0,-34.32722
1385840781.25,-34.32336
1385840937.5,-34.32729
1385841093.75,-34.32689
1385841250.0,-34.31597
1385841406.25,-34.32124
1385841562.5,-34.3211
1385841718.75,-34.31721
1385841875.0,-34.31301
1385842031.25,-34.31871
1385842187.5,-34.31304
1385842343.75,-34.30363
1385842500.0,-34.3185
1385842656.25,-34.31627
1385842812.5,-34.31664
1385842968.75,-34.30387
1385843125.0,-34.31165
1385843281.25,-34.3104
1385843437.5,-34.30842
1385843593.75,-34.29938
1385843750.0,-34.30766
1385843906.25,-34.30297
1385844062.5,-34.31014
1385844218.75,-34.29905
1385844375.0,-34.30002
1385844531.25,-34.30273
1385844687.5,-34.30001
1385844843.75,-34.29822
1385845000.0,-34.30076
1385845156.25,-34.30241
1385845312.5,-34.29718
1385845468.75,-34.30214
1385845625.0,-34.29967
1385845781.25,-34.29137
1385845937.5,-34.29574
1385846093.75,-34.29985
1385846250.0,-34.29934
1385846406.25,-34.29509
1385846562.5,-34.29642
1385846718.75,-34.29031
1385846875.0,-34.2897
1385847031.25,-34.27975
1385847187.5,-34.28698
1385847343.75,-34.2944
1385847500.0,-34.29099
1385847656.25,-34.2947
1385847812.5,-34.28412
1385847968.75,-34.2888
1385848125.0,-34.28825
1385848281.25,-34.2804
1385848437.5,-34.28872
1385848593.75,-34.2816
1385848750.0,-34.27192
1385848906.25,-34.28095
1385849062.5,-34.29103
1385849218.75,-34.27336
1385849375.0,-34.28395
1385849531.25,-34.2752
1385849687.5,-34.27849
1385849843.75,-34.27929
1385850000.0,-34.27578
1385850156.25,-34.27628
1385850312.5,-34.26393
1385850468.75,-34.26765
1385850625.0,-34.27692
1385850781.25,-34.26379
1385850937.5,-34.26323
1385851093.75,-34.2686
1385851250.0,-34.2721
1385851406.25,-34.26745
1385851562.5,-34.25742
1385851718.75,-34.26212
1385851875.0,-34.26876
1385852031.25,-34.26621
1385852187.5,-34.26121
1385852343.75,-34.25908
1385852500.0,-34.26326
1385852656.25,-34.25793
1385852812.5,-34.27123
1385852968.75,-34.26297
1385853125.0,-34.25617
1385853281.25,-34.25345
1385853437.5,-34.26003
1385853593.75,-34.25408
1385853750.0,-34.25528
1385853906.25,-34.25924
1385854062.5,-34.25175
1385854218.75,-34.25667
1385854375.0,-34.25422
1385854531.25,-34.24923
1385854687.5,-34.25354
1385854843.75,-34.25327
1385855000.0,-34.24025
1385855156.25,-34.24374
1385855312.5,-34.25078
1385855468.75,-34.25112
1385855625.0,-34.2426
1385855781.25,-34.24148
1385855937.5,-34.24605
1385856093.75,-34.2436
1385856250.0,-34.23603
1385856406.25,-34.25502
1385856562.5,-34.24443
1385856718.75,-34.24648
1385856875.0,-34.23643
1385857031.25,-34.22773
1385857187.5,-34.23605
1385857343.75,-34.24585
1385857500.0,-34.23153
1385857656.25,-34.23487
1385857812.5,-34.22914
1385857968.75,-34.23632
1385858125.0,-34.22656
1385858281.25,-34.22592
1385858437.5,-34.22407
1385858593.75,-34.23077
1385858750.0,-34.24067
1385858906.25,-34.23059
1385859062.5,-34.22925
1385859218.75,-34.22868
1385859375.0,-34.23922
1385859531.25,-34.22837
1385859687.5,-34.21936
1385859843.75,-34.22613
1385860000.0,-34.22657
1385860156.25,-34.21755
1385860312.5,-34.22248
1385860468.75,-34.22342
1385860625.0,-34.22395
1385860781.25,-34.22635
1385860937.5,-34.22003
1385861093.75,-34.22515
1385861250.0,-34.21151
1385861406.25,-34.2258
1385861562.5,-34.2241
1385861718.75,-34.21296
1385861875.0,-34.22071
1385862031.25,-34.21195
1385862187.5,-34.21206
1385862343.75,-34.22025
1385862500.0,-34.21591
1385862656.25,-34.21064
1385862812.5,-34.21416
1385862968.75,-34.20816
1385863125.0,-34.20351
1385863281.25,-34.19852
1385863437.5,-34.20155
1385863593.75,-34.20513
1385863750.0,-34.20566
1385863906.25,-34.20144
1385864062.5,-34.20878
1385864218.75,-34.19692
1385864375.0,-34.20873
1385864531.25,-34.19474
1385864687.5,-34.19767
1385864843.75,-34.19984
1385865000.0,-34.19797
1385865156.25,-34.19646
1385865312.5,-34.18948
1385865468.75,-34.19198
1385865625.0,-34.18425
1385865781.25,-34.19899
1385865937.5,-34.19431
1385866093.75,-34.19053
1385866250.0,-34.194
1385866406.25,-34.1853
1385866562.5,-34.18717
1385866718.75,-34.18283
1385866875.0,-34.18876
1385867031.25,-34.18921
1385867187.5,-34.18623
1385867343.75,-34.18463
1385867500.0,-34.17911
1385867656.25,-34.19391
1385867812.5,-34.18541
1385867968.75,-34.1882
1385868125.0,-34.1845
1385868281.25,-34.17323
1385868437.5,-34.17735
1385868593.75,-34.17933
1385868750.0,-34.18304
1385868906.25,-34.17904
1385869062.5,-34.17624
1385869218.75,-34.17705
1385869375.0,-34.18287
1385869531.25,-34.1739
1385869687.5,-34.1702
1385869843.75,-34.17144
1385870000.0,-34.17859
1385870156.25,-34.17522
1385870312.5,-34.16914
1385870468.75,-34.1742
1385870625.0,-34.15934
1385870781.25,-34.16858
1385870937.5,-34.16574
1385871093.75,-34.17175
1385871250.0,-34.16168
1385871406.25,-34.16454
1385871562.5,-34.16201
1385871718.75,-34.15839
1385871875.0,-34.15669
1385872031.25,-34.15992
1385872187.5,-34.1605
1385872343.75,-34.17304
1385872500.0,-34.15664
1385872656.25,-34.15901
1385872812.5,-34.1557
1385872968.75,-34.16498
1385873125.0,-34.16058
1385873281.25,-34.15473
1385873437.5,-34.1653
1385873593.75,-34.15884
1385873750.0,-34.14789
1385873906.25,-34.15725
1385874062.5,-34.15705
1385874218.75,-34.1579
1385874375.0,-34.15499
1385874531.25,-34.13589
1385874687.5,-34.14978
1385874843.75,-34.14233
1385875000.0,-34.14577
1385875156.25,-34.15346
1385875312.5,-34.13804
1385875468.75,-34.14237
1385875625.0,-34.14832
1385875781.25,-34.14612
1385875937.5,-34.13628
1385876093.75,-34.14391
1385876250.0,-34.13819
1385876406.25,-34.15183
1385876562.5,-34.14481
1385876718.75,-34.13001
1385876875.0,-34.1317
1385877031.25,-34.13327
1385877187.5,-34.13636
1385877343.75,-34.13274
1385877500.0,-34.13404
1385877656.25,-34.13553
1385877812.5,-34.14371
1385877968.75,-34.13102
1385878125.0,-34.13639
1385878281.25,-34.12294
1385878437.5,-34.12711
1385878593.75,-34.12323
1385878750.0,-34.1218
1385878906.25,-34.12519
1385879062.5,-34.12284
1385879218.75,-34.12489
1385879375.0,-34.12908
1385879531.25,-34.13169
1385879687.5,-34.13033
1385879843.75,-34.12627
1385880000.0,-34.13748
1385880156.25,-34.12255
1385880312.5,-34.12431
1385880468.75,-34.11328
1385880625.0,-34.11672
1385880781.25,-34.11212
1385880937.5,-34.11717
1385881093.75,-34.11989
1385881250.0,-34.11795
1385881406.25,-34.10323
1385881562.5,-34.1175
1385881718.75,-34.10915
1385881875.0,-34.11055
1385882031.25,-34.10525
1385882187.5,-34.10868
1385882343.75,-34.10432
1385882500.0,-34.11557
1385882656.25,-34.09824
1385882812.5,-34.10279
1385882968.75,-34.10478
1385883125.0,-34.10306
1385883281.25,-34.10592
1385883437.5,-34.10545
1385883593.75,-34.10109
1385883750.0,-34.10268
1385883906.25,-34.09034
1385884062.5,-34.0964
1385884218.75,-34.10323
1385884375.0,-34.09628
1385884531.25,-34.09587
1385884687.5,-34.10502
1385884843.75,-34.08518
1385885000.0,-34.09168
1385885156.25,-34.09341
1385885312.5,-34.09053
1385885468.75,-34.08714
1385885625.0,-34.09431
1385885781.25,-34.08594
1385885937.5,-34.08888
1385886093.75,-34.0931
1385886250.0,-34.09317
1385886406.25,-34.0926
1385886562.5,-34.07943
1385886718.75,-34.08591
1385886875.0,-34.08514
1385887031.25,-34.08987
1385887187.5,-34.07866
1385887343.75,-34.08853
1385887500.0,-34.08316
1385887656.25,-34.09008
1385887812.5,-34.07978
1385887968.75,-34.0813
1385888125.0,-34.07951
1385888281.25,-34.07431
1385888437.5,-34.07267
1385888593.75,-34.07216
1385888750.0,-34.08104
1385888906.25,-34.07503
1385889062.5,-34.08099
1385889218.75,-34.0736
1385889375.0,-34.08037
1385889531.25,-34.07271
1385889687.5,-34.0614
1385889843.75,-34.07131
1385890000.0,-34.06938
1385890156.25,-34.06758
1385890312.5,-34.06849
1385890468.75,-34.07339
1385890625.0,-34.06338
1385890781.25,-34.05144
1385890937.5,-34.06189
1385891093.75,-34.07029
1385891250.0,-34.0651
1385891406.25,-34.06953
1385891562.5,-34.06366
1385891718.75,-34.069
1385891875.0,-34.0616
1385892031.25,-34.06195
1385892187.5,-34.05564
1385892343.75,-34.06193
1385892500.0,-34.06056
1385892656.25,-34.05698
1385892812.5,-34.04694
1385892968.75,-34.04784
1385893125.0,-34.04822
1385893281.25,-34.05326
1385893437.5,-34.05387
1385893593.75,-34.04657
1385893750.0,-34.04733
1385893906.25,-34.05526
1385894062.5,-34.03731
1385894218.75,-34.04958
1385894375.0,-34.04594
1385894531.25,-34.04713
1385894687.5,-34.03675
1385894843.75,-34.04351
1385895000.0,-34.03996
1385895156.25,-34.04355
1385895312.5,-34.03955
1385895468.75,-34.04288
1385895625.0,-34.0397
1385895781.25,-34.04691
1385895937.5,-34.04161
1385896093.75,-34.04605
1385896250.0,-34.03856
1385896406.25,-34.03952
1385896562.5,-34.0309
1385896718.75,-34.03999
1385896875.0,-34.03239
1385897031.25,-34.03461
1385897187.5,-34.02997
1385897343.75,-34.03692
1385897500.0,-34.03161
1385897656.25,-34.03011
1385897812.5,-34.02083
1385897968.75,-34.02483
1385898125.0,-34.03618
1385898281.25,-34.01172
1385898437.5,-34.02532
1385898593.75,-34.02731
1385898750.0,-34.03106
1385898906.25,-34.02132
1385899062.5,-34.0205
1385899218.75,-34.01865
1385899375.0,-34.0234
1385899531.25,-34.01874
1385899687.5,-34.022
1385899843.75,-34.01467
1385900000.0,-34.01622
1385900156.25,-34.02214
1385900312.5,-34.02171
1385900468.75,-34.01577
1385900625.0,-34.0127
1385900781.25,-34.00926
1385900937.5,-34.02471
1385901093.75,-34.01827
1385901250.0,-34.01686
1385901406.25,-34.00565
1385901562.5,-34.01382
1385901718.75,-34.00721
1385901875.0,-34.00854
1385902031.25,-34.00417
1385902187.5,-34.00467
1385902343.75,-34.00548
1385902500.0,-34.00452
1385902656.25,-34.00203
1385902812.5,-34.0023
1385902968.75,-33.99762
1385903125.0,-33.99562
1385903281.25,-34.00504
1385903437.5,-33.99197
1385903593.75,-33.99866
1385903750.0,-33.99491
1385903906.25,-33.99344
1385904062.5,-33.99244
1385904218.75,-33.98823
1385904375.0,-33.99334
1385904531.25,-33.98877
1385904687.5,-33.99287
1385904843.75,-33.99428
1385905000.0,-33.98859
1385905156.25,-33.98858
1385905312.5,-33.98686
1385905468.75,-33.98149
1385905625.0,-33.98168
1385905781.25,-33.98578
1385905937.5,-33.98586
1385906093.75,-33.98824
1385906250.0,-33.98367
1385906406.25,-33.97858
1385906562.5,-33.97793
1385906718.75,-33.97834
1385906875.0,-33.97324
1385907031.25,-33.98152
1385907187.5,-33.9761
1385907343.75,-33.97486
1385907500.0,-33.98506
1385907656.25,-33.97791
1385907812.5,-33.98011
1385907968.75,-33.96951
1385908125.0,-33.96978
1385908281.25,-33.96737
1385908437.5,-33.97923
1385908593.75,-33.96215
1385908750.0,-33.9763
1385908906.25,-33.97035
1385909062.5,-33.96946
1385909218.75,-33.96735
1385909375.0,-33.95848
1385909531.25,-33.96722
1385909687.5,-33.96291
1385909843.75,-33.96477
1385910000.0,-33.95604
1385910156.25,-33.95263
1385910312.5,-33.96788
1385910468.75,-33.96583
1385910625.0,-33.96409
1385910781.25,-33.95729
1385910937.5,-33.94976
1385911093.75,-33.95154
1385911250.0,-33.95718
1385911406.25,-33.95197
1385911562.5,-33.96215
1385911718.75,-33.95375
1385911875.0,-33.9478
1385912031.25,-33.94847
1385912187.5,-33.95203
1385912343.75,-33.94902
1385912500.0,-33.95024
1385912656.25,-33.9501
1385912812.5,-33.94239
1385912968.75,-33.94947
1385913125.0,-33.94446
1385913281.25,-33.937
1385913437.5,-33.94295
1385913593.75,-33.947
1385913750.0,-33.94037
1385913906.25,-33.94044
1385914062.5,-33.94142
1385914218.75,-33.93505
1385914375.0,-33.94336
1385914531.25,-33.94498
1385914687.5,-33.93904
1385914843.75,-33.9411
1385915000.0,-33.93721
1385915156.25,-33.92868
1385915312.5,-33.9463
1385915468.75,-33.9335
1385915625.0,-33.93291
1385915781.25,-33.93956
1385915937.5,-33.93676
1385916093.75,-33.92724
1385916250.0,-33.9367
1385916406.25,-33.93047
1385916562.5,-33.94064
1385916718.75,-33.92591
1385916875.0,-33.92089
1385917031.25,-33.92659
1385917187.5,-33.91766
1385917343.75,-33.92253
1385917500.0,-33.92055
1385917656.25,-33.91639
1385917812.5,-33.92521
1385917968.75,-33.91443
1385918125.0,-33.91485
1385918281.25,-33.91922
1385918437.5,-33.92188
1385918593.75,-33.9235
1385918750.0,-33.92643
1385918906.25,-33.91774
1385919062.5,-33.91468
1385919218.75,-33.92005
1385919375.0,-33.9128
1385919531.25,-33.91117
1385919687.5,-33.91439
1385919843.75,-33.90487
1385920000.0,-33.90954
1385920156.25,-33.90562
1385920312.5,-33.90506
1385920468.75,-33.91569
1385920625.0,-33.90603
1385920781.25,-33.90923
1385920937.5,-33.90551
1385921093.75,-33.90746
1385921250.0,-33.89555
1385921406.25,-33.90737
1385921562.5,-33.8953
1385921718.75,-33.90397
1385921875.0,-33.89872
1385922031.25,-33.90211
1385922187.5,-33.89638
1385922343.75,-33.89467
1385922500.0,-33.89556
1385922656.25,-33.89779
1385922812.5,-33.8909
1385922968.75,-33.8932
1385923125.0,-33.89744
1385923281.25,-33.89809
1385923437.5,-33.89219
1385923593.75,-33.89598
1385923750.0,-33.8861
1385923906.25,-33.88607
1385924062.5,-33.89245
1385924218.75,-33.88578
1385924375.0,-33.8919
1385924531.25,-33.88001
1385924687.5,-33.88451
1385924843.75,-33.88303
1385925000.0,-33.88596
1385925156.25,-33.88274
1385925312.5,-33.8767
1385925468.75,-33.88087
1385925625.0,-33.87502
1385925781.25,-33.87754
1385925937.5,-33.86547
1385926093.75,-33.87953
1385926250.0,-33.88345
1385926406.25,-33.87988
1385926562.5,-33.86927
1385926718.75,-33.87731
1385926875.0,-33.86275
1385927031.25,-33.87584
1385927187.5,-33.87308
1385927343.75,-33.87525
1385927500.0,-33.86536
1385927656.25,-33.86913
1385927812.5,-33.86935
1385927968.75,-33.86124
1385928125.0,-33.86369
1385928281.25,-33.85749
1385928437.5,-33.86335
1385928593.75,-33.86428
1385928750.0,-33.8625
1385928906.25,-33.85744
1385929062.5,-33.85624
1385929218.75,-33.87351
1385929375.0,-33.86824
1385929531.25,-33.85467
1385929687.5,-33.85337
1385929843.75,-33.86188
1385930000.0,-33.86277
1385930156.25,-33.84789
1385930312.5,-33.85674
1385930468.75,-33.85658
1385930625.0,-33.85912
1385930781.25,-33.86137
1385930937.5,-33.84624
1385931093.75,-33.85206
1385931250.0,-33.84705
1385931406.25,-33.85228
1385931562.5,-33.85238
1385931718.75,-33.84813
1385931875.0,-33.8571
1385932031.25,-33.84993
1385932187.5,-33.85347
1385932343.75,-33.85254
1385932500.0,-33.8376
1385932656.25,-33.84528
1385932812.5,-33.83242
1385932968.75,-33.83839
1385933125.0,-33.84383
1385933281.25,-33.84287
1385933437.5,-33.84015
1385933593.75,-33.83599
1385933750.0,-33.83157
1385933906.25,-33.83477
1385934062.5,-33.83894
1385934218.75,-33.83397
1385934375.0,-33.83885
1385934531.25,-33.83147
1385934687.5,-33.83294
1385934843.75,-33.82423
1385935000.0,-33.82984
1385935156.25,-33.83117
1385935312.5,-33.82652
1385935468.75,-33.82927
1385935625.0,-33.82946
1385935781.25,-33.83206
1385935937.5,-33.82408
1385936093.75,-33.82255
1385936250.0,-33.82374
1385936406.25,-33.82756
1385936562.5,-33.82099
1385936718.75,-33.81209
1385936875.0,-33.82411
1385937031.25,-33.82396
1385937187.5,-33.82178
1385937343.75,-33.81928
1385937500.0,-33.81779
1385937656.25,-33.81562
1385937812.5,-33.81713
1385937968.75,-33.81444
1385938125.0,-33.81416
1385938281.25,-33.80851
1385938437.5,-33.81464
1385938593.75,-33.8068
1385938750.0,-33.80798
1385938906.25,-33.8099
1385939062.5,-33.80975
1385939218.75,-33.8003
1385939375.0,-33.80419
1385939531.25,-33.80841
1385939687.5,-33.80714
1385939843.75,-33.8053
1385940000.0,-33.80368
1385940156.25,-33.79995
1385940312.5,-33.81328
1385940468.75,-33.80867
1385940625.0,-33.79192
1385940781.25,-33.7965
1385940937.5,-33.80222
1385941093.75,-33.79498
1385941250.0,-33.79542
1385941406.25,-33.79998
1385941562.5,-33.79377
1385941718.75,-33.79819
1385941875.0,-33.79334
1385942031.25,-33.78675
1385942187.5,-33.79727
1385942343.75,-33.78377
1385942500.0,-33.79173
1385942656.25,-33.7897
1385942812.5,-33.77985
1385942968.75,-33.79112
1385943125.0,-33.78568
1385943281.25,-33.79466
1385943437.5,-33.78348
1385943593.75,-33.77871
1385943750.0,-33.77864
1385943906.25,-33.78347
1385944062.5,-33.78411
1385944218.75,-33.77982
1385944375.0,-33.77484
1385944531.25,-33.7803
1385944687.5,-33.77525
1385944843.75,-33.77877
1385945000.0,-33.77485
1385945156.25,-33.7689
1385945312.5,-33.77979
1385945468.75,-33.77436
1385945625.0,-33.77422
1385945781.25,-33.77629
1385945937.5,-33.76677
1385946093.75,-33.76505
1385946250.0,-33.7602
1385946406.25,-33.77369
1385946562.5,-33.76794
1385946718.75,-33.76702
1385946875.0,-33.7699
1385947031.25,-33.77273
1385947187.5,-33.75979
1385947343.75,-33.76882
1385947500.0,-33.76181
1385947656.25,-33.75658
1385947812.5,-33.75599
1385947968.75,-33.75081
1385948125.0,-33.76086
1385948281.25,-33.75727
1385948437.5,-33.76028
1385948593.75,-33.75136
1385948750.0,-33.75762
1385948906.25,-33.75451
1385949062.5,-33.75404
1385949218.75,-33.7614
1385949375.0,-33.75324
1385949531.25,-33.75855
1385949687.5,-33.75166
1385949843.75,-33.7514
1385950000.0,-33.74555
1385950156.25,-33.74727
1385950312.5,-33.75584
1385950468.75,-33.74754
1385950625.0,-33.75211
1385950781.25,-33.74867
1385950937.5,-33.74041
1385951093.75,-33.74585
1385951250.0,-33.74457
1385951406.25,-33.73401
1385951562.5,-33.73592
1385951718.75,-33.73931
1385951875.0,-33.74713
1385952031.25,-33.72653
1385952187.5,-33.73809
1385952343.75,-33.73354
1385952500.0,-33.72583
1385952656.25,-33.73753
1385952812.5,-33.73508
1385952968.75,-33.73717
1385953125.0,-33.72915
1385953281.25,-33.72842
1385953437.5,-33.73177
1385953593.75,-33.72592
1385953750.0,-33.72857
1385953906.25,-33.72765
1385954062.5,-33.73002
1385954218.75,-33.72219
1385954375.0,-33.72303
1385954531.25,-33.73141
1385954687.5,-33.71687
1385954843.75,-33.7215
1385955000.0,-33.72033
1385955156.25,-33.72537
1385955312.5,-33.71989
1385955468.75,-33.72778
1385955625.0,-33.71743
1385955781.25,-33.71428
1385955937.5,-33.7098
1385956093.75,-33.7135
1385956250.0,-33.71304
1385956406.25,-33.71601
1385956562.5,-33.71512
1385956718.75,-33.70039
1385956875.0,-33.71918
1385957031.25,-33.71115
1385957187.5,-33.71498
1385957343.75,-33.70979
1385957500.0,-33.70671
1385957656.25,-33.70743
1385957812.5,-33.70327
1385957968.75,-33.7017
1385958125.0,-33.70704
1385958281.25,-33.71087
1385958437.5,-33.70723
1385958593.75,-33.69413
1385958750.0,-33.70474
1385958906.25,-33.70135
1385959062.5,-33.70202
1385959218.75,-33.70145
1385959375.0,-33.70168
1385959531.25,-33.7049
1385959687.5,-33.69414
1385959843.75,-33.68881
1385960000.0,-33.69226
1385960156.25,-33.69635
1385960312.5,-33.6896
1385960468.75,-33.69062
1385960625.0,-33.69262
1385960781.25,-33.68631
1385960937.5,-33.69157
1385961093.75,-33.68619
1385961250.0,-33.68417
1385961406.25,-33.67819
1385961562.5,-33.67968
1385961718.75,-33.6839
1385961875.0,-33.68768
1385962031.25,-33.68647
1385962187.5,-33.679
1385962343.75,-33.68587
1385962500.0,-33.68364
1385962656.25,-33.67903
1385962812.5,-33.67672
1385962968.75,-33.69009
1385963125.0,-33.67085
1385963281.25,-33.67673
1385963437.5,-33.67189
1385963593.75,-33.6739
1385963750.0,-33.67146
1385963906.25,-33.66943
1385964062.5,-33.66781
1385964218.75,-33.67604
1385964375.0,-33.67402
1385964531.25,-33.6709
1385964687.5,-33.66457
1385964843.75,-33.66398
1385965000.0,-33.66648
1385965156.25,-33.66974
1385965312.5,-33.67217
1385965468.75,-33.66309
1385965625.0,-33.66011
1385965781.25,-33.66576
1385965937.5,-33.66135
1385966093.75,-33.66362
1385966250.0,-33.66407
1385966406.25,-33.66312
1385966562.5,-33.66096
1385966718.75,-33.65678
1385966875.0,-33.65783
1385967031.25,-33.65766
1385967187.5,-33.64771
1385967343.75,-33.65331
1385967500.0,-33.65733
1385967656.25,-33.65022
1385967812.5,-33.64961
1385967968.75,-33.64907
1385968125.0,-33.65183
1385968281.25,-33.64774
1385968437.5,-33.64923
1385968593.75,-33.64662
1385968750.0,-33.63856
1385968906.25,-33.64327
1385969062.5,-33.64401
1385969218.75,-33.64606
1385969375.0,-33.64931
1385969531.25,-33.64677
1385969687.5,-33.63747
1385969843.75,-33.64185
1385970000.0,-33.63922
1385970156.25,-33.63795
1385970312.5,-33.63818
1385970468.75,-33.6394
1385970625.0,-33.6387
1385970781.25,-33.6419
1385970937.5,-33.64026
1385971093.75,-33.62823
1385971250.0,-33.62735
1385971406.25,-33.63463
1385971562.5,-33.62468
1385971718.75,-33.63068
1385971875.0,-33.63511
1385972031.25,-33.63041
1385972187.5,-33.63042
1385972343.75,-33.62943
1385972500.0,-33.6278
1385972656.25,-33.62937
1385972812.5,-33.62825
1385972968.75,-33.62355
1385973125.0,-33.62586
1385973281.25,-33.62595
1385973437.5,-33.62331
1385973593.75,-33.61605
1385973750.0,-33.62083
1385973906.25,-33.6139
1385974062.5,-33.62117
1385974218.75,-33.61487
1385974375.0,-33.62094
1385974531.25,-33.6224
1385974687.5,-33.61454
1385974843.75,-33.60216
1385975000.0,-33.6019
1385975156.25,-33.61132
1385975312.5,-33.60638
1385975468.75,-33.6116
1385975625.0,-33.60629
1385975781.25,-33.60669
1385975937.5,-33.61097
1385976093.75,-33.61387
1385976250.0,-33.60839
1385976406.25,-33.60615
1385976562.5,-33.61398
1385976718.75,-33.6036
1385976875.0,-33.60393
1385977031.25,-33.60486
1385977187.5,-33.60318
1385977343.75,-33.59997
1385977500.0,-33.6023
1385977656.25,-33.60178
1385977812.5,-33.59097
1385977968.75,-33.60084
1385978125.0,-33.59761
1385978281.25,-33.59816
1385978437.5,-33.59451
1385978593.75,-33.58118
1385978750.0,-33.59026
1385978906.25,-33.58516
1385979062.5,-33.59121
1385979218.75,-33.5988
1385979375.0,-33.58195
1385979531.25,-33.59117
1385979687.5,-33.59354
1385979843.75,-33.58298
1385980000.0,-33.58654
1385980156.25,-33.58632
1385980312.5,-33.58309
1385980468.75,-33.58631
1385980625.0,-33.58857
1385980781.25,-33.57833
1385980937.5,-33.58374
1385981093.75,-33.57571
1385981250.0,-33.59019
1385981406.25,-33.57673
1385981562.5,-33.57483
1385981718.75,-33.57116
1385981875.0,-33.57689
1385982031.25,-33.57202
1385982187.5,-33.57208
1385982343.75,-33.57228
1385982500.0,-33.5675
1385982656.25,-33.56761
1385982812.5,-33.57066
1385982968.75,-33.57144
1385983125.0,-33.571
1385983281.25,-33.56177
1385983437.5,-33.57244
1385983593.75,-33.56467
1385983750.0,-33.56392
1385983906.25,-33.56194
1385984062.5,-33.56519
1385984218.75,-33.55475
1385984375.0,-33.55294
1385984531.25,-33.55997
1385984687.5,-33.55863
1385984843.75,-33.55485
1385985000.0,-33.55772
1385985156.25,-33.55955
1385985312.5,-33.55068
1385985468.75,-33.54798
1385985625.0,-33.55663
1385985781.25,-33.56069
1385985937.5,-33.55524
1385986093.75,-33.55104
1385986250.0,-33.54591
1385986406.25,-33.54837
1385986562.5,-33.55635
1385986718.75,-33.54142
1385986875.0,-33.5382
1385987031.25,-33.54826
1385987187.5,-33.55184
1385987343.75,-33.54529
1385987500.0,-33.54604
1385987656.25,-33.53818
1385987812.5,-33.5387
1385987968.75,-33.5399
1385988125.0,-33.53421
1385988281.25,-33.53042
1385988437.5,-33.53794
1385988593.75,-33.53606
1385988750.0,-33.5367
1385988906.25,-33.53723
1385989062.5,-33.53445
1385989218.75,-33.53228
1385989375.0,-33.53077
1385989531.25,-33.53454
1385989687.5,-33.52935
1385989843.75,-33.53167
1385990000.0,-33.52649
1385990156.25,-33.53482
1385990312.5,-33.53102
1385990468.75,-33.5288
1385990625.0,-33.53164
1385990781.25,-33.52989
1385990937.5,-33.5342
1385991093.75,-33.51443
1385991250.0,-33.52308
1385991406.25,-33.52208
1385991562.5,-33.52132
1385991718.75,-33.51875
1385991875.0,-33.51965
1385992031.25,-33.51679
1385992187.5,-33.51352
1385992343.75,-33.51612
1385992500.0,-33.51604
1385992656.25,-33.51125
1385992812.5,-33.51739
1385992968.75,-33.51239
1385993125.0,-33.50963
1385993281.25,-33.50851
1385993437.5,-33.51184
1385993593.75,-33.50531
1385993750.0,-33.50869
1385993906.25,-33.50448
1385994062.5,-33.50729
1385994218.75,-33.50785
1385994375.0,-33.50424
1385994531.25,-33.50967
1385994687.5,-33.50724
1385994843.75,-33.50605
1385995000.0,-33.5041
1385995156.25,-33.4949
1385995312.5,-33.4943
1385995468.75,-33.49944
1385995625.0,-33.50169
1385995781.25,-33.49597
1385995937.5,-33.49759
1385996093.75,-33.49698
1385996250.0,-33.49249
1385996406.25,-33.49329
1385996562.5,-33.49426
1385996718.75,-33.4931
1385996875.0,-33.49151
1385997031.25,-33.49517
1385997187.5,-33.48771
1385997343.75,-33.48539
1385997500.0,-33.49153
1385997656.25,-33.48648
1385997812.5,-33.48556
1385997968.75,-33.4885
1385998125.0,-33.48578
1385998281.25,-33.48411
1385998437.5,-33.48353
1385998593.75,-33.47533
1385998750.0,-33.48401
1385998906.25,-33.48011
1385999062.5,-33.47808
1385999218.75,-33.47247
1385999375.0,-33.47694
1385999531.25,-33.47368
1385999687.5,-33.46142
1385999843.75,-33.47785
1386000000.0,-33.47104
1386000156.25,-33.47268
1386000312.5,-33.47427
1386000468.75,-33.47489
1386000625.0,-33.47122
1386000781.25,-33.46335
1386000937.5,-33.4651
1386001093.75,-33.46659
1386001250.0,-33.46262
1386001406.25,-33.47311
1386001562.5,-33.46389
1386001718.75,-33.46012
1386001875.0,-33.46355
1386002031.25,-33.46136
1386002187.5,-33.45862
1386002343.75,-33.4687
1386002500.0,-33.45938
1386002656.25,-33.45648
1386002812.5,-33.45541
1386002968.75,-33.45397
1386003125.0,-33.46411
1386003281.25,-33.45691
1386003437.5,-33.45364
1386003593.75,-33.45163
1386003750.0,-33.45502
1386003906.25,-33.45577
1386004062.5,-33.45193
1386004218.75,-33.45253
1386004375.0,-33.4451
1386004531.25,-33.45524
1386004687.5,-33.44677
1386004843.75,-33.4524
1386005000.0,-33.44296
1386005156.25,-33.44524
1386005312.5,-33.45251
1386005468.75,-33.44019
1386005625.0,-33.44369
1386005781.25,-33.44746
1386005937.5,-33.44307
1386006093.75,-33.43621
1386006250.0,-33.4391
1386006406.25,-33.43015
1386006562.5,-33.4392
1386006718.75,-33.43835
1386006875.0,-33.44045
1386007031.25,-33.43159
1386007187.5,-33.43385
1386007343.75,-33.43635
1386007500.0,-33.42863
1386007656.25,-33.43523
1386007812.5,-33.43176
1386007968.75,-33.42873
1386008125.0,-33.43441
1386008281.25,-33.43111
1386008437.5,-33.42344
1386008593.75,-33.42552
1386008750.0,-33.41562
1386008906.25,-33.42228
1386009062.5,-33.42504
1386009218.75,-33.42307
1386009375.0,-33.42516
1386009531.25,-33.42073
1386009687.5,-33.41783
1386009843.75,-33.42521
1386010000.0,-33.41675
1386010156.25,-33.42001
1386010312.5,-33.41784
1386010468.75,-33.41331
1386010625.0,-33.41016
1386010781.25,-33.41709
1386010937.5,-33.41148
1386011093.75,-33.4131
1386011250.0,-33.41703
1386011406.25,-33.41472
1386011562.5,-33.4165
1386011718.75,-33.40263
1386011875.0,-33.40454
1386012031.25,-33.41607
1386012187.5,-33.41408
1386012343.75,-33.41247
1386012500.0,-33.40669
1386012656.25,-33.4012
1386012812.5,-33.4021
1386012968.75,-33.40751
1386013125.0,-33.39997
1386013281.25,-33.40369
1386013437.5,-33.40266
1386013593.75,-33.40026
1386013750.0,-33.39808
1386013906.25,-33.39959
1386014062.5,-33.39736
1386014218.75,-33.40148
1386014375.0,-33.38961
1386014531.25,-33.39461
1386014687.5,-33.39268
1386014843.75,-33.4007
1386015000.0,-33.38513
1386015156.25,-33.38998
1386015312.5,-33.38097
1386015468.75,-33.38995
1386015625.0,-33.38074
1386015781.25,-33.38282
1386015937.5,-33.3838
1386016093.75,-33.38782
1386016250.0,-33.38793
1386016406.25,-33.37806
1386016562.5,-33.38226
1386016718.75,-33.38172
1386016875.0,-33.38352
1386017031.25,-33.37709
1386017187.5,-33.37548
1386017343.75,-33.38112
1386017500.0,-33.37292
1386017656.25,-33.37636
1386017812.5,-33.37196
1386017968.75,-33.37152
1386018125.0,-33.37432
1386018281.25,-33.38165
1386018437.5,-33.37164
1386018593.75,-33.36593
1386018750.0,-33.36819
1386018906.25,-33.36368
1386019062.5,-33.37307
1386019218.75,-33.37309
1386019375.0,-33.35605
1386019531.25,-33.35919
1386019687.5,-33.36731
1386019843.75,-33.35855
1386020000.0,-33.35966
1386020156.25,-33.36618
1386020312.5,-33.36184
1386020468.75,-33.35359
1386020625.0,-33.35558
1386020781.25,-33.3563
1386020937.5,-33.36134
1386021093.75,-33.35788
1386021250.0,-33.35799
1386021406.25,-33.34909
1386021562.5,-33.35386
1386021718.75,-33.35787
1386021875.0,-33.34855
1386022031.25,-33.34906
1386022187.5,-33.3473
1386022343.75,-33.33607
1386022500.0,-33.3435
1386022656.25,-33.34824
1386022812.5,-33.34429
1386022968.75,-33.34061
1386023125.0,-33.34353
1386023281.25,-33.33987
1386023437.5,-33.34647
1386023593.75,-33.34174
1386023750.0,-33.33833
1386023906.25,-33.33054
1386024062.5,-33.33962
1386024218.75,-33.33995
1386024375.0,-33.3369
1386024531.25,-33.33318
1386024687.5,-33.33186
1386024843.75,-33.33294
1386025000.0,-33.33006
1386025156.25,-33.3338
1386025312.5,-33.33799
1386025468.75,-33.33078
1386025625.0,-33.33385
1386025781.25,-33.32411
1386025937.5,-33.32485
1386026093.75,-33.32963
1386026250.0,-33.33128
1386026406.25,-33.32965
1386026562.5,-33.32689
1386026718.75,-33.32484
1386026875.0,-33.32544
1386027031.25,-33.32183
1386027187.5,-33.3229
1386027343.75,-33.31516
1386027500.0,-33.32111
1386027656.25,-33.31807
1386027812.5,-33.31776
1386027968.75,-33.31562
1386028125.0,-33.32096
1386028281.25,-33.30896
1386028437.5,-33.30932
1386028593.75,-33.30718
1386028750.0,-33.31325
1386028906.25,-33.31231
1386029062.5,-33.31454
1386029218.75,-33.30612
1386029375.0,-33.30855
1386029531.25,-33.30881
1386029687.5,-33.31558
1386029843.75,-33.3095
1386030000.0,-33.30719
1386030156.25,-33.30872
1386030312.5,-33.30407
1386030468.75,-33.30291
1386030625.0,-33.3051
1386030781.25,-33.29884
1386030937.5,-33.30081
1386031093.75,-33.30096
1386031250.0,-33.29713
1386031406.25,-33.30213
1386031562.5,-33.29756
1386031718.75,-33.29425
1386031875.0,-33.29522
1386032031.25,-33.28761
1386032187.5,-33.28941
1386032343.75,-33.28597
1386032500.0,-33.29264
1386032656.25,-33.29137
1386032812.5,-33.29276
1386032968.75,-33.28392
1386033125.0,-33.28846
1386033281.25,-33.2805
1386033437.5,-33.29039
1386033593.75,-33.27969
1386033750.0,-33.28605
1386033906.25,-33.2837
1386034062.5,-33.27633
1386034218.75,-33.27741
1386034375.0,-33.27222
1386034531.25,-33.27737
1386034687.5,-33.27641
1386034843.75,-33.28382
1386035000.0,-33.27047
1386035156.25,-33.277
1386035312.5,-33.2721
1386035468.75,-33.27324
1386035625.0,-33.27227
1386035781.25,-33.27087
1386035937.5,-33.26842
1386036093.75,-33.27458
1386036250.0,-33.27042
1386036406.25,-33.26099
1386036562.5,-33.26512
1386036718.75,-33.26914
1386036875.0,-33.26324
1386037031.25,-33.27066
1386037187.5,-33.26423
1386037343.75,-33.2691
1386037500.0,-33.26115
1386037656.25,-33.2613
1386037812.5,-33.25238
1386037968.75,-33.26571
1386038125.0,-33.25327
1386038281.25,-33.25816
1386038437.5,-33.2571
1386038593.75,-33.24871
1386038750.0,-33.2453
1386038906.25,-33.25609
1386039062.5,-33.25699
1386039218.75,-33.2557
1386039375.0,-33.24837
1386039531.25,-33.25542
1386039687.5,-33.25396
1386039843.75,-33.247
1386040000.0,-33.24454
1386040156.25,-33.2532
1386040312.5,-33.24536
1386040468.75,-33.24356
1386040625.0,-33.25299
1386040781.25,-33.24229
1386040937.5,-33.24072
1386041093.75,-33.23523
1386041250.0,-33.23664
1386041406.25,-33.23777
1386041562.5,-33.23656
1386041718.75,-33.23495
1386041875.0,-33.23424
1386042031.25,-33.23781
1386042187.5,-33.23152
1386042343.75,-33.23774
1386042500.0,-33.22772
1386042656.25,-33.23231
1386042812.5,-33.23389
1386042968.75,-33.23537
1386043125.0,-33.22929
1386043281.25,-33.22713
1386043437.5,-33.23164
1386043593.75,-33.22255
1386043750.0,-33.22485
1386043906.25,-33.22986
1386044062.5,-33.21987
1386044218.75,-33.22419
1386044375.0,-33.22354
1386044531.25,-33.22309
1386044687.5,-33.22455
1386044843.75,-33.21735
1386045000.0,-33.21426
1386045156.25,-33.21629
1386045312.5,-33.21691
1386045468.75,-33.21323
1386045625.0,-33.21065
1386045781.25,-33.21774
1386045937.5,-33.21682
1386046093.75,-33.21117
1386046250.0,-33.21269
1386046406.25,-33.21525
1386046562.5,-33.20628
1386046718.75,-33.21051
1386046875.0,-33.20367
1386047031.25,-33.20703
1386047187.5,-33.20388
1386047343.75,-33.20744
1386047500.0,-33.21098
1386047656.25,-33.20556
1386047812.5,-33.21106
1386047968.75,-33.19738
1386048125.0,-33.20354
1386048281.25,-33.20779
1386048437.5,-33.20051
1386048593.75,-33.19867
1386048750.0,-33.19824
1386048906.25,-33.19837
1386049062.5,-33.19564
1386049218.75,-33.19292
1386049375.0,-33.19582
1386049531.25,-33.19336
1386049687.5,-33.19302
1386049843.75,-33.19293
1386050000.0,-33.19448
1386050156.25,-33.18286
1386050312.5,-33.18993
1386050468.75,-33.18488
1386050625.0,-33.18746
1386050781.25,-33.1765
1386050937.5,-33.18171
1386051093.75,-33.18915
1386051250.0,-33.18727
1386051406.25,-33.18589
1386051562.5,-33.1763
1386051718.75,-33.17579
1386051875.0,-33.17421
1386052031.25,-33.17971
1386052187.5,-33.18074
1386052343.75,-33.17932
1386052500.0,-33.177
1386052656.25,-33.17881
1386052812.5,-33.1725
1386052968.75,-33.17434
1386053125.0,-33.1657
1386053281.25,-33.17214
1386053437.5,-33.16954
1386053593.75,-33.17026
1386053750.0,-33.16577
1386053906.25,-33.17257
1386054062.5,-33.16763
1386054218.75,-33.17069
1386054375.0,-33.15599
1386054531.25,-33.16677
1386054687.5,-33.16903
1386054843.75,-33.16808
1386055000.0,-33.16071
1386055156.25,-33.16064
1386055312.5,-33.16927
1386055468.75,-33.1656
1386055625.0,-33.15755
1386055781.25,-33.15929
1386055937.5,-33.15372
1386056093.75,-33.15126
1386056250.0,-33.15901
1386056406.25,-33.15344
1386056562.5,-33.14845
1386056718.75,-33.15566
1386056875.0,-33.15622
1386057031.25,-33.15868
1386057187.5,-33.14656
1386057343.75,-33.15312
1386057500.0,-33.1473
1386057656.25,-33.14937
1386057812.5,-33.14837
1386057968.75,-33.14014
1386058125.0,-33.13994
1386058281.25,-33.1367
1386058437.5,-33.13231
1386058593.75,-33.13425
1386058750.0,-33.13883
1386058906.25,-33.13268
1386059062.5,-33.13744
1386059218.75,-33.13804
1386059375.0,-33.13466
1386059531.25,-33.13633
1386059687.5,-33.13225
1386059843.75,-33.13636
1386060000.0,-33.12489
1386060156.25,-33.13252
1386060312.5,-33.13047
1386060468.75,-33.13141
1386060625.0,-33.13391
1386060781.25,-33.13068
1386060937.5,-33.12801
1386061093.75,-33.12888
1386061250.0,-33.12859
1386061406.25,-33.12928
1386061562.5,-33.11903
1386061718.75,-33.12029
1386061875.0,-33.12202
1386062031.25,-33.11597
1386062187.5,-33.11655
1386062343.75,-33.11287
1386062500.0,-33.116
1386062656.25,-33.11742
1386062812.5,-33.11774
1386062968.75,-33.11519
1386063125.0,-33.10828
1386063281.25,-33.11454
1386063437.5,-33.11433
1386063593.75,-33.10752
1386063750.0,-33.11987
1386063906.25,-33.11018
1386064062.5,-33.10841
1386064218.75,-33.11161
1386064375.0,-33.10741
1386064531.25,-33.10375
1386064687.5,-33.10474
1386064843.75,-33.10207
1386065000.0,-33.10252
1386065156.25,-33.10801
1386065312.5,-33.09827
1386065468.75,-33.10215
1386065625.0,-33.10267
1386065781.25,-33.09792
1386065937.5,-33.09989
1386066093.75,-33.09578
1386066250.0,-33.10564
1386066406.25,-33.09447
1386066562.5,-33.09974
1386066718.75,-33.0997
1386066875.0,-33.08871
1386067031.25,-33.09193
1386067187.5,-33.08409
1386067343.75,-33.0884
1386067500.0,-33.09198
1386067656.25,-33.08587
1386067812.5,-33.08625
1386067968.75,-33.08368
1386068125.0,-33.08738
1386068281.25,-33.07964
1386068437.5,-33.08043
1386068593.75,-33.08456
1386068750.0,-33.08072
1386068906.25,-33.07473
1386069062.5,-33.08125
1386069218.75,-33.07063
1386069375.0,-33.0689
1386069531.25,-33.0752
1386069687.5,-33.07674
1386069843.75,-33.07731
1386070000.0,-33.07391
1386070156.25,-33.06806
1386070312.5,-33.07037
1386070468.75,-33.07593
1386070625.0,-33.07461
1386070781.25,-33.06412
1386070937.5,-33.07144
1386071093.75,-33.06823
1386071250.0,-33.06413
1386071406.25,-33.06596
1386071562.5,-33.06601
1386071718.75,-33.06867
1386071875.0,-33.06338
1386072031.25,-33.06244
1386072187.5,-33.05838
1386072343.75,-33.05709
1386072500.0,-33.05195
1386072656.25,-33.05298
1386072812.5,-33.05941
1386072968.75,-33.05464
1386073125.0,-33.05828
1386073281.25,-33.05888
1386073437.5,-33.05613
1386073593.75,-33.05704
1386073750.0,-33.04733
1386073906.25,-33.05321
1386074062.5,-33.05167
1386074218.75,-33.04362
1386074375.0,-33.05427
1386074531.25,-33.04596
1386074687.5,-33.04842
1386074843.75,-33.04049
1386075000.0,-33.04237
1386075156.25,-33.04125
1386075312.5,-33.04742
1386075468.75,-33.04245
1386075625.0,-33.04
1386075781.25,-33.03227
1386075937.5,-33.04135
1386076093.75,-33.02617
1386076250.0,-33.03857
1386076406.25,-33.03632
1386076562.5,-33.03125
1386076718.75,-33.04186
1386076875.0,-33.029
1386077031.25,-33.03411
1386077187.5,-33.02248
1386077343.75,-33.03096
1386077500.0,-33.03513
1386077656.25,-33.03831
1386077812.5,-33.02876
1386077968.75,-33.02895
1386078125.0,-33.01877
1386078281.25,-33.02829
1386078437.5,-33.01451
1386078593.75,-33.0196
1386078750.0,-33.02493
1386078906.25,-33.0167
1386079062.5,-33.02722
1386079218.75,-33.02157
1386079375.0,-33.02192
1386079531.25,-33.02566
1386079687.5,-33.0196
1386079843.75,-33.0159
1386080000.0,-33.01208
1386080156.25,-33.0193
1386080312.5,-33.01157
1386080468.75,-33.01059
1386080625.0,-33.01399
1386080781.25,-33.00676
1386080937.5,-33.00413
1386081093.75,-33.00343
1386081250.0,-33.00783
1386081406.25,-33.00292
1386081562.5,-33.01521
1386081718.75,-33.00699
1386081875.0,-32.99872
1386082031.25,-33.01153
1386082187.5,-33.00344
1386082343.75,-33.00295
1386082500.0,-32.99289
1386082656.25,-32.9979
1386082812.5,-33.00354
1386082968.75,-32.99826
1386083125.0,-33.00191
1386083281.25,-32.99682
1386083437.5,-33.00236
1386083593.75,-32.99688
1386083750.0,-32.99405
1386083906.25,-33.00253
1386084062.5,-32.99407
1386084218.75,-32.98656
1386084375.0,-32.99198
1386084531.25,-32.99118
1386084687.5,-32.9884
1386084843.75,-32.98555
1386085000.0,-32.98679
1386085156.25,-32.9888
1386085312.5,-32.97913
1386085468.75,-32.98619
1386085625.0,-32.98226
1386085781.25,-32.9837
1386085937.5,-32.9848
1386086093.75,-32.98725
1386086250.0,-32.97434
1386086406.25,-32.98245
1386086562.5,-32.97592
1386086718.75,-32.97466
1386086875.0,-32.97552
1386087031.25,-32.96938
1386087187.5,-32.97795
1386087343.75,-32.96238
1386087500.0,-32.96809
1386087656.25,-32.96489
1386087812.5,-32.97223
1386087968.75,-32.9734
1386088125.0,-32.96857
1386088281.25,-32.95896
1386088437.5,-32.96512
1386088593.75,-32.9592
1386088750.0,-32.96188
1386088906.25,-32.96614
1386089062.5,-32.95773
1386089218.75,-32.95621
1386089375.0,-32.95937
1386089531.25,-32.95532
1386089687.5,-32.95872
1386089843.75,-32.95957
1386090000.0,-32.94994
1386090156.25,-32.95707
1386090312.5,-32.9566
1386090468.75,-32.95466
1386090625.0,-32.94645
1386090781.25,-32.9499
1386090937.5,-32.94214
1386091093.75,-32.94712
1386091250.0,-32.94847
1386091406.25,-32.94349
1386091562.5,-32.94239
1386091718.75,-32.9483
1386091875.0,-32.94915
1386092031.25,-32.94603
1386092187.5,-32.945
1386092343.75,-32.94735
1386092500.0,-32.94318
1386092656.25,-32.94413
1386092812.5,-32.94302
1386092968.75,-32.93661
1386093125.0,-32.93824
1386093281.25,-32.93088
1386093437.5,-32.94304
1386093593.75,-32.9328
1386093750.0,-32.92988
1386093906.25,-32.93724
1386094062.5,-32.92885
1386094218.75,-32.93368
1386094375.0,-32.92902
1386094531.25,-32.93176
1386094687.5,-32.92711
1386094843.75,-32.92229
1386095000.0,-32.92113
1386095156.25,-32.92158
1386095312.5,-32.92701
1386095468.75,-32.92611
1386095625.0,-32.92452
1386095781.25,-32.92827
1386095937.5,-32.92231
1386096093.75,-32.91675
1386096250.0,-32.91872
1386096406.25,-32.91459
1386096562.5,-32.92315
1386096718.75,-32.91507
1386096875.0,-32.91116
1386097031.25,-32.91201
1386097187.5,-32.90956
1386097343.75,-32.91178
1386097500.0,-32.91105
1386097656.25,-32.90846
1386097812.5,-32.90494
1386097968.75,-32.91223
1386098125.0,-32.90926
1386098281.25,-32.90985
1386098437.5,-32.9114
1386098593.75,-32.90229
1386098750.0,-32.90319
1386098906.25,-32.90438
1386099062.5,-32.90113
1386099218.75,-32.89295
1386099375.0,-32.90139
1386099531.25,-32.89626
1386099687.5,-32.90074
1386099843.75,-32.90009
1386100000.0,-32.8917
1386100156.25,-32.89023
1386100312.5,-32.88596
1386100468.75,-32.88855
1386100625.0,-32.88847
1386100781.25,-32.89655
1386100937.5,-32.89814
1386101093.75,-32.89588
1386101250.0,-32.88989
1386101406.25,-32.88617
1386101562.5,-32.88662
1386101718.75,-32.88401
1386101875.0,-32.88732
1386102031.25,-32.88684
1386102187.5,-32.88622
1386102343.75,-32.88799
1386102500.0,-32.88153
1386102656.25,-32.88737
1386102812.5,-32.88723
1386102968.75,-32.87495
1386103125.0,-32.87699
1386103281.25,-32.86586
1386103437.5,-32.8706
1386103593.75,-32.87228
1386103750.0,-32.87477
1386103906.25,-32.86602
1386104062.5,-32.87046
1386104218.75,-32.87351
1386104375.0,-32.87048
1386104531.25,-32.86379
1386104687.5,-32.86871
1386104843.75,-32.87158
1386105000.0,-32.86812
1386105156.25,-32.86336
1386105312.5,-32.86348
1386105468.75,-32.86835
1386105625.0,-32.85839
1386105781.25,-32.86414
1386105937.5,-32.86174
1386106093.75,-32.86419
1386106250.0,-32.85405
1386106406.25,-32.87227
1386106562.5,-32.85525
1386106718.75,-32.86042
1386106875.0,-32.85947
1386107031.25,-32.85313
1386107187.5,-32.86098
1386107343.75,-32.85033
1386107500.0,-32.8518
1386107656.25,-32.85094
1386107812.5,-32.85518
1386107968.75,-32.84886
1386108125.0,-32.85327
1386108281.25,-32.84868
1386108437.5,-32.84475
1386108593.75,-32.8457
1386108750.0,-32.84554
1386108906.25,-32.84908
1386109062.5,-32.84481
1386109218.75,-32.84917
1386109375.0,-32.8401
1386109531.25,-32.84749
1386109687.5,-32.83714
1386109843.75,-32.82807
1386110000.0,-32.8424
1386110156.25,-32.83349
1386110312.5,-32.83193
1386110468.75,-32.83384
1386110625.0,-32.83325
1386110781.25,-32.82894
1386110937.5,-32.82991
1386111093.75,-32.83293
1386111250.0,-32.83099
1386111406.25,-32.82622
1386111562.5,-32.82232
1386111718.75,-32.82644
1386111875.0,-32.82789
1386112031.25,-32.81569
1386112187.5,-32.82241
1386112343.75,-32.81876
1386112500.0,-32.82159
1386112656.25,-32.81907
1386112812.5,-32.82975
1386112968.75,-32.82322
1386113125.0,-32.82835
1386113281.25,-32.8118
1386113437.5,-32.81448
1386113593.75,-32.81919
1386113750.0,-32.81416
1386113906.25,-32.81496
1386114062.5,-32.80548
1386114218.75,-32.81291
1386114375.0,-32.81637
1386114531.25,-32.81305
1386114687.5,-32.80811
1386114843.75,-32.81343
1386115000.0,-32.81483
1386115156.25,-32.80299
1386115312.5,-32.8077
1386115468.75,-32.80511
1386115625.0,-32.80561
1386115781.25,-32.80511
1386115937.5,-32.80523
1386116093.75,-32.79921
1386116250.0,-32.79667
1386116406.25,-32.79667
1386116562.5,-32.79728
1386116718.75,-32.79063
1386116875.0,-32.79705
1386117031.25,-32.79484
1386117187.5,-32.7907
1386117343.75,-32.797
1386117500.0,-32.78973
1386117656.25,-32.79781
1386117812.5,-32.79023
1386117968.75,-32.79031
1386118125.0,-32.7882
1386118281.25,-32.78651
1386118437.5,-32.78727
1386118593.75,-32.78591
1386118750.0,-32.78527
1386118906.25,-32.78042
1386119062.5,-32.77979
1386119218.75,-32.78304
1386119375.0,-32.78453
1386119531.25,-32.78277
1386119687.5,-32.77605
1386119843.75,-32.78589
1386120000.0,-32.77341
1386120156.25,-32.77555
1386120312.5,-32.7766
1386120468.75,-32.77494
1386120625.0,-32.76855
1386120781.25,-32.76847
1386120937.5,-32.76874
1386121093.75,-32.77105
1386121250.0,-32.76955
1386121406.25,-32.76469
1386121562.5,-32.76842
1386121718.75,-32.75728
1386121875.0,-32.76529
1386122031.25,-32.76186
1386122187.5,-32.75935
1386122343.75,-32.76128
1386122500.0,-32.76534
1386122656.25,-32.75743
1386122812.5,-32.76043
1386122968.75,-32.75713
1386123125.0,-32.76194
1386123281.25,-32.74756
1386123437.5,-32.74977
1386123593.75,-32.74975
1386123750.0,-32.75174
1386123906.25,-32.74457
1386124062.5,-32.75153
1386124218.75,-32.7504
1386124375.0,-32.75235
1386124531.25,-32.74574
1386124687.5,-32.75023
1386124843.75,-32.74819
1386125000.0,-32.74657
1386125156.25,-32.74971
1386125312.5,-32.74697
1386125468.75,-32.74702
1386125625.0,-32.74759
1386125781.25,-32.7462
1386125937.5,-32.7434
1386126093.75,-32.73921
1386126250.0,-32.74257
1386126406.25,-32.74458
1386126562.5,-32.73792
1386126718.75,-32.73566
1386126875.0,-32.73383
1386127031.25,-32.7417
1386127187.5,-32.73082
1386127343.75,-32.73024
1386127500.0,-32.73629
1386127656.25,-32.7334
1386127812.5,-32.7271
1386127968.75,-32.72586
1386128125.0,-32.73317
1386128281.25,-32.72683
1386128437.5,-32.72644
1386128593.75,-32.71748
1386128750.0,-32.72413
1386128906.25,-32.7178
1386129062.5,-32.72907
1386129218.75,-32.72615
1386129375.0,-32.71923
1386129531.25,-32.72007
1386129687.5,-32.71798
1386129843.75,-32.7171
1386130000.0,-32.71368
1386130156.25,-32.70941
1386130312.5,-32.71688
1386130468.75,-32.70346
1386130625.0,-32.71526
1386130781.25,-32.70468
1386130937.5,-32.71073
1386131093.75,-32.71239
1386131250.0,-32.71052
1386131406.25,-32.70222
1386131562.5,-32.70881
1386131718.75,-32.70586
1386131875.0,-32.7023
1386132031.25,-32.69686
1386132187.5,-32.70357
1386132343.75,-32.70252
1386132500.0,-32.69644
1386132656.25,-32.69654
1386132812.5,-32.69588
1386132968.75,-32.69613
1386133125.0,-32.69709
1386133281.25,-32.69577
1386133437.5,-32.69761
1386133593.75,-32.69103
1386133750.0,-32.69867
1386133906.25,-32.69204
1386134062.5,-32.69119
1386134218.75,-32.69273
1386134375.0,-32.68599
1386134531.25,-32.685
1386134687.5,-32.6814
1386134843.75,-32.68246
1386135000.0,-32.68367
1386135156.25,-32.68829
1386135312.5,-32.68735
1386135468.75,-32.68574
1386135625.0,-32.68192
1386135781.25,-32.68399
1386135937.5,-32.68016
1386136093.75,-32.67449
1386136250.0,-32.67873
1386136406.25,-32.67501
1386136562.5,-32.67439
1386136718.75,-32.67581
1386136875.0,-32.67624
1386137031.25,-32.67078
1386137187.5,-32.67474
1386137343.75,-32.67839
1386137500.0,-32.67468
1386137656.25,-32.66432
1386137812.5,-32.66914
1386137968.75,-32.66413
1386138125.0,-32.66278
1386138281.25,-32.66791
1386138437.5,-32.66125
1386138593.75,-32.66777
1386138750.0,-32.65365
1386138906.25,-32.66085
1386139062.5,-32.65812
1386139218.75,-32.66281
1386139375.0,-32.66099
1386139531.25,-32.66627
1386139687.5,-32.64882
1386139843.75,-32.65359
1386140000.0,-32.65364
1386140156.25,-32.65605
1386140312.5,-32.65553
1386140468.75,-32.65549
1386140625.0,-32.65005
1386140781.25,-32.64871
1386140937.5,-32.64788
1386141093.75,-32.647
1386141250.0,-32.65279
1386141406.25,-32.64482
1386141562.5,-32.63938
1386141718.75,-32.64454
1386141875.0,-32.64323
1386142031.25,-32.64677
1386142187.5,-32.64054
1386142343.75,-32.63219
1386142500.0,-32.63047
1386142656.25,-32.63548
1386142812.5,-32.63525
1386142968.75,-32.63926
1386143125.0,-32.63676
1386143281.25,-32.63135
1386143437.5,-32.62716
1386143593.75,-32.63244
1386143750.0,-32.63736
1386143906.25,-32.63134
1386144062.5,-32.63194
1386144218.75,-32.6242
1386144375.0,-32.62579
1386144531.25,-32.62157
1386144687.5,-32.61612
1386144843.75,-32.62252
1386145000.0,-32.62243
1386145156.25,-32.62474
1386145312.5,-32.62557
1386145468.75,-32.61809
1386145625.0,-32.6232
1386145781.25,-32.61834
1386145937.5,-32.61684
1386146093.75,-32.61922
1386146250.0,-32.61713
1386146406.25,-32.61582
1386146562.5,-32.6133
1386146718.75,-32.61257
1386146875.0,-32.61158
1386147031.25,-32.61121
1386147187.5,-32.61038
1386147343.75,-32.605
1386147500.0,-32.6083
1386147656.25,-32.61044
1386147812.5,-32.6113
1386147968.75,-32.59715
1386148125.0,-32.60381
1386148281.25,-32.60466
1386148437.5,-32.60199
1386148593.75,-32.60491
1386148750.0,-32.59284
1386148906.25,-32.60511
1386149062.5,-32.60238
1386149218.75,-32.60083
1386149375.0,-32.59442
1386149531.25,-32.60157
1386149687.5,-32.601
1386149843.75,-32.59026
1386150000.0,-32.59039
1386150156.25,-32.59249
1386150312.5,-32.59785
1386150468.75,-32.59877
1386150625.0,-32.58801
1386150781.25,-32.58216
1386150937.5,-32.59058
1386151093.75,-32.58437
1386151250.0,-32.58911
1386151406.25,-32.59123
1386151562.5,-32.58223
1386151718.75,-32.58424
1386151875.0,-32.58252
1386152031.25,-32.57396
1386152187.5,-32.5768
1386152343.75,-32.57494
1386152500.0,-32.57652
1386152656.25,-32.58062
1386152812.5,-32.57687
1386152968.75,-32.57589
1386153125.0,-32.57885
1386153281.25,-32.57281
1386153437.5,-32.56366
1386153593.75,-32.56618
1386153750.0,-32.56855
1386153906.25,-32.57552
1386154062.5,-32.56119
1386154218.75,-32.5576
1386154375.0,-32.56512
1386154531.25,-32.56866
1386154687.5,-32.56673
1386154843.75,-32.56855
1386155000.0,-32.5663
1386155156.25,-32.5656
1386155312.5,-32.56297
1386155468.75,-32.55713
1386155625.0,-32.561
1386155781.25,-32.55199
1386155937.5,-32.56292
1386156093.75,-32.55558
1386156250.0,-32.56198
1386156406.25,-32.55697
1386156562.5,-32.54882
1386156718.75,-32.5466
1386156875.0,-32.55556
1386157031.25,-32.54767
1386157187.5,-32.54317
1386157343.75,-32.54288
1386157500.0,-32.54676
1386157656.25,-32.5446
1386157812.5,-32.54954
1386157968.75,-32.54436
1386158125.0,-32.54134
1386158281.25,-32.53742
1386158437.5,-32.53959
1386158593.75,-32.53279
1386158750.0,-32.53693
1386158906.25,-32.53735
1386159062.5,-32.53882
1386159218.75,-32.54175
1386159375.0,-32.53415
1386159531.25,-32.53284
1386159687.5,-32.52777
1386159843.75,-32.53815
1386160000.0,-32.53696
1386160156.25,-32.52947
1386160312.5,-32.53487
1386160468.75,-32.52267
1386160625.0,-32.52864
1386160781.25,-32.52464
1386160937.5,-32.52383
1386161093.75,-32.5257
1386161250.0,-32.52746
1386161406.25,-32.51427
1386161562.5,-32.52136
1386161718.75,-32.52403
1386161875.0,-32.51411
1386162031.25,-32.51189
1386162187.5,-32.51372
1386162343.75,-32.51529
1386162500.0,-32.5103
1386162656.25,-32.51077
1386162812.5,-32.51501
1386162968.75,-32.51362
1386163125.0,-32.50949
1386163281.25,-32.50669
1386163437.5,-32.51416
1386163593.75,-32.50481
1386163750.0,-32.5098
1386163906.25,-32.50706
1386164062.5,-32.51007
1386164218.75,-32.5099
1386164375.0,-32.50252
1386164531.25,-32.49824
1386164687.5,-32.49895
1386164843.75,-32.49908
1386165000.0,-32.50057
1386165156.25,-32.50074
1386165312.5,-32.50475
1386165468.75,-32.5054
1386165625.0,-32.49929
1386165781.25,-32.50036
1386165937.5,-32.49224
1386166093.75,-32.49153
1386166250.0,-32.48695
1386166406.25,-32.49267
1386166562.5,-32.49004
1386166718.75,-32.49575
1386166875.0,-32.49618
1386167031.25,-32.48678
1386167187.5,-32.48827
1386167343.75,-32.48731
1386167500.0,-32.48912
1386167656.25,-32.49312
1386167812.5,-32.47853
1386167968.75,-32.47503
1386168125.0,-32.48268
1386168281.25,-32.47426
1386168437.5,-32.4852
1386168593.75,-32.47824
1386168750.0,-32.47571
1386168906.25,-32.47503
1386169062.5,-32.47543
1386169218.75,-32.47884
1386169375.0,-32.46885
1386169531.25,-32.47029
1386169687.5,-32.47141
1386169843.75,-32.47155
1386170000.0,-32.46655
1386170156.25,-32.46841
1386170312.5,-32.45896
1386170468.75,-32.46877
1386170625.0,-32.46772
1386170781.25,-32.46661
1386170937.5,-32.46677
1386171093.75,-32.45841
1386171250.0,-32.46609
1386171406.25,-32.46246
1386171562.5,-32.46478
1386171718.75,-32.45837
1386171875.0,-32.45197
1386172031.25,-32.46322
1386172187.5,-32.44988
1386172343.75,-32.45352
1386172500.0,-32.45761
1386172656.25,-32.44921
1386172812.5,-32.44529
1386172968.75,-32.45446
1386173125.0,-32.44819
1386173281.25,-32.44713
1386173437.5,-32.44533
1386173593.75,-32.45127
1386173750.0,-32.44497
1386173906.25,-32.44443
1386174062.5,-32.44016
1386174218.75,-32.44299
1386174375.0,-32.43636
1386174531.25,-32.43648
1386174687.5,-32.43438
1386174843.75,-32.43598
1386175000.0,-32.44421
1386175156.25,-32.44053
1386175312.5,-32.43531
1386175468.75,-32.43846
1386175625.0,-32.43284
1386175781.25,-32.42453
1386175937.5,-32.4338
1386176093.75,-32.43023
1386176250.0,-32.43166
1386176406.25,-32.42566
1386176562.5,-32.42504
1386176718.75,-32.43266
1386176875.0,-32.42373
1386177031.25,-32.42646
1386177187.5,-32.43134
1386177343.75,-32.42149
1386177500.0,-32.42744
1386177656.25,-32.42097
1386177812.5,-32.42046
1386177968.75,-32.41674
1386178125.0,-32.41821
1386178281.25,-32.41697
1386178437.5,-32.4052
1386178593.75,-32.41287
1386178750.0,-32.40707
1386178906.25,-32.40845
1386179062.5,-32.41462
1386179218.75,-32.41407
1386179375.0,-32.40842
1386179531.25,-32.40882
1386179687.5,-32.40627
1386179843.75,-32.40359
1386180000.0,-32.40801
1386180156.25,-32.40417
1386180312.5,-32.40259
1386180468.75,-32.40365
1386180625.0,-32.40449
1386180781.25,-32.404
1386180937.5,-32.39203
1386181093.75,-32.40429
1386181250.0,-32.40028
1386181406.25,-32.398
1386181562.5,-32.39723
1386181718.75,-32.3856
1386181875.0,-32.40173
1386182031.25,-32.39887
1386182187.5,-32.38967
1386182343.75,-32.38898
1386182500.0,-32.38753
1386182656.25,-32.39424
1386182812.5,-32.3915
1386182968.75,-32.38634
1386183125.0,-32.38799
1386183281.25,-32.38149
1386183437.5,-32.38274
1386183593.75,-32.38927
1386183750.0,-32.37634
1386183906.25,-32.38049
1386184062.5,-32.38459
1386184218.75,-32.37997
1386184375.0,-32.37275
1386184531.25,-32.37682
1386184687.5,-32.37162
1386184843.75,-32.36801
1386185000.0,-32.37242
1386185156.25,-32.37213
1386185312.5,-32.37276
1386185468.75,-32.36528
1386185625.0,-32.37127
1386185781.25,-32.37268
1386185937.5,-32.37254
1386186093.75,-32.36287
1386186250.0,-32.37271
1386186406.25,-32.36569
1386186562.5,-32.36169
1386186718.75,-32.37387
1386186875.0,-32.3589
1386187031.25,-32.35667
1386187187.5,-32.35865
1386187343.75,-32.35435
1386187500.0,-32.36166
1386187656.25,-32.36144
1386187812.5,-32.35201
1386187968.75,-32.35204
1386188125.0,-32.34597
1386188281.25,-32.35585
1386188437.5,-32.35671
1386188593.75,-32.34843
1386188750.0,-32.35226
1386188906.25,-32.34979
1386189062.5,-32.34516
1386189218.75,-32.34595
1386189375.0,-32.34356
1386189531.25,-32.34599
1386189687.5,-32.34587
1386189843.75,-32.34193
1386190000.0,-32.33902
1386190156.25,-32.34112
1386190312.5,-32.34315
1386190468.75,-32.34128
1386190625.0,-32.34404
1386190781.25,-32.34068
1386190937.5,-32.33711
1386191093.75,-32.33928
1386191250.0,-32.33489
1386191406.25,-32.32716
1386191562.5,-32.33654
1386191718.75,-32.33549
1386191875.0,-32.33188
1386192031.25,-32.32991
1386192187.5,-32.32476
1386192343.75,-32.32085
1386192500.0,-32.32606
1386192656.25,-32.32941
1386192812.5,-32.32378
1386192968.75,-32.32132
1386193125.0,-32.32789
1386193281.25,-32.32317
1386193437.5,-32.32584
1386193593.75,-32.32355
1386193750.0,-32.3228
1386193906.25,-32.3201
1386194062.5,-32.3121
1386194218.75,-32.31065
1386194375.0,-32.31255
1386194531.25,-32.30883
1386194687.5,-32.31712
1386194843.75,-32.3186
1386195000.0,-32.31329
1386195156.25,-32.31173
1386195312.5,-32.30682
1386195468.75,-32.305
1386195625.0,-32.3117
1386195781.25,-32.30776
1386195937.5,-32.29516
1386196093.75,-32.30467
1386196250.0,-32.30301
1386196406.25,-32.30388
1386196562.5,-32.30486
1386196718.75,-32.30263
1386196875.0,-32.3013
1386197031.25,-32.30214
1386197187.5,-32.29712
1386197343.75,-32.29516
1386197500.0,-32.29853
1386197656.25,-32.29802
1386197812.5,-32.28769
1386197968.75,-32.28958
1386198125.0,-32.28861
1386198281.25,-32.294
1386198437.5,-32.297
1386198593.75,-32.28864
1386198750.0,-32.28711
1386198906.25,-32.28529
1386199062.5,-32.28211
1386199218.75,-32.28957
1386199375.0,-32.28867
1386199531.25,-32.28063
1386199687.5,-32.28197
1386199843.75,-32.28037
1386200000.0,-32.27525
1386200156.25,-32.28233
1386200312.5,-32.27565
1386200468.75,-32.27349
1386200625.0,-32.27355
1386200781.25,-32.27322
1386200937.5,-32.27339
1386201093.75,-32.28008
1386201250.0,-32.26753
1386201406.25,-32.26946
1386201562.5,-32.27493
1386201718.75,-32.26582
1386201875.0,-32.26324
1386202031.25,-32.27048
1386202187.5,-32.27373
1386202343.75,-32.26116
1386202500.0,-32.26008
1386202656.25,-32.26278
1386202812.5,-32.2583
1386202968.75,-32.26717
1386203125.0,-32.26023
1386203281.25,-32.25828
1386203437.5,-32.25336
1386203593.75,-32.25242
1386203750.0,-32.25278
1386203906.25,-32.25413
1386204062.5,-32.25552
1386204218.75,-32.24796
1386204375.0,-32.24618
1386204531.25,-32.25832
1386204687.5,-32.24715
1386204843.75,-32.24979
1386205000.0,-32.24955
1386205156.25,-32.24298
1386205312.5,-32.25225
1386205468.75,-32.24525
1386205625.0,-32.24319
1386205781.25,-32.2407
1386205937.5,-32.24225
1386206093.75,-32.2405
1386206250.0,-32.2429
1386206406.25,-32.23687
1386206562.5,-32.236
1386206718.75,-32.2339
1386206875.0,-32.23536
1386207031.25,-32.23543
1386207187.5,-32.2385
1386207343.75,-32.23538
1386207500.0,-32.23121
1386207656.25,-32.23405
1386207812.5,-32.23158
1386207968.75,-32.22547
1386208125.0,-32.23123
1386208281.25,-32.21687
1386208437.5,-32.2192
1386208593.75,-32.22331
1386208750.0,-32.21898
1386208906.25,-32.21795
1386209062.5,-32.21768
1386209218.75,-32.21319
1386209375.0,-32.21815
1386209531.25,-32.21642
1386209687.5,-32.2163
1386209843.75,-32.2185
1386210000.0,-32.21372
1386210156.25,-32.21519
1386210312.5,-32.21123
1386210468.75,-32.20978
1386210625.0,-32.21532
1386210781.25,-32.2085
1386210937.5,-32.2104
1386211093.75,-32.2059
1386211250.0,-32.21494
1386211406.25,-32.20814
1386211562.5,-32.20919
1386211718.75,-32.20843
1386211875.0,-32.20542
1386212031.25,-32.20021
1386212187.5,-32.20637
1386212343.75,-32.19916
1386212500.0,-32.201
1386212656.25,-32.19141
1386212812.5,-32.19697
1386212968.75,-32.19502
1386213125.0,-32.19066
1386213281.25,-32.1924
1386213437.5,-32.19781
1386213593.75,-32.19246
1386213750.0,-32.19065
1386213906.25,-32.19523
1386214062.5,-32.18579
1386214218.75,-32.18683
1386214375.0,-32.17709
1386214531.25,-32.18938
1386214687.5,-32.18478
1386214843.75,-32.18215
1386215000.0,-32.1887
1386215156.25,-32.18486
1386215312.5,-32.18316
1386215468.75,-32.18099
1386215625.0,-32.18475
1386215781.25,-32.1821
1386215937.5,-32.17422
1386216093.75,-32.17812
1386216250.0,-32.18151
1386216406.25,-32.17722
1386216562.5,-32.17428
1386216718.75,-32.17264
1386216875.0,-32.16848
1386217031.25,-32.16711
1386217187.5,-32.16745
1386217343.75,-32.16198
1386217500.0,-32.17019
1386217656.25,-32.16771
1386217812.5,-32.1661
1386217968.75,-32.16746
1386218125.0,-32.16145
1386218281.25,-32.16878
1386218437.5,-32.16059
1386218593.75,-32.1622
1386218750.0,-32.16541
1386218906.25,-32.15321
1386219062.5,-32.15702
1386219218.75,-32.15506
1386219375.0,-32.15319
1386219531.25,-32.15829
1386219687.5,-32.15468
1386219843.75,-32.15232
1386220000.0,-32.14894
1386220156.25,-32.14579
1386220312.5,-32.14904
1386220468.75,-32.14759
1386220625.0,-32.13877
1386220781.25,-32.15493
1386220937.5,-32.13739
1386221093.75,-32.13866
1386221250.0,-32.13676
1386221406.25,-32.14275
1386221562.5,-32.14072
1386221718.75,-32.14617
1386221875.0,-32.13607
1386222031.25,-32.13835
1386222187.5,-32.13219
1386222343.75,-32.14233
1386222500.0,-32.13831
1386222656.25,-32.13037
1386222812.5,-32.12835
1386222968.75,-32.12964
1386223125.0,-32.1328
1386223281.25,-32.12494
1386223437.5,-32.12848
1386223593.75,-32.12796
1386223750.0,-32.12662
1386223906.25,-32.11589
1386224062.5,-32.12442
1386224218.75,-32.123
1386224375.0,-32.12539
1386224531.25,-32.11987
1386224687.5,-32.11429
1386224843.75,-32.11994
1386225000.0,-32.11946
1386225156.25,-32.12177
1386225312.5,-32.12094
1386225468.75,-32.11659
1386225625.0,-32.12215
1386225781.25,-32.11456
1386225937.5,-32.11211
1386226093.75,-32.10959
1386226250.0,-32.11314
1386226406.25,-32.10762
1386226562.5,-32.11429
1386226718.75,-32.10608
1386226875.0,-32.10286
1386227031.25,-32.10095
1386227187.5,-32.10262
1386227343.75,-32.09978
1386227500.0,-32.10474
1386227656.25,-32.09912
1386227812.5,-32.10463
1386227968.75,-32.09943
1386228125.0,-32.09968
1386228281.25,-32.09207
1386228437.5,-32.09422
1386228593.75,-32.08869
1386228750.0,-32.09081
1386228906.25,-32.09498
1386229062.5,-32.08966
1386229218.75,-32.09101
1386229375.0,-32.09229
1386229531.25,-32.08812
1386229687.5,-32.08909
1386229843.75,-32.08812
1386230000.0,-32.07687
1386230156.25,-32.07804
1386230312.5,-32.08672
1386230468.75,-32.08184
1386230625.0,-32.0802
1386230781.25,-32.08328
1386230937.5,-32.07554
1386231093.75,-32.06868
1386231250.0,-32.07535
1386231406.25,-32.07365
1386231562.5,-32.07427
1386231718.75,-32.0756
1386231875.0,-32.07075
1386232031.25,-32.07047
1386232187.5,-32.0743
1386232343.75,-32.07093
1386232500.0,-32.0669
1386232656.25,-32.06761
1386232812.5,-32.0714
1386232968.75,-32.06596
1386233125.0,-32.06039
1386233281.25,-32.0604
1386233437.5,-32.06552
1386233593.75,-32.06623
1386233750.0,-32.06524
1386233906.25,-32.05732
1386234062.5,-32.0559
1386234218.75,-32.05774
1386234375.0,-32.05482
1386234531.25,-32.05495
1386234687.5,-32.05816
1386234843.75,-32.0579
1386235000.0,-32.0557
1386235156.25,-32.05001
1386235312.5,-32.04972
1386235468.75,-32.04169
1386235625.0,-32.04817
1386235781.25,-32.0481
1386235937.5,-32.04824
1386236093.75,-32.0471
1386236250.0,-32.0447
1386236406.25,-32.04633
1386236562.5,-32.03963
1386236718.75,-32.04173
1386236875.0,-32.0458
1386237031.25,-32.04467
1386237187.5,-32.03556
1386237343.75,-32.0387
1386237500.0,-32.03268
1386237656.25,-32.02755
1386237812.5,-32.02434
1386237968.75,-32.03653
1386238125.0,-32.03991
1386238281.25,-32.02882
1386238437.5,-32.03345
1386238593.75,-32.03382
1386238750.0,-32.02309
1386238906.25,-32.02225
1386239062.5,-32.02682
1386239218.75,-32.02677
1386239375.0,-32.02322
1386239531.25,-32.02084
1386239687.5,-32.02153
1386239843.75,-32.01554
1386240000.0,-32.01759
1386240156.25,-32.0182
1386240312.5,-32.01369
1386240468.75,-32.02471
1386240625.0,-32.00839
1386240781.25,-32.0135
1386240937.5,-32.01853
1386241093.75,-32.01594
1386241250.0,-32.00917
1386241406.25,-32.01326
1386241562.5,-32.01522
1386241718.75,-32.01093
1386241875.0,-32.01122
1386242031.25,-32.00871
1386242187.5,-31.99538
1386242343.75,-32.00642
1386242500.0,-32.00076
1386242656.25,-32.00018
1386242812.5,-31.99929
1386242968.75,-32.00274
1386243125.0,-32.00055
1386243281.25,-31.99859
1386243437.5,-32.00138
1386243593.75,-31.99723
1386243750.0,-31.99809
1386243906.25,-31.9933
1386244062.5,-31.99661
1386244218.75,-31.99785
1386244375.0,-31.99222
1386244531.25,-31.98857
1386244687.5,-31.98975
1386244843.75,-31.99046
1386245000.0,-31.99428
1386245156.25,-31.98546
1386245312.5,-31.98705
1386245468.75,-31.98276
1386245625.0,-31.97979
1386245781.25,-31.98269
1386245937.5,-31.9819
1386246093.75,-31.98183
1386246250.0,-31.97915
1386246406.25,-31.97724
1386246562.5,-31.97492
1386246718.75,-31.97407
1386246875.0,-31.97927
1386247031.25,-31.97724
1386247187.5,-31.97572
1386247343.75,-31.97754
1386247500.0,-31.97077
1386247656.25,-31.9646
1386247812.5,-31.96682
1386247968.75,-31.96865
1386248125.0,-31.96658
1386248281.25,-31.96721
1386248437.5,-31.9607
1386248593.75,-31.96145
1386248750.0,-31.96311
1386248906.25,-31.96552
1386249062.5,-31.95485
1386249218.75,-31.95919
1386249375.0,-31.96075
1386249531.25,-31.95868
1386249687.5,-31.94799
1386249843.75,-31.95911
1386250000.0,-31.9477
1386250156.25,-31.95364
1386250312.5,-31.947
1386250468.75,-31.94635
1386250625.0,-31.95445
1386250781.25,-31.94935
1386250937.5,-31.94387
1386251093.75,-31.94686
1386251250.0,-31.94207
1386251406.25,-31.94774
1386251562.5,-31.94785
1386251718.75,-31.93595
1386251875.0,-31.94293
1386252031.25,-31.94296
1386252187.5,-31.93922
1386252343.75,-31.93233
1386252500.0,-31.93874
1386252656.25,-31.93719
1386252812.5,-31.93568
1386252968.75,-31.93481
1386253125.0,-31.9329
1386253281.25,-31.92891
1386253437.5,-31.92924
1386253593.75,-31.92567
1386253750.0,-31.929
1386253906.25,-31.92763
1386254062.5,-31.93322
1386254218.75,-31.92156
1386254375.0,-31.92253
1386254531.25,-31.92102
1386254687.5,-31.93017
1386254843.75,-31.92488
1386255000.0,-31.91896
1386255156.25,-31.91688
1386255312.5,-31.92258
1386255468.75,-31.91897
1386255625.0,-31.91884
1386255781.25,-31.91539
1386255937.5,-31.91776
1386256093.75,-31.91276
1386256250.0,-31.91474
1386256406.25,-31.90808
1386256562.5,-31.90937
1386256718.75,-31.90913
1386256875.0,-31.90829
1386257031.25,-31.90684
1386257187.5,-31.90312
1386257343.75,-31.90016
1386257500.0,-31.91248
1386257656.25,-31.89963
1386257812.5,-31.90524
1386257968.75,-31.90114
1386258125.0,-31.90346
1386258281.25,-31.90166
1386258437.5,-31.89464
1386258593.75,-31.89087
1386258750.0,-31.89672
1386258906.25,-31.89203
1386259062.5,-31.8918
1386259218.75,-31.89427
1386259375.0,-31.89405
1386259531.25,-31.88781
1386259687.5,-31.88939
1386259843.75,-31.88066
1386260000.0,-31.88649
1386260156.25,-31.8904
1386260312.5,-31.88885
1386260468.75,-31.88345
1386260625.0,-31.87853
1386260781.25,-31.88457
1386260937.5,-31.88092
1386261093.75,-31.88263
1386261250.0,-31.88233
1386261406.25,-31.87926
1386261562.5,-31.87052
1386261718.75,-31.87848
1386261875.0,-31.87345
1386262031.25,-31.86704
1386262187.5,-31.86848
1386262343.75,-31.87314
1386262500.0,-31.86908
1386262656.25,-31.86895
1386262812.5,-31.86682
1386262968.75,-31.87135
1386263125.0,-31.86819
1386263281.25,-31.86672
1386263437.5,-31.86602
1386263593.75,-31.86748
1386263750.0,-31.86144
1386263906.25,-31.85835
1386264062.5,-31.85792
1386264218.75,-31.85449
1386264375.0,-31.8539
1386264531.25,-31.85526
1386264687.5,-31.85575
1386264843.75,-31.85459
1386265000.0,-31.85295
1386265156.25,-31.84848
1386265312.5,-31.85152
1386265468.75,-31.85508
1386265625.0,-31.84895
1386265781.25,-31.85022
1386265937.5,-31.84719
1386266093.75,-31.84715
1386266250.0,-31.84537
1386266406.25,-31.84447
1386266562.5,-31.84512
1386266718.75,-31.83533
1386266875.0,-31.84554
1386267031.25,-31.84141
1386267187.5,-31.841
1386267343.75,-31.84338
1386267500.0,-31.84268
1386267656.25,-31.83694
1386267812.5,-31.8353
1386267968.75,-31.83347
1386268125.0,-31.83757
1386268281.25,-31.8348
1386268437.5,-31.82768
1386268593.75,-31.83551
1386268750.0,-31.82732
1386268906.25,-31.82446
1386269062.5,-31.82773
1386269218.75,-31.82985
1386269375.0,-31.82546
1386269531.25,-31.82397
1386269687.5,-31.81153
1386269843.75,-31.8192
1386270000.0,-31.8201
1386270156.25,-31.81776
1386270312.5,-31.81367
1386270468.75,-31.8119
1386270625.0,-31.8112
1386270781.25,-31.81084
1386270937.5,-31.81173
1386271093.75,-31.81361
1386271250.0,-31.81177
1386271406.25,-31.80791
1386271562.5,-31.81506
1386271718.75,-31.80811
1386271875.0,-31.80624
1386272031.25,-31.80214
1386272187.5,-31.80351
1386272343.75,-31.79594
1386272500.0,-31.79985
1386272656.25,-31.80367
1386272812.5,-31.80161
1386272968.75,-31.79835
1386273125.0,-31.79363
1386273281.25,-31.79813
1386273437.5,-31.7977
1386273593.75,-31.79267
1386273750.0,-31.79481
1386273906.25,-31.79539
1386274062.5,-31.7957
1386274218.75,-31.79394
1386274375.0,-31.78988
1386274531.25,-31.78846
1386274687.5,-31.79441
1386274843.75,-31.78389
1386275000.0,-31.78221
1386275156.25,-31.78161
1386275312.5,-31.78582
1386275468.75,-31.7849
1386275625.0,-31.77085
1386275781.25,-31.77848
1386275937.5,-31.77317
1386276093.75,-31.77748
1386276250.0,-31.78486
1386276406.25,-31.78386
1386276562.5,-31.77563
1386276718.75,-31.77022
1386276875.0,-31.76917
1386277031.25,-31.77445
1386277187.5,-31.77645
1386277343.75,-31.76384
1386277500.0,-31.76758
1386277656.25,-31.76496
1386277812.5,-31.76261
1386277968.75,-31.76251
1386278125.0,-31.76705
1386278281.25,-31.76914
1386278437.5,-31.76242
1386278593.75,-31.76053
1386278750.0,-31.76632
1386278906.25,-31.75487
1386279062.5,-31.76498
1386279218.75,-31.75995
1386279375.0,-31.75687
1386279531.25,-31.75291
1386279687.5,-31.75291
1386279843.75,-31.75178
1386280000.0,-31.75313
1386280156.25,-31.75533
1386280312.5,-31.74553
1386280468.75,-31.74957
1386280625.0,-31.75035
1386280781.25,-31.74342
1386280937.5,-31.73853
1386281093.75,-31.74105
1386281250.0,-31.74356
1386281406.25,-31.74524
1386281562.5,-31.74011
1386281718.75,-31.74503
1386281875.0,-31.74026
1386282031.25,-31.7458
1386282187.5,-31.7445
1386282343.75,-31.74141
1386282500.0,-31.73743
1386282656.25,-31.73476
1386282812.5,-31.73865
1386282968.75,-31.73083
1386283125.0,-31.73063
1386283281.25,-31.73507
1386283437.5,-31.73545
1386283593.75,-31.72744
1386283750.0,-31.72709
1386283906.25,-31.72956
1386284062.5,-31.72918
1386284218.75,-31.72739
1386284375.0,-31.72362
1386284531.25,-31.721
1386284687.5,-31.7177
1386284843.75,-31.71894
1386285000.0,-31.71674
1386285156.25,-31.71645
1386285312.5,-31.71771
1386285468.75,-31.71079
1386285625.0,-31.71222
1386285781.25,-31.71273
1386285937.5,-31.71311
1386286093.75,-31.70558
1386286250.0,-31.70744
1386286406.25,-31.70603
1386286562.5,-31.71172
1386286718.75,-31.6994
1386286875.0,-31.70944
1386287031.25,-31.70355
1386287187.5,-31.70624
1386287343.75,-31.70404
1386287500.0,-31.70353
1386287656.25,-31.70233
1386287812.5,-31.69661
1386287968.75,-31.70136
1386288125.0,-31.70623
1386288281.25,-31.69457
1386288437.5,-31.69463
1386288593.75,-31.69299
1386288750.0,-31.69449
1386288906.25,-31.69246
1386289062.5,-31.69643
1386289218.75,-31.68324
1386289375.0,-31.69256
1386289531.25,-31.68525
1386289687.5,-31.68524
1386289843.75,-31.68881
1386290000.0,-31.68466
1386290156.25,-31.68466
1386290312.5,-31.68686
1386290468.75,-31.68036
1386290625.0,-31.68486
1386290781.25,-31.67983
1386290937.5,-31.68096
1386291093.75,-31.67674
1386291250.0,-31.67487
1386291406.25,-31.67534
1386291562.5,-31.67105
1386291718.75,-31.66865
1386291875.0,-31.67706
1386292031.25,-31.66354
1386292187.5,-31.66976
1386292343.75,-31.6629
1386292500.0,-31.66644
1386292656.25,-31.67178
1386292812.5,-31.65996
1386292968.75,-31.66004
1386293125.0,-31.66121
1386293281.25,-31.66279
1386293437.5,-31.65848
1386293593.75,-31.65724
1386293750.0,-31.6622
1386293906.25,-31.65595
1386294062.5,-31.65392
1386294218.75,-31.65544
1386294375.0,-31.65826
1386294531.25,-31.65012
1386294687.5,-31.64138
1386294843.75,-31.64442
1386295000.0,-31.64707
1386295156.25,-31.65015
1386295312.5,-31.64854
1386295468.75,-31.64832
1386295625.0,-31.64112
1386295781.25,-31.64222
1386295937.5,-31.63895
1386296093.75,-31.64351
1386296250.0,-31.64006
1386296406.25,-31.64309
1386296562.5,-31.64139
1386296718.75,-31.63287
1386296875.0,-31.64027
1386297031.25,-31.637
1386297187.5,-31.63894
1386297343.75,-31.63299
1386297500.0,-31.63195
1386297656.25,-31.62836
1386297812.5,-31.62548
1386297968.75,-31.62683
1386298125.0,-31.62167
1386298281.25,-31.62946
1386298437.5,-31.62019
1386298593.75,-31.62465
1386298750.0,-31.62534
1386298906.25,-31.62342
1386299062.5,-31.62138
1386299218.75,-31.62446
1386299375.0,-31.62062
1386299531.25,-31.61309
1386299687.5,-31.61539
1386299843.75,-31.61495
1386300000.0,-31.61629
1386300156.25,-31.61538
1386300312.5,-31.61805
1386300468.75,-31.60558
1386300625.0,-31.61037
1386300781.25,-31.60848
1386300937.5,-31.61141
1386301093.75,-31.60978
1386301250.0,-31.60743
1386301406.25,-31.60832
1386301562.5,-31.60455
1386301718.75,-31.59967
1386301875.0,-31.60191
1386302031.25,-31.60152
1386302187.5,-31.60279
1386302343.75,-31.59514
1386302500.0,-31.59921
1386302656.25,-31.59425
1386302812.5,-31.59423
1386302968.75,-31.59524
1386303125.0,-31.59444
1386303281.25,-31.59484
1386303437.5,-31.58646
1386303593.75,-31.59927
1386303750.0,-31.59223
1386303906.25,-31.58642
1386304062.5,-31.59414
1386304218.75,-31.58709
1386304375.0,-31.5825
1386304531.25,-31.57815
1386304687.5,-31.5855
1386304843.75,-31.58343
1386305000.0,-31.57705
1386305156.25,-31.58118
1386305312.5,-31.5795
1386305468.75,-31.58224
1386305625.0,-31.57907
1386305781.25,-31.57813
1386305937.5,-31.57187
1386306093.75,-31.57006
1386306250.0,-31.56896
1386306406.25,-31.56855
1386306562.5,-31.56921
1386306718.75,-31.57103
1386306875.0,-31.56584
1386307031.25,-31.57024
1386307187.5,-31.55663
1386307343.75,-31.57456
1386307500.0,-31.56174
1386307656.25,-31.5615
1386307812.5,-31.56046
1386307968.75,-31.56411
1386308125.0,-31.55855
1386308281.25,-31.56085
1386308437.5,-31.55656
1386308593.75,-31.55424
1386308750.0,-31.55656
1386308906.25,-31.55009
1386309062.5,-31.55297
1386309218.75,-31.54623
1386309375.0,-31.55268
1386309531.25,-31.54989
1386309687.5,-31.55614
1386309843.75,-31.5448
1386310000.0,-31.54712
1386310156.25,-31.55013
1386310312.5,-31.54642
1386310468.75,-31.54685
1386310625.0,-31.5441
1386310781.25,-31.54494
1386310937.5,-31.5362
1386311093.75,-31.53431
1386311250.0,-31.5392
1386311406.25,-31.53653
1386311562.5,-31.53257
1386311718.75,-31.52447
1386311875.0,-31.53498
1386312031.25,-31.53263
1386312187.5,-31.52485
1386312343.75,-31.52738
1386312500.0,-31.53432
1386312656.25,-31.53147
1386312812.5,-31.52705
1386312968.75,-31.53196
1386313125.0,-31.52554
1386313281.25,-31.5229
1386313437.5,-31.52013
1386313593.75,-31.52434
1386313750.0,-31.5169
1386313906.25,-31.51614
1386314062.5,-31.51409
1386314218.75,-31.51753
1386314375.0,-31.51288
1386314531.25,-31.51528
1386314687.5,-31.5147
1386314843.75,-31.5068
1386315000.0,-31.50999
1386315156.25,-31.51373
1386315312.5,-31.50913
1386315468.75,-31.50995
1386315625.0,-31.50578
1386315781.25,-31.50848
1386315937.5,-31.5121
1386316093.75,-31.50547
1386316250.0,-31.50605
1386316406.25,-31.50681
1386316562.5,-31.50236
1386316718.75,-31.49768
1386316875.0,-31.49702
1386317031.25,-31.49813
1386317187.5,-31.48946
1386317343.75,-31.50007
1386317500.0,-31.48697
1386317656.25,-31.49102
1386317812.5,-31.49735
1386317968.75,-31.48793
1386318125.0,-31.49279
1386318281.25,-31.49193
1386318437.5,-31.493
1386318593.75,-31.48173
1386318750.0,-31.48075
1386318906.25,-31.4895
1386319062.5,-31.48416
1386319218.75,-31.48176
1386319375.0,-31.48442
1386319531.25,-31.47719
1386319687.5,-31.47291
1386319843.75,-31.47287
1386320000.0,-31.47438
1386320156.25,-31.47206
1386320312.5,-31.47525
1386320468.75,-31.47272
1386320625.0,-31.47642
1386320781.25,-31.4687
1386320937.5,-31.46763
1386321093.75,-31.47078
1386321250.0,-31.46572
1386321406.25,-31.46382
1386321562.5,-31.46825
1386321718.75,-31.46677
1386321875.0,-31.46275
1386322031.25,-31.45848
1386322187.5,-31.46042
1386322343.75,-31.46502
1386322500.0,-31.45839
1386322656.25,-31.46256
1386322812.5,-31.45025
1386322968.75,-31.45089
1386323125.0,-31.4559
1386323281.25,-31.45701
1386323437.5,-31.45055
1386323593.75,-31.44773
1386323750.0,-31.45336
1386323906.25,-31.44468
1386324062.5,-31.44811
1386324218.75,-31.45038
1386324375.0,-31.4495
1386324531.25,-31.4448
1386324687.5,-31.44216
1386324843.75,-31.44011
1386325000.0,-31.44514
1386325156.25,-31.4383
1386325312.5,-31.43203
1386325468.75,-31.43704
1386325625.0,-31.43145
1386325781.25,-31.43698
1386325937.5,-31.43553
1386326093.75,-31.43333
1386326250.0,-31.4279
1386326406.25,-31.43166
1386326562.5,-31.42997
1386326718.75,-31.42949
1386326875.0,-31.43071
1386327031.25,-31.4306
1386327187.5,-31.42286
1386327343.75,-31.4248
1386327500.0,-31.42583
1386327656.25,-31.41911
1386327812.5,-31.42136
1386327968.75,-31.41449
1386328125.0,-31.41895
1386328281.25,-31.42336
1386328437.5,-31.41292
1386328593.75,-31.40947
1386328750.0,-31.41263
1386328906.25,-31.4146
1386329062.5,-31.40964
1386329218.75,-31.40745
1386329375.0,-31.41
1386329531.25,-31.40867
1386329687.5,-31.40506
1386329843.75,-31.40982
1386330000.0,-31.40615
1386330156.25,-31.40425
1386330312.5,-31.40589
1386330468.75,-31.39831
1386330625.0,-31.39995
1386330781.25,-31.40416
1386330937.5,-31.39403
1386331093.75,-31.39627
1386331250.0,-31.39641
1386331406.25,-31.3982
1386331562.5,-31.3951
1386331718.75,-31.39855
1386331875.0,-31.39054
1386332031.25,-31.39259
1386332187.5,-31.38611
1386332343.75,-31.38633
1386332500.0,-31.38856
1386332656.25,-31.38405
1386332812.5,-31.38271
1386332968.75,-31.38787
1386333125.0,-31.38518
1386333281.25,-31.38827
1386333437.5,-31.38071
1386333593.75,-31.38381
1386333750.0,-31.38555
1386333906.25,-31.37587
1386334062.5,-31.37662
1386334218.75,-31.37934
1386334375.0,-31.37104
1386334531.25,-31.38249
1386334687.5,-31.37039
1386334843.75,-31.36679
1386335000.0,-31.37119
1386335156.25,-31.37095
1386335312.5,-31.36773
1386335468.75,-31.36943
1386335625.0,-31.36845
1386335781.25,-31.363
1386335937.5,-31.37665
1386336093.75,-31.36098
1386336250.0,-31.35804
1386336406.25,-31.36451
1386336562.5,-31.3535
1386336718.75,-31.3612
1386336875.0,-31.35871
1386337031.25,-31.36394
1386337187.5,-31.35916
1386337343.75,-31.35582
1386337500.0,-31.34797
1386337656.25,-31.35476
1386337812.5,-31.35872
1386337968.75,-31.35055
1386338125.0,-31.35412
1386338281.25,-31.34548
1386338437.5,-31.34265
1386338593.75,-31.34076
1386338750.0,-31.346
1386338906.25,-31.34475
1386339062.5,-31.34458
1386339218.75,-31.33821
1386339375.0,-31.33681
1386339531.25,-31.33671
1386339687.5,-31.33691
1386339843.75,-31.33311
1386340000.0,-31.33146
1386340156.25,-31.33477
1386340312.5,-31.33621
1386340468.75,-31.32738
1386340625.0,-31.33318
1386340781.25,-31.33245
1386340937.5,-31.3251
1386341093.75,-31.32784
1386341250.0,-31.32708
1386341406.25,-31.31838
1386341562.5,-31.3252
1386341718.75,-31.32209
1386341875.0,-31.3259
1386342031.25,-31.32042
1386342187.5,-31.32682
1386342343.75,-31.31879
1386342500.0,-31.31676
1386342656.25,-31.31664
1386342812.5,-31.32003
1386342968.75,-31.31381
1386343125.0,-31.30656
1386343281.25,-31.31125
1386343437.5,-31.30743
1386343593.75,-31.30942
1386343750.0,-31.3052
1386343906.25,-31.30782
1386344062.5,-31.30757
1386344218.75,-31.30268
1386344375.0,-31.29829
1386344531.25,-31.30903
1386344687.5,-31.30218
1386344843.75,-31.30397
1386345000.0,-31.29941
1386345156.25,-31.29876
1386345312.5,-31.2992
1386345468.75,-31.29729
1386345625.0,-31.29527
1386345781.25,-31.29788
1386345937.5,-31.2873
1386346093.75,-31.29518
1386346250.0,-31.28727
1386346406.25,-31.28611
1386346562.5,-31.28826
1386346718.75,-31.28554
1386346875.0,-31.28309
1386347031.25,-31.27904
1386347187.5,-31.28367
1386347343.75,-31.28604
1386347500.0,-31.29019
1386347656.25,-31.28641
1386347812.5,-31.27299
1386347968.75,-31.27594
1386348125.0,-31.27214
1386348281.25,-31.27592
1386348437.5,-31.26997
1386348593.75,-31.27605
1386348750.0,-31.27377
1386348906.25,-31.26983
1386349062.5,-31.26776
1386349218.75,-31.26946
1386349375.0,-31.27456
1386349531.25,-31.26969
1386349687.5,-31.26706
1386349843.75,-31.2725
1386350000.0,-31.26485
1386350156.25,-31.26514
1386350312.5,-31.26293
1386350468.75,-31.25761
1386350625.0,-31.26169
1386350781.25,-31.25751
1386350937.5,-31.25655
1386351093.75,-31.2569
1386351250.0,-31.25375
1386351406.25,-31.25496
1386351562.5,-31.25642
1386351718.75,-31.25838
1386351875.0,-31.24837
1386352031.25,-31.24926
1386352187.5,-31.25368
1386352343.75,-31.24609
1386352500.0,-31.23916
1386352656.25,-31.24234
1386352812.5,-31.25029
1386352968.75,-31.24197
1386353125.0,-31.24261
1386353281.25,-31.24032
1386353437.5,-31.23752
1386353593.75,-31.24314
1386353750.0,-31.23717
1386353906.25,-31.23995
1386354062.5,-31.23765
1386354218.75,-31.23319
1386354375.0,-31.23421
1386354531.25,-31.23151
1386354687.5,-31.22861
1386354843.75,-31.23166
1386355000.0,-31.23237
1386355156.25,-31.2285
1386355312.5,-31.22591
1386355468.75,-31.23118
1386355625.0,-31.22173
1386355781.25,-31.22118
1386355937.5,-31.22732
1386356093.75,-31.22683
1386356250.0,-31.2166
1386356406.25,-31.21572
1386356562.5,-31.21647
1386356718.75,-31.21806
1386356875.0,-31.21554
1386357031.25,-31.21289
1386357187.5,-31.20895
1386357343.75,-31.21142
1386357500.0,-31.20673
1386357656.25,-31.20904
1386357812.5,-31.20586
1386357968.75,-31.20504
1386358125.0,-31.20947
1386358281.25,-31.20751
1386358437.5,-31.203
1386358593.75,-31.20549
1386358750.0,-31.19991
1386358906.25,-31.20273
1386359062.5,-31.19608
1386359218.75,-31.19879
1386359375.0,-31.19037
1386359531.25,-31.19468
1386359687.5,-31.19512
1386359843.75,-31.19054
1386360000.0,-31.18943
1386360156.25,-31.18913
1386360312.5,-31.18651
1386360468.75,-31.19019
1386360625.0,-31.18693
1386360781.25,-31.18859
1386360937.5,-31.18346
1386361093.75,-31.18867
1386361250.0,-31.18168
1386361406.25,-31.18139
1386361562.5,-31.17789
1386361718.75,-31.18204
1386361875.0,-31.17915
1386362031.25,-31.17969
1386362187.5,-31.17901
1386362343.75,-31.17824
1386362500.0,-31.17462
1386362656.25,-31.17224
1386362812.5,-31.17358
1386362968.75,-31.16739
1386363125.0,-31.16552
1386363281.25,-31.16853
1386363437.5,-31.17159
1386363593.75,-31.16414
1386363750.0,-31.17081
1386363906.25,-31.16953
1386364062.5,-31.16246
1386364218.75,-31.16137
1386364375.0,-31.16303
1386364531.25,-31.15961
1386364687.5,-31.15775
1386364843.75,-31.15181
1386365000.0,-31.16093
1386365156.25,-31.15354
1386365312.5,-31.1556
1386365468.75,-31.15506
1386365625.0,-31.14906
1386365781.25,-31.15396
1386365937.5,-31.15212
1386366093.75,-31.14393
1386366250.0,-31.14673
1386366406.25,-31.14306
1386366562.5,-31.14285
1386366718.75,-31.14191
1386366875.0,-31.14113
1386367031.25,-31.14268
1386367187.5,-31.13719
1386367343.75,-31.1353
1386367500.0,-31.13966
1386367656.25,-31.1395
1386367812.5,-31.1352
1386367968.75,-31.13142
1386368125.0,-31.13708
1386368281.25,-31.13579
1386368437.5,-31.13295
1386368593.75,-31.12721
1386368750.0,-31.12341
1386368906.25,-31.12183
1386369062.5,-31.12423
1386369218.75,-31.12409
1386369375.0,-31.12892
1386369531.25,-31.11789
1386369687.5,-31.11891
1386369843.75,-31.11273
1386370000.0,-31.11415
1386370156.25,-31.11759
1386370312.5,-31.1165
1386370468.75,-31.12012
1386370625.0,-31.11583
1386370781.25,-31.1146
1386370937.5,-31.10987
1386371093.75,-31.10774
1386371250.0,-31.11649
1386371406.25,-31.11081
1386371562.5,-31.10849
1386371718.75,-31.11107
1386371875.0,-31.10753
1386372031.25,-31.10703
1386372187.5,-31.10687
1386372343.75,-31.10158
1386372500.0,-31.10286
1386372656.25,-31.10148
1386372812.5,-31.09817
1386372968.75,-31.09802
1386373125.0,-31.09819
1386373281.25,-31.09696
1386373437.5,-31.09719
1386373593.75,-31.0898
1386373750.0,-31.08659
1386373906.25,-31.09054
1386374062.5,-31.09461
1386374218.75,-31.09025
1386374375.0,-31.09468
1386374531.25,-31.0893
1386374687.5,-31.08141
1386374843.75,-31.08586
1386375000.0,-31.08349
1386375156.25,-31.08689
1386375312.5,-31.08341
1386375468.75,-31.07952
1386375625.0,-31.08288
1386375781.25,-31.07726
1386375937.5,-31.07391
1386376093.75,-31.0701
1386376250.0,-31.07574
1386376406.25,-31.0724
1386376562.5,-31.06936
1386376718.75,-31.07027
1386376875.0,-31.06798
1386377031.25,-31.07353
1386377187.5,-31.06238
1386377343.75,-31.06952
1386377500.0,-31.07401
1386377656.25,-31.06882
1386377812.5,-31.05956
1386377968.75,-31.06448
1386378125.0,-31.05782
1386378281.25,-31.06162
1386378437.5,-31.05523
1386378593.75,-31.05036
1386378750.0,-31.05913
1386378906.25,-31.05544
1386379062.5,-31.05778
1386379218.75,-31.05053
1386379375.0,-31.05448
1386379531.25,-31.04894
1386379687.5,-31.04495
1386379843.75,-31.04675
1386380000.0,-31.04301
1386380156.25,-31.04482
1386380312.5,-31.05063
1386380468.75,-31.04637
1386380625.0,-31.04295
1386380781.25,-31.03993
1386380937.5,-31.0383
1386381093.75,-31.04262
1386381250.0,-31.03364
1386381406.25,-31.0332
1386381562.5,-31.03117
1386381718.75,-31.03217
1386381875.0,-31.03382
1386382031.25,-31.02559
1386382187.5,-31.03095
1386382343.75,-31.02798
1386382500.0,-31.02705
1386382656.25,-31.02892
1386382812.5,-31.0262
1386382968.75,-31.02782
1386383125.0,-31.02158
1386383281.25,-31.02034
1386383437.5,-31.02311
1386383593.75,-31.01422
1386383750.0,-31.01542
1386383906.25,-31.00991
1386384062.5,-31.01706
1386384218.75,-31.01285
1386384375.0,-31.01053
1386384531.25,-31.01209
1386384687.5,-31.0172
1386384843.75,-31.01485
1386385000.0,-31.00341
1386385156.25,-31.00891
1386385312.5,-31.00152
1386385468.75,-30.99909
1386385625.0,-31.00402
1386385781.25,-31.00452
1386385937.5,-31.00408
1386386093.75,-30.99881
1386386250.0,-30.99778
1386386406.25,-30.99724
1386386562.5,-30.99916
1386386718.75,-30.99326
1386386875.0,-30.99265
1386387031.25,-30.99299
1386387187.5,-30.99931
1386387343.75,-30.99213
1386387500.0,-30.99442
1386387656.25,-30.9968
1386387812.5,-30.991
1386387968.75,-30.98795
1386388125.0,-30.98556
1386388281.25,-30.98655
1386388437.5,-30.99019
1386388593.75,-30.98339
1386388750.0,-30.982
1386388906.25,-30.9856
1386389062.5,-30.97923
1386389218.75,-30.98342
1386389375.0,-30.97544
1386389531.25,-30.98094
1386389687.5,-30.97815
1386389843.75,-30.97166
1386390000.0,-30.97874
1386390156.25,-30.97443
1386390312.5,-30.97068
1386390468.75,-30.96601
1386390625.0,-30.96611
1386390781.25,-30.9687
1386390937.5,-30.96374
1386391093.75,-30.96705
1386391250.0,-30.96671
1386391406.25,-30.96389
1386391562.5,-30.95737
1386391718.75,-30.95855
1386391875.0,-30.96062
1386392031.25,-30.9556
1386392187.5,-30.95568
1386392343.75,-30.95254
1386392500.0,-30.95131
1386392656.25,-30.95432
1386392812.5,-30.95305
1386392968.75,-30.95731
1386393125.0,-30.95028
1386393281.25,-30.94338
1386393437.5,-30.9438
1386393593.75,-30.94051
1386393750.0,-30.94467
1386393906.25,-30.94511
1386394062.5,-30.94251
1386394218.75,-30.94015
1386394375.0,-30.93877
1386394531.25,-30.94187
1386394687.5,-30.93788
1386394843.75,-30.93633
1386395000.0,-30.92963
1386395156.25,-30.92819
1386395312.5,-30.93822
1386395468.75,-30.92653
1386395625.0,-30.9333
1386395781.25,-30.92564
1386395937.5,-30.92327
1386396093.75,-30.93195
1386396250.0,-30.9288
1386396406.25,-30.91726
1386396562.5,-30.92565
1386396718.75,-30.92415
1386396875.0,-30.9192
1386397031.25,-30.92005
1386397187.5,-30.9143
1386397343.75,-30.91829
1386397500.0,-30.9145
1386397656.25,-30.91858
1386397812.5,-30.91125
1386397968.75,-30.91204
1386398125.0,-30.9096
1386398281.25,-30.90736
1386398437.5,-30.90749
1386398593.75,-30.91016
1386398750.0,-30.90956
1386398906.25,-30.90377
1386399062.5,-30.91025
1386399218.75,-30.89924
1386399375.0,-30.90087
1386399531.25,-30.90281
1386399687.5,-30.89919
1386399843.75,-30.89583
1386400000.0,-30.89652
1386400156.25,-30.90265
1386400312.5,-30.89397
1386400468.75,-30.89024
1386400625.0,-30.89401
1386400781.25,-30.89897
1386400937.5,-30.88614
1386401093.75,-30.88964
1386401250.0,-30.89053
1386401406.25,-30.88815
1386401562.5,-30.88733
1386401718.75,-30.88072
1386401875.0,-30.88511
1386402031.25,-30.88191
1386402187.5,-30.88036
1386402343.75,-30.87559
1386402500.0,-30.87589
1386402656.25,-30.87537
1386402812.5,-30.87473
1386402968.75,-30.87585
1386403125.0,-30.87391
1386403281.25,-30.87006
1386403437.5,-30.87027
1386403593.75,-30.86948
1386403750.0,-30.87242
1386403906.25,-30.86575
1386404062.5,-30.86885
1386404218.75,-30.86516
1386404375.0,-30.86608
1386404531.25,-30.86266
1386404687.5,-30.86131
1386404843.75,-30.86304
1386405000.0,-30.85493
1386405156.25,-30.86092
1386405312.5,-30.85417
1386405468.75,-30.86057
1386405625.0,-30.85658
1386405781.25,-30.85643
1386405937.5,-30.85247
1386406093.75,-30.85592
1386406250.0,-30.85264
1386406406.25,-30.84816
1386406562.5,-30.85089
1386406718.75,-30.8507
1386406875.0,-30.84493
1386407031.25,-30.84575
1386407187.5,-30.84777
1386407343.75,-30.84292
1386407500.0,-30.84225
1386407656.25,-30.84084
1386407812.5,-30.84184
1386407968.75,-30.83863
1386408125.0,-30.83488
1386408281.25,-30.84093
1386408437.5,-30.83566
1386408593.75,-30.83269
1386408750.0,-30.83702
1386408906.25,-30.83106
1386409062.5,-30.82832
1386409218.75,-30.82462
1386409375.0,-30.82472
1386409531.25,-30.82914
1386409687.5,-30.82392
1386409843.75,-30.82749
1386410000.0,-30.82289
1386410156.25,-30.81877
1386410312.5,-30.82142
1386410468.75,-30.82214
1386410625.0,-30.81634
1386410781.25,-30.81569
1386410937.5,-30.80864
1386411093.75,-30.81701
1386411250.0,-30.81616
1386411406.25,-30.81542
1386411562.5,-30.80807
1386411718.75,-30.80764
1386411875.0,-30.80828
1386412031.25,-30.81019
1386412187.5,-30.80673
1386412343.75,-30.80505
1386412500.0,-30.80576
1386412656.25,-30.80108
1386412812.5,-30.79876
1386412968.75,-30.80445
1386413125.0,-30.79656
1386413281.25,-30.79634
1386413437.5,-30.79572
1386413593.75,-30.79748
1386413750.0,-30.78783
1386413906.25,-30.7981
1386414062.5,-30.79631
1386414218.75,-30.79009
1386414375.0,-30.79348
1386414531.25,-30.79036
1386414687.5,-30.78608
1386414843.75,-30.79207
1386415000.0,-30.78003
1386415156.25,-30.78194
1386415312.5,-30.78412
1386415468.75,-30.78134
1386415625.0,-30.77731
1386415781.25,-30.7818
1386415937.5,-30.77888
1386416093.75,-30.77344
1386416250.0,-30.77722
1386416406.25,-30.76458
1386416562.5,-30.77156
1386416718.75,-30.77409
1386416875.0,-30.77418
1386417031.25,-30.77262
1386417187.5,-30.76474
1386417343.75,-30.77043
1386417500.0,-30.76677
1386417656.25,-30.77227
1386417812.5,-30.76926
1386417968.75,-30.76378
1386418125.0,-30.75768
1386418281.25,-30.75859
1386418437.5,-30.75487
1386418593.75,-30.75723
1386418750.0,-30.75787
1386418906.25,-30.75216
1386419062.5,-30.75617
1386419218.75,-30.75512
1386419375.0,-30.75556
1386419531.25,-30.74935
1386419687.5,-30.75286
1386419843.75,-30.75113
1386420000.0,-30.7451
1386420156.25,-30.74449
1386420312.5,-30.7456
1386420468.75,-30.73565
1386420625.0,-30.74096
1386420781.25,-30.74303
1386420937.5,-30.7403
1386421093.75,-30.73546
1386421250.0,-30.73699
1386421406.25,-30.73851
1386421562.5,-30.73583
1386421718.75,-30.73059
1386421875.0,-30.73028
1386422031.25,-30.73584
1386422187.5,-30.73086
1386422343.75,-30.72856
1386422500.0,-30.7269
1386422656.25,-30.7217
1386422812.5,-30.72583
1386422968.75,-30.72685
1386423125.0,-30.72102
1386423281.25,-30.7235
1386423437.5,-30.72048
1386423593.75,-30.72455
1386423750.0,-30.72408
1386423906.25,-30.71846
1386424062.5,-30.72161
1386424218.75,-30.71461
1386424375.0,-30.70833
1386424531.25,-30.70836
1386424687.5,-30.70716
1386424843.75,-30.71287
1386425000.0,-30.70503
1386425156.25,-30.70632
1386425312.5,-30.70725
1386425468.75,-30.70885
1386425625.0,-30.71029
1386425781.25,-30.70124
1386425937.5,-30.7003
1386426093.75,-30.69857
1386426250.0,-30.69858
1386426406.25,-30.70094
1386426562.5,-30.69723
1386426718.75,-30.69553
1386426875.0,-30.69478
1386427031.25,-30.69077
1386427187.5,-30.69155
1386427343.75,-30.6923
1386427500.0,-30.68763
1386427656.25,-30.6868
1386427812.5,-30.6912
1386427968.75,-30.68537
1386428125.0,-30.68261
1386428281.25,-30.6875
1386428437.5,-30.68517
1386428593.75,-30.67958
1386428750.0,-30.67952
1386428906.25,-30.67707
1386429062.5,-30.67419
1386429218.75,-30.68078
1386429375.0,-30.67952
1386429531.25,-30.67757
1386429687.5,-30.67069
1386429843.75,-30.67475
1386430000.0,-30.67467
1386430156.25,-30.66593
1386430312.5,-30.668
1386430468.75,-30.66829
1386430625.0,-30.67095
1386430781.25,-30.66065
1386430937.5,-30.66697
1386431093.75,-30.66463
1386431250.0,-30.66116
1386431406.25,-30.65627
1386431562.5,-30.65849
1386431718.75,-30.64874
1386431875.0,-30.65921
1386432031.25,-30.65533
1386432187.5,-30.65839
1386432343.75,-30.66049
1386432500.0,-30.6528
1386432656.25,-30.64876
1386432812.5,-30.65771
1386432968.75,-30.64749
1386433125.0,-30.65009
1386433281.25,-30.64273
1386433437.5,-30.64245
1386433593.75,-30.64277
1386433750.0,-30.63797
1386433906.25,-30.64224
1386434062.5,-30.64083
1386434218.75,-30.63765
1386434375.0,-30.6382
1386434531.25,-30.63345
1386434687.5,-30.63149
1386434843.75,-30.62716
1386435000.0,-30.63034
1386435156.25,-30.63288
1386435312.5,-30.63001
1386435468.75,-30.63017
1386435625.0,-30.61985
1386435781.25,-30.62939
1386435937.5,-30.62322
1386436093.75,-30.62085
1386436250.0,-30.6211
1386436406.25,-30.62072
1386436562.5,-30.61631
1386436718.75,-30.61655
1386436875.0,-30.61575
1386437031.25,-30.61448
1386437187.5,-30.61759
1386437343.75,-30.61923
1386437500.0,-30.60605
1386437656.25,-30.60951
1386437812.5,-30.60371
1386437968.75,-30.60761
1386438125.0,-30.60785
1386438281.25,-30.60316
1386438437.5,-30.6044
1386438593.75,-30.60214
1386438750.0,-30.60517
1386438906.25,-30.60799
1386439062.5,-30.59832
1386439218.75,-30.59369
1386439375.0,-30.59634
1386439531.25,-30.60207
1386439687.5,-30.59449
1386439843.75,-30.59582
1386440000.0,-30.58789
1386440156.25,-30.59304
1386440312.5,-30.58816
1386440468.75,-30.59099
1386440625.0,-30.58805
1386440781.25,-30.584
1386440937.5,-30.59038
1386441093.75,-30.58959
1386441250.0,-30.58502
1386441406.25,-30.58442
1386441562.5,-30.575
1386441718.75,-30.58233
1386441875.0,-30.58508
1386442031.25,-30.58103
1386442187.5,-30.57951
1386442343.75,-30.57017
1386442500.0,-30.57207
1386442656.25,-30.57739
1386442812.5,-30.57433
1386442968.75,-30.57097
1386443125.0,-30.5686
1386443281.25,-30.57102
1386443437.5,-30.5654
1386443593.75,-30.56605
1386443750.0,-30.56298
1386443906.25,-30.56694
1386444062.5,-30.56487
1386444218.75,-30.56091
1386444375.0,-30.55907
1386444531.25,-30.56014
1386444687.5,-30.55571
1386444843.75,-30.55621
1386445000.0,-30.55498
1386445156.25,-30.55401
1386445312.5,-30.55347
1386445468.75,-30.54577
1386445625.0,-30.55559
1386445781.25,-30.54882
1386445937.5,-30.54863
1386446093.75,-30.54771
1386446250.0,-30.54678
1386446406.25,-30.54483
1386446562.5,-30.54485
1386446718.75,-30.54289
1386446875.0,-30.54352
1386447031.25,-30.54163
1386447187.5,-30.54061
1386447343.75,-30.53582
1386447500.0,-30.53559
1386447656.25,-30.53942
1386447812.5,-30.53564
1386447968.75,-30.53539
1386448125.0,-30.52801
1386448281.25,-30.53282
1386448437.5,-30.52946
1386448593.75,-30.52947
1386448750.0,-30.52749
1386448906.25,-30.52227
1386449062.5,-30.52765
1386449218.75,-30.5256
1386449375.0,-30.52563
1386449531.25,-30.52364
1386449687.5,-30.52044
1386449843.75,-30.51626
1386450000.0,-30.51423
1386450156.25,-30.51739
1386450312.5,-30.51213
1386450468.75,-30.51879
1386450625.0,-30.513
1386450781.25,-30.50419
1386450937.5,-30.50931
1386451093.75,-30.50904
1386451250.0,-30.5097
1386451406.25,-30.50766
1386451562.5,-30.51015
1386451718.75,-30.50124
1386451875.0,-30.50244
1386452031.25,-30.50129
1386452187.5,-30.50094
1386452343.75,-30.49514
1386452500.0,-30.50123
1386452656.25,-30.49928
1386452812.5,-30.49185
1386452968.75,-30.49477
1386453125.0,-30.48876
1386453281.25,-30.49283
1386453437.5,-30.482
1386453593.75,-30.48722
1386453750.0,-30.48586
1386453906.25,-30.48654
1386454062.5,-30.48511
1386454218.75,-30.4802
1386454375.0,-30.48113
1386454531.25,-30.48003
1386454687.5,-30.48372
1386454843.75,-30.47482
1386455000.0,-30.47757
1386455156.25,-30.47612
1386455312.5,-30.47933
1386455468.75,-30.47082
1386455625.0,-30.47142
1386455781.25,-30.46584
1386455937.5,-30.46779
1386456093.75,-30.4754
1386456250.0,-30.46582
1386456406.25,-30.46415
1386456562.5,-30.4651
1386456718.75,-30.46375
1386456875.0,-30.45834
1386457031.25,-30.46868
1386457187.5,-30.45602
1386457343.75,-30.46737
1386457500.0,-30.45839
1386457656.25,-30.45352
1386457812.5,-30.45468
1386457968.75,-30.45494
1386458125.0,-30.45405
1386458281.25,-30.45049
1386458437.5,-30.44681
1386458593.75,-30.4488
1386458750.0,-30.44638
1386458906.25,-30.45036
1386459062.5,-30.44414
1386459218.75,-30.44662
1386459375.0,-30.44458
1386459531.25,-30.43691
1386459687.5,-30.4375
1386459843.75,-30.43592
1386460000.0,-30.44296
1386460156.25,-30.43383
1386460312.5,-30.43512
1386460468.75,-30.43728
1386460625.0,-30.43623
1386460781.25,-30.43105
1386460937.5,-30.4297
1386461093.75,-30.4295
1386461250.0,-30.4328
1386461406.25,-30.42584
1386461562.5,-30.42686
1386461718.75,-30.4232
1386461875.0,-30.42408
1386462031.25,-30.42549
1386462187.5,-30.42257
1386462343.75,-30.42162
1386462500.0,-30.41963
1386462656.25,-30.4111
1386462812.5,-30.41214
1386462968.75,-30.41847
1386463125.0,-30.42162
1386463281.25,-30.41007
1386463437.5,-30.41022
1386463593.75,-30.40519
1386463750.0,-30.40608
1386463906.25,-30.40814
1386464062.5,-30.40833
1386464218.75,-30.40343
1386464375.0,-30.40442
1386464531.25,-30.40636
1386464687.5,-30.40178
1386464843.75,-30.3994
1386465000.0,-30.40281
1386465156.25,-30.39524
1386465312.5,-30.39575
1386465468.75,-30.39448
1386465625.0,-30.39728
1386465781.25,-30.39205
1386465937.5,-30.39151
1386466093.75,-30.39143
1386466250.0,-30.38892
1386466406.25,-30.38757
1386466562.5,-30.39066
1386466718.75,-30.38597
1386466875.0,-30.37989
1386467031.25,-30.38541
1386467187.5,-30.38172
1386467343.75,-30.37768
1386467500.0,-30.38327
1386467656.25,-30.37615
1386467812.5,-30.37645
1386467968.75,-30.37642
1386468125.0,-30.37298
1386468281.25,-30.38096
1386468437.5,-30.36974
1386468593.75,-30.37074
1386468750.0,-30.36482
1386468906.25,-30.36834
1386469062.5,-30.3656
1386469218.75,-30.36534
1386469375.0,-30.3603
1386469531.25,-30.36585
1386469687.5,-30.36329
1386469843.75,-30.3641
1386470000.0,-30.35587
1386470156.25,-30.35859
1386470312.5,-30.35311
1386470468.75,-30.35226
1386470625.0,-30.35824
1386470781.25,-30.35229
1386470937.5,-30.35559
1386471093.75,-30.35426
1386471250.0,-30.34908
1386471406.25,-30.34485
1386471562.5,-30.3476
1386471718.75,-30.34427
1386471875.0,-30.34645
1386472031.25,-30.33842
1386472187.5,-30.34296
1386472343.75,-30.34056
1386472500.0,-30.3395
1386472656.25,-30.34079
1386472812.5,-30.33841
1386472968.75,-30.3338
1386473125.0,-30.33516
1386473281.25,-30.33385
1386473437.5,-30.33097
1386473593.75,-30.33209
1386473750.0,-30.324
1386473906.25,-30.3272
1386474062.5,-30.32708
1386474218.75,-30.3241
1386474375.0,-30.32793
1386474531.25,-30.31712
1386474687.5,-30.32056
1386474843.75,-30.3195
1386475000.0,-30.32377
1386475156.25,-30.31482
1386475312.5,-30.32125
1386475468.75,-30.31641
1386475625.0,-30.31779
1386475781.25,-30.31004
1386475937.5,-30.31231
1386476093.75,-30.31254
1386476250.0,-30.30955
1386476406.25,-30.30783
1386476562.5,-30.30566
1386476718.75,-30.31128
1386476875.0,-30.30839
1386477031.25,-30.3119
1386477187.5,-30.30772
1386477343.75,-30.30289
1386477500.0,-30.2923
1386477656.25,-30.3002
1386477812.5,-30.30136
1386477968.75,-30.29471
1386478125.0,-30.29499
1386478281.25,-30.29511
1386478437.5,-30.2911
1386478593.75,-30.29085
1386478750.0,-30.29121
1386478906.25,-30.28519
1386479062.5,-30.28312
1386479218.75,-30.28665
1386479375.0,-30.28316
1386479531.25,-30.28139
1386479687.5,-30.27753
1386479843.75,-30.28026
1386480000.0,-30.27951
1386480156.25,-30.27735
1386480312.5,-30.28268
1386480468.75,-30.27237
1386480625.0,-30.27451
1386480781.25,-30.27521
1386480937.5,-30.27365
1386481093.75,-30.26799
1386481250.0,-30.26802
1386481406.25,-30.26527
1386481562.5,-30.27081
1386481718.75,-30.26561
1386481875.0,-30.26536
1386482031.25,-30.26104
1386482187.5,-30.25584
1386482343.75,-30.25983
1386482500.0,-30.25892
1386482656.25,-30.25669
1386482812.5,-30.26113
1386482968.75,-30.25303
1386483125.0,-30.26051
1386483281.25,-30.25288
1386483437.5,-30.25096
1386483593.75,-30.25263
1386483750.0,-30.24829
1386483906.25,-30.25116
1386484062.5,-30.25206
1386484218.75,-30.24642
1386484375.0,-30.2447
1386484531.25,-30.24516
1386484687.5,-30.23744
1386484843.75,-30.23923
1386485000.0,-30.24112
1386485156.25,-30.23484
1386485312.5,-30.23155
1386485468.75,-30.23702
1386485625.0,-30.23301
1386485781.25,-30.23393
1386485937.5,-30.23891
1386486093.75,-30.23319
1386486250.0,-30.22868
1386486406.25,-30.22383
1386486562.5,-30.22892
1386486718.75,-30.21922
1386486875.0,-30.22403
1386487031.25,-30.21811
1386487187.5,-30.22313
1386487343.75,-30.21938
1386487500.0,-30.22301
1386487656.25,-30.22154
1386487812.5,-30.2177
1386487968.75,-30.21943
1386488125.0,-30.21455
1386488281.25,-30.21415
1386488437.5,-30.21456
1386488593.75,-30.21046
1386488750.0,-30.2066
1386488906.25,-30.21108
1386489062.5,-30.21207
1386489218.75,-30.20382
1386489375.0,-30.20453
1386489531.25,-30.20374
1386489687.5,-30.19828
1386489843.75,-30.19943
1386490000.0,-30.19978
1386490156.25,-30.1983
1386490312.5,-30.19687
1386490468.75,-30.19701
1386490625.0,-30.19489
1386490781.25,-30.19427
1386490937.5,-30.18745
1386491093.75,-30.19146
1386491250.0,-30.19254
1386491406.25,-30.1862
1386491562.5,-30.18265
1386491718.75,-30.18367
1386491875.0,-30.18093
1386492031.25,-30.18571
1386492187.5,-30.18371
1386492343.75,-30.17498
1386492500.0,-30.18007
1386492656.25,-30.17951
1386492812.5,-30.17547
1386492968.75,-30.17485
1386493125.0,-30.17277
1386493281.25,-30.17272
1386493437.5,-30.16121
1386493593.75,-30.17329
1386493750.0,-30.17421
1386493906.25,-30.16877
1386494062.5,-30.16687
1386494218.75,-30.16222
1386494375.0,-30.16383
1386494531.25,-30.15896
1386494687.5,-30.16193
1386494843.75,-30.15934
1386495000.0,-30.15079
1386495156.25,-30.15592
1386495312.5,-30.15195
1386495468.75,-30.155
1386495625.0,-30.1519
1386495781.25,-30.14259
1386495937.5,-30.15168
1386496093.75,-30.1464
1386496250.0,-30.15258
1386496406.25,-30.14743
1386496562.5,-30.14508
1386496718.75,-30.13677
1386496875.0,-30.1442
1386497031.25,-30.13855
1386497187.5,-30.14306
1386497343.75,-30.1464
1386497500.0,-30.13284
1386497656.25,-30.13371
1386497812.5,-30.13153
1386497968.75,-30.13054
1386498125.0,-30.13339
1386498281.25,-30.13275
1386498437.5,-30.13301
1386498593.75,-30.12979
1386498750.0,-30.12488
1386498906.25,-30.12822
1386499062.5,-30.12467
1386499218.75,-30.12348
1386499375.0,-30.12557
1386499531.25,-30.12083
1386499687.5,-30.11812
1386499843.75,-30.11638
1386500000.0,-30.11716
1386500156.25,-30.11675
1386500312.5,-30.11197
1386500468.75,-30.11171
1386500625.0,-30.11386
1386500781.25,-30.11427
1386500937.5,-30.11117
1386501093.75,-30.10489
1386501250.0,-30.10537
1386501406.25,-30.10354
1386501562.5,-30.10358
1386501718.75,-30.10342
1386501875.0,-30.09895
1386502031.25,-30.10299
1386502187.5,-30.10067
1386502343.75,-30.09355
1386502500.0,-30.09511
1386502656.25,-30.09737
1386502812.5,-30.09785
1386502968.75,-30.09625
1386503125.0,-30.09244
1386503281.25,-30.09214
1386503437.5,-30.08998
1386503593.75,-30.08535
1386503750.0,-30.0875
1386503906.25,-30.08503
1386504062.5,-30.08502
1386504218.75,-30.08486
1386504375.0,-30.07745
1386504531.25,-30.07962
1386504687.5,-30.08535
1386504843.75,-30.07164
1386505000.0,-30.082
1386505156.25,-30.0728
1386505312.5,-30.07625
1386505468.75,-30.07593
1386505625.0,-30.07453
1386505781.25,-30.07605
1386505937.5,-30.06845
1386506093.75,-30.06901
1386506250.0,-30.06935
1386506406.25,-30.06255
1386506562.5,-30.06423
1386506718.75,-30.06512
1386506875.0,-30.06189
1386507031.25,-30.06022
1386507187.5,-30.05528
1386507343.75,-30.05951
1386507500.0,-30.05472
1386507656.25,-30.05367
1386507812.5,-30.05109
1386507968.75,-30.05409
1386508125.0,-30.04923
1386508281.25,-30.04816
1386508437.5,-30.04322
1386508593.75,-30.04775
1386508750.0,-30.04972
1386508906.25,-30.04144
1386509062.5,-30.0448
1386509218.75,-30.04528
1386509375.0,-30.04165
1386509531.25,-30.03862
1386509687.5,-30.03493
1386509843.75,-30.03672
1386510000.0,-30.03329
1386510156.25,-30.03507
1386510312.5,-30.03525
1386510468.75,-30.0302
1386510625.0,-30.02614
1386510781.25,-30.03411
1386510937.5,-30.03092
1386511093.75,-30.03019
1386511250.0,-30.02757
1386511406.25,-30.02199
1386511562.5,-30.02526
1386511718.75,-30.02392
1386511875.0,-30.02182
1386512031.25,-30.0201
1386512187.5,-30.01864
1386512343.75,-30.02233
1386512500.0,-30.01455
1386512656.25,-30.01234
1386512812.5,-30.01569
1386512968.75,-30.00624
1386513125.0,-30.00956
1386513281.25,-30.00966
1386513437.5,-30.00278
1386513593.75,-30.0054
1386513750.0,-30.00528
1386513906.25,-30.00919
1386514062.5,-30.00129
1386514218.75,-30.0004
1386514375.0,-30.002
1386514531.25,-29.9929
1386514687.5,-29.99902
1386514843.75,-29.99641
1386515000.0,-29.99492
1386515156.25,-29.99509
1386515312.5,-29.98535
1386515468.75,-29.98703
1386515625.0,-29.99137
1386515781.25,-29.98758
1386515937.5,-29.98228
1386516093.75,-29.97838
1386516250.0,-29.98715
1386516406.25,-29.98408
1386516562.5,-29.98578
1386516718.75,-29.97971
1386516875.0,-29.97791
1386517031.25,-29.97823
1386517187.5,-29.97528
1386517343.75,-29.97514
1386517500.0,-29.97357
1386517656.25,-29.97096
1386517812.5,-29.97802
1386517968.75,-29.97181
1386518125.0,-29.96708
1386518281.25,-29.96877
1386518437.5,-29.96548
1386518593.75,-29.96141
1386518750.0,-29.95855
1386518906.25,-29.95934
1386519062.5,-29.96672
1386519218.75,-29.96202
1386519375.0,-29.95887
1386519531.25,-29.95579
1386519687.5,-29.95493
1386519843.75,-29.95765
1386520000.0,-29.95209
1386520156.25,-29.95715
1386520312.5,-29.95352
1386520468.75,-29.95248
1386520625.0,-29.94981
1386520781.25,-29.94817
1386520937.5,-29.94098
1386521093.75,-29.94611
1386521250.0,-29.94462
1386521406.25,-29.94327
1386521562.5,-29.9407
1386521718.75,-29.94405
1386521875.0,-29.93491
1386522031.25,-29.93947
1386522187.5,-29.93504
1386522343.75,-29.92946
1386522500.0,-29.9329
1386522656.25,-29.93098
1386522812.5,-29.93486
1386522968.75,-29.92271
1386523125.0,-29.92794
1386523281.25,-29.92456
1386523437.5,-29.92326
1386523593.75,-29.92167
1386523750.0,-29.92021
1386523906.25,-29.91973
1386524062.5,-29.92102
1386524218.75,-29.91947
1386524375.0,-29.91391
1386524531.25,-29.92052
1386524687.5,-29.91738
1386524843.75,-29.91077
1386525000.0,-29.9186
1386525156.25,-29.91181
1386525312.5,-29.91361
1386525468.75,-29.90183
1386525625.0,-29.90434
1386525781.25,-29.90369
1386525937.5,-29.90618
1386526093.75,-29.90297
1386526250.0,-29.8994
1386526406.25,-29.90157
1386526562.5,-29.8941
1386526718.75,-29.89806
1386526875.0,-29.89148
1386527031.25,-29.89325
1386527187.5,-29.89293
1386527343.75,-29.89166
1386527500.0,-29.89207
1386527656.25,-29.89004
1386527812.5,-29.88418
1386527968.75,-29.88532
1386528125.0,-29.88499
1386528281.25,-29.88925
1386528437.5,-29.88693
1386528593.75,-29.88132
1386528750.0,-29.8799
1386528906.25,-29.882
1386529062.5,-29.87576
1386529218.75,-29.87432
1386529375.0,-29.87182
1386529531.25,-29.87434
1386529687.5,-29.87288
1386529843.75,-29.87165
1386530000.0,-29.8657
1386530156.25,-29.86871
1386530312.5,-29.86868
1386530468.75,-29.86555
1386530625.0,-29.86438
1386530781.25,-29.86678
1386530937.5,-29.85398
1386531093.75,-29.85633
1386531250.0,-29.85668
1386531406.25,-29.86225
1386531562.5,-29.8557
1386531718.75,-29.85355
1386531875.0,-29.85744
1386532031.25,-29.84972
1386532187.5,-29.84883
1386532343.75,-29.84575
1386532500.0,-29.84942
1386532656.25,-29.85075
1386532812.5,-29.85175
1386532968.75,-29.84653
1386533125.0,-29.84368
1386533281.25,-29.84048
1386533437.5,-29.84238
1386533593.75,-29.84159
1386533750.0,-29.8416
1386533906.25,-29.83354
1386534062.5,-29.83234
1386534218.75,-29.83298
1386534375.0,-29.83137
1386534531.25,-29.83219
1386534687.5,-29.8268
1386534843.75,-29.8266
1386535000.0,-29.82792
1386535156.25,-29.82692
1386535312.5,-29.82714
1386535468.75,-29.82627
1386535625.0,-29.8178
1386535781.25,-29.82296
1386535937.5,-29.82227
1386536093.75,-29.82039
1386536250.0,-29.81726
1386536406.25,-29.82173
1386536562.5,-29.81662
1386536718.75,-29.8122
1386536875.0,-29.8103
1386537031.25,-29.81236
1386537187.5,-29.81579
1386537343.75,-29.8073
1386537500.0,-29.80248
1386537656.25,-29.80681
1386537812.5,-29.80092
1386537968.75,-29.79614
1386538125.0,-29.7985
1386538281.25,-29.80093
1386538437.5,-29.79598
1386538593.75,-29.79707
1386538750.0,-29.79952
1386538906.25,-29.79636
1386539062.5,-29.79482
1386539218.75,-29.7916
1386539375.0,-29.79196
1386539531.25,-29.78985
1386539687.5,-29.793
1386539843.75,-29.78861
1386540000.0,-29.78543
1386540156.25,-29.7876
1386540312.5,-29.78525
1386540468.75,-29.78251
1386540625.0,-29.7744
1386540781.25,-29.77745
1386540937.5,-29.77708
1386541093.75,-29.77569
1386541250.0,-29.77496
1386541406.25,-29.76943
1386541562.5,-29.76975
1386541718.75,-29.77046
1386541875.0,-29.76787
1386542031.25,-29.76747
1386542187.5,-29.76347
1386542343.75,-29.76746
1386542500.0,-29.76496
1386542656.25,-29.76436
1386542812.5,-29.76257
1386542968.75,-29.75598
1386543125.0,-29.76188
1386543281.25,-29.75961
1386543437.5,-29.75423
1386543593.75,-29.75431
1386543750.0,-29.75425
1386543906.25,-29.75207
1386544062.5,-29.75541
1386544218.75,-29.75486
1386544375.0,-29.74948
1386544531.25,-29.74462
1386544687.5,-29.74274
1386544843.75,-29.74901
1386545000.0,-29.74443
1386545156.25,-29.74132
1386545312.5,-29.74478
1386545468.75,-29.73473
1386545625.0,-29.73698
1386545781.25,-29.73577
1386545937.5,-29.73789
1386546093.75,-29.73362
1386546250.0,-29.73427
1386546406.25,-29.73424
1386546562.5,-29.73043
1386546718.75,-29.72819
1386546875.0,-29.72547
1386547031.25,-29.72846
1386547187.5,-29.72785
1386547343.75,-29.72152
1386547500.0,-29.71991
1386547656.25,-29.72145
1386547812.5,-29.72495
1386547968.75,-29.71516
1386548125.0,-29.71811
1386548281.25,-29.71599
1386548437.5,-29.71176
1386548593.75,-29.71269
1386548750.0,-29.71336
1386548906.25,-29.71206
1386549062.5,-29.70662
1386549218.75,-29.70697
1386549375.0,-29.70577
1386549531.25,-29.70164
1386549687.5,-29.7002
1386549843.75,-29.70243
1386550000.0,-29.70333
1386550156.25,-29.70028
1386550312.5,-29.69495
1386550468.75,-29.6999
1386550625.0,-29.69336
1386550781.25,-29.69631
1386550937.5,-29.68958
1386551093.75,-29.69563
1386551250.0,-29.68926
1386551406.25,-29.69067
1386551562.5,-29.68654
1386551718.75,-29.69254
1386551875.0,-29.68576
1386552031.25,-29.68094
1386552187.5,-29.68435
1386552343.75,-29.68283
1386552500.0,-29.67677
1386552656.25,-29.67738
1386552812.5,-29.68138
1386552968.75,-29.67386
1386553125.0,-29.66999
1386553281.25,-29.67174
1386553437.5,-29.66882
1386553593.75,-29.66915
1386553750.0,-29.66706
1386553906.25,-29.66634
1386554062.5,-29.66489
1386554218.75,-29.66283
1386554375.0,-29.66473
1386554531.25,-29.66248
1386554687.5,-29.65927
1386554843.75,-29.65906
1386555000.0,-29.65593
1386555156.25,-29.65642
1386555312.5,-29.6551
1386555468.75,-29.65538
1386555625.0,-29.65593
1386555781.25,-29.65085
1386555937.5,-29.65004
1386556093.75,-29.64591
1386556250.0,-29.64539
1386556406.25,-29.64476
1386556562.5,-29.6483
1386556718.75,-29.6512
1386556875.0,-29.63994
1386557031.25,-29.63788
1386557187.5,-29.63796
1386557343.75,-29.63564
1386557500.0,-29.64082
1386557656.25,-29.64031
1386557812.5,-29.63067
1386557968.75,-29.63643
1386558125.0,-29.63409
1386558281.25,-29.63037
1386558437.5,-29.62766
1386558593.75,-29.63018
1386558750.0,-29.62542
1386558906.25,-29.625
1386559062.5,-29.61973
1386559218.75,-29.61611
1386559375.0,-29.62214
1386559531.25,-29.61382
1386559687.5,-29.61462
1386559843.75,-29.61647
1386560000.0,-29.61293
1386560156.25,-29.61287
1386560312.5,-29.61406
1386560468.75,-29.60786
1386560625.0,-29.60728
1386560781.25,-29.60548
1386560937.5,-29.60597
1386561093.75,-29.60458
1386561250.0,-29.6101
1386561406.25,-29.60155
1386561562.5,-29.59856
1386561718.75,-29.5953
1386561875.0,-29.59647
1386562031.25,-29.60342
1386562187.5,-29.60179
1386562343.75,-29.59721
1386562500.0,-29.59464
1386562656.25,-29.58763
1386562812.5,-29.5899
1386562968.75,-29.58928
1386563125.0,-29.59063
1386563281.25,-29.59242
1386563437.5,-29.58109
1386563593.75,-29.58374
1386563750.0,-29.58442
1386563906.25,-29.58186
1386564062.5,-29.5809
1386564218.75,-29.57741
1386564375.0,-29.57487
1386564531.25,-29.57541
1386564687.5,-29.57304
1386564843.75,-29.57749
1386565000.0,-29.57482
1386565156.25,-29.57159
1386565312.5,-29.56928
1386565468.75,-29.57221
1386565625.0,-29.56415
1386565781.25,-29.56389
1386565937.5,-29.56555
1386566093.75,-29.56043
1386566250.0,-29.56026
1386566406.25,-29.56457
1386566562.5,-29.55909
1386566718.75,-29.55906
1386566875.0,-29.54998
1386567031.25,-29.55611
1386567187.5,-29.551
1386567343.75,-29.55175
1386567500.0,-29.55424
1386567656.25,-29.54202
1386567812.5,-29.5506
1386567968.75,-29.54188
1386568125.0,-29.5396
1386568281.25,-29.53982
1386568437.5,-29.53979
1386568593.75,-29.54032
1386568750.0,-29.53583
1386568906.25,-29.53255
1386569062.5,-29.53612
1386569218.75,-29.5337
1386569375.0,-29.5223
1386569531.25,-29.53218
1386569687.5,-29.53471
1386569843.75,-29.53004
1386570000.0,-29.528
1386570156.25,-29.52592
1386570312.5,-29.52626
1386570468.75,-29.52318
1386570625.0,-29.51896
1386570781.25,-29.52084
1386570937.5,-29.52281
1386571093.75,-29.51983
1386571250.0,-29.51923
1386571406.25,-29.51561
1386571562.5,-29.51545
1386571718.75,-29.51425
1386571875.0,-29.51073
1386572031.25,-29.51391
1386572187.5,-29.5102
1386572343.75,-29.50765
1386572500.0,-29.50627
1386572656.25,-29.50146
1386572812.5,-29.50774
1386572968.75,-29.50053
1386573125.0,-29.50649
1386573281.25,-29.50262
1386573437.5,-29.49773
1386573593.75,-29.49744
1386573750.0,-29.49384
1386573906.25,-29.49939
1386574062.5,-29.4939
1386574218.75,-29.48633
1386574375.0,-29.4907
1386574531.25,-29.48648
1386574687.5,-29.49197
1386574843.75,-29.48871
1386575000.0,-29.48578
1386575156.25,-29.48833
1386575312.5,-29.47673
1386575468.75,-29.47684
1386575625.0,-29.47892
1386575781.25,-29.47838
1386575937.5,-29.47875
1386576093.75,-29.47395
1386576250.0,-29.47021
1386576406.25,-29.47584
1386576562.5,-29.47002
1386576718.75,-29.47111
1386576875.0,-29.46726
1386577031.25,-29.46704
1386577187.5,-29.46778
1386577343.75,-29.46388
1386577500.0,-29.46515
1386577656.25,-29.45788
1386577812.5,-29.46098
1386577968.75,-29.46084
1386578125.0,-29.46046
1386578281.25,-29.45396
1386578437.5,-29.45514
1386578593.75,-29.45623
1386578750.0,-29.4479
1386578906.25,-29.44962
1386579062.5,-29.45085
1386579218.75,-29.4439
1386579375.0,-29.44387
1386579531.25,-29.44485
1386579687.5,-29.44261
1386579843.75,-29.44723
1386580000.0,-29.44168
1386580156.25,-29.44146
1386580312.5,-29.43906
1386580468.75,-29.43617
1386580625.0,-29.43737
1386580781.25,-29.43468
1386580937.5,-29.43556
1386581093.75,-29.43335
1386581250.0,-29.43019
1386581406.25,-29.42641
1386581562.5,-29.43009
1386581718.75,-29.42341
1386581875.0,-29.42672
1386582031.25,-29.42073
1386582187.5,-29.42545
1386582343.75,-29.4221
1386582500.0,-29.41821
1386582656.25,-29.42149
1386582812.5,-29.41998
1386582968.75,-29.41636
1386583125.0,-29.41129
1386583281.25,-29.41363
1386583437.5,-29.40974
1386583593.75,-29.40648
1386583750.0,-29.40547
1386583906.25,-29.40823
1386584062.5,-29.40427
1386584218.75,-29.40323
1386584375.0,-29.40688
1386584531.25,-29.40041
1386584687.5,-29.3978
1386584843.75,-29.39644
1386585000.0,-29.39659
1386585156.25,-29.39635
1386585312.5,-29.39305
1386585468.75,-29.39556
1386585625.0,-29.39398
1386585781.25,-29.38629
1386585937.5,-29.38977
1386586093.75,-29.38577
1386586250.0,-29.38778
1386586406.25,-29.39
1386586562.5,-29.38162
1386586718.75,-29.38351
1386586875.0,-29.38129
1386587031.25,-29.3764
1386587187.5,-29.37652
1386587343.75,-29.37216
1386587500.0,-29.37679
1386587656.25,-29.37297
1386587812.5,-29.37629
1386587968.75,-29.37077
1386588125.0,-29.37232
1386588281.25,-29.3662
1386588437.5,-29.36583
1386588593.75,-29.36934
1386588750.0,-29.3632
1386588906.25,-29.35633
1386589062.5,-29.36513
1386589218.75,-29.36342
1386589375.0,-29.35745
1386589531.25,-29.35804
1386589687.5,-29.35901
1386589843.75,-29.35374
1386590000.0,-29.35326
1386590156.25,-29.34815
1386590312.5,-29.3485
1386590468.75,-29.34604
1386590625.0,-29.34876
1386590781.25,-29.34567
1386590937.5,-29.34577
1386591093.75,-29.33952
1386591250.0,-29.34132
1386591406.25,-29.33328
1386591562.5,-29.34131
1386591718.75,-29.33864
1386591875.0,-29.33726
1386592031.25,-29.3377
1386592187.5,-29.3352
1386592343.75,-29.3351
1386592500.0,-29.33128
1386592656.25,-29.33339
1386592812.5,-29.32292
1386592968.75,-29.32478
1386593125.0,-29.32563
1386593281.25,-29.32478
1386593437.5,-29.31918
1386593593.75,-29.31917
1386593750.0,-29.32184
1386593906.25,-29.32314
1386594062.5,-29.3147
1386594218.75,-29.31254
1386594375.0,-29.31363
1386594531.25,-29.31477
1386594687.5,-29.31317
1386594843.75,-29.3091
1386595000.0,-29.31218
1386595156.25,-29.31067
1386595312.5,-29.30448
1386595468.75,-29.30745
1386595625.0,-29.30375
1386595781.25,-29.29778
1386595937.5,-29.30178
1386596093.75,-29.29382
1386596250.0,-29.29844
1386596406.25,-29.2983
1386596562.5,-29.29343
1386596718.75,-29.29493
1386596875.0,-29.29182
1386597031.25,-29.29094
1386597187.5,-29.28574
1386597343.75,-29.28531
1386597500.0,-29.28056
1386597656.25,-29.28329
1386597812.5,-29.28051
1386597968.75,-29.28225
1386598125.0,-29.28372
1386598281.25,-29.28492
1386598437.5,-29.27741
1386598593.75,-29.27086
1386598750.0,-29.27529
1386598906.25,-29.27331
1386599062.5,-29.2773
1386599218.75,-29.2687
1386599375.0,-29.27057
1386599531.25,-29.26802
1386599687.5,-29.26766
1386599843.75,-29.26464
1386600000.0,-29.26193
1386600156.25,-29.26605
1386600312.5,-29.26492
1386600468.75,-29.25513
1386600625.0,-29.25318
1386600781.25,-29.2571
1386600937.5,-29.25702
1386601093.75,-29.25078
1386601250.0,-29.2504
1386601406.25,-29.25155
1386601562.5,-29.25088
1386601718.75,-29.24693
1386601875.0,-29.24351
1386602031.25,-29.24442
1386602187.5,-29.24731
1386602343.75,-29.23848
1386602500.0,-29.241
1386602656.25,-29.23926
1386602812.5,-29.23791
1386602968.75,-29.23842
1386603125.0,-29.23705
1386603281.25,-29.22787
1386603437.5,-29.23126
1386603593.75,-29.22825
1386603750.0,-29.22732
1386603906.25,-29.23094
1386604062.5,-29.22858
1386604218.75,-29.22524
1386604375.0,-29.22776
1386604531.25,-29.22722
1386604687.5,-29.2228
1386604843.75,-29.22273
1386605000.0,-29.2199
1386605156.25,-29.21365
1386605312.5,-29.21492
1386605468.75,-29.21568
1386605625.0,-29.21428
1386605781.25,-29.21089
1386605937.5,-29.21182
1386606093.75,-29.20522
1386606250.0,-29.20761
1386606406.25,-29.20676
1386606562.5,-29.2037
1386606718.75,-29.20206
1386606875.0,-29.2066
1386607031.25,-29.2024
1386607187.5,-29.19562
1386607343.75,-29.19777
1386607500.0,-29.19467
1386607656.25,-29.19321
1386607812.5,-29.19092
1386607968.75,-29.19249
1386608125.0,-29.19074
1386608281.25,-29.18966
1386608437.5,-29.1917
1386608593.75,-29.18714
1386608750.0,-29.17908
1386608906.25,-29.17932
1386609062.5,-29.18712
1386609218.75,-29.18102
1386609375.0,-29.17895
1386609531.25,-29.17672
1386609687.5,-29.17271
1386609843.75,-29.17061
1386610000.0,-29.176
1386610156.25,-29.17096
1386610312.5,-29.17297
1386610468.75,-29.16656
1386610625.0,-29.16878
1386610781.25,-29.16644
1386610937.5,-29.15978
1386611093.75,-29.16315
1386611250.0,-29.16147
1386611406.25,-29.15878
1386611562.5,-29.16372
1386611718.75,-29.15892
1386611875.0,-29.15974
1386612031.25,-29.15681
1386612187.5,-29.14882
1386612343.75,-29.15105
1386612500.0,-29.15195
1386612656.25,-29.14709
1386612812.5,-29.14612
1386612968.75,-29.14538
1386613125.0,-29.15011
1386613281.25,-29.14379
1386613437.5,-29.14108
1386613593.75,-29.13694
1386613750.0,-29.13852
1386613906.25,-29.13541
1386614062.5,-29.13924
1386614218.75,-29.13571
1386614375.0,-29.13091
1386614531.25,-29.13113
1386614687.5,-29.13058
1386614843.75,-29.13151
1386615000.0,-29.13058
1386615156.25,-29.12556
1386615312.5,-29.12355
1386615468.75,-29.1241
1386615625.0,-29.12348
1386615781.25,-29.11882
1386615937.5,-29.1191
1386616093.75,-29.12152
1386616250.0,-29.11589
1386616406.25,-29.11587
1386616562.5,-29.10781
1386616718.75,-29.1087
1386616875.0,-29.11282
1386617031.25,-29.10361
1386617187.5,-29.10911
1386617343.75,-29.10529
1386617500.0,-29.10489
1386617656.25,-29.10302
1386617812.5,-29.10217
1386617968.75,-29.10266
1386618125.0,-29.09663
1386618281.25,-29.09736
1386618437.5,-29.09407
1386618593.75,-29.09491
1386618750.0,-29.08926
1386618906.25,-29.09019
1386619062.5,-29.09331
1386619218.75,-29.0831
1386619375.0,-29.0899
1386619531.25,-29.08763
1386619687.5,-29.08418
1386619843.75,-29.08265
1386620000.0,-29.0825
1386620156.25,-29.08638
1386620312.5,-29.08415
1386620468.75,-29.07769
1386620625.0,-29.07486
1386620781.25,-29.07434
1386620937.5,-29.0773
1386621093.75,-29.06975
1386621250.0,-29.07404
1386621406.25,-29.0687
1386621562.5,-29.06358
1386621718.75,-29.06607
1386621875.0,-29.06382
1386622031.25,-29.06382
1386622187.5,-29.06518
1386622343.75,-29.05964
1386622500.0,-29.05936
1386622656.25,-29.05424
1386622812.5,-29.05492
1386622968.75,-29.05488
1386623125.0,-29.05106
1386623281.25,-29.05394
1386623437.5,-29.05258
1386623593.75,-29.05239
1386623750.0,-29.04479
1386623906.25,-29.04524
1386624062.5,-29.03643
1386624218.75,-29.03897
1386624375.0,-29.03975
1386624531.25,-29.0406
1386624687.5,-29.03598
1386624843.75,-29.03688
1386625000.0,-29.03131
1386625156.25,-29.03385
1386625312.5,-29.0336
1386625468.75,-29.02984
1386625625.0,-29.03296
1386625781.25,-29.03035
1386625937.5,-29.02196
1386626093.75,-29.02813
1386626250.0,-29.02421
1386626406.25,-29.02382
1386626562.5,-29.02591
1386626718.75,-29.01543
1386626875.0,-29.01852
1386627031.25,-29.01683
1386627187.5,-29.0159
1386627343.75,-29.01493
1386627500.0,-29.01074
1386627656.25,-29.01355
1386627812.5,-29.00925
1386627968.75,-29.00576
1386628125.0,-29.00929
1386628281.25,-29.0067
1386628437.5,-29.00317
1386628593.75,-29.00729
1386628750.0,-29.00471
1386628906.25,-28.99842
1386629062.5,-28.99825
1386629218.75,-28.99536
1386629375.0,-28.99614
1386629531.25,-28.99727
1386629687.5,-28.99619
1386629843.75,-28.98761
1386630000.0,-28.98927
1386630156.25,-28.98794
1386630312.5,-28.9881
1386630468.75,-28.98408
1386630625.0,-28.9874
1386630781.25,-28.98517
1386630937.5,-28.98306
1386631093.75,-28.97926
1386631250.0,-28.98047
1386631406.25,-28.97591
1386631562.5,-28.97349
1386631718.75,-28.97705
1386631875.0,-28.97061
1386632031.25,-28.9727
1386632187.5,-28.97071
1386632343.75,-28.9701
1386632500.0,-28.96518
1386632656.25,-28.97144
1386632812.5,-28.96509
1386632968.75,-28.96416
1386633125.0,-28.96073
1386633281.25,-28.9593
1386633437.5,-28.95979
1386633593.75,-28.9539
1386633750.0,-28.94977
1386633906.25,-28.9536
1386634062.5,-28.95018
1386634218.75,-28.9515
1386634375.0,-28.94996
1386634531.25,-28.94845
1386634687.5,-28.9476
1386634843.75,-28.94398
1386635000.0,-28.9475
1386635156.25,-28.9434
1386635312.5,-28.93983
1386635468.75,-28.93951
1386635625.0,-28.94258
1386635781.25,-28.93481
1386635937.5,-28.92845
1386636093.75,-28.93763
1386636250.0,-28.92655
1386636406.25,-28.93196
1386636562.5,-28.92752
1386636718.75,-28.92581
1386636875.0,-28.92287
1386637031.25,-28.92278
1386637187.5,-28.92467
1386637343.75,-28.92487
1386637500.0,-28.92528
1386637656.25,-28.92068
1386637812.5,-28.92022
1386637968.75,-28.92043
1386638125.0,-28.91719
1386638281.25,-28.91126
1386638437.5,-28.91198
1386638593.75,-28.91079
1386638750.0,-28.91103
1386638906.25,-28.90651
1386639062.5,-28.90667
1386639218.75,-28.90248
1386639375.0,-28.90216
1386639531.25,-28.90212
1386639687.5,-28.89823
1386639843.75,-28.8956
1386640000.0,-28.8929
1386640156.25,-28.89327
1386640312.5,-28.89406
1386640468.75,-28.89521
1386640625.0,-28.89259
1386640781.25,-28.88885
1386640937.5,-28.89395
1386641093.75,-28.88587
1386641250.0,-28.88558
1386641406.25,-28.88635
1386641562.5,-28.88241
1386641718.75,-28.88191
1386641875.0,-28.87765
1386642031.25,-28.87968
1386642187.5,-28.87279
1386642343.75,-28.87643
1386642500.0,-28.87101
1386642656.25,-28.87209
1386642812.5,-28.87026
1386642968.75,-28.87413
1386643125.0,-28.86699
1386643281.25,-28.86746
1386643437.5,-28.86585
1386643593.75,-28.86454
1386643750.0,-28.85991
1386643906.25,-28.86009
1386644062.5,-28.85386
1386644218.75,-28.85936
1386644375.0,-28.85236
1386644531.25,-28.85889
1386644687.5,-28.85236
1386644843.75,-28.85021
1386645000.0,-28.85303
1386645156.25,-28.8484
1386645312.5,-28.85235
1386645468.75,-28.84497
1386645625.0,-28.84615
1386645781.25,-28.84285
1386645937.5,-28.84255
1386646093.75,-28.83744
1386646250.0,-28.83857
1386646406.25,-28.84019
1386646562.5,-28.83949
1386646718.75,-28.83611
1386646875.0,-28.83592
1386647031.25,-28.83204
1386647187.5,-28.82877
1386647343.75,-28.82318
1386647500.0,-28.82779
1386647656.25,-28.82465
1386647812.5,-28.82214
1386647968.75,-28.82684
1386648125.0,-28.82113
1386648281.25,-28.82084
1386648437.5,-28.81434
1386648593.75,-28.81739
1386648750.0,-28.81868
1386648906.25,-28.81607
1386649062.5,-28.80735
1386649218.75,-28.81316
1386649375.0,-28.81156
1386649531.25,-28.80749
1386649687.5,-28.80581
1386649843.75,-28.80188
1386650000.0,-28.80362
1386650156.25,-28.79927
1386650312.5,-28.80112
1386650468.75,-28.79548
1386650625.0,-28.80047
1386650781.25,-28.79958
1386650937.5,-28.79332
1386651093.75,-28.7928
1386651250.0,-28.79286
1386651406.25,-28.78875
1386651562.5,-28.78389
1386651718.75,-28.78589
1386651875.0,-28.78534
1386652031.25,-28.77932
1386652187.5,-28.77885
1386652343.75,-28.77739
1386652500.0,-28.78301
1386652656.25,-28.77732
1386652812.5,-28.77491
1386652968.75,-28.77499
1386653125.0,-28.77265
1386653281.25,-28.77664
1386653437.5,-28.76976
1386653593.75,-28.76605
1386653750.0,-28.76629
1386653906.25,-28.76298
1386654062.5,-28.76509
1386654218.75,-28.76675
1386654375.0,-28.75797
1386654531.25,-28.7618
1386654687.5,-28.75743
1386654843.75,-28.75718
1386655000.0,-28.75908
1386655156.25,-28.75576
1386655312.5,-28.75148
1386655468.75,-28.75154
1386655625.0,-28.74993
1386655781.25,-28.74726
1386655937.5,-28.7438
1386656093.75,-28.74164
1386656250.0,-28.74486
1386656406.25,-28.74363
1386656562.5,-28.74035
1386656718.75,-28.73991
1386656875.0,-28.73498
1386657031.25,-28.73866
1386657187.5,-28.7324
1386657343.75,-28.73412
1386657500.0,-28.73315
1386657656.25,-28.73155
1386657812.5,-28.7305
1386657968.75,-28.73043
1386658125.0,-28.72461
1386658281.25,-28.72367
1386658437.5,-28.72533
1386658593.75,-28.72652
1386658750.0,-28.71871
1386658906.25,-28.71856
1386659062.5,-28.71932
1386659218.75,-28.71338
1386659375.0,-28.71084
1386659531.25,-28.7161
1386659687.5,-28.7108
1386659843.75,-28.70903
1386660000.0,-28.70948
1386660156.25,-28.69993
1386660312.5,-28.70513
1386660468.75,-28.70251
1386660625.0,-28.70084
1386660781.25,-28.70258
1386660937.5,-28.69559
1386661093.75,-28.6995
1386661250.0,-28.69357
1386661406.25,-28.69382
1386661562.5,-28.69427
1386661718.75,-28.69138
1386661875.0,-28.69071
1386662031.25,-28.68837
1386662187.5,-28.68787
1386662343.75,-28.68567
1386662500.0,-28.68376
1386662656.25,-28.68018
1386662812.5,-28.67969
1386662968.75,-28.67679
1386663125.0,-28.6766
1386663281.25,-28.68391
1386663437.5,-28.6799
1386663593.75,-28.66994
1386663750.0,-28.67386
1386663906.25,-28.67324
1386664062.5,-28.66783
1386664218.75,-28.66786
1386664375.0,-28.66215
1386664531.25,-28.66596
1386664687.5,-28.66105
1386664843.75,-28.66522
1386665000.0,-28.66222
1386665156.25,-28.65285
1386665312.5,-28.65655
1386665468.75,-28.65809
1386665625.0,-28.65413
1386665781.25,-28.65073
1386665937.5,-28.65204
1386666093.75,-28.65134
1386666250.0,-28.65
1386666406.25,-28.64807
1386666562.5,-28.64511
1386666718.75,-28.64489
1386666875.0,-28.64172
1386667031.25,-28.64283
1386667187.5,-28.63829
1386667343.75,-28.64178
1386667500.0,-28.63586
1386667656.25,-28.63359
1386667812.5,-28.63307
1386667968.75,-28.62946
1386668125.0,-28.62673
1386668281.25,-28.62648
1386668437.5,-28.62141
1386668593.75,-28.6219
1386668750.0,-28.62171
1386668906.25,-28.62606
1386669062.5,-28.62112
1386669218.75,-28.61938
1386669375.0,-28.62016
1386669531.25,-28.61493
1386669687.5,-28.61519
1386669843.75,-28.61402
1386670000.0,-28.6132
1386670156.25,-28.60996
1386670312.5,-28.60696
1386670468.75,-28.60873
1386670625.0,-28.61026
1386670781.25,-28.60282
1386670937.5,-28.60724
1386671093.75,-28.60371
1386671250.0,-28.60208
1386671406.25,-28.59821
1386671562.5,-28.59683
1386671718.75,-28.59602
1386671875.0,-28.59338
1386672031.25,-28.59368
1386672187.5,-28.59249
1386672343.75,-28.58765
1386672500.0,-28.59013
1386672656.25,-28.58134
1386672812.5,-28.58486
1386672968.75,-28.58337
1386673125.0,-28.58292
1386673281.25,-28.57923
1386673437.5,-28.57621
1386673593.75,-28.57679
1386673750.0,-28.57819
1386673906.25,-28.5704
1386674062.5,-28.57561
1386674218.75,-28.57112
1386674375.0,-28.57056
1386674531.25,-28.56898
1386674687.5,-28.56161
1386674843.75,-28.56784
1386675000.0,-28.56046
1386675156.25,-28.56266
1386675312.5,-28.5621
1386675468.75,-28.55822
1386675625.0,-28.56104
1386675781.25,-28.55404
1386675937.5,-28.55582
1386676093.75,-28.55298
1386676250.0,-28.55081
1386676406.25,-28.5483
1386676562.5,-28.54885
1386676718.75,-28.54592
1386676875.0,-28.54309
1386677031.25,-28.54356
1386677187.5,-28.54001
1386677343.75,-28.54046
1386677500.0,-28.54613
1386677656.25,-28.53984
1386677812.5,-28.53659
1386677968.75,-28.53592
1386678125.0,-28.53592
1386678281.25,-28.5363
1386678437.5,-28.53109
1386678593.75,-28.52661
1386678750.0,-28.52435
1386678906.25,-28.52768
1386679062.5,-28.52498
1386679218.75,-28.52441
1386679375.0,-28.51895
1386679531.25,-28.52012
1386679687.5,-28.52331
1386679843.75,-28.51955
1386680000.0,-28.51902
1386680156.25,-28.51551
1386680312.5,-28.51282
1386680468.75,-28.51363
1386680625.0,-28.5085
1386680781.25,-28.50466
1386680937.5,-28.50306
1386681093.75,-28.50526
1386681250.0,-28.50377
1386681406.25,-28.50131
1386681562.5,-28.50222
1386681718.75,-28.499
1386681875.0,-28.49612
1386682031.25,-28.49664
1386682187.5,-28.48936
1386682343.75,-28.49355
1386682500.0,-28.48919
1386682656.25,-28.49111
1386682812.5,-28.49275
1386682968.75,-28.48692
1386683125.0,-28.48561
1386683281.25,-28.48509
1386683437.5,-28.48433
1386683593.75,-28.47906
1386683750.0,-28.47872
1386683906.25,-28.48086
1386684062.5,-28.476
1386684218.75,-28.47725
1386684375.0,-28.46971
1386684531.25,-28.47022
1386684687.5,-28.46771
1386684843.75,-28.47359
1386685000.0,-28.4639
1386685156.25,-28.46325
1386685312.5,-28.46224
1386685468.75,-28.45948
1386685625.0,-28.46234
1386685781.25,-28.4563
1386685937.5,-28.45549
1386686093.75,-28.4524
1386686250.0,-28.45782
1386686406.25,-28.45147
1386686562.5,-28.45448
1386686718.75,-28.45128
1386686875.0,-28.44192
1386687031.25,-28.44699
1386687187.5,-28.44102
1386687343.75,-28.44143
1386687500.0,-28.44509
1386687656.25,-28.44041
1386687812.5,-28.43934
1386687968.75,-28.4367
1386688125.0,-28.43834
1386688281.25,-28.43822
1386688437.5,-28.43296
1386688593.75,-28.43289
1386688750.0,-28.427
1386688906.25,-28.42833
1386689062.5,-28.42349
1386689218.75,-28.42712
1386689375.0,-28.4216
1386689531.25,-28.42569
1386689687.5,-28.42413
1386689843.75,-28.41618
1386690000.0,-28.41598
1386690156.25,-28.41665
1386690312.5,-28.41399
1386690468.75,-28.41448
1386690625.0,-28.4103
1386690781.25,-28.40879
1386690937.5,-28.41058
1386691093.75,-28.40516
1386691250.0,-28.40085
1386691406.25,-28.40169
1386691562.5,-28.40049
1386691718.75,-28.40065
1386691875.0,-28.39522
1386692031.25,-28.39531
1386692187.5,-28.39931
1386692343.75,-28.39592
1386692500.0,-28.39125
1386692656.25,-28.39192
1386692812.5,-28.39056
1386692968.75,-28.38545
1386693125.0,-28.38731
1386693281.25,-28.38642
1386693437.5,-28.38549
1386693593.75,-28.38205
1386693750.0,-28.38539
1386693906.25,-28.37595
1386694062.5,-28.37893
1386694218.75,-28.37452
1386694375.0,-28.374
1386694531.25,-28.37427
1386694687.5,-28.37237
1386694843.75,-28.36822
1386695000.0,-28.36074
1386695156.25,-28.36531
1386695312.5,-28.36798
1386695468.75,-28.3633
1386695625.0,-28.35795
1386695781.25,-28.3625
1386695937.5,-28.35709
1386696093.75,-28.35655
1386696250.0,-28.35207
1386696406.25,-28.35746
1386696562.5,-28.35577
1386696718.75,-28.35219
1386696875.0,-28.34854
1386697031.25,-28.35042
1386697187.5,-28.34552
1386697343.75,-28.34457
1386697500.0,-28.3436
1386697656.25,-28.33759
1386697812.5,-28.34128
1386697968.75,-28.33814
1386698125.0,-28.33427
1386698281.25,-28.33258
1386698437.5,-28.33523
1386698593.75,-28.33183
1386698750.0,-28.33239
1386698906.25,-28.33243
1386699062.5,-28.32763
1386699218.75,-28.32561
1386699375.0,-28.3238
1386699531.25,-28.32373
1386699687.5,-28.32322
1386699843.75,-28.31676
1386700000.0,-28.31861
1386700156.25,-28.3161
1386700312.5,-28.31497
1386700468.75,-28.3109
1386700625.0,-28.31686
1386700781.25,-28.31384
1386700937.5,-28.31061
1386701093.75,-28.31035
1386701250.0,-28.30912
1386701406.25,-28.30695
1386701562.5,-28.30386
1386701718.75,-28.30187
1386701875.0,-28.29988
1386702031.25,-28.29357
1386702187.5,-28.29582
1386702343.75,-28.29251
1386702500.0,-28.29053
1386702656.25,-28.2931
1386702812.5,-28.2884
1386702968.75,-28.29361
1386703125.0,-28.28935
1386703281.25,-28.28229
1386703437.5,-28.28518
1386703593.75,-28.28365
1386703750.0,-28.28018
1386703906.25,-28.28263
1386704062.5,-28.27693
1386704218.75,-28.27763
1386704375.0,-28.2709
1386704531.25,-28.27289
1386704687.5,-28.26763
1386704843.75,-28.27265
1386705000.0,-28.26515
1386705156.25,-28.266
1386705312.5,-28.26694
1386705468.75,-28.26318
1386705625.0,-28.26538
1386705781.25,-28.26411
1386705937.5,-28.25845
1386706093.75,-28.25427
1386706250.0,-28.26052
1386706406.25,-28.25395
1386706562.5,-28.2511
1386706718.75,-28.25332
1386706875.0,-28.24886
1386707031.25,-28.24856
1386707187.5,-28.24955
1386707343.75,-28.24805
1386707500.0,-28.24906
1386707656.25,-28.24188
1386707812.5,-28.24177
1386707968.75,-28.23889
1386708125.0,-28.23378
1386708281.25,-28.23255
1386708437.5,-28.22904
1386708593.75,-28.23479
1386708750.0,-28.22967
1386708906.25,-28.2285
1386709062.5,-28.22456
1386709218.75,-28.227
1386709375.0,-28.22255
1386709531.25,-28.22459
1386709687.5,-28.21576
1386709843.75,-28.21921
1386710000.0,-28.21902
1386710156.25,-28.21401
1386710312.5,-28.21609
1386710468.75,-28.21936
1386710625.0,-28.21109
1386710781.25,-28.21064
1386710937.5,-28.21018
1386711093.75,-28.20631
1386711250.0,-28.20666
1386711406.25,-28.20722
1386711562.5,-28.20038
1386711718.75,-28.19666
1386711875.0,-28.2007
1386712031.25,-28.19633
1386712187.5,-28.2004
1386712343.75,-28.19301
1386712500.0,-28.19013
1386712656.25,-28.19163
1386712812.5,-28.19015
1386712968.75,-28.18676
1386713125.0,-28.18177
1386713281.25,-28.18406
1386713437.5,-28.18106
1386713593.75,-28.18218
1386713750.0,-28.1797
1386713906.25,-28.17854
1386714062.5,-28.17332
1386714218.75,-28.17449
1386714375.0,-28.17594
1386714531.25,-28.16925
1386714687.5,-28.16835
1386714843.75,-28.1694
1386715000.0,-28.1682
1386715156.25,-28.16504
1386715312.5,-28.16428
1386715468.75,-28.16473
1386715625.0,-28.16466
1386715781.25,-28.15466
1386715937.5,-28.15406
1386716093.75,-28.15539
1386716250.0,-28.15453
1386716406.25,-28.14856
1386716562.5,-28.15281
1386716718.75,-28.14818
1386716875.0,-28.15154
1386717031.25,-28.14244
1386717187.5,-28.14408
1386717343.75,-28.14675
1386717500.0,-28.14168
1386717656.25,-28.14419
1386717812.5,-28.14567
1386717968.75,-28.13735
1386718125.0,-28.13775
1386718281.25,-28.1346
1386718437.5,-28.13454
1386718593.75,-28.12592
1386718750.0,-28.12379
1386718906.25,-28.12737
1386719062.5,-28.12641
1386719218.75,-28.12516
1386719375.0,-28.12376
1386719531.25,-28.12125
1386719687.5,-28.12099
1386719843.75,-28.11908
1386720000.0,-28.11678
1386720156.25,-28.11206
1386720312.5,-28.11482
1386720468.75,-28.10808
1386720625.0,-28.11059
1386720781.25,-28.11067
1386720937.5,-28.10253
1386721093.75,-28.10672
1386721250.0,-28.10229
1386721406.25,-28.10071
1386721562.5,-28.09706
1386721718.75,-28.09868
1386721875.0,-28.09856
1386722031.25,-28.09737
1386722187.5,-28.09089
1386722343.75,-28.08936
1386722500.0,-28.08868
1386722656.25,-28.09195
1386722812.5,-28.08301
1386722968.75,-28.08604
1386723125.0,-28.08608
1386723281.25,-28.08278
1386723437.5,-28.08216
1386723593.75,-28.07997
1386723750.0,-28.07393
1386723906.25,-28.0781
1386724062.5,-28.07661
1386724218.75,-28.07108
1386724375.0,-28.07285
1386724531.25,-28.07109
1386724687.5,-28.07146
1386724843.75,-28.06713
1386725000.0,-28.06846
1386725156.25,-28.06375
1386725312.5,-28.06167
1386725468.75,-28.06047
1386725625.0,-28.05972
1386725781.25,-28.06088
1386725937.5,-28.05831
1386726093.75,-28.05424
1386726250.0,-28.05383
1386726406.25,-28.05375
1386726562.5,-28.05106
1386726718.75,-28.04936
1386726875.0,-28.04883
1386727031.25,-28.04494
1386727187.5,-28.0387
1386727343.75,-28.03978
1386727500.0,-28.04132
1386727656.25,-28.03209
1386727812.5,-28.03128
1386727968.75,-28.03386
1386728125.0,-28.03525
1386728281.25,-28.03492
1386728437.5,-28.02977
1386728593.75,-28.02747
1386728750.0,-28.02247
1386728906.25,-28.02755
1386729062.5,-28.02356
1386729218.75,-28.02224
1386729375.0,-28.02021
1386729531.25,-28.01883
1386729687.5,-28.01841
1386729843.75,-28.01873
1386730000.0,-28.01185
1386730156.25,-28.00992
1386730312.5,-28.01154
1386730468.75,-28.01093
1386730625.0,-28.00936
1386730781.25,-28.00848
1386730937.5,-28.00319
1386731093.75,-28.00385
1386731250.0,-28.00339
1386731406.25,-27.9999
1386731562.5,-27.99719
1386731718.75,-27.99257
1386731875.0,-27.99389
1386732031.25,-27.99144
1386732187.5,-27.98968
1386732343.75,-27.98971
1386732500.0,-27.9852
1386732656.25,-27.98754
1386732812.5,-27.98561
1386732968.75,-27.98158
1386733125.0,-27.98158
1386733281.25,-27.98529
1386733437.5,-27.98258
1386733593.75,-27.98212
1386733750.0,-27.97706
1386733906.25,-27.97202
1386734062.5,-27.97188
1386734218.75,-27.96861
1386734375.0,-27.97006
1386734531.25,-27.97037
1386734687.5,-27.96253
1386734843.75,-27.9631
1386735000.0,-27.95964
1386735156.25,-27.95856
1386735312.5,-27.95929
1386735468.75,-27.95794
1386735625.0,-27.95382
1386735781.25,-27.95477
1386735937.5,-27.9483
1386736093.75,-27.95163
1386736250.0,-27.94515
1386736406.25,-27.9496
1386736562.5,-27.94505
1386736718.75,-27.94409
1386736875.0,-27.94134
1386737031.25,-27.94722
1386737187.5,-27.94366
1386737343.75,-27.9399
1386737500.0,-27.93557
1386737656.25,-27.93514
1386737812.5,-27.932
1386737968.75,-27.92961
1386738125.0,-27.93342
1386738281.25,-27.92627
1386738437.5,-27.9275
1386738593.75,-27.92694
1386738750.0,-27.92533
1386738906.25,-27.923
1386739062.5,-27.92217
1386739218.75,-27.91904
1386739375.0,-27.91936
1386739531.25,-27.91591
1386739687.5,-27.91244
1386739843.75,-27.91196
1386740000.0,-27.91093
1386740156.25,-27.90817
1386740312.5,-27.90708
1386740468.75,-27.90332
1386740625.0,-27.90691
1386740781.25,-27.90259
1386740937.5,-27.90596
1386741093.75,-27.89975
1386741250.0,-27.89511
1386741406.25,-27.89389
1386741562.5,-27.89624
1386741718.75,-27.89743
1386741875.0,-27.88441
1386742031.25,-27.88969
1386742187.5,-27.88692
1386742343.75,-27.88377
1386742500.0,-27.88566
1386742656.25,-27.88699
1386742812.5,-27.88018
1386742968.75,-27.87716
1386743125.0,-27.87874
1386743281.25,-27.87877
1386743437.5,-27.87816
1386743593.75,-27.87276
1386743750.0,-27.8716
1386743906.25,-27.86923
1386744062.5,-27.86575
1386744218.75,-27.86627
1386744375.0,-27.86504
1386744531.25,-27.86382
1386744687.5,-27.86606
1386744843.75,-27.85698
1386745000.0,-27.85696
1386745156.25,-27.85723
1386745312.5,-27.85778
1386745468.75,-27.85182
1386745625.0,-27.84688
1386745781.25,-27.8464
1386745937.5,-27.84874
1386746093.75,-27.84741
1386746250.0,-27.84468
1386746406.25,-27.84441
1386746562.5,-27.84387
1386746718.75,-27.84242
1386746875.0,-27.84012
1386747031.25,-27.83387
1386747187.5,-27.83631
1386747343.75,-27.83235
1386747500.0,-27.83375
1386747656.25,-27.82599
1386747812.5,-27.82612
1386747968.75,-27.82562
1386748125.0,-27.82458
1386748281.25,-27.81919
1386748437.5,-27.822
1386748593.75,-27.81924
1386748750.0,-27.82313
1386748906.25,-27.81814
1386749062.5,-27.81248
1386749218.75,-27.81208
1386749375.0,-27.8157
1386749531.25,-27.81254
1386749687.5,-27.80898
1386749843.75,-27.80508
1386750000.0,-27.8022
1386750156.25,-27.8019
1386750312.5,-27.79867
1386750468.75,-27.79981
1386750625.0,-27.80035
1386750781.25,-27.80681
1386750937.5,-27.79752
1386751093.75,-27.7921
1386751250.0,-27.79056
1386751406.25,-27.79074
1386751562.5,-27.78826
1386751718.75,-27.78662
1386751875.0,-27.78742
1386752031.25,-27.78796
1386752187.5,-27.78411
1386752343.75,-27.77874
1386752500.0,-27.77985
1386752656.25,-27.77274
1386752812.5,-27.77229
1386752968.75,-27.77584
1386753125.0,-27.77306
1386753281.25,-27.76804
1386753437.5,-27.76979
1386753593.75,-27.76773
1386753750.0,-27.76416
1386753906.25,-27.76299
1386754062.5,-27.76085
1386754218.75,-27.76171
1386754375.0,-27.76007
1386754531.25,-27.7542
1386754687.5,-27.75794
1386754843.75,-27.75479
1386755000.0,-27.74985
1386755156.25,-27.74954
1386755312.5,-27.75021
1386755468.75,-27.74642
1386755625.0,-27.74643
1386755781.25,-27.74353
1386755937.5,-27.74547
1386756093.75,-27.74293
1386756250.0,-27.74159
1386756406.25,-27.73908
1386756562.5,-27.73659
1386756718.75,-27.73924
1386756875.0,-27.7364
1386757031.25,-27.72999
1386757187.5,-27.73214
1386757343.75,-27.72624
1386757500.0,-27.72559
1386757656.25,-27.7217
1386757812.5,-27.72159
1386757968.75,-27.7204
1386758125.0,-27.71842
1386758281.25,-27.71786
1386758437.5,-27.71578
1386758593.75,-27.71622
1386758750.0,-27.71276
1386758906.25,-27.71226
1386759062.5,-27.70849
1386759218.75,-27.7102
1386759375.0,-27.70434
1386759531.25,-27.70395
1386759687.5,-27.70048
1386759843.75,-27.69844
1386760000.0,-27.69749
1386760156.25,-27.6955
1386760312.5,-27.70106
1386760468.75,-27.69411
1386760625.0,-27.69135
1386760781.25,-27.69235
1386760937.5,-27.68804
1386761093.75,-27.68706
1386761250.0,-27.68375
1386761406.25,-27.68596
1386761562.5,-27.68457
1386761718.75,-27.67877
1386761875.0,-27.6781
1386762031.25,-27.67371
1386762187.5,-27.67139
1386762343.75,-27.67529
1386762500.0,-27.6741
1386762656.25,-27.67461
1386762812.5,-27.67072
1386762968.75,-27.66844
1386763125.0,-27.66578
1386763281.25,-27.66688
1386763437.5,-27.66391
1386763593.75,-27.65953
1386763750.0,-27.65565
1386763906.25,-27.65767
1386764062.5,-27.65542
1386764218.75,-27.65459
1386764375.0,-27.65534
1386764531.25,-27.65237
1386764687.5,-27.6505
1386764843.75,-27.64846
1386765000.0,-27.64313
1386765156.25,-27.64629
1386765312.5,-27.64202
1386765468.75,-27.64006
1386765625.0,-27.63448
1386765781.25,-27.63623
1386765937.5,-27.63107
1386766093.75,-27.63798
1386766250.0,-27.63452
1386766406.25,-27.63205
1386766562.5,-27.63086
1386766718.75,-27.63243
1386766875.0,-27.62737
1386767031.25,-27.622
1386767187.5,-27.62525
1386767343.75,-27.61776
1386767500.0,-27.61862
1386767656.25,-27.61682
1386767812.5,-27.61114
1386767968.75,-27.61281
1386768125.0,-27.61202
1386768281.25,-27.61192
1386768437.5,-27.60766
1386768593.75,-27.60724
1386768750.0,-27.60507
1386768906.25,-27.60266
1386769062.5,-27.60087
1386769218.75,-27.59767
1386769375.0,-27.59709
1386769531.25,-27.59523
1386769687.5,-27.59307
1386769843.75,-27.59015
1386770000.0,-27.5895
1386770156.25,-27.58952
1386770312.5,-27.5905
1386770468.75,-27.58519
1386770625.0,-27.58489
1386770781.25,-27.58095
1386770937.5,-27.58246
1386771093.75,-27.58322
1386771250.0,-27.57823
1386771406.25,-27.57806
1386771562.5,-27.57591
1386771718.75,-27.56922
1386771875.0,-27.56938
1386772031.25,-27.56869
1386772187.5,-27.56387
1386772343.75,-27.56891
1386772500.0,-27.56119
1386772656.25,-27.56416
1386772812.5,-27.56084
1386772968.75,-27.55672
1386773125.0,-27.55881
1386773281.25,-27.55304
1386773437.5,-27.55709
1386773593.75,-27.55505
1386773750.0,-27.54823
1386773906.25,-27.54824
1386774062.5,-27.54721
1386774218.75,-27.54448
1386774375.0,-27.54847
1386774531.25,-27.54398
1386774687.5,-27.54311
1386774843.75,-27.5391
1386775000.0,-27.5341
1386775156.25,-27.53963
1386775312.5,-27.53296
1386775468.75,-27.53567
1386775625.0,-27.53346
1386775781.25,-27.52949
1386775937.5,-27.52588
1386776093.75,-27.52796
1386776250.0,-27.52701
1386776406.25,-27.5249
1386776562.5,-27.52067
1386776718.75,-27.52122
1386776875.0,-27.51751
1386777031.25,-27.51488
1386777187.5,-27.51631
1386777343.75,-27.51058
1386777500.0,-27.51237
1386777656.25,-27.51085
1386777812.5,-27.50519
1386777968.75,-27.50416
1386778125.0,-27.5023
1386778281.25,-27.50001
1386778437.5,-27.50187
1386778593.75,-27.50256
1386778750.0,-27.4988
1386778906.25,-27.49464
1386779062.5,-27.49567
1386779218.75,-27.49442
1386779375.0,-27.49072
1386779531.25,-27.48515
1386779687.5,-27.48804
1386779843.75,-27.48744
1386780000.0,-27.48335
1386780156.25,-27.48444
1386780312.5,-27.48236
1386780468.75,-27.48088
1386780625.0,-27.47797
1386780781.25,-27.47469
1386780937.5,-27.47374
1386781093.75,-27.46958
1386781250.0,-27.47076
1386781406.25,-27.46585
1386781562.5,-27.46771
1386781718.75,-27.46646
1386781875.0,-27.46417
1386782031.25,-27.45931
1386782187.5,-27.45621
1386782343.75,-27.45475
1386782500.0,-27.45548
1386782656.25,-27.45488
1386782812.5,-27.45185
1386782968.75,-27.45088
1386783125.0,-27.44781
1386783281.25,-27.44322
1386783437.5,-27.44929
1386783593.75,-27.44496
1386783750.0,-27.44357
1386783906.25,-27.44377
1386784062.5,-27.44068
1386784218.75,-27.43443
1386784375.0,-27.4376
1386784531.25,-27.43066
1386784687.5,-27.43535
1386784843.75,-27.43305
1386785000.0,-27.4273
1386785156.25,-27.42422
1386785312.5,-27.4233
1386785468.75,-27.42858
1386785625.0,-27.41996
1386785781.25,-27.42289
1386785937.5,-27.41406
1386786093.75,-27.41848
1386786250.0,-27.41712
1386786406.25,-27.4174
1386786562.5,-27.41224
1386786718.75,-27.40806
1386786875.0,-27.40777
1386787031.25,-27.40479
1386787187.5,-27.40168
1386787343.75,-27.40203
1386787500.0,-27.3978
1386787656.25,-27.4017
1386787812.5,-27.39434
1386787968.75,-27.39519
1386788125.0,-27.39192
1386788281.25,-27.39477
1386788437.5,-27.39371
1386788593.75,-27.38824
1386788750.0,-27.38695
1386788906.25,-27.38434
1386789062.5,-27.38492
1386789218.75,-27.38114
1386789375.0,-27.37858
1386789531.25,-27.37788
1386789687.5,-27.38021
1386789843.75,-27.37491
1386790000.0,-27.37456
1386790156.25,-27.37237
1386790312.5,-27.36819
1386790468.75,-27.36784
1386790625.0,-27.36687
1386790781.25,-27.36422
1386790937.5,-27.36222
1386791093.75,-27.35781
1386791250.0,-27.35819
1386791406.25,-27.36032
1386791562.5,-27.35508
1386791718.75,-27.35453
1386791875.0,-27.35453
1386792031.25,-27.34918
1386792187.5,-27.35162
1386792343.75,-27.34451
1386792500.0,-27.34695
1386792656.25,-27.3469
1386792812.5,-27.3447
1386792968.75,-27.33972
1386793125.0,-27.33716
1386793281.25,-27.33889
1386793437.5,-27.33603
1386793593.75,-27.33639
1386793750.0,-27.33138
1386793906.25,-27.33165
1386794062.5,-27.33266
1386794218.75,-27.32249
1386794375.0,-27.32557
1386794531.25,-27.32032
1386794687.5,-27.32379
1386794843.75,-27.3189
1386795000.0,-27.31471
1386795156.25,-27.31631
1386795312.5,-27.31309
1386795468.75,-27.31342
1386795625.0,-27.31223
1386795781.25,-27.30514
1386795937.5,-27.30558
1386796093.75,-27.30229
1386796250.0,-27.30326
1386796406.25,-27.30251
1386796562.5,-27.29686
1386796718.75,-27.30148
1386796875.0,-27.29417
1386797031.25,-27.29702
1386797187.5,-27.29176
1386797343.75,-27.29239
1386797500.0,-27.28836
1386797656.25,-27.29041
1386797812.5,-27.2845
1386797968.75,-27.28525
1386798125.0,-27.28166
1386798281.25,-27.2827
1386798437.5,-27.27966
1386798593.75,-27.27706
1386798750.0,-27.27837
1386798906.25,-27.27212
1386799062.5,-27.27438
1386799218.75,-27.26776
1386799375.0,-27.2712
1386799531.25,-27.26814
1386799687.5,-27.26813
1386799843.75,-27.26313
1386800000.0,-27.2614
1386800156.25,-27.25895
1386800312.5,-27.25546
1386800468.75,-27.25733
1386800625.0,-27.25511
1386800781.25,-27.25432
1386800937.5,-27.25344
1386801093.75,-27.24999
1386801250.0,-27.24816
1386801406.25,-27.24506
1386801562.5,-27.24095
1386801718.75,-27.2416
1386801875.0,-27.24114
1386802031.25,-27.23852
1386802187.5,-27.23785
1386802343.75,-27.24004
1386802500.0,-27.23479
1386802656.25,-27.23139
1386802812.5,-27.23075
1386802968.75,-27.22942
1386803125.0,-27.22792
1386803281.25,-27.22557
1386803437.5,-27.22127
1386803593.75,-27.21881
1386803750.0,-27.22266
1386803906.25,-27.21564
1386804062.5,-27.21466
1386804218.75,-27.21198
1386804375.0,-27.21284
1386804531.25,-27.21545
1386804687.5,-27.21263
1386804843.75,-27.20652
1386805000.0,-27.20345
1386805156.25,-27.20515
1386805312.5,-27.19982
1386805468.75,-27.20515
1386805625.0,-27.19694
1386805781.25,-27.19633
1386805937.5,-27.19727
1386806093.75,-27.19671
1386806250.0,-27.18832
1386806406.25,-27.19213
1386806562.5,-27.19034
1386806718.75,-27.18654
1386806875.0,-27.18856
1386807031.25,-27.18491
1386807187.5,-27.17804
1386807343.75,-27.17907
1386807500.0,-27.17575
1386807656.25,-27.17512
1386807812.5,-27.17309
1386807968.75,-27.16928
1386808125.0,-27.16899
1386808281.25,-27.17011
1386808437.5,-27.16603
1386808593.75,-27.16772
1386808750.0,-27.16423
1386808906.25,-27.15838
1386809062.5,-27.1629
1386809218.75,-27.15594
1386809375.0,-27.15378
1386809531.25,-27.1516
1386809687.5,-27.15346
1386809843.75,-27.14694
1386810000.0,-27.15192
1386810156.25,-27.14594
1386810312.5,-27.14689
1386810468.75,-27.14071
1386810625.0,-27.14266
1386810781.25,-27.13826
1386810937.5,-27.14063
1386811093.75,-27.13548
1386811250.0,-27.13828
1386811406.25,-27.13342
1386811562.5,-27.13184
1386811718.75,-27.13147
1386811875.0,-27.12525
1386812031.25,-27.12729
1386812187.5,-27.12471
1386812343.75,-27.12322
1386812500.0,-27.11948
1386812656.25,-27.1161
1386812812.5,-27.12074
1386812968.75,-27.11823
1386813125.0,-27.11498
1386813281.25,-27.11341
1386813437.5,-27.1107
1386813593.75,-27.10554
1386813750.0,-27.10656
1386813906.25,-27.10227
1386814062.5,-27.10338
1386814218.75,-27.10304
1386814375.0,-27.10115
1386814531.25,-27.09554
1386814687.5,-27.09338
1386814843.75,-27.09411
1386815000.0,-27.09328
1386815156.25,-27.09136
1386815312.5,-27.08654
1386815468.75,-27.08417
1386815625.0,-27.0842
1386815781.25,-27.08194
1386815937.5,-27.08194
1386816093.75,-27.07852
1386816250.0,-27.08015
1386816406.25,-27.07346
1386816562.5,-27.0724
1386816718.75,-27.07434
1386816875.0,-27.07311
1386817031.25,-27.07384
1386817187.5,-27.06475
1386817343.75,-27.06572
1386817500.0,-27.0639
1386817656.25,-27.06133
1386817812.5,-27.06043
1386817968.75,-27.05832
1386818125.0,-27.05781
1386818281.25,-27.05395
1386818437.5,-27.05641
1386818593.75,-27.05179
1386818750.0,-27.05072
1386818906.25,-27.04669
1386819062.5,-27.04395
1386819218.75,-27.0441
1386819375.0,-27.04521
1386819531.25,-27.03878
1386819687.5,-27.0391
1386819843.75,-27.03351
1386820000.0,-27.03582
1386820156.25,-27.03234
1386820312.5,-27.03149
1386820468.75,-27.0277
1386820625.0,-27.02605
1386820781.25,-27.02773
1386820937.5,-27.02345
1386821093.75,-27.0219
1386821250.0,-27.01606
1386821406.25,-27.01759
1386821562.5,-27.0167
1386821718.75,-27.01467
1386821875.0,-27.01052
1386822031.25,-27.01342
1386822187.5,-27.01214
1386822343.75,-27.00681
1386822500.0,-27.00714
1386822656.25,-27.00463
1386822812.5,-27.00268
1386822968.75,-26.99951
1386823125.0,-26.99897
1386823281.25,-26.99581
1386823437.5,-26.99543
1386823593.75,-26.99039
1386823750.0,-26.99341
1386823906.25,-26.99026
1386824062.5,-26.98425
1386824218.75,-26.98531
1386824375.0,-26.98507
1386824531.25,-26.98086
1386824687.5,-26.98528
1386824843.75,-26.98151
1386825000.0,-26.97464
1386825156.25,-26.97452
1386825312.5,-26.97359
1386825468.75,-26.9709
1386825625.0,-26.96864
1386825781.25,-26.97165
1386825937.5,-26.96868
1386826093.75,-26.96535
1386826250.0,-26.968
1386826406.25,-26.96069
1386826562.5,-26.96247
1386826718.75,-26.96165
1386826875.0,-26.95908
1386827031.25,-26.9559
1386827187.5,-26.95443
1386827343.75,-26.95233
1386827500.0,-26.94182
1386827656.25,-26.94655
1386827812.5,-26.94242
1386827968.75,-26.94597
1386828125.0,-26.94257
1386828281.25,-26.93837
1386828437.5,-26.93522
1386828593.75,-26.93853
1386828750.0,-26.93598
1386828906.25,-26.93518
1386829062.5,-26.92974
1386829218.75,-26.92733
1386829375.0,-26.92632
1386829531.25,-26.92143
1386829687.5,-26.92264
1386829843.75,-26.91986
1386830000.0,-26.91949
1386830156.25,-26.91803
1386830312.5,-26.91253
1386830468.75,-26.91255
1386830625.0,-26.9129
1386830781.25,-26.91151
1386830937.5,-26.90897
1386831093.75,-26.90733
1386831250.0,-26.90692
1386831406.25,-26.90381
1386831562.5,-26.8995
1386831718.75,-26.9017
1386831875.0,-26.89664
1386832031.25,-26.89729
1386832187.5,-26.89386
1386832343.75,-26.89398
1386832500.0,-26.8897
1386832656.25,-26.88441
1386832812.5,-26.88559
1386832968.75,-26.88657
1386833125.0,-26.87997
1386833281.25,-26.87943
1386833437.5,-26.87874
1386833593.75,-26.88075
1386833750.0,-26.87693
1386833906.25,-26.87364
1386834062.5,-26.86967
1386834218.75,-26.86764
1386834375.0,-26.86851
1386834531.25,-26.86604
1386834687.5,-26.8659
1386834843.75,-26.8653
1386835000.0,-26.85845
1386835156.25,-26.85941
1386835312.5,-26.85521
1386835468.75,-26.85665
1386835625.0,-26.85754
1386835781.25,-26.85584
1386835937.5,-26.85227
1386836093.75,-26.84659
1386836250.0,-26.84783
1386836406.25,-26.84415
1386836562.5,-26.84078
1386836718.75,-26.83905
1386836875.0,-26.83623
1386837031.25,-26.83431
1386837187.5,-26.836
1386837343.75,-26.83518
1386837500.0,-26.83136
1386837656.25,-26.82789
1386837812.5,-26.83035
1386837968.75,-26.82517
1386838125.0,-26.82665
1386838281.25,-26.82456
1386838437.5,-26.82031
1386838593.75,-26.81919
1386838750.0,-26.81772
1386838906.25,-26.80841
1386839062.5,-26.81395
1386839218.75,-26.80992
1386839375.0,-26.80614
1386839531.25,-26.80691
1386839687.5,-26.80885
1386839843.75,-26.80686
1386840000.0,-26.80178
1386840156.25,-26.79995
1386840312.5,-26.8016
1386840468.75,-26.79848
1386840625.0,-26.79803
1386840781.25,-26.79321
1386840937.5,-26.79068
1386841093.75,-26.78628
1386841250.0,-26.78989
1386841406.25,-26.78493
1386841562.5,-26.78292
1386841718.75,-26.77899
1386841875.0,-26.78148
1386842031.25,-26.7809
1386842187.5,-26.77547
1386842343.75,-26.77253
1386842500.0,-26.77294
1386842656.25,-26.77125
1386842812.5,-26.77246
1386842968.75,-26.76403
1386843125.0,-26.76633
1386843281.25,-26.76404
1386843437.5,-26.76188
1386843593.75,-26.76232
1386843750.0,-26.76049
1386843906.25,-26.75844
1386844062.5,-26.75602
1386844218.75,-26.75555
1386844375.0,-26.75144
1386844531.25,-26.7492
1386844687.5,-26.74805
1386844843.75,-26.74615
1386845000.0,-26.74156
1386845156.25,-26.74011
1386845312.5,-26.738
1386845468.75,-26.7366
1386845625.0,-26.73353
1386845781.25,-26.73212
1386845937.5,-26.73346
1386846093.75,-26.72684
1386846250.0,-26.72803
1386846406.25,-26.72718
1386846562.5,-26.72403
1386846718.75,-26.72194
1386846875.0,-26.72562
1386847031.25,-26.71777
1386847187.5,-26.71508
1386847343.75,-26.71633
1386847500.0,-26.71361
1386847656.25,-26.71005
1386847812.5,-26.70669
1386847968.75,-26.70897
1386848125.0,-26.70794
1386848281.25,-26.70363
1386848437.5,-26.70464
1386848593.75,-26.70152
1386848750.0,-26.70052
1386848906.25,-26.6978
1386849062.5,-26.69711
1386849218.75,-26.68959
1386849375.0,-26.69129
1386849531.25,-26.6894
1386849687.5,-26.68665
1386849843.75,-26.68557
1386850000.0,-26.68477
1386850156.25,-26.68451
1386850312.5,-26.68328
1386850468.75,-26.67843
1386850625.0,-26.67574
1386850781.25,-26.6753
1386850937.5,-26.67214
1386851093.75,-26.67388
1386851250.0,-26.66778
1386851406.25,-26.66524
1386851562.5,-26.66447
1386851718.75,-26.66605
1386851875.0,-26.66241
1386852031.25,-26.66152
1386852187.5,-26.65614
1386852343.75,-26.65519
1386852500.0,-26.65093
1386852656.25,-26.65128
1386852812.5,-26.64833
1386852968.75,-26.64432
1386853125.0,-26.64647
1386853281.25,-26.6437
1386853437.5,-26.64268
1386853593.75,-26.64121
1386853750.0,-26.64377
1386853906.25,-26.63817
1386854062.5,-26.63769
1386854218.75,-26.63228
1386854375.0,-26.63225
1386854531.25,-26.62853
1386854687.5,-26.62376
1386854843.75,-26.62871
1386855000.0,-26.61994
1386855156.25,-26.6186
1386855312.5,-26.62353
1386855468.75,-26.6178
1386855625.0,-26.61835
1386855781.25,-26.61528
1386855937.5,-26.60862
1386856093.75,-26.61184
1386856250.0,-26.60698
1386856406.25,-26.60589
1386856562.5,-26.60314
1386856718.75,-26.60081
1386856875.0,-26.60131
1386857031.25,-26.60388
1386857187.5,-26.59649
1386857343.75,-26.59575
1386857500.0,-26.59482
1386857656.25,-26.58987
1386857812.5,-26.58988
1386857968.75,-26.58775
1386858125.0,-26.58311
1386858281.25,-26.58341
1386858437.5,-26.5839
1386858593.75,-26.58109
1386858750.0,-26.57909
1386858906.25,-26.57605
1386859062.5,-26.57628
1386859218.75,-26.57402
1386859375.0,-26.56884
1386859531.25,-26.56761
1386859687.5,-26.56659
1386859843.75,-26.56456
1386860000.0,-26.56506
1386860156.25,-26.56548
1386860312.5,-26.5565
1386860468.75,-26.56079
1386860625.0,-26.55958
1386860781.25,-26.5513
1386860937.5,-26.5525
1386861093.75,-26.54922
1386861250.0,-26.55171
1386861406.25,-26.54709
1386861562.5,-26.5451
1386861718.75,-26.54272
1386861875.0,-26.53832
1386862031.25,-26.53969
1386862187.5,-26.53992
1386862343.75,-26.53679
1386862500.0,-26.52917
1386862656.25,-26.52979
1386862812.5,-26.52765
1386862968.75,-26.52774
1386863125.0,-26.529
1386863281.25,-26.52006
1386863437.5,-26.52581
1386863593.75,-26.52199
1386863750.0,-26.51593
1386863906.25,-26.51557
1386864062.5,-26.51391
1386864218.75,-26.51196
1386864375.0,-26.51296
1386864531.25,-26.50426
1386864687.5,-26.50618
1386864843.75,-26.50356
1386865000.0,-26.49952
1386865156.25,-26.50156
1386865312.5,-26.49663
1386865468.75,-26.49608
1386865625.0,-26.49237
1386865781.25,-26.49703
1386865937.5,-26.48756
1386866093.75,-26.48802
1386866250.0,-26.48328
1386866406.25,-26.48604
1386866562.5,-26.4829
1386866718.75,-26.48124
1386866875.0,-26.48042
1386867031.25,-26.47709
1386867187.5,-26.47607
1386867343.75,-26.47243
1386867500.0,-26.47394
1386867656.25,-26.47096
1386867812.5,-26.46652
1386867968.75,-26.46785
1386868125.0,-26.46289
1386868281.25,-26.46426
1386868437.5,-26.46469
1386868593.75,-26.46282
1386868750.0,-26.45837
1386868906.25,-26.4561
1386869062.5,-26.4525
1386869218.75,-26.45469
1386869375.0,-26.45018
1386869531.25,-26.44572
1386869687.5,-26.44641
1386869843.75,-26.44214
1386870000.0,-26.44191
1386870156.25,-26.43879
1386870312.5,-26.43769
1386870468.75,-26.43491
1386870625.0,-26.43332
1386870781.25,-26.43074
1386870937.5,-26.42975
1386871093.75,-26.42868
1386871250.0,-26.42872
1386871406.25,-26.42666
1386871562.5,-26.42287
1386871718.75,-26.42111
1386871875.0,-26.41995
1386872031.25,-26.4161
1386872187.5,-26.41723
1386872343.75,-26.41417
1386872500.0,-26.41068
1386872656.25,-26.40889
1386872812.5,-26.4088
1386872968.75,-26.4031
1386873125.0,-26.40312
1386873281.25,-26.40075
1386873437.5,-26.39935
1386873593.75,-26.39796
1386873750.0,-26.40047
1386873906.25,-26.39566
1386874062.5,-26.39121
1386874218.75,-26.38498
1386874375.0,-26.3878
1386874531.25,-26.38763
1386874687.5,-26.38446
1386874843.75,-26.38553
1386875000.0,-26.38157
1386875156.25,-26.37817
1386875312.5,-26.37595
1386875468.75,-26.37209
1386875625.0,-26.37314
1386875781.25,-26.36941
1386875937.5,-26.36906
1386876093.75,-26.36804
1386876250.0,-26.36674
1386876406.25,-26.36123
1386876562.5,-26.35895
1386876718.75,-26.35748
1386876875.0,-26.36056
1386877031.25,-26.35257
1386877187.5,-26.35374
1386877343.75,-26.35007
1386877500.0,-26.34993
1386877656.25,-26.35096
1386877812.5,-26.34387
1386877968.75,-26.33948
1386878125.0,-26.34095
1386878281.25,-26.33968
1386878437.5,-26.33595
1386878593.75,-26.33394
1386878750.0,-26.33169
1386878906.25,-26.3292
1386879062.5,-26.33315
1386879218.75,-26.33025
1386879375.0,-26.32561
1386879531.25,-26.32581
1386879687.5,-26.32068
1386879843.75,-26.31954
1386880000.0,-26.31985
1386880156.25,-26.31536
1386880312.5,-26.31359
1386880468.75,-26.31384
1386880625.0,-26.31039
1386880781.25,-26.30948
1386880937.5,-26.31036
1386881093.75,-26.30355
1386881250.0,-26.30265
1386881406.25,-26.29901
1386881562.5,-26.30135
1386881718.75,-26.29627
1386881875.0,-26.29469
1386882031.25,-26.29057
1386882187.5,-26.28999
1386882343.75,-26.28801
1386882500.0,-26.28792
1386882656.25,-26.28432
1386882812.5,-26.2842
1386882968.75,-26.28657
1386883125.0,-26.27892
1386883281.25,-26.28109
1386883437.5,-26.27531
1386883593.75,-26.27409
1386883750.0,-26.27307
1386883906.25,-26.26502
1386884062.5,-26.26642
1386884218.75,-26.26876
1386884375.0,-26.26735
1386884531.25,-26.26244
1386884687.5,-26.25895
1386884843.75,-26.2599
1386885000.0,-26.25609
1386885156.25,-26.25377
1386885312.5,-26.25414
1386885468.75,-26.25016
1386885625.0,-26.24957
1386885781.25,-26.24596
1386885937.5,-26.2423
1386886093.75,-26.24444
1386886250.0,-26.24282
1386886406.25,-26.23776
1386886562.5,-26.23653
1386886718.75,-26.23322
1386886875.0,-26.23554
1386887031.25,-26.22924
1386887187.5,-26.22845
1386887343.75,-26.22718
1386887500.0,-26.22417
1386887656.25,-26.22241
1386887812.5,-26.22418
1386887968.75,-26.21856
1386888125.0,-26.2191
1386888281.25,-26.21537
1386888437.5,-26.21124
1386888593.75,-26.21286
1386888750.0,-26.20551
1386888906.25,-26.20733
1386889062.5,-26.20358
1386889218.75,-26.20674
1386889375.0,-26.20127
1386889531.25,-26.20192
1386889687.5,-26.19777
1386889843.75,-26.19445
1386890000.0,-26.19394
1386890156.25,-26.19154
1386890312.5,-26.18645
1386890468.75,-26.18616
1386890625.0,-26.18746
1386890781.25,-26.18205
1386890937.5,-26.18075
1386891093.75,-26.17899
1386891250.0,-26.18079
1386891406.25,-26.17621
1386891562.5,-26.17266
1386891718.75,-26.17098
1386891875.0,-26.17022
1386892031.25,-26.1669
1386892187.5,-26.16456
1386892343.75,-26.16492
1386892500.0,-26.16111
1386892656.25,-26.16303
1386892812.5,-26.15665
1386892968.75,-26.15327
1386893125.0,-26.1552
1386893281.25,-26.15286
1386893437.5,-26.14997
1386893593.75,-26.14927
1386893750.0,-26.14345
1386893906.25,-26.14528
1386894062.5,-26.14306
1386894218.75,-26.1431
1386894375.0,-26.13655
1386894531.25,-26.13655
1386894687.5,-26.13485
1386894843.75,-26.13136
1386895000.0,-26.13164
1386895156.25,-26.12947
1386895312.5,-26.12572
1386895468.75,-26.12453
1386895625.0,-26.12391
1386895781.25,-26.12204
1386895937.5,-26.1186
1386896093.75,-26.11497
1386896250.0,-26.11491
1386896406.25,-26.11394
1386896562.5,-26.11233
1386896718.75,-26.10693
1386896875.0,-26.10406
1386897031.25,-26.10194
1386897187.5,-26.09987
1386897343.75,-26.10006
1386897500.0,-26.09626
1386897656.25,-26.09736
1386897812.5,-26.09475
1386897968.75,-26.09262
1386898125.0,-26.08969
1386898281.25,-26.08829
1386898437.5,-26.08926
1386898593.75,-26.08563
1386898750.0,-26.08495
1386898906.25,-26.08128
1386899062.5,-26.07737
1386899218.75,-26.07821
1386899375.0,-26.07265
1386899531.25,-26.07291
1386899687.5,-26.07074
1386899843.75,-26.07045
1386900000.0,-26.06636
1386900156.25,-26.06291
1386900312.5,-26.06383
1386900468.75,-26.0603
1386900625.0,-26.05863
1386900781.25,-26.05588
1386900937.5,-26.05418
1386901093.75,-26.05305
1386901250.0,-26.05032
1386901406.25,-26.04799
1386901562.5,-26.04703
1386901718.75,-26.0486
1386901875.0,-26.03838
1386902031.25,-26.04289
1386902187.5,-26.03933
1386902343.75,-26.03483
1386902500.0,-26.03691
1386902656.25,-26.03134
1386902812.5,-26.03083
1386902968.75,-26.02959
1386903125.0,-26.02794
1386903281.25,-26.02497
1386903437.5,-26.02316
1386903593.75,-26.02163
1386903750.0,-26.02099
1386903906.25,-26.01619
1386904062.5,-26.01227
1386904218.75,-26.01527
1386904375.0,-26.00869
1386904531.25,-26.00277
1386904687.5,-26.00924
1386904843.75,-26.00262
1386905000.0,-25.99986
1386905156.25,-26.00196
1386905312.5,-26.00073
1386905468.75,-25.99658
1386905625.0,-25.99512
1386905781.25,-25.99332
1386905937.5,-25.99042
1386906093.75,-25.99275
1386906250.0,-25.98529
1386906406.25,-25.9871
1386906562.5,-25.98306
1386906718.75,-25.97821
1386906875.0,-25.97959
1386907031.25,-25.97916
1386907187.5,-25.97691
1386907343.75,-25.97466
1386907500.0,-25.96781
1386907656.25,-25.96758
1386907812.5,-25.96703
1386907968.75,-25.96595
1386908125.0,-25.96056
1386908281.25,-25.95678
1386908437.5,-25.95845
1386908593.75,-25.95971
1386908750.0,-25.95576
1386908906.25,-25.95577
1386909062.5,-25.95014
1386909218.75,-25.94868
1386909375.0,-25.9476
1386909531.25,-25.94565
1386909687.5,-25.93843
1386909843.75,-25.93517
1386910000.0,-25.93616
1386910156.25,-25.93604
1386910312.5,-25.93403
1386910468.75,-25.92861
1386910625.0,-25.92766
1386910781.25,-25.92865
1386910937.5,-25.92518
1386911093.75,-25.92554
1386911250.0,-25.91742
1386911406.25,-25.918
1386911562.5,-25.91695
1386911718.75,-25.91244
1386911875.0,-25.91436
1386912031.25,-25.91026
1386912187.5,-25.90879
1386912343.75,-25.90958
1386912500.0,-25.90333
1386912656.25,-25.90124
1386912812.5,-25.90111
1386912968.75,-25.89843
1386913125.0,-25.89919
1386913281.25,-25.89545
1386913437.5,-25.89459
1386913593.75,-25.88975
1386913750.0,-25.88684
1386913906.25,-25.88399
1386914062.5,-25.88834
1386914218.75,-25.88193
1386914375.0,-25.88173
1386914531.25,-25.87921
1386914687.5,-25.87576
1386914843.75,-25.87654
1386915000.0,-25.87123
1386915156.25,-25.87286
1386915312.5,-25.86862
1386915468.75,-25.86487
1386915625.0,-25.86374
1386915781.25,-25.86214
1386915937.5,-25.86303
1386916093.75,-25.85839
1386916250.0,-25.85719
1386916406.25,-25.85465
1386916562.5,-25.8519
1386916718.75,-25.84868
1386916875.0,-25.84915
1386917031.25,-25.84702
1386917187.5,-25.84155
1386917343.75,-25.8447
1386917500.0,-25.84198
1386917656.25,-25.84066
1386917812.5,-25.83848
1386917968.75,-25.83452
1386918125.0,-25.83275
1386918281.25,-25.82945
1386918437.5,-25.82662
1386918593.75,-25.82664
1386918750.0,-25.82396
1386918906.25,-25.82307
1386919062.5,-25.8168
1386919218.75,-25.81583
1386919375.0,-25.81686
1386919531.25,-25.8133
1386919687.5,-25.81285
1386919843.75,-25.81035
1386920000.0,-25.80762
1386920156.25,-25.80727
1386920312.5,-25.80161
1386920468.75,-25.79934
1386920625.0,-25.7981
1386920781.25,-25.79776
1386920937.5,-25.79564
1386921093.75,-25.79477
1386921250.0,-25.78635
1386921406.25,-25.78666
1386921562.5,-25.7844
1386921718.75,-25.78464
1386921875.0,-25.7789
1386922031.25,-25.78108
1386922187.5,-25.78141
1386922343.75,-25.77541
1386922500.0,-25.77586
1386922656.25,-25.77332
1386922812.5,-25.77152
1386922968.75,-25.76799
1386923125.0,-25.7672
1386923281.25,-25.76372
1386923437.5,-25.76283
1386923593.75,-25.75984
1386923750.0,-25.7598
1386923906.25,-25.75725
1386924062.5,-25.75323
1386924218.75,-25.75068
1386924375.0,-25.74949
1386924531.25,-25.74813
1386924687.5,-25.74616
1386924843.75,-25.74162
1386925000.0,-25.74302
1386925156.25,-25.74148
1386925312.5,-25.73818
1386925468.75,-25.73498
1386925625.0,-25.73413
1386925781.25,-25.73326
1386925937.5,-25.73055
1386926093.75,-25.72438
1386926250.0,-25.72441
1386926406.25,-25.72162
1386926562.5,-25.72194
1386926718.75,-25.71935
1386926875.0,-25.71646
1386927031.25,-25.71214
1386927187.5,-25.71421
1386927343.75,-25.70805
1386927500.0,-25.71036
1386927656.25,-25.70642
1386927812.5,-25.70523
1386927968.75,-25.70054
1386928125.0,-25.69981
1386928281.25,-25.69914
1386928437.5,-25.69704
1386928593.75,-25.69386
1386928750.0,-25.69158
1386928906.25,-25.68929
1386929062.5,-25.68749
1386929218.75,-25.68588
1386929375.0,-25.68306
1386929531.25,-25.67937
1386929687.5,-25.67817
1386929843.75,-25.67574
1386930000.0,-25.67704
1386930156.25,-25.67213
1386930312.5,-25.67297
1386930468.75,-25.66855
1386930625.0,-25.6681
1386930781.25,-25.66412
1386930937.5,-25.66581
1386931093.75,-25.6599
1386931250.0,-25.65941
1386931406.25,-25.65511
1386931562.5,-25.65672
1386931718.75,-25.65165
1386931875.0,-25.65245
1386932031.25,-25.6476
1386932187.5,-25.64853
1386932343.75,-25.64554
1386932500.0,-25.64293
1386932656.25,-25.63707
1386932812.5,-25.6365
1386932968.75,-25.63537
1386933125.0,-25.63253
1386933281.25,-25.63101
1386933437.5,-25.62772
1386933593.75,-25.62834
1386933750.0,-25.62878
1386933906.25,-25.623
1386934062.5,-25.61924
1386934218.75,-25.61816
1386934375.0,-25.61814
1386934531.25,-25.61567
1386934687.5,-25.60958
1386934843.75,-25.61237
1386935000.0,-25.60617
1386935156.25,-25.607
1386935312.5,-25.60336
1386935468.75,-25.6021
1386935625.0,-25.59955
1386935781.25,-25.59551
1386935937.5,-25.59419
1386936093.75,-25.59311
1386936250.0,-25.58905
1386936406.25,-25.58939
1386936562.5,-25.5865
1386936718.75,-25.58931
1386936875.0,-25.58229
1386937031.25,-25.5793
1386937187.5,-25.58245
1386937343.75,-25.57371
1386937500.0,-25.57158
1386937656.25,-25.57574
1386937812.5,-25.57168
1386937968.75,-25.56752
1386938125.0,-25.56977
1386938281.25,-25.56546
1386938437.5,-25.56262
1386938593.75,-25.56235
1386938750.0,-25.56038
1386938906.25,-25.55548
1386939062.5,-25.55306
1386939218.75,-25.55169
1386939375.0,-25.55293
1386939531.25,-25.55187
1386939687.5,-25.546
1386939843.75,-25.54654
1386940000.0,-25.54093
1386940156.25,-25.53866
1386940312.5,-25.53565
1386940468.75,-25.53649
1386940625.0,-25.53538
1386940781.25,-25.52973
1386940937.5,-25.5295
1386941093.75,-25.52529
1386941250.0,-25.52487
1386941406.25,-25.52215
1386941562.5,-25.52094
1386941718.75,-25.5191
1386941875.0,-25.51679
1386942031.25,-25.5095
1386942187.5,-25.51016
1386942343.75,-25.50629
1386942500.0,-25.50805
1386942656.25,-25.50565
1386942812.5,-25.5029
1386942968.75,-25.50007
1386943125.0,-25.50084
1386943281.25,-25.49759
1386943437.5,-25.49489
1386943593.75,-25.49392
1386943750.0,-25.4916
1386943906.25,-25.48622
1386944062.5,-25.48505
1386944218.75,-25.47996
1386944375.0,-25.47998
1386944531.25,-25.47781
1386944687.5,-25.47478
1386944843.75,-25.47568
1386945000.0,-25.4721
1386945156.25,-25.47279
1386945312.5,-25.46737
1386945468.75,-25.46557
1386945625.0,-25.4666
1386945781.25,-25.46456
1386945937.5,-25.46208
1386946093.75,-25.45874
1386946250.0,-25.45573
1386946406.25,-25.45391
1386946562.5,-25.45403
1386946718.75,-25.44829
1386946875.0,-25.44802
1386947031.25,-25.44478
1386947187.5,-25.44286
1386947343.75,-25.44092
1386947500.0,-25.44009
1386947656.25,-25.43986
1386947812.5,-25.4312
1386947968.75,-25.42891
1386948125.0,-25.43
1386948281.25,-25.42765
1386948437.5,-25.42779
1386948593.75,-25.4227
1386948750.0,-25.41986
1386948906.25,-25.41917
1386949062.5,-25.41765
1386949218.75,-25.4128
1386949375.0,-25.41275
1386949531.25,-25.4107
1386949687.5,-25.40861
1386949843.75,-25.40199
1386950000.0,-25.40704
1386950156.25,-25.40104
1386950312.5,-25.39729
1386950468.75,-25.39745
1386950625.0,-25.39758
1386950781.25,-25.39139
1386950937.5,-25.39266
1386951093.75,-25.39001
1386951250.0,-25.38657
1386951406.25,-25.38798
1386951562.5,-25.38525
1386951718.75,-25.37926
1386951875.0,-25.37991
1386952031.25,-25.37544
1386952187.5,-25.37385
1386952343.75,-25.37222
1386952500.0,-25.37173
1386952656.25,-25.37028
1386952812.5,-25.36587
1386952968.75,-25.3653
1386953125.0,-25.36105
1386953281.25,-25.36066
1386953437.5,-25.35818
1386953593.75,-25.35553
1386953750.0,-25.35046
1386953906.25,-25.35125
1386954062.5,-25.3484
1386954218.75,-25.34764
1386954375.0,-25.34393
1386954531.25,-25.33993
1386954687.5,-25.33964
1386954843.75,-25.33704
1386955000.0,-25.33726
1386955156.25,-25.33478
1386955312.5,-25.33049
1386955468.75,-25.32837
1386955625.0,-25.32786
1386955781.25,-25.32251
1386955937.5,-25.32069
1386956093.75,-25.32037
1386956250.0,-25.31753
1386956406.25,-25.31631
1386956562.5,-25.31357
1386956718.75,-25.31233
1386956875.0,-25.30779
1386957031.25,-25.30962
1386957187.5,-25.30797
1386957343.75,-25.30544
1386957500.0,-25.30226
1386957656.25,-25.2969
1386957812.5,-25.29885
1386957968.75,-25.29719
1386958125.0,-25.29128
1386958281.25,-25.29058
1386958437.5,-25.28303
1386958593.75,-25.28304
1386958750.0,-25.28455
1386958906.25,-25.2825
1386959062.5,-25.2794
1386959218.75,-25.27671
1386959375.0,-25.2775
1386959531.25,-25.27315
1386959687.5,-25.27231
1386959843.75,-25.26942
1386960000.0,-25.26531
1386960156.25,-25.26406
1386960312.5,-25.26018
1386960468.75,-25.26117
1386960625.0,-25.25545
1386960781.25,-25.25549
1386960937.5,-25.25161
1386961093.75,-25.25268
1386961250.0,-25.24538
1386961406.25,-25.24658
1386961562.5,-25.2448
1386961718.75,-25.24317
1386961875.0,-25.24
1386962031.25,-25.23665
1386962187.5,-25.23752
1386962343.75,-25.23184
1386962500.0,-25.23249
1386962656.25,-25.22985
1386962812.5,-25.22525
1386962968.75,-25.2253
1386963125.0,-25.22355
1386963281.25,-25.22004
1386963437.5,-25.21914
1386963593.75,-25.21678
1386963750.0,-25.21416
1386963906.25,-25.2125
1386964062.5,-25.2065
1386964218.75,-25.20667
1386964375.0,-25.20714
1386964531.25,-25.20251
1386964687.5,-25.19807
1386964843.75,-25.19631
1386965000.0,-25.19463
1386965156.25,-25.19367
1386965312.5,-25.19066
1386965468.75,-25.19118
1386965625.0,-25.18709
1386965781.25,-25.18502
1386965937.5,-25.18155
1386966093.75,-25.17897
1386966250.0,-25.17633
1386966406.25,-25.17669
1386966562.5,-25.17561
1386966718.75,-25.17273
1386966875.0,-25.1688
1386967031.25,-25.1673
1386967187.5,-25.16627
1386967343.75,-25.16199
1386967500.0,-25.16239
1386967656.25,-25.15974
1386967812.5,-25.15645
1386967968.75,-25.15656
1386968125.0,-25.15001
1386968281.25,-25.14997
1386968437.5,-25.14638
1386968593.75,-25.14421
1386968750.0,-25.1414
1386968906.25,-25.13809
1386969062.5,-25.13873
1386969218.75,-25.13507
1386969375.0,-25.13241
1386969531.25,-25.13279
1386969687.5,-25.12539
1386969843.75,-25.12863
1386970000.0,-25.12521
1386970156.25,-25.12437
1386970312.5,-25.12188
1386970468.75,-25.12115
1386970625.0,-25.1192
1386970781.25,-25.11337
1386970937.5,-25.11363
1386971093.75,-25.10838
1386971250.0,-25.10822
1386971406.25,-25.10624
1386971562.5,-25.10394
1386971718.75,-25.10196
1386971875.0,-25.09943
1386972031.25,-25.09834
1386972187.5,-25.09421
1386972343.75,-25.09199
1386972500.0,-25.08778
1386972656.25,-25.08837
1386972812.5,-25.08534
1386972968.75,-25.08438
1386973125.0,-25.08302
1386973281.25,-25.07858
1386973437.5,-25.07698
1386973593.75,-25.07284
1386973750.0,-25.07205
1386973906.25,-25.06861
1386974062.5,-25.06794
1386974218.75,-25.06631
1386974375.0,-25.06465
1386974531.25,-25.06122
1386974687.5,-25.05978
1386974843.75,-25.05869
1386975000.0,-25.05434
1386975156.25,-25.05372
1386975312.5,-25.05399
1386975468.75,-25.05145
1386975625.0,-25.04738
1386975781.25,-25.04367
1386975937.5,-25.04303
1386976093.75,-25.04091
1386976250.0,-25.03802
1386976406.25,-25.03533
1386976562.5,-25.03103
1386976718.75,-25.03189
1386976875.0,-25.02623
1386977031.25,-25.02887
1386977187.5,-25.02236
1386977343.75,-25.02231
1386977500.0,-25.02262
1386977656.25,-25.01458
1386977812.5,-25.01566
1386977968.75,-25.01318
1386978125.0,-25.01119
1386978281.25,-25.0087
1386978437.5,-25.00403
1386978593.75,-25.00702
1386978750.0,-25.00277
1386978906.25,-24.99905
1386979062.5,-24.99893
1386979218.75,-24.99529
1386979375.0,-24.99062
1386979531.25,-24.98783
1386979687.5,-24.98622
1386979843.75,-24.98503
1386980000.0,-24.98159
1386980156.25,-24.97958
1386980312.5,-24.97699
1386980468.75,-24.97489
1386980625.0,-24.97607
1386980781.25,-24.9724
1386980937.5,-24.97113
1386981093.75,-24.96847
1386981250.0,-24.96736
1386981406.25,-24.96448
1386981562.5,-24.96377
1386981718.75,-24.95754
1386981875.0,-24.958
1386982031.25,-24.95402
1386982187.5,-24.95034
1386982343.75,-24.94987
1386982500.0,-24.95179
1386982656.25,-24.94389
1386982812.5,-24.9422
1386982968.75,-24.93992
1386983125.0,-24.94005
1386983281.25,-24.93712
1386983437.5,-24.93313
1386983593.75,-24.9297
1386983750.0,-24.93033
1386983906.25,-24.92775
1386984062.5,-24.92515
1386984218.75,-24.91987
1386984375.0,-24.91921
1386984531.25,-24.91911
1386984687.5,-24.9145
1386984843.75,-24.91164
1386985000.0,-24.90893
1386985156.25,-24.90911
1386985312.5,-24.90814
1386985468.75,-24.90025
1386985625.0,-24.90246
1386985781.25,-24.89711
1386985937.5,-24.89808
1386986093.75,-24.89501
1386986250.0,-24.89228
1386986406.25,-24.8889
1386986562.5,-24.88986
1386986718.75,-24.88713
1386986875.0,-24.88545
1386987031.25,-24.88088
1386987187.5,-24.87984
1386987343.75,-24.87658
1386987500.0,-24.87538
1386987656.25,-24.87237
1386987812.5,-24.87325
1386987968.75,-24.87085
1386988125.0,-24.86819
1386988281.25,-24.86202
1386988437.5,-24.86015
1386988593.75,-24.86098
1386988750.0,-24.85986
1386988906.25,-24.85167
1386989062.5,-24.85153
1386989218.75,-24.85044
1386989375.0,-24.84925
1386989531.25,-24.84679
1386989687.5,-24.84305
1386989843.75,-24.84136
1386990000.0,-24.84057
1386990156.25,-24.83949
1386990312.5,-24.83441
1386990468.75,-24.83156
1386990625.0,-24.82915
1386990781.25,-24.82727
1386990937.5,-24.82396
1386991093.75,-24.81928
1386991250.0,-24.8197
1386991406.25,-24.8185
1386991562.5,-24.816
1386991718.75,-24.81408
1386991875.0,-24.81091
1386992031.25,-24.80944
1386992187.5,-24.80521
1386992343.75,-24.80363
1386992500.0,-24.8005
1386992656.25,-24.79999
1386992812.5,-24.79579
1386992968.75,-24.79624
1386993125.0,-24.79276
1386993281.25,-24.7913
1386993437.5,-24.7893
1386993593.75,-24.78403
1386993750.0,-24.78183
1386993906.25,-24.78088
1386994062.5,-24.77729
1386994218.75,-24.77877
1386994375.0,-24.77571
1386994531.25,-24.77168
1386994687.5,-24.77102
1386994843.75,-24.76677
1386995000.0,-24.76832
1386995156.25,-24.76253
1386995312.5,-24.7614
1386995468.75,-24.75925
1386995625.0,-24.75574
1386995781.25,-24.75224
1386995937.5,-24.75018
1386996093.75,-24.74946
1386996250.0,-24.74703
1386996406.25,-24.74464
1386996562.5,-24.743
1386996718.75,-24.741
1386996875.0,-24.7377
1386997031.25,-24.73432
1386997187.5,-24.73229
1386997343.75,-24.72993
1386997500.0,-24.72815
1386997656.25,-24.72669
1386997812.5,-24.72258
1386997968.75,-24.72141
1386998125.0,-24.72194
1386998281.25,-24.7166
1386998437.5,-24.71683
1386998593.75,-24.71018
1386998750.0,-24.70883
1386998906.25,-24.70594
1386999062.5,-24.7064
1386999218.75,-24.70496
1386999375.0,-24.70018
1386999531.25,-24.69948
1386999687.5,-24.69681
1386999843.75,-24.69578
1387000000.0,-24.69011
1387000156.25,-24.69009
1387000312.5,-24.68549
1387000468.75,-24.68387
1387000625.0,-24.68122
1387000781.25,-24.67972
1387000937.5,-24.67716
1387001093.75,-24.67427
1387001250.0,-24.67214
1387001406.25,-24.67286
1387001562.5,-24.6719
1387001718.75,-24.66435
1387001875.0,-24.66324
1387002031.25,-24.66091
1387002187.5,-24.66032
1387002343.75,-24.65559
1387002500.0,-24.65393
1387002656.25,-24.65252
1387002812.5,-24.64974
1387002968.75,-24.65015
1387003125.0,-24.64325
1387003281.25,-24.63834
1387003437.5,-24.63999
1387003593.75,-24.63917
1387003750.0,-24.63711
1387003906.25,-24.63409
1387004062.5,-24.63163
1387004218.75,-24.63057
1387004375.0,-24.62486
1387004531.25,-24.62725
1387004687.5,-24.62246
1387004843.75,-24.61883
1387005000.0,-24.61419
1387005156.25,-24.6163
1387005312.5,-24.61181
1387005468.75,-24.61178
1387005625.0,-24.60744
1387005781.25,-24.60481
1387005937.5,-24.60456
1387006093.75,-24.60101
1387006250.0,-24.59676
1387006406.25,-24.59554
1387006562.5,-24.59501
1387006718.75,-24.59447
1387006875.0,-24.58962
1387007031.25,-24.58526
1387007187.5,-24.58418
1387007343.75,-24.58069
1387007500.0,-24.57692
1387007656.25,-24.57761
1387007812.5,-24.57739
1387007968.75,-24.57325
1387008125.0,-24.56995
1387008281.25,-24.56602
1387008437.5,-24.56715
1387008593.75,-24.56214
1387008750.0,-24.56061
1387008906.25,-24.55869
1387009062.5,-24.55766
1387009218.75,-24.55266
1387009375.0,-24.55469
1387009531.25,-24.55061
1387009687.5,-24.54803
1387009843.75,-24.5471
1387010000.0,-24.54294
1387010156.25,-24.54069
1387010312.5,-24.5358
1387010468.75,-24.5379
1387010625.0,-24.53357
1387010781.25,-24.53237
1387010937.5,-24.52757
1387011093.75,-24.52388
1387011250.0,-24.52111
1387011406.25,-24.52147
1387011562.5,-24.51808
1387011718.75,-24.51361
1387011875.0,-24.51405
1387012031.25,-24.51146
1387012187.5,-24.51239
1387012343.75,-24.5081
1387012500.0,-24.50732
1387012656.25,-24.50482
1387012812.5,-24.50226
1387012968.75,-24.49599
1387013125.0,-24.49479
1387013281.25,-24.49392
1387013437.5,-24.48891
1387013593.75,-24.48943
1387013750.0,-24.48662
1387013906.25,-24.4846
1387014062.5,-24.48034
1387014218.75,-24.47847
1387014375.0,-24.47581
1387014531.25,-24.47311
1387014687.5,-24.47218
1387014843.75,-24.46994
1387015000.0,-24.46755
1387015156.25,-24.46362
1387015312.5,-24.46398
1387015468.75,-24.46032
1387015625.0,-24.45673
1387015781.25,-24.45711
1387015937.5,-24.45108
1387016093.75,-24.44835
1387016250.0,-24.44956
1387016406.25,-24.44626
1387016562.5,-24.44342
1387016718.75,-24.43926
1387016875.0,-24.43598
1387017031.25,-24.43646
1387017187.5,-24.4292
1387017343.75,-24.43407
1387017500.0,-24.4282
1387017656.25,-24.42522
1387017812.5,-24.42479
1387017968.75,-24.42209
1387018125.0,-24.42031
1387018281.25,-24.41871
1387018437.5,-24.41206
1387018593.75,-24.41003
1387018750.0,-24.40956
1387018906.25,-24.40905
1387019062.5,-24.40396
1387019218.75,-24.40252
1387019375.0,-24.39911
1387019531.25,-24.39424
1387019687.5,-24.39632
1387019843.75,-24.39375
1387020000.0,-24.39045
1387020156.25,-24.38763
1387020312.5,-24.38546
1387020468.75,-24.38389
1387020625.0,-24.37963
1387020781.25,-24.37908
1387020937.5,-24.37724
1387021093.75,-24.37704
1387021250.0,-24.37005
1387021406.25,-24.36811
1387021562.5,-24.36521
1387021718.75,-24.36363
1387021875.0,-24.36319
1387022031.25,-24.36082
1387022187.5,-24.36006
1387022343.75,-24.35354
1387022500.0,-24.35041
1387022656.25,-24.34773
1387022812.5,-24.34738
1387022968.75,-24.3451
1387023125.0,-24.33878
1387023281.25,-24.34184
1387023437.5,-24.33566
1387023593.75,-24.33644
1387023750.0,-24.33401
1387023906.25,-24.33041
1387024062.5,-24.32662
1387024218.75,-24.32885
1387024375.0,-24.32632
1387024531.25,-24.31857
1387024687.5,-24.31809
1387024843.75,-24.31676
1387025000.0,-24.31769
1387025156.25,-24.31165
1387025312.5,-24.30992
1387025468.75,-24.30526
1387025625.0,-24.30545
1387025781.25,-24.30089
1387025937.5,-24.29942
1387026093.75,-24.2966
1387026250.0,-24.29512
1387026406.25,-24.28933
1387026562.5,-24.28937
1387026718.75,-24.29001
1387026875.0,-24.28483
1387027031.25,-24.27982
1387027187.5,-24.27874
1387027343.75,-24.27828
1387027500.0,-24.27657
1387027656.25,-24.27309
1387027812.5,-24.27185
1387027968.75,-24.27015
1387028125.0,-24.26494
1387028281.25,-24.26235
1387028437.5,-24.25858
1387028593.75,-24.25584
1387028750.0,-24.25648
1387028906.25,-24.25566
1387029062.5,-24.25048
1387029218.75,-24.24808
1387029375.0,-24.24467
1387029531.25,-24.24486
1387029687.5,-24.24339
1387029843.75,-24.239
1387030000.0,-24.23581
1387030156.25,-24.23503
1387030312.5,-24.23098
1387030468.75,-24.22681
1387030625.0,-24.22915
1387030781.25,-24.22381
1387030937.5,-24.22372
1387031093.75,-24.21704
1387031250.0,-24.2166
1387031406.25,-24.21459
1387031562.5,-24.20901
1387031718.75,-24.21058
1387031875.0,-24.20728
1387032031.25,-24.20623
1387032187.5,-24.20313
1387032343.75,-24.20005
1387032500.0,-24.19558
1387032656.25,-24.1953
1387032812.5,-24.19248
1387032968.75,-24.19036
1387033125.0,-24.18626
1387033281.25,-24.18469
1387033437.5,-24.18279
1387033593.75,-24.17741
1387033750.0,-24.17628
1387033906.25,-24.17464
1387034062.5,-24.17463
1387034218.75,-24.17054
1387034375.0,-24.1637
1387034531.25,-24.16699
1387034687.5,-24.16302
1387034843.75,-24.16206
1387035000.0,-24.16002
1387035156.25,-24.15493
1387035312.5,-24.15343
1387035468.75,-24.1498
1387035625.0,-24.14972
1387035781.25,-24.1474
1387035937.5,-24.1408
1387036093.75,-24.13967
1387036250.0,-24.14056
1387036406.25,-24.13488
1387036562.5,-24.13212
1387036718.75,-24.13146
1387036875.0,-24.13011
1387037031.25,-24.12545
1387037187.5,-24.12367
1387037343.75,-24.12104
1387037500.0,-24.11714
1387037656.25,-24.11621
1387037812.5,-24.11302
1387037968.75,-24.11153
1387038125.0,-24.10555
1387038281.25,-24.10624
1387038437.5,-24.10263
1387038593.75,-24.10079
1387038750.0,-24.09951
1387038906.25,-24.0971
1387039062.5,-24.09224
1387039218.75,-24.09119
1387039375.0,-24.08938
1387039531.25,-24.08806
1387039687.5,-24.08513
1387039843.75,-24.0782
1387040000.0,-24.07709
1387040156.25,-24.07664
1387040312.5,-24.07454
1387040468.75,-24.07004
1387040625.0,-24.06898
1387040781.25,-24.0677
1387040937.5,-24.06461
1387041093.75,-24.06192
1387041250.0,-24.06046
1387041406.25,-24.05841
1387041562.5,-24.05532
1387041718.75,-24.05264
1387041875.0,-24.04999
1387042031.25,-24.04703
1387042187.5,-24.04473
1387042343.75,-24.04067
1387042500.0,-24.03964
1387042656.25,-24.03897
1387042812.5,-24.03628
1387042968.75,-24.03544
1387043125.0,-24.02692
1387043281.25,-24.02523
1387043437.5,-24.0234
1387043593.75,-24.02277
1387043750.0,-24.02118
1387043906.25,-24.01838
1387044062.5,-24.01407
1387044218.75,-24.01341
1387044375.0,-24.01079
1387044531.25,-24.0053
1387044687.5,-24.00329
1387044843.75,-24.00302
1387045000.0,-24.00026
1387045156.25,-23.99674
1387045312.5,-23.99677
1387045468.75,-23.99596
1387045625.0,-23.99365
1387045781.25,-23.98747
1387045937.5,-23.98407
1387046093.75,-23.984
1387046250.0,-23.98039
1387046406.25,-23.97708
1387046562.5,-23.97185
1387046718.75,-23.97263
1387046875.0,-23.96996
1387047031.25,-23.96709
1387047187.5,-23.96509
1387047343.75,-23.96184
1387047500.0,-23.96104
1387047656.25,-23.95427
1387047812.5,-23.95533
1387047968.75,-23.95151
1387048125.0,-23.95099
1387048281.25,-23.94537
1387048437.5,-23.94526
1387048593.75,-23.9388
1387048750.0,-23.94266
1387048906.25,-23.93475
1387049062.5,-23.93725
1387049218.75,-23.93402
1387049375.0,-23.92767
1387049531.25,-23.92897
1387049687.5,-23.92401
1387049843.75,-23.92331
1387050000.0,-23.92096
1387050156.25,-23.91815
1387050312.5,-23.9135
1387050468.75,-23.91368
1387050625.0,-23.90849
1387050781.25,-23.90693
1387050937.5,-23.90269
1387051093.75,-23.90252
1387051250.0,-23.90293
1387051406.25,-23.89499
1387051562.5,-23.8952
1387051718.75,-23.89262
1387051875.0,-23.88967
1387052031.25,-23.88548
1387052187.5,-23.88539
1387052343.75,-23.87992
1387052500.0,-23.87868
1387052656.25,-23.87791
1387052812.5,-23.87571
1387052968.75,-23.86999
1387053125.0,-23.87192
1387053281.25,-23.86498
1387053437.5,-23.86456
1387053593.75,-23.86096
1387053750.0,-23.85946
1387053906.25,-23.8569
1387054062.5,-23.85322
1387054218.75,-23.85044
1387054375.0,-23.85067
1387054531.25,-23.84606
1387054687.5,-23.84209
1387054843.75,-23.84185
1387055000.0,-23.83778
1387055156.25,-23.83606
1387055312.5,-23.83388
1387055468.75,-23.82883
1387055625.0,-23.82915
1387055781.25,-23.82932
1387055937.5,-23.82553
1387056093.75,-23.81995
1387056250.0,-23.81948
1387056406.25,-23.81478
1387056562.5,-23.8147
1387056718.75,-23.80907
1387056875.0,-23.80657
1387057031.25,-23.80575
1387057187.5,-23.8029
1387057343.75,-23.80219
1387057500.0,-23.79796
1387057656.25,-23.79737
1387057812.5,-23.79359
1387057968.75,-23.79187
1387058125.0,-23.78991
1387058281.25,-23.78687
1387058437.5,-23.78228
1387058593.75,-23.78064
1387058750.0,-23.77592
1387058906.25,-23.77767
1387059062.5,-23.7725
1387059218.75,-23.77213
1387059375.0,-23.76937
1387059531.25,-23.7656
1387059687.5,-23.76521
1387059843.75,-23.7596
1387060000.0,-23.75721
1387060156.25,-23.75309
1387060312.5,-23.75194
1387060468.75,-23.74763
1387060625.0,-23.74797
1387060781.25,-23.74346
1387060937.5,-23.74252
1387061093.75,-23.73969
1387061250.0,-23.73593
1387061406.25,-23.7335
1387061562.5,-23.73204
1387061718.75,-23.72875
1387061875.0,-23.72838
1387062031.25,-23.72297
1387062187.5,-23.721
1387062343.75,-23.71881
1387062500.0,-23.71699
1387062656.25,-23.7142
1387062812.5,-23.70897
1387062968.75,-23.71048
1387063125.0,-23.70716
1387063281.25,-23.70351
1387063437.5,-23.70067
1387063593.75,-23.69689
1387063750.0,-23.69517
1387063906.25,-23.69415
1387064062.5,-23.69027
1387064218.75,-23.68781
1387064375.0,-23.68611
1387064531.25,-23.68398
1387064687.5,-23.67939
1387064843.75,-23.67878
1387065000.0,-23.67541
1387065156.25,-23.67236
1387065312.5,-23.67091
1387065468.75,-23.66512
1387065625.0,-23.66581
1387065781.25,-23.66177
1387065937.5,-23.65955
1387066093.75,-23.65615
1387066250.0,-23.655
1387066406.25,-23.65047
1387066562.5,-23.64922
1387066718.75,-23.64639
1387066875.0,-23.64511
1387067031.25,-23.64352
1387067187.5,-23.64017
1387067343.75,-23.63526
1387067500.0,-23.63465
1387067656.25,-23.63025
1387067812.5,-23.6282
1387067968.75,-23.62759
1387068125.0,-23.62388
1387068281.25,-23.62391
1387068437.5,-23.61743
1387068593.75,-23.61608
1387068750.0,-23.6143
1387068906.25,-23.6107
1387069062.5,-23.60768
1387069218.75,-23.60306
1387069375.0,-23.59986
1387069531.25,-23.60029
1387069687.5,-23.59868
1387069843.75,-23.59272
1387070000.0,-23.59464
1387070156.25,-23.58996
1387070312.5,-23.58717
1387070468.75,-23.58503
1387070625.0,-23.58107
1387070781.25,-23.5804
1387070937.5,-23.57796
1387071093.75,-23.57588
1387071250.0,-23.57203
1387071406.25,-23.57036
1387071562.5,-23.56494
1387071718.75,-23.56102
1387071875.0,-23.56139
1387072031.25,-23.55809
1387072187.5,-23.55472
1387072343.75,-23.55382
1387072500.0,-23.55008
1387072656.25,-23.54958
1387072812.5,-23.54769
1387072968.75,-23.53967
1387073125.0,-23.54236
1387073281.25,-23.53775
1387073437.5,-23.53616
1387073593.75,-23.53122
1387073750.0,-23.52941
1387073906.25,-23.5256
1387074062.5,-23.52259
1387074218.75,-23.5242
1387074375.0,-23.52
1387074531.25,-23.5141
1387074687.5,-23.51297
1387074843.75,-23.51146
1387075000.0,-23.50858
1387075156.25,-23.50794
1387075312.5,-23.50264
1387075468.75,-23.50375
1387075625.0,-23.49901
1387075781.25,-23.49593
1387075937.5,-23.49406
1387076093.75,-23.48886
1387076250.0,-23.49039
1387076406.25,-23.48499
1387076562.5,-23.48366
1387076718.75,-23.47821
1387076875.0,-23.47551
1387077031.25,-23.4745
1387077187.5,-23.47459
1387077343.75,-23.47079
1387077500.0,-23.46731
1387077656.25,-23.46383
1387077812.5,-23.45802
1387077968.75,-23.45867
1387078125.0,-23.45531
1387078281.25,-23.4536
1387078437.5,-23.45275
1387078593.75,-23.44984
1387078750.0,-23.446
1387078906.25,-23.44447
1387079062.5,-23.44192
1387079218.75,-23.43921
1387079375.0,-23.43732
1387079531.25,-23.43297
1387079687.5,-23.42799
1387079843.75,-23.42637
1387080000.0,-23.42694
1387080156.25,-23.42149
1387080312.5,-23.41712
1387080468.75,-23.41615
1387080625.0,-23.41396
1387080781.25,-23.41117
1387080937.5,-23.41083
1387081093.75,-23.40683
1387081250.0,-23.40269
1387081406.25,-23.39742
1387081562.5,-23.396
1387081718.75,-23.39589
1387081875.0,-23.39338
1387082031.25,-23.39077
1387082187.5,-23.38783
1387082343.75,-23.38506
1387082500.0,-23.3831
1387082656.25,-23.38181
1387082812.5,-23.37438
1387082968.75,-23.37487
1387083125.0,-23.3706
1387083281.25,-23.37006
1387083437.5,-23.3675
1387083593.75,-23.36314
1387083750.0,-23.35938
1387083906.25,-23.35824
1387084062.5,-23.35727
1387084218.75,-23.35304
1387084375.0,-23.35175
1387084531.25,-23.34645
1387084687.5,-23.34412
1387084843.75,-23.34325
1387085000.0,-23.34097
1387085156.25,-23.33607
1387085312.5,-23.33533
1387085468.75,-23.33021
1387085625.0,-23.32947
1387085781.25,-23.32767
1387085937.5,-23.32311
1387086093.75,-23.32058
1387086250.0,-23.31972
1387086406.25,-23.31718
1387086562.5,-23.3109
1387086718.75,-23.31153
1387086875.0,-23.30782
1387087031.25,-23.30409
1387087187.5,-23.29933
1387087343.75,-23.30033
1387087500.0,-23.29593
1387087656.25,-23.29444
1387087812.5,-23.28967
1387087968.75,-23.29142
1387088125.0,-23.28514
1387088281.25,-23.2839
1387088437.5,-23.27884
1387088593.75,-23.27812
1387088750.0,-23.27479
1387088906.25,-23.27551
1387089062.5,-23.27112
1387089218.75,-23.26805
1387089375.0,-23.26491
1387089531.25,-23.26262
1387089687.5,-23.25799
1387089843.75,-23.25758
1387090000.0,-23.25243
1387090156.25,-23.251
1387090312.5,-23.24743
1387090468.75,-23.2444
1387090625.0,-23.24313
1387090781.25,-23.24008
1387090937.5,-23.23811
1387091093.75,-23.23588
1387091250.0,-23.2343
1387091406.25,-23.23224
1387091562.5,-23.22405
1387091718.75,-23.22372
1387091875.0,-23.22285
1387092031.25,-23.2178
1387092187.5,-23.21702
1387092343.75,-23.21365
1387092500.0,-23.21283
1387092656.25,-23.20706
1387092812.5,-23.20506
1387092968.75,-23.20474
1387093125.0,-23.20068
1387093281.25,-23.1999
1387093437.5,-23.19487
1387093593.75,-23.19458
1387093750.0,-23.19013
1387093906.25,-23.18404
1387094062.5,-23.18578
1387094218.75,-23.18206
1387094375.0,-23.17872
1387094531.25,-23.17655
1387094687.5,-23.17567
1387094843.75,-23.16604
1387095000.0,-23.1656
1387095156.25,-23.16485
1387095312.5,-23.16136
1387095468.75,-23.15882
1387095625.0,-23.15705
1387095781.25,-23.15245
1387095937.5,-23.14773
1387096093.75,-23.14651
1387096250.0,-23.14321
1387096406.25,-23.14339
1387096562.5,-23.13975
1387096718.75,-23.13629
1387096875.0,-23.13324
1387097031.25,-23.13335
1387097187.5,-23.1301
1387097343.75,-23.12766
1387097500.0,-23.12417
1387097656.25,-23.12211
1387097812.5,-23.11953
1387097968.75,-23.11652
1387098125.0,-23.11133
1387098281.25,-23.1108
1387098437.5,-23.10655
1387098593.75,-23.10574
1387098750.0,-23.10401
1387098906.25,-23.09956
1387099062.5,-23.09767
1387099218.75,-23.09455
1387099375.0,-23.08977
1387099531.25,-23.08562
1387099687.5,-23.08469
1387099843.75,-23.08175
1387100000.0,-23.0798
1387100156.25,-23.07697
1387100312.5,-23.07263
1387100468.75,-23.07096
1387100625.0,-23.07021
1387100781.25,-23.06514
1387100937.5,-23.0658
1387101093.75,-23.06057
1387101250.0,-23.05475
1387101406.25,-23.05313
1387101562.5,-23.05283
1387101718.75,-23.05125
1387101875.0,-23.04532
1387102031.25,-23.04236
1387102187.5,-23.04302
1387102343.75,-23.03809
1387102500.0,-23.03656
1387102656.25,-23.03516
1387102812.5,-23.03085
1387102968.75,-23.02656
1387103125.0,-23.0261
1387103281.25,-23.02193
1387103437.5,-23.01656
1387103593.75,-23.01546
1387103750.0,-23.01482
1387103906.25,-23.00993
1387104062.5,-23.00959
1387104218.75,-23.00601
1387104375.0,-23.00167
1387104531.25,-23.00078
1387104687.5,-22.99821
1387104843.75,-22.99322
1387105000.0,-22.99134
1387105156.25,-22.98994
1387105312.5,-22.98563
1387105468.75,-22.9822
1387105625.0,-22.97995
1387105781.25,-22.97763
1387105937.5,-22.97476
1387106093.75,-22.97232
1387106250.0,-22.97251
1387106406.25,-22.96733
1387106562.5,-22.9636
1387106718.75,-22.95949
1387106875.0,-22.95648
1387107031.25,-22.9559
1387107187.5,-22.95351
1387107343.75,-22.95283
1387107500.0,-22.94968
1387107656.25,-22.94403
1387107812.5,-22.94071
1387107968.75,-22.93801
1387108125.0,-22.93566
1387108281.25,-22.93374
1387108437.5,-22.93306
1387108593.75,-22.92589
1387108750.0,-22.92276
1387108906.25,-22.92103
1387109062.5,-22.92092
1387109218.75,-22.91672
1387109375.0,-22.91367
1387109531.25,-22.91138
1387109687.5,-22.90734
1387109843.75,-22.90633
1387110000.0,-22.90078
1387110156.25,-22.89785
1387110312.5,-22.89838
1387110468.75,-22.89221
1387110625.0,-22.89245
1387110781.25,-22.88876
1387110937.5,-22.88515
1387111093.75,-22.88364
1387111250.0,-22.87985
1387111406.25,-22.87742
1387111562.5,-22.87362
1387111718.75,-22.87281
1387111875.0,-22.87012
1387112031.25,-22.86793
1387112187.5,-22.8659
1387112343.75,-22.85877
1387112500.0,-22.85607
1387112656.25,-22.85566
1387112812.5,-22.85219
1387112968.75,-22.84869
1387113125.0,-22.84731
1387113281.25,-22.84362
1387113437.5,-22.83795
1387113593.75,-22.83827
1387113750.0,-22.83735
1387113906.25,-22.83443
1387114062.5,-22.83022
1387114218.75,-22.82764
1387114375.0,-22.82342
1387114531.25,-22.82062
1387114687.5,-22.81597
1387114843.75,-22.81598
1387115000.0,-22.81344
1387115156.25,-22.80754
1387115312.5,-22.80648
1387115468.75,-22.80335
1387115625.0,-22.80055
1387115781.25,-22.80065
1387115937.5,-22.79562
1387116093.75,-22.7915
1387116250.0,-22.79109
1387116406.25,-22.78884
1387116562.5,-22.78468
1387116718.75,-22.78397
1387116875.0,-22.77922
1387117031.25,-22.77637
1387117187.5,-22.77132
1387117343.75,-22.76999
1387117500.0,-22.76629
1387117656.25,-22.76525
1387117812.5,-22.75788
1387117968.75,-22.75881
1387118125.0,-22.75365
1387118281.25,-22.75204
1387118437.5,-22.74878
1387118593.75,-22.74714
1387118750.0,-22.74456
1387118906.25,-22.74129
1387119062.5,-22.73972
1387119218.75,-22.73725
1387119375.0,-22.7337
1387119531.25,-22.73058
1387119687.5,-22.72713
1387119843.75,-22.72451
1387120000.0,-22.72491
1387120156.25,-22.71911
1387120312.5,-22.71664
1387120468.75,-22.71485
1387120625.0,-22.71131
1387120781.25,-22.70885
1387120937.5,-22.70709
1387121093.75,-22.70087
1387121250.0,-22.7005
1387121406.25,-22.69699
1387121562.5,-22.69065
1387121718.75,-22.69519
1387121875.0,-22.68906
1387122031.25,-22.68443
1387122187.5,-22.683
1387122343.75,-22.67989
1387122500.0,-22.67451
1387122656.25,-22.67634
1387122812.5,-22.66964
1387122968.75,-22.6686
1387123125.0,-22.66392
1387123281.25,-22.6611
1387123437.5,-22.66112
1387123593.75,-22.6569
1387123750.0,-22.65192
1387123906.25,-22.65134
1387124062.5,-22.64904
1387124218.75,-22.64719
1387124375.0,-22.64476
1387124531.25,-22.63818
1387124687.5,-22.63617
1387124843.75,-22.63302
1387125000.0,-22.63079
1387125156.25,-22.62812
1387125312.5,-22.62498
1387125468.75,-22.62108
1387125625.0,-22.61801
1387125781.25,-22.61482
1387125937.5,-22.61369
1387126093.75,-22.61019
1387126250.0,-22.60887
1387126406.25,-22.6049
1387126562.5,-22.60165
1387126718.75,-22.60034
1387126875.0,-22.59483
1387127031.25,-22.59295
1387127187.5,-22.5879
1387127343.75,-22.58834
1387127500.0,-22.58597
1387127656.25,-22.58168
1387127812.5,-22.57823
1387127968.75,-22.57805
1387128125.0,-22.57318
1387128281.25,-22.57117
1387128437.5,-22.56942
1387128593.75,-22.56179
1387128750.0,-22.56189
1387128906.25,-22.55823
1387129062.5,-22.5586
1387129218.75,-22.55132
1387129375.0,-22.55125
1387129531.25,-22.54812
1387129687.5,-22.54406
1387129843.75,-22.54251
1387130000.0,-22.53768
1387130156.25,-22.53437
1387130312.5,-22.5316
1387130468.75,-22.52774
1387130625.0,-22.52654
1387130781.25,-22.52235
1387130937.5,-22.52202
1387131093.75,-22.51903
1387131250.0,-22.51649
1387131406.25,-22.51203
1387131562.5,-22.50692
1387131718.75,-22.50525
1387131875.0,-22.5035
1387132031.25,-22.49952
1387132187.5,-22.4985
1387132343.75,-22.495
1387132500.0,-22.49265
1387132656.25,-22.48922
1387132812.5,-22.48491
1387132968.75,-22.4814
1387133125.0,-22.47874
1387133281.25,-22.47369
1387133437.5,-22.47419
1387133593.75,-22.47017
1387133750.0,-22.46882
1387133906.25,-22.46379
1387134062.5,-22.46272
1387134218.75,-22.45909
1387134375.0,-22.459
1387134531.25,-22.45212
1387134687.5,-22.45077
1387134843.75,-22.44876
1387135000.0,-22.4446
1387135156.25,-22.44319
1387135312.5,-22.43972
1387135468.75,-22.43669
1387135625.0,-22.43265
1387135781.25,-22.43269
1387135937.5,-22.42801
1387136093.75,-22.4237
1387136250.0,-22.42133
1387136406.25,-22.42045
1387136562.5,-22.417
1387136718.75,-22.41376
1387136875.0,-22.41221
1387137031.25,-22.40735
1387137187.5,-22.40495
1387137343.75,-22.39975
1387137500.0,-22.39901
1387137656.25,-22.39505
1387137812.5,-22.39349
1387137968.75,-22.3895
1387138125.0,-22.3857
1387138281.25,-22.38439
1387138437.5,-22.38028
1387138593.75,-22.3778
1387138750.0,-22.3759
1387138906.25,-22.37181
1387139062.5,-22.3685
1387139218.75,-22.36785
1387139375.0,-22.36203
1387139531.25,-22.36027
1387139687.5,-22.3592
1387139843.75,-22.35562
1387140000.0,-22.35097
1387140156.25,-22.34688
1387140312.5,-22.34408
1387140468.75,-22.34206
1387140625.0,-22.34099
1387140781.25,-22.33566
1387140937.5,-22.3345
1387141093.75,-22.33026
1387141250.0,-22.32779
1387141406.25,-22.323
1387141562.5,-22.32112
1387141718.75,-22.32041
1387141875.0,-22.31555
1387142031.25,-22.31208
1387142187.5,-22.30848
1387142343.75,-22.30779
1387142500.0,-22.30268
1387142656.25,-22.30201
1387142812.5,-22.29709
1387142968.75,-22.29425
1387143125.0,-22.29117
1387143281.25,-22.28921
1387143437.5,-22.2877
1387143593.75,-22.28083
1387143750.0,-22.28115
1387143906.25,-22.27706
1387144062.5,-22.27324
1387144218.75,-22.27056
1387144375.0,-22.26904
1387144531.25,-22.26238
1387144687.5,-22.26318
1387144843.75,-22.25762
1387145000.0,-22.25416
1387145156.25,-22.25159
1387145312.5,-22.24926
1387145468.75,-22.24872
1387145625.0,-22.24338
1387145781.25,-22.24029
1387145937.5,-22.23852
1387146093.75,-22.23516
1387146250.0,-22.23137
1387146406.25,-22.23042
1387146562.5,-22.22739
1387146718.75,-22.22353
1387146875.0,-22.22058
1387147031.25,-22.21764
1387147187.5,-22.21472
1387147343.75,-22.21249
1387147500.0,-22.20634
1387147656.25,-22.20405
1387147812.5,-22.20219
1387147968.75,-22.19908
1387148125.0,-22.19565
1387148281.25,-22.19342
1387148437.5,-22.18973
1387148593.75,-22.18679
1387148750.0,-22.18371
1387148906.25,-22.18113
1387149062.5,-22.17772
1387149218.75,-22.17246
1387149375.0,-22.17091
1387149531.25,-22.16848
1387149687.5,-22.16603
1387149843.75,-22.16433
1387150000.0,-22.15925
1387150156.25,-22.15714
1387150312.5,-22.15487
1387150468.75,-22.15088
1387150625.0,-22.14919
1387150781.25,-22.14612
1387150937.5,-22.13986
1387151093.75,-22.13873
1387151250.0,-22.13709
1387151406.25,-22.13321
1387151562.5,-22.12771
1387151718.75,-22.12637
1387151875.0,-22.12407
1387152031.25,-22.12096
1387152187.5,-22.11702
1387152343.75,-22.11729
1387152500.0,-22.11156
1387152656.25,-22.10873
1387152812.5,-22.10485
1387152968.75,-22.10105
1387153125.0,-22.09965
1387153281.25,-22.09629
1387153437.5,-22.09363
1387153593.75,-22.09022
1387153750.0,-22.08732
1387153906.25,-22.0859
1387154062.5,-22.08133
1387154218.75,-22.0795
1387154375.0,-22.07621
1387154531.25,-22.07261
1387154687.5,-22.06886
1387154843.75,-22.06537
1387155000.0,-22.0638
1387155156.25,-22.05783
1387155312.5,-22.05789
1387155468.75,-22.05548
1387155625.0,-22.05169
1387155781.25,-22.04786
1387155937.5,-22.04426
1387156093.75,-22.04353
1387156250.0,-22.038
1387156406.25,-22.03455
1387156562.5,-22.03488
1387156718.75,-22.0307
1387156875.0,-22.02722
1387157031.25,-22.0261
1387157187.5,-22.02007
1387157343.75,-22.01581
1387157500.0,-22.0127
1387157656.25,-22.01149
1387157812.5,-22.00913
1387157968.75,-22.00337
1387158125.0,-22.00227
1387158281.25,-21.99877
1387158437.5,-21.99798
1387158593.75,-21.99435
1387158750.0,-21.98886
1387158906.25,-21.98808
1387159062.5,-21.98597
1387159218.75,-21.98029
1387159375.0,-21.9793
1387159531.25,-21.97544
1387159687.5,-21.97334
1387159843.75,-21.96994
1387160000.0,-21.966
1387160156.25,-21.96217
1387160312.5,-21.95828
1387160468.75,-21.95871
1387160625.0,-21.95288
1387160781.25,-21.94972
1387160937.5,-21.94598
1387161093.75,-21.94362
1387161250.0,-21.94026
1387161406.25,-21.93736
1387161562.5,-21.93376
1387161718.75,-21.93022
1387161875.0,-21.92706
1387162031.25,-21.92382
1387162187.5,-21.92282
1387162343.75,-21.92067
1387162500.0,-21.91497
1387162656.25,-21.91196
1387162812.5,-21.90946
1387162968.75,-21.90393
1387163125.0,-21.90243
1387163281.25,-21.90027
1387163437.5,-21.89514
1387163593.75,-21.89369
1387163750.0,-21.89104
1387163906.25,-21.88696
1387164062.5,-21.88479
1387164218.75,-21.88133
1387164375.0,-21.88015
1387164531.25,-21.87481
1387164687.5,-21.87392
1387164843.75,-21.8706
1387165000.0,-21.86748
1387165156.25,-21.86326
1387165312.5,-21.8618
1387165468.75,-21.85822
1387165625.0,-21.85488
1387165781.25,-21.8504
1387165937.5,-21.8463
1387166093.75,-21.84539
1387166250.0,-21.8417
1387166406.25,-21.839
1387166562.5,-21.83641
1387166718.75,-21.8306
1387166875.0,-21.82872
1387167031.25,-21.82765
1387167187.5,-21.82314
1387167343.75,-21.82084
1387167500.0,-21.81662
1387167656.25,-21.81165
1387167812.5,-21.81239
1387167968.75,-21.80569
1387168125.0,-21.80282
1387168281.25,-21.80123
1387168437.5,-21.79835
1387168593.75,-21.79432
1387168750.0,-21.79347
1387168906.25,-21.79052
1387169062.5,-21.78541
1387169218.75,-21.78353
1387169375.0,-21.77731
1387169531.25,-21.77604
1387169687.5,-21.77321
1387169843.75,-21.76918
1387170000.0,-21.76658
1387170156.25,-21.76536
1387170312.5,-21.7572
1387170468.75,-21.75685
1387170625.0,-21.75437
1387170781.25,-21.75172
1387170937.5,-21.74754
1387171093.75,-21.74448
1387171250.0,-21.74023
1387171406.25,-21.7396
1387171562.5,-21.73553
1387171718.75,-21.7308
1387171875.0,-21.72936
1387172031.25,-21.72654
1387172187.5,-21.72268
1387172343.75,-21.72062
1387172500.0,-21.71863
1387172656.25,-21.71577
1387172812.5,-21.71125
1387172968.75,-21.70784
1387173125.0,-21.70433
1387173281.25,-21.7018
1387173437.5,-21.69781
1387173593.75,-21.6925
1387173750.0,-21.69097
1387173906.25,-21.68781
1387174062.5,-21.68611
1387174218.75,-21.68372
1387174375.0,-21.68007
1387174531.25,-21.67408
1387174687.5,-21.6714
1387174843.75,-21.67048
1387175000.0,-21.66401
1387175156.25,-21.66427
1387175312.5,-21.6594
1387175468.75,-21.65513
1387175625.0,-21.65442
1387175781.25,-21.65166
1387175937.5,-21.64694
1387176093.75,-21.6447
1387176250.0,-21.64062
1387176406.25,-21.6381
1387176562.5,-21.6349
1387176718.75,-21.63222
1387176875.0,-21.6283
1387177031.25,-21.6237
1387177187.5,-21.62279
1387177343.75,-21.61966
1387177500.0,-21.61499
1387177656.25,-21.61295
1387177812.5,-21.61088
1387177968.75,-21.60474
1387178125.0,-21.60246
1387178281.25,-21.59872
1387178437.5,-21.59504
1387178593.75,-21.59283
1387178750.0,-21.58896
1387178906.25,-21.58639
1387179062.5,-21.58304
1387179218.75,-21.57915
1387179375.0,-21.57805
1387179531.25,-21.57169
1387179687.5,-21.56947
1387179843.75,-21.56623
1387180000.0,-21.56455
1387180156.25,-21.56053
1387180312.5,-21.55685
1387180468.75,-21.55484
1387180625.0,-21.55133
1387180781.25,-21.54803
1387180937.5,-21.5446
1387181093.75,-21.5427
1387181250.0,-21.53836
1387181406.25,-21.53568
1387181562.5,-21.53115
1387181718.75,-21.52919
1387181875.0,-21.52613
1387182031.25,-21.52116
1387182187.5,-21.52087
1387182343.75,-21.5167
1387182500.0,-21.51274
1387182656.25,-21.50959
1387182812.5,-21.50682
1387182968.75,-21.50355
1387183125.0,-21.4983
1387183281.25,-21.4946
1387183437.5,-21.49249
1387183593.75,-21.49197
1387183750.0,-21.48677
1387183906.25,-21.48619
1387184062.5,-21.4797
1387184218.75,-21.47742
1387184375.0,-21.47254
1387184531.25,-21.47096
1387184687.5,-21.46822
1387184843.75,-21.46504
1387185000.0,-21.46233
1387185156.25,-21.46051
1387185312.5,-21.45672
1387185468.75,-21.45072
1387185625.0,-21.44724
1387185781.25,-21.44556
1387185937.5,-21.44392
1387186093.75,-21.43948
1387186250.0,-21.43644
1387186406.25,-21.43177
1387186562.5,-21.42746
1387186718.75,-21.42557
1387186875.0,-21.42411
1387187031.25,-21.4188
1387187187.5,-21.41527
1387187343.75,-21.41297
1387187500.0,-21.41035
1387187656.25,-21.40701
1387187812.5,-21.40378
1387187968.75,-21.40121
1387188125.0,-21.39429
1387188281.25,-21.39355
1387188437.5,-21.39314
1387188593.75,-21.38703
1387188750.0,-21.38311
1387188906.25,-21.38207
1387189062.5,-21.37539
1387189218.75,-21.37437
1387189375.0,-21.37097
1387189531.25,-21.36769
1387189687.5,-21.36706
1387189843.75,-21.35905
1387190000.0,-21.35693
1387190156.25,-21.35164
1387190312.5,-21.34787
1387190468.75,-21.34822
1387190625.0,-21.34359
1387190781.25,-21.33901
1387190937.5,-21.33651
1387191093.75,-21.3344
1387191250.0,-21.33074
1387191406.25,-21.3287
1387191562.5,-21.32463
1387191718.75,-21.32209
1387191875.0,-21.31977
1387192031.25,-21.31408
1387192187.5,-21.31077
1387192343.75,-21.30682
1387192500.0,-21.30381
1387192656.25,-21.30278
1387192812.5,-21.30039
1387192968.75,-21.29535
1387193125.0,-21.29306
1387193281.25,-21.28761
1387193437.5,-21.28469
1387193593.75,-21.28143
1387193750.0,-21.28074
1387193906.25,-21.27665
1387194062.5,-21.27237
1387194218.75,-21.26963
1387194375.0,-21.26686
1387194531.25,-21.26151
1387194687.5,-21.25912
1387194843.75,-21.2565
1387195000.0,-21.25501
1387195156.25,-21.24915
1387195312.5,-21.24402
1387195468.75,-21.24156
1387195625.0,-21.23858
1387195781.25,-21.23626
1387195937.5,-21.23432
1387196093.75,-21.23006
1387196250.0,-21.22639
1387196406.25,-21.22295
1387196562.5,-21.21934
1387196718.75,-21.21479
1387196875.0,-21.21347
1387197031.25,-21.2098
1387197187.5,-21.20774
1387197343.75,-21.20319
1387197500.0,-21.19978
1387197656.25,-21.19619
1387197812.5,-21.19229
1387197968.75,-21.19174
1387198125.0,-21.18699
1387198281.25,-21.18227
1387198437.5,-21.18016
1387198593.75,-21.17497
1387198750.0,-21.17333
1387198906.25,-21.17014
1387199062.5,-21.16583
1387199218.75,-21.16419
1387199375.0,-21.16063
1387199531.25,-21.15589
1387199687.5,-21.15295
1387199843.75,-21.14935
1387200000.0,-21.14728
1387200156.25,-21.1453
1387200312.5,-21.14053
1387200468.75,-21.13565
1387200625.0,-21.13311
1387200781.25,-21.12841
1387200937.5,-21.12573
1387201093.75,-21.12239
1387201250.0,-21.1214
1387201406.25,-21.1177
1387201562.5,-21.11418
1387201718.75,-21.10919
1387201875.0,-21.10701
1387202031.25,-21.1027
1387202187.5,-21.10052
1387202343.75,-21.09808
1387202500.0,-21.09215
1387202656.25,-21.08959
1387202812.5,-21.08783
1387202968.75,-21.08408
1387203125.0,-21.08018
1387203281.25,-21.07708
1387203437.5,-21.07401
1387203593.75,-21.07069
1387203750.0,-21.06595
1387203906.25,-21.0631
1387204062.5,-21.06043
1387204218.75,-21.05728
1387204375.0,-21.05217
1387204531.25,-21.05034
1387204687.5,-21.04665
1387204843.75,-21.04395
1387205000.0,-21.03857
1387205156.25,-21.03724
1387205312.5,-21.03211
1387205468.75,-21.0289
1387205625.0,-21.02484
1387205781.25,-21.02201
1387205937.5,-21.01865
1387206093.75,-21.01571
1387206250.0,-21.0112
1387206406.25,-21.00919
1387206562.5,-21.00557
1387206718.75,-21.00172
1387206875.0,-20.99901
1387207031.25,-20.99697
1387207187.5,-20.99248
1387207343.75,-20.98918
1387207500.0,-20.98707
1387207656.25,-20.98286
1387207812.5,-20.98017
1387207968.75,-20.9755
1387208125.0,-20.97013
1387208281.25,-20.96904
1387208437.5,-20.96614
1387208593.75,-20.96271
1387208750.0,-20.95651
1387208906.25,-20.95433
1387209062.5,-20.9528
1387209218.75,-20.94859
1387209375.0,-20.9446
1387209531.25,-20.94143
1387209687.5,-20.93769
1387209843.75,-20.93487
1387210000.0,-20.93167
1387210156.25,-20.92947
1387210312.5,-20.92494
1387210468.75,-20.92162
1387210625.0,-20.91863
1387210781.25,-20.91476
1387210937.5,-20.91137
1387211093.75,-20.90779
1387211250.0,-20.90372
1387211406.25,-20.90061
1387211562.5,-20.89714
1387211718.75,-20.89529
1387211875.0,-20.89126
1387212031.25,-20.88829
1387212187.5,-20.88409
1387212343.75,-20.88002
1387212500.0,-20.87792
1387212656.25,-20.87454
1387212812.5,-20.86931
1387212968.75,-20.86774
1387213125.0,-20.86423
1387213281.25,-20.85876
1387213437.5,-20.85774
1387213593.75,-20.85291
1387213750.0,-20.85162
1387213906.25,-20.8469
1387214062.5,-20.84408
1387214218.75,-20.84275
1387214375.0,-20.83781
1387214531.25,-20.83204
1387214687.5,-20.82892
1387214843.75,-20.8248
1387215000.0,-20.82279
1387215156.25,-20.81823
1387215312.5,-20.8154
1387215468.75,-20.81222
1387215625.0,-20.81064
1387215781.25,-20.80413
1387215937.5,-20.80239
1387216093.75,-20.80013
1387216250.0,-20.79565
1387216406.25,-20.79114
1387216562.5,-20.78792
1387216718.75,-20.78372
1387216875.0,-20.78229
1387217031.25,-20.77734
1387217187.5,-20.7739
1387217343.75,-20.77194
1387217500.0,-20.76696
1387217656.25,-20.76399
1387217812.5,-20.76198
1387217968.75,-20.75521
1387218125.0,-20.75379
1387218281.25,-20.74873
1387218437.5,-20.74585
1387218593.75,-20.74276
1387218750.0,-20.74005
1387218906.25,-20.73635
1387219062.5,-20.73133
1387219218.75,-20.72967
1387219375.0,-20.72694
1387219531.25,-20.72308
1387219687.5,-20.72051
1387219843.75,-20.717
1387220000.0,-20.71107
1387220156.25,-20.70875
1387220312.5,-20.70408
1387220468.75,-20.70059
1387220625.0,-20.70058
1387220781.25,-20.69358
1387220937.5,-20.69151
1387221093.75,-20.68898
1387221250.0,-20.68293
1387221406.25,-20.68288
1387221562.5,-20.67686
1387221718.75,-20.6733
1387221875.0,-20.67119
1387222031.25,-20.66695
1387222187.5,-20.66277
1387222343.75,-20.65759
1387222500.0,-20.65662
1387222656.25,-20.65153
1387222812.5,-20.65038
1387222968.75,-20.64438
1387223125.0,-20.64195
1387223281.25,-20.63775
1387223437.5,-20.63652
1387223593.75,-20.63098
1387223750.0,-20.62932
1387223906.25,-20.62446
1387224062.5,-20.62144
1387224218.75,-20.61641
1387224375.0,-20.61506
1387224531.25,-20.61123
1387224687.5,-20.60826
1387224843.75,-20.60247
1387225000.0,-20.6007
1387225156.25,-20.59602
1387225312.5,-20.59467
1387225468.75,-20.59013
1387225625.0,-20.58658
1387225781.25,-20.58451
1387225937.5,-20.57848
1387226093.75,-20.57592
1387226250.0,-20.57166
1387226406.25,-20.56985
1387226562.5,-20.56599
1387226718.75,-20.56307
1387226875.0,-20.56002
1387227031.25,-20.5552
1387227187.5,-20.55129
1387227343.75,-20.54807
1387227500.0,-20.54195
1387227656.25,-20.54126
1387227812.5,-20.53778
1387227968.75,-20.53277
1387228125.0,-20.52967
1387228281.25,-20.52564
1387228437.5,-20.52336
1387228593.75,-20.51966
1387228750.0,-20.51521
1387228906.25,-20.51294
1387229062.5,-20.50875
1387229218.75,-20.50423
1387229375.0,-20.50251
1387229531.25,-20.49936
1387229687.5,-20.49439
1387229843.75,-20.49087
1387230000.0,-20.48908
1387230156.25,-20.48468
1387230312.5,-20.48332
1387230468.75,-20.47595
1387230625.0,-20.47298
1387230781.25,-20.47124
1387230937.5,-20.46705
1387231093.75,-20.46512
1387231250.0,-20.45774
1387231406.25,-20.45629
1387231562.5,-20.45232
1387231718.75,-20.44927
1387231875.0,-20.44441
1387232031.25,-20.44071
1387232187.5,-20.43569
1387232343.75,-20.43441
1387232500.0,-20.43136
1387232656.25,-20.42935
1387232812.5,-20.42509
1387232968.75,-20.41986
1387233125.0,-20.41627
1387233281.25,-20.41133
1387233437.5,-20.40814
1387233593.75,-20.40689
1387233750.0,-20.40334
1387233906.25,-20.39878
1387234062.5,-20.39431
1387234218.75,-20.39181
1387234375.0,-20.38804
1387234531.25,-20.38496
1387234687.5,-20.38017
1387234843.75,-20.37728
1387235000.0,-20.3743
1387235156.25,-20.37042
1387235312.5,-20.367
1387235468.75,-20.3626
1387235625.0,-20.36015
1387235781.25,-20.35498
1387235937.5,-20.35228
1387236093.75,-20.34879
1387236250.0,-20.34471
1387236406.25,-20.34039
1387236562.5,-20.33787
1387236718.75,-20.33631
1387236875.0,-20.33275
1387237031.25,-20.32927
1387237187.5,-20.32188
1387237343.75,-20.31993
1387237500.0,-20.31728
1387237656.25,-20.31214
1387237812.5,-20.30838
1387237968.75,-20.30455
1387238125.0,-20.30264
1387238281.25,-20.29829
1387238437.5,-20.29515
1387238593.75,-20.29226
1387238750.0,-20.28703
1387238906.25,-20.28269
1387239062.5,-20.27791
1387239218.75,-20.27828
1387239375.0,-20.27456
1387239531.25,-20.26915
1387239687.5,-20.26604
1387239843.75,-20.26235
1387240000.0,-20.26016
1387240156.25,-20.25392
1387240312.5,-20.25014
1387240468.75,-20.24642
1387240625.0,-20.24416
1387240781.25,-20.23994
1387240937.5,-20.2361
1387241093.75,-20.23302
1387241250.0,-20.22898
1387241406.25,-20.22582
1387241562.5,-20.2229
1387241718.75,-20.21854
1387241875.0,-20.21527
1387242031.25,-20.21074
1387242187.5,-20.20756
1387242343.75,-20.20565
1387242500.0,-20.20185
1387242656.25,-20.19768
1387242812.5,-20.19355
1387242968.75,-20.18818
1387243125.0,-20.18577
1387243281.25,-20.18146
1387243437.5,-20.179
1387243593.75,-20.17444
1387243750.0,-20.17033
1387243906.25,-20.16809
1387244062.5,-20.16163
1387244218.75,-20.1601
1387244375.0,-20.15749
1387244531.25,-20.15265
1387244687.5,-20.14994
1387244843.75,-20.14589
1387245000.0,-20.1394
1387245156.25,-20.13732
1387245312.5,-20.1353
1387245468.75,-20.13121
1387245625.0,-20.12708
1387245781.25,-20.12487
1387245937.5,-20.1202
1387246093.75,-20.11592
1387246250.0,-20.11129
1387246406.25,-20.11132
1387246562.5,-20.10624
1387246718.75,-20.10181
1387246875.0,-20.09759
1387247031.25,-20.09337
1387247187.5,-20.09054
1387247343.75,-20.08698
1387247500.0,-20.08229
1387247656.25,-20.07961
1387247812.5,-20.0783
1387247968.75,-20.07303
1387248125.0,-20.06842
1387248281.25,-20.06436
1387248437.5,-20.06135
1387248593.75,-20.05822
1387248750.0,-20.05429
1387248906.25,-20.05012
1387249062.5,-20.04626
1387249218.75,-20.0444
1387249375.0,-20.03947
1387249531.25,-20.03637
1387249687.5,-20.03341
1387249843.75,-20.03033
1387250000.0,-20.02381
1387250156.25,-20.02203
1387250312.5,-20.01794
1387250468.75,-20.01435
1387250625.0,-20.01031
1387250781.25,-20.00666
1387250937.5,-20.0015
1387251093.75,-19.99893
1387251250.0,-19.99581
1387251406.25,-19.99091
1387251562.5,-19.98779
1387251718.75,-19.98421
1387251875.0,-19.98102
1387252031.25,-19.97643
1387252187.5,-19.97323
1387252343.75,-19.9688
1387252500.0,-19.96595
1387252656.25,-19.96041
1387252812.5,-19.95763
1387252968.75,-19.95393
1387253125.0,-19.9519
1387253281.25,-19.9479
1387253437.5,-19.94357
1387253593.75,-19.93846
1387253750.0,-19.93491
1387253906.25,-19.93236
1387254062.5,-19.92831
1387254218.75,-19.92385
1387254375.0,-19.92282
1387254531.25,-19.91613
1387254687.5,-19.91216
1387254843.75,-19.90954
1387255000.0,-19.90556
1387255156.25,-19.90217
1387255312.5,-19.89799
1387255468.75,-19.89351
1387255625.0,-19.89223
1387255781.25,-19.88736
1387255937.5,-19.88421
1387256093.75,-19.87914
1387256250.0,-19.87481
1387256406.25,-19.87297
1387256562.5,-19.86769
1387256718.75,-19.86419
1387256875.0,-19.86137
1387257031.25,-19.85627
1387257187.5,-19.85262
1387257343.75,-19.84849
1387257500.0,-19.84554
1387257656.25,-19.84378
1387257812.5,-19.83821
1387257968.75,-19.8347
1387258125.0,-19.83024
1387258281.25,-19.82577
1387258437.5,-19.82303
1387258593.75,-19.82078
1387258750.0,-19.81616
1387258906.25,-19.81296
1387259062.5,-19.80799
1387259218.75,-19.80448
1387259375.0,-19.79996
1387259531.25,-19.79634
1387259687.5,-19.79299
1387259843.75,-19.78968
1387260000.0,-19.78791
1387260156.25,-19.78239
1387260312.5,-19.77824
1387260468.75,-19.77303
1387260625.0,-19.77082
1387260781.25,-19.76862
1387260937.5,-19.7644
1387261093.75,-19.759
1387261250.0,-19.75441
1387261406.25,-19.75248
1387261562.5,-19.74865
1387261718.75,-19.74582
1387261875.0,-19.74151
1387262031.25,-19.73827
1387262187.5,-19.73309
1387262343.75,-19.7292
1387262500.0,-19.72528
1387262656.25,-19.71962
1387262812.5,-19.71659
1387262968.75,-19.71576
1387263125.0,-19.71174
1387263281.25,-19.70541
1387263437.5,-19.70385
1387263593.75,-19.69981
1387263750.0,-19.69449
1387263906.25,-19.69024
1387264062.5,-19.68757
1387264218.75,-19.68429
1387264375.0,-19.67965
1387264531.25,-19.6771
1387264687.5,-19.67152
1387264843.75,-19.6679
1387265000.0,-19.66556
1387265156.25,-19.65976
1387265312.5,-19.65828
1387265468.75,-19.6515
1387265625.0,-19.65064
1387265781.25,-19.64637
1387265937.5,-19.64147
1387266093.75,-19.63755
1387266250.0,-19.63376
1387266406.25,-19.62873
1387266562.5,-19.62615
1387266718.75,-19.62233
1387266875.0,-19.61864
1387267031.25,-19.61561
1387267187.5,-19.61116
1387267343.75,-19.60739
1387267500.0,-19.60441
1387267656.25,-19.59945
1387267812.5,-19.59413
1387267968.75,-19.59135
1387268125.0,-19.58694
1387268281.25,-19.5839
1387268437.5,-19.58094
1387268593.75,-19.57679
1387268750.0,-19.57165
1387268906.25,-19.57005
1387269062.5,-19.56338
1387269218.75,-19.56209
1387269375.0,-19.5578
1387269531.25,-19.55319
1387269687.5,-19.54914
1387269843.75,-19.54601
1387270000.0,-19.54276
1387270156.25,-19.53872
1387270312.5,-19.5337
1387270468.75,-19.52921
1387270625.0,-19.52439
1387270781.25,-19.52432
1387270937.5,-19.51716
1387271093.75,-19.51456
1387271250.0,-19.51166
1387271406.25,-19.50772
1387271562.5,-19.50435
1387271718.75,-19.50011
1387271875.0,-19.49622
1387272031.25,-19.49155
1387272187.5,-19.48695
1387272343.75,-19.48347
1387272500.0,-19.48005
1387272656.25,-19.47735
1387272812.5,-19.4724
1387272968.75,-19.4668
1387273125.0,-19.46342
1387273281.25,-19.46057
1387273437.5,-19.45805
1387273593.75,-19.45277
1387273750.0,-19.44963
1387273906.25,-19.44529
1387274062.5,-19.43971
1387274218.75,-19.43609
1387274375.0,-19.43326
1387274531.25,-19.43037
1387274687.5,-19.42678
1387274843.75,-19.42144
1387275000.0,-19.41848
1387275156.25,-19.41479
1387275312.5,-19.40865
1387275468.75,-19.40613
1387275625.0,-19.40183
1387275781.25,-19.40004
1387275937.5,-19.39428
1387276093.75,-19.39024
1387276250.0,-19.38567
1387276406.25,-19.38189
1387276562.5,-19.37798
1387276718.75,-19.37611
1387276875.0,-19.37214
1387277031.25,-19.36722
1387277187.5,-19.36192
1387277343.75,-19.35826
1387277500.0,-19.35595
1387277656.25,-19.35259
1387277812.5,-19.34737
1387277968.75,-19.34321
1387278125.0,-19.33942
1387278281.25,-19.3365
1387278437.5,-19.33176
1387278593.75,-19.32685
1387278750.0,-19.32426
1387278906.25,-19.31907
1387279062.5,-19.31692
1387279218.75,-19.31325
1387279375.0,-19.30802
1387279531.25,-19.30414
1387279687.5,-19.30116
1387279843.75,-19.29623
1387280000.0,-19.29258
1387280156.25,-19.28814
1387280312.5,-19.28407
1387280468.75,-19.28108
1387280625.0,-19.27632
1387280781.25,-19.27355
1387280937.5,-19.2694
1387281093.75,-19.26531
1387281250.0,-19.26088
1387281406.25,-19.25643
1387281562.5,-19.25147
1387281718.75,-19.25127
1387281875.0,-19.24725
1387282031.25,-19.24046
1387282187.5,-19.23844
1387282343.75,-19.23476
1387282500.0,-19.23001
1387282656.25,-19.22592
1387282812.5,-19.22132
1387282968.75,-19.21842
1387283125.0,-19.21482
1387283281.25,-19.20897
1387283437.5,-19.20651
1387283593.75,-19.20165
1387283750.0,-19.19797
1387283906.25,-19.19479
1387284062.5,-19.18977
1387284218.75,-19.1867
1387284375.0,-19.1822
1387284531.25,-19.1781
1387284687.5,-19.17361
1387284843.75,-19.17109
1387285000.0,-19.16613
1387285156.25,-19.1628
1387285312.5,-19.1572
1387285468.75,-19.15436
1387285625.0,-19.15077
1387285781.25,-19.14684
1387285937.5,-19.14201
1387286093.75,-19.13907
1387286250.0,-19.13373
1387286406.25,-19.12978
1387286562.5,-19.12441
1387286718.75,-19.12289
1387286875.0,-19.11871
1387287031.25,-19.11524
1387287187.5,-19.11025
1387287343.75,-19.10501
1387287500.0,-19.10308
1387287656.25,-19.09775
1387287812.5,-19.0944
1387287968.75,-19.09136
1387288125.0,-19.08781
1387288281.25,-19.08146
1387288437.5,-19.07728
1387288593.75,-19.07403
1387288750.0,-19.07228
1387288906.25,-19.06676
1387289062.5,-19.06083
1387289218.75,-19.0577
1387289375.0,-19.05413
1387289531.25,-19.05164
1387289687.5,-19.0456
1387289843.75,-19.041
1387290000.0,-19.03804
1387290156.25,-19.0337
1387290312.5,-19.03031
1387290468.75,-19.02505
1387290625.0,-19.02356
1387290781.25,-19.01733
1387290937.5,-19.01376
1387291093.75,-19.01019
1387291250.0,-19.00635
1387291406.25,-19.00119
1387291562.5,-18.99755
1387291718.75,-18.99489
1387291875.0,-18.99081
1387292031.25,-18.98523
1387292187.5,-18.98205
1387292343.75,-18.97964
1387292500.0,-18.97347
1387292656.25,-18.96932
1387292812.5,-18.96593
1387292968.75,-18.96253
1387293125.0,-18.95698
1387293281.25,-18.95454
1387293437.5,-18.95014
1387293593.75,-18.9453
1387293750.0,-18.94013
1387293906.25,-18.93786
1387294062.5,-18.93266
1387294218.75,-18.92953
1387294375.0,-18.92362
1387294531.25,-18.92108
1387294687.5,-18.91684
1387294843.75,-18.91315
1387295000.0,-18.90852
1387295156.25,-18.90612
1387295312.5,-18.90145
1387295468.75,-18.89706
1387295625.0,-18.89234
1387295781.25,-18.88823
1387295937.5,-18.88581
1387296093.75,-18.88073
1387296250.0,-18.87698
1387296406.25,-18.87356
1387296562.5,-18.86753
1387296718.75,-18.86345
1387296875.0,-18.8602
1387297031.25,-18.85618
1387297187.5,-18.85138
1387297343.75,-18.84859
1387297500.0,-18.84445
1387297656.25,-18.84201
1387297812.5,-18.83684
1387297968.75,-18.83103
1387298125.0,-18.82752
1387298281.25,-18.82374
1387298437.5,-18.81971
1387298593.75,-18.81446
1387298750.0,-18.80993
1387298906.25,-18.80602
1387299062.5,-18.8022
1387299218.75,-18.79952
1387299375.0,-18.79653
1387299531.25,-18.79166
1387299687.5,-18.78597
1387299843.75,-18.78328
1387300000.0,-18.77973
1387300156.25,-18.77409
1387300312.5,-18.77161
1387300468.75,-18.76751
1387300625.0,-18.76158
1387300781.25,-18.75838
1387300937.5,-18.75441
1387301093.75,-18.75016
1387301250.0,-18.74598
1387301406.25,-18.74193
1387301562.5,-18.73745
1387301718.75,-18.73311
1387301875.0,-18.72864
1387302031.25,-18.72505
1387302187.5,-18.71937
1387302343.75,-18.71638
1387302500.0,-18.71418
1387302656.25,-18.70963
1387302812.5,-18.70488
1387302968.75,-18.7012
1387303125.0,-18.6964
1387303281.25,-18.69178
1387303437.5,-18.6874
1387303593.75,-18.68366
1387303750.0,-18.67867
1387303906.25,-18.67666
1387304062.5,-18.6713
1387304218.75,-18.66767
1387304375.0,-18.66234
1387304531.25,-18.65873
1387304687.5,-18.65292
1387304843.75,-18.65145
1387305000.0,-18.6455
1387305156.25,-18.64318
1387305312.5,-18.63902
1387305468.75,-18.63429
1387305625.0,-18.63024
1387305781.25,-18.62582
1387305937.5,-18.62102
1387306093.75,-18.61861
1387306250.0,-18.61536
1387306406.25,-18.60886
1387306562.5,-18.60459
1387306718.75,-18.60106
1387306875.0,-18.59544
1387307031.25,-18.59289
1387307187.5,-18.58865
1387307343.75,-18.58486
1387307500.0,-18.57876
1387307656.25,-18.57726
1387307812.5,-18.57156
1387307968.75,-18.56841
1387308125.0,-18.56365
1387308281.25,-18.55956
1387308437.5,-18.5557
1387308593.75,-18.5505
1387308750.0,-18.54431
1387308906.25,-18.54164
1387309062.5,-18.53863
1387309218.75,-18.5339
1387309375.0,-18.53053
1387309531.25,-18.52647
1387309687.5,-18.52104
1387309843.75,-18.51677
1387310000.0,-18.51395
1387310156.25,-18.50872
1387310312.5,-18.50484
1387310468.75,-18.5003
1387310625.0,-18.4966
1387310781.25,-18.49383
1387310937.5,-18.4884
1387311093.75,-18.48429
1387311250.0,-18.4793
1387311406.25,-18.47647
1387311562.5,-18.47012
1387311718.75,-18.46738
1387311875.0,-18.4639
1387312031.25,-18.46031
1387312187.5,-18.45505
1387312343.75,-18.45019
1387312500.0,-18.4472
1387312656.25,-18.442
1387312812.5,-18.43844
1387312968.75,-18.43429
1387313125.0,-18.42772
1387313281.25,-18.42611
1387313437.5,-18.42171
1387313593.75,-18.41788
1387313750.0,-18.41305
1387313906.25,-18.409
1387314062.5,-18.40337
1387314218.75,-18.39923
1387314375.0,-18.39516
1387314531.25,-18.39298
1387314687.5,-18.38711
1387314843.75,-18.38252
1387315000.0,-18.38056
1387315156.25,-18.37466
1387315312.5,-18.37227
1387315468.75,-18.36688
1387315625.0,-18.36188
1387315781.25,-18.35887
1387315937.5,-18.35278
1387316093.75,-18.3489
1387316250.0,-18.34398
1387316406.25,-18.34138
1387316562.5,-18.33611
1387316718.75,-18.33179
1387316875.0,-18.32764
1387317031.25,-18.32496
1387317187.5,-18.32029
1387317343.75,-18.31609
1387317500.0,-18.31206
1387317656.25,-18.30586
1387317812.5,-18.30292
1387317968.75,-18.29805
1387318125.0,-18.29396
1387318281.25,-18.29
1387318437.5,-18.28623
1387318593.75,-18.28142
1387318750.0,-18.27678
1387318906.25,-18.27427
1387319062.5,-18.26757
1387319218.75,-18.2641
1387319375.0,-18.26008
1387319531.25,-18.25491
1387319687.5,-18.25228
1387319843.75,-18.24743
1387320000.0,-18.24105
1387320156.25,-18.2383
1387320312.5,-18.23426
1387320468.75,-18.2293
1387320625.0,-18.22701
1387320781.25,-18.22107
1387320937.5,-18.21808
1387321093.75,-18.21254
1387321250.0,-18.20817
1387321406.25,-18.2047
1387321562.5,-18.19955
1387321718.75,-18.19637
1387321875.0,-18.19275
1387322031.25,-18.18752
1387322187.5,-18.18287
1387322343.75,-18.17667
1387322500.0,-18.17484
1387322656.25,-18.17063
1387322812.5,-18.16649
1387322968.75,-18.1616
1387323125.0,-18.15661
1387323281.25,-18.15306
1387323437.5,-18.14974
1387323593.75,-18.14465
1387323750.0,-18.14018
1387323906.25,-18.13549
1387324062.5,-18.13142
1387324218.75,-18.1281
1387324375.0,-18.12336
1387324531.25,-18.11807
1387324687.5,-18.11515
1387324843.75,-18.1097
1387325000.0,-18.10737
1387325156.25,-18.10226
1387325312.5,-18.09683
1387325468.75,-18.09216
1387325625.0,-18.08912
1387325781.25,-18.08302
1387325937.5,-18.07788
1387326093.75,-18.0749
1387326250.0,-18.0715
1387326406.25,-18.06886
1387326562.5,-18.06361
1387326718.75,-18.05768
1387326875.0,-18.05303
1387327031.25,-18.04953
1387327187.5,-18.04504
1387327343.75,-18.04256
1387327500.0,-18.03629
1387327656.25,-18.03292
1387327812.5,-18.02855
1387327968.75,-18.02477
1387328125.0,-18.01788
1387328281.25,-18.01502
1387328437.5,-18.01089
1387328593.75,-18.00512
1387328750.0,-18.00042
1387328906.25,-17.99778
1387329062.5,-17.99381
1387329218.75,-17.98958
1387329375.0,-17.98478
1387329531.25,-17.98068
1387329687.5,-17.97733
1387329843.75,-17.97206
1387330000.0,-17.96812
1387330156.25,-17.96316
1387330312.5,-17.95832
1387330468.75,-17.95353
1387330625.0,-17.94987
1387330781.25,-17.94513
1387330937.5,-17.94272
1387331093.75,-17.93676
1387331250.0,-17.93162
1387331406.25,-17.92778
1387331562.5,-17.92348
1387331718.75,-17.91833
1387331875.0,-17.91495
1387332031.25,-17.90904
1387332187.5,-17.90672
1387332343.75,-17.90345
1387332500.0,-17.89832
1387332656.25,-17.89413
1387332812.5,-17.88883
1387332968.75,-17.88429
1387333125.0,-17.88097
1387333281.25,-17.87595
1387333437.5,-17.87112
1387333593.75,-17.86585
1387333750.0,-17.86313
1387333906.25,-17.85967
1387334062.5,-17.85371
1387334218.75,-17.84947
1387334375.0,-17.84532
1387334531.25,-17.84093
1387334687.5,-17.83684
1387334843.75,-17.83088
1387335000.0,-17.82754
1387335156.25,-17.82396
1387335312.5,-17.81932
1387335468.75,-17.81425
1387335625.0,-17.80799
1387335781.25,-17.80436
1387335937.5,-17.8009
1387336093.75,-17.7974
1387336250.0,-17.79175
1387336406.25,-17.78666
1387336562.5,-17.78338
1387336718.75,-17.77819
1387336875.0,-17.77475
1387337031.25,-17.77068
1387337187.5,-17.76516
1387337343.75,-17.76186
1387337500.0,-17.75731
1387337656.25,-17.75126
1387337812.5,-17.74889
1387337968.75,-17.74448
1387338125.0,-17.73909
1387338281.25,-17.73597
1387338437.5,-17.73059
1387338593.75,-17.72741
1387338750.0,-17.72299
1387338906.25,-17.71926
1387339062.5,-17.71339
1387339218.75,-17.70828
1387339375.0,-17.70533
1387339531.25,-17.70057
1387339687.5,-17.69343
1387339843.75,-17.69052
1387340000.0,-17.68627
1387340156.25,-17.68104
1387340312.5,-17.67797
1387340468.75,-17.67403
1387340625.0,-17.66939
1387340781.25,-17.6633
1387340937.5,-17.65931
1387341093.75,-17.6554
1387341250.0,-17.65047
1387341406.25,-17.64716
1387341562.5,-17.64123
1387341718.75,-17.63662
1387341875.0,-17.63324
1387342031.25,-17.62829
1387342187.5,-17.62332
1387342343.75,-17.61905
1387342500.0,-17.61391
1387342656.25,-17.61061
1387342812.5,-17.60537
1387342968.75,-17.60217
1387343125.0,-17.59754
1387343281.25,-17.59163
1387343437.5,-17.58719
1387343593.75,-17.58526
1387343750.0,-17.58
1387343906.25,-17.57475
1387344062.5,-17.56988
1387344218.75,-17.56671
1387344375.0,-17.56194
1387344531.25,-17.5591
1387344687.5,-17.55332
1387344843.75,-17.54823
1387345000.0,-17.54484
1387345156.25,-17.53931
1387345312.5,-17.53552
1387345468.75,-17.53068
1387345625.0,-17.52578
1387345781.25,-17.52086
1387345937.5,-17.51789
1387346093.75,-17.51193
1387346250.0,-17.50869
1387346406.25,-17.50356
1387346562.5,-17.49909
1387346718.75,-17.49502
1387346875.0,-17.48968
1387347031.25,-17.48539
1387347187.5,-17.48199
1387347343.75,-17.47735
1387347500.0,-17.47116
1387347656.25,-17.46724
1387347812.5,-17.46365
1387347968.75,-17.45929
1387348125.0,-17.45421
1387348281.25,-17.45122
1387348437.5,-17.4453
1387348593.75,-17.44065
1387348750.0,-17.43582
1387348906.25,-17.43227
1387349062.5,-17.42734
1387349218.75,-17.42299
1387349375.0,-17.42018
1387349531.25,-17.41483
1387349687.5,-17.40745
1387349843.75,-17.40499
1387350000.0,-17.39984
1387350156.25,-17.39499
1387350312.5,-17.39212
1387350468.75,-17.38512
1387350625.0,-17.38134
1387350781.25,-17.37589
1387350937.5,-17.37232
1387351093.75,-17.36976
1387351250.0,-17.36558
1387351406.25,-17.35966
1387351562.5,-17.35453
1387351718.75,-17.35024
1387351875.0,-17.34562
1387352031.25,-17.3402
1387352187.5,-17.3374
1387352343.75,-17.33222
1387352500.0,-17.32844
1387352656.25,-17.3244
1387352812.5,-17.31913
1387352968.75,-17.31419
1387353125.0,-17.309
1387353281.25,-17.30388
1387353437.5,-17.30035
1387353593.75,-17.29593
1387353750.0,-17.2915
1387353906.25,-17.28797
1387354062.5,-17.28283
1387354218.75,-17.27722
1387354375.0,-17.27351
1387354531.25,-17.26793
1387354687.5,-17.26433
1387354843.75,-17.25983
1387355000.0,-17.25448
1387355156.25,-17.25157
1387355312.5,-17.24718
1387355468.75,-17.24294
1387355625.0,-17.2363
1387355781.25,-17.2324
1387355937.5,-17.22825
1387356093.75,-17.22288
1387356250.0,-17.21848
1387356406.25,-17.21473
1387356562.5,-17.20904
1387356718.75,-17.20532
1387356875.0,-17.20168
1387357031.25,-17.1959
1387357187.5,-17.1922
1387357343.75,-17.18585
1387357500.0,-17.18348
1387357656.25,-17.17781
1387357812.5,-17.17526
1387357968.75,-17.168
1387358125.0,-17.16429
1387358281.25,-17.16
1387358437.5,-17.15598
1387358593.75,-17.15155
1387358750.0,-17.14795
1387358906.25,-17.14294
1387359062.5,-17.13697
1387359218.75,-17.13126
1387359375.0,-17.12623
1387359531.25,-17.1224
1387359687.5,-17.11893
1387359843.75,-17.11478
1387360000.0,-17.10956
1387360156.25,-17.10415
1387360312.5,-17.10098
1387360468.75,-17.09581
1387360625.0,-17.09221
1387360781.25,-17.08763
1387360937.5,-17.08077
1387361093.75,-17.0764
1387361250.0,-17.07127
1387361406.25,-17.06774
1387361562.5,-17.06385
1387361718.75,-17.05974
1387361875.0,-17.05493
1387362031.25,-17.04975
1387362187.5,-17.04468
1387362343.75,-17.03986
1387362500.0,-17.03653
1387362656.25,-17.03212
1387362812.5,-17.02668
1387362968.75,-17.02191
1387363125.0,-17.01805
1387363281.25,-17.01258
1387363437.5,-17.00914
1387363593.75,-17.00406
1387363750.0,-16.9997
1387363906.25,-16.99599
1387364062.5,-16.98932
1387364218.75,-16.98638
1387364375.0,-16.98174
1387364531.25,-16.97512
1387364687.5,-16.97094
1387364843.75,-16.96787
1387365000.0,-16.96136
1387365156.25,-16.95795
1387365312.5,-16.95364
1387365468.75,-16.94977
1387365625.0,-16.94452
1387365781.25,-16.93997
1387365937.5,-16.93426
1387366093.75,-16.9294
1387366250.0,-16.925
1387366406.25,-16.92162
1387366562.5,-16.91609
1387366718.75,-16.91109
1387366875.0,-16.9059
1387367031.25,-16.90075
1387367187.5,-16.89768
1387367343.75,-16.89177
1387367500.0,-16.88803
1387367656.25,-16.88342
1387367812.5,-16.88021
1387367968.75,-16.87399
1387368125.0,-16.87059
1387368281.25,-16.86584
1387368437.5,-16.86056
1387368593.75,-16.85716
1387368750.0,-16.85143
1387368906.25,-16.8478
1387369062.5,-16.84212
1387369218.75,-16.83722
1387369375.0,-16.83242
1387369531.25,-16.82688
1387369687.5,-16.82408
1387369843.75,-16.81907
1387370000.0,-16.81443
1387370156.25,-16.80935
1387370312.5,-16.80602
1387370468.75,-16.80128
1387370625.0,-16.79589
1387370781.25,-16.79133
1387370937.5,-16.78578
1387371093.75,-16.78207
1387371250.0,-16.77468
1387371406.25,-16.77188
1387371562.5,-16.76791
1387371718.75,-16.76437
1387371875.0,-16.75923
1387372031.25,-16.75357
1387372187.5,-16.75007
1387372343.75,-16.74353
1387372500.0,-16.73875
1387372656.25,-16.73661
1387372812.5,-16.72889
1387372968.75,-16.72654
1387373125.0,-16.72035
1387373281.25,-16.71688
1387373437.5,-16.71233
1387373593.75,-16.706
1387373750.0,-16.70413
1387373906.25,-16.69831
1387374062.5,-16.69122
1387374218.75,-16.68896
1387374375.0,-16.68415
1387374531.25,-16.67941
1387374687.5,-16.67386
1387374843.75,-16.6701
1387375000.0,-16.66604
1387375156.25,-16.66065
1387375312.5,-16.65569
1387375468.75,-16.65099
1387375625.0,-16.64635
1387375781.25,-16.64136
1387375937.5,-16.63692
1387376093.75,-16.63256
1387376250.0,-16.62762
1387376406.25,-16.62198
1387376562.5,-16.61726
1387376718.75,-16.61225
1387376875.0,-16.60998
1387377031.25,-16.60386
1387377187.5,-16.59976
1387377343.75,-16.59458
1387377500.0,-16.5909
1387377656.25,-16.58488
1387377812.5,-16.58009
1387377968.75,-16.57699
1387378125.0,-16.57087
1387378281.25,-16.56714
1387378437.5,-16.56134
1387378593.75,-16.55702
1387378750.0,-16.55327
1387378906.25,-16.54754
1387379062.5,-16.54283
1387379218.75,-16.53842
1387379375.0,-16.535
1387379531.25,-16.53012
1387379687.5,-16.52439
1387379843.75,-16.52065
1387380000.0,-16.51498
1387380156.25,-16.51103
1387380312.5,-16.50632
1387380468.75,-16.50156
1387380625.0,-16.49736
1387380781.25,-16.49148
1387380937.5,-16.48636
1387381093.75,-16.48251
1387381250.0,-16.47791
1387381406.25,-16.47375
1387381562.5,-16.46853
1387381718.75,-16.46439
1387381875.0,-16.45838
1387382031.25,-16.4529
1387382187.5,-16.44924
1387382343.75,-16.44571
1387382500.0,-16.44043
1387382656.25,-16.43543
1387382812.5,-16.43095
1387382968.75,-16.4262
1387383125.0,-16.42058
1387383281.25,-16.41569
1387383437.5,-16.4116
1387383593.75,-16.4076
1387383750.0,-16.40285
1387383906.25,-16.39783
1387384062.5,-16.39191
1387384218.75,-16.38681
1387384375.0,-16.38388
1387384531.25,-16.379
1387384687.5,-16.37393
1387384843.75,-16.36804
1387385000.0,-16.36475
1387385156.25,-16.35949
1387385312.5,-16.35487
1387385468.75,-16.3512
1387385625.0,-16.34653
1387385781.25,-16.34183
1387385937.5,-16.33409
1387386093.75,-16.33035
1387386250.0,-16.32594
1387386406.25,-16.32195
1387386562.5,-16.31725
1387386718.75,-16.31183
1387386875.0,-16.30777
1387387031.25,-16.3008
1387387187.5,-16.29883
1387387343.75,-16.29387
1387387500.0,-16.28712
1387387656.25,-16.28466
1387387812.5,-16.27909
1387387968.75,-16.27417
1387388125.0,-16.269
1387388281.25,-16.26518
1387388437.5,-16.26092
1387388593.75,-16.25568
1387388750.0,-16.25135
1387388906.25,-16.24688
1387389062.5,-16.24069
1387389218.75,-16.23752
1387389375.0,-16.2318
1387389531.25,-16.22704
1387389687.5,-16.22295
1387389843.75,-16.21737
1387390000.0,-16.21332
1387390156.25,-16.21005
1387390312.5,-16.20412
1387390468.75,-16.19949
1387390625.0,-16.19479
1387390781.25,-16.18959
1387390937.5,-16.18409
1387391093.75,-16.17981
1387391250.0,-16.1752
1387391406.25,-16.16956
1387391562.5,-16.1663
1387391718.75,-16.16052
1387391875.0,-16.15643
1387392031.25,-16.15103
1387392187.5,-16.14642
1387392343.75,-16.14224
1387392500.0,-16.13714
1387392656.25,-16.13295
1387392812.5,-16.12726
1387392968.75,-16.12221
1387393125.0,-16.11917
1387393281.25,-16.11236
1387393437.5,-16.10731
1387393593.75,-16.10272
1387393750.0,-16.09892
1387393906.25,-16.09386
1387394062.5,-16.08872
1387394218.75,-16.08529
1387394375.0,-16.08037
1387394531.25,-16.07505
1387394687.5,-16.06825
1387394843.75,-16.06574
1387395000.0,-16.05885
1387395156.25,-16.05487
1387395312.5,-16.05164
1387395468.75,-16.04511
1387395625.0,-16.04221
1387395781.25,-16.03754
1387395937.5,-16.03199
1387396093.75,-16.02754
1387396250.0,-16.024
1387396406.25,-16.01789
1387396562.5,-16.0128
1387396718.75,-16.00913
1387396875.0,-16.00412
1387397031.25,-15.99928
1387397187.5,-15.99323
1387397343.75,-15.99044
1387397500.0,-15.98473
1387397656.25,-15.98074
1387397812.5,-15.97552
1387397968.75,-15.97028
1387398125.0,-15.96514
1387398281.25,-15.96134
1387398437.5,-15.95592
1387398593.75,-15.95203
1387398750.0,-15.94623
1387398906.25,-15.94136
1387399062.5,-15.93837
1387399218.75,-15.93171
1387399375.0,-15.92647
1387399531.25,-15.92253
1387399687.5,-15.91803
1387399843.75,-15.91374
1387400000.0,-15.90885
1387400156.25,-15.90289
1387400312.5,-15.89921
1387400468.75,-15.89447
1387400625.0,-15.88818
1387400781.25,-15.88504
1387400937.5,-15.88024
1387401093.75,-15.87545
1387401250.0,-15.86969
1387401406.25,-15.86535
1387401562.5,-15.86068
1387401718.75,-15.85663
1387401875.0,-15.85154
1387402031.25,-15.84657
1387402187.5,-15.84156
1387402343.75,-15.83625
1387402500.0,-15.83137
1387402656.25,-15.82655
1387402812.5,-15.82308
1387402968.75,-15.81648
1387403125.0,-15.81325
1387403281.25,-15.80769
1387403437.5,-15.80311
1387403593.75,-15.79899
1387403750.0,-15.79341
1387403906.25,-15.78822
1387404062.5,-15.78401
1387404218.75,-15.7795
1387404375.0,-15.77368
1387404531.25,-15.77071
1387404687.5,-15.76539
1387404843.75,-15.7604
1387405000.0,-15.75631
1387405156.25,-15.75118
1387405312.5,-15.74658
1387405468.75,-15.74062
1387405625.0,-15.73708
1387405781.25,-15.73222
1387405937.5,-15.72699
1387406093.75,-15.72317
1387406250.0,-15.71748
1387406406.25,-15.71266
1387406562.5,-15.70819
1387406718.75,-15.70332
1387406875.0,-15.69918
1387407031.25,-15.69425
1387407187.5,-15.68837
1387407343.75,-15.68346
1387407500.0,-15.67949
1387407656.25,-15.67485
1387407812.5,-15.67012
1387407968.75,-15.66452
1387408125.0,-15.66011
1387408281.25,-15.65411
1387408437.5,-15.65035
1387408593.75,-15.6457
1387408750.0,-15.64156
1387408906.25,-15.63557
1387409062.5,-15.63125
1387409218.75,-15.62503
1387409375.0,-15.62083
1387409531.25,-15.61477
1387409687.5,-15.61153
1387409843.75,-15.60815
1387410000.0,-15.60342
1387410156.25,-15.59797
1387410312.5,-15.5933
1387410468.75,-15.58878
1387410625.0,-15.58278
1387410781.25,-15.57883
1387410937.5,-15.57306
1387411093.75,-15.56837
1387411250.0,-15.56478
1387411406.25,-15.5596
1387411562.5,-15.55393
1387411718.75,-15.54975
1387411875.0,-15.54475
1387412031.25,-15.54004
1387412187.5,-15.53634
1387412343.75,-15.53112
1387412500.0,-15.52606
1387412656.25,-15.52157
1387412812.5,-15.5166
1387412968.75,-15.51133
1387413125.0,-15.50746
1387413281.25,-15.50215
1387413437.5,-15.49794
1387413593.75,-15.49321
1387413750.0,-15.48812
1387413906.25,-15.48294
1387414062.5,-15.47856
1387414218.75,-15.47318
1387414375.0,-15.46857
1387414531.25,-15.46445
1387414687.5,-15.46042
1387414843.75,-15.45397
1387415000.0,-15.44907
1387415156.25,-15.44533
1387415312.5,-15.44035
1387415468.75,-15.43563
1387415625.0,-15.43118
1387415781.25,-15.42677
1387415937.5,-15.4202
1387416093.75,-15.41698
1387416250.0,-15.41305
1387416406.25,-15.40819
1387416562.5,-15.40227
1387416718.75,-15.39758
1387416875.0,-15.3928
1387417031.25,-15.38767
1387417187.5,-15.38172
1387417343.75,-15.378
1387417500.0,-15.37369
1387417656.25,-15.36936
1387417812.5,-15.36435
1387417968.75,-15.36029
1387418125.0,-15.35465
1387418281.25,-15.34879
1387418437.5,-15.34268
1387418593.75,-15.33978
1387418750.0,-15.33556
1387418906.25,-15.33032
1387419062.5,-15.32652
1387419218.75,-15.32194
1387419375.0,-15.31678
1387419531.25,-15.3109
1387419687.5,-15.30649
1387419843.75,-15.30064
1387420000.0,-15.29708
1387420156.25,-15.29244
1387420312.5,-15.28734
1387420468.75,-15.28369
1387420625.0,-15.27871
1387420781.25,-15.27331
1387420937.5,-15.2677
1387421093.75,-15.26322
1387421250.0,-15.25989
1387421406.25,-15.25423
1387421562.5,-15.24952
1387421718.75,-15.24542
1387421875.0,-15.23991
1387422031.25,-15.23594
1387422187.5,-15.22998
1387422343.75,-15.22525
1387422500.0,-15.22122
1387422656.25,-15.21594
1387422812.5,-15.21192
1387422968.75,-15.20712
1387423125.0,-15.20121
1387423281.25,-15.19696
1387423437.5,-15.19277
1387423593.75,-15.18733
1387423750.0,-15.18302
1387423906.25,-15.17849
1387424062.5,-15.17371
1387424218.75,-15.16825
1387424375.0,-15.16507
1387424531.25,-15.15909
1387424687.5,-15.15389
1387424843.75,-15.14939
1387425000.0,-15.14514
1387425156.25,-15.13932
1387425312.5,-15.13544
1387425468.75,-15.13006
1387425625.0,-15.12623
1387425781.25,-15.1208
1387425937.5,-15.11661
1387426093.75,-15.11251
1387426250.0,-15.10798
1387426406.25,-15.10351
1387426562.5,-15.09752
1387426718.75,-15.09481
1387426875.0,-15.08968
1387427031.25,-15.08316
1387427187.5,-15.07937
1387427343.75,-15.07455
1387427500.0,-15.06814
1387427656.25,-15.06491
1387427812.5,-15.06085
1387427968.75,-15.05615
1387428125.0,-15.05009
1387428281.25,-15.04522
1387428437.5,-15.03986
1387428593.75,-15.0363
1387428750.0,-15.03177
1387428906.25,-15.02739
1387429062.5,-15.02334
1387429218.75,-15.01759
1387429375.0,-15.01183
1387429531.25,-15.00825
1387429687.5,-15.00331
1387429843.75,-14.99763
1387430000.0,-14.99416
1387430156.25,-14.99014
1387430312.5,-14.98354
1387430468.75,-14.98062
1387430625.0,-14.9741
1387430781.25,-14.96939
1387430937.5,-14.96545
1387431093.75,-14.96023
1387431250.0,-14.9568
1387431406.25,-14.95182
1387431562.5,-14.94593
1387431718.75,-14.9411
1387431875.0,-14.93825
1387432031.25,-14.93252
1387432187.5,-14.92809
1387432343.75,-14.92306
1387432500.0,-14.91884
1387432656.25,-14.9148
1387432812.5,-14.90903
1387432968.75,-14.90481
1387433125.0,-14.89981
1387433281.25,-14.89607
1387433437.5,-14.88978
1387433593.75,-14.88524
1387433750.0,-14.8816
1387433906.25,-14.87633
1387434062.5,-14.87114
1387434218.75,-14.8668
1387434375.0,-14.86183
1387434531.25,-14.85695
1387434687.5,-14.85334
1387434843.75,-14.84768
1387435000.0,-14.84291
1387435156.25,-14.83962
1387435312.5,-14.83336
1387435468.75,-14.82851
1387435625.0,-14.82456
1387435781.25,-14.81974
1387435937.5,-14.81604
1387436093.75,-14.8104
1387436250.0,-14.80609
1387436406.25,-14.80109
1387436562.5,-14.79678
1387436718.75,-14.7916
1387436875.0,-14.78678
1387437031.25,-14.78295
1387437187.5,-14.77874
1387437343.75,-14.77437
1387437500.0,-14.76944
1387437656.25,-14.76351
1387437812.5,-14.75952
1387437968.75,-14.75435
1387438125.0,-14.75124
1387438281.25,-14.74681
1387438437.5,-14.74076
1387438593.75,-14.73524
1387438750.0,-14.73195
1387438906.25,-14.72692
1387439062.5,-14.72157
1387439218.75,-14.71803
1387439375.0,-14.71236
1387439531.25,-14.70887
1387439687.5,-14.70398
1387439843.75,-14.69919
1387440000.0,-14.69455
1387440156.25,-14.68952
1387440312.5,-14.68382
1387440468.75,-14.68055
1387440625.0,-14.6767
1387440781.25,-14.67069
1387440937.5,-14.66621
1387441093.75,-14.66248
1387441250.0,-14.65741
1387441406.25,-14.65356
1387441562.5,-14.64855
1387441718.75,-14.64381
1387441875.0,-14.6384
1387442031.25,-14.63449
1387442187.5,-14.63088
1387442343.75,-14.62526
1387442500.0,-14.62057
1387442656.25,-14.617
1387442812.5,-14.61138
1387442968.75,-14.6065
1387443125.0,-14.60211
1387443281.25,-14.59687
1387443437.5,-14.59249
1387443593.75,-14.5874
1387443750.0,-14.58371
1387443906.25,-14.57984
1387444062.5,-14.57443
1387444218.75,-14.57001
1387444375.0,-14.56542
1387444531.25,-14.56003
1387444687.5,-14.55587
1387444843.75,-14.55119
1387445000.0,-14.54629
1387445156.25,-14.54255
1387445312.5,-14.53692
1387445468.75,-14.53354
1387445625.0,-14.52961
1387445781.25,-14.52376
1387445937.5,-14.51951
1387446093.75,-14.51517
1387446250.0,-14.50995
1387446406.25,-14.5051
1387446562.5,-14.50122
1387446718.75,-14.49653
1387446875.0,-14.49262
1387447031.25,-14.48759
1387447187.5,-14.48256
1387447343.75,-14.47805
1387447500.0,-14.47434
1387447656.25,-14.46897
1387447812.5,-14.46576
1387447968.75,-14.46023
1387448125.0,-14.45533
1387448281.25,-14.45039
1387448437.5,-14.44653
1387448593.75,-14.44159
1387448750.0,-14.43648
1387448906.25,-14.43318
1387449062.5,-14.4293
1387449218.75,-14.42422
1387449375.0,-14.41912
1387449531.25,-14.41433
1387449687.5,-14.41143
1387449843.75,-14.40585
1387450000.0,-14.40201
1387450156.25,-14.39751
1387450312.5,-14.39202
1387450468.75,-14.38743
1387450625.0,-14.38406
1387450781.25,-14.37856
1387450937.5,-14.37473
1387451093.75,-14.37027
1387451250.0,-14.36585
1387451406.25,-14.36073
1387451562.5,-14.35629
1387451718.75,-14.3515
1387451875.0,-14.34707
1387452031.25,-14.34345
1387452187.5,-14.33903
1387452343.75,-14.33474
1387452500.0,-14.32914
1387452656.25,-14.32491
1387452812.5,-14.32178
1387452968.75,-14.31651
1387453125.0,-14.31273
1387453281.25,-14.30698
1387453437.5,-14.30236
1387453593.75,-14.29963
1387453750.0,-14.29453
1387453906.25,-14.29048
1387454062.5,-14.28485
1387454218.75,-14.28071
1387454375.0,-14.27677
1387454531.25,-14.27241
1387454687.5,-14.26686
1387454843.75,-14.26414
1387455000.0,-14.25736
1387455156.25,-14.25438
1387455312.5,-14.25094
1387455468.75,-14.24557
1387455625.0,-14.24207
1387455781.25,-14.23673
1387455937.5,-14.23183
1387456093.75,-14.22737
1387456250.0,-14.22243
1387456406.25,-14.21731
1387456562.5,-14.21353
1387456718.75,-14.21027
1387456875.0,-14.20521
1387457031.25,-14.20205
1387457187.5,-14.19711
1387457343.75,-14.19259
1387457500.0,-14.18844
1387457656.25,-14.18317
1387457812.5,-14.18006
1387457968.75,-14.17495
1387458125.0,-14.17172
1387458281.25,-14.16679
1387458437.5,-14.16249
1387458593.75,-14.15796
1387458750.0,-14.1543
1387458906.25,-14.14854
1387459062.5,-14.14521
1387459218.75,-14.1401
1387459375.0,-14.13518
1387459531.25,-14.13097
1387459687.5,-14.12714
1387459843.75,-14.12249
1387460000.0,-14.11944
1387460156.25,-14.1134
1387460312.5,-14.11107
1387460468.75,-14.10503
1387460625.0,-14.10107
1387460781.25,-14.09733
1387460937.5,-14.0927
1387461093.75,-14.0876
1387461250.0,-14.08317
1387461406.25,-14.08141
1387461562.5,-14.07455
1387461718.75,-14.07095
1387461875.0,-14.06659
1387462031.25,-14.06321
1387462187.5,-14.05827
1387462343.75,-14.05331
1387462500.0,-14.04975
1387462656.25,-14.04507
1387462812.5,-14.03988
1387462968.75,-14.03645
1387463125.0,-14.03285
1387463281.25,-14.02822
1387463437.5,-14.02362
1387463593.75,-14.01886
1387463750.0,-14.01492
1387463906.25,-14.01116
1387464062.5,-14.00674
1387464218.75,-14.00252
1387464375.0,-13.9985
1387464531.25,-13.99448
1387464687.5,-13.98865
1387464843.75,-13.98532
1387465000.0,-13.98151
1387465156.25,-13.97757
1387465312.5,-13.97289
1387465468.75,-13.96911
1387465625.0,-13.96412
1387465781.25,-13.96096
1387465937.5,-13.95711
1387466093.75,-13.95179
1387466250.0,-13.9474
1387466406.25,-13.9441
1387466562.5,-13.93948
1387466718.75,-13.93571
1387466875.0,-13.93063
1387467031.25,-13.92742
1387467187.5,-13.92353
1387467343.75,-13.91808
1387467500.0,-13.91361
1387467656.25,-13.90932
1387467812.5,-13.90611
1387467968.75,-13.90235
1387468125.0,-13.89874
1387468281.25,-13.89384
1387468437.5,-13.89026
1387468593.75,-13.88647
1387468750.0,-13.88082
1387468906.25,-13.87651
1387469062.5,-13.87267
1387469218.75,-13.86858
1387469375.0,-13.86404
1387469531.25,-13.86038
1387469687.5,-13.85654
1387469843.75,-13.85321
1387470000.0,-13.84842
1387470156.25,-13.84415
1387470312.5,-13.83959
1387470468.75,-13.83485
1387470625.0,-13.83205
1387470781.25,-13.82817
1387470937.5,-13.82362
1387471093.75,-13.81876
1387471250.0,-13.81465
1387471406.25,-13.81172
1387471562.5,-13.80799
1387471718.75,-13.80288
1387471875.0,-13.79924
1387472031.25,-13.79623
1387472187.5,-13.79093
1387472343.75,-13.78846
1387472500.0,-13.78279
1387472656.25,-13.77886
1387472812.5,-13.77454
1387472968.75,-13.77131
1387473125.0,-13.76567
1387473281.25,-13.76156
1387473437.5,-13.75901
1387473593.75,-13.75471
1387473750.0,-13.75178
1387473906.25,-13.74669
1387474062.5,-13.74194
1387474218.75,-13.73898
1387474375.0,-13.73578
1387474531.25,-13.73016
1387474687.5,-13.72674
1387474843.75,-13.72206
1387475000.0,-13.71949
1387475156.25,-13.71564
1387475312.5,-13.71188
1387475468.75,-13.70697
1387475625.0,-13.7016
1387475781.25,-13.69919
1387475937.5,-13.69441
1387476093.75,-13.69134
1387476250.0,-13.68699
1387476406.25,-13.6825
1387476562.5,-13.67922
1387476718.75,-13.67486
1387476875.0,-13.67214
1387477031.25,-13.66693
1387477187.5,-13.66371
1387477343.75,-13.66028
1387477500.0,-13.65774
1387477656.25,-13.65262
1387477812.5,-13.64804
1387477968.75,-13.64399
1387478125.0,-13.64065
1387478281.25,-13.63548
1387478437.5,-13.63261
1387478593.75,-13.62797
1387478750.0,-13.62375
1387478906.25,-13.62113
1387479062.5,-13.6177
1387479218.75,-13.61395
1387479375.0,-13.60932
1387479531.25,-13.60593
1387479687.5,-13.60135
1387479843.75,-13.59712
1387480000.0,-13.59442
1387480156.25,-13.58966
1387480312.5,-13.58637
1387480468.75,-13.58222
1387480625.0,-13.57902
1387480781.25,-13.57559
1387480937.5,-13.57223
1387481093.75,-13.56824
1387481250.0,-13.56459
1387481406.25,-13.56061
1387481562.5,-13.55569
1387481718.75,-13.55156
1387481875.0,-13.54929
1387482031.25,-13.54536
1387482187.5,-13.54153
1387482343.75,-13.5375
1387482500.0,-13.53379
1387482656.25,-13.53114
1387482812.5,-13.52695
1387482968.75,-13.52292
1387483125.0,-13.51858
1387483281.25,-13.515
1387483437.5,-13.51156
1387483593.75,-13.50665
1387483750.0,-13.50362
1387483906.25,-13.50088
1387484062.5,-13.49704
1387484218.75,-13.4925
1387484375.0,-13.48919
1387484531.25,-13.48589
1387484687.5,-13.48245
1387484843.75,-13.47808
1387485000.0,-13.47504
1387485156.25,-13.47048
1387485312.5,-13.46751
1387485468.75,-13.46349
1387485625.0,-13.46085
1387485781.25,-13.45656
1387485937.5,-13.4522
1387486093.75,-13.44985
1387486250.0,-13.44596
1387486406.25,-13.44248
1387486562.5,-13.43899
1387486718.75,-13.43525
1387486875.0,-13.43153
1387487031.25,-13.42889
1387487187.5,-13.42476
1387487343.75,-13.42152
1387487500.0,-13.41741
1387487656.25,-13.41382
1387487812.5,-13.40934
1387487968.75,-13.4059
1387488125.0,-13.4032
1387488281.25,-13.40034
1387488437.5,-13.3962
1387488593.75,-13.3926
1387488750.0,-13.38853
1387488906.25,-13.38636
1387489062.5,-13.38227
1387489218.75,-13.37989
1387489375.0,-13.37602
1387489531.25,-13.37162
1387489687.5,-13.36835
1387489843.75,-13.36453
1387490000.0,-13.36097
1387490156.25,-13.35835
1387490312.5,-13.35304
1387490468.75,-13.351
1387490625.0,-13.34686
1387490781.25,-13.34381
1387490937.5,-13.34022
1387491093.75,-13.33637
1387491250.0,-13.33393
1387491406.25,-13.33042
1387491562.5,-13.32742
1387491718.75,-13.32462
1387491875.0,-13.3196
1387492031.25,-13.31677
1387492187.5,-13.31344
1387492343.75,-13.30959
1387492500.0,-13.30632
1387492656.25,-13.30339
1387492812.5,-13.2998
1387492968.75,-13.29721
1387493125.0,-13.29309
1387493281.25,-13.28999
1387493437.5,-13.28691
1387493593.75,-13.28427
1387493750.0,-13.27984
1387493906.25,-13.27728
1387494062.5,-13.27362
1387494218.75,-13.27011
1387494375.0,-13.26707
1387494531.25,-13.26361
1387494687.5,-13.26065
1387494843.75,-13.25726
1387495000.0,-13.25391
1387495156.25,-13.25037
1387495312.5,-13.24753
1387495468.75,-13.24423
1387495625.0,-13.24089
1387495781.25,-13.23728
1387495937.5,-13.23468
1387496093.75,-13.23131
1387496250.0,-13.22811
1387496406.25,-13.22412
1387496562.5,-13.22176
1387496718.75,-13.2178
1387496875.0,-13.21612
1387497031.25,-13.21235
1387497187.5,-13.20858
1387497343.75,-13.20548
1387497500.0,-13.20269
1387497656.25,-13.20026
1387497812.5,-13.19689
1387497968.75,-13.19337
1387498125.0,-13.18934
1387498281.25,-13.18649
1387498437.5,-13.18437
1387498593.75,-13.1811
1387498750.0,-13.17707
1387498906.25,-13.17459
1387499062.5,-13.17196
1387499218.75,-13.16919
1387499375.0,-13.16611
1387499531.25,-13.16331
1387499687.5,-13.1588
1387499843.75,-13.15703
1387500000.0,-13.15322
1387500156.25,-13.14944
1387500312.5,-13.14651
1387500468.75,-13.14491
1387500625.0,-13.14199
1387500781.25,-13.13844
1387500937.5,-13.1362
1387501093.75,-13.1326
1387501250.0,-13.12908
1387501406.25,-13.12726
1387501562.5,-13.12221
1387501718.75,-13.12074
1387501875.0,-13.11749
1387502031.25,-13.11449
1387502187.5,-13.11172
1387502343.75,-13.10875
1387502500.0,-13.10655
1387502656.25,-13.10218
1387502812.5,-13.09915
1387502968.75,-13.09652
1387503125.0,-13.09417
1387503281.25,-13.0904
1387503437.5,-13.0887
1387503593.75,-13.08624
1387503750.0,-13.08276
1387503906.25,-13.07999
1387504062.5,-13.07725
1387504218.75,-13.07359
1387504375.0,-13.07102
1387504531.25,-13.0682
1387504687.5,-13.06563
1387504843.75,-13.06198
1387505000.0,-13.05902
1387505156.25,-13.05698
1387505312.5,-13.05586
1387505468.75,-13.05219
1387505625.0,-13.04901
1387505781.25,-13.04668
1387505937.5,-13.04382
1387506093.75,-13.04099
1387506250.0,-13.03811
1387506406.25,-13.03547
1387506562.5,-13.03172
1387506718.75,-13.02925
1387506875.0,-13.02766
1387507031.25,-13.02446
1387507187.5,-13.0213
1387507343.75,-13.01884
1387507500.0,-13.01545
1387507656.25,-13.01284
1387507812.5,-13.01045
1387507968.75,-13.00881
1387508125.0,-13.00584
1387508281.25,-13.00411
1387508437.5,-13.00062
1387508593.75,-12.99843
1387508750.0,-12.99494
1387508906.25,-12.99219
1387509062.5,-12.9909
1387509218.75,-12.98737
1387509375.0,-12.98559
1387509531.25,-12.98289
1387509687.5,-12.98131
1387509843.75,-12.97785
1387510000.0,-12.97491
1387510156.25,-12.97198
1387510312.5,-12.97038
1387510468.75,-12.96659
1387510625.0,-12.96463
1387510781.25,-12.96244
1387510937.5,-12.95947
1387511093.75,-12.9579
1387511250.0,-12.95494
1387511406.25,-12.95295
1387511562.5,-12.94971
1387511718.75,-12.94715
1387511875.0,-12.9455
1387512031.25,-12.9425
1387512187.5,-12.94014
1387512343.75,-12.93763
1387512500.0,-12.93639
1387512656.25,-12.93357
1387512812.5,-12.9304
1387512968.75,-12.92869
1387513125.0,-12.92618
1387513281.25,-12.92332
1387513437.5,-12.92145
1387513593.75,-12.91843
1387513750.0,-12.91642
1387513906.25,-12.91381
1387514062.5,-12.91255
1387514218.75,-12.91007
1387514375.0,-12.90667
1387514531.25,-12.90589
1387514687.5,-12.90215
1387514843.75,-12.90029
1387515000.0,-12.89812
1387515156.25,-12.89649
1387515312.5,-12.89287
1387515468.75,-12.89137
1387515625.0,-12.88895
1387515781.25,-12.88606
1387515937.5,-12.8842
1387516093.75,-12.88208
1387516250.0,-12.88039
1387516406.25,-12.87778
1387516562.5,-12.87658
1387516718.75,-12.87347
1387516875.0,-12.87174
1387517031.25,-12.8695
1387517187.5,-12.86631
1387517343.75,-12.86472
1387517500.0,-12.86266
1387517656.25,-12.86037
1387517812.5,-12.85957
1387517968.75,-12.85549
1387518125.0,-12.85454
1387518281.25,-12.85219
1387518437.5,-12.84992
1387518593.75,-12.8485
1387518750.0,-12.84612
1387518906.25,-12.84493
1387519062.5,-12.84258
1387519218.75,-12.84007
1387519375.0,-12.83796
1387519531.25,-12.83576
1387519687.5,-12.83451
1387519843.75,-12.83198
1387520000.0,-12.83038
1387520156.25,-12.8283
1387520312.5,-12.82607
1387520468.75,-12.82377
1387520625.0,-12.82276
1387520781.25,-12.81995
1387520937.5,-12.81899
1387521093.75,-12.81668
1387521250.0,-12.81507
1387521406.25,-12.81187
1387521562.5,-12.81093
1387521718.75,-12.80866
1387521875.0,-12.80693
1387522031.25,-12.80476
1387522187.5,-12.80417
1387522343.75,-12.80201
1387522500.0,-12.79986
1387522656.25,-12.79774
1387522812.5,-12.79564
1387522968.75,-12.79424
1387523125.0,-12.79132
1387523281.25,-12.7907
1387523437.5,-12.78899
1387523593.75,-12.78664
1387523750.0,-12.78546
1387523906.25,-12.78443
1387524062.5,-12.7822
1387524218.75,-12.78024
1387524375.0,-12.77925
1387524531.25,-12.77649
1387524687.5,-12.77427
1387524843.75,-12.77266
1387525000.0,-12.7708
1387525156.25,-12.76869
1387525312.5,-12.76832
1387525468.75,-12.766
1387525625.0,-12.76544
1387525781.25,-12.76277
1387525937.5,-12.76233
1387526093.75,-12.75999
1387526250.0,-12.7571
1387526406.25,-12.75589
1387526562.5,-12.75487
1387526718.75,-12.75338
1387526875.0,-12.7516
1387527031.25,-12.75081
1387527187.5,-12.74881
1387527343.75,-12.74729
1387527500.0,-12.74574
1387527656.25,-12.74455
1387527812.5,-12.74265
1387527968.75,-12.74065
1387528125.0,-12.74035
1387528281.25,-12.73803
1387528437.5,-12.73595
1387528593.75,-12.73515
1387528750.0,-12.7335
1387528906.25,-12.73225
1387529062.5,-12.72999
1387529218.75,-12.72879
1387529375.0,-12.72805
1387529531.25,-12.72639
1387529687.5,-12.72561
1387529843.75,-12.72475
1387530000.0,-12.72224
1387530156.25,-12.72167
1387530312.5,-12.71943
1387530468.75,-12.71907
1387530625.0,-12.71802
1387530781.25,-12.71629
1387530937.5,-12.71471
1387531093.75,-12.71388
1387531250.0,-12.71226
1387531406.25,-12.71027
1387531562.5,-12.70982
1387531718.75,-12.70798
1387531875.0,-12.70672
1387532031.25,-12.70589
1387532187.5,-12.70432
1387532343.75,-12.70314
1387532500.0,-12.70109
1387532656.25,-12.70119
1387532812.5,-12.69859
1387532968.75,-12.69798
1387533125.0,-12.69718
1387533281.25,-12.69523
1387533437.5,-12.6939
1387533593.75,-12.69413
1387533750.0,-12.69182
1387533906.25,-12.69114
1387534062.5,-12.68936
1387534218.75,-12.6897
1387534375.0,-12.68839
1387534531.25,-12.6869
1387534687.5,-12.68608
1387534843.75,-12.68482
1387535000.0,-12.68324
1387535156.25,-12.6834
1387535312.5,-12.68163
1387535468.75,-12.68105
1387535625.0,-12.67895
1387535781.25,-12.67954
1387535937.5,-12.67743
1387536093.75,-12.67609
1387536250.0,-12.67471
1387536406.25,-12.67474
1387536562.5,-12.67432
1387536718.75,-12.67308
1387536875.0,-12.67146
1387537031.25,-12.67053
1387537187.5,-12.66985
1387537343.75,-12.66944
1387537500.0,-12.66804
1387537656.25,-12.6667
1387537812.5,-12.66668
1387537968.75,-12.66566
1387538125.0,-12.66496
1387538281.25,-12.66365
1387538437.5,-12.66231
1387538593.75,-12.66277
1387538750.0,-12.66032
1387538906.25,-12.66028
1387539062.5,-12.65933
1387539218.75,-12.65831
1387539375.0,-12.65818
1387539531.25,-12.65845
1387539687.5,-12.65681
1387539843.75,-12.65584
1387540000.0,-12.65444
1387540156.25,-12.65432
1387540312.5,-12.65317
1387540468.75,-12.65246
1387540625.0,-12.652
1387540781.25,-12.65129
1387540937.5,-12.65187
1387541093.75,-12.65032
1387541250.0,-12.64925
1387541406.25,-12.648
1387541562.5,-12.64802
1387541718.75,-12.64805
1387541875.0,-12.64794
1387542031.25,-12.64655
1387542187.5,-12.64605
1387542343.75,-12.64516
1387542500.0,-12.64522
1387542656.25,-12.64489
1387542812.5,-12.64365
1387542968.75,-12.64254
1387543125.0,-12.6425
1387543281.25,-12.64372
1387543437.5,-12.641
1387543593.75,-12.6415
1387543750.0,-12.6408
1387543906.25,-12.64064
1387544062.5,-12.6397
1387544218.75,-12.63932
1387544375.0,-12.63815
1387544531.25,-12.63748
1387544687.5,-12.63848
1387544843.75,-12.63784
1387545000.0,-12.63767
1387545156.25,-12.63662
1387545312.5,-12.63627
1387545468.75,-12.63606
1387545625.0,-12.63507
1387545781.25,-12.6354
1387545937.5,-12.63451
1387546093.75,-12.63475
1387546250.0,-12.63471
1387546406.25,-12.63391
1387546562.5,-12.63372
1387546718.75,-12.63356
1387546875.0,-12.63252
1387547031.25,-12.63179
1387547187.5,-12.63229
1387547343.75,-12.63249
1387547500.0,-12.63202
1387547656.25,-12.63166
1387547812.5,-12.63154
1387547968.75,-12.63141
1387548125.0,-12.63071
1387548281.25,-12.63007
1387548437.5,-12.63063
1387548593.75,-12.6305
1387548750.0,-12.63074
1387548906.25,-12.62912
1387549062.5,-12.62921
1387549218.75,-12.62972
1387549375.0,-12.63019
1387549531.25,-12.62935
1387549687.5,-12.63051
1387549843.75,-12.6292
1387550000.0,-12.62908
1387550156.25,-12.62896
1387550312.5,-12.62917
1387550468.75,-12.62919
1387550625.0,-12.62895
1387550781.25,-12.6289
1387550937.5,-12.62856
1387551093.75,-12.62945
1387551250.0,-12.62944
1387551406.25,-12.62968
1387551562.5,-12.63005
1387551718.75,-12.62971
1387551875.0,-12.63045
1387552031.25,-12.62889
1387552187.5,-12.62979
1387552343.75,-12.62947
1387552500.0,-12.63005
1387552656.25,-12.63056
1387552812.5,-12.62943
1387552968.75,-12.63074
1387553125.0,-12.63033
1387553281.25,-12.63001
1387553437.5,-12.63101
1387553593.75,-12.6312
1387553750.0,-12.63104
1387553906.25,-12.63153
1387554062.5,-12.63089
1387554218.75,-12.63157
1387554375.0,-12.63157
1387554531.25,-12.63208
1387554687.5,-12.63254
1387554843.75,-12.63182
1387555000.0,-12.6329
1387555156.25,-12.63252
1387555312.5,-12.63379
1387555468.75,-12.63352
1387555625.0,-12.63422
1387555781.25,-12.63385
1387555937.5,-12.63461
1387556093.75,-12.63461
1387556250.0,-12.6357
1387556406.25,-12.63602
1387556562.5,-12.63577
1387556718.75,-12.6362
1387556875.0,-12.6375
1387557031.25,-12.63666
1387557187.5,-12.63758
1387557343.75,-12.63741
1387557500.0,-12.63832
1387557656.25,-12.63856
1387557812.5,-12.63978
1387557968.75,-12.63927
1387558125.0,-12.63979
1387558281.25,-12.64077
1387558437.5,-12.64128
1387558593.75,-12.64185
1387558750.0,-12.64305
1387558906.25,-12.64307
1387559062.5,-12.64323
1387559218.75,-12.64393
1387559375.0,-12.64508
1387559531.25,-12.6454
1387559687.5,-12.64611
1387559843.75,-12.64674
1387560000.0,-12.64686
1387560156.25,-12.64765
1387560312.5,-12.6477
1387560468.75,-12.64883
1387560625.0,-12.64995
1387560781.25,-12.65019
1387560937.5,-12.65154
1387561093.75,-12.65146
1387561250.0,-12.65137
1387561406.25,-12.65296
1387561562.5,-12.65433
1387561718.75,-12.6551
1387561875.0,-12.65541
1387562031.25,-12.65509
1387562187.5,-12.65659
1387562343.75,-12.65715
1387562500.0,-12.6583
1387562656.25,-12.65911
1387562812.5,-12.65925
1387562968.75,-12.66023
1387563125.0,-12.66025
1387563281.25,-12.66265
1387563437.5,-12.66294
1387563593.75,-12.66327
1387563750.0,-12.66381
1387563906.25,-12.66438
1387564062.5,-12.66573
1387564218.75,-12.6671
1387564375.0,-12.6681
1387564531.25,-12.66867
1387564687.5,-12.66999
1387564843.75,-12.67026
1387565000.0,-12.67154
1387565156.25,-12.67384
1387565312.5,-12.67422
1387565468.75,-12.67466
1387565625.0,-12.67551
1387565781.25,-12.67696
1387565937.5,-12.67703
1387566093.75,-12.67865
1387566250.0,-12.67995
1387566406.25,-12.68131
1387566562.5,-12.68068
1387566718.75,-12.68189
1387566875.0,-12.68325
1387567031.25,-12.68369
1387567187.5,-12.68569
1387567343.75,-12.6863
1387567500.0,-12.68763
1387567656.25,-12.6886
1387567812.5,-12.68973
1387567968.75,-12.69001
1387568125.0,-12.69113
1387568281.25,-12.69382
1387568437.5,-12.69473
1387568593.75,-12.69578
1387568750.0,-12.69661
1387568906.25,-12.69818
1387569062.5,-12.69913
1387569218.75,-12.69984
1387569375.0,-12.70159
1387569531.25,-12.70284
1387569687.5,-12.70401
1387569843.75,-12.70549
1387570000.0,-12.70769
1387570156.25,-12.70828
1387570312.5,-12.70926
1387570468.75,-12.70996
1387570625.0,-12.71196
1387570781.25,-12.71275
1387570937.5,-12.71443
1387571093.75,-12.71469
1387571250.0,-12.71737
1387571406.25,-12.71812
1387571562.5,-12.71974
1387571718.75,-12.72117
1387571875.0,-12.72208
1387572031.25,-12.72333
1387572187.5,-12.72449
1387572343.75,-12.72652
1387572500.0,-12.72796
1387572656.25,-12.72871
1387572812.5,-12.73031
1387572968.75,-12.73227
1387573125.0,-12.7331
1387573281.25,-12.73502
1387573437.5,-12.73573
1387573593.75,-12.73711
1387573750.0,-12.73958
1387573906.25,-12.74064
1387574062.5,-12.74327
1387574218.75,-12.74314
1387574375.0,-12.74584
1387574531.25,-12.74765
1387574687.5,-12.74874
1387574843.75,-12.75101
1387575000.0,-12.75245
1387575156.25,-12.7526
1387575312.5,-12.75542
1387575468.75,-12.75715
1387575625.0,-12.75875
1387575781.25,-12.75948
1387575937.5,-12.76136
1387576093.75,-12.76207
1387576250.0,-12.76409
1387576406.25,-12.765
1387576562.5,-12.76749
1387576718.75,-12.76946
1387576875.0,-12.77096
1387577031.25,-12.77294
1387577187.5,-12.7732
1387577343.75,-12.77621
1387577500.0,-12.77734
1387577656.25,-12.77985
1387577812.5,-12.78146
1387577968.75,-12.78305
1387578125.0,-12.78533
1387578281.25,-12.78634
1387578437.5,-12.78794
1387578593.75,-12.79048
1387578750.0,-12.79164
1387578906.25,-12.79328
1387579062.5,-12.79546
1387579218.75,-12.79699
1387579375.0,-12.79978
1387579531.25,-12.80091
1387579687.5,-12.80219
1387579843.75,-12.80534
1387580000.0,-12.80622
1387580156.25,-12.80731
1387580312.5,-12.81048
1387580468.75,-12.81246
1387580625.0,-12.81445
1387580781.25,-12.81526
1387580937.5,-12.81786
1387581093.75,-12.82021
1387581250.0,-12.8219
1387581406.25,-12.82488
1387581562.5,-12.82616
1387581718.75,-12.82825
1387581875.0,-12.82922
1387582031.25,-12.83146
1387582187.5,-12.8342
1387582343.75,-12.83646
1387582500.0,-12.83747
1387582656.25,-12.84012
1387582812.5,-12.84225
1387582968.75,-12.8442
1387583125.0,-12.84604
1387583281.25,-12.84772
1387583437.5,-12.84938
1387583593.75,-12.85247
1387583750.0,-12.85325
1387583906.25,-12.85666
1387584062.5,-12.85873
1387584218.75,-12.85969
1387584375.0,-12.86362
1387584531.25,-12.86489
1387584687.5,-12.86724
1387584843.75,-12.86907
1387585000.0,-12.87129
1387585156.25,-12.87349
1387585312.5,-12.87528
1387585468.75,-12.87804
1387585625.0,-12.87992
1387585781.25,-12.88221
1387585937.5,-12.8842
1387586093.75,-12.88614
1387586250.0,-12.88718
1387586406.25,-12.88989
1387586562.5,-12.89295
1387586718.75,-12.89569
1387586875.0,-12.89771
1387587031.25,-12.89958
1387587187.5,-12.90292
1387587343.75,-12.90487
1387587500.0,-12.90648
1387587656.25,-12.90941
1387587812.5,-12.91188
1387587968.75,-12.91354
1387588125.0,-12.91499
1387588281.25,-12.91768
1387588437.5,-12.92108
1387588593.75,-12.92212
1387588750.0,-12.92571
1387588906.25,-12.92806
1387589062.5,-12.92954
1387589218.75,-12.93241
1387589375.0,-12.934
1387589531.25,-12.93688
1387589687.5,-12.93937
1387589843.75,-12.94216
1387590000.0,-12.94419
1387590156.25,-12.94741
1387590312.5,-12.94911
1387590468.75,-12.95179
1387590625.0,-12.95421
1387590781.25,-12.95723
1387590937.5,-12.95898
1387591093.75,-12.96146
1387591250.0,-12.9653
1387591406.25,-12.96677
1387591562.5,-12.96965
1387591718.75,-12.97196
1387591875.0,-12.97394
1387592031.25,-12.97702
1387592187.5,-12.97945
1387592343.75,-12.98202
1387592500.0,-12.98478
1387592656.25,-12.98624
1387592812.5,-12.98935
1387592968.75,-12.99207
1387593125.0,-12.9945
1387593281.25,-12.99704
1387593437.5,-13.00101
1387593593.75,-13.00315
1387593750.0,-13.00418
1387593906.25,-13.00844
1387594062.5,-13.01048
1387594218.75,-13.01404
1387594375.0,-13.01665
1387594531.25,-13.0184
1387594687.5,-13.02071
1387594843.75,-13.02526
1387595000.0,-13.0259
1387595156.25,-13.02864
1387595312.5,-13.03291
1387595468.75,-13.03371
1387595625.0,-13.03679
1387595781.25,-13.03976
1387595937.5,-13.04258
1387596093.75,-13.04472
1387596250.0,-13.04867
1387596406.25,-13.05083
1387596562.5,-13.05412
1387596718.75,-13.05696
1387596875.0,-13.05912
1387597031.25,-13.06287
1387597187.5,-13.06492
1387597343.75,-13.06832
1387597500.0,-13.07013
1387597656.25,-13.07375
1387597812.5,-13.07687
1387597968.75,-13.07905
1387598125.0,-13.08212
1387598281.25,-13.08464
1387598437.5,-13.08723
1387598593.75,-13.09071
1387598750.0,-13.09269
1387598906.25,-13.09668
1387599062.5,-13.0991
1387599218.75,-13.10201
1387599375.0,-13.1046
1387599531.25,-13.10699
1387599687.5,-13.11108
1387599843.75,-13.11377
1387600000.0,-13.11691
1387600156.25,-13.1198
1387600312.5,-13.12163
1387600468.75,-13.12517
1387600625.0,-13.12836
1387600781.25,-13.13121
1387600937.5,-13.13427
1387601093.75,-13.13602
1387601250.0,-13.14112
1387601406.25,-13.14398
1387601562.5,-13.14639
1387601718.75,-13.14991
1387601875.0,-13.15265
1387602031.25,-13.15688
1387602187.5,-13.15806
1387602343.75,-13.16242
1387602500.0,-13.16485
1387602656.25,-13.16819
1387602812.5,-13.17104
1387602968.75,-13.17403
1387603125.0,-13.1778
1387603281.25,-13.18015
1387603437.5,-13.18255
1387603593.75,-13.18646
1387603750.0,-13.19018
1387603906.25,-13.19229
1387604062.5,-13.19526
1387604218.75,-13.19958
1387604375.0,-13.20187
1387604531.25,-13.20503
1387604687.5,-13.20846
1387604843.75,-13.21161
1387605000.0,-13.21478
1387605156.25,-13.21735
1387605312.5,-13.22117
1387605468.75,-13.2238
1387605625.0,-13.22669
1387605781.25,-13.23106
1387605937.5,-13.2339
1387606093.75,-13.23716
1387606250.0,-13.24053
1387606406.25,-13.24425
1387606562.5,-13.24676
1387606718.75,-13.24903
1387606875.0,-13.25302
1387607031.25,-13.25556
1387607187.5,-13.2597
1387607343.75,-13.26278
1387607500.0,-13.26631
1387607656.25,-13.26902
1387607812.5,-13.27201
1387607968.75,-13.27588
1387608125.0,-13.279
1387608281.25,-13.28246
1387608437.5,-13.28685
1387608593.75,-13.28887
1387608750.0,-13.29286
1387608906.25,-13.29524
1387609062.5,-13.29914
1387609218.75,-13.30249
1387609375.0,-13.30517
1387609531.25,-13.30907
1387609687.5,-13.31241
1387609843.75,-13.31551
1387610000.0,-13.31843
1387610156.25,-13.323
1387610312.5,-13.32629
1387610468.75,-13.33012
1387610625.0,-13.3326
1387610781.25,-13.33574
1387610937.5,-13.3396
1387611093.75,-13.34228
1387611250.0,-13.34655
1387611406.25,-13.35019
1387611562.5,-13.3538
1387611718.75,-13.35677
1387611875.0,-13.35931
1387612031.25,-13.36357
1387612187.5,-13.36812
1387612343.75,-13.37093
1387612500.0,-13.37404
1387612656.25,-13.37743
1387612812.5,-13.37992
1387612968.75,-13.38395
1387613125.0,-13.38843
1387613281.25,-13.39202
1387613437.5,-13.39405
1387613593.75,-13.39899
1387613750.0,-13.40136
1387613906.25,-13.40539
1387614062.5,-13.40896
1387614218.75,-13.41313
1387614375.0,-13.41576
1387614531.25,-13.41996
1387614687.5,-13.4228
1387614843.75,-13.4267
1387615000.0,-13.43045
1387615156.25,-13.4337
1387615312.5,-13.43684
1387615468.75,-13.44162
1387615625.0,-13.44384
1387615781.25,-13.44743
1387615937.5,-13.45094
1387616093.75,-13.45506
1387616250.0,-13.45901
1387616406.25,-13.46338
1387616562.5,-13.46479
1387616718.75,-13.46998
1387616875.0,-13.47306
1387617031.25,-13.477
1387617187.5,-13.48036
1387617343.75,-13.48464
1387617500.0,-13.48702
1387617656.25,-13.49082
1387617812.5,-13.49497
1387617968.75,-13.49926
1387618125.0,-13.50281
1387618281.25,-13.50644
1387618437.5,-13.50996
1387618593.75,-13.51394
1387618750.0,-13.51739
1387618906.25,-13.52142
1387619062.5,-13.52508
1387619218.75,-13.52921
1387619375.0,-13.53281
1387619531.25,-13.53491
1387619687.5,-13.53991
1387619843.75,-13.54382
1387620000.0,-13.54793
1387620156.25,-13.55172
1387620312.5,-13.55497
1387620468.75,-13.5596
1387620625.0,-13.56319
1387620781.25,-13.56595
1387620937.5,-13.57077
1387621093.75,-13.57379
1387621250.0,-13.57788
1387621406.25,-13.58114
1387621562.5,-13.58508
1387621718.75,-13.58954
1387621875.0,-13.59305
1387622031.25,-13.5966
1387622187.5,-13.59923
1387622343.75,-13.60552
1387622500.0,-13.60845
1387622656.25,-13.61193
1387622812.5,-13.61543
1387622968.75,-13.61867
1387623125.0,-13.6225
1387623281.25,-13.6272
1387623437.5,-13.6306
1387623593.75,-13.63439
1387623750.0,-13.63828
1387623906.25,-13.6428
1387624062.5,-13.64617
1387624218.75,-13.64976
1387624375.0,-13.65495
1387624531.25,-13.65776
1387624687.5,-13.66296
1387624843.75,-13.66652
1387625000.0,-13.66877
1387625156.25,-13.67416
1387625312.5,-13.67856
1387625468.75,-13.68195
1387625625.0,-13.68624
1387625781.25,-13.69006
1387625937.5,-13.6941
1387626093.75,-13.69754
1387626250.0,-13.70238
1387626406.25,-13.70472
1387626562.5,-13.70894
1387626718.75,-13.71275
1387626875.0,-13.71693
1387627031.25,-13.72182
1387627187.5,-13.72521
1387627343.75,-13.7285
1387627500.0,-13.73335
1387627656.25,-13.73695
1387627812.5,-13.74152
1387627968.75,-13.74491
1387628125.0,-13.74892
1387628281.25,-13.75222
1387628437.5,-13.7571
1387628593.75,-13.76056
1387628750.0,-13.76525
1387628906.25,-13.77008
1387629062.5,-13.77315
1387629218.75,-13.77686
1387629375.0,-13.7813
1387629531.25,-13.78603
1387629687.5,-13.78908
1387629843.75,-13.79305
1387630000.0,-13.79744
1387630156.25,-13.80156
1387630312.5,-13.80455
1387630468.75,-13.80977
1387630625.0,-13.81318
1387630781.25,-13.81629
1387630937.5,-13.82179
1387631093.75,-13.82551
1387631250.0,-13.83012
1387631406.25,-13.83396
1387631562.5,-13.83763
1387631718.75,-13.8419
1387631875.0,-13.84565
1387632031.25,-13.84961
1387632187.5,-13.85397
1387632343.75,-13.85912
1387632500.0,-13.86274
1387632656.25,-13.86616
1387632812.5,-13.87065
1387632968.75,-13.87526
1387633125.0,-13.87885
1387633281.25,-13.8831
1387633437.5,-13.88778
1387633593.75,-13.89213
1387633750.0,-13.89695
1387633906.25,-13.89973
1387634062.5,-13.90406
1387634218.75,-13.90762
1387634375.0,-13.91178
1387634531.25,-13.91635
1387634687.5,-13.92101
1387634843.75,-13.92474
1387635000.0,-13.9296
1387635156.25,-13.93412
1387635312.5,-13.93727
1387635468.75,-13.94144
1387635625.0,-13.94601
1387635781.25,-13.9495
1387635937.5,-13.95375
1387636093.75,-13.95779
1387636250.0,-13.96268
1387636406.25,-13.96712
1387636562.5,-13.97228
1387636718.75,-13.9751
1387636875.0,-13.97905
1387637031.25,-13.98386
1387637187.5,-13.98916
1387637343.75,-13.99237
1387637500.0,-13.9969
1387637656.25,-14.00098
1387637812.5,-14.00592
1387637968.75,-14.00886
1387638125.0,-14.01217
1387638281.25,-14.01689
1387638437.5,-14.02271
1387638593.75,-14.02576
1387638750.0,-14.03033
1387638906.25,-14.03536
1387639062.5,-14.03934
1387639218.75,-14.04228
1387639375.0,-14.04721
1387639531.25,-14.05164
1387639687.5,-14.0556
1387639843.75,-14.05975
1387640000.0,-14.06385
1387640156.25,-14.06837
1387640312.5,-14.07281
1387640468.75,-14.07673
1387640625.0,-14.08233
1387640781.25,-14.08568
1387640937.5,-14.08892
1387641093.75,-14.09528
1387641250.0,-14.098
1387641406.25,-14.10313
1387641562.5,-14.10745
1387641718.75,-14.11121
1387641875.0,-14.11575
1387642031.25,-14.1209
1387642187.5,-14.12339
1387642343.75,-14.12853
1387642500.0,-14.13226
1387642656.25,-14.13753
1387642812.5,-14.14159
1387642968.75,-14.1466
1387643125.0,-14.1511
1387643281.25,-14.1556
1387643437.5,-14.1593
1387643593.75,-14.16311
1387643750.0,-14.16752
1387643906.25,-14.17265
1387644062.5,-14.17592
1387644218.75,-14.18092
1387644375.0,-14.18569
1387644531.25,-14.18933
1387644687.5,-14.19379
1387644843.75,-14.19939
1387645000.0,-14.20329
1387645156.25,-14.20633
1387645312.5,-14.21161
1387645468.75,-14.21598
1387645625.0,-14.22149
1387645781.25,-14.22441
1387645937.5,-14.2296
1387646093.75,-14.23344
1387646250.0,-14.23754
1387646406.25,-14.24299
1387646562.5,-14.24714
1387646718.75,-14.25159
1387646875.0,-14.2548
1387647031.25,-14.25959
1387647187.5,-14.26416
1387647343.75,-14.26952
1387647500.0,-14.27302
1387647656.25,-14.27802
1387647812.5,-14.28175
1387647968.75,-14.28685
1387648125.0,-14.29165
1387648281.25,-14.29585
1387648437.5,-14.2999
1387648593.75,-14.30548
1387648750.0,-14.30932
1387648906.25,-14.31368
1387649062.5,-14.3181
1387649218.75,-14.32277
1387649375.0,-14.32633
1387649531.25,-14.33204
1387649687.5,-14.33576
1387649843.75,-14.33975
1387650000.0,-14.34465
1387650156.25,-14.34989
1387650312.5,-14.35285
1387650468.75,-14.35783
1387650625.0,-14.3622
1387650781.25,-14.36681
1387650937.5,-14.36987
1387651093.75,-14.37544
1387651250.0,-14.38013
1387651406.25,-14.38512
1387651562.5,-14.3893
1387651718.75,-14.39355
1387651875.0,-14.39849
1387652031.25,-14.40354
1387652187.5,-14.40722
1387652343.75,-14.41211
1387652500.0,-14.41685
1387652656.25,-14.42078
1387652812.5,-14.42567
1387652968.75,-14.43019
1387653125.0,-14.43456
1387653281.25,-14.43938
1387653437.5,-14.44307
1387653593.75,-14.44816
1387653750.0,-14.4525
1387653906.25,-14.457
1387654062.5,-14.4605
1387654218.75,-14.46716
1387654375.0,-14.47165
1387654531.25,-14.47572
1387654687.5,-14.47968
1387654843.75,-14.48425
1387655000.0,-14.48837
1387655156.25,-14.49272
1387655312.5,-14.49828
1387655468.75,-14.50302
1387655625.0,-14.50686
1387655781.25,-14.51258
1387655937.5,-14.51621
1387656093.75,-14.52126
1387656250.0,-14.52463
1387656406.25,-14.52873
1387656562.5,-14.53516
1387656718.75,-14.53866
1387656875.0,-14.54343
1387657031.25,-14.54741
1387657187.5,-14.55282
1387657343.75,-14.5564
1387657500.0,-14.56142
1387657656.25,-14.56709
1387657812.5,-14.5716
1387657968.75,-14.57598
1387658125.0,-14.58009
1387658281.25,-14.58381
1387658437.5,-14.59019
1387658593.75,-14.59424
1387658750.0,-14.59968
1387658906.25,-14.60218
1387659062.5,-14.60699
1387659218.75,-14.61226
1387659375.0,-14.61632
1387659531.25,-14.62163
1387659687.5,-14.6259
1387659843.75,-14.6314
1387660000.0,-14.63633
1387660156.25,-14.63969
1387660312.5,-14.6447
1387660468.75,-14.648
1387660625.0,-14.65451
1387660781.25,-14.65821
1387660937.5,-14.66385
1387661093.75,-14.66697
1387661250.0,-14.67178
1387661406.25,-14.67684
1387661562.5,-14.6817
1387661718.75,-14.68509
1387661875.0,-14.69074
1387662031.25,-14.69511
1387662187.5,-14.69878
1387662343.75,-14.70469
1387662500.0,-14.71037
1387662656.25,-14.7147
1387662812.5,-14.71754
1387662968.75,-14.72292
1387663125.0,-14.72744
1387663281.25,-14.73289
1387663437.5,-14.73641
1387663593.75,-14.7413
1387663750.0,-14.74527
1387663906.25,-14.75144
1387664062.5,-14.75657
1387664218.75,-14.75947
1387664375.0,-14.76539
1387664531.25,-14.76982
1387664687.5,-14.77403
1387664843.75,-14.77862
1387665000.0,-14.78362
1387665156.25,-14.78801
1387665312.5,-14.79258
1387665468.75,-14.79747
1387665625.0,-14.80196
1387665781.25,-14.80639
1387665937.5,-14.81058
1387666093.75,-14.8164
1387666250.0,-14.82119
1387666406.25,-14.82497
1387666562.5,-14.82888
1387666718.75,-14.83431
1387666875.0,-14.84056
1387667031.25,-14.84357
1387667187.5,-14.84881
1387667343.75,-14.85325
1387667500.0,-14.85728
1387667656.25,-14.86224
1387667812.5,-14.86837
1387667968.75,-14.87241
1387668125.0,-14.87675
1387668281.25,-14.8818
1387668437.5,-14.88618
1387668593.75,-14.89149
1387668750.0,-14.89552
1387668906.25,-14.89916
1387669062.5,-14.90406
1387669218.75,-14.90841
1387669375.0,-14.91376
1387669531.25,-14.91875
1387669687.5,-14.92276
1387669843.75,-14.92772
1387670000.0,-14.93257
1387670156.25,-14.93796
1387670312.5,-14.94259
1387670468.75,-14.94603
1387670625.0,-14.95104
1387670781.25,-14.95636
1387670937.5,-14.961
1387671093.75,-14.96689
1387671250.0,-14.97091
1387671406.25,-14.97525
1387671562.5,-14.97966
1387671718.75,-14.98422
1387671875.0,-14.98987
1387672031.25,-14.99438
1387672187.5,-14.99878
1387672343.75,-15.00298
1387672500.0,-15.00802
1387672656.25,-15.01343
1387672812.5,-15.01717
1387672968.75,-15.02174
1387673125.0,-15.02633
1387673281.25,-15.03051
1387673437.5,-15.03641
1387673593.75,-15.04144
1387673750.0,-15.04522
1387673906.25,-15.05122
1387674062.5,-15.05632
1387674218.75,-15.05912
1387674375.0,-15.06532
1387674531.25,-15.06955
1387674687.5,-15.07323
1387674843.75,-15.07924
1387675000.0,-15.08389
1387675156.25,-15.08728
1387675312.5,-15.09237
1387675468.75,-15.0984
1387675625.0,-15.10187
1387675781.25,-15.10681
1387675937.5,-15.11213
1387676093.75,-15.11681
1387676250.0,-15.12182
1387676406.25,-15.12588
1387676562.5,-15.13061
1387676718.75,-15.13549
1387676875.0,-15.14079
1387677031.25,-15.1454
1387677187.5,-15.15004
1387677343.75,-15.1543
1387677500.0,-15.15936
1387677656.25,-15.16468
1387677812.5,-15.16916
1387677968.75,-15.17375
1387678125.0,-15.17779
1387678281.25,-15.18229
1387678437.5,-15.18846
1387678593.75,-15.19164
1387678750.0,-15.19688
1387678906.25,-15.2024
1387679062.5,-15.20614
1387679218.75,-15.21241
1387679375.0,-15.21593
1387679531.25,-15.22114
1387679687.5,-15.22543
1387679843.75,-15.23048
1387680000.0,-15.2346
1387680156.25,-15.24031
1387680312.5,-15.24542
1387680468.75,-15.24882
1387680625.0,-15.25531
1387680781.25,-15.25827
1387680937.5,-15.26304
1387681093.75,-15.26808
1387681250.0,-15.27321
1387681406.25,-15.27852
1387681562.5,-15.28157
1387681718.75,-15.28831
1387681875.0,-15.2919
1387682031.25,-15.29761
1387682187.5,-15.30186
1387682343.75,-15.30722
1387682500.0,-15.30981
1387682656.25,-15.31608
1387682812.5,-15.32029
1387682968.75,-15.3254
1387683125.0,-15.33042
1387683281.25,-15.33613
1387683437.5,-15.34
1387683593.75,-15.34398
1387683750.0,-15.35001
1387683906.25,-15.35413
1387684062.5,-15.35821
1387684218.75,-15.36306
1387684375.0,-15.36765
1387684531.25,-15.37203
1387684687.5,-15.37797
1387684843.75,-15.38103
1387685000.0,-15.38776
1387685156.25,-15.39204
1387685312.5,-15.39751
1387685468.75,-15.40052
1387685625.0,-15.40615
1387685781.25,-15.40982
1387685937.5,-15.41612
1387686093.75,-15.42127
1387686250.0,-15.42558
1387686406.25,-15.42814
1387686562.5,-15.43416
1387686718.75,-15.43979
1387686875.0,-15.44412
1387687031.25,-15.44918
1387687187.5,-15.45418
1387687343.75,-15.45929
1387687500.0,-15.46308
1387687656.25,-15.46936
1387687812.5,-15.47368
1387687968.75,-15.47741
1387688125.0,-15.48269
1387688281.25,-15.48759
1387688437.5,-15.49174
1387688593.75,-15.49741
1387688750.0,-15.50199
1387688906.25,-15.5056
1387689062.5,-15.51038
1387689218.75,-15.516
1387689375.0,-15.5204
1387689531.25,-15.52559
1387689687.5,-15.53053
1387689843.75,-15.53541
1387690000.0,-15.53942
1387690156.25,-15.54397
1387690312.5,-15.54944
1387690468.75,-15.55371
1387690625.0,-15.55887
1387690781.25,-15.56317
1387690937.5,-15.56855
1387691093.75,-15.57272
1387691250.0,-15.57766
1387691406.25,-15.58275
1387691562.5,-15.58742
1387691718.75,-15.59133
1387691875.0,-15.59731
1387692031.25,-15.60049
1387692187.5,-15.60596
1387692343.75,-15.61071
1387692500.0,-15.61674
1387692656.25,-15.62053
1387692812.5,-15.62567
1387692968.75,-15.63018
1387693125.0,-15.63708
1387693281.25,-15.63949
1387693437.5,-15.64448
1387693593.75,-15.64888
1387693750.0,-15.65396
1387693906.25,-15.65851
1387694062.5,-15.6633
1387694218.75,-15.66785
1387694375.0,-15.67241
1387694531.25,-15.67662
1387694687.5,-15.68391
1387694843.75,-15.68766
1387695000.0,-15.69217
1387695156.25,-15.69696
1387695312.5,-15.7028
1387695468.75,-15.70538
1387695625.0,-15.7113
1387695781.25,-15.7165
1387695937.5,-15.71984
1387696093.75,-15.72486
1387696250.0,-15.72981
1387696406.25,-15.73449
1387696562.5,-15.73993
1387696718.75,-15.7435
1387696875.0,-15.7497
1387697031.25,-15.75347
1387697187.5,-15.76036
1387697343.75,-15.76469
1387697500.0,-15.76896
1387697656.25,-15.77201
1387697812.5,-15.77684
1387697968.75,-15.78215
1387698125.0,-15.78755
1387698281.25,-15.79145
1387698437.5,-15.79703
1387698593.75,-15.80166
1387698750.0,-15.80674
1387698906.25,-15.81139
1387699062.5,-15.81533
1387699218.75,-15.82007
1387699375.0,-15.82526
1387699531.25,-15.83026
1387699687.5,-15.83474
1387699843.75,-15.83979
1387700000.0,-15.84338
1387700156.25,-15.84899
1387700312.5,-15.85372
1387700468.75,-15.85949
1387700625.0,-15.86367
1387700781.25,-15.86777
1387700937.5,-15.87287
1387701093.75,-15.87781
1387701250.0,-15.88208
1387701406.25,-15.88784
1387701562.5,-15.89295
1387701718.75,-15.89578
1387701875.0,-15.89893
1387702031.25,-15.90646
1387702187.5,-15.91173
1387702343.75,-15.91569
1387702500.0,-15.92166
1387702656.25,-15.92569
1387702812.5,-15.92995
1387702968.75,-15.93328
1387703125.0,-15.93941
1387703281.25,-15.94408
1387703437.5,-15.94786
1387703593.75,-15.95436
1387703750.0,-15.95854
1387703906.25,-15.96406
1387704062.5,-15.9686
1387704218.75,-15.97223
1387704375.0,-15.97808
1387704531.25,-15.98259
1387704687.5,-15.98648
1387704843.75,-15.99252
1387705000.0,-15.99682
1387705156.25,-16.00051
1387705312.5,-16.00635
1387705468.75,-16.01067
1387705625.0,-16.01527
1387705781.25,-16.01975
1387705937.5,-16.02456
1387706093.75,-16.02921
1387706250.0,-16.03335
1387706406.25,-16.03906
1387706562.5,-16.04407
1387706718.75,-16.04833
1387706875.0,-16.05342
1387707031.25,-16.05809
1387707187.5,-16.06268
1387707343.75,-16.0671
1387707500.0,-16.0718
1387707656.25,-16.07774
1387707812.5,-16.08223
1387707968.75,-16.08615
1387708125.0,-16.09103
1387708281.25,-16.09661
1387708437.5,-16.10145
1387708593.75,-16.10566
1387708750.0,-16.11002
1387708906.25,-16.11455
1387709062.5,-16.11922
1387709218.75,-16.12657
1387709375.0,-16.12913
1387709531.25,-16.134
1387709687.5,-16.13892
1387709843.75,-16.14241
1387710000.0,-16.14871
1387710156.25,-16.15363
1387710312.5,-16.15877
1387710468.75,-16.16294
1387710625.0,-16.16667
1387710781.25,-16.17249
1387710937.5,-16.17581
1387711093.75,-16.18188
1387711250.0,-16.18461
1387711406.25,-16.19044
1387711562.5,-16.19662
1387711718.75,-16.19982
1387711875.0,-16.20549
1387712031.25,-16.20985
1387712187.5,-16.21426
1387712343.75,-16.21937
1387712500.0,-16.22441
1387712656.25,-16.22913
1387712812.5,-16.23295
1387712968.75,-16.23733
1387713125.0,-16.2451
1387713281.25,-16.24763
1387713437.5,-16.25237
1387713593.75,-16.25703
1387713750.0,-16.26215
1387713906.25,-16.26562
1387714062.5,-16.27197
1387714218.75,-16.27588
1387714375.0,-16.28134
1387714531.25,-16.28531
1387714687.5,-16.29022
1387714843.75,-16.29364
1387715000.0,-16.30029
1387715156.25,-16.3045
1387715312.5,-16.30767
1387715468.75,-16.31486
1387715625.0,-16.31716
1387715781.25,-16.3234
1387715937.5,-16.32877
1387716093.75,-16.33236
1387716250.0,-16.33671
1387716406.25,-16.34215
1387716562.5,-16.34658
1387716718.75,-16.35101
1387716875.0,-16.35723
1387717031.25,-16.36073
1387717187.5,-16.36524
1387717343.75,-16.37121
1387717500.0,-16.37395
1387717656.25,-16.37886
1387717812.5,-16.38239
1387717968.75,-16.38802
1387718125.0,-16.3936
1387718281.25,-16.39744
1387718437.5,-16.40307
1387718593.75,-16.40733
1387718750.0,-16.41382
1387718906.25,-16.41732
1387719062.5,-16.42155
1387719218.75,-16.42606
1387719375.0,-16.43122
1387719531.25,-16.43682
1387719687.5,-16.44155
1387719843.75,-16.44479
1387720000.0,-16.44989
1387720156.25,-16.45504
1387720312.5,-16.45839
1387720468.75,-16.46518
1387720625.0,-16.46924
1387720781.25,-16.47367
1387720937.5,-16.47789
1387721093.75,-16.48241
1387721250.0,-16.48854
1387721406.25,-16.49145
1387721562.5,-16.49645
1387721718.75,-16.50232
1387721875.0,-16.50603
1387722031.25,-16.51059
1387722187.5,-16.51646
1387722343.75,-16.52166
1387722500.0,-16.52504
1387722656.25,-16.52932
1387722812.5,-16.53389
1387722968.75,-16.5402
1387723125.0,-16.54378
1387723281.25,-16.54961
1387723437.5,-16.55262
1387723593.75,-16.55799
1387723750.0,-16.5637
1387723906.25,-16.56638
1387724062.5,-16.57208
1387724218.75,-16.57631
1387724375.0,-16.58131
1387724531.25,-16.58721
1387724687.5,-16.59094
1387724843.75,-16.59489
1387725000.0,-16.60074
1387725156.25,-16.60604
1387725312.5,-16.60858
1387725468.75,-16.6138
1387725625.0,-16.62003
1387725781.25,-16.62338
1387725937.5,-16.62809
1387726093.75,-16.63313
1387726250.0,-16.63704
1387726406.25,-16.64167
1387726562.5,-16.64621
1387726718.75,-16.65224
1387726875.0,-16.6571
1387727031.25,-16.66154
1387727187.5,-16.66505
1387727343.75,-16.67086
1387727500.0,-16.6751
1387727656.25,-16.68023
1387727812.5,-16.68473
1387727968.75,-16.68822
1387728125.0,-16.69307
1387728281.25,-16.69666
1387728437.5,-16.7028
1387728593.75,-16.70735
1387728750.0,-16.71191
1387728906.25,-16.71573
1387729062.5,-16.72057
1387729218.75,-16.72636
1387729375.0,-16.72977
1387729531.25,-16.73461
1387729687.5,-16.73932
1387729843.75,-16.74351
1387730000.0,-16.74826
1387730156.25,-16.75323
1387730312.5,-16.75849
1387730468.75,-16.76387
1387730625.0,-16.76634
1387730781.25,-16.77194
1387730937.5,-16.77712
1387731093.75,-16.78116
1387731250.0,-16.78589
1387731406.25,-16.7913
1387731562.5,-16.79589
1387731718.75,-16.80022
1387731875.0,-16.80433
1387732031.25,-16.80847
1387732187.5,-16.81477
1387732343.75,-16.81955
1387732500.0,-16.82297
1387732656.25,-16.82772
1387732812.5,-16.83266
1387732968.75,-16.83597
1387733125.0,-16.84128
1387733281.25,-16.84732
1387733437.5,-16.85156
1387733593.75,-16.85588
1387733750.0,-16.86025
1387733906.25,-16.86544
1387734062.5,-16.86963
1387734218.75,-16.87374
1387734375.0,-16.8771
1387734531.25,-16.88228
1387734687.5,-16.88766
1387734843.75,-16.89275
1387735000.0,-16.89567
1387735156.25,-16.90183
1387735312.5,-16.90724
1387735468.75,-16.90945
1387735625.0,-16.91547
1387735781.25,-16.9183
1387735937.5,-16.92455
1387736093.75,-16.92869
1387736250.0,-16.93306
1387736406.25,-16.93866
1387736562.5,-16.943
1387736718.75,-16.94777
1387736875.0,-16.95266
1387737031.25,-16.95789
1387737187.5,-16.96132
1387737343.75,-16.96582
1387737500.0,-16.97117
1387737656.25,-16.97417
1387737812.5,-16.98023
1387737968.75,-16.98695
1387738125.0,-16.98888
1387738281.25,-16.99449
1387738437.5,-16.99804
1387738593.75,-17.00229
1387738750.0,-17.00752
1387738906.25,-17.01212
1387739062.5,-17.01576
1387739218.75,-17.02015
1387739375.0,-17.02469
1387739531.25,-17.03144
1387739687.5,-17.0341
1387739843.75,-17.0392
1387740000.0,-17.04345
1387740156.25,-17.04956
1387740312.5,-17.0538
1387740468.75,-17.0581
1387740625.0,-17.06237
1387740781.25,-17.06677
1387740937.5,-17.07237
1387741093.75,-17.07463
1387741250.0,-17.08102
1387741406.25,-17.08564
1387741562.5,-17.08998
1387741718.75,-17.09365
1387741875.0,-17.09921
1387742031.25,-17.10353
1387742187.5,-17.1084
1387742343.75,-17.11106
1387742500.0,-17.11698
1387742656.25,-17.12097
1387742812.5,-17.12642
1387742968.75,-17.13126
1387743125.0,-17.13518
1387743281.25,-17.14032
1387743437.5,-17.14382
1387743593.75,-17.1488
1387743750.0,-17.15388
1387743906.25,-17.15794
1387744062.5,-17.16272
1387744218.75,-17.16841
1387744375.0,-17.17188
1387744531.25,-17.17636
1387744687.5,-17.17959
1387744843.75,-17.185
1387745000.0,-17.18956
1387745156.25,-17.19385
1387745312.5,-17.19881
1387745468.75,-17.20355
1387745625.0,-17.20916
1387745781.25,-17.21185
1387745937.5,-17.21656
1387746093.75,-17.22033
1387746250.0,-17.2268
1387746406.25,-17.23117
1387746562.5,-17.23398
1387746718.75,-17.23999
1387746875.0,-17.24491
1387747031.25,-17.24925
1387747187.5,-17.25322
1387747343.75,-17.25949
1387747500.0,-17.26294
1387747656.25,-17.26579
1387747812.5,-17.27214
1387747968.75,-17.27706
1387748125.0,-17.28146
1387748281.25,-17.28732
1387748437.5,-17.28967
1387748593.75,-17.29374
1387748750.0,-17.29842
1387748906.25,-17.30269
1387749062.5,-17.30763
1387749218.75,-17.31286
1387749375.0,-17.31711
1387749531.25,-17.32025
1387749687.5,-17.32627
1387749843.75,-17.33093
1387750000.0,-17.33484
1387750156.25,-17.33966
1387750312.5,-17.34362
1387750468.75,-17.34802
1387750625.0,-17.35431
1387750781.25,-17.35722
1387750937.5,-17.36203
1387751093.75,-17.36643
1387751250.0,-17.37116
1387751406.25,-17.37529
1387751562.5,-17.38111
1387751718.75,-17.38471
1387751875.0,-17.38841
1387752031.25,-17.39252
1387752187.5,-17.39702
1387752343.75,-17.40244
1387752500.0,-17.40704
1387752656.25,-17.41022
1387752812.5,-17.41613
1387752968.75,-17.42067
1387753125.0,-17.42308
1387753281.25,-17.43013
1387753437.5,-17.43408
1387753593.75,-17.43886
1387753750.0,-17.44267
1387753906.25,-17.44648
1387754062.5,-17.45106
1387754218.75,-17.45741
1387754375.0,-17.46128
1387754531.25,-17.46396
1387754687.5,-17.46904
1387754843.75,-17.47423
1387755000.0,-17.47606
1387755156.25,-17.4822
1387755312.5,-17.48748
1387755468.75,-17.49252
1387755625.0,-17.4964
1387755781.25,-17.49928
1387755937.5,-17.50449
1387756093.75,-17.51068
1387756250.0,-17.5148
1387756406.25,-17.51892
1387756562.5,-17.52348
1387756718.75,-17.52784
1387756875.0,-17.53162
1387757031.25,-17.53737
1387757187.5,-17.54152
1387757343.75,-17.54517
1387757500.0,-17.54936
1387757656.25,-17.55305
1387757812.5,-17.55816
1387757968.75,-17.56205
1387758125.0,-17.56834
1387758281.25,-17.57239
1387758437.5,-17.57655
1387758593.75,-17.58141
1387758750.0,-17.58649
1387758906.25,-17.59061
1387759062.5,-17.59556
1387759218.75,-17.60022
1387759375.0,-17.6039
1387759531.25,-17.60721
1387759687.5,-17.61205
1387759843.75,-17.61649
1387760000.0,-17.61959
1387760156.25,-17.62457
1387760312.5,-17.63079
1387760468.75,-17.63404
1387760625.0,-17.63892
1387760781.25,-17.64362
1387760937.5,-17.64847
1387761093.75,-17.65324
1387761250.0,-17.65612
1387761406.25,-17.66162
1387761562.5,-17.6656
1387761718.75,-17.67108
1387761875.0,-17.67247
1387762031.25,-17.67727
1387762187.5,-17.6826
1387762343.75,-17.68747
1387762500.0,-17.69115
1387762656.25,-17.69571
1387762812.5,-17.6995
1387762968.75,-17.70481
1387763125.0,-17.70842
1387763281.25,-17.71189
1387763437.5,-17.7174
1387763593.75,-17.72265
1387763750.0,-17.72633
1387763906.25,-17.73087
1387764062.5,-17.73561
1387764218.75,-17.74048
1387764375.0,-17.74495
1387764531.25,-17.74948
1387764687.5,-17.75407
1387764843.75,-17.75773
1387765000.0,-17.76123
1387765156.25,-17.76565
1387765312.5,-17.77133
1387765468.75,-17.77521
1387765625.0,-17.78119
1387765781.25,-17.78373
1387765937.5,-17.78833
1387766093.75,-17.79389
1387766250.0,-17.79746
1387766406.25,-17.80219
1387766562.5,-17.80581
1387766718.75,-17.81009
1387766875.0,-17.81267
1387767031.25,-17.81872
1387767187.5,-17.82255
1387767343.75,-17.82734
1387767500.0,-17.83265
1387767656.25,-17.83673
1387767812.5,-17.84109
1387767968.75,-17.84665
1387768125.0,-17.84941
1387768281.25,-17.8537
1387768437.5,-17.85977
1387768593.75,-17.86345
1387768750.0,-17.86682
1387768906.25,-17.87085
1387769062.5,-17.87643
1387769218.75,-17.88012
1387769375.0,-17.88474
1387769531.25,-17.88818
1387769687.5,-17.89388
1387769843.75,-17.89725
1387770000.0,-17.90198
1387770156.25,-17.90606
1387770312.5,-17.91114
1387770468.75,-17.91561
1387770625.0,-17.91981
1387770781.25,-17.92437
1387770937.5,-17.92723
1387771093.75,-17.93257
1387771250.0,-17.9363
1387771406.25,-17.94203
1387771562.5,-17.94636
1387771718.75,-17.95126
1387771875.0,-17.9556
1387772031.25,-17.95877
1387772187.5,-17.96382
1387772343.75,-17.96505
1387772500.0,-17.97158
1387772656.25,-17.9758
1387772812.5,-17.98085
1387772968.75,-17.98423
1387773125.0,-17.98827
1387773281.25,-17.99262
1387773437.5,-17.99665
1387773593.75,-18.00108
1387773750.0,-18.00545
1387773906.25,-18.00997
1387774062.5,-18.01436
1387774218.75,-18.01925
1387774375.0,-18.02245
1387774531.25,-18.02704
1387774687.5,-18.03224
1387774843.75,-18.03665
1387775000.0,-18.03917
1387775156.25,-18.04694
1387775312.5,-18.04984
1387775468.75,-18.05323
1387775625.0,-18.05797
1387775781.25,-18.06247
1387775937.5,-18.06502
1387776093.75,-18.07082
1387776250.0,-18.07579
1387776406.25,-18.0789
1387776562.5,-18.08437
1387776718.75,-18.08922
1387776875.0,-18.09198
1387777031.25,-18.098
1387777187.5,-18.10146
1387777343.75,-18.10603
1387777500.0,-18.10979
1387777656.25,-18.11461
1387777812.5,-18.11731
1387777968.75,-18.12177
1387778125.0,-18.12523
1387778281.25,-18.12999
1387778437.5,-18.13342
1387778593.75,-18.13879
1387778750.0,-18.14223
1387778906.25,-18.14772
1387779062.5,-18.15068
1387779218.75,-18.15563
1387779375.0,-18.16007
1387779531.25,-18.16233
1387779687.5,-18.16973
1387779843.75,-18.17252
1387780000.0,-18.17711
1387780156.25,-18.18186
1387780312.5,-18.18643
1387780468.75,-18.19003
1387780625.0,-18.19467
1387780781.25,-18.19953
1387780937.5,-18.20429
1387781093.75,-18.20787
1387781250.0,-18.21106
1387781406.25,-18.21703
1387781562.5,-18.22155
1387781718.75,-18.22388
1387781875.0,-18.22909
1387782031.25,-18.23363
1387782187.5,-18.2384
1387782343.75,-18.24137
1387782500.0,-18.24556
1387782656.25,-18.24958
1387782812.5,-18.2537
1387782968.75,-18.25913
1387783125.0,-18.26354
1387783281.25,-18.26627
1387783437.5,-18.27111
1387783593.75,-18.27513
1387783750.0,-18.28028
1387783906.25,-18.28438
1387784062.5,-18.28902
1387784218.75,-18.29128
1387784375.0,-18.29589
1387784531.25,-18.30074
1387784687.5,-18.30629
1387784843.75,-18.30964
1387785000.0,-18.31276
1387785156.25,-18.31956
1387785312.5,-18.32207
1387785468.75,-18.32588
1387785625.0,-18.3302
1387785781.25,-18.33483
1387785937.5,-18.33951
1387786093.75,-18.34313
1387786250.0,-18.34703
1387786406.25,-18.35115
1387786562.5,-18.35669
1387786718.75,-18.36005
1387786875.0,-18.36355
1387787031.25,-18.36937
1387787187.5,-18.37448
1387787343.75,-18.37679
1387787500.0,-18.3799
1387787656.25,-18.38512
1387787812.5,-18.39012
1387787968.75,-18.3946
1387788125.0,-18.39815
1387788281.25,-18.40214
1387788437.5,-18.4074
1387788593.75,-18.41116
1387788750.0,-18.41595
1387788906.25,-18.41818
1387789062.5,-18.42504
1387789218.75,-18.42895
1387789375.0,-18.43098
1387789531.25,-18.43717
1387789687.5,-18.43847
1387789843.75,-18.44473
1387790000.0,-18.44789
1387790156.25,-18.45251
1387790312.5,-18.45765
1387790468.75,-18.46228
1387790625.0,-18.4656
1387790781.25,-18.46871
1387790937.5,-18.4742
1387791093.75,-18.47695
1387791250.0,-18.48134
1387791406.25,-18.48709
1387791562.5,-18.48951
1387791718.75,-18.49528
1387791875.0,-18.4978
1387792031.25,-18.50308
1387792187.5,-18.50663
1387792343.75,-18.5118
1387792500.0,-18.51511
1387792656.25,-18.52131
1387792812.5,-18.52398
1387792968.75,-18.52719
1387793125.0,-18.53148
1387793281.25,-18.53535
1387793437.5,-18.53961
1387793593.75,-18.54446
1387793750.0,-18.54999
1387793906.25,-18.55205
1387794062.5,-18.55662
1387794218.75,-18.56113
1387794375.0,-18.56574
1387794531.25,-18.56734
1387794687.5,-18.57433
1387794843.75,-18.5786
1387795000.0,-18.58361
1387795156.25,-18.58588
1387795312.5,-18.59072
1387795468.75,-18.59406
1387795625.0,-18.59705
1387795781.25,-18.60319
1387795937.5,-18.60781
1387796093.75,-18.61169
1387796250.0,-18.6156
1387796406.25,-18.61954
1387796562.5,-18.62322
1387796718.75,-18.62829
1387796875.0,-18.63121
1387797031.25,-18.63651
1387797187.5,-18.6394
1387797343.75,-18.64294
1387797500.0,-18.64761
1387797656.25,-18.6515
1387797812.5,-18.65567
1387797968.75,-18.66043
1387798125.0,-18.66417
1387798281.25,-18.66896
1387798437.5,-18.67272
1387798593.75,-18.67645
1387798750.0,-18.68181
1387798906.25,-18.68533
1387799062.5,-18.68911
1387799218.75,-18.69278
1387799375.0,-18.698
1387799531.25,-18.70249
1387799687.5,-18.70638
1387799843.75,-18.71093
1387800000.0,-18.7129
1387800156.25,-18.71735
1387800312.5,-18.72178
1387800468.75,-18.72693
1387800625.0,-18.72944
1387800781.25,-18.73473
1387800937.5,-18.73906
1387801093.75,-18.74315
1387801250.0,-18.74585
1387801406.25,-18.75088
1387801562.5,-18.75576
1387801718.75,-18.75798
1387801875.0,-18.76177
1387802031.25,-18.76717
1387802187.5,-18.77066
1387802343.75,-18.77679
1387802500.0,-18.77853
1387802656.25,-18.78454
1387802812.5,-18.78567
1387802968.75,-18.79268
1387803125.0,-18.79467
1387803281.25,-18.79998
1387803437.5,-18.80353
1387803593.75,-18.80891
1387803750.0,-18.81022
1387803906.25,-18.81423
1387804062.5,-18.81869
1387804218.75,-18.82579
1387804375.0,-18.82962
1387804531.25,-18.83185
1387804687.5,-18.83682
1387804843.75,-18.84034
1387805000.0,-18.84508
1387805156.25,-18.84945
1387805312.5,-18.85205
1387805468.75,-18.85787
1387805625.0,-18.86022
1387805781.25,-18.86365
1387805937.5,-18.8689
1387806093.75,-18.87267
1387806250.0,-18.87775
1387806406.25,-18.88097
1387806562.5,-18.88445
1387806718.75,-18.8889
1387806875.0,-18.89234
1387807031.25,-18.89713
1387807187.5,-18.9012
1387807343.75,-18.9063
1387807500.0,-18.9078
1387807656.25,-18.91438
1387807812.5,-18.91702
1387807968.75,-18.92156
1387808125.0,-18.92487
1387808281.25,-18.92845
1387808437.5,-18.93324
1387808593.75,-18.93785
1387808750.0,-18.94132
1387808906.25,-18.94707
1387809062.5,-18.95124
1387809218.75,-18.95439
1387809375.0,-18.95754
1387809531.25,-18.96095
1387809687.5,-18.9636
1387809843.75,-18.96975
1387810000.0,-18.97283
1387810156.25,-18.97812
1387810312.5,-18.98259
1387810468.75,-18.98609
1387810625.0,-18.98854
1387810781.25,-18.9951
1387810937.5,-18.99705
1387811093.75,-19.00146
1387811250.0,-19.00534
1387811406.25,-19.00943
1387811562.5,-19.01383
1387811718.75,-19.01692
1387811875.0,-19.02238
1387812031.25,-19.02616
1387812187.5,-19.02926
1387812343.75,-19.0345
1387812500.0,-19.03815
1387812656.25,-19.04242
1387812812.5,-19.0461
1387812968.75,-19.05142
1387813125.0,-19.05376
1387813281.25,-19.05792
1387813437.5,-19.06325
1387813593.75,-19.06634
1387813750.0,-19.07053
1387813906.25,-19.07474
1387814062.5,-19.07877
1387814218.75,-19.0808
1387814375.0,-19.08536
1387814531.25,-19.08979
1387814687.5,-19.09449
1387814843.75,-19.09861
1387815000.0,-19.10266
1387815156.25,-19.10429
1387815312.5,-19.11094
1387815468.75,-19.11345
1387815625.0,-19.11785
1387815781.25,-19.12266
1387815937.5,-19.12715
1387816093.75,-19.13099
1387816250.0,-19.13345
1387816406.25,-19.13839
1387816562.5,-19.14219
1387816718.75,-19.14719
1387816875.0,-19.14815
1387817031.25,-19.15349
1387817187.5,-19.15791
1387817343.75,-19.15951
1387817500.0,-19.16374
1387817656.25,-19.16933
1387817812.5,-19.17265
1387817968.75,-19.17896
1387818125.0,-19.18021
1387818281.25,-19.18569
1387818437.5,-19.18925
1387818593.75,-19.19293
1387818750.0,-19.1975
1387818906.25,-19.20119
1387819062.5,-19.20219
1387819218.75,-19.20823
1387819375.0,-19.21161
1387819531.25,-19.21588
1387819687.5,-19.21962
1387819843.75,-19.22447
1387820000.0,-19.2304
1387820156.25,-19.23206
1387820312.5,-19.2358
1387820468.75,-19.24062
1387820625.0,-19.24323
1387820781.25,-19.24722
1387820937.5,-19.25101
1387821093.75,-19.25636
1387821250.0,-19.25975
1387821406.25,-19.26327
1387821562.5,-19.2696
1387821718.75,-19.27302
1387821875.0,-19.27533
1387822031.25,-19.27942
1387822187.5,-19.28183
1387822343.75,-19.28867
1387822500.0,-19.28821
1387822656.25,-19.29648
1387822812.5,-19.29915
1387822968.75,-19.30286
1387823125.0,-19.30593
1387823281.25,-19.30952
1387823437.5,-19.31461
1387823593.75,-19.31782
1387823750.0,-19.32316
1387823906.25,-19.32584
1387824062.5,-19.33122
1387824218.75,-19.33341
1387824375.0,-19.33988
1387824531.25,-19.34203
1387824687.5,-19.34589
1387824843.75,-19.35216
1387825000.0,-19.3525
1387825156.25,-19.35703
1387825312.5,-19.36238
1387825468.75,-19.36588
1387825625.0,-19.36944
1387825781.25,-19.37208
1387825937.5,-19.37584
1387826093.75,-19.38179
1387826250.0,-19.38353
1387826406.25,-19.38814
1387826562.5,-19.39404
1387826718.75,-19.39605
1387826875.0,-19.40026
1387827031.25,-19.40562
1387827187.5,-19.40893
1387827343.75,-19.41091
1387827500.0,-19.41762
1387827656.25,-19.4195
1387827812.5,-19.4247
1387827968.75,-19.42719
1387828125.0,-19.43013
1387828281.25,-19.43474
1387828437.5,-19.44018
1387828593.75,-19.44315
1387828750.0,-19.44757
1387828906.25,-19.44991
1387829062.5,-19.45539
1387829218.75,-19.45726
1387829375.0,-19.4639
1387829531.25,-19.46696
1387829687.5,-19.46972
1387829843.75,-19.47283
1387830000.0,-19.47771
1387830156.25,-19.48293
1387830312.5,-19.48593
1387830468.75,-19.49049
1387830625.0,-19.49183
1387830781.25,-19.49762
1387830937.5,-19.50049
1387831093.75,-19.50557
1387831250.0,-19.50614
1387831406.25,-19.51078
1387831562.5,-19.51636
1387831718.75,-19.51959
1387831875.0,-19.5245
1387832031.25,-19.52788
1387832187.5,-19.53147
1387832343.75,-19.53495
1387832500.0,-19.53976
1387832656.25,-19.54138
1387832812.5,-19.54665
1387832968.75,-19.54966
1387833125.0,-19.55615
1387833281.25,-19.55919
1387833437.5,-19.56238
1387833593.75,-19.5659
1387833750.0,-19.56871
1387833906.25,-19.57237
1387834062.5,-19.57595
1387834218.75,-19.58139
1387834375.0,-19.58581
1387834531.25,-19.58851
1387834687.5,-19.5936
1387834843.75,-19.59566
1387835000.0,-19.5999
1387835156.25,-19.60442
1387835312.5,-19.60754
1387835468.75,-19.61151
1387835625.0,-19.61555
1387835781.25,-19.61792
1387835937.5,-19.62359
1387836093.75,-19.62658
1387836250.0,-19.6308
1387836406.25,-19.6343
1387836562.5,-19.63944
1387836718.75,-19.64289
1387836875.0,-19.64666
1387837031.25,-19.64849
1387837187.5,-19.65452
1387837343.75,-19.65626
1387837500.0,-19.66182
1387837656.25,-19.66611
1387837812.5,-19.66806
1387837968.75,-19.67328
1387838125.0,-19.67701
1387838281.25,-19.67848
1387838437.5,-19.68374
1387838593.75,-19.68693
1387838750.0,-19.69165
1387838906.25,-19.69385
1387839062.5,-19.70032
1387839218.75,-19.7022
1387839375.0,-19.70778
1387839531.25,-19.7105
1387839687.5,-19.71275
1387839843.75,-19.71857
1387840000.0,-19.72166
1387840156.25,-19.72375
1387840312.5,-19.73
1387840468.75,-19.73436
1387840625.0,-19.73664
1387840781.25,-19.74174
1387840937.5,-19.74478
1387841093.75,-19.74765
1387841250.0,-19.75083
1387841406.25,-19.75562
1387841562.5,-19.76008
1387841718.75,-19.7642
1387841875.0,-19.76771
1387842031.25,-19.76938
1387842187.5,-19.77591
1387842343.75,-19.77816
1387842500.0,-19.78185
1387842656.25,-19.78746
1387842812.5,-19.78827
1387842968.75,-19.79313
1387843125.0,-19.79703
1387843281.25,-19.8015
1387843437.5,-19.8046
1387843593.75,-19.80749
1387843750.0,-19.81189
1387843906.25,-19.81578
1387844062.5,-19.81772
1387844218.75,-19.823
1387844375.0,-19.82579
1387844531.25,-19.82866
1387844687.5,-19.83436
1387844843.75,-19.8378
1387845000.0,-19.84113
1387845156.25,-19.84576
1387845312.5,-19.84769
1387845468.75,-19.85503
1387845625.0,-19.857
1387845781.25,-19.85956
1387845937.5,-19.86523
1387846093.75,-19.86932
1387846250.0,-19.87158
1387846406.25,-19.87475
1387846562.5,-19.87879
1387846718.75,-19.88302
1387846875.0,-19.88562
1387847031.25,-19.88948
1387847187.5,-19.89409
1387847343.75,-19.89857
1387847500.0,-19.90183
1387847656.25,-19.90654
1387847812.5,-19.90911
1387847968.75,-19.91292
1387848125.0,-19.91601
1387848281.25,-19.91918
1387848437.5,-19.92315
1387848593.75,-19.92714
1387848750.0,-19.93072
1387848906.25,-19.93432
1387849062.5,-19.93955
1387849218.75,-19.94137
1387849375.0,-19.94765
1387849531.25,-19.94996
1387849687.5,-19.95477
1387849843.75,-19.95576
1387850000.0,-19.96114
1387850156.25,-19.96406
1387850312.5,-19.96925
1387850468.75,-19.97225
1387850625.0,-19.97479
1387850781.25,-19.97958
1387850937.5,-19.98333
1387851093.75,-19.9868
1387851250.0,-19.9892
1387851406.25,-19.99305
1387851562.5,-19.99675
1387851718.75,-19.99972
1387851875.0,-20.00387
1387852031.25,-20.00815
1387852187.5,-20.01169
1387852343.75,-20.01879
1387852500.0,-20.01928
1387852656.25,-20.02433
1387852812.5,-20.0273
1387852968.75,-20.03096
1387853125.0,-20.03433
1387853281.25,-20.03832
1387853437.5,-20.04157
1387853593.75,-20.04524
1387853750.0,-20.04938
1387853906.25,-20.0523
1387854062.5,-20.05701
1387854218.75,-20.05842
1387854375.0,-20.06451
1387854531.25,-20.0677
1387854687.5,-20.06944
1387854843.75,-20.07411
1387855000.0,-20.07779
1387855156.25,-20.08245
1387855312.5,-20.08521
1387855468.75,-20.08889
1387855625.0,-20.09201
1387855781.25,-20.09672
1387855937.5,-20.10208
1387856093.75,-20.10365
1387856250.0,-20.10732
1387856406.25,-20.10989
1387856562.5,-20.11364
1387856718.75,-20.1191
1387856875.0,-20.12136
1387857031.25,-20.12489
1387857187.5,-20.1281
1387857343.75,-20.13467
1387857500.0,-20.13804
1387857656.25,-20.13956
1387857812.5,-20.14458
1387857968.75,-20.14702
1387858125.0,-20.15045
1387858281.25,-20.15433
1387858437.5,-20.15812
1387858593.75,-20.16158
1387858750.0,-20.16522
1387858906.25,-20.17027
1387859062.5,-20.17248
1387859218.75,-20.17729
1387859375.0,-20.18008
1387859531.25,-20.18328
1387859687.5,-20.18825
1387859843.75,-20.19221
1387860000.0,-20.19434
1387860156.25,-20.19749
1387860312.5,-20.20173
1387860468.75,-20.20528
1387860625.0,-20.20831
1387860781.25,-20.213
1387860937.5,-20.21598
1387861093.75,-20.21939
1387861250.0,-20.22359
1387861406.25,-20.22806
1387861562.5,-20.2309
1387861718.75,-20.23388
1387861875.0,-20.2382
1387862031.25,-20.24214
1387862187.5,-20.24561
1387862343.75,-20.2486
1387862500.0,-20.25309
1387862656.25,-20.25719
1387862812.5,-20.25996
1387862968.75,-20.26462
1387863125.0,-20.26709
1387863281.25,-20.27081
1387863437.5,-20.27362
1387863593.75,-20.27664
1387863750.0,-20.28123
1387863906.25,-20.28506
1387864062.5,-20.29068
1387864218.75,-20.29242
1387864375.0,-20.29646
1387864531.25,-20.29902
1387864687.5,-20.30427
1387864843.75,-20.30741
1387865000.0,-20.31094
1387865156.25,-20.31335
1387865312.5,-20.3175
1387865468.75,-20.31979
1387865625.0,-20.32343
1387865781.25,-20.32684
1387865937.5,-20.33386
1387866093.75,-20.33516
1387866250.0,-20.33921
1387866406.25,-20.34078
1387866562.5,-20.34572
1387866718.75,-20.34937
1387866875.0,-20.35392
1387867031.25,-20.35847
1387867187.5,-20.35847
1387867343.75,-20.36389
1387867500.0,-20.36689
1387867656.25,-20.37052
1387867812.5,-20.37195
1387867968.75,-20.37872
1387868125.0,-20.38187
1387868281.25,-20.38497
1387868437.5,-20.38837
1387868593.75,-20.39175
1387868750.0,-20.39496
1387868906.25,-20.40003
1387869062.5,-20.40322
1387869218.75,-20.40825
1387869375.0,-20.40962
1387869531.25,-20.41236
1387869687.5,-20.41811
1387869843.75,-20.41998
1387870000.0,-20.42361
1387870156.25,-20.42805
1387870312.5,-20.43177
1387870468.75,-20.43567
1387870625.0,-20.43756
1387870781.25,-20.44075
1387870937.5,-20.44735
1387871093.75,-20.4489
1387871250.0,-20.45134
1387871406.25,-20.45632
1387871562.5,-20.45868
1387871718.75,-20.46205
1387871875.0,-20.46522
1387872031.25,-20.46818
1387872187.5,-20.47221
1387872343.75,-20.4762
1387872500.0,-20.47934
1387872656.25,-20.4827
1387872812.5,-20.48808
1387872968.75,-20.49095
1387873125.0,-20.49421
1387873281.25,-20.49845
1387873437.5,-20.50001
1387873593.75,-20.50413
1387873750.0,-20.50951
1387873906.25,-20.51134
1387874062.5,-20.51485
1387874218.75,-20.51967
1387874375.0,-20.52167
1387874531.25,-20.52421
1387874687.5,-20.52989
1387874843.75,-20.53436
1387875000.0,-20.53411
1387875156.25,-20.53838
1387875312.5,-20.54446
1387875468.75,-20.54734
1387875625.0,-20.55182
1387875781.25,-20.55605
1387875937.5,-20.55668
1387876093.75,-20.56242
1387876250.0,-20.56611
1387876406.25,-20.56907
1387876562.5,-20.57265
1387876718.75,-20.57641
1387876875.0,-20.57884
1387877031.25,-20.58266
1387877187.5,-20.58513
1387877343.75,-20.5899
1387877500.0,-20.59226
1387877656.25,-20.59643
1387877812.5,-20.59923
1387877968.75,-20.60334
1387878125.0,-20.60427
1387878281.25,-20.60947
1387878437.5,-20.61404
1387878593.75,-20.61687
1387878750.0,-20.62031
1387878906.25,-20.62417
1387879062.5,-20.6269
1387879218.75,-20.63129
1387879375.0,-20.63438
1387879531.25,-20.63708
1387879687.5,-20.64088
1387879843.75,-20.64487
1387880000.0,-20.64935
1387880156.25,-20.65158
1387880312.5,-20.65437
1387880468.75,-20.6602
1387880625.0,-20.66037
1387880781.25,-20.66496
1387880937.5,-20.66837
1387881093.75,-20.67286
1387881250.0,-20.67638
1387881406.25,-20.67775
1387881562.5,-20.68182
1387881718.75,-20.68696
1387881875.0,-20.68888
1387882031.25,-20.69278
1387882187.5,-20.69604
1387882343.75,-20.70045
1387882500.0,-20.70352
1387882656.25,-20.70726
1387882812.5,-20.71102
1387882968.75,-20.7144
1387883125.0,-20.71676
1387883281.25,-20.72072
1387883437.5,-20.72339
1387883593.75,-20.72932
1387883750.0,-20.73116
1387883906.25,-20.73545
1387884062.5,-20.73831
1387884218.75,-20.74219
1387884375.0,-20.74482
1387884531.25,-20.74894
1387884687.5,-20.75163
1387884843.75,-20.75554
1387885000.0,-20.75748
1387885156.25,-20.76274
1387885312.5,-20.76635
1387885468.75,-20.76832
1387885625.0,-20.77299
1387885781.25,-20.77495
1387885937.5,-20.7782
1387886093.75,-20.78169
1387886250.0,-20.78685
1387886406.25,-20.79022
1387886562.5,-20.79296
1387886718.75,-20.79522
1387886875.0,-20.80108
1387887031.25,-20.8026
1387887187.5,-20.80706
1387887343.75,-20.81031
1387887500.0,-20.81206
1387887656.25,-20.81581
1387887812.5,-20.82011
1387887968.75,-20.82298
1387888125.0,-20.82742
1387888281.25,-20.83041
1387888437.5,-20.83357
1387888593.75,-20.83629
1387888750.0,-20.84027
1387888906.25,-20.84367
1387889062.5,-20.84861
1387889218.75,-20.85045
1387889375.0,-20.85577
1387889531.25,-20.85777
1387889687.5,-20.86022
1387889843.75,-20.86331
1387890000.0,-20.86815
1387890156.25,-20.87079
1387890312.5,-20.87348
1387890468.75,-20.87926
1387890625.0,-20.88197
1387890781.25,-20.88464
1387890937.5,-20.88717
1387891093.75,-20.89167
1387891250.0,-20.89578
1387891406.25,-20.89677
1387891562.5,-20.90113
1387891718.75,-20.90727
1387891875.0,-20.9073
1387892031.25,-20.9118
1387892187.5,-20.91551
1387892343.75,-20.91949
1387892500.0,-20.92293
1387892656.25,-20.92226
1387892812.5,-20.9283
1387892968.75,-20.9331
1387893125.0,-20.93427
1387893281.25,-20.9386
1387893437.5,-20.94252
1387893593.75,-20.94655
1387893750.0,-20.94782
1387893906.25,-20.95369
1387894062.5,-20.95614
1387894218.75,-20.96038
1387894375.0,-20.96396
1387894531.25,-20.96621
1387894687.5,-20.96929
1387894843.75,-20.97146
1387895000.0,-20.97427
1387895156.25,-20.97787
1387895312.5,-20.98236
1387895468.75,-20.98568
1387895625.0,-20.98955
1387895781.25,-20.9924
1387895937.5,-20.99733
1387896093.75,-20.99936
1387896250.0,-21.00432
1387896406.25,-21.00652
1387896562.5,-21.00921
1387896718.75,-21.01283
1387896875.0,-21.01517
1387897031.25,-21.01985
1387897187.5,-21.02029
1387897343.75,-21.02583
1387897500.0,-21.02956
1387897656.25,-21.03337
1387897812.5,-21.03714
1387897968.75,-21.03928
1387898125.0,-21.04193
1387898281.25,-21.04605
1387898437.5,-21.04882
1387898593.75,-21.05427
1387898750.0,-21.0552
1387898906.25,-21.06007
1387899062.5,-21.06205
1387899218.75,-21.06691
1387899375.0,-21.06806
1387899531.25,-21.07184
1387899687.5,-21.0748
1387899843.75,-21.07867
1387900000.0,-21.08278
1387900156.25,-21.08881
1387900312.5,-21.08946
1387900468.75,-21.09251
1387900625.0,-21.09695
1387900781.25,-21.09823
1387900937.5,-21.10421
1387901093.75,-21.10508
1387901250.0,-21.10891
1387901406.25,-21.11246
1387901562.5,-21.11457
1387901718.75,-21.12074
1387901875.0,-21.12194
1387902031.25,-21.12736
1387902187.5,-21.12824
1387902343.75,-21.1325
1387902500.0,-21.1332
1387902656.25,-21.13987
1387902812.5,-21.14325
1387902968.75,-21.14514
1387903125.0,-21.14966
1387903281.25,-21.15075
1387903437.5,-21.15751
1387903593.75,-21.15784
1387903750.0,-21.16167
1387903906.25,-21.16661
1387904062.5,-21.16971
1387904218.75,-21.17218
1387904375.0,-21.17514
1387904531.25,-21.18109
1387904687.5,-21.18215
1387904843.75,-21.18525
1387905000.0,-21.18839
1387905156.25,-21.19068
1387905312.5,-21.19329
1387905468.75,-21.20012
1387905625.0,-21.19903
1387905781.25,-21.20443
1387905937.5,-21.20923
1387906093.75,-21.21139
1387906250.0,-21.2168
1387906406.25,-21.21926
1387906562.5,-21.22118
1387906718.75,-21.22449
1387906875.0,-21.22922
1387907031.25,-21.23225
1387907187.5,-21.23556
1387907343.75,-21.2382
1387907500.0,-21.24223
1387907656.25,-21.24448
1387907812.5,-21.24798
1387907968.75,-21.24984
1387908125.0,-21.25512
1387908281.25,-21.25661
1387908437.5,-21.25943
1387908593.75,-21.26425
1387908750.0,-21.26826
1387908906.25,-21.27112
1387909062.5,-21.27756
1387909218.75,-21.27754
1387909375.0,-21.28336
1387909531.25,-21.28486
1387909687.5,-21.28666
1387909843.75,-21.28906
1387910000.0,-21.29331
1387910156.25,-21.29669
1387910312.5,-21.30241
1387910468.75,-21.30303
1387910625.0,-21.30504
1387910781.25,-21.31118
1387910937.5,-21.31469
1387911093.75,-21.31671
1387911250.0,-21.31924
1387911406.25,-21.32366
1387911562.5,-21.32545
1387911718.75,-21.33062
1387911875.0,-21.33317
1387912031.25,-21.33467
1387912187.5,-21.33922
1387912343.75,-21.34379
1387912500.0,-21.34716
1387912656.25,-21.35
1387912812.5,-21.35036
1387912968.75,-21.35399
1387913125.0,-21.35756
1387913281.25,-21.36104
1387913437.5,-21.3646
1387913593.75,-21.36707
1387913750.0,-21.36985
1387913906.25,-21.37325
1387914062.5,-21.3794
1387914218.75,-21.38178
1387914375.0,-21.38511
1387914531.25,-21.38901
1387914687.5,-21.39127
1387914843.75,-21.39464
1387915000.0,-21.39809
1387915156.25,-21.40045
1387915312.5,-21.4041
1387915468.75,-21.40686
1387915625.0,-21.41025
1387915781.25,-21.41317
1387915937.5,-21.41619
1387916093.75,-21.41923
1387916250.0,-21.42594
1387916406.25,-21.42745
1387916562.5,-21.43
1387916718.75,-21.43395
1387916875.0,-21.43722
1387917031.25,-21.43984
1387917187.5,-21.44225
1387917343.75,-21.44597
1387917500.0,-21.44991
1387917656.25,-21.45266
1387917812.5,-21.45544
1387917968.75,-21.45806
1387918125.0,-21.46228
1387918281.25,-21.46457
1387918437.5,-21.46579
1387918593.75,-21.47022
1387918750.0,-21.47278
1387918906.25,-21.48219
1387919062.5,-21.48126
1387919218.75,-21.48273
1387919375.0,-21.48799
1387919531.25,-21.49117
1387919687.5,-21.49427
1387919843.75,-21.49596
1387920000.0,-21.49927
1387920156.25,-21.50493
1387920312.5,-21.50791
1387920468.75,-21.50895
1387920625.0,-21.51236
1387920781.25,-21.51592
1387920937.5,-21.51979
1387921093.75,-21.52393
1387921250.0,-21.52432
1387921406.25,-21.52692
1387921562.5,-21.5313
1387921718.75,-21.53575
1387921875.0,-21.5371
1387922031.25,-21.54089
1387922187.5,-21.54342
1387922343.75,-21.54823
1387922500.0,-21.5493
1387922656.25,-21.55365
1387922812.5,-21.55877
1387922968.75,-21.56083
1387923125.0,-21.56385
1387923281.25,-21.56778
1387923437.5,-21.56867
1387923593.75,-21.57347
1387923750.0,-21.57546
1387923906.25,-21.58105
1387924062.5,-21.58211
1387924218.75,-21.58399
1387924375.0,-21.58944
1387924531.25,-21.59282
1387924687.5,-21.59755
1387924843.75,-21.59718
1387925000.0,-21.60215
1387925156.25,-21.60483
1387925312.5,-21.60991
1387925468.75,-21.6103
1387925625.0,-21.61567
1387925781.25,-21.61913
1387925937.5,-21.62068
1387926093.75,-21.62401
1387926250.0,-21.62545
1387926406.25,-21.63007
1387926562.5,-21.63349
1387926718.75,-21.63666
1387926875.0,-21.64029
1387927031.25,-21.64499
1387927187.5,-21.64685
1387927343.75,-21.65229
1387927500.0,-21.65188
1387927656.25,-21.65567
1387927812.5,-21.65778
1387927968.75,-21.66237
1387928125.0,-21.6627
1387928281.25,-21.66795
1387928437.5,-21.67036
1387928593.75,-21.67636
1387928750.0,-21.67716
1387928906.25,-21.68244
1387929062.5,-21.6835
1387929218.75,-21.6866
1387929375.0,-21.68949
1387929531.25,-21.69407
1387929687.5,-21.69656
1387929843.75,-21.7004
1387930000.0,-21.70326
1387930156.25,-21.70522
1387930312.5,-21.70745
1387930468.75,-21.71232
1387930625.0,-21.71688
1387930781.25,-21.71841
1387930937.5,-21.72166
1387931093.75,-21.72671
1387931250.0,-21.72895
1387931406.25,-21.73155
1387931562.5,-21.73431
1387931718.75,-21.73646
1387931875.0,-21.74103
1387932031.25,-21.74116
1387932187.5,-21.74775
1387932343.75,-21.75049
1387932500.0,-21.75489
1387932656.25,-21.75622
1387932812.5,-21.75971
1387932968.75,-21.75926
1387933125.0,-21.76408
1387933281.25,-21.7681
1387933437.5,-21.77194
1387933593.75,-21.77303
1387933750.0,-21.77816
1387933906.25,-21.77915
1387934062.5,-21.78594
1387934218.75,-21.78596
1387934375.0,-21.78979
1387934531.25,-21.79313
1387934687.5,-21.7955
1387934843.75,-21.7982
1387935000.0,-21.80291
1387935156.25,-21.80468
1387935312.5,-21.81018
1387935468.75,-21.81221
1387935625.0,-21.81365
1387935781.25,-21.81785
1387935937.5,-21.82321
1387936093.75,-21.82548
1387936250.0,-21.82702
1387936406.25,-21.82913
1387936562.5,-21.83428
1387936718.75,-21.83462
1387936875.0,-21.83789
1387937031.25,-21.84295
1387937187.5,-21.84764
1387937343.75,-21.85014
1387937500.0,-21.85408
1387937656.25,-21.85461
1387937812.5,-21.85682
1387937968.75,-21.86122
1387938125.0,-21.86772
1387938281.25,-21.86608
1387938437.5,-21.86859
1387938593.75,-21.87266
1387938750.0,-21.87842
1387938906.25,-21.88051
1387939062.5,-21.88144
1387939218.75,-21.88693
1387939375.0,-21.88812
1387939531.25,-21.89135
1387939687.5,-21.89554
1387939843.75,-21.89957
1387940000.0,-21.90149
1387940156.25,-21.90368
1387940312.5,-21.90652
1387940468.75,-21.90939
1387940625.0,-21.91352
1387940781.25,-21.91533
1387940937.5,-21.91904
1387941093.75,-21.92466
1387941250.0,-21.92377
1387941406.25,-21.92841
1387941562.5,-21.9318
1387941718.75,-21.9358
1387941875.0,-21.93574
1387942031.25,-21.94024
1387942187.5,-21.94544
1387942343.75,-21.94704
1387942500.0,-21.94955
1387942656.25,-21.95416
1387942812.5,-21.95579
1387942968.75,-21.95804
1387943125.0,-21.96417
1387943281.25,-21.96671
1387943437.5,-21.96777
1387943593.75,-21.97128
1387943750.0,-21.97452
1387943906.25,-21.97714
1387944062.5,-21.98072
1387944218.75,-21.98501
1387944375.0,-21.98649
1387944531.25,-21.99019
1387944687.5,-21.99187
1387944843.75,-21.99416
1387945000.0,-22.00011
1387945156.25,-22.00176
1387945312.5,-22.00601
1387945468.75,-22.00946
1387945625.0,-22.00889
1387945781.25,-22.01255
1387945937.5,-22.01758
1387946093.75,-22.01856
1387946250.0,-22.02459
1387946406.25,-22.02598
1387946562.5,-22.03065
1387946718.75,-22.03398
1387946875.0,-22.03452
1387947031.25,-22.03857
1387947187.5,-22.04251
1387947343.75,-22.04516
1387947500.0,-22.04872
1387947656.25,-22.05104
1387947812.5,-22.05268
1387947968.75,-22.05528
1387948125.0,-22.05984
1387948281.25,-22.06155
1387948437.5,-22.06422
1387948593.75,-22.06812
1387948750.0,-22.07024
1387948906.25,-22.07603
1387949062.5,-22.07711
1387949218.75,-22.08183
1387949375.0,-22.08244
1387949531.25,-22.08628
1387949687.5,-22.08868
1387949843.75,-22.09532
1387950000.0,-22.09591
1387950156.25,-22.09743
1387950312.5,-22.10036
1387950468.75,-22.1042
1387950625.0,-22.10742
1387950781.25,-22.11291
1387950937.5,-22.11444
1387951093.75,-22.11833
1387951250.0,-22.1207
1387951406.25,-22.12278
1387951562.5,-22.12608
1387951718.75,-22.1275
1387951875.0,-22.13212
1387952031.25,-22.1347
1387952187.5,-22.13914
1387952343.75,-22.14032
1387952500.0,-22.14447
1387952656.25,-22.14842
1387952812.5,-22.14775
1387952968.75,-22.1529
1387953125.0,-22.15638
1387953281.25,-22.15661
1387953437.5,-22.16232
1387953593.75,-22.1648
1387953750.0,-22.16516
1387953906.25,-22.16816
1387954062.5,-22.17221
1387954218.75,-22.17634
1387954375.0,-22.17982
1387954531.25,-22.18198
1387954687.5,-22.18408
1387954843.75,-22.18961
1387955000.0,-22.19123
1387955156.25,-22.19478
1387955312.5,-22.19804
1387955468.75,-22.20199
1387955625.0,-22.20463
1387955781.25,-22.20625
1387955937.5,-22.20885
1387956093.75,-22.21191
1387956250.0,-22.2175
1387956406.25,-22.21811
1387956562.5,-22.21946
1387956718.75,-22.22305
1387956875.0,-22.22622
1387957031.25,-22.22809
1387957187.5,-22.23295
1387957343.75,-22.23677
1387957500.0,-22.24009
1387957656.25,-22.24396
1387957812.5,-22.24541
1387957968.75,-22.24802
1387958125.0,-22.24913
1387958281.25,-22.25423
1387958437.5,-22.25648
1387958593.75,-22.25926
1387958750.0,-22.26424
1387958906.25,-22.26565
1387959062.5,-22.26697
1387959218.75,-22.27124
1387959375.0,-22.27482
1387959531.25,-22.27763
1387959687.5,-22.27944
1387959843.75,-22.28135
1387960000.0,-22.28671
1387960156.25,-22.28776
1387960312.5,-22.29137
1387960468.75,-22.29491
1387960625.0,-22.29809
1387960781.25,-22.30206
1387960937.5,-22.30433
1387961093.75,-22.30711
1387961250.0,-22.30955
1387961406.25,-22.31272
1387961562.5,-22.3178
1387961718.75,-22.31647
1387961875.0,-22.3214
1387962031.25,-22.32498
1387962187.5,-22.32661
1387962343.75,-22.32967
1387962500.0,-22.33398
1387962656.25,-22.33536
1387962812.5,-22.33966
1387962968.75,-22.34289
1387963125.0,-22.34819
1387963281.25,-22.34879
1387963437.5,-22.3513
1387963593.75,-22.35822
1387963750.0,-22.35792
1387963906.25,-22.36057
1387964062.5,-22.36494
1387964218.75,-22.36775
1387964375.0,-22.36905
1387964531.25,-22.36986
1387964687.5,-22.37637
1387964843.75,-22.37615
1387965000.0,-22.38136
1387965156.25,-22.38376
1387965312.5,-22.3875
1387965468.75,-22.38833
1387965625.0,-22.39302
1387965781.25,-22.39576
1387965937.5,-22.39823
1387966093.75,-22.40094
1387966250.0,-22.40476
1387966406.25,-22.40545
1387966562.5,-22.4103
1387966718.75,-22.4121
1387966875.0,-22.4164
1387967031.25,-22.41795
1387967187.5,-22.42522
1387967343.75,-22.42652
1387967500.0,-22.428
1387967656.25,-22.43104
1387967812.5,-22.43246
1387967968.75,-22.43532
1387968125.0,-22.4397
1387968281.25,-22.44441
1387968437.5,-22.44415
1387968593.75,-22.45024
1387968750.0,-22.45125
1387968906.25,-22.45459
1387969062.5,-22.45497
1387969218.75,-22.46041
1387969375.0,-22.46067
1387969531.25,-22.46485
1387969687.5,-22.46792
1387969843.75,-22.47089
1387970000.0,-22.4724
1387970156.25,-22.47439
1387970312.5,-22.48018
1387970468.75,-22.48298
1387970625.0,-22.48546
1387970781.25,-22.48754
1387970937.5,-22.4931
1387971093.75,-22.49457
1387971250.0,-22.49641
1387971406.25,-22.49968
1387971562.5,-22.50138
1387971718.75,-22.50513
1387971875.0,-22.50837
1387972031.25,-22.51127
1387972187.5,-22.51486
1387972343.75,-22.51777
1387972500.0,-22.51927
1387972656.25,-22.52229
1387972812.5,-22.52521
1387972968.75,-22.52822
1387973125.0,-22.53183
1387973281.25,-22.53644
1387973437.5,-22.53956
1387973593.75,-22.53967
1387973750.0,-22.54239
1387973906.25,-22.54731
1387974062.5,-22.54859
1387974218.75,-22.54962
1387974375.0,-22.55441
1387974531.25,-22.55748
1387974687.5,-22.56283
1387974843.75,-22.56071
1387975000.0,-22.56479
1387975156.25,-22.56886
1387975312.5,-22.5694
1387975468.75,-22.57468
1387975625.0,-22.57786
1387975781.25,-22.58167
1387975937.5,-22.58176
1387976093.75,-22.58629
1387976250.0,-22.58742
1387976406.25,-22.59154
1387976562.5,-22.59539
1387976718.75,-22.59996
1387976875.0,-22.60072
1387977031.25,-22.60366
1387977187.5,-22.60343
1387977343.75,-22.60673
1387977500.0,-22.61232
1387977656.25,-22.61356
1387977812.5,-22.61648
1387977968.75,-22.61942
1387978125.0,-22.62455
1387978281.25,-22.62686
1387978437.5,-22.62873
1387978593.75,-22.63007
1387978750.0,-22.63513
1387978906.25,-22.63758
1387979062.5,-22.63977
1387979218.75,-22.64235
1387979375.0,-22.64515
1387979531.25,-22.6498
1387979687.5,-22.64973
1387979843.75,-22.65547
1387980000.0,-22.65682
1387980156.25,-22.6591
1387980312.5,-22.66533
1387980468.75,-22.66708
1387980625.0,-22.66925
1387980781.25,-22.66997
1387980937.5,-22.67474
1387981093.75,-22.67802
1387981250.0,-22.67996
1387981406.25,-22.68469
1387981562.5,-22.68657
1387981718.75,-22.6885
1387981875.0,-22.69209
1387982031.25,-22.69238
1387982187.5,-22.69766
1387982343.75,-22.69885
1387982500.0,-22.70425
1387982656.25,-22.70448
1387982812.5,-22.70968
1387982968.75,-22.70979
1387983125.0,-22.71481
1387983281.25,-22.71761
1387983437.5,-22.71813
1387983593.75,-22.72117
1387983750.0,-22.72615
1387983906.25,-22.72762
1387984062.5,-22.73133
1387984218.75,-22.73398
1387984375.0,-22.73619
1387984531.25,-22.73981
1387984687.5,-22.74213
1387984843.75,-22.74464
1387985000.0,-22.74874
1387985156.25,-22.75406
1387985312.5,-22.75587
1387985468.75,-22.758
1387985625.0,-22.75759
1387985781.25,-22.76159
1387985937.5,-22.76308
1387986093.75,-22.77015
1387986250.0,-22.7694
1387986406.25,-22.77125
1387986562.5,-22.77823
1387986718.75,-22.77667
1387986875.0,-22.78113
1387987031.25,-22.78615
1387987187.5,-22.78802
1387987343.75,-22.79003
1387987500.0,-22.79316
1387987656.25,-22.7945
1387987812.5,-22.7982
1387987968.75,-22.79994
1387988125.0,-22.8055
1387988281.25,-22.80471
1387988437.5,-22.81095
1387988593.75,-22.81364
1387988750.0,-22.81565
1387988906.25,-22.8177
1387989062.5,-22.81969
1387989218.75,-22.82353
1387989375.0,-22.82521
1387989531.25,-22.82703
1387989687.5,-22.83242
1387989843.75,-22.83378
1387990000.0,-22.83725
1387990156.25,-22.83953
1387990312.5,-22.84251
1387990468.75,-22.84462
1387990625.0,-22.84731
1387990781.25,-22.85153
1387990937.5,-22.85638
1387991093.75,-22.85779
1387991250.0,-22.85865
1387991406.25,-22.86344
1387991562.5,-22.86466
1387991718.75,-22.86775
1387991875.0,-22.87165
1387992031.25,-22.87316
1387992187.5,-22.87678
1387992343.75,-22.87759
1387992500.0,-22.88192
1387992656.25,-22.88459
1387992812.5,-22.88637
1387992968.75,-22.89144
1387993125.0,-22.89217
1387993281.25,-22.89842
1387993437.5,-22.89775
1387993593.75,-22.89983
1387993750.0,-22.90352
1387993906.25,-22.90531
1387994062.5,-22.90951
1387994218.75,-22.91372
1387994375.0,-22.91531
1387994531.25,-22.91959
1387994687.5,-22.92081
1387994843.75,-22.92308
1387995000.0,-22.92644
1387995156.25,-22.92878
1387995312.5,-22.93364
1387995468.75,-22.93448
1387995625.0,-22.94021
1387995781.25,-22.94216
1387995937.5,-22.94581
1387996093.75,-22.94458
1387996250.0,-22.94801
1387996406.25,-22.95088
1387996562.5,-22.95451
1387996718.75,-22.95687
1387996875.0,-22.96194
1387997031.25,-22.96381
1387997187.5,-22.96469
1387997343.75,-22.96941
1387997500.0,-22.96935
1387997656.25,-22.97403
1387997812.5,-22.97534
1387997968.75,-22.97947
1387998125.0,-22.98014
1387998281.25,-22.9846
1387998437.5,-22.98688
1387998593.75,-22.98906
1387998750.0,-22.99158
1387998906.25,-22.99669
1387999062.5,-22.99847
1387999218.75,-22.99992
1387999375.0,-23.00286
1387999531.25,-23.00808
1387999687.5,-23.00804
1387999843.75,-23.01444
1388000000.0,-23.01411
1388000156.25,-23.01763
1388000312.5,-23.01954
1388000468.75,-23.02318
1388000625.0,-23.02547
1388000781.25,-23.0272
1388000937.5,-23.0332
1388001093.75,-23.03464
1388001250.0,-23.0367
1388001406.25,-23.04095
1388001562.5,-23.0431
1388001718.75,-23.04606
1388001875.0,-23.04819
1388002031.25,-23.04963
1388002187.5,-23.05119
1388002343.75,-23.05412
1388002500.0,-23.06022
1388002656.25,-23.0605
1388002812.5,-23.06416
1388002968.75,-23.0657
1388003125.0,-23.06925
1388003281.25,-23.07148
1388003437.5,-23.07419
1388003593.75,-23.07709
1388003750.0,-23.07959
1388003906.25,-23.0855
1388004062.5,-23.08581
1388004218.75,-23.09109
1388004375.0,-23.09041
1388004531.25,-23.09334
1388004687.5,-23.09768
1388004843.75,-23.09925
1388005000.0,-23.10266
1388005156.25,-23.10495
1388005312.5,-23.10702
1388005468.75,-23.10841
1388005625.0,-23.11357
1388005781.25,-23.11514
1388005937.5,-23.11798
1388006093.75,-23.12147
1388006250.0,-23.12309
1388006406.25,-23.126
1388006562.5,-23.12736
1388006718.75,-23.13076
1388006875.0,-23.13683
1388007031.25,-23.13794
1388007187.5,-23.14174
1388007343.75,-23.14379
1388007500.0,-23.14542
1388007656.25,-23.14872
1388007812.5,-23.15098
1388007968.75,-23.15523
1388008125.0,-23.15316
1388008281.25,-23.1598
1388008437.5,-23.16076
1388008593.75,-23.16322
1388008750.0,-23.16469
1388008906.25,-23.17113
1388009062.5,-23.17381
1388009218.75,-23.17534
1388009375.0,-23.17829
1388009531.25,-23.18043
1388009687.5,-23.18566
1388009843.75,-23.18421
1388010000.0,-23.18923
1388010156.25,-23.18926
1388010312.5,-23.193
1388010468.75,-23.19651
1388010625.0,-23.19843
1388010781.25,-23.20238
1388010937.5,-23.20464
1388011093.75,-23.21034
1388011250.0,-23.21188
1388011406.25,-23.21179
1388011562.5,-23.21305
1388011718.75,-23.21711
1388011875.0,-23.22025
1388012031.25,-23.22209
1388012187.5,-23.22495
1388012343.75,-23.22652
1388012500.0,-23.23387
1388012656.25,-23.23446
1388012812.5,-23.23659
1388012968.75,-23.24014
1388013125.0,-23.2417
1388013281.25,-23.24501
1388013437.5,-23.24847
1388013593.75,-23.25123
1388013750.0,-23.25362
1388013906.25,-23.2546
1388014062.5,-23.2586
1388014218.75,-23.261
1388014375.0,-23.26525
1388014531.25,-23.26297
1388014687.5,-23.27039
1388014843.75,-23.271
1388015000.0,-23.27355
1388015156.25,-23.27729
1388015312.5,-23.28092
1388015468.75,-23.28136
1388015625.0,-23.28767
1388015781.25,-23.28547
1388015937.5,-23.29054
1388016093.75,-23.29
1388016250.0,-23.29588
1388016406.25,-23.29972
1388016562.5,-23.30068
1388016718.75,-23.30458
1388016875.0,-23.30435
1388017031.25,-23.30841
1388017187.5,-23.31287
1388017343.75,-23.31489
1388017500.0,-23.31578
1388017656.25,-23.32045
1388017812.5,-23.32293
1388017968.75,-23.32484
1388018125.0,-23.3275
1388018281.25,-23.32816
1388018437.5,-23.33199
1388018593.75,-23.33724
1388018750.0,-23.33861
1388018906.25,-23.34073
1388019062.5,-23.34402
1388019218.75,-23.34616
1388019375.0,-23.35035
1388019531.25,-23.34945
1388019687.5,-23.35307
1388019843.75,-23.35582
1388020000.0,-23.35898
1388020156.25,-23.36061
1388020312.5,-23.36638
1388020468.75,-23.36601
1388020625.0,-23.36796
1388020781.25,-23.37383
1388020937.5,-23.3742
1388021093.75,-23.37884
1388021250.0,-23.37954
1388021406.25,-23.3815
1388021562.5,-23.387
1388021718.75,-23.38829
1388021875.0,-23.39059
1388022031.25,-23.39145
1388022187.5,-23.39514
1388022343.75,-23.39612
1388022500.0,-23.40159
1388022656.25,-23.40438
1388022812.5,-23.40878
1388022968.75,-23.40931
1388023125.0,-23.4137
1388023281.25,-23.41331
1388023437.5,-23.4152
1388023593.75,-23.42111
1388023750.0,-23.42336
1388023906.25,-23.42665
1388024062.5,-23.42587
1388024218.75,-23.43013
1388024375.0,-23.43492
1388024531.25,-23.43589
1388024687.5,-23.43693
1388024843.75,-23.44008
1388025000.0,-23.44173
1388025156.25,-23.44365
1388025312.5,-23.44789
1388025468.75,-23.45198
1388025625.0,-23.45165
1388025781.25,-23.45776
1388025937.5,-23.45919
1388026093.75,-23.45971
1388026250.0,-23.46493
1388026406.25,-23.46761
1388026562.5,-23.469
1388026718.75,-23.47227
1388026875.0,-23.47629
1388027031.25,-23.47671
1388027187.5,-23.47974
1388027343.75,-23.48365
1388027500.0,-23.48299
1388027656.25,-23.48705
1388027812.5,-23.49026
1388027968.75,-23.49138
1388028125.0,-23.49591
1388028281.25,-23.50122
1388028437.5,-23.50051
1388028593.75,-23.50379
1388028750.0,-23.50833
1388028906.25,-23.51054
1388029062.5,-23.5112
1388029218.75,-23.51628
1388029375.0,-23.51721
1388029531.25,-23.51885
1388029687.5,-23.51983
1388029843.75,-23.52364
1388030000.0,-23.52596
1388030156.25,-23.52874
1388030312.5,-23.53004
1388030468.75,-23.53667
1388030625.0,-23.53514
1388030781.25,-23.54092
1388030937.5,-23.53898
1388031093.75,-23.54464
1388031250.0,-23.54766
1388031406.25,-23.55028
1388031562.5,-23.55482
1388031718.75,-23.55406
1388031875.0,-23.55699
1388032031.25,-23.56426
1388032187.5,-23.56411
1388032343.75,-23.56387
1388032500.0,-23.56901
1388032656.25,-23.57101
1388032812.5,-23.57168
1388032968.75,-23.57273
1388033125.0,-23.58066
1388033281.25,-23.5814
1388033437.5,-23.58485
1388033593.75,-23.58432
1388033750.0,-23.58905
1388033906.25,-23.59328
1388034062.5,-23.59138
1388034218.75,-23.59685
1388034375.0,-23.60003
1388034531.25,-23.60184
1388034687.5,-23.60461
1388034843.75,-23.60646
1388035000.0,-23.61105
1388035156.25,-23.61234
1388035312.5,-23.61603
1388035468.75,-23.61623
1388035625.0,-23.61783
1388035781.25,-23.62228
1388035937.5,-23.62689
1388036093.75,-23.62609
1388036250.0,-23.62997
1388036406.25,-23.63372
1388036562.5,-23.63788
1388036718.75,-23.6379
1388036875.0,-23.63971
1388037031.25,-23.64132
1388037187.5,-23.6448
1388037343.75,-23.64907
1388037500.0,-23.652
1388037656.25,-23.65299
1388037812.5,-23.65489
1388037968.75,-23.65587
1388038125.0,-23.65796
1388038281.25,-23.66474
1388038437.5,-23.66652
1388038593.75,-23.6687
1388038750.0,-23.67172
1388038906.25,-23.67467
1388039062.5,-23.6759
1388039218.75,-23.67952
1388039375.0,-23.6804
1388039531.25,-23.68465
1388039687.5,-23.68667
1388039843.75,-23.69058
1388040000.0,-23.6893
1388040156.25,-23.692
1388040312.5,-23.69837
1388040468.75,-23.70148
1388040625.0,-23.70141
1388040781.25,-23.7043
1388040937.5,-23.7044
1388041093.75,-23.71089
1388041250.0,-23.71094
1388041406.25,-23.71473
1388041562.5,-23.71409
1388041718.75,-23.71881
1388041875.0,-23.72191
1388042031.25,-23.72494
1388042187.5,-23.72564
1388042343.75,-23.72821
1388042500.0,-23.731
1388042656.25,-23.73449
1388042812.5,-23.73866
1388042968.75,-23.74006
1388043125.0,-23.7445
1388043281.25,-23.74514
1388043437.5,-23.74846
1388043593.75,-23.75147
1388043750.0,-23.75351
1388043906.25,-23.75484
1388044062.5,-23.75731
1388044218.75,-23.7592
1388044375.0,-23.76461
1388044531.25,-23.76447
1388044687.5,-23.76706
1388044843.75,-23.77086
1388045000.0,-23.77161
1388045156.25,-23.77606
1388045312.5,-23.77826
1388045468.75,-23.78102
1388045625.0,-23.78263
1388045781.25,-23.78263
1388045937.5,-23.79047
1388046093.75,-23.79276
1388046250.0,-23.79281
1388046406.25,-23.79179
1388046562.5,-23.79879
1388046718.75,-23.79976
1388046875.0,-23.80301
1388047031.25,-23.80552
1388047187.5,-23.80775
1388047343.75,-23.81005
1388047500.0,-23.81563
1388047656.25,-23.81759
1388047812.5,-23.81648
1388047968.75,-23.82007
1388048125.0,-23.82257
1388048281.25,-23.82596
1388048437.5,-23.82747
1388048593.75,-23.83297
1388048750.0,-23.83367
1388048906.25,-23.83559
1388049062.5,-23.83949
1388049218.75,-23.83801
1388049375.0,-23.84052
1388049531.25,-23.84573
1388049687.5,-23.84773
1388049843.75,-23.85504
1388050000.0,-23.85363
1388050156.25,-23.85408
1388050312.5,-23.85701
1388050468.75,-23.86194
1388050625.0,-23.86357
1388050781.25,-23.86431
1388050937.5,-23.8678
1388051093.75,-23.86858
1388051250.0,-23.87158
1388051406.25,-23.87515
1388051562.5,-23.87775
1388051718.75,-23.88146
1388051875.0,-23.88487
1388052031.25,-23.88608
1388052187.5,-23.88747
1388052343.75,-23.889
1388052500.0,-23.89492
1388052656.25,-23.89808
1388052812.5,-23.8985
1388052968.75,-23.89851
1388053125.0,-23.90306
1388053281.25,-23.90746
1388053437.5,-23.9085
1388053593.75,-23.91328
1388053750.0,-23.91526
1388053906.25,-23.91716
1388054062.5,-23.91839
1388054218.75,-23.92332
1388054375.0,-23.92181
1388054531.25,-23.92782
1388054687.5,-23.93183
1388054843.75,-23.93073
1388055000.0,-23.93111
1388055156.25,-23.93561
1388055312.5,-23.93806
1388055468.75,-23.94336
1388055625.0,-23.94418
1388055781.25,-23.9465
1388055937.5,-23.94703
1388056093.75,-23.94946
1388056250.0,-23.95086
1388056406.25,-23.95543
1388056562.5,-23.95615
1388056718.75,-23.96151
1388056875.0,-23.96432
1388057031.25,-23.96506
1388057187.5,-23.96918
1388057343.75,-23.97155
1388057500.0,-23.97589
1388057656.25,-23.97761
1388057812.5,-23.97619
1388057968.75,-23.98079
1388058125.0,-23.98322
1388058281.25,-23.98542
1388058437.5,-23.98629
1388058593.75,-23.99136
1388058750.0,-23.99364
1388058906.25,-23.99709
1388059062.5,-23.9992
1388059218.75,-23.99905
1388059375.0,-24.00399
1388059531.25,-24.00554
1388059687.5,-24.00437
1388059843.75,-24.01124
1388060000.0,-24.01413
1388060156.25,-24.01216
1388060312.5,-24.01648
1388060468.75,-24.02078
1388060625.0,-24.02188
1388060781.25,-24.02618
1388060937.5,-24.02759
1388061093.75,-24.02964
1388061250.0,-24.03197
1388061406.25,-24.03298
1388061562.5,-24.03765
1388061718.75,-24.04078
1388061875.0,-24.04322
1388062031.25,-24.04197
1388062187.5,-24.04585
1388062343.75,-24.05088
1388062500.0,-24.05412
1388062656.25,-24.05615
1388062812.5,-24.05609
1388062968.75,-24.06017
1388063125.0,-24.06378
1388063281.25,-24.06096
1388063437.5,-24.06091
1388063593.75,-24.06847
1388063750.0,-24.06897
1388063906.25,-24.07346
1388064062.5,-24.07314
1388064218.75,-24.07829
1388064375.0,-24.08019
1388064531.25,-24.0852
1388064687.5,-24.08798
1388064843.75,-24.08694
1388065000.0,-24.08898
1388065156.25,-24.09178
1388065312.5,-24.09587
1388065468.75,-24.10068
1388065625.0,-24.10061
1388065781.25,-24.10299
1388065937.5,-24.10393
1388066093.75,-24.11071
1388066250.0,-24.11316
1388066406.25,-24.11399
1388066562.5,-24.11837
1388066718.75,-24.11863
1388066875.0,-24.12009
1388067031.25,-24.1215
1388067187.5,-24.12507
1388067343.75,-24.12579
1388067500.0,-24.12852
1388067656.25,-24.13191
1388067812.5,-24.13237
1388067968.75,-24.13536
1388068125.0,-24.13814
1388068281.25,-24.14042
1388068437.5,-24.14426
1388068593.75,-24.14491
1388068750.0,-24.14868
1388068906.25,-24.1542
1388069062.5,-24.15412
1388069218.75,-24.15458
1388069375.0,-24.15996
1388069531.25,-24.16111
1388069687.5,-24.16637
1388069843.75,-24.16607
1388070000.0,-24.16782
1388070156.25,-24.16959
1388070312.5,-24.17439
1388070468.75,-24.17655
1388070625.0,-24.1796
1388070781.25,-24.18332
1388070937.5,-24.1845
1388071093.75,-24.18599
1388071250.0,-24.18762
1388071406.25,-24.19061
1388071562.5,-24.19625
1388071718.75,-24.19615
1388071875.0,-24.19798
1388072031.25,-24.20168
1388072187.5,-24.20211
1388072343.75,-24.20454
1388072500.0,-24.20744
1388072656.25,-24.21137
1388072812.5,-24.21086
1388072968.75,-24.21385
1388073125.0,-24.2149
1388073281.25,-24.22098
1388073437.5,-24.22252
1388073593.75,-24.22503
1388073750.0,-24.22463
1388073906.25,-24.22874
1388074062.5,-24.23152
1388074218.75,-24.23201
1388074375.0,-24.23621
1388074531.25,-24.23933
1388074687.5,-24.24104
1388074843.75,-24.24619
1388075000.0,-24.24695
1388075156.25,-24.24912
1388075312.5,-24.25005
1388075468.75,-24.25252
1388075625.0,-24.25513
1388075781.25,-24.25656
1388075937.5,-24.26051
1388076093.75,-24.2636
1388076250.0,-24.26428
1388076406.25,-24.26925
1388076562.5,-24.27105
1388076718.75,-24.27351
1388076875.0,-24.27564
1388077031.25,-24.27556
1388077187.5,-24.28273
1388077343.75,-24.28307
1388077500.0,-24.28684
1388077656.25,-24.28753
1388077812.5,-24.2884
1388077968.75,-24.29028
1388078125.0,-24.29826
1388078281.25,-24.2979
1388078437.5,-24.30167
1388078593.75,-24.30235
1388078750.0,-24.306
1388078906.25,-24.30614
1388079062.5,-24.30693
1388079218.75,-24.31113
1388079375.0,-24.31293
1388079531.25,-24.31501
1388079687.5,-24.31868
1388079843.75,-24.32149
1388080000.0,-24.32345
1388080156.25,-24.32753
1388080312.5,-24.32922
1388080468.75,-24.33017
1388080625.0,-24.33399
1388080781.25,-24.33329
1388080937.5,-24.337
1388081093.75,-24.33887
1388081250.0,-24.34364
1388081406.25,-24.34418
1388081562.5,-24.34616
1388081718.75,-24.35012
1388081875.0,-24.34895
1388082031.25,-24.35554
1388082187.5,-24.35811
1388082343.75,-24.3559
1388082500.0,-24.3588
1388082656.25,-24.36376
1388082812.5,-24.36583
1388082968.75,-24.36961
1388083125.0,-24.37352
1388083281.25,-24.37485
1388083437.5,-24.37798
1388083593.75,-24.37745
1388083750.0,-24.38014
1388083906.25,-24.38071
1388084062.5,-24.38596
1388084218.75,-24.38754
1388084375.0,-24.3896
1388084531.25,-24.39026
1388084687.5,-24.39683
1388084843.75,-24.39875
1388085000.0,-24.39629
1388085156.25,-24.40068
1388085312.5,-24.40517
1388085468.75,-24.40531
1388085625.0,-24.41048
1388085781.25,-24.41017
1388085937.5,-24.41121
1388086093.75,-24.41899
1388086250.0,-24.41921
1388086406.25,-24.41925
1388086562.5,-24.42196
1388086718.75,-24.42652
1388086875.0,-24.4312
1388087031.25,-24.43121
1388087187.5,-24.43127
1388087343.75,-24.43488
1388087500.0,-24.43681
1388087656.25,-24.4407
1388087812.5,-24.44263
1388087968.75,-24.44268
1388088125.0,-24.44542
1388088281.25,-24.44818
1388088437.5,-24.44995
1388088593.75,-24.4531
1388088750.0,-24.4551
1388088906.25,-24.45829
1388089062.5,-24.46037
1388089218.75,-24.46042
1388089375.0,-24.46353
1388089531.25,-24.46875
1388089687.5,-24.4689
1388089843.75,-24.47294
1388090000.0,-24.47354
1388090156.25,-24.47865
1388090312.5,-24.47893
1388090468.75,-24.48185
1388090625.0,-24.48342
1388090781.25,-24.48461
1388090937.5,-24.49133
1388091093.75,-24.49323
1388091250.0,-24.49145
1388091406.25,-24.49711
1388091562.5,-24.49821
1388091718.75,-24.50152
1388091875.0,-24.5015
1388092031.25,-24.50533
1388092187.5,-24.50957
1388092343.75,-24.51253
1388092500.0,-24.51502
1388092656.25,-24.51379
1388092812.5,-24.51836
1388092968.75,-24.51952
1388093125.0,-24.51896
1388093281.25,-24.52059
1388093437.5,-24.52717
1388093593.75,-24.52729
1388093750.0,-24.53131
1388093906.25,-24.53432
1388094062.5,-24.5347
1388094218.75,-24.53951
1388094375.0,-24.54131
1388094531.25,-24.54127
1388094687.5,-24.54616
1388094843.75,-24.54311
1388095000.0,-24.54761
1388095156.25,-24.54981
1388095312.5,-24.55722
1388095468.75,-24.55639
1388095625.0,-24.56024
1388095781.25,-24.56124
1388095937.5,-24.56449
1388096093.75,-24.5645
1388096250.0,-24.56935
1388096406.25,-24.56882
1388096562.5,-24.57191
1388096718.75,-24.5727
1388096875.0,-24.57916
1388097031.25,-24.58405
1388097187.5,-24.58279
1388097343.75,-24.58301
1388097500.0,-24.58571
1388097656.25,-24.58757
1388097812.5,-24.59256
1388097968.75,-24.59497
1388098125.0,-24.59537
1388098281.25,-24.59868
1388098437.5,-24.60003
1388098593.75,-24.60245
1388098750.0,-24.60367
1388098906.25,-24.60852
1388099062.5,-24.6114
1388099218.75,-24.61327
1388099375.0,-24.61039
1388099531.25,-24.61676
1388099687.5,-24.61769
1388099843.75,-24.622
1388100000.0,-24.62342
1388100156.25,-24.62599
1388100312.5,-24.62866
1388100468.75,-24.63054
1388100625.0,-24.63472
1388100781.25,-24.63682
1388100937.5,-24.63564
1388101093.75,-24.63927
1388101250.0,-24.64495
1388101406.25,-24.64421
1388101562.5,-24.64876
1388101718.75,-24.64932
1388101875.0,-24.65193
1388102031.25,-24.65483
1388102187.5,-24.65572
1388102343.75,-24.658
1388102500.0,-24.66176
1388102656.25,-24.66325
1388102812.5,-24.66401
1388102968.75,-24.67143
1388103125.0,-24.66563
1388103281.25,-24.67422
1388103437.5,-24.67672
1388103593.75,-24.67439
1388103750.0,-24.67682
1388103906.25,-24.68143
1388104062.5,-24.68419
1388104218.75,-24.68543
1388104375.0,-24.68813
1388104531.25,-24.68966
1388104687.5,-24.69302
1388104843.75,-24.69459
1388105000.0,-24.69647
1388105156.25,-24.69864
1388105312.5,-24.69995
1388105468.75,-24.70144
1388105625.0,-24.70847
1388105781.25,-24.70881
1388105937.5,-24.70954
1388106093.75,-24.71061
1388106250.0,-24.71766
1388106406.25,-24.71869
1388106562.5,-24.72034
1388106718.75,-24.72295
1388106875.0,-24.72504
1388107031.25,-24.72573
1388107187.5,-24.73034
1388107343.75,-24.73364
1388107500.0,-24.73139
1388107656.25,-24.73649
1388107812.5,-24.73872
1388107968.75,-24.74032
1388108125.0,-24.74311
1388108281.25,-24.74722
1388108437.5,-24.74548
1388108593.75,-24.75138
1388108750.0,-24.75595
1388108906.25,-24.75354
1388109062.5,-24.75355
1388109218.75,-24.76056
1388109375.0,-24.76099
1388109531.25,-24.76488
1388109687.5,-24.76629
1388109843.75,-24.77037
1388110000.0,-24.76855
1388110156.25,-24.77021
1388110312.5,-24.77326
1388110468.75,-24.77571
1388110625.0,-24.77942
1388110781.25,-24.78086
1388110937.5,-24.7846
1388111093.75,-24.78795
1388111250.0,-24.78807
1388111406.25,-24.79148
1388111562.5,-24.79135
1388111718.75,-24.79349
1388111875.0,-24.79644
1388112031.25,-24.79955
1388112187.5,-24.80196
1388112343.75,-24.80471
1388112500.0,-24.80453
1388112656.25,-24.80952
1388112812.5,-24.81261
1388112968.75,-24.81501
1388113125.0,-24.81404
1388113281.25,-24.81786
1388113437.5,-24.81928
1388113593.75,-24.82232
1388113750.0,-24.82284
1388113906.25,-24.82635
1388114062.5,-24.82808
1388114218.75,-24.82949
1388114375.0,-24.83345
1388114531.25,-24.83569
1388114687.5,-24.8373
1388114843.75,-24.84134
1388115000.0,-24.83904
1388115156.25,-24.84476
1388115312.5,-24.84928
1388115468.75,-24.84862
1388115625.0,-24.85042
1388115781.25,-24.85264
1388115937.5,-24.85756
1388116093.75,-24.85639
1388116250.0,-24.86112
1388116406.25,-24.86484
1388116562.5,-24.86527
1388116718.75,-24.86633
1388116875.0,-24.86649
1388117031.25,-24.87244
1388117187.5,-24.87457
1388117343.75,-24.87793
1388117500.0,-24.87996
1388117656.25,-24.87851
1388117812.5,-24.88821
1388117968.75,-24.88419
1388118125.0,-24.88507
1388118281.25,-24.88818
1388118437.5,-24.89104
1388118593.75,-24.89459
1388118750.0,-24.8976
1388118906.25,-24.90016
1388119062.5,-24.90224
1388119218.75,-24.90343
1388119375.0,-24.90585
1388119531.25,-24.90764
1388119687.5,-24.9119
1388119843.75,-24.91241
1388120000.0,-24.91359
1388120156.25,-24.91993
1388120312.5,-24.91913
1388120468.75,-24.92114
1388120625.0,-24.92428
1388120781.25,-24.92773
1388120937.5,-24.93173
1388121093.75,-24.93249
1388121250.0,-24.93221
1388121406.25,-24.93494
1388121562.5,-24.93777
1388121718.75,-24.93857
1388121875.0,-24.94049
1388122031.25,-24.94378
1388122187.5,-24.94485
1388122343.75,-24.94849
1388122500.0,-24.95043
1388122656.25,-24.95377
1388122812.5,-24.95668
1388122968.75,-24.95592
1388123125.0,-24.96027
1388123281.25,-24.96338
1388123437.5,-24.96144
1388123593.75,-24.96594
1388123750.0,-24.96803
1388123906.25,-24.97178
1388124062.5,-24.9711
1388124218.75,-24.97706
1388124375.0,-24.97611
1388124531.25,-24.9786
1388124687.5,-24.98355
1388124843.75,-24.98473
1388125000.0,-24.98697
1388125156.25,-24.9895
1388125312.5,-24.98977
1388125468.75,-24.99355
1388125625.0,-24.99248
1388125781.25,-24.99688
1388125937.5,-25.00098
1388126093.75,-25.00265
1388126250.0,-25.00102
1388126406.25,-25.0054
1388126562.5,-25.01125
1388126718.75,-25.00945
1388126875.0,-25.0126
1388127031.25,-25.01443
1388127187.5,-25.01997
1388127343.75,-25.01941
1388127500.0,-25.01938
1388127656.25,-25.02124
1388127812.5,-25.02532
1388127968.75,-25.03075
1388128125.0,-25.03183
1388128281.25,-25.03396
1388128437.5,-25.03396
1388128593.75,-25.03467
1388128750.0,-25.03901
1388128906.25,-25.04091
1388129062.5,-25.04565
1388129218.75,-25.04479
1388129375.0,-25.04844
1388129531.25,-25.04894
1388129687.5,-25.05235
1388129843.75,-25.0518
1388130000.0,-25.05832
1388130156.25,-25.06057
1388130312.5,-25.05992
1388130468.75,-25.06375
1388130625.0,-25.06567
1388130781.25,-25.07116
1388130937.5,-25.06813
1388131093.75,-25.07293
1388131250.0,-25.07453
1388131406.25,-25.07659
1388131562.5,-25.0784
1388131718.75,-25.0838
1388131875.0,-25.08406
1388132031.25,-25.08414
1388132187.5,-25.08515
1388132343.75,-25.09137
1388132500.0,-25.08986
1388132656.25,-25.09286
1388132812.5,-25.09368
1388132968.75,-25.09864
1388133125.0,-25.10102
1388133281.25,-25.10158
1388133437.5,-25.10471
1388133593.75,-25.10813
1388133750.0,-25.1073
1388133906.25,-25.1133
1388134062.5,-25.11296
1388134218.75,-25.11728
1388134375.0,-25.1183
1388134531.25,-25.12245
1388134687.5,-25.12406
1388134843.75,-25.12434
1388135000.0,-25.1264
1388135156.25,-25.12892
1388135312.5,-25.1313
1388135468.75,-25.13155
1388135625.0,-25.1371
1388135781.25,-25.13659
1388135937.5,-25.14039
1388136093.75,-25.14126
1388136250.0,-25.14541
1388136406.25,-25.14273
1388136562.5,-25.14782
1388136718.75,-25.14919
1388136875.0,-25.15649
1388137031.25,-25.15545
1388137187.5,-25.15807
1388137343.75,-25.16179
1388137500.0,-25.16186
1388137656.25,-25.16688
1388137812.5,-25.16817
1388137968.75,-25.17128
1388138125.0,-25.1681
1388138281.25,-25.17347
1388138437.5,-25.17661
1388138593.75,-25.17741
1388138750.0,-25.17885
1388138906.25,-25.1826
1388139062.5,-25.18653
1388139218.75,-25.18646
1388139375.0,-25.19073
1388139531.25,-25.1913
1388139687.5,-25.19019
1388139843.75,-25.19283
1388140000.0,-25.1995
1388140156.25,-25.19676
1388140312.5,-25.20239
1388140468.75,-25.20552
1388140625.0,-25.20554
1388140781.25,-25.20624
1388140937.5,-25.21162
1388141093.75,-25.21061
1388141250.0,-25.21653
1388141406.25,-25.21664
1388141562.5,-25.21883
1388141718.75,-25.22228
1388141875.0,-25.2256
1388142031.25,-25.22529
1388142187.5,-25.22445
1388142343.75,-25.2315
1388142500.0,-25.23114
1388142656.25,-25.23492
1388142812.5,-25.23476
1388142968.75,-25.23881
1388143125.0,-25.23834
1388143281.25,-25.23985
1388143437.5,-25.24226
1388143593.75,-25.24708
1388143750.0,-25.24837
1388143906.25,-25.25033
1388144062.5,-25.25177
1388144218.75,-25.25433
1388144375.0,-25.25531
1388144531.25,-25.25683
1388144687.5,-25.26163
1388144843.75,-25.26279
1388145000.0,-25.2663
1388145156.25,-25.2686
1388145312.5,-25.27231
1388145468.75,-25.2772
1388145625.0,-25.27679
1388145781.25,-25.27627
1388145937.5,-25.27611
1388146093.75,-25.27914
1388146250.0,-25.28379
1388146406.25,-25.28491
1388146562.5,-25.28696
1388146718.75,-25.29105
1388146875.0,-25.29421
1388147031.25,-25.2939
1388147187.5,-25.2982
1388147343.75,-25.30153
1388147500.0,-25.2991
1388147656.25,-25.30083
1388147812.5,-25.30668
1388147968.75,-25.30385
1388148125.0,-25.30755
1388148281.25,-25.31203
1388148437.5,-25.31392
1388148593.75,-25.31493
1388148750.0,-25.31663
1388148906.25,-25.31913
1388149062.5,-25.31877
1388149218.75,-25.322
1388149375.0,-25.32699
1388149531.25,-25.33105
1388149687.5,-25.33281
1388149843.75,-25.33332
1388150000.0,-25.33477
1388150156.25,-25.33409
1388150312.5,-25.33791
1388150468.75,-25.3425
1388150625.0,-25.34086
1388150781.25,-25.34559
1388150937.5,-25.3492
1388151093.75,-25.34925
1388151250.0,-25.35315
1388151406.25,-25.35236
1388151562.5,-25.35699
1388151718.75,-25.3598
1388151875.0,-25.362
1388152031.25,-25.36471
1388152187.5,-25.36294
1388152343.75,-25.36764
1388152500.0,-25.36814
1388152656.25,-25.37003
1388152812.5,-25.37494
1388152968.75,-25.37332
1388153125.0,-25.37635
1388153281.25,-25.37748
1388153437.5,-25.38384
1388153593.75,-25.38502
1388153750.0,-25.38705
1388153906.25,-25.38661
1388154062.5,-25.39326
1388154218.75,-25.39087
1388154375.0,-25.39618
1388154531.25,-25.40037
1388154687.5,-25.39906
1388154843.75,-25.39852
1388155000.0,-25.40347
1388155156.25,-25.40566
1388155312.5,-25.40806
1388155468.75,-25.40813
1388155625.0,-25.41197
1388155781.25,-25.41423
1388155937.5,-25.41746
1388156093.75,-25.4171
1388156250.0,-25.42152
1388156406.25,-25.42124
1388156562.5,-25.42528
1388156718.75,-25.42538
1388156875.0,-25.42865
1388157031.25,-25.43266
1388157187.5,-25.43212
1388157343.75,-25.43497
1388157500.0,-25.43567
1388157656.25,-25.44163
1388157812.5,-25.44116
1388157968.75,-25.44371
1388158125.0,-25.44033
1388158281.25,-25.4482
1388158437.5,-25.45034
1388158593.75,-25.45119
1388158750.0,-25.44961
1388158906.25,-25.45473
1388159062.5,-25.45885
1388159218.75,-25.45915
1388159375.0,-25.46033
1388159531.25,-25.46442
1388159687.5,-25.4677
1388159843.75,-25.46985
1388160000.0,-25.47017
1388160156.25,-25.47048
1388160312.5,-25.47582
1388160468.75,-25.47588
1388160625.0,-25.48046
1388160781.25,-25.48103
1388160937.5,-25.47886
1388161093.75,-25.48311
1388161250.0,-25.48283
1388161406.25,-25.48715
1388161562.5,-25.48984
1388161718.75,-25.49323
1388161875.0,-25.49508
1388162031.25,-25.49945
1388162187.5,-25.50337
1388162343.75,-25.50358
1388162500.0,-25.5051
1388162656.25,-25.50886
1388162812.5,-25.50856
1388162968.75,-25.51442
1388163125.0,-25.51166
1388163281.25,-25.51709
1388163437.5,-25.51882
1388163593.75,-25.51747
1388163750.0,-25.51744
1388163906.25,-25.52365
1388164062.5,-25.52419
1388164218.75,-25.5289
1388164375.0,-25.52804
1388164531.25,-25.53538
1388164687.5,-25.53502
1388164843.75,-25.538
1388165000.0,-25.53749
1388165156.25,-25.54171
1388165312.5,-25.54324
1388165468.75,-25.54351
1388165625.0,-25.54462
1388165781.25,-25.54645
1388165937.5,-25.54988
1388166093.75,-25.55461
1388166250.0,-25.55413
1388166406.25,-25.5578
1388166562.5,-25.55815
1388166718.75,-25.56101
1388166875.0,-25.56375
1388167031.25,-25.56457
1388167187.5,-25.56739
1388167343.75,-25.56995
1388167500.0,-25.57129
1388167656.25,-25.5742
1388167812.5,-25.57583
1388167968.75,-25.57707
1388168125.0,-25.58252
1388168281.25,-25.57967
1388168437.5,-25.58232
1388168593.75,-25.58782
1388168750.0,-25.58978
1388168906.25,-25.58939
1388169062.5,-25.59002
1388169218.75,-25.59529
1388169375.0,-25.59882
1388169531.25,-25.59775
1388169687.5,-25.60303
1388169843.75,-25.60042
1388170000.0,-25.60383
1388170156.25,-25.609
1388170312.5,-25.60786
1388170468.75,-25.61099
1388170625.0,-25.61399
1388170781.25,-25.61519
1388170937.5,-25.61752
1388171093.75,-25.61825
1388171250.0,-25.62007
1388171406.25,-25.62335
1388171562.5,-25.62561
1388171718.75,-25.62805
1388171875.0,-25.62587
1388172031.25,-25.63082
1388172187.5,-25.634
1388172343.75,-25.6381
1388172500.0,-25.63836
1388172656.25,-25.64297
1388172812.5,-25.64353
1388172968.75,-25.64306
1388173125.0,-25.64491
1388173281.25,-25.64897
1388173437.5,-25.64979
1388173593.75,-25.65284
1388173750.0,-25.65545
1388173906.25,-25.65623
1388174062.5,-25.65973
1388174218.75,-25.66104
1388174375.0,-25.65922
1388174531.25,-25.66231
1388174687.5,-25.66883
1388174843.75,-25.66809
1388175000.0,-25.67087
1388175156.25,-25.6679
1388175312.5,-25.6758
1388175468.75,-25.67922
1388175625.0,-25.681
1388175781.25,-25.67923
1388175937.5,-25.68282
1388176093.75,-25.68601
1388176250.0,-25.68896
1388176406.25,-25.68806
1388176562.5,-25.69328
1388176718.75,-25.69343
1388176875.0,-25.69518
1388177031.25,-25.69682
1388177187.5,-25.69843
1388177343.75,-25.70288
1388177500.0,-25.70502
1388177656.25,-25.70368
1388177812.5,-25.71025
1388177968.75,-25.71354
1388178125.0,-25.71479
1388178281.25,-25.71499
1388178437.5,-25.71748
1388178593.75,-25.71761
1388178750.0,-25.72101
1388178906.25,-25.72165
1388179062.5,-25.72781
1388179218.75,-25.72497
1388179375.0,-25.7288
1388179531.25,-25.72966
1388179687.5,-25.73444
1388179843.75,-25.73578
1388180000.0,-25.73894
1388180156.25,-25.73956
1388180312.5,-25.74072
1388180468.75,-25.74506
1388180625.0,-25.74472
1388180781.25,-25.74596
1388180937.5,-25.75019
1388181093.75,-25.74914
1388181250.0,-25.75088
1388181406.25,-25.75557
1388181562.5,-25.7585
1388181718.75,-25.7597
1388181875.0,-25.76
1388182031.25,-25.76277
1388182187.5,-25.7639
1388182343.75,-25.76694
1388182500.0,-25.77055
1388182656.25,-25.76995
1388182812.5,-25.77322
1388182968.75,-25.77596
1388183125.0,-25.77573
1388183281.25,-25.77927
1388183437.5,-25.78146
1388183593.75,-25.7843
1388183750.0,-25.78869
1388183906.25,-25.7843
1388184062.5,-25.79082
1388184218.75,-25.79123
1388184375.0,-25.79409
1388184531.25,-25.79626
1388184687.5,-25.79707
1388184843.75,-25.8013
1388185000.0,-25.80074
1388185156.25,-25.79894
1388185312.5,-25.80537
1388185468.75,-25.80893
1388185625.0,-25.80951
1388185781.25,-25.81519
1388185937.5,-25.81438
1388186093.75,-25.81848
1388186250.0,-25.81766
1388186406.25,-25.82154
1388186562.5,-25.82087
1388186718.75,-25.82595
1388186875.0,-25.82351
1388187031.25,-25.82967
1388187187.5,-25.82969
1388187343.75,-25.82857
1388187500.0,-25.83771
1388187656.25,-25.83691
1388187812.5,-25.83764
1388187968.75,-25.83953
1388188125.0,-25.84518
1388188281.25,-25.84566
1388188437.5,-25.84738
1388188593.75,-25.84941
1388188750.0,-25.84973
1388188906.25,-25.85287
1388189062.5,-25.85008
1388189218.75,-25.85737
1388189375.0,-25.86196
1388189531.25,-25.85787
1388189687.5,-25.86286
1388189843.75,-25.86293
1388190000.0,-25.86887
1388190156.25,-25.86862
1388190312.5,-25.86795
1388190468.75,-25.87336
1388190625.0,-25.87147
1388190781.25,-25.87723
1388190937.5,-25.87293
1388191093.75,-25.88159
1388191250.0,-25.88127
1388191406.25,-25.8851
1388191562.5,-25.88848
1388191718.75,-25.88593
1388191875.0,-25.89119
1388192031.25,-25.89463
1388192187.5,-25.89471
1388192343.75,-25.90043
1388192500.0,-25.89585
1388192656.25,-25.90343
1388192812.5,-25.90413
1388192968.75,-25.90334
1388193125.0,-25.9064
1388193281.25,-25.90701
1388193437.5,-25.90872
1388193593.75,-25.91322
1388193750.0,-25.91407
1388193906.25,-25.91292
1388194062.5,-25.9187
1388194218.75,-25.91629
1388194375.0,-25.92336
1388194531.25,-25.9213
1388194687.5,-25.92635
1388194843.75,-25.92776
1388195000.0,-25.92779
1388195156.25,-25.93072
1388195312.5,-25.93379
1388195468.75,-25.93481
1388195625.0,-25.93931
1388195781.25,-25.94253
1388195937.5,-25.94272
1388196093.75,-25.94736
1388196250.0,-25.94757
1388196406.25,-25.95087
1388196562.5,-25.95314
1388196718.75,-25.95338
1388196875.0,-25.95461
1388197031.25,-25.95494
1388197187.5,-25.95562
1388197343.75,-25.96202
1388197500.0,-25.96155
1388197656.25,-25.96261
1388197812.5,-25.96743
1388197968.75,-25.97316
1388198125.0,-25.973
1388198281.25,-25.97207
1388198437.5,-25.97396
1388198593.75,-25.97773
1388198750.0,-25.97859
1388198906.25,-25.98128
1388199062.5,-25.97712
1388199218.75,-25.98232
1388199375.0,-25.98618
1388199531.25,-25.98994
1388199687.5,-25.99108
1388199843.75,-25.99387
1388200000.0,-25.99193
1388200156.25,-25.99645
1388200312.5,-25.99504
1388200468.75,-26.00066
1388200625.0,-26.00429
1388200781.25,-26.00461
1388200937.5,-26.00439
1388201093.75,-26.00786
1388201250.0,-26.0097
1388201406.25,-26.00703
1388201562.5,-26.01477
1388201718.75,-26.0165
1388201875.0,-26.01695
1388202031.25,-26.02378
1388202187.5,-26.02482
1388202343.75,-26.02285
1388202500.0,-26.02668
1388202656.25,-26.027
1388202812.5,-26.03422
1388202968.75,-26.03005
1388203125.0,-26.03351
1388203281.25,-26.0353
1388203437.5,-26.03826
1388203593.75,-26.04422
1388203750.0,-26.04514
1388203906.25,-26.04237
1388204062.5,-26.04667
1388204218.75,-26.05096
1388204375.0,-26.0499
1388204531.25,-26.05634
1388204687.5,-26.05548
1388204843.75,-26.05458
1388205000.0,-26.06167
1388205156.25,-26.06154
1388205312.5,-26.06262
1388205468.75,-26.0662
1388205625.0,-26.06755
1388205781.25,-26.0691
1388205937.5,-26.07089
1388206093.75,-26.07158
1388206250.0,-26.07362
1388206406.25,-26.07488
1388206562.5,-26.08088
1388206718.75,-26.0764
1388206875.0,-26.08151
1388207031.25,-26.08458
1388207187.5,-26.08718
1388207343.75,-26.09011
1388207500.0,-26.09082
1388207656.25,-26.09066
1388207812.5,-26.09692
1388207968.75,-26.09579
1388208125.0,-26.09664
1388208281.25,-26.09918
1388208437.5,-26.10401
1388208593.75,-26.10104
1388208750.0,-26.10689
1388208906.25,-26.10843
1388209062.5,-26.10895
1388209218.75,-26.11118
1388209375.0,-26.1119
1388209531.25,-26.11485
1388209687.5,-26.11568
1388209843.75,-26.12036
1388210000.0,-26.12073
1388210156.25,-26.12378
1388210312.5,-26.12582
1388210468.75,-26.12597
1388210625.0,-26.13376
1388210781.25,-26.13419
1388210937.5,-26.13507
1388211093.75,-26.1349
1388211250.0,-26.1387
1388211406.25,-26.13938
1388211562.5,-26.13959
1388211718.75,-26.14547
1388211875.0,-26.14681
1388212031.25,-26.1446
1388212187.5,-26.14925
1388212343.75,-26.15153
1388212500.0,-26.14819
1388212656.25,-26.15735
1388212812.5,-26.15499
1388212968.75,-26.1573
1388213125.0,-26.16185
1388213281.25,-26.16294
1388213437.5,-26.16331
1388213593.75,-26.16893
1388213750.0,-26.16921
1388213906.25,-26.16772
1388214062.5,-26.17748
1388214218.75,-26.17355
1388214375.0,-26.17743
1388214531.25,-26.17932
1388214687.5,-26.17649
1388214843.75,-26.18055
1388215000.0,-26.18236
1388215156.25,-26.18276
1388215312.5,-26.18962
1388215468.75,-26.18676
1388215625.0,-26.19409
1388215781.25,-26.19419
1388215937.5,-26.19664
1388216093.75,-26.1998
1388216250.0,-26.19612
1388216406.25,-26.20297
1388216562.5,-26.19913
1388216718.75,-26.20515
1388216875.0,-26.20647
1388217031.25,-26.21054
1388217187.5,-26.21088
1388217343.75,-26.21437
1388217500.0,-26.21858
1388217656.25,-26.21766
1388217812.5,-26.22021
1388217968.75,-26.2227
1388218125.0,-26.22466
1388218281.25,-26.22536
1388218437.5,-26.22907
1388218593.75,-26.22758
1388218750.0,-26.22842
1388218906.25,-26.232
1388219062.5,-26.23349
1388219218.75,-26.23591
1388219375.0,-26.23937
1388219531.25,-26.24094
1388219687.5,-26.2412
1388219843.75,-26.24143
1388220000.0,-26.24397
1388220156.25,-26.24803
1388220312.5,-26.25326
1388220468.75,-26.24865
1388220625.0,-26.25636
1388220781.25,-26.25548
1388220937.5,-26.25836
1388221093.75,-26.25913
1388221250.0,-26.26085
1388221406.25,-26.2625
1388221562.5,-26.26608
1388221718.75,-26.26783
1388221875.0,-26.26812
1388222031.25,-26.26866
1388222187.5,-26.27179
1388222343.75,-26.27607
1388222500.0,-26.27732
1388222656.25,-26.27949
1388222812.5,-26.28196
1388222968.75,-26.27919
1388223125.0,-26.28408
1388223281.25,-26.28278
1388223437.5,-26.28823
1388223593.75,-26.28994
1388223750.0,-26.29036
1388223906.25,-26.29658
1388224062.5,-26.29478
1388224218.75,-26.29763
1388224375.0,-26.30104
1388224531.25,-26.3009
1388224687.5,-26.30582
1388224843.75,-26.30686
1388225000.0,-26.30778
1388225156.25,-26.30992
1388225312.5,-26.31463
1388225468.75,-26.31396
1388225625.0,-26.31287
1388225781.25,-26.32061
1388225937.5,-26.32166
1388226093.75,-26.31996
1388226250.0,-26.32319
1388226406.25,-26.32439
1388226562.5,-26.32951
1388226718.75,-26.32384
1388226875.0,-26.33402
1388227031.25,-26.32877
1388227187.5,-26.33356
1388227343.75,-26.33509
1388227500.0,-26.33641
1388227656.25,-26.33885
1388227812.5,-26.34276
1388227968.75,-26.34138
1388228125.0,-26.3488
1388228281.25,-26.3496
1388228437.5,-26.35195
1388228593.75,-26.35108
1388228750.0,-26.35338
1388228906.25,-26.35822
1388229062.5,-26.35681
1388229218.75,-26.35888
1388229375.0,-26.3642
1388229531.25,-26.36174
1388229687.5,-26.36913
1388229843.75,-26.36613
1388230000.0,-26.37197
1388230156.25,-26.36911
1388230312.5,-26.37479
1388230468.75,-26.37501
1388230625.0,-26.37455
1388230781.25,-26.37883
1388230937.5,-26.37824
1388231093.75,-26.38069
1388231250.0,-26.38738
1388231406.25,-26.38518
1388231562.5,-26.39141
1388231718.75,-26.38895
1388231875.0,-26.39252
1388232031.25,-26.39623
1388232187.5,-26.39614
1388232343.75,-26.39841
1388232500.0,-26.3996
1388232656.25,-26.40493
1388232812.5,-26.40026
1388232968.75,-26.40443
1388233125.0,-26.40746
1388233281.25,-26.40923
1388233437.5,-26.41157
1388233593.75,-26.41222
1388233750.0,-26.415
1388233906.25,-26.41401
1388234062.5,-26.41853
1388234218.75,-26.42078
1388234375.0,-26.42068
1388234531.25,-26.42308
1388234687.5,-26.42739
1388234843.75,-26.42909
1388235000.0,-26.43073
1388235156.25,-26.42888
1388235312.5,-26.43485
1388235468.75,-26.43416
1388235625.0,-26.4351
1388235781.25,-26.44019
1388235937.5,-26.43913
1388236093.75,-26.44549
1388236250.0,-26.44732
1388236406.25,-26.44498
1388236562.5,-26.44926
1388236718.75,-26.44782
1388236875.0,-26.45099
1388237031.25,-26.45574
1388237187.5,-26.45557
1388237343.75,-26.45981
1388237500.0,-26.46092
1388237656.25,-26.46217
1388237812.5,-26.45952
1388237968.75,-26.46772
1388238125.0,-26.46742
1388238281.25,-26.4676
1388238437.5,-26.47158
1388238593.75,-26.47425
1388238750.0,-26.47589
1388238906.25,-26.47468
1388239062.5,-26.47974
1388239218.75,-26.48021
1388239375.0,-26.48289
1388239531.25,-26.48336
1388239687.5,-26.48443
1388239843.75,-26.49069
1388240000.0,-26.49158
1388240156.25,-26.49343
1388240312.5,-26.49122
1388240468.75,-26.49794
1388240625.0,-26.4957
1388240781.25,-26.50189
1388240937.5,-26.50063
1388241093.75,-26.50493
1388241250.0,-26.50392
1388241406.25,-26.5063
1388241562.5,-26.50535
1388241718.75,-26.51136
1388241875.0,-26.51423
1388242031.25,-26.51349
1388242187.5,-26.51293
1388242343.75,-26.51661
1388242500.0,-26.52046
1388242656.25,-26.52248
1388242812.5,-26.52672
1388242968.75,-26.52525
1388243125.0,-26.52757
1388243281.25,-26.52982
1388243437.5,-26.53475
1388243593.75,-26.53418
1388243750.0,-26.53359
1388243906.25,-26.53482
1388244062.5,-26.53996
1388244218.75,-26.54145
1388244375.0,-26.54207
1388244531.25,-26.54679
1388244687.5,-26.54473
1388244843.75,-26.5456
1388245000.0,-26.54761
1388245156.25,-26.55794
1388245312.5,-26.55392
1388245468.75,-26.55151
1388245625.0,-26.56244
1388245781.25,-26.56094
1388245937.5,-26.56106
1388246093.75,-26.56179
1388246250.0,-26.56366
1388246406.25,-26.5664
1388246562.5,-26.56713
1388246718.75,-26.57167
1388246875.0,-26.56991
1388247031.25,-26.5761
1388247187.5,-26.57652
1388247343.75,-26.57859
1388247500.0,-26.57838
1388247656.25,-26.58027
1388247812.5,-26.5837
1388247968.75,-26.58491
1388248125.0,-26.589
1388248281.25,-26.58975
1388248437.5,-26.59035
1388248593.75,-26.59239
1388248750.0,-26.59543
1388248906.25,-26.5937
1388249062.5,-26.60402
1388249218.75,-26.59917
1388249375.0,-26.60623
1388249531.25,-26.60795
1388249687.5,-26.6063
1388249843.75,-26.60834
1388250000.0,-26.60972
1388250156.25,-26.61491
1388250312.5,-26.61372
1388250468.75,-26.61298
1388250625.0,-26.6177
1388250781.25,-26.6212
1388250937.5,-26.62034
1388251093.75,-26.62441
1388251250.0,-26.6241
1388251406.25,-26.62522
1388251562.5,-26.62708
1388251718.75,-26.62957
1388251875.0,-26.63488
1388252031.25,-26.63474
1388252187.5,-26.63213
1388252343.75,-26.63743
1388252500.0,-26.638
1388252656.25,-26.6405
1388252812.5,-26.64629
1388252968.75,-26.64449
1388253125.0,-26.64749
1388253281.25,-26.649
1388253437.5,-26.65024
1388253593.75,-26.64881
1388253750.0,-26.65453
1388253906.25,-26.65667
1388254062.5,-26.65884
1388254218.75,-26.66094
1388254375.0,-26.66127
1388254531.25,-26.66467
1388254687.5,-26.66445
1388254843.75,-26.66586
1388255000.0,-26.67097
1388255156.25,-26.66936
1388255312.5,-26.67436
1388255468.75,-26.67248
1388255625.0,-26.67995
1388255781.25,-26.67888
1388255937.5,-26.67846
1388256093.75,-26.6811
1388256250.0,-26.68213
1388256406.25,-26.68736
1388256562.5,-26.69245
1388256718.75,-26.68939
1388256875.0,-26.69033
1388257031.25,-26.69287
1388257187.5,-26.69604
1388257343.75,-26.69868
1388257500.0,-26.70211
1388257656.25,-26.70226
1388257812.5,-26.70323
1388257968.75,-26.70777
1388258125.0,-26.70829
1388258281.25,-26.70729
1388258437.5,-26.71276
1388258593.75,-26.71095
1388258750.0,-26.71294
1388258906.25,-26.71701
1388259062.5,-26.71912
1388259218.75,-26.71833
1388259375.0,-26.71757
1388259531.25,-26.72079
1388259687.5,-26.72403
1388259843.75,-26.7278
1388260000.0,-26.72763
1388260156.25,-26.72965
1388260312.5,-26.73059
1388260468.75,-26.73252
1388260625.0,-26.73885
1388260781.25,-26.73658
1388260937.5,-26.73712
1388261093.75,-26.74139
1388261250.0,-26.73957
1388261406.25,-26.74585
1388261562.5,-26.74976
1388261718.75,-26.74992
1388261875.0,-26.7488
1388262031.25,-26.74841
1388262187.5,-26.75266
1388262343.75,-26.7553
1388262500.0,-26.75806
1388262656.25,-26.76204
1388262812.5,-26.76364
1388262968.75,-26.76694
1388263125.0,-26.76453
1388263281.25,-26.76334
1388263437.5,-26.76653
1388263593.75,-26.77319
1388263750.0,-26.77321
1388263906.25,-26.77242
1388264062.5,-26.77484
1388264218.75,-26.77902
1388264375.0,-26.78291
1388264531.25,-26.77897
1388264687.5,-26.78389
1388264843.75,-26.78636
1388265000.0,-26.78715
1388265156.25,-26.7862
1388265312.5,-26.78678
1388265468.75,-26.79088
1388265625.0,-26.79413
1388265781.25,-26.79486
1388265937.5,-26.79408
1388266093.75,-26.79869
1388266250.0,-26.8054
1388266406.25,-26.80066
1388266562.5,-26.8019
1388266718.75,-26.80238
1388266875.0,-26.8084
1388267031.25,-26.80512
1388267187.5,-26.81438
1388267343.75,-26.81185
1388267500.0,-26.81513
1388267656.25,-26.81557
1388267812.5,-26.82161
1388267968.75,-26.81911
1388268125.0,-26.82401
1388268281.25,-26.82015
1388268437.5,-26.82834
1388268593.75,-26.83059
1388268750.0,-26.83084
1388268906.25,-26.83114
1388269062.5,-26.83504
1388269218.75,-26.83305
1388269375.0,-26.83542
1388269531.25,-26.83911
1388269687.5,-26.8398
1388269843.75,-26.84153
1388270000.0,-26.84469
1388270156.25,-26.84481
1388270312.5,-26.85092
1388270468.75,-26.85394
1388270625.0,-26.85191
1388270781.25,-26.85349
1388270937.5,-26.85792
1388271093.75,-26.85788
1388271250.0,-26.85628
1388271406.25,-26.86057
1388271562.5,-26.86229
1388271718.75,-26.86179
1388271875.0,-26.86717
1388272031.25,-26.86858
1388272187.5,-26.87154
1388272343.75,-26.87749
1388272500.0,-26.87515
1388272656.25,-26.87705
1388272812.5,-26.87631
1388272968.75,-26.88124
1388273125.0,-26.88152
1388273281.25,-26.88373
1388273437.5,-26.8835
1388273593.75,-26.8852
1388273750.0,-26.89067
1388273906.25,-26.89067
1388274062.5,-26.89141
1388274218.75,-26.89175
1388274375.0,-26.8937
1388274531.25,-26.89864
1388274687.5,-26.8976
1388274843.75,-26.90162
1388275000.0,-26.90248
1388275156.25,-26.90409
1388275312.5,-26.90839
1388275468.75,-26.90872
1388275625.0,-26.91024
1388275781.25,-26.90995
1388275937.5,-26.91599
1388276093.75,-26.91623
1388276250.0,-26.91692
1388276406.25,-26.9207
1388276562.5,-26.92167
1388276718.75,-26.92052
1388276875.0,-26.92135
1388277031.25,-26.92438
1388277187.5,-26.92727
1388277343.75,-26.93042
1388277500.0,-26.93192
1388277656.25,-26.93463
1388277812.5,-26.93174
1388277968.75,-26.9389
1388278125.0,-26.93876
1388278281.25,-26.93976
1388278437.5,-26.94368
1388278593.75,-26.94254
1388278750.0,-26.94367
1388278906.25,-26.94343
1388279062.5,-26.9458
1388279218.75,-26.95279
1388279375.0,-26.95663
1388279531.25,-26.95734
1388279687.5,-26.95424
1388279843.75,-26.95392
1388280000.0,-26.96102
1388280156.25,-26.95918
1388280312.5,-26.96471
1388280468.75,-26.96183
1388280625.0,-26.96967
1388280781.25,-26.96559
1388280937.5,-26.96812
1388281093.75,-26.97532
1388281250.0,-26.97088
1388281406.25,-26.97473
1388281562.5,-26.98023
1388281718.75,-26.97801
1388281875.0,-26.9796
1388282031.25,-26.98425
1388282187.5,-26.98279
1388282343.75,-26.98755
1388282500.0,-26.99016
1388282656.25,-26.99215
1388282812.5,-26.99014
1388282968.75,-26.9915
1388283125.0,-27.00193
1388283281.25,-26.99513
1388283437.5,-26.99888
1388283593.75,-26.99887
1388283750.0,-27.00241
1388283906.25,-27.00466
1388284062.5,-27.00535
1388284218.75,-27.00815
1388284375.0,-27.00585
1388284531.25,-27.01005
1388284687.5,-27.01432
1388284843.75,-27.01303
1388285000.0,-27.0159
1388285156.25,-27.02029
1388285312.5,-27.01803
1388285468.75,-27.02133
1388285625.0,-27.02558
1388285781.25,-27.02661
1388285937.5,-27.02538
1388286093.75,-27.03035
1388286250.0,-27.02887
1388286406.25,-27.03123
1388286562.5,-27.03302
1388286718.75,-27.03318
1388286875.0,-27.04233
1388287031.25,-27.03812
1388287187.5,-27.04081
1388287343.75,-27.04324
1388287500.0,-27.04591
1388287656.25,-27.05168
1388287812.5,-27.04713
1388287968.75,-27.05238
1388288125.0,-27.0566
1388288281.25,-27.05401
1388288437.5,-27.05902
1388288593.75,-27.05739
1388288750.0,-27.05933
1388288906.25,-27.06069
1388289062.5,-27.06104
1388289218.75,-27.06933
1388289375.0,-27.06613
1388289531.25,-27.06759
1388289687.5,-27.07302
1388289843.75,-27.07261
1388290000.0,-27.0708
1388290156.25,-27.07847
1388290312.5,-27.07922
1388290468.75,-27.08014
1388290625.0,-27.08198
1388290781.25,-27.0806
1388290937.5,-27.08272
1388291093.75,-27.08335
1388291250.0,-27.08518
1388291406.25,-27.08937
1388291562.5,-27.09421
1388291718.75,-27.09475
1388291875.0,-27.09868
1388292031.25,-27.09374
1388292187.5,-27.09784
1388292343.75,-27.1027
1388292500.0,-27.10257
1388292656.25,-27.1022
1388292812.5,-27.10353
1388292968.75,-27.10559
1388293125.0,-27.10751
1388293281.25,-27.10955
1388293437.5,-27.1106
1388293593.75,-27.11559
1388293750.0,-27.11254
1388293906.25,-27.11451
1388294062.5,-27.11957
1388294218.75,-27.12077
1388294375.0,-27.12117
1388294531.25,-27.12275
1388294687.5,-27.12433
1388294843.75,-27.13092
1388295000.0,-27.13124
1388295156.25,-27.13048
1388295312.5,-27.13328
1388295468.75,-27.13498
1388295625.0,-27.13763
1388295781.25,-27.13997
1388295937.5,-27.13853
1388296093.75,-27.14153
1388296250.0,-27.14585
1388296406.25,-27.14741
1388296562.5,-27.14856
1388296718.75,-27.14982
1388296875.0,-27.14667
1388297031.25,-27.1533
1388297187.5,-27.154
1388297343.75,-27.15615
1388297500.0,-27.16046
1388297656.25,-27.1589
1388297812.5,-27.16097
1388297968.75,-27.16577
1388298125.0,-27.16607
1388298281.25,-27.16868
1388298437.5,-27.17009
1388298593.75,-27.17017
1388298750.0,-27.1747
1388298906.25,-27.17294
1388299062.5,-27.17724
1388299218.75,-27.17521
1388299375.0,-27.17799
1388299531.25,-27.18112
1388299687.5,-27.17909
1388299843.75,-27.18016
1388300000.0,-27.18717
1388300156.25,-27.18547
1388300312.5,-27.18806
1388300468.75,-27.1892
1388300625.0,-27.19529
1388300781.25,-27.19214
1388300937.5,-27.19595
1388301093.75,-27.19896
1388301250.0,-27.19676
1388301406.25,-27.20579
1388301562.5,-27.19812
1388301718.75,-27.20358
1388301875.0,-27.20594
1388302031.25,-27.20452
1388302187.5,-27.2113
1388302343.75,-27.21021
1388302500.0,-27.21386
1388302656.25,-27.21258
1388302812.5,-27.21482
1388302968.75,-27.22
1388303125.0,-27.21882
1388303281.25,-27.22264
1388303437.5,-27.21999
1388303593.75,-27.22197
1388303750.0,-27.22651
1388303906.25,-27.22977
1388304062.5,-27.23185
1388304218.75,-27.23442
1388304375.0,-27.23165
1388304531.25,-27.23724
1388304687.5,-27.24182
1388304843.75,-27.24069
1388305000.0,-27.24185
1388305156.25,-27.24488
1388305312.5,-27.24229
1388305468.75,-27.24565
1388305625.0,-27.24868
1388305781.25,-27.24698
1388305937.5,-27.25291
1388306093.75,-27.25274
1388306250.0,-27.25529
1388306406.25,-27.25764
1388306562.5,-27.25773
1388306718.75,-27.25884
1388306875.0,-27.26223
1388307031.25,-27.26575
1388307187.5,-27.26774
1388307343.75,-27.26543
1388307500.0,-27.26648
1388307656.25,-27.27094
1388307812.5,-27.27236
1388307968.75,-27.27618
1388308125.0,-27.27509
1388308281.25,-27.27894
1388308437.5,-27.27733
1388308593.75,-27.27845
1388308750.0,-27.28185
1388308906.25,-27.28984
1388309062.5,-27.28657
1388309218.75,-27.28744
1388309375.0,-27.28878
1388309531.25,-27.29004
1388309687.5,-27.29136
1388309843.75,-27.29486
1388310000.0,-27.29777
1388310156.25,-27.29874
1388310312.5,-27.3
1388310468.75,-27.3011
1388310625.0,-27.30078
1388310781.25,-27.30417
1388310937.5,-27.30673
1388311093.75,-27.31001
1388311250.0,-27.30861
1388311406.25,-27.31149
1388311562.5,-27.31656
1388311718.75,-27.3179
1388311875.0,-27.31332
1388312031.25,-27.31772
1388312187.5,-27.31932
1388312343.75,-27.32437
1388312500.0,-27.32608
1388312656.25,-27.3273
1388312812.5,-27.33084
1388312968.75,-27.32741
1388313125.0,-27.32904
1388313281.25,-27.33081
1388313437.5,-27.33657
1388313593.75,-27.33797
1388313750.0,-27.33798
1388313906.25,-27.34011
1388314062.5,-27.34312
1388314218.75,-27.34211
1388314375.0,-27.34777
1388314531.25,-27.34543
1388314687.5,-27.3503
1388314843.75,-27.35002
1388315000.0,-27.35621
1388315156.25,-27.35159
1388315312.5,-27.35473
1388315468.75,-27.35622
1388315625.0,-27.35468
1388315781.25,-27.35977
1388315937.5,-27.36033
1388316093.75,-27.36076
1388316250.0,-27.36155
1388316406.25,-27.36867
1388316562.5,-27.36575
1388316718.75,-27.37114
1388316875.0,-27.37187
1388317031.25,-27.37589
1388317187.5,-27.37513
1388317343.75,-27.37732
1388317500.0,-27.38021
1388317656.25,-27.38263
1388317812.5,-27.38377
1388317968.75,-27.3842
1388318125.0,-27.38981
1388318281.25,-27.38784
1388318437.5,-27.3881
1388318593.75,-27.38731
1388318750.0,-27.3953
1388318906.25,-27.39419
1388319062.5,-27.39338
1388319218.75,-27.39872
1388319375.0,-27.40084
1388319531.25,-27.3996
1388319687.5,-27.40218
1388319843.75,-27.407
1388320000.0,-27.40629
1388320156.25,-27.409
1388320312.5,-27.40899
1388320468.75,-27.41152
1388320625.0,-27.40999
1388320781.25,-27.4163
1388320937.5,-27.41415
1388321093.75,-27.42043
1388321250.0,-27.42468
1388321406.25,-27.41728
1388321562.5,-27.42234
1388321718.75,-27.42896
1388321875.0,-27.42926
1388322031.25,-27.42502
1388322187.5,-27.42679
1388322343.75,-27.43152
1388322500.0,-27.43572
1388322656.25,-27.43471
1388322812.5,-27.43983
1388322968.75,-27.43474
1388323125.0,-27.43639
1388323281.25,-27.44295
1388323437.5,-27.4464
1388323593.75,-27.44371
1388323750.0,-27.44607
1388323906.25,-27.45036
1388324062.5,-27.45021
1388324218.75,-27.45287
1388324375.0,-27.45721
1388324531.25,-27.45819
1388324687.5,-27.45929
1388324843.75,-27.45893
1388325000.0,-27.45724
1388325156.25,-27.46089
1388325312.5,-27.46365
1388325468.75,-27.46832
1388325625.0,-27.46432
1388325781.25,-27.47024
1388325937.5,-27.46998
1388326093.75,-27.46836
1388326250.0,-27.47138
1388326406.25,-27.47467
1388326562.5,-27.48402
1388326718.75,-27.47843
1388326875.0,-27.48048
1388327031.25,-27.48085
1388327187.5,-27.48
1388327343.75,-27.48829
1388327500.0,-27.48967
1388327656.25,-27.48873
1388327812.5,-27.49156
1388327968.75,-27.49182
1388328125.0,-27.49496
1388328281.25,-27.49565
1388328437.5,-27.49717
1388328593.75,-27.49721
1388328750.0,-27.5023
1388328906.25,-27.50212
1388329062.5,-27.50197
1388329218.75,-27.50549
1388329375.0,-27.50787
1388329531.25,-27.50727
1388329687.5,-27.50914
1388329843.75,-27.51254
1388330000.0,-27.51263
1388330156.25,-27.51721
1388330312.5,-27.51558
1388330468.75,-27.51715
1388330625.0,-27.52154
1388330781.25,-27.52099
1388330937.5,-27.52658
1388331093.75,-27.52594
1388331250.0,-27.52888
1388331406.25,-27.52752
1388331562.5,-27.53033
1388331718.75,-27.53028
1388331875.0,-27.53535
1388332031.25,-27.53277
1388332187.5,-27.53543
1388332343.75,-27.54085
1388332500.0,-27.54294
1388332656.25,-27.54058
1388332812.5,-27.54795
1388332968.75,-27.54573
1388333125.0,-27.55325
1388333281.25,-27.55116
1388333437.5,-27.55063
1388333593.75,-27.5522
1388333750.0,-27.55421
1388333906.25,-27.55395
1388334062.5,-27.55885
1388334218.75,-27.55671
1388334375.0,-27.56366
1388334531.25,-27.56347
1388334687.5,-27.56215
1388334843.75,-27.56379
1388335000.0,-27.56721
1388335156.25,-27.57145
1388335312.5,-27.57225
1388335468.75,-27.5764
1388335625.0,-27.57358
1388335781.25,-27.57697
1388335937.5,-27.57853
1388336093.75,-27.58332
1388336250.0,-27.5812
1388336406.25,-27.57873
1388336562.5,-27.5864
1388336718.75,-27.5845
1388336875.0,-27.58515
1388337031.25,-27.58782
1388337187.5,-27.59045
1388337343.75,-27.58853
1388337500.0,-27.5943
1388337656.25,-27.59452
1388337812.5,-27.59951
1388337968.75,-27.59846
1388338125.0,-27.59818
1388338281.25,-27.60166
1388338437.5,-27.60342
1388338593.75,-27.60341
1388338750.0,-27.60686
1388338906.25,-27.60666
1388339062.5,-27.61012
1388339218.75,-27.61313
1388339375.0,-27.61181
1388339531.25,-27.61772
1388339687.5,-27.61844
1388339843.75,-27.61606
1388340000.0,-27.62037
1388340156.25,-27.62244
1388340312.5,-27.62276
1388340468.75,-27.62058
1388340625.0,-27.63294
1388340781.25,-27.62853
1388340937.5,-27.63031
1388341093.75,-27.63219
1388341250.0,-27.6342
1388341406.25,-27.63515
1388341562.5,-27.63979
1388341718.75,-27.64042
1388341875.0,-27.63962
1388342031.25,-27.64169
1388342187.5,-27.63931
1388342343.75,-27.64107
1388342500.0,-27.64945
1388342656.25,-27.64775
1388342812.5,-27.6508
1388342968.75,-27.65056
1388343125.0,-27.65071
1388343281.25,-27.65475
1388343437.5,-27.65496
1388343593.75,-27.65664
1388343750.0,-27.66016
1388343906.25,-27.65893
1388344062.5,-27.66322
1388344218.75,-27.66445
1388344375.0,-27.67108
1388344531.25,-27.66937
1388344687.5,-27.67212
1388344843.75,-27.67187
1388345000.0,-27.67517
1388345156.25,-27.67005
1388345312.5,-27.67735
1388345468.75,-27.68468
1388345625.0,-27.67963
1388345781.25,-27.67838
1388345937.5,-27.68565
1388346093.75,-27.68536
1388346250.0,-27.68783
1388346406.25,-27.68667
1388346562.5,-27.69335
1388346718.75,-27.69225
1388346875.0,-27.69394
1388347031.25,-27.69718
1388347187.5,-27.70065
1388347343.75,-27.69968
1388347500.0,-27.7029
1388347656.25,-27.69887
1388347812.5,-27.70238
1388347968.75,-27.70561
1388348125.0,-27.7029
1388348281.25,-27.70867
1388348437.5,-27.71027
1388348593.75,-27.71515
1388348750.0,-27.71397
1388348906.25,-27.71499
1388349062.5,-27.7142
1388349218.75,-27.72054
1388349375.0,-27.72062
1388349531.25,-27.72002
1388349687.5,-27.72583
1388349843.75,-27.72785
1388350000.0,-27.72967
1388350156.25,-27.72519
1388350312.5,-27.72977
1388350468.75,-27.72959
1388350625.0,-27.73477
1388350781.25,-27.73415
1388350937.5,-27.73769
1388351093.75,-27.73949
1388351250.0,-27.74032
1388351406.25,-27.73997
1388351562.5,-27.74325
1388351718.75,-27.74352
1388351875.0,-27.74226
1388352031.25,-27.74568
1388352187.5,-27.74854
1388352343.75,-27.7517
1388352500.0,-27.75257
1388352656.25,-27.7505
1388352812.5,-27.75631
1388352968.75,-27.75787
1388353125.0,-27.7558
1388353281.25,-27.75916
1388353437.5,-27.76612
1388353593.75,-27.75819
1388353750.0,-27.76556
1388353906.25,-27.76701
1388354062.5,-27.7685
1388354218.75,-27.77115
1388354375.0,-27.76929
1388354531.25,-27.77619
1388354687.5,-27.77275
1388354843.75,-27.77457
1388355000.0,-27.78372
1388355156.25,-27.77944
1388355312.5,-27.77556
1388355468.75,-27.78042
1388355625.0,-27.78224
1388355781.25,-27.79001
1388355937.5,-27.78762
1388356093.75,-27.7873
1388356250.0,-27.79094
1388356406.25,-27.79218
1388356562.5,-27.79533
1388356718.75,-27.79645
1388356875.0,-27.80022
1388357031.25,-27.79972
1388357187.5,-27.79901
1388357343.75,-27.80206
1388357500.0,-27.80485
1388357656.25,-27.80951
1388357812.5,-27.80837
1388357968.75,-27.80695
1388358125.0,-27.81309
1388358281.25,-27.81112
1388358437.5,-27.81927
1388358593.75,-27.81432
1388358750.0,-27.81926
1388358906.25,-27.82033
1388359062.5,-27.82582
1388359218.75,-27.82148
1388359375.0,-27.82179
1388359531.25,-27.82671
1388359687.5,-27.82948
1388359843.75,-27.83188
1388360000.0,-27.82881
1388360156.25,-27.83464
1388360312.5,-27.83618
1388360468.75,-27.83129
1388360625.0,-27.83694
1388360781.25,-27.84083
1388360937.5,-27.84208
1388361093.75,-27.84283
1388361250.0,-27.84547
1388361406.25,-27.84368
1388361562.5,-27.8478
1388361718.75,-27.84791
1388361875.0,-27.85262
1388362031.25,-27.85085
1388362187.5,-27.85453
1388362343.75,-27.85813
1388362500.0,-27.85786
1388362656.25,-27.85625
1388362812.5,-27.86134
1388362968.75,-27.85795
1388363125.0,-27.86336
1388363281.25,-27.8627
1388363437.5,-27.86313
1388363593.75,-27.86978
1388363750.0,-27.87394
1388363906.25,-27.87098
1388364062.5,-27.8737
1388364218.75,-27.87485
1388364375.0,-27.88123
1388364531.25,-27.88118
1388364687.5,-27.88092
1388364843.75,-27.87744
1388365000.0,-27.88348
1388365156.25,-27.88322
1388365312.5,-27.87998
1388365468.75,-27.88948
1388365625.0,-27.89102
1388365781.25,-27.8937
1388365937.5,-27.88733
1388366093.75,-27.89813
1388366250.0,-27.89821
1388366406.25,-27.89937
1388366562.5,-27.89974
1388366718.75,-27.89643
1388366875.0,-27.90113
1388367031.25,-27.90691
1388367187.5,-27.90655
1388367343.75,-27.90458
1388367500.0,-27.90646
1388367656.25,-27.90994
1388367812.5,-27.91898
1388367968.75,-27.91199
1388368125.0,-27.91795
1388368281.25,-27.91904
1388368437.5,-27.91899
1388368593.75,-27.9229
1388368750.0,-27.92381
1388368906.25,-27.92429
1388369062.5,-27.92712
1388369218.75,-27.92546
1388369375.0,-27.92553
1388369531.25,-27.92624
1388369687.5,-27.93027
1388369843.75,-27.93308
1388370000.0,-27.93812
1388370156.25,-27.93624
1388370312.5,-27.93907
1388370468.75,-27.93743
1388370625.0,-27.94135
1388370781.25,-27.9427
1388370937.5,-27.94454
1388371093.75,-27.94193
1388371250.0,-27.94404
1388371406.25,-27.95045
1388371562.5,-27.95145
1388371718.75,-27.95127
1388371875.0,-27.95088
1388372031.25,-27.95057
1388372187.5,-27.95636
1388372343.75,-27.95997
1388372500.0,-27.95988
1388372656.25,-27.95986
1388372812.5,-27.96157
1388372968.75,-27.96597
1388373125.0,-27.96627
1388373281.25,-27.96829
1388373437.5,-27.97021
1388373593.75,-27.97098
1388373750.0,-27.97008
1388373906.25,-27.97767
1388374062.5,-27.97467
1388374218.75,-27.98017
1388374375.0,-27.98077
1388374531.25,-27.98422
1388374687.5,-27.97779
1388374843.75,-27.98246
1388375000.0,-27.98712
1388375156.25,-27.98298
1388375312.5,-27.98871
1388375468.75,-27.99006
1388375625.0,-27.99363
1388375781.25,-27.99509
1388375937.5,-27.99718
1388376093.75,-27.99551
1388376250.0,-27.99446
1388376406.25,-28.00303
1388376562.5,-27.99823
1388376718.75,-28.00198
1388376875.0,-28.00819
1388377031.25,-28.0028
1388377187.5,-28.00883
1388377343.75,-28.00784
1388377500.0,-28.01546
1388377656.25,-28.01235
1388377812.5,-28.01533
1388377968.75,-28.01229
1388378125.0,-28.01424
1388378281.25,-28.01619
1388378437.5,-28.02006
1388378593.75,-28.02083
1388378750.0,-28.02353
1388378906.25,-28.02368
1388379062.5,-28.02505
1388379218.75,-28.02807
1388379375.0,-28.03012
1388379531.25,-28.02943
1388379687.5,-28.03346
1388379843.75,-28.04019
1388380000.0,-28.03425
1388380156.25,-28.03967
1388380312.5,-28.03732
1388380468.75,-28.04112
1388380625.0,-28.03819
1388380781.25,-28.04545
1388380937.5,-28.03991
1388381093.75,-28.04444
1388381250.0,-28.05049
1388381406.25,-28.04887
1388381562.5,-28.05251
1388381718.75,-28.05492
1388381875.0,-28.0535
1388382031.25,-28.05168
1388382187.5,-28.06058
1388382343.75,-28.06147
1388382500.0,-28.06028
1388382656.25,-28.06221
1388382812.5,-28.06344
1388382968.75,-28.06094
1388383125.0,-28.06811
1388383281.25,-28.069
1388383437.5,-28.06878
1388383593.75,-28.06956
1388383750.0,-28.07509
1388383906.25,-28.07842
1388384062.5,-28.07652
1388384218.75,-28.0786
1388384375.0,-28.0778
1388384531.25,-28.08248
1388384687.5,-28.08172
1388384843.75,-28.0867
1388385000.0,-28.0879
1388385156.25,-28.08992
1388385312.5,-28.08875
1388385468.75,-28.09245
1388385625.0,-28.0953
1388385781.25,-28.09897
1388385937.5,-28.09774
1388386093.75,-28.09834
1388386250.0,-28.09572
1388386406.25,-28.10024
1388386562.5,-28.09558
1388386718.75,-28.1056
1388386875.0,-28.10607
1388387031.25,-28.10556
1388387187.5,-28.10868
1388387343.75,-28.10629
1388387500.0,-28.1151
1388387656.25,-28.10997
1388387812.5,-28.11364
1388387968.75,-28.12063
1388388125.0,-28.11991
1388388281.25,-28.12177
1388388437.5,-28.12496
1388388593.75,-28.1181
1388388750.0,-28.12345
1388388906.25,-28.12399
1388389062.5,-28.1291
1388389218.75,-28.13115
1388389375.0,-28.12867
1388389531.25,-28.13515
1388389687.5,-28.13064
1388389843.75,-28.13654
1388390000.0,-28.13853
1388390156.25,-28.13721
1388390312.5,-28.14207
1388390468.75,-28.14089
1388390625.0,-28.14245
1388390781.25,-28.14901
1388390937.5,-28.14892
1388391093.75,-28.14481
1388391250.0,-28.14775
1388391406.25,-28.15143
1388391562.5,-28.1534
1388391718.75,-28.15394
1388391875.0,-28.15901
1388392031.25,-28.15832
1388392187.5,-28.16178
1388392343.75,-28.15948
1388392500.0,-28.15765
1388392656.25,-28.16332
1388392812.5,-28.16571
1388392968.75,-28.1694
1388393125.0,-28.16628
1388393281.25,-28.16576
1388393437.5,-28.17403
1388393593.75,-28.1708
1388393750.0,-28.17035
1388393906.25,-28.17542
1388394062.5,-28.17349
1388394218.75,-28.17665
1388394375.0,-28.17797
1388394531.25,-28.18123
1388394687.5,-28.18152
1388394843.75,-28.19104
1388395000.0,-28.18674
1388395156.25,-28.1869
1388395312.5,-28.19313
1388395468.75,-28.19085
1388395625.0,-28.1907
1388395781.25,-28.19387
1388395937.5,-28.19829
1388396093.75,-28.19851
1388396250.0,-28.19793
1388396406.25,-28.20388
1388396562.5,-28.20217
1388396718.75,-28.20373
1388396875.0,-28.20836
1388397031.25,-28.20266
1388397187.5,-28.20844
1388397343.75,-28.20962
1388397500.0,-28.20992
1388397656.25,-28.21638
1388397812.5,-28.21795
1388397968.75,-28.21727
1388398125.0,-28.2203
1388398281.25,-28.21861
1388398437.5,-28.22305
1388398593.75,-28.22117
1388398750.0,-28.22243
1388398906.25,-28.22294
1388399062.5,-28.22931
1388399218.75,-28.22961
1388399375.0,-28.22955
1388399531.25,-28.23567
1388399687.5,-28.23421
1388399843.75,-28.23354
1388400000.0,-28.23711
1388400156.25,-28.23534
1388400312.5,-28.23713
1388400468.75,-28.2389
1388400625.0,-28.24143
1388400781.25,-28.24234
1388400937.5,-28.24311
1388401093.75,-28.25631
1388401250.0,-28.24631
1388401406.25,-28.25247
1388401562.5,-28.24781
1388401718.75,-28.24971
1388401875.0,-28.25518
1388402031.25,-28.25264
1388402187.5,-28.25652
1388402343.75,-28.26199
1388402500.0,-28.26088
1388402656.25,-28.26373
1388402812.5,-28.26357
1388402968.75,-28.26602
1388403125.0,-28.26761
1388403281.25,-28.26726
1388403437.5,-28.27447
1388403593.75,-28.26888
1388403750.0,-28.27767
1388403906.25,-28.27391
1388404062.5,-28.27737
1388404218.75,-28.27758
1388404375.0,-28.27821
1388404531.25,-28.27852
1388404687.5,-28.28006
1388404843.75,-28.28074
1388405000.0,-28.28157
1388405156.25,-28.28181
1388405312.5,-28.29331
1388405468.75,-28.29115
1388405625.0,-28.29119
1388405781.25,-28.2933
1388405937.5,-28.29513
1388406093.75,-28.29944
1388406250.0,-28.30066
1388406406.25,-28.29858
1388406562.5,-28.30066
1388406718.75,-28.30099
1388406875.0,-28.3058
1388407031.25,-28.30721
1388407187.5,-28.30768
1388407343.75,-28.30817
1388407500.0,-28.30895
1388407656.25,-28.30684
1388407812.5,-28.31299
1388407968.75,-28.31501
1388408125.0,-28.31758
1388408281.25,-28.31848
1388408437.5,-28.32184
1388408593.75,-28.32117
1388408750.0,-28.32048
1388408906.25,-28.32296
1388409062.5,-28.32232
1388409218.75,-28.32564
1388409375.0,-28.33
1388409531.25,-28.32615
1388409687.5,-28.33295
1388409843.75,-28.32915
1388410000.0,-28.33601
1388410156.25,-28.33528
1388410312.5,-28.33857
1388410468.75,-28.33987
1388410625.0,-28.34241
1388410781.25,-28.33856
1388410937.5,-28.34563
1388411093.75,-28.3491
1388411250.0,-28.34435
1388411406.25,-28.35196
1388411562.5,-28.35419
1388411718.75,-28.35162
1388411875.0,-28.34996
1388412031.25,-28.35559
1388412187.5,-28.35332
1388412343.75,-28.35942
1388412500.0,-28.35996
1388412656.25,-28.3584
1388412812.5,-28.36801
1388412968.75,-28.36396
1388413125.0,-28.36462
1388413281.25,-28.36393
1388413437.5,-28.37176
1388413593.75,-28.36881
1388413750.0,-28.37081
1388413906.25,-28.37315
1388414062.5,-28.37548
1388414218.75,-28.37748
1388414375.0,-28.37604
1388414531.25,-28.37872
1388414687.5,-28.38018
1388414843.75,-28.38143
1388415000.0,-28.38176
1388415156.25,-28.39086
1388415312.5,-28.38582
1388415468.75,-28.39298
1388415625.0,-28.38687
1388415781.25,-28.39216
1388415937.5,-28.39412
1388416093.75,-28.39484
1388416250.0,-28.3938
1388416406.25,-28.39267
1388416562.5,-28.39823
1388416718.75,-28.40156
1388416875.0,-28.40167
1388417031.25,-28.40639
1388417187.5,-28.40208
1388417343.75,-28.40386
1388417500.0,-28.41173
1388417656.25,-28.41211
1388417812.5,-28.41275
1388417968.75,-28.40941
1388418125.0,-28.41813
1388418281.25,-28.41884
1388418437.5,-28.41509
1388418593.75,-28.41853
1388418750.0,-28.42133
1388418906.25,-28.41886
1388419062.5,-28.42016
1388419218.75,-28.42774
1388419375.0,-28.4286
1388419531.25,-28.42593
1388419687.5,-28.432
1388419843.75,-28.43187
1388420000.0,-28.43253
1388420156.25,-28.43361
1388420312.5,-28.43728
1388420468.75,-28.43489
1388420625.0,-28.4386
1388420781.25,-28.43538
1388420937.5,-28.43878
1388421093.75,-28.44744
1388421250.0,-28.44607
1388421406.25,-28.44144
1388421562.5,-28.44753
1388421718.75,-28.44713
1388421875.0,-28.44942
1388422031.25,-28.45016
1388422187.5,-28.45358
1388422343.75,-28.45464
1388422500.0,-28.45285
1388422656.25,-28.46113
1388422812.5,-28.45883
1388422968.75,-28.46057
1388423125.0,-28.46502
1388423281.25,-28.46807
1388423437.5,-28.46977
1388423593.75,-28.46815
1388423750.0,-28.46794
1388423906.25,-28.47174
1388424062.5,-28.47375
1388424218.75,-28.47746
1388424375.0,-28.47554
1388424531.25,-28.47388
1388424687.5,-28.47228
1388424843.75,-28.47739
1388425000.0,-28.48017
1388425156.25,-28.48098
1388425312.5,-28.48266
1388425468.75,-28.48232
1388425625.0,-28.48743
1388425781.25,-28.49165
1388425937.5,-28.48854
1388426093.75,-28.49134
1388426250.0,-28.49361
1388426406.25,-28.49185
1388426562.5,-28.49753
1388426718.75,-28.4997
1388426875.0,-28.50144
1388427031.25,-28.50155
1388427187.5,-28.50447
1388427343.75,-28.50245
1388427500.0,-28.50622
1388427656.25,-28.50718
1388427812.5,-28.50822
1388427968.75,-28.51359
1388428125.0,-28.51152
1388428281.25,-28.51364
1388428437.5,-28.50971
1388428593.75,-28.51231
1388428750.0,-28.51656
1388428906.25,-28.51882
1388429062.5,-28.51835
1388429218.75,-28.51593
1388429375.0,-28.52231
1388429531.25,-28.52584
1388429687.5,-28.52608
1388429843.75,-28.52549
1388430000.0,-28.53004
1388430156.25,-28.53165
1388430312.5,-28.53177
1388430468.75,-28.53496
1388430625.0,-28.53357
1388430781.25,-28.53421
1388430937.5,-28.5364
1388431093.75,-28.54013
1388431250.0,-28.53847
1388431406.25,-28.5427
1388431562.5,-28.54117
1388431718.75,-28.54742
1388431875.0,-28.54791
1388432031.25,-28.54717
1388432187.5,-28.5494
1388432343.75,-28.55408
1388432500.0,-28.55133
1388432656.25,-28.55726
1388432812.5,-28.55711
1388432968.75,-28.55591
1388433125.0,-28.56088
1388433281.25,-28.5575
1388433437.5,-28.56134
1388433593.75,-28.56187
1388433750.0,-28.56436
1388433906.25,-28.56592
1388434062.5,-28.57059
1388434218.75,-28.57256
1388434375.0,-28.57503
1388434531.25,-28.56884
1388434687.5,-28.57243
1388434843.75,-28.57018
1388435000.0,-28.57736
1388435156.25,-28.5789
1388435312.5,-28.58313
1388435468.75,-28.57914
1388435625.0,-28.58219
1388435781.25,-28.58601
1388435937.5,-28.58728
1388436093.75,-28.58816
1388436250.0,-28.58844
1388436406.25,-28.58864
1388436562.5,-28.5902
1388436718.75,-28.59132
1388436875.0,-28.59645
1388437031.25,-28.59464
1388437187.5,-28.60174
1388437343.75,-28.59874
1388437500.0,-28.59792
1388437656.25,-28.5988
1388437812.5,-28.60129
1388437968.75,-28.60594
1388438125.0,-28.60962
1388438281.25,-28.60849
1388438437.5,-28.61064
1388438593.75,-28.61306
1388438750.0,-28.6102
1388438906.25,-28.6118
1388439062.5,-28.61261
1388439218.75,-28.61516
1388439375.0,-28.62142
1388439531.25,-28.61771
1388439687.5,-28.61519
1388439843.75,-28.62269
1388440000.0,-28.62278
1388440156.25,-28.6282
1388440312.5,-28.62715
1388440468.75,-28.62765
1388440625.0,-28.62888
1388440781.25,-28.63584
1388440937.5,-28.63697
1388441093.75,-28.63566
1388441250.0,-28.63547
1388441406.25,-28.6395
1388441562.5,-28.63914
1388441718.75,-28.63896
1388441875.0,-28.64245
1388442031.25,-28.64373
1388442187.5,-28.6411
1388442343.75,-28.6443
1388442500.0,-28.64975
1388442656.25,-28.65121
1388442812.5,-28.64634
1388442968.75,-28.65229
1388443125.0,-28.65343
1388443281.25,-28.65705
1388443437.5,-28.65582
1388443593.75,-28.65764
1388443750.0,-28.65788
1388443906.25,-28.66429
1388444062.5,-28.66596
1388444218.75,-28.66632
1388444375.0,-28.66723
1388444531.25,-28.66685
1388444687.5,-28.67293
1388444843.75,-28.67158
1388445000.0,-28.67203
1388445156.25,-28.67419
1388445312.5,-28.67935
1388445468.75,-28.67497
1388445625.0,-28.67755
1388445781.25,-28.67531
1388445937.5,-28.68154
1388446093.75,-28.68257
1388446250.0,-28.68089
1388446406.25,-28.68435
1388446562.5,-28.6867
1388446718.75,-28.68818
1388446875.0,-28.69277
1388447031.25,-28.6869
1388447187.5,-28.68867
1388447343.75,-28.69798
1388447500.0,-28.69382
1388447656.25,-28.69948
1388447812.5,-28.69765
1388447968.75,-28.70018
1388448125.0,-28.70338
1388448281.25,-28.70025
1388448437.5,-28.70455
1388448593.75,-28.70653
1388448750.0,-28.70629
1388448906.25,-28.71339
1388449062.5,-28.71
1388449218.75,-28.71163
1388449375.0,-28.71001
1388449531.25,-28.712
1388449687.5,-28.71406
1388449843.75,-28.71811
1388450000.0,-28.72038
1388450156.25,-28.71934
1388450312.5,-28.71787
1388450468.75,-28.72295
1388450625.0,-28.72589
1388450781.25,-28.72548
1388450937.5,-28.72924
1388451093.75,-28.73192
1388451250.0,-28.72816
1388451406.25,-28.73166
1388451562.5,-28.73457
1388451718.75,-28.73349
1388451875.0,-28.73574
1388452031.25,-28.72843
1388452187.5,-28.7396
1388452343.75,-28.74001
1388452500.0,-28.73822
1388452656.25,-28.74837
1388452812.5,-28.74463
1388452968.75,-28.75061
1388453125.0,-28.7483
1388453281.25,-28.7456
1388453437.5,-28.74751
1388453593.75,-28.74774
1388453750.0,-28.75387
1388453906.25,-28.75802
1388454062.5,-28.75702
1388454218.75,-28.75391
1388454375.0,-28.75988
1388454531.25,-28.76257
1388454687.5,-28.7582
1388454843.75,-28.76544
1388455000.0,-28.76646
1388455156.25,-28.77118
1388455312.5,-28.76725
1388455468.75,-28.77098
1388455625.0,-28.76917
1388455781.25,-28.77233
1388455937.5,-28.77111
1388456093.75,-28.7751
1388456250.0,-28.77544
1388456406.25,-28.7816
1388456562.5,-28.77893
1388456718.75,-28.77792
1388456875.0,-28.77797
1388457031.25,-28.78612
1388457187.5,-28.78126
1388457343.75,-28.78394
1388457500.0,-28.7891
1388457656.25,-28.78897
1388457812.5,-28.78928
1388457968.75,-28.79522
1388458125.0,-28.79487
1388458281.25,-28.79302
1388458437.5,-28.79479
1388458593.75,-28.79751
1388458750.0,-28.80205
1388458906.25,-28.79925
1388459062.5,-28.80258
1388459218.75,-28.80472
1388459375.0,-28.80345
1388459531.25,-28.80484
1388459687.5,-28.80769
1388459843.75,-28.81044
1388460000.0,-28.80897
1388460156.25,-28.81529
1388460312.5,-28.8163
1388460468.75,-28.81052
1388460625.0,-28.81957
1388460781.25,-28.814
1388460937.5,-28.82221
1388461093.75,-28.82075
1388461250.0,-28.82467
1388461406.25,-28.82388
1388461562.5,-28.83016
1388461718.75,-28.82547
1388461875.0,-28.83028
1388462031.25,-28.83044
1388462187.5,-28.83254
1388462343.75,-28.83162
1388462500.0,-28.83944
1388462656.25,-28.83615
1388462812.5,-28.83826
1388462968.75,-28.84388
1388463125.0,-28.84403
1388463281.25,-28.84456
1388463437.5,-28.84589
1388463593.75,-28.84306
1388463750.0,-28.84945
1388463906.25,-28.8498
1388464062.5,-28.84795
1388464218.75,-28.84935
1388464375.0,-28.85552
1388464531.25,-28.84931
1388464687.5,-28.85254
1388464843.75,-28.85426
1388465000.0,-28.85534
1388465156.25,-28.85839
1388465312.5,-28.8641
1388465468.75,-28.86154
1388465625.0,-28.86102
1388465781.25,-28.86618
1388465937.5,-28.86607
1388466093.75,-28.86649
1388466250.0,-28.86972
1388466406.25,-28.87306
1388466562.5,-28.87475
1388466718.75,-28.86983
1388466875.0,-28.87974
1388467031.25,-28.87353
1388467187.5,-28.87575
1388467343.75,-28.88245
1388467500.0,-28.88179
1388467656.25,-28.8797
1388467812.5,-28.88323
1388467968.75,-28.8842
1388468125.0,-28.885
1388468281.25,-28.89048
1388468437.5,-28.88927
1388468593.75,-28.89092
1388468750.0,-28.89338
1388468906.25,-28.89293
1388469062.5,-28.89613
1388469218.75,-28.89502
1388469375.0,-28.89512
1388469531.25,-28.90161
1388469687.5,-28.89897
1388469843.75,-28.90121
1388470000.0,-28.90736
1388470156.25,-28.9021
1388470312.5,-28.90629
1388470468.75,-28.90542
1388470625.0,-28.91445
1388470781.25,-28.91528
1388470937.5,-28.91504
1388471093.75,-28.91336
1388471250.0,-28.91457
1388471406.25,-28.92188
1388471562.5,-28.91478
1388471718.75,-28.91383
1388471875.0,-28.92113
1388472031.25,-28.92667
1388472187.5,-28.92599
1388472343.75,-28.92945
1388472500.0,-28.93219
1388472656.25,-28.92829
1388472812.5,-28.92909
1388472968.75,-28.93085
1388473125.0,-28.93591
1388473281.25,-28.93511
1388473437.5,-28.93626
1388473593.75,-28.93939
1388473750.0,-28.93952
1388473906.25,-28.93731
1388474062.5,-28.9377
1388474218.75,-28.94123
1388474375.0,-28.94675
1388474531.25,-28.94854
1388474687.5,-28.94878
1388474843.75,-28.94482
1388475000.0,-28.94985
1388475156.25,-28.94376
1388475312.5,-28.9535
1388475468.75,-28.95647
1388475625.0,-28.95447
1388475781.25,-28.95841
1388475937.5,-28.96019
1388476093.75,-28.95923
1388476250.0,-28.96615
1388476406.25,-28.95773
1388476562.5,-28.96521
1388476718.75,-28.96975
1388476875.0,-28.9613
1388477031.25,-28.96889
1388477187.5,-28.96819
1388477343.75,-28.97025
1388477500.0,-28.97651
1388477656.25,-28.97464
1388477812.5,-28.97861
1388477968.75,-28.979
1388478125.0,-28.97449
1388478281.25,-28.98147
1388478437.5,-28.9792
1388478593.75,-28.98228
1388478750.0,-28.98111
1388478906.25,-28.98236
1388479062.5,-28.9843
1388479218.75,-28.99133
1388479375.0,-28.99051
1388479531.25,-28.99109
1388479687.5,-28.99416
1388479843.75,-28.99333
1388480000.0,-28.993
1388480156.25,-28.99599
1388480312.5,-28.99846
1388480468.75,-28.99983
1388480625.0,-29.00402
1388480781.25,-29.00286
1388480937.5,-29.01101
1388481093.75,-29.00166
1388481250.0,-29.00591
1388481406.25,-29.01062
1388481562.5,-29.01405
1388481718.75,-29.01465
1388481875.0,-29.01353
1388482031.25,-29.01299
1388482187.5,-29.01451
1388482343.75,-29.01758
1388482500.0,-29.01903
1388482656.25,-29.01952
1388482812.5,-29.02329
1388482968.75,-29.02701
1388483125.0,-29.02446
1388483281.25,-29.02549
1388483437.5,-29.02619
1388483593.75,-29.02931
1388483750.0,-29.02928
1388483906.25,-29.03455
1388484062.5,-29.03535
1388484218.75,-29.03355
1388484375.0,-29.0343
1388484531.25,-29.0348
1388484687.5,-29.03506
1388484843.75,-29.0411
1388485000.0,-29.04129
1388485156.25,-29.04294
1388485312.5,-29.04468
1388485468.75,-29.04679
1388485625.0,-29.04778
1388485781.25,-29.04843
1388485937.5,-29.0404
1388486093.75,-29.05312
1388486250.0,-29.05207
1388486406.25,-29.05422
1388486562.5,-29.05645
1388486718.75,-29.05787
1388486875.0,-29.05759
1388487031.25,-29.06112
1388487187.5,-29.06283
1388487343.75,-29.0626
1388487500.0,-29.06417
1388487656.25,-29.06874
1388487812.5,-29.06742
1388487968.75,-29.06575
1388488125.0,-29.06869
1388488281.25,-29.0717
1388488437.5,-29.07219
1388488593.75,-29.07972
1388488750.0,-29.07868
1388488906.25,-29.07465
1388489062.5,-29.07624
1388489218.75,-29.0823
1388489375.0,-29.08082
1388489531.25,-29.08029
1388489687.5,-29.08442
1388489843.75,-29.09409
1388490000.0,-29.08557
1388490156.25,-29.09449
1388490312.5,-29.09242
1388490468.75,-29.09249
1388490625.0,-29.09472
1388490781.25,-29.09403
1388490937.5,-29.09868
1388491093.75,-29.09128
1388491250.0,-29.0971
1388491406.25,-29.09923
1388491562.5,-29.10059
1388491718.75,-29.10459
1388491875.0,-29.10382
1388492031.25,-29.10397
1388492187.5,-29.10458
1388492343.75,-29.10825
1388492500.0,-29.10873
1388492656.25,-29.11205
1388492812.5,-29.10976
1388492968.75,-29.1072
1388493125.0,-29.11959
1388493281.25,-29.11292
1388493437.5,-29.11775
1388493593.75,-29.12067
1388493750.0,-29.12278
1388493906.25,-29.12233
1388494062.5,-29.12259
1388494218.75,-29.12707
1388494375.0,-29.12893
1388494531.25,-29.13588
1388494687.5,-29.12601
1388494843.75,-29.12796
1388495000.0,-29.13153
1388495156.25,-29.13151
1388495312.5,-29.13445
1388495468.75,-29.13653
1388495625.0,-29.13698
1388495781.25,-29.13825
1388495937.5,-29.14051
1388496093.75,-29.14056
1388496250.0,-29.14122
1388496406.25,-29.14234
1388496562.5,-29.14201
1388496718.75,-29.14224
1388496875.0,-29.14695
1388497031.25,-29.14969
1388497187.5,-29.14878
1388497343.75,-29.15112
1388497500.0,-29.15231
1388497656.25,-29.15716
1388497812.5,-29.15282
1388497968.75,-29.15922
1388498125.0,-29.16117
1388498281.25,-29.15576
1388498437.5,-29.16024
1388498593.75,-29.16397
1388498750.0,-29.16275
1388498906.25,-29.16605
1388499062.5,-29.16274
1388499218.75,-29.17272
1388499375.0,-29.16885
1388499531.25,-29.17455
1388499687.5,-29.17635
1388499843.75,-29.17674
1388500000.0,-29.17916
1388500156.25,-29.17326
1388500312.5,-29.17692
1388500468.75,-29.18145
1388500625.0,-29.18001
1388500781.25,-29.18315
1388500937.5,-29.18434
1388501093.75,-29.1877
1388501250.0,-29.18827
1388501406.25,-29.19123
1388501562.5,-29.18763
1388501718.75,-29.19021
1388501875.0,-29.19298
1388502031.25,-29.19298
1388502187.5,-29.19439
1388502343.75,-29.1958
1388502500.0,-29.19757
1388502656.25,-29.19928
1388502812.5,-29.19925
1388502968.75,-29.20495
1388503125.0,-29.19987
1388503281.25,-29.20509
1388503437.5,-29.20473
1388503593.75,-29.20326
1388503750.0,-29.21175
1388503906.25,-29.20977
1388504062.5,-29.21419
1388504218.75,-29.21241
1388504375.0,-29.2186
1388504531.25,-29.21556
1388504687.5,-29.21671
1388504843.75,-29.21743
1388505000.0,-29.22066
1388505156.25,-29.22061
1388505312.5,-29.22061
1388505468.75,-29.21939
1388505625.0,-29.22679
1388505781.25,-29.22447
1388505937.5,-29.2303
1388506093.75,-29.23098
1388506250.0,-29.22796
1388506406.25,-29.23809
1388506562.5,-29.23701
1388506718.75,-29.23787
1388506875.0,-29.23926
1388507031.25,-29.23493
1388507187.5,-29.23732
1388507343.75,-29.23825
1388507500.0,-29.24815
1388507656.25,-29.24897
1388507812.5,-29.24518
1388507968.75,-29.24302
1388508125.0,-29.25324
1388508281.25,-29.24618
1388508437.5,-29.24666
1388508593.75,-29.24605
1388508750.0,-29.2557
1388508906.25,-29.25244
1388509062.5,-29.25635
1388509218.75,-29.25951
1388509375.0,-29.25932
1388509531.25,-29.26178
1388509687.5,-29.2603
1388509843.75,-29.26249
1388510000.0,-29.26363
1388510156.25,-29.26856
1388510312.5,-29.26736
1388510468.75,-29.26775
1388510625.0,-29.27348
1388510781.25,-29.27469
1388510937.5,-29.26891
1388511093.75,-29.27722
1388511250.0,-29.2715
1388511406.25,-29.27283
1388511562.5,-29.28127
1388511718.75,-29.28155
1388511875.0,-29.28158
1388512031.25,-29.28135
1388512187.5,-29.28643
1388512343.75,-29.28277
1388512500.0,-29.28567
1388512656.25,-29.28554
1388512812.5,-29.29074
1388512968.75,-29.29131
1388513125.0,-29.29316
1388513281.25,-29.29356
1388513437.5,-29.29697
1388513593.75,-29.29879
1388513750.0,-29.29658
1388513906.25,-29.29593
1388514062.5,-29.30397
1388514218.75,-29.29581
1388514375.0,-29.29714
1388514531.25,-29.30808
1388514687.5,-29.30938
1388514843.75,-29.30931
1388515000.0,-29.30927
1388515156.25,-29.31235
1388515312.5,-29.31075
1388515468.75,-29.31391
1388515625.0,-29.31536
1388515781.25,-29.31618
1388515937.5,-29.31773
1388516093.75,-29.31679
1388516250.0,-29.32051
1388516406.25,-29.32059
1388516562.5,-29.31483
1388516718.75,-29.31991
1388516875.0,-29.32345
1388517031.25,-29.32555
1388517187.5,-29.33123
1388517343.75,-29.33238
1388517500.0,-29.3328
1388517656.25,-29.32758
1388517812.5,-29.33115
1388517968.75,-29.33273
1388518125.0,-29.33404
1388518281.25,-29.33564
1388518437.5,-29.33549
1388518593.75,-29.33992
1388518750.0,-29.34018
1388518906.25,-29.34299
1388519062.5,-29.34784
1388519218.75,-29.34507
1388519375.0,-29.34824
1388519531.25,-29.351
1388519687.5,-29.34885
1388519843.75,-29.35075
1388520000.0,-29.35038
1388520156.25,-29.34763
1388520312.5,-29.35798
1388520468.75,-29.36072
1388520625.0,-29.3613
1388520781.25,-29.35835
1388520937.5,-29.35971
1388521093.75,-29.36417
1388521250.0,-29.36541
1388521406.25,-29.3669
1388521562.5,-29.36798
1388521718.75,-29.37087
1388521875.0,-29.36613
1388522031.25,-29.36823
1388522187.5,-29.37036
1388522343.75,-29.36847
1388522500.0,-29.37315
1388522656.25,-29.37931
1388522812.5,-29.37837
1388522968.75,-29.37787
1388523125.0,-29.37685
1388523281.25,-29.38341
1388523437.5,-29.38238
1388523593.75,-29.38619
1388523750.0,-29.38524
1388523906.25,-29.38554
1388524062.5,-29.39272
1388524218.75,-29.38671
1388524375.0,-29.38668
1388524531.25,-29.39415
1388524687.5,-29.39256
1388524843.75,-29.39054
1388525000.0,-29.39423
1388525156.25,-29.40277
1388525312.5,-29.39422
1388525468.75,-29.39559
1388525625.0,-29.40144
1388525781.25,-29.40064
1388525937.5,-29.40426
1388526093.75,-29.40139
1388526250.0,-29.40097
1388526406.25,-29.40822
1388526562.5,-29.41051
1388526718.75,-29.4093
1388526875.0,-29.41074
1388527031.25,-29.41676
1388527187.5,-29.41205
1388527343.75,-29.41594
1388527500.0,-29.41892
1388527656.25,-29.41763
1388527812.5,-29.42298
1388527968.75,-29.41721
1388528125.0,-29.41888
1388528281.25,-29.42444
1388528437.5,-29.42611
1388528593.75,-29.42467
1388528750.0,-29.42093
1388528906.25,-29.42844
1388529062.5,-29.42716
1388529218.75,-29.43182
1388529375.0,-29.43191
1388529531.25,-29.43593
1388529687.5,-29.43495
1388529843.75,-29.44181
1388530000.0,-29.43879
1388530156.25,-29.4411
1388530312.5,-29.4423
1388530468.75,-29.44454
1388530625.0,-29.44367
1388530781.25,-29.44264
1388530937.5,-29.45023
1388531093.75,-29.4458
1388531250.0,-29.44457
1388531406.25,-29.45481
1388531562.5,-29.45378
1388531718.75,-29.45768
1388531875.0,-29.45287
1388532031.25,-29.45129
1388532187.5,-29.46092
1388532343.75,-29.46005
1388532500.0,-29.4585
1388532656.25,-29.46307
1388532812.5,-29.4584
1388532968.75,-29.46938
1388533125.0,-29.46752
1388533281.25,-29.46332
1388533437.5,-29.46839
1388533593.75,-29.46818
1388533750.0,-29.4731
1388533906.25,-29.46925
1388534062.5,-29.47127
1388534218.75,-29.47437
1388534375.0,-29.47906
1388534531.25,-29.47952
1388534687.5,-29.47908
1388534843.75,-29.47882
1388535000.0,-29.48064
1388535156.25,-29.48519
1388535312.5,-29.48682
1388535468.75,-29.4851
1388535625.0,-29.49122
1388535781.25,-29.4914
1388535937.5,-29.49705
1388536093.75,-29.49155
1388536250.0,-29.49575
1388536406.25,-29.49583
1388536562.5,-29.49537
1388536718.75,-29.49887
1388536875.0,-29.50155
1388537031.25,-29.5015
1388537187.5,-29.49937
1388537343.75,-29.50504
1388537500.0,-29.50175
1388537656.25,-29.50506
1388537812.5,-29.51144
1388537968.75,-29.50727
1388538125.0,-29.50701
1388538281.25,-29.51523
1388538437.5,-29.51525
1388538593.75,-29.51148
1388538750.0,-29.51073
1388538906.25,-29.51846
1388539062.5,-29.51845
1388539218.75,-29.52541
1388539375.0,-29.51902
1388539531.25,-29.51732
1388539687.5,-29.51813
1388539843.75,-29.52701
1388540000.0,-29.52118
1388540156.25,-29.5224
1388540312.5,-29.527
1388540468.75,-29.53378
1388540625.0,-29.52643
1388540781.25,-29.53074
1388540937.5,-29.5347
1388541093.75,-29.54034
1388541250.0,-29.54263
1388541406.25,-29.54169
1388541562.5,-29.53982
1388541718.75,-29.54249
1388541875.0,-29.53964
1388542031.25,-29.54068
1388542187.5,-29.5477
1388542343.75,-29.5485
1388542500.0,-29.55028
1388542656.25,-29.54259
1388542812.5,-29.55125
1388542968.75,-29.55061
1388543125.0,-29.55238
1388543281.25,-29.55029
1388543437.5,-29.56058
1388543593.75,-29.5577
1388543750.0,-29.55622
1388543906.25,-29.55913
1388544062.5,-29.56329
1388544218.75,-29.56104
1388544375.0,-29.56502
1388544531.25,-29.5614
1388544687.5,-29.56563
1388544843.75,-29.57126
1388545000.0,-29.56854
1388545156.25,-29.57102
1388545312.5,-29.5695
1388545468.75,-29.57504
1388545625.0,-29.57391
1388545781.25,-29.57375
1388545937.5,-29.57798
1388546093.75,-29.57726
1388546250.0,-29.57461
1388546406.25,-29.57727
1388546562.5,-29.583
1388546718.75,-29.57718
1388546875.0,-29.58591
1388547031.25,-29.58099
1388547187.5,-29.58639
1388547343.75,-29.58201
1388547500.0,-29.59214
1388547656.25,-29.59072
1388547812.5,-29.59552
1388547968.75,-29.58952
1388548125.0,-29.59563
1388548281.25,-29.5931
1388548437.5,-29.59455
1388548593.75,-29.59829
1388548750.0,-29.59891
1388548906.25,-29.6018
1388549062.5,-29.6006
1388549218.75,-29.60386
1388549375.0,-29.60763
1388549531.25,-29.60916
1388549687.5,-29.61305
1388549843.75,-29.60259
1388550000.0,-29.60865
1388550156.25,-29.61718
1388550312.5,-29.61155
1388550468.75,-29.61357
1388550625.0,-29.61225
1388550781.25,-29.62182
1388550937.5,-29.61887
1388551093.75,-29.62277
1388551250.0,-29.62216
1388551406.25,-29.61306
1388551562.5,-29.62679
1388551718.75,-29.62834
1388551875.0,-29.62992
1388552031.25,-29.62811
1388552187.5,-29.62613
1388552343.75,-29.62903
1388552500.0,-29.62728
1388552656.25,-29.62978
1388552812.5,-29.63536
1388552968.75,-29.63388
1388553125.0,-29.63957
1388553281.25,-29.63428
1388553437.5,-29.64123
1388553593.75,-29.64972
1388553750.0,-29.64193
1388553906.25,-29.64559
1388554062.5,-29.64657
1388554218.75,-29.64664
1388554375.0,-29.64744
1388554531.25,-29.64366
1388554687.5,-29.64948
1388554843.75,-29.6539
1388555000.0,-29.65417
1388555156.25,-29.65632
1388555312.5,-29.65642
1388555468.75,-29.65395
1388555625.0,-29.66222
1388555781.25,-29.6599
1388555937.5,-29.658
1388556093.75,-29.66458
1388556250.0,-29.66116
1388556406.25,-29.66795
1388556562.5,-29.67023
1388556718.75,-29.67008
1388556875.0,-29.66916
1388557031.25,-29.66482
1388557187.5,-29.6736
1388557343.75,-29.67452
1388557500.0,-29.66539
1388557656.25,-29.67483
1388557812.5,-29.67616
1388557968.75,-29.68157
1388558125.0,-29.67631
1388558281.25,-29.68336
1388558437.5,-29.68088
1388558593.75,-29.6855
1388558750.0,-29.69254
1388558906.25,-29.69066
1388559062.5,-29.68385
1388559218.75,-29.68536
1388559375.0,-29.68267
1388559531.25,-29.69396
1388559687.5,-29.69353
1388559843.75,-29.69677
1388560000.0,-29.69418
1388560156.25,-29.7005
1388560312.5,-29.69976
1388560468.75,-29.69655
1388560625.0,-29.69859
1388560781.25,-29.70023
1388560937.5,-29.70129
1388561093.75,-29.7011
1388561250.0,-29.70997
1388561406.25,-29.70837
1388561562.5,-29.7114
1388561718.75,-29.71363
1388561875.0,-29.71182
1388562031.25,-29.71064
1388562187.5,-29.71453
1388562343.75,-29.72203
1388562500.0,-29.7127
1388562656.25,-29.7157
1388562812.5,-29.72009
1388562968.75,-29.71626
1388563125.0,-29.72237
1388563281.25,-29.72497
1388563437.5,-29.72584
1388563593.75,-29.7238
1388563750.0,-29.72291
1388563906.25,-29.73035
1388564062.5,-29.72838
1388564218.75,-29.73418
1388564375.0,-29.73037
1388564531.25,-29.7375
1388564687.5,-29.73373
1388564843.75,-29.73518
1388565000.0,-29.73699
1388565156.25,-29.73417
1388565312.5,-29.73832
1388565468.75,-29.74713
1388565625.0,-29.74638
1388565781.25,-29.74144
1388565937.5,-29.74307
1388566093.75,-29.74621
1388566250.0,-29.75036
1388566406.25,-29.74289
1388566562.5,-29.75331
1388566718.75,-29.75261
1388566875.0,-29.75203
1388567031.25,-29.75588
1388567187.5,-29.75819
1388567343.75,-29.75194
1388567500.0,-29.75689
1388567656.25,-29.76027
1388567812.5,-29.75718
1388567968.75,-29.75875
1388568125.0,-29.76291
1388568281.25,-29.76641
1388568437.5,-29.75949
1388568593.75,-29.77104
1388568750.0,-29.76902
1388568906.25,-29.77139
1388569062.5,-29.77499
1388569218.75,-29.77531
1388569375.0,-29.77292
1388569531.25,-29.77159
1388569687.5,-29.77576
1388569843.75,-29.77989
1388570000.0,-29.77776
1388570156.25,-29.78036
1388570312.5,-29.77857
1388570468.75,-29.78105
1388570625.0,-29.78138
1388570781.25,-29.78969
1388570937.5,-29.78116
1388571093.75,-29.78798
1388571250.0,-29.79138
1388571406.25,-29.7901
1388571562.5,-29.791
1388571718.75,-29.79612
1388571875.0,-29.79528
1388572031.25,-29.7976
1388572187.5,-29.79383
1388572343.75,-29.80605
1388572500.0,-29.79892
1388572656.25,-29.80353
1388572812.5,-29.79907
1388572968.75,-29.81228
1388573125.0,-29.80737
1388573281.25,-29.80292
1388573437.5,-29.80707
1388573593.75,-29.80738
1388573750.0,-29.81106
1388573906.25,-29.8094
1388574062.5,-29.80912
1388574218.75,-29.81139
1388574375.0,-29.816
1388574531.25,-29.80987
1388574687.5,-29.81908
1388574843.75,-29.81703
1388575000.0,-29.82032
1388575156.25,-29.82008
1388575312.5,-29.82182
1388575468.75,-29.82605
1388575625.0,-29.82005
1388575781.25,-29.82954
1388575937.5,-29.83075
1388576093.75,-29.82639
1388576250.0,-29.8274
1388576406.25,-29.83603
1388576562.5,-29.83319
1388576718.75,-29.83775
1388576875.0,-29.83767
1388577031.25,-29.83408
1388577187.5,-29.83963
1388577343.75,-29.83963
1388577500.0,-29.83854
1388577656.25,-29.84337
1388577812.5,-29.84083
1388577968.75,-29.84617
1388578125.0,-29.8465
1388578281.25,-29.84941
1388578437.5,-29.84637
1388578593.75,-29.85282
1388578750.0,-29.85278
1388578906.25,-29.84916
1388579062.5,-29.85235
1388579218.75,-29.85401
1388579375.0,-29.86006
1388579531.25,-29.85565
1388579687.5,-29.86027
1388579843.75,-29.86294
1388580000.0,-29.85796
1388580156.25,-29.86816
1388580312.5,-29.86639
1388580468.75,-29.86336
1388580625.0,-29.86463
1388580781.25,-29.87296
1388580937.5,-29.86926
1388581093.75,-29.8706
1388581250.0,-29.87305
1388581406.25,-29.86998
1388581562.5,-29.87849
1388581718.75,-29.87819
1388581875.0,-29.87623
1388582031.25,-29.87464
1388582187.5,-29.87833
1388582343.75,-29.88341
1388582500.0,-29.87994
1388582656.25,-29.88469
1388582812.5,-29.89102
1388582968.75,-29.88523
1388583125.0,-29.88072
1388583281.25,-29.88662
1388583437.5,-29.88854
1388583593.75,-29.89075
1388583750.0,-29.88856
1388583906.25,-29.88922
1388584062.5,-29.89352
1388584218.75,-29.89839
1388584375.0,-29.89512
1388584531.25,-29.89435
1388584687.5,-29.89873
1388584843.75,-29.89935
1388585000.0,-29.89925
1388585156.25,-29.89815
1388585312.5,-29.90254
1388585468.75,-29.91117
1388585625.0,-29.91116
1388585781.25,-29.90947
1388585937.5,-29.91565
1388586093.75,-29.91208
1388586250.0,-29.91293
1388586406.25,-29.91525
1388586562.5,-29.91772
1388586718.75,-29.9166
1388586875.0,-29.92021
1388587031.25,-29.92201
1388587187.5,-29.92018
1388587343.75,-29.91797
1388587500.0,-29.92026
1388587656.25,-29.9245
1388587812.5,-29.93055
1388587968.75,-29.92909
1388588125.0,-29.92897
1388588281.25,-29.92805
1388588437.5,-29.93038
1388588593.75,-29.92655
1388588750.0,-29.93333
1388588906.25,-29.93204
1388589062.5,-29.93329
1388589218.75,-29.93833
1388589375.0,-29.94036
1388589531.25,-29.93816
1388589687.5,-29.94383
1388589843.75,-29.94661
1388590000.0,-29.94272
1388590156.25,-29.9424
1388590312.5,-29.94888
1388590468.75,-29.9517
1388590625.0,-29.9485
1388590781.25,-29.94946
1388590937.5,-29.94547
1388591093.75,-29.9547
1388591250.0,-29.95716
1388591406.25,-29.95654
1388591562.5,-29.95313
1388591718.75,-29.96228
1388591875.0,-29.95755
1388592031.25,-29.96216
1388592187.5,-29.95604
1388592343.75,-29.96502
1388592500.0,-29.96594
1388592656.25,-29.96776
1388592812.5,-29.96864
1388592968.75,-29.96425
1388593125.0,-29.96708
1388593281.25,-29.97006
1388593437.5,-29.97332
1388593593.75,-29.96886
1388593750.0,-29.97086
1388593906.25,-29.9751
1388594062.5,-29.97429
1388594218.75,-29.97516
1388594375.0,-29.97923
1388594531.25,-29.9789
1388594687.5,-29.98388
1388594843.75,-29.98566
1388595000.0,-29.98833
1388595156.25,-29.98363
1388595312.5,-29.98773
1388595468.75,-29.98685
1388595625.0,-29.98799
1388595781.25,-29.99024
1388595937.5,-29.98755
1388596093.75,-29.9905
1388596250.0,-29.99574
1388596406.25,-29.9987
1388596562.5,-29.99758
1388596718.75,-29.99573
1388596875.0,-29.99595
1388597031.25,-29.99541
1388597187.5,-30.00275
1388597343.75,-30.00608
1388597500.0,-30.0072
1388597656.25,-30.00159
1388597812.5,-30.00795
1388597968.75,-30.00518
1388598125.0,-30.01623
1388598281.25,-30.00912
1388598437.5,-30.0073
1388598593.75,-30.01245
1388598750.0,-30.01706
1388598906.25,-30.01688
1388599062.5,-30.01666
1388599218.75,-30.01894
1388599375.0,-30.02367
1388599531.25,-30.01678
1388599687.5,-30.02268
1388599843.75,-30.01566
1388600000.0,-30.02617
1388600156.25,-30.02497
1388600312.5,-30.02267
1388600468.75,-30.02499
1388600625.0,-30.03031
1388600781.25,-30.03336
1388600937.5,-30.02955
1388601093.75,-30.03577
1388601250.0,-30.0404
1388601406.25,-30.03436
1388601562.5,-30.03992
1388601718.75,-30.04315
1388601875.0,-30.04536
1388602031.25,-30.04049
1388602187.5,-30.04062
1388602343.75,-30.04075
1388602500.0,-30.05143
1388602656.25,-30.04229
1388602812.5,-30.04936
1388602968.75,-30.04548
1388603125.0,-30.05135
1388603281.25,-30.05214
1388603437.5,-30.0554
1388603593.75,-30.05484
1388603750.0,-30.05408
1388603906.25,-30.0525
1388604062.5,-30.05635
1388604218.75,-30.05907
1388604375.0,-30.0577
1388604531.25,-30.06308
1388604687.5,-30.06319
1388604843.75,-30.06692
1388605000.0,-30.05976
1388605156.25,-30.06431
1388605312.5,-30.0634
1388605468.75,-30.06932
1388605625.0,-30.0669
1388605781.25,-30.07147
1388605937.5,-30.06536
1388606093.75,-30.07231
1388606250.0,-30.07307
1388606406.25,-30.07488
1388606562.5,-30.07654
1388606718.75,-30.0726
1388606875.0,-30.07972
1388607031.25,-30.08603
1388607187.5,-30.07913
1388607343.75,-30.08091
1388607500.0,-30.08908
1388607656.25,-30.08002
1388607812.5,-30.08517
1388607968.75,-30.08818
1388608125.0,-30.09051
1388608281.25,-30.09207
1388608437.5,-30.08866
1388608593.75,-30.09006
1388608750.0,-30.09837
1388608906.25,-30.0962
1388609062.5,-30.09443
1388609218.75,-30.09455
1388609375.0,-30.09641
1388609531.25,-30.10469
1388609687.5,-30.10172
1388609843.75,-30.10109
1388610000.0,-30.10675
1388610156.25,-30.10591
1388610312.5,-30.10566
1388610468.75,-30.1108
1388610625.0,-30.10993
1388610781.25,-30.11158
1388610937.5,-30.11503
1388611093.75,-30.11521
1388611250.0,-30.11347
1388611406.25,-30.11046
1388611562.5,-30.11175
1388611718.75,-30.11868
1388611875.0,-30.11811
1388612031.25,-30.1181
1388612187.5,-30.12133
1388612343.75,-30.12144
1388612500.0,-30.12548
1388612656.25,-30.12651
1388612812.5,-30.12105
1388612968.75,-30.13249
1388613125.0,-30.129
1388613281.25,-30.13268
1388613437.5,-30.13067
1388613593.75,-30.13494
1388613750.0,-30.13421
1388613906.25,-30.13656
1388614062.5,-30.13593
1388614218.75,-30.13478
1388614375.0,-30.1398
1388614531.25,-30.14425
1388614687.5,-30.14102
1388614843.75,-30.14431
1388615000.0,-30.14502
1388615156.25,-30.14839
1388615312.5,-30.14612
1388615468.75,-30.15158
1388615625.0,-30.15393
1388615781.25,-30.1558
1388615937.5,-30.15046
1388616093.75,-30.15218
1388616250.0,-30.15779
1388616406.25,-30.15314
1388616562.5,-30.15491
1388616718.75,-30.15509
1388616875.0,-30.15703
1388617031.25,-30.15803
1388617187.5,-30.1681
1388617343.75,-30.16489
1388617500.0,-30.16576
1388617656.25,-30.17448
1388617812.5,-30.16423
1388617968.75,-30.17168
1388618125.0,-30.16887
1388618281.25,-30.16869
1388618437.5,-30.17203
1388618593.75,-30.17455
1388618750.0,-30.17073
1388618906.25,-30.17939
1388619062.5,-30.18024
1388619218.75,-30.17335
1388619375.0,-30.18237
1388619531.25,-30.17814
1388619687.5,-30.18149
1388619843.75,-30.18605
1388620000.0,-30.18427
1388620156.25,-30.18305
1388620312.5,-30.18959
1388620468.75,-30.19146
1388620625.0,-30.18935
1388620781.25,-30.19081
1388620937.5,-30.19662
1388621093.75,-30.19367
1388621250.0,-30.19599
1388621406.25,-30.19154
1388621562.5,-30.19849
1388621718.75,-30.1982
1388621875.0,-30.20092
1388622031.25,-30.19755
1388622187.5,-30.20408
1388622343.75,-30.19878
1388622500.0,-30.20687
1388622656.25,-30.20585
1388622812.5,-30.20421
1388622968.75,-30.2081
1388623125.0,-30.21095
1388623281.25,-30.21136
1388623437.5,-30.20442
1388623593.75,-30.21264
1388623750.0,-30.21676
1388623906.25,-30.21149
1388624062.5,-30.21642
1388624218.75,-30.21691
1388624375.0,-30.22197
1388624531.25,-30.21978
1388624687.5,-30.222
1388624843.75,-30.23144
1388625000.0,-30.22857
1388625156.25,-30.23097
1388625312.5,-30.2269
1388625468.75,-30.23413
1388625625.0,-30.23014
1388625781.25,-30.22958
1388625937.5,-30.23471
1388626093.75,-30.22914
1388626250.0,-30.23285
1388626406.25,-30.23685
1388626562.5,-30.23723
1388626718.75,-30.23536
1388626875.0,-30.23992
1388627031.25,-30.23997
1388627187.5,-30.24135
1388627343.75,-30.24126
1388627500.0,-30.24394
1388627656.25,-30.2484
1388627812.5,-30.24685
1388627968.75,-30.2478
1388628125.0,-30.25419
1388628281.25,-30.25191
1388628437.5,-30.25562
1388628593.75,-30.25364
1388628750.0,-30.25192
1388628906.25,-30.25875
1388629062.5,-30.25929
1388629218.75,-30.2542
1388629375.0,-30.25811
1388629531.25,-30.26121
1388629687.5,-30.26245
1388629843.75,-30.26649
1388630000.0,-30.25965
1388630156.25,-30.26114
1388630312.5,-30.26638
1388630468.75,-30.26494
1388630625.0,-30.27096
1388630781.25,-30.2709
1388630937.5,-30.27138
1388631093.75,-30.2723
1388631250.0,-30.27424
1388631406.25,-30.27211
1388631562.5,-30.2785
1388631718.75,-30.27903
1388631875.0,-30.27682
1388632031.25,-30.27919
1388632187.5,-30.28693
1388632343.75,-30.28711
1388632500.0,-30.28367
1388632656.25,-30.28499
1388632812.5,-30.28441
1388632968.75,-30.29033
1388633125.0,-30.28801
1388633281.25,-30.29539
1388633437.5,-30.29386
1388633593.75,-30.29242
1388633750.0,-30.2907
1388633906.25,-30.29253
1388634062.5,-30.29629
1388634218.75,-30.29996
1388634375.0,-30.29795
1388634531.25,-30.29759
1388634687.5,-30.29869
1388634843.75,-30.30304
1388635000.0,-30.30488
1388635156.25,-30.30829
1388635312.5,-30.3038
1388635468.75,-30.30675
1388635625.0,-30.31112
1388635781.25,-30.31785
1388635937.5,-30.31068
1388636093.75,-30.30976
1388636250.0,-30.31772
1388636406.25,-30.31697
1388636562.5,-30.31873
1388636718.75,-30.32325
1388636875.0,-30.31612
1388637031.25,-30.31647
1388637187.5,-30.32207
1388637343.75,-30.31685
1388637500.0,-30.32594
1388637656.25,-30.32616
1388637812.5,-30.32674
1388637968.75,-30.32401
1388638125.0,-30.32594
1388638281.25,-30.32036
1388638437.5,-30.32771
1388638593.75,-30.33149
1388638750.0,-30.33257
1388638906.25,-30.33224
1388639062.5,-30.33912
1388639218.75,-30.34198
1388639375.0,-30.33867
1388639531.25,-30.34362
1388639687.5,-30.33987
1388639843.75,-30.34209
1388640000.0,-30.34286
1388640156.25,-30.34168
1388640312.5,-30.34634
1388640468.75,-30.3509
1388640625.0,-30.33987
1388640781.25,-30.35479
1388640937.5,-30.35607
1388641093.75,-30.34784
1388641250.0,-30.35255
1388641406.25,-30.35217
1388641562.5,-30.35511
1388641718.75,-30.35887
1388641875.0,-30.35701
1388642031.25,-30.3606
1388642187.5,-30.36192
1388642343.75,-30.36015
1388642500.0,-30.363
1388642656.25,-30.36703
1388642812.5,-30.36452
1388642968.75,-30.3631
1388643125.0,-30.36554
1388643281.25,-30.36529
1388643437.5,-30.3731
1388643593.75,-30.36913
1388643750.0,-30.36489
1388643906.25,-30.37066
1388644062.5,-30.37413
1388644218.75,-30.37507
1388644375.0,-30.37823
1388644531.25,-30.37565
1388644687.5,-30.3755
1388644843.75,-30.3797
1388645000.0,-30.37907
1388645156.25,-30.38399
1388645312.5,-30.388
1388645468.75,-30.38736
1388645625.0,-30.38483
1388645781.25,-30.39008
1388645937.5,-30.38585
1388646093.75,-30.38502
1388646250.0,-30.39076
1388646406.25,-30.39353
1388646562.5,-30.39182
1388646718.75,-30.3952
1388646875.0,-30.39153
1388647031.25,-30.39821
1388647187.5,-30.40396
1388647343.75,-30.39696
1388647500.0,-30.40585
1388647656.25,-30.40313
1388647812.5,-30.40258
1388647968.75,-30.40704
1388648125.0,-30.4038
1388648281.25,-30.41553
1388648437.5,-30.40908
1388648593.75,-30.41803
1388648750.0,-30.41288
1388648906.25,-30.40892
1388649062.5,-30.41009
1388649218.75,-30.42029
1388649375.0,-30.40956
1388649531.25,-30.41439
1388649687.5,-30.42257
1388649843.75,-30.42225
1388650000.0,-30.4153
1388650156.25,-30.42754
1388650312.5,-30.42378
1388650468.75,-30.42242
1388650625.0,-30.42336
1388650781.25,-30.42809
1388650937.5,-30.42928
1388651093.75,-30.42649
1388651250.0,-30.42465
1388651406.25,-30.43099
1388651562.5,-30.43093
1388651718.75,-30.42927
1388651875.0,-30.43325
1388652031.25,-30.43878
1388652187.5,-30.4346
1388652343.75,-30.43782
1388652500.0,-30.43945
1388652656.25,-30.43907
1388652812.5,-30.43855
1388652968.75,-30.44454
1388653125.0,-30.44641
1388653281.25,-30.44224
1388653437.5,-30.44583
1388653593.75,-30.44918
1388653750.0,-30.44926
1388653906.25,-30.4554
1388654062.5,-30.45119
1388654218.75,-30.45393
1388654375.0,-30.45195
1388654531.25,-30.46052
1388654687.5,-30.45333
1388654843.75,-30.46007
1388655000.0,-30.46247
1388655156.25,-30.45863
1388655312.5,-30.45831
1388655468.75,-30.46267
1388655625.0,-30.46558
1388655781.25,-30.45984
1388655937.5,-30.46574
1388656093.75,-30.46455
1388656250.0,-30.46785
1388656406.25,-30.46629
1388656562.5,-30.4718
1388656718.75,-30.47865
1388656875.0,-30.47405
1388657031.25,-30.47341
1388657187.5,-30.4753
1388657343.75,-30.4797
1388657500.0,-30.47756
1388657656.25,-30.47989
1388657812.5,-30.47998
1388657968.75,-30.47472
1388658125.0,-30.48848
1388658281.25,-30.48549
1388658437.5,-30.47863
1388658593.75,-30.48334
1388658750.0,-30.48698
1388658906.25,-30.4855
1388659062.5,-30.49238
1388659218.75,-30.48843
1388659375.0,-30.49194
1388659531.25,-30.48945
1388659687.5,-30.49347
1388659843.75,-30.49817
1388660000.0,-30.49231
1388660156.25,-30.49877
1388660312.5,-30.4962
1388660468.75,-30.50041
1388660625.0,-30.5007
1388660781.25,-30.50285
1388660937.5,-30.49591
1388661093.75,-30.50573
1388661250.0,-30.5068
1388661406.25,-30.50216
1388661562.5,-30.50687
1388661718.75,-30.51038
1388661875.0,-30.51176
1388662031.25,-30.51481
1388662187.5,-30.50933
1388662343.75,-30.51044
1388662500.0,-30.51483
1388662656.25,-30.52127
1388662812.5,-30.51079
1388662968.75,-30.51925
1388663125.0,-30.52952
1388663281.25,-30.52318
1388663437.5,-30.52302
1388663593.75,-30.52268
1388663750.0,-30.53083
1388663906.25,-30.52916
1388664062.5,-30.52687
1388664218.75,-30.53094
1388664375.0,-30.5269
1388664531.25,-30.536
1388664687.5,-30.5288
1388664843.75,-30.53108
1388665000.0,-30.53355
1388665156.25,-30.54014
1388665312.5,-30.53877
1388665468.75,-30.53621
1388665625.0,-30.54488
1388665781.25,-30.54478
1388665937.5,-30.54487
1388666093.75,-30.54413
1388666250.0,-30.54653
1388666406.25,-30.55201
1388666562.5,-30.54586
1388666718.75,-30.54576
1388666875.0,-30.55109
1388667031.25,-30.55521
1388667187.5,-30.54966
1388667343.75,-30.55255
1388667500.0,-30.55507
1388667656.25,-30.55864
1388667812.5,-30.55753
1388667968.75,-30.55916
1388668125.0,-30.55775
1388668281.25,-30.55633
1388668437.5,-30.56041
1388668593.75,-30.55912
1388668750.0,-30.5657
1388668906.25,-30.56062
1388669062.5,-30.56487
1388669218.75,-30.56641
1388669375.0,-30.57621
1388669531.25,-30.56586
1388669687.5,-30.56766
1388669843.75,-30.56974
1388670000.0,-30.57416
1388670156.25,-30.57442
1388670312.5,-30.57031
1388670468.75,-30.57797
1388670625.0,-30.57937
1388670781.25,-30.57691
1388670937.5,-30.57629
1388671093.75,-30.57929
1388671250.0,-30.57668
1388671406.25,-30.58552
1388671562.5,-30.58439
1388671718.75,-30.58282
1388671875.0,-30.58446
1388672031.25,-30.59369
1388672187.5,-30.59049
1388672343.75,-30.59234
1388672500.0,-30.58887
1388672656.25,-30.59666
1388672812.5,-30.59017
1388672968.75,-30.59507
1388673125.0,-30.59795
1388673281.25,-30.60084
1388673437.5,-30.59838
1388673593.75,-30.59828
1388673750.0,-30.59504
1388673906.25,-30.6058
1388674062.5,-30.60245
1388674218.75,-30.60483
1388674375.0,-30.60776
1388674531.25,-30.60392
1388674687.5,-30.60623
1388674843.75,-30.60711
1388675000.0,-30.61049
1388675156.25,-30.61876
1388675312.5,-30.61282
1388675468.75,-30.62021
1388675625.0,-30.61812
1388675781.25,-30.61784
1388675937.5,-30.62326
1388676093.75,-30.62274
1388676250.0,-30.61957
1388676406.25,-30.62487
1388676562.5,-30.62712
1388676718.75,-30.62213
1388676875.0,-30.62369
1388677031.25,-30.62912
1388677187.5,-30.63096
1388677343.75,-30.62782
1388677500.0,-30.63006
1388677656.25,-30.63428
1388677812.5,-30.63504
1388677968.75,-30.63247
1388678125.0,-30.63618
1388678281.25,-30.63283
1388678437.5,-30.64097
1388678593.75,-30.63728
1388678750.0,-30.64277
1388678906.25,-30.64176
1388679062.5,-30.63607
1388679218.75,-30.64526
1388679375.0,-30.64469
1388679531.25,-30.64136
1388679687.5,-30.64548
1388679843.75,-30.64656
1388680000.0,-30.64517
1388680156.25,-30.65451
1388680312.5,-30.64869
1388680468.75,-30.64953
1388680625.0,-30.64891
1388680781.25,-30.65396
1388680937.5,-30.65863
1388681093.75,-30.66196
1388681250.0,-30.65686
1388681406.25,-30.66085
1388681562.5,-30.6622
1388681718.75,-30.65454
1388681875.0,-30.66264
1388682031.25,-30.67076
1388682187.5,-30.66932
1388682343.75,-30.66516
1388682500.0,-30.66488
1388682656.25,-30.67054
1388682812.5,-30.6711
1388682968.75,-30.67076
1388683125.0,-30.67359
1388683281.25,-30.66891
1388683437.5,-30.67534
1388683593.75,-30.67257
1388683750.0,-30.67568
1388683906.25,-30.68087
1388684062.5,-30.67372
1388684218.75,-30.67932
1388684375.0,-30.68335
1388684531.25,-30.68129
1388684687.5,-30.68339
1388684843.75,-30.68365
1388685000.0,-30.68279
1388685156.25,-30.68359
1388685312.5,-30.68973
1388685468.75,-30.6892
1388685625.0,-30.69356
1388685781.25,-30.69178
1388685937.5,-30.69748
1388686093.75,-30.69206
1388686250.0,-30.6977
1388686406.25,-30.69604
1388686562.5,-30.69743
1388686718.75,-30.70235
1388686875.0,-30.70387
1388687031.25,-30.69723
1388687187.5,-30.70169
1388687343.75,-30.70413
1388687500.0,-30.70617
1388687656.25,-30.70955
1388687812.5,-30.70456
1388687968.75,-30.70867
1388688125.0,-30.71125
1388688281.25,-30.71593
1388688437.5,-30.71367
1388688593.75,-30.71418
1388688750.0,-30.71739
1388688906.25,-30.71608
1388689062.5,-30.71255
1388689218.75,-30.71934
1388689375.0,-30.72273
1388689531.25,-30.72184
1388689687.5,-30.72047
1388689843.75,-30.7226
1388690000.0,-30.7261
1388690156.25,-30.72696
1388690312.5,-30.72675
1388690468.75,-30.72442
1388690625.0,-30.72978
1388690781.25,-30.73579
1388690937.5,-30.72558
1388691093.75,-30.73671
1388691250.0,-30.73767
1388691406.25,-30.73483
1388691562.5,-30.74413
1388691718.75,-30.74006
1388691875.0,-30.7418
1388692031.25,-30.73774
1388692187.5,-30.74555
1388692343.75,-30.74537
1388692500.0,-30.74235
1388692656.25,-30.7465
1388692812.5,-30.74392
1388692968.75,-30.7443
1388693125.0,-30.74609
1388693281.25,-30.74591
1388693437.5,-30.74879
1388693593.75,-30.75607
1388693750.0,-30.75515
1388693906.25,-30.76164
1388694062.5,-30.75795
1388694218.75,-30.75717
1388694375.0,-30.75366
1388694531.25,-30.75872
1388694687.5,-30.75873
1388694843.75,-30.75873
1388695000.0,-30.76463
1388695156.25,-30.7664
1388695312.5,-30.76988
1388695468.75,-30.76797
1388695625.0,-30.76712
1388695781.25,-30.76547
1388695937.5,-30.77187
1388696093.75,-30.77023
1388696250.0,-30.77263
1388696406.25,-30.77069
1388696562.5,-30.7691
1388696718.75,-30.76859
1388696875.0,-30.77321
1388697031.25,-30.77673
1388697187.5,-30.78034
1388697343.75,-30.77724
1388697500.0,-30.77887
1388697656.25,-30.78415
1388697812.5,-30.7846
1388697968.75,-30.78795
1388698125.0,-30.78356
1388698281.25,-30.78315
1388698437.5,-30.78621
1388698593.75,-30.78613
1388698750.0,-30.78804
1388698906.25,-30.79536
1388699062.5,-30.79704
1388699218.75,-30.7964
1388699375.0,-30.79171
1388699531.25,-30.79329
1388699687.5,-30.79731
1388699843.75,-30.79937
1388700000.0,-30.80094
1388700156.25,-30.79503
1388700312.5,-30.80309
1388700468.75,-30.80006
1388700625.0,-30.80798
1388700781.25,-30.81202
1388700937.5,-30.80569
1388701093.75,-30.80758
1388701250.0,-30.80982
1388701406.25,-30.79825
1388701562.5,-30.81184
1388701718.75,-30.81196
1388701875.0,-30.80824
1388702031.25,-30.81028
1388702187.5,-30.81105
1388702343.75,-30.81639
1388702500.0,-30.82139
1388702656.25,-30.8182
1388702812.5,-30.82356
1388702968.75,-30.82223
1388703125.0,-30.82461
1388703281.25,-30.82885
1388703437.5,-30.82623
1388703593.75,-30.83218
1388703750.0,-30.8286
1388703906.25,-30.829
1388704062.5,-30.82894
1388704218.75,-30.82043
1388704375.0,-30.83533
1388704531.25,-30.83245
1388704687.5,-30.83119
1388704843.75,-30.83415
1388705000.0,-30.83597
1388705156.25,-30.83359
1388705312.5,-30.83906
1388705468.75,-30.84186
1388705625.0,-30.84008
1388705781.25,-30.8361
1388705937.5,-30.84949
1388706093.75,-30.84152
1388706250.0,-30.84275
1388706406.25,-30.84768
1388706562.5,-30.84678
1388706718.75,-30.84858
1388706875.0,-30.85332
1388707031.25,-30.84718
1388707187.5,-30.85496
1388707343.75,-30.85596
1388707500.0,-30.85315
1388707656.25,-30.85537
1388707812.5,-30.84898
1388707968.75,-30.86119
1388708125.0,-30.8603
1388708281.25,-30.85766
1388708437.5,-30.86216
1388708593.75,-30.86173
1388708750.0,-30.86824
1388708906.25,-30.86016
1388709062.5,-30.86831
1388709218.75,-30.86878
1388709375.0,-30.86543
1388709531.25,-30.8672
1388709687.5,-30.86902
1388709843.75,-30.86949
1388710000.0,-30.8729
1388710156.25,-30.8748
1388710312.5,-30.87304
1388710468.75,-30.87689
1388710625.0,-30.87595
1388710781.25,-30.88034
1388710937.5,-30.87657
1388711093.75,-30.87646
1388711250.0,-30.88021
1388711406.25,-30.88563
1388711562.5,-30.87883
1388711718.75,-30.88753
1388711875.0,-30.88618
1388712031.25,-30.88581
1388712187.5,-30.89052
1388712343.75,-30.89121
1388712500.0,-30.88981
1388712656.25,-30.89054
1388712812.5,-30.89751
1388712968.75,-30.89258
1388713125.0,-30.89439
1388713281.25,-30.89233
1388713437.5,-30.90006
1388713593.75,-30.90337
1388713750.0,-30.89822
1388713906.25,-30.90285
1388714062.5,-30.90413
1388714218.75,-30.90142
1388714375.0,-30.9015
1388714531.25,-30.90836
1388714687.5,-30.91066
1388714843.75,-30.91412
1388715000.0,-30.90892
1388715156.25,-30.90606
1388715312.5,-30.91002
1388715468.75,-30.91375
1388715625.0,-30.9062
1388715781.25,-30.90942
1388715937.5,-30.91642
1388716093.75,-30.91997
1388716250.0,-30.91558
1388716406.25,-30.92224
1388716562.5,-30.92523
1388716718.75,-30.92001
1388716875.0,-30.91853
1388717031.25,-30.92647
1388717187.5,-30.9283
1388717343.75,-30.9213
1388717500.0,-30.92665
1388717656.25,-30.92615
1388717812.5,-30.92855
1388717968.75,-30.92992
1388718125.0,-30.92961
1388718281.25,-30.93811
1388718437.5,-30.92973
1388718593.75,-30.9361
1388718750.0,-30.92816
1388718906.25,-30.9376
1388719062.5,-30.94034
1388719218.75,-30.93942
1388719375.0,-30.93917
1388719531.25,-30.9419
1388719687.5,-30.94329
1388719843.75,-30.94052
1388720000.0,-30.93716
1388720156.25,-30.94565
1388720312.5,-30.94736
1388720468.75,-30.94989
1388720625.0,-30.94756
1388720781.25,-30.95907
1388720937.5,-30.95908
1388721093.75,-30.95159
1388721250.0,-30.95765
1388721406.25,-30.94914
1388721562.5,-30.9596
1388721718.75,-30.95823
1388721875.0,-30.95961
1388722031.25,-30.9585
1388722187.5,-30.96047
1388722343.75,-30.96047
1388722500.0,-30.95812
1388722656.25,-30.96358
1388722812.5,-30.96008
1388722968.75,-30.96733
1388723125.0,-30.96492
1388723281.25,-30.96814
1388723437.5,-30.96947
1388723593.75,-30.96998
1388723750.0,-30.97267
1388723906.25,-30.97866
1388724062.5,-30.98261
1388724218.75,-30.98177
1388724375.0,-30.97953
1388724531.25,-30.9723
1388724687.5,-30.98132
1388724843.75,-30.98123
1388725000.0,-30.97995
1388725156.25,-30.98486
1388725312.5,-30.98196
1388725468.75,-30.98059
1388725625.0,-30.98564
1388725781.25,-30.9875
1388725937.5,-30.98865
1388726093.75,-30.99188
1388726250.0,-30.99078
1388726406.25,-30.99171
1388726562.5,-30.99405
1388726718.75,-30.99273
1388726875.0,-30.99503
1388727031.25,-31.00007
1388727187.5,-31.00028
1388727343.75,-30.99895
1388727500.0,-31.00682
1388727656.25,-31.0061
1388727812.5,-30.99695
1388727968.75,-31.00627
1388728125.0,-31.00327
1388728281.25,-31.0097
1388728437.5,-31.00347
1388728593.75,-31.01216
1388728750.0,-31.01283
1388728906.25,-31.01865
1388729062.5,-31.01465
1388729218.75,-31.01597
1388729375.0,-31.01402
1388729531.25,-31.01733
1388729687.5,-31.01253
1388729843.75,-31.02159
1388730000.0,-31.01804
1388730156.25,-31.01809
1388730312.5,-31.01899
1388730468.75,-31.02006
1388730625.0,-31.02671
1388730781.25,-31.02198
1388730937.5,-31.02073
1388731093.75,-31.03862
1388731250.0,-31.02423
1388731406.25,-31.02538
1388731562.5,-31.0381
1388731718.75,-31.03103
1388731875.0,-31.02822
1388732031.25,-31.02861
1388732187.5,-31.03775
1388732343.75,-31.0301
1388732500.0,-31.03869
1388732656.25,-31.04218
1388732812.5,-31.03882
1388732968.75,-31.03495
1388733125.0,-31.03849
1388733281.25,-31.04741
1388733437.5,-31.04167
1388733593.75,-31.04176
1388733750.0,-31.04834
1388733906.25,-31.04636
1388734062.5,-31.04909
1388734218.75,-31.05381
1388734375.0,-31.04542
1388734531.25,-31.05329
1388734687.5,-31.0548
1388734843.75,-31.05042
1388735000.0,-31.05587
1388735156.25,-31.05829
1388735312.5,-31.05954
1388735468.75,-31.05732
1388735625.0,-31.06014
1388735781.25,-31.05863
1388735937.5,-31.05699
1388736093.75,-31.06484
1388736250.0,-31.06537
1388736406.25,-31.06664
1388736562.5,-31.06321
1388736718.75,-31.06882
1388736875.0,-31.06782
1388737031.25,-31.06255
1388737187.5,-31.06696
1388737343.75,-31.06981
1388737500.0,-31.0687
1388737656.25,-31.07393
1388737812.5,-31.07134
1388737968.75,-31.0788
1388738125.0,-31.07984
1388738281.25,-31.07241
1388738437.5,-31.07998
1388738593.75,-31.08076
1388738750.0,-31.07953
1388738906.25,-31.08105
1388739062.5,-31.08621
1388739218.75,-31.08669
1388739375.0,-31.08703
1388739531.25,-31.09192
1388739687.5,-31.08201
1388739843.75,-31.08755
1388740000.0,-31.09019
1388740156.25,-31.09169
1388740312.5,-31.09373
1388740468.75,-31.0892
1388740625.0,-31.08608
1388740781.25,-31.09254
1388740937.5,-31.09252
1388741093.75,-31.09529
1388741250.0,-31.09824
1388741406.25,-31.10093
1388741562.5,-31.10247
1388741718.75,-31.10365
1388741875.0,-31.10287
1388742031.25,-31.10408
1388742187.5,-31.10306
1388742343.75,-31.10829
1388742500.0,-31.10858
1388742656.25,-31.11212
1388742812.5,-31.11537
1388742968.75,-31.11623
1388743125.0,-31.11192
1388743281.25,-31.11283
1388743437.5,-31.11426
1388743593.75,-31.11408
1388743750.0,-31.11924
1388743906.25,-31.11942
1388744062.5,-31.12101
1388744218.75,-31.12197
1388744375.0,-31.12151
1388744531.25,-31.12428
1388744687.5,-31.12205
1388744843.75,-31.1258
1388745000.0,-31.12838
1388745156.25,-31.1292
1388745312.5,-31.12997
1388745468.75,-31.13081
1388745625.0,-31.13047
1388745781.25,-31.1333
1388745937.5,-31.13199
1388746093.75,-31.13368
1388746250.0,-31.13663
1388746406.25,-31.13656
1388746562.5,-31.13237
1388746718.75,-31.13228
1388746875.0,-31.14163
1388747031.25,-31.1371
1388747187.5,-31.14405
1388747343.75,-31.13923
1388747500.0,-31.14338
1388747656.25,-31.14695
1388747812.5,-31.14248
1388747968.75,-31.15141
1388748125.0,-31.15232
1388748281.25,-31.1436
1388748437.5,-31.15202
1388748593.75,-31.14845
1388748750.0,-31.15667
1388748906.25,-31.15355
1388749062.5,-31.15653
1388749218.75,-31.15697
1388749375.0,-31.15153
1388749531.25,-31.15228
1388749687.5,-31.15728
1388749843.75,-31.15667
1388750000.0,-31.16439
1388750156.25,-31.16385
1388750312.5,-31.16453
1388750468.75,-31.16564
1388750625.0,-31.16499
1388750781.25,-31.16292
1388750937.5,-31.17281
1388751093.75,-31.16967
1388751250.0,-31.17584
1388751406.25,-31.17882
1388751562.5,-31.16685
1388751718.75,-31.17252
1388751875.0,-31.17995
1388752031.25,-31.18252
1388752187.5,-31.17292
1388752343.75,-31.1759
1388752500.0,-31.17585
1388752656.25,-31.17831
1388752812.5,-31.18275
1388752968.75,-31.17849
1388753125.0,-31.18488
1388753281.25,-31.18453
1388753437.5,-31.18974
1388753593.75,-31.18825
1388753750.0,-31.19168
1388753906.25,-31.18361
1388754062.5,-31.18987
1388754218.75,-31.18981
1388754375.0,-31.1955
1388754531.25,-31.19448
1388754687.5,-31.19369
1388754843.75,-31.18864
1388755000.0,-31.19945
1388755156.25,-31.19752
1388755312.5,-31.2013
1388755468.75,-31.20428
1388755625.0,-31.20284
1388755781.25,-31.20201
1388755937.5,-31.20386
1388756093.75,-31.20208
1388756250.0,-31.20666
1388756406.25,-31.20593
1388756562.5,-31.21267
1388756718.75,-31.2117
1388756875.0,-31.20983
1388757031.25,-31.21012
1388757187.5,-31.21691
1388757343.75,-31.20799
1388757500.0,-31.21559
1388757656.25,-31.21329
1388757812.5,-31.21756
1388757968.75,-31.21369
1388758125.0,-31.22318
1388758281.25,-31.21988
1388758437.5,-31.21955
1388758593.75,-31.22075
1388758750.0,-31.21635
1388758906.25,-31.22103
1388759062.5,-31.22486
1388759218.75,-31.22279
1388759375.0,-31.2336
1388759531.25,-31.23244
1388759687.5,-31.23443
1388759843.75,-31.23271
1388760000.0,-31.22848
1388760156.25,-31.22737
1388760312.5,-31.23556
1388760468.75,-31.23504
1388760625.0,-31.23711
1388760781.25,-31.23221
1388760937.5,-31.24404
1388761093.75,-31.24422
1388761250.0,-31.24264
1388761406.25,-31.23773
1388761562.5,-31.24714
1388761718.75,-31.24751
1388761875.0,-31.24392
1388762031.25,-31.24508
1388762187.5,-31.24723
1388762343.75,-31.2511
1388762500.0,-31.23992
1388762656.25,-31.2539
1388762812.5,-31.25352
1388762968.75,-31.24827
1388763125.0,-31.25592
1388763281.25,-31.25658
1388763437.5,-31.25942
1388763593.75,-31.25613
1388763750.0,-31.25193
1388763906.25,-31.25422
1388764062.5,-31.26062
1388764218.75,-31.26136
1388764375.0,-31.26203
1388764531.25,-31.27089
1388764687.5,-31.26619
1388764843.75,-31.2574
1388765000.0,-31.26696
1388765156.25,-31.26283
1388765312.5,-31.26727
1388765468.75,-31.27291
1388765625.0,-31.27325
1388765781.25,-31.27248
1388765937.5,-31.27805
1388766093.75,-31.27249
1388766250.0,-31.27564
1388766406.25,-31.28175
1388766562.5,-31.28164
1388766718.75,-31.27976
1388766875.0,-31.28241
1388767031.25,-31.2791
1388767187.5,-31.28063
1388767343.75,-31.2849
1388767500.0,-31.28212
1388767656.25,-31.2829
1388767812.5,-31.28641
1388767968.75,-31.28712
1388768125.0,-31.2853
1388768281.25,-31.2888
1388768437.5,-31.28981
1388768593.75,-31.28819
1388768750.0,-31.29416
1388768906.25,-31.29745
1388769062.5,-31.29418
1388769218.75,-31.30245
1388769375.0,-31.29518
1388769531.25,-31.30119
1388769687.5,-31.29899
1388769843.75,-31.29679
1388770000.0,-31.30557
1388770156.25,-31.30439
1388770312.5,-31.30413
1388770468.75,-31.31101
1388770625.0,-31.30763
1388770781.25,-31.31108
1388770937.5,-31.30496
1388771093.75,-31.31428
1388771250.0,-31.31224
1388771406.25,-31.31426
1388771562.5,-31.31446
1388771718.75,-31.30542
1388771875.0,-31.31143
1388772031.25,-31.31411
1388772187.5,-31.31215
1388772343.75,-31.31194
1388772500.0,-31.32043
1388772656.25,-31.32167
1388772812.5,-31.3228
1388772968.75,-31.32027
1388773125.0,-31.32685
1388773281.25,-31.32744
1388773437.5,-31.31888
1388773593.75,-31.33108
1388773750.0,-31.32542
1388773906.25,-31.33077
1388774062.5,-31.321
1388774218.75,-31.33106
1388774375.0,-31.33187
1388774531.25,-31.33081
1388774687.5,-31.33254
1388774843.75,-31.33297
1388775000.0,-31.33357
1388775156.25,-31.33858
1388775312.5,-31.33493
1388775468.75,-31.34106
1388775625.0,-31.35009
1388775781.25,-31.34263
1388775937.5,-31.34778
1388776093.75,-31.34623
1388776250.0,-31.34808
1388776406.25,-31.34577
1388776562.5,-31.35108
1388776718.75,-31.34434
1388776875.0,-31.35061
1388777031.25,-31.35402
1388777187.5,-31.35667
1388777343.75,-31.34964
1388777500.0,-31.35714
1388777656.25,-31.35626
1388777812.5,-31.35433
1388777968.75,-31.34687
1388778125.0,-31.36206
1388778281.25,-31.35919
1388778437.5,-31.35849
1388778593.75,-31.36315
1388778750.0,-31.36587
1388778906.25,-31.36259
1388779062.5,-31.36797
1388779218.75,-31.36807
1388779375.0,-31.37354
1388779531.25,-31.3681
1388779687.5,-31.37188
1388779843.75,-31.37556
1388780000.0,-31.37627
1388780156.25,-31.38017
1388780312.5,-31.37557
1388780468.75,-31.37304
1388780625.0,-31.37779
1388780781.25,-31.36878
1388780937.5,-31.38375
1388781093.75,-31.38319
1388781250.0,-31.3804
1388781406.25,-31.38964
1388781562.5,-31.38818
1388781718.75,-31.38576
1388781875.0,-31.39174
1388782031.25,-31.38756
1388782187.5,-31.38684
1388782343.75,-31.3886
1388782500.0,-31.39407
1388782656.25,-31.39325
1388782812.5,-31.39337
1388782968.75,-31.38578
1388783125.0,-31.39558
1388783281.25,-31.39465
1388783437.5,-31.394
1388783593.75,-31.39195
1388783750.0,-31.39152
1388783906.25,-31.39734
1388784062.5,-31.39805
1388784218.75,-31.40608
1388784375.0,-31.40432
1388784531.25,-31.40406
1388784687.5,-31.40013
1388784843.75,-31.40795
1388785000.0,-31.41065
1388785156.25,-31.40744
1388785312.5,-31.41247
1388785468.75,-31.40959
1388785625.0,-31.4115
1388785781.25,-31.41339
1388785937.5,-31.41212
1388786093.75,-31.41355
1388786250.0,-31.42006
1388786406.25,-31.42081
1388786562.5,-31.41607
1388786718.75,-31.41866
1388786875.0,-31.41444
1388787031.25,-31.42182
1388787187.5,-31.42537
1388787343.75,-31.42107
1388787500.0,-31.41863
1388787656.25,-31.42378
1388787812.5,-31.42266
1388787968.75,-31.42685
1388788125.0,-31.42322
1388788281.25,-31.4261
1388788437.5,-31.43639
1388788593.75,-31.42846
1388788750.0,-31.43734
1388788906.25,-31.43565
1388789062.5,-31.43014
1388789218.75,-31.4395
1388789375.0,-31.43719
1388789531.25,-31.43064
1388789687.5,-31.43258
1388789843.75,-31.44887
1388790000.0,-31.43537
1388790156.25,-31.44715
1388790312.5,-31.44024
1388790468.75,-31.44591
1388790625.0,-31.44212
1388790781.25,-31.44211
1388790937.5,-31.44008
1388791093.75,-31.4532
1388791250.0,-31.44231
1388791406.25,-31.44833
1388791562.5,-31.45219
1388791718.75,-31.45681
1388791875.0,-31.44956
1388792031.25,-31.45682
1388792187.5,-31.45601
1388792343.75,-31.45045
1388792500.0,-31.45866
1388792656.25,-31.45304
1388792812.5,-31.4624
1388792968.75,-31.46718
1388793125.0,-31.4598
1388793281.25,-31.46257
1388793437.5,-31.45481
1388793593.75,-31.46433
1388793750.0,-31.46444
1388793906.25,-31.46871
1388794062.5,-31.46472
1388794218.75,-31.46506
1388794375.0,-31.47098
1388794531.25,-31.47911
1388794687.5,-31.47117
1388794843.75,-31.47692
1388795000.0,-31.47368
1388795156.25,-31.4792
1388795312.5,-31.47831
1388795468.75,-31.47921
1388795625.0,-31.48104
1388795781.25,-31.48625
1388795937.5,-31.48156
1388796093.75,-31.47887
1388796250.0,-31.48254
1388796406.25,-31.49071
1388796562.5,-31.48322
1388796718.75,-31.48858
1388796875.0,-31.48481
1388797031.25,-31.4894
1388797187.5,-31.49624
1388797343.75,-31.49772
1388797500.0,-31.49076
1388797656.25,-31.49961
1388797812.5,-31.49503
1388797968.75,-31.49106
1388798125.0,-31.49784
1388798281.25,-31.49901
1388798437.5,-31.50243
1388798593.75,-31.49671
1388798750.0,-31.50711
1388798906.25,-31.502
1388799062.5,-31.50183
1388799218.75,-31.504
1388799375.0,-31.50154
1388799531.25,-31.50264
1388799687.5,-31.50614
1388799843.75,-31.50512
1388800000.0,-31.50791
1388800156.25,-31.50829
1388800312.5,-31.51016
1388800468.75,-31.50987
1388800625.0,-31.51328
1388800781.25,-31.50831
1388800937.5,-31.51795
1388801093.75,-31.5183
1388801250.0,-31.51849
1388801406.25,-31.51553
1388801562.5,-31.51577
1388801718.75,-31.5224
1388801875.0,-31.52185
1388802031.25,-31.52322
1388802187.5,-31.52505
1388802343.75,-31.52408
1388802500.0,-31.52539
1388802656.25,-31.52015
1388802812.5,-31.53254
1388802968.75,-31.53581
1388803125.0,-31.52962
1388803281.25,-31.5256
1388803437.5,-31.53526
1388803593.75,-31.53423
1388803750.0,-31.5412
1388803906.25,-31.53909
1388804062.5,-31.53949
1388804218.75,-31.5426
1388804375.0,-31.54136
1388804531.25,-31.5354
1388804687.5,-31.53612
1388804843.75,-31.55104
1388805000.0,-31.54675
1388805156.25,-31.53527
1388805312.5,-31.54202
1388805468.75,-31.54317
1388805625.0,-31.54286
1388805781.25,-31.54594
1388805937.5,-31.55451
1388806093.75,-31.55242
1388806250.0,-31.55614
1388806406.25,-31.55143
1388806562.5,-31.55025
1388806718.75,-31.55598
1388806875.0,-31.5529
1388807031.25,-31.55846
1388807187.5,-31.56355
1388807343.75,-31.55769
1388807500.0,-31.56176
1388807656.25,-31.56553
1388807812.5,-31.55559
1388807968.75,-31.56315
1388808125.0,-31.56862
1388808281.25,-31.56536
1388808437.5,-31.56919
1388808593.75,-31.56754
1388808750.0,-31.56327
1388808906.25,-31.56302
1388809062.5,-31.57045
1388809218.75,-31.57135
1388809375.0,-31.57704
1388809531.25,-31.57028
1388809687.5,-31.57883
1388809843.75,-31.57403
1388810000.0,-31.57763
1388810156.25,-31.57651
1388810312.5,-31.57945
1388810468.75,-31.5815
1388810625.0,-31.58606
1388810781.25,-31.58365
1388810937.5,-31.58516
1388811093.75,-31.58159
1388811250.0,-31.58414
1388811406.25,-31.58372
1388811562.5,-31.59205
1388811718.75,-31.5932
1388811875.0,-31.59325
1388812031.25,-31.58654
1388812187.5,-31.58883
1388812343.75,-31.59456
1388812500.0,-31.60667
1388812656.25,-31.59828
1388812812.5,-31.60047
1388812968.75,-31.59472
1388813125.0,-31.60075
1388813281.25,-31.60063
1388813437.5,-31.59571
1388813593.75,-31.60141
1388813750.0,-31.60135
1388813906.25,-31.60372
1388814062.5,-31.60107
1388814218.75,-31.60346
1388814375.0,-31.60835
1388814531.25,-31.6044
1388814687.5,-31.61122
1388814843.75,-31.61042
1388815000.0,-31.60751
1388815156.25,-31.61266
1388815312.5,-31.61819
1388815468.75,-31.61778
1388815625.0,-31.62236
1388815781.25,-31.61499
1388815937.5,-31.61598
1388816093.75,-31.61581
1388816250.0,-31.62309
1388816406.25,-31.62815
1388816562.5,-31.62565
1388816718.75,-31.62475
1388816875.0,-31.62421
1388817031.25,-31.62905
1388817187.5,-31.62551
1388817343.75,-31.62721
1388817500.0,-31.62483
1388817656.25,-31.63051
1388817812.5,-31.62631
1388817968.75,-31.63107
1388818125.0,-31.63218
1388818281.25,-31.63256
1388818437.5,-31.63573
1388818593.75,-31.63571
1388818750.0,-31.63903
1388818906.25,-31.632
1388819062.5,-31.63644
1388819218.75,-31.64103
1388819375.0,-31.63827
1388819531.25,-31.63942
1388819687.5,-31.64593
1388819843.75,-31.64261
1388820000.0,-31.64789
1388820156.25,-31.64507
1388820312.5,-31.6384
1388820468.75,-31.64895
1388820625.0,-31.64608
1388820781.25,-31.64928
1388820937.5,-31.65723
1388821093.75,-31.65106
1388821250.0,-31.65381
1388821406.25,-31.6537
1388821562.5,-31.65256
1388821718.75,-31.64786
1388821875.0,-31.66126
1388822031.25,-31.6567
1388822187.5,-31.6588
1388822343.75,-31.6682
1388822500.0,-31.65966
1388822656.25,-31.66232
1388822812.5,-31.66571
1388822968.75,-31.66371
1388823125.0,-31.66966
1388823281.25,-31.66523
1388823437.5,-31.65808
1388823593.75,-31.67108
1388823750.0,-31.67082
1388823906.25,-31.67857
1388824062.5,-31.67372
1388824218.75,-31.67442
1388824375.0,-31.672
1388824531.25,-31.67971
1388824687.5,-31.67637
1388824843.75,-31.67252
1388825000.0,-31.6818
1388825156.25,-31.68252
1388825312.5,-31.68385
1388825468.75,-31.68401
1388825625.0,-31.68275
1388825781.25,-31.68361
1388825937.5,-31.67991
1388826093.75,-31.68636
1388826250.0,-31.68662
1388826406.25,-31.68636
1388826562.5,-31.68489
1388826718.75,-31.69091
1388826875.0,-31.6848
1388827031.25,-31.68741
1388827187.5,-31.69119
1388827343.75,-31.69057
1388827500.0,-31.69624
1388827656.25,-31.69769
1388827812.5,-31.69985
1388827968.75,-31.70086
1388828125.0,-31.69864
1388828281.25,-31.7006
1388828437.5,-31.6995
1388828593.75,-31.70271
1388828750.0,-31.70662
1388828906.25,-31.70179
1388829062.5,-31.70799
1388829218.75,-31.71163
1388829375.0,-31.70779
1388829531.25,-31.70635
1388829687.5,-31.70831
1388829843.75,-31.71418
1388830000.0,-31.71026
1388830156.25,-31.71664
1388830312.5,-31.72075
1388830468.75,-31.70894
1388830625.0,-31.71756
1388830781.25,-31.73017
1388830937.5,-31.72318
1388831093.75,-31.71722
1388831250.0,-31.71776
1388831406.25,-31.72053
1388831562.5,-31.72114
1388831718.75,-31.71543
1388831875.0,-31.72285
1388832031.25,-31.72753
1388832187.5,-31.72635
1388832343.75,-31.73207
1388832500.0,-31.73155
1388832656.25,-31.73439
1388832812.5,-31.73009
1388832968.75,-31.73159
1388833125.0,-31.73081
1388833281.25,-31.73531
1388833437.5,-31.73409
1388833593.75,-31.73704
1388833750.0,-31.73493
1388833906.25,-31.7335
1388834062.5,-31.738
1388834218.75,-31.74332
1388834375.0,-31.73732
1388834531.25,-31.74345
1388834687.5,-31.73775
1388834843.75,-31.74279
1388835000.0,-31.74788
1388835156.25,-31.74896
1388835312.5,-31.74624
1388835468.75,-31.74681
1388835625.0,-31.73885
1388835781.25,-31.74872
1388835937.5,-31.74695
1388836093.75,-31.75013
1388836250.0,-31.75409
1388836406.25,-31.75825
1388836562.5,-31.75506
1388836718.75,-31.75426
1388836875.0,-31.75749
1388837031.25,-31.75863
1388837187.5,-31.75655
1388837343.75,-31.75634
1388837500.0,-31.7562
1388837656.25,-31.76915
1388837812.5,-31.7666
1388837968.75,-31.76144
1388838125.0,-31.7624
1388838281.25,-31.76424
1388838437.5,-31.76613
1388838593.75,-31.7721
1388838750.0,-31.76966
1388838906.25,-31.77036
1388839062.5,-31.76882
1388839218.75,-31.77737
1388839375.0,-31.76904
1388839531.25,-31.77068
1388839687.5,-31.77322
1388839843.75,-31.77569
1388840000.0,-31.7752
1388840156.25,-31.78332
1388840312.5,-31.78247
1388840468.75,-31.77718
1388840625.0,-31.78033
1388840781.25,-31.78086
1388840937.5,-31.78712
1388841093.75,-31.78624
1388841250.0,-31.78376
1388841406.25,-31.78482
1388841562.5,-31.79103
1388841718.75,-31.79097
1388841875.0,-31.79489
1388842031.25,-31.79882
1388842187.5,-31.79487
1388842343.75,-31.79152
1388842500.0,-31.79712
1388842656.25,-31.79223
1388842812.5,-31.79239
1388842968.75,-31.79773
1388843125.0,-31.7958
1388843281.25,-31.80428
1388843437.5,-31.80214
1388843593.75,-31.79727
1388843750.0,-31.80426
1388843906.25,-31.80297
1388844062.5,-31.80977
1388844218.75,-31.80439
1388844375.0,-31.80763
1388844531.25,-31.80018
1388844687.5,-31.80775
1388844843.75,-31.82028
1388845000.0,-31.81689
1388845156.25,-31.81419
1388845312.5,-31.81082
1388845468.75,-31.80946
1388845625.0,-31.81715
1388845781.25,-31.81756
1388845937.5,-31.81476
1388846093.75,-31.81915
1388846250.0,-31.81678
1388846406.25,-31.81832
1388846562.5,-31.819
1388846718.75,-31.82041
1388846875.0,-31.82208
1388847031.25,-31.82491
1388847187.5,-31.83022
1388847343.75,-31.83147
1388847500.0,-31.82048
1388847656.25,-31.82775
1388847812.5,-31.83389
1388847968.75,-31.82635
1388848125.0,-31.82616
1388848281.25,-31.83076
1388848437.5,-31.83359
1388848593.75,-31.83623
1388848750.0,-31.84003
1388848906.25,-31.8407
1388849062.5,-31.83896
1388849218.75,-31.83979
1388849375.0,-31.84142
1388849531.25,-31.83962
1388849687.5,-31.83572
1388849843.75,-31.84667
1388850000.0,-31.83742
1388850156.25,-31.84569
1388850312.5,-31.85208
1388850468.75,-31.84699
1388850625.0,-31.84241
1388850781.25,-31.84799
1388850937.5,-31.85467
1388851093.75,-31.85398
1388851250.0,-31.85293
1388851406.25,-31.85653
1388851562.5,-31.8536
1388851718.75,-31.85469
1388851875.0,-31.8535
1388852031.25,-31.85409
1388852187.5,-31.85592
1388852343.75,-31.85811
1388852500.0,-31.85904
1388852656.25,-31.86131
1388852812.5,-31.86246
1388852968.75,-31.86387
1388853125.0,-31.86238
1388853281.25,-31.8697
1388853437.5,-31.86248
1388853593.75,-31.87114
1388853750.0,-31.87102
1388853906.25,-31.87249
1388854062.5,-31.87458
1388854218.75,-31.86939
1388854375.0,-31.87701
1388854531.25,-31.87506
1388854687.5,-31.87154
1388854843.75,-31.86987
1388855000.0,-31.87412
1388855156.25,-31.88029
1388855312.5,-31.88293
1388855468.75,-31.87081
1388855625.0,-31.88067
1388855781.25,-31.88429
1388855937.5,-31.88545
1388856093.75,-31.88138
1388856250.0,-31.87648
1388856406.25,-31.89494
1388856562.5,-31.88813
1388856718.75,-31.8891
1388856875.0,-31.88481
1388857031.25,-31.888
1388857187.5,-31.88599
1388857343.75,-31.88666
1388857500.0,-31.9
1388857656.25,-31.89531
1388857812.5,-31.89099
1388857968.75,-31.89485
1388858125.0,-31.90274
1388858281.25,-31.89738
1388858437.5,-31.90248
1388858593.75,-31.90284
1388858750.0,-31.90001
1388858906.25,-31.89915
1388859062.5,-31.90529
1388859218.75,-31.89915
1388859375.0,-31.9085
1388859531.25,-31.90016
1388859687.5,-31.89738
1388859843.75,-31.91295
1388860000.0,-31.91021
1388860156.25,-31.91443
1388860312.5,-31.90739
1388860468.75,-31.91585
1388860625.0,-31.9154
1388860781.25,-31.91878
1388860937.5,-31.9128
1388861093.75,-31.91823
1388861250.0,-31.92089
1388861406.25,-31.91543
1388861562.5,-31.92323
1388861718.75,-31.92019
1388861875.0,-31.92224
1388862031.25,-31.92073
1388862187.5,-31.92118
1388862343.75,-31.9252
1388862500.0,-31.92135
1388862656.25,-31.92979
1388862812.5,-31.92384
1388862968.75,-31.92373
1388863125.0,-31.92502
1388863281.25,-31.92767
1388863437.5,-31.93017
1388863593.75,-31.93137
1388863750.0,-31.93202
1388863906.25,-31.93336
1388864062.5,-31.93283
1388864218.75,-31.94193
1388864375.0,-31.93461
1388864531.25,-31.93767
1388864687.5,-31.93821
1388864843.75,-31.93597
1388865000.0,-31.94099
1388865156.25,-31.94833
1388865312.5,-31.93917
1388865468.75,-31.94675
1388865625.0,-31.94137
1388865781.25,-31.94972
1388865937.5,-31.94884
1388866093.75,-31.95376
1388866250.0,-31.95143
1388866406.25,-31.95189
1388866562.5,-31.95046
1388866718.75,-31.95
1388866875.0,-31.95747
1388867031.25,-31.95786
1388867187.5,-31.95388
1388867343.75,-31.95549
1388867500.0,-31.95975
1388867656.25,-31.94987
1388867812.5,-31.95427
1388867968.75,-31.96724
1388868125.0,-31.95963
1388868281.25,-31.9545
1388868437.5,-31.96912
1388868593.75,-31.96462
1388868750.0,-31.96569
1388868906.25,-31.96972
1388869062.5,-31.96779
1388869218.75,-31.96779
1388869375.0,-31.97321
1388869531.25,-31.97707
1388869687.5,-31.96337
1388869843.75,-31.97306
1388870000.0,-31.97482
1388870156.25,-31.97643
1388870312.5,-31.97498
1388870468.75,-31.97848
1388870625.0,-31.97592
1388870781.25,-31.97768
1388870937.5,-31.97769
1388871093.75,-31.97705
1388871250.0,-31.98828
1388871406.25,-31.98679
1388871562.5,-31.97682
1388871718.75,-31.98658
1388871875.0,-31.98167
1388872031.25,-31.98474
1388872187.5,-31.99143
1388872343.75,-31.98341
1388872500.0,-31.99747
1388872656.25,-31.99426
1388872812.5,-31.99045
1388872968.75,-31.99431
1388873125.0,-31.99382
1388873281.25,-32.00191
1388873437.5,-31.99442
1388873593.75,-31.99961
1388873750.0,-31.99384
1388873906.25,-32.00281
1388874062.5,-32.00107
1388874218.75,-31.99955
1388874375.0,-32.00306
1388874531.25,-31.99829
1388874687.5,-32.00639
1388874843.75,-32.00587
1388875000.0,-32.01197
1388875156.25,-31.99971
1388875312.5,-32.01291
1388875468.75,-32.00834
1388875625.0,-32.0159
1388875781.25,-32.01305
1388875937.5,-32.01081
1388876093.75,-32.0153
1388876250.0,-32.01762
1388876406.25,-32.02216
1388876562.5,-32.0142
1388876718.75,-32.01926
1388876875.0,-32.0106
1388877031.25,-32.01926
1388877187.5,-32.01921
1388877343.75,-32.02484
1388877500.0,-32.02007
1388877656.25,-32.02261
1388877812.5,-32.01844
1388877968.75,-32.02318
1388878125.0,-32.02225
1388878281.25,-32.0249
1388878437.5,-32.02747
1388878593.75,-32.03087
1388878750.0,-32.02961
1388878906.25,-32.02966
1388879062.5,-32.03168
1388879218.75,-32.03175
1388879375.0,-32.0334
1388879531.25,-32.03724
1388879687.5,-32.03632
1388879843.75,-32.04385
1388880000.0,-32.03815
1388880156.25,-32.03997
1388880312.5,-32.03981
1388880468.75,-32.04313
1388880625.0,-32.04744
1388880781.25,-32.05157
1388880937.5,-32.04026
1388881093.75,-32.0455
1388881250.0,-32.04734
1388881406.25,-32.05066
1388881562.5,-32.04625
1388881718.75,-32.05138
1388881875.0,-32.05714
1388882031.25,-32.05455
1388882187.5,-32.05201
1388882343.75,-32.05778
1388882500.0,-32.05787
1388882656.25,-32.05359
1388882812.5,-32.05943
1388882968.75,-32.06604
1388883125.0,-32.0551
1388883281.25,-32.05992
1388883437.5,-32.0554
1388883593.75,-32.0599
1388883750.0,-32.06899
1388883906.25,-32.06816
1388884062.5,-32.06474
1388884218.75,-32.06578
1388884375.0,-32.06376
1388884531.25,-32.06466
1388884687.5,-32.06948
1388884843.75,-32.06983
1388885000.0,-32.07336
1388885156.25,-32.0705
1388885312.5,-32.07449
1388885468.75,-32.07295
1388885625.0,-32.07372
1388885781.25,-32.07812
1388885937.5,-32.0803
1388886093.75,-32.08335
1388886250.0,-32.08368
1388886406.25,-32.07451
1388886562.5,-32.08472
1388886718.75,-32.08647
1388886875.0,-32.08442
1388887031.25,-32.08786
1388887187.5,-32.08573
1388887343.75,-32.08544
1388887500.0,-32.09003
1388887656.25,-32.091
1388887812.5,-32.08442
1388887968.75,-32.08727
1388888125.0,-32.09706
1388888281.25,-32.09278
1388888437.5,-32.0904
1388888593.75,-32.09726
1388888750.0,-32.0963
1388888906.25,-32.09679
1388889062.5,-32.09712
1388889218.75,-32.09245
1388889375.0,-32.0973
1388889531.25,-32.10208
1388889687.5,-32.0973
1388889843.75,-32.09758
1388890000.0,-32.10049
1388890156.25,-32.1032
1388890312.5,-32.09912
1388890468.75,-32.1029
1388890625.0,-32.10982
1388890781.25,-32.10645
1388890937.5,-32.10065
1388891093.75,-32.10983
1388891250.0,-32.10776
1388891406.25,-32.10742
1388891562.5,-32.11484
1388891718.75,-32.11834
1388891875.0,-32.11588
1388892031.25,-32.12009
1388892187.5,-32.1152
1388892343.75,-32.11963
1388892500.0,-32.11359
1388892656.25,-32.12122
1388892812.5,-32.1182
1388892968.75,-32.11767
