2795896406.25,-32.23354
2795896562.5,-32.23402
2795896718.75,-32.23074
2795896875.0,-32.22895
2795897031.25,-32.22607
2795897187.5,-32.22725
2795897343.75,-32.22327
2795897500.0,-32.22598
2795897656.25,-32.22795
2795897812.5,-32.22214
2795897968.75,-32.22199
2795898125.0,-32.23262
2795898281.25,-32.22245
2795898437.5,-32.22234
2795898593.75,-32.22844
2795898750.0,-32.22838
2795898906.25,-32.22398
2795899062.5,-32.22845
2795899218.75,-32.22053
2795899375.0,-32.22676
2795899531.25,-32.22702
2795899687.5,-32.21822
2795899843.75,-32.22387
2795900000.0,-32.22684
2795900156.25,-32.2259
2795900312.5,-32.22549
2795900468.75,-32.22234
2795900625.0,-32.21854
2795900781.25,-32.22208
2795900937.5,-32.22235
2795901093.75,-32.22274
2795901250.0,-32.21916
2795901406.25,-32.21741
2795901562.5,-32.22149
2795901718.75,-32.22687
2795901875.0,-32.2184
2795902031.25,-32.21912
2795902187.5,-32.22337
2795902343.75,-32.21101
2795902500.0,-32.21909
2795902656.25,-32.21499
2795902812.5,-32.22296
2795902968.75,-32.22079
2795903125.0,-32.22038
2795903281.25,-32.21541
2795903437.5,-32.2123
2795903593.75,-32.21919
2795903750.0,-32.20998
2795903906.25,-32.20839
2795904062.5,-32.21452
2795904218.75,-32.22448
2795904375.0,-32.21493
2795904531.25,-32.21676
2795904687.5,-32.20694
2795904843.75,-32.21188
2795905000.0,-32.21072
2795905156.25,-32.2169
2795905312.5,-32.20955
2795905468.75,-32.21145
2795905625.0,-32.21027
2795905781.25,-32.20918
2795905937.5,-32.21109
2795906093.75,-32.20799
2795906250.0,-32.20578
2795906406.25,-32.20492
2795906562.5,-32.20682
2795906718.75,-32.20745
2795906875.0,-32.20661
2795907031.25,-32.21466
2795907187.5,-32.20696
2795907343.75,-32.20799
2795907500.0,-32.19987
2795907656.25,-32.20499
2795907812.5,-32.20457
2795907968.75,-32.20777
2795908125.0,-32.20395
2795908281.25,-32.20076
2795908437.5,-32.2014
2795908593.75,-32.20602
2795908750.0,-32.20584
2795908906.25,-32.20483
2795909062.5,-32.20439
2795909218.75,-32.19868
2795909375.0,-32.20263
2795909531.25,-32.19804
2795909687.5,-32.19963
2795909843.75,-32.20111
2795910000.0,-32.19855
2795910156.25,-32.20264
2795910312.5,-32.20755
2795910468.75,-32.20354
2795910625.0,-32.19752
2795910781.25,-32.20453
2795910937.5,-32.20068
2795911093.75,-32.19813
2795911250.0,-32.19903
2795911406.25,-32.19924
2795911562.5,-32.19645
2795911718.75,-32.19282
2795911875.0,-32.2016
2795912031.25,-32.20174
2795912187.5,-32.196
2795912343.75,-32.20036
2795912500.0,-32.19897
2795912656.25,-32.19978
2795912812.5,-32.20015
2795912968.75,-32.19079
2795913125.0,-32.19539
2795913281.25,-32.19354
2795913437.5,-32.19977
2795913593.75,-32.18564
2795913750.0,-32.19045
2795913906.25,-32.1883
2795914062.5,-32.18588
2795914218.75,-32.19254
2795914375.0,-32.19141
2795914531.25,-32.1933
2795914687.5,-32.1915
2795914843.75,-32.19029
2795915000.0,-32.18886
2795915156.25,-32.19066
2795915312.5,-32.19136
2795915468.75,-32.19038
2795915625.0,-32.18497
2795915781.25,-32.19173
2795915937.5,-32.1821
2795916093.75,-32.19005
2795916250.0,-32.18508
2795916406.25,-32.1847
2795916562.5,-32.18277
2795916718.75,-32.1855
2795916875.0,-32.18454
2795917031.25,-32.18393
2795917187.5,-32.18111
2795917343.75,-32.17756
2795917500.0,-32.1879
2795917656.25,-32.1823
2795917812.5,-32.1777
2795917968.75,-32.19134
2795918125.0,-32.18815
2795918281.25,-32.18081
2795918437.5,-32.18589
2795918593.75,-32.1782
2795918750.0,-32.17828
2795918906.25,-32.17691
2795919062.5,-32.1828
2795919218.75,-32.17437
2795919375.0,-32.18144
2795919531.25,-32.18545
2795919687.5,-32.1788
2795919843.75,-32.17862
2795920000.0,-32.17603
2795920156.25,-32.17389
2795920312.5,-32.18139
2795920468.75,-32.17955
2795920625.0,-32.17984
2795920781.25,-32.17451
2795920937.5,-32.17311
2795921093.75,-32.17187
2795921250.0,-32.1788
2795921406.25,-32.17208
2795921562.5,-32.17547
2795921718.75,-32.17248
2795921875.0,-32.17427
2795922031.25,-32.16954
2795922187.5,-32.17472
2795922343.75,-32.17307
2795922500.0,-32.16867
2795922656.25,-32.17459
2795922812.5,-32.16805
2795922968.75,-32.17405
2795923125.0,-32.17447
2795923281.25,-32.16388
2795923437.5,-32.1681
2795923593.75,-32.16104
2795923750.0,-32.16873
2795923906.25,-32.15912
2795924062.5,-32.16124
2795924218.75,-32.16749
2795924375.0,-32.16943
2795924531.25,-32.16765
2795924687.5,-32.17973
2795924843.75,-32.16167
2795925000.0,-32.16454
2795925156.25,-32.17024
2795925312.5,-32.16507
2795925468.75,-32.16713
2795925625.0,-32.16122
2795925781.25,-32.16912
2795925937.5,-32.16043
2795926093.75,-32.16064
2795926250.0,-32.15693
2795926406.25,-32.16119
2795926562.5,-32.1648
2795926718.75,-32.16565
2795926875.0,-32.16118
2795927031.25,-32.16581
2795927187.5,-32.16646
2795927343.75,-32.16136
2795927500.0,-32.16522
2795927656.25,-32.163
2795927812.5,-32.16492
2795927968.75,-32.15607
2795928125.0,-32.16188
2795928281.25,-32.16454
2795928437.5,-32.15306
2795928593.75,-32.16172
2795928750.0,-32.15446
2795928906.25,-32.1588
2795929062.5,-32.16502
2795929218.75,-32.15996
2795929375.0,-32.15667
2795929531.25,-32.15049
2795929687.5,-32.15519
2795929843.75,-32.14935
2795930000.0,-32.15577
2795930156.25,-32.15621
2795930312.5,-32.15491
2795930468.75,-32.15526
2795930625.0,-32.15688
2795930781.25,-32.15978
2795930937.5,-32.14969
2795931093.75,-32.15638
2795931250.0,-32.14593
2795931406.25,-32.14815
2795931562.5,-32.151
2795931718.75,-32.15321
2795931875.0,-32.14948
2795932031.25,-32.15345
2795932187.5,-32.15001
2795932343.75,-32.15392
2795932500.0,-32.14906
2795932656.25,-32.14901
2795932812.5,-32.14331
2795932968.75,-32.15449
2795933125.0,-32.14808
2795933281.25,-32.15157
2795933437.5,-32.14852
2795933593.75,-32.1498
2795933750.0,-32.14554
2795933906.25,-32.14173
2795934062.5,-32.13851
2795934218.75,-32.14484
2795934375.0,-32.14737
2795934531.25,-32.13745
2795934687.5,-32.13715
2795934843.75,-32.14194
2795935000.0,-32.14153
2795935156.25,-32.13516
2795935312.5,-32.1444
2795935468.75,-32.13918
2795935625.0,-32.15014
2795935781.25,-32.14808
2795935937.5,-32.14537
2795936093.75,-32.13943
2795936250.0,-32.13462
2795936406.25,-32.13718
2795936562.5,-32.13483
2795936718.75,-32.14089
2795936875.0,-32.13829
2795937031.25,-32.13583
2795937187.5,-32.13573
2795937343.75,-32.13608
2795937500.0,-32.14251
2795937656.25,-32.13633
2795937812.5,-32.13818
2795937968.75,-32.13527
2795938125.0,-32.13527
2795938281.25,-32.13203
2795938437.5,-32.1398
2795938593.75,-32.13461
2795938750.0,-32.13068
2795938906.25,-32.12696
2795939062.5,-32.13708
2795939218.75,-32.13944
2795939375.0,-32.13854
2795939531.25,-32.12692
2795939687.5,-32.1273
2795939843.75,-32.13486
2795940000.0,-32.13419
2795940156.25,-32.12841
2795940312.5,-32.13244
2795940468.75,-32.12841
2795940625.0,-32.12681
2795940781.25,-32.13044
2795940937.5,-32.12423
2795941093.75,-32.13036
2795941250.0,-32.13202
2795941406.25,-32.12989
2795941562.5,-32.12298
2795941718.75,-32.12655
2795941875.0,-32.11937
2795942031.25,-32.12774
2795942187.5,-32.13319
2795942343.75,-32.12718
2795942500.0,-32.12817
2795942656.25,-32.12781
2795942812.5,-32.12221
2795942968.75,-32.12407
2795943125.0,-32.12837
2795943281.25,-32.12317
2795943437.5,-32.12515
2795943593.75,-32.12711
2795943750.0,-32.12397
2795943906.25,-32.12831
2795944062.5,-32.11933
2795944218.75,-32.11804
2795944375.0,-32.12776
2795944531.25,-32.12004
2795944687.5,-32.11477
2795944843.75,-32.11545
2795945000.0,-32.11833
2795945156.25,-32.12497
2795945312.5,-32.12287
2795945468.75,-32.11572
2795945625.0,-32.11525
2795945781.25,-32.11283
2795945937.5,-32.11917
2795946093.75,-32.10818
2795946250.0,-32.11038
2795946406.25,-32.11985
2795946562.5,-32.12106
2795946718.75,-32.11437
2795946875.0,-32.11184
2795947031.25,-32.11631
2795947187.5,-32.10883
2795947343.75,-32.11367
2795947500.0,-32.10675
2795947656.25,-32.11926
2795947812.5,-32.11333
2795947968.75,-32.10755
2795948125.0,-32.10812
2795948281.25,-32.10957
2795948437.5,-32.11425
2795948593.75,-32.10915
2795948750.0,-32.1117
2795948906.25,-32.1041
2795949062.5,-32.11087
2795949218.75,-32.1026
2795949375.0,-32.10989
2795949531.25,-32.108
2795949687.5,-32.10418
2795949843.75,-32.10624
2795950000.0,-32.10904
2795950156.25,-32.10513
2795950312.5,-32.10638
2795950468.75,-32.10332
2795950625.0,-32.10211
2795950781.25,-32.10613
2795950937.5,-32.10268
2795951093.75,-32.10167
2795951250.0,-32.10249
2795951406.25,-32.10342
2795951562.5,-32.11139
2795951718.75,-32.10107
2795951875.0,-32.10018
2795952031.25,-32.10176
2795952187.5,-32.10197
2795952343.75,-32.10367
2795952500.0,-32.10067
2795952656.25,-32.09803
2795952812.5,-32.10695
2795952968.75,-32.09826
2795953125.0,-32.10056
2795953281.25,-32.09705
2795953437.5,-32.09811
2795953593.75,-32.09439
2795953750.0,-32.10631
2795953906.25,-32.09315
2795954062.5,-32.10598
2795954218.75,-32.09045
2795954375.0,-32.09525
2795954531.25,-32.09626
2795954687.5,-32.09936
2795954843.75,-32.0965
2795955000.0,-32.09499
2795955156.25,-32.09279
2795955312.5,-32.09877
2795955468.75,-32.09051
2795955625.0,-32.09372
2795955781.25,-32.09327
2795955937.5,-32.09185
2795956093.75,-32.08983
2795956250.0,-32.09626
2795956406.25,-32.09316
2795956562.5,-32.09025
2795956718.75,-32.09574
2795956875.0,-32.09369
2795957031.25,-32.09724
2795957187.5,-32.09017
2795957343.75,-32.09185
2795957500.0,-32.08852
2795957656.25,-32.08657
2795957812.5,-32.09082
2795957968.75,-32.08839
2795958125.0,-32.09779
2795958281.25,-32.08679
2795958437.5,-32.09517
2795958593.75,-32.08636
2795958750.0,-32.08628
2795958906.25,-32.08494
2795959062.5,-32.0859
2795959218.75,-32.08954
2795959375.0,-32.08121
2795959531.25,-32.08045
2795959687.5,-32.08128
2795959843.75,-32.08965
2795960000.0,-32.08939
2795960156.25,-32.08422
2795960312.5,-32.08123
2795960468.75,-32.07975
2795960625.0,-32.08362
2795960781.25,-32.08198
2795960937.5,-32.0844
2795961093.75,-32.08049
2795961250.0,-32.08391
2795961406.25,-32.08361
2795961562.5,-32.08777
2795961718.75,-32.08104
2795961875.0,-32.0783
2795962031.25,-32.0777
2795962187.5,-32.0777
2795962343.75,-32.07876
2795962500.0,-32.08123
2795962656.25,-32.07774
2795962812.5,-32.07661
2795962968.75,-32.07801
2795963125.0,-32.07653
2795963281.25,-32.07542
2795963437.5,-32.07396
2795963593.75,-32.06699
2795963750.0,-32.07591
2795963906.25,-32.08367
2795964062.5,-32.0685
2795964218.75,-32.06617
2795964375.0,-32.06888
2795964531.25,-32.07043
2795964687.5,-32.06735
2795964843.75,-32.07829
2795965000.0,-32.07901
2795965156.25,-32.07096
2795965312.5,-32.07454
2795965468.75,-32.06527
2795965625.0,-32.07198
2795965781.25,-32.07645
2795965937.5,-32.06707
2795966093.75,-32.07475
2795966250.0,-32.06952
2795966406.25,-32.06595
2795966562.5,-32.06262
2795966718.75,-32.06653
2795966875.0,-32.06897
2795967031.25,-32.05856
2795967187.5,-32.0652
2795967343.75,-32.07309
2795967500.0,-32.0698
2795967656.25,-32.06297
2795967812.5,-32.06491
2795967968.75,-32.06183
2795968125.0,-32.06874
2795968281.25,-32.06749
2795968437.5,-32.06823
2795968593.75,-32.07161
2795968750.0,-32.07253
2795968906.25,-32.064
2795969062.5,-32.05962
2795969218.75,-32.05892
2795969375.0,-32.06202
2795969531.25,-32.06499
2795969687.5,-32.0638
2795969843.75,-32.06504
2795970000.0,-32.05515
2795970156.25,-32.05832
2795970312.5,-32.06192
2795970468.75,-32.06963
2795970625.0,-32.06035
2795970781.25,-32.06766
2795970937.5,-32.05798
2795971093.75,-32.05831
2795971250.0,-32.06387
2795971406.25,-32.05893
2795971562.5,-32.05574
2795971718.75,-32.05282
2795971875.0,-32.05825
2795972031.25,-32.05761
2795972187.5,-32.05555
2795972343.75,-32.06249
2795972500.0,-32.05564
2795972656.25,-32.05498
2795972812.5,-32.05478
2795972968.75,-32.05962
2795973125.0,-32.05097
2795973281.25,-32.0489
2795973437.5,-32.05251
2795973593.75,-32.05266
2795973750.0,-32.05756
2795973906.25,-32.06076
2795974062.5,-32.0516
2795974218.75,-32.04985
2795974375.0,-32.05527
2795974531.25,-32.04628
2795974687.5,-32.04574
2795974843.75,-32.04428
2795975000.0,-32.04498
2795975156.25,-32.05143
2795975312.5,-32.04405
2795975468.75,-32.05328
2795975625.0,-32.04298
2795975781.25,-32.04873
2795975937.5,-32.05099
2795976093.75,-32.05212
2795976250.0,-32.05306
2795976406.25,-32.04767
2795976562.5,-32.04941
2795976718.75,-32.04124
2795976875.0,-32.04871
2795977031.25,-32.04319
2795977187.5,-32.04277
2795977343.75,-32.04112
2795977500.0,-32.04258
2795977656.25,-32.04603
2795977812.5,-32.04764
2795977968.75,-32.04156
2795978125.0,-32.04421
2795978281.25,-32.04024
2795978437.5,-32.04365
2795978593.75,-32.04461
2795978750.0,-32.03775
2795978906.25,-32.03583
2795979062.5,-32.0393
2795979218.75,-32.03501
2795979375.0,-32.041
2795979531.25,-32.04196
2795979687.5,-32.03714
2795979843.75,-32.03677
2795980000.0,-32.03844
2795980156.25,-32.03791
2795980312.5,-32.03315
2795980468.75,-32.03676
2795980625.0,-32.03367
2795980781.25,-32.02893
2795980937.5,-32.02919
2795981093.75,-32.03461
2795981250.0,-32.03484
2795981406.25,-32.03547
2795981562.5,-32.03331
2795981718.75,-32.02465
2795981875.0,-32.02825
2795982031.25,-32.03757
2795982187.5,-32.02368
2795982343.75,-32.03626
2795982500.0,-32.02795
2795982656.25,-32.03094
2795982812.5,-32.03327
2795982968.75,-32.02861
2795983125.0,-32.02927
2795983281.25,-32.03386
2795983437.5,-32.02692
2795983593.75,-32.02816
2795983750.0,-32.02261
2795983906.25,-32.02429
2795984062.5,-32.02273
2795984218.75,-32.0312
2795984375.0,-32.03122
2795984531.25,-32.02424
2795984687.5,-32.02752
2795984843.75,-32.02059
2795985000.0,-32.02494
2795985156.25,-32.02588
2795985312.5,-32.02647
2795985468.75,-32.02936
2795985625.0,-32.02147
2795985781.25,-32.02269
2795985937.5,-32.01862
2795986093.75,-32.02322
2795986250.0,-32.02289
2795986406.25,-32.02083
2795986562.5,-32.02791
2795986718.75,-32.02596
2795986875.0,-32.01558
2795987031.25,-32.01826
2795987187.5,-32.01876
2795987343.75,-32.01708
2795987500.0,-32.01831
2795987656.25,-32.01436
2795987812.5,-32.02151
2795987968.75,-32.0209
2795988125.0,-32.0167
2795988281.25,-32.01782
2795988437.5,-32.00942
2795988593.75,-32.01212
2795988750.0,-32.02065
2795988906.25,-32.0237
2795989062.5,-32.01794
2795989218.75,-32.02106
2795989375.0,-32.00778
2795989531.25,-32.01546
2795989687.5,-32.02053
2795989843.75,-32.01133
2795990000.0,-32.01367
2795990156.25,-32.01647
2795990312.5,-32.01289
2795990468.75,-32.00831
2795990625.0,-32.00989
2795990781.25,-32.00986
2795990937.5,-32.01311
2795991093.75,-32.00712
2795991250.0,-32.01038
2795991406.25,-32.01631
2795991562.5,-32.01065
2795991718.75,-32.01215
2795991875.0,-32.00945
2795992031.25,-32.01287
2795992187.5,-32.00729
2795992343.75,-32.00658
2795992500.0,-32.0108
2795992656.25,-32.00528
2795992812.5,-32.00678
2795992968.75,-32.01163
2795993125.0,-32.00613
2795993281.25,-32.00843
2795993437.5,-32.00557
2795993593.75,-32.00705
2795993750.0,-32.00277
2795993906.25,-32.00568
2795994062.5,-32.00212
2795994218.75,-32.01171
2795994375.0,-32.00242
2795994531.25,-32.00368
2795994687.5,-31.99573
2795994843.75,-32.00452
2795995000.0,-32.00437
2795995156.25,-31.99392
2795995312.5,-32.00237
2795995468.75,-32.00207
2795995625.0,-32.00405
2795995781.25,-31.99495
2795995937.5,-31.99958
2795996093.75,-31.99953
2795996250.0,-31.9984
2795996406.25,-31.99406
2795996562.5,-31.99753
2795996718.75,-31.99878
2795996875.0,-31.99406
2795997031.25,-31.99811
2795997187.5,-31.99376
2795997343.75,-31.99499
2795997500.0,-31.99509
2795997656.25,-32.00069
2795997812.5,-31.9979
2795997968.75,-31.9903
2795998125.0,-32.00106
2795998281.25,-31.98493
2795998437.5,-31.99337
2795998593.75,-31.99097
2795998750.0,-31.99639
2795998906.25,-31.98981
2795999062.5,-31.98758
2795999218.75,-31.9914
2795999375.0,-31.99317
2795999531.25,-31.99105
2795999687.5,-31.99164
2795999843.75,-31.99008
2796000000.0,-31.98946
2796000156.25,-31.98969
2796000312.5,-31.98769
2796000468.75,-31.98819
2796000625.0,-31.99387
2796000781.25,-31.98774
2796000937.5,-31.98207
2796001093.75,-31.98703
2796001250.0,-31.98162
2796001406.25,-31.989
2796001562.5,-31.99197
2796001718.75,-31.98589
2796001875.0,-31.98664
2796002031.25,-31.98011
2796002187.5,-31.9861
2796002343.75,-31.98007
2796002500.0,-31.98555
2796002656.25,-31.97979
2796002812.5,-31.98286
2796002968.75,-31.98314
2796003125.0,-31.98729
2796003281.25,-31.98034
2796003437.5,-31.98703
2796003593.75,-31.97834
2796003750.0,-31.98638
2796003906.25,-31.98682
2796004062.5,-31.98509
2796004218.75,-31.97865
2796004375.0,-31.98196
2796004531.25,-31.97753
2796004687.5,-31.9763
2796004843.75,-31.98821
2796005000.0,-31.97391
2796005156.25,-31.97225
2796005312.5,-31.97807
2796005468.75,-31.97605
2796005625.0,-31.97817
2796005781.25,-31.97291
2796005937.5,-31.97342
2796006093.75,-31.98295
2796006250.0,-31.97907
2796006406.25,-31.98027
2796006562.5,-31.97588
2796006718.75,-31.97424
2796006875.0,-31.97287
2796007031.25,-31.97773
2796007187.5,-31.96663
2796007343.75,-31.97269
2796007500.0,-31.97669
2796007656.25,-31.97371
2796007812.5,-31.97247
2796007968.75,-31.96809
2796008125.0,-31.96909
2796008281.25,-31.97486
2796008437.5,-31.96779
2796008593.75,-31.96871
2796008750.0,-31.97226
2796008906.25,-31.96675
2796009062.5,-31.96588
2796009218.75,-31.96512
2796009375.0,-31.96759
2796009531.25,-31.97046
2796009687.5,-31.96432
2796009843.75,-31.9682
2796010000.0,-31.96797
2796010156.25,-31.96681
2796010312.5,-31.96896
2796010468.75,-31.96684
2796010625.0,-31.96097
2796010781.25,-31.96527
2796010937.5,-31.96145
2796011093.75,-31.95808
2796011250.0,-31.9624
2796011406.25,-31.9643
2796011562.5,-31.96641
2796011718.75,-31.95704
2796011875.0,-31.96207
2796012031.25,-31.95437
2796012187.5,-31.95295
2796012343.75,-31.9528
2796012500.0,-31.96443
2796012656.25,-31.957
2796012812.5,-31.95925
2796012968.75,-31.95946
2796013125.0,-31.95206
2796013281.25,-31.95763
2796013437.5,-31.9495
2796013593.75,-31.95719
2796013750.0,-31.95967
2796013906.25,-31.95909
2796014062.5,-31.95358
2796014218.75,-31.95767
2796014375.0,-31.95702
2796014531.25,-31.95041
2796014687.5,-31.94578
2796014843.75,-31.95658
2796015000.0,-31.94923
2796015156.25,-31.95246
2796015312.5,-31.95559
2796015468.75,-31.95392
2796015625.0,-31.95285
2796015781.25,-31.94733
2796015937.5,-31.94705
2796016093.75,-31.95447
2796016250.0,-31.94043
2796016406.25,-31.94969
2796016562.5,-31.94965
2796016718.75,-31.9511
2796016875.0,-31.94846
2796017031.25,-31.94921
2796017187.5,-31.94386
2796017343.75,-31.94288
2796017500.0,-31.94888
2796017656.25,-31.94831
2796017812.5,-31.93656
2796017968.75,-31.9473
2796018125.0,-31.94553
2796018281.25,-31.94959
2796018437.5,-31.94411
2796018593.75,-31.94474
2796018750.0,-31.93985
2796018906.25,-31.9393
2796019062.5,-31.94615
2796019218.75,-31.94537
2796019375.0,-31.94528
2796019531.25,-31.93944
2796019687.5,-31.93877
2796019843.75,-31.94902
2796020000.0,-31.94178
2796020156.25,-31.94497
2796020312.5,-31.93171
2796020468.75,-31.94647
2796020625.0,-31.94543
2796020781.25,-31.94442
2796020937.5,-31.94321
2796021093.75,-31.94353
2796021250.0,-31.93965
2796021406.25,-31.94253
2796021562.5,-31.93615
2796021718.75,-31.93789
2796021875.0,-31.93524
2796022031.25,-31.93671
2796022187.5,-31.93376
2796022343.75,-31.94519
2796022500.0,-31.93665
2796022656.25,-31.93171
2796022812.5,-31.93665
2796022968.75,-31.934
2796023125.0,-31.94235
2796023281.25,-31.92814
2796023437.5,-31.93153
2796023593.75,-31.93304
2796023750.0,-31.94186
2796023906.25,-31.93442
2796024062.5,-31.93098
2796024218.75,-31.93094
2796024375.0,-31.93719
2796024531.25,-31.93133
2796024687.5,-31.93023
2796024843.75,-31.93102
2796025000.0,-31.9297
2796025156.25,-31.92575
2796025312.5,-31.92455
2796025468.75,-31.9273
2796025625.0,-31.9313
2796025781.25,-31.92467
2796025937.5,-31.92815
2796026093.75,-31.92153
2796026250.0,-31.93432
2796026406.25,-31.9258
2796026562.5,-31.91932
2796026718.75,-31.92615
2796026875.0,-31.92549
2796027031.25,-31.92563
2796027187.5,-31.93082
2796027343.75,-31.92601
2796027500.0,-31.92415
2796027656.25,-31.92268
2796027812.5,-31.92358
2796027968.75,-31.92373
2796028125.0,-31.92764
2796028281.25,-31.9203
2796028437.5,-31.92233
2796028593.75,-31.92047
2796028750.0,-31.92671
2796028906.25,-31.91961
2796029062.5,-31.91683
2796029218.75,-31.92449
2796029375.0,-31.92272
2796029531.25,-31.91586
2796029687.5,-31.92063
2796029843.75,-31.91998
2796030000.0,-31.9192
2796030156.25,-31.92113
2796030312.5,-31.91362
2796030468.75,-31.914
2796030625.0,-31.91383
2796030781.25,-31.91407
2796030937.5,-31.91409
2796031093.75,-31.91755
2796031250.0,-31.91162
2796031406.25,-31.91276
2796031562.5,-31.91188
2796031718.75,-31.91681
2796031875.0,-31.91553
2796032031.25,-31.9181
2796032187.5,-31.91438
2796032343.75,-31.9086
2796032500.0,-31.91105
2796032656.25,-31.91016
2796032812.5,-31.90353
2796032968.75,-31.91513
2796033125.0,-31.90966
2796033281.25,-31.9132
2796033437.5,-31.9069
2796033593.75,-31.90959
2796033750.0,-31.9105
2796033906.25,-31.91239
2796034062.5,-31.91068
2796034218.75,-31.90937
2796034375.0,-31.9041
2796034531.25,-31.91222
2796034687.5,-31.90846
2796034843.75,-31.90384
2796035000.0,-31.90315
2796035156.25,-31.90364
2796035312.5,-31.90741
2796035468.75,-31.90462
2796035625.0,-31.90637
2796035781.25,-31.90216
2796035937.5,-31.89547
2796036093.75,-31.90032
2796036250.0,-31.91023
2796036406.25,-31.8938
2796036562.5,-31.9082
2796036718.75,-31.90387
2796036875.0,-31.90696
2796037031.25,-31.9058
2796037187.5,-31.90255
2796037343.75,-31.89672
2796037500.0,-31.89522
2796037656.25,-31.90225
2796037812.5,-31.89762
2796037968.75,-31.90088
2796038125.0,-31.90795
2796038281.25,-31.90258
2796038437.5,-31.90097
2796038593.75,-31.89889
2796038750.0,-31.89464
2796038906.25,-31.89879
2796039062.5,-31.90607
2796039218.75,-31.8915
2796039375.0,-31.90095
2796039531.25,-31.89756
2796039687.5,-31.8958
2796039843.75,-31.89181
2796040000.0,-31.89272
2796040156.25,-31.89529
2796040312.5,-31.89191
2796040468.75,-31.88797
2796040625.0,-31.8978
2796040781.25,-31.88512
2796040937.5,-31.88948
2796041093.75,-31.89696
2796041250.0,-31.89036
2796041406.25,-31.89202
2796041562.5,-31.89284
2796041718.75,-31.89032
2796041875.0,-31.88755
2796042031.25,-31.8942
2796042187.5,-31.8904
2796042343.75,-31.88995
2796042500.0,-31.88763
2796042656.25,-31.8863
2796042812.5,-31.89107
2796042968.75,-31.88007
2796043125.0,-31.88963
2796043281.25,-31.88643
2796043437.5,-31.88712
2796043593.75,-31.8837
2796043750.0,-31.8877
2796043906.25,-31.88396
2796044062.5,-31.89355
2796044218.75,-31.8804
2796044375.0,-31.88718
2796044531.25,-31.88025
2796044687.5,-31.88646
2796044843.75,-31.87773
2796045000.0,-31.8808
2796045156.25,-31.88579
2796045312.5,-31.88083
2796045468.75,-31.88025
2796045625.0,-31.88003
2796045781.25,-31.87962
2796045937.5,-31.87269
2796046093.75,-31.88296
2796046250.0,-31.87102
2796046406.25,-31.878
2796046562.5,-31.88116
2796046718.75,-31.8788
2796046875.0,-31.87589
2796047031.25,-31.8747
2796047187.5,-31.88037
2796047343.75,-31.87891
2796047500.0,-31.87717
2796047656.25,-31.87368
2796047812.5,-31.87969
2796047968.75,-31.87169
2796048125.0,-31.87792
2796048281.25,-31.87548
2796048437.5,-31.86564
2796048593.75,-31.87605
2796048750.0,-31.87354
2796048906.25,-31.86851
2796049062.5,-31.86809
2796049218.75,-31.8725
2796049375.0,-31.86669
2796049531.25,-31.8731
2796049687.5,-31.87165
2796049843.75,-31.87412
2796050000.0,-31.87616
2796050156.25,-31.86756
2796050312.5,-31.86794
2796050468.75,-31.8653
2796050625.0,-31.87204
2796050781.25,-31.86763
2796050937.5,-31.86819
2796051093.75,-31.87005
2796051250.0,-31.86667
2796051406.25,-31.86334
2796051562.5,-31.86758
2796051718.75,-31.86747
2796051875.0,-31.86432
2796052031.25,-31.86361
2796052187.5,-31.86522
2796052343.75,-31.85974
2796052500.0,-31.86803
2796052656.25,-31.8609
2796052812.5,-31.86522
2796052968.75,-31.86559
2796053125.0,-31.86003
2796053281.25,-31.86585
2796053437.5,-31.85799
2796053593.75,-31.86136
2796053750.0,-31.86191
2796053906.25,-31.86461
2796054062.5,-31.86822
2796054218.75,-31.86108
2796054375.0,-31.85928
2796054531.25,-31.8665
2796054687.5,-31.85384
2796054843.75,-31.85708
2796055000.0,-31.86176
2796055156.25,-31.85057
2796055312.5,-31.86279
2796055468.75,-31.85801
2796055625.0,-31.85581
2796055781.25,-31.85442
2796055937.5,-31.86113
2796056093.75,-31.85875
2796056250.0,-31.85908
2796056406.25,-31.84892
2796056562.5,-31.84821
2796056718.75,-31.85865
2796056875.0,-31.84841
2796057031.25,-31.85372
2796057187.5,-31.85551
2796057343.75,-31.8463
2796057500.0,-31.84876
2796057656.25,-31.84657
2796057812.5,-31.85526
2796057968.75,-31.85098
2796058125.0,-31.84961
2796058281.25,-31.85196
2796058437.5,-31.84671
2796058593.75,-31.85056
2796058750.0,-31.84497
2796058906.25,-31.85325
2796059062.5,-31.8439
2796059218.75,-31.84809
2796059375.0,-31.84137
2796059531.25,-31.84938
2796059687.5,-31.84078
2796059843.75,-31.84702
2796060000.0,-31.85003
2796060156.25,-31.84218
2796060312.5,-31.84315
2796060468.75,-31.84377
2796060625.0,-31.84277
2796060781.25,-31.84792
2796060937.5,-31.84648
2796061093.75,-31.84049
2796061250.0,-31.84687
2796061406.25,-31.84903
2796061562.5,-31.83925
2796061718.75,-31.83674
2796061875.0,-31.83997
2796062031.25,-31.84488
2796062187.5,-31.84366
2796062343.75,-31.84139
2796062500.0,-31.83769
2796062656.25,-31.83822
2796062812.5,-31.8336
2796062968.75,-31.84693
2796063125.0,-31.84023
2796063281.25,-31.83477
2796063437.5,-31.83739
2796063593.75,-31.83945
2796063750.0,-31.83362
2796063906.25,-31.82764
2796064062.5,-31.82829
2796064218.75,-31.83209
2796064375.0,-31.84032
2796064531.25,-31.83585
2796064687.5,-31.83389
2796064843.75,-31.84024
2796065000.0,-31.82771
2796065156.25,-31.82046
2796065312.5,-31.82662
2796065468.75,-31.83673
2796065625.0,-31.84019
2796065781.25,-31.83367
2796065937.5,-31.83669
2796066093.75,-31.83315
2796066250.0,-31.83012
2796066406.25,-31.82913
2796066562.5,-31.82551
2796066718.75,-31.83238
2796066875.0,-31.83389
2796067031.25,-31.83061
2796067187.5,-31.82197
2796067343.75,-31.82642
2796067500.0,-31.83325
2796067656.25,-31.82379
2796067812.5,-31.82719
2796067968.75,-31.82769
2796068125.0,-31.82456
2796068281.25,-31.82522
2796068437.5,-31.83348
2796068593.75,-31.82286
2796068750.0,-31.81376
2796068906.25,-31.82353
2796069062.5,-31.82854
2796069218.75,-31.82958
2796069375.0,-31.82214
2796069531.25,-31.8219
2796069687.5,-31.82004
2796069843.75,-31.81995
2796070000.0,-31.81269
2796070156.25,-31.82211
2796070312.5,-31.8227
2796070468.75,-31.82538
2796070625.0,-31.82454
2796070781.25,-31.81268
2796070937.5,-31.81741
2796071093.75,-31.81616
2796071250.0,-31.82245
2796071406.25,-31.81981
2796071562.5,-31.81546
2796071718.75,-31.81804
2796071875.0,-31.81761
2796072031.25,-31.8161
2796072187.5,-31.81901
2796072343.75,-31.82236
2796072500.0,-31.81755
2796072656.25,-31.8097
2796072812.5,-31.80372
2796072968.75,-31.81908
2796073125.0,-31.811
2796073281.25,-31.81092
2796073437.5,-31.81271
2796073593.75,-31.81105
2796073750.0,-31.81629
2796073906.25,-31.81635
2796074062.5,-31.80967
2796074218.75,-31.81297
2796074375.0,-31.80856
2796074531.25,-31.81127
2796074687.5,-31.81642
2796074843.75,-31.80905
2796075000.0,-31.80444
2796075156.25,-31.80841
2796075312.5,-31.80863
2796075468.75,-31.81672
2796075625.0,-31.8132
2796075781.25,-31.8068
2796075937.5,-31.80854
2796076093.75,-31.80799
2796076250.0,-31.81109
2796076406.25,-31.80516
2796076562.5,-31.80622
2796076718.75,-31.81067
2796076875.0,-31.79901
2796077031.25,-31.80094
2796077187.5,-31.80346
2796077343.75,-31.81
2796077500.0,-31.80303
2796077656.25,-31.80456
2796077812.5,-31.80146
2796077968.75,-31.80432
2796078125.0,-31.80639
2796078281.25,-31.80655
2796078437.5,-31.80366
2796078593.75,-31.80576
2796078750.0,-31.79793
2796078906.25,-31.79897
2796079062.5,-31.80393
2796079218.75,-31.79177
2796079375.0,-31.80412
2796079531.25,-31.79181
2796079687.5,-31.80168
2796079843.75,-31.79709
2796080000.0,-31.79332
2796080156.25,-31.79721
2796080312.5,-31.79541
2796080468.75,-31.79549
2796080625.0,-31.79025
2796080781.25,-31.79341
2796080937.5,-31.79612
2796081093.75,-31.79362
2796081250.0,-31.7911
2796081406.25,-31.79381
2796081562.5,-31.79498
2796081718.75,-31.8009
2796081875.0,-31.79539
2796082031.25,-31.78985
2796082187.5,-31.79193
2796082343.75,-31.78885
2796082500.0,-31.79149
2796082656.25,-31.78724
2796082812.5,-31.78353
2796082968.75,-31.78668
2796083125.0,-31.7932
2796083281.25,-31.78141
2796083437.5,-31.79106
2796083593.75,-31.77913
2796083750.0,-31.78567
2796083906.25,-31.7873
2796084062.5,-31.78686
2796084218.75,-31.79615
2796084375.0,-31.77859
2796084531.25,-31.78651
2796084687.5,-31.78258
2796084843.75,-31.78261
2796085000.0,-31.78175
2796085156.25,-31.78433
2796085312.5,-31.78131
2796085468.75,-31.78006
2796085625.0,-31.78808
2796085781.25,-31.7865
2796085937.5,-31.78442
2796086093.75,-31.78259
2796086250.0,-31.7855
2796086406.25,-31.78266
2796086562.5,-31.78918
2796086718.75,-31.78306
2796086875.0,-31.77918
2796087031.25,-31.78663
2796087187.5,-31.78363
2796087343.75,-31.78209
2796087500.0,-31.7794
2796087656.25,-31.78115
2796087812.5,-31.77215
2796087968.75,-31.77108
2796088125.0,-31.77545
2796088281.25,-31.76677
2796088437.5,-31.77596
2796088593.75,-31.7796
2796088750.0,-31.7783
2796088906.25,-31.76964
2796089062.5,-31.77356
2796089218.75,-31.77038
2796089375.0,-31.77095
2796089531.25,-31.78146
2796089687.5,-31.77486
2796089843.75,-31.77485
2796090000.0,-31.77378
2796090156.25,-31.77587
2796090312.5,-31.77646
2796090468.75,-31.77452
2796090625.0,-31.76725
2796090781.25,-31.76791
2796090937.5,-31.77378
2796091093.75,-31.77314
2796091250.0,-31.764
2796091406.25,-31.76696
2796091562.5,-31.77284
2796091718.75,-31.7727
2796091875.0,-31.76926
2796092031.25,-31.76694
2796092187.5,-31.77061
2796092343.75,-31.76271
2796092500.0,-31.76941
2796092656.25,-31.76739
2796092812.5,-31.76543
2796092968.75,-31.76459
2796093125.0,-31.76368
2796093281.25,-31.76167
2796093437.5,-31.76548
2796093593.75,-31.77225
2796093750.0,-31.76278
2796093906.25,-31.76179
2796094062.5,-31.76142
2796094218.75,-31.75821
2796094375.0,-31.76614
2796094531.25,-31.76694
2796094687.5,-31.76214
2796094843.75,-31.75265
2796095000.0,-31.75547
2796095156.25,-31.76463
2796095312.5,-31.76094
2796095468.75,-31.76273
2796095625.0,-31.76037
2796095781.25,-31.75786
2796095937.5,-31.75859
2796096093.75,-31.75621
2796096250.0,-31.75353
2796096406.25,-31.76619
2796096562.5,-31.75235
2796096718.75,-31.75421
2796096875.0,-31.7604
2796097031.25,-31.75301
2796097187.5,-31.7593
2796097343.75,-31.75559
2796097500.0,-31.75549
2796097656.25,-31.74965
2796097812.5,-31.75793
2796097968.75,-31.75845
2796098125.0,-31.75048
2796098281.25,-31.75914
2796098437.5,-31.7482
2796098593.75,-31.7467
2796098750.0,-31.75425
2796098906.25,-31.75587
2796099062.5,-31.76157
2796099218.75,-31.74828
2796099375.0,-31.75132
2796099531.25,-31.75435
2796099687.5,-31.7531
2796099843.75,-31.74866
2796100000.0,-31.74874
2796100156.25,-31.74953
2796100312.5,-31.75095
2796100468.75,-31.74984
2796100625.0,-31.74523
2796100781.25,-31.74952
2796100937.5,-31.7518
2796101093.75,-31.74303
2796101250.0,-31.74365
2796101406.25,-31.74669
2796101562.5,-31.74631
2796101718.75,-31.73907
2796101875.0,-31.7412
2796102031.25,-31.73493
2796102187.5,-31.74072
2796102343.75,-31.74602
2796102500.0,-31.74722
2796102656.25,-31.74625
2796102812.5,-31.73494
2796102968.75,-31.73992
2796103125.0,-31.74239
2796103281.25,-31.74138
2796103437.5,-31.74086
2796103593.75,-31.74082
2796103750.0,-31.74858
2796103906.25,-31.74246
2796104062.5,-31.74017
2796104218.75,-31.73627
2796104375.0,-31.7374
2796104531.25,-31.73574
2796104687.5,-31.73992
2796104843.75,-31.73605
2796105000.0,-31.7459
2796105156.25,-31.73663
2796105312.5,-31.73611
2796105468.75,-31.73877
2796105625.0,-31.74049
2796105781.25,-31.73472
2796105937.5,-31.73538
2796106093.75,-31.74329
2796106250.0,-31.7364
2796106406.25,-31.73821
2796106562.5,-31.73584
2796106718.75,-31.73571
2796106875.0,-31.72637
2796107031.25,-31.73574
2796107187.5,-31.73168
2796107343.75,-31.73308
2796107500.0,-31.72916
2796107656.25,-31.72804
2796107812.5,-31.73208
2796107968.75,-31.72956
2796108125.0,-31.7337
2796108281.25,-31.72244
2796108437.5,-31.72884
2796108593.75,-31.72985
2796108750.0,-31.72647
2796108906.25,-31.73082
2796109062.5,-31.72149
2796109218.75,-31.72084
2796109375.0,-31.7267
2796109531.25,-31.72429
2796109687.5,-31.72871
2796109843.75,-31.72275
2796110000.0,-31.71941
2796110156.25,-31.72161
2796110312.5,-31.72055
2796110468.75,-31.72192
2796110625.0,-31.72641
2796110781.25,-31.72085
2796110937.5,-31.71579
2796111093.75,-31.72557
2796111250.0,-31.72102
2796111406.25,-31.71563
2796111562.5,-31.72074
2796111718.75,-31.72171
2796111875.0,-31.72222
2796112031.25,-31.71872
2796112187.5,-31.72064
2796112343.75,-31.71773
2796112500.0,-31.71222
2796112656.25,-31.72421
2796112812.5,-31.71519
2796112968.75,-31.71801
2796113125.0,-31.71843
2796113281.25,-31.72064
2796113437.5,-31.71315
2796113593.75,-31.71858
2796113750.0,-31.71276
2796113906.25,-31.71141
2796114062.5,-31.70801
2796114218.75,-31.71202
2796114375.0,-31.70148
2796114531.25,-31.71657
2796114687.5,-31.71492
2796114843.75,-31.7049
2796115000.0,-31.71008
2796115156.25,-31.70373
2796115312.5,-31.71276
2796115468.75,-31.71098
2796115625.0,-31.71339
2796115781.25,-31.70669
2796115937.5,-31.70568
2796116093.75,-31.71084
2796116250.0,-31.71261
2796116406.25,-31.70647
2796116562.5,-31.70782
2796116718.75,-31.71704
2796116875.0,-31.70748
2796117031.25,-31.70588
2796117187.5,-31.70937
2796117343.75,-31.7019
2796117500.0,-31.7049
2796117656.25,-31.70394
2796117812.5,-31.69794
2796117968.75,-31.70642
2796118125.0,-31.70405
2796118281.25,-31.70021
2796118437.5,-31.70221
2796118593.75,-31.69689
2796118750.0,-31.70497
2796118906.25,-31.70589
2796119062.5,-31.70127
2796119218.75,-31.69959
2796119375.0,-31.70313
2796119531.25,-31.69247
2796119687.5,-31.70034
2796119843.75,-31.69999
2796120000.0,-31.69769
2796120156.25,-31.70258
2796120312.5,-31.69952
2796120468.75,-31.70007
2796120625.0,-31.69528
2796120781.25,-31.69725
2796120937.5,-31.69211
2796121093.75,-31.69255
2796121250.0,-31.69679
2796121406.25,-31.69798
2796121562.5,-31.68942
2796121718.75,-31.69078
2796121875.0,-31.69416
2796122031.25,-31.69827
2796122187.5,-31.69568
2796122343.75,-31.69529
2796122500.0,-31.69334
2796122656.25,-31.69281
2796122812.5,-31.69681
2796122968.75,-31.69814
2796123125.0,-31.68889
2796123281.25,-31.68287
2796123437.5,-31.68844
2796123593.75,-31.69044
2796123750.0,-31.68549
2796123906.25,-31.69281
2796124062.5,-31.68979
2796124218.75,-31.68802
2796124375.0,-31.68122
2796124531.25,-31.68292
2796124687.5,-31.68507
2796124843.75,-31.68654
2796125000.0,-31.68476
2796125156.25,-31.68316
2796125312.5,-31.69044
2796125468.75,-31.68197
2796125625.0,-31.68477
2796125781.25,-31.68807
2796125937.5,-31.67671
2796126093.75,-31.68546
2796126250.0,-31.68936
2796126406.25,-31.68504
2796126562.5,-31.67724
2796126718.75,-31.68139
2796126875.0,-31.67649
2796127031.25,-31.6863
2796127187.5,-31.682
2796127343.75,-31.68168
2796127500.0,-31.6832
2796127656.25,-31.68302
2796127812.5,-31.68266
2796127968.75,-31.6785
2796128125.0,-31.68561
2796128281.25,-31.67906
2796128437.5,-31.67735
2796128593.75,-31.67579
2796128750.0,-31.68147
2796128906.25,-31.67795
2796129062.5,-31.68341
2796129218.75,-31.67846
2796129375.0,-31.67186
2796129531.25,-31.68708
2796129687.5,-31.67597
2796129843.75,-31.67308
2796130000.0,-31.67829
2796130156.25,-31.67826
2796130312.5,-31.67392
2796130468.75,-31.67235
2796130625.0,-31.67536
2796130781.25,-31.6704
2796130937.5,-31.67932
2796131093.75,-31.67156
2796131250.0,-31.67368
2796131406.25,-31.67711
2796131562.5,-31.67494
2796131718.75,-31.67369
2796131875.0,-31.66663
2796132031.25,-31.67028
2796132187.5,-31.66853
2796132343.75,-31.6647
2796132500.0,-31.67034
2796132656.25,-31.66455
2796132812.5,-31.66953
2796132968.75,-31.6654
2796133125.0,-31.67035
2796133281.25,-31.66357
2796133437.5,-31.66821
2796133593.75,-31.66182
2796133750.0,-31.66118
2796133906.25,-31.66504
2796134062.5,-31.66771
2796134218.75,-31.66654
2796134375.0,-31.66143
2796134531.25,-31.66373
2796134687.5,-31.66553
2796134843.75,-31.66741
2796135000.0,-31.66059
2796135156.25,-31.66773
2796135312.5,-31.65932
2796135468.75,-31.66276
2796135625.0,-31.66015
2796135781.25,-31.66593
2796135937.5,-31.66452
2796136093.75,-31.65962
2796136250.0,-31.66705
2796136406.25,-31.65211
2796136562.5,-31.65311
2796136718.75,-31.66227
2796136875.0,-31.65844
2796137031.25,-31.65468
2796137187.5,-31.65779
2796137343.75,-31.65409
2796137500.0,-31.65698
2796137656.25,-31.65822
2796137812.5,-31.66315
2796137968.75,-31.65081
2796138125.0,-31.65821
2796138281.25,-31.65652
2796138437.5,-31.64547
2796138593.75,-31.64953
2796138750.0,-31.65287
2796138906.25,-31.65732
2796139062.5,-31.65187
2796139218.75,-31.65482
2796139375.0,-31.65469
2796139531.25,-31.64922
2796139687.5,-31.65079
2796139843.75,-31.65434
2796140000.0,-31.64949
2796140156.25,-31.65065
2796140312.5,-31.65829
2796140468.75,-31.64339
2796140625.0,-31.65291
2796140781.25,-31.64184
2796140937.5,-31.64301
2796141093.75,-31.6446
2796141250.0,-31.64963
2796141406.25,-31.64803
2796141562.5,-31.64884
2796141718.75,-31.64957
2796141875.0,-31.64118
2796142031.25,-31.64424
2796142187.5,-31.64653
2796142343.75,-31.64217
2796142500.0,-31.6434
2796142656.25,-31.64088
2796142812.5,-31.64046
2796142968.75,-31.64383
2796143125.0,-31.64337
2796143281.25,-31.64038
2796143437.5,-31.64929
2796143593.75,-31.6403
2796143750.0,-31.63768
2796143906.25,-31.63314
2796144062.5,-31.64278
2796144218.75,-31.64406
2796144375.0,-31.63649
2796144531.25,-31.64397
2796144687.5,-31.64103
2796144843.75,-31.64492
2796145000.0,-31.64056
2796145156.25,-31.63684
2796145312.5,-31.63579
2796145468.75,-31.63757
2796145625.0,-31.64212
2796145781.25,-31.63403
2796145937.5,-31.6263
2796146093.75,-31.63967
2796146250.0,-31.64058
2796146406.25,-31.63537
2796146562.5,-31.63248
2796146718.75,-31.63323
2796146875.0,-31.63168
2796147031.25,-31.63499
2796147187.5,-31.63621
2796147343.75,-31.631
2796147500.0,-31.63272
2796147656.25,-31.6328
2796147812.5,-31.63034
2796147968.75,-31.62847
2796148125.0,-31.63227
2796148281.25,-31.631
2796148437.5,-31.6289
2796148593.75,-31.62662
2796148750.0,-31.62466
2796148906.25,-31.62796
2796149062.5,-31.62907
2796149218.75,-31.62888
2796149375.0,-31.63385
2796149531.25,-31.62568
2796149687.5,-31.62569
2796149843.75,-31.63104
2796150000.0,-31.62422
2796150156.25,-31.62964
2796150312.5,-31.62764
2796150468.75,-31.61962
2796150625.0,-31.61817
2796150781.25,-31.6295
2796150937.5,-31.62306
2796151093.75,-31.61929
2796151250.0,-31.62826
2796151406.25,-31.62491
2796151562.5,-31.61607
2796151718.75,-31.61931
2796151875.0,-31.61979
2796152031.25,-31.62018
2796152187.5,-31.61697
2796152343.75,-31.61893
2796152500.0,-31.61529
2796152656.25,-31.61937
2796152812.5,-31.60876
2796152968.75,-31.61505
2796153125.0,-31.61766
2796153281.25,-31.61876
2796153437.5,-31.61742
2796153593.75,-31.62108
2796153750.0,-31.61295
2796153906.25,-31.61671
2796154062.5,-31.6101
2796154218.75,-31.61298
2796154375.0,-31.61897
2796154531.25,-31.61423
2796154687.5,-31.60841
2796154843.75,-31.60908
2796155000.0,-31.61502
2796155156.25,-31.61444
2796155312.5,-31.61321
2796155468.75,-31.61437
2796155625.0,-31.60618
2796155781.25,-31.61267
2796155937.5,-31.60746
2796156093.75,-31.60723
2796156250.0,-31.60793
2796156406.25,-31.61603
2796156562.5,-31.61599
2796156718.75,-31.60636
2796156875.0,-31.61156
2796157031.25,-31.61399
2796157187.5,-31.60492
2796157343.75,-31.61323
2796157500.0,-31.60618
2796157656.25,-31.60218
2796157812.5,-31.60429
2796157968.75,-31.60786
2796158125.0,-31.60147
2796158281.25,-31.60291
2796158437.5,-31.60052
2796158593.75,-31.60174
2796158750.0,-31.59727
2796158906.25,-31.60168
2796159062.5,-31.59558
2796159218.75,-31.60393
2796159375.0,-31.60578
2796159531.25,-31.60293
2796159687.5,-31.59959
2796159843.75,-31.6027
2796160000.0,-31.5965
2796160156.25,-31.60004
2796160312.5,-31.59609
2796160468.75,-31.60066
2796160625.0,-31.59946
2796160781.25,-31.5972
2796160937.5,-31.60147
2796161093.75,-31.59602
2796161250.0,-31.6063
2796161406.25,-31.59756
2796161562.5,-31.59542
2796161718.75,-31.59995
2796161875.0,-31.59151
2796162031.25,-31.59675
2796162187.5,-31.59512
2796162343.75,-31.60009
2796162500.0,-31.59208
2796162656.25,-31.5943
2796162812.5,-31.59268
2796162968.75,-31.59613
2796163125.0,-31.59202
2796163281.25,-31.59715
2796163437.5,-31.59481
2796163593.75,-31.59742
2796163750.0,-31.59466
2796163906.25,-31.59127
2796164062.5,-31.59209
2796164218.75,-31.59552
2796164375.0,-31.58852
2796164531.25,-31.59031
2796164687.5,-31.59208
2796164843.75,-31.58324
2796165000.0,-31.5913
2796165156.25,-31.58394
2796165312.5,-31.58544
2796165468.75,-31.59032
2796165625.0,-31.58875
2796165781.25,-31.58812
2796165937.5,-31.58934
2796166093.75,-31.58615
2796166250.0,-31.5872
2796166406.25,-31.58142
2796166562.5,-31.58379
2796166718.75,-31.58677
2796166875.0,-31.58451
2796167031.25,-31.58511
2796167187.5,-31.58381
2796167343.75,-31.58612
2796167500.0,-31.58021
2796167656.25,-31.59042
2796167812.5,-31.5794
2796167968.75,-31.5775
2796168125.0,-31.581
2796168281.25,-31.5747
2796168437.5,-31.58476
2796168593.75,-31.58292
2796168750.0,-31.5796
2796168906.25,-31.58109
2796169062.5,-31.5746
2796169218.75,-31.57932
2796169375.0,-31.57115
2796169531.25,-31.57552
2796169687.5,-31.57796
2796169843.75,-31.57597
2796170000.0,-31.57738
2796170156.25,-31.58074
2796170312.5,-31.58159
2796170468.75,-31.57792
2796170625.0,-31.56728
2796170781.25,-31.57347
2796170937.5,-31.57384
2796171093.75,-31.57026
2796171250.0,-31.57331
2796171406.25,-31.57219
2796171562.5,-31.5712
2796171718.75,-31.57151
2796171875.0,-31.57292
2796172031.25,-31.57582
2796172187.5,-31.56625
2796172343.75,-31.57026
2796172500.0,-31.5693
2796172656.25,-31.57326
2796172812.5,-31.57044
2796172968.75,-31.5655
2796173125.0,-31.57255
2796173281.25,-31.5713
2796173437.5,-31.5655
2796173593.75,-31.56529
2796173750.0,-31.57449
2796173906.25,-31.5686
2796174062.5,-31.56631
2796174218.75,-31.56325
2796174375.0,-31.56368
2796174531.25,-31.57331
2796174687.5,-31.56582
2796174843.75,-31.56607
2796175000.0,-31.56506
2796175156.25,-31.56758
2796175312.5,-31.56628
2796175468.75,-31.56295
2796175625.0,-31.56048
2796175781.25,-31.56466
2796175937.5,-31.5612
2796176093.75,-31.55982
2796176250.0,-31.55684
2796176406.25,-31.55946
2796176562.5,-31.56252
2796176718.75,-31.55518
2796176875.0,-31.55572
2796177031.25,-31.55062
2796177187.5,-31.55144
2796177343.75,-31.56155
2796177500.0,-31.55522
2796177656.25,-31.56102
2796177812.5,-31.55548
2796177968.75,-31.5582
2796178125.0,-31.55049
2796178281.25,-31.55155
2796178437.5,-31.55475
2796178593.75,-31.55722
2796178750.0,-31.55489
2796178906.25,-31.55383
2796179062.5,-31.55091
2796179218.75,-31.55692
2796179375.0,-31.5514
2796179531.25,-31.55783
2796179687.5,-31.55147
2796179843.75,-31.5465
2796180000.0,-31.54756
2796180156.25,-31.55338
2796180312.5,-31.54172
2796180468.75,-31.54772
2796180625.0,-31.55251
2796180781.25,-31.54407
2796180937.5,-31.55239
2796181093.75,-31.5444
2796181250.0,-31.5526
2796181406.25,-31.54422
2796181562.5,-31.54549
2796181718.75,-31.54277
2796181875.0,-31.548
2796182031.25,-31.55014
2796182187.5,-31.54867
2796182343.75,-31.54171
2796182500.0,-31.53525
2796182656.25,-31.53843
2796182812.5,-31.5423
2796182968.75,-31.54497
2796183125.0,-31.53617
2796183281.25,-31.54685
2796183437.5,-31.53473
2796183593.75,-31.54261
2796183750.0,-31.53998
2796183906.25,-31.54085
2796184062.5,-31.53967
2796184218.75,-31.53762
2796184375.0,-31.53756
2796184531.25,-31.5443
2796184687.5,-31.53633
2796184843.75,-31.53736
2796185000.0,-31.53635
2796185156.25,-31.53658
2796185312.5,-31.52802
2796185468.75,-31.54308
2796185625.0,-31.53406
2796185781.25,-31.53144
2796185937.5,-31.53387
2796186093.75,-31.53827
2796186250.0,-31.53144
2796186406.25,-31.53605
2796186562.5,-31.53043
2796186718.75,-31.53282
2796186875.0,-31.53387
2796187031.25,-31.53533
2796187187.5,-31.53523
2796187343.75,-31.52845
2796187500.0,-31.52875
2796187656.25,-31.53499
2796187812.5,-31.52576
2796187968.75,-31.5316
2796188125.0,-31.52963
2796188281.25,-31.53347
2796188437.5,-31.51991
2796188593.75,-31.53105
2796188750.0,-31.52928
2796188906.25,-31.52407
2796189062.5,-31.52602
2796189218.75,-31.53031
2796189375.0,-31.52902
2796189531.25,-31.52869
2796189687.5,-31.52752
2796189843.75,-31.52139
2796190000.0,-31.52128
2796190156.25,-31.52408
2796190312.5,-31.52553
2796190468.75,-31.52931
2796190625.0,-31.52493
2796190781.25,-31.52167
2796190937.5,-31.53079
2796191093.75,-31.52215
2796191250.0,-31.52461
2796191406.25,-31.52286
2796191562.5,-31.52018
2796191718.75,-31.52491
2796191875.0,-31.52528
2796192031.25,-31.52152
2796192187.5,-31.51907
2796192343.75,-31.52099
2796192500.0,-31.5167
2796192656.25,-31.5199
2796192812.5,-31.5181
2796192968.75,-31.51986
2796193125.0,-31.51823
2796193281.25,-31.5136
2796193437.5,-31.51694
2796193593.75,-31.51849
2796193750.0,-31.51577
2796193906.25,-31.51132
2796194062.5,-31.50797
2796194218.75,-31.52271
2796194375.0,-31.51376
2796194531.25,-31.51687
2796194687.5,-31.5159
2796194843.75,-31.51501
2796195000.0,-31.51784
2796195156.25,-31.51795
2796195312.5,-31.50618
2796195468.75,-31.50967
2796195625.0,-31.51558
2796195781.25,-31.50905
2796195937.5,-31.51491
2796196093.75,-31.50692
2796196250.0,-31.51032
2796196406.25,-31.51356
2796196562.5,-31.51469
2796196718.75,-31.5081
2796196875.0,-31.5122
2796197031.25,-31.51147
2796197187.5,-31.5045
2796197343.75,-31.51041
2796197500.0,-31.5033
2796197656.25,-31.51093
2796197812.5,-31.51269
2796197968.75,-31.51247
2796198125.0,-31.50617
2796198281.25,-31.50051
2796198437.5,-31.50556
2796198593.75,-31.49702
2796198750.0,-31.5039
2796198906.25,-31.49803
2796199062.5,-31.50879
2796199218.75,-31.50534
2796199375.0,-31.51158
2796199531.25,-31.50518
2796199687.5,-31.49736
2796199843.75,-31.50154
2796200000.0,-31.50006
2796200156.25,-31.49927
2796200312.5,-31.50956
2796200468.75,-31.50137
2796200625.0,-31.50386
2796200781.25,-31.50242
2796200937.5,-31.48966
2796201093.75,-31.50204
2796201250.0,-31.4952
2796201406.25,-31.49433
2796201562.5,-31.49489
2796201718.75,-31.49677
2796201875.0,-31.49151
2796202031.25,-31.49409
2796202187.5,-31.4918
2796202343.75,-31.49349
2796202500.0,-31.49894
2796202656.25,-31.49462
2796202812.5,-31.49449
2796202968.75,-31.49231
2796203125.0,-31.48929
2796203281.25,-31.50186
2796203437.5,-31.49928
2796203593.75,-31.49177
2796203750.0,-31.49327
2796203906.25,-31.49018
2796204062.5,-31.48915
2796204218.75,-31.49187
2796204375.0,-31.4932
2796204531.25,-31.49088
2796204687.5,-31.48734
2796204843.75,-31.49186
2796205000.0,-31.4943
2796205156.25,-31.4856
2796205312.5,-31.48857
2796205468.75,-31.48648
2796205625.0,-31.48346
2796205781.25,-31.48356
2796205937.5,-31.48967
2796206093.75,-31.48983
2796206250.0,-31.48221
2796206406.25,-31.48802
2796206562.5,-31.48143
2796206718.75,-31.48402
2796206875.0,-31.49127
2796207031.25,-31.48932
2796207187.5,-31.48558
2796207343.75,-31.48301
2796207500.0,-31.48933
2796207656.25,-31.48187
2796207812.5,-31.48071
2796207968.75,-31.48325
2796208125.0,-31.4853
2796208281.25,-31.48418
2796208437.5,-31.47507
2796208593.75,-31.47598
2796208750.0,-31.47854
2796208906.25,-31.4852
2796209062.5,-31.48185
2796209218.75,-31.47592
2796209375.0,-31.47807
2796209531.25,-31.47798
2796209687.5,-31.4757
2796209843.75,-31.48163
2796210000.0,-31.47827
2796210156.25,-31.47289
2796210312.5,-31.47231
2796210468.75,-31.46959
2796210625.0,-31.47239
2796210781.25,-31.47863
2796210937.5,-31.46831
2796211093.75,-31.4769
2796211250.0,-31.4717
2796211406.25,-31.46979
2796211562.5,-31.47681
2796211718.75,-31.47237
2796211875.0,-31.48212
2796212031.25,-31.46689
2796212187.5,-31.46442
2796212343.75,-31.4664
2796212500.0,-31.46793
2796212656.25,-31.46894
2796212812.5,-31.47267
2796212968.75,-31.46725
2796213125.0,-31.46861
2796213281.25,-31.46661
2796213437.5,-31.46311
2796213593.75,-31.45962
2796213750.0,-31.47022
2796213906.25,-31.46444
2796214062.5,-31.46512
2796214218.75,-31.46141
2796214375.0,-31.46019
2796214531.25,-31.46326
2796214687.5,-31.46717
2796214843.75,-31.46687
2796215000.0,-31.45809
2796215156.25,-31.45587
2796215312.5,-31.45881
2796215468.75,-31.45933
2796215625.0,-31.46271
2796215781.25,-31.45619
2796215937.5,-31.46316
2796216093.75,-31.45753
2796216250.0,-31.45808
2796216406.25,-31.46123
2796216562.5,-31.46061
2796216718.75,-31.46479
2796216875.0,-31.45563
2796217031.25,-31.45354
2796217187.5,-31.45327
2796217343.75,-31.46045
2796217500.0,-31.4599
2796217656.25,-31.45632
2796217812.5,-31.45645
2796217968.75,-31.46324
2796218125.0,-31.4559
2796218281.25,-31.45142
2796218437.5,-31.45203
2796218593.75,-31.45868
2796218750.0,-31.44262
2796218906.25,-31.45169
2796219062.5,-31.45567
2796219218.75,-31.45773
2796219375.0,-31.45221
2796219531.25,-31.44767
2796219687.5,-31.44878
2796219843.75,-31.44885
2796220000.0,-31.45111
2796220156.25,-31.45687
2796220312.5,-31.4525
2796220468.75,-31.44901
2796220625.0,-31.4463
2796220781.25,-31.4511
2796220937.5,-31.45138
2796221093.75,-31.44921
2796221250.0,-31.44759
2796221406.25,-31.44913
2796221562.5,-31.44124
2796221718.75,-31.44644
2796221875.0,-31.44296
2796222031.25,-31.44804
2796222187.5,-31.44576
2796222343.75,-31.44605
2796222500.0,-31.44746
2796222656.25,-31.4441
2796222812.5,-31.44225
2796222968.75,-31.44486
2796223125.0,-31.4439
2796223281.25,-31.44361
2796223437.5,-31.44111
2796223593.75,-31.44551
2796223750.0,-31.43999
2796223906.25,-31.44451
2796224062.5,-31.4385
2796224218.75,-31.43776
2796224375.0,-31.44288
2796224531.25,-31.4331
2796224687.5,-31.43678
2796224843.75,-31.44734
2796225000.0,-31.42924
2796225156.25,-31.43262
2796225312.5,-31.43293
2796225468.75,-31.44045
2796225625.0,-31.43847
2796225781.25,-31.43811
2796225937.5,-31.43692
2796226093.75,-31.43688
2796226250.0,-31.43915
2796226406.25,-31.4407
2796226562.5,-31.43605
2796226718.75,-31.42817
2796226875.0,-31.43637
2796227031.25,-31.43805
2796227187.5,-31.43695
2796227343.75,-31.4328
2796227500.0,-31.43586
2796227656.25,-31.42753
2796227812.5,-31.4296
2796227968.75,-31.43618
2796228125.0,-31.42807
2796228281.25,-31.42295
2796228437.5,-31.42558
2796228593.75,-31.42853
2796228750.0,-31.42329
2796228906.25,-31.42653
2796229062.5,-31.42569
2796229218.75,-31.42842
2796229375.0,-31.42737
2796229531.25,-31.42582
2796229687.5,-31.42145
2796229843.75,-31.42875
2796230000.0,-31.4273
2796230156.25,-31.42242
2796230312.5,-31.42132
2796230468.75,-31.4221
2796230625.0,-31.42529
2796230781.25,-31.41905
2796230937.5,-31.42422
2796231093.75,-31.42326
2796231250.0,-31.4223
2796231406.25,-31.42344
2796231562.5,-31.42575
2796231718.75,-31.41847
2796231875.0,-31.41448
2796232031.25,-31.41299
2796232187.5,-31.41721
2796232343.75,-31.42081
2796232500.0,-31.41737
2796232656.25,-31.42489
2796232812.5,-31.41953
2796232968.75,-31.42024
2796233125.0,-31.41872
2796233281.25,-31.4147
2796233437.5,-31.41612
2796233593.75,-31.41508
2796233750.0,-31.41255
2796233906.25,-31.41218
2796234062.5,-31.41201
2796234218.75,-31.41688
2796234375.0,-31.41309
2796234531.25,-31.41394
2796234687.5,-31.4106
2796234843.75,-31.414
2796235000.0,-31.40985
2796235156.25,-31.40649
2796235312.5,-31.41541
2796235468.75,-31.41205
2796235625.0,-31.40679
2796235781.25,-31.40936
2796235937.5,-31.40715
2796236093.75,-31.41839
2796236250.0,-31.40883
2796236406.25,-31.41128
2796236562.5,-31.41328
2796236718.75,-31.41558
2796236875.0,-31.41279
2796237031.25,-31.40185
2796237187.5,-31.40562
2796237343.75,-31.40829
2796237500.0,-31.40173
2796237656.25,-31.40836
2796237812.5,-31.40795
2796237968.75,-31.4062
2796238125.0,-31.40491
2796238281.25,-31.40428
2796238437.5,-31.40923
2796238593.75,-31.40802
2796238750.0,-31.40451
2796238906.25,-31.40728
2796239062.5,-31.39755
2796239218.75,-31.40222
2796239375.0,-31.40501
2796239531.25,-31.40179
2796239687.5,-31.39206
2796239843.75,-31.40215
2796240000.0,-31.40025
2796240156.25,-31.39866
2796240312.5,-31.40318
2796240468.75,-31.39442
2796240625.0,-31.38938
2796240781.25,-31.3995
2796240937.5,-31.39963
2796241093.75,-31.39399
2796241250.0,-31.40185
2796241406.25,-31.39782
2796241562.5,-31.3924
2796241718.75,-31.39754
2796241875.0,-31.39528
2796242031.25,-31.39245
2796242187.5,-31.3882
2796242343.75,-31.38668
2796242500.0,-31.39864
2796242656.25,-31.39478
2796242812.5,-31.39749
2796242968.75,-31.38719
2796243125.0,-31.39141
2796243281.25,-31.39478
2796243437.5,-31.39006
2796243593.75,-31.38885
2796243750.0,-31.38423
2796243906.25,-31.38816
2796244062.5,-31.39694
2796244218.75,-31.39103
2796244375.0,-31.38894
2796244531.25,-31.39186
2796244687.5,-31.38969
2796244843.75,-31.38133
2796245000.0,-31.38646
2796245156.25,-31.38322
2796245312.5,-31.38269
2796245468.75,-31.392
2796245625.0,-31.38498
2796245781.25,-31.3822
2796245937.5,-31.39011
2796246093.75,-31.38511
2796246250.0,-31.38208
2796246406.25,-31.38449
2796246562.5,-31.39083
2796246718.75,-31.38191
2796246875.0,-31.38194
2796247031.25,-31.38266
2796247187.5,-31.38223
2796247343.75,-31.37741
2796247500.0,-31.38854
2796247656.25,-31.38256
2796247812.5,-31.37901
2796247968.75,-31.37661
2796248125.0,-31.3809
2796248281.25,-31.37605
2796248437.5,-31.38068
2796248593.75,-31.37778
2796248750.0,-31.37777
2796248906.25,-31.37903
2796249062.5,-31.37821
2796249218.75,-31.37493
2796249375.0,-31.37813
2796249531.25,-31.36757
2796249687.5,-31.37274
2796249843.75,-31.37736
2796250000.0,-31.37586
2796250156.25,-31.378
2796250312.5,-31.38065
2796250468.75,-31.37071
2796250625.0,-31.37576
2796250781.25,-31.37236
2796250937.5,-31.37285
2796251093.75,-31.37581
2796251250.0,-31.36952
2796251406.25,-31.36984
2796251562.5,-31.3625
2796251718.75,-31.37471
2796251875.0,-31.37247
2796252031.25,-31.36661
2796252187.5,-31.36713
2796252343.75,-31.37264
2796252500.0,-31.36445
2796252656.25,-31.36188
2796252812.5,-31.36951
2796252968.75,-31.36163
2796253125.0,-31.36112
2796253281.25,-31.36544
2796253437.5,-31.35789
2796253593.75,-31.3653
2796253750.0,-31.36163
2796253906.25,-31.36135
2796254062.5,-31.36633
2796254218.75,-31.35913
2796254375.0,-31.36158
2796254531.25,-31.36326
2796254687.5,-31.36424
2796254843.75,-31.36518
2796255000.0,-31.363
2796255156.25,-31.36079
2796255312.5,-31.36024
2796255468.75,-31.3648
2796255625.0,-31.35798
2796255781.25,-31.35874
2796255937.5,-31.35973
2796256093.75,-31.36611
2796256250.0,-31.36071
2796256406.25,-31.35557
2796256562.5,-31.35666
2796256718.75,-31.36602
2796256875.0,-31.35956
2796257031.25,-31.3561
2796257187.5,-31.35596
2796257343.75,-31.35265
2796257500.0,-31.35377
2796257656.25,-31.35925
2796257812.5,-31.35352
2796257968.75,-31.35461
2796258125.0,-31.35242
2796258281.25,-31.3565
2796258437.5,-31.35373
2796258593.75,-31.35565
2796258750.0,-31.35355
2796258906.25,-31.34763
2796259062.5,-31.34883
2796259218.75,-31.35498
2796259375.0,-31.34476
2796259531.25,-31.35095
2796259687.5,-31.35373
2796259843.75,-31.34754
2796260000.0,-31.34745
2796260156.25,-31.34574
2796260312.5,-31.34574
2796260468.75,-31.35444
2796260625.0,-31.34695
2796260781.25,-31.35181
2796260937.5,-31.34666
2796261093.75,-31.34575
2796261250.0,-31.34458
2796261406.25,-31.34657
2796261562.5,-31.33934
2796261718.75,-31.33745
2796261875.0,-31.34496
2796262031.25,-31.34695
2796262187.5,-31.34057
2796262343.75,-31.34151
2796262500.0,-31.34082
2796262656.25,-31.34702
2796262812.5,-31.34236
2796262968.75,-31.33874
2796263125.0,-31.3415
2796263281.25,-31.33951
2796263437.5,-31.33979
2796263593.75,-31.34337
2796263750.0,-31.34515
2796263906.25,-31.33146
2796264062.5,-31.33877
2796264218.75,-31.34071
2796264375.0,-31.34153
2796264531.25,-31.33671
2796264687.5,-31.339
2796264843.75,-31.3364
2796265000.0,-31.33405
2796265156.25,-31.33332
2796265312.5,-31.34054
2796265468.75,-31.34091
2796265625.0,-31.34033
2796265781.25,-31.33058
2796265937.5,-31.33206
2796266093.75,-31.32805
2796266250.0,-31.32985
2796266406.25,-31.33657
2796266562.5,-31.33145
2796266718.75,-31.33035
2796266875.0,-31.32814
2796267031.25,-31.33116
2796267187.5,-31.32891
2796267343.75,-31.3275
2796267500.0,-31.3302
2796267656.25,-31.32735
2796267812.5,-31.33351
2796267968.75,-31.32724
2796268125.0,-31.32732
2796268281.25,-31.32193
2796268437.5,-31.32363
2796268593.75,-31.32666
2796268750.0,-31.32385
2796268906.25,-31.32594
2796269062.5,-31.32367
2796269218.75,-31.32209
2796269375.0,-31.32461
2796269531.25,-31.322
2796269687.5,-31.32513
2796269843.75,-31.3256
2796270000.0,-31.32445
2796270156.25,-31.33012
2796270312.5,-31.32458
2796270468.75,-31.31911
2796270625.0,-31.32481
2796270781.25,-31.32133
2796270937.5,-31.31917
2796271093.75,-31.31716
2796271250.0,-31.3204
2796271406.25,-31.31904
2796271562.5,-31.31981
2796271718.75,-31.31705
2796271875.0,-31.31779
2796272031.25,-31.3175
2796272187.5,-31.31716
2796272343.75,-31.31796
2796272500.0,-31.31636
2796272656.25,-31.31504
2796272812.5,-31.31941
2796272968.75,-31.3106
2796273125.0,-31.31239
2796273281.25,-31.31371
2796273437.5,-31.31902
2796273593.75,-31.31373
2796273750.0,-31.31517
2796273906.25,-31.31234
2796274062.5,-31.31271
2796274218.75,-31.31148
2796274375.0,-31.31183
2796274531.25,-31.30878
2796274687.5,-31.31544
2796274843.75,-31.30788
2796275000.0,-31.30867
2796275156.25,-31.31314
2796275312.5,-31.30879
2796275468.75,-31.30466
2796275625.0,-31.30337
2796275781.25,-31.30824
2796275937.5,-31.30834
2796276093.75,-31.30678
2796276250.0,-31.30451
2796276406.25,-31.30991
2796276562.5,-31.30799
2796276718.75,-31.30707
2796276875.0,-31.30409
2796277031.25,-31.30949
2796277187.5,-31.30485
2796277343.75,-31.29667
2796277500.0,-31.30708
2796277656.25,-31.30358
2796277812.5,-31.30164
2796277968.75,-31.30184
2796278125.0,-31.30662
2796278281.25,-31.30196
2796278437.5,-31.30011
2796278593.75,-31.30741
2796278750.0,-31.29404
2796278906.25,-31.29853
2796279062.5,-31.30503
2796279218.75,-31.29697
2796279375.0,-31.30357
2796279531.25,-31.29596
2796279687.5,-31.29998
2796279843.75,-31.29964
2796280000.0,-31.29045
2796280156.25,-31.29957
2796280312.5,-31.30329
2796280468.75,-31.29538
2796280625.0,-31.29409
2796280781.25,-31.29855
2796280937.5,-31.29464
2796281093.75,-31.30022
2796281250.0,-31.2946
2796281406.25,-31.29445
2796281562.5,-31.28808
2796281718.75,-31.29706
2796281875.0,-31.29043
2796282031.25,-31.29555
2796282187.5,-31.29033
2796282343.75,-31.29318
2796282500.0,-31.28952
2796282656.25,-31.29033
2796282812.5,-31.29402
2796282968.75,-31.2832
2796283125.0,-31.28876
2796283281.25,-31.2864
2796283437.5,-31.2916
2796283593.75,-31.29631
2796283750.0,-31.2964
2796283906.25,-31.29214
2796284062.5,-31.29141
2796284218.75,-31.29012
2796284375.0,-31.28943
2796284531.25,-31.28473
2796284687.5,-31.28336
2796284843.75,-31.29133
2796285000.0,-31.28313
2796285156.25,-31.28146
2796285312.5,-31.28892
2796285468.75,-31.28041
2796285625.0,-31.28049
2796285781.25,-31.27996
2796285937.5,-31.27942
2796286093.75,-31.27883
2796286250.0,-31.28083
2796286406.25,-31.27747
2796286562.5,-31.29134
2796286718.75,-31.27921
2796286875.0,-31.28524
2796287031.25,-31.27737
2796287187.5,-31.27725
2796287343.75,-31.27965
2796287500.0,-31.27897
2796287656.25,-31.27628
2796287812.5,-31.27989
2796287968.75,-31.27733
2796288125.0,-31.27507
2796288281.25,-31.27285
2796288437.5,-31.27606
2796288593.75,-31.27519
2796288750.0,-31.2788
2796288906.25,-31.2731
2796289062.5,-31.26978
2796289218.75,-31.26626
2796289375.0,-31.27825
2796289531.25,-31.26579
2796289687.5,-31.27283
2796289843.75,-31.27723
2796290000.0,-31.26884
2796290156.25,-31.26894
2796290312.5,-31.27297
2796290468.75,-31.27312
2796290625.0,-31.27049
2796290781.25,-31.2698
2796290937.5,-31.26939
2796291093.75,-31.2699
2796291250.0,-31.26963
2796291406.25,-31.26288
2796291562.5,-31.27045
2796291718.75,-31.26485
2796291875.0,-31.26608
2796292031.25,-31.26919
2796292187.5,-31.26191
2796292343.75,-31.26793
2796292500.0,-31.25701
2796292656.25,-31.26971
2796292812.5,-31.26531
2796292968.75,-31.26916
2796293125.0,-31.26636
2796293281.25,-31.27547
2796293437.5,-31.26078
2796293593.75,-31.26172
2796293750.0,-31.26379
2796293906.25,-31.26356
2796294062.5,-31.2654
2796294218.75,-31.25388
2796294375.0,-31.25836
2796294531.25,-31.25905
2796294687.5,-31.26136
2796294843.75,-31.2566
2796295000.0,-31.25859
2796295156.25,-31.25768
2796295312.5,-31.26074
2796295468.75,-31.26592
2796295625.0,-31.25271
2796295781.25,-31.25367
2796295937.5,-31.25393
2796296093.75,-31.25515
2796296250.0,-31.25641
2796296406.25,-31.25518
2796296562.5,-31.25599
2796296718.75,-31.25422
2796296875.0,-31.24932
2796297031.25,-31.25504
2796297187.5,-31.25384
2796297343.75,-31.24989
2796297500.0,-31.25611
2796297656.25,-31.25034
2796297812.5,-31.25195
2796297968.75,-31.2437
2796298125.0,-31.24908
2796298281.25,-31.24638
2796298437.5,-31.24719
2796298593.75,-31.25174
2796298750.0,-31.25303
2796298906.25,-31.25497
2796299062.5,-31.24786
2796299218.75,-31.25106
2796299375.0,-31.24654
2796299531.25,-31.24626
2796299687.5,-31.24146
2796299843.75,-31.24734
2796300000.0,-31.23468
2796300156.25,-31.25089
2796300312.5,-31.2444
2796300468.75,-31.24497
2796300625.0,-31.23993
2796300781.25,-31.24206
2796300937.5,-31.24276
2796301093.75,-31.24026
2796301250.0,-31.24452
2796301406.25,-31.24405
2796301562.5,-31.23884
2796301718.75,-31.24541
2796301875.0,-31.23731
2796302031.25,-31.23868
2796302187.5,-31.23441
2796302343.75,-31.23901
2796302500.0,-31.23992
2796302656.25,-31.23675
2796302812.5,-31.23757
2796302968.75,-31.24152
2796303125.0,-31.23854
2796303281.25,-31.2341
2796303437.5,-31.24229
2796303593.75,-31.24112
2796303750.0,-31.23645
2796303906.25,-31.23945
2796304062.5,-31.24143
2796304218.75,-31.23985
2796304375.0,-31.23215
2796304531.25,-31.23659
2796304687.5,-31.2316
2796304843.75,-31.2329
2796305000.0,-31.23291
2796305156.25,-31.22605
2796305312.5,-31.22813
2796305468.75,-31.23743
2796305625.0,-31.22265
2796305781.25,-31.23077
2796305937.5,-31.23755
2796306093.75,-31.22757
2796306250.0,-31.23232
2796306406.25,-31.22645
2796306562.5,-31.23295
2796306718.75,-31.22965
2796306875.0,-31.22502
2796307031.25,-31.22933
2796307187.5,-31.23061
2796307343.75,-31.22482
2796307500.0,-31.22938
2796307656.25,-31.22815
2796307812.5,-31.22466
2796307968.75,-31.2265
2796308125.0,-31.22244
2796308281.25,-31.2249
2796308437.5,-31.22539
2796308593.75,-31.22757
2796308750.0,-31.22065
2796308906.25,-31.22053
2796309062.5,-31.22704
2796309218.75,-31.21952
2796309375.0,-31.22128
2796309531.25,-31.2243
2796309687.5,-31.22579
2796309843.75,-31.22309
2796310000.0,-31.21361
2796310156.25,-31.2197
2796310312.5,-31.21926
2796310468.75,-31.21528
2796310625.0,-31.21759
2796310781.25,-31.22127
2796310937.5,-31.21852
2796311093.75,-31.20973
2796311250.0,-31.21527
2796311406.25,-31.21977
2796311562.5,-31.21079
2796311718.75,-31.21295
2796311875.0,-31.21306
2796312031.25,-31.21474
2796312187.5,-31.21239
2796312343.75,-31.20933
2796312500.0,-31.21587
2796312656.25,-31.20938
2796312812.5,-31.21212
2796312968.75,-31.21733
2796313125.0,-31.21657
2796313281.25,-31.20853
2796313437.5,-31.21003
2796313593.75,-31.20637
2796313750.0,-31.21084
2796313906.25,-31.21081
2796314062.5,-31.20498
2796314218.75,-31.21576
2796314375.0,-31.20804
2796314531.25,-31.20427
2796314687.5,-31.20469
2796314843.75,-31.20705
2796315000.0,-31.20681
2796315156.25,-31.20597
2796315312.5,-31.20335
2796315468.75,-31.20509
2796315625.0,-31.21011
2796315781.25,-31.20962
2796315937.5,-31.20409
2796316093.75,-31.19961
2796316250.0,-31.20823
2796316406.25,-31.20007
2796316562.5,-31.20088
2796316718.75,-31.201
2796316875.0,-31.20266
2796317031.25,-31.20017
2796317187.5,-31.20725
2796317343.75,-31.19987
2796317500.0,-31.20022
2796317656.25,-31.20001
2796317812.5,-31.20116
2796317968.75,-31.19905
2796318125.0,-31.19905
2796318281.25,-31.19847
2796318437.5,-31.19755
2796318593.75,-31.19318
2796318750.0,-31.19143
2796318906.25,-31.20284
2796319062.5,-31.19266
2796319218.75,-31.19704
2796319375.0,-31.19701
2796319531.25,-31.19333
2796319687.5,-31.20004
2796319843.75,-31.18972
2796320000.0,-31.19249
2796320156.25,-31.1908
2796320312.5,-31.19011
2796320468.75,-31.19044
2796320625.0,-31.18888
2796320781.25,-31.19568
2796320937.5,-31.20074
2796321093.75,-31.1936
2796321250.0,-31.18915
2796321406.25,-31.1892
2796321562.5,-31.18824
2796321718.75,-31.19543
2796321875.0,-31.19135
2796322031.25,-31.18895
2796322187.5,-31.19143
2796322343.75,-31.18495
2796322500.0,-31.18426
2796322656.25,-31.1862
2796322812.5,-31.1854
2796322968.75,-31.18616
2796323125.0,-31.18565
2796323281.25,-31.18474
2796323437.5,-31.19271
2796323593.75,-31.1867
2796323750.0,-31.18522
2796323906.25,-31.18431
2796324062.5,-31.18866
2796324218.75,-31.18627
2796324375.0,-31.18579
2796324531.25,-31.18077
2796324687.5,-31.18101
2796324843.75,-31.17859
2796325000.0,-31.18105
2796325156.25,-31.17534
2796325312.5,-31.1811
2796325468.75,-31.17472
2796325625.0,-31.17654
2796325781.25,-31.17419
2796325937.5,-31.17786
2796326093.75,-31.1786
2796326250.0,-31.18305
2796326406.25,-31.17462
2796326562.5,-31.17893
2796326718.75,-31.17789
2796326875.0,-31.18237
2796327031.25,-31.171
2796327187.5,-31.17401
2796327343.75,-31.173
2796327500.0,-31.17293
2796327656.25,-31.17303
2796327812.5,-31.17855
2796327968.75,-31.17803
2796328125.0,-31.16643
2796328281.25,-31.17591
2796328437.5,-31.16838
2796328593.75,-31.17122
2796328750.0,-31.17166
2796328906.25,-31.17556
2796329062.5,-31.16637
2796329218.75,-31.17217
2796329375.0,-31.16491
2796329531.25,-31.16649
2796329687.5,-31.16228
2796329843.75,-31.17173
2796330000.0,-31.16792
2796330156.25,-31.16606
2796330312.5,-31.16818
2796330468.75,-31.16942
2796330625.0,-31.16355
2796330781.25,-31.16624
2796330937.5,-31.16325
2796331093.75,-31.15797
2796331250.0,-31.1614
2796331406.25,-31.16117
2796331562.5,-31.16346
2796331718.75,-31.15992
2796331875.0,-31.17011
2796332031.25,-31.15896
2796332187.5,-31.15956
2796332343.75,-31.15906
2796332500.0,-31.15634
2796332656.25,-31.1579
2796332812.5,-31.15994
2796332968.75,-31.1523
2796333125.0,-31.15728
2796333281.25,-31.16098
2796333437.5,-31.16056
2796333593.75,-31.15615
2796333750.0,-31.14981
2796333906.25,-31.15941
2796334062.5,-31.15682
2796334218.75,-31.15571
2796334375.0,-31.15899
2796334531.25,-31.15794
2796334687.5,-31.15874
2796334843.75,-31.15521
2796335000.0,-31.15148
2796335156.25,-31.14445
2796335312.5,-31.15393
2796335468.75,-31.158
2796335625.0,-31.15554
2796335781.25,-31.14654
2796335937.5,-31.15234
2796336093.75,-31.15119
2796336250.0,-31.15311
2796336406.25,-31.15123
2796336562.5,-31.14926
2796336718.75,-31.14664
2796336875.0,-31.15034
2796337031.25,-31.14554
2796337187.5,-31.14776
2796337343.75,-31.15037
2796337500.0,-31.15033
2796337656.25,-31.15172
2796337812.5,-31.14984
2796337968.75,-31.15123
2796338125.0,-31.14554
2796338281.25,-31.14536
2796338437.5,-31.14485
2796338593.75,-31.14695
2796338750.0,-31.14448
2796338906.25,-31.14181
2796339062.5,-31.14266
2796339218.75,-31.1453
2796339375.0,-31.14135
2796339531.25,-31.14085
2796339687.5,-31.14206
2796339843.75,-31.13849
2796340000.0,-31.14135
2796340156.25,-31.13765
2796340312.5,-31.14043
2796340468.75,-31.14249
2796340625.0,-31.13857
2796340781.25,-31.13506
2796340937.5,-31.13612
2796341093.75,-31.13915
2796341250.0,-31.13853
2796341406.25,-31.14083
2796341562.5,-31.13562
2796341718.75,-31.13711
2796341875.0,-31.13669
2796342031.25,-31.14086
2796342187.5,-31.13927
2796342343.75,-31.13153
2796342500.0,-31.13211
2796342656.25,-31.13801
2796342812.5,-31.12809
2796342968.75,-31.1323
2796343125.0,-31.13543
2796343281.25,-31.13385
2796343437.5,-31.13277
2796343593.75,-31.13323
2796343750.0,-31.13273
2796343906.25,-31.13487
2796344062.5,-31.1305
2796344218.75,-31.13122
2796344375.0,-31.12741
2796344531.25,-31.13583
2796344687.5,-31.12897
2796344843.75,-31.13183
2796345000.0,-31.12882
2796345156.25,-31.12585
2796345312.5,-31.12443
2796345468.75,-31.12686
2796345625.0,-31.12605
2796345781.25,-31.12089
2796345937.5,-31.12505
2796346093.75,-31.12672
2796346250.0,-31.12455
2796346406.25,-31.12828
2796346562.5,-31.12696
2796346718.75,-31.12568
2796346875.0,-31.12325
2796347031.25,-31.12176
2796347187.5,-31.11941
2796347343.75,-31.11933
2796347500.0,-31.12002
2796347656.25,-31.11976
2796347812.5,-31.12459
2796347968.75,-31.12262
2796348125.0,-31.12169
2796348281.25,-31.12085
2796348437.5,-31.11489
2796348593.75,-31.11938
2796348750.0,-31.12238
2796348906.25,-31.11811
2796349062.5,-31.11563
2796349218.75,-31.11773
2796349375.0,-31.11891
2796349531.25,-31.11996
2796349687.5,-31.12008
2796349843.75,-31.11168
2796350000.0,-31.11815
2796350156.25,-31.1135
2796350312.5,-31.11651
2796350468.75,-31.11296
2796350625.0,-31.10971
2796350781.25,-31.11286
2796350937.5,-31.11629
2796351093.75,-31.11233
2796351250.0,-31.10955
2796351406.25,-31.11699
2796351562.5,-31.11312
2796351718.75,-31.11147
2796351875.0,-31.11515
2796352031.25,-31.11324
2796352187.5,-31.11719
2796352343.75,-31.10324
2796352500.0,-31.1067
2796352656.25,-31.11109
2796352812.5,-31.10517
2796352968.75,-31.10922
2796353125.0,-31.10447
2796353281.25,-31.11179
2796353437.5,-31.11123
2796353593.75,-31.10945
2796353750.0,-31.10523
2796353906.25,-31.10564
2796354062.5,-31.10062
2796354218.75,-31.10164
2796354375.0,-31.09871
2796354531.25,-31.11284
2796354687.5,-31.10069
2796354843.75,-31.10789
2796355000.0,-31.10083
2796355156.25,-31.09893
2796355312.5,-31.1049
2796355468.75,-31.10609
2796355625.0,-31.10074
2796355781.25,-31.10281
2796355937.5,-31.09412
2796356093.75,-31.0989
2796356250.0,-31.09801
2796356406.25,-31.09836
2796356562.5,-31.09774
2796356718.75,-31.10089
2796356875.0,-31.09463
2796357031.25,-31.09669
2796357187.5,-31.09977
2796357343.75,-31.10146
2796357500.0,-31.09712
2796357656.25,-31.0864
2796357812.5,-31.09627
2796357968.75,-31.08779
2796358125.0,-31.09893
2796358281.25,-31.09716
2796358437.5,-31.09786
2796358593.75,-31.09372
2796358750.0,-31.09283
2796358906.25,-31.08835
2796359062.5,-31.09503
2796359218.75,-31.09306
2796359375.0,-31.09232
2796359531.25,-31.09239
2796359687.5,-31.09467
2796359843.75,-31.09474
2796360000.0,-31.0878
2796360156.25,-31.09513
2796360312.5,-31.08533
2796360468.75,-31.08606
2796360625.0,-31.08561
2796360781.25,-31.08635
2796360937.5,-31.08015
2796361093.75,-31.08022
2796361250.0,-31.0836
2796361406.25,-31.08928
2796361562.5,-31.08451
2796361718.75,-31.08648
2796361875.0,-31.08988
2796362031.25,-31.08153
2796362187.5,-31.08292
2796362343.75,-31.08549
2796362500.0,-31.09085
2796362656.25,-31.08251
2796362812.5,-31.07963
2796362968.75,-31.07847
2796363125.0,-31.08093
2796363281.25,-31.08466
2796363437.5,-31.07612
2796363593.75,-31.07674
2796363750.0,-31.07769
2796363906.25,-31.08085
2796364062.5,-31.076
2796364218.75,-31.07611
2796364375.0,-31.07709
2796364531.25,-31.07405
2796364687.5,-31.08058
2796364843.75,-31.07538
2796365000.0,-31.07405
2796365156.25,-31.07668
2796365312.5,-31.07476
2796365468.75,-31.07408
2796365625.0,-31.07474
2796365781.25,-31.07367
2796365937.5,-31.06973
2796366093.75,-31.07886
2796366250.0,-31.07084
2796366406.25,-31.06847
2796366562.5,-31.07744
2796366718.75,-31.07126
2796366875.0,-31.07037
2796367031.25,-31.06637
2796367187.5,-31.06706
2796367343.75,-31.06722
2796367500.0,-31.06333
2796367656.25,-31.06948
2796367812.5,-31.07489
2796367968.75,-31.06991
2796368125.0,-31.07107
2796368281.25,-31.06776
2796368437.5,-31.06891
2796368593.75,-31.06422
2796368750.0,-31.06587
2796368906.25,-31.06833
2796369062.5,-31.0668
2796369218.75,-31.06378
2796369375.0,-31.06894
2796369531.25,-31.06046
2796369687.5,-31.06109
2796369843.75,-31.06481
2796370000.0,-31.06455
2796370156.25,-31.05584
2796370312.5,-31.05477
2796370468.75,-31.06368
2796370625.0,-31.06205
2796370781.25,-31.062
2796370937.5,-31.06223
2796371093.75,-31.06281
2796371250.0,-31.0605
2796371406.25,-31.05691
2796371562.5,-31.06466
2796371718.75,-31.05172
2796371875.0,-31.05122
2796372031.25,-31.05739
2796372187.5,-31.05108
2796372343.75,-31.05809
2796372500.0,-31.05555
2796372656.25,-31.05532
2796372812.5,-31.05538
2796372968.75,-31.05281
2796373125.0,-31.05202
2796373281.25,-31.06148
2796373437.5,-31.05336
2796373593.75,-31.0552
2796373750.0,-31.05005
2796373906.25,-31.05592
2796374062.5,-31.05218
2796374218.75,-31.0469
2796374375.0,-31.05468
2796374531.25,-31.05486
2796374687.5,-31.04877
2796374843.75,-31.05189
2796375000.0,-31.04682
2796375156.25,-31.04943
2796375312.5,-31.05265
2796375468.75,-31.0472
2796375625.0,-31.04679
2796375781.25,-31.04363
2796375937.5,-31.04819
2796376093.75,-31.05873
2796376250.0,-31.04728
2796376406.25,-31.04521
2796376562.5,-31.04859
2796376718.75,-31.04075
2796376875.0,-31.04594
2796377031.25,-31.04628
2796377187.5,-31.04599
2796377343.75,-31.04624
2796377500.0,-31.0397
2796377656.25,-31.0415
2796377812.5,-31.04526
2796377968.75,-31.03808
2796378125.0,-31.03485
2796378281.25,-31.04304
2796378437.5,-31.04182
2796378593.75,-31.03873
2796378750.0,-31.0353
2796378906.25,-31.04336
2796379062.5,-31.04378
2796379218.75,-31.0342
2796379375.0,-31.03848
2796379531.25,-31.04354
2796379687.5,-31.03274
2796379843.75,-31.03824
2796380000.0,-31.0362
2796380156.25,-31.03786
2796380312.5,-31.03173
2796380468.75,-31.03591
2796380625.0,-31.02939
2796380781.25,-31.03542
2796380937.5,-31.03454
2796381093.75,-31.03828
2796381250.0,-31.03326
2796381406.25,-31.0387
2796381562.5,-31.02732
2796381718.75,-31.03151
2796381875.0,-31.02936
2796382031.25,-31.03209
2796382187.5,-31.03366
2796382343.75,-31.0309
2796382500.0,-31.03194
2796382656.25,-31.02717
2796382812.5,-31.03415
2796382968.75,-31.03014
2796383125.0,-31.02981
2796383281.25,-31.02687
2796383437.5,-31.03004
2796383593.75,-31.02431
2796383750.0,-31.02869
2796383906.25,-31.0221
2796384062.5,-31.02566
2796384218.75,-31.02786
2796384375.0,-31.02305
2796384531.25,-31.02248
2796384687.5,-31.02399
2796384843.75,-31.0202
2796385000.0,-31.02202
2796385156.25,-31.02294
2796385312.5,-31.02202
2796385468.75,-31.01876
2796385625.0,-31.02265
2796385781.25,-31.0191
2796385937.5,-31.02291
2796386093.75,-31.02318
2796386250.0,-31.02178
2796386406.25,-31.02146
2796386562.5,-31.01547
2796386718.75,-31.02188
2796386875.0,-31.01332
2796387031.25,-31.01426
2796387187.5,-31.01623
2796387343.75,-31.01187
2796387500.0,-31.01737
2796387656.25,-31.01938
2796387812.5,-31.01404
2796387968.75,-31.01344
2796388125.0,-31.01701
2796388281.25,-31.0166
2796388437.5,-31.01536
2796388593.75,-31.00933
2796388750.0,-31.01635
2796388906.25,-31.01536
2796389062.5,-31.01118
2796389218.75,-31.01514
2796389375.0,-31.01081
2796389531.25,-31.01149
2796389687.5,-31.01575
2796389843.75,-31.00935
2796390000.0,-31.00639
2796390156.25,-31.00786
2796390312.5,-31.00162
2796390468.75,-31.01027
2796390625.0,-31.00609
2796390781.25,-31.00435
2796390937.5,-31.00588
2796391093.75,-31.00672
2796391250.0,-31.01005
2796391406.25,-31.00665
2796391562.5,-31.00512
2796391718.75,-30.99946
2796391875.0,-31.00511
2796392031.25,-30.99859
2796392187.5,-31.00464
2796392343.75,-31.00119
2796392500.0,-31.00168
2796392656.25,-30.99971
2796392812.5,-30.99831
2796392968.75,-31.00269
2796393125.0,-31.00211
2796393281.25,-31.00086
2796393437.5,-31.0018
2796393593.75,-30.99848
2796393750.0,-30.99605
2796393906.25,-30.99665
2796394062.5,-30.99883
2796394218.75,-31.00014
2796394375.0,-31.00048
2796394531.25,-31.0043
2796394687.5,-30.99844
2796394843.75,-30.99766
2796395000.0,-31.00003
2796395156.25,-30.99692
2796395312.5,-30.9937
2796395468.75,-30.99558
2796395625.0,-30.99717
2796395781.25,-30.99054
2796395937.5,-30.9896
2796396093.75,-30.99523
2796396250.0,-30.99528
2796396406.25,-30.98961
2796396562.5,-30.99395
2796396718.75,-30.98131
2796396875.0,-30.99106
2796397031.25,-30.99064
2796397187.5,-30.98852
2796397343.75,-30.99243
2796397500.0,-30.98455
2796397656.25,-30.98773
2796397812.5,-30.98324
2796397968.75,-30.99163
2796398125.0,-30.98537
2796398281.25,-30.98862
2796398437.5,-30.98482
2796398593.75,-30.9809
2796398750.0,-30.98307
2796398906.25,-30.98589
2796399062.5,-30.98305
2796399218.75,-30.97925
2796399375.0,-30.99137
2796399531.25,-30.98067
2796399687.5,-30.98096
2796399843.75,-30.98462
2796400000.0,-30.98367
2796400156.25,-30.98682
2796400312.5,-30.97932
2796400468.75,-30.98439
2796400625.0,-30.98553
2796400781.25,-30.98116
2796400937.5,-30.98595
2796401093.75,-30.98047
2796401250.0,-30.97455
2796401406.25,-30.98533
2796401562.5,-30.97904
2796401718.75,-30.98191
2796401875.0,-30.98023
2796402031.25,-30.97207
2796402187.5,-30.97877
2796402343.75,-30.97409
2796402500.0,-30.97112
2796402656.25,-30.97575
2796402812.5,-30.98107
2796402968.75,-30.96618
2796403125.0,-30.97699
2796403281.25,-30.97601
2796403437.5,-30.96951
2796403593.75,-30.97426
2796403750.0,-30.97094
2796403906.25,-30.97121
2796404062.5,-30.97654
2796404218.75,-30.97386
2796404375.0,-30.9688
2796404531.25,-30.97403
2796404687.5,-30.97018
2796404843.75,-30.96721
2796405000.0,-30.97285
2796405156.25,-30.97347
2796405312.5,-30.96749
2796405468.75,-30.97048
2796405625.0,-30.96568
2796405781.25,-30.96561
2796405937.5,-30.965
2796406093.75,-30.96406
2796406250.0,-30.96562
2796406406.25,-30.9655
2796406562.5,-30.9648
2796406718.75,-30.9684
2796406875.0,-30.96538
2796407031.25,-30.96701
2796407187.5,-30.96403
2796407343.75,-30.95887
2796407500.0,-30.95831
2796407656.25,-30.95969
2796407812.5,-30.96144
2796407968.75,-30.95726
2796408125.0,-30.96258
2796408281.25,-30.96424
2796408437.5,-30.96193
2796408593.75,-30.96977
2796408750.0,-30.959
2796408906.25,-30.96381
2796409062.5,-30.95367
2796409218.75,-30.96104
2796409375.0,-30.95348
2796409531.25,-30.95889
2796409687.5,-30.95195
2796409843.75,-30.95693
2796410000.0,-30.95447
2796410156.25,-30.9552
2796410312.5,-30.95502
2796410468.75,-30.95779
2796410625.0,-30.95988
2796410781.25,-30.95437
2796410937.5,-30.95233
2796411093.75,-30.95395
2796411250.0,-30.95447
2796411406.25,-30.94543
2796411562.5,-30.95565
2796411718.75,-30.95018
2796411875.0,-30.95222
2796412031.25,-30.94886
2796412187.5,-30.94728
2796412343.75,-30.94661
2796412500.0,-30.94482
2796412656.25,-30.94513
2796412812.5,-30.94431
2796412968.75,-30.94417
2796413125.0,-30.95084
2796413281.25,-30.94714
2796413437.5,-30.95065
2796413593.75,-30.95033
2796413750.0,-30.94752
2796413906.25,-30.94627
2796414062.5,-30.94523
2796414218.75,-30.9408
2796414375.0,-30.94534
2796414531.25,-30.94411
2796414687.5,-30.93678
2796414843.75,-30.9451
2796415000.0,-30.94833
2796415156.25,-30.94242
2796415312.5,-30.94356
2796415468.75,-30.94154
2796415625.0,-30.93868
2796415781.25,-30.93647
2796415937.5,-30.94456
2796416093.75,-30.94142
2796416250.0,-30.94287
2796416406.25,-30.93505
2796416562.5,-30.9353
2796416718.75,-30.93864
2796416875.0,-30.93812
2796417031.25,-30.93332
2796417187.5,-30.93702
2796417343.75,-30.94109
2796417500.0,-30.9334
2796417656.25,-30.9385
2796417812.5,-30.93307
2796417968.75,-30.93891
2796418125.0,-30.93876
2796418281.25,-30.93346
2796418437.5,-30.93816
2796418593.75,-30.93083
2796418750.0,-30.9316
2796418906.25,-30.93377
2796419062.5,-30.93239
2796419218.75,-30.92924
2796419375.0,-30.92659
2796419531.25,-30.93229
2796419687.5,-30.93775
2796419843.75,-30.93065
2796420000.0,-30.93602
2796420156.25,-30.92606
2796420312.5,-30.91959
2796420468.75,-30.92913
2796420625.0,-30.92991
2796420781.25,-30.92584
2796420937.5,-30.92626
2796421093.75,-30.92638
2796421250.0,-30.92593
2796421406.25,-30.91663
2796421562.5,-30.92641
2796421718.75,-30.92075
2796421875.0,-30.9256
2796422031.25,-30.91915
2796422187.5,-30.92525
2796422343.75,-30.92137
2796422500.0,-30.92532
2796422656.25,-30.92446
2796422812.5,-30.9253
2796422968.75,-30.92322
2796423125.0,-30.91916
2796423281.25,-30.92145
2796423437.5,-30.91534
2796423593.75,-30.92337
2796423750.0,-30.91679
2796423906.25,-30.91845
2796424062.5,-30.91889
2796424218.75,-30.92023
2796424375.0,-30.91466
2796424531.25,-30.91561
2796424687.5,-30.92015
2796424843.75,-30.92156
2796425000.0,-30.91802
2796425156.25,-30.92559
2796425312.5,-30.90929
2796425468.75,-30.91015
2796425625.0,-30.9169
2796425781.25,-30.91323
2796425937.5,-30.91562
2796426093.75,-30.91364
2796426250.0,-30.90784
2796426406.25,-30.90629
2796426562.5,-30.91386
2796426718.75,-30.92492
2796426875.0,-30.90628
2796427031.25,-30.91015
2796427187.5,-30.91017
2796427343.75,-30.91445
2796427500.0,-30.90587
2796427656.25,-30.90944
2796427812.5,-30.90676
2796427968.75,-30.90286
2796428125.0,-30.90605
2796428281.25,-30.9089
2796428437.5,-30.90657
2796428593.75,-30.90995
2796428750.0,-30.91024
2796428906.25,-30.90495
2796429062.5,-30.90471
2796429218.75,-30.91047
2796429375.0,-30.90612
2796429531.25,-30.90381
2796429687.5,-30.9005
2796429843.75,-30.90336
2796430000.0,-30.90311
2796430156.25,-30.90057
2796430312.5,-30.89944
2796430468.75,-30.90568
2796430625.0,-30.90126
2796430781.25,-30.90141
2796430937.5,-30.89719
2796431093.75,-30.90339
2796431250.0,-30.89861
2796431406.25,-30.90061
2796431562.5,-30.89711
2796431718.75,-30.89967
2796431875.0,-30.89234
2796432031.25,-30.89257
2796432187.5,-30.89691
2796432343.75,-30.90253
2796432500.0,-30.89588
2796432656.25,-30.89218
2796432812.5,-30.89814
2796432968.75,-30.8923
2796433125.0,-30.89777
2796433281.25,-30.89352
2796433437.5,-30.89731
2796433593.75,-30.89112
2796433750.0,-30.88744
2796433906.25,-30.88881
2796434062.5,-30.88927
2796434218.75,-30.88893
2796434375.0,-30.88771
2796434531.25,-30.89292
2796434687.5,-30.88716
2796434843.75,-30.88738
2796435000.0,-30.88519
2796435156.25,-30.88547
2796435312.5,-30.88256
2796435468.75,-30.88848
2796435625.0,-30.88363
2796435781.25,-30.89282
2796435937.5,-30.88729
2796436093.75,-30.88189
2796436250.0,-30.88402
2796436406.25,-30.88656
2796436562.5,-30.88425
2796436718.75,-30.88655
2796436875.0,-30.8855
2796437031.25,-30.89292
2796437187.5,-30.88505
2796437343.75,-30.88204
2796437500.0,-30.87664
2796437656.25,-30.88225
2796437812.5,-30.88271
2796437968.75,-30.88189
2796438125.0,-30.87863
2796438281.25,-30.88101
2796438437.5,-30.87914
2796438593.75,-30.88273
2796438750.0,-30.87902
2796438906.25,-30.88294
2796439062.5,-30.88015
2796439218.75,-30.8842
2796439375.0,-30.87671
2796439531.25,-30.87632
2796439687.5,-30.87233
2796439843.75,-30.86937
2796440000.0,-30.86938
2796440156.25,-30.87494
2796440312.5,-30.87442
2796440468.75,-30.86974
2796440625.0,-30.87697
2796440781.25,-30.87265
2796440937.5,-30.87245
2796441093.75,-30.87126
2796441250.0,-30.87318
2796441406.25,-30.86884
2796441562.5,-30.87517
2796441718.75,-30.8756
2796441875.0,-30.87157
2796442031.25,-30.87067
2796442187.5,-30.86829
2796442343.75,-30.86628
2796442500.0,-30.86602
2796442656.25,-30.86854
2796442812.5,-30.86999
2796442968.75,-30.86453
2796443125.0,-30.86117
2796443281.25,-30.87202
2796443437.5,-30.86875
2796443593.75,-30.87016
2796443750.0,-30.86386
2796443906.25,-30.86744
2796444062.5,-30.86415
2796444218.75,-30.86088
2796444375.0,-30.86727
2796444531.25,-30.86363
2796444687.5,-30.85914
2796444843.75,-30.86659
2796445000.0,-30.86434
2796445156.25,-30.86064
2796445312.5,-30.85451
2796445468.75,-30.85274
2796445625.0,-30.85974
2796445781.25,-30.86389
2796445937.5,-30.85806
2796446093.75,-30.86202
2796446250.0,-30.8555
2796446406.25,-30.85903
2796446562.5,-30.86012
2796446718.75,-30.85758
2796446875.0,-30.85876
2796447031.25,-30.86404
2796447187.5,-30.85745
2796447343.75,-30.85168
2796447500.0,-30.85406
2796447656.25,-30.85025
2796447812.5,-30.84824
2796447968.75,-30.85055
2796448125.0,-30.85514
2796448281.25,-30.8509
2796448437.5,-30.85573
2796448593.75,-30.85072
2796448750.0,-30.85223
2796448906.25,-30.84732
2796449062.5,-30.85284
2796449218.75,-30.85364
2796449375.0,-30.85653
2796449531.25,-30.84794
2796449687.5,-30.84616
2796449843.75,-30.84803
2796450000.0,-30.85008
2796450156.25,-30.85399
2796450312.5,-30.84831
2796450468.75,-30.84351
2796450625.0,-30.84982
2796450781.25,-30.8451
2796450937.5,-30.8471
2796451093.75,-30.84545
2796451250.0,-30.84456
2796451406.25,-30.84078
2796451562.5,-30.84774
2796451718.75,-30.84365
2796451875.0,-30.84315
2796452031.25,-30.84282
2796452187.5,-30.84803
2796452343.75,-30.852
2796452500.0,-30.84807
2796452656.25,-30.83275
2796452812.5,-30.84994
2796452968.75,-30.84267
2796453125.0,-30.8407
2796453281.25,-30.8427
2796453437.5,-30.83339
2796453593.75,-30.83822
2796453750.0,-30.83219
2796453906.25,-30.84319
2796454062.5,-30.83991
2796454218.75,-30.83343
2796454375.0,-30.83543
2796454531.25,-30.8391
2796454687.5,-30.83382
2796454843.75,-30.83457
2796455000.0,-30.83821
2796455156.25,-30.83542
2796455312.5,-30.83242
2796455468.75,-30.83231
2796455625.0,-30.82981
2796455781.25,-30.83042
2796455937.5,-30.82644
2796456093.75,-30.83078
2796456250.0,-30.83005
2796456406.25,-30.83463
2796456562.5,-30.82926
2796456718.75,-30.82336
2796456875.0,-30.82754
2796457031.25,-30.82706
2796457187.5,-30.83082
2796457343.75,-30.83408
2796457500.0,-30.83247
2796457656.25,-30.82341
2796457812.5,-30.82833
2796457968.75,-30.81998
2796458125.0,-30.82299
2796458281.25,-30.83074
2796458437.5,-30.82803
2796458593.75,-30.82423
2796458750.0,-30.82099
2796458906.25,-30.82829
2796459062.5,-30.82709
2796459218.75,-30.82034
2796459375.0,-30.82595
2796459531.25,-30.82869
2796459687.5,-30.82297
2796459843.75,-30.82224
2796460000.0,-30.81882
2796460156.25,-30.81999
2796460312.5,-30.82477
2796460468.75,-30.81979
2796460625.0,-30.81631
2796460781.25,-30.81618
2796460937.5,-30.81856
2796461093.75,-30.81803
2796461250.0,-30.81308
2796461406.25,-30.82224
2796461562.5,-30.81999
2796461718.75,-30.81782
2796461875.0,-30.82195
2796462031.25,-30.81609
2796462187.5,-30.81724
2796462343.75,-30.81875
2796462500.0,-30.81384
2796462656.25,-30.8159
2796462812.5,-30.81526
2796462968.75,-30.81379
2796463125.0,-30.81623
2796463281.25,-30.8081
2796463437.5,-30.81694
2796463593.75,-30.81386
2796463750.0,-30.81517
2796463906.25,-30.81054
2796464062.5,-30.81146
2796464218.75,-30.80516
2796464375.0,-30.81032
2796464531.25,-30.81454
2796464687.5,-30.80804
2796464843.75,-30.8119
2796465000.0,-30.80248
2796465156.25,-30.81246
2796465312.5,-30.80879
2796465468.75,-30.80563
2796465625.0,-30.80738
2796465781.25,-30.80219
2796465937.5,-30.80715
2796466093.75,-30.80346
2796466250.0,-30.8041
2796466406.25,-30.80115
2796466562.5,-30.80532
2796466718.75,-30.80171
2796466875.0,-30.80405
2796467031.25,-30.79988
2796467187.5,-30.80071
2796467343.75,-30.79865
2796467500.0,-30.79953
2796467656.25,-30.79473
2796467812.5,-30.79394
2796467968.75,-30.79622
2796468125.0,-30.79924
2796468281.25,-30.79527
2796468437.5,-30.80035
2796468593.75,-30.79748
2796468750.0,-30.80113
2796468906.25,-30.79936
2796469062.5,-30.79932
2796469218.75,-30.79936
2796469375.0,-30.79174
2796469531.25,-30.79609
2796469687.5,-30.79598
2796469843.75,-30.79595
2796470000.0,-30.78955
2796470156.25,-30.79475
2796470312.5,-30.78952
2796470468.75,-30.79333
2796470625.0,-30.78949
2796470781.25,-30.79686
2796470937.5,-30.78571
2796471093.75,-30.7919
2796471250.0,-30.7969
2796471406.25,-30.79092
2796471562.5,-30.78572
2796471718.75,-30.78929
2796471875.0,-30.79006
2796472031.25,-30.78751
2796472187.5,-30.78854
2796472343.75,-30.78952
2796472500.0,-30.78782
2796472656.25,-30.79371
2796472812.5,-30.78976
2796472968.75,-30.78942
2796473125.0,-30.78735
2796473281.25,-30.78671
2796473437.5,-30.78232
2796473593.75,-30.78415
2796473750.0,-30.78799
2796473906.25,-30.7849
2796474062.5,-30.78022
2796474218.75,-30.78051
2796474375.0,-30.78517
2796474531.25,-30.7815
2796474687.5,-30.77763
2796474843.75,-30.78177
2796475000.0,-30.7839
2796475156.25,-30.78069
2796475312.5,-30.77644
2796475468.75,-30.77309
2796475625.0,-30.78305
2796475781.25,-30.77787
2796475937.5,-30.77773
2796476093.75,-30.77837
2796476250.0,-30.77761
2796476406.25,-30.77358
2796476562.5,-30.77327
2796476718.75,-30.77232
2796476875.0,-30.77153
2796477031.25,-30.77425
2796477187.5,-30.77073
2796477343.75,-30.77542
2796477500.0,-30.77662
2796477656.25,-30.77359
2796477812.5,-30.77529
2796477968.75,-30.76838
2796478125.0,-30.77032
2796478281.25,-30.76933
2796478437.5,-30.76852
2796478593.75,-30.76971
2796478750.0,-30.76081
2796478906.25,-30.76933
2796479062.5,-30.76948
2796479218.75,-30.76764
2796479375.0,-30.7714
2796479531.25,-30.77076
2796479687.5,-30.7727
2796479843.75,-30.76756
2796480000.0,-30.76686
2796480156.25,-30.76249
2796480312.5,-30.76842
2796480468.75,-30.76245
2796480625.0,-30.76611
2796480781.25,-30.76639
2796480937.5,-30.76636
2796481093.75,-30.76182
2796481250.0,-30.7648
2796481406.25,-30.7658
2796481562.5,-30.7678
2796481718.75,-30.76357
2796481875.0,-30.77244
2796482031.25,-30.7592
2796482187.5,-30.75897
2796482343.75,-30.76268
2796482500.0,-30.76255
2796482656.25,-30.75665
2796482812.5,-30.76026
2796482968.75,-30.76042
2796483125.0,-30.75607
2796483281.25,-30.75736
2796483437.5,-30.75755
2796483593.75,-30.75801
2796483750.0,-30.75417
2796483906.25,-30.75682
2796484062.5,-30.75422
2796484218.75,-30.75522
2796484375.0,-30.75499
2796484531.25,-30.75541
2796484687.5,-30.75239
2796484843.75,-30.75399
2796485000.0,-30.74982
2796485156.25,-30.751
2796485312.5,-30.75109
2796485468.75,-30.74879
2796485625.0,-30.75245
2796485781.25,-30.75338
2796485937.5,-30.7478
2796486093.75,-30.75112
2796486250.0,-30.74989
2796486406.25,-30.75136
2796486562.5,-30.74472
2796486718.75,-30.74951
2796486875.0,-30.74412
2796487031.25,-30.74614
2796487187.5,-30.74852
2796487343.75,-30.74405
2796487500.0,-30.75169
2796487656.25,-30.74243
2796487812.5,-30.74529
2796487968.75,-30.75061
2796488125.0,-30.74484
2796488281.25,-30.74164
2796488437.5,-30.74168
2796488593.75,-30.74202
2796488750.0,-30.74149
2796488906.25,-30.74274
2796489062.5,-30.73928
2796489218.75,-30.73932
2796489375.0,-30.74504
2796489531.25,-30.73528
2796489687.5,-30.7394
2796489843.75,-30.73683
2796490000.0,-30.73825
2796490156.25,-30.73873
2796490312.5,-30.73911
2796490468.75,-30.73525
2796490625.0,-30.73957
2796490781.25,-30.73499
2796490937.5,-30.73543
2796491093.75,-30.74134
2796491250.0,-30.73024
2796491406.25,-30.7392
2796491562.5,-30.73822
2796491718.75,-30.73428
2796491875.0,-30.73774
2796492031.25,-30.73424
2796492187.5,-30.73353
2796492343.75,-30.74393
2796492500.0,-30.7329
2796492656.25,-30.72979
2796492812.5,-30.72867
2796492968.75,-30.7258
2796493125.0,-30.73129
2796493281.25,-30.7342
2796493437.5,-30.73335
2796493593.75,-30.73456
2796493750.0,-30.72847
2796493906.25,-30.73698
2796494062.5,-30.72313
2796494218.75,-30.72369
2796494375.0,-30.72012
2796494531.25,-30.72985
2796494687.5,-30.72945
2796494843.75,-30.724
2796495000.0,-30.72457
2796495156.25,-30.72668
2796495312.5,-30.72256
2796495468.75,-30.72195
2796495625.0,-30.73077
2796495781.25,-30.72638
2796495937.5,-30.72606
2796496093.75,-30.72346
2796496250.0,-30.72396
2796496406.25,-30.72089
2796496562.5,-30.7182
2796496718.75,-30.72123
2796496875.0,-30.71715
2796497031.25,-30.72535
2796497187.5,-30.72161
2796497343.75,-30.71973
2796497500.0,-30.71839
2796497656.25,-30.7154
2796497812.5,-30.72272
2796497968.75,-30.71914
2796498125.0,-30.7156
2796498281.25,-30.71809
2796498437.5,-30.71665
2796498593.75,-30.7152
2796498750.0,-30.71464
2796498906.25,-30.71708
2796499062.5,-30.71512
2796499218.75,-30.72258
2796499375.0,-30.71149
2796499531.25,-30.71226
2796499687.5,-30.71557
2796499843.75,-30.71054
2796500000.0,-30.71717
2796500156.25,-30.71878
2796500312.5,-30.71473
2796500468.75,-30.71511
2796500625.0,-30.71416
2796500781.25,-30.71152
2796500937.5,-30.70288
2796501093.75,-30.70765
2796501250.0,-30.71272
2796501406.25,-30.70982
2796501562.5,-30.70943
2796501718.75,-30.70296
2796501875.0,-30.70518
2796502031.25,-30.7023
2796502187.5,-30.70576
2796502343.75,-30.71305
2796502500.0,-30.69945
2796502656.25,-30.70563
2796502812.5,-30.70749
2796502968.75,-30.70709
2796503125.0,-30.69794
2796503281.25,-30.70238
2796503437.5,-30.70319
2796503593.75,-30.6996
2796503750.0,-30.70472
2796503906.25,-30.70555
2796504062.5,-30.69604
2796504218.75,-30.69612
2796504375.0,-30.69968
2796504531.25,-30.69715
2796504687.5,-30.69855
2796504843.75,-30.70246
2796505000.0,-30.69836
2796505156.25,-30.70434
2796505312.5,-30.69821
2796505468.75,-30.69599
2796505625.0,-30.69946
2796505781.25,-30.69173
2796505937.5,-30.68982
2796506093.75,-30.69239
2796506250.0,-30.69773
2796506406.25,-30.68842
2796506562.5,-30.70216
2796506718.75,-30.69501
2796506875.0,-30.69395
2796507031.25,-30.69136
2796507187.5,-30.69547
2796507343.75,-30.68823
2796507500.0,-30.69095
2796507656.25,-30.68787
2796507812.5,-30.69084
2796507968.75,-30.68602
2796508125.0,-30.69097
2796508281.25,-30.68919
2796508437.5,-30.68783
2796508593.75,-30.6857
2796508750.0,-30.68777
2796508906.25,-30.68215
2796509062.5,-30.68387
2796509218.75,-30.68771
2796509375.0,-30.68587
2796509531.25,-30.68371
2796509687.5,-30.69048
2796509843.75,-30.68806
2796510000.0,-30.68688
2796510156.25,-30.68489
2796510312.5,-30.68568
2796510468.75,-30.68391
2796510625.0,-30.68152
2796510781.25,-30.67579
2796510937.5,-30.67984
2796511093.75,-30.68505
2796511250.0,-30.67983
2796511406.25,-30.68544
2796511562.5,-30.67751
2796511718.75,-30.67506
2796511875.0,-30.6769
2796512031.25,-30.67219
2796512187.5,-30.67542
2796512343.75,-30.67777
2796512500.0,-30.67821
2796512656.25,-30.6788
2796512812.5,-30.6736
2796512968.75,-30.67682
2796513125.0,-30.67543
2796513281.25,-30.6756
2796513437.5,-30.67305
2796513593.75,-30.67121
2796513750.0,-30.68003
2796513906.25,-30.68075
2796514062.5,-30.67666
2796514218.75,-30.67517
2796514375.0,-30.67413
2796514531.25,-30.67374
2796514687.5,-30.66775
2796514843.75,-30.66839
2796515000.0,-30.6718
2796515156.25,-30.67162
2796515312.5,-30.67063
2796515468.75,-30.6691
2796515625.0,-30.66656
2796515781.25,-30.67212
2796515937.5,-30.67186
2796516093.75,-30.67244
2796516250.0,-30.66782
2796516406.25,-30.67488
2796516562.5,-30.66518
2796516718.75,-30.66475
2796516875.0,-30.6692
2796517031.25,-30.66377
2796517187.5,-30.66682
2796517343.75,-30.66635
2796517500.0,-30.66365
2796517656.25,-30.66152
2796517812.5,-30.66219
2796517968.75,-30.65925
2796518125.0,-30.65914
2796518281.25,-30.66075
2796518437.5,-30.65945
2796518593.75,-30.65966
2796518750.0,-30.6583
2796518906.25,-30.66332
2796519062.5,-30.66578
2796519218.75,-30.66451
2796519375.0,-30.66257
2796519531.25,-30.66159
2796519687.5,-30.66335
2796519843.75,-30.6617
2796520000.0,-30.6589
2796520156.25,-30.65717
2796520312.5,-30.65171
2796520468.75,-30.65544
2796520625.0,-30.65745
2796520781.25,-30.65619
2796520937.5,-30.65196
2796521093.75,-30.65085
2796521250.0,-30.65748
2796521406.25,-30.65411
2796521562.5,-30.64933
2796521718.75,-30.65945
2796521875.0,-30.65769
2796522031.25,-30.6487
2796522187.5,-30.64551
2796522343.75,-30.65151
2796522500.0,-30.6505
2796522656.25,-30.6423
2796522812.5,-30.64857
2796522968.75,-30.65219
2796523125.0,-30.64483
2796523281.25,-30.64497
2796523437.5,-30.64932
2796523593.75,-30.64686
2796523750.0,-30.65043
2796523906.25,-30.65015
2796524062.5,-30.64952
2796524218.75,-30.63937
2796524375.0,-30.64224
2796524531.25,-30.6444
2796524687.5,-30.64256
2796524843.75,-30.64094
2796525000.0,-30.64019
2796525156.25,-30.64179
2796525312.5,-30.64241
2796525468.75,-30.64531
2796525625.0,-30.64736
2796525781.25,-30.64275
2796525937.5,-30.63777
2796526093.75,-30.64082
2796526250.0,-30.63722
2796526406.25,-30.63542
2796526562.5,-30.63534
2796526718.75,-30.64452
2796526875.0,-30.63626
2796527031.25,-30.64067
2796527187.5,-30.63897
2796527343.75,-30.63877
2796527500.0,-30.63717
2796527656.25,-30.63537
2796527812.5,-30.63433
2796527968.75,-30.63623
2796528125.0,-30.63582
2796528281.25,-30.62894
2796528437.5,-30.62799
2796528593.75,-30.63173
2796528750.0,-30.62813
2796528906.25,-30.63646
2796529062.5,-30.63075
2796529218.75,-30.62796
2796529375.0,-30.6316
2796529531.25,-30.62979
2796529687.5,-30.62839
2796529843.75,-30.6295
2796530000.0,-30.62239
2796530156.25,-30.62939
2796530312.5,-30.63155
2796530468.75,-30.62976
2796530625.0,-30.6305
2796530781.25,-30.62212
2796530937.5,-30.62909
2796531093.75,-30.63321
2796531250.0,-30.63247
2796531406.25,-30.62108
2796531562.5,-30.62004
2796531718.75,-30.62033
2796531875.0,-30.62432
2796532031.25,-30.6237
2796532187.5,-30.62114
2796532343.75,-30.62665
2796532500.0,-30.62726
2796532656.25,-30.62305
2796532812.5,-30.6205
2796532968.75,-30.62127
2796533125.0,-30.62149
2796533281.25,-30.6185
2796533437.5,-30.61477
2796533593.75,-30.61816
2796533750.0,-30.61263
2796533906.25,-30.61761
2796534062.5,-30.61767
2796534218.75,-30.61463
2796534375.0,-30.61915
2796534531.25,-30.61615
2796534687.5,-30.6184
2796534843.75,-30.61061
2796535000.0,-30.61528
2796535156.25,-30.61334
2796535312.5,-30.62028
2796535468.75,-30.61527
2796535625.0,-30.61133
2796535781.25,-30.62371
2796535937.5,-30.60602
2796536093.75,-30.61195
2796536250.0,-30.61471
2796536406.25,-30.61243
2796536562.5,-30.61609
2796536718.75,-30.60322
2796536875.0,-30.6092
2796537031.25,-30.61237
2796537187.5,-30.60737
2796537343.75,-30.60532
2796537500.0,-30.60539
2796537656.25,-30.60745
2796537812.5,-30.60771
2796537968.75,-30.60852
2796538125.0,-30.61015
2796538281.25,-30.61062
2796538437.5,-30.60196
2796538593.75,-30.60165
2796538750.0,-30.60843
2796538906.25,-30.60687
2796539062.5,-30.60432
2796539218.75,-30.59865
2796539375.0,-30.60288
2796539531.25,-30.60504
2796539687.5,-30.60417
2796539843.75,-30.59774
2796540000.0,-30.59831
2796540156.25,-30.60123
2796540312.5,-30.59928
2796540468.75,-30.60954
2796540625.0,-30.59672
2796540781.25,-30.6024
2796540937.5,-30.60047
2796541093.75,-30.59417
2796541250.0,-30.59778
2796541406.25,-30.59902
2796541562.5,-30.59036
2796541718.75,-30.59516
2796541875.0,-30.59912
2796542031.25,-30.59367
2796542187.5,-30.59823
2796542343.75,-30.59967
2796542500.0,-30.59198
2796542656.25,-30.58964
2796542812.5,-30.59409
2796542968.75,-30.59313
2796543125.0,-30.59936
2796543281.25,-30.59024
2796543437.5,-30.58766
2796543593.75,-30.58805
2796543750.0,-30.58761
2796543906.25,-30.58639
2796544062.5,-30.59066
2796544218.75,-30.59027
2796544375.0,-30.59134
2796544531.25,-30.58569
2796544687.5,-30.58873
2796544843.75,-30.58533
2796545000.0,-30.59426
2796545156.25,-30.58589
2796545312.5,-30.58548
2796545468.75,-30.58697
2796545625.0,-30.58265
2796545781.25,-30.58934
2796545937.5,-30.58501
2796546093.75,-30.58664
2796546250.0,-30.58261
2796546406.25,-30.59051
2796546562.5,-30.58081
2796546718.75,-30.58022
2796546875.0,-30.57786
2796547031.25,-30.58201
2796547187.5,-30.58275
2796547343.75,-30.57601
2796547500.0,-30.57612
2796547656.25,-30.58179
2796547812.5,-30.57471
2796547968.75,-30.58333
2796548125.0,-30.58118
2796548281.25,-30.57228
2796548437.5,-30.57505
2796548593.75,-30.58452
2796548750.0,-30.57856
2796548906.25,-30.57575
2796549062.5,-30.58151
2796549218.75,-30.57843
2796549375.0,-30.5765
2796549531.25,-30.57274
2796549687.5,-30.57501
2796549843.75,-30.57185
2796550000.0,-30.57858
2796550156.25,-30.57425
2796550312.5,-30.57826
2796550468.75,-30.5752
2796550625.0,-30.57215
2796550781.25,-30.57547
2796550937.5,-30.57216
2796551093.75,-30.57172
2796551250.0,-30.57264
2796551406.25,-30.57049
2796551562.5,-30.57408
2796551718.75,-30.56847
2796551875.0,-30.56776
2796552031.25,-30.56512
2796552187.5,-30.56624
2796552343.75,-30.56775
2796552500.0,-30.56615
2796552656.25,-30.56896
2796552812.5,-30.55753
2796552968.75,-30.56095
2796553125.0,-30.56518
2796553281.25,-30.57014
2796553437.5,-30.56509
2796553593.75,-30.5622
2796553750.0,-30.563
2796553906.25,-30.56063
2796554062.5,-30.56016
2796554218.75,-30.55835
2796554375.0,-30.56701
2796554531.25,-30.55768
2796554687.5,-30.55939
2796554843.75,-30.54985
2796555000.0,-30.55627
2796555156.25,-30.55738
2796555312.5,-30.5634
2796555468.75,-30.55647
2796555625.0,-30.55547
2796555781.25,-30.56162
2796555937.5,-30.55805
2796556093.75,-30.5606
2796556250.0,-30.55587
2796556406.25,-30.55201
2796556562.5,-30.55757
2796556718.75,-30.55627
2796556875.0,-30.54933
2796557031.25,-30.54803
2796557187.5,-30.55544
2796557343.75,-30.54938
2796557500.0,-30.55052
2796557656.25,-30.55564
2796557812.5,-30.55008
2796557968.75,-30.55502
2796558125.0,-30.54873
2796558281.25,-30.55293
2796558437.5,-30.54655
2796558593.75,-30.54697
2796558750.0,-30.55393
2796558906.25,-30.54232
2796559062.5,-30.54157
2796559218.75,-30.54737
2796559375.0,-30.55377
2796559531.25,-30.54873
2796559687.5,-30.54844
2796559843.75,-30.54585
2796560000.0,-30.54349
2796560156.25,-30.54773
2796560312.5,-30.54605
2796560468.75,-30.55153
2796560625.0,-30.53848
2796560781.25,-30.54381
2796560937.5,-30.53892
2796561093.75,-30.54388
2796561250.0,-30.54365
2796561406.25,-30.54041
2796561562.5,-30.54364
2796561718.75,-30.54233
2796561875.0,-30.54032
2796562031.25,-30.5424
2796562187.5,-30.54111
2796562343.75,-30.53737
2796562500.0,-30.53895
2796562656.25,-30.54072
2796562812.5,-30.53642
2796562968.75,-30.54049
2796563125.0,-30.53563
2796563281.25,-30.5362
2796563437.5,-30.53341
2796563593.75,-30.53731
2796563750.0,-30.53448
2796563906.25,-30.53412
2796564062.5,-30.5284
2796564218.75,-30.53428
2796564375.0,-30.53395
2796564531.25,-30.53837
2796564687.5,-30.53023
2796564843.75,-30.5337
2796565000.0,-30.53307
2796565156.25,-30.53114
2796565312.5,-30.53107
2796565468.75,-30.53406
2796565625.0,-30.52926
2796565781.25,-30.53108
2796565937.5,-30.52942
2796566093.75,-30.53186
2796566250.0,-30.53798
2796566406.25,-30.53147
2796566562.5,-30.52633
2796566718.75,-30.52079
2796566875.0,-30.52776
2796567031.25,-30.52329
2796567187.5,-30.5234
2796567343.75,-30.52761
2796567500.0,-30.52406
2796567656.25,-30.5261
2796567812.5,-30.53124
2796567968.75,-30.52187
2796568125.0,-30.52697
2796568281.25,-30.52393
2796568437.5,-30.51757
2796568593.75,-30.52601
2796568750.0,-30.51947
2796568906.25,-30.52259
2796569062.5,-30.51731
2796569218.75,-30.52309
2796569375.0,-30.52571
2796569531.25,-30.51556
2796569687.5,-30.51855
2796569843.75,-30.51586
2796570000.0,-30.51569
2796570156.25,-30.51648
2796570312.5,-30.51383
2796570468.75,-30.51185
2796570625.0,-30.51897
2796570781.25,-30.51252
2796570937.5,-30.51261
2796571093.75,-30.51786
2796571250.0,-30.51141
2796571406.25,-30.50868
2796571562.5,-30.5091
2796571718.75,-30.51346
2796571875.0,-30.51005
2796572031.25,-30.51305
2796572187.5,-30.51171
2796572343.75,-30.50666
2796572500.0,-30.50501
2796572656.25,-30.5053
2796572812.5,-30.51541
2796572968.75,-30.5114
2796573125.0,-30.50977
2796573281.25,-30.51107
2796573437.5,-30.50998
2796573593.75,-30.50852
2796573750.0,-30.50447
2796573906.25,-30.50421
2796574062.5,-30.50708
2796574218.75,-30.50989
2796574375.0,-30.50714
2796574531.25,-30.50292
2796574687.5,-30.50531
2796574843.75,-30.50793
2796575000.0,-30.50419
2796575156.25,-30.50475
2796575312.5,-30.50169
2796575468.75,-30.50209
2796575625.0,-30.50745
2796575781.25,-30.50433
2796575937.5,-30.49468
2796576093.75,-30.50279
2796576250.0,-30.50833
2796576406.25,-30.49829
2796576562.5,-30.49824
2796576718.75,-30.50715
2796576875.0,-30.49793
2796577031.25,-30.49347
2796577187.5,-30.49679
2796577343.75,-30.49848
2796577500.0,-30.4971
2796577656.25,-30.49412
2796577812.5,-30.49437
2796577968.75,-30.4927
2796578125.0,-30.49254
2796578281.25,-30.49232
2796578437.5,-30.49914
2796578593.75,-30.49028
2796578750.0,-30.49194
2796578906.25,-30.49451
2796579062.5,-30.49178
2796579218.75,-30.49491
2796579375.0,-30.49272
2796579531.25,-30.48396
2796579687.5,-30.49494
2796579843.75,-30.49001
2796580000.0,-30.49269
2796580156.25,-30.48943
2796580312.5,-30.48862
2796580468.75,-30.48768
2796580625.0,-30.48837
2796580781.25,-30.49002
2796580937.5,-30.48429
2796581093.75,-30.48638
2796581250.0,-30.48076
2796581406.25,-30.48739
2796581562.5,-30.48122
2796581718.75,-30.48456
2796581875.0,-30.4859
2796582031.25,-30.48018
2796582187.5,-30.48214
2796582343.75,-30.47744
2796582500.0,-30.48369
2796582656.25,-30.48322
2796582812.5,-30.48069
2796582968.75,-30.4835
2796583125.0,-30.47182
2796583281.25,-30.47869
2796583437.5,-30.47935
2796583593.75,-30.47745
2796583750.0,-30.47016
2796583906.25,-30.47951
2796584062.5,-30.47406
2796584218.75,-30.47775
2796584375.0,-30.46771
2796584531.25,-30.4763
2796584687.5,-30.47981
2796584843.75,-30.47816
2796585000.0,-30.47152
2796585156.25,-30.47237
2796585312.5,-30.47375
2796585468.75,-30.47127
2796585625.0,-30.47561
2796585781.25,-30.47047
2796585937.5,-30.47263
2796586093.75,-30.47198
2796586250.0,-30.4688
2796586406.25,-30.47507
2796586562.5,-30.47023
2796586718.75,-30.46826
2796586875.0,-30.46977
2796587031.25,-30.47018
2796587187.5,-30.46436
2796587343.75,-30.46843
2796587500.0,-30.46517
2796587656.25,-30.46689
2796587812.5,-30.47046
2796587968.75,-30.46474
2796588125.0,-30.46687
2796588281.25,-30.46468
2796588437.5,-30.45821
2796588593.75,-30.46563
2796588750.0,-30.46141
2796588906.25,-30.46032
2796589062.5,-30.46434
2796589218.75,-30.46554
2796589375.0,-30.46088
2796589531.25,-30.45899
2796589687.5,-30.46664
2796589843.75,-30.4613
2796590000.0,-30.46257
2796590156.25,-30.45444
2796590312.5,-30.46165
2796590468.75,-30.45726
2796590625.0,-30.4602
2796590781.25,-30.45216
2796590937.5,-30.46425
2796591093.75,-30.46421
2796591250.0,-30.45388
2796591406.25,-30.46066
2796591562.5,-30.45673
2796591718.75,-30.45768
2796591875.0,-30.45816
2796592031.25,-30.45403
2796592187.5,-30.45212
2796592343.75,-30.45503
2796592500.0,-30.45263
2796592656.25,-30.45368
2796592812.5,-30.44811
2796592968.75,-30.44855
2796593125.0,-30.45744
2796593281.25,-30.45038
2796593437.5,-30.45068
2796593593.75,-30.44905
2796593750.0,-30.4512
2796593906.25,-30.4449
2796594062.5,-30.45609
2796594218.75,-30.44726
2796594375.0,-30.44963
2796594531.25,-30.44998
2796594687.5,-30.44691
2796594843.75,-30.44136
2796595000.0,-30.44599
2796595156.25,-30.44538
2796595312.5,-30.4414
2796595468.75,-30.44485
2796595625.0,-30.4505
2796595781.25,-30.44262
2796595937.5,-30.44227
2796596093.75,-30.44967
2796596250.0,-30.44106
2796596406.25,-30.44632
2796596562.5,-30.44742
2796596718.75,-30.44871
2796596875.0,-30.44463
2796597031.25,-30.44133
2796597187.5,-30.44337
2796597343.75,-30.43936
2796597500.0,-30.44097
2796597656.25,-30.44155
2796597812.5,-30.4339
2796597968.75,-30.44043
2796598125.0,-30.43813
2796598281.25,-30.4358
2796598437.5,-30.43648
2796598593.75,-30.43484
2796598750.0,-30.43401
2796598906.25,-30.43412
2796599062.5,-30.43211
2796599218.75,-30.43445
2796599375.0,-30.42903
2796599531.25,-30.43306
2796599687.5,-30.43442
2796599843.75,-30.43862
2796600000.0,-30.43194
2796600156.25,-30.43207
2796600312.5,-30.43423
2796600468.75,-30.4292
2796600625.0,-30.43138
2796600781.25,-30.42866
2796600937.5,-30.43413
2796601093.75,-30.43186
2796601250.0,-30.43348
2796601406.25,-30.43015
2796601562.5,-30.4269
2796601718.75,-30.4199
2796601875.0,-30.433
2796602031.25,-30.43197
2796602187.5,-30.42846
2796602343.75,-30.42437
2796602500.0,-30.4277
2796602656.25,-30.42321
2796602812.5,-30.43157
2796602968.75,-30.42259
2796603125.0,-30.42706
2796603281.25,-30.42369
2796603437.5,-30.42001
2796603593.75,-30.42786
2796603750.0,-30.42163
2796603906.25,-30.42775
2796604062.5,-30.41942
2796604218.75,-30.4255
2796604375.0,-30.42242
2796604531.25,-30.42397
2796604687.5,-30.42049
2796604843.75,-30.41671
2796605000.0,-30.41799
2796605156.25,-30.41984
2796605312.5,-30.41832
2796605468.75,-30.41596
2796605625.0,-30.41752
2796605781.25,-30.4143
2796605937.5,-30.4134
2796606093.75,-30.413
2796606250.0,-30.41864
2796606406.25,-30.41558
2796606562.5,-30.41477
2796606718.75,-30.41141
2796606875.0,-30.41808
2796607031.25,-30.4127
2796607187.5,-30.41297
2796607343.75,-30.41099
2796607500.0,-30.40924
2796607656.25,-30.40734
2796607812.5,-30.41002
2796607968.75,-30.41196
2796608125.0,-30.40797
2796608281.25,-30.41078
2796608437.5,-30.40856
2796608593.75,-30.40878
2796608750.0,-30.40977
2796608906.25,-30.40212
2796609062.5,-30.41558
2796609218.75,-30.40259
2796609375.0,-30.40538
2796609531.25,-30.40517
2796609687.5,-30.40681
2796609843.75,-30.40534
2796610000.0,-30.40331
2796610156.25,-30.40394
2796610312.5,-30.40172
2796610468.75,-30.39974
2796610625.0,-30.4
2796610781.25,-30.39943
2796610937.5,-30.39758
2796611093.75,-30.40278
2796611250.0,-30.40035
2796611406.25,-30.40239
2796611562.5,-30.40006
2796611718.75,-30.40306
2796611875.0,-30.40213
2796612031.25,-30.39627
2796612187.5,-30.39462
2796612343.75,-30.39854
2796612500.0,-30.39957
2796612656.25,-30.39488
2796612812.5,-30.39175
2796612968.75,-30.39862
2796613125.0,-30.39672
2796613281.25,-30.39503
2796613437.5,-30.38811
2796613593.75,-30.39602
2796613750.0,-30.39594
2796613906.25,-30.392
2796614062.5,-30.39551
2796614218.75,-30.38461
2796614375.0,-30.3955
2796614531.25,-30.39297
2796614687.5,-30.38736
2796614843.75,-30.39111
2796615000.0,-30.39091
2796615156.25,-30.39106
2796615312.5,-30.39415
2796615468.75,-30.39249
2796615625.0,-30.38797
2796615781.25,-30.38036
2796615937.5,-30.3904
2796616093.75,-30.39119
2796616250.0,-30.3857
2796616406.25,-30.38432
2796616562.5,-30.38635
2796616718.75,-30.38055
2796616875.0,-30.38103
2796617031.25,-30.38236
2796617187.5,-30.37986
2796617343.75,-30.38314
2796617500.0,-30.38391
2796617656.25,-30.3886
2796617812.5,-30.38412
2796617968.75,-30.3843
2796618125.0,-30.37989
2796618281.25,-30.37932
2796618437.5,-30.37911
2796618593.75,-30.38287
2796618750.0,-30.38326
2796618906.25,-30.37589
2796619062.5,-30.37805
2796619218.75,-30.37621
2796619375.0,-30.38165
2796619531.25,-30.3782
2796619687.5,-30.37965
2796619843.75,-30.37427
2796620000.0,-30.37778
2796620156.25,-30.36959
2796620312.5,-30.37914
2796620468.75,-30.37969
2796620625.0,-30.37599
2796620781.25,-30.37956
2796620937.5,-30.37108
2796621093.75,-30.37177
2796621250.0,-30.37381
2796621406.25,-30.37031
2796621562.5,-30.36959
2796621718.75,-30.37361
2796621875.0,-30.37119
2796622031.25,-30.36621
2796622187.5,-30.37038
2796622343.75,-30.3679
2796622500.0,-30.36442
2796622656.25,-30.3676
2796622812.5,-30.36646
2796622968.75,-30.36679
2796623125.0,-30.3655
2796623281.25,-30.36662
2796623437.5,-30.35807
2796623593.75,-30.3595
2796623750.0,-30.36769
2796623906.25,-30.3604
2796624062.5,-30.36073
2796624218.75,-30.36289
2796624375.0,-30.36061
2796624531.25,-30.36204
2796624687.5,-30.3559
2796624843.75,-30.35762
2796625000.0,-30.3603
2796625156.25,-30.35967
2796625312.5,-30.35512
2796625468.75,-30.361
2796625625.0,-30.36042
2796625781.25,-30.35632
2796625937.5,-30.35839
2796626093.75,-30.361
2796626250.0,-30.35769
2796626406.25,-30.35234
2796626562.5,-30.35695
2796626718.75,-30.35443
2796626875.0,-30.35531
2796627031.25,-30.35073
2796627187.5,-30.35394
2796627343.75,-30.3541
2796627500.0,-30.35703
2796627656.25,-30.35805
2796627812.5,-30.3491
2796627968.75,-30.35721
2796628125.0,-30.35188
2796628281.25,-30.35753
2796628437.5,-30.35337
2796628593.75,-30.35401
2796628750.0,-30.35137
2796628906.25,-30.34868
2796629062.5,-30.3472
2796629218.75,-30.34922
2796629375.0,-30.35049
2796629531.25,-30.35129
2796629687.5,-30.34841
2796629843.75,-30.34819
2796630000.0,-30.346
2796630156.25,-30.34851
2796630312.5,-30.34008
2796630468.75,-30.34687
2796630625.0,-30.34408
2796630781.25,-30.34153
2796630937.5,-30.34634
2796631093.75,-30.34617
2796631250.0,-30.34853
2796631406.25,-30.34107
2796631562.5,-30.34007
2796631718.75,-30.34038
2796631875.0,-30.34156
2796632031.25,-30.33938
2796632187.5,-30.34334
2796632343.75,-30.34168
2796632500.0,-30.34337
2796632656.25,-30.34016
2796632812.5,-30.34142
2796632968.75,-30.33928
2796633125.0,-30.33288
2796633281.25,-30.33886
2796633437.5,-30.33839
2796633593.75,-30.33572
2796633750.0,-30.33547
2796633906.25,-30.33593
2796634062.5,-30.33685
2796634218.75,-30.33582
2796634375.0,-30.33773
2796634531.25,-30.33049
2796634687.5,-30.3278
2796634843.75,-30.32814
2796635000.0,-30.33645
2796635156.25,-30.33133
2796635312.5,-30.33298
2796635468.75,-30.33234
2796635625.0,-30.33031
2796635781.25,-30.3315
2796635937.5,-30.33088
2796636093.75,-30.32788
2796636250.0,-30.32812
2796636406.25,-30.33132
2796636562.5,-30.32372
2796636718.75,-30.33092
2796636875.0,-30.32668
2796637031.25,-30.32368
2796637187.5,-30.32676
2796637343.75,-30.32117
2796637500.0,-30.32669
2796637656.25,-30.33306
2796637812.5,-30.32939
2796637968.75,-30.32426
2796638125.0,-30.32258
2796638281.25,-30.32145
2796638437.5,-30.32097
2796638593.75,-30.3203
2796638750.0,-30.3227
2796638906.25,-30.32253
2796639062.5,-30.31835
2796639218.75,-30.32227
2796639375.0,-30.31262
2796639531.25,-30.31885
2796639687.5,-30.31809
2796639843.75,-30.31898
2796640000.0,-30.31568
2796640156.25,-30.31929
2796640312.5,-30.31811
2796640468.75,-30.31916
2796640625.0,-30.31296
2796640781.25,-30.32088
2796640937.5,-30.31811
2796641093.75,-30.32249
2796641250.0,-30.31444
2796641406.25,-30.31396
2796641562.5,-30.31365
2796641718.75,-30.30979
2796641875.0,-30.31035
2796642031.25,-30.31498
2796642187.5,-30.30821
2796642343.75,-30.31226
2796642500.0,-30.3226
2796642656.25,-30.3134
2796642812.5,-30.3069
2796642968.75,-30.31153
2796643125.0,-30.31212
2796643281.25,-30.308
2796643437.5,-30.30622
2796643593.75,-30.30782
2796643750.0,-30.30679
2796643906.25,-30.30413
2796644062.5,-30.3015
2796644218.75,-30.30526
2796644375.0,-30.30215
2796644531.25,-30.30696
2796644687.5,-30.30134
2796644843.75,-30.30665
2796645000.0,-30.30687
2796645156.25,-30.30507
2796645312.5,-30.29941
2796645468.75,-30.3005
2796645625.0,-30.30638
2796645781.25,-30.30305
2796645937.5,-30.30233
2796646093.75,-30.30585
2796646250.0,-30.30607
2796646406.25,-30.29895
2796646562.5,-30.30835
2796646718.75,-30.30529
2796646875.0,-30.3015
2796647031.25,-30.2993
2796647187.5,-30.29629
2796647343.75,-30.29249
2796647500.0,-30.2947
2796647656.25,-30.29926
2796647812.5,-30.29643
2796647968.75,-30.29589
2796648125.0,-30.29066
2796648281.25,-30.29501
2796648437.5,-30.29142
2796648593.75,-30.29136
2796648750.0,-30.29623
2796648906.25,-30.29027
2796649062.5,-30.29345
2796649218.75,-30.29532
2796649375.0,-30.2912
2796649531.25,-30.29463
2796649687.5,-30.29224
2796649843.75,-30.29779
2796650000.0,-30.29263
2796650156.25,-30.28978
2796650312.5,-30.28765
2796650468.75,-30.28872
2796650625.0,-30.28905
2796650781.25,-30.29019
2796650937.5,-30.28739
2796651093.75,-30.28233
2796651250.0,-30.28395
2796651406.25,-30.2881
2796651562.5,-30.27722
2796651718.75,-30.28612
2796651875.0,-30.28823
2796652031.25,-30.28045
2796652187.5,-30.28274
2796652343.75,-30.28486
2796652500.0,-30.28265
2796652656.25,-30.29058
2796652812.5,-30.27738
2796652968.75,-30.29067
2796653125.0,-30.27993
2796653281.25,-30.27709
2796653437.5,-30.2821
2796653593.75,-30.27945
2796653750.0,-30.27826
2796653906.25,-30.27516
2796654062.5,-30.27489
2796654218.75,-30.27751
2796654375.0,-30.27247
2796654531.25,-30.27987
2796654687.5,-30.27517
2796654843.75,-30.27645
2796655000.0,-30.28096
2796655156.25,-30.27869
2796655312.5,-30.27547
2796655468.75,-30.27412
2796655625.0,-30.27523
2796655781.25,-30.27467
2796655937.5,-30.27376
2796656093.75,-30.27449
2796656250.0,-30.27319
2796656406.25,-30.27446
2796656562.5,-30.26577
2796656718.75,-30.2688
2796656875.0,-30.27022
2796657031.25,-30.27357
2796657187.5,-30.2706
2796657343.75,-30.26761
2796657500.0,-30.27254
2796657656.25,-30.26335
2796657812.5,-30.26477
2796657968.75,-30.26352
2796658125.0,-30.26477
2796658281.25,-30.26378
2796658437.5,-30.2633
2796658593.75,-30.26541
2796658750.0,-30.26567
2796658906.25,-30.26317
2796659062.5,-30.26675
2796659218.75,-30.26884
2796659375.0,-30.26096
2796659531.25,-30.26285
2796659687.5,-30.26135
2796659843.75,-30.26562
2796660000.0,-30.26225
2796660156.25,-30.26331
2796660312.5,-30.26357
2796660468.75,-30.2652
2796660625.0,-30.25867
2796660781.25,-30.2613
2796660937.5,-30.25537
2796661093.75,-30.26333
2796661250.0,-30.26179
2796661406.25,-30.25876
2796661562.5,-30.25618
2796661718.75,-30.25713
2796661875.0,-30.25986
2796662031.25,-30.24973
2796662187.5,-30.25186
2796662343.75,-30.255
2796662500.0,-30.25149
2796662656.25,-30.24778
2796662812.5,-30.25136
2796662968.75,-30.25106
2796663125.0,-30.25121
2796663281.25,-30.25196
2796663437.5,-30.24943
2796663593.75,-30.25113
2796663750.0,-30.25753
2796663906.25,-30.2506
2796664062.5,-30.2456
2796664218.75,-30.24979
2796664375.0,-30.25014
2796664531.25,-30.24899
2796664687.5,-30.24208
2796664843.75,-30.24492
2796665000.0,-30.24761
2796665156.25,-30.24222
2796665312.5,-30.24352
2796665468.75,-30.24589
2796665625.0,-30.2423
2796665781.25,-30.24748
2796665937.5,-30.24023
2796666093.75,-30.24766
2796666250.0,-30.2473
2796666406.25,-30.23968
2796666562.5,-30.2376
2796666718.75,-30.23827
2796666875.0,-30.23902
2796667031.25,-30.23724
2796667187.5,-30.237
2796667343.75,-30.24017
2796667500.0,-30.24235
2796667656.25,-30.23242
2796667812.5,-30.2408
2796667968.75,-30.23535
2796668125.0,-30.23697
2796668281.25,-30.23664
2796668437.5,-30.23308
2796668593.75,-30.243
2796668750.0,-30.24119
2796668906.25,-30.23622
2796669062.5,-30.23573
2796669218.75,-30.23147
2796669375.0,-30.22988
2796669531.25,-30.2333
2796669687.5,-30.23449
2796669843.75,-30.23008
2796670000.0,-30.22825
2796670156.25,-30.23449
2796670312.5,-30.23026
2796670468.75,-30.2267
2796670625.0,-30.2341
2796670781.25,-30.23454
2796670937.5,-30.22633
2796671093.75,-30.22902
2796671250.0,-30.22625
2796671406.25,-30.22718
2796671562.5,-30.22904
2796671718.75,-30.22726
2796671875.0,-30.2231
2796672031.25,-30.22205
2796672187.5,-30.22099
2796672343.75,-30.22756
2796672500.0,-30.22081
2796672656.25,-30.22455
2796672812.5,-30.22587
2796672968.75,-30.22424
2796673125.0,-30.22618
2796673281.25,-30.22118
2796673437.5,-30.22229
2796673593.75,-30.2191
2796673750.0,-30.2197
2796673906.25,-30.22023
2796674062.5,-30.22121
2796674218.75,-30.2137
2796674375.0,-30.21866
2796674531.25,-30.21852
2796674687.5,-30.21844
2796674843.75,-30.21783
2796675000.0,-30.21736
2796675156.25,-30.21554
2796675312.5,-30.21561
2796675468.75,-30.21664
2796675625.0,-30.21768
2796675781.25,-30.21221
2796675937.5,-30.20917
2796676093.75,-30.21499
2796676250.0,-30.21527
2796676406.25,-30.21581
2796676562.5,-30.21162
2796676718.75,-30.21
2796676875.0,-30.21369
2796677031.25,-30.21178
2796677187.5,-30.20625
2796677343.75,-30.20984
2796677500.0,-30.20605
2796677656.25,-30.2127
2796677812.5,-30.21111
2796677968.75,-30.20729
2796678125.0,-30.21597
2796678281.25,-30.21004
2796678437.5,-30.20716
2796678593.75,-30.21065
2796678750.0,-30.20905
2796678906.25,-30.2011
2796679062.5,-30.20247
2796679218.75,-30.20632
2796679375.0,-30.19973
2796679531.25,-30.20334
2796679687.5,-30.20254
2796679843.75,-30.20541
2796680000.0,-30.19416
2796680156.25,-30.19978
2796680312.5,-30.19636
2796680468.75,-30.19898
2796680625.0,-30.20132
2796680781.25,-30.20111
2796680937.5,-30.19752
2796681093.75,-30.20039
2796681250.0,-30.19281
2796681406.25,-30.20099
2796681562.5,-30.19837
2796681718.75,-30.19721
2796681875.0,-30.19453
2796682031.25,-30.19473
2796682187.5,-30.1998
2796682343.75,-30.19506
2796682500.0,-30.19332
2796682656.25,-30.19142
2796682812.5,-30.19305
2796682968.75,-30.19396
2796683125.0,-30.19124
2796683281.25,-30.19334
2796683437.5,-30.19573
2796683593.75,-30.19043
2796683750.0,-30.18494
2796683906.25,-30.18647
2796684062.5,-30.19082
2796684218.75,-30.18809
2796684375.0,-30.18556
2796684531.25,-30.1876
2796684687.5,-30.19296
2796684843.75,-30.18293
2796685000.0,-30.18384
2796685156.25,-30.1864
2796685312.5,-30.18734
2796685468.75,-30.19242
2796685625.0,-30.18636
2796685781.25,-30.18667
2796685937.5,-30.18327
2796686093.75,-30.18584
2796686250.0,-30.17776
2796686406.25,-30.18476
2796686562.5,-30.18291
2796686718.75,-30.17882
2796686875.0,-30.18416
2796687031.25,-30.17883
2796687187.5,-30.18293
2796687343.75,-30.17821
2796687500.0,-30.17825
2796687656.25,-30.18209
2796687812.5,-30.18413
2796687968.75,-30.17794
2796688125.0,-30.18299
2796688281.25,-30.18013
2796688437.5,-30.1786
2796688593.75,-30.18291
2796688750.0,-30.17003
2796688906.25,-30.17568
2796689062.5,-30.17917
2796689218.75,-30.17812
2796689375.0,-30.1753
2796689531.25,-30.17199
2796689687.5,-30.17283
2796689843.75,-30.17344
2796690000.0,-30.175
2796690156.25,-30.17471
2796690312.5,-30.17236
2796690468.75,-30.17771
2796690625.0,-30.16955
2796690781.25,-30.17222
2796690937.5,-30.17305
2796691093.75,-30.1684
2796691250.0,-30.16697
2796691406.25,-30.16743
2796691562.5,-30.16583
2796691718.75,-30.16432
2796691875.0,-30.16977
2796692031.25,-30.16595
2796692187.5,-30.1659
2796692343.75,-30.16345
2796692500.0,-30.1659
2796692656.25,-30.1679
2796692812.5,-30.16714
2796692968.75,-30.15936
2796693125.0,-30.16293
2796693281.25,-30.16573
2796693437.5,-30.15927
2796693593.75,-30.16762
2796693750.0,-30.16268
2796693906.25,-30.16226
2796694062.5,-30.16042
2796694218.75,-30.16002
2796694375.0,-30.15981
2796694531.25,-30.15941
2796694687.5,-30.1595
2796694843.75,-30.16228
2796695000.0,-30.15928
2796695156.25,-30.16074
2796695312.5,-30.15799
2796695468.75,-30.15878
2796695625.0,-30.1527
2796695781.25,-30.1556
2796695937.5,-30.15643
2796696093.75,-30.15893
2796696250.0,-30.15079
2796696406.25,-30.15517
2796696562.5,-30.15563
2796696718.75,-30.15468
2796696875.0,-30.1525
2796697031.25,-30.15602
2796697187.5,-30.15087
2796697343.75,-30.15343
2796697500.0,-30.14635
2796697656.25,-30.14835
2796697812.5,-30.15149
2796697968.75,-30.14847
2796698125.0,-30.14636
2796698281.25,-30.14725
2796698437.5,-30.14795
2796698593.75,-30.14534
2796698750.0,-30.14926
2796698906.25,-30.15208
2796699062.5,-30.14547
2796699218.75,-30.15158
2796699375.0,-30.14809
2796699531.25,-30.14267
2796699687.5,-30.1406
2796699843.75,-30.14746
2796700000.0,-30.14575
2796700156.25,-30.14686
2796700312.5,-30.13831
2796700468.75,-30.13928
2796700625.0,-30.14187
2796700781.25,-30.14127
2796700937.5,-30.13932
2796701093.75,-30.14236
2796701250.0,-30.14192
2796701406.25,-30.13872
2796701562.5,-30.1386
2796701718.75,-30.1439
2796701875.0,-30.13527
2796702031.25,-30.13998
2796702187.5,-30.13722
2796702343.75,-30.1391
2796702500.0,-30.13904
2796702656.25,-30.1328
2796702812.5,-30.14248
2796702968.75,-30.13305
2796703125.0,-30.13425
2796703281.25,-30.13248
2796703437.5,-30.13174
2796703593.75,-30.13239
2796703750.0,-30.13502
2796703906.25,-30.13207
2796704062.5,-30.12393
2796704218.75,-30.12924
2796704375.0,-30.12901
2796704531.25,-30.13377
2796704687.5,-30.12875
2796704843.75,-30.12327
2796705000.0,-30.13385
2796705156.25,-30.13095
2796705312.5,-30.12586
2796705468.75,-30.13011
2796705625.0,-30.12869
2796705781.25,-30.12473
2796705937.5,-30.12455
2796706093.75,-30.12465
2796706250.0,-30.12602
2796706406.25,-30.13133
2796706562.5,-30.12502
2796706718.75,-30.1292
2796706875.0,-30.12922
2796707031.25,-30.11852
2796707187.5,-30.12328
2796707343.75,-30.11691
2796707500.0,-30.12066
2796707656.25,-30.12141
2796707812.5,-30.11917
2796707968.75,-30.12377
2796708125.0,-30.11386
2796708281.25,-30.12055
2796708437.5,-30.11875
2796708593.75,-30.11675
2796708750.0,-30.11161
2796708906.25,-30.11598
2796709062.5,-30.11962
2796709218.75,-30.11522
2796709375.0,-30.11704
2796709531.25,-30.11636
2796709687.5,-30.1206
2796709843.75,-30.12042
2796710000.0,-30.11764
2796710156.25,-30.11803
2796710312.5,-30.11091
2796710468.75,-30.11187
2796710625.0,-30.11176
2796710781.25,-30.1119
2796710937.5,-30.11259
2796711093.75,-30.11432
2796711250.0,-30.11373
2796711406.25,-30.10843
2796711562.5,-30.11168
2796711718.75,-30.11347
2796711875.0,-30.10763
2796712031.25,-30.109
2796712187.5,-30.10748
2796712343.75,-30.10381
2796712500.0,-30.11142
2796712656.25,-30.10507
2796712812.5,-30.10448
2796712968.75,-30.10287
2796713125.0,-30.10269
2796713281.25,-30.10785
2796713437.5,-30.1052
2796713593.75,-30.10302
2796713750.0,-30.09981
2796713906.25,-30.10139
2796714062.5,-30.10825
2796714218.75,-30.10547
2796714375.0,-30.09518
2796714531.25,-30.10041
2796714687.5,-30.10181
2796714843.75,-30.10029
2796715000.0,-30.09802
2796715156.25,-30.09626
2796715312.5,-30.09357
2796715468.75,-30.10506
2796715625.0,-30.09911
2796715781.25,-30.09849
2796715937.5,-30.09294
2796716093.75,-30.09372
2796716250.0,-30.09358
2796716406.25,-30.09652
2796716562.5,-30.10198
2796716718.75,-30.0928
2796716875.0,-30.09768
2796717031.25,-30.09456
2796717187.5,-30.0938
2796717343.75,-30.09246
2796717500.0,-30.09526
2796717656.25,-30.08724
2796717812.5,-30.09093
2796717968.75,-30.08957
2796718125.0,-30.0854
2796718281.25,-30.09044
2796718437.5,-30.08867
2796718593.75,-30.08296
2796718750.0,-30.08829
2796718906.25,-30.09209
2796719062.5,-30.08972
2796719218.75,-30.08326
2796719375.0,-30.08448
2796719531.25,-30.0901
2796719687.5,-30.0929
2796719843.75,-30.08388
2796720000.0,-30.08192
2796720156.25,-30.08188
2796720312.5,-30.08558
2796720468.75,-30.08444
2796720625.0,-30.07951
2796720781.25,-30.08251
2796720937.5,-30.08362
2796721093.75,-30.08378
2796721250.0,-30.08326
2796721406.25,-30.07832
2796721562.5,-30.08114
2796721718.75,-30.08016
2796721875.0,-30.07883
2796722031.25,-30.07897
2796722187.5,-30.07705
2796722343.75,-30.07795
2796722500.0,-30.0768
2796722656.25,-30.08028
2796722812.5,-30.07527
2796722968.75,-30.07452
2796723125.0,-30.0726
2796723281.25,-30.07311
2796723437.5,-30.07186
2796723593.75,-30.07419
2796723750.0,-30.07527
2796723906.25,-30.07289
2796724062.5,-30.07118
2796724218.75,-30.07559
2796724375.0,-30.07358
2796724531.25,-30.06591
2796724687.5,-30.07034
2796724843.75,-30.07449
2796725000.0,-30.06366
2796725156.25,-30.06634
2796725312.5,-30.07318
2796725468.75,-30.07157
2796725625.0,-30.07178
2796725781.25,-30.06337
2796725937.5,-30.06859
2796726093.75,-30.0644
2796726250.0,-30.06606
2796726406.25,-30.06349
2796726562.5,-30.06696
2796726718.75,-30.06437
2796726875.0,-30.07099
2796727031.25,-30.06416
2796727187.5,-30.05981
2796727343.75,-30.06251
2796727500.0,-30.05958
2796727656.25,-30.06429
2796727812.5,-30.06255
2796727968.75,-30.06248
2796728125.0,-30.06131
2796728281.25,-30.06083
2796728437.5,-30.05627
2796728593.75,-30.05549
2796728750.0,-30.05865
2796728906.25,-30.0602
2796729062.5,-30.05394
2796729218.75,-30.05595
2796729375.0,-30.06245
2796729531.25,-30.05779
2796729687.5,-30.05881
2796729843.75,-30.05315
2796730000.0,-30.0594
2796730156.25,-30.05241
2796730312.5,-30.05602
2796730468.75,-30.05555
2796730625.0,-30.05383
2796730781.25,-30.05116
2796730937.5,-30.05238
2796731093.75,-30.04918
2796731250.0,-30.05369
2796731406.25,-30.04535
2796731562.5,-30.05404
2796731718.75,-30.05167
2796731875.0,-30.04581
2796732031.25,-30.05153
2796732187.5,-30.05271
2796732343.75,-30.05184
2796732500.0,-30.0476
2796732656.25,-30.04597
2796732812.5,-30.04775
2796732968.75,-30.04472
2796733125.0,-30.0439
2796733281.25,-30.04576
2796733437.5,-30.04864
2796733593.75,-30.04556
2796733750.0,-30.04602
2796733906.25,-30.04274
2796734062.5,-30.04573
2796734218.75,-30.04445
2796734375.0,-30.04272
2796734531.25,-30.03935
2796734687.5,-30.0438
2796734843.75,-30.037
2796735000.0,-30.04034
2796735156.25,-30.04152
2796735312.5,-30.04274
2796735468.75,-30.0405
2796735625.0,-30.03555
2796735781.25,-30.03948
2796735937.5,-30.04017
2796736093.75,-30.04372
2796736250.0,-30.03341
2796736406.25,-30.0416
2796736562.5,-30.03852
2796736718.75,-30.03808
2796736875.0,-30.03188
2796737031.25,-30.0273
2796737187.5,-30.03732
2796737343.75,-30.03168
2796737500.0,-30.03269
2796737656.25,-30.0356
2796737812.5,-30.02769
2796737968.75,-30.03238
2796738125.0,-30.0345
2796738281.25,-30.02942
2796738437.5,-30.02929
2796738593.75,-30.03466
2796738750.0,-30.02644
2796738906.25,-30.02847
2796739062.5,-30.03085
2796739218.75,-30.02073
2796739375.0,-30.03075
2796739531.25,-30.02461
2796739687.5,-30.02637
2796739843.75,-30.02558
2796740000.0,-30.02521
2796740156.25,-30.02473
2796740312.5,-30.02586
2796740468.75,-30.02232
2796740625.0,-30.02171
2796740781.25,-30.02493
2796740937.5,-30.02485
2796741093.75,-30.01661
2796741250.0,-30.0163
2796741406.25,-30.01839
2796741562.5,-30.02225
2796741718.75,-30.01978
2796741875.0,-30.02506
2796742031.25,-30.01514
2796742187.5,-30.02055
2796742343.75,-30.01623
2796742500.0,-30.01811
2796742656.25,-30.02361
2796742812.5,-30.01285
2796742968.75,-30.01297
2796743125.0,-30.01171
2796743281.25,-30.01366
2796743437.5,-30.01327
2796743593.75,-30.01823
2796743750.0,-30.01534
2796743906.25,-30.01448
2796744062.5,-30.01148
2796744218.75,-30.00852
2796744375.0,-30.01254
2796744531.25,-30.01497
2796744687.5,-30.01332
2796744843.75,-30.01081
2796745000.0,-30.01117
2796745156.25,-30.00696
2796745312.5,-30.00652
2796745468.75,-30.00528
2796745625.0,-30.00748
2796745781.25,-30.00758
2796745937.5,-30.01019
2796746093.75,-30.00165
2796746250.0,-30.00985
2796746406.25,-30.00185
2796746562.5,-30.00207
2796746718.75,-30.00672
2796746875.0,-30.00784
2796747031.25,-30.00409
2796747187.5,-30.00162
2796747343.75,-30.0027
2796747500.0,-30.00093
2796747656.25,-30.00846
2796747812.5,-30.00226
2796747968.75,-30.00258
2796748125.0,-30.00647
2796748281.25,-30.00057
2796748437.5,-29.99649
2796748593.75,-29.99574
2796748750.0,-30.00086
2796748906.25,-30.00088
2796749062.5,-30.0025
2796749218.75,-29.99557
2796749375.0,-29.9956
2796749531.25,-29.9941
2796749687.5,-29.99908
2796749843.75,-29.99355
2796750000.0,-29.99521
2796750156.25,-29.99948
2796750312.5,-29.9956
2796750468.75,-29.99512
2796750625.0,-29.99378
2796750781.25,-29.9881
2796750937.5,-29.99458
2796751093.75,-29.99368
2796751250.0,-29.98986
2796751406.25,-29.99416
2796751562.5,-29.99343
2796751718.75,-29.98932
2796751875.0,-29.98829
2796752031.25,-29.98864
2796752187.5,-29.99105
2796752343.75,-29.98814
2796752500.0,-29.98548
2796752656.25,-29.98956
2796752812.5,-29.99122
2796752968.75,-29.98245
2796753125.0,-29.98388
2796753281.25,-29.98895
2796753437.5,-29.9895
2796753593.75,-29.98555
2796753750.0,-29.98687
2796753906.25,-29.98773
2796754062.5,-29.98059
2796754218.75,-29.98404
2796754375.0,-29.9831
2796754531.25,-29.98238
2796754687.5,-29.97533
2796754843.75,-29.98
2796755000.0,-29.98578
2796755156.25,-29.97981
2796755312.5,-29.9845
2796755468.75,-29.97919
2796755625.0,-29.97989
2796755781.25,-29.97808
2796755937.5,-29.98082
2796756093.75,-29.97852
2796756250.0,-29.97701
2796756406.25,-29.97667
2796756562.5,-29.97827
2796756718.75,-29.96905
2796756875.0,-29.98143
2796757031.25,-29.97793
2796757187.5,-29.97525
2796757343.75,-29.9779
2796757500.0,-29.9818
2796757656.25,-29.97312
2796757812.5,-29.97447
2796757968.75,-29.97131
2796758125.0,-29.96678
2796758281.25,-29.97288
2796758437.5,-29.974
2796758593.75,-29.96891
2796758750.0,-29.97118
2796758906.25,-29.96622
2796759062.5,-29.97173
2796759218.75,-29.96686
2796759375.0,-29.9643
2796759531.25,-29.97117
2796759687.5,-29.96488
2796759843.75,-29.95977
2796760000.0,-29.96379
2796760156.25,-29.96842
2796760312.5,-29.96601
2796760468.75,-29.9595
2796760625.0,-29.96365
2796760781.25,-29.9604
2796760937.5,-29.95738
2796761093.75,-29.95858
2796761250.0,-29.96453
2796761406.25,-29.96084
2796761562.5,-29.96516
2796761718.75,-29.9595
2796761875.0,-29.96196
2796762031.25,-29.95635
2796762187.5,-29.96168
2796762343.75,-29.9577
2796762500.0,-29.96006
2796762656.25,-29.95709
2796762812.5,-29.95627
2796762968.75,-29.96284
2796763125.0,-29.96028
2796763281.25,-29.95421
2796763437.5,-29.95687
2796763593.75,-29.95268
2796763750.0,-29.95862
2796763906.25,-29.95367
2796764062.5,-29.95502
2796764218.75,-29.95439
2796764375.0,-29.95342
2796764531.25,-29.9553
2796764687.5,-29.95298
2796764843.75,-29.94863
2796765000.0,-29.9523
2796765156.25,-29.95433
2796765312.5,-29.95144
2796765468.75,-29.94806
2796765625.0,-29.94521
2796765781.25,-29.94629
2796765937.5,-29.94904
2796766093.75,-29.94359
2796766250.0,-29.94946
2796766406.25,-29.94397
2796766562.5,-29.94098
2796766718.75,-29.94518
2796766875.0,-29.94081
2796767031.25,-29.94834
2796767187.5,-29.94568
2796767343.75,-29.94637
2796767500.0,-29.93913
2796767656.25,-29.9466
2796767812.5,-29.94173
2796767968.75,-29.9416
2796768125.0,-29.94291
2796768281.25,-29.93419
2796768437.5,-29.93982
2796768593.75,-29.94337
2796768750.0,-29.93469
2796768906.25,-29.9412
2796769062.5,-29.94051
2796769218.75,-29.9395
2796769375.0,-29.93674
2796769531.25,-29.93139
2796769687.5,-29.93399
2796769843.75,-29.93772
2796770000.0,-29.93544
2796770156.25,-29.93514
2796770312.5,-29.93463
2796770468.75,-29.93711
2796770625.0,-29.93576
2796770781.25,-29.93544
2796770937.5,-29.93392
2796771093.75,-29.93247
2796771250.0,-29.93105
2796771406.25,-29.93297
2796771562.5,-29.93125
2796771718.75,-29.93341
2796771875.0,-29.93232
2796772031.25,-29.931
2796772187.5,-29.92754
2796772343.75,-29.92354
2796772500.0,-29.92695
2796772656.25,-29.92905
2796772812.5,-29.92818
2796772968.75,-29.9248
2796773125.0,-29.92961
2796773281.25,-29.92477
2796773437.5,-29.92642
2796773593.75,-29.92313
2796773750.0,-29.92533
2796773906.25,-29.92685
2796774062.5,-29.92392
2796774218.75,-29.92555
2796774375.0,-29.92127
2796774531.25,-29.92016
2796774687.5,-29.92577
2796774843.75,-29.92194
2796775000.0,-29.91909
2796775156.25,-29.91963
2796775312.5,-29.92121
2796775468.75,-29.92239
2796775625.0,-29.91656
2796775781.25,-29.91889
2796775937.5,-29.92061
2796776093.75,-29.92083
2796776250.0,-29.92175
2796776406.25,-29.92444
2796776562.5,-29.91439
2796776718.75,-29.91545
2796776875.0,-29.91524
2796777031.25,-29.9153
2796777187.5,-29.91821
2796777343.75,-29.91891
2796777500.0,-29.91641
2796777656.25,-29.91378
2796777812.5,-29.90948
2796777968.75,-29.91088
2796778125.0,-29.91202
2796778281.25,-29.91473
2796778437.5,-29.91086
2796778593.75,-29.91227
2796778750.0,-29.91117
2796778906.25,-29.90747
2796779062.5,-29.90898
2796779218.75,-29.9052
2796779375.0,-29.90639
2796779531.25,-29.90738
2796779687.5,-29.91108
2796779843.75,-29.90635
2796780000.0,-29.90849
2796780156.25,-29.90605
2796780312.5,-29.90474
2796780468.75,-29.90576
2796780625.0,-29.8996
2796780781.25,-29.90215
2796780937.5,-29.90392
2796781093.75,-29.90311
2796781250.0,-29.90172
2796781406.25,-29.89576
2796781562.5,-29.90364
2796781718.75,-29.89952
2796781875.0,-29.90185
2796782031.25,-29.90631
2796782187.5,-29.90133
2796782343.75,-29.90067
2796782500.0,-29.89502
2796782656.25,-29.89463
2796782812.5,-29.89507
2796782968.75,-29.89403
2796783125.0,-29.8999
2796783281.25,-29.89222
2796783437.5,-29.89919
2796783593.75,-29.89784
2796783750.0,-29.89205
2796783906.25,-29.8971
2796784062.5,-29.89872
2796784218.75,-29.89367
2796784375.0,-29.8903
2796784531.25,-29.89267
2796784687.5,-29.89312
2796784843.75,-29.89336
2796785000.0,-29.88809
2796785156.25,-29.89298
2796785312.5,-29.8848
2796785468.75,-29.89235
2796785625.0,-29.88698
2796785781.25,-29.88686
2796785937.5,-29.88816
2796786093.75,-29.8856
2796786250.0,-29.88678
2796786406.25,-29.88654
2796786562.5,-29.88345
2796786718.75,-29.88328
2796786875.0,-29.89001
2796787031.25,-29.88966
2796787187.5,-29.88393
2796787343.75,-29.88157
2796787500.0,-29.88616
2796787656.25,-29.87893
2796787812.5,-29.88033
2796787968.75,-29.88537
2796788125.0,-29.87853
2796788281.25,-29.8826
2796788437.5,-29.87875
2796788593.75,-29.87656
2796788750.0,-29.87752
2796788906.25,-29.88396
2796789062.5,-29.87676
2796789218.75,-29.87265
2796789375.0,-29.87946
2796789531.25,-29.87579
2796789687.5,-29.88081
2796789843.75,-29.87544
2796790000.0,-29.87339
2796790156.25,-29.87809
2796790312.5,-29.87373
2796790468.75,-29.87185
2796790625.0,-29.87397
2796790781.25,-29.87104
2796790937.5,-29.87104
2796791093.75,-29.87043
2796791250.0,-29.86766
2796791406.25,-29.87483
2796791562.5,-29.87094
2796791718.75,-29.8629
2796791875.0,-29.86574
2796792031.25,-29.86946
2796792187.5,-29.87029
2796792343.75,-29.86619
2796792500.0,-29.86837
2796792656.25,-29.86674
2796792812.5,-29.86653
2796792968.75,-29.86997
2796793125.0,-29.86904
2796793281.25,-29.86214
2796793437.5,-29.86661
2796793593.75,-29.85947
2796793750.0,-29.86435
2796793906.25,-29.86855
2796794062.5,-29.86439
2796794218.75,-29.86195
2796794375.0,-29.86453
2796794531.25,-29.865
2796794687.5,-29.86168
2796794843.75,-29.86496
2796795000.0,-29.85814
2796795156.25,-29.85957
2796795312.5,-29.85839
2796795468.75,-29.85722
2796795625.0,-29.86012
2796795781.25,-29.86291
2796795937.5,-29.86171
2796796093.75,-29.85911
2796796250.0,-29.85948
2796796406.25,-29.85666
2796796562.5,-29.85624
2796796718.75,-29.85874
2796796875.0,-29.8526
2796797031.25,-29.85529
2796797187.5,-29.85517
2796797343.75,-29.85638
2796797500.0,-29.8598
2796797656.25,-29.84735
2796797812.5,-29.85162
2796797968.75,-29.84902
2796798125.0,-29.8495
2796798281.25,-29.84577
2796798437.5,-29.85068
2796798593.75,-29.84801
2796798750.0,-29.8512
2796798906.25,-29.8494
2796799062.5,-29.85043
2796799218.75,-29.84819
2796799375.0,-29.84472
2796799531.25,-29.8485
2796799687.5,-29.84881
2796799843.75,-29.847
2796800000.0,-29.8405
2796800156.25,-29.8431
2796800312.5,-29.83878
2796800468.75,-29.84218
2796800625.0,-29.84085
2796800781.25,-29.84728
2796800937.5,-29.8365
2796801093.75,-29.84358
2796801250.0,-29.84661
2796801406.25,-29.84173
2796801562.5,-29.84153
2796801718.75,-29.83945
2796801875.0,-29.83453
2796802031.25,-29.83543
2796802187.5,-29.83644
2796802343.75,-29.84348
2796802500.0,-29.83709
2796802656.25,-29.84067
2796802812.5,-29.83863
2796802968.75,-29.83827
2796803125.0,-29.8366
2796803281.25,-29.83687
2796803437.5,-29.83219
2796803593.75,-29.83488
2796803750.0,-29.83552
2796803906.25,-29.8384
2796804062.5,-29.83241
2796804218.75,-29.83252
2796804375.0,-29.83458
2796804531.25,-29.8329
2796804687.5,-29.8336
2796804843.75,-29.83401
2796805000.0,-29.83024
2796805156.25,-29.83216
2796805312.5,-29.82938
2796805468.75,-29.83252
2796805625.0,-29.8252
2796805781.25,-29.83146
2796805937.5,-29.83018
2796806093.75,-29.82669
2796806250.0,-29.828
2796806406.25,-29.81955
2796806562.5,-29.82103
2796806718.75,-29.82737
2796806875.0,-29.82908
2796807031.25,-29.82488
2796807187.5,-29.82366
2796807343.75,-29.82156
2796807500.0,-29.82248
2796807656.25,-29.82603
2796807812.5,-29.82387
2796807968.75,-29.8205
2796808125.0,-29.82102
2796808281.25,-29.82073
2796808437.5,-29.81683
2796808593.75,-29.81888
2796808750.0,-29.81533
2796808906.25,-29.81673
2796809062.5,-29.81842
2796809218.75,-29.81824
2796809375.0,-29.8194
2796809531.25,-29.81702
2796809687.5,-29.81502
2796809843.75,-29.81151
2796810000.0,-29.81963
2796810156.25,-29.81209
2796810312.5,-29.81521
2796810468.75,-29.8059
2796810625.0,-29.81107
2796810781.25,-29.81264
2796810937.5,-29.81123
2796811093.75,-29.81102
2796811250.0,-29.81135
2796811406.25,-29.80766
2796811562.5,-29.80735
2796811718.75,-29.81324
2796811875.0,-29.81228
2796812031.25,-29.80679
2796812187.5,-29.8071
2796812343.75,-29.80692
2796812500.0,-29.80768
2796812656.25,-29.80877
2796812812.5,-29.80724
2796812968.75,-29.81102
2796813125.0,-29.8047
2796813281.25,-29.80685
2796813437.5,-29.80212
2796813593.75,-29.80814
2796813750.0,-29.80263
2796813906.25,-29.79753
2796814062.5,-29.80325
2796814218.75,-29.79967
2796814375.0,-29.80639
2796814531.25,-29.80262
2796814687.5,-29.80154
2796814843.75,-29.79975
2796815000.0,-29.80058
2796815156.25,-29.79507
2796815312.5,-29.79834
2796815468.75,-29.79723
2796815625.0,-29.79613
2796815781.25,-29.79979
2796815937.5,-29.79641
2796816093.75,-29.80003
2796816250.0,-29.79732
2796816406.25,-29.7991
2796816562.5,-29.79428
2796816718.75,-29.79296
2796816875.0,-29.79679
2796817031.25,-29.79494
2796817187.5,-29.78608
2796817343.75,-29.7957
2796817500.0,-29.79206
2796817656.25,-29.794
2796817812.5,-29.78554
2796817968.75,-29.78696
2796818125.0,-29.79052
2796818281.25,-29.78857
2796818437.5,-29.7844
2796818593.75,-29.78557
2796818750.0,-29.78753
2796818906.25,-29.78711
2796819062.5,-29.78609
2796819218.75,-29.787
2796819375.0,-29.78605
2796819531.25,-29.78725
2796819687.5,-29.79315
2796819843.75,-29.78406
2796820000.0,-29.78403
2796820156.25,-29.78274
2796820312.5,-29.77898
2796820468.75,-29.78266
2796820625.0,-29.78105
2796820781.25,-29.7851
2796820937.5,-29.77648
2796821093.75,-29.78278
2796821250.0,-29.78136
2796821406.25,-29.78204
2796821562.5,-29.78241
2796821718.75,-29.7773
2796821875.0,-29.77999
2796822031.25,-29.77897
2796822187.5,-29.77564
2796822343.75,-29.7785
2796822500.0,-29.77389
2796822656.25,-29.77156
2796822812.5,-29.77734
2796822968.75,-29.78308
2796823125.0,-29.77304
2796823281.25,-29.7747
2796823437.5,-29.77668
2796823593.75,-29.772
2796823750.0,-29.77534
2796823906.25,-29.77456
2796824062.5,-29.76793
2796824218.75,-29.76541
2796824375.0,-29.77228
2796824531.25,-29.77309
2796824687.5,-29.76776
2796824843.75,-29.77154
2796825000.0,-29.7686
2796825156.25,-29.76958
2796825312.5,-29.76565
2796825468.75,-29.76996
2796825625.0,-29.76644
2796825781.25,-29.75895
2796825937.5,-29.7648
2796826093.75,-29.76424
2796826250.0,-29.76673
2796826406.25,-29.76202
2796826562.5,-29.76169
2796826718.75,-29.76476
2796826875.0,-29.76591
2796827031.25,-29.76427
2796827187.5,-29.76694
2796827343.75,-29.76293
2796827500.0,-29.7655
2796827656.25,-29.75884
2796827812.5,-29.76349
2796827968.75,-29.75782
2796828125.0,-29.75961
2796828281.25,-29.75478
2796828437.5,-29.74737
2796828593.75,-29.75787
2796828750.0,-29.75295
2796828906.25,-29.75861
2796829062.5,-29.75631
2796829218.75,-29.75858
2796829375.0,-29.75896
2796829531.25,-29.75136
2796829687.5,-29.74979
2796829843.75,-29.75701
2796830000.0,-29.7552
2796830156.25,-29.74717
2796830312.5,-29.75018
2796830468.75,-29.75201
2796830625.0,-29.74913
2796830781.25,-29.75156
2796830937.5,-29.75044
2796831093.75,-29.74669
2796831250.0,-29.74866
2796831406.25,-29.749
2796831562.5,-29.74606
2796831718.75,-29.74992
2796831875.0,-29.74722
2796832031.25,-29.74754
2796832187.5,-29.74279
2796832343.75,-29.74623
2796832500.0,-29.75094
2796832656.25,-29.74507
2796832812.5,-29.74759
2796832968.75,-29.74753
2796833125.0,-29.74244
2796833281.25,-29.74414
2796833437.5,-29.73962
2796833593.75,-29.74466
2796833750.0,-29.74303
2796833906.25,-29.73512
2796834062.5,-29.74537
2796834218.75,-29.74392
2796834375.0,-29.74434
2796834531.25,-29.74098
2796834687.5,-29.73072
2796834843.75,-29.73741
2796835000.0,-29.73722
2796835156.25,-29.73627
2796835312.5,-29.73685
2796835468.75,-29.73186
2796835625.0,-29.74026
2796835781.25,-29.73647
2796835937.5,-29.73442
2796836093.75,-29.73606
2796836250.0,-29.73664
2796836406.25,-29.73517
2796836562.5,-29.73123
2796836718.75,-29.72617
2796836875.0,-29.73162
2796837031.25,-29.72754
2796837187.5,-29.72972
2796837343.75,-29.72799
2796837500.0,-29.72937
2796837656.25,-29.7261
2796837812.5,-29.73112
2796837968.75,-29.72632
2796838125.0,-29.73005
2796838281.25,-29.72692
2796838437.5,-29.72715
2796838593.75,-29.7276
2796838750.0,-29.72404
2796838906.25,-29.72219
2796839062.5,-29.72222
2796839218.75,-29.73095
2796839375.0,-29.72494
2796839531.25,-29.72912
2796839687.5,-29.72048
2796839843.75,-29.72248
2796840000.0,-29.72919
2796840156.25,-29.72588
2796840312.5,-29.72451
2796840468.75,-29.72281
2796840625.0,-29.72104
2796840781.25,-29.71936
2796840937.5,-29.71775
2796841093.75,-29.71805
2796841250.0,-29.71831
2796841406.25,-29.71683
2796841562.5,-29.71408
2796841718.75,-29.71446
2796841875.0,-29.71667
2796842031.25,-29.71462
2796842187.5,-29.71996
2796842343.75,-29.71874
2796842500.0,-29.7147
2796842656.25,-29.7177
2796842812.5,-29.71238
2796842968.75,-29.71088
2796843125.0,-29.7118
2796843281.25,-29.71397
2796843437.5,-29.7134
2796843593.75,-29.71324
2796843750.0,-29.70563
2796843906.25,-29.70987
2796844062.5,-29.70989
2796844218.75,-29.70925
2796844375.0,-29.71194
2796844531.25,-29.70884
2796844687.5,-29.71199
2796844843.75,-29.70732
2796845000.0,-29.71004
2796845156.25,-29.70337
2796845312.5,-29.7073
2796845468.75,-29.70897
2796845625.0,-29.70434
2796845781.25,-29.70264
2796845937.5,-29.70504
2796846093.75,-29.70752
2796846250.0,-29.70032
2796846406.25,-29.70853
2796846562.5,-29.70073
2796846718.75,-29.70711
2796846875.0,-29.70354
2796847031.25,-29.70163
2796847187.5,-29.69875
2796847343.75,-29.69892
2796847500.0,-29.69836
2796847656.25,-29.70426
2796847812.5,-29.70293
2796847968.75,-29.70177
2796848125.0,-29.70075
2796848281.25,-29.69462
2796848437.5,-29.69787
2796848593.75,-29.69311
2796848750.0,-29.69565
2796848906.25,-29.70004
2796849062.5,-29.69655
2796849218.75,-29.69911
2796849375.0,-29.68844
2796849531.25,-29.69147
2796849687.5,-29.68859
2796849843.75,-29.69581
2796850000.0,-29.69566
2796850156.25,-29.69227
2796850312.5,-29.69066
2796850468.75,-29.69482
2796850625.0,-29.69163
2796850781.25,-29.69059
2796850937.5,-29.68884
2796851093.75,-29.68765
2796851250.0,-29.6864
2796851406.25,-29.68634
2796851562.5,-29.68411
2796851718.75,-29.69257
2796851875.0,-29.68412
2796852031.25,-29.68743
2796852187.5,-29.68516
2796852343.75,-29.68657
2796852500.0,-29.68465
2796852656.25,-29.68773
2796852812.5,-29.68368
2796852968.75,-29.6804
2796853125.0,-29.68262
2796853281.25,-29.68086
2796853437.5,-29.68315
2796853593.75,-29.68761
2796853750.0,-29.68181
2796853906.25,-29.68015
2796854062.5,-29.67873
2796854218.75,-29.68029
2796854375.0,-29.67982
2796854531.25,-29.6781
2796854687.5,-29.68205
2796854843.75,-29.67953
2796855000.0,-29.67549
2796855156.25,-29.67382
2796855312.5,-29.68139
2796855468.75,-29.67266
2796855625.0,-29.67227
2796855781.25,-29.67546
2796855937.5,-29.67173
2796856093.75,-29.67428
2796856250.0,-29.67076
2796856406.25,-29.67172
2796856562.5,-29.67708
2796856718.75,-29.6687
2796856875.0,-29.67133
2796857031.25,-29.66829
2796857187.5,-29.66749
2796857343.75,-29.66881
2796857500.0,-29.66463
2796857656.25,-29.67083
2796857812.5,-29.67033
2796857968.75,-29.66942
2796858125.0,-29.66998
2796858281.25,-29.66361
2796858437.5,-29.66284
2796858593.75,-29.66422
2796858750.0,-29.66407
2796858906.25,-29.6667
2796859062.5,-29.66555
2796859218.75,-29.66332
2796859375.0,-29.6612
2796859531.25,-29.66052
2796859687.5,-29.66602
2796859843.75,-29.65631
2796860000.0,-29.66033
2796860156.25,-29.65819
2796860312.5,-29.65782
2796860468.75,-29.65949
2796860625.0,-29.65465
2796860781.25,-29.65634
2796860937.5,-29.65991
2796861093.75,-29.65929
2796861250.0,-29.65904
2796861406.25,-29.65537
2796861562.5,-29.65938
2796861718.75,-29.65337
2796861875.0,-29.655
2796862031.25,-29.65986
2796862187.5,-29.6545
2796862343.75,-29.65406
2796862500.0,-29.65579
2796862656.25,-29.65609
2796862812.5,-29.65447
2796862968.75,-29.64623
2796863125.0,-29.65159
2796863281.25,-29.64703
2796863437.5,-29.65301
2796863593.75,-29.64897
2796863750.0,-29.64694
2796863906.25,-29.65068
2796864062.5,-29.64719
2796864218.75,-29.65117
2796864375.0,-29.6428
2796864531.25,-29.64944
2796864687.5,-29.6435
2796864843.75,-29.64551
2796865000.0,-29.6471
2796865156.25,-29.64422
2796865312.5,-29.64228
2796865468.75,-29.64442
2796865625.0,-29.64395
2796865781.25,-29.63553
2796865937.5,-29.64451
2796866093.75,-29.6411
2796866250.0,-29.63863
2796866406.25,-29.64091
2796866562.5,-29.63313
2796866718.75,-29.64217
2796866875.0,-29.63874
2796867031.25,-29.63383
2796867187.5,-29.63907
2796867343.75,-29.63926
2796867500.0,-29.63476
2796867656.25,-29.63804
2796867812.5,-29.63808
2796867968.75,-29.64246
2796868125.0,-29.63743
2796868281.25,-29.63505
2796868437.5,-29.63455
2796868593.75,-29.63741
2796868750.0,-29.6331
2796868906.25,-29.63684
2796869062.5,-29.63183
2796869218.75,-29.6331
2796869375.0,-29.63277
2796869531.25,-29.63515
2796869687.5,-29.63493
2796869843.75,-29.62865
2796870000.0,-29.62807
2796870156.25,-29.63628
2796870312.5,-29.62869
2796870468.75,-29.62481
2796870625.0,-29.63123
2796870781.25,-29.62939
2796870937.5,-29.63009
2796871093.75,-29.62561
2796871250.0,-29.62454
2796871406.25,-29.62855
2796871562.5,-29.62427
2796871718.75,-29.62223
2796871875.0,-29.62848
2796872031.25,-29.62473
2796872187.5,-29.62697
2796872343.75,-29.61937
2796872500.0,-29.62241
2796872656.25,-29.61947
2796872812.5,-29.62512
2796872968.75,-29.62105
2796873125.0,-29.61993
2796873281.25,-29.61642
2796873437.5,-29.62115
2796873593.75,-29.61929
2796873750.0,-29.61658
2796873906.25,-29.61566
2796874062.5,-29.61975
2796874218.75,-29.61751
2796874375.0,-29.6156
2796874531.25,-29.61817
2796874687.5,-29.61422
2796874843.75,-29.61246
2796875000.0,-29.61121
2796875156.25,-29.61528
2796875312.5,-29.61129
2796875468.75,-29.6135
2796875625.0,-29.61212
2796875781.25,-29.61121
2796875937.5,-29.60888
2796876093.75,-29.61145
2796876250.0,-29.60975
2796876406.25,-29.60886
2796876562.5,-29.6063
2796876718.75,-29.60934
2796876875.0,-29.6137
2796877031.25,-29.60598
2796877187.5,-29.60629
2796877343.75,-29.60075
2796877500.0,-29.60515
2796877656.25,-29.60273
2796877812.5,-29.60588
2796877968.75,-29.60692
2796878125.0,-29.61063
2796878281.25,-29.60735
2796878437.5,-29.60375
2796878593.75,-29.60533
2796878750.0,-29.60557
2796878906.25,-29.60688
2796879062.5,-29.60536
2796879218.75,-29.60383
2796879375.0,-29.59873
2796879531.25,-29.60604
2796879687.5,-29.60027
2796879843.75,-29.60514
2796880000.0,-29.59653
2796880156.25,-29.60026
2796880312.5,-29.59786
2796880468.75,-29.60074
2796880625.0,-29.59387
2796880781.25,-29.59981
2796880937.5,-29.5974
2796881093.75,-29.59284
2796881250.0,-29.59875
2796881406.25,-29.59288
2796881562.5,-29.59605
2796881718.75,-29.59544
2796881875.0,-29.59518
2796882031.25,-29.59251
2796882187.5,-29.59655
2796882343.75,-29.59351
2796882500.0,-29.59066
2796882656.25,-29.59371
2796882812.5,-29.58715
2796882968.75,-29.58915
2796883125.0,-29.58525
2796883281.25,-29.58817
2796883437.5,-29.5822
2796883593.75,-29.5883
2796883750.0,-29.58424
2796883906.25,-29.58342
2796884062.5,-29.5891
2796884218.75,-29.5888
2796884375.0,-29.58627
2796884531.25,-29.58487
2796884687.5,-29.58438
2796884843.75,-29.58427
2796885000.0,-29.58065
2796885156.25,-29.5799
2796885312.5,-29.58585
2796885468.75,-29.58459
2796885625.0,-29.58223
2796885781.25,-29.57438
2796885937.5,-29.5788
2796886093.75,-29.58009
2796886250.0,-29.57995
2796886406.25,-29.58125
2796886562.5,-29.57732
2796886718.75,-29.58162
2796886875.0,-29.5778
2796887031.25,-29.57427
2796887187.5,-29.57273
2796887343.75,-29.57895
2796887500.0,-29.57048
2796887656.25,-29.5747
2796887812.5,-29.5734
2796887968.75,-29.57627
2796888125.0,-29.57403
2796888281.25,-29.57609
2796888437.5,-29.57267
2796888593.75,-29.57074
2796888750.0,-29.57486
2796888906.25,-29.56116
2796889062.5,-29.56976
2796889218.75,-29.5689
2796889375.0,-29.56702
2796889531.25,-29.56606
2796889687.5,-29.57156
2796889843.75,-29.56831
2796890000.0,-29.56025
2796890156.25,-29.56564
2796890312.5,-29.56477
2796890468.75,-29.56061
2796890625.0,-29.57226
2796890781.25,-29.55893
2796890937.5,-29.5658
2796891093.75,-29.56211
2796891250.0,-29.56056
2796891406.25,-29.56222
2796891562.5,-29.56308
2796891718.75,-29.56425
2796891875.0,-29.56157
2796892031.25,-29.5655
2796892187.5,-29.55922
2796892343.75,-29.56199
2796892500.0,-29.55946
2796892656.25,-29.5625
2796892812.5,-29.5602
2796892968.75,-29.5596
2796893125.0,-29.55768
2796893281.25,-29.55737
2796893437.5,-29.55145
2796893593.75,-29.55754
2796893750.0,-29.5521
2796893906.25,-29.5554
2796894062.5,-29.55436
2796894218.75,-29.55836
2796894375.0,-29.54698
2796894531.25,-29.55841
2796894687.5,-29.55158
2796894843.75,-29.55326
2796895000.0,-29.55195
2796895156.25,-29.54787
2796895312.5,-29.54683
2796895468.75,-29.54872
2796895625.0,-29.54738
2796895781.25,-29.55327
2796895937.5,-29.54973
2796896093.75,-29.55001
2796896250.0,-29.5499
2796896406.25,-29.55075
2796896562.5,-29.544
2796896718.75,-29.54878
2796896875.0,-29.54971
2796897031.25,-29.54657
2796897187.5,-29.54185
2796897343.75,-29.54511
2796897500.0,-29.54507
2796897656.25,-29.54367
2796897812.5,-29.5432
2796897968.75,-29.54014
2796898125.0,-29.54184
2796898281.25,-29.53901
2796898437.5,-29.54725
2796898593.75,-29.54189
2796898750.0,-29.53955
2796898906.25,-29.53926
2796899062.5,-29.53509
2796899218.75,-29.54011
2796899375.0,-29.54014
2796899531.25,-29.53825
2796899687.5,-29.53619
2796899843.75,-29.53601
2796900000.0,-29.53773
2796900156.25,-29.53495
2796900312.5,-29.53766
2796900468.75,-29.53348
2796900625.0,-29.53265
2796900781.25,-29.53492
2796900937.5,-29.53078
2796901093.75,-29.52839
2796901250.0,-29.53648
2796901406.25,-29.52791
2796901562.5,-29.53719
2796901718.75,-29.52723
2796901875.0,-29.53082
2796902031.25,-29.52654
2796902187.5,-29.52952
2796902343.75,-29.53023
2796902500.0,-29.52636
2796902656.25,-29.52315
2796902812.5,-29.52577
2796902968.75,-29.53274
2796903125.0,-29.52595
2796903281.25,-29.52577
2796903437.5,-29.52894
2796903593.75,-29.52513
2796903750.0,-29.52644
2796903906.25,-29.52602
2796904062.5,-29.52564
2796904218.75,-29.52069
2796904375.0,-29.52494
2796904531.25,-29.52122
2796904687.5,-29.51995
2796904843.75,-29.52158
2796905000.0,-29.5232
2796905156.25,-29.51964
2796905312.5,-29.51927
2796905468.75,-29.51569
2796905625.0,-29.51904
2796905781.25,-29.51961
2796905937.5,-29.51571
2796906093.75,-29.52019
2796906250.0,-29.51751
2796906406.25,-29.51301
2796906562.5,-29.52111
2796906718.75,-29.51718
2796906875.0,-29.51475
2796907031.25,-29.51608
2796907187.5,-29.51251
2796907343.75,-29.51076
2796907500.0,-29.51511
2796907656.25,-29.51322
2796907812.5,-29.51189
2796907968.75,-29.5115
2796908125.0,-29.51262
2796908281.25,-29.5145
2796908437.5,-29.51181
2796908593.75,-29.50842
2796908750.0,-29.50717
2796908906.25,-29.51268
2796909062.5,-29.51011
2796909218.75,-29.50475
2796909375.0,-29.50686
2796909531.25,-29.51123
2796909687.5,-29.50672
2796909843.75,-29.50634
2796910000.0,-29.5027
2796910156.25,-29.50235
2796910312.5,-29.50509
2796910468.75,-29.50558
2796910625.0,-29.50344
2796910781.25,-29.50559
2796910937.5,-29.49358
2796911093.75,-29.49812
2796911250.0,-29.50235
2796911406.25,-29.50453
2796911562.5,-29.49987
2796911718.75,-29.49679
2796911875.0,-29.49839
2796912031.25,-29.50187
2796912187.5,-29.49827
2796912343.75,-29.4928
2796912500.0,-29.49072
2796912656.25,-29.49305
2796912812.5,-29.49583
2796912968.75,-29.49466
2796913125.0,-29.49194
2796913281.25,-29.4888
2796913437.5,-29.49138
2796913593.75,-29.49455
2796913750.0,-29.49323
2796913906.25,-29.49849
2796914062.5,-29.48898
2796914218.75,-29.49006
2796914375.0,-29.49098
2796914531.25,-29.48956
2796914687.5,-29.49207
2796914843.75,-29.49262
2796915000.0,-29.4891
2796915156.25,-29.48532
2796915312.5,-29.48732
2796915468.75,-29.4844
2796915625.0,-29.48709
2796915781.25,-29.49081
2796915937.5,-29.48449
2796916093.75,-29.48475
2796916250.0,-29.4852
2796916406.25,-29.4829
2796916562.5,-29.48926
2796916718.75,-29.48427
2796916875.0,-29.47824
2796917031.25,-29.47832
2796917187.5,-29.47672
2796917343.75,-29.48108
2796917500.0,-29.48316
2796917656.25,-29.48251
2796917812.5,-29.47546
2796917968.75,-29.48095
2796918125.0,-29.47856
2796918281.25,-29.48339
2796918437.5,-29.47773
2796918593.75,-29.4787
2796918750.0,-29.48173
2796918906.25,-29.47318
2796919062.5,-29.48161
2796919218.75,-29.47496
2796919375.0,-29.47576
2796919531.25,-29.47362
2796919687.5,-29.48009
2796919843.75,-29.46977
2796920000.0,-29.47225
2796920156.25,-29.47371
2796920312.5,-29.47294
2796920468.75,-29.47164
2796920625.0,-29.46746
2796920781.25,-29.46994
2796920937.5,-29.46861
2796921093.75,-29.4715
2796921250.0,-29.46696
2796921406.25,-29.46642
2796921562.5,-29.46798
2796921718.75,-29.46533
2796921875.0,-29.4715
2796922031.25,-29.46472
2796922187.5,-29.46683
2796922343.75,-29.46219
2796922500.0,-29.46969
2796922656.25,-29.46201
2796922812.5,-29.45829
2796922968.75,-29.46138
2796923125.0,-29.46559
2796923281.25,-29.46444
2796923437.5,-29.46142
2796923593.75,-29.46337
2796923750.0,-29.46569
2796923906.25,-29.45746
2796924062.5,-29.46421
2796924218.75,-29.46059
2796924375.0,-29.46089
2796924531.25,-29.45729
2796924687.5,-29.45725
2796924843.75,-29.45776
2796925000.0,-29.45472
2796925156.25,-29.45899
2796925312.5,-29.45186
2796925468.75,-29.4517
2796925625.0,-29.45291
2796925781.25,-29.4553
2796925937.5,-29.45552
2796926093.75,-29.45418
2796926250.0,-29.45773
2796926406.25,-29.44832
2796926562.5,-29.44628
2796926718.75,-29.45425
2796926875.0,-29.45293
2796927031.25,-29.45184
2796927187.5,-29.44874
2796927343.75,-29.44872
2796927500.0,-29.44805
2796927656.25,-29.44368
2796927812.5,-29.4473
2796927968.75,-29.45178
2796928125.0,-29.44888
2796928281.25,-29.44627
2796928437.5,-29.44915
2796928593.75,-29.44555
2796928750.0,-29.44367
2796928906.25,-29.4462
2796929062.5,-29.44829
2796929218.75,-29.43776
2796929375.0,-29.44798
2796929531.25,-29.44169
2796929687.5,-29.44318
2796929843.75,-29.43937
2796930000.0,-29.43646
2796930156.25,-29.44182
2796930312.5,-29.44403
2796930468.75,-29.44256
2796930625.0,-29.43659
2796930781.25,-29.43604
2796930937.5,-29.43878
2796931093.75,-29.43785
2796931250.0,-29.43356
2796931406.25,-29.44025
2796931562.5,-29.43563
2796931718.75,-29.43619
2796931875.0,-29.43645
2796932031.25,-29.43279
2796932187.5,-29.43385
2796932343.75,-29.43383
2796932500.0,-29.43246
2796932656.25,-29.43436
2796932812.5,-29.43213
2796932968.75,-29.42875
2796933125.0,-29.42527
2796933281.25,-29.43144
2796933437.5,-29.42706
2796933593.75,-29.42715
2796933750.0,-29.42472
2796933906.25,-29.4285
2796934062.5,-29.42481
2796934218.75,-29.42752
2796934375.0,-29.43066
2796934531.25,-29.42382
2796934687.5,-29.42744
2796934843.75,-29.42718
2796935000.0,-29.4252
2796935156.25,-29.42199
2796935312.5,-29.42805
2796935468.75,-29.42299
2796935625.0,-29.41909
2796935781.25,-29.42762
2796935937.5,-29.419
2796936093.75,-29.42082
2796936250.0,-29.4226
2796936406.25,-29.42107
2796936562.5,-29.41639
2796936718.75,-29.42169
2796936875.0,-29.41614
2796937031.25,-29.4132
2796937187.5,-29.41628
2796937343.75,-29.41987
2796937500.0,-29.41839
2796937656.25,-29.41032
2796937812.5,-29.41719
2796937968.75,-29.41419
2796938125.0,-29.42017
2796938281.25,-29.41351
2796938437.5,-29.41158
2796938593.75,-29.41584
2796938750.0,-29.40918
2796938906.25,-29.41276
2796939062.5,-29.41346
2796939218.75,-29.4147
2796939375.0,-29.41379
2796939531.25,-29.41243
2796939687.5,-29.40687
2796939843.75,-29.41056
2796940000.0,-29.40289
2796940156.25,-29.40849
2796940312.5,-29.41251
2796940468.75,-29.40577
2796940625.0,-29.40796
2796940781.25,-29.40397
2796940937.5,-29.40262
2796941093.75,-29.40783
2796941250.0,-29.40827
2796941406.25,-29.40401
2796941562.5,-29.40337
2796941718.75,-29.40146
2796941875.0,-29.40203
2796942031.25,-29.40748
2796942187.5,-29.40009
2796942343.75,-29.40018
2796942500.0,-29.39907
2796942656.25,-29.39761
2796942812.5,-29.40053
2796942968.75,-29.39673
2796943125.0,-29.39837
2796943281.25,-29.39858
2796943437.5,-29.40134
2796943593.75,-29.39564
2796943750.0,-29.4011
2796943906.25,-29.39779
2796944062.5,-29.39436
2796944218.75,-29.39133
2796944375.0,-29.39212
2796944531.25,-29.39264
2796944687.5,-29.39672
2796944843.75,-29.39176
2796945000.0,-29.39449
2796945156.25,-29.38774
2796945312.5,-29.39128
2796945468.75,-29.39747
2796945625.0,-29.39086
2796945781.25,-29.39084
2796945937.5,-29.38668
2796946093.75,-29.39261
2796946250.0,-29.38614
2796946406.25,-29.38986
2796946562.5,-29.38525
2796946718.75,-29.38957
2796946875.0,-29.38526
2796947031.25,-29.38285
2796947187.5,-29.39126
2796947343.75,-29.38915
2796947500.0,-29.3827
2796947656.25,-29.38334
2796947812.5,-29.38995
2796947968.75,-29.3825
2796948125.0,-29.37909
2796948281.25,-29.384
2796948437.5,-29.38521
2796948593.75,-29.37516
2796948750.0,-29.38424
2796948906.25,-29.37876
2796949062.5,-29.37716
2796949218.75,-29.37838
2796949375.0,-29.37645
2796949531.25,-29.38312
2796949687.5,-29.37616
2796949843.75,-29.37853
2796950000.0,-29.37423
2796950156.25,-29.37624
2796950312.5,-29.37718
2796950468.75,-29.37805
2796950625.0,-29.37722
2796950781.25,-29.37387
2796950937.5,-29.37443
2796951093.75,-29.3781
2796951250.0,-29.37461
2796951406.25,-29.37693
2796951562.5,-29.37019
2796951718.75,-29.37108
2796951875.0,-29.37463
2796952031.25,-29.36635
2796952187.5,-29.37046
2796952343.75,-29.37166
2796952500.0,-29.37296
2796952656.25,-29.36405
2796952812.5,-29.37158
2796952968.75,-29.37118
2796953125.0,-29.36643
2796953281.25,-29.36639
2796953437.5,-29.36788
2796953593.75,-29.36584
2796953750.0,-29.3624
2796953906.25,-29.36785
2796954062.5,-29.36229
2796954218.75,-29.35923
2796954375.0,-29.35936
2796954531.25,-29.36128
2796954687.5,-29.35769
2796954843.75,-29.36355
2796955000.0,-29.3637
2796955156.25,-29.36423
2796955312.5,-29.35935
2796955468.75,-29.3619
2796955625.0,-29.36255
2796955781.25,-29.36077
2796955937.5,-29.36009
2796956093.75,-29.35505
2796956250.0,-29.35769
2796956406.25,-29.35276
2796956562.5,-29.35376
2796956718.75,-29.35536
2796956875.0,-29.35468
2796957031.25,-29.35553
2796957187.5,-29.3507
2796957343.75,-29.35897
2796957500.0,-29.3531
2796957656.25,-29.35664
2796957812.5,-29.35566
2796957968.75,-29.35483
2796958125.0,-29.35203
2796958281.25,-29.35208
2796958437.5,-29.34896
2796958593.75,-29.35093
2796958750.0,-29.34754
2796958906.25,-29.34404
2796959062.5,-29.35292
2796959218.75,-29.34679
2796959375.0,-29.35175
2796959531.25,-29.34643
2796959687.5,-29.34598
2796959843.75,-29.34693
2796960000.0,-29.34212
2796960156.25,-29.34874
2796960312.5,-29.3376
2796960468.75,-29.34875
2796960625.0,-29.34142
2796960781.25,-29.34347
2796960937.5,-29.34425
2796961093.75,-29.34444
2796961250.0,-29.33781
2796961406.25,-29.3387
2796961562.5,-29.34302
2796961718.75,-29.33654
2796961875.0,-29.33819
2796962031.25,-29.34039
2796962187.5,-29.33363
2796962343.75,-29.33788
2796962500.0,-29.33763
2796962656.25,-29.33373
2796962812.5,-29.33537
2796962968.75,-29.34287
2796963125.0,-29.33676
2796963281.25,-29.33729
2796963437.5,-29.33484
2796963593.75,-29.33591
2796963750.0,-29.33525
2796963906.25,-29.33184
2796964062.5,-29.33214
2796964218.75,-29.32965
2796964375.0,-29.3333
2796964531.25,-29.3312
2796964687.5,-29.33447
2796964843.75,-29.33063
2796965000.0,-29.33151
2796965156.25,-29.33064
2796965312.5,-29.3246
2796965468.75,-29.32838
2796965625.0,-29.32732
2796965781.25,-29.32353
2796965937.5,-29.32943
2796966093.75,-29.3245
2796966250.0,-29.32673
2796966406.25,-29.32553
2796966562.5,-29.32278
2796966718.75,-29.32083
2796966875.0,-29.32406
2796967031.25,-29.3209
2796967187.5,-29.32053
2796967343.75,-29.3229
2796967500.0,-29.31945
2796967656.25,-29.31437
2796967812.5,-29.31824
2796967968.75,-29.31693
2796968125.0,-29.32009
2796968281.25,-29.32086
2796968437.5,-29.32125
2796968593.75,-29.31919
2796968750.0,-29.31753
2796968906.25,-29.31432
2796969062.5,-29.31394
2796969218.75,-29.31646
2796969375.0,-29.31399
2796969531.25,-29.31048
2796969687.5,-29.31047
2796969843.75,-29.30818
2796970000.0,-29.31368
2796970156.25,-29.31613
2796970312.5,-29.31157
2796970468.75,-29.30589
2796970625.0,-29.31431
2796970781.25,-29.31294
2796970937.5,-29.30873
2796971093.75,-29.31206
2796971250.0,-29.30773
2796971406.25,-29.31014
2796971562.5,-29.3059
2796971718.75,-29.30512
2796971875.0,-29.30592
2796972031.25,-29.30236
2796972187.5,-29.30487
2796972343.75,-29.3079
2796972500.0,-29.30035
2796972656.25,-29.30015
2796972812.5,-29.29788
2796972968.75,-29.30247
2796973125.0,-29.29756
2796973281.25,-29.30901
2796973437.5,-29.30035
2796973593.75,-29.3009
2796973750.0,-29.30356
2796973906.25,-29.30256
2796974062.5,-29.29853
2796974218.75,-29.29628
2796974375.0,-29.29941
2796974531.25,-29.29631
2796974687.5,-29.29842
2796974843.75,-29.29986
2796975000.0,-29.29857
2796975156.25,-29.29703
2796975312.5,-29.29206
2796975468.75,-29.29996
2796975625.0,-29.29215
2796975781.25,-29.29379
2796975937.5,-29.29502
2796976093.75,-29.29316
2796976250.0,-29.29123
2796976406.25,-29.29212
2796976562.5,-29.29515
2796976718.75,-29.28796
2796976875.0,-29.29286
2796977031.25,-29.29013
2796977187.5,-29.29491
2796977343.75,-29.28365
2796977500.0,-29.28884
2796977656.25,-29.27988
2796977812.5,-29.28605
2796977968.75,-29.29015
2796978125.0,-29.28403
2796978281.25,-29.29079
2796978437.5,-29.28558
2796978593.75,-29.28134
2796978750.0,-29.28809
2796978906.25,-29.28292
2796979062.5,-29.28903
2796979218.75,-29.28133
2796979375.0,-29.27738
2796979531.25,-29.28119
2796979687.5,-29.28498
2796979843.75,-29.28134
2796980000.0,-29.28032
2796980156.25,-29.28057
2796980312.5,-29.28189
2796980468.75,-29.27562
2796980625.0,-29.27818
2796980781.25,-29.27872
2796980937.5,-29.27552
2796981093.75,-29.27071
2796981250.0,-29.27987
2796981406.25,-29.27777
2796981562.5,-29.27836
2796981718.75,-29.2795
2796981875.0,-29.27223
2796982031.25,-29.27765
2796982187.5,-29.27129
2796982343.75,-29.26964
2796982500.0,-29.27459
2796982656.25,-29.2713
2796982812.5,-29.27153
2796982968.75,-29.27301
2796983125.0,-29.26746
2796983281.25,-29.27102
2796983437.5,-29.26904
2796983593.75,-29.2656
2796983750.0,-29.26704
2796983906.25,-29.2643
2796984062.5,-29.27007
2796984218.75,-29.26777
2796984375.0,-29.26212
2796984531.25,-29.26854
2796984687.5,-29.26423
2796984843.75,-29.26562
2796985000.0,-29.26378
2796985156.25,-29.26434
2796985312.5,-29.26601
2796985468.75,-29.25994
2796985625.0,-29.26246
2796985781.25,-29.25928
2796985937.5,-29.26262
2796986093.75,-29.26018
2796986250.0,-29.26007
2796986406.25,-29.26166
2796986562.5,-29.25709
2796986718.75,-29.25606
2796986875.0,-29.25303
2796987031.25,-29.25727
2796987187.5,-29.25498
2796987343.75,-29.25795
2796987500.0,-29.2573
2796987656.25,-29.25615
2796987812.5,-29.25089
2796987968.75,-29.25512
2796988125.0,-29.24869
2796988281.25,-29.25318
2796988437.5,-29.25362
2796988593.75,-29.254
2796988750.0,-29.24927
2796988906.25,-29.25266
2796989062.5,-29.24929
2796989218.75,-29.25389
2796989375.0,-29.24574
2796989531.25,-29.24775
2796989687.5,-29.25587
2796989843.75,-29.24872
2796990000.0,-29.24743
2796990156.25,-29.25033
2796990312.5,-29.24628
2796990468.75,-29.2494
2796990625.0,-29.24585
2796990781.25,-29.24312
2796990937.5,-29.24598
2796991093.75,-29.24632
2796991250.0,-29.24729
2796991406.25,-29.24028
2796991562.5,-29.24133
2796991718.75,-29.24114
2796991875.0,-29.24742
2796992031.25,-29.24088
2796992187.5,-29.24179
2796992343.75,-29.23931
2796992500.0,-29.2405
2796992656.25,-29.24092
2796992812.5,-29.2384
2796992968.75,-29.24355
2796993125.0,-29.24355
2796993281.25,-29.23143
2796993437.5,-29.2346
2796993593.75,-29.23912
2796993750.0,-29.23411
2796993906.25,-29.23796
2796994062.5,-29.24041
2796994218.75,-29.23698
2796994375.0,-29.23004
2796994531.25,-29.23629
2796994687.5,-29.23244
2796994843.75,-29.23951
2796995000.0,-29.23128
2796995156.25,-29.22664
2796995312.5,-29.22841
2796995468.75,-29.231
2796995625.0,-29.23242
2796995781.25,-29.23231
2796995937.5,-29.22934
2796996093.75,-29.22945
2796996250.0,-29.22991
2796996406.25,-29.23015
2796996562.5,-29.22998
2796996718.75,-29.22605
2796996875.0,-29.22733
2796997031.25,-29.22411
2796997187.5,-29.22743
2796997343.75,-29.21591
2796997500.0,-29.22738
2796997656.25,-29.22179
2796997812.5,-29.22291
2796997968.75,-29.22201
2796998125.0,-29.22213
2796998281.25,-29.22087
2796998437.5,-29.2196
2796998593.75,-29.22172
2796998750.0,-29.21872
2796998906.25,-29.21826
2796999062.5,-29.22156
2796999218.75,-29.21749
2796999375.0,-29.22562
2796999531.25,-29.21722
2796999687.5,-29.21033
2796999843.75,-29.22275
2797000000.0,-29.21436
2797000156.25,-29.21807
2797000312.5,-29.21169
2797000468.75,-29.21757
2797000625.0,-29.21327
2797000781.25,-29.20961
2797000937.5,-29.21362
2797001093.75,-29.21261
2797001250.0,-29.21022
2797001406.25,-29.20917
2797001562.5,-29.21284
2797001718.75,-29.20715
2797001875.0,-29.2062
2797002031.25,-29.21105
2797002187.5,-29.206
2797002343.75,-29.21082
2797002500.0,-29.21332
2797002656.25,-29.20497
2797002812.5,-29.2055
2797002968.75,-29.20647
2797003125.0,-29.20633
2797003281.25,-29.20853
2797003437.5,-29.2021
2797003593.75,-29.20457
2797003750.0,-29.20572
2797003906.25,-29.20479
2797004062.5,-29.20191
2797004218.75,-29.20103
2797004375.0,-29.20322
2797004531.25,-29.20164
2797004687.5,-29.19489
2797004843.75,-29.19863
2797005000.0,-29.20214
2797005156.25,-29.20288
2797005312.5,-29.19672
2797005468.75,-29.19643
2797005625.0,-29.19571
2797005781.25,-29.19675
2797005937.5,-29.19616
2797006093.75,-29.19107
2797006250.0,-29.19455
2797006406.25,-29.19138
2797006562.5,-29.1922
2797006718.75,-29.19465
2797006875.0,-29.194
2797007031.25,-29.1905
2797007187.5,-29.19188
2797007343.75,-29.18789
2797007500.0,-29.18985
2797007656.25,-29.18959
2797007812.5,-29.18997
2797007968.75,-29.19374
2797008125.0,-29.18874
2797008281.25,-29.18552
2797008437.5,-29.18612
2797008593.75,-29.18939
2797008750.0,-29.18627
2797008906.25,-29.18608
2797009062.5,-29.18354
2797009218.75,-29.18343
2797009375.0,-29.18709
2797009531.25,-29.18571
2797009687.5,-29.18291
2797009843.75,-29.18316
2797010000.0,-29.1817
2797010156.25,-29.18277
2797010312.5,-29.18268
2797010468.75,-29.18061
2797010625.0,-29.18428
2797010781.25,-29.17969
2797010937.5,-29.17916
2797011093.75,-29.17921
2797011250.0,-29.1741
2797011406.25,-29.17839
2797011562.5,-29.17927
2797011718.75,-29.17433
2797011875.0,-29.17337
2797012031.25,-29.1764
2797012187.5,-29.17685
2797012343.75,-29.17474
2797012500.0,-29.17179
2797012656.25,-29.17519
2797012812.5,-29.16946
2797012968.75,-29.17311
2797013125.0,-29.17341
2797013281.25,-29.17135
2797013437.5,-29.17102
2797013593.75,-29.16387
2797013750.0,-29.16941
2797013906.25,-29.16523
2797014062.5,-29.1708
2797014218.75,-29.17003
2797014375.0,-29.17088
2797014531.25,-29.16607
2797014687.5,-29.16739
2797014843.75,-29.16601
2797015000.0,-29.16671
2797015156.25,-29.16785
2797015312.5,-29.16676
2797015468.75,-29.16998
2797015625.0,-29.16567
2797015781.25,-29.16747
2797015937.5,-29.16276
2797016093.75,-29.16553
2797016250.0,-29.1621
2797016406.25,-29.1615
2797016562.5,-29.16016
2797016718.75,-29.1593
2797016875.0,-29.16092
2797017031.25,-29.1589
2797017187.5,-29.15748
2797017343.75,-29.15624
2797017500.0,-29.15979
2797017656.25,-29.15827
2797017812.5,-29.15606
2797017968.75,-29.15707
2797018125.0,-29.14893
2797018281.25,-29.15016
2797018437.5,-29.15834
2797018593.75,-29.15184
2797018750.0,-29.14964
2797018906.25,-29.1545
2797019062.5,-29.15615
2797019218.75,-29.1503
2797019375.0,-29.15484
2797019531.25,-29.14864
2797019687.5,-29.15266
2797019843.75,-29.14758
2797020000.0,-29.1521
2797020156.25,-29.14959
2797020312.5,-29.15059
2797020468.75,-29.14381
2797020625.0,-29.14806
2797020781.25,-29.14753
2797020937.5,-29.1449
2797021093.75,-29.14637
2797021250.0,-29.14445
2797021406.25,-29.14816
2797021562.5,-29.14985
2797021718.75,-29.14923
2797021875.0,-29.14772
2797022031.25,-29.14014
2797022187.5,-29.1401
2797022343.75,-29.14065
2797022500.0,-29.14762
2797022656.25,-29.14431
2797022812.5,-29.13698
2797022968.75,-29.13986
2797023125.0,-29.13711
2797023281.25,-29.13904
2797023437.5,-29.143
2797023593.75,-29.13961
2797023750.0,-29.13693
2797023906.25,-29.13772
2797024062.5,-29.14032
2797024218.75,-29.13981
2797024375.0,-29.13758
2797024531.25,-29.13446
2797024687.5,-29.13109
2797024843.75,-29.13729
2797025000.0,-29.13321
2797025156.25,-29.13499
2797025312.5,-29.13311
2797025468.75,-29.13256
2797025625.0,-29.13636
2797025781.25,-29.12811
2797025937.5,-29.13114
2797026093.75,-29.12874
2797026250.0,-29.12677
2797026406.25,-29.12497
2797026562.5,-29.12914
2797026718.75,-29.1302
2797026875.0,-29.12793
2797027031.25,-29.12548
2797027187.5,-29.12531
2797027343.75,-29.12622
2797027500.0,-29.12074
2797027656.25,-29.12367
2797027812.5,-29.12768
2797027968.75,-29.12008
2797028125.0,-29.12577
2797028281.25,-29.12371
2797028437.5,-29.1243
2797028593.75,-29.1218
2797028750.0,-29.11956
2797028906.25,-29.11931
2797029062.5,-29.12278
2797029218.75,-29.11945
2797029375.0,-29.11797
2797029531.25,-29.1203
2797029687.5,-29.12139
2797029843.75,-29.11624
2797030000.0,-29.11403
2797030156.25,-29.11689
2797030312.5,-29.11517
2797030468.75,-29.11786
2797030625.0,-29.11534
2797030781.25,-29.11802
2797030937.5,-29.11484
2797031093.75,-29.11436
2797031250.0,-29.11515
2797031406.25,-29.11548
2797031562.5,-29.11209
2797031718.75,-29.11273
2797031875.0,-29.11096
2797032031.25,-29.10936
2797032187.5,-29.10977
2797032343.75,-29.10974
2797032500.0,-29.10723
2797032656.25,-29.10775
2797032812.5,-29.10488
2797032968.75,-29.10734
2797033125.0,-29.10622
2797033281.25,-29.1082
2797033437.5,-29.10403
2797033593.75,-29.10788
2797033750.0,-29.10272
2797033906.25,-29.10703
2797034062.5,-29.10311
2797034218.75,-29.10524
2797034375.0,-29.10831
2797034531.25,-29.10159
2797034687.5,-29.10515
2797034843.75,-29.11076
2797035000.0,-29.09709
2797035156.25,-29.10109
2797035312.5,-29.09638
2797035468.75,-29.09803
2797035625.0,-29.10209
2797035781.25,-29.10318
2797035937.5,-29.09967
2797036093.75,-29.09751
2797036250.0,-29.09827
2797036406.25,-29.10066
2797036562.5,-29.09779
2797036718.75,-29.09381
2797036875.0,-29.09585
2797037031.25,-29.09295
2797037187.5,-29.09609
2797037343.75,-29.09242
2797037500.0,-29.09416
2797037656.25,-29.09112
2797037812.5,-29.09321
2797037968.75,-29.0956
2797038125.0,-29.08875
2797038281.25,-29.08943
2797038437.5,-29.09229
2797038593.75,-29.0876
2797038750.0,-29.09191
2797038906.25,-29.08614
2797039062.5,-29.08295
2797039218.75,-29.08808
2797039375.0,-29.08107
2797039531.25,-29.08615
2797039687.5,-29.07815
2797039843.75,-29.08376
2797040000.0,-29.08454
2797040156.25,-29.08376
2797040312.5,-29.08344
2797040468.75,-29.08281
2797040625.0,-29.07846
2797040781.25,-29.08084
2797040937.5,-29.07899
2797041093.75,-29.08105
2797041250.0,-29.0777
2797041406.25,-29.0794
2797041562.5,-29.07617
2797041718.75,-29.08037
2797041875.0,-29.07537
2797042031.25,-29.07616
2797042187.5,-29.07392
2797042343.75,-29.07651
2797042500.0,-29.08039
2797042656.25,-29.07569
2797042812.5,-29.06885
2797042968.75,-29.07652
2797043125.0,-29.07508
2797043281.25,-29.07276
2797043437.5,-29.0763
2797043593.75,-29.0751
2797043750.0,-29.0689
2797043906.25,-29.07317
2797044062.5,-29.07207
2797044218.75,-29.06733
2797044375.0,-29.06995
2797044531.25,-29.07012
2797044687.5,-29.06916
2797044843.75,-29.06752
2797045000.0,-29.07364
2797045156.25,-29.06781
2797045312.5,-29.06646
2797045468.75,-29.06561
2797045625.0,-29.07217
2797045781.25,-29.06755
2797045937.5,-29.06121
2797046093.75,-29.06137
2797046250.0,-29.06518
2797046406.25,-29.06662
2797046562.5,-29.06348
2797046718.75,-29.06266
2797046875.0,-29.06228
2797047031.25,-29.0625
2797047187.5,-29.05671
2797047343.75,-29.05489
2797047500.0,-29.05969
2797047656.25,-29.06175
2797047812.5,-29.06174
2797047968.75,-29.05927
2797048125.0,-29.05806
2797048281.25,-29.04826
2797048437.5,-29.05941
2797048593.75,-29.05975
2797048750.0,-29.0501
2797048906.25,-29.05096
2797049062.5,-29.05315
2797049218.75,-29.04976
2797049375.0,-29.05742
2797049531.25,-29.05138
2797049687.5,-29.0504
2797049843.75,-29.05618
2797050000.0,-29.04775
2797050156.25,-29.04705
2797050312.5,-29.05185
2797050468.75,-29.05499
2797050625.0,-29.05095
2797050781.25,-29.05172
2797050937.5,-29.04826
2797051093.75,-29.04918
2797051250.0,-29.05115
2797051406.25,-29.04757
2797051562.5,-29.04718
2797051718.75,-29.04342
2797051875.0,-29.04638
2797052031.25,-29.04298
2797052187.5,-29.04589
2797052343.75,-29.04227
2797052500.0,-29.04303
2797052656.25,-29.03975
2797052812.5,-29.04486
2797052968.75,-29.04164
2797053125.0,-29.04269
2797053281.25,-29.04135
2797053437.5,-29.03467
2797053593.75,-29.03834
2797053750.0,-29.0386
2797053906.25,-29.0367
2797054062.5,-29.03784
2797054218.75,-29.04025
2797054375.0,-29.03471
2797054531.25,-29.03685
2797054687.5,-29.03468
2797054843.75,-29.03741
2797055000.0,-29.03498
2797055156.25,-29.03477
2797055312.5,-29.03408
2797055468.75,-29.03327
2797055625.0,-29.03017
2797055781.25,-29.03149
2797055937.5,-29.03043
2797056093.75,-29.02851
2797056250.0,-29.03226
2797056406.25,-29.02801
2797056562.5,-29.03238
2797056718.75,-29.02484
2797056875.0,-29.02768
2797057031.25,-29.03498
2797057187.5,-29.02617
2797057343.75,-29.0224
2797057500.0,-29.02538
2797057656.25,-29.02645
2797057812.5,-29.02295
2797057968.75,-29.02628
2797058125.0,-29.02323
2797058281.25,-29.02407
2797058437.5,-29.02211
2797058593.75,-29.02473
2797058750.0,-29.0201
2797058906.25,-29.02072
2797059062.5,-29.02117
2797059218.75,-29.02572
2797059375.0,-29.02359
2797059531.25,-29.02035
2797059687.5,-29.02039
2797059843.75,-29.02299
2797060000.0,-29.01437
2797060156.25,-29.01604
2797060312.5,-29.02081
2797060468.75,-29.01811
2797060625.0,-29.01448
2797060781.25,-29.01865
2797060937.5,-29.01198
2797061093.75,-29.00982
2797061250.0,-29.01257
2797061406.25,-29.01745
2797061562.5,-29.01098
2797061718.75,-29.0151
2797061875.0,-29.0101
2797062031.25,-29.01401
2797062187.5,-29.00562
2797062343.75,-29.01508
2797062500.0,-29.00965
2797062656.25,-29.00533
2797062812.5,-29.01096
2797062968.75,-29.00243
2797063125.0,-29.0078
2797063281.25,-29.00871
2797063437.5,-29.00678
2797063593.75,-29.01106
2797063750.0,-29.00181
2797063906.25,-29.00755
2797064062.5,-29.00566
2797064218.75,-29.00258
2797064375.0,-29.00055
2797064531.25,-29.00306
2797064687.5,-29.00359
2797064843.75,-29.00172
2797065000.0,-28.99925
2797065156.25,-29.00365
2797065312.5,-28.99893
2797065468.75,-28.99958
2797065625.0,-29.00101
2797065781.25,-29.00108
2797065937.5,-28.99576
2797066093.75,-28.99503
2797066250.0,-28.99739
2797066406.25,-29.00252
2797066562.5,-28.99612
2797066718.75,-28.99045
2797066875.0,-28.99492
2797067031.25,-28.99228
2797067187.5,-28.99936
2797067343.75,-28.99381
2797067500.0,-28.9934
2797067656.25,-28.99235
2797067812.5,-28.99063
2797067968.75,-28.99073
2797068125.0,-28.99138
2797068281.25,-28.98821
2797068437.5,-28.9933
2797068593.75,-28.98813
2797068750.0,-28.99127
2797068906.25,-28.99404
2797069062.5,-28.98511
2797069218.75,-28.98428
2797069375.0,-28.98987
2797069531.25,-28.98626
2797069687.5,-28.98611
2797069843.75,-28.98347
2797070000.0,-28.9886
2797070156.25,-28.98604
2797070312.5,-28.97828
2797070468.75,-28.9834
2797070625.0,-28.98513
2797070781.25,-28.98007
2797070937.5,-28.98434
2797071093.75,-28.9699
2797071250.0,-28.98047
2797071406.25,-28.97964
2797071562.5,-28.97952
2797071718.75,-28.98234
2797071875.0,-28.9758
2797072031.25,-28.97584
2797072187.5,-28.97208
2797072343.75,-28.97935
2797072500.0,-28.97201
2797072656.25,-28.97735
2797072812.5,-28.97932
2797072968.75,-28.97526
2797073125.0,-28.97598
2797073281.25,-28.97303
2797073437.5,-28.97169
2797073593.75,-28.97408
2797073750.0,-28.96526
2797073906.25,-28.96751
2797074062.5,-28.97001
2797074218.75,-28.96739
2797074375.0,-28.96686
2797074531.25,-28.96682
2797074687.5,-28.96883
2797074843.75,-28.96289
2797075000.0,-28.97078
2797075156.25,-28.96763
2797075312.5,-28.96727
2797075468.75,-28.96453
2797075625.0,-28.97071
2797075781.25,-28.95896
2797075937.5,-28.95936
2797076093.75,-28.96348
2797076250.0,-28.96301
2797076406.25,-28.9603
2797076562.5,-28.96183
2797076718.75,-28.95926
2797076875.0,-28.96054
2797077031.25,-28.95995
2797077187.5,-28.96117
2797077343.75,-28.96171
2797077500.0,-28.95426
2797077656.25,-28.95704
2797077812.5,-28.95955
2797077968.75,-28.958
2797078125.0,-28.96029
2797078281.25,-28.95629
2797078437.5,-28.95629
2797078593.75,-28.95452
2797078750.0,-28.95775
2797078906.25,-28.95407
2797079062.5,-28.95398
2797079218.75,-28.95339
2797079375.0,-28.94896
2797079531.25,-28.95178
2797079687.5,-28.94958
2797079843.75,-28.9479
2797080000.0,-28.95041
2797080156.25,-28.94945
2797080312.5,-28.94987
2797080468.75,-28.94811
2797080625.0,-28.94889
2797080781.25,-28.95104
2797080937.5,-28.94669
2797081093.75,-28.94763
2797081250.0,-28.94234
2797081406.25,-28.94642
2797081562.5,-28.9466
2797081718.75,-28.94246
2797081875.0,-28.94419
2797082031.25,-28.94094
2797082187.5,-28.9428
2797082343.75,-28.9444
2797082500.0,-28.93938
2797082656.25,-28.93884
2797082812.5,-28.939
2797082968.75,-28.94107
2797083125.0,-28.94294
2797083281.25,-28.93589
2797083437.5,-28.94213
2797083593.75,-28.93145
2797083750.0,-28.9353
2797083906.25,-28.94134
2797084062.5,-28.94106
2797084218.75,-28.93973
2797084375.0,-28.93746
2797084531.25,-28.93928
2797084687.5,-28.93205
2797084843.75,-28.93743
2797085000.0,-28.93248
2797085156.25,-28.93355
2797085312.5,-28.93417
2797085468.75,-28.93433
2797085625.0,-28.92729
2797085781.25,-28.93112
2797085937.5,-28.92953
2797086093.75,-28.9313
2797086250.0,-28.93285
2797086406.25,-28.92624
2797086562.5,-28.93479
2797086718.75,-28.92813
2797086875.0,-28.92735
2797087031.25,-28.92525
2797087187.5,-28.92665
2797087343.75,-28.93016
2797087500.0,-28.92282
2797087656.25,-28.92517
2797087812.5,-28.92398
2797087968.75,-28.92157
2797088125.0,-28.92413
2797088281.25,-28.92381
2797088437.5,-28.92482
2797088593.75,-28.92634
2797088750.0,-28.92119
2797088906.25,-28.92344
2797089062.5,-28.91875
2797089218.75,-28.91751
2797089375.0,-28.91951
2797089531.25,-28.9171
2797089687.5,-28.9146
2797089843.75,-28.91539
2797090000.0,-28.92023
2797090156.25,-28.91301
2797090312.5,-28.91397
2797090468.75,-28.91696
2797090625.0,-28.91633
2797090781.25,-28.91547
2797090937.5,-28.91011
2797091093.75,-28.91036
2797091250.0,-28.91322
2797091406.25,-28.91577
2797091562.5,-28.90997
2797091718.75,-28.91285
2797091875.0,-28.90734
2797092031.25,-28.91108
2797092187.5,-28.91211
2797092343.75,-28.90933
2797092500.0,-28.90802
2797092656.25,-28.90861
2797092812.5,-28.90921
2797092968.75,-28.90579
2797093125.0,-28.9052
2797093281.25,-28.90744
2797093437.5,-28.90089
2797093593.75,-28.90593
2797093750.0,-28.90388
2797093906.25,-28.90286
2797094062.5,-28.89991
2797094218.75,-28.9017
2797094375.0,-28.89841
2797094531.25,-28.89704
2797094687.5,-28.90334
2797094843.75,-28.90394
2797095000.0,-28.90219
2797095156.25,-28.89753
2797095312.5,-28.90228
2797095468.75,-28.90301
2797095625.0,-28.89681
2797095781.25,-28.89816
2797095937.5,-28.89536
2797096093.75,-28.89622
2797096250.0,-28.89968
2797096406.25,-28.8936
2797096562.5,-28.89535
2797096718.75,-28.89648
2797096875.0,-28.89084
2797097031.25,-28.8922
2797097187.5,-28.89116
2797097343.75,-28.891
2797097500.0,-28.88423
2797097656.25,-28.88836
2797097812.5,-28.88851
2797097968.75,-28.89043
2797098125.0,-28.88924
2797098281.25,-28.89066
2797098437.5,-28.88538
2797098593.75,-28.88367
2797098750.0,-28.88549
2797098906.25,-28.88584
2797099062.5,-28.88786
2797099218.75,-28.88832
2797099375.0,-28.88203
2797099531.25,-28.88596
2797099687.5,-28.88382
2797099843.75,-28.88493
2797100000.0,-28.88882
2797100156.25,-28.88191
2797100312.5,-28.88358
2797100468.75,-28.88256
2797100625.0,-28.87867
2797100781.25,-28.8845
2797100937.5,-28.8774
2797101093.75,-28.87971
2797101250.0,-28.88062
2797101406.25,-28.87895
2797101562.5,-28.8793
2797101718.75,-28.87902
2797101875.0,-28.87361
2797102031.25,-28.87659
2797102187.5,-28.8736
2797102343.75,-28.87551
2797102500.0,-28.87642
2797102656.25,-28.8729
2797102812.5,-28.8757
2797102968.75,-28.87626
2797103125.0,-28.87331
2797103281.25,-28.86995
2797103437.5,-28.8724
2797103593.75,-28.87354
2797103750.0,-28.87096
2797103906.25,-28.86853
2797104062.5,-28.86818
2797104218.75,-28.86624
2797104375.0,-28.87487
2797104531.25,-28.86233
2797104687.5,-28.86453
2797104843.75,-28.8672
2797105000.0,-28.8661
2797105156.25,-28.86829
2797105312.5,-28.86629
2797105468.75,-28.85959
2797105625.0,-28.85911
2797105781.25,-28.8606
2797105937.5,-28.86349
2797106093.75,-28.86491
2797106250.0,-28.86022
2797106406.25,-28.85532
2797106562.5,-28.8637
2797106718.75,-28.85902
2797106875.0,-28.85625
2797107031.25,-28.85573
2797107187.5,-28.85831
2797107343.75,-28.85751
2797107500.0,-28.85534
2797107656.25,-28.85826
2797107812.5,-28.85714
2797107968.75,-28.85349
2797108125.0,-28.85416
2797108281.25,-28.85122
2797108437.5,-28.85445
2797108593.75,-28.84574
2797108750.0,-28.8567
2797108906.25,-28.85172
2797109062.5,-28.84906
2797109218.75,-28.85246
2797109375.0,-28.8495
2797109531.25,-28.85097
2797109687.5,-28.85
2797109843.75,-28.85021
2797110000.0,-28.84879
2797110156.25,-28.8543
2797110312.5,-28.85021
2797110468.75,-28.85127
2797110625.0,-28.84462
2797110781.25,-28.8499
2797110937.5,-28.84397
2797111093.75,-28.84426
2797111250.0,-28.84743
2797111406.25,-28.84449
2797111562.5,-28.84147
2797111718.75,-28.84339
2797111875.0,-28.8444
2797112031.25,-28.84194
2797112187.5,-28.84081
2797112343.75,-28.83691
2797112500.0,-28.84203
2797112656.25,-28.84022
2797112812.5,-28.83629
2797112968.75,-28.8431
2797113125.0,-28.83868
2797113281.25,-28.835
2797113437.5,-28.83497
2797113593.75,-28.83395
2797113750.0,-28.83796
2797113906.25,-28.83544
2797114062.5,-28.83292
2797114218.75,-28.83915
2797114375.0,-28.83361
2797114531.25,-28.83398
2797114687.5,-28.83327
2797114843.75,-28.83403
2797115000.0,-28.83195
2797115156.25,-28.83265
2797115312.5,-28.83023
2797115468.75,-28.82631
2797115625.0,-28.82924
2797115781.25,-28.83259
2797115937.5,-28.82659
2797116093.75,-28.82991
2797116250.0,-28.82275
2797116406.25,-28.82569
2797116562.5,-28.8286
2797116718.75,-28.82641
2797116875.0,-28.82996
2797117031.25,-28.82334
2797117187.5,-28.82472
2797117343.75,-28.82788
2797117500.0,-28.83039
2797117656.25,-28.82534
2797117812.5,-28.8209
2797117968.75,-28.82738
2797118125.0,-28.81701
2797118281.25,-28.82052
2797118437.5,-28.82276
2797118593.75,-28.81834
2797118750.0,-28.81942
2797118906.25,-28.82284
2797119062.5,-28.81967
2797119218.75,-28.81637
2797119375.0,-28.81344
2797119531.25,-28.81717
2797119687.5,-28.8189
2797119843.75,-28.81519
2797120000.0,-28.81295
2797120156.25,-28.81527
2797120312.5,-28.81692
2797120468.75,-28.81491
2797120625.0,-28.81545
2797120781.25,-28.80702
2797120937.5,-28.81713
2797121093.75,-28.81243
2797121250.0,-28.81038
2797121406.25,-28.81064
2797121562.5,-28.81282
2797121718.75,-28.80993
2797121875.0,-28.80959
2797122031.25,-28.80775
2797122187.5,-28.80749
2797122343.75,-28.80918
2797122500.0,-28.80854
2797122656.25,-28.80459
2797122812.5,-28.80396
2797122968.75,-28.8032
2797123125.0,-28.80654
2797123281.25,-28.8005
2797123437.5,-28.80413
2797123593.75,-28.8026
2797123750.0,-28.80214
2797123906.25,-28.79767
2797124062.5,-28.79976
2797124218.75,-28.8002
2797124375.0,-28.79732
2797124531.25,-28.7992
2797124687.5,-28.8
2797124843.75,-28.79852
2797125000.0,-28.79591
2797125156.25,-28.79499
2797125312.5,-28.79779
2797125468.75,-28.79227
2797125625.0,-28.79907
2797125781.25,-28.79982
2797125937.5,-28.79603
2797126093.75,-28.79479
2797126250.0,-28.79218
2797126406.25,-28.7891
2797126562.5,-28.79347
2797126718.75,-28.79013
2797126875.0,-28.79174
2797127031.25,-28.78744
2797127187.5,-28.79564
2797127343.75,-28.7902
2797127500.0,-28.78902
2797127656.25,-28.79165
2797127812.5,-28.78567
2797127968.75,-28.79252
2797128125.0,-28.79294
2797128281.25,-28.78609
2797128437.5,-28.78164
2797128593.75,-28.79012
2797128750.0,-28.78247
2797128906.25,-28.78525
2797129062.5,-28.78173
2797129218.75,-28.78522
2797129375.0,-28.78552
2797129531.25,-28.77758
2797129687.5,-28.78059
2797129843.75,-28.77988
2797130000.0,-28.77855
2797130156.25,-28.77882
2797130312.5,-28.78249
2797130468.75,-28.78371
2797130625.0,-28.78129
2797130781.25,-28.7806
2797130937.5,-28.77524
2797131093.75,-28.77731
2797131250.0,-28.7769
2797131406.25,-28.77897
2797131562.5,-28.77271
2797131718.75,-28.77553
2797131875.0,-28.77235
2797132031.25,-28.77566
2797132187.5,-28.77068
2797132343.75,-28.77434
2797132500.0,-28.7743
2797132656.25,-28.76918
2797132812.5,-28.7712
2797132968.75,-28.77349
2797133125.0,-28.76931
2797133281.25,-28.77158
2797133437.5,-28.76843
2797133593.75,-28.76772
2797133750.0,-28.7715
2797133906.25,-28.76828
2797134062.5,-28.7638
2797134218.75,-28.76363
2797134375.0,-28.76671
2797134531.25,-28.76831
2797134687.5,-28.76189
2797134843.75,-28.76076
2797135000.0,-28.76635
2797135156.25,-28.76486
2797135312.5,-28.76133
2797135468.75,-28.76569
2797135625.0,-28.76239
2797135781.25,-28.76186
2797135937.5,-28.75933
2797136093.75,-28.75919
2797136250.0,-28.76161
2797136406.25,-28.75704
2797136562.5,-28.7548
2797136718.75,-28.75807
2797136875.0,-28.75791
2797137031.25,-28.75702
2797137187.5,-28.75167
2797137343.75,-28.7535
2797137500.0,-28.7549
2797137656.25,-28.7533
2797137812.5,-28.75409
2797137968.75,-28.75596
2797138125.0,-28.75121
2797138281.25,-28.75004
2797138437.5,-28.75124
2797138593.75,-28.75412
2797138750.0,-28.7436
2797138906.25,-28.75305
2797139062.5,-28.74765
2797139218.75,-28.74916
2797139375.0,-28.74574
2797139531.25,-28.74966
2797139687.5,-28.74979
2797139843.75,-28.75102
2797140000.0,-28.7465
2797140156.25,-28.74531
2797140312.5,-28.7464
2797140468.75,-28.74743
2797140625.0,-28.74135
2797140781.25,-28.74198
2797140937.5,-28.74572
2797141093.75,-28.73779
2797141250.0,-28.73787
2797141406.25,-28.74326
2797141562.5,-28.74024
2797141718.75,-28.74018
2797141875.0,-28.73983
2797142031.25,-28.73995
2797142187.5,-28.73438
2797142343.75,-28.74038
2797142500.0,-28.73999
2797142656.25,-28.73841
2797142812.5,-28.73475
2797142968.75,-28.73208
2797143125.0,-28.7361
2797143281.25,-28.7306
2797143437.5,-28.73458
2797143593.75,-28.73552
2797143750.0,-28.73266
2797143906.25,-28.73128
2797144062.5,-28.73154
2797144218.75,-28.73313
2797144375.0,-28.73355
2797144531.25,-28.7288
2797144687.5,-28.72719
2797144843.75,-28.72953
2797145000.0,-28.73085
2797145156.25,-28.72716
2797145312.5,-28.72378
2797145468.75,-28.72652
2797145625.0,-28.72756
2797145781.25,-28.72381
2797145937.5,-28.72779
2797146093.75,-28.7258
2797146250.0,-28.72315
2797146406.25,-28.72592
2797146562.5,-28.72331
2797146718.75,-28.72453
2797146875.0,-28.72318
2797147031.25,-28.72548
2797147187.5,-28.71939
2797147343.75,-28.72563
2797147500.0,-28.71907
2797147656.25,-28.72292
2797147812.5,-28.72293
2797147968.75,-28.71931
2797148125.0,-28.71961
2797148281.25,-28.71485
2797148437.5,-28.71712
2797148593.75,-28.71716
2797148750.0,-28.71871
2797148906.25,-28.71262
2797149062.5,-28.71613
2797149218.75,-28.71559
2797149375.0,-28.71225
2797149531.25,-28.7126
2797149687.5,-28.71085
2797149843.75,-28.71463
2797150000.0,-28.70816
2797150156.25,-28.71047
2797150312.5,-28.71456
2797150468.75,-28.71136
2797150625.0,-28.7118
2797150781.25,-28.70802
2797150937.5,-28.70755
2797151093.75,-28.70399
2797151250.0,-28.70593
2797151406.25,-28.71225
2797151562.5,-28.70432
2797151718.75,-28.70125
2797151875.0,-28.70425
2797152031.25,-28.70497
2797152187.5,-28.70456
2797152343.75,-28.70045
2797152500.0,-28.70696
2797152656.25,-28.70192
2797152812.5,-28.70012
2797152968.75,-28.70296
2797153125.0,-28.70398
2797153281.25,-28.69935
2797153437.5,-28.70072
2797153593.75,-28.69625
2797153750.0,-28.69951
2797153906.25,-28.69627
2797154062.5,-28.69921
2797154218.75,-28.69796
2797154375.0,-28.6946
2797154531.25,-28.69204
2797154687.5,-28.69289
2797154843.75,-28.69177
2797155000.0,-28.68788
2797155156.25,-28.68882
2797155312.5,-28.69163
2797155468.75,-28.69301
2797155625.0,-28.69578
2797155781.25,-28.69023
2797155937.5,-28.68948
2797156093.75,-28.68828
2797156250.0,-28.69305
2797156406.25,-28.69035
2797156562.5,-28.69118
2797156718.75,-28.68454
2797156875.0,-28.69031
2797157031.25,-28.68697
2797157187.5,-28.68804
2797157343.75,-28.68096
2797157500.0,-28.68428
2797157656.25,-28.68138
2797157812.5,-28.68667
2797157968.75,-28.68412
2797158125.0,-28.68613
2797158281.25,-28.68619
2797158437.5,-28.67747
2797158593.75,-28.6792
2797158750.0,-28.67907
2797158906.25,-28.68198
2797159062.5,-28.68088
2797159218.75,-28.68193
2797159375.0,-28.68262
2797159531.25,-28.67817
2797159687.5,-28.67735
2797159843.75,-28.68016
2797160000.0,-28.67739
2797160156.25,-28.67447
2797160312.5,-28.67934
2797160468.75,-28.67467
2797160625.0,-28.67183
2797160781.25,-28.67255
2797160937.5,-28.67462
2797161093.75,-28.66858
2797161250.0,-28.67325
2797161406.25,-28.67235
2797161562.5,-28.67195
2797161718.75,-28.67399
2797161875.0,-28.66624
2797162031.25,-28.66885
2797162187.5,-28.66595
2797162343.75,-28.66843
2797162500.0,-28.66487
2797162656.25,-28.66949
2797162812.5,-28.6641
2797162968.75,-28.66511
2797163125.0,-28.66774
2797163281.25,-28.66741
2797163437.5,-28.66433
2797163593.75,-28.6611
2797163750.0,-28.66696
2797163906.25,-28.66295
2797164062.5,-28.66064
2797164218.75,-28.66392
2797164375.0,-28.66474
2797164531.25,-28.66294
2797164687.5,-28.65747
2797164843.75,-28.66112
2797165000.0,-28.66157
2797165156.25,-28.66093
2797165312.5,-28.65749
2797165468.75,-28.66227
2797165625.0,-28.65296
2797165781.25,-28.65346
2797165937.5,-28.65813
2797166093.75,-28.65618
2797166250.0,-28.65665
2797166406.25,-28.65587
2797166562.5,-28.65572
2797166718.75,-28.65601
2797166875.0,-28.65411
2797167031.25,-28.65403
2797167187.5,-28.65426
2797167343.75,-28.65283
2797167500.0,-28.65419
2797167656.25,-28.65141
2797167812.5,-28.65064
2797167968.75,-28.64982
2797168125.0,-28.6491
2797168281.25,-28.65332
2797168437.5,-28.64684
2797168593.75,-28.64379
2797168750.0,-28.65089
2797168906.25,-28.64597
2797169062.5,-28.64432
2797169218.75,-28.64138
2797169375.0,-28.6438
2797169531.25,-28.64196
2797169687.5,-28.64322
2797169843.75,-28.64158
2797170000.0,-28.63926
2797170156.25,-28.64112
2797170312.5,-28.63879
2797170468.75,-28.64131
2797170625.0,-28.6383
2797170781.25,-28.63826
2797170937.5,-28.63751
2797171093.75,-28.63587
2797171250.0,-28.63554
2797171406.25,-28.64015
2797171562.5,-28.63364
2797171718.75,-28.63323
2797171875.0,-28.63236
2797172031.25,-28.63434
2797172187.5,-28.63772
2797172343.75,-28.63532
2797172500.0,-28.63207
2797172656.25,-28.63598
2797172812.5,-28.63325
2797172968.75,-28.63443
2797173125.0,-28.63206
2797173281.25,-28.63638
2797173437.5,-28.62986
2797173593.75,-28.62936
2797173750.0,-28.62646
2797173906.25,-28.62967
2797174062.5,-28.62846
2797174218.75,-28.63045
2797174375.0,-28.62926
2797174531.25,-28.62519
2797174687.5,-28.62785
2797174843.75,-28.62957
2797175000.0,-28.62526
2797175156.25,-28.62003
2797175312.5,-28.62197
2797175468.75,-28.61891
2797175625.0,-28.6236
2797175781.25,-28.62762
2797175937.5,-28.6168
2797176093.75,-28.61844
2797176250.0,-28.6217
2797176406.25,-28.62375
2797176562.5,-28.6202
2797176718.75,-28.62109
2797176875.0,-28.61852
2797177031.25,-28.62604
2797177187.5,-28.6193
2797177343.75,-28.61619
2797177500.0,-28.6133
2797177656.25,-28.61391
2797177812.5,-28.61407
2797177968.75,-28.61458
2797178125.0,-28.61992
2797178281.25,-28.61502
2797178437.5,-28.61216
2797178593.75,-28.61641
2797178750.0,-28.61347
2797178906.25,-28.61161
2797179062.5,-28.61434
2797179218.75,-28.61239
2797179375.0,-28.61357
2797179531.25,-28.60443
2797179687.5,-28.61157
2797179843.75,-28.61006
2797180000.0,-28.60687
2797180156.25,-28.60104
2797180312.5,-28.60912
2797180468.75,-28.60695
2797180625.0,-28.60493
2797180781.25,-28.60788
2797180937.5,-28.60249
2797181093.75,-28.60098
2797181250.0,-28.60501
2797181406.25,-28.6047
2797181562.5,-28.60503
2797181718.75,-28.6041
2797181875.0,-28.6023
2797182031.25,-28.60232
2797182187.5,-28.59484
2797182343.75,-28.59726
2797182500.0,-28.60254
2797182656.25,-28.59665
2797182812.5,-28.60101
2797182968.75,-28.597
2797183125.0,-28.59859
2797183281.25,-28.5962
2797183437.5,-28.59682
2797183593.75,-28.59578
2797183750.0,-28.59746
2797183906.25,-28.59156
2797184062.5,-28.59078
2797184218.75,-28.59094
2797184375.0,-28.59302
2797184531.25,-28.59448
2797184687.5,-28.59095
2797184843.75,-28.59389
2797185000.0,-28.58919
2797185156.25,-28.58952
2797185312.5,-28.59099
2797185468.75,-28.59113
2797185625.0,-28.5871
2797185781.25,-28.58903
2797185937.5,-28.58775
2797186093.75,-28.58737
2797186250.0,-28.58536
2797186406.25,-28.58619
2797186562.5,-28.58226
2797186718.75,-28.58391
2797186875.0,-28.58373
2797187031.25,-28.58009
2797187187.5,-28.57989
2797187343.75,-28.58367
2797187500.0,-28.58368
2797187656.25,-28.58037
2797187812.5,-28.57999
2797187968.75,-28.5791
2797188125.0,-28.58119
2797188281.25,-28.57905
2797188437.5,-28.57742
2797188593.75,-28.57648
2797188750.0,-28.57116
2797188906.25,-28.57967
2797189062.5,-28.58098
2797189218.75,-28.57844
2797189375.0,-28.57505
2797189531.25,-28.57283
2797189687.5,-28.57303
2797189843.75,-28.57046
2797190000.0,-28.57215
2797190156.25,-28.57218
2797190312.5,-28.56806
2797190468.75,-28.57243
2797190625.0,-28.56922
2797190781.25,-28.57174
2797190937.5,-28.56936
2797191093.75,-28.5691
2797191250.0,-28.56522
2797191406.25,-28.56621
2797191562.5,-28.56727
2797191718.75,-28.56255
2797191875.0,-28.56648
2797192031.25,-28.56607
2797192187.5,-28.56468
2797192343.75,-28.56435
2797192500.0,-28.55973
2797192656.25,-28.56451
2797192812.5,-28.56063
2797192968.75,-28.55882
2797193125.0,-28.56424
2797193281.25,-28.5621
2797193437.5,-28.55973
2797193593.75,-28.56113
2797193750.0,-28.56456
2797193906.25,-28.55903
2797194062.5,-28.55883
2797194218.75,-28.56142
2797194375.0,-28.55397
2797194531.25,-28.55415
2797194687.5,-28.56303
2797194843.75,-28.55708
2797195000.0,-28.55049
2797195156.25,-28.55234
2797195312.5,-28.55748
2797195468.75,-28.55482
2797195625.0,-28.55457
2797195781.25,-28.55259
2797195937.5,-28.5498
2797196093.75,-28.55032
2797196250.0,-28.54788
2797196406.25,-28.54461
2797196562.5,-28.55093
2797196718.75,-28.54835
2797196875.0,-28.54477
2797197031.25,-28.54141
2797197187.5,-28.55099
2797197343.75,-28.55028
2797197500.0,-28.54693
2797197656.25,-28.54235
2797197812.5,-28.54329
2797197968.75,-28.54461
2797198125.0,-28.54147
2797198281.25,-28.54736
2797198437.5,-28.543
2797198593.75,-28.54032
2797198750.0,-28.54265
2797198906.25,-28.54317
2797199062.5,-28.54041
2797199218.75,-28.54238
2797199375.0,-28.54068
2797199531.25,-28.54265
2797199687.5,-28.53751
2797199843.75,-28.53713
2797200000.0,-28.53603
2797200156.25,-28.53897
2797200312.5,-28.53578
2797200468.75,-28.53497
2797200625.0,-28.53708
2797200781.25,-28.53602
2797200937.5,-28.53587
2797201093.75,-28.53645
2797201250.0,-28.52959
2797201406.25,-28.53267
2797201562.5,-28.53582
2797201718.75,-28.53347
2797201875.0,-28.52936
2797202031.25,-28.53079
2797202187.5,-28.53164
2797202343.75,-28.52786
2797202500.0,-28.52975
2797202656.25,-28.53119
2797202812.5,-28.52343
2797202968.75,-28.52555
2797203125.0,-28.52709
2797203281.25,-28.52406
2797203437.5,-28.52391
2797203593.75,-28.51994
2797203750.0,-28.52016
2797203906.25,-28.52087
2797204062.5,-28.52363
2797204218.75,-28.51937
2797204375.0,-28.52122
2797204531.25,-28.52266
2797204687.5,-28.52244
2797204843.75,-28.51936
2797205000.0,-28.51968
2797205156.25,-28.51544
2797205312.5,-28.52276
2797205468.75,-28.51771
2797205625.0,-28.52162
2797205781.25,-28.52014
2797205937.5,-28.52181
2797206093.75,-28.51524
2797206250.0,-28.5134
2797206406.25,-28.51347
2797206562.5,-28.5097
2797206718.75,-28.50689
2797206875.0,-28.51195
2797207031.25,-28.51213
2797207187.5,-28.51334
2797207343.75,-28.51312
2797207500.0,-28.50958
2797207656.25,-28.50861
2797207812.5,-28.51205
2797207968.75,-28.50736
2797208125.0,-28.51103
2797208281.25,-28.50882
2797208437.5,-28.50865
2797208593.75,-28.5053
2797208750.0,-28.5073
2797208906.25,-28.50744
2797209062.5,-28.50664
2797209218.75,-28.50293
2797209375.0,-28.49874
2797209531.25,-28.5042
2797209687.5,-28.50333
2797209843.75,-28.50444
2797210000.0,-28.50532
2797210156.25,-28.50403
2797210312.5,-28.50431
2797210468.75,-28.50035
2797210625.0,-28.49664
2797210781.25,-28.49726
2797210937.5,-28.49571
2797211093.75,-28.50086
2797211250.0,-28.4973
2797211406.25,-28.49592
2797211562.5,-28.50094
2797211718.75,-28.49421
2797211875.0,-28.48968
2797212031.25,-28.49107
2797212187.5,-28.49058
2797212343.75,-28.49033
2797212500.0,-28.49275
2797212656.25,-28.48809
2797212812.5,-28.48951
2797212968.75,-28.49385
2797213125.0,-28.48806
2797213281.25,-28.49306
2797213437.5,-28.48803
2797213593.75,-28.4897
2797213750.0,-28.4899
2797213906.25,-28.48718
2797214062.5,-28.48521
2797214218.75,-28.48374
2797214375.0,-28.48447
2797214531.25,-28.48529
2797214687.5,-28.48377
2797214843.75,-28.48199
2797215000.0,-28.48492
2797215156.25,-28.48682
2797215312.5,-28.48316
2797215468.75,-28.48162
2797215625.0,-28.48271
2797215781.25,-28.48303
2797215937.5,-28.48153
2797216093.75,-28.48169
2797216250.0,-28.47647
2797216406.25,-28.48322
2797216562.5,-28.47785
2797216718.75,-28.48293
2797216875.0,-28.47926
2797217031.25,-28.47612
2797217187.5,-28.47624
2797217343.75,-28.47458
2797217500.0,-28.47712
2797217656.25,-28.47346
2797217812.5,-28.47075
2797217968.75,-28.47562
2797218125.0,-28.4748
2797218281.25,-28.47442
2797218437.5,-28.47017
2797218593.75,-28.47472
2797218750.0,-28.47034
2797218906.25,-28.47116
2797219062.5,-28.46951
2797219218.75,-28.47064
2797219375.0,-28.46533
2797219531.25,-28.46743
2797219687.5,-28.47145
2797219843.75,-28.4655
2797220000.0,-28.46664
2797220156.25,-28.46338
2797220312.5,-28.46534
2797220468.75,-28.46597
2797220625.0,-28.46434
2797220781.25,-28.46088
2797220937.5,-28.46063
2797221093.75,-28.4606
2797221250.0,-28.46323
2797221406.25,-28.45797
2797221562.5,-28.46126
2797221718.75,-28.45669
2797221875.0,-28.45659
2797222031.25,-28.46144
2797222187.5,-28.45465
2797222343.75,-28.46093
2797222500.0,-28.46188
2797222656.25,-28.46077
2797222812.5,-28.46044
2797222968.75,-28.45528
2797223125.0,-28.45935
2797223281.25,-28.45626
2797223437.5,-28.45531
2797223593.75,-28.45737
2797223750.0,-28.45806
2797223906.25,-28.45178
2797224062.5,-28.45214
2797224218.75,-28.44931
2797224375.0,-28.45609
2797224531.25,-28.44777
2797224687.5,-28.45144
2797224843.75,-28.44845
2797225000.0,-28.45178
2797225156.25,-28.44749
2797225312.5,-28.44747
2797225468.75,-28.44953
2797225625.0,-28.4478
2797225781.25,-28.449
2797225937.5,-28.44549
2797226093.75,-28.44678
2797226250.0,-28.44437
2797226406.25,-28.44172
2797226562.5,-28.44533
2797226718.75,-28.4437
2797226875.0,-28.44403
2797227031.25,-28.44329
2797227187.5,-28.44106
2797227343.75,-28.43669
2797227500.0,-28.43661
2797227656.25,-28.44125
2797227812.5,-28.43626
2797227968.75,-28.43769
2797228125.0,-28.43883
2797228281.25,-28.43703
2797228437.5,-28.43415
2797228593.75,-28.43664
2797228750.0,-28.43427
2797228906.25,-28.43404
2797229062.5,-28.43315
2797229218.75,-28.43608
2797229375.0,-28.43221
2797229531.25,-28.43306
2797229687.5,-28.43476
2797229843.75,-28.4313
2797230000.0,-28.43495
2797230156.25,-28.42856
2797230312.5,-28.42875
2797230468.75,-28.43081
2797230625.0,-28.42953
2797230781.25,-28.42938
2797230937.5,-28.43087
2797231093.75,-28.42634
2797231250.0,-28.42883
2797231406.25,-28.42689
2797231562.5,-28.42453
2797231718.75,-28.4208
2797231875.0,-28.42493
2797232031.25,-28.42354
2797232187.5,-28.41807
2797232343.75,-28.42061
2797232500.0,-28.42259
2797232656.25,-28.42393
2797232812.5,-28.41802
2797232968.75,-28.42165
2797233125.0,-28.41999
2797233281.25,-28.42234
2797233437.5,-28.41846
2797233593.75,-28.41655
2797233750.0,-28.41878
2797233906.25,-28.41966
2797234062.5,-28.41912
2797234218.75,-28.41468
2797234375.0,-28.41336
2797234531.25,-28.41117
2797234687.5,-28.4189
2797234843.75,-28.41412
2797235000.0,-28.41204
2797235156.25,-28.41504
2797235312.5,-28.40971
2797235468.75,-28.40804
2797235625.0,-28.41031
2797235781.25,-28.40961
2797235937.5,-28.4116
2797236093.75,-28.41407
2797236250.0,-28.41167
2797236406.25,-28.40459
2797236562.5,-28.40647
2797236718.75,-28.40815
2797236875.0,-28.40652
2797237031.25,-28.40206
2797237187.5,-28.40363
2797237343.75,-28.40707
2797237500.0,-28.40628
2797237656.25,-28.4015
2797237812.5,-28.40564
2797237968.75,-28.39981
2797238125.0,-28.40313
2797238281.25,-28.39925
2797238437.5,-28.39826
2797238593.75,-28.39988
2797238750.0,-28.40005
2797238906.25,-28.40199
2797239062.5,-28.39995
2797239218.75,-28.39939
2797239375.0,-28.39766
2797239531.25,-28.39414
2797239687.5,-28.39546
2797239843.75,-28.40023
2797240000.0,-28.39357
2797240156.25,-28.39835
2797240312.5,-28.39367
2797240468.75,-28.39775
2797240625.0,-28.39283
2797240781.25,-28.3898
2797240937.5,-28.38819
2797241093.75,-28.38671
2797241250.0,-28.39083
2797241406.25,-28.39557
2797241562.5,-28.38941
2797241718.75,-28.39301
2797241875.0,-28.39106
2797242031.25,-28.38662
2797242187.5,-28.38603
2797242343.75,-28.39015
2797242500.0,-28.38769
2797242656.25,-28.38846
2797242812.5,-28.38527
2797242968.75,-28.39019
2797243125.0,-28.38425
2797243281.25,-28.38535
2797243437.5,-28.38072
2797243593.75,-28.3791
2797243750.0,-28.38065
2797243906.25,-28.38527
2797244062.5,-28.37617
2797244218.75,-28.37945
2797244375.0,-28.3814
2797244531.25,-28.37997
2797244687.5,-28.37934
2797244843.75,-28.38051
2797245000.0,-28.37647
2797245156.25,-28.37578
2797245312.5,-28.3758
2797245468.75,-28.37093
2797245625.0,-28.37653
2797245781.25,-28.37609
2797245937.5,-28.37166
2797246093.75,-28.37593
2797246250.0,-28.3743
2797246406.25,-28.37309
2797246562.5,-28.37215
2797246718.75,-28.37243
2797246875.0,-28.36831
2797247031.25,-28.37389
2797247187.5,-28.36562
2797247343.75,-28.37356
2797247500.0,-28.36823
2797247656.25,-28.36708
2797247812.5,-28.37047
2797247968.75,-28.36725
2797248125.0,-28.36429
2797248281.25,-28.36159
2797248437.5,-28.36686
2797248593.75,-28.36602
2797248750.0,-28.36503
2797248906.25,-28.3639
2797249062.5,-28.36723
2797249218.75,-28.36293
2797249375.0,-28.36055
2797249531.25,-28.36168
2797249687.5,-28.36012
2797249843.75,-28.36025
2797250000.0,-28.35591
2797250156.25,-28.35751
2797250312.5,-28.36
2797250468.75,-28.35184
2797250625.0,-28.35955
2797250781.25,-28.35526
2797250937.5,-28.35604
2797251093.75,-28.35221
2797251250.0,-28.35463
2797251406.25,-28.35125
2797251562.5,-28.35113
2797251718.75,-28.34911
2797251875.0,-28.35602
2797252031.25,-28.35465
2797252187.5,-28.35129
2797252343.75,-28.35029
2797252500.0,-28.35281
2797252656.25,-28.3514
2797252812.5,-28.34723
2797252968.75,-28.35025
2797253125.0,-28.34196
2797253281.25,-28.34892
2797253437.5,-28.34515
2797253593.75,-28.34791
2797253750.0,-28.34564
2797253906.25,-28.34479
2797254062.5,-28.34511
2797254218.75,-28.34343
2797254375.0,-28.34398
2797254531.25,-28.33918
2797254687.5,-28.33962
2797254843.75,-28.34239
2797255000.0,-28.34201
2797255156.25,-28.3431
2797255312.5,-28.33928
2797255468.75,-28.33884
2797255625.0,-28.34127
2797255781.25,-28.33651
2797255937.5,-28.34313
2797256093.75,-28.33504
2797256250.0,-28.33813
2797256406.25,-28.33741
2797256562.5,-28.33611
2797256718.75,-28.33247
2797256875.0,-28.33258
2797257031.25,-28.33541
2797257187.5,-28.338
2797257343.75,-28.32821
2797257500.0,-28.33217
2797257656.25,-28.33294
2797257812.5,-28.32882
2797257968.75,-28.33438
2797258125.0,-28.32986
2797258281.25,-28.32885
2797258437.5,-28.32586
2797258593.75,-28.33094
2797258750.0,-28.3267
2797258906.25,-28.3261
2797259062.5,-28.32414
2797259218.75,-28.32489
2797259375.0,-28.32204
2797259531.25,-28.32731
2797259687.5,-28.32303
2797259843.75,-28.32755
2797260000.0,-28.32276
2797260156.25,-28.32316
2797260312.5,-28.32011
2797260468.75,-28.32432
2797260625.0,-28.32255
2797260781.25,-28.31634
2797260937.5,-28.32335
2797261093.75,-28.31933
2797261250.0,-28.31972
2797261406.25,-28.31996
2797261562.5,-28.31333
2797261718.75,-28.31707
2797261875.0,-28.31372
2797262031.25,-28.31609
2797262187.5,-28.3145
2797262343.75,-28.3125
2797262500.0,-28.30942
2797262656.25,-28.31828
2797262812.5,-28.31228
2797262968.75,-28.31284
2797263125.0,-28.31098
2797263281.25,-28.3161
2797263437.5,-28.31332
2797263593.75,-28.30918
2797263750.0,-28.31023
2797263906.25,-28.30875
2797264062.5,-28.30774
2797264218.75,-28.30655
2797264375.0,-28.31287
2797264531.25,-28.30794
2797264687.5,-28.30311
2797264843.75,-28.3
2797265000.0,-28.30778
2797265156.25,-28.30552
2797265312.5,-28.30509
2797265468.75,-28.2997
2797265625.0,-28.30593
2797265781.25,-28.30669
2797265937.5,-28.30328
2797266093.75,-28.30405
2797266250.0,-28.30002
2797266406.25,-28.30045
2797266562.5,-28.30228
2797266718.75,-28.29342
2797266875.0,-28.30062
2797267031.25,-28.29808
2797267187.5,-28.29992
2797267343.75,-28.29505
2797267500.0,-28.29707
2797267656.25,-28.29243
2797267812.5,-28.29541
2797267968.75,-28.29643
2797268125.0,-28.29591
2797268281.25,-28.29671
2797268437.5,-28.29155
2797268593.75,-28.29519
2797268750.0,-28.29626
2797268906.25,-28.28884
2797269062.5,-28.29221
2797269218.75,-28.28962
2797269375.0,-28.28742
2797269531.25,-28.28997
2797269687.5,-28.28639
2797269843.75,-28.28722
2797270000.0,-28.28788
2797270156.25,-28.28593
2797270312.5,-28.28105
2797270468.75,-28.28876
2797270625.0,-28.28511
2797270781.25,-28.28505
2797270937.5,-28.2862
2797271093.75,-28.2848
2797271250.0,-28.27992
2797271406.25,-28.28339
2797271562.5,-28.28391
2797271718.75,-28.28402
2797271875.0,-28.28008
2797272031.25,-28.2799
2797272187.5,-28.27563
2797272343.75,-28.28276
2797272500.0,-28.27526
2797272656.25,-28.2794
2797272812.5,-28.27555
2797272968.75,-28.27064
2797273125.0,-28.27412
2797273281.25,-28.27556
2797273437.5,-28.2723
2797273593.75,-28.26872
2797273750.0,-28.27372
2797273906.25,-28.27238
2797274062.5,-28.27459
2797274218.75,-28.27068
2797274375.0,-28.26892
2797274531.25,-28.27267
2797274687.5,-28.26982
2797274843.75,-28.26753
2797275000.0,-28.26951
2797275156.25,-28.2693
2797275312.5,-28.26402
2797275468.75,-28.26681
2797275625.0,-28.26595
2797275781.25,-28.2705
2797275937.5,-28.26439
2797276093.75,-28.26366
2797276250.0,-28.26531
2797276406.25,-28.26191
2797276562.5,-28.26634
2797276718.75,-28.2602
2797276875.0,-28.26106
2797277031.25,-28.26192
2797277187.5,-28.26242
2797277343.75,-28.25965
2797277500.0,-28.25716
2797277656.25,-28.25948
2797277812.5,-28.25673
2797277968.75,-28.26308
2797278125.0,-28.26243
2797278281.25,-28.25237
2797278437.5,-28.26252
2797278593.75,-28.25405
2797278750.0,-28.25665
2797278906.25,-28.25554
2797279062.5,-28.2562
2797279218.75,-28.25205
2797279375.0,-28.2555
2797279531.25,-28.25358
2797279687.5,-28.2499
2797279843.75,-28.25055
2797280000.0,-28.2505
2797280156.25,-28.24644
2797280312.5,-28.25111
2797280468.75,-28.24845
2797280625.0,-28.24451
2797280781.25,-28.24994
2797280937.5,-28.251
2797281093.75,-28.24634
2797281250.0,-28.25023
2797281406.25,-28.24782
2797281562.5,-28.24624
2797281718.75,-28.24302
2797281875.0,-28.24793
2797282031.25,-28.24523
2797282187.5,-28.24592
2797282343.75,-28.24344
2797282500.0,-28.23393
2797282656.25,-28.24396
2797282812.5,-28.23898
2797282968.75,-28.24013
2797283125.0,-28.23789
2797283281.25,-28.24122
2797283437.5,-28.23728
2797283593.75,-28.23706
2797283750.0,-28.23811
2797283906.25,-28.23581
2797284062.5,-28.23881
2797284218.75,-28.23301
2797284375.0,-28.23481
2797284531.25,-28.23667
2797284687.5,-28.23329
2797284843.75,-28.23465
2797285000.0,-28.23264
2797285156.25,-28.23432
2797285312.5,-28.23079
2797285468.75,-28.22886
2797285625.0,-28.22839
2797285781.25,-28.23184
2797285937.5,-28.22551
2797286093.75,-28.22966
2797286250.0,-28.22428
2797286406.25,-28.23287
2797286562.5,-28.22959
2797286718.75,-28.22972
2797286875.0,-28.22747
2797287031.25,-28.22515
2797287187.5,-28.22326
2797287343.75,-28.22494
2797287500.0,-28.22659
2797287656.25,-28.22229
2797287812.5,-28.22512
2797287968.75,-28.22362
2797288125.0,-28.22083
2797288281.25,-28.22288
2797288437.5,-28.22205
2797288593.75,-28.21873
2797288750.0,-28.22222
2797288906.25,-28.21901
2797289062.5,-28.21842
2797289218.75,-28.20807
2797289375.0,-28.21375
2797289531.25,-28.21443
2797289687.5,-28.21664
2797289843.75,-28.21274
2797290000.0,-28.21412
2797290156.25,-28.21285
2797290312.5,-28.20886
2797290468.75,-28.21392
2797290625.0,-28.21427
2797290781.25,-28.20641
2797290937.5,-28.21188
2797291093.75,-28.20942
2797291250.0,-28.20967
2797291406.25,-28.20554
2797291562.5,-28.21256
2797291718.75,-28.20755
2797291875.0,-28.20176
2797292031.25,-28.204
2797292187.5,-28.20739
2797292343.75,-28.20602
2797292500.0,-28.20595
2797292656.25,-28.2031
2797292812.5,-28.20331
2797292968.75,-28.20001
2797293125.0,-28.20278
2797293281.25,-28.20128
2797293437.5,-28.2015
2797293593.75,-28.20245
2797293750.0,-28.20053
2797293906.25,-28.19882
2797294062.5,-28.19663
2797294218.75,-28.19814
2797294375.0,-28.2023
2797294531.25,-28.19334
2797294687.5,-28.19551
2797294843.75,-28.19759
2797295000.0,-28.19465
2797295156.25,-28.19501
2797295312.5,-28.19567
2797295468.75,-28.19046
2797295625.0,-28.19084
2797295781.25,-28.1878
2797295937.5,-28.19659
2797296093.75,-28.19146
2797296250.0,-28.18969
2797296406.25,-28.19012
2797296562.5,-28.19056
2797296718.75,-28.18917
2797296875.0,-28.19222
2797297031.25,-28.18763
2797297187.5,-28.18909
2797297343.75,-28.18853
2797297500.0,-28.18559
2797297656.25,-28.18509
2797297812.5,-28.18652
2797297968.75,-28.18129
2797298125.0,-28.18178
2797298281.25,-28.18624
2797298437.5,-28.18005
2797298593.75,-28.18608
2797298750.0,-28.17782
2797298906.25,-28.18252
2797299062.5,-28.17751
2797299218.75,-28.1804
2797299375.0,-28.17847
2797299531.25,-28.17928
2797299687.5,-28.1748
2797299843.75,-28.18028
2797300000.0,-28.17432
2797300156.25,-28.17765
2797300312.5,-28.17628
2797300468.75,-28.17477
2797300625.0,-28.17412
2797300781.25,-28.17138
2797300937.5,-28.17248
2797301093.75,-28.17501
2797301250.0,-28.17264
2797301406.25,-28.17193
2797301562.5,-28.16978
2797301718.75,-28.17126
2797301875.0,-28.16939
2797302031.25,-28.16934
2797302187.5,-28.16565
2797302343.75,-28.17015
2797302500.0,-28.16916
2797302656.25,-28.16676
2797302812.5,-28.16698
2797302968.75,-28.16585
2797303125.0,-28.16133
2797303281.25,-28.16906
2797303437.5,-28.16477
2797303593.75,-28.15935
2797303750.0,-28.16355
2797303906.25,-28.16427
2797304062.5,-28.16081
2797304218.75,-28.15854
2797304375.0,-28.15836
2797304531.25,-28.16485
2797304687.5,-28.15735
2797304843.75,-28.1587
2797305000.0,-28.15671
2797305156.25,-28.15764
2797305312.5,-28.15595
2797305468.75,-28.15924
2797305625.0,-28.15808
2797305781.25,-28.16237
2797305937.5,-28.15089
2797306093.75,-28.15319
2797306250.0,-28.15693
2797306406.25,-28.15461
2797306562.5,-28.15356
2797306718.75,-28.15045
2797306875.0,-28.15543
2797307031.25,-28.15377
2797307187.5,-28.15422
2797307343.75,-28.14901
2797307500.0,-28.14734
2797307656.25,-28.1512
2797307812.5,-28.15018
2797307968.75,-28.14918
2797308125.0,-28.14976
2797308281.25,-28.14689
2797308437.5,-28.14934
2797308593.75,-28.14747
2797308750.0,-28.14409
2797308906.25,-28.14861
2797309062.5,-28.14737
2797309218.75,-28.14339
2797309375.0,-28.14177
2797309531.25,-28.14081
2797309687.5,-28.14245
2797309843.75,-28.13774
2797310000.0,-28.14678
2797310156.25,-28.14108
2797310312.5,-28.14028
2797310468.75,-28.13639
2797310625.0,-28.14185
2797310781.25,-28.13644
2797310937.5,-28.1358
2797311093.75,-28.13461
2797311250.0,-28.1398
2797311406.25,-28.13764
2797311562.5,-28.13861
2797311718.75,-28.13572
2797311875.0,-28.13465
2797312031.25,-28.13437
2797312187.5,-28.13411
2797312343.75,-28.13428
2797312500.0,-28.13412
2797312656.25,-28.13393
2797312812.5,-28.1323
2797312968.75,-28.12952
2797313125.0,-28.13399
2797313281.25,-28.1309
2797313437.5,-28.12918
2797313593.75,-28.12502
2797313750.0,-28.12732
2797313906.25,-28.12618
2797314062.5,-28.1296
2797314218.75,-28.12761
2797314375.0,-28.12527
2797314531.25,-28.12346
2797314687.5,-28.12427
2797314843.75,-28.12532
2797315000.0,-28.12456
2797315156.25,-28.11878
2797315312.5,-28.12085
2797315468.75,-28.12008
2797315625.0,-28.11615
2797315781.25,-28.11947
2797315937.5,-28.11724
2797316093.75,-28.11838
2797316250.0,-28.11541
2797316406.25,-28.11447
2797316562.5,-28.11816
2797316718.75,-28.11698
2797316875.0,-28.11829
2797317031.25,-28.11726
2797317187.5,-28.11209
2797317343.75,-28.10958
2797317500.0,-28.11156
2797317656.25,-28.11449
2797317812.5,-28.11123
2797317968.75,-28.1143
2797318125.0,-28.10747
2797318281.25,-28.11014
2797318437.5,-28.11064
2797318593.75,-28.10992
2797318750.0,-28.10773
2797318906.25,-28.10996
2797319062.5,-28.10779
2797319218.75,-28.10284
2797319375.0,-28.10534
2797319531.25,-28.1064
2797319687.5,-28.10319
2797319843.75,-28.10512
2797320000.0,-28.10736
2797320156.25,-28.1001
2797320312.5,-28.10636
2797320468.75,-28.10385
2797320625.0,-28.10224
2797320781.25,-28.10151
2797320937.5,-28.09735
2797321093.75,-28.10299
2797321250.0,-28.09735
2797321406.25,-28.10037
2797321562.5,-28.09907
2797321718.75,-28.09819
2797321875.0,-28.09995
2797322031.25,-28.09724
2797322187.5,-28.09242
2797322343.75,-28.09292
2797322500.0,-28.09432
2797322656.25,-28.09238
2797322812.5,-28.09412
2797322968.75,-28.08925
2797323125.0,-28.08902
2797323281.25,-28.08896
2797323437.5,-28.08828
2797323593.75,-28.09267
2797323750.0,-28.08704
2797323906.25,-28.08876
2797324062.5,-28.09065
2797324218.75,-28.08876
2797324375.0,-28.08348
2797324531.25,-28.08767
2797324687.5,-28.08318
2797324843.75,-28.08994
2797325000.0,-28.08635
2797325156.25,-28.0813
2797325312.5,-28.08427
2797325468.75,-28.08824
2797325625.0,-28.08497
2797325781.25,-28.08215
2797325937.5,-28.08132
2797326093.75,-28.08396
2797326250.0,-28.07974
2797326406.25,-28.07805
2797326562.5,-28.07988
2797326718.75,-28.08024
2797326875.0,-28.07722
2797327031.25,-28.0767
2797327187.5,-28.07661
2797327343.75,-28.07994
2797327500.0,-28.07576
2797327656.25,-28.07349
2797327812.5,-28.07347
2797327968.75,-28.07701
2797328125.0,-28.07664
2797328281.25,-28.07384
2797328437.5,-28.07567
2797328593.75,-28.0755
2797328750.0,-28.07561
2797328906.25,-28.07272
2797329062.5,-28.06878
2797329218.75,-28.0684
2797329375.0,-28.07011
2797329531.25,-28.06924
2797329687.5,-28.06888
2797329843.75,-28.06703
2797330000.0,-28.06676
2797330156.25,-28.071
2797330312.5,-28.06519
2797330468.75,-28.06457
2797330625.0,-28.06299
2797330781.25,-28.06276
2797330937.5,-28.07021
2797331093.75,-28.05622
2797331250.0,-28.0578
2797331406.25,-28.06154
2797331562.5,-28.06566
2797331718.75,-28.05887
2797331875.0,-28.05806
2797332031.25,-28.05908
2797332187.5,-28.05839
2797332343.75,-28.05622
2797332500.0,-28.05911
2797332656.25,-28.05567
2797332812.5,-28.05788
2797332968.75,-28.05674
2797333125.0,-28.05446
2797333281.25,-28.05014
2797333437.5,-28.05147
2797333593.75,-28.05054
2797333750.0,-28.05138
2797333906.25,-28.04906
2797334062.5,-28.05052
2797334218.75,-28.05209
2797334375.0,-28.0469
2797334531.25,-28.04902
2797334687.5,-28.04532
2797334843.75,-28.05302
2797335000.0,-28.0489
2797335156.25,-28.04689
2797335312.5,-28.0486
2797335468.75,-28.04856
2797335625.0,-28.04465
2797335781.25,-28.04702
2797335937.5,-28.04299
2797336093.75,-28.04393
2797336250.0,-28.04587
2797336406.25,-28.04734
2797336562.5,-28.04418
2797336718.75,-28.04243
2797336875.0,-28.0425
2797337031.25,-28.03806
2797337187.5,-28.03858
2797337343.75,-28.04089
2797337500.0,-28.03429
2797337656.25,-28.04101
2797337812.5,-28.03884
2797337968.75,-28.03422
2797338125.0,-28.03452
2797338281.25,-28.03415
2797338437.5,-28.03507
2797338593.75,-28.03351
2797338750.0,-28.03556
2797338906.25,-28.03319
2797339062.5,-28.03404
2797339218.75,-28.02939
2797339375.0,-28.03104
2797339531.25,-28.0324
2797339687.5,-28.03098
2797339843.75,-28.03076
2797340000.0,-28.03089
2797340156.25,-28.03612
2797340312.5,-28.02533
2797340468.75,-28.02715
2797340625.0,-28.0285
2797340781.25,-28.02637
2797340937.5,-28.02244
2797341093.75,-28.02519
2797341250.0,-28.02542
2797341406.25,-28.02672
2797341562.5,-28.02209
2797341718.75,-28.02411
2797341875.0,-28.02057
2797342031.25,-28.01874
2797342187.5,-28.02495
2797342343.75,-28.02462
2797342500.0,-28.02195
2797342656.25,-28.02468
2797342812.5,-28.01962
2797342968.75,-28.01663
2797343125.0,-28.01434
2797343281.25,-28.01411
2797343437.5,-28.01806
2797343593.75,-28.01424
2797343750.0,-28.01977
2797343906.25,-28.00978
2797344062.5,-28.01586
2797344218.75,-28.01717
2797344375.0,-28.00975
2797344531.25,-28.00894
2797344687.5,-28.00788
2797344843.75,-28.01095
2797345000.0,-28.01254
2797345156.25,-28.0132
2797345312.5,-28.00501
2797345468.75,-28.0113
2797345625.0,-28.00888
2797345781.25,-28.01143
2797345937.5,-28.00643
2797346093.75,-28.00289
2797346250.0,-28.00745
2797346406.25,-28.00227
2797346562.5,-28.00525
2797346718.75,-28.00451
2797346875.0,-28.00599
2797347031.25,-28.00243
2797347187.5,-27.99797
2797347343.75,-28.00519
2797347500.0,-28.00126
2797347656.25,-27.99951
2797347812.5,-28.00385
2797347968.75,-28.00074
2797348125.0,-27.99469
2797348281.25,-27.99872
2797348437.5,-27.99696
2797348593.75,-27.99999
2797348750.0,-27.99526
2797348906.25,-27.99991
2797349062.5,-28.00044
2797349218.75,-27.99469
2797349375.0,-27.99773
2797349531.25,-27.99253
2797349687.5,-27.99466
2797349843.75,-27.99061
2797350000.0,-27.98904
2797350156.25,-27.98985
2797350312.5,-27.99062
2797350468.75,-27.99236
2797350625.0,-27.99087
2797350781.25,-27.98789
2797350937.5,-27.99221
2797351093.75,-27.98554
2797351250.0,-27.98746
2797351406.25,-27.99012
2797351562.5,-27.98678
2797351718.75,-27.98768
2797351875.0,-27.98674
2797352031.25,-27.98641
2797352187.5,-27.9808
2797352343.75,-27.97947
2797352500.0,-27.98314
2797352656.25,-27.97731
2797352812.5,-27.97708
2797352968.75,-27.98104
2797353125.0,-27.98066
2797353281.25,-27.98161
2797353437.5,-27.9797
2797353593.75,-27.97532
2797353750.0,-27.97898
2797353906.25,-27.97298
2797354062.5,-27.97419
2797354218.75,-27.97753
2797354375.0,-27.97383
2797354531.25,-27.97824
2797354687.5,-27.97247
2797354843.75,-27.97698
2797355000.0,-27.97657
2797355156.25,-27.97494
2797355312.5,-27.96904
2797355468.75,-27.97025
2797355625.0,-27.96494
2797355781.25,-27.96455
2797355937.5,-27.96492
2797356093.75,-27.96661
2797356250.0,-27.97506
2797356406.25,-27.96935
2797356562.5,-27.96643
2797356718.75,-27.96788
2797356875.0,-27.96626
2797357031.25,-27.96667
2797357187.5,-27.97177
2797357343.75,-27.96501
2797357500.0,-27.96043
2797357656.25,-27.95778
2797357812.5,-27.96232
2797357968.75,-27.96563
2797358125.0,-27.96372
2797358281.25,-27.96152
2797358437.5,-27.95863
2797358593.75,-27.96076
2797358750.0,-27.96138
2797358906.25,-27.95427
2797359062.5,-27.95628
2797359218.75,-27.95461
2797359375.0,-27.95477
2797359531.25,-27.95695
2797359687.5,-27.95533
2797359843.75,-27.95483
2797360000.0,-27.95309
2797360156.25,-27.95582
2797360312.5,-27.95172
2797360468.75,-27.95225
2797360625.0,-27.94938
2797360781.25,-27.94937
2797360937.5,-27.95567
2797361093.75,-27.95044
2797361250.0,-27.94691
2797361406.25,-27.9477
2797361562.5,-27.94377
2797361718.75,-27.94706
2797361875.0,-27.94993
2797362031.25,-27.94788
2797362187.5,-27.94652
2797362343.75,-27.94584
2797362500.0,-27.94366
2797362656.25,-27.94526
2797362812.5,-27.94548
2797362968.75,-27.93956
2797363125.0,-27.94394
2797363281.25,-27.944
2797363437.5,-27.94166
2797363593.75,-27.94234
2797363750.0,-27.9372
2797363906.25,-27.93965
2797364062.5,-27.94171
2797364218.75,-27.93784
2797364375.0,-27.93822
2797364531.25,-27.93869
2797364687.5,-27.93748
2797364843.75,-27.93222
2797365000.0,-27.93348
2797365156.25,-27.9393
2797365312.5,-27.93253
2797365468.75,-27.93368
2797365625.0,-27.93819
2797365781.25,-27.93263
2797365937.5,-27.93146
2797366093.75,-27.92885
2797366250.0,-27.93591
2797366406.25,-27.93009
2797366562.5,-27.92753
2797366718.75,-27.93009
2797366875.0,-27.9248
2797367031.25,-27.92823
2797367187.5,-27.92475
2797367343.75,-27.92515
2797367500.0,-27.9245
2797367656.25,-27.92655
2797367812.5,-27.9251
2797367968.75,-27.92583
2797368125.0,-27.92205
2797368281.25,-27.92541
2797368437.5,-27.92474
2797368593.75,-27.9212
2797368750.0,-27.92085
2797368906.25,-27.91927
2797369062.5,-27.91951
2797369218.75,-27.92046
2797369375.0,-27.9221
2797369531.25,-27.92163
2797369687.5,-27.91845
2797369843.75,-27.91928
2797370000.0,-27.92163
2797370156.25,-27.9151
2797370312.5,-27.91369
2797370468.75,-27.91494
2797370625.0,-27.91475
2797370781.25,-27.91765
2797370937.5,-27.91188
2797371093.75,-27.91174
2797371250.0,-27.9077
2797371406.25,-27.91094
2797371562.5,-27.90833
2797371718.75,-27.91405
2797371875.0,-27.90528
2797372031.25,-27.90735
2797372187.5,-27.91055
2797372343.75,-27.90737
2797372500.0,-27.90743
2797372656.25,-27.90978
2797372812.5,-27.90843
2797372968.75,-27.90211
2797373125.0,-27.90671
2797373281.25,-27.90599
2797373437.5,-27.90668
2797373593.75,-27.90144
2797373750.0,-27.90686
2797373906.25,-27.90315
2797374062.5,-27.89771
2797374218.75,-27.90084
2797374375.0,-27.9027
2797374531.25,-27.89868
2797374687.5,-27.89691
2797374843.75,-27.89693
2797375000.0,-27.89944
2797375156.25,-27.89742
2797375312.5,-27.89551
2797375468.75,-27.89624
2797375625.0,-27.89198
2797375781.25,-27.89228
2797375937.5,-27.89339
2797376093.75,-27.89822
2797376250.0,-27.89102
2797376406.25,-27.89171
2797376562.5,-27.89277
2797376718.75,-27.89094
2797376875.0,-27.89132
2797377031.25,-27.89157
2797377187.5,-27.88951
2797377343.75,-27.88629
2797377500.0,-27.88851
2797377656.25,-27.88887
2797377812.5,-27.88443
2797377968.75,-27.88913
2797378125.0,-27.88523
2797378281.25,-27.88564
2797378437.5,-27.88423
2797378593.75,-27.88434
2797378750.0,-27.88141
2797378906.25,-27.8844
2797379062.5,-27.87787
2797379218.75,-27.88148
2797379375.0,-27.88001
2797379531.25,-27.87876
2797379687.5,-27.8774
2797379843.75,-27.88103
2797380000.0,-27.88096
2797380156.25,-27.87636
2797380312.5,-27.8774
2797380468.75,-27.87749
2797380625.0,-27.87648
2797380781.25,-27.87454
2797380937.5,-27.87484
2797381093.75,-27.86931
2797381250.0,-27.87072
2797381406.25,-27.87116
2797381562.5,-27.86797
2797381718.75,-27.87158
2797381875.0,-27.8705
2797382031.25,-27.86781
2797382187.5,-27.87133
2797382343.75,-27.8672
2797382500.0,-27.86823
2797382656.25,-27.8678
2797382812.5,-27.87003
2797382968.75,-27.86777
2797383125.0,-27.86633
2797383281.25,-27.86675
2797383437.5,-27.8632
2797383593.75,-27.86645
2797383750.0,-27.86407
2797383906.25,-27.85717
2797384062.5,-27.86378
2797384218.75,-27.86552
2797384375.0,-27.86457
2797384531.25,-27.86163
2797384687.5,-27.8614
2797384843.75,-27.85844
2797385000.0,-27.85712
2797385156.25,-27.85892
2797385312.5,-27.86013
2797385468.75,-27.85641
2797385625.0,-27.85833
2797385781.25,-27.85499
2797385937.5,-27.85995
2797386093.75,-27.85821
2797386250.0,-27.85948
2797386406.25,-27.85649
2797386562.5,-27.85415
2797386718.75,-27.85438
2797386875.0,-27.8506
2797387031.25,-27.85492
2797387187.5,-27.84984
2797387343.75,-27.85266
2797387500.0,-27.85321
2797387656.25,-27.84776
2797387812.5,-27.84763
2797387968.75,-27.84596
2797388125.0,-27.85078
2797388281.25,-27.84596
2797388437.5,-27.84881
2797388593.75,-27.84657
2797388750.0,-27.84585
2797388906.25,-27.8448
2797389062.5,-27.84407
2797389218.75,-27.84024
2797389375.0,-27.84452
2797389531.25,-27.84477
2797389687.5,-27.84156
2797389843.75,-27.84004
2797390000.0,-27.83973
2797390156.25,-27.84122
2797390312.5,-27.83613
2797390468.75,-27.83786
2797390625.0,-27.83985
2797390781.25,-27.83526
2797390937.5,-27.83843
2797391093.75,-27.83589
2797391250.0,-27.8346
2797391406.25,-27.83673
2797391562.5,-27.8337
2797391718.75,-27.8333
2797391875.0,-27.83192
2797392031.25,-27.83629
2797392187.5,-27.82975
2797392343.75,-27.82887
2797392500.0,-27.83298
2797392656.25,-27.83429
2797392812.5,-27.82716
2797392968.75,-27.83081
2797393125.0,-27.82796
2797393281.25,-27.82997
2797393437.5,-27.82591
2797393593.75,-27.82474
2797393750.0,-27.82605
2797393906.25,-27.82603
2797394062.5,-27.82653
2797394218.75,-27.82383
2797394375.0,-27.82072
2797394531.25,-27.82276
2797394687.5,-27.82549
2797394843.75,-27.82158
2797395000.0,-27.82344
2797395156.25,-27.82317
2797395312.5,-27.81818
2797395468.75,-27.8173
2797395625.0,-27.81884
2797395781.25,-27.81806
2797395937.5,-27.81831
2797396093.75,-27.81666
2797396250.0,-27.81475
2797396406.25,-27.81502
2797396562.5,-27.81437
2797396718.75,-27.81443
2797396875.0,-27.81828
2797397031.25,-27.81324
2797397187.5,-27.81482
2797397343.75,-27.80993
2797397500.0,-27.8112
2797397656.25,-27.81205
2797397812.5,-27.80873
2797397968.75,-27.81142
2797398125.0,-27.81077
2797398281.25,-27.81025
2797398437.5,-27.80793
2797398593.75,-27.80789
2797398750.0,-27.80634
2797398906.25,-27.80781
2797399062.5,-27.80518
2797399218.75,-27.80663
2797399375.0,-27.80433
2797399531.25,-27.80509
2797399687.5,-27.80102
2797399843.75,-27.80291
2797400000.0,-27.80379
2797400156.25,-27.80566
2797400312.5,-27.79819
2797400468.75,-27.80192
2797400625.0,-27.80137
2797400781.25,-27.79928
2797400937.5,-27.79979
2797401093.75,-27.79675
2797401250.0,-27.798
2797401406.25,-27.79674
2797401562.5,-27.79733
2797401718.75,-27.79577
2797401875.0,-27.79975
2797402031.25,-27.79299
2797402187.5,-27.79244
2797402343.75,-27.79606
2797402500.0,-27.79229
2797402656.25,-27.79123
2797402812.5,-27.78852
2797402968.75,-27.79247
2797403125.0,-27.79127
2797403281.25,-27.78994
2797403437.5,-27.78946
2797403593.75,-27.79154
2797403750.0,-27.78894
2797403906.25,-27.78468
2797404062.5,-27.78466
2797404218.75,-27.78504
2797404375.0,-27.78455
2797404531.25,-27.78298
2797404687.5,-27.7859
2797404843.75,-27.78773
2797405000.0,-27.7813
2797405156.25,-27.78135
2797405312.5,-27.78503
2797405468.75,-27.78317
2797405625.0,-27.78105
2797405781.25,-27.7826
2797405937.5,-27.78422
2797406093.75,-27.77995
2797406250.0,-27.776
2797406406.25,-27.78044
2797406562.5,-27.77363
2797406718.75,-27.77566
2797406875.0,-27.77485
2797407031.25,-27.77584
2797407187.5,-27.77682
2797407343.75,-27.77223
2797407500.0,-27.77485
2797407656.25,-27.77189
2797407812.5,-27.77477
2797407968.75,-27.76894
2797408125.0,-27.77036
2797408281.25,-27.76774
2797408437.5,-27.77326
2797408593.75,-27.76846
2797408750.0,-27.76615
2797408906.25,-27.76914
2797409062.5,-27.76893
2797409218.75,-27.7707
2797409375.0,-27.76267
2797409531.25,-27.76849
2797409687.5,-27.76639
2797409843.75,-27.76712
2797410000.0,-27.75721
2797410156.25,-27.76276
2797410312.5,-27.7634
2797410468.75,-27.76157
2797410625.0,-27.76304
2797410781.25,-27.76206
2797410937.5,-27.76173
2797411093.75,-27.75437
2797411250.0,-27.75906
2797411406.25,-27.75839
2797411562.5,-27.75581
2797411718.75,-27.75738
2797411875.0,-27.75773
2797412031.25,-27.75547
2797412187.5,-27.7567
2797412343.75,-27.75317
2797412500.0,-27.7485
2797412656.25,-27.75113
2797412812.5,-27.7566
2797412968.75,-27.75282
2797413125.0,-27.75042
2797413281.25,-27.75638
2797413437.5,-27.74912
2797413593.75,-27.74787
2797413750.0,-27.75223
2797413906.25,-27.7506
2797414062.5,-27.75223
2797414218.75,-27.7453
2797414375.0,-27.75002
2797414531.25,-27.74533
2797414687.5,-27.74516
2797414843.75,-27.74446
2797415000.0,-27.74531
2797415156.25,-27.74663
2797415312.5,-27.74104
2797415468.75,-27.74399
2797415625.0,-27.74405
2797415781.25,-27.73588
2797415937.5,-27.74183
2797416093.75,-27.73802
2797416250.0,-27.7427
2797416406.25,-27.73657
2797416562.5,-27.73942
2797416718.75,-27.7384
2797416875.0,-27.73584
2797417031.25,-27.73782
2797417187.5,-27.73446
2797417343.75,-27.73606
2797417500.0,-27.73619
2797417656.25,-27.73126
2797417812.5,-27.73938
2797417968.75,-27.7324
2797418125.0,-27.73301
2797418281.25,-27.73028
2797418437.5,-27.73067
2797418593.75,-27.73265
2797418750.0,-27.73212
2797418906.25,-27.728
2797419062.5,-27.72948
2797419218.75,-27.72775
2797419375.0,-27.72722
2797419531.25,-27.73058
2797419687.5,-27.72463
2797419843.75,-27.72603
2797420000.0,-27.72694
2797420156.25,-27.72541
2797420312.5,-27.72458
2797420468.75,-27.72329
2797420625.0,-27.72417
2797420781.25,-27.72134
2797420937.5,-27.72309
2797421093.75,-27.72103
2797421250.0,-27.72367
2797421406.25,-27.71952
2797421562.5,-27.72229
2797421718.75,-27.71893
2797421875.0,-27.71591
2797422031.25,-27.71802
2797422187.5,-27.71571
2797422343.75,-27.71524
2797422500.0,-27.71785
2797422656.25,-27.71473
2797422812.5,-27.71351
2797422968.75,-27.71258
2797423125.0,-27.7175
2797423281.25,-27.71421
2797423437.5,-27.71269
2797423593.75,-27.71374
2797423750.0,-27.7114
2797423906.25,-27.71057
2797424062.5,-27.70613
2797424218.75,-27.71107
2797424375.0,-27.70832
2797424531.25,-27.7099
2797424687.5,-27.70374
2797424843.75,-27.70234
2797425000.0,-27.70279
2797425156.25,-27.70269
2797425312.5,-27.70747
2797425468.75,-27.70756
2797425625.0,-27.70097
2797425781.25,-27.70394
2797425937.5,-27.70239
2797426093.75,-27.69492
2797426250.0,-27.70038
2797426406.25,-27.69799
2797426562.5,-27.69845
2797426718.75,-27.69423
2797426875.0,-27.70043
2797427031.25,-27.69736
2797427187.5,-27.69926
2797427343.75,-27.69819
2797427500.0,-27.69489
2797427656.25,-27.69649
2797427812.5,-27.69562
2797427968.75,-27.69515
2797428125.0,-27.69196
2797428281.25,-27.69473
2797428437.5,-27.68991
2797428593.75,-27.69564
2797428750.0,-27.69275
2797428906.25,-27.69329
2797429062.5,-27.68955
2797429218.75,-27.69326
2797429375.0,-27.69104
2797429531.25,-27.69035
2797429687.5,-27.68755
2797429843.75,-27.68925
2797430000.0,-27.69
2797430156.25,-27.68394
2797430312.5,-27.68051
2797430468.75,-27.6843
2797430625.0,-27.68409
2797430781.25,-27.67847
2797430937.5,-27.68147
2797431093.75,-27.68393
2797431250.0,-27.68197
2797431406.25,-27.68118
2797431562.5,-27.67689
2797431718.75,-27.67854
2797431875.0,-27.68191
2797432031.25,-27.6806
2797432187.5,-27.67493
2797432343.75,-27.67802
2797432500.0,-27.67657
2797432656.25,-27.67657
2797432812.5,-27.67488
2797432968.75,-27.67341
2797433125.0,-27.67372
2797433281.25,-27.67099
2797433437.5,-27.67083
2797433593.75,-27.67254
2797433750.0,-27.67497
2797433906.25,-27.67583
2797434062.5,-27.66798
2797434218.75,-27.67395
2797434375.0,-27.66752
2797434531.25,-27.67056
2797434687.5,-27.6707
2797434843.75,-27.66703
2797435000.0,-27.66606
2797435156.25,-27.66976
2797435312.5,-27.66797
2797435468.75,-27.66786
2797435625.0,-27.66522
2797435781.25,-27.66569
2797435937.5,-27.66301
2797436093.75,-27.66281
2797436250.0,-27.66312
2797436406.25,-27.65995
2797436562.5,-27.66042
2797436718.75,-27.66231
2797436875.0,-27.66127
2797437031.25,-27.65802
2797437187.5,-27.65948
2797437343.75,-27.6584
2797437500.0,-27.65854
2797437656.25,-27.65693
2797437812.5,-27.65789
2797437968.75,-27.65512
2797438125.0,-27.65297
2797438281.25,-27.65492
2797438437.5,-27.65639
2797438593.75,-27.64994
2797438750.0,-27.65447
2797438906.25,-27.65138
2797439062.5,-27.65144
2797439218.75,-27.65024
2797439375.0,-27.64719
2797439531.25,-27.65091
2797439687.5,-27.64625
2797439843.75,-27.64809
2797440000.0,-27.64522
2797440156.25,-27.64425
2797440312.5,-27.64961
2797440468.75,-27.64332
2797440625.0,-27.6463
2797440781.25,-27.64559
2797440937.5,-27.64635
2797441093.75,-27.64378
2797441250.0,-27.64645
2797441406.25,-27.64405
2797441562.5,-27.64181
2797441718.75,-27.63912
2797441875.0,-27.64272
2797442031.25,-27.643
2797442187.5,-27.64038
2797442343.75,-27.63812
2797442500.0,-27.63747
2797442656.25,-27.63487
2797442812.5,-27.63981
2797442968.75,-27.63375
2797443125.0,-27.63402
2797443281.25,-27.63675
2797443437.5,-27.63514
2797443593.75,-27.63234
2797443750.0,-27.62747
2797443906.25,-27.6367
2797444062.5,-27.63343
2797444218.75,-27.63094
2797444375.0,-27.62839
2797444531.25,-27.63219
2797444687.5,-27.62498
2797444843.75,-27.62744
2797445000.0,-27.63005
2797445156.25,-27.62907
2797445312.5,-27.62702
2797445468.75,-27.62494
2797445625.0,-27.62748
2797445781.25,-27.62642
2797445937.5,-27.62514
2797446093.75,-27.62808
2797446250.0,-27.6194
2797446406.25,-27.62263
2797446562.5,-27.62263
2797446718.75,-27.62357
2797446875.0,-27.62171
2797447031.25,-27.6202
2797447187.5,-27.61952
2797447343.75,-27.62274
2797447500.0,-27.61911
2797447656.25,-27.61495
2797447812.5,-27.61746
2797447968.75,-27.6156
2797448125.0,-27.61617
2797448281.25,-27.62178
2797448437.5,-27.61784
2797448593.75,-27.61847
2797448750.0,-27.6118
2797448906.25,-27.61321
2797449062.5,-27.61132
2797449218.75,-27.61282
2797449375.0,-27.60806
2797449531.25,-27.61122
2797449687.5,-27.60779
2797449843.75,-27.60913
2797450000.0,-27.60661
2797450156.25,-27.60892
2797450312.5,-27.61063
2797450468.75,-27.6073
2797450625.0,-27.60824
2797450781.25,-27.60714
2797450937.5,-27.60541
2797451093.75,-27.60281
2797451250.0,-27.60839
2797451406.25,-27.60615
2797451562.5,-27.60384
2797451718.75,-27.60127
2797451875.0,-27.59812
2797452031.25,-27.60089
2797452187.5,-27.59867
2797452343.75,-27.5999
2797452500.0,-27.6016
2797452656.25,-27.59855
2797452812.5,-27.59665
2797452968.75,-27.60039
2797453125.0,-27.59711
2797453281.25,-27.59341
2797453437.5,-27.59493
2797453593.75,-27.59572
2797453750.0,-27.59323
2797453906.25,-27.59385
2797454062.5,-27.59138
2797454218.75,-27.59208
2797454375.0,-27.5909
2797454531.25,-27.58867
2797454687.5,-27.58765
2797454843.75,-27.58889
2797455000.0,-27.59134
2797455156.25,-27.58437
2797455312.5,-27.58779
2797455468.75,-27.5865
2797455625.0,-27.58755
2797455781.25,-27.5851
2797455937.5,-27.58528
2797456093.75,-27.58906
2797456250.0,-27.58378
2797456406.25,-27.58398
2797456562.5,-27.58408
2797456718.75,-27.58132
2797456875.0,-27.57731
2797457031.25,-27.58167
2797457187.5,-27.58237
2797457343.75,-27.58058
2797457500.0,-27.58058
2797457656.25,-27.58044
2797457812.5,-27.57884
2797457968.75,-27.57882
2797458125.0,-27.57668
2797458281.25,-27.57442
2797458437.5,-27.57677
2797458593.75,-27.57549
2797458750.0,-27.57417
2797458906.25,-27.56992
2797459062.5,-27.57007
2797459218.75,-27.57167
2797459375.0,-27.57003
2797459531.25,-27.56599
2797459687.5,-27.56944
2797459843.75,-27.56976
2797460000.0,-27.56793
2797460156.25,-27.57016
2797460312.5,-27.56893
2797460468.75,-27.56732
2797460625.0,-27.56274
2797460781.25,-27.56633
2797460937.5,-27.56572
2797461093.75,-27.56658
2797461250.0,-27.56271
2797461406.25,-27.56274
2797461562.5,-27.56365
2797461718.75,-27.56131
2797461875.0,-27.56014
2797462031.25,-27.55639
2797462187.5,-27.56083
2797462343.75,-27.5568
2797462500.0,-27.56282
2797462656.25,-27.55743
2797462812.5,-27.55606
2797462968.75,-27.5582
2797463125.0,-27.55653
2797463281.25,-27.55551
2797463437.5,-27.55455
2797463593.75,-27.5595
2797463750.0,-27.55773
2797463906.25,-27.5541
2797464062.5,-27.55005
2797464218.75,-27.55329
2797464375.0,-27.55577
2797464531.25,-27.55074
2797464687.5,-27.55022
2797464843.75,-27.54904
2797465000.0,-27.54819
2797465156.25,-27.55047
2797465312.5,-27.54879
2797465468.75,-27.54631
2797465625.0,-27.54492
2797465781.25,-27.54747
2797465937.5,-27.54671
2797466093.75,-27.54739
2797466250.0,-27.54425
2797466406.25,-27.54043
2797466562.5,-27.54179
2797466718.75,-27.54058
2797466875.0,-27.54465
2797467031.25,-27.54232
2797467187.5,-27.54138
2797467343.75,-27.53952
2797467500.0,-27.54362
2797467656.25,-27.54155
2797467812.5,-27.53715
2797467968.75,-27.54047
2797468125.0,-27.54227
2797468281.25,-27.53765
2797468437.5,-27.53834
2797468593.75,-27.53647
2797468750.0,-27.53489
2797468906.25,-27.5352
2797469062.5,-27.53201
2797469218.75,-27.53138
2797469375.0,-27.53344
2797469531.25,-27.53643
2797469687.5,-27.52973
2797469843.75,-27.5295
2797470000.0,-27.52821
2797470156.25,-27.52564
2797470312.5,-27.5284
2797470468.75,-27.5296
2797470625.0,-27.52488
2797470781.25,-27.52996
2797470937.5,-27.52411
2797471093.75,-27.52623
2797471250.0,-27.52564
2797471406.25,-27.52485
2797471562.5,-27.52527
2797471718.75,-27.52756
2797471875.0,-27.52622
2797472031.25,-27.52056
2797472187.5,-27.52015
2797472343.75,-27.52274
2797472500.0,-27.52195
2797472656.25,-27.51892
2797472812.5,-27.51788
2797472968.75,-27.51752
2797473125.0,-27.51258
2797473281.25,-27.51663
2797473437.5,-27.51598
2797473593.75,-27.51643
2797473750.0,-27.5184
2797473906.25,-27.51357
2797474062.5,-27.51536
2797474218.75,-27.51315
2797474375.0,-27.51717
2797474531.25,-27.51054
2797474687.5,-27.5092
2797474843.75,-27.51375
2797475000.0,-27.51181
2797475156.25,-27.50863
2797475312.5,-27.50554
2797475468.75,-27.51081
2797475625.0,-27.5085
2797475781.25,-27.50729
2797475937.5,-27.50625
2797476093.75,-27.5058
2797476250.0,-27.50697
2797476406.25,-27.50559
2797476562.5,-27.50541
2797476718.75,-27.50403
2797476875.0,-27.50214
2797477031.25,-27.50438
2797477187.5,-27.50398
2797477343.75,-27.50698
2797477500.0,-27.50594
2797477656.25,-27.4966
2797477812.5,-27.49905
2797477968.75,-27.5016
2797478125.0,-27.50066
2797478281.25,-27.49513
2797478437.5,-27.49491
2797478593.75,-27.49962
2797478750.0,-27.49871
2797478906.25,-27.49325
2797479062.5,-27.4934
2797479218.75,-27.49305
2797479375.0,-27.49469
2797479531.25,-27.48837
2797479687.5,-27.49362
2797479843.75,-27.49369
2797480000.0,-27.48988
2797480156.25,-27.48747
2797480312.5,-27.4895
2797480468.75,-27.48921
2797480625.0,-27.4882
2797480781.25,-27.48769
2797480937.5,-27.49189
2797481093.75,-27.48616
2797481250.0,-27.47879
2797481406.25,-27.48893
2797481562.5,-27.48146
2797481718.75,-27.48552
2797481875.0,-27.48248
2797482031.25,-27.48304
2797482187.5,-27.48293
2797482343.75,-27.47966
2797482500.0,-27.47859
2797482656.25,-27.47971
2797482812.5,-27.47765
2797482968.75,-27.47616
2797483125.0,-27.48107
2797483281.25,-27.47528
2797483437.5,-27.48068
2797483593.75,-27.47648
2797483750.0,-27.47949
2797483906.25,-27.47401
2797484062.5,-27.47191
2797484218.75,-27.47329
2797484375.0,-27.47118
2797484531.25,-27.47266
2797484687.5,-27.47227
2797484843.75,-27.47269
2797485000.0,-27.47322
2797485156.25,-27.46999
2797485312.5,-27.47196
2797485468.75,-27.47373
2797485625.0,-27.46885
2797485781.25,-27.46728
2797485937.5,-27.46992
2797486093.75,-27.46861
2797486250.0,-27.46667
2797486406.25,-27.46687
2797486562.5,-27.46593
2797486718.75,-27.46158
2797486875.0,-27.46221
2797487031.25,-27.46634
2797487187.5,-27.45984
2797487343.75,-27.46327
2797487500.0,-27.45779
2797487656.25,-27.45908
2797487812.5,-27.45944
2797487968.75,-27.4603
2797488125.0,-27.45846
2797488281.25,-27.45716
2797488437.5,-27.45854
2797488593.75,-27.45554
2797488750.0,-27.45249
2797488906.25,-27.45469
2797489062.5,-27.45952
2797489218.75,-27.454
2797489375.0,-27.45278
2797489531.25,-27.4533
2797489687.5,-27.45335
2797489843.75,-27.45392
2797490000.0,-27.45061
2797490156.25,-27.44699
2797490312.5,-27.45231
2797490468.75,-27.44903
2797490625.0,-27.44679
2797490781.25,-27.4498
2797490937.5,-27.44763
2797491093.75,-27.44665
2797491250.0,-27.44903
2797491406.25,-27.45114
2797491562.5,-27.44864
2797491718.75,-27.43991
2797491875.0,-27.44246
2797492031.25,-27.44135
2797492187.5,-27.44007
2797492343.75,-27.44968
2797492500.0,-27.44098
2797492656.25,-27.44172
2797492812.5,-27.44292
2797492968.75,-27.43634
2797493125.0,-27.43685
2797493281.25,-27.43649
2797493437.5,-27.43511
2797493593.75,-27.43198
2797493750.0,-27.43461
2797493906.25,-27.43638
2797494062.5,-27.43399
2797494218.75,-27.43269
2797494375.0,-27.43594
2797494531.25,-27.43303
2797494687.5,-27.43072
2797494843.75,-27.43366
2797495000.0,-27.4324
2797495156.25,-27.43216
2797495312.5,-27.42844
2797495468.75,-27.42737
2797495625.0,-27.42663
2797495781.25,-27.42885
2797495937.5,-27.42872
2797496093.75,-27.42497
2797496250.0,-27.42773
2797496406.25,-27.42189
2797496562.5,-27.42337
2797496718.75,-27.42868
2797496875.0,-27.42249
2797497031.25,-27.42216
2797497187.5,-27.42352
2797497343.75,-27.41596
2797497500.0,-27.42029
2797497656.25,-27.41923
2797497812.5,-27.41956
2797497968.75,-27.41939
2797498125.0,-27.41904
2797498281.25,-27.42249
2797498437.5,-27.41802
2797498593.75,-27.4151
2797498750.0,-27.41572
2797498906.25,-27.41295
2797499062.5,-27.41511
2797499218.75,-27.41368
2797499375.0,-27.41452
2797499531.25,-27.41148
2797499687.5,-27.41239
2797499843.75,-27.40903
2797500000.0,-27.41459
2797500156.25,-27.41362
2797500312.5,-27.41071
2797500468.75,-27.40928
2797500625.0,-27.41057
2797500781.25,-27.40502
2797500937.5,-27.40861
2797501093.75,-27.40472
2797501250.0,-27.40297
2797501406.25,-27.40429
2797501562.5,-27.40264
2797501718.75,-27.40198
2797501875.0,-27.40362
2797502031.25,-27.40453
2797502187.5,-27.40437
2797502343.75,-27.40291
2797502500.0,-27.39994
2797502656.25,-27.40152
2797502812.5,-27.40106
2797502968.75,-27.40301
2797503125.0,-27.39662
2797503281.25,-27.39744
2797503437.5,-27.39592
2797503593.75,-27.39319
2797503750.0,-27.39472
2797503906.25,-27.39343
2797504062.5,-27.39398
2797504218.75,-27.39318
2797504375.0,-27.39381
2797504531.25,-27.39415
2797504687.5,-27.39287
2797504843.75,-27.39324
2797505000.0,-27.39034
2797505156.25,-27.38917
2797505312.5,-27.38861
2797505468.75,-27.38825
2797505625.0,-27.3891
2797505781.25,-27.39043
2797505937.5,-27.3875
2797506093.75,-27.38838
2797506250.0,-27.39008
2797506406.25,-27.38632
2797506562.5,-27.38401
2797506718.75,-27.38435
2797506875.0,-27.37988
2797507031.25,-27.38269
2797507187.5,-27.38177
2797507343.75,-27.38105
2797507500.0,-27.37974
2797507656.25,-27.37894
2797507812.5,-27.37958
2797507968.75,-27.3799
2797508125.0,-27.37726
2797508281.25,-27.37816
2797508437.5,-27.3793
2797508593.75,-27.37515
2797508750.0,-27.37463
2797508906.25,-27.37397
2797509062.5,-27.3774
2797509218.75,-27.37508
2797509375.0,-27.37328
2797509531.25,-27.38045
2797509687.5,-27.36858
2797509843.75,-27.37083
2797510000.0,-27.37441
2797510156.25,-27.37088
2797510312.5,-27.36848
2797510468.75,-27.36684
2797510625.0,-27.37242
2797510781.25,-27.37077
2797510937.5,-27.37025
2797511093.75,-27.36854
2797511250.0,-27.36599
2797511406.25,-27.36421
2797511562.5,-27.3624
2797511718.75,-27.36394
2797511875.0,-27.35874
2797512031.25,-27.36578
2797512187.5,-27.36304
2797512343.75,-27.36206
2797512500.0,-27.36361
2797512656.25,-27.35889
2797512812.5,-27.35902
2797512968.75,-27.35689
2797513125.0,-27.36259
2797513281.25,-27.3536
2797513437.5,-27.35951
2797513593.75,-27.35839
2797513750.0,-27.35724
2797513906.25,-27.35763
2797514062.5,-27.35599
2797514218.75,-27.35319
2797514375.0,-27.34981
2797514531.25,-27.35579
2797514687.5,-27.35555
2797514843.75,-27.35152
2797515000.0,-27.34838
2797515156.25,-27.351
2797515312.5,-27.35167
2797515468.75,-27.34801
2797515625.0,-27.34672
2797515781.25,-27.34874
2797515937.5,-27.34646
2797516093.75,-27.34235
2797516250.0,-27.34249
2797516406.25,-27.34716
2797516562.5,-27.34466
2797516718.75,-27.34239
2797516875.0,-27.34458
2797517031.25,-27.34205
2797517187.5,-27.33915
2797517343.75,-27.34068
2797517500.0,-27.34139
2797517656.25,-27.34232
2797517812.5,-27.33726
2797517968.75,-27.3433
2797518125.0,-27.34035
2797518281.25,-27.33847
2797518437.5,-27.33556
2797518593.75,-27.33917
2797518750.0,-27.33638
2797518906.25,-27.33706
2797519062.5,-27.33525
2797519218.75,-27.3339
2797519375.0,-27.33322
2797519531.25,-27.33008
2797519687.5,-27.3267
2797519843.75,-27.33263
2797520000.0,-27.33022
2797520156.25,-27.33199
2797520312.5,-27.33009
2797520468.75,-27.3268
2797520625.0,-27.32697
2797520781.25,-27.32484
2797520937.5,-27.32852
2797521093.75,-27.32468
2797521250.0,-27.32586
2797521406.25,-27.32956
2797521562.5,-27.32312
2797521718.75,-27.32576
2797521875.0,-27.32515
2797522031.25,-27.31836
2797522187.5,-27.32117
2797522343.75,-27.32676
2797522500.0,-27.32143
2797522656.25,-27.32038
2797522812.5,-27.3205
2797522968.75,-27.31854
2797523125.0,-27.31678
2797523281.25,-27.31411
2797523437.5,-27.32131
2797523593.75,-27.31378
2797523750.0,-27.3122
2797523906.25,-27.31715
2797524062.5,-27.31166
2797524218.75,-27.31416
2797524375.0,-27.31276
2797524531.25,-27.31475
2797524687.5,-27.31126
2797524843.75,-27.30964
2797525000.0,-27.31047
2797525156.25,-27.30562
2797525312.5,-27.30451
2797525468.75,-27.30717
2797525625.0,-27.3109
2797525781.25,-27.31043
2797525937.5,-27.3041
2797526093.75,-27.30593
2797526250.0,-27.30416
2797526406.25,-27.30573
2797526562.5,-27.30363
2797526718.75,-27.3036
2797526875.0,-27.30335
2797527031.25,-27.30267
2797527187.5,-27.30093
2797527343.75,-27.30056
2797527500.0,-27.3006
2797527656.25,-27.30184
2797527812.5,-27.29907
2797527968.75,-27.30161
2797528125.0,-27.29888
2797528281.25,-27.29628
2797528437.5,-27.29467
2797528593.75,-27.29368
2797528750.0,-27.29357
2797528906.25,-27.29458
2797529062.5,-27.29114
2797529218.75,-27.29506
2797529375.0,-27.28961
2797529531.25,-27.28941
2797529687.5,-27.29309
2797529843.75,-27.28951
2797530000.0,-27.29148
2797530156.25,-27.29264
2797530312.5,-27.28622
2797530468.75,-27.28212
2797530625.0,-27.28391
2797530781.25,-27.29029
2797530937.5,-27.28737
2797531093.75,-27.29043
2797531250.0,-27.28323
2797531406.25,-27.28191
2797531562.5,-27.28308
2797531718.75,-27.27971
2797531875.0,-27.28062
2797532031.25,-27.28274
2797532187.5,-27.28215
2797532343.75,-27.28351
2797532500.0,-27.28022
2797532656.25,-27.27842
2797532812.5,-27.28012
2797532968.75,-27.27891
2797533125.0,-27.27921
2797533281.25,-27.27814
2797533437.5,-27.2765
2797533593.75,-27.27076
2797533750.0,-27.27479
2797533906.25,-27.27534
2797534062.5,-27.2704
2797534218.75,-27.27567
2797534375.0,-27.26798
2797534531.25,-27.26956
2797534687.5,-27.27162
2797534843.75,-27.27257
2797535000.0,-27.27316
2797535156.25,-27.27185
2797535312.5,-27.26346
2797535468.75,-27.26654
2797535625.0,-27.26424
2797535781.25,-27.27028
2797535937.5,-27.26481
2797536093.75,-27.26627
2797536250.0,-27.26436
2797536406.25,-27.2655
2797536562.5,-27.26159
2797536718.75,-27.26226
2797536875.0,-27.26622
2797537031.25,-27.26089
2797537187.5,-27.25937
2797537343.75,-27.26751
2797537500.0,-27.26068
2797537656.25,-27.25883
2797537812.5,-27.25568
2797537968.75,-27.25964
2797538125.0,-27.25868
2797538281.25,-27.25622
2797538437.5,-27.25309
2797538593.75,-27.25512
2797538750.0,-27.25641
2797538906.25,-27.25411
2797539062.5,-27.25451
2797539218.75,-27.25133
2797539375.0,-27.2527
2797539531.25,-27.24956
2797539687.5,-27.25239
2797539843.75,-27.2555
2797540000.0,-27.24707
2797540156.25,-27.24813
2797540312.5,-27.24492
2797540468.75,-27.24749
2797540625.0,-27.24457
2797540781.25,-27.24624
2797540937.5,-27.24315
2797541093.75,-27.24372
2797541250.0,-27.24073
2797541406.25,-27.2451
2797541562.5,-27.24352
2797541718.75,-27.24498
2797541875.0,-27.24535
2797542031.25,-27.23934
2797542187.5,-27.23466
2797542343.75,-27.23937
2797542500.0,-27.2401
2797542656.25,-27.23895
2797542812.5,-27.2381
2797542968.75,-27.23812
2797543125.0,-27.24274
2797543281.25,-27.23751
2797543437.5,-27.23882
2797543593.75,-27.23959
2797543750.0,-27.23271
2797543906.25,-27.23037
2797544062.5,-27.22829
2797544218.75,-27.2315
2797544375.0,-27.23032
2797544531.25,-27.23212
2797544687.5,-27.23319
2797544843.75,-27.22731
2797545000.0,-27.2282
2797545156.25,-27.23021
2797545312.5,-27.22614
2797545468.75,-27.22669
2797545625.0,-27.22637
2797545781.25,-27.22487
2797545937.5,-27.22012
2797546093.75,-27.22618
2797546250.0,-27.22172
2797546406.25,-27.22441
2797546562.5,-27.22013
2797546718.75,-27.2199
2797546875.0,-27.21978
2797547031.25,-27.22554
2797547187.5,-27.21949
2797547343.75,-27.22099
2797547500.0,-27.2208
2797547656.25,-27.21812
2797547812.5,-27.21608
2797547968.75,-27.21738
2797548125.0,-27.21463
2797548281.25,-27.21371
2797548437.5,-27.21697
2797548593.75,-27.21587
2797548750.0,-27.21513
2797548906.25,-27.21518
2797549062.5,-27.212
2797549218.75,-27.21329
2797549375.0,-27.2127
2797549531.25,-27.21076
2797549687.5,-27.21241
2797549843.75,-27.20613
2797550000.0,-27.20752
2797550156.25,-27.20527
2797550312.5,-27.20475
2797550468.75,-27.20452
2797550625.0,-27.20645
2797550781.25,-27.20624
2797550937.5,-27.20166
2797551093.75,-27.20239
2797551250.0,-27.19949
2797551406.25,-27.20397
2797551562.5,-27.20222
2797551718.75,-27.20225
2797551875.0,-27.20405
2797552031.25,-27.20407
2797552187.5,-27.19794
2797552343.75,-27.19826
2797552500.0,-27.1975
2797552656.25,-27.19736
2797552812.5,-27.19741
2797552968.75,-27.19439
2797553125.0,-27.19654
2797553281.25,-27.19785
2797553437.5,-27.19496
2797553593.75,-27.19186
2797553750.0,-27.1958
2797553906.25,-27.19063
2797554062.5,-27.1931
2797554218.75,-27.19028
2797554375.0,-27.19034
2797554531.25,-27.19114
2797554687.5,-27.19369
2797554843.75,-27.18819
2797555000.0,-27.18712
2797555156.25,-27.18886
2797555312.5,-27.18488
2797555468.75,-27.18539
2797555625.0,-27.18858
2797555781.25,-27.18263
2797555937.5,-27.18077
2797556093.75,-27.18668
2797556250.0,-27.1837
2797556406.25,-27.18486
2797556562.5,-27.18227
2797556718.75,-27.18128
2797556875.0,-27.17793
2797557031.25,-27.18034
2797557187.5,-27.18161
2797557343.75,-27.17961
2797557500.0,-27.17423
2797557656.25,-27.18044
2797557812.5,-27.18078
2797557968.75,-27.17702
2797558125.0,-27.17685
2797558281.25,-27.17401
2797558437.5,-27.17424
2797558593.75,-27.17377
2797558750.0,-27.17295
2797558906.25,-27.17305
2797559062.5,-27.17034
2797559218.75,-27.17451
2797559375.0,-27.17199
2797559531.25,-27.16808
2797559687.5,-27.16842
2797559843.75,-27.16579
2797560000.0,-27.16688
2797560156.25,-27.16389
2797560312.5,-27.16598
2797560468.75,-27.16496
2797560625.0,-27.16332
2797560781.25,-27.16565
2797560937.5,-27.16436
2797561093.75,-27.16327
2797561250.0,-27.16322
2797561406.25,-27.16215
2797561562.5,-27.15999
2797561718.75,-27.16105
2797561875.0,-27.16051
2797562031.25,-27.16071
2797562187.5,-27.15504
2797562343.75,-27.15836
2797562500.0,-27.15648
2797562656.25,-27.15848
2797562812.5,-27.15567
2797562968.75,-27.15469
2797563125.0,-27.16114
2797563281.25,-27.15528
2797563437.5,-27.1524
2797563593.75,-27.15291
2797563750.0,-27.15379
2797563906.25,-27.15368
2797564062.5,-27.15131
2797564218.75,-27.14858
2797564375.0,-27.15089
2797564531.25,-27.15139
2797564687.5,-27.14624
2797564843.75,-27.14823
2797565000.0,-27.14609
2797565156.25,-27.14994
2797565312.5,-27.14777
2797565468.75,-27.14676
2797565625.0,-27.14408
2797565781.25,-27.14467
2797565937.5,-27.1471
2797566093.75,-27.14216
2797566250.0,-27.1403
2797566406.25,-27.13921
2797566562.5,-27.14051
2797566718.75,-27.13979
2797566875.0,-27.14126
2797567031.25,-27.14161
2797567187.5,-27.13883
2797567343.75,-27.13464
2797567500.0,-27.13393
2797567656.25,-27.13568
2797567812.5,-27.13522
2797567968.75,-27.13291
2797568125.0,-27.12992
2797568281.25,-27.1338
2797568437.5,-27.13136
2797568593.75,-27.13113
2797568750.0,-27.12682
2797568906.25,-27.1304
2797569062.5,-27.12911
2797569218.75,-27.12875
2797569375.0,-27.12926
2797569531.25,-27.12922
2797569687.5,-27.12652
2797569843.75,-27.12963
2797570000.0,-27.12407
2797570156.25,-27.12745
2797570312.5,-27.12543
2797570468.75,-27.1256
2797570625.0,-27.1219
2797570781.25,-27.11926
2797570937.5,-27.12125
2797571093.75,-27.12103
2797571250.0,-27.11655
2797571406.25,-27.12604
2797571562.5,-27.11968
2797571718.75,-27.12058
2797571875.0,-27.12028
2797572031.25,-27.11989
2797572187.5,-27.12263
2797572343.75,-27.11384
2797572500.0,-27.11413
2797572656.25,-27.1139
2797572812.5,-27.11504
2797572968.75,-27.11481
2797573125.0,-27.11341
2797573281.25,-27.1166
2797573437.5,-27.11391
2797573593.75,-27.1108
2797573750.0,-27.1076
2797573906.25,-27.1119
2797574062.5,-27.10357
2797574218.75,-27.10878
2797574375.0,-27.10448
2797574531.25,-27.10621
2797574687.5,-27.10913
2797574843.75,-27.10709
2797575000.0,-27.10436
2797575156.25,-27.10517
2797575312.5,-27.10482
2797575468.75,-27.10302
2797575625.0,-27.10554
2797575781.25,-27.10367
2797575937.5,-27.09888
2797576093.75,-27.09888
2797576250.0,-27.10447
2797576406.25,-27.09792
2797576562.5,-27.10224
2797576718.75,-27.09018
2797576875.0,-27.09792
2797577031.25,-27.09543
2797577187.5,-27.09501
2797577343.75,-27.09477
2797577500.0,-27.09368
2797577656.25,-27.09454
2797577812.5,-27.09416
2797577968.75,-27.09407
2797578125.0,-27.09225
2797578281.25,-27.09299
2797578437.5,-27.09244
2797578593.75,-27.08989
2797578750.0,-27.09144
2797578906.25,-27.0903
2797579062.5,-27.08927
2797579218.75,-27.08809
2797579375.0,-27.08309
2797579531.25,-27.09021
2797579687.5,-27.08515
2797579843.75,-27.08159
2797580000.0,-27.08456
2797580156.25,-27.07955
2797580312.5,-27.08369
2797580468.75,-27.08064
2797580625.0,-27.07733
2797580781.25,-27.08038
2797580937.5,-27.07846
2797581093.75,-27.08396
2797581250.0,-27.08324
2797581406.25,-27.08113
2797581562.5,-27.07976
2797581718.75,-27.07708
2797581875.0,-27.08006
2797582031.25,-27.0775
2797582187.5,-27.07236
2797582343.75,-27.07787
2797582500.0,-27.07699
2797582656.25,-27.07249
2797582812.5,-27.07408
2797582968.75,-27.07117
2797583125.0,-27.0689
2797583281.25,-27.06877
2797583437.5,-27.07401
2797583593.75,-27.07107
2797583750.0,-27.06999
2797583906.25,-27.06927
2797584062.5,-27.06951
2797584218.75,-27.06836
2797584375.0,-27.06823
2797584531.25,-27.06473
2797584687.5,-27.06235
2797584843.75,-27.06398
2797585000.0,-27.06137
2797585156.25,-27.06392
2797585312.5,-27.0635
2797585468.75,-27.06355
2797585625.0,-27.0579
2797585781.25,-27.06409
2797585937.5,-27.05984
2797586093.75,-27.05808
2797586250.0,-27.06272
2797586406.25,-27.05649
2797586562.5,-27.0595
2797586718.75,-27.05499
2797586875.0,-27.05831
2797587031.25,-27.05701
2797587187.5,-27.05309
2797587343.75,-27.0534
2797587500.0,-27.05173
2797587656.25,-27.05517
2797587812.5,-27.05103
2797587968.75,-27.04943
2797588125.0,-27.05247
2797588281.25,-27.04887
2797588437.5,-27.0491
2797588593.75,-27.04629
2797588750.0,-27.0487
2797588906.25,-27.04854
2797589062.5,-27.04593
2797589218.75,-27.04889
2797589375.0,-27.04592
2797589531.25,-27.0465
2797589687.5,-27.04202
2797589843.75,-27.04359
2797590000.0,-27.04176
2797590156.25,-27.04063
2797590312.5,-27.04468
2797590468.75,-27.03943
2797590625.0,-27.03696
2797590781.25,-27.04119
2797590937.5,-27.03924
2797591093.75,-27.03496
2797591250.0,-27.03586
2797591406.25,-27.03803
2797591562.5,-27.0373
2797591718.75,-27.03379
2797591875.0,-27.03461
2797592031.25,-27.03473
2797592187.5,-27.03602
2797592343.75,-27.03278
2797592500.0,-27.03436
2797592656.25,-27.03171
2797592812.5,-27.03093
2797592968.75,-27.03072
2797593125.0,-27.03156
2797593281.25,-27.02886
2797593437.5,-27.03116
2797593593.75,-27.03006
2797593750.0,-27.02744
2797593906.25,-27.02438
2797594062.5,-27.02838
2797594218.75,-27.0256
2797594375.0,-27.02531
2797594531.25,-27.02669
2797594687.5,-27.02451
2797594843.75,-27.027
2797595000.0,-27.02367
2797595156.25,-27.01906
2797595312.5,-27.02185
2797595468.75,-27.01847
2797595625.0,-27.02034
2797595781.25,-27.01797
2797595937.5,-27.01623
2797596093.75,-27.01946
2797596250.0,-27.015
2797596406.25,-27.01856
2797596562.5,-27.01793
2797596718.75,-27.01335
2797596875.0,-27.01416
2797597031.25,-27.01202
2797597187.5,-27.01615
2797597343.75,-27.00861
2797597500.0,-27.00646
2797597656.25,-27.01318
2797597812.5,-27.01021
2797597968.75,-27.00738
2797598125.0,-27.00808
2797598281.25,-27.00664
2797598437.5,-27.01236
2797598593.75,-27.0116
2797598750.0,-27.00443
2797598906.25,-27.0083
2797599062.5,-27.00583
2797599218.75,-27.00059
2797599375.0,-27.00188
2797599531.25,-27.0021
2797599687.5,-27.00057
2797599843.75,-27.00434
2797600000.0,-27.00046
2797600156.25,-26.99952
2797600312.5,-27.00133
2797600468.75,-27.00307
2797600625.0,-26.99532
2797600781.25,-26.99759
2797600937.5,-26.99414
2797601093.75,-26.99739
2797601250.0,-26.9927
2797601406.25,-26.99268
2797601562.5,-26.99076
2797601718.75,-26.99275
2797601875.0,-26.99125
2797602031.25,-26.98961
2797602187.5,-26.99724
2797602343.75,-26.98812
2797602500.0,-26.99212
2797602656.25,-26.98843
2797602812.5,-26.99304
2797602968.75,-26.98758
2797603125.0,-26.98985
2797603281.25,-26.98437
2797603437.5,-26.98732
2797603593.75,-26.98752
2797603750.0,-26.98475
2797603906.25,-26.98431
2797604062.5,-26.9842
2797604218.75,-26.98294
2797604375.0,-26.97971
2797604531.25,-26.98088
2797604687.5,-26.98109
2797604843.75,-26.97845
2797605000.0,-26.9804
2797605156.25,-26.97946
2797605312.5,-26.97613
2797605468.75,-26.97917
2797605625.0,-26.97577
2797605781.25,-26.97477
2797605937.5,-26.97525
2797606093.75,-26.9755
2797606250.0,-26.97358
2797606406.25,-26.97568
2797606562.5,-26.97114
2797606718.75,-26.97349
2797606875.0,-26.96906
2797607031.25,-26.97068
2797607187.5,-26.97193
2797607343.75,-26.97113
2797607500.0,-26.96511
2797607656.25,-26.97022
2797607812.5,-26.96958
2797607968.75,-26.96564
2797608125.0,-26.96874
2797608281.25,-26.96713
2797608437.5,-26.96169
2797608593.75,-26.96078
2797608750.0,-26.96081
2797608906.25,-26.9643
2797609062.5,-26.96787
2797609218.75,-26.96432
2797609375.0,-26.9611
2797609531.25,-26.96318
2797609687.5,-26.96017
2797609843.75,-26.96042
2797610000.0,-26.95792
2797610156.25,-26.96408
2797610312.5,-26.95925
2797610468.75,-26.95488
2797610625.0,-26.9556
2797610781.25,-26.95682
2797610937.5,-26.95355
2797611093.75,-26.95449
2797611250.0,-26.95219
2797611406.25,-26.95339
2797611562.5,-26.95204
2797611718.75,-26.95092
2797611875.0,-26.95164
2797612031.25,-26.95084
2797612187.5,-26.94429
2797612343.75,-26.94945
2797612500.0,-26.94965
2797612656.25,-26.94924
2797612812.5,-26.95119
2797612968.75,-26.94493
2797613125.0,-26.94129
2797613281.25,-26.9454
2797613437.5,-26.94644
2797613593.75,-26.94187
2797613750.0,-26.94414
2797613906.25,-26.94384
2797614062.5,-26.93959
2797614218.75,-26.93851
2797614375.0,-26.9394
2797614531.25,-26.93794
2797614687.5,-26.93856
2797614843.75,-26.93375
2797615000.0,-26.93994
2797615156.25,-26.9377
2797615312.5,-26.93802
2797615468.75,-26.93703
2797615625.0,-26.93595
2797615781.25,-26.93507
2797615937.5,-26.93479
2797616093.75,-26.93482
2797616250.0,-26.92791
2797616406.25,-26.93034
2797616562.5,-26.92899
2797616718.75,-26.93616
2797616875.0,-26.92901
2797617031.25,-26.93112
2797617187.5,-26.92771
2797617343.75,-26.92781
2797617500.0,-26.92932
2797617656.25,-26.92793
2797617812.5,-26.92599
2797617968.75,-26.92752
2797618125.0,-26.92635
2797618281.25,-26.92661
2797618437.5,-26.92252
2797618593.75,-26.92473
2797618750.0,-26.92377
2797618906.25,-26.92031
2797619062.5,-26.91891
2797619218.75,-26.92082
2797619375.0,-26.92112
2797619531.25,-26.92245
2797619687.5,-26.92546
2797619843.75,-26.91806
2797620000.0,-26.9157
2797620156.25,-26.91466
2797620312.5,-26.91353
2797620468.75,-26.91566
2797620625.0,-26.91471
2797620781.25,-26.91068
2797620937.5,-26.91261
2797621093.75,-26.91129
2797621250.0,-26.9159
2797621406.25,-26.91202
2797621562.5,-26.90808
2797621718.75,-26.91195
2797621875.0,-26.90776
2797622031.25,-26.90743
2797622187.5,-26.90537
2797622343.75,-26.9044
2797622500.0,-26.90904
2797622656.25,-26.90812
2797622812.5,-26.90435
2797622968.75,-26.90328
2797623125.0,-26.89913
2797623281.25,-26.90377
2797623437.5,-26.90305
2797623593.75,-26.9013
2797623750.0,-26.90332
2797623906.25,-26.89985
2797624062.5,-26.89891
2797624218.75,-26.90324
2797624375.0,-26.89792
2797624531.25,-26.89645
2797624687.5,-26.89639
2797624843.75,-26.89756
2797625000.0,-26.89649
2797625156.25,-26.89918
2797625312.5,-26.89371
2797625468.75,-26.89316
2797625625.0,-26.89411
2797625781.25,-26.88713
2797625937.5,-26.88965
2797626093.75,-26.89253
2797626250.0,-26.88465
2797626406.25,-26.88866
2797626562.5,-26.89133
2797626718.75,-26.88745
2797626875.0,-26.88735
2797627031.25,-26.88593
2797627187.5,-26.88826
2797627343.75,-26.88776
2797627500.0,-26.88498
2797627656.25,-26.88496
2797627812.5,-26.88438
2797627968.75,-26.88511
2797628125.0,-26.8827
2797628281.25,-26.88334
2797628437.5,-26.87839
2797628593.75,-26.88129
2797628750.0,-26.88161
2797628906.25,-26.87688
2797629062.5,-26.87848
2797629218.75,-26.87985
2797629375.0,-26.87402
2797629531.25,-26.87515
2797629687.5,-26.88019
2797629843.75,-26.87661
2797630000.0,-26.86969
2797630156.25,-26.87232
2797630312.5,-26.8773
2797630468.75,-26.87137
2797630625.0,-26.86937
2797630781.25,-26.86948
2797630937.5,-26.87016
2797631093.75,-26.86992
2797631250.0,-26.8721
2797631406.25,-26.87007
2797631562.5,-26.86649
2797631718.75,-26.86938
2797631875.0,-26.86533
2797632031.25,-26.86471
2797632187.5,-26.86374
2797632343.75,-26.86396
2797632500.0,-26.86077
2797632656.25,-26.86227
2797632812.5,-26.86399
2797632968.75,-26.86303
2797633125.0,-26.86135
2797633281.25,-26.85916
2797633437.5,-26.86234
2797633593.75,-26.8609
2797633750.0,-26.86112
2797633906.25,-26.85151
2797634062.5,-26.8592
2797634218.75,-26.85597
2797634375.0,-26.85717
2797634531.25,-26.85509
2797634687.5,-26.85631
2797634843.75,-26.85568
2797635000.0,-26.85047
2797635156.25,-26.85329
2797635312.5,-26.84999
2797635468.75,-26.85411
2797635625.0,-26.85229
2797635781.25,-26.84683
2797635937.5,-26.84609
2797636093.75,-26.84985
2797636250.0,-26.85174
2797636406.25,-26.84383
2797636562.5,-26.84669
2797636718.75,-26.84117
2797636875.0,-26.83974
2797637031.25,-26.84229
2797637187.5,-26.84219
2797637343.75,-26.84535
2797637500.0,-26.84332
2797637656.25,-26.84607
2797637812.5,-26.84185
2797637968.75,-26.84091
2797638125.0,-26.8421
2797638281.25,-26.84269
2797638437.5,-26.83871
2797638593.75,-26.83724
2797638750.0,-26.84229
2797638906.25,-26.83741
2797639062.5,-26.83591
2797639218.75,-26.83631
2797639375.0,-26.8348
2797639531.25,-26.8335
2797639687.5,-26.83087
2797639843.75,-26.83127
2797640000.0,-26.8318
2797640156.25,-26.83157
2797640312.5,-26.83018
2797640468.75,-26.82879
2797640625.0,-26.83193
2797640781.25,-26.82423
2797640937.5,-26.82974
2797641093.75,-26.82673
2797641250.0,-26.82718
2797641406.25,-26.82363
2797641562.5,-26.82587
2797641718.75,-26.82469
2797641875.0,-26.82714
2797642031.25,-26.8247
2797642187.5,-26.81988
2797642343.75,-26.82453
2797642500.0,-26.81835
2797642656.25,-26.8229
2797642812.5,-26.82139
2797642968.75,-26.8184
2797643125.0,-26.81624
2797643281.25,-26.8176
2797643437.5,-26.81938
2797643593.75,-26.81825
2797643750.0,-26.8145
2797643906.25,-26.81406
2797644062.5,-26.81404
2797644218.75,-26.8127
2797644375.0,-26.81457
2797644531.25,-26.8131
2797644687.5,-26.81261
2797644843.75,-26.81185
2797645000.0,-26.81133
2797645156.25,-26.81104
2797645312.5,-26.81168
2797645468.75,-26.81014
2797645625.0,-26.80544
2797645781.25,-26.80658
2797645937.5,-26.81048
2797646093.75,-26.80515
2797646250.0,-26.80437
2797646406.25,-26.8032
2797646562.5,-26.80104
2797646718.75,-26.80275
2797646875.0,-26.80313
2797647031.25,-26.80345
2797647187.5,-26.80218
2797647343.75,-26.80161
2797647500.0,-26.79654
2797647656.25,-26.79267
2797647812.5,-26.79759
2797647968.75,-26.79661
2797648125.0,-26.79391
2797648281.25,-26.79699
2797648437.5,-26.79511
2797648593.75,-26.79294
2797648750.0,-26.79544
2797648906.25,-26.79116
2797649062.5,-26.79389
2797649218.75,-26.78999
2797649375.0,-26.78942
2797649531.25,-26.79133
2797649687.5,-26.79132
2797649843.75,-26.7918
2797650000.0,-26.79049
2797650156.25,-26.78706
2797650312.5,-26.78944
2797650468.75,-26.78462
2797650625.0,-26.78612
2797650781.25,-26.78432
2797650937.5,-26.78632
2797651093.75,-26.78524
2797651250.0,-26.78102
2797651406.25,-26.78248
2797651562.5,-26.78456
2797651718.75,-26.78236
2797651875.0,-26.78224
2797652031.25,-26.78033
2797652187.5,-26.77791
2797652343.75,-26.77992
2797652500.0,-26.77865
2797652656.25,-26.77584
2797652812.5,-26.77885
2797652968.75,-26.77482
2797653125.0,-26.77207
2797653281.25,-26.77455
2797653437.5,-26.77
2797653593.75,-26.77088
2797653750.0,-26.77345
2797653906.25,-26.77228
2797654062.5,-26.77026
2797654218.75,-26.77064
2797654375.0,-26.77125
2797654531.25,-26.76961
2797654687.5,-26.7671
2797654843.75,-26.76424
2797655000.0,-26.76854
2797655156.25,-26.76628
2797655312.5,-26.76813
2797655468.75,-26.76735
2797655625.0,-26.75845
2797655781.25,-26.7642
2797655937.5,-26.76035
2797656093.75,-26.76554
2797656250.0,-26.7612
2797656406.25,-26.76146
2797656562.5,-26.76004
2797656718.75,-26.76073
2797656875.0,-26.75701
2797657031.25,-26.75483
2797657187.5,-26.75986
2797657343.75,-26.75324
2797657500.0,-26.75298
2797657656.25,-26.75623
2797657812.5,-26.75501
2797657968.75,-26.75265
2797658125.0,-26.75308
2797658281.25,-26.75472
2797658437.5,-26.75417
2797658593.75,-26.75077
2797658750.0,-26.74914
2797658906.25,-26.7507
2797659062.5,-26.75138
2797659218.75,-26.74799
2797659375.0,-26.74983
2797659531.25,-26.74636
2797659687.5,-26.74967
2797659843.75,-26.74986
2797660000.0,-26.74544
2797660156.25,-26.74454
2797660312.5,-26.743
2797660468.75,-26.74531
2797660625.0,-26.74129
2797660781.25,-26.7426
2797660937.5,-26.74286
2797661093.75,-26.74225
2797661250.0,-26.74309
2797661406.25,-26.7421
2797661562.5,-26.74317
2797661718.75,-26.73809
2797661875.0,-26.73736
2797662031.25,-26.73656
2797662187.5,-26.73507
2797662343.75,-26.73401
2797662500.0,-26.73244
2797662656.25,-26.73457
2797662812.5,-26.73735
2797662968.75,-26.73284
2797663125.0,-26.729
2797663281.25,-26.73093
2797663437.5,-26.73255
2797663593.75,-26.72941
2797663750.0,-26.72828
2797663906.25,-26.72705
2797664062.5,-26.72878
2797664218.75,-26.72889
2797664375.0,-26.7292
2797664531.25,-26.72944
2797664687.5,-26.72453
2797664843.75,-26.72537
2797665000.0,-26.7266
2797665156.25,-26.72365
2797665312.5,-26.72488
2797665468.75,-26.72087
2797665625.0,-26.72192
2797665781.25,-26.71749
2797665937.5,-26.71992
2797666093.75,-26.71618
2797666250.0,-26.72017
2797666406.25,-26.71772
2797666562.5,-26.71468
2797666718.75,-26.71769
2797666875.0,-26.71711
2797667031.25,-26.71244
2797667187.5,-26.71063
2797667343.75,-26.71294
2797667500.0,-26.71105
2797667656.25,-26.71621
2797667812.5,-26.71158
2797667968.75,-26.71413
2797668125.0,-26.71397
2797668281.25,-26.71119
2797668437.5,-26.70765
2797668593.75,-26.70645
2797668750.0,-26.70868
2797668906.25,-26.70801
2797669062.5,-26.70484
2797669218.75,-26.70617
2797669375.0,-26.70613
2797669531.25,-26.70394
2797669687.5,-26.70803
2797669843.75,-26.7022
2797670000.0,-26.70135
2797670156.25,-26.69984
2797670312.5,-26.69993
2797670468.75,-26.70075
2797670625.0,-26.69914
2797670781.25,-26.69913
2797670937.5,-26.69946
2797671093.75,-26.70184
2797671250.0,-26.69725
2797671406.25,-26.69277
2797671562.5,-26.69718
2797671718.75,-26.69715
2797671875.0,-26.69391
2797672031.25,-26.69423
2797672187.5,-26.69673
2797672343.75,-26.69018
2797672500.0,-26.68987
2797672656.25,-26.69347
2797672812.5,-26.6917
2797672968.75,-26.68912
2797673125.0,-26.69036
2797673281.25,-26.68837
2797673437.5,-26.68914
2797673593.75,-26.68818
2797673750.0,-26.6869
2797673906.25,-26.68398
2797674062.5,-26.68651
2797674218.75,-26.68211
2797674375.0,-26.68166
2797674531.25,-26.68201
2797674687.5,-26.6843
2797674843.75,-26.67773
2797675000.0,-26.68054
2797675156.25,-26.67997
2797675312.5,-26.68021
2797675468.75,-26.678
2797675625.0,-26.67977
2797675781.25,-26.67667
2797675937.5,-26.67424
2797676093.75,-26.67758
2797676250.0,-26.67395
2797676406.25,-26.67165
2797676562.5,-26.67367
2797676718.75,-26.67316
2797676875.0,-26.67209
2797677031.25,-26.67421
2797677187.5,-26.66964
2797677343.75,-26.66823
2797677500.0,-26.66711
2797677656.25,-26.66725
2797677812.5,-26.66849
2797677968.75,-26.67198
2797678125.0,-26.66534
2797678281.25,-26.66468
2797678437.5,-26.66222
2797678593.75,-26.66595
2797678750.0,-26.66219
2797678906.25,-26.66566
2797679062.5,-26.66118
2797679218.75,-26.66472
2797679375.0,-26.66488
2797679531.25,-26.65842
2797679687.5,-26.65978
2797679843.75,-26.65785
2797680000.0,-26.65871
2797680156.25,-26.65654
2797680312.5,-26.6558
2797680468.75,-26.65873
2797680625.0,-26.65588
2797680781.25,-26.6569
2797680937.5,-26.6516
2797681093.75,-26.65462
2797681250.0,-26.65513
2797681406.25,-26.65388
2797681562.5,-26.65284
2797681718.75,-26.64956
2797681875.0,-26.65284
2797682031.25,-26.65064
2797682187.5,-26.64655
2797682343.75,-26.64841
2797682500.0,-26.65041
2797682656.25,-26.64474
2797682812.5,-26.64825
2797682968.75,-26.6466
2797683125.0,-26.64591
2797683281.25,-26.64686
2797683437.5,-26.64375
2797683593.75,-26.64252
2797683750.0,-26.64556
2797683906.25,-26.64301
2797684062.5,-26.64402
2797684218.75,-26.63669
2797684375.0,-26.63951
2797684531.25,-26.63996
2797684687.5,-26.63654
2797684843.75,-26.63534
2797685000.0,-26.63619
2797685156.25,-26.63851
2797685312.5,-26.63498
2797685468.75,-26.63455
2797685625.0,-26.63381
2797685781.25,-26.63089
2797685937.5,-26.63297
2797686093.75,-26.63143
2797686250.0,-26.63053
2797686406.25,-26.6318
2797686562.5,-26.63091
2797686718.75,-26.63099
2797686875.0,-26.62705
2797687031.25,-26.63081
2797687187.5,-26.6241
2797687343.75,-26.62504
2797687500.0,-26.62566
2797687656.25,-26.62624
2797687812.5,-26.62371
2797687968.75,-26.62317
2797688125.0,-26.62469
2797688281.25,-26.62376
2797688437.5,-26.62402
2797688593.75,-26.62062
2797688750.0,-26.61829
2797688906.25,-26.61786
2797689062.5,-26.61896
2797689218.75,-26.61716
2797689375.0,-26.61522
2797689531.25,-26.61676
2797689687.5,-26.61505
2797689843.75,-26.61532
2797690000.0,-26.61868
2797690156.25,-26.61368
2797690312.5,-26.61276
2797690468.75,-26.61334
2797690625.0,-26.61158
2797690781.25,-26.60928
2797690937.5,-26.61122
2797691093.75,-26.61069
2797691250.0,-26.60795
2797691406.25,-26.60954
2797691562.5,-26.60769
2797691718.75,-26.60859
2797691875.0,-26.60928
2797692031.25,-26.60626
2797692187.5,-26.60533
2797692343.75,-26.60507
2797692500.0,-26.60465
2797692656.25,-26.60724
2797692812.5,-26.60205
2797692968.75,-26.60333
2797693125.0,-26.60143
2797693281.25,-26.6006
2797693437.5,-26.60022
2797693593.75,-26.59775
2797693750.0,-26.59829
2797693906.25,-26.5977
2797694062.5,-26.60068
2797694218.75,-26.59705
2797694375.0,-26.59663
2797694531.25,-26.59246
2797694687.5,-26.59389
2797694843.75,-26.59274
2797695000.0,-26.59565
2797695156.25,-26.59337
2797695312.5,-26.59278
2797695468.75,-26.58791
2797695625.0,-26.58961
2797695781.25,-26.59026
2797695937.5,-26.58664
2797696093.75,-26.58872
2797696250.0,-26.58604
2797696406.25,-26.58879
2797696562.5,-26.58614
2797696718.75,-26.58292
2797696875.0,-26.58317
2797697031.25,-26.58249
2797697187.5,-26.5805
2797697343.75,-26.58072
2797697500.0,-26.58403
2797697656.25,-26.57834
2797697812.5,-26.58274
2797697968.75,-26.57859
2797698125.0,-26.57711
2797698281.25,-26.57769
2797698437.5,-26.57973
2797698593.75,-26.57862
2797698750.0,-26.57395
2797698906.25,-26.57495
2797699062.5,-26.57442
2797699218.75,-26.57511
2797699375.0,-26.57553
2797699531.25,-26.57129
2797699687.5,-26.57616
2797699843.75,-26.57506
2797700000.0,-26.56937
2797700156.25,-26.57078
2797700312.5,-26.56853
2797700468.75,-26.5654
2797700625.0,-26.57015
2797700781.25,-26.56482
2797700937.5,-26.56758
2797701093.75,-26.56894
2797701250.0,-26.56906
2797701406.25,-26.5645
2797701562.5,-26.56337
2797701718.75,-26.56397
2797701875.0,-26.56421
2797702031.25,-26.56453
2797702187.5,-26.56016
2797702343.75,-26.56372
2797702500.0,-26.55551
2797702656.25,-26.55726
2797702812.5,-26.55707
2797702968.75,-26.55495
2797703125.0,-26.55487
2797703281.25,-26.55629
2797703437.5,-26.55377
2797703593.75,-26.55223
2797703750.0,-26.55685
2797703906.25,-26.55348
2797704062.5,-26.55207
2797704218.75,-26.55382
2797704375.0,-26.55599
2797704531.25,-26.55063
2797704687.5,-26.55223
2797704843.75,-26.54475
2797705000.0,-26.54994
2797705156.25,-26.54945
2797705312.5,-26.5505
2797705468.75,-26.54889
2797705625.0,-26.54548
2797705781.25,-26.54953
2797705937.5,-26.54684
2797706093.75,-26.5462
2797706250.0,-26.54012
2797706406.25,-26.54368
2797706562.5,-26.53912
2797706718.75,-26.54043
2797706875.0,-26.54098
2797707031.25,-26.54358
2797707187.5,-26.53807
2797707343.75,-26.54005
2797707500.0,-26.53522
2797707656.25,-26.53597
2797707812.5,-26.5356
2797707968.75,-26.53677
2797708125.0,-26.53214
2797708281.25,-26.53648
2797708437.5,-26.53354
2797708593.75,-26.53138
2797708750.0,-26.53194
2797708906.25,-26.53154
2797709062.5,-26.53198
2797709218.75,-26.52982
2797709375.0,-26.52969
2797709531.25,-26.52906
2797709687.5,-26.52863
2797709843.75,-26.52664
2797710000.0,-26.52936
2797710156.25,-26.5266
2797710312.5,-26.52435
2797710468.75,-26.52654
2797710625.0,-26.52443
2797710781.25,-26.52107
2797710937.5,-26.52313
2797711093.75,-26.52109
2797711250.0,-26.52028
2797711406.25,-26.51885
2797711562.5,-26.51898
2797711718.75,-26.52132
2797711875.0,-26.52026
2797712031.25,-26.51859
2797712187.5,-26.51902
2797712343.75,-26.5187
2797712500.0,-26.51657
2797712656.25,-26.51375
2797712812.5,-26.51201
2797712968.75,-26.51219
2797713125.0,-26.51541
2797713281.25,-26.51204
2797713437.5,-26.51132
2797713593.75,-26.51204
2797713750.0,-26.51168
2797713906.25,-26.51089
2797714062.5,-26.51205
2797714218.75,-26.51209
2797714375.0,-26.50892
2797714531.25,-26.50699
2797714687.5,-26.50568
2797714843.75,-26.50689
2797715000.0,-26.50546
2797715156.25,-26.50554
2797715312.5,-26.50597
2797715468.75,-26.5017
2797715625.0,-26.49993
2797715781.25,-26.50462
2797715937.5,-26.50372
2797716093.75,-26.49826
2797716250.0,-26.49593
2797716406.25,-26.49962
2797716562.5,-26.49694
2797716718.75,-26.49581
2797716875.0,-26.49422
2797717031.25,-26.49487
2797717187.5,-26.49896
2797717343.75,-26.49202
2797717500.0,-26.49618
2797717656.25,-26.49242
2797717812.5,-26.4925
2797717968.75,-26.49337
2797718125.0,-26.4952
2797718281.25,-26.48896
2797718437.5,-26.48776
2797718593.75,-26.4869
2797718750.0,-26.48705
2797718906.25,-26.48472
2797719062.5,-26.48677
2797719218.75,-26.48906
2797719375.0,-26.48395
2797719531.25,-26.48069
2797719687.5,-26.48164
2797719843.75,-26.4827
2797720000.0,-26.48176
2797720156.25,-26.47935
2797720312.5,-26.48519
2797720468.75,-26.48159
2797720625.0,-26.47872
2797720781.25,-26.47833
2797720937.5,-26.48065
2797721093.75,-26.47776
2797721250.0,-26.47516
2797721406.25,-26.47656
2797721562.5,-26.47698
2797721718.75,-26.47368
2797721875.0,-26.47443
2797722031.25,-26.47549
2797722187.5,-26.47356
2797722343.75,-26.47111
2797722500.0,-26.46989
2797722656.25,-26.47025
2797722812.5,-26.46849
2797722968.75,-26.47162
2797723125.0,-26.47078
2797723281.25,-26.46772
2797723437.5,-26.46614
2797723593.75,-26.46862
2797723750.0,-26.46331
2797723906.25,-26.46552
2797724062.5,-26.46425
2797724218.75,-26.46403
2797724375.0,-26.46282
2797724531.25,-26.45713
2797724687.5,-26.46238
2797724843.75,-26.46049
2797725000.0,-26.46547
2797725156.25,-26.46277
2797725312.5,-26.46049
2797725468.75,-26.45837
2797725625.0,-26.45626
2797725781.25,-26.45744
2797725937.5,-26.4564
2797726093.75,-26.4587
2797726250.0,-26.45646
2797726406.25,-26.45542
2797726562.5,-26.45433
2797726718.75,-26.449
2797726875.0,-26.45067
2797727031.25,-26.44977
2797727187.5,-26.44764
2797727343.75,-26.44791
2797727500.0,-26.44826
2797727656.25,-26.44774
2797727812.5,-26.44926
2797727968.75,-26.44368
2797728125.0,-26.44561
2797728281.25,-26.44621
2797728437.5,-26.44215
2797728593.75,-26.44548
2797728750.0,-26.44481
2797728906.25,-26.44616
2797729062.5,-26.44031
2797729218.75,-26.43982
2797729375.0,-26.44155
2797729531.25,-26.44133
2797729687.5,-26.43811
2797729843.75,-26.43705
2797730000.0,-26.43742
2797730156.25,-26.44122
2797730312.5,-26.43325
2797730468.75,-26.43657
2797730625.0,-26.43545
2797730781.25,-26.43365
2797730937.5,-26.43155
2797731093.75,-26.4319
2797731250.0,-26.4318
2797731406.25,-26.43097
2797731562.5,-26.43275
2797731718.75,-26.42786
2797731875.0,-26.4309
2797732031.25,-26.43145
2797732187.5,-26.43214
2797732343.75,-26.4261
2797732500.0,-26.42585
2797732656.25,-26.4236
2797732812.5,-26.42648
2797732968.75,-26.42561
2797733125.0,-26.42366
2797733281.25,-26.42223
2797733437.5,-26.42454
2797733593.75,-26.42099
2797733750.0,-26.42172
2797733906.25,-26.42147
2797734062.5,-26.42048
2797734218.75,-26.41872
2797734375.0,-26.41627
2797734531.25,-26.42172
2797734687.5,-26.4172
2797734843.75,-26.41881
2797735000.0,-26.41399
2797735156.25,-26.41432
2797735312.5,-26.41453
2797735468.75,-26.41299
2797735625.0,-26.41286
2797735781.25,-26.41185
2797735937.5,-26.41142
2797736093.75,-26.41074
2797736250.0,-26.41108
2797736406.25,-26.41185
2797736562.5,-26.4107
2797736718.75,-26.41014
2797736875.0,-26.40748
2797737031.25,-26.40348
2797737187.5,-26.40447
2797737343.75,-26.40784
2797737500.0,-26.40281
2797737656.25,-26.40371
2797737812.5,-26.40307
2797737968.75,-26.4003
2797738125.0,-26.40187
2797738281.25,-26.39889
2797738437.5,-26.39873
2797738593.75,-26.39811
2797738750.0,-26.40038
2797738906.25,-26.39974
2797739062.5,-26.39438
2797739218.75,-26.3987
2797739375.0,-26.39552
2797739531.25,-26.39272
2797739687.5,-26.39268
2797739843.75,-26.39322
2797740000.0,-26.39274
2797740156.25,-26.39275
2797740312.5,-26.39341
2797740468.75,-26.39111
2797740625.0,-26.38851
2797740781.25,-26.39253
2797740937.5,-26.39006
2797741093.75,-26.38693
2797741250.0,-26.38713
2797741406.25,-26.38592
2797741562.5,-26.38343
2797741718.75,-26.38358
2797741875.0,-26.38597
2797742031.25,-26.3839
2797742187.5,-26.38367
2797742343.75,-26.38462
2797742500.0,-26.38472
2797742656.25,-26.38199
2797742812.5,-26.37965
2797742968.75,-26.38041
2797743125.0,-26.38256
2797743281.25,-26.37608
2797743437.5,-26.37576
2797743593.75,-26.37513
2797743750.0,-26.3756
2797743906.25,-26.37915
2797744062.5,-26.37029
2797744218.75,-26.37611
2797744375.0,-26.37282
2797744531.25,-26.37198
2797744687.5,-26.37571
2797744843.75,-26.3685
2797745000.0,-26.37245
2797745156.25,-26.37116
2797745312.5,-26.36948
2797745468.75,-26.36759
2797745625.0,-26.36745
2797745781.25,-26.3676
2797745937.5,-26.36829
2797746093.75,-26.36285
2797746250.0,-26.36499
2797746406.25,-26.36624
2797746562.5,-26.36167
2797746718.75,-26.36399
2797746875.0,-26.36102
2797747031.25,-26.36305
2797747187.5,-26.36259
2797747343.75,-26.36169
2797747500.0,-26.35819
2797747656.25,-26.35922
2797747812.5,-26.35636
2797747968.75,-26.35412
2797748125.0,-26.35336
2797748281.25,-26.35686
2797748437.5,-26.35403
2797748593.75,-26.35397
2797748750.0,-26.35126
2797748906.25,-26.35243
2797749062.5,-26.35417
2797749218.75,-26.35224
2797749375.0,-26.35297
2797749531.25,-26.34704
2797749687.5,-26.34808
2797749843.75,-26.34772
2797750000.0,-26.35066
2797750156.25,-26.34816
2797750312.5,-26.34396
2797750468.75,-26.34643
2797750625.0,-26.34484
2797750781.25,-26.3452
2797750937.5,-26.3422
2797751093.75,-26.34059
2797751250.0,-26.34198
2797751406.25,-26.34262
2797751562.5,-26.3394
2797751718.75,-26.33895
2797751875.0,-26.3385
2797752031.25,-26.33919
2797752187.5,-26.33524
2797752343.75,-26.33683
2797752500.0,-26.34094
2797752656.25,-26.33467
2797752812.5,-26.33652
2797752968.75,-26.33535
2797753125.0,-26.33486
2797753281.25,-26.33582
2797753437.5,-26.33251
2797753593.75,-26.32994
2797753750.0,-26.33125
2797753906.25,-26.3305
2797754062.5,-26.32661
2797754218.75,-26.32971
2797754375.0,-26.32946
2797754531.25,-26.32542
2797754687.5,-26.32557
2797754843.75,-26.32534
2797755000.0,-26.3237
2797755156.25,-26.32603
2797755312.5,-26.32243
2797755468.75,-26.32281
2797755625.0,-26.32334
2797755781.25,-26.32241
2797755937.5,-26.3215
2797756093.75,-26.32074
2797756250.0,-26.31967
2797756406.25,-26.31871
2797756562.5,-26.31697
2797756718.75,-26.3164
2797756875.0,-26.31927
2797757031.25,-26.31588
2797757187.5,-26.31612
2797757343.75,-26.31409
2797757500.0,-26.31343
2797757656.25,-26.31273
2797757812.5,-26.31067
2797757968.75,-26.3125
2797758125.0,-26.31512
2797758281.25,-26.30779
2797758437.5,-26.31276
2797758593.75,-26.30942
2797758750.0,-26.30656
2797758906.25,-26.30953
2797759062.5,-26.30333
2797759218.75,-26.30329
2797759375.0,-26.30815
2797759531.25,-26.30409
2797759687.5,-26.30758
2797759843.75,-26.30438
2797760000.0,-26.30149
2797760156.25,-26.3009
2797760312.5,-26.30367
2797760468.75,-26.30039
2797760625.0,-26.29729
2797760781.25,-26.29692
2797760937.5,-26.30229
2797761093.75,-26.29424
2797761250.0,-26.29582
2797761406.25,-26.29524
2797761562.5,-26.29484
2797761718.75,-26.29321
2797761875.0,-26.29485
2797762031.25,-26.29335
2797762187.5,-26.2958
2797762343.75,-26.29303
2797762500.0,-26.29125
2797762656.25,-26.28946
2797762812.5,-26.28933
2797762968.75,-26.2867
2797763125.0,-26.28777
2797763281.25,-26.29076
2797763437.5,-26.28458
2797763593.75,-26.28427
2797763750.0,-26.28469
2797763906.25,-26.28619
2797764062.5,-26.28229
2797764218.75,-26.28188
2797764375.0,-26.28192
2797764531.25,-26.2819
2797764687.5,-26.28563
2797764843.75,-26.28152
2797765000.0,-26.27961
2797765156.25,-26.28164
2797765312.5,-26.27411
2797765468.75,-26.27901
2797765625.0,-26.27653
2797765781.25,-26.28062
2797765937.5,-26.27753
2797766093.75,-26.27507
2797766250.0,-26.27619
2797766406.25,-26.27168
2797766562.5,-26.27639
2797766718.75,-26.26912
2797766875.0,-26.27109
2797767031.25,-26.27136
2797767187.5,-26.26752
2797767343.75,-26.26721
2797767500.0,-26.26828
2797767656.25,-26.27006
2797767812.5,-26.27031
2797767968.75,-26.26699
2797768125.0,-26.26811
2797768281.25,-26.2653
2797768437.5,-26.26707
2797768593.75,-26.26521
2797768750.0,-26.26101
2797768906.25,-26.26703
2797769062.5,-26.26176
2797769218.75,-26.25633
2797769375.0,-26.25848
2797769531.25,-26.26073
2797769687.5,-26.26063
2797769843.75,-26.25562
2797770000.0,-26.25986
2797770156.25,-26.25689
2797770312.5,-26.25704
2797770468.75,-26.25462
2797770625.0,-26.25323
2797770781.25,-26.255
2797770937.5,-26.25392
2797771093.75,-26.24991
2797771250.0,-26.252
2797771406.25,-26.24996
2797771562.5,-26.24731
2797771718.75,-26.25355
2797771875.0,-26.25035
2797772031.25,-26.24629
2797772187.5,-26.24349
2797772343.75,-26.24452
2797772500.0,-26.24597
2797772656.25,-26.2471
2797772812.5,-26.24331
2797772968.75,-26.24316
2797773125.0,-26.24493
2797773281.25,-26.24433
2797773437.5,-26.24313
2797773593.75,-26.24291
2797773750.0,-26.24024
2797773906.25,-26.23979
2797774062.5,-26.23705
2797774218.75,-26.23516
2797774375.0,-26.2359
2797774531.25,-26.23887
2797774687.5,-26.23824
2797774843.75,-26.23726
2797775000.0,-26.23534
2797775156.25,-26.23347
2797775312.5,-26.23509
2797775468.75,-26.23169
2797775625.0,-26.23162
2797775781.25,-26.23066
2797775937.5,-26.22687
2797776093.75,-26.22955
2797776250.0,-26.22573
2797776406.25,-26.2276
2797776562.5,-26.22488
2797776718.75,-26.22941
2797776875.0,-26.22779
2797777031.25,-26.22449
2797777187.5,-26.22227
2797777343.75,-26.22768
2797777500.0,-26.22106
2797777656.25,-26.22262
2797777812.5,-26.21904
2797777968.75,-26.22005
2797778125.0,-26.22108
2797778281.25,-26.21814
2797778437.5,-26.21848
2797778593.75,-26.21819
2797778750.0,-26.2137
2797778906.25,-26.21676
2797779062.5,-26.2145
2797779218.75,-26.21563
2797779375.0,-26.21451
2797779531.25,-26.21454
2797779687.5,-26.21374
2797779843.75,-26.21166
2797780000.0,-26.21027
2797780156.25,-26.20781
2797780312.5,-26.20898
2797780468.75,-26.21034
2797780625.0,-26.20761
2797780781.25,-26.20684
2797780937.5,-26.20539
2797781093.75,-26.20532
2797781250.0,-26.20766
2797781406.25,-26.20538
2797781562.5,-26.20412
2797781718.75,-26.202
2797781875.0,-26.19895
2797782031.25,-26.20509
2797782187.5,-26.20173
2797782343.75,-26.19721
2797782500.0,-26.19927
2797782656.25,-26.20003
2797782812.5,-26.19986
2797782968.75,-26.19874
2797783125.0,-26.19756
2797783281.25,-26.19534
2797783437.5,-26.19021
2797783593.75,-26.19473
2797783750.0,-26.1937
2797783906.25,-26.19537
2797784062.5,-26.19198
2797784218.75,-26.19209
2797784375.0,-26.19091
2797784531.25,-26.18866
2797784687.5,-26.18924
2797784843.75,-26.18693
2797785000.0,-26.18846
2797785156.25,-26.18808
2797785312.5,-26.18706
2797785468.75,-26.18806
2797785625.0,-26.18536
2797785781.25,-26.18541
2797785937.5,-26.18089
2797786093.75,-26.18187
2797786250.0,-26.18059
2797786406.25,-26.18055
2797786562.5,-26.18229
2797786718.75,-26.18164
2797786875.0,-26.18212
2797787031.25,-26.18025
2797787187.5,-26.18056
2797787343.75,-26.17545
2797787500.0,-26.17833
2797787656.25,-26.17682
2797787812.5,-26.17851
2797787968.75,-26.17363
2797788125.0,-26.17291
2797788281.25,-26.17337
2797788437.5,-26.17137
2797788593.75,-26.17331
2797788750.0,-26.17057
2797788906.25,-26.17002
2797789062.5,-26.1668
2797789218.75,-26.16825
2797789375.0,-26.16805
2797789531.25,-26.16583
2797789687.5,-26.16674
2797789843.75,-26.16924
2797790000.0,-26.16739
2797790156.25,-26.16131
2797790312.5,-26.16125
2797790468.75,-26.16183
2797790625.0,-26.16033
2797790781.25,-26.16265
2797790937.5,-26.15988
2797791093.75,-26.16021
2797791250.0,-26.15882
2797791406.25,-26.16113
2797791562.5,-26.15764
2797791718.75,-26.15617
2797791875.0,-26.15635
2797792031.25,-26.15734
2797792187.5,-26.15565
2797792343.75,-26.1505
2797792500.0,-26.15423
2797792656.25,-26.15065
2797792812.5,-26.15142
2797792968.75,-26.15454
2797793125.0,-26.15091
2797793281.25,-26.14958
2797793437.5,-26.14619
2797793593.75,-26.14742
2797793750.0,-26.14753
2797793906.25,-26.14818
2797794062.5,-26.1469
2797794218.75,-26.14654
2797794375.0,-26.14825
2797794531.25,-26.14437
2797794687.5,-26.14418
2797794843.75,-26.1416
2797795000.0,-26.14499
2797795156.25,-26.14218
2797795312.5,-26.1418
2797795468.75,-26.13958
2797795625.0,-26.14423
2797795781.25,-26.13893
2797795937.5,-26.1352
2797796093.75,-26.13688
2797796250.0,-26.13604
2797796406.25,-26.13441
2797796562.5,-26.13226
2797796718.75,-26.13712
2797796875.0,-26.13356
2797797031.25,-26.13307
2797797187.5,-26.13336
2797797343.75,-26.13184
2797797500.0,-26.13051
2797797656.25,-26.13117
2797797812.5,-26.12634
2797797968.75,-26.12707
2797798125.0,-26.1293
2797798281.25,-26.12717
2797798437.5,-26.12561
2797798593.75,-26.12641
2797798750.0,-26.12243
2797798906.25,-26.12381
2797799062.5,-26.12388
2797799218.75,-26.12077
2797799375.0,-26.12104
2797799531.25,-26.12204
2797799687.5,-26.1204
2797799843.75,-26.11971
2797800000.0,-26.11756
2797800156.25,-26.11669
2797800312.5,-26.1174
2797800468.75,-26.11587
2797800625.0,-26.11746
2797800781.25,-26.11394
2797800937.5,-26.11554
2797801093.75,-26.11566
2797801250.0,-26.11209
2797801406.25,-26.11294
2797801562.5,-26.11134
2797801718.75,-26.11218
2797801875.0,-26.11208
2797802031.25,-26.10642
2797802187.5,-26.10691
2797802343.75,-26.11134
2797802500.0,-26.10435
2797802656.25,-26.1082
2797802812.5,-26.10684
2797802968.75,-26.10747
2797803125.0,-26.10519
2797803281.25,-26.10206
2797803437.5,-26.10394
2797803593.75,-26.10282
2797803750.0,-26.10052
2797803906.25,-26.10136
2797804062.5,-26.09995
2797804218.75,-26.10073
2797804375.0,-26.09882
2797804531.25,-26.09692
2797804687.5,-26.09763
2797804843.75,-26.09295
2797805000.0,-26.09664
2797805156.25,-26.0931
2797805312.5,-26.09458
2797805468.75,-26.09445
2797805625.0,-26.09387
2797805781.25,-26.0921
2797805937.5,-26.09006
2797806093.75,-26.08948
2797806250.0,-26.08798
2797806406.25,-26.08921
2797806562.5,-26.08741
2797806718.75,-26.08709
2797806875.0,-26.08862
2797807031.25,-26.08527
2797807187.5,-26.08474
2797807343.75,-26.08351
2797807500.0,-26.08326
2797807656.25,-26.08241
2797807812.5,-26.08175
2797807968.75,-26.08064
2797808125.0,-26.08016
2797808281.25,-26.08181
2797808437.5,-26.07912
2797808593.75,-26.08028
2797808750.0,-26.07697
2797808906.25,-26.07828
2797809062.5,-26.07703
2797809218.75,-26.07608
2797809375.0,-26.07937
2797809531.25,-26.07479
2797809687.5,-26.07573
2797809843.75,-26.07577
2797810000.0,-26.073
2797810156.25,-26.07287
2797810312.5,-26.06942
2797810468.75,-26.07172
2797810625.0,-26.06826
2797810781.25,-26.06794
2797810937.5,-26.06685
2797811093.75,-26.06856
2797811250.0,-26.06953
2797811406.25,-26.06848
2797811562.5,-26.06553
2797811718.75,-26.0678
2797811875.0,-26.0644
2797812031.25,-26.06505
2797812187.5,-26.06298
2797812343.75,-26.05963
2797812500.0,-26.0604
2797812656.25,-26.05932
2797812812.5,-26.05964
2797812968.75,-26.0584
2797813125.0,-26.05874
2797813281.25,-26.05901
2797813437.5,-26.05659
2797813593.75,-26.057
2797813750.0,-26.05384
2797813906.25,-26.0541
2797814062.5,-26.05267
2797814218.75,-26.05614
2797814375.0,-26.05307
2797814531.25,-26.05145
2797814687.5,-26.05111
2797814843.75,-26.05116
2797815000.0,-26.048
2797815156.25,-26.04503
2797815312.5,-26.04847
2797815468.75,-26.04633
2797815625.0,-26.04509
2797815781.25,-26.04319
2797815937.5,-26.0437
2797816093.75,-26.04445
2797816250.0,-26.04266
2797816406.25,-26.04126
2797816562.5,-26.04322
2797816718.75,-26.03885
2797816875.0,-26.04167
2797817031.25,-26.04225
2797817187.5,-26.03965
2797817343.75,-26.03405
2797817500.0,-26.03683
2797817656.25,-26.03594
2797817812.5,-26.03419
2797817968.75,-26.03386
2797818125.0,-26.03535
2797818281.25,-26.02918
2797818437.5,-26.03235
2797818593.75,-26.03204
2797818750.0,-26.02683
2797818906.25,-26.03131
2797819062.5,-26.02849
2797819218.75,-26.02987
2797819375.0,-26.02806
2797819531.25,-26.02858
2797819687.5,-26.02969
2797819843.75,-26.02739
2797820000.0,-26.02679
2797820156.25,-26.02248
2797820312.5,-26.02566
2797820468.75,-26.02457
2797820625.0,-26.02207
2797820781.25,-26.02592
2797820937.5,-26.02084
2797821093.75,-26.02057
2797821250.0,-26.02011
2797821406.25,-26.02051
2797821562.5,-26.01832
2797821718.75,-26.02268
2797821875.0,-26.01647
2797822031.25,-26.01391
2797822187.5,-26.01542
2797822343.75,-26.01365
2797822500.0,-26.01488
2797822656.25,-26.01419
2797822812.5,-26.01285
2797822968.75,-26.01104
2797823125.0,-26.01266
2797823281.25,-26.01423
2797823437.5,-26.01079
2797823593.75,-26.01069
2797823750.0,-26.01
2797823906.25,-26.00848
2797824062.5,-26.00607
2797824218.75,-26.00602
2797824375.0,-26.00286
2797824531.25,-26.00776
2797824687.5,-25.99951
2797824843.75,-26.00097
2797825000.0,-26.00089
2797825156.25,-26.00298
2797825312.5,-26.00055
2797825468.75,-25.99869
2797825625.0,-25.99873
2797825781.25,-25.99829
2797825937.5,-25.99891
2797826093.75,-25.99759
2797826250.0,-25.99577
2797826406.25,-25.99472
2797826562.5,-25.99526
2797826718.75,-25.99401
2797826875.0,-25.99404
2797827031.25,-25.99477
2797827187.5,-25.99101
2797827343.75,-25.99261
2797827500.0,-25.99
2797827656.25,-25.98823
2797827812.5,-25.98845
2797827968.75,-25.98616
2797828125.0,-25.98883
2797828281.25,-25.99161
2797828437.5,-25.98496
2797828593.75,-25.98611
2797828750.0,-25.98264
2797828906.25,-25.98438
2797829062.5,-25.98444
2797829218.75,-25.98137
2797829375.0,-25.98209
2797829531.25,-25.98105
2797829687.5,-25.98112
2797829843.75,-25.97997
2797830000.0,-25.98128
2797830156.25,-25.97791
2797830312.5,-25.97544
2797830468.75,-25.97157
2797830625.0,-25.97458
2797830781.25,-25.97589
2797830937.5,-25.97298
2797831093.75,-25.97111
2797831250.0,-25.97261
2797831406.25,-25.96733
2797831562.5,-25.97106
2797831718.75,-25.96963
2797831875.0,-25.97034
2797832031.25,-25.9699
2797832187.5,-25.96923
2797832343.75,-25.9674
2797832500.0,-25.9652
2797832656.25,-25.96668
2797832812.5,-25.96757
2797832968.75,-25.96623
2797833125.0,-25.96499
2797833281.25,-25.96508
2797833437.5,-25.96116
2797833593.75,-25.96174
2797833750.0,-25.96136
2797833906.25,-25.95993
2797834062.5,-25.95816
2797834218.75,-25.96116
2797834375.0,-25.95694
2797834531.25,-25.95439
2797834687.5,-25.95799
2797834843.75,-25.96024
2797835000.0,-25.95531
2797835156.25,-25.95053
2797835312.5,-25.95335
2797835468.75,-25.9511
2797835625.0,-25.9506
2797835781.25,-25.9534
2797835937.5,-25.95347
2797836093.75,-25.95421
2797836250.0,-25.94901
2797836406.25,-25.94749
2797836562.5,-25.94618
2797836718.75,-25.94866
2797836875.0,-25.94415
2797837031.25,-25.94625
2797837187.5,-25.94549
2797837343.75,-25.94216
2797837500.0,-25.94398
2797837656.25,-25.94095
2797837812.5,-25.93808
2797837968.75,-25.9434
2797838125.0,-25.94166
2797838281.25,-25.93906
2797838437.5,-25.93805
2797838593.75,-25.93875
2797838750.0,-25.93861
2797838906.25,-25.93645
2797839062.5,-25.93741
2797839218.75,-25.9332
2797839375.0,-25.93195
2797839531.25,-25.93524
2797839687.5,-25.93056
2797839843.75,-25.93047
2797840000.0,-25.93149
2797840156.25,-25.934
2797840312.5,-25.92613
2797840468.75,-25.92904
2797840625.0,-25.92651
2797840781.25,-25.92764
2797840937.5,-25.92623
2797841093.75,-25.92704
2797841250.0,-25.92501
2797841406.25,-25.92414
2797841562.5,-25.92644
2797841718.75,-25.92249
2797841875.0,-25.92123
2797842031.25,-25.9223
2797842187.5,-25.9182
2797842343.75,-25.92245
2797842500.0,-25.91865
2797842656.25,-25.91709
2797842812.5,-25.91887
2797842968.75,-25.91651
2797843125.0,-25.91955
2797843281.25,-25.91503
2797843437.5,-25.91386
2797843593.75,-25.91403
2797843750.0,-25.91535
2797843906.25,-25.9133
2797844062.5,-25.9136
2797844218.75,-25.91202
2797844375.0,-25.91165
2797844531.25,-25.90767
2797844687.5,-25.91065
2797844843.75,-25.90664
2797845000.0,-25.90731
2797845156.25,-25.90747
2797845312.5,-25.90667
2797845468.75,-25.90424
2797845625.0,-25.90446
2797845781.25,-25.90527
2797845937.5,-25.90363
2797846093.75,-25.90182
2797846250.0,-25.90267
2797846406.25,-25.90102
2797846562.5,-25.90107
2797846718.75,-25.89849
2797846875.0,-25.89758
2797847031.25,-25.89816
2797847187.5,-25.89972
2797847343.75,-25.89855
2797847500.0,-25.89618
2797847656.25,-25.89528
2797847812.5,-25.8903
2797847968.75,-25.89202
2797848125.0,-25.89095
2797848281.25,-25.89408
2797848437.5,-25.8947
2797848593.75,-25.88751
2797848750.0,-25.88674
2797848906.25,-25.89418
2797849062.5,-25.89128
2797849218.75,-25.88907
2797849375.0,-25.88387
2797849531.25,-25.88566
2797849687.5,-25.88521
2797849843.75,-25.88396
2797850000.0,-25.88338
2797850156.25,-25.88686
2797850312.5,-25.88201
2797850468.75,-25.88057
2797850625.0,-25.87977
2797850781.25,-25.87987
2797850937.5,-25.8787
2797851093.75,-25.87601
2797851250.0,-25.87785
2797851406.25,-25.87983
2797851562.5,-25.87733
2797851718.75,-25.87759
2797851875.0,-25.87442
2797852031.25,-25.87627
2797852187.5,-25.87491
2797852343.75,-25.87127
2797852500.0,-25.86995
2797852656.25,-25.87278
2797852812.5,-25.87109
2797852968.75,-25.86831
2797853125.0,-25.86813
2797853281.25,-25.87227
2797853437.5,-25.86672
2797853593.75,-25.86391
2797853750.0,-25.86746
2797853906.25,-25.86693
2797854062.5,-25.86187
2797854218.75,-25.86492
2797854375.0,-25.86273
2797854531.25,-25.86101
2797854687.5,-25.86165
2797854843.75,-25.8661
2797855000.0,-25.85715
2797855156.25,-25.85796
2797855312.5,-25.85992
2797855468.75,-25.85669
2797855625.0,-25.8548
2797855781.25,-25.85753
2797855937.5,-25.85828
2797856093.75,-25.85374
2797856250.0,-25.85539
2797856406.25,-25.85629
2797856562.5,-25.85235
2797856718.75,-25.85206
2797856875.0,-25.85151
2797857031.25,-25.84872
2797857187.5,-25.85123
2797857343.75,-25.84929
2797857500.0,-25.84611
2797857656.25,-25.84614
2797857812.5,-25.84624
2797857968.75,-25.84598
2797858125.0,-25.8429
2797858281.25,-25.84627
2797858437.5,-25.84697
2797858593.75,-25.84199
2797858750.0,-25.84209
2797858906.25,-25.84068
2797859062.5,-25.84073
2797859218.75,-25.84097
2797859375.0,-25.83972
2797859531.25,-25.83719
2797859687.5,-25.83588
2797859843.75,-25.83647
2797860000.0,-25.83705
2797860156.25,-25.83594
2797860312.5,-25.83443
2797860468.75,-25.83366
2797860625.0,-25.83395
2797860781.25,-25.83196
2797860937.5,-25.83475
2797861093.75,-25.8318
2797861250.0,-25.82709
2797861406.25,-25.8287
2797861562.5,-25.8307
2797861718.75,-25.82923
2797861875.0,-25.83178
2797862031.25,-25.82377
2797862187.5,-25.82618
2797862343.75,-25.8214
2797862500.0,-25.82505
2797862656.25,-25.82112
2797862812.5,-25.82172
2797862968.75,-25.82472
2797863125.0,-25.82177
2797863281.25,-25.81946
2797863437.5,-25.81943
2797863593.75,-25.81697
2797863750.0,-25.81812
2797863906.25,-25.81479
2797864062.5,-25.81606
2797864218.75,-25.81443
2797864375.0,-25.81402
2797864531.25,-25.81268
2797864687.5,-25.81466
2797864843.75,-25.80947
2797865000.0,-25.81072
2797865156.25,-25.81184
2797865312.5,-25.8151
2797865468.75,-25.80952
2797865625.0,-25.80702
2797865781.25,-25.80763
2797865937.5,-25.80761
2797866093.75,-25.80594
2797866250.0,-25.80819
2797866406.25,-25.80329
2797866562.5,-25.80432
2797866718.75,-25.80472
2797866875.0,-25.80741
2797867031.25,-25.79933
2797867187.5,-25.8031
2797867343.75,-25.80248
2797867500.0,-25.79997
2797867656.25,-25.80101
2797867812.5,-25.79795
2797867968.75,-25.79728
2797868125.0,-25.79715
2797868281.25,-25.79744
2797868437.5,-25.79506
2797868593.75,-25.79452
2797868750.0,-25.79481
2797868906.25,-25.79275
2797869062.5,-25.7937
2797869218.75,-25.79219
2797869375.0,-25.79324
2797869531.25,-25.78797
2797869687.5,-25.7881
2797869843.75,-25.79115
2797870000.0,-25.78834
2797870156.25,-25.78921
2797870312.5,-25.78614
2797870468.75,-25.78547
2797870625.0,-25.78646
2797870781.25,-25.78511
2797870937.5,-25.78469
2797871093.75,-25.78491
2797871250.0,-25.7849
2797871406.25,-25.78521
2797871562.5,-25.77997
2797871718.75,-25.78267
2797871875.0,-25.78098
2797872031.25,-25.77934
2797872187.5,-25.77761
2797872343.75,-25.77936
2797872500.0,-25.77706
2797872656.25,-25.77584
2797872812.5,-25.77794
2797872968.75,-25.77552
2797873125.0,-25.77504
2797873281.25,-25.77382
2797873437.5,-25.77112
2797873593.75,-25.77149
2797873750.0,-25.77153
2797873906.25,-25.76813
2797874062.5,-25.76686
2797874218.75,-25.76641
2797874375.0,-25.76663
2797874531.25,-25.76791
2797874687.5,-25.76538
2797874843.75,-25.76446
2797875000.0,-25.76779
2797875156.25,-25.76117
2797875312.5,-25.76471
2797875468.75,-25.76325
2797875625.0,-25.76034
2797875781.25,-25.75586
2797875937.5,-25.75793
2797876093.75,-25.75937
2797876250.0,-25.75802
2797876406.25,-25.75543
2797876562.5,-25.75519
2797876718.75,-25.75322
2797876875.0,-25.75549
2797877031.25,-25.75406
2797877187.5,-25.75178
2797877343.75,-25.75132
2797877500.0,-25.75306
2797877656.25,-25.75235
2797877812.5,-25.75092
2797877968.75,-25.74816
2797878125.0,-25.75097
2797878281.25,-25.74794
2797878437.5,-25.74659
2797878593.75,-25.74639
2797878750.0,-25.74429
2797878906.25,-25.74291
2797879062.5,-25.74419
2797879218.75,-25.74605
2797879375.0,-25.74347
2797879531.25,-25.7414
2797879687.5,-25.74012
2797879843.75,-25.74078
2797880000.0,-25.74045
2797880156.25,-25.73943
2797880312.5,-25.73965
2797880468.75,-25.738
2797880625.0,-25.73932
2797880781.25,-25.7387
2797880937.5,-25.73588
2797881093.75,-25.73443
2797881250.0,-25.73265
2797881406.25,-25.72934
2797881562.5,-25.72949
2797881718.75,-25.73228
2797881875.0,-25.73078
2797882031.25,-25.72767
2797882187.5,-25.72907
2797882343.75,-25.72759
2797882500.0,-25.73271
2797882656.25,-25.72538
2797882812.5,-25.72704
2797882968.75,-25.7248
2797883125.0,-25.72468
2797883281.25,-25.72311
2797883437.5,-25.72385
2797883593.75,-25.72415
2797883750.0,-25.72093
2797883906.25,-25.72249
2797884062.5,-25.72076
2797884218.75,-25.72203
2797884375.0,-25.71696
2797884531.25,-25.71684
2797884687.5,-25.71713
2797884843.75,-25.71706
2797885000.0,-25.71311
2797885156.25,-25.71749
2797885312.5,-25.7159
2797885468.75,-25.71181
2797885625.0,-25.71062
2797885781.25,-25.70932
2797885937.5,-25.71297
2797886093.75,-25.71198
2797886250.0,-25.71014
2797886406.25,-25.71131
2797886562.5,-25.71034
2797886718.75,-25.70827
2797886875.0,-25.7077
2797887031.25,-25.70223
2797887187.5,-25.70544
2797887343.75,-25.70362
2797887500.0,-25.70276
2797887656.25,-25.70367
2797887812.5,-25.70079
2797887968.75,-25.69956
2797888125.0,-25.7046
2797888281.25,-25.69807
2797888437.5,-25.69744
2797888593.75,-25.69788
2797888750.0,-25.69717
2797888906.25,-25.69568
2797889062.5,-25.69643
2797889218.75,-25.69372
2797889375.0,-25.69273
2797889531.25,-25.69058
2797889687.5,-25.69419
2797889843.75,-25.68884
2797890000.0,-25.69163
2797890156.25,-25.69146
2797890312.5,-25.688
2797890468.75,-25.6857
2797890625.0,-25.68515
2797890781.25,-25.68765
2797890937.5,-25.68597
2797891093.75,-25.68299
2797891250.0,-25.68534
2797891406.25,-25.68478
2797891562.5,-25.68031
2797891718.75,-25.68285
2797891875.0,-25.67959
2797892031.25,-25.683
2797892187.5,-25.67863
2797892343.75,-25.67676
2797892500.0,-25.67869
2797892656.25,-25.67892
2797892812.5,-25.68013
2797892968.75,-25.67393
2797893125.0,-25.67823
2797893281.25,-25.67434
2797893437.5,-25.67682
2797893593.75,-25.67543
2797893750.0,-25.67271
2797893906.25,-25.67183
2797894062.5,-25.66997
2797894218.75,-25.67316
2797894375.0,-25.66975
2797894531.25,-25.67064
2797894687.5,-25.66716
2797894843.75,-25.66841
2797895000.0,-25.66675
2797895156.25,-25.66466
2797895312.5,-25.66212
2797895468.75,-25.66378
2797895625.0,-25.6661
2797895781.25,-25.66223
2797895937.5,-25.66442
2797896093.75,-25.66174
2797896250.0,-25.66424
2797896406.25,-25.66149
2797896562.5,-25.65823
2797896718.75,-25.65623
2797896875.0,-25.65967
2797897031.25,-25.65692
2797897187.5,-25.65492
2797897343.75,-25.65565
2797897500.0,-25.654
2797897656.25,-25.65601
2797897812.5,-25.65294
2797897968.75,-25.65336
2797898125.0,-25.65176
2797898281.25,-25.64932
2797898437.5,-25.65256
2797898593.75,-25.64726
2797898750.0,-25.6526
2797898906.25,-25.65006
2797899062.5,-25.64672
2797899218.75,-25.6481
2797899375.0,-25.64451
2797899531.25,-25.64448
2797899687.5,-25.64573
2797899843.75,-25.64247
2797900000.0,-25.64137
2797900156.25,-25.64046
2797900312.5,-25.64006
2797900468.75,-25.63704
2797900625.0,-25.64252
2797900781.25,-25.64098
2797900937.5,-25.64044
2797901093.75,-25.63652
2797901250.0,-25.63716
2797901406.25,-25.63714
2797901562.5,-25.6347
2797901718.75,-25.63494
2797901875.0,-25.63654
2797902031.25,-25.63171
2797902187.5,-25.63017
2797902343.75,-25.62706
2797902500.0,-25.62861
2797902656.25,-25.62822
2797902812.5,-25.62795
2797902968.75,-25.62706
2797903125.0,-25.62897
2797903281.25,-25.62428
2797903437.5,-25.62623
2797903593.75,-25.62376
2797903750.0,-25.6269
2797903906.25,-25.62445
2797904062.5,-25.62288
2797904218.75,-25.62217
2797904375.0,-25.62296
2797904531.25,-25.62326
2797904687.5,-25.61762
2797904843.75,-25.61424
2797905000.0,-25.61635
2797905156.25,-25.61632
2797905312.5,-25.61552
2797905468.75,-25.61746
2797905625.0,-25.61508
2797905781.25,-25.61238
2797905937.5,-25.61509
2797906093.75,-25.61424
2797906250.0,-25.61073
2797906406.25,-25.61325
2797906562.5,-25.61001
2797906718.75,-25.61021
2797906875.0,-25.60772
2797907031.25,-25.60636
2797907187.5,-25.61063
2797907343.75,-25.60753
2797907500.0,-25.60494
2797907656.25,-25.60528
2797907812.5,-25.60467
2797907968.75,-25.6012
2797908125.0,-25.60144
2797908281.25,-25.60181
2797908437.5,-25.60067
2797908593.75,-25.60019
2797908750.0,-25.6025
2797908906.25,-25.60119
2797909062.5,-25.59846
2797909218.75,-25.59514
2797909375.0,-25.59747
2797909531.25,-25.60034
2797909687.5,-25.59269
2797909843.75,-25.59649
2797910000.0,-25.59191
2797910156.25,-25.59442
2797910312.5,-25.59045
2797910468.75,-25.59071
2797910625.0,-25.59227
2797910781.25,-25.59208
2797910937.5,-25.58705
2797911093.75,-25.58953
2797911250.0,-25.58583
2797911406.25,-25.5871
2797911562.5,-25.58372
2797911718.75,-25.58389
2797911875.0,-25.58419
2797912031.25,-25.58668
2797912187.5,-25.5822
2797912343.75,-25.58103
2797912500.0,-25.57829
2797912656.25,-25.5795
2797912812.5,-25.57848
2797912968.75,-25.57994
2797913125.0,-25.57948
2797913281.25,-25.57723
2797913437.5,-25.57547
2797913593.75,-25.57749
2797913750.0,-25.57599
2797913906.25,-25.57384
2797914062.5,-25.57204
2797914218.75,-25.5769
2797914375.0,-25.57381
2797914531.25,-25.57244
2797914687.5,-25.56685
2797914843.75,-25.57001
2797915000.0,-25.56836
2797915156.25,-25.56852
2797915312.5,-25.56635
2797915468.75,-25.56377
2797915625.0,-25.56917
2797915781.25,-25.56655
2797915937.5,-25.56519
2797916093.75,-25.5638
2797916250.0,-25.56341
2797916406.25,-25.56136
2797916562.5,-25.55828
2797916718.75,-25.56144
2797916875.0,-25.55762
2797917031.25,-25.55694
2797917187.5,-25.55691
2797917343.75,-25.55965
2797917500.0,-25.55804
2797917656.25,-25.55437
2797917812.5,-25.5546
2797917968.75,-25.551
2797918125.0,-25.55208
2797918281.25,-25.55326
2797918437.5,-25.54964
2797918593.75,-25.55272
2797918750.0,-25.5512
2797918906.25,-25.55061
2797919062.5,-25.55181
2797919218.75,-25.55104
2797919375.0,-25.54742
2797919531.25,-25.54329
2797919687.5,-25.54561
2797919843.75,-25.54704
2797920000.0,-25.54309
2797920156.25,-25.54444
2797920312.5,-25.54385
2797920468.75,-25.54116
2797920625.0,-25.54214
2797920781.25,-25.54065
2797920937.5,-25.53833
2797921093.75,-25.54033
2797921250.0,-25.54117
2797921406.25,-25.5398
2797921562.5,-25.53429
2797921718.75,-25.53542
2797921875.0,-25.53584
2797922031.25,-25.53552
2797922187.5,-25.5309
2797922343.75,-25.5321
2797922500.0,-25.53159
2797922656.25,-25.53197
2797922812.5,-25.52934
2797922968.75,-25.53237
2797923125.0,-25.52699
2797923281.25,-25.52988
2797923437.5,-25.52682
2797923593.75,-25.52664
2797923750.0,-25.52528
2797923906.25,-25.52738
2797924062.5,-25.52574
2797924218.75,-25.52318
2797924375.0,-25.5229
2797924531.25,-25.52358
2797924687.5,-25.52103
2797924843.75,-25.52328
2797925000.0,-25.52079
2797925156.25,-25.52008
2797925312.5,-25.51777
2797925468.75,-25.51855
2797925625.0,-25.5143
2797925781.25,-25.51608
2797925937.5,-25.51711
2797926093.75,-25.51281
2797926250.0,-25.51187
2797926406.25,-25.51389
2797926562.5,-25.51142
2797926718.75,-25.51064
2797926875.0,-25.50861
2797927031.25,-25.51048
2797927187.5,-25.50797
2797927343.75,-25.50878
2797927500.0,-25.50782
2797927656.25,-25.50336
2797927812.5,-25.50405
2797927968.75,-25.50322
2797928125.0,-25.50324
2797928281.25,-25.50178
2797928437.5,-25.50055
2797928593.75,-25.50359
2797928750.0,-25.50226
2797928906.25,-25.4984
2797929062.5,-25.50072
2797929218.75,-25.49864
2797929375.0,-25.49648
2797929531.25,-25.49484
2797929687.5,-25.49891
2797929843.75,-25.49449
2797930000.0,-25.49475
2797930156.25,-25.4942
2797930312.5,-25.49168
2797930468.75,-25.49123
2797930625.0,-25.48662
2797930781.25,-25.49121
2797930937.5,-25.48735
2797931093.75,-25.4868
2797931250.0,-25.48921
2797931406.25,-25.48975
2797931562.5,-25.48968
2797931718.75,-25.48939
2797931875.0,-25.48285
2797932031.25,-25.48009
2797932187.5,-25.48196
2797932343.75,-25.48268
2797932500.0,-25.48316
2797932656.25,-25.48146
2797932812.5,-25.47958
2797932968.75,-25.48056
2797933125.0,-25.48104
2797933281.25,-25.47817
2797933437.5,-25.47933
2797933593.75,-25.47645
2797933750.0,-25.47625
2797933906.25,-25.47355
2797934062.5,-25.47574
2797934218.75,-25.47482
2797934375.0,-25.47254
2797934531.25,-25.47144
2797934687.5,-25.46897
2797934843.75,-25.46905
2797935000.0,-25.47082
2797935156.25,-25.4686
2797935312.5,-25.47002
2797935468.75,-25.46758
2797935625.0,-25.46467
2797935781.25,-25.46541
2797935937.5,-25.46723
2797936093.75,-25.463
2797936250.0,-25.46529
2797936406.25,-25.46353
2797936562.5,-25.46319
2797936718.75,-25.46214
2797936875.0,-25.46117
2797937031.25,-25.46072
2797937187.5,-25.45511
2797937343.75,-25.45585
2797937500.0,-25.45418
2797937656.25,-25.45754
2797937812.5,-25.45523
2797937968.75,-25.45461
2797938125.0,-25.45845
2797938281.25,-25.45314
2797938437.5,-25.45331
2797938593.75,-25.45215
2797938750.0,-25.45102
2797938906.25,-25.44998
2797939062.5,-25.44603
2797939218.75,-25.45076
2797939375.0,-25.45037
2797939531.25,-25.44628
2797939687.5,-25.4462
2797939843.75,-25.44334
2797940000.0,-25.44565
2797940156.25,-25.44601
2797940312.5,-25.44366
2797940468.75,-25.44362
2797940625.0,-25.44014
2797940781.25,-25.44067
2797940937.5,-25.43912
2797941093.75,-25.43985
2797941250.0,-25.43749
2797941406.25,-25.43796
2797941562.5,-25.43438
2797941718.75,-25.43506
2797941875.0,-25.43614
2797942031.25,-25.43435
2797942187.5,-25.43299
2797942343.75,-25.43278
2797942500.0,-25.42973
2797942656.25,-25.43175
2797942812.5,-25.43304
2797942968.75,-25.42963
2797943125.0,-25.42698
2797943281.25,-25.43003
2797943437.5,-25.42665
2797943593.75,-25.42778
2797943750.0,-25.4248
2797943906.25,-25.4256
2797944062.5,-25.42064
2797944218.75,-25.42252
2797944375.0,-25.42041
2797944531.25,-25.42312
2797944687.5,-25.42142
2797944843.75,-25.42202
2797945000.0,-25.42097
2797945156.25,-25.41934
2797945312.5,-25.41728
2797945468.75,-25.42111
2797945625.0,-25.41708
2797945781.25,-25.41396
2797945937.5,-25.41426
2797946093.75,-25.4171
2797946250.0,-25.41413
2797946406.25,-25.41191
2797946562.5,-25.41031
2797946718.75,-25.41054
2797946875.0,-25.41034
2797947031.25,-25.40796
2797947187.5,-25.40838
2797947343.75,-25.40945
2797947500.0,-25.40788
2797947656.25,-25.40813
2797947812.5,-25.40623
2797947968.75,-25.40581
2797948125.0,-25.40511
2797948281.25,-25.40586
2797948437.5,-25.40443
2797948593.75,-25.39918
2797948750.0,-25.40216
2797948906.25,-25.40129
2797949062.5,-25.39888
2797949218.75,-25.39782
2797949375.0,-25.39905
2797949531.25,-25.39773
2797949687.5,-25.39459
2797949843.75,-25.39722
2797950000.0,-25.39484
2797950156.25,-25.39327
2797950312.5,-25.39322
2797950468.75,-25.39318
2797950625.0,-25.39051
2797950781.25,-25.38925
2797950937.5,-25.39168
2797951093.75,-25.38768
2797951250.0,-25.38681
2797951406.25,-25.39104
2797951562.5,-25.38701
2797951718.75,-25.38731
2797951875.0,-25.38493
2797952031.25,-25.38467
2797952187.5,-25.3842
2797952343.75,-25.38494
2797952500.0,-25.38097
2797952656.25,-25.3806
2797952812.5,-25.38019
2797952968.75,-25.38257
2797953125.0,-25.38018
2797953281.25,-25.3755
2797953437.5,-25.37663
2797953593.75,-25.3745
2797953750.0,-25.37532
2797953906.25,-25.3748
2797954062.5,-25.37268
2797954218.75,-25.37575
2797954375.0,-25.37341
2797954531.25,-25.37231
2797954687.5,-25.36977
2797954843.75,-25.37231
2797955000.0,-25.37152
2797955156.25,-25.36568
2797955312.5,-25.36899
2797955468.75,-25.36747
2797955625.0,-25.36786
2797955781.25,-25.36614
2797955937.5,-25.36355
2797956093.75,-25.36454
2797956250.0,-25.36284
2797956406.25,-25.35976
2797956562.5,-25.36385
2797956718.75,-25.36173
2797956875.0,-25.35787
2797957031.25,-25.35912
2797957187.5,-25.35773
2797957343.75,-25.35757
2797957500.0,-25.35866
2797957656.25,-25.3548
2797957812.5,-25.35299
2797957968.75,-25.35505
2797958125.0,-25.35385
2797958281.25,-25.35241
2797958437.5,-25.35298
2797958593.75,-25.35342
2797958750.0,-25.35041
2797958906.25,-25.34725
2797959062.5,-25.34577
2797959218.75,-25.34812
2797959375.0,-25.34492
2797959531.25,-25.3462
2797959687.5,-25.34524
2797959843.75,-25.34517
2797960000.0,-25.34187
2797960156.25,-25.34268
2797960312.5,-25.34159
2797960468.75,-25.34042
2797960625.0,-25.33751
2797960781.25,-25.33864
2797960937.5,-25.33952
2797961093.75,-25.33733
2797961250.0,-25.34125
2797961406.25,-25.3374
2797961562.5,-25.33629
2797961718.75,-25.33545
2797961875.0,-25.33559
2797962031.25,-25.33569
2797962187.5,-25.33361
2797962343.75,-25.33492
2797962500.0,-25.32932
2797962656.25,-25.33098
2797962812.5,-25.3309
2797962968.75,-25.32792
2797963125.0,-25.32731
2797963281.25,-25.32815
2797963437.5,-25.32665
2797963593.75,-25.32809
2797963750.0,-25.32324
2797963906.25,-25.32319
2797964062.5,-25.32268
2797964218.75,-25.32239
2797964375.0,-25.3215
2797964531.25,-25.3204
2797964687.5,-25.32154
2797964843.75,-25.31893
2797965000.0,-25.32097
2797965156.25,-25.32035
2797965312.5,-25.31896
2797965468.75,-25.31674
2797965625.0,-25.31423
2797965781.25,-25.31312
2797965937.5,-25.31422
2797966093.75,-25.30943
2797966250.0,-25.31406
2797966406.25,-25.31058
2797966562.5,-25.31072
2797966718.75,-25.31116
2797966875.0,-25.30881
2797967031.25,-25.31115
2797967187.5,-25.30987
2797967343.75,-25.3085
2797967500.0,-25.30572
2797967656.25,-25.30641
2797967812.5,-25.30381
2797967968.75,-25.30307
2797968125.0,-25.30149
2797968281.25,-25.30272
2797968437.5,-25.30281
2797968593.75,-25.30179
2797968750.0,-25.29967
2797968906.25,-25.29947
2797969062.5,-25.29834
2797969218.75,-25.29504
2797969375.0,-25.29754
2797969531.25,-25.29684
2797969687.5,-25.29519
2797969843.75,-25.2933
2797970000.0,-25.29391
2797970156.25,-25.29184
2797970312.5,-25.29125
2797970468.75,-25.29364
2797970625.0,-25.29009
2797970781.25,-25.28757
2797970937.5,-25.28811
2797971093.75,-25.28578
2797971250.0,-25.28716
2797971406.25,-25.28647
2797971562.5,-25.28749
2797971718.75,-25.28068
2797971875.0,-25.28505
2797972031.25,-25.28252
2797972187.5,-25.28221
2797972343.75,-25.28208
2797972500.0,-25.28206
2797972656.25,-25.28248
2797972812.5,-25.28034
2797972968.75,-25.28238
2797973125.0,-25.27572
2797973281.25,-25.27977
2797973437.5,-25.275
2797973593.75,-25.27536
2797973750.0,-25.27544
2797973906.25,-25.27504
2797974062.5,-25.27289
2797974218.75,-25.27129
2797974375.0,-25.26943
2797974531.25,-25.26809
2797974687.5,-25.26973
2797974843.75,-25.26679
2797975000.0,-25.26757
2797975156.25,-25.26837
2797975312.5,-25.26711
2797975468.75,-25.26282
2797975625.0,-25.26813
2797975781.25,-25.26292
2797975937.5,-25.25812
2797976093.75,-25.26428
2797976250.0,-25.25981
2797976406.25,-25.26158
2797976562.5,-25.26114
2797976718.75,-25.25846
2797976875.0,-25.25644
2797977031.25,-25.2603
2797977187.5,-25.25793
2797977343.75,-25.25838
2797977500.0,-25.2567
2797977656.25,-25.25488
2797977812.5,-25.2542
2797977968.75,-25.25205
2797978125.0,-25.2525
2797978281.25,-25.2505
2797978437.5,-25.24979
2797978593.75,-25.24846
2797978750.0,-25.25229
2797978906.25,-25.24746
2797979062.5,-25.24701
2797979218.75,-25.24498
2797979375.0,-25.24587
2797979531.25,-25.24638
2797979687.5,-25.24308
2797979843.75,-25.23988
2797980000.0,-25.24184
2797980156.25,-25.24207
2797980312.5,-25.24183
2797980468.75,-25.24429
2797980625.0,-25.23824
2797980781.25,-25.23928
2797980937.5,-25.23888
2797981093.75,-25.23449
2797981250.0,-25.23514
2797981406.25,-25.23462
2797981562.5,-25.2326
2797981718.75,-25.23034
2797981875.0,-25.23321
2797982031.25,-25.23376
2797982187.5,-25.23107
2797982343.75,-25.2275
2797982500.0,-25.23069
2797982656.25,-25.22865
2797982812.5,-25.22673
2797982968.75,-25.2274
2797983125.0,-25.22313
2797983281.25,-25.22462
2797983437.5,-25.22523
2797983593.75,-25.2256
2797983750.0,-25.22442
2797983906.25,-25.21989
2797984062.5,-25.22175
2797984218.75,-25.22348
2797984375.0,-25.22138
2797984531.25,-25.21767
2797984687.5,-25.21793
2797984843.75,-25.21543
2797985000.0,-25.21391
2797985156.25,-25.21584
2797985312.5,-25.21648
2797985468.75,-25.21757
2797985625.0,-25.21503
2797985781.25,-25.21484
2797985937.5,-25.21056
2797986093.75,-25.21266
2797986250.0,-25.21113
2797986406.25,-25.20538
2797986562.5,-25.21018
2797986718.75,-25.20881
2797986875.0,-25.20813
2797987031.25,-25.20763
2797987187.5,-25.20561
2797987343.75,-25.20427
2797987500.0,-25.20358
2797987656.25,-25.20571
2797987812.5,-25.20284
2797987968.75,-25.2016
2797988125.0,-25.2001
2797988281.25,-25.19871
2797988437.5,-25.19777
2797988593.75,-25.20091
2797988750.0,-25.20113
2797988906.25,-25.19751
2797989062.5,-25.19507
2797989218.75,-25.19182
2797989375.0,-25.19344
2797989531.25,-25.19438
2797989687.5,-25.19522
2797989843.75,-25.19014
2797990000.0,-25.19281
2797990156.25,-25.18991
2797990312.5,-25.19222
2797990468.75,-25.18632
2797990625.0,-25.18544
2797990781.25,-25.18533
2797990937.5,-25.18442
2797991093.75,-25.18228
2797991250.0,-25.1858
2797991406.25,-25.18506
2797991562.5,-25.18671
2797991718.75,-25.18238
2797991875.0,-25.18093
2797992031.25,-25.18135
2797992187.5,-25.18061
2797992343.75,-25.17721
2797992500.0,-25.17753
2797992656.25,-25.1784
2797992812.5,-25.1771
2797992968.75,-25.176
2797993125.0,-25.17669
2797993281.25,-25.17481
2797993437.5,-25.17332
2797993593.75,-25.17296
2797993750.0,-25.17059
2797993906.25,-25.1717
2797994062.5,-25.16918
2797994218.75,-25.17133
2797994375.0,-25.16858
2797994531.25,-25.16719
2797994687.5,-25.16735
2797994843.75,-25.1687
2797995000.0,-25.16354
2797995156.25,-25.16641
2797995312.5,-25.16126
2797995468.75,-25.16302
2797995625.0,-25.16044
2797995781.25,-25.1626
2797995937.5,-25.16472
2797996093.75,-25.15889
2797996250.0,-25.15829
2797996406.25,-25.1594
2797996562.5,-25.15652
2797996718.75,-25.15948
2797996875.0,-25.15698
2797997031.25,-25.15387
2797997187.5,-25.15526
2797997343.75,-25.15173
2797997500.0,-25.15359
2797997656.25,-25.15497
2797997812.5,-25.15241
2797997968.75,-25.15032
2797998125.0,-25.14781
2797998281.25,-25.14917
2797998437.5,-25.14406
2797998593.75,-25.14771
2797998750.0,-25.14828
2797998906.25,-25.14453
2797999062.5,-25.14428
2797999218.75,-25.14331
2797999375.0,-25.14238
2797999531.25,-25.14191
2797999687.5,-25.14113
2797999843.75,-25.14125
2798000000.0,-25.14103
2798000156.25,-25.13929
2798000312.5,-25.13909
2798000468.75,-25.13712
2798000625.0,-25.13702
2798000781.25,-25.132
2798000937.5,-25.13284
2798001093.75,-25.13258
2798001250.0,-25.13161
2798001406.25,-25.13334
2798001562.5,-25.13117
2798001718.75,-25.1302
2798001875.0,-25.12946
2798002031.25,-25.13125
2798002187.5,-25.13011
2798002343.75,-25.12783
2798002500.0,-25.12514
2798002656.25,-25.12693
2798002812.5,-25.1266
2798002968.75,-25.12206
2798003125.0,-25.12553
2798003281.25,-25.12034
2798003437.5,-25.12284
2798003593.75,-25.12033
2798003750.0,-25.12023
2798003906.25,-25.11906
2798004062.5,-25.11697
2798004218.75,-25.11757
2798004375.0,-25.11754
2798004531.25,-25.11662
2798004687.5,-25.11377
2798004843.75,-25.11645
2798005000.0,-25.11181
2798005156.25,-25.11126
2798005312.5,-25.11242
2798005468.75,-25.10872
2798005625.0,-25.10933
2798005781.25,-25.11194
2798005937.5,-25.10854
2798006093.75,-25.10436
2798006250.0,-25.1067
2798006406.25,-25.10597
2798006562.5,-25.10431
2798006718.75,-25.10391
2798006875.0,-25.10456
2798007031.25,-25.10223
2798007187.5,-25.10269
2798007343.75,-25.10257
2798007500.0,-25.10252
2798007656.25,-25.09993
2798007812.5,-25.10183
2798007968.75,-25.10007
2798008125.0,-25.09638
2798008281.25,-25.09538
2798008437.5,-25.09631
2798008593.75,-25.09412
2798008750.0,-25.09312
2798008906.25,-25.09711
2798009062.5,-25.09335
2798009218.75,-25.08978
2798009375.0,-25.09221
2798009531.25,-25.08774
2798009687.5,-25.08954
2798009843.75,-25.08731
2798010000.0,-25.0855
2798010156.25,-25.08196
2798010312.5,-25.08623
2798010468.75,-25.08779
2798010625.0,-25.08431
2798010781.25,-25.08513
2798010937.5,-25.08428
2798011093.75,-25.08002
2798011250.0,-25.07991
2798011406.25,-25.07914
2798011562.5,-25.07882
2798011718.75,-25.07928
2798011875.0,-25.07839
2798012031.25,-25.07764
2798012187.5,-25.07739
2798012343.75,-25.0778
2798012500.0,-25.07419
2798012656.25,-25.07695
2798012812.5,-25.07681
2798012968.75,-25.0787
2798013125.0,-25.07243
2798013281.25,-25.06718
2798013437.5,-25.0711
2798013593.75,-25.06868
2798013750.0,-25.06786
2798013906.25,-25.06624
2798014062.5,-25.06566
2798014218.75,-25.06576
2798014375.0,-25.06519
2798014531.25,-25.06389
2798014687.5,-25.06336
2798014843.75,-25.06542
2798015000.0,-25.05946
2798015156.25,-25.06025
2798015312.5,-25.06091
2798015468.75,-25.05647
2798015625.0,-25.0596
2798015781.25,-25.05498
2798015937.5,-25.05818
2798016093.75,-25.05475
2798016250.0,-25.05234
2798016406.25,-25.05104
2798016562.5,-25.04722
2798016718.75,-25.05169
2798016875.0,-25.05197
2798017031.25,-25.05247
2798017187.5,-25.0558
2798017343.75,-25.04702
2798017500.0,-25.04584
2798017656.25,-25.04919
2798017812.5,-25.04787
2798017968.75,-25.0488
2798018125.0,-25.04641
2798018281.25,-25.04486
2798018437.5,-25.04369
2798018593.75,-25.04387
2798018750.0,-25.04187
2798018906.25,-25.04148
2798019062.5,-25.04063
2798019218.75,-25.03763
2798019375.0,-25.03718
2798019531.25,-25.0394
2798019687.5,-25.03625
2798019843.75,-25.03599
2798020000.0,-25.03854
2798020156.25,-25.03739
2798020312.5,-25.03354
2798020468.75,-25.03321
2798020625.0,-25.0321
2798020781.25,-25.03216
2798020937.5,-25.0309
2798021093.75,-25.03072
2798021250.0,-25.02517
2798021406.25,-25.02543
2798021562.5,-25.02606
2798021718.75,-25.02972
2798021875.0,-25.02555
2798022031.25,-25.02674
2798022187.5,-25.02389
2798022343.75,-25.02419
2798022500.0,-25.02005
2798022656.25,-25.02038
2798022812.5,-25.02324
2798022968.75,-25.01789
2798023125.0,-25.02005
2798023281.25,-25.01919
2798023437.5,-25.01402
2798023593.75,-25.01578
2798023750.0,-25.01557
2798023906.25,-25.01549
2798024062.5,-25.01311
2798024218.75,-25.01303
2798024375.0,-25.0148
2798024531.25,-25.01309
2798024687.5,-25.01275
2798024843.75,-25.01008
2798025000.0,-25.01016
2798025156.25,-25.01325
2798025312.5,-25.0051
2798025468.75,-25.00863
2798025625.0,-25.00768
2798025781.25,-25.00597
2798025937.5,-25.0014
2798026093.75,-25.0033
2798026250.0,-25.00013
2798026406.25,-25.00191
2798026562.5,-25.00154
2798026718.75,-24.99745
2798026875.0,-24.99921
2798027031.25,-24.99907
2798027187.5,-24.99844
2798027343.75,-24.9948
2798027500.0,-24.996
2798027656.25,-24.99475
2798027812.5,-24.9955
2798027968.75,-24.99362
2798028125.0,-24.99196
2798028281.25,-24.99148
2798028437.5,-24.99346
2798028593.75,-24.98949
2798028750.0,-24.98725
2798028906.25,-24.98561
2798029062.5,-24.9865
2798029218.75,-24.98719
2798029375.0,-24.98912
2798029531.25,-24.98424
2798029687.5,-24.98521
2798029843.75,-24.98284
2798030000.0,-24.98112
2798030156.25,-24.98415
2798030312.5,-24.97906
2798030468.75,-24.9799
2798030625.0,-24.97596
2798030781.25,-24.97998
2798030937.5,-24.97822
2798031093.75,-24.97659
2798031250.0,-24.9762
2798031406.25,-24.97587
2798031562.5,-24.97678
2798031718.75,-24.97254
2798031875.0,-24.9708
2798032031.25,-24.96963
2798032187.5,-24.96932
2798032343.75,-24.97251
2798032500.0,-24.97219
2798032656.25,-24.96965
2798032812.5,-24.96784
2798032968.75,-24.96454
2798033125.0,-24.96634
2798033281.25,-24.96386
2798033437.5,-24.96654
2798033593.75,-24.96286
2798033750.0,-24.96481
2798033906.25,-24.96287
2798034062.5,-24.96183
2798034218.75,-24.9555
2798034375.0,-24.95811
2798034531.25,-24.96075
2798034687.5,-24.95529
2798034843.75,-24.95501
2798035000.0,-24.95719
2798035156.25,-24.95468
2798035312.5,-24.95461
2798035468.75,-24.95271
2798035625.0,-24.9538
2798035781.25,-24.95467
2798035937.5,-24.95479
2798036093.75,-24.95098
2798036250.0,-24.94897
2798036406.25,-24.94851
2798036562.5,-24.94945
2798036718.75,-24.94717
2798036875.0,-24.94565
2798037031.25,-24.94665
2798037187.5,-24.94369
2798037343.75,-24.94522
2798037500.0,-24.94003
2798037656.25,-24.94337
2798037812.5,-24.94306
2798037968.75,-24.94366
2798038125.0,-24.93916
2798038281.25,-24.93819
2798038437.5,-24.93715
2798038593.75,-24.93717
2798038750.0,-24.93484
2798038906.25,-24.93624
2798039062.5,-24.93579
2798039218.75,-24.93599
2798039375.0,-24.93377
2798039531.25,-24.93081
2798039687.5,-24.93092
2798039843.75,-24.93007
2798040000.0,-24.9278
2798040156.25,-24.92991
2798040312.5,-24.92811
2798040468.75,-24.92784
2798040625.0,-24.92708
2798040781.25,-24.92399
2798040937.5,-24.92271
2798041093.75,-24.92647
2798041250.0,-24.92454
2798041406.25,-24.91994
2798041562.5,-24.92141
2798041718.75,-24.91981
2798041875.0,-24.92
2798042031.25,-24.92093
2798042187.5,-24.91505
2798042343.75,-24.91574
2798042500.0,-24.91538
2798042656.25,-24.91485
2798042812.5,-24.91493
2798042968.75,-24.91292
2798043125.0,-24.91344
2798043281.25,-24.91253
2798043437.5,-24.9108
2798043593.75,-24.91118
2798043750.0,-24.90982
2798043906.25,-24.90857
2798044062.5,-24.91001
2798044218.75,-24.90851
2798044375.0,-24.90547
2798044531.25,-24.90596
2798044687.5,-24.90505
2798044843.75,-24.90511
2798045000.0,-24.90826
2798045156.25,-24.9021
2798045312.5,-24.9022
2798045468.75,-24.89827
2798045625.0,-24.89997
2798045781.25,-24.90071
2798045937.5,-24.89966
2798046093.75,-24.89515
2798046250.0,-24.89604
2798046406.25,-24.89563
2798046562.5,-24.89465
2798046718.75,-24.89562
2798046875.0,-24.89474
2798047031.25,-24.89394
2798047187.5,-24.88968
2798047343.75,-24.89108
2798047500.0,-24.88888
2798047656.25,-24.88819
2798047812.5,-24.88847
2798047968.75,-24.88617
2798048125.0,-24.88669
2798048281.25,-24.88635
2798048437.5,-24.88456
2798048593.75,-24.88322
2798048750.0,-24.88319
2798048906.25,-24.88102
2798049062.5,-24.88127
2798049218.75,-24.88354
2798049375.0,-24.88301
2798049531.25,-24.87874
2798049687.5,-24.87837
2798049843.75,-24.87606
2798050000.0,-24.87945
2798050156.25,-24.87181
2798050312.5,-24.87501
2798050468.75,-24.87483
2798050625.0,-24.87415
2798050781.25,-24.87148
2798050937.5,-24.8741
2798051093.75,-24.87199
2798051250.0,-24.87165
2798051406.25,-24.87073
2798051562.5,-24.8665
2798051718.75,-24.86658
2798051875.0,-24.86682
2798052031.25,-24.86502
2798052187.5,-24.86527
2798052343.75,-24.86641
2798052500.0,-24.86271
2798052656.25,-24.8629
2798052812.5,-24.85897
2798052968.75,-24.86114
2798053125.0,-24.8625
2798053281.25,-24.86041
2798053437.5,-24.85548
2798053593.75,-24.85616
2798053750.0,-24.85563
2798053906.25,-24.85445
2798054062.5,-24.85379
2798054218.75,-24.85419
2798054375.0,-24.85295
2798054531.25,-24.85219
2798054687.5,-24.85098
2798054843.75,-24.8545
2798055000.0,-24.84976
2798055156.25,-24.85046
2798055312.5,-24.85153
2798055468.75,-24.84636
2798055625.0,-24.8481
2798055781.25,-24.84587
2798055937.5,-24.84563
2798056093.75,-24.84303
2798056250.0,-24.84407
2798056406.25,-24.84105
2798056562.5,-24.84234
2798056718.75,-24.84009
2798056875.0,-24.84147
2798057031.25,-24.83969
2798057187.5,-24.83865
2798057343.75,-24.83604
2798057500.0,-24.83682
2798057656.25,-24.83614
2798057812.5,-24.83651
2798057968.75,-24.83361
2798058125.0,-24.83658
2798058281.25,-24.83166
2798058437.5,-24.83495
2798058593.75,-24.83044
2798058750.0,-24.82926
2798058906.25,-24.8293
2798059062.5,-24.82918
2798059218.75,-24.82778
2798059375.0,-24.82697
2798059531.25,-24.82497
2798059687.5,-24.82565
2798059843.75,-24.82419
2798060000.0,-24.82029
2798060156.25,-24.82445
2798060312.5,-24.82411
2798060468.75,-24.82399
2798060625.0,-24.81912
2798060781.25,-24.81942
2798060937.5,-24.8153
2798061093.75,-24.81911
2798061250.0,-24.82052
2798061406.25,-24.81501
2798061562.5,-24.81628
2798061718.75,-24.81315
2798061875.0,-24.81615
2798062031.25,-24.81425
2798062187.5,-24.81139
2798062343.75,-24.81293
2798062500.0,-24.81014
2798062656.25,-24.81206
2798062812.5,-24.80737
2798062968.75,-24.80779
2798063125.0,-24.807
2798063281.25,-24.80595
2798063437.5,-24.80336
2798063593.75,-24.80419
2798063750.0,-24.80648
2798063906.25,-24.80203
2798064062.5,-24.79918
2798064218.75,-24.79984
2798064375.0,-24.7999
2798064531.25,-24.79761
2798064687.5,-24.7982
2798064843.75,-24.79659
2798065000.0,-24.79657
2798065156.25,-24.7979
2798065312.5,-24.7933
2798065468.75,-24.79556
2798065625.0,-24.79234
2798065781.25,-24.7902
2798065937.5,-24.7887
2798066093.75,-24.78811
2798066250.0,-24.78949
2798066406.25,-24.79049
2798066562.5,-24.7907
2798066718.75,-24.78455
2798066875.0,-24.78677
2798067031.25,-24.78338
2798067187.5,-24.7837
2798067343.75,-24.78149
2798067500.0,-24.78009
2798067656.25,-24.77851
2798067812.5,-24.77913
2798067968.75,-24.77808
2798068125.0,-24.77935
2798068281.25,-24.77943
2798068437.5,-24.77724
2798068593.75,-24.77613
2798068750.0,-24.77542
2798068906.25,-24.77678
2798069062.5,-24.77743
2798069218.75,-24.77499
2798069375.0,-24.77284
2798069531.25,-24.77104
2798069687.5,-24.77315
2798069843.75,-24.77118
2798070000.0,-24.76899
2798070156.25,-24.7682
2798070312.5,-24.77108
2798070468.75,-24.76987
2798070625.0,-24.76516
2798070781.25,-24.76427
2798070937.5,-24.76487
2798071093.75,-24.76254
2798071250.0,-24.76186
2798071406.25,-24.76066
2798071562.5,-24.76108
2798071718.75,-24.75906
2798071875.0,-24.75934
2798072031.25,-24.76082
2798072187.5,-24.75445
2798072343.75,-24.75564
2798072500.0,-24.75777
2798072656.25,-24.75424
2798072812.5,-24.75298
2798072968.75,-24.75316
2798073125.0,-24.75224
2798073281.25,-24.75116
2798073437.5,-24.75365
2798073593.75,-24.74772
2798073750.0,-24.75217
2798073906.25,-24.74599
2798074062.5,-24.74478
2798074218.75,-24.74573
2798074375.0,-24.74613
2798074531.25,-24.74557
2798074687.5,-24.74666
2798074843.75,-24.74196
2798075000.0,-24.74361
2798075156.25,-24.74112
2798075312.5,-24.74009
2798075468.75,-24.74139
2798075625.0,-24.74102
2798075781.25,-24.73595
2798075937.5,-24.7382
2798076093.75,-24.73808
2798076250.0,-24.73882
2798076406.25,-24.73308
2798076562.5,-24.73376
2798076718.75,-24.73224
2798076875.0,-24.73265
2798077031.25,-24.73155
2798077187.5,-24.73071
2798077343.75,-24.73054
2798077500.0,-24.73006
2798077656.25,-24.73192
2798077812.5,-24.72552
2798077968.75,-24.72706
2798078125.0,-24.72408
2798078281.25,-24.72282
2798078437.5,-24.72546
2798078593.75,-24.72447
2798078750.0,-24.72125
2798078906.25,-24.71963
2798079062.5,-24.71906
2798079218.75,-24.72362
2798079375.0,-24.71434
2798079531.25,-24.71657
2798079687.5,-24.71838
2798079843.75,-24.71602
2798080000.0,-24.7129
2798080156.25,-24.71308
2798080312.5,-24.71477
2798080468.75,-24.71181
2798080625.0,-24.71049
2798080781.25,-24.7134
2798080937.5,-24.71086
2798081093.75,-24.7095
2798081250.0,-24.70811
2798081406.25,-24.7081
2798081562.5,-24.70859
2798081718.75,-24.70869
2798081875.0,-24.7035
2798082031.25,-24.7055
2798082187.5,-24.70501
2798082343.75,-24.70661
2798082500.0,-24.701
2798082656.25,-24.69924
2798082812.5,-24.70054
2798082968.75,-24.70103
2798083125.0,-24.70069
2798083281.25,-24.69524
2798083437.5,-24.6971
2798083593.75,-24.69732
2798083750.0,-24.69209
2798083906.25,-24.69459
2798084062.5,-24.69472
2798084218.75,-24.69264
2798084375.0,-24.689
2798084531.25,-24.68846
2798084687.5,-24.6897
2798084843.75,-24.69111
2798085000.0,-24.69
2798085156.25,-24.6866
2798085312.5,-24.69083
2798085468.75,-24.68675
2798085625.0,-24.68545
2798085781.25,-24.68181
2798085937.5,-24.68601
2798086093.75,-24.68013
2798086250.0,-24.67879
2798086406.25,-24.6815
2798086562.5,-24.67737
2798086718.75,-24.68153
2798086875.0,-24.67531
2798087031.25,-24.67593
2798087187.5,-24.67752
2798087343.75,-24.6734
2798087500.0,-24.67493
2798087656.25,-24.672
2798087812.5,-24.67597
2798087968.75,-24.67355
2798088125.0,-24.67117
2798088281.25,-24.67207
2798088437.5,-24.66873
2798088593.75,-24.66492
2798088750.0,-24.66857
2798088906.25,-24.66624
2798089062.5,-24.66886
2798089218.75,-24.66502
2798089375.0,-24.66331
2798089531.25,-24.66449
2798089687.5,-24.66397
2798089843.75,-24.65915
2798090000.0,-24.66291
2798090156.25,-24.66215
2798090312.5,-24.65955
2798090468.75,-24.65879
2798090625.0,-24.65906
2798090781.25,-24.65615
2798090937.5,-24.65567
2798091093.75,-24.65375
2798091250.0,-24.65334
2798091406.25,-24.6524
2798091562.5,-24.65381
2798091718.75,-24.65154
2798091875.0,-24.6508
2798092031.25,-24.64809
2798092187.5,-24.65066
2798092343.75,-24.65061
2798092500.0,-24.6481
2798092656.25,-24.64889
2798092812.5,-24.64506
2798092968.75,-24.64124
2798093125.0,-24.63955
2798093281.25,-24.6394
2798093437.5,-24.64295
2798093593.75,-24.64318
2798093750.0,-24.64207
2798093906.25,-24.63659
2798094062.5,-24.63828
2798094218.75,-24.64087
2798094375.0,-24.6384
2798094531.25,-24.63677
2798094687.5,-24.63804
2798094843.75,-24.63437
2798095000.0,-24.63402
2798095156.25,-24.62967
2798095312.5,-24.63415
2798095468.75,-24.62997
2798095625.0,-24.63185
2798095781.25,-24.63031
2798095937.5,-24.62865
2798096093.75,-24.62708
2798096250.0,-24.62706
2798096406.25,-24.6265
2798096562.5,-24.62237
2798096718.75,-24.62576
2798096875.0,-24.62423
2798097031.25,-24.62215
2798097187.5,-24.62422
2798097343.75,-24.62039
2798097500.0,-24.6184
2798097656.25,-24.62191
2798097812.5,-24.61707
2798097968.75,-24.61801
2798098125.0,-24.61831
2798098281.25,-24.61449
2798098437.5,-24.61228
2798098593.75,-24.61231
2798098750.0,-24.61033
2798098906.25,-24.61394
2798099062.5,-24.61254
2798099218.75,-24.60993
2798099375.0,-24.61129
2798099531.25,-24.60843
2798099687.5,-24.60872
2798099843.75,-24.60772
2798100000.0,-24.60393
2798100156.25,-24.60658
2798100312.5,-24.6049
2798100468.75,-24.60651
2798100625.0,-24.60274
2798100781.25,-24.60144
2798100937.5,-24.60175
2798101093.75,-24.6005
2798101250.0,-24.60225
2798101406.25,-24.59943
2798101562.5,-24.59306
2798101718.75,-24.59647
2798101875.0,-24.59598
2798102031.25,-24.5919
2798102187.5,-24.59377
2798102343.75,-24.5946
2798102500.0,-24.59148
2798102656.25,-24.59137
2798102812.5,-24.59002
2798102968.75,-24.5893
2798103125.0,-24.58751
2798103281.25,-24.59015
2798103437.5,-24.58767
2798103593.75,-24.5854
2798103750.0,-24.58478
2798103906.25,-24.58501
2798104062.5,-24.58382
2798104218.75,-24.58338
2798104375.0,-24.58435
2798104531.25,-24.58147
2798104687.5,-24.57927
2798104843.75,-24.57966
2798105000.0,-24.57824
2798105156.25,-24.57611
2798105312.5,-24.57505
2798105468.75,-24.57697
2798105625.0,-24.57511
2798105781.25,-24.57263
2798105937.5,-24.57281
2798106093.75,-24.5712
2798106250.0,-24.57334
2798106406.25,-24.57096
2798106562.5,-24.5714
2798106718.75,-24.57128
2798106875.0,-24.56801
2798107031.25,-24.56474
2798107187.5,-24.56708
2798107343.75,-24.56486
2798107500.0,-24.56591
2798107656.25,-24.56188
2798107812.5,-24.56201
2798107968.75,-24.56161
2798108125.0,-24.56049
2798108281.25,-24.55923
2798108437.5,-24.56213
2798108593.75,-24.55823
2798108750.0,-24.55887
2798108906.25,-24.559
2798109062.5,-24.55399
2798109218.75,-24.55607
2798109375.0,-24.55484
2798109531.25,-24.55304
2798109687.5,-24.55174
2798109843.75,-24.55135
2798110000.0,-24.55078
2798110156.25,-24.5507
2798110312.5,-24.54876
2798110468.75,-24.54629
2798110625.0,-24.54773
2798110781.25,-24.54664
2798110937.5,-24.54579
2798111093.75,-24.54299
2798111250.0,-24.54276
2798111406.25,-24.54391
2798111562.5,-24.54041
2798111718.75,-24.54157
2798111875.0,-24.5426
2798112031.25,-24.53997
2798112187.5,-24.53996
2798112343.75,-24.5382
2798112500.0,-24.53887
2798112656.25,-24.53589
2798112812.5,-24.53471
2798112968.75,-24.53619
2798113125.0,-24.53477
2798113281.25,-24.53281
2798113437.5,-24.53353
2798113593.75,-24.52901
2798113750.0,-24.53255
2798113906.25,-24.5278
2798114062.5,-24.52754
2798114218.75,-24.53024
2798114375.0,-24.52425
2798114531.25,-24.52395
2798114687.5,-24.52633
2798114843.75,-24.52283
2798115000.0,-24.52526
2798115156.25,-24.5226
2798115312.5,-24.52127
2798115468.75,-24.51869
2798115625.0,-24.52052
2798115781.25,-24.52094
2798115937.5,-24.51793
2798116093.75,-24.51659
2798116250.0,-24.51854
2798116406.25,-24.51644
2798116562.5,-24.51527
2798116718.75,-24.51223
2798116875.0,-24.5121
2798117031.25,-24.51227
2798117187.5,-24.50999
2798117343.75,-24.50965
2798117500.0,-24.51163
2798117656.25,-24.50608
2798117812.5,-24.50946
2798117968.75,-24.50701
2798118125.0,-24.50455
2798118281.25,-24.50746
2798118437.5,-24.50292
2798118593.75,-24.50088
2798118750.0,-24.50095
2798118906.25,-24.50309
2798119062.5,-24.50253
2798119218.75,-24.49965
2798119375.0,-24.49937
2798119531.25,-24.49772
2798119687.5,-24.498
2798119843.75,-24.49705
2798120000.0,-24.49684
2798120156.25,-24.49519
2798120312.5,-24.49366
2798120468.75,-24.49656
2798120625.0,-24.49018
2798120781.25,-24.49274
2798120937.5,-24.49157
2798121093.75,-24.48908
2798121250.0,-24.48795
2798121406.25,-24.48734
2798121562.5,-24.48766
2798121718.75,-24.48524
2798121875.0,-24.48543
2798122031.25,-24.48148
2798122187.5,-24.48388
2798122343.75,-24.48236
2798122500.0,-24.48372
2798122656.25,-24.48115
2798122812.5,-24.48111
2798122968.75,-24.48167
2798123125.0,-24.47888
2798123281.25,-24.47825
2798123437.5,-24.47672
2798123593.75,-24.4756
2798123750.0,-24.47225
2798123906.25,-24.47352
2798124062.5,-24.47166
2798124218.75,-24.47392
2798124375.0,-24.47189
2798124531.25,-24.47099
2798124687.5,-24.46917
2798124843.75,-24.4668
2798125000.0,-24.46559
2798125156.25,-24.46464
2798125312.5,-24.46368
2798125468.75,-24.46501
2798125625.0,-24.4624
2798125781.25,-24.46248
2798125937.5,-24.46241
2798126093.75,-24.46408
2798126250.0,-24.46019
2798126406.25,-24.46104
2798126562.5,-24.45935
2798126718.75,-24.45807
2798126875.0,-24.45897
2798127031.25,-24.45741
2798127187.5,-24.45551
2798127343.75,-24.45292
2798127500.0,-24.45361
2798127656.25,-24.45507
2798127812.5,-24.45121
2798127968.75,-24.453
2798128125.0,-24.45135
2798128281.25,-24.44886
2798128437.5,-24.45078
2798128593.75,-24.45035
2798128750.0,-24.44869
2798128906.25,-24.44557
2798129062.5,-24.44278
2798129218.75,-24.44621
2798129375.0,-24.44305
2798129531.25,-24.44364
2798129687.5,-24.44101
2798129843.75,-24.44064
2798130000.0,-24.44072
2798130156.25,-24.44008
2798130312.5,-24.43822
2798130468.75,-24.43733
2798130625.0,-24.43628
2798130781.25,-24.43847
2798130937.5,-24.43626
2798131093.75,-24.43514
2798131250.0,-24.43604
2798131406.25,-24.43209
2798131562.5,-24.43354
2798131718.75,-24.43215
2798131875.0,-24.42988
2798132031.25,-24.4269
2798132187.5,-24.42493
2798132343.75,-24.42656
2798132500.0,-24.425
2798132656.25,-24.42544
2798132812.5,-24.42492
2798132968.75,-24.42272
2798133125.0,-24.4219
2798133281.25,-24.41708
2798133437.5,-24.42113
2798133593.75,-24.41776
2798133750.0,-24.41841
2798133906.25,-24.41855
2798134062.5,-24.41555
2798134218.75,-24.41487
2798134375.0,-24.41478
2798134531.25,-24.41545
2798134687.5,-24.41373
2798134843.75,-24.412
2798135000.0,-24.41105
2798135156.25,-24.41231
2798135312.5,-24.41137
2798135468.75,-24.40931
2798135625.0,-24.40709
2798135781.25,-24.40699
2798135937.5,-24.40918
2798136093.75,-24.40342
2798136250.0,-24.40544
2798136406.25,-24.40319
2798136562.5,-24.40531
2798136718.75,-24.39863
2798136875.0,-24.39829
2798137031.25,-24.39994
2798137187.5,-24.39888
2798137343.75,-24.39796
2798137500.0,-24.39617
2798137656.25,-24.39564
2798137812.5,-24.39496
2798137968.75,-24.39366
2798138125.0,-24.39441
2798138281.25,-24.3958
2798138437.5,-24.39379
2798138593.75,-24.39349
2798138750.0,-24.39098
2798138906.25,-24.38613
2798139062.5,-24.38782
2798139218.75,-24.38921
2798139375.0,-24.38704
2798139531.25,-24.38825
2798139687.5,-24.38562
2798139843.75,-24.38463
2798140000.0,-24.38308
2798140156.25,-24.38301
2798140312.5,-24.38399
2798140468.75,-24.38243
2798140625.0,-24.37867
2798140781.25,-24.37724
2798140937.5,-24.37729
2798141093.75,-24.37482
2798141250.0,-24.37705
2798141406.25,-24.37537
2798141562.5,-24.37451
2798141718.75,-24.37374
2798141875.0,-24.36691
2798142031.25,-24.37156
2798142187.5,-24.37344
2798142343.75,-24.36989
2798142500.0,-24.37049
2798142656.25,-24.36837
2798142812.5,-24.36716
2798142968.75,-24.3657
2798143125.0,-24.36478
2798143281.25,-24.36577
2798143437.5,-24.36529
2798143593.75,-24.36065
2798143750.0,-24.36406
2798143906.25,-24.36017
2798144062.5,-24.36047
2798144218.75,-24.35774
2798144375.0,-24.35926
2798144531.25,-24.3618
2798144687.5,-24.35404
2798144843.75,-24.35476
2798145000.0,-24.35625
2798145156.25,-24.35443
2798145312.5,-24.35156
2798145468.75,-24.35314
2798145625.0,-24.35169
2798145781.25,-24.34985
2798145937.5,-24.34797
2798146093.75,-24.34516
2798146250.0,-24.34793
2798146406.25,-24.34577
2798146562.5,-24.34607
2798146718.75,-24.34801
2798146875.0,-24.34335
2798147031.25,-24.34529
2798147187.5,-24.34345
2798147343.75,-24.34201
2798147500.0,-24.34019
2798147656.25,-24.34183
2798147812.5,-24.33919
2798147968.75,-24.33612
2798148125.0,-24.33505
2798148281.25,-24.33944
2798148437.5,-24.33865
2798148593.75,-24.33728
2798148750.0,-24.33451
2798148906.25,-24.33209
2798149062.5,-24.33318
2798149218.75,-24.33222
2798149375.0,-24.33041
2798149531.25,-24.32744
2798149687.5,-24.32801
2798149843.75,-24.32862
2798150000.0,-24.32614
2798150156.25,-24.32589
2798150312.5,-24.32891
2798150468.75,-24.32633
2798150625.0,-24.32259
2798150781.25,-24.32381
2798150937.5,-24.32326
2798151093.75,-24.32211
2798151250.0,-24.32036
2798151406.25,-24.3212
2798151562.5,-24.32099
2798151718.75,-24.31778
2798151875.0,-24.31884
2798152031.25,-24.31527
2798152187.5,-24.31496
2798152343.75,-24.3146
2798152500.0,-24.31193
2798152656.25,-24.314
2798152812.5,-24.31285
2798152968.75,-24.31062
2798153125.0,-24.312
2798153281.25,-24.30927
2798153437.5,-24.31067
2798153593.75,-24.30819
2798153750.0,-24.30283
2798153906.25,-24.30596
2798154062.5,-24.30367
2798154218.75,-24.3042
2798154375.0,-24.30017
2798154531.25,-24.30135
2798154687.5,-24.29811
2798154843.75,-24.29936
2798155000.0,-24.29778
2798155156.25,-24.29866
2798155312.5,-24.29558
2798155468.75,-24.29424
2798155625.0,-24.2949
2798155781.25,-24.29514
2798155937.5,-24.29563
2798156093.75,-24.2923
2798156250.0,-24.29329
2798156406.25,-24.28942
2798156562.5,-24.29074
2798156718.75,-24.29098
2798156875.0,-24.28899
2798157031.25,-24.28747
2798157187.5,-24.28874
2798157343.75,-24.28659
2798157500.0,-24.28376
2798157656.25,-24.28526
2798157812.5,-24.28155
2798157968.75,-24.28565
2798158125.0,-24.27917
2798158281.25,-24.27969
2798158437.5,-24.28003
2798158593.75,-24.27818
2798158750.0,-24.27806
2798158906.25,-24.27611
2798159062.5,-24.27444
2798159218.75,-24.27364
2798159375.0,-24.27495
2798159531.25,-24.27371
2798159687.5,-24.27171
2798159843.75,-24.2712
2798160000.0,-24.26955
2798160156.25,-24.26552
2798160312.5,-24.26651
2798160468.75,-24.26908
2798160625.0,-24.26877
2798160781.25,-24.26268
2798160937.5,-24.26342
2798161093.75,-24.26415
2798161250.0,-24.25959
2798161406.25,-24.26145
2798161562.5,-24.26144
2798161718.75,-24.26146
2798161875.0,-24.2595
2798162031.25,-24.2582
2798162187.5,-24.25916
2798162343.75,-24.25499
2798162500.0,-24.25599
2798162656.25,-24.25556
2798162812.5,-24.25571
2798162968.75,-24.25147
2798163125.0,-24.25283
2798163281.25,-24.25094
2798163437.5,-24.24956
2798163593.75,-24.24994
2798163750.0,-24.2504
2798163906.25,-24.24483
2798164062.5,-24.24659
2798164218.75,-24.24435
2798164375.0,-24.24687
2798164531.25,-24.24496
2798164687.5,-24.23974
2798164843.75,-24.24388
2798165000.0,-24.24262
2798165156.25,-24.23915
2798165312.5,-24.24037
2798165468.75,-24.23945
2798165625.0,-24.23671
2798165781.25,-24.23629
2798165937.5,-24.23774
2798166093.75,-24.23292
2798166250.0,-24.23416
2798166406.25,-24.23226
2798166562.5,-24.23073
2798166718.75,-24.23343
2798166875.0,-24.23344
2798167031.25,-24.2328
2798167187.5,-24.22706
2798167343.75,-24.22891
2798167500.0,-24.22263
2798167656.25,-24.22823
2798167812.5,-24.22587
2798167968.75,-24.2275
2798168125.0,-24.22329
2798168281.25,-24.2246
2798168437.5,-24.22197
2798168593.75,-24.22206
2798168750.0,-24.22091
2798168906.25,-24.21912
2798169062.5,-24.2177
2798169218.75,-24.21711
2798169375.0,-24.21631
2798169531.25,-24.21509
2798169687.5,-24.21463
2798169843.75,-24.21141
2798170000.0,-24.21241
2798170156.25,-24.21132
2798170312.5,-24.21015
2798170468.75,-24.21072
2798170625.0,-24.20778
2798170781.25,-24.20819
2798170937.5,-24.20398
2798171093.75,-24.20802
2798171250.0,-24.20613
2798171406.25,-24.20511
2798171562.5,-24.20349
2798171718.75,-24.19938
2798171875.0,-24.20504
2798172031.25,-24.20413
2798172187.5,-24.20109
2798172343.75,-24.19793
2798172500.0,-24.19655
2798172656.25,-24.19489
2798172812.5,-24.19848
2798172968.75,-24.19554
2798173125.0,-24.19571
2798173281.25,-24.19448
2798173437.5,-24.19398
2798173593.75,-24.19102
2798173750.0,-24.19421
2798173906.25,-24.18751
2798174062.5,-24.18659
2798174218.75,-24.18931
2798174375.0,-24.1852
2798174531.25,-24.18855
2798174687.5,-24.18494
2798174843.75,-24.18692
2798175000.0,-24.18537
2798175156.25,-24.1819
2798175312.5,-24.18327
2798175468.75,-24.18053
2798175625.0,-24.17806
2798175781.25,-24.17734
2798175937.5,-24.17813
2798176093.75,-24.17799
2798176250.0,-24.17622
2798176406.25,-24.17615
2798176562.5,-24.17561
2798176718.75,-24.17739
2798176875.0,-24.17375
2798177031.25,-24.17381
2798177187.5,-24.17144
2798177343.75,-24.16941
2798177500.0,-24.16972
2798177656.25,-24.16974
2798177812.5,-24.16837
2798177968.75,-24.16772
2798178125.0,-24.16436
2798178281.25,-24.16762
2798178437.5,-24.16444
2798178593.75,-24.16311
2798178750.0,-24.1592
2798178906.25,-24.16137
2798179062.5,-24.16123
2798179218.75,-24.15984
2798179375.0,-24.15857
2798179531.25,-24.15503
2798179687.5,-24.15544
2798179843.75,-24.15786
2798180000.0,-24.15432
2798180156.25,-24.15226
2798180312.5,-24.15403
2798180468.75,-24.15312
2798180625.0,-24.15031
2798180781.25,-24.15115
2798180937.5,-24.15009
2798181093.75,-24.14916
2798181250.0,-24.14833
2798181406.25,-24.14711
2798181562.5,-24.14772
2798181718.75,-24.14544
2798181875.0,-24.14231
2798182031.25,-24.14516
2798182187.5,-24.14282
2798182343.75,-24.14264
2798182500.0,-24.14131
2798182656.25,-24.14184
2798182812.5,-24.13657
2798182968.75,-24.13827
2798183125.0,-24.13814
2798183281.25,-24.13671
2798183437.5,-24.13553
2798183593.75,-24.13412
2798183750.0,-24.13472
2798183906.25,-24.13031
2798184062.5,-24.12943
2798184218.75,-24.13103
2798184375.0,-24.1328
2798184531.25,-24.13256
2798184687.5,-24.12857
2798184843.75,-24.12604
2798185000.0,-24.12448
2798185156.25,-24.12673
2798185312.5,-24.12408
2798185468.75,-24.12313
2798185625.0,-24.12062
2798185781.25,-24.12329
2798185937.5,-24.12141
2798186093.75,-24.11951
2798186250.0,-24.11938
2798186406.25,-24.11702
2798186562.5,-24.1178
2798186718.75,-24.11571
2798186875.0,-24.11643
2798187031.25,-24.11337
2798187187.5,-24.11119
2798187343.75,-24.10983
2798187500.0,-24.10996
2798187656.25,-24.11009
2798187812.5,-24.10842
2798187968.75,-24.10912
2798188125.0,-24.10813
2798188281.25,-24.11053
2798188437.5,-24.10584
2798188593.75,-24.10549
2798188750.0,-24.10595
2798188906.25,-24.10146
2798189062.5,-24.10235
2798189218.75,-24.10369
2798189375.0,-24.10172
2798189531.25,-24.10145
2798189687.5,-24.10005
2798189843.75,-24.09619
2798190000.0,-24.09626
2798190156.25,-24.09664
2798190312.5,-24.09385
2798190468.75,-24.09417
2798190625.0,-24.09653
2798190781.25,-24.0915
2798190937.5,-24.09127
2798191093.75,-24.09224
2798191250.0,-24.08747
2798191406.25,-24.09044
2798191562.5,-24.08813
2798191718.75,-24.08599
2798191875.0,-24.08641
2798192031.25,-24.08543
2798192187.5,-24.08305
2798192343.75,-24.08237
2798192500.0,-24.08193
2798192656.25,-24.0836
2798192812.5,-24.08211
2798192968.75,-24.08013
2798193125.0,-24.07742
2798193281.25,-24.07976
2798193437.5,-24.07727
2798193593.75,-24.07836
2798193750.0,-24.07768
2798193906.25,-24.07588
2798194062.5,-24.07767
2798194218.75,-24.07286
2798194375.0,-24.07131
2798194531.25,-24.06924
2798194687.5,-24.07148
2798194843.75,-24.06993
2798195000.0,-24.06643
2798195156.25,-24.06896
2798195312.5,-24.06704
2798195468.75,-24.06753
2798195625.0,-24.06693
2798195781.25,-24.06323
2798195937.5,-24.06342
2798196093.75,-24.05976
2798196250.0,-24.06165
2798196406.25,-24.0594
2798196562.5,-24.06053
2798196718.75,-24.05843
2798196875.0,-24.05827
2798197031.25,-24.05571
2798197187.5,-24.0572
2798197343.75,-24.05577
2798197500.0,-24.05259
2798197656.25,-24.05315
2798197812.5,-24.05079
2798197968.75,-24.04989
2798198125.0,-24.05093
2798198281.25,-24.04894
2798198437.5,-24.04906
2798198593.75,-24.04733
2798198750.0,-24.04579
2798198906.25,-24.04702
2798199062.5,-24.04311
2798199218.75,-24.04298
2798199375.0,-24.0382
2798199531.25,-24.04041
2798199687.5,-24.04307
2798199843.75,-24.04208
2798200000.0,-24.03984
2798200156.25,-24.03417
2798200312.5,-24.03858
2798200468.75,-24.03642
2798200625.0,-24.03514
2798200781.25,-24.03142
2798200937.5,-24.03271
2798201093.75,-24.03124
2798201250.0,-24.03054
2798201406.25,-24.03119
2798201562.5,-24.02861
2798201718.75,-24.03029
2798201875.0,-24.02959
2798202031.25,-24.02655
2798202187.5,-24.02412
2798202343.75,-24.02263
2798202500.0,-24.02504
2798202656.25,-24.02258
2798202812.5,-24.02284
2798202968.75,-24.02015
2798203125.0,-24.01635
2798203281.25,-24.02309
2798203437.5,-24.01645
2798203593.75,-24.01656
2798203750.0,-24.02024
2798203906.25,-24.01657
2798204062.5,-24.01377
2798204218.75,-24.01424
2798204375.0,-24.01294
2798204531.25,-24.01288
2798204687.5,-24.01008
2798204843.75,-24.01097
2798205000.0,-24.00952
2798205156.25,-24.00949
2798205312.5,-24.00677
2798205468.75,-24.00742
2798205625.0,-24.00501
2798205781.25,-24.0053
2798205937.5,-24.00273
2798206093.75,-24.00103
2798206250.0,-24.00158
2798206406.25,-24.00313
2798206562.5,-23.99863
2798206718.75,-24.00038
2798206875.0,-23.9988
2798207031.25,-23.99745
2798207187.5,-23.99806
2798207343.75,-23.99401
2798207500.0,-23.99284
2798207656.25,-23.99451
2798207812.5,-23.99154
2798207968.75,-23.99022
2798208125.0,-23.99008
2798208281.25,-23.99235
2798208437.5,-23.98978
2798208593.75,-23.98567
2798208750.0,-23.98981
2798208906.25,-23.98654
2798209062.5,-23.98729
2798209218.75,-23.98535
2798209375.0,-23.98584
2798209531.25,-23.98406
2798209687.5,-23.98135
2798209843.75,-23.98154
2798210000.0,-23.98179
2798210156.25,-23.98215
2798210312.5,-23.97971
2798210468.75,-23.9791
2798210625.0,-23.97927
2798210781.25,-23.97622
2798210937.5,-23.97766
2798211093.75,-23.97326
2798211250.0,-23.97198
2798211406.25,-23.97095
2798211562.5,-23.97142
2798211718.75,-23.97007
2798211875.0,-23.96976
2798212031.25,-23.96909
2798212187.5,-23.9691
2798212343.75,-23.96756
2798212500.0,-23.96366
2798212656.25,-23.96329
2798212812.5,-23.96351
2798212968.75,-23.96379
2798213125.0,-23.96146
2798213281.25,-23.96144
2798213437.5,-23.95923
2798213593.75,-23.95723
2798213750.0,-23.95963
2798213906.25,-23.95602
2798214062.5,-23.95409
2798214218.75,-23.95739
2798214375.0,-23.95347
2798214531.25,-23.95261
2798214687.5,-23.9533
2798214843.75,-23.94897
2798215000.0,-23.95384
2798215156.25,-23.95067
2798215312.5,-23.94876
2798215468.75,-23.94988
2798215625.0,-23.94717
2798215781.25,-23.94508
2798215937.5,-23.94658
2798216093.75,-23.94299
2798216250.0,-23.94325
2798216406.25,-23.93941
2798216562.5,-23.94104
2798216718.75,-23.94331
2798216875.0,-23.93934
2798217031.25,-23.93678
2798217187.5,-23.93789
2798217343.75,-23.93626
2798217500.0,-23.93641
2798217656.25,-23.93467
2798217812.5,-23.93589
2798217968.75,-23.93265
2798218125.0,-23.93333
2798218281.25,-23.93281
2798218437.5,-23.92881
2798218593.75,-23.92747
2798218750.0,-23.92774
2798218906.25,-23.92745
2798219062.5,-23.92401
2798219218.75,-23.92747
2798219375.0,-23.92391
2798219531.25,-23.92376
2798219687.5,-23.92469
2798219843.75,-23.92108
2798220000.0,-23.92098
2798220156.25,-23.91956
2798220312.5,-23.92192
2798220468.75,-23.91766
2798220625.0,-23.91747
2798220781.25,-23.91595
2798220937.5,-23.91624
2798221093.75,-23.91266
2798221250.0,-23.91367
2798221406.25,-23.91438
2798221562.5,-23.9114
2798221718.75,-23.90982
2798221875.0,-23.90981
2798222031.25,-23.9084
2798222187.5,-23.90784
2798222343.75,-23.90576
2798222500.0,-23.90609
2798222656.25,-23.90602
2798222812.5,-23.90302
2798222968.75,-23.90355
2798223125.0,-23.9024
2798223281.25,-23.90198
2798223437.5,-23.8999
2798223593.75,-23.90203
2798223750.0,-23.89767
2798223906.25,-23.89654
2798224062.5,-23.89924
2798224218.75,-23.89716
2798224375.0,-23.89307
2798224531.25,-23.89345
2798224687.5,-23.89451
2798224843.75,-23.89308
2798225000.0,-23.89025
2798225156.25,-23.89335
2798225312.5,-23.88789
2798225468.75,-23.88792
2798225625.0,-23.88549
2798225781.25,-23.88657
2798225937.5,-23.88513
2798226093.75,-23.88352
2798226250.0,-23.88275
2798226406.25,-23.88496
2798226562.5,-23.88018
2798226718.75,-23.87985
2798226875.0,-23.87887
2798227031.25,-23.88207
2798227187.5,-23.87822
2798227343.75,-23.87732
2798227500.0,-23.8782
2798227656.25,-23.87509
2798227812.5,-23.87568
2798227968.75,-23.8731
2798228125.0,-23.87428
2798228281.25,-23.87181
2798228437.5,-23.87269
2798228593.75,-23.86873
2798228750.0,-23.86919
2798228906.25,-23.86914
2798229062.5,-23.86834
2798229218.75,-23.8663
2798229375.0,-23.86511
2798229531.25,-23.86342
2798229687.5,-23.86201
2798229843.75,-23.86167
2798230000.0,-23.86143
2798230156.25,-23.85799
2798230312.5,-23.85882
2798230468.75,-23.86064
2798230625.0,-23.85854
2798230781.25,-23.85709
2798230937.5,-23.85504
2798231093.75,-23.85436
2798231250.0,-23.85552
2798231406.25,-23.85206
2798231562.5,-23.85362
2798231718.75,-23.85301
2798231875.0,-23.8497
2798232031.25,-23.84905
2798232187.5,-23.8495
2798232343.75,-23.8462
2798232500.0,-23.84612
2798232656.25,-23.84642
2798232812.5,-23.84323
2798232968.75,-23.84318
2798233125.0,-23.84334
2798233281.25,-23.84225
2798233437.5,-23.84175
2798233593.75,-23.83843
2798233750.0,-23.83797
2798233906.25,-23.83587
2798234062.5,-23.837
2798234218.75,-23.83577
2798234375.0,-23.83399
2798234531.25,-23.83391
2798234687.5,-23.83303
2798234843.75,-23.83229
2798235000.0,-23.82939
2798235156.25,-23.83267
2798235312.5,-23.82982
2798235468.75,-23.82898
2798235625.0,-23.82654
2798235781.25,-23.82467
2798235937.5,-23.82687
2798236093.75,-23.82317
2798236250.0,-23.82456
2798236406.25,-23.82397
2798236562.5,-23.8215
2798236718.75,-23.82122
2798236875.0,-23.82044
2798237031.25,-23.8207
2798237187.5,-23.81912
2798237343.75,-23.81929
2798237500.0,-23.81757
2798237656.25,-23.81876
2798237812.5,-23.81443
2798237968.75,-23.81396
2798238125.0,-23.81277
2798238281.25,-23.81001
2798238437.5,-23.81295
2798238593.75,-23.8098
2798238750.0,-23.80758
2798238906.25,-23.80851
2798239062.5,-23.80564
2798239218.75,-23.80551
2798239375.0,-23.80328
2798239531.25,-23.80704
2798239687.5,-23.80366
2798239843.75,-23.80201
2798240000.0,-23.80102
2798240156.25,-23.80079
2798240312.5,-23.79789
2798240468.75,-23.80141
2798240625.0,-23.80067
2798240781.25,-23.79606
2798240937.5,-23.79895
2798241093.75,-23.79689
2798241250.0,-23.79215
2798241406.25,-23.79286
2798241562.5,-23.79365
2798241718.75,-23.79094
2798241875.0,-23.79102
2798242031.25,-23.78802
2798242187.5,-23.78902
2798242343.75,-23.78715
2798242500.0,-23.78933
2798242656.25,-23.78686
2798242812.5,-23.78313
2798242968.75,-23.78273
2798243125.0,-23.78188
2798243281.25,-23.78188
2798243437.5,-23.78258
2798243593.75,-23.78136
2798243750.0,-23.7785
2798243906.25,-23.77843
2798244062.5,-23.7759
2798244218.75,-23.77479
2798244375.0,-23.77319
2798244531.25,-23.77291
2798244687.5,-23.77324
2798244843.75,-23.77292
2798245000.0,-23.77102
2798245156.25,-23.76883
2798245312.5,-23.77028
2798245468.75,-23.76925
2798245625.0,-23.76852
2798245781.25,-23.76714
2798245937.5,-23.76509
2798246093.75,-23.76844
2798246250.0,-23.76224
2798246406.25,-23.7646
2798246562.5,-23.76019
2798246718.75,-23.76184
2798246875.0,-23.75864
2798247031.25,-23.75959
2798247187.5,-23.75855
2798247343.75,-23.75716
2798247500.0,-23.75939
2798247656.25,-23.75246
2798247812.5,-23.7544
2798247968.75,-23.75527
2798248125.0,-23.75036
2798248281.25,-23.75288
2798248437.5,-23.75162
2798248593.75,-23.74795
2798248750.0,-23.7496
2798248906.25,-23.74944
2798249062.5,-23.74566
2798249218.75,-23.74531
2798249375.0,-23.74323
2798249531.25,-23.74494
2798249687.5,-23.74015
2798249843.75,-23.74161
2798250000.0,-23.73987
2798250156.25,-23.74088
2798250312.5,-23.73785
2798250468.75,-23.73659
2798250625.0,-23.73565
2798250781.25,-23.7375
2798250937.5,-23.73709
2798251093.75,-23.73368
2798251250.0,-23.73417
2798251406.25,-23.73416
2798251562.5,-23.73315
2798251718.75,-23.73319
2798251875.0,-23.73177
2798252031.25,-23.73289
2798252187.5,-23.72839
2798252343.75,-23.72647
2798252500.0,-23.72691
2798252656.25,-23.72569
2798252812.5,-23.72359
2798252968.75,-23.72294
2798253125.0,-23.72065
2798253281.25,-23.71948
2798253437.5,-23.71919
2798253593.75,-23.71992
2798253750.0,-23.71755
2798253906.25,-23.71716
2798254062.5,-23.71682
2798254218.75,-23.71286
2798254375.0,-23.71381
2798254531.25,-23.71281
2798254687.5,-23.71004
2798254843.75,-23.71027
2798255000.0,-23.70744
2798255156.25,-23.7085
2798255312.5,-23.71157
2798255468.75,-23.70699
2798255625.0,-23.70581
2798255781.25,-23.70595
2798255937.5,-23.7065
2798256093.75,-23.70521
2798256250.0,-23.70416
2798256406.25,-23.70382
2798256562.5,-23.7009
2798256718.75,-23.70347
2798256875.0,-23.70193
2798257031.25,-23.69916
2798257187.5,-23.6975
2798257343.75,-23.69585
2798257500.0,-23.69524
2798257656.25,-23.69402
2798257812.5,-23.69233
2798257968.75,-23.6941
2798258125.0,-23.69009
2798258281.25,-23.69129
2798258437.5,-23.69031
2798258593.75,-23.69321
2798258750.0,-23.68849
2798258906.25,-23.68605
2798259062.5,-23.6869
2798259218.75,-23.68391
2798259375.0,-23.68536
2798259531.25,-23.68425
2798259687.5,-23.68447
2798259843.75,-23.68347
2798260000.0,-23.68217
2798260156.25,-23.68015
2798260312.5,-23.67825
2798260468.75,-23.67604
2798260625.0,-23.67397
2798260781.25,-23.6751
2798260937.5,-23.67425
2798261093.75,-23.67735
2798261250.0,-23.6737
2798261406.25,-23.67161
2798261562.5,-23.67237
2798261718.75,-23.67028
2798261875.0,-23.66905
2798262031.25,-23.66767
2798262187.5,-23.66778
2798262343.75,-23.66848
2798262500.0,-23.66543
2798262656.25,-23.66231
2798262812.5,-23.66369
2798262968.75,-23.66208
2798263125.0,-23.65967
2798263281.25,-23.65867
2798263437.5,-23.66077
2798263593.75,-23.65874
2798263750.0,-23.65969
2798263906.25,-23.65629
2798264062.5,-23.65504
2798264218.75,-23.65598
2798264375.0,-23.65448
2798264531.25,-23.65573
2798264687.5,-23.65315
2798264843.75,-23.64985
2798265000.0,-23.6498
2798265156.25,-23.65281
2798265312.5,-23.65002
2798265468.75,-23.64495
2798265625.0,-23.64877
2798265781.25,-23.64782
2798265937.5,-23.64245
2798266093.75,-23.64334
2798266250.0,-23.64312
2798266406.25,-23.64042
2798266562.5,-23.63995
2798266718.75,-23.63834
2798266875.0,-23.63936
2798267031.25,-23.63876
2798267187.5,-23.63754
2798267343.75,-23.63844
2798267500.0,-23.63241
2798267656.25,-23.63465
2798267812.5,-23.63245
2798267968.75,-23.63129
2798268125.0,-23.63076
2798268281.25,-23.63067
2798268437.5,-23.62971
2798268593.75,-23.62763
2798268750.0,-23.62794
2798268906.25,-23.62402
2798269062.5,-23.62304
2798269218.75,-23.62531
2798269375.0,-23.62296
2798269531.25,-23.62197
2798269687.5,-23.62005
2798269843.75,-23.62155
2798270000.0,-23.61921
2798270156.25,-23.61849
2798270312.5,-23.61926
2798270468.75,-23.61833
2798270625.0,-23.61378
2798270781.25,-23.61358
2798270937.5,-23.61227
2798271093.75,-23.60882
2798271250.0,-23.61275
2798271406.25,-23.61007
2798271562.5,-23.609
2798271718.75,-23.60798
2798271875.0,-23.60954
2798272031.25,-23.60912
2798272187.5,-23.60707
2798272343.75,-23.6051
2798272500.0,-23.60472
2798272656.25,-23.60414
2798272812.5,-23.60144
2798272968.75,-23.59891
2798273125.0,-23.59888
2798273281.25,-23.59642
2798273437.5,-23.59791
2798273593.75,-23.5967
2798273750.0,-23.59445
2798273906.25,-23.59665
2798274062.5,-23.59533
2798274218.75,-23.59291
2798274375.0,-23.59294
2798274531.25,-23.59193
2798274687.5,-23.59117
2798274843.75,-23.59114
2798275000.0,-23.58807
2798275156.25,-23.5893
2798275312.5,-23.58821
2798275468.75,-23.58478
2798275625.0,-23.58401
2798275781.25,-23.58477
2798275937.5,-23.58256
2798276093.75,-23.58227
2798276250.0,-23.57893
2798276406.25,-23.57934
2798276562.5,-23.57916
2798276718.75,-23.57829
2798276875.0,-23.5751
2798277031.25,-23.57673
2798277187.5,-23.57353
2798277343.75,-23.57533
2798277500.0,-23.57384
2798277656.25,-23.57706
2798277812.5,-23.56823
2798277968.75,-23.56809
2798278125.0,-23.56697
2798278281.25,-23.56703
2798278437.5,-23.56903
2798278593.75,-23.56511
2798278750.0,-23.5636
2798278906.25,-23.56262
2798279062.5,-23.5643
2798279218.75,-23.56256
2798279375.0,-23.56203
2798279531.25,-23.55883
2798279687.5,-23.56141
2798279843.75,-23.55916
2798280000.0,-23.55663
2798280156.25,-23.55554
2798280312.5,-23.55503
2798280468.75,-23.55352
2798280625.0,-23.55264
2798280781.25,-23.55383
2798280937.5,-23.55289
2798281093.75,-23.55133
2798281250.0,-23.5493
2798281406.25,-23.54882
2798281562.5,-23.54838
2798281718.75,-23.54488
2798281875.0,-23.5477
2798282031.25,-23.54589
2798282187.5,-23.54386
2798282343.75,-23.5424
2798282500.0,-23.54053
2798282656.25,-23.54079
2798282812.5,-23.5401
2798282968.75,-23.53772
2798283125.0,-23.5411
2798283281.25,-23.53658
2798283437.5,-23.53997
2798283593.75,-23.53618
2798283750.0,-23.53618
2798283906.25,-23.53559
2798284062.5,-23.53276
2798284218.75,-23.52886
2798284375.0,-23.52837
2798284531.25,-23.52807
2798284687.5,-23.52912
2798284843.75,-23.5272
2798285000.0,-23.52359
2798285156.25,-23.52671
2798285312.5,-23.52582
2798285468.75,-23.52116
2798285625.0,-23.52015
2798285781.25,-23.52388
2798285937.5,-23.52103
2798286093.75,-23.51782
2798286250.0,-23.51929
2798286406.25,-23.51696
2798286562.5,-23.51995
2798286718.75,-23.51945
2798286875.0,-23.51397
2798287031.25,-23.51356
2798287187.5,-23.51289
2798287343.75,-23.51221
2798287500.0,-23.51053
2798287656.25,-23.51042
2798287812.5,-23.50964
2798287968.75,-23.50591
2798288125.0,-23.50778
2798288281.25,-23.50666
2798288437.5,-23.50399
2798288593.75,-23.50595
2798288750.0,-23.50494
2798288906.25,-23.50127
2798289062.5,-23.50335
2798289218.75,-23.49846
2798289375.0,-23.49896
2798289531.25,-23.49712
2798289687.5,-23.49791
2798289843.75,-23.49682
2798290000.0,-23.49557
2798290156.25,-23.49463
2798290312.5,-23.49356
2798290468.75,-23.49529
2798290625.0,-23.49161
2798290781.25,-23.49225
2798290937.5,-23.49009
2798291093.75,-23.48965
2798291250.0,-23.48864
2798291406.25,-23.48804
2798291562.5,-23.48682
2798291718.75,-23.48578
2798291875.0,-23.48415
2798292031.25,-23.4842
2798292187.5,-23.48295
2798292343.75,-23.4821
2798292500.0,-23.47999
2798292656.25,-23.47836
2798292812.5,-23.47827
2798292968.75,-23.47739
2798293125.0,-23.47511
2798293281.25,-23.47823
2798293437.5,-23.47213
2798293593.75,-23.47305
2798293750.0,-23.47518
2798293906.25,-23.46954
2798294062.5,-23.46904
2798294218.75,-23.46793
2798294375.0,-23.46758
2798294531.25,-23.46756
2798294687.5,-23.46534
2798294843.75,-23.46757
2798295000.0,-23.4616
2798295156.25,-23.4631
2798295312.5,-23.46193
2798295468.75,-23.46133
2798295625.0,-23.46001
2798295781.25,-23.46171
2798295937.5,-23.46039
2798296093.75,-23.4579
2798296250.0,-23.45679
2798296406.25,-23.4556
2798296562.5,-23.4538
2798296718.75,-23.45341
2798296875.0,-23.44992
2798297031.25,-23.4515
2798297187.5,-23.45315
2798297343.75,-23.4523
2798297500.0,-23.44968
2798297656.25,-23.44974
2798297812.5,-23.44705
2798297968.75,-23.44844
2798298125.0,-23.44572
2798298281.25,-23.4472
2798298437.5,-23.44231
2798298593.75,-23.44238
2798298750.0,-23.44195
2798298906.25,-23.44265
2798299062.5,-23.43884
2798299218.75,-23.43668
2798299375.0,-23.43644
2798299531.25,-23.43564
2798299687.5,-23.43443
2798299843.75,-23.4338
2798300000.0,-23.43501
2798300156.25,-23.43128
2798300312.5,-23.43008
2798300468.75,-23.43045
2798300625.0,-23.42968
2798300781.25,-23.42661
2798300937.5,-23.42517
2798301093.75,-23.42681
2798301250.0,-23.42462
2798301406.25,-23.42602
2798301562.5,-23.42499
2798301718.75,-23.41978
2798301875.0,-23.42232
2798302031.25,-23.41855
2798302187.5,-23.42007
2798302343.75,-23.41934
2798302500.0,-23.41969
2798302656.25,-23.41499
2798302812.5,-23.4174
2798302968.75,-23.41518
2798303125.0,-23.41136
2798303281.25,-23.41127
2798303437.5,-23.41149
2798303593.75,-23.41097
2798303750.0,-23.40697
2798303906.25,-23.40774
2798304062.5,-23.40757
2798304218.75,-23.40823
2798304375.0,-23.40607
2798304531.25,-23.40451
2798304687.5,-23.40195
2798304843.75,-23.40314
2798305000.0,-23.40342
2798305156.25,-23.39819
2798305312.5,-23.39566
2798305468.75,-23.39906
2798305625.0,-23.39945
2798305781.25,-23.39869
2798305937.5,-23.39663
2798306093.75,-23.39628
2798306250.0,-23.39375
2798306406.25,-23.39212
2798306562.5,-23.39155
2798306718.75,-23.38856
2798306875.0,-23.3881
2798307031.25,-23.3878
2798307187.5,-23.38647
2798307343.75,-23.38953
2798307500.0,-23.38675
2798307656.25,-23.38791
2798307812.5,-23.3833
2798307968.75,-23.38363
2798308125.0,-23.38243
2798308281.25,-23.37852
2798308437.5,-23.38049
2798308593.75,-23.38166
2798308750.0,-23.37931
2798308906.25,-23.37838
2798309062.5,-23.37685
2798309218.75,-23.37099
2798309375.0,-23.37611
2798309531.25,-23.37207
2798309687.5,-23.37021
2798309843.75,-23.37343
2798310000.0,-23.37061
2798310156.25,-23.36997
2798310312.5,-23.36558
2798310468.75,-23.36978
2798310625.0,-23.36759
2798310781.25,-23.36616
2798310937.5,-23.36535
2798311093.75,-23.3619
2798311250.0,-23.36293
2798311406.25,-23.36164
2798311562.5,-23.3617
2798311718.75,-23.36066
2798311875.0,-23.3599
2798312031.25,-23.35695
2798312187.5,-23.35628
2798312343.75,-23.35499
2798312500.0,-23.35429
2798312656.25,-23.3533
2798312812.5,-23.35177
2798312968.75,-23.35009
2798313125.0,-23.3502
2798313281.25,-23.34883
2798313437.5,-23.35138
2798313593.75,-23.34806
2798313750.0,-23.34477
2798313906.25,-23.34575
2798314062.5,-23.34365
2798314218.75,-23.34356
2798314375.0,-23.34142
2798314531.25,-23.3421
2798314687.5,-23.34099
2798314843.75,-23.34047
2798315000.0,-23.33922
2798315156.25,-23.34002
2798315312.5,-23.33912
2798315468.75,-23.33581
2798315625.0,-23.33315
2798315781.25,-23.335
2798315937.5,-23.33613
2798316093.75,-23.33306
2798316250.0,-23.32994
2798316406.25,-23.33097
2798316562.5,-23.32863
2798316718.75,-23.32972
2798316875.0,-23.32885
2798317031.25,-23.32633
2798317187.5,-23.32403
2798317343.75,-23.32477
2798317500.0,-23.32396
2798317656.25,-23.32165
2798317812.5,-23.31812
2798317968.75,-23.32122
2798318125.0,-23.31956
2798318281.25,-23.31879
2798318437.5,-23.31431
2798318593.75,-23.31409
2798318750.0,-23.31637
2798318906.25,-23.31315
2798319062.5,-23.31474
2798319218.75,-23.31175
2798319375.0,-23.31169
2798319531.25,-23.31068
2798319687.5,-23.30789
2798319843.75,-23.31097
2798320000.0,-23.30697
2798320156.25,-23.30588
2798320312.5,-23.30639
2798320468.75,-23.30492
2798320625.0,-23.30276
2798320781.25,-23.30243
2798320937.5,-23.30005
2798321093.75,-23.30031
2798321250.0,-23.30001
2798321406.25,-23.29977
2798321562.5,-23.29779
2798321718.75,-23.29445
2798321875.0,-23.29715
2798322031.25,-23.29358
2798322187.5,-23.29134
2798322343.75,-23.29181
2798322500.0,-23.29114
2798322656.25,-23.28932
2798322812.5,-23.29032
2798322968.75,-23.28649
2798323125.0,-23.2857
2798323281.25,-23.28634
2798323437.5,-23.2839
2798323593.75,-23.28358
2798323750.0,-23.2844
2798323906.25,-23.28247
2798324062.5,-23.28129
2798324218.75,-23.28038
2798324375.0,-23.27845
2798324531.25,-23.27806
2798324687.5,-23.27456
2798324843.75,-23.27772
2798325000.0,-23.2751
2798325156.25,-23.27216
2798325312.5,-23.27209
2798325468.75,-23.27318
2798325625.0,-23.27247
2798325781.25,-23.26924
2798325937.5,-23.26804
2798326093.75,-23.27
2798326250.0,-23.26655
2798326406.25,-23.26377
2798326562.5,-23.26341
2798326718.75,-23.26497
2798326875.0,-23.26495
2798327031.25,-23.26182
2798327187.5,-23.26078
2798327343.75,-23.26116
2798327500.0,-23.25877
2798327656.25,-23.25809
2798327812.5,-23.25798
2798327968.75,-23.25554
2798328125.0,-23.25759
2798328281.25,-23.25387
2798328437.5,-23.25322
2798328593.75,-23.2548
2798328750.0,-23.25068
2798328906.25,-23.25186
2798329062.5,-23.24939
2798329218.75,-23.24813
2798329375.0,-23.24678
2798329531.25,-23.24582
2798329687.5,-23.24459
2798329843.75,-23.24669
2798330000.0,-23.24335
2798330156.25,-23.24258
2798330312.5,-23.24085
2798330468.75,-23.24214
2798330625.0,-23.23946
2798330781.25,-23.23608
2798330937.5,-23.23756
2798331093.75,-23.23558
2798331250.0,-23.23653
2798331406.25,-23.23511
2798331562.5,-23.23311
2798331718.75,-23.23018
2798331875.0,-23.23169
2798332031.25,-23.23164
2798332187.5,-23.22988
2798332343.75,-23.22861
2798332500.0,-23.22883
2798332656.25,-23.22478
2798332812.5,-23.22514
2798332968.75,-23.22344
2798333125.0,-23.22244
2798333281.25,-23.21837
2798333437.5,-23.22273
2798333593.75,-23.2213
2798333750.0,-23.22043
2798333906.25,-23.21902
2798334062.5,-23.21896
2798334218.75,-23.21558
2798334375.0,-23.21498
2798334531.25,-23.21218
2798334687.5,-23.21186
2798334843.75,-23.21229
2798335000.0,-23.21181
2798335156.25,-23.20861
2798335312.5,-23.20487
2798335468.75,-23.20938
2798335625.0,-23.2071
2798335781.25,-23.20575
2798335937.5,-23.20442
2798336093.75,-23.20455
2798336250.0,-23.20387
2798336406.25,-23.20424
2798336562.5,-23.19991
2798336718.75,-23.20183
2798336875.0,-23.1987
2798337031.25,-23.20049
2798337187.5,-23.19712
2798337343.75,-23.19805
2798337500.0,-23.19518
2798337656.25,-23.19443
2798337812.5,-23.19108
2798337968.75,-23.19383
2798338125.0,-23.1912
2798338281.25,-23.18943
2798338437.5,-23.18991
2798338593.75,-23.18884
2798338750.0,-23.18708
2798338906.25,-23.18461
2798339062.5,-23.18606
2798339218.75,-23.18558
2798339375.0,-23.18326
2798339531.25,-23.18247
2798339687.5,-23.18121
2798339843.75,-23.18016
2798340000.0,-23.17714
2798340156.25,-23.17743
2798340312.5,-23.17634
2798340468.75,-23.17648
2798340625.0,-23.17453
2798340781.25,-23.17225
2798340937.5,-23.17449
2798341093.75,-23.16967
2798341250.0,-23.17201
2798341406.25,-23.16907
2798341562.5,-23.16822
2798341718.75,-23.16586
2798341875.0,-23.16647
2798342031.25,-23.168
2798342187.5,-23.16507
2798342343.75,-23.16351
2798342500.0,-23.16267
2798342656.25,-23.16099
2798342812.5,-23.15883
2798342968.75,-23.15764
2798343125.0,-23.15984
2798343281.25,-23.15735
2798343437.5,-23.15719
2798343593.75,-23.15648
2798343750.0,-23.15642
2798343906.25,-23.15353
2798344062.5,-23.15375
2798344218.75,-23.15476
2798344375.0,-23.15035
2798344531.25,-23.15148
2798344687.5,-23.14866
2798344843.75,-23.14697
2798345000.0,-23.14547
2798345156.25,-23.14669
2798345312.5,-23.14531
2798345468.75,-23.14644
2798345625.0,-23.1414
2798345781.25,-23.14036
2798345937.5,-23.14226
2798346093.75,-23.14054
2798346250.0,-23.13924
2798346406.25,-23.13785
2798346562.5,-23.13885
2798346718.75,-23.13723
2798346875.0,-23.1336
2798347031.25,-23.13671
2798347187.5,-23.13275
2798347343.75,-23.13088
2798347500.0,-23.12947
2798347656.25,-23.13101
2798347812.5,-23.12897
2798347968.75,-23.12662
2798348125.0,-23.12871
2798348281.25,-23.12307
2798348437.5,-23.12524
2798348593.75,-23.1231
2798348750.0,-23.1242
2798348906.25,-23.12027
2798349062.5,-23.12097
2798349218.75,-23.12036
2798349375.0,-23.11889
2798349531.25,-23.11758
2798349687.5,-23.1166
2798349843.75,-23.11394
2798350000.0,-23.11242
2798350156.25,-23.11364
2798350312.5,-23.11247
2798350468.75,-23.11269
2798350625.0,-23.11266
2798350781.25,-23.10607
2798350937.5,-23.10878
2798351093.75,-23.10635
2798351250.0,-23.10711
2798351406.25,-23.10549
2798351562.5,-23.10309
2798351718.75,-23.10354
2798351875.0,-23.10075
2798352031.25,-23.10265
2798352187.5,-23.10043
2798352343.75,-23.1003
2798352500.0,-23.09737
2798352656.25,-23.09458
2798352812.5,-23.09547
2798352968.75,-23.09503
2798353125.0,-23.09473
2798353281.25,-23.09302
2798353437.5,-23.09151
2798353593.75,-23.09111
2798353750.0,-23.08748
2798353906.25,-23.08712
2798354062.5,-23.08763
2798354218.75,-23.08689
2798354375.0,-23.08638
2798354531.25,-23.08594
2798354687.5,-23.0833
2798354843.75,-23.08581
2798355000.0,-23.08045
2798355156.25,-23.08161
2798355312.5,-23.07689
2798355468.75,-23.0782
2798355625.0,-23.07801
2798355781.25,-23.07788
2798355937.5,-23.07633
2798356093.75,-23.07561
2798356250.0,-23.07309
2798356406.25,-23.07237
2798356562.5,-23.07173
2798356718.75,-23.06915
2798356875.0,-23.07017
2798357031.25,-23.07011
2798357187.5,-23.06686
2798357343.75,-23.06492
2798357500.0,-23.06392
2798357656.25,-23.06529
2798357812.5,-23.06467
2798357968.75,-23.06215
2798358125.0,-23.06075
2798358281.25,-23.05741
2798358437.5,-23.05835
2798358593.75,-23.06215
2798358750.0,-23.05764
2798358906.25,-23.05586
2798359062.5,-23.05817
2798359218.75,-23.05226
2798359375.0,-23.05429
2798359531.25,-23.05481
2798359687.5,-23.05079
2798359843.75,-23.05097
2798360000.0,-23.05067
2798360156.25,-23.04885
2798360312.5,-23.04827
2798360468.75,-23.04752
2798360625.0,-23.04707
2798360781.25,-23.04278
2798360937.5,-23.04261
2798361093.75,-23.04221
2798361250.0,-23.0409
2798361406.25,-23.03899
2798361562.5,-23.04058
2798361718.75,-23.03874
2798361875.0,-23.03567
2798362031.25,-23.03711
2798362187.5,-23.03533
2798362343.75,-23.03482
2798362500.0,-23.03483
2798362656.25,-23.03238
2798362812.5,-23.02814
2798362968.75,-23.03017
2798363125.0,-23.03158
2798363281.25,-23.02864
2798363437.5,-23.02698
2798363593.75,-23.02589
2798363750.0,-23.02431
2798363906.25,-23.0232
2798364062.5,-23.02216
2798364218.75,-23.02271
2798364375.0,-23.02152
2798364531.25,-23.02103
2798364687.5,-23.01914
2798364843.75,-23.01847
2798365000.0,-23.0191
2798365156.25,-23.01285
2798365312.5,-23.0173
2798365468.75,-23.01459
2798365625.0,-23.01198
2798365781.25,-23.01091
2798365937.5,-23.01056
2798366093.75,-23.01136
2798366250.0,-23.00781
2798366406.25,-23.00591
2798366562.5,-23.00609
2798366718.75,-23.00513
2798366875.0,-23.00738
2798367031.25,-23.00164
2798367187.5,-23.0028
2798367343.75,-23.00222
2798367500.0,-23.003
2798367656.25,-23.00069
2798367812.5,-22.99665
2798367968.75,-22.99618
2798368125.0,-22.99807
2798368281.25,-22.9937
2798368437.5,-22.99445
2798368593.75,-22.99432
2798368750.0,-22.99189
2798368906.25,-22.99025
2798369062.5,-22.9894
2798369218.75,-22.99051
2798369375.0,-22.98807
2798369531.25,-22.98671
2798369687.5,-22.98376
2798369843.75,-22.98203
2798370000.0,-22.98311
2798370156.25,-22.98087
2798370312.5,-22.97848
2798370468.75,-22.97928
2798370625.0,-22.98031
2798370781.25,-22.9764
2798370937.5,-22.97533
2798371093.75,-22.97813
2798371250.0,-22.9755
2798371406.25,-22.97638
2798371562.5,-22.972
2798371718.75,-22.97319
2798371875.0,-22.97256
2798372031.25,-22.96756
2798372187.5,-22.96795
2798372343.75,-22.96814
2798372500.0,-22.96479
2798372656.25,-22.96567
2798372812.5,-22.96556
2798372968.75,-22.9631
2798373125.0,-22.9627
2798373281.25,-22.96167
2798373437.5,-22.95903
2798373593.75,-22.95958
2798373750.0,-22.95905
2798373906.25,-22.95868
2798374062.5,-22.95813
2798374218.75,-22.95495
2798374375.0,-22.95507
2798374531.25,-22.95427
2798374687.5,-22.95224
2798374843.75,-22.95241
2798375000.0,-22.94739
2798375156.25,-22.94926
2798375312.5,-22.94901
2798375468.75,-22.94795
2798375625.0,-22.94854
2798375781.25,-22.94695
2798375937.5,-22.94449
2798376093.75,-22.94515
2798376250.0,-22.94273
2798376406.25,-22.94014
2798376562.5,-22.94076
2798376718.75,-22.93947
2798376875.0,-22.93717
2798377031.25,-22.93711
2798377187.5,-22.93513
2798377343.75,-22.93647
2798377500.0,-22.93399
2798377656.25,-22.93607
2798377812.5,-22.93334
2798377968.75,-22.93106
2798378125.0,-22.93037
2798378281.25,-22.9301
2798378437.5,-22.92716
2798378593.75,-22.92635
2798378750.0,-22.92549
2798378906.25,-22.92599
2798379062.5,-22.92376
2798379218.75,-22.92419
2798379375.0,-22.92252
2798379531.25,-22.9215
2798379687.5,-22.91974
2798379843.75,-22.92016
2798380000.0,-22.9208
2798380156.25,-22.91492
2798380312.5,-22.91472
2798380468.75,-22.91344
2798380625.0,-22.9136
2798380781.25,-22.91521
2798380937.5,-22.90985
2798381093.75,-22.91112
2798381250.0,-22.91101
2798381406.25,-22.90943
2798381562.5,-22.90866
2798381718.75,-22.90477
2798381875.0,-22.90537
2798382031.25,-22.90621
2798382187.5,-22.90436
2798382343.75,-22.90296
2798382500.0,-22.9018
2798382656.25,-22.90206
2798382812.5,-22.89857
2798382968.75,-22.89711
2798383125.0,-22.8956
2798383281.25,-22.89491
2798383437.5,-22.89437
2798383593.75,-22.89419
2798383750.0,-22.89451
2798383906.25,-22.89266
2798384062.5,-22.89269
2798384218.75,-22.88789
2798384375.0,-22.88925
2798384531.25,-22.88531
2798384687.5,-22.88581
2798384843.75,-22.88824
2798385000.0,-22.88479
2798385156.25,-22.8842
2798385312.5,-22.88144
2798385468.75,-22.87955
2798385625.0,-22.88252
2798385781.25,-22.87882
2798385937.5,-22.8778
2798386093.75,-22.87784
2798386250.0,-22.8749
2798386406.25,-22.87472
2798386562.5,-22.87354
2798386718.75,-22.87267
2798386875.0,-22.87062
2798387031.25,-22.87031
2798387187.5,-22.86874
2798387343.75,-22.87008
2798387500.0,-22.86774
2798387656.25,-22.86783
2798387812.5,-22.86379
2798387968.75,-22.86725
2798388125.0,-22.86187
2798388281.25,-22.86307
2798388437.5,-22.86277
2798388593.75,-22.86067
2798388750.0,-22.86095
2798388906.25,-22.85731
2798389062.5,-22.85886
2798389218.75,-22.85829
2798389375.0,-22.85579
2798389531.25,-22.85572
2798389687.5,-22.85406
2798389843.75,-22.85199
2798390000.0,-22.85073
2798390156.25,-22.8508
2798390312.5,-22.85145
2798390468.75,-22.84688
2798390625.0,-22.84742
2798390781.25,-22.84719
2798390937.5,-22.84514
2798391093.75,-22.8429
2798391250.0,-22.84191
2798391406.25,-22.84342
2798391562.5,-22.84087
2798391718.75,-22.84127
2798391875.0,-22.83923
2798392031.25,-22.83916
2798392187.5,-22.83695
2798392343.75,-22.83496
2798392500.0,-22.83449
2798392656.25,-22.83373
2798392812.5,-22.83279
2798392968.75,-22.831
2798393125.0,-22.82826
2798393281.25,-22.83073
2798393437.5,-22.82575
2798393593.75,-22.82535
2798393750.0,-22.82548
2798393906.25,-22.82415
2798394062.5,-22.82167
2798394218.75,-22.8253
2798394375.0,-22.82146
2798394531.25,-22.81943
2798394687.5,-22.82095
2798394843.75,-22.81886
2798395000.0,-22.81821
2798395156.25,-22.81699
2798395312.5,-22.81612
2798395468.75,-22.81499
2798395625.0,-22.81176
2798395781.25,-22.81262
2798395937.5,-22.80781
2798396093.75,-22.81318
2798396250.0,-22.80851
2798396406.25,-22.80953
2798396562.5,-22.80562
2798396718.75,-22.80465
2798396875.0,-22.80309
2798397031.25,-22.80357
2798397187.5,-22.80226
2798397343.75,-22.80278
2798397500.0,-22.80192
2798397656.25,-22.79799
2798397812.5,-22.79867
2798397968.75,-22.7983
2798398125.0,-22.79559
2798398281.25,-22.79623
2798398437.5,-22.79658
2798398593.75,-22.79331
2798398750.0,-22.79122
2798398906.25,-22.79219
2798399062.5,-22.79116
2798399218.75,-22.79019
2798399375.0,-22.78743
2798399531.25,-22.78604
2798399687.5,-22.78557
2798399843.75,-22.78689
2798400000.0,-22.78579
2798400156.25,-22.78024
2798400312.5,-22.78018
2798400468.75,-22.78145
2798400625.0,-22.77947
2798400781.25,-22.77994
2798400937.5,-22.77863
2798401093.75,-22.77664
2798401250.0,-22.77714
2798401406.25,-22.77344
2798401562.5,-22.77446
2798401718.75,-22.77358
2798401875.0,-22.76857
2798402031.25,-22.76861
2798402187.5,-22.76833
2798402343.75,-22.76892
2798402500.0,-22.76829
2798402656.25,-22.76686
2798402812.5,-22.7674
2798402968.75,-22.76501
2798403125.0,-22.76487
2798403281.25,-22.76244
2798403437.5,-22.76192
2798403593.75,-22.76167
2798403750.0,-22.75996
2798403906.25,-22.76122
2798404062.5,-22.75804
2798404218.75,-22.75838
2798404375.0,-22.75399
2798404531.25,-22.75458
2798404687.5,-22.75163
2798404843.75,-22.75096
2798405000.0,-22.75123
2798405156.25,-22.74779
2798405312.5,-22.74987
2798405468.75,-22.74741
2798405625.0,-22.74801
2798405781.25,-22.74706
2798405937.5,-22.74495
2798406093.75,-22.74207
2798406250.0,-22.74057
2798406406.25,-22.74012
2798406562.5,-22.73997
2798406718.75,-22.73935
2798406875.0,-22.73606
2798407031.25,-22.73413
2798407187.5,-22.73468
2798407343.75,-22.73289
2798407500.0,-22.73514
2798407656.25,-22.7334
2798407812.5,-22.73275
2798407968.75,-22.72923
2798408125.0,-22.73019
2798408281.25,-22.72732
2798408437.5,-22.72858
2798408593.75,-22.72771
2798408750.0,-22.72577
2798408906.25,-22.72422
2798409062.5,-22.72152
2798409218.75,-22.71954
2798409375.0,-22.71974
2798409531.25,-22.72194
2798409687.5,-22.72018
2798409843.75,-22.71732
2798410000.0,-22.71582
2798410156.25,-22.71466
2798410312.5,-22.71415
2798410468.75,-22.7141
2798410625.0,-22.71198
2798410781.25,-22.71279
2798410937.5,-22.71022
2798411093.75,-22.71053
2798411250.0,-22.70878
2798411406.25,-22.70639
2798411562.5,-22.70619
2798411718.75,-22.70654
2798411875.0,-22.70261
2798412031.25,-22.70426
2798412187.5,-22.69908
2798412343.75,-22.69995
2798412500.0,-22.70086
2798412656.25,-22.69922
2798412812.5,-22.69724
2798412968.75,-22.69479
2798413125.0,-22.69601
2798413281.25,-22.69183
2798413437.5,-22.69283
2798413593.75,-22.69394
2798413750.0,-22.69157
2798413906.25,-22.69003
2798414062.5,-22.68925
2798414218.75,-22.68768
2798414375.0,-22.68582
2798414531.25,-22.68655
2798414687.5,-22.6839
2798414843.75,-22.68303
2798415000.0,-22.68243
2798415156.25,-22.68095
2798415312.5,-22.67916
2798415468.75,-22.67779
2798415625.0,-22.68041
2798415781.25,-22.67799
2798415937.5,-22.67789
2798416093.75,-22.67501
2798416250.0,-22.67501
2798416406.25,-22.67258
2798416562.5,-22.67409
2798416718.75,-22.67158
2798416875.0,-22.66751
2798417031.25,-22.66973
2798417187.5,-22.66727
2798417343.75,-22.66718
2798417500.0,-22.66552
2798417656.25,-22.66277
2798417812.5,-22.66385
2798417968.75,-22.66328
2798418125.0,-22.66153
2798418281.25,-22.66021
2798418437.5,-22.65775
2798418593.75,-22.65748
2798418750.0,-22.65771
2798418906.25,-22.65595
2798419062.5,-22.65467
2798419218.75,-22.65357
2798419375.0,-22.65352
2798419531.25,-22.65243
2798419687.5,-22.6509
2798419843.75,-22.65152
2798420000.0,-22.64706
2798420156.25,-22.6447
2798420312.5,-22.64466
2798420468.75,-22.6446
2798420625.0,-22.64284
2798420781.25,-22.6436
2798420937.5,-22.63997
2798421093.75,-22.6418
2798421250.0,-22.64185
2798421406.25,-22.63971
2798421562.5,-22.6381
2798421718.75,-22.6352
2798421875.0,-22.63669
2798422031.25,-22.63464
2798422187.5,-22.63587
2798422343.75,-22.63362
2798422500.0,-22.6323
2798422656.25,-22.63035
2798422812.5,-22.62889
2798422968.75,-22.62899
2798423125.0,-22.62631
2798423281.25,-22.62556
2798423437.5,-22.62235
2798423593.75,-22.62264
2798423750.0,-22.62263
2798423906.25,-22.62108
2798424062.5,-22.62226
2798424218.75,-22.61865
2798424375.0,-22.61719
2798424531.25,-22.61822
2798424687.5,-22.61503
2798424843.75,-22.6169
2798425000.0,-22.61535
2798425156.25,-22.61382
2798425312.5,-22.61344
2798425468.75,-22.61196
2798425625.0,-22.61146
2798425781.25,-22.60794
2798425937.5,-22.60739
2798426093.75,-22.60662
2798426250.0,-22.6076
2798426406.25,-22.60398
2798426562.5,-22.60649
2798426718.75,-22.60307
2798426875.0,-22.59976
2798427031.25,-22.60012
2798427187.5,-22.59613
2798427343.75,-22.5989
2798427500.0,-22.59504
2798427656.25,-22.59706
2798427812.5,-22.5944
2798427968.75,-22.59475
2798428125.0,-22.59159
2798428281.25,-22.58911
2798428437.5,-22.59203
2798428593.75,-22.59172
2798428750.0,-22.58806
2798428906.25,-22.58902
2798429062.5,-22.58805
2798429218.75,-22.58705
2798429375.0,-22.58487
2798429531.25,-22.58553
2798429687.5,-22.58195
2798429843.75,-22.58164
2798430000.0,-22.58376
2798430156.25,-22.57958
2798430312.5,-22.57883
2798430468.75,-22.5765
2798430625.0,-22.57474
2798430781.25,-22.57365
2798430937.5,-22.57393
2798431093.75,-22.57281
2798431250.0,-22.57083
2798431406.25,-22.56921
2798431562.5,-22.57065
2798431718.75,-22.56711
2798431875.0,-22.56588
2798432031.25,-22.56426
2798432187.5,-22.56315
2798432343.75,-22.56383
2798432500.0,-22.5633
2798432656.25,-22.56159
2798432812.5,-22.56205
2798432968.75,-22.56119
2798433125.0,-22.55762
2798433281.25,-22.55523
2798433437.5,-22.55631
2798433593.75,-22.55489
2798433750.0,-22.55294
2798433906.25,-22.55367
2798434062.5,-22.55213
2798434218.75,-22.55145
2798434375.0,-22.55035
2798434531.25,-22.54741
2798434687.5,-22.54733
2798434843.75,-22.54517
2798435000.0,-22.54461
2798435156.25,-22.54492
2798435312.5,-22.54416
2798435468.75,-22.54327
2798435625.0,-22.54253
2798435781.25,-22.53984
2798435937.5,-22.54082
2798436093.75,-22.53756
2798436250.0,-22.53718
2798436406.25,-22.53703
2798436562.5,-22.53375
2798436718.75,-22.53564
2798436875.0,-22.53482
2798437031.25,-22.53088
2798437187.5,-22.53199
2798437343.75,-22.52805
2798437500.0,-22.52744
2798437656.25,-22.52634
2798437812.5,-22.52677
2798437968.75,-22.52546
2798438125.0,-22.5235
2798438281.25,-22.52378
2798438437.5,-22.5222
2798438593.75,-22.52044
2798438750.0,-22.52217
2798438906.25,-22.5165
2798439062.5,-22.52001
2798439218.75,-22.51422
2798439375.0,-22.51478
2798439531.25,-22.51639
2798439687.5,-22.51374
2798439843.75,-22.51303
2798440000.0,-22.51085
2798440156.25,-22.5081
2798440312.5,-22.50787
2798440468.75,-22.50831
2798440625.0,-22.50603
2798440781.25,-22.50765
2798440937.5,-22.50198
2798441093.75,-22.50341
2798441250.0,-22.50444
2798441406.25,-22.50395
2798441562.5,-22.49905
2798441718.75,-22.50101
2798441875.0,-22.49786
2798442031.25,-22.49649
2798442187.5,-22.49723
2798442343.75,-22.49456
2798442500.0,-22.49355
2798442656.25,-22.49012
2798442812.5,-22.49201
2798442968.75,-22.49084
2798443125.0,-22.48943
2798443281.25,-22.48896
2798443437.5,-22.48723
2798443593.75,-22.48795
2798443750.0,-22.48464
2798443906.25,-22.48172
2798444062.5,-22.48382
2798444218.75,-22.48188
2798444375.0,-22.48133
2798444531.25,-22.47884
2798444687.5,-22.47997
2798444843.75,-22.47758
2798445000.0,-22.47481
2798445156.25,-22.47374
2798445312.5,-22.4745
2798445468.75,-22.47485
2798445625.0,-22.47486
2798445781.25,-22.47026
2798445937.5,-22.46802
2798446093.75,-22.46825
2798446250.0,-22.46572
2798446406.25,-22.46383
2798446562.5,-22.46556
2798446718.75,-22.46517
2798446875.0,-22.46195
2798447031.25,-22.46112
2798447187.5,-22.46087
2798447343.75,-22.45937
2798447500.0,-22.45749
2798447656.25,-22.45864
2798447812.5,-22.45806
2798447968.75,-22.45572
2798448125.0,-22.45459
2798448281.25,-22.45138
2798448437.5,-22.45047
2798448593.75,-22.451
2798448750.0,-22.44987
2798448906.25,-22.44734
2798449062.5,-22.44663
2798449218.75,-22.44631
2798449375.0,-22.44812
2798449531.25,-22.44583
2798449687.5,-22.44203
2798449843.75,-22.4419
2798450000.0,-22.44098
2798450156.25,-22.44359
2798450312.5,-22.4375
2798450468.75,-22.43703
2798450625.0,-22.43775
2798450781.25,-22.43631
2798450937.5,-22.43262
2798451093.75,-22.43511
2798451250.0,-22.43169
2798451406.25,-22.43215
2798451562.5,-22.42951
2798451718.75,-22.42715
2798451875.0,-22.42554
2798452031.25,-22.42493
2798452187.5,-22.42736
2798452343.75,-22.42651
2798452500.0,-22.42451
2798452656.25,-22.42273
2798452812.5,-22.41818
2798452968.75,-22.42123
2798453125.0,-22.42187
2798453281.25,-22.41772
2798453437.5,-22.41626
2798453593.75,-22.41506
2798453750.0,-22.41671
2798453906.25,-22.41513
2798454062.5,-22.4166
2798454218.75,-22.41251
2798454375.0,-22.41084
2798454531.25,-22.4086
2798454687.5,-22.40875
2798454843.75,-22.40602
2798455000.0,-22.40756
2798455156.25,-22.40966
2798455312.5,-22.40408
2798455468.75,-22.40239
2798455625.0,-22.40241
2798455781.25,-22.3999
2798455937.5,-22.40003
2798456093.75,-22.39823
2798456250.0,-22.39821
2798456406.25,-22.39569
2798456562.5,-22.39528
2798456718.75,-22.39319
2798456875.0,-22.39153
2798457031.25,-22.39414
2798457187.5,-22.39185
2798457343.75,-22.38939
2798457500.0,-22.38845
2798457656.25,-22.38936
2798457812.5,-22.3877
2798457968.75,-22.38538
2798458125.0,-22.38435
2798458281.25,-22.38403
2798458437.5,-22.37968
2798458593.75,-22.38335
2798458750.0,-22.37923
2798458906.25,-22.37999
2798459062.5,-22.37646
2798459218.75,-22.37532
2798459375.0,-22.37441
2798459531.25,-22.37443
2798459687.5,-22.37665
2798459843.75,-22.37272
2798460000.0,-22.37239
2798460156.25,-22.36898
2798460312.5,-22.36831
2798460468.75,-22.36833
2798460625.0,-22.36641
2798460781.25,-22.36464
2798460937.5,-22.36453
2798461093.75,-22.36208
2798461250.0,-22.36487
2798461406.25,-22.35939
2798461562.5,-22.35898
2798461718.75,-22.35654
2798461875.0,-22.35852
2798462031.25,-22.3584
2798462187.5,-22.35516
2798462343.75,-22.35533
2798462500.0,-22.35618
2798462656.25,-22.3539
2798462812.5,-22.35217
2798462968.75,-22.34793
2798463125.0,-22.34687
2798463281.25,-22.34717
2798463437.5,-22.34741
2798463593.75,-22.34616
2798463750.0,-22.34476
2798463906.25,-22.34257
2798464062.5,-22.33909
2798464218.75,-22.34299
2798464375.0,-22.34025
2798464531.25,-22.33782
2798464687.5,-22.33862
2798464843.75,-22.33685
2798465000.0,-22.33643
2798465156.25,-22.33626
2798465312.5,-22.33432
2798465468.75,-22.33206
2798465625.0,-22.33026
2798465781.25,-22.32861
2798465937.5,-22.32767
2798466093.75,-22.32718
2798466250.0,-22.32748
2798466406.25,-22.3252
2798466562.5,-22.32366
2798466718.75,-22.3231
2798466875.0,-22.32125
2798467031.25,-22.32198
2798467187.5,-22.32201
2798467343.75,-22.31964
2798467500.0,-22.31851
2798467656.25,-22.31784
2798467812.5,-22.31734
2798467968.75,-22.31614
2798468125.0,-22.31584
2798468281.25,-22.3121
2798468437.5,-22.31161
2798468593.75,-22.31201
2798468750.0,-22.3086
2798468906.25,-22.3085
2798469062.5,-22.30597
2798469218.75,-22.30721
2798469375.0,-22.30635
2798469531.25,-22.30522
2798469687.5,-22.30314
2798469843.75,-22.30243
2798470000.0,-22.29985
2798470156.25,-22.29801
2798470312.5,-22.30025
2798470468.75,-22.29706
2798470625.0,-22.29509
2798470781.25,-22.2955
2798470937.5,-22.29523
2798471093.75,-22.29142
2798471250.0,-22.29348
2798471406.25,-22.29148
2798471562.5,-22.28932
2798471718.75,-22.28923
2798471875.0,-22.28707
2798472031.25,-22.28634
2798472187.5,-22.28583
2798472343.75,-22.28487
2798472500.0,-22.28442
2798472656.25,-22.2808
2798472812.5,-22.27967
2798472968.75,-22.27753
2798473125.0,-22.27636
2798473281.25,-22.27847
2798473437.5,-22.27666
2798473593.75,-22.27493
2798473750.0,-22.2747
2798473906.25,-22.27218
2798474062.5,-22.26952
2798474218.75,-22.27041
2798474375.0,-22.26957
2798474531.25,-22.2692
2798474687.5,-22.26692
2798474843.75,-22.26687
2798475000.0,-22.26575
2798475156.25,-22.26424
2798475312.5,-22.26355
2798475468.75,-22.26236
2798475625.0,-22.26176
2798475781.25,-22.25949
2798475937.5,-22.26081
2798476093.75,-22.2587
2798476250.0,-22.2537
2798476406.25,-22.25435
2798476562.5,-22.2548
2798476718.75,-22.25324
2798476875.0,-22.25281
2798477031.25,-22.25047
2798477187.5,-22.24966
2798477343.75,-22.24881
2798477500.0,-22.24643
2798477656.25,-22.24754
2798477812.5,-22.24546
2798477968.75,-22.24249
2798478125.0,-22.24246
2798478281.25,-22.24121
2798478437.5,-22.23938
2798478593.75,-22.2402
2798478750.0,-22.23903
2798478906.25,-22.2353
2798479062.5,-22.23853
2798479218.75,-22.23571
2798479375.0,-22.23203
2798479531.25,-22.2337
2798479687.5,-22.23173
2798479843.75,-22.22977
2798480000.0,-22.22792
2798480156.25,-22.22552
2798480312.5,-22.22609
2798480468.75,-22.22535
2798480625.0,-22.22405
2798480781.25,-22.22379
2798480937.5,-22.22168
2798481093.75,-22.22063
2798481250.0,-22.21996
2798481406.25,-22.21891
2798481562.5,-22.21795
2798481718.75,-22.218
2798481875.0,-22.21443
2798482031.25,-22.21373
2798482187.5,-22.21419
2798482343.75,-22.21194
2798482500.0,-22.20868
2798482656.25,-22.20866
2798482812.5,-22.21088
2798482968.75,-22.20636
2798483125.0,-22.20531
2798483281.25,-22.20476
2798483437.5,-22.20485
2798483593.75,-22.20222
2798483750.0,-22.1996
2798483906.25,-22.19718
2798484062.5,-22.2003
2798484218.75,-22.19802
2798484375.0,-22.19917
2798484531.25,-22.19654
2798484687.5,-22.19462
2798484843.75,-22.19354
2798485000.0,-22.19355
2798485156.25,-22.19255
2798485312.5,-22.19128
2798485468.75,-22.18889
2798485625.0,-22.18776
2798485781.25,-22.18778
2798485937.5,-22.18426
2798486093.75,-22.18523
2798486250.0,-22.18563
2798486406.25,-22.18176
2798486562.5,-22.1826
2798486718.75,-22.18053
2798486875.0,-22.18052
2798487031.25,-22.17838
2798487187.5,-22.17552
2798487343.75,-22.17725
2798487500.0,-22.17362
2798487656.25,-22.17439
2798487812.5,-22.17473
2798487968.75,-22.17407
2798488125.0,-22.17108
2798488281.25,-22.16956
2798488437.5,-22.16735
2798488593.75,-22.16637
2798488750.0,-22.16701
2798488906.25,-22.16413
2798489062.5,-22.16341
2798489218.75,-22.16367
2798489375.0,-22.16097
2798489531.25,-22.15842
2798489687.5,-22.15891
2798489843.75,-22.15779
2798490000.0,-22.1585
2798490156.25,-22.15717
2798490312.5,-22.15597
2798490468.75,-22.15228
2798490625.0,-22.15308
2798490781.25,-22.15362
2798490937.5,-22.15031
2798491093.75,-22.15048
2798491250.0,-22.14968
2798491406.25,-22.14784
2798491562.5,-22.1459
2798491718.75,-22.14481
2798491875.0,-22.14511
2798492031.25,-22.14267
2798492187.5,-22.14042
2798492343.75,-22.13957
2798492500.0,-22.13922
2798492656.25,-22.13663
2798492812.5,-22.13887
2798492968.75,-22.1349
2798493125.0,-22.13435
2798493281.25,-22.13479
2798493437.5,-22.13258
2798493593.75,-22.13198
2798493750.0,-22.1284
2798493906.25,-22.12847
2798494062.5,-22.12821
2798494218.75,-22.13045
2798494375.0,-22.12507
2798494531.25,-22.12322
2798494687.5,-22.12407
2798494843.75,-22.12127
2798495000.0,-22.12002
2798495156.25,-22.12024
2798495312.5,-22.11802
2798495468.75,-22.11473
2798495625.0,-22.11545
2798495781.25,-22.11574
2798495937.5,-22.11562
2798496093.75,-22.11253
2798496250.0,-22.11169
2798496406.25,-22.11184
2798496562.5,-22.10732
2798496718.75,-22.10831
2798496875.0,-22.10558
2798497031.25,-22.10589
2798497187.5,-22.10567
2798497343.75,-22.1051
2798497500.0,-22.10456
2798497656.25,-22.10246
2798497812.5,-22.10111
2798497968.75,-22.10022
2798498125.0,-22.10061
2798498281.25,-22.09613
2798498437.5,-22.09915
2798498593.75,-22.09815
2798498750.0,-22.09417
2798498906.25,-22.09206
2798499062.5,-22.09188
2798499218.75,-22.09327
2798499375.0,-22.09042
2798499531.25,-22.08783
2798499687.5,-22.08668
2798499843.75,-22.0849
2798500000.0,-22.08515
2798500156.25,-22.08554
2798500312.5,-22.08004
2798500468.75,-22.08357
2798500625.0,-22.08175
2798500781.25,-22.07914
2798500937.5,-22.07923
2798501093.75,-22.07485
2798501250.0,-22.07569
2798501406.25,-22.07494
2798501562.5,-22.07266
2798501718.75,-22.07414
2798501875.0,-22.06952
2798502031.25,-22.06845
2798502187.5,-22.0678
2798502343.75,-22.06654
2798502500.0,-22.06709
2798502656.25,-22.06588
2798502812.5,-22.06593
2798502968.75,-22.06156
2798503125.0,-22.06182
2798503281.25,-22.06292
2798503437.5,-22.05937
2798503593.75,-22.05898
2798503750.0,-22.05742
2798503906.25,-22.05597
2798504062.5,-22.05615
2798504218.75,-22.0535
2798504375.0,-22.05464
2798504531.25,-22.05412
2798504687.5,-22.05187
2798504843.75,-22.05006
2798505000.0,-22.04863
2798505156.25,-22.04514
2798505312.5,-22.04537
2798505468.75,-22.04442
2798505625.0,-22.04321
2798505781.25,-22.0424
2798505937.5,-22.04184
2798506093.75,-22.04008
2798506250.0,-22.03854
2798506406.25,-22.03815
2798506562.5,-22.03628
2798506718.75,-22.03701
2798506875.0,-22.03543
2798507031.25,-22.03549
2798507187.5,-22.03272
2798507343.75,-22.03038
2798507500.0,-22.03229
2798507656.25,-22.03054
2798507812.5,-22.02566
2798507968.75,-22.02804
2798508125.0,-22.02541
2798508281.25,-22.02405
2798508437.5,-22.02282
2798508593.75,-22.02125
2798508750.0,-22.02028
2798508906.25,-22.0233
2798509062.5,-22.01919
2798509218.75,-22.0196
2798509375.0,-22.01599
2798509531.25,-22.01549
2798509687.5,-22.0135
2798509843.75,-22.0134
2798510000.0,-22.01112
2798510156.25,-22.01038
2798510312.5,-22.00908
2798510468.75,-22.00962
2798510625.0,-22.00876
2798510781.25,-22.00578
2798510937.5,-22.0041
2798511093.75,-22.00339
2798511250.0,-22.0043
2798511406.25,-22.00249
2798511562.5,-22.00053
2798511718.75,-22.00215
2798511875.0,-21.99973
2798512031.25,-21.99646
2798512187.5,-21.99687
2798512343.75,-21.99354
2798512500.0,-21.99355
2798512656.25,-21.99113
2798512812.5,-21.98829
2798512968.75,-21.98873
2798513125.0,-21.98845
2798513281.25,-21.98728
2798513437.5,-21.9864
2798513593.75,-21.98567
2798513750.0,-21.98296
2798513906.25,-21.98405
2798514062.5,-21.98248
2798514218.75,-21.97977
2798514375.0,-21.98104
2798514531.25,-21.97714
2798514687.5,-21.97635
2798514843.75,-21.97766
2798515000.0,-21.97322
2798515156.25,-21.97475
2798515312.5,-21.97112
2798515468.75,-21.97267
2798515625.0,-21.97066
2798515781.25,-21.97009
2798515937.5,-21.9698
2798516093.75,-21.96735
2798516250.0,-21.96615
2798516406.25,-21.96616
2798516562.5,-21.96298
2798516718.75,-21.96234
2798516875.0,-21.96133
2798517031.25,-21.96076
2798517187.5,-21.95664
2798517343.75,-21.95834
2798517500.0,-21.95401
2798517656.25,-21.95543
2798517812.5,-21.95593
2798517968.75,-21.95293
2798518125.0,-21.94969
2798518281.25,-21.95072
2798518437.5,-21.9518
2798518593.75,-21.94758
2798518750.0,-21.94755
2798518906.25,-21.94927
2798519062.5,-21.94478
2798519218.75,-21.94323
2798519375.0,-21.94453
2798519531.25,-21.9423
2798519687.5,-21.9407
2798519843.75,-21.93931
2798520000.0,-21.9381
2798520156.25,-21.93696
2798520312.5,-21.93646
2798520468.75,-21.93522
2798520625.0,-21.93326
2798520781.25,-21.93317
2798520937.5,-21.93047
2798521093.75,-21.92939
2798521250.0,-21.93165
2798521406.25,-21.92694
2798521562.5,-21.92848
2798521718.75,-21.92499
2798521875.0,-21.9254
2798522031.25,-21.9226
2798522187.5,-21.92422
2798522343.75,-21.92164
2798522500.0,-21.91848
2798522656.25,-21.92001
2798522812.5,-21.91732
2798522968.75,-21.91627
2798523125.0,-21.91594
2798523281.25,-21.91265
2798523437.5,-21.91122
2798523593.75,-21.91059
2798523750.0,-21.91067
2798523906.25,-21.90997
2798524062.5,-21.90923
2798524218.75,-21.90422
2798524375.0,-21.90537
2798524531.25,-21.90769
2798524687.5,-21.90356
2798524843.75,-21.9021
2798525000.0,-21.90088
2798525156.25,-21.89869
2798525312.5,-21.89862
2798525468.75,-21.89865
2798525625.0,-21.89635
2798525781.25,-21.89523
2798525937.5,-21.8948
2798526093.75,-21.89354
2798526250.0,-21.89162
2798526406.25,-21.89227
2798526562.5,-21.88931
2798526718.75,-21.88794
2798526875.0,-21.88806
2798527031.25,-21.88425
2798527187.5,-21.88573
2798527343.75,-21.88481
2798527500.0,-21.88275
2798527656.25,-21.88114
2798527812.5,-21.88095
2798527968.75,-21.87938
2798528125.0,-21.8799
2798528281.25,-21.87723
2798528437.5,-21.87656
2798528593.75,-21.87152
2798528750.0,-21.87538
2798528906.25,-21.87449
2798529062.5,-21.87209
2798529218.75,-21.86878
2798529375.0,-21.86957
2798529531.25,-21.86614
2798529687.5,-21.86397
2798529843.75,-21.86648
2798530000.0,-21.86481
2798530156.25,-21.86253
2798530312.5,-21.86212
2798530468.75,-21.86231
2798530625.0,-21.86098
2798530781.25,-21.86167
2798530937.5,-21.85724
2798531093.75,-21.85692
2798531250.0,-21.85548
2798531406.25,-21.85173
2798531562.5,-21.85283
2798531718.75,-21.85013
2798531875.0,-21.85118
2798532031.25,-21.84959
2798532187.5,-21.85006
2798532343.75,-21.84713
2798532500.0,-21.84594
2798532656.25,-21.84315
2798532812.5,-21.84145
2798532968.75,-21.84215
2798533125.0,-21.84267
2798533281.25,-21.83952
2798533437.5,-21.83791
2798533593.75,-21.83765
2798533750.0,-21.83735
2798533906.25,-21.83186
2798534062.5,-21.83461
2798534218.75,-21.83098
2798534375.0,-21.82963
2798534531.25,-21.83239
2798534687.5,-21.82882
2798534843.75,-21.82838
2798535000.0,-21.82637
2798535156.25,-21.82721
2798535312.5,-21.82461
2798535468.75,-21.82277
2798535625.0,-21.82248
2798535781.25,-21.82148
2798535937.5,-21.82007
2798536093.75,-21.81913
2798536250.0,-21.81761
2798536406.25,-21.81811
2798536562.5,-21.81517
2798536718.75,-21.81147
2798536875.0,-21.81075
2798537031.25,-21.8124
2798537187.5,-21.80903
2798537343.75,-21.81007
2798537500.0,-21.80794
2798537656.25,-21.80573
2798537812.5,-21.8041
2798537968.75,-21.80444
2798538125.0,-21.804
2798538281.25,-21.79998
2798538437.5,-21.80191
2798538593.75,-21.80057
2798538750.0,-21.79831
2798538906.25,-21.7966
2798539062.5,-21.79613
2798539218.75,-21.79625
2798539375.0,-21.79389
2798539531.25,-21.79374
2798539687.5,-21.79222
2798539843.75,-21.79119
2798540000.0,-21.79036
2798540156.25,-21.78873
2798540312.5,-21.7885
2798540468.75,-21.78764
2798540625.0,-21.78411
2798540781.25,-21.78379
2798540937.5,-21.78247
2798541093.75,-21.78123
2798541250.0,-21.77894
2798541406.25,-21.7768
2798541562.5,-21.77879
2798541718.75,-21.77666
2798541875.0,-21.77541
2798542031.25,-21.77504
2798542187.5,-21.77229
2798542343.75,-21.77223
2798542500.0,-21.76952
2798542656.25,-21.76879
2798542812.5,-21.76794
2798542968.75,-21.76714
2798543125.0,-21.76759
2798543281.25,-21.76538
2798543437.5,-21.76408
2798543593.75,-21.7623
2798543750.0,-21.7611
2798543906.25,-21.75997
2798544062.5,-21.75791
2798544218.75,-21.75762
2798544375.0,-21.75735
2798544531.25,-21.75438
2798544687.5,-21.75259
2798544843.75,-21.75223
2798545000.0,-21.75165
2798545156.25,-21.75251
2798545312.5,-21.74897
2798545468.75,-21.74973
2798545625.0,-21.74518
2798545781.25,-21.74843
2798545937.5,-21.74422
2798546093.75,-21.7412
2798546250.0,-21.7415
2798546406.25,-21.74046
2798546562.5,-21.74116
2798546718.75,-21.73813
2798546875.0,-21.73622
2798547031.25,-21.73581
2798547187.5,-21.7352
2798547343.75,-21.73505
2798547500.0,-21.73329
2798547656.25,-21.73071
2798547812.5,-21.73122
2798547968.75,-21.73044
2798548125.0,-21.72633
2798548281.25,-21.72655
2798548437.5,-21.72524
2798548593.75,-21.72666
2798548750.0,-21.72455
2798548906.25,-21.72085
2798549062.5,-21.71929
2798549218.75,-21.72068
2798549375.0,-21.71971
2798549531.25,-21.71801
2798549687.5,-21.71522
2798549843.75,-21.71548
2798550000.0,-21.71263
2798550156.25,-21.71231
2798550312.5,-21.71166
2798550468.75,-21.71241
2798550625.0,-21.71027
2798550781.25,-21.70674
2798550937.5,-21.70744
2798551093.75,-21.70454
2798551250.0,-21.70364
2798551406.25,-21.70389
2798551562.5,-21.7016
2798551718.75,-21.70171
2798551875.0,-21.69823
2798552031.25,-21.69806
2798552187.5,-21.69624
2798552343.75,-21.69676
2798552500.0,-21.69694
2798552656.25,-21.6929
2798552812.5,-21.69336
2798552968.75,-21.69029
2798553125.0,-21.68795
2798553281.25,-21.68833
2798553437.5,-21.6876
2798553593.75,-21.68661
2798553750.0,-21.68515
2798553906.25,-21.68381
2798554062.5,-21.6845
2798554218.75,-21.68263
2798554375.0,-21.68199
2798554531.25,-21.67757
2798554687.5,-21.67756
2798554843.75,-21.67671
2798555000.0,-21.67738
2798555156.25,-21.67338
2798555312.5,-21.67364
2798555468.75,-21.67417
2798555625.0,-21.6704
2798555781.25,-21.67252
2798555937.5,-21.66726
2798556093.75,-21.66817
2798556250.0,-21.66644
2798556406.25,-21.66331
2798556562.5,-21.66194
2798556718.75,-21.66157
2798556875.0,-21.66294
2798557031.25,-21.66023
2798557187.5,-21.65889
2798557343.75,-21.65844
2798557500.0,-21.65632
2798557656.25,-21.6562
2798557812.5,-21.65337
2798557968.75,-21.65432
2798558125.0,-21.65154
2798558281.25,-21.6517
2798558437.5,-21.64866
2798558593.75,-21.64939
2798558750.0,-21.64783
2798558906.25,-21.64646
2798559062.5,-21.64398
2798559218.75,-21.64264
2798559375.0,-21.64228
2798559531.25,-21.64149
2798559687.5,-21.64086
2798559843.75,-21.64249
2798560000.0,-21.63634
2798560156.25,-21.63809
2798560312.5,-21.63522
2798560468.75,-21.63503
2798560625.0,-21.63289
2798560781.25,-21.6313
2798560937.5,-21.63093
2798561093.75,-21.63013
2798561250.0,-21.62605
2798561406.25,-21.62934
2798561562.5,-21.62551
2798561718.75,-21.62479
2798561875.0,-21.62288
2798562031.25,-21.62255
2798562187.5,-21.62152
2798562343.75,-21.61938
2798562500.0,-21.61916
2798562656.25,-21.61831
2798562812.5,-21.61826
2798562968.75,-21.61454
2798563125.0,-21.61413
2798563281.25,-21.61397
2798563437.5,-21.61046
2798563593.75,-21.61016
2798563750.0,-21.60975
2798563906.25,-21.60856
2798564062.5,-21.60725
2798564218.75,-21.60732
2798564375.0,-21.60477
2798564531.25,-21.60133
2798564687.5,-21.59848
2798564843.75,-21.60177
2798565000.0,-21.59832
2798565156.25,-21.5981
2798565312.5,-21.59614
2798565468.75,-21.59758
2798565625.0,-21.59408
2798565781.25,-21.59315
2798565937.5,-21.59324
2798566093.75,-21.59146
2798566250.0,-21.58818
2798566406.25,-21.58891
2798566562.5,-21.58675
2798566718.75,-21.58576
2798566875.0,-21.58454
2798567031.25,-21.58506
2798567187.5,-21.58379
2798567343.75,-21.58197
2798567500.0,-21.57937
2798567656.25,-21.58003
2798567812.5,-21.57762
2798567968.75,-21.57696
2798568125.0,-21.57481
2798568281.25,-21.57314
2798568437.5,-21.5745
2798568593.75,-21.57222
2798568750.0,-21.5693
2798568906.25,-21.57036
2798569062.5,-21.56834
2798569218.75,-21.56618
2798569375.0,-21.56726
2798569531.25,-21.56445
2798569687.5,-21.56364
2798569843.75,-21.56201
2798570000.0,-21.56181
2798570156.25,-21.5578
2798570312.5,-21.55764
2798570468.75,-21.5573
2798570625.0,-21.55802
2798570781.25,-21.55548
2798570937.5,-21.55443
2798571093.75,-21.55248
2798571250.0,-21.55152
2798571406.25,-21.55146
2798571562.5,-21.54765
2798571718.75,-21.54631
2798571875.0,-21.54715
2798572031.25,-21.54311
2798572187.5,-21.54358
2798572343.75,-21.54064
2798572500.0,-21.54193
2798572656.25,-21.53956
2798572812.5,-21.5397
2798572968.75,-21.53884
2798573125.0,-21.53704
2798573281.25,-21.53616
2798573437.5,-21.53471
2798573593.75,-21.53476
2798573750.0,-21.53345
2798573906.25,-21.52982
2798574062.5,-21.53043
2798574218.75,-21.53114
2798574375.0,-21.52735
2798574531.25,-21.52678
2798574687.5,-21.52723
2798574843.75,-21.52436
2798575000.0,-21.52291
2798575156.25,-21.52101
2798575312.5,-21.51886
2798575468.75,-21.51761
2798575625.0,-21.51729
2798575781.25,-21.51775
2798575937.5,-21.51635
2798576093.75,-21.51351
2798576250.0,-21.51188
2798576406.25,-21.50994
2798576562.5,-21.50898
2798576718.75,-21.50953
2798576875.0,-21.50822
2798577031.25,-21.50857
2798577187.5,-21.50454
2798577343.75,-21.50412
2798577500.0,-21.50384
2798577656.25,-21.50045
2798577812.5,-21.50135
2798577968.75,-21.49865
2798578125.0,-21.49979
2798578281.25,-21.49835
2798578437.5,-21.49577
2798578593.75,-21.49388
2798578750.0,-21.49329
2798578906.25,-21.49283
2798579062.5,-21.49142
2798579218.75,-21.49099
2798579375.0,-21.48913
2798579531.25,-21.48846
2798579687.5,-21.48647
2798579843.75,-21.4863
2798580000.0,-21.48324
2798580156.25,-21.48347
2798580312.5,-21.48116
2798580468.75,-21.48148
2798580625.0,-21.4762
2798580781.25,-21.47766
2798580937.5,-21.47691
2798581093.75,-21.47405
2798581250.0,-21.47452
2798581406.25,-21.4734
2798581562.5,-21.47008
2798581718.75,-21.47113
2798581875.0,-21.47042
2798582031.25,-21.46762
2798582187.5,-21.46504
2798582343.75,-21.4646
2798582500.0,-21.4643
2798582656.25,-21.46243
2798582812.5,-21.46026
2798582968.75,-21.46124
2798583125.0,-21.45657
2798583281.25,-21.45631
2798583437.5,-21.45575
2798583593.75,-21.4555
2798583750.0,-21.45618
2798583906.25,-21.45437
2798584062.5,-21.45363
2798584218.75,-21.44911
2798584375.0,-21.44905
2798584531.25,-21.4474
2798584687.5,-21.44752
2798584843.75,-21.4476
2798585000.0,-21.44639
2798585156.25,-21.443
2798585312.5,-21.44163
2798585468.75,-21.44282
2798585625.0,-21.44026
2798585781.25,-21.4385
2798585937.5,-21.43848
2798586093.75,-21.43544
2798586250.0,-21.43361
2798586406.25,-21.43352
2798586562.5,-21.43347
2798586718.75,-21.43159
2798586875.0,-21.43103
2798587031.25,-21.42969
2798587187.5,-21.42506
2798587343.75,-21.4277
2798587500.0,-21.4245
2798587656.25,-21.42266
2798587812.5,-21.42193
2798587968.75,-21.42101
2798588125.0,-21.4217
2798588281.25,-21.42038
2798588437.5,-21.41843
2798588593.75,-21.41651
2798588750.0,-21.41529
2798588906.25,-21.41274
2798589062.5,-21.41212
2798589218.75,-21.41237
2798589375.0,-21.41017
2798589531.25,-21.4097
2798589687.5,-21.40868
2798589843.75,-21.40979
2798590000.0,-21.40762
2798590156.25,-21.40425
2798590312.5,-21.40354
2798590468.75,-21.40365
2798590625.0,-21.401
2798590781.25,-21.39983
2798590937.5,-21.39931
2798591093.75,-21.39735
2798591250.0,-21.39708
2798591406.25,-21.39387
2798591562.5,-21.39305
2798591718.75,-21.39178
2798591875.0,-21.38966
2798592031.25,-21.39065
2798592187.5,-21.3884
2798592343.75,-21.38895
2798592500.0,-21.38774
2798592656.25,-21.38494
2798592812.5,-21.38358
2798592968.75,-21.37985
2798593125.0,-21.38282
2798593281.25,-21.38094
2798593437.5,-21.38006
2798593593.75,-21.37674
2798593750.0,-21.37599
2798593906.25,-21.37483
2798594062.5,-21.3733
2798594218.75,-21.37447
2798594375.0,-21.37021
2798594531.25,-21.37021
2798594687.5,-21.37037
2798594843.75,-21.37047
2798595000.0,-21.36665
2798595156.25,-21.36568
2798595312.5,-21.36473
2798595468.75,-21.36197
2798595625.0,-21.36112
2798595781.25,-21.3601
2798595937.5,-21.3589
2798596093.75,-21.35732
2798596250.0,-21.35711
2798596406.25,-21.35475
2798596562.5,-21.35311
2798596718.75,-21.35315
2798596875.0,-21.35176
2798597031.25,-21.35166
2798597187.5,-21.34766
2798597343.75,-21.34773
2798597500.0,-21.34592
2798597656.25,-21.34576
2798597812.5,-21.34274
2798597968.75,-21.3435
2798598125.0,-21.34225
2798598281.25,-21.33991
2798598437.5,-21.34072
2798598593.75,-21.33778
2798598750.0,-21.3358
2798598906.25,-21.3365
2798599062.5,-21.33586
2798599218.75,-21.33012
2798599375.0,-21.33249
2798599531.25,-21.33186
2798599687.5,-21.33035
2798599843.75,-21.33071
2798600000.0,-21.32713
2798600156.25,-21.32597
2798600312.5,-21.32456
2798600468.75,-21.32487
2798600625.0,-21.32171
2798600781.25,-21.32055
2798600937.5,-21.31929
2798601093.75,-21.31682
2798601250.0,-21.31804
2798601406.25,-21.31676
2798601562.5,-21.31515
2798601718.75,-21.31212
2798601875.0,-21.31308
2798602031.25,-21.31123
2798602187.5,-21.30877
2798602343.75,-21.30991
2798602500.0,-21.30794
2798602656.25,-21.30517
2798602812.5,-21.30409
2798602968.75,-21.30441
2798603125.0,-21.3023
2798603281.25,-21.3026
2798603437.5,-21.30082
2798603593.75,-21.29917
2798603750.0,-21.29718
2798603906.25,-21.29733
2798604062.5,-21.29421
2798604218.75,-21.29239
2798604375.0,-21.29087
2798604531.25,-21.29092
2798604687.5,-21.28927
2798604843.75,-21.2909
2798605000.0,-21.28636
2798605156.25,-21.28601
2798605312.5,-21.28381
2798605468.75,-21.28355
2798605625.0,-21.28043
2798605781.25,-21.2818
2798605937.5,-21.28085
2798606093.75,-21.27991
2798606250.0,-21.27824
2798606406.25,-21.2779
2798606562.5,-21.27539
2798606718.75,-21.27279
2798606875.0,-21.27254
2798607031.25,-21.27222
2798607187.5,-21.26939
2798607343.75,-21.26868
2798607500.0,-21.26795
2798607656.25,-21.26741
2798607812.5,-21.26461
2798607968.75,-21.26255
2798608125.0,-21.2609
2798608281.25,-21.26233
2798608437.5,-21.25945
2798608593.75,-21.25794
2798608750.0,-21.25778
2798608906.25,-21.25707
2798609062.5,-21.25597
2798609218.75,-21.25619
2798609375.0,-21.25099
2798609531.25,-21.25284
2798609687.5,-21.25036
2798609843.75,-21.25191
2798610000.0,-21.24776
2798610156.25,-21.24738
2798610312.5,-21.24715
2798610468.75,-21.24386
2798610625.0,-21.24294
2798610781.25,-21.24279
2798610937.5,-21.24055
2798611093.75,-21.23789
2798611250.0,-21.23738
2798611406.25,-21.23673
2798611562.5,-21.2351
2798611718.75,-21.23364
2798611875.0,-21.23345
2798612031.25,-21.23096
2798612187.5,-21.2294
2798612343.75,-21.22982
2798612500.0,-21.22865
2798612656.25,-21.22581
2798612812.5,-21.22397
2798612968.75,-21.22506
2798613125.0,-21.22239
2798613281.25,-21.22241
2798613437.5,-21.21914
2798613593.75,-21.21702
2798613750.0,-21.21845
2798613906.25,-21.21634
2798614062.5,-21.21449
2798614218.75,-21.21405
2798614375.0,-21.21261
2798614531.25,-21.2089
2798614687.5,-21.21023
2798614843.75,-21.20827
2798615000.0,-21.2084
2798615156.25,-21.20692
2798615312.5,-21.20554
2798615468.75,-21.20395
2798615625.0,-21.20459
2798615781.25,-21.20148
2798615937.5,-21.19792
2798616093.75,-21.19902
2798616250.0,-21.19671
2798616406.25,-21.1953
2798616562.5,-21.19617
2798616718.75,-21.19434
2798616875.0,-21.1934
2798617031.25,-21.19057
2798617187.5,-21.19233
2798617343.75,-21.19078
2798617500.0,-21.18671
2798617656.25,-21.18561
2798617812.5,-21.18498
2798617968.75,-21.18294
2798618125.0,-21.18294
2798618281.25,-21.18256
2798618437.5,-21.17961
2798618593.75,-21.17902
2798618750.0,-21.17665
2798618906.25,-21.17803
2798619062.5,-21.17466
2798619218.75,-21.1741
2798619375.0,-21.17231
2798619531.25,-21.17175
2798619687.5,-21.17038
2798619843.75,-21.16833
2798620000.0,-21.17028
2798620156.25,-21.16498
2798620312.5,-21.16581
2798620468.75,-21.16293
2798620625.0,-21.16122
2798620781.25,-21.16094
2798620937.5,-21.15807
2798621093.75,-21.15712
2798621250.0,-21.15751
2798621406.25,-21.15695
2798621562.5,-21.15378
2798621718.75,-21.15498
2798621875.0,-21.15307
2798622031.25,-21.15138
2798622187.5,-21.14983
2798622343.75,-21.14906
2798622500.0,-21.14705
2798622656.25,-21.14518
2798622812.5,-21.1454
2798622968.75,-21.14356
2798623125.0,-21.14342
2798623281.25,-21.14158
2798623437.5,-21.13807
2798623593.75,-21.14029
2798623750.0,-21.13788
2798623906.25,-21.13605
2798624062.5,-21.13665
2798624218.75,-21.13355
2798624375.0,-21.13143
2798624531.25,-21.13016
2798624687.5,-21.1273
2798624843.75,-21.12821
2798625000.0,-21.12745
2798625156.25,-21.12678
2798625312.5,-21.12639
2798625468.75,-21.1225
2798625625.0,-21.12217
2798625781.25,-21.12202
2798625937.5,-21.1189
2798626093.75,-21.11791
2798626250.0,-21.11686
2798626406.25,-21.11516
2798626562.5,-21.11364
2798626718.75,-21.11476
2798626875.0,-21.11367
2798627031.25,-21.11187
2798627187.5,-21.10763
2798627343.75,-21.10988
2798627500.0,-21.1071
2798627656.25,-21.10561
2798627812.5,-21.10517
2798627968.75,-21.10258
2798628125.0,-21.1031
2798628281.25,-21.10271
2798628437.5,-21.10014
2798628593.75,-21.10018
2798628750.0,-21.09831
2798628906.25,-21.09536
2798629062.5,-21.09321
2798629218.75,-21.09375
2798629375.0,-21.09393
2798629531.25,-21.09019
2798629687.5,-21.09008
2798629843.75,-21.08847
2798630000.0,-21.08592
2798630156.25,-21.08517
2798630312.5,-21.08476
2798630468.75,-21.08267
2798630625.0,-21.08099
2798630781.25,-21.08216
2798630937.5,-21.08079
2798631093.75,-21.07759
2798631250.0,-21.07782
2798631406.25,-21.07677
2798631562.5,-21.07398
2798631718.75,-21.07232
2798631875.0,-21.07268
2798632031.25,-21.07035
2798632187.5,-21.06776
2798632343.75,-21.06966
2798632500.0,-21.06729
2798632656.25,-21.06543
2798632812.5,-21.06599
2798632968.75,-21.06347
2798633125.0,-21.06161
2798633281.25,-21.06358
2798633437.5,-21.05868
2798633593.75,-21.05796
2798633750.0,-21.05687
2798633906.25,-21.05505
2798634062.5,-21.05336
2798634218.75,-21.05314
2798634375.0,-21.05278
2798634531.25,-21.05009
2798634687.5,-21.04848
2798634843.75,-21.05024
2798635000.0,-21.04606
2798635156.25,-21.04454
2798635312.5,-21.0469
2798635468.75,-21.04228
2798635625.0,-21.04394
2798635781.25,-21.0381
2798635937.5,-21.03803
2798636093.75,-21.03728
2798636250.0,-21.03673
2798636406.25,-21.03396
2798636562.5,-21.03486
2798636718.75,-21.03239
2798636875.0,-21.03192
2798637031.25,-21.02764
2798637187.5,-21.02838
2798637343.75,-21.02882
2798637500.0,-21.02847
2798637656.25,-21.02642
2798637812.5,-21.0225
2798637968.75,-21.02324
2798638125.0,-21.02278
2798638281.25,-21.02015
2798638437.5,-21.01901
2798638593.75,-21.01756
2798638750.0,-21.01489
2798638906.25,-21.01485
2798639062.5,-21.01351
2798639218.75,-21.01143
2798639375.0,-21.00922
2798639531.25,-21.00928
2798639687.5,-21.00836
2798639843.75,-21.00719
2798640000.0,-21.00528
2798640156.25,-21.00384
2798640312.5,-21.00474
2798640468.75,-21.00071
2798640625.0,-21.00123
2798640781.25,-21.00002
2798640937.5,-20.99707
2798641093.75,-20.9964
2798641250.0,-20.99453
2798641406.25,-20.99401
2798641562.5,-20.99325
2798641718.75,-20.9896
2798641875.0,-20.98986
2798642031.25,-20.98792
2798642187.5,-20.98767
2798642343.75,-20.98597
2798642500.0,-20.98375
2798642656.25,-20.98556
2798642812.5,-20.98305
2798642968.75,-20.9815
2798643125.0,-20.97864
2798643281.25,-20.98085
2798643437.5,-20.97744
2798643593.75,-20.97534
2798643750.0,-20.97457
2798643906.25,-20.97281
2798644062.5,-20.97239
2798644218.75,-20.97115
2798644375.0,-20.97081
2798644531.25,-20.96897
2798644687.5,-20.96568
2798644843.75,-20.96523
2798645000.0,-20.96516
2798645156.25,-20.96395
2798645312.5,-20.96154
2798645468.75,-20.96115
2798645625.0,-20.95903
2798645781.25,-20.95811
2798645937.5,-20.9577
2798646093.75,-20.9571
2798646250.0,-20.95379
2798646406.25,-20.95172
2798646562.5,-20.95257
2798646718.75,-20.94922
2798646875.0,-20.95087
2798647031.25,-20.94727
2798647187.5,-20.94655
2798647343.75,-20.94584
2798647500.0,-20.94221
2798647656.25,-20.94369
2798647812.5,-20.94363
2798647968.75,-20.93999
2798648125.0,-20.93689
2798648281.25,-20.93667
2798648437.5,-20.93837
2798648593.75,-20.93588
2798648750.0,-20.93257
2798648906.25,-20.93273
2798649062.5,-20.93227
2798649218.75,-20.92877
2798649375.0,-20.92964
2798649531.25,-20.92923
2798649687.5,-20.92562
2798649843.75,-20.92471
2798650000.0,-20.92273
2798650156.25,-20.92307
2798650312.5,-20.9221
2798650468.75,-20.91987
2798650625.0,-20.91918
2798650781.25,-20.91587
2798650937.5,-20.9144
2798651093.75,-20.91444
2798651250.0,-20.91109
2798651406.25,-20.91318
2798651562.5,-20.91058
2798651718.75,-20.90772
2798651875.0,-20.90929
2798652031.25,-20.90673
2798652187.5,-20.90475
2798652343.75,-20.90377
2798652500.0,-20.90162
2798652656.25,-20.90111
2798652812.5,-20.90049
2798652968.75,-20.89805
2798653125.0,-20.89791
2798653281.25,-20.89647
2798653437.5,-20.89586
2798653593.75,-20.89558
2798653750.0,-20.892
2798653906.25,-20.89299
2798654062.5,-20.88904
2798654218.75,-20.88864
2798654375.0,-20.88749
2798654531.25,-20.88651
2798654687.5,-20.88414
2798654843.75,-20.88352
2798655000.0,-20.8807
2798655156.25,-20.88073
2798655312.5,-20.88014
2798655468.75,-20.87733
2798655625.0,-20.87788
2798655781.25,-20.87583
2798655937.5,-20.87381
2798656093.75,-20.87488
2798656250.0,-20.87219
2798656406.25,-20.87156
2798656562.5,-20.87045
2798656718.75,-20.86706
2798656875.0,-20.86714
2798657031.25,-20.86627
2798657187.5,-20.8662
2798657343.75,-20.86349
2798657500.0,-20.86215
2798657656.25,-20.85983
2798657812.5,-20.85834
2798657968.75,-20.85645
2798658125.0,-20.85554
2798658281.25,-20.85458
2798658437.5,-20.85201
2798658593.75,-20.85154
2798658750.0,-20.8512
2798658906.25,-20.85047
2798659062.5,-20.84953
2798659218.75,-20.84655
2798659375.0,-20.84659
2798659531.25,-20.84602
2798659687.5,-20.84107
2798659843.75,-20.8409
2798660000.0,-20.83878
2798660156.25,-20.83828
2798660312.5,-20.83654
2798660468.75,-20.83615
2798660625.0,-20.83523
2798660781.25,-20.83575
2798660937.5,-20.83156
2798661093.75,-20.83085
2798661250.0,-20.82891
2798661406.25,-20.82872
2798661562.5,-20.82884
2798661718.75,-20.82772
2798661875.0,-20.82541
2798662031.25,-20.82348
2798662187.5,-20.82268
2798662343.75,-20.82273
2798662500.0,-20.82117
2798662656.25,-20.81814
2798662812.5,-20.81869
2798662968.75,-20.81713
2798663125.0,-20.81544
2798663281.25,-20.81325
2798663437.5,-20.81109
2798663593.75,-20.81103
2798663750.0,-20.81021
2798663906.25,-20.80719
2798664062.5,-20.80725
2798664218.75,-20.80755
2798664375.0,-20.805
2798664531.25,-20.80314
2798664687.5,-20.80148
2798664843.75,-20.80039
2798665000.0,-20.79902
2798665156.25,-20.79618
2798665312.5,-20.79569
2798665468.75,-20.79431
2798665625.0,-20.79282
2798665781.25,-20.79191
2798665937.5,-20.7915
2798666093.75,-20.79021
2798666250.0,-20.79042
2798666406.25,-20.7877
2798666562.5,-20.78409
2798666718.75,-20.78428
2798666875.0,-20.78259
2798667031.25,-20.78019
2798667187.5,-20.77744
2798667343.75,-20.77907
2798667500.0,-20.77783
2798667656.25,-20.77463
2798667812.5,-20.77749
2798667968.75,-20.77426
2798668125.0,-20.77385
2798668281.25,-20.77185
2798668437.5,-20.77086
2798668593.75,-20.76838
2798668750.0,-20.76748
2798668906.25,-20.76445
2798669062.5,-20.76517
2798669218.75,-20.76384
2798669375.0,-20.76205
2798669531.25,-20.76296
2798669687.5,-20.7595
2798669843.75,-20.75772
2798670000.0,-20.7567
2798670156.25,-20.7562
2798670312.5,-20.75289
2798670468.75,-20.75253
2798670625.0,-20.75118
2798670781.25,-20.75184
2798670937.5,-20.74879
2798671093.75,-20.74921
2798671250.0,-20.74674
2798671406.25,-20.74576
2798671562.5,-20.74316
2798671718.75,-20.74152
2798671875.0,-20.74265
2798672031.25,-20.74092
2798672187.5,-20.73759
2798672343.75,-20.73789
2798672500.0,-20.73513
2798672656.25,-20.73438
2798672812.5,-20.7329
2798672968.75,-20.73209
2798673125.0,-20.72942
2798673281.25,-20.72964
2798673437.5,-20.72849
2798673593.75,-20.72627
2798673750.0,-20.72587
2798673906.25,-20.72442
2798674062.5,-20.72219
2798674218.75,-20.72204
2798674375.0,-20.7196
2798674531.25,-20.71856
2798674687.5,-20.71603
2798674843.75,-20.71651
2798675000.0,-20.71621
2798675156.25,-20.71405
2798675312.5,-20.71222
2798675468.75,-20.71046
2798675625.0,-20.7108
2798675781.25,-20.70825
2798675937.5,-20.70736
2798676093.75,-20.70674
2798676250.0,-20.70473
2798676406.25,-20.70263
2798676562.5,-20.70192
2798676718.75,-20.70259
2798676875.0,-20.69986
2798677031.25,-20.69718
2798677187.5,-20.6964
2798677343.75,-20.69485
2798677500.0,-20.69436
2798677656.25,-20.69273
2798677812.5,-20.69103
2798677968.75,-20.68909
2798678125.0,-20.68848
2798678281.25,-20.68663
2798678437.5,-20.6854
2798678593.75,-20.68502
2798678750.0,-20.68322
2798678906.25,-20.6823
2798679062.5,-20.68199
2798679218.75,-20.67891
2798679375.0,-20.6769
2798679531.25,-20.67687
2798679687.5,-20.67664
2798679843.75,-20.67469
2798680000.0,-20.67126
2798680156.25,-20.6728
2798680312.5,-20.66813
2798680468.75,-20.66874
2798680625.0,-20.66564
2798680781.25,-20.66566
2798680937.5,-20.66422
2798681093.75,-20.66329
2798681250.0,-20.66139
2798681406.25,-20.66082
2798681562.5,-20.65814
2798681718.75,-20.65816
2798681875.0,-20.65589
2798682031.25,-20.65461
2798682187.5,-20.65489
2798682343.75,-20.6531
2798682500.0,-20.65063
2798682656.25,-20.6517
2798682812.5,-20.64941
2798682968.75,-20.64858
2798683125.0,-20.64507
2798683281.25,-20.64598
2798683437.5,-20.64381
2798683593.75,-20.64215
2798683750.0,-20.64112
2798683906.25,-20.63914
2798684062.5,-20.639
2798684218.75,-20.63915
2798684375.0,-20.63674
2798684531.25,-20.63325
2798684687.5,-20.63335
2798684843.75,-20.63009
2798685000.0,-20.63094
2798685156.25,-20.62986
2798685312.5,-20.62709
2798685468.75,-20.62557
2798685625.0,-20.62628
2798685781.25,-20.62165
2798685937.5,-20.62399
2798686093.75,-20.62141
2798686250.0,-20.61748
2798686406.25,-20.61853
2798686562.5,-20.61721
2798686718.75,-20.61481
2798686875.0,-20.61526
2798687031.25,-20.61273
2798687187.5,-20.60996
2798687343.75,-20.61078
2798687500.0,-20.60766
2798687656.25,-20.60634
2798687812.5,-20.60412
2798687968.75,-20.60501
2798688125.0,-20.60567
2798688281.25,-20.60107
2798688437.5,-20.60159
2798688593.75,-20.59995
2798688750.0,-20.59913
2798688906.25,-20.59497
2798689062.5,-20.5949
2798689218.75,-20.5936
2798689375.0,-20.59263
2798689531.25,-20.58886
2798689687.5,-20.59131
2798689843.75,-20.58904
2798690000.0,-20.58676
2798690156.25,-20.58417
2798690312.5,-20.58748
2798690468.75,-20.58346
2798690625.0,-20.58157
2798690781.25,-20.58016
2798690937.5,-20.5796
2798691093.75,-20.57816
2798691250.0,-20.57705
2798691406.25,-20.57548
2798691562.5,-20.57451
2798691718.75,-20.57108
2798691875.0,-20.56953
2798692031.25,-20.57041
2798692187.5,-20.56883
2798692343.75,-20.56958
2798692500.0,-20.56704
2798692656.25,-20.56423
2798692812.5,-20.56411
2798692968.75,-20.56135
2798693125.0,-20.56094
2798693281.25,-20.56067
2798693437.5,-20.55664
2798693593.75,-20.55599
2798693750.0,-20.55451
2798693906.25,-20.55225
2798694062.5,-20.55429
2798694218.75,-20.55263
2798694375.0,-20.55069
2798694531.25,-20.54761
2798694687.5,-20.54736
2798694843.75,-20.54483
2798695000.0,-20.54466
2798695156.25,-20.5439
2798695312.5,-20.54434
2798695468.75,-20.54015
2798695625.0,-20.54071
2798695781.25,-20.53711
2798695937.5,-20.53742
2798696093.75,-20.53289
2798696250.0,-20.53319
2798696406.25,-20.53566
2798696562.5,-20.53142
2798696718.75,-20.53099
2798696875.0,-20.52759
2798697031.25,-20.52645
2798697187.5,-20.52534
2798697343.75,-20.52592
2798697500.0,-20.52416
2798697656.25,-20.52168
2798697812.5,-20.52032
2798697968.75,-20.51811
2798698125.0,-20.51806
2798698281.25,-20.51782
2798698437.5,-20.51518
2798698593.75,-20.51417
2798698750.0,-20.51216
2798698906.25,-20.51136
2798699062.5,-20.51013
2798699218.75,-20.50802
2798699375.0,-20.50896
2798699531.25,-20.50758
2798699687.5,-20.50473
2798699843.75,-20.50236
2798700000.0,-20.5019
2798700156.25,-20.5009
2798700312.5,-20.49866
2798700468.75,-20.49721
2798700625.0,-20.49708
2798700781.25,-20.49353
2798700937.5,-20.49378
2798701093.75,-20.49119
2798701250.0,-20.49306
2798701406.25,-20.4896
2798701562.5,-20.4884
2798701718.75,-20.48682
2798701875.0,-20.48557
2798702031.25,-20.48396
2798702187.5,-20.48222
2798702343.75,-20.48239
2798702500.0,-20.47992
2798702656.25,-20.47614
2798702812.5,-20.47763
2798702968.75,-20.47325
2798703125.0,-20.47367
2798703281.25,-20.47339
2798703437.5,-20.4716
2798703593.75,-20.47181
2798703750.0,-20.46917
2798703906.25,-20.4667
2798704062.5,-20.4673
2798704218.75,-20.46629
2798704375.0,-20.46359
2798704531.25,-20.4622
2798704687.5,-20.46297
2798704843.75,-20.45889
2798705000.0,-20.45877
2798705156.25,-20.45756
2798705312.5,-20.45698
2798705468.75,-20.45398
2798705625.0,-20.45237
2798705781.25,-20.45189
2798705937.5,-20.44893
2798706093.75,-20.44831
2798706250.0,-20.44658
2798706406.25,-20.44711
2798706562.5,-20.44327
2798706718.75,-20.44491
2798706875.0,-20.44098
2798707031.25,-20.4396
2798707187.5,-20.44022
2798707343.75,-20.43703
2798707500.0,-20.43619
2798707656.25,-20.43431
2798707812.5,-20.4331
2798707968.75,-20.43253
2798708125.0,-20.43193
2798708281.25,-20.42914
2798708437.5,-20.42866
2798708593.75,-20.42831
2798708750.0,-20.42618
2798708906.25,-20.4245
2798709062.5,-20.42251
2798709218.75,-20.42122
2798709375.0,-20.4201
2798709531.25,-20.41929
2798709687.5,-20.41837
2798709843.75,-20.41734
2798710000.0,-20.41732
2798710156.25,-20.41485
2798710312.5,-20.4116
2798710468.75,-20.41179
2798710625.0,-20.40697
2798710781.25,-20.40815
2798710937.5,-20.40565
2798711093.75,-20.40689
2798711250.0,-20.40458
2798711406.25,-20.40273
2798711562.5,-20.40181
2798711718.75,-20.39895
2798711875.0,-20.39953
2798712031.25,-20.39829
2798712187.5,-20.39512
2798712343.75,-20.39363
2798712500.0,-20.39444
2798712656.25,-20.391
2798712812.5,-20.38968
2798712968.75,-20.39037
2798713125.0,-20.38724
2798713281.25,-20.38695
2798713437.5,-20.38549
2798713593.75,-20.38433
2798713750.0,-20.38264
2798713906.25,-20.38175
2798714062.5,-20.38032
2798714218.75,-20.37798
2798714375.0,-20.37691
2798714531.25,-20.37481
2798714687.5,-20.37412
2798714843.75,-20.37157
2798715000.0,-20.37029
2798715156.25,-20.37181
2798715312.5,-20.3697
2798715468.75,-20.3657
2798715625.0,-20.36514
2798715781.25,-20.36448
2798715937.5,-20.36099
2798716093.75,-20.36096
2798716250.0,-20.35931
2798716406.25,-20.35768
2798716562.5,-20.35707
2798716718.75,-20.35385
2798716875.0,-20.35419
2798717031.25,-20.35113
2798717187.5,-20.35086
2798717343.75,-20.35058
2798717500.0,-20.3481
2798717656.25,-20.34779
2798717812.5,-20.34727
2798717968.75,-20.34539
2798718125.0,-20.34124
2798718281.25,-20.34143
2798718437.5,-20.34166
2798718593.75,-20.33955
2798718750.0,-20.33778
2798718906.25,-20.33572
2798719062.5,-20.33531
2798719218.75,-20.3345
2798719375.0,-20.33259
2798719531.25,-20.33117
2798719687.5,-20.32884
2798719843.75,-20.32946
2798720000.0,-20.32748
2798720156.25,-20.32594
2798720312.5,-20.32331
2798720468.75,-20.32495
2798720625.0,-20.32286
2798720781.25,-20.32064
2798720937.5,-20.32064
2798721093.75,-20.31931
2798721250.0,-20.31642
2798721406.25,-20.31473
2798721562.5,-20.31404
2798721718.75,-20.31311
2798721875.0,-20.31223
2798722031.25,-20.30929
2798722187.5,-20.31065
2798722343.75,-20.30714
2798722500.0,-20.304
2798722656.25,-20.30383
2798722812.5,-20.30309
2798722968.75,-20.30016
2798723125.0,-20.29922
2798723281.25,-20.29921
2798723437.5,-20.29815
2798723593.75,-20.29575
2798723750.0,-20.29292
2798723906.25,-20.29366
2798724062.5,-20.29284
2798724218.75,-20.29062
2798724375.0,-20.28844
2798724531.25,-20.28733
2798724687.5,-20.28524
2798724843.75,-20.28683
2798725000.0,-20.28071
2798725156.25,-20.28294
2798725312.5,-20.28065
2798725468.75,-20.27831
2798725625.0,-20.2789
2798725781.25,-20.2753
2798725937.5,-20.2752
2798726093.75,-20.27375
2798726250.0,-20.26892
2798726406.25,-20.27015
2798726562.5,-20.26954
2798726718.75,-20.26933
2798726875.0,-20.26831
2798727031.25,-20.26654
2798727187.5,-20.26585
2798727343.75,-20.26136
2798727500.0,-20.26089
2798727656.25,-20.25961
2798727812.5,-20.25915
2798727968.75,-20.25742
2798728125.0,-20.25541
2798728281.25,-20.25515
2798728437.5,-20.25247
2798728593.75,-20.25072
2798728750.0,-20.24936
2798728906.25,-20.24796
2798729062.5,-20.24743
2798729218.75,-20.24517
2798729375.0,-20.24282
2798729531.25,-20.2436
2798729687.5,-20.23923
2798729843.75,-20.23939
2798730000.0,-20.23809
2798730156.25,-20.23725
2798730312.5,-20.23582
2798730468.75,-20.23367
2798730625.0,-20.23405
2798730781.25,-20.23323
2798730937.5,-20.23133
2798731093.75,-20.23057
2798731250.0,-20.22856
2798731406.25,-20.22567
2798731562.5,-20.22574
2798731718.75,-20.22412
2798731875.0,-20.22353
2798732031.25,-20.21993
2798732187.5,-20.22038
2798732343.75,-20.21652
2798732500.0,-20.21653
2798732656.25,-20.21256
2798732812.5,-20.21239
2798732968.75,-20.21202
2798733125.0,-20.21035
2798733281.25,-20.20935
2798733437.5,-20.20947
2798733593.75,-20.20517
2798733750.0,-20.20498
2798733906.25,-20.20472
2798734062.5,-20.20382
2798734218.75,-20.20259
2798734375.0,-20.20031
2798734531.25,-20.19997
2798734687.5,-20.19745
2798734843.75,-20.19407
2798735000.0,-20.19409
2798735156.25,-20.19454
2798735312.5,-20.19155
2798735468.75,-20.18947
2798735625.0,-20.19019
2798735781.25,-20.18746
2798735937.5,-20.18642
2798736093.75,-20.18533
2798736250.0,-20.18135
2798736406.25,-20.18291
2798736562.5,-20.18193
2798736718.75,-20.1791
2798736875.0,-20.17741
2798737031.25,-20.17645
2798737187.5,-20.17486
2798737343.75,-20.17342
2798737500.0,-20.17209
2798737656.25,-20.17099
2798737812.5,-20.1669
2798737968.75,-20.16895
2798738125.0,-20.16799
2798738281.25,-20.1644
2798738437.5,-20.16445
2798738593.75,-20.16302
2798738750.0,-20.15897
2798738906.25,-20.15993
2798739062.5,-20.16005
2798739218.75,-20.15563
2798739375.0,-20.15406
2798739531.25,-20.15306
2798739687.5,-20.15435
2798739843.75,-20.15035
2798740000.0,-20.14974
2798740156.25,-20.14844
2798740312.5,-20.14621
2798740468.75,-20.14612
2798740625.0,-20.14346
2798740781.25,-20.14446
2798740937.5,-20.14195
2798741093.75,-20.13835
2798741250.0,-20.139
2798741406.25,-20.13838
2798741562.5,-20.13495
2798741718.75,-20.13436
2798741875.0,-20.13137
2798742031.25,-20.13188
2798742187.5,-20.12946
2798742343.75,-20.12981
2798742500.0,-20.12705
2798742656.25,-20.12586
2798742812.5,-20.12486
2798742968.75,-20.12226
2798743125.0,-20.12144
2798743281.25,-20.12062
2798743437.5,-20.12067
2798743593.75,-20.117
2798743750.0,-20.11749
2798743906.25,-20.11415
2798744062.5,-20.11238
2798744218.75,-20.11105
2798744375.0,-20.11053
2798744531.25,-20.10799
2798744687.5,-20.10537
2798744843.75,-20.1067
2798745000.0,-20.10303
2798745156.25,-20.10315
2798745312.5,-20.10051
2798745468.75,-20.09935
2798745625.0,-20.09885
2798745781.25,-20.09556
2798745937.5,-20.0953
2798746093.75,-20.09584
2798746250.0,-20.09219
2798746406.25,-20.09225
2798746562.5,-20.09237
2798746718.75,-20.08899
2798746875.0,-20.08698
2798747031.25,-20.08656
2798747187.5,-20.08487
2798747343.75,-20.08386
2798747500.0,-20.08275
2798747656.25,-20.08041
2798747812.5,-20.07939
2798747968.75,-20.07858
2798748125.0,-20.07489
2798748281.25,-20.07487
2798748437.5,-20.07315
2798748593.75,-20.07321
2798748750.0,-20.07081
2798748906.25,-20.06789
2798749062.5,-20.06888
2798749218.75,-20.06586
2798749375.0,-20.06414
2798749531.25,-20.06257
2798749687.5,-20.06129
2798749843.75,-20.06076
2798750000.0,-20.06009
2798750156.25,-20.05737
2798750312.5,-20.05695
2798750468.75,-20.05424
2798750625.0,-20.05356
2798750781.25,-20.0519
2798750937.5,-20.05198
2798751093.75,-20.04974
2798751250.0,-20.04787
2798751406.25,-20.04751
2798751562.5,-20.04557
2798751718.75,-20.04362
2798751875.0,-20.04236
2798752031.25,-20.04141
2798752187.5,-20.03977
2798752343.75,-20.03782
2798752500.0,-20.03825
2798752656.25,-20.03703
2798752812.5,-20.03366
2798752968.75,-20.03222
2798753125.0,-20.03104
2798753281.25,-20.02936
2798753437.5,-20.02703
2798753593.75,-20.0276
2798753750.0,-20.02507
2798753906.25,-20.02309
2798754062.5,-20.0231
2798754218.75,-20.02068
2798754375.0,-20.01956
2798754531.25,-20.01849
2798754687.5,-20.01716
2798754843.75,-20.01563
2798755000.0,-20.0155
2798755156.25,-20.01067
2798755312.5,-20.01054
2798755468.75,-20.01212
2798755625.0,-20.00884
2798755781.25,-20.0099
2798755937.5,-20.00595
2798756093.75,-20.005
2798756250.0,-20.00269
2798756406.25,-20.00279
2798756562.5,-19.99982
2798756718.75,-19.99938
2798756875.0,-19.99798
2798757031.25,-19.99625
2798757187.5,-19.99411
2798757343.75,-19.99225
2798757500.0,-19.99282
2798757656.25,-19.98837
2798757812.5,-19.98689
2798757968.75,-19.98801
2798758125.0,-19.98558
2798758281.25,-19.98391
2798758437.5,-19.9832
2798758593.75,-19.98106
2798758750.0,-19.98059
2798758906.25,-19.97977
2798759062.5,-19.97586
2798759218.75,-19.97579
2798759375.0,-19.97338
2798759531.25,-19.9721
2798759687.5,-19.97012
2798759843.75,-19.96861
2798760000.0,-19.96753
2798760156.25,-19.96728
2798760312.5,-19.96564
2798760468.75,-19.96486
2798760625.0,-19.96301
2798760781.25,-19.95988
2798760937.5,-19.95905
2798761093.75,-19.95922
2798761250.0,-19.95823
2798761406.25,-19.95523
2798761562.5,-19.95573
2798761718.75,-19.95419
2798761875.0,-19.95084
2798762031.25,-19.95042
2798762187.5,-19.94788
2798762343.75,-19.94608
2798762500.0,-19.94604
2798762656.25,-19.94563
2798762812.5,-19.94294
2798762968.75,-19.94012
2798763125.0,-19.93868
2798763281.25,-19.93973
2798763437.5,-19.93834
2798763593.75,-19.93651
2798763750.0,-19.93474
2798763906.25,-19.93106
2798764062.5,-19.93034
2798764218.75,-19.92991
2798764375.0,-19.92849
2798764531.25,-19.92708
2798764687.5,-19.92497
2798764843.75,-19.92321
2798765000.0,-19.92187
2798765156.25,-19.9221
2798765312.5,-19.91891
2798765468.75,-19.91896
2798765625.0,-19.91774
2798765781.25,-19.91603
2798765937.5,-19.91467
2798766093.75,-19.91182
2798766250.0,-19.91259
2798766406.25,-19.90983
2798766562.5,-19.90787
2798766718.75,-19.90866
2798766875.0,-19.90431
2798767031.25,-19.90536
2798767187.5,-19.90185
2798767343.75,-19.90194
2798767500.0,-19.90063
2798767656.25,-19.89894
2798767812.5,-19.89685
2798767968.75,-19.8961
2798768125.0,-19.89377
2798768281.25,-19.89294
2798768437.5,-19.88906
2798768593.75,-19.88903
2798768750.0,-19.8885
2798768906.25,-19.88594
2798769062.5,-19.8847
2798769218.75,-19.88339
2798769375.0,-19.88219
2798769531.25,-19.88106
2798769687.5,-19.87863
2798769843.75,-19.87799
2798770000.0,-19.87841
2798770156.25,-19.87614
2798770312.5,-19.87276
2798770468.75,-19.8717
2798770625.0,-19.87018
2798770781.25,-19.87012
2798770937.5,-19.86699
2798771093.75,-19.86637
2798771250.0,-19.86375
2798771406.25,-19.86366
2798771562.5,-19.86362
2798771718.75,-19.86148
2798771875.0,-19.85948
2798772031.25,-19.85684
2798772187.5,-19.85595
2798772343.75,-19.85409
2798772500.0,-19.85306
2798772656.25,-19.85329
2798772812.5,-19.85114
2798772968.75,-19.8487
2798773125.0,-19.84934
2798773281.25,-19.84702
2798773437.5,-19.84587
2798773593.75,-19.84312
2798773750.0,-19.84069
2798773906.25,-19.84008
2798774062.5,-19.83766
2798774218.75,-19.83612
2798774375.0,-19.83722
2798774531.25,-19.83488
2798774687.5,-19.83233
2798774843.75,-19.83233
2798775000.0,-19.83102
2798775156.25,-19.82915
2798775312.5,-19.82782
2798775468.75,-19.82486
2798775625.0,-19.82539
2798775781.25,-19.82281
2798775937.5,-19.82066
2798776093.75,-19.81984
2798776250.0,-19.81894
2798776406.25,-19.81644
2798776562.5,-19.81465
2798776718.75,-19.81558
2798776875.0,-19.81252
2798777031.25,-19.81122
2798777187.5,-19.80992
2798777343.75,-19.80767
2798777500.0,-19.80691
2798777656.25,-19.80608
2798777812.5,-19.80486
2798777968.75,-19.80258
2798778125.0,-19.80301
2798778281.25,-19.80066
2798778437.5,-19.79933
2798778593.75,-19.79693
2798778750.0,-19.79517
2798778906.25,-19.79335
2798779062.5,-19.79368
2798779218.75,-19.79033
2798779375.0,-19.78971
2798779531.25,-19.78868
2798779687.5,-19.78769
2798779843.75,-19.78569
2798780000.0,-19.78377
2798780156.25,-19.7824
2798780312.5,-19.78126
2798780468.75,-19.78131
2798780625.0,-19.7773
2798780781.25,-19.77773
2798780937.5,-19.77484
2798781093.75,-19.77338
2798781250.0,-19.77252
2798781406.25,-19.77082
2798781562.5,-19.76941
2798781718.75,-19.76895
2798781875.0,-19.76587
2798782031.25,-19.76532
2798782187.5,-19.76074
2798782343.75,-19.76202
2798782500.0,-19.76179
2798782656.25,-19.75937
2798782812.5,-19.75695
2798782968.75,-19.75791
2798783125.0,-19.7547
2798783281.25,-19.75332
2798783437.5,-19.75091
2798783593.75,-19.75063
2798783750.0,-19.74735
2798783906.25,-19.74699
2798784062.5,-19.74727
2798784218.75,-19.74653
2798784375.0,-19.74354
2798784531.25,-19.74272
2798784687.5,-19.74076
2798784843.75,-19.7382
2798785000.0,-19.73743
2798785156.25,-19.73482
2798785312.5,-19.73481
2798785468.75,-19.73323
2798785625.0,-19.73055
2798785781.25,-19.73228
2798785937.5,-19.72906
2798786093.75,-19.72742
2798786250.0,-19.72501
2798786406.25,-19.72427
2798786562.5,-19.7211
2798786718.75,-19.72024
2798786875.0,-19.71888
2798787031.25,-19.71657
2798787187.5,-19.71502
2798787343.75,-19.71815
2798787500.0,-19.7124
2798787656.25,-19.71288
2798787812.5,-19.70925
2798787968.75,-19.70829
2798788125.0,-19.70836
2798788281.25,-19.70802
2798788437.5,-19.70652
2798788593.75,-19.70369
2798788750.0,-19.70128
2798788906.25,-19.69994
2798789062.5,-19.69975
2798789218.75,-19.69713
2798789375.0,-19.69597
2798789531.25,-19.69303
2798789687.5,-19.6933
2798789843.75,-19.69085
2798790000.0,-19.69051
2798790156.25,-19.68835
2798790312.5,-19.68718
2798790468.75,-19.68707
2798790625.0,-19.68429
2798790781.25,-19.68165
2798790937.5,-19.6815
2798791093.75,-19.67952
2798791250.0,-19.6794
2798791406.25,-19.67778
2798791562.5,-19.67579
2798791718.75,-19.67447
2798791875.0,-19.67168
2798792031.25,-19.66947
2798792187.5,-19.66818
2798792343.75,-19.6684
2798792500.0,-19.66712
2798792656.25,-19.66552
2798792812.5,-19.66548
2798792968.75,-19.65988
2798793125.0,-19.66109
2798793281.25,-19.66017
2798793437.5,-19.65673
2798793593.75,-19.65648
2798793750.0,-19.65472
2798793906.25,-19.65336
2798794062.5,-19.6525
2798794218.75,-19.65155
2798794375.0,-19.64748
2798794531.25,-19.64784
2798794687.5,-19.6464
2798794843.75,-19.64534
2798795000.0,-19.64476
2798795156.25,-19.64035
2798795312.5,-19.64039
2798795468.75,-19.63773
2798795625.0,-19.63719
2798795781.25,-19.63649
2798795937.5,-19.6348
2798796093.75,-19.63305
2798796250.0,-19.63059
2798796406.25,-19.6288
2798796562.5,-19.6269
2798796718.75,-19.62737
2798796875.0,-19.62646
2798797031.25,-19.62441
2798797187.5,-19.62465
2798797343.75,-19.62137
2798797500.0,-19.61813
2798797656.25,-19.61871
2798797812.5,-19.61626
2798797968.75,-19.61331
2798798125.0,-19.61297
2798798281.25,-19.61079
2798798437.5,-19.61001
2798798593.75,-19.60947
2798798750.0,-19.6066
2798798906.25,-19.60538
2798799062.5,-19.60415
2798799218.75,-19.60043
2798799375.0,-19.60341
2798799531.25,-19.59916
2798799687.5,-19.59918
2798799843.75,-19.59708
2798800000.0,-19.59578
2798800156.25,-19.59367
2798800312.5,-19.59237
2798800468.75,-19.59213
2798800625.0,-19.58926
2798800781.25,-19.58683
2798800937.5,-19.58705
2798801093.75,-19.58415
2798801250.0,-19.58347
2798801406.25,-19.58258
2798801562.5,-19.5789
2798801718.75,-19.5803
2798801875.0,-19.57572
2798802031.25,-19.57564
2798802187.5,-19.57518
2798802343.75,-19.57411
2798802500.0,-19.57293
2798802656.25,-19.57111
2798802812.5,-19.56727
2798802968.75,-19.56607
2798803125.0,-19.56371
2798803281.25,-19.5636
2798803437.5,-19.56271
2798803593.75,-19.56076
2798803750.0,-19.55885
2798803906.25,-19.55851
2798804062.5,-19.55603
2798804218.75,-19.55488
2798804375.0,-19.553
2798804531.25,-19.55203
2798804687.5,-19.54904
2798804843.75,-19.55054
2798805000.0,-19.54654
2798805156.25,-19.5463
2798805312.5,-19.54401
2798805468.75,-19.54266
2798805625.0,-19.54381
2798805781.25,-19.53952
2798805937.5,-19.5389
2798806093.75,-19.53847
2798806250.0,-19.53652
2798806406.25,-19.53639
2798806562.5,-19.53312
2798806718.75,-19.53094
2798806875.0,-19.53062
2798807031.25,-19.52954
2798807187.5,-19.52868
2798807343.75,-19.52555
2798807500.0,-19.52413
2798807656.25,-19.52295
2798807812.5,-19.5209
2798807968.75,-19.5205
2798808125.0,-19.51712
2798808281.25,-19.51599
2798808437.5,-19.51583
2798808593.75,-19.51254
2798808750.0,-19.51186
2798808906.25,-19.50931
2798809062.5,-19.50783
2798809218.75,-19.50797
2798809375.0,-19.50609
2798809531.25,-19.50596
2798809687.5,-19.50208
2798809843.75,-19.50099
2798810000.0,-19.50018
2798810156.25,-19.49831
2798810312.5,-19.49879
2798810468.75,-19.49551
2798810625.0,-19.49187
2798810781.25,-19.49014
2798810937.5,-19.49092
2798811093.75,-19.49005
2798811250.0,-19.48731
2798811406.25,-19.48647
2798811562.5,-19.48455
2798811718.75,-19.48447
2798811875.0,-19.48297
2798812031.25,-19.48074
2798812187.5,-19.47756
2798812343.75,-19.47744
2798812500.0,-19.47628
2798812656.25,-19.47434
2798812812.5,-19.47293
2798812968.75,-19.47285
2798813125.0,-19.46911
2798813281.25,-19.46849
2798813437.5,-19.4662
2798813593.75,-19.46684
2798813750.0,-19.46363
2798813906.25,-19.46172
2798814062.5,-19.4605
2798814218.75,-19.45832
2798814375.0,-19.45772
2798814531.25,-19.45695
2798814687.5,-19.45518
2798814843.75,-19.45354
2798815000.0,-19.45076
2798815156.25,-19.44945
2798815312.5,-19.45076
2798815468.75,-19.44892
2798815625.0,-19.44646
2798815781.25,-19.44375
2798815937.5,-19.44256
2798816093.75,-19.4404
2798816250.0,-19.43962
2798816406.25,-19.43718
2798816562.5,-19.43504
2798816718.75,-19.43468
2798816875.0,-19.43344
2798817031.25,-19.43339
2798817187.5,-19.4301
2798817343.75,-19.42954
2798817500.0,-19.42821
2798817656.25,-19.42671
2798817812.5,-19.42363
2798817968.75,-19.42302
2798818125.0,-19.41985
2798818281.25,-19.42001
2798818437.5,-19.41706
2798818593.75,-19.41758
2798818750.0,-19.41483
2798818906.25,-19.41427
2798819062.5,-19.41217
2798819218.75,-19.4132
2798819375.0,-19.40902
2798819531.25,-19.40736
2798819687.5,-19.40594
2798819843.75,-19.40583
2798820000.0,-19.40365
2798820156.25,-19.40242
2798820312.5,-19.40014
2798820468.75,-19.39997
2798820625.0,-19.39774
2798820781.25,-19.39668
2798820937.5,-19.39622
2798821093.75,-19.39218
2798821250.0,-19.39115
2798821406.25,-19.38938
2798821562.5,-19.38775
2798821718.75,-19.38727
2798821875.0,-19.38499
2798822031.25,-19.38444
2798822187.5,-19.38136
2798822343.75,-19.38007
2798822500.0,-19.37797
2798822656.25,-19.37658
2798822812.5,-19.37642
2798822968.75,-19.37366
2798823125.0,-19.37319
2798823281.25,-19.37121
2798823437.5,-19.37042
2798823593.75,-19.36971
2798823750.0,-19.36786
2798823906.25,-19.36524
2798824062.5,-19.36368
2798824218.75,-19.36089
2798824375.0,-19.35909
2798824531.25,-19.35902
2798824687.5,-19.35757
2798824843.75,-19.35408
2798825000.0,-19.35421
2798825156.25,-19.3539
2798825312.5,-19.3513
2798825468.75,-19.34966
2798825625.0,-19.34969
2798825781.25,-19.34689
2798825937.5,-19.34456
2798826093.75,-19.34431
2798826250.0,-19.34108
2798826406.25,-19.33978
2798826562.5,-19.33888
2798826718.75,-19.33831
2798826875.0,-19.335
2798827031.25,-19.3357
2798827187.5,-19.33443
2798827343.75,-19.33174
2798827500.0,-19.33128
2798827656.25,-19.32867
2798827812.5,-19.32845
2798827968.75,-19.32553
2798828125.0,-19.32505
2798828281.25,-19.32288
2798828437.5,-19.31938
2798828593.75,-19.31956
2798828750.0,-19.31715
2798828906.25,-19.31708
2798829062.5,-19.31703
2798829218.75,-19.31341
2798829375.0,-19.31184
2798829531.25,-19.31192
2798829687.5,-19.30951
2798829843.75,-19.30767
2798830000.0,-19.30671
2798830156.25,-19.30422
2798830312.5,-19.30191
2798830468.75,-19.30048
2798830625.0,-19.29966
2798830781.25,-19.29843
2798830937.5,-19.29492
2798831093.75,-19.2969
2798831250.0,-19.29371
2798831406.25,-19.2907
2798831562.5,-19.28979
2798831718.75,-19.28979
2798831875.0,-19.28904
2798832031.25,-19.2855
2798832187.5,-19.28422
2798832343.75,-19.28272
2798832500.0,-19.2831
2798832656.25,-19.27863
2798832812.5,-19.28016
2798832968.75,-19.27693
2798833125.0,-19.27669
2798833281.25,-19.27364
2798833437.5,-19.27177
2798833593.75,-19.26925
2798833750.0,-19.26966
2798833906.25,-19.26713
2798834062.5,-19.26719
2798834218.75,-19.26425
2798834375.0,-19.26277
2798834531.25,-19.26105
2798834687.5,-19.25936
2798834843.75,-19.25746
2798835000.0,-19.25599
2798835156.25,-19.25626
2798835312.5,-19.25312
2798835468.75,-19.25306
2798835625.0,-19.25109
2798835781.25,-19.24914
2798835937.5,-19.24749
2798836093.75,-19.24516
2798836250.0,-19.24503
2798836406.25,-19.24247
2798836562.5,-19.24061
2798836718.75,-19.24014
2798836875.0,-19.23802
2798837031.25,-19.23452
2798837187.5,-19.23661
2798837343.75,-19.23449
2798837500.0,-19.23359
2798837656.25,-19.22992
2798837812.5,-19.22865
2798837968.75,-19.22869
2798838125.0,-19.22591
2798838281.25,-19.22476
2798838437.5,-19.22528
2798838593.75,-19.22208
2798838750.0,-19.22048
2798838906.25,-19.21909
2798839062.5,-19.21674
2798839218.75,-19.21515
2798839375.0,-19.21302
2798839531.25,-19.21134
2798839687.5,-19.20939
2798839843.75,-19.20952
2798840000.0,-19.20855
2798840156.25,-19.20521
2798840312.5,-19.20317
2798840468.75,-19.20253
2798840625.0,-19.19981
2798840781.25,-19.1995
2798840937.5,-19.19869
2798841093.75,-19.19714
2798841250.0,-19.19579
2798841406.25,-19.19201
2798841562.5,-19.19167
2798841718.75,-19.19202
2798841875.0,-19.18899
2798842031.25,-19.18651
2798842187.5,-19.18549
2798842343.75,-19.18333
2798842500.0,-19.18343
2798842656.25,-19.18135
2798842812.5,-19.17713
2798842968.75,-19.17824
2798843125.0,-19.17716
2798843281.25,-19.17361
2798843437.5,-19.17321
2798843593.75,-19.17168
2798843750.0,-19.16927
2798843906.25,-19.16757
2798844062.5,-19.16881
2798844218.75,-19.16529
2798844375.0,-19.16361
2798844531.25,-19.16204
2798844687.5,-19.16076
2798844843.75,-19.16025
2798845000.0,-19.15722
2798845156.25,-19.15616
2798845312.5,-19.15418
2798845468.75,-19.15295
2798845625.0,-19.15168
2798845781.25,-19.15081
2798845937.5,-19.148
2798846093.75,-19.14709
2798846250.0,-19.14502
2798846406.25,-19.14325
2798846562.5,-19.14032
2798846718.75,-19.13964
2798846875.0,-19.14045
2798847031.25,-19.13774
2798847187.5,-19.13863
2798847343.75,-19.13478
2798847500.0,-19.13095
2798847656.25,-19.12947
2798847812.5,-19.12999
2798847968.75,-19.12794
2798848125.0,-19.12621
2798848281.25,-19.12502
2798848437.5,-19.12234
2798848593.75,-19.11999
2798848750.0,-19.12076
2798848906.25,-19.11996
2798849062.5,-19.11592
2798849218.75,-19.11511
2798849375.0,-19.11473
2798849531.25,-19.1131
2798849687.5,-19.10921
2798849843.75,-19.10836
2798850000.0,-19.10652
2798850156.25,-19.10621
2798850312.5,-19.10578
2798850468.75,-19.10354
2798850625.0,-19.10156
2798850781.25,-19.10097
2798850937.5,-19.10029
2798851093.75,-19.09608
2798851250.0,-19.09553
2798851406.25,-19.09356
2798851562.5,-19.09115
2798851718.75,-19.09098
2798851875.0,-19.08999
2798852031.25,-19.08669
2798852187.5,-19.08602
2798852343.75,-19.08493
2798852500.0,-19.08201
2798852656.25,-19.08086
2798852812.5,-19.08049
2798852968.75,-19.07851
2798853125.0,-19.0767
2798853281.25,-19.07407
2798853437.5,-19.0744
2798853593.75,-19.07156
2798853750.0,-19.07038
2798853906.25,-19.06947
2798854062.5,-19.06799
2798854218.75,-19.06308
2798854375.0,-19.06244
2798854531.25,-19.06351
2798854687.5,-19.0603
2798854843.75,-19.05852
2798855000.0,-19.05771
2798855156.25,-19.05616
2798855312.5,-19.05336
2798855468.75,-19.05411
2798855625.0,-19.05187
2798855781.25,-19.05111
2798855937.5,-19.04799
2798856093.75,-19.04641
2798856250.0,-19.04512
2798856406.25,-19.04263
2798856562.5,-19.04142
2798856718.75,-19.03954
2798856875.0,-19.03923
2798857031.25,-19.03623
2798857187.5,-19.03508
2798857343.75,-19.0348
2798857500.0,-19.03386
2798857656.25,-19.03087
2798857812.5,-19.02921
2798857968.75,-19.02706
2798858125.0,-19.02584
2798858281.25,-19.02509
2798858437.5,-19.02391
2798858593.75,-19.02203
2798858750.0,-19.01837
2798858906.25,-19.01967
2798859062.5,-19.01761
2798859218.75,-19.01401
2798859375.0,-19.0131
2798859531.25,-19.01159
2798859687.5,-19.01263
2798859843.75,-19.00886
2798860000.0,-19.00607
2798860156.25,-19.00603
2798860312.5,-19.00325
2798860468.75,-19.00292
2798860625.0,-19.00061
2798860781.25,-18.9997
2798860937.5,-18.99773
2798861093.75,-18.99758
2798861250.0,-18.99418
2798861406.25,-18.99239
2798861562.5,-18.99167
2798861718.75,-18.99051
2798861875.0,-18.98892
2798862031.25,-18.98672
2798862187.5,-18.98408
2798862343.75,-18.98327
2798862500.0,-18.98211
2798862656.25,-18.97885
2798862812.5,-18.9786
2798862968.75,-18.97721
2798863125.0,-18.97572
2798863281.25,-18.97445
2798863437.5,-18.97188
2798863593.75,-18.9704
2798863750.0,-18.96826
2798863906.25,-18.96614
2798864062.5,-18.96668
2798864218.75,-18.96464
2798864375.0,-18.96187
2798864531.25,-18.96019
2798864687.5,-18.95977
2798864843.75,-18.95922
2798865000.0,-18.95664
2798865156.25,-18.95414
2798865312.5,-18.95387
2798865468.75,-18.95122
2798865625.0,-18.94941
2798865781.25,-18.94856
2798865937.5,-18.94683
2798866093.75,-18.94604
2798866250.0,-18.94294
2798866406.25,-18.94424
2798866562.5,-18.94177
2798866718.75,-18.93956
2798866875.0,-18.93798
2798867031.25,-18.93628
2798867187.5,-18.93416
2798867343.75,-18.9327
2798867500.0,-18.93081
2798867656.25,-18.92827
2798867812.5,-18.92664
2798867968.75,-18.9256
2798868125.0,-18.92509
2798868281.25,-18.92216
2798868437.5,-18.92352
2798868593.75,-18.9201
2798868750.0,-18.91916
2798868906.25,-18.91754
2798869062.5,-18.91549
2798869218.75,-18.91308
2798869375.0,-18.91241
2798869531.25,-18.91022
2798869687.5,-18.90928
2798869843.75,-18.90598
2798870000.0,-18.90483
2798870156.25,-18.90512
2798870312.5,-18.90163
2798870468.75,-18.90108
2798870625.0,-18.89894
2798870781.25,-18.89714
2798870937.5,-18.89458
2798871093.75,-18.89411
2798871250.0,-18.89403
2798871406.25,-18.89234
2798871562.5,-18.89011
2798871718.75,-18.88758
2798871875.0,-18.88504
2798872031.25,-18.88483
2798872187.5,-18.88412
2798872343.75,-18.88059
2798872500.0,-18.88055
2798872656.25,-18.87768
2798872812.5,-18.8761
2798872968.75,-18.8729
2798873125.0,-18.87314
2798873281.25,-18.8712
2798873437.5,-18.86898
2798873593.75,-18.86889
2798873750.0,-18.86758
2798873906.25,-18.86404
2798874062.5,-18.86397
2798874218.75,-18.86256
2798874375.0,-18.86052
2798874531.25,-18.85863
2798874687.5,-18.85647
2798874843.75,-18.8566
2798875000.0,-18.85329
2798875156.25,-18.85157
2798875312.5,-18.85145
2798875468.75,-18.84936
2798875625.0,-18.84731
2798875781.25,-18.84523
2798875937.5,-18.84563
2798876093.75,-18.8432
2798876250.0,-18.84108
2798876406.25,-18.83898
2798876562.5,-18.83971
2798876718.75,-18.83558
2798876875.0,-18.83508
2798877031.25,-18.83325
2798877187.5,-18.83223
2798877343.75,-18.83146
2798877500.0,-18.82756
2798877656.25,-18.82714
2798877812.5,-18.82566
2798877968.75,-18.82439
2798878125.0,-18.82033
2798878281.25,-18.82164
2798878437.5,-18.81828
2798878593.75,-18.81669
2798878750.0,-18.8148
2798878906.25,-18.81282
2798879062.5,-18.81479
2798879218.75,-18.81095
2798879375.0,-18.80952
2798879531.25,-18.80653
2798879687.5,-18.80536
2798879843.75,-18.80392
2798880000.0,-18.80343
2798880156.25,-18.80264
2798880312.5,-18.79918
2798880468.75,-18.79718
2798880625.0,-18.79598
2798880781.25,-18.79553
2798880937.5,-18.79256
2798881093.75,-18.79127
2798881250.0,-18.7903
2798881406.25,-18.78851
2798881562.5,-18.78477
2798881718.75,-18.78436
2798881875.0,-18.78304
2798882031.25,-18.78156
2798882187.5,-18.77904
2798882343.75,-18.7783
2798882500.0,-18.77676
2798882656.25,-18.77541
2798882812.5,-18.77441
2798882968.75,-18.77105
2798883125.0,-18.77046
2798883281.25,-18.76662
2798883437.5,-18.7671
2798883593.75,-18.76591
2798883750.0,-18.76385
2798883906.25,-18.76231
2798884062.5,-18.76093
2798884218.75,-18.75823
2798884375.0,-18.75725
2798884531.25,-18.75568
2798884687.5,-18.75405
2798884843.75,-18.7527
2798885000.0,-18.75154
2798885156.25,-18.74974
2798885312.5,-18.74783
2798885468.75,-18.74482
2798885625.0,-18.74508
2798885781.25,-18.74383
2798885937.5,-18.74035
2798886093.75,-18.74076
2798886250.0,-18.73807
2798886406.25,-18.73621
2798886562.5,-18.73626
2798886718.75,-18.73311
2798886875.0,-18.73097
2798887031.25,-18.73059
2798887187.5,-18.72965
2798887343.75,-18.72756
2798887500.0,-18.72576
2798887656.25,-18.72388
2798887812.5,-18.72228
2798887968.75,-18.71976
2798888125.0,-18.7185
2798888281.25,-18.7161
2798888437.5,-18.71449
2798888593.75,-18.7132
2798888750.0,-18.71065
2798888906.25,-18.7116
2798889062.5,-18.70851
2798889218.75,-18.70722
2798889375.0,-18.70451
2798889531.25,-18.70319
2798889687.5,-18.70444
2798889843.75,-18.70128
2798890000.0,-18.69695
2798890156.25,-18.69825
2798890312.5,-18.69646
2798890468.75,-18.69299
2798890625.0,-18.69259
2798890781.25,-18.69051
2798890937.5,-18.68939
2798891093.75,-18.68677
2798891250.0,-18.68584
2798891406.25,-18.68379
2798891562.5,-18.6822
2798891718.75,-18.67994
2798891875.0,-18.67998
2798892031.25,-18.67751
2798892187.5,-18.67471
2798892343.75,-18.67633
2798892500.0,-18.67316
2798892656.25,-18.67269
2798892812.5,-18.66932
2798892968.75,-18.66809
2798893125.0,-18.66669
2798893281.25,-18.66424
2798893437.5,-18.66262
2798893593.75,-18.66105
2798893750.0,-18.65875
2798893906.25,-18.65875
2798894062.5,-18.65516
2798894218.75,-18.65639
2798894375.0,-18.65288
2798894531.25,-18.65206
2798894687.5,-18.64963
2798894843.75,-18.64733
2798895000.0,-18.64783
2798895156.25,-18.64454
2798895312.5,-18.64282
2798895468.75,-18.64285
2798895625.0,-18.64122
2798895781.25,-18.63916
2798895937.5,-18.63788
2798896093.75,-18.63548
2798896250.0,-18.63326
2798896406.25,-18.63177
2798896562.5,-18.63074
2798896718.75,-18.6292
2798896875.0,-18.62685
2798897031.25,-18.62457
2798897187.5,-18.6241
2798897343.75,-18.62143
2798897500.0,-18.61859
2798897656.25,-18.61826
2798897812.5,-18.61706
2798897968.75,-18.6153
2798898125.0,-18.61267
2798898281.25,-18.61119
2798898437.5,-18.61247
2798898593.75,-18.60741
2798898750.0,-18.60624
2798898906.25,-18.60626
2798899062.5,-18.60441
2798899218.75,-18.60251
2798899375.0,-18.60124
2798899531.25,-18.60006
2798899687.5,-18.59811
2798899843.75,-18.59737
2798900000.0,-18.59387
2798900156.25,-18.59181
2798900312.5,-18.59286
2798900468.75,-18.58974
2798900625.0,-18.58722
2798900781.25,-18.58585
2798900937.5,-18.58472
2798901093.75,-18.5826
2798901250.0,-18.57959
2798901406.25,-18.57981
2798901562.5,-18.57766
2798901718.75,-18.57512
2798901875.0,-18.57233
2798902031.25,-18.57254
2798902187.5,-18.56957
2798902343.75,-18.56862
2798902500.0,-18.5673
2798902656.25,-18.56604
2798902812.5,-18.56328
2798902968.75,-18.56178
2798903125.0,-18.56092
2798903281.25,-18.5586
2798903437.5,-18.55698
2798903593.75,-18.55457
2798903750.0,-18.5539
2798903906.25,-18.55295
2798904062.5,-18.55059
2798904218.75,-18.5497
2798904375.0,-18.5479
2798904531.25,-18.54563
2798904687.5,-18.54634
2798904843.75,-18.54303
2798905000.0,-18.541
2798905156.25,-18.53895
2798905312.5,-18.5367
2798905468.75,-18.53732
2798905625.0,-18.5341
2798905781.25,-18.53132
2798905937.5,-18.5309
2798906093.75,-18.52964
2798906250.0,-18.52797
2798906406.25,-18.52586
2798906562.5,-18.52601
2798906718.75,-18.52365
2798906875.0,-18.52033
2798907031.25,-18.51906
2798907187.5,-18.51745
2798907343.75,-18.51751
2798907500.0,-18.51362
2798907656.25,-18.51297
2798907812.5,-18.51161
2798907968.75,-18.51028
2798908125.0,-18.5069
2798908281.25,-18.50619
2798908437.5,-18.50541
2798908593.75,-18.50227
2798908750.0,-18.50031
2798908906.25,-18.50015
2798909062.5,-18.49753
2798909218.75,-18.49624
2798909375.0,-18.4948
2798909531.25,-18.4913
2798909687.5,-18.49134
2798909843.75,-18.49046
2798910000.0,-18.48818
2798910156.25,-18.48713
2798910312.5,-18.48481
2798910468.75,-18.48245
2798910625.0,-18.48293
2798910781.25,-18.47973
2798910937.5,-18.47864
2798911093.75,-18.4756
2798911250.0,-18.47528
2798911406.25,-18.47269
2798911562.5,-18.47226
2798911718.75,-18.46973
2798911875.0,-18.46854
2798912031.25,-18.46568
2798912187.5,-18.46385
2798912343.75,-18.46182
2798912500.0,-18.46186
2798912656.25,-18.4602
2798912812.5,-18.45826
2798912968.75,-18.45573
2798913125.0,-18.45425
2798913281.25,-18.45414
2798913437.5,-18.45238
2798913593.75,-18.44838
2798913750.0,-18.44794
2798913906.25,-18.44569
2798914062.5,-18.44468
2798914218.75,-18.44175
2798914375.0,-18.4425
2798914531.25,-18.43917
2798914687.5,-18.43751
2798914843.75,-18.43597
2798915000.0,-18.43445
2798915156.25,-18.43082
2798915312.5,-18.43046
2798915468.75,-18.42821
2798915625.0,-18.42817
2798915781.25,-18.42569
2798915937.5,-18.42408
2798916093.75,-18.42179
2798916250.0,-18.42091
2798916406.25,-18.42001
2798916562.5,-18.41762
2798916718.75,-18.41399
2798916875.0,-18.41534
2798917031.25,-18.41199
2798917187.5,-18.41039
2798917343.75,-18.40882
2798917500.0,-18.40754
2798917656.25,-18.40631
2798917812.5,-18.40361
2798917968.75,-18.40295
2798918125.0,-18.40102
2798918281.25,-18.39902
2798918437.5,-18.39802
2798918593.75,-18.39581
2798918750.0,-18.39399
2798918906.25,-18.39198
2798919062.5,-18.38863
2798919218.75,-18.38923
2798919375.0,-18.38701
2798919531.25,-18.38458
2798919687.5,-18.38354
2798919843.75,-18.38222
2798920000.0,-18.37964
2798920156.25,-18.37835
2798920312.5,-18.37831
2798920468.75,-18.37554
2798920625.0,-18.37236
2798920781.25,-18.37177
2798920937.5,-18.369
2798921093.75,-18.36866
2798921250.0,-18.36668
2798921406.25,-18.36591
2798921562.5,-18.3652
2798921718.75,-18.36149
2798921875.0,-18.36066
2798922031.25,-18.35736
2798922187.5,-18.35695
2798922343.75,-18.35609
2798922500.0,-18.3537
2798922656.25,-18.35181
2798922812.5,-18.35004
2798922968.75,-18.3491
2798923125.0,-18.34815
2798923281.25,-18.34567
2798923437.5,-18.34358
2798923593.75,-18.34212
2798923750.0,-18.3397
2798923906.25,-18.3375
2798924062.5,-18.33391
2798924218.75,-18.33359
2798924375.0,-18.33268
2798924531.25,-18.33211
2798924687.5,-18.33093
2798924843.75,-18.32697
2798925000.0,-18.32683
2798925156.25,-18.32352
2798925312.5,-18.32344
2798925468.75,-18.32117
2798925625.0,-18.32015
2798925781.25,-18.31735
2798925937.5,-18.31668
2798926093.75,-18.31636
2798926250.0,-18.31315
2798926406.25,-18.31051
2798926562.5,-18.31115
2798926718.75,-18.30685
2798926875.0,-18.30555
2798927031.25,-18.30505
2798927187.5,-18.30218
2798927343.75,-18.30086
2798927500.0,-18.29978
2798927656.25,-18.29779
2798927812.5,-18.29599
2798927968.75,-18.29431
2798928125.0,-18.29222
2798928281.25,-18.29021
2798928437.5,-18.28891
2798928593.75,-18.28842
2798928750.0,-18.28439
2798928906.25,-18.28388
2798929062.5,-18.28226
2798929218.75,-18.28081
2798929375.0,-18.2783
2798929531.25,-18.2789
2798929687.5,-18.27711
2798929843.75,-18.27445
2798930000.0,-18.2716
2798930156.25,-18.27147
2798930312.5,-18.26889
2798930468.75,-18.26675
2798930625.0,-18.26498
2798930781.25,-18.26371
2798930937.5,-18.26261
2798931093.75,-18.26031
2798931250.0,-18.25983
2798931406.25,-18.25636
2798931562.5,-18.25527
2798931718.75,-18.25484
2798931875.0,-18.25334
2798932031.25,-18.24916
2798932187.5,-18.24604
2798932343.75,-18.24498
2798932500.0,-18.24543
2798932656.25,-18.24179
2798932812.5,-18.24055
2798932968.75,-18.23907
2798933125.0,-18.23696
2798933281.25,-18.2366
2798933437.5,-18.23518
2798933593.75,-18.23207
2798933750.0,-18.23191
2798933906.25,-18.22894
2798934062.5,-18.22892
2798934218.75,-18.22515
2798934375.0,-18.22535
2798934531.25,-18.22239
2798934687.5,-18.22041
2798934843.75,-18.21851
2798935000.0,-18.21873
2798935156.25,-18.21534
2798935312.5,-18.21424
2798935468.75,-18.21326
2798935625.0,-18.21062
2798935781.25,-18.20746
2798935937.5,-18.20785
2798936093.75,-18.20585
2798936250.0,-18.20312
2798936406.25,-18.20132
2798936562.5,-18.19978
2798936718.75,-18.19658
2798936875.0,-18.19757
2798937031.25,-18.1958
2798937187.5,-18.19348
2798937343.75,-18.19028
2798937500.0,-18.18989
2798937656.25,-18.18981
2798937812.5,-18.18586
2798937968.75,-18.18424
2798938125.0,-18.18304
2798938281.25,-18.18079
2798938437.5,-18.18043
2798938593.75,-18.17782
2798938750.0,-18.17599
2798938906.25,-18.17356
2798939062.5,-18.1723
2798939218.75,-18.17113
2798939375.0,-18.17043
2798939531.25,-18.1679
2798939687.5,-18.16522
2798939843.75,-18.16486
2798940000.0,-18.16187
2798940156.25,-18.16061
2798940312.5,-18.15923
2798940468.75,-18.15711
2798940625.0,-18.15529
2798940781.25,-18.15462
2798940937.5,-18.15311
2798941093.75,-18.15061
2798941250.0,-18.14923
2798941406.25,-18.14774
2798941562.5,-18.14627
2798941718.75,-18.14535
2798941875.0,-18.14214
2798942031.25,-18.13991
2798942187.5,-18.13889
2798942343.75,-18.13757
2798942500.0,-18.13636
2798942656.25,-18.13382
2798942812.5,-18.13062
2798942968.75,-18.1293
2798943125.0,-18.12817
2798943281.25,-18.12638
2798943437.5,-18.1242
2798943593.75,-18.12268
2798943750.0,-18.12212
2798943906.25,-18.12048
2798944062.5,-18.1189
2798944218.75,-18.11623
2798944375.0,-18.11543
2798944531.25,-18.11187
2798944687.5,-18.1099
2798944843.75,-18.10894
2798945000.0,-18.10727
2798945156.25,-18.10636
2798945312.5,-18.10427
2798945468.75,-18.10288
2798945625.0,-18.09954
2798945781.25,-18.09927
2798945937.5,-18.09741
2798946093.75,-18.09478
2798946250.0,-18.09335
2798946406.25,-18.09282
2798946562.5,-18.09114
2798946718.75,-18.08875
2798946875.0,-18.0859
2798947031.25,-18.08537
2798947187.5,-18.08372
2798947343.75,-18.08285
2798947500.0,-18.07909
2798947656.25,-18.07711
2798947812.5,-18.07535
2798947968.75,-18.07417
2798948125.0,-18.07268
2798948281.25,-18.06987
2798948437.5,-18.0681
2798948593.75,-18.06579
2798948750.0,-18.06622
2798948906.25,-18.06417
2798949062.5,-18.06109
2798949218.75,-18.06024
2798949375.0,-18.05824
2798949531.25,-18.05688
2798949687.5,-18.05528
2798949843.75,-18.05382
2798950000.0,-18.0518
2798950156.25,-18.04973
2798950312.5,-18.04743
2798950468.75,-18.04611
2798950625.0,-18.04315
2798950781.25,-18.04215
2798950937.5,-18.0417
2798951093.75,-18.03791
2798951250.0,-18.03819
2798951406.25,-18.03499
2798951562.5,-18.03412
2798951718.75,-18.03088
2798951875.0,-18.03149
2798952031.25,-18.02842
2798952187.5,-18.02706
2798952343.75,-18.02467
2798952500.0,-18.02398
2798952656.25,-18.02101
2798952812.5,-18.02122
2798952968.75,-18.01909
2798953125.0,-18.01589
2798953281.25,-18.01653
2798953437.5,-18.01253
2798953593.75,-18.01257
2798953750.0,-18.00908
2798953906.25,-18.00856
2798954062.5,-18.00529
2798954218.75,-18.00455
2798954375.0,-18.00311
2798954531.25,-18.00044
2798954687.5,-18.00039
2798954843.75,-17.9964
2798955000.0,-17.99418
2798955156.25,-17.99329
2798955312.5,-17.99289
2798955468.75,-17.99067
2798955625.0,-17.9864
2798955781.25,-17.98722
2798955937.5,-17.98482
2798956093.75,-17.98479
2798956250.0,-17.98206
2798956406.25,-17.98106
2798956562.5,-17.97718
2798956718.75,-17.97646
2798956875.0,-17.97353
2798957031.25,-17.97284
2798957187.5,-17.9716
2798957343.75,-17.96916
2798957500.0,-17.9657
2798957656.25,-17.96615
2798957812.5,-17.96521
2798957968.75,-17.9601
2798958125.0,-17.9598
2798958281.25,-17.95786
2798958437.5,-17.95731
2798958593.75,-17.95512
2798958750.0,-17.95285
2798958906.25,-17.95123
2798959062.5,-17.95099
2798959218.75,-17.9485
2798959375.0,-17.9465
2798959531.25,-17.9423
2798959687.5,-17.94283
2798959843.75,-17.94149
2798960000.0,-17.93793
2798960156.25,-17.93843
2798960312.5,-17.93595
2798960468.75,-17.93331
2798960625.0,-17.93265
2798960781.25,-17.92946
2798960937.5,-17.92833
2798961093.75,-17.9262
2798961250.0,-17.92359
2798961406.25,-17.92459
2798961562.5,-17.9215
2798961718.75,-17.92086
2798961875.0,-17.91891
2798962031.25,-17.91635
2798962187.5,-17.91331
2798962343.75,-17.91228
2798962500.0,-17.91147
2798962656.25,-17.9093
2798962812.5,-17.9074
2798962968.75,-17.90617
2798963125.0,-17.90437
2798963281.25,-17.90055
2798963437.5,-17.90021
2798963593.75,-17.89881
2798963750.0,-17.8962
2798963906.25,-17.89479
2798964062.5,-17.89405
2798964218.75,-17.89051
2798964375.0,-17.88942
2798964531.25,-17.88846
2798964687.5,-17.88472
2798964843.75,-17.88473
2798965000.0,-17.88353
2798965156.25,-17.88052
2798965312.5,-17.88021
2798965468.75,-17.87656
2798965625.0,-17.87576
2798965781.25,-17.87519
2798965937.5,-17.87156
2798966093.75,-17.86872
2798966250.0,-17.86681
2798966406.25,-17.86641
2798966562.5,-17.86486
2798966718.75,-17.86448
2798966875.0,-17.86111
2798967031.25,-17.86015
2798967187.5,-17.8576
2798967343.75,-17.8565
2798967500.0,-17.85475
2798967656.25,-17.85255
2798967812.5,-17.85083
2798967968.75,-17.84877
2798968125.0,-17.84687
2798968281.25,-17.84515
2798968437.5,-17.84349
2798968593.75,-17.84088
2798968750.0,-17.84025
2798968906.25,-17.8375
2798969062.5,-17.8364
2798969218.75,-17.83504
2798969375.0,-17.83326
2798969531.25,-17.83123
2798969687.5,-17.82951
2798969843.75,-17.82616
2798970000.0,-17.82645
2798970156.25,-17.8244
2798970312.5,-17.82266
2798970468.75,-17.82147
2798970625.0,-17.81813
2798970781.25,-17.81706
2798970937.5,-17.81462
2798971093.75,-17.8139
2798971250.0,-17.81208
2798971406.25,-17.80938
2798971562.5,-17.80653
2798971718.75,-17.80657
2798971875.0,-17.80414
2798972031.25,-17.80211
2798972187.5,-17.80255
2798972343.75,-17.79727
2798972500.0,-17.79756
2798972656.25,-17.7949
2798972812.5,-17.79338
2798972968.75,-17.78957
2798973125.0,-17.78974
2798973281.25,-17.78832
2798973437.5,-17.7862
2798973593.75,-17.78459
2798973750.0,-17.78249
2798973906.25,-17.78037
2798974062.5,-17.77954
2798974218.75,-17.77748
2798974375.0,-17.77627
2798974531.25,-17.77424
2798974687.5,-17.77288
2798974843.75,-17.76943
2798975000.0,-17.7695
2798975156.25,-17.76567
2798975312.5,-17.76448
2798975468.75,-17.76328
2798975625.0,-17.76365
2798975781.25,-17.75783
2798975937.5,-17.75818
2798976093.75,-17.75754
2798976250.0,-17.75455
2798976406.25,-17.75229
2798976562.5,-17.74932
2798976718.75,-17.74896
2798976875.0,-17.74729
2798977031.25,-17.74619
2798977187.5,-17.74309
2798977343.75,-17.74007
2798977500.0,-17.74212
2798977656.25,-17.73826
2798977812.5,-17.73625
2798977968.75,-17.73383
2798978125.0,-17.73293
2798978281.25,-17.72997
2798978437.5,-17.73002
2798978593.75,-17.72762
2798978750.0,-17.72705
2798978906.25,-17.72276
2798979062.5,-17.7222
2798979218.75,-17.72107
2798979375.0,-17.71852
2798979531.25,-17.71468
2798979687.5,-17.71547
2798979843.75,-17.71341
2798980000.0,-17.71128
2798980156.25,-17.70912
2798980312.5,-17.70747
2798980468.75,-17.70469
2798980625.0,-17.70422
2798980781.25,-17.70213
2798980937.5,-17.70157
2798981093.75,-17.69808
2798981250.0,-17.69663
2798981406.25,-17.69478
2798981562.5,-17.69257
2798981718.75,-17.69103
2798981875.0,-17.6893
2798982031.25,-17.68732
2798982187.5,-17.6863
2798982343.75,-17.68398
2798982500.0,-17.68171
2798982656.25,-17.68098
2798982812.5,-17.67816
2798982968.75,-17.67815
2798983125.0,-17.6743
2798983281.25,-17.67271
2798983437.5,-17.67052
2798983593.75,-17.66929
2798983750.0,-17.66904
2798983906.25,-17.66546
2798984062.5,-17.66411
2798984218.75,-17.66243
2798984375.0,-17.66141
2798984531.25,-17.65812
2798984687.5,-17.6579
2798984843.75,-17.65694
2798985000.0,-17.65227
2798985156.25,-17.65224
2798985312.5,-17.64947
2798985468.75,-17.6484
2798985625.0,-17.64467
2798985781.25,-17.64387
2798985937.5,-17.64186
2798986093.75,-17.64153
2798986250.0,-17.64006
2798986406.25,-17.63677
2798986562.5,-17.63655
2798986718.75,-17.63441
2798986875.0,-17.63239
2798987031.25,-17.62947
2798987187.5,-17.62757
2798987343.75,-17.62583
2798987500.0,-17.62435
2798987656.25,-17.62171
2798987812.5,-17.62061
2798987968.75,-17.62014
2798988125.0,-17.61768
2798988281.25,-17.61578
2798988437.5,-17.61328
2798988593.75,-17.61048
2798988750.0,-17.61218
2798988906.25,-17.60822
2798989062.5,-17.60666
2798989218.75,-17.60351
2798989375.0,-17.60215
2798989531.25,-17.60006
2798989687.5,-17.59799
2798989843.75,-17.59753
2798990000.0,-17.59604
2798990156.25,-17.59351
2798990312.5,-17.59064
2798990468.75,-17.59032
2798990625.0,-17.5884
2798990781.25,-17.58559
2798990937.5,-17.58468
2798991093.75,-17.58181
2798991250.0,-17.58187
2798991406.25,-17.57835
2798991562.5,-17.57796
2798991718.75,-17.57548
2798991875.0,-17.5723
2798992031.25,-17.57131
2798992187.5,-17.56798
2798992343.75,-17.56757
2798992500.0,-17.56548
2798992656.25,-17.56442
2798992812.5,-17.56219
2798992968.75,-17.56034
2798993125.0,-17.5582
2798993281.25,-17.55769
2798993437.5,-17.55443
2798993593.75,-17.55317
2798993750.0,-17.55177
2798993906.25,-17.54917
2798994062.5,-17.54771
2798994218.75,-17.5461
2798994375.0,-17.54513
2798994531.25,-17.5421
2798994687.5,-17.541
2798994843.75,-17.53818
2798995000.0,-17.53661
2798995156.25,-17.53419
2798995312.5,-17.53164
2798995468.75,-17.53028
2798995625.0,-17.5297
2798995781.25,-17.5276
2798995937.5,-17.526
2798996093.75,-17.52318
2798996250.0,-17.52266
2798996406.25,-17.51947
2798996562.5,-17.5179
2798996718.75,-17.5177
2798996875.0,-17.51509
2798997031.25,-17.5118
2798997187.5,-17.51147
2798997343.75,-17.50763
2798997500.0,-17.50722
2798997656.25,-17.5053
2798997812.5,-17.50274
2798997968.75,-17.50237
2798998125.0,-17.49958
2798998281.25,-17.49806
2798998437.5,-17.49533
2798998593.75,-17.49556
2798998750.0,-17.49264
2798998906.25,-17.49106
2798999062.5,-17.48845
2798999218.75,-17.48796
2798999375.0,-17.48554
2798999531.25,-17.48203
2798999687.5,-17.48153
2798999843.75,-17.47977
2799000000.0,-17.47756
2799000156.25,-17.47723
2799000312.5,-17.47386
2799000468.75,-17.47087
2799000625.0,-17.47138
2799000781.25,-17.46737
2799000937.5,-17.46672
2799001093.75,-17.46405
2799001250.0,-17.46381
2799001406.25,-17.4618
2799001562.5,-17.45786
2799001718.75,-17.4573
2799001875.0,-17.45605
2799002031.25,-17.45354
2799002187.5,-17.45181
2799002343.75,-17.45129
2799002500.0,-17.44875
2799002656.25,-17.4479
2799002812.5,-17.44524
2799002968.75,-17.44192
2799003125.0,-17.44081
2799003281.25,-17.43883
2799003437.5,-17.43678
2799003593.75,-17.43531
2799003750.0,-17.43414
2799003906.25,-17.43136
2799004062.5,-17.42988
2799004218.75,-17.42866
2799004375.0,-17.42604
2799004531.25,-17.42444
2799004687.5,-17.42361
2799004843.75,-17.42141
2799005000.0,-17.41875
2799005156.25,-17.41718
2799005312.5,-17.41373
2799005468.75,-17.41228
2799005625.0,-17.41158
2799005781.25,-17.41001
2799005937.5,-17.40681
2799006093.75,-17.40612
2799006250.0,-17.40397
2799006406.25,-17.4026
2799006562.5,-17.39894
2799006718.75,-17.39747
2799006875.0,-17.39546
2799007031.25,-17.39382
2799007187.5,-17.39252
2799007343.75,-17.39076
2799007500.0,-17.38892
2799007656.25,-17.3852
2799007812.5,-17.38501
2799007968.75,-17.38235
2799008125.0,-17.38127
2799008281.25,-17.3804
2799008437.5,-17.37775
2799008593.75,-17.37503
2799008750.0,-17.37234
2799008906.25,-17.37252
2799009062.5,-17.37092
2799009218.75,-17.36842
2799009375.0,-17.36533
2799009531.25,-17.36445
2799009687.5,-17.36378
2799009843.75,-17.35925
2799010000.0,-17.35847
2799010156.25,-17.35706
2799010312.5,-17.35429
2799010468.75,-17.35364
2799010625.0,-17.35271
2799010781.25,-17.34928
2799010937.5,-17.34799
2799011093.75,-17.34611
2799011250.0,-17.34378
2799011406.25,-17.34145
2799011562.5,-17.33936
2799011718.75,-17.33755
2799011875.0,-17.33702
2799012031.25,-17.33531
2799012187.5,-17.33289
2799012343.75,-17.32977
2799012500.0,-17.3287
2799012656.25,-17.32766
2799012812.5,-17.32542
2799012968.75,-17.32457
2799013125.0,-17.32004
2799013281.25,-17.31983
2799013437.5,-17.31808
2799013593.75,-17.31618
2799013750.0,-17.31314
2799013906.25,-17.31195
2799014062.5,-17.31018
2799014218.75,-17.30879
2799014375.0,-17.30694
2799014531.25,-17.30526
2799014687.5,-17.30294
2799014843.75,-17.30026
2799015000.0,-17.29888
2799015156.25,-17.2979
2799015312.5,-17.29457
2799015468.75,-17.29438
2799015625.0,-17.29059
2799015781.25,-17.29014
2799015937.5,-17.28711
2799016093.75,-17.28589
2799016250.0,-17.28303
2799016406.25,-17.28156
2799016562.5,-17.28173
2799016718.75,-17.27938
2799016875.0,-17.2766
2799017031.25,-17.27398
2799017187.5,-17.27384
2799017343.75,-17.26895
2799017500.0,-17.2684
2799017656.25,-17.26749
2799017812.5,-17.26451
2799017968.75,-17.26244
2799018125.0,-17.26057
2799018281.25,-17.2609
2799018437.5,-17.25902
2799018593.75,-17.25544
2799018750.0,-17.2541
2799018906.25,-17.25103
2799019062.5,-17.25001
2799019218.75,-17.2487
2799019375.0,-17.2465
2799019531.25,-17.24443
2799019687.5,-17.24301
2799019843.75,-17.24042
2799020000.0,-17.23852
2799020156.25,-17.23672
2799020312.5,-17.23463
2799020468.75,-17.23308
2799020625.0,-17.23076
2799020781.25,-17.22954
2799020937.5,-17.2265
2799021093.75,-17.22653
2799021250.0,-17.22387
2799021406.25,-17.22002
2799021562.5,-17.2202
2799021718.75,-17.21793
2799021875.0,-17.21563
2799022031.25,-17.21447
2799022187.5,-17.21267
2799022343.75,-17.21031
2799022500.0,-17.20841
2799022656.25,-17.20644
2799022812.5,-17.20367
2799022968.75,-17.20168
2799023125.0,-17.2022
2799023281.25,-17.1995
2799023437.5,-17.19743
2799023593.75,-17.19662
2799023750.0,-17.19238
2799023906.25,-17.1918
2799024062.5,-17.18909
2799024218.75,-17.18778
2799024375.0,-17.18461
2799024531.25,-17.18435
2799024687.5,-17.18172
2799024843.75,-17.17988
2799025000.0,-17.17833
2799025156.25,-17.17517
2799025312.5,-17.17365
2799025468.75,-17.17201
2799025625.0,-17.17045
2799025781.25,-17.16815
2799025937.5,-17.16729
2799026093.75,-17.16449
2799026250.0,-17.16247
2799026406.25,-17.16069
2799026562.5,-17.15895
2799026718.75,-17.15786
2799026875.0,-17.15553
2799027031.25,-17.15266
2799027187.5,-17.15147
2799027343.75,-17.14894
2799027500.0,-17.14649
2799027656.25,-17.145
2799027812.5,-17.14431
2799027968.75,-17.14219
2799028125.0,-17.139
2799028281.25,-17.13786
2799028437.5,-17.13502
2799028593.75,-17.1348
2799028750.0,-17.13372
2799028906.25,-17.13042
2799029062.5,-17.12975
2799029218.75,-17.12659
2799029375.0,-17.12356
2799029531.25,-17.12304
2799029687.5,-17.12134
2799029843.75,-17.11884
2799030000.0,-17.11676
2799030156.25,-17.11622
2799030312.5,-17.11224
2799030468.75,-17.11183
2799030625.0,-17.10903
2799030781.25,-17.10753
2799030937.5,-17.10678
2799031093.75,-17.10341
2799031250.0,-17.10224
2799031406.25,-17.09891
2799031562.5,-17.09775
2799031718.75,-17.09553
2799031875.0,-17.09361
2799032031.25,-17.09145
2799032187.5,-17.09124
2799032343.75,-17.0876
2799032500.0,-17.08652
2799032656.25,-17.08471
2799032812.5,-17.08154
2799032968.75,-17.08064
2799033125.0,-17.07767
2799033281.25,-17.07754
2799033437.5,-17.07325
2799033593.75,-17.07304
2799033750.0,-17.07136
2799033906.25,-17.06999
2799034062.5,-17.06662
2799034218.75,-17.06506
2799034375.0,-17.06299
2799034531.25,-17.06156
2799034687.5,-17.05996
2799034843.75,-17.05684
2799035000.0,-17.05667
2799035156.25,-17.05433
2799035312.5,-17.05088
2799035468.75,-17.04926
2799035625.0,-17.04934
2799035781.25,-17.04707
2799035937.5,-17.04478
2799036093.75,-17.04228
2799036250.0,-17.04167
2799036406.25,-17.03803
2799036562.5,-17.03644
2799036718.75,-17.03502
2799036875.0,-17.03316
2799037031.25,-17.03197
2799037187.5,-17.02821
2799037343.75,-17.02762
2799037500.0,-17.02482
2799037656.25,-17.02162
2799037812.5,-17.02127
2799037968.75,-17.0189
2799038125.0,-17.0171
2799038281.25,-17.01545
2799038437.5,-17.0131
2799038593.75,-17.01191
2799038750.0,-17.00903
2799038906.25,-17.00789
2799039062.5,-17.00486
2799039218.75,-17.00321
2799039375.0,-17.00253
2799039531.25,-16.9991
2799039687.5,-16.99899
2799039843.75,-16.99433
2799040000.0,-16.99299
2799040156.25,-16.99152
2799040312.5,-16.99035
2799040468.75,-16.98869
2799040625.0,-16.98799
2799040781.25,-16.98466
2799040937.5,-16.9838
2799041093.75,-16.97968
2799041250.0,-16.97814
2799041406.25,-16.97519
2799041562.5,-16.9749
2799041718.75,-16.97234
2799041875.0,-16.97081
2799042031.25,-16.96791
2799042187.5,-16.96762
2799042343.75,-16.96478
2799042500.0,-16.96306
2799042656.25,-16.9594
2799042812.5,-16.96023
2799042968.75,-16.95675
2799043125.0,-16.95631
2799043281.25,-16.95424
2799043437.5,-16.95102
2799043593.75,-16.94943
2799043750.0,-16.94649
2799043906.25,-16.94471
2799044062.5,-16.94294
2799044218.75,-16.9417
2799044375.0,-16.93904
2799044531.25,-16.93788
2799044687.5,-16.93447
2799044843.75,-16.93278
2799045000.0,-16.9314
2799045156.25,-16.92986
2799045312.5,-16.9276
2799045468.75,-16.92423
2799045625.0,-16.92448
2799045781.25,-16.92233
2799045937.5,-16.91934
2799046093.75,-16.91863
2799046250.0,-16.91564
2799046406.25,-16.91308
2799046562.5,-16.91333
2799046718.75,-16.91052
2799046875.0,-16.90839
2799047031.25,-16.90655
2799047187.5,-16.90377
2799047343.75,-16.9022
2799047500.0,-16.90201
2799047656.25,-16.89982
2799047812.5,-16.89598
2799047968.75,-16.89388
2799048125.0,-16.8922
2799048281.25,-16.89174
2799048437.5,-16.88879
2799048593.75,-16.88659
2799048750.0,-16.88577
2799048906.25,-16.88306
2799049062.5,-16.88136
2799049218.75,-16.88001
2799049375.0,-16.87738
2799049531.25,-16.87515
2799049687.5,-16.87276
2799049843.75,-16.87156
2799050000.0,-16.86812
2799050156.25,-16.86637
2799050312.5,-16.8662
2799050468.75,-16.86244
2799050625.0,-16.86124
2799050781.25,-16.85903
2799050937.5,-16.85783
2799051093.75,-16.85669
2799051250.0,-16.85355
2799051406.25,-16.8514
2799051562.5,-16.84897
2799051718.75,-16.84694
2799051875.0,-16.84558
2799052031.25,-16.84341
2799052187.5,-16.84135
2799052343.75,-16.84243
2799052500.0,-16.8367
2799052656.25,-16.83591
2799052812.5,-16.83362
2799052968.75,-16.83236
2799053125.0,-16.831
2799053281.25,-16.82856
2799053437.5,-16.82541
2799053593.75,-16.82325
2799053750.0,-16.823
2799053906.25,-16.8212
2799054062.5,-16.81849
2799054218.75,-16.81612
2799054375.0,-16.81479
2799054531.25,-16.81246
2799054687.5,-16.80975
2799054843.75,-16.80786
2799055000.0,-16.80708
2799055156.25,-16.80531
2799055312.5,-16.80395
2799055468.75,-16.80151
2799055625.0,-16.79907
2799055781.25,-16.79548
2799055937.5,-16.79531
2799056093.75,-16.79168
2799056250.0,-16.79109
2799056406.25,-16.78852
2799056562.5,-16.78681
2799056718.75,-16.78516
2799056875.0,-16.7834
2799057031.25,-16.7819
2799057187.5,-16.77991
2799057343.75,-16.77674
2799057500.0,-16.77487
2799057656.25,-16.77292
2799057812.5,-16.77092
2799057968.75,-16.76934
2799058125.0,-16.76662
2799058281.25,-16.7642
2799058437.5,-16.76356
2799058593.75,-16.76062
2799058750.0,-16.7599
2799058906.25,-16.75674
2799059062.5,-16.7552
2799059218.75,-16.75247
2799059375.0,-16.75263
2799059531.25,-16.75053
2799059687.5,-16.74767
2799059843.75,-16.74456
2799060000.0,-16.74284
2799060156.25,-16.74202
2799060312.5,-16.73976
2799060468.75,-16.7383
2799060625.0,-16.73542
2799060781.25,-16.73261
2799060937.5,-16.73124
2799061093.75,-16.72692
2799061250.0,-16.72727
2799061406.25,-16.72742
2799061562.5,-16.7254
2799061718.75,-16.72141
2799061875.0,-16.71988
2799062031.25,-16.7177
2799062187.5,-16.71592
2799062343.75,-16.71326
2799062500.0,-16.7109
2799062656.25,-16.70846
2799062812.5,-16.70835
2799062968.75,-16.7054
2799063125.0,-16.70331
2799063281.25,-16.70126
2799063437.5,-16.70001
2799063593.75,-16.6976
2799063750.0,-16.6967
2799063906.25,-16.69359
2799064062.5,-16.69201
2799064218.75,-16.68986
2799064375.0,-16.68637
2799064531.25,-16.68465
2799064687.5,-16.68405
2799064843.75,-16.68084
2799065000.0,-16.67932
2799065156.25,-16.67751
2799065312.5,-16.6767
2799065468.75,-16.67448
2799065625.0,-16.67145
2799065781.25,-16.67087
2799065937.5,-16.6675
2799066093.75,-16.66573
2799066250.0,-16.6635
2799066406.25,-16.66035
2799066562.5,-16.65922
2799066718.75,-16.65786
2799066875.0,-16.65564
2799067031.25,-16.6538
2799067187.5,-16.65206
2799067343.75,-16.64976
2799067500.0,-16.64788
2799067656.25,-16.64568
2799067812.5,-16.64407
2799067968.75,-16.64074
2799068125.0,-16.6397
2799068281.25,-16.63575
2799068437.5,-16.63589
2799068593.75,-16.63314
2799068750.0,-16.63206
2799068906.25,-16.63035
2799069062.5,-16.6269
2799069218.75,-16.62564
2799069375.0,-16.62389
2799069531.25,-16.6214
2799069687.5,-16.61864
2799069843.75,-16.61784
2799070000.0,-16.61633
2799070156.25,-16.61391
2799070312.5,-16.61145
2799070468.75,-16.60876
2799070625.0,-16.60726
2799070781.25,-16.605
2799070937.5,-16.60364
2799071093.75,-16.60177
2799071250.0,-16.6
2799071406.25,-16.59643
2799071562.5,-16.59504
2799071718.75,-16.59433
2799071875.0,-16.59027
2799072031.25,-16.59095
2799072187.5,-16.58701
2799072343.75,-16.58427
2799072500.0,-16.58347
2799072656.25,-16.58031
2799072812.5,-16.57882
2799072968.75,-16.57836
2799073125.0,-16.57584
2799073281.25,-16.57351
2799073437.5,-16.57137
2799073593.75,-16.56772
2799073750.0,-16.5688
2799073906.25,-16.56447
2799074062.5,-16.56369
2799074218.75,-16.56127
2799074375.0,-16.56069
2799074531.25,-16.55733
2799074687.5,-16.55526
2799074843.75,-16.5538
2799075000.0,-16.55309
2799075156.25,-16.54776
2799075312.5,-16.54776
2799075468.75,-16.54513
2799075625.0,-16.54272
2799075781.25,-16.5403
2799075937.5,-16.53914
2799076093.75,-16.53543
2799076250.0,-16.53482
2799076406.25,-16.53403
2799076562.5,-16.53219
2799076718.75,-16.52944
2799076875.0,-16.52732
2799077031.25,-16.52584
2799077187.5,-16.52355
2799077343.75,-16.52075
2799077500.0,-16.51868
2799077656.25,-16.51842
2799077812.5,-16.51535
2799077968.75,-16.51317
2799078125.0,-16.51144
2799078281.25,-16.5091
2799078437.5,-16.50622
2799078593.75,-16.5043
2799078750.0,-16.50355
2799078906.25,-16.50079
2799079062.5,-16.49819
2799079218.75,-16.49772
2799079375.0,-16.49388
2799079531.25,-16.49189
2799079687.5,-16.49125
2799079843.75,-16.48792
2799080000.0,-16.487
2799080156.25,-16.4851
2799080312.5,-16.48091
2799080468.75,-16.48167
2799080625.0,-16.47811
2799080781.25,-16.47596
2799080937.5,-16.47386
2799081093.75,-16.4729
2799081250.0,-16.46968
2799081406.25,-16.46802
2799081562.5,-16.46591
2799081718.75,-16.46443
2799081875.0,-16.4615
2799082031.25,-16.4607
2799082187.5,-16.45886
2799082343.75,-16.45564
2799082500.0,-16.45383
2799082656.25,-16.452
2799082812.5,-16.45016
2799082968.75,-16.44901
2799083125.0,-16.44776
2799083281.25,-16.44404
2799083437.5,-16.44276
2799083593.75,-16.44037
2799083750.0,-16.43791
2799083906.25,-16.43485
2799084062.5,-16.4349
2799084218.75,-16.43129
2799084375.0,-16.43094
2799084531.25,-16.42695
2799084687.5,-16.42689
2799084843.75,-16.42377
2799085000.0,-16.42118
2799085156.25,-16.42057
2799085312.5,-16.41789
2799085468.75,-16.41457
2799085625.0,-16.41294
2799085781.25,-16.41137
2799085937.5,-16.4086
2799086093.75,-16.40615
2799086250.0,-16.40487
2799086406.25,-16.40246
2799086562.5,-16.40061
2799086718.75,-16.39941
2799086875.0,-16.39635
2799087031.25,-16.39529
2799087187.5,-16.39155
2799087343.75,-16.39034
2799087500.0,-16.38815
2799087656.25,-16.38775
2799087812.5,-16.38427
2799087968.75,-16.38181
2799088125.0,-16.38032
2799088281.25,-16.37792
2799088437.5,-16.37623
2799088593.75,-16.37345
2799088750.0,-16.37267
2799088906.25,-16.36981
2799089062.5,-16.36827
2799089218.75,-16.36476
2799089375.0,-16.3643
2799089531.25,-16.36275
2799089687.5,-16.36054
2799089843.75,-16.358
2799090000.0,-16.35512
2799090156.25,-16.35341
2799090312.5,-16.35197
2799090468.75,-16.34985
2799090625.0,-16.34829
2799090781.25,-16.34653
2799090937.5,-16.34262
2799091093.75,-16.34259
2799091250.0,-16.33858
2799091406.25,-16.33852
2799091562.5,-16.33568
2799091718.75,-16.33363
2799091875.0,-16.33272
2799092031.25,-16.32847
2799092187.5,-16.32719
2799092343.75,-16.32502
2799092500.0,-16.32287
2799092656.25,-16.32109
2799092812.5,-16.31901
2799092968.75,-16.31649
2799093125.0,-16.31532
2799093281.25,-16.31258
2799093437.5,-16.31083
2799093593.75,-16.30733
2799093750.0,-16.30651
2799093906.25,-16.30365
2799094062.5,-16.30327
2799094218.75,-16.30021
2799094375.0,-16.29795
2799094531.25,-16.29595
2799094687.5,-16.29362
2799094843.75,-16.29149
2799095000.0,-16.28977
2799095156.25,-16.28664
2799095312.5,-16.28434
2799095468.75,-16.28321
2799095625.0,-16.28115
2799095781.25,-16.27902
2799095937.5,-16.27714
2799096093.75,-16.2757
2799096250.0,-16.27193
2799096406.25,-16.27122
2799096562.5,-16.2696
2799096718.75,-16.26711
2799096875.0,-16.26583
2799097031.25,-16.26378
2799097187.5,-16.26105
2799097343.75,-16.25903
2799097500.0,-16.25723
2799097656.25,-16.25516
2799097812.5,-16.25195
2799097968.75,-16.25058
2799098125.0,-16.24972
2799098281.25,-16.24612
2799098437.5,-16.24364
2799098593.75,-16.24143
2799098750.0,-16.24049
2799098906.25,-16.23767
2799099062.5,-16.23521
2799099218.75,-16.23427
2799099375.0,-16.23162
2799099531.25,-16.22938
2799099687.5,-16.22687
2799099843.75,-16.2249
2799100000.0,-16.22361
2799100156.25,-16.21947
2799100312.5,-16.219
2799100468.75,-16.21714
2799100625.0,-16.21441
2799100781.25,-16.21318
2799100937.5,-16.21109
2799101093.75,-16.20862
2799101250.0,-16.20639
2799101406.25,-16.20452
2799101562.5,-16.20294
2799101718.75,-16.2005
2799101875.0,-16.19847
2799102031.25,-16.19594
2799102187.5,-16.19427
2799102343.75,-16.19211
2799102500.0,-16.18909
2799102656.25,-16.18846
2799102812.5,-16.18588
2799102968.75,-16.18274
2799103125.0,-16.18134
2799103281.25,-16.17973
2799103437.5,-16.17743
2799103593.75,-16.17529
2799103750.0,-16.17336
2799103906.25,-16.17054
2799104062.5,-16.16997
2799104218.75,-16.16696
2799104375.0,-16.164
2799104531.25,-16.16328
2799104687.5,-16.16029
2799104843.75,-16.16029
2799105000.0,-16.15726
2799105156.25,-16.15478
2799105312.5,-16.15323
2799105468.75,-16.1509
2799105625.0,-16.148
2799105781.25,-16.14608
2799105937.5,-16.14373
2799106093.75,-16.143
2799106250.0,-16.13951
2799106406.25,-16.13682
2799106562.5,-16.13472
2799106718.75,-16.13422
2799106875.0,-16.13027
2799107031.25,-16.12886
2799107187.5,-16.12801
2799107343.75,-16.12516
2799107500.0,-16.12338
2799107656.25,-16.11991
2799107812.5,-16.1198
2799107968.75,-16.11721
2799108125.0,-16.11503
2799108281.25,-16.11131
2799108437.5,-16.11018
2799108593.75,-16.10962
2799108750.0,-16.10697
2799108906.25,-16.10519
2799109062.5,-16.10019
2799109218.75,-16.09995
2799109375.0,-16.0986
2799109531.25,-16.09574
2799109687.5,-16.09443
2799109843.75,-16.09193
2799110000.0,-16.08907
2799110156.25,-16.08689
2799110312.5,-16.08452
2799110468.75,-16.08375
2799110625.0,-16.08131
2799110781.25,-16.07899
2799110937.5,-16.07659
2799111093.75,-16.0745
2799111250.0,-16.072
2799111406.25,-16.07022
2799111562.5,-16.0682
2799111718.75,-16.06524
2799111875.0,-16.06387
2799112031.25,-16.0614
2799112187.5,-16.06028
2799112343.75,-16.0576
2799112500.0,-16.05638
2799112656.25,-16.05415
2799112812.5,-16.05177
2799112968.75,-16.04862
2799113125.0,-16.04729
2799113281.25,-16.04533
2799113437.5,-16.0437
2799113593.75,-16.04099
2799113750.0,-16.03988
2799113906.25,-16.03765
2799114062.5,-16.03428
2799114218.75,-16.03213
2799114375.0,-16.03019
2799114531.25,-16.02892
2799114687.5,-16.02472
2799114843.75,-16.02479
2799115000.0,-16.02258
2799115156.25,-16.01984
2799115312.5,-16.01816
2799115468.75,-16.01608
2799115625.0,-16.01329
2799115781.25,-16.00994
2799115937.5,-16.00837
2799116093.75,-16.00773
2799116250.0,-16.00367
2799116406.25,-16.00239
2799116562.5,-16.00009
2799116718.75,-15.99855
2799116875.0,-15.99705
2799117031.25,-15.99544
2799117187.5,-15.99269
2799117343.75,-15.99022
2799117500.0,-15.98778
2799117656.25,-15.98451
2799117812.5,-15.98524
2799117968.75,-15.98165
2799118125.0,-15.97829
2799118281.25,-15.97708
2799118437.5,-15.97502
2799118593.75,-15.97229
2799118750.0,-15.97079
2799118906.25,-15.96776
2799119062.5,-15.96688
2799119218.75,-15.96474
2799119375.0,-15.9625
2799119531.25,-15.9607
2799119687.5,-15.95871
2799119843.75,-15.95594
2799120000.0,-15.95432
2799120156.25,-15.95116
2799120312.5,-15.95045
2799120468.75,-15.94753
2799120625.0,-15.94453
2799120781.25,-15.94237
2799120937.5,-15.94156
2799121093.75,-15.93884
2799121250.0,-15.93612
2799121406.25,-15.93548
2799121562.5,-15.93305
2799121718.75,-15.92946
2799121875.0,-15.92773
2799122031.25,-15.92554
2799122187.5,-15.92373
2799122343.75,-15.92114
2799122500.0,-15.92031
2799122656.25,-15.91713
2799122812.5,-15.9161
2799122968.75,-15.91305
2799123125.0,-15.91071
2799123281.25,-15.90832
2799123437.5,-15.9066
2799123593.75,-15.90362
2799123750.0,-15.90107
2799123906.25,-15.89984
2799124062.5,-15.89788
2799124218.75,-15.89526
2799124375.0,-15.89478
2799124531.25,-15.89139
2799124687.5,-15.88917
2799124843.75,-15.88772
2799125000.0,-15.88441
2799125156.25,-15.88326
2799125312.5,-15.88167
2799125468.75,-15.87883
2799125625.0,-15.87768
2799125781.25,-15.87397
2799125937.5,-15.87134
2799126093.75,-15.87027
2799126250.0,-15.86691
2799126406.25,-15.86573
2799126562.5,-15.8637
2799126718.75,-15.8617
2799126875.0,-15.86033
2799127031.25,-15.85788
2799127187.5,-15.85488
2799127343.75,-15.8525
2799127500.0,-15.85129
2799127656.25,-15.84951
2799127812.5,-15.84678
2799127968.75,-15.84345
2799128125.0,-15.84223
2799128281.25,-15.83992
2799128437.5,-15.83825
2799128593.75,-15.83698
2799128750.0,-15.83333
2799128906.25,-15.83187
2799129062.5,-15.83033
2799129218.75,-15.82778
2799129375.0,-15.82573
2799129531.25,-15.82285
2799129687.5,-15.82043
2799129843.75,-15.81828
2799130000.0,-15.81653
2799130156.25,-15.81541
2799130312.5,-15.81253
2799130468.75,-15.81037
2799130625.0,-15.80885
2799130781.25,-15.80454
2799130937.5,-15.80415
2799131093.75,-15.80223
2799131250.0,-15.79986
2799131406.25,-15.79689
2799131562.5,-15.79489
2799131718.75,-15.79316
2799131875.0,-15.79013
2799132031.25,-15.78829
2799132187.5,-15.78647
2799132343.75,-15.78389
2799132500.0,-15.78297
2799132656.25,-15.77972
2799132812.5,-15.77725
2799132968.75,-15.77491
2799133125.0,-15.77289
2799133281.25,-15.77094
2799133437.5,-15.76954
2799133593.75,-15.76729
2799133750.0,-15.76459
2799133906.25,-15.76326
2799134062.5,-15.76109
2799134218.75,-15.75958
2799134375.0,-15.75686
2799134531.25,-15.75342
2799134687.5,-15.75106
2799134843.75,-15.74928
2799135000.0,-15.74798
2799135156.25,-15.74484
2799135312.5,-15.7441
2799135468.75,-15.74118
2799135625.0,-15.73872
2799135781.25,-15.73554
2799135937.5,-15.7347
2799136093.75,-15.73223
2799136250.0,-15.72935
2799136406.25,-15.72743
2799136562.5,-15.72525
2799136718.75,-15.72398
2799136875.0,-15.72205
2799137031.25,-15.71852
2799137187.5,-15.71696
2799137343.75,-15.71574
2799137500.0,-15.71282
2799137656.25,-15.7097
2799137812.5,-15.70751
2799137968.75,-15.70686
2799138125.0,-15.70393
2799138281.25,-15.70215
2799138437.5,-15.6993
2799138593.75,-15.69739
2799138750.0,-15.69477
2799138906.25,-15.69358
2799139062.5,-15.69019
2799139218.75,-15.68818
2799139375.0,-15.68647
2799139531.25,-15.68402
2799139687.5,-15.6819
2799139843.75,-15.67934
2799140000.0,-15.67688
2799140156.25,-15.67601
2799140312.5,-15.67332
2799140468.75,-15.67201
2799140625.0,-15.66833
2799140781.25,-15.66731
2799140937.5,-15.66425
2799141093.75,-15.66215
2799141250.0,-15.65948
2799141406.25,-15.65861
2799141562.5,-15.6559
2799141718.75,-15.65305
2799141875.0,-15.65206
2799142031.25,-15.64903
2799142187.5,-15.64728
2799142343.75,-15.64401
2799142500.0,-15.64412
2799142656.25,-15.64001
2799142812.5,-15.63737
2799142968.75,-15.63568
2799143125.0,-15.63185
2799143281.25,-15.63124
2799143437.5,-15.62918
2799143593.75,-15.62701
2799143750.0,-15.62474
2799143906.25,-15.62268
2799144062.5,-15.62114
2799144218.75,-15.61832
2799144375.0,-15.61598
2799144531.25,-15.61443
2799144687.5,-15.61174
2799144843.75,-15.60976
2799145000.0,-15.60723
2799145156.25,-15.60475
2799145312.5,-15.60253
2799145468.75,-15.59949
2799145625.0,-15.59847
2799145781.25,-15.5958
2799145937.5,-15.59469
2799146093.75,-15.59193
2799146250.0,-15.59018
2799146406.25,-15.58793
2799146562.5,-15.58549
2799146718.75,-15.58271
2799146875.0,-15.58159
2799147031.25,-15.57846
2799147187.5,-15.57584
2799147343.75,-15.57429
2799147500.0,-15.57191
2799147656.25,-15.57061
2799147812.5,-15.56699
2799147968.75,-15.56451
2799148125.0,-15.56363
2799148281.25,-15.56048
2799148437.5,-15.55831
2799148593.75,-15.55566
2799148750.0,-15.55392
2799148906.25,-15.5511
2799149062.5,-15.54969
2799149218.75,-15.54697
2799149375.0,-15.54583
2799149531.25,-15.5445
2799149687.5,-15.54031
2799149843.75,-15.53962
2799150000.0,-15.53774
2799150156.25,-15.53388
2799150312.5,-15.5322
2799150468.75,-15.53029
2799150625.0,-15.52823
2799150781.25,-15.52629
2799150937.5,-15.52412
2799151093.75,-15.52003
2799151250.0,-15.51843
2799151406.25,-15.51668
2799151562.5,-15.51395
2799151718.75,-15.51067
2799151875.0,-15.50963
2799152031.25,-15.5071
2799152187.5,-15.50611
2799152343.75,-15.5038
2799152500.0,-15.50166
2799152656.25,-15.49947
2799152812.5,-15.49725
2799152968.75,-15.49379
2799153125.0,-15.49119
2799153281.25,-15.49045
2799153437.5,-15.48931
2799153593.75,-15.48559
2799153750.0,-15.48292
2799153906.25,-15.48104
2799154062.5,-15.47843
2799154218.75,-15.4773
2799154375.0,-15.47452
2799154531.25,-15.47173
2799154687.5,-15.4698
2799154843.75,-15.46744
2799155000.0,-15.46528
2799155156.25,-15.46221
2799155312.5,-15.46152
2799155468.75,-15.45863
2799155625.0,-15.45719
2799155781.25,-15.45429
2799155937.5,-15.45088
2799156093.75,-15.44941
2799156250.0,-15.44815
2799156406.25,-15.44513
2799156562.5,-15.44303
2799156718.75,-15.44135
2799156875.0,-15.43806
2799157031.25,-15.43614
2799157187.5,-15.43535
2799157343.75,-15.43156
2799157500.0,-15.43014
2799157656.25,-15.42754
2799157812.5,-15.42679
2799157968.75,-15.42367
2799158125.0,-15.42142
2799158281.25,-15.41908
2799158437.5,-15.41708
2799158593.75,-15.41568
2799158750.0,-15.41196
2799158906.25,-15.40934
2799159062.5,-15.40847
2799159218.75,-15.40579
2799159375.0,-15.40377
2799159531.25,-15.40136
2799159687.5,-15.39867
2799159843.75,-15.39701
2799160000.0,-15.39478
2799160156.25,-15.39145
2799160312.5,-15.39016
2799160468.75,-15.38859
2799160625.0,-15.3864
2799160781.25,-15.38383
2799160937.5,-15.38089
2799161093.75,-15.37895
2799161250.0,-15.3767
2799161406.25,-15.37461
2799161562.5,-15.37076
2799161718.75,-15.36881
2799161875.0,-15.36664
2799162031.25,-15.36579
2799162187.5,-15.36272
2799162343.75,-15.36049
2799162500.0,-15.35792
2799162656.25,-15.35559
2799162812.5,-15.35341
2799162968.75,-15.35134
2799163125.0,-15.34932
2799163281.25,-15.34702
2799163437.5,-15.34479
2799163593.75,-15.34289
2799163750.0,-15.3398
2799163906.25,-15.33788
2799164062.5,-15.33567
2799164218.75,-15.33429
2799164375.0,-15.33255
2799164531.25,-15.32908
2799164687.5,-15.32702
2799164843.75,-15.32363
2799165000.0,-15.32234
2799165156.25,-15.31814
2799165312.5,-15.31803
2799165468.75,-15.31535
2799165625.0,-15.31197
2799165781.25,-15.31038
2799165937.5,-15.30839
2799166093.75,-15.3062
2799166250.0,-15.30418
2799166406.25,-15.30094
2799166562.5,-15.30042
2799166718.75,-15.29718
2799166875.0,-15.29573
2799167031.25,-15.29283
2799167187.5,-15.29019
2799167343.75,-15.28978
2799167500.0,-15.28634
2799167656.25,-15.28431
2799167812.5,-15.28151
2799167968.75,-15.27862
2799168125.0,-15.27646
2799168281.25,-15.27505
2799168437.5,-15.27355
2799168593.75,-15.27068
2799168750.0,-15.26952
2799168906.25,-15.26443
2799169062.5,-15.26446
2799169218.75,-15.26087
2799169375.0,-15.25874
2799169531.25,-15.25751
2799169687.5,-15.2541
2799169843.75,-15.25184
2799170000.0,-15.24964
2799170156.25,-15.24758
2799170312.5,-15.24548
2799170468.75,-15.24316
2799170625.0,-15.23996
2799170781.25,-15.23841
2799170937.5,-15.23564
2799171093.75,-15.23432
2799171250.0,-15.23041
2799171406.25,-15.23038
2799171562.5,-15.22693
2799171718.75,-15.2255
2799171875.0,-15.22277
2799172031.25,-15.22015
2799172187.5,-15.21907
2799172343.75,-15.21621
2799172500.0,-15.21313
2799172656.25,-15.21116
2799172812.5,-15.209
2799172968.75,-15.2074
2799173125.0,-15.20409
2799173281.25,-15.20303
2799173437.5,-15.20008
2799173593.75,-15.19876
2799173750.0,-15.19685
2799173906.25,-15.1928
2799174062.5,-15.19188
2799174218.75,-15.18917
2799174375.0,-15.18638
2799174531.25,-15.18376
2799174687.5,-15.18334
2799174843.75,-15.17996
2799175000.0,-15.17733
2799175156.25,-15.17547
2799175312.5,-15.17265
2799175468.75,-15.169
2799175625.0,-15.16761
2799175781.25,-15.16639
2799175937.5,-15.16282
2799176093.75,-15.16055
2799176250.0,-15.15865
2799176406.25,-15.15653
2799176562.5,-15.15493
2799176718.75,-15.15138
2799176875.0,-15.14899
2799177031.25,-15.14768
2799177187.5,-15.14578
2799177343.75,-15.14239
2799177500.0,-15.14146
2799177656.25,-15.13784
2799177812.5,-15.1362
2799177968.75,-15.13396
2799178125.0,-15.13143
2799178281.25,-15.13054
2799178437.5,-15.12741
2799178593.75,-15.12419
2799178750.0,-15.12313
2799178906.25,-15.12017
2799179062.5,-15.11825
2799179218.75,-15.1158
2799179375.0,-15.11377
2799179531.25,-15.11064
2799179687.5,-15.10981
2799179843.75,-15.10665
2799180000.0,-15.1038
2799180156.25,-15.10023
2799180312.5,-15.09842
2799180468.75,-15.09725
2799180625.0,-15.09524
2799180781.25,-15.09057
2799180937.5,-15.09131
2799181093.75,-15.08799
2799181250.0,-15.08556
2799181406.25,-15.08351
2799181562.5,-15.0808
2799181718.75,-15.07937
2799181875.0,-15.07766
2799182031.25,-15.07365
2799182187.5,-15.07084
2799182343.75,-15.06975
2799182500.0,-15.06715
2799182656.25,-15.06543
2799182812.5,-15.06281
2799182968.75,-15.06147
2799183125.0,-15.05902
2799183281.25,-15.05612
2799183437.5,-15.05359
2799183593.75,-15.05104
2799183750.0,-15.04851
2799183906.25,-15.04656
2799184062.5,-15.04454
2799184218.75,-15.04338
2799184375.0,-15.03966
2799184531.25,-15.03672
2799184687.5,-15.03532
2799184843.75,-15.03279
2799185000.0,-15.03061
2799185156.25,-15.02744
2799185312.5,-15.02499
2799185468.75,-15.02265
2799185625.0,-15.02167
2799185781.25,-15.01927
2799185937.5,-15.01755
2799186093.75,-15.01416
2799186250.0,-15.01241
2799186406.25,-15.00931
2799186562.5,-15.00761
2799186718.75,-15.00465
2799186875.0,-15.00248
2799187031.25,-14.99885
2799187187.5,-14.99749
2799187343.75,-14.99608
2799187500.0,-14.99378
2799187656.25,-14.99068
2799187812.5,-14.98882
2799187968.75,-14.98738
2799188125.0,-14.98401
2799188281.25,-14.98093
2799188437.5,-14.98034
2799188593.75,-14.97665
2799188750.0,-14.97406
2799188906.25,-14.9714
2799189062.5,-14.96972
2799189218.75,-14.96793
2799189375.0,-14.96507
2799189531.25,-14.96387
2799189687.5,-14.96062
2799189843.75,-14.95897
2799190000.0,-14.95667
2799190156.25,-14.95366
2799190312.5,-14.95156
2799190468.75,-14.9489
2799190625.0,-14.94734
2799190781.25,-14.94367
2799190937.5,-14.94215
2799191093.75,-14.9412
2799191250.0,-14.93667
2799191406.25,-14.93401
2799191562.5,-14.9328
2799191718.75,-14.93044
2799191875.0,-14.9282
2799192031.25,-14.92481
2799192187.5,-14.92364
2799192343.75,-14.92208
2799192500.0,-14.91809
2799192656.25,-14.91635
2799192812.5,-14.91351
2799192968.75,-14.91072
2799193125.0,-14.90875
2799193281.25,-14.90737
2799193437.5,-14.90482
2799193593.75,-14.90256
2799193750.0,-14.90005
2799193906.25,-14.89809
2799194062.5,-14.89517
2799194218.75,-14.89275
2799194375.0,-14.89005
2799194531.25,-14.8883
2799194687.5,-14.88613
2799194843.75,-14.88507
2799195000.0,-14.88135
2799195156.25,-14.87943
2799195312.5,-14.87647
2799195468.75,-14.87467
2799195625.0,-14.87325
2799195781.25,-14.86891
2799195937.5,-14.86707
2799196093.75,-14.86627
2799196250.0,-14.86313
2799196406.25,-14.86055
2799196562.5,-14.85857
2799196718.75,-14.8564
2799196875.0,-14.8525
2799197031.25,-14.85173
2799197187.5,-14.8498
2799197343.75,-14.84623
2799197500.0,-14.84454
2799197656.25,-14.84164
2799197812.5,-14.83843
2799197968.75,-14.83703
2799198125.0,-14.83362
2799198281.25,-14.83112
2799198437.5,-14.82982
2799198593.75,-14.82665
2799198750.0,-14.82427
2799198906.25,-14.82277
2799199062.5,-14.81907
2799199218.75,-14.81771
2799199375.0,-14.81499
2799199531.25,-14.81332
2799199687.5,-14.8113
2799199843.75,-14.80918
2799200000.0,-14.80656
2799200156.25,-14.80371
2799200312.5,-14.80262
2799200468.75,-14.79922
2799200625.0,-14.79604
2799200781.25,-14.79425
2799200937.5,-14.79176
2799201093.75,-14.78905
2799201250.0,-14.78784
2799201406.25,-14.78468
2799201562.5,-14.78287
2799201718.75,-14.78121
2799201875.0,-14.77943
2799202031.25,-14.77513
2799202187.5,-14.77349
2799202343.75,-14.77051
2799202500.0,-14.7685
2799202656.25,-14.76549
2799202812.5,-14.76323
2799202968.75,-14.76115
2799203125.0,-14.75888
2799203281.25,-14.75682
2799203437.5,-14.75297
2799203593.75,-14.75306
2799203750.0,-14.74946
2799203906.25,-14.74703
2799204062.5,-14.74411
2799204218.75,-14.74214
2799204375.0,-14.74026
2799204531.25,-14.73788
2799204687.5,-14.73538
2799204843.75,-14.73172
2799205000.0,-14.73059
2799205156.25,-14.72842
2799205312.5,-14.72502
2799205468.75,-14.72329
2799205625.0,-14.72118
2799205781.25,-14.71933
2799205937.5,-14.71695
2799206093.75,-14.71501
2799206250.0,-14.7119
2799206406.25,-14.70888
2799206562.5,-14.70644
2799206718.75,-14.70408
2799206875.0,-14.70337
2799207031.25,-14.69964
2799207187.5,-14.69724
2799207343.75,-14.69536
2799207500.0,-14.69266
2799207656.25,-14.6895
2799207812.5,-14.68822
2799207968.75,-14.68586
2799208125.0,-14.68246
2799208281.25,-14.68143
2799208437.5,-14.67803
2799208593.75,-14.67634
2799208750.0,-14.67283
2799208906.25,-14.67171
2799209062.5,-14.66864
2799209218.75,-14.66601
2799209375.0,-14.6646
2799209531.25,-14.66305
2799209687.5,-14.65934
2799209843.75,-14.65746
2799210000.0,-14.65429
2799210156.25,-14.65323
2799210312.5,-14.65058
2799210468.75,-14.64734
2799210625.0,-14.64443
2799210781.25,-14.64281
2799210937.5,-14.64049
2799211093.75,-14.63746
2799211250.0,-14.63425
2799211406.25,-14.63214
2799211562.5,-14.63129
2799211718.75,-14.62826
2799211875.0,-14.62599
2799212031.25,-14.62413
2799212187.5,-14.62079
2799212343.75,-14.61933
2799212500.0,-14.61767
2799212656.25,-14.61455
2799212812.5,-14.61146
2799212968.75,-14.61005
2799213125.0,-14.60738
2799213281.25,-14.60498
2799213437.5,-14.60227
2799213593.75,-14.59892
2799213750.0,-14.59889
2799213906.25,-14.59577
2799214062.5,-14.59254
2799214218.75,-14.59143
2799214375.0,-14.58679
2799214531.25,-14.58634
2799214687.5,-14.58417
2799214843.75,-14.58086
2799215000.0,-14.57903
2799215156.25,-14.57765
2799215312.5,-14.57266
2799215468.75,-14.57122
2799215625.0,-14.56888
2799215781.25,-14.56634
2799215937.5,-14.56318
2799216093.75,-14.56114
2799216250.0,-14.55848
2799216406.25,-14.55684
2799216562.5,-14.55489
2799216718.75,-14.55238
2799216875.0,-14.54985
2799217031.25,-14.5467
2799217187.5,-14.54493
2799217343.75,-14.54263
2799217500.0,-14.53969
2799217656.25,-14.53762
2799217812.5,-14.53509
2799217968.75,-14.53184
2799218125.0,-14.5295
2799218281.25,-14.52883
2799218437.5,-14.52489
2799218593.75,-14.52334
2799218750.0,-14.52092
2799218906.25,-14.51778
2799219062.5,-14.51639
2799219218.75,-14.51367
2799219375.0,-14.5111
2799219531.25,-14.50816
2799219687.5,-14.50666
2799219843.75,-14.5037
2799220000.0,-14.50122
2799220156.25,-14.49932
2799220312.5,-14.49586
2799220468.75,-14.49585
2799220625.0,-14.49139
2799220781.25,-14.4896
2799220937.5,-14.48717
2799221093.75,-14.48461
2799221250.0,-14.48101
2799221406.25,-14.48023
2799221562.5,-14.47815
2799221718.75,-14.47473
2799221875.0,-14.47349
2799222031.25,-14.46941
2799222187.5,-14.46794
2799222343.75,-14.4656
2799222500.0,-14.46296
2799222656.25,-14.46073
2799222812.5,-14.45846
2799222968.75,-14.45546
2799223125.0,-14.45516
2799223281.25,-14.45005
2799223437.5,-14.44794
2799223593.75,-14.44535
2799223750.0,-14.4438
2799223906.25,-14.44049
2799224062.5,-14.43863
2799224218.75,-14.43628
2799224375.0,-14.43452
2799224531.25,-14.43178
2799224687.5,-14.4276
2799224843.75,-14.42672
2799225000.0,-14.42418
2799225156.25,-14.42091
2799225312.5,-14.41884
2799225468.75,-14.41662
2799225625.0,-14.4142
2799225781.25,-14.41214
2799225937.5,-14.40928
2799226093.75,-14.40664
2799226250.0,-14.40367
2799226406.25,-14.40335
2799226562.5,-14.40042
2799226718.75,-14.39723
2799226875.0,-14.394
2799227031.25,-14.39206
2799227187.5,-14.39121
2799227343.75,-14.38648
2799227500.0,-14.3853
2799227656.25,-14.38222
2799227812.5,-14.37916
2799227968.75,-14.37823
2799228125.0,-14.37562
2799228281.25,-14.37305
2799228437.5,-14.37066
2799228593.75,-14.36925
2799228750.0,-14.36626
2799228906.25,-14.36401
2799229062.5,-14.3612
2799229218.75,-14.35778
2799229375.0,-14.35582
2799229531.25,-14.35364
2799229687.5,-14.35039
2799229843.75,-14.34984
2799230000.0,-14.34621
2799230156.25,-14.34397
2799230312.5,-14.34146
2799230468.75,-14.33974
2799230625.0,-14.33714
2799230781.25,-14.33445
2799230937.5,-14.33233
2799231093.75,-14.32913
2799231250.0,-14.32636
2799231406.25,-14.32465
2799231562.5,-14.32195
2799231718.75,-14.31949
2799231875.0,-14.31716
2799232031.25,-14.31353
2799232187.5,-14.31222
2799232343.75,-14.30996
2799232500.0,-14.30806
2799232656.25,-14.30493
2799232812.5,-14.30215
2799232968.75,-14.30006
2799233125.0,-14.29703
2799233281.25,-14.29485
2799233437.5,-14.29239
2799233593.75,-14.28971
2799233750.0,-14.28741
2799233906.25,-14.28526
2799234062.5,-14.28363
2799234218.75,-14.28002
2799234375.0,-14.27757
2799234531.25,-14.27543
2799234687.5,-14.27186
2799234843.75,-14.27015
2799235000.0,-14.26827
2799235156.25,-14.26581
2799235312.5,-14.26424
2799235468.75,-14.25973
2799235625.0,-14.25787
2799235781.25,-14.25554
2799235937.5,-14.25275
2799236093.75,-14.25102
2799236250.0,-14.24849
2799236406.25,-14.24557
2799236562.5,-14.24479
2799236718.75,-14.24094
2799236875.0,-14.23902
2799237031.25,-14.23537
2799237187.5,-14.23344
2799237343.75,-14.23142
2799237500.0,-14.22816
2799237656.25,-14.22675
2799237812.5,-14.22421
2799237968.75,-14.22079
2799238125.0,-14.21873
2799238281.25,-14.21627
2799238437.5,-14.21377
2799238593.75,-14.21181
2799238750.0,-14.20837
2799238906.25,-14.20621
2799239062.5,-14.20339
2799239218.75,-14.20154
2799239375.0,-14.19862
2799239531.25,-14.19714
2799239687.5,-14.1954
2799239843.75,-14.19161
2799240000.0,-14.18892
2799240156.25,-14.1862
2799240312.5,-14.18382
2799240468.75,-14.18116
2799240625.0,-14.17829
2799240781.25,-14.17639
2799240937.5,-14.17531
2799241093.75,-14.17173
2799241250.0,-14.17091
2799241406.25,-14.16719
2799241562.5,-14.16553
2799241718.75,-14.16173
2799241875.0,-14.16029
2799242031.25,-14.1566
2799242187.5,-14.15487
2799242343.75,-14.15258
2799242500.0,-14.14883
2799242656.25,-14.1475
2799242812.5,-14.14494
2799242968.75,-14.14287
2799243125.0,-14.13953
2799243281.25,-14.13713
2799243437.5,-14.1349
2799243593.75,-14.13309
2799243750.0,-14.13061
2799243906.25,-14.12713
2799244062.5,-14.12485
2799244218.75,-14.1218
2799244375.0,-14.11975
2799244531.25,-14.11727
2799244687.5,-14.11399
2799244843.75,-14.11267
2799245000.0,-14.11035
2799245156.25,-14.10725
2799245312.5,-14.10423
2799245468.75,-14.10262
2799245625.0,-14.0995
2799245781.25,-14.09786
2799245937.5,-14.09473
2799246093.75,-14.09304
2799246250.0,-14.09084
2799246406.25,-14.08694
2799246562.5,-14.08651
2799246718.75,-14.08275
2799246875.0,-14.08085
2799247031.25,-14.0789
2799247187.5,-14.07633
2799247343.75,-14.07223
2799247500.0,-14.06975
2799247656.25,-14.06806
2799247812.5,-14.06553
2799247968.75,-14.06098
2799248125.0,-14.0599
2799248281.25,-14.05872
2799248437.5,-14.05553
2799248593.75,-14.0528
2799248750.0,-14.04998
2799248906.25,-14.04835
2799249062.5,-14.04433
2799249218.75,-14.04316
2799249375.0,-14.04026
2799249531.25,-14.03793
2799249687.5,-14.03538
2799249843.75,-14.03228
2799250000.0,-14.02947
2799250156.25,-14.02874
2799250312.5,-14.02523
2799250468.75,-14.022
2799250625.0,-14.01983
2799250781.25,-14.01814
2799250937.5,-14.01603
2799251093.75,-14.01219
2799251250.0,-14.01075
2799251406.25,-14.00842
2799251562.5,-14.00521
2799251718.75,-14.00386
2799251875.0,-13.9997
2799252031.25,-13.99825
2799252187.5,-13.9953
2799252343.75,-13.99304
2799252500.0,-13.99067
2799252656.25,-13.98823
2799252812.5,-13.98639
2799252968.75,-13.98248
2799253125.0,-13.98155
2799253281.25,-13.97916
2799253437.5,-13.97595
2799253593.75,-13.97296
2799253750.0,-13.9703
2799253906.25,-13.96776
2799254062.5,-13.96471
2799254218.75,-13.96356
2799254375.0,-13.96047
2799254531.25,-13.95726
2799254687.5,-13.95426
2799254843.75,-13.95274
2799255000.0,-13.95182
2799255156.25,-13.9482
2799255312.5,-13.94492
2799255468.75,-13.94303
2799255625.0,-13.94086
2799255781.25,-13.93774
2799255937.5,-13.93476
2799256093.75,-13.93328
2799256250.0,-13.93135
2799256406.25,-13.9271
2799256562.5,-13.92409
2799256718.75,-13.92256
2799256875.0,-13.91893
2799257031.25,-13.91774
2799257187.5,-13.91455
2799257343.75,-13.91222
2799257500.0,-13.91004
2799257656.25,-13.90772
2799257812.5,-13.90451
2799257968.75,-13.90188
2799258125.0,-13.89908
2799258281.25,-13.89736
2799258437.5,-13.89494
2799258593.75,-13.89243
2799258750.0,-13.89044
2799258906.25,-13.8874
2799259062.5,-13.88505
2799259218.75,-13.8833
2799259375.0,-13.88005
2799259531.25,-13.87791
2799259687.5,-13.87419
2799259843.75,-13.87205
2799260000.0,-13.86942
2799260156.25,-13.86779
2799260312.5,-13.86468
2799260468.75,-13.86224
2799260625.0,-13.85886
2799260781.25,-13.85633
2799260937.5,-13.85238
2799261093.75,-13.85242
2799261250.0,-13.84925
2799261406.25,-13.84755
2799261562.5,-13.84387
2799261718.75,-13.84234
2799261875.0,-13.83926
2799262031.25,-13.83653
2799262187.5,-13.83422
2799262343.75,-13.83142
2799262500.0,-13.82917
2799262656.25,-13.82715
2799262812.5,-13.82427
2799262968.75,-13.82109
2799263125.0,-13.81897
2799263281.25,-13.81735
2799263437.5,-13.81388
2799263593.75,-13.81044
2799263750.0,-13.80955
2799263906.25,-13.80618
2799264062.5,-13.80348
2799264218.75,-13.8011
2799264375.0,-13.79904
2799264531.25,-13.7955
2799264687.5,-13.79492
2799264843.75,-13.7906
2799265000.0,-13.78902
2799265156.25,-13.78681
2799265312.5,-13.78391
2799265468.75,-13.78129
2799265625.0,-13.77897
2799265781.25,-13.77578
2799265937.5,-13.77362
2799266093.75,-13.77253
2799266250.0,-13.76855
2799266406.25,-13.76551
2799266562.5,-13.76218
2799266718.75,-13.76039
2799266875.0,-13.75682
2799267031.25,-13.75615
2799267187.5,-13.75473
2799267343.75,-13.75101
2799267500.0,-13.74851
2799267656.25,-13.74354
2799267812.5,-13.74235
2799267968.75,-13.73939
2799268125.0,-13.73784
2799268281.25,-13.73487
2799268437.5,-13.7321
2799268593.75,-13.73048
2799268750.0,-13.72694
2799268906.25,-13.72531
2799269062.5,-13.72308
2799269218.75,-13.72102
2799269375.0,-13.71695
2799269531.25,-13.71467
2799269687.5,-13.71224
2799269843.75,-13.70963
2799270000.0,-13.70726
2799270156.25,-13.70466
2799270312.5,-13.702
2799270468.75,-13.69988
2799270625.0,-13.69728
2799270781.25,-13.69494
2799270937.5,-13.69216
2799271093.75,-13.68888
2799271250.0,-13.68628
2799271406.25,-13.68521
2799271562.5,-13.68217
2799271718.75,-13.68005
2799271875.0,-13.67755
2799272031.25,-13.67451
2799272187.5,-13.67277
2799272343.75,-13.66879
2799272500.0,-13.6665
2799272656.25,-13.66276
2799272812.5,-13.66139
2799272968.75,-13.65955
2799273125.0,-13.65629
2799273281.25,-13.65482
2799273437.5,-13.65027
2799273593.75,-13.64906
2799273750.0,-13.64593
2799273906.25,-13.64469
2799274062.5,-13.6414
2799274218.75,-13.63741
2799274375.0,-13.63495
2799274531.25,-13.63347
2799274687.5,-13.63096
2799274843.75,-13.62755
2799275000.0,-13.62547
2799275156.25,-13.62308
2799275312.5,-13.61993
2799275468.75,-13.61657
2799275625.0,-13.6153
2799275781.25,-13.61256
2799275937.5,-13.60956
2799276093.75,-13.60732
2799276250.0,-13.6047
2799276406.25,-13.60327
2799276562.5,-13.5988
2799276718.75,-13.59696
2799276875.0,-13.59484
2799277031.25,-13.59174
2799277187.5,-13.58948
2799277343.75,-13.58658
2799277500.0,-13.58308
2799277656.25,-13.58049
2799277812.5,-13.5794
2799277968.75,-13.57751
2799278125.0,-13.57348
2799278281.25,-13.57134
2799278437.5,-13.56929
2799278593.75,-13.5652
2799278750.0,-13.56379
2799278906.25,-13.56101
2799279062.5,-13.55909
2799279218.75,-13.55556
2799279375.0,-13.55291
2799279531.25,-13.55085
2799279687.5,-13.54793
2799279843.75,-13.54589
2799280000.0,-13.54349
2799280156.25,-13.54124
2799280312.5,-13.53793
2799280468.75,-13.5351
2799280625.0,-13.5332
2799280781.25,-13.53056
2799280937.5,-13.52752
2799281093.75,-13.52464
2799281250.0,-13.52153
2799281406.25,-13.51978
2799281562.5,-13.51805
2799281718.75,-13.51527
2799281875.0,-13.51174
2799282031.25,-13.50863
2799282187.5,-13.50654
2799282343.75,-13.50459
2799282500.0,-13.50193
2799282656.25,-13.49958
2799282812.5,-13.49568
2799282968.75,-13.4936
2799283125.0,-13.49163
2799283281.25,-13.48913
2799283437.5,-13.48735
2799283593.75,-13.48412
2799283750.0,-13.48054
2799283906.25,-13.47795
2799284062.5,-13.47526
2799284218.75,-13.47298
2799284375.0,-13.47098
2799284531.25,-13.46856
2799284687.5,-13.46557
2799284843.75,-13.4635
2799285000.0,-13.45989
2799285156.25,-13.45661
2799285312.5,-13.45464
2799285468.75,-13.45217
2799285625.0,-13.44946
2799285781.25,-13.44669
2799285937.5,-13.44549
2799286093.75,-13.44289
2799286250.0,-13.43994
2799286406.25,-13.43661
2799286562.5,-13.4347
2799286718.75,-13.43151
2799286875.0,-13.429
2799287031.25,-13.42655
2799287187.5,-13.42302
2799287343.75,-13.42171
2799287500.0,-13.41882
2799287656.25,-13.41613
2799287812.5,-13.4141
2799287968.75,-13.41144
2799288125.0,-13.40806
2799288281.25,-13.40571
2799288437.5,-13.40348
2799288593.75,-13.40113
2799288750.0,-13.39742
2799288906.25,-13.39548
2799289062.5,-13.39261
2799289218.75,-13.38924
2799289375.0,-13.38762
2799289531.25,-13.38593
2799289687.5,-13.38286
2799289843.75,-13.3797
2799290000.0,-13.37618
2799290156.25,-13.37405
2799290312.5,-13.37292
2799290468.75,-13.36956
2799290625.0,-13.36617
2799290781.25,-13.36391
2799290937.5,-13.36145
2799291093.75,-13.35818
2799291250.0,-13.35566
2799291406.25,-13.35407
2799291562.5,-13.35103
2799291718.75,-13.34862
2799291875.0,-13.34563
2799292031.25,-13.34307
2799292187.5,-13.3401
2799292343.75,-13.33808
2799292500.0,-13.33465
2799292656.25,-13.33253
2799292812.5,-13.33057
2799292968.75,-13.32696
2799293125.0,-13.32512
2799293281.25,-13.32194
2799293437.5,-13.31874
2799293593.75,-13.31695
2799293750.0,-13.31546
2799293906.25,-13.31147
2799294062.5,-13.3086
2799294218.75,-13.3059
2799294375.0,-13.30382
2799294531.25,-13.30097
2799294687.5,-13.29854
2799294843.75,-13.29641
2799295000.0,-13.29441
2799295156.25,-13.2912
2799295312.5,-13.28844
2799295468.75,-13.28606
2799295625.0,-13.28381
2799295781.25,-13.28056
2799295937.5,-13.27722
2799296093.75,-13.27575
2799296250.0,-13.27188
2799296406.25,-13.27079
2799296562.5,-13.26766
2799296718.75,-13.26482
2799296875.0,-13.26233
2799297031.25,-13.25904
2799297187.5,-13.25746
2799297343.75,-13.25525
2799297500.0,-13.25158
2799297656.25,-13.24924
2799297812.5,-13.24581
2799297968.75,-13.24276
2799298125.0,-13.24152
2799298281.25,-13.23794
2799298437.5,-13.23648
2799298593.75,-13.23348
2799298750.0,-13.23043
2799298906.25,-13.22772
2799299062.5,-13.22585
2799299218.75,-13.222
2799299375.0,-13.22046
2799299531.25,-13.21693
2799299687.5,-13.21453
2799299843.75,-13.21204
2799300000.0,-13.20878
2799300156.25,-13.20603
2799300312.5,-13.20411
2799300468.75,-13.20086
2799300625.0,-13.198
2799300781.25,-13.19584
2799300937.5,-13.19248
2799301093.75,-13.19106
2799301250.0,-13.18858
2799301406.25,-13.18565
2799301562.5,-13.18396
2799301718.75,-13.18107
2799301875.0,-13.17747
2799302031.25,-13.17464
2799302187.5,-13.17192
2799302343.75,-13.16908
2799302500.0,-13.16693
2799302656.25,-13.16448
2799302812.5,-13.16178
2799302968.75,-13.15901
2799303125.0,-13.15671
2799303281.25,-13.15454
2799303437.5,-13.1506
2799303593.75,-13.14924
2799303750.0,-13.14644
2799303906.25,-13.14383
2799304062.5,-13.14067
2799304218.75,-13.13848
2799304375.0,-13.13462
2799304531.25,-13.13356
2799304687.5,-13.1297
2799304843.75,-13.12796
2799305000.0,-13.12507
2799305156.25,-13.12151
2799305312.5,-13.12008
2799305468.75,-13.11795
2799305625.0,-13.11365
2799305781.25,-13.11237
2799305937.5,-13.10906
2799306093.75,-13.10698
2799306250.0,-13.10435
2799306406.25,-13.1007
2799306562.5,-13.09837
2799306718.75,-13.09614
2799306875.0,-13.09236
2799307031.25,-13.09143
2799307187.5,-13.0879
2799307343.75,-13.08527
2799307500.0,-13.08216
2799307656.25,-13.07963
2799307812.5,-13.07712
2799307968.75,-13.07465
2799308125.0,-13.0718
2799308281.25,-13.06985
2799308437.5,-13.06654
2799308593.75,-13.06423
2799308750.0,-13.06114
2799308906.25,-13.0588
2799309062.5,-13.05757
2799309218.75,-13.05354
2799309375.0,-13.0508
2799309531.25,-13.04882
2799309687.5,-13.0453
2799309843.75,-13.04223
2799310000.0,-13.04002
2799310156.25,-13.03764
2799310312.5,-13.03406
2799310468.75,-13.03222
2799310625.0,-13.02949
2799310781.25,-13.02712
2799310937.5,-13.02436
2799311093.75,-13.02201
2799311250.0,-13.01867
2799311406.25,-13.01669
2799311562.5,-13.01399
2799311718.75,-13.01064
2799311875.0,-13.00889
2799312031.25,-13.00616
2799312187.5,-13.00175
2799312343.75,-13.00024
2799312500.0,-12.99778
2799312656.25,-12.99493
2799312812.5,-12.99207
2799312968.75,-12.98959
2799313125.0,-12.98705
2799313281.25,-12.9835
2799313437.5,-12.98205
2799313593.75,-12.97912
2799313750.0,-12.97653
2799313906.25,-12.9744
2799314062.5,-12.97085
2799314218.75,-12.96785
2799314375.0,-12.96536
2799314531.25,-12.96309
2799314687.5,-12.95947
2799314843.75,-12.95728
2799315000.0,-12.95363
2799315156.25,-12.953
2799315312.5,-12.95
2799315468.75,-12.94624
2799315625.0,-12.94529
2799315781.25,-12.94151
2799315937.5,-12.93932
2799316093.75,-12.93531
2799316250.0,-12.93448
2799316406.25,-12.93155
2799316562.5,-12.92824
2799316718.75,-12.92591
2799316875.0,-12.92303
2799317031.25,-12.9203
2799317187.5,-12.91631
2799317343.75,-12.91457
2799317500.0,-12.91229
2799317656.25,-12.90905
2799317812.5,-12.90685
2799317968.75,-12.90437
2799318125.0,-12.90199
2799318281.25,-12.89907
2799318437.5,-12.89637
2799318593.75,-12.89283
2799318750.0,-12.89023
2799318906.25,-12.88782
2799319062.5,-12.88488
2799319218.75,-12.88154
2799319375.0,-12.88011
2799319531.25,-12.8774
2799319687.5,-12.87428
2799319843.75,-12.87213
2799320000.0,-12.86907
2799320156.25,-12.86664
2799320312.5,-12.86403
2799320468.75,-12.86165
2799320625.0,-12.85869
2799320781.25,-12.85612
2799320937.5,-12.85368
2799321093.75,-12.85052
2799321250.0,-12.84761
2799321406.25,-12.84453
2799321562.5,-12.84286
2799321718.75,-12.84034
2799321875.0,-12.83638
2799322031.25,-12.83448
2799322187.5,-12.83218
2799322343.75,-12.82889
2799322500.0,-12.8253
2799322656.25,-12.82389
2799322812.5,-12.8207
2799322968.75,-12.81801
2799323125.0,-12.81507
2799323281.25,-12.81284
2799323437.5,-12.80984
2799323593.75,-12.80812
2799323750.0,-12.80445
2799323906.25,-12.80274
2799324062.5,-12.80002
2799324218.75,-12.79665
2799324375.0,-12.79462
2799324531.25,-12.79156
2799324687.5,-12.78897
2799324843.75,-12.78651
2799325000.0,-12.78257
2799325156.25,-12.78072
2799325312.5,-12.77877
2799325468.75,-12.77494
2799325625.0,-12.77253
2799325781.25,-12.77009
2799325937.5,-12.76834
2799326093.75,-12.76555
2799326250.0,-12.7617
2799326406.25,-12.75872
2799326562.5,-12.75678
2799326718.75,-12.75329
2799326875.0,-12.7509
2799327031.25,-12.74783
2799327187.5,-12.74506
2799327343.75,-12.74376
2799327500.0,-12.74146
2799327656.25,-12.73776
2799327812.5,-12.73499
2799327968.75,-12.73182
2799328125.0,-12.72978
2799328281.25,-12.72724
2799328437.5,-12.72378
2799328593.75,-12.7202
2799328750.0,-12.71855
2799328906.25,-12.71683
2799329062.5,-12.71378
2799329218.75,-12.70992
2799329375.0,-12.70822
2799329531.25,-12.70508
2799329687.5,-12.70235
2799329843.75,-12.69995
2799330000.0,-12.69734
2799330156.25,-12.69394
2799330312.5,-12.6925
2799330468.75,-12.68894
2799330625.0,-12.68652
2799330781.25,-12.684
2799330937.5,-12.6811
2799331093.75,-12.67849
2799331250.0,-12.67466
2799331406.25,-12.67295
2799331562.5,-12.67026
2799331718.75,-12.66669
2799331875.0,-12.66413
2799332031.25,-12.66142
2799332187.5,-12.65955
2799332343.75,-12.65647
2799332500.0,-12.65335
2799332656.25,-12.6509
2799332812.5,-12.6476
2799332968.75,-12.64571
2799333125.0,-12.64386
2799333281.25,-12.63885
2799333437.5,-12.63818
2799333593.75,-12.635
2799333750.0,-12.63213
2799333906.25,-12.62897
2799334062.5,-12.62712
2799334218.75,-12.62389
2799334375.0,-12.62129
2799334531.25,-12.61852
2799334687.5,-12.61547
2799334843.75,-12.61354
2799335000.0,-12.6111
2799335156.25,-12.6068
2799335312.5,-12.60467
2799335468.75,-12.60243
2799335625.0,-12.59973
2799335781.25,-12.59729
2799335937.5,-12.59491
2799336093.75,-12.59209
2799336250.0,-12.58789
2799336406.25,-12.58641
2799336562.5,-12.58307
2799336718.75,-12.58017
2799336875.0,-12.57839
2799337031.25,-12.57534
2799337187.5,-12.57284
2799337343.75,-12.5696
2799337500.0,-12.56791
2799337656.25,-12.56399
2799337812.5,-12.56163
2799337968.75,-12.55888
2799338125.0,-12.55592
2799338281.25,-12.55287
2799338437.5,-12.55026
2799338593.75,-12.5484
2799338750.0,-12.54537
2799338906.25,-12.54257
2799339062.5,-12.53958
2799339218.75,-12.53798
2799339375.0,-12.53535
2799339531.25,-12.53141
2799339687.5,-12.52903
2799339843.75,-12.52635
2799340000.0,-12.52271
2799340156.25,-12.51958
2799340312.5,-12.51731
2799340468.75,-12.51542
2799340625.0,-12.51271
2799340781.25,-12.51032
2799340937.5,-12.50764
2799341093.75,-12.50371
2799341250.0,-12.50125
2799341406.25,-12.49904
2799341562.5,-12.49615
2799341718.75,-12.4933
2799341875.0,-12.49063
2799342031.25,-12.48839
2799342187.5,-12.48565
2799342343.75,-12.48318
2799342500.0,-12.4808
2799342656.25,-12.47713
2799342812.5,-12.47466
2799342968.75,-12.47157
2799343125.0,-12.46918
2799343281.25,-12.46595
2799343437.5,-12.46331
2799343593.75,-12.46197
2799343750.0,-12.45762
2799343906.25,-12.45512
2799344062.5,-12.45301
2799344218.75,-12.45025
2799344375.0,-12.44637
2799344531.25,-12.44498
2799344687.5,-12.44068
2799344843.75,-12.43899
2799345000.0,-12.43648
2799345156.25,-12.43283
2799345312.5,-12.43046
2799345468.75,-12.42801
2799345625.0,-12.42406
2799345781.25,-12.42202
2799345937.5,-12.41886
2799346093.75,-12.41796
2799346250.0,-12.41401
2799346406.25,-12.41152
2799346562.5,-12.40772
2799346718.75,-12.40508
2799346875.0,-12.40351
2799347031.25,-12.40008
2799347187.5,-12.39739
2799347343.75,-12.39466
2799347500.0,-12.39172
2799347656.25,-12.38945
2799347812.5,-12.38658
2799347968.75,-12.38375
2799348125.0,-12.38142
2799348281.25,-12.378
2799348437.5,-12.37606
2799348593.75,-12.37229
2799348750.0,-12.3692
2799348906.25,-12.36734
2799349062.5,-12.36441
2799349218.75,-12.36198
2799349375.0,-12.35923
2799349531.25,-12.35579
2799349687.5,-12.35424
2799349843.75,-12.35124
2799350000.0,-12.3485
2799350156.25,-12.34599
2799350312.5,-12.34237
2799350468.75,-12.3389
2799350625.0,-12.33792
2799350781.25,-12.33404
2799350937.5,-12.33179
2799351093.75,-12.32878
2799351250.0,-12.3263
2799351406.25,-12.32407
2799351562.5,-12.32106
2799351718.75,-12.31808
2799351875.0,-12.31598
2799352031.25,-12.31224
2799352187.5,-12.3104
2799352343.75,-12.30679
2799352500.0,-12.3038
2799352656.25,-12.30167
2799352812.5,-12.29898
2799352968.75,-12.29585
2799353125.0,-12.29385
2799353281.25,-12.29139
2799353437.5,-12.28828
2799353593.75,-12.28468
2799353750.0,-12.28166
2799353906.25,-12.27947
2799354062.5,-12.27629
2799354218.75,-12.27409
2799354375.0,-12.27172
2799354531.25,-12.26751
2799354687.5,-12.26588
2799354843.75,-12.2629
2799355000.0,-12.25925
2799355156.25,-12.25715
2799355312.5,-12.2546
2799355468.75,-12.25178
2799355625.0,-12.24983
2799355781.25,-12.24606
2799355937.5,-12.24432
2799356093.75,-12.24132
2799356250.0,-12.23867
2799356406.25,-12.23537
2799356562.5,-12.23259
2799356718.75,-12.22988
2799356875.0,-12.22766
2799357031.25,-12.22487
2799357187.5,-12.22163
2799357343.75,-12.21863
2799357500.0,-12.21649
2799357656.25,-12.21381
2799357812.5,-12.21078
2799357968.75,-12.20708
2799358125.0,-12.204
2799358281.25,-12.20295
2799358437.5,-12.19973
2799358593.75,-12.19641
2799358750.0,-12.19364
2799358906.25,-12.19126
2799359062.5,-12.18915
2799359218.75,-12.18516
2799359375.0,-12.1839
2799359531.25,-12.1807
2799359687.5,-12.17782
2799359843.75,-12.17494
2799360000.0,-12.1722
2799360156.25,-12.1699
2799360312.5,-12.16593
2799360468.75,-12.16323
2799360625.0,-12.16152
2799360781.25,-12.1588
2799360937.5,-12.15566
2799361093.75,-12.15306
2799361250.0,-12.1506
2799361406.25,-12.14662
2799361562.5,-12.14404
2799361718.75,-12.14123
2799361875.0,-12.13818
2799362031.25,-12.13537
2799362187.5,-12.132
2799362343.75,-12.13095
2799362500.0,-12.12784
2799362656.25,-12.12628
2799362812.5,-12.12266
2799362968.75,-12.12021
2799363125.0,-12.11642
2799363281.25,-12.11491
2799363437.5,-12.11143
2799363593.75,-12.10929
2799363750.0,-12.10532
2799363906.25,-12.10277
2799364062.5,-12.10081
2799364218.75,-12.0976
2799364375.0,-12.09482
2799364531.25,-12.09222
2799364687.5,-12.08933
2799364843.75,-12.08655
2799365000.0,-12.08333
2799365156.25,-12.08114
2799365312.5,-12.07868
2799365468.75,-12.07522
2799365625.0,-12.07262
2799365781.25,-12.06957
2799365937.5,-12.06719
2799366093.75,-12.0636
2799366250.0,-12.06131
2799366406.25,-12.05896
2799366562.5,-12.05581
2799366718.75,-12.05247
2799366875.0,-12.05026
2799367031.25,-12.04713
2799367187.5,-12.04561
2799367343.75,-12.04126
2799367500.0,-12.03975
2799367656.25,-12.03639
2799367812.5,-12.03347
2799367968.75,-12.03133
2799368125.0,-12.0277
2799368281.25,-12.02568
2799368437.5,-12.02239
2799368593.75,-12.01918
2799368750.0,-12.01724
2799368906.25,-12.01395
2799369062.5,-12.0115
2799369218.75,-12.00876
2799369375.0,-12.00614
2799369531.25,-12.00267
2799369687.5,-11.99999
2799369843.75,-11.99778
2799370000.0,-11.99495
2799370156.25,-11.99234
2799370312.5,-11.98979
2799370468.75,-11.98549
2799370625.0,-11.98435
2799370781.25,-11.98071
2799370937.5,-11.97923
2799371093.75,-11.97541
2799371250.0,-11.97191
2799371406.25,-11.96982
2799371562.5,-11.96773
2799371718.75,-11.96479
2799371875.0,-11.96126
2799372031.25,-11.95769
2799372187.5,-11.95632
2799372343.75,-11.95341
2799372500.0,-11.95047
2799372656.25,-11.94787
2799372812.5,-11.94583
2799372968.75,-11.94209
2799373125.0,-11.94014
2799373281.25,-11.93629
2799373437.5,-11.93342
2799373593.75,-11.93069
2799373750.0,-11.92848
2799373906.25,-11.92523
2799374062.5,-11.92339
2799374218.75,-11.91951
2799374375.0,-11.91708
2799374531.25,-11.91421
2799374687.5,-11.91108
2799374843.75,-11.9091
2799375000.0,-11.90652
2799375156.25,-11.90241
2799375312.5,-11.90066
2799375468.75,-11.89712
2799375625.0,-11.89465
2799375781.25,-11.89292
2799375937.5,-11.88887
2799376093.75,-11.88732
2799376250.0,-11.88376
2799376406.25,-11.8819
2799376562.5,-11.8782
2799376718.75,-11.87557
2799376875.0,-11.87265
2799377031.25,-11.86898
2799377187.5,-11.86658
2799377343.75,-11.86397
2799377500.0,-11.8616
2799377656.25,-11.85876
2799377812.5,-11.85516
2799377968.75,-11.85278
2799378125.0,-11.85015
2799378281.25,-11.84803
2799378437.5,-11.8449
2799378593.75,-11.84173
2799378750.0,-11.83968
2799378906.25,-11.83536
2799379062.5,-11.83451
2799379218.75,-11.83065
2799379375.0,-11.82708
2799379531.25,-11.82576
2799379687.5,-11.82351
2799379843.75,-11.81918
2799380000.0,-11.81773
2799380156.25,-11.81371
2799380312.5,-11.81136
2799380468.75,-11.80877
2799380625.0,-11.80647
2799380781.25,-11.80346
2799380937.5,-11.79902
2799381093.75,-11.79782
2799381250.0,-11.79516
2799381406.25,-11.79215
2799381562.5,-11.78874
2799381718.75,-11.78622
2799381875.0,-11.78389
2799382031.25,-11.78047
2799382187.5,-11.7775
2799382343.75,-11.77558
2799382500.0,-11.77282
2799382656.25,-11.76973
2799382812.5,-11.76654
2799382968.75,-11.76436
2799383125.0,-11.76172
2799383281.25,-11.75808
2799383437.5,-11.75543
2799383593.75,-11.75333
2799383750.0,-11.7496
2799383906.25,-11.74706
2799384062.5,-11.74525
2799384218.75,-11.74183
2799384375.0,-11.73973
2799384531.25,-11.7364
2799384687.5,-11.7332
2799384843.75,-11.73091
2799385000.0,-11.72796
2799385156.25,-11.72471
2799385312.5,-11.72149
2799385468.75,-11.71877
2799385625.0,-11.71628
2799385781.25,-11.71392
2799385937.5,-11.71069
2799386093.75,-11.70816
2799386250.0,-11.70449
2799386406.25,-11.70217
2799386562.5,-11.69934
2799386718.75,-11.69728
2799386875.0,-11.69491
2799387031.25,-11.69145
2799387187.5,-11.68902
2799387343.75,-11.68578
2799387500.0,-11.68323
2799387656.25,-11.68028
2799387812.5,-11.67829
2799387968.75,-11.67433
2799388125.0,-11.67181
2799388281.25,-11.66953
2799388437.5,-11.66737
2799388593.75,-11.66417
2799388750.0,-11.66074
2799388906.25,-11.6576
2799389062.5,-11.65517
2799389218.75,-11.6521
2799389375.0,-11.64985
2799389531.25,-11.64591
2799389687.5,-11.64385
2799389843.75,-11.64085
2799390000.0,-11.63838
2799390156.25,-11.63528
2799390312.5,-11.63313
2799390468.75,-11.63
2799390625.0,-11.62747
2799390781.25,-11.62474
2799390937.5,-11.62168
2799391093.75,-11.61888
2799391250.0,-11.61616
2799391406.25,-11.61338
2799391562.5,-11.61081
2799391718.75,-11.60836
2799391875.0,-11.60549
2799392031.25,-11.60219
2799392187.5,-11.59969
2799392343.75,-11.59575
2799392500.0,-11.59365
2799392656.25,-11.59054
2799392812.5,-11.58777
2799392968.75,-11.58568
2799393125.0,-11.5828
2799393281.25,-11.57971
2799393437.5,-11.57755
2799393593.75,-11.57418
2799393750.0,-11.57158
2799393906.25,-11.56901
2799394062.5,-11.56598
2799394218.75,-11.56392
2799394375.0,-11.56051
2799394531.25,-11.55709
2799394687.5,-11.55465
2799394843.75,-11.55182
2799395000.0,-11.54871
2799395156.25,-11.547
2799395312.5,-11.54335
2799395468.75,-11.54166
2799395625.0,-11.53797
2799395781.25,-11.53536
2799395937.5,-11.53256
2799396093.75,-11.52983
2799396250.0,-11.52699
2799396406.25,-11.52411
2799396562.5,-11.52081
2799396718.75,-11.51866
2799396875.0,-11.51542
2799397031.25,-11.51235
2799397187.5,-11.5105
2799397343.75,-11.5073
2799397500.0,-11.50363
2799397656.25,-11.50186
2799397812.5,-11.49898
2799397968.75,-11.49541
2799398125.0,-11.49401
2799398281.25,-11.49109
2799398437.5,-11.48804
2799398593.75,-11.48364
2799398750.0,-11.48144
2799398906.25,-11.47925
2799399062.5,-11.47677
2799399218.75,-11.47425
2799399375.0,-11.47064
2799399531.25,-11.46812
2799399687.5,-11.46507
2799399843.75,-11.46213
2799400000.0,-11.46007
2799400156.25,-11.45711
2799400312.5,-11.45419
2799400468.75,-11.45184
2799400625.0,-11.44796
2799400781.25,-11.44588
2799400937.5,-11.44332
2799401093.75,-11.43926
2799401250.0,-11.43811
2799401406.25,-11.43511
2799401562.5,-11.43196
2799401718.75,-11.42916
2799401875.0,-11.42751
2799402031.25,-11.42425
2799402187.5,-11.42002
2799402343.75,-11.41807
2799402500.0,-11.41403
2799402656.25,-11.41194
2799402812.5,-11.40982
2799402968.75,-11.40739
2799403125.0,-11.40388
2799403281.25,-11.4013
2799403437.5,-11.39864
2799403593.75,-11.39532
2799403750.0,-11.39259
2799403906.25,-11.39048
2799404062.5,-11.38682
2799404218.75,-11.38449
2799404375.0,-11.38302
2799404531.25,-11.3788
2799404687.5,-11.37599
2799404843.75,-11.37323
2799405000.0,-11.37038
2799405156.25,-11.36789
2799405312.5,-11.36476
2799405468.75,-11.36215
2799405625.0,-11.35923
2799405781.25,-11.35662
2799405937.5,-11.35414
2799406093.75,-11.35094
2799406250.0,-11.34866
2799406406.25,-11.34582
2799406562.5,-11.34377
2799406718.75,-11.33959
2799406875.0,-11.33668
2799407031.25,-11.3341
2799407187.5,-11.33146
2799407343.75,-11.32887
2799407500.0,-11.32607
2799407656.25,-11.32357
2799407812.5,-11.3204
2799407968.75,-11.31706
2799408125.0,-11.31491
2799408281.25,-11.31125
2799408437.5,-11.30934
2799408593.75,-11.30499
2799408750.0,-11.30358
2799408906.25,-11.30034
2799409062.5,-11.29778
2799409218.75,-11.2962
2799409375.0,-11.29174
2799409531.25,-11.28962
2799409687.5,-11.28664
2799409843.75,-11.2834
2799410000.0,-11.28125
2799410156.25,-11.27921
2799410312.5,-11.27581
2799410468.75,-11.27247
2799410625.0,-11.26995
2799410781.25,-11.26707
2799410937.5,-11.26427
2799411093.75,-11.26106
2799411250.0,-11.25929
2799411406.25,-11.25596
2799411562.5,-11.25323
2799411718.75,-11.25065
2799411875.0,-11.24789
2799412031.25,-11.24465
2799412187.5,-11.24225
2799412343.75,-11.23917
2799412500.0,-11.23634
2799412656.25,-11.23444
2799412812.5,-11.23118
2799412968.75,-11.22751
2799413125.0,-11.22562
2799413281.25,-11.22265
2799413437.5,-11.22029
2799413593.75,-11.21692
2799413750.0,-11.21427
2799413906.25,-11.21177
2799414062.5,-11.209
2799414218.75,-11.20469
2799414375.0,-11.2031
2799414531.25,-11.19939
2799414687.5,-11.19662
2799414843.75,-11.19558
2799415000.0,-11.19161
2799415156.25,-11.18886
2799415312.5,-11.18676
2799415468.75,-11.18377
2799415625.0,-11.18125
2799415781.25,-11.17742
2799415937.5,-11.17469
2799416093.75,-11.17129
2799416250.0,-11.16942
2799416406.25,-11.16732
2799416562.5,-11.16419
2799416718.75,-11.16096
2799416875.0,-11.15812
2799417031.25,-11.15541
2799417187.5,-11.15287
2799417343.75,-11.15067
2799417500.0,-11.14747
2799417656.25,-11.14513
2799417812.5,-11.14214
2799417968.75,-11.13926
2799418125.0,-11.13573
2799418281.25,-11.13315
2799418437.5,-11.13036
2799418593.75,-11.12764
2799418750.0,-11.12634
2799418906.25,-11.12226
2799419062.5,-11.11974
2799419218.75,-11.11677
2799419375.0,-11.11386
2799419531.25,-11.11053
2799419687.5,-11.10782
2799419843.75,-11.1055
2799420000.0,-11.10227
2799420156.25,-11.09956
2799420312.5,-11.09754
2799420468.75,-11.0942
2799420625.0,-11.0913
2799420781.25,-11.08925
2799420937.5,-11.08546
2799421093.75,-11.08217
2799421250.0,-11.08042
2799421406.25,-11.07753
2799421562.5,-11.0749
2799421718.75,-11.07207
2799421875.0,-11.06881
2799422031.25,-11.06705
2799422187.5,-11.06284
2799422343.75,-11.06061
2799422500.0,-11.05797
2799422656.25,-11.05564
2799422812.5,-11.05255
2799422968.75,-11.05024
2799423125.0,-11.04777
2799423281.25,-11.04393
2799423437.5,-11.04152
2799423593.75,-11.03815
2799423750.0,-11.03646
2799423906.25,-11.03236
2799424062.5,-11.03014
2799424218.75,-11.02722
2799424375.0,-11.02409
2799424531.25,-11.02152
2799424687.5,-11.01842
2799424843.75,-11.01587
2799425000.0,-11.01358
2799425156.25,-11.01091
2799425312.5,-11.00817
2799425468.75,-11.00514
2799425625.0,-11.00332
2799425781.25,-10.99965
2799425937.5,-10.99646
2799426093.75,-10.99373
2799426250.0,-10.99093
2799426406.25,-10.98815
2799426562.5,-10.98578
2799426718.75,-10.98309
2799426875.0,-10.98068
2799427031.25,-10.97736
2799427187.5,-10.97386
2799427343.75,-10.97173
2799427500.0,-10.96927
2799427656.25,-10.96589
2799427812.5,-10.96393
2799427968.75,-10.96011
2799428125.0,-10.95869
2799428281.25,-10.95539
2799428437.5,-10.95273
2799428593.75,-10.95021
2799428750.0,-10.94632
2799428906.25,-10.94374
2799429062.5,-10.9414
2799429218.75,-10.93885
2799429375.0,-10.93606
2799429531.25,-10.93226
2799429687.5,-10.9307
2799429843.75,-10.9274
2799430000.0,-10.92533
2799430156.25,-10.92232
2799430312.5,-10.91898
2799430468.75,-10.91653
2799430625.0,-10.91328
2799430781.25,-10.91066
2799430937.5,-10.90762
2799431093.75,-10.90662
2799431250.0,-10.90265
2799431406.25,-10.8994
2799431562.5,-10.89722
2799431718.75,-10.89457
2799431875.0,-10.89033
2799432031.25,-10.88873
2799432187.5,-10.88592
2799432343.75,-10.88343
2799432500.0,-10.88097
2799432656.25,-10.87757
2799432812.5,-10.87508
2799432968.75,-10.87229
2799433125.0,-10.86908
2799433281.25,-10.86526
2799433437.5,-10.86357
2799433593.75,-10.86141
2799433750.0,-10.85824
2799433906.25,-10.85551
2799434062.5,-10.85346
2799434218.75,-10.85009
2799434375.0,-10.84658
2799434531.25,-10.84478
2799434687.5,-10.8422
2799434843.75,-10.83885
2799435000.0,-10.83659
2799435156.25,-10.83395
2799435312.5,-10.83089
2799435468.75,-10.82816
2799435625.0,-10.82594
2799435781.25,-10.82228
2799435937.5,-10.81968
2799436093.75,-10.81765
2799436250.0,-10.81429
2799436406.25,-10.81192
2799436562.5,-10.80858
2799436718.75,-10.80564
2799436875.0,-10.80322
2799437031.25,-10.79991
2799437187.5,-10.79774
2799437343.75,-10.79542
2799437500.0,-10.79167
2799437656.25,-10.78939
2799437812.5,-10.78668
2799437968.75,-10.78353
2799438125.0,-10.78025
2799438281.25,-10.77929
2799438437.5,-10.7754
2799438593.75,-10.77316
2799438750.0,-10.77029
2799438906.25,-10.76751
2799439062.5,-10.76451
2799439218.75,-10.76146
2799439375.0,-10.75895
2799439531.25,-10.75625
2799439687.5,-10.75363
2799439843.75,-10.75166
2799440000.0,-10.74804
2799440156.25,-10.7457
2799440312.5,-10.74256
2799440468.75,-10.7395
2799440625.0,-10.73772
2799440781.25,-10.73511
2799440937.5,-10.73154
2799441093.75,-10.73007
2799441250.0,-10.72509
2799441406.25,-10.72345
2799441562.5,-10.72055
2799441718.75,-10.71795
2799441875.0,-10.71554
2799442031.25,-10.71238
2799442187.5,-10.71006
2799442343.75,-10.70674
2799442500.0,-10.70398
2799442656.25,-10.70089
2799442812.5,-10.69875
2799442968.75,-10.69547
2799443125.0,-10.69283
2799443281.25,-10.69045
2799443437.5,-10.68749
2799443593.75,-10.68489
2799443750.0,-10.68255
2799443906.25,-10.67906
2799444062.5,-10.67665
2799444218.75,-10.67312
2799444375.0,-10.67091
2799444531.25,-10.66827
2799444687.5,-10.66554
2799444843.75,-10.66224
2799445000.0,-10.66046
2799445156.25,-10.65765
2799445312.5,-10.65439
2799445468.75,-10.65117
2799445625.0,-10.64889
2799445781.25,-10.64517
2799445937.5,-10.64335
2799446093.75,-10.64074
2799446250.0,-10.63842
2799446406.25,-10.63507
2799446562.5,-10.63266
2799446718.75,-10.63015
2799446875.0,-10.62615
2799447031.25,-10.62532
2799447187.5,-10.62245
2799447343.75,-10.61922
2799447500.0,-10.61739
2799447656.25,-10.61383
2799447812.5,-10.61123
2799447968.75,-10.60885
2799448125.0,-10.60546
2799448281.25,-10.60176
2799448437.5,-10.60032
2799448593.75,-10.5968
2799448750.0,-10.59433
2799448906.25,-10.59152
2799449062.5,-10.58848
2799449218.75,-10.58634
2799449375.0,-10.58368
2799449531.25,-10.58185
2799449687.5,-10.57889
2799449843.75,-10.57534
2799450000.0,-10.57263
2799450156.25,-10.56983
2799450312.5,-10.5669
2799450468.75,-10.56443
2799450625.0,-10.56188
2799450781.25,-10.55974
2799450937.5,-10.55643
2799451093.75,-10.55294
2799451250.0,-10.55021
2799451406.25,-10.5471
2799451562.5,-10.54566
2799451718.75,-10.54242
2799451875.0,-10.5401
2799452031.25,-10.5376
2799452187.5,-10.53443
2799452343.75,-10.53164
2799452500.0,-10.52848
2799452656.25,-10.52617
2799452812.5,-10.52321
2799452968.75,-10.52087
2799453125.0,-10.51886
2799453281.25,-10.51614
2799453437.5,-10.51317
2799453593.75,-10.5097
2799453750.0,-10.50768
2799453906.25,-10.50456
2799454062.5,-10.50232
2799454218.75,-10.49874
2799454375.0,-10.49659
2799454531.25,-10.49441
2799454687.5,-10.4911
2799454843.75,-10.48918
2799455000.0,-10.48574
2799455156.25,-10.48317
2799455312.5,-10.48094
2799455468.75,-10.47828
2799455625.0,-10.47475
2799455781.25,-10.47225
2799455937.5,-10.4693
2799456093.75,-10.46646
2799456250.0,-10.46377
2799456406.25,-10.4608
2799456562.5,-10.45866
2799456718.75,-10.4558
2799456875.0,-10.45335
2799457031.25,-10.4501
2799457187.5,-10.44812
2799457343.75,-10.44512
2799457500.0,-10.44224
2799457656.25,-10.4397
2799457812.5,-10.43752
2799457968.75,-10.43428
2799458125.0,-10.43223
2799458281.25,-10.42964
2799458437.5,-10.42594
2799458593.75,-10.42351
2799458750.0,-10.42146
2799458906.25,-10.41823
2799459062.5,-10.41517
2799459218.75,-10.41326
2799459375.0,-10.40906
2799459531.25,-10.40745
2799459687.5,-10.40499
2799459843.75,-10.40234
2799460000.0,-10.39919
2799460156.25,-10.39674
2799460312.5,-10.39392
2799460468.75,-10.39074
2799460625.0,-10.3886
2799460781.25,-10.38513
2799460937.5,-10.38384
2799461093.75,-10.38061
2799461250.0,-10.3778
2799461406.25,-10.37547
2799461562.5,-10.37311
2799461718.75,-10.36996
2799461875.0,-10.36735
2799462031.25,-10.36476
2799462187.5,-10.36155
2799462343.75,-10.35879
2799462500.0,-10.35639
2799462656.25,-10.35334
2799462812.5,-10.35094
2799462968.75,-10.34818
2799463125.0,-10.34584
2799463281.25,-10.34281
2799463437.5,-10.34007
2799463593.75,-10.33758
2799463750.0,-10.33491
2799463906.25,-10.3318
2799464062.5,-10.33029
2799464218.75,-10.32749
2799464375.0,-10.32363
2799464531.25,-10.32163
2799464687.5,-10.31884
2799464843.75,-10.31558
2799465000.0,-10.31317
2799465156.25,-10.31091
2799465312.5,-10.30855
2799465468.75,-10.30587
2799465625.0,-10.30299
2799465781.25,-10.30066
2799465937.5,-10.29769
2799466093.75,-10.29518
2799466250.0,-10.29274
2799466406.25,-10.28966
2799466562.5,-10.28693
2799466718.75,-10.28369
2799466875.0,-10.28185
2799467031.25,-10.27877
2799467187.5,-10.27718
2799467343.75,-10.2742
2799467500.0,-10.27116
2799467656.25,-10.26858
2799467812.5,-10.26575
2799467968.75,-10.26308
2799468125.0,-10.26
2799468281.25,-10.25773
2799468437.5,-10.25539
2799468593.75,-10.25263
2799468750.0,-10.24956
2799468906.25,-10.24596
2799469062.5,-10.24432
2799469218.75,-10.24215
2799469375.0,-10.23845
2799469531.25,-10.2361
2799469687.5,-10.23368
2799469843.75,-10.23134
2799470000.0,-10.22839
2799470156.25,-10.22624
2799470312.5,-10.22328
2799470468.75,-10.22034
2799470625.0,-10.21823
2799470781.25,-10.21611
2799470937.5,-10.21291
2799471093.75,-10.20962
2799471250.0,-10.20766
2799471406.25,-10.20482
2799471562.5,-10.20267
2799471718.75,-10.20002
2799471875.0,-10.1963
2799472031.25,-10.19411
2799472187.5,-10.19207
2799472343.75,-10.18897
2799472500.0,-10.18679
2799472656.25,-10.18355
2799472812.5,-10.18162
2799472968.75,-10.17885
2799473125.0,-10.17608
2799473281.25,-10.17221
2799473437.5,-10.17025
2799473593.75,-10.16853
2799473750.0,-10.16501
2799473906.25,-10.16309
2799474062.5,-10.15993
2799474218.75,-10.15749
2799474375.0,-10.15471
2799474531.25,-10.15231
2799474687.5,-10.14882
2799474843.75,-10.1473
2799475000.0,-10.14432
2799475156.25,-10.14236
2799475312.5,-10.1396
2799475468.75,-10.13671
2799475625.0,-10.13307
2799475781.25,-10.13027
2799475937.5,-10.12793
2799476093.75,-10.1261
2799476250.0,-10.12328
2799476406.25,-10.12049
2799476562.5,-10.11773
2799476718.75,-10.11546
2799476875.0,-10.11334
2799477031.25,-10.10982
2799477187.5,-10.10754
2799477343.75,-10.10467
2799477500.0,-10.10155
2799477656.25,-10.10013
2799477812.5,-10.09677
2799477968.75,-10.09462
2799478125.0,-10.09203
2799478281.25,-10.08929
2799478437.5,-10.08666
2799478593.75,-10.08461
2799478750.0,-10.08057
2799478906.25,-10.07909
2799479062.5,-10.07659
2799479218.75,-10.07368
2799479375.0,-10.07166
2799479531.25,-10.06785
2799479687.5,-10.06557
2799479843.75,-10.06337
2799480000.0,-10.06099
2799480156.25,-10.05811
2799480312.5,-10.05463
2799480468.75,-10.05329
2799480625.0,-10.05014
2799480781.25,-10.04748
2799480937.5,-10.04559
2799481093.75,-10.04271
2799481250.0,-10.03989
2799481406.25,-10.0371
2799481562.5,-10.03517
2799481718.75,-10.03257
2799481875.0,-10.02924
2799482031.25,-10.0276
2799482187.5,-10.02503
2799482343.75,-10.02075
2799482500.0,-10.01903
2799482656.25,-10.01648
2799482812.5,-10.01468
2799482968.75,-10.01224
2799483125.0,-10.00927
2799483281.25,-10.00716
2799483437.5,-10.00358
2799483593.75,-10.00179
2799483750.0,-9.998403
2799483906.25,-9.996191
2799484062.5,-9.993675
2799484218.75,-9.991102
2799484375.0,-9.988372
2799484531.25,-9.985622
2799484687.5,-9.983917
2799484843.75,-9.980723
2799485000.0,-9.977471
2799485156.25,-9.974694
2799485312.5,-9.974212
2799485468.75,-9.970427
2799485625.0,-9.968354
2799485781.25,-9.965856
2799485937.5,-9.963326
2799486093.75,-9.960056
2799486250.0,-9.958064
2799486406.25,-9.955339
2799486562.5,-9.952836
2799486718.75,-9.950527
2799486875.0,-9.947788
2799487031.25,-9.945162
2799487187.5,-9.942455
2799487343.75,-9.940146
2799487500.0,-9.936314
2799487656.25,-9.934944
2799487812.5,-9.932016
2799487968.75,-9.929525
2799488125.0,-9.927337
2799488281.25,-9.925167
2799488437.5,-9.922714
2799488593.75,-9.919313
2799488750.0,-9.916273
2799488906.25,-9.914426
2799489062.5,-9.912193
2799489218.75,-9.909517
2799489375.0,-9.906925
2799489531.25,-9.904355
2799489687.5,-9.901553
2799489843.75,-9.899109
2799490000.0,-9.897643
2799490156.25,-9.895056
2799490312.5,-9.891722
2799490468.75,-9.889533
2799490625.0,-9.887216
2799490781.25,-9.884211
2799490937.5,-9.88159
2799491093.75,-9.879815
2799491250.0,-9.876524
2799491406.25,-9.874768
2799491562.5,-9.872544
2799491718.75,-9.8693
2799491875.0,-9.865974
2799492031.25,-9.863847
2799492187.5,-9.861923
2799492343.75,-9.858338
2799492500.0,-9.85726
2799492656.25,-9.854669
2799492812.5,-9.852011
2799492968.75,-9.849357
2799493125.0,-9.846478
2799493281.25,-9.844318
2799493437.5,-9.841496
2799493593.75,-9.838859
2799493750.0,-9.836182
2799493906.25,-9.833372
2799494062.5,-9.831689
2799494218.75,-9.828966
2799494375.0,-9.826349
2799494531.25,-9.823934
2799494687.5,-9.820794
2799494843.75,-9.819978
2799495000.0,-9.815987
2799495156.25,-9.814516
2799495312.5,-9.811761
2799495468.75,-9.809259
2799495625.0,-9.806179
2799495781.25,-9.804415
2799495937.5,-9.801291
2799496093.75,-9.798474
2799496250.0,-9.796392
2799496406.25,-9.793548
2799496562.5,-9.791385
2799496718.75,-9.789702
2799496875.0,-9.786941
2799497031.25,-9.783956
2799497187.5,-9.781259
2799497343.75,-9.779361
2799497500.0,-9.777231
2799497656.25,-9.774319
2799497812.5,-9.771392
2799497968.75,-9.769476
2799498125.0,-9.766628
2799498281.25,-9.763985
2799498437.5,-9.762305
2799498593.75,-9.759985
2799498750.0,-9.756304
2799498906.25,-9.754389
2799499062.5,-9.751426
2799499218.75,-9.749043
2799499375.0,-9.747624
2799499531.25,-9.744685
2799499687.5,-9.742682
2799499843.75,-9.740425
2799500000.0,-9.737251
2799500156.25,-9.734439
2799500312.5,-9.732325
2799500468.75,-9.730616
2799500625.0,-9.727674
2799500781.25,-9.725275
2799500937.5,-9.723041
2799501093.75,-9.719913
2799501250.0,-9.717559
2799501406.25,-9.715767
2799501562.5,-9.713557
2799501718.75,-9.711056
2799501875.0,-9.707918
2799502031.25,-9.70521
2799502187.5,-9.702773
2799502343.75,-9.700297
2799502500.0,-9.698672
2799502656.25,-9.696095
2799502812.5,-9.693938
2799502968.75,-9.690268
2799503125.0,-9.689256
2799503281.25,-9.686063
2799503437.5,-9.683784
2799503593.75,-9.680994
2799503750.0,-9.679797
2799503906.25,-9.677301
2799504062.5,-9.673867
2799504218.75,-9.671
2799504375.0,-9.669198
2799504531.25,-9.666446
2799504687.5,-9.6639
2799504843.75,-9.662133
2799505000.0,-9.659844
2799505156.25,-9.657008
2799505312.5,-9.654765
2799505468.75,-9.652835
2799505625.0,-9.649965
2799505781.25,-9.647374
2799505937.5,-9.645785
2799506093.75,-9.644238
2799506250.0,-9.640203
2799506406.25,-9.638142
2799506562.5,-9.635592
2799506718.75,-9.632758
2799506875.0,-9.630243
2799507031.25,-9.628462
2799507187.5,-9.625899
2799507343.75,-9.624207
2799507500.0,-9.620594
2799507656.25,-9.618426
2799507812.5,-9.616373
2799507968.75,-9.61394
2799508125.0,-9.611638
2799508281.25,-9.609065
2799508437.5,-9.606518
2799508593.75,-9.603929
2799508750.0,-9.602058
2799508906.25,-9.599584
2799509062.5,-9.597453
2799509218.75,-9.594636
2799509375.0,-9.592468
2799509531.25,-9.591004
2799509687.5,-9.586872
2799509843.75,-9.585538
2799510000.0,-9.58355
2799510156.25,-9.580875
2799510312.5,-9.577572
2799510468.75,-9.575524
2799510625.0,-9.573866
2799510781.25,-9.570728
2799510937.5,-9.568112
2799511093.75,-9.567099
2799511250.0,-9.563879
2799511406.25,-9.56207
2799511562.5,-9.559424
2799511718.75,-9.557108
2799511875.0,-9.553881
2799512031.25,-9.552036
2799512187.5,-9.549676
2799512343.75,-9.547195
2799512500.0,-9.545487
2799512656.25,-9.543472
2799512812.5,-9.541183
2799512968.75,-9.538111
2799513125.0,-9.536518
2799513281.25,-9.533588
2799513437.5,-9.531405
2799513593.75,-9.527821
2799513750.0,-9.527187
2799513906.25,-9.525062
2799514062.5,-9.522055
2799514218.75,-9.5199
2799514375.0,-9.517838
2799514531.25,-9.515479
2799514687.5,-9.512687
2799514843.75,-9.511264
2799515000.0,-9.507729
2799515156.25,-9.506579
2799515312.5,-9.503314
2799515468.75,-9.501492
2799515625.0,-9.498821
2799515781.25,-9.496214
2799515937.5,-9.493801
2799516093.75,-9.492152
2799516250.0,-9.489491
2799516406.25,-9.487246
2799516562.5,-9.484333
2799516718.75,-9.482861
2799516875.0,-9.480033
2799517031.25,-9.47854
2799517187.5,-9.47597
2799517343.75,-9.473095
2799517500.0,-9.471685
2799517656.25,-9.468871
2799517812.5,-9.466353
2799517968.75,-9.465466
2799518125.0,-9.462131
2799518281.25,-9.459805
2799518437.5,-9.457556
2799518593.75,-9.454871
2799518750.0,-9.452607
2799518906.25,-9.450669
2799519062.5,-9.447987
2799519218.75,-9.445657
2799519375.0,-9.443542
2799519531.25,-9.441677
2799519687.5,-9.439158
2799519843.75,-9.437461
2799520000.0,-9.435049
2799520156.25,-9.43188
2799520312.5,-9.43003
2799520468.75,-9.428164
2799520625.0,-9.425658
2799520781.25,-9.423157
2799520937.5,-9.421158
2799521093.75,-9.418103
2799521250.0,-9.416344
2799521406.25,-9.414607
2799521562.5,-9.412485
2799521718.75,-9.41005
2799521875.0,-9.407067
2799522031.25,-9.404916
2799522187.5,-9.402605
2799522343.75,-9.401674
2799522500.0,-9.398098
2799522656.25,-9.39553
2799522812.5,-9.394725
2799522968.75,-9.392568
2799523125.0,-9.389707
2799523281.25,-9.387161
2799523437.5,-9.38528
2799523593.75,-9.382712
2799523750.0,-9.380589
2799523906.25,-9.378745
2799524062.5,-9.37634
2799524218.75,-9.374804
2799524375.0,-9.372073
2799524531.25,-9.369045
2799524687.5,-9.367117
2799524843.75,-9.365379
2799525000.0,-9.362171
2799525156.25,-9.361656
2799525312.5,-9.35847
2799525468.75,-9.356098
2799525625.0,-9.354234
2799525781.25,-9.352076
2799525937.5,-9.350393
2799526093.75,-9.347439
2799526250.0,-9.345491
2799526406.25,-9.343461
2799526562.5,-9.340529
2799526718.75,-9.338799
2799526875.0,-9.337459
2799527031.25,-9.334114
2799527187.5,-9.332108
2799527343.75,-9.330778
2799527500.0,-9.327741
2799527656.25,-9.326106
2799527812.5,-9.323534
2799527968.75,-9.321678
2799528125.0,-9.318795
2799528281.25,-9.316365
2799528437.5,-9.314993
2799528593.75,-9.312816
2799528750.0,-9.310791
2799528906.25,-9.308453
2799529062.5,-9.30514
2799529218.75,-9.303823
2799529375.0,-9.30237
2799529531.25,-9.299397
2799529687.5,-9.297192
2799529843.75,-9.296128
2799530000.0,-9.293274
2799530156.25,-9.29098
2799530312.5,-9.288176
2799530468.75,-9.286148
2799530625.0,-9.284683
2799530781.25,-9.281738
2799530937.5,-9.280505
2799531093.75,-9.277725
2799531250.0,-9.275816
2799531406.25,-9.273513
2799531562.5,-9.272079
2799531718.75,-9.269834
2799531875.0,-9.267406
2799532031.25,-9.265841
2799532187.5,-9.262944
2799532343.75,-9.260447
2799532500.0,-9.258673
2799532656.25,-9.257006
2799532812.5,-9.254507
2799532968.75,-9.252883
2799533125.0,-9.2505
2799533281.25,-9.248588
2799533437.5,-9.24602
2799533593.75,-9.245155
2799533750.0,-9.241645
2799533906.25,-9.23936
2799534062.5,-9.238116
2799534218.75,-9.235367
2799534375.0,-9.23248
2799534531.25,-9.231964
2799534687.5,-9.229429
2799534843.75,-9.228125
2799535000.0,-9.225278
2799535156.25,-9.222635
2799535312.5,-9.221228
2799535468.75,-9.219174
2799535625.0,-9.217286
2799535781.25,-9.215062
2799535937.5,-9.212416
2799536093.75,-9.210511
2799536250.0,-9.207545
2799536406.25,-9.205847
2799536562.5,-9.204088
2799536718.75,-9.202143
2799536875.0,-9.200939
2799537031.25,-9.198199
2799537187.5,-9.196513
2799537343.75,-9.193892
2799537500.0,-9.191662
2799537656.25,-9.189402
2799537812.5,-9.187564
2799537968.75,-9.186141
2799538125.0,-9.184323
2799538281.25,-9.181643
2799538437.5,-9.179715
2799538593.75,-9.178432
2799538750.0,-9.17551
2799538906.25,-9.172881
2799539062.5,-9.171364
2799539218.75,-9.170199
2799539375.0,-9.167413
2799539531.25,-9.164757
2799539687.5,-9.162475
2799539843.75,-9.161272
2799540000.0,-9.159086
2799540156.25,-9.157427
2799540312.5,-9.154886
2799540468.75,-9.153927
2799540625.0,-9.151367
2799540781.25,-9.149635
2799540937.5,-9.147305
2799541093.75,-9.145679
2799541250.0,-9.142382
2799541406.25,-9.1413
2799541562.5,-9.139633
2799541718.75,-9.137438
2799541875.0,-9.134543
2799542031.25,-9.132566
2799542187.5,-9.131021
2799542343.75,-9.128996
2799542500.0,-9.126717
2799542656.25,-9.125188
2799542812.5,-9.122951
2799542968.75,-9.12095
2799543125.0,-9.119431
2799543281.25,-9.117107
2799543437.5,-9.114339
2799543593.75,-9.112702
2799543750.0,-9.111835
2799543906.25,-9.109273
2799544062.5,-9.107259
2799544218.75,-9.105774
2799544375.0,-9.103218
2799544531.25,-9.101496
2799544687.5,-9.100194
2799544843.75,-9.097012
2799545000.0,-9.09522
2799545156.25,-9.09384
2799545312.5,-9.09112
2799545468.75,-9.090326
2799545625.0,-9.087003
2799545781.25,-9.08532
2799545937.5,-9.083162
2799546093.75,-9.081521
2799546250.0,-9.079185
2799546406.25,-9.078958
2799546562.5,-9.075541
2799546718.75,-9.073752
2799546875.0,-9.072126
2799547031.25,-9.07016
2799547187.5,-9.068604
2799547343.75,-9.065688
2799547500.0,-9.064405
2799547656.25,-9.061938
2799547812.5,-9.060469
2799547968.75,-9.058433
2799548125.0,-9.056518
2799548281.25,-9.054206
2799548437.5,-9.053073
2799548593.75,-9.050685
2799548750.0,-9.048937
2799548906.25,-9.047591
2799549062.5,-9.045514
2799549218.75,-9.043056
2799549375.0,-9.041739
2799549531.25,-9.03946
2799549687.5,-9.037569
2799549843.75,-9.035685
2799550000.0,-9.034119
2799550156.25,-9.031307
2799550312.5,-9.030521
2799550468.75,-9.027373
2799550625.0,-9.02607
2799550781.25,-9.024096
2799550937.5,-9.02251
2799551093.75,-9.020618
2799551250.0,-9.01884
2799551406.25,-9.017636
2799551562.5,-9.015048
2799551718.75,-9.012933
2799551875.0,-9.011122
2799552031.25,-9.008736
2799552187.5,-9.007182
2799552343.75,-9.006018
2799552500.0,-9.003653
2799552656.25,-9.000841
2799552812.5,-8.999493
2799552968.75,-8.997406
2799553125.0,-8.997086
2799553281.25,-8.99474
2799553437.5,-8.992779
2799553593.75,-8.991444
2799553750.0,-8.989616
2799553906.25,-8.986392
2799554062.5,-8.984789
2799554218.75,-8.983284
2799554375.0,-8.982278
2799554531.25,-8.979998
2799554687.5,-8.978374
2799554843.75,-8.976877
2799555000.0,-8.973939
2799555156.25,-8.973149
2799555312.5,-8.971156
2799555468.75,-8.969443
2799555625.0,-8.967155
2799555781.25,-8.964904
2799555937.5,-8.963637
2799556093.75,-8.96184
2799556250.0,-8.959514
2799556406.25,-8.958139
2799556562.5,-8.956512
2799556718.75,-8.954962
2799556875.0,-8.953321
2799557031.25,-8.950925
2799557187.5,-8.949726
2799557343.75,-8.947459
2799557500.0,-8.944932
2799557656.25,-8.94457
2799557812.5,-8.942556
2799557968.75,-8.94084
2799558125.0,-8.938733
2799558281.25,-8.936659
2799558437.5,-8.93488
2799558593.75,-8.93292
2799558750.0,-8.931594
2799558906.25,-8.929403
2799559062.5,-8.927637
2799559218.75,-8.927084
2799559375.0,-8.924849
2799559531.25,-8.922709
2799559687.5,-8.921405
2799559843.75,-8.919468
2799560000.0,-8.91759
2799560156.25,-8.915424
2799560312.5,-8.914455
2799560468.75,-8.912659
2799560625.0,-8.910983
2799560781.25,-8.907894
2799560937.5,-8.907552
2799561093.75,-8.904768
2799561250.0,-8.903313
2799561406.25,-8.901469
2799561562.5,-8.900192
2799561718.75,-8.898389
2799561875.0,-8.897285
2799562031.25,-8.894861
2799562187.5,-8.893311
2799562343.75,-8.892348
2799562500.0,-8.890295
2799562656.25,-8.888433
2799562812.5,-8.886951
2799562968.75,-8.884769
2799563125.0,-8.883038
2799563281.25,-8.880581
2799563437.5,-8.879884
2799563593.75,-8.878795
2799563750.0,-8.877288
2799563906.25,-8.875413
2799564062.5,-8.874577
2799564218.75,-8.870621
2799564375.0,-8.870059
2799564531.25,-8.868428
2799564687.5,-8.866769
2799564843.75,-8.865798
2799565000.0,-8.863553
2799565156.25,-8.862525
2799565312.5,-8.860773
2799565468.75,-8.858709
2799565625.0,-8.856401
2799565781.25,-8.855226
2799565937.5,-8.853239
2799566093.75,-8.851378
2799566250.0,-8.84995
2799566406.25,-8.848455
2799566562.5,-8.847342
2799566718.75,-8.845049
2799566875.0,-8.843187
2799567031.25,-8.842407
2799567187.5,-8.840499
2799567343.75,-8.838798
2799567500.0,-8.837544
2799567656.25,-8.836061
2799567812.5,-8.833636
2799567968.75,-8.831811
2799568125.0,-8.830505
2799568281.25,-8.829383
2799568437.5,-8.826369
2799568593.75,-8.825996
2799568750.0,-8.824062
2799568906.25,-8.823219
2799569062.5,-8.820193
2799569218.75,-8.819008
2799569375.0,-8.818314
2799569531.25,-8.816312
2799569687.5,-8.814525
2799569843.75,-8.811994
2799570000.0,-8.811639
2799570156.25,-8.810074
2799570312.5,-8.808537
2799570468.75,-8.807768
2799570625.0,-8.805807
2799570781.25,-8.803773
2799570937.5,-8.802061
2799571093.75,-8.800385
2799571250.0,-8.799355
2799571406.25,-8.797568
2799571562.5,-8.796453
2799571718.75,-8.794757
2799571875.0,-8.793547
2799572031.25,-8.791677
2799572187.5,-8.790302
2799572343.75,-8.788797
2799572500.0,-8.786767
2799572656.25,-8.785548
2799572812.5,-8.78436
2799572968.75,-8.782708
2799573125.0,-8.78093
2799573281.25,-8.778746
2799573437.5,-8.778431
2799573593.75,-8.77565
2799573750.0,-8.775082
2799573906.25,-8.773437
2799574062.5,-8.771703
2799574218.75,-8.770115
2799574375.0,-8.769064
2799574531.25,-8.767572
2799574687.5,-8.765395
2799574843.75,-8.764438
2799575000.0,-8.763338
2799575156.25,-8.761739
2799575312.5,-8.759782
2799575468.75,-8.758809
2799575625.0,-8.756638
2799575781.25,-8.755884
2799575937.5,-8.753653
2799576093.75,-8.752868
2799576250.0,-8.751261
2799576406.25,-8.749674
2799576562.5,-8.747578
2799576718.75,-8.746531
2799576875.0,-8.745363
2799577031.25,-8.7439
2799577187.5,-8.74229
2799577343.75,-8.740842
2799577500.0,-8.739282
2799577656.25,-8.738036
2799577812.5,-8.736629
2799577968.75,-8.735389
2799578125.0,-8.733038
2799578281.25,-8.733055
2799578437.5,-8.730516
2799578593.75,-8.729522
2799578750.0,-8.728181
2799578906.25,-8.726977
2799579062.5,-8.724768
2799579218.75,-8.724479
2799579375.0,-8.722305
2799579531.25,-8.72165
2799579687.5,-8.719867
2799579843.75,-8.718287
2799580000.0,-8.717621
2799580156.25,-8.714876
2799580312.5,-8.713713
2799580468.75,-8.712186
2799580625.0,-8.711323
2799580781.25,-8.710416
2799580937.5,-8.708651
2799581093.75,-8.707388
2799581250.0,-8.705808
2799581406.25,-8.705441
2799581562.5,-8.70309
2799581718.75,-8.702288
2799581875.0,-8.701386
2799582031.25,-8.700006
2799582187.5,-8.697884
2799582343.75,-8.696921
2799582500.0,-8.694951
2799582656.25,-8.694049
2799582812.5,-8.692292
2799582968.75,-8.691047
2799583125.0,-8.689272
2799583281.25,-8.688781
2799583437.5,-8.686589
2799583593.75,-8.685694
2799583750.0,-8.685012
2799583906.25,-8.683433
2799584062.5,-8.68183
2799584218.75,-8.680553
2799584375.0,-8.678938
2799584531.25,-8.677926
2799584687.5,-8.676643
2799584843.75,-8.675032
2799585000.0,-8.673926
2799585156.25,-8.672614
2799585312.5,-8.671533
2799585468.75,-8.669497
2799585625.0,-8.669226
2799585781.25,-8.667223
2799585937.5,-8.665875
2799586093.75,-8.665257
2799586250.0,-8.66399
2799586406.25,-8.66265
2799586562.5,-8.660903
2799586718.75,-8.659686
2799586875.0,-8.65836
2799587031.25,-8.656605
2799587187.5,-8.656457
2799587343.75,-8.655618
2799587500.0,-8.653476
2799587656.25,-8.652083
2799587812.5,-8.651423
2799587968.75,-8.64953
2799588125.0,-8.649021
2799588281.25,-8.647099
2799588437.5,-8.645482
2799588593.75,-8.644749
2799588750.0,-8.64349
2799588906.25,-8.641892
2799589062.5,-8.640842
2799589218.75,-8.639829
2799589375.0,-8.639288
2799589531.25,-8.637307
2799589687.5,-8.636758
2799589843.75,-8.635931
2799590000.0,-8.63371
2799590156.25,-8.633249
2799590312.5,-8.631098
2799590468.75,-8.630035
2799590625.0,-8.629061
2799590781.25,-8.627604
2799590937.5,-8.626688
2799591093.75,-8.625578
2799591250.0,-8.623664
2799591406.25,-8.623443
2799591562.5,-8.621475
2799591718.75,-8.620787
2799591875.0,-8.619521
2799592031.25,-8.618662
2799592187.5,-8.61752
2799592343.75,-8.616199
2799592500.0,-8.61469
2799592656.25,-8.61441
2799592812.5,-8.613044
2799592968.75,-8.611294
2799593125.0,-8.610922
2799593281.25,-8.609676
2799593437.5,-8.608506
2799593593.75,-8.607588
2799593750.0,-8.606177
2799593906.25,-8.605353
2799594062.5,-8.604197
2799594218.75,-8.602777
2799594375.0,-8.601679
2799594531.25,-8.600591
2799594687.5,-8.598753
2799594843.75,-8.597938
2799595000.0,-8.597103
2799595156.25,-8.595132
2799595312.5,-8.594787
2799595468.75,-8.593894
2799595625.0,-8.592684
2799595781.25,-8.591179
2799595937.5,-8.590018
2799596093.75,-8.588912
2799596250.0,-8.588102
2799596406.25,-8.58787
2799596562.5,-8.586349
2799596718.75,-8.585092
2799596875.0,-8.583549
2799597031.25,-8.583767
2799597187.5,-8.582391
2799597343.75,-8.581161
2799597500.0,-8.579436
2799597656.25,-8.579194
2799597812.5,-8.577831
2799597968.75,-8.57627
2799598125.0,-8.574704
2799598281.25,-8.575124
2799598437.5,-8.574161
2799598593.75,-8.572283
2799598750.0,-8.571391
2799598906.25,-8.570214
2799599062.5,-8.570004
2799599218.75,-8.568661
2799599375.0,-8.567844
2799599531.25,-8.565941
2799599687.5,-8.565573
2799599843.75,-8.565107
2799600000.0,-8.563894
2799600156.25,-8.562704
2799600312.5,-8.56192
2799600468.75,-8.560514
2799600625.0,-8.560007
2799600781.25,-8.557504
2799600937.5,-8.557822
2799601093.75,-8.557392
2799601250.0,-8.555625
2799601406.25,-8.555077
2799601562.5,-8.553717
2799601718.75,-8.552754
2799601875.0,-8.551756
2799602031.25,-8.550737
2799602187.5,-8.549858
2799602343.75,-8.548846
2799602500.0,-8.548191
2799602656.25,-8.547306
2799602812.5,-8.546314
2799602968.75,-8.545048
2799603125.0,-8.54331
2799603281.25,-8.543418
2799603437.5,-8.542875
2799603593.75,-8.540403
2799603750.0,-8.540969
2799603906.25,-8.539901
2799604062.5,-8.538805
2799604218.75,-8.53828
2799604375.0,-8.536488
2799604531.25,-8.536234
2799604687.5,-8.534587
2799604843.75,-8.533823
2799605000.0,-8.53288
2799605156.25,-8.532605
2799605312.5,-8.531281
2799605468.75,-8.5304
2799605625.0,-8.529811
2799605781.25,-8.528993
2799605937.5,-8.528193
2799606093.75,-8.526741
2799606250.0,-8.526087
2799606406.25,-8.525459
2799606562.5,-8.524135
2799606718.75,-8.523692
2799606875.0,-8.523293
2799607031.25,-8.522981
2799607187.5,-8.520955
2799607343.75,-8.520198
2799607500.0,-8.519892
2799607656.25,-8.518913
2799607812.5,-8.517912
2799607968.75,-8.517473
2799608125.0,-8.516315
2799608281.25,-8.515802
2799608437.5,-8.514689
2799608593.75,-8.513886
2799608750.0,-8.512266
2799608906.25,-8.512558
2799609062.5,-8.511988
2799609218.75,-8.511271
2799609375.0,-8.50935
2799609531.25,-8.509386
2799609687.5,-8.508621
2799609843.75,-8.506515
2799610000.0,-8.506285
2799610156.25,-8.505799
2799610312.5,-8.505439
2799610468.75,-8.504986
2799610625.0,-8.503307
2799610781.25,-8.502865
2799610937.5,-8.501593
2799611093.75,-8.501064
2799611250.0,-8.500864
2799611406.25,-8.499921
2799611562.5,-8.498846
2799611718.75,-8.498268
2799611875.0,-8.497712
2799612031.25,-8.498014
2799612187.5,-8.495834
2799612343.75,-8.495276
2799612500.0,-8.494415
2799612656.25,-8.493527
2799612812.5,-8.49297
2799612968.75,-8.492612
2799613125.0,-8.491226
2799613281.25,-8.490447
2799613437.5,-8.490202
2799613593.75,-8.489757
2799613750.0,-8.488828
2799613906.25,-8.487702
2799614062.5,-8.487056
2799614218.75,-8.486627
2799614375.0,-8.486026
2799614531.25,-8.485257
2799614687.5,-8.484256
2799614843.75,-8.483755
2799615000.0,-8.48361
2799615156.25,-8.48255
2799615312.5,-8.482066
2799615468.75,-8.480744
2799615625.0,-8.479907
2799615781.25,-8.480407
2799615937.5,-8.479275
2799616093.75,-8.47754
2799616250.0,-8.477731
2799616406.25,-8.476431
2799616562.5,-8.476944
2799616718.75,-8.475727
2799616875.0,-8.475355
2799617031.25,-8.47476
2799617187.5,-8.474098
2799617343.75,-8.474081
2799617500.0,-8.472201
2799617656.25,-8.471715
2799617812.5,-8.471102
2799617968.75,-8.47121
2799618125.0,-8.470138
2799618281.25,-8.468874
2799618437.5,-8.469235
2799618593.75,-8.468431
2799618750.0,-8.467554
2799618906.25,-8.467406
2799619062.5,-8.466999
2799619218.75,-8.466731
2799619375.0,-8.465505
2799619531.25,-8.46486
2799619687.5,-8.464451
2799619843.75,-8.464041
2799620000.0,-8.463827
2799620156.25,-8.463122
2799620312.5,-8.462039
2799620468.75,-8.461539
2799620625.0,-8.461136
2799620781.25,-8.460031
2799620937.5,-8.459658
2799621093.75,-8.458858
2799621250.0,-8.458633
2799621406.25,-8.458529
2799621562.5,-8.457591
2799621718.75,-8.456805
2799621875.0,-8.456133
2799622031.25,-8.455782
2799622187.5,-8.455705
2799622343.75,-8.454439
2799622500.0,-8.454389
2799622656.25,-8.454159
2799622812.5,-8.453479
2799622968.75,-8.452851
2799623125.0,-8.451571
2799623281.25,-8.451913
2799623437.5,-8.451481
2799623593.75,-8.450528
2799623750.0,-8.450218
2799623906.25,-8.449529
2799624062.5,-8.449602
2799624218.75,-8.449358
2799624375.0,-8.448287
2799624531.25,-8.447857
2799624687.5,-8.447346
2799624843.75,-8.447222
2799625000.0,-8.445889
2799625156.25,-8.446328
2799625312.5,-8.445968
2799625468.75,-8.445478
2799625625.0,-8.444916
2799625781.25,-8.4446
2799625937.5,-8.444056
2799626093.75,-8.443712
2799626250.0,-8.442654
2799626406.25,-8.442551
2799626562.5,-8.442791
2799626718.75,-8.441289
2799626875.0,-8.441281
2799627031.25,-8.441533
2799627187.5,-8.440773
2799627343.75,-8.439855
2799627500.0,-8.440323
2799627656.25,-8.439194
2799627812.5,-8.438788
2799627968.75,-8.438592
2799628125.0,-8.43784
2799628281.25,-8.437401
2799628437.5,-8.437937
2799628593.75,-8.436744
2799628750.0,-8.436431
2799628906.25,-8.436537
2799629062.5,-8.435429
2799629218.75,-8.435379
2799629375.0,-8.435163
2799629531.25,-8.43575
2799629687.5,-8.434539
2799629843.75,-8.43432
2799630000.0,-8.433667
2799630156.25,-8.433575
2799630312.5,-8.432528
2799630468.75,-8.432983
2799630625.0,-8.432718
2799630781.25,-8.431751
2799630937.5,-8.431561
2799631093.75,-8.431782
2799631250.0,-8.430737
2799631406.25,-8.429924
2799631562.5,-8.430517
2799631718.75,-8.430146
2799631875.0,-8.429898
2799632031.25,-8.429158
2799632187.5,-8.428955
2799632343.75,-8.429292
2799632500.0,-8.428541
2799632656.25,-8.428853
2799632812.5,-8.427865
2799632968.75,-8.427881
2799633125.0,-8.428029
2799633281.25,-8.427213
2799633437.5,-8.427238
2799633593.75,-8.426773
2799633750.0,-8.426185
2799633906.25,-8.426462
2799634062.5,-8.426236
2799634218.75,-8.425639
2799634375.0,-8.425694
2799634531.25,-8.425639
2799634687.5,-8.424867
2799634843.75,-8.42529
2799635000.0,-8.424729
2799635156.25,-8.423621
2799635312.5,-8.424518
2799635468.75,-8.423569
2799635625.0,-8.42331
2799635781.25,-8.423629
2799635937.5,-8.423692
2799636093.75,-8.423183
2799636250.0,-8.423097
2799636406.25,-8.423023
2799636562.5,-8.422609
2799636718.75,-8.422538
2799636875.0,-8.422091
2799637031.25,-8.421823
2799637187.5,-8.422388
2799637343.75,-8.421629
2799637500.0,-8.421938
2799637656.25,-8.422118
2799637812.5,-8.421393
2799637968.75,-8.420924
2799638125.0,-8.420743
2799638281.25,-8.420355
2799638437.5,-8.42028
2799638593.75,-8.420033
2799638750.0,-8.420047
2799638906.25,-8.420868
2799639062.5,-8.419915
2799639218.75,-8.42023
2799639375.0,-8.419572
2799639531.25,-8.419014
2799639687.5,-8.419676
2799639843.75,-8.419076
2799640000.0,-8.418633
2799640156.25,-8.41977
2799640312.5,-8.419583
2799640468.75,-8.418794
2799640625.0,-8.418324
2799640781.25,-8.418468
2799640937.5,-8.419065
2799641093.75,-8.419014
2799641250.0,-8.418447
2799641406.25,-8.418962
2799641562.5,-8.418394
2799641718.75,-8.417986
2799641875.0,-8.418407
2799642031.25,-8.418058
2799642187.5,-8.417494
2799642343.75,-8.418167
2799642500.0,-8.417971
2799642656.25,-8.417953
2799642812.5,-8.418343
2799642968.75,-8.418672
2799643125.0,-8.418365
2799643281.25,-8.418537
2799643437.5,-8.417596
2799643593.75,-8.418186
2799643750.0,-8.417773
2799643906.25,-8.417402
2799644062.5,-8.41666
2799644218.75,-8.418116
2799644375.0,-8.418016
2799644531.25,-8.417903
2799644687.5,-8.417568
2799644843.75,-8.41709
2799645000.0,-8.417099
2799645156.25,-8.416529
2799645312.5,-8.417794
2799645468.75,-8.416701
2799645625.0,-8.417698
2799645781.25,-8.417991
2799645937.5,-8.418251
2799646093.75,-8.417529
2799646250.0,-8.417454
2799646406.25,-8.417082
2799646562.5,-8.418031
2799646718.75,-8.417411
2799646875.0,-8.417207
2799647031.25,-8.416938
2799647187.5,-8.417609
2799647343.75,-8.417787
2799647500.0,-8.418276
2799647656.25,-8.417286
2799647812.5,-8.418436
2799647968.75,-8.417757
2799648125.0,-8.418082
2799648281.25,-8.418461
2799648437.5,-8.418579
2799648593.75,-8.418652
2799648750.0,-8.418278
2799648906.25,-8.418806
2799649062.5,-8.41855
2799649218.75,-8.419798
2799649375.0,-8.419323
2799649531.25,-8.419304
2799649687.5,-8.419046
2799649843.75,-8.419197
2799650000.0,-8.419665
2799650156.25,-8.419449
2799650312.5,-8.419661
2799650468.75,-8.419974
2799650625.0,-8.418954
2799650781.25,-8.419596
2799650937.5,-8.419441
2799651093.75,-8.419761
2799651250.0,-8.420053
2799651406.25,-8.420651
2799651562.5,-8.421135
2799651718.75,-8.420152
2799651875.0,-8.420449
2799652031.25,-8.420162
2799652187.5,-8.420956
2799652343.75,-8.420242
2799652500.0,-8.420815
2799652656.25,-8.421303
2799652812.5,-8.421551
2799652968.75,-8.42258
2799653125.0,-8.423021
2799653281.25,-8.421574
2799653437.5,-8.422656
2799653593.75,-8.422177
2799653750.0,-8.422302
2799653906.25,-8.423509
2799654062.5,-8.423189
2799654218.75,-8.423722
2799654375.0,-8.423476
2799654531.25,-8.424192
2799654687.5,-8.424263
2799654843.75,-8.424653
2799655000.0,-8.425039
2799655156.25,-8.425038
2799655312.5,-8.425423
2799655468.75,-8.425373
2799655625.0,-8.425387
2799655781.25,-8.426111
2799655937.5,-8.42602
2799656093.75,-8.42628
2799656250.0,-8.425649
2799656406.25,-8.426036
2799656562.5,-8.42746
2799656718.75,-8.427269
2799656875.0,-8.42757
2799657031.25,-8.427631
2799657187.5,-8.427621
2799657343.75,-8.429193
2799657500.0,-8.42852
2799657656.25,-8.428674
2799657812.5,-8.429185
2799657968.75,-8.428878
2799658125.0,-8.4305
2799658281.25,-8.430282
2799658437.5,-8.429889
2799658593.75,-8.430939
2799658750.0,-8.430934
2799658906.25,-8.431627
2799659062.5,-8.430157
2799659218.75,-8.431362
2799659375.0,-8.432214
2799659531.25,-8.432222
2799659687.5,-8.432658
2799659843.75,-8.432506
2799660000.0,-8.433873
2799660156.25,-8.434159
2799660312.5,-8.434074
2799660468.75,-8.434692
2799660625.0,-8.435013
2799660781.25,-8.435918
2799660937.5,-8.435479
2799661093.75,-8.436725
2799661250.0,-8.435746
2799661406.25,-8.436051
2799661562.5,-8.436792
2799661718.75,-8.437174
2799661875.0,-8.437915
2799662031.25,-8.43873
2799662187.5,-8.438742
2799662343.75,-8.439727
2799662500.0,-8.439225
2799662656.25,-8.440437
2799662812.5,-8.440002
2799662968.75,-8.440207
2799663125.0,-8.440706
2799663281.25,-8.441924
2799663437.5,-8.44194
2799663593.75,-8.442853
2799663750.0,-8.443235
2799663906.25,-8.443585
2799664062.5,-8.444179
2799664218.75,-8.444151
2799664375.0,-8.444202
2799664531.25,-8.444736
2799664687.5,-8.445642
2799664843.75,-8.445587
2799665000.0,-8.446688
2799665156.25,-8.446813
2799665312.5,-8.44726
2799665468.75,-8.447345
2799665625.0,-8.448506
2799665781.25,-8.448865
2799665937.5,-8.448451
2799666093.75,-8.449545
2799666250.0,-8.450107
2799666406.25,-8.45103
2799666562.5,-8.451614
2799666718.75,-8.451396
2799666875.0,-8.452385
2799667031.25,-8.452866
2799667187.5,-8.452843
2799667343.75,-8.453753
2799667500.0,-8.454111
2799667656.25,-8.454225
2799667812.5,-8.454759
2799667968.75,-8.455782
2799668125.0,-8.455638
2799668281.25,-8.456633
2799668437.5,-8.457654
2799668593.75,-8.457553
2799668750.0,-8.45879
2799668906.25,-8.458524
2799669062.5,-8.459331
2799669218.75,-8.460059
2799669375.0,-8.459911
2799669531.25,-8.460979
2799669687.5,-8.461741
2799669843.75,-8.462077
2799670000.0,-8.462737
2799670156.25,-8.462843
2799670312.5,-8.464378
2799670468.75,-8.464379
2799670625.0,-8.465028
2799670781.25,-8.46513
2799670937.5,-8.465966
2799671093.75,-8.467198
2799671250.0,-8.467458
2799671406.25,-8.468629
2799671562.5,-8.468468
2799671718.75,-8.468659
2799671875.0,-8.469675
2799672031.25,-8.469932
2799672187.5,-8.471321
2799672343.75,-8.471756
2799672500.0,-8.472432
2799672656.25,-8.472846
2799672812.5,-8.473877
2799672968.75,-8.473742
2799673125.0,-8.474818
2799673281.25,-8.475163
2799673437.5,-8.475453
2799673593.75,-8.47613
2799673750.0,-8.477163
2799673906.25,-8.478419
2799674062.5,-8.478416
2799674218.75,-8.479081
2799674375.0,-8.479571
2799674531.25,-8.480209
2799674687.5,-8.480824
2799674843.75,-8.481795
2799675000.0,-8.4822
2799675156.25,-8.483231
2799675312.5,-8.484512
2799675468.75,-8.484526
2799675625.0,-8.485335
2799675781.25,-8.485891
2799675937.5,-8.486355
2799676093.75,-8.488019
2799676250.0,-8.487537
2799676406.25,-8.489546
2799676562.5,-8.489687
2799676718.75,-8.490531
2799676875.0,-8.491244
2799677031.25,-8.492146
2799677187.5,-8.493009
2799677343.75,-8.492414
2799677500.0,-8.49392
2799677656.25,-8.49453
2799677812.5,-8.495317
2799677968.75,-8.495921
2799678125.0,-8.497609
2799678281.25,-8.497795
2799678437.5,-8.497853
2799678593.75,-8.499597
2799678750.0,-8.499955
2799678906.25,-8.500534
2799679062.5,-8.501006
2799679218.75,-8.501513
2799679375.0,-8.502994
2799679531.25,-8.50372
2799679687.5,-8.503937
2799679843.75,-8.505299
2799680000.0,-8.505327
2799680156.25,-8.506289
2799680312.5,-8.506804
2799680468.75,-8.508359
2799680625.0,-8.5089
2799680781.25,-8.509421
2799680937.5,-8.510516
2799681093.75,-8.51144
2799681250.0,-8.512172
2799681406.25,-8.51242
2799681562.5,-8.51298
2799681718.75,-8.514666
2799681875.0,-8.514877
2799682031.25,-8.51615
2799682187.5,-8.516865
2799682343.75,-8.517046
2799682500.0,-8.518692
2799682656.25,-8.519171
2799682812.5,-8.520985
2799682968.75,-8.521094
2799683125.0,-8.521845
2799683281.25,-8.523199
2799683437.5,-8.524238
2799683593.75,-8.524386
2799683750.0,-8.525714
2799683906.25,-8.52703
2799684062.5,-8.527627
2799684218.75,-8.528221
2799684375.0,-8.529001
2799684531.25,-8.530113
2799684687.5,-8.531119
2799684843.75,-8.531726
2799685000.0,-8.532627
2799685156.25,-8.533578
2799685312.5,-8.534685
2799685468.75,-8.536185
2799685625.0,-8.536256
2799685781.25,-8.537218
2799685937.5,-8.538818
2799686093.75,-8.538612
2799686250.0,-8.539864
2799686406.25,-8.540432
2799686562.5,-8.541075
2799686718.75,-8.543112
2799686875.0,-8.543811
2799687031.25,-8.544944
2799687187.5,-8.54555
2799687343.75,-8.546268
2799687500.0,-8.547123
2799687656.25,-8.548916
2799687812.5,-8.548801
2799687968.75,-8.549997
2799688125.0,-8.551278
2799688281.25,-8.551424
2799688437.5,-8.553091
2799688593.75,-8.553384
2799688750.0,-8.554824
2799688906.25,-8.556055
2799689062.5,-8.557543
2799689218.75,-8.558564
2799689375.0,-8.559649
2799689531.25,-8.559495
2799689687.5,-8.561445
2799689843.75,-8.561537
2799690000.0,-8.562737
2799690156.25,-8.564074
2799690312.5,-8.564806
2799690468.75,-8.56631
2799690625.0,-8.567382
2799690781.25,-8.567852
2799690937.5,-8.568516
2799691093.75,-8.570225
2799691250.0,-8.571462
2799691406.25,-8.571444
2799691562.5,-8.573296
2799691718.75,-8.57489
2799691875.0,-8.575137
2799692031.25,-8.57623
2799692187.5,-8.577222
2799692343.75,-8.578439
2799692500.0,-8.579516
2799692656.25,-8.580455
2799692812.5,-8.581739
2799692968.75,-8.582358
2799693125.0,-8.583809
2799693281.25,-8.58411
2799693437.5,-8.585436
2799693593.75,-8.586853
2799693750.0,-8.588503
2799693906.25,-8.589313
2799694062.5,-8.59096
2799694218.75,-8.590576
2799694375.0,-8.5923
2799694531.25,-8.59324
2799694687.5,-8.594232
2799694843.75,-8.595297
2799695000.0,-8.59582
2799695156.25,-8.597411
2799695312.5,-8.599493
2799695468.75,-8.599793
2799695625.0,-8.600919
2799695781.25,-8.602283
2799695937.5,-8.603064
2799696093.75,-8.604197
2799696250.0,-8.60584
2799696406.25,-8.606732
2799696562.5,-8.608688
2799696718.75,-8.608506
2799696875.0,-8.609677
2799697031.25,-8.610716
2799697187.5,-8.613398
2799697343.75,-8.614
2799697500.0,-8.614326
2799697656.25,-8.616165
2799697812.5,-8.616853
2799697968.75,-8.618356
2799698125.0,-8.619184
2799698281.25,-8.619748
2799698437.5,-8.621368
2799698593.75,-8.623364
2799698750.0,-8.623497
2799698906.25,-8.625125
2799699062.5,-8.626414
2799699218.75,-8.627604
2799699375.0,-8.627995
2799699531.25,-8.629824
2799699687.5,-8.63131
2799699843.75,-8.632628
2799700000.0,-8.632976
2799700156.25,-8.633877
2799700312.5,-8.635864
2799700468.75,-8.636351
2799700625.0,-8.637566
2799700781.25,-8.638314
2799700937.5,-8.640764
2799701093.75,-8.641729
2799701250.0,-8.643843
2799701406.25,-8.643876
2799701562.5,-8.64488
2799701718.75,-8.64605
2799701875.0,-8.64765
2799702031.25,-8.649233
2799702187.5,-8.649595
2799702343.75,-8.651402
2799702500.0,-8.652333
2799702656.25,-8.653505
2799702812.5,-8.654584
2799702968.75,-8.656295
2799703125.0,-8.657367
2799703281.25,-8.659326
2799703437.5,-8.660823
2799703593.75,-8.661562
2799703750.0,-8.663179
2799703906.25,-8.663777
2799704062.5,-8.665513
2799704218.75,-8.666612
2799704375.0,-8.667846
2799704531.25,-8.668471
2799704687.5,-8.670834
2799704843.75,-8.67112
2799705000.0,-8.672848
2799705156.25,-8.675107
2799705312.5,-8.675942
2799705468.75,-8.676788
2799705625.0,-8.678201
2799705781.25,-8.679577
2799705937.5,-8.68083
2799706093.75,-8.682076
2799706250.0,-8.683865
2799706406.25,-8.685047
2799706562.5,-8.686445
2799706718.75,-8.686992
2799706875.0,-8.689906
2799707031.25,-8.69053
2799707187.5,-8.691552
2799707343.75,-8.693122
2799707500.0,-8.694392
2799707656.25,-8.695603
2799707812.5,-8.697342
2799707968.75,-8.697564
2799708125.0,-8.699121
2799708281.25,-8.700672
2799708437.5,-8.702174
2799708593.75,-8.70385
2799708750.0,-8.704956
2799708906.25,-8.706768
2799709062.5,-8.707418
2799709218.75,-8.709332
2799709375.0,-8.710647
2799709531.25,-8.711692
2799709687.5,-8.713193
2799709843.75,-8.714653
2799710000.0,-8.715784
2799710156.25,-8.717236
2799710312.5,-8.718305
2799710468.75,-8.72008
2799710625.0,-8.721588
2799710781.25,-8.723383
2799710937.5,-8.723505
2799711093.75,-8.725497
2799711250.0,-8.727237
2799711406.25,-8.729218
2799711562.5,-8.729852
2799711718.75,-8.731933
2799711875.0,-8.733093
2799712031.25,-8.733533
2799712187.5,-8.735271
2799712343.75,-8.737559
2799712500.0,-8.738654
2799712656.25,-8.740478
2799712812.5,-8.740884
2799712968.75,-8.742561
2799713125.0,-8.744112
2799713281.25,-8.74547
2799713437.5,-8.747572
2799713593.75,-8.748878
2799713750.0,-8.751115
2799713906.25,-8.751609
2799714062.5,-8.752728
2799714218.75,-8.75415
2799714375.0,-8.756111
2799714531.25,-8.757616
2799714687.5,-8.758564
2799714843.75,-8.761234
2799715000.0,-8.761864
2799715156.25,-8.763082
2799715312.5,-8.764424
2799715468.75,-8.766724
2799715625.0,-8.767946
2799715781.25,-8.769383
2799715937.5,-8.770417
2799716093.75,-8.772386
2799716250.0,-8.773589
2799716406.25,-8.775693
2799716562.5,-8.776784
2799716718.75,-8.77743
2799716875.0,-8.780097
2799717031.25,-8.781482
2799717187.5,-8.782939
2799717343.75,-8.785335
2799717500.0,-8.786349
2799717656.25,-8.787666
2799717812.5,-8.788565
2799717968.75,-8.790409
2799718125.0,-8.791732
2799718281.25,-8.793939
2799718437.5,-8.794825
2799718593.75,-8.796515
2799718750.0,-8.798556
2799718906.25,-8.799466
2799719062.5,-8.80129
2799719218.75,-8.803203
2799719375.0,-8.804853
2799719531.25,-8.804739
2799719687.5,-8.80759
2799719843.75,-8.808954
2799720000.0,-8.809814
2799720156.25,-8.812763
2799720312.5,-8.813622
2799720468.75,-8.815756
2799720625.0,-8.816814
2799720781.25,-8.818214
2799720937.5,-8.820216
2799721093.75,-8.821622
2799721250.0,-8.822421
2799721406.25,-8.824804
2799721562.5,-8.826405
2799721718.75,-8.827349
2799721875.0,-8.829525
2799722031.25,-8.831069
2799722187.5,-8.83226
2799722343.75,-8.834315
2799722500.0,-8.837222
2799722656.25,-8.838161
2799722812.5,-8.839675
2799722968.75,-8.841581
2799723125.0,-8.841919
2799723281.25,-8.843749
2799723437.5,-8.845014
2799723593.75,-8.847936
2799723750.0,-8.848766
2799723906.25,-8.849782
2799724062.5,-8.852061
2799724218.75,-8.854221
2799724375.0,-8.856688
2799724531.25,-8.858117
2799724687.5,-8.858198
2799724843.75,-8.860712
2799725000.0,-8.8619
2799725156.25,-8.863758
2799725312.5,-8.865215
2799725468.75,-8.866659
2799725625.0,-8.869303
2799725781.25,-8.870266
2799725937.5,-8.872162
2799726093.75,-8.873863
2799726250.0,-8.875015
2799726406.25,-8.877775
2799726562.5,-8.879294
2799726718.75,-8.880982
2799726875.0,-8.88249
2799727031.25,-8.88416
2799727187.5,-8.886019
2799727343.75,-8.887459
2799727500.0,-8.888759
2799727656.25,-8.890356
2799727812.5,-8.892337
2799727968.75,-8.894156
2799728125.0,-8.896488
2799728281.25,-8.897202
2799728437.5,-8.899446
2799728593.75,-8.901148
2799728750.0,-8.902454
2799728906.25,-8.904784
2799729062.5,-8.906028
2799729218.75,-8.908177
2799729375.0,-8.909527
2799729531.25,-8.910891
2799729687.5,-8.913277
2799729843.75,-8.915339
2799730000.0,-8.916352
2799730156.25,-8.91849
2799730312.5,-8.920001
2799730468.75,-8.921334
2799730625.0,-8.923837
2799730781.25,-8.924677
2799730937.5,-8.926487
2799731093.75,-8.928519
2799731250.0,-8.929802
2799731406.25,-8.932091
2799731562.5,-8.934316
2799731718.75,-8.934968
2799731875.0,-8.937089
2799732031.25,-8.93839
2799732187.5,-8.940704
2799732343.75,-8.942878
2799732500.0,-8.944014
2799732656.25,-8.945889
2799732812.5,-8.948364
2799732968.75,-8.949846
2799733125.0,-8.951885
2799733281.25,-8.952998
2799733437.5,-8.955259
2799733593.75,-8.956685
2799733750.0,-8.958714
2799733906.25,-8.960204
2799734062.5,-8.961756
2799734218.75,-8.964123
2799734375.0,-8.966109
2799734531.25,-8.967955
2799734687.5,-8.969526
2799734843.75,-8.971352
2799735000.0,-8.972956
2799735156.25,-8.974452
2799735312.5,-8.977055
2799735468.75,-8.978698
2799735625.0,-8.980344
2799735781.25,-8.981872
2799735937.5,-8.983982
2799736093.75,-8.985435
2799736250.0,-8.988103
2799736406.25,-8.989316
2799736562.5,-8.992159
2799736718.75,-8.993384
2799736875.0,-8.99534
2799737031.25,-8.997422
2799737187.5,-8.999021
2799737343.75,-9.000151
2799737500.0,-9.002613
2799737656.25,-9.003947
2799737812.5,-9.006662
2799737968.75,-9.007746
2799738125.0,-9.010355
2799738281.25,-9.011481
2799738437.5,-9.013644
2799738593.75,-9.015427
2799738750.0,-9.016962
2799738906.25,-9.01845
2799739062.5,-9.020887
2799739218.75,-9.023058
2799739375.0,-9.025021
2799739531.25,-9.026658
2799739687.5,-9.028738
2799739843.75,-9.030795
2799740000.0,-9.032089
2799740156.25,-9.033669
2799740312.5,-9.036416
2799740468.75,-9.037532
2799740625.0,-9.039772
2799740781.25,-9.04055
2799740937.5,-9.043386
2799741093.75,-9.04506
2799741250.0,-9.047907
2799741406.25,-9.050281
2799741562.5,-9.051401
2799741718.75,-9.053112
2799741875.0,-9.055542
2799742031.25,-9.057428
2799742187.5,-9.058625
2799742343.75,-9.060866
2799742500.0,-9.063356
2799742656.25,-9.064455
2799742812.5,-9.066438
2799742968.75,-9.06862
2799743125.0,-9.070604
2799743281.25,-9.072386
2799743437.5,-9.074479
2799743593.75,-9.075904
2799743750.0,-9.07784
2799743906.25,-9.080014
2799744062.5,-9.082521
2799744218.75,-9.084624
2799744375.0,-9.085653
2799744531.25,-9.087201
2799744687.5,-9.089906
2799744843.75,-9.092598
2799745000.0,-9.09368
2799745156.25,-9.095553
2799745312.5,-9.098324
2799745468.75,-9.099763
2799745625.0,-9.101718
2799745781.25,-9.103954
2799745937.5,-9.105651
2799746093.75,-9.106934
2799746250.0,-9.110617
2799746406.25,-9.11121
2799746562.5,-9.114163
2799746718.75,-9.116488
2799746875.0,-9.11782
2799747031.25,-9.119653
2799747187.5,-9.121377
2799747343.75,-9.124022
2799747500.0,-9.125748
2799747656.25,-9.127346
2799747812.5,-9.129439
2799747968.75,-9.131158
2799748125.0,-9.133951
2799748281.25,-9.134072
2799748437.5,-9.137794
2799748593.75,-9.14031
2799748750.0,-9.14138
2799748906.25,-9.142814
2799749062.5,-9.145695
2799749218.75,-9.147894
2799749375.0,-9.150033
2799749531.25,-9.151524
2799749687.5,-9.153324
2799749843.75,-9.155241
2799750000.0,-9.158186
2799750156.25,-9.159549
2799750312.5,-9.161177
2799750468.75,-9.164082
2799750625.0,-9.165643
2799750781.25,-9.167062
2799750937.5,-9.16958
2799751093.75,-9.171999
2799751250.0,-9.173909
2799751406.25,-9.176353
2799751562.5,-9.177378
2799751718.75,-9.179693
2799751875.0,-9.181311
2799752031.25,-9.183933
2799752187.5,-9.18677
2799752343.75,-9.188185
2799752500.0,-9.189659
2799752656.25,-9.192869
2799752812.5,-9.194633
2799752968.75,-9.195983
2799753125.0,-9.198116
2799753281.25,-9.201061
2799753437.5,-9.201724
2799753593.75,-9.204742
2799753750.0,-9.206854
2799753906.25,-9.208346
2799754062.5,-9.211165
2799754218.75,-9.214059
2799754375.0,-9.214936
2799754531.25,-9.216528
2799754687.5,-9.219702
2799754843.75,-9.221263
2799755000.0,-9.223407
2799755156.25,-9.226134
2799755312.5,-9.227354
2799755468.75,-9.230271
2799755625.0,-9.231503
2799755781.25,-9.233558
2799755937.5,-9.236184
2799756093.75,-9.238122
2799756250.0,-9.240797
2799756406.25,-9.242072
2799756562.5,-9.244498
2799756718.75,-9.246098
2799756875.0,-9.248347
2799757031.25,-9.251155
2799757187.5,-9.253383
2799757343.75,-9.256174
2799757500.0,-9.257243
2799757656.25,-9.259066
2799757812.5,-9.260652
2799757968.75,-9.263332
2799758125.0,-9.265225
2799758281.25,-9.267764
2799758437.5,-9.269953
2799758593.75,-9.271932
2799758750.0,-9.273795
2799758906.25,-9.276239
2799759062.5,-9.278377
2799759218.75,-9.281154
2799759375.0,-9.283042
2799759531.25,-9.284582
2799759687.5,-9.287704
2799759843.75,-9.289215
2799760000.0,-9.291294
2799760156.25,-9.293894
2799760312.5,-9.296024
2799760468.75,-9.298572
2799760625.0,-9.300116
2799760781.25,-9.302114
2799760937.5,-9.304566
2799761093.75,-9.307011
2799761250.0,-9.30821
2799761406.25,-9.310987
2799761562.5,-9.313283
2799761718.75,-9.315312
2799761875.0,-9.31806
2799762031.25,-9.320125
2799762187.5,-9.322053
2799762343.75,-9.324522
2799762500.0,-9.325444
2799762656.25,-9.32884
2799762812.5,-9.330802
2799762968.75,-9.332789
2799763125.0,-9.335043
2799763281.25,-9.337031
2799763437.5,-9.338924
2799763593.75,-9.341847
2799763750.0,-9.343865
2799763906.25,-9.345969
2799764062.5,-9.348309
2799764218.75,-9.349845
2799764375.0,-9.353103
2799764531.25,-9.354336
2799764687.5,-9.356812
2799764843.75,-9.359167
2799765000.0,-9.361287
2799765156.25,-9.363002
2799765312.5,-9.365036
2799765468.75,-9.367497
2799765625.0,-9.37035
2799765781.25,-9.372458
2799765937.5,-9.375455
2799766093.75,-9.376617
2799766250.0,-9.379126
2799766406.25,-9.380877
2799766562.5,-9.384124
2799766718.75,-9.386376
2799766875.0,-9.387857
2799767031.25,-9.390424
2799767187.5,-9.392851
2799767343.75,-9.394876
2799767500.0,-9.397161
2799767656.25,-9.398646
2799767812.5,-9.402058
2799767968.75,-9.404399
2799768125.0,-9.406204
2799768281.25,-9.407825
2799768437.5,-9.410397
2799768593.75,-9.411925
2799768750.0,-9.415036
2799768906.25,-9.416821
2799769062.5,-9.419685
2799769218.75,-9.420918
2799769375.0,-9.423792
2799769531.25,-9.426888
2799769687.5,-9.428997
2799769843.75,-9.430293
2799770000.0,-9.433157
2799770156.25,-9.435734
2799770312.5,-9.437526
2799770468.75,-9.43964
2799770625.0,-9.442379
2799770781.25,-9.444389
2799770937.5,-9.44629
2799771093.75,-9.448965
2799771250.0,-9.451276
2799771406.25,-9.45465
2799771562.5,-9.455573
2799771718.75,-9.458511
2799771875.0,-9.459982
2799772031.25,-9.462088
2799772187.5,-9.464917
2799772343.75,-9.466745
2799772500.0,-9.469275
2799772656.25,-9.471325
2799772812.5,-9.473817
2799772968.75,-9.476543
2799773125.0,-9.478452
2799773281.25,-9.481118
2799773437.5,-9.482989
2799773593.75,-9.485273
2799773750.0,-9.487741
2799773906.25,-9.490309
2799774062.5,-9.493021
2799774218.75,-9.494971
2799774375.0,-9.496074
2799774531.25,-9.499073
2799774687.5,-9.501436
2799774843.75,-9.50419
2799775000.0,-9.505453
2799775156.25,-9.50791
2799775312.5,-9.510755
2799775468.75,-9.512729
2799775625.0,-9.514691
2799775781.25,-9.518383
2799775937.5,-9.520195
2799776093.75,-9.522845
2799776250.0,-9.525022
2799776406.25,-9.527493
2799776562.5,-9.529314
2799776718.75,-9.531448
2799776875.0,-9.533226
2799777031.25,-9.536501
2799777187.5,-9.538234
2799777343.75,-9.542464
2799777500.0,-9.543373
2799777656.25,-9.545842
2799777812.5,-9.547878
2799777968.75,-9.550885
2799778125.0,-9.552896
2799778281.25,-9.554675
2799778437.5,-9.558096
2799778593.75,-9.559799
2799778750.0,-9.561896
2799778906.25,-9.565541
2799779062.5,-9.56743
2799779218.75,-9.56938
2799779375.0,-9.571985
2799779531.25,-9.574346
2799779687.5,-9.575692
2799779843.75,-9.579437
2799780000.0,-9.581483
2799780156.25,-9.583477
2799780312.5,-9.585648
2799780468.75,-9.58836
2799780625.0,-9.591036
2799780781.25,-9.591969
2799780937.5,-9.595817
2799781093.75,-9.597005
2799781250.0,-9.60041
2799781406.25,-9.602804
2799781562.5,-9.605053
2799781718.75,-9.607439
2799781875.0,-9.609318
2799782031.25,-9.612785
2799782187.5,-9.613608
2799782343.75,-9.616314
2799782500.0,-9.618688
2799782656.25,-9.62188
2799782812.5,-9.62388
2799782968.75,-9.626835
2799783125.0,-9.628715
2799783281.25,-9.630826
2799783437.5,-9.633452
2799783593.75,-9.63573
2799783750.0,-9.63802
2799783906.25,-9.64018
2799784062.5,-9.6432
2799784218.75,-9.644753
2799784375.0,-9.647743
2799784531.25,-9.650696
2799784687.5,-9.652789
2799784843.75,-9.655011
2799785000.0,-9.658087
2799785156.25,-9.659938
2799785312.5,-9.662605
2799785468.75,-9.665366
2799785625.0,-9.667291
2799785781.25,-9.669539
2799785937.5,-9.671591
2799786093.75,-9.674171
2799786250.0,-9.676725
2799786406.25,-9.680083
2799786562.5,-9.681642
2799786718.75,-9.68444
2799786875.0,-9.686552
2799787031.25,-9.689009
2799787187.5,-9.690954
2799787343.75,-9.694282
2799787500.0,-9.696349
2799787656.25,-9.698937
2799787812.5,-9.700964
2799787968.75,-9.702934
2799788125.0,-9.706313
2799788281.25,-9.708357
2799788437.5,-9.711162
2799788593.75,-9.713457
2799788750.0,-9.715248
2799788906.25,-9.718243
2799789062.5,-9.720638
2799789218.75,-9.722696
2799789375.0,-9.72527
2799789531.25,-9.727897
2799789687.5,-9.730933
2799789843.75,-9.732834
2799790000.0,-9.735528
2799790156.25,-9.737882
2799790312.5,-9.740319
2799790468.75,-9.743021
2799790625.0,-9.745754
2799790781.25,-9.746878
2799790937.5,-9.750799
2799791093.75,-9.751855
2799791250.0,-9.755628
2799791406.25,-9.757618
2799791562.5,-9.759509
2799791718.75,-9.762015
2799791875.0,-9.764462
2799792031.25,-9.767501
2799792187.5,-9.770231
2799792343.75,-9.772635
2799792500.0,-9.774401
2799792656.25,-9.776383
2799792812.5,-9.779829
2799792968.75,-9.782191
2799793125.0,-9.784733
2799793281.25,-9.787985
2799793437.5,-9.789929
2799793593.75,-9.791923
2799793750.0,-9.79508
2799793906.25,-9.796869
2799794062.5,-9.798847
2799794218.75,-9.802521
2799794375.0,-9.804772
2799794531.25,-9.806667
2799794687.5,-9.809083
2799794843.75,-9.811369
2799795000.0,-9.813885
2799795156.25,-9.817471
2799795312.5,-9.819002
2799795468.75,-9.821426
2799795625.0,-9.823333
2799795781.25,-9.826051
2799795937.5,-9.828561
2799796093.75,-9.831196
2799796250.0,-9.833509
2799796406.25,-9.836563
2799796562.5,-9.83933
2799796718.75,-9.841341
2799796875.0,-9.844037
2799797031.25,-9.846524
2799797187.5,-9.848728
2799797343.75,-9.850904
2799797500.0,-9.853473
2799797656.25,-9.856691
2799797812.5,-9.859234
2799797968.75,-9.861835
2799798125.0,-9.863385
2799798281.25,-9.865668
2799798437.5,-9.86845
2799798593.75,-9.872261
2799798750.0,-9.874128
2799798906.25,-9.876556
2799799062.5,-9.879557
2799799218.75,-9.882373
2799799375.0,-9.885291
2799799531.25,-9.887136
2799799687.5,-9.888978
2799799843.75,-9.891864
2799800000.0,-9.894329
2799800156.25,-9.896576
2799800312.5,-9.900338
2799800468.75,-9.901507
2799800625.0,-9.904407
2799800781.25,-9.907649
2799800937.5,-9.909629
2799801093.75,-9.912405
2799801250.0,-9.91521
2799801406.25,-9.917852
2799801562.5,-9.919868
2799801718.75,-9.922245
2799801875.0,-9.924532
2799802031.25,-9.926762
2799802187.5,-9.930311
2799802343.75,-9.932279
2799802500.0,-9.933994
2799802656.25,-9.937006
2799802812.5,-9.939275
2799802968.75,-9.942448
2799803125.0,-9.944613
2799803281.25,-9.94768
2799803437.5,-9.94978
2799803593.75,-9.95289
2799803750.0,-9.9554
2799803906.25,-9.957564
2799804062.5,-9.960507
2799804218.75,-9.962393
2799804375.0,-9.965251
2799804531.25,-9.968389
2799804687.5,-9.970353
2799804843.75,-9.973856
2799805000.0,-9.975571
2799805156.25,-9.978452
2799805312.5,-9.981321
2799805468.75,-9.983911
2799805625.0,-9.986108
2799805781.25,-9.988606
2799805937.5,-9.991249
2799806093.75,-9.993965
2799806250.0,-9.99566
2799806406.25,-9.999228
2799806562.5,-10.00077
2799806718.75,-10.0037
2799806875.0,-10.006
2799807031.25,-10.00905
2799807187.5,-10.01132
2799807343.75,-10.01375
2799807500.0,-10.0172
2799807656.25,-10.01929
2799807812.5,-10.02148
2799807968.75,-10.02417
2799808125.0,-10.02675
2799808281.25,-10.02974
2799808437.5,-10.03178
2799808593.75,-10.03525
2799808750.0,-10.03778
2799808906.25,-10.03957
2799809062.5,-10.04208
2799809218.75,-10.04578
2799809375.0,-10.04784
2799809531.25,-10.05084
2799809687.5,-10.05196
2799809843.75,-10.05553
2799810000.0,-10.05801
2799810156.25,-10.06087
2799810312.5,-10.06249
2799810468.75,-10.0662
2799810625.0,-10.06838
2799810781.25,-10.07097
2799810937.5,-10.07344
2799811093.75,-10.07616
2799811250.0,-10.07883
2799811406.25,-10.08171
2799811562.5,-10.08327
2799811718.75,-10.08622
2799811875.0,-10.08896
2799812031.25,-10.0911
2799812187.5,-10.09459
2799812343.75,-10.0971
2799812500.0,-10.10029
2799812656.25,-10.10224
2799812812.5,-10.10535
2799812968.75,-10.10779
2799813125.0,-10.1098
2799813281.25,-10.11242
2799813437.5,-10.11428
2799813593.75,-10.11738
2799813750.0,-10.12069
2799813906.25,-10.12298
2799814062.5,-10.12515
2799814218.75,-10.12856
2799814375.0,-10.13025
2799814531.25,-10.13356
2799814687.5,-10.1364
2799814843.75,-10.13826
2799815000.0,-10.14181
2799815156.25,-10.14471
2799815312.5,-10.146
2799815468.75,-10.14894
2799815625.0,-10.15211
2799815781.25,-10.15446
2799815937.5,-10.15668
2799816093.75,-10.15929
2799816250.0,-10.16216
2799816406.25,-10.16408
2799816562.5,-10.16774
2799816718.75,-10.17019
2799816875.0,-10.17226
2799817031.25,-10.17572
2799817187.5,-10.17795
2799817343.75,-10.17989
2799817500.0,-10.18312
2799817656.25,-10.1861
2799817812.5,-10.18994
2799817968.75,-10.19098
2799818125.0,-10.19301
2799818281.25,-10.1959
2799818437.5,-10.19877
2799818593.75,-10.20109
2799818750.0,-10.20409
2799818906.25,-10.20736
2799819062.5,-10.21076
2799819218.75,-10.21205
2799819375.0,-10.21489
2799819531.25,-10.21726
2799819687.5,-10.21951
2799819843.75,-10.22325
2799820000.0,-10.22566
2799820156.25,-10.22813
2799820312.5,-10.23154
2799820468.75,-10.23393
2799820625.0,-10.23718
2799820781.25,-10.23926
2799820937.5,-10.24141
2799821093.75,-10.24428
2799821250.0,-10.24678
2799821406.25,-10.24924
2799821562.5,-10.25194
2799821718.75,-10.25462
2799821875.0,-10.25771
2799822031.25,-10.26056
2799822187.5,-10.26292
2799822343.75,-10.26552
2799822500.0,-10.26766
2799822656.25,-10.27086
2799822812.5,-10.27424
2799822968.75,-10.27605
2799823125.0,-10.27804
2799823281.25,-10.28102
2799823437.5,-10.28436
2799823593.75,-10.28628
2799823750.0,-10.28956
2799823906.25,-10.29265
2799824062.5,-10.2951
2799824218.75,-10.2966
2799824375.0,-10.29914
2799824531.25,-10.30325
2799824687.5,-10.30521
2799824843.75,-10.30798
2799825000.0,-10.3114
2799825156.25,-10.31423
2799825312.5,-10.31582
2799825468.75,-10.31809
2799825625.0,-10.32139
2799825781.25,-10.32442
2799825937.5,-10.3272
2799826093.75,-10.32875
2799826250.0,-10.33146
2799826406.25,-10.3342
2799826562.5,-10.33748
2799826718.75,-10.33924
2799826875.0,-10.34261
2799827031.25,-10.34589
2799827187.5,-10.34824
2799827343.75,-10.35138
2799827500.0,-10.35214
2799827656.25,-10.35612
2799827812.5,-10.35935
2799827968.75,-10.36104
2799828125.0,-10.36459
2799828281.25,-10.36671
2799828437.5,-10.36983
2799828593.75,-10.37186
2799828750.0,-10.37454
2799828906.25,-10.37709
2799829062.5,-10.3801
2799829218.75,-10.38299
2799829375.0,-10.38594
2799829531.25,-10.38792
2799829687.5,-10.39114
2799829843.75,-10.39293
2799830000.0,-10.3962
2799830156.25,-10.39852
2799830312.5,-10.40139
2799830468.75,-10.4046
2799830625.0,-10.40689
2799830781.25,-10.41004
2799830937.5,-10.41223
2799831093.75,-10.41529
2799831250.0,-10.41822
2799831406.25,-10.42103
2799831562.5,-10.42276
2799831718.75,-10.42564
2799831875.0,-10.42877
2799832031.25,-10.4313
2799832187.5,-10.43427
2799832343.75,-10.43666
2799832500.0,-10.43916
2799832656.25,-10.44214
2799832812.5,-10.44415
2799832968.75,-10.44735
2799833125.0,-10.44966
2799833281.25,-10.4526
2799833437.5,-10.45561
2799833593.75,-10.45803
2799833750.0,-10.46025
2799833906.25,-10.46374
2799834062.5,-10.46611
2799834218.75,-10.46853
2799834375.0,-10.47212
2799834531.25,-10.47422
2799834687.5,-10.47751
2799834843.75,-10.48034
2799835000.0,-10.48295
2799835156.25,-10.48534
2799835312.5,-10.48779
2799835468.75,-10.4907
2799835625.0,-10.49318
2799835781.25,-10.49667
2799835937.5,-10.49802
2799836093.75,-10.50185
2799836250.0,-10.5036
2799836406.25,-10.50643
2799836562.5,-10.50949
2799836718.75,-10.51174
2799836875.0,-10.51398
2799837031.25,-10.51771
2799837187.5,-10.52037
2799837343.75,-10.52355
2799837500.0,-10.52593
2799837656.25,-10.52854
2799837812.5,-10.53156
2799837968.75,-10.53394
2799838125.0,-10.53639
2799838281.25,-10.53877
2799838437.5,-10.54257
2799838593.75,-10.54502
2799838750.0,-10.54809
2799838906.25,-10.5502
2799839062.5,-10.55264
2799839218.75,-10.55558
2799839375.0,-10.55764
2799839531.25,-10.56152
2799839687.5,-10.56435
2799839843.75,-10.56687
2799840000.0,-10.56878
2799840156.25,-10.57235
2799840312.5,-10.57465
2799840468.75,-10.57734
2799840625.0,-10.58047
2799840781.25,-10.58267
2799840937.5,-10.58608
2799841093.75,-10.58807
2799841250.0,-10.59063
2799841406.25,-10.59347
2799841562.5,-10.59634
2799841718.75,-10.59851
2799841875.0,-10.60157
2799842031.25,-10.60455
2799842187.5,-10.60815
2799842343.75,-10.61074
2799842500.0,-10.61246
2799842656.25,-10.61591
2799842812.5,-10.61905
2799842968.75,-10.62139
2799843125.0,-10.6238
2799843281.25,-10.62642
2799843437.5,-10.62875
2799843593.75,-10.63152
2799843750.0,-10.63468
2799843906.25,-10.63733
2799844062.5,-10.6404
2799844218.75,-10.64231
2799844375.0,-10.646
2799844531.25,-10.64787
2799844687.5,-10.6505
2799844843.75,-10.65377
2799845000.0,-10.6571
2799845156.25,-10.65883
2799845312.5,-10.66226
2799845468.75,-10.66405
2799845625.0,-10.66746
2799845781.25,-10.67042
2799845937.5,-10.67379
2799846093.75,-10.67457
2799846250.0,-10.67855
2799846406.25,-10.68061
2799846562.5,-10.68476
2799846718.75,-10.68679
2799846875.0,-10.68975
2799847031.25,-10.6922
2799847187.5,-10.69446
2799847343.75,-10.69782
2799847500.0,-10.70058
2799847656.25,-10.70285
2799847812.5,-10.70653
2799847968.75,-10.70854
2799848125.0,-10.71185
2799848281.25,-10.71438
2799848437.5,-10.71745
2799848593.75,-10.71908
2799848750.0,-10.7228
2799848906.25,-10.72536
2799849062.5,-10.72716
2799849218.75,-10.73059
2799849375.0,-10.73288
2799849531.25,-10.73507
2799849687.5,-10.73933
2799849843.75,-10.74146
2799850000.0,-10.7441
2799850156.25,-10.74678
2799850312.5,-10.7498
2799850468.75,-10.75251
2799850625.0,-10.75561
2799850781.25,-10.75761
2799850937.5,-10.76007
2799851093.75,-10.76444
2799851250.0,-10.76632
2799851406.25,-10.76786
2799851562.5,-10.77171
2799851718.75,-10.77486
2799851875.0,-10.77762
2799852031.25,-10.77964
2799852187.5,-10.78217
2799852343.75,-10.78543
2799852500.0,-10.78793
2799852656.25,-10.79083
2799852812.5,-10.79418
2799852968.75,-10.79662
2799853125.0,-10.79853
2799853281.25,-10.80161
2799853437.5,-10.80442
2799853593.75,-10.8062
2799853750.0,-10.81089
2799853906.25,-10.81293
2799854062.5,-10.81619
2799854218.75,-10.81921
2799854375.0,-10.8209
2799854531.25,-10.8246
2799854687.5,-10.82775
2799854843.75,-10.82983
2799855000.0,-10.83191
2799855156.25,-10.83607
2799855312.5,-10.83726
2799855468.75,-10.8414
2799855625.0,-10.84382
2799855781.25,-10.84562
2799855937.5,-10.84968
2799856093.75,-10.85149
2799856250.0,-10.85469
2799856406.25,-10.85726
2799856562.5,-10.85938
2799856718.75,-10.86225
2799856875.0,-10.86569
2799857031.25,-10.86828
2799857187.5,-10.87152
2799857343.75,-10.87322
2799857500.0,-10.8764
2799857656.25,-10.87962
2799857812.5,-10.88247
2799857968.75,-10.88473
2799858125.0,-10.8879
2799858281.25,-10.89046
2799858437.5,-10.8924
2799858593.75,-10.89554
2799858750.0,-10.89865
2799858906.25,-10.90095
2799859062.5,-10.90436
2799859218.75,-10.90685
2799859375.0,-10.90899
2799859531.25,-10.91176
2799859687.5,-10.91602
2799859843.75,-10.91724
2799860000.0,-10.9207
2799860156.25,-10.92296
2799860312.5,-10.92641
2799860468.75,-10.92899
2799860625.0,-10.93184
2799860781.25,-10.93565
2799860937.5,-10.93794
2799861093.75,-10.93998
2799861250.0,-10.94341
2799861406.25,-10.9449
2799861562.5,-10.94814
2799861718.75,-10.95186
2799861875.0,-10.95406
2799862031.25,-10.95676
2799862187.5,-10.95916
2799862343.75,-10.96159
2799862500.0,-10.96517
2799862656.25,-10.96807
2799862812.5,-10.97026
2799862968.75,-10.97347
2799863125.0,-10.97633
2799863281.25,-10.97846
2799863437.5,-10.98146
2799863593.75,-10.98499
2799863750.0,-10.98773
2799863906.25,-10.98998
2799864062.5,-10.99313
2799864218.75,-10.9956
2799864375.0,-10.99812
2799864531.25,-11.00174
2799864687.5,-11.00445
2799864843.75,-11.00678
2799865000.0,-11.00978
2799865156.25,-11.01217
2799865312.5,-11.01529
2799865468.75,-11.01698
2799865625.0,-11.02002
2799865781.25,-11.02271
2799865937.5,-11.02583
2799866093.75,-11.02886
2799866250.0,-11.03171
2799866406.25,-11.03445
2799866562.5,-11.03754
2799866718.75,-11.04034
2799866875.0,-11.04353
2799867031.25,-11.04586
2799867187.5,-11.04767
2799867343.75,-11.05097
2799867500.0,-11.05384
2799867656.25,-11.05683
2799867812.5,-11.0596
2799867968.75,-11.06212
2799868125.0,-11.06477
2799868281.25,-11.06825
2799868437.5,-11.07034
2799868593.75,-11.07289
2799868750.0,-11.07502
2799868906.25,-11.07868
2799869062.5,-11.0816
2799869218.75,-11.08428
2799869375.0,-11.08689
2799869531.25,-11.09033
2799869687.5,-11.09324
2799869843.75,-11.09589
2799870000.0,-11.09807
2799870156.25,-11.10128
2799870312.5,-11.1038
2799870468.75,-11.10656
2799870625.0,-11.10971
2799870781.25,-11.1118
2799870937.5,-11.11487
2799871093.75,-11.11791
2799871250.0,-11.12063
2799871406.25,-11.12374
2799871562.5,-11.12653
2799871718.75,-11.12906
2799871875.0,-11.13194
2799872031.25,-11.13515
2799872187.5,-11.1365
2799872343.75,-11.13998
2799872500.0,-11.14268
2799872656.25,-11.14602
2799872812.5,-11.14848
2799872968.75,-11.15089
2799873125.0,-11.15479
2799873281.25,-11.15693
2799873437.5,-11.15934
2799873593.75,-11.16215
2799873750.0,-11.16485
2799873906.25,-11.16762
2799874062.5,-11.17087
2799874218.75,-11.17248
2799874375.0,-11.17552
2799874531.25,-11.17874
2799874687.5,-11.18235
2799874843.75,-11.18464
2799875000.0,-11.1867
2799875156.25,-11.18928
2799875312.5,-11.19391
2799875468.75,-11.19578
2799875625.0,-11.19901
2799875781.25,-11.20187
2799875937.5,-11.20413
2799876093.75,-11.20696
2799876250.0,-11.21002
2799876406.25,-11.21202
2799876562.5,-11.21446
2799876718.75,-11.21674
2799876875.0,-11.2208
2799877031.25,-11.2229
2799877187.5,-11.22529
2799877343.75,-11.22865
2799877500.0,-11.23185
2799877656.25,-11.2346
2799877812.5,-11.23842
2799877968.75,-11.24046
2799878125.0,-11.24324
2799878281.25,-11.24593
2799878437.5,-11.24798
2799878593.75,-11.2515
2799878750.0,-11.25448
2799878906.25,-11.25638
2799879062.5,-11.26029
2799879218.75,-11.26212
2799879375.0,-11.26554
2799879531.25,-11.26894
2799879687.5,-11.27071
2799879843.75,-11.27343
2799880000.0,-11.27713
2799880156.25,-11.27933
2799880312.5,-11.28261
2799880468.75,-11.28469
2799880625.0,-11.28799
2799880781.25,-11.29153
2799880937.5,-11.29337
2799881093.75,-11.29598
2799881250.0,-11.29858
2799881406.25,-11.30097
2799881562.5,-11.30363
2799881718.75,-11.30746
2799881875.0,-11.31043
2799882031.25,-11.31227
2799882187.5,-11.31584
2799882343.75,-11.31897
2799882500.0,-11.32028
2799882656.25,-11.32408
2799882812.5,-11.32646
2799882968.75,-11.32986
2799883125.0,-11.33294
2799883281.25,-11.33523
2799883437.5,-11.33756
2799883593.75,-11.33959
2799883750.0,-11.34362
2799883906.25,-11.34668
2799884062.5,-11.3494
2799884218.75,-11.35217
2799884375.0,-11.35451
2799884531.25,-11.35764
2799884687.5,-11.35957
2799884843.75,-11.36286
2799885000.0,-11.3662
2799885156.25,-11.36836
2799885312.5,-11.37191
2799885468.75,-11.37397
2799885625.0,-11.3775
2799885781.25,-11.37872
2799885937.5,-11.38142
2799886093.75,-11.38478
2799886250.0,-11.38767
2799886406.25,-11.39052
2799886562.5,-11.39368
2799886718.75,-11.39576
2799886875.0,-11.39859
2799887031.25,-11.40268
2799887187.5,-11.40511
2799887343.75,-11.40729
2799887500.0,-11.4103
2799887656.25,-11.41266
2799887812.5,-11.41571
2799887968.75,-11.41825
2799888125.0,-11.42163
2799888281.25,-11.42452
2799888437.5,-11.42732
2799888593.75,-11.42999
2799888750.0,-11.43199
2799888906.25,-11.43608
2799889062.5,-11.43821
2799889218.75,-11.44207
2799889375.0,-11.44317
2799889531.25,-11.44594
2799889687.5,-11.44948
2799889843.75,-11.45263
2799890000.0,-11.45584
2799890156.25,-11.45811
2799890312.5,-11.46094
2799890468.75,-11.46317
2799890625.0,-11.46621
2799890781.25,-11.46794
2799890937.5,-11.47125
2799891093.75,-11.47378
2799891250.0,-11.47703
2799891406.25,-11.4797
2799891562.5,-11.48332
2799891718.75,-11.48451
2799891875.0,-11.48817
2799892031.25,-11.49159
2799892187.5,-11.49406
2799892343.75,-11.49625
2799892500.0,-11.49942
2799892656.25,-11.5032
2799892812.5,-11.50506
2799892968.75,-11.50781
2799893125.0,-11.51117
2799893281.25,-11.51359
2799893437.5,-11.51663
2799893593.75,-11.5195
2799893750.0,-11.52178
2799893906.25,-11.52433
2799894062.5,-11.52749
2799894218.75,-11.53067
2799894375.0,-11.53321
2799894531.25,-11.53535
2799894687.5,-11.53919
2799894843.75,-11.54156
2799895000.0,-11.54451
2799895156.25,-11.54634
2799895312.5,-11.54927
2799895468.75,-11.55254
2799895625.0,-11.55544
2799895781.25,-11.55879
2799895937.5,-11.56066
2799896093.75,-11.56375
2799896250.0,-11.56563
2799896406.25,-11.56914
2799896562.5,-11.57205
2799896718.75,-11.57541
2799896875.0,-11.5779
2799897031.25,-11.5803
2799897187.5,-11.58323
2799897343.75,-11.58644
2799897500.0,-11.58837
2799897656.25,-11.59187
2799897812.5,-11.59518
2799897968.75,-11.59713
2799898125.0,-11.59976
2799898281.25,-11.6026
2799898437.5,-11.60622
2799898593.75,-11.60858
2799898750.0,-11.61065
2799898906.25,-11.61421
2799899062.5,-11.61793
2799899218.75,-11.61909
2799899375.0,-11.62322
2799899531.25,-11.62505
2799899687.5,-11.62755
2799899843.75,-11.63061
2799900000.0,-11.63375
2799900156.25,-11.63639
2799900312.5,-11.63896
2799900468.75,-11.64107
2799900625.0,-11.64459
2799900781.25,-11.64714
2799900937.5,-11.64983
2799901093.75,-11.65284
2799901250.0,-11.65568
2799901406.25,-11.65928
2799901562.5,-11.66086
2799901718.75,-11.66409
2799901875.0,-11.66697
2799902031.25,-11.66965
2799902187.5,-11.67284
2799902343.75,-11.6756
2799902500.0,-11.67768
2799902656.25,-11.68051
2799902812.5,-11.68371
2799902968.75,-11.68647
2799903125.0,-11.68856
2799903281.25,-11.69198
2799903437.5,-11.6942
2799903593.75,-11.69815
2799903750.0,-11.70127
2799903906.25,-11.70337
2799904062.5,-11.70612
2799904218.75,-11.70875
2799904375.0,-11.71196
2799904531.25,-11.71497
2799904687.5,-11.71701
2799904843.75,-11.72105
2799905000.0,-11.72274
2799905156.25,-11.72556
2799905312.5,-11.72749
2799905468.75,-11.73153
2799905625.0,-11.73414
2799905781.25,-11.73638
2799905937.5,-11.73924
2799906093.75,-11.74314
2799906250.0,-11.74468
2799906406.25,-11.7479
2799906562.5,-11.75013
2799906718.75,-11.75252
2799906875.0,-11.75641
2799907031.25,-11.75935
2799907187.5,-11.76179
2799907343.75,-11.7643
2799907500.0,-11.76777
2799907656.25,-11.7703
2799907812.5,-11.77292
2799907968.75,-11.77618
2799908125.0,-11.77766
2799908281.25,-11.78126
2799908437.5,-11.78305
2799908593.75,-11.78591
2799908750.0,-11.78964
2799908906.25,-11.79222
2799909062.5,-11.79436
2799909218.75,-11.79675
2799909375.0,-11.80055
2799909531.25,-11.80299
2799909687.5,-11.80593
2799909843.75,-11.80805
2799910000.0,-11.81224
2799910156.25,-11.81469
2799910312.5,-11.81705
2799910468.75,-11.8199
2799910625.0,-11.82328
2799910781.25,-11.82521
2799910937.5,-11.8282
2799911093.75,-11.83143
2799911250.0,-11.83421
2799911406.25,-11.83777
2799911562.5,-11.839
2799911718.75,-11.84226
2799911875.0,-11.84521
2799912031.25,-11.84875
2799912187.5,-11.85079
2799912343.75,-11.85267
2799912500.0,-11.85606
2799912656.25,-11.85898
2799912812.5,-11.86202
2799912968.75,-11.86391
2799913125.0,-11.86729
2799913281.25,-11.87076
2799913437.5,-11.87299
2799913593.75,-11.87599
2799913750.0,-11.87761
2799913906.25,-11.8815
2799914062.5,-11.88345
2799914218.75,-11.88621
2799914375.0,-11.88928
2799914531.25,-11.89241
2799914687.5,-11.89504
2799914843.75,-11.89724
2799915000.0,-11.90043
2799915156.25,-11.90345
2799915312.5,-11.90628
2799915468.75,-11.90777
2799915625.0,-11.91231
2799915781.25,-11.9148
2799915937.5,-11.91736
2799916093.75,-11.92028
2799916250.0,-11.92287
2799916406.25,-11.92595
2799916562.5,-11.92797
2799916718.75,-11.93145
2799916875.0,-11.93372
2799917031.25,-11.9373
2799917187.5,-11.93888
2799917343.75,-11.94211
2799917500.0,-11.94479
2799917656.25,-11.94765
2799917812.5,-11.94992
2799917968.75,-11.95246
2799918125.0,-11.95671
2799918281.25,-11.95902
2799918437.5,-11.96178
2799918593.75,-11.96358
2799918750.0,-11.96717
2799918906.25,-11.96932
2799919062.5,-11.97158
2799919218.75,-11.97569
2799919375.0,-11.97793
2799919531.25,-11.98153
2799919687.5,-11.98527
2799919843.75,-11.9863
2799920000.0,-11.98908
2799920156.25,-11.99271
2799920312.5,-11.99514
2799920468.75,-11.99829
2799920625.0,-12.00074
2799920781.25,-12.00341
2799920937.5,-12.00619
2799921093.75,-12.00883
2799921250.0,-12.01257
2799921406.25,-12.01445
2799921562.5,-12.01687
2799921718.75,-12.01976
2799921875.0,-12.02364
2799922031.25,-12.02594
2799922187.5,-12.02838
2799922343.75,-12.03056
2799922500.0,-12.03324
2799922656.25,-12.03556
2799922812.5,-12.03886
2799922968.75,-12.04113
2799923125.0,-12.04518
2799923281.25,-12.04753
2799923437.5,-12.04962
2799923593.75,-12.05275
2799923750.0,-12.05555
2799923906.25,-12.05785
2799924062.5,-12.06089
2799924218.75,-12.06395
2799924375.0,-12.06644
2799924531.25,-12.07046
2799924687.5,-12.07206
2799924843.75,-12.07482
2799925000.0,-12.07806
2799925156.25,-12.07973
2799925312.5,-12.08377
2799925468.75,-12.08558
2799925625.0,-12.08837
2799925781.25,-12.0916
2799925937.5,-12.09521
2799926093.75,-12.09792
2799926250.0,-12.1001
2799926406.25,-12.10333
2799926562.5,-12.10464
2799926718.75,-12.10804
2799926875.0,-12.11093
2799927031.25,-12.11341
2799927187.5,-12.11649
2799927343.75,-12.11932
2799927500.0,-12.1216
2799927656.25,-12.1256
2799927812.5,-12.12725
2799927968.75,-12.12976
2799928125.0,-12.13282
2799928281.25,-12.13521
2799928437.5,-12.13809
2799928593.75,-12.1402
2799928750.0,-12.1441
2799928906.25,-12.14722
2799929062.5,-12.15072
2799929218.75,-12.1519
2799929375.0,-12.15478
2799929531.25,-12.158
2799929687.5,-12.1609
2799929843.75,-12.16286
2799930000.0,-12.16662
2799930156.25,-12.16955
2799930312.5,-12.17116
2799930468.75,-12.17456
2799930625.0,-12.17715
2799930781.25,-12.1799
2799930937.5,-12.18245
2799931093.75,-12.1855
2799931250.0,-12.18816
2799931406.25,-12.19137
2799931562.5,-12.19331
2799931718.75,-12.19712
2799931875.0,-12.19925
2799932031.25,-12.20214
2799932187.5,-12.20486
2799932343.75,-12.20785
2799932500.0,-12.21107
2799932656.25,-12.21303
2799932812.5,-12.21587
2799932968.75,-12.21824
2799933125.0,-12.22047
2799933281.25,-12.22343
2799933437.5,-12.22668
2799933593.75,-12.22916
2799933750.0,-12.23238
2799933906.25,-12.2351
2799934062.5,-12.2384
2799934218.75,-12.24052
2799934375.0,-12.24292
2799934531.25,-12.2451
2799934687.5,-12.24784
2799934843.75,-12.25119
2799935000.0,-12.25457
2799935156.25,-12.25748
2799935312.5,-12.25934
2799935468.75,-12.26272
2799935625.0,-12.26445
2799935781.25,-12.26764
2799935937.5,-12.27039
2799936093.75,-12.27321
2799936250.0,-12.27693
2799936406.25,-12.27904
2799936562.5,-12.28144
2799936718.75,-12.28461
2799936875.0,-12.2873
2799937031.25,-12.28998
2799937187.5,-12.29177
2799937343.75,-12.29508
2799937500.0,-12.29711
2799937656.25,-12.30068
2799937812.5,-12.30301
2799937968.75,-12.30525
2799938125.0,-12.30821
2799938281.25,-12.31139
2799938437.5,-12.31359
2799938593.75,-12.31684
2799938750.0,-12.3202
2799938906.25,-12.3228
2799939062.5,-12.3253
2799939218.75,-12.32882
2799939375.0,-12.33104
2799939531.25,-12.33396
2799939687.5,-12.33586
2799939843.75,-12.33973
2799940000.0,-12.34262
2799940156.25,-12.3456
2799940312.5,-12.34741
2799940468.75,-12.35056
2799940625.0,-12.35355
2799940781.25,-12.35585
2799940937.5,-12.35794
2799941093.75,-12.36115
2799941250.0,-12.3652
2799941406.25,-12.36746
2799941562.5,-12.36875
2799941718.75,-12.37201
2799941875.0,-12.3748
2799942031.25,-12.37662
2799942187.5,-12.38053
2799942343.75,-12.38305
2799942500.0,-12.38554
2799942656.25,-12.38822
2799942812.5,-12.39087
2799942968.75,-12.3936
2799943125.0,-12.39653
2799943281.25,-12.39961
2799943437.5,-12.40246
2799943593.75,-12.40479
2799943750.0,-12.40669
2799943906.25,-12.41024
2799944062.5,-12.41255
2799944218.75,-12.41534
2799944375.0,-12.41825
2799944531.25,-12.42147
2799944687.5,-12.4244
2799944843.75,-12.42693
2799945000.0,-12.42972
2799945156.25,-12.43226
2799945312.5,-12.43412
2799945468.75,-12.43797
2799945625.0,-12.44027
2799945781.25,-12.44371
2799945937.5,-12.44611
2799946093.75,-12.44854
2799946250.0,-12.45074
2799946406.25,-12.45337
2799946562.5,-12.45675
2799946718.75,-12.45959
2799946875.0,-12.46196
2799947031.25,-12.46485
2799947187.5,-12.46754
2799947343.75,-12.47101
2799947500.0,-12.47326
2799947656.25,-12.47575
2799947812.5,-12.47901
2799947968.75,-12.48208
2799948125.0,-12.48448
2799948281.25,-12.48673
2799948437.5,-12.48917
2799948593.75,-12.49232
2799948750.0,-12.49456
2799948906.25,-12.49802
2799949062.5,-12.50023
2799949218.75,-12.50312
2799949375.0,-12.50585
2799949531.25,-12.50953
2799949687.5,-12.51044
2799949843.75,-12.51514
2799950000.0,-12.51624
2799950156.25,-12.51915
2799950312.5,-12.52209
2799950468.75,-12.52532
2799950625.0,-12.52802
2799950781.25,-12.53099
2799950937.5,-12.53272
2799951093.75,-12.53523
2799951250.0,-12.53835
2799951406.25,-12.54086
2799951562.5,-12.54363
2799951718.75,-12.54841
2799951875.0,-12.55004
2799952031.25,-12.55241
2799952187.5,-12.55453
2799952343.75,-12.55673
2799952500.0,-12.56077
2799952656.25,-12.56255
2799952812.5,-12.56569
2799952968.75,-12.56715
2799953125.0,-12.57025
2799953281.25,-12.57325
2799953437.5,-12.57579
2799953593.75,-12.57932
2799953750.0,-12.58247
2799953906.25,-12.58469
2799954062.5,-12.58652
2799954218.75,-12.59052
2799954375.0,-12.59315
2799954531.25,-12.59577
2799954687.5,-12.59901
2799954843.75,-12.60082
2799955000.0,-12.60278
2799955156.25,-12.60664
2799955312.5,-12.60839
2799955468.75,-12.61204
2799955625.0,-12.61401
2799955781.25,-12.61569
2799955937.5,-12.62023
2799956093.75,-12.62245
2799956250.0,-12.62508
2799956406.25,-12.62853
2799956562.5,-12.63099
2799956718.75,-12.63371
2799956875.0,-12.63598
2799957031.25,-12.63899
2799957187.5,-12.64174
2799957343.75,-12.64419
2799957500.0,-12.64662
2799957656.25,-12.65006
2799957812.5,-12.65242
2799957968.75,-12.65485
2799958125.0,-12.65788
2799958281.25,-12.65964
2799958437.5,-12.66221
2799958593.75,-12.66633
2799958750.0,-12.66877
2799958906.25,-12.67238
2799959062.5,-12.67468
2799959218.75,-12.67714
2799959375.0,-12.67902
2799959531.25,-12.68162
2799959687.5,-12.68507
2799959843.75,-12.68775
2799960000.0,-12.68939
2799960156.25,-12.69259
2799960312.5,-12.69578
2799960468.75,-12.69852
2799960625.0,-12.7009
2799960781.25,-12.70408
2799960937.5,-12.70504
2799961093.75,-12.7095
2799961250.0,-12.71231
2799961406.25,-12.71409
2799961562.5,-12.71679
2799961718.75,-12.71928
2799961875.0,-12.72315
2799962031.25,-12.72529
2799962187.5,-12.72713
2799962343.75,-12.73051
2799962500.0,-12.73294
2799962656.25,-12.73578
2799962812.5,-12.73809
2799962968.75,-12.74092
2799963125.0,-12.7428
2799963281.25,-12.74649
2799963437.5,-12.7494
2799963593.75,-12.75187
2799963750.0,-12.75551
2799963906.25,-12.75675
2799964062.5,-12.76054
2799964218.75,-12.76247
2799964375.0,-12.76585
2799964531.25,-12.76858
2799964687.5,-12.77025
2799964843.75,-12.77429
2799965000.0,-12.77653
2799965156.25,-12.77882
2799965312.5,-12.78091
2799965468.75,-12.78483
2799965625.0,-12.78707
2799965781.25,-12.78956
2799965937.5,-12.79274
2799966093.75,-12.79484
2799966250.0,-12.798
2799966406.25,-12.80062
2799966562.5,-12.8034
2799966718.75,-12.80591
2799966875.0,-12.80901
2799967031.25,-12.81128
2799967187.5,-12.81406
2799967343.75,-12.8164
2799967500.0,-12.81892
2799967656.25,-12.82098
2799967812.5,-12.8248
2799967968.75,-12.82747
2799968125.0,-12.82929
2799968281.25,-12.83225
2799968437.5,-12.83612
2799968593.75,-12.83828
2799968750.0,-12.84082
2799968906.25,-12.84401
2799969062.5,-12.84613
2799969218.75,-12.84862
2799969375.0,-12.85072
2799969531.25,-12.85335
2799969687.5,-12.85647
2799969843.75,-12.85877
2799970000.0,-12.86113
2799970156.25,-12.86448
2799970312.5,-12.86678
2799970468.75,-12.87003
2799970625.0,-12.87306
2799970781.25,-12.87465
2799970937.5,-12.87741
2799971093.75,-12.88115
2799971250.0,-12.88392
2799971406.25,-12.88486
2799971562.5,-12.88877
2799971718.75,-12.89156
2799971875.0,-12.89369
2799972031.25,-12.89645
2799972187.5,-12.90022
2799972343.75,-12.90158
2799972500.0,-12.90477
2799972656.25,-12.90732
2799972812.5,-12.90906
2799972968.75,-12.91296
2799973125.0,-12.91484
2799973281.25,-12.9189
2799973437.5,-12.92062
2799973593.75,-12.92382
2799973750.0,-12.92635
2799973906.25,-12.929
2799974062.5,-12.931
2799974218.75,-12.93405
2799974375.0,-12.93625
2799974531.25,-12.93789
2799974687.5,-12.9414
2799974843.75,-12.94408
2799975000.0,-12.94677
2799975156.25,-12.94995
2799975312.5,-12.95349
2799975468.75,-12.95579
2799975625.0,-12.95796
2799975781.25,-12.96142
2799975937.5,-12.96271
2799976093.75,-12.96568
2799976250.0,-12.96831
2799976406.25,-12.97048
2799976562.5,-12.97497
2799976718.75,-12.97677
2799976875.0,-12.97888
2799977031.25,-12.98236
2799977187.5,-12.98444
2799977343.75,-12.98718
2799977500.0,-12.99017
2799977656.25,-12.99217
2799977812.5,-12.99449
2799977968.75,-12.99843
2799978125.0,-13.0005
2799978281.25,-13.00287
2799978437.5,-13.00598
2799978593.75,-13.00832
2799978750.0,-13.01127
2799978906.25,-13.01546
2799979062.5,-13.01618
2799979218.75,-13.02036
2799979375.0,-13.02282
2799979531.25,-13.02582
2799979687.5,-13.02763
2799979843.75,-13.02954
2799980000.0,-13.03295
2799980156.25,-13.03519
2799980312.5,-13.03794
2799980468.75,-13.04121
2799980625.0,-13.04342
2799980781.25,-13.04586
2799980937.5,-13.04801
2799981093.75,-13.05183
2799981250.0,-13.05406
2799981406.25,-13.05721
2799981562.5,-13.06031
2799981718.75,-13.0614
2799981875.0,-13.06372
2799982031.25,-13.06702
2799982187.5,-13.0692
2799982343.75,-13.07274
2799982500.0,-13.07501
2799982656.25,-13.07795
2799982812.5,-13.08067
2799982968.75,-13.08312
2799983125.0,-13.08633
2799983281.25,-13.08838
2799983437.5,-13.09064
2799983593.75,-13.09384
2799983750.0,-13.09727
2799983906.25,-13.09933
2799984062.5,-13.10111
2799984218.75,-13.10374
2799984375.0,-13.10678
2799984531.25,-13.10947
2799984687.5,-13.11172
2799984843.75,-13.11445
2799985000.0,-13.11739
2799985156.25,-13.12008
2799985312.5,-13.12331
2799985468.75,-13.12561
2799985625.0,-13.12848
2799985781.25,-13.13024
2799985937.5,-13.13283
2799986093.75,-13.13614
2799986250.0,-13.13889
2799986406.25,-13.14117
2799986562.5,-13.14481
2799986718.75,-13.14662
2799986875.0,-13.14993
2799987031.25,-13.15165
2799987187.5,-13.15391
2799987343.75,-13.15717
2799987500.0,-13.16008
2799987656.25,-13.16227
2799987812.5,-13.16503
2799987968.75,-13.1676
2799988125.0,-13.17113
2799988281.25,-13.17256
2799988437.5,-13.17578
2799988593.75,-13.17743
2799988750.0,-13.18118
2799988906.25,-13.18361
2799989062.5,-13.18604
2799989218.75,-13.18845
2799989375.0,-13.19139
2799989531.25,-13.19447
2799989687.5,-13.19652
2799989843.75,-13.19883
2799990000.0,-13.20177
2799990156.25,-13.20388
2799990312.5,-13.20635
2799990468.75,-13.20792
2799990625.0,-13.21103
2799990781.25,-13.21423
2799990937.5,-13.21678
2799991093.75,-13.22046
2799991250.0,-13.22213
2799991406.25,-13.22476
2799991562.5,-13.22828
2799991718.75,-13.23101
2799991875.0,-13.23319
2799992031.25,-13.23542
2799992187.5,-13.23849
2799992343.75,-13.24039
2799992500.0,-13.24334
2799992656.25,-13.24549
2799992812.5,-13.24929
2799992968.75,-13.25126
2799993125.0,-13.25425
2799993281.25,-13.25716
2799993437.5,-13.25935
2799993593.75,-13.26285
2799993750.0,-13.26524
2799993906.25,-13.2677
2799994062.5,-13.26915
2799994218.75,-13.27167
2799994375.0,-13.27422
2799994531.25,-13.27679
2799994687.5,-13.27981
2799994843.75,-13.28302
2799995000.0,-13.28498
2799995156.25,-13.28851
2799995312.5,-13.29047
2799995468.75,-13.29287
2799995625.0,-13.29482
2799995781.25,-13.29783
2799995937.5,-13.30142
2799996093.75,-13.30339
2799996250.0,-13.30576
2799996406.25,-13.30991
2799996562.5,-13.31174
2799996718.75,-13.31508
2799996875.0,-13.31662
2799997031.25,-13.31912
2799997187.5,-13.32182
2799997343.75,-13.32481
2799997500.0,-13.32712
2799997656.25,-13.32936
2799997812.5,-13.33235
2799997968.75,-13.33396
2799998125.0,-13.33738
2799998281.25,-13.34042
2799998437.5,-13.34228
2799998593.75,-13.34525
2799998750.0,-13.34761
2799998906.25,-13.35038
2799999062.5,-13.35231
2799999218.75,-13.35587
2799999375.0,-13.3584
2799999531.25,-13.3615
2799999687.5,-13.36413
2799999843.75,-13.36664
2800000000.0,-13.36836
2800000156.25,-13.37217
2800000312.5,-13.37463
2800000468.75,-13.3767
2800000625.0,-13.37987
2800000781.25,-13.38068
2800000937.5,-13.38506
2800001093.75,-13.38717
2800001250.0,-13.38961
2800001406.25,-13.39282
2800001562.5,-13.39476
2800001718.75,-13.39772
2800001875.0,-13.40013
2800002031.25,-13.40243
2800002187.5,-13.40559
2800002343.75,-13.4086
2800002500.0,-13.41136
2800002656.25,-13.41328
2800002812.5,-13.41672
2800002968.75,-13.41945
2800003125.0,-13.42162
2800003281.25,-13.42416
2800003437.5,-13.42593
2800003593.75,-13.42902
2800003750.0,-13.4324
2800003906.25,-13.43397
2800004062.5,-13.43647
2800004218.75,-13.43909
2800004375.0,-13.44163
2800004531.25,-13.44388
2800004687.5,-13.44699
2800004843.75,-13.44966
2800005000.0,-13.45258
2800005156.25,-13.45502
2800005312.5,-13.45676
2800005468.75,-13.46002
2800005625.0,-13.46185
2800005781.25,-13.4651
2800005937.5,-13.46907
2800006093.75,-13.47075
2800006250.0,-13.47326
2800006406.25,-13.4751
2800006562.5,-13.47834
2800006718.75,-13.48117
2800006875.0,-13.48402
2800007031.25,-13.48594
2800007187.5,-13.48849
2800007343.75,-13.49051
2800007500.0,-13.49316
2800007656.25,-13.49647
2800007812.5,-13.49941
2800007968.75,-13.50074
2800008125.0,-13.50332
2800008281.25,-13.50589
2800008437.5,-13.50911
2800008593.75,-13.51093
2800008750.0,-13.51392
2800008906.25,-13.51663
2800009062.5,-13.51935
2800009218.75,-13.5217
2800009375.0,-13.52409
2800009531.25,-13.52838
2800009687.5,-13.53064
2800009843.75,-13.53243
2800010000.0,-13.53469
2800010156.25,-13.53741
2800010312.5,-13.53949
2800010468.75,-13.54221
2800010625.0,-13.54402
2800010781.25,-13.54757
2800010937.5,-13.55024
2800011093.75,-13.55312
2800011250.0,-13.55585
2800011406.25,-13.55758
2800011562.5,-13.56088
2800011718.75,-13.56338
2800011875.0,-13.56549
2800012031.25,-13.56851
2800012187.5,-13.5702
2800012343.75,-13.57278
2800012500.0,-13.57598
2800012656.25,-13.57748
2800012812.5,-13.58022
2800012968.75,-13.58234
2800013125.0,-13.58631
2800013281.25,-13.58896
2800013437.5,-13.5917
2800013593.75,-13.59342
2800013750.0,-13.59599
2800013906.25,-13.59955
2800014062.5,-13.60203
2800014218.75,-13.60521
2800014375.0,-13.60613
2800014531.25,-13.60834
2800014687.5,-13.61233
2800014843.75,-13.61452
2800015000.0,-13.61703
2800015156.25,-13.61903
2800015312.5,-13.62122
2800015468.75,-13.62445
2800015625.0,-13.62716
2800015781.25,-13.62858
2800015937.5,-13.63232
2800016093.75,-13.63547
2800016250.0,-13.637
2800016406.25,-13.64035
2800016562.5,-13.64256
2800016718.75,-13.64539
2800016875.0,-13.64689
2800017031.25,-13.65148
2800017187.5,-13.65319
2800017343.75,-13.65641
2800017500.0,-13.65683
2800017656.25,-13.66107
2800017812.5,-13.6626
2800017968.75,-13.66569
2800018125.0,-13.66883
2800018281.25,-13.67134
2800018437.5,-13.67334
2800018593.75,-13.67497
2800018750.0,-13.67884
2800018906.25,-13.68068
2800019062.5,-13.6831
2800019218.75,-13.68638
2800019375.0,-13.68892
2800019531.25,-13.69152
2800019687.5,-13.69413
2800019843.75,-13.69661
2800020000.0,-13.69731
2800020156.25,-13.70092
2800020312.5,-13.7043
2800020468.75,-13.70548
2800020625.0,-13.7092
2800020781.25,-13.71287
2800020937.5,-13.71411
2800021093.75,-13.71587
2800021250.0,-13.71917
2800021406.25,-13.72186
2800021562.5,-13.72334
2800021718.75,-13.72766
2800021875.0,-13.73039
2800022031.25,-13.73127
2800022187.5,-13.73464
2800022343.75,-13.73723
2800022500.0,-13.73981
2800022656.25,-13.74186
2800022812.5,-13.74598
2800022968.75,-13.74726
2800023125.0,-13.75035
2800023281.25,-13.75276
2800023437.5,-13.75491
2800023593.75,-13.75745
2800023750.0,-13.75988
2800023906.25,-13.76209
2800024062.5,-13.76431
2800024218.75,-13.76736
2800024375.0,-13.77037
2800024531.25,-13.7712
2800024687.5,-13.77419
2800024843.75,-13.7774
2800025000.0,-13.7803
2800025156.25,-13.78409
2800025312.5,-13.78502
2800025468.75,-13.78757
2800025625.0,-13.79062
2800025781.25,-13.7928
2800025937.5,-13.79436
2800026093.75,-13.79795
2800026250.0,-13.80065
2800026406.25,-13.80278
2800026562.5,-13.8047
2800026718.75,-13.80793
2800026875.0,-13.81039
2800027031.25,-13.81184
2800027187.5,-13.81557
2800027343.75,-13.81784
2800027500.0,-13.82104
2800027656.25,-13.82319
2800027812.5,-13.82514
2800027968.75,-13.82834
2800028125.0,-13.8301
2800028281.25,-13.83364
2800028437.5,-13.83652
2800028593.75,-13.83832
2800028750.0,-13.84124
2800028906.25,-13.84281
2800029062.5,-13.84686
2800029218.75,-13.84723
2800029375.0,-13.85192
2800029531.25,-13.85362
2800029687.5,-13.85556
2800029843.75,-13.85837
2800030000.0,-13.86231
2800030156.25,-13.86322
2800030312.5,-13.86521
2800030468.75,-13.86835
2800030625.0,-13.8708
2800030781.25,-13.87401
2800030937.5,-13.87596
2800031093.75,-13.87837
2800031250.0,-13.88137
2800031406.25,-13.88356
2800031562.5,-13.88544
2800031718.75,-13.88891
2800031875.0,-13.89188
2800032031.25,-13.8941
2800032187.5,-13.89622
2800032343.75,-13.89752
2800032500.0,-13.90154
2800032656.25,-13.90363
2800032812.5,-13.90569
2800032968.75,-13.909
2800033125.0,-13.91213
2800033281.25,-13.9137
2800033437.5,-13.91631
2800033593.75,-13.91813
2800033750.0,-13.92044
2800033906.25,-13.92379
2800034062.5,-13.92672
2800034218.75,-13.92813
2800034375.0,-13.93132
2800034531.25,-13.93423
2800034687.5,-13.93581
2800034843.75,-13.93893
2800035000.0,-13.94104
2800035156.25,-13.94482
2800035312.5,-13.94629
2800035468.75,-13.94877
2800035625.0,-13.95237
2800035781.25,-13.95304
2800035937.5,-13.95749
2800036093.75,-13.95889
2800036250.0,-13.9613
2800036406.25,-13.96406
2800036562.5,-13.96622
2800036718.75,-13.96983
2800036875.0,-13.97074
2800037031.25,-13.97431
2800037187.5,-13.97667
2800037343.75,-13.97879
2800037500.0,-13.98069
2800037656.25,-13.98405
2800037812.5,-13.98643
2800037968.75,-13.99024
2800038125.0,-13.99122
2800038281.25,-13.99389
2800038437.5,-13.99559
2800038593.75,-13.99923
2800038750.0,-14.00116
2800038906.25,-14.00352
2800039062.5,-14.00736
2800039218.75,-14.00915
2800039375.0,-14.01126
2800039531.25,-14.01336
2800039687.5,-14.01692
2800039843.75,-14.0196
2800040000.0,-14.02152
2800040156.25,-14.02315
2800040312.5,-14.02656
2800040468.75,-14.02869
2800040625.0,-14.0315
2800040781.25,-14.03439
2800040937.5,-14.03725
2800041093.75,-14.03835
2800041250.0,-14.04196
2800041406.25,-14.04396
2800041562.5,-14.04619
2800041718.75,-14.04846
2800041875.0,-14.05199
2800042031.25,-14.05315
2800042187.5,-14.05632
2800042343.75,-14.05833
2800042500.0,-14.06202
2800042656.25,-14.06297
2800042812.5,-14.06722
2800042968.75,-14.06824
2800043125.0,-14.07108
2800043281.25,-14.0737
2800043437.5,-14.07555
2800043593.75,-14.07844
2800043750.0,-14.08047
2800043906.25,-14.08268
2800044062.5,-14.08622
2800044218.75,-14.08873
2800044375.0,-14.09106
2800044531.25,-14.09354
2800044687.5,-14.09563
2800044843.75,-14.09813
2800045000.0,-14.10085
2800045156.25,-14.10346
2800045312.5,-14.10657
2800045468.75,-14.10818
2800045625.0,-14.11023
2800045781.25,-14.11225
2800045937.5,-14.11576
2800046093.75,-14.11729
2800046250.0,-14.12044
2800046406.25,-14.12282
2800046562.5,-14.12576
2800046718.75,-14.12692
2800046875.0,-14.12986
2800047031.25,-14.13345
2800047187.5,-14.13471
2800047343.75,-14.13669
2800047500.0,-14.13966
2800047656.25,-14.14306
2800047812.5,-14.14547
2800047968.75,-14.14778
2800048125.0,-14.15081
2800048281.25,-14.15215
2800048437.5,-14.15637
2800048593.75,-14.15721
2800048750.0,-14.16133
2800048906.25,-14.16236
2800049062.5,-14.16517
2800049218.75,-14.16761
2800049375.0,-14.16969
2800049531.25,-14.17305
2800049687.5,-14.17396
2800049843.75,-14.17761
2800050000.0,-14.18081
2800050156.25,-14.18167
2800050312.5,-14.18545
2800050468.75,-14.1873
2800050625.0,-14.18961
2800050781.25,-14.1922
2800050937.5,-14.19396
2800051093.75,-14.19728
2800051250.0,-14.20036
2800051406.25,-14.2015
2800051562.5,-14.20488
2800051718.75,-14.20626
2800051875.0,-14.20854
2800052031.25,-14.21131
2800052187.5,-14.21507
2800052343.75,-14.21746
2800052500.0,-14.21872
2800052656.25,-14.22184
2800052812.5,-14.22439
2800052968.75,-14.22665
2800053125.0,-14.22845
2800053281.25,-14.23271
2800053437.5,-14.23456
2800053593.75,-14.23605
2800053750.0,-14.23906
2800053906.25,-14.24144
2800054062.5,-14.24395
2800054218.75,-14.24624
2800054375.0,-14.24882
2800054531.25,-14.25112
2800054687.5,-14.25342
2800054843.75,-14.25552
2800055000.0,-14.2589
2800055156.25,-14.26023
2800055312.5,-14.2647
2800055468.75,-14.26525
2800055625.0,-14.26814
2800055781.25,-14.2701
2800055937.5,-14.27252
2800056093.75,-14.27511
2800056250.0,-14.27746
2800056406.25,-14.28026
2800056562.5,-14.28285
2800056718.75,-14.2857
2800056875.0,-14.28727
2800057031.25,-14.29033
2800057187.5,-14.29185
2800057343.75,-14.29446
2800057500.0,-14.2969
2800057656.25,-14.3005
2800057812.5,-14.30239
2800057968.75,-14.30528
2800058125.0,-14.30781
2800058281.25,-14.3095
2800058437.5,-14.31374
2800058593.75,-14.31429
2800058750.0,-14.31751
2800058906.25,-14.31911
2800059062.5,-14.3219
2800059218.75,-14.32479
2800059375.0,-14.32647
2800059531.25,-14.32953
2800059687.5,-14.33228
2800059843.75,-14.33386
2800060000.0,-14.33746
2800060156.25,-14.33906
2800060312.5,-14.34135
2800060468.75,-14.34416
2800060625.0,-14.34662
2800060781.25,-14.34871
2800060937.5,-14.35093
2800061093.75,-14.35426
2800061250.0,-14.35637
2800061406.25,-14.35871
2800061562.5,-14.36133
2800061718.75,-14.36357
2800061875.0,-14.36557
2800062031.25,-14.36724
2800062187.5,-14.37134
2800062343.75,-14.37336
2800062500.0,-14.37522
2800062656.25,-14.37771
2800062812.5,-14.38133
2800062968.75,-14.38289
2800063125.0,-14.38507
2800063281.25,-14.38778
2800063437.5,-14.39044
2800063593.75,-14.3925
2800063750.0,-14.39479
2800063906.25,-14.39771
2800064062.5,-14.39978
2800064218.75,-14.4017
2800064375.0,-14.40574
2800064531.25,-14.4067
2800064687.5,-14.40979
2800064843.75,-14.41194
2800065000.0,-14.41343
2800065156.25,-14.41613
2800065312.5,-14.41876
2800065468.75,-14.42198
2800065625.0,-14.42398
2800065781.25,-14.42565
2800065937.5,-14.42955
2800066093.75,-14.43155
2800066250.0,-14.43331
2800066406.25,-14.43792
2800066562.5,-14.43873
2800066718.75,-14.43996
2800066875.0,-14.44429
2800067031.25,-14.44563
2800067187.5,-14.44797
2800067343.75,-14.44919
2800067500.0,-14.45378
2800067656.25,-14.45429
2800067812.5,-14.45752
2800067968.75,-14.4604
2800068125.0,-14.46232
2800068281.25,-14.46507
2800068437.5,-14.46558
2800068593.75,-14.4701
2800068750.0,-14.47201
2800068906.25,-14.47585
2800069062.5,-14.4766
2800069218.75,-14.47895
2800069375.0,-14.48174
2800069531.25,-14.48394
2800069687.5,-14.4863
2800069843.75,-14.48978
2800070000.0,-14.49178
2800070156.25,-14.49343
2800070312.5,-14.4954
2800070468.75,-14.49852
2800070625.0,-14.50115
2800070781.25,-14.50413
2800070937.5,-14.50543
2800071093.75,-14.50787
2800071250.0,-14.5096
2800071406.25,-14.51202
2800071562.5,-14.51487
2800071718.75,-14.51836
2800071875.0,-14.5208
2800072031.25,-14.52378
2800072187.5,-14.52442
2800072343.75,-14.528
2800072500.0,-14.5299
2800072656.25,-14.53179
2800072812.5,-14.53455
2800072968.75,-14.53672
2800073125.0,-14.53996
2800073281.25,-14.54201
2800073437.5,-14.54455
2800073593.75,-14.54574
2800073750.0,-14.54924
2800073906.25,-14.5507
2800074062.5,-14.55446
2800074218.75,-14.5555
2800074375.0,-14.55824
2800074531.25,-14.56129
2800074687.5,-14.56441
2800074843.75,-14.56593
2800075000.0,-14.56773
2800075156.25,-14.5713
2800075312.5,-14.5728
2800075468.75,-14.57653
2800075625.0,-14.57772
2800075781.25,-14.57922
2800075937.5,-14.58182
2800076093.75,-14.58589
2800076250.0,-14.58696
2800076406.25,-14.58944
2800076562.5,-14.59256
2800076718.75,-14.594
2800076875.0,-14.59736
2800077031.25,-14.59833
2800077187.5,-14.60126
2800077343.75,-14.60322
2800077500.0,-14.60579
2800077656.25,-14.60912
2800077812.5,-14.61088
2800077968.75,-14.61415
2800078125.0,-14.6158
2800078281.25,-14.61696
2800078437.5,-14.62035
2800078593.75,-14.62323
2800078750.0,-14.62513
2800078906.25,-14.62768
2800079062.5,-14.62967
2800079218.75,-14.63307
2800079375.0,-14.63495
2800079531.25,-14.63723
2800079687.5,-14.63894
2800079843.75,-14.6431
2800080000.0,-14.64488
2800080156.25,-14.64693
2800080312.5,-14.64934
2800080468.75,-14.65199
2800080625.0,-14.65424
2800080781.25,-14.65602
2800080937.5,-14.65877
2800081093.75,-14.66033
2800081250.0,-14.66403
2800081406.25,-14.66585
2800081562.5,-14.66768
2800081718.75,-14.67145
2800081875.0,-14.67328
2800082031.25,-14.67637
2800082187.5,-14.67625
2800082343.75,-14.68188
2800082500.0,-14.68244
2800082656.25,-14.68446
2800082812.5,-14.68581
2800082968.75,-14.68913
2800083125.0,-14.6921
2800083281.25,-14.6946
2800083437.5,-14.69596
2800083593.75,-14.69935
2800083750.0,-14.70113
2800083906.25,-14.7034
2800084062.5,-14.70704
2800084218.75,-14.70811
2800084375.0,-14.71182
2800084531.25,-14.71336
2800084687.5,-14.71479
2800084843.75,-14.71848
2800085000.0,-14.71916
2800085156.25,-14.72231
2800085312.5,-14.72371
2800085468.75,-14.72723
2800085625.0,-14.72901
2800085781.25,-14.73187
2800085937.5,-14.73529
2800086093.75,-14.73674
2800086250.0,-14.73784
2800086406.25,-14.7422
2800086562.5,-14.7438
2800086718.75,-14.74653
2800086875.0,-14.74901
2800087031.25,-14.75101
2800087187.5,-14.75285
2800087343.75,-14.75689
2800087500.0,-14.75836
2800087656.25,-14.76097
2800087812.5,-14.76185
2800087968.75,-14.76562
2800088125.0,-14.76585
2800088281.25,-14.76988
2800088437.5,-14.77179
2800088593.75,-14.77351
2800088750.0,-14.7776
2800088906.25,-14.77946
2800089062.5,-14.78142
2800089218.75,-14.78325
2800089375.0,-14.78615
2800089531.25,-14.78972
2800089687.5,-14.79239
2800089843.75,-14.79388
2800090000.0,-14.79459
2800090156.25,-14.79818
2800090312.5,-14.79942
2800090468.75,-14.80151
2800090625.0,-14.80407
2800090781.25,-14.80788
2800090937.5,-14.80987
2800091093.75,-14.81177
2800091250.0,-14.81377
2800091406.25,-14.81626
2800091562.5,-14.81838
2800091718.75,-14.82048
2800091875.0,-14.82309
2800092031.25,-14.82568
2800092187.5,-14.82858
2800092343.75,-14.83166
2800092500.0,-14.83323
2800092656.25,-14.83523
2800092812.5,-14.83762
2800092968.75,-14.83912
2800093125.0,-14.842
2800093281.25,-14.8438
2800093437.5,-14.8475
2800093593.75,-14.84968
2800093750.0,-14.8518
2800093906.25,-14.85396
2800094062.5,-14.8579
2800094218.75,-14.859
2800094375.0,-14.86158
2800094531.25,-14.86415
2800094687.5,-14.86645
2800094843.75,-14.86703
2800095000.0,-14.87012
2800095156.25,-14.87301
2800095312.5,-14.87523
2800095468.75,-14.87712
2800095625.0,-14.88027
2800095781.25,-14.88211
2800095937.5,-14.88497
2800096093.75,-14.88715
2800096250.0,-14.88887
2800096406.25,-14.89272
2800096562.5,-14.89281
2800096718.75,-14.89728
2800096875.0,-14.89806
2800097031.25,-14.90092
2800097187.5,-14.90396
2800097343.75,-14.90609
2800097500.0,-14.90699
2800097656.25,-14.9102
2800097812.5,-14.9136
2800097968.75,-14.91447
2800098125.0,-14.91736
2800098281.25,-14.91942
2800098437.5,-14.92254
2800098593.75,-14.92342
2800098750.0,-14.92616
2800098906.25,-14.92772
2800099062.5,-14.93064
2800099218.75,-14.93319
2800099375.0,-14.9362
2800099531.25,-14.93871
2800099687.5,-14.94003
2800099843.75,-14.94398
2800100000.0,-14.94547
2800100156.25,-14.94673
2800100312.5,-14.94982
2800100468.75,-14.95184
2800100625.0,-14.9534
2800100781.25,-14.95607
2800100937.5,-14.95968
2800101093.75,-14.96098
2800101250.0,-14.96292
2800101406.25,-14.96599
2800101562.5,-14.96874
2800101718.75,-14.97034
2800101875.0,-14.97295
2800102031.25,-14.97476
2800102187.5,-14.97734
2800102343.75,-14.97981
2800102500.0,-14.9818
2800102656.25,-14.98549
2800102812.5,-14.98577
2800102968.75,-14.9887
2800103125.0,-14.99094
2800103281.25,-14.99467
2800103437.5,-14.99636
2800103593.75,-14.99843
2800103750.0,-15.00049
2800103906.25,-15.00315
2800104062.5,-15.00502
2800104218.75,-15.00924
2800104375.0,-15.00873
2800104531.25,-15.01206
2800104687.5,-15.01415
2800104843.75,-15.01752
2800105000.0,-15.01929
2800105156.25,-15.02205
2800105312.5,-15.02341
2800105468.75,-15.02674
2800105625.0,-15.02866
2800105781.25,-15.03058
2800105937.5,-15.0341
2800106093.75,-15.03573
2800106250.0,-15.03833
2800106406.25,-15.03935
2800106562.5,-15.04241
2800106718.75,-15.04437
2800106875.0,-15.04678
2800107031.25,-15.04883
2800107187.5,-15.05123
2800107343.75,-15.05446
2800107500.0,-15.0559
2800107656.25,-15.05895
2800107812.5,-15.06002
2800107968.75,-15.06274
2800108125.0,-15.06522
2800108281.25,-15.0675
2800108437.5,-15.07005
2800108593.75,-15.07254
2800108750.0,-15.07543
2800108906.25,-15.07752
2800109062.5,-15.07865
2800109218.75,-15.08094
2800109375.0,-15.08455
2800109531.25,-15.08583
2800109687.5,-15.08737
2800109843.75,-15.09067
2800110000.0,-15.0927
2800110156.25,-15.095
2800110312.5,-15.09685
2800110468.75,-15.09918
2800110625.0,-15.09994
2800110781.25,-15.10329
2800110937.5,-15.10617
2800111093.75,-15.1096
2800111250.0,-15.11271
2800111406.25,-15.11282
2800111562.5,-15.11571
2800111718.75,-15.11786
2800111875.0,-15.12042
2800112031.25,-15.12153
2800112187.5,-15.12429
2800112343.75,-15.12622
2800112500.0,-15.12987
2800112656.25,-15.13172
2800112812.5,-15.13389
2800112968.75,-15.13688
2800113125.0,-15.13774
2800113281.25,-15.14005
2800113437.5,-15.14315
2800113593.75,-15.14566
2800113750.0,-15.14812
2800113906.25,-15.14915
2800114062.5,-15.15234
2800114218.75,-15.15497
2800114375.0,-15.15586
2800114531.25,-15.15853
2800114687.5,-15.16056
2800114843.75,-15.16411
2800115000.0,-15.16692
2800115156.25,-15.16798
2800115312.5,-15.17059
2800115468.75,-15.17246
2800115625.0,-15.17477
2800115781.25,-15.1784
2800115937.5,-15.17973
2800116093.75,-15.18351
2800116250.0,-15.18389
2800116406.25,-15.18596
2800116562.5,-15.18938
2800116718.75,-15.19061
2800116875.0,-15.19318
2800117031.25,-15.19482
2800117187.5,-15.19864
2800117343.75,-15.20054
2800117500.0,-15.20286
2800117656.25,-15.20574
2800117812.5,-15.2068
2800117968.75,-15.2095
2800118125.0,-15.21028
2800118281.25,-15.21317
2800118437.5,-15.21761
2800118593.75,-15.21716
2800118750.0,-15.22173
2800118906.25,-15.22279
2800119062.5,-15.22464
2800119218.75,-15.2275
2800119375.0,-15.22985
2800119531.25,-15.23125
2800119687.5,-15.23271
2800119843.75,-15.23715
2800120000.0,-15.23754
2800120156.25,-15.24117
2800120312.5,-15.24258
2800120468.75,-15.24568
2800120625.0,-15.24635
2800120781.25,-15.24971
2800120937.5,-15.25236
2800121093.75,-15.25381
2800121250.0,-15.25584
2800121406.25,-15.2583
2800121562.5,-15.26079
2800121718.75,-15.26348
2800121875.0,-15.26559
2800122031.25,-15.26703
2800122187.5,-15.26912
2800122343.75,-15.27269
2800122500.0,-15.27389
2800122656.25,-15.27715
2800122812.5,-15.27935
2800122968.75,-15.28167
2800123125.0,-15.28325
2800123281.25,-15.28613
2800123437.5,-15.2883
2800123593.75,-15.28961
2800123750.0,-15.29337
2800123906.25,-15.29388
2800124062.5,-15.29752
2800124218.75,-15.29922
2800124375.0,-15.30204
2800124531.25,-15.30284
2800124687.5,-15.30751
2800124843.75,-15.30965
2800125000.0,-15.31171
2800125156.25,-15.31335
2800125312.5,-15.31518
2800125468.75,-15.31817
2800125625.0,-15.3193
2800125781.25,-15.32284
2800125937.5,-15.32407
2800126093.75,-15.32588
2800126250.0,-15.32775
2800126406.25,-15.3307
2800126562.5,-15.33296
2800126718.75,-15.33394
2800126875.0,-15.33859
2800127031.25,-15.33945
2800127187.5,-15.34243
2800127343.75,-15.34479
2800127500.0,-15.34697
2800127656.25,-15.34881
2800127812.5,-15.35164
2800127968.75,-15.35258
2800128125.0,-15.35592
2800128281.25,-15.359
2800128437.5,-15.35999
2800128593.75,-15.36279
2800128750.0,-15.36359
2800128906.25,-15.36714
2800129062.5,-15.36854
2800129218.75,-15.37188
2800129375.0,-15.37286
2800129531.25,-15.37704
2800129687.5,-15.37829
2800129843.75,-15.38036
2800130000.0,-15.38259
2800130156.25,-15.38539
2800130312.5,-15.38641
2800130468.75,-15.38884
2800130625.0,-15.39129
2800130781.25,-15.39345
2800130937.5,-15.39629
2800131093.75,-15.39835
2800131250.0,-15.39995
2800131406.25,-15.40218
2800131562.5,-15.40348
2800131718.75,-15.408
2800131875.0,-15.40891
2800132031.25,-15.4122
2800132187.5,-15.41209
2800132343.75,-15.41518
2800132500.0,-15.41898
2800132656.25,-15.42086
2800132812.5,-15.42364
2800132968.75,-15.42505
2800133125.0,-15.4275
2800133281.25,-15.42833
2800133437.5,-15.43064
2800133593.75,-15.43532
2800133750.0,-15.43616
2800133906.25,-15.43935
2800134062.5,-15.44076
2800134218.75,-15.44333
2800134375.0,-15.4453
2800134531.25,-15.44787
2800134687.5,-15.44951
2800134843.75,-15.45007
2800135000.0,-15.45317
2800135156.25,-15.45618
2800135312.5,-15.4582
2800135468.75,-15.45929
2800135625.0,-15.46234
2800135781.25,-15.46505
2800135937.5,-15.46661
2800136093.75,-15.46903
2800136250.0,-15.4713
2800136406.25,-15.47544
2800136562.5,-15.47593
2800136718.75,-15.47862
2800136875.0,-15.48057
2800137031.25,-15.48232
2800137187.5,-15.48539
2800137343.75,-15.48675
2800137500.0,-15.48956
2800137656.25,-15.4917
2800137812.5,-15.4944
2800137968.75,-15.49569
2800138125.0,-15.49755
2800138281.25,-15.50083
2800138437.5,-15.50299
2800138593.75,-15.50555
2800138750.0,-15.50674
2800138906.25,-15.509
2800139062.5,-15.51036
2800139218.75,-15.51376
2800139375.0,-15.51556
2800139531.25,-15.51838
2800139687.5,-15.52021
2800139843.75,-15.52308
2800140000.0,-15.52522
2800140156.25,-15.52615
2800140312.5,-15.52831
2800140468.75,-15.53098
2800140625.0,-15.53315
2800140781.25,-15.53443
2800140937.5,-15.53893
2800141093.75,-15.53909
2800141250.0,-15.54156
2800141406.25,-15.54471
2800141562.5,-15.54645
2800141718.75,-15.54886
2800141875.0,-15.55149
2800142031.25,-15.55318
2800142187.5,-15.55459
2800142343.75,-15.5581
2800142500.0,-15.55929
2800142656.25,-15.56172
2800142812.5,-15.56388
2800142968.75,-15.56781
2800143125.0,-15.56851
2800143281.25,-15.57079
2800143437.5,-15.5735
2800143593.75,-15.57595
2800143750.0,-15.57835
2800143906.25,-15.57998
2800144062.5,-15.58185
2800144218.75,-15.5846
2800144375.0,-15.58602
2800144531.25,-15.5885
2800144687.5,-15.5914
2800144843.75,-15.5918
2800145000.0,-15.5948
2800145156.25,-15.59757
2800145312.5,-15.59885
2800145468.75,-15.60023
2800145625.0,-15.60437
2800145781.25,-15.60563
2800145937.5,-15.60773
2800146093.75,-15.61029
2800146250.0,-15.61385
2800146406.25,-15.61504
2800146562.5,-15.61718
2800146718.75,-15.61988
2800146875.0,-15.62113
2800147031.25,-15.62349
2800147187.5,-15.62685
2800147343.75,-15.62845
2800147500.0,-15.63154
2800147656.25,-15.63243
2800147812.5,-15.63581
2800147968.75,-15.63841
2800148125.0,-15.6392
2800148281.25,-15.64188
2800148437.5,-15.64361
2800148593.75,-15.64547
2800148750.0,-15.64721
2800148906.25,-15.65092
2800149062.5,-15.65286
2800149218.75,-15.65351
2800149375.0,-15.65635
2800149531.25,-15.65919
2800149687.5,-15.66027
2800149843.75,-15.66415
2800150000.0,-15.66504
2800150156.25,-15.66709
2800150312.5,-15.66921
2800150468.75,-15.67172
2800150625.0,-15.67335
2800150781.25,-15.67591
2800150937.5,-15.67837
2800151093.75,-15.68058
2800151250.0,-15.68336
2800151406.25,-15.68621
2800151562.5,-15.68804
2800151718.75,-15.68914
2800151875.0,-15.69049
2800152031.25,-15.69365
2800152187.5,-15.69621
2800152343.75,-15.69775
2800152500.0,-15.69967
2800152656.25,-15.70218
2800152812.5,-15.70522
2800152968.75,-15.70633
2800153125.0,-15.7088
2800153281.25,-15.71013
2800153437.5,-15.71389
2800153593.75,-15.71548
2800153750.0,-15.71704
2800153906.25,-15.71955
2800154062.5,-15.72297
2800154218.75,-15.72449
2800154375.0,-15.72586
2800154531.25,-15.72746
2800154687.5,-15.73024
2800154843.75,-15.73353
2800155000.0,-15.73416
2800155156.25,-15.7372
2800155312.5,-15.73841
2800155468.75,-15.74089
2800155625.0,-15.74325
2800155781.25,-15.74704
2800155937.5,-15.7467
2800156093.75,-15.74966
2800156250.0,-15.75203
2800156406.25,-15.75446
2800156562.5,-15.75729
2800156718.75,-15.7576
2800156875.0,-15.75868
2800157031.25,-15.76228
2800157187.5,-15.76587
2800157343.75,-15.76752
2800157500.0,-15.76878
2800157656.25,-15.77182
2800157812.5,-15.77345
2800157968.75,-15.77474
2800158125.0,-15.77896
2800158281.25,-15.7803
2800158437.5,-15.78294
2800158593.75,-15.78473
2800158750.0,-15.78626
2800158906.25,-15.78906
2800159062.5,-15.79102
2800159218.75,-15.79244
2800159375.0,-15.79585
2800159531.25,-15.79755
2800159687.5,-15.79879
2800159843.75,-15.8031
2800160000.0,-15.8037
2800160156.25,-15.80596
2800160312.5,-15.8072
2800160468.75,-15.80968
2800160625.0,-15.81262
2800160781.25,-15.81585
2800160937.5,-15.81668
2800161093.75,-15.81879
2800161250.0,-15.8203
2800161406.25,-15.82362
2800161562.5,-15.82596
2800161718.75,-15.82767
2800161875.0,-15.82949
2800162031.25,-15.83172
2800162187.5,-15.83357
2800162343.75,-15.8372
2800162500.0,-15.8385
2800162656.25,-15.83981
2800162812.5,-15.84174
2800162968.75,-15.84464
2800163125.0,-15.84699
2800163281.25,-15.84936
2800163437.5,-15.851
2800163593.75,-15.85204
2800163750.0,-15.85497
2800163906.25,-15.8557
2800164062.5,-15.85888
2800164218.75,-15.86234
2800164375.0,-15.86298
2800164531.25,-15.86616
2800164687.5,-15.86845
2800164843.75,-15.8707
2800165000.0,-15.8731
2800165156.25,-15.87382
2800165312.5,-15.87693
2800165468.75,-15.87987
2800165625.0,-15.8802
2800165781.25,-15.88262
2800165937.5,-15.88384
2800166093.75,-15.88665
2800166250.0,-15.88977
2800166406.25,-15.89159
2800166562.5,-15.89473
2800166718.75,-15.89627
2800166875.0,-15.89858
2800167031.25,-15.90043
2800167187.5,-15.90165
2800167343.75,-15.90313
2800167500.0,-15.90699
2800167656.25,-15.90859
2800167812.5,-15.91155
2800167968.75,-15.91313
2800168125.0,-15.91539
2800168281.25,-15.91726
2800168437.5,-15.91967
2800168593.75,-15.92149
2800168750.0,-15.92498
2800168906.25,-15.92709
2800169062.5,-15.92801
2800169218.75,-15.92935
2800169375.0,-15.93215
2800169531.25,-15.93527
2800169687.5,-15.93806
2800169843.75,-15.93898
2800170000.0,-15.94182
2800170156.25,-15.94227
2800170312.5,-15.94429
2800170468.75,-15.94752
2800170625.0,-15.95031
2800170781.25,-15.95084
2800170937.5,-15.95481
2800171093.75,-15.95615
2800171250.0,-15.95784
2800171406.25,-15.96009
2800171562.5,-15.96219
2800171718.75,-15.96297
2800171875.0,-15.96614
2800172031.25,-15.96762
2800172187.5,-15.97135
2800172343.75,-15.97192
2800172500.0,-15.97353
2800172656.25,-15.97716
2800172812.5,-15.97915
2800172968.75,-15.97985
2800173125.0,-15.98319
2800173281.25,-15.98547
2800173437.5,-15.9878
2800173593.75,-15.99028
2800173750.0,-15.99235
2800173906.25,-15.9945
2800174062.5,-15.99729
2800174218.75,-15.99812
2800174375.0,-15.99959
2800174531.25,-16.00369
2800174687.5,-16.00372
2800174843.75,-16.0069
2800175000.0,-16.00979
2800175156.25,-16.01078
2800175312.5,-16.0136
2800175468.75,-16.01566
2800175625.0,-16.01748
2800175781.25,-16.01954
2800175937.5,-16.02171
2800176093.75,-16.02364
2800176250.0,-16.02482
2800176406.25,-16.02923
2800176562.5,-16.02949
2800176718.75,-16.03327
2800176875.0,-16.03492
2800177031.25,-16.03608
2800177187.5,-16.03865
2800177343.75,-16.04076
2800177500.0,-16.04268
2800177656.25,-16.04592
2800177812.5,-16.04717
2800177968.75,-16.04946
2800178125.0,-16.04908
2800178281.25,-16.05142
2800178437.5,-16.0557
2800178593.75,-16.05802
2800178750.0,-16.05977
2800178906.25,-16.0619
2800179062.5,-16.06406
2800179218.75,-16.06573
2800179375.0,-16.06698
2800179531.25,-16.07031
2800179687.5,-16.07173
2800179843.75,-16.07289
2800180000.0,-16.07497
2800180156.25,-16.07847
2800180312.5,-16.08011
2800180468.75,-16.08316
2800180625.0,-16.08526
2800180781.25,-16.08598
2800180937.5,-16.08935
2800181093.75,-16.09021
2800181250.0,-16.093
2800181406.25,-16.09399
2800181562.5,-16.09636
2800181718.75,-16.10056
2800181875.0,-16.10038
2800182031.25,-16.1037
2800182187.5,-16.10611
2800182343.75,-16.10689
2800182500.0,-16.10964
2800182656.25,-16.11209
2800182812.5,-16.11413
2800182968.75,-16.11629
2800183125.0,-16.11806
2800183281.25,-16.12009
2800183437.5,-16.12218
2800183593.75,-16.12523
2800183750.0,-16.12658
2800183906.25,-16.12775
2800184062.5,-16.13018
2800184218.75,-16.13264
2800184375.0,-16.13562
2800184531.25,-16.13651
2800184687.5,-16.1395
2800184843.75,-16.14145
2800185000.0,-16.14401
2800185156.25,-16.14575
2800185312.5,-16.14799
2800185468.75,-16.14864
2800185625.0,-16.15279
2800185781.25,-16.15294
2800185937.5,-16.156
2800186093.75,-16.15823
2800186250.0,-16.15891
2800186406.25,-16.16134
2800186562.5,-16.16448
2800186718.75,-16.16633
2800186875.0,-16.1692
2800187031.25,-16.16942
2800187187.5,-16.17345
2800187343.75,-16.17389
2800187500.0,-16.17651
2800187656.25,-16.17808
2800187812.5,-16.18086
2800187968.75,-16.18355
2800188125.0,-16.18589
2800188281.25,-16.18758
2800188437.5,-16.19008
2800188593.75,-16.19136
2800188750.0,-16.19391
2800188906.25,-16.19638
2800189062.5,-16.19781
2800189218.75,-16.1997
2800189375.0,-16.20166
2800189531.25,-16.2043
2800189687.5,-16.20529
2800189843.75,-16.20699
2800190000.0,-16.21126
2800190156.25,-16.21218
2800190312.5,-16.21406
2800190468.75,-16.21598
2800190625.0,-16.21821
2800190781.25,-16.22086
2800190937.5,-16.22267
2800191093.75,-16.22491
2800191250.0,-16.2279
2800191406.25,-16.22944
2800191562.5,-16.2305
2800191718.75,-16.23238
2800191875.0,-16.23538
2800192031.25,-16.23671
2800192187.5,-16.23937
2800192343.75,-16.24054
2800192500.0,-16.24447
2800192656.25,-16.24546
2800192812.5,-16.24916
2800192968.75,-16.25081
2800193125.0,-16.25058
2800193281.25,-16.2536
2800193437.5,-16.25694
2800193593.75,-16.25887
2800193750.0,-16.25906
2800193906.25,-16.26106
2800194062.5,-16.26497
2800194218.75,-16.2668
2800194375.0,-16.26776
2800194531.25,-16.27019
2800194687.5,-16.27231
2800194843.75,-16.27318
2800195000.0,-16.27656
2800195156.25,-16.27843
2800195312.5,-16.27828
2800195468.75,-16.28191
2800195625.0,-16.28485
2800195781.25,-16.28683
2800195937.5,-16.29012
2800196093.75,-16.29149
2800196250.0,-16.29362
2800196406.25,-16.2953
2800196562.5,-16.29665
2800196718.75,-16.29882
2800196875.0,-16.30144
2800197031.25,-16.30418
2800197187.5,-16.30484
2800197343.75,-16.30729
2800197500.0,-16.30932
2800197656.25,-16.31246
2800197812.5,-16.31359
2800197968.75,-16.31519
2800198125.0,-16.31665
2800198281.25,-16.31902
2800198437.5,-16.32023
2800198593.75,-16.32442
2800198750.0,-16.32482
2800198906.25,-16.32736
2800199062.5,-16.32992
2800199218.75,-16.33176
2800199375.0,-16.33395
2800199531.25,-16.33564
2800199687.5,-16.3372
2800199843.75,-16.34045
2800200000.0,-16.34297
2800200156.25,-16.34389
2800200312.5,-16.34565
2800200468.75,-16.34788
2800200625.0,-16.34956
2800200781.25,-16.35088
2800200937.5,-16.35456
2800201093.75,-16.3567
2800201250.0,-16.35812
2800201406.25,-16.36016
2800201562.5,-16.36294
2800201718.75,-16.3642
2800201875.0,-16.36638
2800202031.25,-16.36815
2800202187.5,-16.37107
2800202343.75,-16.37231
2800202500.0,-16.37442
2800202656.25,-16.37693
2800202812.5,-16.37856
2800202968.75,-16.38156
2800203125.0,-16.383
2800203281.25,-16.38548
2800203437.5,-16.38581
2800203593.75,-16.38967
2800203750.0,-16.39153
2800203906.25,-16.39268
2800204062.5,-16.39541
2800204218.75,-16.39761
2800204375.0,-16.40093
2800204531.25,-16.40134
2800204687.5,-16.40368
2800204843.75,-16.40522
2800205000.0,-16.40822
2800205156.25,-16.40861
2800205312.5,-16.41277
2800205468.75,-16.41402
2800205625.0,-16.4147
2800205781.25,-16.41938
2800205937.5,-16.41996
2800206093.75,-16.42191
2800206250.0,-16.42431
2800206406.25,-16.42576
2800206562.5,-16.42852
2800206718.75,-16.42973
2800206875.0,-16.43281
2800207031.25,-16.43488
2800207187.5,-16.43673
2800207343.75,-16.43776
2800207500.0,-16.44233
2800207656.25,-16.4407
2800207812.5,-16.44434
2800207968.75,-16.44748
2800208125.0,-16.44743
2800208281.25,-16.45095
2800208437.5,-16.45263
2800208593.75,-16.45536
2800208750.0,-16.45617
2800208906.25,-16.46052
2800209062.5,-16.46012
2800209218.75,-16.4627
2800209375.0,-16.46399
2800209531.25,-16.46701
2800209687.5,-16.46935
2800209843.75,-16.4697
2800210000.0,-16.47278
2800210156.25,-16.47479
2800210312.5,-16.47613
2800210468.75,-16.47969
2800210625.0,-16.48141
2800210781.25,-16.48428
2800210937.5,-16.48606
2800211093.75,-16.48664
2800211250.0,-16.48829
2800211406.25,-16.49085
2800211562.5,-16.49232
2800211718.75,-16.49492
2800211875.0,-16.49695
2800212031.25,-16.49787
2800212187.5,-16.50058
2800212343.75,-16.50379
2800212500.0,-16.50541
2800212656.25,-16.50602
2800212812.5,-16.50929
2800212968.75,-16.5112
2800213125.0,-16.51348
2800213281.25,-16.51474
2800213437.5,-16.51707
2800213593.75,-16.51815
2800213750.0,-16.52215
2800213906.25,-16.52391
2800214062.5,-16.52517
2800214218.75,-16.52678
2800214375.0,-16.52751
2800214531.25,-16.53069
2800214687.5,-16.53344
2800214843.75,-16.5358
2800215000.0,-16.53708
2800215156.25,-16.53856
2800215312.5,-16.53973
2800215468.75,-16.54328
2800215625.0,-16.54675
2800215781.25,-16.54736
2800215937.5,-16.5487
2800216093.75,-16.55131
2800216250.0,-16.55454
2800216406.25,-16.55601
2800216562.5,-16.55655
2800216718.75,-16.5597
2800216875.0,-16.56289
2800217031.25,-16.56243
2800217187.5,-16.56497
2800217343.75,-16.56869
2800217500.0,-16.56975
2800217656.25,-16.57102
2800217812.5,-16.5732
2800217968.75,-16.57607
2800218125.0,-16.57613
2800218281.25,-16.57955
2800218437.5,-16.58043
2800218593.75,-16.58509
2800218750.0,-16.58455
2800218906.25,-16.58816
2800219062.5,-16.5901
2800219218.75,-16.59177
2800219375.0,-16.59393
2800219531.25,-16.59489
2800219687.5,-16.59723
2800219843.75,-16.59958
2800220000.0,-16.60155
2800220156.25,-16.60385
2800220312.5,-16.60566
2800220468.75,-16.60648
2800220625.0,-16.60898
2800220781.25,-16.61138
2800220937.5,-16.61254
2800221093.75,-16.61549
2800221250.0,-16.61722
2800221406.25,-16.61926
2800221562.5,-16.62124
2800221718.75,-16.62402
2800221875.0,-16.6258
2800222031.25,-16.62833
2800222187.5,-16.6297
2800222343.75,-16.63059
2800222500.0,-16.63335
2800222656.25,-16.63459
2800222812.5,-16.63767
2800222968.75,-16.63947
2800223125.0,-16.64116
2800223281.25,-16.64315
2800223437.5,-16.64403
2800223593.75,-16.64678
2800223750.0,-16.64855
2800223906.25,-16.65194
2800224062.5,-16.65345
2800224218.75,-16.65626
2800224375.0,-16.65811
2800224531.25,-16.65982
2800224687.5,-16.66129
2800224843.75,-16.66354
2800225000.0,-16.66571
2800225156.25,-16.66784
2800225312.5,-16.66932
2800225468.75,-16.66971
2800225625.0,-16.67432
2800225781.25,-16.6752
2800225937.5,-16.67646
2800226093.75,-16.67924
2800226250.0,-16.68143
2800226406.25,-16.68393
2800226562.5,-16.68498
2800226718.75,-16.68749
2800226875.0,-16.6892
2800227031.25,-16.69186
2800227187.5,-16.69371
2800227343.75,-16.69489
2800227500.0,-16.69639
2800227656.25,-16.69818
2800227812.5,-16.70015
2800227968.75,-16.7028
2800228125.0,-16.7042
2800228281.25,-16.7063
2800228437.5,-16.70808
2800228593.75,-16.70925
2800228750.0,-16.71269
2800228906.25,-16.71534
2800229062.5,-16.71662
2800229218.75,-16.7202
2800229375.0,-16.72038
2800229531.25,-16.72166
2800229687.5,-16.72401
2800229843.75,-16.72689
2800230000.0,-16.72827
2800230156.25,-16.73124
2800230312.5,-16.73299
2800230468.75,-16.7339
2800230625.0,-16.73551
2800230781.25,-16.73905
2800230937.5,-16.74084
2800231093.75,-16.74161
2800231250.0,-16.74405
2800231406.25,-16.74672
2800231562.5,-16.74767
2800231718.75,-16.75033
2800231875.0,-16.752
2800232031.25,-16.75487
2800232187.5,-16.75664
2800232343.75,-16.75775
2800232500.0,-16.76054
2800232656.25,-16.76146
2800232812.5,-16.76458
2800232968.75,-16.76775
2800233125.0,-16.76669
2800233281.25,-16.77007
2800233437.5,-16.7722
2800233593.75,-16.77496
2800233750.0,-16.77617
2800233906.25,-16.77888
2800234062.5,-16.78044
2800234218.75,-16.78146
2800234375.0,-16.78362
2800234531.25,-16.78574
2800234687.5,-16.78695
2800234843.75,-16.78891
2800235000.0,-16.79138
2800235156.25,-16.79371
2800235312.5,-16.79525
2800235468.75,-16.79761
2800235625.0,-16.79985
2800235781.25,-16.80139
2800235937.5,-16.80374
2800236093.75,-16.80662
2800236250.0,-16.80687
2800236406.25,-16.80853
2800236562.5,-16.81075
2800236718.75,-16.81287
2800236875.0,-16.81459
2800237031.25,-16.81771
2800237187.5,-16.81917
2800237343.75,-16.82232
2800237500.0,-16.82352
2800237656.25,-16.82375
2800237812.5,-16.82737
2800237968.75,-16.82957
2800238125.0,-16.83133
2800238281.25,-16.83284
2800238437.5,-16.83357
2800238593.75,-16.83681
2800238750.0,-16.83944
2800238906.25,-16.84114
2800239062.5,-16.84179
2800239218.75,-16.84469
2800239375.0,-16.84767
2800239531.25,-16.8482
2800239687.5,-16.85049
2800239843.75,-16.85288
2800240000.0,-16.85517
2800240156.25,-16.85746
2800240312.5,-16.85773
2800240468.75,-16.86083
2800240625.0,-16.86281
2800240781.25,-16.86424
2800240937.5,-16.8675
2800241093.75,-16.86854
2800241250.0,-16.86968
2800241406.25,-16.8715
2800241562.5,-16.87403
2800241718.75,-16.87683
2800241875.0,-16.8772
2800242031.25,-16.88021
2800242187.5,-16.88278
2800242343.75,-16.88319
2800242500.0,-16.88606
2800242656.25,-16.88822
2800242812.5,-16.89206
2800242968.75,-16.89238
2800243125.0,-16.89463
2800243281.25,-16.89441
2800243437.5,-16.89765
2800243593.75,-16.89891
2800243750.0,-16.90186
2800243906.25,-16.90325
2800244062.5,-16.90528
2800244218.75,-16.90741
2800244375.0,-16.90992
2800244531.25,-16.91099
2800244687.5,-16.91281
2800244843.75,-16.91534
2800245000.0,-16.9172
2800245156.25,-16.9203
2800245312.5,-16.91993
2800245468.75,-16.92193
2800245625.0,-16.92475
2800245781.25,-16.92692
2800245937.5,-16.92811
2800246093.75,-16.93004
2800246250.0,-16.93271
2800246406.25,-16.93279
2800246562.5,-16.93497
2800246718.75,-16.93803
2800246875.0,-16.9414
2800247031.25,-16.94212
2800247187.5,-16.94369
2800247343.75,-16.94604
2800247500.0,-16.94773
2800247656.25,-16.94865
2800247812.5,-16.95169
2800247968.75,-16.95327
2800248125.0,-16.95425
2800248281.25,-16.95844
2800248437.5,-16.9606
2800248593.75,-16.96106
2800248750.0,-16.96262
2800248906.25,-16.96509
2800249062.5,-16.9658
2800249218.75,-16.9682
2800249375.0,-16.97063
2800249531.25,-16.97272
2800249687.5,-16.97517
2800249843.75,-16.97699
2800250000.0,-16.97858
2800250156.25,-16.98176
2800250312.5,-16.98208
2800250468.75,-16.98314
2800250625.0,-16.986
2800250781.25,-16.98771
2800250937.5,-16.99122
2800251093.75,-16.99234
2800251250.0,-16.99345
2800251406.25,-16.99515
2800251562.5,-17.0002
2800251718.75,-16.99877
2800251875.0,-17.00204
2800252031.25,-17.00464
2800252187.5,-17.00534
2800252343.75,-17.00728
2800252500.0,-17.0102
2800252656.25,-17.01115
2800252812.5,-17.0144
2800252968.75,-17.01387
2800253125.0,-17.01549
2800253281.25,-17.01905
2800253437.5,-17.02209
2800253593.75,-17.02287
2800253750.0,-17.02462
2800253906.25,-17.02842
2800254062.5,-17.02904
2800254218.75,-17.03084
2800254375.0,-17.0321
2800254531.25,-17.03346
2800254687.5,-17.03509
2800254843.75,-17.03838
2800255000.0,-17.04019
2800255156.25,-17.04255
2800255312.5,-17.04505
2800255468.75,-17.04492
2800255625.0,-17.0475
2800255781.25,-17.05001
2800255937.5,-17.05105
2800256093.75,-17.0541
2800256250.0,-17.05653
2800256406.25,-17.05784
2800256562.5,-17.06054
2800256718.75,-17.06135
2800256875.0,-17.06401
2800257031.25,-17.06505
2800257187.5,-17.06744
2800257343.75,-17.06913
2800257500.0,-17.0708
2800257656.25,-17.07273
2800257812.5,-17.07549
2800257968.75,-17.07547
2800258125.0,-17.0781
2800258281.25,-17.08192
2800258437.5,-17.0829
2800258593.75,-17.0848
2800258750.0,-17.08644
2800258906.25,-17.08859
2800259062.5,-17.08903
2800259218.75,-17.0911
2800259375.0,-17.09382
2800259531.25,-17.09588
2800259687.5,-17.09781
2800259843.75,-17.09872
2800260000.0,-17.10173
2800260156.25,-17.10424
2800260312.5,-17.10382
2800260468.75,-17.10701
2800260625.0,-17.109
2800260781.25,-17.11107
2800260937.5,-17.11167
2800261093.75,-17.11555
2800261250.0,-17.11688
2800261406.25,-17.11941
2800261562.5,-17.1207
2800261718.75,-17.12258
2800261875.0,-17.1248
2800262031.25,-17.1276
2800262187.5,-17.12735
2800262343.75,-17.13086
2800262500.0,-17.13039
2800262656.25,-17.13315
2800262812.5,-17.13548
2800262968.75,-17.1385
2800263125.0,-17.13945
2800263281.25,-17.14111
2800263437.5,-17.14281
2800263593.75,-17.14572
2800263750.0,-17.1475
2800263906.25,-17.14766
2800264062.5,-17.15143
2800264218.75,-17.15413
2800264375.0,-17.15568
2800264531.25,-17.15627
2800264687.5,-17.15845
2800264843.75,-17.16038
2800265000.0,-17.16171
2800265156.25,-17.16297
2800265312.5,-17.1671
2800265468.75,-17.16801
2800265625.0,-17.16966
2800265781.25,-17.17152
2800265937.5,-17.17416
2800266093.75,-17.17497
2800266250.0,-17.17734
2800266406.25,-17.17906
2800266562.5,-17.182
2800266718.75,-17.18265
2800266875.0,-17.18464
2800267031.25,-17.18654
2800267187.5,-17.18731
2800267343.75,-17.18954
2800267500.0,-17.19343
2800267656.25,-17.19583
2800267812.5,-17.19675
2800267968.75,-17.19898
2800268125.0,-17.19876
2800268281.25,-17.20318
2800268437.5,-17.20553
2800268593.75,-17.2057
2800268750.0,-17.20797
2800268906.25,-17.20972
2800269062.5,-17.21016
2800269218.75,-17.21278
2800269375.0,-17.21509
2800269531.25,-17.21634
2800269687.5,-17.21885
2800269843.75,-17.22062
2800270000.0,-17.22256
2800270156.25,-17.22535
2800270312.5,-17.22707
2800270468.75,-17.22922
2800270625.0,-17.23042
2800270781.25,-17.23137
2800270937.5,-17.23368
2800271093.75,-17.23637
2800271250.0,-17.23973
2800271406.25,-17.23991
2800271562.5,-17.24059
2800271718.75,-17.24239
2800271875.0,-17.24411
2800272031.25,-17.24759
2800272187.5,-17.24963
2800272343.75,-17.25061
2800272500.0,-17.2542
2800272656.25,-17.25601
2800272812.5,-17.25669
2800272968.75,-17.25946
2800273125.0,-17.26097
2800273281.25,-17.26365
2800273437.5,-17.26452
2800273593.75,-17.26529
2800273750.0,-17.26727
2800273906.25,-17.2694
2800274062.5,-17.27133
2800274218.75,-17.27462
2800274375.0,-17.27558
2800274531.25,-17.27772
2800274687.5,-17.27868
2800274843.75,-17.28159
2800275000.0,-17.28312
2800275156.25,-17.28448
2800275312.5,-17.28711
2800275468.75,-17.28932
2800275625.0,-17.29158
2800275781.25,-17.29209
2800275937.5,-17.29293
2800276093.75,-17.29651
2800276250.0,-17.29758
2800276406.25,-17.30009
2800276562.5,-17.30247
2800276718.75,-17.30305
2800276875.0,-17.30627
2800277031.25,-17.30824
2800277187.5,-17.30864
2800277343.75,-17.31163
2800277500.0,-17.31322
2800277656.25,-17.31459
2800277812.5,-17.31563
2800277968.75,-17.31855
2800278125.0,-17.32125
2800278281.25,-17.32245
2800278437.5,-17.32392
2800278593.75,-17.32637
2800278750.0,-17.32798
2800278906.25,-17.33124
2800279062.5,-17.33108
2800279218.75,-17.33323
2800279375.0,-17.33515
2800279531.25,-17.33686
2800279687.5,-17.33936
2800279843.75,-17.34086
2800280000.0,-17.34145
2800280156.25,-17.34502
2800280312.5,-17.34573
2800280468.75,-17.34881
2800280625.0,-17.35055
2800280781.25,-17.35223
2800280937.5,-17.35417
2800281093.75,-17.35651
2800281250.0,-17.35557
2800281406.25,-17.36041
2800281562.5,-17.36096
2800281718.75,-17.36557
2800281875.0,-17.36626
2800282031.25,-17.36613
2800282187.5,-17.36838
2800282343.75,-17.36958
2800282500.0,-17.37261
2800282656.25,-17.37452
2800282812.5,-17.37535
2800282968.75,-17.37875
2800283125.0,-17.37993
2800283281.25,-17.38051
2800283437.5,-17.38365
2800283593.75,-17.38494
2800283750.0,-17.38592
2800283906.25,-17.38878
2800284062.5,-17.39234
2800284218.75,-17.3914
2800284375.0,-17.39482
2800284531.25,-17.39602
2800284687.5,-17.39829
2800284843.75,-17.39992
2800285000.0,-17.40251
2800285156.25,-17.40428
2800285312.5,-17.40499
2800285468.75,-17.40818
2800285625.0,-17.41046
2800285781.25,-17.41244
2800285937.5,-17.4139
2800286093.75,-17.41523
2800286250.0,-17.41625
2800286406.25,-17.41852
2800286562.5,-17.42086
2800286718.75,-17.42178
2800286875.0,-17.42574
2800287031.25,-17.42651
2800287187.5,-17.42815
2800287343.75,-17.42978
2800287500.0,-17.43184
2800287656.25,-17.43219
2800287812.5,-17.43646
2800287968.75,-17.43873
2800288125.0,-17.44007
2800288281.25,-17.44043
2800288437.5,-17.44269
2800288593.75,-17.44499
2800288750.0,-17.4461
2800288906.25,-17.44828
2800289062.5,-17.44899
2800289218.75,-17.4518
2800289375.0,-17.45478
2800289531.25,-17.45608
2800289687.5,-17.45881
2800289843.75,-17.45837
2800290000.0,-17.46216
2800290156.25,-17.46255
2800290312.5,-17.46513
2800290468.75,-17.46618
2800290625.0,-17.46696
2800290781.25,-17.47018
2800290937.5,-17.47202
2800291093.75,-17.4741
2800291250.0,-17.4761
2800291406.25,-17.47933
2800291562.5,-17.48029
2800291718.75,-17.48367
2800291875.0,-17.48383
2800292031.25,-17.48536
2800292187.5,-17.48757
2800292343.75,-17.48855
2800292500.0,-17.4899
2800292656.25,-17.49275
2800292812.5,-17.49498
2800292968.75,-17.49616
2800293125.0,-17.49762
2800293281.25,-17.5008
2800293437.5,-17.50128
2800293593.75,-17.50267
2800293750.0,-17.50519
2800293906.25,-17.50737
2800294062.5,-17.50904
2800294218.75,-17.51064
2800294375.0,-17.51262
2800294531.25,-17.51402
2800294687.5,-17.51638
2800294843.75,-17.5182
2800295000.0,-17.52042
2800295156.25,-17.52217
2800295312.5,-17.52267
2800295468.75,-17.5269
2800295625.0,-17.52771
2800295781.25,-17.52939
2800295937.5,-17.53141
2800296093.75,-17.53313
2800296250.0,-17.5356
2800296406.25,-17.53722
2800296562.5,-17.53787
2800296718.75,-17.53965
2800296875.0,-17.54384
2800297031.25,-17.5444
2800297187.5,-17.54507
2800297343.75,-17.54807
2800297500.0,-17.54864
2800297656.25,-17.55136
2800297812.5,-17.55184
2800297968.75,-17.55484
2800298125.0,-17.55649
2800298281.25,-17.55858
2800298437.5,-17.55979
2800298593.75,-17.56297
2800298750.0,-17.56342
2800298906.25,-17.56632
2800299062.5,-17.56595
2800299218.75,-17.56852
2800299375.0,-17.57048
2800299531.25,-17.57236
2800299687.5,-17.57408
2800299843.75,-17.57695
2800300000.0,-17.5793
2800300156.25,-17.57969
2800300312.5,-17.58167
2800300468.75,-17.58358
2800300625.0,-17.5865
2800300781.25,-17.58653
2800300937.5,-17.58987
2800301093.75,-17.59227
2800301250.0,-17.59258
2800301406.25,-17.59502
2800301562.5,-17.59656
2800301718.75,-17.59849
2800301875.0,-17.5995
2800302031.25,-17.60256
2800302187.5,-17.6033
2800302343.75,-17.60681
2800302500.0,-17.60814
2800302656.25,-17.60919
2800302812.5,-17.61173
2800302968.75,-17.61232
2800303125.0,-17.61615
2800303281.25,-17.61665
2800303437.5,-17.61901
2800303593.75,-17.62044
2800303750.0,-17.62202
2800303906.25,-17.62508
2800304062.5,-17.62563
2800304218.75,-17.62594
2800304375.0,-17.62863
2800304531.25,-17.63062
2800304687.5,-17.6317
2800304843.75,-17.63552
2800305000.0,-17.63565
2800305156.25,-17.638
2800305312.5,-17.6403
2800305468.75,-17.64174
2800305625.0,-17.64457
2800305781.25,-17.6457
2800305937.5,-17.64688
2800306093.75,-17.6508
2800306250.0,-17.65157
2800306406.25,-17.65335
2800306562.5,-17.65513
2800306718.75,-17.65575
2800306875.0,-17.65811
2800307031.25,-17.65927
2800307187.5,-17.6615
2800307343.75,-17.66447
2800307500.0,-17.66489
2800307656.25,-17.66859
2800307812.5,-17.66819
2800307968.75,-17.671
2800308125.0,-17.67271
2800308281.25,-17.6732
2800308437.5,-17.67612
2800308593.75,-17.67904
2800308750.0,-17.67978
2800308906.25,-17.68084
2800309062.5,-17.68167
2800309218.75,-17.68404
2800309375.0,-17.68677
2800309531.25,-17.68805
2800309687.5,-17.69002
2800309843.75,-17.69265
2800310000.0,-17.69373
2800310156.25,-17.69499
2800310312.5,-17.69741
2800310468.75,-17.70025
2800310625.0,-17.70067
2800310781.25,-17.70221
2800310937.5,-17.70477
2800311093.75,-17.70819
2800311250.0,-17.71004
2800311406.25,-17.70966
2800311562.5,-17.71264
2800311718.75,-17.71414
2800311875.0,-17.71601
2800312031.25,-17.71689
2800312187.5,-17.7185
2800312343.75,-17.72352
2800312500.0,-17.72363
2800312656.25,-17.72427
2800312812.5,-17.72663
2800312968.75,-17.72873
2800313125.0,-17.73219
2800313281.25,-17.7312
2800313437.5,-17.7321
2800313593.75,-17.73424
2800313750.0,-17.73654
2800313906.25,-17.73786
2800314062.5,-17.74115
2800314218.75,-17.7431
2800314375.0,-17.74451
2800314531.25,-17.74551
2800314687.5,-17.74784
2800314843.75,-17.74949
2800315000.0,-17.75122
2800315156.25,-17.75212
2800315312.5,-17.75526
2800315468.75,-17.75578
2800315625.0,-17.75845
2800315781.25,-17.76079
2800315937.5,-17.76345
2800316093.75,-17.76447
2800316250.0,-17.7653
2800316406.25,-17.76755
2800316562.5,-17.76892
2800316718.75,-17.7715
2800316875.0,-17.77291
2800317031.25,-17.77543
2800317187.5,-17.77587
2800317343.75,-17.77926
2800317500.0,-17.77937
2800317656.25,-17.78349
2800317812.5,-17.78392
2800317968.75,-17.78575
2800318125.0,-17.78618
2800318281.25,-17.79006
2800318437.5,-17.79034
2800318593.75,-17.79289
2800318750.0,-17.79496
2800318906.25,-17.79653
2800319062.5,-17.79874
2800319218.75,-17.79854
2800319375.0,-17.80157
2800319531.25,-17.80365
2800319687.5,-17.80448
2800319843.75,-17.80657
2800320000.0,-17.80966
2800320156.25,-17.80992
2800320312.5,-17.81298
2800320468.75,-17.81338
2800320625.0,-17.81641
2800320781.25,-17.81667
2800320937.5,-17.81945
2800321093.75,-17.82205
2800321250.0,-17.82351
2800321406.25,-17.82447
2800321562.5,-17.82587
2800321718.75,-17.8273
2800321875.0,-17.82995
2800322031.25,-17.83044
2800322187.5,-17.83369
2800322343.75,-17.83259
2800322500.0,-17.83826
2800322656.25,-17.83807
2800322812.5,-17.84074
2800322968.75,-17.8409
2800323125.0,-17.84455
2800323281.25,-17.84655
2800323437.5,-17.84825
2800323593.75,-17.84914
2800323750.0,-17.85024
2800323906.25,-17.85246
2800324062.5,-17.85446
2800324218.75,-17.85701
2800324375.0,-17.85745
2800324531.25,-17.85929
2800324687.5,-17.86238
2800324843.75,-17.86332
2800325000.0,-17.86498
2800325156.25,-17.86759
2800325312.5,-17.86911
2800325468.75,-17.87115
2800325625.0,-17.87251
2800325781.25,-17.87454
2800325937.5,-17.87617
2800326093.75,-17.87664
2800326250.0,-17.87861
2800326406.25,-17.88066
2800326562.5,-17.88232
2800326718.75,-17.88443
2800326875.0,-17.887
2800327031.25,-17.88664
2800327187.5,-17.89011
2800327343.75,-17.89238
2800327500.0,-17.89195
2800327656.25,-17.89548
2800327812.5,-17.89559
2800327968.75,-17.8999
2800328125.0,-17.90111
2800328281.25,-17.9024
2800328437.5,-17.90368
2800328593.75,-17.90435
2800328750.0,-17.90717
2800328906.25,-17.90958
2800329062.5,-17.91014
2800329218.75,-17.91369
2800329375.0,-17.91432
2800329531.25,-17.9148
2800329687.5,-17.91844
2800329843.75,-17.91877
2800330000.0,-17.92169
2800330156.25,-17.92366
2800330312.5,-17.92519
2800330468.75,-17.9263
2800330625.0,-17.92756
2800330781.25,-17.93056
2800330937.5,-17.93169
2800331093.75,-17.93377
2800331250.0,-17.93534
2800331406.25,-17.93621
2800331562.5,-17.94061
2800331718.75,-17.94226
2800331875.0,-17.94218
2800332031.25,-17.94481
2800332187.5,-17.94785
2800332343.75,-17.94726
2800332500.0,-17.94923
2800332656.25,-17.95123
2800332812.5,-17.95283
2800332968.75,-17.95502
2800333125.0,-17.95747
2800333281.25,-17.95999
2800333437.5,-17.96125
2800333593.75,-17.96116
2800333750.0,-17.96469
2800333906.25,-17.96587
2800334062.5,-17.96724
2800334218.75,-17.96877
2800334375.0,-17.9712
2800334531.25,-17.97205
2800334687.5,-17.9727
2800334843.75,-17.97531
2800335000.0,-17.97733
2800335156.25,-17.97889
2800335312.5,-17.98074
2800335468.75,-17.98276
2800335625.0,-17.98508
2800335781.25,-17.98659
2800335937.5,-17.98706
2800336093.75,-17.98906
2800336250.0,-17.99174
2800336406.25,-17.99359
2800336562.5,-17.99471
2800336718.75,-17.99702
2800336875.0,-17.99602
2800337031.25,-18.0001
2800337187.5,-18.00373
2800337343.75,-18.00446
2800337500.0,-18.00617
2800337656.25,-18.00585
2800337812.5,-18.0085
2800337968.75,-18.01155
2800338125.0,-18.01203
2800338281.25,-18.01338
2800338437.5,-18.01486
2800338593.75,-18.01662
2800338750.0,-18.02008
2800338906.25,-18.02127
2800339062.5,-18.02433
2800339218.75,-18.0248
2800339375.0,-18.02698
2800339531.25,-18.02732
2800339687.5,-18.0302
2800339843.75,-18.03053
2800340000.0,-18.03462
2800340156.25,-18.03414
2800340312.5,-18.0368
2800340468.75,-18.03833
2800340625.0,-18.04201
2800340781.25,-18.04218
2800340937.5,-18.04373
2800341093.75,-18.04565
2800341250.0,-18.04714
2800341406.25,-18.04971
2800341562.5,-18.0513
2800341718.75,-18.05258
2800341875.0,-18.05525
2800342031.25,-18.05466
2800342187.5,-18.05666
2800342343.75,-18.05883
2800342500.0,-18.06061
2800342656.25,-18.06508
2800342812.5,-18.06438
2800342968.75,-18.066
2800343125.0,-18.06822
2800343281.25,-18.07198
2800343437.5,-18.07349
2800343593.75,-18.07343
2800343750.0,-18.0753
2800343906.25,-18.07698
2800344062.5,-18.07766
2800344218.75,-18.07932
2800344375.0,-18.08288
2800344531.25,-18.08307
2800344687.5,-18.08668
2800344843.75,-18.08676
2800345000.0,-18.08986
2800345156.25,-18.09018
2800345312.5,-18.09284
2800345468.75,-18.09444
2800345625.0,-18.09729
2800345781.25,-18.09742
2800345937.5,-18.09964
2800346093.75,-18.10188
2800346250.0,-18.10328
2800346406.25,-18.10446
2800346562.5,-18.10721
2800346718.75,-18.10768
2800346875.0,-18.11041
2800347031.25,-18.11221
2800347187.5,-18.11376
2800347343.75,-18.11527
2800347500.0,-18.11785
2800347656.25,-18.11975
2800347812.5,-18.12054
2800347968.75,-18.12204
2800348125.0,-18.12433
2800348281.25,-18.12523
2800348437.5,-18.12587
2800348593.75,-18.12782
2800348750.0,-18.13125
2800348906.25,-18.13097
2800349062.5,-18.13439
2800349218.75,-18.13638
2800349375.0,-18.1365
2800349531.25,-18.13823
2800349687.5,-18.14055
2800349843.75,-18.14231
2800350000.0,-18.14463
2800350156.25,-18.14632
2800350312.5,-18.1489
2800350468.75,-18.15044
2800350625.0,-18.15098
2800350781.25,-18.15484
2800350937.5,-18.15457
2800351093.75,-18.15689
2800351250.0,-18.15579
2800351406.25,-18.16068
2800351562.5,-18.16112
2800351718.75,-18.1641
2800351875.0,-18.16568
2800352031.25,-18.16772
2800352187.5,-18.16795
2800352343.75,-18.16914
2800352500.0,-18.17382
2800352656.25,-18.17333
2800352812.5,-18.17457
2800352968.75,-18.17708
2800353125.0,-18.17905
2800353281.25,-18.18221
2800353437.5,-18.18197
2800353593.75,-18.18366
2800353750.0,-18.18584
2800353906.25,-18.18761
2800354062.5,-18.19052
2800354218.75,-18.19011
2800354375.0,-18.19212
2800354531.25,-18.19431
2800354687.5,-18.19497
2800354843.75,-18.19925
2800355000.0,-18.19861
2800355156.25,-18.20082
2800355312.5,-18.20228
2800355468.75,-18.20435
2800355625.0,-18.20592
2800355781.25,-18.20844
2800355937.5,-18.20895
2800356093.75,-18.2116
2800356250.0,-18.21297
2800356406.25,-18.21347
2800356562.5,-18.21592
2800356718.75,-18.21821
2800356875.0,-18.22066
2800357031.25,-18.22139
2800357187.5,-18.22151
2800357343.75,-18.22587
2800357500.0,-18.22678
2800357656.25,-18.22803
2800357812.5,-18.23018
2800357968.75,-18.23157
2800358125.0,-18.23396
2800358281.25,-18.23438
2800358437.5,-18.23624
2800358593.75,-18.23903
2800358750.0,-18.24056
2800358906.25,-18.24036
2800359062.5,-18.2444
2800359218.75,-18.24478
2800359375.0,-18.24803
2800359531.25,-18.24746
2800359687.5,-18.24977
2800359843.75,-18.25182
2800360000.0,-18.25456
2800360156.25,-18.25696
2800360312.5,-18.25644
2800360468.75,-18.25807
2800360625.0,-18.26132
2800360781.25,-18.26321
2800360937.5,-18.26471
2800361093.75,-18.26508
2800361250.0,-18.26624
2800361406.25,-18.26803
2800361562.5,-18.27141
2800361718.75,-18.2724
2800361875.0,-18.27364
2800362031.25,-18.27577
2800362187.5,-18.2776
2800362343.75,-18.28243
2800362500.0,-18.28091
2800362656.25,-18.28258
2800362812.5,-18.28344
2800362968.75,-18.28548
2800363125.0,-18.28753
2800363281.25,-18.28867
2800363437.5,-18.29246
2800363593.75,-18.29203
2800363750.0,-18.29409
2800363906.25,-18.29583
2800364062.5,-18.29758
2800364218.75,-18.29874
2800364375.0,-18.30132
2800364531.25,-18.30339
2800364687.5,-18.30311
2800364843.75,-18.306
2800365000.0,-18.30827
2800365156.25,-18.31082
2800365312.5,-18.31237
2800365468.75,-18.31294
2800365625.0,-18.31396
2800365781.25,-18.31731
2800365937.5,-18.31766
2800366093.75,-18.31955
2800366250.0,-18.32261
2800366406.25,-18.32384
2800366562.5,-18.32483
2800366718.75,-18.32872
2800366875.0,-18.32722
2800367031.25,-18.33068
2800367187.5,-18.33246
2800367343.75,-18.33352
2800367500.0,-18.33615
2800367656.25,-18.33622
2800367812.5,-18.33875
2800367968.75,-18.33912
2800368125.0,-18.34214
2800368281.25,-18.34307
2800368437.5,-18.34368
2800368593.75,-18.34739
2800368750.0,-18.34768
2800368906.25,-18.35017
2800369062.5,-18.35232
2800369218.75,-18.35396
2800369375.0,-18.35681
2800369531.25,-18.35798
2800369687.5,-18.35964
2800369843.75,-18.36189
2800370000.0,-18.36177
2800370156.25,-18.36276
2800370312.5,-18.36525
2800370468.75,-18.36764
2800370625.0,-18.36743
2800370781.25,-18.37104
2800370937.5,-18.37123
2800371093.75,-18.37339
2800371250.0,-18.37616
2800371406.25,-18.37646
2800371562.5,-18.37857
2800371718.75,-18.38075
2800371875.0,-18.38334
2800372031.25,-18.38438
2800372187.5,-18.38471
2800372343.75,-18.38697
2800372500.0,-18.3882
2800372656.25,-18.38977
2800372812.5,-18.39317
2800372968.75,-18.39343
2800373125.0,-18.39533
2800373281.25,-18.3978
2800373437.5,-18.39866
2800373593.75,-18.40096
2800373750.0,-18.40438
2800373906.25,-18.40341
2800374062.5,-18.40602
2800374218.75,-18.40645
2800374375.0,-18.40743
2800374531.25,-18.4103
2800374687.5,-18.41179
2800374843.75,-18.41423
2800375000.0,-18.41552
2800375156.25,-18.41758
2800375312.5,-18.41879
2800375468.75,-18.41967
2800375625.0,-18.42091
2800375781.25,-18.42407
2800375937.5,-18.42513
2800376093.75,-18.425
2800376250.0,-18.42938
2800376406.25,-18.42983
2800376562.5,-18.43195
2800376718.75,-18.43411
2800376875.0,-18.43527
2800377031.25,-18.43625
2800377187.5,-18.43904
2800377343.75,-18.44176
2800377500.0,-18.44216
2800377656.25,-18.44398
2800377812.5,-18.44542
2800377968.75,-18.44602
2800378125.0,-18.44889
2800378281.25,-18.44925
2800378437.5,-18.45346
2800378593.75,-18.45334
2800378750.0,-18.45512
2800378906.25,-18.45605
2800379062.5,-18.45819
2800379218.75,-18.46077
2800379375.0,-18.46146
2800379531.25,-18.46385
2800379687.5,-18.46442
2800379843.75,-18.4674
2800380000.0,-18.46982
2800380156.25,-18.46989
2800380312.5,-18.47118
2800380468.75,-18.47336
2800380625.0,-18.47432
2800380781.25,-18.47664
2800380937.5,-18.47779
2800381093.75,-18.47997
2800381250.0,-18.48308
2800381406.25,-18.48375
2800381562.5,-18.48484
2800381718.75,-18.48488
2800381875.0,-18.48642
2800382031.25,-18.49069
2800382187.5,-18.49201
2800382343.75,-18.49346
2800382500.0,-18.49377
2800382656.25,-18.49551
2800382812.5,-18.49763
2800382968.75,-18.50173
2800383125.0,-18.50253
2800383281.25,-18.50356
2800383437.5,-18.5043
2800383593.75,-18.506
2800383750.0,-18.50831
2800383906.25,-18.50929
2800384062.5,-18.51057
2800384218.75,-18.51424
2800384375.0,-18.51475
2800384531.25,-18.51636
2800384687.5,-18.51835
2800384843.75,-18.52108
2800385000.0,-18.52249
2800385156.25,-18.52302
2800385312.5,-18.52391
2800385468.75,-18.5253
2800385625.0,-18.52866
2800385781.25,-18.52878
2800385937.5,-18.5297
2800386093.75,-18.53359
2800386250.0,-18.53464
2800386406.25,-18.53662
2800386562.5,-18.53832
2800386718.75,-18.53977
2800386875.0,-18.54031
2800387031.25,-18.54346
2800387187.5,-18.5442
2800387343.75,-18.54774
2800387500.0,-18.54808
2800387656.25,-18.55089
2800387812.5,-18.55053
2800387968.75,-18.55352
2800388125.0,-18.55422
2800388281.25,-18.55546
2800388437.5,-18.55814
2800388593.75,-18.55914
2800388750.0,-18.56301
2800388906.25,-18.56259
2800389062.5,-18.56486
2800389218.75,-18.56529
2800389375.0,-18.56778
2800389531.25,-18.56887
2800389687.5,-18.57267
2800389843.75,-18.57226
2800390000.0,-18.57237
2800390156.25,-18.57659
2800390312.5,-18.57874
2800390468.75,-18.57851
2800390625.0,-18.58092
2800390781.25,-18.58266
2800390937.5,-18.58415
2800391093.75,-18.58716
2800391250.0,-18.5872
2800391406.25,-18.58868
2800391562.5,-18.59086
2800391718.75,-18.59189
2800391875.0,-18.59474
2800392031.25,-18.59685
2800392187.5,-18.59692
2800392343.75,-18.59945
2800392500.0,-18.60036
2800392656.25,-18.60334
2800392812.5,-18.60425
2800392968.75,-18.60679
2800393125.0,-18.60947
2800393281.25,-18.60787
2800393437.5,-18.61044
2800393593.75,-18.61095
2800393750.0,-18.61165
2800393906.25,-18.61558
2800394062.5,-18.61787
2800394218.75,-18.61904
2800394375.0,-18.62047
2800394531.25,-18.62209
2800394687.5,-18.62549
2800394843.75,-18.62424
2800395000.0,-18.62725
2800395156.25,-18.63018
2800395312.5,-18.62934
2800395468.75,-18.63311
2800395625.0,-18.63386
2800395781.25,-18.63664
2800395937.5,-18.638
2800396093.75,-18.63747
2800396250.0,-18.6381
2800396406.25,-18.64289
2800396562.5,-18.64227
2800396718.75,-18.64571
2800396875.0,-18.6467
2800397031.25,-18.64692
2800397187.5,-18.65067
2800397343.75,-18.6508
2800397500.0,-18.65502
2800397656.25,-18.65572
2800397812.5,-18.65878
2800397968.75,-18.65721
2800398125.0,-18.65922
2800398281.25,-18.66087
2800398437.5,-18.66334
2800398593.75,-18.66696
2800398750.0,-18.66499
2800398906.25,-18.66623
2800399062.5,-18.67012
2800399218.75,-18.67044
2800399375.0,-18.6731
2800399531.25,-18.67604
2800399687.5,-18.67581
2800399843.75,-18.67794
2800400000.0,-18.68051
2800400156.25,-18.6811
2800400312.5,-18.68226
2800400468.75,-18.68428
2800400625.0,-18.68496
2800400781.25,-18.68949
2800400937.5,-18.68903
2800401093.75,-18.6908
2800401250.0,-18.69191
2800401406.25,-18.69418
2800401562.5,-18.69572
2800401718.75,-18.69507
2800401875.0,-18.6985
2800402031.25,-18.70047
2800402187.5,-18.70193
2800402343.75,-18.70355
2800402500.0,-18.70422
2800402656.25,-18.70577
2800402812.5,-18.70919
2800402968.75,-18.71045
2800403125.0,-18.7116
2800403281.25,-18.71448
2800403437.5,-18.71338
2800403593.75,-18.71572
2800403750.0,-18.71902
2800403906.25,-18.72103
2800404062.5,-18.71959
2800404218.75,-18.72225
2800404375.0,-18.72323
2800404531.25,-18.72643
2800404687.5,-18.72869
2800404843.75,-18.7288
2800405000.0,-18.73227
2800405156.25,-18.73097
2800405312.5,-18.73553
2800405468.75,-18.73649
2800405625.0,-18.73597
2800405781.25,-18.74038
2800405937.5,-18.74018
2800406093.75,-18.7443
2800406250.0,-18.74476
2800406406.25,-18.74472
2800406562.5,-18.74825
2800406718.75,-18.75027
2800406875.0,-18.75043
2800407031.25,-18.75262
2800407187.5,-18.75495
2800407343.75,-18.75412
2800407500.0,-18.75748
2800407656.25,-18.75908
2800407812.5,-18.76111
2800407968.75,-18.76272
2800408125.0,-18.76237
2800408281.25,-18.76606
2800408437.5,-18.76655
2800408593.75,-18.76819
2800408750.0,-18.77008
2800408906.25,-18.77161
2800409062.5,-18.77416
2800409218.75,-18.77544
2800409375.0,-18.77651
2800409531.25,-18.77773
2800409687.5,-18.78003
2800409843.75,-18.7813
2800410000.0,-18.78384
2800410156.25,-18.78755
2800410312.5,-18.78757
2800410468.75,-18.78771
2800410625.0,-18.7899
2800410781.25,-18.79153
2800410937.5,-18.79274
2800411093.75,-18.79308
2800411250.0,-18.79664
2800411406.25,-18.79722
2800411562.5,-18.79853
2800411718.75,-18.80166
2800411875.0,-18.79998
2800412031.25,-18.80304
2800412187.5,-18.80509
2800412343.75,-18.80713
2800412500.0,-18.81037
2800412656.25,-18.81002
2800412812.5,-18.81158
2800412968.75,-18.81352
2800413125.0,-18.81588
2800413281.25,-18.8174
2800413437.5,-18.81735
2800413593.75,-18.81994
2800413750.0,-18.81982
2800413906.25,-18.82467
2800414062.5,-18.82336
2800414218.75,-18.82488
2800414375.0,-18.82673
2800414531.25,-18.82994
2800414687.5,-18.83204
2800414843.75,-18.83372
2800415000.0,-18.836
2800415156.25,-18.83502
2800415312.5,-18.83808
2800415468.75,-18.84007
2800415625.0,-18.84074
2800415781.25,-18.84299
2800415937.5,-18.84503
2800416093.75,-18.8435
2800416250.0,-18.84819
2800416406.25,-18.85002
2800416562.5,-18.8502
2800416718.75,-18.85194
2800416875.0,-18.85414
2800417031.25,-18.85411
2800417187.5,-18.85789
2800417343.75,-18.8586
2800417500.0,-18.86088
2800417656.25,-18.86103
2800417812.5,-18.8636
2800417968.75,-18.86499
2800418125.0,-18.86523
2800418281.25,-18.86898
2800418437.5,-18.86933
2800418593.75,-18.87214
2800418750.0,-18.8735
2800418906.25,-18.87407
2800419062.5,-18.87484
2800419218.75,-18.87859
2800419375.0,-18.87793
2800419531.25,-18.88047
2800419687.5,-18.88156
2800419843.75,-18.88281
2800420000.0,-18.88569
2800420156.25,-18.88631
2800420312.5,-18.88918
2800420468.75,-18.89027
2800420625.0,-18.89228
2800420781.25,-18.89427
2800420937.5,-18.89459
2800421093.75,-18.89541
2800421250.0,-18.8973
2800421406.25,-18.8994
2800421562.5,-18.90273
2800421718.75,-18.90282
2800421875.0,-18.90471
2800422031.25,-18.90571
2800422187.5,-18.90827
2800422343.75,-18.90972
2800422500.0,-18.91084
2800422656.25,-18.9115
2800422812.5,-18.91435
2800422968.75,-18.91428
2800423125.0,-18.91685
2800423281.25,-18.91831
2800423437.5,-18.92027
2800423593.75,-18.92225
2800423750.0,-18.92356
2800423906.25,-18.92509
2800424062.5,-18.9273
2800424218.75,-18.92806
2800424375.0,-18.92946
2800424531.25,-18.93096
2800424687.5,-18.9323
2800424843.75,-18.93406
2800425000.0,-18.93597
2800425156.25,-18.93727
2800425312.5,-18.94044
2800425468.75,-18.94178
2800425625.0,-18.94172
2800425781.25,-18.94326
2800425937.5,-18.94627
2800426093.75,-18.94748
2800426250.0,-18.94917
2800426406.25,-18.95082
2800426562.5,-18.9502
2800426718.75,-18.95467
2800426875.0,-18.95556
2800427031.25,-18.95825
2800427187.5,-18.95885
2800427343.75,-18.96018
2800427500.0,-18.96057
2800427656.25,-18.96444
2800427812.5,-18.96424
2800427968.75,-18.9667
2800428125.0,-18.96724
2800428281.25,-18.9697
2800428437.5,-18.97001
2800428593.75,-18.96958
2800428750.0,-18.97382
2800428906.25,-18.97668
2800429062.5,-18.97576
2800429218.75,-18.97892
2800429375.0,-18.98111
2800429531.25,-18.98221
2800429687.5,-18.98349
2800429843.75,-18.98603
2800430000.0,-18.98601
2800430156.25,-18.98799
2800430312.5,-18.98987
2800430468.75,-18.99051
2800430625.0,-18.99202
2800430781.25,-18.99425
2800430937.5,-18.99579
2800431093.75,-18.99749
2800431250.0,-19.00031
2800431406.25,-18.99976
2800431562.5,-19.00086
2800431718.75,-19.00304
2800431875.0,-19.00475
2800432031.25,-19.00759
2800432187.5,-19.00875
2800432343.75,-19.01044
2800432500.0,-19.0126
2800432656.25,-19.01411
2800432812.5,-19.01587
2800432968.75,-19.01673
2800433125.0,-19.01789
2800433281.25,-19.01956
2800433437.5,-19.0215
2800433593.75,-19.02337
2800433750.0,-19.02465
2800433906.25,-19.02634
2800434062.5,-19.02886
2800434218.75,-19.03061
2800434375.0,-19.02887
2800434531.25,-19.03337
2800434687.5,-19.03456
2800434843.75,-19.03571
2800435000.0,-19.03786
2800435156.25,-19.03893
2800435312.5,-19.03984
2800435468.75,-19.04182
2800435625.0,-19.04424
2800435781.25,-19.04515
2800435937.5,-19.04637
2800436093.75,-19.04885
2800436250.0,-19.05075
2800436406.25,-19.04924
2800436562.5,-19.05229
2800436718.75,-19.05256
2800436875.0,-19.0561
2800437031.25,-19.05875
2800437187.5,-19.05861
2800437343.75,-19.06016
2800437500.0,-19.0622
2800437656.25,-19.06475
2800437812.5,-19.06587
2800437968.75,-19.06555
2800438125.0,-19.06919
2800438281.25,-19.06915
2800438437.5,-19.07307
2800438593.75,-19.07379
2800438750.0,-19.07499
2800438906.25,-19.07646
2800439062.5,-19.07791
2800439218.75,-19.07895
2800439375.0,-19.08144
2800439531.25,-19.08446
2800439687.5,-19.08384
2800439843.75,-19.08509
2800440000.0,-19.08704
2800440156.25,-19.08783
2800440312.5,-19.09037
2800440468.75,-19.09231
2800440625.0,-19.09366
2800440781.25,-19.09543
2800440937.5,-19.0974
2800441093.75,-19.09966
2800441250.0,-19.10077
2800441406.25,-19.10175
2800441562.5,-19.10457
2800441718.75,-19.10461
2800441875.0,-19.10555
2800442031.25,-19.10835
2800442187.5,-19.1095
2800442343.75,-19.11135
2800442500.0,-19.11245
2800442656.25,-19.11369
2800442812.5,-19.11653
2800442968.75,-19.11625
2800443125.0,-19.11985
2800443281.25,-19.11974
2800443437.5,-19.12241
2800443593.75,-19.12267
2800443750.0,-19.12515
2800443906.25,-19.12566
2800444062.5,-19.12599
2800444218.75,-19.12916
2800444375.0,-19.131
2800444531.25,-19.13173
2800444687.5,-19.13232
2800444843.75,-19.13454
2800445000.0,-19.13602
2800445156.25,-19.1375
2800445312.5,-19.14011
2800445468.75,-19.14221
2800445625.0,-19.14396
2800445781.25,-19.14247
2800445937.5,-19.14542
2800446093.75,-19.14913
2800446250.0,-19.14894
2800446406.25,-19.15263
2800446562.5,-19.15354
2800446718.75,-19.15441
2800446875.0,-19.15564
2800447031.25,-19.15672
2800447187.5,-19.15839
2800447343.75,-19.15995
2800447500.0,-19.16154
2800447656.25,-19.16394
2800447812.5,-19.16364
2800447968.75,-19.16544
2800448125.0,-19.16719
2800448281.25,-19.16805
2800448437.5,-19.16864
2800448593.75,-19.17307
2800448750.0,-19.17479
2800448906.25,-19.17563
2800449062.5,-19.17781
2800449218.75,-19.18008
2800449375.0,-19.18033
2800449531.25,-19.18232
2800449687.5,-19.1833
2800449843.75,-19.18525
2800450000.0,-19.1886
2800450156.25,-19.18983
2800450312.5,-19.19059
2800450468.75,-19.1926
2800450625.0,-19.19056
2800450781.25,-19.1942
2800450937.5,-19.19421
2800451093.75,-19.19815
2800451250.0,-19.19918
2800451406.25,-19.20133
2800451562.5,-19.20149
2800451718.75,-19.20368
2800451875.0,-19.20529
2800452031.25,-19.20648
2800452187.5,-19.20709
2800452343.75,-19.20989
2800452500.0,-19.21137
2800452656.25,-19.21234
2800452812.5,-19.21502
2800452968.75,-19.21514
2800453125.0,-19.21515
2800453281.25,-19.21724
2800453437.5,-19.22217
2800453593.75,-19.22286
2800453750.0,-19.22433
2800453906.25,-19.2255
2800454062.5,-19.22668
2800454218.75,-19.22855
2800454375.0,-19.22958
2800454531.25,-19.23071
2800454687.5,-19.23217
2800454843.75,-19.23368
2800455000.0,-19.23596
2800455156.25,-19.23787
2800455312.5,-19.23859
2800455468.75,-19.24017
2800455625.0,-19.24253
2800455781.25,-19.24421
2800455937.5,-19.24431
2800456093.75,-19.24625
2800456250.0,-19.24725
2800456406.25,-19.24956
2800456562.5,-19.25108
2800456718.75,-19.25137
2800456875.0,-19.25403
2800457031.25,-19.2583
2800457187.5,-19.25712
2800457343.75,-19.25809
2800457500.0,-19.26283
2800457656.25,-19.26286
2800457812.5,-19.26046
2800457968.75,-19.26304
2800458125.0,-19.26689
2800458281.25,-19.26831
2800458437.5,-19.2698
2800458593.75,-19.27031
2800458750.0,-19.27175
2800458906.25,-19.27399
2800459062.5,-19.27432
2800459218.75,-19.27825
2800459375.0,-19.27922
2800459531.25,-19.28004
2800459687.5,-19.28078
2800459843.75,-19.28087
2800460000.0,-19.28365
2800460156.25,-19.28618
2800460312.5,-19.28845
2800460468.75,-19.28932
2800460625.0,-19.29143
2800460781.25,-19.29384
2800460937.5,-19.29575
2800461093.75,-19.29415
2800461250.0,-19.29801
2800461406.25,-19.29768
2800461562.5,-19.3002
2800461718.75,-19.30235
2800461875.0,-19.30445
2800462031.25,-19.30497
2800462187.5,-19.30576
2800462343.75,-19.30884
2800462500.0,-19.30906
2800462656.25,-19.31084
2800462812.5,-19.31186
2800462968.75,-19.31364
2800463125.0,-19.31536
2800463281.25,-19.31695
2800463437.5,-19.31896
2800463593.75,-19.31975
2800463750.0,-19.32285
2800463906.25,-19.32308
2800464062.5,-19.3236
2800464218.75,-19.32648
2800464375.0,-19.32822
2800464531.25,-19.32751
2800464687.5,-19.3302
2800464843.75,-19.33148
2800465000.0,-19.33403
2800465156.25,-19.33485
2800465312.5,-19.33636
2800465468.75,-19.33974
2800465625.0,-19.33879
2800465781.25,-19.34201
2800465937.5,-19.34228
2800466093.75,-19.34333
2800466250.0,-19.34536
2800466406.25,-19.34669
2800466562.5,-19.3481
2800466718.75,-19.34926
2800466875.0,-19.35205
2800467031.25,-19.35317
2800467187.5,-19.35474
2800467343.75,-19.35684
2800467500.0,-19.35767
2800467656.25,-19.3589
2800467812.5,-19.35979
2800467968.75,-19.36289
2800468125.0,-19.36222
2800468281.25,-19.36503
2800468437.5,-19.36671
2800468593.75,-19.3685
2800468750.0,-19.36989
2800468906.25,-19.37195
2800469062.5,-19.37327
2800469218.75,-19.37333
2800469375.0,-19.37536
2800469531.25,-19.37654
2800469687.5,-19.37816
2800469843.75,-19.3812
2800470000.0,-19.38276
2800470156.25,-19.38282
2800470312.5,-19.38352
2800470468.75,-19.38551
2800470625.0,-19.38804
2800470781.25,-19.38729
2800470937.5,-19.39057
2800471093.75,-19.39279
2800471250.0,-19.39501
2800471406.25,-19.39707
2800471562.5,-19.39696
2800471718.75,-19.39818
2800471875.0,-19.39973
2800472031.25,-19.40131
2800472187.5,-19.40332
2800472343.75,-19.40464
2800472500.0,-19.40621
2800472656.25,-19.40697
2800472812.5,-19.40898
2800472968.75,-19.40921
2800473125.0,-19.41215
2800473281.25,-19.41204
2800473437.5,-19.41528
2800473593.75,-19.41512
2800473750.0,-19.41703
2800473906.25,-19.42108
2800474062.5,-19.42083
2800474218.75,-19.42308
2800474375.0,-19.42263
2800474531.25,-19.42502
2800474687.5,-19.42448
2800474843.75,-19.42904
2800475000.0,-19.42927
2800475156.25,-19.43229
2800475312.5,-19.43188
2800475468.75,-19.43617
2800475625.0,-19.43487
2800475781.25,-19.43679
2800475937.5,-19.44053
2800476093.75,-19.4405
2800476250.0,-19.44235
2800476406.25,-19.44203
2800476562.5,-19.44721
2800476718.75,-19.44812
2800476875.0,-19.4472
2800477031.25,-19.44881
2800477187.5,-19.45105
2800477343.75,-19.45229
2800477500.0,-19.45333
2800477656.25,-19.45383
2800477812.5,-19.45592
2800477968.75,-19.45886
2800478125.0,-19.46012
2800478281.25,-19.46099
2800478437.5,-19.46334
2800478593.75,-19.46497
2800478750.0,-19.46625
2800478906.25,-19.46904
2800479062.5,-19.46951
2800479218.75,-19.47135
2800479375.0,-19.47297
2800479531.25,-19.47207
2800479687.5,-19.47464
2800479843.75,-19.47697
2800480000.0,-19.47834
2800480156.25,-19.47918
2800480312.5,-19.48026
2800480468.75,-19.48098
2800480625.0,-19.48536
2800480781.25,-19.48672
2800480937.5,-19.48908
2800481093.75,-19.48923
2800481250.0,-19.49099
2800481406.25,-19.49121
2800481562.5,-19.49252
2800481718.75,-19.49735
2800481875.0,-19.49615
2800482031.25,-19.4971
2800482187.5,-19.49893
2800482343.75,-19.4991
2800482500.0,-19.5024
2800482656.25,-19.50427
2800482812.5,-19.50444
2800482968.75,-19.50589
2800483125.0,-19.50809
2800483281.25,-19.50789
2800483437.5,-19.51056
2800483593.75,-19.51184
2800483750.0,-19.51439
2800483906.25,-19.51547
2800484062.5,-19.51757
2800484218.75,-19.51746
2800484375.0,-19.51851
2800484531.25,-19.5215
2800484687.5,-19.52168
2800484843.75,-19.52435
2800485000.0,-19.52533
2800485156.25,-19.52706
2800485312.5,-19.53034
2800485468.75,-19.53063
2800485625.0,-19.53265
2800485781.25,-19.53359
2800485937.5,-19.53614
2800486093.75,-19.5374
2800486250.0,-19.5363
2800486406.25,-19.53889
2800486562.5,-19.54033
2800486718.75,-19.54152
2800486875.0,-19.54273
2800487031.25,-19.5452
2800487187.5,-19.54761
2800487343.75,-19.54776
2800487500.0,-19.55015
2800487656.25,-19.55129
2800487812.5,-19.55397
2800487968.75,-19.55395
2800488125.0,-19.55552
2800488281.25,-19.55694
2800488437.5,-19.55825
2800488593.75,-19.56009
2800488750.0,-19.56088
2800488906.25,-19.56263
2800489062.5,-19.56307
2800489218.75,-19.56579
2800489375.0,-19.56667
2800489531.25,-19.56954
2800489687.5,-19.5694
2800489843.75,-19.57229
2800490000.0,-19.57301
2800490156.25,-19.57675
2800490312.5,-19.57535
2800490468.75,-19.5784
2800490625.0,-19.57986
2800490781.25,-19.58156
2800490937.5,-19.58355
2800491093.75,-19.58362
2800491250.0,-19.58615
2800491406.25,-19.58582
2800491562.5,-19.58825
2800491718.75,-19.59142
2800491875.0,-19.59142
2800492031.25,-19.59351
2800492187.5,-19.59558
2800492343.75,-19.5952
2800492500.0,-19.59803
2800492656.25,-19.59842
2800492812.5,-19.59929
2800492968.75,-19.60254
2800493125.0,-19.60437
2800493281.25,-19.6036
2800493437.5,-19.60584
2800493593.75,-19.60695
2800493750.0,-19.60838
2800493906.25,-19.60877
2800494062.5,-19.611
2800494218.75,-19.61352
2800494375.0,-19.61616
2800494531.25,-19.61707
2800494687.5,-19.61544
2800494843.75,-19.61933
2800495000.0,-19.62033
2800495156.25,-19.62159
2800495312.5,-19.62255
2800495468.75,-19.62391
2800495625.0,-19.62694
2800495781.25,-19.62706
2800495937.5,-19.63101
2800496093.75,-19.63269
2800496250.0,-19.63288
2800496406.25,-19.6319
2800496562.5,-19.63587
2800496718.75,-19.63686
2800496875.0,-19.63822
2800497031.25,-19.63904
2800497187.5,-19.63974
2800497343.75,-19.64179
2800497500.0,-19.64374
2800497656.25,-19.64568
2800497812.5,-19.64749
2800497968.75,-19.64801
2800498125.0,-19.65052
2800498281.25,-19.65243
2800498437.5,-19.65393
2800498593.75,-19.65398
2800498750.0,-19.65662
2800498906.25,-19.65826
2800499062.5,-19.65864
2800499218.75,-19.65864
2800499375.0,-19.66091
2800499531.25,-19.66171
2800499687.5,-19.66423
2800499843.75,-19.6663
2800500000.0,-19.66818
2800500156.25,-19.66945
2800500312.5,-19.67221
2800500468.75,-19.67283
2800500625.0,-19.67297
2800500781.25,-19.67395
2800500937.5,-19.67624
2800501093.75,-19.67821
2800501250.0,-19.68031
2800501406.25,-19.68089
2800501562.5,-19.68314
2800501718.75,-19.68454
2800501875.0,-19.68439
2800502031.25,-19.68668
2800502187.5,-19.6896
2800502343.75,-19.68891
2800502500.0,-19.69234
2800502656.25,-19.69348
2800502812.5,-19.69553
2800502968.75,-19.6942
2800503125.0,-19.697
2800503281.25,-19.69867
2800503437.5,-19.69938
2800503593.75,-19.70294
2800503750.0,-19.7027
2800503906.25,-19.70359
2800504062.5,-19.70396
2800504218.75,-19.70636
2800504375.0,-19.70864
2800504531.25,-19.71129
2800504687.5,-19.7119
2800504843.75,-19.71397
2800505000.0,-19.71435
2800505156.25,-19.71719
2800505312.5,-19.71773
2800505468.75,-19.71891
2800505625.0,-19.72128
2800505781.25,-19.72321
2800505937.5,-19.72403
2800506093.75,-19.7249
2800506250.0,-19.72538
2800506406.25,-19.72627
2800506562.5,-19.72808
2800506718.75,-19.73223
2800506875.0,-19.7305
2800507031.25,-19.73522
2800507187.5,-19.73568
2800507343.75,-19.73799
2800507500.0,-19.7381
2800507656.25,-19.73918
2800507812.5,-19.74211
2800507968.75,-19.74276
2800508125.0,-19.74524
2800508281.25,-19.7464
2800508437.5,-19.74635
2800508593.75,-19.74905
2800508750.0,-19.75254
2800508906.25,-19.75069
2800509062.5,-19.75217
2800509218.75,-19.75362
2800509375.0,-19.7543
2800509531.25,-19.75468
2800509687.5,-19.7586
2800509843.75,-19.75832
2800510000.0,-19.76181
2800510156.25,-19.76096
2800510312.5,-19.76535
2800510468.75,-19.76445
2800510625.0,-19.76714
2800510781.25,-19.7692
2800510937.5,-19.76915
2800511093.75,-19.77037
2800511250.0,-19.7741
2800511406.25,-19.77575
2800511562.5,-19.7765
2800511718.75,-19.77717
2800511875.0,-19.77785
2800512031.25,-19.78181
2800512187.5,-19.78174
2800512343.75,-19.78382
2800512500.0,-19.78489
2800512656.25,-19.78539
2800512812.5,-19.78856
2800512968.75,-19.78928
2800513125.0,-19.7912
2800513281.25,-19.79138
2800513437.5,-19.79299
2800513593.75,-19.79494
2800513750.0,-19.79531
2800513906.25,-19.79803
2800514062.5,-19.79816
2800514218.75,-19.80173
2800514375.0,-19.80178
2800514531.25,-19.80343
2800514687.5,-19.80307
2800514843.75,-19.80484
2800515000.0,-19.80804
2800515156.25,-19.80843
2800515312.5,-19.80898
2800515468.75,-19.81207
2800515625.0,-19.81197
2800515781.25,-19.81449
2800515937.5,-19.81597
2800516093.75,-19.81674
2800516250.0,-19.8183
2800516406.25,-19.8208
2800516562.5,-19.82174
2800516718.75,-19.82357
2800516875.0,-19.82293
2800517031.25,-19.82531
2800517187.5,-19.82761
2800517343.75,-19.82967
2800517500.0,-19.83034
2800517656.25,-19.83159
2800517812.5,-19.83205
2800517968.75,-19.83643
2800518125.0,-19.83627
2800518281.25,-19.83714
2800518437.5,-19.84024
2800518593.75,-19.84127
2800518750.0,-19.84212
2800518906.25,-19.84419
2800519062.5,-19.8459
2800519218.75,-19.84643
2800519375.0,-19.84869
2800519531.25,-19.84821
2800519687.5,-19.85053
2800519843.75,-19.85124
2800520000.0,-19.85283
2800520156.25,-19.8558
2800520312.5,-19.85435
2800520468.75,-19.85904
2800520625.0,-19.86024
2800520781.25,-19.85989
2800520937.5,-19.86355
2800521093.75,-19.86379
2800521250.0,-19.86327
2800521406.25,-19.86655
2800521562.5,-19.86737
2800521718.75,-19.86926
2800521875.0,-19.87119
2800522031.25,-19.87372
2800522187.5,-19.87349
2800522343.75,-19.8744
2800522500.0,-19.87506
2800522656.25,-19.87767
2800522812.5,-19.87983
2800522968.75,-19.88159
2800523125.0,-19.88327
2800523281.25,-19.88456
2800523437.5,-19.88589
2800523593.75,-19.8859
2800523750.0,-19.88802
2800523906.25,-19.88822
2800524062.5,-19.89026
2800524218.75,-19.89189
2800524375.0,-19.89469
2800524531.25,-19.89623
2800524687.5,-19.89651
2800524843.75,-19.89772
2800525000.0,-19.90028
2800525156.25,-19.9011
2800525312.5,-19.90244
2800525468.75,-19.9041
2800525625.0,-19.90523
2800525781.25,-19.90684
2800525937.5,-19.9083
2800526093.75,-19.90909
2800526250.0,-19.91109
2800526406.25,-19.91219
2800526562.5,-19.91236
2800526718.75,-19.91538
2800526875.0,-19.91564
2800527031.25,-19.91637
2800527187.5,-19.91822
2800527343.75,-19.92173
2800527500.0,-19.92135
2800527656.25,-19.92264
2800527812.5,-19.92646
2800527968.75,-19.92732
2800528125.0,-19.92661
2800528281.25,-19.92875
2800528437.5,-19.93109
2800528593.75,-19.93232
2800528750.0,-19.93456
2800528906.25,-19.93573
2800529062.5,-19.9357
2800529218.75,-19.93797
2800529375.0,-19.93865
2800529531.25,-19.94264
2800529687.5,-19.94269
2800529843.75,-19.94247
2800530000.0,-19.94485
2800530156.25,-19.94668
2800530312.5,-19.94777
2800530468.75,-19.94935
2800530625.0,-19.94937
2800530781.25,-19.95387
2800530937.5,-19.9528
2800531093.75,-19.95578
2800531250.0,-19.95676
2800531406.25,-19.95702
2800531562.5,-19.95982
2800531718.75,-19.95971
2800531875.0,-19.96229
2800532031.25,-19.9631
2800532187.5,-19.96484
2800532343.75,-19.96669
2800532500.0,-19.96842
2800532656.25,-19.96786
2800532812.5,-19.96926
2800532968.75,-19.97164
2800533125.0,-19.97386
2800533281.25,-19.97483
2800533437.5,-19.97495
2800533593.75,-19.97759
2800533750.0,-19.98004
2800533906.25,-19.98093
2800534062.5,-19.98264
2800534218.75,-19.98281
2800534375.0,-19.98453
2800534531.25,-19.98624
2800534687.5,-19.98702
2800534843.75,-19.98752
2800535000.0,-19.99122
2800535156.25,-19.99042
2800535312.5,-19.99327
2800535468.75,-19.99502
2800535625.0,-19.99547
2800535781.25,-19.99713
2800535937.5,-19.99896
2800536093.75,-20.00104
2800536250.0,-20.00176
2800536406.25,-20.003
2800536562.5,-20.00616
2800536718.75,-20.00721
2800536875.0,-20.00768
2800537031.25,-20.00871
2800537187.5,-20.00832
2800537343.75,-20.01092
2800537500.0,-20.01138
2800537656.25,-20.01398
2800537812.5,-20.01649
2800537968.75,-20.01672
2800538125.0,-20.0182
2800538281.25,-20.02013
2800538437.5,-20.02335
2800538593.75,-20.0223
2800538750.0,-20.02349
2800538906.25,-20.02472
2800539062.5,-20.02685
2800539218.75,-20.02989
2800539375.0,-20.03002
2800539531.25,-20.03068
2800539687.5,-20.033
2800539843.75,-20.0339
2800540000.0,-20.03738
2800540156.25,-20.03656
2800540312.5,-20.03718
2800540468.75,-20.03971
2800540625.0,-20.04022
2800540781.25,-20.04186
2800540937.5,-20.04363
2800541093.75,-20.04604
2800541250.0,-20.04724
2800541406.25,-20.0495
2800541562.5,-20.05125
2800541718.75,-20.0501
2800541875.0,-20.0526
2800542031.25,-20.05221
2800542187.5,-20.05366
2800542343.75,-20.05627
2800542500.0,-20.05823
2800542656.25,-20.05851
2800542812.5,-20.06107
2800542968.75,-20.06099
2800543125.0,-20.06336
2800543281.25,-20.06594
2800543437.5,-20.06754
2800543593.75,-20.06704
2800543750.0,-20.0694
2800543906.25,-20.07009
2800544062.5,-20.07307
2800544218.75,-20.07198
2800544375.0,-20.0756
2800544531.25,-20.07667
2800544687.5,-20.0781
2800544843.75,-20.07958
2800545000.0,-20.08116
2800545156.25,-20.08253
2800545312.5,-20.08289
2800545468.75,-20.08517
2800545625.0,-20.08683
2800545781.25,-20.08504
2800545937.5,-20.08825
2800546093.75,-20.09181
2800546250.0,-20.09198
2800546406.25,-20.09317
2800546562.5,-20.09387
2800546718.75,-20.09705
2800546875.0,-20.09758
2800547031.25,-20.09944
2800547187.5,-20.102
2800547343.75,-20.10189
2800547500.0,-20.10203
2800547656.25,-20.10397
2800547812.5,-20.10531
2800547968.75,-20.10854
2800548125.0,-20.10779
2800548281.25,-20.11141
2800548437.5,-20.11235
2800548593.75,-20.11542
2800548750.0,-20.11453
2800548906.25,-20.11654
2800549062.5,-20.11726
2800549218.75,-20.11999
2800549375.0,-20.1195
2800549531.25,-20.12283
2800549687.5,-20.12254
2800549843.75,-20.12416
2800550000.0,-20.12442
2800550156.25,-20.12556
2800550312.5,-20.12991
2800550468.75,-20.12986
2800550625.0,-20.12942
2800550781.25,-20.13268
2800550937.5,-20.13379
2800551093.75,-20.13659
2800551250.0,-20.13847
2800551406.25,-20.1391
2800551562.5,-20.13869
2800551718.75,-20.14249
2800551875.0,-20.1425
2800552031.25,-20.14356
2800552187.5,-20.14502
2800552343.75,-20.14722
2800552500.0,-20.1489
2800552656.25,-20.15002
2800552812.5,-20.14985
2800552968.75,-20.15269
2800553125.0,-20.1544
2800553281.25,-20.15334
2800553437.5,-20.15489
2800553593.75,-20.15803
2800553750.0,-20.15923
2800553906.25,-20.15987
2800554062.5,-20.16128
2800554218.75,-20.16256
2800554375.0,-20.16301
2800554531.25,-20.16404
2800554687.5,-20.16695
2800554843.75,-20.16885
2800555000.0,-20.16996
2800555156.25,-20.17278
2800555312.5,-20.17247
2800555468.75,-20.17479
2800555625.0,-20.17528
2800555781.25,-20.1776
2800555937.5,-20.17755
2800556093.75,-20.18074
2800556250.0,-20.18252
2800556406.25,-20.18116
2800556562.5,-20.18424
2800556718.75,-20.18621
2800556875.0,-20.18934
2800557031.25,-20.18784
2800557187.5,-20.18965
2800557343.75,-20.19137
2800557500.0,-20.19102
2800557656.25,-20.19239
2800557812.5,-20.1932
2800557968.75,-20.1964
2800558125.0,-20.19523
2800558281.25,-20.19929
2800558437.5,-20.20083
2800558593.75,-20.20132
2800558750.0,-20.20328
2800558906.25,-20.20481
2800559062.5,-20.2065
2800559218.75,-20.20765
2800559375.0,-20.2091
2800559531.25,-20.20971
2800559687.5,-20.21201
2800559843.75,-20.21433
2800560000.0,-20.21561
2800560156.25,-20.21524
2800560312.5,-20.21666
2800560468.75,-20.21891
2800560625.0,-20.21868
2800560781.25,-20.22126
2800560937.5,-20.22232
2800561093.75,-20.22191
2800561250.0,-20.22614
2800561406.25,-20.22581
2800561562.5,-20.22896
2800561718.75,-20.22797
2800561875.0,-20.23113
2800562031.25,-20.23162
2800562187.5,-20.23384
2800562343.75,-20.2348
2800562500.0,-20.23686
2800562656.25,-20.23868
2800562812.5,-20.23808
2800562968.75,-20.24177
2800563125.0,-20.24274
2800563281.25,-20.24305
2800563437.5,-20.24442
2800563593.75,-20.24725
2800563750.0,-20.24763
2800563906.25,-20.2481
2800564062.5,-20.24947
2800564218.75,-20.25208
2800564375.0,-20.25336
2800564531.25,-20.25554
2800564687.5,-20.25483
2800564843.75,-20.25649
2800565000.0,-20.2588
2800565156.25,-20.25959
2800565312.5,-20.26282
2800565468.75,-20.26237
2800565625.0,-20.26225
2800565781.25,-20.26484
2800565937.5,-20.26747
2800566093.75,-20.26902
2800566250.0,-20.27093
2800566406.25,-20.27001
2800566562.5,-20.27164
2800566718.75,-20.27351
2800566875.0,-20.27636
2800567031.25,-20.27737
2800567187.5,-20.27811
2800567343.75,-20.27871
2800567500.0,-20.28054
2800567656.25,-20.28242
2800567812.5,-20.28512
2800567968.75,-20.28667
2800568125.0,-20.28525
2800568281.25,-20.28891
2800568437.5,-20.29029
2800568593.75,-20.28907
2800568750.0,-20.29283
2800568906.25,-20.2932
2800569062.5,-20.29378
2800569218.75,-20.29672
2800569375.0,-20.29633
2800569531.25,-20.29801
2800569687.5,-20.30064
2800569843.75,-20.30161
2800570000.0,-20.30211
2800570156.25,-20.30462
2800570312.5,-20.30491
2800570468.75,-20.30598
2800570625.0,-20.30758
2800570781.25,-20.30962
2800570937.5,-20.30994
2800571093.75,-20.31202
2800571250.0,-20.31366
2800571406.25,-20.31376
2800571562.5,-20.31602
2800571718.75,-20.31868
2800571875.0,-20.31827
2800572031.25,-20.31956
2800572187.5,-20.32104
2800572343.75,-20.32496
2800572500.0,-20.32435
2800572656.25,-20.32336
2800572812.5,-20.32591
2800572968.75,-20.3292
2800573125.0,-20.33029
2800573281.25,-20.33114
2800573437.5,-20.33277
2800573593.75,-20.33518
2800573750.0,-20.33661
2800573906.25,-20.33836
2800574062.5,-20.3385
2800574218.75,-20.33915
2800574375.0,-20.34094
2800574531.25,-20.34208
2800574687.5,-20.34301
2800574843.75,-20.34572
2800575000.0,-20.34461
2800575156.25,-20.3478
2800575312.5,-20.34815
2800575468.75,-20.35016
2800575625.0,-20.35273
2800575781.25,-20.35204
2800575937.5,-20.35596
2800576093.75,-20.35556
2800576250.0,-20.3583
2800576406.25,-20.35907
2800576562.5,-20.36006
2800576718.75,-20.36136
2800576875.0,-20.36239
2800577031.25,-20.36257
2800577187.5,-20.366
2800577343.75,-20.36717
2800577500.0,-20.36946
2800577656.25,-20.37044
2800577812.5,-20.36988
2800577968.75,-20.37451
2800578125.0,-20.37219
2800578281.25,-20.37427
2800578437.5,-20.37576
2800578593.75,-20.37873
2800578750.0,-20.37861
2800578906.25,-20.37891
2800579062.5,-20.38346
2800579218.75,-20.3825
2800579375.0,-20.38346
2800579531.25,-20.38486
2800579687.5,-20.38707
2800579843.75,-20.38897
2800580000.0,-20.38811
2800580156.25,-20.39104
2800580312.5,-20.39157
2800580468.75,-20.39252
2800580625.0,-20.39523
2800580781.25,-20.39277
2800580937.5,-20.39756
2800581093.75,-20.39832
2800581250.0,-20.4001
2800581406.25,-20.4007
2800581562.5,-20.40386
2800581718.75,-20.40531
2800581875.0,-20.40629
2800582031.25,-20.408
2800582187.5,-20.40749
2800582343.75,-20.41072
2800582500.0,-20.41178
2800582656.25,-20.4122
2800582812.5,-20.41566
2800582968.75,-20.41538
2800583125.0,-20.41905
2800583281.25,-20.41925
2800583437.5,-20.41845
2800583593.75,-20.42147
2800583750.0,-20.42186
2800583906.25,-20.42391
2800584062.5,-20.42609
2800584218.75,-20.42624
2800584375.0,-20.42767
2800584531.25,-20.42781
2800584687.5,-20.43001
2800584843.75,-20.43163
2800585000.0,-20.43288
2800585156.25,-20.43526
2800585312.5,-20.43498
2800585468.75,-20.4371
2800585625.0,-20.43955
2800585781.25,-20.44155
2800585937.5,-20.44073
2800586093.75,-20.44256
2800586250.0,-20.44628
2800586406.25,-20.44463
2800586562.5,-20.44736
2800586718.75,-20.44782
2800586875.0,-20.44711
2800587031.25,-20.45002
2800587187.5,-20.45181
2800587343.75,-20.45448
2800587500.0,-20.45782
2800587656.25,-20.45584
2800587812.5,-20.45685
2800587968.75,-20.45746
2800588125.0,-20.46107
2800588281.25,-20.46058
2800588437.5,-20.46264
2800588593.75,-20.46328
2800588750.0,-20.46699
2800588906.25,-20.46862
2800589062.5,-20.47025
2800589218.75,-20.46825
2800589375.0,-20.46936
2800589531.25,-20.4714
2800589687.5,-20.47466
2800589843.75,-20.4749
2800590000.0,-20.47754
2800590156.25,-20.47718
2800590312.5,-20.47743
2800590468.75,-20.4796
2800590625.0,-20.48197
2800590781.25,-20.48323
2800590937.5,-20.48372
2800591093.75,-20.48487
2800591250.0,-20.48749
2800591406.25,-20.48985
2800591562.5,-20.48925
2800591718.75,-20.49131
2800591875.0,-20.49217
2800592031.25,-20.49353
2800592187.5,-20.49514
2800592343.75,-20.49798
2800592500.0,-20.49785
2800592656.25,-20.49894
2800592812.5,-20.50188
2800592968.75,-20.50283
2800593125.0,-20.50364
2800593281.25,-20.50173
2800593437.5,-20.50586
2800593593.75,-20.50692
2800593750.0,-20.507
2800593906.25,-20.51105
2800594062.5,-20.51211
2800594218.75,-20.51147
2800594375.0,-20.51407
2800594531.25,-20.51412
2800594687.5,-20.51721
2800594843.75,-20.51716
2800595000.0,-20.51851
2800595156.25,-20.51876
2800595312.5,-20.52211
2800595468.75,-20.52383
2800595625.0,-20.5234
2800595781.25,-20.52736
2800595937.5,-20.52649
2800596093.75,-20.52881
2800596250.0,-20.52902
2800596406.25,-20.52993
2800596562.5,-20.53247
2800596718.75,-20.53311
2800596875.0,-20.53585
2800597031.25,-20.53729
2800597187.5,-20.53924
2800597343.75,-20.54055
2800597500.0,-20.53897
2800597656.25,-20.54238
2800597812.5,-20.54309
2800597968.75,-20.54521
2800598125.0,-20.54618
2800598281.25,-20.54641
2800598437.5,-20.54991
2800598593.75,-20.54953
2800598750.0,-20.55212
2800598906.25,-20.55498
2800599062.5,-20.55188
2800599218.75,-20.55567
2800599375.0,-20.55563
2800599531.25,-20.55904
2800599687.5,-20.55987
2800599843.75,-20.55934
2800600000.0,-20.56108
2800600156.25,-20.56343
2800600312.5,-20.56578
2800600468.75,-20.56573
2800600625.0,-20.56752
2800600781.25,-20.56892
2800600937.5,-20.57093
2800601093.75,-20.57397
2800601250.0,-20.57253
2800601406.25,-20.57331
2800601562.5,-20.57619
2800601718.75,-20.57738
2800601875.0,-20.57955
2800602031.25,-20.57879
2800602187.5,-20.581
2800602343.75,-20.58271
2800602500.0,-20.58274
2800602656.25,-20.58514
2800602812.5,-20.58838
2800602968.75,-20.58715
2800603125.0,-20.58666
2800603281.25,-20.58911
2800603437.5,-20.59095
2800603593.75,-20.5927
2800603750.0,-20.59543
2800603906.25,-20.59542
2800604062.5,-20.59457
2800604218.75,-20.59726
2800604375.0,-20.59825
2800604531.25,-20.59995
2800604687.5,-20.60224
2800604843.75,-20.60447
2800605000.0,-20.60477
2800605156.25,-20.60655
2800605312.5,-20.60611
2800605468.75,-20.60709
2800605625.0,-20.61102
2800605781.25,-20.61009
2800605937.5,-20.61176
2800606093.75,-20.61444
2800606250.0,-20.61621
2800606406.25,-20.61799
2800606562.5,-20.61855
2800606718.75,-20.61897
2800606875.0,-20.61929
2800607031.25,-20.62239
2800607187.5,-20.62183
2800607343.75,-20.62552
2800607500.0,-20.62393
2800607656.25,-20.62657
2800607812.5,-20.62763
2800607968.75,-20.62939
2800608125.0,-20.63036
2800608281.25,-20.63162
2800608437.5,-20.63414
2800608593.75,-20.63405
2800608750.0,-20.63526
2800608906.25,-20.63723
2800609062.5,-20.63878
2800609218.75,-20.64089
2800609375.0,-20.64347
2800609531.25,-20.64272
2800609687.5,-20.64439
2800609843.75,-20.64526
2800610000.0,-20.64603
2800610156.25,-20.64823
2800610312.5,-20.6492
2800610468.75,-20.64995
2800610625.0,-20.65129
2800610781.25,-20.65443
2800610937.5,-20.65588
2800611093.75,-20.657
2800611250.0,-20.65797
2800611406.25,-20.65749
2800611562.5,-20.66017
2800611718.75,-20.66007
2800611875.0,-20.6619
2800612031.25,-20.664
2800612187.5,-20.66617
2800612343.75,-20.66578
2800612500.0,-20.6688
2800612656.25,-20.66833
2800612812.5,-20.67028
2800612968.75,-20.67254
2800613125.0,-20.67235
2800613281.25,-20.6746
2800613437.5,-20.67632
2800613593.75,-20.67752
2800613750.0,-20.6777
2800613906.25,-20.6797
2800614062.5,-20.68118
2800614218.75,-20.68303
2800614375.0,-20.68389
2800614531.25,-20.68448
2800614687.5,-20.68672
2800614843.75,-20.68803
2800615000.0,-20.68846
2800615156.25,-20.69196
2800615312.5,-20.69267
2800615468.75,-20.69295
2800615625.0,-20.69359
2800615781.25,-20.69404
2800615937.5,-20.69678
2800616093.75,-20.69833
2800616250.0,-20.69836
2800616406.25,-20.70119
2800616562.5,-20.70245
2800616718.75,-20.70213
2800616875.0,-20.70538
2800617031.25,-20.70572
2800617187.5,-20.70633
2800617343.75,-20.7089
2800617500.0,-20.71174
2800617656.25,-20.71075
2800617812.5,-20.71292
2800617968.75,-20.71112
2800618125.0,-20.71487
2800618281.25,-20.7184
2800618437.5,-20.71844
2800618593.75,-20.71833
2800618750.0,-20.71794
2800618906.25,-20.72104
2800619062.5,-20.72439
2800619218.75,-20.72362
2800619375.0,-20.72469
2800619531.25,-20.72731
2800619687.5,-20.72805
2800619843.75,-20.72799
2800620000.0,-20.73267
2800620156.25,-20.73206
2800620312.5,-20.73424
2800620468.75,-20.73351
2800620625.0,-20.73469
2800620781.25,-20.73784
2800620937.5,-20.73874
2800621093.75,-20.73902
2800621250.0,-20.74067
2800621406.25,-20.74377
2800621562.5,-20.74448
2800621718.75,-20.74643
2800621875.0,-20.74591
2800622031.25,-20.74711
2800622187.5,-20.74937
2800622343.75,-20.75084
2800622500.0,-20.75157
2800622656.25,-20.75266
2800622812.5,-20.75352
2800622968.75,-20.7552
2800623125.0,-20.75876
2800623281.25,-20.75737
2800623437.5,-20.75926
2800623593.75,-20.7576
2800623750.0,-20.76032
2800623906.25,-20.76298
2800624062.5,-20.76453
2800624218.75,-20.76511
2800624375.0,-20.76927
2800624531.25,-20.7681
2800624687.5,-20.77062
2800624843.75,-20.77006
2800625000.0,-20.77296
2800625156.25,-20.77296
2800625312.5,-20.7753
2800625468.75,-20.77802
2800625625.0,-20.77805
2800625781.25,-20.7791
2800625937.5,-20.78115
2800626093.75,-20.78358
2800626250.0,-20.78505
2800626406.25,-20.7832
2800626562.5,-20.78514
2800626718.75,-20.78753
2800626875.0,-20.78812
2800627031.25,-20.79072
2800627187.5,-20.79127
2800627343.75,-20.79097
2800627500.0,-20.79366
2800627656.25,-20.79524
2800627812.5,-20.79465
2800627968.75,-20.79693
2800628125.0,-20.79886
2800628281.25,-20.79957
2800628437.5,-20.80273
2800628593.75,-20.80423
2800628750.0,-20.80417
2800628906.25,-20.80662
2800629062.5,-20.80613
2800629218.75,-20.80893
2800629375.0,-20.80988
2800629531.25,-20.81014
2800629687.5,-20.81014
2800629843.75,-20.81232
2800630000.0,-20.81663
2800630156.25,-20.81571
2800630312.5,-20.81586
2800630468.75,-20.8178
2800630625.0,-20.81994
2800630781.25,-20.82029
2800630937.5,-20.82117
2800631093.75,-20.82196
2800631250.0,-20.82214
2800631406.25,-20.82823
2800631562.5,-20.82737
2800631718.75,-20.82716
2800631875.0,-20.82917
2800632031.25,-20.83099
2800632187.5,-20.8328
2800632343.75,-20.8347
2800632500.0,-20.8335
2800632656.25,-20.83573
2800632812.5,-20.83817
2800632968.75,-20.83966
2800633125.0,-20.8415
2800633281.25,-20.84002
2800633437.5,-20.84211
2800633593.75,-20.84327
2800633750.0,-20.84515
2800633906.25,-20.84595
2800634062.5,-20.84604
2800634218.75,-20.84924
2800634375.0,-20.85161
2800634531.25,-20.8512
2800634687.5,-20.85611
2800634843.75,-20.85539
2800635000.0,-20.85666
2800635156.25,-20.85749
2800635312.5,-20.85752
2800635468.75,-20.85925
2800635625.0,-20.86054
2800635781.25,-20.8637
2800635937.5,-20.86281
2800636093.75,-20.8673
2800636250.0,-20.86348
2800636406.25,-20.86842
2800636562.5,-20.86855
2800636718.75,-20.86966
2800636875.0,-20.87296
2800637031.25,-20.87141
2800637187.5,-20.87412
2800637343.75,-20.87453
2800637500.0,-20.87696
2800637656.25,-20.87757
2800637812.5,-20.88012
2800637968.75,-20.88054
2800638125.0,-20.88085
2800638281.25,-20.88276
2800638437.5,-20.88585
2800638593.75,-20.8856
2800638750.0,-20.88596
2800638906.25,-20.88558
2800639062.5,-20.89026
2800639218.75,-20.89032
2800639375.0,-20.89184
2800639531.25,-20.89224
2800639687.5,-20.89315
2800639843.75,-20.89656
2800640000.0,-20.89713
2800640156.25,-20.89984
2800640312.5,-20.8996
2800640468.75,-20.90196
2800640625.0,-20.90126
2800640781.25,-20.90252
2800640937.5,-20.90489
2800641093.75,-20.90411
2800641250.0,-20.90669
2800641406.25,-20.90872
2800641562.5,-20.90923
2800641718.75,-20.91242
2800641875.0,-20.91291
2800642031.25,-20.91315
2800642187.5,-20.91445
2800642343.75,-20.91741
2800642500.0,-20.91694
2800642656.25,-20.9182
2800642812.5,-20.91833
2800642968.75,-20.92063
2800643125.0,-20.92148
2800643281.25,-20.92197
2800643437.5,-20.92345
2800643593.75,-20.92432
2800643750.0,-20.92794
2800643906.25,-20.92666
2800644062.5,-20.92976
2800644218.75,-20.93265
2800644375.0,-20.93291
2800644531.25,-20.93594
2800644687.5,-20.93475
2800644843.75,-20.9369
2800645000.0,-20.93746
2800645156.25,-20.93854
2800645312.5,-20.94135
2800645468.75,-20.94108
2800645625.0,-20.9421
2800645781.25,-20.94501
2800645937.5,-20.94533
2800646093.75,-20.94646
2800646250.0,-20.9479
2800646406.25,-20.94986
2800646562.5,-20.95028
2800646718.75,-20.95149
2800646875.0,-20.95447
2800647031.25,-20.95516
2800647187.5,-20.95432
2800647343.75,-20.9562
2800647500.0,-20.95918
2800647656.25,-20.95989
2800647812.5,-20.96099
2800647968.75,-20.96123
2800648125.0,-20.96352
2800648281.25,-20.96521
2800648437.5,-20.96551
2800648593.75,-20.96758
2800648750.0,-20.96892
2800648906.25,-20.97075
2800649062.5,-20.97252
2800649218.75,-20.96955
2800649375.0,-20.97363
2800649531.25,-20.97654
2800649687.5,-20.97707
2800649843.75,-20.97689
2800650000.0,-20.97793
2800650156.25,-20.97809
2800650312.5,-20.98231
2800650468.75,-20.98306
2800650625.0,-20.98503
2800650781.25,-20.98535
2800650937.5,-20.9874
2800651093.75,-20.98847
2800651250.0,-20.98723
2800651406.25,-20.99034
2800651562.5,-20.99454
2800651718.75,-20.99437
2800651875.0,-20.99302
2800652031.25,-20.99575
2800652187.5,-20.99618
2800652343.75,-20.99608
2800652500.0,-20.99763
2800652656.25,-20.99922
2800652812.5,-21.0014
2800652968.75,-21.00457
2800653125.0,-21.00489
2800653281.25,-21.007
2800653437.5,-21.00863
2800653593.75,-21.00693
2800653750.0,-21.0084
2800653906.25,-21.01042
2800654062.5,-21.01178
2800654218.75,-21.01298
2800654375.0,-21.0151
2800654531.25,-21.01706
2800654687.5,-21.01739
2800654843.75,-21.01833
2800655000.0,-21.01731
2800655156.25,-21.01957
2800655312.5,-21.02294
2800655468.75,-21.0234
2800655625.0,-21.0249
2800655781.25,-21.02629
2800655937.5,-21.02738
2800656093.75,-21.028
2800656250.0,-21.03008
2800656406.25,-21.03063
2800656562.5,-21.03185
2800656718.75,-21.03187
2800656875.0,-21.03407
2800657031.25,-21.0345
2800657187.5,-21.03824
2800657343.75,-21.03844
2800657500.0,-21.03868
2800657656.25,-21.04102
2800657812.5,-21.04127
2800657968.75,-21.04354
2800658125.0,-21.04406
2800658281.25,-21.04746
2800658437.5,-21.04742
2800658593.75,-21.04541
2800658750.0,-21.05079
2800658906.25,-21.05005
2800659062.5,-21.05202
2800659218.75,-21.05433
2800659375.0,-21.05529
2800659531.25,-21.05491
2800659687.5,-21.05781
2800659843.75,-21.05971
2800660000.0,-21.06177
2800660156.25,-21.06084
2800660312.5,-21.06343
2800660468.75,-21.06192
2800660625.0,-21.06341
2800660781.25,-21.06651
2800660937.5,-21.06699
2800661093.75,-21.06915
2800661250.0,-21.07018
2800661406.25,-21.07252
2800661562.5,-21.07177
2800661718.75,-21.07496
2800661875.0,-21.07385
2800662031.25,-21.07694
2800662187.5,-21.07845
2800662343.75,-21.07854
2800662500.0,-21.08037
2800662656.25,-21.08278
2800662812.5,-21.08418
2800662968.75,-21.08562
2800663125.0,-21.08427
2800663281.25,-21.08566
2800663437.5,-21.08803
2800663593.75,-21.08879
2800663750.0,-21.09026
2800663906.25,-21.09242
2800664062.5,-21.09416
2800664218.75,-21.09266
2800664375.0,-21.09642
2800664531.25,-21.09865
2800664687.5,-21.09853
2800664843.75,-21.09921
2800665000.0,-21.09833
2800665156.25,-21.10151
2800665312.5,-21.10223
2800665468.75,-21.10442
2800665625.0,-21.10676
2800665781.25,-21.10699
2800665937.5,-21.10342
2800666093.75,-21.10879
2800666250.0,-21.11001
2800666406.25,-21.10793
2800666562.5,-21.11297
2800666718.75,-21.11352
2800666875.0,-21.11553
2800667031.25,-21.11744
2800667187.5,-21.11942
2800667343.75,-21.11931
2800667500.0,-21.12072
2800667656.25,-21.12228
2800667812.5,-21.12305
2800667968.75,-21.12545
2800668125.0,-21.12577
2800668281.25,-21.12552
2800668437.5,-21.12774
2800668593.75,-21.12784
2800668750.0,-21.13033
2800668906.25,-21.13147
2800669062.5,-21.1325
2800669218.75,-21.13646
2800669375.0,-21.13475
2800669531.25,-21.13622
2800669687.5,-21.13767
2800669843.75,-21.13811
2800670000.0,-21.13896
2800670156.25,-21.14258
2800670312.5,-21.14025
2800670468.75,-21.14159
2800670625.0,-21.14474
2800670781.25,-21.1467
2800670937.5,-21.15044
2800671093.75,-21.14898
2800671250.0,-21.15108
2800671406.25,-21.15297
2800671562.5,-21.15386
2800671718.75,-21.15276
2800671875.0,-21.15488
2800672031.25,-21.15644
2800672187.5,-21.15859
2800672343.75,-21.15903
2800672500.0,-21.16055
2800672656.25,-21.16193
2800672812.5,-21.16045
2800672968.75,-21.16292
2800673125.0,-21.1635
2800673281.25,-21.16935
2800673437.5,-21.16615
2800673593.75,-21.17
2800673750.0,-21.16942
2800673906.25,-21.17217
2800674062.5,-21.17202
2800674218.75,-21.1727
2800674375.0,-21.17426
2800674531.25,-21.17787
2800674687.5,-21.17843
2800674843.75,-21.17988
2800675000.0,-21.17981
2800675156.25,-21.18075
2800675312.5,-21.18248
2800675468.75,-21.18511
2800675625.0,-21.18421
2800675781.25,-21.18674
2800675937.5,-21.18763
2800676093.75,-21.18843
2800676250.0,-21.19084
2800676406.25,-21.19246
2800676562.5,-21.19259
2800676718.75,-21.19481
2800676875.0,-21.19653
2800677031.25,-21.19693
2800677187.5,-21.19644
2800677343.75,-21.19978
2800677500.0,-21.20115
2800677656.25,-21.20069
2800677812.5,-21.20435
2800677968.75,-21.2035
2800678125.0,-21.20527
2800678281.25,-21.20477
2800678437.5,-21.20568
2800678593.75,-21.20865
2800678750.0,-21.20765
2800678906.25,-21.21078
2800679062.5,-21.21349
2800679218.75,-21.21214
2800679375.0,-21.21444
2800679531.25,-21.21495
2800679687.5,-21.21755
2800679843.75,-21.22018
2800680000.0,-21.21657
2800680156.25,-21.22153
2800680312.5,-21.22341
2800680468.75,-21.22436
2800680625.0,-21.22211
2800680781.25,-21.22642
2800680937.5,-21.22754
2800681093.75,-21.22824
2800681250.0,-21.22982
2800681406.25,-21.22973
2800681562.5,-21.23032
2800681718.75,-21.23383
2800681875.0,-21.23526
2800682031.25,-21.23639
2800682187.5,-21.2373
2800682343.75,-21.23828
2800682500.0,-21.24034
2800682656.25,-21.24151
2800682812.5,-21.24104
2800682968.75,-21.24233
2800683125.0,-21.2445
2800683281.25,-21.24412
2800683437.5,-21.24817
2800683593.75,-21.24941
2800683750.0,-21.25034
2800683906.25,-21.25196
2800684062.5,-21.25273
2800684218.75,-21.25308
2800684375.0,-21.25432
2800684531.25,-21.2547
2800684687.5,-21.25633
2800684843.75,-21.2573
2800685000.0,-21.26177
2800685156.25,-21.26268
2800685312.5,-21.26128
2800685468.75,-21.2658
2800685625.0,-21.26405
2800685781.25,-21.26616
2800685937.5,-21.26837
2800686093.75,-21.26888
2800686250.0,-21.26855
2800686406.25,-21.27182
2800686562.5,-21.2736
2800686718.75,-21.2705
2800686875.0,-21.27475
2800687031.25,-21.27545
2800687187.5,-21.27793
2800687343.75,-21.279
2800687500.0,-21.27962
2800687656.25,-21.28129
2800687812.5,-21.28494
2800687968.75,-21.28303
2800688125.0,-21.28332
2800688281.25,-21.28675
2800688437.5,-21.28517
2800688593.75,-21.28851
2800688750.0,-21.28984
2800688906.25,-21.29137
2800689062.5,-21.29203
2800689218.75,-21.29348
2800689375.0,-21.29542
2800689531.25,-21.29729
2800689687.5,-21.29769
2800689843.75,-21.29773
2800690000.0,-21.3007
2800690156.25,-21.29761
2800690312.5,-21.30159
2800690468.75,-21.30178
2800690625.0,-21.30165
2800690781.25,-21.30479
2800690937.5,-21.30593
2800691093.75,-21.30512
2800691250.0,-21.31026
2800691406.25,-21.3098
2800691562.5,-21.3118
2800691718.75,-21.31159
2800691875.0,-21.31646
2800692031.25,-21.31494
2800692187.5,-21.31594
2800692343.75,-21.31633
2800692500.0,-21.31915
2800692656.25,-21.32044
2800692812.5,-21.32144
2800692968.75,-21.3193
2800693125.0,-21.32363
2800693281.25,-21.32572
2800693437.5,-21.32636
2800693593.75,-21.32937
2800693750.0,-21.33069
2800693906.25,-21.32993
2800694062.5,-21.33117
2800694218.75,-21.33346
2800694375.0,-21.33628
2800694531.25,-21.33362
2800694687.5,-21.33682
2800694843.75,-21.33572
2800695000.0,-21.3386
2800695156.25,-21.34049
2800695312.5,-21.34051
2800695468.75,-21.34173
2800695625.0,-21.34439
2800695781.25,-21.34612
2800695937.5,-21.34507
2800696093.75,-21.34655
2800696250.0,-21.3504
2800696406.25,-21.35063
2800696562.5,-21.34969
2800696718.75,-21.35172
2800696875.0,-21.35393
2800697031.25,-21.35347
2800697187.5,-21.35583
2800697343.75,-21.35773
2800697500.0,-21.35759
2800697656.25,-21.35899
2800697812.5,-21.35984
2800697968.75,-21.36117
2800698125.0,-21.36493
2800698281.25,-21.36358
2800698437.5,-21.36651
2800698593.75,-21.36617
2800698750.0,-21.36745
2800698906.25,-21.36965
2800699062.5,-21.37107
2800699218.75,-21.36985
2800699375.0,-21.3717
2800699531.25,-21.37505
2800699687.5,-21.37711
2800699843.75,-21.37701
2800700000.0,-21.37649
2800700156.25,-21.37863
2800700312.5,-21.38063
2800700468.75,-21.3809
2800700625.0,-21.38234
2800700781.25,-21.38368
2800700937.5,-21.38494
2800701093.75,-21.38827
2800701250.0,-21.38487
2800701406.25,-21.38861
2800701562.5,-21.39184
2800701718.75,-21.39208
2800701875.0,-21.39308
2800702031.25,-21.39322
2800702187.5,-21.39422
2800702343.75,-21.3945
2800702500.0,-21.39801
2800702656.25,-21.39774
2800702812.5,-21.3996
2800702968.75,-21.39927
2800703125.0,-21.40202
2800703281.25,-21.40196
2800703437.5,-21.40324
2800703593.75,-21.40683
2800703750.0,-21.40537
2800703906.25,-21.40731
2800704062.5,-21.40777
2800704218.75,-21.40954
2800704375.0,-21.4136
2800704531.25,-21.4136
2800704687.5,-21.41452
2800704843.75,-21.41581
2800705000.0,-21.41863
2800705156.25,-21.4195
2800705312.5,-21.41773
2800705468.75,-21.41934
2800705625.0,-21.42327
2800705781.25,-21.42272
2800705937.5,-21.4226
2800706093.75,-21.42541
2800706250.0,-21.42533
2800706406.25,-21.42821
2800706562.5,-21.42915
2800706718.75,-21.43187
2800706875.0,-21.43237
2800707031.25,-21.43065
2800707187.5,-21.43504
2800707343.75,-21.43586
2800707500.0,-21.43508
2800707656.25,-21.4374
2800707812.5,-21.43956
2800707968.75,-21.43909
2800708125.0,-21.44135
2800708281.25,-21.44202
2800708437.5,-21.44325
2800708593.75,-21.44371
2800708750.0,-21.44633
2800708906.25,-21.44696
2800709062.5,-21.44827
2800709218.75,-21.44799
2800709375.0,-21.45016
2800709531.25,-21.45196
2800709687.5,-21.45338
2800709843.75,-21.45402
2800710000.0,-21.45336
2800710156.25,-21.45639
2800710312.5,-21.45619
2800710468.75,-21.46053
2800710625.0,-21.45994
2800710781.25,-21.46039
2800710937.5,-21.46215
2800711093.75,-21.46269
2800711250.0,-21.4666
2800711406.25,-21.46522
2800711562.5,-21.46645
2800711718.75,-21.46923
2800711875.0,-21.47015
2800712031.25,-21.47103
2800712187.5,-21.47217
2800712343.75,-21.47267
2800712500.0,-21.47509
2800712656.25,-21.47634
2800712812.5,-21.47784
2800712968.75,-21.4784
2800713125.0,-21.48
2800713281.25,-21.48004
2800713437.5,-21.48164
2800713593.75,-21.48431
2800713750.0,-21.48646
2800713906.25,-21.48478
2800714062.5,-21.48585
2800714218.75,-21.48792
2800714375.0,-21.48775
2800714531.25,-21.4913
2800714687.5,-21.49202
2800714843.75,-21.49289
2800715000.0,-21.49374
2800715156.25,-21.49414
2800715312.5,-21.49878
2800715468.75,-21.49881
2800715625.0,-21.49976
2800715781.25,-21.4988
2800715937.5,-21.49829
2800716093.75,-21.50354
2800716250.0,-21.5043
2800716406.25,-21.50277
2800716562.5,-21.50688
2800716718.75,-21.50578
2800716875.0,-21.5078
2800717031.25,-21.50954
2800717187.5,-21.51244
2800717343.75,-21.51314
2800717500.0,-21.51148
2800717656.25,-21.51545
2800717812.5,-21.51566
2800717968.75,-21.51713
2800718125.0,-21.51756
2800718281.25,-21.51935
2800718437.5,-21.52017
2800718593.75,-21.52001
2800718750.0,-21.52058
2800718906.25,-21.52394
2800719062.5,-21.52562
2800719218.75,-21.52701
2800719375.0,-21.52877
2800719531.25,-21.53105
2800719687.5,-21.52828
2800719843.75,-21.53075
2800720000.0,-21.53153
2800720156.25,-21.53387
2800720312.5,-21.53664
2800720468.75,-21.53559
2800720625.0,-21.53804
2800720781.25,-21.53765
2800720937.5,-21.5385
2800721093.75,-21.53932
2800721250.0,-21.53981
2800721406.25,-21.54042
2800721562.5,-21.54326
2800721718.75,-21.54408
2800721875.0,-21.54691
2800722031.25,-21.54777
2800722187.5,-21.54605
2800722343.75,-21.55155
2800722500.0,-21.55011
2800722656.25,-21.55405
2800722812.5,-21.55524
2800722968.75,-21.55644
2800723125.0,-21.55421
2800723281.25,-21.55769
2800723437.5,-21.55861
2800723593.75,-21.55884
2800723750.0,-21.55972
2800723906.25,-21.56245
2800724062.5,-21.56361
2800724218.75,-21.56532
2800724375.0,-21.56558
2800724531.25,-21.56672
2800724687.5,-21.57036
2800724843.75,-21.57026
2800725000.0,-21.56992
2800725156.25,-21.57072
2800725312.5,-21.57078
2800725468.75,-21.57311
2800725625.0,-21.57485
2800725781.25,-21.57746
2800725937.5,-21.57789
2800726093.75,-21.57858
2800726250.0,-21.58149
2800726406.25,-21.58136
2800726562.5,-21.58189
2800726718.75,-21.5833
2800726875.0,-21.58367
2800727031.25,-21.58421
2800727187.5,-21.58746
2800727343.75,-21.58843
2800727500.0,-21.58854
2800727656.25,-21.59029
2800727812.5,-21.59002
2800727968.75,-21.59259
2800728125.0,-21.59623
2800728281.25,-21.59433
2800728437.5,-21.59571
2800728593.75,-21.59887
2800728750.0,-21.60043
2800728906.25,-21.60264
2800729062.5,-21.60184
2800729218.75,-21.60114
2800729375.0,-21.60266
2800729531.25,-21.60682
2800729687.5,-21.60491
2800729843.75,-21.6072
2800730000.0,-21.60876
2800730156.25,-21.61053
2800730312.5,-21.61063
2800730468.75,-21.61131
2800730625.0,-21.61585
2800730781.25,-21.61466
2800730937.5,-21.61475
2800731093.75,-21.61805
2800731250.0,-21.61573
2800731406.25,-21.62089
2800731562.5,-21.62183
2800731718.75,-21.6225
2800731875.0,-21.62175
2800732031.25,-21.62479
2800732187.5,-21.62537
2800732343.75,-21.62717
2800732500.0,-21.62807
2800732656.25,-21.63005
2800732812.5,-21.63008
2800732968.75,-21.63095
2800733125.0,-21.63013
2800733281.25,-21.63249
2800733437.5,-21.63537
2800733593.75,-21.6369
2800733750.0,-21.63738
2800733906.25,-21.63633
2800734062.5,-21.64088
2800734218.75,-21.64054
2800734375.0,-21.64416
2800734531.25,-21.64045
2800734687.5,-21.64294
2800734843.75,-21.64471
2800735000.0,-21.64766
2800735156.25,-21.64587
2800735312.5,-21.64922
2800735468.75,-21.65161
2800735625.0,-21.65033
2800735781.25,-21.65259
2800735937.5,-21.65411
2800736093.75,-21.65541
2800736250.0,-21.65586
2800736406.25,-21.65752
2800736562.5,-21.65863
2800736718.75,-21.65975
2800736875.0,-21.66058
2800737031.25,-21.6605
2800737187.5,-21.66428
2800737343.75,-21.66452
2800737500.0,-21.66568
2800737656.25,-21.66515
2800737812.5,-21.66715
2800737968.75,-21.66949
2800738125.0,-21.67028
2800738281.25,-21.6733
2800738437.5,-21.67392
2800738593.75,-21.67547
2800738750.0,-21.6735
2800738906.25,-21.67555
2800739062.5,-21.67781
2800739218.75,-21.68103
2800739375.0,-21.67833
2800739531.25,-21.68198
2800739687.5,-21.68278
2800739843.75,-21.68213
2800740000.0,-21.683
2800740156.25,-21.68508
2800740312.5,-21.68785
2800740468.75,-21.68946
2800740625.0,-21.69209
2800740781.25,-21.68967
2800740937.5,-21.69043
2800741093.75,-21.69451
2800741250.0,-21.6937
2800741406.25,-21.69665
2800741562.5,-21.69525
2800741718.75,-21.69834
2800741875.0,-21.69806
2800742031.25,-21.69897
2800742187.5,-21.70189
2800742343.75,-21.70212
2800742500.0,-21.70435
2800742656.25,-21.70215
2800742812.5,-21.70399
2800742968.75,-21.70609
2800743125.0,-21.70987
2800743281.25,-21.71041
2800743437.5,-21.71151
2800743593.75,-21.7115
2800743750.0,-21.71181
2800743906.25,-21.71464
2800744062.5,-21.71432
2800744218.75,-21.71448
2800744375.0,-21.71877
2800744531.25,-21.71784
2800744687.5,-21.71843
2800744843.75,-21.7195
2800745000.0,-21.7226
2800745156.25,-21.72317
2800745312.5,-21.7248
2800745468.75,-21.72451
2800745625.0,-21.72524
2800745781.25,-21.72903
2800745937.5,-21.72863
2800746093.75,-21.73044
2800746250.0,-21.73132
2800746406.25,-21.73332
2800746562.5,-21.73321
2800746718.75,-21.73381
2800746875.0,-21.73528
2800747031.25,-21.73717
2800747187.5,-21.73919
2800747343.75,-21.73964
2800747500.0,-21.74224
2800747656.25,-21.74051
2800747812.5,-21.74289
2800747968.75,-21.74339
2800748125.0,-21.74459
2800748281.25,-21.74655
2800748437.5,-21.74685
2800748593.75,-21.74965
2800748750.0,-21.74882
2800748906.25,-21.75082
2800749062.5,-21.75376
2800749218.75,-21.75435
2800749375.0,-21.75434
2800749531.25,-21.75673
2800749687.5,-21.75582
2800749843.75,-21.75877
2800750000.0,-21.7593
2800750156.25,-21.75985
2800750312.5,-21.76269
2800750468.75,-21.76457
2800750625.0,-21.76484
2800750781.25,-21.76325
2800750937.5,-21.76559
2800751093.75,-21.76693
2800751250.0,-21.76954
2800751406.25,-21.77092
2800751562.5,-21.77254
2800751718.75,-21.77228
2800751875.0,-21.77405
2800752031.25,-21.77408
2800752187.5,-21.77658
2800752343.75,-21.77749
2800752500.0,-21.77803
2800752656.25,-21.77859
2800752812.5,-21.78108
2800752968.75,-21.78193
2800753125.0,-21.78076
2800753281.25,-21.78459
2800753437.5,-21.78758
2800753593.75,-21.78542
2800753750.0,-21.78837
2800753906.25,-21.78851
2800754062.5,-21.79144
2800754218.75,-21.79227
2800754375.0,-21.79201
2800754531.25,-21.79457
2800754687.5,-21.79391
2800754843.75,-21.79576
2800755000.0,-21.79688
2800755156.25,-21.79638
2800755312.5,-21.8001
2800755468.75,-21.7985
2800755625.0,-21.79947
2800755781.25,-21.80152
2800755937.5,-21.8051
2800756093.75,-21.80516
2800756250.0,-21.80662
2800756406.25,-21.80677
2800756562.5,-21.80801
2800756718.75,-21.80855
2800756875.0,-21.80963
2800757031.25,-21.81299
2800757187.5,-21.81334
2800757343.75,-21.81353
2800757500.0,-21.8145
2800757656.25,-21.81879
2800757812.5,-21.81762
2800757968.75,-21.81817
2800758125.0,-21.82112
2800758281.25,-21.82104
2800758437.5,-21.82138
2800758593.75,-21.82476
2800758750.0,-21.8231
2800758906.25,-21.82374
2800759062.5,-21.82807
2800759218.75,-21.82807
2800759375.0,-21.8309
2800759531.25,-21.83042
2800759687.5,-21.82914
2800759843.75,-21.83086
2800760000.0,-21.83425
2800760156.25,-21.83602
2800760312.5,-21.83696
2800760468.75,-21.83808
2800760625.0,-21.83987
2800760781.25,-21.83951
2800760937.5,-21.84054
2800761093.75,-21.84377
2800761250.0,-21.84482
2800761406.25,-21.84501
2800761562.5,-21.84435
2800761718.75,-21.84585
2800761875.0,-21.84817
2800762031.25,-21.84886
2800762187.5,-21.85069
2800762343.75,-21.8517
2800762500.0,-21.85184
2800762656.25,-21.85276
2800762812.5,-21.85645
2800762968.75,-21.85534
2800763125.0,-21.8564
2800763281.25,-21.85834
2800763437.5,-21.8597
2800763593.75,-21.86106
2800763750.0,-21.8611
2800763906.25,-21.86214
2800764062.5,-21.86443
2800764218.75,-21.86538
2800764375.0,-21.86802
2800764531.25,-21.86722
2800764687.5,-21.86627
2800764843.75,-21.86971
2800765000.0,-21.86967
2800765156.25,-21.87115
2800765312.5,-21.87248
2800765468.75,-21.87368
2800765625.0,-21.87406
2800765781.25,-21.87823
2800765937.5,-21.87715
2800766093.75,-21.87467
2800766250.0,-21.87944
2800766406.25,-21.88069
2800766562.5,-21.88096
2800766718.75,-21.8832
2800766875.0,-21.88428
2800767031.25,-21.88704
2800767187.5,-21.88623
2800767343.75,-21.88743
2800767500.0,-21.88799
2800767656.25,-21.89015
2800767812.5,-21.89252
2800767968.75,-21.89168
2800768125.0,-21.89444
2800768281.25,-21.89679
2800768437.5,-21.89552
2800768593.75,-21.898
2800768750.0,-21.89838
2800768906.25,-21.90037
2800769062.5,-21.90225
2800769218.75,-21.90181
2800769375.0,-21.90334
2800769531.25,-21.90448
2800769687.5,-21.90672
2800769843.75,-21.90708
2800770000.0,-21.90766
2800770156.25,-21.90724
2800770312.5,-21.91218
2800770468.75,-21.91081
2800770625.0,-21.91165
2800770781.25,-21.91533
2800770937.5,-21.91505
2800771093.75,-21.91569
2800771250.0,-21.91622
2800771406.25,-21.92037
2800771562.5,-21.919
2800771718.75,-21.92092
2800771875.0,-21.92047
2800772031.25,-21.92331
2800772187.5,-21.92338
2800772343.75,-21.92542
2800772500.0,-21.92651
2800772656.25,-21.92823
2800772812.5,-21.92866
2800772968.75,-21.92943
2800773125.0,-21.93251
2800773281.25,-21.93217
2800773437.5,-21.93337
2800773593.75,-21.93356
2800773750.0,-21.93479
2800773906.25,-21.93416
2800774062.5,-21.93706
2800774218.75,-21.93682
2800774375.0,-21.94071
2800774531.25,-21.94221
2800774687.5,-21.94129
2800774843.75,-21.9439
2800775000.0,-21.94381
2800775156.25,-21.94491
2800775312.5,-21.94681
2800775468.75,-21.9469
2800775625.0,-21.94867
2800775781.25,-21.94806
2800775937.5,-21.95268
2800776093.75,-21.95165
2800776250.0,-21.95485
2800776406.25,-21.95229
2800776562.5,-21.95362
2800776718.75,-21.95716
2800776875.0,-21.95917
2800777031.25,-21.95766
2800777187.5,-21.96066
2800777343.75,-21.96097
2800777500.0,-21.96526
2800777656.25,-21.96246
2800777812.5,-21.96386
2800777968.75,-21.96644
2800778125.0,-21.96794
2800778281.25,-21.96918
2800778437.5,-21.97197
2800778593.75,-21.97111
2800778750.0,-21.9705
2800778906.25,-21.97021
2800779062.5,-21.97328
2800779218.75,-21.97547
2800779375.0,-21.97727
2800779531.25,-21.97668
2800779687.5,-21.97776
2800779843.75,-21.98088
2800780000.0,-21.97912
2800780156.25,-21.98336
2800780312.5,-21.9824
2800780468.75,-21.98463
2800780625.0,-21.98479
2800780781.25,-21.9879
2800780937.5,-21.98805
2800781093.75,-21.99051
2800781250.0,-21.99209
2800781406.25,-21.99065
2800781562.5,-21.99373
2800781718.75,-21.99439
2800781875.0,-21.99391
2800782031.25,-21.99649
2800782187.5,-21.99542
2800782343.75,-21.9976
2800782500.0,-22.00107
2800782656.25,-22.00136
2800782812.5,-22.00257
2800782968.75,-22.00229
2800783125.0,-22.00458
2800783281.25,-22.00597
2800783437.5,-22.00776
2800783593.75,-22.00694
2800783750.0,-22.00837
2800783906.25,-22.01019
2800784062.5,-22.0122
2800784218.75,-22.01236
2800784375.0,-22.01159
2800784531.25,-22.01402
2800784687.5,-22.01569
2800784843.75,-22.01582
2800785000.0,-22.01858
2800785156.25,-22.01763
2800785312.5,-22.01951
2800785468.75,-22.02157
2800785625.0,-22.0213
2800785781.25,-22.02302
2800785937.5,-22.02455
2800786093.75,-22.02579
2800786250.0,-22.02611
2800786406.25,-22.02524
2800786562.5,-22.02898
2800786718.75,-22.03189
2800786875.0,-22.02982
2800787031.25,-22.03169
2800787187.5,-22.03426
2800787343.75,-22.03531
2800787500.0,-22.0343
2800787656.25,-22.03914
2800787812.5,-22.03792
2800787968.75,-22.04
2800788125.0,-22.0386
2800788281.25,-22.03986
2800788437.5,-22.04449
2800788593.75,-22.04316
2800788750.0,-22.04432
2800788906.25,-22.04669
2800789062.5,-22.04716
2800789218.75,-22.04779
2800789375.0,-22.04995
2800789531.25,-22.05112
2800789687.5,-22.05209
2800789843.75,-22.05488
2800790000.0,-22.05394
2800790156.25,-22.05337
2800790312.5,-22.05609
2800790468.75,-22.0556
2800790625.0,-22.05949
2800790781.25,-22.06005
2800790937.5,-22.05983
2800791093.75,-22.0608
2800791250.0,-22.06335
2800791406.25,-22.06461
2800791562.5,-22.06307
2800791718.75,-22.06825
2800791875.0,-22.06843
2800792031.25,-22.06973
2800792187.5,-22.06916
2800792343.75,-22.07086
2800792500.0,-22.07459
2800792656.25,-22.07357
2800792812.5,-22.07292
2800792968.75,-22.07574
2800793125.0,-22.07643
2800793281.25,-22.07532
2800793437.5,-22.07699
2800793593.75,-22.08025
2800793750.0,-22.07956
2800793906.25,-22.08185
2800794062.5,-22.08259
2800794218.75,-22.08574
2800794375.0,-22.08598
2800794531.25,-22.08705
2800794687.5,-22.0886
2800794843.75,-22.09022
2800795000.0,-22.08999
2800795156.25,-22.08846
2800795312.5,-22.09189
2800795468.75,-22.09311
2800795625.0,-22.09369
2800795781.25,-22.09494
2800795937.5,-22.09828
2800796093.75,-22.09727
2800796250.0,-22.09799
2800796406.25,-22.10072
2800796562.5,-22.10139
2800796718.75,-22.10209
2800796875.0,-22.10254
2800797031.25,-22.10378
2800797187.5,-22.10531
2800797343.75,-22.10732
2800797500.0,-22.10873
2800797656.25,-22.11016
2800797812.5,-22.11096
2800797968.75,-22.10996
2800798125.0,-22.11395
2800798281.25,-22.11271
2800798437.5,-22.1165
2800798593.75,-22.11514
2800798750.0,-22.1158
2800798906.25,-22.11874
2800799062.5,-22.12064
2800799218.75,-22.11806
2800799375.0,-22.12195
2800799531.25,-22.1237
2800799687.5,-22.12513
2800799843.75,-22.12387
2800800000.0,-22.12693
2800800156.25,-22.12648
2800800312.5,-22.12866
2800800468.75,-22.12963
2800800625.0,-22.13198
2800800781.25,-22.1338
2800800937.5,-22.13055
2800801093.75,-22.13305
2800801250.0,-22.13667
2800801406.25,-22.13647
2800801562.5,-22.13747
2800801718.75,-22.13816
2800801875.0,-22.13819
2800802031.25,-22.14151
2800802187.5,-22.14121
2800802343.75,-22.14444
2800802500.0,-22.14279
2800802656.25,-22.14433
2800802812.5,-22.14787
2800802968.75,-22.1487
2800803125.0,-22.14788
2800803281.25,-22.15029
2800803437.5,-22.15176
2800803593.75,-22.15323
2800803750.0,-22.15312
2800803906.25,-22.15346
2800804062.5,-22.15578
2800804218.75,-22.15536
2800804375.0,-22.15612
2800804531.25,-22.15829
2800804687.5,-22.16012
2800804843.75,-22.16068
2800805000.0,-22.16215
2800805156.25,-22.1652
2800805312.5,-22.16123
2800805468.75,-22.16541
2800805625.0,-22.16665
2800805781.25,-22.16865
2800805937.5,-22.16871
2800806093.75,-22.16875
2800806250.0,-22.1709
2800806406.25,-22.17097
2800806562.5,-22.17261
2800806718.75,-22.17456
2800806875.0,-22.17719
2800807031.25,-22.17396
2800807187.5,-22.17818
2800807343.75,-22.17941
2800807500.0,-22.17855
2800807656.25,-22.18372
2800807812.5,-22.18143
2800807968.75,-22.18487
2800808125.0,-22.18323
2800808281.25,-22.18371
2800808437.5,-22.18477
2800808593.75,-22.1866
2800808750.0,-22.18963
2800808906.25,-22.19128
2800809062.5,-22.19027
2800809218.75,-22.19375
2800809375.0,-22.19393
2800809531.25,-22.19527
2800809687.5,-22.19429
2800809843.75,-22.19521
2800810000.0,-22.19842
2800810156.25,-22.19917
2800810312.5,-22.20083
2800810468.75,-22.20176
2800810625.0,-22.20087
2800810781.25,-22.20315
2800810937.5,-22.2023
2800811093.75,-22.20552
2800811250.0,-22.20403
2800811406.25,-22.20636
2800811562.5,-22.20857
2800811718.75,-22.20957
2800811875.0,-22.21063
2800812031.25,-22.2133
2800812187.5,-22.21128
2800812343.75,-22.215
2800812500.0,-22.21656
2800812656.25,-22.21686
2800812812.5,-22.21479
2800812968.75,-22.21996
2800813125.0,-22.22022
2800813281.25,-22.2228
2800813437.5,-22.2213
2800813593.75,-22.22304
2800813750.0,-22.2245
2800813906.25,-22.2261
2800814062.5,-22.22488
2800814218.75,-22.22686
2800814375.0,-22.22788
2800814531.25,-22.22948
2800814687.5,-22.2317
2800814843.75,-22.23162
2800815000.0,-22.23218
2800815156.25,-22.23498
2800815312.5,-22.2366
2800815468.75,-22.23579
2800815625.0,-22.23618
2800815781.25,-22.23908
2800815937.5,-22.24065
2800816093.75,-22.24017
2800816250.0,-22.24208
2800816406.25,-22.24483
2800816562.5,-22.24292
2800816718.75,-22.24064
2800816875.0,-22.24622
2800817031.25,-22.24866
2800817187.5,-22.25054
2800817343.75,-22.2505
2800817500.0,-22.24995
2800817656.25,-22.25349
2800817812.5,-22.25252
2800817968.75,-22.25608
2800818125.0,-22.25369
2800818281.25,-22.25519
2800818437.5,-22.25838
2800818593.75,-22.25746
2800818750.0,-22.26015
2800818906.25,-22.26128
2800819062.5,-22.2629
2800819218.75,-22.26307
2800819375.0,-22.26362
2800819531.25,-22.26587
2800819687.5,-22.26567
2800819843.75,-22.268
2800820000.0,-22.26694
2800820156.25,-22.26688
2800820312.5,-22.27181
2800820468.75,-22.27204
2800820625.0,-22.27102
2800820781.25,-22.27397
2800820937.5,-22.27398
2800821093.75,-22.27744
2800821250.0,-22.27967
2800821406.25,-22.27651
2800821562.5,-22.27682
2800821718.75,-22.28036
2800821875.0,-22.28214
2800822031.25,-22.28344
2800822187.5,-22.28445
2800822343.75,-22.28562
2800822500.0,-22.2857
2800822656.25,-22.28733
2800822812.5,-22.28907
2800822968.75,-22.28983
2800823125.0,-22.29191
2800823281.25,-22.29217
2800823437.5,-22.29428
2800823593.75,-22.29405
2800823750.0,-22.29552
2800823906.25,-22.29435
2800824062.5,-22.29712
2800824218.75,-22.29533
2800824375.0,-22.30007
2800824531.25,-22.29926
2800824687.5,-22.30164
2800824843.75,-22.30228
2800825000.0,-22.30416
2800825156.25,-22.30727
2800825312.5,-22.30446
2800825468.75,-22.30747
2800825625.0,-22.30927
2800825781.25,-22.30794
2800825937.5,-22.30979
2800826093.75,-22.31166
2800826250.0,-22.31241
2800826406.25,-22.31467
2800826562.5,-22.31419
2800826718.75,-22.31567
2800826875.0,-22.31732
2800827031.25,-22.31694
2800827187.5,-22.31914
2800827343.75,-22.32164
2800827500.0,-22.32311
2800827656.25,-22.32281
2800827812.5,-22.32514
2800827968.75,-22.32268
2800828125.0,-22.32785
2800828281.25,-22.32745
2800828437.5,-22.32941
2800828593.75,-22.33112
2800828750.0,-22.33084
2800828906.25,-22.33125
2800829062.5,-22.3328
2800829218.75,-22.33347
2800829375.0,-22.33342
2800829531.25,-22.33472
2800829687.5,-22.33471
2800829843.75,-22.33551
2800830000.0,-22.33809
2800830156.25,-22.3395
2800830312.5,-22.34043
2800830468.75,-22.34153
2800830625.0,-22.3448
2800830781.25,-22.34434
2800830937.5,-22.34558
2800831093.75,-22.34722
2800831250.0,-22.34725
2800831406.25,-22.34717
2800831562.5,-22.3499
2800831718.75,-22.35175
2800831875.0,-22.3534
2800832031.25,-22.35376
2800832187.5,-22.35361
2800832343.75,-22.35601
2800832500.0,-22.35574
2800832656.25,-22.35891
2800832812.5,-22.35781
2800832968.75,-22.35717
2800833125.0,-22.36091
2800833281.25,-22.36171
2800833437.5,-22.36339
2800833593.75,-22.36447
2800833750.0,-22.36725
2800833906.25,-22.36422
2800834062.5,-22.36487
2800834218.75,-22.36836
2800834375.0,-22.37134
2800834531.25,-22.3704
2800834687.5,-22.36927
2800834843.75,-22.37282
2800835000.0,-22.37479
2800835156.25,-22.37607
2800835312.5,-22.3749
2800835468.75,-22.38025
2800835625.0,-22.38039
2800835781.25,-22.38009
2800835937.5,-22.38048
2800836093.75,-22.38102
2800836250.0,-22.3836
2800836406.25,-22.38502
2800836562.5,-22.3854
2800836718.75,-22.38469
2800836875.0,-22.38595
2800837031.25,-22.39
2800837187.5,-22.38989
2800837343.75,-22.39204
2800837500.0,-22.38968
2800837656.25,-22.39223
2800837812.5,-22.39488
2800837968.75,-22.39483
2800838125.0,-22.39602
2800838281.25,-22.39695
2800838437.5,-22.39825
2800838593.75,-22.39825
2800838750.0,-22.39991
2800838906.25,-22.40087
2800839062.5,-22.40147
2800839218.75,-22.40154
2800839375.0,-22.40321
2800839531.25,-22.40619
2800839687.5,-22.40807
2800839843.75,-22.40691
2800840000.0,-22.40847
2800840156.25,-22.40931
2800840312.5,-22.41076
2800840468.75,-22.41199
2800840625.0,-22.40909
2800840781.25,-22.4151
2800840937.5,-22.41672
2800841093.75,-22.41746
2800841250.0,-22.41748
2800841406.25,-22.41803
2800841562.5,-22.41808
2800841718.75,-22.42195
2800841875.0,-22.42297
2800842031.25,-22.42337
2800842187.5,-22.42326
2800842343.75,-22.42561
2800842500.0,-22.42604
2800842656.25,-22.42762
2800842812.5,-22.42821
2800842968.75,-22.43075
2800843125.0,-22.43177
2800843281.25,-22.43213
2800843437.5,-22.4319
2800843593.75,-22.43381
2800843750.0,-22.43718
2800843906.25,-22.43563
2800844062.5,-22.43743
2800844218.75,-22.43536
2800844375.0,-22.43905
2800844531.25,-22.44072
2800844687.5,-22.44162
2800844843.75,-22.44252
2800845000.0,-22.44437
2800845156.25,-22.44606
2800845312.5,-22.44583
2800845468.75,-22.44987
2800845625.0,-22.44791
2800845781.25,-22.45063
2800845937.5,-22.45104
2800846093.75,-22.45178
2800846250.0,-22.45358
2800846406.25,-22.45459
2800846562.5,-22.45549
2800846718.75,-22.45611
2800846875.0,-22.45479
2800847031.25,-22.45602
2800847187.5,-22.45912
2800847343.75,-22.46094
2800847500.0,-22.45944
2800847656.25,-22.46185
2800847812.5,-22.4629
2800847968.75,-22.46302
2800848125.0,-22.46408
2800848281.25,-22.46611
2800848437.5,-22.46855
2800848593.75,-22.4671
2800848750.0,-22.47059
2800848906.25,-22.47246
2800849062.5,-22.46926
2800849218.75,-22.47182
2800849375.0,-22.47445
2800849531.25,-22.47426
2800849687.5,-22.47583
2800849843.75,-22.479
2800850000.0,-22.47854
2800850156.25,-22.47869
2800850312.5,-22.48039
2800850468.75,-22.48429
2800850625.0,-22.48322
2800850781.25,-22.48379
2800850937.5,-22.48368
2800851093.75,-22.48565
2800851250.0,-22.48652
2800851406.25,-22.48818
2800851562.5,-22.49054
2800851718.75,-22.49096
2800851875.0,-22.49305
2800852031.25,-22.49001
2800852187.5,-22.49265
2800852343.75,-22.49562
2800852500.0,-22.49591
2800852656.25,-22.49867
2800852812.5,-22.49614
2800852968.75,-22.49873
2800853125.0,-22.50025
2800853281.25,-22.50002
2800853437.5,-22.50311
2800853593.75,-22.50394
2800853750.0,-22.50212
2800853906.25,-22.50521
2800854062.5,-22.50737
2800854218.75,-22.50727
2800854375.0,-22.5081
2800854531.25,-22.5094
2800854687.5,-22.51297
2800854843.75,-22.51366
2800855000.0,-22.50948
2800855156.25,-22.51227
2800855312.5,-22.51412
2800855468.75,-22.51643
2800855625.0,-22.51776
2800855781.25,-22.51867
2800855937.5,-22.52098
2800856093.75,-22.52054
2800856250.0,-22.52083
2800856406.25,-22.52104
2800856562.5,-22.52444
2800856718.75,-22.52537
2800856875.0,-22.52568
2800857031.25,-22.52772
2800857187.5,-22.5266
2800857343.75,-22.52753
2800857500.0,-22.53113
2800857656.25,-22.5309
2800857812.5,-22.53083
2800857968.75,-22.53321
2800858125.0,-22.53309
2800858281.25,-22.53427
2800858437.5,-22.53753
2800858593.75,-22.53437
2800858750.0,-22.53782
2800858906.25,-22.54009
2800859062.5,-22.53926
2800859218.75,-22.54178
2800859375.0,-22.54181
2800859531.25,-22.54636
2800859687.5,-22.54554
2800859843.75,-22.54485
2800860000.0,-22.54632
2800860156.25,-22.5484
2800860312.5,-22.55086
2800860468.75,-22.55145
2800860625.0,-22.55046
2800860781.25,-22.55155
2800860937.5,-22.55455
2800861093.75,-22.55545
2800861250.0,-22.55741
2800861406.25,-22.55721
2800861562.5,-22.55876
2800861718.75,-22.5579
2800861875.0,-22.56099
2800862031.25,-22.56305
2800862187.5,-22.56263
2800862343.75,-22.56174
2800862500.0,-22.56465
2800862656.25,-22.56846
2800862812.5,-22.56498
2800862968.75,-22.56923
2800863125.0,-22.57026
2800863281.25,-22.57162
2800863437.5,-22.57138
2800863593.75,-22.57107
2800863750.0,-22.57251
2800863906.25,-22.57315
2800864062.5,-22.57558
2800864218.75,-22.575
2800864375.0,-22.57682
2800864531.25,-22.57876
2800864687.5,-22.58013
2800864843.75,-22.57994
2800865000.0,-22.58244
2800865156.25,-22.58367
2800865312.5,-22.58503
2800865468.75,-22.58563
2800865625.0,-22.5869
2800865781.25,-22.58714
2800865937.5,-22.58711
2800866093.75,-22.58903
2800866250.0,-22.58969
2800866406.25,-22.59171
2800866562.5,-22.59136
2800866718.75,-22.5947
2800866875.0,-22.59355
2800867031.25,-22.59568
2800867187.5,-22.59855
2800867343.75,-22.59816
2800867500.0,-22.59781
2800867656.25,-22.6
2800867812.5,-22.60119
2800867968.75,-22.60265
2800868125.0,-22.6016
2800868281.25,-22.60448
2800868437.5,-22.60653
2800868593.75,-22.60664
2800868750.0,-22.6055
2800868906.25,-22.60847
2800869062.5,-22.60757
2800869218.75,-22.61134
2800869375.0,-22.61439
2800869531.25,-22.61218
2800869687.5,-22.61341
2800869843.75,-22.61449
2800870000.0,-22.61733
2800870156.25,-22.61457
2800870312.5,-22.6167
2800870468.75,-22.61809
2800870625.0,-22.61989
2800870781.25,-22.61919
2800870937.5,-22.62053
2800871093.75,-22.62278
2800871250.0,-22.62202
2800871406.25,-22.62769
2800871562.5,-22.62557
2800871718.75,-22.62592
2800871875.0,-22.62761
2800872031.25,-22.63174
2800872187.5,-22.63562
2800872343.75,-22.63134
2800872500.0,-22.63226
2800872656.25,-22.63517
2800872812.5,-22.6358
2800872968.75,-22.6353
2800873125.0,-22.63773
2800873281.25,-22.63858
2800873437.5,-22.6386
2800873593.75,-22.64017
2800873750.0,-22.64168
2800873906.25,-22.64291
2800874062.5,-22.64259
2800874218.75,-22.64622
2800874375.0,-22.64654
2800874531.25,-22.64468
2800874687.5,-22.64798
2800874843.75,-22.64787
2800875000.0,-22.65018
2800875156.25,-22.65098
2800875312.5,-22.65167
2800875468.75,-22.6527
2800875625.0,-22.65725
2800875781.25,-22.65555
2800875937.5,-22.65314
2800876093.75,-22.65711
2800876250.0,-22.65562
2800876406.25,-22.65778
2800876562.5,-22.66177
2800876718.75,-22.66102
2800876875.0,-22.66196
2800877031.25,-22.66352
2800877187.5,-22.66327
2800877343.75,-22.66686
2800877500.0,-22.66763
2800877656.25,-22.66727
2800877812.5,-22.66708
2800877968.75,-22.66998
2800878125.0,-22.67009
2800878281.25,-22.6696
2800878437.5,-22.67426
2800878593.75,-22.67159
2800878750.0,-22.67563
2800878906.25,-22.67618
2800879062.5,-22.67612
2800879218.75,-22.67896
2800879375.0,-22.67935
2800879531.25,-22.68022
2800879687.5,-22.68093
2800879843.75,-22.68303
2800880000.0,-22.68211
2800880156.25,-22.68515
2800880312.5,-22.68604
2800880468.75,-22.68712
2800880625.0,-22.68656
2800880781.25,-22.69078
2800880937.5,-22.6905
2800881093.75,-22.68955
2800881250.0,-22.69295
2800881406.25,-22.69193
2800881562.5,-22.69483
2800881718.75,-22.69456
2800881875.0,-22.69751
2800882031.25,-22.69717
2800882187.5,-22.69721
2800882343.75,-22.69975
2800882500.0,-22.70108
2800882656.25,-22.70282
2800882812.5,-22.70299
2800882968.75,-22.70347
2800883125.0,-22.70549
2800883281.25,-22.70289
2800883437.5,-22.70696
2800883593.75,-22.70691
2800883750.0,-22.71025
2800883906.25,-22.71175
2800884062.5,-22.71298
2800884218.75,-22.71171
2800884375.0,-22.71443
2800884531.25,-22.71554
2800884687.5,-22.71351
2800884843.75,-22.71553
2800885000.0,-22.71817
2800885156.25,-22.71512
2800885312.5,-22.71802
2800885468.75,-22.72037
2800885625.0,-22.72039
2800885781.25,-22.72047
2800885937.5,-22.7245
2800886093.75,-22.72371
2800886250.0,-22.72478
2800886406.25,-22.72836
2800886562.5,-22.72633
2800886718.75,-22.72818
2800886875.0,-22.7297
2800887031.25,-22.72815
2800887187.5,-22.73424
2800887343.75,-22.73101
2800887500.0,-22.73482
2800887656.25,-22.73475
2800887812.5,-22.73687
2800887968.75,-22.73694
2800888125.0,-22.73867
2800888281.25,-22.7412
2800888437.5,-22.74022
2800888593.75,-22.74173
2800888750.0,-22.74363
2800888906.25,-22.74229
2800889062.5,-22.743
2800889218.75,-22.74539
2800889375.0,-22.74619
2800889531.25,-22.74873
2800889687.5,-22.74658
2800889843.75,-22.74999
2800890000.0,-22.74989
2800890156.25,-22.75097
2800890312.5,-22.75472
2800890468.75,-22.75559
2800890625.0,-22.75462
2800890781.25,-22.75425
2800890937.5,-22.75492
2800891093.75,-22.75784
2800891250.0,-22.75777
2800891406.25,-22.7592
2800891562.5,-22.75986
2800891718.75,-22.76259
2800891875.0,-22.76312
2800892031.25,-22.76569
2800892187.5,-22.76583
2800892343.75,-22.76522
2800892500.0,-22.76612
2800892656.25,-22.76736
2800892812.5,-22.76768
2800892968.75,-22.77173
2800893125.0,-22.77027
2800893281.25,-22.7717
2800893437.5,-22.77209
2800893593.75,-22.77592
2800893750.0,-22.77363
2800893906.25,-22.77504
2800894062.5,-22.77878
2800894218.75,-22.78023
2800894375.0,-22.78007
2800894531.25,-22.77892
2800894687.5,-22.78138
2800894843.75,-22.78312
2800895000.0,-22.78606
2800895156.25,-22.78705
2800895312.5,-22.78591
2800895468.75,-22.78742
2800895625.0,-22.79041
2800895781.25,-22.78806
2800895937.5,-22.79173
2800896093.75,-22.78913
2800896250.0,-22.79175
2800896406.25,-22.7933
