2797261250.0,-28.69023
2797261406.25,-28.68779
2797261562.5,-28.68939
2797261718.75,-28.68611
2797261875.0,-28.68985
2797262031.25,-28.68808
2797262187.5,-28.68782
2797262343.75,-28.69039
2797262500.0,-28.6881
2797262656.25,-28.68882
2797262812.5,-28.68533
2797262968.75,-28.68704
2797263125.0,-28.68459
2797263281.25,-28.68663
2797263437.5,-28.68199
2797263593.75,-28.67921
2797263750.0,-28.68234
2797263906.25,-28.68047
2797264062.5,-28.68126
2797264218.75,-28.6842
2797264375.0,-28.67957
2797264531.25,-28.67413
2797264687.5,-28.67887
2797264843.75,-28.67907
2797265000.0,-28.67888
2797265156.25,-28.67839
2797265312.5,-28.67217
2797265468.75,-28.67737
2797265625.0,-28.67579
2797265781.25,-28.67475
2797265937.5,-28.67313
2797266093.75,-28.67566
2797266250.0,-28.67558
2797266406.25,-28.67391
2797266562.5,-28.67561
2797266718.75,-28.67162
2797266875.0,-28.67323
2797267031.25,-28.67161
2797267187.5,-28.66933
2797267343.75,-28.67036
2797267500.0,-28.67091
2797267656.25,-28.67421
2797267812.5,-28.67188
2797267968.75,-28.67043
2797268125.0,-28.66895
2797268281.25,-28.66748
2797268437.5,-28.66806
2797268593.75,-28.66534
2797268750.0,-28.66622
2797268906.25,-28.66153
2797269062.5,-28.66484
2797269218.75,-28.66315
2797269375.0,-28.65993
2797269531.25,-28.65778
2797269687.5,-28.65862
2797269843.75,-28.66111
2797270000.0,-28.65896
2797270156.25,-28.66119
2797270312.5,-28.66027
2797270468.75,-28.65893
2797270625.0,-28.65433
2797270781.25,-28.66313
2797270937.5,-28.65916
2797271093.75,-28.65857
2797271250.0,-28.65578
2797271406.25,-28.65877
2797271562.5,-28.657
2797271718.75,-28.65495
2797271875.0,-28.65072
2797272031.25,-28.65384
2797272187.5,-28.65595
2797272343.75,-28.64429
2797272500.0,-28.65349
2797272656.25,-28.64794
2797272812.5,-28.65051
2797272968.75,-28.65197
2797273125.0,-28.64825
2797273281.25,-28.64293
2797273437.5,-28.65294
2797273593.75,-28.64379
2797273750.0,-28.65226
2797273906.25,-28.65025
2797274062.5,-28.64776
2797274218.75,-28.64133
2797274375.0,-28.64793
2797274531.25,-28.64473
2797274687.5,-28.64859
2797274843.75,-28.63658
2797275000.0,-28.64163
2797275156.25,-28.64347
2797275312.5,-28.63761
2797275468.75,-28.64
2797275625.0,-28.63983
2797275781.25,-28.64159
2797275937.5,-28.63795
2797276093.75,-28.6347
2797276250.0,-28.63866
2797276406.25,-28.63748
2797276562.5,-28.63842
2797276718.75,-28.63624
2797276875.0,-28.64104
2797277031.25,-28.6367
2797277187.5,-28.6326
2797277343.75,-28.63319
2797277500.0,-28.63653
2797277656.25,-28.63249
2797277812.5,-28.63619
2797277968.75,-28.62892
2797278125.0,-28.63697
2797278281.25,-28.63368
2797278437.5,-28.62858
2797278593.75,-28.63149
2797278750.0,-28.63022
2797278906.25,-28.63116
2797279062.5,-28.63071
2797279218.75,-28.62653
2797279375.0,-28.62481
2797279531.25,-28.62418
2797279687.5,-28.62138
2797279843.75,-28.62681
2797280000.0,-28.62902
2797280156.25,-28.6283
2797280312.5,-28.62529
2797280468.75,-28.62244
2797280625.0,-28.62653
2797280781.25,-28.6267
2797280937.5,-28.62116
2797281093.75,-28.62205
2797281250.0,-28.62204
2797281406.25,-28.61581
2797281562.5,-28.62386
2797281718.75,-28.62167
2797281875.0,-28.62155
2797282031.25,-28.62038
2797282187.5,-28.61937
2797282343.75,-28.6181
2797282500.0,-28.61551
2797282656.25,-28.61674
2797282812.5,-28.61418
2797282968.75,-28.6157
2797283125.0,-28.61
2797283281.25,-28.61625
2797283437.5,-28.61387
2797283593.75,-28.61351
2797283750.0,-28.61577
2797283906.25,-28.60974
2797284062.5,-28.61193
2797284218.75,-28.60931
2797284375.0,-28.61364
2797284531.25,-28.61036
2797284687.5,-28.60858
2797284843.75,-28.60978
2797285000.0,-28.61135
2797285156.25,-28.60843
2797285312.5,-28.60705
2797285468.75,-28.60865
2797285625.0,-28.60008
2797285781.25,-28.6073
2797285937.5,-28.60607
2797286093.75,-28.60474
2797286250.0,-28.60754
2797286406.25,-28.60412
2797286562.5,-28.60234
2797286718.75,-28.60497
2797286875.0,-28.60221
2797287031.25,-28.601
2797287187.5,-28.60165
2797287343.75,-28.59622
2797287500.0,-28.59495
2797287656.25,-28.59753
2797287812.5,-28.59457
2797287968.75,-28.59883
2797288125.0,-28.59652
2797288281.25,-28.59608
2797288437.5,-28.59827
2797288593.75,-28.59705
2797288750.0,-28.59256
2797288906.25,-28.5939
2797289062.5,-28.59543
2797289218.75,-28.59542
2797289375.0,-28.59529
2797289531.25,-28.59248
2797289687.5,-28.59301
2797289843.75,-28.59245
2797290000.0,-28.59345
2797290156.25,-28.59225
2797290312.5,-28.59109
2797290468.75,-28.59058
2797290625.0,-28.59114
2797290781.25,-28.58962
2797290937.5,-28.58426
2797291093.75,-28.58421
2797291250.0,-28.58435
2797291406.25,-28.58621
2797291562.5,-28.58369
2797291718.75,-28.58071
2797291875.0,-28.58942
2797292031.25,-28.58547
2797292187.5,-28.58449
2797292343.75,-28.58187
2797292500.0,-28.5824
2797292656.25,-28.58298
2797292812.5,-28.5779
2797292968.75,-28.58677
2797293125.0,-28.57437
2797293281.25,-28.57974
2797293437.5,-28.57925
2797293593.75,-28.58101
2797293750.0,-28.57773
2797293906.25,-28.57835
2797294062.5,-28.57379
2797294218.75,-28.57991
2797294375.0,-28.57383
2797294531.25,-28.57685
2797294687.5,-28.57298
2797294843.75,-28.57805
2797295000.0,-28.57311
2797295156.25,-28.57062
2797295312.5,-28.5734
2797295468.75,-28.571
2797295625.0,-28.57156
2797295781.25,-28.57415
2797295937.5,-28.56971
2797296093.75,-28.57293
2797296250.0,-28.56557
2797296406.25,-28.56224
2797296562.5,-28.56723
2797296718.75,-28.57034
2797296875.0,-28.56924
2797297031.25,-28.56639
2797297187.5,-28.5682
2797297343.75,-28.56824
2797297500.0,-28.5611
2797297656.25,-28.56675
2797297812.5,-28.56291
2797297968.75,-28.56226
2797298125.0,-28.56633
2797298281.25,-28.56726
2797298437.5,-28.56362
2797298593.75,-28.5612
2797298750.0,-28.56301
2797298906.25,-28.56232
2797299062.5,-28.55869
2797299218.75,-28.56275
2797299375.0,-28.55816
2797299531.25,-28.55746
2797299687.5,-28.55779
2797299843.75,-28.55105
2797300000.0,-28.55618
2797300156.25,-28.5554
2797300312.5,-28.56048
2797300468.75,-28.55175
2797300625.0,-28.55276
2797300781.25,-28.55266
2797300937.5,-28.55326
2797301093.75,-28.55183
2797301250.0,-28.55739
2797301406.25,-28.5489
2797301562.5,-28.54872
2797301718.75,-28.54607
2797301875.0,-28.54811
2797302031.25,-28.54799
2797302187.5,-28.54755
2797302343.75,-28.55192
2797302500.0,-28.55404
2797302656.25,-28.54759
2797302812.5,-28.54601
2797302968.75,-28.54204
2797303125.0,-28.5429
2797303281.25,-28.5424
2797303437.5,-28.54722
2797303593.75,-28.54628
2797303750.0,-28.54352
2797303906.25,-28.54044
2797304062.5,-28.53717
2797304218.75,-28.54333
2797304375.0,-28.54125
2797304531.25,-28.54177
2797304687.5,-28.53522
2797304843.75,-28.53827
2797305000.0,-28.53983
2797305156.25,-28.53707
2797305312.5,-28.53994
2797305468.75,-28.53735
2797305625.0,-28.53358
2797305781.25,-28.53744
2797305937.5,-28.53623
2797306093.75,-28.53291
2797306250.0,-28.53774
2797306406.25,-28.53277
2797306562.5,-28.53227
2797306718.75,-28.53596
2797306875.0,-28.53495
2797307031.25,-28.52806
2797307187.5,-28.52999
2797307343.75,-28.52608
2797307500.0,-28.53039
2797307656.25,-28.5277
2797307812.5,-28.53128
2797307968.75,-28.53123
2797308125.0,-28.53015
2797308281.25,-28.52585
2797308437.5,-28.52761
2797308593.75,-28.52458
2797308750.0,-28.53004
2797308906.25,-28.52349
2797309062.5,-28.52643
2797309218.75,-28.5283
2797309375.0,-28.52374
2797309531.25,-28.52423
2797309687.5,-28.52129
2797309843.75,-28.5199
2797310000.0,-28.51865
2797310156.25,-28.51895
2797310312.5,-28.51803
2797310468.75,-28.51634
2797310625.0,-28.52167
2797310781.25,-28.52128
2797310937.5,-28.52051
2797311093.75,-28.5157
2797311250.0,-28.51813
2797311406.25,-28.51724
2797311562.5,-28.51672
2797311718.75,-28.51324
2797311875.0,-28.51692
2797312031.25,-28.5123
2797312187.5,-28.51424
2797312343.75,-28.51016
2797312500.0,-28.51281
2797312656.25,-28.51234
2797312812.5,-28.51391
2797312968.75,-28.50972
2797313125.0,-28.51601
2797313281.25,-28.51059
2797313437.5,-28.50913
2797313593.75,-28.50782
2797313750.0,-28.50548
2797313906.25,-28.50671
2797314062.5,-28.50309
2797314218.75,-28.50837
2797314375.0,-28.50407
2797314531.25,-28.50635
2797314687.5,-28.50379
2797314843.75,-28.50376
2797315000.0,-28.50109
2797315156.25,-28.50577
2797315312.5,-28.50502
2797315468.75,-28.49925
2797315625.0,-28.50131
2797315781.25,-28.50174
2797315937.5,-28.50223
2797316093.75,-28.49945
2797316250.0,-28.4969
2797316406.25,-28.50038
2797316562.5,-28.49757
2797316718.75,-28.49458
2797316875.0,-28.50185
2797317031.25,-28.49778
2797317187.5,-28.49484
2797317343.75,-28.49434
2797317500.0,-28.49202
2797317656.25,-28.4942
2797317812.5,-28.49347
2797317968.75,-28.49468
2797318125.0,-28.49592
2797318281.25,-28.4936
2797318437.5,-28.48835
2797318593.75,-28.49128
2797318750.0,-28.49331
2797318906.25,-28.49449
2797319062.5,-28.48885
2797319218.75,-28.48935
2797319375.0,-28.48619
2797319531.25,-28.4833
2797319687.5,-28.48609
2797319843.75,-28.4912
2797320000.0,-28.48456
2797320156.25,-28.49255
2797320312.5,-28.48574
2797320468.75,-28.48542
2797320625.0,-28.48298
2797320781.25,-28.48405
2797320937.5,-28.48033
2797321093.75,-28.48377
2797321250.0,-28.47958
2797321406.25,-28.47939
2797321562.5,-28.48087
2797321718.75,-28.48526
2797321875.0,-28.47804
2797322031.25,-28.48145
2797322187.5,-28.47875
2797322343.75,-28.48121
2797322500.0,-28.47312
2797322656.25,-28.47695
2797322812.5,-28.4775
2797322968.75,-28.48219
2797323125.0,-28.47308
2797323281.25,-28.4751
2797323437.5,-28.46922
2797323593.75,-28.47672
2797323750.0,-28.47551
2797323906.25,-28.4715
2797324062.5,-28.47184
2797324218.75,-28.46709
2797324375.0,-28.47044
2797324531.25,-28.46584
2797324687.5,-28.47108
2797324843.75,-28.46952
2797325000.0,-28.46655
2797325156.25,-28.46829
2797325312.5,-28.46686
2797325468.75,-28.46467
2797325625.0,-28.47162
2797325781.25,-28.4637
2797325937.5,-28.46565
2797326093.75,-28.46337
2797326250.0,-28.46175
2797326406.25,-28.46382
2797326562.5,-28.46214
2797326718.75,-28.4646
2797326875.0,-28.46306
2797327031.25,-28.46035
2797327187.5,-28.46138
2797327343.75,-28.46087
2797327500.0,-28.46209
2797327656.25,-28.45949
2797327812.5,-28.45862
2797327968.75,-28.45866
2797328125.0,-28.45559
2797328281.25,-28.45679
2797328437.5,-28.45567
2797328593.75,-28.45725
2797328750.0,-28.45743
2797328906.25,-28.45449
2797329062.5,-28.45223
2797329218.75,-28.45051
2797329375.0,-28.45473
2797329531.25,-28.45129
2797329687.5,-28.44928
2797329843.75,-28.44897
2797330000.0,-28.44617
2797330156.25,-28.44802
2797330312.5,-28.44703
2797330468.75,-28.44997
2797330625.0,-28.44897
2797330781.25,-28.45167
2797330937.5,-28.44341
2797331093.75,-28.4429
2797331250.0,-28.44375
2797331406.25,-28.44316
2797331562.5,-28.44757
2797331718.75,-28.44307
2797331875.0,-28.4481
2797332031.25,-28.4434
2797332187.5,-28.4381
2797332343.75,-28.44043
2797332500.0,-28.43794
2797332656.25,-28.44063
2797332812.5,-28.44398
2797332968.75,-28.43844
2797333125.0,-28.43782
2797333281.25,-28.44118
2797333437.5,-28.43456
2797333593.75,-28.44273
2797333750.0,-28.43334
2797333906.25,-28.43267
2797334062.5,-28.43452
2797334218.75,-28.43603
2797334375.0,-28.43107
2797334531.25,-28.43358
2797334687.5,-28.43069
2797334843.75,-28.43452
2797335000.0,-28.43484
2797335156.25,-28.42984
2797335312.5,-28.43169
2797335468.75,-28.42811
2797335625.0,-28.4283
2797335781.25,-28.4269
2797335937.5,-28.42691
2797336093.75,-28.42803
2797336250.0,-28.42329
2797336406.25,-28.42527
2797336562.5,-28.4241
2797336718.75,-28.42899
2797336875.0,-28.42371
2797337031.25,-28.42308
2797337187.5,-28.42543
2797337343.75,-28.42382
2797337500.0,-28.42262
2797337656.25,-28.42332
2797337812.5,-28.42442
2797337968.75,-28.42718
2797338125.0,-28.42102
2797338281.25,-28.42468
2797338437.5,-28.42281
2797338593.75,-28.41903
2797338750.0,-28.41712
2797338906.25,-28.41686
2797339062.5,-28.4194
2797339218.75,-28.4198
2797339375.0,-28.41917
2797339531.25,-28.41578
2797339687.5,-28.41691
2797339843.75,-28.41131
2797340000.0,-28.41163
2797340156.25,-28.41573
2797340312.5,-28.41651
2797340468.75,-28.41672
2797340625.0,-28.4138
2797340781.25,-28.4085
2797340937.5,-28.41066
2797341093.75,-28.41277
2797341250.0,-28.41183
2797341406.25,-28.40965
2797341562.5,-28.41383
2797341718.75,-28.41179
2797341875.0,-28.40771
2797342031.25,-28.40678
2797342187.5,-28.40404
2797342343.75,-28.40745
2797342500.0,-28.40647
2797342656.25,-28.40532
2797342812.5,-28.40521
2797342968.75,-28.40255
2797343125.0,-28.40502
2797343281.25,-28.40053
2797343437.5,-28.39949
2797343593.75,-28.40336
2797343750.0,-28.39702
2797343906.25,-28.39843
2797344062.5,-28.40178
2797344218.75,-28.39804
2797344375.0,-28.39684
2797344531.25,-28.40063
2797344687.5,-28.39275
2797344843.75,-28.39602
2797345000.0,-28.39765
2797345156.25,-28.39822
2797345312.5,-28.40269
2797345468.75,-28.39569
2797345625.0,-28.39289
2797345781.25,-28.39449
2797345937.5,-28.39466
2797346093.75,-28.39637
2797346250.0,-28.39588
2797346406.25,-28.39242
2797346562.5,-28.39239
2797346718.75,-28.39085
2797346875.0,-28.39071
2797347031.25,-28.3904
2797347187.5,-28.38793
2797347343.75,-28.39075
2797347500.0,-28.38864
2797347656.25,-28.38942
2797347812.5,-28.38553
2797347968.75,-28.38761
2797348125.0,-28.3889
2797348281.25,-28.38622
2797348437.5,-28.38505
2797348593.75,-28.38091
2797348750.0,-28.38494
2797348906.25,-28.38257
2797349062.5,-28.38064
2797349218.75,-28.37811
2797349375.0,-28.38236
2797349531.25,-28.38192
2797349687.5,-28.37964
2797349843.75,-28.38251
2797350000.0,-28.38348
2797350156.25,-28.37778
2797350312.5,-28.37556
2797350468.75,-28.37504
2797350625.0,-28.37533
2797350781.25,-28.37563
2797350937.5,-28.37228
2797351093.75,-28.37352
2797351250.0,-28.37877
2797351406.25,-28.37436
2797351562.5,-28.37597
2797351718.75,-28.37519
2797351875.0,-28.37347
2797352031.25,-28.37376
2797352187.5,-28.37011
2797352343.75,-28.37082
2797352500.0,-28.3666
2797352656.25,-28.36789
2797352812.5,-28.37133
2797352968.75,-28.36729
2797353125.0,-28.36459
2797353281.25,-28.36706
2797353437.5,-28.36397
2797353593.75,-28.36956
2797353750.0,-28.3678
2797353906.25,-28.3629
2797354062.5,-28.36143
2797354218.75,-28.36513
2797354375.0,-28.36334
2797354531.25,-28.36174
2797354687.5,-28.3632
2797354843.75,-28.36108
2797355000.0,-28.36623
2797355156.25,-28.36275
2797355312.5,-28.3606
2797355468.75,-28.35945
2797355625.0,-28.35878
2797355781.25,-28.35775
2797355937.5,-28.36321
2797356093.75,-28.35937
2797356250.0,-28.36112
2797356406.25,-28.35643
2797356562.5,-28.3552
2797356718.75,-28.35429
2797356875.0,-28.35527
2797357031.25,-28.35605
2797357187.5,-28.35072
2797357343.75,-28.35335
2797357500.0,-28.35019
2797357656.25,-28.35335
2797357812.5,-28.34937
2797357968.75,-28.34947
2797358125.0,-28.35113
2797358281.25,-28.35042
2797358437.5,-28.34841
2797358593.75,-28.35297
2797358750.0,-28.34925
2797358906.25,-28.34802
2797359062.5,-28.34538
2797359218.75,-28.34675
2797359375.0,-28.34372
2797359531.25,-28.34517
2797359687.5,-28.34603
2797359843.75,-28.342
2797360000.0,-28.3447
2797360156.25,-28.33881
2797360312.5,-28.34294
2797360468.75,-28.34335
2797360625.0,-28.33812
2797360781.25,-28.33997
2797360937.5,-28.34006
2797361093.75,-28.33816
2797361250.0,-28.33772
2797361406.25,-28.33875
2797361562.5,-28.33672
2797361718.75,-28.3387
2797361875.0,-28.33705
2797362031.25,-28.3381
2797362187.5,-28.33572
2797362343.75,-28.33827
2797362500.0,-28.33598
2797362656.25,-28.33659
2797362812.5,-28.33776
2797362968.75,-28.33573
2797363125.0,-28.33485
2797363281.25,-28.3276
2797363437.5,-28.33121
2797363593.75,-28.33473
2797363750.0,-28.33625
2797363906.25,-28.33094
2797364062.5,-28.33416
2797364218.75,-28.32856
2797364375.0,-28.32361
2797364531.25,-28.32935
2797364687.5,-28.32691
2797364843.75,-28.323
2797365000.0,-28.3247
2797365156.25,-28.32728
2797365312.5,-28.32057
2797365468.75,-28.32265
2797365625.0,-28.3227
2797365781.25,-28.32279
2797365937.5,-28.3218
2797366093.75,-28.32317
2797366250.0,-28.32391
2797366406.25,-28.31959
2797366562.5,-28.31823
2797366718.75,-28.31546
2797366875.0,-28.31988
2797367031.25,-28.3174
2797367187.5,-28.32265
2797367343.75,-28.31531
2797367500.0,-28.32014
2797367656.25,-28.31545
2797367812.5,-28.31271
2797367968.75,-28.31614
2797368125.0,-28.31514
2797368281.25,-28.31523
2797368437.5,-28.31001
2797368593.75,-28.31147
2797368750.0,-28.31446
2797368906.25,-28.30716
2797369062.5,-28.31092
2797369218.75,-28.31073
2797369375.0,-28.31296
2797369531.25,-28.30838
2797369687.5,-28.30754
2797369843.75,-28.30683
2797370000.0,-28.31023
2797370156.25,-28.30558
2797370312.5,-28.30746
2797370468.75,-28.30509
2797370625.0,-28.29971
2797370781.25,-28.30443
2797370937.5,-28.30274
2797371093.75,-28.30141
2797371250.0,-28.30496
2797371406.25,-28.29646
2797371562.5,-28.30028
2797371718.75,-28.29616
2797371875.0,-28.30361
2797372031.25,-28.30339
2797372187.5,-28.30337
2797372343.75,-28.29751
2797372500.0,-28.30183
2797372656.25,-28.29754
2797372812.5,-28.29767
2797372968.75,-28.30039
2797373125.0,-28.29486
2797373281.25,-28.2982
2797373437.5,-28.29587
2797373593.75,-28.29451
2797373750.0,-28.29454
2797373906.25,-28.29428
2797374062.5,-28.2953
2797374218.75,-28.28897
2797374375.0,-28.29309
2797374531.25,-28.29149
2797374687.5,-28.29566
2797374843.75,-28.29128
2797375000.0,-28.29238
2797375156.25,-28.28889
2797375312.5,-28.28789
2797375468.75,-28.28655
2797375625.0,-28.28467
2797375781.25,-28.28905
2797375937.5,-28.28482
2797376093.75,-28.28354
2797376250.0,-28.28211
2797376406.25,-28.28216
2797376562.5,-28.28262
2797376718.75,-28.28311
2797376875.0,-28.28127
2797377031.25,-28.28186
2797377187.5,-28.28196
2797377343.75,-28.27777
2797377500.0,-28.28025
2797377656.25,-28.28065
2797377812.5,-28.2751
2797377968.75,-28.27429
2797378125.0,-28.27376
2797378281.25,-28.27762
2797378437.5,-28.27772
2797378593.75,-28.27881
2797378750.0,-28.27758
2797378906.25,-28.27502
2797379062.5,-28.27675
2797379218.75,-28.27213
2797379375.0,-28.27672
2797379531.25,-28.26858
2797379687.5,-28.27307
2797379843.75,-28.26965
2797380000.0,-28.2739
2797380156.25,-28.26986
2797380312.5,-28.27023
2797380468.75,-28.27042
2797380625.0,-28.27025
2797380781.25,-28.26684
2797380937.5,-28.27314
2797381093.75,-28.27254
2797381250.0,-28.2704
2797381406.25,-28.26696
2797381562.5,-28.26859
2797381718.75,-28.27417
2797381875.0,-28.26927
2797382031.25,-28.2673
2797382187.5,-28.26628
2797382343.75,-28.26398
2797382500.0,-28.26327
2797382656.25,-28.26064
2797382812.5,-28.25908
2797382968.75,-28.26127
2797383125.0,-28.26321
2797383281.25,-28.26221
2797383437.5,-28.25933
2797383593.75,-28.26233
2797383750.0,-28.2528
2797383906.25,-28.25443
2797384062.5,-28.25635
2797384218.75,-28.2537
2797384375.0,-28.25779
2797384531.25,-28.25461
2797384687.5,-28.25724
2797384843.75,-28.25525
2797385000.0,-28.25099
2797385156.25,-28.25439
2797385312.5,-28.24833
2797385468.75,-28.25403
2797385625.0,-28.24872
2797385781.25,-28.24915
2797385937.5,-28.24742
2797386093.75,-28.25235
2797386250.0,-28.24847
2797386406.25,-28.25046
2797386562.5,-28.24505
2797386718.75,-28.24463
2797386875.0,-28.24783
2797387031.25,-28.24808
2797387187.5,-28.24598
2797387343.75,-28.24475
2797387500.0,-28.241
2797387656.25,-28.2465
2797387812.5,-28.24333
2797387968.75,-28.24073
2797388125.0,-28.24268
2797388281.25,-28.23877
2797388437.5,-28.23676
2797388593.75,-28.23817
2797388750.0,-28.24514
2797388906.25,-28.23634
2797389062.5,-28.23772
2797389218.75,-28.23798
2797389375.0,-28.2331
2797389531.25,-28.2391
2797389687.5,-28.24189
2797389843.75,-28.23768
2797390000.0,-28.2384
2797390156.25,-28.23006
2797390312.5,-28.23407
2797390468.75,-28.23241
2797390625.0,-28.23116
2797390781.25,-28.2326
2797390937.5,-28.23322
2797391093.75,-28.22689
2797391250.0,-28.22831
2797391406.25,-28.22763
2797391562.5,-28.22918
2797391718.75,-28.22866
2797391875.0,-28.22931
2797392031.25,-28.22684
2797392187.5,-28.22564
2797392343.75,-28.22697
2797392500.0,-28.22596
2797392656.25,-28.22272
2797392812.5,-28.2255
2797392968.75,-28.22317
2797393125.0,-28.22533
2797393281.25,-28.22237
2797393437.5,-28.2241
2797393593.75,-28.21959
2797393750.0,-28.21556
2797393906.25,-28.2199
2797394062.5,-28.21842
2797394218.75,-28.21993
2797394375.0,-28.21883
2797394531.25,-28.21587
2797394687.5,-28.21775
2797394843.75,-28.21674
2797395000.0,-28.22077
2797395156.25,-28.21654
2797395312.5,-28.21549
2797395468.75,-28.21624
2797395625.0,-28.21851
2797395781.25,-28.21662
2797395937.5,-28.2138
2797396093.75,-28.20891
2797396250.0,-28.2145
2797396406.25,-28.20718
2797396562.5,-28.21374
2797396718.75,-28.21473
2797396875.0,-28.21193
2797397031.25,-28.2083
2797397187.5,-28.20891
2797397343.75,-28.20993
2797397500.0,-28.21071
2797397656.25,-28.20616
2797397812.5,-28.20427
2797397968.75,-28.20473
2797398125.0,-28.20569
2797398281.25,-28.2019
2797398437.5,-28.19774
2797398593.75,-28.20432
2797398750.0,-28.19951
2797398906.25,-28.20397
2797399062.5,-28.20222
2797399218.75,-28.20106
2797399375.0,-28.20388
2797399531.25,-28.19501
2797399687.5,-28.20166
2797399843.75,-28.20432
2797400000.0,-28.19713
2797400156.25,-28.19819
2797400312.5,-28.19833
2797400468.75,-28.19611
2797400625.0,-28.19757
2797400781.25,-28.2004
2797400937.5,-28.19764
2797401093.75,-28.19261
2797401250.0,-28.19189
2797401406.25,-28.19065
2797401562.5,-28.19067
2797401718.75,-28.19666
2797401875.0,-28.19031
2797402031.25,-28.19025
2797402187.5,-28.19162
2797402343.75,-28.18884
2797402500.0,-28.18971
2797402656.25,-28.19103
2797402812.5,-28.18754
2797402968.75,-28.18661
2797403125.0,-28.18903
2797403281.25,-28.18656
2797403437.5,-28.18536
2797403593.75,-28.18291
2797403750.0,-28.18744
2797403906.25,-28.18415
2797404062.5,-28.18302
2797404218.75,-28.18434
2797404375.0,-28.17803
2797404531.25,-28.18269
2797404687.5,-28.182
2797404843.75,-28.18131
2797405000.0,-28.17968
2797405156.25,-28.17955
2797405312.5,-28.18149
2797405468.75,-28.17599
2797405625.0,-28.17926
2797405781.25,-28.17833
2797405937.5,-28.17459
2797406093.75,-28.17615
2797406250.0,-28.17349
2797406406.25,-28.17606
2797406562.5,-28.17911
2797406718.75,-28.17326
2797406875.0,-28.17628
2797407031.25,-28.17165
2797407187.5,-28.17429
2797407343.75,-28.17522
2797407500.0,-28.16764
2797407656.25,-28.17195
2797407812.5,-28.17138
2797407968.75,-28.17107
2797408125.0,-28.16339
2797408281.25,-28.16799
2797408437.5,-28.16785
2797408593.75,-28.17
2797408750.0,-28.16617
2797408906.25,-28.16735
2797409062.5,-28.16679
2797409218.75,-28.16904
2797409375.0,-28.16428
2797409531.25,-28.16266
2797409687.5,-28.164
2797409843.75,-28.16249
2797410000.0,-28.15847
2797410156.25,-28.16401
2797410312.5,-28.16189
2797410468.75,-28.16035
2797410625.0,-28.15929
2797410781.25,-28.16123
2797410937.5,-28.16103
2797411093.75,-28.15994
2797411250.0,-28.15783
2797411406.25,-28.15098
2797411562.5,-28.15498
2797411718.75,-28.15901
2797411875.0,-28.15648
2797412031.25,-28.15952
2797412187.5,-28.15372
2797412343.75,-28.15261
2797412500.0,-28.15665
2797412656.25,-28.14918
2797412812.5,-28.14991
2797412968.75,-28.15194
2797413125.0,-28.15131
2797413281.25,-28.15445
2797413437.5,-28.14449
2797413593.75,-28.15111
2797413750.0,-28.14527
2797413906.25,-28.14824
2797414062.5,-28.14337
2797414218.75,-28.14876
2797414375.0,-28.14675
2797414531.25,-28.14673
2797414687.5,-28.14794
2797414843.75,-28.14649
2797415000.0,-28.14279
2797415156.25,-28.14505
2797415312.5,-28.1392
2797415468.75,-28.14252
2797415625.0,-28.1428
2797415781.25,-28.13833
2797415937.5,-28.14157
2797416093.75,-28.14021
2797416250.0,-28.13604
2797416406.25,-28.13858
2797416562.5,-28.13841
2797416718.75,-28.13556
2797416875.0,-28.13872
2797417031.25,-28.14076
2797417187.5,-28.1347
2797417343.75,-28.13288
2797417500.0,-28.13398
2797417656.25,-28.13394
2797417812.5,-28.13666
2797417968.75,-28.13047
2797418125.0,-28.13016
2797418281.25,-28.13106
2797418437.5,-28.13399
2797418593.75,-28.1328
2797418750.0,-28.13321
2797418906.25,-28.13029
2797419062.5,-28.13172
2797419218.75,-28.13247
2797419375.0,-28.13096
2797419531.25,-28.12667
2797419687.5,-28.12558
2797419843.75,-28.12677
2797420000.0,-28.12559
2797420156.25,-28.12711
2797420312.5,-28.12197
2797420468.75,-28.12815
2797420625.0,-28.12521
2797420781.25,-28.12305
2797420937.5,-28.12136
2797421093.75,-28.12443
2797421250.0,-28.12227
2797421406.25,-28.12328
2797421562.5,-28.12145
2797421718.75,-28.12144
2797421875.0,-28.11918
2797422031.25,-28.11713
2797422187.5,-28.11584
2797422343.75,-28.11858
2797422500.0,-28.11488
2797422656.25,-28.11372
2797422812.5,-28.11242
2797422968.75,-28.11621
2797423125.0,-28.1157
2797423281.25,-28.11643
2797423437.5,-28.11568
2797423593.75,-28.10899
2797423750.0,-28.11055
2797423906.25,-28.11352
2797424062.5,-28.11082
2797424218.75,-28.11164
2797424375.0,-28.10914
2797424531.25,-28.10616
2797424687.5,-28.10953
2797424843.75,-28.10496
2797425000.0,-28.10813
2797425156.25,-28.10888
2797425312.5,-28.10179
2797425468.75,-28.10613
2797425625.0,-28.10778
2797425781.25,-28.1052
2797425937.5,-28.10193
2797426093.75,-28.10683
2797426250.0,-28.09732
2797426406.25,-28.10158
2797426562.5,-28.10175
2797426718.75,-28.10169
2797426875.0,-28.10021
2797427031.25,-28.10094
2797427187.5,-28.09954
2797427343.75,-28.09725
2797427500.0,-28.09159
2797427656.25,-28.09902
2797427812.5,-28.09554
2797427968.75,-28.09416
2797428125.0,-28.09649
2797428281.25,-28.0957
2797428437.5,-28.09541
2797428593.75,-28.09595
2797428750.0,-28.08739
2797428906.25,-28.09173
2797429062.5,-28.09169
2797429218.75,-28.09027
2797429375.0,-28.08938
2797429531.25,-28.08998
2797429687.5,-28.08748
2797429843.75,-28.09026
2797430000.0,-28.08763
2797430156.25,-28.08917
2797430312.5,-28.08645
2797430468.75,-28.08569
2797430625.0,-28.08668
2797430781.25,-28.0847
2797430937.5,-28.08344
2797431093.75,-28.08586
2797431250.0,-28.08333
2797431406.25,-28.0856
2797431562.5,-28.08564
2797431718.75,-28.08427
2797431875.0,-28.07882
2797432031.25,-28.08553
2797432187.5,-28.08178
2797432343.75,-28.0798
2797432500.0,-28.07979
2797432656.25,-28.07817
2797432812.5,-28.07732
2797432968.75,-28.07349
2797433125.0,-28.0738
2797433281.25,-28.07863
2797433437.5,-28.0768
2797433593.75,-28.07366
2797433750.0,-28.07257
2797433906.25,-28.07474
2797434062.5,-28.07423
2797434218.75,-28.07332
2797434375.0,-28.07234
2797434531.25,-28.07197
2797434687.5,-28.06702
2797434843.75,-28.0753
2797435000.0,-28.07044
2797435156.25,-28.0699
2797435312.5,-28.06352
2797435468.75,-28.06538
2797435625.0,-28.06833
2797435781.25,-28.06474
2797435937.5,-28.06647
2797436093.75,-28.06715
2797436250.0,-28.06429
2797436406.25,-28.06535
2797436562.5,-28.06048
2797436718.75,-28.06634
2797436875.0,-28.06194
2797437031.25,-28.0624
2797437187.5,-28.06155
2797437343.75,-28.06314
2797437500.0,-28.05907
2797437656.25,-28.05944
2797437812.5,-28.05887
2797437968.75,-28.05925
2797438125.0,-28.05527
2797438281.25,-28.06022
2797438437.5,-28.06188
2797438593.75,-28.05666
2797438750.0,-28.05771
2797438906.25,-28.05188
2797439062.5,-28.05269
2797439218.75,-28.05605
2797439375.0,-28.05565
2797439531.25,-28.05054
2797439687.5,-28.05551
2797439843.75,-28.05331
2797440000.0,-28.05336
2797440156.25,-28.04774
2797440312.5,-28.05032
2797440468.75,-28.04681
2797440625.0,-28.04779
2797440781.25,-28.04805
2797440937.5,-28.05
2797441093.75,-28.04964
2797441250.0,-28.04465
2797441406.25,-28.04317
2797441562.5,-28.04424
2797441718.75,-28.04147
2797441875.0,-28.04497
2797442031.25,-28.0429
2797442187.5,-28.04609
2797442343.75,-28.03904
2797442500.0,-28.04323
2797442656.25,-28.04572
2797442812.5,-28.0373
2797442968.75,-28.04177
2797443125.0,-28.04309
2797443281.25,-28.03968
2797443437.5,-28.03456
2797443593.75,-28.0373
2797443750.0,-28.03982
2797443906.25,-28.03793
2797444062.5,-28.03735
2797444218.75,-28.03438
2797444375.0,-28.03253
2797444531.25,-28.03546
2797444687.5,-28.03246
2797444843.75,-28.03395
2797445000.0,-28.03507
2797445156.25,-28.03013
2797445312.5,-28.02862
2797445468.75,-28.02999
2797445625.0,-28.03083
2797445781.25,-28.02859
2797445937.5,-28.03058
2797446093.75,-28.02785
2797446250.0,-28.02565
2797446406.25,-28.0282
2797446562.5,-28.02369
2797446718.75,-28.02573
2797446875.0,-28.02924
2797447031.25,-28.02181
2797447187.5,-28.02693
2797447343.75,-28.02501
2797447500.0,-28.02458
2797447656.25,-28.02346
2797447812.5,-28.02022
2797447968.75,-28.02057
2797448125.0,-28.02197
2797448281.25,-28.01845
2797448437.5,-28.0244
2797448593.75,-28.02501
2797448750.0,-28.0212
2797448906.25,-28.02253
2797449062.5,-28.01899
2797449218.75,-28.01839
2797449375.0,-28.01584
2797449531.25,-28.01595
2797449687.5,-28.01229
2797449843.75,-28.01405
2797450000.0,-28.01605
2797450156.25,-28.01192
2797450312.5,-28.01358
2797450468.75,-28.01474
2797450625.0,-28.00923
2797450781.25,-28.00757
2797450937.5,-28.01222
2797451093.75,-28.0101
2797451250.0,-28.00912
2797451406.25,-28.01074
2797451562.5,-28.01153
2797451718.75,-28.00897
2797451875.0,-28.0096
2797452031.25,-28.00572
2797452187.5,-28.00519
2797452343.75,-28.00722
2797452500.0,-28.00836
2797452656.25,-28.00695
2797452812.5,-28.00363
2797452968.75,-28.00362
2797453125.0,-28.00058
2797453281.25,-27.99791
2797453437.5,-27.99789
2797453593.75,-28.00234
2797453750.0,-28.00058
2797453906.25,-28.00084
2797454062.5,-27.9971
2797454218.75,-28.00018
2797454375.0,-27.99779
2797454531.25,-27.99523
2797454687.5,-27.99946
2797454843.75,-27.9937
2797455000.0,-27.99799
2797455156.25,-28.00008
2797455312.5,-27.9975
2797455468.75,-27.99742
2797455625.0,-27.99462
2797455781.25,-27.99445
2797455937.5,-27.99126
2797456093.75,-27.99276
2797456250.0,-27.99152
2797456406.25,-27.99258
2797456562.5,-27.98817
2797456718.75,-27.98891
2797456875.0,-27.98995
2797457031.25,-27.98991
2797457187.5,-27.98719
2797457343.75,-27.9844
2797457500.0,-27.98617
2797457656.25,-27.98228
2797457812.5,-27.98446
2797457968.75,-27.98113
2797458125.0,-27.98457
2797458281.25,-27.98172
2797458437.5,-27.98149
2797458593.75,-27.98396
2797458750.0,-27.98084
2797458906.25,-27.97949
2797459062.5,-27.97888
2797459218.75,-27.98107
2797459375.0,-27.97886
2797459531.25,-27.97704
2797459687.5,-27.97768
2797459843.75,-27.97842
2797460000.0,-27.97818
2797460156.25,-27.97609
2797460312.5,-27.97758
2797460468.75,-27.97566
2797460625.0,-27.97376
2797460781.25,-27.9695
2797460937.5,-27.97586
2797461093.75,-27.97383
2797461250.0,-27.97491
2797461406.25,-27.96606
2797461562.5,-27.9723
2797461718.75,-27.97604
2797461875.0,-27.96823
2797462031.25,-27.97261
2797462187.5,-27.96791
2797462343.75,-27.97028
2797462500.0,-27.96831
2797462656.25,-27.96826
2797462812.5,-27.96434
2797462968.75,-27.96857
2797463125.0,-27.96241
2797463281.25,-27.96782
2797463437.5,-27.96362
2797463593.75,-27.96735
2797463750.0,-27.96501
2797463906.25,-27.96012
2797464062.5,-27.9586
2797464218.75,-27.95786
2797464375.0,-27.95802
2797464531.25,-27.95936
2797464687.5,-27.95859
2797464843.75,-27.96168
2797465000.0,-27.95915
2797465156.25,-27.96024
2797465312.5,-27.95878
2797465468.75,-27.95855
2797465625.0,-27.95777
2797465781.25,-27.95986
2797465937.5,-27.95671
2797466093.75,-27.95683
2797466250.0,-27.95675
2797466406.25,-27.95241
2797466562.5,-27.95461
2797466718.75,-27.95451
2797466875.0,-27.94879
2797467031.25,-27.9519
2797467187.5,-27.94763
2797467343.75,-27.95142
2797467500.0,-27.94667
2797467656.25,-27.94746
2797467812.5,-27.94887
2797467968.75,-27.9482
2797468125.0,-27.95199
2797468281.25,-27.9461
2797468437.5,-27.94633
2797468593.75,-27.94822
2797468750.0,-27.94368
2797468906.25,-27.94523
2797469062.5,-27.94355
2797469218.75,-27.94181
2797469375.0,-27.94272
2797469531.25,-27.93924
2797469687.5,-27.93768
2797469843.75,-27.94085
2797470000.0,-27.94095
2797470156.25,-27.93669
2797470312.5,-27.93815
2797470468.75,-27.94013
2797470625.0,-27.93623
2797470781.25,-27.93489
2797470937.5,-27.93287
2797471093.75,-27.93429
2797471250.0,-27.93296
2797471406.25,-27.94067
2797471562.5,-27.93039
2797471718.75,-27.93414
2797471875.0,-27.93445
2797472031.25,-27.93323
2797472187.5,-27.93143
2797472343.75,-27.92816
2797472500.0,-27.93045
2797472656.25,-27.92968
2797472812.5,-27.92686
2797472968.75,-27.92973
2797473125.0,-27.93048
2797473281.25,-27.92665
2797473437.5,-27.92253
2797473593.75,-27.92533
2797473750.0,-27.92512
2797473906.25,-27.92525
2797474062.5,-27.92447
2797474218.75,-27.92159
2797474375.0,-27.9173
2797474531.25,-27.92335
2797474687.5,-27.92037
2797474843.75,-27.91972
2797475000.0,-27.92109
2797475156.25,-27.91849
2797475312.5,-27.92214
2797475468.75,-27.92031
2797475625.0,-27.91562
2797475781.25,-27.91647
2797475937.5,-27.91546
2797476093.75,-27.9146
2797476250.0,-27.91801
2797476406.25,-27.91883
2797476562.5,-27.91557
2797476718.75,-27.91401
2797476875.0,-27.91787
2797477031.25,-27.91042
2797477187.5,-27.91332
2797477343.75,-27.90966
2797477500.0,-27.912
2797477656.25,-27.90606
2797477812.5,-27.91015
2797477968.75,-27.90408
2797478125.0,-27.91058
2797478281.25,-27.9088
2797478437.5,-27.9056
2797478593.75,-27.90908
2797478750.0,-27.90565
2797478906.25,-27.90793
2797479062.5,-27.90639
2797479218.75,-27.90709
2797479375.0,-27.90856
2797479531.25,-27.90077
2797479687.5,-27.90625
2797479843.75,-27.90314
2797480000.0,-27.8984
2797480156.25,-27.90385
2797480312.5,-27.89652
2797480468.75,-27.89949
2797480625.0,-27.89974
2797480781.25,-27.8968
2797480937.5,-27.90246
2797481093.75,-27.89673
2797481250.0,-27.89612
2797481406.25,-27.89825
2797481562.5,-27.89715
2797481718.75,-27.89866
2797481875.0,-27.89591
2797482031.25,-27.89528
2797482187.5,-27.8931
2797482343.75,-27.89693
2797482500.0,-27.89083
2797482656.25,-27.88972
2797482812.5,-27.88794
2797482968.75,-27.89329
2797483125.0,-27.89182
2797483281.25,-27.88861
2797483437.5,-27.8896
2797483593.75,-27.88922
2797483750.0,-27.88662
2797483906.25,-27.88884
2797484062.5,-27.88536
2797484218.75,-27.8851
2797484375.0,-27.88828
2797484531.25,-27.88955
2797484687.5,-27.88812
2797484843.75,-27.88006
2797485000.0,-27.88358
2797485156.25,-27.88683
2797485312.5,-27.88
2797485468.75,-27.87753
2797485625.0,-27.88408
2797485781.25,-27.88552
2797485937.5,-27.87889
2797486093.75,-27.87578
2797486250.0,-27.87874
2797486406.25,-27.87521
2797486562.5,-27.87795
2797486718.75,-27.87614
2797486875.0,-27.87477
2797487031.25,-27.87307
2797487187.5,-27.87536
2797487343.75,-27.87476
2797487500.0,-27.87425
2797487656.25,-27.87201
2797487812.5,-27.87169
2797487968.75,-27.87323
2797488125.0,-27.87118
2797488281.25,-27.86592
2797488437.5,-27.86989
2797488593.75,-27.86811
2797488750.0,-27.86781
2797488906.25,-27.86974
2797489062.5,-27.8701
2797489218.75,-27.86659
2797489375.0,-27.8641
2797489531.25,-27.86732
2797489687.5,-27.86718
2797489843.75,-27.86772
2797490000.0,-27.86578
2797490156.25,-27.86406
2797490312.5,-27.864
2797490468.75,-27.86131
2797490625.0,-27.86375
2797490781.25,-27.86499
2797490937.5,-27.85873
2797491093.75,-27.85984
2797491250.0,-27.85754
2797491406.25,-27.85694
2797491562.5,-27.85813
2797491718.75,-27.85666
2797491875.0,-27.85635
2797492031.25,-27.85926
2797492187.5,-27.86
2797492343.75,-27.85835
2797492500.0,-27.85624
2797492656.25,-27.85768
2797492812.5,-27.85674
2797492968.75,-27.84796
2797493125.0,-27.85076
2797493281.25,-27.85188
2797493437.5,-27.85263
2797493593.75,-27.85214
2797493750.0,-27.85338
2797493906.25,-27.84632
2797494062.5,-27.84432
2797494218.75,-27.84683
2797494375.0,-27.84476
2797494531.25,-27.84694
2797494687.5,-27.84993
2797494843.75,-27.84601
2797495000.0,-27.84588
2797495156.25,-27.84368
2797495312.5,-27.84858
2797495468.75,-27.84275
2797495625.0,-27.84334
2797495781.25,-27.84361
2797495937.5,-27.84395
2797496093.75,-27.83971
2797496250.0,-27.84007
2797496406.25,-27.83818
2797496562.5,-27.84099
2797496718.75,-27.83852
2797496875.0,-27.84074
2797497031.25,-27.8352
2797497187.5,-27.84292
2797497343.75,-27.83342
2797497500.0,-27.83747
2797497656.25,-27.83363
2797497812.5,-27.83474
2797497968.75,-27.83739
2797498125.0,-27.83581
2797498281.25,-27.8337
2797498437.5,-27.8312
2797498593.75,-27.8329
2797498750.0,-27.83097
2797498906.25,-27.8331
2797499062.5,-27.82935
2797499218.75,-27.8292
2797499375.0,-27.82962
2797499531.25,-27.82839
2797499687.5,-27.82813
2797499843.75,-27.82427
2797500000.0,-27.8256
2797500156.25,-27.82519
2797500312.5,-27.82423
2797500468.75,-27.82438
2797500625.0,-27.82227
2797500781.25,-27.82579
2797500937.5,-27.8196
2797501093.75,-27.82008
2797501250.0,-27.82083
2797501406.25,-27.8197
2797501562.5,-27.81607
2797501718.75,-27.82338
2797501875.0,-27.82366
2797502031.25,-27.82008
2797502187.5,-27.81929
2797502343.75,-27.81659
2797502500.0,-27.81703
2797502656.25,-27.81729
2797502812.5,-27.81415
2797502968.75,-27.8143
2797503125.0,-27.81527
2797503281.25,-27.81167
2797503437.5,-27.81162
2797503593.75,-27.81025
2797503750.0,-27.80907
2797503906.25,-27.80798
2797504062.5,-27.8082
2797504218.75,-27.81213
2797504375.0,-27.8094
2797504531.25,-27.80813
2797504687.5,-27.80696
2797504843.75,-27.80688
2797505000.0,-27.80778
2797505156.25,-27.80845
2797505312.5,-27.80717
2797505468.75,-27.80192
2797505625.0,-27.8013
2797505781.25,-27.8048
2797505937.5,-27.80305
2797506093.75,-27.80342
2797506250.0,-27.80035
2797506406.25,-27.79998
2797506562.5,-27.80164
2797506718.75,-27.80027
2797506875.0,-27.80158
2797507031.25,-27.79931
2797507187.5,-27.795
2797507343.75,-27.79576
2797507500.0,-27.80235
2797507656.25,-27.79835
2797507812.5,-27.79937
2797507968.75,-27.79446
2797508125.0,-27.7941
2797508281.25,-27.79173
2797508437.5,-27.79743
2797508593.75,-27.79415
2797508750.0,-27.79727
2797508906.25,-27.7924
2797509062.5,-27.78886
2797509218.75,-27.79171
2797509375.0,-27.79075
2797509531.25,-27.78814
2797509687.5,-27.78884
2797509843.75,-27.79045
2797510000.0,-27.78963
2797510156.25,-27.78563
2797510312.5,-27.78299
2797510468.75,-27.78733
2797510625.0,-27.78375
2797510781.25,-27.7805
2797510937.5,-27.78483
2797511093.75,-27.78448
2797511250.0,-27.78255
2797511406.25,-27.78102
2797511562.5,-27.78363
2797511718.75,-27.78205
2797511875.0,-27.77998
2797512031.25,-27.77986
2797512187.5,-27.77617
2797512343.75,-27.7803
2797512500.0,-27.7761
2797512656.25,-27.77792
2797512812.5,-27.77698
2797512968.75,-27.77176
2797513125.0,-27.77653
2797513281.25,-27.77716
2797513437.5,-27.77612
2797513593.75,-27.77633
2797513750.0,-27.77075
2797513906.25,-27.77355
2797514062.5,-27.77173
2797514218.75,-27.77221
2797514375.0,-27.77081
2797514531.25,-27.76912
2797514687.5,-27.76819
2797514843.75,-27.76678
2797515000.0,-27.77151
2797515156.25,-27.76745
2797515312.5,-27.76672
2797515468.75,-27.7659
2797515625.0,-27.76526
2797515781.25,-27.76456
2797515937.5,-27.76596
2797516093.75,-27.7643
2797516250.0,-27.7629
2797516406.25,-27.76522
2797516562.5,-27.76269
2797516718.75,-27.76273
2797516875.0,-27.75923
2797517031.25,-27.76378
2797517187.5,-27.76212
2797517343.75,-27.76074
2797517500.0,-27.75868
2797517656.25,-27.7634
2797517812.5,-27.75677
2797517968.75,-27.75807
2797518125.0,-27.75594
2797518281.25,-27.75959
2797518437.5,-27.75362
2797518593.75,-27.75024
2797518750.0,-27.75522
2797518906.25,-27.75513
2797519062.5,-27.75494
2797519218.75,-27.74956
2797519375.0,-27.75551
2797519531.25,-27.7518
2797519687.5,-27.74983
2797519843.75,-27.75146
2797520000.0,-27.7437
2797520156.25,-27.75466
2797520312.5,-27.75149
2797520468.75,-27.74512
2797520625.0,-27.74463
2797520781.25,-27.74977
2797520937.5,-27.74316
2797521093.75,-27.74775
2797521250.0,-27.74731
2797521406.25,-27.74431
2797521562.5,-27.74428
2797521718.75,-27.74001
2797521875.0,-27.74364
2797522031.25,-27.74282
2797522187.5,-27.7397
2797522343.75,-27.74293
2797522500.0,-27.74034
2797522656.25,-27.74042
2797522812.5,-27.74102
2797522968.75,-27.73794
2797523125.0,-27.74084
2797523281.25,-27.74021
2797523437.5,-27.73825
2797523593.75,-27.7376
2797523750.0,-27.7368
2797523906.25,-27.73429
2797524062.5,-27.73245
2797524218.75,-27.7327
2797524375.0,-27.73265
2797524531.25,-27.73527
2797524687.5,-27.73081
2797524843.75,-27.72979
2797525000.0,-27.7298
2797525156.25,-27.73026
2797525312.5,-27.72673
2797525468.75,-27.72743
2797525625.0,-27.72618
2797525781.25,-27.72594
2797525937.5,-27.7278
2797526093.75,-27.72351
2797526250.0,-27.72272
2797526406.25,-27.72482
2797526562.5,-27.72469
2797526718.75,-27.72455
2797526875.0,-27.7223
2797527031.25,-27.7213
2797527187.5,-27.7247
2797527343.75,-27.72337
2797527500.0,-27.71906
2797527656.25,-27.7236
2797527812.5,-27.71782
2797527968.75,-27.72148
2797528125.0,-27.72211
2797528281.25,-27.71346
2797528437.5,-27.71924
2797528593.75,-27.71772
2797528750.0,-27.71785
2797528906.25,-27.71903
2797529062.5,-27.71488
2797529218.75,-27.71721
2797529375.0,-27.71144
2797529531.25,-27.71157
2797529687.5,-27.70887
2797529843.75,-27.7126
2797530000.0,-27.71363
2797530156.25,-27.71122
2797530312.5,-27.71089
2797530468.75,-27.70775
2797530625.0,-27.71103
2797530781.25,-27.71249
2797530937.5,-27.71051
2797531093.75,-27.70885
2797531250.0,-27.71062
2797531406.25,-27.7043
2797531562.5,-27.70714
2797531718.75,-27.70204
2797531875.0,-27.70319
2797532031.25,-27.70546
2797532187.5,-27.70698
2797532343.75,-27.70048
2797532500.0,-27.69846
2797532656.25,-27.70036
2797532812.5,-27.69577
2797532968.75,-27.69797
2797533125.0,-27.70233
2797533281.25,-27.6945
2797533437.5,-27.69829
2797533593.75,-27.69328
2797533750.0,-27.69642
2797533906.25,-27.70036
2797534062.5,-27.69373
2797534218.75,-27.69061
2797534375.0,-27.6946
2797534531.25,-27.6947
2797534687.5,-27.68558
2797534843.75,-27.69171
2797535000.0,-27.68938
2797535156.25,-27.69431
2797535312.5,-27.68966
2797535468.75,-27.69073
2797535625.0,-27.68647
2797535781.25,-27.69217
2797535937.5,-27.68789
2797536093.75,-27.68654
2797536250.0,-27.68847
2797536406.25,-27.68635
2797536562.5,-27.68416
2797536718.75,-27.68595
2797536875.0,-27.68476
2797537031.25,-27.68786
2797537187.5,-27.68079
2797537343.75,-27.68107
2797537500.0,-27.67948
2797537656.25,-27.68153
2797537812.5,-27.68286
2797537968.75,-27.67785
2797538125.0,-27.6823
2797538281.25,-27.67696
2797538437.5,-27.67676
2797538593.75,-27.67777
2797538750.0,-27.67721
2797538906.25,-27.67819
2797539062.5,-27.67834
2797539218.75,-27.6782
2797539375.0,-27.6749
2797539531.25,-27.67086
2797539687.5,-27.67335
2797539843.75,-27.67307
2797540000.0,-27.67525
2797540156.25,-27.6747
2797540312.5,-27.67553
2797540468.75,-27.67066
2797540625.0,-27.67005
2797540781.25,-27.66864
2797540937.5,-27.66999
2797541093.75,-27.66645
2797541250.0,-27.66567
2797541406.25,-27.66423
2797541562.5,-27.66845
2797541718.75,-27.66756
2797541875.0,-27.66574
2797542031.25,-27.66619
2797542187.5,-27.66452
2797542343.75,-27.66209
2797542500.0,-27.66496
2797542656.25,-27.6647
2797542812.5,-27.65896
2797542968.75,-27.65999
2797543125.0,-27.66055
2797543281.25,-27.66032
2797543437.5,-27.65746
2797543593.75,-27.65584
2797543750.0,-27.66092
2797543906.25,-27.65758
2797544062.5,-27.65639
2797544218.75,-27.65378
2797544375.0,-27.65781
2797544531.25,-27.65913
2797544687.5,-27.65466
2797544843.75,-27.65152
2797545000.0,-27.65573
2797545156.25,-27.65434
2797545312.5,-27.65506
2797545468.75,-27.64933
2797545625.0,-27.65198
2797545781.25,-27.65348
2797545937.5,-27.64681
2797546093.75,-27.65036
2797546250.0,-27.65331
2797546406.25,-27.6485
2797546562.5,-27.64581
2797546718.75,-27.64758
2797546875.0,-27.64401
2797547031.25,-27.6428
2797547187.5,-27.64631
2797547343.75,-27.64143
2797547500.0,-27.6424
2797547656.25,-27.641
2797547812.5,-27.64378
2797547968.75,-27.6407
2797548125.0,-27.64112
2797548281.25,-27.64256
2797548437.5,-27.64197
2797548593.75,-27.64014
2797548750.0,-27.6386
2797548906.25,-27.63814
2797549062.5,-27.64085
2797549218.75,-27.63721
2797549375.0,-27.63499
2797549531.25,-27.63274
2797549687.5,-27.63418
2797549843.75,-27.63433
2797550000.0,-27.6322
2797550156.25,-27.63295
2797550312.5,-27.62769
2797550468.75,-27.63221
2797550625.0,-27.63344
2797550781.25,-27.62884
2797550937.5,-27.63143
2797551093.75,-27.63044
2797551250.0,-27.62364
2797551406.25,-27.62623
2797551562.5,-27.62721
2797551718.75,-27.62679
2797551875.0,-27.62727
2797552031.25,-27.62521
2797552187.5,-27.62569
2797552343.75,-27.62444
2797552500.0,-27.62086
2797552656.25,-27.62699
2797552812.5,-27.62305
2797552968.75,-27.61815
2797553125.0,-27.62616
2797553281.25,-27.62289
2797553437.5,-27.62177
2797553593.75,-27.619
2797553750.0,-27.61946
2797553906.25,-27.61871
2797554062.5,-27.61649
2797554218.75,-27.6181
2797554375.0,-27.6179
2797554531.25,-27.61927
2797554687.5,-27.61994
2797554843.75,-27.61531
2797555000.0,-27.61632
2797555156.25,-27.61157
2797555312.5,-27.61322
2797555468.75,-27.60984
2797555625.0,-27.61379
2797555781.25,-27.60736
2797555937.5,-27.61239
2797556093.75,-27.61179
2797556250.0,-27.6111
2797556406.25,-27.60828
2797556562.5,-27.60834
2797556718.75,-27.60669
2797556875.0,-27.60932
2797557031.25,-27.60696
2797557187.5,-27.60183
2797557343.75,-27.60518
2797557500.0,-27.60235
2797557656.25,-27.60403
2797557812.5,-27.60443
2797557968.75,-27.6015
2797558125.0,-27.60094
2797558281.25,-27.59703
2797558437.5,-27.60006
2797558593.75,-27.59746
2797558750.0,-27.59855
2797558906.25,-27.60015
2797559062.5,-27.59742
2797559218.75,-27.59578
2797559375.0,-27.59609
2797559531.25,-27.59639
2797559687.5,-27.59413
2797559843.75,-27.59346
2797560000.0,-27.59268
2797560156.25,-27.59434
2797560312.5,-27.59337
2797560468.75,-27.59221
2797560625.0,-27.59257
2797560781.25,-27.59128
2797560937.5,-27.59393
2797561093.75,-27.5886
2797561250.0,-27.59142
2797561406.25,-27.59212
2797561562.5,-27.5876
2797561718.75,-27.5899
2797561875.0,-27.58699
2797562031.25,-27.58766
2797562187.5,-27.58453
2797562343.75,-27.58674
2797562500.0,-27.58558
2797562656.25,-27.58364
2797562812.5,-27.58529
2797562968.75,-27.57909
2797563125.0,-27.58085
2797563281.25,-27.58458
2797563437.5,-27.57937
2797563593.75,-27.57693
2797563750.0,-27.57958
2797563906.25,-27.5839
2797564062.5,-27.58004
2797564218.75,-27.57574
2797564375.0,-27.57552
2797564531.25,-27.57617
2797564687.5,-27.5743
2797564843.75,-27.57872
2797565000.0,-27.57371
2797565156.25,-27.57421
2797565312.5,-27.57702
2797565468.75,-27.57238
2797565625.0,-27.57283
2797565781.25,-27.57448
2797565937.5,-27.57346
2797566093.75,-27.57307
2797566250.0,-27.57182
2797566406.25,-27.56513
2797566562.5,-27.56756
2797566718.75,-27.57052
2797566875.0,-27.56453
2797567031.25,-27.56393
2797567187.5,-27.56792
2797567343.75,-27.56682
2797567500.0,-27.56664
2797567656.25,-27.56303
2797567812.5,-27.56158
2797567968.75,-27.56457
2797568125.0,-27.56133
2797568281.25,-27.56155
2797568437.5,-27.56104
2797568593.75,-27.5635
2797568750.0,-27.56286
2797568906.25,-27.55795
2797569062.5,-27.55923
2797569218.75,-27.55816
2797569375.0,-27.55528
2797569531.25,-27.5602
2797569687.5,-27.55914
2797569843.75,-27.56086
2797570000.0,-27.55678
2797570156.25,-27.55436
2797570312.5,-27.55319
2797570468.75,-27.55608
2797570625.0,-27.55556
2797570781.25,-27.54973
2797570937.5,-27.55548
2797571093.75,-27.55149
2797571250.0,-27.55306
2797571406.25,-27.55421
2797571562.5,-27.54634
2797571718.75,-27.55402
2797571875.0,-27.54745
2797572031.25,-27.54817
2797572187.5,-27.54274
2797572343.75,-27.54695
2797572500.0,-27.54319
2797572656.25,-27.54608
2797572812.5,-27.54543
2797572968.75,-27.54138
2797573125.0,-27.5421
2797573281.25,-27.54246
2797573437.5,-27.5439
2797573593.75,-27.54294
2797573750.0,-27.54265
2797573906.25,-27.54283
2797574062.5,-27.53791
2797574218.75,-27.53827
2797574375.0,-27.5377
2797574531.25,-27.53619
2797574687.5,-27.53361
2797574843.75,-27.53358
2797575000.0,-27.53781
2797575156.25,-27.53534
2797575312.5,-27.53021
2797575468.75,-27.53459
2797575625.0,-27.53337
2797575781.25,-27.53369
2797575937.5,-27.53082
2797576093.75,-27.53261
2797576250.0,-27.52822
2797576406.25,-27.53329
2797576562.5,-27.52978
2797576718.75,-27.52952
2797576875.0,-27.52972
2797577031.25,-27.52967
2797577187.5,-27.52612
2797577343.75,-27.52724
2797577500.0,-27.52824
2797577656.25,-27.52436
2797577812.5,-27.52484
2797577968.75,-27.52627
2797578125.0,-27.52612
2797578281.25,-27.52275
2797578437.5,-27.52548
2797578593.75,-27.52407
2797578750.0,-27.52509
2797578906.25,-27.5169
2797579062.5,-27.52378
2797579218.75,-27.51849
2797579375.0,-27.51587
2797579531.25,-27.51899
2797579687.5,-27.51925
2797579843.75,-27.5176
2797580000.0,-27.51414
2797580156.25,-27.51464
2797580312.5,-27.51262
2797580468.75,-27.51436
2797580625.0,-27.51643
2797580781.25,-27.51653
2797580937.5,-27.51098
2797581093.75,-27.51147
2797581250.0,-27.5112
2797581406.25,-27.51344
2797581562.5,-27.51136
2797581718.75,-27.50555
2797581875.0,-27.50352
2797582031.25,-27.50945
2797582187.5,-27.50782
2797582343.75,-27.50634
2797582500.0,-27.50747
2797582656.25,-27.50569
2797582812.5,-27.50526
2797582968.75,-27.50657
2797583125.0,-27.50358
2797583281.25,-27.50381
2797583437.5,-27.50181
2797583593.75,-27.50359
2797583750.0,-27.50081
2797583906.25,-27.50215
2797584062.5,-27.50092
2797584218.75,-27.49626
2797584375.0,-27.50068
2797584531.25,-27.49893
2797584687.5,-27.49873
2797584843.75,-27.49779
2797585000.0,-27.49598
2797585156.25,-27.49863
2797585312.5,-27.49252
2797585468.75,-27.49445
2797585625.0,-27.49436
2797585781.25,-27.49043
2797585937.5,-27.4921
2797586093.75,-27.49056
2797586250.0,-27.48976
2797586406.25,-27.49274
2797586562.5,-27.48637
2797586718.75,-27.49124
2797586875.0,-27.48695
2797587031.25,-27.48531
2797587187.5,-27.48966
2797587343.75,-27.48478
2797587500.0,-27.48669
2797587656.25,-27.48579
2797587812.5,-27.485
2797587968.75,-27.48749
2797588125.0,-27.48386
2797588281.25,-27.48082
2797588437.5,-27.48274
2797588593.75,-27.48231
2797588750.0,-27.47969
2797588906.25,-27.47825
2797589062.5,-27.48319
2797589218.75,-27.48142
2797589375.0,-27.47739
2797589531.25,-27.48262
2797589687.5,-27.47876
2797589843.75,-27.47949
2797590000.0,-27.4766
2797590156.25,-27.47492
2797590312.5,-27.47422
2797590468.75,-27.47768
2797590625.0,-27.47401
2797590781.25,-27.47415
2797590937.5,-27.47473
2797591093.75,-27.47606
2797591250.0,-27.47347
2797591406.25,-27.46791
2797591562.5,-27.46739
2797591718.75,-27.4654
2797591875.0,-27.47268
2797592031.25,-27.4695
2797592187.5,-27.46994
2797592343.75,-27.46836
2797592500.0,-27.46408
2797592656.25,-27.46091
2797592812.5,-27.46648
2797592968.75,-27.46325
2797593125.0,-27.46645
2797593281.25,-27.46206
2797593437.5,-27.46033
2797593593.75,-27.46116
2797593750.0,-27.46033
2797593906.25,-27.46558
2797594062.5,-27.45867
2797594218.75,-27.45975
2797594375.0,-27.45911
2797594531.25,-27.45527
2797594687.5,-27.45658
2797594843.75,-27.45886
2797595000.0,-27.45174
2797595156.25,-27.45712
2797595312.5,-27.4538
2797595468.75,-27.45724
2797595625.0,-27.4555
2797595781.25,-27.45149
2797595937.5,-27.45237
2797596093.75,-27.45294
2797596250.0,-27.44758
2797596406.25,-27.45424
2797596562.5,-27.44937
2797596718.75,-27.4489
2797596875.0,-27.4456
2797597031.25,-27.44992
2797597187.5,-27.44299
2797597343.75,-27.44683
2797597500.0,-27.44751
2797597656.25,-27.44637
2797597812.5,-27.44351
2797597968.75,-27.44546
2797598125.0,-27.44711
2797598281.25,-27.43866
2797598437.5,-27.44484
2797598593.75,-27.44085
2797598750.0,-27.44245
2797598906.25,-27.44375
2797599062.5,-27.44154
2797599218.75,-27.44106
2797599375.0,-27.43526
2797599531.25,-27.44168
2797599687.5,-27.43644
2797599843.75,-27.44017
2797600000.0,-27.43632
2797600156.25,-27.43521
2797600312.5,-27.43361
2797600468.75,-27.43297
2797600625.0,-27.43545
2797600781.25,-27.43572
2797600937.5,-27.43685
2797601093.75,-27.43365
2797601250.0,-27.43105
2797601406.25,-27.43105
2797601562.5,-27.4302
2797601718.75,-27.43086
2797601875.0,-27.42896
2797602031.25,-27.43087
2797602187.5,-27.43029
2797602343.75,-27.42677
2797602500.0,-27.4268
2797602656.25,-27.42416
2797602812.5,-27.42931
2797602968.75,-27.4266
2797603125.0,-27.42222
2797603281.25,-27.42894
2797603437.5,-27.42197
2797603593.75,-27.42372
2797603750.0,-27.42365
2797603906.25,-27.42534
2797604062.5,-27.41954
2797604218.75,-27.42227
2797604375.0,-27.41854
2797604531.25,-27.41919
2797604687.5,-27.4209
2797604843.75,-27.41824
2797605000.0,-27.4151
2797605156.25,-27.41475
2797605312.5,-27.41806
2797605468.75,-27.41553
2797605625.0,-27.41552
2797605781.25,-27.41523
2797605937.5,-27.41098
2797606093.75,-27.41155
2797606250.0,-27.41125
2797606406.25,-27.41194
2797606562.5,-27.41143
2797606718.75,-27.41316
2797606875.0,-27.4087
2797607031.25,-27.41327
2797607187.5,-27.40775
2797607343.75,-27.41056
2797607500.0,-27.40586
2797607656.25,-27.40684
2797607812.5,-27.40562
2797607968.75,-27.40475
2797608125.0,-27.4036
2797608281.25,-27.40312
2797608437.5,-27.40238
2797608593.75,-27.40387
2797608750.0,-27.40255
2797608906.25,-27.39847
2797609062.5,-27.39704
2797609218.75,-27.40246
2797609375.0,-27.40364
2797609531.25,-27.39916
2797609687.5,-27.39963
2797609843.75,-27.39794
2797610000.0,-27.39224
2797610156.25,-27.39381
2797610312.5,-27.39565
2797610468.75,-27.39463
2797610625.0,-27.39467
2797610781.25,-27.3969
2797610937.5,-27.39122
2797611093.75,-27.39117
2797611250.0,-27.39383
2797611406.25,-27.39232
2797611562.5,-27.38905
2797611718.75,-27.39115
2797611875.0,-27.39276
2797612031.25,-27.39193
2797612187.5,-27.38651
2797612343.75,-27.38619
2797612500.0,-27.38925
2797612656.25,-27.38436
2797612812.5,-27.38591
2797612968.75,-27.3855
2797613125.0,-27.38142
2797613281.25,-27.38552
2797613437.5,-27.38339
2797613593.75,-27.38239
2797613750.0,-27.38407
2797613906.25,-27.38291
2797614062.5,-27.37835
2797614218.75,-27.37808
2797614375.0,-27.3783
2797614531.25,-27.37825
2797614687.5,-27.37791
2797614843.75,-27.38002
2797615000.0,-27.37743
2797615156.25,-27.37418
2797615312.5,-27.37629
2797615468.75,-27.38215
2797615625.0,-27.37285
2797615781.25,-27.37148
2797615937.5,-27.37212
2797616093.75,-27.37187
2797616250.0,-27.36882
2797616406.25,-27.37058
2797616562.5,-27.37243
2797616718.75,-27.37067
2797616875.0,-27.37447
2797617031.25,-27.36831
2797617187.5,-27.36938
2797617343.75,-27.36599
2797617500.0,-27.3666
2797617656.25,-27.36916
2797617812.5,-27.37145
2797617968.75,-27.36515
2797618125.0,-27.36172
2797618281.25,-27.3614
2797618437.5,-27.36436
2797618593.75,-27.36187
2797618750.0,-27.35997
2797618906.25,-27.3626
2797619062.5,-27.36019
2797619218.75,-27.36039
2797619375.0,-27.36111
2797619531.25,-27.35789
2797619687.5,-27.35751
2797619843.75,-27.35554
2797620000.0,-27.35582
2797620156.25,-27.35618
2797620312.5,-27.35387
2797620468.75,-27.35798
2797620625.0,-27.35683
2797620781.25,-27.3534
2797620937.5,-27.35155
2797621093.75,-27.34756
2797621250.0,-27.35624
2797621406.25,-27.35274
2797621562.5,-27.34675
2797621718.75,-27.34595
2797621875.0,-27.35233
2797622031.25,-27.34733
2797622187.5,-27.34778
2797622343.75,-27.34592
2797622500.0,-27.35027
2797622656.25,-27.34632
2797622812.5,-27.34818
2797622968.75,-27.34582
2797623125.0,-27.34284
2797623281.25,-27.34308
2797623437.5,-27.34582
2797623593.75,-27.34
2797623750.0,-27.34313
2797623906.25,-27.34153
2797624062.5,-27.34315
2797624218.75,-27.34371
2797624375.0,-27.33858
2797624531.25,-27.33913
2797624687.5,-27.33643
2797624843.75,-27.33983
2797625000.0,-27.33577
2797625156.25,-27.33824
2797625312.5,-27.33468
2797625468.75,-27.33454
2797625625.0,-27.33408
2797625781.25,-27.33343
2797625937.5,-27.33492
2797626093.75,-27.33117
2797626250.0,-27.33573
2797626406.25,-27.33375
2797626562.5,-27.32611
2797626718.75,-27.32865
2797626875.0,-27.33168
2797627031.25,-27.32314
2797627187.5,-27.32946
2797627343.75,-27.32632
2797627500.0,-27.32252
2797627656.25,-27.33063
2797627812.5,-27.32481
2797627968.75,-27.32519
2797628125.0,-27.32456
2797628281.25,-27.32058
2797628437.5,-27.32502
2797628593.75,-27.3238
2797628750.0,-27.32732
2797628906.25,-27.3224
2797629062.5,-27.32121
2797629218.75,-27.32023
2797629375.0,-27.31512
2797629531.25,-27.32156
2797629687.5,-27.31773
2797629843.75,-27.32029
2797630000.0,-27.31818
2797630156.25,-27.31549
2797630312.5,-27.31164
2797630468.75,-27.31563
2797630625.0,-27.31606
2797630781.25,-27.31669
2797630937.5,-27.31379
2797631093.75,-27.31599
2797631250.0,-27.30911
2797631406.25,-27.30646
2797631562.5,-27.31023
2797631718.75,-27.31037
2797631875.0,-27.31166
2797632031.25,-27.3115
2797632187.5,-27.30778
2797632343.75,-27.30378
2797632500.0,-27.30681
2797632656.25,-27.30393
2797632812.5,-27.30584
2797632968.75,-27.30566
2797633125.0,-27.30666
2797633281.25,-27.30037
2797633437.5,-27.30115
2797633593.75,-27.30132
2797633750.0,-27.30316
2797633906.25,-27.30132
2797634062.5,-27.29701
2797634218.75,-27.29794
2797634375.0,-27.29911
2797634531.25,-27.29961
2797634687.5,-27.30247
2797634843.75,-27.29589
2797635000.0,-27.29825
2797635156.25,-27.29389
2797635312.5,-27.29449
2797635468.75,-27.29283
2797635625.0,-27.29369
2797635781.25,-27.29441
2797635937.5,-27.29285
2797636093.75,-27.29232
2797636250.0,-27.29142
2797636406.25,-27.28981
2797636562.5,-27.29216
2797636718.75,-27.29185
2797636875.0,-27.28713
2797637031.25,-27.28783
2797637187.5,-27.28835
2797637343.75,-27.29136
2797637500.0,-27.2867
2797637656.25,-27.28776
2797637812.5,-27.28802
2797637968.75,-27.28522
2797638125.0,-27.28239
2797638281.25,-27.28596
2797638437.5,-27.2858
2797638593.75,-27.28052
2797638750.0,-27.28457
2797638906.25,-27.27848
2797639062.5,-27.27964
2797639218.75,-27.27325
2797639375.0,-27.27802
2797639531.25,-27.2763
2797639687.5,-27.27538
2797639843.75,-27.27415
2797640000.0,-27.27916
2797640156.25,-27.27512
2797640312.5,-27.27357
2797640468.75,-27.27068
2797640625.0,-27.27264
2797640781.25,-27.27361
2797640937.5,-27.27206
2797641093.75,-27.27009
2797641250.0,-27.27162
2797641406.25,-27.26823
2797641562.5,-27.2692
2797641718.75,-27.2692
2797641875.0,-27.26627
2797642031.25,-27.26603
2797642187.5,-27.26438
2797642343.75,-27.26744
2797642500.0,-27.26512
2797642656.25,-27.26507
2797642812.5,-27.26811
2797642968.75,-27.26621
2797643125.0,-27.26455
2797643281.25,-27.25999
2797643437.5,-27.2605
2797643593.75,-27.26514
2797643750.0,-27.25819
2797643906.25,-27.26023
2797644062.5,-27.25965
2797644218.75,-27.26183
2797644375.0,-27.26121
2797644531.25,-27.2524
2797644687.5,-27.25958
2797644843.75,-27.25736
2797645000.0,-27.25338
2797645156.25,-27.25666
2797645312.5,-27.25824
2797645468.75,-27.25224
2797645625.0,-27.25348
2797645781.25,-27.25414
2797645937.5,-27.25332
2797646093.75,-27.25198
2797646250.0,-27.25375
2797646406.25,-27.2463
2797646562.5,-27.24483
2797646718.75,-27.24808
2797646875.0,-27.24972
2797647031.25,-27.25031
2797647187.5,-27.24261
2797647343.75,-27.24649
2797647500.0,-27.24587
2797647656.25,-27.24527
2797647812.5,-27.24603
2797647968.75,-27.24303
2797648125.0,-27.24179
2797648281.25,-27.24511
2797648437.5,-27.24568
2797648593.75,-27.24014
2797648750.0,-27.24619
2797648906.25,-27.24137
2797649062.5,-27.23911
2797649218.75,-27.24005
2797649375.0,-27.23627
2797649531.25,-27.2386
2797649687.5,-27.23768
2797649843.75,-27.23896
2797650000.0,-27.23309
2797650156.25,-27.2368
2797650312.5,-27.23399
2797650468.75,-27.23452
2797650625.0,-27.23244
2797650781.25,-27.23395
2797650937.5,-27.22766
2797651093.75,-27.2317
2797651250.0,-27.23074
2797651406.25,-27.23074
2797651562.5,-27.22738
2797651718.75,-27.23141
2797651875.0,-27.22859
2797652031.25,-27.23469
2797652187.5,-27.22877
2797652343.75,-27.22453
2797652500.0,-27.22466
2797652656.25,-27.22321
2797652812.5,-27.22239
2797652968.75,-27.22153
2797653125.0,-27.22363
2797653281.25,-27.22573
2797653437.5,-27.22392
2797653593.75,-27.22127
2797653750.0,-27.22018
2797653906.25,-27.22373
2797654062.5,-27.21819
2797654218.75,-27.21346
2797654375.0,-27.21505
2797654531.25,-27.21642
2797654687.5,-27.21749
2797654843.75,-27.21773
2797655000.0,-27.21525
2797655156.25,-27.21465
2797655312.5,-27.20782
2797655468.75,-27.21378
2797655625.0,-27.21076
2797655781.25,-27.21091
2797655937.5,-27.21207
2797656093.75,-27.2153
2797656250.0,-27.20897
2797656406.25,-27.2109
2797656562.5,-27.20802
2797656718.75,-27.20601
2797656875.0,-27.20842
2797657031.25,-27.20763
2797657187.5,-27.20983
2797657343.75,-27.20283
2797657500.0,-27.2028
2797657656.25,-27.20518
2797657812.5,-27.20392
2797657968.75,-27.20501
2797658125.0,-27.20294
2797658281.25,-27.20264
2797658437.5,-27.20229
2797658593.75,-27.20399
2797658750.0,-27.19915
2797658906.25,-27.20101
2797659062.5,-27.19875
2797659218.75,-27.19825
2797659375.0,-27.19876
2797659531.25,-27.19709
2797659687.5,-27.19863
2797659843.75,-27.19362
2797660000.0,-27.19209
2797660156.25,-27.19272
2797660312.5,-27.19019
2797660468.75,-27.19222
2797660625.0,-27.19211
2797660781.25,-27.19495
2797660937.5,-27.19001
2797661093.75,-27.19073
2797661250.0,-27.19167
2797661406.25,-27.18736
2797661562.5,-27.1874
2797661718.75,-27.18417
2797661875.0,-27.1909
2797662031.25,-27.18776
2797662187.5,-27.18607
2797662343.75,-27.18844
2797662500.0,-27.18112
2797662656.25,-27.18209
2797662812.5,-27.18454
2797662968.75,-27.18069
2797663125.0,-27.18599
2797663281.25,-27.18339
2797663437.5,-27.18373
2797663593.75,-27.1779
2797663750.0,-27.17617
2797663906.25,-27.17987
2797664062.5,-27.17909
2797664218.75,-27.17738
2797664375.0,-27.17769
2797664531.25,-27.17612
2797664687.5,-27.17518
2797664843.75,-27.17648
2797665000.0,-27.17811
2797665156.25,-27.17386
2797665312.5,-27.17534
2797665468.75,-27.17427
2797665625.0,-27.17354
2797665781.25,-27.1697
2797665937.5,-27.17077
2797666093.75,-27.16944
2797666250.0,-27.16954
2797666406.25,-27.16904
2797666562.5,-27.17066
2797666718.75,-27.16401
2797666875.0,-27.16626
2797667031.25,-27.16649
2797667187.5,-27.16593
2797667343.75,-27.16505
2797667500.0,-27.16312
2797667656.25,-27.16401
2797667812.5,-27.16641
2797667968.75,-27.16168
2797668125.0,-27.16036
2797668281.25,-27.16646
2797668437.5,-27.15972
2797668593.75,-27.16232
2797668750.0,-27.16353
2797668906.25,-27.15854
2797669062.5,-27.15495
2797669218.75,-27.15609
2797669375.0,-27.15447
2797669531.25,-27.1572
2797669687.5,-27.15139
2797669843.75,-27.15429
2797670000.0,-27.1536
2797670156.25,-27.15515
2797670312.5,-27.15185
2797670468.75,-27.15112
2797670625.0,-27.14883
2797670781.25,-27.15101
2797670937.5,-27.14809
2797671093.75,-27.15245
2797671250.0,-27.15234
2797671406.25,-27.14713
2797671562.5,-27.14748
2797671718.75,-27.14879
2797671875.0,-27.14561
2797672031.25,-27.14777
2797672187.5,-27.1408
2797672343.75,-27.14365
2797672500.0,-27.14026
2797672656.25,-27.14293
2797672812.5,-27.14116
2797672968.75,-27.14376
2797673125.0,-27.13774
2797673281.25,-27.13956
2797673437.5,-27.14066
2797673593.75,-27.14197
2797673750.0,-27.14071
2797673906.25,-27.13474
2797674062.5,-27.1366
2797674218.75,-27.14093
2797674375.0,-27.13707
2797674531.25,-27.13557
2797674687.5,-27.13193
2797674843.75,-27.13314
2797675000.0,-27.13371
2797675156.25,-27.1348
2797675312.5,-27.13118
2797675468.75,-27.13475
2797675625.0,-27.12746
2797675781.25,-27.12941
2797675937.5,-27.12622
2797676093.75,-27.12932
2797676250.0,-27.13669
2797676406.25,-27.12943
2797676562.5,-27.12921
2797676718.75,-27.12427
2797676875.0,-27.12788
2797677031.25,-27.1264
2797677187.5,-27.12353
2797677343.75,-27.124
2797677500.0,-27.12374
2797677656.25,-27.12162
2797677812.5,-27.12104
2797677968.75,-27.1235
2797678125.0,-27.12049
2797678281.25,-27.11932
2797678437.5,-27.12088
2797678593.75,-27.11764
2797678750.0,-27.11847
2797678906.25,-27.11777
2797679062.5,-27.11959
2797679218.75,-27.11612
2797679375.0,-27.11589
2797679531.25,-27.11619
2797679687.5,-27.11503
2797679843.75,-27.11179
2797680000.0,-27.11596
2797680156.25,-27.10982
2797680312.5,-27.11194
2797680468.75,-27.11121
2797680625.0,-27.10949
2797680781.25,-27.11221
2797680937.5,-27.10924
2797681093.75,-27.10651
2797681250.0,-27.10979
2797681406.25,-27.10791
2797681562.5,-27.10913
2797681718.75,-27.10815
2797681875.0,-27.10571
2797682031.25,-27.10378
2797682187.5,-27.10529
2797682343.75,-27.10228
2797682500.0,-27.10546
2797682656.25,-27.10114
2797682812.5,-27.10087
2797682968.75,-27.10269
2797683125.0,-27.09544
2797683281.25,-27.0959
2797683437.5,-27.09609
2797683593.75,-27.09983
2797683750.0,-27.10034
2797683906.25,-27.09654
2797684062.5,-27.09381
2797684218.75,-27.09872
2797684375.0,-27.09296
2797684531.25,-27.09381
2797684687.5,-27.09315
2797684843.75,-27.09513
2797685000.0,-27.09267
2797685156.25,-27.09305
2797685312.5,-27.09288
2797685468.75,-27.08899
2797685625.0,-27.08723
2797685781.25,-27.0902
2797685937.5,-27.09068
2797686093.75,-27.08992
2797686250.0,-27.09002
2797686406.25,-27.08259
2797686562.5,-27.08435
2797686718.75,-27.08818
2797686875.0,-27.08837
2797687031.25,-27.08556
2797687187.5,-27.08259
2797687343.75,-27.08386
2797687500.0,-27.08427
2797687656.25,-27.08149
2797687812.5,-27.08064
2797687968.75,-27.08288
2797688125.0,-27.08105
2797688281.25,-27.07891
2797688437.5,-27.07755
2797688593.75,-27.07652
2797688750.0,-27.07551
2797688906.25,-27.07706
2797689062.5,-27.07524
2797689218.75,-27.07781
2797689375.0,-27.075
2797689531.25,-27.07092
2797689687.5,-27.07412
2797689843.75,-27.07486
2797690000.0,-27.07259
2797690156.25,-27.07264
2797690312.5,-27.0725
2797690468.75,-27.07394
2797690625.0,-27.07246
2797690781.25,-27.0662
2797690937.5,-27.07272
2797691093.75,-27.0677
2797691250.0,-27.0685
2797691406.25,-27.06117
2797691562.5,-27.06631
2797691718.75,-27.06334
2797691875.0,-27.05983
2797692031.25,-27.06666
2797692187.5,-27.05947
2797692343.75,-27.06251
2797692500.0,-27.06259
2797692656.25,-27.06283
2797692812.5,-27.06101
2797692968.75,-27.05631
2797693125.0,-27.0591
2797693281.25,-27.06268
2797693437.5,-27.05624
2797693593.75,-27.05735
2797693750.0,-27.05602
2797693906.25,-27.05195
2797694062.5,-27.05657
2797694218.75,-27.05115
2797694375.0,-27.05228
2797694531.25,-27.05533
2797694687.5,-27.04916
2797694843.75,-27.04934
2797695000.0,-27.05116
2797695156.25,-27.04949
2797695312.5,-27.0544
2797695468.75,-27.05052
2797695625.0,-27.04903
2797695781.25,-27.04727
2797695937.5,-27.04881
2797696093.75,-27.04746
2797696250.0,-27.03902
2797696406.25,-27.04656
2797696562.5,-27.04634
2797696718.75,-27.04387
2797696875.0,-27.04181
2797697031.25,-27.0444
2797697187.5,-27.03803
2797697343.75,-27.03921
2797697500.0,-27.04142
2797697656.25,-27.04431
2797697812.5,-27.03797
2797697968.75,-27.04046
2797698125.0,-27.03435
2797698281.25,-27.03854
2797698437.5,-27.03639
2797698593.75,-27.03338
2797698750.0,-27.03038
2797698906.25,-27.03406
2797699062.5,-27.03354
2797699218.75,-27.03432
2797699375.0,-27.03254
2797699531.25,-27.03076
2797699687.5,-27.03153
2797699843.75,-27.03296
2797700000.0,-27.03218
2797700156.25,-27.02914
2797700312.5,-27.02919
2797700468.75,-27.02866
2797700625.0,-27.02732
2797700781.25,-27.02773
2797700937.5,-27.02349
2797701093.75,-27.0258
2797701250.0,-27.02535
2797701406.25,-27.02591
2797701562.5,-27.02567
2797701718.75,-27.02345
2797701875.0,-27.02498
2797702031.25,-27.02119
2797702187.5,-27.02166
2797702343.75,-27.0197
2797702500.0,-27.01645
2797702656.25,-27.01531
2797702812.5,-27.01969
2797702968.75,-27.01709
2797703125.0,-27.0156
2797703281.25,-27.01512
2797703437.5,-27.0158
2797703593.75,-27.01489
2797703750.0,-27.01912
2797703906.25,-27.01227
2797704062.5,-27.01077
2797704218.75,-27.01473
2797704375.0,-27.01147
2797704531.25,-27.0122
2797704687.5,-27.0097
2797704843.75,-27.01407
2797705000.0,-27.00994
2797705156.25,-27.00514
2797705312.5,-27.00556
2797705468.75,-27.00373
2797705625.0,-27.00455
2797705781.25,-27.00672
2797705937.5,-27.00604
2797706093.75,-27.00593
2797706250.0,-27.00292
2797706406.25,-27.00321
2797706562.5,-27.00383
2797706718.75,-27.00171
2797706875.0,-27.00341
2797707031.25,-26.99644
2797707187.5,-26.99804
2797707343.75,-26.99758
2797707500.0,-27.00025
2797707656.25,-26.9946
2797707812.5,-26.99964
2797707968.75,-26.99636
2797708125.0,-26.99662
2797708281.25,-26.99474
2797708437.5,-26.991
2797708593.75,-26.99452
2797708750.0,-26.99167
2797708906.25,-26.9968
2797709062.5,-26.98716
2797709218.75,-26.99148
2797709375.0,-26.99431
2797709531.25,-26.98923
2797709687.5,-26.98876
2797709843.75,-26.98977
2797710000.0,-26.98591
2797710156.25,-26.98826
2797710312.5,-26.9871
2797710468.75,-26.987
2797710625.0,-26.9831
2797710781.25,-26.98498
2797710937.5,-26.97959
2797711093.75,-26.98443
2797711250.0,-26.98322
2797711406.25,-26.98215
2797711562.5,-26.98171
2797711718.75,-26.98082
2797711875.0,-26.9823
2797712031.25,-26.97984
2797712187.5,-26.97898
2797712343.75,-26.9747
2797712500.0,-26.98037
2797712656.25,-26.9749
2797712812.5,-26.97808
2797712968.75,-26.9784
2797713125.0,-26.97732
2797713281.25,-26.97334
2797713437.5,-26.97744
2797713593.75,-26.9753
2797713750.0,-26.97523
2797713906.25,-26.97123
2797714062.5,-26.96848
2797714218.75,-26.96997
2797714375.0,-26.96539
2797714531.25,-26.97057
2797714687.5,-26.97091
2797714843.75,-26.96599
2797715000.0,-26.96931
2797715156.25,-26.9642
2797715312.5,-26.96867
2797715468.75,-26.96599
2797715625.0,-26.96238
2797715781.25,-26.9658
2797715937.5,-26.96278
2797716093.75,-26.96097
2797716250.0,-26.96268
2797716406.25,-26.96018
2797716562.5,-26.96204
2797716718.75,-26.95922
2797716875.0,-26.96211
2797717031.25,-26.95908
2797717187.5,-26.9551
2797717343.75,-26.95813
2797717500.0,-26.95563
2797717656.25,-26.95881
2797717812.5,-26.95677
2797717968.75,-26.95359
2797718125.0,-26.95501
2797718281.25,-26.95231
2797718437.5,-26.955
2797718593.75,-26.95079
2797718750.0,-26.95124
2797718906.25,-26.94986
2797719062.5,-26.95409
2797719218.75,-26.94868
2797719375.0,-26.94451
2797719531.25,-26.94926
2797719687.5,-26.94839
2797719843.75,-26.9468
2797720000.0,-26.94618
2797720156.25,-26.94468
2797720312.5,-26.94361
2797720468.75,-26.94201
2797720625.0,-26.93868
2797720781.25,-26.94296
2797720937.5,-26.94145
2797721093.75,-26.93749
2797721250.0,-26.9416
2797721406.25,-26.9388
2797721562.5,-26.94172
2797721718.75,-26.93606
2797721875.0,-26.94002
2797722031.25,-26.94195
2797722187.5,-26.93554
2797722343.75,-26.93663
2797722500.0,-26.93697
2797722656.25,-26.93417
2797722812.5,-26.93026
2797722968.75,-26.93437
2797723125.0,-26.93303
2797723281.25,-26.93289
2797723437.5,-26.93022
2797723593.75,-26.9307
2797723750.0,-26.9332
2797723906.25,-26.92797
2797724062.5,-26.92907
2797724218.75,-26.92852
2797724375.0,-26.92644
2797724531.25,-26.9259
2797724687.5,-26.9276
2797724843.75,-26.92841
2797725000.0,-26.92279
2797725156.25,-26.92316
2797725312.5,-26.92079
2797725468.75,-26.92332
2797725625.0,-26.92534
2797725781.25,-26.92386
2797725937.5,-26.91865
2797726093.75,-26.91575
2797726250.0,-26.91822
2797726406.25,-26.92177
2797726562.5,-26.91947
2797726718.75,-26.92196
2797726875.0,-26.91951
2797727031.25,-26.91617
2797727187.5,-26.91598
2797727343.75,-26.91514
2797727500.0,-26.91691
2797727656.25,-26.90998
2797727812.5,-26.9131
2797727968.75,-26.91462
2797728125.0,-26.91092
2797728281.25,-26.91252
2797728437.5,-26.91182
2797728593.75,-26.90952
2797728750.0,-26.91065
2797728906.25,-26.90806
2797729062.5,-26.90528
2797729218.75,-26.90867
2797729375.0,-26.90597
2797729531.25,-26.90809
2797729687.5,-26.90623
2797729843.75,-26.90943
2797730000.0,-26.90595
2797730156.25,-26.90561
2797730312.5,-26.90022
2797730468.75,-26.90266
2797730625.0,-26.90212
2797730781.25,-26.90088
2797730937.5,-26.90195
2797731093.75,-26.89784
2797731250.0,-26.90121
2797731406.25,-26.89961
2797731562.5,-26.8963
2797731718.75,-26.89692
2797731875.0,-26.90014
2797732031.25,-26.89458
2797732187.5,-26.89161
2797732343.75,-26.89458
2797732500.0,-26.89683
2797732656.25,-26.89129
2797732812.5,-26.89139
2797732968.75,-26.89459
2797733125.0,-26.88647
2797733281.25,-26.892
2797733437.5,-26.89111
2797733593.75,-26.89223
2797733750.0,-26.88683
2797733906.25,-26.88854
2797734062.5,-26.88643
2797734218.75,-26.88274
2797734375.0,-26.88299
2797734531.25,-26.88653
2797734687.5,-26.88291
2797734843.75,-26.88087
2797735000.0,-26.8861
2797735156.25,-26.88309
2797735312.5,-26.88333
2797735468.75,-26.8785
2797735625.0,-26.88155
2797735781.25,-26.88064
2797735937.5,-26.8811
2797736093.75,-26.87626
2797736250.0,-26.87782
2797736406.25,-26.87894
2797736562.5,-26.8756
2797736718.75,-26.87364
2797736875.0,-26.87352
2797737031.25,-26.87582
2797737187.5,-26.86733
2797737343.75,-26.87349
2797737500.0,-26.87119
2797737656.25,-26.86867
2797737812.5,-26.87351
2797737968.75,-26.87239
2797738125.0,-26.86725
2797738281.25,-26.86835
2797738437.5,-26.86911
2797738593.75,-26.86561
2797738750.0,-26.86528
2797738906.25,-26.86272
2797739062.5,-26.86676
2797739218.75,-26.86733
2797739375.0,-26.86658
2797739531.25,-26.86395
2797739687.5,-26.863
2797739843.75,-26.86176
2797740000.0,-26.86162
2797740156.25,-26.86076
2797740312.5,-26.86032
2797740468.75,-26.85753
2797740625.0,-26.85629
2797740781.25,-26.85802
2797740937.5,-26.85923
2797741093.75,-26.85527
2797741250.0,-26.85677
2797741406.25,-26.85289
2797741562.5,-26.85328
2797741718.75,-26.85116
2797741875.0,-26.85281
2797742031.25,-26.85128
2797742187.5,-26.85351
2797742343.75,-26.8497
2797742500.0,-26.84796
2797742656.25,-26.84467
2797742812.5,-26.85248
2797742968.75,-26.84988
2797743125.0,-26.8453
2797743281.25,-26.84838
2797743437.5,-26.84766
2797743593.75,-26.84548
2797743750.0,-26.84604
2797743906.25,-26.84538
2797744062.5,-26.84206
2797744218.75,-26.84262
2797744375.0,-26.84689
2797744531.25,-26.84281
2797744687.5,-26.83922
2797744843.75,-26.84237
2797745000.0,-26.844
2797745156.25,-26.83997
2797745312.5,-26.83813
2797745468.75,-26.83842
2797745625.0,-26.84328
2797745781.25,-26.83989
2797745937.5,-26.83455
2797746093.75,-26.83583
2797746250.0,-26.83428
2797746406.25,-26.83312
2797746562.5,-26.83454
2797746718.75,-26.83625
2797746875.0,-26.83355
2797747031.25,-26.8314
2797747187.5,-26.82742
2797747343.75,-26.83025
2797747500.0,-26.8316
2797747656.25,-26.82685
2797747812.5,-26.82967
2797747968.75,-26.82942
2797748125.0,-26.82653
2797748281.25,-26.83139
2797748437.5,-26.82669
2797748593.75,-26.82054
2797748750.0,-26.82794
2797748906.25,-26.82826
2797749062.5,-26.82071
2797749218.75,-26.82273
2797749375.0,-26.81976
2797749531.25,-26.8228
2797749687.5,-26.82026
2797749843.75,-26.81844
2797750000.0,-26.82175
2797750156.25,-26.8161
2797750312.5,-26.81553
2797750468.75,-26.81953
2797750625.0,-26.81349
2797750781.25,-26.81478
2797750937.5,-26.81494
2797751093.75,-26.81741
2797751250.0,-26.81099
2797751406.25,-26.81409
2797751562.5,-26.81108
2797751718.75,-26.80982
2797751875.0,-26.8097
2797752031.25,-26.80887
2797752187.5,-26.80775
2797752343.75,-26.8076
2797752500.0,-26.80946
2797752656.25,-26.80456
2797752812.5,-26.80908
2797752968.75,-26.80678
2797753125.0,-26.80599
2797753281.25,-26.80469
2797753437.5,-26.80354
2797753593.75,-26.80418
2797753750.0,-26.80806
2797753906.25,-26.80394
2797754062.5,-26.79984
2797754218.75,-26.80072
2797754375.0,-26.80148
2797754531.25,-26.79971
2797754687.5,-26.79774
2797754843.75,-26.79417
2797755000.0,-26.79675
2797755156.25,-26.79602
2797755312.5,-26.79499
2797755468.75,-26.79777
2797755625.0,-26.7976
2797755781.25,-26.79331
2797755937.5,-26.79118
2797756093.75,-26.79334
2797756250.0,-26.79235
2797756406.25,-26.79425
2797756562.5,-26.78883
2797756718.75,-26.78773
2797756875.0,-26.78738
2797757031.25,-26.78792
2797757187.5,-26.78824
2797757343.75,-26.78992
2797757500.0,-26.78495
2797757656.25,-26.78601
2797757812.5,-26.78983
2797757968.75,-26.78406
2797758125.0,-26.7866
2797758281.25,-26.78547
2797758437.5,-26.78307
2797758593.75,-26.78211
2797758750.0,-26.78094
2797758906.25,-26.78061
2797759062.5,-26.78318
2797759218.75,-26.78172
2797759375.0,-26.77967
2797759531.25,-26.77928
2797759687.5,-26.777
2797759843.75,-26.77617
2797760000.0,-26.77534
2797760156.25,-26.77698
2797760312.5,-26.77609
2797760468.75,-26.77621
2797760625.0,-26.77247
2797760781.25,-26.77427
2797760937.5,-26.77541
2797761093.75,-26.77472
2797761250.0,-26.77134
2797761406.25,-26.76873
2797761562.5,-26.76982
2797761718.75,-26.76845
2797761875.0,-26.76836
2797762031.25,-26.7657
2797762187.5,-26.76695
2797762343.75,-26.7688
2797762500.0,-26.7632
2797762656.25,-26.76381
2797762812.5,-26.76354
2797762968.75,-26.76393
2797763125.0,-26.76035
2797763281.25,-26.76945
2797763437.5,-26.76215
2797763593.75,-26.76166
2797763750.0,-26.76032
2797763906.25,-26.76125
2797764062.5,-26.75669
2797764218.75,-26.75768
2797764375.0,-26.7579
2797764531.25,-26.75921
2797764687.5,-26.75372
2797764843.75,-26.75604
2797765000.0,-26.75734
2797765156.25,-26.75485
2797765312.5,-26.75285
2797765468.75,-26.75034
2797765625.0,-26.7521
2797765781.25,-26.7473
2797765937.5,-26.74871
2797766093.75,-26.75068
2797766250.0,-26.74661
2797766406.25,-26.74688
2797766562.5,-26.7462
2797766718.75,-26.74735
2797766875.0,-26.74834
2797767031.25,-26.74739
2797767187.5,-26.74818
2797767343.75,-26.74455
2797767500.0,-26.74638
2797767656.25,-26.74355
2797767812.5,-26.7411
2797767968.75,-26.7412
2797768125.0,-26.74208
2797768281.25,-26.74111
2797768437.5,-26.74165
2797768593.75,-26.74014
2797768750.0,-26.73691
2797768906.25,-26.73649
2797769062.5,-26.73453
2797769218.75,-26.73515
2797769375.0,-26.73658
2797769531.25,-26.73312
2797769687.5,-26.73536
2797769843.75,-26.7341
2797770000.0,-26.73295
2797770156.25,-26.73492
2797770312.5,-26.73304
2797770468.75,-26.73143
2797770625.0,-26.72955
2797770781.25,-26.7284
2797770937.5,-26.72965
2797771093.75,-26.72793
2797771250.0,-26.72652
2797771406.25,-26.72517
2797771562.5,-26.72578
2797771718.75,-26.72606
2797771875.0,-26.72497
2797772031.25,-26.72317
2797772187.5,-26.7203
2797772343.75,-26.72346
2797772500.0,-26.72133
2797772656.25,-26.7211
2797772812.5,-26.72244
2797772968.75,-26.72105
2797773125.0,-26.7182
2797773281.25,-26.71741
2797773437.5,-26.71914
2797773593.75,-26.71919
2797773750.0,-26.71848
2797773906.25,-26.71892
2797774062.5,-26.7139
2797774218.75,-26.7207
2797774375.0,-26.71155
2797774531.25,-26.7132
2797774687.5,-26.71577
2797774843.75,-26.71097
2797775000.0,-26.70975
2797775156.25,-26.71275
2797775312.5,-26.70818
2797775468.75,-26.70806
2797775625.0,-26.71111
2797775781.25,-26.7084
2797775937.5,-26.70952
2797776093.75,-26.70717
2797776250.0,-26.70813
2797776406.25,-26.70461
2797776562.5,-26.70635
2797776718.75,-26.70355
2797776875.0,-26.70361
2797777031.25,-26.70464
2797777187.5,-26.70482
2797777343.75,-26.69834
2797777500.0,-26.69756
2797777656.25,-26.7021
2797777812.5,-26.698
2797777968.75,-26.69915
2797778125.0,-26.69645
2797778281.25,-26.6977
2797778437.5,-26.69902
2797778593.75,-26.69283
2797778750.0,-26.69343
2797778906.25,-26.69497
2797779062.5,-26.69309
2797779218.75,-26.69106
2797779375.0,-26.69105
2797779531.25,-26.69076
2797779687.5,-26.6914
2797779843.75,-26.68702
2797780000.0,-26.69003
2797780156.25,-26.68946
2797780312.5,-26.68863
2797780468.75,-26.68611
2797780625.0,-26.68474
2797780781.25,-26.68866
2797780937.5,-26.68612
2797781093.75,-26.68812
2797781250.0,-26.68602
2797781406.25,-26.68336
2797781562.5,-26.68397
2797781718.75,-26.68505
2797781875.0,-26.68436
2797782031.25,-26.68637
2797782187.5,-26.68279
2797782343.75,-26.68048
2797782500.0,-26.67911
2797782656.25,-26.68165
2797782812.5,-26.67997
2797782968.75,-26.67398
2797783125.0,-26.67981
2797783281.25,-26.67359
2797783437.5,-26.67622
2797783593.75,-26.67484
2797783750.0,-26.67113
2797783906.25,-26.6713
2797784062.5,-26.67141
2797784218.75,-26.67208
2797784375.0,-26.67496
2797784531.25,-26.67232
2797784687.5,-26.67332
2797784843.75,-26.66904
2797785000.0,-26.6687
2797785156.25,-26.66724
2797785312.5,-26.66971
2797785468.75,-26.66461
2797785625.0,-26.66574
2797785781.25,-26.66516
2797785937.5,-26.66263
2797786093.75,-26.66573
2797786250.0,-26.66484
2797786406.25,-26.66482
2797786562.5,-26.6628
2797786718.75,-26.65949
2797786875.0,-26.65915
2797787031.25,-26.65674
2797787187.5,-26.65846
2797787343.75,-26.66323
2797787500.0,-26.65853
2797787656.25,-26.65919
2797787812.5,-26.65798
2797787968.75,-26.65313
2797788125.0,-26.65325
2797788281.25,-26.64927
2797788437.5,-26.65442
2797788593.75,-26.65234
2797788750.0,-26.65106
2797788906.25,-26.65251
2797789062.5,-26.65333
2797789218.75,-26.65072
2797789375.0,-26.65107
2797789531.25,-26.64588
2797789687.5,-26.64788
2797789843.75,-26.64395
2797790000.0,-26.64418
2797790156.25,-26.64659
2797790312.5,-26.64268
2797790468.75,-26.64524
2797790625.0,-26.64845
2797790781.25,-26.64372
2797790937.5,-26.64112
2797791093.75,-26.64363
2797791250.0,-26.64394
2797791406.25,-26.64285
2797791562.5,-26.64251
2797791718.75,-26.63609
2797791875.0,-26.63808
2797792031.25,-26.63877
2797792187.5,-26.63592
2797792343.75,-26.63427
2797792500.0,-26.63305
2797792656.25,-26.6337
2797792812.5,-26.63232
2797792968.75,-26.63389
2797793125.0,-26.63594
2797793281.25,-26.63161
2797793437.5,-26.6288
2797793593.75,-26.63149
2797793750.0,-26.62615
2797793906.25,-26.62814
2797794062.5,-26.62827
2797794218.75,-26.62747
2797794375.0,-26.62697
2797794531.25,-26.62843
2797794687.5,-26.6263
2797794843.75,-26.62374
2797795000.0,-26.62809
2797795156.25,-26.62402
2797795312.5,-26.62497
2797795468.75,-26.62086
2797795625.0,-26.62014
2797795781.25,-26.62397
2797795937.5,-26.6242
2797796093.75,-26.62234
2797796250.0,-26.61848
2797796406.25,-26.61971
2797796562.5,-26.61811
2797796718.75,-26.61864
2797796875.0,-26.61525
2797797031.25,-26.6158
2797797187.5,-26.6194
2797797343.75,-26.61478
2797797500.0,-26.6164
2797797656.25,-26.61083
2797797812.5,-26.61402
2797797968.75,-26.61506
2797798125.0,-26.61443
2797798281.25,-26.61036
2797798437.5,-26.61168
2797798593.75,-26.60948
2797798750.0,-26.60661
2797798906.25,-26.60492
2797799062.5,-26.60642
2797799218.75,-26.60788
2797799375.0,-26.60561
2797799531.25,-26.60381
2797799687.5,-26.60299
2797799843.75,-26.60977
2797800000.0,-26.6033
2797800156.25,-26.604
2797800312.5,-26.60415
2797800468.75,-26.60252
2797800625.0,-26.59953
2797800781.25,-26.60199
2797800937.5,-26.60329
2797801093.75,-26.59888
2797801250.0,-26.59771
2797801406.25,-26.5958
2797801562.5,-26.59409
2797801718.75,-26.59444
2797801875.0,-26.59524
2797802031.25,-26.59349
2797802187.5,-26.59446
2797802343.75,-26.59453
2797802500.0,-26.59069
2797802656.25,-26.59677
2797802812.5,-26.58775
2797802968.75,-26.59589
2797803125.0,-26.59116
2797803281.25,-26.58584
2797803437.5,-26.58402
2797803593.75,-26.58521
2797803750.0,-26.58658
2797803906.25,-26.58345
2797804062.5,-26.58821
2797804218.75,-26.58404
2797804375.0,-26.58265
2797804531.25,-26.58821
2797804687.5,-26.58114
2797804843.75,-26.58025
2797805000.0,-26.58048
2797805156.25,-26.58018
2797805312.5,-26.57734
2797805468.75,-26.57752
2797805625.0,-26.57956
2797805781.25,-26.57671
2797805937.5,-26.57866
2797806093.75,-26.57734
2797806250.0,-26.57809
2797806406.25,-26.57426
2797806562.5,-26.57136
2797806718.75,-26.57503
2797806875.0,-26.57665
2797807031.25,-26.56994
2797807187.5,-26.57116
2797807343.75,-26.57184
2797807500.0,-26.57074
2797807656.25,-26.56999
2797807812.5,-26.56439
2797807968.75,-26.56855
2797808125.0,-26.56765
2797808281.25,-26.56827
2797808437.5,-26.56545
2797808593.75,-26.56669
2797808750.0,-26.566
2797808906.25,-26.57016
2797809062.5,-26.56147
2797809218.75,-26.5656
2797809375.0,-26.56239
2797809531.25,-26.56447
2797809687.5,-26.55925
2797809843.75,-26.56099
2797810000.0,-26.56185
2797810156.25,-26.55721
2797810312.5,-26.55996
2797810468.75,-26.55809
2797810625.0,-26.55632
2797810781.25,-26.55589
2797810937.5,-26.5547
2797811093.75,-26.554
2797811250.0,-26.55247
2797811406.25,-26.55129
2797811562.5,-26.55118
2797811718.75,-26.55146
2797811875.0,-26.55158
2797812031.25,-26.5517
2797812187.5,-26.55049
2797812343.75,-26.55058
2797812500.0,-26.5487
2797812656.25,-26.54965
2797812812.5,-26.54542
2797812968.75,-26.54543
2797813125.0,-26.54555
2797813281.25,-26.54698
2797813437.5,-26.54783
2797813593.75,-26.54113
2797813750.0,-26.54425
2797813906.25,-26.54067
2797814062.5,-26.5443
2797814218.75,-26.54217
2797814375.0,-26.54235
2797814531.25,-26.53624
2797814687.5,-26.53713
2797814843.75,-26.53717
2797815000.0,-26.53724
2797815156.25,-26.53875
2797815312.5,-26.53391
2797815468.75,-26.5353
2797815625.0,-26.53635
2797815781.25,-26.53606
2797815937.5,-26.5327
2797816093.75,-26.53395
2797816250.0,-26.53096
2797816406.25,-26.52999
2797816562.5,-26.53292
2797816718.75,-26.53127
2797816875.0,-26.52944
2797817031.25,-26.52661
2797817187.5,-26.53242
2797817343.75,-26.52592
2797817500.0,-26.52604
2797817656.25,-26.52661
2797817812.5,-26.52542
2797817968.75,-26.52191
2797818125.0,-26.52151
2797818281.25,-26.52497
2797818437.5,-26.51959
2797818593.75,-26.51998
2797818750.0,-26.51999
2797818906.25,-26.5224
2797819062.5,-26.5182
2797819218.75,-26.5205
2797819375.0,-26.51753
2797819531.25,-26.5175
2797819687.5,-26.51714
2797819843.75,-26.51558
2797820000.0,-26.51223
2797820156.25,-26.51741
2797820312.5,-26.51696
2797820468.75,-26.51241
2797820625.0,-26.5124
2797820781.25,-26.51108
2797820937.5,-26.5092
2797821093.75,-26.50911
2797821250.0,-26.50856
2797821406.25,-26.51045
2797821562.5,-26.50918
2797821718.75,-26.50606
2797821875.0,-26.50711
2797822031.25,-26.50808
2797822187.5,-26.50513
2797822343.75,-26.50415
2797822500.0,-26.50643
2797822656.25,-26.49995
2797822812.5,-26.50327
2797822968.75,-26.50287
2797823125.0,-26.50295
2797823281.25,-26.50121
2797823437.5,-26.49793
2797823593.75,-26.50057
2797823750.0,-26.49955
2797823906.25,-26.50195
2797824062.5,-26.49586
2797824218.75,-26.49962
2797824375.0,-26.4992
2797824531.25,-26.49731
2797824687.5,-26.49485
2797824843.75,-26.49091
2797825000.0,-26.49326
2797825156.25,-26.49263
2797825312.5,-26.49191
2797825468.75,-26.4864
2797825625.0,-26.4893
2797825781.25,-26.4873
2797825937.5,-26.48665
2797826093.75,-26.49342
2797826250.0,-26.48592
2797826406.25,-26.48718
2797826562.5,-26.48771
2797826718.75,-26.48586
2797826875.0,-26.4854
2797827031.25,-26.48191
2797827187.5,-26.48377
2797827343.75,-26.48067
2797827500.0,-26.48298
2797827656.25,-26.48399
2797827812.5,-26.48137
2797827968.75,-26.48169
2797828125.0,-26.4799
2797828281.25,-26.47685
2797828437.5,-26.47955
2797828593.75,-26.47408
2797828750.0,-26.47941
2797828906.25,-26.47261
2797829062.5,-26.47738
2797829218.75,-26.4763
2797829375.0,-26.47495
2797829531.25,-26.47262
2797829687.5,-26.47199
2797829843.75,-26.47211
2797830000.0,-26.47249
2797830156.25,-26.46801
2797830312.5,-26.46988
2797830468.75,-26.46532
2797830625.0,-26.46952
2797830781.25,-26.47091
2797830937.5,-26.46493
2797831093.75,-26.46586
2797831250.0,-26.4677
2797831406.25,-26.46583
2797831562.5,-26.46601
2797831718.75,-26.46382
2797831875.0,-26.45962
2797832031.25,-26.46463
2797832187.5,-26.46189
2797832343.75,-26.46024
2797832500.0,-26.45807
2797832656.25,-26.46162
2797832812.5,-26.46139
2797832968.75,-26.45678
2797833125.0,-26.45624
2797833281.25,-26.45633
2797833437.5,-26.45905
2797833593.75,-26.45432
2797833750.0,-26.45434
2797833906.25,-26.45569
2797834062.5,-26.45384
2797834218.75,-26.45036
2797834375.0,-26.45189
2797834531.25,-26.44953
2797834687.5,-26.45072
2797834843.75,-26.44601
2797835000.0,-26.44835
2797835156.25,-26.44924
2797835312.5,-26.44479
2797835468.75,-26.44583
2797835625.0,-26.44666
2797835781.25,-26.44276
2797835937.5,-26.44418
2797836093.75,-26.4435
2797836250.0,-26.442
2797836406.25,-26.4423
2797836562.5,-26.4425
2797836718.75,-26.44345
2797836875.0,-26.43956
2797837031.25,-26.43956
2797837187.5,-26.43714
2797837343.75,-26.44289
2797837500.0,-26.43639
2797837656.25,-26.4333
2797837812.5,-26.43417
2797837968.75,-26.43981
2797838125.0,-26.43518
2797838281.25,-26.43246
2797838437.5,-26.43225
2797838593.75,-26.43287
2797838750.0,-26.43268
2797838906.25,-26.43105
2797839062.5,-26.42785
2797839218.75,-26.43126
2797839375.0,-26.43258
2797839531.25,-26.42543
2797839687.5,-26.42382
2797839843.75,-26.4281
2797840000.0,-26.42935
2797840156.25,-26.4222
2797840312.5,-26.42544
2797840468.75,-26.42489
2797840625.0,-26.42459
2797840781.25,-26.42325
2797840937.5,-26.42421
2797841093.75,-26.41955
2797841250.0,-26.41775
2797841406.25,-26.41826
2797841562.5,-26.42173
2797841718.75,-26.41913
2797841875.0,-26.41645
2797842031.25,-26.41601
2797842187.5,-26.41592
2797842343.75,-26.41455
2797842500.0,-26.41311
2797842656.25,-26.41712
2797842812.5,-26.41442
2797842968.75,-26.41464
2797843125.0,-26.41463
2797843281.25,-26.41112
2797843437.5,-26.41029
2797843593.75,-26.41183
2797843750.0,-26.41008
2797843906.25,-26.41136
2797844062.5,-26.41059
2797844218.75,-26.40896
2797844375.0,-26.40563
2797844531.25,-26.40185
2797844687.5,-26.40549
2797844843.75,-26.40772
2797845000.0,-26.40475
2797845156.25,-26.40194
2797845312.5,-26.40298
2797845468.75,-26.40352
2797845625.0,-26.40019
2797845781.25,-26.39899
2797845937.5,-26.39946
2797846093.75,-26.401
2797846250.0,-26.39664
2797846406.25,-26.39708
2797846562.5,-26.39691
2797846718.75,-26.39878
2797846875.0,-26.39931
2797847031.25,-26.39656
2797847187.5,-26.3913
2797847343.75,-26.39102
2797847500.0,-26.39101
2797847656.25,-26.39435
2797847812.5,-26.39139
2797847968.75,-26.38824
2797848125.0,-26.39071
2797848281.25,-26.38947
2797848437.5,-26.38999
2797848593.75,-26.39334
2797848750.0,-26.38757
2797848906.25,-26.38438
2797849062.5,-26.3856
2797849218.75,-26.3851
2797849375.0,-26.38349
2797849531.25,-26.38107
2797849687.5,-26.38524
2797849843.75,-26.38146
2797850000.0,-26.38215
2797850156.25,-26.38179
2797850312.5,-26.37606
2797850468.75,-26.37934
2797850625.0,-26.37834
2797850781.25,-26.37753
2797850937.5,-26.3748
2797851093.75,-26.37654
2797851250.0,-26.3772
2797851406.25,-26.37471
2797851562.5,-26.37464
2797851718.75,-26.37618
2797851875.0,-26.3764
2797852031.25,-26.37334
2797852187.5,-26.37145
2797852343.75,-26.37124
2797852500.0,-26.36883
2797852656.25,-26.37037
2797852812.5,-26.37124
2797852968.75,-26.36728
2797853125.0,-26.37025
2797853281.25,-26.36668
2797853437.5,-26.36496
2797853593.75,-26.36427
2797853750.0,-26.36588
2797853906.25,-26.36476
2797854062.5,-26.36399
2797854218.75,-26.3642
2797854375.0,-26.36507
2797854531.25,-26.36422
2797854687.5,-26.35912
2797854843.75,-26.35835
2797855000.0,-26.35445
2797855156.25,-26.35914
2797855312.5,-26.35941
2797855468.75,-26.35744
2797855625.0,-26.35855
2797855781.25,-26.35642
2797855937.5,-26.35573
2797856093.75,-26.35503
2797856250.0,-26.35543
2797856406.25,-26.35261
2797856562.5,-26.35288
2797856718.75,-26.35528
2797856875.0,-26.34947
2797857031.25,-26.34781
2797857187.5,-26.35253
2797857343.75,-26.34579
2797857500.0,-26.34657
2797857656.25,-26.3476
2797857812.5,-26.34575
2797857968.75,-26.34677
2797858125.0,-26.34502
2797858281.25,-26.34776
2797858437.5,-26.34426
2797858593.75,-26.34269
2797858750.0,-26.34479
2797858906.25,-26.34144
2797859062.5,-26.34348
2797859218.75,-26.33945
2797859375.0,-26.3403
2797859531.25,-26.3403
2797859687.5,-26.33781
2797859843.75,-26.33902
2797860000.0,-26.33613
2797860156.25,-26.33563
2797860312.5,-26.3342
2797860468.75,-26.3353
2797860625.0,-26.33344
2797860781.25,-26.334
2797860937.5,-26.32884
2797861093.75,-26.3314
2797861250.0,-26.33247
2797861406.25,-26.32739
2797861562.5,-26.33167
2797861718.75,-26.32611
2797861875.0,-26.3266
2797862031.25,-26.32884
2797862187.5,-26.32526
2797862343.75,-26.32728
2797862500.0,-26.32433
2797862656.25,-26.32847
2797862812.5,-26.32291
2797862968.75,-26.32581
2797863125.0,-26.32366
2797863281.25,-26.31986
2797863437.5,-26.32042
2797863593.75,-26.32263
2797863750.0,-26.31904
2797863906.25,-26.31842
2797864062.5,-26.31849
2797864218.75,-26.31714
2797864375.0,-26.31859
2797864531.25,-26.31538
2797864687.5,-26.31239
2797864843.75,-26.3154
2797865000.0,-26.31506
2797865156.25,-26.31329
2797865312.5,-26.3115
2797865468.75,-26.31451
2797865625.0,-26.31031
2797865781.25,-26.31257
2797865937.5,-26.31052
2797866093.75,-26.3071
2797866250.0,-26.3077
2797866406.25,-26.30976
2797866562.5,-26.30579
2797866718.75,-26.30418
2797866875.0,-26.30502
2797867031.25,-26.30593
2797867187.5,-26.30224
2797867343.75,-26.30369
2797867500.0,-26.3048
2797867656.25,-26.30174
2797867812.5,-26.30407
2797867968.75,-26.29984
2797868125.0,-26.30363
2797868281.25,-26.29649
2797868437.5,-26.30114
2797868593.75,-26.30014
2797868750.0,-26.29774
2797868906.25,-26.2952
2797869062.5,-26.2951
2797869218.75,-26.2948
2797869375.0,-26.29376
2797869531.25,-26.29246
2797869687.5,-26.29323
2797869843.75,-26.28974
2797870000.0,-26.29539
2797870156.25,-26.29381
2797870312.5,-26.29051
2797870468.75,-26.28993
2797870625.0,-26.28946
2797870781.25,-26.28867
2797870937.5,-26.2835
2797871093.75,-26.28757
2797871250.0,-26.28623
2797871406.25,-26.2817
2797871562.5,-26.28352
2797871718.75,-26.28111
2797871875.0,-26.28293
2797872031.25,-26.28358
2797872187.5,-26.28359
2797872343.75,-26.28029
2797872500.0,-26.28137
2797872656.25,-26.27951
2797872812.5,-26.27582
2797872968.75,-26.27667
2797873125.0,-26.2762
2797873281.25,-26.27786
2797873437.5,-26.27892
2797873593.75,-26.27594
2797873750.0,-26.27275
2797873906.25,-26.27089
2797874062.5,-26.27394
2797874218.75,-26.27033
2797874375.0,-26.27375
2797874531.25,-26.27163
2797874687.5,-26.26764
2797874843.75,-26.27155
2797875000.0,-26.26777
2797875156.25,-26.26827
2797875312.5,-26.26785
2797875468.75,-26.26904
2797875625.0,-26.26652
2797875781.25,-26.26442
2797875937.5,-26.26353
2797876093.75,-26.26191
2797876250.0,-26.26393
2797876406.25,-26.26241
2797876562.5,-26.25899
2797876718.75,-26.26049
2797876875.0,-26.26228
2797877031.25,-26.26409
2797877187.5,-26.25684
2797877343.75,-26.26122
2797877500.0,-26.25694
2797877656.25,-26.25801
2797877812.5,-26.25555
2797877968.75,-26.25767
2797878125.0,-26.25651
2797878281.25,-26.25539
2797878437.5,-26.25125
2797878593.75,-26.25233
2797878750.0,-26.25114
2797878906.25,-26.25023
2797879062.5,-26.25113
2797879218.75,-26.24919
2797879375.0,-26.24737
2797879531.25,-26.24753
2797879687.5,-26.24974
2797879843.75,-26.24642
2797880000.0,-26.2453
2797880156.25,-26.24523
2797880312.5,-26.24435
2797880468.75,-26.24431
2797880625.0,-26.2436
2797880781.25,-26.23639
2797880937.5,-26.24031
2797881093.75,-26.24036
2797881250.0,-26.24348
2797881406.25,-26.23989
2797881562.5,-26.23675
2797881718.75,-26.23626
2797881875.0,-26.23979
2797882031.25,-26.23677
2797882187.5,-26.23533
2797882343.75,-26.23672
2797882500.0,-26.23535
2797882656.25,-26.2364
2797882812.5,-26.23379
2797882968.75,-26.23198
2797883125.0,-26.23162
2797883281.25,-26.23329
2797883437.5,-26.22868
2797883593.75,-26.22875
2797883750.0,-26.23061
2797883906.25,-26.22768
2797884062.5,-26.22943
2797884218.75,-26.232
2797884375.0,-26.22486
2797884531.25,-26.22609
2797884687.5,-26.22408
2797884843.75,-26.22296
2797885000.0,-26.22638
2797885156.25,-26.22364
2797885312.5,-26.22133
2797885468.75,-26.22547
2797885625.0,-26.21943
2797885781.25,-26.2182
2797885937.5,-26.22149
2797886093.75,-26.22038
2797886250.0,-26.22048
2797886406.25,-26.21569
2797886562.5,-26.21935
2797886718.75,-26.21563
2797886875.0,-26.21633
2797887031.25,-26.21726
2797887187.5,-26.2149
2797887343.75,-26.2117
2797887500.0,-26.2132
2797887656.25,-26.20895
2797887812.5,-26.21017
2797887968.75,-26.20993
2797888125.0,-26.20575
2797888281.25,-26.20921
2797888437.5,-26.20768
2797888593.75,-26.20761
2797888750.0,-26.20702
2797888906.25,-26.20521
2797889062.5,-26.20512
2797889218.75,-26.19888
2797889375.0,-26.20345
2797889531.25,-26.20134
2797889687.5,-26.20225
2797889843.75,-26.19881
2797890000.0,-26.199
2797890156.25,-26.19897
2797890312.5,-26.19641
2797890468.75,-26.19833
2797890625.0,-26.19516
2797890781.25,-26.19657
2797890937.5,-26.19698
2797891093.75,-26.19824
2797891250.0,-26.19569
2797891406.25,-26.19636
2797891562.5,-26.19003
2797891718.75,-26.19647
2797891875.0,-26.19272
2797892031.25,-26.19158
2797892187.5,-26.19235
2797892343.75,-26.18852
2797892500.0,-26.18883
2797892656.25,-26.18565
2797892812.5,-26.18799
2797892968.75,-26.19018
2797893125.0,-26.18643
2797893281.25,-26.18608
2797893437.5,-26.18387
2797893593.75,-26.18214
2797893750.0,-26.18783
2797893906.25,-26.1813
2797894062.5,-26.18302
2797894218.75,-26.18484
2797894375.0,-26.17779
2797894531.25,-26.17954
2797894687.5,-26.1781
2797894843.75,-26.17765
2797895000.0,-26.17546
2797895156.25,-26.17628
2797895312.5,-26.17521
2797895468.75,-26.17404
2797895625.0,-26.17615
2797895781.25,-26.17435
2797895937.5,-26.17457
2797896093.75,-26.17446
2797896250.0,-26.17114
2797896406.25,-26.17448
2797896562.5,-26.17105
2797896718.75,-26.17119
2797896875.0,-26.16887
2797897031.25,-26.16836
2797897187.5,-26.16857
2797897343.75,-26.16762
2797897500.0,-26.16424
2797897656.25,-26.16802
2797897812.5,-26.166
2797897968.75,-26.16402
2797898125.0,-26.16437
2797898281.25,-26.16158
2797898437.5,-26.1577
2797898593.75,-26.16186
2797898750.0,-26.1603
2797898906.25,-26.16045
2797899062.5,-26.16095
2797899218.75,-26.16019
2797899375.0,-26.15792
2797899531.25,-26.15594
2797899687.5,-26.15761
2797899843.75,-26.15466
2797900000.0,-26.15582
2797900156.25,-26.15552
2797900312.5,-26.15327
2797900468.75,-26.15524
2797900625.0,-26.15491
2797900781.25,-26.14994
2797900937.5,-26.15219
2797901093.75,-26.15186
2797901250.0,-26.14831
2797901406.25,-26.15206
2797901562.5,-26.14888
2797901718.75,-26.14847
2797901875.0,-26.14821
2797902031.25,-26.14421
2797902187.5,-26.14126
2797902343.75,-26.14339
2797902500.0,-26.14449
2797902656.25,-26.13972
2797902812.5,-26.14147
2797902968.75,-26.1431
2797903125.0,-26.14281
2797903281.25,-26.1402
2797903437.5,-26.14064
2797903593.75,-26.13975
2797903750.0,-26.13787
2797903906.25,-26.13547
2797904062.5,-26.13378
2797904218.75,-26.13618
2797904375.0,-26.1345
2797904531.25,-26.1359
2797904687.5,-26.13385
2797904843.75,-26.13335
2797905000.0,-26.1286
2797905156.25,-26.13247
2797905312.5,-26.1298
2797905468.75,-26.1291
2797905625.0,-26.13016
2797905781.25,-26.12772
2797905937.5,-26.12957
2797906093.75,-26.12502
2797906250.0,-26.12408
2797906406.25,-26.12546
2797906562.5,-26.124
2797906718.75,-26.1249
2797906875.0,-26.1239
2797907031.25,-26.12752
2797907187.5,-26.12386
2797907343.75,-26.12161
2797907500.0,-26.12221
2797907656.25,-26.11836
2797907812.5,-26.12294
2797907968.75,-26.11596
2797908125.0,-26.11704
2797908281.25,-26.11405
2797908437.5,-26.11405
2797908593.75,-26.11802
2797908750.0,-26.11503
2797908906.25,-26.11412
2797909062.5,-26.11444
2797909218.75,-26.11232
2797909375.0,-26.11143
2797909531.25,-26.11406
2797909687.5,-26.11436
2797909843.75,-26.10984
2797910000.0,-26.11042
2797910156.25,-26.10941
2797910312.5,-26.10808
2797910468.75,-26.1052
2797910625.0,-26.10404
2797910781.25,-26.10556
2797910937.5,-26.10262
2797911093.75,-26.10446
2797911250.0,-26.1023
2797911406.25,-26.10316
2797911562.5,-26.10385
2797911718.75,-26.10307
2797911875.0,-26.09856
2797912031.25,-26.1018
2797912187.5,-26.09604
2797912343.75,-26.09677
2797912500.0,-26.09882
2797912656.25,-26.09721
2797912812.5,-26.09694
2797912968.75,-26.09543
2797913125.0,-26.09485
2797913281.25,-26.09568
2797913437.5,-26.09312
2797913593.75,-26.08817
2797913750.0,-26.09093
2797913906.25,-26.09035
2797914062.5,-26.08912
2797914218.75,-26.08847
2797914375.0,-26.08853
2797914531.25,-26.08799
2797914687.5,-26.08349
2797914843.75,-26.08718
2797915000.0,-26.08621
2797915156.25,-26.0849
2797915312.5,-26.0827
2797915468.75,-26.08009
2797915625.0,-26.08229
2797915781.25,-26.08224
2797915937.5,-26.08095
2797916093.75,-26.08004
2797916250.0,-26.08
2797916406.25,-26.07751
2797916562.5,-26.07753
2797916718.75,-26.07623
2797916875.0,-26.07807
2797917031.25,-26.07311
2797917187.5,-26.07367
2797917343.75,-26.07325
2797917500.0,-26.07205
2797917656.25,-26.07455
2797917812.5,-26.07509
2797917968.75,-26.06934
2797918125.0,-26.0696
2797918281.25,-26.06751
2797918437.5,-26.07269
2797918593.75,-26.07214
2797918750.0,-26.06828
2797918906.25,-26.06503
2797919062.5,-26.06636
2797919218.75,-26.06669
2797919375.0,-26.0629
2797919531.25,-26.06586
2797919687.5,-26.06022
2797919843.75,-26.0603
2797920000.0,-26.06565
2797920156.25,-26.06391
2797920312.5,-26.06182
2797920468.75,-26.0607
2797920625.0,-26.05767
2797920781.25,-26.05603
2797920937.5,-26.05813
2797921093.75,-26.06054
2797921250.0,-26.05869
2797921406.25,-26.05284
2797921562.5,-26.05421
2797921718.75,-26.05482
2797921875.0,-26.05333
2797922031.25,-26.05211
2797922187.5,-26.05172
2797922343.75,-26.05305
2797922500.0,-26.052
2797922656.25,-26.04611
2797922812.5,-26.04729
2797922968.75,-26.0488
2797923125.0,-26.04802
2797923281.25,-26.04776
2797923437.5,-26.04544
2797923593.75,-26.04692
2797923750.0,-26.04516
2797923906.25,-26.04256
2797924062.5,-26.04352
2797924218.75,-26.04237
2797924375.0,-26.03976
2797924531.25,-26.04116
2797924687.5,-26.04102
2797924843.75,-26.03976
2797925000.0,-26.03678
2797925156.25,-26.03938
2797925312.5,-26.03733
2797925468.75,-26.03579
2797925625.0,-26.03825
2797925781.25,-26.03685
2797925937.5,-26.03233
2797926093.75,-26.03511
2797926250.0,-26.03378
2797926406.25,-26.03602
2797926562.5,-26.03255
2797926718.75,-26.02872
2797926875.0,-26.02979
2797927031.25,-26.02891
2797927187.5,-26.02672
2797927343.75,-26.0248
2797927500.0,-26.0269
2797927656.25,-26.02574
2797927812.5,-26.02429
2797927968.75,-26.02402
2797928125.0,-26.0249
2797928281.25,-26.02384
2797928437.5,-26.02971
2797928593.75,-26.02493
2797928750.0,-26.02095
2797928906.25,-26.02224
2797929062.5,-26.02135
2797929218.75,-26.01958
2797929375.0,-26.01386
2797929531.25,-26.01809
2797929687.5,-26.02031
2797929843.75,-26.01782
2797930000.0,-26.01446
2797930156.25,-26.01612
2797930312.5,-26.01206
2797930468.75,-26.0156
2797930625.0,-26.01161
2797930781.25,-26.01067
2797930937.5,-26.01285
2797931093.75,-26.0132
2797931250.0,-26.0109
2797931406.25,-26.01222
2797931562.5,-26.0087
2797931718.75,-26.0082
2797931875.0,-26.00323
2797932031.25,-26.00889
2797932187.5,-26.00746
2797932343.75,-26.00475
2797932500.0,-26.00387
2797932656.25,-26.00243
2797932812.5,-26.00433
2797932968.75,-26.00373
2797933125.0,-26.00454
2797933281.25,-25.99673
2797933437.5,-25.99769
2797933593.75,-25.99822
2797933750.0,-25.99479
2797933906.25,-25.99633
2797934062.5,-25.99725
2797934218.75,-25.99868
2797934375.0,-25.99351
2797934531.25,-25.99832
2797934687.5,-25.99544
2797934843.75,-25.99421
2797935000.0,-25.9908
2797935156.25,-25.9894
2797935312.5,-25.99129
2797935468.75,-25.99034
2797935625.0,-25.99002
2797935781.25,-25.99015
2797935937.5,-25.98856
2797936093.75,-25.98828
2797936250.0,-25.98393
2797936406.25,-25.98357
2797936562.5,-25.98816
2797936718.75,-25.98689
2797936875.0,-25.98464
2797937031.25,-25.98094
2797937187.5,-25.98229
2797937343.75,-25.98152
2797937500.0,-25.98175
2797937656.25,-25.98025
2797937812.5,-25.98016
2797937968.75,-25.98093
2797938125.0,-25.97731
2797938281.25,-25.97711
2797938437.5,-25.97561
2797938593.75,-25.9753
2797938750.0,-25.97469
2797938906.25,-25.97233
2797939062.5,-25.9718
2797939218.75,-25.97077
2797939375.0,-25.97066
2797939531.25,-25.97038
2797939687.5,-25.97107
2797939843.75,-25.96926
2797940000.0,-25.96963
2797940156.25,-25.96629
2797940312.5,-25.96376
2797940468.75,-25.96268
2797940625.0,-25.96431
2797940781.25,-25.9675
2797940937.5,-25.96384
2797941093.75,-25.96221
2797941250.0,-25.9614
2797941406.25,-25.96247
2797941562.5,-25.96196
2797941718.75,-25.95871
2797941875.0,-25.95901
2797942031.25,-25.95768
2797942187.5,-25.95754
2797942343.75,-25.95624
2797942500.0,-25.95665
2797942656.25,-25.95646
2797942812.5,-25.95378
2797942968.75,-25.95537
2797943125.0,-25.95546
2797943281.25,-25.95216
2797943437.5,-25.94978
2797943593.75,-25.95353
2797943750.0,-25.95381
2797943906.25,-25.95147
2797944062.5,-25.94975
2797944218.75,-25.95031
2797944375.0,-25.94788
2797944531.25,-25.95112
2797944687.5,-25.94411
2797944843.75,-25.94527
2797945000.0,-25.9459
2797945156.25,-25.94553
2797945312.5,-25.9471
2797945468.75,-25.94494
2797945625.0,-25.9394
2797945781.25,-25.94086
2797945937.5,-25.94265
2797946093.75,-25.94248
2797946250.0,-25.93875
2797946406.25,-25.94197
2797946562.5,-25.93812
2797946718.75,-25.93897
2797946875.0,-25.93773
2797947031.25,-25.93481
2797947187.5,-25.93401
2797947343.75,-25.93267
2797947500.0,-25.93489
2797947656.25,-25.92641
2797947812.5,-25.93399
2797947968.75,-25.93269
2797948125.0,-25.92987
2797948281.25,-25.9285
2797948437.5,-25.92719
2797948593.75,-25.9267
2797948750.0,-25.92908
2797948906.25,-25.92597
2797949062.5,-25.92858
2797949218.75,-25.92617
2797949375.0,-25.92273
2797949531.25,-25.92207
2797949687.5,-25.92721
2797949843.75,-25.91849
2797950000.0,-25.92049
2797950156.25,-25.92128
2797950312.5,-25.91878
2797950468.75,-25.92092
2797950625.0,-25.9183
2797950781.25,-25.91851
2797950937.5,-25.91855
2797951093.75,-25.91528
2797951250.0,-25.91531
2797951406.25,-25.91334
2797951562.5,-25.9128
2797951718.75,-25.91156
2797951875.0,-25.912
2797952031.25,-25.91335
2797952187.5,-25.91361
2797952343.75,-25.90664
2797952500.0,-25.91071
2797952656.25,-25.91002
2797952812.5,-25.90796
2797952968.75,-25.90323
2797953125.0,-25.91034
2797953281.25,-25.90366
2797953437.5,-25.90548
2797953593.75,-25.90765
2797953750.0,-25.90182
2797953906.25,-25.90672
2797954062.5,-25.90093
2797954218.75,-25.90367
2797954375.0,-25.90165
2797954531.25,-25.8974
2797954687.5,-25.89839
2797954843.75,-25.89823
2797955000.0,-25.89786
2797955156.25,-25.8986
2797955312.5,-25.89473
2797955468.75,-25.89809
2797955625.0,-25.89453
2797955781.25,-25.8923
2797955937.5,-25.89301
2797956093.75,-25.89242
2797956250.0,-25.89183
2797956406.25,-25.88731
2797956562.5,-25.89421
2797956718.75,-25.89088
2797956875.0,-25.88676
2797957031.25,-25.89034
2797957187.5,-25.88516
2797957343.75,-25.88844
2797957500.0,-25.88702
2797957656.25,-25.88712
2797957812.5,-25.88568
2797957968.75,-25.8817
2797958125.0,-25.8849
2797958281.25,-25.88227
2797958437.5,-25.88134
2797958593.75,-25.88257
2797958750.0,-25.87998
2797958906.25,-25.8807
2797959062.5,-25.87742
2797959218.75,-25.87934
2797959375.0,-25.87564
2797959531.25,-25.87339
2797959687.5,-25.87753
2797959843.75,-25.87507
2797960000.0,-25.87166
2797960156.25,-25.87155
2797960312.5,-25.87267
2797960468.75,-25.87155
2797960625.0,-25.87134
2797960781.25,-25.87358
2797960937.5,-25.87244
2797961093.75,-25.8707
2797961250.0,-25.86796
2797961406.25,-25.86827
2797961562.5,-25.8673
2797961718.75,-25.86418
2797961875.0,-25.86714
2797962031.25,-25.8639
2797962187.5,-25.86514
2797962343.75,-25.86147
2797962500.0,-25.86162
2797962656.25,-25.86059
2797962812.5,-25.85917
2797962968.75,-25.85863
2797963125.0,-25.85682
2797963281.25,-25.85728
2797963437.5,-25.85687
2797963593.75,-25.85652
2797963750.0,-25.85653
2797963906.25,-25.85661
2797964062.5,-25.854
2797964218.75,-25.85519
2797964375.0,-25.85507
2797964531.25,-25.85271
2797964687.5,-25.85189
2797964843.75,-25.84867
2797965000.0,-25.84904
2797965156.25,-25.8518
2797965312.5,-25.85036
2797965468.75,-25.84917
2797965625.0,-25.8457
2797965781.25,-25.84573
2797965937.5,-25.84918
2797966093.75,-25.83931
2797966250.0,-25.84201
2797966406.25,-25.84297
2797966562.5,-25.83944
2797966718.75,-25.84525
2797966875.0,-25.84186
2797967031.25,-25.83977
2797967187.5,-25.84025
2797967343.75,-25.83587
2797967500.0,-25.83872
2797967656.25,-25.83713
2797967812.5,-25.83991
2797967968.75,-25.83502
2797968125.0,-25.83702
2797968281.25,-25.83785
2797968437.5,-25.83354
2797968593.75,-25.83127
2797968750.0,-25.83573
2797968906.25,-25.832
2797969062.5,-25.83367
2797969218.75,-25.83288
2797969375.0,-25.83045
2797969531.25,-25.82959
2797969687.5,-25.82924
2797969843.75,-25.82738
2797970000.0,-25.82574
2797970156.25,-25.82401
2797970312.5,-25.825
2797970468.75,-25.82635
2797970625.0,-25.82356
2797970781.25,-25.82531
2797970937.5,-25.82064
2797971093.75,-25.81856
2797971250.0,-25.81925
2797971406.25,-25.81853
2797971562.5,-25.81889
2797971718.75,-25.81594
2797971875.0,-25.82026
2797972031.25,-25.81619
2797972187.5,-25.81505
2797972343.75,-25.81488
2797972500.0,-25.8139
2797972656.25,-25.81249
2797972812.5,-25.81259
2797972968.75,-25.81208
2797973125.0,-25.80891
2797973281.25,-25.80801
2797973437.5,-25.80904
2797973593.75,-25.80835
2797973750.0,-25.80684
2797973906.25,-25.80532
2797974062.5,-25.80746
2797974218.75,-25.80527
2797974375.0,-25.80549
2797974531.25,-25.80231
2797974687.5,-25.80434
2797974843.75,-25.80467
2797975000.0,-25.80224
2797975156.25,-25.80151
2797975312.5,-25.80534
2797975468.75,-25.80082
2797975625.0,-25.80166
2797975781.25,-25.79902
2797975937.5,-25.80002
2797976093.75,-25.79905
2797976250.0,-25.79642
2797976406.25,-25.79476
2797976562.5,-25.79577
2797976718.75,-25.79544
2797976875.0,-25.79267
2797977031.25,-25.79457
2797977187.5,-25.79279
2797977343.75,-25.78852
2797977500.0,-25.79125
2797977656.25,-25.78689
2797977812.5,-25.78796
2797977968.75,-25.79176
2797978125.0,-25.78767
2797978281.25,-25.78665
2797978437.5,-25.78512
2797978593.75,-25.78493
2797978750.0,-25.78447
2797978906.25,-25.78358
2797979062.5,-25.7838
2797979218.75,-25.784
2797979375.0,-25.7844
2797979531.25,-25.77827
2797979687.5,-25.77697
2797979843.75,-25.77713
2797980000.0,-25.77962
2797980156.25,-25.77755
2797980312.5,-25.77871
2797980468.75,-25.77538
2797980625.0,-25.77496
2797980781.25,-25.77706
2797980937.5,-25.77451
2797981093.75,-25.77262
2797981250.0,-25.77245
2797981406.25,-25.77349
2797981562.5,-25.77197
2797981718.75,-25.77028
2797981875.0,-25.76947
2797982031.25,-25.76934
2797982187.5,-25.76618
2797982343.75,-25.76865
2797982500.0,-25.76341
2797982656.25,-25.7626
2797982812.5,-25.76454
2797982968.75,-25.76143
2797983125.0,-25.76394
2797983281.25,-25.76238
2797983437.5,-25.76686
2797983593.75,-25.76401
2797983750.0,-25.75853
2797983906.25,-25.75969
2797984062.5,-25.75841
2797984218.75,-25.75795
2797984375.0,-25.75891
2797984531.25,-25.75606
2797984687.5,-25.75355
2797984843.75,-25.7543
2797985000.0,-25.75406
2797985156.25,-25.75467
2797985312.5,-25.75566
2797985468.75,-25.75011
2797985625.0,-25.75277
2797985781.25,-25.75032
2797985937.5,-25.74572
2797986093.75,-25.74965
2797986250.0,-25.75178
2797986406.25,-25.74943
2797986562.5,-25.74826
2797986718.75,-25.74846
2797986875.0,-25.7478
2797987031.25,-25.74663
2797987187.5,-25.74734
2797987343.75,-25.74449
2797987500.0,-25.73947
2797987656.25,-25.73919
2797987812.5,-25.74399
2797987968.75,-25.74045
2797988125.0,-25.74067
2797988281.25,-25.74051
2797988437.5,-25.73693
2797988593.75,-25.73594
2797988750.0,-25.73554
2797988906.25,-25.73701
2797989062.5,-25.7331
2797989218.75,-25.73343
2797989375.0,-25.73302
2797989531.25,-25.73316
2797989687.5,-25.73318
2797989843.75,-25.7334
2797990000.0,-25.72959
2797990156.25,-25.7315
2797990312.5,-25.73195
2797990468.75,-25.73314
2797990625.0,-25.72366
2797990781.25,-25.72883
2797990937.5,-25.72445
2797991093.75,-25.72696
2797991250.0,-25.72647
2797991406.25,-25.7248
2797991562.5,-25.72409
2797991718.75,-25.72437
2797991875.0,-25.71995
2797992031.25,-25.71889
2797992187.5,-25.721
2797992343.75,-25.72305
2797992500.0,-25.72248
2797992656.25,-25.71912
2797992812.5,-25.7194
2797992968.75,-25.71708
2797993125.0,-25.71655
2797993281.25,-25.7173
2797993437.5,-25.71416
2797993593.75,-25.71307
2797993750.0,-25.71142
2797993906.25,-25.71236
2797994062.5,-25.70953
2797994218.75,-25.71091
2797994375.0,-25.71122
2797994531.25,-25.70753
2797994687.5,-25.70555
2797994843.75,-25.70751
2797995000.0,-25.70909
2797995156.25,-25.707
2797995312.5,-25.70682
2797995468.75,-25.70524
2797995625.0,-25.70661
2797995781.25,-25.6997
2797995937.5,-25.70557
2797996093.75,-25.70305
2797996250.0,-25.69902
2797996406.25,-25.69683
2797996562.5,-25.70083
2797996718.75,-25.69803
2797996875.0,-25.69573
2797997031.25,-25.69786
2797997187.5,-25.69769
2797997343.75,-25.69378
2797997500.0,-25.69343
2797997656.25,-25.6944
2797997812.5,-25.69481
2797997968.75,-25.69199
2797998125.0,-25.6944
2797998281.25,-25.68712
2797998437.5,-25.68694
2797998593.75,-25.69092
2797998750.0,-25.68537
2797998906.25,-25.6882
2797999062.5,-25.68408
2797999218.75,-25.68977
2797999375.0,-25.68288
2797999531.25,-25.68458
2797999687.5,-25.6818
2797999843.75,-25.68209
2798000000.0,-25.68306
2798000156.25,-25.68296
2798000312.5,-25.67767
2798000468.75,-25.68189
2798000625.0,-25.6813
2798000781.25,-25.67922
2798000937.5,-25.67831
2798001093.75,-25.67595
2798001250.0,-25.67422
2798001406.25,-25.67861
2798001562.5,-25.6758
2798001718.75,-25.67445
2798001875.0,-25.67283
2798002031.25,-25.67366
2798002187.5,-25.6746
2798002343.75,-25.67402
2798002500.0,-25.67462
2798002656.25,-25.67209
2798002812.5,-25.66871
2798002968.75,-25.67212
2798003125.0,-25.66721
2798003281.25,-25.66804
2798003437.5,-25.66378
2798003593.75,-25.66742
2798003750.0,-25.66738
2798003906.25,-25.66189
2798004062.5,-25.66397
2798004218.75,-25.663
2798004375.0,-25.65944
2798004531.25,-25.66017
2798004687.5,-25.66042
2798004843.75,-25.65753
2798005000.0,-25.65753
2798005156.25,-25.65786
2798005312.5,-25.65881
2798005468.75,-25.65592
2798005625.0,-25.65586
2798005781.25,-25.65552
2798005937.5,-25.65255
2798006093.75,-25.65017
2798006250.0,-25.65157
2798006406.25,-25.65122
2798006562.5,-25.64762
2798006718.75,-25.65137
2798006875.0,-25.64909
2798007031.25,-25.64777
2798007187.5,-25.64662
2798007343.75,-25.64784
2798007500.0,-25.64343
2798007656.25,-25.64564
2798007812.5,-25.64578
2798007968.75,-25.6442
2798008125.0,-25.64149
2798008281.25,-25.64257
2798008437.5,-25.64064
2798008593.75,-25.64015
2798008750.0,-25.64114
2798008906.25,-25.64117
2798009062.5,-25.64033
2798009218.75,-25.63776
2798009375.0,-25.6367
2798009531.25,-25.63681
2798009687.5,-25.6327
2798009843.75,-25.63611
2798010000.0,-25.63218
2798010156.25,-25.63274
2798010312.5,-25.63336
2798010468.75,-25.63416
2798010625.0,-25.63017
2798010781.25,-25.63029
2798010937.5,-25.62938
2798011093.75,-25.62703
2798011250.0,-25.62964
2798011406.25,-25.62491
2798011562.5,-25.62703
2798011718.75,-25.62284
2798011875.0,-25.62724
2798012031.25,-25.62332
2798012187.5,-25.62256
2798012343.75,-25.62155
2798012500.0,-25.62171
2798012656.25,-25.62243
2798012812.5,-25.62181
2798012968.75,-25.61753
2798013125.0,-25.61785
2798013281.25,-25.62271
2798013437.5,-25.61596
2798013593.75,-25.61573
2798013750.0,-25.61901
2798013906.25,-25.61372
2798014062.5,-25.61631
2798014218.75,-25.61264
2798014375.0,-25.61258
2798014531.25,-25.6081
2798014687.5,-25.60898
2798014843.75,-25.60874
2798015000.0,-25.6063
2798015156.25,-25.60566
2798015312.5,-25.60566
2798015468.75,-25.60609
2798015625.0,-25.60682
2798015781.25,-25.6088
2798015937.5,-25.60275
2798016093.75,-25.60381
2798016250.0,-25.60739
2798016406.25,-25.6015
2798016562.5,-25.60057
2798016718.75,-25.60332
2798016875.0,-25.60123
2798017031.25,-25.59848
2798017187.5,-25.60103
2798017343.75,-25.59802
2798017500.0,-25.59679
2798017656.25,-25.59726
2798017812.5,-25.59771
2798017968.75,-25.59513
2798018125.0,-25.59219
2798018281.25,-25.5966
2798018437.5,-25.59374
2798018593.75,-25.59318
2798018750.0,-25.59104
2798018906.25,-25.58796
2798019062.5,-25.5869
2798019218.75,-25.58632
2798019375.0,-25.5908
2798019531.25,-25.5904
2798019687.5,-25.58555
2798019843.75,-25.58794
2798020000.0,-25.58431
2798020156.25,-25.5857
2798020312.5,-25.58483
2798020468.75,-25.58333
2798020625.0,-25.58431
2798020781.25,-25.58218
2798020937.5,-25.58138
2798021093.75,-25.578
2798021250.0,-25.58104
2798021406.25,-25.57634
2798021562.5,-25.57446
2798021718.75,-25.57542
2798021875.0,-25.57617
2798022031.25,-25.57433
2798022187.5,-25.57252
2798022343.75,-25.57171
2798022500.0,-25.56929
2798022656.25,-25.56911
2798022812.5,-25.5697
2798022968.75,-25.57363
2798023125.0,-25.57141
2798023281.25,-25.57314
2798023437.5,-25.56639
2798023593.75,-25.56821
2798023750.0,-25.56817
2798023906.25,-25.56271
2798024062.5,-25.56331
2798024218.75,-25.56341
2798024375.0,-25.56393
2798024531.25,-25.56059
2798024687.5,-25.56146
2798024843.75,-25.56015
2798025000.0,-25.56401
2798025156.25,-25.55821
2798025312.5,-25.55856
2798025468.75,-25.55879
2798025625.0,-25.55621
2798025781.25,-25.55372
2798025937.5,-25.55496
2798026093.75,-25.55365
2798026250.0,-25.55759
2798026406.25,-25.55449
2798026562.5,-25.55278
2798026718.75,-25.55293
2798026875.0,-25.54906
2798027031.25,-25.55147
2798027187.5,-25.5499
2798027343.75,-25.54571
2798027500.0,-25.5492
2798027656.25,-25.54939
2798027812.5,-25.54859
2798027968.75,-25.54359
2798028125.0,-25.5424
2798028281.25,-25.54605
2798028437.5,-25.54437
2798028593.75,-25.5435
2798028750.0,-25.54296
2798028906.25,-25.54025
2798029062.5,-25.53963
2798029218.75,-25.5386
2798029375.0,-25.5405
2798029531.25,-25.53768
2798029687.5,-25.53706
2798029843.75,-25.53716
2798030000.0,-25.53625
2798030156.25,-25.53441
2798030312.5,-25.53466
2798030468.75,-25.52934
2798030625.0,-25.53351
2798030781.25,-25.53288
2798030937.5,-25.53246
2798031093.75,-25.52964
2798031250.0,-25.52876
2798031406.25,-25.5252
2798031562.5,-25.5282
2798031718.75,-25.52589
2798031875.0,-25.52301
2798032031.25,-25.52841
2798032187.5,-25.52217
2798032343.75,-25.52071
2798032500.0,-25.5231
2798032656.25,-25.52304
2798032812.5,-25.5248
2798032968.75,-25.52022
2798033125.0,-25.51995
2798033281.25,-25.52173
2798033437.5,-25.51868
2798033593.75,-25.51607
2798033750.0,-25.51652
2798033906.25,-25.51693
2798034062.5,-25.51425
2798034218.75,-25.51239
2798034375.0,-25.51445
2798034531.25,-25.51291
2798034687.5,-25.5098
2798034843.75,-25.51239
2798035000.0,-25.51025
2798035156.25,-25.51171
2798035312.5,-25.50945
2798035468.75,-25.5088
2798035625.0,-25.51028
2798035781.25,-25.50678
2798035937.5,-25.50778
2798036093.75,-25.51123
2798036250.0,-25.50285
2798036406.25,-25.50276
2798036562.5,-25.50328
2798036718.75,-25.4996
2798036875.0,-25.50298
2798037031.25,-25.49955
2798037187.5,-25.49864
2798037343.75,-25.49735
2798037500.0,-25.49685
2798037656.25,-25.49524
2798037812.5,-25.49695
2798037968.75,-25.49396
2798038125.0,-25.49919
2798038281.25,-25.49352
2798038437.5,-25.49363
2798038593.75,-25.49473
2798038750.0,-25.49279
2798038906.25,-25.48888
2798039062.5,-25.49222
2798039218.75,-25.48834
2798039375.0,-25.49004
2798039531.25,-25.48859
2798039687.5,-25.48539
2798039843.75,-25.48785
2798040000.0,-25.48919
2798040156.25,-25.48241
2798040312.5,-25.48332
2798040468.75,-25.48482
2798040625.0,-25.47835
2798040781.25,-25.48287
2798040937.5,-25.4838
2798041093.75,-25.48155
2798041250.0,-25.47893
2798041406.25,-25.47918
2798041562.5,-25.47764
2798041718.75,-25.47713
2798041875.0,-25.47885
2798042031.25,-25.47396
2798042187.5,-25.47514
2798042343.75,-25.47406
2798042500.0,-25.47345
2798042656.25,-25.47349
2798042812.5,-25.47271
2798042968.75,-25.47068
2798043125.0,-25.47105
2798043281.25,-25.47005
2798043437.5,-25.46927
2798043593.75,-25.46564
2798043750.0,-25.46718
2798043906.25,-25.47062
2798044062.5,-25.46519
2798044218.75,-25.46378
2798044375.0,-25.46828
2798044531.25,-25.46471
2798044687.5,-25.46367
2798044843.75,-25.46292
2798045000.0,-25.46097
2798045156.25,-25.45877
2798045312.5,-25.46114
2798045468.75,-25.4563
2798045625.0,-25.4594
2798045781.25,-25.45486
2798045937.5,-25.45811
2798046093.75,-25.45633
2798046250.0,-25.45368
2798046406.25,-25.45536
2798046562.5,-25.45391
2798046718.75,-25.44788
2798046875.0,-25.45398
2798047031.25,-25.45032
2798047187.5,-25.45061
2798047343.75,-25.45041
2798047500.0,-25.45047
2798047656.25,-25.44613
2798047812.5,-25.44582
2798047968.75,-25.44296
2798048125.0,-25.44899
2798048281.25,-25.44519
2798048437.5,-25.44343
2798048593.75,-25.44205
2798048750.0,-25.44583
2798048906.25,-25.44361
2798049062.5,-25.44345
2798049218.75,-25.44086
2798049375.0,-25.44124
2798049531.25,-25.43605
2798049687.5,-25.43761
2798049843.75,-25.43747
2798050000.0,-25.43509
2798050156.25,-25.43565
2798050312.5,-25.43246
2798050468.75,-25.43405
2798050625.0,-25.43227
2798050781.25,-25.43301
2798050937.5,-25.43436
2798051093.75,-25.43122
2798051250.0,-25.43365
2798051406.25,-25.42959
2798051562.5,-25.42871
2798051718.75,-25.42694
2798051875.0,-25.42527
2798052031.25,-25.42518
2798052187.5,-25.42504
2798052343.75,-25.42258
2798052500.0,-25.42482
2798052656.25,-25.42558
2798052812.5,-25.42077
2798052968.75,-25.42338
2798053125.0,-25.42602
2798053281.25,-25.42247
2798053437.5,-25.42112
2798053593.75,-25.41712
2798053750.0,-25.41773
2798053906.25,-25.41795
2798054062.5,-25.41789
2798054218.75,-25.41658
2798054375.0,-25.4138
2798054531.25,-25.41393
2798054687.5,-25.41416
2798054843.75,-25.40993
2798055000.0,-25.40793
2798055156.25,-25.41004
2798055312.5,-25.40862
2798055468.75,-25.40751
2798055625.0,-25.40672
2798055781.25,-25.40495
2798055937.5,-25.40508
2798056093.75,-25.40532
2798056250.0,-25.40444
2798056406.25,-25.40481
2798056562.5,-25.40474
2798056718.75,-25.40097
2798056875.0,-25.40216
2798057031.25,-25.40285
2798057187.5,-25.4016
2798057343.75,-25.40258
2798057500.0,-25.39618
2798057656.25,-25.39754
2798057812.5,-25.39704
2798057968.75,-25.39519
2798058125.0,-25.39092
2798058281.25,-25.39236
2798058437.5,-25.39557
2798058593.75,-25.39232
2798058750.0,-25.39102
2798058906.25,-25.39302
2798059062.5,-25.39007
2798059218.75,-25.3879
2798059375.0,-25.38968
2798059531.25,-25.38838
2798059687.5,-25.38697
2798059843.75,-25.39073
2798060000.0,-25.3873
2798060156.25,-25.38498
2798060312.5,-25.38404
2798060468.75,-25.38428
2798060625.0,-25.38279
2798060781.25,-25.38045
2798060937.5,-25.38451
2798061093.75,-25.37837
2798061250.0,-25.38321
2798061406.25,-25.37741
2798061562.5,-25.38006
2798061718.75,-25.3803
2798061875.0,-25.37353
2798062031.25,-25.37534
2798062187.5,-25.37126
2798062343.75,-25.37426
2798062500.0,-25.37418
2798062656.25,-25.37363
2798062812.5,-25.37204
2798062968.75,-25.3723
2798063125.0,-25.36871
2798063281.25,-25.37368
2798063437.5,-25.36927
2798063593.75,-25.37045
2798063750.0,-25.37082
2798063906.25,-25.36666
2798064062.5,-25.36508
2798064218.75,-25.36331
2798064375.0,-25.36569
2798064531.25,-25.36434
2798064687.5,-25.36325
2798064843.75,-25.36036
2798065000.0,-25.36118
2798065156.25,-25.36351
2798065312.5,-25.36082
2798065468.75,-25.35899
2798065625.0,-25.35615
2798065781.25,-25.35639
2798065937.5,-25.35522
2798066093.75,-25.35009
2798066250.0,-25.35636
2798066406.25,-25.35289
2798066562.5,-25.35521
2798066718.75,-25.351
2798066875.0,-25.35146
2798067031.25,-25.34998
2798067187.5,-25.34958
2798067343.75,-25.35042
2798067500.0,-25.34666
2798067656.25,-25.34661
2798067812.5,-25.34893
2798067968.75,-25.34632
2798068125.0,-25.34501
2798068281.25,-25.34521
2798068437.5,-25.34371
2798068593.75,-25.34351
2798068750.0,-25.34376
2798068906.25,-25.34
2798069062.5,-25.34056
2798069218.75,-25.33574
2798069375.0,-25.33864
2798069531.25,-25.33672
2798069687.5,-25.33825
2798069843.75,-25.33639
2798070000.0,-25.33447
2798070156.25,-25.33439
2798070312.5,-25.334
2798070468.75,-25.33491
2798070625.0,-25.33447
2798070781.25,-25.32966
2798070937.5,-25.33173
2798071093.75,-25.3313
2798071250.0,-25.33089
2798071406.25,-25.33063
2798071562.5,-25.32806
2798071718.75,-25.32686
2798071875.0,-25.32785
2798072031.25,-25.32305
2798072187.5,-25.32547
2798072343.75,-25.32248
2798072500.0,-25.32581
2798072656.25,-25.32259
2798072812.5,-25.32207
2798072968.75,-25.31928
2798073125.0,-25.32073
2798073281.25,-25.31728
2798073437.5,-25.32088
2798073593.75,-25.31532
2798073750.0,-25.31652
2798073906.25,-25.31583
2798074062.5,-25.316
2798074218.75,-25.31713
2798074375.0,-25.31584
2798074531.25,-25.31318
2798074687.5,-25.31242
2798074843.75,-25.30985
2798075000.0,-25.31196
2798075156.25,-25.30731
2798075312.5,-25.31076
2798075468.75,-25.31207
2798075625.0,-25.30988
2798075781.25,-25.30686
2798075937.5,-25.30376
2798076093.75,-25.30633
2798076250.0,-25.30439
2798076406.25,-25.30191
2798076562.5,-25.30405
2798076718.75,-25.30033
2798076875.0,-25.29891
2798077031.25,-25.30056
2798077187.5,-25.29985
2798077343.75,-25.30158
2798077500.0,-25.29751
2798077656.25,-25.29703
2798077812.5,-25.2962
2798077968.75,-25.29187
2798078125.0,-25.29527
2798078281.25,-25.29518
2798078437.5,-25.29289
2798078593.75,-25.29173
2798078750.0,-25.29555
2798078906.25,-25.29076
2798079062.5,-25.28848
2798079218.75,-25.28926
2798079375.0,-25.28994
2798079531.25,-25.2862
2798079687.5,-25.28654
2798079843.75,-25.2837
2798080000.0,-25.28257
2798080156.25,-25.28515
2798080312.5,-25.28368
2798080468.75,-25.28389
2798080625.0,-25.28132
2798080781.25,-25.28317
2798080937.5,-25.27866
2798081093.75,-25.28227
2798081250.0,-25.27875
2798081406.25,-25.2783
2798081562.5,-25.28145
2798081718.75,-25.27656
2798081875.0,-25.27774
2798082031.25,-25.27556
2798082187.5,-25.27327
2798082343.75,-25.27466
2798082500.0,-25.27284
2798082656.25,-25.27664
2798082812.5,-25.27055
2798082968.75,-25.26999
2798083125.0,-25.27003
2798083281.25,-25.2677
2798083437.5,-25.26724
2798083593.75,-25.26606
2798083750.0,-25.26823
2798083906.25,-25.26383
2798084062.5,-25.2647
2798084218.75,-25.26338
2798084375.0,-25.26054
2798084531.25,-25.26587
2798084687.5,-25.25993
2798084843.75,-25.25873
2798085000.0,-25.2585
2798085156.25,-25.25901
2798085312.5,-25.25847
2798085468.75,-25.25447
2798085625.0,-25.2562
2798085781.25,-25.25856
2798085937.5,-25.25728
2798086093.75,-25.25247
2798086250.0,-25.25747
2798086406.25,-25.25154
2798086562.5,-25.25205
2798086718.75,-25.2495
2798086875.0,-25.24802
2798087031.25,-25.25038
2798087187.5,-25.24626
2798087343.75,-25.25021
2798087500.0,-25.2472
2798087656.25,-25.2471
2798087812.5,-25.24195
2798087968.75,-25.24374
2798088125.0,-25.24286
2798088281.25,-25.2442
2798088437.5,-25.24081
2798088593.75,-25.24202
2798088750.0,-25.24208
2798088906.25,-25.24258
2798089062.5,-25.23707
2798089218.75,-25.23954
2798089375.0,-25.23706
2798089531.25,-25.23784
2798089687.5,-25.23407
2798089843.75,-25.23487
2798090000.0,-25.2359
2798090156.25,-25.23243
2798090312.5,-25.23212
2798090468.75,-25.23118
2798090625.0,-25.23373
2798090781.25,-25.22412
2798090937.5,-25.22781
2798091093.75,-25.22977
2798091250.0,-25.22943
2798091406.25,-25.22789
2798091562.5,-25.22744
2798091718.75,-25.22267
2798091875.0,-25.2229
2798092031.25,-25.22541
2798092187.5,-25.22343
2798092343.75,-25.22318
2798092500.0,-25.21975
2798092656.25,-25.21758
2798092812.5,-25.22135
2798092968.75,-25.21961
2798093125.0,-25.21702
2798093281.25,-25.21705
2798093437.5,-25.21596
2798093593.75,-25.21438
2798093750.0,-25.21649
2798093906.25,-25.21309
2798094062.5,-25.21544
2798094218.75,-25.21521
2798094375.0,-25.21187
2798094531.25,-25.20937
2798094687.5,-25.21131
2798094843.75,-25.21302
2798095000.0,-25.20893
2798095156.25,-25.2081
2798095312.5,-25.207
2798095468.75,-25.20606
2798095625.0,-25.20656
2798095781.25,-25.20184
2798095937.5,-25.20302
2798096093.75,-25.20174
2798096250.0,-25.20321
2798096406.25,-25.20441
2798096562.5,-25.19982
2798096718.75,-25.2019
2798096875.0,-25.19778
2798097031.25,-25.19829
2798097187.5,-25.19758
2798097343.75,-25.19941
2798097500.0,-25.19948
2798097656.25,-25.19562
2798097812.5,-25.19505
2798097968.75,-25.19529
2798098125.0,-25.19336
2798098281.25,-25.18954
2798098437.5,-25.19127
2798098593.75,-25.19026
2798098750.0,-25.19086
2798098906.25,-25.18435
2798099062.5,-25.18918
2798099218.75,-25.18798
2798099375.0,-25.18416
2798099531.25,-25.18428
2798099687.5,-25.18508
2798099843.75,-25.18325
2798100000.0,-25.18264
2798100156.25,-25.18285
2798100312.5,-25.17876
2798100468.75,-25.18099
2798100625.0,-25.17963
2798100781.25,-25.17838
2798100937.5,-25.18092
2798101093.75,-25.18054
2798101250.0,-25.17863
2798101406.25,-25.17518
2798101562.5,-25.17575
2798101718.75,-25.1752
2798101875.0,-25.17084
2798102031.25,-25.17498
2798102187.5,-25.17082
2798102343.75,-25.16979
2798102500.0,-25.17119
2798102656.25,-25.16999
2798102812.5,-25.17145
2798102968.75,-25.16658
2798103125.0,-25.16715
2798103281.25,-25.16537
2798103437.5,-25.16511
2798103593.75,-25.16232
2798103750.0,-25.16106
2798103906.25,-25.16388
2798104062.5,-25.16551
2798104218.75,-25.16099
2798104375.0,-25.16131
2798104531.25,-25.15835
2798104687.5,-25.15736
2798104843.75,-25.15811
2798105000.0,-25.15742
2798105156.25,-25.15717
2798105312.5,-25.15537
2798105468.75,-25.15335
2798105625.0,-25.15579
2798105781.25,-25.15646
2798105937.5,-25.15509
2798106093.75,-25.15274
2798106250.0,-25.15094
2798106406.25,-25.15055
2798106562.5,-25.15028
2798106718.75,-25.14996
2798106875.0,-25.15024
2798107031.25,-25.14827
2798107187.5,-25.14727
2798107343.75,-25.14561
2798107500.0,-25.14576
2798107656.25,-25.14405
2798107812.5,-25.14419
2798107968.75,-25.14305
2798108125.0,-25.14253
2798108281.25,-25.14358
2798108437.5,-25.13895
2798108593.75,-25.14097
2798108750.0,-25.1339
2798108906.25,-25.13682
2798109062.5,-25.13734
2798109218.75,-25.13552
2798109375.0,-25.13807
2798109531.25,-25.13749
2798109687.5,-25.13385
2798109843.75,-25.13422
2798110000.0,-25.13072
2798110156.25,-25.1338
2798110312.5,-25.12856
2798110468.75,-25.12645
2798110625.0,-25.13287
2798110781.25,-25.12728
2798110937.5,-25.12873
2798111093.75,-25.12572
2798111250.0,-25.12362
2798111406.25,-25.1289
2798111562.5,-25.12339
2798111718.75,-25.12375
2798111875.0,-25.12601
2798112031.25,-25.1218
2798112187.5,-25.12302
2798112343.75,-25.11964
2798112500.0,-25.11934
2798112656.25,-25.11837
2798112812.5,-25.11815
2798112968.75,-25.11708
2798113125.0,-25.11633
2798113281.25,-25.11335
2798113437.5,-25.11579
2798113593.75,-25.11122
2798113750.0,-25.1141
2798113906.25,-25.11199
2798114062.5,-25.11057
2798114218.75,-25.11204
2798114375.0,-25.10988
2798114531.25,-25.10819
2798114687.5,-25.11178
2798114843.75,-25.10671
2798115000.0,-25.10731
2798115156.25,-25.10515
2798115312.5,-25.10653
2798115468.75,-25.10555
2798115625.0,-25.10144
2798115781.25,-25.1022
2798115937.5,-25.10353
2798116093.75,-25.10299
2798116250.0,-25.09748
2798116406.25,-25.09873
2798116562.5,-25.0982
2798116718.75,-25.0964
2798116875.0,-25.09809
2798117031.25,-25.09646
2798117187.5,-25.09486
2798117343.75,-25.09455
2798117500.0,-25.09018
2798117656.25,-25.0908
2798117812.5,-25.092
2798117968.75,-25.08955
2798118125.0,-25.09028
2798118281.25,-25.08453
2798118437.5,-25.08891
2798118593.75,-25.08895
2798118750.0,-25.08648
2798118906.25,-25.08589
2798119062.5,-25.08488
2798119218.75,-25.08449
2798119375.0,-25.08064
2798119531.25,-25.08059
2798119687.5,-25.07761
2798119843.75,-25.07802
2798120000.0,-25.07775
2798120156.25,-25.07995
2798120312.5,-25.07571
2798120468.75,-25.07947
2798120625.0,-25.07944
2798120781.25,-25.07692
2798120937.5,-25.07726
2798121093.75,-25.07715
2798121250.0,-25.0771
2798121406.25,-25.06977
2798121562.5,-25.0726
2798121718.75,-25.0724
2798121875.0,-25.06835
2798122031.25,-25.07067
2798122187.5,-25.06883
2798122343.75,-25.06589
2798122500.0,-25.07049
2798122656.25,-25.06637
2798122812.5,-25.06589
2798122968.75,-25.06302
2798123125.0,-25.06687
2798123281.25,-25.06424
2798123437.5,-25.06005
2798123593.75,-25.06415
2798123750.0,-25.06047
2798123906.25,-25.06484
2798124062.5,-25.05657
2798124218.75,-25.05772
2798124375.0,-25.06056
2798124531.25,-25.05761
2798124687.5,-25.05627
2798124843.75,-25.05819
2798125000.0,-25.05294
2798125156.25,-25.0555
2798125312.5,-25.05446
2798125468.75,-25.04879
2798125625.0,-25.0527
2798125781.25,-25.05264
2798125937.5,-25.0466
2798126093.75,-25.04884
2798126250.0,-25.04688
2798126406.25,-25.04648
2798126562.5,-25.04704
2798126718.75,-25.04442
2798126875.0,-25.045
2798127031.25,-25.0448
2798127187.5,-25.04391
2798127343.75,-25.04276
2798127500.0,-25.03978
2798127656.25,-25.03947
2798127812.5,-25.04477
2798127968.75,-25.03989
2798128125.0,-25.0389
2798128281.25,-25.03685
2798128437.5,-25.03654
2798128593.75,-25.03304
2798128750.0,-25.03403
2798128906.25,-25.03298
2798129062.5,-25.03388
2798129218.75,-25.03181
2798129375.0,-25.02993
2798129531.25,-25.02929
2798129687.5,-25.02896
2798129843.75,-25.02905
2798130000.0,-25.02794
2798130156.25,-25.02748
2798130312.5,-25.02694
2798130468.75,-25.02901
2798130625.0,-25.02011
2798130781.25,-25.02603
2798130937.5,-25.02264
2798131093.75,-25.02453
2798131250.0,-25.02183
2798131406.25,-25.02211
2798131562.5,-25.01964
2798131718.75,-25.01723
2798131875.0,-25.0173
2798132031.25,-25.01774
2798132187.5,-25.01741
2798132343.75,-25.0169
2798132500.0,-25.01856
2798132656.25,-25.01251
2798132812.5,-25.01312
2798132968.75,-25.01226
2798133125.0,-25.01253
2798133281.25,-25.01183
2798133437.5,-25.01104
2798133593.75,-25.0062
2798133750.0,-25.0056
2798133906.25,-25.00722
2798134062.5,-25.00551
2798134218.75,-25.00796
2798134375.0,-25.00749
2798134531.25,-25.00425
2798134687.5,-25.00399
2798134843.75,-25.00419
2798135000.0,-25.0036
2798135156.25,-25.00027
2798135312.5,-25.00029
2798135468.75,-25.00124
2798135625.0,-24.99909
2798135781.25,-25.00029
2798135937.5,-24.99811
2798136093.75,-24.99681
2798136250.0,-24.99474
2798136406.25,-24.99541
2798136562.5,-24.99588
2798136718.75,-24.99346
2798136875.0,-24.98949
2798137031.25,-24.99227
2798137187.5,-24.99045
2798137343.75,-24.98976
2798137500.0,-24.99009
2798137656.25,-24.99033
2798137812.5,-24.98865
2798137968.75,-24.98774
2798138125.0,-24.98321
2798138281.25,-24.98183
2798138437.5,-24.98454
2798138593.75,-24.98314
2798138750.0,-24.98166
2798138906.25,-24.98067
2798139062.5,-24.97901
2798139218.75,-24.9793
2798139375.0,-24.97687
2798139531.25,-24.97812
2798139687.5,-24.97782
2798139843.75,-24.97714
2798140000.0,-24.97887
2798140156.25,-24.97492
2798140312.5,-24.97516
2798140468.75,-24.97368
2798140625.0,-24.9708
2798140781.25,-24.96977
2798140937.5,-24.97144
2798141093.75,-24.97119
2798141250.0,-24.97135
2798141406.25,-24.96974
2798141562.5,-24.96488
2798141718.75,-24.96789
2798141875.0,-24.96473
2798142031.25,-24.9616
2798142187.5,-24.966
2798142343.75,-24.96415
2798142500.0,-24.96027
2798142656.25,-24.96239
2798142812.5,-24.96131
2798142968.75,-24.96286
2798143125.0,-24.95871
2798143281.25,-24.95826
2798143437.5,-24.95644
2798143593.75,-24.95742
2798143750.0,-24.95646
2798143906.25,-24.95692
2798144062.5,-24.95833
2798144218.75,-24.95327
2798144375.0,-24.95447
2798144531.25,-24.95296
2798144687.5,-24.95191
2798144843.75,-24.95181
2798145000.0,-24.94874
2798145156.25,-24.94644
2798145312.5,-24.94704
2798145468.75,-24.94492
2798145625.0,-24.9465
2798145781.25,-24.94852
2798145937.5,-24.94219
2798146093.75,-24.94341
2798146250.0,-24.93955
2798146406.25,-24.94226
2798146562.5,-24.94141
2798146718.75,-24.93988
2798146875.0,-24.94003
2798147031.25,-24.93907
2798147187.5,-24.93764
2798147343.75,-24.93785
2798147500.0,-24.93639
2798147656.25,-24.93391
2798147812.5,-24.93446
2798147968.75,-24.93429
2798148125.0,-24.93432
2798148281.25,-24.93304
2798148437.5,-24.9299
2798148593.75,-24.93193
2798148750.0,-24.9328
2798148906.25,-24.93151
2798149062.5,-24.92811
2798149218.75,-24.92517
2798149375.0,-24.92485
2798149531.25,-24.92517
2798149687.5,-24.92339
2798149843.75,-24.92693
2798150000.0,-24.92708
2798150156.25,-24.92342
2798150312.5,-24.92311
2798150468.75,-24.92185
2798150625.0,-24.92148
2798150781.25,-24.91674
2798150937.5,-24.91887
2798151093.75,-24.91913
2798151250.0,-24.9179
2798151406.25,-24.91479
2798151562.5,-24.91575
2798151718.75,-24.91219
2798151875.0,-24.91333
2798152031.25,-24.91174
2798152187.5,-24.91396
2798152343.75,-24.91035
2798152500.0,-24.91038
2798152656.25,-24.90947
2798152812.5,-24.90948
2798152968.75,-24.90537
2798153125.0,-24.90872
2798153281.25,-24.90456
2798153437.5,-24.90471
2798153593.75,-24.90176
2798153750.0,-24.90481
2798153906.25,-24.90097
2798154062.5,-24.90342
2798154218.75,-24.90191
2798154375.0,-24.90193
2798154531.25,-24.89868
2798154687.5,-24.89769
2798154843.75,-24.89923
2798155000.0,-24.89547
2798155156.25,-24.89679
2798155312.5,-24.89209
2798155468.75,-24.89673
2798155625.0,-24.89355
2798155781.25,-24.89398
2798155937.5,-24.89172
2798156093.75,-24.89228
2798156250.0,-24.88785
2798156406.25,-24.88748
2798156562.5,-24.88683
2798156718.75,-24.88834
2798156875.0,-24.88902
2798157031.25,-24.88575
2798157187.5,-24.88541
2798157343.75,-24.88494
2798157500.0,-24.88265
2798157656.25,-24.88028
2798157812.5,-24.88305
2798157968.75,-24.88098
2798158125.0,-24.88427
2798158281.25,-24.88057
2798158437.5,-24.87799
2798158593.75,-24.87628
2798158750.0,-24.87637
2798158906.25,-24.87378
2798159062.5,-24.87292
2798159218.75,-24.87395
2798159375.0,-24.87609
2798159531.25,-24.87147
2798159687.5,-24.87436
2798159843.75,-24.87359
2798160000.0,-24.8681
2798160156.25,-24.86755
2798160312.5,-24.86792
2798160468.75,-24.87018
2798160625.0,-24.86427
2798160781.25,-24.86576
2798160937.5,-24.86348
2798161093.75,-24.86498
2798161250.0,-24.86109
2798161406.25,-24.86152
2798161562.5,-24.86183
2798161718.75,-24.86162
2798161875.0,-24.85732
2798162031.25,-24.85842
2798162187.5,-24.85837
2798162343.75,-24.85608
2798162500.0,-24.8572
2798162656.25,-24.85682
2798162812.5,-24.8532
2798162968.75,-24.85375
2798163125.0,-24.85558
2798163281.25,-24.85349
2798163437.5,-24.85119
2798163593.75,-24.85113
2798163750.0,-24.84902
2798163906.25,-24.85045
2798164062.5,-24.84916
2798164218.75,-24.85012
2798164375.0,-24.84637
2798164531.25,-24.84485
2798164687.5,-24.84897
2798164843.75,-24.84228
2798165000.0,-24.84274
2798165156.25,-24.84323
2798165312.5,-24.84065
2798165468.75,-24.83926
2798165625.0,-24.84127
2798165781.25,-24.84048
2798165937.5,-24.83621
2798166093.75,-24.83866
2798166250.0,-24.83561
2798166406.25,-24.83408
2798166562.5,-24.83308
2798166718.75,-24.83521
2798166875.0,-24.83309
2798167031.25,-24.83105
2798167187.5,-24.82884
2798167343.75,-24.83107
2798167500.0,-24.8296
2798167656.25,-24.82815
2798167812.5,-24.82599
2798167968.75,-24.82528
2798168125.0,-24.82575
2798168281.25,-24.8282
2798168437.5,-24.82483
2798168593.75,-24.82512
2798168750.0,-24.82412
2798168906.25,-24.82366
2798169062.5,-24.81892
2798169218.75,-24.82319
2798169375.0,-24.81952
2798169531.25,-24.81832
2798169687.5,-24.8179
2798169843.75,-24.81957
2798170000.0,-24.81738
2798170156.25,-24.81565
2798170312.5,-24.81718
2798170468.75,-24.81201
2798170625.0,-24.81321
2798170781.25,-24.815
2798170937.5,-24.80935
2798171093.75,-24.81192
2798171250.0,-24.81183
2798171406.25,-24.81173
2798171562.5,-24.80952
2798171718.75,-24.80597
2798171875.0,-24.80593
2798172031.25,-24.8076
2798172187.5,-24.80661
2798172343.75,-24.80556
2798172500.0,-24.80234
2798172656.25,-24.8023
2798172812.5,-24.80161
2798172968.75,-24.80149
2798173125.0,-24.79944
2798173281.25,-24.79783
2798173437.5,-24.79826
2798173593.75,-24.79699
2798173750.0,-24.79819
2798173906.25,-24.79693
2798174062.5,-24.79391
2798174218.75,-24.7946
2798174375.0,-24.79362
2798174531.25,-24.78848
2798174687.5,-24.79415
2798174843.75,-24.78982
2798175000.0,-24.78995
2798175156.25,-24.78751
2798175312.5,-24.7896
2798175468.75,-24.78909
2798175625.0,-24.7869
2798175781.25,-24.7857
2798175937.5,-24.78268
2798176093.75,-24.78498
2798176250.0,-24.78342
2798176406.25,-24.78308
2798176562.5,-24.78121
2798176718.75,-24.77822
2798176875.0,-24.7803
2798177031.25,-24.77927
2798177187.5,-24.77526
2798177343.75,-24.77742
2798177500.0,-24.77382
2798177656.25,-24.77493
2798177812.5,-24.77518
2798177968.75,-24.77492
2798178125.0,-24.77382
2798178281.25,-24.77042
2798178437.5,-24.77111
2798178593.75,-24.77364
2798178750.0,-24.77066
2798178906.25,-24.76984
2798179062.5,-24.76671
2798179218.75,-24.76716
2798179375.0,-24.76412
2798179531.25,-24.76497
2798179687.5,-24.76631
2798179843.75,-24.76472
2798180000.0,-24.76157
2798180156.25,-24.76186
2798180312.5,-24.76167
2798180468.75,-24.7609
2798180625.0,-24.76022
2798180781.25,-24.75885
2798180937.5,-24.7597
2798181093.75,-24.75823
2798181250.0,-24.75912
2798181406.25,-24.75376
2798181562.5,-24.7554
2798181718.75,-24.754
2798181875.0,-24.75033
2798182031.25,-24.75149
2798182187.5,-24.75305
2798182343.75,-24.74778
2798182500.0,-24.7487
2798182656.25,-24.74832
2798182812.5,-24.74659
2798182968.75,-24.74681
2798183125.0,-24.74509
2798183281.25,-24.74577
2798183437.5,-24.74353
2798183593.75,-24.74171
2798183750.0,-24.74194
2798183906.25,-24.73875
2798184062.5,-24.74117
2798184218.75,-24.73966
2798184375.0,-24.74098
2798184531.25,-24.73881
2798184687.5,-24.73895
2798184843.75,-24.73798
2798185000.0,-24.73393
2798185156.25,-24.73494
2798185312.5,-24.73189
2798185468.75,-24.73298
2798185625.0,-24.73278
2798185781.25,-24.73012
2798185937.5,-24.73156
2798186093.75,-24.73226
2798186250.0,-24.73288
2798186406.25,-24.72758
2798186562.5,-24.72626
2798186718.75,-24.72667
2798186875.0,-24.72611
2798187031.25,-24.72746
2798187187.5,-24.72339
2798187343.75,-24.72154
2798187500.0,-24.72335
2798187656.25,-24.72272
2798187812.5,-24.72028
2798187968.75,-24.72161
2798188125.0,-24.71625
2798188281.25,-24.71868
2798188437.5,-24.71536
2798188593.75,-24.71652
2798188750.0,-24.71879
2798188906.25,-24.71658
2798189062.5,-24.71495
2798189218.75,-24.71195
2798189375.0,-24.71375
2798189531.25,-24.71126
2798189687.5,-24.71276
2798189843.75,-24.70687
2798190000.0,-24.71035
2798190156.25,-24.70825
2798190312.5,-24.70762
2798190468.75,-24.70824
2798190625.0,-24.70792
2798190781.25,-24.70551
2798190937.5,-24.70392
2798191093.75,-24.70289
2798191250.0,-24.70162
2798191406.25,-24.69975
2798191562.5,-24.70144
2798191718.75,-24.70123
2798191875.0,-24.69443
2798192031.25,-24.70023
2798192187.5,-24.69433
2798192343.75,-24.69619
2798192500.0,-24.69132
2798192656.25,-24.69484
2798192812.5,-24.6946
2798192968.75,-24.69318
2798193125.0,-24.69287
2798193281.25,-24.69262
2798193437.5,-24.69105
2798193593.75,-24.69253
2798193750.0,-24.68979
2798193906.25,-24.68845
2798194062.5,-24.68747
2798194218.75,-24.68687
2798194375.0,-24.68468
2798194531.25,-24.68402
2798194687.5,-24.68401
2798194843.75,-24.68229
2798195000.0,-24.68329
2798195156.25,-24.68019
2798195312.5,-24.6799
2798195468.75,-24.67892
2798195625.0,-24.67892
2798195781.25,-24.67722
2798195937.5,-24.67365
2798196093.75,-24.67606
2798196250.0,-24.67855
2798196406.25,-24.67505
2798196562.5,-24.67504
2798196718.75,-24.66999
2798196875.0,-24.67362
2798197031.25,-24.67006
2798197187.5,-24.66983
2798197343.75,-24.67017
2798197500.0,-24.66979
2798197656.25,-24.66681
2798197812.5,-24.66887
2798197968.75,-24.66351
2798198125.0,-24.66664
2798198281.25,-24.66564
2798198437.5,-24.66103
2798198593.75,-24.66181
2798198750.0,-24.66224
2798198906.25,-24.66046
2798199062.5,-24.65799
2798199218.75,-24.65828
2798199375.0,-24.65842
2798199531.25,-24.65577
2798199687.5,-24.6598
2798199843.75,-24.6563
2798200000.0,-24.65485
2798200156.25,-24.65562
2798200312.5,-24.65432
2798200468.75,-24.65254
2798200625.0,-24.65323
2798200781.25,-24.65238
2798200937.5,-24.64728
2798201093.75,-24.64978
2798201250.0,-24.64777
2798201406.25,-24.64752
2798201562.5,-24.64689
2798201718.75,-24.64413
2798201875.0,-24.64447
2798202031.25,-24.64633
2798202187.5,-24.6417
2798202343.75,-24.64067
2798202500.0,-24.64093
2798202656.25,-24.64221
2798202812.5,-24.63997
2798202968.75,-24.64053
2798203125.0,-24.63715
2798203281.25,-24.63729
2798203437.5,-24.63853
2798203593.75,-24.63455
2798203750.0,-24.6356
2798203906.25,-24.63436
2798204062.5,-24.63338
2798204218.75,-24.63232
2798204375.0,-24.63175
2798204531.25,-24.62938
2798204687.5,-24.62773
2798204843.75,-24.62782
2798205000.0,-24.62527
2798205156.25,-24.6245
2798205312.5,-24.6243
2798205468.75,-24.62426
2798205625.0,-24.62576
2798205781.25,-24.62417
2798205937.5,-24.62126
2798206093.75,-24.62304
2798206250.0,-24.62238
2798206406.25,-24.62257
2798206562.5,-24.61834
2798206718.75,-24.6193
2798206875.0,-24.62104
2798207031.25,-24.61678
2798207187.5,-24.61199
2798207343.75,-24.6166
2798207500.0,-24.61442
2798207656.25,-24.61348
2798207812.5,-24.61091
2798207968.75,-24.61136
2798208125.0,-24.61135
2798208281.25,-24.60944
2798208437.5,-24.60911
2798208593.75,-24.60924
2798208750.0,-24.60843
2798208906.25,-24.60654
2798209062.5,-24.6006
2798209218.75,-24.6039
2798209375.0,-24.60579
2798209531.25,-24.60476
2798209687.5,-24.60328
2798209843.75,-24.60139
2798210000.0,-24.59982
2798210156.25,-24.60027
2798210312.5,-24.59988
2798210468.75,-24.59721
2798210625.0,-24.59908
2798210781.25,-24.59571
2798210937.5,-24.59235
2798211093.75,-24.595
2798211250.0,-24.59105
2798211406.25,-24.59204
2798211562.5,-24.59237
2798211718.75,-24.59067
2798211875.0,-24.58789
2798212031.25,-24.59132
2798212187.5,-24.58589
2798212343.75,-24.5886
2798212500.0,-24.58838
2798212656.25,-24.58511
2798212812.5,-24.58727
2798212968.75,-24.58275
2798213125.0,-24.58549
2798213281.25,-24.58306
2798213437.5,-24.58147
2798213593.75,-24.58174
2798213750.0,-24.57749
2798213906.25,-24.57722
2798214062.5,-24.58104
2798214218.75,-24.57741
2798214375.0,-24.5766
2798214531.25,-24.57472
2798214687.5,-24.57579
2798214843.75,-24.57562
2798215000.0,-24.57595
2798215156.25,-24.57269
2798215312.5,-24.57469
2798215468.75,-24.56925
2798215625.0,-24.56973
2798215781.25,-24.56908
2798215937.5,-24.56616
2798216093.75,-24.56827
2798216250.0,-24.56892
2798216406.25,-24.56809
2798216562.5,-24.56511
2798216718.75,-24.56427
2798216875.0,-24.56292
2798217031.25,-24.56244
2798217187.5,-24.56196
2798217343.75,-24.55666
2798217500.0,-24.55641
2798217656.25,-24.55621
2798217812.5,-24.55745
2798217968.75,-24.56033
2798218125.0,-24.55692
2798218281.25,-24.55691
2798218437.5,-24.55405
2798218593.75,-24.55169
2798218750.0,-24.55153
2798218906.25,-24.5505
2798219062.5,-24.54964
2798219218.75,-24.54861
2798219375.0,-24.55188
2798219531.25,-24.54753
2798219687.5,-24.54353
2798219843.75,-24.54861
2798220000.0,-24.54232
2798220156.25,-24.54567
2798220312.5,-24.54574
2798220468.75,-24.54099
2798220625.0,-24.54149
2798220781.25,-24.53925
2798220937.5,-24.54098
2798221093.75,-24.53848
2798221250.0,-24.53778
2798221406.25,-24.53661
2798221562.5,-24.53636
2798221718.75,-24.53111
2798221875.0,-24.53557
2798222031.25,-24.53622
2798222187.5,-24.53031
2798222343.75,-24.53193
2798222500.0,-24.52824
2798222656.25,-24.52876
2798222812.5,-24.52889
2798222968.75,-24.52695
2798223125.0,-24.52699
2798223281.25,-24.52884
2798223437.5,-24.52739
2798223593.75,-24.52564
2798223750.0,-24.52302
2798223906.25,-24.52261
2798224062.5,-24.52323
2798224218.75,-24.52356
2798224375.0,-24.52082
2798224531.25,-24.52316
2798224687.5,-24.5199
2798224843.75,-24.517
2798225000.0,-24.52018
2798225156.25,-24.51861
2798225312.5,-24.51593
2798225468.75,-24.51398
2798225625.0,-24.5152
2798225781.25,-24.51376
2798225937.5,-24.51106
2798226093.75,-24.51037
2798226250.0,-24.51375
2798226406.25,-24.51239
2798226562.5,-24.50997
2798226718.75,-24.50663
2798226875.0,-24.50629
2798227031.25,-24.50699
2798227187.5,-24.50406
2798227343.75,-24.50825
2798227500.0,-24.50439
2798227656.25,-24.5035
2798227812.5,-24.49997
2798227968.75,-24.5008
2798228125.0,-24.50099
2798228281.25,-24.50185
2798228437.5,-24.49899
2798228593.75,-24.49675
2798228750.0,-24.49634
2798228906.25,-24.49678
2798229062.5,-24.49622
2798229218.75,-24.49454
2798229375.0,-24.49398
2798229531.25,-24.49198
2798229687.5,-24.49099
2798229843.75,-24.48878
2798230000.0,-24.4889
2798230156.25,-24.48806
2798230312.5,-24.48598
2798230468.75,-24.48882
2798230625.0,-24.4862
2798230781.25,-24.48619
2798230937.5,-24.4838
2798231093.75,-24.48306
2798231250.0,-24.48403
2798231406.25,-24.48181
2798231562.5,-24.48339
2798231718.75,-24.47911
2798231875.0,-24.47877
2798232031.25,-24.4786
2798232187.5,-24.47762
2798232343.75,-24.47737
2798232500.0,-24.47715
2798232656.25,-24.47498
2798232812.5,-24.47396
2798232968.75,-24.4713
2798233125.0,-24.47179
2798233281.25,-24.47062
2798233437.5,-24.47373
2798233593.75,-24.47252
2798233750.0,-24.46997
2798233906.25,-24.46772
2798234062.5,-24.46523
2798234218.75,-24.46686
2798234375.0,-24.46234
2798234531.25,-24.46416
2798234687.5,-24.46467
2798234843.75,-24.46315
2798235000.0,-24.46334
2798235156.25,-24.46147
2798235312.5,-24.45705
2798235468.75,-24.46138
2798235625.0,-24.45794
2798235781.25,-24.46023
2798235937.5,-24.4553
2798236093.75,-24.45472
2798236250.0,-24.45581
2798236406.25,-24.45423
2798236562.5,-24.45376
2798236718.75,-24.45021
2798236875.0,-24.44938
2798237031.25,-24.45109
2798237187.5,-24.45123
2798237343.75,-24.44973
2798237500.0,-24.45004
2798237656.25,-24.44834
2798237812.5,-24.44749
2798237968.75,-24.44419
2798238125.0,-24.4466
2798238281.25,-24.44304
2798238437.5,-24.44302
2798238593.75,-24.44171
2798238750.0,-24.44256
2798238906.25,-24.44381
2798239062.5,-24.43708
2798239218.75,-24.43979
2798239375.0,-24.43563
2798239531.25,-24.43741
2798239687.5,-24.43569
2798239843.75,-24.43585
2798240000.0,-24.43476
2798240156.25,-24.43428
2798240312.5,-24.43217
2798240468.75,-24.43158
2798240625.0,-24.43227
2798240781.25,-24.42991
2798240937.5,-24.42994
2798241093.75,-24.42698
2798241250.0,-24.43049
2798241406.25,-24.42431
2798241562.5,-24.42554
2798241718.75,-24.42463
2798241875.0,-24.42304
2798242031.25,-24.42615
2798242187.5,-24.41943
2798242343.75,-24.41996
2798242500.0,-24.42085
2798242656.25,-24.41922
2798242812.5,-24.41836
2798242968.75,-24.41532
2798243125.0,-24.41728
2798243281.25,-24.41493
2798243437.5,-24.41371
2798243593.75,-24.41376
2798243750.0,-24.41218
2798243906.25,-24.41334
2798244062.5,-24.41203
2798244218.75,-24.41147
2798244375.0,-24.40883
2798244531.25,-24.40923
2798244687.5,-24.40638
2798244843.75,-24.40709
2798245000.0,-24.40348
2798245156.25,-24.40423
2798245312.5,-24.4048
2798245468.75,-24.40346
2798245625.0,-24.40477
2798245781.25,-24.40142
2798245937.5,-24.40062
2798246093.75,-24.4011
2798246250.0,-24.39942
2798246406.25,-24.39574
2798246562.5,-24.39838
2798246718.75,-24.39584
2798246875.0,-24.39453
2798247031.25,-24.39231
2798247187.5,-24.39394
2798247343.75,-24.39576
2798247500.0,-24.39058
2798247656.25,-24.39046
2798247812.5,-24.38811
2798247968.75,-24.38579
2798248125.0,-24.38773
2798248281.25,-24.38562
2798248437.5,-24.38854
2798248593.75,-24.38747
2798248750.0,-24.38313
2798248906.25,-24.38195
2798249062.5,-24.38534
2798249218.75,-24.38438
2798249375.0,-24.38026
2798249531.25,-24.38213
2798249687.5,-24.38073
2798249843.75,-24.38078
2798250000.0,-24.37786
2798250156.25,-24.37607
2798250312.5,-24.37558
2798250468.75,-24.37545
2798250625.0,-24.37787
2798250781.25,-24.37325
2798250937.5,-24.37707
2798251093.75,-24.3708
2798251250.0,-24.37204
2798251406.25,-24.36935
2798251562.5,-24.36848
2798251718.75,-24.37037
2798251875.0,-24.36731
2798252031.25,-24.36457
2798252187.5,-24.36308
2798252343.75,-24.36531
2798252500.0,-24.36149
2798252656.25,-24.36438
2798252812.5,-24.36351
2798252968.75,-24.36179
2798253125.0,-24.35998
2798253281.25,-24.36111
2798253437.5,-24.36223
2798253593.75,-24.35656
2798253750.0,-24.35931
2798253906.25,-24.35558
2798254062.5,-24.35643
2798254218.75,-24.35519
2798254375.0,-24.35244
2798254531.25,-24.35177
2798254687.5,-24.35095
2798254843.75,-24.3509
2798255000.0,-24.35246
2798255156.25,-24.3501
2798255312.5,-24.34818
2798255468.75,-24.34808
2798255625.0,-24.34641
2798255781.25,-24.3434
2798255937.5,-24.34654
2798256093.75,-24.34604
2798256250.0,-24.34428
2798256406.25,-24.34015
2798256562.5,-24.34178
2798256718.75,-24.33682
2798256875.0,-24.34052
2798257031.25,-24.33503
2798257187.5,-24.33842
2798257343.75,-24.33883
2798257500.0,-24.33375
2798257656.25,-24.33505
2798257812.5,-24.33414
2798257968.75,-24.3273
2798258125.0,-24.33124
2798258281.25,-24.33219
2798258437.5,-24.33052
2798258593.75,-24.32918
2798258750.0,-24.33041
2798258906.25,-24.32861
2798259062.5,-24.32765
2798259218.75,-24.32689
2798259375.0,-24.32616
2798259531.25,-24.32343
2798259687.5,-24.32199
2798259843.75,-24.31994
2798260000.0,-24.32219
2798260156.25,-24.32067
2798260312.5,-24.32148
2798260468.75,-24.31913
2798260625.0,-24.31599
2798260781.25,-24.31785
2798260937.5,-24.31791
2798261093.75,-24.31422
2798261250.0,-24.31428
2798261406.25,-24.31461
2798261562.5,-24.31499
2798261718.75,-24.31495
2798261875.0,-24.31217
2798262031.25,-24.311
2798262187.5,-24.31129
2798262343.75,-24.30998
2798262500.0,-24.30649
2798262656.25,-24.30882
2798262812.5,-24.30535
2798262968.75,-24.30408
2798263125.0,-24.30522
2798263281.25,-24.30508
2798263437.5,-24.30147
2798263593.75,-24.30066
2798263750.0,-24.30148
2798263906.25,-24.30055
2798264062.5,-24.2987
2798264218.75,-24.29742
2798264375.0,-24.29511
2798264531.25,-24.2952
2798264687.5,-24.29546
2798264843.75,-24.29544
2798265000.0,-24.29224
2798265156.25,-24.29343
2798265312.5,-24.29267
2798265468.75,-24.29212
2798265625.0,-24.29028
2798265781.25,-24.2899
2798265937.5,-24.28522
2798266093.75,-24.28989
2798266250.0,-24.28356
2798266406.25,-24.28496
2798266562.5,-24.28416
2798266718.75,-24.28545
2798266875.0,-24.28195
2798267031.25,-24.28067
2798267187.5,-24.28232
2798267343.75,-24.28532
2798267500.0,-24.27851
2798267656.25,-24.2783
2798267812.5,-24.27961
2798267968.75,-24.27683
2798268125.0,-24.27669
2798268281.25,-24.27516
2798268437.5,-24.2766
2798268593.75,-24.27442
2798268750.0,-24.27112
2798268906.25,-24.27112
2798269062.5,-24.27261
2798269218.75,-24.27128
2798269375.0,-24.26761
2798269531.25,-24.26359
2798269687.5,-24.2678
2798269843.75,-24.26435
2798270000.0,-24.26629
2798270156.25,-24.26481
2798270312.5,-24.26311
2798270468.75,-24.2621
2798270625.0,-24.2616
2798270781.25,-24.26054
2798270937.5,-24.26177
2798271093.75,-24.25962
2798271250.0,-24.25909
2798271406.25,-24.25219
2798271562.5,-24.25539
2798271718.75,-24.25485
2798271875.0,-24.25559
2798272031.25,-24.25342
2798272187.5,-24.2512
2798272343.75,-24.25147
2798272500.0,-24.25093
2798272656.25,-24.24914
2798272812.5,-24.24918
2798272968.75,-24.24792
2798273125.0,-24.24921
2798273281.25,-24.24571
2798273437.5,-24.24452
2798273593.75,-24.24485
2798273750.0,-24.24278
2798273906.25,-24.24595
2798274062.5,-24.24184
2798274218.75,-24.24168
2798274375.0,-24.24106
2798274531.25,-24.2402
2798274687.5,-24.24169
2798274843.75,-24.23743
2798275000.0,-24.23661
2798275156.25,-24.23793
2798275312.5,-24.23368
2798275468.75,-24.23683
2798275625.0,-24.23639
2798275781.25,-24.23194
2798275937.5,-24.23192
2798276093.75,-24.23016
2798276250.0,-24.23029
2798276406.25,-24.22598
2798276562.5,-24.22706
2798276718.75,-24.22677
2798276875.0,-24.2272
2798277031.25,-24.22529
2798277187.5,-24.22552
2798277343.75,-24.22419
2798277500.0,-24.22516
2798277656.25,-24.22139
2798277812.5,-24.22069
2798277968.75,-24.21878
2798278125.0,-24.21983
2798278281.25,-24.21755
2798278437.5,-24.21885
2798278593.75,-24.21584
2798278750.0,-24.21632
2798278906.25,-24.21403
2798279062.5,-24.2135
2798279218.75,-24.21284
2798279375.0,-24.21195
2798279531.25,-24.20929
2798279687.5,-24.21006
2798279843.75,-24.20591
2798280000.0,-24.20993
2798280156.25,-24.20671
2798280312.5,-24.20791
2798280468.75,-24.20447
2798280625.0,-24.20397
2798280781.25,-24.2038
2798280937.5,-24.20056
2798281093.75,-24.20129
2798281250.0,-24.20357
2798281406.25,-24.2004
2798281562.5,-24.19817
2798281718.75,-24.19779
2798281875.0,-24.20157
2798282031.25,-24.19612
2798282187.5,-24.19631
2798282343.75,-24.19445
2798282500.0,-24.19357
2798282656.25,-24.19419
2798282812.5,-24.18885
2798282968.75,-24.18959
2798283125.0,-24.19097
2798283281.25,-24.18583
2798283437.5,-24.18656
2798283593.75,-24.18782
2798283750.0,-24.18869
2798283906.25,-24.18466
2798284062.5,-24.1836
2798284218.75,-24.1849
2798284375.0,-24.18291
2798284531.25,-24.18044
2798284687.5,-24.18355
2798284843.75,-24.17694
2798285000.0,-24.17756
2798285156.25,-24.18067
2798285312.5,-24.17687
2798285468.75,-24.17591
2798285625.0,-24.17451
2798285781.25,-24.17521
2798285937.5,-24.17552
2798286093.75,-24.17468
2798286250.0,-24.17143
2798286406.25,-24.17146
2798286562.5,-24.17
2798286718.75,-24.16965
2798286875.0,-24.16996
2798287031.25,-24.16945
2798287187.5,-24.16421
2798287343.75,-24.16524
2798287500.0,-24.16376
2798287656.25,-24.16515
2798287812.5,-24.16355
2798287968.75,-24.16403
2798288125.0,-24.16144
2798288281.25,-24.16274
2798288437.5,-24.16087
2798288593.75,-24.15788
2798288750.0,-24.15529
2798288906.25,-24.15241
2798289062.5,-24.15361
2798289218.75,-24.15513
2798289375.0,-24.15326
2798289531.25,-24.15399
2798289687.5,-24.15411
2798289843.75,-24.15294
2798290000.0,-24.14866
2798290156.25,-24.14753
2798290312.5,-24.1506
2798290468.75,-24.14862
2798290625.0,-24.14835
2798290781.25,-24.14667
2798290937.5,-24.14398
2798291093.75,-24.1454
2798291250.0,-24.14534
2798291406.25,-24.14406
2798291562.5,-24.14186
2798291718.75,-24.13855
2798291875.0,-24.13832
2798292031.25,-24.13848
2798292187.5,-24.13991
2798292343.75,-24.13752
2798292500.0,-24.13781
2798292656.25,-24.13776
2798292812.5,-24.1343
2798292968.75,-24.13616
2798293125.0,-24.12979
2798293281.25,-24.13297
2798293437.5,-24.13042
2798293593.75,-24.13135
2798293750.0,-24.12745
2798293906.25,-24.12735
2798294062.5,-24.12813
2798294218.75,-24.12671
2798294375.0,-24.12465
2798294531.25,-24.12544
2798294687.5,-24.12176
2798294843.75,-24.121
2798295000.0,-24.12041
2798295156.25,-24.12273
2798295312.5,-24.12057
2798295468.75,-24.11741
2798295625.0,-24.11948
2798295781.25,-24.11811
2798295937.5,-24.11641
2798296093.75,-24.11312
2798296250.0,-24.11372
2798296406.25,-24.11324
2798296562.5,-24.11448
2798296718.75,-24.11337
2798296875.0,-24.11226
2798297031.25,-24.10828
2798297187.5,-24.11141
2798297343.75,-24.10813
2798297500.0,-24.10659
2798297656.25,-24.10617
2798297812.5,-24.10458
2798297968.75,-24.10363
2798298125.0,-24.10404
2798298281.25,-24.10211
2798298437.5,-24.09987
2798298593.75,-24.10183
2798298750.0,-24.10047
2798298906.25,-24.09819
2798299062.5,-24.10063
2798299218.75,-24.09848
2798299375.0,-24.09688
2798299531.25,-24.09679
2798299687.5,-24.09838
2798299843.75,-24.09409
2798300000.0,-24.09596
2798300156.25,-24.08868
2798300312.5,-24.08994
2798300468.75,-24.09221
2798300625.0,-24.08712
2798300781.25,-24.08962
2798300937.5,-24.08775
2798301093.75,-24.08466
2798301250.0,-24.08764
2798301406.25,-24.08463
2798301562.5,-24.08217
2798301718.75,-24.08364
2798301875.0,-24.08001
2798302031.25,-24.08233
2798302187.5,-24.07894
2798302343.75,-24.07717
2798302500.0,-24.08132
2798302656.25,-24.07617
2798302812.5,-24.07821
2798302968.75,-24.07558
2798303125.0,-24.07446
2798303281.25,-24.07108
2798303437.5,-24.07514
2798303593.75,-24.07222
2798303750.0,-24.07086
2798303906.25,-24.07183
2798304062.5,-24.07088
2798304218.75,-24.06788
2798304375.0,-24.06798
2798304531.25,-24.06721
2798304687.5,-24.06278
2798304843.75,-24.06726
2798305000.0,-24.06797
2798305156.25,-24.06284
2798305312.5,-24.06518
2798305468.75,-24.06391
2798305625.0,-24.05932
2798305781.25,-24.06081
2798305937.5,-24.05906
2798306093.75,-24.05798
2798306250.0,-24.05571
2798306406.25,-24.05287
2798306562.5,-24.05467
2798306718.75,-24.0535
2798306875.0,-24.05141
2798307031.25,-24.05061
2798307187.5,-24.05194
2798307343.75,-24.04728
2798307500.0,-24.0496
2798307656.25,-24.0491
2798307812.5,-24.05136
2798307968.75,-24.04806
2798308125.0,-24.04626
2798308281.25,-24.04539
2798308437.5,-24.04301
2798308593.75,-24.04541
2798308750.0,-24.03965
2798308906.25,-24.04181
2798309062.5,-24.04124
2798309218.75,-24.04119
2798309375.0,-24.0397
2798309531.25,-24.04195
2798309687.5,-24.03653
2798309843.75,-24.03226
2798310000.0,-24.03405
2798310156.25,-24.03371
2798310312.5,-24.02817
2798310468.75,-24.03194
2798310625.0,-24.02841
2798310781.25,-24.02859
2798310937.5,-24.02951
2798311093.75,-24.0276
2798311250.0,-24.02663
2798311406.25,-24.02588
2798311562.5,-24.02433
2798311718.75,-24.02869
2798311875.0,-24.02443
2798312031.25,-24.02172
2798312187.5,-24.02156
2798312343.75,-24.02184
2798312500.0,-24.01915
2798312656.25,-24.0204
2798312812.5,-24.01801
2798312968.75,-24.01873
2798313125.0,-24.01598
2798313281.25,-24.01699
2798313437.5,-24.01335
2798313593.75,-24.0134
2798313750.0,-24.00884
2798313906.25,-24.00964
2798314062.5,-24.01012
2798314218.75,-24.00725
2798314375.0,-24.00888
2798314531.25,-24.00636
2798314687.5,-24.00685
2798314843.75,-24.00999
2798315000.0,-24.00197
2798315156.25,-24.00312
2798315312.5,-24.00366
2798315468.75,-24.00397
2798315625.0,-23.99924
2798315781.25,-23.9964
2798315937.5,-24.0043
2798316093.75,-24.00102
2798316250.0,-23.99577
2798316406.25,-23.99905
2798316562.5,-23.99558
2798316718.75,-23.99609
2798316875.0,-23.99227
2798317031.25,-23.99372
2798317187.5,-23.99423
2798317343.75,-23.99048
2798317500.0,-23.98881
2798317656.25,-23.99061
2798317812.5,-23.98837
2798317968.75,-23.9853
2798318125.0,-23.98582
2798318281.25,-23.98531
2798318437.5,-23.98678
2798318593.75,-23.9859
2798318750.0,-23.98256
2798318906.25,-23.97946
2798319062.5,-23.98191
2798319218.75,-23.98041
2798319375.0,-23.97929
2798319531.25,-23.98034
2798319687.5,-23.97829
2798319843.75,-23.97601
2798320000.0,-23.97445
2798320156.25,-23.97498
2798320312.5,-23.97495
2798320468.75,-23.97389
2798320625.0,-23.97428
2798320781.25,-23.97291
2798320937.5,-23.96934
2798321093.75,-23.96811
2798321250.0,-23.9676
2798321406.25,-23.96774
2798321562.5,-23.96775
2798321718.75,-23.96309
2798321875.0,-23.9631
2798322031.25,-23.9617
2798322187.5,-23.96339
2798322343.75,-23.96237
2798322500.0,-23.96086
2798322656.25,-23.96283
2798322812.5,-23.9593
2798322968.75,-23.96127
2798323125.0,-23.95892
2798323281.25,-23.95834
2798323437.5,-23.95697
2798323593.75,-23.95321
2798323750.0,-23.95437
2798323906.25,-23.95396
2798324062.5,-23.95081
2798324218.75,-23.95131
2798324375.0,-23.95131
2798324531.25,-23.95051
2798324687.5,-23.94861
2798324843.75,-23.94695
2798325000.0,-23.94484
2798325156.25,-23.94553
2798325312.5,-23.94522
2798325468.75,-23.94383
2798325625.0,-23.94168
2798325781.25,-23.94294
2798325937.5,-23.94126
2798326093.75,-23.94151
2798326250.0,-23.93954
2798326406.25,-23.93965
2798326562.5,-23.93772
2798326718.75,-23.93685
2798326875.0,-23.93409
2798327031.25,-23.93471
2798327187.5,-23.93345
2798327343.75,-23.93508
2798327500.0,-23.93262
2798327656.25,-23.93211
2798327812.5,-23.92986
2798327968.75,-23.92929
2798328125.0,-23.92479
2798328281.25,-23.92894
2798328437.5,-23.92389
2798328593.75,-23.92506
2798328750.0,-23.92292
2798328906.25,-23.92479
2798329062.5,-23.92076
2798329218.75,-23.92195
2798329375.0,-23.92131
2798329531.25,-23.91719
2798329687.5,-23.91839
2798329843.75,-23.91698
2798330000.0,-23.91784
2798330156.25,-23.91606
2798330312.5,-23.91346
2798330468.75,-23.91315
2798330625.0,-23.91408
2798330781.25,-23.91261
2798330937.5,-23.90925
2798331093.75,-23.90896
2798331250.0,-23.91218
2798331406.25,-23.90971
2798331562.5,-23.90769
2798331718.75,-23.90753
2798331875.0,-23.90344
2798332031.25,-23.90637
2798332187.5,-23.90473
2798332343.75,-23.90448
2798332500.0,-23.90523
2798332656.25,-23.90379
2798332812.5,-23.90007
2798332968.75,-23.89843
2798333125.0,-23.89917
2798333281.25,-23.89958
2798333437.5,-23.89691
2798333593.75,-23.8981
2798333750.0,-23.89748
2798333906.25,-23.89493
2798334062.5,-23.89447
2798334218.75,-23.89191
2798334375.0,-23.89213
2798334531.25,-23.89019
2798334687.5,-23.88837
2798334843.75,-23.88805
2798335000.0,-23.88753
2798335156.25,-23.88635
2798335312.5,-23.88392
2798335468.75,-23.88362
2798335625.0,-23.88292
2798335781.25,-23.88338
2798335937.5,-23.88453
2798336093.75,-23.88206
2798336250.0,-23.88137
2798336406.25,-23.88011
2798336562.5,-23.87959
2798336718.75,-23.87556
2798336875.0,-23.87342
2798337031.25,-23.87365
2798337187.5,-23.87356
2798337343.75,-23.87439
2798337500.0,-23.87375
2798337656.25,-23.87547
2798337812.5,-23.87237
2798337968.75,-23.86626
2798338125.0,-23.86672
2798338281.25,-23.86768
2798338437.5,-23.86463
2798338593.75,-23.86651
2798338750.0,-23.86499
2798338906.25,-23.86663
2798339062.5,-23.8637
2798339218.75,-23.86293
2798339375.0,-23.86243
2798339531.25,-23.85617
2798339687.5,-23.85781
2798339843.75,-23.85744
2798340000.0,-23.85667
2798340156.25,-23.85778
2798340312.5,-23.85427
2798340468.75,-23.85381
2798340625.0,-23.85204
2798340781.25,-23.85303
2798340937.5,-23.85161
2798341093.75,-23.84947
2798341250.0,-23.85288
2798341406.25,-23.84932
2798341562.5,-23.84872
2798341718.75,-23.84754
2798341875.0,-23.84833
2798342031.25,-23.84688
2798342187.5,-23.84565
2798342343.75,-23.84565
2798342500.0,-23.84479
2798342656.25,-23.84031
2798342812.5,-23.84104
2798342968.75,-23.83948
2798343125.0,-23.83902
2798343281.25,-23.8401
2798343437.5,-23.83732
2798343593.75,-23.8356
2798343750.0,-23.83568
2798343906.25,-23.83372
2798344062.5,-23.83354
2798344218.75,-23.83157
2798344375.0,-23.8292
2798344531.25,-23.83014
2798344687.5,-23.82964
2798344843.75,-23.82958
2798345000.0,-23.82758
2798345156.25,-23.82635
2798345312.5,-23.8292
2798345468.75,-23.82439
2798345625.0,-23.82441
2798345781.25,-23.825
2798345937.5,-23.82095
2798346093.75,-23.82182
2798346250.0,-23.82098
2798346406.25,-23.81949
2798346562.5,-23.81653
2798346718.75,-23.81829
2798346875.0,-23.81576
2798347031.25,-23.81438
2798347187.5,-23.81186
2798347343.75,-23.81464
2798347500.0,-23.81054
2798347656.25,-23.81121
2798347812.5,-23.81238
2798347968.75,-23.80984
2798348125.0,-23.8086
2798348281.25,-23.80867
2798348437.5,-23.80658
2798348593.75,-23.80493
2798348750.0,-23.80644
2798348906.25,-23.80493
2798349062.5,-23.8033
2798349218.75,-23.80333
2798349375.0,-23.80085
2798349531.25,-23.80056
2798349687.5,-23.79993
2798349843.75,-23.79558
2798350000.0,-23.79893
2798350156.25,-23.79819
2798350312.5,-23.79696
2798350468.75,-23.79511
2798350625.0,-23.79428
2798350781.25,-23.79208
2798350937.5,-23.79358
2798351093.75,-23.78912
2798351250.0,-23.79243
2798351406.25,-23.78922
2798351562.5,-23.78788
2798351718.75,-23.78603
2798351875.0,-23.78731
2798352031.25,-23.78597
2798352187.5,-23.78618
2798352343.75,-23.78137
2798352500.0,-23.78172
2798352656.25,-23.78001
2798352812.5,-23.78253
2798352968.75,-23.78005
2798353125.0,-23.77835
2798353281.25,-23.77873
2798353437.5,-23.7776
2798353593.75,-23.77283
2798353750.0,-23.7755
2798353906.25,-23.77733
2798354062.5,-23.77545
2798354218.75,-23.77232
2798354375.0,-23.77292
2798354531.25,-23.77346
2798354687.5,-23.76931
2798354843.75,-23.76947
2798355000.0,-23.76901
2798355156.25,-23.7657
2798355312.5,-23.76586
2798355468.75,-23.76786
2798355625.0,-23.76492
2798355781.25,-23.76156
2798355937.5,-23.7625
2798356093.75,-23.76214
2798356250.0,-23.76339
2798356406.25,-23.75947
2798356562.5,-23.75684
2798356718.75,-23.75617
2798356875.0,-23.75735
2798357031.25,-23.75791
2798357187.5,-23.75498
2798357343.75,-23.75663
2798357500.0,-23.75435
2798357656.25,-23.75355
2798357812.5,-23.75075
2798357968.75,-23.75374
2798358125.0,-23.74749
2798358281.25,-23.74931
2798358437.5,-23.74718
2798358593.75,-23.74498
2798358750.0,-23.74463
2798358906.25,-23.74413
2798359062.5,-23.74333
2798359218.75,-23.74433
2798359375.0,-23.74028
2798359531.25,-23.74078
2798359687.5,-23.74092
2798359843.75,-23.73594
2798360000.0,-23.73793
2798360156.25,-23.73529
2798360312.5,-23.73554
2798360468.75,-23.73178
2798360625.0,-23.73178
2798360781.25,-23.72992
2798360937.5,-23.73244
2798361093.75,-23.73068
2798361250.0,-23.73176
2798361406.25,-23.73123
2798361562.5,-23.72848
2798361718.75,-23.72627
2798361875.0,-23.72711
2798362031.25,-23.72551
2798362187.5,-23.72461
2798362343.75,-23.72239
2798362500.0,-23.7223
2798362656.25,-23.72413
2798362812.5,-23.72008
2798362968.75,-23.71898
2798363125.0,-23.72013
2798363281.25,-23.71819
2798363437.5,-23.71722
2798363593.75,-23.71659
2798363750.0,-23.71346
2798363906.25,-23.71328
2798364062.5,-23.71432
2798364218.75,-23.71401
2798364375.0,-23.70994
2798364531.25,-23.71008
2798364687.5,-23.70736
2798364843.75,-23.71097
2798365000.0,-23.70535
2798365156.25,-23.71004
2798365312.5,-23.70174
2798365468.75,-23.70321
2798365625.0,-23.70497
2798365781.25,-23.7011
2798365937.5,-23.70508
2798366093.75,-23.70231
2798366250.0,-23.69904
2798366406.25,-23.69699
2798366562.5,-23.69973
2798366718.75,-23.69799
2798366875.0,-23.69552
2798367031.25,-23.69677
2798367187.5,-23.69335
2798367343.75,-23.69447
2798367500.0,-23.69197
2798367656.25,-23.69254
2798367812.5,-23.69073
2798367968.75,-23.69041
2798368125.0,-23.6902
2798368281.25,-23.68718
2798368437.5,-23.68563
2798368593.75,-23.68444
2798368750.0,-23.68402
2798368906.25,-23.68295
2798369062.5,-23.68427
2798369218.75,-23.68206
2798369375.0,-23.68179
2798369531.25,-23.67942
2798369687.5,-23.6779
2798369843.75,-23.67819
2798370000.0,-23.67566
2798370156.25,-23.67425
2798370312.5,-23.67594
2798370468.75,-23.67604
2798370625.0,-23.67282
2798370781.25,-23.67232
2798370937.5,-23.67065
2798371093.75,-23.67218
2798371250.0,-23.67064
2798371406.25,-23.66824
2798371562.5,-23.66479
2798371718.75,-23.66659
2798371875.0,-23.66638
2798372031.25,-23.66432
2798372187.5,-23.66468
2798372343.75,-23.66304
2798372500.0,-23.66057
2798372656.25,-23.6592
2798372812.5,-23.65929
2798372968.75,-23.65791
2798373125.0,-23.65784
2798373281.25,-23.65639
2798373437.5,-23.65449
2798373593.75,-23.65746
2798373750.0,-23.65237
2798373906.25,-23.6536
2798374062.5,-23.64983
2798374218.75,-23.65103
2798374375.0,-23.65354
2798374531.25,-23.64641
2798374687.5,-23.64787
2798374843.75,-23.64885
2798375000.0,-23.64751
2798375156.25,-23.64954
2798375312.5,-23.64598
2798375468.75,-23.64384
2798375625.0,-23.64333
2798375781.25,-23.64154
2798375937.5,-23.64235
2798376093.75,-23.63937
2798376250.0,-23.63937
2798376406.25,-23.63711
2798376562.5,-23.63956
2798376718.75,-23.63822
2798376875.0,-23.63633
2798377031.25,-23.63578
2798377187.5,-23.63243
2798377343.75,-23.63532
2798377500.0,-23.63147
2798377656.25,-23.63211
2798377812.5,-23.63034
2798377968.75,-23.62909
2798378125.0,-23.62787
2798378281.25,-23.62388
2798378437.5,-23.62539
2798378593.75,-23.6264
2798378750.0,-23.62196
2798378906.25,-23.62439
2798379062.5,-23.62258
2798379218.75,-23.61942
2798379375.0,-23.62193
2798379531.25,-23.61952
2798379687.5,-23.61985
2798379843.75,-23.61893
2798380000.0,-23.61576
2798380156.25,-23.6156
2798380312.5,-23.61397
2798380468.75,-23.61282
2798380625.0,-23.61291
2798380781.25,-23.61448
2798380937.5,-23.6125
2798381093.75,-23.61201
2798381250.0,-23.60819
2798381406.25,-23.60638
2798381562.5,-23.60714
2798381718.75,-23.60875
2798381875.0,-23.6043
2798382031.25,-23.60487
2798382187.5,-23.60454
2798382343.75,-23.60173
2798382500.0,-23.60138
2798382656.25,-23.60028
2798382812.5,-23.59923
2798382968.75,-23.5984
2798383125.0,-23.60025
2798383281.25,-23.59385
2798383437.5,-23.59599
2798383593.75,-23.59278
2798383750.0,-23.59394
2798383906.25,-23.59006
2798384062.5,-23.59221
2798384218.75,-23.59256
2798384375.0,-23.59233
2798384531.25,-23.58784
2798384687.5,-23.58967
2798384843.75,-23.58825
2798385000.0,-23.58555
2798385156.25,-23.58414
2798385312.5,-23.5836
2798385468.75,-23.58176
2798385625.0,-23.58127
2798385781.25,-23.57822
2798385937.5,-23.58158
2798386093.75,-23.57681
2798386250.0,-23.57927
2798386406.25,-23.5731
2798386562.5,-23.57611
2798386718.75,-23.57598
2798386875.0,-23.57491
2798387031.25,-23.57384
2798387187.5,-23.57092
2798387343.75,-23.57057
2798387500.0,-23.57169
2798387656.25,-23.56874
2798387812.5,-23.56606
2798387968.75,-23.56871
2798388125.0,-23.56531
2798388281.25,-23.56665
2798388437.5,-23.5645
2798388593.75,-23.5622
2798388750.0,-23.56436
2798388906.25,-23.56021
2798389062.5,-23.56012
2798389218.75,-23.56039
2798389375.0,-23.55997
2798389531.25,-23.55724
2798389687.5,-23.55585
2798389843.75,-23.55719
2798390000.0,-23.55516
2798390156.25,-23.55209
2798390312.5,-23.55572
2798390468.75,-23.55122
2798390625.0,-23.55213
2798390781.25,-23.54975
2798390937.5,-23.54833
2798391093.75,-23.54869
2798391250.0,-23.54631
2798391406.25,-23.54506
2798391562.5,-23.54313
2798391718.75,-23.54309
2798391875.0,-23.54521
2798392031.25,-23.54257
2798392187.5,-23.54366
2798392343.75,-23.53994
2798392500.0,-23.53712
2798392656.25,-23.54063
2798392812.5,-23.53818
2798392968.75,-23.53823
2798393125.0,-23.53411
2798393281.25,-23.53366
2798393437.5,-23.5327
2798393593.75,-23.5352
2798393750.0,-23.53229
2798393906.25,-23.53305
2798394062.5,-23.53115
2798394218.75,-23.52943
2798394375.0,-23.52682
2798394531.25,-23.52789
2798394687.5,-23.52452
2798394843.75,-23.52596
2798395000.0,-23.52331
2798395156.25,-23.52258
2798395312.5,-23.52086
2798395468.75,-23.51802
2798395625.0,-23.51949
2798395781.25,-23.51937
2798395937.5,-23.51854
2798396093.75,-23.51792
2798396250.0,-23.51488
2798396406.25,-23.5168
2798396562.5,-23.51479
2798396718.75,-23.51129
2798396875.0,-23.51304
2798397031.25,-23.51018
2798397187.5,-23.51054
2798397343.75,-23.51083
2798397500.0,-23.50941
2798397656.25,-23.50824
2798397812.5,-23.50687
2798397968.75,-23.50587
2798398125.0,-23.50171
2798398281.25,-23.50471
2798398437.5,-23.50274
2798398593.75,-23.49946
2798398750.0,-23.49953
2798398906.25,-23.49677
2798399062.5,-23.49959
2798399218.75,-23.49763
2798399375.0,-23.49725
2798399531.25,-23.49587
2798399687.5,-23.49293
2798399843.75,-23.49315
2798400000.0,-23.49618
2798400156.25,-23.49355
2798400312.5,-23.49267
2798400468.75,-23.48976
2798400625.0,-23.48775
2798400781.25,-23.48991
2798400937.5,-23.48507
2798401093.75,-23.48532
2798401250.0,-23.48601
2798401406.25,-23.48566
2798401562.5,-23.483
2798401718.75,-23.48343
2798401875.0,-23.48322
2798402031.25,-23.48257
2798402187.5,-23.47949
2798402343.75,-23.47754
2798402500.0,-23.47691
2798402656.25,-23.47612
2798402812.5,-23.47776
2798402968.75,-23.47252
2798403125.0,-23.47539
2798403281.25,-23.47089
2798403437.5,-23.47254
2798403593.75,-23.47273
2798403750.0,-23.46949
2798403906.25,-23.46956
2798404062.5,-23.46632
2798404218.75,-23.46883
2798404375.0,-23.46365
2798404531.25,-23.46404
2798404687.5,-23.4645
2798404843.75,-23.46422
2798405000.0,-23.46378
2798405156.25,-23.46175
2798405312.5,-23.4604
2798405468.75,-23.45806
2798405625.0,-23.45804
2798405781.25,-23.45751
2798405937.5,-23.45483
2798406093.75,-23.45656
2798406250.0,-23.45525
2798406406.25,-23.45596
2798406562.5,-23.4516
2798406718.75,-23.45522
2798406875.0,-23.44956
2798407031.25,-23.44795
2798407187.5,-23.4495
2798407343.75,-23.44712
2798407500.0,-23.44449
2798407656.25,-23.44449
2798407812.5,-23.44474
2798407968.75,-23.44405
2798408125.0,-23.44305
2798408281.25,-23.44177
2798408437.5,-23.43968
2798408593.75,-23.43941
2798408750.0,-23.43756
2798408906.25,-23.43697
2798409062.5,-23.43567
2798409218.75,-23.43949
2798409375.0,-23.43476
2798409531.25,-23.43332
2798409687.5,-23.43238
2798409843.75,-23.43235
2798410000.0,-23.42943
2798410156.25,-23.4306
2798410312.5,-23.4295
2798410468.75,-23.42993
2798410625.0,-23.42747
2798410781.25,-23.42609
2798410937.5,-23.42443
2798411093.75,-23.42377
2798411250.0,-23.42484
2798411406.25,-23.42056
2798411562.5,-23.41819
2798411718.75,-23.41905
2798411875.0,-23.42053
2798412031.25,-23.41851
2798412187.5,-23.41609
2798412343.75,-23.41389
2798412500.0,-23.4153
2798412656.25,-23.4169
2798412812.5,-23.41265
2798412968.75,-23.41085
2798413125.0,-23.41217
2798413281.25,-23.40958
2798413437.5,-23.40971
2798413593.75,-23.40906
2798413750.0,-23.4078
2798413906.25,-23.40714
2798414062.5,-23.4057
2798414218.75,-23.40424
2798414375.0,-23.40412
2798414531.25,-23.40183
2798414687.5,-23.40413
2798414843.75,-23.40226
2798415000.0,-23.40097
2798415156.25,-23.39766
2798415312.5,-23.39646
2798415468.75,-23.39506
2798415625.0,-23.39577
2798415781.25,-23.3943
2798415937.5,-23.39518
2798416093.75,-23.39277
2798416250.0,-23.39323
2798416406.25,-23.39098
2798416562.5,-23.38937
2798416718.75,-23.38936
2798416875.0,-23.38871
2798417031.25,-23.38683
2798417187.5,-23.38651
2798417343.75,-23.38515
2798417500.0,-23.38481
2798417656.25,-23.38369
2798417812.5,-23.38391
2798417968.75,-23.3815
2798418125.0,-23.3788
2798418281.25,-23.37851
2798418437.5,-23.37754
2798418593.75,-23.37623
2798418750.0,-23.37695
2798418906.25,-23.37565
2798419062.5,-23.37576
2798419218.75,-23.37307
2798419375.0,-23.37383
2798419531.25,-23.37126
2798419687.5,-23.37041
2798419843.75,-23.37112
2798420000.0,-23.36616
2798420156.25,-23.3672
2798420312.5,-23.3678
2798420468.75,-23.36473
2798420625.0,-23.36377
2798420781.25,-23.36435
2798420937.5,-23.36407
2798421093.75,-23.36129
2798421250.0,-23.35823
2798421406.25,-23.35849
2798421562.5,-23.35999
2798421718.75,-23.35796
2798421875.0,-23.35709
2798422031.25,-23.35491
2798422187.5,-23.35592
2798422343.75,-23.35341
2798422500.0,-23.35008
2798422656.25,-23.34856
2798422812.5,-23.35163
2798422968.75,-23.34925
2798423125.0,-23.34985
2798423281.25,-23.34809
2798423437.5,-23.34787
2798423593.75,-23.34808
2798423750.0,-23.34596
2798423906.25,-23.34245
2798424062.5,-23.34208
2798424218.75,-23.34133
2798424375.0,-23.33907
2798424531.25,-23.34091
2798424687.5,-23.33937
2798424843.75,-23.33716
2798425000.0,-23.33999
2798425156.25,-23.33486
2798425312.5,-23.33439
2798425468.75,-23.33416
2798425625.0,-23.3348
2798425781.25,-23.33179
2798425937.5,-23.33141
2798426093.75,-23.32898
2798426250.0,-23.32855
2798426406.25,-23.3272
2798426562.5,-23.3269
2798426718.75,-23.32777
2798426875.0,-23.32387
2798427031.25,-23.32663
2798427187.5,-23.32084
2798427343.75,-23.32154
2798427500.0,-23.32181
2798427656.25,-23.3174
2798427812.5,-23.31753
2798427968.75,-23.31834
2798428125.0,-23.31768
2798428281.25,-23.31603
2798428437.5,-23.31526
2798428593.75,-23.31222
2798428750.0,-23.31422
2798428906.25,-23.311
2798429062.5,-23.30816
2798429218.75,-23.3105
2798429375.0,-23.31056
2798429531.25,-23.30713
2798429687.5,-23.30314
2798429843.75,-23.30795
2798430000.0,-23.30247
2798430156.25,-23.30293
2798430312.5,-23.30331
2798430468.75,-23.30297
2798430625.0,-23.30216
2798430781.25,-23.29972
2798430937.5,-23.29902
2798431093.75,-23.29946
2798431250.0,-23.29716
2798431406.25,-23.2963
2798431562.5,-23.29766
2798431718.75,-23.29521
2798431875.0,-23.29308
2798432031.25,-23.28979
2798432187.5,-23.29134
2798432343.75,-23.29141
2798432500.0,-23.2908
2798432656.25,-23.28629
2798432812.5,-23.2884
2798432968.75,-23.28808
2798433125.0,-23.28616
2798433281.25,-23.28706
2798433437.5,-23.28218
2798433593.75,-23.28148
2798433750.0,-23.28315
2798433906.25,-23.28224
2798434062.5,-23.2797
2798434218.75,-23.28025
2798434375.0,-23.27677
2798434531.25,-23.27604
2798434687.5,-23.27595
2798434843.75,-23.27575
2798435000.0,-23.2733
2798435156.25,-23.27347
2798435312.5,-23.27389
2798435468.75,-23.26878
2798435625.0,-23.26819
2798435781.25,-23.2681
2798435937.5,-23.26637
2798436093.75,-23.26729
2798436250.0,-23.26439
2798436406.25,-23.26437
2798436562.5,-23.26194
2798436718.75,-23.26276
2798436875.0,-23.25906
2798437031.25,-23.26291
2798437187.5,-23.25862
2798437343.75,-23.25976
2798437500.0,-23.25646
2798437656.25,-23.25782
2798437812.5,-23.25573
2798437968.75,-23.25571
2798438125.0,-23.25459
2798438281.25,-23.25051
2798438437.5,-23.25266
2798438593.75,-23.25041
2798438750.0,-23.2501
2798438906.25,-23.24803
2798439062.5,-23.2464
2798439218.75,-23.24578
2798439375.0,-23.24539
2798439531.25,-23.24496
2798439687.5,-23.24288
2798439843.75,-23.24411
2798440000.0,-23.24146
2798440156.25,-23.24082
2798440312.5,-23.23938
2798440468.75,-23.23689
2798440625.0,-23.23771
2798440781.25,-23.23675
2798440937.5,-23.2364
2798441093.75,-23.23671
2798441250.0,-23.23526
2798441406.25,-23.23426
2798441562.5,-23.23379
2798441718.75,-23.23091
2798441875.0,-23.22977
2798442031.25,-23.23251
2798442187.5,-23.22898
2798442343.75,-23.22759
2798442500.0,-23.22478
2798442656.25,-23.22531
2798442812.5,-23.22263
2798442968.75,-23.22362
2798443125.0,-23.22353
2798443281.25,-23.2206
2798443437.5,-23.22231
2798443593.75,-23.21828
2798443750.0,-23.21747
2798443906.25,-23.21319
2798444062.5,-23.2173
2798444218.75,-23.21706
2798444375.0,-23.21388
2798444531.25,-23.2121
2798444687.5,-23.21163
2798444843.75,-23.20935
2798445000.0,-23.21078
2798445156.25,-23.20903
2798445312.5,-23.20891
2798445468.75,-23.2069
2798445625.0,-23.20607
2798445781.25,-23.20686
2798445937.5,-23.20412
2798446093.75,-23.2037
2798446250.0,-23.20105
2798446406.25,-23.19931
2798446562.5,-23.19933
2798446718.75,-23.19979
2798446875.0,-23.19848
2798447031.25,-23.19773
2798447187.5,-23.19516
2798447343.75,-23.19306
2798447500.0,-23.19387
2798447656.25,-23.19523
2798447812.5,-23.19389
2798447968.75,-23.18678
2798448125.0,-23.18915
2798448281.25,-23.18709
2798448437.5,-23.18845
2798448593.75,-23.18678
2798448750.0,-23.18476
2798448906.25,-23.18542
2798449062.5,-23.18444
2798449218.75,-23.1843
2798449375.0,-23.1814
2798449531.25,-23.18001
2798449687.5,-23.18059
2798449843.75,-23.17927
2798450000.0,-23.17822
2798450156.25,-23.1757
2798450312.5,-23.17642
2798450468.75,-23.1748
2798450625.0,-23.1748
2798450781.25,-23.17377
2798450937.5,-23.17213
2798451093.75,-23.1699
2798451250.0,-23.1692
2798451406.25,-23.16866
2798451562.5,-23.16769
2798451718.75,-23.16555
2798451875.0,-23.16617
2798452031.25,-23.16355
2798452187.5,-23.16516
2798452343.75,-23.16269
2798452500.0,-23.1602
2798452656.25,-23.16059
2798452812.5,-23.15867
2798452968.75,-23.16084
2798453125.0,-23.15833
2798453281.25,-23.15935
2798453437.5,-23.15515
2798453593.75,-23.15536
2798453750.0,-23.15234
2798453906.25,-23.15219
2798454062.5,-23.15167
2798454218.75,-23.15018
2798454375.0,-23.15051
2798454531.25,-23.14649
2798454687.5,-23.14683
2798454843.75,-23.14569
2798455000.0,-23.14873
2798455156.25,-23.14525
2798455312.5,-23.14237
2798455468.75,-23.14332
2798455625.0,-23.1419
2798455781.25,-23.13974
2798455937.5,-23.13985
2798456093.75,-23.13958
2798456250.0,-23.13497
2798456406.25,-23.13764
2798456562.5,-23.13637
2798456718.75,-23.1356
2798456875.0,-23.13413
2798457031.25,-23.13297
2798457187.5,-23.13078
2798457343.75,-23.12807
2798457500.0,-23.1291
2798457656.25,-23.12513
2798457812.5,-23.1274
2798457968.75,-23.12733
2798458125.0,-23.12724
2798458281.25,-23.12169
2798458437.5,-23.12104
2798458593.75,-23.12204
2798458750.0,-23.12106
2798458906.25,-23.11947
2798459062.5,-23.11796
2798459218.75,-23.11797
2798459375.0,-23.11594
2798459531.25,-23.11332
2798459687.5,-23.11543
2798459843.75,-23.11596
2798460000.0,-23.11202
2798460156.25,-23.11185
2798460312.5,-23.10832
2798460468.75,-23.10721
2798460625.0,-23.10701
2798460781.25,-23.10646
2798460937.5,-23.10698
2798461093.75,-23.10779
2798461250.0,-23.10579
2798461406.25,-23.10293
2798461562.5,-23.10175
2798461718.75,-23.09958
2798461875.0,-23.10195
2798462031.25,-23.09965
2798462187.5,-23.09859
2798462343.75,-23.09724
2798462500.0,-23.09892
2798462656.25,-23.09775
2798462812.5,-23.09595
2798462968.75,-23.09451
2798463125.0,-23.09247
2798463281.25,-23.09055
2798463437.5,-23.09393
2798463593.75,-23.09151
2798463750.0,-23.08732
2798463906.25,-23.08942
2798464062.5,-23.08744
2798464218.75,-23.08379
2798464375.0,-23.08305
2798464531.25,-23.08425
2798464687.5,-23.08404
2798464843.75,-23.08148
2798465000.0,-23.08012
2798465156.25,-23.07952
2798465312.5,-23.07747
2798465468.75,-23.078
2798465625.0,-23.07719
2798465781.25,-23.07672
2798465937.5,-23.07359
2798466093.75,-23.07388
2798466250.0,-23.07439
2798466406.25,-23.07075
2798466562.5,-23.06995
2798466718.75,-23.07014
2798466875.0,-23.06896
2798467031.25,-23.0664
2798467187.5,-23.06641
2798467343.75,-23.06444
2798467500.0,-23.06483
2798467656.25,-23.06049
2798467812.5,-23.06286
2798467968.75,-23.06088
2798468125.0,-23.06039
2798468281.25,-23.05918
2798468437.5,-23.0608
2798468593.75,-23.0574
2798468750.0,-23.0571
2798468906.25,-23.05389
2798469062.5,-23.0576
2798469218.75,-23.05505
2798469375.0,-23.05227
2798469531.25,-23.052
2798469687.5,-23.05023
2798469843.75,-23.05084
2798470000.0,-23.04512
2798470156.25,-23.04599
2798470312.5,-23.04474
2798470468.75,-23.04412
2798470625.0,-23.04468
2798470781.25,-23.04304
2798470937.5,-23.04151
2798471093.75,-23.03941
2798471250.0,-23.04059
2798471406.25,-23.03988
2798471562.5,-23.04064
2798471718.75,-23.03927
2798471875.0,-23.03679
2798472031.25,-23.03285
2798472187.5,-23.03539
2798472343.75,-23.03385
2798472500.0,-23.03252
2798472656.25,-23.03254
2798472812.5,-23.03046
2798472968.75,-23.02934
2798473125.0,-23.02722
2798473281.25,-23.02691
2798473437.5,-23.02432
2798473593.75,-23.0267
2798473750.0,-23.02463
2798473906.25,-23.02327
2798474062.5,-23.02048
2798474218.75,-23.01945
2798474375.0,-23.02115
2798474531.25,-23.01694
2798474687.5,-23.01697
2798474843.75,-23.01854
2798475000.0,-23.01625
2798475156.25,-23.01767
2798475312.5,-23.01214
2798475468.75,-23.01345
2798475625.0,-23.0142
2798475781.25,-23.01068
2798475937.5,-23.00865
2798476093.75,-23.00831
2798476250.0,-23.00744
2798476406.25,-23.00674
2798476562.5,-23.00753
2798476718.75,-23.00216
2798476875.0,-23.00481
2798477031.25,-23.00163
2798477187.5,-22.9984
2798477343.75,-22.99997
2798477500.0,-22.99754
2798477656.25,-22.99837
2798477812.5,-22.99777
2798477968.75,-22.99861
2798478125.0,-22.99707
2798478281.25,-22.99491
2798478437.5,-22.99429
2798478593.75,-22.99198
2798478750.0,-22.99149
2798478906.25,-22.98997
2798479062.5,-22.98939
2798479218.75,-22.98785
2798479375.0,-22.98637
2798479531.25,-22.98561
2798479687.5,-22.98495
2798479843.75,-22.9859
2798480000.0,-22.98314
2798480156.25,-22.98271
2798480312.5,-22.98224
2798480468.75,-22.98037
2798480625.0,-22.97833
2798480781.25,-22.9773
2798480937.5,-22.97543
2798481093.75,-22.97663
2798481250.0,-22.97694
2798481406.25,-22.97478
2798481562.5,-22.97342
2798481718.75,-22.97143
2798481875.0,-22.97049
2798482031.25,-22.97217
2798482187.5,-22.97054
2798482343.75,-22.96615
2798482500.0,-22.96522
2798482656.25,-22.96375
2798482812.5,-22.96394
2798482968.75,-22.96384
2798483125.0,-22.96063
2798483281.25,-22.96251
2798483437.5,-22.96059
2798483593.75,-22.9604
2798483750.0,-22.95957
2798483906.25,-22.95478
2798484062.5,-22.9589
2798484218.75,-22.95708
2798484375.0,-22.95391
2798484531.25,-22.9529
2798484687.5,-22.95393
2798484843.75,-22.94975
2798485000.0,-22.94835
2798485156.25,-22.94821
2798485312.5,-22.94792
2798485468.75,-22.94726
2798485625.0,-22.94599
2798485781.25,-22.94554
2798485937.5,-22.94243
2798486093.75,-22.94423
2798486250.0,-22.9417
2798486406.25,-22.93748
2798486562.5,-22.93859
2798486718.75,-22.94088
2798486875.0,-22.9381
2798487031.25,-22.93622
2798487187.5,-22.93465
2798487343.75,-22.93573
2798487500.0,-22.93289
2798487656.25,-22.93583
2798487812.5,-22.932
2798487968.75,-22.92912
2798488125.0,-22.92661
2798488281.25,-22.93041
2798488437.5,-22.93096
2798488593.75,-22.92491
2798488750.0,-22.92511
2798488906.25,-22.92328
2798489062.5,-22.9233
2798489218.75,-22.92156
2798489375.0,-22.92261
2798489531.25,-22.91858
2798489687.5,-22.92133
2798489843.75,-22.91742
2798490000.0,-22.92008
2798490156.25,-22.91743
2798490312.5,-22.91447
2798490468.75,-22.91384
2798490625.0,-22.91523
2798490781.25,-22.91207
2798490937.5,-22.91269
2798491093.75,-22.90945
2798491250.0,-22.90795
2798491406.25,-22.90368
2798491562.5,-22.90701
2798491718.75,-22.90595
2798491875.0,-22.90332
2798492031.25,-22.90591
2798492187.5,-22.90393
2798492343.75,-22.90239
2798492500.0,-22.9021
2798492656.25,-22.89843
2798492812.5,-22.89779
2798492968.75,-22.89914
2798493125.0,-22.89694
2798493281.25,-22.89616
2798493437.5,-22.89641
2798493593.75,-22.89277
2798493750.0,-22.89307
2798493906.25,-22.89045
2798494062.5,-22.8868
2798494218.75,-22.88616
2798494375.0,-22.89022
2798494531.25,-22.88829
2798494687.5,-22.8855
2798494843.75,-22.8857
2798495000.0,-22.88371
2798495156.25,-22.88219
2798495312.5,-22.8829
2798495468.75,-22.88145
2798495625.0,-22.88148
2798495781.25,-22.87901
2798495937.5,-22.8795
2798496093.75,-22.87881
2798496250.0,-22.87441
2798496406.25,-22.87562
2798496562.5,-22.87029
2798496718.75,-22.87241
2798496875.0,-22.87083
2798497031.25,-22.87156
2798497187.5,-22.86707
2798497343.75,-22.86986
2798497500.0,-22.8683
2798497656.25,-22.86519
2798497812.5,-22.86523
2798497968.75,-22.86338
2798498125.0,-22.86301
2798498281.25,-22.86195
2798498437.5,-22.8611
2798498593.75,-22.863
2798498750.0,-22.85951
2798498906.25,-22.85837
2798499062.5,-22.85777
2798499218.75,-22.85732
2798499375.0,-22.85239
2798499531.25,-22.85309
2798499687.5,-22.85289
2798499843.75,-22.85243
2798500000.0,-22.84944
2798500156.25,-22.84937
2798500312.5,-22.851
2798500468.75,-22.84688
2798500625.0,-22.84673
2798500781.25,-22.84476
2798500937.5,-22.8465
2798501093.75,-22.84373
2798501250.0,-22.84124
2798501406.25,-22.84329
2798501562.5,-22.83977
2798501718.75,-22.84018
2798501875.0,-22.83642
2798502031.25,-22.83792
2798502187.5,-22.837
2798502343.75,-22.83451
2798502500.0,-22.83313
2798502656.25,-22.83466
2798502812.5,-22.83303
2798502968.75,-22.83181
2798503125.0,-22.83214
2798503281.25,-22.82887
2798503437.5,-22.82721
2798503593.75,-22.82742
2798503750.0,-22.82695
2798503906.25,-22.8251
2798504062.5,-22.8217
2798504218.75,-22.82399
2798504375.0,-22.81767
2798504531.25,-22.81977
2798504687.5,-22.81905
2798504843.75,-22.81791
2798505000.0,-22.81736
2798505156.25,-22.81435
2798505312.5,-22.81758
2798505468.75,-22.81306
2798505625.0,-22.81312
2798505781.25,-22.81088
2798505937.5,-22.81036
2798506093.75,-22.80712
2798506250.0,-22.80874
2798506406.25,-22.8084
2798506562.5,-22.80628
2798506718.75,-22.80536
2798506875.0,-22.80319
2798507031.25,-22.80463
2798507187.5,-22.80366
2798507343.75,-22.80505
2798507500.0,-22.80235
2798507656.25,-22.79798
2798507812.5,-22.7967
2798507968.75,-22.79865
2798508125.0,-22.79584
2798508281.25,-22.79529
2798508437.5,-22.79285
2798508593.75,-22.79189
2798508750.0,-22.79044
2798508906.25,-22.78884
2798509062.5,-22.7902
2798509218.75,-22.79099
2798509375.0,-22.7871
2798509531.25,-22.78715
2798509687.5,-22.78525
2798509843.75,-22.78298
2798510000.0,-22.78616
2798510156.25,-22.78378
2798510312.5,-22.78036
2798510468.75,-22.78064
2798510625.0,-22.77845
2798510781.25,-22.77853
2798510937.5,-22.77737
2798511093.75,-22.779
2798511250.0,-22.77583
2798511406.25,-22.77473
2798511562.5,-22.77508
2798511718.75,-22.77377
2798511875.0,-22.77111
2798512031.25,-22.77129
2798512187.5,-22.76928
2798512343.75,-22.76643
2798512500.0,-22.76684
2798512656.25,-22.76413
2798512812.5,-22.76493
2798512968.75,-22.76184
2798513125.0,-22.76315
2798513281.25,-22.76658
2798513437.5,-22.7625
2798513593.75,-22.76054
2798513750.0,-22.75906
2798513906.25,-22.75702
2798514062.5,-22.75724
2798514218.75,-22.75564
2798514375.0,-22.75107
2798514531.25,-22.75489
2798514687.5,-22.75359
2798514843.75,-22.7504
2798515000.0,-22.74755
2798515156.25,-22.74687
2798515312.5,-22.74803
2798515468.75,-22.74759
2798515625.0,-22.75056
2798515781.25,-22.74553
2798515937.5,-22.74141
2798516093.75,-22.74387
2798516250.0,-22.74207
2798516406.25,-22.74039
2798516562.5,-22.73845
2798516718.75,-22.73778
2798516875.0,-22.73614
2798517031.25,-22.73895
2798517187.5,-22.73632
2798517343.75,-22.73233
2798517500.0,-22.73285
2798517656.25,-22.73389
2798517812.5,-22.73075
2798517968.75,-22.72856
2798518125.0,-22.72784
2798518281.25,-22.72878
2798518437.5,-22.72932
2798518593.75,-22.72529
2798518750.0,-22.72628
2798518906.25,-22.72402
2798519062.5,-22.72158
2798519218.75,-22.72285
2798519375.0,-22.71888
2798519531.25,-22.71903
2798519687.5,-22.71859
2798519843.75,-22.71857
2798520000.0,-22.71409
2798520156.25,-22.71595
2798520312.5,-22.71447
2798520468.75,-22.71395
2798520625.0,-22.71241
2798520781.25,-22.71157
2798520937.5,-22.71017
2798521093.75,-22.70852
2798521250.0,-22.70774
2798521406.25,-22.70909
2798521562.5,-22.70395
2798521718.75,-22.70506
2798521875.0,-22.70485
2798522031.25,-22.70102
2798522187.5,-22.70089
2798522343.75,-22.70192
2798522500.0,-22.70002
2798522656.25,-22.69887
2798522812.5,-22.69816
2798522968.75,-22.69692
2798523125.0,-22.69512
2798523281.25,-22.69225
2798523437.5,-22.69182
2798523593.75,-22.69252
2798523750.0,-22.69076
2798523906.25,-22.68829
2798524062.5,-22.68839
2798524218.75,-22.68648
2798524375.0,-22.68731
2798524531.25,-22.68583
2798524687.5,-22.6834
2798524843.75,-22.6811
2798525000.0,-22.6823
2798525156.25,-22.68007
2798525312.5,-22.68199
2798525468.75,-22.68048
2798525625.0,-22.67681
2798525781.25,-22.67689
2798525937.5,-22.67582
2798526093.75,-22.67311
2798526250.0,-22.6757
2798526406.25,-22.67525
2798526562.5,-22.67109
2798526718.75,-22.67088
2798526875.0,-22.67024
2798527031.25,-22.66985
2798527187.5,-22.67022
2798527343.75,-22.6663
2798527500.0,-22.66359
2798527656.25,-22.6651
2798527812.5,-22.66488
2798527968.75,-22.6625
2798528125.0,-22.66111
2798528281.25,-22.66008
2798528437.5,-22.6567
2798528593.75,-22.65849
2798528750.0,-22.65856
2798528906.25,-22.65658
2798529062.5,-22.65434
2798529218.75,-22.65568
2798529375.0,-22.65375
2798529531.25,-22.65522
2798529687.5,-22.64874
2798529843.75,-22.64993
2798530000.0,-22.64887
2798530156.25,-22.64697
2798530312.5,-22.64535
2798530468.75,-22.64655
2798530625.0,-22.64327
2798530781.25,-22.64429
2798530937.5,-22.64189
2798531093.75,-22.64127
2798531250.0,-22.63848
2798531406.25,-22.63899
2798531562.5,-22.63895
2798531718.75,-22.63804
2798531875.0,-22.63543
2798532031.25,-22.63528
2798532187.5,-22.63553
2798532343.75,-22.63491
2798532500.0,-22.63415
2798532656.25,-22.62992
2798532812.5,-22.63003
2798532968.75,-22.62909
2798533125.0,-22.63063
2798533281.25,-22.62511
2798533437.5,-22.62393
2798533593.75,-22.62369
2798533750.0,-22.62363
2798533906.25,-22.62206
2798534062.5,-22.62123
2798534218.75,-22.61835
2798534375.0,-22.61984
2798534531.25,-22.61539
2798534687.5,-22.61725
2798534843.75,-22.61667
2798535000.0,-22.61454
2798535156.25,-22.6134
2798535312.5,-22.61208
2798535468.75,-22.61353
2798535625.0,-22.61068
2798535781.25,-22.61042
2798535937.5,-22.60813
2798536093.75,-22.60713
2798536250.0,-22.60642
2798536406.25,-22.60453
2798536562.5,-22.60426
2798536718.75,-22.60313
2798536875.0,-22.60278
2798537031.25,-22.60009
2798537187.5,-22.60107
2798537343.75,-22.59976
2798537500.0,-22.59777
2798537656.25,-22.59682
2798537812.5,-22.59471
2798537968.75,-22.59608
2798538125.0,-22.59162
2798538281.25,-22.5913
2798538437.5,-22.59378
2798538593.75,-22.58961
2798538750.0,-22.58852
2798538906.25,-22.5906
2798539062.5,-22.58647
2798539218.75,-22.58625
2798539375.0,-22.58617
2798539531.25,-22.58232
2798539687.5,-22.58061
2798539843.75,-22.58186
2798540000.0,-22.58035
2798540156.25,-22.57919
2798540312.5,-22.5785
2798540468.75,-22.57654
2798540625.0,-22.57566
2798540781.25,-22.57382
2798540937.5,-22.57546
2798541093.75,-22.57317
2798541250.0,-22.57041
2798541406.25,-22.56915
2798541562.5,-22.57192
2798541718.75,-22.56798
2798541875.0,-22.56902
2798542031.25,-22.56487
2798542187.5,-22.56852
2798542343.75,-22.56483
2798542500.0,-22.56219
2798542656.25,-22.5629
2798542812.5,-22.56102
2798542968.75,-22.55863
2798543125.0,-22.56155
2798543281.25,-22.55641
2798543437.5,-22.55841
2798543593.75,-22.5579
2798543750.0,-22.55274
2798543906.25,-22.55196
2798544062.5,-22.55247
2798544218.75,-22.55198
2798544375.0,-22.55153
2798544531.25,-22.54843
2798544687.5,-22.55007
2798544843.75,-22.54899
2798545000.0,-22.54645
2798545156.25,-22.54439
2798545312.5,-22.54581
2798545468.75,-22.54386
2798545625.0,-22.54135
2798545781.25,-22.53973
2798545937.5,-22.54072
2798546093.75,-22.5363
2798546250.0,-22.53854
2798546406.25,-22.53831
2798546562.5,-22.53399
2798546718.75,-22.53285
2798546875.0,-22.53226
2798547031.25,-22.53204
2798547187.5,-22.53085
2798547343.75,-22.52849
2798547500.0,-22.52898
2798547656.25,-22.52689
2798547812.5,-22.52766
2798547968.75,-22.52613
2798548125.0,-22.52417
2798548281.25,-22.52388
2798548437.5,-22.52197
2798548593.75,-22.52028
2798548750.0,-22.52053
2798548906.25,-22.51825
2798549062.5,-22.51781
2798549218.75,-22.51717
2798549375.0,-22.51679
2798549531.25,-22.51761
2798549687.5,-22.51227
2798549843.75,-22.5142
2798550000.0,-22.51448
2798550156.25,-22.50953
2798550312.5,-22.51033
2798550468.75,-22.50989
2798550625.0,-22.50855
2798550781.25,-22.50813
2798550937.5,-22.50748
2798551093.75,-22.50325
2798551250.0,-22.50402
2798551406.25,-22.50267
2798551562.5,-22.50209
2798551718.75,-22.49908
2798551875.0,-22.50025
2798552031.25,-22.49693
2798552187.5,-22.49841
2798552343.75,-22.49509
2798552500.0,-22.49451
2798552656.25,-22.49375
2798552812.5,-22.49191
2798552968.75,-22.49204
2798553125.0,-22.48978
2798553281.25,-22.48895
2798553437.5,-22.48859
2798553593.75,-22.4883
2798553750.0,-22.48661
2798553906.25,-22.48573
2798554062.5,-22.48521
2798554218.75,-22.48259
2798554375.0,-22.48091
2798554531.25,-22.48037
2798554687.5,-22.4788
2798554843.75,-22.47718
2798555000.0,-22.47746
2798555156.25,-22.47604
2798555312.5,-22.47467
2798555468.75,-22.47324
2798555625.0,-22.4712
2798555781.25,-22.47182
2798555937.5,-22.47175
2798556093.75,-22.46931
2798556250.0,-22.46924
2798556406.25,-22.46537
2798556562.5,-22.46518
2798556718.75,-22.46261
2798556875.0,-22.46061
2798557031.25,-22.46282
2798557187.5,-22.45997
2798557343.75,-22.46125
2798557500.0,-22.45875
2798557656.25,-22.45921
2798557812.5,-22.4584
2798557968.75,-22.4586
2798558125.0,-22.45453
2798558281.25,-22.45238
2798558437.5,-22.45191
2798558593.75,-22.4525
2798558750.0,-22.45086
2798558906.25,-22.45031
2798559062.5,-22.44806
2798559218.75,-22.44801
2798559375.0,-22.44752
2798559531.25,-22.44393
2798559687.5,-22.44339
2798559843.75,-22.44379
2798560000.0,-22.44024
2798560156.25,-22.44143
2798560312.5,-22.43969
2798560468.75,-22.43787
2798560625.0,-22.43913
2798560781.25,-22.43639
2798560937.5,-22.43637
2798561093.75,-22.43593
2798561250.0,-22.43295
2798561406.25,-22.43302
2798561562.5,-22.43303
2798561718.75,-22.42851
2798561875.0,-22.42975
2798562031.25,-22.42927
2798562187.5,-22.42925
2798562343.75,-22.42554
2798562500.0,-22.42335
2798562656.25,-22.42118
2798562812.5,-22.42391
2798562968.75,-22.42147
2798563125.0,-22.42108
2798563281.25,-22.42023
2798563437.5,-22.41789
2798563593.75,-22.41685
2798563750.0,-22.41573
2798563906.25,-22.41606
2798564062.5,-22.41248
2798564218.75,-22.41168
2798564375.0,-22.41165
2798564531.25,-22.41157
2798564687.5,-22.40893
2798564843.75,-22.40742
2798565000.0,-22.40646
2798565156.25,-22.40806
2798565312.5,-22.40379
2798565468.75,-22.40169
2798565625.0,-22.40236
2798565781.25,-22.40149
2798565937.5,-22.40126
2798566093.75,-22.39818
2798566250.0,-22.39823
2798566406.25,-22.3964
2798566562.5,-22.39539
2798566718.75,-22.39595
2798566875.0,-22.39442
2798567031.25,-22.39506
2798567187.5,-22.39264
2798567343.75,-22.3919
2798567500.0,-22.39076
2798567656.25,-22.38985
2798567812.5,-22.38683
2798567968.75,-22.38748
2798568125.0,-22.3852
2798568281.25,-22.3834
2798568437.5,-22.38094
2798568593.75,-22.38248
2798568750.0,-22.38264
2798568906.25,-22.38104
2798569062.5,-22.38071
2798569218.75,-22.37782
2798569375.0,-22.37542
2798569531.25,-22.37456
2798569687.5,-22.37605
2798569843.75,-22.37553
2798570000.0,-22.37237
2798570156.25,-22.37032
2798570312.5,-22.36856
2798570468.75,-22.36741
2798570625.0,-22.367
2798570781.25,-22.36613
2798570937.5,-22.36513
2798571093.75,-22.36398
2798571250.0,-22.36229
2798571406.25,-22.3634
2798571562.5,-22.35921
2798571718.75,-22.36116
2798571875.0,-22.36049
2798572031.25,-22.35766
2798572187.5,-22.35653
2798572343.75,-22.35513
2798572500.0,-22.35475
2798572656.25,-22.35477
2798572812.5,-22.35263
2798572968.75,-22.35135
2798573125.0,-22.3498
2798573281.25,-22.3497
2798573437.5,-22.34755
2798573593.75,-22.34783
2798573750.0,-22.34631
2798573906.25,-22.34518
2798574062.5,-22.34359
2798574218.75,-22.34383
2798574375.0,-22.34049
2798574531.25,-22.34079
2798574687.5,-22.34037
2798574843.75,-22.33858
2798575000.0,-22.33637
2798575156.25,-22.33571
2798575312.5,-22.3354
2798575468.75,-22.33637
2798575625.0,-22.3333
2798575781.25,-22.33267
2798575937.5,-22.3314
2798576093.75,-22.33029
2798576250.0,-22.32906
2798576406.25,-22.32644
2798576562.5,-22.32678
2798576718.75,-22.32879
2798576875.0,-22.32399
2798577031.25,-22.32041
2798577187.5,-22.32186
2798577343.75,-22.31924
2798577500.0,-22.31931
2798577656.25,-22.31733
2798577812.5,-22.316
2798577968.75,-22.3151
2798578125.0,-22.31719
2798578281.25,-22.31429
2798578437.5,-22.31161
2798578593.75,-22.31167
2798578750.0,-22.31034
2798578906.25,-22.31
2798579062.5,-22.30887
2798579218.75,-22.30707
2798579375.0,-22.30763
2798579531.25,-22.30454
2798579687.5,-22.30298
2798579843.75,-22.30123
2798580000.0,-22.30107
2798580156.25,-22.30068
2798580312.5,-22.29915
2798580468.75,-22.29692
2798580625.0,-22.29683
2798580781.25,-22.29558
2798580937.5,-22.29768
2798581093.75,-22.29538
2798581250.0,-22.29075
2798581406.25,-22.29159
2798581562.5,-22.28934
2798581718.75,-22.29086
2798581875.0,-22.28725
2798582031.25,-22.28647
2798582187.5,-22.28535
2798582343.75,-22.28389
2798582500.0,-22.28482
2798582656.25,-22.28165
2798582812.5,-22.2831
2798582968.75,-22.2831
2798583125.0,-22.27901
2798583281.25,-22.27794
2798583437.5,-22.27863
2798583593.75,-22.27584
2798583750.0,-22.2754
2798583906.25,-22.27551
2798584062.5,-22.2723
2798584218.75,-22.27096
2798584375.0,-22.27111
2798584531.25,-22.26949
2798584687.5,-22.26832
2798584843.75,-22.26794
2798585000.0,-22.26737
2798585156.25,-22.26446
2798585312.5,-22.26245
2798585468.75,-22.26707
2798585625.0,-22.26079
2798585781.25,-22.2585
2798585937.5,-22.25888
2798586093.75,-22.25939
2798586250.0,-22.25971
2798586406.25,-22.25775
2798586562.5,-22.25438
2798586718.75,-22.25245
2798586875.0,-22.25232
2798587031.25,-22.25254
2798587187.5,-22.25195
2798587343.75,-22.24939
2798587500.0,-22.24736
2798587656.25,-22.24439
2798587812.5,-22.24593
2798587968.75,-22.24625
2798588125.0,-22.24442
2798588281.25,-22.24359
2798588437.5,-22.24239
2798588593.75,-22.24023
2798588750.0,-22.2389
2798588906.25,-22.23719
2798589062.5,-22.23841
2798589218.75,-22.23661
2798589375.0,-22.23567
2798589531.25,-22.23324
2798589687.5,-22.23327
2798589843.75,-22.23086
2798590000.0,-22.23095
2798590156.25,-22.22923
2798590312.5,-22.2295
2798590468.75,-22.225
2798590625.0,-22.22737
2798590781.25,-22.22561
2798590937.5,-22.22478
2798591093.75,-22.2235
2798591250.0,-22.22124
2798591406.25,-22.21957
2798591562.5,-22.21968
2798591718.75,-22.21817
2798591875.0,-22.21737
2798592031.25,-22.21411
2798592187.5,-22.21532
2798592343.75,-22.21677
2798592500.0,-22.21368
2798592656.25,-22.21052
2798592812.5,-22.2108
2798592968.75,-22.21027
2798593125.0,-22.21065
2798593281.25,-22.20735
2798593437.5,-22.20601
2798593593.75,-22.20501
2798593750.0,-22.20191
2798593906.25,-22.20195
2798594062.5,-22.20317
2798594218.75,-22.20062
2798594375.0,-22.19926
2798594531.25,-22.19915
2798594687.5,-22.19681
2798594843.75,-22.19623
2798595000.0,-22.19603
2798595156.25,-22.19632
2798595312.5,-22.19109
2798595468.75,-22.19199
2798595625.0,-22.19069
2798595781.25,-22.18859
2798595937.5,-22.18937
2798596093.75,-22.18783
2798596250.0,-22.18585
2798596406.25,-22.18505
2798596562.5,-22.18201
2798596718.75,-22.18299
2798596875.0,-22.18096
2798597031.25,-22.18082
2798597187.5,-22.17909
2798597343.75,-22.17931
2798597500.0,-22.17635
2798597656.25,-22.17542
2798597812.5,-22.17522
2798597968.75,-22.17507
2798598125.0,-22.17247
2798598281.25,-22.17205
2798598437.5,-22.17051
2798598593.75,-22.16864
2798598750.0,-22.17168
2798598906.25,-22.16867
2798599062.5,-22.16581
2798599218.75,-22.1654
2798599375.0,-22.16493
2798599531.25,-22.16159
2798599687.5,-22.16158
2798599843.75,-22.16011
2798600000.0,-22.16095
2798600156.25,-22.1569
2798600312.5,-22.15635
2798600468.75,-22.15691
2798600625.0,-22.15535
2798600781.25,-22.15161
2798600937.5,-22.14971
2798601093.75,-22.15013
2798601250.0,-22.15141
2798601406.25,-22.14896
2798601562.5,-22.14786
2798601718.75,-22.14742
2798601875.0,-22.14404
2798602031.25,-22.14395
2798602187.5,-22.1415
2798602343.75,-22.14118
2798602500.0,-22.14169
2798602656.25,-22.1383
2798602812.5,-22.13806
2798602968.75,-22.13576
2798603125.0,-22.13523
2798603281.25,-22.13682
2798603437.5,-22.13313
2798603593.75,-22.13342
2798603750.0,-22.13217
2798603906.25,-22.12861
2798604062.5,-22.12789
2798604218.75,-22.13056
2798604375.0,-22.12707
2798604531.25,-22.12641
2798604687.5,-22.12608
2798604843.75,-22.12418
2798605000.0,-22.12163
2798605156.25,-22.12316
2798605312.5,-22.12016
2798605468.75,-22.11966
2798605625.0,-22.11776
2798605781.25,-22.116
2798605937.5,-22.11786
2798606093.75,-22.11438
2798606250.0,-22.1155
2798606406.25,-22.10969
2798606562.5,-22.11228
2798606718.75,-22.11066
2798606875.0,-22.10953
2798607031.25,-22.10939
2798607187.5,-22.10703
2798607343.75,-22.10617
2798607500.0,-22.10482
2798607656.25,-22.10359
2798607812.5,-22.10215
2798607968.75,-22.10139
2798608125.0,-22.10206
2798608281.25,-22.10055
2798608437.5,-22.09861
2798608593.75,-22.09786
2798608750.0,-22.09323
2798608906.25,-22.09674
2798609062.5,-22.09455
2798609218.75,-22.095
2798609375.0,-22.09036
2798609531.25,-22.0889
2798609687.5,-22.08571
2798609843.75,-22.08784
2798610000.0,-22.08688
2798610156.25,-22.0855
2798610312.5,-22.0863
2798610468.75,-22.0837
2798610625.0,-22.08267
2798610781.25,-22.08228
2798610937.5,-22.07767
2798611093.75,-22.0804
2798611250.0,-22.07767
2798611406.25,-22.07889
2798611562.5,-22.07801
2798611718.75,-22.07394
2798611875.0,-22.07129
2798612031.25,-22.07369
2798612187.5,-22.07047
2798612343.75,-22.07105
2798612500.0,-22.07
2798612656.25,-22.06712
2798612812.5,-22.06688
2798612968.75,-22.06516
2798613125.0,-22.06321
2798613281.25,-22.06274
2798613437.5,-22.0635
2798613593.75,-22.06248
2798613750.0,-22.05998
2798613906.25,-22.05872
2798614062.5,-22.06037
2798614218.75,-22.05796
2798614375.0,-22.05534
2798614531.25,-22.05466
2798614687.5,-22.05535
2798614843.75,-22.05156
2798615000.0,-22.05148
2798615156.25,-22.04925
2798615312.5,-22.04781
2798615468.75,-22.04683
2798615625.0,-22.04675
2798615781.25,-22.04882
2798615937.5,-22.04437
2798616093.75,-22.04292
2798616250.0,-22.04187
2798616406.25,-22.03939
2798616562.5,-22.03857
2798616718.75,-22.03792
2798616875.0,-22.03949
2798617031.25,-22.034
2798617187.5,-22.03503
2798617343.75,-22.03363
2798617500.0,-22.03399
2798617656.25,-22.0302
2798617812.5,-22.02978
2798617968.75,-22.02989
2798618125.0,-22.02613
2798618281.25,-22.02662
2798618437.5,-22.02409
2798618593.75,-22.02369
2798618750.0,-22.02422
2798618906.25,-22.02214
2798619062.5,-22.02343
2798619218.75,-22.02107
2798619375.0,-22.01983
2798619531.25,-22.01656
2798619687.5,-22.01778
2798619843.75,-22.01645
2798620000.0,-22.01357
2798620156.25,-22.01307
2798620312.5,-22.01323
2798620468.75,-22.01144
2798620625.0,-22.0106
2798620781.25,-22.00842
2798620937.5,-22.00589
2798621093.75,-22.00575
2798621250.0,-22.00345
2798621406.25,-22.00432
2798621562.5,-22.00215
2798621718.75,-21.99967
2798621875.0,-21.99977
2798622031.25,-21.99985
2798622187.5,-21.99834
2798622343.75,-21.99837
2798622500.0,-21.99504
2798622656.25,-21.9927
2798622812.5,-21.99432
2798622968.75,-21.99179
2798623125.0,-21.99168
2798623281.25,-21.99123
2798623437.5,-21.98897
2798623593.75,-21.9865
2798623750.0,-21.98772
2798623906.25,-21.98406
2798624062.5,-21.98258
2798624218.75,-21.983
2798624375.0,-21.98204
2798624531.25,-21.98235
2798624687.5,-21.98096
2798624843.75,-21.98074
2798625000.0,-21.97756
2798625156.25,-21.97726
2798625312.5,-21.97549
2798625468.75,-21.97509
2798625625.0,-21.97327
2798625781.25,-21.97214
2798625937.5,-21.97342
2798626093.75,-21.97155
2798626250.0,-21.9677
2798626406.25,-21.96675
2798626562.5,-21.9647
2798626718.75,-21.9648
2798626875.0,-21.96396
2798627031.25,-21.96182
2798627187.5,-21.96334
2798627343.75,-21.95977
2798627500.0,-21.95702
2798627656.25,-21.95715
2798627812.5,-21.95788
2798627968.75,-21.95633
2798628125.0,-21.95722
2798628281.25,-21.95402
2798628437.5,-21.952
2798628593.75,-21.95116
2798628750.0,-21.95018
2798628906.25,-21.94874
2798629062.5,-21.94769
2798629218.75,-21.94458
2798629375.0,-21.94446
2798629531.25,-21.94295
2798629687.5,-21.94238
2798629843.75,-21.94429
2798630000.0,-21.94188
2798630156.25,-21.93679
2798630312.5,-21.93808
2798630468.75,-21.9394
2798630625.0,-21.93742
2798630781.25,-21.93523
2798630937.5,-21.93428
2798631093.75,-21.93428
2798631250.0,-21.9301
2798631406.25,-21.93219
2798631562.5,-21.92836
2798631718.75,-21.92943
2798631875.0,-21.92719
2798632031.25,-21.92657
2798632187.5,-21.92567
2798632343.75,-21.92467
2798632500.0,-21.92137
2798632656.25,-21.91953
2798632812.5,-21.92206
2798632968.75,-21.91933
2798633125.0,-21.91816
2798633281.25,-21.9183
2798633437.5,-21.91229
2798633593.75,-21.91549
2798633750.0,-21.91174
2798633906.25,-21.91338
2798634062.5,-21.91078
2798634218.75,-21.90927
2798634375.0,-21.90921
2798634531.25,-21.90607
2798634687.5,-21.90585
2798634843.75,-21.90665
2798635000.0,-21.90383
2798635156.25,-21.90113
2798635312.5,-21.90255
2798635468.75,-21.90162
2798635625.0,-21.89849
2798635781.25,-21.89796
2798635937.5,-21.89653
2798636093.75,-21.89574
2798636250.0,-21.89453
2798636406.25,-21.89262
2798636562.5,-21.89303
2798636718.75,-21.89195
2798636875.0,-21.88863
2798637031.25,-21.88949
2798637187.5,-21.88606
2798637343.75,-21.88463
2798637500.0,-21.88795
2798637656.25,-21.88438
2798637812.5,-21.88524
2798637968.75,-21.88264
2798638125.0,-21.88077
2798638281.25,-21.87988
2798638437.5,-21.87838
2798638593.75,-21.87827
2798638750.0,-21.87677
2798638906.25,-21.87398
2798639062.5,-21.8764
2798639218.75,-21.87293
2798639375.0,-21.87177
2798639531.25,-21.87126
2798639687.5,-21.86866
2798639843.75,-21.86731
2798640000.0,-21.86366
2798640156.25,-21.8647
2798640312.5,-21.86431
2798640468.75,-21.86481
2798640625.0,-21.86355
2798640781.25,-21.86229
2798640937.5,-21.86052
2798641093.75,-21.86065
2798641250.0,-21.85954
2798641406.25,-21.85419
2798641562.5,-21.85459
2798641718.75,-21.85436
2798641875.0,-21.85373
2798642031.25,-21.85306
2798642187.5,-21.85119
2798642343.75,-21.84832
2798642500.0,-21.84876
2798642656.25,-21.84715
2798642812.5,-21.84501
2798642968.75,-21.84361
2798643125.0,-21.84529
2798643281.25,-21.84266
2798643437.5,-21.84295
2798643593.75,-21.83954
2798643750.0,-21.8383
2798643906.25,-21.83795
2798644062.5,-21.83624
2798644218.75,-21.83405
2798644375.0,-21.83619
2798644531.25,-21.83279
2798644687.5,-21.83061
2798644843.75,-21.82964
2798645000.0,-21.83164
2798645156.25,-21.8308
2798645312.5,-21.82732
2798645468.75,-21.82735
2798645625.0,-21.82614
2798645781.25,-21.82407
2798645937.5,-21.82068
2798646093.75,-21.82168
2798646250.0,-21.82053
2798646406.25,-21.81685
2798646562.5,-21.81542
2798646718.75,-21.81844
2798646875.0,-21.81345
2798647031.25,-21.81356
2798647187.5,-21.81336
2798647343.75,-21.81375
2798647500.0,-21.81211
2798647656.25,-21.80993
2798647812.5,-21.80952
2798647968.75,-21.80755
2798648125.0,-21.80645
2798648281.25,-21.80543
2798648437.5,-21.80531
2798648593.75,-21.80195
2798648750.0,-21.80015
2798648906.25,-21.80091
2798649062.5,-21.79709
2798649218.75,-21.79837
2798649375.0,-21.79697
2798649531.25,-21.79943
2798649687.5,-21.7954
2798649843.75,-21.79257
2798650000.0,-21.79107
2798650156.25,-21.79344
2798650312.5,-21.78735
2798650468.75,-21.78783
2798650625.0,-21.78777
2798650781.25,-21.78517
2798650937.5,-21.78566
2798651093.75,-21.78354
2798651250.0,-21.78382
2798651406.25,-21.78306
2798651562.5,-21.78194
2798651718.75,-21.77987
2798651875.0,-21.77689
2798652031.25,-21.77901
2798652187.5,-21.77608
2798652343.75,-21.77398
2798652500.0,-21.77365
2798652656.25,-21.77267
2798652812.5,-21.77183
2798652968.75,-21.77066
2798653125.0,-21.7695
2798653281.25,-21.76837
2798653437.5,-21.76731
2798653593.75,-21.76734
2798653750.0,-21.76517
2798653906.25,-21.76322
2798654062.5,-21.76384
2798654218.75,-21.75918
2798654375.0,-21.75861
2798654531.25,-21.75668
2798654687.5,-21.75718
2798654843.75,-21.75573
2798655000.0,-21.75419
2798655156.25,-21.75315
2798655312.5,-21.75345
2798655468.75,-21.75089
2798655625.0,-21.7494
2798655781.25,-21.74713
2798655937.5,-21.74685
2798656093.75,-21.74749
2798656250.0,-21.74717
2798656406.25,-21.74634
2798656562.5,-21.74247
2798656718.75,-21.74317
2798656875.0,-21.74182
2798657031.25,-21.74095
2798657187.5,-21.73762
2798657343.75,-21.73783
2798657500.0,-21.736
2798657656.25,-21.7355
2798657812.5,-21.73493
2798657968.75,-21.7335
2798658125.0,-21.73059
2798658281.25,-21.73149
2798658437.5,-21.72959
2798658593.75,-21.72623
2798658750.0,-21.72752
2798658906.25,-21.72411
2798659062.5,-21.72523
2798659218.75,-21.72257
2798659375.0,-21.72423
2798659531.25,-21.72126
2798659687.5,-21.71945
2798659843.75,-21.71919
2798660000.0,-21.71815
2798660156.25,-21.71936
2798660312.5,-21.71313
2798660468.75,-21.71305
2798660625.0,-21.7145
2798660781.25,-21.71034
2798660937.5,-21.71179
2798661093.75,-21.70881
2798661250.0,-21.70823
2798661406.25,-21.70541
2798661562.5,-21.70498
2798661718.75,-21.70455
2798661875.0,-21.70412
2798662031.25,-21.69947
2798662187.5,-21.70162
2798662343.75,-21.69823
2798662500.0,-21.69869
2798662656.25,-21.69561
2798662812.5,-21.69582
2798662968.75,-21.6959
2798663125.0,-21.693
2798663281.25,-21.69168
2798663437.5,-21.69105
2798663593.75,-21.68932
2798663750.0,-21.68902
2798663906.25,-21.68695
2798664062.5,-21.68668
2798664218.75,-21.68572
2798664375.0,-21.68503
2798664531.25,-21.68505
2798664687.5,-21.68153
2798664843.75,-21.68161
2798665000.0,-21.67847
2798665156.25,-21.67725
2798665312.5,-21.67943
2798665468.75,-21.67729
2798665625.0,-21.67505
2798665781.25,-21.67545
2798665937.5,-21.67225
2798666093.75,-21.67201
2798666250.0,-21.6714
2798666406.25,-21.66753
2798666562.5,-21.66645
2798666718.75,-21.66522
2798666875.0,-21.66492
2798667031.25,-21.66405
2798667187.5,-21.66353
2798667343.75,-21.66092
2798667500.0,-21.66332
2798667656.25,-21.65981
2798667812.5,-21.66026
2798667968.75,-21.65819
2798668125.0,-21.65371
2798668281.25,-21.65418
2798668437.5,-21.65306
2798668593.75,-21.65356
2798668750.0,-21.65221
2798668906.25,-21.64722
2798669062.5,-21.64797
2798669218.75,-21.649
2798669375.0,-21.64785
2798669531.25,-21.64526
2798669687.5,-21.64369
2798669843.75,-21.64174
2798670000.0,-21.64206
2798670156.25,-21.63987
2798670312.5,-21.63927
2798670468.75,-21.63699
2798670625.0,-21.63704
2798670781.25,-21.6347
2798670937.5,-21.63517
2798671093.75,-21.63513
2798671250.0,-21.63238
2798671406.25,-21.63008
2798671562.5,-21.62995
2798671718.75,-21.62834
2798671875.0,-21.62763
2798672031.25,-21.62661
2798672187.5,-21.62409
2798672343.75,-21.62282
2798672500.0,-21.62265
2798672656.25,-21.62098
2798672812.5,-21.6214
2798672968.75,-21.61849
2798673125.0,-21.61889
2798673281.25,-21.61674
2798673437.5,-21.61601
2798673593.75,-21.6154
2798673750.0,-21.61327
2798673906.25,-21.60811
2798674062.5,-21.61258
2798674218.75,-21.60785
2798674375.0,-21.60664
2798674531.25,-21.6079
2798674687.5,-21.60539
2798674843.75,-21.6047
2798675000.0,-21.60138
2798675156.25,-21.60086
2798675312.5,-21.60104
2798675468.75,-21.60086
2798675625.0,-21.5971
2798675781.25,-21.59911
2798675937.5,-21.59621
2798676093.75,-21.59682
2798676250.0,-21.59113
2798676406.25,-21.5929
2798676562.5,-21.59259
2798676718.75,-21.59011
2798676875.0,-21.59012
2798677031.25,-21.5894
2798677187.5,-21.58529
2798677343.75,-21.58493
2798677500.0,-21.58282
2798677656.25,-21.58408
2798677812.5,-21.58172
2798677968.75,-21.58102
2798678125.0,-21.57922
2798678281.25,-21.57851
2798678437.5,-21.57642
2798678593.75,-21.57501
2798678750.0,-21.57325
2798678906.25,-21.57352
2798679062.5,-21.57244
2798679218.75,-21.57153
2798679375.0,-21.57156
2798679531.25,-21.56871
2798679687.5,-21.56701
2798679843.75,-21.56536
2798680000.0,-21.56584
2798680156.25,-21.56375
2798680312.5,-21.56252
2798680468.75,-21.56186
2798680625.0,-21.55907
2798680781.25,-21.56032
2798680937.5,-21.55782
2798681093.75,-21.55677
2798681250.0,-21.55795
2798681406.25,-21.55778
2798681562.5,-21.55375
2798681718.75,-21.55122
2798681875.0,-21.55264
2798682031.25,-21.54789
2798682187.5,-21.54791
2798682343.75,-21.54706
2798682500.0,-21.54535
2798682656.25,-21.54588
2798682812.5,-21.54478
2798682968.75,-21.54294
2798683125.0,-21.53994
2798683281.25,-21.53988
2798683437.5,-21.53883
2798683593.75,-21.53609
2798683750.0,-21.53454
2798683906.25,-21.53602
2798684062.5,-21.53439
2798684218.75,-21.53254
2798684375.0,-21.52995
2798684531.25,-21.53205
2798684687.5,-21.53022
2798684843.75,-21.52954
2798685000.0,-21.52635
2798685156.25,-21.52412
2798685312.5,-21.52462
2798685468.75,-21.52195
2798685625.0,-21.52212
2798685781.25,-21.5194
2798685937.5,-21.51988
2798686093.75,-21.51624
2798686250.0,-21.51479
2798686406.25,-21.51515
2798686562.5,-21.51413
2798686718.75,-21.51338
2798686875.0,-21.51226
2798687031.25,-21.51041
2798687187.5,-21.51047
2798687343.75,-21.50713
2798687500.0,-21.50629
2798687656.25,-21.50784
2798687812.5,-21.50639
2798687968.75,-21.50347
2798688125.0,-21.50085
2798688281.25,-21.50185
2798688437.5,-21.49819
2798688593.75,-21.49904
2798688750.0,-21.50004
2798688906.25,-21.49758
2798689062.5,-21.49693
2798689218.75,-21.49677
2798689375.0,-21.49282
2798689531.25,-21.49249
2798689687.5,-21.49129
2798689843.75,-21.48981
2798690000.0,-21.48798
2798690156.25,-21.48885
2798690312.5,-21.48688
2798690468.75,-21.48541
2798690625.0,-21.48369
2798690781.25,-21.48221
2798690937.5,-21.47941
2798691093.75,-21.47802
2798691250.0,-21.47954
2798691406.25,-21.4774
2798691562.5,-21.47646
2798691718.75,-21.4758
2798691875.0,-21.47367
2798692031.25,-21.4744
2798692187.5,-21.47178
2798692343.75,-21.46986
2798692500.0,-21.46967
2798692656.25,-21.46573
2798692812.5,-21.4679
2798692968.75,-21.46701
2798693125.0,-21.46338
2798693281.25,-21.46212
2798693437.5,-21.46212
2798693593.75,-21.46002
2798693750.0,-21.45841
2798693906.25,-21.45804
2798694062.5,-21.45709
2798694218.75,-21.45667
2798694375.0,-21.45653
2798694531.25,-21.45352
2798694687.5,-21.45052
2798694843.75,-21.4523
2798695000.0,-21.44983
2798695156.25,-21.44981
2798695312.5,-21.44759
2798695468.75,-21.44625
2798695625.0,-21.44508
2798695781.25,-21.44385
2798695937.5,-21.44372
2798696093.75,-21.4404
2798696250.0,-21.44083
2798696406.25,-21.43999
2798696562.5,-21.43628
2798696718.75,-21.43586
2798696875.0,-21.43315
2798697031.25,-21.43455
2798697187.5,-21.43243
2798697343.75,-21.43159
2798697500.0,-21.43229
2798697656.25,-21.42957
2798697812.5,-21.42805
2798697968.75,-21.42815
2798698125.0,-21.42507
2798698281.25,-21.42504
2798698437.5,-21.42306
2798698593.75,-21.41991
2798698750.0,-21.41921
2798698906.25,-21.41777
2798699062.5,-21.41782
2798699218.75,-21.41661
2798699375.0,-21.41511
2798699531.25,-21.41365
2798699687.5,-21.41077
2798699843.75,-21.41164
2798700000.0,-21.41096
2798700156.25,-21.40859
2798700312.5,-21.40885
2798700468.75,-21.40684
2798700625.0,-21.40685
2798700781.25,-21.40554
2798700937.5,-21.40217
2798701093.75,-21.39977
2798701250.0,-21.40174
2798701406.25,-21.39857
2798701562.5,-21.39948
2798701718.75,-21.39816
2798701875.0,-21.3968
2798702031.25,-21.39418
2798702187.5,-21.39108
2798702343.75,-21.39256
2798702500.0,-21.39149
2798702656.25,-21.38906
2798702812.5,-21.38834
2798702968.75,-21.38526
2798703125.0,-21.38709
2798703281.25,-21.38325
2798703437.5,-21.38358
2798703593.75,-21.38177
2798703750.0,-21.37973
2798703906.25,-21.38227
2798704062.5,-21.37878
2798704218.75,-21.37676
2798704375.0,-21.37677
2798704531.25,-21.37371
2798704687.5,-21.37641
2798704843.75,-21.3723
2798705000.0,-21.37296
2798705156.25,-21.37166
2798705312.5,-21.36825
2798705468.75,-21.37
2798705625.0,-21.36537
2798705781.25,-21.36519
2798705937.5,-21.36548
2798706093.75,-21.36321
2798706250.0,-21.36168
2798706406.25,-21.36189
2798706562.5,-21.35743
2798706718.75,-21.35821
2798706875.0,-21.35779
2798707031.25,-21.35681
2798707187.5,-21.35271
2798707343.75,-21.35135
2798707500.0,-21.35547
2798707656.25,-21.34953
2798707812.5,-21.34987
2798707968.75,-21.34906
2798708125.0,-21.3472
2798708281.25,-21.3458
2798708437.5,-21.34581
2798708593.75,-21.3442
2798708750.0,-21.34164
2798708906.25,-21.34137
2798709062.5,-21.33804
2798709218.75,-21.3391
2798709375.0,-21.33838
2798709531.25,-21.33493
2798709687.5,-21.33461
2798709843.75,-21.3332
2798710000.0,-21.33275
2798710156.25,-21.33119
2798710312.5,-21.33027
2798710468.75,-21.32736
2798710625.0,-21.3278
2798710781.25,-21.32362
2798710937.5,-21.32403
2798711093.75,-21.32338
2798711250.0,-21.3213
2798711406.25,-21.31993
2798711562.5,-21.32154
2798711718.75,-21.31871
2798711875.0,-21.31814
2798712031.25,-21.31516
2798712187.5,-21.31429
2798712343.75,-21.31439
2798712500.0,-21.31266
2798712656.25,-21.31314
2798712812.5,-21.30976
2798712968.75,-21.3091
2798713125.0,-21.30669
2798713281.25,-21.30429
2798713437.5,-21.30796
2798713593.75,-21.30419
2798713750.0,-21.30279
2798713906.25,-21.3028
2798714062.5,-21.30246
2798714218.75,-21.30039
2798714375.0,-21.29878
2798714531.25,-21.29588
2798714687.5,-21.29415
2798714843.75,-21.29214
2798715000.0,-21.29377
2798715156.25,-21.29202
2798715312.5,-21.29029
2798715468.75,-21.28814
2798715625.0,-21.2878
2798715781.25,-21.28674
2798715937.5,-21.28642
2798716093.75,-21.28553
2798716250.0,-21.28167
2798716406.25,-21.27999
2798716562.5,-21.28125
2798716718.75,-21.27684
2798716875.0,-21.27863
2798717031.25,-21.27731
2798717187.5,-21.27748
2798717343.75,-21.27505
2798717500.0,-21.27397
2798717656.25,-21.27173
2798717812.5,-21.27157
2798717968.75,-21.26918
2798718125.0,-21.26832
2798718281.25,-21.26605
2798718437.5,-21.26633
2798718593.75,-21.26387
2798718750.0,-21.26451
2798718906.25,-21.26299
2798719062.5,-21.26131
2798719218.75,-21.25965
2798719375.0,-21.25964
2798719531.25,-21.25616
2798719687.5,-21.25756
2798719843.75,-21.25233
2798720000.0,-21.25316
2798720156.25,-21.25289
2798720312.5,-21.25169
2798720468.75,-21.25168
2798720625.0,-21.24573
2798720781.25,-21.24856
2798720937.5,-21.24347
2798721093.75,-21.24459
2798721250.0,-21.24078
2798721406.25,-21.24246
2798721562.5,-21.2417
2798721718.75,-21.24014
2798721875.0,-21.23702
2798722031.25,-21.23824
2798722187.5,-21.23674
2798722343.75,-21.23496
2798722500.0,-21.23339
2798722656.25,-21.23009
2798722812.5,-21.22951
2798722968.75,-21.23118
2798723125.0,-21.2272
2798723281.25,-21.22635
2798723437.5,-21.22671
2798723593.75,-21.22479
2798723750.0,-21.22392
2798723906.25,-21.222
2798724062.5,-21.21929
2798724218.75,-21.22137
2798724375.0,-21.21836
2798724531.25,-21.2176
2798724687.5,-21.21523
2798724843.75,-21.2142
2798725000.0,-21.21396
2798725156.25,-21.21259
2798725312.5,-21.21043
2798725468.75,-21.21042
2798725625.0,-21.20555
2798725781.25,-21.20692
2798725937.5,-21.20706
2798726093.75,-21.20658
2798726250.0,-21.20223
2798726406.25,-21.20229
2798726562.5,-21.20156
2798726718.75,-21.19822
2798726875.0,-21.19809
2798727031.25,-21.1957
2798727187.5,-21.19609
2798727343.75,-21.19508
2798727500.0,-21.19353
2798727656.25,-21.19328
2798727812.5,-21.19119
2798727968.75,-21.18901
2798728125.0,-21.18779
2798728281.25,-21.18501
2798728437.5,-21.18589
2798728593.75,-21.18319
2798728750.0,-21.18419
2798728906.25,-21.18441
2798729062.5,-21.18006
2798729218.75,-21.17867
2798729375.0,-21.18004
2798729531.25,-21.17695
2798729687.5,-21.17344
2798729843.75,-21.1749
2798730000.0,-21.17247
2798730156.25,-21.17304
2798730312.5,-21.17371
2798730468.75,-21.17102
2798730625.0,-21.16936
2798730781.25,-21.16768
2798730937.5,-21.16669
2798731093.75,-21.16401
2798731250.0,-21.16252
2798731406.25,-21.16177
2798731562.5,-21.16033
2798731718.75,-21.16109
2798731875.0,-21.15771
2798732031.25,-21.16093
2798732187.5,-21.15492
2798732343.75,-21.15438
2798732500.0,-21.15311
2798732656.25,-21.15078
2798732812.5,-21.14868
2798732968.75,-21.14779
2798733125.0,-21.14898
2798733281.25,-21.14739
2798733437.5,-21.1484
2798733593.75,-21.14387
2798733750.0,-21.14592
2798733906.25,-21.14319
2798734062.5,-21.14133
2798734218.75,-21.14082
2798734375.0,-21.13692
2798734531.25,-21.13555
2798734687.5,-21.13486
2798734843.75,-21.13243
2798735000.0,-21.13203
2798735156.25,-21.13191
2798735312.5,-21.12976
2798735468.75,-21.13019
2798735625.0,-21.12908
2798735781.25,-21.12626
2798735937.5,-21.12637
2798736093.75,-21.1236
2798736250.0,-21.12226
2798736406.25,-21.12226
2798736562.5,-21.12161
2798736718.75,-21.11905
2798736875.0,-21.11871
2798737031.25,-21.11687
2798737187.5,-21.11657
2798737343.75,-21.11173
2798737500.0,-21.11484
2798737656.25,-21.11227
2798737812.5,-21.11082
2798737968.75,-21.10812
2798738125.0,-21.1092
2798738281.25,-21.10737
2798738437.5,-21.10649
2798738593.75,-21.10556
2798738750.0,-21.1029
2798738906.25,-21.10284
2798739062.5,-21.09894
2798739218.75,-21.09908
2798739375.0,-21.0972
2798739531.25,-21.09716
2798739687.5,-21.09538
2798739843.75,-21.09525
2798740000.0,-21.09239
2798740156.25,-21.09126
2798740312.5,-21.0917
2798740468.75,-21.08846
2798740625.0,-21.08725
2798740781.25,-21.0857
2798740937.5,-21.08683
2798741093.75,-21.08429
2798741250.0,-21.08201
2798741406.25,-21.08288
2798741562.5,-21.08117
2798741718.75,-21.07962
2798741875.0,-21.07727
2798742031.25,-21.07433
2798742187.5,-21.07288
2798742343.75,-21.07574
2798742500.0,-21.07485
2798742656.25,-21.07286
2798742812.5,-21.06989
2798742968.75,-21.06893
2798743125.0,-21.06963
2798743281.25,-21.06706
2798743437.5,-21.06403
2798743593.75,-21.0639
2798743750.0,-21.0622
2798743906.25,-21.06249
2798744062.5,-21.06249
2798744218.75,-21.0592
2798744375.0,-21.05854
2798744531.25,-21.05755
2798744687.5,-21.0562
2798744843.75,-21.05642
2798745000.0,-21.05242
2798745156.25,-21.04997
2798745312.5,-21.04819
2798745468.75,-21.04938
2798745625.0,-21.04812
2798745781.25,-21.04553
2798745937.5,-21.04533
2798746093.75,-21.04432
2798746250.0,-21.04118
2798746406.25,-21.04195
2798746562.5,-21.03994
2798746718.75,-21.03925
2798746875.0,-21.03757
2798747031.25,-21.03805
2798747187.5,-21.03366
2798747343.75,-21.03332
2798747500.0,-21.03322
2798747656.25,-21.03058
2798747812.5,-21.0313
2798747968.75,-21.0284
2798748125.0,-21.02765
2798748281.25,-21.02589
2798748437.5,-21.02567
2798748593.75,-21.02443
2798748750.0,-21.02214
2798748906.25,-21.0214
2798749062.5,-21.01812
2798749218.75,-21.02113
2798749375.0,-21.01808
2798749531.25,-21.01404
2798749687.5,-21.01653
2798749843.75,-21.01431
2798750000.0,-21.01262
2798750156.25,-21.00983
2798750312.5,-21.00829
2798750468.75,-21.0081
2798750625.0,-21.00704
2798750781.25,-21.00785
2798750937.5,-21.0058
2798751093.75,-21.00153
2798751250.0,-21.00245
2798751406.25,-20.99993
2798751562.5,-20.99838
2798751718.75,-20.99572
2798751875.0,-20.99721
2798752031.25,-20.99469
2798752187.5,-20.99217
2798752343.75,-20.99252
2798752500.0,-20.99172
2798752656.25,-20.99045
2798752812.5,-20.98706
2798752968.75,-20.98539
2798753125.0,-20.98782
2798753281.25,-20.98361
2798753437.5,-20.98493
2798753593.75,-20.98102
2798753750.0,-20.9825
2798753906.25,-20.98099
2798754062.5,-20.97815
2798754218.75,-20.97661
2798754375.0,-20.97637
2798754531.25,-20.97511
2798754687.5,-20.9739
2798754843.75,-20.97257
2798755000.0,-20.9707
2798755156.25,-20.97076
2798755312.5,-20.96788
2798755468.75,-20.96978
2798755625.0,-20.96484
2798755781.25,-20.96482
2798755937.5,-20.9646
2798756093.75,-20.96294
2798756250.0,-20.95999
2798756406.25,-20.96082
2798756562.5,-20.95752
2798756718.75,-20.95633
2798756875.0,-20.9576
2798757031.25,-20.95421
2798757187.5,-20.95016
2798757343.75,-20.95186
2798757500.0,-20.95068
2798757656.25,-20.94774
2798757812.5,-20.94976
2798757968.75,-20.94815
2798758125.0,-20.94442
2798758281.25,-20.94633
2798758437.5,-20.94484
2798758593.75,-20.94363
2798758750.0,-20.93918
2798758906.25,-20.93926
2798759062.5,-20.94165
2798759218.75,-20.93714
2798759375.0,-20.93359
2798759531.25,-20.9355
2798759687.5,-20.93344
2798759843.75,-20.92979
2798760000.0,-20.93045
2798760156.25,-20.92984
2798760312.5,-20.92704
2798760468.75,-20.9262
2798760625.0,-20.92429
2798760781.25,-20.92287
2798760937.5,-20.9229
2798761093.75,-20.92187
2798761250.0,-20.91989
2798761406.25,-20.91612
2798761562.5,-20.91786
2798761718.75,-20.91382
2798761875.0,-20.91394
2798762031.25,-20.91375
2798762187.5,-20.91035
2798762343.75,-20.91094
2798762500.0,-20.90965
2798762656.25,-20.90892
2798762812.5,-20.90592
2798762968.75,-20.90577
2798763125.0,-20.90545
2798763281.25,-20.90368
2798763437.5,-20.9053
2798763593.75,-20.90273
2798763750.0,-20.8984
2798763906.25,-20.89676
2798764062.5,-20.8966
2798764218.75,-20.89664
2798764375.0,-20.89394
2798764531.25,-20.89398
2798764687.5,-20.8917
2798764843.75,-20.89172
2798765000.0,-20.89103
2798765156.25,-20.88608
2798765312.5,-20.88718
2798765468.75,-20.88463
2798765625.0,-20.88458
2798765781.25,-20.88268
2798765937.5,-20.87974
2798766093.75,-20.88081
2798766250.0,-20.87957
2798766406.25,-20.87779
2798766562.5,-20.87571
2798766718.75,-20.8751
2798766875.0,-20.87578
2798767031.25,-20.87232
2798767187.5,-20.87197
2798767343.75,-20.87017
2798767500.0,-20.86983
2798767656.25,-20.86853
2798767812.5,-20.86516
2798767968.75,-20.86427
2798768125.0,-20.86239
2798768281.25,-20.86161
2798768437.5,-20.86112
2798768593.75,-20.86113
2798768750.0,-20.85844
2798768906.25,-20.85763
2798769062.5,-20.85422
2798769218.75,-20.85446
2798769375.0,-20.85372
2798769531.25,-20.85131
2798769687.5,-20.85118
2798769843.75,-20.84904
2798770000.0,-20.84663
2798770156.25,-20.84769
2798770312.5,-20.84557
2798770468.75,-20.8425
2798770625.0,-20.84169
2798770781.25,-20.84077
2798770937.5,-20.83941
2798771093.75,-20.83812
2798771250.0,-20.83581
2798771406.25,-20.83742
2798771562.5,-20.83475
2798771718.75,-20.83477
2798771875.0,-20.8352
2798772031.25,-20.832
2798772187.5,-20.82952
2798772343.75,-20.8273
2798772500.0,-20.82637
2798772656.25,-20.82547
2798772812.5,-20.82449
2798772968.75,-20.82121
2798773125.0,-20.82144
2798773281.25,-20.81996
2798773437.5,-20.81865
2798773593.75,-20.81686
2798773750.0,-20.81682
2798773906.25,-20.81456
2798774062.5,-20.81444
2798774218.75,-20.81346
2798774375.0,-20.8116
2798774531.25,-20.80988
2798774687.5,-20.81055
2798774843.75,-20.80739
2798775000.0,-20.80702
2798775156.25,-20.80531
2798775312.5,-20.80398
2798775468.75,-20.8015
2798775625.0,-20.80158
2798775781.25,-20.80063
2798775937.5,-20.79913
2798776093.75,-20.7964
2798776250.0,-20.79536
2798776406.25,-20.7966
2798776562.5,-20.79345
2798776718.75,-20.79246
2798776875.0,-20.7898
2798777031.25,-20.78945
2798777187.5,-20.78847
2798777343.75,-20.78595
2798777500.0,-20.78218
2798777656.25,-20.78298
2798777812.5,-20.78242
2798777968.75,-20.78119
2798778125.0,-20.77942
2798778281.25,-20.77713
2798778437.5,-20.77958
2798778593.75,-20.77717
2798778750.0,-20.77496
2798778906.25,-20.77253
2798779062.5,-20.77177
2798779218.75,-20.76942
2798779375.0,-20.77103
2798779531.25,-20.76942
2798779687.5,-20.76692
2798779843.75,-20.76781
2798780000.0,-20.76455
2798780156.25,-20.76276
2798780312.5,-20.76135
2798780468.75,-20.75957
2798780625.0,-20.75971
2798780781.25,-20.75744
2798780937.5,-20.75616
2798781093.75,-20.75486
2798781250.0,-20.75522
2798781406.25,-20.75254
2798781562.5,-20.75071
2798781718.75,-20.75185
2798781875.0,-20.7487
2798782031.25,-20.74656
2798782187.5,-20.74552
2798782343.75,-20.7439
2798782500.0,-20.74348
2798782656.25,-20.74246
2798782812.5,-20.74036
2798782968.75,-20.74019
2798783125.0,-20.73775
2798783281.25,-20.73719
2798783437.5,-20.73642
2798783593.75,-20.73429
2798783750.0,-20.73128
2798783906.25,-20.73114
2798784062.5,-20.7309
2798784218.75,-20.7283
2798784375.0,-20.72841
2798784531.25,-20.7268
2798784687.5,-20.72705
2798784843.75,-20.72322
2798785000.0,-20.72323
2798785156.25,-20.72333
2798785312.5,-20.71997
2798785468.75,-20.71849
2798785625.0,-20.72055
2798785781.25,-20.71662
2798785937.5,-20.71441
2798786093.75,-20.71419
2798786250.0,-20.71015
2798786406.25,-20.71075
2798786562.5,-20.71023
2798786718.75,-20.70694
2798786875.0,-20.70675
2798787031.25,-20.70548
2798787187.5,-20.70613
2798787343.75,-20.7024
2798787500.0,-20.70097
2798787656.25,-20.69989
2798787812.5,-20.70066
2798787968.75,-20.69854
2798788125.0,-20.69771
2798788281.25,-20.69429
2798788437.5,-20.69297
2798788593.75,-20.69245
2798788750.0,-20.69019
2798788906.25,-20.69039
2798789062.5,-20.68866
2798789218.75,-20.68655
2798789375.0,-20.68546
2798789531.25,-20.68604
2798789687.5,-20.68358
2798789843.75,-20.68175
2798790000.0,-20.6775
2798790156.25,-20.67887
2798790312.5,-20.67852
2798790468.75,-20.67646
2798790625.0,-20.67418
2798790781.25,-20.67344
2798790937.5,-20.67236
2798791093.75,-20.67193
2798791250.0,-20.67134
2798791406.25,-20.66616
2798791562.5,-20.66753
2798791718.75,-20.66525
2798791875.0,-20.66494
2798792031.25,-20.66389
2798792187.5,-20.66272
2798792343.75,-20.66174
2798792500.0,-20.66152
2798792656.25,-20.65889
2798792812.5,-20.65611
2798792968.75,-20.6564
2798793125.0,-20.65343
2798793281.25,-20.65277
2798793437.5,-20.65102
2798793593.75,-20.65011
2798793750.0,-20.64697
2798793906.25,-20.6488
2798794062.5,-20.64628
2798794218.75,-20.6439
2798794375.0,-20.64355
2798794531.25,-20.64185
2798794687.5,-20.64067
2798794843.75,-20.64002
2798795000.0,-20.63796
2798795156.25,-20.6369
2798795312.5,-20.63672
2798795468.75,-20.63371
2798795625.0,-20.63315
2798795781.25,-20.63052
2798795937.5,-20.63109
2798796093.75,-20.63022
2798796250.0,-20.62696
2798796406.25,-20.62737
2798796562.5,-20.62512
2798796718.75,-20.62381
2798796875.0,-20.62179
2798797031.25,-20.6212
2798797187.5,-20.6202
2798797343.75,-20.61965
2798797500.0,-20.61739
2798797656.25,-20.61423
2798797812.5,-20.61423
2798797968.75,-20.61313
2798798125.0,-20.61279
2798798281.25,-20.61235
2798798437.5,-20.60842
2798798593.75,-20.60786
2798798750.0,-20.60552
2798798906.25,-20.60475
2798799062.5,-20.60444
2798799218.75,-20.60282
2798799375.0,-20.60172
2798799531.25,-20.59985
2798799687.5,-20.59933
2798799843.75,-20.59806
2798800000.0,-20.597
2798800156.25,-20.59316
2798800312.5,-20.59299
2798800468.75,-20.59109
2798800625.0,-20.58933
2798800781.25,-20.58764
2798800937.5,-20.58912
2798801093.75,-20.58536
2798801250.0,-20.58522
2798801406.25,-20.58244
2798801562.5,-20.58299
2798801718.75,-20.58116
2798801875.0,-20.58255
2798802031.25,-20.57968
2798802187.5,-20.57768
2798802343.75,-20.57397
2798802500.0,-20.57515
2798802656.25,-20.57308
2798802812.5,-20.57014
2798802968.75,-20.57133
2798803125.0,-20.56859
2798803281.25,-20.56827
2798803437.5,-20.56509
2798803593.75,-20.56525
2798803750.0,-20.56313
2798803906.25,-20.56255
2798804062.5,-20.5625
2798804218.75,-20.56121
2798804375.0,-20.55755
2798804531.25,-20.5549
2798804687.5,-20.55605
2798804843.75,-20.55284
2798805000.0,-20.55225
2798805156.25,-20.5523
2798805312.5,-20.5506
2798805468.75,-20.54679
2798805625.0,-20.547
2798805781.25,-20.54756
2798805937.5,-20.54432
2798806093.75,-20.54338
2798806250.0,-20.54162
2798806406.25,-20.54071
2798806562.5,-20.54077
2798806718.75,-20.53795
2798806875.0,-20.53823
2798807031.25,-20.53422
2798807187.5,-20.53332
2798807343.75,-20.53235
2798807500.0,-20.53192
2798807656.25,-20.5316
2798807812.5,-20.52793
2798807968.75,-20.52926
2798808125.0,-20.52653
2798808281.25,-20.52555
2798808437.5,-20.52279
2798808593.75,-20.52309
2798808750.0,-20.52127
2798808906.25,-20.5191
2798809062.5,-20.51674
2798809218.75,-20.5175
2798809375.0,-20.51497
2798809531.25,-20.51445
2798809687.5,-20.51396
2798809843.75,-20.51142
2798810000.0,-20.50879
2798810156.25,-20.50766
2798810312.5,-20.50586
2798810468.75,-20.50546
2798810625.0,-20.50366
2798810781.25,-20.50342
2798810937.5,-20.50127
2798811093.75,-20.50128
2798811250.0,-20.49943
2798811406.25,-20.49658
2798811562.5,-20.49608
2798811718.75,-20.49446
2798811875.0,-20.4943
2798812031.25,-20.49349
2798812187.5,-20.49135
2798812343.75,-20.4888
2798812500.0,-20.48831
2798812656.25,-20.48627
2798812812.5,-20.4842
2798812968.75,-20.48275
2798813125.0,-20.48303
2798813281.25,-20.4809
2798813437.5,-20.48234
2798813593.75,-20.48027
2798813750.0,-20.4775
2798813906.25,-20.4761
2798814062.5,-20.47393
2798814218.75,-20.47446
2798814375.0,-20.47172
2798814531.25,-20.47017
2798814687.5,-20.46901
2798814843.75,-20.4671
2798815000.0,-20.46587
2798815156.25,-20.4653
2798815312.5,-20.46414
2798815468.75,-20.46444
2798815625.0,-20.46138
2798815781.25,-20.46077
2798815937.5,-20.45794
2798816093.75,-20.45773
2798816250.0,-20.45562
2798816406.25,-20.45466
2798816562.5,-20.45133
2798816718.75,-20.45173
2798816875.0,-20.45093
2798817031.25,-20.44842
2798817187.5,-20.44796
2798817343.75,-20.44637
2798817500.0,-20.44711
2798817656.25,-20.44379
2798817812.5,-20.44266
2798817968.75,-20.44204
2798818125.0,-20.44062
2798818281.25,-20.43733
2798818437.5,-20.43654
2798818593.75,-20.43637
2798818750.0,-20.43459
2798818906.25,-20.434
2798819062.5,-20.43207
2798819218.75,-20.42931
2798819375.0,-20.42891
2798819531.25,-20.42593
2798819687.5,-20.42589
2798819843.75,-20.42559
2798820000.0,-20.42452
2798820156.25,-20.42134
2798820312.5,-20.42208
2798820468.75,-20.41912
2798820625.0,-20.41815
2798820781.25,-20.41758
2798820937.5,-20.41435
2798821093.75,-20.41328
2798821250.0,-20.41195
2798821406.25,-20.41089
2798821562.5,-20.41049
2798821718.75,-20.40977
2798821875.0,-20.40657
2798822031.25,-20.40638
2798822187.5,-20.40533
2798822343.75,-20.40314
2798822500.0,-20.40005
2798822656.25,-20.39901
2798822812.5,-20.40059
2798822968.75,-20.39664
2798823125.0,-20.39713
2798823281.25,-20.39474
2798823437.5,-20.39118
2798823593.75,-20.39247
2798823750.0,-20.3897
2798823906.25,-20.38987
2798824062.5,-20.38884
2798824218.75,-20.38616
2798824375.0,-20.38503
2798824531.25,-20.38384
2798824687.5,-20.38298
2798824843.75,-20.38013
2798825000.0,-20.38073
2798825156.25,-20.37825
2798825312.5,-20.37764
2798825468.75,-20.37821
2798825625.0,-20.3739
2798825781.25,-20.37238
2798825937.5,-20.3707
2798826093.75,-20.37077
2798826250.0,-20.36842
2798826406.25,-20.36856
2798826562.5,-20.36722
2798826718.75,-20.36365
2798826875.0,-20.36485
2798827031.25,-20.36145
2798827187.5,-20.36089
2798827343.75,-20.35996
2798827500.0,-20.35871
2798827656.25,-20.35674
2798827812.5,-20.35553
2798827968.75,-20.35443
2798828125.0,-20.35278
2798828281.25,-20.35049
2798828437.5,-20.34923
2798828593.75,-20.34753
2798828750.0,-20.3488
2798828906.25,-20.34512
2798829062.5,-20.34188
2798829218.75,-20.34046
2798829375.0,-20.34369
2798829531.25,-20.34199
2798829687.5,-20.34107
2798829843.75,-20.33934
2798830000.0,-20.33615
2798830156.25,-20.33419
2798830312.5,-20.33337
2798830468.75,-20.33181
2798830625.0,-20.33162
2798830781.25,-20.33036
2798830937.5,-20.329
2798831093.75,-20.32825
2798831250.0,-20.32619
2798831406.25,-20.3248
2798831562.5,-20.32352
2798831718.75,-20.32213
2798831875.0,-20.32146
2798832031.25,-20.31869
2798832187.5,-20.31825
2798832343.75,-20.31582
2798832500.0,-20.31594
2798832656.25,-20.31248
2798832812.5,-20.31199
2798832968.75,-20.31132
2798833125.0,-20.31021
2798833281.25,-20.30763
2798833437.5,-20.30625
2798833593.75,-20.3065
2798833750.0,-20.30349
2798833906.25,-20.30118
2798834062.5,-20.30117
2798834218.75,-20.29785
2798834375.0,-20.29831
2798834531.25,-20.29692
2798834687.5,-20.29683
2798834843.75,-20.29199
2798835000.0,-20.29136
2798835156.25,-20.28841
2798835312.5,-20.2886
2798835468.75,-20.28782
2798835625.0,-20.28587
2798835781.25,-20.28486
2798835937.5,-20.28407
2798836093.75,-20.28203
2798836250.0,-20.2817
2798836406.25,-20.28156
2798836562.5,-20.27829
2798836718.75,-20.27625
2798836875.0,-20.27482
2798837031.25,-20.274
2798837187.5,-20.27398
2798837343.75,-20.27195
2798837500.0,-20.27019
2798837656.25,-20.27175
2798837812.5,-20.26922
2798837968.75,-20.26694
2798838125.0,-20.26615
2798838281.25,-20.26417
2798838437.5,-20.26146
2798838593.75,-20.2596
2798838750.0,-20.25901
2798838906.25,-20.25823
2798839062.5,-20.2583
2798839218.75,-20.25608
2798839375.0,-20.25417
2798839531.25,-20.25137
2798839687.5,-20.25018
2798839843.75,-20.24905
2798840000.0,-20.24759
2798840156.25,-20.24704
2798840312.5,-20.24546
2798840468.75,-20.24479
2798840625.0,-20.24451
2798840781.25,-20.24195
2798840937.5,-20.24042
2798841093.75,-20.23826
2798841250.0,-20.23572
2798841406.25,-20.2361
2798841562.5,-20.234
2798841718.75,-20.23368
2798841875.0,-20.23331
2798842031.25,-20.23181
2798842187.5,-20.22736
2798842343.75,-20.2264
2798842500.0,-20.22539
2798842656.25,-20.22543
2798842812.5,-20.22243
2798842968.75,-20.22157
2798843125.0,-20.21871
2798843281.25,-20.21901
2798843437.5,-20.2189
2798843593.75,-20.21636
2798843750.0,-20.21393
2798843906.25,-20.21248
2798844062.5,-20.21231
2798844218.75,-20.20896
2798844375.0,-20.20904
2798844531.25,-20.20851
2798844687.5,-20.20789
2798844843.75,-20.20759
2798845000.0,-20.20368
2798845156.25,-20.20329
2798845312.5,-20.20146
2798845468.75,-20.19926
2798845625.0,-20.19721
2798845781.25,-20.19637
2798845937.5,-20.1955
2798846093.75,-20.19608
2798846250.0,-20.19563
2798846406.25,-20.19139
2798846562.5,-20.18893
2798846718.75,-20.18957
2798846875.0,-20.18769
2798847031.25,-20.18542
2798847187.5,-20.18526
2798847343.75,-20.18497
2798847500.0,-20.18154
2798847656.25,-20.17843
2798847812.5,-20.17843
2798847968.75,-20.17863
2798848125.0,-20.17481
2798848281.25,-20.17619
2798848437.5,-20.17541
2798848593.75,-20.17233
2798848750.0,-20.17127
2798848906.25,-20.1683
2798849062.5,-20.16763
2798849218.75,-20.16713
2798849375.0,-20.16507
2798849531.25,-20.16395
2798849687.5,-20.16417
2798849843.75,-20.16195
2798850000.0,-20.16025
2798850156.25,-20.15603
2798850312.5,-20.15628
2798850468.75,-20.15557
2798850625.0,-20.15545
2798850781.25,-20.15243
2798850937.5,-20.15158
2798851093.75,-20.15042
2798851250.0,-20.14753
2798851406.25,-20.14727
2798851562.5,-20.14696
2798851718.75,-20.14559
2798851875.0,-20.1417
2798852031.25,-20.14174
2798852187.5,-20.13911
2798852343.75,-20.13881
2798852500.0,-20.13562
2798852656.25,-20.13552
2798852812.5,-20.13593
2798852968.75,-20.13276
2798853125.0,-20.13013
2798853281.25,-20.12865
2798853437.5,-20.12811
2798853593.75,-20.12771
2798853750.0,-20.12571
2798853906.25,-20.12336
2798854062.5,-20.12423
2798854218.75,-20.12201
2798854375.0,-20.12043
2798854531.25,-20.11993
2798854687.5,-20.11723
2798854843.75,-20.11604
2798855000.0,-20.11381
2798855156.25,-20.11382
2798855312.5,-20.11214
2798855468.75,-20.10907
2798855625.0,-20.11036
2798855781.25,-20.10872
2798855937.5,-20.10593
2798856093.75,-20.10375
2798856250.0,-20.10387
2798856406.25,-20.10045
2798856562.5,-20.09921
2798856718.75,-20.0998
2798856875.0,-20.09905
2798857031.25,-20.09742
2798857187.5,-20.09524
2798857343.75,-20.09428
2798857500.0,-20.09248
2798857656.25,-20.09092
2798857812.5,-20.08887
2798857968.75,-20.08779
2798858125.0,-20.08548
2798858281.25,-20.08613
2798858437.5,-20.08306
2798858593.75,-20.08199
2798858750.0,-20.08207
2798858906.25,-20.07913
2798859062.5,-20.07693
2798859218.75,-20.07611
2798859375.0,-20.07655
2798859531.25,-20.07404
2798859687.5,-20.07315
2798859843.75,-20.0721
2798860000.0,-20.06928
2798860156.25,-20.0679
2798860312.5,-20.06882
2798860468.75,-20.06718
2798860625.0,-20.06189
2798860781.25,-20.06262
2798860937.5,-20.06099
2798861093.75,-20.05859
2798861250.0,-20.05942
2798861406.25,-20.05746
2798861562.5,-20.0552
2798861718.75,-20.05293
2798861875.0,-20.05194
2798862031.25,-20.05158
2798862187.5,-20.04964
2798862343.75,-20.04946
2798862500.0,-20.04668
2798862656.25,-20.04587
2798862812.5,-20.04557
2798862968.75,-20.04566
2798863125.0,-20.04195
2798863281.25,-20.03977
2798863437.5,-20.03782
2798863593.75,-20.0374
2798863750.0,-20.03654
2798863906.25,-20.03267
2798864062.5,-20.03299
2798864218.75,-20.0318
2798864375.0,-20.02876
2798864531.25,-20.02896
2798864687.5,-20.02881
2798864843.75,-20.02618
2798865000.0,-20.02407
2798865156.25,-20.02288
2798865312.5,-20.02221
2798865468.75,-20.02099
2798865625.0,-20.01925
2798865781.25,-20.01614
2798865937.5,-20.01505
2798866093.75,-20.01305
2798866250.0,-20.01285
2798866406.25,-20.01081
2798866562.5,-20.00936
2798866718.75,-20.00883
2798866875.0,-20.00877
2798867031.25,-20.00679
2798867187.5,-20.00652
2798867343.75,-20.00213
2798867500.0,-20.00151
2798867656.25,-20.00092
2798867812.5,-19.99973
2798867968.75,-19.99698
2798868125.0,-19.9969
2798868281.25,-19.99515
2798868437.5,-19.99171
2798868593.75,-19.99196
2798868750.0,-19.98948
2798868906.25,-19.98903
2798869062.5,-19.98631
2798869218.75,-19.98575
2798869375.0,-19.98561
2798869531.25,-19.98265
2798869687.5,-19.98103
2798869843.75,-19.97996
2798870000.0,-19.97769
2798870156.25,-19.97812
2798870312.5,-19.97535
2798870468.75,-19.97575
2798870625.0,-19.9737
2798870781.25,-19.97358
2798870937.5,-19.97341
2798871093.75,-19.96954
2798871250.0,-19.96824
2798871406.25,-19.96613
2798871562.5,-19.96481
2798871718.75,-19.96503
2798871875.0,-19.96301
2798872031.25,-19.95996
2798872187.5,-19.95984
2798872343.75,-19.95741
2798872500.0,-19.95609
2798872656.25,-19.95682
2798872812.5,-19.95204
2798872968.75,-19.9523
2798873125.0,-19.95067
2798873281.25,-19.9494
2798873437.5,-19.94777
2798873593.75,-19.94742
2798873750.0,-19.94521
2798873906.25,-19.94497
2798874062.5,-19.94381
2798874218.75,-19.93985
2798874375.0,-19.94057
2798874531.25,-19.94009
2798874687.5,-19.93641
2798874843.75,-19.93587
2798875000.0,-19.93329
2798875156.25,-19.9329
2798875312.5,-19.93231
2798875468.75,-19.92913
2798875625.0,-19.9282
2798875781.25,-19.92612
2798875937.5,-19.92497
2798876093.75,-19.92416
2798876250.0,-19.92091
2798876406.25,-19.92122
2798876562.5,-19.91879
2798876718.75,-19.91858
2798876875.0,-19.91769
2798877031.25,-19.91469
2798877187.5,-19.91307
2798877343.75,-19.91031
2798877500.0,-19.91182
2798877656.25,-19.90932
2798877812.5,-19.9076
2798877968.75,-19.9047
2798878125.0,-19.90439
2798878281.25,-19.90402
2798878437.5,-19.90522
2798878593.75,-19.90069
2798878750.0,-19.89999
2798878906.25,-19.89584
2798879062.5,-19.89604
2798879218.75,-19.8968
2798879375.0,-19.89311
2798879531.25,-19.89226
2798879687.5,-19.88943
2798879843.75,-19.88821
2798880000.0,-19.88802
2798880156.25,-19.8867
2798880312.5,-19.88531
2798880468.75,-19.88206
2798880625.0,-19.88054
2798880781.25,-19.87911
2798880937.5,-19.87879
2798881093.75,-19.87766
2798881250.0,-19.8758
2798881406.25,-19.87462
2798881562.5,-19.87481
2798881718.75,-19.87342
2798881875.0,-19.87075
2798882031.25,-19.86777
2798882187.5,-19.86755
2798882343.75,-19.86712
2798882500.0,-19.86526
2798882656.25,-19.8629
2798882812.5,-19.86086
2798882968.75,-19.8593
2798883125.0,-19.85776
2798883281.25,-19.85625
2798883437.5,-19.85623
2798883593.75,-19.85669
2798883750.0,-19.85284
2798883906.25,-19.85048
2798884062.5,-19.8513
2798884218.75,-19.84849
2798884375.0,-19.84799
2798884531.25,-19.84589
2798884687.5,-19.844
2798884843.75,-19.84296
2798885000.0,-19.84157
2798885156.25,-19.83906
2798885312.5,-19.83948
2798885468.75,-19.8389
2798885625.0,-19.83578
2798885781.25,-19.8338
2798885937.5,-19.83534
2798886093.75,-19.8317
2798886250.0,-19.83038
2798886406.25,-19.82878
2798886562.5,-19.82703
2798886718.75,-19.8258
2798886875.0,-19.82487
2798887031.25,-19.82214
2798887187.5,-19.82199
2798887343.75,-19.82074
2798887500.0,-19.81899
2798887656.25,-19.81486
2798887812.5,-19.81734
2798887968.75,-19.81402
2798888125.0,-19.81287
2798888281.25,-19.81085
2798888437.5,-19.80876
2798888593.75,-19.8091
2798888750.0,-19.80596
2798888906.25,-19.80461
2798889062.5,-19.80272
2798889218.75,-19.80193
2798889375.0,-19.80088
2798889531.25,-19.80004
2798889687.5,-19.80008
2798889843.75,-19.79559
2798890000.0,-19.79505
2798890156.25,-19.79438
2798890312.5,-19.79218
2798890468.75,-19.79172
2798890625.0,-19.79028
2798890781.25,-19.78874
2798890937.5,-19.78792
2798891093.75,-19.78596
2798891250.0,-19.78495
2798891406.25,-19.7826
2798891562.5,-19.78192
2798891718.75,-19.7799
2798891875.0,-19.77887
2798892031.25,-19.77623
2798892187.5,-19.77442
2798892343.75,-19.77262
2798892500.0,-19.7723
2798892656.25,-19.77047
2798892812.5,-19.7678
2798892968.75,-19.76714
2798893125.0,-19.76592
2798893281.25,-19.76642
2798893437.5,-19.765
2798893593.75,-19.76183
2798893750.0,-19.75977
2798893906.25,-19.75841
2798894062.5,-19.75767
2798894218.75,-19.75703
2798894375.0,-19.75449
2798894531.25,-19.75433
2798894687.5,-19.75077
2798894843.75,-19.75285
2798895000.0,-19.74925
2798895156.25,-19.74827
2798895312.5,-19.74669
2798895468.75,-19.74335
2798895625.0,-19.74321
2798895781.25,-19.73983
2798895937.5,-19.73976
2798896093.75,-19.73795
2798896250.0,-19.73758
2798896406.25,-19.73527
2798896562.5,-19.7366
2798896718.75,-19.7316
2798896875.0,-19.73168
2798897031.25,-19.72955
2798897187.5,-19.72751
2798897343.75,-19.72603
2798897500.0,-19.72429
2798897656.25,-19.72545
2798897812.5,-19.72352
2798897968.75,-19.72222
2798898125.0,-19.72039
2798898281.25,-19.71849
2798898437.5,-19.71731
2798898593.75,-19.71695
2798898750.0,-19.71254
2798898906.25,-19.71213
2798899062.5,-19.70996
2798899218.75,-19.70954
2798899375.0,-19.70688
2798899531.25,-19.70631
2798899687.5,-19.70354
2798899843.75,-19.70438
2798900000.0,-19.70215
2798900156.25,-19.6998
2798900312.5,-19.69888
2798900468.75,-19.69896
2798900625.0,-19.6964
2798900781.25,-19.69525
2798900937.5,-19.69365
2798901093.75,-19.69101
2798901250.0,-19.69038
2798901406.25,-19.69018
2798901562.5,-19.68793
2798901718.75,-19.68491
2798901875.0,-19.6834
2798902031.25,-19.68469
2798902187.5,-19.68201
2798902343.75,-19.67994
2798902500.0,-19.68011
2798902656.25,-19.67897
2798902812.5,-19.67417
2798902968.75,-19.67497
2798903125.0,-19.67171
2798903281.25,-19.67076
2798903437.5,-19.67178
2798903593.75,-19.66894
2798903750.0,-19.66715
2798903906.25,-19.66456
2798904062.5,-19.66374
2798904218.75,-19.66175
2798904375.0,-19.66164
2798904531.25,-19.65915
2798904687.5,-19.65763
2798904843.75,-19.65563
2798905000.0,-19.65716
2798905156.25,-19.65459
2798905312.5,-19.65114
2798905468.75,-19.65077
2798905625.0,-19.64977
2798905781.25,-19.64656
2798905937.5,-19.64539
2798906093.75,-19.64428
2798906250.0,-19.64468
2798906406.25,-19.64122
2798906562.5,-19.64164
2798906718.75,-19.64048
2798906875.0,-19.63674
2798907031.25,-19.63601
2798907187.5,-19.63475
2798907343.75,-19.63344
2798907500.0,-19.63215
2798907656.25,-19.63074
2798907812.5,-19.62889
2798907968.75,-19.62735
2798908125.0,-19.62507
2798908281.25,-19.62539
2798908437.5,-19.6235
2798908593.75,-19.6208
2798908750.0,-19.62003
2798908906.25,-19.61791
2798909062.5,-19.61819
2798909218.75,-19.61395
2798909375.0,-19.61418
2798909531.25,-19.61179
2798909687.5,-19.60941
2798909843.75,-19.60956
2798910000.0,-19.60899
2798910156.25,-19.60729
2798910312.5,-19.60707
2798910468.75,-19.60399
2798910625.0,-19.60139
2798910781.25,-19.59902
2798910937.5,-19.59892
2798911093.75,-19.59787
2798911250.0,-19.59486
2798911406.25,-19.59396
2798911562.5,-19.59315
2798911718.75,-19.5918
2798911875.0,-19.59027
2798912031.25,-19.58763
2798912187.5,-19.58616
2798912343.75,-19.58547
2798912500.0,-19.58434
2798912656.25,-19.5826
2798912812.5,-19.58073
2798912968.75,-19.58103
2798913125.0,-19.57796
2798913281.25,-19.57466
2798913437.5,-19.57628
2798913593.75,-19.57337
2798913750.0,-19.57371
2798913906.25,-19.56921
2798914062.5,-19.56862
2798914218.75,-19.56721
2798914375.0,-19.56761
2798914531.25,-19.56356
2798914687.5,-19.56297
2798914843.75,-19.56029
2798915000.0,-19.56174
2798915156.25,-19.55919
2798915312.5,-19.55566
2798915468.75,-19.55497
2798915625.0,-19.55348
2798915781.25,-19.55215
2798915937.5,-19.5523
2798916093.75,-19.55096
2798916250.0,-19.54926
2798916406.25,-19.54739
2798916562.5,-19.54702
2798916718.75,-19.54348
2798916875.0,-19.54157
2798917031.25,-19.54114
2798917187.5,-19.53908
2798917343.75,-19.53849
2798917500.0,-19.53633
2798917656.25,-19.53629
2798917812.5,-19.53405
2798917968.75,-19.53209
2798918125.0,-19.52997
2798918281.25,-19.52857
2798918437.5,-19.52705
2798918593.75,-19.52587
2798918750.0,-19.52618
2798918906.25,-19.52202
2798919062.5,-19.52209
2798919218.75,-19.52103
2798919375.0,-19.51871
2798919531.25,-19.51606
2798919687.5,-19.51361
2798919843.75,-19.51421
2798920000.0,-19.51256
2798920156.25,-19.51033
2798920312.5,-19.51067
2798920468.75,-19.50777
2798920625.0,-19.50711
2798920781.25,-19.5059
2798920937.5,-19.5028
2798921093.75,-19.50226
2798921250.0,-19.50081
2798921406.25,-19.49866
2798921562.5,-19.49762
2798921718.75,-19.49689
2798921875.0,-19.49466
2798922031.25,-19.49194
2798922187.5,-19.49175
2798922343.75,-19.48914
2798922500.0,-19.49075
2798922656.25,-19.48598
2798922812.5,-19.48459
2798922968.75,-19.48293
2798923125.0,-19.48281
2798923281.25,-19.48027
2798923437.5,-19.48043
2798923593.75,-19.47829
2798923750.0,-19.47538
2798923906.25,-19.47499
2798924062.5,-19.47402
2798924218.75,-19.4707
2798924375.0,-19.47029
2798924531.25,-19.46792
2798924687.5,-19.4681
2798924843.75,-19.46604
2798925000.0,-19.46437
2798925156.25,-19.4638
2798925312.5,-19.46307
2798925468.75,-19.46161
2798925625.0,-19.4594
2798925781.25,-19.45746
2798925937.5,-19.45601
2798926093.75,-19.45332
2798926250.0,-19.45274
2798926406.25,-19.44986
2798926562.5,-19.44959
2798926718.75,-19.44694
2798926875.0,-19.44744
2798927031.25,-19.44604
2798927187.5,-19.44306
2798927343.75,-19.44196
2798927500.0,-19.43946
2798927656.25,-19.43625
2798927812.5,-19.43776
2798927968.75,-19.43681
2798928125.0,-19.43373
2798928281.25,-19.43376
2798928437.5,-19.43416
2798928593.75,-19.42988
2798928750.0,-19.42723
2798928906.25,-19.42619
2798929062.5,-19.42595
2798929218.75,-19.42462
2798929375.0,-19.42294
2798929531.25,-19.42199
2798929687.5,-19.41873
2798929843.75,-19.4197
2798930000.0,-19.41694
2798930156.25,-19.41426
2798930312.5,-19.41328
2798930468.75,-19.4122
2798930625.0,-19.41176
2798930781.25,-19.4092
2798930937.5,-19.40724
2798931093.75,-19.40709
2798931250.0,-19.40316
2798931406.25,-19.40154
2798931562.5,-19.40146
2798931718.75,-19.3994
2798931875.0,-19.39777
2798932031.25,-19.39771
2798932187.5,-19.39473
2798932343.75,-19.39453
2798932500.0,-19.39307
2798932656.25,-19.38922
2798932812.5,-19.3888
2798932968.75,-19.38798
2798933125.0,-19.38735
2798933281.25,-19.3835
2798933437.5,-19.38207
2798933593.75,-19.38095
2798933750.0,-19.37993
2798933906.25,-19.3785
2798934062.5,-19.37804
2798934218.75,-19.37345
2798934375.0,-19.37553
2798934531.25,-19.37323
2798934687.5,-19.37275
2798934843.75,-19.37108
2798935000.0,-19.36646
2798935156.25,-19.36639
2798935312.5,-19.36392
2798935468.75,-19.36326
2798935625.0,-19.36251
2798935781.25,-19.35891
2798935937.5,-19.35829
2798936093.75,-19.35811
2798936250.0,-19.35595
2798936406.25,-19.35282
2798936562.5,-19.35293
2798936718.75,-19.35163
2798936875.0,-19.35047
2798937031.25,-19.34866
2798937187.5,-19.34696
2798937343.75,-19.34407
2798937500.0,-19.34266
2798937656.25,-19.34381
2798937812.5,-19.34123
2798937968.75,-19.33866
2798938125.0,-19.33789
2798938281.25,-19.33579
2798938437.5,-19.3375
2798938593.75,-19.33165
2798938750.0,-19.33026
2798938906.25,-19.33034
2798939062.5,-19.3284
2798939218.75,-19.32694
2798939375.0,-19.32535
2798939531.25,-19.32252
2798939687.5,-19.32378
2798939843.75,-19.32245
2798940000.0,-19.31823
2798940156.25,-19.31816
2798940312.5,-19.31672
2798940468.75,-19.31772
2798940625.0,-19.31302
2798940781.25,-19.31259
2798940937.5,-19.31001
2798941093.75,-19.3093
2798941250.0,-19.30784
2798941406.25,-19.30711
2798941562.5,-19.30351
2798941718.75,-19.30275
2798941875.0,-19.30208
2798942031.25,-19.29753
2798942187.5,-19.29679
2798942343.75,-19.29614
2798942500.0,-19.29649
2798942656.25,-19.29476
2798942812.5,-19.29042
2798942968.75,-19.29116
2798943125.0,-19.28667
2798943281.25,-19.28793
2798943437.5,-19.28404
2798943593.75,-19.28437
2798943750.0,-19.28384
2798943906.25,-19.28124
2798944062.5,-19.27886
2798944218.75,-19.27773
2798944375.0,-19.27567
2798944531.25,-19.27412
2798944687.5,-19.27544
2798944843.75,-19.2719
2798945000.0,-19.26956
2798945156.25,-19.26902
2798945312.5,-19.26705
2798945468.75,-19.26561
2798945625.0,-19.26438
2798945781.25,-19.26392
2798945937.5,-19.26077
2798946093.75,-19.25871
2798946250.0,-19.25853
2798946406.25,-19.25705
2798946562.5,-19.25486
2798946718.75,-19.25398
2798946875.0,-19.25194
2798947031.25,-19.25058
2798947187.5,-19.25096
2798947343.75,-19.24775
2798947500.0,-19.2446
2798947656.25,-19.24541
2798947812.5,-19.24317
2798947968.75,-19.23966
2798948125.0,-19.23974
2798948281.25,-19.23912
2798948437.5,-19.23457
2798948593.75,-19.23554
2798948750.0,-19.2329
2798948906.25,-19.23027
2798949062.5,-19.23119
2798949218.75,-19.22974
2798949375.0,-19.22906
2798949531.25,-19.22633
2798949687.5,-19.22471
2798949843.75,-19.22247
2798950000.0,-19.22087
2798950156.25,-19.21939
2798950312.5,-19.21696
2798950468.75,-19.21535
2798950625.0,-19.21512
2798950781.25,-19.21478
2798950937.5,-19.21097
2798951093.75,-19.21083
2798951250.0,-19.20767
2798951406.25,-19.20817
2798951562.5,-19.2058
2798951718.75,-19.20625
2798951875.0,-19.20277
2798952031.25,-19.20178
2798952187.5,-19.2014
2798952343.75,-19.19958
2798952500.0,-19.1966
2798952656.25,-19.19726
2798952812.5,-19.19361
2798952968.75,-19.19241
2798953125.0,-19.18881
2798953281.25,-19.18738
2798953437.5,-19.18652
2798953593.75,-19.18412
2798953750.0,-19.18242
2798953906.25,-19.18276
2798954062.5,-19.18117
2798954218.75,-19.1789
2798954375.0,-19.17874
2798954531.25,-19.17556
2798954687.5,-19.17529
2798954843.75,-19.17263
2798955000.0,-19.17247
2798955156.25,-19.17057
2798955312.5,-19.16916
2798955468.75,-19.16616
2798955625.0,-19.16656
2798955781.25,-19.16378
2798955937.5,-19.1624
2798956093.75,-19.16221
2798956250.0,-19.16037
2798956406.25,-19.1592
2798956562.5,-19.15581
2798956718.75,-19.15722
2798956875.0,-19.15193
2798957031.25,-19.15274
2798957187.5,-19.14885
2798957343.75,-19.1488
2798957500.0,-19.14734
2798957656.25,-19.14547
2798957812.5,-19.14578
2798957968.75,-19.14104
2798958125.0,-19.1424
2798958281.25,-19.13827
2798958437.5,-19.13756
2798958593.75,-19.13585
2798958750.0,-19.13542
2798958906.25,-19.1335
2798959062.5,-19.13065
2798959218.75,-19.13027
2798959375.0,-19.12859
2798959531.25,-19.12724
2798959687.5,-19.12636
2798959843.75,-19.12351
2798960000.0,-19.12242
2798960156.25,-19.11977
2798960312.5,-19.11703
2798960468.75,-19.11651
2798960625.0,-19.11486
2798960781.25,-19.11348
2798960937.5,-19.11284
2798961093.75,-19.113
2798961250.0,-19.10987
2798961406.25,-19.10698
2798961562.5,-19.10836
2798961718.75,-19.10597
2798961875.0,-19.10523
2798962031.25,-19.10219
2798962187.5,-19.10121
2798962343.75,-19.09851
2798962500.0,-19.09818
2798962656.25,-19.09427
2798962812.5,-19.09336
2798962968.75,-19.09024
2798963125.0,-19.09199
2798963281.25,-19.08938
2798963437.5,-19.08656
2798963593.75,-19.08546
2798963750.0,-19.08475
2798963906.25,-19.08367
2798964062.5,-19.07976
2798964218.75,-19.07976
2798964375.0,-19.08002
2798964531.25,-19.07699
2798964687.5,-19.07469
2798964843.75,-19.07246
2798965000.0,-19.071
2798965156.25,-19.07041
2798965312.5,-19.07022
2798965468.75,-19.06588
2798965625.0,-19.06399
2798965781.25,-19.06599
2798965937.5,-19.06308
2798966093.75,-19.06145
2798966250.0,-19.05887
2798966406.25,-19.05916
2798966562.5,-19.05658
2798966718.75,-19.05409
2798966875.0,-19.05201
2798967031.25,-19.05295
2798967187.5,-19.05104
2798967343.75,-19.04841
2798967500.0,-19.04698
2798967656.25,-19.04641
2798967812.5,-19.04547
2798967968.75,-19.04294
2798968125.0,-19.04144
2798968281.25,-19.03816
2798968437.5,-19.03761
2798968593.75,-19.03345
2798968750.0,-19.03449
2798968906.25,-19.03404
2798969062.5,-19.03004
2798969218.75,-19.03077
2798969375.0,-19.02741
2798969531.25,-19.02632
2798969687.5,-19.02566
2798969843.75,-19.02337
2798970000.0,-19.02222
2798970156.25,-19.0199
2798970312.5,-19.01907
2798970468.75,-19.01665
2798970625.0,-19.01416
2798970781.25,-19.01319
2798970937.5,-19.01095
2798971093.75,-19.0118
2798971250.0,-19.00917
2798971406.25,-19.00591
2798971562.5,-19.00764
2798971718.75,-19.00369
2798971875.0,-19.00297
2798972031.25,-19.00056
2798972187.5,-19.00025
2798972343.75,-18.99752
2798972500.0,-18.99535
2798972656.25,-18.9951
2798972812.5,-18.99346
2798972968.75,-18.9924
2798973125.0,-18.99182
2798973281.25,-18.98841
2798973437.5,-18.98614
2798973593.75,-18.98623
2798973750.0,-18.98403
2798973906.25,-18.98246
2798974062.5,-18.98156
2798974218.75,-18.97787
2798974375.0,-18.97603
2798974531.25,-18.9767
2798974687.5,-18.97529
2798974843.75,-18.97161
2798975000.0,-18.97222
2798975156.25,-18.96993
2798975312.5,-18.96826
2798975468.75,-18.96891
2798975625.0,-18.96525
2798975781.25,-18.96176
2798975937.5,-18.96112
2798976093.75,-18.96007
2798976250.0,-18.95671
2798976406.25,-18.95683
2798976562.5,-18.95635
2798976718.75,-18.95339
2798976875.0,-18.95173
2798977031.25,-18.95093
2798977187.5,-18.94823
2798977343.75,-18.94823
2798977500.0,-18.94549
2798977656.25,-18.94525
2798977812.5,-18.94231
2798977968.75,-18.94073
2798978125.0,-18.93844
2798978281.25,-18.93705
2798978437.5,-18.93668
2798978593.75,-18.93532
2798978750.0,-18.93358
2798978906.25,-18.93231
2798979062.5,-18.93044
2798979218.75,-18.92903
2798979375.0,-18.92707
2798979531.25,-18.92568
2798979687.5,-18.92379
2798979843.75,-18.92335
2798980000.0,-18.92066
2798980156.25,-18.91839
2798980312.5,-18.91703
2798980468.75,-18.91372
2798980625.0,-18.91301
2798980781.25,-18.91117
2798980937.5,-18.9098
2798981093.75,-18.90792
2798981250.0,-18.90736
2798981406.25,-18.90743
2798981562.5,-18.90446
2798981718.75,-18.90346
2798981875.0,-18.90213
2798982031.25,-18.8996
2798982187.5,-18.89807
2798982343.75,-18.89629
2798982500.0,-18.89524
2798982656.25,-18.89439
2798982812.5,-18.89227
2798982968.75,-18.89135
2798983125.0,-18.88963
2798983281.25,-18.88643
2798983437.5,-18.88515
2798983593.75,-18.88384
2798983750.0,-18.88204
2798983906.25,-18.88069
2798984062.5,-18.8791
2798984218.75,-18.87768
2798984375.0,-18.87486
2798984531.25,-18.87441
2798984687.5,-18.87294
2798984843.75,-18.87118
2798985000.0,-18.86954
2798985156.25,-18.86707
2798985312.5,-18.86623
2798985468.75,-18.86386
2798985625.0,-18.86357
2798985781.25,-18.86099
2798985937.5,-18.86
2798986093.75,-18.85665
2798986250.0,-18.85806
2798986406.25,-18.85575
2798986562.5,-18.85231
2798986718.75,-18.85303
2798986875.0,-18.85096
2798987031.25,-18.85017
2798987187.5,-18.84723
2798987343.75,-18.84605
2798987500.0,-18.84321
2798987656.25,-18.84179
2798987812.5,-18.84232
2798987968.75,-18.83905
2798988125.0,-18.8376
2798988281.25,-18.83751
2798988437.5,-18.83546
2798988593.75,-18.83283
2798988750.0,-18.83296
2798988906.25,-18.82954
2798989062.5,-18.82747
2798989218.75,-18.82622
2798989375.0,-18.82557
2798989531.25,-18.82156
2798989687.5,-18.8225
2798989843.75,-18.81961
2798990000.0,-18.81979
2798990156.25,-18.81686
2798990312.5,-18.81406
2798990468.75,-18.81409
2798990625.0,-18.81234
2798990781.25,-18.81117
2798990937.5,-18.80894
2798991093.75,-18.80677
2798991250.0,-18.80536
2798991406.25,-18.80369
2798991562.5,-18.80225
2798991718.75,-18.80167
2798991875.0,-18.79875
2798992031.25,-18.7976
2798992187.5,-18.79569
2798992343.75,-18.79411
2798992500.0,-18.79236
2798992656.25,-18.79317
2798992812.5,-18.79032
2798992968.75,-18.78741
2798993125.0,-18.78716
2798993281.25,-18.78497
2798993437.5,-18.78214
2798993593.75,-18.78058
2798993750.0,-18.78012
2798993906.25,-18.77836
2798994062.5,-18.77534
2798994218.75,-18.77416
2798994375.0,-18.77135
2798994531.25,-18.77181
2798994687.5,-18.76867
2798994843.75,-18.76941
2798995000.0,-18.76633
2798995156.25,-18.76636
2798995312.5,-18.76239
2798995468.75,-18.76219
2798995625.0,-18.76079
2798995781.25,-18.75706
2798995937.5,-18.75727
2798996093.75,-18.7542
2798996250.0,-18.75461
2798996406.25,-18.7519
2798996562.5,-18.75101
2798996718.75,-18.74839
2798996875.0,-18.74727
2798997031.25,-18.74461
2798997187.5,-18.7436
2798997343.75,-18.74307
2798997500.0,-18.74247
2798997656.25,-18.73888
2798997812.5,-18.7371
2798997968.75,-18.73543
2798998125.0,-18.73399
2798998281.25,-18.73138
2798998437.5,-18.73202
2798998593.75,-18.72988
2798998750.0,-18.72759
2798998906.25,-18.72636
2798999062.5,-18.72515
2798999218.75,-18.72478
2798999375.0,-18.72254
2798999531.25,-18.7192
2798999687.5,-18.72008
2798999843.75,-18.71618
2799000000.0,-18.71568
2799000156.25,-18.71384
2799000312.5,-18.71151
2799000468.75,-18.71135
2799000625.0,-18.70799
2799000781.25,-18.70658
2799000937.5,-18.70527
2799001093.75,-18.70468
2799001250.0,-18.70174
2799001406.25,-18.7004
2799001562.5,-18.69735
2799001718.75,-18.69637
2799001875.0,-18.69637
2799002031.25,-18.69375
2799002187.5,-18.69185
2799002343.75,-18.69043
2799002500.0,-18.68913
2799002656.25,-18.68582
2799002812.5,-18.68648
2799002968.75,-18.6834
2799003125.0,-18.68188
2799003281.25,-18.67936
2799003437.5,-18.67742
2799003593.75,-18.67785
2799003750.0,-18.67575
2799003906.25,-18.6738
2799004062.5,-18.67403
2799004218.75,-18.67091
2799004375.0,-18.66993
2799004531.25,-18.66741
2799004687.5,-18.66666
2799004843.75,-18.66529
2799005000.0,-18.6625
2799005156.25,-18.66213
2799005312.5,-18.66063
2799005468.75,-18.65678
2799005625.0,-18.65523
2799005781.25,-18.6535
2799005937.5,-18.65224
2799006093.75,-18.65054
2799006250.0,-18.64958
2799006406.25,-18.64718
2799006562.5,-18.64532
2799006718.75,-18.64497
2799006875.0,-18.64395
2799007031.25,-18.64157
2799007187.5,-18.64015
2799007343.75,-18.63797
2799007500.0,-18.63613
2799007656.25,-18.63479
2799007812.5,-18.63168
2799007968.75,-18.63105
2799008125.0,-18.63016
2799008281.25,-18.62775
2799008437.5,-18.62716
2799008593.75,-18.62662
2799008750.0,-18.62369
2799008906.25,-18.62288
2799009062.5,-18.61897
2799009218.75,-18.61743
2799009375.0,-18.61652
2799009531.25,-18.61637
2799009687.5,-18.61295
2799009843.75,-18.61119
2799010000.0,-18.61135
2799010156.25,-18.6085
2799010312.5,-18.606
2799010468.75,-18.60626
2799010625.0,-18.60388
2799010781.25,-18.60264
2799010937.5,-18.59939
2799011093.75,-18.59927
2799011250.0,-18.59824
2799011406.25,-18.59639
2799011562.5,-18.59449
2799011718.75,-18.59173
2799011875.0,-18.58969
2799012031.25,-18.58807
2799012187.5,-18.58669
2799012343.75,-18.58679
2799012500.0,-18.5829
2799012656.25,-18.58273
2799012812.5,-18.58112
2799012968.75,-18.57973
2799013125.0,-18.5757
2799013281.25,-18.57762
2799013437.5,-18.57369
2799013593.75,-18.5723
2799013750.0,-18.57057
2799013906.25,-18.57055
2799014062.5,-18.56734
2799014218.75,-18.56499
2799014375.0,-18.56514
2799014531.25,-18.56371
2799014687.5,-18.56091
2799014843.75,-18.56034
2799015000.0,-18.55824
2799015156.25,-18.55634
2799015312.5,-18.55512
2799015468.75,-18.55349
2799015625.0,-18.55228
2799015781.25,-18.54963
2799015937.5,-18.54756
2799016093.75,-18.54574
2799016250.0,-18.54358
2799016406.25,-18.54274
2799016562.5,-18.54045
2799016718.75,-18.53861
2799016875.0,-18.53753
2799017031.25,-18.53539
2799017187.5,-18.53499
2799017343.75,-18.5336
2799017500.0,-18.53055
2799017656.25,-18.52902
2799017812.5,-18.52883
2799017968.75,-18.52521
2799018125.0,-18.52537
2799018281.25,-18.52343
2799018437.5,-18.52193
2799018593.75,-18.51956
2799018750.0,-18.51771
2799018906.25,-18.51668
2799019062.5,-18.51532
2799019218.75,-18.51302
2799019375.0,-18.51143
2799019531.25,-18.50798
2799019687.5,-18.50835
2799019843.75,-18.50822
2799020000.0,-18.50607
2799020156.25,-18.50212
2799020312.5,-18.50132
2799020468.75,-18.49867
2799020625.0,-18.497
2799020781.25,-18.49719
2799020937.5,-18.49615
2799021093.75,-18.49273
2799021250.0,-18.49201
2799021406.25,-18.49028
2799021562.5,-18.48891
2799021718.75,-18.48726
2799021875.0,-18.4859
2799022031.25,-18.48313
2799022187.5,-18.47986
2799022343.75,-18.48041
2799022500.0,-18.47742
2799022656.25,-18.47542
2799022812.5,-18.47435
2799022968.75,-18.47524
2799023125.0,-18.47161
2799023281.25,-18.47067
2799023437.5,-18.46814
2799023593.75,-18.46587
2799023750.0,-18.46604
2799023906.25,-18.46262
2799024062.5,-18.46239
2799024218.75,-18.46007
2799024375.0,-18.45915
2799024531.25,-18.45619
2799024687.5,-18.45386
2799024843.75,-18.45473
2799025000.0,-18.45142
2799025156.25,-18.45042
2799025312.5,-18.44702
2799025468.75,-18.44691
2799025625.0,-18.44574
2799025781.25,-18.44172
2799025937.5,-18.44124
2799026093.75,-18.4402
2799026250.0,-18.43824
2799026406.25,-18.43585
2799026562.5,-18.4346
2799026718.75,-18.43165
2799026875.0,-18.43367
2799027031.25,-18.43087
2799027187.5,-18.42787
2799027343.75,-18.42666
2799027500.0,-18.4246
2799027656.25,-18.42438
2799027812.5,-18.42251
2799027968.75,-18.41971
2799028125.0,-18.41726
2799028281.25,-18.41791
2799028437.5,-18.41575
2799028593.75,-18.41343
2799028750.0,-18.41246
2799028906.25,-18.40849
2799029062.5,-18.40903
2799029218.75,-18.40476
2799029375.0,-18.4057
2799029531.25,-18.40209
2799029687.5,-18.40013
2799029843.75,-18.4003
2799030000.0,-18.39832
2799030156.25,-18.39675
2799030312.5,-18.39449
2799030468.75,-18.3922
2799030625.0,-18.39085
2799030781.25,-18.38931
2799030937.5,-18.38785
2799031093.75,-18.38563
2799031250.0,-18.38567
2799031406.25,-18.38224
2799031562.5,-18.381
2799031718.75,-18.38009
2799031875.0,-18.37733
2799032031.25,-18.37576
2799032187.5,-18.37447
2799032343.75,-18.37175
2799032500.0,-18.37087
2799032656.25,-18.37014
2799032812.5,-18.36746
2799032968.75,-18.36614
2799033125.0,-18.36415
2799033281.25,-18.36156
2799033437.5,-18.36177
2799033593.75,-18.36026
2799033750.0,-18.3584
2799033906.25,-18.3558
2799034062.5,-18.35372
2799034218.75,-18.35168
2799034375.0,-18.35131
2799034531.25,-18.34962
2799034687.5,-18.34763
2799034843.75,-18.34657
2799035000.0,-18.34436
2799035156.25,-18.3427
2799035312.5,-18.34073
2799035468.75,-18.33875
2799035625.0,-18.33676
2799035781.25,-18.33744
2799035937.5,-18.33299
2799036093.75,-18.33121
2799036250.0,-18.32942
2799036406.25,-18.32999
2799036562.5,-18.32745
2799036718.75,-18.32711
2799036875.0,-18.32465
2799037031.25,-18.32146
2799037187.5,-18.3206
2799037343.75,-18.31846
2799037500.0,-18.31769
2799037656.25,-18.31492
2799037812.5,-18.31347
2799037968.75,-18.31289
2799038125.0,-18.31102
2799038281.25,-18.30956
2799038437.5,-18.30634
2799038593.75,-18.30603
2799038750.0,-18.30247
2799038906.25,-18.30235
2799039062.5,-18.29995
2799039218.75,-18.29683
2799039375.0,-18.29712
2799039531.25,-18.29405
2799039687.5,-18.29245
2799039843.75,-18.29177
2799040000.0,-18.29063
2799040156.25,-18.28847
2799040312.5,-18.28667
2799040468.75,-18.2831
2799040625.0,-18.28336
2799040781.25,-18.28064
2799040937.5,-18.2804
2799041093.75,-18.27939
2799041250.0,-18.27688
2799041406.25,-18.27576
2799041562.5,-18.27097
2799041718.75,-18.27183
2799041875.0,-18.26953
2799042031.25,-18.26808
2799042187.5,-18.26533
2799042343.75,-18.26477
2799042500.0,-18.26243
2799042656.25,-18.26081
2799042812.5,-18.26031
2799042968.75,-18.25573
2799043125.0,-18.25543
2799043281.25,-18.25585
2799043437.5,-18.25208
2799043593.75,-18.25098
2799043750.0,-18.24961
2799043906.25,-18.24594
2799044062.5,-18.2462
2799044218.75,-18.24405
2799044375.0,-18.24403
2799044531.25,-18.23931
2799044687.5,-18.23791
2799044843.75,-18.23661
2799045000.0,-18.23511
2799045156.25,-18.23385
2799045312.5,-18.23192
2799045468.75,-18.23001
2799045625.0,-18.22791
2799045781.25,-18.22743
2799045937.5,-18.22507
2799046093.75,-18.22247
2799046250.0,-18.22291
2799046406.25,-18.2204
2799046562.5,-18.21843
2799046718.75,-18.21754
2799046875.0,-18.21616
2799047031.25,-18.21349
2799047187.5,-18.21151
2799047343.75,-18.20972
2799047500.0,-18.20644
2799047656.25,-18.20567
2799047812.5,-18.2041
2799047968.75,-18.20317
2799048125.0,-18.2011
2799048281.25,-18.19947
2799048437.5,-18.19723
2799048593.75,-18.19661
2799048750.0,-18.19345
2799048906.25,-18.19084
2799049062.5,-18.19157
2799049218.75,-18.19101
2799049375.0,-18.18801
2799049531.25,-18.18552
2799049687.5,-18.18459
2799049843.75,-18.18128
2799050000.0,-18.18148
2799050156.25,-18.17769
2799050312.5,-18.17741
2799050468.75,-18.17529
2799050625.0,-18.17307
2799050781.25,-18.17208
2799050937.5,-18.17068
2799051093.75,-18.16938
2799051250.0,-18.16708
2799051406.25,-18.16428
2799051562.5,-18.16314
2799051718.75,-18.16157
2799051875.0,-18.16017
2799052031.25,-18.15726
2799052187.5,-18.15756
2799052343.75,-18.15538
2799052500.0,-18.15283
2799052656.25,-18.15081
2799052812.5,-18.15025
2799052968.75,-18.14793
2799053125.0,-18.14665
2799053281.25,-18.14337
2799053437.5,-18.14218
2799053593.75,-18.14186
2799053750.0,-18.13648
2799053906.25,-18.1381
2799054062.5,-18.13616
2799054218.75,-18.13367
2799054375.0,-18.13397
2799054531.25,-18.13056
2799054687.5,-18.12882
2799054843.75,-18.12611
2799055000.0,-18.12607
2799055156.25,-18.12331
2799055312.5,-18.12307
2799055468.75,-18.12061
2799055625.0,-18.11826
2799055781.25,-18.11642
2799055937.5,-18.11475
2799056093.75,-18.11525
2799056250.0,-18.11263
2799056406.25,-18.1092
2799056562.5,-18.10877
2799056718.75,-18.10762
2799056875.0,-18.1047
2799057031.25,-18.10211
2799057187.5,-18.10222
2799057343.75,-18.10003
2799057500.0,-18.09738
2799057656.25,-18.09608
2799057812.5,-18.09389
2799057968.75,-18.09327
2799058125.0,-18.09137
2799058281.25,-18.08993
2799058437.5,-18.08831
2799058593.75,-18.08425
2799058750.0,-18.08447
2799058906.25,-18.08229
2799059062.5,-18.0796
2799059218.75,-18.07812
2799059375.0,-18.07834
2799059531.25,-18.07577
2799059687.5,-18.07393
2799059843.75,-18.07184
2799060000.0,-18.06778
2799060156.25,-18.06693
2799060312.5,-18.06647
2799060468.75,-18.06466
2799060625.0,-18.06187
2799060781.25,-18.06035
2799060937.5,-18.05916
2799061093.75,-18.05865
2799061250.0,-18.0567
2799061406.25,-18.05467
2799061562.5,-18.05228
2799061718.75,-18.05071
2799061875.0,-18.04928
2799062031.25,-18.04836
2799062187.5,-18.045
2799062343.75,-18.04368
2799062500.0,-18.04253
2799062656.25,-18.04021
2799062812.5,-18.03905
2799062968.75,-18.03721
2799063125.0,-18.03671
2799063281.25,-18.03419
2799063437.5,-18.03295
2799063593.75,-18.03025
2799063750.0,-18.02988
2799063906.25,-18.02482
2799064062.5,-18.02466
2799064218.75,-18.02161
2799064375.0,-18.02125
2799064531.25,-18.01869
2799064687.5,-18.01738
2799064843.75,-18.01681
2799065000.0,-18.01492
2799065156.25,-18.01325
2799065312.5,-18.01011
2799065468.75,-18.00828
2799065625.0,-18.00631
2799065781.25,-18.00551
2799065937.5,-18.00283
2799066093.75,-18.00266
2799066250.0,-17.99982
2799066406.25,-17.99894
2799066562.5,-17.99787
2799066718.75,-17.99493
2799066875.0,-17.99342
2799067031.25,-17.99305
2799067187.5,-17.98915
2799067343.75,-17.98811
2799067500.0,-17.98519
2799067656.25,-17.98562
2799067812.5,-17.98338
2799067968.75,-17.98236
2799068125.0,-17.98007
2799068281.25,-17.97673
2799068437.5,-17.97621
2799068593.75,-17.97409
2799068750.0,-17.97293
2799068906.25,-17.96939
2799069062.5,-17.96922
2799069218.75,-17.96887
2799069375.0,-17.96592
2799069531.25,-17.96346
2799069687.5,-17.9628
2799069843.75,-17.96041
2799070000.0,-17.95758
2799070156.25,-17.95535
2799070312.5,-17.95473
2799070468.75,-17.95189
2799070625.0,-17.95096
2799070781.25,-17.95009
2799070937.5,-17.94707
2799071093.75,-17.94618
2799071250.0,-17.94275
2799071406.25,-17.94274
2799071562.5,-17.94033
2799071718.75,-17.93777
2799071875.0,-17.9366
2799072031.25,-17.93714
2799072187.5,-17.93382
2799072343.75,-17.93317
2799072500.0,-17.93067
2799072656.25,-17.92801
2799072812.5,-17.92592
2799072968.75,-17.92562
2799073125.0,-17.92234
2799073281.25,-17.92008
2799073437.5,-17.9196
2799073593.75,-17.91756
2799073750.0,-17.91646
2799073906.25,-17.91428
2799074062.5,-17.91106
2799074218.75,-17.91108
2799074375.0,-17.90815
2799074531.25,-17.90837
2799074687.5,-17.90531
2799074843.75,-17.90305
2799075000.0,-17.90142
2799075156.25,-17.9002
2799075312.5,-17.89884
2799075468.75,-17.89745
2799075625.0,-17.89441
2799075781.25,-17.89385
2799075937.5,-17.89212
2799076093.75,-17.88812
2799076250.0,-17.88667
2799076406.25,-17.88648
2799076562.5,-17.88253
2799076718.75,-17.88356
2799076875.0,-17.88093
2799077031.25,-17.8786
2799077187.5,-17.87691
2799077343.75,-17.87394
2799077500.0,-17.87292
2799077656.25,-17.8726
2799077812.5,-17.87113
2799077968.75,-17.86937
2799078125.0,-17.86648
2799078281.25,-17.86495
2799078437.5,-17.86379
2799078593.75,-17.8619
2799078750.0,-17.8589
2799078906.25,-17.85666
2799079062.5,-17.85635
2799079218.75,-17.8545
2799079375.0,-17.85273
2799079531.25,-17.8512
2799079687.5,-17.84863
2799079843.75,-17.84747
2799080000.0,-17.84516
2799080156.25,-17.84523
2799080312.5,-17.84339
2799080468.75,-17.83984
2799080625.0,-17.83897
2799080781.25,-17.83723
2799080937.5,-17.83523
2799081093.75,-17.8335
2799081250.0,-17.83167
2799081406.25,-17.82922
2799081562.5,-17.82804
2799081718.75,-17.82561
2799081875.0,-17.82379
2799082031.25,-17.82104
2799082187.5,-17.82131
2799082343.75,-17.81974
2799082500.0,-17.81738
2799082656.25,-17.81534
2799082812.5,-17.81382
2799082968.75,-17.81105
2799083125.0,-17.80942
2799083281.25,-17.8078
2799083437.5,-17.80592
2799083593.75,-17.80432
2799083750.0,-17.80207
2799083906.25,-17.80105
2799084062.5,-17.79841
2799084218.75,-17.79831
2799084375.0,-17.79573
2799084531.25,-17.79401
2799084687.5,-17.79264
2799084843.75,-17.79115
2799085000.0,-17.78802
2799085156.25,-17.78658
2799085312.5,-17.78443
2799085468.75,-17.78256
2799085625.0,-17.7806
2799085781.25,-17.77788
2799085937.5,-17.77776
2799086093.75,-17.777
2799086250.0,-17.77602
2799086406.25,-17.77434
2799086562.5,-17.77111
2799086718.75,-17.76918
2799086875.0,-17.7675
2799087031.25,-17.76647
2799087187.5,-17.76346
2799087343.75,-17.76263
2799087500.0,-17.75977
2799087656.25,-17.75775
2799087812.5,-17.75741
2799087968.75,-17.75551
2799088125.0,-17.75308
2799088281.25,-17.75132
2799088437.5,-17.74711
2799088593.75,-17.74772
2799088750.0,-17.74595
2799088906.25,-17.74447
2799089062.5,-17.7426
2799089218.75,-17.74021
2799089375.0,-17.73737
2799089531.25,-17.73628
2799089687.5,-17.73484
2799089843.75,-17.73196
2799090000.0,-17.73033
2799090156.25,-17.72872
2799090312.5,-17.72924
2799090468.75,-17.72613
2799090625.0,-17.72465
2799090781.25,-17.72226
2799090937.5,-17.71913
2799091093.75,-17.71942
2799091250.0,-17.71644
2799091406.25,-17.71379
2799091562.5,-17.71276
2799091718.75,-17.71056
2799091875.0,-17.70944
2799092031.25,-17.70727
2799092187.5,-17.70733
2799092343.75,-17.70378
2799092500.0,-17.70185
2799092656.25,-17.69969
2799092812.5,-17.69799
2799092968.75,-17.69564
2799093125.0,-17.69398
2799093281.25,-17.69263
2799093437.5,-17.69151
2799093593.75,-17.68914
2799093750.0,-17.68791
2799093906.25,-17.68353
2799094062.5,-17.68568
2799094218.75,-17.68291
2799094375.0,-17.68034
2799094531.25,-17.67918
2799094687.5,-17.6773
2799094843.75,-17.67482
2799095000.0,-17.67234
2799095156.25,-17.67294
2799095312.5,-17.67097
2799095468.75,-17.66793
2799095625.0,-17.66611
2799095781.25,-17.66489
2799095937.5,-17.66243
2799096093.75,-17.66127
2799096250.0,-17.65899
2799096406.25,-17.65574
2799096562.5,-17.65525
2799096718.75,-17.65208
2799096875.0,-17.65278
2799097031.25,-17.65044
2799097187.5,-17.6492
2799097343.75,-17.6465
2799097500.0,-17.64435
2799097656.25,-17.6432
2799097812.5,-17.64084
2799097968.75,-17.63838
2799098125.0,-17.63688
2799098281.25,-17.63616
2799098437.5,-17.63394
2799098593.75,-17.63135
2799098750.0,-17.63003
2799098906.25,-17.62812
2799099062.5,-17.62673
2799099218.75,-17.62284
2799099375.0,-17.62337
2799099531.25,-17.62192
2799099687.5,-17.61953
2799099843.75,-17.61814
2799100000.0,-17.61495
2799100156.25,-17.61354
2799100312.5,-17.61342
2799100468.75,-17.60938
2799100625.0,-17.60839
2799100781.25,-17.6074
2799100937.5,-17.60476
2799101093.75,-17.60409
2799101250.0,-17.59902
2799101406.25,-17.59974
2799101562.5,-17.59792
2799101718.75,-17.59449
2799101875.0,-17.59418
2799102031.25,-17.59234
2799102187.5,-17.59118
2799102343.75,-17.58765
2799102500.0,-17.58616
2799102656.25,-17.58402
2799102812.5,-17.58286
2799102968.75,-17.58183
2799103125.0,-17.57921
2799103281.25,-17.57767
2799103437.5,-17.57677
2799103593.75,-17.57345
2799103750.0,-17.57095
2799103906.25,-17.56923
2799104062.5,-17.56906
2799104218.75,-17.56477
2799104375.0,-17.56511
2799104531.25,-17.56293
2799104687.5,-17.56081
2799104843.75,-17.55847
2799105000.0,-17.5573
2799105156.25,-17.55477
2799105312.5,-17.55424
2799105468.75,-17.551
2799105625.0,-17.55032
2799105781.25,-17.54757
2799105937.5,-17.54508
2799106093.75,-17.54374
2799106250.0,-17.54287
2799106406.25,-17.54071
2799106562.5,-17.53839
2799106718.75,-17.53651
2799106875.0,-17.53595
2799107031.25,-17.53341
2799107187.5,-17.53155
2799107343.75,-17.5291
2799107500.0,-17.52715
2799107656.25,-17.52522
2799107812.5,-17.52555
2799107968.75,-17.52308
2799108125.0,-17.52052
2799108281.25,-17.51826
2799108437.5,-17.51726
2799108593.75,-17.51557
2799108750.0,-17.5122
2799108906.25,-17.511
2799109062.5,-17.5099
2799109218.75,-17.5061
2799109375.0,-17.50564
2799109531.25,-17.50276
2799109687.5,-17.5022
2799109843.75,-17.50174
2799110000.0,-17.49899
2799110156.25,-17.49789
2799110312.5,-17.49539
2799110468.75,-17.49402
2799110625.0,-17.49102
2799110781.25,-17.48942
2799110937.5,-17.48767
2799111093.75,-17.48637
2799111250.0,-17.48352
2799111406.25,-17.48269
2799111562.5,-17.47937
2799111718.75,-17.47841
2799111875.0,-17.47612
2799112031.25,-17.47394
2799112187.5,-17.47281
2799112343.75,-17.47201
2799112500.0,-17.46889
2799112656.25,-17.46738
2799112812.5,-17.46476
2799112968.75,-17.46515
2799113125.0,-17.46227
2799113281.25,-17.45923
2799113437.5,-17.45802
2799113593.75,-17.45448
2799113750.0,-17.45439
2799113906.25,-17.4528
2799114062.5,-17.44959
2799114218.75,-17.44887
2799114375.0,-17.44723
2799114531.25,-17.44388
2799114687.5,-17.4447
2799114843.75,-17.4421
2799115000.0,-17.43924
2799115156.25,-17.43752
2799115312.5,-17.43544
2799115468.75,-17.43458
2799115625.0,-17.43291
2799115781.25,-17.43105
2799115937.5,-17.42791
2799116093.75,-17.42758
2799116250.0,-17.42505
2799116406.25,-17.42286
2799116562.5,-17.4217
2799116718.75,-17.42009
2799116875.0,-17.41614
2799117031.25,-17.41455
2799117187.5,-17.41464
2799117343.75,-17.41224
2799117500.0,-17.40878
2799117656.25,-17.40727
2799117812.5,-17.40639
2799117968.75,-17.40392
2799118125.0,-17.40406
2799118281.25,-17.39983
2799118437.5,-17.39922
2799118593.75,-17.3962
2799118750.0,-17.39514
2799118906.25,-17.39306
2799119062.5,-17.39125
2799119218.75,-17.38873
2799119375.0,-17.38656
2799119531.25,-17.38787
2799119687.5,-17.38223
2799119843.75,-17.38181
2799120000.0,-17.38076
2799120156.25,-17.37778
2799120312.5,-17.37579
2799120468.75,-17.37482
2799120625.0,-17.37189
2799120781.25,-17.37017
2799120937.5,-17.36721
2799121093.75,-17.36757
2799121250.0,-17.36734
2799121406.25,-17.36352
2799121562.5,-17.3625
2799121718.75,-17.36005
2799121875.0,-17.35719
2799122031.25,-17.35627
2799122187.5,-17.35409
2799122343.75,-17.35242
2799122500.0,-17.35102
2799122656.25,-17.34843
2799122812.5,-17.34583
2799122968.75,-17.34505
2799123125.0,-17.34341
2799123281.25,-17.34143
2799123437.5,-17.34061
2799123593.75,-17.33685
2799123750.0,-17.33468
2799123906.25,-17.33408
2799124062.5,-17.33224
2799124218.75,-17.32985
2799124375.0,-17.32971
2799124531.25,-17.32694
2799124687.5,-17.32446
2799124843.75,-17.32234
2799125000.0,-17.31895
2799125156.25,-17.31865
2799125312.5,-17.31741
2799125468.75,-17.31378
2799125625.0,-17.31315
2799125781.25,-17.31188
2799125937.5,-17.31059
2799126093.75,-17.30749
2799126250.0,-17.30683
2799126406.25,-17.30301
2799126562.5,-17.30239
2799126718.75,-17.30043
2799126875.0,-17.29736
2799127031.25,-17.29551
2799127187.5,-17.29368
2799127343.75,-17.29349
2799127500.0,-17.29248
2799127656.25,-17.28893
2799127812.5,-17.28519
2799127968.75,-17.28489
2799128125.0,-17.28193
2799128281.25,-17.28263
2799128437.5,-17.2797
2799128593.75,-17.27761
2799128750.0,-17.27596
2799128906.25,-17.27371
2799129062.5,-17.2713
2799129218.75,-17.26921
2799129375.0,-17.26865
2799129531.25,-17.26684
2799129687.5,-17.2651
2799129843.75,-17.26266
2799130000.0,-17.26128
2799130156.25,-17.25799
2799130312.5,-17.25827
2799130468.75,-17.25521
2799130625.0,-17.253
2799130781.25,-17.25133
2799130937.5,-17.24944
2799131093.75,-17.24718
2799131250.0,-17.24722
2799131406.25,-17.24342
2799131562.5,-17.24202
2799131718.75,-17.2395
2799131875.0,-17.2371
2799132031.25,-17.2365
2799132187.5,-17.23465
2799132343.75,-17.2314
2799132500.0,-17.23086
2799132656.25,-17.23005
2799132812.5,-17.22773
2799132968.75,-17.22762
2799133125.0,-17.22242
2799133281.25,-17.22189
2799133437.5,-17.21897
2799133593.75,-17.21879
2799133750.0,-17.21516
2799133906.25,-17.21423
2799134062.5,-17.21145
2799134218.75,-17.20974
2799134375.0,-17.20679
2799134531.25,-17.20625
2799134687.5,-17.20373
2799134843.75,-17.2016
2799135000.0,-17.20047
2799135156.25,-17.19875
2799135312.5,-17.19703
2799135468.75,-17.19512
2799135625.0,-17.19176
2799135781.25,-17.19085
2799135937.5,-17.18895
2799136093.75,-17.18673
2799136250.0,-17.18486
2799136406.25,-17.18283
2799136562.5,-17.18117
2799136718.75,-17.17851
2799136875.0,-17.17752
2799137031.25,-17.17465
2799137187.5,-17.17352
2799137343.75,-17.17205
2799137500.0,-17.17029
2799137656.25,-17.16739
2799137812.5,-17.16643
2799137968.75,-17.16467
2799138125.0,-17.16395
2799138281.25,-17.15952
2799138437.5,-17.15755
2799138593.75,-17.1566
2799138750.0,-17.1543
2799138906.25,-17.15289
2799139062.5,-17.14982
2799139218.75,-17.14956
2799139375.0,-17.14824
2799139531.25,-17.1456
2799139687.5,-17.14322
2799139843.75,-17.14101
2799140000.0,-17.13918
2799140156.25,-17.13689
2799140312.5,-17.13628
2799140468.75,-17.1339
2799140625.0,-17.1322
2799140781.25,-17.12976
2799140937.5,-17.1287
2799141093.75,-17.12525
2799141250.0,-17.12312
2799141406.25,-17.12286
2799141562.5,-17.11901
2799141718.75,-17.11775
2799141875.0,-17.11654
2799142031.25,-17.11665
2799142187.5,-17.1114
2799142343.75,-17.1117
2799142500.0,-17.10937
2799142656.25,-17.10773
2799142812.5,-17.10481
2799142968.75,-17.10371
2799143125.0,-17.10019
2799143281.25,-17.09835
2799143437.5,-17.09815
2799143593.75,-17.09631
2799143750.0,-17.09388
2799143906.25,-17.0924
2799144062.5,-17.09035
2799144218.75,-17.08841
2799144375.0,-17.08465
2799144531.25,-17.08446
2799144687.5,-17.08342
2799144843.75,-17.07993
2799145000.0,-17.07771
2799145156.25,-17.07795
2799145312.5,-17.07547
2799145468.75,-17.07318
2799145625.0,-17.07075
2799145781.25,-17.06811
2799145937.5,-17.06645
2799146093.75,-17.06462
2799146250.0,-17.06324
2799146406.25,-17.06056
2799146562.5,-17.05863
2799146718.75,-17.05593
2799146875.0,-17.05574
2799147031.25,-17.05361
2799147187.5,-17.05146
2799147343.75,-17.0501
2799147500.0,-17.04867
2799147656.25,-17.04437
2799147812.5,-17.04291
2799147968.75,-17.0424
2799148125.0,-17.04046
2799148281.25,-17.03765
2799148437.5,-17.03462
2799148593.75,-17.03442
2799148750.0,-17.0326
2799148906.25,-17.02973
2799149062.5,-17.02789
2799149218.75,-17.02779
2799149375.0,-17.02516
2799149531.25,-17.02139
2799149687.5,-17.02051
2799149843.75,-17.01956
2799150000.0,-17.01576
2799150156.25,-17.01653
2799150312.5,-17.01281
2799150468.75,-17.01099
2799150625.0,-17.00942
2799150781.25,-17.00715
2799150937.5,-17.00583
2799151093.75,-17.00274
2799151250.0,-17.00228
2799151406.25,-17.00024
2799151562.5,-16.99825
2799151718.75,-16.99646
2799151875.0,-16.9945
2799152031.25,-16.99171
2799152187.5,-16.9908
2799152343.75,-16.98713
2799152500.0,-16.98427
2799152656.25,-16.98298
2799152812.5,-16.98215
2799152968.75,-16.98036
2799153125.0,-16.97997
2799153281.25,-16.97763
2799153437.5,-16.97382
2799153593.75,-16.97132
2799153750.0,-16.97076
2799153906.25,-16.96877
2799154062.5,-16.96548
2799154218.75,-16.96419
2799154375.0,-16.96358
2799154531.25,-16.95942
2799154687.5,-16.9593
2799154843.75,-16.95584
2799155000.0,-16.95512
2799155156.25,-16.95355
2799155312.5,-16.95058
2799155468.75,-16.94869
2799155625.0,-16.94821
2799155781.25,-16.94438
2799155937.5,-16.94316
2799156093.75,-16.94205
2799156250.0,-16.93991
2799156406.25,-16.93727
2799156562.5,-16.93673
2799156718.75,-16.93224
2799156875.0,-16.93211
2799157031.25,-16.92983
2799157187.5,-16.92863
2799157343.75,-16.92537
2799157500.0,-16.92525
2799157656.25,-16.92212
2799157812.5,-16.91983
2799157968.75,-16.91667
2799158125.0,-16.91509
2799158281.25,-16.91374
2799158437.5,-16.91267
2799158593.75,-16.91085
2799158750.0,-16.91033
2799158906.25,-16.90515
2799159062.5,-16.90436
2799159218.75,-16.90392
2799159375.0,-16.90102
2799159531.25,-16.89765
2799159687.5,-16.89577
2799159843.75,-16.89487
2799160000.0,-16.8917
2799160156.25,-16.89121
2799160312.5,-16.88924
2799160468.75,-16.88595
2799160625.0,-16.88543
2799160781.25,-16.88294
2799160937.5,-16.88197
2799161093.75,-16.87886
2799161250.0,-16.87743
2799161406.25,-16.87555
2799161562.5,-16.87353
2799161718.75,-16.87258
2799161875.0,-16.87054
2799162031.25,-16.86656
2799162187.5,-16.86594
2799162343.75,-16.86192
2799162500.0,-16.86147
2799162656.25,-16.8612
2799162812.5,-16.85804
2799162968.75,-16.85654
2799163125.0,-16.85463
2799163281.25,-16.85148
2799163437.5,-16.84872
2799163593.75,-16.84868
2799163750.0,-16.84617
2799163906.25,-16.84502
2799164062.5,-16.84352
2799164218.75,-16.84012
2799164375.0,-16.83923
2799164531.25,-16.8359
2799164687.5,-16.83464
2799164843.75,-16.8325
2799165000.0,-16.82957
2799165156.25,-16.82819
2799165312.5,-16.82668
2799165468.75,-16.825
2799165625.0,-16.82275
2799165781.25,-16.82051
2799165937.5,-16.81712
2799166093.75,-16.81689
2799166250.0,-16.81397
2799166406.25,-16.81172
2799166562.5,-16.81068
2799166718.75,-16.8082
2799166875.0,-16.80731
2799167031.25,-16.80538
2799167187.5,-16.80219
2799167343.75,-16.80117
2799167500.0,-16.7993
2799167656.25,-16.79719
2799167812.5,-16.79428
2799167968.75,-16.79293
2799168125.0,-16.79131
2799168281.25,-16.78922
2799168437.5,-16.78682
2799168593.75,-16.78518
2799168750.0,-16.78348
2799168906.25,-16.78217
2799169062.5,-16.77789
2799169218.75,-16.77644
2799169375.0,-16.77521
2799169531.25,-16.77384
2799169687.5,-16.77143
2799169843.75,-16.76909
2799170000.0,-16.76833
2799170156.25,-16.76579
2799170312.5,-16.76223
2799170468.75,-16.76081
2799170625.0,-16.76013
2799170781.25,-16.75737
2799170937.5,-16.75591
2799171093.75,-16.75358
2799171250.0,-16.75144
2799171406.25,-16.74968
2799171562.5,-16.74912
2799171718.75,-16.74492
2799171875.0,-16.74419
2799172031.25,-16.74224
2799172187.5,-16.74113
2799172343.75,-16.73788
2799172500.0,-16.73482
2799172656.25,-16.73433
2799172812.5,-16.73142
2799172968.75,-16.72895
2799173125.0,-16.72709
2799173281.25,-16.7247
2799173437.5,-16.72335
2799173593.75,-16.72132
2799173750.0,-16.71999
2799173906.25,-16.7182
2799174062.5,-16.71674
2799174218.75,-16.71319
2799174375.0,-16.71173
2799174531.25,-16.70976
2799174687.5,-16.7079
2799174843.75,-16.7055
2799175000.0,-16.70344
2799175156.25,-16.70099
2799175312.5,-16.70012
2799175468.75,-16.69784
2799175625.0,-16.69568
2799175781.25,-16.69379
2799175937.5,-16.6922
2799176093.75,-16.69098
2799176250.0,-16.68892
2799176406.25,-16.68697
2799176562.5,-16.68472
2799176718.75,-16.68085
2799176875.0,-16.68055
2799177031.25,-16.67738
2799177187.5,-16.67648
2799177343.75,-16.67371
2799177500.0,-16.67122
2799177656.25,-16.67105
2799177812.5,-16.66801
2799177968.75,-16.66762
2799178125.0,-16.6644
2799178281.25,-16.66297
2799178437.5,-16.65914
2799178593.75,-16.65801
2799178750.0,-16.65652
2799178906.25,-16.65465
2799179062.5,-16.65085
2799179218.75,-16.64944
2799179375.0,-16.64854
2799179531.25,-16.6461
2799179687.5,-16.64395
2799179843.75,-16.64229
2799180000.0,-16.64109
2799180156.25,-16.639
2799180312.5,-16.63495
2799180468.75,-16.63359
2799180625.0,-16.63165
2799180781.25,-16.63061
2799180937.5,-16.62778
2799181093.75,-16.62677
2799181250.0,-16.62296
2799181406.25,-16.62208
2799181562.5,-16.62066
2799181718.75,-16.61701
2799181875.0,-16.6155
2799182031.25,-16.61452
2799182187.5,-16.61226
2799182343.75,-16.60999
2799182500.0,-16.60726
2799182656.25,-16.60588
2799182812.5,-16.60494
2799182968.75,-16.60126
2799183125.0,-16.59979
2799183281.25,-16.59778
2799183437.5,-16.59587
2799183593.75,-16.59383
2799183750.0,-16.591
2799183906.25,-16.59083
2799184062.5,-16.58606
2799184218.75,-16.58557
2799184375.0,-16.58383
2799184531.25,-16.58077
2799184687.5,-16.58022
2799184843.75,-16.57674
2799185000.0,-16.57518
2799185156.25,-16.57331
2799185312.5,-16.57115
2799185468.75,-16.57099
2799185625.0,-16.56836
2799185781.25,-16.56679
2799185937.5,-16.56414
2799186093.75,-16.56095
2799186250.0,-16.55906
2799186406.25,-16.55818
2799186562.5,-16.55568
2799186718.75,-16.55345
2799186875.0,-16.55162
2799187031.25,-16.54905
2799187187.5,-16.54742
2799187343.75,-16.54489
2799187500.0,-16.54431
2799187656.25,-16.54196
2799187812.5,-16.54049
2799187968.75,-16.53713
2799188125.0,-16.53505
2799188281.25,-16.53347
2799188437.5,-16.53195
2799188593.75,-16.53057
2799188750.0,-16.52831
2799188906.25,-16.52574
2799189062.5,-16.52226
2799189218.75,-16.52022
2799189375.0,-16.51849
2799189531.25,-16.51775
2799189687.5,-16.51419
2799189843.75,-16.51388
2799190000.0,-16.5113
2799190156.25,-16.50887
2799190312.5,-16.50715
2799190468.75,-16.50344
2799190625.0,-16.50324
2799190781.25,-16.50023
2799190937.5,-16.4991
2799191093.75,-16.49685
2799191250.0,-16.49399
2799191406.25,-16.4941
2799191562.5,-16.49023
2799191718.75,-16.48922
2799191875.0,-16.48778
2799192031.25,-16.48497
2799192187.5,-16.48288
2799192343.75,-16.4815
2799192500.0,-16.47858
2799192656.25,-16.47722
2799192812.5,-16.47612
2799192968.75,-16.47251
2799193125.0,-16.47146
2799193281.25,-16.47135
2799193437.5,-16.46787
2799193593.75,-16.46384
2799193750.0,-16.46421
2799193906.25,-16.46004
2799194062.5,-16.45807
2799194218.75,-16.45667
2799194375.0,-16.4555
2799194531.25,-16.45244
2799194687.5,-16.45141
2799194843.75,-16.44991
2799195000.0,-16.44659
2799195156.25,-16.44471
2799195312.5,-16.44277
2799195468.75,-16.44066
2799195625.0,-16.43991
2799195781.25,-16.43571
2799195937.5,-16.43468
2799196093.75,-16.43137
2799196250.0,-16.4306
2799196406.25,-16.42838
2799196562.5,-16.42435
2799196718.75,-16.42315
2799196875.0,-16.42215
2799197031.25,-16.42019
2799197187.5,-16.41714
2799197343.75,-16.41534
2799197500.0,-16.41382
2799197656.25,-16.41101
2799197812.5,-16.40946
2799197968.75,-16.40712
2799198125.0,-16.40601
2799198281.25,-16.40476
2799198437.5,-16.40108
2799198593.75,-16.39974
2799198750.0,-16.39705
2799198906.25,-16.39648
2799199062.5,-16.39285
2799199218.75,-16.39202
2799199375.0,-16.38916
2799199531.25,-16.38644
2799199687.5,-16.3851
2799199843.75,-16.38273
2799200000.0,-16.38112
2799200156.25,-16.37858
2799200312.5,-16.37677
2799200468.75,-16.37469
2799200625.0,-16.37143
2799200781.25,-16.37169
2799200937.5,-16.36923
2799201093.75,-16.36791
2799201250.0,-16.36475
2799201406.25,-16.3619
2799201562.5,-16.36058
2799201718.75,-16.36024
2799201875.0,-16.35637
2799202031.25,-16.35515
2799202187.5,-16.35282
2799202343.75,-16.35002
2799202500.0,-16.34879
2799202656.25,-16.34723
2799202812.5,-16.34361
2799202968.75,-16.34258
2799203125.0,-16.33994
2799203281.25,-16.33914
2799203437.5,-16.33611
2799203593.75,-16.33301
2799203750.0,-16.33147
2799203906.25,-16.33067
2799204062.5,-16.32781
2799204218.75,-16.32552
2799204375.0,-16.32371
2799204531.25,-16.32171
2799204687.5,-16.32006
2799204843.75,-16.31795
2799205000.0,-16.31545
2799205156.25,-16.31354
2799205312.5,-16.31104
2799205468.75,-16.30982
2799205625.0,-16.3069
2799205781.25,-16.30504
2799205937.5,-16.30271
2799206093.75,-16.301
2799206250.0,-16.29846
2799206406.25,-16.29607
2799206562.5,-16.29445
2799206718.75,-16.29192
2799206875.0,-16.29143
2799207031.25,-16.28742
2799207187.5,-16.28625
2799207343.75,-16.28416
2799207500.0,-16.28324
2799207656.25,-16.28104
2799207812.5,-16.27811
2799207968.75,-16.27634
2799208125.0,-16.2739
2799208281.25,-16.27215
2799208437.5,-16.26994
2799208593.75,-16.26777
2799208750.0,-16.26608
2799208906.25,-16.26368
2799209062.5,-16.26142
2799209218.75,-16.25948
2799209375.0,-16.25686
2799209531.25,-16.25623
2799209687.5,-16.2527
2799209843.75,-16.25165
2799210000.0,-16.24832
2799210156.25,-16.24685
2799210312.5,-16.24555
2799210468.75,-16.24299
2799210625.0,-16.23954
2799210781.25,-16.23883
2799210937.5,-16.23716
2799211093.75,-16.23432
2799211250.0,-16.23156
2799211406.25,-16.23186
2799211562.5,-16.22829
2799211718.75,-16.22532
2799211875.0,-16.22448
2799212031.25,-16.22261
2799212187.5,-16.22049
2799212343.75,-16.2184
2799212500.0,-16.21476
2799212656.25,-16.21328
2799212812.5,-16.21212
2799212968.75,-16.20843
2799213125.0,-16.20766
2799213281.25,-16.20489
2799213437.5,-16.20339
2799213593.75,-16.20254
2799213750.0,-16.19909
2799213906.25,-16.19623
2799214062.5,-16.19387
2799214218.75,-16.19348
2799214375.0,-16.19127
2799214531.25,-16.1894
2799214687.5,-16.18748
2799214843.75,-16.18443
2799215000.0,-16.18243
2799215156.25,-16.18195
2799215312.5,-16.17856
2799215468.75,-16.17728
2799215625.0,-16.17301
2799215781.25,-16.17344
2799215937.5,-16.17034
2799216093.75,-16.16735
2799216250.0,-16.16679
2799216406.25,-16.16421
2799216562.5,-16.16188
2799216718.75,-16.16003
2799216875.0,-16.15769
2799217031.25,-16.15591
2799217187.5,-16.15347
2799217343.75,-16.15119
2799217500.0,-16.14871
2799217656.25,-16.14622
2799217812.5,-16.14554
2799217968.75,-16.14322
2799218125.0,-16.14081
2799218281.25,-16.14019
2799218437.5,-16.13773
2799218593.75,-16.13589
2799218750.0,-16.13279
2799218906.25,-16.13086
2799219062.5,-16.12679
2799219218.75,-16.12595
2799219375.0,-16.12396
2799219531.25,-16.12223
2799219687.5,-16.11947
2799219843.75,-16.11844
2799220000.0,-16.11468
2799220156.25,-16.11392
2799220312.5,-16.11102
2799220468.75,-16.10945
2799220625.0,-16.10692
2799220781.25,-16.10585
2799220937.5,-16.10293
2799221093.75,-16.10133
2799221250.0,-16.098
2799221406.25,-16.09575
2799221562.5,-16.09575
2799221718.75,-16.09278
2799221875.0,-16.0913
2799222031.25,-16.08818
2799222187.5,-16.08772
2799222343.75,-16.08506
2799222500.0,-16.08196
2799222656.25,-16.07989
2799222812.5,-16.07785
2799222968.75,-16.07506
2799223125.0,-16.07366
2799223281.25,-16.07144
2799223437.5,-16.06931
2799223593.75,-16.06731
2799223750.0,-16.065
2799223906.25,-16.06355
2799224062.5,-16.0607
2799224218.75,-16.05803
2799224375.0,-16.05625
2799224531.25,-16.05395
2799224687.5,-16.05381
2799224843.75,-16.05091
2799225000.0,-16.04869
2799225156.25,-16.04693
2799225312.5,-16.04429
2799225468.75,-16.0417
2799225625.0,-16.03977
2799225781.25,-16.0394
2799225937.5,-16.03661
2799226093.75,-16.03442
2799226250.0,-16.0317
2799226406.25,-16.03086
2799226562.5,-16.02793
2799226718.75,-16.02464
2799226875.0,-16.02405
2799227031.25,-16.02038
2799227187.5,-16.01753
2799227343.75,-16.01742
2799227500.0,-16.01522
2799227656.25,-16.01214
2799227812.5,-16.01215
2799227968.75,-16.00779
2799228125.0,-16.00636
2799228281.25,-16.00471
2799228437.5,-16.00178
2799228593.75,-15.99915
2799228750.0,-15.99763
2799228906.25,-15.99545
2799229062.5,-15.99363
2799229218.75,-15.99139
2799229375.0,-15.98972
2799229531.25,-15.98667
2799229687.5,-15.98389
2799229843.75,-15.98206
2799230000.0,-15.98036
2799230156.25,-15.97862
2799230312.5,-15.9762
2799230468.75,-15.97467
2799230625.0,-15.97196
2799230781.25,-15.97048
2799230937.5,-15.96741
2799231093.75,-15.96659
2799231250.0,-15.96293
2799231406.25,-15.96095
2799231562.5,-15.95882
2799231718.75,-15.95668
2799231875.0,-15.95473
2799232031.25,-15.95275
2799232187.5,-15.95084
2799232343.75,-15.9489
2799232500.0,-15.94616
2799232656.25,-15.94572
2799232812.5,-15.94276
2799232968.75,-15.94009
2799233125.0,-15.93772
2799233281.25,-15.93597
2799233437.5,-15.93332
2799233593.75,-15.93167
2799233750.0,-15.93043
2799233906.25,-15.9292
2799234062.5,-15.92547
2799234218.75,-15.92346
2799234375.0,-15.92266
2799234531.25,-15.92013
2799234687.5,-15.91691
2799234843.75,-15.91509
2799235000.0,-15.91322
2799235156.25,-15.91116
2799235312.5,-15.90826
2799235468.75,-15.90658
2799235625.0,-15.90589
2799235781.25,-15.90136
2799235937.5,-15.90093
2799236093.75,-15.8966
2799236250.0,-15.89583
2799236406.25,-15.89321
2799236562.5,-15.89029
2799236718.75,-15.88895
2799236875.0,-15.88684
2799237031.25,-15.8841
2799237187.5,-15.88281
2799237343.75,-15.88049
2799237500.0,-15.87756
2799237656.25,-15.87484
2799237812.5,-15.87337
2799237968.75,-15.87122
2799238125.0,-15.87001
2799238281.25,-15.86768
2799238437.5,-15.8649
2799238593.75,-15.86327
2799238750.0,-15.86023
2799238906.25,-15.85947
2799239062.5,-15.85726
2799239218.75,-15.85518
2799239375.0,-15.85231
2799239531.25,-15.85028
2799239687.5,-15.84808
2799239843.75,-15.84521
2799240000.0,-15.84307
2799240156.25,-15.84226
2799240312.5,-15.83925
2799240468.75,-15.83666
2799240625.0,-15.83587
2799240781.25,-15.83266
2799240937.5,-15.83181
2799241093.75,-15.82931
2799241250.0,-15.82574
2799241406.25,-15.82468
2799241562.5,-15.82234
2799241718.75,-15.82002
2799241875.0,-15.8183
2799242031.25,-15.81592
2799242187.5,-15.81366
2799242343.75,-15.81082
2799242500.0,-15.80838
2799242656.25,-15.80723
2799242812.5,-15.80497
2799242968.75,-15.80252
2799243125.0,-15.80079
2799243281.25,-15.79753
2799243437.5,-15.79761
2799243593.75,-15.79434
2799243750.0,-15.79158
2799243906.25,-15.79107
2799244062.5,-15.78821
2799244218.75,-15.78439
2799244375.0,-15.7838
2799244531.25,-15.78123
2799244687.5,-15.77961
2799244843.75,-15.77814
2799245000.0,-15.77465
2799245156.25,-15.7733
2799245312.5,-15.77109
2799245468.75,-15.76737
2799245625.0,-15.76673
2799245781.25,-15.76346
2799245937.5,-15.76223
2799246093.75,-15.75827
2799246250.0,-15.75714
2799246406.25,-15.75479
2799246562.5,-15.75329
2799246718.75,-15.75029
2799246875.0,-15.7485
2799247031.25,-15.74602
2799247187.5,-15.745
2799247343.75,-15.74249
2799247500.0,-15.73948
2799247656.25,-15.73681
2799247812.5,-15.73508
2799247968.75,-15.73356
2799248125.0,-15.73099
2799248281.25,-15.731
2799248437.5,-15.72744
2799248593.75,-15.72409
2799248750.0,-15.72384
2799248906.25,-15.72171
2799249062.5,-15.71889
2799249218.75,-15.71624
2799249375.0,-15.71415
2799249531.25,-15.71133
2799249687.5,-15.70901
2799249843.75,-15.70642
2799250000.0,-15.7058
2799250156.25,-15.70318
2799250312.5,-15.70253
2799250468.75,-15.69942
2799250625.0,-15.69588
2799250781.25,-15.69387
2799250937.5,-15.6919
2799251093.75,-15.68934
2799251250.0,-15.68803
2799251406.25,-15.68512
2799251562.5,-15.68379
2799251718.75,-15.68119
2799251875.0,-15.67741
2799252031.25,-15.67728
2799252187.5,-15.67408
2799252343.75,-15.67422
2799252500.0,-15.67017
2799252656.25,-15.66763
2799252812.5,-15.66702
2799252968.75,-15.66334
2799253125.0,-15.66133
2799253281.25,-15.66033
2799253437.5,-15.65707
2799253593.75,-15.65472
2799253750.0,-15.65318
2799253906.25,-15.65099
2799254062.5,-15.64881
2799254218.75,-15.64682
2799254375.0,-15.64395
2799254531.25,-15.64276
2799254687.5,-15.63981
2799254843.75,-15.63723
2799255000.0,-15.63575
2799255156.25,-15.63361
2799255312.5,-15.63031
2799255468.75,-15.62952
2799255625.0,-15.62696
2799255781.25,-15.62441
2799255937.5,-15.62136
2799256093.75,-15.62064
2799256250.0,-15.61631
2799256406.25,-15.61405
2799256562.5,-15.61275
2799256718.75,-15.61027
2799256875.0,-15.60937
2799257031.25,-15.60752
2799257187.5,-15.60466
2799257343.75,-15.60295
2799257500.0,-15.59993
2799257656.25,-15.59776
2799257812.5,-15.59577
2799257968.75,-15.5938
2799258125.0,-15.59086
2799258281.25,-15.5892
2799258437.5,-15.58704
2799258593.75,-15.5849
2799258750.0,-15.58227
2799258906.25,-15.58065
2799259062.5,-15.57785
2799259218.75,-15.57565
2799259375.0,-15.5745
2799259531.25,-15.5714
2799259687.5,-15.56923
2799259843.75,-15.56644
2799260000.0,-15.56518
2799260156.25,-15.56392
2799260312.5,-15.55934
2799260468.75,-15.55857
2799260625.0,-15.5563
2799260781.25,-15.55464
2799260937.5,-15.5517
2799261093.75,-15.54991
2799261250.0,-15.54855
2799261406.25,-15.54498
2799261562.5,-15.54241
2799261718.75,-15.54191
2799261875.0,-15.53854
2799262031.25,-15.53758
2799262187.5,-15.53358
2799262343.75,-15.53323
2799262500.0,-15.53082
2799262656.25,-15.52693
2799262812.5,-15.52461
2799262968.75,-15.52262
2799263125.0,-15.52155
2799263281.25,-15.51835
2799263437.5,-15.51663
2799263593.75,-15.51316
2799263750.0,-15.51146
2799263906.25,-15.50897
2799264062.5,-15.50836
2799264218.75,-15.50561
2799264375.0,-15.50309
2799264531.25,-15.50067
2799264687.5,-15.49707
2799264843.75,-15.49551
2799265000.0,-15.49399
2799265156.25,-15.4918
2799265312.5,-15.48856
2799265468.75,-15.48708
2799265625.0,-15.48587
2799265781.25,-15.48276
2799265937.5,-15.48006
2799266093.75,-15.47864
2799266250.0,-15.47689
2799266406.25,-15.47433
2799266562.5,-15.47216
2799266718.75,-15.4694
2799266875.0,-15.46673
2799267031.25,-15.46448
2799267187.5,-15.4628
2799267343.75,-15.46073
2799267500.0,-15.45993
2799267656.25,-15.45626
2799267812.5,-15.45404
2799267968.75,-15.45225
2799268125.0,-15.44991
2799268281.25,-15.44774
2799268437.5,-15.44445
2799268593.75,-15.44355
2799268750.0,-15.43971
2799268906.25,-15.43687
2799269062.5,-15.43436
2799269218.75,-15.43373
2799269375.0,-15.43275
2799269531.25,-15.43007
2799269687.5,-15.4274
2799269843.75,-15.42485
2799270000.0,-15.4222
2799270156.25,-15.42086
2799270312.5,-15.41826
2799270468.75,-15.41704
2799270625.0,-15.41382
2799270781.25,-15.41166
2799270937.5,-15.40957
2799271093.75,-15.40676
2799271250.0,-15.40412
2799271406.25,-15.40329
2799271562.5,-15.40027
2799271718.75,-15.39879
2799271875.0,-15.39534
2799272031.25,-15.3934
2799272187.5,-15.39149
2799272343.75,-15.38942
2799272500.0,-15.38743
2799272656.25,-15.38568
2799272812.5,-15.38208
2799272968.75,-15.37972
2799273125.0,-15.37765
2799273281.25,-15.37572
2799273437.5,-15.37515
2799273593.75,-15.37205
2799273750.0,-15.36964
2799273906.25,-15.36697
2799274062.5,-15.36494
2799274218.75,-15.36163
2799274375.0,-15.35952
2799274531.25,-15.35783
2799274687.5,-15.35451
2799274843.75,-15.35409
2799275000.0,-15.35253
2799275156.25,-15.34958
2799275312.5,-15.34752
2799275468.75,-15.34447
2799275625.0,-15.34194
2799275781.25,-15.34028
2799275937.5,-15.33705
2799276093.75,-15.33623
2799276250.0,-15.33339
2799276406.25,-15.33042
2799276562.5,-15.32903
2799276718.75,-15.32586
2799276875.0,-15.32483
2799277031.25,-15.32204
2799277187.5,-15.31863
2799277343.75,-15.31804
2799277500.0,-15.31476
2799277656.25,-15.31227
2799277812.5,-15.31049
2799277968.75,-15.30777
2799278125.0,-15.30669
2799278281.25,-15.30508
2799278437.5,-15.3007
2799278593.75,-15.29967
2799278750.0,-15.29751
2799278906.25,-15.29494
2799279062.5,-15.29295
2799279218.75,-15.29012
2799279375.0,-15.28795
2799279531.25,-15.28563
2799279687.5,-15.28274
2799279843.75,-15.2802
2799280000.0,-15.27902
2799280156.25,-15.27749
2799280312.5,-15.27395
2799280468.75,-15.27114
2799280625.0,-15.26925
2799280781.25,-15.26679
2799280937.5,-15.26546
2799281093.75,-15.26281
2799281250.0,-15.26094
2799281406.25,-15.25726
2799281562.5,-15.25702
2799281718.75,-15.2541
2799281875.0,-15.25213
2799282031.25,-15.24903
2799282187.5,-15.24716
2799282343.75,-15.24437
2799282500.0,-15.24294
2799282656.25,-15.24016
2799282812.5,-15.23844
2799282968.75,-15.2359
2799283125.0,-15.23356
2799283281.25,-15.23186
2799283437.5,-15.22838
2799283593.75,-15.22709
2799283750.0,-15.22388
2799283906.25,-15.22271
2799284062.5,-15.22174
2799284218.75,-15.2181
2799284375.0,-15.2171
2799284531.25,-15.2132
2799284687.5,-15.21144
2799284843.75,-15.20827
2799285000.0,-15.20689
2799285156.25,-15.20411
2799285312.5,-15.20144
2799285468.75,-15.1992
2799285625.0,-15.19724
2799285781.25,-15.19444
2799285937.5,-15.19344
2799286093.75,-15.19011
2799286250.0,-15.18867
2799286406.25,-15.18611
2799286562.5,-15.18402
2799286718.75,-15.18046
2799286875.0,-15.17885
2799287031.25,-15.17795
2799287187.5,-15.17441
2799287343.75,-15.17198
2799287500.0,-15.16937
2799287656.25,-15.16756
2799287812.5,-15.16465
2799287968.75,-15.16341
2799288125.0,-15.16116
2799288281.25,-15.15848
2799288437.5,-15.15543
2799288593.75,-15.15414
2799288750.0,-15.1523
2799288906.25,-15.15062
2799289062.5,-15.14742
2799289218.75,-15.14539
2799289375.0,-15.1425
2799289531.25,-15.13948
2799289687.5,-15.13826
2799289843.75,-15.13519
2799290000.0,-15.13385
2799290156.25,-15.13068
2799290312.5,-15.12895
2799290468.75,-15.12683
2799290625.0,-15.12411
2799290781.25,-15.12204
2799290937.5,-15.12026
2799291093.75,-15.11786
2799291250.0,-15.11546
2799291406.25,-15.11212
2799291562.5,-15.10996
2799291718.75,-15.10792
2799291875.0,-15.10693
2799292031.25,-15.10383
2799292187.5,-15.1023
2799292343.75,-15.09972
2799292500.0,-15.09798
2799292656.25,-15.0949
2799292812.5,-15.09118
2799292968.75,-15.08863
2799293125.0,-15.08745
2799293281.25,-15.08592
2799293437.5,-15.08243
2799293593.75,-15.08143
2799293750.0,-15.07847
2799293906.25,-15.07515
2799294062.5,-15.07267
2799294218.75,-15.07156
2799294375.0,-15.0692
2799294531.25,-15.06735
2799294687.5,-15.06416
2799294843.75,-15.06147
2799295000.0,-15.05944
2799295156.25,-15.05798
2799295312.5,-15.05436
2799295468.75,-15.05193
2799295625.0,-15.05022
2799295781.25,-15.04825
2799295937.5,-15.04611
2799296093.75,-15.0442
2799296250.0,-15.04202
2799296406.25,-15.03919
2799296562.5,-15.0361
2799296718.75,-15.03604
2799296875.0,-15.03129
2799297031.25,-15.03005
2799297187.5,-15.02731
2799297343.75,-15.02504
2799297500.0,-15.02362
2799297656.25,-15.02098
2799297812.5,-15.01803
2799297968.75,-15.01599
2799298125.0,-15.01337
2799298281.25,-15.01189
2799298437.5,-15.00959
2799298593.75,-15.00744
2799298750.0,-15.00408
2799298906.25,-15.00251
2799299062.5,-14.99928
2799299218.75,-14.99761
2799299375.0,-14.99611
2799299531.25,-14.99287
2799299687.5,-14.9913
2799299843.75,-14.98802
2799300000.0,-14.98548
2799300156.25,-14.98229
2799300312.5,-14.98203
2799300468.75,-14.97863
2799300625.0,-14.97625
2799300781.25,-14.97442
2799300937.5,-14.97245
2799301093.75,-14.97016
2799301250.0,-14.9683
2799301406.25,-14.9657
2799301562.5,-14.96261
2799301718.75,-14.96012
2799301875.0,-14.95784
2799302031.25,-14.95555
2799302187.5,-14.95323
2799302343.75,-14.95054
2799302500.0,-14.94814
2799302656.25,-14.94653
2799302812.5,-14.94479
2799302968.75,-14.94216
2799303125.0,-14.93917
2799303281.25,-14.93819
2799303437.5,-14.9342
2799303593.75,-14.93231
2799303750.0,-14.93074
2799303906.25,-14.92795
2799304062.5,-14.92499
2799304218.75,-14.92319
2799304375.0,-14.92097
2799304531.25,-14.91884
2799304687.5,-14.91543
2799304843.75,-14.91357
2799305000.0,-14.9113
2799305156.25,-14.90848
2799305312.5,-14.90685
2799305468.75,-14.90466
2799305625.0,-14.90134
2799305781.25,-14.90036
2799305937.5,-14.89728
2799306093.75,-14.89583
2799306250.0,-14.89232
2799306406.25,-14.89197
2799306562.5,-14.88725
2799306718.75,-14.88579
2799306875.0,-14.88385
2799307031.25,-14.88086
2799307187.5,-14.87856
2799307343.75,-14.87561
2799307500.0,-14.87387
2799307656.25,-14.87251
2799307812.5,-14.86975
2799307968.75,-14.86739
2799308125.0,-14.86449
2799308281.25,-14.86272
2799308437.5,-14.86018
2799308593.75,-14.8578
2799308750.0,-14.85552
2799308906.25,-14.85346
2799309062.5,-14.85102
2799309218.75,-14.8476
2799309375.0,-14.84475
2799309531.25,-14.84415
2799309687.5,-14.84052
2799309843.75,-14.84009
2799310000.0,-14.83603
2799310156.25,-14.83463
2799310312.5,-14.83222
2799310468.75,-14.83029
2799310625.0,-14.82647
2799310781.25,-14.82561
2799310937.5,-14.82265
2799311093.75,-14.81995
2799311250.0,-14.81736
2799311406.25,-14.81551
2799311562.5,-14.81291
2799311718.75,-14.80933
2799311875.0,-14.80841
2799312031.25,-14.80588
2799312187.5,-14.80347
2799312343.75,-14.80111
2799312500.0,-14.79832
2799312656.25,-14.79624
2799312812.5,-14.79431
2799312968.75,-14.79294
2799313125.0,-14.79023
2799313281.25,-14.78831
2799313437.5,-14.78518
2799313593.75,-14.78305
2799313750.0,-14.77995
2799313906.25,-14.77839
2799314062.5,-14.77531
2799314218.75,-14.77253
2799314375.0,-14.76994
2799314531.25,-14.76869
2799314687.5,-14.76611
2799314843.75,-14.76305
2799315000.0,-14.76246
2799315156.25,-14.75924
2799315312.5,-14.75733
2799315468.75,-14.75339
2799315625.0,-14.75294
2799315781.25,-14.75038
2799315937.5,-14.74772
2799316093.75,-14.74433
2799316250.0,-14.74179
2799316406.25,-14.73994
2799316562.5,-14.73736
2799316718.75,-14.73524
2799316875.0,-14.73298
2799317031.25,-14.72986
2799317187.5,-14.7282
2799317343.75,-14.72558
2799317500.0,-14.72392
2799317656.25,-14.71938
2799317812.5,-14.71836
2799317968.75,-14.71659
2799318125.0,-14.71416
2799318281.25,-14.71154
2799318437.5,-14.70852
2799318593.75,-14.70737
2799318750.0,-14.70338
2799318906.25,-14.70133
2799319062.5,-14.69891
2799319218.75,-14.698
2799319375.0,-14.69493
2799319531.25,-14.69179
2799319687.5,-14.68911
2799319843.75,-14.68822
2799320000.0,-14.68592
2799320156.25,-14.68347
2799320312.5,-14.68022
2799320468.75,-14.67821
2799320625.0,-14.67626
2799320781.25,-14.67312
2799320937.5,-14.67136
2799321093.75,-14.66847
2799321250.0,-14.66564
2799321406.25,-14.66402
2799321562.5,-14.66252
2799321718.75,-14.65875
2799321875.0,-14.65626
2799322031.25,-14.65426
2799322187.5,-14.6531
2799322343.75,-14.64909
2799322500.0,-14.64777
2799322656.25,-14.64539
2799322812.5,-14.64217
2799322968.75,-14.64053
2799323125.0,-14.63806
2799323281.25,-14.63508
2799323437.5,-14.63283
2799323593.75,-14.62989
2799323750.0,-14.62713
2799323906.25,-14.62489
2799324062.5,-14.62293
2799324218.75,-14.62067
2799324375.0,-14.61845
2799324531.25,-14.61637
2799324687.5,-14.61371
2799324843.75,-14.6118
2799325000.0,-14.60897
2799325156.25,-14.60726
2799325312.5,-14.60484
2799325468.75,-14.60175
2799325625.0,-14.59864
2799325781.25,-14.59768
2799325937.5,-14.59485
2799326093.75,-14.59188
2799326250.0,-14.59091
2799326406.25,-14.58839
2799326562.5,-14.58492
2799326718.75,-14.58175
2799326875.0,-14.57985
2799327031.25,-14.57763
2799327187.5,-14.57528
2799327343.75,-14.57371
2799327500.0,-14.57132
2799327656.25,-14.56809
2799327812.5,-14.5664
2799327968.75,-14.56424
2799328125.0,-14.56147
2799328281.25,-14.55931
2799328437.5,-14.55586
2799328593.75,-14.55394
2799328750.0,-14.55123
2799328906.25,-14.54933
2799329062.5,-14.54736
2799329218.75,-14.5443
2799329375.0,-14.54317
2799329531.25,-14.54023
2799329687.5,-14.53788
2799329843.75,-14.53504
2799330000.0,-14.53273
2799330156.25,-14.52956
2799330312.5,-14.52719
2799330468.75,-14.52524
2799330625.0,-14.52316
2799330781.25,-14.51972
2799330937.5,-14.51777
2799331093.75,-14.51566
2799331250.0,-14.51255
2799331406.25,-14.51027
2799331562.5,-14.50887
2799331718.75,-14.50691
2799331875.0,-14.50316
2799332031.25,-14.50173
2799332187.5,-14.49962
2799332343.75,-14.49576
2799332500.0,-14.49404
2799332656.25,-14.49199
2799332812.5,-14.49022
2799332968.75,-14.4874
2799333125.0,-14.48454
2799333281.25,-14.48096
2799333437.5,-14.48025
2799333593.75,-14.47619
2799333750.0,-14.47443
2799333906.25,-14.47162
2799334062.5,-14.46877
2799334218.75,-14.46693
2799334375.0,-14.46511
2799334531.25,-14.46311
2799334687.5,-14.45975
2799334843.75,-14.45745
2799335000.0,-14.45449
2799335156.25,-14.45084
2799335312.5,-14.44995
2799335468.75,-14.44801
2799335625.0,-14.44557
2799335781.25,-14.44338
2799335937.5,-14.44139
2799336093.75,-14.43817
2799336250.0,-14.43517
2799336406.25,-14.43278
2799336562.5,-14.43149
2799336718.75,-14.42808
2799336875.0,-14.42697
2799337031.25,-14.42378
2799337187.5,-14.42126
2799337343.75,-14.41801
2799337500.0,-14.41678
2799337656.25,-14.41432
2799337812.5,-14.41051
2799337968.75,-14.40932
2799338125.0,-14.40666
2799338281.25,-14.40466
2799338437.5,-14.40159
2799338593.75,-14.39974
2799338750.0,-14.39818
2799338906.25,-14.3947
2799339062.5,-14.39215
2799339218.75,-14.38989
2799339375.0,-14.38716
2799339531.25,-14.38381
2799339687.5,-14.38218
2799339843.75,-14.38022
2799340000.0,-14.37826
2799340156.25,-14.37439
2799340312.5,-14.37231
2799340468.75,-14.37035
2799340625.0,-14.36817
2799340781.25,-14.36555
2799340937.5,-14.36277
2799341093.75,-14.36004
2799341250.0,-14.3573
2799341406.25,-14.35459
2799341562.5,-14.35272
2799341718.75,-14.35057
2799341875.0,-14.34795
2799342031.25,-14.34567
2799342187.5,-14.34391
2799342343.75,-14.34055
2799342500.0,-14.33903
2799342656.25,-14.33665
2799342812.5,-14.334
2799342968.75,-14.33173
2799343125.0,-14.32874
2799343281.25,-14.32769
2799343437.5,-14.32506
2799343593.75,-14.32124
2799343750.0,-14.31853
2799343906.25,-14.31666
2799344062.5,-14.31478
2799344218.75,-14.31144
2799344375.0,-14.30853
2799344531.25,-14.30729
2799344687.5,-14.30372
2799344843.75,-14.30092
2799345000.0,-14.29963
2799345156.25,-14.29627
2799345312.5,-14.29309
2799345468.75,-14.29196
2799345625.0,-14.28862
2799345781.25,-14.28696
2799345937.5,-14.28413
2799346093.75,-14.28155
2799346250.0,-14.27945
2799346406.25,-14.27754
2799346562.5,-14.27414
2799346718.75,-14.27205
2799346875.0,-14.27078
2799347031.25,-14.26748
2799347187.5,-14.26473
2799347343.75,-14.26271
2799347500.0,-14.26001
2799347656.25,-14.25716
2799347812.5,-14.25556
2799347968.75,-14.25212
2799348125.0,-14.25016
2799348281.25,-14.24844
2799348437.5,-14.2446
2799348593.75,-14.24351
2799348750.0,-14.24067
2799348906.25,-14.23879
2799349062.5,-14.23524
2799349218.75,-14.23356
2799349375.0,-14.23022
2799349531.25,-14.22849
2799349687.5,-14.22559
2799349843.75,-14.22345
2799350000.0,-14.22105
2799350156.25,-14.21734
2799350312.5,-14.21608
2799350468.75,-14.21414
2799350625.0,-14.21083
2799350781.25,-14.20894
2799350937.5,-14.20565
2799351093.75,-14.2029
2799351250.0,-14.20135
2799351406.25,-14.19852
2799351562.5,-14.19629
2799351718.75,-14.19324
2799351875.0,-14.1914
2799352031.25,-14.18797
2799352187.5,-14.18525
2799352343.75,-14.18351
2799352500.0,-14.18086
2799352656.25,-14.17817
2799352812.5,-14.1782
2799352968.75,-14.17407
2799353125.0,-14.17136
2799353281.25,-14.16921
2799353437.5,-14.16672
2799353593.75,-14.16435
2799353750.0,-14.16151
2799353906.25,-14.15843
2799354062.5,-14.15694
2799354218.75,-14.15407
2799354375.0,-14.15115
2799354531.25,-14.14964
2799354687.5,-14.14719
2799354843.75,-14.14312
2799355000.0,-14.1418
2799355156.25,-14.13828
2799355312.5,-14.13683
2799355468.75,-14.13404
2799355625.0,-14.1313
2799355781.25,-14.12953
2799355937.5,-14.12612
2799356093.75,-14.12385
2799356250.0,-14.12265
2799356406.25,-14.11934
2799356562.5,-14.11654
2799356718.75,-14.11589
2799356875.0,-14.11091
2799357031.25,-14.11006
2799357187.5,-14.10616
2799357343.75,-14.1038
2799357500.0,-14.10177
2799357656.25,-14.09959
2799357812.5,-14.09634
2799357968.75,-14.09318
2799358125.0,-14.09145
2799358281.25,-14.09048
2799358437.5,-14.0869
2799358593.75,-14.08388
2799358750.0,-14.08266
2799358906.25,-14.07942
2799359062.5,-14.07718
2799359218.75,-14.0744
2799359375.0,-14.07126
2799359531.25,-14.06879
2799359687.5,-14.06594
2799359843.75,-14.06466
2799360000.0,-14.06212
2799360156.25,-14.05909
2799360312.5,-14.05647
2799360468.75,-14.05484
2799360625.0,-14.05191
2799360781.25,-14.04931
2799360937.5,-14.04782
2799361093.75,-14.04571
2799361250.0,-14.04275
2799361406.25,-14.0394
2799361562.5,-14.03688
2799361718.75,-14.03344
2799361875.0,-14.03236
2799362031.25,-14.02864
2799362187.5,-14.02742
2799362343.75,-14.0244
2799362500.0,-14.02302
2799362656.25,-14.01963
2799362812.5,-14.01674
2799362968.75,-14.01355
2799363125.0,-14.01242
2799363281.25,-14.0092
2799363437.5,-14.00743
2799363593.75,-14.00546
2799363750.0,-14.00163
2799363906.25,-13.99965
2799364062.5,-13.99783
2799364218.75,-13.99474
2799364375.0,-13.99124
2799364531.25,-13.98963
2799364687.5,-13.98644
2799364843.75,-13.98441
2799365000.0,-13.98194
2799365156.25,-13.97954
2799365312.5,-13.97728
2799365468.75,-13.97447
2799365625.0,-13.97248
2799365781.25,-13.96941
2799365937.5,-13.96685
2799366093.75,-13.96405
2799366250.0,-13.96208
2799366406.25,-13.95908
2799366562.5,-13.95668
2799366718.75,-13.95516
2799366875.0,-13.95315
2799367031.25,-13.95012
2799367187.5,-13.94675
2799367343.75,-13.94393
2799367500.0,-13.94232
2799367656.25,-13.93918
2799367812.5,-13.93669
2799367968.75,-13.93358
2799368125.0,-13.93105
2799368281.25,-13.9291
2799368437.5,-13.92568
2799368593.75,-13.92399
2799368750.0,-13.92178
2799368906.25,-13.91897
2799369062.5,-13.91658
2799369218.75,-13.91327
2799369375.0,-13.91211
2799369531.25,-13.90918
2799369687.5,-13.90609
2799369843.75,-13.9055
2799370000.0,-13.90147
2799370156.25,-13.8993
2799370312.5,-13.8969
2799370468.75,-13.89351
2799370625.0,-13.89154
2799370781.25,-13.88763
2799370937.5,-13.88615
2799371093.75,-13.88384
2799371250.0,-13.88236
2799371406.25,-13.87914
2799371562.5,-13.87485
2799371718.75,-13.87412
2799371875.0,-13.87106
2799372031.25,-13.86782
2799372187.5,-13.86593
2799372343.75,-13.86331
2799372500.0,-13.86154
2799372656.25,-13.85794
2799372812.5,-13.85599
2799372968.75,-13.85398
2799373125.0,-13.85097
2799373281.25,-13.8483
2799373437.5,-13.84581
2799373593.75,-13.84356
2799373750.0,-13.84143
2799373906.25,-13.83778
2799374062.5,-13.83624
2799374218.75,-13.83304
2799374375.0,-13.83051
2799374531.25,-13.82887
2799374687.5,-13.82584
2799374843.75,-13.82347
2799375000.0,-13.81973
2799375156.25,-13.81824
2799375312.5,-13.8157
2799375468.75,-13.8125
2799375625.0,-13.81031
2799375781.25,-13.8078
2799375937.5,-13.80521
2799376093.75,-13.80281
2799376250.0,-13.79946
2799376406.25,-13.79699
2799376562.5,-13.79574
2799376718.75,-13.79336
2799376875.0,-13.79104
2799377031.25,-13.78771
2799377187.5,-13.78559
2799377343.75,-13.78242
2799377500.0,-13.78183
2799377656.25,-13.77722
2799377812.5,-13.77357
2799377968.75,-13.77204
2799378125.0,-13.77015
2799378281.25,-13.76708
2799378437.5,-13.76487
2799378593.75,-13.76183
2799378750.0,-13.75954
2799378906.25,-13.75748
2799379062.5,-13.75352
2799379218.75,-13.75209
2799379375.0,-13.7503
2799379531.25,-13.7476
2799379687.5,-13.74373
2799379843.75,-13.74096
2799380000.0,-13.73971
2799380156.25,-13.73692
2799380312.5,-13.73479
2799380468.75,-13.73111
2799380625.0,-13.72775
2799380781.25,-13.72678
2799380937.5,-13.7239
2799381093.75,-13.72074
2799381250.0,-13.71808
2799381406.25,-13.71504
2799381562.5,-13.71435
2799381718.75,-13.71073
2799381875.0,-13.71037
2799382031.25,-13.70644
2799382187.5,-13.70387
2799382343.75,-13.70116
2799382500.0,-13.69803
2799382656.25,-13.69597
2799382812.5,-13.69309
2799382968.75,-13.69099
2799383125.0,-13.68717
2799383281.25,-13.68635
2799383437.5,-13.68284
2799383593.75,-13.68019
2799383750.0,-13.67721
2799383906.25,-13.67599
2799384062.5,-13.6727
2799384218.75,-13.66951
2799384375.0,-13.66729
2799384531.25,-13.66474
2799384687.5,-13.66287
2799384843.75,-13.66014
2799385000.0,-13.6565
2799385156.25,-13.65426
2799385312.5,-13.65204
2799385468.75,-13.64851
2799385625.0,-13.64693
2799385781.25,-13.64436
2799385937.5,-13.64162
2799386093.75,-13.63967
2799386250.0,-13.63686
2799386406.25,-13.63418
2799386562.5,-13.63136
2799386718.75,-13.629
2799386875.0,-13.62614
2799387031.25,-13.62393
2799387187.5,-13.62113
2799387343.75,-13.61934
2799387500.0,-13.61508
2799387656.25,-13.61315
2799387812.5,-13.61151
2799387968.75,-13.6084
2799388125.0,-13.6055
2799388281.25,-13.60295
2799388437.5,-13.60106
2799388593.75,-13.59774
2799388750.0,-13.5952
2799388906.25,-13.59232
2799389062.5,-13.59005
2799389218.75,-13.58758
2799389375.0,-13.58589
2799389531.25,-13.58331
2799389687.5,-13.5796
2799389843.75,-13.57713
2799390000.0,-13.57584
2799390156.25,-13.5717
2799390312.5,-13.56841
2799390468.75,-13.56712
2799390625.0,-13.56462
2799390781.25,-13.56194
2799390937.5,-13.55881
2799391093.75,-13.55721
2799391250.0,-13.55503
2799391406.25,-13.55132
2799391562.5,-13.54977
2799391718.75,-13.54665
2799391875.0,-13.54389
2799392031.25,-13.54096
2799392187.5,-13.5378
2799392343.75,-13.53634
2799392500.0,-13.53313
2799392656.25,-13.53102
2799392812.5,-13.52784
2799392968.75,-13.52643
2799393125.0,-13.52423
2799393281.25,-13.52086
2799393437.5,-13.5176
2799393593.75,-13.51531
2799393750.0,-13.51343
2799393906.25,-13.51063
2799394062.5,-13.50811
2799394218.75,-13.5049
2799394375.0,-13.50238
2799394531.25,-13.49967
2799394687.5,-13.49655
2799394843.75,-13.49514
2799395000.0,-13.49173
2799395156.25,-13.49034
2799395312.5,-13.48728
2799395468.75,-13.48373
2799395625.0,-13.48264
2799395781.25,-13.47849
2799395937.5,-13.47675
2799396093.75,-13.47321
2799396250.0,-13.4717
2799396406.25,-13.4684
2799396562.5,-13.46623
2799396718.75,-13.46384
2799396875.0,-13.46142
2799397031.25,-13.45917
2799397187.5,-13.45537
2799397343.75,-13.45229
2799397500.0,-13.45175
2799397656.25,-13.44864
2799397812.5,-13.44601
2799397968.75,-13.44359
2799398125.0,-13.44005
2799398281.25,-13.43845
2799398437.5,-13.434
2799398593.75,-13.4326
2799398750.0,-13.4303
2799398906.25,-13.42637
2799399062.5,-13.4251
2799399218.75,-13.42277
2799399375.0,-13.41907
2799399531.25,-13.4161
2799399687.5,-13.41463
2799399843.75,-13.41168
2799400000.0,-13.40905
2799400156.25,-13.40526
2799400312.5,-13.40322
2799400468.75,-13.40161
2799400625.0,-13.39904
2799400781.25,-13.39635
2799400937.5,-13.39327
2799401093.75,-13.39034
2799401250.0,-13.3881
2799401406.25,-13.38458
2799401562.5,-13.38297
2799401718.75,-13.37998
2799401875.0,-13.37695
2799402031.25,-13.37511
2799402187.5,-13.37222
2799402343.75,-13.36946
2799402500.0,-13.36692
2799402656.25,-13.36503
2799402812.5,-13.36078
2799402968.75,-13.35954
2799403125.0,-13.35718
2799403281.25,-13.35449
2799403437.5,-13.35157
2799403593.75,-13.34862
2799403750.0,-13.34656
2799403906.25,-13.34411
2799404062.5,-13.34085
2799404218.75,-13.3393
2799404375.0,-13.33689
2799404531.25,-13.33343
2799404687.5,-13.33073
2799404843.75,-13.32706
2799405000.0,-13.32606
2799405156.25,-13.32246
2799405312.5,-13.32051
2799405468.75,-13.31754
2799405625.0,-13.31513
2799405781.25,-13.31337
2799405937.5,-13.30946
2799406093.75,-13.30669
2799406250.0,-13.30326
2799406406.25,-13.30207
2799406562.5,-13.2994
2799406718.75,-13.29637
2799406875.0,-13.29405
2799407031.25,-13.28991
2799407187.5,-13.28831
2799407343.75,-13.28612
2799407500.0,-13.28405
2799407656.25,-13.27942
2799407812.5,-13.279
2799407968.75,-13.27572
2799408125.0,-13.27284
2799408281.25,-13.27048
2799408437.5,-13.26687
2799408593.75,-13.26463
2799408750.0,-13.26189
2799408906.25,-13.2599
2799409062.5,-13.25729
2799409218.75,-13.25498
2799409375.0,-13.25169
2799409531.25,-13.24933
2799409687.5,-13.24631
2799409843.75,-13.24369
2799410000.0,-13.24162
2799410156.25,-13.2394
2799410312.5,-13.23605
2799410468.75,-13.23344
2799410625.0,-13.23152
2799410781.25,-13.22807
2799410937.5,-13.22563
2799411093.75,-13.22403
2799411250.0,-13.22024
2799411406.25,-13.21764
2799411562.5,-13.21526
2799411718.75,-13.21284
2799411875.0,-13.20931
2799412031.25,-13.20842
2799412187.5,-13.20398
2799412343.75,-13.20189
2799412500.0,-13.1995
2799412656.25,-13.19612
2799412812.5,-13.19359
2799412968.75,-13.19114
2799413125.0,-13.18879
2799413281.25,-13.18716
2799413437.5,-13.18344
2799413593.75,-13.17982
2799413750.0,-13.17895
2799413906.25,-13.1759
2799414062.5,-13.17321
2799414218.75,-13.17016
2799414375.0,-13.16839
2799414531.25,-13.16513
2799414687.5,-13.16247
2799414843.75,-13.15931
2799415000.0,-13.15718
2799415156.25,-13.15428
2799415312.5,-13.15228
2799415468.75,-13.14966
2799415625.0,-13.14674
2799415781.25,-13.14341
2799415937.5,-13.14153
2799416093.75,-13.13789
2799416250.0,-13.13513
2799416406.25,-13.13287
2799416562.5,-13.13022
2799416718.75,-13.12861
2799416875.0,-13.12552
2799417031.25,-13.12254
2799417187.5,-13.12028
2799417343.75,-13.11675
2799417500.0,-13.11423
2799417656.25,-13.11239
2799417812.5,-13.1097
2799417968.75,-13.10643
2799418125.0,-13.10334
2799418281.25,-13.10105
2799418437.5,-13.09909
2799418593.75,-13.09652
2799418750.0,-13.09317
2799418906.25,-13.09041
2799419062.5,-13.08737
2799419218.75,-13.08404
2799419375.0,-13.08257
2799419531.25,-13.07994
2799419687.5,-13.07693
2799419843.75,-13.07497
2799420000.0,-13.07113
2799420156.25,-13.06938
2799420312.5,-13.06774
2799420468.75,-13.06461
2799420625.0,-13.06073
2799420781.25,-13.05928
2799420937.5,-13.0554
2799421093.75,-13.05299
2799421250.0,-13.05052
2799421406.25,-13.04726
2799421562.5,-13.04513
2799421718.75,-13.04294
2799421875.0,-13.03937
2799422031.25,-13.03799
2799422187.5,-13.03505
2799422343.75,-13.03128
2799422500.0,-13.03012
2799422656.25,-13.02752
2799422812.5,-13.02442
2799422968.75,-13.02077
2799423125.0,-13.01848
2799423281.25,-13.01653
2799423437.5,-13.01392
2799423593.75,-13.01025
2799423750.0,-13.00727
2799423906.25,-13.00542
2799424062.5,-13.00212
2799424218.75,-13.00035
2799424375.0,-12.99809
2799424531.25,-12.99462
2799424687.5,-12.99127
2799424843.75,-12.9889
2799425000.0,-12.98615
2799425156.25,-12.98392
2799425312.5,-12.98055
2799425468.75,-12.97835
2799425625.0,-12.97495
2799425781.25,-12.97366
2799425937.5,-12.97043
2799426093.75,-12.9672
2799426250.0,-12.96596
2799426406.25,-12.96317
2799426562.5,-12.96031
2799426718.75,-12.95714
2799426875.0,-12.95387
2799427031.25,-12.95246
2799427187.5,-12.94922
2799427343.75,-12.94639
2799427500.0,-12.94326
2799427656.25,-12.94146
2799427812.5,-12.93874
2799427968.75,-12.93581
2799428125.0,-12.93266
2799428281.25,-12.93012
2799428437.5,-12.9274
2799428593.75,-12.9243
2799428750.0,-12.92192
2799428906.25,-12.91885
2799429062.5,-12.91617
2799429218.75,-12.91433
2799429375.0,-12.91182
2799429531.25,-12.90926
2799429687.5,-12.9066
2799429843.75,-12.90274
2799430000.0,-12.90116
2799430156.25,-12.89801
2799430312.5,-12.89546
2799430468.75,-12.89195
2799430625.0,-12.89027
2799430781.25,-12.88816
2799430937.5,-12.88462
2799431093.75,-12.88227
2799431250.0,-12.87867
2799431406.25,-12.87633
2799431562.5,-12.87416
2799431718.75,-12.87231
2799431875.0,-12.86845
2799432031.25,-12.86562
2799432187.5,-12.86268
2799432343.75,-12.86095
2799432500.0,-12.85775
2799432656.25,-12.85518
2799432812.5,-12.85195
2799432968.75,-12.84921
2799433125.0,-12.8468
2799433281.25,-12.84395
2799433437.5,-12.84191
2799433593.75,-12.83862
2799433750.0,-12.83631
2799433906.25,-12.83362
2799434062.5,-12.83049
2799434218.75,-12.82725
2799434375.0,-12.82626
2799434531.25,-12.8227
2799434687.5,-12.81943
2799434843.75,-12.81725
2799435000.0,-12.81439
2799435156.25,-12.81175
2799435312.5,-12.8087
2799435468.75,-12.80689
2799435625.0,-12.80402
2799435781.25,-12.80082
2799435937.5,-12.79836
2799436093.75,-12.79643
2799436250.0,-12.79257
2799436406.25,-12.79066
2799436562.5,-12.78764
2799436718.75,-12.78469
2799436875.0,-12.78099
2799437031.25,-12.7801
2799437187.5,-12.77717
2799437343.75,-12.77423
2799437500.0,-12.77112
2799437656.25,-12.76861
2799437812.5,-12.7661
2799437968.75,-12.76357
2799438125.0,-12.76126
2799438281.25,-12.75802
2799438437.5,-12.75545
2799438593.75,-12.75278
2799438750.0,-12.74964
2799438906.25,-12.74742
2799439062.5,-12.74429
2799439218.75,-12.74257
2799439375.0,-12.73839
2799439531.25,-12.73623
2799439687.5,-12.73341
2799439843.75,-12.73075
2799440000.0,-12.72832
2799440156.25,-12.72521
2799440312.5,-12.72263
2799440468.75,-12.71921
2799440625.0,-12.71743
2799440781.25,-12.71516
2799440937.5,-12.71189
2799441093.75,-12.70851
2799441250.0,-12.70686
2799441406.25,-12.70366
2799441562.5,-12.70065
2799441718.75,-12.69876
2799441875.0,-12.69555
2799442031.25,-12.69242
2799442187.5,-12.69007
2799442343.75,-12.68786
2799442500.0,-12.68476
2799442656.25,-12.68125
2799442812.5,-12.6794
2799442968.75,-12.67521
2799443125.0,-12.6733
2799443281.25,-12.67111
2799443437.5,-12.66828
2799443593.75,-12.666
2799443750.0,-12.66286
2799443906.25,-12.66019
2799444062.5,-12.65778
2799444218.75,-12.65499
2799444375.0,-12.65258
2799444531.25,-12.64926
2799444687.5,-12.64664
2799444843.75,-12.64394
2799445000.0,-12.64113
2799445156.25,-12.63805
2799445312.5,-12.6353
2799445468.75,-12.6328
2799445625.0,-12.6306
2799445781.25,-12.62731
2799445937.5,-12.62551
2799446093.75,-12.62254
2799446250.0,-12.6197
2799446406.25,-12.61667
2799446562.5,-12.61464
2799446718.75,-12.6109
2799446875.0,-12.60794
2799447031.25,-12.6064
2799447187.5,-12.60301
2799447343.75,-12.6005
2799447500.0,-12.5978
2799447656.25,-12.59434
2799447812.5,-12.59202
2799447968.75,-12.58822
2799448125.0,-12.58641
2799448281.25,-12.58441
2799448437.5,-12.58132
2799448593.75,-12.57818
2799448750.0,-12.57598
2799448906.25,-12.57352
2799449062.5,-12.57137
2799449218.75,-12.56824
2799449375.0,-12.5656
2799449531.25,-12.56146
2799449687.5,-12.56001
2799449843.75,-12.55587
2799450000.0,-12.55505
2799450156.25,-12.55139
2799450312.5,-12.54722
2799450468.75,-12.54583
2799450625.0,-12.54338
2799450781.25,-12.54116
2799450937.5,-12.53796
2799451093.75,-12.53462
2799451250.0,-12.53184
2799451406.25,-12.52982
2799451562.5,-12.52679
2799451718.75,-12.52394
2799451875.0,-12.52141
2799452031.25,-12.51784
2799452187.5,-12.51594
2799452343.75,-12.51253
2799452500.0,-12.50923
2799452656.25,-12.50753
2799452812.5,-12.50465
2799452968.75,-12.50247
2799453125.0,-12.49907
2799453281.25,-12.49677
2799453437.5,-12.49395
2799453593.75,-12.49108
2799453750.0,-12.48788
2799453906.25,-12.48598
2799454062.5,-12.48276
2799454218.75,-12.48026
2799454375.0,-12.47752
2799454531.25,-12.47473
2799454687.5,-12.47162
2799454843.75,-12.46923
2799455000.0,-12.46642
2799455156.25,-12.46375
2799455312.5,-12.46138
2799455468.75,-12.45774
2799455625.0,-12.45636
2799455781.25,-12.45282
2799455937.5,-12.44989
2799456093.75,-12.44786
2799456250.0,-12.44429
2799456406.25,-12.44184
2799456562.5,-12.4384
2799456718.75,-12.43655
2799456875.0,-12.43227
2799457031.25,-12.43132
2799457187.5,-12.42777
2799457343.75,-12.42508
2799457500.0,-12.42335
2799457656.25,-12.41895
2799457812.5,-12.41666
2799457968.75,-12.41411
2799458125.0,-12.41105
2799458281.25,-12.40864
2799458437.5,-12.40624
2799458593.75,-12.40224
2799458750.0,-12.40006
2799458906.25,-12.39778
2799459062.5,-12.39377
2799459218.75,-12.39216
2799459375.0,-12.3895
2799459531.25,-12.38719
2799459687.5,-12.38375
2799459843.75,-12.38131
2799460000.0,-12.37809
2799460156.25,-12.37608
2799460312.5,-12.37266
2799460468.75,-12.37011
2799460625.0,-12.36728
2799460781.25,-12.36484
2799460937.5,-12.36207
2799461093.75,-12.35944
2799461250.0,-12.35539
2799461406.25,-12.35317
2799461562.5,-12.35142
2799461718.75,-12.34722
2799461875.0,-12.34505
2799462031.25,-12.34261
2799462187.5,-12.34043
2799462343.75,-12.33705
2799462500.0,-12.33427
2799462656.25,-12.33047
2799462812.5,-12.32736
2799462968.75,-12.32694
2799463125.0,-12.32307
2799463281.25,-12.32042
2799463437.5,-12.31801
2799463593.75,-12.31533
2799463750.0,-12.31184
2799463906.25,-12.30904
2799464062.5,-12.30716
2799464218.75,-12.30428
2799464375.0,-12.30136
2799464531.25,-12.29891
2799464687.5,-12.29551
2799464843.75,-12.29263
2799465000.0,-12.29055
2799465156.25,-12.28707
2799465312.5,-12.28405
2799465468.75,-12.28206
2799465625.0,-12.28022
2799465781.25,-12.27658
2799465937.5,-12.2737
2799466093.75,-12.27111
2799466250.0,-12.26692
2799466406.25,-12.26451
2799466562.5,-12.26369
2799466718.75,-12.25926
2799466875.0,-12.25658
2799467031.25,-12.2542
2799467187.5,-12.25165
2799467343.75,-12.24825
2799467500.0,-12.24483
2799467656.25,-12.24378
2799467812.5,-12.23993
2799467968.75,-12.23784
2799468125.0,-12.23518
2799468281.25,-12.23298
2799468437.5,-12.22893
2799468593.75,-12.22667
2799468750.0,-12.22423
2799468906.25,-12.22073
2799469062.5,-12.21887
2799469218.75,-12.21636
2799469375.0,-12.21316
2799469531.25,-12.20947
2799469687.5,-12.20743
2799469843.75,-12.20519
2799470000.0,-12.20191
2799470156.25,-12.19881
2799470312.5,-12.19625
2799470468.75,-12.19339
2799470625.0,-12.19
2799470781.25,-12.18862
2799470937.5,-12.1847
2799471093.75,-12.18324
2799471250.0,-12.17959
2799471406.25,-12.17678
2799471562.5,-12.17376
2799471718.75,-12.17135
2799471875.0,-12.16796
2799472031.25,-12.16547
2799472187.5,-12.16236
2799472343.75,-12.16013
2799472500.0,-12.15742
2799472656.25,-12.15486
2799472812.5,-12.15173
2799472968.75,-12.14969
2799473125.0,-12.14647
2799473281.25,-12.14395
2799473437.5,-12.14071
2799473593.75,-12.13791
2799473750.0,-12.13504
2799473906.25,-12.13261
2799474062.5,-12.12937
2799474218.75,-12.1269
2799474375.0,-12.12376
2799474531.25,-12.1208
2799474687.5,-12.11757
2799474843.75,-12.11567
2799475000.0,-12.11239
2799475156.25,-12.10984
2799475312.5,-12.10707
2799475468.75,-12.10392
2799475625.0,-12.1013
2799475781.25,-12.09909
2799475937.5,-12.09487
2799476093.75,-12.09366
2799476250.0,-12.09105
2799476406.25,-12.08764
2799476562.5,-12.08516
2799476718.75,-12.08118
2799476875.0,-12.07936
2799477031.25,-12.07677
2799477187.5,-12.07407
2799477343.75,-12.07141
2799477500.0,-12.06853
2799477656.25,-12.06532
2799477812.5,-12.06288
2799477968.75,-12.06036
2799478125.0,-12.05701
2799478281.25,-12.05476
2799478437.5,-12.0516
2799478593.75,-12.04951
2799478750.0,-12.04666
2799478906.25,-12.04283
2799479062.5,-12.0408
2799479218.75,-12.03794
2799479375.0,-12.03499
2799479531.25,-12.03263
2799479687.5,-12.02909
2799479843.75,-12.02619
2799480000.0,-12.02319
2799480156.25,-12.02114
2799480312.5,-12.01851
2799480468.75,-12.01509
2799480625.0,-12.01208
2799480781.25,-12.00988
2799480937.5,-12.00732
2799481093.75,-12.0052
2799481250.0,-12.0014
2799481406.25,-11.99904
2799481562.5,-11.99545
2799481718.75,-11.99327
2799481875.0,-11.99053
2799482031.25,-11.98736
2799482187.5,-11.98416
2799482343.75,-11.98201
2799482500.0,-11.97932
2799482656.25,-11.97558
2799482812.5,-11.97298
2799482968.75,-11.97013
2799483125.0,-11.96771
2799483281.25,-11.96486
2799483437.5,-11.96183
2799483593.75,-11.95891
2799483750.0,-11.95715
2799483906.25,-11.95342
2799484062.5,-11.95066
2799484218.75,-11.94881
2799484375.0,-11.94638
2799484531.25,-11.94251
2799484687.5,-11.94091
2799484843.75,-11.93687
2799485000.0,-11.93443
2799485156.25,-11.93194
2799485312.5,-11.92973
2799485468.75,-11.92583
2799485625.0,-11.92375
2799485781.25,-11.92073
2799485937.5,-11.91825
2799486093.75,-11.91428
2799486250.0,-11.91131
2799486406.25,-11.90972
2799486562.5,-11.90719
2799486718.75,-11.90416
2799486875.0,-11.90044
2799487031.25,-11.89789
2799487187.5,-11.8951
2799487343.75,-11.89212
2799487500.0,-11.88994
2799487656.25,-11.88748
2799487812.5,-11.88447
2799487968.75,-11.88128
2799488125.0,-11.87912
2799488281.25,-11.87577
2799488437.5,-11.87314
2799488593.75,-11.86931
2799488750.0,-11.86765
2799488906.25,-11.86477
2799489062.5,-11.86151
2799489218.75,-11.859
2799489375.0,-11.85641
2799489531.25,-11.8531
2799489687.5,-11.85082
2799489843.75,-11.84821
2799490000.0,-11.84387
2799490156.25,-11.84193
2799490312.5,-11.83884
2799490468.75,-11.83593
2799490625.0,-11.83339
2799490781.25,-11.83203
2799490937.5,-11.82764
2799491093.75,-11.82509
2799491250.0,-11.82231
2799491406.25,-11.81994
2799491562.5,-11.81759
2799491718.75,-11.81383
2799491875.0,-11.812
2799492031.25,-11.80891
2799492187.5,-11.80614
2799492343.75,-11.80213
2799492500.0,-11.80036
2799492656.25,-11.79706
2799492812.5,-11.7948
2799492968.75,-11.79151
2799493125.0,-11.78861
2799493281.25,-11.78538
2799493437.5,-11.78249
2799493593.75,-11.7811
2799493750.0,-11.77797
2799493906.25,-11.77357
2799494062.5,-11.77154
2799494218.75,-11.76892
2799494375.0,-11.76569
2799494531.25,-11.76447
2799494687.5,-11.76127
2799494843.75,-11.75794
2799495000.0,-11.75529
2799495156.25,-11.75193
2799495312.5,-11.74916
2799495468.75,-11.74717
2799495625.0,-11.74483
2799495781.25,-11.74192
2799495937.5,-11.73809
2799496093.75,-11.73588
2799496250.0,-11.73273
2799496406.25,-11.72928
2799496562.5,-11.72693
2799496718.75,-11.72437
2799496875.0,-11.72086
2799497031.25,-11.71852
2799497187.5,-11.71663
2799497343.75,-11.71279
2799497500.0,-11.70993
2799497656.25,-11.70741
2799497812.5,-11.7039
2799497968.75,-11.70175
2799498125.0,-11.6986
2799498281.25,-11.69555
2799498437.5,-11.69317
2799498593.75,-11.69013
2799498750.0,-11.68833
2799498906.25,-11.68512
2799499062.5,-11.68196
2799499218.75,-11.67934
2799499375.0,-11.6768
2799499531.25,-11.67348
2799499687.5,-11.67126
2799499843.75,-11.66777
2799500000.0,-11.66559
2799500156.25,-11.66298
2799500312.5,-11.65924
2799500468.75,-11.65683
2799500625.0,-11.65445
2799500781.25,-11.65121
2799500937.5,-11.64772
2799501093.75,-11.64563
2799501250.0,-11.64259
2799501406.25,-11.63889
2799501562.5,-11.63717
2799501718.75,-11.63435
2799501875.0,-11.63209
2799502031.25,-11.62794
2799502187.5,-11.62504
2799502343.75,-11.62304
2799502500.0,-11.61954
2799502656.25,-11.61739
2799502812.5,-11.61521
2799502968.75,-11.61101
2799503125.0,-11.60933
2799503281.25,-11.60606
2799503437.5,-11.60334
2799503593.75,-11.60061
2799503750.0,-11.59808
2799503906.25,-11.59551
2799504062.5,-11.59249
2799504218.75,-11.58834
2799504375.0,-11.58635
2799504531.25,-11.5843
2799504687.5,-11.58009
2799504843.75,-11.57765
2799505000.0,-11.57421
2799505156.25,-11.57224
2799505312.5,-11.56892
2799505468.75,-11.56705
2799505625.0,-11.56319
2799505781.25,-11.56085
2799505937.5,-11.55729
2799506093.75,-11.55466
2799506250.0,-11.55174
2799506406.25,-11.54934
2799506562.5,-11.54679
2799506718.75,-11.54425
2799506875.0,-11.54182
2799507031.25,-11.53904
2799507187.5,-11.53559
2799507343.75,-11.53263
2799507500.0,-11.52981
2799507656.25,-11.52713
2799507812.5,-11.52432
2799507968.75,-11.52154
2799508125.0,-11.51846
2799508281.25,-11.51511
2799508437.5,-11.51289
2799508593.75,-11.51109
2799508750.0,-11.50794
2799508906.25,-11.50502
2799509062.5,-11.5025
2799509218.75,-11.49892
2799509375.0,-11.49635
2799509531.25,-11.49386
2799509687.5,-11.49071
2799509843.75,-11.48772
2799510000.0,-11.48583
2799510156.25,-11.48221
2799510312.5,-11.47856
2799510468.75,-11.47689
2799510625.0,-11.47322
2799510781.25,-11.4704
2799510937.5,-11.46828
2799511093.75,-11.46442
2799511250.0,-11.46233
2799511406.25,-11.46025
2799511562.5,-11.45702
2799511718.75,-11.45374
2799511875.0,-11.45135
2799512031.25,-11.44858
2799512187.5,-11.4455
2799512343.75,-11.44342
2799512500.0,-11.43971
2799512656.25,-11.43762
2799512812.5,-11.4343
2799512968.75,-11.43159
2799513125.0,-11.42862
2799513281.25,-11.42603
2799513437.5,-11.42357
2799513593.75,-11.42001
2799513750.0,-11.41791
2799513906.25,-11.41421
2799514062.5,-11.41077
2799514218.75,-11.40886
2799514375.0,-11.40495
2799514531.25,-11.40262
2799514687.5,-11.39989
2799514843.75,-11.39832
2799515000.0,-11.39517
2799515156.25,-11.3927
2799515312.5,-11.38939
2799515468.75,-11.38611
2799515625.0,-11.38299
2799515781.25,-11.37995
2799515937.5,-11.37745
2799516093.75,-11.37522
2799516250.0,-11.37222
2799516406.25,-11.36948
2799516562.5,-11.36614
2799516718.75,-11.36347
2799516875.0,-11.36072
2799517031.25,-11.35796
2799517187.5,-11.35539
2799517343.75,-11.3519
2799517500.0,-11.34936
2799517656.25,-11.34556
2799517812.5,-11.34328
2799517968.75,-11.34135
2799518125.0,-11.33755
2799518281.25,-11.33578
2799518437.5,-11.33264
2799518593.75,-11.33028
2799518750.0,-11.32732
2799518906.25,-11.32394
2799519062.5,-11.32139
2799519218.75,-11.31878
2799519375.0,-11.31551
2799519531.25,-11.31321
2799519687.5,-11.30942
2799519843.75,-11.30659
2799520000.0,-11.3052
2799520156.25,-11.30159
2799520312.5,-11.29849
2799520468.75,-11.29579
2799520625.0,-11.29275
2799520781.25,-11.2907
2799520937.5,-11.28724
2799521093.75,-11.28451
2799521250.0,-11.28247
2799521406.25,-11.27921
2799521562.5,-11.27637
2799521718.75,-11.27349
2799521875.0,-11.26985
2799522031.25,-11.26713
2799522187.5,-11.26544
2799522343.75,-11.26357
2799522500.0,-11.2591
2799522656.25,-11.25702
2799522812.5,-11.25378
2799522968.75,-11.25206
2799523125.0,-11.24889
2799523281.25,-11.24551
2799523437.5,-11.24224
2799523593.75,-11.23877
2799523750.0,-11.23754
2799523906.25,-11.23374
2799524062.5,-11.23153
2799524218.75,-11.22819
2799524375.0,-11.22578
2799524531.25,-11.22367
2799524687.5,-11.22031
2799524843.75,-11.21698
2799525000.0,-11.21456
2799525156.25,-11.21101
2799525312.5,-11.20866
2799525468.75,-11.20594
2799525625.0,-11.20218
2799525781.25,-11.20085
2799525937.5,-11.1976
2799526093.75,-11.19512
2799526250.0,-11.1921
2799526406.25,-11.18881
2799526562.5,-11.18561
2799526718.75,-11.18242
2799526875.0,-11.18007
2799527031.25,-11.17793
2799527187.5,-11.1747
2799527343.75,-11.1718
2799527500.0,-11.16843
2799527656.25,-11.16624
2799527812.5,-11.16408
2799527968.75,-11.16068
2799528125.0,-11.15757
2799528281.25,-11.15472
2799528437.5,-11.15174
2799528593.75,-11.14943
2799528750.0,-11.14577
2799528906.25,-11.14406
2799529062.5,-11.14039
2799529218.75,-11.13779
2799529375.0,-11.13465
2799529531.25,-11.13195
2799529687.5,-11.12964
2799529843.75,-11.12653
2799530000.0,-11.12404
2799530156.25,-11.12087
2799530312.5,-11.11891
2799530468.75,-11.11587
2799530625.0,-11.11287
2799530781.25,-11.11125
2799530937.5,-11.10789
2799531093.75,-11.10405
2799531250.0,-11.10197
2799531406.25,-11.09948
2799531562.5,-11.0954
2799531718.75,-11.09354
2799531875.0,-11.08994
2799532031.25,-11.08761
2799532187.5,-11.08522
2799532343.75,-11.08146
2799532500.0,-11.07964
2799532656.25,-11.07633
2799532812.5,-11.07321
2799532968.75,-11.07022
2799533125.0,-11.06823
2799533281.25,-11.06492
2799533437.5,-11.06195
2799533593.75,-11.05836
2799533750.0,-11.05732
2799533906.25,-11.05288
2799534062.5,-11.05059
2799534218.75,-11.04804
2799534375.0,-11.04591
2799534531.25,-11.04209
2799534687.5,-11.03918
2799534843.75,-11.03666
2799535000.0,-11.03366
2799535156.25,-11.03088
2799535312.5,-11.02801
2799535468.75,-11.02562
2799535625.0,-11.02222
2799535781.25,-11.01943
2799535937.5,-11.01706
2799536093.75,-11.01488
2799536250.0,-11.01168
2799536406.25,-11.0086
2799536562.5,-11.00579
2799536718.75,-11.00283
2799536875.0,-11.00001
2799537031.25,-10.9968
2799537187.5,-10.99472
2799537343.75,-10.99138
2799537500.0,-10.98893
2799537656.25,-10.98488
2799537812.5,-10.98296
2799537968.75,-10.97914
2799538125.0,-10.97793
2799538281.25,-10.97454
2799538437.5,-10.97263
2799538593.75,-10.96943
2799538750.0,-10.96575
2799538906.25,-10.96504
2799539062.5,-10.96048
2799539218.75,-10.95806
2799539375.0,-10.95519
2799539531.25,-10.9526
2799539687.5,-10.94973
2799539843.75,-10.94718
2799540000.0,-10.94414
2799540156.25,-10.94102
2799540312.5,-10.93797
2799540468.75,-10.93551
2799540625.0,-10.93301
2799540781.25,-10.93063
2799540937.5,-10.92669
2799541093.75,-10.92428
2799541250.0,-10.92103
2799541406.25,-10.9188
2799541562.5,-10.91738
2799541718.75,-10.91309
2799541875.0,-10.91118
2799542031.25,-10.90741
2799542187.5,-10.90435
2799542343.75,-10.90239
2799542500.0,-10.89905
2799542656.25,-10.89646
2799542812.5,-10.89338
2799542968.75,-10.89107
2799543125.0,-10.88883
2799543281.25,-10.88453
2799543437.5,-10.88242
2799543593.75,-10.87999
2799543750.0,-10.87588
2799543906.25,-10.87346
2799544062.5,-10.87055
2799544218.75,-10.8689
2799544375.0,-10.8643
2799544531.25,-10.86265
2799544687.5,-10.85983
2799544843.75,-10.8567
2799545000.0,-10.85433
2799545156.25,-10.85192
2799545312.5,-10.84872
2799545468.75,-10.84513
2799545625.0,-10.8428
2799545781.25,-10.84082
2799545937.5,-10.83635
2799546093.75,-10.83356
2799546250.0,-10.83064
2799546406.25,-10.82822
2799546562.5,-10.82572
2799546718.75,-10.82321
2799546875.0,-10.81984
2799547031.25,-10.81744
2799547187.5,-10.81493
2799547343.75,-10.81187
2799547500.0,-10.8096
2799547656.25,-10.80692
2799547812.5,-10.80389
2799547968.75,-10.80167
2799548125.0,-10.79816
2799548281.25,-10.79552
2799548437.5,-10.79244
2799548593.75,-10.78995
2799548750.0,-10.78708
2799548906.25,-10.7851
2799549062.5,-10.78219
2799549218.75,-10.77784
2799549375.0,-10.77525
2799549531.25,-10.7728
2799549687.5,-10.76966
2799549843.75,-10.76682
2799550000.0,-10.76478
2799550156.25,-10.76165
2799550312.5,-10.75733
2799550468.75,-10.75632
2799550625.0,-10.75339
2799550781.25,-10.75069
2799550937.5,-10.7486
2799551093.75,-10.74535
2799551250.0,-10.74291
2799551406.25,-10.73993
2799551562.5,-10.7374
2799551718.75,-10.73363
2799551875.0,-10.73138
2799552031.25,-10.72818
2799552187.5,-10.72541
2799552343.75,-10.72307
2799552500.0,-10.7201
2799552656.25,-10.7165
2799552812.5,-10.71484
2799552968.75,-10.71109
2799553125.0,-10.70892
2799553281.25,-10.7058
2799553437.5,-10.70388
2799553593.75,-10.70011
2799553750.0,-10.69812
2799553906.25,-10.69558
2799554062.5,-10.69274
2799554218.75,-10.68937
2799554375.0,-10.68673
2799554531.25,-10.68438
2799554687.5,-10.68029
2799554843.75,-10.67826
2799555000.0,-10.67613
2799555156.25,-10.67289
2799555312.5,-10.66963
2799555468.75,-10.66732
2799555625.0,-10.66453
2799555781.25,-10.6615
2799555937.5,-10.6585
2799556093.75,-10.6556
2799556250.0,-10.65241
2799556406.25,-10.65036
2799556562.5,-10.64839
2799556718.75,-10.64484
2799556875.0,-10.64191
2799557031.25,-10.63933
2799557187.5,-10.63678
2799557343.75,-10.6338
2799557500.0,-10.6317
2799557656.25,-10.62779
2799557812.5,-10.62504
2799557968.75,-10.62257
2799558125.0,-10.61926
2799558281.25,-10.61718
2799558437.5,-10.6141
2799558593.75,-10.61141
2799558750.0,-10.60922
2799558906.25,-10.60547
2799559062.5,-10.60421
2799559218.75,-10.60034
2799559375.0,-10.59756
2799559531.25,-10.59494
2799559687.5,-10.59265
2799559843.75,-10.59035
2799560000.0,-10.587
2799560156.25,-10.58436
2799560312.5,-10.58085
2799560468.75,-10.57921
2799560625.0,-10.57654
2799560781.25,-10.57234
2799560937.5,-10.56997
2799561093.75,-10.56656
2799561250.0,-10.56467
2799561406.25,-10.56174
2799561562.5,-10.55968
2799561718.75,-10.55706
2799561875.0,-10.55357
2799562031.25,-10.55103
2799562187.5,-10.54769
2799562343.75,-10.5458
2799562500.0,-10.54225
2799562656.25,-10.53996
2799562812.5,-10.53719
2799562968.75,-10.53444
2799563125.0,-10.53142
2799563281.25,-10.52859
2799563437.5,-10.52619
2799563593.75,-10.52283
2799563750.0,-10.52018
2799563906.25,-10.51711
2799564062.5,-10.51485
2799564218.75,-10.5115
2799564375.0,-10.50937
2799564531.25,-10.50668
2799564687.5,-10.50333
2799564843.75,-10.50084
2799565000.0,-10.49839
2799565156.25,-10.49531
2799565312.5,-10.4929
2799565468.75,-10.48924
2799565625.0,-10.4869
2799565781.25,-10.48481
2799565937.5,-10.48179
2799566093.75,-10.47926
2799566250.0,-10.47592
2799566406.25,-10.47299
2799566562.5,-10.47082
2799566718.75,-10.46866
2799566875.0,-10.46488
2799567031.25,-10.46198
2799567187.5,-10.45929
2799567343.75,-10.45787
2799567500.0,-10.45402
2799567656.25,-10.45141
2799567812.5,-10.44875
2799567968.75,-10.44573
2799568125.0,-10.44346
2799568281.25,-10.44106
2799568437.5,-10.43672
2799568593.75,-10.43538
2799568750.0,-10.4326
2799568906.25,-10.42861
2799569062.5,-10.42719
2799569218.75,-10.42338
2799569375.0,-10.42136
2799569531.25,-10.41835
2799569687.5,-10.41598
2799569843.75,-10.41255
2799570000.0,-10.41029
2799570156.25,-10.40689
2799570312.5,-10.40486
2799570468.75,-10.40216
2799570625.0,-10.39876
2799570781.25,-10.39744
2799570937.5,-10.39309
2799571093.75,-10.39089
2799571250.0,-10.38834
2799571406.25,-10.38618
2799571562.5,-10.3824
2799571718.75,-10.38009
2799571875.0,-10.37692
2799572031.25,-10.37496
2799572187.5,-10.37175
2799572343.75,-10.36953
2799572500.0,-10.36642
2799572656.25,-10.36346
2799572812.5,-10.36091
2799572968.75,-10.35838
2799573125.0,-10.3562
2799573281.25,-10.35174
2799573437.5,-10.34987
2799573593.75,-10.34722
2799573750.0,-10.34468
2799573906.25,-10.34222
2799574062.5,-10.33886
2799574218.75,-10.33611
2799574375.0,-10.33344
2799574531.25,-10.3303
2799574687.5,-10.32734
2799574843.75,-10.32519
2799575000.0,-10.32264
2799575156.25,-10.32001
2799575312.5,-10.31737
2799575468.75,-10.31481
2799575625.0,-10.31185
2799575781.25,-10.3096
2799575937.5,-10.30615
2799576093.75,-10.30408
2799576250.0,-10.30063
2799576406.25,-10.29858
2799576562.5,-10.29606
2799576718.75,-10.29276
2799576875.0,-10.29008
2799577031.25,-10.28702
2799577187.5,-10.28455
2799577343.75,-10.28155
2799577500.0,-10.27887
2799577656.25,-10.27698
2799577812.5,-10.27369
2799577968.75,-10.27105
2799578125.0,-10.26802
2799578281.25,-10.2663
2799578437.5,-10.26277
2799578593.75,-10.26057
2799578750.0,-10.25842
2799578906.25,-10.25474
2799579062.5,-10.25213
2799579218.75,-10.25004
2799579375.0,-10.24595
2799579531.25,-10.24463
2799579687.5,-10.24109
2799579843.75,-10.23876
2799580000.0,-10.23631
2799580156.25,-10.23396
2799580312.5,-10.23065
2799580468.75,-10.22812
2799580625.0,-10.22547
2799580781.25,-10.22297
2799580937.5,-10.22046
2799581093.75,-10.21716
2799581250.0,-10.2145
2799581406.25,-10.2115
2799581562.5,-10.20893
2799581718.75,-10.20605
2799581875.0,-10.20356
2799582031.25,-10.20045
2799582187.5,-10.19771
2799582343.75,-10.19459
2799582500.0,-10.1929
2799582656.25,-10.19044
2799582812.5,-10.18707
2799582968.75,-10.18492
2799583125.0,-10.18225
2799583281.25,-10.17967
2799583437.5,-10.17654
2799583593.75,-10.17386
2799583750.0,-10.17055
2799583906.25,-10.16883
2799584062.5,-10.16531
2799584218.75,-10.16315
2799584375.0,-10.16102
2799584531.25,-10.15734
2799584687.5,-10.15502
2799584843.75,-10.15263
2799585000.0,-10.14966
2799585156.25,-10.14625
2799585312.5,-10.14497
2799585468.75,-10.14224
2799585625.0,-10.13929
2799585781.25,-10.13637
2799585937.5,-10.1347
2799586093.75,-10.13102
2799586250.0,-10.12816
2799586406.25,-10.12569
2799586562.5,-10.12314
2799586718.75,-10.12044
2799586875.0,-10.11842
2799587031.25,-10.1151
2799587187.5,-10.11263
2799587343.75,-10.1097
2799587500.0,-10.1064
2799587656.25,-10.10401
2799587812.5,-10.10095
2799587968.75,-10.0996
2799588125.0,-10.09631
2799588281.25,-10.09281
2799588437.5,-10.09042
2799588593.75,-10.0886
2799588750.0,-10.08447
2799588906.25,-10.08259
2799589062.5,-10.08101
2799589218.75,-10.07796
2799589375.0,-10.07549
2799589531.25,-10.07266
2799589687.5,-10.06941
2799589843.75,-10.0659
2799590000.0,-10.06428
2799590156.25,-10.06197
2799590312.5,-10.05879
2799590468.75,-10.05657
2799590625.0,-10.05422
2799590781.25,-10.05161
2799590937.5,-10.04857
2799591093.75,-10.04518
2799591250.0,-10.04302
2799591406.25,-10.04054
2799591562.5,-10.03743
2799591718.75,-10.03568
2799591875.0,-10.03273
2799592031.25,-10.02965
2799592187.5,-10.02607
2799592343.75,-10.02488
2799592500.0,-10.02219
2799592656.25,-10.0189
2799592812.5,-10.0172
2799592968.75,-10.01433
2799593125.0,-10.01219
2799593281.25,-10.00845
2799593437.5,-10.00619
2799593593.75,-10.00287
2799593750.0,-10.00109
2799593906.25,-9.998292
2799594062.5,-9.996147
2799594218.75,-9.993173
2799594375.0,-9.989225
2799594531.25,-9.988041
2799594687.5,-9.984925
2799594843.75,-9.98202
2799595000.0,-9.979476
2799595156.25,-9.977304
2799595312.5,-9.974072
2799595468.75,-9.971688
2799595625.0,-9.969401
2799595781.25,-9.966953
2799595937.5,-9.964031
2799596093.75,-9.961843
2799596250.0,-9.958567
2799596406.25,-9.956561
2799596562.5,-9.952796
2799596718.75,-9.950904
2799596875.0,-9.948773
2799597031.25,-9.945748
2799597187.5,-9.943107
2799597343.75,-9.940698
2799597500.0,-9.93745
2799597656.25,-9.935635
2799597812.5,-9.933042
2799597968.75,-9.929725
2799598125.0,-9.92739
2799598281.25,-9.924513
2799598437.5,-9.922771
2799598593.75,-9.918639
2799598750.0,-9.916738
2799598906.25,-9.914949
2799599062.5,-9.912065
2799599218.75,-9.909138
2799599375.0,-9.907007
2799599531.25,-9.904005
2799599687.5,-9.900738
2799599843.75,-9.898547
2799600000.0,-9.896909
2799600156.25,-9.893667
2799600312.5,-9.891093
2799600468.75,-9.888802
2799600625.0,-9.885962
2799600781.25,-9.883608
2799600937.5,-9.880585
2799601093.75,-9.878037
2799601250.0,-9.876058
2799601406.25,-9.873088
2799601562.5,-9.869908
2799601718.75,-9.867543
2799601875.0,-9.865584
2799602031.25,-9.862115
2799602187.5,-9.859448
2799602343.75,-9.857537
2799602500.0,-9.855088
2799602656.25,-9.851766
2799602812.5,-9.849839
2799602968.75,-9.84729
2799603125.0,-9.84547
2799603281.25,-9.841776
2799603437.5,-9.83914
2799603593.75,-9.837169
2799603750.0,-9.834046
2799603906.25,-9.832397
2799604062.5,-9.828749
2799604218.75,-9.826188
2799604375.0,-9.823904
2799604531.25,-9.822421
2799604687.5,-9.818742
2799604843.75,-9.816079
2799605000.0,-9.813598
2799605156.25,-9.810889
2799605312.5,-9.807431
2799605468.75,-9.806282
2799605625.0,-9.803457
2799605781.25,-9.800687
2799605937.5,-9.798444
2799606093.75,-9.796123
2799606250.0,-9.793222
2799606406.25,-9.790397
2799606562.5,-9.787756
2799606718.75,-9.785537
2799606875.0,-9.783132
2799607031.25,-9.780312
2799607187.5,-9.778296
2799607343.75,-9.775815
2799607500.0,-9.77312
2799607656.25,-9.76998
2799607812.5,-9.767428
2799607968.75,-9.764582
2799608125.0,-9.762694
2799608281.25,-9.760287
2799608437.5,-9.757808
2799608593.75,-9.755301
2799608750.0,-9.753115
2799608906.25,-9.750006
2799609062.5,-9.747978
2799609218.75,-9.745229
2799609375.0,-9.742125
2799609531.25,-9.739508
2799609687.5,-9.737392
2799609843.75,-9.735122
2799610000.0,-9.731867
2799610156.25,-9.729306
2799610312.5,-9.727168
2799610468.75,-9.724454
2799610625.0,-9.722753
2799610781.25,-9.719092
2799610937.5,-9.716242
2799611093.75,-9.714664
2799611250.0,-9.712626
2799611406.25,-9.710196
2799611562.5,-9.707416
2799611718.75,-9.704533
2799611875.0,-9.701113
2799612031.25,-9.699106
2799612187.5,-9.697702
2799612343.75,-9.694559
2799612500.0,-9.691664
2799612656.25,-9.688968
2799612812.5,-9.686864
2799612968.75,-9.684469
2799613125.0,-9.682073
2799613281.25,-9.679359
2799613437.5,-9.676538
2799613593.75,-9.674155
2799613750.0,-9.671888
2799613906.25,-9.668996
2799614062.5,-9.666025
2799614218.75,-9.664831
2799614375.0,-9.662059
2799614531.25,-9.658398
2799614687.5,-9.656911
2799614843.75,-9.654181
2799615000.0,-9.652465
2799615156.25,-9.64941
2799615312.5,-9.647749
2799615468.75,-9.643614
2799615625.0,-9.642459
2799615781.25,-9.639571
2799615937.5,-9.637441
2799616093.75,-9.634151
2799616250.0,-9.632253
2799616406.25,-9.629757
2799616562.5,-9.627121
2799616718.75,-9.624493
2799616875.0,-9.62235
2799617031.25,-9.620137
2799617187.5,-9.617208
2799617343.75,-9.614216
2799617500.0,-9.612958
2799617656.25,-9.610116
2799617812.5,-9.607018
2799617968.75,-9.604537
2799618125.0,-9.601972
2799618281.25,-9.59906
2799618437.5,-9.597836
2799618593.75,-9.595028
2799618750.0,-9.592006
2799618906.25,-9.590137
2799619062.5,-9.587331
2799619218.75,-9.585278
2799619375.0,-9.582661
2799619531.25,-9.579704
2799619687.5,-9.577521
2799619843.75,-9.574966
2799620000.0,-9.573131
2799620156.25,-9.570031
2799620312.5,-9.567424
2799620468.75,-9.565328
2799620625.0,-9.562902
2799620781.25,-9.560758
2799620937.5,-9.558113
2799621093.75,-9.555269
2799621250.0,-9.552937
2799621406.25,-9.550984
2799621562.5,-9.548203
2799621718.75,-9.546639
2799621875.0,-9.543311
2799622031.25,-9.541753
2799622187.5,-9.538046
2799622343.75,-9.535764
2799622500.0,-9.533405
2799622656.25,-9.531491
2799622812.5,-9.52882
2799622968.75,-9.52605
2799623125.0,-9.523738
2799623281.25,-9.521626
2799623437.5,-9.520065
2799623593.75,-9.517232
2799623750.0,-9.514573
2799623906.25,-9.512398
2799624062.5,-9.509569
2799624218.75,-9.50722
2799624375.0,-9.504837
2799624531.25,-9.501996
2799624687.5,-9.499963
2799624843.75,-9.497643
2799625000.0,-9.495405
2799625156.25,-9.492928
2799625312.5,-9.490314
2799625468.75,-9.488011
2799625625.0,-9.485787
2799625781.25,-9.482588
2799625937.5,-9.481028
2799626093.75,-9.478248
2799626250.0,-9.475607
2799626406.25,-9.473318
2799626562.5,-9.471251
2799626718.75,-9.469081
2799626875.0,-9.466549
2799627031.25,-9.463799
2799627187.5,-9.461153
2799627343.75,-9.459475
2799627500.0,-9.457133
2799627656.25,-9.454854
2799627812.5,-9.452516
2799627968.75,-9.449371
2799628125.0,-9.447177
2799628281.25,-9.445116
2799628437.5,-9.442321
2799628593.75,-9.440511
2799628750.0,-9.438219
2799628906.25,-9.434864
2799629062.5,-9.432824
2799629218.75,-9.430654
2799629375.0,-9.428389
2799629531.25,-9.426494
2799629687.5,-9.4238
2799629843.75,-9.420894
2799630000.0,-9.41923
2799630156.25,-9.416503
2799630312.5,-9.414758
2799630468.75,-9.411697
2799630625.0,-9.409583
2799630781.25,-9.407388
2799630937.5,-9.405551
2799631093.75,-9.402567
2799631250.0,-9.399856
2799631406.25,-9.397746
2799631562.5,-9.394888
2799631718.75,-9.393261
2799631875.0,-9.390562
2799632031.25,-9.389135
2799632187.5,-9.386032
2799632343.75,-9.383965
2799632500.0,-9.380971
2799632656.25,-9.378245
2799632812.5,-9.377248
2799632968.75,-9.373721
2799633125.0,-9.371329
2799633281.25,-9.369201
2799633437.5,-9.366717
2799633593.75,-9.364638
2799633750.0,-9.362975
2799633906.25,-9.36087
2799634062.5,-9.358033
2799634218.75,-9.355894
2799634375.0,-9.352592
2799634531.25,-9.351629
2799634687.5,-9.349855
2799634843.75,-9.346996
2799635000.0,-9.344347
2799635156.25,-9.342519
2799635312.5,-9.33949
2799635468.75,-9.336949
2799635625.0,-9.335499
2799635781.25,-9.333039
2799635937.5,-9.329926
2799636093.75,-9.327724
2799636250.0,-9.325719
2799636406.25,-9.323101
2799636562.5,-9.32257
2799636718.75,-9.319155
2799636875.0,-9.31631
2799637031.25,-9.314669
2799637187.5,-9.312995
2799637343.75,-9.309714
2799637500.0,-9.308086
2799637656.25,-9.305096
2799637812.5,-9.302955
2799637968.75,-9.301397
2799638125.0,-9.298818
2799638281.25,-9.296255
2799638437.5,-9.294456
2799638593.75,-9.291858
2799638750.0,-9.289141
2799638906.25,-9.28696
2799639062.5,-9.285927
2799639218.75,-9.28314
2799639375.0,-9.28091
2799639531.25,-9.278103
2799639687.5,-9.276365
2799639843.75,-9.27364
2799640000.0,-9.271806
2799640156.25,-9.269543
2799640312.5,-9.266816
2799640468.75,-9.264153
2799640625.0,-9.262435
2799640781.25,-9.259975
2799640937.5,-9.257917
2799641093.75,-9.255689
2799641250.0,-9.253449
2799641406.25,-9.251326
2799641562.5,-9.248606
2799641718.75,-9.246328
2799641875.0,-9.245138
2799642031.25,-9.243135
2799642187.5,-9.240627
2799642343.75,-9.237928
2799642500.0,-9.235608
2799642656.25,-9.233278
2799642812.5,-9.231421
2799642968.75,-9.228292
2799643125.0,-9.226575
2799643281.25,-9.224227
2799643437.5,-9.222462
2799643593.75,-9.2202
2799643750.0,-9.218308
2799643906.25,-9.215753
2799644062.5,-9.212916
2799644218.75,-9.211259
2799644375.0,-9.208965
2799644531.25,-9.207026
2799644687.5,-9.205026
2799644843.75,-9.20208
2799645000.0,-9.201141
2799645156.25,-9.198297
2799645312.5,-9.195217
2799645468.75,-9.193479
2799645625.0,-9.191156
2799645781.25,-9.190029
2799645937.5,-9.187616
2799646093.75,-9.184972
2799646250.0,-9.18257
2799646406.25,-9.180874
2799646562.5,-9.178754
2799646718.75,-9.175678
2799646875.0,-9.174345
2799647031.25,-9.172516
2799647187.5,-9.169513
2799647343.75,-9.167868
2799647500.0,-9.165634
2799647656.25,-9.163911
2799647812.5,-9.160782
2799647968.75,-9.159105
2799648125.0,-9.156796
2799648281.25,-9.154752
2799648437.5,-9.15198
2799648593.75,-9.150185
2799648750.0,-9.148921
2799648906.25,-9.146631
2799649062.5,-9.143814
2799649218.75,-9.141717
2799649375.0,-9.139423
2799649531.25,-9.137729
2799649687.5,-9.135525
2799649843.75,-9.133383
2799650000.0,-9.13123
2799650156.25,-9.128964
2799650312.5,-9.12714
2799650468.75,-9.125388
2799650625.0,-9.122345
2799650781.25,-9.119896
2799650937.5,-9.11823
2799651093.75,-9.116151
2799651250.0,-9.113662
2799651406.25,-9.112729
2799651562.5,-9.109361
2799651718.75,-9.108144
2799651875.0,-9.105824
2799652031.25,-9.10406
2799652187.5,-9.101759
2799652343.75,-9.09949
2799652500.0,-9.097903
2799652656.25,-9.094748
2799652812.5,-9.093034
2799652968.75,-9.091233
2799653125.0,-9.088337
2799653281.25,-9.086425
2799653437.5,-9.084381
2799653593.75,-9.08265
2799653750.0,-9.08048
2799653906.25,-9.078754
2799654062.5,-9.075994
2799654218.75,-9.073848
2799654375.0,-9.072149
2799654531.25,-9.07133
2799654687.5,-9.067565
2799654843.75,-9.066154
2799655000.0,-9.06407
2799655156.25,-9.061588
2799655312.5,-9.059518
2799655468.75,-9.057229
2799655625.0,-9.05548
2799655781.25,-9.053968
2799655937.5,-9.051302
2799656093.75,-9.048822
2799656250.0,-9.047811
2799656406.25,-9.04566
2799656562.5,-9.043623
2799656718.75,-9.040975
2799656875.0,-9.039313
2799657031.25,-9.037612
2799657187.5,-9.035262
2799657343.75,-9.033719
2799657500.0,-9.031029
2799657656.25,-9.029007
2799657812.5,-9.027388
2799657968.75,-9.025053
2799658125.0,-9.023986
2799658281.25,-9.021032
2799658437.5,-9.018964
2799658593.75,-9.017212
2799658750.0,-9.014851
2799658906.25,-9.013147
2799659062.5,-9.010763
2799659218.75,-9.008776
2799659375.0,-9.007177
2799659531.25,-9.004789
2799659687.5,-9.002151
2799659843.75,-9.000119
2799660000.0,-8.999106
2799660156.25,-8.996485
2799660312.5,-8.994603
2799660468.75,-8.993138
2799660625.0,-8.991094
2799660781.25,-8.989365
2799660937.5,-8.987194
2799661093.75,-8.984706
2799661250.0,-8.982573
2799661406.25,-8.981035
2799661562.5,-8.97862
2799661718.75,-8.976835
2799661875.0,-8.975245
2799662031.25,-8.97296
2799662187.5,-8.970755
2799662343.75,-8.969383
2799662500.0,-8.967211
2799662656.25,-8.965617
2799662812.5,-8.963387
2799662968.75,-8.962127
2799663125.0,-8.959538
2799663281.25,-8.957392
2799663437.5,-8.955167
2799663593.75,-8.953193
2799663750.0,-8.951632
2799663906.25,-8.948797
2799664062.5,-8.947674
2799664218.75,-8.946355
2799664375.0,-8.944297
2799664531.25,-8.941771
2799664687.5,-8.939226
2799664843.75,-8.938924
2799665000.0,-8.936486
2799665156.25,-8.935048
2799665312.5,-8.932314
2799665468.75,-8.930003
2799665625.0,-8.929281
2799665781.25,-8.926517
2799665937.5,-8.924994
2799666093.75,-8.922099
2799666250.0,-8.920754
2799666406.25,-8.918995
2799666562.5,-8.916329
2799666718.75,-8.914727
2799666875.0,-8.913393
2799667031.25,-8.911563
2799667187.5,-8.909492
2799667343.75,-8.907079
2799667500.0,-8.905219
2799667656.25,-8.904087
2799667812.5,-8.901258
2799667968.75,-8.900505
2799668125.0,-8.897566
2799668281.25,-8.895839
2799668437.5,-8.894532
2799668593.75,-8.892385
2799668750.0,-8.890802
2799668906.25,-8.888809
2799669062.5,-8.885832
2799669218.75,-8.884889
2799669375.0,-8.88292
2799669531.25,-8.880838
2799669687.5,-8.879101
2799669843.75,-8.878174
2799670000.0,-8.876189
2799670156.25,-8.874044
2799670312.5,-8.871293
2799670468.75,-8.869794
2799670625.0,-8.869122
2799670781.25,-8.865989
2799670937.5,-8.864538
2799671093.75,-8.862645
2799671250.0,-8.860467
2799671406.25,-8.858893
2799671562.5,-8.856939
2799671718.75,-8.85577
2799671875.0,-8.853559
2799672031.25,-8.852193
2799672187.5,-8.850348
2799672343.75,-8.849013
2799672500.0,-8.846991
2799672656.25,-8.844073
2799672812.5,-8.842424
2799672968.75,-8.840777
2799673125.0,-8.83955
2799673281.25,-8.837934
2799673437.5,-8.83619
2799673593.75,-8.833779
2799673750.0,-8.831829
2799673906.25,-8.830263
2799674062.5,-8.828291
2799674218.75,-8.826557
2799674375.0,-8.824648
2799674531.25,-8.822642
2799674687.5,-8.821372
2799674843.75,-8.819709
2799675000.0,-8.817472
2799675156.25,-8.815194
2799675312.5,-8.81374
2799675468.75,-8.812412
2799675625.0,-8.810735
2799675781.25,-8.808369
2799675937.5,-8.806352
2799676093.75,-8.805198
2799676250.0,-8.803588
2799676406.25,-8.802197
2799676562.5,-8.800334
2799676718.75,-8.79809
2799676875.0,-8.796727
2799677031.25,-8.79473
2799677187.5,-8.793409
2799677343.75,-8.792121
2799677500.0,-8.789463
2799677656.25,-8.787742
2799677812.5,-8.785934
2799677968.75,-8.784124
2799678125.0,-8.782536
2799678281.25,-8.779839
2799678437.5,-8.779421
2799678593.75,-8.777463
2799678750.0,-8.775217
2799678906.25,-8.774073
2799679062.5,-8.772508
2799679218.75,-8.77115
2799679375.0,-8.76943
2799679531.25,-8.767966
2799679687.5,-8.765957
2799679843.75,-8.764227
2799680000.0,-8.762202
2799680156.25,-8.760444
2799680312.5,-8.758603
2799680468.75,-8.756559
2799680625.0,-8.754978
2799680781.25,-8.753773
2799680937.5,-8.752298
2799681093.75,-8.750525
2799681250.0,-8.748785
2799681406.25,-8.746851
2799681562.5,-8.745584
2799681718.75,-8.743604
2799681875.0,-8.741542
2799682031.25,-8.740132
2799682187.5,-8.739321
2799682343.75,-8.736516
2799682500.0,-8.735974
2799682656.25,-8.733931
2799682812.5,-8.731636
2799682968.75,-8.730247
2799683125.0,-8.72888
2799683281.25,-8.727024
2799683437.5,-8.725654
2799683593.75,-8.724132
2799683750.0,-8.722737
2799683906.25,-8.721068
2799684062.5,-8.719322
2799684218.75,-8.716981
2799684375.0,-8.715746
2799684531.25,-8.714269
2799684687.5,-8.712787
2799684843.75,-8.710523
2799685000.0,-8.709064
2799685156.25,-8.707455
2799685312.5,-8.706662
2799685468.75,-8.704255
2799685625.0,-8.702676
2799685781.25,-8.701546
2799685937.5,-8.699569
2799686093.75,-8.698273
2799686250.0,-8.696671
2799686406.25,-8.695232
2799686562.5,-8.693332
2799686718.75,-8.692136
2799686875.0,-8.690311
2799687031.25,-8.688382
2799687187.5,-8.686747
2799687343.75,-8.685491
2799687500.0,-8.684019
2799687656.25,-8.682845
2799687812.5,-8.681106
2799687968.75,-8.678983
2799688125.0,-8.67865
2799688281.25,-8.675871
2799688437.5,-8.675368
2799688593.75,-8.673721
2799688750.0,-8.672147
2799688906.25,-8.670609
2799689062.5,-8.668406
2799689218.75,-8.666922
2799689375.0,-8.665674
2799689531.25,-8.664466
2799689687.5,-8.662359
2799689843.75,-8.660357
2799690000.0,-8.659199
2799690156.25,-8.65822
2799690312.5,-8.656594
2799690468.75,-8.655535
2799690625.0,-8.653456
2799690781.25,-8.652041
2799690937.5,-8.650588
2799691093.75,-8.648593
2799691250.0,-8.647376
2799691406.25,-8.646001
2799691562.5,-8.6448
2799691718.75,-8.643762
2799691875.0,-8.642438
2799692031.25,-8.64087
2799692187.5,-8.639143
2799692343.75,-8.637066
2799692500.0,-8.635542
2799692656.25,-8.63484
2799692812.5,-8.632387
2799692968.75,-8.631336
2799693125.0,-8.629602
2799693281.25,-8.628393
2799693437.5,-8.626544
2799693593.75,-8.625931
2799693750.0,-8.623665
2799693906.25,-8.622813
2799694062.5,-8.620728
2799694218.75,-8.619734
2799694375.0,-8.618271
2799694531.25,-8.616932
2799694687.5,-8.615651
2799694843.75,-8.614658
2799695000.0,-8.613008
2799695156.25,-8.611077
2799695312.5,-8.610485
2799695468.75,-8.609086
2799695625.0,-8.606906
2799695781.25,-8.605516
2799695937.5,-8.603481
2799696093.75,-8.602288
2799696250.0,-8.601179
2799696406.25,-8.599621
2799696562.5,-8.598089
2799696718.75,-8.596669
2799696875.0,-8.59602
2799697031.25,-8.594985
2799697187.5,-8.593099
2799697343.75,-8.591134
2799697500.0,-8.590643
2799697656.25,-8.588085
2799697812.5,-8.588117
2799697968.75,-8.586479
2799698125.0,-8.584859
2799698281.25,-8.583555
2799698437.5,-8.581802
2799698593.75,-8.580872
2799698750.0,-8.579438
2799698906.25,-8.577639
2799699062.5,-8.576727
2799699218.75,-8.574963
2799699375.0,-8.57431
2799699531.25,-8.572366
2799699687.5,-8.57149
2799699843.75,-8.570311
2799700000.0,-8.568602
2799700156.25,-8.567466
2799700312.5,-8.566223
2799700468.75,-8.565
2799700625.0,-8.563789
2799700781.25,-8.561657
2799700937.5,-8.560873
2799701093.75,-8.559734
2799701250.0,-8.558084
2799701406.25,-8.556666
2799701562.5,-8.555581
2799701718.75,-8.554154
2799701875.0,-8.552798
2799702031.25,-8.551208
2799702187.5,-8.550285
2799702343.75,-8.548703
2799702500.0,-8.547677
2799702656.25,-8.547081
2799702812.5,-8.545549
2799702968.75,-8.543589
2799703125.0,-8.54272
2799703281.25,-8.540995
2799703437.5,-8.540309
2799703593.75,-8.538995
2799703750.0,-8.537174
2799703906.25,-8.535944
2799704062.5,-8.534846
2799704218.75,-8.533377
2799704375.0,-8.532573
2799704531.25,-8.531727
2799704687.5,-8.530008
2799704843.75,-8.528742
2799705000.0,-8.527187
2799705156.25,-8.526063
2799705312.5,-8.526213
2799705468.75,-8.524539
2799705625.0,-8.522808
2799705781.25,-8.520922
2799705937.5,-8.520336
2799706093.75,-8.519064
2799706250.0,-8.518003
2799706406.25,-8.516587
2799706562.5,-8.515353
2799706718.75,-8.514416
2799706875.0,-8.51295
2799707031.25,-8.511891
2799707187.5,-8.510215
2799707343.75,-8.509299
2799707500.0,-8.508445
2799707656.25,-8.506987
2799707812.5,-8.505815
2799707968.75,-8.504878
2799708125.0,-8.504164
2799708281.25,-8.503333
2799708437.5,-8.501099
2799708593.75,-8.50018
2799708750.0,-8.499177
2799708906.25,-8.497324
2799709062.5,-8.495647
2799709218.75,-8.496091
2799709375.0,-8.494744
2799709531.25,-8.493074
2799709687.5,-8.492421
2799709843.75,-8.491331
2799710000.0,-8.489958
2799710156.25,-8.488384
2799710312.5,-8.48807
2799710468.75,-8.486443
2799710625.0,-8.485687
2799710781.25,-8.484118
2799710937.5,-8.483397
2799711093.75,-8.481634
2799711250.0,-8.48102
2799711406.25,-8.480463
2799711562.5,-8.478394
2799711718.75,-8.47788
2799711875.0,-8.47648
2799712031.25,-8.475361
2799712187.5,-8.474761
2799712343.75,-8.474112
2799712500.0,-8.473119
2799712656.25,-8.470763
2799712812.5,-8.469338
2799712968.75,-8.469714
2799713125.0,-8.467431
2799713281.25,-8.467019
2799713437.5,-8.466865
2799713593.75,-8.464131
2799713750.0,-8.463424
2799713906.25,-8.46235
2799714062.5,-8.461349
2799714218.75,-8.461069
2799714375.0,-8.459166
2799714531.25,-8.459374
2799714687.5,-8.457826
2799714843.75,-8.456697
2799715000.0,-8.455433
2799715156.25,-8.454203
2799715312.5,-8.453577
2799715468.75,-8.452887
2799715625.0,-8.451917
2799715781.25,-8.449835
2799715937.5,-8.449538
2799716093.75,-8.448483
2799716250.0,-8.447331
2799716406.25,-8.446374
2799716562.5,-8.445747
2799716718.75,-8.444005
2799716875.0,-8.44345
2799717031.25,-8.441674
2799717187.5,-8.441334
2799717343.75,-8.441702
2799717500.0,-8.439178
2799717656.25,-8.438862
2799717812.5,-8.437944
2799717968.75,-8.436162
2799718125.0,-8.435129
2799718281.25,-8.43488
2799718437.5,-8.433843
2799718593.75,-8.432002
2799718750.0,-8.431812
2799718906.25,-8.430215
2799719062.5,-8.429811
2799719218.75,-8.428545
2799719375.0,-8.427692
2799719531.25,-8.427071
2799719687.5,-8.42656
2799719843.75,-8.424541
2799720000.0,-8.424423
2799720156.25,-8.42366
2799720312.5,-8.422299
2799720468.75,-8.421329
2799720625.0,-8.420148
2799720781.25,-8.419963
2799720937.5,-8.418977
2799721093.75,-8.417998
2799721250.0,-8.416708
2799721406.25,-8.41587
2799721562.5,-8.414929
2799721718.75,-8.414923
2799721875.0,-8.413879
2799722031.25,-8.412871
2799722187.5,-8.411722
2799722343.75,-8.411276
2799722500.0,-8.410612
2799722656.25,-8.409752
2799722812.5,-8.408207
2799722968.75,-8.407841
2799723125.0,-8.406677
2799723281.25,-8.406334
2799723437.5,-8.404902
2799723593.75,-8.403193
2799723750.0,-8.403292
2799723906.25,-8.40252
2799724062.5,-8.40124
2799724218.75,-8.400444
2799724375.0,-8.400194
2799724531.25,-8.399035
2799724687.5,-8.399332
2799724843.75,-8.397346
2799725000.0,-8.396418
2799725156.25,-8.396451
2799725312.5,-8.394729
2799725468.75,-8.394957
2799725625.0,-8.393615
2799725781.25,-8.392708
2799725937.5,-8.392134
2799726093.75,-8.390633
2799726250.0,-8.38973
2799726406.25,-8.390256
2799726562.5,-8.389
2799726718.75,-8.389173
2799726875.0,-8.387528
2799727031.25,-8.386032
2799727187.5,-8.385938
2799727343.75,-8.384607
2799727500.0,-8.384575
2799727656.25,-8.384035
2799727812.5,-8.382565
2799727968.75,-8.382061
2799728125.0,-8.381085
2799728281.25,-8.380054
2799728437.5,-8.379412
2799728593.75,-8.379102
2799728750.0,-8.378228
2799728906.25,-8.377932
2799729062.5,-8.375933
2799729218.75,-8.376116
2799729375.0,-8.375015
2799729531.25,-8.374883
2799729687.5,-8.373667
2799729843.75,-8.373594
2799730000.0,-8.372322
2799730156.25,-8.371764
2799730312.5,-8.371493
2799730468.75,-8.370518
2799730625.0,-8.369011
2799730781.25,-8.369638
2799730937.5,-8.367716
2799731093.75,-8.368033
2799731250.0,-8.367125
2799731406.25,-8.366488
2799731562.5,-8.36607
2799731718.75,-8.364562
2799731875.0,-8.363605
2799732031.25,-8.363515
2799732187.5,-8.363074
2799732343.75,-8.362673
2799732500.0,-8.362354
2799732656.25,-8.361196
2799732812.5,-8.360663
2799732968.75,-8.35958
2799733125.0,-8.359202
2799733281.25,-8.358079
2799733437.5,-8.358571
2799733593.75,-8.356988
2799733750.0,-8.356589
2799733906.25,-8.355354
2799734062.5,-8.356074
2799734218.75,-8.355036
2799734375.0,-8.354151
2799734531.25,-8.353783
2799734687.5,-8.353491
2799734843.75,-8.352654
2799735000.0,-8.35134
2799735156.25,-8.352039
2799735312.5,-8.351102
2799735468.75,-8.350712
2799735625.0,-8.34997
2799735781.25,-8.349368
2799735937.5,-8.348113
2799736093.75,-8.34829
2799736250.0,-8.346745
2799736406.25,-8.346698
2799736562.5,-8.346141
2799736718.75,-8.345981
2799736875.0,-8.344863
2799737031.25,-8.344285
2799737187.5,-8.344232
2799737343.75,-8.343826
2799737500.0,-8.343292
2799737656.25,-8.342071
2799737812.5,-8.341305
2799737968.75,-8.340921
2799738125.0,-8.340553
2799738281.25,-8.340601
2799738437.5,-8.340045
2799738593.75,-8.338941
2799738750.0,-8.338626
2799738906.25,-8.338422
2799739062.5,-8.337943
2799739218.75,-8.3374
2799739375.0,-8.336185
2799739531.25,-8.33619
2799739687.5,-8.336212
2799739843.75,-8.334943
2799740000.0,-8.334838
2799740156.25,-8.334328
2799740312.5,-8.333609
2799740468.75,-8.332427
2799740625.0,-8.333766
2799740781.25,-8.332417
2799740937.5,-8.332661
2799741093.75,-8.331349
2799741250.0,-8.330895
2799741406.25,-8.33069
2799741562.5,-8.329742
2799741718.75,-8.329058
2799741875.0,-8.329241
2799742031.25,-8.328975
2799742187.5,-8.328856
2799742343.75,-8.328014
2799742500.0,-8.32822
2799742656.25,-8.326916
2799742812.5,-8.326469
2799742968.75,-8.325887
2799743125.0,-8.326636
2799743281.25,-8.326319
2799743437.5,-8.326051
2799743593.75,-8.32479
2799743750.0,-8.32432
2799743906.25,-8.324071
2799744062.5,-8.323981
2799744218.75,-8.323287
2799744375.0,-8.322858
2799744531.25,-8.322485
2799744687.5,-8.322386
2799744843.75,-8.321264
2799745000.0,-8.322446
2799745156.25,-8.321747
2799745312.5,-8.321178
2799745468.75,-8.321001
2799745625.0,-8.320802
2799745781.25,-8.319608
2799745937.5,-8.319715
2799746093.75,-8.319258
2799746250.0,-8.319091
2799746406.25,-8.318041
2799746562.5,-8.318445
2799746718.75,-8.317908
2799746875.0,-8.317859
2799747031.25,-8.317022
2799747187.5,-8.317743
2799747343.75,-8.316999
2799747500.0,-8.316428
2799747656.25,-8.315914
2799747812.5,-8.315618
2799747968.75,-8.316119
2799748125.0,-8.315121
2799748281.25,-8.315767
2799748437.5,-8.314219
2799748593.75,-8.31421
2799748750.0,-8.313823
2799748906.25,-8.313353
2799749062.5,-8.313523
2799749218.75,-8.312607
2799749375.0,-8.313082
2799749531.25,-8.31298
2799749687.5,-8.31236
2799749843.75,-8.311696
2799750000.0,-8.312497
2799750156.25,-8.311822
2799750312.5,-8.311679
2799750468.75,-8.312079
2799750625.0,-8.310967
2799750781.25,-8.310287
2799750937.5,-8.310207
2799751093.75,-8.310544
2799751250.0,-8.310123
2799751406.25,-8.309881
2799751562.5,-8.310363
2799751718.75,-8.309527
2799751875.0,-8.309489
2799752031.25,-8.309538
2799752187.5,-8.309119
2799752343.75,-8.30897
2799752500.0,-8.308697
2799752656.25,-8.308496
2799752812.5,-8.308461
2799752968.75,-8.30741
2799753125.0,-8.308469
2799753281.25,-8.307429
2799753437.5,-8.307175
2799753593.75,-8.307059
2799753750.0,-8.307231
2799753906.25,-8.307982
2799754062.5,-8.307214
2799754218.75,-8.306599
2799754375.0,-8.306176
2799754531.25,-8.306649
2799754687.5,-8.305717
2799754843.75,-8.30566
2799755000.0,-8.306619
2799755156.25,-8.306245
2799755312.5,-8.306125
2799755468.75,-8.30599
2799755625.0,-8.305505
2799755781.25,-8.305642
2799755937.5,-8.305626
2799756093.75,-8.305191
2799756250.0,-8.305179
2799756406.25,-8.305905
2799756562.5,-8.304296
2799756718.75,-8.305583
2799756875.0,-8.304799
2799757031.25,-8.304926
2799757187.5,-8.305296
2799757343.75,-8.30471
2799757500.0,-8.304578
2799757656.25,-8.304774
2799757812.5,-8.304861
2799757968.75,-8.304965
2799758125.0,-8.304433
2799758281.25,-8.304201
2799758437.5,-8.30396
2799758593.75,-8.304426
2799758750.0,-8.304218
2799758906.25,-8.303886
2799759062.5,-8.304102
2799759218.75,-8.303762
2799759375.0,-8.304358
2799759531.25,-8.304624
2799759687.5,-8.304008
2799759843.75,-8.303923
2799760000.0,-8.303946
2799760156.25,-8.303741
2799760312.5,-8.303971
2799760468.75,-8.304434
2799760625.0,-8.303548
2799760781.25,-8.304108
2799760937.5,-8.30312
2799761093.75,-8.303947
2799761250.0,-8.303936
2799761406.25,-8.303501
2799761562.5,-8.303485
2799761718.75,-8.304409
2799761875.0,-8.304156
2799762031.25,-8.303443
2799762187.5,-8.304855
2799762343.75,-8.304026
2799762500.0,-8.304136
2799762656.25,-8.304258
2799762812.5,-8.304325
2799762968.75,-8.304339
2799763125.0,-8.304336
2799763281.25,-8.30451
2799763437.5,-8.30529
2799763593.75,-8.304646
2799763750.0,-8.304918
2799763906.25,-8.30609
2799764062.5,-8.304269
2799764218.75,-8.304778
2799764375.0,-8.304367
2799764531.25,-8.304978
2799764687.5,-8.305782
2799764843.75,-8.304433
2799765000.0,-8.30518
2799765156.25,-8.305788
2799765312.5,-8.306105
2799765468.75,-8.305549
2799765625.0,-8.305775
2799765781.25,-8.306161
2799765937.5,-8.305788
2799766093.75,-8.305473
2799766250.0,-8.30648
2799766406.25,-8.306848
2799766562.5,-8.307148
2799766718.75,-8.307315
2799766875.0,-8.306863
2799767031.25,-8.307029
2799767187.5,-8.307959
2799767343.75,-8.306786
2799767500.0,-8.307374
2799767656.25,-8.308106
2799767812.5,-8.307592
2799767968.75,-8.307912
2799768125.0,-8.308041
2799768281.25,-8.307992
2799768437.5,-8.308878
2799768593.75,-8.3085
2799768750.0,-8.309488
2799768906.25,-8.309331
2799769062.5,-8.309204
2799769218.75,-8.310282
2799769375.0,-8.309393
2799769531.25,-8.309648
2799769687.5,-8.309995
2799769843.75,-8.310018
2799770000.0,-8.310902
2799770156.25,-8.310457
2799770312.5,-8.311811
2799770468.75,-8.31135
2799770625.0,-8.311697
2799770781.25,-8.312101
2799770937.5,-8.311941
2799771093.75,-8.312705
2799771250.0,-8.312395
2799771406.25,-8.313414
2799771562.5,-8.313375
2799771718.75,-8.313012
2799771875.0,-8.313845
2799772031.25,-8.314013
2799772187.5,-8.31393
2799772343.75,-8.314531
2799772500.0,-8.314667
2799772656.25,-8.315226
2799772812.5,-8.315438
2799772968.75,-8.315669
2799773125.0,-8.31566
2799773281.25,-8.315992
2799773437.5,-8.316739
2799773593.75,-8.316703
2799773750.0,-8.316879
2799773906.25,-8.317551
2799774062.5,-8.318805
2799774218.75,-8.317991
2799774375.0,-8.31854
2799774531.25,-8.318314
2799774687.5,-8.319237
2799774843.75,-8.319632
2799775000.0,-8.320033
2799775156.25,-8.320057
2799775312.5,-8.320065
2799775468.75,-8.320795
2799775625.0,-8.321527
2799775781.25,-8.321353
2799775937.5,-8.321543
2799776093.75,-8.321991
2799776250.0,-8.322495
2799776406.25,-8.323113
2799776562.5,-8.323008
2799776718.75,-8.324092
2799776875.0,-8.3234
2799777031.25,-8.323772
2799777187.5,-8.325065
2799777343.75,-8.325377
2799777500.0,-8.325071
2799777656.25,-8.325868
2799777812.5,-8.325646
2799777968.75,-8.326353
2799778125.0,-8.327085
2799778281.25,-8.327081
2799778437.5,-8.327691
2799778593.75,-8.327851
2799778750.0,-8.328953
2799778906.25,-8.329114
2799779062.5,-8.329494
2799779218.75,-8.331058
2799779375.0,-8.330572
2799779531.25,-8.331354
2799779687.5,-8.331357
2799779843.75,-8.33223
2799780000.0,-8.332767
2799780156.25,-8.332685
2799780312.5,-8.333664
2799780468.75,-8.334109
2799780625.0,-8.333817
2799780781.25,-8.334492
2799780937.5,-8.335246
2799781093.75,-8.335908
2799781250.0,-8.33589
2799781406.25,-8.336594
2799781562.5,-8.337056
2799781718.75,-8.337411
2799781875.0,-8.337561
2799782031.25,-8.33901
2799782187.5,-8.338729
2799782343.75,-8.339275
2799782500.0,-8.340321
2799782656.25,-8.341009
2799782812.5,-8.341332
2799782968.75,-8.341521
2799783125.0,-8.341925
2799783281.25,-8.342231
2799783437.5,-8.343228
2799783593.75,-8.343696
2799783750.0,-8.345005
2799783906.25,-8.344849
2799784062.5,-8.345189
2799784218.75,-8.345517
2799784375.0,-8.346085
2799784531.25,-8.347176
2799784687.5,-8.347627
2799784843.75,-8.348114
2799785000.0,-8.349079
2799785156.25,-8.349456
2799785312.5,-8.349773
2799785468.75,-8.350156
2799785625.0,-8.350729
2799785781.25,-8.351346
2799785937.5,-8.352704
2799786093.75,-8.353375
2799786250.0,-8.353118
2799786406.25,-8.353996
2799786562.5,-8.354627
2799786718.75,-8.355589
2799786875.0,-8.355594
2799787031.25,-8.355919
2799787187.5,-8.356765
2799787343.75,-8.357095
2799787500.0,-8.357669
2799787656.25,-8.359038
2799787812.5,-8.359391
2799787968.75,-8.359686
2799788125.0,-8.360949
2799788281.25,-8.361329
2799788437.5,-8.361694
2799788593.75,-8.362241
2799788750.0,-8.36304
2799788906.25,-8.363766
2799789062.5,-8.364028
2799789218.75,-8.364989
2799789375.0,-8.365803
2799789531.25,-8.366896
2799789687.5,-8.367128
2799789843.75,-8.367689
2799790000.0,-8.368615
2799790156.25,-8.369222
2799790312.5,-8.37073
2799790468.75,-8.369885
2799790625.0,-8.37158
2799790781.25,-8.37199
2799790937.5,-8.372961
2799791093.75,-8.374413
2799791250.0,-8.375527
2799791406.25,-8.375628
2799791562.5,-8.376091
2799791718.75,-8.376288
2799791875.0,-8.376421
2799792031.25,-8.376937
2799792187.5,-8.377589
2799792343.75,-8.379002
2799792500.0,-8.379568
2799792656.25,-8.379775
2799792812.5,-8.381205
2799792968.75,-8.382204
2799793125.0,-8.382956
2799793281.25,-8.383312
2799793437.5,-8.383717
2799793593.75,-8.384997
2799793750.0,-8.386288
2799793906.25,-8.386311
2799794062.5,-8.387524
2799794218.75,-8.387898
2799794375.0,-8.389071
2799794531.25,-8.390292
2799794687.5,-8.390497
2799794843.75,-8.39174
2799795000.0,-8.392273
2799795156.25,-8.392962
2799795312.5,-8.3935
2799795468.75,-8.394622
2799795625.0,-8.395496
2799795781.25,-8.395665
2799795937.5,-8.397868
2799796093.75,-8.397611
2799796250.0,-8.399137
2799796406.25,-8.399562
2799796562.5,-8.400281
2799796718.75,-8.401363
2799796875.0,-8.40196
2799797031.25,-8.402387
2799797187.5,-8.403129
2799797343.75,-8.404707
2799797500.0,-8.405117
2799797656.25,-8.406028
2799797812.5,-8.406991
2799797968.75,-8.407971
2799798125.0,-8.408614
2799798281.25,-8.409776
2799798437.5,-8.41025
2799798593.75,-8.411512
2799798750.0,-8.412041
2799798906.25,-8.412551
2799799062.5,-8.414039
2799799218.75,-8.414885
2799799375.0,-8.415607
2799799531.25,-8.416569
2799799687.5,-8.416972
2799799843.75,-8.41881
2799800000.0,-8.419051
2799800156.25,-8.419419
2799800312.5,-8.421014
2799800468.75,-8.421664
2799800625.0,-8.422942
2799800781.25,-8.423703
2799800937.5,-8.424593
2799801093.75,-8.424915
2799801250.0,-8.426475
2799801406.25,-8.427055
2799801562.5,-8.428241
2799801718.75,-8.429787
2799801875.0,-8.42899
2799802031.25,-8.430944
2799802187.5,-8.432077
2799802343.75,-8.432611
2799802500.0,-8.434107
2799802656.25,-8.434655
2799802812.5,-8.435867
2799802968.75,-8.43682
2799803125.0,-8.437325
2799803281.25,-8.438469
2799803437.5,-8.439385
2799803593.75,-8.440195
2799803750.0,-8.441444
2799803906.25,-8.442684
2799804062.5,-8.444089
2799804218.75,-8.444518
2799804375.0,-8.445044
2799804531.25,-8.447281
2799804687.5,-8.447851
2799804843.75,-8.448136
2799805000.0,-8.449612
2799805156.25,-8.450638
2799805312.5,-8.452066
2799805468.75,-8.452687
2799805625.0,-8.453624
2799805781.25,-8.455072
2799805937.5,-8.45559
2799806093.75,-8.456497
2799806250.0,-8.457914
2799806406.25,-8.458708
2799806562.5,-8.460285
2799806718.75,-8.46064
2799806875.0,-8.461961
2799807031.25,-8.463334
2799807187.5,-8.464476
2799807343.75,-8.465189
2799807500.0,-8.466007
2799807656.25,-8.466442
2799807812.5,-8.468351
2799807968.75,-8.468829
2799808125.0,-8.46949
2799808281.25,-8.471683
2799808437.5,-8.471902
2799808593.75,-8.473757
2799808750.0,-8.474564
2799808906.25,-8.475178
2799809062.5,-8.477345
2799809218.75,-8.478351
2799809375.0,-8.478775
2799809531.25,-8.480095
2799809687.5,-8.48102
2799809843.75,-8.482677
2799810000.0,-8.483336
2799810156.25,-8.48489
2799810312.5,-8.485666
2799810468.75,-8.486679
2799810625.0,-8.488196
2799810781.25,-8.489352
2799810937.5,-8.49061
2799811093.75,-8.491946
2799811250.0,-8.492041
2799811406.25,-8.493682
2799811562.5,-8.49436
2799811718.75,-8.495475
2799811875.0,-8.497296
2799812031.25,-8.497666
2799812187.5,-8.499278
2799812343.75,-8.499536
2799812500.0,-8.501744
2799812656.25,-8.503238
2799812812.5,-8.504127
2799812968.75,-8.505783
2799813125.0,-8.505837
2799813281.25,-8.506812
2799813437.5,-8.508526
2799813593.75,-8.509781
2799813750.0,-8.510762
2799813906.25,-8.512362
2799814062.5,-8.513216
2799814218.75,-8.514646
2799814375.0,-8.515317
2799814531.25,-8.51683
2799814687.5,-8.518107
2799814843.75,-8.51979
2799815000.0,-8.520183
2799815156.25,-8.52137
2799815312.5,-8.522939
2799815468.75,-8.52393
2799815625.0,-8.525383
2799815781.25,-8.526512
2799815937.5,-8.527346
2799816093.75,-8.528601
2799816250.0,-8.529592
2799816406.25,-8.532317
2799816562.5,-8.532147
2799816718.75,-8.534055
2799816875.0,-8.535279
2799817031.25,-8.53683
2799817187.5,-8.538215
2799817343.75,-8.539037
2799817500.0,-8.540627
2799817656.25,-8.541714
2799817812.5,-8.543986
2799817968.75,-8.543669
2799818125.0,-8.545483
2799818281.25,-8.547158
2799818437.5,-8.548353
2799818593.75,-8.548816
2799818750.0,-8.550503
2799818906.25,-8.551558
2799819062.5,-8.552884
2799819218.75,-8.554354
2799819375.0,-8.554529
2799819531.25,-8.556879
2799819687.5,-8.558354
2799819843.75,-8.560412
2799820000.0,-8.560699
2799820156.25,-8.562373
2799820312.5,-8.563404
2799820468.75,-8.564669
2799820625.0,-8.565824
2799820781.25,-8.568481
2799820937.5,-8.568623
2799821093.75,-8.569907
2799821250.0,-8.572215
2799821406.25,-8.572959
2799821562.5,-8.574682
2799821718.75,-8.575367
2799821875.0,-8.576669
2799822031.25,-8.578018
2799822187.5,-8.579868
2799822343.75,-8.580503
2799822500.0,-8.581207
2799822656.25,-8.583727
2799822812.5,-8.58455
2799822968.75,-8.586681
2799823125.0,-8.587413
2799823281.25,-8.589396
2799823437.5,-8.590606
2799823593.75,-8.591812
2799823750.0,-8.593518
2799823906.25,-8.594906
2799824062.5,-8.59549
2799824218.75,-8.597688
2799824375.0,-8.598505
2799824531.25,-8.600154
2799824687.5,-8.60214
2799824843.75,-8.60294
2799825000.0,-8.604513
2799825156.25,-8.606281
2799825312.5,-8.607204
2799825468.75,-8.607912
2799825625.0,-8.609534
2799825781.25,-8.611551
2799825937.5,-8.612474
2799826093.75,-8.614113
2799826250.0,-8.61587
2799826406.25,-8.616766
2799826562.5,-8.61775
2799826718.75,-8.619929
2799826875.0,-8.621428
2799827031.25,-8.623158
2799827187.5,-8.624586
2799827343.75,-8.625857
2799827500.0,-8.627696
2799827656.25,-8.628982
2799827812.5,-8.630069
2799827968.75,-8.631158
2799828125.0,-8.632568
2799828281.25,-8.634958
2799828437.5,-8.636446
2799828593.75,-8.637875
2799828750.0,-8.638921
2799828906.25,-8.640453
2799829062.5,-8.642243
2799829218.75,-8.642787
2799829375.0,-8.644832
2799829531.25,-8.646186
2799829687.5,-8.648234
2799829843.75,-8.649014
2799830000.0,-8.65094
2799830156.25,-8.652331
2799830312.5,-8.652555
2799830468.75,-8.655293
2799830625.0,-8.656461
2799830781.25,-8.658242
2799830937.5,-8.659116
2799831093.75,-8.661368
2799831250.0,-8.662343
2799831406.25,-8.664382
2799831562.5,-8.665819
2799831718.75,-8.667718
2799831875.0,-8.669192
2799832031.25,-8.670794
2799832187.5,-8.672091
2799832343.75,-8.672578
2799832500.0,-8.674901
2799832656.25,-8.676384
2799832812.5,-8.678117
2799832968.75,-8.67992
2799833125.0,-8.681225
2799833281.25,-8.683333
2799833437.5,-8.684365
2799833593.75,-8.685378
2799833750.0,-8.68824
2799833906.25,-8.688807
2799834062.5,-8.690618
2799834218.75,-8.692023
2799834375.0,-8.693096
2799834531.25,-8.694679
2799834687.5,-8.696673
2799834843.75,-8.698184
2799835000.0,-8.700255
2799835156.25,-8.701976
2799835312.5,-8.703591
2799835468.75,-8.704405
2799835625.0,-8.706578
2799835781.25,-8.707641
2799835937.5,-8.709358
2799836093.75,-8.711332
2799836250.0,-8.713133
2799836406.25,-8.713726
2799836562.5,-8.716206
2799836718.75,-8.71727
2799836875.0,-8.719025
2799837031.25,-8.721026
2799837187.5,-8.722389
2799837343.75,-8.723901
2799837500.0,-8.726587
2799837656.25,-8.727974
2799837812.5,-8.730046
2799837968.75,-8.730942
2799838125.0,-8.732109
2799838281.25,-8.734555
2799838437.5,-8.735408
2799838593.75,-8.736778
2799838750.0,-8.739404
2799838906.25,-8.740731
2799839062.5,-8.742503
2799839218.75,-8.744467
2799839375.0,-8.745879
2799839531.25,-8.747064
2799839687.5,-8.748597
2799839843.75,-8.750465
2799840000.0,-8.752162
2799840156.25,-8.754695
2799840312.5,-8.755345
2799840468.75,-8.757332
2799840625.0,-8.758823
2799840781.25,-8.760779
2799840937.5,-8.76228
2799841093.75,-8.763834
2799841250.0,-8.765806
2799841406.25,-8.766896
2799841562.5,-8.76818
2799841718.75,-8.770878
2799841875.0,-8.773914
2799842031.25,-8.775092
2799842187.5,-8.775324
2799842343.75,-8.778334
2799842500.0,-8.77938
2799842656.25,-8.780686
2799842812.5,-8.783282
2799842968.75,-8.784478
2799843125.0,-8.78664
2799843281.25,-8.788654
2799843437.5,-8.789546
2799843593.75,-8.790881
2799843750.0,-8.792912
2799843906.25,-8.794002
2799844062.5,-8.796623
2799844218.75,-8.798348
2799844375.0,-8.800318
2799844531.25,-8.802176
2799844687.5,-8.804111
2799844843.75,-8.805782
2799845000.0,-8.80709
2799845156.25,-8.809237
2799845312.5,-8.810838
2799845468.75,-8.812907
2799845625.0,-8.814646
2799845781.25,-8.815954
2799845937.5,-8.818173
2799846093.75,-8.81927
2799846250.0,-8.821644
2799846406.25,-8.823461
2799846562.5,-8.824448
2799846718.75,-8.826632
2799846875.0,-8.828925
2799847031.25,-8.829746
2799847187.5,-8.831048
2799847343.75,-8.834029
2799847500.0,-8.835744
2799847656.25,-8.837584
2799847812.5,-8.839046
2799847968.75,-8.840757
2799848125.0,-8.842468
2799848281.25,-8.84478
2799848437.5,-8.84591
2799848593.75,-8.848406
2799848750.0,-8.849845
2799848906.25,-8.851181
2799849062.5,-8.853394
2799849218.75,-8.855535
2799849375.0,-8.857331
2799849531.25,-8.858612
2799849687.5,-8.860808
2799849843.75,-8.862606
2799850000.0,-8.864583
2799850156.25,-8.866291
2799850312.5,-8.868632
2799850468.75,-8.86982
2799850625.0,-8.872847
2799850781.25,-8.874263
2799850937.5,-8.87569
2799851093.75,-8.877645
2799851250.0,-8.879137
2799851406.25,-8.882254
2799851562.5,-8.883455
2799851718.75,-8.885218
2799851875.0,-8.886168
2799852031.25,-8.888318
2799852187.5,-8.890283
2799852343.75,-8.892749
2799852500.0,-8.894423
2799852656.25,-8.896483
2799852812.5,-8.898187
2799852968.75,-8.899724
2799853125.0,-8.90204
2799853281.25,-8.90346
2799853437.5,-8.906057
2799853593.75,-8.907512
2799853750.0,-8.909801
2799853906.25,-8.911116
2799854062.5,-8.913719
2799854218.75,-8.915236
2799854375.0,-8.917121
2799854531.25,-8.919035
2799854687.5,-8.92153
2799854843.75,-8.922625
2799855000.0,-8.924338
2799855156.25,-8.926145
2799855312.5,-8.927946
2799855468.75,-8.93077
2799855625.0,-8.931924
2799855781.25,-8.934018
2799855937.5,-8.936709
2799856093.75,-8.938098
2799856250.0,-8.938722
2799856406.25,-8.941938
2799856562.5,-8.943691
2799856718.75,-8.945793
2799856875.0,-8.948557
2799857031.25,-8.950046
2799857187.5,-8.951893
2799857343.75,-8.953258
2799857500.0,-8.954918
2799857656.25,-8.958215
2799857812.5,-8.9598
2799857968.75,-8.961152
2799858125.0,-8.96291
2799858281.25,-8.964044
2799858437.5,-8.967084
2799858593.75,-8.969248
2799858750.0,-8.971394
2799858906.25,-8.971582
2799859062.5,-8.975521
2799859218.75,-8.977501
2799859375.0,-8.979811
2799859531.25,-8.980776
2799859687.5,-8.982843
2799859843.75,-8.984974
2799860000.0,-8.987371
2799860156.25,-8.989251
2799860312.5,-8.990091
2799860468.75,-8.992782
2799860625.0,-8.995085
2799860781.25,-8.996699
2799860937.5,-8.998538
2799861093.75,-9.000665
2799861250.0,-9.002935
2799861406.25,-9.005541
2799861562.5,-9.006268
2799861718.75,-9.008557
2799861875.0,-9.010893
2799862031.25,-9.012932
2799862187.5,-9.014849
2799862343.75,-9.017197
2799862500.0,-9.019041
2799862656.25,-9.020977
2799862812.5,-9.022818
2799862968.75,-9.025167
2799863125.0,-9.026751
2799863281.25,-9.029615
2799863437.5,-9.031303
2799863593.75,-9.032408
2799863750.0,-9.034934
2799863906.25,-9.037565
2799864062.5,-9.039257
2799864218.75,-9.04171
2799864375.0,-9.043076
2799864531.25,-9.045136
2799864687.5,-9.048743
2799864843.75,-9.049109
2799865000.0,-9.052232
2799865156.25,-9.053177
2799865312.5,-9.055717
2799865468.75,-9.057441
2799865625.0,-9.059868
2799865781.25,-9.061726
2799865937.5,-9.063861
2799866093.75,-9.065529
2799866250.0,-9.06775
2799866406.25,-9.070264
2799866562.5,-9.072319
2799866718.75,-9.073243
2799866875.0,-9.076357
2799867031.25,-9.078053
2799867187.5,-9.080712
2799867343.75,-9.082237
2799867500.0,-9.084928
2799867656.25,-9.08631
2799867812.5,-9.08881
2799867968.75,-9.090237
2799868125.0,-9.093004
2799868281.25,-9.095392
2799868437.5,-9.097819
2799868593.75,-9.099462
2799868750.0,-9.101582
2799868906.25,-9.103315
2799869062.5,-9.105135
2799869218.75,-9.107606
2799869375.0,-9.109996
2799869531.25,-9.112169
2799869687.5,-9.11414
2799869843.75,-9.116671
2799870000.0,-9.118376
2799870156.25,-9.120813
2799870312.5,-9.122808
2799870468.75,-9.124662
2799870625.0,-9.125874
2799870781.25,-9.129696
2799870937.5,-9.131207
2799871093.75,-9.133452
2799871250.0,-9.134915
2799871406.25,-9.137128
2799871562.5,-9.140366
2799871718.75,-9.141847
2799871875.0,-9.143785
2799872031.25,-9.145753
2799872187.5,-9.148363
2799872343.75,-9.149809
2799872500.0,-9.151383
2799872656.25,-9.153956
2799872812.5,-9.156507
2799872968.75,-9.158763
2799873125.0,-9.161348
2799873281.25,-9.164021
2799873437.5,-9.165466
2799873593.75,-9.168126
2799873750.0,-9.168989
2799873906.25,-9.171762
2799874062.5,-9.173799
2799874218.75,-9.176389
2799874375.0,-9.178638
2799874531.25,-9.179636
2799874687.5,-9.182873
2799874843.75,-9.185146
2799875000.0,-9.186896
2799875156.25,-9.189345
2799875312.5,-9.192448
2799875468.75,-9.194663
2799875625.0,-9.195963
2799875781.25,-9.198278
2799875937.5,-9.200736
2799876093.75,-9.202023
2799876250.0,-9.205114
2799876406.25,-9.206785
2799876562.5,-9.209874
2799876718.75,-9.21155
2799876875.0,-9.213396
2799877031.25,-9.216088
2799877187.5,-9.217731
2799877343.75,-9.219957
2799877500.0,-9.222469
2799877656.25,-9.224203
2799877812.5,-9.226854
2799877968.75,-9.228609
2799878125.0,-9.230287
2799878281.25,-9.233169
2799878437.5,-9.235814
2799878593.75,-9.237988
2799878750.0,-9.23995
2799878906.25,-9.242006
2799879062.5,-9.244443
2799879218.75,-9.246649
2799879375.0,-9.248513
2799879531.25,-9.252344
2799879687.5,-9.252472
2799879843.75,-9.255716
2799880000.0,-9.257655
2799880156.25,-9.261133
2799880312.5,-9.262468
2799880468.75,-9.265251
2799880625.0,-9.266701
2799880781.25,-9.269079
2799880937.5,-9.27072
2799881093.75,-9.272305
2799881250.0,-9.275719
2799881406.25,-9.278021
2799881562.5,-9.279796
2799881718.75,-9.283101
2799881875.0,-9.285561
2799882031.25,-9.286927
2799882187.5,-9.289573
2799882343.75,-9.29141
2799882500.0,-9.294218
2799882656.25,-9.296004
2799882812.5,-9.299232
2799882968.75,-9.300568
2799883125.0,-9.302208
2799883281.25,-9.304851
2799883437.5,-9.307964
2799883593.75,-9.309053
2799883750.0,-9.312333
2799883906.25,-9.314187
2799884062.5,-9.315832
2799884218.75,-9.318624
2799884375.0,-9.321208
2799884531.25,-9.323046
2799884687.5,-9.325939
2799884843.75,-9.327994
2799885000.0,-9.330807
2799885156.25,-9.332811
2799885312.5,-9.33444
2799885468.75,-9.336183
2799885625.0,-9.339913
2799885781.25,-9.341584
2799885937.5,-9.343266
2799886093.75,-9.346937
2799886250.0,-9.348554
2799886406.25,-9.351354
2799886562.5,-9.353341
2799886718.75,-9.355398
2799886875.0,-9.357905
2799887031.25,-9.360424
2799887187.5,-9.363076
2799887343.75,-9.365095
2799887500.0,-9.367155
2799887656.25,-9.369079
2799887812.5,-9.371735
2799887968.75,-9.374358
2799888125.0,-9.376766
2799888281.25,-9.379202
2799888437.5,-9.380794
2799888593.75,-9.383093
2799888750.0,-9.38586
2799888906.25,-9.38829
2799889062.5,-9.391375
2799889218.75,-9.392605
2799889375.0,-9.395628
2799889531.25,-9.397511
2799889687.5,-9.399594
2799889843.75,-9.401974
2799890000.0,-9.403524
2799890156.25,-9.407072
2799890312.5,-9.409379
2799890468.75,-9.410954
2799890625.0,-9.413978
2799890781.25,-9.415609
2799890937.5,-9.418735
2799891093.75,-9.420749
2799891250.0,-9.423413
2799891406.25,-9.425426
2799891562.5,-9.427362
2799891718.75,-9.430817
2799891875.0,-9.43303
2799892031.25,-9.435039
2799892187.5,-9.437918
2799892343.75,-9.440371
2799892500.0,-9.441668
2799892656.25,-9.444412
2799892812.5,-9.447057
2799892968.75,-9.449841
2799893125.0,-9.451814
2799893281.25,-9.454984
2799893437.5,-9.455666
2799893593.75,-9.458825
2799893750.0,-9.461671
2799893906.25,-9.463804
2799894062.5,-9.46669
2799894218.75,-9.46851
2799894375.0,-9.470288
2799894531.25,-9.473206
2799894687.5,-9.475547
2799894843.75,-9.477966
2799895000.0,-9.480844
2799895156.25,-9.482351
2799895312.5,-9.485211
2799895468.75,-9.487723
2799895625.0,-9.490059
2799895781.25,-9.492507
2799895937.5,-9.495995
2799896093.75,-9.49728
2799896250.0,-9.499172
2799896406.25,-9.502785
2799896562.5,-9.504544
2799896718.75,-9.506402
2799896875.0,-9.5085
2799897031.25,-9.511066
2799897187.5,-9.514069
2799897343.75,-9.51671
2799897500.0,-9.518481
2799897656.25,-9.521262
2799897812.5,-9.52332
2799897968.75,-9.526385
2799898125.0,-9.5281
2799898281.25,-9.53088
2799898437.5,-9.53285
2799898593.75,-9.535309
2799898750.0,-9.538398
2799898906.25,-9.539838
2799899062.5,-9.54304
2799899218.75,-9.5455
2799899375.0,-9.548306
2799899531.25,-9.549545
2799899687.5,-9.552329
2799899843.75,-9.555785
2799900000.0,-9.556983
2799900156.25,-9.560711
2799900312.5,-9.562523
2799900468.75,-9.565551
2799900625.0,-9.56736
2799900781.25,-9.569238
2799900937.5,-9.572553
2799901093.75,-9.574739
2799901250.0,-9.57635
2799901406.25,-9.580091
2799901562.5,-9.582491
2799901718.75,-9.585335
2799901875.0,-9.587485
2799902031.25,-9.589128
2799902187.5,-9.591533
2799902343.75,-9.594549
2799902500.0,-9.596545
2799902656.25,-9.599994
2799902812.5,-9.601552
2799902968.75,-9.604122
2799903125.0,-9.606621
2799903281.25,-9.608732
2799903437.5,-9.611304
2799903593.75,-9.614538
2799903750.0,-9.617126
2799903906.25,-9.618629
2799904062.5,-9.621254
2799904218.75,-9.623943
2799904375.0,-9.626331
2799904531.25,-9.629873
2799904687.5,-9.631225
2799904843.75,-9.633811
2799905000.0,-9.636671
2799905156.25,-9.638716
2799905312.5,-9.640824
2799905468.75,-9.644103
2799905625.0,-9.646511
2799905781.25,-9.647994
2799905937.5,-9.651003
2799906093.75,-9.653393
2799906250.0,-9.656649
2799906406.25,-9.658743
2799906562.5,-9.661517
2799906718.75,-9.663749
2799906875.0,-9.665779
2799907031.25,-9.669551
2799907187.5,-9.670878
2799907343.75,-9.673982
2799907500.0,-9.676244
2799907656.25,-9.6774
2799907812.5,-9.681228
2799907968.75,-9.683834
2799908125.0,-9.685978
2799908281.25,-9.688704
2799908437.5,-9.690599
2799908593.75,-9.693384
2799908750.0,-9.696353
2799908906.25,-9.697803
2799909062.5,-9.700662
2799909218.75,-9.703034
2799909375.0,-9.706027
2799909531.25,-9.709447
2799909687.5,-9.711557
2799909843.75,-9.714114
2799910000.0,-9.717106
2799910156.25,-9.718753
2799910312.5,-9.722331
2799910468.75,-9.724235
2799910625.0,-9.72656
2799910781.25,-9.72892
2799910937.5,-9.731184
2799911093.75,-9.73426
2799911250.0,-9.735976
2799911406.25,-9.739171
2799911562.5,-9.741612
2799911718.75,-9.744463
2799911875.0,-9.746296
2799912031.25,-9.749125
2799912187.5,-9.75234
2799912343.75,-9.753551
2799912500.0,-9.757309
2799912656.25,-9.759859
2799912812.5,-9.762334
2799912968.75,-9.764981
2799913125.0,-9.767173
2799913281.25,-9.769617
2799913437.5,-9.772398
2799913593.75,-9.775173
2799913750.0,-9.776151
2799913906.25,-9.780719
2799914062.5,-9.782153
2799914218.75,-9.785253
2799914375.0,-9.787028
2799914531.25,-9.789455
2799914687.5,-9.793014
2799914843.75,-9.794491
2799915000.0,-9.796675
2799915156.25,-9.80008
2799915312.5,-9.803109
2799915468.75,-9.805093
2799915625.0,-9.808049
2799915781.25,-9.810874
2799915937.5,-9.813993
2799916093.75,-9.816106
2799916250.0,-9.817699
2799916406.25,-9.820024
2799916562.5,-9.823044
2799916718.75,-9.826407
2799916875.0,-9.829329
2799917031.25,-9.83109
2799917187.5,-9.833673
2799917343.75,-9.836255
2799917500.0,-9.83807
2799917656.25,-9.841723
2799917812.5,-9.843544
2799917968.75,-9.84642
2799918125.0,-9.847988
2799918281.25,-9.851233
2799918437.5,-9.854035
2799918593.75,-9.857077
2799918750.0,-9.858596
2799918906.25,-9.861933
2799919062.5,-9.864089
2799919218.75,-9.867514
2799919375.0,-9.869614
2799919531.25,-9.872755
2799919687.5,-9.87466
2799919843.75,-9.877765
2799920000.0,-9.880037
2799920156.25,-9.882122
2799920312.5,-9.88536
2799920468.75,-9.887587
2799920625.0,-9.890331
2799920781.25,-9.893381
2799920937.5,-9.895634
2799921093.75,-9.898208
2799921250.0,-9.900886
2799921406.25,-9.903105
2799921562.5,-9.906315
2799921718.75,-9.907484
2799921875.0,-9.911566
2799922031.25,-9.913498
2799922187.5,-9.915812
2799922343.75,-9.91926
2799922500.0,-9.921465
2799922656.25,-9.924261
2799922812.5,-9.927573
2799922968.75,-9.929811
2799923125.0,-9.932514
2799923281.25,-9.935342
2799923437.5,-9.937499
2799923593.75,-9.940336
2799923750.0,-9.942335
2799923906.25,-9.944977
2799924062.5,-9.946921
2799924218.75,-9.950314
2799924375.0,-9.952833
2799924531.25,-9.95556
2799924687.5,-9.959076
2799924843.75,-9.960531
2799925000.0,-9.962941
2799925156.25,-9.96584
2799925312.5,-9.968491
2799925468.75,-9.970444
2799925625.0,-9.974604
2799925781.25,-9.976051
2799925937.5,-9.979396
2799926093.75,-9.981894
2799926250.0,-9.984975
2799926406.25,-9.986799
2799926562.5,-9.989714
2799926718.75,-9.992386
2799926875.0,-9.99492
2799927031.25,-9.998241
2799927187.5,-10.00047
2799927343.75,-10.00311
2799927500.0,-10.0052
2799927656.25,-10.00743
2799927812.5,-10.01051
2799927968.75,-10.0141
2799928125.0,-10.01546
2799928281.25,-10.01826
2799928437.5,-10.02168
2799928593.75,-10.02436
2799928750.0,-10.02689
2799928906.25,-10.02933
2799929062.5,-10.03229
2799929218.75,-10.03496
2799929375.0,-10.03693
2799929531.25,-10.03972
2799929687.5,-10.04182
2799929843.75,-10.04469
2799930000.0,-10.04775
2799930156.25,-10.05048
2799930312.5,-10.05376
2799930468.75,-10.05518
2799930625.0,-10.05793
2799930781.25,-10.06019
2799930937.5,-10.06417
2799931093.75,-10.06567
2799931250.0,-10.06878
2799931406.25,-10.07159
2799931562.5,-10.07435
2799931718.75,-10.07645
2799931875.0,-10.07992
2799932031.25,-10.08319
2799932187.5,-10.08473
2799932343.75,-10.08769
2799932500.0,-10.09067
2799932656.25,-10.09229
2799932812.5,-10.09568
2799932968.75,-10.09847
2799933125.0,-10.09982
2799933281.25,-10.10395
2799933437.5,-10.10624
2799933593.75,-10.1094
2799933750.0,-10.11121
2799933906.25,-10.11392
2799934062.5,-10.11656
2799934218.75,-10.11876
2799934375.0,-10.12341
2799934531.25,-10.12489
2799934687.5,-10.1274
2799934843.75,-10.12997
2799935000.0,-10.13279
2799935156.25,-10.13552
2799935312.5,-10.13852
2799935468.75,-10.14029
2799935625.0,-10.14328
2799935781.25,-10.1463
2799935937.5,-10.14911
2799936093.75,-10.15099
2799936250.0,-10.15417
2799936406.25,-10.15667
2799936562.5,-10.15975
2799936718.75,-10.16179
2799936875.0,-10.16542
2799937031.25,-10.16762
2799937187.5,-10.16996
2799937343.75,-10.17327
2799937500.0,-10.17568
2799937656.25,-10.17867
2799937812.5,-10.18157
2799937968.75,-10.18464
2799938125.0,-10.18674
2799938281.25,-10.1896
2799938437.5,-10.19155
2799938593.75,-10.19427
2799938750.0,-10.19773
2799938906.25,-10.19931
2799939062.5,-10.20215
2799939218.75,-10.20574
2799939375.0,-10.20773
2799939531.25,-10.21114
2799939687.5,-10.21298
2799939843.75,-10.21627
2799940000.0,-10.21918
2799940156.25,-10.22192
2799940312.5,-10.2241
2799940468.75,-10.22631
2799940625.0,-10.22919
2799940781.25,-10.23218
2799940937.5,-10.23481
2799941093.75,-10.23764
2799941250.0,-10.23995
2799941406.25,-10.24395
2799941562.5,-10.24557
2799941718.75,-10.24774
2799941875.0,-10.25037
2799942031.25,-10.25354
2799942187.5,-10.25675
2799942343.75,-10.26007
2799942500.0,-10.26127
2799942656.25,-10.26467
2799942812.5,-10.26688
2799942968.75,-10.26913
2799943125.0,-10.27278
2799943281.25,-10.27594
2799943437.5,-10.27809
2799943593.75,-10.28062
2799943750.0,-10.28358
2799943906.25,-10.2865
2799944062.5,-10.28976
2799944218.75,-10.29192
2799944375.0,-10.29476
2799944531.25,-10.29669
2799944687.5,-10.30022
2799944843.75,-10.3024
2799945000.0,-10.3061
2799945156.25,-10.30784
2799945312.5,-10.31095
2799945468.75,-10.31327
2799945625.0,-10.31637
2799945781.25,-10.31923
2799945937.5,-10.32195
2799946093.75,-10.32485
2799946250.0,-10.32714
2799946406.25,-10.33015
2799946562.5,-10.33273
2799946718.75,-10.3353
2799946875.0,-10.3376
2799947031.25,-10.34058
2799947187.5,-10.34348
2799947343.75,-10.34615
2799947500.0,-10.34925
2799947656.25,-10.35137
2799947812.5,-10.35418
2799947968.75,-10.35685
2799948125.0,-10.36004
2799948281.25,-10.36279
2799948437.5,-10.36449
2799948593.75,-10.3682
2799948750.0,-10.37043
2799948906.25,-10.37354
2799949062.5,-10.37695
2799949218.75,-10.37871
2799949375.0,-10.38105
2799949531.25,-10.3849
2799949687.5,-10.38716
2799949843.75,-10.38954
2799950000.0,-10.39275
2799950156.25,-10.3952
2799950312.5,-10.39786
2799950468.75,-10.40046
2799950625.0,-10.40284
2799950781.25,-10.40586
2799950937.5,-10.4084
2799951093.75,-10.41088
2799951250.0,-10.41426
2799951406.25,-10.41784
2799951562.5,-10.42058
2799951718.75,-10.42261
2799951875.0,-10.42633
2799952031.25,-10.42736
2799952187.5,-10.43044
2799952343.75,-10.43309
2799952500.0,-10.43658
2799952656.25,-10.43939
2799952812.5,-10.44164
2799952968.75,-10.44476
2799953125.0,-10.44816
2799953281.25,-10.44977
2799953437.5,-10.45308
2799953593.75,-10.45534
2799953750.0,-10.45852
2799953906.25,-10.46145
2799954062.5,-10.46332
2799954218.75,-10.46672
2799954375.0,-10.46897
2799954531.25,-10.47215
2799954687.5,-10.47573
2799954843.75,-10.47783
2799955000.0,-10.48111
2799955156.25,-10.48357
2799955312.5,-10.48562
2799955468.75,-10.48974
2799955625.0,-10.49163
2799955781.25,-10.49371
2799955937.5,-10.49674
2799956093.75,-10.49946
2799956250.0,-10.5025
2799956406.25,-10.50573
2799956562.5,-10.50763
2799956718.75,-10.51048
2799956875.0,-10.51319
2799957031.25,-10.51589
2799957187.5,-10.51916
2799957343.75,-10.52106
2799957500.0,-10.52446
2799957656.25,-10.52726
2799957812.5,-10.52918
2799957968.75,-10.5327
2799958125.0,-10.53479
2799958281.25,-10.53796
2799958437.5,-10.54121
2799958593.75,-10.54443
2799958750.0,-10.54722
2799958906.25,-10.54953
2799959062.5,-10.55155
2799959218.75,-10.5543
2799959375.0,-10.55772
2799959531.25,-10.56069
2799959687.5,-10.56361
2799959843.75,-10.56534
2799960000.0,-10.56924
2799960156.25,-10.57093
2799960312.5,-10.57442
2799960468.75,-10.57708
2799960625.0,-10.57846
2799960781.25,-10.58109
2799960937.5,-10.58459
2799961093.75,-10.58854
2799961250.0,-10.59064
2799961406.25,-10.59344
2799961562.5,-10.59593
2799961718.75,-10.59827
2799961875.0,-10.60126
2799962031.25,-10.60391
2799962187.5,-10.60824
2799962343.75,-10.60974
2799962500.0,-10.61241
2799962656.25,-10.6153
2799962812.5,-10.61793
2799962968.75,-10.62081
2799963125.0,-10.62372
2799963281.25,-10.62721
2799963437.5,-10.62853
2799963593.75,-10.63217
2799963750.0,-10.63507
2799963906.25,-10.63757
2799964062.5,-10.64066
2799964218.75,-10.64364
2799964375.0,-10.64592
2799964531.25,-10.64915
2799964687.5,-10.65157
2799964843.75,-10.65504
2799965000.0,-10.65804
2799965156.25,-10.65994
2799965312.5,-10.66234
2799965468.75,-10.66578
2799965625.0,-10.6675
2799965781.25,-10.67102
2799965937.5,-10.67412
2799966093.75,-10.67692
2799966250.0,-10.68026
2799966406.25,-10.68187
2799966562.5,-10.68558
2799966718.75,-10.68648
2799966875.0,-10.69064
2799967031.25,-10.69272
2799967187.5,-10.69595
2799967343.75,-10.69867
2799967500.0,-10.70202
2799967656.25,-10.70434
2799967812.5,-10.70668
2799967968.75,-10.70996
2799968125.0,-10.71212
2799968281.25,-10.71562
2799968437.5,-10.71868
2799968593.75,-10.7212
2799968750.0,-10.72315
2799968906.25,-10.72661
2799969062.5,-10.72935
2799969218.75,-10.73159
2799969375.0,-10.73619
2799969531.25,-10.73781
2799969687.5,-10.7407
2799969843.75,-10.7431
2799970000.0,-10.74558
2799970156.25,-10.74955
2799970312.5,-10.75042
2799970468.75,-10.75365
2799970625.0,-10.75683
2799970781.25,-10.76025
2799970937.5,-10.76409
2799971093.75,-10.76663
2799971250.0,-10.7691
2799971406.25,-10.77145
2799971562.5,-10.77426
2799971718.75,-10.77722
2799971875.0,-10.77988
2799972031.25,-10.78237
2799972187.5,-10.78498
2799972343.75,-10.78811
2799972500.0,-10.79037
2799972656.25,-10.79339
2799972812.5,-10.79632
2799972968.75,-10.79935
2799973125.0,-10.80177
2799973281.25,-10.8049
2799973437.5,-10.80772
2799973593.75,-10.81062
2799973750.0,-10.81348
2799973906.25,-10.81562
2799974062.5,-10.81908
2799974218.75,-10.821
2799974375.0,-10.82437
2799974531.25,-10.82808
2799974687.5,-10.82981
2799974843.75,-10.83288
2799975000.0,-10.83555
2799975156.25,-10.83833
2799975312.5,-10.84107
2799975468.75,-10.84278
2799975625.0,-10.84731
2799975781.25,-10.84946
2799975937.5,-10.85258
2799976093.75,-10.85543
2799976250.0,-10.85711
2799976406.25,-10.8601
2799976562.5,-10.86313
2799976718.75,-10.86675
2799976875.0,-10.86911
2799977031.25,-10.87157
2799977187.5,-10.87446
2799977343.75,-10.87828
2799977500.0,-10.87962
2799977656.25,-10.88307
2799977812.5,-10.88592
2799977968.75,-10.88857
2799978125.0,-10.89121
2799978281.25,-10.89337
2799978437.5,-10.89637
2799978593.75,-10.90045
2799978750.0,-10.9023
2799978906.25,-10.90516
2799979062.5,-10.90939
2799979218.75,-10.91079
2799979375.0,-10.91392
2799979531.25,-10.91642
2799979687.5,-10.9201
2799979843.75,-10.92265
2799980000.0,-10.92532
2799980156.25,-10.92785
2799980312.5,-10.93114
2799980468.75,-10.93422
2799980625.0,-10.93665
2799980781.25,-10.93929
2799980937.5,-10.94197
2799981093.75,-10.94433
2799981250.0,-10.94733
2799981406.25,-10.95042
2799981562.5,-10.95332
2799981718.75,-10.95636
2799981875.0,-10.95883
2799982031.25,-10.96212
2799982187.5,-10.96488
2799982343.75,-10.96799
2799982500.0,-10.96993
2799982656.25,-10.97253
2799982812.5,-10.97521
2799982968.75,-10.97792
2799983125.0,-10.98121
2799983281.25,-10.98419
2799983437.5,-10.98596
2799983593.75,-10.98906
2799983750.0,-10.99215
2799983906.25,-10.99599
2799984062.5,-10.99809
2799984218.75,-11.00141
2799984375.0,-11.0041
2799984531.25,-11.0063
2799984687.5,-11.00826
2799984843.75,-11.01297
2799985000.0,-11.01573
2799985156.25,-11.01812
2799985312.5,-11.02015
2799985468.75,-11.02336
2799985625.0,-11.02636
2799985781.25,-11.02844
2799985937.5,-11.03142
2799986093.75,-11.03478
2799986250.0,-11.03719
2799986406.25,-11.04082
2799986562.5,-11.04238
2799986718.75,-11.04631
2799986875.0,-11.0491
2799987031.25,-11.05162
2799987187.5,-11.05387
2799987343.75,-11.05732
2799987500.0,-11.06006
2799987656.25,-11.06368
2799987812.5,-11.06644
2799987968.75,-11.06896
2799988125.0,-11.07105
2799988281.25,-11.07326
2799988437.5,-11.07682
2799988593.75,-11.07948
2799988750.0,-11.08225
2799988906.25,-11.08544
2799989062.5,-11.08763
2799989218.75,-11.09117
2799989375.0,-11.09439
2799989531.25,-11.09629
2799989687.5,-11.10005
2799989843.75,-11.10185
2799990000.0,-11.10476
2799990156.25,-11.10747
2799990312.5,-11.11152
2799990468.75,-11.11317
2799990625.0,-11.11618
2799990781.25,-11.11759
2799990937.5,-11.12075
2799991093.75,-11.12512
2799991250.0,-11.12772
2799991406.25,-11.12962
2799991562.5,-11.13289
2799991718.75,-11.13555
2799991875.0,-11.13832
2799992031.25,-11.1424
2799992187.5,-11.14434
2799992343.75,-11.1469
2799992500.0,-11.15004
2799992656.25,-11.15325
2799992812.5,-11.15491
2799992968.75,-11.15853
2799993125.0,-11.16065
2799993281.25,-11.16488
2799993437.5,-11.16605
2799993593.75,-11.1702
2799993750.0,-11.17275
2799993906.25,-11.17415
2799994062.5,-11.17746
2799994218.75,-11.18093
2799994375.0,-11.18272
2799994531.25,-11.18709
2799994687.5,-11.18998
2799994843.75,-11.19184
2799995000.0,-11.19481
2799995156.25,-11.19788
2799995312.5,-11.19976
2799995468.75,-11.20292
2799995625.0,-11.20617
2799995781.25,-11.20938
2799995937.5,-11.21271
2799996093.75,-11.21547
2799996250.0,-11.21731
2799996406.25,-11.21999
2799996562.5,-11.223
2799996718.75,-11.22598
2799996875.0,-11.22862
2799997031.25,-11.23145
2799997187.5,-11.23469
2799997343.75,-11.2368
2799997500.0,-11.24051
2799997656.25,-11.24327
2799997812.5,-11.24466
2799997968.75,-11.24784
2799998125.0,-11.25058
2799998281.25,-11.25363
2799998437.5,-11.25728
2799998593.75,-11.25983
2799998750.0,-11.26203
2799998906.25,-11.26506
2799999062.5,-11.26756
2799999218.75,-11.27167
2799999375.0,-11.27359
2799999531.25,-11.27683
2799999687.5,-11.27945
2799999843.75,-11.28276
2800000000.0,-11.28511
2800000156.25,-11.28783
2800000312.5,-11.29076
2800000468.75,-11.29387
2800000625.0,-11.29543
2800000781.25,-11.29887
2800000937.5,-11.30208
2800001093.75,-11.30543
2800001250.0,-11.3076
2800001406.25,-11.31028
2800001562.5,-11.31332
2800001718.75,-11.3159
2800001875.0,-11.31978
2800002031.25,-11.32164
2800002187.5,-11.32445
2800002343.75,-11.328
2800002500.0,-11.32942
2800002656.25,-11.33259
2800002812.5,-11.33585
2800002968.75,-11.33922
2800003125.0,-11.3414
2800003281.25,-11.34401
2800003437.5,-11.34651
2800003593.75,-11.34913
2800003750.0,-11.35317
2800003906.25,-11.35461
2800004062.5,-11.35748
2800004218.75,-11.36053
2800004375.0,-11.36376
2800004531.25,-11.36568
2800004687.5,-11.36986
2800004843.75,-11.37191
2800005000.0,-11.37466
2800005156.25,-11.37797
2800005312.5,-11.38047
2800005468.75,-11.38351
2800005625.0,-11.38598
2800005781.25,-11.38913
2800005937.5,-11.39235
2800006093.75,-11.39459
2800006250.0,-11.39767
2800006406.25,-11.40085
2800006562.5,-11.40243
2800006718.75,-11.40555
2800006875.0,-11.40867
2800007031.25,-11.41094
2800007187.5,-11.41268
2800007343.75,-11.41763
2800007500.0,-11.41939
2800007656.25,-11.42277
2800007812.5,-11.42563
2800007968.75,-11.4283
2800008125.0,-11.43153
2800008281.25,-11.43421
2800008437.5,-11.43641
2800008593.75,-11.43856
2800008750.0,-11.44215
2800008906.25,-11.44508
2800009062.5,-11.44767
2800009218.75,-11.45056
2800009375.0,-11.453
2800009531.25,-11.45573
2800009687.5,-11.4591
2800009843.75,-11.462
2800010000.0,-11.46481
2800010156.25,-11.46805
2800010312.5,-11.47005
2800010468.75,-11.47352
2800010625.0,-11.47671
2800010781.25,-11.47809
2800010937.5,-11.48148
2800011093.75,-11.4844
2800011250.0,-11.48682
2800011406.25,-11.49052
2800011562.5,-11.49372
2800011718.75,-11.49581
2800011875.0,-11.4988
2800012031.25,-11.50173
2800012187.5,-11.50471
2800012343.75,-11.50703
2800012500.0,-11.50981
2800012656.25,-11.51198
2800012812.5,-11.51467
2800012968.75,-11.51914
2800013125.0,-11.5215
2800013281.25,-11.52424
2800013437.5,-11.52707
2800013593.75,-11.52938
2800013750.0,-11.53273
2800013906.25,-11.53524
2800014062.5,-11.5388
2800014218.75,-11.54143
2800014375.0,-11.5435
2800014531.25,-11.54664
2800014687.5,-11.55017
2800014843.75,-11.55303
2800015000.0,-11.55409
2800015156.25,-11.55797
2800015312.5,-11.5609
2800015468.75,-11.56419
2800015625.0,-11.56646
2800015781.25,-11.56936
2800015937.5,-11.57164
2800016093.75,-11.57404
2800016250.0,-11.57824
2800016406.25,-11.58024
2800016562.5,-11.58301
2800016718.75,-11.58536
2800016875.0,-11.58862
2800017031.25,-11.59109
2800017187.5,-11.59402
2800017343.75,-11.59784
2800017500.0,-11.60018
2800017656.25,-11.60277
2800017812.5,-11.60473
2800017968.75,-11.6088
2800018125.0,-11.61128
2800018281.25,-11.61353
2800018437.5,-11.61642
2800018593.75,-11.61969
2800018750.0,-11.62226
2800018906.25,-11.62503
2800019062.5,-11.62802
2800019218.75,-11.63141
2800019375.0,-11.63432
2800019531.25,-11.63686
2800019687.5,-11.63956
2800019843.75,-11.64216
2800020000.0,-11.64533
2800020156.25,-11.64746
2800020312.5,-11.65115
2800020468.75,-11.65327
2800020625.0,-11.65577
2800020781.25,-11.65906
2800020937.5,-11.66192
2800021093.75,-11.66507
2800021250.0,-11.66736
2800021406.25,-11.67038
2800021562.5,-11.67252
2800021718.75,-11.67639
2800021875.0,-11.67891
2800022031.25,-11.6823
2800022187.5,-11.68408
2800022343.75,-11.6868
2800022500.0,-11.68962
2800022656.25,-11.6919
2800022812.5,-11.6954
2800022968.75,-11.69799
2800023125.0,-11.70091
2800023281.25,-11.70372
2800023437.5,-11.70702
2800023593.75,-11.709
2800023750.0,-11.71291
2800023906.25,-11.71496
2800024062.5,-11.71735
2800024218.75,-11.72087
2800024375.0,-11.72264
2800024531.25,-11.72691
2800024687.5,-11.72909
2800024843.75,-11.73203
2800025000.0,-11.73507
2800025156.25,-11.73767
2800025312.5,-11.74024
2800025468.75,-11.74233
2800025625.0,-11.74608
2800025781.25,-11.74863
2800025937.5,-11.75131
2800026093.75,-11.75478
2800026250.0,-11.757
2800026406.25,-11.7599
2800026562.5,-11.76301
2800026718.75,-11.76442
2800026875.0,-11.76835
2800027031.25,-11.77142
2800027187.5,-11.77439
2800027343.75,-11.77689
2800027500.0,-11.77903
2800027656.25,-11.78255
2800027812.5,-11.78546
2800027968.75,-11.78912
2800028125.0,-11.79007
2800028281.25,-11.79368
2800028437.5,-11.7959
2800028593.75,-11.79996
2800028750.0,-11.80259
2800028906.25,-11.80455
2800029062.5,-11.80707
2800029218.75,-11.80993
2800029375.0,-11.81328
2800029531.25,-11.81584
2800029687.5,-11.81872
2800029843.75,-11.82166
2800030000.0,-11.82401
2800030156.25,-11.8272
2800030312.5,-11.82964
2800030468.75,-11.83269
2800030625.0,-11.83539
2800030781.25,-11.83787
2800030937.5,-11.84185
2800031093.75,-11.84413
2800031250.0,-11.84725
2800031406.25,-11.8496
2800031562.5,-11.85233
2800031718.75,-11.8555
2800031875.0,-11.85835
2800032031.25,-11.86079
2800032187.5,-11.86411
2800032343.75,-11.86699
2800032500.0,-11.86928
2800032656.25,-11.87275
2800032812.5,-11.87524
2800032968.75,-11.87775
2800033125.0,-11.88058
2800033281.25,-11.88361
2800033437.5,-11.88638
2800033593.75,-11.88903
2800033750.0,-11.89227
2800033906.25,-11.89395
2800034062.5,-11.89783
2800034218.75,-11.90029
2800034375.0,-11.90214
2800034531.25,-11.90585
2800034687.5,-11.90809
2800034843.75,-11.9115
2800035000.0,-11.91472
2800035156.25,-11.9166
2800035312.5,-11.92002
2800035468.75,-11.92198
2800035625.0,-11.92589
2800035781.25,-11.92859
2800035937.5,-11.93243
2800036093.75,-11.9332
2800036250.0,-11.93625
2800036406.25,-11.93845
2800036562.5,-11.94187
2800036718.75,-11.94506
2800036875.0,-11.94798
2800037031.25,-11.94949
2800037187.5,-11.95278
2800037343.75,-11.95488
2800037500.0,-11.9582
2800037656.25,-11.96107
2800037812.5,-11.96481
2800037968.75,-11.96755
2800038125.0,-11.97103
2800038281.25,-11.97243
2800038437.5,-11.97618
2800038593.75,-11.97774
2800038750.0,-11.98078
2800038906.25,-11.98324
2800039062.5,-11.98729
2800039218.75,-11.99008
2800039375.0,-11.99265
2800039531.25,-11.99531
2800039687.5,-11.99911
2800039843.75,-12.00091
2800040000.0,-12.00383
2800040156.25,-12.00562
2800040312.5,-12.00976
2800040468.75,-12.01159
2800040625.0,-12.01433
2800040781.25,-12.01714
2800040937.5,-12.01986
2800041093.75,-12.02262
2800041250.0,-12.02455
2800041406.25,-12.02891
2800041562.5,-12.03085
2800041718.75,-12.03281
2800041875.0,-12.03785
2800042031.25,-12.03978
2800042187.5,-12.04262
2800042343.75,-12.04462
2800042500.0,-12.0468
2800042656.25,-12.0509
2800042812.5,-12.05388
2800042968.75,-12.05578
2800043125.0,-12.05975
2800043281.25,-12.06176
2800043437.5,-12.06558
2800043593.75,-12.06701
2800043750.0,-12.0693
2800043906.25,-12.07232
2800044062.5,-12.07552
2800044218.75,-12.07919
2800044375.0,-12.08156
2800044531.25,-12.08387
2800044687.5,-12.08616
2800044843.75,-12.08883
2800045000.0,-12.09141
2800045156.25,-12.09495
2800045312.5,-12.09721
2800045468.75,-12.10098
2800045625.0,-12.10388
2800045781.25,-12.10618
2800045937.5,-12.10935
2800046093.75,-12.11161
2800046250.0,-12.11342
2800046406.25,-12.11729
2800046562.5,-12.12003
2800046718.75,-12.12253
2800046875.0,-12.12648
2800047031.25,-12.1281
2800047187.5,-12.13166
2800047343.75,-12.13428
2800047500.0,-12.13657
2800047656.25,-12.14027
2800047812.5,-12.14248
2800047968.75,-12.14408
2800048125.0,-12.14735
2800048281.25,-12.15087
2800048437.5,-12.15359
2800048593.75,-12.15638
2800048750.0,-12.15838
2800048906.25,-12.16209
2800049062.5,-12.16508
2800049218.75,-12.16681
2800049375.0,-12.16952
2800049531.25,-12.17268
2800049687.5,-12.17499
2800049843.75,-12.17778
2800050000.0,-12.18077
2800050156.25,-12.18349
2800050312.5,-12.18633
2800050468.75,-12.18886
2800050625.0,-12.19269
2800050781.25,-12.19389
2800050937.5,-12.19789
2800051093.75,-12.20109
2800051250.0,-12.20375
2800051406.25,-12.20609
2800051562.5,-12.20868
2800051718.75,-12.21144
2800051875.0,-12.21463
2800052031.25,-12.21703
2800052187.5,-12.22003
2800052343.75,-12.22248
2800052500.0,-12.22466
2800052656.25,-12.22808
2800052812.5,-12.23057
2800052968.75,-12.23316
2800053125.0,-12.23636
2800053281.25,-12.23918
2800053437.5,-12.2423
2800053593.75,-12.24565
2800053750.0,-12.24764
2800053906.25,-12.24922
2800054062.5,-12.25329
2800054218.75,-12.25548
2800054375.0,-12.2585
2800054531.25,-12.26145
2800054687.5,-12.2633
2800054843.75,-12.26663
2800055000.0,-12.26909
2800055156.25,-12.27186
2800055312.5,-12.27484
2800055468.75,-12.27773
2800055625.0,-12.28036
2800055781.25,-12.28292
2800055937.5,-12.28534
2800056093.75,-12.28897
2800056250.0,-12.29229
2800056406.25,-12.29444
2800056562.5,-12.29694
2800056718.75,-12.3007
2800056875.0,-12.30272
2800057031.25,-12.30484
2800057187.5,-12.3086
2800057343.75,-12.31136
2800057500.0,-12.31289
2800057656.25,-12.31524
2800057812.5,-12.31918
2800057968.75,-12.32221
2800058125.0,-12.32531
2800058281.25,-12.3272
2800058437.5,-12.32968
2800058593.75,-12.33322
2800058750.0,-12.33577
2800058906.25,-12.33813
2800059062.5,-12.34067
2800059218.75,-12.34428
2800059375.0,-12.34674
2800059531.25,-12.349
2800059687.5,-12.35145
2800059843.75,-12.35543
2800060000.0,-12.35757
2800060156.25,-12.36041
2800060312.5,-12.36297
2800060468.75,-12.36554
2800060625.0,-12.36884
2800060781.25,-12.37174
2800060937.5,-12.37366
2800061093.75,-12.37583
2800061250.0,-12.37861
2800061406.25,-12.38231
2800061562.5,-12.38533
2800061718.75,-12.38784
2800061875.0,-12.39066
2800062031.25,-12.39312
2800062187.5,-12.39677
2800062343.75,-12.39859
2800062500.0,-12.40107
2800062656.25,-12.4053
2800062812.5,-12.4073
2800062968.75,-12.4101
2800063125.0,-12.41251
2800063281.25,-12.41472
2800063437.5,-12.41887
2800063593.75,-12.42065
2800063750.0,-12.42423
2800063906.25,-12.42685
2800064062.5,-12.42922
2800064218.75,-12.4324
2800064375.0,-12.4344
2800064531.25,-12.43784
2800064687.5,-12.43975
2800064843.75,-12.44349
2800065000.0,-12.44625
2800065156.25,-12.44849
2800065312.5,-12.45137
2800065468.75,-12.4539
2800065625.0,-12.45633
2800065781.25,-12.45982
2800065937.5,-12.46304
2800066093.75,-12.46454
2800066250.0,-12.46872
2800066406.25,-12.47078
2800066562.5,-12.47343
2800066718.75,-12.47566
2800066875.0,-12.47739
2800067031.25,-12.48066
2800067187.5,-12.48382
2800067343.75,-12.48561
2800067500.0,-12.48929
2800067656.25,-12.4926
2800067812.5,-12.49523
2800067968.75,-12.49679
2800068125.0,-12.50004
2800068281.25,-12.50345
2800068437.5,-12.5058
2800068593.75,-12.50837
2800068750.0,-12.51063
2800068906.25,-12.51368
2800069062.5,-12.51643
2800069218.75,-12.51921
2800069375.0,-12.52281
2800069531.25,-12.52505
2800069687.5,-12.52814
2800069843.75,-12.5305
2800070000.0,-12.53339
2800070156.25,-12.53568
2800070312.5,-12.53798
2800070468.75,-12.54145
2800070625.0,-12.54442
2800070781.25,-12.54608
2800070937.5,-12.5498
2800071093.75,-12.55211
2800071250.0,-12.55585
2800071406.25,-12.55737
2800071562.5,-12.56095
2800071718.75,-12.5638
2800071875.0,-12.56551
2800072031.25,-12.56854
2800072187.5,-12.57095
2800072343.75,-12.57456
2800072500.0,-12.57694
2800072656.25,-12.57927
2800072812.5,-12.58185
2800072968.75,-12.58455
2800073125.0,-12.5888
2800073281.25,-12.59043
2800073437.5,-12.59324
2800073593.75,-12.59503
2800073750.0,-12.59818
2800073906.25,-12.6003
2800074062.5,-12.60371
2800074218.75,-12.60616
2800074375.0,-12.60994
2800074531.25,-12.61198
2800074687.5,-12.61547
2800074843.75,-12.61835
2800075000.0,-12.61963
2800075156.25,-12.62324
2800075312.5,-12.62478
2800075468.75,-12.62778
2800075625.0,-12.63081
2800075781.25,-12.63421
2800075937.5,-12.63596
2800076093.75,-12.64009
2800076250.0,-12.64268
2800076406.25,-12.64433
2800076562.5,-12.64798
2800076718.75,-12.64991
2800076875.0,-12.65265
2800077031.25,-12.65555
2800077187.5,-12.65895
2800077343.75,-12.66111
2800077500.0,-12.66366
2800077656.25,-12.66642
2800077812.5,-12.66895
2800077968.75,-12.67157
2800078125.0,-12.67528
2800078281.25,-12.67763
2800078437.5,-12.68012
2800078593.75,-12.68242
2800078750.0,-12.68577
2800078906.25,-12.68778
2800079062.5,-12.69192
2800079218.75,-12.69402
2800079375.0,-12.69664
2800079531.25,-12.69875
2800079687.5,-12.70117
2800079843.75,-12.70442
2800080000.0,-12.7072
2800080156.25,-12.70894
2800080312.5,-12.71223
2800080468.75,-12.71463
2800080625.0,-12.71855
2800080781.25,-12.7206
2800080937.5,-12.72389
2800081093.75,-12.72665
2800081250.0,-12.73014
2800081406.25,-12.73137
2800081562.5,-12.73377
2800081718.75,-12.73703
2800081875.0,-12.73971
2800082031.25,-12.7421
2800082187.5,-12.74557
2800082343.75,-12.74795
2800082500.0,-12.75123
2800082656.25,-12.75259
2800082812.5,-12.75572
2800082968.75,-12.75809
2800083125.0,-12.76093
2800083281.25,-12.76267
2800083437.5,-12.76683
2800083593.75,-12.76869
2800083750.0,-12.77215
2800083906.25,-12.77414
2800084062.5,-12.77758
2800084218.75,-12.78095
2800084375.0,-12.78258
2800084531.25,-12.78566
2800084687.5,-12.78804
2800084843.75,-12.79081
2800085000.0,-12.79267
2800085156.25,-12.79715
2800085312.5,-12.79954
2800085468.75,-12.80176
2800085625.0,-12.80522
2800085781.25,-12.80718
2800085937.5,-12.81071
2800086093.75,-12.81252
2800086250.0,-12.81501
2800086406.25,-12.81729
2800086562.5,-12.8208
2800086718.75,-12.82297
2800086875.0,-12.82517
2800087031.25,-12.82807
2800087187.5,-12.83178
2800087343.75,-12.83425
2800087500.0,-12.83717
2800087656.25,-12.83971
2800087812.5,-12.84186
2800087968.75,-12.84403
2800088125.0,-12.84806
2800088281.25,-12.85041
2800088437.5,-12.85219
2800088593.75,-12.85552
2800088750.0,-12.85723
2800088906.25,-12.86084
2800089062.5,-12.86294
2800089218.75,-12.8661
2800089375.0,-12.86895
2800089531.25,-12.87135
2800089687.5,-12.8748
2800089843.75,-12.87689
2800090000.0,-12.88021
2800090156.25,-12.88229
2800090312.5,-12.88464
2800090468.75,-12.88789
2800090625.0,-12.89011
2800090781.25,-12.89218
2800090937.5,-12.8965
2800091093.75,-12.89899
2800091250.0,-12.90008
2800091406.25,-12.90418
2800091562.5,-12.90648
2800091718.75,-12.90979
2800091875.0,-12.91259
2800092031.25,-12.915
2800092187.5,-12.91687
2800092343.75,-12.9204
2800092500.0,-12.92276
2800092656.25,-12.9252
2800092812.5,-12.92778
2800092968.75,-12.93058
2800093125.0,-12.93312
2800093281.25,-12.93718
2800093437.5,-12.93842
2800093593.75,-12.94124
2800093750.0,-12.94321
2800093906.25,-12.9466
2800094062.5,-12.94901
2800094218.75,-12.95181
2800094375.0,-12.95408
2800094531.25,-12.958
2800094687.5,-12.96088
2800094843.75,-12.96334
2800095000.0,-12.96401
2800095156.25,-12.96792
2800095312.5,-12.97033
2800095468.75,-12.97359
2800095625.0,-12.97607
2800095781.25,-12.97889
2800095937.5,-12.98188
2800096093.75,-12.98423
2800096250.0,-12.98751
2800096406.25,-12.99006
2800096562.5,-12.99225
2800096718.75,-12.9952
2800096875.0,-12.99755
2800097031.25,-12.99948
2800097187.5,-13.00284
2800097343.75,-13.0058
2800097500.0,-13.00825
2800097656.25,-13.0108
2800097812.5,-13.01354
2800097968.75,-13.01553
2800098125.0,-13.01822
2800098281.25,-13.02163
2800098437.5,-13.02376
2800098593.75,-13.02555
2800098750.0,-13.02955
2800098906.25,-13.03198
2800099062.5,-13.03497
2800099218.75,-13.03789
2800099375.0,-13.03957
2800099531.25,-13.04251
2800099687.5,-13.04577
2800099843.75,-13.04736
2800100000.0,-13.05008
2800100156.25,-13.05257
2800100312.5,-13.05601
2800100468.75,-13.05801
2800100625.0,-13.06123
2800100781.25,-13.06436
2800100937.5,-13.06677
2800101093.75,-13.06837
2800101250.0,-13.07222
2800101406.25,-13.07316
2800101562.5,-13.07804
2800101718.75,-13.08063
2800101875.0,-13.0827
2800102031.25,-13.08481
2800102187.5,-13.08738
2800102343.75,-13.09038
2800102500.0,-13.09264
2800102656.25,-13.09608
2800102812.5,-13.09818
2800102968.75,-13.10135
2800103125.0,-13.10322
2800103281.25,-13.10553
2800103437.5,-13.10851
2800103593.75,-13.11263
2800103750.0,-13.11374
2800103906.25,-13.11683
2800104062.5,-13.11951
2800104218.75,-13.12234
2800104375.0,-13.12513
2800104531.25,-13.12721
2800104687.5,-13.1298
2800104843.75,-13.13236
2800105000.0,-13.135
2800105156.25,-13.13849
2800105312.5,-13.1398
2800105468.75,-13.14216
2800105625.0,-13.14606
2800105781.25,-13.14807
2800105937.5,-13.15104
2800106093.75,-13.15337
2800106250.0,-13.15582
2800106406.25,-13.1583
2800106562.5,-13.16247
2800106718.75,-13.16467
2800106875.0,-13.16691
2800107031.25,-13.16866
2800107187.5,-13.1716
2800107343.75,-13.17484
2800107500.0,-13.17669
2800107656.25,-13.17979
2800107812.5,-13.18233
2800107968.75,-13.18643
2800108125.0,-13.18728
2800108281.25,-13.19115
2800108437.5,-13.19332
2800108593.75,-13.1951
2800108750.0,-13.19948
2800108906.25,-13.20123
2800109062.5,-13.20341
2800109218.75,-13.20667
2800109375.0,-13.20925
2800109531.25,-13.2124
2800109687.5,-13.21444
2800109843.75,-13.2171
2800110000.0,-13.21935
2800110156.25,-13.22187
2800110312.5,-13.22399
2800110468.75,-13.22803
2800110625.0,-13.2305
2800110781.25,-13.23222
2800110937.5,-13.23472
2800111093.75,-13.23835
2800111250.0,-13.24117
2800111406.25,-13.24356
2800111562.5,-13.24569
2800111718.75,-13.24787
2800111875.0,-13.25053
2800112031.25,-13.25392
2800112187.5,-13.25601
2800112343.75,-13.25975
2800112500.0,-13.26109
2800112656.25,-13.26446
2800112812.5,-13.26679
2800112968.75,-13.2698
2800113125.0,-13.27293
2800113281.25,-13.2741
2800113437.5,-13.27722
2800113593.75,-13.28076
2800113750.0,-13.28188
2800113906.25,-13.2851
2800114062.5,-13.28861
2800114218.75,-13.2899
2800114375.0,-13.29351
2800114531.25,-13.29584
2800114687.5,-13.29798
2800114843.75,-13.30112
2800115000.0,-13.30403
2800115156.25,-13.30572
2800115312.5,-13.3088
2800115468.75,-13.31146
2800115625.0,-13.31476
2800115781.25,-13.31682
2800115937.5,-13.31912
2800116093.75,-13.32165
2800116250.0,-13.3249
2800116406.25,-13.32711
2800116562.5,-13.32988
2800116718.75,-13.33274
2800116875.0,-13.33556
2800117031.25,-13.33809
2800117187.5,-13.34189
2800117343.75,-13.34312
2800117500.0,-13.3472
2800117656.25,-13.34825
2800117812.5,-13.34986
2800117968.75,-13.35361
2800118125.0,-13.35629
2800118281.25,-13.35933
2800118437.5,-13.36067
2800118593.75,-13.36502
2800118750.0,-13.36634
2800118906.25,-13.36942
2800119062.5,-13.37084
2800119218.75,-13.37437
2800119375.0,-13.37722
2800119531.25,-13.38028
2800119687.5,-13.3818
2800119843.75,-13.38623
2800120000.0,-13.38658
2800120156.25,-13.38985
2800120312.5,-13.39182
2800120468.75,-13.39536
2800120625.0,-13.39797
2800120781.25,-13.3997
2800120937.5,-13.40358
2800121093.75,-13.40563
2800121250.0,-13.40799
2800121406.25,-13.41019
2800121562.5,-13.41311
2800121718.75,-13.41631
2800121875.0,-13.41844
2800122031.25,-13.42068
2800122187.5,-13.42445
2800122343.75,-13.4267
2800122500.0,-13.4283
2800122656.25,-13.43064
2800122812.5,-13.4338
2800122968.75,-13.43623
2800123125.0,-13.439
2800123281.25,-13.44046
2800123437.5,-13.44409
2800123593.75,-13.44765
2800123750.0,-13.44985
2800123906.25,-13.45144
2800124062.5,-13.45485
2800124218.75,-13.45775
2800124375.0,-13.46001
2800124531.25,-13.46309
2800124687.5,-13.46556
2800124843.75,-13.46748
2800125000.0,-13.47042
2800125156.25,-13.47174
2800125312.5,-13.47664
2800125468.75,-13.47793
2800125625.0,-13.48114
2800125781.25,-13.48373
2800125937.5,-13.48684
2800126093.75,-13.48759
2800126250.0,-13.49158
2800126406.25,-13.49354
2800126562.5,-13.497
2800126718.75,-13.49941
2800126875.0,-13.50141
2800127031.25,-13.50429
2800127187.5,-13.50809
2800127343.75,-13.50977
2800127500.0,-13.51253
2800127656.25,-13.51464
2800127812.5,-13.51654
2800127968.75,-13.5187
2800128125.0,-13.52279
2800128281.25,-13.52466
2800128437.5,-13.52617
2800128593.75,-13.52993
2800128750.0,-13.53303
2800128906.25,-13.53521
2800129062.5,-13.53861
2800129218.75,-13.53983
2800129375.0,-13.54234
2800129531.25,-13.54599
2800129687.5,-13.5477
2800129843.75,-13.55035
2800130000.0,-13.5535
2800130156.25,-13.55532
2800130312.5,-13.55805
2800130468.75,-13.56144
2800130625.0,-13.56331
2800130781.25,-13.56621
2800130937.5,-13.56868
2800131093.75,-13.57058
2800131250.0,-13.57435
2800131406.25,-13.57627
2800131562.5,-13.58014
2800131718.75,-13.58066
2800131875.0,-13.58425
2800132031.25,-13.58712
2800132187.5,-13.58923
2800132343.75,-13.59115
2800132500.0,-13.59437
2800132656.25,-13.59729
2800132812.5,-13.59957
2800132968.75,-13.60233
2800133125.0,-13.60443
2800133281.25,-13.60804
2800133437.5,-13.60947
2800133593.75,-13.6115
2800133750.0,-13.61441
2800133906.25,-13.61712
2800134062.5,-13.62024
2800134218.75,-13.62319
2800134375.0,-13.62564
2800134531.25,-13.62768
2800134687.5,-13.63079
2800134843.75,-13.6323
2800135000.0,-13.63602
2800135156.25,-13.63751
2800135312.5,-13.64085
2800135468.75,-13.64232
2800135625.0,-13.64642
2800135781.25,-13.64678
2800135937.5,-13.65051
2800136093.75,-13.6534
2800136250.0,-13.65621
2800136406.25,-13.65944
2800136562.5,-13.66103
2800136718.75,-13.66253
2800136875.0,-13.66635
2800137031.25,-13.66876
2800137187.5,-13.67162
2800137343.75,-13.67431
2800137500.0,-13.67654
2800137656.25,-13.68009
2800137812.5,-13.68191
2800137968.75,-13.6847
2800138125.0,-13.68556
2800138281.25,-13.68862
2800138437.5,-13.69093
2800138593.75,-13.69373
2800138750.0,-13.69734
2800138906.25,-13.69961
2800139062.5,-13.70141
2800139218.75,-13.70475
2800139375.0,-13.70786
2800139531.25,-13.70877
2800139687.5,-13.71225
2800139843.75,-13.71508
2800140000.0,-13.71714
2800140156.25,-13.71966
2800140312.5,-13.72143
2800140468.75,-13.72568
2800140625.0,-13.72761
2800140781.25,-13.73003
2800140937.5,-13.73192
2800141093.75,-13.73491
2800141250.0,-13.73726
2800141406.25,-13.7402
2800141562.5,-13.74282
2800141718.75,-13.74505
2800141875.0,-13.74733
2800142031.25,-13.74948
2800142187.5,-13.75278
2800142343.75,-13.7545
2800142500.0,-13.75791
2800142656.25,-13.76043
2800142812.5,-13.76365
2800142968.75,-13.76654
2800143125.0,-13.76793
2800143281.25,-13.77109
2800143437.5,-13.77289
2800143593.75,-13.77615
2800143750.0,-13.77895
2800143906.25,-13.78112
2800144062.5,-13.78276
2800144218.75,-13.78611
2800144375.0,-13.78835
2800144531.25,-13.79178
2800144687.5,-13.79379
2800144843.75,-13.79606
2800145000.0,-13.79811
2800145156.25,-13.80049
2800145312.5,-13.80362
2800145468.75,-13.80664
2800145625.0,-13.80877
2800145781.25,-13.81182
2800145937.5,-13.8147
2800146093.75,-13.81617
2800146250.0,-13.82017
2800146406.25,-13.82176
2800146562.5,-13.82393
2800146718.75,-13.82633
2800146875.0,-13.82962
2800147031.25,-13.83075
2800147187.5,-13.83346
2800147343.75,-13.83665
2800147500.0,-13.84075
2800147656.25,-13.84264
2800147812.5,-13.84497
2800147968.75,-13.84714
2800148125.0,-13.84976
2800148281.25,-13.85179
2800148437.5,-13.85379
2800148593.75,-13.85637
2800148750.0,-13.85977
2800148906.25,-13.8619
2800149062.5,-13.86363
2800149218.75,-13.86487
2800149375.0,-13.86998
2800149531.25,-13.87213
2800149687.5,-13.87422
2800149843.75,-13.87706
2800150000.0,-13.87924
2800150156.25,-13.88275
2800150312.5,-13.88482
2800150468.75,-13.88739
2800150625.0,-13.88988
2800150781.25,-13.89247
2800150937.5,-13.89454
2800151093.75,-13.89731
2800151250.0,-13.89897
2800151406.25,-13.90281
2800151562.5,-13.90373
2800151718.75,-13.90752
2800151875.0,-13.9089
2800152031.25,-13.91305
2800152187.5,-13.91542
2800152343.75,-13.91798
2800152500.0,-13.91977
2800152656.25,-13.9224
2800152812.5,-13.92356
2800152968.75,-13.92709
2800153125.0,-13.9295
2800153281.25,-13.93179
2800153437.5,-13.93456
2800153593.75,-13.93711
2800153750.0,-13.94011
2800153906.25,-13.94196
2800154062.5,-13.94429
2800154218.75,-13.94685
2800154375.0,-13.95049
2800154531.25,-13.95327
2800154687.5,-13.95399
2800154843.75,-13.95684
2800155000.0,-13.96089
2800155156.25,-13.96244
2800155312.5,-13.96563
2800155468.75,-13.96807
2800155625.0,-13.96864
2800155781.25,-13.97305
2800155937.5,-13.97482
2800156093.75,-13.97753
2800156250.0,-13.97976
2800156406.25,-13.98269
2800156562.5,-13.98489
2800156718.75,-13.98841
2800156875.0,-13.99086
2800157031.25,-13.993
2800157187.5,-13.99496
2800157343.75,-13.99722
2800157500.0,-14.00075
2800157656.25,-14.00238
2800157812.5,-14.00537
2800157968.75,-14.00694
2800158125.0,-14.00995
2800158281.25,-14.0135
2800158437.5,-14.01407
2800158593.75,-14.01715
2800158750.0,-14.02038
2800158906.25,-14.02158
2800159062.5,-14.02578
2800159218.75,-14.02773
2800159375.0,-14.02984
2800159531.25,-14.03193
2800159687.5,-14.03473
2800159843.75,-14.03844
2800160000.0,-14.04005
2800160156.25,-14.04255
2800160312.5,-14.04421
2800160468.75,-14.0465
2800160625.0,-14.04973
2800160781.25,-14.05261
2800160937.5,-14.05489
2800161093.75,-14.05639
2800161250.0,-14.06084
2800161406.25,-14.06142
2800161562.5,-14.06488
2800161718.75,-14.06702
2800161875.0,-14.06894
2800162031.25,-14.07313
2800162187.5,-14.07522
2800162343.75,-14.0768
2800162500.0,-14.07934
2800162656.25,-14.08273
2800162812.5,-14.08429
2800162968.75,-14.0872
2800163125.0,-14.09017
2800163281.25,-14.09191
2800163437.5,-14.09446
2800163593.75,-14.0968
2800163750.0,-14.10029
2800163906.25,-14.10226
2800164062.5,-14.10386
2800164218.75,-14.10675
2800164375.0,-14.10937
2800164531.25,-14.11139
2800164687.5,-14.1148
2800164843.75,-14.11691
2800165000.0,-14.12023
2800165156.25,-14.12216
2800165312.5,-14.12422
2800165468.75,-14.12714
2800165625.0,-14.13037
2800165781.25,-14.13134
2800165937.5,-14.13387
2800166093.75,-14.13755
2800166250.0,-14.13974
2800166406.25,-14.14103
2800166562.5,-14.144
2800166718.75,-14.14653
2800166875.0,-14.14926
2800167031.25,-14.1525
2800167187.5,-14.15392
2800167343.75,-14.15706
2800167500.0,-14.15964
2800167656.25,-14.1608
2800167812.5,-14.16434
2800167968.75,-14.1662
2800168125.0,-14.16924
2800168281.25,-14.17185
2800168437.5,-14.1729
2800168593.75,-14.1761
2800168750.0,-14.17793
2800168906.25,-14.18113
2800169062.5,-14.18444
2800169218.75,-14.1863
2800169375.0,-14.18777
2800169531.25,-14.19028
2800169687.5,-14.19382
2800169843.75,-14.1964
2800170000.0,-14.19793
2800170156.25,-14.20087
2800170312.5,-14.20183
2800170468.75,-14.20524
2800170625.0,-14.20786
2800170781.25,-14.21034
2800170937.5,-14.21374
2800171093.75,-14.21544
2800171250.0,-14.21852
2800171406.25,-14.21963
2800171562.5,-14.22306
2800171718.75,-14.2247
2800171875.0,-14.22836
2800172031.25,-14.22997
2800172187.5,-14.23324
2800172343.75,-14.2352
2800172500.0,-14.23666
2800172656.25,-14.24073
2800172812.5,-14.24246
2800172968.75,-14.24567
2800173125.0,-14.24799
2800173281.25,-14.25011
2800173437.5,-14.25311
2800173593.75,-14.25454
2800173750.0,-14.25743
2800173906.25,-14.25979
2800174062.5,-14.26236
2800174218.75,-14.26479
2800174375.0,-14.26727
2800174531.25,-14.26931
2800174687.5,-14.27173
2800174843.75,-14.27416
2800175000.0,-14.27721
2800175156.25,-14.27971
2800175312.5,-14.28233
2800175468.75,-14.285
2800175625.0,-14.28837
2800175781.25,-14.28974
2800175937.5,-14.29093
2800176093.75,-14.29441
2800176250.0,-14.29728
2800176406.25,-14.29945
2800176562.5,-14.30158
2800176718.75,-14.30271
2800176875.0,-14.30716
2800177031.25,-14.3097
2800177187.5,-14.31193
2800177343.75,-14.31437
2800177500.0,-14.31673
2800177656.25,-14.31818
2800177812.5,-14.32126
2800177968.75,-14.32339
2800178125.0,-14.3271
2800178281.25,-14.32781
2800178437.5,-14.3298
2800178593.75,-14.33475
2800178750.0,-14.3356
2800178906.25,-14.33858
2800179062.5,-14.33998
2800179218.75,-14.34244
2800179375.0,-14.34512
2800179531.25,-14.34809
2800179687.5,-14.34955
2800179843.75,-14.35201
2800180000.0,-14.35492
2800180156.25,-14.35804
2800180312.5,-14.35961
2800180468.75,-14.36294
2800180625.0,-14.36554
2800180781.25,-14.36762
2800180937.5,-14.36936
2800181093.75,-14.37262
2800181250.0,-14.37478
2800181406.25,-14.37676
2800181562.5,-14.37942
2800181718.75,-14.3821
2800181875.0,-14.38507
2800182031.25,-14.38711
2800182187.5,-14.38904
2800182343.75,-14.39043
2800182500.0,-14.39312
2800182656.25,-14.39544
2800182812.5,-14.39925
2800182968.75,-14.39915
2800183125.0,-14.40393
2800183281.25,-14.40583
2800183437.5,-14.40853
2800183593.75,-14.40976
2800183750.0,-14.41323
2800183906.25,-14.41594
2800184062.5,-14.41775
2800184218.75,-14.42066
2800184375.0,-14.42196
2800184531.25,-14.42487
2800184687.5,-14.42725
2800184843.75,-14.43083
2800185000.0,-14.43296
2800185156.25,-14.43528
2800185312.5,-14.43822
2800185468.75,-14.4403
2800185625.0,-14.44097
2800185781.25,-14.44458
2800185937.5,-14.44685
2800186093.75,-14.4501
2800186250.0,-14.45219
2800186406.25,-14.4543
2800186562.5,-14.45721
2800186718.75,-14.45914
2800186875.0,-14.46202
2800187031.25,-14.46331
2800187187.5,-14.46642
2800187343.75,-14.46808
2800187500.0,-14.47093
2800187656.25,-14.4736
2800187812.5,-14.47566
2800187968.75,-14.4777
2800188125.0,-14.47894
2800188281.25,-14.48252
2800188437.5,-14.48585
2800188593.75,-14.48794
2800188750.0,-14.49107
2800188906.25,-14.49346
2800189062.5,-14.49574
2800189218.75,-14.49753
2800189375.0,-14.4991
2800189531.25,-14.50309
2800189687.5,-14.50506
2800189843.75,-14.50685
2800190000.0,-14.51082
2800190156.25,-14.51342
2800190312.5,-14.51482
2800190468.75,-14.51766
2800190625.0,-14.51946
2800190781.25,-14.52166
2800190937.5,-14.52357
2800191093.75,-14.52655
2800191250.0,-14.52924
2800191406.25,-14.53068
2800191562.5,-14.53434
2800191718.75,-14.53684
2800191875.0,-14.53891
2800192031.25,-14.54094
2800192187.5,-14.54274
2800192343.75,-14.54605
2800192500.0,-14.5474
2800192656.25,-14.55083
2800192812.5,-14.55282
2800192968.75,-14.55605
2800193125.0,-14.55787
2800193281.25,-14.55948
2800193437.5,-14.56213
2800193593.75,-14.5651
2800193750.0,-14.56785
2800193906.25,-14.56998
2800194062.5,-14.5732
2800194218.75,-14.57454
2800194375.0,-14.57675
2800194531.25,-14.57904
2800194687.5,-14.58243
2800194843.75,-14.58453
2800195000.0,-14.58727
2800195156.25,-14.58828
2800195312.5,-14.59116
2800195468.75,-14.59331
2800195625.0,-14.59652
2800195781.25,-14.59854
2800195937.5,-14.60147
2800196093.75,-14.60299
2800196250.0,-14.60629
2800196406.25,-14.60731
2800196562.5,-14.60954
2800196718.75,-14.61269
2800196875.0,-14.61444
2800197031.25,-14.6173
2800197187.5,-14.62
2800197343.75,-14.62237
2800197500.0,-14.62472
2800197656.25,-14.62665
2800197812.5,-14.62946
2800197968.75,-14.63161
2800198125.0,-14.63368
2800198281.25,-14.63673
2800198437.5,-14.63832
2800198593.75,-14.64174
2800198750.0,-14.64286
2800198906.25,-14.64642
2800199062.5,-14.64849
2800199218.75,-14.65119
2800199375.0,-14.65307
2800199531.25,-14.65602
2800199687.5,-14.65864
2800199843.75,-14.6599
2800200000.0,-14.6623
2800200156.25,-14.66496
2800200312.5,-14.66862
2800200468.75,-14.67112
2800200625.0,-14.67176
2800200781.25,-14.674
2800200937.5,-14.67586
2800201093.75,-14.67865
2800201250.0,-14.68169
2800201406.25,-14.68343
2800201562.5,-14.68701
2800201718.75,-14.68723
2800201875.0,-14.69076
2800202031.25,-14.69315
2800202187.5,-14.69574
2800202343.75,-14.69903
2800202500.0,-14.69967
2800202656.25,-14.70406
2800202812.5,-14.70509
2800202968.75,-14.70795
2800203125.0,-14.71072
2800203281.25,-14.71271
2800203437.5,-14.71445
2800203593.75,-14.71697
2800203750.0,-14.72007
2800203906.25,-14.72253
2800204062.5,-14.72371
2800204218.75,-14.72654
2800204375.0,-14.7295
2800204531.25,-14.73015
2800204687.5,-14.73398
2800204843.75,-14.73597
2800205000.0,-14.73932
2800205156.25,-14.74129
2800205312.5,-14.74337
2800205468.75,-14.74563
2800205625.0,-14.74774
2800205781.25,-14.75062
2800205937.5,-14.753
2800206093.75,-14.75443
2800206250.0,-14.75744
2800206406.25,-14.75856
2800206562.5,-14.76277
2800206718.75,-14.76503
2800206875.0,-14.76726
2800207031.25,-14.76913
2800207187.5,-14.77204
2800207343.75,-14.77214
2800207500.0,-14.77542
2800207656.25,-14.77794
2800207812.5,-14.77992
2800207968.75,-14.78458
2800208125.0,-14.7853
2800208281.25,-14.7878
2800208437.5,-14.79093
2800208593.75,-14.79222
2800208750.0,-14.79391
2800208906.25,-14.79755
2800209062.5,-14.79987
2800209218.75,-14.80264
2800209375.0,-14.80442
2800209531.25,-14.80773
2800209687.5,-14.80942
2800209843.75,-14.81093
2800210000.0,-14.81332
2800210156.25,-14.81524
2800210312.5,-14.8189
2800210468.75,-14.82076
2800210625.0,-14.82309
2800210781.25,-14.82425
2800210937.5,-14.82728
2800211093.75,-14.8308
2800211250.0,-14.83259
2800211406.25,-14.835
2800211562.5,-14.83819
2800211718.75,-14.83956
2800211875.0,-14.84038
2800212031.25,-14.84409
2800212187.5,-14.84622
2800212343.75,-14.84875
2800212500.0,-14.85151
2800212656.25,-14.8534
2800212812.5,-14.85541
2800212968.75,-14.85842
2800213125.0,-14.86194
2800213281.25,-14.862
2800213437.5,-14.86553
2800213593.75,-14.8662
2800213750.0,-14.8698
2800213906.25,-14.87224
2800214062.5,-14.87495
2800214218.75,-14.87698
2800214375.0,-14.87934
2800214531.25,-14.88151
2800214687.5,-14.88369
2800214843.75,-14.88634
2800215000.0,-14.88821
2800215156.25,-14.89097
2800215312.5,-14.89358
2800215468.75,-14.89671
2800215625.0,-14.89883
2800215781.25,-14.89932
2800215937.5,-14.90285
2800216093.75,-14.90518
2800216250.0,-14.90694
2800216406.25,-14.90909
2800216562.5,-14.91387
2800216718.75,-14.91372
2800216875.0,-14.91705
2800217031.25,-14.91902
2800217187.5,-14.92126
2800217343.75,-14.92371
2800217500.0,-14.9256
2800217656.25,-14.92898
2800217812.5,-14.92964
2800217968.75,-14.93183
2800218125.0,-14.93455
2800218281.25,-14.93773
2800218437.5,-14.93921
2800218593.75,-14.94237
2800218750.0,-14.94602
2800218906.25,-14.94689
2800219062.5,-14.94839
2800219218.75,-14.95106
2800219375.0,-14.95411
2800219531.25,-14.95576
2800219687.5,-14.95874
2800219843.75,-14.96023
2800220000.0,-14.96377
2800220156.25,-14.96575
2800220312.5,-14.96692
2800220468.75,-14.96912
2800220625.0,-14.97318
2800220781.25,-14.97433
2800220937.5,-14.97738
2800221093.75,-14.97926
2800221250.0,-14.98151
2800221406.25,-14.98362
2800221562.5,-14.98503
2800221718.75,-14.98778
2800221875.0,-14.99117
2800222031.25,-14.99283
2800222187.5,-14.99576
2800222343.75,-14.99791
2800222500.0,-14.99912
2800222656.25,-15.00196
2800222812.5,-15.0048
2800222968.75,-15.0069
2800223125.0,-15.00876
2800223281.25,-15.01209
2800223437.5,-15.0142
2800223593.75,-15.01468
2800223750.0,-15.01862
2800223906.25,-15.02116
2800224062.5,-15.02337
2800224218.75,-15.02501
2800224375.0,-15.02849
2800224531.25,-15.02878
2800224687.5,-15.03196
2800224843.75,-15.03521
2800225000.0,-15.037
2800225156.25,-15.03911
2800225312.5,-15.04106
2800225468.75,-15.04416
2800225625.0,-15.04542
2800225781.25,-15.04789
2800225937.5,-15.05179
2800226093.75,-15.05326
2800226250.0,-15.05573
2800226406.25,-15.05767
2800226562.5,-15.05961
2800226718.75,-15.06287
2800226875.0,-15.06496
2800227031.25,-15.06705
2800227187.5,-15.06911
2800227343.75,-15.07163
2800227500.0,-15.07367
2800227656.25,-15.07502
2800227812.5,-15.07757
2800227968.75,-15.08056
2800228125.0,-15.08284
2800228281.25,-15.0854
2800228437.5,-15.087
2800228593.75,-15.09027
2800228750.0,-15.09016
2800228906.25,-15.0932
2800229062.5,-15.09709
2800229218.75,-15.09902
2800229375.0,-15.10013
2800229531.25,-15.10298
2800229687.5,-15.10533
2800229843.75,-15.10922
2800230000.0,-15.11052
2800230156.25,-15.11348
2800230312.5,-15.11432
2800230468.75,-15.118
2800230625.0,-15.11956
2800230781.25,-15.12173
2800230937.5,-15.12373
2800231093.75,-15.12515
2800231250.0,-15.12872
2800231406.25,-15.13149
2800231562.5,-15.13465
2800231718.75,-15.13535
2800231875.0,-15.13776
2800232031.25,-15.14018
2800232187.5,-15.14146
2800232343.75,-15.14464
2800232500.0,-15.14728
2800232656.25,-15.14973
2800232812.5,-15.15179
2800232968.75,-15.15315
2800233125.0,-15.15669
2800233281.25,-15.15885
2800233437.5,-15.16112
2800233593.75,-15.16304
2800233750.0,-15.16575
2800233906.25,-15.1672
2800234062.5,-15.16986
2800234218.75,-15.17182
2800234375.0,-15.17339
2800234531.25,-15.17681
2800234687.5,-15.17842
2800234843.75,-15.18141
2800235000.0,-15.18239
2800235156.25,-15.18673
2800235312.5,-15.18822
2800235468.75,-15.19034
2800235625.0,-15.1919
2800235781.25,-15.19372
2800235937.5,-15.19544
2800236093.75,-15.19899
2800236250.0,-15.20145
2800236406.25,-15.20289
2800236562.5,-15.20632
2800236718.75,-15.20873
2800236875.0,-15.2106
2800237031.25,-15.21297
2800237187.5,-15.21469
2800237343.75,-15.21655
2800237500.0,-15.21986
2800237656.25,-15.22198
2800237812.5,-15.22497
2800237968.75,-15.22578
2800238125.0,-15.2276
2800238281.25,-15.23131
2800238437.5,-15.23338
2800238593.75,-15.23491
2800238750.0,-15.23871
2800238906.25,-15.23976
2800239062.5,-15.24282
2800239218.75,-15.24483
2800239375.0,-15.24674
2800239531.25,-15.25032
2800239687.5,-15.25208
2800239843.75,-15.25266
2800240000.0,-15.25672
2800240156.25,-15.25849
2800240312.5,-15.26044
2800240468.75,-15.26265
2800240625.0,-15.26399
2800240781.25,-15.26742
2800240937.5,-15.26905
2800241093.75,-15.27166
2800241250.0,-15.2745
2800241406.25,-15.27631
2800241562.5,-15.27807
2800241718.75,-15.28063
2800241875.0,-15.28225
2800242031.25,-15.28361
2800242187.5,-15.28566
2800242343.75,-15.28952
2800242500.0,-15.29162
2800242656.25,-15.29425
2800242812.5,-15.2963
2800242968.75,-15.30004
2800243125.0,-15.3019
2800243281.25,-15.30369
2800243437.5,-15.30569
2800243593.75,-15.30731
2800243750.0,-15.31021
2800243906.25,-15.31236
2800244062.5,-15.31324
2800244218.75,-15.3159
2800244375.0,-15.31798
2800244531.25,-15.32143
2800244687.5,-15.32267
2800244843.75,-15.32543
2800245000.0,-15.32885
2800245156.25,-15.32978
2800245312.5,-15.33188
2800245468.75,-15.334
2800245625.0,-15.33628
2800245781.25,-15.33952
2800245937.5,-15.33935
2800246093.75,-15.34231
2800246250.0,-15.34504
2800246406.25,-15.34894
2800246562.5,-15.34991
2800246718.75,-15.3525
2800246875.0,-15.3557
2800247031.25,-15.35687
2800247187.5,-15.35829
2800247343.75,-15.3613
2800247500.0,-15.36432
2800247656.25,-15.3649
2800247812.5,-15.36872
2800247968.75,-15.37079
2800248125.0,-15.37299
2800248281.25,-15.3751
2800248437.5,-15.37745
2800248593.75,-15.37883
2800248750.0,-15.38268
2800248906.25,-15.38421
2800249062.5,-15.38572
2800249218.75,-15.38909
2800249375.0,-15.39014
2800249531.25,-15.39246
2800249687.5,-15.39499
2800249843.75,-15.39782
2800250000.0,-15.3994
2800250156.25,-15.40109
2800250312.5,-15.40468
2800250468.75,-15.40581
2800250625.0,-15.40727
2800250781.25,-15.40927
2800250937.5,-15.41234
2800251093.75,-15.41565
2800251250.0,-15.41695
2800251406.25,-15.41988
2800251562.5,-15.42139
2800251718.75,-15.42371
2800251875.0,-15.42602
2800252031.25,-15.42838
2800252187.5,-15.43145
2800252343.75,-15.43176
2800252500.0,-15.43593
2800252656.25,-15.43751
2800252812.5,-15.43977
2800252968.75,-15.44309
2800253125.0,-15.4441
2800253281.25,-15.44612
2800253437.5,-15.44769
2800253593.75,-15.45135
2800253750.0,-15.45326
2800253906.25,-15.45499
2800254062.5,-15.45773
2800254218.75,-15.46119
2800254375.0,-15.46265
2800254531.25,-15.46475
2800254687.5,-15.46734
2800254843.75,-15.46923
2800255000.0,-15.46933
2800255156.25,-15.47239
2800255312.5,-15.47552
2800255468.75,-15.47713
2800255625.0,-15.47962
2800255781.25,-15.48167
2800255937.5,-15.48332
2800256093.75,-15.4872
2800256250.0,-15.48823
2800256406.25,-15.49029
2800256562.5,-15.49266
2800256718.75,-15.49528
2800256875.0,-15.49844
2800257031.25,-15.4996
2800257187.5,-15.50119
2800257343.75,-15.50295
2800257500.0,-15.50569
2800257656.25,-15.50769
2800257812.5,-15.51034
2800257968.75,-15.51209
2800258125.0,-15.51394
2800258281.25,-15.51731
2800258437.5,-15.51855
2800258593.75,-15.52048
2800258750.0,-15.52343
2800258906.25,-15.52472
2800259062.5,-15.52787
2800259218.75,-15.52931
2800259375.0,-15.53222
2800259531.25,-15.53466
2800259687.5,-15.535
2800259843.75,-15.53963
2800260000.0,-15.54106
2800260156.25,-15.54367
2800260312.5,-15.5464
2800260468.75,-15.5494
2800260625.0,-15.54936
2800260781.25,-15.55169
2800260937.5,-15.55505
2800261093.75,-15.55676
2800261250.0,-15.5599
2800261406.25,-15.56123
2800261562.5,-15.5638
2800261718.75,-15.56632
2800261875.0,-15.56721
2800262031.25,-15.57027
2800262187.5,-15.57176
2800262343.75,-15.57593
2800262500.0,-15.57768
2800262656.25,-15.57767
2800262812.5,-15.5813
2800262968.75,-15.58428
2800263125.0,-15.5866
2800263281.25,-15.58737
2800263437.5,-15.58959
2800263593.75,-15.59188
2800263750.0,-15.59343
2800263906.25,-15.59547
2800264062.5,-15.5988
2800264218.75,-15.60028
2800264375.0,-15.60215
2800264531.25,-15.60544
2800264687.5,-15.60686
2800264843.75,-15.60936
2800265000.0,-15.61172
2800265156.25,-15.61348
2800265312.5,-15.61616
2800265468.75,-15.61883
2800265625.0,-15.61958
2800265781.25,-15.62347
2800265937.5,-15.62506
2800266093.75,-15.62788
2800266250.0,-15.62854
2800266406.25,-15.63185
2800266562.5,-15.63363
2800266718.75,-15.63576
2800266875.0,-15.63803
2800267031.25,-15.64029
2800267187.5,-15.64242
2800267343.75,-15.64466
2800267500.0,-15.64631
2800267656.25,-15.64934
2800267812.5,-15.65135
2800267968.75,-15.65302
2800268125.0,-15.6555
2800268281.25,-15.65866
2800268437.5,-15.65962
2800268593.75,-15.66194
2800268750.0,-15.66432
2800268906.25,-15.66675
2800269062.5,-15.66896
2800269218.75,-15.67092
2800269375.0,-15.67252
2800269531.25,-15.67569
2800269687.5,-15.67671
2800269843.75,-15.67882
2800270000.0,-15.68163
2800270156.25,-15.68323
2800270312.5,-15.68634
2800270468.75,-15.68827
2800270625.0,-15.69029
2800270781.25,-15.6916
2800270937.5,-15.69461
2800271093.75,-15.69652
2800271250.0,-15.69936
2800271406.25,-15.70071
2800271562.5,-15.704
2800271718.75,-15.7057
2800271875.0,-15.70717
2800272031.25,-15.7094
2800272187.5,-15.71207
2800272343.75,-15.71375
2800272500.0,-15.71721
2800272656.25,-15.71875
2800272812.5,-15.72096
2800272968.75,-15.72275
2800273125.0,-15.7242
2800273281.25,-15.72657
2800273437.5,-15.72858
2800273593.75,-15.73111
2800273750.0,-15.73343
2800273906.25,-15.73547
2800274062.5,-15.73738
2800274218.75,-15.73904
2800274375.0,-15.74314
2800274531.25,-15.7442
2800274687.5,-15.74641
2800274843.75,-15.74911
2800275000.0,-15.75225
2800275156.25,-15.75294
2800275312.5,-15.75617
2800275468.75,-15.75815
2800275625.0,-15.76096
2800275781.25,-15.76147
2800275937.5,-15.76312
2800276093.75,-15.76727
2800276250.0,-15.76891
2800276406.25,-15.77009
2800276562.5,-15.77231
2800276718.75,-15.77514
2800276875.0,-15.77667
2800277031.25,-15.77786
2800277187.5,-15.78049
2800277343.75,-15.7838
2800277500.0,-15.78529
2800277656.25,-15.78841
2800277812.5,-15.78961
2800277968.75,-15.79063
2800278125.0,-15.79456
2800278281.25,-15.7965
2800278437.5,-15.79803
2800278593.75,-15.80146
2800278750.0,-15.80323
2800278906.25,-15.80561
2800279062.5,-15.80743
2800279218.75,-15.8088
2800279375.0,-15.81243
2800279531.25,-15.81314
2800279687.5,-15.81514
2800279843.75,-15.81985
2800280000.0,-15.82075
2800280156.25,-15.82206
2800280312.5,-15.82527
2800280468.75,-15.82721
2800280625.0,-15.82878
2800280781.25,-15.83191
2800280937.5,-15.8339
2800281093.75,-15.83455
2800281250.0,-15.83631
2800281406.25,-15.83827
2800281562.5,-15.84141
2800281718.75,-15.8426
2800281875.0,-15.8456
2800282031.25,-15.849
2800282187.5,-15.84896
2800282343.75,-15.85176
2800282500.0,-15.85384
2800282656.25,-15.85598
2800282812.5,-15.85922
2800282968.75,-15.85909
2800283125.0,-15.8626
2800283281.25,-15.86519
2800283437.5,-15.86719
2800283593.75,-15.86935
2800283750.0,-15.87186
2800283906.25,-15.87301
2800284062.5,-15.87518
2800284218.75,-15.87944
2800284375.0,-15.87964
2800284531.25,-15.88204
2800284687.5,-15.88294
2800284843.75,-15.88753
2800285000.0,-15.8887
2800285156.25,-15.89221
2800285312.5,-15.89281
2800285468.75,-15.89506
2800285625.0,-15.89666
2800285781.25,-15.89865
2800285937.5,-15.90229
2800286093.75,-15.90418
2800286250.0,-15.90581
2800286406.25,-15.90791
2800286562.5,-15.91023
2800286718.75,-15.91181
2800286875.0,-15.91288
2800287031.25,-15.91645
2800287187.5,-15.91798
2800287343.75,-15.9211
2800287500.0,-15.92481
2800287656.25,-15.92428
2800287812.5,-15.92709
2800287968.75,-15.93059
2800288125.0,-15.93248
2800288281.25,-15.93334
2800288437.5,-15.93524
2800288593.75,-15.93774
2800288750.0,-15.93939
2800288906.25,-15.94205
2800289062.5,-15.94417
2800289218.75,-15.94717
2800289375.0,-15.949
2800289531.25,-15.95165
2800289687.5,-15.95331
2800289843.75,-15.95509
2800290000.0,-15.95821
2800290156.25,-15.95993
2800290312.5,-15.96023
2800290468.75,-15.96333
2800290625.0,-15.96559
2800290781.25,-15.96836
2800290937.5,-15.97055
2800291093.75,-15.97271
2800291250.0,-15.97318
2800291406.25,-15.97682
2800291562.5,-15.97717
2800291718.75,-15.98104
2800291875.0,-15.98288
2800292031.25,-15.9826
2800292187.5,-15.98653
2800292343.75,-15.98904
2800292500.0,-15.9909
2800292656.25,-15.99288
2800292812.5,-15.99462
2800292968.75,-15.99807
2800293125.0,-15.99832
2800293281.25,-16.00078
2800293437.5,-16.00344
2800293593.75,-16.00516
2800293750.0,-16.00759
2800293906.25,-16.00875
2800294062.5,-16.01165
2800294218.75,-16.0134
2800294375.0,-16.01483
2800294531.25,-16.01796
2800294687.5,-16.02024
2800294843.75,-16.02298
2800295000.0,-16.0246
2800295156.25,-16.02721
2800295312.5,-16.02981
2800295468.75,-16.03037
2800295625.0,-16.03315
2800295781.25,-16.036
2800295937.5,-16.03745
2800296093.75,-16.03903
2800296250.0,-16.04219
2800296406.25,-16.04336
2800296562.5,-16.04592
2800296718.75,-16.04856
2800296875.0,-16.04954
2800297031.25,-16.05322
2800297187.5,-16.05433
2800297343.75,-16.05795
2800297500.0,-16.05817
2800297656.25,-16.06065
2800297812.5,-16.06338
2800297968.75,-16.064
2800298125.0,-16.06685
2800298281.25,-16.06922
2800298437.5,-16.07067
2800298593.75,-16.07298
2800298750.0,-16.07548
2800298906.25,-16.07682
2800299062.5,-16.07881
2800299218.75,-16.08132
2800299375.0,-16.08433
2800299531.25,-16.08439
2800299687.5,-16.08803
2800299843.75,-16.09116
2800300000.0,-16.09191
2800300156.25,-16.09553
2800300312.5,-16.09602
2800300468.75,-16.09822
2800300625.0,-16.1002
2800300781.25,-16.10245
2800300937.5,-16.1048
2800301093.75,-16.10532
2800301250.0,-16.10907
2800301406.25,-16.1103
2800301562.5,-16.11257
2800301718.75,-16.11413
2800301875.0,-16.11685
2800302031.25,-16.11923
2800302187.5,-16.12135
2800302343.75,-16.1233
2800302500.0,-16.12511
2800302656.25,-16.12569
2800302812.5,-16.12914
2800302968.75,-16.13221
2800303125.0,-16.13372
2800303281.25,-16.1344
2800303437.5,-16.1391
2800303593.75,-16.14055
2800303750.0,-16.13939
2800303906.25,-16.14333
2800304062.5,-16.14551
2800304218.75,-16.14852
2800304375.0,-16.15005
2800304531.25,-16.15237
2800304687.5,-16.1547
2800304843.75,-16.15528
2800305000.0,-16.15824
2800305156.25,-16.16023
2800305312.5,-16.16248
2800305468.75,-16.16418
2800305625.0,-16.16748
2800305781.25,-16.16956
2800305937.5,-16.17106
2800306093.75,-16.17294
2800306250.0,-16.17476
2800306406.25,-16.17737
2800306562.5,-16.17902
2800306718.75,-16.18215
2800306875.0,-16.18379
2800307031.25,-16.18502
2800307187.5,-16.18703
2800307343.75,-16.19071
2800307500.0,-16.19213
2800307656.25,-16.19459
2800307812.5,-16.19545
2800307968.75,-16.19817
2800308125.0,-16.20012
2800308281.25,-16.2036
2800308437.5,-16.20489
2800308593.75,-16.20672
2800308750.0,-16.20832
2800308906.25,-16.21094
2800309062.5,-16.21306
2800309218.75,-16.21365
2800309375.0,-16.21675
2800309531.25,-16.21926
2800309687.5,-16.22106
2800309843.75,-16.22289
2800310000.0,-16.22464
2800310156.25,-16.22808
2800310312.5,-16.22855
2800310468.75,-16.23165
2800310625.0,-16.23372
2800310781.25,-16.2347
2800310937.5,-16.23715
2800311093.75,-16.24082
2800311250.0,-16.24197
2800311406.25,-16.24411
2800311562.5,-16.24572
2800311718.75,-16.24869
2800311875.0,-16.24961
2800312031.25,-16.25352
2800312187.5,-16.25386
2800312343.75,-16.25559
2800312500.0,-16.2591
2800312656.25,-16.26008
2800312812.5,-16.26288
2800312968.75,-16.26454
2800313125.0,-16.26634
2800313281.25,-16.2685
2800313437.5,-16.27029
2800313593.75,-16.27194
2800313750.0,-16.2748
2800313906.25,-16.27571
2800314062.5,-16.27853
2800314218.75,-16.27999
2800314375.0,-16.28468
2800314531.25,-16.28658
2800314687.5,-16.28787
2800314843.75,-16.28923
2800315000.0,-16.29109
2800315156.25,-16.29408
2800315312.5,-16.29544
2800315468.75,-16.29717
2800315625.0,-16.29896
2800315781.25,-16.30254
2800315937.5,-16.30342
2800316093.75,-16.30481
2800316250.0,-16.30676
2800316406.25,-16.30956
2800316562.5,-16.31208
2800316718.75,-16.31347
2800316875.0,-16.31525
2800317031.25,-16.31822
2800317187.5,-16.31804
2800317343.75,-16.32216
2800317500.0,-16.32344
2800317656.25,-16.32605
2800317812.5,-16.32776
2800317968.75,-16.32909
2800318125.0,-16.33273
2800318281.25,-16.33495
2800318437.5,-16.33732
2800318593.75,-16.33761
2800318750.0,-16.34004
2800318906.25,-16.3414
2800319062.5,-16.34444
2800319218.75,-16.34599
2800319375.0,-16.34882
2800319531.25,-16.35107
2800319687.5,-16.35373
2800319843.75,-16.35572
2800320000.0,-16.35727
2800320156.25,-16.35812
2800320312.5,-16.36134
2800320468.75,-16.36405
2800320625.0,-16.36501
2800320781.25,-16.36801
2800320937.5,-16.37017
2800321093.75,-16.37114
2800321250.0,-16.37326
2800321406.25,-16.37599
2800321562.5,-16.37888
2800321718.75,-16.37976
2800321875.0,-16.38177
2800322031.25,-16.38394
2800322187.5,-16.38549
2800322343.75,-16.38737
2800322500.0,-16.38878
2800322656.25,-16.38943
2800322812.5,-16.39184
2800322968.75,-16.396
2800323125.0,-16.39853
2800323281.25,-16.39939
2800323437.5,-16.40268
2800323593.75,-16.403
2800323750.0,-16.40572
2800323906.25,-16.40897
2800324062.5,-16.40926
2800324218.75,-16.41191
2800324375.0,-16.41438
2800324531.25,-16.41729
2800324687.5,-16.41824
2800324843.75,-16.4199
2800325000.0,-16.42139
2800325156.25,-16.42301
2800325312.5,-16.42582
2800325468.75,-16.4272
2800325625.0,-16.43076
2800325781.25,-16.43284
2800325937.5,-16.43404
2800326093.75,-16.43636
2800326250.0,-16.43847
2800326406.25,-16.44106
2800326562.5,-16.44278
2800326718.75,-16.44547
2800326875.0,-16.44673
2800327031.25,-16.45116
2800327187.5,-16.45086
2800327343.75,-16.45219
2800327500.0,-16.45604
2800327656.25,-16.45651
2800327812.5,-16.45931
2800327968.75,-16.4612
2800328125.0,-16.46296
2800328281.25,-16.46513
2800328437.5,-16.46719
2800328593.75,-16.46824
2800328750.0,-16.47217
2800328906.25,-16.4731
2800329062.5,-16.47428
2800329218.75,-16.47618
2800329375.0,-16.47888
2800329531.25,-16.47984
2800329687.5,-16.48425
2800329843.75,-16.48553
2800330000.0,-16.48691
2800330156.25,-16.48911
2800330312.5,-16.49073
2800330468.75,-16.49454
2800330625.0,-16.49602
2800330781.25,-16.49766
2800330937.5,-16.49814
2800331093.75,-16.50092
2800331250.0,-16.50305
2800331406.25,-16.50566
2800331562.5,-16.50816
2800331718.75,-16.50854
2800331875.0,-16.51106
2800332031.25,-16.51415
2800332187.5,-16.51636
2800332343.75,-16.518
2800332500.0,-16.51776
2800332656.25,-16.52139
2800332812.5,-16.52308
2800332968.75,-16.5243
2800333125.0,-16.52896
2800333281.25,-16.52908
2800333437.5,-16.53073
2800333593.75,-16.53277
2800333750.0,-16.53578
2800333906.25,-16.53816
2800334062.5,-16.53932
2800334218.75,-16.54156
2800334375.0,-16.54383
2800334531.25,-16.54497
2800334687.5,-16.54598
2800334843.75,-16.55104
2800335000.0,-16.5515
2800335156.25,-16.55206
2800335312.5,-16.55475
2800335468.75,-16.55635
2800335625.0,-16.5599
2800335781.25,-16.56131
2800335937.5,-16.56401
2800336093.75,-16.56609
2800336250.0,-16.5665
2800336406.25,-16.5701
2800336562.5,-16.5725
2800336718.75,-16.57301
2800336875.0,-16.5768
2800337031.25,-16.57694
2800337187.5,-16.57923
2800337343.75,-16.58123
2800337500.0,-16.58252
2800337656.25,-16.58463
2800337812.5,-16.58602
2800337968.75,-16.59115
2800338125.0,-16.5921
2800338281.25,-16.59419
2800338437.5,-16.59657
2800338593.75,-16.5982
2800338750.0,-16.59962
2800338906.25,-16.60335
2800339062.5,-16.60397
2800339218.75,-16.60424
2800339375.0,-16.60717
2800339531.25,-16.61017
2800339687.5,-16.61169
2800339843.75,-16.61322
2800340000.0,-16.61615
2800340156.25,-16.61822
2800340312.5,-16.61846
2800340468.75,-16.62161
2800340625.0,-16.6228
2800340781.25,-16.62471
2800340937.5,-16.62838
2800341093.75,-16.62995
2800341250.0,-16.63126
2800341406.25,-16.63284
2800341562.5,-16.63519
2800341718.75,-16.63749
2800341875.0,-16.6398
2800342031.25,-16.64124
2800342187.5,-16.64316
2800342343.75,-16.64654
2800342500.0,-16.64795
2800342656.25,-16.649
2800342812.5,-16.65054
2800342968.75,-16.65283
2800343125.0,-16.65481
2800343281.25,-16.65731
2800343437.5,-16.65853
2800343593.75,-16.66096
2800343750.0,-16.66226
2800343906.25,-16.66613
2800344062.5,-16.66824
2800344218.75,-16.66949
2800344375.0,-16.67114
2800344531.25,-16.67331
2800344687.5,-16.67604
2800344843.75,-16.67792
2800345000.0,-16.67971
2800345156.25,-16.68063
2800345312.5,-16.6827
2800345468.75,-16.6863
2800345625.0,-16.68677
2800345781.25,-16.68919
2800345937.5,-16.69068
2800346093.75,-16.69161
2800346250.0,-16.69556
2800346406.25,-16.6977
2800346562.5,-16.70028
2800346718.75,-16.70003
2800346875.0,-16.70334
2800347031.25,-16.70554
2800347187.5,-16.70671
2800347343.75,-16.70938
2800347500.0,-16.7108
2800347656.25,-16.71348
2800347812.5,-16.71617
2800347968.75,-16.71612
2800348125.0,-16.71734
2800348281.25,-16.72059
2800348437.5,-16.72393
2800348593.75,-16.72513
2800348750.0,-16.72693
2800348906.25,-16.72767
2800349062.5,-16.73168
2800349218.75,-16.73266
2800349375.0,-16.7338
2800349531.25,-16.73591
2800349687.5,-16.73905
2800349843.75,-16.74019
2800350000.0,-16.74165
2800350156.25,-16.74412
2800350312.5,-16.74696
2800350468.75,-16.74747
2800350625.0,-16.74996
2800350781.25,-16.75176
2800350937.5,-16.75604
2800351093.75,-16.75751
2800351250.0,-16.75878
2800351406.25,-16.75999
2800351562.5,-16.76269
2800351718.75,-16.76355
2800351875.0,-16.76665
2800352031.25,-16.76758
2800352187.5,-16.7706
2800352343.75,-16.77201
2800352500.0,-16.77348
2800352656.25,-16.77459
2800352812.5,-16.77776
2800352968.75,-16.78119
2800353125.0,-16.78244
2800353281.25,-16.78345
2800353437.5,-16.78528
2800353593.75,-16.78841
2800353750.0,-16.78979
2800353906.25,-16.79186
2800354062.5,-16.79215
2800354218.75,-16.79563
2800354375.0,-16.79795
2800354531.25,-16.80003
2800354687.5,-16.80218
2800354843.75,-16.80356
2800355000.0,-16.80486
2800355156.25,-16.8076
2800355312.5,-16.80924
2800355468.75,-16.81204
2800355625.0,-16.81184
2800355781.25,-16.81786
2800355937.5,-16.81761
2800356093.75,-16.8195
2800356250.0,-16.82155
2800356406.25,-16.82347
2800356562.5,-16.82365
2800356718.75,-16.8266
2800356875.0,-16.82828
2800357031.25,-16.83196
2800357187.5,-16.83396
2800357343.75,-16.83403
2800357500.0,-16.83648
2800357656.25,-16.83855
2800357812.5,-16.83956
2800357968.75,-16.8438
2800358125.0,-16.84457
2800358281.25,-16.84695
2800358437.5,-16.84863
2800358593.75,-16.85083
2800358750.0,-16.85365
2800358906.25,-16.85425
2800359062.5,-16.85596
2800359218.75,-16.85887
2800359375.0,-16.86073
2800359531.25,-16.86239
2800359687.5,-16.86307
2800359843.75,-16.86633
2800360000.0,-16.8679
2800360156.25,-16.86976
2800360312.5,-16.87184
2800360468.75,-16.87365
2800360625.0,-16.87572
2800360781.25,-16.87784
2800360937.5,-16.87961
2800361093.75,-16.88066
2800361250.0,-16.8846
2800361406.25,-16.88542
2800361562.5,-16.88708
2800361718.75,-16.88867
2800361875.0,-16.89116
2800362031.25,-16.89366
2800362187.5,-16.89558
2800362343.75,-16.898
2800362500.0,-16.89889
2800362656.25,-16.90052
2800362812.5,-16.90338
2800362968.75,-16.90505
2800363125.0,-16.90734
2800363281.25,-16.9078
2800363437.5,-16.91036
2800363593.75,-16.91298
2800363750.0,-16.9139
2800363906.25,-16.91645
2800364062.5,-16.91778
2800364218.75,-16.9207
2800364375.0,-16.92241
2800364531.25,-16.92444
2800364687.5,-16.92553
2800364843.75,-16.92822
2800365000.0,-16.9294
2800365156.25,-16.93123
2800365312.5,-16.93343
2800365468.75,-16.93714
2800365625.0,-16.93706
2800365781.25,-16.93912
2800365937.5,-16.9414
2800366093.75,-16.94287
2800366250.0,-16.94588
2800366406.25,-16.94812
2800366562.5,-16.95113
2800366718.75,-16.95327
2800366875.0,-16.95124
2800367031.25,-16.95564
2800367187.5,-16.95709
2800367343.75,-16.96078
2800367500.0,-16.96094
2800367656.25,-16.96356
2800367812.5,-16.96411
2800367968.75,-16.96657
2800368125.0,-16.96827
2800368281.25,-16.97195
2800368437.5,-16.9745
2800368593.75,-16.9749
2800368750.0,-16.97618
2800368906.25,-16.97804
2800369062.5,-16.98121
2800369218.75,-16.98275
2800369375.0,-16.98467
2800369531.25,-16.98599
2800369687.5,-16.99017
2800369843.75,-16.99028
2800370000.0,-16.99158
2800370156.25,-16.99346
2800370312.5,-16.99461
2800370468.75,-16.99838
2800370625.0,-17.0002
2800370781.25,-17.00173
2800370937.5,-17.00312
2800371093.75,-17.00426
2800371250.0,-17.00865
2800371406.25,-17.00816
2800371562.5,-17.01115
2800371718.75,-17.01348
2800371875.0,-17.01512
2800372031.25,-17.0167
2800372187.5,-17.01936
2800372343.75,-17.02088
2800372500.0,-17.02315
2800372656.25,-17.02387
2800372812.5,-17.02716
2800372968.75,-17.02818
2800373125.0,-17.02936
2800373281.25,-17.03091
2800373437.5,-17.03389
2800373593.75,-17.037
2800373750.0,-17.03889
2800373906.25,-17.03954
2800374062.5,-17.04085
2800374218.75,-17.04336
2800374375.0,-17.04696
2800374531.25,-17.04837
2800374687.5,-17.04953
2800374843.75,-17.05147
2800375000.0,-17.05488
2800375156.25,-17.0562
2800375312.5,-17.0587
2800375468.75,-17.06095
2800375625.0,-17.06081
2800375781.25,-17.0631
2800375937.5,-17.06651
2800376093.75,-17.06674
2800376250.0,-17.06752
2800376406.25,-17.06985
2800376562.5,-17.07292
2800376718.75,-17.07352
2800376875.0,-17.07556
2800377031.25,-17.07761
2800377187.5,-17.07972
2800377343.75,-17.083
2800377500.0,-17.08539
2800377656.25,-17.08635
2800377812.5,-17.08703
2800377968.75,-17.09022
2800378125.0,-17.09146
2800378281.25,-17.09331
2800378437.5,-17.09554
2800378593.75,-17.09591
2800378750.0,-17.10091
2800378906.25,-17.10045
2800379062.5,-17.10401
2800379218.75,-17.10439
2800379375.0,-17.10824
2800379531.25,-17.10846
2800379687.5,-17.11046
2800379843.75,-17.11324
2800380000.0,-17.11314
2800380156.25,-17.11649
2800380312.5,-17.11794
2800380468.75,-17.11899
2800380625.0,-17.12055
2800380781.25,-17.1252
2800380937.5,-17.12446
2800381093.75,-17.12664
2800381250.0,-17.12898
2800381406.25,-17.1327
2800381562.5,-17.13371
2800381718.75,-17.13599
2800381875.0,-17.13773
2800382031.25,-17.13837
2800382187.5,-17.14112
2800382343.75,-17.14191
2800382500.0,-17.14582
2800382656.25,-17.14469
2800382812.5,-17.14817
2800382968.75,-17.15172
2800383125.0,-17.15396
2800383281.25,-17.15434
2800383437.5,-17.1575
2800383593.75,-17.15824
2800383750.0,-17.1591
2800383906.25,-17.16223
2800384062.5,-17.16243
2800384218.75,-17.16489
2800384375.0,-17.16756
2800384531.25,-17.16974
2800384687.5,-17.17073
2800384843.75,-17.17275
2800385000.0,-17.17447
2800385156.25,-17.17674
2800385312.5,-17.1785
2800385468.75,-17.17932
2800385625.0,-17.18383
2800385781.25,-17.18396
2800385937.5,-17.18561
2800386093.75,-17.18831
2800386250.0,-17.19
2800386406.25,-17.19277
2800386562.5,-17.19422
2800386718.75,-17.19717
2800386875.0,-17.19705
2800387031.25,-17.20039
2800387187.5,-17.20121
2800387343.75,-17.20186
2800387500.0,-17.20388
2800387656.25,-17.20553
2800387812.5,-17.20931
2800387968.75,-17.21039
2800388125.0,-17.21252
2800388281.25,-17.2149
2800388437.5,-17.21647
2800388593.75,-17.21915
2800388750.0,-17.22071
2800388906.25,-17.22276
2800389062.5,-17.22261
2800389218.75,-17.22728
2800389375.0,-17.22691
2800389531.25,-17.22962
2800389687.5,-17.23015
2800389843.75,-17.23268
2800390000.0,-17.23478
2800390156.25,-17.23597
2800390312.5,-17.23735
2800390468.75,-17.24078
2800390625.0,-17.24229
2800390781.25,-17.24418
2800390937.5,-17.24747
2800391093.75,-17.2498
2800391250.0,-17.25045
2800391406.25,-17.25162
2800391562.5,-17.25488
2800391718.75,-17.25715
2800391875.0,-17.25883
2800392031.25,-17.26021
2800392187.5,-17.26128
2800392343.75,-17.26425
2800392500.0,-17.26496
2800392656.25,-17.26731
2800392812.5,-17.26815
2800392968.75,-17.27126
2800393125.0,-17.27307
2800393281.25,-17.27491
2800393437.5,-17.27668
2800393593.75,-17.27977
2800393750.0,-17.2814
2800393906.25,-17.28235
2800394062.5,-17.28407
2800394218.75,-17.28508
2800394375.0,-17.28864
2800394531.25,-17.28909
2800394687.5,-17.29127
2800394843.75,-17.29326
2800395000.0,-17.29367
2800395156.25,-17.29751
2800395312.5,-17.30088
2800395468.75,-17.30122
2800395625.0,-17.30393
2800395781.25,-17.30581
2800395937.5,-17.30715
2800396093.75,-17.30828
2800396250.0,-17.30959
2800396406.25,-17.31256
2800396562.5,-17.3135
2800396718.75,-17.31617
2800396875.0,-17.31792
2800397031.25,-17.31932
2800397187.5,-17.32146
2800397343.75,-17.32306
2800397500.0,-17.3251
2800397656.25,-17.32637
2800397812.5,-17.32797
2800397968.75,-17.33079
2800398125.0,-17.33419
2800398281.25,-17.33565
2800398437.5,-17.33568
2800398593.75,-17.33775
2800398750.0,-17.34004
2800398906.25,-17.34229
2800399062.5,-17.34586
2800399218.75,-17.34606
2800399375.0,-17.34825
2800399531.25,-17.34865
2800399687.5,-17.35034
2800399843.75,-17.35397
2800400000.0,-17.3552
2800400156.25,-17.3568
2800400312.5,-17.35814
2800400468.75,-17.36018
2800400625.0,-17.36285
2800400781.25,-17.36409
2800400937.5,-17.36669
2800401093.75,-17.36744
2800401250.0,-17.37007
2800401406.25,-17.37206
2800401562.5,-17.37478
2800401718.75,-17.37719
2800401875.0,-17.37817
2800402031.25,-17.37997
2800402187.5,-17.38168
2800402343.75,-17.38221
2800402500.0,-17.38371
2800402656.25,-17.38525
2800402812.5,-17.38674
2800402968.75,-17.39004
2800403125.0,-17.39334
2800403281.25,-17.39456
2800403437.5,-17.39712
2800403593.75,-17.39774
2800403750.0,-17.39988
2800403906.25,-17.40226
2800404062.5,-17.4021
2800404218.75,-17.40636
2800404375.0,-17.40751
2800404531.25,-17.40989
2800404687.5,-17.41029
2800404843.75,-17.41323
2800405000.0,-17.41308
2800405156.25,-17.416
2800405312.5,-17.41923
2800405468.75,-17.4205
2800405625.0,-17.42097
2800405781.25,-17.42441
2800405937.5,-17.42506
2800406093.75,-17.42693
2800406250.0,-17.42931
2800406406.25,-17.43041
2800406562.5,-17.43206
2800406718.75,-17.4339
2800406875.0,-17.43592
2800407031.25,-17.43657
2800407187.5,-17.44038
2800407343.75,-17.4423
2800407500.0,-17.44416
2800407656.25,-17.44488
2800407812.5,-17.44737
2800407968.75,-17.44919
2800408125.0,-17.45098
2800408281.25,-17.45274
2800408437.5,-17.45491
2800408593.75,-17.45726
2800408750.0,-17.45904
2800408906.25,-17.46246
2800409062.5,-17.46267
2800409218.75,-17.46392
2800409375.0,-17.46626
2800409531.25,-17.46734
2800409687.5,-17.46867
2800409843.75,-17.4724
2800410000.0,-17.47295
2800410156.25,-17.47473
2800410312.5,-17.4765
2800410468.75,-17.47774
2800410625.0,-17.48119
2800410781.25,-17.48049
2800410937.5,-17.48499
2800411093.75,-17.48522
2800411250.0,-17.48667
2800411406.25,-17.48945
2800411562.5,-17.491
2800411718.75,-17.49198
2800411875.0,-17.49482
2800412031.25,-17.49819
2800412187.5,-17.49918
2800412343.75,-17.50014
2800412500.0,-17.50259
2800412656.25,-17.50373
2800412812.5,-17.50548
2800412968.75,-17.50723
2800413125.0,-17.51038
2800413281.25,-17.51176
2800413437.5,-17.51244
2800413593.75,-17.51545
2800413750.0,-17.51755
2800413906.25,-17.51973
2800414062.5,-17.52225
2800414218.75,-17.52051
2800414375.0,-17.5247
2800414531.25,-17.52615
2800414687.5,-17.52904
2800414843.75,-17.53019
2800415000.0,-17.53247
2800415156.25,-17.53179
2800415312.5,-17.53396
2800415468.75,-17.53727
2800415625.0,-17.53834
2800415781.25,-17.53919
2800415937.5,-17.54141
2800416093.75,-17.54463
2800416250.0,-17.54634
2800416406.25,-17.54792
2800416562.5,-17.55024
2800416718.75,-17.55103
2800416875.0,-17.55364
2800417031.25,-17.5552
2800417187.5,-17.5575
2800417343.75,-17.55964
2800417500.0,-17.56048
2800417656.25,-17.56476
2800417812.5,-17.56412
2800417968.75,-17.56575
2800418125.0,-17.56847
2800418281.25,-17.5692
2800418437.5,-17.57114
2800418593.75,-17.57412
2800418750.0,-17.57596
2800418906.25,-17.57749
2800419062.5,-17.57906
2800419218.75,-17.58033
2800419375.0,-17.58224
2800419531.25,-17.58465
2800419687.5,-17.58656
2800419843.75,-17.58931
2800420000.0,-17.58947
2800420156.25,-17.59275
2800420312.5,-17.59209
2800420468.75,-17.59491
2800420625.0,-17.59748
2800420781.25,-17.59927
2800420937.5,-17.60037
2800421093.75,-17.60268
2800421250.0,-17.6046
2800421406.25,-17.60811
2800421562.5,-17.60767
2800421718.75,-17.60914
2800421875.0,-17.61322
2800422031.25,-17.61365
2800422187.5,-17.61449
2800422343.75,-17.61764
2800422500.0,-17.61926
2800422656.25,-17.62162
2800422812.5,-17.623
2800422968.75,-17.62482
2800423125.0,-17.62737
2800423281.25,-17.62758
2800423437.5,-17.62859
2800423593.75,-17.63139
2800423750.0,-17.63323
2800423906.25,-17.63524
2800424062.5,-17.63702
2800424218.75,-17.64061
2800424375.0,-17.64135
2800424531.25,-17.64187
2800424687.5,-17.64327
2800424843.75,-17.64573
2800425000.0,-17.64847
2800425156.25,-17.64905
2800425312.5,-17.65157
2800425468.75,-17.6539
2800425625.0,-17.65581
2800425781.25,-17.65765
2800425937.5,-17.65784
2800426093.75,-17.65981
2800426250.0,-17.66324
2800426406.25,-17.66443
2800426562.5,-17.66592
2800426718.75,-17.66813
2800426875.0,-17.6685
2800427031.25,-17.66943
2800427187.5,-17.67179
2800427343.75,-17.67527
2800427500.0,-17.6751
2800427656.25,-17.67741
2800427812.5,-17.68024
2800427968.75,-17.68226
2800428125.0,-17.68339
2800428281.25,-17.68535
2800428437.5,-17.68882
2800428593.75,-17.68931
2800428750.0,-17.69145
2800428906.25,-17.69165
2800429062.5,-17.69371
2800429218.75,-17.69693
2800429375.0,-17.69825
2800429531.25,-17.70042
2800429687.5,-17.70081
2800429843.75,-17.70259
2800430000.0,-17.7056
2800430156.25,-17.70696
2800430312.5,-17.70821
2800430468.75,-17.71117
2800430625.0,-17.7136
2800430781.25,-17.71377
2800430937.5,-17.71637
2800431093.75,-17.7182
2800431250.0,-17.71984
2800431406.25,-17.72239
2800431562.5,-17.72256
2800431718.75,-17.72613
2800431875.0,-17.72421
2800432031.25,-17.72919
2800432187.5,-17.72983
2800432343.75,-17.73204
2800432500.0,-17.73364
2800432656.25,-17.73594
2800432812.5,-17.73696
2800432968.75,-17.7396
2800433125.0,-17.74133
2800433281.25,-17.74325
2800433437.5,-17.74504
2800433593.75,-17.74682
2800433750.0,-17.74913
2800433906.25,-17.75008
2800434062.5,-17.7513
2800434218.75,-17.75357
2800434375.0,-17.75525
2800434531.25,-17.75759
2800434687.5,-17.75943
2800434843.75,-17.76158
2800435000.0,-17.76415
2800435156.25,-17.76397
2800435312.5,-17.76574
2800435468.75,-17.76885
2800435625.0,-17.76994
2800435781.25,-17.77122
2800435937.5,-17.77331
2800436093.75,-17.77504
2800436250.0,-17.77745
2800436406.25,-17.77876
2800436562.5,-17.78048
2800436718.75,-17.7825
2800436875.0,-17.78421
2800437031.25,-17.78759
2800437187.5,-17.78745
2800437343.75,-17.78898
2800437500.0,-17.79041
2800437656.25,-17.79288
2800437812.5,-17.79426
2800437968.75,-17.79418
2800438125.0,-17.7972
2800438281.25,-17.80083
2800438437.5,-17.80254
2800438593.75,-17.8026
2800438750.0,-17.80599
2800438906.25,-17.80767
2800439062.5,-17.80814
2800439218.75,-17.81057
2800439375.0,-17.81269
2800439531.25,-17.81452
2800439687.5,-17.81501
2800439843.75,-17.81666
2800440000.0,-17.81931
2800440156.25,-17.82091
2800440312.5,-17.824
2800440468.75,-17.82758
2800440625.0,-17.82427
2800440781.25,-17.82921
2800440937.5,-17.83084
2800441093.75,-17.8325
2800441250.0,-17.83485
2800441406.25,-17.83377
2800441562.5,-17.83618
2800441718.75,-17.83876
2800441875.0,-17.84241
2800442031.25,-17.84352
2800442187.5,-17.84521
2800442343.75,-17.84594
2800442500.0,-17.84892
2800442656.25,-17.85009
2800442812.5,-17.85214
2800442968.75,-17.85458
2800443125.0,-17.85431
2800443281.25,-17.85761
2800443437.5,-17.85868
2800443593.75,-17.86053
2800443750.0,-17.86189
2800443906.25,-17.86411
2800444062.5,-17.86541
2800444218.75,-17.86737
2800444375.0,-17.86968
2800444531.25,-17.87222
2800444687.5,-17.87171
2800444843.75,-17.8742
2800445000.0,-17.87545
2800445156.25,-17.87657
2800445312.5,-17.87996
2800445468.75,-17.88214
2800445625.0,-17.88233
2800445781.25,-17.88523
2800445937.5,-17.88624
2800446093.75,-17.88917
2800446250.0,-17.89043
2800446406.25,-17.89382
2800446562.5,-17.89456
2800446718.75,-17.89549
2800446875.0,-17.89806
2800447031.25,-17.90022
2800447187.5,-17.90063
2800447343.75,-17.90215
2800447500.0,-17.9052
2800447656.25,-17.90694
2800447812.5,-17.90938
2800447968.75,-17.90966
2800448125.0,-17.91242
2800448281.25,-17.91273
2800448437.5,-17.91493
2800448593.75,-17.91858
2800448750.0,-17.91835
2800448906.25,-17.92124
2800449062.5,-17.92284
2800449218.75,-17.92313
2800449375.0,-17.9257
2800449531.25,-17.92603
2800449687.5,-17.92828
2800449843.75,-17.93032
2800450000.0,-17.93209
2800450156.25,-17.93431
2800450312.5,-17.93574
2800450468.75,-17.93854
2800450625.0,-17.93913
2800450781.25,-17.94193
2800450937.5,-17.94281
2800451093.75,-17.94439
2800451250.0,-17.94781
2800451406.25,-17.94881
2800451562.5,-17.94955
2800451718.75,-17.9507
2800451875.0,-17.95341
2800452031.25,-17.95559
2800452187.5,-17.95708
2800452343.75,-17.95813
2800452500.0,-17.96076
2800452656.25,-17.96257
2800452812.5,-17.96312
2800452968.75,-17.96619
2800453125.0,-17.96802
2800453281.25,-17.96898
2800453437.5,-17.97211
2800453593.75,-17.9719
2800453750.0,-17.97377
2800453906.25,-17.9758
2800454062.5,-17.97889
2800454218.75,-17.97913
2800454375.0,-17.98008
2800454531.25,-17.98295
2800454687.5,-17.98463
2800454843.75,-17.98749
2800455000.0,-17.98827
2800455156.25,-17.99008
2800455312.5,-17.99259
2800455468.75,-17.99334
2800455625.0,-17.99453
2800455781.25,-17.99706
2800455937.5,-17.99976
2800456093.75,-18.00001
2800456250.0,-18.00244
2800456406.25,-18.00495
2800456562.5,-18.00503
2800456718.75,-18.00908
2800456875.0,-18.00902
2800457031.25,-18.01087
2800457187.5,-18.01258
2800457343.75,-18.01567
2800457500.0,-18.01686
2800457656.25,-18.01805
2800457812.5,-18.02008
2800457968.75,-18.02095
2800458125.0,-18.02289
2800458281.25,-18.02585
2800458437.5,-18.02795
2800458593.75,-18.02814
2800458750.0,-18.02962
2800458906.25,-18.03091
2800459062.5,-18.03398
2800459218.75,-18.03611
2800459375.0,-18.03703
2800459531.25,-18.03802
2800459687.5,-18.04028
2800459843.75,-18.04102
2800460000.0,-18.0443
2800460156.25,-18.04578
2800460312.5,-18.04666
2800460468.75,-18.04872
2800460625.0,-18.04954
2800460781.25,-18.05224
2800460937.5,-18.05442
2800461093.75,-18.05501
2800461250.0,-18.05816
2800461406.25,-18.05988
2800461562.5,-18.06079
2800461718.75,-18.06467
2800461875.0,-18.06412
2800462031.25,-18.06617
2800462187.5,-18.06722
2800462343.75,-18.07063
2800462500.0,-18.0719
2800462656.25,-18.07214
2800462812.5,-18.07516
2800462968.75,-18.07707
2800463125.0,-18.08018
2800463281.25,-18.08065
2800463437.5,-18.08183
2800463593.75,-18.08345
2800463750.0,-18.0856
2800463906.25,-18.08673
2800464062.5,-18.09012
2800464218.75,-18.09108
2800464375.0,-18.0912
2800464531.25,-18.09184
2800464687.5,-18.09455
2800464843.75,-18.09785
2800465000.0,-18.09911
2800465156.25,-18.0993
2800465312.5,-18.10367
2800465468.75,-18.10546
2800465625.0,-18.10493
2800465781.25,-18.10818
2800465937.5,-18.10964
2800466093.75,-18.11092
2800466250.0,-18.11396
2800466406.25,-18.1133
2800466562.5,-18.11643
2800466718.75,-18.11889
2800466875.0,-18.12084
2800467031.25,-18.12164
2800467187.5,-18.12426
2800467343.75,-18.12466
2800467500.0,-18.12601
2800467656.25,-18.12678
2800467812.5,-18.12971
2800467968.75,-18.13323
2800468125.0,-18.1343
2800468281.25,-18.13483
2800468437.5,-18.13623
2800468593.75,-18.13877
2800468750.0,-18.1414
2800468906.25,-18.141
2800469062.5,-18.14478
2800469218.75,-18.14509
2800469375.0,-18.14818
2800469531.25,-18.14788
2800469687.5,-18.1511
2800469843.75,-18.1522
2800470000.0,-18.15422
2800470156.25,-18.15647
2800470312.5,-18.15585
2800470468.75,-18.15915
2800470625.0,-18.16255
2800470781.25,-18.16179
2800470937.5,-18.16266
2800471093.75,-18.16503
2800471250.0,-18.16847
2800471406.25,-18.16865
2800471562.5,-18.17161
2800471718.75,-18.17382
2800471875.0,-18.17366
2800472031.25,-18.17607
2800472187.5,-18.1786
2800472343.75,-18.18009
2800472500.0,-18.18059
2800472656.25,-18.18242
2800472812.5,-18.18436
2800472968.75,-18.18679
2800473125.0,-18.18687
2800473281.25,-18.19139
2800473437.5,-18.19177
2800473593.75,-18.19259
2800473750.0,-18.19399
2800473906.25,-18.19624
2800474062.5,-18.19733
2800474218.75,-18.19979
2800474375.0,-18.20172
2800474531.25,-18.2028
2800474687.5,-18.20562
2800474843.75,-18.20661
2800475000.0,-18.20872
2800475156.25,-18.20948
2800475312.5,-18.21257
2800475468.75,-18.2132
2800475625.0,-18.21478
2800475781.25,-18.2156
2800475937.5,-18.21934
2800476093.75,-18.22074
2800476250.0,-18.2228
2800476406.25,-18.22432
2800476562.5,-18.2241
2800476718.75,-18.22659
2800476875.0,-18.22983
2800477031.25,-18.23121
2800477187.5,-18.23375
2800477343.75,-18.23314
2800477500.0,-18.23552
2800477656.25,-18.23691
2800477812.5,-18.23916
2800477968.75,-18.24238
2800478125.0,-18.24281
2800478281.25,-18.24568
2800478437.5,-18.24501
2800478593.75,-18.24869
2800478750.0,-18.25111
2800478906.25,-18.25083
2800479062.5,-18.2529
2800479218.75,-18.25623
2800479375.0,-18.25727
2800479531.25,-18.25774
2800479687.5,-18.26006
2800479843.75,-18.26113
2800480000.0,-18.26187
2800480156.25,-18.26479
2800480312.5,-18.26682
2800480468.75,-18.26802
2800480625.0,-18.26918
2800480781.25,-18.27109
2800480937.5,-18.27448
2800481093.75,-18.27452
2800481250.0,-18.27694
2800481406.25,-18.27879
2800481562.5,-18.27932
2800481718.75,-18.283
2800481875.0,-18.28592
2800482031.25,-18.28515
2800482187.5,-18.28767
2800482343.75,-18.28901
2800482500.0,-18.28934
2800482656.25,-18.29286
2800482812.5,-18.29326
2800482968.75,-18.2956
2800483125.0,-18.29639
2800483281.25,-18.29817
2800483437.5,-18.29961
2800483593.75,-18.30149
2800483750.0,-18.30391
2800483906.25,-18.30535
2800484062.5,-18.30749
2800484218.75,-18.30781
2800484375.0,-18.31083
2800484531.25,-18.31433
2800484687.5,-18.314
2800484843.75,-18.31534
2800485000.0,-18.31714
2800485156.25,-18.31983
2800485312.5,-18.32229
2800485468.75,-18.32509
2800485625.0,-18.32371
2800485781.25,-18.32636
2800485937.5,-18.32772
2800486093.75,-18.33032
2800486250.0,-18.3314
2800486406.25,-18.33336
2800486562.5,-18.33359
2800486718.75,-18.33534
2800486875.0,-18.33666
2800487031.25,-18.33855
2800487187.5,-18.34135
2800487343.75,-18.34209
2800487500.0,-18.34445
2800487656.25,-18.34648
2800487812.5,-18.34801
2800487968.75,-18.34941
2800488125.0,-18.35105
2800488281.25,-18.35238
2800488437.5,-18.35307
2800488593.75,-18.35712
2800488750.0,-18.35839
2800488906.25,-18.35962
2800489062.5,-18.36135
2800489218.75,-18.36265
2800489375.0,-18.36375
2800489531.25,-18.36572
2800489687.5,-18.36822
2800489843.75,-18.36901
2800490000.0,-18.37188
2800490156.25,-18.37387
2800490312.5,-18.37511
2800490468.75,-18.37529
2800490625.0,-18.37706
2800490781.25,-18.38046
2800490937.5,-18.37997
2800491093.75,-18.38207
2800491250.0,-18.38613
2800491406.25,-18.38671
2800491562.5,-18.38696
2800491718.75,-18.38954
2800491875.0,-18.39072
2800492031.25,-18.39269
2800492187.5,-18.39396
2800492343.75,-18.39592
2800492500.0,-18.3978
2800492656.25,-18.39971
2800492812.5,-18.40184
2800492968.75,-18.40285
2800493125.0,-18.405
2800493281.25,-18.40532
2800493437.5,-18.40763
2800493593.75,-18.40863
2800493750.0,-18.41232
2800493906.25,-18.41282
2800494062.5,-18.41423
2800494218.75,-18.41725
2800494375.0,-18.41724
2800494531.25,-18.41932
2800494687.5,-18.4226
2800494843.75,-18.4242
2800495000.0,-18.42624
2800495156.25,-18.4271
2800495312.5,-18.42814
2800495468.75,-18.43122
2800495625.0,-18.43002
2800495781.25,-18.43305
2800495937.5,-18.43385
2800496093.75,-18.43655
2800496250.0,-18.43946
2800496406.25,-18.43972
2800496562.5,-18.44098
2800496718.75,-18.44399
2800496875.0,-18.44441
2800497031.25,-18.4457
2800497187.5,-18.44667
2800497343.75,-18.45086
2800497500.0,-18.45056
2800497656.25,-18.4531
2800497812.5,-18.45547
2800497968.75,-18.45783
2800498125.0,-18.45729
2800498281.25,-18.45952
2800498437.5,-18.46164
2800498593.75,-18.46275
2800498750.0,-18.46361
2800498906.25,-18.46528
2800499062.5,-18.46774
2800499218.75,-18.47191
2800499375.0,-18.47034
2800499531.25,-18.47255
2800499687.5,-18.47327
2800499843.75,-18.47688
2800500000.0,-18.47772
2800500156.25,-18.47916
2800500312.5,-18.48161
2800500468.75,-18.48257
2800500625.0,-18.48481
2800500781.25,-18.48559
2800500937.5,-18.4883
2800501093.75,-18.48869
2800501250.0,-18.49143
2800501406.25,-18.49372
2800501562.5,-18.49588
2800501718.75,-18.49668
2800501875.0,-18.49749
2800502031.25,-18.49942
2800502187.5,-18.50117
2800502343.75,-18.50271
2800502500.0,-18.5049
2800502656.25,-18.50514
2800502812.5,-18.50799
2800502968.75,-18.51022
2800503125.0,-18.51163
2800503281.25,-18.51192
2800503437.5,-18.51487
2800503593.75,-18.51512
2800503750.0,-18.51711
2800503906.25,-18.52064
2800504062.5,-18.52016
2800504218.75,-18.52369
2800504375.0,-18.52435
2800504531.25,-18.52567
2800504687.5,-18.52743
2800504843.75,-18.52886
2800505000.0,-18.53063
2800505156.25,-18.5326
2800505312.5,-18.5339
2800505468.75,-18.53398
2800505625.0,-18.5369
2800505781.25,-18.53848
2800505937.5,-18.54138
2800506093.75,-18.54381
2800506250.0,-18.54309
2800506406.25,-18.54635
2800506562.5,-18.54604
2800506718.75,-18.5468
2800506875.0,-18.55195
2800507031.25,-18.55168
2800507187.5,-18.555
2800507343.75,-18.55658
2800507500.0,-18.5559
2800507656.25,-18.55624
2800507812.5,-18.56012
2800507968.75,-18.56133
2800508125.0,-18.56245
2800508281.25,-18.56439
2800508437.5,-18.56605
2800508593.75,-18.56763
2800508750.0,-18.56993
2800508906.25,-18.57214
2800509062.5,-18.57159
2800509218.75,-18.57575
2800509375.0,-18.57659
2800509531.25,-18.57808
2800509687.5,-18.57859
2800509843.75,-18.58243
2800510000.0,-18.58336
2800510156.25,-18.58465
2800510312.5,-18.58653
2800510468.75,-18.58875
2800510625.0,-18.58879
2800510781.25,-18.5906
2800510937.5,-18.59328
2800511093.75,-18.59535
2800511250.0,-18.59743
2800511406.25,-18.5973
2800511562.5,-18.59803
2800511718.75,-18.60115
2800511875.0,-18.60255
2800512031.25,-18.60419
2800512187.5,-18.60696
2800512343.75,-18.60861
2800512500.0,-18.60901
2800512656.25,-18.6118
2800512812.5,-18.6132
2800512968.75,-18.6153
2800513125.0,-18.61554
2800513281.25,-18.61755
2800513437.5,-18.61906
2800513593.75,-18.62173
2800513750.0,-18.62249
2800513906.25,-18.62538
2800514062.5,-18.62416
2800514218.75,-18.6267
2800514375.0,-18.62934
2800514531.25,-18.63059
2800514687.5,-18.63206
2800514843.75,-18.63427
2800515000.0,-18.63502
2800515156.25,-18.63629
2800515312.5,-18.63773
2800515468.75,-18.64034
2800515625.0,-18.64357
2800515781.25,-18.64367
2800515937.5,-18.64557
2800516093.75,-18.64583
2800516250.0,-18.64767
2800516406.25,-18.64935
2800516562.5,-18.65254
2800516718.75,-18.65217
2800516875.0,-18.65593
2800517031.25,-18.65647
2800517187.5,-18.65891
2800517343.75,-18.65813
2800517500.0,-18.66205
2800517656.25,-18.66336
2800517812.5,-18.6638
2800517968.75,-18.6669
2800518125.0,-18.66755
2800518281.25,-18.67004
2800518437.5,-18.67295
2800518593.75,-18.67244
2800518750.0,-18.67431
2800518906.25,-18.676
2800519062.5,-18.67786
2800519218.75,-18.67937
2800519375.0,-18.67941
2800519531.25,-18.68462
2800519687.5,-18.6843
2800519843.75,-18.68632
2800520000.0,-18.68785
2800520156.25,-18.69092
2800520312.5,-18.69051
2800520468.75,-18.6932
2800520625.0,-18.69449
2800520781.25,-18.69507
2800520937.5,-18.69706
2800521093.75,-18.69995
2800521250.0,-18.70152
2800521406.25,-18.70131
2800521562.5,-18.70411
2800521718.75,-18.70411
2800521875.0,-18.70712
2800522031.25,-18.70928
2800522187.5,-18.71155
2800522343.75,-18.71302
2800522500.0,-18.71246
2800522656.25,-18.71657
2800522812.5,-18.7177
2800522968.75,-18.718
2800523125.0,-18.72021
2800523281.25,-18.72325
2800523437.5,-18.72437
2800523593.75,-18.72435
2800523750.0,-18.72881
2800523906.25,-18.72793
2800524062.5,-18.72903
2800524218.75,-18.73167
2800524375.0,-18.73298
2800524531.25,-18.73431
2800524687.5,-18.73643
2800524843.75,-18.73915
2800525000.0,-18.73934
2800525156.25,-18.74113
2800525312.5,-18.74386
2800525468.75,-18.74496
2800525625.0,-18.74559
2800525781.25,-18.74623
2800525937.5,-18.74839
2800526093.75,-18.75172
2800526250.0,-18.75328
2800526406.25,-18.75496
2800526562.5,-18.75485
2800526718.75,-18.75646
2800526875.0,-18.75896
2800527031.25,-18.76015
2800527187.5,-18.76303
2800527343.75,-18.76501
2800527500.0,-18.76434
2800527656.25,-18.76655
2800527812.5,-18.76806
2800527968.75,-18.77052
2800528125.0,-18.77114
2800528281.25,-18.77282
2800528437.5,-18.77516
2800528593.75,-18.77562
2800528750.0,-18.7781
2800528906.25,-18.78018
2800529062.5,-18.78048
2800529218.75,-18.78277
2800529375.0,-18.78405
2800529531.25,-18.78655
2800529687.5,-18.78685
2800529843.75,-18.7889
2800530000.0,-18.79085
2800530156.25,-18.79371
2800530312.5,-18.79293
2800530468.75,-18.79633
2800530625.0,-18.79729
2800530781.25,-18.79791
2800530937.5,-18.80128
2800531093.75,-18.80355
2800531250.0,-18.80287
2800531406.25,-18.80527
2800531562.5,-18.80795
2800531718.75,-18.80722
2800531875.0,-18.80897
2800532031.25,-18.8112
2800532187.5,-18.81376
2800532343.75,-18.81393
2800532500.0,-18.81405
2800532656.25,-18.81754
2800532812.5,-18.82011
2800532968.75,-18.8222
2800533125.0,-18.822
2800533281.25,-18.82566
2800533437.5,-18.82499
2800533593.75,-18.82813
2800533750.0,-18.83003
2800533906.25,-18.83135
2800534062.5,-18.83229
2800534218.75,-18.83593
2800534375.0,-18.83677
2800534531.25,-18.83669
2800534687.5,-18.83755
2800534843.75,-18.84014
2800535000.0,-18.84232
2800535156.25,-18.84459
2800535312.5,-18.84394
2800535468.75,-18.84641
2800535625.0,-18.84745
2800535781.25,-18.85032
2800535937.5,-18.85169
2800536093.75,-18.85206
2800536250.0,-18.85469
2800536406.25,-18.85592
2800536562.5,-18.85686
2800536718.75,-18.85895
2800536875.0,-18.86079
2800537031.25,-18.86349
2800537187.5,-18.86514
2800537343.75,-18.86591
2800537500.0,-18.86837
2800537656.25,-18.86955
2800537812.5,-18.8707
2800537968.75,-18.87244
2800538125.0,-18.87444
2800538281.25,-18.87514
2800538437.5,-18.87598
2800538593.75,-18.87938
2800538750.0,-18.87964
2800538906.25,-18.88029
2800539062.5,-18.88435
2800539218.75,-18.88515
2800539375.0,-18.88732
2800539531.25,-18.88763
2800539687.5,-18.89101
2800539843.75,-18.89132
2800540000.0,-18.89292
2800540156.25,-18.8935
2800540312.5,-18.89671
2800540468.75,-18.89895
2800540625.0,-18.89737
2800540781.25,-18.90041
2800540937.5,-18.90336
2800541093.75,-18.90359
2800541250.0,-18.90548
2800541406.25,-18.90808
2800541562.5,-18.90977
2800541718.75,-18.91026
2800541875.0,-18.91297
2800542031.25,-18.91406
2800542187.5,-18.91442
2800542343.75,-18.91801
2800542500.0,-18.91877
2800542656.25,-18.91964
2800542812.5,-18.92225
2800542968.75,-18.92336
2800543125.0,-18.92496
2800543281.25,-18.9268
2800543437.5,-18.92899
2800543593.75,-18.93049
2800543750.0,-18.92994
2800543906.25,-18.93129
2800544062.5,-18.93336
2800544218.75,-18.93705
2800544375.0,-18.9374
2800544531.25,-18.9399
2800544687.5,-18.94163
2800544843.75,-18.9413
2800545000.0,-18.9448
2800545156.25,-18.94524
2800545312.5,-18.94686
2800545468.75,-18.94862
2800545625.0,-18.95079
2800545781.25,-18.9522
2800545937.5,-18.95311
2800546093.75,-18.95538
2800546250.0,-18.95677
2800546406.25,-18.95749
2800546562.5,-18.95968
2800546718.75,-18.96071
2800546875.0,-18.9619
2800547031.25,-18.96384
2800547187.5,-18.96342
2800547343.75,-18.96896
2800547500.0,-18.96931
2800547656.25,-18.97107
2800547812.5,-18.97213
2800547968.75,-18.97273
2800548125.0,-18.97454
2800548281.25,-18.97642
2800548437.5,-18.9781
2800548593.75,-18.9798
2800548750.0,-18.98029
2800548906.25,-18.98354
2800549062.5,-18.98591
2800549218.75,-18.98605
2800549375.0,-18.98993
2800549531.25,-18.98845
2800549687.5,-18.9923
2800549843.75,-18.99242
2800550000.0,-18.99571
2800550156.25,-18.99667
2800550312.5,-18.99676
2800550468.75,-18.9986
2800550625.0,-19.00077
2800550781.25,-19.00095
2800550937.5,-19.0051
2800551093.75,-19.00597
2800551250.0,-19.00542
2800551406.25,-19.00913
2800551562.5,-19.009
2800551718.75,-19.00992
2800551875.0,-19.01213
2800552031.25,-19.01468
2800552187.5,-19.01717
2800552343.75,-19.01676
2800552500.0,-19.01941
2800552656.25,-19.02175
2800552812.5,-19.02305
2800552968.75,-19.02343
2800553125.0,-19.02673
2800553281.25,-19.02938
2800553437.5,-19.02853
2800553593.75,-19.03084
2800553750.0,-19.033
2800553906.25,-19.03401
2800554062.5,-19.0351
2800554218.75,-19.03763
2800554375.0,-19.03726
2800554531.25,-19.04133
2800554687.5,-19.04104
2800554843.75,-19.04033
2800555000.0,-19.04405
2800555156.25,-19.04559
2800555312.5,-19.04795
2800555468.75,-19.0494
2800555625.0,-19.05026
2800555781.25,-19.05233
2800555937.5,-19.0532
2800556093.75,-19.05603
2800556250.0,-19.05747
2800556406.25,-19.05873
2800556562.5,-19.05911
2800556718.75,-19.06247
2800556875.0,-19.06168
2800557031.25,-19.06541
2800557187.5,-19.06665
2800557343.75,-19.06749
2800557500.0,-19.0686
2800557656.25,-19.07095
2800557812.5,-19.07198
2800557968.75,-19.07237
2800558125.0,-19.07579
2800558281.25,-19.07695
2800558437.5,-19.08017
2800558593.75,-19.07873
2800558750.0,-19.08098
2800558906.25,-19.08376
2800559062.5,-19.08652
2800559218.75,-19.08533
2800559375.0,-19.08885
2800559531.25,-19.08993
2800559687.5,-19.09089
2800559843.75,-19.09333
2800560000.0,-19.0926
2800560156.25,-19.09486
2800560312.5,-19.09437
2800560468.75,-19.09912
2800560625.0,-19.09983
2800560781.25,-19.10144
2800560937.5,-19.10332
2800561093.75,-19.1057
2800561250.0,-19.10697
2800561406.25,-19.10711
2800561562.5,-19.10966
2800561718.75,-19.11053
2800561875.0,-19.11345
2800562031.25,-19.11505
2800562187.5,-19.11678
2800562343.75,-19.11983
2800562500.0,-19.11903
2800562656.25,-19.12013
2800562812.5,-19.12158
2800562968.75,-19.12381
2800563125.0,-19.12576
2800563281.25,-19.12843
2800563437.5,-19.12874
2800563593.75,-19.12884
2800563750.0,-19.13317
2800563906.25,-19.13357
2800564062.5,-19.13525
2800564218.75,-19.13641
2800564375.0,-19.13771
2800564531.25,-19.13984
2800564687.5,-19.14042
2800564843.75,-19.14285
2800565000.0,-19.14418
2800565156.25,-19.14515
2800565312.5,-19.14667
2800565468.75,-19.14657
2800565625.0,-19.15051
2800565781.25,-19.15112
2800565937.5,-19.15109
2800566093.75,-19.15476
2800566250.0,-19.15791
2800566406.25,-19.15737
2800566562.5,-19.15927
2800566718.75,-19.16228
2800566875.0,-19.16299
2800567031.25,-19.16436
2800567187.5,-19.16546
2800567343.75,-19.16831
2800567500.0,-19.1691
2800567656.25,-19.17169
2800567812.5,-19.17208
2800567968.75,-19.17306
2800568125.0,-19.17367
2800568281.25,-19.17723
2800568437.5,-19.17692
2800568593.75,-19.17848
2800568750.0,-19.17965
2800568906.25,-19.18333
2800569062.5,-19.18435
2800569218.75,-19.18517
2800569375.0,-19.18719
2800569531.25,-19.18899
2800569687.5,-19.19077
2800569843.75,-19.19114
2800570000.0,-19.19376
2800570156.25,-19.19426
2800570312.5,-19.19701
2800570468.75,-19.19586
2800570625.0,-19.20034
2800570781.25,-19.20008
2800570937.5,-19.20259
2800571093.75,-19.20354
2800571250.0,-19.20639
2800571406.25,-19.20665
2800571562.5,-19.20853
2800571718.75,-19.2098
2800571875.0,-19.21114
2800572031.25,-19.21191
2800572187.5,-19.21448
2800572343.75,-19.21539
2800572500.0,-19.21824
2800572656.25,-19.2206
2800572812.5,-19.22183
2800572968.75,-19.22055
2800573125.0,-19.22344
2800573281.25,-19.22566
2800573437.5,-19.22726
2800573593.75,-19.22805
2800573750.0,-19.23049
2800573906.25,-19.23068
2800574062.5,-19.23263
2800574218.75,-19.23522
2800574375.0,-19.23484
2800574531.25,-19.23532
2800574687.5,-19.23975
2800574843.75,-19.23955
2800575000.0,-19.24122
2800575156.25,-19.24157
2800575312.5,-19.2451
2800575468.75,-19.24596
2800575625.0,-19.24851
2800575781.25,-19.24852
2800575937.5,-19.25073
2800576093.75,-19.25225
2800576250.0,-19.2553
2800576406.25,-19.25529
2800576562.5,-19.25865
2800576718.75,-19.25887
2800576875.0,-19.26142
2800577031.25,-19.26164
2800577187.5,-19.26553
2800577343.75,-19.26489
2800577500.0,-19.26867
2800577656.25,-19.26871
2800577812.5,-19.26955
2800577968.75,-19.26961
2800578125.0,-19.27235
2800578281.25,-19.27312
2800578437.5,-19.27731
2800578593.75,-19.27679
2800578750.0,-19.2795
2800578906.25,-19.28104
2800579062.5,-19.2832
2800579218.75,-19.28329
2800579375.0,-19.28674
2800579531.25,-19.2867
2800579687.5,-19.28772
2800579843.75,-19.28882
2800580000.0,-19.29197
2800580156.25,-19.29256
2800580312.5,-19.29387
2800580468.75,-19.29535
2800580625.0,-19.29607
2800580781.25,-19.29878
2800580937.5,-19.30014
2800581093.75,-19.30208
2800581250.0,-19.30192
2800581406.25,-19.30475
2800581562.5,-19.30577
2800581718.75,-19.30616
2800581875.0,-19.30791
2800582031.25,-19.31008
2800582187.5,-19.31312
2800582343.75,-19.31397
2800582500.0,-19.31537
2800582656.25,-19.31659
2800582812.5,-19.31816
2800582968.75,-19.3189
2800583125.0,-19.32079
2800583281.25,-19.32273
2800583437.5,-19.32499
2800583593.75,-19.32644
2800583750.0,-19.32792
2800583906.25,-19.33004
2800584062.5,-19.33162
2800584218.75,-19.33345
2800584375.0,-19.3328
2800584531.25,-19.33479
2800584687.5,-19.33754
2800584843.75,-19.33876
2800585000.0,-19.33917
2800585156.25,-19.34045
2800585312.5,-19.34176
2800585468.75,-19.34477
2800585625.0,-19.34687
2800585781.25,-19.34706
2800585937.5,-19.3499
2800586093.75,-19.35012
2800586250.0,-19.35101
2800586406.25,-19.352
2800586562.5,-19.35505
2800586718.75,-19.35539
2800586875.0,-19.35824
2800587031.25,-19.35976
2800587187.5,-19.35899
2800587343.75,-19.36245
2800587500.0,-19.36357
2800587656.25,-19.36572
2800587812.5,-19.36722
2800587968.75,-19.36887
2800588125.0,-19.369
2800588281.25,-19.37188
2800588437.5,-19.37517
2800588593.75,-19.37285
2800588750.0,-19.37627
2800588906.25,-19.37721
2800589062.5,-19.37917
2800589218.75,-19.37986
2800589375.0,-19.38256
2800589531.25,-19.3832
2800589687.5,-19.38732
2800589843.75,-19.38722
2800590000.0,-19.38781
2800590156.25,-19.39022
2800590312.5,-19.39026
2800590468.75,-19.39246
2800590625.0,-19.39545
2800590781.25,-19.39696
2800590937.5,-19.39594
2800591093.75,-19.39892
2800591250.0,-19.40093
2800591406.25,-19.40078
2800591562.5,-19.40192
2800591718.75,-19.40372
2800591875.0,-19.40708
2800592031.25,-19.40757
2800592187.5,-19.40791
2800592343.75,-19.41043
2800592500.0,-19.41282
2800592656.25,-19.41334
2800592812.5,-19.41599
2800592968.75,-19.41778
2800593125.0,-19.41764
2800593281.25,-19.42015
2800593437.5,-19.42115
2800593593.75,-19.42234
2800593750.0,-19.42534
2800593906.25,-19.42547
2800594062.5,-19.42646
2800594218.75,-19.4278
2800594375.0,-19.43073
2800594531.25,-19.42909
2800594687.5,-19.43421
2800594843.75,-19.43625
2800595000.0,-19.43711
2800595156.25,-19.43924
2800595312.5,-19.43932
2800595468.75,-19.4404
2800595625.0,-19.44254
2800595781.25,-19.44517
2800595937.5,-19.44405
2800596093.75,-19.44683
2800596250.0,-19.44811
2800596406.25,-19.44772
2800596562.5,-19.45172
2800596718.75,-19.45199
2800596875.0,-19.45337
2800597031.25,-19.45434
2800597187.5,-19.4582
2800597343.75,-19.46069
2800597500.0,-19.46021
2800597656.25,-19.462
2800597812.5,-19.4634
2800597968.75,-19.46412
2800598125.0,-19.4657
2800598281.25,-19.46807
2800598437.5,-19.46878
2800598593.75,-19.47136
2800598750.0,-19.47201
2800598906.25,-19.47424
2800599062.5,-19.47497
2800599218.75,-19.4754
2800599375.0,-19.47836
2800599531.25,-19.47995
2800599687.5,-19.47981
2800599843.75,-19.48185
2800600000.0,-19.48345
2800600156.25,-19.48632
2800600312.5,-19.48787
2800600468.75,-19.48801
2800600625.0,-19.48939
2800600781.25,-19.49029
2800600937.5,-19.49124
2800601093.75,-19.4966
2800601250.0,-19.49594
2800601406.25,-19.49828
2800601562.5,-19.49772
2800601718.75,-19.50018
2800601875.0,-19.50231
2800602031.25,-19.50209
2800602187.5,-19.50438
2800602343.75,-19.50642
2800602500.0,-19.507
2800602656.25,-19.50803
2800602812.5,-19.50911
2800602968.75,-19.51202
2800603125.0,-19.51284
2800603281.25,-19.51501
2800603437.5,-19.51514
2800603593.75,-19.51541
2800603750.0,-19.51991
2800603906.25,-19.52096
2800604062.5,-19.52333
2800604218.75,-19.52315
2800604375.0,-19.52544
2800604531.25,-19.52641
2800604687.5,-19.52894
2800604843.75,-19.52941
2800605000.0,-19.5315
2800605156.25,-19.53076
2800605312.5,-19.5332
2800605468.75,-19.53416
2800605625.0,-19.53675
2800605781.25,-19.53857
2800605937.5,-19.53968
2800606093.75,-19.54292
2800606250.0,-19.5421
2800606406.25,-19.5448
2800606562.5,-19.54647
2800606718.75,-19.54832
2800606875.0,-19.54897
2800607031.25,-19.55087
2800607187.5,-19.55215
2800607343.75,-19.5549
2800607500.0,-19.55194
2800607656.25,-19.55662
2800607812.5,-19.55861
2800607968.75,-19.55938
2800608125.0,-19.56114
2800608281.25,-19.56048
2800608437.5,-19.56464
2800608593.75,-19.56603
2800608750.0,-19.56574
2800608906.25,-19.56816
2800609062.5,-19.57064
2800609218.75,-19.57056
2800609375.0,-19.575
2800609531.25,-19.57428
2800609687.5,-19.57658
2800609843.75,-19.57745
2800610000.0,-19.57844
2800610156.25,-19.57889
2800610312.5,-19.58191
2800610468.75,-19.583
2800610625.0,-19.58499
2800610781.25,-19.58593
2800610937.5,-19.58754
2800611093.75,-19.58858
2800611250.0,-19.59028
2800611406.25,-19.59152
2800611562.5,-19.59445
2800611718.75,-19.59492
2800611875.0,-19.59636
2800612031.25,-19.59953
2800612187.5,-19.59986
2800612343.75,-19.60078
2800612500.0,-19.60154
2800612656.25,-19.60343
2800612812.5,-19.60711
2800612968.75,-19.60521
2800613125.0,-19.60748
2800613281.25,-19.61216
2800613437.5,-19.61143
2800613593.75,-19.61278
2800613750.0,-19.61428
2800613906.25,-19.61765
2800614062.5,-19.61831
2800614218.75,-19.61938
2800614375.0,-19.62089
2800614531.25,-19.62185
2800614687.5,-19.62259
2800614843.75,-19.62487
2800615000.0,-19.624
2800615156.25,-19.62716
2800615312.5,-19.62902
2800615468.75,-19.63128
2800615625.0,-19.63319
2800615781.25,-19.63341
2800615937.5,-19.63242
2800616093.75,-19.63717
2800616250.0,-19.63944
2800616406.25,-19.63835
2800616562.5,-19.64118
2800616718.75,-19.64271
2800616875.0,-19.64301
2800617031.25,-19.64724
2800617187.5,-19.64648
2800617343.75,-19.64822
2800617500.0,-19.65064
2800617656.25,-19.65123
2800617812.5,-19.65225
2800617968.75,-19.65683
2800618125.0,-19.65511
2800618281.25,-19.65806
2800618437.5,-19.65929
2800618593.75,-19.66028
2800618750.0,-19.66125
2800618906.25,-19.66312
2800619062.5,-19.66366
2800619218.75,-19.6659
2800619375.0,-19.66714
2800619531.25,-19.66965
2800619687.5,-19.67109
2800619843.75,-19.67064
2800620000.0,-19.67363
2800620156.25,-19.675
2800620312.5,-19.67565
2800620468.75,-19.67778
2800620625.0,-19.67786
2800620781.25,-19.67881
2800620937.5,-19.68156
2800621093.75,-19.68311
2800621250.0,-19.68416
2800621406.25,-19.68522
2800621562.5,-19.6852
2800621718.75,-19.68832
2800621875.0,-19.68973
2800622031.25,-19.69066
2800622187.5,-19.69206
2800622343.75,-19.6925
2800622500.0,-19.69742
2800622656.25,-19.69871
2800622812.5,-19.69897
2800622968.75,-19.69977
2800623125.0,-19.70335
2800623281.25,-19.7035
2800623437.5,-19.70649
2800623593.75,-19.7044
2800623750.0,-19.70794
2800623906.25,-19.7088
2800624062.5,-19.70918
2800624218.75,-19.71315
2800624375.0,-19.71365
2800624531.25,-19.71588
2800624687.5,-19.71799
2800624843.75,-19.71739
2800625000.0,-19.72051
2800625156.25,-19.7218
2800625312.5,-19.72197
2800625468.75,-19.72512
2800625625.0,-19.7256
2800625781.25,-19.72743
2800625937.5,-19.72818
2800626093.75,-19.72941
2800626250.0,-19.73177
2800626406.25,-19.7317
2800626562.5,-19.735
2800626718.75,-19.73455
2800626875.0,-19.73748
2800627031.25,-19.73847
2800627187.5,-19.74158
2800627343.75,-19.74311
2800627500.0,-19.74538
2800627656.25,-19.74366
2800627812.5,-19.74689
2800627968.75,-19.74532
2800628125.0,-19.74944
2800628281.25,-19.74898
2800628437.5,-19.75146
2800628593.75,-19.75408
2800628750.0,-19.75475
2800628906.25,-19.75525
2800629062.5,-19.75712
2800629218.75,-19.75858
2800629375.0,-19.76051
2800629531.25,-19.76243
2800629687.5,-19.76401
2800629843.75,-19.76399
2800630000.0,-19.76493
2800630156.25,-19.76746
2800630312.5,-19.76914
2800630468.75,-19.77011
2800630625.0,-19.77203
2800630781.25,-19.77105
2800630937.5,-19.77395
2800631093.75,-19.77431
2800631250.0,-19.77806
2800631406.25,-19.78061
2800631562.5,-19.78068
2800631718.75,-19.78059
2800631875.0,-19.78292
2800632031.25,-19.78481
2800632187.5,-19.78672
2800632343.75,-19.78809
2800632500.0,-19.78844
2800632656.25,-19.78933
2800632812.5,-19.79203
2800632968.75,-19.79469
2800633125.0,-19.7957
2800633281.25,-19.79646
2800633437.5,-19.79789
2800633593.75,-19.79846
2800633750.0,-19.8026
2800633906.25,-19.80305
2800634062.5,-19.80426
2800634218.75,-19.80561
2800634375.0,-19.80672
2800634531.25,-19.80952
2800634687.5,-19.80897
2800634843.75,-19.81037
2800635000.0,-19.81314
2800635156.25,-19.81294
2800635312.5,-19.81428
2800635468.75,-19.81574
2800635625.0,-19.81783
2800635781.25,-19.8194
2800635937.5,-19.82143
2800636093.75,-19.82315
2800636250.0,-19.82229
2800636406.25,-19.82309
2800636562.5,-19.82606
2800636718.75,-19.82949
2800636875.0,-19.82971
2800637031.25,-19.83037
2800637187.5,-19.83207
2800637343.75,-19.83347
2800637500.0,-19.83619
2800637656.25,-19.83741
2800637812.5,-19.83772
2800637968.75,-19.83868
2800638125.0,-19.84168
2800638281.25,-19.84292
2800638437.5,-19.84406
2800638593.75,-19.84517
2800638750.0,-19.84834
2800638906.25,-19.84731
2800639062.5,-19.84932
2800639218.75,-19.85021
2800639375.0,-19.85239
2800639531.25,-19.8537
2800639687.5,-19.85604
2800639843.75,-19.85639
2800640000.0,-19.85841
2800640156.25,-19.85878
2800640312.5,-19.86149
2800640468.75,-19.86311
2800640625.0,-19.86315
2800640781.25,-19.86483
2800640937.5,-19.86676
2800641093.75,-19.86865
2800641250.0,-19.87122
2800641406.25,-19.8682
2800641562.5,-19.87355
2800641718.75,-19.87398
2800641875.0,-19.87466
2800642031.25,-19.87682
2800642187.5,-19.8799
2800642343.75,-19.87813
2800642500.0,-19.88036
2800642656.25,-19.88162
2800642812.5,-19.88411
2800642968.75,-19.88375
2800643125.0,-19.88869
2800643281.25,-19.88905
2800643437.5,-19.88957
2800643593.75,-19.89195
2800643750.0,-19.89341
2800643906.25,-19.89451
2800644062.5,-19.89579
2800644218.75,-19.89586
2800644375.0,-19.89785
2800644531.25,-19.89893
2800644687.5,-19.90048
2800644843.75,-19.90384
2800645000.0,-19.9054
2800645156.25,-19.90451
2800645312.5,-19.90636
2800645468.75,-19.90918
2800645625.0,-19.908
2800645781.25,-19.91044
2800645937.5,-19.91143
2800646093.75,-19.9155
2800646250.0,-19.91376
2800646406.25,-19.91676
2800646562.5,-19.91917
2800646718.75,-19.91938
2800646875.0,-19.92
2800647031.25,-19.92139
2800647187.5,-19.92318
2800647343.75,-19.92499
2800647500.0,-19.92645
2800647656.25,-19.92761
2800647812.5,-19.92998
2800647968.75,-19.9311
2800648125.0,-19.93277
2800648281.25,-19.93307
2800648437.5,-19.93406
2800648593.75,-19.93673
2800648750.0,-19.93884
2800648906.25,-19.94011
2800649062.5,-19.94086
2800649218.75,-19.94275
2800649375.0,-19.94238
2800649531.25,-19.94418
2800649687.5,-19.94723
2800649843.75,-19.94911
2800650000.0,-19.94934
2800650156.25,-19.95042
2800650312.5,-19.95251
2800650468.75,-19.95492
2800650625.0,-19.95602
2800650781.25,-19.95578
2800650937.5,-19.95859
2800651093.75,-19.95845
2800651250.0,-19.96029
2800651406.25,-19.96163
2800651562.5,-19.96414
2800651718.75,-19.96685
2800651875.0,-19.96727
2800652031.25,-19.96886
2800652187.5,-19.96945
2800652343.75,-19.97248
2800652500.0,-19.97335
2800652656.25,-19.97417
2800652812.5,-19.97399
2800652968.75,-19.97704
2800653125.0,-19.9781
2800653281.25,-19.97882
2800653437.5,-19.98066
2800653593.75,-19.98334
2800653750.0,-19.98327
2800653906.25,-19.98441
2800654062.5,-19.98644
2800654218.75,-19.9887
2800654375.0,-19.98654
2800654531.25,-19.99098
2800654687.5,-19.98978
2800654843.75,-19.9923
2800655000.0,-19.99621
2800655156.25,-19.9959
2800655312.5,-19.99831
2800655468.75,-19.99951
2800655625.0,-20.00043
2800655781.25,-20.00252
2800655937.5,-20.00267
2800656093.75,-20.00397
2800656250.0,-20.0063
2800656406.25,-20.00745
2800656562.5,-20.00792
2800656718.75,-20.01
2800656875.0,-20.01086
2800657031.25,-20.01352
2800657187.5,-20.01487
2800657343.75,-20.01623
2800657500.0,-20.01686
2800657656.25,-20.01843
2800657812.5,-20.01986
2800657968.75,-20.02227
2800658125.0,-20.02525
2800658281.25,-20.02526
2800658437.5,-20.02538
2800658593.75,-20.02678
2800658750.0,-20.02847
2800658906.25,-20.02885
2800659062.5,-20.03136
2800659218.75,-20.0324
2800659375.0,-20.03419
2800659531.25,-20.03619
2800659687.5,-20.03706
2800659843.75,-20.03865
2800660000.0,-20.03939
2800660156.25,-20.03996
2800660312.5,-20.04124
2800660468.75,-20.04332
2800660625.0,-20.04524
2800660781.25,-20.04436
2800660937.5,-20.04766
2800661093.75,-20.05086
2800661250.0,-20.05107
2800661406.25,-20.05309
2800661562.5,-20.05296
2800661718.75,-20.05445
2800661875.0,-20.05708
2800662031.25,-20.05961
2800662187.5,-20.05938
2800662343.75,-20.06041
2800662500.0,-20.0625
2800662656.25,-20.06283
2800662812.5,-20.06555
2800662968.75,-20.06566
2800663125.0,-20.06887
2800663281.25,-20.0685
2800663437.5,-20.07144
2800663593.75,-20.07156
2800663750.0,-20.07137
2800663906.25,-20.07661
2800664062.5,-20.07692
2800664218.75,-20.07785
2800664375.0,-20.07968
2800664531.25,-20.07932
2800664687.5,-20.08279
2800664843.75,-20.08547
2800665000.0,-20.08392
2800665156.25,-20.08474
2800665312.5,-20.08785
2800665468.75,-20.09021
2800665625.0,-20.0885
2800665781.25,-20.09028
2800665937.5,-20.09323
2800666093.75,-20.09336
2800666250.0,-20.09678
2800666406.25,-20.09803
2800666562.5,-20.09995
2800666718.75,-20.09966
2800666875.0,-20.10304
2800667031.25,-20.10247
2800667187.5,-20.10602
2800667343.75,-20.10499
2800667500.0,-20.10603
2800667656.25,-20.10835
2800667812.5,-20.10911
2800667968.75,-20.1119
2800668125.0,-20.11281
2800668281.25,-20.11472
2800668437.5,-20.11493
2800668593.75,-20.11951
2800668750.0,-20.11891
2800668906.25,-20.12016
2800669062.5,-20.12056
2800669218.75,-20.12261
2800669375.0,-20.12491
2800669531.25,-20.12515
2800669687.5,-20.12646
2800669843.75,-20.1287
2800670000.0,-20.13058
2800670156.25,-20.12999
2800670312.5,-20.13361
2800670468.75,-20.13358
2800670625.0,-20.13512
2800670781.25,-20.13461
2800670937.5,-20.13844
2800671093.75,-20.13857
2800671250.0,-20.1387
2800671406.25,-20.14326
2800671562.5,-20.14371
2800671718.75,-20.14615
2800671875.0,-20.1475
2800672031.25,-20.14754
2800672187.5,-20.1486
2800672343.75,-20.15042
2800672500.0,-20.15092
2800672656.25,-20.15435
2800672812.5,-20.15363
2800672968.75,-20.1567
2800673125.0,-20.15626
2800673281.25,-20.15929
2800673437.5,-20.15828
2800673593.75,-20.16141
2800673750.0,-20.16266
2800673906.25,-20.16454
2800674062.5,-20.164
2800674218.75,-20.16821
2800674375.0,-20.16734
2800674531.25,-20.17018
2800674687.5,-20.17104
2800674843.75,-20.17392
2800675000.0,-20.17477
2800675156.25,-20.17556
2800675312.5,-20.1783
2800675468.75,-20.17917
2800675625.0,-20.17949
2800675781.25,-20.17937
2800675937.5,-20.18274
2800676093.75,-20.18442
2800676250.0,-20.18407
2800676406.25,-20.18537
2800676562.5,-20.18761
2800676718.75,-20.18947
2800676875.0,-20.18955
2800677031.25,-20.19277
2800677187.5,-20.19189
2800677343.75,-20.19454
2800677500.0,-20.19641
2800677656.25,-20.19742
2800677812.5,-20.19788
2800677968.75,-20.20036
2800678125.0,-20.20037
2800678281.25,-20.20243
2800678437.5,-20.20403
2800678593.75,-20.20593
2800678750.0,-20.20497
2800678906.25,-20.20829
2800679062.5,-20.20955
2800679218.75,-20.21186
2800679375.0,-20.21082
2800679531.25,-20.21523
2800679687.5,-20.21476
2800679843.75,-20.21644
2800680000.0,-20.21853
2800680156.25,-20.21846
2800680312.5,-20.22001
2800680468.75,-20.22003
2800680625.0,-20.22387
2800680781.25,-20.22556
2800680937.5,-20.22493
2800681093.75,-20.22722
2800681250.0,-20.22831
2800681406.25,-20.23052
2800681562.5,-20.23159
2800681718.75,-20.23365
2800681875.0,-20.23422
2800682031.25,-20.23678
2800682187.5,-20.23714
2800682343.75,-20.24001
2800682500.0,-20.23918
2800682656.25,-20.24073
2800682812.5,-20.24197
2800682968.75,-20.24361
2800683125.0,-20.2466
2800683281.25,-20.24891
2800683437.5,-20.24701
2800683593.75,-20.24926
2800683750.0,-20.25011
2800683906.25,-20.25192
2800684062.5,-20.25407
2800684218.75,-20.25668
2800684375.0,-20.25612
2800684531.25,-20.25873
2800684687.5,-20.25912
2800684843.75,-20.25934
2800685000.0,-20.26184
2800685156.25,-20.26375
2800685312.5,-20.26417
2800685468.75,-20.26616
2800685625.0,-20.26718
2800685781.25,-20.26827
2800685937.5,-20.26975
2800686093.75,-20.27256
2800686250.0,-20.27194
2800686406.25,-20.27611
2800686562.5,-20.27686
2800686718.75,-20.27936
2800686875.0,-20.27753
2800687031.25,-20.28103
2800687187.5,-20.28139
2800687343.75,-20.28266
2800687500.0,-20.28549
2800687656.25,-20.28463
2800687812.5,-20.2846
2800687968.75,-20.28898
2800688125.0,-20.29068
2800688281.25,-20.29205
2800688437.5,-20.29333
2800688593.75,-20.29481
2800688750.0,-20.29614
2800688906.25,-20.29629
2800689062.5,-20.2986
2800689218.75,-20.2999
2800689375.0,-20.30042
2800689531.25,-20.3022
2800689687.5,-20.30357
2800689843.75,-20.30481
2800690000.0,-20.3087
2800690156.25,-20.30797
2800690312.5,-20.3091
2800690468.75,-20.30952
2800690625.0,-20.31024
2800690781.25,-20.31381
2800690937.5,-20.31247
2800691093.75,-20.31513
2800691250.0,-20.31586
2800691406.25,-20.31553
2800691562.5,-20.32157
2800691718.75,-20.32075
2800691875.0,-20.32182
2800692031.25,-20.32466
2800692187.5,-20.32452
2800692343.75,-20.32675
2800692500.0,-20.3278
2800692656.25,-20.32853
2800692812.5,-20.3282
2800692968.75,-20.3327
2800693125.0,-20.33428
2800693281.25,-20.33506
2800693437.5,-20.33601
2800693593.75,-20.33568
2800693750.0,-20.33845
2800693906.25,-20.33829
2800694062.5,-20.34193
2800694218.75,-20.34266
2800694375.0,-20.3442
2800694531.25,-20.34461
2800694687.5,-20.34568
2800694843.75,-20.34919
2800695000.0,-20.34875
2800695156.25,-20.35071
2800695312.5,-20.35288
2800695468.75,-20.35428
2800695625.0,-20.35468
2800695781.25,-20.3576
2800695937.5,-20.35797
2800696093.75,-20.35922
2800696250.0,-20.36091
2800696406.25,-20.36033
2800696562.5,-20.36347
2800696718.75,-20.36398
2800696875.0,-20.36581
2800697031.25,-20.36711
2800697187.5,-20.36794
2800697343.75,-20.37034
2800697500.0,-20.37132
2800697656.25,-20.37292
2800697812.5,-20.3741
2800697968.75,-20.37474
2800698125.0,-20.37827
2800698281.25,-20.37902
2800698437.5,-20.37873
2800698593.75,-20.37951
2800698750.0,-20.3819
2800698906.25,-20.38441
2800699062.5,-20.38422
2800699218.75,-20.38714
2800699375.0,-20.38735
2800699531.25,-20.38878
2800699687.5,-20.39047
2800699843.75,-20.39071
2800700000.0,-20.39457
2800700156.25,-20.39431
2800700312.5,-20.39494
2800700468.75,-20.39815
2800700625.0,-20.39756
2800700781.25,-20.40128
2800700937.5,-20.4007
2800701093.75,-20.40348
2800701250.0,-20.40413
2800701406.25,-20.40575
2800701562.5,-20.40764
2800701718.75,-20.40822
2800701875.0,-20.41002
2800702031.25,-20.40986
2800702187.5,-20.41309
2800702343.75,-20.41417
2800702500.0,-20.41581
2800702656.25,-20.4168
2800702812.5,-20.41784
2800702968.75,-20.41692
2800703125.0,-20.42151
2800703281.25,-20.42147
2800703437.5,-20.42443
2800703593.75,-20.42505
2800703750.0,-20.42481
2800703906.25,-20.42814
2800704062.5,-20.42659
2800704218.75,-20.42894
2800704375.0,-20.42973
2800704531.25,-20.43266
2800704687.5,-20.43091
2800704843.75,-20.43386
2800705000.0,-20.43553
2800705156.25,-20.43714
2800705312.5,-20.43974
2800705468.75,-20.44057
2800705625.0,-20.44199
2800705781.25,-20.44252
2800705937.5,-20.44568
2800706093.75,-20.44624
2800706250.0,-20.44708
2800706406.25,-20.44769
2800706562.5,-20.45093
2800706718.75,-20.45081
2800706875.0,-20.4527
2800707031.25,-20.4531
2800707187.5,-20.45582
2800707343.75,-20.45784
2800707500.0,-20.45594
2800707656.25,-20.45872
2800707812.5,-20.45933
2800707968.75,-20.46361
2800708125.0,-20.46462
2800708281.25,-20.46465
2800708437.5,-20.465
2800708593.75,-20.46708
2800708750.0,-20.46694
2800708906.25,-20.4706
2800709062.5,-20.47052
2800709218.75,-20.4712
2800709375.0,-20.47545
2800709531.25,-20.4754
2800709687.5,-20.4752
2800709843.75,-20.47799
2800710000.0,-20.48108
2800710156.25,-20.48087
2800710312.5,-20.48264
2800710468.75,-20.48485
2800710625.0,-20.48508
2800710781.25,-20.48533
2800710937.5,-20.48794
2800711093.75,-20.48821
2800711250.0,-20.49001
2800711406.25,-20.49132
2800711562.5,-20.49311
2800711718.75,-20.49262
2800711875.0,-20.49397
2800712031.25,-20.49623
2800712187.5,-20.49674
2800712343.75,-20.49753
2800712500.0,-20.50135
2800712656.25,-20.5014
2800712812.5,-20.50315
2800712968.75,-20.50389
2800713125.0,-20.50581
2800713281.25,-20.50739
2800713437.5,-20.50756
2800713593.75,-20.5109
2800713750.0,-20.51149
2800713906.25,-20.51312
2800714062.5,-20.513
2800714218.75,-20.51505
2800714375.0,-20.51749
2800714531.25,-20.51888
2800714687.5,-20.51935
2800714843.75,-20.52143
2800715000.0,-20.52198
2800715156.25,-20.52223
2800715312.5,-20.52413
2800715468.75,-20.52642
2800715625.0,-20.52723
2800715781.25,-20.52961
2800715937.5,-20.52707
2800716093.75,-20.53195
2800716250.0,-20.53424
2800716406.25,-20.53612
2800716562.5,-20.5345
2800716718.75,-20.53728
2800716875.0,-20.53736
2800717031.25,-20.53777
2800717187.5,-20.54381
2800717343.75,-20.54172
2800717500.0,-20.54466
2800717656.25,-20.54569
2800717812.5,-20.54791
2800717968.75,-20.54723
2800718125.0,-20.54872
2800718281.25,-20.55148
2800718437.5,-20.55313
2800718593.75,-20.55249
2800718750.0,-20.55532
2800718906.25,-20.55562
2800719062.5,-20.55962
2800719218.75,-20.55822
2800719375.0,-20.55845
2800719531.25,-20.56167
2800719687.5,-20.56039
2800719843.75,-20.56224
2800720000.0,-20.56532
2800720156.25,-20.56659
2800720312.5,-20.56747
2800720468.75,-20.56735
2800720625.0,-20.56865
2800720781.25,-20.5724
2800720937.5,-20.57368
2800721093.75,-20.57445
2800721250.0,-20.57514
2800721406.25,-20.57828
2800721562.5,-20.57719
2800721718.75,-20.57964
2800721875.0,-20.58113
2800722031.25,-20.58322
2800722187.5,-20.58209
2800722343.75,-20.58335
2800722500.0,-20.58655
2800722656.25,-20.58724
2800722812.5,-20.58778
2800722968.75,-20.58976
2800723125.0,-20.59254
2800723281.25,-20.59279
2800723437.5,-20.59559
2800723593.75,-20.5974
2800723750.0,-20.59707
2800723906.25,-20.59996
2800724062.5,-20.59987
2800724218.75,-20.59981
2800724375.0,-20.60068
2800724531.25,-20.60227
2800724687.5,-20.60374
2800724843.75,-20.60495
2800725000.0,-20.60624
2800725156.25,-20.60929
2800725312.5,-20.61027
2800725468.75,-20.6126
2800725625.0,-20.61149
2800725781.25,-20.61363
2800725937.5,-20.61671
2800726093.75,-20.61746
2800726250.0,-20.61668
2800726406.25,-20.61968
2800726562.5,-20.62145
2800726718.75,-20.62035
2800726875.0,-20.62475
2800727031.25,-20.62462
2800727187.5,-20.62764
2800727343.75,-20.62667
2800727500.0,-20.62805
2800727656.25,-20.62975
2800727812.5,-20.63178
2800727968.75,-20.63307
2800728125.0,-20.6334
2800728281.25,-20.63619
2800728437.5,-20.63807
2800728593.75,-20.63813
2800728750.0,-20.6401
2800728906.25,-20.63991
2800729062.5,-20.64116
2800729218.75,-20.64278
2800729375.0,-20.64474
2800729531.25,-20.64649
2800729687.5,-20.64731
2800729843.75,-20.64785
2800730000.0,-20.64975
2800730156.25,-20.65047
2800730312.5,-20.6533
2800730468.75,-20.6524
2800730625.0,-20.65436
2800730781.25,-20.6561
2800730937.5,-20.65565
2800731093.75,-20.65841
2800731250.0,-20.66124
2800731406.25,-20.66311
2800731562.5,-20.6613
2800731718.75,-20.66343
2800731875.0,-20.66598
2800732031.25,-20.66744
2800732187.5,-20.66678
2800732343.75,-20.66927
2800732500.0,-20.67221
2800732656.25,-20.67262
2800732812.5,-20.67105
2800732968.75,-20.67376
2800733125.0,-20.67569
2800733281.25,-20.6756
2800733437.5,-20.67804
2800733593.75,-20.67674
2800733750.0,-20.68064
2800733906.25,-20.68325
2800734062.5,-20.68379
2800734218.75,-20.68441
2800734375.0,-20.6867
2800734531.25,-20.68906
2800734687.5,-20.68885
2800734843.75,-20.68834
2800735000.0,-20.69061
2800735156.25,-20.69166
2800735312.5,-20.69516
2800735468.75,-20.69719
2800735625.0,-20.69787
2800735781.25,-20.69884
2800735937.5,-20.6988
2800736093.75,-20.70228
2800736250.0,-20.7018
2800736406.25,-20.70103
2800736562.5,-20.70539
2800736718.75,-20.70624
2800736875.0,-20.70672
2800737031.25,-20.70842
2800737187.5,-20.71041
2800737343.75,-20.71039
2800737500.0,-20.71284
2800737656.25,-20.71521
2800737812.5,-20.7154
2800737968.75,-20.71503
2800738125.0,-20.71838
2800738281.25,-20.72022
2800738437.5,-20.71966
2800738593.75,-20.72108
2800738750.0,-20.72147
2800738906.25,-20.72633
2800739062.5,-20.72531
2800739218.75,-20.72547
2800739375.0,-20.72728
2800739531.25,-20.72881
2800739687.5,-20.72908
2800739843.75,-20.73231
2800740000.0,-20.73136
2800740156.25,-20.73696
2800740312.5,-20.73398
2800740468.75,-20.73648
2800740625.0,-20.73889
2800740781.25,-20.73809
2800740937.5,-20.74072
2800741093.75,-20.74263
2800741250.0,-20.74582
2800741406.25,-20.7462
2800741562.5,-20.74612
2800741718.75,-20.74979
2800741875.0,-20.74999
2800742031.25,-20.75035
2800742187.5,-20.7532
2800742343.75,-20.75233
2800742500.0,-20.75108
2800742656.25,-20.75578
2800742812.5,-20.75535
2800742968.75,-20.75622
2800743125.0,-20.75809
2800743281.25,-20.76128
2800743437.5,-20.76096
2800743593.75,-20.76335
2800743750.0,-20.76358
2800743906.25,-20.76538
2800744062.5,-20.76683
2800744218.75,-20.76763
2800744375.0,-20.77095
2800744531.25,-20.7723
2800744687.5,-20.77194
2800744843.75,-20.77233
2800745000.0,-20.77435
2800745156.25,-20.77894
2800745312.5,-20.77741
2800745468.75,-20.77961
2800745625.0,-20.78094
2800745781.25,-20.78062
2800745937.5,-20.78243
2800746093.75,-20.784
2800746250.0,-20.78438
2800746406.25,-20.78836
2800746562.5,-20.78807
2800746718.75,-20.78661
2800746875.0,-20.79155
2800747031.25,-20.79144
2800747187.5,-20.7923
2800747343.75,-20.79413
2800747500.0,-20.79641
2800747656.25,-20.7961
2800747812.5,-20.79905
2800747968.75,-20.79984
2800748125.0,-20.80118
2800748281.25,-20.8027
2800748437.5,-20.80499
2800748593.75,-20.8062
2800748750.0,-20.80809
2800748906.25,-20.80564
2800749062.5,-20.80849
2800749218.75,-20.81114
2800749375.0,-20.81037
2800749531.25,-20.81272
2800749687.5,-20.81408
2800749843.75,-20.81534
2800750000.0,-20.8174
2800750156.25,-20.81786
2800750312.5,-20.82034
2800750468.75,-20.81996
2800750625.0,-20.82023
2800750781.25,-20.82374
2800750937.5,-20.8238
2800751093.75,-20.82586
2800751250.0,-20.82615
2800751406.25,-20.82607
2800751562.5,-20.82757
2800751718.75,-20.8306
2800751875.0,-20.82992
2800752031.25,-20.83148
2800752187.5,-20.83248
2800752343.75,-20.83563
2800752500.0,-20.83901
2800752656.25,-20.83865
2800752812.5,-20.84134
2800752968.75,-20.83894
2800753125.0,-20.84171
2800753281.25,-20.84408
2800753437.5,-20.84485
2800753593.75,-20.84698
2800753750.0,-20.84766
2800753906.25,-20.84898
2800754062.5,-20.85003
2800754218.75,-20.85208
2800754375.0,-20.85261
2800754531.25,-20.85317
2800754687.5,-20.85534
2800754843.75,-20.8553
2800755000.0,-20.85613
2800755156.25,-20.85826
2800755312.5,-20.85983
2800755468.75,-20.86162
2800755625.0,-20.86402
2800755781.25,-20.86335
2800755937.5,-20.86465
2800756093.75,-20.86691
2800756250.0,-20.86733
2800756406.25,-20.86893
2800756562.5,-20.87124
2800756718.75,-20.87213
2800756875.0,-20.87356
2800757031.25,-20.87376
2800757187.5,-20.87533
2800757343.75,-20.87639
2800757500.0,-20.87685
2800757656.25,-20.88018
2800757812.5,-20.87974
2800757968.75,-20.88227
2800758125.0,-20.88286
2800758281.25,-20.88601
2800758437.5,-20.88626
2800758593.75,-20.88644
2800758750.0,-20.8901
2800758906.25,-20.89166
2800759062.5,-20.89168
2800759218.75,-20.89349
2800759375.0,-20.89238
2800759531.25,-20.89513
2800759687.5,-20.89463
2800759843.75,-20.89904
2800760000.0,-20.89839
2800760156.25,-20.89925
2800760312.5,-20.90177
2800760468.75,-20.90182
2800760625.0,-20.90293
2800760781.25,-20.90616
2800760937.5,-20.90609
2800761093.75,-20.90697
2800761250.0,-20.90942
2800761406.25,-20.90886
2800761562.5,-20.91149
2800761718.75,-20.91372
2800761875.0,-20.9138
2800762031.25,-20.91523
2800762187.5,-20.91615
2800762343.75,-20.921
2800762500.0,-20.91838
2800762656.25,-20.91925
2800762812.5,-20.92173
2800762968.75,-20.92297
2800763125.0,-20.92229
2800763281.25,-20.92229
2800763437.5,-20.92701
2800763593.75,-20.92738
2800763750.0,-20.93051
2800763906.25,-20.93057
2800764062.5,-20.92995
2800764218.75,-20.93394
2800764375.0,-20.93451
2800764531.25,-20.93571
2800764687.5,-20.93764
2800764843.75,-20.93836
2800765000.0,-20.93924
2800765156.25,-20.94236
2800765312.5,-20.94213
2800765468.75,-20.94526
2800765625.0,-20.94608
2800765781.25,-20.94754
2800765937.5,-20.94571
2800766093.75,-20.94691
2800766250.0,-20.94995
2800766406.25,-20.9519
2800766562.5,-20.95318
2800766718.75,-20.95311
2800766875.0,-20.95367
2800767031.25,-20.95681
2800767187.5,-20.95642
2800767343.75,-20.95708
2800767500.0,-20.96017
2800767656.25,-20.96147
2800767812.5,-20.96108
2800767968.75,-20.96429
2800768125.0,-20.96474
2800768281.25,-20.96899
2800768437.5,-20.96661
2800768593.75,-20.9696
2800768750.0,-20.97079
2800768906.25,-20.97202
2800769062.5,-20.97306
2800769218.75,-20.97346
2800769375.0,-20.97472
2800769531.25,-20.97773
2800769687.5,-20.97829
2800769843.75,-20.97855
2800770000.0,-20.98122
2800770156.25,-20.98147
2800770312.5,-20.98367
2800770468.75,-20.98228
2800770625.0,-20.98481
2800770781.25,-20.98715
2800770937.5,-20.98792
2800771093.75,-20.99005
2800771250.0,-20.98895
2800771406.25,-20.99164
2800771562.5,-20.9903
2800771718.75,-20.99467
2800771875.0,-20.99634
2800772031.25,-20.99708
2800772187.5,-20.99683
2800772343.75,-20.99778
2800772500.0,-21.00036
2800772656.25,-21.00193
2800772812.5,-21.00127
2800772968.75,-21.00368
2800773125.0,-21.00597
2800773281.25,-21.00772
2800773437.5,-21.00813
2800773593.75,-21.00981
2800773750.0,-21.01106
2800773906.25,-21.01114
2800774062.5,-21.01248
2800774218.75,-21.01423
2800774375.0,-21.01472
2800774531.25,-21.01725
2800774687.5,-21.01961
2800774843.75,-21.02001
2800775000.0,-21.0206
2800775156.25,-21.02119
2800775312.5,-21.02384
2800775468.75,-21.02312
2800775625.0,-21.02659
2800775781.25,-21.02617
2800775937.5,-21.02837
2800776093.75,-21.02835
2800776250.0,-21.03263
2800776406.25,-21.03048
2800776562.5,-21.03341
2800776718.75,-21.03612
2800776875.0,-21.03599
2800777031.25,-21.03842
2800777187.5,-21.03716
2800777343.75,-21.03884
2800777500.0,-21.04046
2800777656.25,-21.04212
2800777812.5,-21.04515
2800777968.75,-21.04364
2800778125.0,-21.04529
2800778281.25,-21.04906
2800778437.5,-21.04724
2800778593.75,-21.04958
2800778750.0,-21.05282
2800778906.25,-21.0514
2800779062.5,-21.05319
2800779218.75,-21.05704
2800779375.0,-21.05644
2800779531.25,-21.05686
2800779687.5,-21.05709
2800779843.75,-21.05916
2800780000.0,-21.06072
2800780156.25,-21.06213
2800780312.5,-21.06472
2800780468.75,-21.06599
2800780625.0,-21.06555
2800780781.25,-21.06708
2800780937.5,-21.06714
2800781093.75,-21.07062
2800781250.0,-21.07166
2800781406.25,-21.07153
2800781562.5,-21.07361
2800781718.75,-21.07556
2800781875.0,-21.07519
2800782031.25,-21.07747
2800782187.5,-21.08143
2800782343.75,-21.07831
2800782500.0,-21.08185
2800782656.25,-21.08133
2800782812.5,-21.08374
2800782968.75,-21.08362
2800783125.0,-21.08793
2800783281.25,-21.08677
2800783437.5,-21.0901
2800783593.75,-21.08971
2800783750.0,-21.09045
2800783906.25,-21.09409
2800784062.5,-21.09317
2800784218.75,-21.09696
2800784375.0,-21.09732
2800784531.25,-21.0966
2800784687.5,-21.09919
2800784843.75,-21.10172
2800785000.0,-21.10093
2800785156.25,-21.10424
2800785312.5,-21.10498
2800785468.75,-21.10544
2800785625.0,-21.10718
2800785781.25,-21.1077
2800785937.5,-21.10806
2800786093.75,-21.10905
2800786250.0,-21.11006
2800786406.25,-21.11288
2800786562.5,-21.11313
2800786718.75,-21.11511
2800786875.0,-21.11581
2800787031.25,-21.11825
2800787187.5,-21.12054
2800787343.75,-21.12195
2800787500.0,-21.12165
2800787656.25,-21.12452
2800787812.5,-21.12227
2800787968.75,-21.12581
2800788125.0,-21.12632
2800788281.25,-21.12759
2800788437.5,-21.12756
2800788593.75,-21.13044
2800788750.0,-21.131
2800788906.25,-21.13275
2800789062.5,-21.13461
2800789218.75,-21.13597
2800789375.0,-21.13631
2800789531.25,-21.13788
2800789687.5,-21.13985
2800789843.75,-21.13809
2800790000.0,-21.14014
2800790156.25,-21.14406
2800790312.5,-21.14312
2800790468.75,-21.14431
2800790625.0,-21.14663
2800790781.25,-21.14567
2800790937.5,-21.14926
2800791093.75,-21.15026
2800791250.0,-21.14972
2800791406.25,-21.15271
2800791562.5,-21.15435
2800791718.75,-21.1549
2800791875.0,-21.15556
2800792031.25,-21.15866
2800792187.5,-21.15958
2800792343.75,-21.15952
2800792500.0,-21.16015
2800792656.25,-21.16355
2800792812.5,-21.16369
2800792968.75,-21.16511
2800793125.0,-21.1662
2800793281.25,-21.16817
2800793437.5,-21.1701
2800793593.75,-21.17157
2800793750.0,-21.17165
2800793906.25,-21.17243
2800794062.5,-21.17372
2800794218.75,-21.17383
2800794375.0,-21.1773
2800794531.25,-21.17758
2800794687.5,-21.1794
2800794843.75,-21.17999
2800795000.0,-21.18046
2800795156.25,-21.18457
2800795312.5,-21.18377
2800795468.75,-21.18371
2800795625.0,-21.18758
2800795781.25,-21.18641
2800795937.5,-21.18972
2800796093.75,-21.18921
2800796250.0,-21.18961
2800796406.25,-21.1924
2800796562.5,-21.19351
2800796718.75,-21.19557
2800796875.0,-21.19544
2800797031.25,-21.19673
2800797187.5,-21.19826
2800797343.75,-21.19748
2800797500.0,-21.20022
2800797656.25,-21.20216
2800797812.5,-21.20277
2800797968.75,-21.20635
2800798125.0,-21.20536
2800798281.25,-21.20613
2800798437.5,-21.20807
2800798593.75,-21.20867
2800798750.0,-21.21176
2800798906.25,-21.21144
2800799062.5,-21.21091
2800799218.75,-21.21513
2800799375.0,-21.21522
2800799531.25,-21.21693
2800799687.5,-21.21861
2800799843.75,-21.21734
2800800000.0,-21.22111
2800800156.25,-21.22194
2800800312.5,-21.22477
2800800468.75,-21.22352
2800800625.0,-21.2264
2800800781.25,-21.22879
2800800937.5,-21.22882
2800801093.75,-21.22992
2800801250.0,-21.23225
2800801406.25,-21.23239
2800801562.5,-21.23293
2800801718.75,-21.23602
2800801875.0,-21.23423
2800802031.25,-21.23749
2800802187.5,-21.23994
2800802343.75,-21.24064
2800802500.0,-21.24086
2800802656.25,-21.24138
2800802812.5,-21.24338
2800802968.75,-21.24247
2800803125.0,-21.24609
2800803281.25,-21.2473
2800803437.5,-21.24814
2800803593.75,-21.25001
2800803750.0,-21.25031
2800803906.25,-21.25005
2800804062.5,-21.25357
2800804218.75,-21.25492
2800804375.0,-21.25659
2800804531.25,-21.25593
2800804687.5,-21.25662
2800804843.75,-21.26013
2800805000.0,-21.26044
2800805156.25,-21.26083
2800805312.5,-21.26142
2800805468.75,-21.2656
2800805625.0,-21.2669
2800805781.25,-21.26716
2800805937.5,-21.26589
2800806093.75,-21.26781
2800806250.0,-21.26946
2800806406.25,-21.27069
2800806562.5,-21.27248
2800806718.75,-21.27382
2800806875.0,-21.27563
2800807031.25,-21.27611
2800807187.5,-21.27626
2800807343.75,-21.28055
2800807500.0,-21.28224
2800807656.25,-21.2819
2800807812.5,-21.28264
2800807968.75,-21.2853
2800808125.0,-21.28414
2800808281.25,-21.28508
2800808437.5,-21.286
2800808593.75,-21.28982
2800808750.0,-21.29073
2800808906.25,-21.29241
2800809062.5,-21.294
2800809218.75,-21.29318
2800809375.0,-21.29567
2800809531.25,-21.29595
2800809687.5,-21.29577
2800809843.75,-21.29836
2800810000.0,-21.30033
2800810156.25,-21.30062
2800810312.5,-21.30251
2800810468.75,-21.30429
2800810625.0,-21.30452
2800810781.25,-21.30447
2800810937.5,-21.30763
2800811093.75,-21.30914
2800811250.0,-21.31135
2800811406.25,-21.31176
2800811562.5,-21.31183
2800811718.75,-21.31404
2800811875.0,-21.31389
2800812031.25,-21.3164
2800812187.5,-21.3165
2800812343.75,-21.31947
2800812500.0,-21.32062
2800812656.25,-21.32238
2800812812.5,-21.32118
2800812968.75,-21.32169
2800813125.0,-21.32451
2800813281.25,-21.3233
2800813437.5,-21.32515
2800813593.75,-21.32844
2800813750.0,-21.32986
2800813906.25,-21.3323
2800814062.5,-21.33041
2800814218.75,-21.33368
2800814375.0,-21.33458
2800814531.25,-21.33475
2800814687.5,-21.33619
2800814843.75,-21.3381
2800815000.0,-21.33946
2800815156.25,-21.34043
2800815312.5,-21.34022
2800815468.75,-21.34239
2800815625.0,-21.34218
2800815781.25,-21.34488
2800815937.5,-21.34456
2800816093.75,-21.34709
2800816250.0,-21.34986
2800816406.25,-21.34917
2800816562.5,-21.35033
2800816718.75,-21.35208
2800816875.0,-21.35428
2800817031.25,-21.35654
2800817187.5,-21.35588
2800817343.75,-21.35682
2800817500.0,-21.35819
2800817656.25,-21.35805
2800817812.5,-21.36172
2800817968.75,-21.36227
2800818125.0,-21.36358
2800818281.25,-21.36369
2800818437.5,-21.36412
2800818593.75,-21.36925
2800818750.0,-21.36817
2800818906.25,-21.36904
2800819062.5,-21.37046
2800819218.75,-21.37003
2800819375.0,-21.37409
2800819531.25,-21.37633
2800819687.5,-21.37556
2800819843.75,-21.37621
2800820000.0,-21.37694
2800820156.25,-21.37943
2800820312.5,-21.38056
2800820468.75,-21.38184
2800820625.0,-21.38181
2800820781.25,-21.38403
2800820937.5,-21.3858
2800821093.75,-21.38823
2800821250.0,-21.38654
2800821406.25,-21.38898
2800821562.5,-21.38854
2800821718.75,-21.39186
2800821875.0,-21.39393
2800822031.25,-21.39425
2800822187.5,-21.3923
2800822343.75,-21.3974
2800822500.0,-21.39833
2800822656.25,-21.39812
2800822812.5,-21.39954
2800822968.75,-21.40145
2800823125.0,-21.40069
2800823281.25,-21.40344
2800823437.5,-21.40546
2800823593.75,-21.40611
2800823750.0,-21.40674
2800823906.25,-21.40859
2800824062.5,-21.4103
2800824218.75,-21.41173
2800824375.0,-21.41308
2800824531.25,-21.41355
2800824687.5,-21.4154
2800824843.75,-21.41482
2800825000.0,-21.41632
2800825156.25,-21.41925
2800825312.5,-21.4194
2800825468.75,-21.42051
2800825625.0,-21.42368
2800825781.25,-21.42216
2800825937.5,-21.42472
2800826093.75,-21.42528
2800826250.0,-21.42628
2800826406.25,-21.42888
2800826562.5,-21.43216
2800826718.75,-21.43161
2800826875.0,-21.43139
2800827031.25,-21.43338
2800827187.5,-21.43442
2800827343.75,-21.4341
2800827500.0,-21.43671
2800827656.25,-21.43819
2800827812.5,-21.43825
2800827968.75,-21.43734
2800828125.0,-21.44235
2800828281.25,-21.44235
2800828437.5,-21.44142
2800828593.75,-21.44392
2800828750.0,-21.44745
2800828906.25,-21.44596
2800829062.5,-21.44807
2800829218.75,-21.45119
2800829375.0,-21.4503
2800829531.25,-21.45363
2800829687.5,-21.45259
2800829843.75,-21.45362
2800830000.0,-21.45453
2800830156.25,-21.45603
2800830312.5,-21.45786
2800830468.75,-21.45903
2800830625.0,-21.45928
2800830781.25,-21.46201
2800830937.5,-21.46271
2800831093.75,-21.46481
2800831250.0,-21.46564
2800831406.25,-21.46514
2800831562.5,-21.46885
2800831718.75,-21.46915
2800831875.0,-21.47023
2800832031.25,-21.47199
2800832187.5,-21.47282
2800832343.75,-21.47254
2800832500.0,-21.47387
2800832656.25,-21.4735
2800832812.5,-21.47784
2800832968.75,-21.47958
2800833125.0,-21.48039
2800833281.25,-21.47906
2800833437.5,-21.48195
2800833593.75,-21.48285
2800833750.0,-21.4847
2800833906.25,-21.48636
2800834062.5,-21.48652
2800834218.75,-21.48932
2800834375.0,-21.48925
2800834531.25,-21.48977
2800834687.5,-21.48902
2800834843.75,-21.49119
2800835000.0,-21.49396
2800835156.25,-21.49526
2800835312.5,-21.49541
2800835468.75,-21.49561
2800835625.0,-21.4998
2800835781.25,-21.49784
2800835937.5,-21.50044
2800836093.75,-21.50337
2800836250.0,-21.50584
2800836406.25,-21.50363
2800836562.5,-21.50493
2800836718.75,-21.50746
2800836875.0,-21.50941
2800837031.25,-21.51136
2800837187.5,-21.50929
2800837343.75,-21.51157
2800837500.0,-21.51428
2800837656.25,-21.51414
2800837812.5,-21.51786
2800837968.75,-21.51606
2800838125.0,-21.51801
2800838281.25,-21.51951
2800838437.5,-21.51991
2800838593.75,-21.52187
2800838750.0,-21.52085
2800838906.25,-21.52172
2800839062.5,-21.52412
2800839218.75,-21.52594
2800839375.0,-21.52674
2800839531.25,-21.52887
2800839687.5,-21.53234
2800839843.75,-21.53132
2800840000.0,-21.53359
2800840156.25,-21.53362
2800840312.5,-21.53557
2800840468.75,-21.53739
2800840625.0,-21.53665
2800840781.25,-21.53761
2800840937.5,-21.54112
2800841093.75,-21.53995
2800841250.0,-21.54033
2800841406.25,-21.54403
2800841562.5,-21.54409
2800841718.75,-21.54674
2800841875.0,-21.54605
2800842031.25,-21.54651
2800842187.5,-21.54855
2800842343.75,-21.55131
2800842500.0,-21.55107
2800842656.25,-21.55227
2800842812.5,-21.55445
2800842968.75,-21.55575
2800843125.0,-21.55572
2800843281.25,-21.55677
2800843437.5,-21.55864
2800843593.75,-21.55841
2800843750.0,-21.56059
2800843906.25,-21.56209
2800844062.5,-21.56345
2800844218.75,-21.56403
2800844375.0,-21.56471
2800844531.25,-21.56728
2800844687.5,-21.56993
2800844843.75,-21.5686
2800845000.0,-21.5689
2800845156.25,-21.57376
2800845312.5,-21.57106
2800845468.75,-21.57577
2800845625.0,-21.57549
2800845781.25,-21.57747
2800845937.5,-21.57859
2800846093.75,-21.57899
2800846250.0,-21.57932
2800846406.25,-21.58068
2800846562.5,-21.58131
2800846718.75,-21.58216
2800846875.0,-21.58342
2800847031.25,-21.58571
2800847187.5,-21.58806
2800847343.75,-21.58868
2800847500.0,-21.58871
2800847656.25,-21.59189
2800847812.5,-21.59248
2800847968.75,-21.59289
2800848125.0,-21.59458
2800848281.25,-21.59578
2800848437.5,-21.59832
2800848593.75,-21.59854
2800848750.0,-21.60008
2800848906.25,-21.6021
2800849062.5,-21.6027
2800849218.75,-21.60435
2800849375.0,-21.60413
2800849531.25,-21.60572
2800849687.5,-21.60707
2800849843.75,-21.60769
2800850000.0,-21.60875
2800850156.25,-21.60916
2800850312.5,-21.61015
2800850468.75,-21.61218
2800850625.0,-21.61432
2800850781.25,-21.612
2800850937.5,-21.61415
2800851093.75,-21.61711
2800851250.0,-21.6186
2800851406.25,-21.62036
2800851562.5,-21.6214
2800851718.75,-21.62243
2800851875.0,-21.62143
2800852031.25,-21.62171
2800852187.5,-21.62357
2800852343.75,-21.62523
2800852500.0,-21.62761
2800852656.25,-21.62812
2800852812.5,-21.62941
2800852968.75,-21.63182
2800853125.0,-21.63369
2800853281.25,-21.63323
2800853437.5,-21.6351
2800853593.75,-21.63548
2800853750.0,-21.6367
2800853906.25,-21.63939
2800854062.5,-21.63884
2800854218.75,-21.64
2800854375.0,-21.64081
2800854531.25,-21.64466
2800854687.5,-21.64014
2800854843.75,-21.64336
2800855000.0,-21.64877
2800855156.25,-21.64751
2800855312.5,-21.65067
2800855468.75,-21.64961
2800855625.0,-21.65186
2800855781.25,-21.65005
2800855937.5,-21.65445
2800856093.75,-21.65583
2800856250.0,-21.6563
2800856406.25,-21.65724
2800856562.5,-21.65642
2800856718.75,-21.65988
2800856875.0,-21.66009
2800857031.25,-21.6591
2800857187.5,-21.66092
2800857343.75,-21.66243
2800857500.0,-21.66362
2800857656.25,-21.66669
2800857812.5,-21.66697
2800857968.75,-21.66879
2800858125.0,-21.66867
2800858281.25,-21.67061
2800858437.5,-21.67301
2800858593.75,-21.67321
2800858750.0,-21.67255
2800858906.25,-21.67691
2800859062.5,-21.67555
2800859218.75,-21.67796
2800859375.0,-21.68113
2800859531.25,-21.68206
2800859687.5,-21.6812
2800859843.75,-21.68359
2800860000.0,-21.68682
2800860156.25,-21.6843
2800860312.5,-21.68667
2800860468.75,-21.68763
2800860625.0,-21.68901
2800860781.25,-21.69181
2800860937.5,-21.69265
2800861093.75,-21.69043
2800861250.0,-21.69269
2800861406.25,-21.69497
2800861562.5,-21.69538
2800861718.75,-21.69686
2800861875.0,-21.69842
2800862031.25,-21.69776
2800862187.5,-21.69907
2800862343.75,-21.70099
2800862500.0,-21.70017
2800862656.25,-21.70398
2800862812.5,-21.7042
2800862968.75,-21.70539
2800863125.0,-21.70857
2800863281.25,-21.707
2800863437.5,-21.70947
2800863593.75,-21.71125
2800863750.0,-21.71275
2800863906.25,-21.71412
2800864062.5,-21.71354
2800864218.75,-21.71674
2800864375.0,-21.7141
2800864531.25,-21.72182
2800864687.5,-21.71916
2800864843.75,-21.72022
2800865000.0,-21.72195
2800865156.25,-21.72264
2800865312.5,-21.7242
2800865468.75,-21.72558
2800865625.0,-21.724
2800865781.25,-21.72643
2800865937.5,-21.72658
2800866093.75,-21.72861
2800866250.0,-21.73306
2800866406.25,-21.73169
2800866562.5,-21.73311
2800866718.75,-21.73254
2800866875.0,-21.73489
2800867031.25,-21.73741
2800867187.5,-21.73748
2800867343.75,-21.73857
2800867500.0,-21.73904
2800867656.25,-21.74092
2800867812.5,-21.74343
2800867968.75,-21.74344
2800868125.0,-21.74368
2800868281.25,-21.74462
2800868437.5,-21.75037
2800868593.75,-21.7493
2800868750.0,-21.74941
2800868906.25,-21.75043
2800869062.5,-21.75214
2800869218.75,-21.75221
2800869375.0,-21.7524
2800869531.25,-21.75645
2800869687.5,-21.75551
2800869843.75,-21.75846
2800870000.0,-21.75804
2800870156.25,-21.7585
2800870312.5,-21.76164
2800870468.75,-21.76266
2800870625.0,-21.76499
2800870781.25,-21.76513
2800870937.5,-21.76622
2800871093.75,-21.76718
2800871250.0,-21.76777
2800871406.25,-21.76856
2800871562.5,-21.77135
2800871718.75,-21.77129
2800871875.0,-21.77256
2800872031.25,-21.77356
2800872187.5,-21.77318
2800872343.75,-21.7742
2800872500.0,-21.7776
2800872656.25,-21.78137
2800872812.5,-21.78062
2800872968.75,-21.78007
2800873125.0,-21.78244
2800873281.25,-21.78131
2800873437.5,-21.78452
2800873593.75,-21.78677
2800873750.0,-21.78815
2800873906.25,-21.78862
2800874062.5,-21.78899
2800874218.75,-21.79019
2800874375.0,-21.79186
2800874531.25,-21.79249
2800874687.5,-21.79539
2800874843.75,-21.79545
2800875000.0,-21.79668
2800875156.25,-21.79971
2800875312.5,-21.79843
2800875468.75,-21.80056
2800875625.0,-21.80191
2800875781.25,-21.80232
2800875937.5,-21.80152
2800876093.75,-21.80318
2800876250.0,-21.80414
2800876406.25,-21.80497
2800876562.5,-21.80746
2800876718.75,-21.80835
2800876875.0,-21.81029
2800877031.25,-21.80891
2800877187.5,-21.81491
2800877343.75,-21.81527
2800877500.0,-21.81654
2800877656.25,-21.815
2800877812.5,-21.8155
2800877968.75,-21.81784
2800878125.0,-21.8197
2800878281.25,-21.82109
2800878437.5,-21.82335
2800878593.75,-21.82493
2800878750.0,-21.82561
2800878906.25,-21.82499
2800879062.5,-21.82567
2800879218.75,-21.82561
2800879375.0,-21.82722
2800879531.25,-21.83023
2800879687.5,-21.82961
2800879843.75,-21.83202
2800880000.0,-21.83287
2800880156.25,-21.83575
2800880312.5,-21.83584
2800880468.75,-21.83946
2800880625.0,-21.83677
2800880781.25,-21.83709
2800880937.5,-21.83803
2800881093.75,-21.84186
2800881250.0,-21.8437
2800881406.25,-21.8427
2800881562.5,-21.84527
2800881718.75,-21.84474
2800881875.0,-21.84627
2800882031.25,-21.84604
2800882187.5,-21.84899
2800882343.75,-21.85015
2800882500.0,-21.85163
2800882656.25,-21.85289
2800882812.5,-21.85481
2800882968.75,-21.85435
2800883125.0,-21.85415
2800883281.25,-21.85676
2800883437.5,-21.85926
2800883593.75,-21.85858
2800883750.0,-21.86185
2800883906.25,-21.86034
2800884062.5,-21.86294
2800884218.75,-21.86467
2800884375.0,-21.86443
2800884531.25,-21.8644
2800884687.5,-21.86513
2800884843.75,-21.86884
2800885000.0,-21.86973
2800885156.25,-21.86854
2800885312.5,-21.87109
2800885468.75,-21.87539
2800885625.0,-21.87471
2800885781.25,-21.87762
2800885937.5,-21.87844
2800886093.75,-21.87896
2800886250.0,-21.88166
2800886406.25,-21.87784
2800886562.5,-21.88334
2800886718.75,-21.88099
2800886875.0,-21.8836
2800887031.25,-21.88615
2800887187.5,-21.88633
2800887343.75,-21.88738
2800887500.0,-21.89095
2800887656.25,-21.89142
2800887812.5,-21.89188
2800887968.75,-21.89311
2800888125.0,-21.89304
2800888281.25,-21.8958
2800888437.5,-21.895
2800888593.75,-21.89665
2800888750.0,-21.89957
2800888906.25,-21.89899
2800889062.5,-21.89982
2800889218.75,-21.90061
2800889375.0,-21.90345
2800889531.25,-21.90337
2800889687.5,-21.90613
2800889843.75,-21.90758
2800890000.0,-21.90735
2800890156.25,-21.90828
2800890312.5,-21.90838
2800890468.75,-21.91029
2800890625.0,-21.90956
2800890781.25,-21.91094
2800890937.5,-21.91582
2800891093.75,-21.9169
2800891250.0,-21.91553
2800891406.25,-21.91759
2800891562.5,-21.92086
2800891718.75,-21.91786
2800891875.0,-21.92285
2800892031.25,-21.92084
2800892187.5,-21.92236
2800892343.75,-21.92538
2800892500.0,-21.92375
2800892656.25,-21.9254
2800892812.5,-21.9287
2800892968.75,-21.92887
2800893125.0,-21.92925
2800893281.25,-21.93006
2800893437.5,-21.93267
2800893593.75,-21.9347
2800893750.0,-21.93606
2800893906.25,-21.93534
2800894062.5,-21.93663
2800894218.75,-21.93868
2800894375.0,-21.93655
2800894531.25,-21.94096
2800894687.5,-21.94118
2800894843.75,-21.94013
2800895000.0,-21.94538
2800895156.25,-21.9441
2800895312.5,-21.94262
2800895468.75,-21.94678
2800895625.0,-21.94635
2800895781.25,-21.94874
2800895937.5,-21.95111
2800896093.75,-21.95171
2800896250.0,-21.95028
2800896406.25,-21.95593
2800896562.5,-21.95789
2800896718.75,-21.95779
2800896875.0,-21.95703
2800897031.25,-21.95787
2800897187.5,-21.95945
2800897343.75,-21.96108
2800897500.0,-21.95957
2800897656.25,-21.96575
2800897812.5,-21.96324
2800897968.75,-21.96592
2800898125.0,-21.9658
2800898281.25,-21.96674
2800898437.5,-21.96897
2800898593.75,-21.96988
2800898750.0,-21.97175
2800898906.25,-21.97112
2800899062.5,-21.97187
2800899218.75,-21.97609
2800899375.0,-21.9768
2800899531.25,-21.97785
2800899687.5,-21.97675
2800899843.75,-21.97913
2800900000.0,-21.98058
2800900156.25,-21.98324
2800900312.5,-21.98277
2800900468.75,-21.98477
2800900625.0,-21.98724
2800900781.25,-21.98625
2800900937.5,-21.98708
2800901093.75,-21.98893
2800901250.0,-21.988
2800901406.25,-21.99153
2800901562.5,-21.99135
2800901718.75,-21.99352
2800901875.0,-21.99526
2800902031.25,-21.99249
2800902187.5,-21.99799
2800902343.75,-21.99759
2800902500.0,-22.00016
2800902656.25,-21.99884
2800902812.5,-21.99961
2800902968.75,-22.00177
2800903125.0,-22.00196
2800903281.25,-22.00556
2800903437.5,-22.0043
2800903593.75,-22.00768
2800903750.0,-22.00883
2800903906.25,-22.00795
2800904062.5,-22.00883
2800904218.75,-22.01141
2800904375.0,-22.01236
2800904531.25,-22.01019
2800904687.5,-22.01301
2800904843.75,-22.01604
2800905000.0,-22.01515
2800905156.25,-22.01927
2800905312.5,-22.01981
2800905468.75,-22.02019
2800905625.0,-22.02219
2800905781.25,-22.0208
2800905937.5,-22.0226
2800906093.75,-22.02235
2800906250.0,-22.02637
2800906406.25,-22.0264
2800906562.5,-22.02681
2800906718.75,-22.03029
2800906875.0,-22.02867
2800907031.25,-22.03052
2800907187.5,-22.03417
2800907343.75,-22.03214
2800907500.0,-22.03531
2800907656.25,-22.03536
2800907812.5,-22.0353
2800907968.75,-22.03696
2800908125.0,-22.03867
2800908281.25,-22.03983
2800908437.5,-22.04095
2800908593.75,-22.0421
2800908750.0,-22.04604
2800908906.25,-22.04681
2800909062.5,-22.04646
2800909218.75,-22.04776
2800909375.0,-22.04752
2800909531.25,-22.04907
2800909687.5,-22.04972
2800909843.75,-22.05014
2800910000.0,-22.05357
2800910156.25,-22.05367
2800910312.5,-22.05413
2800910468.75,-22.05581
2800910625.0,-22.05531
2800910781.25,-22.05686
2800910937.5,-22.05713
2800911093.75,-22.05921
2800911250.0,-22.0618
2800911406.25,-22.06157
2800911562.5,-22.06211
2800911718.75,-22.06395
2800911875.0,-22.06515
2800912031.25,-22.0673
2800912187.5,-22.07077
2800912343.75,-22.06749
2800912500.0,-22.06985
2800912656.25,-22.07119
2800912812.5,-22.07306
2800912968.75,-22.07229
2800913125.0,-22.07665
2800913281.25,-22.07782
2800913437.5,-22.07891
2800913593.75,-22.08
2800913750.0,-22.07953
2800913906.25,-22.08165
2800914062.5,-22.08101
2800914218.75,-22.08086
2800914375.0,-22.08315
2800914531.25,-22.08608
2800914687.5,-22.08628
2800914843.75,-22.08697
2800915000.0,-22.09035
2800915156.25,-22.09112
2800915312.5,-22.09223
2800915468.75,-22.09252
2800915625.0,-22.09461
2800915781.25,-22.09186
2800915937.5,-22.09775
2800916093.75,-22.09468
2800916250.0,-22.09749
2800916406.25,-22.1003
2800916562.5,-22.10035
2800916718.75,-22.10003
2800916875.0,-22.1031
2800917031.25,-22.10206
2800917187.5,-22.10418
2800917343.75,-22.10345
2800917500.0,-22.10632
2800917656.25,-22.10834
2800917812.5,-22.10891
2800917968.75,-22.1081
2800918125.0,-22.11281
2800918281.25,-22.11313
2800918437.5,-22.11256
2800918593.75,-22.11476
2800918750.0,-22.11499
2800918906.25,-22.11719
2800919062.5,-22.11701
2800919218.75,-22.11857
2800919375.0,-22.11954
2800919531.25,-22.12183
2800919687.5,-22.12339
2800919843.75,-22.12342
2800920000.0,-22.12515
2800920156.25,-22.12572
2800920312.5,-22.12649
2800920468.75,-22.12962
2800920625.0,-22.12869
2800920781.25,-22.12937
2800920937.5,-22.12895
2800921093.75,-22.13259
2800921250.0,-22.13426
2800921406.25,-22.1326
2800921562.5,-22.13343
2800921718.75,-22.13538
2800921875.0,-22.13654
2800922031.25,-22.13963
2800922187.5,-22.14035
2800922343.75,-22.14131
2800922500.0,-22.14345
2800922656.25,-22.14316
2800922812.5,-22.14486
2800922968.75,-22.14696
2800923125.0,-22.14524
2800923281.25,-22.14573
2800923437.5,-22.14937
2800923593.75,-22.14948
2800923750.0,-22.15013
2800923906.25,-22.15249
2800924062.5,-22.15579
2800924218.75,-22.15471
2800924375.0,-22.15743
2800924531.25,-22.15801
2800924687.5,-22.15841
2800924843.75,-22.15848
2800925000.0,-22.15948
2800925156.25,-22.16203
2800925312.5,-22.1627
2800925468.75,-22.16412
2800925625.0,-22.16354
2800925781.25,-22.16466
2800925937.5,-22.16508
2800926093.75,-22.1674
2800926250.0,-22.1684
2800926406.25,-22.16947
2800926562.5,-22.17198
2800926718.75,-22.17159
2800926875.0,-22.17662
2800927031.25,-22.17332
2800927187.5,-22.17611
2800927343.75,-22.1767
2800927500.0,-22.17823
2800927656.25,-22.17998
2800927812.5,-22.18224
2800927968.75,-22.18347
2800928125.0,-22.18269
2800928281.25,-22.1831
2800928437.5,-22.18493
2800928593.75,-22.18532
2800928750.0,-22.18687
2800928906.25,-22.18842
2800929062.5,-22.19077
2800929218.75,-22.19193
2800929375.0,-22.19062
2800929531.25,-22.19411
2800929687.5,-22.19467
2800929843.75,-22.19357
2800930000.0,-22.19515
2800930156.25,-22.1965
2800930312.5,-22.19833
2800930468.75,-22.19814
2800930625.0,-22.20145
2800930781.25,-22.20116
2800930937.5,-22.2036
2800931093.75,-22.20495
2800931250.0,-22.20172
2800931406.25,-22.20664
2800931562.5,-22.20448
2800931718.75,-22.20807
2800931875.0,-22.20877
2800932031.25,-22.2116
2800932187.5,-22.21119
2800932343.75,-22.21211
2800932500.0,-22.21217
2800932656.25,-22.21395
2800932812.5,-22.2159
2800932968.75,-22.21679
2800933125.0,-22.22005
2800933281.25,-22.21993
2800933437.5,-22.21915
2800933593.75,-22.21952
2800933750.0,-22.22213
2800933906.25,-22.22156
2800934062.5,-22.22413
2800934218.75,-22.22472
2800934375.0,-22.22849
2800934531.25,-22.22818
2800934687.5,-22.23072
2800934843.75,-22.22969
2800935000.0,-22.23156
2800935156.25,-22.23082
2800935312.5,-22.23493
2800935468.75,-22.23478
2800935625.0,-22.23511
2800935781.25,-22.23672
2800935937.5,-22.23681
2800936093.75,-22.23843
2800936250.0,-22.23907
2800936406.25,-22.24473
2800936562.5,-22.24478
2800936718.75,-22.24389
2800936875.0,-22.24461
2800937031.25,-22.24363
2800937187.5,-22.24704
2800937343.75,-22.2464
2800937500.0,-22.24497
2800937656.25,-22.2501
2800937812.5,-22.25055
2800937968.75,-22.25202
2800938125.0,-22.25334
2800938281.25,-22.25427
2800938437.5,-22.25533
2800938593.75,-22.25751
2800938750.0,-22.25507
2800938906.25,-22.25879
2800939062.5,-22.26027
2800939218.75,-22.26013
2800939375.0,-22.26054
2800939531.25,-22.26043
2800939687.5,-22.26351
2800939843.75,-22.26623
2800940000.0,-22.26538
2800940156.25,-22.26818
2800940312.5,-22.26718
2800940468.75,-22.27006
2800940625.0,-22.26939
2800940781.25,-22.27233
2800940937.5,-22.27452
2800941093.75,-22.27484
2800941250.0,-22.2753
2800941406.25,-22.27567
2800941562.5,-22.27516
2800941718.75,-22.28025
2800941875.0,-22.27896
2800942031.25,-22.28105
2800942187.5,-22.28167
2800942343.75,-22.28284
2800942500.0,-22.28335
2800942656.25,-22.28495
2800942812.5,-22.28652
2800942968.75,-22.28618
2800943125.0,-22.28841
2800943281.25,-22.28915
2800943437.5,-22.28904
2800943593.75,-22.29015
2800943750.0,-22.29449
2800943906.25,-22.29303
2800944062.5,-22.29462
2800944218.75,-22.29652
2800944375.0,-22.29603
2800944531.25,-22.2976
2800944687.5,-22.29983
2800944843.75,-22.29907
2800945000.0,-22.30294
2800945156.25,-22.30372
2800945312.5,-22.30515
2800945468.75,-22.30529
2800945625.0,-22.3061
2800945781.25,-22.30704
2800945937.5,-22.30902
2800946093.75,-22.31049
2800946250.0,-22.31149
2800946406.25,-22.31203
2800946562.5,-22.31456
2800946718.75,-22.31353
2800946875.0,-22.31382
2800947031.25,-22.31603
2800947187.5,-22.31757
2800947343.75,-22.31855
2800947500.0,-22.32181
2800947656.25,-22.32269
2800947812.5,-22.32194
2800947968.75,-22.32277
2800948125.0,-22.32433
2800948281.25,-22.32435
2800948437.5,-22.32319
2800948593.75,-22.32507
2800948750.0,-22.33024
2800948906.25,-22.32797
2800949062.5,-22.32944
2800949218.75,-22.33015
2800949375.0,-22.33331
2800949531.25,-22.3352
2800949687.5,-22.33272
2800949843.75,-22.33736
2800950000.0,-22.33863
2800950156.25,-22.33921
2800950312.5,-22.33738
2800950468.75,-22.33844
2800950625.0,-22.33953
2800950781.25,-22.3432
2800950937.5,-22.34292
2800951093.75,-22.34564
2800951250.0,-22.34561
2800951406.25,-22.34701
2800951562.5,-22.34809
2800951718.75,-22.35093
2800951875.0,-22.34939
2800952031.25,-22.35222
2800952187.5,-22.3522
2800952343.75,-22.35406
2800952500.0,-22.35386
2800952656.25,-22.3572
2800952812.5,-22.35736
2800952968.75,-22.35689
2800953125.0,-22.35696
2800953281.25,-22.36211
2800953437.5,-22.36048
2800953593.75,-22.36378
2800953750.0,-22.36162
2800953906.25,-22.36399
2800954062.5,-22.36657
2800954218.75,-22.36538
2800954375.0,-22.36837
2800954531.25,-22.36958
2800954687.5,-22.37052
2800954843.75,-22.369
2800955000.0,-22.37074
2800955156.25,-22.37433
2800955312.5,-22.37153
2800955468.75,-22.37466
2800955625.0,-22.37785
2800955781.25,-22.37905
2800955937.5,-22.37667
2800956093.75,-22.37938
2800956250.0,-22.3813
2800956406.25,-22.37975
2800956562.5,-22.38248
2800956718.75,-22.38132
2800956875.0,-22.38395
2800957031.25,-22.3843
2800957187.5,-22.3881
2800957343.75,-22.38792
2800957500.0,-22.38667
2800957656.25,-22.38996
2800957812.5,-22.39064
2800957968.75,-22.39098
2800958125.0,-22.39388
2800958281.25,-22.39429
2800958437.5,-22.39578
2800958593.75,-22.39619
2800958750.0,-22.39769
2800958906.25,-22.39932
2800959062.5,-22.39988
2800959218.75,-22.40167
2800959375.0,-22.40129
2800959531.25,-22.40273
2800959687.5,-22.40298
2800959843.75,-22.40661
2800960000.0,-22.40804
2800960156.25,-22.40777
2800960312.5,-22.40921
2800960468.75,-22.41071
2800960625.0,-22.40878
2800960781.25,-22.41072
2800960937.5,-22.41496
2800961093.75,-22.4141
2800961250.0,-22.4153
2800961406.25,-22.41761
2800961562.5,-22.41757
2800961718.75,-22.41776
2800961875.0,-22.41912
2800962031.25,-22.42305
2800962187.5,-22.4224
2800962343.75,-22.42249
2800962500.0,-22.42214
2800962656.25,-22.4265
2800962812.5,-22.42574
2800962968.75,-22.42646
2800963125.0,-22.42741
2800963281.25,-22.42947
2800963437.5,-22.4285
2800963593.75,-22.43003
2800963750.0,-22.43269
2800963906.25,-22.43295
2800964062.5,-22.43798
2800964218.75,-22.43551
2800964375.0,-22.43703
2800964531.25,-22.43859
2800964687.5,-22.4403
2800964843.75,-22.43901
2800965000.0,-22.44115
2800965156.25,-22.44294
2800965312.5,-22.44229
2800965468.75,-22.44331
2800965625.0,-22.44373
2800965781.25,-22.44418
2800965937.5,-22.44795
2800966093.75,-22.45003
2800966250.0,-22.44821
2800966406.25,-22.44886
2800966562.5,-22.45236
2800966718.75,-22.45311
2800966875.0,-22.45399
2800967031.25,-22.4538
2800967187.5,-22.4551
2800967343.75,-22.45596
2800967500.0,-22.4568
2800967656.25,-22.45689
2800967812.5,-22.46052
2800967968.75,-22.46238
2800968125.0,-22.46445
2800968281.25,-22.46398
2800968437.5,-22.46405
2800968593.75,-22.46552
2800968750.0,-22.46582
2800968906.25,-22.46877
2800969062.5,-22.46732
2800969218.75,-22.47115
2800969375.0,-22.47004
2800969531.25,-22.47399
2800969687.5,-22.47547
2800969843.75,-22.47345
2800970000.0,-22.47538
2800970156.25,-22.47801
2800970312.5,-22.47872
2800970468.75,-22.47805
2800970625.0,-22.48018
2800970781.25,-22.48159
2800970937.5,-22.48156
2800971093.75,-22.48306
2800971250.0,-22.48453
2800971406.25,-22.48641
2800971562.5,-22.48631
2800971718.75,-22.48738
2800971875.0,-22.48655
2800972031.25,-22.48622
2800972187.5,-22.48965
2800972343.75,-22.49387
2800972500.0,-22.4955
2800972656.25,-22.49459
2800972812.5,-22.49271
2800972968.75,-22.49819
2800973125.0,-22.4996
2800973281.25,-22.50058
2800973437.5,-22.49885
2800973593.75,-22.50176
2800973750.0,-22.50197
2800973906.25,-22.50179
2800974062.5,-22.50258
2800974218.75,-22.50644
2800974375.0,-22.5063
2800974531.25,-22.50624
2800974687.5,-22.50749
2800974843.75,-22.50978
2800975000.0,-22.51076
2800975156.25,-22.51159
2800975312.5,-22.51417
2800975468.75,-22.51422
2800975625.0,-22.51653
2800975781.25,-22.51395
2800975937.5,-22.51616
2800976093.75,-22.51865
2800976250.0,-22.52107
2800976406.25,-22.52002
2800976562.5,-22.52169
2800976718.75,-22.52127
2800976875.0,-22.52496
2800977031.25,-22.52378
2800977187.5,-22.52649
2800977343.75,-22.52631
2800977500.0,-22.52714
2800977656.25,-22.52748
2800977812.5,-22.53195
2800977968.75,-22.52984
2800978125.0,-22.53183
2800978281.25,-22.53125
2800978437.5,-22.53157
2800978593.75,-22.53519
2800978750.0,-22.53689
2800978906.25,-22.53803
2800979062.5,-22.53645
2800979218.75,-22.53826
2800979375.0,-22.53919
2800979531.25,-22.54105
2800979687.5,-22.54272
2800979843.75,-22.54271
2800980000.0,-22.54456
2800980156.25,-22.5456
2800980312.5,-22.54474
2800980468.75,-22.54664
2800980625.0,-22.54772
2800980781.25,-22.55154
2800980937.5,-22.55109
2800981093.75,-22.55079
2800981250.0,-22.55317
2800981406.25,-22.55328
2800981562.5,-22.55619
2800981718.75,-22.5556
2800981875.0,-22.55752
2800982031.25,-22.55724
2800982187.5,-22.55854
2800982343.75,-22.56185
2800982500.0,-22.56142
2800982656.25,-22.5601
2800982812.5,-22.56388
2800982968.75,-22.56359
2800983125.0,-22.56512
2800983281.25,-22.56757
2800983437.5,-22.56849
2800983593.75,-22.56853
2800983750.0,-22.56996
2800983906.25,-22.57155
2800984062.5,-22.57388
2800984218.75,-22.57137
2800984375.0,-22.57337
2800984531.25,-22.57608
2800984687.5,-22.57697
2800984843.75,-22.57704
2800985000.0,-22.57751
2800985156.25,-22.57934
2800985312.5,-22.57982
2800985468.75,-22.58111
2800985625.0,-22.58288
2800985781.25,-22.58442
2800985937.5,-22.58487
2800986093.75,-22.5865
2800986250.0,-22.58752
2800986406.25,-22.58684
2800986562.5,-22.58853
2800986718.75,-22.58945
2800986875.0,-22.59236
2800987031.25,-22.59328
2800987187.5,-22.59523
2800987343.75,-22.59322
2800987500.0,-22.59614
2800987656.25,-22.59536
2800987812.5,-22.59929
2800987968.75,-22.59992
2800988125.0,-22.59824
2800988281.25,-22.59954
2800988437.5,-22.60097
2800988593.75,-22.60449
2800988750.0,-22.60452
2800988906.25,-22.60739
2800989062.5,-22.6039
2800989218.75,-22.60773
2800989375.0,-22.61115
2800989531.25,-22.60985
2800989687.5,-22.61099
2800989843.75,-22.61163
2800990000.0,-22.6124
2800990156.25,-22.61304
2800990312.5,-22.61557
2800990468.75,-22.61582
2800990625.0,-22.61529
2800990781.25,-22.61717
2800990937.5,-22.61758
2800991093.75,-22.62044
2800991250.0,-22.61936
2800991406.25,-22.62313
2800991562.5,-22.6232
2800991718.75,-22.62109
2800991875.0,-22.62685
2800992031.25,-22.62698
2800992187.5,-22.62805
2800992343.75,-22.63077
2800992500.0,-22.62982
2800992656.25,-22.63027
2800992812.5,-22.63046
2800992968.75,-22.63291
2800993125.0,-22.63437
2800993281.25,-22.63621
2800993437.5,-22.63769
2800993593.75,-22.63691
2800993750.0,-22.63976
2800993906.25,-22.64169
2800994062.5,-22.64001
2800994218.75,-22.64183
2800994375.0,-22.64258
2800994531.25,-22.64334
2800994687.5,-22.64389
2800994843.75,-22.6461
2800995000.0,-22.64497
2800995156.25,-22.64558
2800995312.5,-22.64801
2800995468.75,-22.64952
2800995625.0,-22.65074
2800995781.25,-22.65204
2800995937.5,-22.65049
2800996093.75,-22.65384
2800996250.0,-22.65517
2800996406.25,-22.65662
2800996562.5,-22.65545
2800996718.75,-22.65778
2800996875.0,-22.65934
2800997031.25,-22.65911
2800997187.5,-22.66001
2800997343.75,-22.66494
2800997500.0,-22.66297
2800997656.25,-22.66474
2800997812.5,-22.66549
2800997968.75,-22.66626
2800998125.0,-22.66776
2800998281.25,-22.6695
2800998437.5,-22.67071
2800998593.75,-22.6704
2800998750.0,-22.67252
2800998906.25,-22.67384
2800999062.5,-22.67563
2800999218.75,-22.6768
2800999375.0,-22.67492
2800999531.25,-22.67716
2800999687.5,-22.67819
2800999843.75,-22.67962
2801000000.0,-22.6822
2801000156.25,-22.68079
2801000312.5,-22.68082
2801000468.75,-22.6838
2801000625.0,-22.68448
2801000781.25,-22.68603
2801000937.5,-22.6864
2801001093.75,-22.68757
2801001250.0,-22.68962
2801001406.25,-22.69156
2801001562.5,-22.68939
2801001718.75,-22.69038
2801001875.0,-22.69448
2801002031.25,-22.6951
2801002187.5,-22.6928
2801002343.75,-22.69535
2801002500.0,-22.69769
2801002656.25,-22.70021
2801002812.5,-22.70065
2801002968.75,-22.69889
2801003125.0,-22.70047
2801003281.25,-22.70249
2801003437.5,-22.70146
2801003593.75,-22.70441
2801003750.0,-22.70555
2801003906.25,-22.70503
2801004062.5,-22.70963
2801004218.75,-22.7079
2801004375.0,-22.71188
2801004531.25,-22.71038
2801004687.5,-22.71109
2801004843.75,-22.71273
2801005000.0,-22.71207
2801005156.25,-22.71398
2801005312.5,-22.71519
2801005468.75,-22.71902
2801005625.0,-22.71908
2801005781.25,-22.71851
2801005937.5,-22.71967
2801006093.75,-22.72192
2801006250.0,-22.71872
2801006406.25,-22.72626
2801006562.5,-22.72428
2801006718.75,-22.72712
2801006875.0,-22.72812
2801007031.25,-22.72674
2801007187.5,-22.72966
2801007343.75,-22.73087
2801007500.0,-22.72989
2801007656.25,-22.73139
2801007812.5,-22.73432
2801007968.75,-22.73394
2801008125.0,-22.73603
2801008281.25,-22.735
2801008437.5,-22.73775
2801008593.75,-22.73961
2801008750.0,-22.7406
2801008906.25,-22.73796
2801009062.5,-22.73959
2801009218.75,-22.74232
2801009375.0,-22.74061
2801009531.25,-22.74409
2801009687.5,-22.74248
2801009843.75,-22.74689
2801010000.0,-22.74782
2801010156.25,-22.7486
2801010312.5,-22.74809
2801010468.75,-22.74939
2801010625.0,-22.74892
2801010781.25,-22.75261
2801010937.5,-22.75553
2801011093.75,-22.75294
2801011250.0,-22.75694
2801011406.25,-22.756
2801011562.5,-22.75734
2801011718.75,-22.76104
2801011875.0,-22.75953
2801012031.25,-22.76237
2801012187.5,-22.76108
2801012343.75,-22.76161
2801012500.0,-22.76396
2801012656.25,-22.76562
2801012812.5,-22.76485
2801012968.75,-22.7645
2801013125.0,-22.76695
2801013281.25,-22.76888
2801013437.5,-22.76833
2801013593.75,-22.77042
2801013750.0,-22.77297
2801013906.25,-22.77393
2801014062.5,-22.77707
2801014218.75,-22.77358
2801014375.0,-22.77636
2801014531.25,-22.77982
2801014687.5,-22.77908
2801014843.75,-22.78017
2801015000.0,-22.77959
2801015156.25,-22.77953
2801015312.5,-22.78002
2801015468.75,-22.78178
2801015625.0,-22.78466
2801015781.25,-22.7859
2801015937.5,-22.78772
2801016093.75,-22.79119
2801016250.0,-22.78988
2801016406.25,-22.79045
2801016562.5,-22.79216
2801016718.75,-22.79174
2801016875.0,-22.79402
2801017031.25,-22.79439
2801017187.5,-22.7966
2801017343.75,-22.79557
2801017500.0,-22.79748
2801017656.25,-22.80083
2801017812.5,-22.80135
2801017968.75,-22.80104
2801018125.0,-22.80385
2801018281.25,-22.80025
2801018437.5,-22.80099
2801018593.75,-22.80437
2801018750.0,-22.80513
2801018906.25,-22.80711
2801019062.5,-22.80539
2801019218.75,-22.80802
2801019375.0,-22.81336
2801019531.25,-22.80993
2801019687.5,-22.80807
2801019843.75,-22.8122
2801020000.0,-22.81402
2801020156.25,-22.8155
2801020312.5,-22.81612
2801020468.75,-22.81905
2801020625.0,-22.81824
2801020781.25,-22.82031
2801020937.5,-22.8194
2801021093.75,-22.82215
2801021250.0,-22.82195
2801021406.25,-22.82346
2801021562.5,-22.82468
2801021718.75,-22.82503
2801021875.0,-22.82587
2801022031.25,-22.82617
2801022187.5,-22.82726
2801022343.75,-22.83035
2801022500.0,-22.83285
2801022656.25,-22.83098
2801022812.5,-22.8324
2801022968.75,-22.83577
2801023125.0,-22.83488
2801023281.25,-22.83736
2801023437.5,-22.8378
2801023593.75,-22.8394
2801023750.0,-22.84001
2801023906.25,-22.8393
2801024062.5,-22.83908
2801024218.75,-22.84175
2801024375.0,-22.84658
2801024531.25,-22.84195
2801024687.5,-22.84657
2801024843.75,-22.84674
2801025000.0,-22.84774
2801025156.25,-22.84988
2801025312.5,-22.84963
2801025468.75,-22.84689
2801025625.0,-22.85366
2801025781.25,-22.85216
2801025937.5,-22.85597
2801026093.75,-22.85432
2801026250.0,-22.85369
2801026406.25,-22.85419
2801026562.5,-22.85728
2801026718.75,-22.85709
2801026875.0,-22.86116
2801027031.25,-22.85901
2801027187.5,-22.86136
2801027343.75,-22.86388
2801027500.0,-22.86274
2801027656.25,-22.86457
2801027812.5,-22.86439
2801027968.75,-22.86797
2801028125.0,-22.87176
2801028281.25,-22.86762
2801028437.5,-22.87005
2801028593.75,-22.8702
2801028750.0,-22.8717
2801028906.25,-22.87472
2801029062.5,-22.8728
2801029218.75,-22.87382
2801029375.0,-22.87806
2801029531.25,-22.8759
2801029687.5,-22.87701
2801029843.75,-22.87963
2801030000.0,-22.87936
2801030156.25,-22.88004
2801030312.5,-22.882
2801030468.75,-22.88387
2801030625.0,-22.88408
2801030781.25,-22.88433
2801030937.5,-22.88742
2801031093.75,-22.88685
2801031250.0,-22.88636
2801031406.25,-22.8889
2801031562.5,-22.8908
2801031718.75,-22.89379
2801031875.0,-22.8939
2801032031.25,-22.89189
2801032187.5,-22.8949
2801032343.75,-22.8955
2801032500.0,-22.8958
2801032656.25,-22.89803
2801032812.5,-22.89856
2801032968.75,-22.89978
2801033125.0,-22.89979
2801033281.25,-22.90282
2801033437.5,-22.90409
2801033593.75,-22.90521
2801033750.0,-22.90574
2801033906.25,-22.90409
2801034062.5,-22.90542
2801034218.75,-22.90686
2801034375.0,-22.90798
2801034531.25,-22.91035
2801034687.5,-22.91062
2801034843.75,-22.91031
2801035000.0,-22.91344
2801035156.25,-22.91389
2801035312.5,-22.91273
2801035468.75,-22.91539
2801035625.0,-22.9166
2801035781.25,-22.91659
2801035937.5,-22.91861
2801036093.75,-22.9172
2801036250.0,-22.92111
2801036406.25,-22.92255
2801036562.5,-22.92492
2801036718.75,-22.92407
2801036875.0,-22.92682
2801037031.25,-22.92444
2801037187.5,-22.92883
2801037343.75,-22.92974
2801037500.0,-22.92918
2801037656.25,-22.92949
2801037812.5,-22.92895
2801037968.75,-22.93251
2801038125.0,-22.93407
2801038281.25,-22.93547
2801038437.5,-22.93562
2801038593.75,-22.93604
2801038750.0,-22.9378
2801038906.25,-22.93685
2801039062.5,-22.93776
2801039218.75,-22.93943
2801039375.0,-22.94131
2801039531.25,-22.94103
2801039687.5,-22.94238
2801039843.75,-22.9448
2801040000.0,-22.94552
2801040156.25,-22.94567
2801040312.5,-22.94824
2801040468.75,-22.94855
2801040625.0,-22.9509
2801040781.25,-22.94955
2801040937.5,-22.95294
2801041093.75,-22.95438
2801041250.0,-22.95308
2801041406.25,-22.95387
2801041562.5,-22.9552
2801041718.75,-22.9596
2801041875.0,-22.95845
2801042031.25,-22.95821
2801042187.5,-22.96204
2801042343.75,-22.9608
2801042500.0,-22.96227
2801042656.25,-22.96227
2801042812.5,-22.96408
2801042968.75,-22.96331
2801043125.0,-22.96675
2801043281.25,-22.96669
2801043437.5,-22.96691
2801043593.75,-22.96808
2801043750.0,-22.97013
2801043906.25,-22.97352
2801044062.5,-22.97282
2801044218.75,-22.97377
2801044375.0,-22.97599
2801044531.25,-22.97735
2801044687.5,-22.97588
2801044843.75,-22.97716
2801045000.0,-22.9771
2801045156.25,-22.97848
2801045312.5,-22.9807
2801045468.75,-22.97889
2801045625.0,-22.98384
2801045781.25,-22.98276
2801045937.5,-22.98484
2801046093.75,-22.9833
2801046250.0,-22.98795
2801046406.25,-22.98767
2801046562.5,-22.98659
2801046718.75,-22.99093
2801046875.0,-22.98998
2801047031.25,-22.99093
2801047187.5,-22.99381
2801047343.75,-22.99389
2801047500.0,-22.99375
2801047656.25,-22.99562
2801047812.5,-22.99726
2801047968.75,-22.99656
2801048125.0,-22.9979
2801048281.25,-23.00069
2801048437.5,-23.00118
2801048593.75,-23.00121
2801048750.0,-23.00281
2801048906.25,-23.00359
2801049062.5,-23.00641
2801049218.75,-23.00471
2801049375.0,-23.00522
2801049531.25,-23.00923
2801049687.5,-23.00974
2801049843.75,-23.00911
2801050000.0,-23.01037
2801050156.25,-23.01271
2801050312.5,-23.01165
2801050468.75,-23.01599
2801050625.0,-23.01527
2801050781.25,-23.01519
2801050937.5,-23.0174
2801051093.75,-23.01708
2801051250.0,-23.0193
2801051406.25,-23.02325
2801051562.5,-23.02105
2801051718.75,-23.02044
2801051875.0,-23.02414
2801052031.25,-23.02453
2801052187.5,-23.02538
2801052343.75,-23.02468
2801052500.0,-23.02535
2801052656.25,-23.02933
2801052812.5,-23.03082
2801052968.75,-23.02773
2801053125.0,-23.03292
2801053281.25,-23.03104
2801053437.5,-23.03406
2801053593.75,-23.03412
2801053750.0,-23.03511
2801053906.25,-23.03665
2801054062.5,-23.03666
2801054218.75,-23.03547
2801054375.0,-23.03649
2801054531.25,-23.04085
2801054687.5,-23.04163
2801054843.75,-23.04478
2801055000.0,-23.04452
2801055156.25,-23.0446
2801055312.5,-23.04364
2801055468.75,-23.04635
2801055625.0,-23.04708
2801055781.25,-23.05
2801055937.5,-23.04838
2801056093.75,-23.05072
2801056250.0,-23.05172
2801056406.25,-23.0506
2801056562.5,-23.05448
2801056718.75,-23.05241
2801056875.0,-23.0552
2801057031.25,-23.05875
2801057187.5,-23.05794
2801057343.75,-23.05891
2801057500.0,-23.05996
2801057656.25,-23.06175
2801057812.5,-23.06266
2801057968.75,-23.06407
2801058125.0,-23.06197
2801058281.25,-23.0632
2801058437.5,-23.06633
2801058593.75,-23.0649
2801058750.0,-23.06637
2801058906.25,-23.07257
2801059062.5,-23.06774
2801059218.75,-23.07024
2801059375.0,-23.07248
2801059531.25,-23.07304
2801059687.5,-23.07294
2801059843.75,-23.07364
2801060000.0,-23.07483
2801060156.25,-23.07634
2801060312.5,-23.07593
2801060468.75,-23.08073
2801060625.0,-23.07944
2801060781.25,-23.07762
2801060937.5,-23.08174
2801061093.75,-23.08179
2801061250.0,-23.0844
2801061406.25,-23.08661
2801061562.5,-23.08605
2801061718.75,-23.08592
2801061875.0,-23.08697
2801062031.25,-23.08692
2801062187.5,-23.09036
2801062343.75,-23.08898
2801062500.0,-23.09222
2801062656.25,-23.09382
2801062812.5,-23.09466
2801062968.75,-23.09406
2801063125.0,-23.09549
2801063281.25,-23.09827
2801063437.5,-23.09726
2801063593.75,-23.0971
2801063750.0,-23.09919
2801063906.25,-23.10054
2801064062.5,-23.10268
2801064218.75,-23.10276
2801064375.0,-23.10528
2801064531.25,-23.10456
2801064687.5,-23.1045
2801064843.75,-23.10825
2801065000.0,-23.10826
2801065156.25,-23.10811
2801065312.5,-23.11025
2801065468.75,-23.11044
2801065625.0,-23.11222
2801065781.25,-23.1112
2801065937.5,-23.1141
2801066093.75,-23.11365
2801066250.0,-23.11745
2801066406.25,-23.1192
2801066562.5,-23.11903
2801066718.75,-23.11792
2801066875.0,-23.11989
2801067031.25,-23.12167
2801067187.5,-23.12157
2801067343.75,-23.12094
2801067500.0,-23.12093
2801067656.25,-23.12375
2801067812.5,-23.12466
2801067968.75,-23.12739
2801068125.0,-23.12619
2801068281.25,-23.12799
2801068437.5,-23.12913
2801068593.75,-23.1291
2801068750.0,-23.13026
2801068906.25,-23.13158
2801069062.5,-23.13434
2801069218.75,-23.13322
2801069375.0,-23.13528
2801069531.25,-23.13628
2801069687.5,-23.13719
2801069843.75,-23.14004
2801070000.0,-23.14254
2801070156.25,-23.14162
2801070312.5,-23.14146
2801070468.75,-23.1413
2801070625.0,-23.14384
2801070781.25,-23.14313
2801070937.5,-23.14488
2801071093.75,-23.14901
2801071250.0,-23.14796
2801071406.25,-23.14798
2801071562.5,-23.15168
2801071718.75,-23.14905
2801071875.0,-23.15153
2801072031.25,-23.15181
2801072187.5,-23.15272
2801072343.75,-23.15437
2801072500.0,-23.15718
2801072656.25,-23.15679
2801072812.5,-23.15891
2801072968.75,-23.1598
2801073125.0,-23.15885
2801073281.25,-23.16002
2801073437.5,-23.16111
2801073593.75,-23.16033
2801073750.0,-23.16557
2801073906.25,-23.16357
2801074062.5,-23.16857
2801074218.75,-23.16648
2801074375.0,-23.16846
2801074531.25,-23.16931
2801074687.5,-23.17036
2801074843.75,-23.17184
2801075000.0,-23.17044
2801075156.25,-23.17155
2801075312.5,-23.17523
2801075468.75,-23.17392
2801075625.0,-23.17501
2801075781.25,-23.17588
2801075937.5,-23.1765
2801076093.75,-23.17868
2801076250.0,-23.18124
2801076406.25,-23.18246
2801076562.5,-23.18006
2801076718.75,-23.1798
2801076875.0,-23.18146
2801077031.25,-23.18655
2801077187.5,-23.18705
2801077343.75,-23.18596
2801077500.0,-23.18823
2801077656.25,-23.1863
2801077812.5,-23.19053
2801077968.75,-23.1904
2801078125.0,-23.19216
2801078281.25,-23.19538
2801078437.5,-23.19423
2801078593.75,-23.1958
2801078750.0,-23.19737
2801078906.25,-23.19457
2801079062.5,-23.19614
2801079218.75,-23.19967
2801079375.0,-23.19729
2801079531.25,-23.20115
2801079687.5,-23.20069
2801079843.75,-23.20252
2801080000.0,-23.20273
2801080156.25,-23.20486
2801080312.5,-23.20536
2801080468.75,-23.20543
2801080625.0,-23.20831
2801080781.25,-23.20829
2801080937.5,-23.20878
2801081093.75,-23.20971
2801081250.0,-23.20931
2801081406.25,-23.21264
2801081562.5,-23.21486
2801081718.75,-23.21393
2801081875.0,-23.21536
2801082031.25,-23.21789
2801082187.5,-23.21559
2801082343.75,-23.21871
2801082500.0,-23.22028
2801082656.25,-23.21971
2801082812.5,-23.22109
2801082968.75,-23.22185
2801083125.0,-23.22456
2801083281.25,-23.22395
2801083437.5,-23.22271
2801083593.75,-23.22791
2801083750.0,-23.22677
2801083906.25,-23.22962
2801084062.5,-23.23151
2801084218.75,-23.23082
2801084375.0,-23.23043
2801084531.25,-23.2338
2801084687.5,-23.23474
2801084843.75,-23.23539
2801085000.0,-23.23422
2801085156.25,-23.23506
2801085312.5,-23.23704
2801085468.75,-23.24016
2801085625.0,-23.23722
2801085781.25,-23.24119
2801085937.5,-23.24242
2801086093.75,-23.24153
2801086250.0,-23.24546
2801086406.25,-23.24253
2801086562.5,-23.24635
2801086718.75,-23.24721
2801086875.0,-23.24603
2801087031.25,-23.24767
2801087187.5,-23.25021
2801087343.75,-23.24891
2801087500.0,-23.25106
2801087656.25,-23.25453
2801087812.5,-23.25208
2801087968.75,-23.25323
2801088125.0,-23.25434
2801088281.25,-23.25669
2801088437.5,-23.25435
2801088593.75,-23.25671
2801088750.0,-23.25875
2801088906.25,-23.25836
2801089062.5,-23.25926
2801089218.75,-23.2617
2801089375.0,-23.26216
2801089531.25,-23.26296
2801089687.5,-23.26461
2801089843.75,-23.2647
2801090000.0,-23.26768
2801090156.25,-23.26915
2801090312.5,-23.26916
2801090468.75,-23.26849
2801090625.0,-23.27195
2801090781.25,-23.27048
2801090937.5,-23.2739
2801091093.75,-23.2735
2801091250.0,-23.27476
2801091406.25,-23.27746
2801091562.5,-23.27284
2801091718.75,-23.27845
2801091875.0,-23.27608
2801092031.25,-23.27815
2801092187.5,-23.2822
2801092343.75,-23.28222
2801092500.0,-23.2834
2801092656.25,-23.28273
2801092812.5,-23.28297
2801092968.75,-23.28794
2801093125.0,-23.28711
2801093281.25,-23.28822
2801093437.5,-23.28914
2801093593.75,-23.2895
2801093750.0,-23.29114
2801093906.25,-23.2928
2801094062.5,-23.29357
2801094218.75,-23.2951
2801094375.0,-23.29355
2801094531.25,-23.29597
2801094687.5,-23.29585
2801094843.75,-23.29885
2801095000.0,-23.29784
2801095156.25,-23.29811
2801095312.5,-23.3012
2801095468.75,-23.30255
2801095625.0,-23.30216
2801095781.25,-23.30414
2801095937.5,-23.30408
2801096093.75,-23.30416
2801096250.0,-23.30509
2801096406.25,-23.30644
2801096562.5,-23.30829
2801096718.75,-23.30793
2801096875.0,-23.31031
2801097031.25,-23.30976
2801097187.5,-23.31251
2801097343.75,-23.3156
2801097500.0,-23.3161
2801097656.25,-23.31355
2801097812.5,-23.31424
2801097968.75,-23.31822
2801098125.0,-23.31809
2801098281.25,-23.3185
2801098437.5,-23.31699
2801098593.75,-23.32218
2801098750.0,-23.32526
2801098906.25,-23.32275
2801099062.5,-23.32566
2801099218.75,-23.32615
2801099375.0,-23.32667
2801099531.25,-23.3295
2801099687.5,-23.32516
2801099843.75,-23.32576
2801100000.0,-23.33117
2801100156.25,-23.33083
2801100312.5,-23.33158
2801100468.75,-23.33077
2801100625.0,-23.33277
2801100781.25,-23.32975
2801100937.5,-23.33715
2801101093.75,-23.33682
2801101250.0,-23.33618
2801101406.25,-23.33849
2801101562.5,-23.34216
2801101718.75,-23.34142
2801101875.0,-23.34288
2801102031.25,-23.34228
2801102187.5,-23.34249
2801102343.75,-23.34493
2801102500.0,-23.3439
2801102656.25,-23.34481
2801102812.5,-23.34719
2801102968.75,-23.34809
2801103125.0,-23.34988
2801103281.25,-23.3473
2801103437.5,-23.35367
2801103593.75,-23.35502
2801103750.0,-23.35582
2801103906.25,-23.35264
2801104062.5,-23.35646
2801104218.75,-23.35585
2801104375.0,-23.35922
2801104531.25,-23.35673
2801104687.5,-23.35899
2801104843.75,-23.36007
2801105000.0,-23.35855
2801105156.25,-23.36217
2801105312.5,-23.36162
2801105468.75,-23.36423
2801105625.0,-23.36625
2801105781.25,-23.36568
2801105937.5,-23.36671
2801106093.75,-23.36778
2801106250.0,-23.37423
2801106406.25,-23.36927
2801106562.5,-23.37117
2801106718.75,-23.36921
2801106875.0,-23.36998
2801107031.25,-23.3732
2801107187.5,-23.37245
2801107343.75,-23.37374
2801107500.0,-23.37657
2801107656.25,-23.37656
2801107812.5,-23.38113
2801107968.75,-23.37913
2801108125.0,-23.37941
2801108281.25,-23.38455
2801108437.5,-23.38234
2801108593.75,-23.38367
2801108750.0,-23.38212
2801108906.25,-23.38682
2801109062.5,-23.38689
2801109218.75,-23.38891
2801109375.0,-23.38835
2801109531.25,-23.39075
2801109687.5,-23.39161
2801109843.75,-23.3926
2801110000.0,-23.39233
2801110156.25,-23.39204
2801110312.5,-23.39283
2801110468.75,-23.39521
2801110625.0,-23.3984
2801110781.25,-23.39877
2801110937.5,-23.39786
2801111093.75,-23.39999
2801111250.0,-23.3988
2801111406.25,-23.40183
2801111562.5,-23.40062
2801111718.75,-23.40201
2801111875.0,-23.40422
2801112031.25,-23.40423
2801112187.5,-23.40628
2801112343.75,-23.40621
2801112500.0,-23.40806
2801112656.25,-23.40761
2801112812.5,-23.41126
2801112968.75,-23.40945
2801113125.0,-23.41248
2801113281.25,-23.41311
2801113437.5,-23.41313
2801113593.75,-23.41435
2801113750.0,-23.41713
2801113906.25,-23.41566
2801114062.5,-23.41604
2801114218.75,-23.41883
2801114375.0,-23.41977
2801114531.25,-23.42148
2801114687.5,-23.42127
2801114843.75,-23.41994
2801115000.0,-23.42164
2801115156.25,-23.423
2801115312.5,-23.42486
2801115468.75,-23.42417
2801115625.0,-23.4277
2801115781.25,-23.42716
2801115937.5,-23.42538
2801116093.75,-23.43033
2801116250.0,-23.43032
2801116406.25,-23.43254
2801116562.5,-23.43034
2801116718.75,-23.43436
2801116875.0,-23.43551
2801117031.25,-23.43306
2801117187.5,-23.4334
2801117343.75,-23.43624
2801117500.0,-23.43913
2801117656.25,-23.43883
2801117812.5,-23.44028
2801117968.75,-23.43829
2801118125.0,-23.44488
2801118281.25,-23.44678
2801118437.5,-23.4444
2801118593.75,-23.44135
2801118750.0,-23.44287
2801118906.25,-23.44576
2801119062.5,-23.45132
2801119218.75,-23.44842
2801119375.0,-23.45206
2801119531.25,-23.45223
2801119687.5,-23.45026
2801119843.75,-23.45454
2801120000.0,-23.45175
2801120156.25,-23.45457
2801120312.5,-23.45711
2801120468.75,-23.45933
2801120625.0,-23.45719
2801120781.25,-23.46164
2801120937.5,-23.46086
2801121093.75,-23.46113
2801121250.0,-23.46426
2801121406.25,-23.46326
2801121562.5,-23.46061
2801121718.75,-23.46541
2801121875.0,-23.46608
2801122031.25,-23.46405
2801122187.5,-23.46797
2801122343.75,-23.46866
2801122500.0,-23.47008
2801122656.25,-23.46853
2801122812.5,-23.47144
2801122968.75,-23.47209
2801123125.0,-23.47432
2801123281.25,-23.47372
2801123437.5,-23.4744
2801123593.75,-23.4746
2801123750.0,-23.47531
2801123906.25,-23.47995
2801124062.5,-23.47749
2801124218.75,-23.48161
2801124375.0,-23.48085
2801124531.25,-23.48582
2801124687.5,-23.48338
2801124843.75,-23.484
2801125000.0,-23.48389
2801125156.25,-23.48647
2801125312.5,-23.48778
2801125468.75,-23.48862
2801125625.0,-23.48687
2801125781.25,-23.48966
2801125937.5,-23.49184
2801126093.75,-23.49213
2801126250.0,-23.49023
2801126406.25,-23.49434
2801126562.5,-23.49533
2801126718.75,-23.49626
2801126875.0,-23.49594
2801127031.25,-23.49649
2801127187.5,-23.49795
2801127343.75,-23.50058
2801127500.0,-23.50275
2801127656.25,-23.50215
2801127812.5,-23.50408
2801127968.75,-23.50327
2801128125.0,-23.50271
2801128281.25,-23.50457
2801128437.5,-23.50667
2801128593.75,-23.50928
2801128750.0,-23.50793
2801128906.25,-23.50813
2801129062.5,-23.50946
2801129218.75,-23.51459
2801129375.0,-23.51544
2801129531.25,-23.51409
2801129687.5,-23.51542
2801129843.75,-23.51644
2801130000.0,-23.51666
2801130156.25,-23.51644
2801130312.5,-23.51909
2801130468.75,-23.51943
2801130625.0,-23.51973
2801130781.25,-23.52048
2801130937.5,-23.51909
2801131093.75,-23.5229
2801131250.0,-23.51971
2801131406.25,-23.52381
2801131562.5,-23.52365
2801131718.75,-23.52547
2801131875.0,-23.52551
2801132031.25,-23.52711
2801132187.5,-23.52802
2801132343.75,-23.53245
2801132500.0,-23.53363
2801132656.25,-23.5323
2801132812.5,-23.53355
2801132968.75,-23.53129
2801133125.0,-23.53406
2801133281.25,-23.53573
2801133437.5,-23.53688
2801133593.75,-23.53802
2801133750.0,-23.53842
2801133906.25,-23.54163
2801134062.5,-23.53907
2801134218.75,-23.5438
2801134375.0,-23.54026
2801134531.25,-23.54141
2801134687.5,-23.54357
2801134843.75,-23.54535
2801135000.0,-23.54576
2801135156.25,-23.54781
2801135312.5,-23.5485
2801135468.75,-23.54839
2801135625.0,-23.54939
2801135781.25,-23.55061
2801135937.5,-23.55256
2801136093.75,-23.55246
2801136250.0,-23.55313
2801136406.25,-23.55764
2801136562.5,-23.55593
2801136718.75,-23.55672
2801136875.0,-23.55898
2801137031.25,-23.55882
2801137187.5,-23.5573
2801137343.75,-23.5593
2801137500.0,-23.55975
2801137656.25,-23.55995
2801137812.5,-23.56474
2801137968.75,-23.56477
2801138125.0,-23.56496
2801138281.25,-23.56397
2801138437.5,-23.56604
2801138593.75,-23.56775
2801138750.0,-23.57203
2801138906.25,-23.56971
2801139062.5,-23.57095
2801139218.75,-23.57436
2801139375.0,-23.572
2801139531.25,-23.57356
2801139687.5,-23.57276
2801139843.75,-23.57789
2801140000.0,-23.57483
2801140156.25,-23.57724
2801140312.5,-23.57709
2801140468.75,-23.58197
2801140625.0,-23.58114
2801140781.25,-23.58206
2801140937.5,-23.58159
2801141093.75,-23.5834
2801141250.0,-23.58101
2801141406.25,-23.58697
2801141562.5,-23.58758
2801141718.75,-23.58677
2801141875.0,-23.58754
2801142031.25,-23.58958
2801142187.5,-23.59209
2801142343.75,-23.59146
2801142500.0,-23.59138
2801142656.25,-23.59361
2801142812.5,-23.59104
2801142968.75,-23.59391
2801143125.0,-23.59925
2801143281.25,-23.59504
2801143437.5,-23.59696
2801143593.75,-23.59807
2801143750.0,-23.60032
2801143906.25,-23.60079
2801144062.5,-23.60047
2801144218.75,-23.60348
2801144375.0,-23.60532
2801144531.25,-23.60657
2801144687.5,-23.60893
2801144843.75,-23.60611
2801145000.0,-23.60632
2801145156.25,-23.60743
2801145312.5,-23.60833
2801145468.75,-23.60999
2801145625.0,-23.61265
2801145781.25,-23.61333
2801145937.5,-23.6115
2801146093.75,-23.61302
2801146250.0,-23.61595
2801146406.25,-23.61735
2801146562.5,-23.61715
2801146718.75,-23.61818
2801146875.0,-23.61919
2801147031.25,-23.61891
2801147187.5,-23.62162
2801147343.75,-23.62222
2801147500.0,-23.62287
2801147656.25,-23.6229
2801147812.5,-23.62317
2801147968.75,-23.6265
2801148125.0,-23.62613
2801148281.25,-23.6266
2801148437.5,-23.6264
2801148593.75,-23.62803
2801148750.0,-23.62951
2801148906.25,-23.6335
2801149062.5,-23.63104
2801149218.75,-23.63048
2801149375.0,-23.63396
2801149531.25,-23.63428
2801149687.5,-23.63658
2801149843.75,-23.63846
2801150000.0,-23.63614
2801150156.25,-23.63789
2801150312.5,-23.64023
2801150468.75,-23.63895
2801150625.0,-23.64099
2801150781.25,-23.64241
2801150937.5,-23.64403
2801151093.75,-23.64421
2801151250.0,-23.64576
2801151406.25,-23.64865
2801151562.5,-23.64791
2801151718.75,-23.64416
2801151875.0,-23.64901
2801152031.25,-23.6516
2801152187.5,-23.65081
2801152343.75,-23.65153
2801152500.0,-23.65404
2801152656.25,-23.65279
2801152812.5,-23.65634
2801152968.75,-23.65474
2801153125.0,-23.65555
2801153281.25,-23.65662
2801153437.5,-23.66084
2801153593.75,-23.65786
2801153750.0,-23.66054
2801153906.25,-23.65933
2801154062.5,-23.66477
2801154218.75,-23.66211
2801154375.0,-23.66514
2801154531.25,-23.66514
2801154687.5,-23.66443
2801154843.75,-23.66884
2801155000.0,-23.66795
2801155156.25,-23.66794
2801155312.5,-23.66853
2801155468.75,-23.66927
2801155625.0,-23.67399
2801155781.25,-23.6749
2801155937.5,-23.67107
2801156093.75,-23.67526
2801156250.0,-23.67577
2801156406.25,-23.67586
2801156562.5,-23.67669
2801156718.75,-23.67753
2801156875.0,-23.67648
2801157031.25,-23.68354
2801157187.5,-23.68464
2801157343.75,-23.68077
2801157500.0,-23.6844
2801157656.25,-23.68401
2801157812.5,-23.68276
2801157968.75,-23.68337
2801158125.0,-23.68538
2801158281.25,-23.68706
2801158437.5,-23.69194
2801158593.75,-23.68886
2801158750.0,-23.68983
2801158906.25,-23.68971
2801159062.5,-23.69113
2801159218.75,-23.69445
2801159375.0,-23.69666
2801159531.25,-23.69598
2801159687.5,-23.69524
2801159843.75,-23.69521
2801160000.0,-23.69993
2801160156.25,-23.69837
2801160312.5,-23.69778
2801160468.75,-23.70132
2801160625.0,-23.70238
2801160781.25,-23.70562
2801160937.5,-23.69993
2801161093.75,-23.70658
2801161250.0,-23.70353
2801161406.25,-23.70584
2801161562.5,-23.70528
2801161718.75,-23.70861
2801161875.0,-23.70996
2801162031.25,-23.7093
2801162187.5,-23.7108
2801162343.75,-23.71273
2801162500.0,-23.71299
2801162656.25,-23.71418
2801162812.5,-23.71451
2801162968.75,-23.71574
2801163125.0,-23.71516
2801163281.25,-23.71768
2801163437.5,-23.71748
2801163593.75,-23.71684
2801163750.0,-23.71972
2801163906.25,-23.72141
2801164062.5,-23.71963
2801164218.75,-23.72405
2801164375.0,-23.72444
2801164531.25,-23.72286
2801164687.5,-23.72399
2801164843.75,-23.72775
2801165000.0,-23.72778
2801165156.25,-23.72673
2801165312.5,-23.73055
2801165468.75,-23.73079
2801165625.0,-23.73257
2801165781.25,-23.73264
2801165937.5,-23.73037
2801166093.75,-23.73249
2801166250.0,-23.73458
2801166406.25,-23.73401
2801166562.5,-23.7381
2801166718.75,-23.73975
2801166875.0,-23.73874
2801167031.25,-23.73854
2801167187.5,-23.74002
2801167343.75,-23.73854
2801167500.0,-23.74473
2801167656.25,-23.74305
2801167812.5,-23.74367
2801167968.75,-23.74627
2801168125.0,-23.74745
2801168281.25,-23.74571
2801168437.5,-23.75027
2801168593.75,-23.74858
2801168750.0,-23.7499
2801168906.25,-23.74813
2801169062.5,-23.75357
2801169218.75,-23.75377
2801169375.0,-23.75558
2801169531.25,-23.75282
2801169687.5,-23.75529
2801169843.75,-23.7566
2801170000.0,-23.75652
2801170156.25,-23.7578
2801170312.5,-23.76062
2801170468.75,-23.76354
2801170625.0,-23.76254
2801170781.25,-23.7646
2801170937.5,-23.76477
2801171093.75,-23.76595
2801171250.0,-23.76272
2801171406.25,-23.76746
2801171562.5,-23.76751
2801171718.75,-23.76595
2801171875.0,-23.76911
2801172031.25,-23.77264
2801172187.5,-23.76903
2801172343.75,-23.77094
2801172500.0,-23.77265
2801172656.25,-23.77253
2801172812.5,-23.77316
2801172968.75,-23.77694
2801173125.0,-23.77579
2801173281.25,-23.77791
2801173437.5,-23.77627
2801173593.75,-23.77896
2801173750.0,-23.78031
2801173906.25,-23.78004
2801174062.5,-23.7818
2801174218.75,-23.78329
2801174375.0,-23.78357
2801174531.25,-23.7871
2801174687.5,-23.78469
2801174843.75,-23.78136
2801175000.0,-23.78579
2801175156.25,-23.78922
2801175312.5,-23.79263
2801175468.75,-23.78713
2801175625.0,-23.79198
2801175781.25,-23.79125
2801175937.5,-23.79446
2801176093.75,-23.79577
2801176250.0,-23.7962
2801176406.25,-23.79625
2801176562.5,-23.79647
2801176718.75,-23.79892
2801176875.0,-23.79667
2801177031.25,-23.79901
2801177187.5,-23.79981
2801177343.75,-23.80164
2801177500.0,-23.80232
2801177656.25,-23.80231
2801177812.5,-23.8036
2801177968.75,-23.80514
2801178125.0,-23.80571
2801178281.25,-23.80715
2801178437.5,-23.80889
2801178593.75,-23.80961
2801178750.0,-23.80864
2801178906.25,-23.80968
2801179062.5,-23.81071
2801179218.75,-23.81174
2801179375.0,-23.81418
2801179531.25,-23.81315
2801179687.5,-23.81191
2801179843.75,-23.81383
2801180000.0,-23.81426
2801180156.25,-23.81741
2801180312.5,-23.81641
2801180468.75,-23.81847
2801180625.0,-23.82173
2801180781.25,-23.82077
2801180937.5,-23.82127
2801181093.75,-23.82173
2801181250.0,-23.8258
2801181406.25,-23.82633
2801181562.5,-23.82609
2801181718.75,-23.82837
2801181875.0,-23.82902
2801182031.25,-23.82963
2801182187.5,-23.82746
2801182343.75,-23.82923
2801182500.0,-23.83113
2801182656.25,-23.8339
2801182812.5,-23.83087
2801182968.75,-23.83565
2801183125.0,-23.83636
2801183281.25,-23.83735
2801183437.5,-23.83624
2801183593.75,-23.83804
2801183750.0,-23.83687
2801183906.25,-23.83962
2801184062.5,-23.84228
2801184218.75,-23.8427
2801184375.0,-23.84257
2801184531.25,-23.84379
2801184687.5,-23.84507
2801184843.75,-23.84332
2801185000.0,-23.84855
2801185156.25,-23.84793
2801185312.5,-23.85202
2801185468.75,-23.84825
2801185625.0,-23.84855
2801185781.25,-23.85324
2801185937.5,-23.84894
2801186093.75,-23.85111
2801186250.0,-23.85301
2801186406.25,-23.85481
2801186562.5,-23.85635
2801186718.75,-23.85611
2801186875.0,-23.85799
2801187031.25,-23.85697
2801187187.5,-23.85914
2801187343.75,-23.86076
2801187500.0,-23.85982
2801187656.25,-23.86406
2801187812.5,-23.86358
2801187968.75,-23.86594
2801188125.0,-23.86505
2801188281.25,-23.86527
2801188437.5,-23.87192
2801188593.75,-23.86901
2801188750.0,-23.86744
2801188906.25,-23.86675
2801189062.5,-23.86938
2801189218.75,-23.87148
2801189375.0,-23.87428
2801189531.25,-23.87401
2801189687.5,-23.87405
2801189843.75,-23.87324
2801190000.0,-23.87519
2801190156.25,-23.87659
2801190312.5,-23.87767
2801190468.75,-23.88013
2801190625.0,-23.87696
2801190781.25,-23.88036
2801190937.5,-23.87981
2801191093.75,-23.88328
2801191250.0,-23.88428
2801191406.25,-23.88509
2801191562.5,-23.8886
2801191718.75,-23.88438
2801191875.0,-23.88668
2801192031.25,-23.88888
2801192187.5,-23.88787
2801192343.75,-23.88792
2801192500.0,-23.89204
2801192656.25,-23.89154
2801192812.5,-23.89453
2801192968.75,-23.89338
2801193125.0,-23.89546
2801193281.25,-23.89708
2801193437.5,-23.89688
2801193593.75,-23.8976
2801193750.0,-23.90043
2801193906.25,-23.90113
2801194062.5,-23.89971
2801194218.75,-23.90407
2801194375.0,-23.90417
2801194531.25,-23.90166
2801194687.5,-23.90483
2801194843.75,-23.90468
2801195000.0,-23.90683
2801195156.25,-23.90673
2801195312.5,-23.90513
2801195468.75,-23.90892
2801195625.0,-23.90816
2801195781.25,-23.90923
2801195937.5,-23.90942
2801196093.75,-23.91225
2801196250.0,-23.91167
2801196406.25,-23.91332
2801196562.5,-23.91351
2801196718.75,-23.91445
2801196875.0,-23.91356
2801197031.25,-23.91731
2801197187.5,-23.91899
2801197343.75,-23.918
2801197500.0,-23.92031
2801197656.25,-23.9209
2801197812.5,-23.92315
2801197968.75,-23.92355
2801198125.0,-23.92463
2801198281.25,-23.92601
2801198437.5,-23.92421
2801198593.75,-23.92662
2801198750.0,-23.92612
2801198906.25,-23.92568
2801199062.5,-23.92773
2801199218.75,-23.93095
2801199375.0,-23.92917
2801199531.25,-23.93396
2801199687.5,-23.93292
2801199843.75,-23.93405
2801200000.0,-23.93439
2801200156.25,-23.93612
2801200312.5,-23.93649
2801200468.75,-23.93662
2801200625.0,-23.93776
2801200781.25,-23.94049
2801200937.5,-23.94129
2801201093.75,-23.94059
2801201250.0,-23.94357
2801201406.25,-23.94496
2801201562.5,-23.94431
2801201718.75,-23.94826
2801201875.0,-23.94498
2801202031.25,-23.9471
2801202187.5,-23.94767
2801202343.75,-23.94928
2801202500.0,-23.95171
2801202656.25,-23.94967
2801202812.5,-23.95199
2801202968.75,-23.95072
2801203125.0,-23.95464
2801203281.25,-23.95389
2801203437.5,-23.95587
2801203593.75,-23.95436
2801203750.0,-23.95579
2801203906.25,-23.95889
2801204062.5,-23.95901
2801204218.75,-23.95749
2801204375.0,-23.95668
2801204531.25,-23.95929
2801204687.5,-23.96249
2801204843.75,-23.96082
2801205000.0,-23.96471
2801205156.25,-23.96386
2801205312.5,-23.96583
2801205468.75,-23.96599
2801205625.0,-23.97049
2801205781.25,-23.97119
2801205937.5,-23.96873
2801206093.75,-23.9716
2801206250.0,-23.97606
2801206406.25,-23.97139
2801206562.5,-23.97449
2801206718.75,-23.97652
2801206875.0,-23.97322
2801207031.25,-23.97496
2801207187.5,-23.97566
2801207343.75,-23.97929
2801207500.0,-23.98022
2801207656.25,-23.98035
2801207812.5,-23.97919
2801207968.75,-23.98433
2801208125.0,-23.98208
2801208281.25,-23.98318
2801208437.5,-23.98715
2801208593.75,-23.98403
2801208750.0,-23.98697
2801208906.25,-23.98547
2801209062.5,-23.98769
2801209218.75,-23.98816
2801209375.0,-23.98728
2801209531.25,-23.99199
2801209687.5,-23.98914
2801209843.75,-23.99459
2801210000.0,-23.99296
2801210156.25,-23.99285
2801210312.5,-23.99339
2801210468.75,-23.99835
2801210625.0,-23.99681
2801210781.25,-23.99552
2801210937.5,-23.99664
2801211093.75,-23.99973
2801211250.0,-23.99917
2801211406.25,-24.0029
2801211562.5,-24.00123
2801211718.75,-24.00372
2801211875.0,-24.00533
2801212031.25,-24.00744
2801212187.5,-24.00356
2801212343.75,-24.0064
2801212500.0,-24.00934
2801212656.25,-24.01005
2801212812.5,-24.01168
2801212968.75,-24.00906
2801213125.0,-24.01239
2801213281.25,-24.01325
2801213437.5,-24.01061
2801213593.75,-24.01452
2801213750.0,-24.01576
2801213906.25,-24.01768
2801214062.5,-24.01813
2801214218.75,-24.01931
2801214375.0,-24.01682
2801214531.25,-24.01896
2801214687.5,-24.02082
2801214843.75,-24.01955
2801215000.0,-24.02394
2801215156.25,-24.0243
2801215312.5,-24.02523
2801215468.75,-24.02295
2801215625.0,-24.02637
2801215781.25,-24.0293
2801215937.5,-24.02694
2801216093.75,-24.02691
2801216250.0,-24.02692
2801216406.25,-24.0298
2801216562.5,-24.03208
2801216718.75,-24.03175
2801216875.0,-24.0327
2801217031.25,-24.03465
2801217187.5,-24.03489
2801217343.75,-24.03337
2801217500.0,-24.03497
2801217656.25,-24.03928
2801217812.5,-24.03926
2801217968.75,-24.04196
2801218125.0,-24.04085
2801218281.25,-24.04384
2801218437.5,-24.04516
2801218593.75,-24.03985
2801218750.0,-24.0416
2801218906.25,-24.04488
2801219062.5,-24.04821
2801219218.75,-24.04437
2801219375.0,-24.0452
2801219531.25,-24.04979
2801219687.5,-24.04648
2801219843.75,-24.05051
2801220000.0,-24.05285
2801220156.25,-24.05027
2801220312.5,-24.05392
2801220468.75,-24.05603
2801220625.0,-24.05451
2801220781.25,-24.05481
2801220937.5,-24.05853
2801221093.75,-24.05651
2801221250.0,-24.05827
2801221406.25,-24.05968
2801221562.5,-24.06107
2801221718.75,-24.05942
2801221875.0,-24.06062
2801222031.25,-24.0659
2801222187.5,-24.06397
2801222343.75,-24.06338
2801222500.0,-24.0631
2801222656.25,-24.06566
2801222812.5,-24.069
2801222968.75,-24.06657
2801223125.0,-24.06983
2801223281.25,-24.07189
2801223437.5,-24.072
2801223593.75,-24.07121
2801223750.0,-24.06963
2801223906.25,-24.07089
2801224062.5,-24.07378
2801224218.75,-24.07516
2801224375.0,-24.07481
2801224531.25,-24.07792
2801224687.5,-24.07737
2801224843.75,-24.07808
2801225000.0,-24.08405
2801225156.25,-24.08065
2801225312.5,-24.08079
2801225468.75,-24.08149
2801225625.0,-24.08349
2801225781.25,-24.08608
2801225937.5,-24.08533
2801226093.75,-24.08827
2801226250.0,-24.0878
2801226406.25,-24.08392
2801226562.5,-24.09121
2801226718.75,-24.08935
2801226875.0,-24.08966
2801227031.25,-24.09139
2801227187.5,-24.09424
2801227343.75,-24.0938
2801227500.0,-24.09532
2801227656.25,-24.0954
2801227812.5,-24.09577
2801227968.75,-24.09638
2801228125.0,-24.0976
2801228281.25,-24.09939
2801228437.5,-24.09704
2801228593.75,-24.09908
2801228750.0,-24.10409
2801228906.25,-24.10137
2801229062.5,-24.1006
2801229218.75,-24.106
2801229375.0,-24.10772
2801229531.25,-24.10642
2801229687.5,-24.10681
2801229843.75,-24.10921
2801230000.0,-24.1114
2801230156.25,-24.10961
2801230312.5,-24.10922
2801230468.75,-24.1125
2801230625.0,-24.11177
2801230781.25,-24.11296
2801230937.5,-24.11371
2801231093.75,-24.11637
2801231250.0,-24.1156
2801231406.25,-24.11692
2801231562.5,-24.12046
2801231718.75,-24.11738
2801231875.0,-24.11812
2801232031.25,-24.11989
2801232187.5,-24.12255
2801232343.75,-24.12223
2801232500.0,-24.12326
2801232656.25,-24.12201
2801232812.5,-24.12145
2801232968.75,-24.12327
2801233125.0,-24.1258
2801233281.25,-24.12631
2801233437.5,-24.12864
2801233593.75,-24.1275
2801233750.0,-24.13318
2801233906.25,-24.13288
2801234062.5,-24.13134
2801234218.75,-24.13315
2801234375.0,-24.13535
2801234531.25,-24.13313
2801234687.5,-24.13583
2801234843.75,-24.1366
2801235000.0,-24.13846
2801235156.25,-24.1412
2801235312.5,-24.13828
2801235468.75,-24.13969
2801235625.0,-24.13994
2801235781.25,-24.14331
2801235937.5,-24.14317
2801236093.75,-24.145
2801236250.0,-24.1443
2801236406.25,-24.14266
2801236562.5,-24.14559
2801236718.75,-24.14891
2801236875.0,-24.14931
2801237031.25,-24.1485
2801237187.5,-24.15143
2801237343.75,-24.14989
2801237500.0,-24.15152
2801237656.25,-24.1528
2801237812.5,-24.15084
2801237968.75,-24.15466
2801238125.0,-24.15436
2801238281.25,-24.15921
2801238437.5,-24.15951
2801238593.75,-24.15776
2801238750.0,-24.15949
2801238906.25,-24.16119
2801239062.5,-24.1627
2801239218.75,-24.1615
2801239375.0,-24.16541
2801239531.25,-24.16599
2801239687.5,-24.16394
2801239843.75,-24.16426
2801240000.0,-24.167
2801240156.25,-24.16862
2801240312.5,-24.16775
2801240468.75,-24.16734
2801240625.0,-24.17202
2801240781.25,-24.16973
2801240937.5,-24.17315
2801241093.75,-24.17078
2801241250.0,-24.17259
2801241406.25,-24.17426
2801241562.5,-24.17516
2801241718.75,-24.17471
2801241875.0,-24.17833
2801242031.25,-24.17786
2801242187.5,-24.17907
2801242343.75,-24.17771
2801242500.0,-24.18173
2801242656.25,-24.18184
2801242812.5,-24.18183
2801242968.75,-24.18182
2801243125.0,-24.18157
2801243281.25,-24.18577
2801243437.5,-24.18298
2801243593.75,-24.18644
2801243750.0,-24.18941
2801243906.25,-24.18584
2801244062.5,-24.19046
2801244218.75,-24.18995
2801244375.0,-24.1899
2801244531.25,-24.19302
2801244687.5,-24.18957
2801244843.75,-24.19325
2801245000.0,-24.19596
2801245156.25,-24.19516
2801245312.5,-24.19534
2801245468.75,-24.19788
2801245625.0,-24.19956
2801245781.25,-24.19853
2801245937.5,-24.19973
2801246093.75,-24.19952
2801246250.0,-24.20043
2801246406.25,-24.2008
2801246562.5,-24.19969
2801246718.75,-24.20127
2801246875.0,-24.20717
2801247031.25,-24.20867
2801247187.5,-24.20817
2801247343.75,-24.20797
2801247500.0,-24.20997
2801247656.25,-24.20894
2801247812.5,-24.21112
2801247968.75,-24.2104
2801248125.0,-24.21122
2801248281.25,-24.20963
2801248437.5,-24.21555
2801248593.75,-24.21519
2801248750.0,-24.21329
2801248906.25,-24.21647
2801249062.5,-24.21748
2801249218.75,-24.22118
2801249375.0,-24.21852
2801249531.25,-24.21957
2801249687.5,-24.22317
2801249843.75,-24.22386
2801250000.0,-24.22273
2801250156.25,-24.22359
2801250312.5,-24.22229
2801250468.75,-24.22465
2801250625.0,-24.22808
2801250781.25,-24.22541
2801250937.5,-24.22786
2801251093.75,-24.23155
2801251250.0,-24.23145
2801251406.25,-24.23519
2801251562.5,-24.23297
2801251718.75,-24.23538
2801251875.0,-24.23233
2801252031.25,-24.2331
2801252187.5,-24.23814
2801252343.75,-24.23431
2801252500.0,-24.23709
2801252656.25,-24.23561
2801252812.5,-24.2369
2801252968.75,-24.23817
2801253125.0,-24.24007
2801253281.25,-24.24241
2801253437.5,-24.24104
2801253593.75,-24.24579
2801253750.0,-24.24225
2801253906.25,-24.24463
2801254062.5,-24.24588
2801254218.75,-24.24506
2801254375.0,-24.24694
2801254531.25,-24.24941
2801254687.5,-24.25356
2801254843.75,-24.25
2801255000.0,-24.2502
2801255156.25,-24.2531
2801255312.5,-24.25333
2801255468.75,-24.25294
2801255625.0,-24.25535
2801255781.25,-24.25545
2801255937.5,-24.25507
2801256093.75,-24.25672
2801256250.0,-24.26122
2801256406.25,-24.25792
2801256562.5,-24.26043
2801256718.75,-24.26266
2801256875.0,-24.26257
2801257031.25,-24.26224
2801257187.5,-24.26169
2801257343.75,-24.26235
2801257500.0,-24.26409
2801257656.25,-24.26634
2801257812.5,-24.26793
2801257968.75,-24.26821
2801258125.0,-24.26877
2801258281.25,-24.27028
2801258437.5,-24.2697
2801258593.75,-24.26919
2801258750.0,-24.27051
2801258906.25,-24.27082
2801259062.5,-24.27263
2801259218.75,-24.27544
2801259375.0,-24.27579
2801259531.25,-24.27534
2801259687.5,-24.27697
2801259843.75,-24.27789
2801260000.0,-24.27848
2801260156.25,-24.28085
2801260312.5,-24.281
2801260468.75,-24.28099
2801260625.0,-24.28275
2801260781.25,-24.28645
2801260937.5,-24.2824
2801261093.75,-24.28385
2801261250.0,-24.28825
2801261406.25,-24.28819
2801261562.5,-24.28812
2801261718.75,-24.28876
2801261875.0,-24.29026
2801262031.25,-24.28841
2801262187.5,-24.29292
2801262343.75,-24.29276
2801262500.0,-24.29322
2801262656.25,-24.29459
2801262812.5,-24.29535
2801262968.75,-24.2965
2801263125.0,-24.29962
2801263281.25,-24.30032
2801263437.5,-24.29916
2801263593.75,-24.29886
2801263750.0,-24.29939
2801263906.25,-24.30226
2801264062.5,-24.30464
2801264218.75,-24.30257
2801264375.0,-24.30556
2801264531.25,-24.3034
2801264687.5,-24.30691
2801264843.75,-24.305
2801265000.0,-24.31057
2801265156.25,-24.31067
2801265312.5,-24.31017
2801265468.75,-24.30995
2801265625.0,-24.31193
2801265781.25,-24.3132
2801265937.5,-24.31424
2801266093.75,-24.314
2801266250.0,-24.31664
2801266406.25,-24.3177
2801266562.5,-24.31636
2801266718.75,-24.32088
2801266875.0,-24.31871
2801267031.25,-24.31713
2801267187.5,-24.32246
2801267343.75,-24.32326
2801267500.0,-24.32051
2801267656.25,-24.32173
2801267812.5,-24.3229
2801267968.75,-24.32518
2801268125.0,-24.32364
2801268281.25,-24.32816
2801268437.5,-24.32661
2801268593.75,-24.32906
2801268750.0,-24.32948
2801268906.25,-24.3279
2801269062.5,-24.3309
2801269218.75,-24.33247
2801269375.0,-24.33345
2801269531.25,-24.33601
2801269687.5,-24.33452
2801269843.75,-24.33708
2801270000.0,-24.33562
2801270156.25,-24.33621
2801270312.5,-24.33452
2801270468.75,-24.33948
2801270625.0,-24.33949
2801270781.25,-24.34084
2801270937.5,-24.34041
2801271093.75,-24.34178
2801271250.0,-24.34424
2801271406.25,-24.34688
2801271562.5,-24.34939
2801271718.75,-24.34637
2801271875.0,-24.34717
2801272031.25,-24.34827
2801272187.5,-24.34704
2801272343.75,-24.34743
2801272500.0,-24.34987
2801272656.25,-24.35312
2801272812.5,-24.34949
2801272968.75,-24.35024
2801273125.0,-24.34928
2801273281.25,-24.35546
2801273437.5,-24.35324
2801273593.75,-24.35209
2801273750.0,-24.35909
2801273906.25,-24.35618
2801274062.5,-24.35931
2801274218.75,-24.36103
2801274375.0,-24.36017
2801274531.25,-24.36244
2801274687.5,-24.35864
2801274843.75,-24.36041
2801275000.0,-24.36233
2801275156.25,-24.36385
2801275312.5,-24.36499
2801275468.75,-24.36897
2801275625.0,-24.36846
2801275781.25,-24.36641
2801275937.5,-24.37011
2801276093.75,-24.37109
2801276250.0,-24.37104
2801276406.25,-24.37145
2801276562.5,-24.37281
2801276718.75,-24.37321
2801276875.0,-24.37587
2801277031.25,-24.37534
2801277187.5,-24.37607
2801277343.75,-24.37534
2801277500.0,-24.37881
2801277656.25,-24.37792
2801277812.5,-24.38037
2801277968.75,-24.38153
2801278125.0,-24.38035
2801278281.25,-24.38143
2801278437.5,-24.38284
2801278593.75,-24.38569
2801278750.0,-24.38534
2801278906.25,-24.38151
2801279062.5,-24.38775
2801279218.75,-24.38749
2801279375.0,-24.3872
2801279531.25,-24.39146
2801279687.5,-24.38982
2801279843.75,-24.38986
2801280000.0,-24.39242
2801280156.25,-24.39162
2801280312.5,-24.39223
2801280468.75,-24.39552
2801280625.0,-24.3962
2801280781.25,-24.3951
2801280937.5,-24.39489
2801281093.75,-24.39825
2801281250.0,-24.39915
2801281406.25,-24.39842
2801281562.5,-24.39926
2801281718.75,-24.40231
2801281875.0,-24.40295
2801282031.25,-24.4031
2801282187.5,-24.40167
2801282343.75,-24.40494
2801282500.0,-24.40229
2801282656.25,-24.4059
2801282812.5,-24.40625
2801282968.75,-24.40515
2801283125.0,-24.4093
2801283281.25,-24.40964
2801283437.5,-24.41287
2801283593.75,-24.41477
2801283750.0,-24.41181
2801283906.25,-24.41449
2801284062.5,-24.41388
2801284218.75,-24.41611
2801284375.0,-24.41346
2801284531.25,-24.41908
2801284687.5,-24.41496
2801284843.75,-24.42
2801285000.0,-24.41988
2801285156.25,-24.41974
2801285312.5,-24.42273
2801285468.75,-24.42253
2801285625.0,-24.42337
2801285781.25,-24.4246
2801285937.5,-24.42366
2801286093.75,-24.42397
2801286250.0,-24.42719
2801286406.25,-24.42716
2801286562.5,-24.42674
2801286718.75,-24.42812
2801286875.0,-24.42973
2801287031.25,-24.43121
2801287187.5,-24.43022
2801287343.75,-24.43039
2801287500.0,-24.43217
2801287656.25,-24.43613
2801287812.5,-24.43533
2801287968.75,-24.43268
2801288125.0,-24.43564
2801288281.25,-24.43731
2801288437.5,-24.43797
2801288593.75,-24.438
2801288750.0,-24.43845
2801288906.25,-24.4433
2801289062.5,-24.44237
2801289218.75,-24.44351
2801289375.0,-24.44319
2801289531.25,-24.44735
2801289687.5,-24.44326
2801289843.75,-24.44442
2801290000.0,-24.44755
2801290156.25,-24.44971
2801290312.5,-24.44502
2801290468.75,-24.44967
2801290625.0,-24.45106
2801290781.25,-24.45266
2801290937.5,-24.45159
2801291093.75,-24.45272
2801291250.0,-24.45718
2801291406.25,-24.45556
2801291562.5,-24.45455
2801291718.75,-24.45238
2801291875.0,-24.45955
2801292031.25,-24.46115
2801292187.5,-24.46159
2801292343.75,-24.45992
2801292500.0,-24.4586
2801292656.25,-24.46155
2801292812.5,-24.46197
2801292968.75,-24.46446
2801293125.0,-24.46221
2801293281.25,-24.46318
2801293437.5,-24.46566
2801293593.75,-24.46537
2801293750.0,-24.46824
2801293906.25,-24.46861
2801294062.5,-24.46946
2801294218.75,-24.46991
2801294375.0,-24.47125
2801294531.25,-24.4722
2801294687.5,-24.47103
2801294843.75,-24.47413
2801295000.0,-24.47556
2801295156.25,-24.47343
2801295312.5,-24.47428
2801295468.75,-24.47561
2801295625.0,-24.47833
2801295781.25,-24.48166
2801295937.5,-24.47875
2801296093.75,-24.4791
2801296250.0,-24.48083
2801296406.25,-24.4852
2801296562.5,-24.48065
2801296718.75,-24.48524
2801296875.0,-24.48605
2801297031.25,-24.48333
2801297187.5,-24.48919
2801297343.75,-24.4864
2801297500.0,-24.48927
2801297656.25,-24.49313
2801297812.5,-24.48825
2801297968.75,-24.48934
2801298125.0,-24.49014
2801298281.25,-24.49104
2801298437.5,-24.49228
2801298593.75,-24.49407
2801298750.0,-24.49321
2801298906.25,-24.49401
2801299062.5,-24.49638
2801299218.75,-24.49498
2801299375.0,-24.4981
2801299531.25,-24.50039
2801299687.5,-24.49898
2801299843.75,-24.49978
2801300000.0,-24.49976
2801300156.25,-24.50141
2801300312.5,-24.50676
2801300468.75,-24.50499
2801300625.0,-24.50818
2801300781.25,-24.50572
2801300937.5,-24.5064
2801301093.75,-24.50736
2801301250.0,-24.51089
2801301406.25,-24.51121
2801301562.5,-24.5114
2801301718.75,-24.5097
2801301875.0,-24.51214
2801302031.25,-24.51378
2801302187.5,-24.51476
2801302343.75,-24.51592
2801302500.0,-24.51715
2801302656.25,-24.51785
2801302812.5,-24.51932
2801302968.75,-24.51806
2801303125.0,-24.51931
2801303281.25,-24.52222
2801303437.5,-24.52033
2801303593.75,-24.5197
2801303750.0,-24.52222
2801303906.25,-24.525
2801304062.5,-24.52477
2801304218.75,-24.52372
2801304375.0,-24.52301
2801304531.25,-24.52561
2801304687.5,-24.52779
2801304843.75,-24.5273
2801305000.0,-24.53158
2801305156.25,-24.52879
2801305312.5,-24.53006
2801305468.75,-24.53238
2801305625.0,-24.53478
2801305781.25,-24.53524
2801305937.5,-24.53281
2801306093.75,-24.53705
2801306250.0,-24.53621
2801306406.25,-24.5374
2801306562.5,-24.53847
2801306718.75,-24.54027
2801306875.0,-24.53934
2801307031.25,-24.54386
2801307187.5,-24.54064
2801307343.75,-24.53804
2801307500.0,-24.54418
2801307656.25,-24.54394
2801307812.5,-24.54368
2801307968.75,-24.54628
2801308125.0,-24.54782
2801308281.25,-24.5438
2801308437.5,-24.54859
2801308593.75,-24.54984
2801308750.0,-24.55154
2801308906.25,-24.55174
2801309062.5,-24.55177
2801309218.75,-24.55106
2801309375.0,-24.55136
2801309531.25,-24.55564
2801309687.5,-24.55719
2801309843.75,-24.55591
2801310000.0,-24.5556
2801310156.25,-24.55648
2801310312.5,-24.55921
2801310468.75,-24.56138
2801310625.0,-24.56243
2801310781.25,-24.56263
2801310937.5,-24.56005
2801311093.75,-24.55966
2801311250.0,-24.56291
2801311406.25,-24.56449
2801311562.5,-24.56752
2801311718.75,-24.56387
2801311875.0,-24.56988
2801312031.25,-24.56496
2801312187.5,-24.56804
2801312343.75,-24.5717
2801312500.0,-24.57175
2801312656.25,-24.57092
2801312812.5,-24.57521
2801312968.75,-24.57428
2801313125.0,-24.57482
2801313281.25,-24.5731
2801313437.5,-24.57313
2801313593.75,-24.57697
2801313750.0,-24.57635
2801313906.25,-24.57825
2801314062.5,-24.57735
2801314218.75,-24.57798
2801314375.0,-24.5807
2801314531.25,-24.58276
2801314687.5,-24.581
2801314843.75,-24.58313
2801315000.0,-24.58564
2801315156.25,-24.5837
2801315312.5,-24.58697
2801315468.75,-24.58356
2801315625.0,-24.58559
2801315781.25,-24.58942
2801315937.5,-24.59039
2801316093.75,-24.58933
2801316250.0,-24.59039
2801316406.25,-24.59242
2801316562.5,-24.59092
2801316718.75,-24.59316
2801316875.0,-24.59265
2801317031.25,-24.5938
2801317187.5,-24.59834
2801317343.75,-24.59617
2801317500.0,-24.599
2801317656.25,-24.59944
2801317812.5,-24.59776
2801317968.75,-24.60226
2801318125.0,-24.60088
2801318281.25,-24.60032
2801318437.5,-24.60447
2801318593.75,-24.6036
2801318750.0,-24.60485
2801318906.25,-24.60297
2801319062.5,-24.60436
2801319218.75,-24.60746
2801319375.0,-24.60911
2801319531.25,-24.6097
2801319687.5,-24.61055
2801319843.75,-24.6102
2801320000.0,-24.61108
2801320156.25,-24.61264
2801320312.5,-24.61121
2801320468.75,-24.61233
2801320625.0,-24.6161
2801320781.25,-24.61551
2801320937.5,-24.61677
2801321093.75,-24.61619
2801321250.0,-24.61669
2801321406.25,-24.6177
2801321562.5,-24.61959
2801321718.75,-24.6231
2801321875.0,-24.6233
2801322031.25,-24.62399
2801322187.5,-24.62158
2801322343.75,-24.62513
2801322500.0,-24.62407
2801322656.25,-24.62644
2801322812.5,-24.62844
2801322968.75,-24.62612
2801323125.0,-24.62913
2801323281.25,-24.62647
2801323437.5,-24.63169
2801323593.75,-24.63134
2801323750.0,-24.63342
2801323906.25,-24.63121
2801324062.5,-24.63184
2801324218.75,-24.63196
2801324375.0,-24.63587
2801324531.25,-24.63472
2801324687.5,-24.63756
2801324843.75,-24.63991
2801325000.0,-24.63752
2801325156.25,-24.63954
2801325312.5,-24.6413
2801325468.75,-24.64143
2801325625.0,-24.64042
2801325781.25,-24.6439
2801325937.5,-24.64087
2801326093.75,-24.646
2801326250.0,-24.64581
2801326406.25,-24.64749
2801326562.5,-24.65015
2801326718.75,-24.64655
2801326875.0,-24.64509
2801327031.25,-24.65008
2801327187.5,-24.64862
2801327343.75,-24.65318
2801327500.0,-24.64931
2801327656.25,-24.65364
2801327812.5,-24.65001
2801327968.75,-24.6533
2801328125.0,-24.65441
2801328281.25,-24.65594
2801328437.5,-24.65557
2801328593.75,-24.6593
2801328750.0,-24.65802
2801328906.25,-24.66131
2801329062.5,-24.66012
2801329218.75,-24.66124
2801329375.0,-24.66088
2801329531.25,-24.66033
2801329687.5,-24.66199
2801329843.75,-24.66616
2801330000.0,-24.66495
2801330156.25,-24.66426
2801330312.5,-24.6654
2801330468.75,-24.6679
2801330625.0,-24.67014
2801330781.25,-24.66768
2801330937.5,-24.67087
2801331093.75,-24.67146
2801331250.0,-24.66985
2801331406.25,-24.67246
2801331562.5,-24.67422
2801331718.75,-24.67262
2801331875.0,-24.67519
2801332031.25,-24.67527
2801332187.5,-24.67581
2801332343.75,-24.67948
2801332500.0,-24.67635
2801332656.25,-24.6808
2801332812.5,-24.67956
2801332968.75,-24.68017
2801333125.0,-24.6832
2801333281.25,-24.68441
2801333437.5,-24.68361
2801333593.75,-24.68636
2801333750.0,-24.68512
2801333906.25,-24.68448
2801334062.5,-24.6879
2801334218.75,-24.68688
2801334375.0,-24.69096
2801334531.25,-24.68972
2801334687.5,-24.69128
2801334843.75,-24.6934
2801335000.0,-24.69148
2801335156.25,-24.69152
2801335312.5,-24.69222
2801335468.75,-24.69596
2801335625.0,-24.69643
2801335781.25,-24.69715
2801335937.5,-24.69543
2801336093.75,-24.69815
2801336250.0,-24.69671
2801336406.25,-24.69717
2801336562.5,-24.7002
2801336718.75,-24.70382
2801336875.0,-24.70335
2801337031.25,-24.70366
2801337187.5,-24.7047
2801337343.75,-24.70648
2801337500.0,-24.70595
2801337656.25,-24.70726
2801337812.5,-24.7091
2801337968.75,-24.70732
2801338125.0,-24.71052
2801338281.25,-24.71176
2801338437.5,-24.71156
2801338593.75,-24.71242
2801338750.0,-24.71248
2801338906.25,-24.714
2801339062.5,-24.71703
2801339218.75,-24.71674
2801339375.0,-24.71773
2801339531.25,-24.71798
2801339687.5,-24.71748
2801339843.75,-24.71902
2801340000.0,-24.72301
2801340156.25,-24.71836
2801340312.5,-24.71952
2801340468.75,-24.72169
2801340625.0,-24.72272
2801340781.25,-24.72446
2801340937.5,-24.72283
2801341093.75,-24.72336
2801341250.0,-24.72629
2801341406.25,-24.7269
2801341562.5,-24.72807
2801341718.75,-24.72586
2801341875.0,-24.72623
2801342031.25,-24.72998
2801342187.5,-24.73143
2801342343.75,-24.72904
2801342500.0,-24.73167
2801342656.25,-24.73261
2801342812.5,-24.73574
2801342968.75,-24.73692
2801343125.0,-24.73502
2801343281.25,-24.73738
2801343437.5,-24.73371
2801343593.75,-24.74102
2801343750.0,-24.73617
2801343906.25,-24.73976
2801344062.5,-24.73882
2801344218.75,-24.74335
2801344375.0,-24.74606
2801344531.25,-24.74297
2801344687.5,-24.7437
2801344843.75,-24.74381
2801345000.0,-24.74463
2801345156.25,-24.74938
2801345312.5,-24.74609
2801345468.75,-24.74947
2801345625.0,-24.74594
2801345781.25,-24.74957
2801345937.5,-24.75088
2801346093.75,-24.75179
2801346250.0,-24.75154
2801346406.25,-24.75413
2801346562.5,-24.75143
2801346718.75,-24.75346
2801346875.0,-24.75598
2801347031.25,-24.75621
2801347187.5,-24.75383
2801347343.75,-24.7577
2801347500.0,-24.75734
2801347656.25,-24.75937
2801347812.5,-24.75935
2801347968.75,-24.7581
2801348125.0,-24.76027
2801348281.25,-24.76148
2801348437.5,-24.7618
2801348593.75,-24.76846
2801348750.0,-24.76822
2801348906.25,-24.76698
2801349062.5,-24.7697
2801349218.75,-24.76699
2801349375.0,-24.77069
2801349531.25,-24.76724
2801349687.5,-24.77218
2801349843.75,-24.77272
2801350000.0,-24.77191
2801350156.25,-24.77125
2801350312.5,-24.7716
2801350468.75,-24.77504
2801350625.0,-24.77504
2801350781.25,-24.77621
2801350937.5,-24.7775
2801351093.75,-24.78122
2801351250.0,-24.77768
2801351406.25,-24.77966
2801351562.5,-24.78132
2801351718.75,-24.78093
2801351875.0,-24.78296
2801352031.25,-24.78316
2801352187.5,-24.7844
2801352343.75,-24.78532
2801352500.0,-24.78581
2801352656.25,-24.78793
2801352812.5,-24.78795
2801352968.75,-24.785
2801353125.0,-24.79211
2801353281.25,-24.78797
2801353437.5,-24.79137
2801353593.75,-24.79419
2801353750.0,-24.79175
2801353906.25,-24.79449
2801354062.5,-24.79408
2801354218.75,-24.79169
2801354375.0,-24.79691
2801354531.25,-24.79517
2801354687.5,-24.79654
2801354843.75,-24.7996
2801355000.0,-24.79966
2801355156.25,-24.80187
2801355312.5,-24.79985
2801355468.75,-24.80268
2801355625.0,-24.80084
2801355781.25,-24.80085
2801355937.5,-24.80723
2801356093.75,-24.80324
2801356250.0,-24.80535
2801356406.25,-24.80573
2801356562.5,-24.80843
2801356718.75,-24.80887
2801356875.0,-24.80872
2801357031.25,-24.81363
2801357187.5,-24.812
2801357343.75,-24.81245
2801357500.0,-24.81539
2801357656.25,-24.8137
2801357812.5,-24.81161
2801357968.75,-24.81129
2801358125.0,-24.81401
2801358281.25,-24.81543
2801358437.5,-24.81823
2801358593.75,-24.8162
2801358750.0,-24.81603
2801358906.25,-24.81933
2801359062.5,-24.81979
2801359218.75,-24.82271
2801359375.0,-24.82315
2801359531.25,-24.82429
2801359687.5,-24.82349
2801359843.75,-24.82495
2801360000.0,-24.8258
2801360156.25,-24.82551
2801360312.5,-24.82602
2801360468.75,-24.82609
2801360625.0,-24.832
2801360781.25,-24.83129
2801360937.5,-24.83183
2801361093.75,-24.83137
2801361250.0,-24.83311
2801361406.25,-24.83278
2801361562.5,-24.83455
2801361718.75,-24.83632
2801361875.0,-24.83286
2801362031.25,-24.83787
2801362187.5,-24.83584
2801362343.75,-24.8402
2801362500.0,-24.8369
2801362656.25,-24.83933
2801362812.5,-24.84171
2801362968.75,-24.84159
2801363125.0,-24.84449
2801363281.25,-24.84341
2801363437.5,-24.84638
2801363593.75,-24.84358
2801363750.0,-24.84615
2801363906.25,-24.84523
2801364062.5,-24.84701
2801364218.75,-24.8454
2801364375.0,-24.84942
2801364531.25,-24.85103
2801364687.5,-24.85187
2801364843.75,-24.85013
2801365000.0,-24.85097
2801365156.25,-24.85276
2801365312.5,-24.85333
2801365468.75,-24.85467
2801365625.0,-24.85319
2801365781.25,-24.85699
2801365937.5,-24.85808
2801366093.75,-24.85914
2801366250.0,-24.86071
2801366406.25,-24.85722
2801366562.5,-24.85786
2801366718.75,-24.85854
2801366875.0,-24.86137
2801367031.25,-24.862
2801367187.5,-24.86317
2801367343.75,-24.86508
2801367500.0,-24.86351
2801367656.25,-24.86466
2801367812.5,-24.86521
2801367968.75,-24.86764
2801368125.0,-24.86825
2801368281.25,-24.86957
2801368437.5,-24.86771
2801368593.75,-24.87144
2801368750.0,-24.87496
2801368906.25,-24.86917
2801369062.5,-24.87308
2801369218.75,-24.87326
2801369375.0,-24.87264
2801369531.25,-24.87203
2801369687.5,-24.8756
2801369843.75,-24.87793
2801370000.0,-24.87881
2801370156.25,-24.87866
2801370312.5,-24.879
2801370468.75,-24.8774
2801370625.0,-24.87916
2801370781.25,-24.8834
2801370937.5,-24.88301
2801371093.75,-24.88544
2801371250.0,-24.88605
2801371406.25,-24.88418
2801371562.5,-24.88456
2801371718.75,-24.88882
2801371875.0,-24.88995
2801372031.25,-24.88719
2801372187.5,-24.88793
2801372343.75,-24.89036
2801372500.0,-24.89268
2801372656.25,-24.8912
2801372812.5,-24.89454
2801372968.75,-24.89765
2801373125.0,-24.89248
2801373281.25,-24.89385
2801373437.5,-24.89721
2801373593.75,-24.8952
2801373750.0,-24.89674
2801373906.25,-24.89852
2801374062.5,-24.89628
2801374218.75,-24.89711
2801374375.0,-24.90045
2801374531.25,-24.9014
2801374687.5,-24.90108
2801374843.75,-24.89971
2801375000.0,-24.90653
2801375156.25,-24.90519
2801375312.5,-24.90405
2801375468.75,-24.91012
2801375625.0,-24.90918
2801375781.25,-24.90992
2801375937.5,-24.91095
2801376093.75,-24.91133
2801376250.0,-24.9078
2801376406.25,-24.91417
2801376562.5,-24.9111
2801376718.75,-24.91325
2801376875.0,-24.91452
2801377031.25,-24.91618
2801377187.5,-24.9128
2801377343.75,-24.91752
2801377500.0,-24.91852
2801377656.25,-24.91669
2801377812.5,-24.91755
2801377968.75,-24.92088
2801378125.0,-24.91906
2801378281.25,-24.92234
2801378437.5,-24.92509
2801378593.75,-24.92556
2801378750.0,-24.92738
2801378906.25,-24.92305
2801379062.5,-24.92673
2801379218.75,-24.92956
2801379375.0,-24.92685
2801379531.25,-24.93128
2801379687.5,-24.92973
2801379843.75,-24.9311
2801380000.0,-24.93152
2801380156.25,-24.9316
2801380312.5,-24.9284
2801380468.75,-24.93346
2801380625.0,-24.93358
2801380781.25,-24.93567
2801380937.5,-24.93599
2801381093.75,-24.93496
2801381250.0,-24.93663
2801381406.25,-24.9341
2801381562.5,-24.94039
2801381718.75,-24.93688
2801381875.0,-24.94004
2801382031.25,-24.93969
2801382187.5,-24.94242
2801382343.75,-24.94392
2801382500.0,-24.9419
2801382656.25,-24.94244
2801382812.5,-24.94707
2801382968.75,-24.94502
2801383125.0,-24.9485
2801383281.25,-24.94701
2801383437.5,-24.94773
2801383593.75,-24.94724
2801383750.0,-24.9495
2801383906.25,-24.95031
2801384062.5,-24.95144
2801384218.75,-24.95405
2801384375.0,-24.95385
2801384531.25,-24.95337
2801384687.5,-24.95438
2801384843.75,-24.95655
2801385000.0,-24.9571
2801385156.25,-24.95574
2801385312.5,-24.95984
2801385468.75,-24.95828
2801385625.0,-24.95939
2801385781.25,-24.95745
2801385937.5,-24.95879
2801386093.75,-24.9627
2801386250.0,-24.96261
2801386406.25,-24.96446
2801386562.5,-24.96145
2801386718.75,-24.96934
2801386875.0,-24.96753
2801387031.25,-24.96657
2801387187.5,-24.96719
2801387343.75,-24.9704
2801387500.0,-24.96903
2801387656.25,-24.97116
2801387812.5,-24.9705
2801387968.75,-24.9698
2801388125.0,-24.97573
2801388281.25,-24.97326
2801388437.5,-24.97586
2801388593.75,-24.97467
2801388750.0,-24.97647
2801388906.25,-24.97387
2801389062.5,-24.97708
2801389218.75,-24.9794
2801389375.0,-24.97597
2801389531.25,-24.97925
2801389687.5,-24.98186
2801389843.75,-24.98468
2801390000.0,-24.98192
2801390156.25,-24.98387
2801390312.5,-24.98333
2801390468.75,-24.98621
2801390625.0,-24.98826
2801390781.25,-24.98426
2801390937.5,-24.98853
2801391093.75,-24.99093
2801391250.0,-24.99074
2801391406.25,-24.98992
2801391562.5,-24.98865
2801391718.75,-24.99058
2801391875.0,-24.99014
2801392031.25,-24.99214
2801392187.5,-24.99677
2801392343.75,-24.99483
2801392500.0,-24.99633
2801392656.25,-24.99602
2801392812.5,-24.99845
2801392968.75,-24.99728
2801393125.0,-24.99872
2801393281.25,-25.00156
2801393437.5,-24.99942
2801393593.75,-24.9982
2801393750.0,-25.00261
2801393906.25,-25.00037
2801394062.5,-25.00408
2801394218.75,-25.00662
2801394375.0,-25.00296
2801394531.25,-25.00264
2801394687.5,-25.00592
2801394843.75,-25.00877
2801395000.0,-25.00915
2801395156.25,-25.00954
2801395312.5,-25.00825
2801395468.75,-25.01142
2801395625.0,-25.01394
2801395781.25,-25.01088
2801395937.5,-25.01425
2801396093.75,-25.01156
2801396250.0,-25.01736
2801396406.25,-25.01701
2801396562.5,-25.01612
2801396718.75,-25.01986
2801396875.0,-25.02168
2801397031.25,-25.01902
2801397187.5,-25.01798
2801397343.75,-25.01874
2801397500.0,-25.01935
2801397656.25,-25.02614
2801397812.5,-25.02368
2801397968.75,-25.02586
2801398125.0,-25.02427
2801398281.25,-25.02581
2801398437.5,-25.02593
2801398593.75,-25.02727
2801398750.0,-25.02789
2801398906.25,-25.02786
2801399062.5,-25.0299
2801399218.75,-25.03031
2801399375.0,-25.02942
2801399531.25,-25.03279
2801399687.5,-25.03318
2801399843.75,-25.03568
2801400000.0,-25.03155
2801400156.25,-25.0349
2801400312.5,-25.0381
2801400468.75,-25.03542
2801400625.0,-25.03682
2801400781.25,-25.03754
2801400937.5,-25.04045
2801401093.75,-25.04504
2801401250.0,-25.03884
2801401406.25,-25.04342
2801401562.5,-25.04598
2801401718.75,-25.04176
2801401875.0,-25.04622
2801402031.25,-25.04724
2801402187.5,-25.04466
2801402343.75,-25.04539
2801402500.0,-25.04832
2801402656.25,-25.04887
2801402812.5,-25.04888
2801402968.75,-25.04822
2801403125.0,-25.0498
2801403281.25,-25.05009
2801403437.5,-25.05058
2801403593.75,-25.05055
2801403750.0,-25.05226
2801403906.25,-25.05629
2801404062.5,-25.05453
2801404218.75,-25.05478
2801404375.0,-25.05836
2801404531.25,-25.05906
2801404687.5,-25.06027
2801404843.75,-25.05872
2801405000.0,-25.06093
2801405156.25,-25.05957
2801405312.5,-25.06415
2801405468.75,-25.06308
2801405625.0,-25.06534
2801405781.25,-25.06258
2801405937.5,-25.06694
2801406093.75,-25.06744
2801406250.0,-25.06767
2801406406.25,-25.06945
2801406562.5,-25.06869
2801406718.75,-25.06911
2801406875.0,-25.06985
2801407031.25,-25.06893
2801407187.5,-25.07194
2801407343.75,-25.07486
2801407500.0,-25.07317
2801407656.25,-25.07212
2801407812.5,-25.07518
2801407968.75,-25.07364
2801408125.0,-25.07846
2801408281.25,-25.07458
2801408437.5,-25.07886
2801408593.75,-25.07759
2801408750.0,-25.08053
2801408906.25,-25.07805
2801409062.5,-25.07994
2801409218.75,-25.08201
2801409375.0,-25.08307
2801409531.25,-25.08755
2801409687.5,-25.08385
2801409843.75,-25.08692
2801410000.0,-25.08569
2801410156.25,-25.08312
2801410312.5,-25.08535
2801410468.75,-25.08624
2801410625.0,-25.0866
2801410781.25,-25.08942
2801410937.5,-25.09053
2801411093.75,-25.09185
2801411250.0,-25.09538
2801411406.25,-25.09494
2801411562.5,-25.09132
2801411718.75,-25.0984
2801411875.0,-25.09571
2801412031.25,-25.09737
2801412187.5,-25.09898
2801412343.75,-25.10071
2801412500.0,-25.09826
2801412656.25,-25.10141
2801412812.5,-25.10286
2801412968.75,-25.10051
2801413125.0,-25.10102
2801413281.25,-25.10656
2801413437.5,-25.10573
2801413593.75,-25.10847
2801413750.0,-25.1069
2801413906.25,-25.10604
2801414062.5,-25.1061
2801414218.75,-25.10577
2801414375.0,-25.10902
2801414531.25,-25.10999
2801414687.5,-25.11042
2801414843.75,-25.11267
2801415000.0,-25.11135
2801415156.25,-25.1118
2801415312.5,-25.11344
2801415468.75,-25.11358
2801415625.0,-25.11642
2801415781.25,-25.11738
2801415937.5,-25.11832
2801416093.75,-25.11434
2801416250.0,-25.11825
2801416406.25,-25.1193
2801416562.5,-25.12034
2801416718.75,-25.12148
2801416875.0,-25.12153
2801417031.25,-25.12214
2801417187.5,-25.12086
2801417343.75,-25.12383
2801417500.0,-25.1261
2801417656.25,-25.12683
2801417812.5,-25.12432
2801417968.75,-25.12471
2801418125.0,-25.12778
2801418281.25,-25.12752
2801418437.5,-25.12918
2801418593.75,-25.1289
2801418750.0,-25.13072
2801418906.25,-25.13268
2801419062.5,-25.13038
2801419218.75,-25.1325
2801419375.0,-25.13424
2801419531.25,-25.13167
2801419687.5,-25.1382
2801419843.75,-25.13641
2801420000.0,-25.1376
2801420156.25,-25.13944
2801420312.5,-25.13802
2801420468.75,-25.14099
2801420625.0,-25.14044
2801420781.25,-25.14122
2801420937.5,-25.14218
2801421093.75,-25.13998
2801421250.0,-25.14058
2801421406.25,-25.14468
2801421562.5,-25.14393
2801421718.75,-25.14496
2801421875.0,-25.1462
2801422031.25,-25.1494
2801422187.5,-25.14916
2801422343.75,-25.14792
2801422500.0,-25.15076
2801422656.25,-25.14943
2801422812.5,-25.1521
2801422968.75,-25.1522
2801423125.0,-25.15308
2801423281.25,-25.15427
2801423437.5,-25.15329
2801423593.75,-25.15508
2801423750.0,-25.15591
2801423906.25,-25.15769
2801424062.5,-25.1564
2801424218.75,-25.16012
2801424375.0,-25.15934
2801424531.25,-25.157
2801424687.5,-25.16095
2801424843.75,-25.16353
2801425000.0,-25.16311
2801425156.25,-25.16393
2801425312.5,-25.16709
2801425468.75,-25.1672
2801425625.0,-25.16244
2801425781.25,-25.17056
2801425937.5,-25.167
2801426093.75,-25.16938
2801426250.0,-25.1727
2801426406.25,-25.16845
2801426562.5,-25.17067
2801426718.75,-25.16945
2801426875.0,-25.16949
2801427031.25,-25.17313
2801427187.5,-25.17126
2801427343.75,-25.17124
2801427500.0,-25.17809
2801427656.25,-25.1769
2801427812.5,-25.17627
2801427968.75,-25.17997
2801428125.0,-25.17873
2801428281.25,-25.17761
2801428437.5,-25.1804
2801428593.75,-25.18086
2801428750.0,-25.18185
2801428906.25,-25.1828
2801429062.5,-25.17903
2801429218.75,-25.18548
2801429375.0,-25.18401
2801429531.25,-25.18827
2801429687.5,-25.18653
2801429843.75,-25.187
2801430000.0,-25.18712
2801430156.25,-25.18968
2801430312.5,-25.18996
2801430468.75,-25.19127
2801430625.0,-25.18947
2801430781.25,-25.19342
2801430937.5,-25.19177
2801431093.75,-25.192
2801431250.0,-25.1948
2801431406.25,-25.19203
2801431562.5,-25.19844
2801431718.75,-25.1971
2801431875.0,-25.19977
2801432031.25,-25.20152
2801432187.5,-25.19972
2801432343.75,-25.198
2801432500.0,-25.20103
2801432656.25,-25.1992
2801432812.5,-25.20058
2801432968.75,-25.20315
2801433125.0,-25.20391
2801433281.25,-25.20455
2801433437.5,-25.20626
2801433593.75,-25.2099
2801433750.0,-25.21006
2801433906.25,-25.20815
2801434062.5,-25.20665
2801434218.75,-25.20884
2801434375.0,-25.20868
2801434531.25,-25.21247
2801434687.5,-25.21148
2801434843.75,-25.21511
2801435000.0,-25.21444
2801435156.25,-25.21351
2801435312.5,-25.21483
2801435468.75,-25.21454
2801435625.0,-25.22112
2801435781.25,-25.21691
2801435937.5,-25.21896
2801436093.75,-25.21795
2801436250.0,-25.22247
2801436406.25,-25.2209
2801436562.5,-25.22081
2801436718.75,-25.2224
2801436875.0,-25.21977
2801437031.25,-25.22615
2801437187.5,-25.22701
2801437343.75,-25.22286
2801437500.0,-25.22091
2801437656.25,-25.22948
2801437812.5,-25.22988
2801437968.75,-25.22523
2801438125.0,-25.23031
2801438281.25,-25.23051
2801438437.5,-25.23264
2801438593.75,-25.2301
2801438750.0,-25.23417
2801438906.25,-25.23189
2801439062.5,-25.23337
2801439218.75,-25.2346
2801439375.0,-25.23563
2801439531.25,-25.23422
2801439687.5,-25.23706
2801439843.75,-25.23855
2801440000.0,-25.24351
2801440156.25,-25.23913
2801440312.5,-25.24014
2801440468.75,-25.24088
2801440625.0,-25.24333
2801440781.25,-25.24026
2801440937.5,-25.24285
2801441093.75,-25.24398
2801441250.0,-25.24554
2801441406.25,-25.24424
2801441562.5,-25.24898
2801441718.75,-25.24761
2801441875.0,-25.24727
2801442031.25,-25.24879
2801442187.5,-25.24906
2801442343.75,-25.24934
2801442500.0,-25.252
2801442656.25,-25.25072
2801442812.5,-25.25651
2801442968.75,-25.25239
2801443125.0,-25.2515
2801443281.25,-25.2552
2801443437.5,-25.25778
2801443593.75,-25.2558
2801443750.0,-25.25551
2801443906.25,-25.25994
2801444062.5,-25.25712
2801444218.75,-25.26197
2801444375.0,-25.26189
2801444531.25,-25.26056
2801444687.5,-25.26529
2801444843.75,-25.26319
2801445000.0,-25.26501
2801445156.25,-25.26337
2801445312.5,-25.26963
2801445468.75,-25.26296
2801445625.0,-25.26911
2801445781.25,-25.26891
2801445937.5,-25.27126
2801446093.75,-25.26761
2801446250.0,-25.2707
2801446406.25,-25.27136
2801446562.5,-25.26849
2801446718.75,-25.27115
2801446875.0,-25.27481
2801447031.25,-25.27129
2801447187.5,-25.27554
2801447343.75,-25.27762
2801447500.0,-25.27865
2801447656.25,-25.2764
2801447812.5,-25.27653
2801447968.75,-25.28027
2801448125.0,-25.27942
2801448281.25,-25.2816
2801448437.5,-25.28214
2801448593.75,-25.28245
2801448750.0,-25.28105
2801448906.25,-25.28264
2801449062.5,-25.28947
2801449218.75,-25.28627
2801449375.0,-25.28758
2801449531.25,-25.2872
2801449687.5,-25.28763
2801449843.75,-25.28963
2801450000.0,-25.29015
2801450156.25,-25.29321
2801450312.5,-25.28858
2801450468.75,-25.29137
2801450625.0,-25.29103
2801450781.25,-25.29628
2801450937.5,-25.2949
2801451093.75,-25.29245
2801451250.0,-25.29764
2801451406.25,-25.29773
2801451562.5,-25.29696
2801451718.75,-25.30317
2801451875.0,-25.29857
2801452031.25,-25.30293
2801452187.5,-25.29899
2801452343.75,-25.30131
2801452500.0,-25.30043
2801452656.25,-25.29988
2801452812.5,-25.30295
2801452968.75,-25.30079
2801453125.0,-25.30556
2801453281.25,-25.30424
2801453437.5,-25.30837
2801453593.75,-25.30732
2801453750.0,-25.3042
2801453906.25,-25.30904
2801454062.5,-25.3084
2801454218.75,-25.31016
2801454375.0,-25.31354
2801454531.25,-25.31323
2801454687.5,-25.3117
2801454843.75,-25.31208
2801455000.0,-25.31331
2801455156.25,-25.31649
2801455312.5,-25.31912
2801455468.75,-25.31776
2801455625.0,-25.32109
2801455781.25,-25.31542
2801455937.5,-25.32143
2801456093.75,-25.31808
2801456250.0,-25.321
2801456406.25,-25.32095
2801456562.5,-25.31974
2801456718.75,-25.32154
2801456875.0,-25.32359
2801457031.25,-25.32579
2801457187.5,-25.32363
2801457343.75,-25.32805
2801457500.0,-25.33009
2801457656.25,-25.32739
2801457812.5,-25.32885
2801457968.75,-25.33207
2801458125.0,-25.33144
2801458281.25,-25.32979
2801458437.5,-25.33089
2801458593.75,-25.33605
2801458750.0,-25.33292
2801458906.25,-25.33559
2801459062.5,-25.33605
2801459218.75,-25.33915
2801459375.0,-25.33378
2801459531.25,-25.33606
2801459687.5,-25.3371
2801459843.75,-25.33644
2801460000.0,-25.34207
2801460156.25,-25.33927
2801460312.5,-25.34164
2801460468.75,-25.34078
2801460625.0,-25.34316
2801460781.25,-25.3438
2801460937.5,-25.34514
2801461093.75,-25.34152
2801461250.0,-25.34558
2801461406.25,-25.3479
2801461562.5,-25.34911
2801461718.75,-25.3484
2801461875.0,-25.34744
2801462031.25,-25.34874
2801462187.5,-25.34798
2801462343.75,-25.35318
2801462500.0,-25.3518
2801462656.25,-25.34979
2801462812.5,-25.35357
2801462968.75,-25.35535
2801463125.0,-25.35282
2801463281.25,-25.35659
2801463437.5,-25.35542
2801463593.75,-25.35849
2801463750.0,-25.35527
2801463906.25,-25.35779
2801464062.5,-25.3609
2801464218.75,-25.36193
2801464375.0,-25.3621
2801464531.25,-25.36193
2801464687.5,-25.3658
2801464843.75,-25.36469
2801465000.0,-25.36577
2801465156.25,-25.36387
2801465312.5,-25.36817
2801465468.75,-25.36709
2801465625.0,-25.36714
2801465781.25,-25.36773
2801465937.5,-25.36926
2801466093.75,-25.37183
2801466250.0,-25.37029
2801466406.25,-25.36784
2801466562.5,-25.37134
2801466718.75,-25.37252
2801466875.0,-25.3743
2801467031.25,-25.37231
2801467187.5,-25.37357
2801467343.75,-25.376
2801467500.0,-25.3775
2801467656.25,-25.37745
2801467812.5,-25.37811
2801467968.75,-25.3778
2801468125.0,-25.37829
2801468281.25,-25.38116
2801468437.5,-25.38315
2801468593.75,-25.38353
2801468750.0,-25.38363
2801468906.25,-25.38011
2801469062.5,-25.38344
2801469218.75,-25.38538
2801469375.0,-25.38573
2801469531.25,-25.38658
2801469687.5,-25.38994
2801469843.75,-25.38905
2801470000.0,-25.39025
2801470156.25,-25.38962
2801470312.5,-25.39015
2801470468.75,-25.38997
2801470625.0,-25.39512
2801470781.25,-25.39393
2801470937.5,-25.39511
2801471093.75,-25.39503
2801471250.0,-25.39834
2801471406.25,-25.39705
2801471562.5,-25.39798
2801471718.75,-25.39684
2801471875.0,-25.40001
2801472031.25,-25.39945
2801472187.5,-25.40175
2801472343.75,-25.39898
2801472500.0,-25.40261
2801472656.25,-25.40042
2801472812.5,-25.40377
2801472968.75,-25.40512
2801473125.0,-25.40503
2801473281.25,-25.40198
2801473437.5,-25.40915
2801473593.75,-25.40754
2801473750.0,-25.40869
2801473906.25,-25.40943
2801474062.5,-25.40718
2801474218.75,-25.40893
2801474375.0,-25.41193
2801474531.25,-25.40957
2801474687.5,-25.41205
2801474843.75,-25.40765
2801475000.0,-25.41419
2801475156.25,-25.41726
2801475312.5,-25.41675
2801475468.75,-25.41649
2801475625.0,-25.41893
2801475781.25,-25.41989
2801475937.5,-25.42221
2801476093.75,-25.41832
2801476250.0,-25.42003
2801476406.25,-25.42017
2801476562.5,-25.4217
2801476718.75,-25.4236
2801476875.0,-25.42393
2801477031.25,-25.42338
2801477187.5,-25.42435
2801477343.75,-25.42508
2801477500.0,-25.42728
2801477656.25,-25.42723
2801477812.5,-25.42856
2801477968.75,-25.427
2801478125.0,-25.43085
2801478281.25,-25.42882
2801478437.5,-25.43269
2801478593.75,-25.43212
2801478750.0,-25.43237
2801478906.25,-25.43187
2801479062.5,-25.43692
2801479218.75,-25.43193
2801479375.0,-25.43632
2801479531.25,-25.43727
2801479687.5,-25.43528
2801479843.75,-25.43925
2801480000.0,-25.4397
2801480156.25,-25.43895
2801480312.5,-25.44091
2801480468.75,-25.44281
2801480625.0,-25.44302
2801480781.25,-25.44179
2801480937.5,-25.44217
2801481093.75,-25.44219
2801481250.0,-25.44424
2801481406.25,-25.44804
2801481562.5,-25.44391
2801481718.75,-25.4466
2801481875.0,-25.44723
2801482031.25,-25.4509
2801482187.5,-25.45038
2801482343.75,-25.44801
2801482500.0,-25.44984
2801482656.25,-25.45031
2801482812.5,-25.44961
2801482968.75,-25.45372
2801483125.0,-25.45437
2801483281.25,-25.4557
2801483437.5,-25.45166
2801483593.75,-25.45648
2801483750.0,-25.45517
2801483906.25,-25.45617
2801484062.5,-25.4568
2801484218.75,-25.45967
2801484375.0,-25.45725
2801484531.25,-25.46029
2801484687.5,-25.46437
2801484843.75,-25.46075
2801485000.0,-25.46161
2801485156.25,-25.465
2801485312.5,-25.46743
2801485468.75,-25.46316
2801485625.0,-25.46696
2801485781.25,-25.46692
2801485937.5,-25.46869
2801486093.75,-25.46576
2801486250.0,-25.46979
2801486406.25,-25.47235
2801486562.5,-25.47051
2801486718.75,-25.46901
2801486875.0,-25.47134
2801487031.25,-25.47421
2801487187.5,-25.47358
2801487343.75,-25.4753
2801487500.0,-25.47554
2801487656.25,-25.47536
2801487812.5,-25.47712
2801487968.75,-25.47918
2801488125.0,-25.47698
2801488281.25,-25.47884
2801488437.5,-25.48174
2801488593.75,-25.48334
2801488750.0,-25.48205
2801488906.25,-25.47931
2801489062.5,-25.48355
2801489218.75,-25.48572
2801489375.0,-25.48381
2801489531.25,-25.48063
2801489687.5,-25.48661
2801489843.75,-25.48927
2801490000.0,-25.48634
2801490156.25,-25.48822
2801490312.5,-25.48843
2801490468.75,-25.49002
2801490625.0,-25.48898
2801490781.25,-25.49341
2801490937.5,-25.4937
2801491093.75,-25.49479
2801491250.0,-25.49263
2801491406.25,-25.49238
2801491562.5,-25.49686
2801491718.75,-25.49849
2801491875.0,-25.49665
2801492031.25,-25.49603
2801492187.5,-25.49939
2801492343.75,-25.50083
2801492500.0,-25.50019
2801492656.25,-25.50154
2801492812.5,-25.50428
2801492968.75,-25.50438
2801493125.0,-25.50449
2801493281.25,-25.50553
2801493437.5,-25.50679
2801493593.75,-25.50876
2801493750.0,-25.50891
2801493906.25,-25.50912
2801494062.5,-25.50783
2801494218.75,-25.5133
2801494375.0,-25.50775
2801494531.25,-25.50826
2801494687.5,-25.50675
2801494843.75,-25.51577
2801495000.0,-25.51159
2801495156.25,-25.51578
2801495312.5,-25.51558
2801495468.75,-25.51234
2801495625.0,-25.51307
2801495781.25,-25.51468
2801495937.5,-25.51691
2801496093.75,-25.51659
2801496250.0,-25.51798
2801496406.25,-25.51816
2801496562.5,-25.52493
2801496718.75,-25.52372
2801496875.0,-25.52142
2801497031.25,-25.52187
2801497187.5,-25.52606
2801497343.75,-25.5219
2801497500.0,-25.52264
2801497656.25,-25.52431
2801497812.5,-25.52856
2801497968.75,-25.52615
2801498125.0,-25.5267
2801498281.25,-25.52831
2801498437.5,-25.52806
2801498593.75,-25.53013
2801498750.0,-25.53462
2801498906.25,-25.5298
2801499062.5,-25.53195
2801499218.75,-25.53454
2801499375.0,-25.53259
2801499531.25,-25.5373
2801499687.5,-25.53641
2801499843.75,-25.53462
2801500000.0,-25.53489
2801500156.25,-25.53498
2801500312.5,-25.53869
2801500468.75,-25.53621
2801500625.0,-25.53379
2801500781.25,-25.5382
2801500937.5,-25.54248
2801501093.75,-25.5415
2801501250.0,-25.53912
2801501406.25,-25.548
2801501562.5,-25.5417
2801501718.75,-25.54189
2801501875.0,-25.54489
2801502031.25,-25.54261
2801502187.5,-25.54693
2801502343.75,-25.54964
2801502500.0,-25.55045
2801502656.25,-25.54861
2801502812.5,-25.55004
2801502968.75,-25.5522
2801503125.0,-25.55008
2801503281.25,-25.55363
2801503437.5,-25.55216
2801503593.75,-25.554
2801503750.0,-25.55345
2801503906.25,-25.55311
2801504062.5,-25.55727
2801504218.75,-25.56003
2801504375.0,-25.5574
2801504531.25,-25.55716
2801504687.5,-25.55774
2801504843.75,-25.56105
2801505000.0,-25.56479
2801505156.25,-25.56184
2801505312.5,-25.56031
2801505468.75,-25.56286
2801505625.0,-25.56171
2801505781.25,-25.5639
2801505937.5,-25.56566
2801506093.75,-25.56491
2801506250.0,-25.5651
2801506406.25,-25.56365
2801506562.5,-25.56843
2801506718.75,-25.56907
2801506875.0,-25.57337
2801507031.25,-25.56967
2801507187.5,-25.57285
2801507343.75,-25.57352
2801507500.0,-25.57259
2801507656.25,-25.57627
2801507812.5,-25.57383
2801507968.75,-25.57634
2801508125.0,-25.57787
2801508281.25,-25.57541
2801508437.5,-25.57697
2801508593.75,-25.57767
2801508750.0,-25.58291
2801508906.25,-25.58199
2801509062.5,-25.58063
2801509218.75,-25.58343
2801509375.0,-25.58179
2801509531.25,-25.57875
2801509687.5,-25.584
2801509843.75,-25.58372
2801510000.0,-25.58648
2801510156.25,-25.58569
2801510312.5,-25.58736
2801510468.75,-25.58837
2801510625.0,-25.59056
2801510781.25,-25.58639
2801510937.5,-25.59028
2801511093.75,-25.58996
2801511250.0,-25.59003
2801511406.25,-25.59107
2801511562.5,-25.58828
2801511718.75,-25.59371
2801511875.0,-25.59965
2801512031.25,-25.59342
2801512187.5,-25.59776
2801512343.75,-25.59578
2801512500.0,-25.60196
2801512656.25,-25.59856
2801512812.5,-25.59801
2801512968.75,-25.59869
2801513125.0,-25.60078
2801513281.25,-25.60338
2801513437.5,-25.60477
2801513593.75,-25.60203
2801513750.0,-25.60412
2801513906.25,-25.60419
2801514062.5,-25.60567
2801514218.75,-25.60759
2801514375.0,-25.61121
2801514531.25,-25.60665
2801514687.5,-25.60923
2801514843.75,-25.61126
2801515000.0,-25.61081
2801515156.25,-25.60991
2801515312.5,-25.61077
2801515468.75,-25.61106
2801515625.0,-25.61412
2801515781.25,-25.61214
2801515937.5,-25.61433
2801516093.75,-25.6149
2801516250.0,-25.61699
2801516406.25,-25.61844
2801516562.5,-25.61765
2801516718.75,-25.62147
2801516875.0,-25.6148
2801517031.25,-25.61838
2801517187.5,-25.62332
2801517343.75,-25.62276
2801517500.0,-25.62159
2801517656.25,-25.62558
2801517812.5,-25.62365
2801517968.75,-25.62594
2801518125.0,-25.62157
2801518281.25,-25.62614
2801518437.5,-25.63048
2801518593.75,-25.62746
2801518750.0,-25.62775
2801518906.25,-25.63081
2801519062.5,-25.62762
2801519218.75,-25.63041
2801519375.0,-25.63216
2801519531.25,-25.6322
2801519687.5,-25.63331
2801519843.75,-25.63568
2801520000.0,-25.63339
2801520156.25,-25.6359
2801520312.5,-25.63457
2801520468.75,-25.63611
2801520625.0,-25.63707
2801520781.25,-25.63624
2801520937.5,-25.63937
2801521093.75,-25.63983
2801521250.0,-25.64071
2801521406.25,-25.63926
2801521562.5,-25.64085
2801521718.75,-25.64255
2801521875.0,-25.6422
2801522031.25,-25.64121
2801522187.5,-25.64433
2801522343.75,-25.64382
2801522500.0,-25.64709
2801522656.25,-25.64668
2801522812.5,-25.64681
2801522968.75,-25.6466
2801523125.0,-25.64896
2801523281.25,-25.64907
2801523437.5,-25.64781
2801523593.75,-25.65188
2801523750.0,-25.65302
2801523906.25,-25.65254
2801524062.5,-25.65491
2801524218.75,-25.65452
2801524375.0,-25.65453
2801524531.25,-25.65321
2801524687.5,-25.65465
2801524843.75,-25.65845
2801525000.0,-25.65913
2801525156.25,-25.65753
2801525312.5,-25.65834
2801525468.75,-25.6569
2801525625.0,-25.66199
2801525781.25,-25.66501
2801525937.5,-25.66128
2801526093.75,-25.66043
2801526250.0,-25.66564
2801526406.25,-25.66319
2801526562.5,-25.66141
2801526718.75,-25.66312
2801526875.0,-25.66488
2801527031.25,-25.66902
2801527187.5,-25.66418
2801527343.75,-25.66908
2801527500.0,-25.67324
2801527656.25,-25.67271
2801527812.5,-25.67237
2801527968.75,-25.67165
2801528125.0,-25.67323
2801528281.25,-25.67492
2801528437.5,-25.67317
2801528593.75,-25.67501
2801528750.0,-25.67414
2801528906.25,-25.67737
2801529062.5,-25.67758
2801529218.75,-25.67733
2801529375.0,-25.68046
2801529531.25,-25.67995
2801529687.5,-25.68288
2801529843.75,-25.68343
2801530000.0,-25.68337
2801530156.25,-25.68062
2801530312.5,-25.68445
2801530468.75,-25.68686
2801530625.0,-25.68418
2801530781.25,-25.68621
2801530937.5,-25.68768
2801531093.75,-25.68712
2801531250.0,-25.68844
2801531406.25,-25.68845
2801531562.5,-25.68928
2801531718.75,-25.68844
2801531875.0,-25.69141
2801532031.25,-25.69297
2801532187.5,-25.69202
2801532343.75,-25.69173
2801532500.0,-25.69563
2801532656.25,-25.69745
2801532812.5,-25.69711
2801532968.75,-25.69627
2801533125.0,-25.69569
2801533281.25,-25.6971
2801533437.5,-25.69978
2801533593.75,-25.7007
2801533750.0,-25.6989
2801533906.25,-25.70133
2801534062.5,-25.70421
2801534218.75,-25.7024
2801534375.0,-25.70045
2801534531.25,-25.70351
2801534687.5,-25.70469
2801534843.75,-25.70584
2801535000.0,-25.70519
2801535156.25,-25.7044
2801535312.5,-25.70791
2801535468.75,-25.70654
2801535625.0,-25.70698
2801535781.25,-25.71221
2801535937.5,-25.71222
2801536093.75,-25.71314
2801536250.0,-25.71236
2801536406.25,-25.71173
2801536562.5,-25.71518
2801536718.75,-25.71342
2801536875.0,-25.71943
2801537031.25,-25.71691
2801537187.5,-25.71557
2801537343.75,-25.71457
2801537500.0,-25.71695
2801537656.25,-25.71776
2801537812.5,-25.72124
2801537968.75,-25.72221
2801538125.0,-25.72197
2801538281.25,-25.72167
2801538437.5,-25.72046
2801538593.75,-25.72275
2801538750.0,-25.72461
2801538906.25,-25.7217
2801539062.5,-25.72705
2801539218.75,-25.72564
2801539375.0,-25.72727
2801539531.25,-25.72703
2801539687.5,-25.72817
2801539843.75,-25.72967
2801540000.0,-25.72893
2801540156.25,-25.73149
2801540312.5,-25.73093
2801540468.75,-25.73098
2801540625.0,-25.73276
2801540781.25,-25.73015
2801540937.5,-25.73168
2801541093.75,-25.73295
2801541250.0,-25.73489
2801541406.25,-25.73424
2801541562.5,-25.73679
2801541718.75,-25.73751
2801541875.0,-25.73946
2801542031.25,-25.73979
2801542187.5,-25.73904
2801542343.75,-25.7402
2801542500.0,-25.74192
2801542656.25,-25.74291
2801542812.5,-25.74459
2801542968.75,-25.74571
2801543125.0,-25.74299
2801543281.25,-25.74653
2801543437.5,-25.74487
2801543593.75,-25.74998
2801543750.0,-25.74507
2801543906.25,-25.7492
2801544062.5,-25.75012
2801544218.75,-25.75071
2801544375.0,-25.75146
2801544531.25,-25.75006
2801544687.5,-25.75249
2801544843.75,-25.7543
2801545000.0,-25.75366
2801545156.25,-25.75664
2801545312.5,-25.75435
2801545468.75,-25.75981
2801545625.0,-25.75754
2801545781.25,-25.7589
2801545937.5,-25.75828
2801546093.75,-25.76014
2801546250.0,-25.75868
2801546406.25,-25.76045
2801546562.5,-25.76218
2801546718.75,-25.76557
2801546875.0,-25.76203
2801547031.25,-25.76391
2801547187.5,-25.76534
2801547343.75,-25.76712
2801547500.0,-25.76177
2801547656.25,-25.76688
2801547812.5,-25.76786
2801547968.75,-25.76712
2801548125.0,-25.76948
2801548281.25,-25.77082
2801548437.5,-25.76674
2801548593.75,-25.76986
2801548750.0,-25.76788
2801548906.25,-25.77157
2801549062.5,-25.77236
2801549218.75,-25.77393
2801549375.0,-25.77379
2801549531.25,-25.77629
2801549687.5,-25.77646
2801549843.75,-25.7743
2801550000.0,-25.77545
2801550156.25,-25.77961
2801550312.5,-25.7764
2801550468.75,-25.78037
2801550625.0,-25.78021
2801550781.25,-25.77905
2801550937.5,-25.77986
2801551093.75,-25.78333
2801551250.0,-25.78536
2801551406.25,-25.78508
2801551562.5,-25.78207
2801551718.75,-25.7873
2801551875.0,-25.78465
2801552031.25,-25.78494
2801552187.5,-25.78868
2801552343.75,-25.78799
2801552500.0,-25.78694
2801552656.25,-25.79205
2801552812.5,-25.79187
2801552968.75,-25.79038
2801553125.0,-25.79308
2801553281.25,-25.79241
2801553437.5,-25.79275
2801553593.75,-25.79151
2801553750.0,-25.79501
2801553906.25,-25.79733
2801554062.5,-25.79877
2801554218.75,-25.79495
2801554375.0,-25.79913
2801554531.25,-25.80037
2801554687.5,-25.79878
2801554843.75,-25.79934
2801555000.0,-25.8001
2801555156.25,-25.80182
2801555312.5,-25.80382
2801555468.75,-25.80073
2801555625.0,-25.80479
2801555781.25,-25.80551
2801555937.5,-25.8038
2801556093.75,-25.80486
2801556250.0,-25.80848
2801556406.25,-25.81039
2801556562.5,-25.81083
2801556718.75,-25.81151
2801556875.0,-25.81184
2801557031.25,-25.8126
2801557187.5,-25.81009
2801557343.75,-25.81309
2801557500.0,-25.81382
2801557656.25,-25.81141
2801557812.5,-25.81682
2801557968.75,-25.81685
2801558125.0,-25.81346
2801558281.25,-25.81712
2801558437.5,-25.82059
2801558593.75,-25.81778
2801558750.0,-25.81748
2801558906.25,-25.8154
2801559062.5,-25.81954
2801559218.75,-25.82314
2801559375.0,-25.82331
2801559531.25,-25.82117
2801559687.5,-25.82273
2801559843.75,-25.82203
2801560000.0,-25.82397
2801560156.25,-25.82983
2801560312.5,-25.82437
2801560468.75,-25.83232
2801560625.0,-25.82649
2801560781.25,-25.8238
2801560937.5,-25.82829
2801561093.75,-25.83117
2801561250.0,-25.83294
2801561406.25,-25.8338
2801561562.5,-25.83187
2801561718.75,-25.83391
2801561875.0,-25.83086
2801562031.25,-25.8356
2801562187.5,-25.83854
2801562343.75,-25.83523
2801562500.0,-25.83594
2801562656.25,-25.83716
2801562812.5,-25.84066
2801562968.75,-25.83866
2801563125.0,-25.8388
2801563281.25,-25.84185
2801563437.5,-25.8384
2801563593.75,-25.83923
2801563750.0,-25.84393
2801563906.25,-25.84042
2801564062.5,-25.84217
2801564218.75,-25.84609
2801564375.0,-25.84521
2801564531.25,-25.84771
2801564687.5,-25.84945
2801564843.75,-25.84793
2801565000.0,-25.85186
2801565156.25,-25.84745
2801565312.5,-25.8491
2801565468.75,-25.85108
2801565625.0,-25.84962
2801565781.25,-25.85369
2801565937.5,-25.8545
2801566093.75,-25.85326
2801566250.0,-25.85623
2801566406.25,-25.85128
2801566562.5,-25.85418
2801566718.75,-25.85649
2801566875.0,-25.86021
2801567031.25,-25.85796
2801567187.5,-25.85656
2801567343.75,-25.85802
2801567500.0,-25.86034
2801567656.25,-25.86046
2801567812.5,-25.86191
2801567968.75,-25.85923
2801568125.0,-25.86339
2801568281.25,-25.86477
2801568437.5,-25.86954
2801568593.75,-25.86526
2801568750.0,-25.86448
2801568906.25,-25.86488
2801569062.5,-25.86641
2801569218.75,-25.86823
2801569375.0,-25.86993
2801569531.25,-25.87107
2801569687.5,-25.8741
2801569843.75,-25.87111
2801570000.0,-25.87399
2801570156.25,-25.87331
2801570312.5,-25.87297
2801570468.75,-25.87293
2801570625.0,-25.87457
2801570781.25,-25.87688
2801570937.5,-25.87899
2801571093.75,-25.87506
2801571250.0,-25.87809
2801571406.25,-25.87803
2801571562.5,-25.8766
2801571718.75,-25.88122
2801571875.0,-25.88096
2801572031.25,-25.88124
2801572187.5,-25.88334
2801572343.75,-25.88558
2801572500.0,-25.88396
2801572656.25,-25.88368
2801572812.5,-25.88654
2801572968.75,-25.88628
2801573125.0,-25.88585
2801573281.25,-25.8884
2801573437.5,-25.89145
2801573593.75,-25.88848
2801573750.0,-25.88666
2801573906.25,-25.88877
2801574062.5,-25.89184
2801574218.75,-25.89262
2801574375.0,-25.89158
2801574531.25,-25.89161
2801574687.5,-25.89384
2801574843.75,-25.89512
2801575000.0,-25.896
2801575156.25,-25.8957
2801575312.5,-25.89607
2801575468.75,-25.89797
2801575625.0,-25.89674
2801575781.25,-25.9003
2801575937.5,-25.8976
2801576093.75,-25.90065
2801576250.0,-25.9013
2801576406.25,-25.9013
2801576562.5,-25.90421
2801576718.75,-25.90282
2801576875.0,-25.9015
2801577031.25,-25.90417
2801577187.5,-25.90389
2801577343.75,-25.9105
2801577500.0,-25.90516
2801577656.25,-25.90623
2801577812.5,-25.90514
2801577968.75,-25.91097
2801578125.0,-25.91099
2801578281.25,-25.91142
2801578437.5,-25.91313
2801578593.75,-25.91058
2801578750.0,-25.91434
2801578906.25,-25.91207
2801579062.5,-25.91257
2801579218.75,-25.91008
2801579375.0,-25.9148
2801579531.25,-25.91346
2801579687.5,-25.91679
2801579843.75,-25.91913
2801580000.0,-25.91812
2801580156.25,-25.92044
2801580312.5,-25.92109
2801580468.75,-25.92276
2801580625.0,-25.92264
2801580781.25,-25.92343
2801580937.5,-25.92519
2801581093.75,-25.92012
2801581250.0,-25.92179
2801581406.25,-25.92747
2801581562.5,-25.92526
2801581718.75,-25.93037
2801581875.0,-25.92667
2801582031.25,-25.92995
2801582187.5,-25.92595
2801582343.75,-25.92989
2801582500.0,-25.92892
2801582656.25,-25.93079
2801582812.5,-25.93352
2801582968.75,-25.93357
2801583125.0,-25.93439
2801583281.25,-25.93634
2801583437.5,-25.93537
2801583593.75,-25.93483
2801583750.0,-25.93744
2801583906.25,-25.93707
2801584062.5,-25.93722
2801584218.75,-25.93753
2801584375.0,-25.9375
2801584531.25,-25.93846
2801584687.5,-25.9402
2801584843.75,-25.94388
2801585000.0,-25.94421
2801585156.25,-25.94413
2801585312.5,-25.94547
2801585468.75,-25.94198
2801585625.0,-25.94682
2801585781.25,-25.94385
2801585937.5,-25.94732
2801586093.75,-25.94678
2801586250.0,-25.94459
2801586406.25,-25.95521
2801586562.5,-25.95091
2801586718.75,-25.94872
2801586875.0,-25.95301
2801587031.25,-25.94786
2801587187.5,-25.95504
2801587343.75,-25.9554
2801587500.0,-25.95675
2801587656.25,-25.95724
2801587812.5,-25.95336
2801587968.75,-25.95486
2801588125.0,-25.95899
2801588281.25,-25.95926
2801588437.5,-25.96072
2801588593.75,-25.96076
2801588750.0,-25.96105
2801588906.25,-25.96153
2801589062.5,-25.95996
2801589218.75,-25.96198
2801589375.0,-25.96011
2801589531.25,-25.96366
2801589687.5,-25.96494
2801589843.75,-25.96647
2801590000.0,-25.96075
2801590156.25,-25.96573
2801590312.5,-25.96458
2801590468.75,-25.96749
2801590625.0,-25.96373
2801590781.25,-25.97185
2801590937.5,-25.96913
2801591093.75,-25.96946
2801591250.0,-25.96863
2801591406.25,-25.97191
2801591562.5,-25.97413
2801591718.75,-25.97198
2801591875.0,-25.97444
2801592031.25,-25.9745
2801592187.5,-25.97584
2801592343.75,-25.97269
2801592500.0,-25.97795
2801592656.25,-25.9779
2801592812.5,-25.9784
2801592968.75,-25.97729
2801593125.0,-25.98319
2801593281.25,-25.97918
2801593437.5,-25.98161
2801593593.75,-25.9856
2801593750.0,-25.97998
2801593906.25,-25.98327
2801594062.5,-25.98356
2801594218.75,-25.98712
2801594375.0,-25.98774
2801594531.25,-25.98446
2801594687.5,-25.98822
2801594843.75,-25.98815
2801595000.0,-25.98461
2801595156.25,-25.9896
2801595312.5,-25.99184
2801595468.75,-25.98988
2801595625.0,-25.9914
2801595781.25,-25.99415
2801595937.5,-25.99245
2801596093.75,-25.99425
2801596250.0,-25.99688
2801596406.25,-25.99522
2801596562.5,-25.99392
2801596718.75,-25.99565
2801596875.0,-25.99689
2801597031.25,-26.00051
2801597187.5,-25.99878
2801597343.75,-26.00033
2801597500.0,-26.00127
2801597656.25,-26.00004
2801597812.5,-26.00193
2801597968.75,-26.00483
2801598125.0,-26.00204
2801598281.25,-26.00194
2801598437.5,-26.00458
2801598593.75,-26.00585
2801598750.0,-26.00546
2801598906.25,-26.00745
2801599062.5,-26.0076
2801599218.75,-26.00487
2801599375.0,-26.00985
2801599531.25,-26.00962
2801599687.5,-26.01287
2801599843.75,-26.00929
2801600000.0,-26.01572
2801600156.25,-26.01247
2801600312.5,-26.01661
2801600468.75,-26.01165
2801600625.0,-26.01382
2801600781.25,-26.01729
2801600937.5,-26.01582
2801601093.75,-26.01498
2801601250.0,-26.01686
2801601406.25,-26.01741
2801601562.5,-26.01869
2801601718.75,-26.01926
2801601875.0,-26.02176
2801602031.25,-26.02117
2801602187.5,-26.02303
2801602343.75,-26.02462
2801602500.0,-26.0236
2801602656.25,-26.02667
2801602812.5,-26.02458
2801602968.75,-26.02398
2801603125.0,-26.02922
2801603281.25,-26.02916
2801603437.5,-26.02753
2801603593.75,-26.03256
2801603750.0,-26.02886
2801603906.25,-26.03143
2801604062.5,-26.03072
2801604218.75,-26.03423
2801604375.0,-26.03554
2801604531.25,-26.03207
2801604687.5,-26.03793
2801604843.75,-26.0327
2801605000.0,-26.03402
2801605156.25,-26.03408
2801605312.5,-26.03638
2801605468.75,-26.03592
2801605625.0,-26.03453
2801605781.25,-26.03885
2801605937.5,-26.03375
2801606093.75,-26.04016
2801606250.0,-26.03983
2801606406.25,-26.04069
2801606562.5,-26.04305
2801606718.75,-26.04251
2801606875.0,-26.04231
2801607031.25,-26.04627
2801607187.5,-26.0446
2801607343.75,-26.04674
2801607500.0,-26.04661
2801607656.25,-26.04548
2801607812.5,-26.04739
2801607968.75,-26.05139
2801608125.0,-26.04671
2801608281.25,-26.04677
2801608437.5,-26.05008
2801608593.75,-26.05032
2801608750.0,-26.05242
2801608906.25,-26.05064
2801609062.5,-26.05316
2801609218.75,-26.05531
2801609375.0,-26.05607
2801609531.25,-26.05372
2801609687.5,-26.05813
2801609843.75,-26.05957
2801610000.0,-26.05938
2801610156.25,-26.05737
2801610312.5,-26.05998
2801610468.75,-26.06
2801610625.0,-26.05882
2801610781.25,-26.06319
2801610937.5,-26.06444
2801611093.75,-26.06403
2801611250.0,-26.06494
2801611406.25,-26.06656
2801611562.5,-26.06749
2801611718.75,-26.06713
2801611875.0,-26.06589
2801612031.25,-26.0694
2801612187.5,-26.06888
2801612343.75,-26.0695
2801612500.0,-26.07249
2801612656.25,-26.07227
2801612812.5,-26.07291
2801612968.75,-26.06818
2801613125.0,-26.06913
2801613281.25,-26.07638
2801613437.5,-26.07347
2801613593.75,-26.07502
2801613750.0,-26.07733
2801613906.25,-26.07773
2801614062.5,-26.07575
2801614218.75,-26.07901
2801614375.0,-26.07511
2801614531.25,-26.07422
2801614687.5,-26.08125
2801614843.75,-26.08089
2801615000.0,-26.08076
2801615156.25,-26.07841
2801615312.5,-26.08513
2801615468.75,-26.08425
2801615625.0,-26.08266
2801615781.25,-26.08294
2801615937.5,-26.08579
2801616093.75,-26.08624
2801616250.0,-26.08835
2801616406.25,-26.08451
2801616562.5,-26.08533
2801616718.75,-26.09179
2801616875.0,-26.09132
2801617031.25,-26.09157
2801617187.5,-26.09144
2801617343.75,-26.09262
2801617500.0,-26.09158
2801617656.25,-26.089
2801617812.5,-26.08929
2801617968.75,-26.09443
2801618125.0,-26.09398
2801618281.25,-26.09539
2801618437.5,-26.09938
2801618593.75,-26.1006
2801618750.0,-26.09944
2801618906.25,-26.09683
2801619062.5,-26.10099
2801619218.75,-26.10215
2801619375.0,-26.09957
2801619531.25,-26.10149
2801619687.5,-26.10536
2801619843.75,-26.10048
2801620000.0,-26.10561
2801620156.25,-26.10736
2801620312.5,-26.1039
2801620468.75,-26.10823
2801620625.0,-26.10771
2801620781.25,-26.10506
2801620937.5,-26.10762
2801621093.75,-26.10426
2801621250.0,-26.10925
2801621406.25,-26.11245
2801621562.5,-26.10765
2801621718.75,-26.11194
2801621875.0,-26.11075
2801622031.25,-26.11353
2801622187.5,-26.1115
2801622343.75,-26.11559
2801622500.0,-26.11608
2801622656.25,-26.11339
2801622812.5,-26.11604
2801622968.75,-26.11543
2801623125.0,-26.11894
2801623281.25,-26.12082
2801623437.5,-26.12104
2801623593.75,-26.1235
2801623750.0,-26.12205
2801623906.25,-26.12227
2801624062.5,-26.12063
2801624218.75,-26.12188
2801624375.0,-26.12002
2801624531.25,-26.12697
2801624687.5,-26.12413
2801624843.75,-26.12578
2801625000.0,-26.13019
2801625156.25,-26.12391
2801625312.5,-26.12833
2801625468.75,-26.12918
2801625625.0,-26.12827
2801625781.25,-26.12804
2801625937.5,-26.13422
2801626093.75,-26.12992
2801626250.0,-26.13408
2801626406.25,-26.13391
2801626562.5,-26.13311
2801626718.75,-26.13326
2801626875.0,-26.13686
2801627031.25,-26.13578
2801627187.5,-26.13856
2801627343.75,-26.13521
2801627500.0,-26.13609
2801627656.25,-26.13901
2801627812.5,-26.14122
2801627968.75,-26.14083
2801628125.0,-26.14549
2801628281.25,-26.14159
2801628437.5,-26.14314
2801628593.75,-26.14256
2801628750.0,-26.1402
2801628906.25,-26.14241
2801629062.5,-26.14496
2801629218.75,-26.14533
2801629375.0,-26.14911
2801629531.25,-26.14758
2801629687.5,-26.1485
2801629843.75,-26.14859
2801630000.0,-26.14921
2801630156.25,-26.15066
2801630312.5,-26.15093
2801630468.75,-26.15462
2801630625.0,-26.14846
2801630781.25,-26.15694
2801630937.5,-26.15294
2801631093.75,-26.15363
2801631250.0,-26.15115
2801631406.25,-26.15554
2801631562.5,-26.15664
2801631718.75,-26.15911
2801631875.0,-26.15808
2801632031.25,-26.16027
2801632187.5,-26.15585
2801632343.75,-26.15728
2801632500.0,-26.16203
2801632656.25,-26.16244
2801632812.5,-26.16109
2801632968.75,-26.16395
2801633125.0,-26.16104
2801633281.25,-26.16393
2801633437.5,-26.16431
2801633593.75,-26.16349
2801633750.0,-26.16529
2801633906.25,-26.16624
2801634062.5,-26.16586
2801634218.75,-26.16702
2801634375.0,-26.1692
2801634531.25,-26.1733
2801634687.5,-26.17273
2801634843.75,-26.16825
2801635000.0,-26.17201
2801635156.25,-26.17483
2801635312.5,-26.17245
2801635468.75,-26.17171
2801635625.0,-26.17445
2801635781.25,-26.17651
2801635937.5,-26.1757
2801636093.75,-26.17789
2801636250.0,-26.17623
2801636406.25,-26.17998
2801636562.5,-26.18152
2801636718.75,-26.18054
2801636875.0,-26.18268
2801637031.25,-26.18214
2801637187.5,-26.18343
2801637343.75,-26.18618
2801637500.0,-26.1851
2801637656.25,-26.18515
2801637812.5,-26.18734
2801637968.75,-26.18334
2801638125.0,-26.18813
2801638281.25,-26.18643
2801638437.5,-26.18782
2801638593.75,-26.1906
2801638750.0,-26.1883
2801638906.25,-26.18729
2801639062.5,-26.19026
2801639218.75,-26.19204
2801639375.0,-26.19219
2801639531.25,-26.19645
2801639687.5,-26.19556
2801639843.75,-26.19527
2801640000.0,-26.19417
2801640156.25,-26.19914
2801640312.5,-26.19952
2801640468.75,-26.19776
2801640625.0,-26.19951
2801640781.25,-26.19627
2801640937.5,-26.19903
2801641093.75,-26.19838
2801641250.0,-26.2
2801641406.25,-26.20028
2801641562.5,-26.20313
2801641718.75,-26.20534
2801641875.0,-26.20104
2801642031.25,-26.20395
2801642187.5,-26.20705
2801642343.75,-26.20243
2801642500.0,-26.20529
2801642656.25,-26.20915
2801642812.5,-26.20873
2801642968.75,-26.20881
2801643125.0,-26.20883
2801643281.25,-26.20924
2801643437.5,-26.21386
2801643593.75,-26.21178
2801643750.0,-26.21273
2801643906.25,-26.21237
2801644062.5,-26.21285
2801644218.75,-26.21576
2801644375.0,-26.21437
2801644531.25,-26.21498
2801644687.5,-26.21597
2801644843.75,-26.21845
2801645000.0,-26.22066
2801645156.25,-26.21758
2801645312.5,-26.22182
2801645468.75,-26.21822
2801645625.0,-26.22083
2801645781.25,-26.22095
2801645937.5,-26.22253
2801646093.75,-26.22383
2801646250.0,-26.22432
2801646406.25,-26.22567
2801646562.5,-26.22446
2801646718.75,-26.22541
2801646875.0,-26.22973
2801647031.25,-26.22584
2801647187.5,-26.22878
2801647343.75,-26.22619
2801647500.0,-26.22972
2801647656.25,-26.23042
2801647812.5,-26.229
2801647968.75,-26.23203
2801648125.0,-26.22574
2801648281.25,-26.2292
2801648437.5,-26.23125
2801648593.75,-26.23204
2801648750.0,-26.23305
2801648906.25,-26.23271
2801649062.5,-26.23514
2801649218.75,-26.23576
2801649375.0,-26.23776
2801649531.25,-26.23734
2801649687.5,-26.24249
2801649843.75,-26.23429
2801650000.0,-26.23893
2801650156.25,-26.23994
2801650312.5,-26.23669
2801650468.75,-26.24129
2801650625.0,-26.24098
2801650781.25,-26.24469
2801650937.5,-26.24875
2801651093.75,-26.24837
2801651250.0,-26.24593
2801651406.25,-26.24754
2801651562.5,-26.24593
2801651718.75,-26.24614
2801651875.0,-26.24884
2801652031.25,-26.24992
2801652187.5,-26.24777
2801652343.75,-26.24762
2801652500.0,-26.24958
2801652656.25,-26.25069
2801652812.5,-26.25623
2801652968.75,-26.25422
2801653125.0,-26.2563
2801653281.25,-26.25706
2801653437.5,-26.25664
2801653593.75,-26.25927
2801653750.0,-26.25318
2801653906.25,-26.2584
2801654062.5,-26.25788
2801654218.75,-26.26008
2801654375.0,-26.26427
2801654531.25,-26.26146
2801654687.5,-26.26394
2801654843.75,-26.26092
2801655000.0,-26.25641
2801655156.25,-26.26376
2801655312.5,-26.26061
2801655468.75,-26.26428
2801655625.0,-26.26237
2801655781.25,-26.26551
2801655937.5,-26.26527
2801656093.75,-26.27014
2801656250.0,-26.26981
2801656406.25,-26.26989
2801656562.5,-26.26849
2801656718.75,-26.2725
2801656875.0,-26.26765
2801657031.25,-26.27296
2801657187.5,-26.27313
2801657343.75,-26.26922
2801657500.0,-26.27014
2801657656.25,-26.27615
2801657812.5,-26.27466
2801657968.75,-26.27487
2801658125.0,-26.27656
2801658281.25,-26.27364
2801658437.5,-26.27989
2801658593.75,-26.27837
2801658750.0,-26.2811
2801658906.25,-26.27636
2801659062.5,-26.27745
2801659218.75,-26.28234
2801659375.0,-26.28149
2801659531.25,-26.28278
2801659687.5,-26.28225
2801659843.75,-26.28451
2801660000.0,-26.28481
2801660156.25,-26.28541
2801660312.5,-26.29221
2801660468.75,-26.28392
2801660625.0,-26.28738
2801660781.25,-26.2931
2801660937.5,-26.28764
2801661093.75,-26.28811
2801661250.0,-26.29152
2801661406.25,-26.29117
2801661562.5,-26.2917
2801661718.75,-26.29228
2801661875.0,-26.29127
2801662031.25,-26.29698
2801662187.5,-26.29766
2801662343.75,-26.29622
2801662500.0,-26.29494
2801662656.25,-26.29809
2801662812.5,-26.29673
2801662968.75,-26.29741
2801663125.0,-26.30135
2801663281.25,-26.29844
2801663437.5,-26.30184
2801663593.75,-26.30126
2801663750.0,-26.30101
2801663906.25,-26.30277
2801664062.5,-26.30437
2801664218.75,-26.303
2801664375.0,-26.3029
2801664531.25,-26.30768
2801664687.5,-26.3047
2801664843.75,-26.30557
2801665000.0,-26.30897
2801665156.25,-26.31128
2801665312.5,-26.30773
2801665468.75,-26.30926
2801665625.0,-26.31039
2801665781.25,-26.3117
2801665937.5,-26.31177
2801666093.75,-26.31513
2801666250.0,-26.3109
2801666406.25,-26.31292
2801666562.5,-26.3171
2801666718.75,-26.31634
2801666875.0,-26.31586
2801667031.25,-26.31527
2801667187.5,-26.31817
2801667343.75,-26.31892
2801667500.0,-26.31715
2801667656.25,-26.3173
2801667812.5,-26.31684
2801667968.75,-26.31849
2801668125.0,-26.31739
2801668281.25,-26.32434
2801668437.5,-26.32421
2801668593.75,-26.32509
2801668750.0,-26.32738
2801668906.25,-26.32482
2801669062.5,-26.3219
2801669218.75,-26.32908
2801669375.0,-26.32867
2801669531.25,-26.32815
2801669687.5,-26.32554
2801669843.75,-26.32535
2801670000.0,-26.3303
2801670156.25,-26.33014
2801670312.5,-26.32899
2801670468.75,-26.33127
2801670625.0,-26.33372
2801670781.25,-26.32907
2801670937.5,-26.33205
2801671093.75,-26.33788
2801671250.0,-26.33618
2801671406.25,-26.33516
2801671562.5,-26.33469
2801671718.75,-26.34218
2801671875.0,-26.33909
2801672031.25,-26.33901
2801672187.5,-26.34043
2801672343.75,-26.3429
2801672500.0,-26.34115
2801672656.25,-26.34152
2801672812.5,-26.34022
2801672968.75,-26.34139
2801673125.0,-26.34175
2801673281.25,-26.34298
2801673437.5,-26.34167
2801673593.75,-26.34479
2801673750.0,-26.34583
2801673906.25,-26.3457
2801674062.5,-26.34571
2801674218.75,-26.34599
2801674375.0,-26.35075
2801674531.25,-26.35353
2801674687.5,-26.35217
2801674843.75,-26.35193
2801675000.0,-26.35266
2801675156.25,-26.35548
2801675312.5,-26.35183
2801675468.75,-26.35379
2801675625.0,-26.35211
2801675781.25,-26.3585
2801675937.5,-26.35777
2801676093.75,-26.3564
2801676250.0,-26.3615
2801676406.25,-26.36042
2801676562.5,-26.36082
2801676718.75,-26.36028
2801676875.0,-26.36007
2801677031.25,-26.36183
2801677187.5,-26.36469
2801677343.75,-26.36247
2801677500.0,-26.35981
2801677656.25,-26.35919
2801677812.5,-26.36642
2801677968.75,-26.36586
2801678125.0,-26.36482
2801678281.25,-26.36528
2801678437.5,-26.3681
2801678593.75,-26.36775
2801678750.0,-26.36704
2801678906.25,-26.37192
2801679062.5,-26.37425
2801679218.75,-26.37126
2801679375.0,-26.37128
2801679531.25,-26.37366
2801679687.5,-26.37745
2801679843.75,-26.37627
2801680000.0,-26.37494
2801680156.25,-26.37774
2801680312.5,-26.37753
2801680468.75,-26.37542
2801680625.0,-26.37668
2801680781.25,-26.37775
2801680937.5,-26.37662
2801681093.75,-26.37971
2801681250.0,-26.37823
2801681406.25,-26.38171
2801681562.5,-26.38204
2801681718.75,-26.38441
2801681875.0,-26.38272
2801682031.25,-26.38128
2801682187.5,-26.38124
2801682343.75,-26.38702
2801682500.0,-26.3808
2801682656.25,-26.38864
2801682812.5,-26.38786
2801682968.75,-26.38522
2801683125.0,-26.3852
2801683281.25,-26.39083
2801683437.5,-26.39153
2801683593.75,-26.3887
2801683750.0,-26.3921
2801683906.25,-26.39458
2801684062.5,-26.39396
2801684218.75,-26.39256
2801684375.0,-26.39292
2801684531.25,-26.3963
2801684687.5,-26.39974
2801684843.75,-26.39408
2801685000.0,-26.39832
2801685156.25,-26.39329
2801685312.5,-26.39782
2801685468.75,-26.4012
2801685625.0,-26.40019
2801685781.25,-26.40034
2801685937.5,-26.39887
2801686093.75,-26.40071
2801686250.0,-26.40058
2801686406.25,-26.39841
2801686562.5,-26.40174
2801686718.75,-26.40683
2801686875.0,-26.40867
2801687031.25,-26.4068
2801687187.5,-26.40445
2801687343.75,-26.40642
2801687500.0,-26.40835
2801687656.25,-26.40888
2801687812.5,-26.40697
2801687968.75,-26.41215
2801688125.0,-26.40882
2801688281.25,-26.4112
2801688437.5,-26.41234
2801688593.75,-26.41302
2801688750.0,-26.41493
2801688906.25,-26.41777
2801689062.5,-26.41561
2801689218.75,-26.41624
2801689375.0,-26.41835
2801689531.25,-26.41638
2801689687.5,-26.41663
2801689843.75,-26.4183
2801690000.0,-26.41798
2801690156.25,-26.41812
2801690312.5,-26.41946
2801690468.75,-26.41992
2801690625.0,-26.41938
2801690781.25,-26.42027
2801690937.5,-26.42435
2801691093.75,-26.42109
2801691250.0,-26.42377
2801691406.25,-26.42643
2801691562.5,-26.42686
2801691718.75,-26.42314
2801691875.0,-26.42286
2801692031.25,-26.42446
2801692187.5,-26.42743
2801692343.75,-26.43114
2801692500.0,-26.43081
2801692656.25,-26.42952
2801692812.5,-26.43102
2801692968.75,-26.43085
2801693125.0,-26.43079
2801693281.25,-26.43365
2801693437.5,-26.43537
2801693593.75,-26.43554
2801693750.0,-26.43536
2801693906.25,-26.43642
2801694062.5,-26.43691
2801694218.75,-26.43407
2801694375.0,-26.43765
2801694531.25,-26.43993
2801694687.5,-26.43934
2801694843.75,-26.44173
2801695000.0,-26.44183
2801695156.25,-26.44101
2801695312.5,-26.43834
2801695468.75,-26.4442
2801695625.0,-26.44773
2801695781.25,-26.44295
2801695937.5,-26.44244
2801696093.75,-26.44495
2801696250.0,-26.44763
2801696406.25,-26.45004
2801696562.5,-26.44713
2801696718.75,-26.4479
2801696875.0,-26.4479
2801697031.25,-26.45382
2801697187.5,-26.45248
2801697343.75,-26.44927
2801697500.0,-26.44958
2801697656.25,-26.45242
2801697812.5,-26.45231
2801697968.75,-26.45063
2801698125.0,-26.45551
2801698281.25,-26.45387
2801698437.5,-26.45586
2801698593.75,-26.45461
2801698750.0,-26.45835
2801698906.25,-26.45788
2801699062.5,-26.45631
2801699218.75,-26.46008
2801699375.0,-26.46186
2801699531.25,-26.4611
2801699687.5,-26.46269
2801699843.75,-26.46061
2801700000.0,-26.46301
2801700156.25,-26.46299
2801700312.5,-26.4614
2801700468.75,-26.46419
2801700625.0,-26.46607
2801700781.25,-26.46579
2801700937.5,-26.4652
2801701093.75,-26.46908
2801701250.0,-26.46764
2801701406.25,-26.47198
2801701562.5,-26.46688
2801701718.75,-26.47336
2801701875.0,-26.47152
2801702031.25,-26.47143
2801702187.5,-26.47424
2801702343.75,-26.47363
2801702500.0,-26.47404
2801702656.25,-26.47478
2801702812.5,-26.47598
2801702968.75,-26.47577
2801703125.0,-26.47663
2801703281.25,-26.47901
2801703437.5,-26.4788
2801703593.75,-26.47817
2801703750.0,-26.47711
2801703906.25,-26.48269
2801704062.5,-26.48077
2801704218.75,-26.4834
2801704375.0,-26.48032
2801704531.25,-26.48512
2801704687.5,-26.48084
2801704843.75,-26.48235
2801705000.0,-26.4839
2801705156.25,-26.4882
2801705312.5,-26.483
2801705468.75,-26.48679
2801705625.0,-26.48804
2801705781.25,-26.48712
2801705937.5,-26.48915
2801706093.75,-26.48755
2801706250.0,-26.49076
2801706406.25,-26.48875
2801706562.5,-26.49165
2801706718.75,-26.49273
2801706875.0,-26.49335
2801707031.25,-26.49386
2801707187.5,-26.49731
2801707343.75,-26.49646
2801707500.0,-26.49639
2801707656.25,-26.49907
2801707812.5,-26.49591
2801707968.75,-26.49754
2801708125.0,-26.49881
2801708281.25,-26.49997
2801708437.5,-26.49999
2801708593.75,-26.50021
2801708750.0,-26.50543
2801708906.25,-26.50658
2801709062.5,-26.50168
2801709218.75,-26.50188
2801709375.0,-26.50307
2801709531.25,-26.50344
2801709687.5,-26.50116
2801709843.75,-26.50377
2801710000.0,-26.51118
2801710156.25,-26.50577
2801710312.5,-26.50564
2801710468.75,-26.51392
2801710625.0,-26.50878
2801710781.25,-26.51259
2801710937.5,-26.51061
2801711093.75,-26.51535
2801711250.0,-26.51346
2801711406.25,-26.51239
2801711562.5,-26.51482
2801711718.75,-26.51391
2801711875.0,-26.51547
2801712031.25,-26.51628
2801712187.5,-26.51677
2801712343.75,-26.51351
2801712500.0,-26.51456
2801712656.25,-26.51498
2801712812.5,-26.52145
2801712968.75,-26.51441
2801713125.0,-26.51755
2801713281.25,-26.52525
2801713437.5,-26.52267
2801713593.75,-26.52284
2801713750.0,-26.527
2801713906.25,-26.5249
2801714062.5,-26.52133
2801714218.75,-26.52398
2801714375.0,-26.52556
2801714531.25,-26.52481
2801714687.5,-26.52741
2801714843.75,-26.53129
2801715000.0,-26.52953
2801715156.25,-26.53082
2801715312.5,-26.52804
2801715468.75,-26.53127
2801715625.0,-26.53154
2801715781.25,-26.52888
2801715937.5,-26.53049
2801716093.75,-26.53381
2801716250.0,-26.53398
2801716406.25,-26.53566
2801716562.5,-26.53489
2801716718.75,-26.53288
2801716875.0,-26.53985
2801717031.25,-26.53653
2801717187.5,-26.53573
2801717343.75,-26.53925
2801717500.0,-26.53899
2801717656.25,-26.53988
2801717812.5,-26.53821
2801717968.75,-26.54178
2801718125.0,-26.54444
2801718281.25,-26.54323
2801718437.5,-26.54545
2801718593.75,-26.54469
2801718750.0,-26.54442
2801718906.25,-26.54418
2801719062.5,-26.5479
2801719218.75,-26.54375
2801719375.0,-26.54716
2801719531.25,-26.54919
2801719687.5,-26.54571
2801719843.75,-26.54701
2801720000.0,-26.55067
2801720156.25,-26.554
2801720312.5,-26.54884
2801720468.75,-26.5519
2801720625.0,-26.55178
2801720781.25,-26.55701
2801720937.5,-26.5567
2801721093.75,-26.55235
2801721250.0,-26.55253
2801721406.25,-26.55922
2801721562.5,-26.55517
2801721718.75,-26.55903
2801721875.0,-26.55972
2801722031.25,-26.55866
2801722187.5,-26.55623
2801722343.75,-26.56104
2801722500.0,-26.56114
2801722656.25,-26.55755
2801722812.5,-26.56229
2801722968.75,-26.56504
2801723125.0,-26.56646
2801723281.25,-26.56031
2801723437.5,-26.562
2801723593.75,-26.56294
2801723750.0,-26.56491
2801723906.25,-26.56918
2801724062.5,-26.56698
2801724218.75,-26.56752
2801724375.0,-26.56875
2801724531.25,-26.57172
2801724687.5,-26.57304
2801724843.75,-26.5726
2801725000.0,-26.57257
2801725156.25,-26.56832
2801725312.5,-26.57415
2801725468.75,-26.57138
2801725625.0,-26.57494
2801725781.25,-26.57697
2801725937.5,-26.57498
2801726093.75,-26.57685
2801726250.0,-26.57394
2801726406.25,-26.57679
2801726562.5,-26.57716
2801726718.75,-26.58335
2801726875.0,-26.57884
2801727031.25,-26.58172
2801727187.5,-26.58228
2801727343.75,-26.5836
2801727500.0,-26.58638
2801727656.25,-26.58782
2801727812.5,-26.58588
2801727968.75,-26.58365
2801728125.0,-26.58517
2801728281.25,-26.58628
2801728437.5,-26.58821
2801728593.75,-26.58753
2801728750.0,-26.59084
2801728906.25,-26.58732
2801729062.5,-26.58966
2801729218.75,-26.59186
2801729375.0,-26.58794
2801729531.25,-26.59041
2801729687.5,-26.59306
2801729843.75,-26.59303
2801730000.0,-26.59181
2801730156.25,-26.59493
2801730312.5,-26.59394
2801730468.75,-26.59616
2801730625.0,-26.59292
2801730781.25,-26.59542
2801730937.5,-26.59652
2801731093.75,-26.59499
2801731250.0,-26.5987
2801731406.25,-26.59912
2801731562.5,-26.60017
2801731718.75,-26.60182
2801731875.0,-26.60293
2801732031.25,-26.59916
2801732187.5,-26.60292
2801732343.75,-26.60275
2801732500.0,-26.60577
2801732656.25,-26.60549
2801732812.5,-26.60913
2801732968.75,-26.60761
2801733125.0,-26.60919
2801733281.25,-26.60852
2801733437.5,-26.60611
2801733593.75,-26.60844
2801733750.0,-26.60901
2801733906.25,-26.60912
2801734062.5,-26.60997
2801734218.75,-26.61169
2801734375.0,-26.61436
2801734531.25,-26.61035
2801734687.5,-26.61621
2801734843.75,-26.61678
2801735000.0,-26.61812
2801735156.25,-26.61401
2801735312.5,-26.61639
2801735468.75,-26.61874
2801735625.0,-26.61652
2801735781.25,-26.62056
2801735937.5,-26.62193
2801736093.75,-26.6154
2801736250.0,-26.62002
2801736406.25,-26.62118
2801736562.5,-26.6224
2801736718.75,-26.62479
2801736875.0,-26.62296
2801737031.25,-26.62093
2801737187.5,-26.62572
2801737343.75,-26.62706
2801737500.0,-26.62627
2801737656.25,-26.6221
2801737812.5,-26.626
2801737968.75,-26.6249
2801738125.0,-26.62731
2801738281.25,-26.62675
2801738437.5,-26.62993
2801738593.75,-26.63177
2801738750.0,-26.62912
2801738906.25,-26.63481
2801739062.5,-26.63166
2801739218.75,-26.63444
2801739375.0,-26.63556
2801739531.25,-26.63799
2801739687.5,-26.6334
2801739843.75,-26.63481
2801740000.0,-26.6371
2801740156.25,-26.63855
2801740312.5,-26.63707
2801740468.75,-26.63865
2801740625.0,-26.63788
2801740781.25,-26.64119
2801740937.5,-26.63738
2801741093.75,-26.64123
2801741250.0,-26.64312
2801741406.25,-26.64333
2801741562.5,-26.64515
2801741718.75,-26.64381
2801741875.0,-26.64369
2801742031.25,-26.64413
2801742187.5,-26.64966
2801742343.75,-26.64321
2801742500.0,-26.64901
2801742656.25,-26.65012
2801742812.5,-26.64607
2801742968.75,-26.65044
2801743125.0,-26.64814
2801743281.25,-26.65043
2801743437.5,-26.65278
2801743593.75,-26.65247
2801743750.0,-26.65193
2801743906.25,-26.65202
2801744062.5,-26.65465
2801744218.75,-26.65939
2801744375.0,-26.65364
2801744531.25,-26.65655
2801744687.5,-26.65667
2801744843.75,-26.65857
2801745000.0,-26.65734
2801745156.25,-26.66114
2801745312.5,-26.66083
2801745468.75,-26.65819
2801745625.0,-26.65966
2801745781.25,-26.65585
2801745937.5,-26.66171
2801746093.75,-26.65681
2801746250.0,-26.66048
2801746406.25,-26.6653
2801746562.5,-26.66444
2801746718.75,-26.66725
2801746875.0,-26.66643
2801747031.25,-26.66538
2801747187.5,-26.66777
2801747343.75,-26.67105
2801747500.0,-26.67046
2801747656.25,-26.67024
2801747812.5,-26.66379
2801747968.75,-26.67271
2801748125.0,-26.6737
2801748281.25,-26.67248
2801748437.5,-26.67545
2801748593.75,-26.67561
2801748750.0,-26.67304
2801748906.25,-26.67802
2801749062.5,-26.67416
2801749218.75,-26.67763
2801749375.0,-26.67552
2801749531.25,-26.67691
2801749687.5,-26.68121
2801749843.75,-26.67926
2801750000.0,-26.67592
2801750156.25,-26.68226
2801750312.5,-26.6805
2801750468.75,-26.68138
2801750625.0,-26.67902
2801750781.25,-26.68472
2801750937.5,-26.68338
2801751093.75,-26.68772
2801751250.0,-26.68568
2801751406.25,-26.68695
2801751562.5,-26.6889
2801751718.75,-26.68518
2801751875.0,-26.68946
2801752031.25,-26.6853
2801752187.5,-26.68258
2801752343.75,-26.69061
2801752500.0,-26.68647
2801752656.25,-26.6928
2801752812.5,-26.68778
2801752968.75,-26.68796
2801753125.0,-26.69137
2801753281.25,-26.69307
2801753437.5,-26.69502
2801753593.75,-26.70097
2801753750.0,-26.69255
2801753906.25,-26.69687
2801754062.5,-26.69553
2801754218.75,-26.69573
2801754375.0,-26.69567
2801754531.25,-26.69549
2801754687.5,-26.69599
2801754843.75,-26.70152
2801755000.0,-26.69791
2801755156.25,-26.70157
2801755312.5,-26.70293
2801755468.75,-26.70357
2801755625.0,-26.70484
2801755781.25,-26.70475
2801755937.5,-26.70475
2801756093.75,-26.70467
2801756250.0,-26.7105
2801756406.25,-26.70391
2801756562.5,-26.70688
2801756718.75,-26.70896
2801756875.0,-26.70847
2801757031.25,-26.70976
2801757187.5,-26.71321
2801757343.75,-26.71196
2801757500.0,-26.71367
2801757656.25,-26.71541
2801757812.5,-26.71112
2801757968.75,-26.71776
2801758125.0,-26.71532
2801758281.25,-26.71373
2801758437.5,-26.71667
2801758593.75,-26.71678
2801758750.0,-26.71635
2801758906.25,-26.71735
2801759062.5,-26.71476
2801759218.75,-26.71883
2801759375.0,-26.72206
2801759531.25,-26.71857
2801759687.5,-26.71886
2801759843.75,-26.71916
2801760000.0,-26.72214
2801760156.25,-26.72288
2801760312.5,-26.72381
2801760468.75,-26.72711
2801760625.0,-26.72506
2801760781.25,-26.72746
2801760937.5,-26.72632
2801761093.75,-26.72795
2801761250.0,-26.72918
2801761406.25,-26.73058
2801761562.5,-26.7283
2801761718.75,-26.73088
2801761875.0,-26.73303
2801762031.25,-26.73257
2801762187.5,-26.73306
2801762343.75,-26.73206
2801762500.0,-26.73286
2801762656.25,-26.73601
2801762812.5,-26.73398
2801762968.75,-26.73265
2801763125.0,-26.73134
2801763281.25,-26.73364
2801763437.5,-26.73875
2801763593.75,-26.73242
2801763750.0,-26.73661
2801763906.25,-26.73853
2801764062.5,-26.73641
2801764218.75,-26.73844
2801764375.0,-26.73716
2801764531.25,-26.74104
2801764687.5,-26.74288
2801764843.75,-26.74257
2801765000.0,-26.74159
2801765156.25,-26.74531
2801765312.5,-26.74135
2801765468.75,-26.75154
2801765625.0,-26.7464
2801765781.25,-26.74993
2801765937.5,-26.74377
2801766093.75,-26.74743
2801766250.0,-26.74874
2801766406.25,-26.74988
2801766562.5,-26.75277
2801766718.75,-26.7473
2801766875.0,-26.75259
2801767031.25,-26.75319
2801767187.5,-26.75179
2801767343.75,-26.7531
2801767500.0,-26.75473
2801767656.25,-26.75853
2801767812.5,-26.7578
2801767968.75,-26.76121
2801768125.0,-26.75278
2801768281.25,-26.75932
2801768437.5,-26.75661
2801768593.75,-26.7604
2801768750.0,-26.75964
2801768906.25,-26.75754
2801769062.5,-26.75867
2801769218.75,-26.76081
2801769375.0,-26.76265
2801769531.25,-26.76237
2801769687.5,-26.76103
2801769843.75,-26.76634
2801770000.0,-26.76437
2801770156.25,-26.76739
2801770312.5,-26.76422
2801770468.75,-26.7667
2801770625.0,-26.76453
2801770781.25,-26.76717
2801770937.5,-26.77459
2801771093.75,-26.7707
2801771250.0,-26.76958
2801771406.25,-26.77011
2801771562.5,-26.76871
2801771718.75,-26.77479
2801771875.0,-26.77385
2801772031.25,-26.77012
2801772187.5,-26.7764
2801772343.75,-26.77416
2801772500.0,-26.77708
2801772656.25,-26.77263
2801772812.5,-26.77723
2801772968.75,-26.78091
2801773125.0,-26.77695
2801773281.25,-26.77718
2801773437.5,-26.78132
2801773593.75,-26.77708
2801773750.0,-26.78154
2801773906.25,-26.77923
2801774062.5,-26.77977
2801774218.75,-26.78203
2801774375.0,-26.77968
2801774531.25,-26.78427
2801774687.5,-26.7853
2801774843.75,-26.78826
2801775000.0,-26.78591
2801775156.25,-26.7899
2801775312.5,-26.78837
2801775468.75,-26.78774
2801775625.0,-26.78947
2801775781.25,-26.78776
2801775937.5,-26.79235
2801776093.75,-26.78869
2801776250.0,-26.79369
2801776406.25,-26.79259
2801776562.5,-26.79276
2801776718.75,-26.79421
2801776875.0,-26.79653
2801777031.25,-26.7929
2801777187.5,-26.79536
2801777343.75,-26.79696
2801777500.0,-26.794
2801777656.25,-26.79392
2801777812.5,-26.79946
2801777968.75,-26.79689
2801778125.0,-26.7972
2801778281.25,-26.80168
2801778437.5,-26.80115
2801778593.75,-26.80177
2801778750.0,-26.80197
2801778906.25,-26.79996
2801779062.5,-26.8016
2801779218.75,-26.80333
2801779375.0,-26.80437
2801779531.25,-26.80467
2801779687.5,-26.80547
2801779843.75,-26.80525
2801780000.0,-26.80619
2801780156.25,-26.8051
2801780312.5,-26.80654
2801780468.75,-26.81086
2801780625.0,-26.80872
2801780781.25,-26.80989
2801780937.5,-26.81622
2801781093.75,-26.81336
2801781250.0,-26.8179
2801781406.25,-26.81512
2801781562.5,-26.81399
2801781718.75,-26.81363
2801781875.0,-26.81441
2801782031.25,-26.81575
2801782187.5,-26.8156
2801782343.75,-26.81747
2801782500.0,-26.8178
2801782656.25,-26.81805
2801782812.5,-26.81776
2801782968.75,-26.81685
2801783125.0,-26.8222
2801783281.25,-26.82378
2801783437.5,-26.82051
2801783593.75,-26.82197
2801783750.0,-26.82481
2801783906.25,-26.82427
2801784062.5,-26.82228
2801784218.75,-26.82391
2801784375.0,-26.82582
2801784531.25,-26.82219
2801784687.5,-26.8286
2801784843.75,-26.82789
2801785000.0,-26.82896
2801785156.25,-26.8255
2801785312.5,-26.83117
2801785468.75,-26.83133
2801785625.0,-26.82802
2801785781.25,-26.83052
2801785937.5,-26.83169
2801786093.75,-26.83045
2801786250.0,-26.83047
2801786406.25,-26.83221
2801786562.5,-26.83416
2801786718.75,-26.834
2801786875.0,-26.83389
2801787031.25,-26.83713
2801787187.5,-26.84136
2801787343.75,-26.83691
2801787500.0,-26.84348
2801787656.25,-26.83976
2801787812.5,-26.83882
2801787968.75,-26.83979
2801788125.0,-26.84474
2801788281.25,-26.8409
2801788437.5,-26.84327
2801788593.75,-26.84435
2801788750.0,-26.84442
2801788906.25,-26.84657
2801789062.5,-26.84444
2801789218.75,-26.84586
2801789375.0,-26.85135
2801789531.25,-26.84736
2801789687.5,-26.84909
2801789843.75,-26.84853
2801790000.0,-26.85137
2801790156.25,-26.8467
2801790312.5,-26.84801
2801790468.75,-26.85116
2801790625.0,-26.85691
2801790781.25,-26.85379
2801790937.5,-26.85209
2801791093.75,-26.85453
2801791250.0,-26.85316
2801791406.25,-26.85753
2801791562.5,-26.85336
2801791718.75,-26.85342
2801791875.0,-26.85523
2801792031.25,-26.85635
2801792187.5,-26.85923
2801792343.75,-26.85741
2801792500.0,-26.86018
2801792656.25,-26.86141
2801792812.5,-26.85998
2801792968.75,-26.85981
2801793125.0,-26.86112
2801793281.25,-26.86362
2801793437.5,-26.86391
2801793593.75,-26.86568
2801793750.0,-26.86512
2801793906.25,-26.86738
2801794062.5,-26.86607
2801794218.75,-26.86614
2801794375.0,-26.86692
2801794531.25,-26.86485
2801794687.5,-26.86856
2801794843.75,-26.8673
2801795000.0,-26.86794
2801795156.25,-26.87058
2801795312.5,-26.86965
2801795468.75,-26.87296
2801795625.0,-26.87293
2801795781.25,-26.87323
2801795937.5,-26.87228
2801796093.75,-26.87219
2801796250.0,-26.87275
2801796406.25,-26.87297
2801796562.5,-26.87686
2801796718.75,-26.87754
2801796875.0,-26.87811
2801797031.25,-26.87638
2801797187.5,-26.87937
2801797343.75,-26.8806
2801797500.0,-26.88048
2801797656.25,-26.88296
2801797812.5,-26.88579
2801797968.75,-26.88283
2801798125.0,-26.88202
2801798281.25,-26.88443
2801798437.5,-26.88069
2801798593.75,-26.88577
2801798750.0,-26.88761
2801798906.25,-26.88703
2801799062.5,-26.89188
2801799218.75,-26.88885
2801799375.0,-26.89007
2801799531.25,-26.88645
2801799687.5,-26.88667
2801799843.75,-26.89219
2801800000.0,-26.8898
2801800156.25,-26.8911
2801800312.5,-26.89374
2801800468.75,-26.89387
2801800625.0,-26.89256
2801800781.25,-26.89107
2801800937.5,-26.89651
2801801093.75,-26.89346
2801801250.0,-26.89533
2801801406.25,-26.89504
2801801562.5,-26.89836
2801801718.75,-26.90021
2801801875.0,-26.8976
2801802031.25,-26.89439
2801802187.5,-26.90093
2801802343.75,-26.90198
2801802500.0,-26.90224
2801802656.25,-26.90241
2801802812.5,-26.90652
2801802968.75,-26.90072
2801803125.0,-26.89937
2801803281.25,-26.9071
2801803437.5,-26.90527
2801803593.75,-26.90817
2801803750.0,-26.9022
2801803906.25,-26.90693
2801804062.5,-26.90578
2801804218.75,-26.90783
2801804375.0,-26.9133
2801804531.25,-26.91371
2801804687.5,-26.90816
2801804843.75,-26.91286
2801805000.0,-26.91277
2801805156.25,-26.91388
2801805312.5,-26.91347
2801805468.75,-26.91302
2801805625.0,-26.91189
2801805781.25,-26.91298
2801805937.5,-26.91421
2801806093.75,-26.91429
2801806250.0,-26.91727
2801806406.25,-26.92286
2801806562.5,-26.91799
2801806718.75,-26.91572
2801806875.0,-26.91811
2801807031.25,-26.92071
2801807187.5,-26.9213
2801807343.75,-26.9258
2801807500.0,-26.92354
2801807656.25,-26.92587
2801807812.5,-26.92356
2801807968.75,-26.92627
2801808125.0,-26.92525
2801808281.25,-26.92495
2801808437.5,-26.92572
2801808593.75,-26.92646
2801808750.0,-26.92651
2801808906.25,-26.927
2801809062.5,-26.92766
2801809218.75,-26.92929
2801809375.0,-26.93574
2801809531.25,-26.92886
2801809687.5,-26.93211
2801809843.75,-26.93069
2801810000.0,-26.9318
2801810156.25,-26.93365
2801810312.5,-26.93221
2801810468.75,-26.9347
2801810625.0,-26.93639
2801810781.25,-26.93592
2801810937.5,-26.93783
2801811093.75,-26.93731
2801811250.0,-26.93736
2801811406.25,-26.93492
2801811562.5,-26.93891
2801811718.75,-26.93943
2801811875.0,-26.94143
2801812031.25,-26.94047
2801812187.5,-26.93924
2801812343.75,-26.94221
2801812500.0,-26.9421
2801812656.25,-26.94164
2801812812.5,-26.94234
2801812968.75,-26.9501
2801813125.0,-26.94721
2801813281.25,-26.94541
2801813437.5,-26.94763
2801813593.75,-26.94902
2801813750.0,-26.94905
2801813906.25,-26.94676
2801814062.5,-26.94929
2801814218.75,-26.94952
2801814375.0,-26.95361
2801814531.25,-26.9481
2801814687.5,-26.94734
2801814843.75,-26.94946
2801815000.0,-26.95242
2801815156.25,-26.95295
2801815312.5,-26.95696
2801815468.75,-26.95457
2801815625.0,-26.95912
2801815781.25,-26.95892
2801815937.5,-26.95947
2801816093.75,-26.95485
2801816250.0,-26.95921
2801816406.25,-26.95952
2801816562.5,-26.95825
2801816718.75,-26.96074
2801816875.0,-26.95582
2801817031.25,-26.9618
2801817187.5,-26.96264
2801817343.75,-26.9642
2801817500.0,-26.96098
2801817656.25,-26.96652
2801817812.5,-26.9631
2801817968.75,-26.96552
2801818125.0,-26.96579
2801818281.25,-26.96726
2801818437.5,-26.96409
2801818593.75,-26.97075
2801818750.0,-26.96941
2801818906.25,-26.96963
2801819062.5,-26.97054
2801819218.75,-26.97057
2801819375.0,-26.97169
2801819531.25,-26.97307
2801819687.5,-26.97464
2801819843.75,-26.971
2801820000.0,-26.973
2801820156.25,-26.97602
2801820312.5,-26.9749
2801820468.75,-26.97675
2801820625.0,-26.97872
2801820781.25,-26.97408
2801820937.5,-26.98199
2801821093.75,-26.97885
2801821250.0,-26.97573
2801821406.25,-26.98428
2801821562.5,-26.98033
2801821718.75,-26.98006
2801821875.0,-26.98671
2801822031.25,-26.98156
2801822187.5,-26.98413
2801822343.75,-26.98421
2801822500.0,-26.98639
2801822656.25,-26.9826
2801822812.5,-26.98508
2801822968.75,-26.9869
2801823125.0,-26.98646
2801823281.25,-26.98775
2801823437.5,-26.98479
2801823593.75,-26.98762
2801823750.0,-26.98985
2801823906.25,-26.9889
2801824062.5,-26.98848
2801824218.75,-26.9967
2801824375.0,-26.99365
2801824531.25,-26.98971
2801824687.5,-26.99621
2801824843.75,-26.99346
2801825000.0,-26.99653
2801825156.25,-26.99656
2801825312.5,-26.99626
2801825468.75,-26.9963
2801825625.0,-26.99773
2801825781.25,-26.99541
2801825937.5,-27.00129
2801826093.75,-27.00042
2801826250.0,-27.00188
2801826406.25,-26.99868
2801826562.5,-26.99891
2801826718.75,-27.00231
2801826875.0,-27.00426
2801827031.25,-27.0062
2801827187.5,-27.00459
2801827343.75,-27.00649
2801827500.0,-27.00656
2801827656.25,-27.00389
2801827812.5,-27.00504
2801827968.75,-27.00786
2801828125.0,-27.00742
2801828281.25,-27.00805
2801828437.5,-27.00879
2801828593.75,-27.0096
2801828750.0,-27.01336
2801828906.25,-27.00806
2801829062.5,-27.01357
2801829218.75,-27.01333
2801829375.0,-27.01408
2801829531.25,-27.01332
2801829687.5,-27.01443
2801829843.75,-27.01259
2801830000.0,-27.01441
2801830156.25,-27.01761
2801830312.5,-27.02001
2801830468.75,-27.01431
2801830625.0,-27.01818
2801830781.25,-27.01754
2801830937.5,-27.01732
2801831093.75,-27.02218
2801831250.0,-27.02286
2801831406.25,-27.02099
2801831562.5,-27.01999
2801831718.75,-27.02282
2801831875.0,-27.02592
2801832031.25,-27.02617
2801832187.5,-27.02617
2801832343.75,-27.02664
2801832500.0,-27.0257
2801832656.25,-27.02293
2801832812.5,-27.02704
2801832968.75,-27.02999
2801833125.0,-27.02869
2801833281.25,-27.02787
2801833437.5,-27.02737
2801833593.75,-27.02846
2801833750.0,-27.0307
2801833906.25,-27.03136
2801834062.5,-27.02993
2801834218.75,-27.03428
2801834375.0,-27.03482
2801834531.25,-27.03393
2801834687.5,-27.03431
2801834843.75,-27.0348
2801835000.0,-27.03467
2801835156.25,-27.03451
2801835312.5,-27.04041
2801835468.75,-27.04115
2801835625.0,-27.03681
2801835781.25,-27.03754
2801835937.5,-27.03843
2801836093.75,-27.03799
2801836250.0,-27.04184
2801836406.25,-27.04383
2801836562.5,-27.04396
2801836718.75,-27.04629
2801836875.0,-27.04517
2801837031.25,-27.04495
2801837187.5,-27.04435
2801837343.75,-27.04589
2801837500.0,-27.04675
2801837656.25,-27.04505
2801837812.5,-27.04571
2801837968.75,-27.04832
2801838125.0,-27.04909
2801838281.25,-27.05176
2801838437.5,-27.05206
2801838593.75,-27.04955
2801838750.0,-27.05087
2801838906.25,-27.05228
2801839062.5,-27.05103
2801839218.75,-27.05869
2801839375.0,-27.05253
2801839531.25,-27.05417
2801839687.5,-27.05792
2801839843.75,-27.05603
2801840000.0,-27.05377
2801840156.25,-27.05527
2801840312.5,-27.05448
2801840468.75,-27.05743
2801840625.0,-27.05443
2801840781.25,-27.05972
2801840937.5,-27.05926
2801841093.75,-27.05998
2801841250.0,-27.06094
2801841406.25,-27.06484
2801841562.5,-27.06121
2801841718.75,-27.0601
2801841875.0,-27.06108
2801842031.25,-27.06773
2801842187.5,-27.06174
2801842343.75,-27.06809
2801842500.0,-27.06534
2801842656.25,-27.06854
2801842812.5,-27.06762
2801842968.75,-27.06904
2801843125.0,-27.07463
2801843281.25,-27.07246
2801843437.5,-27.07162
2801843593.75,-27.07059
2801843750.0,-27.0743
2801843906.25,-27.07555
2801844062.5,-27.07278
2801844218.75,-27.07658
2801844375.0,-27.07727
2801844531.25,-27.07544
2801844687.5,-27.07386
2801844843.75,-27.07426
2801845000.0,-27.07759
2801845156.25,-27.07987
2801845312.5,-27.07589
2801845468.75,-27.07785
2801845625.0,-27.08126
2801845781.25,-27.0805
2801845937.5,-27.08279
2801846093.75,-27.08498
2801846250.0,-27.08394
2801846406.25,-27.08087
2801846562.5,-27.08576
2801846718.75,-27.08443
2801846875.0,-27.0861
2801847031.25,-27.08537
2801847187.5,-27.08925
2801847343.75,-27.0869
2801847500.0,-27.08772
2801847656.25,-27.08854
2801847812.5,-27.08945
2801847968.75,-27.09343
2801848125.0,-27.08992
2801848281.25,-27.09002
2801848437.5,-27.09025
2801848593.75,-27.09014
2801848750.0,-27.08836
2801848906.25,-27.09561
2801849062.5,-27.09563
2801849218.75,-27.09067
2801849375.0,-27.09879
2801849531.25,-27.09916
2801849687.5,-27.09855
2801849843.75,-27.09798
2801850000.0,-27.09687
2801850156.25,-27.0992
2801850312.5,-27.09662
2801850468.75,-27.09978
2801850625.0,-27.09977
2801850781.25,-27.10188
2801850937.5,-27.10201
2801851093.75,-27.09886
2801851250.0,-27.10541
2801851406.25,-27.10493
2801851562.5,-27.10156
2801851718.75,-27.10231
2801851875.0,-27.10602
2801852031.25,-27.11057
2801852187.5,-27.10555
2801852343.75,-27.10822
2801852500.0,-27.10617
2801852656.25,-27.10947
2801852812.5,-27.10859
2801852968.75,-27.11187
2801853125.0,-27.10906
2801853281.25,-27.10829
2801853437.5,-27.11494
2801853593.75,-27.11218
2801853750.0,-27.11187
2801853906.25,-27.11599
2801854062.5,-27.11624
2801854218.75,-27.11456
2801854375.0,-27.11661
2801854531.25,-27.11267
2801854687.5,-27.11719
2801854843.75,-27.11892
2801855000.0,-27.1212
2801855156.25,-27.12091
2801855312.5,-27.11951
2801855468.75,-27.1169
2801855625.0,-27.12349
2801855781.25,-27.12757
2801855937.5,-27.12245
2801856093.75,-27.11871
2801856250.0,-27.12269
2801856406.25,-27.12356
2801856562.5,-27.12697
2801856718.75,-27.12486
2801856875.0,-27.12485
2801857031.25,-27.12796
2801857187.5,-27.12444
2801857343.75,-27.12538
2801857500.0,-27.13087
2801857656.25,-27.12468
2801857812.5,-27.12797
2801857968.75,-27.1311
2801858125.0,-27.13174
2801858281.25,-27.13237
2801858437.5,-27.13307
2801858593.75,-27.13435
2801858750.0,-27.13385
2801858906.25,-27.13353
2801859062.5,-27.13337
2801859218.75,-27.1347
2801859375.0,-27.13524
2801859531.25,-27.13652
2801859687.5,-27.1365
2801859843.75,-27.13731
2801860000.0,-27.13839
2801860156.25,-27.13717
2801860312.5,-27.13908
2801860468.75,-27.14271
2801860625.0,-27.13757
2801860781.25,-27.14215
2801860937.5,-27.13753
2801861093.75,-27.13599
2801861250.0,-27.14222
2801861406.25,-27.14508
2801861562.5,-27.14292
2801861718.75,-27.1447
2801861875.0,-27.1492
2801862031.25,-27.1468
2801862187.5,-27.14924
2801862343.75,-27.14757
2801862500.0,-27.14655
2801862656.25,-27.15144
2801862812.5,-27.15219
2801862968.75,-27.1547
2801863125.0,-27.15377
2801863281.25,-27.15407
2801863437.5,-27.15213
2801863593.75,-27.15177
2801863750.0,-27.14783
2801863906.25,-27.1539
2801864062.5,-27.15563
2801864218.75,-27.15587
2801864375.0,-27.15531
2801864531.25,-27.15566
2801864687.5,-27.15904
2801864843.75,-27.1558
2801865000.0,-27.15858
2801865156.25,-27.1629
2801865312.5,-27.16084
2801865468.75,-27.15732
2801865625.0,-27.15962
2801865781.25,-27.16364
2801865937.5,-27.16188
2801866093.75,-27.16346
2801866250.0,-27.16465
2801866406.25,-27.16584
2801866562.5,-27.16719
2801866718.75,-27.1646
2801866875.0,-27.16591
2801867031.25,-27.16924
2801867187.5,-27.16918
2801867343.75,-27.16615
2801867500.0,-27.16929
2801867656.25,-27.16817
2801867812.5,-27.16641
2801867968.75,-27.17119
2801868125.0,-27.17329
2801868281.25,-27.17539
2801868437.5,-27.17237
2801868593.75,-27.17368
2801868750.0,-27.17473
2801868906.25,-27.17195
2801869062.5,-27.17152
2801869218.75,-27.1744
2801869375.0,-27.17479
2801869531.25,-27.17614
2801869687.5,-27.17365
2801869843.75,-27.17815
2801870000.0,-27.18119
2801870156.25,-27.18133
2801870312.5,-27.18176
2801870468.75,-27.17946
2801870625.0,-27.18051
2801870781.25,-27.18141
2801870937.5,-27.18188
2801871093.75,-27.18056
2801871250.0,-27.18506
2801871406.25,-27.18104
2801871562.5,-27.18263
2801871718.75,-27.18813
2801871875.0,-27.18691
2801872031.25,-27.19484
2801872187.5,-27.1886
2801872343.75,-27.1899
2801872500.0,-27.18951
2801872656.25,-27.18761
2801872812.5,-27.19195
2801872968.75,-27.19133
2801873125.0,-27.1931
2801873281.25,-27.19174
2801873437.5,-27.19407
2801873593.75,-27.19375
2801873750.0,-27.19068
2801873906.25,-27.1945
2801874062.5,-27.19613
2801874218.75,-27.19622
2801874375.0,-27.19905
2801874531.25,-27.19689
2801874687.5,-27.19661
2801874843.75,-27.1973
2801875000.0,-27.19838
2801875156.25,-27.1937
2801875312.5,-27.19976
2801875468.75,-27.2023
2801875625.0,-27.20151
2801875781.25,-27.20148
2801875937.5,-27.2031
2801876093.75,-27.20326
2801876250.0,-27.20372
2801876406.25,-27.20897
2801876562.5,-27.20533
2801876718.75,-27.20564
2801876875.0,-27.21
2801877031.25,-27.20827
2801877187.5,-27.20726
2801877343.75,-27.20641
2801877500.0,-27.21074
2801877656.25,-27.20687
2801877812.5,-27.2084
2801877968.75,-27.208
2801878125.0,-27.21415
2801878281.25,-27.21366
2801878437.5,-27.21375
2801878593.75,-27.21454
2801878750.0,-27.21101
2801878906.25,-27.21433
2801879062.5,-27.21396
2801879218.75,-27.21549
2801879375.0,-27.21646
2801879531.25,-27.21835
2801879687.5,-27.21805
2801879843.75,-27.21938
2801880000.0,-27.22288
2801880156.25,-27.21892
2801880312.5,-27.21931
2801880468.75,-27.21897
2801880625.0,-27.21836
2801880781.25,-27.21949
2801880937.5,-27.22551
2801881093.75,-27.22662
2801881250.0,-27.22566
2801881406.25,-27.2229
2801881562.5,-27.22595
2801881718.75,-27.22965
2801881875.0,-27.22641
2801882031.25,-27.22503
2801882187.5,-27.22899
2801882343.75,-27.22972
2801882500.0,-27.2299
2801882656.25,-27.23511
2801882812.5,-27.23305
2801882968.75,-27.23318
2801883125.0,-27.23213
2801883281.25,-27.23372
2801883437.5,-27.23564
2801883593.75,-27.23564
2801883750.0,-27.23264
2801883906.25,-27.23099
2801884062.5,-27.23606
2801884218.75,-27.23746
2801884375.0,-27.23737
2801884531.25,-27.23866
2801884687.5,-27.24106
2801884843.75,-27.24211
2801885000.0,-27.23843
2801885156.25,-27.24043
2801885312.5,-27.23535
2801885468.75,-27.24602
2801885625.0,-27.24086
2801885781.25,-27.24871
2801885937.5,-27.24176
2801886093.75,-27.24238
2801886250.0,-27.2445
2801886406.25,-27.2434
2801886562.5,-27.24642
2801886718.75,-27.24421
2801886875.0,-27.24156
2801887031.25,-27.24544
2801887187.5,-27.24866
2801887343.75,-27.24216
2801887500.0,-27.25018
2801887656.25,-27.25289
2801887812.5,-27.25226
2801887968.75,-27.25324
2801888125.0,-27.25209
2801888281.25,-27.25389
2801888437.5,-27.24964
2801888593.75,-27.25626
2801888750.0,-27.25546
2801888906.25,-27.25869
2801889062.5,-27.25918
2801889218.75,-27.25895
2801889375.0,-27.25747
2801889531.25,-27.25833
2801889687.5,-27.25784
2801889843.75,-27.25912
2801890000.0,-27.26125
2801890156.25,-27.26143
2801890312.5,-27.25764
2801890468.75,-27.2575
2801890625.0,-27.26087
2801890781.25,-27.26672
2801890937.5,-27.26295
2801891093.75,-27.26476
2801891250.0,-27.26263
2801891406.25,-27.26604
2801891562.5,-27.26893
2801891718.75,-27.26795
2801891875.0,-27.26514
2801892031.25,-27.2666
2801892187.5,-27.26855
2801892343.75,-27.26859
2801892500.0,-27.26633
2801892656.25,-27.27083
2801892812.5,-27.27123
2801892968.75,-27.27274
2801893125.0,-27.27038
2801893281.25,-27.2732
2801893437.5,-27.27427
2801893593.75,-27.27378
2801893750.0,-27.2718
2801893906.25,-27.27337
2801894062.5,-27.27367
2801894218.75,-27.27631
2801894375.0,-27.27779
2801894531.25,-27.27869
2801894687.5,-27.27545
2801894843.75,-27.28244
2801895000.0,-27.27947
2801895156.25,-27.28071
2801895312.5,-27.27849
2801895468.75,-27.28061
2801895625.0,-27.28703
2801895781.25,-27.2808
2801895937.5,-27.28474
2801896093.75,-27.28122
2801896250.0,-27.28277
2801896406.25,-27.28593
2801896562.5,-27.28528
2801896718.75,-27.28578
2801896875.0,-27.29122
2801897031.25,-27.2881
2801897187.5,-27.28921
2801897343.75,-27.29111
2801897500.0,-27.28895
2801897656.25,-27.28908
2801897812.5,-27.29001
2801897968.75,-27.29462
2801898125.0,-27.28867
2801898281.25,-27.28961
2801898437.5,-27.29349
2801898593.75,-27.2935
2801898750.0,-27.29553
2801898906.25,-27.29429
2801899062.5,-27.29782
2801899218.75,-27.30015
2801899375.0,-27.29867
2801899531.25,-27.29697
2801899687.5,-27.29772
2801899843.75,-27.30012
2801900000.0,-27.30194
2801900156.25,-27.30114
2801900312.5,-27.29662
2801900468.75,-27.30033
2801900625.0,-27.30456
2801900781.25,-27.29843
2801900937.5,-27.30071
2801901093.75,-27.3048
2801901250.0,-27.30594
2801901406.25,-27.30453
2801901562.5,-27.30255
2801901718.75,-27.30526
2801901875.0,-27.30366
2801902031.25,-27.30988
2801902187.5,-27.30966
2801902343.75,-27.31066
2801902500.0,-27.31029
2801902656.25,-27.31528
2801902812.5,-27.31034
2801902968.75,-27.31306
2801903125.0,-27.30816
2801903281.25,-27.31198
2801903437.5,-27.31303
2801903593.75,-27.31137
2801903750.0,-27.31175
2801903906.25,-27.31582
2801904062.5,-27.3142
2801904218.75,-27.31399
2801904375.0,-27.3175
2801904531.25,-27.31574
2801904687.5,-27.31828
2801904843.75,-27.3203
2801905000.0,-27.31853
2801905156.25,-27.3183
2801905312.5,-27.32484
2801905468.75,-27.32226
2801905625.0,-27.32112
2801905781.25,-27.32263
2801905937.5,-27.32207
2801906093.75,-27.32565
2801906250.0,-27.32704
2801906406.25,-27.32585
2801906562.5,-27.33283
2801906718.75,-27.32606
2801906875.0,-27.32506
2801907031.25,-27.3247
2801907187.5,-27.32866
2801907343.75,-27.32791
2801907500.0,-27.32729
2801907656.25,-27.33233
2801907812.5,-27.33261
2801907968.75,-27.33105
2801908125.0,-27.32888
2801908281.25,-27.3315
2801908437.5,-27.33087
2801908593.75,-27.33325
2801908750.0,-27.33461
2801908906.25,-27.33364
2801909062.5,-27.33377
2801909218.75,-27.33516
2801909375.0,-27.34208
2801909531.25,-27.34057
2801909687.5,-27.3386
2801909843.75,-27.33962
2801910000.0,-27.33779
2801910156.25,-27.34211
2801910312.5,-27.33897
2801910468.75,-27.34056
2801910625.0,-27.34619
2801910781.25,-27.34381
2801910937.5,-27.34087
2801911093.75,-27.34225
2801911250.0,-27.34541
2801911406.25,-27.34566
2801911562.5,-27.34321
2801911718.75,-27.34453
2801911875.0,-27.34633
2801912031.25,-27.34793
2801912187.5,-27.34826
2801912343.75,-27.34962
2801912500.0,-27.34746
2801912656.25,-27.34788
2801912812.5,-27.35087
2801912968.75,-27.35173
2801913125.0,-27.35526
2801913281.25,-27.34976
2801913437.5,-27.35036
2801913593.75,-27.35443
2801913750.0,-27.35342
2801913906.25,-27.35193
2801914062.5,-27.35474
2801914218.75,-27.3552
2801914375.0,-27.35424
2801914531.25,-27.35813
2801914687.5,-27.35974
2801914843.75,-27.35596
2801915000.0,-27.36246
2801915156.25,-27.36068
2801915312.5,-27.35898
2801915468.75,-27.3664
2801915625.0,-27.36206
2801915781.25,-27.35765
2801915937.5,-27.36094
2801916093.75,-27.3629
2801916250.0,-27.36676
2801916406.25,-27.36244
2801916562.5,-27.36199
2801916718.75,-27.36649
2801916875.0,-27.36757
2801917031.25,-27.36701
2801917187.5,-27.37088
2801917343.75,-27.36845
2801917500.0,-27.36711
2801917656.25,-27.37347
2801917812.5,-27.37201
2801917968.75,-27.37261
2801918125.0,-27.3698
2801918281.25,-27.37559
2801918437.5,-27.37811
2801918593.75,-27.3736
2801918750.0,-27.37383
2801918906.25,-27.37421
2801919062.5,-27.37737
2801919218.75,-27.37592
2801919375.0,-27.37517
2801919531.25,-27.37888
2801919687.5,-27.37731
2801919843.75,-27.37945
2801920000.0,-27.3797
2801920156.25,-27.38005
2801920312.5,-27.3782
2801920468.75,-27.38513
2801920625.0,-27.3831
2801920781.25,-27.37869
2801920937.5,-27.38596
2801921093.75,-27.3839
2801921250.0,-27.38099
2801921406.25,-27.38326
2801921562.5,-27.38337
2801921718.75,-27.38815
2801921875.0,-27.38681
2801922031.25,-27.387
2801922187.5,-27.39169
2801922343.75,-27.38813
2801922500.0,-27.38908
2801922656.25,-27.39413
2801922812.5,-27.39524
2801922968.75,-27.38969
2801923125.0,-27.39061
2801923281.25,-27.39005
2801923437.5,-27.38821
2801923593.75,-27.38854
2801923750.0,-27.39612
2801923906.25,-27.39111
2801924062.5,-27.39552
2801924218.75,-27.39449
2801924375.0,-27.39444
2801924531.25,-27.39673
2801924687.5,-27.39766
2801924843.75,-27.40155
2801925000.0,-27.39724
2801925156.25,-27.39323
2801925312.5,-27.39716
2801925468.75,-27.40344
2801925625.0,-27.401
2801925781.25,-27.39932
2801925937.5,-27.40135
2801926093.75,-27.39964
2801926250.0,-27.40166
2801926406.25,-27.40397
2801926562.5,-27.40532
2801926718.75,-27.40171
2801926875.0,-27.40685
2801927031.25,-27.40722
2801927187.5,-27.40718
2801927343.75,-27.40903
2801927500.0,-27.41068
2801927656.25,-27.40655
2801927812.5,-27.40771
2801927968.75,-27.41179
2801928125.0,-27.41229
2801928281.25,-27.40665
2801928437.5,-27.41135
2801928593.75,-27.40965
2801928750.0,-27.40992
2801928906.25,-27.41307
2801929062.5,-27.41674
2801929218.75,-27.4167
2801929375.0,-27.41827
2801929531.25,-27.41254
2801929687.5,-27.41213
2801929843.75,-27.41468
2801930000.0,-27.41909
2801930156.25,-27.42182
2801930312.5,-27.42008
2801930468.75,-27.41726
2801930625.0,-27.42233
2801930781.25,-27.42556
2801930937.5,-27.42435
2801931093.75,-27.42258
2801931250.0,-27.42443
2801931406.25,-27.42386
2801931562.5,-27.42509
2801931718.75,-27.43141
2801931875.0,-27.42577
2801932031.25,-27.42499
2801932187.5,-27.42514
2801932343.75,-27.42502
2801932500.0,-27.42977
2801932656.25,-27.42512
2801932812.5,-27.43041
2801932968.75,-27.42962
2801933125.0,-27.42932
2801933281.25,-27.4309
2801933437.5,-27.42985
2801933593.75,-27.42834
2801933750.0,-27.42977
2801933906.25,-27.43363
2801934062.5,-27.43773
2801934218.75,-27.43204
2801934375.0,-27.43823
2801934531.25,-27.4395
2801934687.5,-27.43598
2801934843.75,-27.43741
2801935000.0,-27.43756
2801935156.25,-27.43784
2801935312.5,-27.4414
2801935468.75,-27.44075
2801935625.0,-27.44152
2801935781.25,-27.43739
2801935937.5,-27.44136
2801936093.75,-27.4442
2801936250.0,-27.44075
2801936406.25,-27.44481
2801936562.5,-27.44366
2801936718.75,-27.44578
2801936875.0,-27.44648
2801937031.25,-27.44889
2801937187.5,-27.44925
2801937343.75,-27.44265
2801937500.0,-27.44547
2801937656.25,-27.44995
2801937812.5,-27.4479
2801937968.75,-27.44598
2801938125.0,-27.44819
2801938281.25,-27.44987
2801938437.5,-27.45404
2801938593.75,-27.45549
2801938750.0,-27.45654
2801938906.25,-27.45255
2801939062.5,-27.45452
2801939218.75,-27.45395
2801939375.0,-27.45557
2801939531.25,-27.45589
2801939687.5,-27.45789
2801939843.75,-27.4523
2801940000.0,-27.45993
2801940156.25,-27.46224
2801940312.5,-27.46208
2801940468.75,-27.45705
2801940625.0,-27.46329
2801940781.25,-27.46206
2801940937.5,-27.46031
2801941093.75,-27.45859
2801941250.0,-27.46446
2801941406.25,-27.46176
2801941562.5,-27.46338
2801941718.75,-27.46391
2801941875.0,-27.46247
2801942031.25,-27.47046
2801942187.5,-27.46453
2801942343.75,-27.46742
2801942500.0,-27.46837
2801942656.25,-27.47112
2801942812.5,-27.47097
2801942968.75,-27.46998
2801943125.0,-27.469
2801943281.25,-27.46979
2801943437.5,-27.46906
2801943593.75,-27.47206
2801943750.0,-27.47173
2801943906.25,-27.47204
2801944062.5,-27.4705
2801944218.75,-27.47345
2801944375.0,-27.47325
2801944531.25,-27.4774
2801944687.5,-27.47998
2801944843.75,-27.47916
2801945000.0,-27.47946
2801945156.25,-27.47685
2801945312.5,-27.47878
2801945468.75,-27.48094
2801945625.0,-27.47915
2801945781.25,-27.4807
2801945937.5,-27.47621
2801946093.75,-27.48097
2801946250.0,-27.48251
2801946406.25,-27.48635
2801946562.5,-27.4807
2801946718.75,-27.48475
2801946875.0,-27.48471
2801947031.25,-27.48755
2801947187.5,-27.48629
2801947343.75,-27.48626
2801947500.0,-27.48759
2801947656.25,-27.48649
2801947812.5,-27.49037
2801947968.75,-27.48318
2801948125.0,-27.48817
2801948281.25,-27.48839
2801948437.5,-27.49063
2801948593.75,-27.49631
2801948750.0,-27.49053
2801948906.25,-27.49605
2801949062.5,-27.49232
2801949218.75,-27.49347
2801949375.0,-27.49607
2801949531.25,-27.49381
2801949687.5,-27.49928
2801949843.75,-27.50196
2801950000.0,-27.49877
2801950156.25,-27.49364
2801950312.5,-27.49905
2801950468.75,-27.49637
2801950625.0,-27.49611
2801950781.25,-27.49839
2801950937.5,-27.50277
2801951093.75,-27.50578
2801951250.0,-27.50215
2801951406.25,-27.50108
2801951562.5,-27.50423
2801951718.75,-27.50788
2801951875.0,-27.50206
2801952031.25,-27.50402
2801952187.5,-27.50726
2801952343.75,-27.50617
2801952500.0,-27.50546
2801952656.25,-27.50695
2801952812.5,-27.50335
2801952968.75,-27.5101
2801953125.0,-27.50526
2801953281.25,-27.50451
2801953437.5,-27.51218
2801953593.75,-27.50808
2801953750.0,-27.51011
2801953906.25,-27.50808
2801954062.5,-27.50802
2801954218.75,-27.51571
2801954375.0,-27.51336
2801954531.25,-27.51678
2801954687.5,-27.51267
2801954843.75,-27.51538
2801955000.0,-27.51553
2801955156.25,-27.51861
2801955312.5,-27.51738
2801955468.75,-27.52098
2801955625.0,-27.51777
2801955781.25,-27.51469
2801955937.5,-27.5183
2801956093.75,-27.51954
2801956250.0,-27.52207
2801956406.25,-27.52056
2801956562.5,-27.52729
2801956718.75,-27.5251
2801956875.0,-27.52222
2801957031.25,-27.5232
2801957187.5,-27.52842
2801957343.75,-27.52579
2801957500.0,-27.52214
2801957656.25,-27.52603
2801957812.5,-27.53082
2801957968.75,-27.52556
2801958125.0,-27.52843
2801958281.25,-27.53036
2801958437.5,-27.53552
2801958593.75,-27.52957
2801958750.0,-27.5309
2801958906.25,-27.53393
2801959062.5,-27.53202
2801959218.75,-27.53408
2801959375.0,-27.53231
2801959531.25,-27.53244
2801959687.5,-27.53573
2801959843.75,-27.53476
2801960000.0,-27.53391
2801960156.25,-27.53589
2801960312.5,-27.53771
2801960468.75,-27.53593
2801960625.0,-27.53814
2801960781.25,-27.5371
2801960937.5,-27.54247
2801961093.75,-27.54139
2801961250.0,-27.53977
2801961406.25,-27.53768
2801961562.5,-27.54285
2801961718.75,-27.54251
2801961875.0,-27.54205
2801962031.25,-27.53967
2801962187.5,-27.54528
2801962343.75,-27.54716
2801962500.0,-27.54688
2801962656.25,-27.54546
2801962812.5,-27.54622
2801962968.75,-27.54775
2801963125.0,-27.54911
2801963281.25,-27.54584
2801963437.5,-27.54807
2801963593.75,-27.55311
2801963750.0,-27.55244
2801963906.25,-27.55092
2801964062.5,-27.55224
2801964218.75,-27.55348
2801964375.0,-27.55037
2801964531.25,-27.5554
2801964687.5,-27.55597
2801964843.75,-27.55195
2801965000.0,-27.55429
2801965156.25,-27.55966
2801965312.5,-27.55829
2801965468.75,-27.56144
2801965625.0,-27.55897
2801965781.25,-27.55696
2801965937.5,-27.55945
2801966093.75,-27.56013
2801966250.0,-27.55862
2801966406.25,-27.55906
2801966562.5,-27.56413
2801966718.75,-27.56306
2801966875.0,-27.56298
2801967031.25,-27.56467
2801967187.5,-27.56516
2801967343.75,-27.5649
2801967500.0,-27.5598
2801967656.25,-27.56484
2801967812.5,-27.56475
2801967968.75,-27.56325
2801968125.0,-27.56482
2801968281.25,-27.56877
2801968437.5,-27.56807
2801968593.75,-27.57089
2801968750.0,-27.57172
2801968906.25,-27.57319
2801969062.5,-27.57184
2801969218.75,-27.57356
2801969375.0,-27.57612
2801969531.25,-27.57079
2801969687.5,-27.5679
2801969843.75,-27.57259
2801970000.0,-27.57386
2801970156.25,-27.56903
2801970312.5,-27.57411
2801970468.75,-27.57735
2801970625.0,-27.57491
2801970781.25,-27.57529
2801970937.5,-27.57962
2801971093.75,-27.57811
2801971250.0,-27.57527
2801971406.25,-27.58078
2801971562.5,-27.57862
2801971718.75,-27.58167
2801971875.0,-27.58294
2801972031.25,-27.58305
2801972187.5,-27.57925
2801972343.75,-27.58148
2801972500.0,-27.58226
2801972656.25,-27.58621
2801972812.5,-27.5872
2801972968.75,-27.58899
2801973125.0,-27.58235
2801973281.25,-27.58769
2801973437.5,-27.5867
2801973593.75,-27.58898
2801973750.0,-27.5904
2801973906.25,-27.58858
2801974062.5,-27.59123
2801974218.75,-27.59434
2801974375.0,-27.58776
2801974531.25,-27.59492
2801974687.5,-27.59448
2801974843.75,-27.59463
2801975000.0,-27.59437
2801975156.25,-27.59461
2801975312.5,-27.59489
2801975468.75,-27.59631
2801975625.0,-27.59594
2801975781.25,-27.59614
2801975937.5,-27.59326
2801976093.75,-27.59791
2801976250.0,-27.60029
2801976406.25,-27.5995
2801976562.5,-27.59951
2801976718.75,-27.60251
2801976875.0,-27.60126
2801977031.25,-27.60094
2801977187.5,-27.59982
2801977343.75,-27.60163
2801977500.0,-27.6055
2801977656.25,-27.60459
2801977812.5,-27.60558
2801977968.75,-27.60418
2801978125.0,-27.60378
2801978281.25,-27.60528
2801978437.5,-27.60519
2801978593.75,-27.60944
2801978750.0,-27.60671
2801978906.25,-27.61392
2801979062.5,-27.61038
2801979218.75,-27.6098
2801979375.0,-27.60854
2801979531.25,-27.61143
2801979687.5,-27.6118
2801979843.75,-27.61183
2801980000.0,-27.61026
2801980156.25,-27.6151
2801980312.5,-27.61596
2801980468.75,-27.61447
2801980625.0,-27.61473
2801980781.25,-27.61973
2801980937.5,-27.61545
2801981093.75,-27.61222
2801981250.0,-27.61451
2801981406.25,-27.61531
2801981562.5,-27.61868
2801981718.75,-27.6227
2801981875.0,-27.61756
2801982031.25,-27.62382
2801982187.5,-27.6227
2801982343.75,-27.62181
2801982500.0,-27.62062
2801982656.25,-27.62381
2801982812.5,-27.62265
2801982968.75,-27.6265
2801983125.0,-27.62911
2801983281.25,-27.62423
2801983437.5,-27.62838
2801983593.75,-27.62791
2801983750.0,-27.62945
2801983906.25,-27.63215
2801984062.5,-27.62676
2801984218.75,-27.6274
2801984375.0,-27.63243
2801984531.25,-27.63088
2801984687.5,-27.63121
2801984843.75,-27.63367
2801985000.0,-27.63858
2801985156.25,-27.63604
2801985312.5,-27.63303
2801985468.75,-27.63446
2801985625.0,-27.63255
2801985781.25,-27.63505
2801985937.5,-27.63738
2801986093.75,-27.64227
2801986250.0,-27.6383
2801986406.25,-27.63836
2801986562.5,-27.63612
2801986718.75,-27.63601
2801986875.0,-27.64172
2801987031.25,-27.64274
2801987187.5,-27.64198
2801987343.75,-27.63978
2801987500.0,-27.6406
2801987656.25,-27.64079
2801987812.5,-27.64526
2801987968.75,-27.64137
2801988125.0,-27.64441
2801988281.25,-27.64414
2801988437.5,-27.64373
2801988593.75,-27.64661
2801988750.0,-27.64479
2801988906.25,-27.65001
2801989062.5,-27.64789
2801989218.75,-27.65101
2801989375.0,-27.64709
2801989531.25,-27.65104
2801989687.5,-27.64588
2801989843.75,-27.65188
2801990000.0,-27.6508
2801990156.25,-27.65281
2801990312.5,-27.65186
2801990468.75,-27.6543
2801990625.0,-27.65406
2801990781.25,-27.65408
2801990937.5,-27.6557
2801991093.75,-27.65614
2801991250.0,-27.65735
2801991406.25,-27.65601
2801991562.5,-27.65263
2801991718.75,-27.65699
2801991875.0,-27.65671
2801992031.25,-27.65591
2801992187.5,-27.65492
2801992343.75,-27.65927
2801992500.0,-27.66358
2801992656.25,-27.66332
2801992812.5,-27.66227
2801992968.75,-27.66334
2801993125.0,-27.66139
2801993281.25,-27.6627
2801993437.5,-27.66601
2801993593.75,-27.66805
2801993750.0,-27.66428
2801993906.25,-27.66815
2801994062.5,-27.66602
2801994218.75,-27.66821
2801994375.0,-27.66413
2801994531.25,-27.67005
2801994687.5,-27.66695
2801994843.75,-27.67188
2801995000.0,-27.66998
2801995156.25,-27.66876
2801995312.5,-27.66772
2801995468.75,-27.67126
2801995625.0,-27.67408
2801995781.25,-27.67341
2801995937.5,-27.67701
2801996093.75,-27.67714
2801996250.0,-27.67529
2801996406.25,-27.67432
2801996562.5,-27.68027
2801996718.75,-27.67881
2801996875.0,-27.679
2801997031.25,-27.68088
2801997187.5,-27.67929
2801997343.75,-27.68051
2801997500.0,-27.67583
2801997656.25,-27.6799
2801997812.5,-27.68065
2801997968.75,-27.6826
2801998125.0,-27.68167
2801998281.25,-27.68106
2801998437.5,-27.68346
2801998593.75,-27.68714
2801998750.0,-27.68539
2801998906.25,-27.68416
2801999062.5,-27.68208
2801999218.75,-27.68549
2801999375.0,-27.69103
2801999531.25,-27.69106
2801999687.5,-27.68752
2801999843.75,-27.69211
2802000000.0,-27.68899
2802000156.25,-27.68887
2802000312.5,-27.69322
2802000468.75,-27.69394
2802000625.0,-27.69008
2802000781.25,-27.6912
2802000937.5,-27.69063
2802001093.75,-27.69308
2802001250.0,-27.69732
2802001406.25,-27.69716
2802001562.5,-27.69121
2802001718.75,-27.69399
2802001875.0,-27.69932
2802002031.25,-27.69759
2802002187.5,-27.69668
2802002343.75,-27.69837
2802002500.0,-27.69869
2802002656.25,-27.70074
2802002812.5,-27.7019
2802002968.75,-27.70065
2802003125.0,-27.70084
2802003281.25,-27.70112
2802003437.5,-27.70383
2802003593.75,-27.70173
2802003750.0,-27.7076
2802003906.25,-27.70585
2802004062.5,-27.70603
2802004218.75,-27.70461
2802004375.0,-27.70333
2802004531.25,-27.70438
2802004687.5,-27.7048
2802004843.75,-27.70514
2802005000.0,-27.7114
2802005156.25,-27.70735
2802005312.5,-27.70681
2802005468.75,-27.71232
2802005625.0,-27.71251
2802005781.25,-27.71055
2802005937.5,-27.71211
2802006093.75,-27.7147
2802006250.0,-27.71024
2802006406.25,-27.71568
2802006562.5,-27.71771
2802006718.75,-27.71462
2802006875.0,-27.712
2802007031.25,-27.71474
2802007187.5,-27.71764
2802007343.75,-27.71898
2802007500.0,-27.71443
2802007656.25,-27.71488
2802007812.5,-27.71701
2802007968.75,-27.71705
2802008125.0,-27.7233
2802008281.25,-27.71923
2802008437.5,-27.72232
2802008593.75,-27.72573
2802008750.0,-27.72379
2802008906.25,-27.72314
2802009062.5,-27.72472
2802009218.75,-27.72918
2802009375.0,-27.72288
2802009531.25,-27.7262
2802009687.5,-27.72769
2802009843.75,-27.7291
2802010000.0,-27.72595
2802010156.25,-27.72789
2802010312.5,-27.73111
2802010468.75,-27.73204
2802010625.0,-27.73383
2802010781.25,-27.73292
2802010937.5,-27.73214
2802011093.75,-27.73092
2802011250.0,-27.7324
2802011406.25,-27.7295
2802011562.5,-27.72922
2802011718.75,-27.7338
2802011875.0,-27.73705
2802012031.25,-27.73354
2802012187.5,-27.73765
2802012343.75,-27.73706
2802012500.0,-27.73944
2802012656.25,-27.73596
2802012812.5,-27.73888
2802012968.75,-27.74265
2802013125.0,-27.74523
2802013281.25,-27.74087
2802013437.5,-27.74184
2802013593.75,-27.73911
2802013750.0,-27.74473
2802013906.25,-27.74347
2802014062.5,-27.74343
2802014218.75,-27.74472
2802014375.0,-27.74801
2802014531.25,-27.74335
2802014687.5,-27.74321
2802014843.75,-27.74501
2802015000.0,-27.74711
2802015156.25,-27.74763
2802015312.5,-27.74436
2802015468.75,-27.74884
2802015625.0,-27.74908
2802015781.25,-27.75297
2802015937.5,-27.74928
2802016093.75,-27.74917
2802016250.0,-27.74981
2802016406.25,-27.74862
2802016562.5,-27.75198
2802016718.75,-27.75264
2802016875.0,-27.75665
2802017031.25,-27.75165
2802017187.5,-27.75156
2802017343.75,-27.75427
2802017500.0,-27.75452
2802017656.25,-27.75761
2802017812.5,-27.75849
2802017968.75,-27.75575
2802018125.0,-27.75975
2802018281.25,-27.76149
2802018437.5,-27.76179
2802018593.75,-27.76473
2802018750.0,-27.76407
2802018906.25,-27.7552
2802019062.5,-27.75912
2802019218.75,-27.76403
2802019375.0,-27.76007
2802019531.25,-27.76074
2802019687.5,-27.76058
2802019843.75,-27.76527
2802020000.0,-27.76801
2802020156.25,-27.76464
2802020312.5,-27.76739
2802020468.75,-27.76896
2802020625.0,-27.76531
2802020781.25,-27.77164
2802020937.5,-27.77043
2802021093.75,-27.76913
2802021250.0,-27.76647
2802021406.25,-27.76885
2802021562.5,-27.77043
2802021718.75,-27.77303
2802021875.0,-27.77288
2802022031.25,-27.77326
2802022187.5,-27.77536
2802022343.75,-27.77147
2802022500.0,-27.77723
2802022656.25,-27.77287
2802022812.5,-27.77759
2802022968.75,-27.77372
2802023125.0,-27.77537
2802023281.25,-27.77904
2802023437.5,-27.77687
2802023593.75,-27.77954
2802023750.0,-27.78151
2802023906.25,-27.77777
2802024062.5,-27.78366
2802024218.75,-27.77896
2802024375.0,-27.77975
2802024531.25,-27.78183
2802024687.5,-27.78295
2802024843.75,-27.78005
2802025000.0,-27.78691
2802025156.25,-27.78513
2802025312.5,-27.78508
2802025468.75,-27.78649
2802025625.0,-27.78811
2802025781.25,-27.78852
2802025937.5,-27.78428
2802026093.75,-27.78973
2802026250.0,-27.79114
2802026406.25,-27.78944
2802026562.5,-27.79119
2802026718.75,-27.79423
2802026875.0,-27.79647
2802027031.25,-27.79131
2802027187.5,-27.79002
2802027343.75,-27.79348
2802027500.0,-27.79544
2802027656.25,-27.7976
2802027812.5,-27.79327
2802027968.75,-27.79697
2802028125.0,-27.79596
2802028281.25,-27.79647
2802028437.5,-27.79952
2802028593.75,-27.80293
2802028750.0,-27.8016
2802028906.25,-27.79543
2802029062.5,-27.801
2802029218.75,-27.8011
2802029375.0,-27.80152
2802029531.25,-27.7981
2802029687.5,-27.80417
2802029843.75,-27.80213
2802030000.0,-27.80305
2802030156.25,-27.80444
2802030312.5,-27.80632
2802030468.75,-27.80342
2802030625.0,-27.80762
2802030781.25,-27.80512
2802030937.5,-27.80854
2802031093.75,-27.80604
2802031250.0,-27.80317
2802031406.25,-27.80927
2802031562.5,-27.80615
2802031718.75,-27.80903
2802031875.0,-27.80628
2802032031.25,-27.8119
2802032187.5,-27.8136
2802032343.75,-27.81199
2802032500.0,-27.81013
2802032656.25,-27.81104
2802032812.5,-27.81383
2802032968.75,-27.81456
2802033125.0,-27.81745
2802033281.25,-27.81159
2802033437.5,-27.81556
2802033593.75,-27.81985
2802033750.0,-27.81271
2802033906.25,-27.82435
2802034062.5,-27.82129
2802034218.75,-27.8202
2802034375.0,-27.81995
2802034531.25,-27.823
2802034687.5,-27.81897
2802034843.75,-27.81995
2802035000.0,-27.82226
2802035156.25,-27.82184
2802035312.5,-27.82663
2802035468.75,-27.8227
2802035625.0,-27.82372
2802035781.25,-27.82464
2802035937.5,-27.82851
2802036093.75,-27.82638
2802036250.0,-27.82754
2802036406.25,-27.82777
2802036562.5,-27.82745
2802036718.75,-27.82893
2802036875.0,-27.83062
2802037031.25,-27.83017
2802037187.5,-27.83329
2802037343.75,-27.83024
2802037500.0,-27.82584
2802037656.25,-27.83578
2802037812.5,-27.8312
2802037968.75,-27.82914
2802038125.0,-27.83677
2802038281.25,-27.83241
2802038437.5,-27.8342
2802038593.75,-27.83757
2802038750.0,-27.83685
2802038906.25,-27.83914
2802039062.5,-27.83646
2802039218.75,-27.83738
2802039375.0,-27.83927
2802039531.25,-27.83822
2802039687.5,-27.84306
2802039843.75,-27.84139
2802040000.0,-27.8392
2802040156.25,-27.8366
2802040312.5,-27.83985
2802040468.75,-27.84282
2802040625.0,-27.84253
2802040781.25,-27.84793
2802040937.5,-27.84391
2802041093.75,-27.84323
2802041250.0,-27.84327
2802041406.25,-27.84498
2802041562.5,-27.84879
2802041718.75,-27.84953
2802041875.0,-27.84648
2802042031.25,-27.85227
2802042187.5,-27.84669
2802042343.75,-27.84748
2802042500.0,-27.84837
2802042656.25,-27.85213
2802042812.5,-27.85137
2802042968.75,-27.85602
2802043125.0,-27.85358
2802043281.25,-27.85334
2802043437.5,-27.84862
2802043593.75,-27.85177
2802043750.0,-27.85205
2802043906.25,-27.85527
2802044062.5,-27.85259
2802044218.75,-27.85679
2802044375.0,-27.85549
2802044531.25,-27.86011
2802044687.5,-27.85984
2802044843.75,-27.85287
2802045000.0,-27.86032
2802045156.25,-27.85632
2802045312.5,-27.86252
2802045468.75,-27.86073
2802045625.0,-27.86069
2802045781.25,-27.86391
2802045937.5,-27.86745
2802046093.75,-27.86633
2802046250.0,-27.86505
2802046406.25,-27.86031
2802046562.5,-27.86391
2802046718.75,-27.86823
2802046875.0,-27.86506
2802047031.25,-27.86254
2802047187.5,-27.86594
2802047343.75,-27.87002
2802047500.0,-27.87049
2802047656.25,-27.86846
2802047812.5,-27.87217
2802047968.75,-27.86849
2802048125.0,-27.87047
2802048281.25,-27.87164
2802048437.5,-27.87317
2802048593.75,-27.87229
2802048750.0,-27.86904
2802048906.25,-27.87463
2802049062.5,-27.87757
2802049218.75,-27.87591
2802049375.0,-27.87627
2802049531.25,-27.87396
2802049687.5,-27.87288
2802049843.75,-27.8768
2802050000.0,-27.87521
2802050156.25,-27.87694
2802050312.5,-27.87776
2802050468.75,-27.88132
2802050625.0,-27.87996
2802050781.25,-27.8855
2802050937.5,-27.87981
2802051093.75,-27.88191
2802051250.0,-27.88012
2802051406.25,-27.88123
2802051562.5,-27.88433
2802051718.75,-27.88654
2802051875.0,-27.88504
2802052031.25,-27.88687
2802052187.5,-27.88985
2802052343.75,-27.88468
2802052500.0,-27.88977
2802052656.25,-27.88859
2802052812.5,-27.88953
2802052968.75,-27.88596
2802053125.0,-27.88659
2802053281.25,-27.89277
2802053437.5,-27.89101
2802053593.75,-27.89161
2802053750.0,-27.89311
2802053906.25,-27.88998
2802054062.5,-27.89442
2802054218.75,-27.89342
2802054375.0,-27.89437
2802054531.25,-27.89784
2802054687.5,-27.8981
2802054843.75,-27.89622
2802055000.0,-27.89768
2802055156.25,-27.89539
2802055312.5,-27.89595
2802055468.75,-27.8977
2802055625.0,-27.89886
2802055781.25,-27.9008
2802055937.5,-27.9016
2802056093.75,-27.90364
2802056250.0,-27.89848
2802056406.25,-27.89955
2802056562.5,-27.90323
2802056718.75,-27.90468
2802056875.0,-27.90283
2802057031.25,-27.90426
2802057187.5,-27.90111
2802057343.75,-27.90649
2802057500.0,-27.9067
2802057656.25,-27.90789
2802057812.5,-27.90661
2802057968.75,-27.90784
2802058125.0,-27.90751
2802058281.25,-27.91023
2802058437.5,-27.90645
2802058593.75,-27.91287
2802058750.0,-27.90918
2802058906.25,-27.91446
2802059062.5,-27.91245
2802059218.75,-27.91343
2802059375.0,-27.91556
2802059531.25,-27.91239
2802059687.5,-27.91313
2802059843.75,-27.91692
2802060000.0,-27.9135
2802060156.25,-27.91532
2802060312.5,-27.91641
2802060468.75,-27.91796
2802060625.0,-27.92212
2802060781.25,-27.91583
2802060937.5,-27.92226
2802061093.75,-27.91648
2802061250.0,-27.92143
2802061406.25,-27.91985
2802061562.5,-27.92103
2802061718.75,-27.92415
2802061875.0,-27.92263
2802062031.25,-27.92021
2802062187.5,-27.91982
2802062343.75,-27.92619
2802062500.0,-27.92596
2802062656.25,-27.92605
2802062812.5,-27.92603
2802062968.75,-27.92409
2802063125.0,-27.92963
2802063281.25,-27.92851
2802063437.5,-27.92406
2802063593.75,-27.93022
2802063750.0,-27.93225
2802063906.25,-27.93046
2802064062.5,-27.92995
2802064218.75,-27.93119
2802064375.0,-27.93299
2802064531.25,-27.93249
2802064687.5,-27.93506
2802064843.75,-27.93663
2802065000.0,-27.93196
2802065156.25,-27.93578
2802065312.5,-27.93331
2802065468.75,-27.93464
2802065625.0,-27.93693
2802065781.25,-27.93331
2802065937.5,-27.9356
2802066093.75,-27.93816
2802066250.0,-27.93983
2802066406.25,-27.93782
2802066562.5,-27.93825
2802066718.75,-27.94058
2802066875.0,-27.94036
2802067031.25,-27.93827
2802067187.5,-27.94499
2802067343.75,-27.94239
2802067500.0,-27.94535
2802067656.25,-27.93824
2802067812.5,-27.94534
2802067968.75,-27.94313
2802068125.0,-27.94411
2802068281.25,-27.94554
2802068437.5,-27.94514
2802068593.75,-27.94072
2802068750.0,-27.94732
2802068906.25,-27.95008
2802069062.5,-27.94967
2802069218.75,-27.95292
2802069375.0,-27.95272
2802069531.25,-27.94817
2802069687.5,-27.95215
2802069843.75,-27.95482
2802070000.0,-27.95389
2802070156.25,-27.95424
2802070312.5,-27.95109
2802070468.75,-27.95215
2802070625.0,-27.95061
2802070781.25,-27.95709
2802070937.5,-27.95695
2802071093.75,-27.95344
2802071250.0,-27.95428
2802071406.25,-27.95932
2802071562.5,-27.95545
2802071718.75,-27.96391
2802071875.0,-27.95879
2802072031.25,-27.96136
2802072187.5,-27.96001
2802072343.75,-27.9612
2802072500.0,-27.95963
2802072656.25,-27.96181
2802072812.5,-27.96239
2802072968.75,-27.96133
2802073125.0,-27.96585
2802073281.25,-27.96922
2802073437.5,-27.96508
2802073593.75,-27.96443
2802073750.0,-27.96732
2802073906.25,-27.96616
2802074062.5,-27.96804
2802074218.75,-27.96791
2802074375.0,-27.97052
2802074531.25,-27.97635
2802074687.5,-27.96784
2802074843.75,-27.96864
2802075000.0,-27.97431
2802075156.25,-27.97437
2802075312.5,-27.97092
2802075468.75,-27.97573
2802075625.0,-27.97525
2802075781.25,-27.97278
2802075937.5,-27.97679
2802076093.75,-27.97212
2802076250.0,-27.97901
2802076406.25,-27.97547
2802076562.5,-27.97803
2802076718.75,-27.98033
2802076875.0,-27.97744
2802077031.25,-27.97947
2802077187.5,-27.97565
2802077343.75,-27.97932
2802077500.0,-27.98328
2802077656.25,-27.98079
2802077812.5,-27.98184
2802077968.75,-27.97842
2802078125.0,-27.98643
2802078281.25,-27.98225
2802078437.5,-27.98454
2802078593.75,-27.98483
2802078750.0,-27.98286
2802078906.25,-27.98376
2802079062.5,-27.98428
2802079218.75,-27.98771
2802079375.0,-27.98814
2802079531.25,-27.98488
2802079687.5,-27.98319
2802079843.75,-27.98938
2802080000.0,-27.98794
2802080156.25,-27.98945
2802080312.5,-27.99163
2802080468.75,-27.99208
2802080625.0,-27.98842
2802080781.25,-27.98912
2802080937.5,-27.99829
2802081093.75,-27.99692
2802081250.0,-27.99675
2802081406.25,-27.99469
2802081562.5,-27.9948
2802081718.75,-27.99503
2802081875.0,-27.99428
2802082031.25,-27.99764
2802082187.5,-27.99597
2802082343.75,-28.0006
2802082500.0,-27.99668
2802082656.25,-28.00089
2802082812.5,-27.99914
2802082968.75,-27.99777
2802083125.0,-28.00284
2802083281.25,-28.00602
2802083437.5,-28.00302
2802083593.75,-28.00679
2802083750.0,-28.00231
2802083906.25,-28.00423
2802084062.5,-28.00389
2802084218.75,-28.00559
2802084375.0,-28.00712
2802084531.25,-28.00621
2802084687.5,-28.00703
2802084843.75,-28.00679
2802085000.0,-28.01061
2802085156.25,-28.00874
2802085312.5,-28.01194
2802085468.75,-28.00559
2802085625.0,-28.00922
2802085781.25,-28.0067
2802085937.5,-28.00918
2802086093.75,-28.01357
2802086250.0,-28.01425
2802086406.25,-28.00923
2802086562.5,-28.0149
2802086718.75,-28.01082
2802086875.0,-28.01477
2802087031.25,-28.01469
2802087187.5,-28.01823
2802087343.75,-28.02025
2802087500.0,-28.02185
2802087656.25,-28.01794
2802087812.5,-28.01865
2802087968.75,-28.02097
2802088125.0,-28.0204
2802088281.25,-28.0178
2802088437.5,-28.02201
2802088593.75,-28.01986
2802088750.0,-28.02874
2802088906.25,-28.02861
2802089062.5,-28.0239
2802089218.75,-28.02444
2802089375.0,-28.02727
2802089531.25,-28.02986
2802089687.5,-28.02658
2802089843.75,-28.03018
2802090000.0,-28.02861
2802090156.25,-28.02483
2802090312.5,-28.02556
2802090468.75,-28.03063
2802090625.0,-28.03114
2802090781.25,-28.03152
2802090937.5,-28.03187
2802091093.75,-28.02971
2802091250.0,-28.02865
2802091406.25,-28.03198
2802091562.5,-28.03136
2802091718.75,-28.03257
2802091875.0,-28.03161
2802092031.25,-28.0311
2802092187.5,-28.03372
2802092343.75,-28.03334
2802092500.0,-28.03185
2802092656.25,-28.0429
2802092812.5,-28.03424
2802092968.75,-28.03637
2802093125.0,-28.03553
2802093281.25,-28.03966
2802093437.5,-28.04302
2802093593.75,-28.03471
2802093750.0,-28.04213
2802093906.25,-28.04348
2802094062.5,-28.04051
2802094218.75,-28.043
2802094375.0,-28.0449
2802094531.25,-28.0431
2802094687.5,-28.04617
2802094843.75,-28.04349
2802095000.0,-28.05137
2802095156.25,-28.04297
2802095312.5,-28.04967
2802095468.75,-28.04736
2802095625.0,-28.0454
2802095781.25,-28.04749
2802095937.5,-28.05304
2802096093.75,-28.04545
2802096250.0,-28.04973
2802096406.25,-28.0475
2802096562.5,-28.05248
2802096718.75,-28.05195
2802096875.0,-28.04502
2802097031.25,-28.05218
2802097187.5,-28.05303
2802097343.75,-28.0514
2802097500.0,-28.0574
2802097656.25,-28.05226
2802097812.5,-28.05644
2802097968.75,-28.05395
2802098125.0,-28.05724
2802098281.25,-28.05782
2802098437.5,-28.054
2802098593.75,-28.05946
2802098750.0,-28.06139
2802098906.25,-28.05798
2802099062.5,-28.06158
2802099218.75,-28.06209
2802099375.0,-28.06177
2802099531.25,-28.06019
2802099687.5,-28.06265
2802099843.75,-28.0662
2802100000.0,-28.05749
2802100156.25,-28.06348
2802100312.5,-28.06927
2802100468.75,-28.06527
2802100625.0,-28.0693
2802100781.25,-28.06795
2802100937.5,-28.06262
2802101093.75,-28.06904
2802101250.0,-28.07071
2802101406.25,-28.06685
2802101562.5,-28.06882
2802101718.75,-28.0698
2802101875.0,-28.07199
2802102031.25,-28.07274
2802102187.5,-28.07149
2802102343.75,-28.07425
2802102500.0,-28.06883
2802102656.25,-28.07379
2802102812.5,-28.06941
2802102968.75,-28.06922
2802103125.0,-28.07305
2802103281.25,-28.07497
2802103437.5,-28.07615
2802103593.75,-28.08018
2802103750.0,-28.07652
2802103906.25,-28.07856
2802104062.5,-28.08099
2802104218.75,-28.07347
2802104375.0,-28.07925
2802104531.25,-28.07853
2802104687.5,-28.07751
2802104843.75,-28.08094
2802105000.0,-28.08203
2802105156.25,-28.08132
2802105312.5,-28.08152
2802105468.75,-28.08777
2802105625.0,-28.08464
2802105781.25,-28.0817
2802105937.5,-28.08224
2802106093.75,-28.08501
2802106250.0,-28.08403
2802106406.25,-28.08509
2802106562.5,-28.08844
2802106718.75,-28.08352
2802106875.0,-28.08994
2802107031.25,-28.08972
2802107187.5,-28.09064
2802107343.75,-28.0922
2802107500.0,-28.09225
2802107656.25,-28.0925
2802107812.5,-28.09278
2802107968.75,-28.09089
2802108125.0,-28.09651
2802108281.25,-28.09723
2802108437.5,-28.09671
2802108593.75,-28.09851
2802108750.0,-28.09337
2802108906.25,-28.09432
2802109062.5,-28.0949
2802109218.75,-28.09562
2802109375.0,-28.09747
2802109531.25,-28.09627
2802109687.5,-28.09938
2802109843.75,-28.10355
2802110000.0,-28.09692
2802110156.25,-28.09558
2802110312.5,-28.103
2802110468.75,-28.10161
2802110625.0,-28.09759
2802110781.25,-28.10237
2802110937.5,-28.10386
2802111093.75,-28.10136
2802111250.0,-28.10291
2802111406.25,-28.10031
2802111562.5,-28.10573
2802111718.75,-28.10525
2802111875.0,-28.10784
2802112031.25,-28.1064
2802112187.5,-28.10646
2802112343.75,-28.11082
2802112500.0,-28.10297
2802112656.25,-28.10612
2802112812.5,-28.10547
2802112968.75,-28.10871
2802113125.0,-28.11415
2802113281.25,-28.1114
2802113437.5,-28.11342
2802113593.75,-28.11167
2802113750.0,-28.11188
2802113906.25,-28.11653
2802114062.5,-28.11481
2802114218.75,-28.11535
2802114375.0,-28.11367
2802114531.25,-28.11427
2802114687.5,-28.11337
2802114843.75,-28.11744
2802115000.0,-28.11522
2802115156.25,-28.11724
2802115312.5,-28.12159
2802115468.75,-28.11759
2802115625.0,-28.11605
2802115781.25,-28.11823
2802115937.5,-28.1223
2802116093.75,-28.1216
2802116250.0,-28.12274
2802116406.25,-28.12153
2802116562.5,-28.12253
2802116718.75,-28.12357
2802116875.0,-28.12141
2802117031.25,-28.11648
2802117187.5,-28.12403
2802117343.75,-28.12858
2802117500.0,-28.12632
2802117656.25,-28.12724
2802117812.5,-28.12633
2802117968.75,-28.12961
2802118125.0,-28.12955
2802118281.25,-28.12645
2802118437.5,-28.13038
2802118593.75,-28.12852
2802118750.0,-28.13125
2802118906.25,-28.1306
2802119062.5,-28.13277
2802119218.75,-28.1308
2802119375.0,-28.13105
2802119531.25,-28.13293
2802119687.5,-28.13412
2802119843.75,-28.13829
2802120000.0,-28.12915
2802120156.25,-28.13504
2802120312.5,-28.13854
2802120468.75,-28.14136
2802120625.0,-28.14202
2802120781.25,-28.1447
2802120937.5,-28.13815
2802121093.75,-28.14302
2802121250.0,-28.13974
2802121406.25,-28.13723
2802121562.5,-28.13694
2802121718.75,-28.1432
2802121875.0,-28.13915
2802122031.25,-28.1412
2802122187.5,-28.14071
2802122343.75,-28.14313
2802122500.0,-28.14994
2802122656.25,-28.14189
2802122812.5,-28.1482
2802122968.75,-28.14373
2802123125.0,-28.14425
2802123281.25,-28.14618
2802123437.5,-28.15149
2802123593.75,-28.14923
2802123750.0,-28.14825
2802123906.25,-28.14892
2802124062.5,-28.14886
2802124218.75,-28.14808
2802124375.0,-28.15343
2802124531.25,-28.15431
2802124687.5,-28.15062
2802124843.75,-28.14842
2802125000.0,-28.15239
2802125156.25,-28.1517
2802125312.5,-28.15857
2802125468.75,-28.15572
2802125625.0,-28.15668
2802125781.25,-28.15623
2802125937.5,-28.15767
2802126093.75,-28.15406
2802126250.0,-28.15918
2802126406.25,-28.15853
2802126562.5,-28.16042
2802126718.75,-28.16189
2802126875.0,-28.16406
2802127031.25,-28.15937
2802127187.5,-28.16285
2802127343.75,-28.16306
2802127500.0,-28.16012
2802127656.25,-28.16655
2802127812.5,-28.16298
2802127968.75,-28.16523
2802128125.0,-28.16705
2802128281.25,-28.16991
2802128437.5,-28.1678
2802128593.75,-28.16592
2802128750.0,-28.16138
2802128906.25,-28.16185
2802129062.5,-28.16675
2802129218.75,-28.169
2802129375.0,-28.17026
2802129531.25,-28.17463
2802129687.5,-28.17062
2802129843.75,-28.17092
2802130000.0,-28.17142
2802130156.25,-28.17274
2802130312.5,-28.17286
2802130468.75,-28.17422
2802130625.0,-28.16946
2802130781.25,-28.17722
2802130937.5,-28.17387
2802131093.75,-28.17611
2802131250.0,-28.18055
2802131406.25,-28.1757
2802131562.5,-28.176
2802131718.75,-28.17819
2802131875.0,-28.1809
2802132031.25,-28.1814
2802132187.5,-28.18097
2802132343.75,-28.18795
2802132500.0,-28.17879
2802132656.25,-28.18108
2802132812.5,-28.18166
2802132968.75,-28.1855
2802133125.0,-28.18805
2802133281.25,-28.18096
2802133437.5,-28.18421
2802133593.75,-28.18656
2802133750.0,-28.1859
2802133906.25,-28.19107
2802134062.5,-28.18637
2802134218.75,-28.18734
2802134375.0,-28.1883
2802134531.25,-28.18924
2802134687.5,-28.19175
2802134843.75,-28.19052
2802135000.0,-28.19099
2802135156.25,-28.1927
2802135312.5,-28.19156
2802135468.75,-28.1962
2802135625.0,-28.19177
2802135781.25,-28.19157
2802135937.5,-28.19539
2802136093.75,-28.19343
2802136250.0,-28.19679
2802136406.25,-28.19386
2802136562.5,-28.19572
2802136718.75,-28.19723
2802136875.0,-28.1931
2802137031.25,-28.19699
2802137187.5,-28.20104
2802137343.75,-28.20062
2802137500.0,-28.19989
2802137656.25,-28.20193
2802137812.5,-28.2008
2802137968.75,-28.19948
2802138125.0,-28.2009
2802138281.25,-28.20157
2802138437.5,-28.20218
2802138593.75,-28.2013
2802138750.0,-28.2024
2802138906.25,-28.20705
2802139062.5,-28.20722
2802139218.75,-28.20551
2802139375.0,-28.20608
2802139531.25,-28.20542
2802139687.5,-28.20642
2802139843.75,-28.21047
2802140000.0,-28.20754
2802140156.25,-28.20773
2802140312.5,-28.20671
2802140468.75,-28.20835
2802140625.0,-28.20959
2802140781.25,-28.21089
2802140937.5,-28.21127
2802141093.75,-28.21173
2802141250.0,-28.21124
2802141406.25,-28.21529
2802141562.5,-28.21644
2802141718.75,-28.21247
2802141875.0,-28.2139
2802142031.25,-28.21919
2802142187.5,-28.2143
2802142343.75,-28.21713
2802142500.0,-28.21349
2802142656.25,-28.21386
2802142812.5,-28.21493
2802142968.75,-28.21796
2802143125.0,-28.22411
2802143281.25,-28.22338
2802143437.5,-28.22925
2802143593.75,-28.22316
2802143750.0,-28.22034
2802143906.25,-28.22493
2802144062.5,-28.22224
2802144218.75,-28.21809
2802144375.0,-28.22392
2802144531.25,-28.22547
2802144687.5,-28.22983
2802144843.75,-28.22409
2802145000.0,-28.22205
2802145156.25,-28.22452
2802145312.5,-28.22886
2802145468.75,-28.22648
2802145625.0,-28.22929
2802145781.25,-28.22834
2802145937.5,-28.22917
2802146093.75,-28.22822
2802146250.0,-28.22721
2802146406.25,-28.23078
2802146562.5,-28.23254
2802146718.75,-28.23379
2802146875.0,-28.23484
2802147031.25,-28.236
2802147187.5,-28.23411
2802147343.75,-28.23471
2802147500.0,-28.23463
2802147656.25,-28.23939
2802147812.5,-28.23837
2802147968.75,-28.23789
2802148125.0,-28.23575
2802148281.25,-28.2388
2802148437.5,-28.23877
2802148593.75,-28.24197
2802148750.0,-28.24268
2802148906.25,-28.23648
2802149062.5,-28.23868
2802149218.75,-28.23885
2802149375.0,-28.24069
2802149531.25,-28.24267
2802149687.5,-28.24087
2802149843.75,-28.23997
2802150000.0,-28.24553
2802150156.25,-28.24731
2802150312.5,-28.23878
2802150468.75,-28.24869
2802150625.0,-28.24235
2802150781.25,-28.24861
2802150937.5,-28.24838
2802151093.75,-28.24778
2802151250.0,-28.25466
2802151406.25,-28.25094
2802151562.5,-28.2524
2802151718.75,-28.24692
2802151875.0,-28.25201
2802152031.25,-28.24694
2802152187.5,-28.25148
2802152343.75,-28.24796
2802152500.0,-28.25634
2802152656.25,-28.25259
2802152812.5,-28.25135
2802152968.75,-28.25451
2802153125.0,-28.25658
2802153281.25,-28.25543
2802153437.5,-28.26019
2802153593.75,-28.25343
2802153750.0,-28.25692
2802153906.25,-28.25809
2802154062.5,-28.26066
2802154218.75,-28.25897
2802154375.0,-28.26209
2802154531.25,-28.26167
2802154687.5,-28.25822
2802154843.75,-28.25957
2802155000.0,-28.25943
2802155156.25,-28.26398
2802155312.5,-28.26198
2802155468.75,-28.26445
2802155625.0,-28.26535
2802155781.25,-28.26403
2802155937.5,-28.26391
2802156093.75,-28.26785
2802156250.0,-28.26717
2802156406.25,-28.26523
2802156562.5,-28.26521
2802156718.75,-28.27039
2802156875.0,-28.26733
2802157031.25,-28.26572
2802157187.5,-28.26818
2802157343.75,-28.27071
2802157500.0,-28.26549
2802157656.25,-28.27398
2802157812.5,-28.27334
2802157968.75,-28.27878
2802158125.0,-28.27925
2802158281.25,-28.27348
2802158437.5,-28.2709
2802158593.75,-28.27492
2802158750.0,-28.27564
2802158906.25,-28.27444
2802159062.5,-28.27622
2802159218.75,-28.27757
2802159375.0,-28.27819
2802159531.25,-28.27646
2802159687.5,-28.27971
2802159843.75,-28.28229
2802160000.0,-28.28031
2802160156.25,-28.276
2802160312.5,-28.28371
2802160468.75,-28.28352
2802160625.0,-28.27868
2802160781.25,-28.28821
2802160937.5,-28.28114
2802161093.75,-28.282
2802161250.0,-28.2865
2802161406.25,-28.28825
2802161562.5,-28.28428
2802161718.75,-28.28593
2802161875.0,-28.28814
2802162031.25,-28.28598
2802162187.5,-28.28378
2802162343.75,-28.29201
2802162500.0,-28.2904
2802162656.25,-28.28672
2802162812.5,-28.29328
2802162968.75,-28.29166
2802163125.0,-28.29224
2802163281.25,-28.28988
2802163437.5,-28.29192
2802163593.75,-28.2911
2802163750.0,-28.29211
2802163906.25,-28.29133
2802164062.5,-28.29497
2802164218.75,-28.29288
2802164375.0,-28.29521
2802164531.25,-28.29134
2802164687.5,-28.2979
2802164843.75,-28.29822
2802165000.0,-28.2948
2802165156.25,-28.29765
2802165312.5,-28.29339
2802165468.75,-28.29589
2802165625.0,-28.2995
2802165781.25,-28.29651
2802165937.5,-28.30355
2802166093.75,-28.30281
2802166250.0,-28.30463
2802166406.25,-28.30206
2802166562.5,-28.30244
2802166718.75,-28.30477
2802166875.0,-28.3066
2802167031.25,-28.30422
2802167187.5,-28.30393
2802167343.75,-28.30442
2802167500.0,-28.30937
2802167656.25,-28.30482
2802167812.5,-28.30727
2802167968.75,-28.30835
2802168125.0,-28.31204
2802168281.25,-28.31048
2802168437.5,-28.3071
2802168593.75,-28.31339
2802168750.0,-28.3053
2802168906.25,-28.31611
2802169062.5,-28.31637
2802169218.75,-28.31239
2802169375.0,-28.3114
2802169531.25,-28.31538
2802169687.5,-28.31582
2802169843.75,-28.31299
2802170000.0,-28.31423
2802170156.25,-28.31602
2802170312.5,-28.31881
2802170468.75,-28.31598
2802170625.0,-28.31461
2802170781.25,-28.319
2802170937.5,-28.31643
2802171093.75,-28.31957
2802171250.0,-28.31919
2802171406.25,-28.32446
2802171562.5,-28.32133
2802171718.75,-28.32167
2802171875.0,-28.32063
2802172031.25,-28.32353
2802172187.5,-28.32364
2802172343.75,-28.32429
2802172500.0,-28.32194
2802172656.25,-28.32345
2802172812.5,-28.32683
2802172968.75,-28.3248
2802173125.0,-28.32009
2802173281.25,-28.32379
2802173437.5,-28.32157
2802173593.75,-28.32871
2802173750.0,-28.32869
2802173906.25,-28.32991
2802174062.5,-28.32955
2802174218.75,-28.33071
2802174375.0,-28.32946
2802174531.25,-28.32659
2802174687.5,-28.32479
2802174843.75,-28.33388
2802175000.0,-28.33459
2802175156.25,-28.33329
2802175312.5,-28.33046
2802175468.75,-28.33709
2802175625.0,-28.3374
2802175781.25,-28.33581
2802175937.5,-28.33516
2802176093.75,-28.33678
2802176250.0,-28.33222
2802176406.25,-28.33611
2802176562.5,-28.33682
2802176718.75,-28.33977
2802176875.0,-28.33955
2802177031.25,-28.34007
2802177187.5,-28.34035
2802177343.75,-28.34058
2802177500.0,-28.34209
2802177656.25,-28.34319
2802177812.5,-28.34085
2802177968.75,-28.34525
2802178125.0,-28.34299
2802178281.25,-28.3451
2802178437.5,-28.34694
2802178593.75,-28.35052
2802178750.0,-28.34717
2802178906.25,-28.34433
2802179062.5,-28.34646
2802179218.75,-28.34908
2802179375.0,-28.35307
2802179531.25,-28.34647
2802179687.5,-28.3472
2802179843.75,-28.35155
2802180000.0,-28.35228
2802180156.25,-28.34571
2802180312.5,-28.35184
2802180468.75,-28.34713
2802180625.0,-28.35324
2802180781.25,-28.35718
2802180937.5,-28.35289
2802181093.75,-28.35851
2802181250.0,-28.35293
2802181406.25,-28.35688
2802181562.5,-28.35531
2802181718.75,-28.3577
2802181875.0,-28.35512
2802182031.25,-28.35225
2802182187.5,-28.35705
2802182343.75,-28.35745
2802182500.0,-28.3589
2802182656.25,-28.36002
2802182812.5,-28.35967
2802182968.75,-28.36189
2802183125.0,-28.36236
2802183281.25,-28.36711
2802183437.5,-28.35935
2802183593.75,-28.36644
2802183750.0,-28.36631
2802183906.25,-28.36278
2802184062.5,-28.36606
2802184218.75,-28.36648
2802184375.0,-28.36461
2802184531.25,-28.36764
2802184687.5,-28.37066
2802184843.75,-28.37017
2802185000.0,-28.3639
2802185156.25,-28.36971
2802185312.5,-28.36311
2802185468.75,-28.3693
2802185625.0,-28.37199
2802185781.25,-28.37831
2802185937.5,-28.37272
2802186093.75,-28.37122
2802186250.0,-28.37327
2802186406.25,-28.37406
2802186562.5,-28.37216
2802186718.75,-28.37535
2802186875.0,-28.37296
2802187031.25,-28.37815
2802187187.5,-28.37652
2802187343.75,-28.37726
2802187500.0,-28.37309
2802187656.25,-28.37542
2802187812.5,-28.37597
2802187968.75,-28.37698
2802188125.0,-28.37904
2802188281.25,-28.38183
2802188437.5,-28.38201
2802188593.75,-28.38213
2802188750.0,-28.38146
2802188906.25,-28.37956
2802189062.5,-28.38096
2802189218.75,-28.38627
2802189375.0,-28.3857
2802189531.25,-28.38103
2802189687.5,-28.38554
2802189843.75,-28.38855
2802190000.0,-28.38804
2802190156.25,-28.38862
2802190312.5,-28.38469
2802190468.75,-28.38551
2802190625.0,-28.38319
2802190781.25,-28.38753
2802190937.5,-28.3883
2802191093.75,-28.38777
2802191250.0,-28.38959
2802191406.25,-28.39179
2802191562.5,-28.39126
2802191718.75,-28.39316
2802191875.0,-28.38876
2802192031.25,-28.39354
2802192187.5,-28.39326
2802192343.75,-28.39652
2802192500.0,-28.39783
2802192656.25,-28.39394
2802192812.5,-28.39376
2802192968.75,-28.39829
2802193125.0,-28.39596
2802193281.25,-28.4039
2802193437.5,-28.39694
2802193593.75,-28.39749
2802193750.0,-28.40019
2802193906.25,-28.39904
2802194062.5,-28.40307
2802194218.75,-28.40289
2802194375.0,-28.40091
2802194531.25,-28.40346
2802194687.5,-28.40458
2802194843.75,-28.40438
2802195000.0,-28.40114
2802195156.25,-28.40151
2802195312.5,-28.40705
2802195468.75,-28.40687
2802195625.0,-28.40649
2802195781.25,-28.40888
2802195937.5,-28.40261
2802196093.75,-28.40903
2802196250.0,-28.41382
2802196406.25,-28.40958
2802196562.5,-28.40455
2802196718.75,-28.4119
2802196875.0,-28.41034
2802197031.25,-28.40942
2802197187.5,-28.41365
2802197343.75,-28.41025
2802197500.0,-28.40901
2802197656.25,-28.41156
2802197812.5,-28.41363
2802197968.75,-28.41261
2802198125.0,-28.41294
2802198281.25,-28.41739
2802198437.5,-28.41422
2802198593.75,-28.41297
2802198750.0,-28.41791
2802198906.25,-28.41752
2802199062.5,-28.4164
2802199218.75,-28.41891
2802199375.0,-28.42065
2802199531.25,-28.41804
2802199687.5,-28.42036
2802199843.75,-28.41788
2802200000.0,-28.42414
2802200156.25,-28.42291
2802200312.5,-28.42561
2802200468.75,-28.4279
2802200625.0,-28.42349
2802200781.25,-28.4235
2802200937.5,-28.42323
2802201093.75,-28.42424
2802201250.0,-28.42651
2802201406.25,-28.4269
2802201562.5,-28.42597
2802201718.75,-28.42754
2802201875.0,-28.42684
2802202031.25,-28.42839
2802202187.5,-28.42652
2802202343.75,-28.43181
2802202500.0,-28.42967
2802202656.25,-28.43173
2802202812.5,-28.42692
2802202968.75,-28.43102
2802203125.0,-28.43576
2802203281.25,-28.42991
2802203437.5,-28.43119
2802203593.75,-28.42789
2802203750.0,-28.43023
2802203906.25,-28.43485
2802204062.5,-28.43617
2802204218.75,-28.43593
2802204375.0,-28.43844
2802204531.25,-28.43723
2802204687.5,-28.43562
2802204843.75,-28.43867
2802205000.0,-28.4383
2802205156.25,-28.4408
2802205312.5,-28.43707
2802205468.75,-28.43845
2802205625.0,-28.43833
2802205781.25,-28.44375
2802205937.5,-28.44345
2802206093.75,-28.44555
2802206250.0,-28.4453
2802206406.25,-28.44641
2802206562.5,-28.44111
2802206718.75,-28.44261
2802206875.0,-28.44354
2802207031.25,-28.45257
2802207187.5,-28.44691
2802207343.75,-28.44337
2802207500.0,-28.44445
2802207656.25,-28.45091
2802207812.5,-28.44835
2802207968.75,-28.44438
2802208125.0,-28.45114
2802208281.25,-28.4493
2802208437.5,-28.4511
2802208593.75,-28.45067
2802208750.0,-28.45138
2802208906.25,-28.45336
2802209062.5,-28.45619
2802209218.75,-28.45816
2802209375.0,-28.45453
2802209531.25,-28.45433
2802209687.5,-28.45471
2802209843.75,-28.45569
2802210000.0,-28.4546
2802210156.25,-28.45265
2802210312.5,-28.45774
2802210468.75,-28.45704
2802210625.0,-28.45773
2802210781.25,-28.46058
2802210937.5,-28.45612
2802211093.75,-28.46167
2802211250.0,-28.46399
2802211406.25,-28.4586
2802211562.5,-28.46146
2802211718.75,-28.46043
2802211875.0,-28.46125
2802212031.25,-28.46399
2802212187.5,-28.46111
2802212343.75,-28.4598
2802212500.0,-28.46176
2802212656.25,-28.46916
2802212812.5,-28.46527
2802212968.75,-28.47095
2802213125.0,-28.46639
2802213281.25,-28.46803
2802213437.5,-28.46642
2802213593.75,-28.46892
2802213750.0,-28.46808
2802213906.25,-28.47046
2802214062.5,-28.46784
2802214218.75,-28.46895
2802214375.0,-28.47447
2802214531.25,-28.47271
2802214687.5,-28.47286
2802214843.75,-28.47016
2802215000.0,-28.47454
2802215156.25,-28.47888
2802215312.5,-28.47284
2802215468.75,-28.47333
2802215625.0,-28.4784
2802215781.25,-28.47605
2802215937.5,-28.47813
2802216093.75,-28.47433
2802216250.0,-28.47954
2802216406.25,-28.4774
2802216562.5,-28.48151
2802216718.75,-28.47906
2802216875.0,-28.47843
2802217031.25,-28.48211
2802217187.5,-28.47956
2802217343.75,-28.4795
2802217500.0,-28.48461
2802217656.25,-28.47819
2802217812.5,-28.47973
2802217968.75,-28.48309
2802218125.0,-28.4875
2802218281.25,-28.49044
2802218437.5,-28.48361
2802218593.75,-28.48501
2802218750.0,-28.48903
2802218906.25,-28.48959
2802219062.5,-28.48387
2802219218.75,-28.48886
2802219375.0,-28.4896
2802219531.25,-28.48711
2802219687.5,-28.4898
2802219843.75,-28.49182
2802220000.0,-28.4909
2802220156.25,-28.49173
2802220312.5,-28.49171
2802220468.75,-28.48959
2802220625.0,-28.49172
2802220781.25,-28.49158
2802220937.5,-28.49307
2802221093.75,-28.49507
2802221250.0,-28.49504
2802221406.25,-28.49491
2802221562.5,-28.49493
2802221718.75,-28.49335
2802221875.0,-28.49697
2802222031.25,-28.50083
2802222187.5,-28.50271
2802222343.75,-28.4956
2802222500.0,-28.495
2802222656.25,-28.49732
2802222812.5,-28.50097
2802222968.75,-28.49995
2802223125.0,-28.50044
2802223281.25,-28.50101
2802223437.5,-28.50353
2802223593.75,-28.50596
2802223750.0,-28.50356
2802223906.25,-28.50672
2802224062.5,-28.50762
2802224218.75,-28.50324
2802224375.0,-28.50103
2802224531.25,-28.50797
2802224687.5,-28.50715
2802224843.75,-28.50807
2802225000.0,-28.50793
2802225156.25,-28.51154
2802225312.5,-28.50948
2802225468.75,-28.50998
2802225625.0,-28.51321
2802225781.25,-28.51093
2802225937.5,-28.51482
2802226093.75,-28.51163
2802226250.0,-28.51189
2802226406.25,-28.51725
2802226562.5,-28.51189
2802226718.75,-28.50826
2802226875.0,-28.51402
2802227031.25,-28.51127
2802227187.5,-28.51494
2802227343.75,-28.51269
2802227500.0,-28.52257
2802227656.25,-28.51888
2802227812.5,-28.51881
2802227968.75,-28.52001
2802228125.0,-28.51988
2802228281.25,-28.52144
2802228437.5,-28.52172
2802228593.75,-28.52062
2802228750.0,-28.52011
2802228906.25,-28.52403
2802229062.5,-28.52178
2802229218.75,-28.5243
2802229375.0,-28.52188
2802229531.25,-28.52085
2802229687.5,-28.52267
2802229843.75,-28.52332
2802230000.0,-28.52341
2802230156.25,-28.52737
2802230312.5,-28.5289
2802230468.75,-28.53094
2802230625.0,-28.53139
2802230781.25,-28.52921
2802230937.5,-28.52599
2802231093.75,-28.53086
2802231250.0,-28.52912
2802231406.25,-28.53396
2802231562.5,-28.52766
2802231718.75,-28.5305
2802231875.0,-28.53011
2802232031.25,-28.53648
2802232187.5,-28.53212
2802232343.75,-28.53453
2802232500.0,-28.53179
2802232656.25,-28.53347
2802232812.5,-28.53598
2802232968.75,-28.5347
2802233125.0,-28.53753
2802233281.25,-28.5371
2802233437.5,-28.53751
2802233593.75,-28.53932
2802233750.0,-28.54213
2802233906.25,-28.53838
2802234062.5,-28.53857
2802234218.75,-28.54123
2802234375.0,-28.54058
2802234531.25,-28.5421
2802234687.5,-28.54291
2802234843.75,-28.54432
2802235000.0,-28.54114
2802235156.25,-28.5435
2802235312.5,-28.54557
2802235468.75,-28.54458
2802235625.0,-28.54637
2802235781.25,-28.54602
2802235937.5,-28.5493
2802236093.75,-28.54512
2802236250.0,-28.54571
2802236406.25,-28.55448
2802236562.5,-28.5464
2802236718.75,-28.55128
2802236875.0,-28.55072
2802237031.25,-28.55244
2802237187.5,-28.55122
2802237343.75,-28.55383
2802237500.0,-28.54803
2802237656.25,-28.55252
2802237812.5,-28.5538
2802237968.75,-28.55112
2802238125.0,-28.55239
2802238281.25,-28.5578
2802238437.5,-28.55589
2802238593.75,-28.55042
2802238750.0,-28.5502
2802238906.25,-28.55788
2802239062.5,-28.56098
2802239218.75,-28.55333
2802239375.0,-28.55592
2802239531.25,-28.56044
2802239687.5,-28.55951
2802239843.75,-28.56322
2802240000.0,-28.56018
2802240156.25,-28.56157
2802240312.5,-28.56448
2802240468.75,-28.56315
2802240625.0,-28.56448
2802240781.25,-28.56457
2802240937.5,-28.55918
2802241093.75,-28.56441
2802241250.0,-28.562
2802241406.25,-28.56435
2802241562.5,-28.56434
2802241718.75,-28.57092
2802241875.0,-28.56795
2802242031.25,-28.56611
2802242187.5,-28.56828
2802242343.75,-28.57132
2802242500.0,-28.57293
2802242656.25,-28.56599
2802242812.5,-28.57205
2802242968.75,-28.57071
2802243125.0,-28.56937
2802243281.25,-28.57111
2802243437.5,-28.57714
2802243593.75,-28.57375
2802243750.0,-28.57795
2802243906.25,-28.57727
2802244062.5,-28.57708
2802244218.75,-28.57573
2802244375.0,-28.57563
2802244531.25,-28.57449
2802244687.5,-28.57507
2802244843.75,-28.57548
2802245000.0,-28.57735
2802245156.25,-28.57611
2802245312.5,-28.57927
2802245468.75,-28.58403
2802245625.0,-28.57866
2802245781.25,-28.5809
2802245937.5,-28.57827
2802246093.75,-28.58505
2802246250.0,-28.58497
2802246406.25,-28.58379
2802246562.5,-28.58488
2802246718.75,-28.57797
2802246875.0,-28.58763
2802247031.25,-28.58598
2802247187.5,-28.58553
2802247343.75,-28.59
2802247500.0,-28.58473
2802247656.25,-28.5891
2802247812.5,-28.58145
2802247968.75,-28.58897
2802248125.0,-28.58991
2802248281.25,-28.58482
2802248437.5,-28.59112
2802248593.75,-28.58541
2802248750.0,-28.59142
2802248906.25,-28.59174
2802249062.5,-28.59179
2802249218.75,-28.59375
2802249375.0,-28.59098
2802249531.25,-28.59667
2802249687.5,-28.5925
2802249843.75,-28.59418
2802250000.0,-28.59251
2802250156.25,-28.59507
2802250312.5,-28.59544
2802250468.75,-28.59773
2802250625.0,-28.59348
2802250781.25,-28.59544
2802250937.5,-28.59792
2802251093.75,-28.59717
2802251250.0,-28.5998
2802251406.25,-28.59446
2802251562.5,-28.60109
2802251718.75,-28.60507
2802251875.0,-28.59995
2802252031.25,-28.60207
2802252187.5,-28.60111
2802252343.75,-28.60371
2802252500.0,-28.60214
2802252656.25,-28.60235
2802252812.5,-28.60209
2802252968.75,-28.60596
2802253125.0,-28.6077
2802253281.25,-28.6048
2802253437.5,-28.60483
2802253593.75,-28.60769
2802253750.0,-28.6063
2802253906.25,-28.60586
2802254062.5,-28.60721
2802254218.75,-28.61109
2802254375.0,-28.60842
2802254531.25,-28.60905
2802254687.5,-28.61112
2802254843.75,-28.61666
2802255000.0,-28.61482
2802255156.25,-28.61228
2802255312.5,-28.61543
2802255468.75,-28.61275
2802255625.0,-28.61703
2802255781.25,-28.61507
2802255937.5,-28.61908
2802256093.75,-28.61203
2802256250.0,-28.61377
2802256406.25,-28.61652
2802256562.5,-28.61512
2802256718.75,-28.61965
2802256875.0,-28.61794
2802257031.25,-28.61635
2802257187.5,-28.61612
2802257343.75,-28.62187
2802257500.0,-28.61999
2802257656.25,-28.62099
2802257812.5,-28.61905
2802257968.75,-28.62465
2802258125.0,-28.61853
2802258281.25,-28.62096
2802258437.5,-28.62557
2802258593.75,-28.62566
2802258750.0,-28.6266
2802258906.25,-28.62559
2802259062.5,-28.62622
2802259218.75,-28.62575
2802259375.0,-28.62676
2802259531.25,-28.63147
2802259687.5,-28.63096
2802259843.75,-28.62655
2802260000.0,-28.63217
2802260156.25,-28.62508
2802260312.5,-28.62871
2802260468.75,-28.63214
2802260625.0,-28.63182
2802260781.25,-28.62904
2802260937.5,-28.63068
2802261093.75,-28.63256
2802261250.0,-28.63667
