1512050000.0,-44.3596740183127
1512053125.0,-44.35416113950818
1512056250.0,-44.35501638406802
1512059375.0,-44.348619117824995
1512062500.0,-44.34574698729982
1512065625.0,-44.33952814708138
1512068750.0,-44.34038944343466
1512071875.0,-44.33666210469301
1512075000.0,-44.33395163517626
1512078125.0,-44.33074137759461
1512081250.0,-44.332828658022855
1512084375.0,-44.32277188907372
1512087500.0,-44.326249857112
1512090625.0,-44.3234551315482
1512093750.0,-44.32570670364483
1512096875.0,-44.32603908086099
1512100000.0,-44.31083975222847
1512103125.0,-44.31336017553785
1512106250.0,-44.30757089593151
1512109375.0,-44.3104252647627
1512112500.0,-44.30930097265847
1512115625.0,-44.30596984719685
1512118750.0,-44.29870938797235
1512121875.0,-44.29772815751428
1512125000.0,-44.2940766802184
1512128125.0,-44.295626300576856
1512131250.0,-44.29429771406552
1512134375.0,-44.290631310528426
1512137500.0,-44.292372726292854
1512140625.0,-44.29613788585193
1512143750.0,-44.28903356233117
1512146875.0,-44.28378643440524
1512150000.0,-44.28026360721276
1512153125.0,-44.279384199313036
1512156250.0,-44.27257086419132
1512159375.0,-44.27991519026483
1512162500.0,-44.27278855245328
1512165625.0,-44.27765408978225
1512168750.0,-44.26964153077854
1512171875.0,-44.2585667594047
1512175000.0,-44.257235564869866
1512178125.0,-44.26603396849238
1512181250.0,-44.26052561864626
1512184375.0,-44.25427909277358
1512187500.0,-44.2568034427965
1512190625.0,-44.25204396564108
1512193750.0,-44.24866919536382
1512196875.0,-44.24860650703546
1512200000.0,-44.2492327954379
1512203125.0,-44.246047649686226
1512206250.0,-44.241175534321485
1512209375.0,-44.243396563750444
1512212500.0,-44.232013449394344
1512215625.0,-44.24215921808639
1512218750.0,-44.232828168411416
1512221875.0,-44.233577773542095
1512225000.0,-44.22605761387668
1512228125.0,-44.23510574573508
1512231250.0,-44.22409415502324
1512234375.0,-44.214383645518474
1512237500.0,-44.22358887321829
1512240625.0,-44.216450639239746
1512243750.0,-44.21083767192233
1512246875.0,-44.20991996118183
1512250000.0,-44.214448697164684
1512253125.0,-44.20507404064874
1512256250.0,-44.20816621469496
1512259375.0,-44.20437025822043
1512262500.0,-44.20825893033636
1512265625.0,-44.19681246357505
1512268750.0,-44.20288013078978
1512271875.0,-44.19330789771388
1512275000.0,-44.197590552011754
1512278125.0,-44.190139754183285
1512281250.0,-44.18750053444147
1512284375.0,-44.186506016529684
1512287500.0,-44.184711617291846
1512290625.0,-44.17978653442549
1512293750.0,-44.17570731165813
1512296875.0,-44.17707927879431
1512300000.0,-44.1775262506106
1512303125.0,-44.173178179976055
1512306250.0,-44.174685090809824
1512309375.0,-44.17017449476487
1512312500.0,-44.160539860466216
1512315625.0,-44.1599818778873
1512318750.0,-44.16049146852393
1512321875.0,-44.1611226015188
1512325000.0,-44.15590749285151
1512328125.0,-44.16102215524105
1512331250.0,-44.1569100432183
1512334375.0,-44.1524388318485
1512337500.0,-44.14748548435049
1512340625.0,-44.14637041707742
1512343750.0,-44.147939226760826
1512346875.0,-44.143019086179564
1512350000.0,-44.14648084720115
1512353125.0,-44.137950265000576
1512356250.0,-44.135101721485384
1512359375.0,-44.13906637062459
1512362500.0,-44.13147252930455
1512365625.0,-44.12620489180124
1512368750.0,-44.12454375185901
1512371875.0,-44.12447976374101
1512375000.0,-44.12431069800055
1512378125.0,-44.124887800057564
1512381250.0,-44.1219634780539
1512384375.0,-44.119999549988016
1512387500.0,-44.10748710476417
1512390625.0,-44.10648001788608
1512393750.0,-44.115816915178435
1512396875.0,-44.096680220876856
1512400000.0,-44.10353520241462
1512403125.0,-44.10969004819682
1512406250.0,-44.10207722216213
1512409375.0,-44.098976591497966
1512412500.0,-44.096641614488036
1512415625.0,-44.09673313743108
1512418750.0,-44.09099499952336
1512421875.0,-44.09125300637685
1512425000.0,-44.08893232492146
1512428125.0,-44.0926056789023
1512431250.0,-44.08123858426144
1512434375.0,-44.087415806142495
1512437500.0,-44.07555093326545
1512440625.0,-44.07579588215286
1512443750.0,-44.071459215874974
1512446875.0,-44.07402705900791
1512450000.0,-44.06972098396998
1512453125.0,-44.06876664757212
1512456250.0,-44.066189339100035
1512459375.0,-44.06742638602493
1512462500.0,-44.0625525056459
1512465625.0,-44.05596335873291
1512468750.0,-44.06124437659474
1512471875.0,-44.053765813000645
1512475000.0,-44.05310099482855
1512478125.0,-44.0552773339989
1512481250.0,-44.05193377279984
1512484375.0,-44.051189183676236
1512487500.0,-44.04219721760357
1512490625.0,-44.04472940228704
1512493750.0,-44.048078033182016
1512496875.0,-44.043954459511895
1512500000.0,-44.03923813247683
1512503125.0,-44.03852869090312
1512506250.0,-44.036377168018255
1512509375.0,-44.03231051340541
1512512500.0,-44.034601983878105
1512515625.0,-44.03690350329223
1512518750.0,-44.037414657949085
1512521875.0,-44.02242676081548
1512525000.0,-44.0244970153454
1512528125.0,-44.018798505390734
1512531250.0,-44.01597521807133
1512534375.0,-44.017347379369404
1512537500.0,-44.01858241252751
1512540625.0,-44.01170373665492
1512543750.0,-44.013673015215296
1512546875.0,-44.01061746444729
1512550000.0,-44.01162835652103
1512553125.0,-44.00691739414126
1512556250.0,-43.99901463099304
1512559375.0,-43.99388406792599
1512562500.0,-43.99447027233166
1512565625.0,-43.994845299812404
1512568750.0,-43.993743745204
1512571875.0,-43.99729977362281
1512575000.0,-43.9954695690689
1512578125.0,-43.99290922949089
1512581250.0,-43.98588161781029
1512584375.0,-43.985095837891414
1512587500.0,-43.988760683144015
1512590625.0,-43.98657038679221
1512593750.0,-43.98833252207269
1512596875.0,-43.97587883677318
1512600000.0,-43.97808065317933
1512603125.0,-43.97711723073417
1512606250.0,-43.97331912973698
1512609375.0,-43.96723872266834
1512612500.0,-43.96879663639539
1512615625.0,-43.964006401991384
1512618750.0,-43.961351544604256
1512621875.0,-43.96001599980044
1512625000.0,-43.963546900669996
1512628125.0,-43.959650385857344
1512631250.0,-43.954145281990726
1512634375.0,-43.95753998548915
1512637500.0,-43.955728422386095
1512640625.0,-43.951332758335035
1512643750.0,-43.95071031668589
1512646875.0,-43.95105423058802
1512650000.0,-43.938431453395125
1512653125.0,-43.94070294387323
1512656250.0,-43.94302775640803
1512659375.0,-43.94026969150639
1512662500.0,-43.933515160833885
1512665625.0,-43.93149804485986
1512668750.0,-43.93335379364291
1512671875.0,-43.93297511946906
1512675000.0,-43.928308420685106
1512678125.0,-43.924598285170504
1512681250.0,-43.928364204891565
1512684375.0,-43.92461432734284
1512687500.0,-43.92588691917099
1512690625.0,-43.921559545174475
1512693750.0,-43.920523405829435
1512696875.0,-43.921866007469035
1512700000.0,-43.92092551599174
1512703125.0,-43.90903277002841
1512706250.0,-43.91077241135268
1512709375.0,-43.91004115411129
1512712500.0,-43.908712508853625
1512715625.0,-43.905846752076584
1512718750.0,-43.91009835465628
1512721875.0,-43.903546101431665
1512725000.0,-43.90412661838065
1512728125.0,-43.89183366876707
1512731250.0,-43.89085872379911
1512734375.0,-43.8928309361391
1512737500.0,-43.88917968348882
1512740625.0,-43.88633878370267
1512743750.0,-43.886138413001234
1512746875.0,-43.88895252872328
1512750000.0,-43.88571139449225
1512753125.0,-43.88122797597325
1512756250.0,-43.880184786763955
1512759375.0,-43.88024000865401
1512762500.0,-43.87570360365709
1512765625.0,-43.88008261381691
1512768750.0,-43.87070161868526
1512771875.0,-43.875435366809214
1512775000.0,-43.86697263667612
1512778125.0,-43.86849046866135
1512781250.0,-43.866572264443
1512784375.0,-43.864513224600685
1512787500.0,-43.8605268918662
1512790625.0,-43.86214127001379
1512793750.0,-43.85582170244735
1512796875.0,-43.85887483579686
1512800000.0,-43.853827606202024
1512803125.0,-43.85507515066057
1512806250.0,-43.85414394697291
1512809375.0,-43.85308734281793
1512812500.0,-43.84592425992908
1512815625.0,-43.8421087816542
1512818750.0,-43.842748625769026
1512821875.0,-43.836985823454434
1512825000.0,-43.844775680312175
1512828125.0,-43.83636867298024
1512831250.0,-43.83518393384601
1512834375.0,-43.833361768654456
1512837500.0,-43.83883095038282
1512840625.0,-43.82937402884696
1512843750.0,-43.832431409892855
1512846875.0,-43.82726070112562
1512850000.0,-43.82875834626231
1512853125.0,-43.8319910111251
1512856250.0,-43.82162509726896
1512859375.0,-43.81214319241155
1512862500.0,-43.82038575865061
1512865625.0,-43.81493525123306
1512868750.0,-43.817681081335735
1512871875.0,-43.807793076915765
1512875000.0,-43.81288440316836
1512878125.0,-43.8187118634942
1512881250.0,-43.80425431289929
1512884375.0,-43.8001752102898
1512887500.0,-43.80476142862928
1512890625.0,-43.80867989622936
1512893750.0,-43.80151242619175
1512896875.0,-43.796457661084034
1512900000.0,-43.797103229361944
1512903125.0,-43.78954440753953
1512906250.0,-43.79470493742701
1512909375.0,-43.79212263176543
1512912500.0,-43.790546639883296
1512915625.0,-43.784007216082834
1512918750.0,-43.784613884981454
1512921875.0,-43.78224658339728
1512925000.0,-43.78306367177385
1512928125.0,-43.780254466002965
1512931250.0,-43.77894351014902
1512934375.0,-43.76975342680505
1512937500.0,-43.775355597946124
1512940625.0,-43.779919102560896
1512943750.0,-43.7729679816003
1512946875.0,-43.77306032417661
1512950000.0,-43.774908877433056
1512953125.0,-43.76627006973478
1512956250.0,-43.762308447472286
1512959375.0,-43.75800365011802
1512962500.0,-43.760315803428185
1512965625.0,-43.76004645759738
1512968750.0,-43.75820497857853
1512971875.0,-43.760469199274844
1512975000.0,-43.75870852475918
1512978125.0,-43.756480993544166
1512981250.0,-43.74971673822501
1512984375.0,-43.747710153661785
1512987500.0,-43.75237912672547
1512990625.0,-43.74427968096771
1512993750.0,-43.742243209289505
1512996875.0,-43.75050588698114
1513000000.0,-43.74209312809081
1513003125.0,-43.74290653807926
1513006250.0,-43.74369118884698
1513009375.0,-43.73628270086029
1513012500.0,-43.73240294899232
1513015625.0,-43.729619587925576
1513018750.0,-43.73528568999365
1513021875.0,-43.73521005702719
1513025000.0,-43.73487123526594
1513028125.0,-43.72150839381724
1513031250.0,-43.73559611756586
1513034375.0,-43.72872780003323
1513037500.0,-43.72054459279409
1513040625.0,-43.72067731512877
1513043750.0,-43.7180764641562
1513046875.0,-43.71833803067348
1513050000.0,-43.71003438969959
1513053125.0,-43.70764803960233
1513056250.0,-43.713264228988585
1513059375.0,-43.70893659601206
1513062500.0,-43.716363965305035
1513065625.0,-43.703635098589466
1513068750.0,-43.71007955493672
1513071875.0,-43.69999557889187
1513075000.0,-43.70290577600231
1513078125.0,-43.70020911738467
1513081250.0,-43.70418261348983
1513084375.0,-43.70680182569525
1513087500.0,-43.706060173832796
1513090625.0,-43.697713937669796
1513093750.0,-43.69589852889256
1513096875.0,-43.694578224913016
1513100000.0,-43.69254030254612
1513103125.0,-43.684391219722464
1513106250.0,-43.6910086506567
1513109375.0,-43.68293225051111
1513112500.0,-43.68378783887907
1513115625.0,-43.685317926713026
1513118750.0,-43.67691658154636
1513121875.0,-43.67786050823853
1513125000.0,-43.68246390921536
1513128125.0,-43.67513573830149
1513131250.0,-43.682800751403114
1513134375.0,-43.67579437116108
1513137500.0,-43.667525435510456
1513140625.0,-43.675038421743224
1513143750.0,-43.6685323990294
1513146875.0,-43.6644517536576
1513150000.0,-43.667009472426614
1513153125.0,-43.66312702146969
1513156250.0,-43.663906206741075
1513159375.0,-43.65815218103975
1513162500.0,-43.656754158012944
1513165625.0,-43.656424986303236
1513168750.0,-43.654385841386585
1513171875.0,-43.64812483006598
1513175000.0,-43.65190885667051
1513178125.0,-43.65209578039607
1513181250.0,-43.65300837850739
1513184375.0,-43.64640549456028
1513187500.0,-43.6507083444963
1513190625.0,-43.64319698068741
1513193750.0,-43.643633288460926
1513196875.0,-43.64287455296088
1513200000.0,-43.643209716572215
1513203125.0,-43.63474828332569
1513206250.0,-43.63854040170696
1513209375.0,-43.635456476265794
1513212500.0,-43.62628975411195
1513215625.0,-43.63492456715042
1513218750.0,-43.628209832685705
1513221875.0,-43.630705702813685
1513225000.0,-43.62953454611258
1513228125.0,-43.6359724550471
1513231250.0,-43.62800307378772
1513234375.0,-43.62401372571059
1513237500.0,-43.62134477329901
1513240625.0,-43.619416035981104
1513243750.0,-43.617865135983045
1513246875.0,-43.62074408989122
1513250000.0,-43.618381812657674
1513253125.0,-43.61554202162547
1513256250.0,-43.61634744906144
1513259375.0,-43.6147615496717
1513262500.0,-43.60907924138164
1513265625.0,-43.60885782585422
1513268750.0,-43.61088822249445
1513271875.0,-43.60765216473665
1513275000.0,-43.6057615668322
1513278125.0,-43.60435271029087
1513281250.0,-43.60089743649521
1513284375.0,-43.5980026146161
1513287500.0,-43.60324299854504
1513290625.0,-43.596445002435615
1513293750.0,-43.59628501200717
1513296875.0,-43.598440988417096
1513300000.0,-43.59082078874515
1513303125.0,-43.592407345993394
1513306250.0,-43.59696384278189
1513309375.0,-43.590495062971065
1513312500.0,-43.58224076024594
1513315625.0,-43.59836906143318
1513318750.0,-43.59256617310395
1513321875.0,-43.584425993467825
1513325000.0,-43.58439986283201
1513328125.0,-43.58625753272052
1513331250.0,-43.583945754927846
1513334375.0,-43.57783282582296
1513337500.0,-43.58196689887777
1513340625.0,-43.58204679969096
1513343750.0,-43.57032837435342
1513346875.0,-43.57535136519381
1513350000.0,-43.569511712233805
1513353125.0,-43.57267168533086
1513356250.0,-43.56829921106302
1513359375.0,-43.56081437283176
1513362500.0,-43.56043704698605
1513365625.0,-43.564886722462184
1513368750.0,-43.56461013542368
1513371875.0,-43.56855259539171
1513375000.0,-43.55461083751803
1513378125.0,-43.560873116978684
1513381250.0,-43.560690998330706
1513384375.0,-43.5627055921198
1513387500.0,-43.55432015293134
1513390625.0,-43.5488254300677
1513393750.0,-43.55366458756237
1513396875.0,-43.54802527203179
1513400000.0,-43.54718070863978
1513403125.0,-43.549914213643426
1513406250.0,-43.54758753100915
1513409375.0,-43.5483978121827
1513412500.0,-43.53943420836603
1513415625.0,-43.549135797351
1513418750.0,-43.54473410894626
1513421875.0,-43.53578068036857
1513425000.0,-43.54185784572224
1513428125.0,-43.53839594817629
1513431250.0,-43.54364388715854
1513434375.0,-43.54368329385481
1513437500.0,-43.53819693270429
1513440625.0,-43.53240511961962
1513443750.0,-43.528318679412564
1513446875.0,-43.52879557883744
1513450000.0,-43.536835210497365
1513453125.0,-43.52929928465292
1513456250.0,-43.527425428697725
1513459375.0,-43.53010101084974
1513462500.0,-43.52212389713863
1513465625.0,-43.51799674333143
1513468750.0,-43.52700601708917
1513471875.0,-43.523991722848656
1513475000.0,-43.51296433570585
1513478125.0,-43.52364797071722
1513481250.0,-43.51014924682413
1513484375.0,-43.521504281005235
1513487500.0,-43.511165163570205
1513490625.0,-43.514667162026065
1513493750.0,-43.509854469911275
1513496875.0,-43.5140365072519
1513500000.0,-43.511727315375396
1513503125.0,-43.51115750226208
1513506250.0,-43.50976631554727
1513509375.0,-43.50706139232307
1513512500.0,-43.507674728401895
1513515625.0,-43.51148243201497
1513518750.0,-43.503123216722635
1513521875.0,-43.50099871108884
1513525000.0,-43.50242181654558
1513528125.0,-43.49694485535223
1513531250.0,-43.49751686842291
1513534375.0,-43.49237960948082
1513537500.0,-43.49223310550884
1513540625.0,-43.48758615119348
1513543750.0,-43.495651773982914
1513546875.0,-43.493417103334785
1513550000.0,-43.49238435573674
1513553125.0,-43.49606283769817
1513556250.0,-43.499406315888805
1513559375.0,-43.48830033891944
1513562500.0,-43.48759597107151
1513565625.0,-43.48889252018707
1513568750.0,-43.48163202126669
1513571875.0,-43.48513462334586
1513575000.0,-43.4879955634132
1513578125.0,-43.48261759608553
1513581250.0,-43.47332811367055
1513584375.0,-43.48120388832529
1513587500.0,-43.475279479254226
1513590625.0,-43.470075950720094
1513593750.0,-43.47161793021503
1513596875.0,-43.477191205109996
1513600000.0,-43.472945559518685
1513603125.0,-43.47432643834567
1513606250.0,-43.4734049416089
1513609375.0,-43.47327921518752
1513612500.0,-43.46508065301776
1513615625.0,-43.46804526847898
1513618750.0,-43.46718957948409
1513621875.0,-43.46513584740192
1513625000.0,-43.47252394328744
1513628125.0,-43.473317109586226
1513631250.0,-43.4628766430089
1513634375.0,-43.46024452177445
1513637500.0,-43.4589548811977
1513640625.0,-43.464130889914955
1513643750.0,-43.458661178094985
1513646875.0,-43.45300447496964
1513650000.0,-43.456235440776595
1513653125.0,-43.45385851629491
1513656250.0,-43.448548445410424
1513659375.0,-43.457534858582946
1513662500.0,-43.459205227412056
1513665625.0,-43.44862768164428
1513668750.0,-43.448392465122105
1513671875.0,-43.45162409239835
1513675000.0,-43.45165803404814
1513678125.0,-43.445477761259625
1513681250.0,-43.45208975962723
1513684375.0,-43.45052801490061
1513687500.0,-43.440062574765605
1513690625.0,-43.44337800823819
1513693750.0,-43.44196298831036
1513696875.0,-43.44706170988956
1513700000.0,-43.441540356132336
1513703125.0,-43.44211741669912
1513706250.0,-43.43881943249
1513709375.0,-43.44304066502443
1513712500.0,-43.43325009358841
1513715625.0,-43.4302686753918
1513718750.0,-43.43412028831578
1513721875.0,-43.42909716200802
1513725000.0,-43.43445381953609
1513728125.0,-43.428147387941685
1513731250.0,-43.430145811119694
1513734375.0,-43.430988950662154
1513737500.0,-43.41983058423996
1513740625.0,-43.42687812092005
1513743750.0,-43.428496437328405
1513746875.0,-43.42803112145322
1513750000.0,-43.42265551369746
1513753125.0,-43.43152999430495
1513756250.0,-43.42119814830809
1513759375.0,-43.42282815348632
1513762500.0,-43.42448355810245
1513765625.0,-43.41548617005503
1513768750.0,-43.41339993662778
1513771875.0,-43.41665968916341
1513775000.0,-43.41404263200642
1513778125.0,-43.40643524083495
1513781250.0,-43.41331112114719
1513784375.0,-43.415046916516076
1513787500.0,-43.413699799541675
1513790625.0,-43.41159552804433
1513793750.0,-43.40571339098775
1513796875.0,-43.40572060691902
1513800000.0,-43.40455650106133
1513803125.0,-43.40817728429064
1513806250.0,-43.41084074920777
1513809375.0,-43.41259690698324
1513812500.0,-43.406334547541746
1513815625.0,-43.40192540759404
1513818750.0,-43.407527680821104
1513821875.0,-43.39967678326703
1513825000.0,-43.397014780325435
1513828125.0,-43.404740439422234
1513831250.0,-43.404473526739245
1513834375.0,-43.39258412689488
1513837500.0,-43.39617719672858
1513840625.0,-43.393305912352204
1513843750.0,-43.39017601335918
1513846875.0,-43.394568379593466
1513850000.0,-43.39361200426485
1513853125.0,-43.395038760917416
1513856250.0,-43.395979632611066
1513859375.0,-43.392790448554784
1513862500.0,-43.394969358291426
1513865625.0,-43.39115221871287
1513868750.0,-43.38892897228051
1513871875.0,-43.3874366696122
1513875000.0,-43.391916997229764
1513878125.0,-43.39099221129782
1513881250.0,-43.391266927241844
1513884375.0,-43.38720259117224
1513887500.0,-43.390278560776025
1513890625.0,-43.39078629754434
1513893750.0,-43.38303639055284
1513896875.0,-43.3834671239342
1513900000.0,-43.383267503183845
1513903125.0,-43.38202983445283
1513906250.0,-43.377472998422135
1513909375.0,-43.379371412065915
1513912500.0,-43.37902662065465
1513915625.0,-43.379606750488
1513918750.0,-43.377249611965375
1513921875.0,-43.38301687293548
1513925000.0,-43.37750015712678
1513928125.0,-43.373516901030285
1513931250.0,-43.375528801485025
1513934375.0,-43.37515648736314
1513937500.0,-43.37746464786743
1513940625.0,-43.36661118568416
1513943750.0,-43.36844587075553
1513946875.0,-43.37228546351004
1513950000.0,-43.36825596083081
1513953125.0,-43.36797631215845
1513956250.0,-43.37354910015465
1513959375.0,-43.374465274960784
1513962500.0,-43.37491159321723
1513965625.0,-43.36889015192904
1513968750.0,-43.36716556392709
1513971875.0,-43.36499076138576
1513975000.0,-43.369504088740754
1513978125.0,-43.36486220665157
1513981250.0,-43.36305346017381
1513984375.0,-43.3614107611338
1513987500.0,-43.36328524469148
1513990625.0,-43.36199613103695
1513993750.0,-43.35458200207312
1513996875.0,-43.37330799492468
1514000000.0,-43.359615065507285
1514003125.0,-43.35639745719585
1514006250.0,-43.357116212118484
1514009375.0,-43.36275783617065
1514012500.0,-43.35279440068668
1514015625.0,-43.361740964292075
1514018750.0,-43.35723129963367
1514021875.0,-43.35915114691076
1514025000.0,-43.351457705388555
1514028125.0,-43.35128476184121
1514031250.0,-43.355310339909124
1514034375.0,-43.34658009930454
1514037500.0,-43.3527746296666
1514040625.0,-43.35137805700522
1514043750.0,-43.35119238610802
1514046875.0,-43.349294735576926
1514050000.0,-43.34703188667067
1514053125.0,-43.35047996098192
1514056250.0,-43.35131639088014
1514059375.0,-43.344754827403804
1514062500.0,-43.33956495034287
1514065625.0,-43.34852490587634
1514068750.0,-43.34358025765919
1514071875.0,-43.34641939611864
1514075000.0,-43.34280464085157
1514078125.0,-43.3440391349307
1514081250.0,-43.34243290762109
1514084375.0,-43.34098071513664
1514087500.0,-43.33909584869146
1514090625.0,-43.344133582557205
1514093750.0,-43.34732925666031
1514096875.0,-43.337519985531955
1514100000.0,-43.34048333684522
1514103125.0,-43.33804779513871
1514106250.0,-43.33787429250813
1514109375.0,-43.34327001172396
1514112500.0,-43.344557823142544
1514115625.0,-43.33829604017706
1514118750.0,-43.33828122973749
1514121875.0,-43.33472251958727
1514125000.0,-43.33411291446177
1514128125.0,-43.33538426470995
1514131250.0,-43.336933464909364
1514134375.0,-43.330933735070154
1514137500.0,-43.33674714666845
1514140625.0,-43.33165786501641
1514143750.0,-43.33388203954999
1514146875.0,-43.33572759721805
1514150000.0,-43.33460949349235
1514153125.0,-43.328960231239186
1514156250.0,-43.33662273569096
1514159375.0,-43.323834420378766
1514162500.0,-43.32926992994943
1514165625.0,-43.329104395754364
1514168750.0,-43.330839303637894
1514171875.0,-43.32947386938834
1514175000.0,-43.33201108957842
1514178125.0,-43.32868719062794
1514181250.0,-43.32432777476455
1514184375.0,-43.31932894944964
1514187500.0,-43.32093782647424
1514190625.0,-43.33148772832572
1514193750.0,-43.326568152899235
1514196875.0,-43.32803357353358
1514200000.0,-43.32086435382111
1514203125.0,-43.322520673557975
1514206250.0,-43.320230787956376
1514209375.0,-43.325216226273255
1514212500.0,-43.322897224615616
1514215625.0,-43.318707092858226
1514218750.0,-43.32719589167333
1514221875.0,-43.324437144157876
1514225000.0,-43.3222594086685
1514228125.0,-43.314140427389916
1514231250.0,-43.321065240206686
1514234375.0,-43.312935096848086
1514237500.0,-43.32015923560096
1514240625.0,-43.320356298369866
1514243750.0,-43.31924583993469
1514246875.0,-43.32041237104251
1514250000.0,-43.31714311163841
1514253125.0,-43.321008386846174
1514256250.0,-43.31127959674812
1514259375.0,-43.31692181351968
1514262500.0,-43.313558817963454
1514265625.0,-43.315391328427474
1514268750.0,-43.31657689775956
1514271875.0,-43.31317534401232
1514275000.0,-43.3230315958386
1514278125.0,-43.31576166285384
1514281250.0,-43.31574370962657
1514284375.0,-43.31302423398052
1514287500.0,-43.316106507514704
1514290625.0,-43.30729515567473
1514293750.0,-43.31560044338584
1514296875.0,-43.3137672408395
1514300000.0,-43.310888780461795
1514303125.0,-43.30273746104486
1514306250.0,-43.306429984862156
1514309375.0,-43.314255870460364
1514312500.0,-43.307859023617674
1514315625.0,-43.3089563011631
1514318750.0,-43.311946623453636
1514321875.0,-43.30959680953084
1514325000.0,-43.31266296343624
1514328125.0,-43.31321144193378
1514331250.0,-43.30955255595434
1514334375.0,-43.30624752100685
1514337500.0,-43.3089722415281
1514340625.0,-43.31288077654365
1514343750.0,-43.311390705748906
1514346875.0,-43.3072714529471
1514350000.0,-43.30727382143349
1514353125.0,-43.30597091785854
1514356250.0,-43.305520867799814
1514359375.0,-43.301105326835525
1514362500.0,-43.302981157022394
1514365625.0,-43.31009270318944
1514368750.0,-43.30897764188782
1514371875.0,-43.31192887251364
1514375000.0,-43.30955494180595
1514378125.0,-43.310041984867915
1514381250.0,-43.2999769697858
1514384375.0,-43.3042997604406
1514387500.0,-43.31018069263562
1514390625.0,-43.30247913985553
1514393750.0,-43.303331022221236
1514396875.0,-43.30810555352269
1514400000.0,-43.3067911990672
1514403125.0,-43.302314333956154
1514406250.0,-43.305719476694506
1514409375.0,-43.30509572436433
1514412500.0,-43.29738541718294
1514415625.0,-43.307868680605694
1514418750.0,-43.30614599247114
1514421875.0,-43.30643149502981
1514425000.0,-43.30241712851159
1514428125.0,-43.30482184344504
1514431250.0,-43.299308154657744
1514434375.0,-43.30454466866409
1514437500.0,-43.29400133560781
1514440625.0,-43.305180458069685
1514443750.0,-43.305061510209306
1514446875.0,-43.29707427298724
1514450000.0,-43.302319693418895
1514453125.0,-43.29581852403872
1514456250.0,-43.299842305845054
1514459375.0,-43.302877317075094
1514462500.0,-43.300482463043345
1514465625.0,-43.29896809995902
1514468750.0,-43.30000822269834
1514471875.0,-43.30766185516776
1514475000.0,-43.29869139076529
1514478125.0,-43.29909684602494
1514481250.0,-43.2961302432989
1514484375.0,-43.305791386290245
1514487500.0,-43.296385842918745
1514490625.0,-43.29675253123308
1514493750.0,-43.29920314585135
1514496875.0,-43.30476897164523
1514500000.0,-43.30338212646758
1514503125.0,-43.29883168339679
1514506250.0,-43.29843674707722
1514509375.0,-43.30283923253611
1514512500.0,-43.30321098843649
1514515625.0,-43.29806087057215
1514518750.0,-43.295712521200144
1514521875.0,-43.30150566300641
1514525000.0,-43.299274102532536
1514528125.0,-43.29828095364595
1514531250.0,-43.30132891885619
1514534375.0,-43.29533353349148
1514537500.0,-43.30337072697454
1514540625.0,-43.29521764007371
1514543750.0,-43.2975615378137
1514546875.0,-43.29844105478661
1514550000.0,-43.29927641206602
1514553125.0,-43.30824677180327
1514556250.0,-43.30755204119062
1514559375.0,-43.29647387771716
1514562500.0,-43.2953292022328
1514565625.0,-43.29655836503934
1514568750.0,-43.30428341588356
1514571875.0,-43.30319604465427
1514575000.0,-43.29899167106093
1514578125.0,-43.295325313415546
1514581250.0,-43.29627538052133
1514584375.0,-43.30092660178272
1514587500.0,-43.30070139606512
1514590625.0,-43.300361557817915
1514593750.0,-43.30462434667639
1514596875.0,-43.30423942051535
1514600000.0,-43.29665300763586
1514603125.0,-43.29522679178209
1514606250.0,-43.298442582199435
1514609375.0,-43.29679764323637
1514612500.0,-43.306352320496394
1514615625.0,-43.29828687377044
1514618750.0,-43.30075556470687
1514621875.0,-43.30482490825829
1514625000.0,-43.29694222436602
1514628125.0,-43.302175487508705
1514631250.0,-43.29984499031691
1514634375.0,-43.300413533450445
1514637500.0,-43.30293580935726
1514640625.0,-43.30242227266282
1514643750.0,-43.30831618011242
1514646875.0,-43.298568866978535
1514650000.0,-43.30309927480931
1514653125.0,-43.297381315877146
1514656250.0,-43.296679568191536
1514659375.0,-43.29877041561567
1514662500.0,-43.29440875613768
1514665625.0,-43.30436729258146
1514668750.0,-43.298797088524445
1514671875.0,-43.30293832008902
1514675000.0,-43.30485132529913
1514678125.0,-43.30509687202972
1514681250.0,-43.29916238363231
1514684375.0,-43.2964176695925
1514687500.0,-43.302713086942525
1514690625.0,-43.30630656997257
1514693750.0,-43.30734940980786
1514696875.0,-43.29904182512964
1514700000.0,-43.30552493383929
1514703125.0,-43.30028984277603
1514706250.0,-43.30064364224526
1514709375.0,-43.30379763129008
1514712500.0,-43.30155983025973
1514715625.0,-43.30657521962786
1514718750.0,-43.30457441605628
1514721875.0,-43.2995218652396
1514725000.0,-43.30732672052404
1514728125.0,-43.301167483915656
1514731250.0,-43.30283980572589
1514734375.0,-43.30368338829233
1514737500.0,-43.30757781397783
1514740625.0,-43.30089678638512
1514743750.0,-43.305810132883416
1514746875.0,-43.30650916809227
1514750000.0,-43.30726004053906
1514753125.0,-43.30661396478757
1514756250.0,-43.30964300799934
1514759375.0,-43.303575014923034
1514762500.0,-43.29714487449096
1514765625.0,-43.30595670588233
1514768750.0,-43.31078234037592
1514771875.0,-43.30235614509402
1514775000.0,-43.30526644617309
1514778125.0,-43.307653375120175
1514781250.0,-43.30622663147468
1514784375.0,-43.314533883954695
1514787500.0,-43.30695327194952
1514790625.0,-43.306377183904836
1514793750.0,-43.31189657475764
1514796875.0,-43.30695239166882
1514800000.0,-43.31214935605802
1514803125.0,-43.31043925149376
1514806250.0,-43.3093815569775
1514809375.0,-43.312484958695755
1514812500.0,-43.31149869841438
1514815625.0,-43.314935138423245
1514818750.0,-43.314367409191
1514821875.0,-43.307833306299784
1514825000.0,-43.31519928751109
1514828125.0,-43.30896767433752
1514831250.0,-43.31402973402794
1514834375.0,-43.31237862130834
1514837500.0,-43.31046827286773
1514840625.0,-43.31969492802277
1514843750.0,-43.308298354078396
1514846875.0,-43.32030154494573
1514850000.0,-43.32091815923341
1514853125.0,-43.31576165600608
1514856250.0,-43.31093616405916
1514859375.0,-43.31565369348001
1514862500.0,-43.31598968217762
1514865625.0,-43.318428708684706
1514868750.0,-43.31186824798479
1514871875.0,-43.31744790604147
1514875000.0,-43.319901338152725
1514878125.0,-43.31941824462601
1514881250.0,-43.320913692985954
1514884375.0,-43.32079488018194
1514887500.0,-43.32695528916042
1514890625.0,-43.322229066935364
1514893750.0,-43.32251451456614
1514896875.0,-43.32467288599329
1514900000.0,-43.31731727453042
1514903125.0,-43.322687851633475
1514906250.0,-43.31995864193036
1514909375.0,-43.32580875327291
1514912500.0,-43.320890232902585
1514915625.0,-43.324736290923184
1514918750.0,-43.323763778790195
1514921875.0,-43.32278881242467
1514925000.0,-43.3323283455335
1514928125.0,-43.32880362032595
1514931250.0,-43.327732582996326
1514934375.0,-43.32942457663695
1514937500.0,-43.32718764686692
1514940625.0,-43.325938866955354
1514943750.0,-43.33243618629866
1514946875.0,-43.32338345511105
1514950000.0,-43.33398718862616
1514953125.0,-43.33288587377958
1514956250.0,-43.32575503652345
1514959375.0,-43.329727358663426
1514962500.0,-43.33047488395402
1514965625.0,-43.33158682137438
1514968750.0,-43.33306782307021
1514971875.0,-43.334447297048946
1514975000.0,-43.33475471938504
1514978125.0,-43.33516975441745
1514981250.0,-43.3357088767659
1514984375.0,-43.33535105818568
1514987500.0,-43.33588635580413
1514990625.0,-43.34388591722901
1514993750.0,-43.34020300527982
1514996875.0,-43.32613689034362
1515000000.0,-43.33359857631697
1515003125.0,-43.34062913128665
1515006250.0,-43.34415509411383
1515009375.0,-43.33784435091864
1515012500.0,-43.33793773722337
1515015625.0,-43.340188895355915
1515018750.0,-43.34234521510019
1515021875.0,-43.3397475237032
1515025000.0,-43.34107167974184
1515028125.0,-43.33952866775244
1515031250.0,-43.33698823211877
1515034375.0,-43.352257531295855
1515037500.0,-43.35285081542037
1515040625.0,-43.34617644945091
1515043750.0,-43.34283036790888
1515046875.0,-43.33921889372672
1515050000.0,-43.33748636253375
1515053125.0,-43.345153828002694
1515056250.0,-43.34923133757101
1515059375.0,-43.34726716107641
1515062500.0,-43.35295011164885
1515065625.0,-43.35501750152416
1515068750.0,-43.34310367313332
1515071875.0,-43.35638996841341
1515075000.0,-43.35116393605288
1515078125.0,-43.348737251925535
1515081250.0,-43.35287358530767
1515084375.0,-43.34807332785754
1515087500.0,-43.35600590806216
1515090625.0,-43.3538857705239
1515093750.0,-43.352633309310136
1515096875.0,-43.34932529532335
1515100000.0,-43.3645466351991
1515103125.0,-43.3592648644907
1515106250.0,-43.35786040209775
1515109375.0,-43.35899893034805
1515112500.0,-43.35287071750701
1515115625.0,-43.362533268423505
1515118750.0,-43.35747001780122
1515121875.0,-43.35653245374614
1515125000.0,-43.364952659792586
1515128125.0,-43.36371430404005
1515131250.0,-43.36690230826717
1515134375.0,-43.37397445145905
1515137500.0,-43.36582763804284
1515140625.0,-43.37017649356411
1515143750.0,-43.37265853590869
1515146875.0,-43.36818379768988
1515150000.0,-43.367768199314185
1515153125.0,-43.36969474509125
1515156250.0,-43.365488970844346
1515159375.0,-43.36712511596818
1515162500.0,-43.3699968371036
1515165625.0,-43.37032649656727
1515168750.0,-43.37682667084332
1515171875.0,-43.36657428240143
1515175000.0,-43.379029061446595
1515178125.0,-43.37817956923515
1515181250.0,-43.37482588177352
1515184375.0,-43.37774943941762
1515187500.0,-43.37917062202159
1515190625.0,-43.38224081141733
1515193750.0,-43.370372417750346
1515196875.0,-43.38676693403412
1515200000.0,-43.378805376221756
1515203125.0,-43.37935316292482
1515206250.0,-43.38220457410586
1515209375.0,-43.38253318458823
1515212500.0,-43.38748246103334
1515215625.0,-43.3855097818556
1515218750.0,-43.38515366235608
1515221875.0,-43.38565771735419
1515225000.0,-43.386824541327094
1515228125.0,-43.38239582668831
1515231250.0,-43.38972994447119
1515234375.0,-43.390532995193716
1515237500.0,-43.38905577632897
1515240625.0,-43.38853651761835
1515243750.0,-43.38875894245912
1515246875.0,-43.39301556757471
1515250000.0,-43.395064116834504
1515253125.0,-43.40316135120154
1515256250.0,-43.39745533942315
1515259375.0,-43.398191688972126
1515262500.0,-43.402206853941216
1515265625.0,-43.40048053891327
1515268750.0,-43.40092779352796
1515271875.0,-43.401957824654495
1515275000.0,-43.397638593330655
1515278125.0,-43.4088500246062
1515281250.0,-43.40581881710198
1515284375.0,-43.40488021749595
1515287500.0,-43.40077984190878
1515290625.0,-43.40893989438062
1515293750.0,-43.41283089563284
1515296875.0,-43.412393407692086
1515300000.0,-43.409092199692
1515303125.0,-43.40883809451592
1515306250.0,-43.40518601969913
1515309375.0,-43.400027248900756
1515312500.0,-43.41177710909949
1515315625.0,-43.421278585417824
1515318750.0,-43.41360113851395
1515321875.0,-43.41419591779737
1515325000.0,-43.41681516915889
1515328125.0,-43.410533112980886
1515331250.0,-43.4163779362793
1515334375.0,-43.41104449799656
1515337500.0,-43.41957552312533
1515340625.0,-43.420364072837735
1515343750.0,-43.42053061924889
1515346875.0,-43.42396719197727
1515350000.0,-43.42272581781697
1515353125.0,-43.42439240766829
1515356250.0,-43.42583984846513
1515359375.0,-43.430194373287904
1515362500.0,-43.42522449297439
1515365625.0,-43.424542926618464
1515368750.0,-43.42726591393755
1515371875.0,-43.42670928715796
1515375000.0,-43.43182736889559
1515378125.0,-43.435273356610075
1515381250.0,-43.43278688203285
1515384375.0,-43.436582338182454
1515387500.0,-43.441129873144156
1515390625.0,-43.43411736911165
1515393750.0,-43.43615699963191
1515396875.0,-43.43721204315057
1515400000.0,-43.44484624797143
1515403125.0,-43.43948288556769
1515406250.0,-43.43937196539709
1515409375.0,-43.445617054490064
1515412500.0,-43.43878555690446
1515415625.0,-43.44564383465496
1515418750.0,-43.443280654747404
1515421875.0,-43.443379169803734
1515425000.0,-43.45050447291999
1515428125.0,-43.453044529736765
1515431250.0,-43.45015542788318
1515434375.0,-43.45502533144238
1515437500.0,-43.45162973517632
1515440625.0,-43.44643734321702
1515443750.0,-43.45376606835899
1515446875.0,-43.45797626156707
1515450000.0,-43.46009313968136
1515453125.0,-43.46165814151436
1515456250.0,-43.456811713553876
1515459375.0,-43.45989930197102
1515462500.0,-43.4575602728678
1515465625.0,-43.46199113253185
1515468750.0,-43.45942856769961
1515471875.0,-43.458857261892746
1515475000.0,-43.46238480088557
1515478125.0,-43.46103993334479
1515481250.0,-43.47078104502431
1515484375.0,-43.46835045939473
1515487500.0,-43.46515212480457
1515490625.0,-43.46918029371893
1515493750.0,-43.4733027280779
1515496875.0,-43.47650631577583
1515500000.0,-43.472688328467484
1515503125.0,-43.474436417525546
1515506250.0,-43.47939183817218
1515509375.0,-43.477239519211885
1515512500.0,-43.47195209249003
1515515625.0,-43.48345608779453
1515518750.0,-43.48014893864858
1515521875.0,-43.47578298379396
1515525000.0,-43.48090655262333
1515528125.0,-43.47959575171295
1515531250.0,-43.48927720936567
1515534375.0,-43.48180902430537
1515537500.0,-43.490859150861766
1515540625.0,-43.49326647625591
1515543750.0,-43.488294615476974
1515546875.0,-43.489290397495026
1515550000.0,-43.48075314626944
1515553125.0,-43.49114058182845
1515556250.0,-43.498371167962844
1515559375.0,-43.495830556899975
1515562500.0,-43.492714981734636
1515565625.0,-43.4940382543611
1515568750.0,-43.4991997476568
1515571875.0,-43.497538107120086
1515575000.0,-43.502339525152806
1515578125.0,-43.50641447106144
1515581250.0,-43.50489702470151
1515584375.0,-43.50837847789925
1515587500.0,-43.507756323171165
1515590625.0,-43.50408489315848
1515593750.0,-43.5060168515982
1515596875.0,-43.51535747011601
1515600000.0,-43.51228697321956
1515603125.0,-43.50718609846684
1515606250.0,-43.51706138103467
1515609375.0,-43.520462876052
1515612500.0,-43.51701923612849
1515615625.0,-43.51322965493929
1515618750.0,-43.51933767294525
1515621875.0,-43.522417479675475
1515625000.0,-43.524844110222666
1515628125.0,-43.524895913832204
1515631250.0,-43.519358978975745
1515634375.0,-43.52886070046611
1515637500.0,-43.52634482514375
1515640625.0,-43.528011587006425
1515643750.0,-43.52975981443185
1515646875.0,-43.52690218303335
1515650000.0,-43.52532413856705
1515653125.0,-43.532658666407
1515656250.0,-43.53340871653052
1515659375.0,-43.53487780352176
1515662500.0,-43.536728367313515
1515665625.0,-43.53848055040178
1515668750.0,-43.537311990635175
1515671875.0,-43.53642127874176
1515675000.0,-43.543102737170024
1515678125.0,-43.53973034331136
1515681250.0,-43.54980324274664
1515684375.0,-43.54038947511601
1515687500.0,-43.550394122664336
1515690625.0,-43.55004973267217
1515693750.0,-43.548170296354876
1515696875.0,-43.54778657733906
1515700000.0,-43.55168193636764
1515703125.0,-43.55245290454046
1515706250.0,-43.55943497326767
1515709375.0,-43.559403631010284
1515712500.0,-43.55736663718495
1515715625.0,-43.55914129658007
1515718750.0,-43.5603360361517
1515721875.0,-43.55903466436692
1515725000.0,-43.56535042757394
1515728125.0,-43.56938336313554
1515731250.0,-43.56935046027502
1515734375.0,-43.56887463940649
1515737500.0,-43.56964421330817
1515740625.0,-43.57501602181483
1515743750.0,-43.57574417525318
1515746875.0,-43.57267103417981
1515750000.0,-43.5714564340835
1515753125.0,-43.57756370161012
1515756250.0,-43.57852424812201
1515759375.0,-43.586614669727076
1515762500.0,-43.57806302929637
1515765625.0,-43.58210367363166
1515768750.0,-43.58046119498211
1515771875.0,-43.58417019072697
1515775000.0,-43.58339311065923
1515778125.0,-43.593012359343824
1515781250.0,-43.59186811661215
1515784375.0,-43.58687175038832
1515787500.0,-43.58436562561653
1515790625.0,-43.59627702676522
1515793750.0,-43.599748555401796
1515796875.0,-43.599893713775266
1515800000.0,-43.59724127358744
1515803125.0,-43.59891635422778
1515806250.0,-43.59753197651829
1515809375.0,-43.60065803168635
1515812500.0,-43.60201119312386
1515815625.0,-43.602012832401606
1515818750.0,-43.60190745271064
1515821875.0,-43.61083169937688
1515825000.0,-43.613289753445116
1515828125.0,-43.60551615404636
1515831250.0,-43.61637006384897
1515834375.0,-43.60951720051678
1515837500.0,-43.61876220767788
1515840625.0,-43.61110187722596
1515843750.0,-43.61677832382113
1515846875.0,-43.62290418576956
1515850000.0,-43.61800065174255
1515853125.0,-43.62097579428117
1515856250.0,-43.63056116780078
1515859375.0,-43.63341607542072
1515862500.0,-43.63202245047868
1515865625.0,-43.62666032082736
1515868750.0,-43.626314722515
1515871875.0,-43.631541191051305
1515875000.0,-43.63616256510762
1515878125.0,-43.63297714185591
1515881250.0,-43.642061177030484
1515884375.0,-43.633650706135725
1515887500.0,-43.64314029438241
1515890625.0,-43.646877013750405
1515893750.0,-43.652567467985385
1515896875.0,-43.641524673399644
1515900000.0,-43.64861660499074
1515903125.0,-43.64584490197052
1515906250.0,-43.65051915918887
1515909375.0,-43.65357331115592
1515912500.0,-43.6514269551617
1515915625.0,-43.65701989757294
1515918750.0,-43.65193286843351
1515921875.0,-43.65229935029043
1515925000.0,-43.664968618192255
1515928125.0,-43.66219114926121
1515931250.0,-43.669800347308325
1515934375.0,-43.66630079678629
1515937500.0,-43.66172709857215
1515940625.0,-43.67050013542538
1515943750.0,-43.661983267960494
1515946875.0,-43.66820196427042
1515950000.0,-43.676818749979674
1515953125.0,-43.67424785833592
1515956250.0,-43.68242828059457
1515959375.0,-43.68027318634966
1515962500.0,-43.672612378255394
1515965625.0,-43.67811158688652
1515968750.0,-43.68043165422571
1515971875.0,-43.68423777288682
1515975000.0,-43.68479716980298
1515978125.0,-43.696045457244054
1515981250.0,-43.69501706185935
1515984375.0,-43.69053411457829
1515987500.0,-43.69206954015605
1515990625.0,-43.69705471287804
1515993750.0,-43.70068282551692
1515996875.0,-43.70224404866843
1516000000.0,-43.70013663466058
1516003125.0,-43.70138447454527
1516006250.0,-43.704336931241734
1516009375.0,-43.70656969384078
1516012500.0,-43.707938487959716
1516015625.0,-43.70596442714541
1516018750.0,-43.7094802676255
1516021875.0,-43.71572240310126
1516025000.0,-43.71148375358051
1516028125.0,-43.71447105566068
1516031250.0,-43.716984261532815
1516034375.0,-43.713315986095616
1516037500.0,-43.721777094964764
1516040625.0,-43.72201830226952
1516043750.0,-43.72337983630653
1516046875.0,-43.72244557455439
1516050000.0,-43.72704822027583
1516053125.0,-43.73194669566193
1516056250.0,-43.73201834538762
1516059375.0,-43.72966590644605
1516062500.0,-43.73756186604207
1516065625.0,-43.73773659092215
1516068750.0,-43.738481828003565
1516071875.0,-43.73788693632013
1516075000.0,-43.73854582499645
1516078125.0,-43.74548739465976
1516081250.0,-43.74395800001353
1516084375.0,-43.74853934138432
1516087500.0,-43.74317485203116
1516090625.0,-43.74764117709189
1516093750.0,-43.74949294435134
1516096875.0,-43.75713366651594
1516100000.0,-43.750843880406826
1516103125.0,-43.74980461247398
1516106250.0,-43.75648665564815
1516109375.0,-43.75931350120991
1516112500.0,-43.75540762753559
1516115625.0,-43.77031129999097
1516118750.0,-43.76065704434251
1516121875.0,-43.75928957188704
1516125000.0,-43.76873213733389
1516128125.0,-43.76834213435839
1516131250.0,-43.770179121246784
1516134375.0,-43.779013315204445
1516137500.0,-43.78121618138485
1516140625.0,-43.775674850621826
1516143750.0,-43.77568317656904
1516146875.0,-43.78066749584489
1516150000.0,-43.784667321808826
1516153125.0,-43.779670008116454
1516156250.0,-43.783516963484935
1516159375.0,-43.78123356936872
1516162500.0,-43.79689841932424
1516165625.0,-43.787811171032416
1516168750.0,-43.7876918135957
1516171875.0,-43.79380398402302
1516175000.0,-43.79535813845632
1516178125.0,-43.79749396107893
1516181250.0,-43.80078965500371
1516184375.0,-43.7965139527545
1516187500.0,-43.79803606010176
1516190625.0,-43.80650876019451
1516193750.0,-43.80921790066813
1516196875.0,-43.81685259727144
1516200000.0,-43.80769268086514
1516203125.0,-43.81265982272326
1516206250.0,-43.81867667994976
1516209375.0,-43.8172863020818
1516212500.0,-43.82427110649875
1516215625.0,-43.82150119200503
1516218750.0,-43.82135520191461
1516221875.0,-43.82878552326039
1516225000.0,-43.825427202486985
1516228125.0,-43.82761162303405
1516231250.0,-43.82578320474576
1516234375.0,-43.83344309519973
1516237500.0,-43.837202956902566
1516240625.0,-43.8371157030045
1516243750.0,-43.839963416579955
1516246875.0,-43.8320183882469
1516250000.0,-43.84057742370675
1516253125.0,-43.844701456284376
1516256250.0,-43.8474906510738
1516259375.0,-43.85040159481407
1516262500.0,-43.847710862991214
1516265625.0,-43.844564160033315
1516268750.0,-43.850944772421
1516271875.0,-43.858417260932924
1516275000.0,-43.857232439826575
1516278125.0,-43.85709182318305
1516281250.0,-43.863571907464575
1516284375.0,-43.85915686778932
1516287500.0,-43.8779776199469
1516290625.0,-43.8637416128132
1516293750.0,-43.87084179855815
1516296875.0,-43.86828543926603
1516300000.0,-43.879919596681155
1516303125.0,-43.871919311504826
1516306250.0,-43.87669562925258
1516309375.0,-43.87637305098653
1516312500.0,-43.88140770321064
1516315625.0,-43.88980750566799
1516318750.0,-43.89100198239104
1516321875.0,-43.88771944542116
1516325000.0,-43.886872167109054
1516328125.0,-43.897568113468274
1516331250.0,-43.89482303821648
1516334375.0,-43.89298474645074
1516337500.0,-43.89498524700919
1516340625.0,-43.89649382244122
1516343750.0,-43.89528129038672
1516346875.0,-43.90169084307088
1516350000.0,-43.90848608776834
1516353125.0,-43.90859181747341
1516356250.0,-43.90833079616518
1516359375.0,-43.90400221843918
1516362500.0,-43.91077117995515
1516365625.0,-43.906936353107724
1516368750.0,-43.92022354412379
1516371875.0,-43.92114260086824
1516375000.0,-43.919124931910936
1516378125.0,-43.92688167820997
1516381250.0,-43.93008568407856
1516384375.0,-43.93095072952916
1516387500.0,-43.92894578557201
1516390625.0,-43.932568520107495
1516393750.0,-43.930783325493806
1516396875.0,-43.934983655133045
1516400000.0,-43.93719802539596
1516403125.0,-43.93809912586388
1516406250.0,-43.945936870882846
1516409375.0,-43.94227207683378
1516412500.0,-43.941806964502206
1516415625.0,-43.947285447141
1516418750.0,-43.94706041671711
1516421875.0,-43.952696503417954
1516425000.0,-43.955816401841226
1516428125.0,-43.95190248813532
1516431250.0,-43.95631047086544
1516434375.0,-43.9530763080057
1516437500.0,-43.96481072242787
1516440625.0,-43.972274905602625
1516443750.0,-43.96670616254728
1516446875.0,-43.978807358666174
1516450000.0,-43.968495414450665
1516453125.0,-43.98436003299207
1516456250.0,-43.97978265677299
1516459375.0,-43.974603954763595
1516462500.0,-43.973332633836385
1516465625.0,-43.97873415342426
1516468750.0,-43.99007320950059
1516471875.0,-43.98951489051127
1516475000.0,-43.997938566419535
1516478125.0,-43.98381171229831
1516481250.0,-43.98967609614643
1516484375.0,-43.99165232999218
1516487500.0,-44.00465999950188
1516490625.0,-43.995011283946965
1516493750.0,-43.99887828467263
1516496875.0,-44.00231948419922
1516500000.0,-44.00018969650625
1516503125.0,-44.00922372363233
1516506250.0,-44.00691499708092
1516509375.0,-44.00900614753612
1516512500.0,-44.008135363395986
1516515625.0,-44.01318537060509
1516518750.0,-44.01665035992115
1516521875.0,-44.02191626338003
1516525000.0,-44.01521912314606
1516528125.0,-44.0260633774628
1516531250.0,-44.021150149595165
1516534375.0,-44.026273007479816
1516537500.0,-44.029939524944545
1516540625.0,-44.03386609703366
1516543750.0,-44.039887375981486
1516546875.0,-44.03544466009334
1516550000.0,-44.03920914889753
1516553125.0,-44.042052127344164
1516556250.0,-44.0426796963721
1516559375.0,-44.039464383399796
1516562500.0,-44.05378909685957
1516565625.0,-44.055958059301204
1516568750.0,-44.05114108818284
1516571875.0,-44.052773200755304
1516575000.0,-44.05281780331616
1516578125.0,-44.061687641606916
1516581250.0,-44.06039489529041
1516584375.0,-44.06246680014129
1516587500.0,-44.06999062134
1516590625.0,-44.068619246697246
1516593750.0,-44.07005035355013
1516596875.0,-44.07108181578661
1516600000.0,-44.074961870893596
1516603125.0,-44.074493781614905
1516606250.0,-44.07626310294508
1516609375.0,-44.077074712442446
1516612500.0,-44.08296861934829
1516615625.0,-44.08300337882614
1516618750.0,-44.08519370557184
1516621875.0,-44.091508481343084
1516625000.0,-44.09190349197826
1516628125.0,-44.09713998070821
1516631250.0,-44.094366285510574
1516634375.0,-44.0947109668885
1516637500.0,-44.10041187131563
1516640625.0,-44.09653308447215
1516643750.0,-44.106432578236216
1516646875.0,-44.106316949505256
1516650000.0,-44.11791259724775
1516653125.0,-44.11058949417484
1516656250.0,-44.10947252351106
1516659375.0,-44.11799873961835
1516662500.0,-44.1189527267008
1516665625.0,-44.122793720814066
1516668750.0,-44.12836967232123
1516671875.0,-44.12809495016209
1516675000.0,-44.13318155399461
1516678125.0,-44.127448059222424
1516681250.0,-44.130291969801924
1516684375.0,-44.14057621940796
1516687500.0,-44.13587267821978
1516690625.0,-44.14021846895715
1516693750.0,-44.13983099879259
1516696875.0,-44.14354314794971
1516700000.0,-44.15314037701919
1516703125.0,-44.149541130228016
1516706250.0,-44.15467798953179
1516709375.0,-44.14973906526975
1516712500.0,-44.15288166108259
1516715625.0,-44.15082391888482
1516718750.0,-44.16478391967694
1516721875.0,-44.151757410356936
1516725000.0,-44.17032385104673
1516728125.0,-44.15850113507827
1516731250.0,-44.16976931270936
1516734375.0,-44.17043171733746
1516737500.0,-44.167620405855025
1516740625.0,-44.17321684945485
1516743750.0,-44.180645943636456
1516746875.0,-44.18395429684889
1516750000.0,-44.1854219552509
1516753125.0,-44.18013818173903
1516756250.0,-44.192040578408054
1516759375.0,-44.1835287332574
1516762500.0,-44.19305523365391
1516765625.0,-44.19075318476504
1516768750.0,-44.1923638997008
1516771875.0,-44.19435056044493
1516775000.0,-44.19690765955652
1516778125.0,-44.198827562027375
1516781250.0,-44.20085328998828
1516784375.0,-44.21135131078708
1516787500.0,-44.20569183083433
1516790625.0,-44.20785519880084
1516793750.0,-44.21649733930207
1516796875.0,-44.2086960325431
1516800000.0,-44.21813106169481
1516803125.0,-44.21781732289215
1516806250.0,-44.217214436345834
1516809375.0,-44.219631319218244
1516812500.0,-44.22570536639153
1516815625.0,-44.22899229365312
1516818750.0,-44.233648676122876
1516821875.0,-44.231960674811376
1516825000.0,-44.237487043362044
1516828125.0,-44.244521642968124
1516831250.0,-44.24570263071379
1516834375.0,-44.245855272956696
1516837500.0,-44.25211774674062
1516840625.0,-44.24857118287093
1516843750.0,-44.2504711999013
1516846875.0,-44.25190813770183
1516850000.0,-44.25726015681977
1516853125.0,-44.26476607298858
1516856250.0,-44.26032922438616
1516859375.0,-44.26461746815484
1516862500.0,-44.2653986855057
1516865625.0,-44.27346251591358
1516868750.0,-44.26266899280524
1516871875.0,-44.27547352224065
1516875000.0,-44.27442662659531
1516878125.0,-44.27948594007857
1516881250.0,-44.275845337538506
1516884375.0,-44.280272501779585
1516887500.0,-44.28984468916786
1516890625.0,-44.287610356846145
1516893750.0,-44.295023469127734
1516896875.0,-44.29091621414968
1516900000.0,-44.297953745356814
1516903125.0,-44.294899427596
1516906250.0,-44.302145237387094
1516909375.0,-44.30215610692504
1516912500.0,-44.30580621756207
1516915625.0,-44.306304551323194
1516918750.0,-44.307196696280016
1516921875.0,-44.31273663883885
1516925000.0,-44.31119093569473
1516928125.0,-44.31198094758244
1516931250.0,-44.318390319908524
1516934375.0,-44.32437741315712
1516937500.0,-44.32544498832358
1516940625.0,-44.32849689901462
1516943750.0,-44.327303287600195
1516946875.0,-44.334774868505455
1516950000.0,-44.33448302009061
1516953125.0,-44.334912300828506
1516956250.0,-44.33201358442029
1516959375.0,-44.32981334194578
1516962500.0,-44.34042056715675
1516965625.0,-44.34348470890197
1516968750.0,-44.35155272289501
1516971875.0,-44.35575841186043
1516975000.0,-44.35451002549444
1516978125.0,-44.356065971331205
1516981250.0,-44.35799113733817
1516984375.0,-44.361347332493395
1516987500.0,-44.35872515838948
1516990625.0,-44.369767628553
1516993750.0,-44.36769121247738
1516996875.0,-44.369942587706525
1517000000.0,-44.368938438598214
1517003125.0,-44.374485206530686
1517006250.0,-44.380732568455485
1517009375.0,-44.3809241421616
1517012500.0,-44.384046419324214
1517015625.0,-44.383578414459414
1517018750.0,-44.38889652302431
1517021875.0,-44.389950067401315
1517025000.0,-44.38989482444874
1517028125.0,-44.39926743287289
1517031250.0,-44.40019679191228
1517034375.0,-44.4008994667209
1517037500.0,-44.40494212052559
1517040625.0,-44.40483124077421
1517043750.0,-44.41109005043641
1517046875.0,-44.41160143582049
1517050000.0,-44.40811895346663
