5734328125.0,-44.80238
5734329062.5,-44.81501
5734330000.0,-44.79653
5734330937.5,-44.80694
5734331875.0,-44.80672
5734332812.5,-44.76969
5734333750.0,-44.79336
5734334687.5,-44.78235
5734335625.0,-44.77905
5734336562.5,-44.77938
5734337500.0,-44.8044
5734338437.5,-44.75229
5734339375.0,-44.8045
5734340312.5,-44.77518
5734341250.0,-44.77827
5734342187.5,-44.78173
5734343125.0,-44.75161
5734344062.5,-44.77173
5734345000.0,-44.79493
5734345937.5,-44.78833
5734346875.0,-44.80441
5734347812.5,-44.76918
5734348750.0,-44.77164
5734349687.5,-44.75562
5734350625.0,-44.78118
5734351562.5,-44.74912
5734352500.0,-44.79327
5734353437.5,-44.76682
5734354375.0,-44.78397
5734355312.5,-44.76691
5734356250.0,-44.80859
5734357187.5,-44.78074
5734358125.0,-44.76564
5734359062.5,-44.76796
5734360000.0,-44.78291
5734360937.5,-44.74249
5734361875.0,-44.79946
5734362812.5,-44.77809
5734363750.0,-44.78996
5734364687.5,-44.73695
5734365625.0,-44.80952
5734366562.5,-44.79293
5734367500.0,-44.78853
5734368437.5,-44.77628
5734369375.0,-44.79881
5734370312.5,-44.78042
5734371250.0,-44.77895
5734372187.5,-44.78309
5734373125.0,-44.73944
5734374062.5,-44.7682
5734375000.0,-44.76088
5734375937.5,-44.7565
5734376875.0,-44.75194
5734377812.5,-44.7738
5734378750.0,-44.76602
5734379687.5,-44.77449
5734380625.0,-44.77184
5734381562.5,-44.75934
5734382500.0,-44.75775
5734383437.5,-44.76407
5734384375.0,-44.78447
5734385312.5,-44.78252
5734386250.0,-44.77016
5734387187.5,-44.80912
5734388125.0,-44.76259
5734389062.5,-44.75468
5734390000.0,-44.78999
5734390937.5,-44.77661
5734391875.0,-44.75092
5734392812.5,-44.76701
5734393750.0,-44.81
5734394687.5,-44.74562
5734395625.0,-44.741
5734396562.5,-44.75241
5734397500.0,-44.78513
5734398437.5,-44.7748
5734399375.0,-44.78472
5734400312.5,-44.77986
5734401250.0,-44.77529
5734402187.5,-44.747
5734403125.0,-44.75561
5734404062.5,-44.72468
5734405000.0,-44.74594
5734405937.5,-44.76736
5734406875.0,-44.78696
5734407812.5,-44.7537
5734408750.0,-44.7385
5734409687.5,-44.76096
5734410625.0,-44.76041
5734411562.5,-44.74566
5734412500.0,-44.75497
5734413437.5,-44.75939
5734414375.0,-44.73848
5734415312.5,-44.76706
5734416250.0,-44.78224
5734417187.5,-44.76393
5734418125.0,-44.79409
5734419062.5,-44.73388
5734420000.0,-44.74812
5734420937.5,-44.76888
5734421875.0,-44.75511
5734422812.5,-44.73186
5734423750.0,-44.74481
5734424687.5,-44.75735
5734425625.0,-44.75277
5734426562.5,-44.76711
5734427500.0,-44.74663
5734428437.5,-44.743
5734429375.0,-44.75872
5734430312.5,-44.74476
5734431250.0,-44.763
5734432187.5,-44.77867
5734433125.0,-44.76376
5734434062.5,-44.76872
5734435000.0,-44.76204
5734435937.5,-44.74388
5734436875.0,-44.71445
5734437812.5,-44.7448
5734438750.0,-44.75752
5734439687.5,-44.77786
5734440625.0,-44.72351
5734441562.5,-44.75269
5734442500.0,-44.72713
5734443437.5,-44.76887
5734444375.0,-44.76203
5734445312.5,-44.75295
5734446250.0,-44.75646
5734447187.5,-44.72795
5734448125.0,-44.7424
5734449062.5,-44.72395
5734450000.0,-44.74855
5734450937.5,-44.74734
5734451875.0,-44.76831
5734452812.5,-44.7256
5734453750.0,-44.72728
5734454687.5,-44.71428
5734455625.0,-44.74637
5734456562.5,-44.73411
5734457500.0,-44.71525
5734458437.5,-44.73486
5734459375.0,-44.7402
5734460312.5,-44.75807
5734461250.0,-44.74141
5734462187.5,-44.76499
5734463125.0,-44.77077
5734464062.5,-44.74457
5734465000.0,-44.72374
5734465937.5,-44.73479
5734466875.0,-44.72442
5734467812.5,-44.77081
5734468750.0,-44.72221
5734469687.5,-44.76944
5734470625.0,-44.74101
5734471562.5,-44.74357
5734472500.0,-44.72893
5734473437.5,-44.75772
5734474375.0,-44.74369
5734475312.5,-44.74425
5734476250.0,-44.73632
5734477187.5,-44.74446
5734478125.0,-44.71929
5734479062.5,-44.7421
5734480000.0,-44.72648
5734480937.5,-44.73172
5734481875.0,-44.72797
5734482812.5,-44.72843
5734483750.0,-44.73952
5734484687.5,-44.74754
5734485625.0,-44.74775
5734486562.5,-44.73716
5734487500.0,-44.71329
5734488437.5,-44.69751
5734489375.0,-44.72898
5734490312.5,-44.68285
5734491250.0,-44.73665
5734492187.5,-44.74437
5734493125.0,-44.73251
5734494062.5,-44.74635
5734495000.0,-44.73269
5734495937.5,-44.71671
5734496875.0,-44.72976
5734497812.5,-44.72203
5734498750.0,-44.73737
5734499687.5,-44.72325
5734500625.0,-44.7319
5734501562.5,-44.70761
5734502500.0,-44.7248
5734503437.5,-44.7249
5734504375.0,-44.718
5734505312.5,-44.70436
5734506250.0,-44.70424
5734507187.5,-44.72504
5734508125.0,-44.74895
5734509062.5,-44.71561
5734510000.0,-44.70825
5734510937.5,-44.7006
5734511875.0,-44.71658
5734512812.5,-44.7339
5734513750.0,-44.74099
5734514687.5,-44.74251
5734515625.0,-44.73461
5734516562.5,-44.71107
5734517500.0,-44.6966
5734518437.5,-44.70589
5734519375.0,-44.71788
5734520312.5,-44.71626
5734521250.0,-44.72113
5734522187.5,-44.74436
5734523125.0,-44.72347
5734524062.5,-44.71053
5734525000.0,-44.73942
5734525937.5,-44.72951
5734526875.0,-44.70153
5734527812.5,-44.74947
5734528750.0,-44.71836
5734529687.5,-44.72861
5734530625.0,-44.71889
5734531562.5,-44.71223
5734532500.0,-44.70415
5734533437.5,-44.71729
5734534375.0,-44.69587
5734535312.5,-44.71487
5734536250.0,-44.70475
5734537187.5,-44.74028
5734538125.0,-44.69022
5734539062.5,-44.71939
5734540000.0,-44.69467
5734540937.5,-44.69036
5734541875.0,-44.70919
5734542812.5,-44.70609
5734543750.0,-44.69633
5734544687.5,-44.72773
5734545625.0,-44.69841
5734546562.5,-44.69735
5734547500.0,-44.6934
5734548437.5,-44.72074
5734549375.0,-44.69607
5734550312.5,-44.70916
5734551250.0,-44.69452
5734552187.5,-44.66722
5734553125.0,-44.71241
5734554062.5,-44.72062
5734555000.0,-44.71056
5734555937.5,-44.66715
5734556875.0,-44.70802
5734557812.5,-44.72548
5734558750.0,-44.72269
5734559687.5,-44.71131
5734560625.0,-44.67704
5734561562.5,-44.71913
5734562500.0,-44.71228
5734563437.5,-44.68606
5734564375.0,-44.72668
5734565312.5,-44.69786
5734566250.0,-44.73113
5734567187.5,-44.69922
5734568125.0,-44.72091
5734569062.5,-44.71073
5734570000.0,-44.67744
5734570937.5,-44.67057
5734571875.0,-44.6971
5734572812.5,-44.65949
5734573750.0,-44.71688
5734574687.5,-44.67562
5734575625.0,-44.6969
5734576562.5,-44.7151
5734577500.0,-44.69951
5734578437.5,-44.71127
5734579375.0,-44.72216
5734580312.5,-44.69674
5734581250.0,-44.68503
5734582187.5,-44.69918
5734583125.0,-44.68346
5734584062.5,-44.71299
5734585000.0,-44.69538
5734585937.5,-44.70483
5734586875.0,-44.69361
5734587812.5,-44.69291
5734588750.0,-44.6745
5734589687.5,-44.6943
5734590625.0,-44.67584
5734591562.5,-44.70091
5734592500.0,-44.69785
5734593437.5,-44.67593
5734594375.0,-44.68549
5734595312.5,-44.67604
5734596250.0,-44.70621
5734597187.5,-44.69665
5734598125.0,-44.68837
5734599062.5,-44.68942
5734600000.0,-44.71621
5734600937.5,-44.70979
5734601875.0,-44.69909
5734602812.5,-44.68228
5734603750.0,-44.69557
5734604687.5,-44.6754
5734605625.0,-44.68913
5734606562.5,-44.69878
5734607500.0,-44.7107
5734608437.5,-44.69783
5734609375.0,-44.66923
5734610312.5,-44.66009
5734611250.0,-44.68621
5734612187.5,-44.68217
5734613125.0,-44.65962
5734614062.5,-44.69498
5734615000.0,-44.67381
5734615937.5,-44.71695
5734616875.0,-44.68163
5734617812.5,-44.69159
5734618750.0,-44.67479
5734619687.5,-44.6832
5734620625.0,-44.69756
5734621562.5,-44.65803
5734622500.0,-44.67138
5734623437.5,-44.69213
5734624375.0,-44.68628
5734625312.5,-44.68221
5734626250.0,-44.67183
5734627187.5,-44.67313
5734628125.0,-44.68922
5734629062.5,-44.70134
5734630000.0,-44.67247
5734630937.5,-44.68536
5734631875.0,-44.64599
5734632812.5,-44.6712
5734633750.0,-44.69306
5734634687.5,-44.68134
5734635625.0,-44.63218
5734636562.5,-44.67694
5734637500.0,-44.67921
5734638437.5,-44.6641
5734639375.0,-44.67828
5734640312.5,-44.70224
5734641250.0,-44.66079
5734642187.5,-44.6403
5734643125.0,-44.6749
5734644062.5,-44.66508
5734645000.0,-44.67928
5734645937.5,-44.64721
5734646875.0,-44.68681
5734647812.5,-44.70955
5734648750.0,-44.66493
5734649687.5,-44.68979
5734650625.0,-44.65091
5734651562.5,-44.6535
5734652500.0,-44.66102
5734653437.5,-44.67521
5734654375.0,-44.67392
5734655312.5,-44.67454
5734656250.0,-44.67576
5734657187.5,-44.6823
5734658125.0,-44.69563
5734659062.5,-44.67718
5734660000.0,-44.66042
5734660937.5,-44.68114
5734661875.0,-44.65724
5734662812.5,-44.64933
5734663750.0,-44.69173
5734664687.5,-44.67111
5734665625.0,-44.68547
5734666562.5,-44.66793
5734667500.0,-44.66824
5734668437.5,-44.6999
5734669375.0,-44.6927
5734670312.5,-44.67522
5734671250.0,-44.63459
5734672187.5,-44.66922
5734673125.0,-44.67513
5734674062.5,-44.6573
5734675000.0,-44.65076
5734675937.5,-44.64467
5734676875.0,-44.68898
5734677812.5,-44.65014
5734678750.0,-44.68528
5734679687.5,-44.67581
5734680625.0,-44.68343
5734681562.5,-44.64719
5734682500.0,-44.66864
5734683437.5,-44.6668
5734684375.0,-44.65598
5734685312.5,-44.64944
5734686250.0,-44.65597
5734687187.5,-44.64075
5734688125.0,-44.667
5734689062.5,-44.64243
5734690000.0,-44.66508
5734690937.5,-44.6526
5734691875.0,-44.6358
5734692812.5,-44.65522
5734693750.0,-44.67471
5734694687.5,-44.65943
5734695625.0,-44.62513
5734696562.5,-44.64421
5734697500.0,-44.6628
5734698437.5,-44.65189
5734699375.0,-44.64371
5734700312.5,-44.64336
5734701250.0,-44.64318
5734702187.5,-44.63688
5734703125.0,-44.63422
5734704062.5,-44.67371
5734705000.0,-44.6317
5734705937.5,-44.63389
5734706875.0,-44.65404
5734707812.5,-44.64903
5734708750.0,-44.64866
5734709687.5,-44.65138
5734710625.0,-44.64249
5734711562.5,-44.65691
5734712500.0,-44.647
5734713437.5,-44.65749
5734714375.0,-44.6288
5734715312.5,-44.62827
5734716250.0,-44.67898
5734717187.5,-44.65318
5734718125.0,-44.62708
5734719062.5,-44.62513
5734720000.0,-44.64624
5734720937.5,-44.65335
5734721875.0,-44.63619
5734722812.5,-44.6459
5734723750.0,-44.6207
5734724687.5,-44.66706
5734725625.0,-44.63208
5734726562.5,-44.63847
5734727500.0,-44.64824
5734728437.5,-44.64631
5734729375.0,-44.62892
5734730312.5,-44.64624
5734731250.0,-44.65574
5734732187.5,-44.62628
5734733125.0,-44.62949
5734734062.5,-44.63261
5734735000.0,-44.6494
5734735937.5,-44.63584
5734736875.0,-44.65144
5734737812.5,-44.63829
5734738750.0,-44.63813
5734739687.5,-44.66585
5734740625.0,-44.64036
5734741562.5,-44.65742
5734742500.0,-44.64053
5734743437.5,-44.62049
5734744375.0,-44.59402
5734745312.5,-44.62634
5734746250.0,-44.61637
5734747187.5,-44.61303
5734748125.0,-44.64722
5734749062.5,-44.62983
5734750000.0,-44.66323
5734750937.5,-44.63941
5734751875.0,-44.63271
5734752812.5,-44.63169
5734753750.0,-44.62539
5734754687.5,-44.62451
5734755625.0,-44.62744
5734756562.5,-44.6407
5734757500.0,-44.64909
5734758437.5,-44.6262
5734759375.0,-44.59644
5734760312.5,-44.63949
5734761250.0,-44.62509
5734762187.5,-44.648
5734763125.0,-44.66424
5734764062.5,-44.61866
5734765000.0,-44.60857
5734765937.5,-44.63246
5734766875.0,-44.59962
5734767812.5,-44.64326
5734768750.0,-44.62069
5734769687.5,-44.61853
5734770625.0,-44.61727
5734771562.5,-44.60498
5734772500.0,-44.63377
5734773437.5,-44.62291
5734774375.0,-44.6103
5734775312.5,-44.63862
5734776250.0,-44.6427
5734777187.5,-44.60448
5734778125.0,-44.63519
5734779062.5,-44.6287
5734780000.0,-44.60255
5734780937.5,-44.59707
5734781875.0,-44.63166
5734782812.5,-44.60659
5734783750.0,-44.60742
5734784687.5,-44.6538
5734785625.0,-44.58501
5734786562.5,-44.60159
5734787500.0,-44.65617
5734788437.5,-44.60844
5734789375.0,-44.6073
5734790312.5,-44.62071
5734791250.0,-44.62621
5734792187.5,-44.62496
5734793125.0,-44.62255
5734794062.5,-44.5931
5734795000.0,-44.63074
5734795937.5,-44.61554
5734796875.0,-44.62621
5734797812.5,-44.62413
5734798750.0,-44.60713
5734799687.5,-44.61976
5734800625.0,-44.61938
5734801562.5,-44.57797
5734802500.0,-44.58507
5734803437.5,-44.59814
5734804375.0,-44.61571
5734805312.5,-44.60843
5734806250.0,-44.60513
5734807187.5,-44.60059
5734808125.0,-44.60414
5734809062.5,-44.6213
5734810000.0,-44.61697
5734810937.5,-44.57586
5734811875.0,-44.60744
5734812812.5,-44.60513
5734813750.0,-44.60262
5734814687.5,-44.61246
5734815625.0,-44.58701
5734816562.5,-44.60358
5734817500.0,-44.63636
5734818437.5,-44.57703
5734819375.0,-44.62134
5734820312.5,-44.57931
5734821250.0,-44.58806
5734822187.5,-44.6409
5734823125.0,-44.61349
5734824062.5,-44.62251
5734825000.0,-44.60099
5734825937.5,-44.61196
5734826875.0,-44.61164
5734827812.5,-44.56797
5734828750.0,-44.58839
5734829687.5,-44.59979
5734830625.0,-44.58909
5734831562.5,-44.62463
5734832500.0,-44.63289
5734833437.5,-44.57435
5734834375.0,-44.59656
5734835312.5,-44.58989
5734836250.0,-44.60211
5734837187.5,-44.58395
5734838125.0,-44.60318
5734839062.5,-44.57463
5734840000.0,-44.62526
5734840937.5,-44.61606
5734841875.0,-44.58894
5734842812.5,-44.58762
5734843750.0,-44.57682
5734844687.5,-44.61038
5734845625.0,-44.60508
5734846562.5,-44.58507
5734847500.0,-44.57235
5734848437.5,-44.59644
5734849375.0,-44.58722
5734850312.5,-44.59251
5734851250.0,-44.62855
5734852187.5,-44.59344
5734853125.0,-44.58364
5734854062.5,-44.58415
5734855000.0,-44.5567
5734855937.5,-44.59697
5734856875.0,-44.64854
5734857812.5,-44.6077
5734858750.0,-44.61078
5734859687.5,-44.59005
5734860625.0,-44.57304
5734861562.5,-44.58068
5734862500.0,-44.58749
5734863437.5,-44.59646
5734864375.0,-44.58187
5734865312.5,-44.56696
5734866250.0,-44.59144
5734867187.5,-44.58796
5734868125.0,-44.58361
5734869062.5,-44.56823
5734870000.0,-44.54204
5734870937.5,-44.60503
5734871875.0,-44.60986
5734872812.5,-44.57708
5734873750.0,-44.58738
5734874687.5,-44.58068
5734875625.0,-44.59636
5734876562.5,-44.57788
5734877500.0,-44.57736
5734878437.5,-44.5662
5734879375.0,-44.59517
5734880312.5,-44.58217
5734881250.0,-44.57253
5734882187.5,-44.56466
5734883125.0,-44.58928
5734884062.5,-44.58644
5734885000.0,-44.58477
5734885937.5,-44.63468
5734886875.0,-44.59561
5734887812.5,-44.58429
5734888750.0,-44.567
5734889687.5,-44.58379
5734890625.0,-44.55516
5734891562.5,-44.56945
5734892500.0,-44.57029
5734893437.5,-44.56332
5734894375.0,-44.54062
5734895312.5,-44.5815
5734896250.0,-44.59808
5734897187.5,-44.58832
5734898125.0,-44.56485
5734899062.5,-44.57793
5734900000.0,-44.52666
5734900937.5,-44.56126
5734901875.0,-44.56564
5734902812.5,-44.57726
5734903750.0,-44.56657
5734904687.5,-44.57724
5734905625.0,-44.58184
5734906562.5,-44.59171
5734907500.0,-44.59903
5734908437.5,-44.55198
5734909375.0,-44.58789
5734910312.5,-44.57385
5734911250.0,-44.59703
5734912187.5,-44.56763
5734913125.0,-44.54953
5734914062.5,-44.60052
5734915000.0,-44.57414
5734915937.5,-44.5908
5734916875.0,-44.57152
5734917812.5,-44.5769
5734918750.0,-44.58312
5734919687.5,-44.58872
5734920625.0,-44.55104
5734921562.5,-44.55343
5734922500.0,-44.54776
5734923437.5,-44.51981
5734924375.0,-44.57301
5734925312.5,-44.5739
5734926250.0,-44.56682
5734927187.5,-44.54413
5734928125.0,-44.59542
5734929062.5,-44.56501
5734930000.0,-44.55624
5734930937.5,-44.57017
5734931875.0,-44.56191
5734932812.5,-44.57681
5734933750.0,-44.55481
5734934687.5,-44.56678
5734935625.0,-44.5441
5734936562.5,-44.54676
5734937500.0,-44.56159
5734938437.5,-44.56818
5734939375.0,-44.55549
5734940312.5,-44.55367
5734941250.0,-44.55991
5734942187.5,-44.54827
5734943125.0,-44.56416
5734944062.5,-44.5825
5734945000.0,-44.55267
5734945937.5,-44.54391
5734946875.0,-44.54118
5734947812.5,-44.53809
5734948750.0,-44.55663
5734949687.5,-44.56906
5734950625.0,-44.55883
5734951562.5,-44.56823
5734952500.0,-44.56931
5734953437.5,-44.57084
5734954375.0,-44.57327
5734955312.5,-44.57821
5734956250.0,-44.54386
5734957187.5,-44.57525
5734958125.0,-44.53807
5734959062.5,-44.58833
5734960000.0,-44.54727
5734960937.5,-44.57597
5734961875.0,-44.55658
5734962812.5,-44.58194
5734963750.0,-44.54884
5734964687.5,-44.52512
5734965625.0,-44.55881
5734966562.5,-44.55699
5734967500.0,-44.53928
5734968437.5,-44.54315
5734969375.0,-44.54566
5734970312.5,-44.56614
5734971250.0,-44.54648
5734972187.5,-44.54611
5734973125.0,-44.55362
5734974062.5,-44.55478
5734975000.0,-44.55002
5734975937.5,-44.57042
5734976875.0,-44.57624
5734977812.5,-44.54725
5734978750.0,-44.54439
5734979687.5,-44.5068
5734980625.0,-44.55426
5734981562.5,-44.53207
5734982500.0,-44.52864
5734983437.5,-44.5601
5734984375.0,-44.55602
5734985312.5,-44.53325
5734986250.0,-44.52993
5734987187.5,-44.54403
5734988125.0,-44.55574
5734989062.5,-44.53344
5734990000.0,-44.52995
5734990937.5,-44.53853
5734991875.0,-44.51323
5734992812.5,-44.54165
5734993750.0,-44.55035
5734994687.5,-44.54026
5734995625.0,-44.56091
5734996562.5,-44.53997
5734997500.0,-44.52171
5734998437.5,-44.54477
5734999375.0,-44.53053
5735000312.5,-44.54737
5735001250.0,-44.54185
5735002187.5,-44.51815
5735003125.0,-44.53384
5735004062.5,-44.52797
5735005000.0,-44.5229
5735005937.5,-44.55386
5735006875.0,-44.51627
5735007812.5,-44.52907
5735008750.0,-44.5471
5735009687.5,-44.55905
5735010625.0,-44.54467
5735011562.5,-44.53274
5735012500.0,-44.5236
5735013437.5,-44.54048
5735014375.0,-44.50971
5735015312.5,-44.51578
5735016250.0,-44.53234
5735017187.5,-44.55111
5735018125.0,-44.52649
5735019062.5,-44.53463
5735020000.0,-44.52479
5735020937.5,-44.51442
5735021875.0,-44.54634
5735022812.5,-44.54686
5735023750.0,-44.52863
5735024687.5,-44.51207
5735025625.0,-44.53618
5735026562.5,-44.52884
5735027500.0,-44.52002
5735028437.5,-44.52934
5735029375.0,-44.49068
5735030312.5,-44.5179
5735031250.0,-44.55586
5735032187.5,-44.54164
5735033125.0,-44.51833
5735034062.5,-44.53291
5735035000.0,-44.50466
5735035937.5,-44.53546
5735036875.0,-44.52861
5735037812.5,-44.50058
5735038750.0,-44.53173
5735039687.5,-44.52858
5735040625.0,-44.50277
5735041562.5,-44.53689
5735042500.0,-44.50547
5735043437.5,-44.53154
5735044375.0,-44.52292
5735045312.5,-44.50517
5735046250.0,-44.51033
5735047187.5,-44.54842
5735048125.0,-44.53779
5735049062.5,-44.53074
5735050000.0,-44.54996
5735050937.5,-44.52327
5735051875.0,-44.51075
5735052812.5,-44.55846
5735053750.0,-44.49077
5735054687.5,-44.51996
5735055625.0,-44.50581
5735056562.5,-44.51458
5735057500.0,-44.5038
5735058437.5,-44.49383
5735059375.0,-44.52252
5735060312.5,-44.50335
5735061250.0,-44.49397
5735062187.5,-44.54272
5735063125.0,-44.51149
5735064062.5,-44.52803
5735065000.0,-44.53113
5735065937.5,-44.50428
5735066875.0,-44.54034
5735067812.5,-44.49833
5735068750.0,-44.47495
5735069687.5,-44.51039
5735070625.0,-44.49859
5735071562.5,-44.4987
5735072500.0,-44.51572
5735073437.5,-44.5112
5735074375.0,-44.49847
5735075312.5,-44.48162
5735076250.0,-44.50021
5735077187.5,-44.50587
5735078125.0,-44.50451
5735079062.5,-44.51328
5735080000.0,-44.51109
5735080937.5,-44.52393
5735081875.0,-44.5043
5735082812.5,-44.498
5735083750.0,-44.49022
5735084687.5,-44.48537
5735085625.0,-44.50312
5735086562.5,-44.51067
5735087500.0,-44.53186
5735088437.5,-44.49609
5735089375.0,-44.49586
5735090312.5,-44.51572
5735091250.0,-44.49445
5735092187.5,-44.47823
5735093125.0,-44.49489
5735094062.5,-44.48765
5735095000.0,-44.48938
5735095937.5,-44.48189
5735096875.0,-44.50523
5735097812.5,-44.49733
5735098750.0,-44.50467
5735099687.5,-44.48625
5735100625.0,-44.51525
5735101562.5,-44.52977
5735102500.0,-44.48675
5735103437.5,-44.49434
5735104375.0,-44.48826
5735105312.5,-44.49346
5735106250.0,-44.49101
5735107187.5,-44.51055
5735108125.0,-44.47855
5735109062.5,-44.4765
5735110000.0,-44.50234
5735110937.5,-44.48329
5735111875.0,-44.48639
5735112812.5,-44.4956
5735113750.0,-44.47663
5735114687.5,-44.46792
5735115625.0,-44.45821
5735116562.5,-44.48992
5735117500.0,-44.46826
5735118437.5,-44.50714
5735119375.0,-44.48059
5735120312.5,-44.47454
5735121250.0,-44.48981
5735122187.5,-44.48576
5735123125.0,-44.48685
5735124062.5,-44.46564
5735125000.0,-44.49117
5735125937.5,-44.52331
5735126875.0,-44.50579
5735127812.5,-44.48261
5735128750.0,-44.47704
5735129687.5,-44.48928
5735130625.0,-44.49658
5735131562.5,-44.47438
5735132500.0,-44.4686
5735133437.5,-44.48993
5735134375.0,-44.51235
5735135312.5,-44.47815
5735136250.0,-44.48006
5735137187.5,-44.47663
5735138125.0,-44.50082
5735139062.5,-44.48665
5735140000.0,-44.48615
5735140937.5,-44.46602
5735141875.0,-44.46977
5735142812.5,-44.47811
5735143750.0,-44.49562
5735144687.5,-44.48062
5735145625.0,-44.47943
5735146562.5,-44.49091
5735147500.0,-44.5092
5735148437.5,-44.4855
5735149375.0,-44.46442
5735150312.5,-44.47874
5735151250.0,-44.47168
5735152187.5,-44.47252
5735153125.0,-44.46609
5735154062.5,-44.46052
5735155000.0,-44.48435
5735155937.5,-44.50163
5735156875.0,-44.45073
5735157812.5,-44.49664
5735158750.0,-44.48747
5735159687.5,-44.45618
5735160625.0,-44.46722
5735161562.5,-44.44729
5735162500.0,-44.46488
5735163437.5,-44.44328
5735164375.0,-44.4754
5735165312.5,-44.48668
5735166250.0,-44.46368
5735167187.5,-44.45657
5735168125.0,-44.46712
5735169062.5,-44.47314
5735170000.0,-44.42932
5735170937.5,-44.4944
5735171875.0,-44.46245
5735172812.5,-44.46867
5735173750.0,-44.48576
5735174687.5,-44.46625
5735175625.0,-44.50559
5735176562.5,-44.44915
5735177500.0,-44.47985
5735178437.5,-44.44687
5735179375.0,-44.47025
5735180312.5,-44.46992
5735181250.0,-44.46371
5735182187.5,-44.46817
5735183125.0,-44.47639
5735184062.5,-44.46698
5735185000.0,-44.43388
5735185937.5,-44.45726
5735186875.0,-44.44627
5735187812.5,-44.47216
5735188750.0,-44.45042
5735189687.5,-44.4715
5735190625.0,-44.48195
5735191562.5,-44.45377
5735192500.0,-44.46486
5735193437.5,-44.4632
5735194375.0,-44.46576
5735195312.5,-44.45471
5735196250.0,-44.4624
5735197187.5,-44.46584
5735198125.0,-44.45922
5735199062.5,-44.4536
5735200000.0,-44.46607
5735200937.5,-44.43145
5735201875.0,-44.46321
5735202812.5,-44.45947
5735203750.0,-44.4698
5735204687.5,-44.44094
5735205625.0,-44.46048
5735206562.5,-44.44169
5735207500.0,-44.44865
5735208437.5,-44.43798
5735209375.0,-44.46365
5735210312.5,-44.48158
5735211250.0,-44.44944
5735212187.5,-44.44981
5735213125.0,-44.45198
5735214062.5,-44.46637
5735215000.0,-44.46141
5735215937.5,-44.46183
5735216875.0,-44.42732
5735217812.5,-44.4362
5735218750.0,-44.44358
5735219687.5,-44.41892
5735220625.0,-44.449
5735221562.5,-44.46227
5735222500.0,-44.45348
5735223437.5,-44.44099
5735224375.0,-44.42767
5735225312.5,-44.44207
5735226250.0,-44.44892
5735227187.5,-44.43633
5735228125.0,-44.48011
5735229062.5,-44.4373
5735230000.0,-44.44403
5735230937.5,-44.43059
5735231875.0,-44.4674
5735232812.5,-44.44728
5735233750.0,-44.44745
5735234687.5,-44.44418
5735235625.0,-44.42989
5735236562.5,-44.44237
5735237500.0,-44.44746
5735238437.5,-44.43738
5735239375.0,-44.42767
5735240312.5,-44.43211
5735241250.0,-44.45199
5735242187.5,-44.46075
5735243125.0,-44.43853
5735244062.5,-44.43529
5735245000.0,-44.45276
5735245937.5,-44.43069
5735246875.0,-44.40385
5735247812.5,-44.44286
5735248750.0,-44.44682
5735249687.5,-44.41111
5735250625.0,-44.43412
5735251562.5,-44.45618
5735252500.0,-44.47647
5735253437.5,-44.41875
5735254375.0,-44.47496
5735255312.5,-44.44755
5735256250.0,-44.44318
5735257187.5,-44.44461
5735258125.0,-44.44684
5735259062.5,-44.42707
5735260000.0,-44.4365
5735260937.5,-44.44628
5735261875.0,-44.46472
5735262812.5,-44.44175
5735263750.0,-44.43888
5735264687.5,-44.43358
5735265625.0,-44.43219
5735266562.5,-44.45054
5735267500.0,-44.43667
5735268437.5,-44.42815
5735269375.0,-44.40749
5735270312.5,-44.42433
5735271250.0,-44.41232
5735272187.5,-44.44058
5735273125.0,-44.42009
5735274062.5,-44.42878
5735275000.0,-44.42197
5735275937.5,-44.41884
5735276875.0,-44.42545
5735277812.5,-44.4422
5735278750.0,-44.42179
5735279687.5,-44.43764
5735280625.0,-44.39784
5735281562.5,-44.42115
5735282500.0,-44.43196
5735283437.5,-44.41068
5735284375.0,-44.4407
5735285312.5,-44.42232
5735286250.0,-44.45361
5735287187.5,-44.41331
5735288125.0,-44.42085
5735289062.5,-44.40475
5735290000.0,-44.41726
5735290937.5,-44.43514
5735291875.0,-44.41043
5735292812.5,-44.43422
5735293750.0,-44.40481
5735294687.5,-44.44535
5735295625.0,-44.39346
5735296562.5,-44.4256
5735297500.0,-44.42212
5735298437.5,-44.44463
5735299375.0,-44.40858
5735300312.5,-44.41832
5735301250.0,-44.42006
5735302187.5,-44.438
5735303125.0,-44.4124
5735304062.5,-44.39397
5735305000.0,-44.4132
5735305937.5,-44.41134
5735306875.0,-44.40606
5735307812.5,-44.42733
5735308750.0,-44.4258
5735309687.5,-44.43103
5735310625.0,-44.42664
5735311562.5,-44.40372
5735312500.0,-44.42673
5735313437.5,-44.41108
5735314375.0,-44.3996
5735315312.5,-44.41151
5735316250.0,-44.39994
5735317187.5,-44.43066
5735318125.0,-44.39515
5735319062.5,-44.38373
5735320000.0,-44.40892
5735320937.5,-44.40333
5735321875.0,-44.40761
5735322812.5,-44.40127
5735323750.0,-44.40783
5735324687.5,-44.42344
5735325625.0,-44.43008
5735326562.5,-44.44656
5735327500.0,-44.41278
5735328437.5,-44.40905
5735329375.0,-44.40206
5735330312.5,-44.42635
5735331250.0,-44.40615
5735332187.5,-44.42237
5735333125.0,-44.38775
5735334062.5,-44.39751
5735335000.0,-44.40068
5735335937.5,-44.41413
5735336875.0,-44.38777
5735337812.5,-44.41507
5735338750.0,-44.404
5735339687.5,-44.38345
5735340625.0,-44.41158
5735341562.5,-44.40207
5735342500.0,-44.42167
5735343437.5,-44.41277
5735344375.0,-44.39344
5735345312.5,-44.41594
5735346250.0,-44.40429
5735347187.5,-44.40962
5735348125.0,-44.41238
5735349062.5,-44.40676
5735350000.0,-44.39705
5735350937.5,-44.38553
5735351875.0,-44.40665
5735352812.5,-44.40682
5735353750.0,-44.41804
5735354687.5,-44.36256
5735355625.0,-44.41669
5735356562.5,-44.36925
5735357500.0,-44.39525
5735358437.5,-44.38243
5735359375.0,-44.42228
5735360312.5,-44.37156
5735361250.0,-44.4003
5735362187.5,-44.40536
5735363125.0,-44.38315
5735364062.5,-44.39906
5735365000.0,-44.35976
5735365937.5,-44.37996
5735366875.0,-44.37505
5735367812.5,-44.39905
5735368750.0,-44.38926
5735369687.5,-44.36261
5735370625.0,-44.3919
5735371562.5,-44.40445
5735372500.0,-44.38536
5735373437.5,-44.35817
5735374375.0,-44.42693
5735375312.5,-44.39999
5735376250.0,-44.38619
5735377187.5,-44.38479
5735378125.0,-44.36402
5735379062.5,-44.38219
5735380000.0,-44.36582
5735380937.5,-44.4069
5735381875.0,-44.37719
5735382812.5,-44.40451
5735383750.0,-44.38792
5735384687.5,-44.36731
5735385625.0,-44.39687
5735386562.5,-44.39301
5735387500.0,-44.37703
5735388437.5,-44.39496
5735389375.0,-44.35695
5735390312.5,-44.38838
5735391250.0,-44.38987
5735392187.5,-44.4031
5735393125.0,-44.41157
5735394062.5,-44.35067
5735395000.0,-44.39333
5735395937.5,-44.35201
5735396875.0,-44.36814
5735397812.5,-44.3745
5735398750.0,-44.37373
5735399687.5,-44.37431
5735400625.0,-44.378
5735401562.5,-44.37089
5735402500.0,-44.38365
5735403437.5,-44.38933
5735404375.0,-44.38693
5735405312.5,-44.39294
5735406250.0,-44.37463
5735407187.5,-44.37493
5735408125.0,-44.35965
5735409062.5,-44.38424
5735410000.0,-44.36152
5735410937.5,-44.3656
5735411875.0,-44.37
5735412812.5,-44.39808
5735413750.0,-44.36435
5735414687.5,-44.39544
5735415625.0,-44.35443
5735416562.5,-44.35434
5735417500.0,-44.3756
5735418437.5,-44.38114
5735419375.0,-44.37557
5735420312.5,-44.3723
5735421250.0,-44.36172
5735422187.5,-44.39128
5735423125.0,-44.36407
5735424062.5,-44.36694
5735425000.0,-44.36198
5735425937.5,-44.35756
5735426875.0,-44.39917
5735427812.5,-44.36239
5735428750.0,-44.38444
5735429687.5,-44.37065
5735430625.0,-44.36777
5735431562.5,-44.38364
5735432500.0,-44.36432
5735433437.5,-44.36462
5735434375.0,-44.3703
5735435312.5,-44.3521
5735436250.0,-44.39045
5735437187.5,-44.34441
5735438125.0,-44.36214
5735439062.5,-44.34032
5735440000.0,-44.39442
5735440937.5,-44.37525
5735441875.0,-44.36341
5735442812.5,-44.36627
5735443750.0,-44.36812
5735444687.5,-44.37896
5735445625.0,-44.35551
5735446562.5,-44.36486
5735447500.0,-44.36293
5735448437.5,-44.3444
5735449375.0,-44.32914
5735450312.5,-44.34219
5735451250.0,-44.37377
5735452187.5,-44.34153
5735453125.0,-44.33521
5735454062.5,-44.36361
5735455000.0,-44.32962
5735455937.5,-44.37568
5735456875.0,-44.3667
5735457812.5,-44.34424
5735458750.0,-44.35721
5735459687.5,-44.34621
5735460625.0,-44.3297
5735461562.5,-44.36283
5735462500.0,-44.35765
5735463437.5,-44.32417
5735464375.0,-44.37451
5735465312.5,-44.3684
5735466250.0,-44.33489
5735467187.5,-44.32112
5735468125.0,-44.37754
5735469062.5,-44.35081
5735470000.0,-44.33384
5735470937.5,-44.33591
5735471875.0,-44.34716
5735472812.5,-44.34937
5735473750.0,-44.34387
5735474687.5,-44.35142
5735475625.0,-44.36821
5735476562.5,-44.35646
5735477500.0,-44.34944
5735478437.5,-44.35196
5735479375.0,-44.36641
5735480312.5,-44.36417
5735481250.0,-44.33507
5735482187.5,-44.33941
5735483125.0,-44.35677
5735484062.5,-44.34483
5735485000.0,-44.31905
5735485937.5,-44.37942
5735486875.0,-44.3499
5735487812.5,-44.33569
5735488750.0,-44.35601
5735489687.5,-44.34286
5735490625.0,-44.34285
5735491562.5,-44.32296
5735492500.0,-44.32632
5735493437.5,-44.31435
5735494375.0,-44.32535
5735495312.5,-44.35475
5735496250.0,-44.30483
5735497187.5,-44.32885
5735498125.0,-44.34648
5735499062.5,-44.34837
5735500000.0,-44.34724
5735500937.5,-44.34518
5735501875.0,-44.33879
5735502812.5,-44.36556
5735503750.0,-44.3431
5735504687.5,-44.33478
5735505625.0,-44.33303
5735506562.5,-44.31091
5735507500.0,-44.3331
5735508437.5,-44.32154
5735509375.0,-44.32937
5735510312.5,-44.31694
5735511250.0,-44.33666
5735512187.5,-44.31787
5735513125.0,-44.33699
5735514062.5,-44.35483
5735515000.0,-44.3016
5735515937.5,-44.31144
5735516875.0,-44.34373
5735517812.5,-44.31398
5735518750.0,-44.34001
5735519687.5,-44.34407
5735520625.0,-44.34723
5735521562.5,-44.33025
5735522500.0,-44.34295
5735523437.5,-44.347
5735524375.0,-44.33155
5735525312.5,-44.31509
5735526250.0,-44.33712
5735527187.5,-44.32877
5735528125.0,-44.29433
5735529062.5,-44.32629
5735530000.0,-44.31189
5735530937.5,-44.32863
5735531875.0,-44.33242
5735532812.5,-44.32122
5735533750.0,-44.32746
5735534687.5,-44.29443
5735535625.0,-44.32048
5735536562.5,-44.33015
5735537500.0,-44.33892
5735538437.5,-44.30498
5735539375.0,-44.31511
5735540312.5,-44.31427
5735541250.0,-44.31824
5735542187.5,-44.29363
5735543125.0,-44.32766
5735544062.5,-44.30286
5735545000.0,-44.33214
5735545937.5,-44.32835
5735546875.0,-44.31652
5735547812.5,-44.3544
5735548750.0,-44.30893
5735549687.5,-44.33566
5735550625.0,-44.32236
5735551562.5,-44.28467
5735552500.0,-44.31542
5735553437.5,-44.30983
5735554375.0,-44.33084
5735555312.5,-44.32129
5735556250.0,-44.28553
5735557187.5,-44.33205
5735558125.0,-44.2905
5735559062.5,-44.30499
5735560000.0,-44.31463
5735560937.5,-44.31149
5735561875.0,-44.30021
5735562812.5,-44.33733
5735563750.0,-44.28803
5735564687.5,-44.29262
5735565625.0,-44.34693
5735566562.5,-44.33315
5735567500.0,-44.29758
5735568437.5,-44.34694
5735569375.0,-44.29582
5735570312.5,-44.33727
5735571250.0,-44.30932
5735572187.5,-44.33875
5735573125.0,-44.30445
5735574062.5,-44.32486
5735575000.0,-44.29525
5735575937.5,-44.27271
5735576875.0,-44.31223
5735577812.5,-44.31484
5735578750.0,-44.283
5735579687.5,-44.32278
5735580625.0,-44.32473
5735581562.5,-44.31295
5735582500.0,-44.28238
5735583437.5,-44.30987
5735584375.0,-44.31758
5735585312.5,-44.28072
5735586250.0,-44.28022
5735587187.5,-44.29488
5735588125.0,-44.29641
5735589062.5,-44.31488
5735590000.0,-44.31894
5735590937.5,-44.28936
5735591875.0,-44.3237
5735592812.5,-44.27028
5735593750.0,-44.33033
5735594687.5,-44.29431
5735595625.0,-44.30532
5735596562.5,-44.30333
5735597500.0,-44.31868
5735598437.5,-44.28973
5735599375.0,-44.31992
5735600312.5,-44.3035
5735601250.0,-44.28034
5735602187.5,-44.29797
5735603125.0,-44.30206
5735604062.5,-44.29435
5735605000.0,-44.2974
5735605937.5,-44.29708
5735606875.0,-44.29122
5735607812.5,-44.29543
5735608750.0,-44.28133
5735609687.5,-44.27602
5735610625.0,-44.29741
5735611562.5,-44.2925
5735612500.0,-44.28738
5735613437.5,-44.29407
5735614375.0,-44.28672
5735615312.5,-44.3007
5735616250.0,-44.30424
5735617187.5,-44.25376
5735618125.0,-44.301
5735619062.5,-44.29337
5735620000.0,-44.29474
5735620937.5,-44.2864
5735621875.0,-44.299
5735622812.5,-44.27932
5735623750.0,-44.27154
5735624687.5,-44.28934
5735625625.0,-44.30551
5735626562.5,-44.26145
5735627500.0,-44.31198
5735628437.5,-44.31958
5735629375.0,-44.31247
5735630312.5,-44.30362
5735631250.0,-44.30687
5735632187.5,-44.2834
5735633125.0,-44.28378
5735634062.5,-44.27015
5735635000.0,-44.29863
5735635937.5,-44.28859
5735636875.0,-44.25849
5735637812.5,-44.28835
5735638750.0,-44.29486
5735639687.5,-44.24756
5735640625.0,-44.27741
5735641562.5,-44.26028
5735642500.0,-44.27206
5735643437.5,-44.2691
5735644375.0,-44.26552
5735645312.5,-44.249
5735646250.0,-44.27315
5735647187.5,-44.24958
5735648125.0,-44.28719
5735649062.5,-44.26706
5735650000.0,-44.26291
5735650937.5,-44.2392
5735651875.0,-44.24261
5735652812.5,-44.27166
5735653750.0,-44.27203
5735654687.5,-44.28175
5735655625.0,-44.29684
5735656562.5,-44.28137
5735657500.0,-44.27398
5735658437.5,-44.2741
5735659375.0,-44.27404
5735660312.5,-44.27564
5735661250.0,-44.28347
5735662187.5,-44.28382
5735663125.0,-44.27251
5735664062.5,-44.27792
5735665000.0,-44.28016
5735665937.5,-44.27443
5735666875.0,-44.27415
5735667812.5,-44.24118
5735668750.0,-44.27058
5735669687.5,-44.26168
5735670625.0,-44.26434
5735671562.5,-44.285
5735672500.0,-44.26887
5735673437.5,-44.27362
5735674375.0,-44.24577
5735675312.5,-44.28529
5735676250.0,-44.24921
5735677187.5,-44.27666
5735678125.0,-44.26939
5735679062.5,-44.29713
5735680000.0,-44.23773
5735680937.5,-44.25645
5735681875.0,-44.24895
5735682812.5,-44.27153
5735683750.0,-44.2675
5735684687.5,-44.264
5735685625.0,-44.27199
5735686562.5,-44.25964
5735687500.0,-44.27518
5735688437.5,-44.26625
5735689375.0,-44.27668
5735690312.5,-44.2547
5735691250.0,-44.2785
5735692187.5,-44.25618
5735693125.0,-44.24229
5735694062.5,-44.25621
5735695000.0,-44.27043
5735695937.5,-44.23779
5735696875.0,-44.235
5735697812.5,-44.26693
5735698750.0,-44.26303
5735699687.5,-44.25811
5735700625.0,-44.25068
5735701562.5,-44.24229
5735702500.0,-44.25619
5735703437.5,-44.25729
5735704375.0,-44.25406
5735705312.5,-44.24749
5735706250.0,-44.24292
5735707187.5,-44.23758
5735708125.0,-44.23447
5735709062.5,-44.23726
5735710000.0,-44.24823
5735710937.5,-44.27241
5735711875.0,-44.25148
5735712812.5,-44.27777
5735713750.0,-44.24552
5735714687.5,-44.25272
5735715625.0,-44.27348
5735716562.5,-44.25593
5735717500.0,-44.25115
5735718437.5,-44.23812
5735719375.0,-44.25105
5735720312.5,-44.25418
5735721250.0,-44.23389
5735722187.5,-44.25576
5735723125.0,-44.23872
5735724062.5,-44.27129
5735725000.0,-44.24433
5735725937.5,-44.247
5735726875.0,-44.25462
5735727812.5,-44.258
5735728750.0,-44.24009
5735729687.5,-44.25346
5735730625.0,-44.25809
5735731562.5,-44.23487
5735732500.0,-44.25275
5735733437.5,-44.24364
5735734375.0,-44.22507
5735735312.5,-44.25351
5735736250.0,-44.25833
5735737187.5,-44.25744
5735738125.0,-44.21626
5735739062.5,-44.2415
5735740000.0,-44.22206
5735740937.5,-44.24952
5735741875.0,-44.24127
5735742812.5,-44.23508
5735743750.0,-44.26254
5735744687.5,-44.23382
5735745625.0,-44.23591
5735746562.5,-44.22676
5735747500.0,-44.26067
5735748437.5,-44.24092
5735749375.0,-44.22124
5735750312.5,-44.22163
5735751250.0,-44.25421
5735752187.5,-44.24882
5735753125.0,-44.23295
5735754062.5,-44.22877
5735755000.0,-44.23665
5735755937.5,-44.26824
5735756875.0,-44.24622
5735757812.5,-44.25353
5735758750.0,-44.21888
5735759687.5,-44.24937
5735760625.0,-44.24332
5735761562.5,-44.21852
5735762500.0,-44.22657
5735763437.5,-44.20551
5735764375.0,-44.22196
5735765312.5,-44.21274
5735766250.0,-44.25148
5735767187.5,-44.22644
5735768125.0,-44.21892
5735769062.5,-44.24366
5735770000.0,-44.25519
5735770937.5,-44.23217
5735771875.0,-44.21591
5735772812.5,-44.22658
5735773750.0,-44.2264
5735774687.5,-44.24689
5735775625.0,-44.23338
5735776562.5,-44.22146
5735777500.0,-44.23207
5735778437.5,-44.22262
5735779375.0,-44.24612
5735780312.5,-44.24026
5735781250.0,-44.21848
5735782187.5,-44.24163
5735783125.0,-44.22348
5735784062.5,-44.22057
5735785000.0,-44.2255
5735785937.5,-44.22623
5735786875.0,-44.22725
5735787812.5,-44.23737
5735788750.0,-44.2337
5735789687.5,-44.25747
5735790625.0,-44.21445
5735791562.5,-44.19009
5735792500.0,-44.23337
5735793437.5,-44.24829
5735794375.0,-44.21061
5735795312.5,-44.2436
5735796250.0,-44.21182
5735797187.5,-44.22583
5735798125.0,-44.2301
5735799062.5,-44.22292
5735800000.0,-44.23039
5735800937.5,-44.24256
5735801875.0,-44.21975
5735802812.5,-44.22234
5735803750.0,-44.24322
5735804687.5,-44.20915
5735805625.0,-44.2174
5735806562.5,-44.21852
5735807500.0,-44.22818
5735808437.5,-44.20428
5735809375.0,-44.24318
5735810312.5,-44.18975
5735811250.0,-44.24733
5735812187.5,-44.24495
5735813125.0,-44.19423
5735814062.5,-44.21934
5735815000.0,-44.22757
5735815937.5,-44.18478
5735816875.0,-44.20788
5735817812.5,-44.22101
5735818750.0,-44.20623
5735819687.5,-44.22372
5735820625.0,-44.2102
5735821562.5,-44.20387
5735822500.0,-44.20464
5735823437.5,-44.21012
5735824375.0,-44.21637
5735825312.5,-44.21747
5735826250.0,-44.20934
5735827187.5,-44.20817
5735828125.0,-44.22207
5735829062.5,-44.21461
5735830000.0,-44.19692
5735830937.5,-44.21891
5735831875.0,-44.19714
5735832812.5,-44.20357
5735833750.0,-44.20135
5735834687.5,-44.18144
5735835625.0,-44.20745
5735836562.5,-44.2142
5735837500.0,-44.22161
5735838437.5,-44.19656
5735839375.0,-44.18777
5735840312.5,-44.21057
5735841250.0,-44.21069
5735842187.5,-44.22674
5735843125.0,-44.21523
5735844062.5,-44.18974
5735845000.0,-44.23338
5735845937.5,-44.17715
5735846875.0,-44.22086
5735847812.5,-44.21285
5735848750.0,-44.21101
5735849687.5,-44.21355
5735850625.0,-44.19863
5735851562.5,-44.17781
5735852500.0,-44.19354
5735853437.5,-44.20774
5735854375.0,-44.20108
5735855312.5,-44.19243
5735856250.0,-44.20441
5735857187.5,-44.18908
5735858125.0,-44.18646
5735859062.5,-44.20816
5735860000.0,-44.15035
5735860937.5,-44.21373
5735861875.0,-44.19624
5735862812.5,-44.19475
5735863750.0,-44.19217
5735864687.5,-44.18979
5735865625.0,-44.16295
5735866562.5,-44.21235
5735867500.0,-44.19075
5735868437.5,-44.1978
5735869375.0,-44.18003
5735870312.5,-44.18865
5735871250.0,-44.18076
5735872187.5,-44.19124
5735873125.0,-44.19551
5735874062.5,-44.18234
5735875000.0,-44.21515
5735875937.5,-44.18314
5735876875.0,-44.19073
5735877812.5,-44.18342
5735878750.0,-44.1912
5735879687.5,-44.18869
5735880625.0,-44.17323
5735881562.5,-44.17862
5735882500.0,-44.18655
5735883437.5,-44.20664
5735884375.0,-44.17953
5735885312.5,-44.18057
5735886250.0,-44.18838
5735887187.5,-44.18835
5735888125.0,-44.1848
5735889062.5,-44.18492
5735890000.0,-44.16804
5735890937.5,-44.18299
5735891875.0,-44.21267
5735892812.5,-44.1845
5735893750.0,-44.18439
5735894687.5,-44.19021
5735895625.0,-44.16403
5735896562.5,-44.20277
5735897500.0,-44.17176
5735898437.5,-44.19048
5735899375.0,-44.18682
5735900312.5,-44.17186
5735901250.0,-44.17527
5735902187.5,-44.18373
5735903125.0,-44.17793
5735904062.5,-44.15839
5735905000.0,-44.203
5735905937.5,-44.1957
5735906875.0,-44.15656
5735907812.5,-44.16746
5735908750.0,-44.20835
5735909687.5,-44.17168
5735910625.0,-44.17898
5735911562.5,-44.15987
5735912500.0,-44.15965
5735913437.5,-44.1533
5735914375.0,-44.1572
5735915312.5,-44.19051
5735916250.0,-44.19035
5735917187.5,-44.16293
5735918125.0,-44.17228
5735919062.5,-44.17246
5735920000.0,-44.18118
5735920937.5,-44.15751
5735921875.0,-44.17538
5735922812.5,-44.18657
5735923750.0,-44.17768
5735924687.5,-44.16356
5735925625.0,-44.14914
5735926562.5,-44.16704
5735927500.0,-44.15179
5735928437.5,-44.16465
5735929375.0,-44.13797
5735930312.5,-44.15586
5735931250.0,-44.16898
5735932187.5,-44.16825
5735933125.0,-44.18988
5735934062.5,-44.17289
5735935000.0,-44.17671
5735935937.5,-44.17481
5735936875.0,-44.15524
5735937812.5,-44.18072
5735938750.0,-44.19341
5735939687.5,-44.17828
5735940625.0,-44.16302
5735941562.5,-44.15562
5735942500.0,-44.18053
5735943437.5,-44.17104
5735944375.0,-44.15626
5735945312.5,-44.16845
5735946250.0,-44.16442
5735947187.5,-44.14868
5735948125.0,-44.15763
5735949062.5,-44.14735
5735950000.0,-44.17028
5735950937.5,-44.14808
5735951875.0,-44.15518
5735952812.5,-44.1515
5735953750.0,-44.1561
5735954687.5,-44.13677
5735955625.0,-44.17932
5735956562.5,-44.13799
5735957500.0,-44.17648
5735958437.5,-44.14465
5735959375.0,-44.16981
5735960312.5,-44.17052
5735961250.0,-44.15189
5735962187.5,-44.1295
5735963125.0,-44.15572
5735964062.5,-44.15985
5735965000.0,-44.14904
5735965937.5,-44.13594
5735966875.0,-44.14099
5735967812.5,-44.13
5735968750.0,-44.14731
5735969687.5,-44.11626
5735970625.0,-44.15654
5735971562.5,-44.13932
5735972500.0,-44.1438
5735973437.5,-44.15393
5735974375.0,-44.14178
5735975312.5,-44.15414
5735976250.0,-44.13873
5735977187.5,-44.12631
5735978125.0,-44.12434
5735979062.5,-44.13684
5735980000.0,-44.12764
5735980937.5,-44.13608
5735981875.0,-44.13582
5735982812.5,-44.14393
5735983750.0,-44.14355
5735984687.5,-44.13665
5735985625.0,-44.12773
5735986562.5,-44.13316
5735987500.0,-44.12244
5735988437.5,-44.13864
5735989375.0,-44.09191
5735990312.5,-44.16393
5735991250.0,-44.16404
5735992187.5,-44.15087
5735993125.0,-44.12216
5735994062.5,-44.14078
5735995000.0,-44.14986
5735995937.5,-44.13187
5735996875.0,-44.1423
5735997812.5,-44.12472
5735998750.0,-44.13312
5735999687.5,-44.14192
5736000625.0,-44.12929
5736001562.5,-44.12171
5736002500.0,-44.15194
5736003437.5,-44.16018
5736004375.0,-44.14471
5736005312.5,-44.13832
5736006250.0,-44.11363
5736007187.5,-44.11054
5736008125.0,-44.14318
5736009062.5,-44.13807
5736010000.0,-44.12941
5736010937.5,-44.14617
5736011875.0,-44.15494
5736012812.5,-44.13137
5736013750.0,-44.10625
5736014687.5,-44.13986
5736015625.0,-44.12195
5736016562.5,-44.13158
5736017500.0,-44.13923
5736018437.5,-44.15157
5736019375.0,-44.14467
5736020312.5,-44.14493
5736021250.0,-44.13943
5736022187.5,-44.15386
5736023125.0,-44.13216
5736024062.5,-44.14949
5736025000.0,-44.11584
5736025937.5,-44.12229
5736026875.0,-44.13247
5736027812.5,-44.16608
5736028750.0,-44.14075
5736029687.5,-44.11765
5736030625.0,-44.12178
5736031562.5,-44.11966
5736032500.0,-44.1241
5736033437.5,-44.12527
5736034375.0,-44.13045
5736035312.5,-44.10999
5736036250.0,-44.12533
5736037187.5,-44.13264
5736038125.0,-44.10906
5736039062.5,-44.16202
5736040000.0,-44.11013
5736040937.5,-44.12834
5736041875.0,-44.15435
5736042812.5,-44.15113
5736043750.0,-44.11679
5736044687.5,-44.13124
5736045625.0,-44.14962
5736046562.5,-44.13171
5736047500.0,-44.10632
5736048437.5,-44.12539
5736049375.0,-44.13974
5736050312.5,-44.1115
5736051250.0,-44.11216
5736052187.5,-44.13166
5736053125.0,-44.10534
5736054062.5,-44.12519
5736055000.0,-44.10873
5736055937.5,-44.11739
5736056875.0,-44.1239
5736057812.5,-44.11692
5736058750.0,-44.11921
5736059687.5,-44.11256
5736060625.0,-44.07045
5736061562.5,-44.11659
5736062500.0,-44.13184
5736063437.5,-44.09683
5736064375.0,-44.09887
5736065312.5,-44.11262
5736066250.0,-44.13353
5736067187.5,-44.12787
5736068125.0,-44.11018
5736069062.5,-44.10331
5736070000.0,-44.09309
5736070937.5,-44.07908
5736071875.0,-44.12701
5736072812.5,-44.08616
5736073750.0,-44.10474
5736074687.5,-44.0906
5736075625.0,-44.12251
5736076562.5,-44.12414
5736077500.0,-44.1192
5736078437.5,-44.09961
5736079375.0,-44.12625
5736080312.5,-44.11078
5736081250.0,-44.09992
5736082187.5,-44.12207
5736083125.0,-44.10539
5736084062.5,-44.13906
5736085000.0,-44.13458
5736085937.5,-44.11879
5736086875.0,-44.1137
5736087812.5,-44.11785
5736088750.0,-44.08546
5736089687.5,-44.0993
5736090625.0,-44.10551
5736091562.5,-44.09979
5736092500.0,-44.09511
5736093437.5,-44.09141
5736094375.0,-44.12738
5736095312.5,-44.10135
5736096250.0,-44.10344
5736097187.5,-44.09431
5736098125.0,-44.10269
5736099062.5,-44.09407
5736100000.0,-44.05976
5736100937.5,-44.0943
5736101875.0,-44.1055
5736102812.5,-44.09123
5736103750.0,-44.10065
5736104687.5,-44.08369
5736105625.0,-44.11846
5736106562.5,-44.09046
5736107500.0,-44.08278
5736108437.5,-44.07791
5736109375.0,-44.0808
5736110312.5,-44.0932
5736111250.0,-44.0841
5736112187.5,-44.0953
5736113125.0,-44.0994
5736114062.5,-44.11221
5736115000.0,-44.07494
5736115937.5,-44.1093
5736116875.0,-44.08497
5736117812.5,-44.09727
5736118750.0,-44.08666
5736119687.5,-44.09916
5736120625.0,-44.10572
5736121562.5,-44.08539
5736122500.0,-44.07116
5736123437.5,-44.04577
5736124375.0,-44.06364
5736125312.5,-44.07224
5736126250.0,-44.08951
5736127187.5,-44.06533
5736128125.0,-44.09972
5736129062.5,-44.10442
5736130000.0,-44.06957
5736130937.5,-44.05613
5736131875.0,-44.06297
5736132812.5,-44.05244
5736133750.0,-44.10466
5736134687.5,-44.07533
5736135625.0,-44.07683
5736136562.5,-44.07663
5736137500.0,-44.08087
5736138437.5,-44.05035
5736139375.0,-44.08975
5736140312.5,-44.07573
5736141250.0,-44.0607
5736142187.5,-44.11018
5736143125.0,-44.1054
5736144062.5,-44.0729
5736145000.0,-44.08053
5736145937.5,-44.07259
5736146875.0,-44.07222
5736147812.5,-44.07528
5736148750.0,-44.07782
5736149687.5,-44.06413
5736150625.0,-44.07382
5736151562.5,-44.08309
5736152500.0,-44.10006
5736153437.5,-44.08705
5736154375.0,-44.09444
5736155312.5,-44.05427
5736156250.0,-44.09363
5736157187.5,-44.05215
5736158125.0,-44.04569
5736159062.5,-44.06163
5736160000.0,-44.10073
5736160937.5,-44.07084
5736161875.0,-44.0681
5736162812.5,-44.05732
5736163750.0,-44.07594
5736164687.5,-44.05155
5736165625.0,-44.09674
5736166562.5,-44.08474
5736167500.0,-44.07082
5736168437.5,-44.08827
5736169375.0,-44.04854
5736170312.5,-44.07984
5736171250.0,-44.07398
5736172187.5,-44.08345
5736173125.0,-44.06648
5736174062.5,-44.07085
5736175000.0,-44.06945
5736175937.5,-44.0322
5736176875.0,-44.08255
5736177812.5,-44.08273
5736178750.0,-44.05389
5736179687.5,-44.04602
5736180625.0,-44.04752
5736181562.5,-44.05891
5736182500.0,-44.03825
5736183437.5,-44.06997
5736184375.0,-44.07787
5736185312.5,-44.06196
5736186250.0,-44.06765
5736187187.5,-44.06298
5736188125.0,-44.02235
5736189062.5,-44.04784
5736190000.0,-44.05442
5736190937.5,-44.07342
5736191875.0,-44.06203
5736192812.5,-44.06263
5736193750.0,-44.07653
5736194687.5,-44.04389
5736195625.0,-44.0688
5736196562.5,-44.06799
5736197500.0,-44.08747
5736198437.5,-44.04066
5736199375.0,-44.04097
5736200312.5,-44.01669
5736201250.0,-44.04546
5736202187.5,-44.04605
5736203125.0,-44.03181
5736204062.5,-44.0595
5736205000.0,-44.07914
5736205937.5,-44.06915
5736206875.0,-44.08797
5736207812.5,-44.05809
5736208750.0,-44.05434
5736209687.5,-44.04708
5736210625.0,-44.03167
5736211562.5,-44.06922
5736212500.0,-44.04744
5736213437.5,-44.06648
5736214375.0,-44.07933
5736215312.5,-44.06599
5736216250.0,-44.04226
5736217187.5,-44.04027
5736218125.0,-44.05433
5736219062.5,-44.07375
5736220000.0,-44.05623
5736220937.5,-44.04725
5736221875.0,-44.04971
5736222812.5,-44.06186
5736223750.0,-44.04418
5736224687.5,-44.04051
5736225625.0,-44.06078
5736226562.5,-44.02974
5736227500.0,-44.05444
5736228437.5,-44.04934
5736229375.0,-44.01438
5736230312.5,-44.0547
5736231250.0,-44.03833
5736232187.5,-44.0121
5736233125.0,-44.04732
5736234062.5,-44.05568
5736235000.0,-44.04321
5736235937.5,-44.0434
5736236875.0,-44.02544
5736237812.5,-44.04905
5736238750.0,-44.03992
5736239687.5,-44.03938
5736240625.0,-44.06511
5736241562.5,-44.03728
5736242500.0,-44.05172
5736243437.5,-44.02356
5736244375.0,-44.05957
5736245312.5,-44.05927
5736246250.0,-44.05528
5736247187.5,-44.05728
5736248125.0,-44.06014
5736249062.5,-44.01768
5736250000.0,-44.04721
5736250937.5,-44.02076
5736251875.0,-44.03104
5736252812.5,-44.04971
5736253750.0,-44.02434
5736254687.5,-44.02265
5736255625.0,-44.03419
5736256562.5,-44.02306
5736257500.0,-44.077
5736258437.5,-44.02492
5736259375.0,-44.02404
5736260312.5,-44.05278
5736261250.0,-44.06022
5736262187.5,-44.0135
5736263125.0,-44.01625
5736264062.5,-44.01685
5736265000.0,-44.03543
5736265937.5,-44.0373
5736266875.0,-44.00836
5736267812.5,-44.00409
5736268750.0,-44.02807
5736269687.5,-44.03596
5736270625.0,-44.02414
5736271562.5,-44.00785
5736272500.0,-44.01371
5736273437.5,-44.00136
5736274375.0,-44.02084
5736275312.5,-44.02065
5736276250.0,-44.01461
5736277187.5,-44.03411
5736278125.0,-44.0557
5736279062.5,-44.04178
5736280000.0,-43.99602
5736280937.5,-44.007
5736281875.0,-44.03098
5736282812.5,-43.99762
5736283750.0,-44.02485
5736284687.5,-44.02998
5736285625.0,-44.00337
5736286562.5,-44.02547
5736287500.0,-44.05825
5736288437.5,-44.00404
5736289375.0,-44.00564
5736290312.5,-43.99629
5736291250.0,-44.03207
5736292187.5,-44.01181
5736293125.0,-44.00938
5736294062.5,-43.96997
5736295000.0,-44.02961
5736295937.5,-44.00873
5736296875.0,-44.01391
5736297812.5,-44.01326
5736298750.0,-44.0044
5736299687.5,-44.04574
5736300625.0,-44.0079
5736301562.5,-44.00381
5736302500.0,-44.01513
5736303437.5,-44.01895
5736304375.0,-44.03651
5736305312.5,-43.99514
5736306250.0,-44.00644
5736307187.5,-44.03798
5736308125.0,-43.99557
5736309062.5,-44.02836
5736310000.0,-43.98691
5736310937.5,-44.00308
5736311875.0,-43.98489
5736312812.5,-43.99239
5736313750.0,-44.00873
5736314687.5,-44.01996
5736315625.0,-44.01138
5736316562.5,-44.00458
5736317500.0,-44.00245
5736318437.5,-44.00597
5736319375.0,-44.03511
5736320312.5,-44.00217
5736321250.0,-43.99829
5736322187.5,-44.03321
5736323125.0,-44.00588
5736324062.5,-43.96963
5736325000.0,-43.97355
5736325937.5,-43.99842
5736326875.0,-44.02464
5736327812.5,-44.0106
5736328750.0,-43.98865
5736329687.5,-44.00781
5736330625.0,-44.01898
5736331562.5,-44.0087
5736332500.0,-44.01138
5736333437.5,-43.99251
5736334375.0,-44.00459
5736335312.5,-44.02229
5736336250.0,-44.01979
5736337187.5,-44.03546
5736338125.0,-43.99673
5736339062.5,-43.97992
5736340000.0,-43.99086
5736340937.5,-43.99846
5736341875.0,-44.03998
5736342812.5,-43.96616
5736343750.0,-43.98031
5736344687.5,-43.99584
5736345625.0,-44.01638
5736346562.5,-43.98436
5736347500.0,-43.98252
5736348437.5,-43.98293
5736349375.0,-44.00713
5736350312.5,-44.0146
5736351250.0,-43.99164
5736352187.5,-44.01891
5736353125.0,-44.00753
5736354062.5,-44.01823
5736355000.0,-43.96732
5736355937.5,-44.00116
5736356875.0,-43.99607
5736357812.5,-43.95772
5736358750.0,-43.97723
5736359687.5,-43.96827
5736360625.0,-43.9982
5736361562.5,-44.00389
5736362500.0,-44.00307
5736363437.5,-44.00054
5736364375.0,-43.99197
5736365312.5,-44.0182
5736366250.0,-43.9838
5736367187.5,-43.97219
5736368125.0,-43.97979
5736369062.5,-43.99766
5736370000.0,-43.99897
5736370937.5,-43.96574
5736371875.0,-43.98344
5736372812.5,-44.01249
5736373750.0,-44.01129
5736374687.5,-43.98306
5736375625.0,-43.99486
5736376562.5,-43.98754
5736377500.0,-43.99133
5736378437.5,-43.97584
5736379375.0,-44.00054
5736380312.5,-43.98967
5736381250.0,-43.95638
5736382187.5,-43.97773
5736383125.0,-43.99551
5736384062.5,-43.98295
5736385000.0,-43.99214
5736385937.5,-43.95953
5736386875.0,-43.96894
5736387812.5,-43.99181
5736388750.0,-43.98749
5736389687.5,-43.97676
5736390625.0,-43.98835
5736391562.5,-43.99891
5736392500.0,-43.95399
5736393437.5,-43.9744
5736394375.0,-43.97311
5736395312.5,-43.96079
5736396250.0,-43.99306
5736397187.5,-43.97507
5736398125.0,-43.96747
5736399062.5,-43.96955
5736400000.0,-43.95637
5736400937.5,-43.98603
5736401875.0,-43.98586
5736402812.5,-43.99549
5736403750.0,-43.96448
5736404687.5,-43.9642
5736405625.0,-43.95372
5736406562.5,-43.96062
5736407500.0,-43.98885
5736408437.5,-43.96298
5736409375.0,-43.95359
5736410312.5,-43.98344
5736411250.0,-43.97058
5736412187.5,-43.97235
5736413125.0,-43.98689
5736414062.5,-43.97446
5736415000.0,-43.97882
5736415937.5,-43.99163
5736416875.0,-43.9985
5736417812.5,-43.98244
5736418750.0,-43.93927
5736419687.5,-43.96731
5736420625.0,-43.9684
5736421562.5,-43.96621
5736422500.0,-43.94363
5736423437.5,-43.97427
5736424375.0,-43.94329
5736425312.5,-43.95151
5736426250.0,-43.96909
5736427187.5,-43.99066
5736428125.0,-43.98189
5736429062.5,-43.94478
5736430000.0,-43.95675
5736430937.5,-43.97352
5736431875.0,-43.96668
5736432812.5,-43.97587
5736433750.0,-43.96523
5736434687.5,-43.96738
5736435625.0,-43.9633
5736436562.5,-43.94529
5736437500.0,-43.95715
5736438437.5,-43.9628
5736439375.0,-43.93943
5736440312.5,-43.97766
5736441250.0,-43.9444
5736442187.5,-43.96022
5736443125.0,-43.95209
5736444062.5,-43.94493
5736445000.0,-43.94648
5736445937.5,-43.97194
5736446875.0,-43.95236
5736447812.5,-43.96955
5736448750.0,-43.94951
5736449687.5,-43.98175
5736450625.0,-43.96074
5736451562.5,-43.94758
5736452500.0,-43.95844
5736453437.5,-43.96555
5736454375.0,-43.95967
5736455312.5,-43.93925
5736456250.0,-43.94248
5736457187.5,-43.9444
5736458125.0,-43.92582
5736459062.5,-43.95927
5736460000.0,-43.94508
5736460937.5,-43.9726
5736461875.0,-43.95935
5736462812.5,-43.94072
5736463750.0,-43.94419
5736464687.5,-43.95582
5736465625.0,-43.93527
5736466562.5,-43.962
5736467500.0,-43.92899
5736468437.5,-43.9259
5736469375.0,-43.95346
5736470312.5,-43.93328
5736471250.0,-43.94527
5736472187.5,-43.9506
5736473125.0,-43.9366
5736474062.5,-43.94482
5736475000.0,-43.93311
5736475937.5,-43.92579
5736476875.0,-43.95256
5736477812.5,-43.95366
5736478750.0,-43.94698
5736479687.5,-43.95169
5736480625.0,-43.93882
5736481562.5,-43.95192
5736482500.0,-43.958
5736483437.5,-43.93051
5736484375.0,-43.92815
5736485312.5,-43.95114
5736486250.0,-43.95537
5736487187.5,-43.92003
5736488125.0,-43.93482
5736489062.5,-43.94087
5736490000.0,-43.91073
5736490937.5,-43.93864
5736491875.0,-43.93291
5736492812.5,-43.92321
5736493750.0,-43.91686
5736494687.5,-43.90903
5736495625.0,-43.94855
5736496562.5,-43.93343
5736497500.0,-43.94159
5736498437.5,-43.92689
5736499375.0,-43.91468
5736500312.5,-43.90579
5736501250.0,-43.91936
5736502187.5,-43.93113
5736503125.0,-43.93281
5736504062.5,-43.90611
5736505000.0,-43.96192
5736505937.5,-43.91162
5736506875.0,-43.91608
5736507812.5,-43.9074
5736508750.0,-43.90959
5736509687.5,-43.93276
5736510625.0,-43.92067
5736511562.5,-43.94625
5736512500.0,-43.94892
5736513437.5,-43.9231
5736514375.0,-43.91769
5736515312.5,-43.91983
5736516250.0,-43.90288
5736517187.5,-43.91728
5736518125.0,-43.93764
5736519062.5,-43.90298
5736520000.0,-43.92753
5736520937.5,-43.95451
5736521875.0,-43.90636
5736522812.5,-43.93459
5736523750.0,-43.94455
5736524687.5,-43.92912
5736525625.0,-43.91011
5736526562.5,-43.93085
5736527500.0,-43.92635
5736528437.5,-43.92314
5736529375.0,-43.94997
5736530312.5,-43.89437
5736531250.0,-43.91022
5736532187.5,-43.9276
5736533125.0,-43.94622
5736534062.5,-43.92712
5736535000.0,-43.96046
5736535937.5,-43.9066
5736536875.0,-43.9177
5736537812.5,-43.90917
5736538750.0,-43.90326
5736539687.5,-43.9352
5736540625.0,-43.9192
5736541562.5,-43.94188
5736542500.0,-43.92202
5736543437.5,-43.9194
5736544375.0,-43.93695
5736545312.5,-43.9203
5736546250.0,-43.90914
5736547187.5,-43.90239
5736548125.0,-43.90316
5736549062.5,-43.92284
5736550000.0,-43.92157
5736550937.5,-43.89241
5736551875.0,-43.90895
5736552812.5,-43.92341
5736553750.0,-43.91766
5736554687.5,-43.91882
5736555625.0,-43.90601
5736556562.5,-43.90486
5736557500.0,-43.9221
5736558437.5,-43.90578
5736559375.0,-43.89022
5736560312.5,-43.93263
5736561250.0,-43.89837
5736562187.5,-43.92027
5736563125.0,-43.92862
5736564062.5,-43.90786
5736565000.0,-43.91694
5736565937.5,-43.89998
5736566875.0,-43.88602
5736567812.5,-43.91103
5736568750.0,-43.91396
5736569687.5,-43.89498
5736570625.0,-43.89567
5736571562.5,-43.90937
5736572500.0,-43.88735
5736573437.5,-43.89273
5736574375.0,-43.9012
5736575312.5,-43.86375
5736576250.0,-43.91172
5736577187.5,-43.88284
5736578125.0,-43.88178
5736579062.5,-43.89442
5736580000.0,-43.89242
5736580937.5,-43.90765
5736581875.0,-43.88367
5736582812.5,-43.90063
5736583750.0,-43.89767
5736584687.5,-43.92111
5736585625.0,-43.88483
5736586562.5,-43.88973
5736587500.0,-43.89454
5736588437.5,-43.91415
5736589375.0,-43.90899
5736590312.5,-43.89238
5736591250.0,-43.88454
5736592187.5,-43.91096
5736593125.0,-43.89389
5736594062.5,-43.89843
5736595000.0,-43.88939
5736595937.5,-43.92034
5736596875.0,-43.8981
5736597812.5,-43.8942
5736598750.0,-43.88875
5736599687.5,-43.92141
5736600625.0,-43.8553
5736601562.5,-43.87715
5736602500.0,-43.88711
5736603437.5,-43.87862
5736604375.0,-43.89019
5736605312.5,-43.8753
5736606250.0,-43.87986
5736607187.5,-43.90736
5736608125.0,-43.87346
5736609062.5,-43.89619
5736610000.0,-43.8855
5736610937.5,-43.91636
5736611875.0,-43.88735
5736612812.5,-43.87916
5736613750.0,-43.89055
5736614687.5,-43.86746
5736615625.0,-43.88539
5736616562.5,-43.86692
5736617500.0,-43.87865
5736618437.5,-43.90089
5736619375.0,-43.84622
5736620312.5,-43.87513
5736621250.0,-43.86777
5736622187.5,-43.90218
5736623125.0,-43.87805
5736624062.5,-43.88713
5736625000.0,-43.89102
5736625937.5,-43.89013
5736626875.0,-43.88883
5736627812.5,-43.9052
5736628750.0,-43.8928
5736629687.5,-43.88101
5736630625.0,-43.868
5736631562.5,-43.86065
5736632500.0,-43.90299
5736633437.5,-43.85551
5736634375.0,-43.88596
5736635312.5,-43.86269
5736636250.0,-43.86868
5736637187.5,-43.83669
5736638125.0,-43.89637
5736639062.5,-43.87241
5736640000.0,-43.8742
5736640937.5,-43.86846
5736641875.0,-43.87536
5736642812.5,-43.89686
5736643750.0,-43.86296
5736644687.5,-43.87966
5736645625.0,-43.87366
5736646562.5,-43.86155
5736647500.0,-43.86583
5736648437.5,-43.86258
5736649375.0,-43.88447
5736650312.5,-43.86424
5736651250.0,-43.88143
5736652187.5,-43.85378
5736653125.0,-43.85183
5736654062.5,-43.88858
5736655000.0,-43.87772
5736655937.5,-43.84117
5736656875.0,-43.88696
5736657812.5,-43.85491
5736658750.0,-43.86639
5736659687.5,-43.85973
5736660625.0,-43.87527
5736661562.5,-43.8684
5736662500.0,-43.86863
5736663437.5,-43.85912
5736664375.0,-43.86483
5736665312.5,-43.88049
5736666250.0,-43.86485
5736667187.5,-43.88191
5736668125.0,-43.85252
5736669062.5,-43.84416
5736670000.0,-43.86991
5736670937.5,-43.8594
5736671875.0,-43.86781
5736672812.5,-43.84986
5736673750.0,-43.84452
5736674687.5,-43.85339
5736675625.0,-43.88347
5736676562.5,-43.84555
5736677500.0,-43.84419
5736678437.5,-43.86142
5736679375.0,-43.82569
5736680312.5,-43.84967
5736681250.0,-43.85659
5736682187.5,-43.84548
5736683125.0,-43.87115
5736684062.5,-43.85645
5736685000.0,-43.83222
5736685937.5,-43.85628
5736686875.0,-43.84644
5736687812.5,-43.84665
5736688750.0,-43.85751
5736689687.5,-43.83079
5736690625.0,-43.86215
5736691562.5,-43.85546
5736692500.0,-43.85903
5736693437.5,-43.84232
5736694375.0,-43.8616
5736695312.5,-43.84773
5736696250.0,-43.84425
5736697187.5,-43.82739
5736698125.0,-43.87828
5736699062.5,-43.86327
5736700000.0,-43.84476
5736700937.5,-43.86662
5736701875.0,-43.84357
5736702812.5,-43.83407
5736703750.0,-43.86044
5736704687.5,-43.84214
5736705625.0,-43.83977
5736706562.5,-43.86607
5736707500.0,-43.84311
5736708437.5,-43.85857
5736709375.0,-43.8737
5736710312.5,-43.85328
5736711250.0,-43.81314
5736712187.5,-43.85972
5736713125.0,-43.82861
5736714062.5,-43.83857
5736715000.0,-43.84896
5736715937.5,-43.84837
5736716875.0,-43.82977
5736717812.5,-43.86348
5736718750.0,-43.84819
5736719687.5,-43.85405
5736720625.0,-43.84404
5736721562.5,-43.83136
5736722500.0,-43.83923
5736723437.5,-43.85678
5736724375.0,-43.85478
5736725312.5,-43.82907
5736726250.0,-43.82834
5736727187.5,-43.85532
5736728125.0,-43.84977
5736729062.5,-43.84997
5736730000.0,-43.87532
5736730937.5,-43.85221
5736731875.0,-43.8478
5736732812.5,-43.84284
5736733750.0,-43.84253
5736734687.5,-43.85133
5736735625.0,-43.85678
5736736562.5,-43.82536
5736737500.0,-43.86321
5736738437.5,-43.85198
5736739375.0,-43.83756
5736740312.5,-43.87074
5736741250.0,-43.8281
5736742187.5,-43.83151
5736743125.0,-43.85968
5736744062.5,-43.8418
5736745000.0,-43.83247
5736745937.5,-43.83331
5736746875.0,-43.81399
5736747812.5,-43.82282
5736748750.0,-43.80163
5736749687.5,-43.81479
5736750625.0,-43.81422
5736751562.5,-43.8423
5736752500.0,-43.82426
5736753437.5,-43.79786
5736754375.0,-43.85505
5736755312.5,-43.79969
5736756250.0,-43.81812
5736757187.5,-43.82605
5736758125.0,-43.82591
5736759062.5,-43.8199
5736760000.0,-43.82137
5736760937.5,-43.82325
5736761875.0,-43.80589
5736762812.5,-43.81136
5736763750.0,-43.83209
5736764687.5,-43.82941
5736765625.0,-43.8325
5736766562.5,-43.83375
5736767500.0,-43.83862
5736768437.5,-43.80087
5736769375.0,-43.81265
5736770312.5,-43.81884
5736771250.0,-43.82677
5736772187.5,-43.84013
5736773125.0,-43.79707
5736774062.5,-43.80772
5736775000.0,-43.80347
5736775937.5,-43.79517
5736776875.0,-43.81651
5736777812.5,-43.80962
5736778750.0,-43.80969
5736779687.5,-43.80418
5736780625.0,-43.84721
5736781562.5,-43.81925
5736782500.0,-43.83342
5736783437.5,-43.80404
5736784375.0,-43.82284
5736785312.5,-43.81811
5736786250.0,-43.82093
5736787187.5,-43.79702
5736788125.0,-43.80204
5736789062.5,-43.79388
5736790000.0,-43.79093
5736790937.5,-43.8143
5736791875.0,-43.80444
5736792812.5,-43.78648
5736793750.0,-43.7811
5736794687.5,-43.82345
5736795625.0,-43.82553
5736796562.5,-43.80533
5736797500.0,-43.8027
5736798437.5,-43.81414
5736799375.0,-43.80693
5736800312.5,-43.82764
5736801250.0,-43.80269
5736802187.5,-43.79227
5736803125.0,-43.80861
5736804062.5,-43.80019
5736805000.0,-43.79028
5736805937.5,-43.76728
5736806875.0,-43.80664
5736807812.5,-43.79573
5736808750.0,-43.80738
5736809687.5,-43.81298
5736810625.0,-43.81403
5736811562.5,-43.8133
5736812500.0,-43.79245
5736813437.5,-43.79225
5736814375.0,-43.81961
5736815312.5,-43.79361
5736816250.0,-43.78869
5736817187.5,-43.798
5736818125.0,-43.80851
5736819062.5,-43.7981
5736820000.0,-43.81518
5736820937.5,-43.83208
5736821875.0,-43.83275
5736822812.5,-43.78852
5736823750.0,-43.7703
5736824687.5,-43.79503
5736825625.0,-43.80558
5736826562.5,-43.80571
5736827500.0,-43.7904
5736828437.5,-43.80486
5736829375.0,-43.79528
5736830312.5,-43.79363
5736831250.0,-43.7716
5736832187.5,-43.808
5736833125.0,-43.7763
5736834062.5,-43.77599
5736835000.0,-43.7811
5736835937.5,-43.79663
5736836875.0,-43.80332
5736837812.5,-43.78552
5736838750.0,-43.79759
5736839687.5,-43.78035
5736840625.0,-43.78838
5736841562.5,-43.77227
5736842500.0,-43.78206
5736843437.5,-43.79721
5736844375.0,-43.79076
5736845312.5,-43.77272
5736846250.0,-43.77976
5736847187.5,-43.77785
5736848125.0,-43.78025
5736849062.5,-43.8018
5736850000.0,-43.78281
5736850937.5,-43.79048
5736851875.0,-43.78744
5736852812.5,-43.76558
5736853750.0,-43.79224
5736854687.5,-43.79311
5736855625.0,-43.78068
5736856562.5,-43.77055
5736857500.0,-43.76398
5736858437.5,-43.79157
5736859375.0,-43.78242
5736860312.5,-43.76909
5736861250.0,-43.77668
5736862187.5,-43.79932
5736863125.0,-43.76596
5736864062.5,-43.77123
5736865000.0,-43.77842
5736865937.5,-43.76811
5736866875.0,-43.7785
5736867812.5,-43.77799
5736868750.0,-43.78511
5736869687.5,-43.75609
5736870625.0,-43.79195
5736871562.5,-43.76735
5736872500.0,-43.81531
5736873437.5,-43.7631
5736874375.0,-43.78349
5736875312.5,-43.76236
5736876250.0,-43.77167
5736877187.5,-43.79264
5736878125.0,-43.78877
5736879062.5,-43.77733
5736880000.0,-43.80815
5736880937.5,-43.76432
5736881875.0,-43.76344
5736882812.5,-43.77477
5736883750.0,-43.75967
5736884687.5,-43.7697
5736885625.0,-43.76891
5736886562.5,-43.762
5736887500.0,-43.77431
5736888437.5,-43.77248
5736889375.0,-43.78601
5736890312.5,-43.77074
5736891250.0,-43.777
5736892187.5,-43.77494
5736893125.0,-43.78987
5736894062.5,-43.76822
5736895000.0,-43.76263
5736895937.5,-43.77341
5736896875.0,-43.74773
5736897812.5,-43.74895
5736898750.0,-43.7513
5736899687.5,-43.76199
5736900625.0,-43.76338
5736901562.5,-43.74677
5736902500.0,-43.76844
5736903437.5,-43.79208
5736904375.0,-43.74981
5736905312.5,-43.77365
5736906250.0,-43.74189
5736907187.5,-43.75636
5736908125.0,-43.77988
5736909062.5,-43.755
5736910000.0,-43.76523
5736910937.5,-43.74717
5736911875.0,-43.76671
5736912812.5,-43.79736
5736913750.0,-43.71589
5736914687.5,-43.73956
5736915625.0,-43.7488
5736916562.5,-43.76399
5736917500.0,-43.76671
5736918437.5,-43.76735
5736919375.0,-43.77507
5736920312.5,-43.75121
5736921250.0,-43.75213
5736922187.5,-43.76854
5736923125.0,-43.78318
5736924062.5,-43.74763
5736925000.0,-43.74199
5736925937.5,-43.74476
5736926875.0,-43.71402
5736927812.5,-43.73795
5736928750.0,-43.71664
5736929687.5,-43.77586
5736930625.0,-43.73161
5736931562.5,-43.78582
5736932500.0,-43.75395
5736933437.5,-43.74382
5736934375.0,-43.74817
5736935312.5,-43.76697
5736936250.0,-43.74027
5736937187.5,-43.7569
5736938125.0,-43.74619
5736939062.5,-43.75333
5736940000.0,-43.73059
5736940937.5,-43.75708
5736941875.0,-43.74989
5736942812.5,-43.76248
5736943750.0,-43.72449
5736944687.5,-43.75103
5736945625.0,-43.72813
5736946562.5,-43.7511
5736947500.0,-43.73789
5736948437.5,-43.74324
5736949375.0,-43.74423
5736950312.5,-43.71269
5736951250.0,-43.75172
5736952187.5,-43.75959
5736953125.0,-43.72851
5736954062.5,-43.72356
5736955000.0,-43.72502
5736955937.5,-43.71011
5736956875.0,-43.73342
5736957812.5,-43.74343
5736958750.0,-43.7523
5736959687.5,-43.71276
5736960625.0,-43.73486
5736961562.5,-43.72293
5736962500.0,-43.69122
5736963437.5,-43.74245
5736964375.0,-43.73646
5736965312.5,-43.73764
5736966250.0,-43.70574
5736967187.5,-43.71659
5736968125.0,-43.7323
5736969062.5,-43.73584
5736970000.0,-43.74957
5736970937.5,-43.72966
5736971875.0,-43.72335
5736972812.5,-43.74115
5736973750.0,-43.74536
5736974687.5,-43.74212
5736975625.0,-43.74901
5736976562.5,-43.71422
5736977500.0,-43.70665
5736978437.5,-43.73141
5736979375.0,-43.72976
5736980312.5,-43.74147
5736981250.0,-43.70145
5736982187.5,-43.70646
5736983125.0,-43.74908
5736984062.5,-43.738
5736985000.0,-43.72142
5736985937.5,-43.70845
5736986875.0,-43.72749
5736987812.5,-43.71286
5736988750.0,-43.70924
5736989687.5,-43.72808
5736990625.0,-43.71686
5736991562.5,-43.72773
5736992500.0,-43.73048
5736993437.5,-43.71935
5736994375.0,-43.70959
5736995312.5,-43.72128
5736996250.0,-43.74591
5736997187.5,-43.74004
5736998125.0,-43.73615
5736999062.5,-43.72794
5737000000.0,-43.73629
5737000937.5,-43.71984
5737001875.0,-43.72395
5737002812.5,-43.72771
5737003750.0,-43.7036
5737004687.5,-43.71143
5737005625.0,-43.75823
5737006562.5,-43.69289
5737007500.0,-43.70303
5737008437.5,-43.72466
5737009375.0,-43.71897
5737010312.5,-43.7138
5737011250.0,-43.71758
5737012187.5,-43.71192
5737013125.0,-43.71474
5737014062.5,-43.72385
5737015000.0,-43.72499
5737015937.5,-43.73665
5737016875.0,-43.71189
5737017812.5,-43.71643
5737018750.0,-43.71693
5737019687.5,-43.71222
5737020625.0,-43.72442
5737021562.5,-43.71233
5737022500.0,-43.72312
5737023437.5,-43.7164
5737024375.0,-43.72087
5737025312.5,-43.72653
5737026250.0,-43.69125
5737027187.5,-43.70472
5737028125.0,-43.71868
5737029062.5,-43.70184
5737030000.0,-43.71304
5737030937.5,-43.68809
5737031875.0,-43.70618
5737032812.5,-43.69424
5737033750.0,-43.71533
5737034687.5,-43.7011
5737035625.0,-43.68286
5737036562.5,-43.70459
5737037500.0,-43.72008
5737038437.5,-43.69086
5737039375.0,-43.68226
5737040312.5,-43.69958
5737041250.0,-43.69278
5737042187.5,-43.70388
5737043125.0,-43.69529
5737044062.5,-43.69795
5737045000.0,-43.70386
5737045937.5,-43.68965
5737046875.0,-43.69333
5737047812.5,-43.73391
5737048750.0,-43.70258
5737049687.5,-43.69522
5737050625.0,-43.7134
5737051562.5,-43.68231
5737052500.0,-43.7126
5737053437.5,-43.75114
5737054375.0,-43.70252
5737055312.5,-43.68488
5737056250.0,-43.69854
5737057187.5,-43.69101
5737058125.0,-43.70491
5737059062.5,-43.69636
5737060000.0,-43.69542
5737060937.5,-43.67239
5737061875.0,-43.69947
5737062812.5,-43.69339
5737063750.0,-43.66167
5737064687.5,-43.67044
5737065625.0,-43.67467
5737066562.5,-43.68761
5737067500.0,-43.68789
5737068437.5,-43.70156
5737069375.0,-43.66862
5737070312.5,-43.7047
5737071250.0,-43.69773
5737072187.5,-43.6941
5737073125.0,-43.71881
5737074062.5,-43.67387
5737075000.0,-43.69723
5737075937.5,-43.70523
5737076875.0,-43.71409
5737077812.5,-43.67609
5737078750.0,-43.68744
5737079687.5,-43.68526
5737080625.0,-43.68816
5737081562.5,-43.68398
5737082500.0,-43.68602
5737083437.5,-43.70117
5737084375.0,-43.70337
5737085312.5,-43.6834
5737086250.0,-43.69291
5737087187.5,-43.6752
5737088125.0,-43.6874
5737089062.5,-43.67783
5737090000.0,-43.70156
5737090937.5,-43.69663
5737091875.0,-43.67329
5737092812.5,-43.68551
5737093750.0,-43.67316
5737094687.5,-43.68968
5737095625.0,-43.70743
5737096562.5,-43.70346
5737097500.0,-43.67509
5737098437.5,-43.67691
5737099375.0,-43.6774
5737100312.5,-43.67777
5737101250.0,-43.65943
5737102187.5,-43.65958
5737103125.0,-43.6715
5737104062.5,-43.67918
5737105000.0,-43.67382
5737105937.5,-43.64059
5737106875.0,-43.67061
5737107812.5,-43.67011
5737108750.0,-43.66592
5737109687.5,-43.66522
5737110625.0,-43.64669
5737111562.5,-43.67453
5737112500.0,-43.67079
5737113437.5,-43.66674
5737114375.0,-43.67572
5737115312.5,-43.66681
5737116250.0,-43.68808
5737117187.5,-43.66646
5737118125.0,-43.68052
5737119062.5,-43.67971
5737120000.0,-43.67391
5737120937.5,-43.66885
5737121875.0,-43.68182
5737122812.5,-43.6651
5737123750.0,-43.65247
5737124687.5,-43.6801
5737125625.0,-43.65912
5737126562.5,-43.67477
5737127500.0,-43.67703
5737128437.5,-43.66742
5737129375.0,-43.65556
5737130312.5,-43.65752
5737131250.0,-43.65975
5737132187.5,-43.65766
5737133125.0,-43.63905
5737134062.5,-43.64705
5737135000.0,-43.65609
5737135937.5,-43.63922
5737136875.0,-43.64779
5737137812.5,-43.66596
5737138750.0,-43.66633
5737139687.5,-43.64001
5737140625.0,-43.6429
5737141562.5,-43.64647
5737142500.0,-43.64134
5737143437.5,-43.65266
5737144375.0,-43.66762
5737145312.5,-43.66896
5737146250.0,-43.67501
5737147187.5,-43.65918
5737148125.0,-43.65343
5737149062.5,-43.6579
5737150000.0,-43.66617
5737150937.5,-43.66404
5737151875.0,-43.64005
5737152812.5,-43.66277
5737153750.0,-43.63669
5737154687.5,-43.6234
5737155625.0,-43.6409
5737156562.5,-43.66556
5737157500.0,-43.61811
5737158437.5,-43.62733
5737159375.0,-43.64057
5737160312.5,-43.66428
5737161250.0,-43.66124
5737162187.5,-43.65013
5737163125.0,-43.67194
5737164062.5,-43.66891
5737165000.0,-43.63426
5737165937.5,-43.64562
5737166875.0,-43.65124
5737167812.5,-43.67324
5737168750.0,-43.63397
5737169687.5,-43.65273
5737170625.0,-43.65588
5737171562.5,-43.62926
5737172500.0,-43.67545
5737173437.5,-43.64167
5737174375.0,-43.63469
5737175312.5,-43.64987
5737176250.0,-43.6497
5737177187.5,-43.68155
5737178125.0,-43.64636
5737179062.5,-43.66741
5737180000.0,-43.62964
5737180937.5,-43.64347
5737181875.0,-43.67091
5737182812.5,-43.62635
5737183750.0,-43.63558
5737184687.5,-43.63735
5737185625.0,-43.64075
5737186562.5,-43.63731
5737187500.0,-43.61218
5737188437.5,-43.62116
5737189375.0,-43.63995
5737190312.5,-43.65347
5737191250.0,-43.65623
5737192187.5,-43.62056
5737193125.0,-43.62867
5737194062.5,-43.66193
5737195000.0,-43.63198
5737195937.5,-43.63272
5737196875.0,-43.65224
5737197812.5,-43.64806
5737198750.0,-43.61255
5737199687.5,-43.65202
5737200625.0,-43.64537
5737201562.5,-43.64648
5737202500.0,-43.58931
5737203437.5,-43.62483
5737204375.0,-43.64297
5737205312.5,-43.62099
5737206250.0,-43.64313
5737207187.5,-43.62861
5737208125.0,-43.62889
5737209062.5,-43.65701
5737210000.0,-43.62186
5737210937.5,-43.6096
5737211875.0,-43.63344
5737212812.5,-43.62439
5737213750.0,-43.65781
5737214687.5,-43.63105
5737215625.0,-43.63332
5737216562.5,-43.59871
5737217500.0,-43.63581
5737218437.5,-43.62223
5737219375.0,-43.63243
5737220312.5,-43.62807
5737221250.0,-43.61631
5737222187.5,-43.64558
5737223125.0,-43.62844
5737224062.5,-43.62854
5737225000.0,-43.61297
5737225937.5,-43.60945
5737226875.0,-43.63872
5737227812.5,-43.63165
5737228750.0,-43.62974
5737229687.5,-43.61401
5737230625.0,-43.63898
5737231562.5,-43.65665
5737232500.0,-43.63154
5737233437.5,-43.62269
5737234375.0,-43.61705
5737235312.5,-43.61069
5737236250.0,-43.6048
5737237187.5,-43.60355
5737238125.0,-43.63895
5737239062.5,-43.61873
5737240000.0,-43.62685
5737240937.5,-43.60047
5737241875.0,-43.6204
5737242812.5,-43.61048
5737243750.0,-43.59723
5737244687.5,-43.63233
5737245625.0,-43.60596
5737246562.5,-43.61286
5737247500.0,-43.56796
5737248437.5,-43.61422
5737249375.0,-43.6298
5737250312.5,-43.63078
5737251250.0,-43.61986
5737252187.5,-43.60101
5737253125.0,-43.60395
5737254062.5,-43.59019
5737255000.0,-43.62476
5737255937.5,-43.61368
5737256875.0,-43.59612
5737257812.5,-43.62365
5737258750.0,-43.6185
5737259687.5,-43.61366
5737260625.0,-43.60509
5737261562.5,-43.59446
5737262500.0,-43.56878
5737263437.5,-43.60239
5737264375.0,-43.60634
5737265312.5,-43.60876
5737266250.0,-43.58482
5737267187.5,-43.62535
5737268125.0,-43.60981
5737269062.5,-43.60813
5737270000.0,-43.60152
5737270937.5,-43.60028
5737271875.0,-43.61308
5737272812.5,-43.63344
5737273750.0,-43.60852
5737274687.5,-43.59746
5737275625.0,-43.59294
5737276562.5,-43.59068
5737277500.0,-43.5987
5737278437.5,-43.60108
5737279375.0,-43.59262
5737280312.5,-43.59346
5737281250.0,-43.59656
5737282187.5,-43.61148
5737283125.0,-43.59309
5737284062.5,-43.59559
5737285000.0,-43.58312
5737285937.5,-43.59086
5737286875.0,-43.60945
5737287812.5,-43.59628
5737288750.0,-43.60596
5737289687.5,-43.59829
5737290625.0,-43.61673
5737291562.5,-43.59852
5737292500.0,-43.59181
5737293437.5,-43.58096
5737294375.0,-43.58378
5737295312.5,-43.56155
5737296250.0,-43.6078
5737297187.5,-43.59872
5737298125.0,-43.55687
5737299062.5,-43.60482
5737300000.0,-43.60702
5737300937.5,-43.60167
5737301875.0,-43.61497
5737302812.5,-43.60485
5737303750.0,-43.57793
5737304687.5,-43.58988
5737305625.0,-43.57549
5737306562.5,-43.5879
5737307500.0,-43.58755
5737308437.5,-43.60289
5737309375.0,-43.57452
5737310312.5,-43.55593
5737311250.0,-43.61407
5737312187.5,-43.59094
5737313125.0,-43.60276
5737314062.5,-43.58017
5737315000.0,-43.57536
5737315937.5,-43.59235
5737316875.0,-43.57718
5737317812.5,-43.58845
5737318750.0,-43.59621
5737319687.5,-43.5817
5737320625.0,-43.58096
5737321562.5,-43.58227
5737322500.0,-43.58292
5737323437.5,-43.58144
5737324375.0,-43.57787
5737325312.5,-43.55716
5737326250.0,-43.5979
5737327187.5,-43.59101
5737328125.0,-43.58342
5737329062.5,-43.58199
5737330000.0,-43.58514
5737330937.5,-43.56505
5737331875.0,-43.55729
5737332812.5,-43.59614
5737333750.0,-43.55504
5737334687.5,-43.5836
5737335625.0,-43.58205
5737336562.5,-43.55939
5737337500.0,-43.57225
5737338437.5,-43.59156
5737339375.0,-43.56826
5737340312.5,-43.55758
5737341250.0,-43.57303
5737342187.5,-43.60825
5737343125.0,-43.56679
5737344062.5,-43.58791
5737345000.0,-43.57431
5737345937.5,-43.56011
5737346875.0,-43.58531
5737347812.5,-43.54298
5737348750.0,-43.55397
5737349687.5,-43.57195
5737350625.0,-43.57318
5737351562.5,-43.53591
5737352500.0,-43.59285
5737353437.5,-43.55101
5737354375.0,-43.5492
5737355312.5,-43.57277
5737356250.0,-43.54571
5737357187.5,-43.59407
5737358125.0,-43.57584
5737359062.5,-43.535
5737360000.0,-43.56175
5737360937.5,-43.57003
5737361875.0,-43.56097
5737362812.5,-43.56611
5737363750.0,-43.54697
5737364687.5,-43.54282
5737365625.0,-43.59128
5737366562.5,-43.55596
5737367500.0,-43.56266
5737368437.5,-43.56967
5737369375.0,-43.56712
5737370312.5,-43.54317
5737371250.0,-43.56269
5737372187.5,-43.55602
5737373125.0,-43.54
5737374062.5,-43.56073
5737375000.0,-43.5542
5737375937.5,-43.57237
5737376875.0,-43.55723
5737377812.5,-43.52549
5737378750.0,-43.5537
5737379687.5,-43.54298
5737380625.0,-43.55603
5737381562.5,-43.5658
5737382500.0,-43.56083
5737383437.5,-43.54469
5737384375.0,-43.54589
5737385312.5,-43.53938
5737386250.0,-43.56984
5737387187.5,-43.55885
5737388125.0,-43.53446
5737389062.5,-43.54445
5737390000.0,-43.53672
5737390937.5,-43.56763
5737391875.0,-43.54384
5737392812.5,-43.55262
5737393750.0,-43.52896
5737394687.5,-43.52874
5737395625.0,-43.53606
5737396562.5,-43.54178
5737397500.0,-43.5719
5737398437.5,-43.55385
5737399375.0,-43.53758
5737400312.5,-43.54514
5737401250.0,-43.55006
5737402187.5,-43.54385
5737403125.0,-43.53936
5737404062.5,-43.5693
5737405000.0,-43.54376
5737405937.5,-43.53171
5737406875.0,-43.52988
5737407812.5,-43.54239
5737408750.0,-43.52995
5737409687.5,-43.51709
5737410625.0,-43.53358
5737411562.5,-43.54609
5737412500.0,-43.53903
5737413437.5,-43.55376
5737414375.0,-43.54839
5737415312.5,-43.55133
5737416250.0,-43.50869
5737417187.5,-43.53915
5737418125.0,-43.52533
5737419062.5,-43.50601
5737420000.0,-43.53262
5737420937.5,-43.54749
5737421875.0,-43.53839
5737422812.5,-43.53342
5737423750.0,-43.53592
5737424687.5,-43.53259
5737425625.0,-43.52817
5737426562.5,-43.54679
5737427500.0,-43.53988
5737428437.5,-43.53415
5737429375.0,-43.51944
5737430312.5,-43.53523
5737431250.0,-43.48774
5737432187.5,-43.54825
5737433125.0,-43.54055
5737434062.5,-43.54651
5737435000.0,-43.53553
5737435937.5,-43.52172
5737436875.0,-43.53446
5737437812.5,-43.51095
5737438750.0,-43.51445
5737439687.5,-43.5379
5737440625.0,-43.51631
5737441562.5,-43.5242
5737442500.0,-43.5173
5737443437.5,-43.53807
5737444375.0,-43.51523
5737445312.5,-43.51346
5737446250.0,-43.54534
5737447187.5,-43.5555
5737448125.0,-43.52388
5737449062.5,-43.51487
5737450000.0,-43.51993
5737450937.5,-43.53518
5737451875.0,-43.5155
5737452812.5,-43.52155
5737453750.0,-43.50699
5737454687.5,-43.52757
5737455625.0,-43.54145
5737456562.5,-43.50955
5737457500.0,-43.49905
5737458437.5,-43.53991
5737459375.0,-43.52674
5737460312.5,-43.52794
5737461250.0,-43.50951
5737462187.5,-43.5213
5737463125.0,-43.50935
5737464062.5,-43.50576
5737465000.0,-43.5049
5737465937.5,-43.51344
5737466875.0,-43.50416
5737467812.5,-43.51297
5737468750.0,-43.50639
5737469687.5,-43.50193
5737470625.0,-43.53333
5737471562.5,-43.50971
5737472500.0,-43.51356
5737473437.5,-43.54129
5737474375.0,-43.50441
5737475312.5,-43.52363
5737476250.0,-43.53225
5737477187.5,-43.51696
5737478125.0,-43.51487
5737479062.5,-43.50196
5737480000.0,-43.4803
5737480937.5,-43.51911
5737481875.0,-43.50636
5737482812.5,-43.50902
5737483750.0,-43.50629
5737484687.5,-43.51232
5737485625.0,-43.52847
5737486562.5,-43.51776
5737487500.0,-43.50335
5737488437.5,-43.51554
5737489375.0,-43.5056
5737490312.5,-43.49129
5737491250.0,-43.49297
5737492187.5,-43.51497
5737493125.0,-43.50993
5737494062.5,-43.48816
5737495000.0,-43.49926
5737495937.5,-43.53375
5737496875.0,-43.50939
5737497812.5,-43.47276
5737498750.0,-43.49566
5737499687.5,-43.48556
5737500625.0,-43.506
5737501562.5,-43.49648
5737502500.0,-43.4926
5737503437.5,-43.49085
5737504375.0,-43.47318
5737505312.5,-43.49631
5737506250.0,-43.496
5737507187.5,-43.49368
5737508125.0,-43.51141
5737509062.5,-43.48806
5737510000.0,-43.50916
5737510937.5,-43.48236
5737511875.0,-43.49115
5737512812.5,-43.47924
5737513750.0,-43.5066
5737514687.5,-43.51096
5737515625.0,-43.51579
5737516562.5,-43.48667
5737517500.0,-43.4877
5737518437.5,-43.49947
5737519375.0,-43.49516
5737520312.5,-43.51503
5737521250.0,-43.5126
5737522187.5,-43.49493
5737523125.0,-43.49486
5737524062.5,-43.48266
5737525000.0,-43.48061
5737525937.5,-43.49815
5737526875.0,-43.4879
5737527812.5,-43.48445
5737528750.0,-43.47965
5737529687.5,-43.49141
5737530625.0,-43.49863
5737531562.5,-43.50069
5737532500.0,-43.49543
5737533437.5,-43.48331
5737534375.0,-43.50018
5737535312.5,-43.49641
5737536250.0,-43.47868
5737537187.5,-43.47922
5737538125.0,-43.5075
5737539062.5,-43.48603
5737540000.0,-43.50686
5737540937.5,-43.48106
5737541875.0,-43.48751
5737542812.5,-43.44796
5737543750.0,-43.48644
5737544687.5,-43.48066
5737545625.0,-43.50124
5737546562.5,-43.4843
5737547500.0,-43.47061
5737548437.5,-43.49749
5737549375.0,-43.48909
5737550312.5,-43.4544
5737551250.0,-43.49061
5737552187.5,-43.49123
5737553125.0,-43.49749
5737554062.5,-43.47429
5737555000.0,-43.49505
5737555937.5,-43.46437
5737556875.0,-43.47079
5737557812.5,-43.45833
5737558750.0,-43.45901
5737559687.5,-43.47699
5737560625.0,-43.49615
5737561562.5,-43.48041
5737562500.0,-43.46224
5737563437.5,-43.48973
5737564375.0,-43.48125
5737565312.5,-43.46351
5737566250.0,-43.46254
5737567187.5,-43.50674
5737568125.0,-43.49806
5737569062.5,-43.45672
5737570000.0,-43.47861
5737570937.5,-43.46453
5737571875.0,-43.48377
5737572812.5,-43.48523
5737573750.0,-43.46893
5737574687.5,-43.4677
5737575625.0,-43.47229
5737576562.5,-43.46485
5737577500.0,-43.50429
5737578437.5,-43.45921
5737579375.0,-43.46417
5737580312.5,-43.45905
5737581250.0,-43.48787
5737582187.5,-43.46972
5737583125.0,-43.48269
5737584062.5,-43.45675
5737585000.0,-43.45158
5737585937.5,-43.45928
5737586875.0,-43.46745
5737587812.5,-43.45874
5737588750.0,-43.46774
5737589687.5,-43.4708
5737590625.0,-43.46424
5737591562.5,-43.48122
5737592500.0,-43.48123
5737593437.5,-43.46314
5737594375.0,-43.45491
5737595312.5,-43.45569
5737596250.0,-43.47403
5737597187.5,-43.46095
5737598125.0,-43.45025
5737599062.5,-43.45511
5737600000.0,-43.42667
5737600937.5,-43.49063
5737601875.0,-43.46262
5737602812.5,-43.46
5737603750.0,-43.45689
5737604687.5,-43.44384
5737605625.0,-43.47164
5737606562.5,-43.46558
5737607500.0,-43.4579
5737608437.5,-43.4392
5737609375.0,-43.47172
5737610312.5,-43.46007
5737611250.0,-43.47702
5737612187.5,-43.43198
5737613125.0,-43.44826
5737614062.5,-43.45175
5737615000.0,-43.45683
5737615937.5,-43.44538
5737616875.0,-43.4641
5737617812.5,-43.46339
5737618750.0,-43.44907
5737619687.5,-43.43259
5737620625.0,-43.42121
5737621562.5,-43.44119
5737622500.0,-43.45474
5737623437.5,-43.43297
5737624375.0,-43.44956
5737625312.5,-43.44419
5737626250.0,-43.45577
5737627187.5,-43.44353
5737628125.0,-43.44285
5737629062.5,-43.44115
5737630000.0,-43.4374
5737630937.5,-43.47554
5737631875.0,-43.44006
5737632812.5,-43.44751
5737633750.0,-43.47462
5737634687.5,-43.42549
5737635625.0,-43.41702
5737636562.5,-43.43005
5737637500.0,-43.45833
5737638437.5,-43.43213
5737639375.0,-43.45807
5737640312.5,-43.42358
5737641250.0,-43.43269
5737642187.5,-43.42162
5737643125.0,-43.44109
5737644062.5,-43.43595
5737645000.0,-43.4208
5737645937.5,-43.4317
5737646875.0,-43.42353
5737647812.5,-43.44008
5737648750.0,-43.41789
5737649687.5,-43.40995
5737650625.0,-43.42872
5737651562.5,-43.44165
5737652500.0,-43.43306
5737653437.5,-43.40951
5737654375.0,-43.431
5737655312.5,-43.44339
5737656250.0,-43.47075
5737657187.5,-43.4234
5737658125.0,-43.44831
5737659062.5,-43.45031
5737660000.0,-43.4191
5737660937.5,-43.42695
5737661875.0,-43.47454
5737662812.5,-43.44136
5737663750.0,-43.40802
5737664687.5,-43.43205
5737665625.0,-43.44499
5737666562.5,-43.46238
5737667500.0,-43.42781
5737668437.5,-43.42179
5737669375.0,-43.42966
5737670312.5,-43.44187
5737671250.0,-43.46975
5737672187.5,-43.43386
5737673125.0,-43.43106
5737674062.5,-43.42414
5737675000.0,-43.42404
5737675937.5,-43.4058
5737676875.0,-43.42578
5737677812.5,-43.42524
5737678750.0,-43.44579
5737679687.5,-43.40993
5737680625.0,-43.4289
5737681562.5,-43.42278
5737682500.0,-43.43191
5737683437.5,-43.43497
5737684375.0,-43.432
5737685312.5,-43.41381
5737686250.0,-43.42043
5737687187.5,-43.44209
5737688125.0,-43.41645
5737689062.5,-43.43613
5737690000.0,-43.42659
5737690937.5,-43.4357
5737691875.0,-43.44384
5737692812.5,-43.40876
5737693750.0,-43.42421
5737694687.5,-43.41214
5737695625.0,-43.40854
5737696562.5,-43.39229
5737697500.0,-43.44592
5737698437.5,-43.41643
5737699375.0,-43.4096
5737700312.5,-43.42464
5737701250.0,-43.44057
5737702187.5,-43.45426
5737703125.0,-43.41317
5737704062.5,-43.42205
5737705000.0,-43.42169
5737705937.5,-43.41446
5737706875.0,-43.39613
5737707812.5,-43.43069
5737708750.0,-43.41374
5737709687.5,-43.41901
5737710625.0,-43.42974
5737711562.5,-43.39708
5737712500.0,-43.41726
5737713437.5,-43.40458
5737714375.0,-43.39042
5737715312.5,-43.42917
5737716250.0,-43.38644
5737717187.5,-43.41681
5737718125.0,-43.40323
5737719062.5,-43.41058
5737720000.0,-43.42403
5737720937.5,-43.40295
5737721875.0,-43.41918
5737722812.5,-43.38243
5737723750.0,-43.39448
5737724687.5,-43.42194
5737725625.0,-43.41563
5737726562.5,-43.38555
5737727500.0,-43.37186
5737728437.5,-43.39398
5737729375.0,-43.40255
5737730312.5,-43.4209
5737731250.0,-43.40306
5737732187.5,-43.40708
5737733125.0,-43.39745
5737734062.5,-43.39879
5737735000.0,-43.40044
5737735937.5,-43.39349
5737736875.0,-43.36919
5737737812.5,-43.38371
5737738750.0,-43.40495
5737739687.5,-43.39568
5737740625.0,-43.40095
5737741562.5,-43.40215
5737742500.0,-43.4095
5737743437.5,-43.38382
5737744375.0,-43.39507
5737745312.5,-43.37513
5737746250.0,-43.38669
5737747187.5,-43.37598
5737748125.0,-43.38306
5737749062.5,-43.39007
5737750000.0,-43.38165
5737750937.5,-43.40579
5737751875.0,-43.37448
5737752812.5,-43.39368
5737753750.0,-43.37527
5737754687.5,-43.3842
5737755625.0,-43.38082
5737756562.5,-43.39869
5737757500.0,-43.37336
5737758437.5,-43.38109
5737759375.0,-43.40663
5737760312.5,-43.37335
5737761250.0,-43.3816
5737762187.5,-43.39083
5737763125.0,-43.38009
5737764062.5,-43.38826
5737765000.0,-43.38029
5737765937.5,-43.36973
5737766875.0,-43.37883
5737767812.5,-43.40139
5737768750.0,-43.38119
5737769687.5,-43.37164
5737770625.0,-43.35933
5737771562.5,-43.38781
5737772500.0,-43.40387
5737773437.5,-43.34083
5737774375.0,-43.39379
5737775312.5,-43.375
5737776250.0,-43.38051
5737777187.5,-43.38015
5737778125.0,-43.38446
5737779062.5,-43.36621
5737780000.0,-43.36027
5737780937.5,-43.37541
5737781875.0,-43.35342
5737782812.5,-43.3721
5737783750.0,-43.36991
5737784687.5,-43.39877
5737785625.0,-43.37692
5737786562.5,-43.37478
5737787500.0,-43.36077
5737788437.5,-43.37612
5737789375.0,-43.37313
5737790312.5,-43.37635
5737791250.0,-43.38667
5737792187.5,-43.38251
5737793125.0,-43.37145
5737794062.5,-43.39072
5737795000.0,-43.3614
5737795937.5,-43.37573
5737796875.0,-43.36634
5737797812.5,-43.34908
5737798750.0,-43.347
5737799687.5,-43.38024
5737800625.0,-43.36327
5737801562.5,-43.37196
5737802500.0,-43.39477
5737803437.5,-43.35579
5737804375.0,-43.36591
5737805312.5,-43.37202
5737806250.0,-43.37108
5737807187.5,-43.3798
5737808125.0,-43.3862
5737809062.5,-43.38338
5737810000.0,-43.34129
5737810937.5,-43.3613
5737811875.0,-43.3856
5737812812.5,-43.37593
5737813750.0,-43.35956
5737814687.5,-43.35869
5737815625.0,-43.36323
5737816562.5,-43.35895
5737817500.0,-43.37818
5737818437.5,-43.37261
5737819375.0,-43.36576
5737820312.5,-43.35523
5737821250.0,-43.3556
5737822187.5,-43.38647
5737823125.0,-43.36174
5737824062.5,-43.35321
5737825000.0,-43.34932
5737825937.5,-43.35592
5737826875.0,-43.37023
5737827812.5,-43.33117
5737828750.0,-43.37985
5737829687.5,-43.35754
5737830625.0,-43.37013
5737831562.5,-43.36491
5737832500.0,-43.35844
5737833437.5,-43.38211
5737834375.0,-43.36109
5737835312.5,-43.35327
5737836250.0,-43.36108
5737837187.5,-43.33783
5737838125.0,-43.34444
5737839062.5,-43.33706
5737840000.0,-43.35342
5737840937.5,-43.32894
5737841875.0,-43.3469
5737842812.5,-43.38134
5737843750.0,-43.34385
5737844687.5,-43.34304
5737845625.0,-43.35475
5737846562.5,-43.36436
5737847500.0,-43.35359
5737848437.5,-43.32484
5737849375.0,-43.36024
5737850312.5,-43.34225
5737851250.0,-43.36112
5737852187.5,-43.34777
5737853125.0,-43.34838
5737854062.5,-43.36934
5737855000.0,-43.34585
5737855937.5,-43.33347
5737856875.0,-43.34581
5737857812.5,-43.34506
5737858750.0,-43.34299
5737859687.5,-43.32556
5737860625.0,-43.34929
5737861562.5,-43.32433
5737862500.0,-43.34141
5737863437.5,-43.34786
5737864375.0,-43.33585
5737865312.5,-43.33011
5737866250.0,-43.34041
5737867187.5,-43.32781
5737868125.0,-43.34945
5737869062.5,-43.3368
5737870000.0,-43.33496
5737870937.5,-43.32988
5737871875.0,-43.34684
5737872812.5,-43.31773
5737873750.0,-43.34852
5737874687.5,-43.31075
5737875625.0,-43.34388
5737876562.5,-43.33249
5737877500.0,-43.35485
5737878437.5,-43.33796
5737879375.0,-43.3358
5737880312.5,-43.33988
5737881250.0,-43.32506
5737882187.5,-43.32093
5737883125.0,-43.33432
5737884062.5,-43.35722
5737885000.0,-43.33551
5737885937.5,-43.31133
5737886875.0,-43.3242
5737887812.5,-43.30419
5737888750.0,-43.32396
5737889687.5,-43.32684
5737890625.0,-43.35023
5737891562.5,-43.34061
5737892500.0,-43.32244
5737893437.5,-43.34414
5737894375.0,-43.314
5737895312.5,-43.32894
5737896250.0,-43.33898
5737897187.5,-43.33999
5737898125.0,-43.33343
5737899062.5,-43.32817
5737900000.0,-43.33448
5737900937.5,-43.32209
5737901875.0,-43.32891
5737902812.5,-43.32906
5737903750.0,-43.35665
5737904687.5,-43.32177
5737905625.0,-43.33779
5737906562.5,-43.33714
5737907500.0,-43.32641
5737908437.5,-43.30223
5737909375.0,-43.30627
5737910312.5,-43.30259
5737911250.0,-43.30386
5737912187.5,-43.30149
5737913125.0,-43.32223
5737914062.5,-43.31161
5737915000.0,-43.3549
5737915937.5,-43.33619
5737916875.0,-43.30913
5737917812.5,-43.29706
5737918750.0,-43.30287
5737919687.5,-43.33054
5737920625.0,-43.34369
5737921562.5,-43.2875
5737922500.0,-43.30806
5737923437.5,-43.32681
5737924375.0,-43.30841
5737925312.5,-43.30016
5737926250.0,-43.29113
5737927187.5,-43.29506
5737928125.0,-43.31285
5737929062.5,-43.29829
5737930000.0,-43.30856
5737930937.5,-43.30501
5737931875.0,-43.31734
5737932812.5,-43.30957
5737933750.0,-43.31199
5737934687.5,-43.29731
5737935625.0,-43.31812
5737936562.5,-43.30681
5737937500.0,-43.29517
5737938437.5,-43.31535
5737939375.0,-43.32831
5737940312.5,-43.31456
5737941250.0,-43.31802
5737942187.5,-43.30917
5737943125.0,-43.28712
5737944062.5,-43.29483
5737945000.0,-43.28865
5737945937.5,-43.29478
5737946875.0,-43.30186
5737947812.5,-43.31078
5737948750.0,-43.3066
5737949687.5,-43.28235
5737950625.0,-43.3011
5737951562.5,-43.31403
5737952500.0,-43.29377
5737953437.5,-43.31395
5737954375.0,-43.3247
5737955312.5,-43.30786
5737956250.0,-43.27163
5737957187.5,-43.29368
5737958125.0,-43.27582
5737959062.5,-43.28598
5737960000.0,-43.30147
5737960937.5,-43.29787
5737961875.0,-43.28988
5737962812.5,-43.30066
5737963750.0,-43.31647
5737964687.5,-43.27407
5737965625.0,-43.28654
5737966562.5,-43.29776
5737967500.0,-43.3064
5737968437.5,-43.27279
5737969375.0,-43.28981
5737970312.5,-43.27337
5737971250.0,-43.2818
5737972187.5,-43.30539
5737973125.0,-43.31253
5737974062.5,-43.27848
5737975000.0,-43.2851
5737975937.5,-43.2853
5737976875.0,-43.28052
5737977812.5,-43.26698
5737978750.0,-43.28481
5737979687.5,-43.3079
5737980625.0,-43.27882
5737981562.5,-43.28386
5737982500.0,-43.26812
5737983437.5,-43.3027
5737984375.0,-43.25767
5737985312.5,-43.28988
5737986250.0,-43.27575
5737987187.5,-43.25457
5737988125.0,-43.2714
5737989062.5,-43.27697
5737990000.0,-43.26904
5737990937.5,-43.26724
5737991875.0,-43.26476
5737992812.5,-43.27621
5737993750.0,-43.2706
5737994687.5,-43.27743
5737995625.0,-43.28645
5737996562.5,-43.2813
5737997500.0,-43.28498
5737998437.5,-43.27483
5737999375.0,-43.27896
5738000312.5,-43.28019
5738001250.0,-43.2776
5738002187.5,-43.28036
5738003125.0,-43.27941
5738004062.5,-43.2742
5738005000.0,-43.26262
5738005937.5,-43.27779
5738006875.0,-43.26355
5738007812.5,-43.24594
5738008750.0,-43.26802
5738009687.5,-43.25719
5738010625.0,-43.29382
5738011562.5,-43.27241
5738012500.0,-43.25074
5738013437.5,-43.28673
5738014375.0,-43.26095
5738015312.5,-43.27169
5738016250.0,-43.25367
5738017187.5,-43.24147
5738018125.0,-43.26773
5738019062.5,-43.25232
5738020000.0,-43.27683
5738020937.5,-43.2709
5738021875.0,-43.2691
5738022812.5,-43.25983
5738023750.0,-43.24183
5738024687.5,-43.27765
5738025625.0,-43.25283
5738026562.5,-43.26902
5738027500.0,-43.27724
5738028437.5,-43.28546
5738029375.0,-43.26746
5738030312.5,-43.25914
5738031250.0,-43.25478
5738032187.5,-43.27412
5738033125.0,-43.25049
5738034062.5,-43.20525
5738035000.0,-43.25304
5738035937.5,-43.24805
5738036875.0,-43.26341
5738037812.5,-43.28317
5738038750.0,-43.26043
5738039687.5,-43.28341
5738040625.0,-43.26905
5738041562.5,-43.24966
5738042500.0,-43.25351
5738043437.5,-43.28131
5738044375.0,-43.27953
5738045312.5,-43.26425
5738046250.0,-43.24619
5738047187.5,-43.27669
5738048125.0,-43.27242
5738049062.5,-43.25469
5738050000.0,-43.27833
5738050937.5,-43.24366
5738051875.0,-43.28439
5738052812.5,-43.23682
5738053750.0,-43.26869
5738054687.5,-43.24694
5738055625.0,-43.26553
5738056562.5,-43.24105
5738057500.0,-43.29206
5738058437.5,-43.26582
5738059375.0,-43.24286
5738060312.5,-43.28686
5738061250.0,-43.24526
5738062187.5,-43.25331
5738063125.0,-43.25879
5738064062.5,-43.25834
5738065000.0,-43.2686
5738065937.5,-43.24912
5738066875.0,-43.256
5738067812.5,-43.22822
5738068750.0,-43.25319
5738069687.5,-43.23443
5738070625.0,-43.2296
5738071562.5,-43.25375
5738072500.0,-43.27512
5738073437.5,-43.22907
5738074375.0,-43.24929
5738075312.5,-43.2363
5738076250.0,-43.27851
5738077187.5,-43.23775
5738078125.0,-43.24009
5738079062.5,-43.23969
5738080000.0,-43.2137
5738080937.5,-43.24859
5738081875.0,-43.23142
5738082812.5,-43.22075
5738083750.0,-43.24908
5738084687.5,-43.2547
5738085625.0,-43.25295
5738086562.5,-43.2468
5738087500.0,-43.24998
5738088437.5,-43.25568
5738089375.0,-43.24728
5738090312.5,-43.2489
5738091250.0,-43.24378
5738092187.5,-43.24774
5738093125.0,-43.24292
5738094062.5,-43.24175
5738095000.0,-43.24175
5738095937.5,-43.2335
5738096875.0,-43.23283
5738097812.5,-43.22801
5738098750.0,-43.23175
5738099687.5,-43.22605
5738100625.0,-43.24695
5738101562.5,-43.2539
5738102500.0,-43.24122
5738103437.5,-43.24269
5738104375.0,-43.22869
5738105312.5,-43.23715
5738106250.0,-43.22136
5738107187.5,-43.20991
5738108125.0,-43.25587
5738109062.5,-43.22524
5738110000.0,-43.22434
5738110937.5,-43.21429
5738111875.0,-43.21868
5738112812.5,-43.2164
5738113750.0,-43.25279
5738114687.5,-43.20744
5738115625.0,-43.22426
5738116562.5,-43.24725
5738117500.0,-43.208
5738118437.5,-43.23772
5738119375.0,-43.23405
5738120312.5,-43.22681
5738121250.0,-43.22742
5738122187.5,-43.20045
5738123125.0,-43.22318
5738124062.5,-43.24622
5738125000.0,-43.22431
5738125937.5,-43.20228
5738126875.0,-43.22589
5738127812.5,-43.213
5738128750.0,-43.22771
5738129687.5,-43.23271
5738130625.0,-43.24681
5738131562.5,-43.23228
5738132500.0,-43.20966
5738133437.5,-43.23105
5738134375.0,-43.2206
5738135312.5,-43.23842
5738136250.0,-43.23285
5738137187.5,-43.22538
5738138125.0,-43.20102
5738139062.5,-43.22427
5738140000.0,-43.187
5738140937.5,-43.20068
5738141875.0,-43.22081
5738142812.5,-43.24026
5738143750.0,-43.20285
5738144687.5,-43.21667
5738145625.0,-43.22356
5738146562.5,-43.208
5738147500.0,-43.2038
5738148437.5,-43.20313
5738149375.0,-43.19315
5738150312.5,-43.21799
5738151250.0,-43.20769
5738152187.5,-43.20166
5738153125.0,-43.21001
5738154062.5,-43.17133
5738155000.0,-43.23084
5738155937.5,-43.22322
5738156875.0,-43.2189
5738157812.5,-43.21379
5738158750.0,-43.19294
5738159687.5,-43.20544
5738160625.0,-43.23633
5738161562.5,-43.1994
5738162500.0,-43.19115
5738163437.5,-43.22763
5738164375.0,-43.23067
5738165312.5,-43.21665
5738166250.0,-43.19712
5738167187.5,-43.22385
5738168125.0,-43.19049
5738169062.5,-43.21513
5738170000.0,-43.20897
5738170937.5,-43.18264
5738171875.0,-43.18229
5738172812.5,-43.18618
5738173750.0,-43.18644
5738174687.5,-43.22293
5738175625.0,-43.16987
5738176562.5,-43.20839
5738177500.0,-43.2043
5738178437.5,-43.18327
5738179375.0,-43.18456
5738180312.5,-43.17562
5738181250.0,-43.19725
5738182187.5,-43.20171
5738183125.0,-43.18548
5738184062.5,-43.1981
5738185000.0,-43.18172
5738185937.5,-43.2018
5738186875.0,-43.18378
5738187812.5,-43.17555
5738188750.0,-43.18505
5738189687.5,-43.17756
5738190625.0,-43.19524
5738191562.5,-43.18652
5738192500.0,-43.18697
5738193437.5,-43.18063
5738194375.0,-43.18626
5738195312.5,-43.20243
5738196250.0,-43.20798
5738197187.5,-43.16983
5738198125.0,-43.18913
5738199062.5,-43.18506
5738200000.0,-43.17824
5738200937.5,-43.19845
5738201875.0,-43.15694
5738202812.5,-43.18356
5738203750.0,-43.175
5738204687.5,-43.18827
5738205625.0,-43.20927
5738206562.5,-43.19177
5738207500.0,-43.17496
5738208437.5,-43.1822
5738209375.0,-43.19753
5738210312.5,-43.177
5738211250.0,-43.17703
5738212187.5,-43.16491
5738213125.0,-43.16723
5738214062.5,-43.1795
5738215000.0,-43.16985
5738215937.5,-43.1894
5738216875.0,-43.18863
5738217812.5,-43.18306
5738218750.0,-43.18401
5738219687.5,-43.16357
5738220625.0,-43.13108
5738221562.5,-43.17411
5738222500.0,-43.20187
5738223437.5,-43.16839
5738224375.0,-43.15438
5738225312.5,-43.16376
5738226250.0,-43.17168
5738227187.5,-43.1805
5738228125.0,-43.18743
5738229062.5,-43.19147
5738230000.0,-43.19291
5738230937.5,-43.1517
5738231875.0,-43.17914
5738232812.5,-43.19145
5738233750.0,-43.173
5738234687.5,-43.18255
5738235625.0,-43.16123
5738236562.5,-43.14808
5738237500.0,-43.16489
5738238437.5,-43.16915
5738239375.0,-43.16681
5738240312.5,-43.17702
5738241250.0,-43.15683
5738242187.5,-43.15681
5738243125.0,-43.17789
5738244062.5,-43.17402
5738245000.0,-43.16522
5738245937.5,-43.16837
5738246875.0,-43.16773
5738247812.5,-43.19555
5738248750.0,-43.18045
5738249687.5,-43.15681
5738250625.0,-43.1432
5738251562.5,-43.16674
5738252500.0,-43.14167
5738253437.5,-43.16544
5738254375.0,-43.15206
5738255312.5,-43.14656
5738256250.0,-43.15805
5738257187.5,-43.15821
5738258125.0,-43.1288
5738259062.5,-43.14967
5738260000.0,-43.16091
5738260937.5,-43.1675
5738261875.0,-43.18043
5738262812.5,-43.15363
5738263750.0,-43.14754
5738264687.5,-43.15254
5738265625.0,-43.16172
5738266562.5,-43.18306
5738267500.0,-43.14787
5738268437.5,-43.13966
5738269375.0,-43.15557
5738270312.5,-43.16132
5738271250.0,-43.15911
5738272187.5,-43.16328
5738273125.0,-43.14297
5738274062.5,-43.13447
5738275000.0,-43.13402
5738275937.5,-43.1584
5738276875.0,-43.161
5738277812.5,-43.14835
5738278750.0,-43.17567
5738279687.5,-43.13614
5738280625.0,-43.14096
5738281562.5,-43.16601
5738282500.0,-43.15041
5738283437.5,-43.14129
5738284375.0,-43.16166
5738285312.5,-43.16952
5738286250.0,-43.17649
5738287187.5,-43.15121
5738288125.0,-43.15731
5738289062.5,-43.15044
5738290000.0,-43.15481
5738290937.5,-43.16136
5738291875.0,-43.12877
5738292812.5,-43.15697
5738293750.0,-43.11253
5738294687.5,-43.13628
5738295625.0,-43.13806
5738296562.5,-43.12609
5738297500.0,-43.14127
5738298437.5,-43.14643
5738299375.0,-43.15543
5738300312.5,-43.12254
5738301250.0,-43.11636
5738302187.5,-43.11991
5738303125.0,-43.13474
5738304062.5,-43.11475
5738305000.0,-43.12382
5738305937.5,-43.13815
5738306875.0,-43.12532
5738307812.5,-43.12876
5738308750.0,-43.11623
5738309687.5,-43.11688
5738310625.0,-43.1114
5738311562.5,-43.14562
5738312500.0,-43.11585
5738313437.5,-43.12823
5738314375.0,-43.13507
5738315312.5,-43.11892
5738316250.0,-43.13004
5738317187.5,-43.11998
5738318125.0,-43.13528
5738319062.5,-43.14858
5738320000.0,-43.11826
5738320937.5,-43.14283
5738321875.0,-43.13684
5738322812.5,-43.10431
5738323750.0,-43.15316
5738324687.5,-43.112
5738325625.0,-43.14285
5738326562.5,-43.13953
5738327500.0,-43.15361
5738328437.5,-43.14524
5738329375.0,-43.13721
5738330312.5,-43.12832
5738331250.0,-43.13217
5738332187.5,-43.12817
5738333125.0,-43.13098
5738334062.5,-43.13645
5738335000.0,-43.11195
5738335937.5,-43.12704
5738336875.0,-43.11799
5738337812.5,-43.12283
5738338750.0,-43.12858
5738339687.5,-43.12554
5738340625.0,-43.08303
5738341562.5,-43.12033
5738342500.0,-43.10644
5738343437.5,-43.09981
5738344375.0,-43.1316
5738345312.5,-43.10722
5738346250.0,-43.11938
5738347187.5,-43.1447
5738348125.0,-43.11196
5738349062.5,-43.1123
5738350000.0,-43.09383
5738350937.5,-43.12763
5738351875.0,-43.11431
5738352812.5,-43.10131
5738353750.0,-43.10144
5738354687.5,-43.10104
5738355625.0,-43.08601
5738356562.5,-43.12783
5738357500.0,-43.13875
5738358437.5,-43.11477
5738359375.0,-43.0974
5738360312.5,-43.11346
5738361250.0,-43.09605
5738362187.5,-43.10086
5738363125.0,-43.1068
5738364062.5,-43.09256
5738365000.0,-43.14605
5738365937.5,-43.07119
5738366875.0,-43.09809
5738367812.5,-43.09876
5738368750.0,-43.10196
5738369687.5,-43.11561
5738370625.0,-43.11679
5738371562.5,-43.11522
5738372500.0,-43.13171
5738373437.5,-43.09022
5738374375.0,-43.10187
5738375312.5,-43.1133
5738376250.0,-43.11315
5738377187.5,-43.07495
5738378125.0,-43.11193
5738379062.5,-43.1176
5738380000.0,-43.0945
5738380937.5,-43.08075
5738381875.0,-43.11292
5738382812.5,-43.09762
5738383750.0,-43.10265
5738384687.5,-43.10611
5738385625.0,-43.09022
5738386562.5,-43.07955
5738387500.0,-43.07606
5738388437.5,-43.09717
5738389375.0,-43.11171
5738390312.5,-43.0963
5738391250.0,-43.08521
5738392187.5,-43.05676
5738393125.0,-43.11074
5738394062.5,-43.08864
5738395000.0,-43.11269
5738395937.5,-43.11447
5738396875.0,-43.07198
5738397812.5,-43.0969
5738398750.0,-43.11361
5738399687.5,-43.10659
5738400625.0,-43.10039
5738401562.5,-43.08068
5738402500.0,-43.09153
5738403437.5,-43.10293
5738404375.0,-43.10155
5738405312.5,-43.07032
5738406250.0,-43.09471
5738407187.5,-43.09292
5738408125.0,-43.06912
5738409062.5,-43.09482
5738410000.0,-43.08326
5738410937.5,-43.09018
5738411875.0,-43.10264
5738412812.5,-43.09856
5738413750.0,-43.08891
5738414687.5,-43.08403
5738415625.0,-43.08541
5738416562.5,-43.10943
5738417500.0,-43.08843
5738418437.5,-43.09013
5738419375.0,-43.10941
5738420312.5,-43.08322
5738421250.0,-43.072
5738422187.5,-43.10015
5738423125.0,-43.06115
5738424062.5,-43.08997
5738425000.0,-43.06984
5738425937.5,-43.0939
5738426875.0,-43.09816
5738427812.5,-43.11284
5738428750.0,-43.0761
5738429687.5,-43.0697
5738430625.0,-43.05417
5738431562.5,-43.07634
5738432500.0,-43.07642
5738433437.5,-43.07307
5738434375.0,-43.07088
5738435312.5,-43.05421
5738436250.0,-43.06204
5738437187.5,-43.06812
5738438125.0,-43.09007
5738439062.5,-43.07704
5738440000.0,-43.06591
5738440937.5,-43.08796
5738441875.0,-43.07944
5738442812.5,-43.08971
5738443750.0,-43.06775
5738444687.5,-43.05409
5738445625.0,-43.06367
5738446562.5,-43.07388
5738447500.0,-43.09064
5738448437.5,-43.06576
5738449375.0,-43.04701
5738450312.5,-43.07298
5738451250.0,-43.05714
5738452187.5,-43.05936
5738453125.0,-43.02453
5738454062.5,-43.08903
5738455000.0,-43.08232
5738455937.5,-43.07635
5738456875.0,-43.07029
5738457812.5,-43.03571
5738458750.0,-43.06592
5738459687.5,-43.04276
5738460625.0,-43.08801
5738461562.5,-43.05949
5738462500.0,-43.05584
5738463437.5,-43.06933
5738464375.0,-43.07842
5738465312.5,-43.05172
5738466250.0,-43.06054
5738467187.5,-43.05952
5738468125.0,-43.08275
5738469062.5,-43.07227
5738470000.0,-43.06731
5738470937.5,-43.08162
5738471875.0,-43.04667
5738472812.5,-43.08108
5738473750.0,-43.05036
5738474687.5,-43.0629
5738475625.0,-43.06714
5738476562.5,-43.05962
5738477500.0,-43.04618
5738478437.5,-43.05605
5738479375.0,-43.05178
5738480312.5,-43.0373
5738481250.0,-43.05318
5738482187.5,-43.07346
5738483125.0,-43.04091
5738484062.5,-43.06998
5738485000.0,-43.05099
5738485937.5,-43.07016
5738486875.0,-43.05257
5738487812.5,-43.03656
5738488750.0,-43.03985
5738489687.5,-43.06355
5738490625.0,-43.05744
5738491562.5,-43.0634
5738492500.0,-43.04682
5738493437.5,-43.07229
5738494375.0,-43.04713
5738495312.5,-43.04656
5738496250.0,-43.05851
5738497187.5,-43.05476
5738498125.0,-43.06698
5738499062.5,-43.04492
5738500000.0,-43.04657
5738500937.5,-43.03968
5738501875.0,-43.06435
5738502812.5,-43.04888
5738503750.0,-43.05604
5738504687.5,-43.04465
5738505625.0,-43.035
5738506562.5,-43.04514
5738507500.0,-43.02878
5738508437.5,-43.03387
5738509375.0,-43.03081
5738510312.5,-43.05132
5738511250.0,-43.05472
5738512187.5,-43.04399
5738513125.0,-43.03281
5738514062.5,-43.0311
5738515000.0,-43.05421
5738515937.5,-43.0424
5738516875.0,-43.04586
5738517812.5,-43.05092
5738518750.0,-43.01977
5738519687.5,-43.05049
5738520625.0,-43.02212
5738521562.5,-43.0439
5738522500.0,-43.04413
5738523437.5,-43.03467
5738524375.0,-43.04605
5738525312.5,-43.03055
5738526250.0,-43.03219
5738527187.5,-43.03642
5738528125.0,-43.04178
5738529062.5,-43.05233
5738530000.0,-43.03762
5738530937.5,-43.02664
5738531875.0,-43.01689
5738532812.5,-43.04569
5738533750.0,-43.04836
5738534687.5,-43.02035
5738535625.0,-43.037
5738536562.5,-43.0383
5738537500.0,-43.03272
5738538437.5,-43.00503
5738539375.0,-43.02713
5738540312.5,-42.99195
5738541250.0,-43.01703
5738542187.5,-43.02214
5738543125.0,-43.03693
5738544062.5,-43.00782
5738545000.0,-43.03339
5738545937.5,-43.02043
5738546875.0,-43.03824
5738547812.5,-43.03252
5738548750.0,-43.00396
5738549687.5,-43.03053
5738550625.0,-43.04171
5738551562.5,-43.02843
5738552500.0,-42.99276
5738553437.5,-42.99698
5738554375.0,-43.04031
5738555312.5,-43.03224
5738556250.0,-43.01145
5738557187.5,-43.02513
5738558125.0,-43.02353
5738559062.5,-43.02182
5738560000.0,-43.00632
5738560937.5,-43.02098
5738561875.0,-43.00161
5738562812.5,-43.01141
5738563750.0,-43.02831
5738564687.5,-43.01196
5738565625.0,-43.02453
5738566562.5,-43.03305
5738567500.0,-43.00629
5738568437.5,-43.02745
5738569375.0,-43.05207
5738570312.5,-43.00611
5738571250.0,-43.045
5738572187.5,-43.0219
5738573125.0,-43.02018
5738574062.5,-43.01678
5738575000.0,-43.00568
5738575937.5,-43.02081
5738576875.0,-43.00723
5738577812.5,-43.01913
5738578750.0,-43.00184
5738579687.5,-42.99973
5738580625.0,-43.01421
5738581562.5,-43.02926
5738582500.0,-43.02144
5738583437.5,-43.02274
5738584375.0,-42.98018
5738585312.5,-43.00334
5738586250.0,-42.99276
5738587187.5,-43.00403
5738588125.0,-43.01433
5738589062.5,-42.98632
5738590000.0,-43.02724
5738590937.5,-43.01289
5738591875.0,-43.0137
5738592812.5,-43.00819
5738593750.0,-42.98886
5738594687.5,-43.02341
5738595625.0,-43.01247
5738596562.5,-42.99853
5738597500.0,-42.99894
5738598437.5,-43.01007
5738599375.0,-43.00209
5738600312.5,-43.01745
5738601250.0,-42.98598
5738602187.5,-42.99754
5738603125.0,-43.00018
5738604062.5,-42.97913
5738605000.0,-42.99395
5738605937.5,-42.99371
5738606875.0,-43.00341
5738607812.5,-43.01003
5738608750.0,-42.98822
5738609687.5,-42.97898
5738610625.0,-43.00599
5738611562.5,-42.99521
5738612500.0,-42.97572
5738613437.5,-43.01141
5738614375.0,-42.96563
5738615312.5,-43.00613
5738616250.0,-42.99332
5738617187.5,-42.99318
5738618125.0,-42.98959
5738619062.5,-42.96531
5738620000.0,-43.00035
5738620937.5,-43.00023
5738621875.0,-42.98834
5738622812.5,-42.9868
5738623750.0,-42.98985
5738624687.5,-43.00106
5738625625.0,-42.99954
5738626562.5,-42.96791
5738627500.0,-42.99697
5738628437.5,-42.98136
5738629375.0,-42.96911
5738630312.5,-42.94992
5738631250.0,-42.97014
5738632187.5,-42.97201
5738633125.0,-42.9496
5738634062.5,-42.99559
5738635000.0,-42.99051
5738635937.5,-42.99862
5738636875.0,-42.97699
5738637812.5,-42.97752
5738638750.0,-42.97752
5738639687.5,-42.9669
5738640625.0,-42.99162
5738641562.5,-42.99165
5738642500.0,-42.96757
5738643437.5,-42.97754
5738644375.0,-42.9828
5738645312.5,-42.99133
5738646250.0,-42.98344
5738647187.5,-42.97669
5738648125.0,-42.96729
5738649062.5,-42.99092
5738650000.0,-42.98846
5738650937.5,-42.97596
5738651875.0,-42.96102
5738652812.5,-42.95826
5738653750.0,-42.9723
5738654687.5,-42.95226
5738655625.0,-42.99503
5738656562.5,-42.99994
5738657500.0,-42.97854
5738658437.5,-42.97219
5738659375.0,-42.98124
5738660312.5,-42.96012
5738661250.0,-42.96562
5738662187.5,-42.97818
5738663125.0,-42.97546
5738664062.5,-42.98729
5738665000.0,-42.9496
5738665937.5,-42.96535
5738666875.0,-42.96384
5738667812.5,-42.97861
5738668750.0,-42.98335
5738669687.5,-42.97616
5738670625.0,-42.97507
5738671562.5,-42.96938
5738672500.0,-42.96281
5738673437.5,-42.96679
5738674375.0,-42.95313
5738675312.5,-42.97201
5738676250.0,-42.9625
5738677187.5,-42.95721
5738678125.0,-42.98282
5738679062.5,-42.94941
5738680000.0,-42.94878
5738680937.5,-42.9566
5738681875.0,-42.96754
5738682812.5,-42.95927
5738683750.0,-42.94669
5738684687.5,-42.97026
5738685625.0,-42.99237
5738686562.5,-42.95826
5738687500.0,-42.95449
5738688437.5,-42.95763
5738689375.0,-42.95773
5738690312.5,-42.93306
5738691250.0,-42.96696
5738692187.5,-42.94923
5738693125.0,-42.92287
5738694062.5,-42.97533
5738695000.0,-42.94405
5738695937.5,-42.96992
5738696875.0,-42.95176
5738697812.5,-42.94634
5738698750.0,-42.94228
5738699687.5,-42.95226
5738700625.0,-42.95554
5738701562.5,-42.95863
5738702500.0,-42.96251
5738703437.5,-42.9547
5738704375.0,-42.96321
5738705312.5,-42.92002
5738706250.0,-42.93383
5738707187.5,-42.93698
5738708125.0,-42.92912
5738709062.5,-42.99269
5738710000.0,-42.92141
5738710937.5,-42.93852
5738711875.0,-42.9589
5738712812.5,-42.94622
5738713750.0,-42.95799
5738714687.5,-42.92477
5738715625.0,-42.94603
5738716562.5,-42.94475
5738717500.0,-42.94212
5738718437.5,-42.94947
5738719375.0,-42.95069
5738720312.5,-42.92283
5738721250.0,-42.93002
5738722187.5,-42.96891
5738723125.0,-42.94172
5738724062.5,-42.9374
5738725000.0,-42.90232
5738725937.5,-42.95423
5738726875.0,-42.93644
5738727812.5,-42.9334
5738728750.0,-42.93981
5738729687.5,-42.95076
5738730625.0,-42.96961
5738731562.5,-42.91064
5738732500.0,-42.93552
5738733437.5,-42.97234
5738734375.0,-42.92789
5738735312.5,-42.9358
5738736250.0,-42.95535
5738737187.5,-42.92629
5738738125.0,-42.92894
5738739062.5,-42.9432
5738740000.0,-42.93218
5738740937.5,-42.94014
5738741875.0,-42.9546
5738742812.5,-42.96799
5738743750.0,-42.94915
5738744687.5,-42.94128
5738745625.0,-42.91772
5738746562.5,-42.93137
5738747500.0,-42.95462
5738748437.5,-42.95405
5738749375.0,-42.93631
5738750312.5,-42.95429
5738751250.0,-42.92139
5738752187.5,-42.94125
5738753125.0,-42.95721
5738754062.5,-42.93516
5738755000.0,-42.93224
5738755937.5,-42.90905
5738756875.0,-42.93513
5738757812.5,-42.92211
5738758750.0,-42.92421
5738759687.5,-42.9144
5738760625.0,-42.91646
5738761562.5,-42.91899
5738762500.0,-42.93484
5738763437.5,-42.90705
5738764375.0,-42.91907
5738765312.5,-42.90225
5738766250.0,-42.90709
5738767187.5,-42.92732
5738768125.0,-42.9136
5738769062.5,-42.9162
5738770000.0,-42.91521
5738770937.5,-42.9169
5738771875.0,-42.90556
5738772812.5,-42.92849
5738773750.0,-42.91889
5738774687.5,-42.90196
5738775625.0,-42.91729
5738776562.5,-42.90366
5738777500.0,-42.90926
5738778437.5,-42.8953
5738779375.0,-42.94729
5738780312.5,-42.90021
5738781250.0,-42.90685
5738782187.5,-42.89133
5738783125.0,-42.91582
5738784062.5,-42.91558
5738785000.0,-42.91637
5738785937.5,-42.88811
5738786875.0,-42.94292
5738787812.5,-42.90013
5738788750.0,-42.89411
5738789687.5,-42.92038
5738790625.0,-42.94804
5738791562.5,-42.92933
5738792500.0,-42.89013
5738793437.5,-42.9276
5738794375.0,-42.90202
5738795312.5,-42.91338
5738796250.0,-42.91944
5738797187.5,-42.89797
5738798125.0,-42.90219
5738799062.5,-42.90184
5738800000.0,-42.88124
5738800937.5,-42.92055
5738801875.0,-42.89237
5738802812.5,-42.89824
5738803750.0,-42.9118
5738804687.5,-42.90183
5738805625.0,-42.92479
5738806562.5,-42.88908
5738807500.0,-42.90765
5738808437.5,-42.91026
5738809375.0,-42.89442
5738810312.5,-42.88469
5738811250.0,-42.90702
5738812187.5,-42.89734
5738813125.0,-42.88553
5738814062.5,-42.88778
5738815000.0,-42.90607
5738815937.5,-42.89771
5738816875.0,-42.88853
5738817812.5,-42.88099
5738818750.0,-42.89383
5738819687.5,-42.85693
5738820625.0,-42.88386
5738821562.5,-42.90506
5738822500.0,-42.87829
5738823437.5,-42.89351
5738824375.0,-42.88726
5738825312.5,-42.89496
5738826250.0,-42.87753
5738827187.5,-42.90604
5738828125.0,-42.88475
5738829062.5,-42.87428
5738830000.0,-42.8796
5738830937.5,-42.88563
5738831875.0,-42.90461
5738832812.5,-42.89517
5738833750.0,-42.89987
5738834687.5,-42.89228
5738835625.0,-42.8674
5738836562.5,-42.87772
5738837500.0,-42.88512
5738838437.5,-42.87011
5738839375.0,-42.8863
5738840312.5,-42.8716
5738841250.0,-42.88807
5738842187.5,-42.88948
5738843125.0,-42.87309
5738844062.5,-42.87511
5738845000.0,-42.89536
5738845937.5,-42.88385
5738846875.0,-42.8755
5738847812.5,-42.8787
5738848750.0,-42.87987
5738849687.5,-42.87922
5738850625.0,-42.88862
5738851562.5,-42.88374
5738852500.0,-42.87789
5738853437.5,-42.88171
5738854375.0,-42.87787
5738855312.5,-42.88382
5738856250.0,-42.87143
5738857187.5,-42.86106
5738858125.0,-42.89341
5738859062.5,-42.88094
5738860000.0,-42.8661
5738860937.5,-42.86986
5738861875.0,-42.87799
5738862812.5,-42.86494
5738863750.0,-42.8685
5738864687.5,-42.87166
5738865625.0,-42.88845
5738866562.5,-42.88878
5738867500.0,-42.86756
5738868437.5,-42.88414
5738869375.0,-42.85711
5738870312.5,-42.8676
5738871250.0,-42.85104
5738872187.5,-42.87533
5738873125.0,-42.89146
5738874062.5,-42.89228
5738875000.0,-42.87469
5738875937.5,-42.86243
5738876875.0,-42.87835
5738877812.5,-42.888
5738878750.0,-42.88338
5738879687.5,-42.8476
5738880625.0,-42.85903
5738881562.5,-42.88492
5738882500.0,-42.8878
5738883437.5,-42.86364
5738884375.0,-42.86414
5738885312.5,-42.85409
5738886250.0,-42.8713
5738887187.5,-42.84908
5738888125.0,-42.89424
5738889062.5,-42.88047
5738890000.0,-42.85555
5738890937.5,-42.86228
5738891875.0,-42.87307
5738892812.5,-42.87135
5738893750.0,-42.86714
5738894687.5,-42.8345
5738895625.0,-42.86221
5738896562.5,-42.86634
5738897500.0,-42.85647
5738898437.5,-42.84605
5738899375.0,-42.87077
5738900312.5,-42.85715
5738901250.0,-42.8532
5738902187.5,-42.84614
5738903125.0,-42.84547
5738904062.5,-42.87531
5738905000.0,-42.84276
5738905937.5,-42.85361
5738906875.0,-42.85624
5738907812.5,-42.8681
5738908750.0,-42.86208
5738909687.5,-42.8712
5738910625.0,-42.85196
5738911562.5,-42.83699
5738912500.0,-42.8479
5738913437.5,-42.83645
5738914375.0,-42.83559
5738915312.5,-42.86355
5738916250.0,-42.84207
5738917187.5,-42.83558
5738918125.0,-42.84642
5738919062.5,-42.82586
5738920000.0,-42.85017
5738920937.5,-42.84136
5738921875.0,-42.84374
5738922812.5,-42.83794
5738923750.0,-42.84002
5738924687.5,-42.8606
5738925625.0,-42.84955
5738926562.5,-42.85446
5738927500.0,-42.861
5738928437.5,-42.84716
5738929375.0,-42.84071
5738930312.5,-42.85131
5738931250.0,-42.84509
5738932187.5,-42.83065
5738933125.0,-42.84651
5738934062.5,-42.85026
5738935000.0,-42.82994
5738935937.5,-42.85984
5738936875.0,-42.8317
5738937812.5,-42.82158
5738938750.0,-42.86274
5738939687.5,-42.83978
5738940625.0,-42.82775
5738941562.5,-42.83483
5738942500.0,-42.82795
5738943437.5,-42.84746
5738944375.0,-42.81272
5738945312.5,-42.83136
5738946250.0,-42.82844
5738947187.5,-42.87196
5738948125.0,-42.85084
5738949062.5,-42.81301
5738950000.0,-42.84229
5738950937.5,-42.80214
5738951875.0,-42.83298
5738952812.5,-42.83346
5738953750.0,-42.82092
5738954687.5,-42.848
5738955625.0,-42.84167
5738956562.5,-42.8348
5738957500.0,-42.85318
5738958437.5,-42.83443
5738959375.0,-42.84362
5738960312.5,-42.83253
5738961250.0,-42.83184
5738962187.5,-42.83437
5738963125.0,-42.84067
5738964062.5,-42.81606
5738965000.0,-42.81102
5738965937.5,-42.83655
5738966875.0,-42.81327
5738967812.5,-42.81772
5738968750.0,-42.81215
5738969687.5,-42.81122
5738970625.0,-42.82963
5738971562.5,-42.80341
5738972500.0,-42.80913
5738973437.5,-42.82159
5738974375.0,-42.82558
5738975312.5,-42.813
5738976250.0,-42.82075
5738977187.5,-42.84305
5738978125.0,-42.80972
5738979062.5,-42.8168
5738980000.0,-42.80625
5738980937.5,-42.82634
5738981875.0,-42.81327
5738982812.5,-42.81832
5738983750.0,-42.83265
5738984687.5,-42.81274
5738985625.0,-42.79596
5738986562.5,-42.82687
5738987500.0,-42.8088
5738988437.5,-42.83157
5738989375.0,-42.8243
5738990312.5,-42.82583
5738991250.0,-42.79454
5738992187.5,-42.80917
5738993125.0,-42.81334
5738994062.5,-42.81669
5738995000.0,-42.80421
5738995937.5,-42.80859
5738996875.0,-42.81148
5738997812.5,-42.79752
5738998750.0,-42.80564
5738999687.5,-42.81571
5739000625.0,-42.79694
5739001562.5,-42.80336
5739002500.0,-42.80527
5739003437.5,-42.81401
5739004375.0,-42.79732
5739005312.5,-42.8284
5739006250.0,-42.8105
5739007187.5,-42.81803
5739008125.0,-42.82645
5739009062.5,-42.8165
5739010000.0,-42.80942
5739010937.5,-42.82293
5739011875.0,-42.81018
5739012812.5,-42.79343
5739013750.0,-42.79944
5739014687.5,-42.81426
5739015625.0,-42.78217
5739016562.5,-42.79181
5739017500.0,-42.80167
5739018437.5,-42.80642
5739019375.0,-42.81059
5739020312.5,-42.81443
5739021250.0,-42.81224
5739022187.5,-42.78237
5739023125.0,-42.78414
5739024062.5,-42.79646
5739025000.0,-42.79976
5739025937.5,-42.80101
5739026875.0,-42.78996
5739027812.5,-42.80034
5739028750.0,-42.79108
5739029687.5,-42.80784
5739030625.0,-42.7777
5739031562.5,-42.80404
5739032500.0,-42.80764
5739033437.5,-42.79777
5739034375.0,-42.78731
5739035312.5,-42.78763
5739036250.0,-42.81837
5739037187.5,-42.78903
5739038125.0,-42.82568
5739039062.5,-42.75928
5739040000.0,-42.78008
5739040937.5,-42.82028
5739041875.0,-42.77633
5739042812.5,-42.78472
5739043750.0,-42.79956
5739044687.5,-42.80087
5739045625.0,-42.79887
5739046562.5,-42.80853
5739047500.0,-42.79065
5739048437.5,-42.79807
5739049375.0,-42.80513
5739050312.5,-42.78666
5739051250.0,-42.76799
5739052187.5,-42.79907
5739053125.0,-42.76983
5739054062.5,-42.7923
5739055000.0,-42.76986
5739055937.5,-42.77789
5739056875.0,-42.79272
5739057812.5,-42.7991
5739058750.0,-42.78686
5739059687.5,-42.77673
5739060625.0,-42.78461
5739061562.5,-42.76966
5739062500.0,-42.76612
5739063437.5,-42.77762
5739064375.0,-42.79357
5739065312.5,-42.77478
5739066250.0,-42.78974
5739067187.5,-42.78628
5739068125.0,-42.7803
5739069062.5,-42.76067
5739070000.0,-42.77168
5739070937.5,-42.77482
5739071875.0,-42.76042
5739072812.5,-42.76749
5739073750.0,-42.77975
5739074687.5,-42.77427
5739075625.0,-42.76041
5739076562.5,-42.75803
5739077500.0,-42.76528
5739078437.5,-42.77967
5739079375.0,-42.785
5739080312.5,-42.76508
5739081250.0,-42.75126
5739082187.5,-42.77818
5739083125.0,-42.76116
5739084062.5,-42.76926
5739085000.0,-42.75991
5739085937.5,-42.78849
5739086875.0,-42.8036
5739087812.5,-42.76357
5739088750.0,-42.76747
5739089687.5,-42.78048
5739090625.0,-42.76936
5739091562.5,-42.77245
5739092500.0,-42.77479
5739093437.5,-42.75271
5739094375.0,-42.75521
5739095312.5,-42.75689
5739096250.0,-42.76022
5739097187.5,-42.762
5739098125.0,-42.77099
5739099062.5,-42.77036
5739100000.0,-42.77421
5739100937.5,-42.77372
5739101875.0,-42.76702
5739102812.5,-42.78317
5739103750.0,-42.73994
5739104687.5,-42.76521
5739105625.0,-42.77029
5739106562.5,-42.77938
5739107500.0,-42.76863
5739108437.5,-42.76254
5739109375.0,-42.75235
5739110312.5,-42.78086
5739111250.0,-42.7695
5739112187.5,-42.75524
5739113125.0,-42.74694
5739114062.5,-42.77466
5739115000.0,-42.75027
5739115937.5,-42.76279
5739116875.0,-42.74576
5739117812.5,-42.73243
5739118750.0,-42.74748
5739119687.5,-42.77845
5739120625.0,-42.73477
5739121562.5,-42.76541
5739122500.0,-42.73676
5739123437.5,-42.75062
5739124375.0,-42.73394
5739125312.5,-42.75654
5739126250.0,-42.74304
5739127187.5,-42.75675
5739128125.0,-42.74573
5739129062.5,-42.74097
5739130000.0,-42.74657
5739130937.5,-42.74003
5739131875.0,-42.71663
5739132812.5,-42.75923
5739133750.0,-42.75323
5739134687.5,-42.72547
5739135625.0,-42.75698
5739136562.5,-42.73617
5739137500.0,-42.73089
5739138437.5,-42.74508
5739139375.0,-42.74702
5739140312.5,-42.75019
5739141250.0,-42.75743
5739142187.5,-42.75066
5739143125.0,-42.758
5739144062.5,-42.74469
5739145000.0,-42.70406
5739145937.5,-42.76558
5739146875.0,-42.74476
5739147812.5,-42.76401
5739148750.0,-42.73729
5739149687.5,-42.73512
5739150625.0,-42.73413
5739151562.5,-42.72457
5739152500.0,-42.73711
5739153437.5,-42.71963
5739154375.0,-42.72861
5739155312.5,-42.74217
5739156250.0,-42.73819
5739157187.5,-42.76255
5739158125.0,-42.72843
5739159062.5,-42.7549
5739160000.0,-42.72879
5739160937.5,-42.73304
5739161875.0,-42.72875
5739162812.5,-42.72205
5739163750.0,-42.7228
5739164687.5,-42.75402
5739165625.0,-42.72874
5739166562.5,-42.72883
5739167500.0,-42.72023
5739168437.5,-42.70781
5739169375.0,-42.73616
5739170312.5,-42.70796
5739171250.0,-42.74183
5739172187.5,-42.72219
5739173125.0,-42.71899
5739174062.5,-42.73313
5739175000.0,-42.72574
5739175937.5,-42.72158
5739176875.0,-42.69986
5739177812.5,-42.74158
5739178750.0,-42.69599
5739179687.5,-42.70847
5739180625.0,-42.72424
5739181562.5,-42.74259
5739182500.0,-42.71724
5739183437.5,-42.71904
5739184375.0,-42.73075
5739185312.5,-42.71959
5739186250.0,-42.71882
5739187187.5,-42.68044
5739188125.0,-42.71715
5739189062.5,-42.73049
5739190000.0,-42.7352
5739190937.5,-42.72936
5739191875.0,-42.72112
5739192812.5,-42.72528
5739193750.0,-42.72282
5739194687.5,-42.70615
5739195625.0,-42.69941
5739196562.5,-42.72763
5739197500.0,-42.71604
5739198437.5,-42.73026
5739199375.0,-42.71749
5739200312.5,-42.73785
5739201250.0,-42.71222
5739202187.5,-42.73251
5739203125.0,-42.70742
5739204062.5,-42.69681
5739205000.0,-42.71091
5739205937.5,-42.6984
5739206875.0,-42.70261
5739207812.5,-42.69712
5739208750.0,-42.693
5739209687.5,-42.69905
5739210625.0,-42.68945
5739211562.5,-42.70484
5739212500.0,-42.68289
5739213437.5,-42.72894
5739214375.0,-42.70327
5739215312.5,-42.72218
5739216250.0,-42.69756
5739217187.5,-42.72314
5739218125.0,-42.71159
5739219062.5,-42.69997
5739220000.0,-42.69421
5739220937.5,-42.71961
5739221875.0,-42.68801
5739222812.5,-42.7277
5739223750.0,-42.69615
5739224687.5,-42.70557
5739225625.0,-42.71442
5739226562.5,-42.71186
5739227500.0,-42.68139
5739228437.5,-42.66667
5739229375.0,-42.70868
5739230312.5,-42.70027
5739231250.0,-42.71343
5739232187.5,-42.70619
5739233125.0,-42.69707
5739234062.5,-42.70604
5739235000.0,-42.70449
5739235937.5,-42.71288
5739236875.0,-42.6999
5739237812.5,-42.68837
5739238750.0,-42.68622
5739239687.5,-42.70683
5739240625.0,-42.68867
5739241562.5,-42.70424
5739242500.0,-42.69931
5739243437.5,-42.71034
5739244375.0,-42.72176
5739245312.5,-42.70216
5739246250.0,-42.69184
5739247187.5,-42.68198
5739248125.0,-42.67241
5739249062.5,-42.66686
5739250000.0,-42.68002
5739250937.5,-42.71003
5739251875.0,-42.68694
5739252812.5,-42.69706
5739253750.0,-42.65759
5739254687.5,-42.66163
5739255625.0,-42.66622
5739256562.5,-42.67627
5739257500.0,-42.67604
5739258437.5,-42.68638
5739259375.0,-42.69006
5739260312.5,-42.67366
5739261250.0,-42.68494
5739262187.5,-42.68262
5739263125.0,-42.67642
5739264062.5,-42.69392
5739265000.0,-42.69105
5739265937.5,-42.6977
5739266875.0,-42.67371
5739267812.5,-42.67322
5739268750.0,-42.6834
5739269687.5,-42.68929
5739270625.0,-42.69069
5739271562.5,-42.66372
5739272500.0,-42.67679
5739273437.5,-42.65741
5739274375.0,-42.66154
5739275312.5,-42.69318
5739276250.0,-42.67165
5739277187.5,-42.68952
5739278125.0,-42.66426
5739279062.5,-42.67445
5739280000.0,-42.66339
5739280937.5,-42.68124
5739281875.0,-42.67175
5739282812.5,-42.68211
5739283750.0,-42.6735
5739284687.5,-42.66396
5739285625.0,-42.67747
5739286562.5,-42.66203
5739287500.0,-42.68851
5739288437.5,-42.64952
5739289375.0,-42.66512
5739290312.5,-42.6672
5739291250.0,-42.64119
5739292187.5,-42.6578
5739293125.0,-42.65617
5739294062.5,-42.65146
5739295000.0,-42.66931
5739295937.5,-42.6604
5739296875.0,-42.67409
5739297812.5,-42.64099
5739298750.0,-42.67841
5739299687.5,-42.65583
5739300625.0,-42.68091
5739301562.5,-42.68601
5739302500.0,-42.68258
5739303437.5,-42.67449
5739304375.0,-42.64815
5739305312.5,-42.65786
5739306250.0,-42.63094
5739307187.5,-42.6552
5739308125.0,-42.66106
5739309062.5,-42.67115
5739310000.0,-42.64902
5739310937.5,-42.64041
5739311875.0,-42.6402
5739312812.5,-42.65333
5739313750.0,-42.65088
5739314687.5,-42.6586
5739315625.0,-42.64664
5739316562.5,-42.66384
5739317500.0,-42.6779
5739318437.5,-42.65155
5739319375.0,-42.64807
5739320312.5,-42.635
5739321250.0,-42.64526
5739322187.5,-42.65369
5739323125.0,-42.66607
5739324062.5,-42.64201
5739325000.0,-42.65697
5739325937.5,-42.67288
5739326875.0,-42.651
5739327812.5,-42.64616
5739328750.0,-42.64137
5739329687.5,-42.63271
5739330625.0,-42.64182
5739331562.5,-42.65271
5739332500.0,-42.64425
5739333437.5,-42.63978
5739334375.0,-42.6431
5739335312.5,-42.64133
5739336250.0,-42.66031
5739337187.5,-42.65365
5739338125.0,-42.64845
5739339062.5,-42.65559
5739340000.0,-42.64499
5739340937.5,-42.64547
5739341875.0,-42.63441
5739342812.5,-42.64282
5739343750.0,-42.6455
5739344687.5,-42.64483
5739345625.0,-42.6359
5739346562.5,-42.62773
5739347500.0,-42.62418
5739348437.5,-42.61991
5739349375.0,-42.65464
5739350312.5,-42.63966
5739351250.0,-42.61902
5739352187.5,-42.65971
5739353125.0,-42.62399
5739354062.5,-42.64437
5739355000.0,-42.6333
5739355937.5,-42.62427
5739356875.0,-42.65186
5739357812.5,-42.63069
5739358750.0,-42.66211
5739359687.5,-42.63887
5739360625.0,-42.62412
5739361562.5,-42.63283
5739362500.0,-42.64921
5739363437.5,-42.62294
5739364375.0,-42.61533
5739365312.5,-42.62592
5739366250.0,-42.62632
5739367187.5,-42.6249
5739368125.0,-42.61524
5739369062.5,-42.63584
5739370000.0,-42.62952
5739370937.5,-42.62474
5739371875.0,-42.62124
5739372812.5,-42.63995
5739373750.0,-42.62047
5739374687.5,-42.62488
5739375625.0,-42.63259
5739376562.5,-42.63519
5739377500.0,-42.60503
5739378437.5,-42.63121
5739379375.0,-42.61677
5739380312.5,-42.63704
5739381250.0,-42.64078
5739382187.5,-42.6117
5739383125.0,-42.60936
5739384062.5,-42.63813
5739385000.0,-42.6236
5739385937.5,-42.61884
5739386875.0,-42.6253
5739387812.5,-42.62238
5739388750.0,-42.61225
5739389687.5,-42.62213
5739390625.0,-42.61811
5739391562.5,-42.61736
5739392500.0,-42.61671
5739393437.5,-42.62328
5739394375.0,-42.61264
5739395312.5,-42.62931
5739396250.0,-42.61288
5739397187.5,-42.62491
5739398125.0,-42.62331
5739399062.5,-42.60141
5739400000.0,-42.6168
5739400937.5,-42.6206
5739401875.0,-42.61976
5739402812.5,-42.63267
5739403750.0,-42.59446
5739404687.5,-42.61943
5739405625.0,-42.61087
5739406562.5,-42.62447
5739407500.0,-42.57733
5739408437.5,-42.62536
5739409375.0,-42.61237
5739410312.5,-42.62954
5739411250.0,-42.61358
5739412187.5,-42.61251
5739413125.0,-42.60244
5739414062.5,-42.59977
5739415000.0,-42.60706
5739415937.5,-42.60469
5739416875.0,-42.59159
5739417812.5,-42.62931
5739418750.0,-42.60997
5739419687.5,-42.58466
5739420625.0,-42.61028
5739421562.5,-42.6118
5739422500.0,-42.59396
5739423437.5,-42.59581
5739424375.0,-42.60539
5739425312.5,-42.58986
5739426250.0,-42.61499
5739427187.5,-42.60226
5739428125.0,-42.59454
5739429062.5,-42.59195
5739430000.0,-42.60449
5739430937.5,-42.60407
5739431875.0,-42.61416
5739432812.5,-42.5961
5739433750.0,-42.59972
5739434687.5,-42.59504
5739435625.0,-42.56686
5739436562.5,-42.60511
5739437500.0,-42.58766
5739438437.5,-42.59907
5739439375.0,-42.5831
5739440312.5,-42.58631
5739441250.0,-42.60521
5739442187.5,-42.58432
5739443125.0,-42.57359
5739444062.5,-42.59814
5739445000.0,-42.56982
5739445937.5,-42.589
5739446875.0,-42.58444
5739447812.5,-42.59357
5739448750.0,-42.58438
5739449687.5,-42.59485
5739450625.0,-42.59159
5739451562.5,-42.60055
5739452500.0,-42.57609
5739453437.5,-42.58682
5739454375.0,-42.57261
5739455312.5,-42.60731
5739456250.0,-42.57125
5739457187.5,-42.57574
5739458125.0,-42.59023
5739459062.5,-42.60332
5739460000.0,-42.57689
5739460937.5,-42.55764
5739461875.0,-42.57696
5739462812.5,-42.58106
5739463750.0,-42.56298
5739464687.5,-42.59192
5739465625.0,-42.60089
5739466562.5,-42.60246
5739467500.0,-42.56704
5739468437.5,-42.5788
5739469375.0,-42.58178
5739470312.5,-42.59095
5739471250.0,-42.56598
5739472187.5,-42.59594
5739473125.0,-42.58011
5739474062.5,-42.58575
5739475000.0,-42.58253
5739475937.5,-42.59378
5739476875.0,-42.58305
5739477812.5,-42.58432
5739478750.0,-42.56039
5739479687.5,-42.58025
5739480625.0,-42.56887
5739481562.5,-42.56799
5739482500.0,-42.57691
5739483437.5,-42.56843
5739484375.0,-42.56166
5739485312.5,-42.57198
5739486250.0,-42.58352
5739487187.5,-42.56956
5739488125.0,-42.56051
5739489062.5,-42.54744
5739490000.0,-42.55238
5739490937.5,-42.5502
5739491875.0,-42.57283
5739492812.5,-42.58721
5739493750.0,-42.59664
5739494687.5,-42.57358
5739495625.0,-42.56731
5739496562.5,-42.55618
5739497500.0,-42.5652
5739498437.5,-42.56441
5739499375.0,-42.55539
5739500312.5,-42.56807
5739501250.0,-42.55343
5739502187.5,-42.53821
5739503125.0,-42.57789
5739504062.5,-42.56443
5739505000.0,-42.54841
5739505937.5,-42.5689
5739506875.0,-42.56207
5739507812.5,-42.56262
5739508750.0,-42.55745
5739509687.5,-42.57127
5739510625.0,-42.56446
5739511562.5,-42.56047
5739512500.0,-42.54856
5739513437.5,-42.58545
5739514375.0,-42.57499
5739515312.5,-42.57761
5739516250.0,-42.55963
5739517187.5,-42.55825
5739518125.0,-42.56917
5739519062.5,-42.54842
5739520000.0,-42.56882
5739520937.5,-42.55645
5739521875.0,-42.5605
5739522812.5,-42.53626
5739523750.0,-42.52701
5739524687.5,-42.54503
5739525625.0,-42.53903
5739526562.5,-42.52813
5739527500.0,-42.56116
5739528437.5,-42.554
5739529375.0,-42.55965
5739530312.5,-42.53635
5739531250.0,-42.54734
5739532187.5,-42.54253
5739533125.0,-42.52824
5739534062.5,-42.54142
5739535000.0,-42.57245
5739535937.5,-42.53114
5739536875.0,-42.55119
5739537812.5,-42.52792
5739538750.0,-42.54644
5739539687.5,-42.56638
5739540625.0,-42.5625
5739541562.5,-42.56743
5739542500.0,-42.52725
5739543437.5,-42.54074
5739544375.0,-42.52068
5739545312.5,-42.56202
5739546250.0,-42.55033
5739547187.5,-42.52567
5739548125.0,-42.55528
5739549062.5,-42.53157
5739550000.0,-42.52668
5739550937.5,-42.53726
5739551875.0,-42.56346
5739552812.5,-42.53739
5739553750.0,-42.54789
5739554687.5,-42.54694
5739555625.0,-42.53793
5739556562.5,-42.51987
5739557500.0,-42.55032
5739558437.5,-42.54643
5739559375.0,-42.53198
5739560312.5,-42.53993
5739561250.0,-42.53025
5739562187.5,-42.54274
5739563125.0,-42.52699
5739564062.5,-42.53355
5739565000.0,-42.53044
5739565937.5,-42.53835
5739566875.0,-42.52388
5739567812.5,-42.52749
5739568750.0,-42.52369
5739569687.5,-42.54308
5739570625.0,-42.52868
5739571562.5,-42.50689
5739572500.0,-42.52732
5739573437.5,-42.52805
5739574375.0,-42.52239
5739575312.5,-42.51953
5739576250.0,-42.5317
5739577187.5,-42.51213
5739578125.0,-42.5459
5739579062.5,-42.51482
5739580000.0,-42.51151
5739580937.5,-42.51875
5739581875.0,-42.5111
5739582812.5,-42.51398
5739583750.0,-42.53432
5739584687.5,-42.53358
5739585625.0,-42.51028
5739586562.5,-42.52586
5739587500.0,-42.53358
5739588437.5,-42.52409
5739589375.0,-42.52587
5739590312.5,-42.50613
5739591250.0,-42.48609
5739592187.5,-42.51756
5739593125.0,-42.52728
5739594062.5,-42.51274
5739595000.0,-42.50207
5739595937.5,-42.51982
5739596875.0,-42.51205
5739597812.5,-42.5343
5739598750.0,-42.51523
5739599687.5,-42.54456
5739600625.0,-42.53206
5739601562.5,-42.51317
5739602500.0,-42.51395
5739603437.5,-42.49963
5739604375.0,-42.49502
5739605312.5,-42.50177
5739606250.0,-42.51463
5739607187.5,-42.50894
5739608125.0,-42.51229
5739609062.5,-42.52344
5739610000.0,-42.51768
5739610937.5,-42.51347
5739611875.0,-42.50274
5739612812.5,-42.50875
5739613750.0,-42.50185
5739614687.5,-42.46724
5739615625.0,-42.5189
5739616562.5,-42.47775
5739617500.0,-42.49673
5739618437.5,-42.481
5739619375.0,-42.51954
5739620312.5,-42.48916
5739621250.0,-42.50447
5739622187.5,-42.50127
5739623125.0,-42.50238
5739624062.5,-42.49774
5739625000.0,-42.49831
5739625937.5,-42.50919
5739626875.0,-42.49181
5739627812.5,-42.5171
5739628750.0,-42.49985
5739629687.5,-42.50084
5739630625.0,-42.51682
5739631562.5,-42.48941
5739632500.0,-42.5128
5739633437.5,-42.50872
5739634375.0,-42.49769
5739635312.5,-42.47075
5739636250.0,-42.49689
5739637187.5,-42.48404
5739638125.0,-42.50423
5739639062.5,-42.49713
5739640000.0,-42.50478
5739640937.5,-42.47229
5739641875.0,-42.4782
5739642812.5,-42.50035
5739643750.0,-42.47964
5739644687.5,-42.50331
5739645625.0,-42.50362
5739646562.5,-42.48297
5739647500.0,-42.48568
5739648437.5,-42.49022
5739649375.0,-42.48524
5739650312.5,-42.50108
5739651250.0,-42.48314
5739652187.5,-42.47978
5739653125.0,-42.51192
5739654062.5,-42.49197
5739655000.0,-42.48604
5739655937.5,-42.48771
5739656875.0,-42.4789
5739657812.5,-42.51387
5739658750.0,-42.47431
5739659687.5,-42.47625
5739660625.0,-42.48632
5739661562.5,-42.46972
5739662500.0,-42.48796
5739663437.5,-42.48787
5739664375.0,-42.50679
5739665312.5,-42.46191
5739666250.0,-42.45281
5739667187.5,-42.47827
5739668125.0,-42.48
5739669062.5,-42.44618
5739670000.0,-42.4805
5739670937.5,-42.49199
5739671875.0,-42.48591
5739672812.5,-42.46779
5739673750.0,-42.47294
5739674687.5,-42.4744
5739675625.0,-42.45598
5739676562.5,-42.47165
5739677500.0,-42.4631
5739678437.5,-42.48733
5739679375.0,-42.46829
5739680312.5,-42.48162
5739681250.0,-42.47453
5739682187.5,-42.48639
5739683125.0,-42.45523
5739684062.5,-42.47772
5739685000.0,-42.46285
5739685937.5,-42.44036
5739686875.0,-42.4711
5739687812.5,-42.47747
5739688750.0,-42.4744
5739689687.5,-42.47663
5739690625.0,-42.46284
5739691562.5,-42.49062
5739692500.0,-42.45907
5739693437.5,-42.45598
5739694375.0,-42.43893
5739695312.5,-42.47019
5739696250.0,-42.44963
5739697187.5,-42.47198
5739698125.0,-42.45981
5739699062.5,-42.47901
5739700000.0,-42.47515
5739700937.5,-42.45
5739701875.0,-42.45311
5739702812.5,-42.45876
5739703750.0,-42.46161
5739704687.5,-42.45008
5739705625.0,-42.46502
5739706562.5,-42.46353
5739707500.0,-42.47911
5739708437.5,-42.44067
5739709375.0,-42.43629
5739710312.5,-42.47944
5739711250.0,-42.45873
5739712187.5,-42.46013
5739713125.0,-42.45982
5739714062.5,-42.47198
5739715000.0,-42.45392
5739715937.5,-42.44746
5739716875.0,-42.45738
5739717812.5,-42.43677
5739718750.0,-42.44036
5739719687.5,-42.44618
5739720625.0,-42.44627
5739721562.5,-42.45799
5739722500.0,-42.47215
5739723437.5,-42.45485
5739724375.0,-42.44565
5739725312.5,-42.4845
5739726250.0,-42.44632
5739727187.5,-42.43551
5739728125.0,-42.45287
5739729062.5,-42.45389
5739730000.0,-42.44501
5739730937.5,-42.41805
5739731875.0,-42.44158
5739732812.5,-42.45838
5739733750.0,-42.45427
5739734687.5,-42.47178
5739735625.0,-42.46484
5739736562.5,-42.4354
5739737500.0,-42.43365
5739738437.5,-42.45189
5739739375.0,-42.43261
5739740312.5,-42.43898
5739741250.0,-42.4249
5739742187.5,-42.41314
5739743125.0,-42.45757
5739744062.5,-42.44239
5739745000.0,-42.45335
5739745937.5,-42.44538
5739746875.0,-42.44598
5739747812.5,-42.43921
5739748750.0,-42.46419
5739749687.5,-42.45062
5739750625.0,-42.45362
5739751562.5,-42.44456
5739752500.0,-42.46374
5739753437.5,-42.44455
5739754375.0,-42.44194
5739755312.5,-42.39639
5739756250.0,-42.43074
5739757187.5,-42.4604
5739758125.0,-42.41854
5739759062.5,-42.4328
5739760000.0,-42.43269
5739760937.5,-42.43217
5739761875.0,-42.44263
5739762812.5,-42.43216
5739763750.0,-42.42099
5739764687.5,-42.43179
5739765625.0,-42.44489
5739766562.5,-42.4344
5739767500.0,-42.44433
5739768437.5,-42.42048
5739769375.0,-42.42312
5739770312.5,-42.44014
5739771250.0,-42.40779
5739772187.5,-42.41791
5739773125.0,-42.43031
5739774062.5,-42.44846
5739775000.0,-42.42892
5739775937.5,-42.40274
5739776875.0,-42.39839
5739777812.5,-42.42214
5739778750.0,-42.43345
5739779687.5,-42.41733
5739780625.0,-42.42995
5739781562.5,-42.42848
5739782500.0,-42.43087
5739783437.5,-42.44037
5739784375.0,-42.42579
5739785312.5,-42.41637
5739786250.0,-42.41232
5739787187.5,-42.42246
5739788125.0,-42.41833
5739789062.5,-42.42527
5739790000.0,-42.40292
5739790937.5,-42.42223
5739791875.0,-42.41241
5739792812.5,-42.42057
5739793750.0,-42.39814
5739794687.5,-42.40911
5739795625.0,-42.43819
5739796562.5,-42.41976
5739797500.0,-42.42342
5739798437.5,-42.42206
5739799375.0,-42.38678
5739800312.5,-42.41617
5739801250.0,-42.39075
5739802187.5,-42.43205
5739803125.0,-42.40706
5739804062.5,-42.39501
5739805000.0,-42.40832
5739805937.5,-42.41638
5739806875.0,-42.41176
5739807812.5,-42.41659
5739808750.0,-42.41986
5739809687.5,-42.42035
5739810625.0,-42.40706
5739811562.5,-42.38448
5739812500.0,-42.42232
5739813437.5,-42.40281
5739814375.0,-42.42254
5739815312.5,-42.39826
5739816250.0,-42.39764
5739817187.5,-42.41999
5739818125.0,-42.39956
5739819062.5,-42.40252
5739820000.0,-42.37082
5739820937.5,-42.39989
5739821875.0,-42.41954
5739822812.5,-42.40461
5739823750.0,-42.38858
5739824687.5,-42.38749
5739825625.0,-42.40908
5739826562.5,-42.40284
5739827500.0,-42.40477
5739828437.5,-42.40396
5739829375.0,-42.39492
5739830312.5,-42.41814
5739831250.0,-42.40883
5739832187.5,-42.41676
5739833125.0,-42.39039
5739834062.5,-42.3801
5739835000.0,-42.38676
5739835937.5,-42.38657
5739836875.0,-42.387
5739837812.5,-42.39249
5739838750.0,-42.3875
5739839687.5,-42.38734
5739840625.0,-42.39894
5739841562.5,-42.38966
5739842500.0,-42.37846
5739843437.5,-42.3882
5739844375.0,-42.40851
5739845312.5,-42.36257
5739846250.0,-42.38899
5739847187.5,-42.39706
5739848125.0,-42.37315
5739849062.5,-42.37246
5739850000.0,-42.38916
5739850937.5,-42.38432
5739851875.0,-42.39907
5739852812.5,-42.39193
5739853750.0,-42.38793
5739854687.5,-42.39771
5739855625.0,-42.38269
5739856562.5,-42.37075
5739857500.0,-42.38357
5739858437.5,-42.37471
5739859375.0,-42.37284
5739860312.5,-42.38824
5739861250.0,-42.39346
5739862187.5,-42.36221
5739863125.0,-42.39077
5739864062.5,-42.38395
5739865000.0,-42.39346
5739865937.5,-42.40508
5739866875.0,-42.36687
5739867812.5,-42.38511
5739868750.0,-42.3861
5739869687.5,-42.37085
5739870625.0,-42.38398
5739871562.5,-42.38382
5739872500.0,-42.38091
5739873437.5,-42.38142
5739874375.0,-42.39128
5739875312.5,-42.33717
5739876250.0,-42.38161
5739877187.5,-42.36463
5739878125.0,-42.39653
5739879062.5,-42.38379
5739880000.0,-42.37415
5739880937.5,-42.3678
5739881875.0,-42.35641
5739882812.5,-42.37077
5739883750.0,-42.36785
5739884687.5,-42.38204
5739885625.0,-42.37571
5739886562.5,-42.37565
5739887500.0,-42.38735
5739888437.5,-42.36166
5739889375.0,-42.34811
5739890312.5,-42.35605
5739891250.0,-42.37688
5739892187.5,-42.36895
5739893125.0,-42.36022
5739894062.5,-42.36768
5739895000.0,-42.36606
5739895937.5,-42.36254
5739896875.0,-42.37401
5739897812.5,-42.33231
5739898750.0,-42.35371
5739899687.5,-42.35712
5739900625.0,-42.35671
5739901562.5,-42.36487
5739902500.0,-42.356
5739903437.5,-42.35841
5739904375.0,-42.3591
5739905312.5,-42.35994
5739906250.0,-42.33836
5739907187.5,-42.35932
5739908125.0,-42.35475
5739909062.5,-42.35185
5739910000.0,-42.34368
5739910937.5,-42.33515
5739911875.0,-42.36888
5739912812.5,-42.35068
5739913750.0,-42.36841
5739914687.5,-42.3302
5739915625.0,-42.34561
5739916562.5,-42.3489
5739917500.0,-42.34803
5739918437.5,-42.33526
5739919375.0,-42.35521
5739920312.5,-42.36137
5739921250.0,-42.34883
5739922187.5,-42.34081
5739923125.0,-42.36714
5739924062.5,-42.35909
5739925000.0,-42.3327
5739925937.5,-42.34994
5739926875.0,-42.34246
5739927812.5,-42.34955
5739928750.0,-42.34087
5739929687.5,-42.34939
5739930625.0,-42.3501
5739931562.5,-42.34497
5739932500.0,-42.37854
5739933437.5,-42.3387
5739934375.0,-42.35562
5739935312.5,-42.32504
5739936250.0,-42.35873
5739937187.5,-42.33135
5739938125.0,-42.34017
5739939062.5,-42.34465
5739940000.0,-42.33281
5739940937.5,-42.34286
5739941875.0,-42.34481
5739942812.5,-42.3271
5739943750.0,-42.33504
5739944687.5,-42.31781
5739945625.0,-42.3505
5739946562.5,-42.31608
5739947500.0,-42.33297
5739948437.5,-42.35499
5739949375.0,-42.34426
5739950312.5,-42.34531
5739951250.0,-42.35668
5739952187.5,-42.31512
5739953125.0,-42.34549
5739954062.5,-42.34116
5739955000.0,-42.35342
5739955937.5,-42.33637
5739956875.0,-42.35208
5739957812.5,-42.3372
5739958750.0,-42.32381
5739959687.5,-42.30946
5739960625.0,-42.33484
5739961562.5,-42.35264
5739962500.0,-42.3166
5739963437.5,-42.31994
5739964375.0,-42.3517
5739965312.5,-42.35665
5739966250.0,-42.30628
5739967187.5,-42.325
5739968125.0,-42.34114
5739969062.5,-42.31942
5739970000.0,-42.31886
5739970937.5,-42.33604
5739971875.0,-42.34508
5739972812.5,-42.31894
5739973750.0,-42.3231
5739974687.5,-42.32545
5739975625.0,-42.31227
5739976562.5,-42.34449
5739977500.0,-42.32748
5739978437.5,-42.31894
5739979375.0,-42.31632
5739980312.5,-42.33298
5739981250.0,-42.32076
5739982187.5,-42.30443
5739983125.0,-42.32978
5739984062.5,-42.31061
5739985000.0,-42.32655
5739985937.5,-42.31963
5739986875.0,-42.3119
5739987812.5,-42.31986
5739988750.0,-42.32034
5739989687.5,-42.3286
5739990625.0,-42.3337
5739991562.5,-42.29643
5739992500.0,-42.29225
5739993437.5,-42.31069
5739994375.0,-42.31448
5739995312.5,-42.29295
5739996250.0,-42.31822
5739997187.5,-42.30038
5739998125.0,-42.29628
5739999062.5,-42.30841
5740000000.0,-42.30396
5740000937.5,-42.31588
5740001875.0,-42.28954
5740002812.5,-42.31372
5740003750.0,-42.30898
5740004687.5,-42.31887
5740005625.0,-42.31291
5740006562.5,-42.29867
5740007500.0,-42.31986
5740008437.5,-42.31696
5740009375.0,-42.29285
5740010312.5,-42.3038
5740011250.0,-42.31364
5740012187.5,-42.29936
5740013125.0,-42.30675
5740014062.5,-42.2888
5740015000.0,-42.29556
5740015937.5,-42.31437
5740016875.0,-42.28931
5740017812.5,-42.30016
5740018750.0,-42.31158
5740019687.5,-42.2837
5740020625.0,-42.31259
5740021562.5,-42.29003
5740022500.0,-42.29432
5740023437.5,-42.28892
5740024375.0,-42.29758
5740025312.5,-42.27817
5740026250.0,-42.30207
5740027187.5,-42.30608
5740028125.0,-42.28811
5740029062.5,-42.28069
5740030000.0,-42.29167
5740030937.5,-42.29297
5740031875.0,-42.30748
5740032812.5,-42.29585
5740033750.0,-42.29382
5740034687.5,-42.28145
5740035625.0,-42.27402
5740036562.5,-42.28483
5740037500.0,-42.29206
5740038437.5,-42.29189
5740039375.0,-42.29383
5740040312.5,-42.28775
5740041250.0,-42.27515
5740042187.5,-42.29959
5740043125.0,-42.29568
5740044062.5,-42.26665
5740045000.0,-42.30602
5740045937.5,-42.28742
5740046875.0,-42.27942
5740047812.5,-42.29101
5740048750.0,-42.27235
5740049687.5,-42.28733
5740050625.0,-42.28886
5740051562.5,-42.27158
5740052500.0,-42.29179
5740053437.5,-42.29591
5740054375.0,-42.29833
5740055312.5,-42.29443
5740056250.0,-42.28569
5740057187.5,-42.28517
5740058125.0,-42.27861
5740059062.5,-42.2882
5740060000.0,-42.28416
5740060937.5,-42.27103
5740061875.0,-42.27139
5740062812.5,-42.29745
5740063750.0,-42.29376
5740064687.5,-42.29221
5740065625.0,-42.27915
5740066562.5,-42.27478
5740067500.0,-42.24816
5740068437.5,-42.29986
5740069375.0,-42.29471
5740070312.5,-42.27293
5740071250.0,-42.24594
5740072187.5,-42.27589
5740073125.0,-42.28257
5740074062.5,-42.27915
5740075000.0,-42.27167
5740075937.5,-42.28417
5740076875.0,-42.28537
5740077812.5,-42.25698
5740078750.0,-42.28061
5740079687.5,-42.28746
5740080625.0,-42.27412
5740081562.5,-42.29628
5740082500.0,-42.27191
5740083437.5,-42.26019
5740084375.0,-42.25644
5740085312.5,-42.27739
5740086250.0,-42.25713
5740087187.5,-42.25564
5740088125.0,-42.25772
5740089062.5,-42.27663
5740090000.0,-42.25399
5740090937.5,-42.26914
5740091875.0,-42.2757
5740092812.5,-42.27452
5740093750.0,-42.27174
5740094687.5,-42.26208
5740095625.0,-42.24903
5740096562.5,-42.26214
5740097500.0,-42.27539
5740098437.5,-42.24768
5740099375.0,-42.24231
5740100312.5,-42.27322
5740101250.0,-42.24471
5740102187.5,-42.25607
5740103125.0,-42.2493
5740104062.5,-42.24149
5740105000.0,-42.27386
5740105937.5,-42.26675
5740106875.0,-42.25288
5740107812.5,-42.25185
5740108750.0,-42.24916
5740109687.5,-42.26534
5740110625.0,-42.23968
5740111562.5,-42.26328
5740112500.0,-42.26179
5740113437.5,-42.2532
5740114375.0,-42.24491
5740115312.5,-42.23606
5740116250.0,-42.23125
5740117187.5,-42.26257
5740118125.0,-42.26346
5740119062.5,-42.25451
5740120000.0,-42.23535
5740120937.5,-42.2737
5740121875.0,-42.24659
5740122812.5,-42.22899
5740123750.0,-42.24913
5740124687.5,-42.22316
5740125625.0,-42.23315
5740126562.5,-42.22854
5740127500.0,-42.23272
5740128437.5,-42.25089
5740129375.0,-42.25681
5740130312.5,-42.24117
5740131250.0,-42.25232
5740132187.5,-42.24231
5740133125.0,-42.2435
5740134062.5,-42.2166
5740135000.0,-42.22937
5740135937.5,-42.26453
5740136875.0,-42.25112
5740137812.5,-42.2582
5740138750.0,-42.24665
5740139687.5,-42.26249
5740140625.0,-42.24676
5740141562.5,-42.21566
5740142500.0,-42.21945
5740143437.5,-42.23069
5740144375.0,-42.23246
5740145312.5,-42.2583
5740146250.0,-42.21812
5740147187.5,-42.23619
5740148125.0,-42.23094
5740149062.5,-42.25576
5740150000.0,-42.22792
5740150937.5,-42.22206
5740151875.0,-42.21237
5740152812.5,-42.24172
5740153750.0,-42.23063
5740154687.5,-42.2162
5740155625.0,-42.23409
5740156562.5,-42.23835
5740157500.0,-42.23703
5740158437.5,-42.21807
5740159375.0,-42.22836
5740160312.5,-42.24022
5740161250.0,-42.20995
5740162187.5,-42.23267
5740163125.0,-42.23178
5740164062.5,-42.21997
5740165000.0,-42.24232
5740165937.5,-42.22661
5740166875.0,-42.20432
5740167812.5,-42.23284
5740168750.0,-42.21526
5740169687.5,-42.23469
5740170625.0,-42.23169
5740171562.5,-42.23109
5740172500.0,-42.21088
5740173437.5,-42.23344
5740174375.0,-42.22667
5740175312.5,-42.20398
5740176250.0,-42.21701
5740177187.5,-42.22716
5740178125.0,-42.21398
5740179062.5,-42.20673
5740180000.0,-42.21686
5740180937.5,-42.22406
5740181875.0,-42.19693
5740182812.5,-42.2169
5740183750.0,-42.24031
5740184687.5,-42.22732
5740185625.0,-42.18964
5740186562.5,-42.201
5740187500.0,-42.20612
5740188437.5,-42.21637
5740189375.0,-42.24676
5740190312.5,-42.21243
5740191250.0,-42.20851
5740192187.5,-42.207
5740193125.0,-42.16838
5740194062.5,-42.23077
5740195000.0,-42.20528
5740195937.5,-42.22672
5740196875.0,-42.20303
5740197812.5,-42.2015
5740198750.0,-42.20766
5740199687.5,-42.18769
5740200625.0,-42.19828
5740201562.5,-42.21377
5740202500.0,-42.19602
5740203437.5,-42.19946
5740204375.0,-42.19758
5740205312.5,-42.20623
5740206250.0,-42.19038
5740207187.5,-42.19754
5740208125.0,-42.20431
5740209062.5,-42.22224
5740210000.0,-42.21934
5740210937.5,-42.21456
5740211875.0,-42.1784
5740212812.5,-42.20614
5740213750.0,-42.19638
5740214687.5,-42.20171
5740215625.0,-42.18384
5740216562.5,-42.19397
5740217500.0,-42.20361
5740218437.5,-42.2034
5740219375.0,-42.17211
5740220312.5,-42.19043
5740221250.0,-42.19502
5740222187.5,-42.17788
5740223125.0,-42.2034
5740224062.5,-42.19726
5740225000.0,-42.17753
5740225937.5,-42.19146
5740226875.0,-42.18265
5740227812.5,-42.19442
5740228750.0,-42.19025
5740229687.5,-42.19122
5740230625.0,-42.21029
5740231562.5,-42.20543
5740232500.0,-42.1905
5740233437.5,-42.19398
5740234375.0,-42.19272
5740235312.5,-42.19812
5740236250.0,-42.20665
5740237187.5,-42.19167
5740238125.0,-42.15805
5740239062.5,-42.17587
5740240000.0,-42.21147
5740240937.5,-42.18633
5740241875.0,-42.18377
5740242812.5,-42.20474
5740243750.0,-42.19208
5740244687.5,-42.19043
5740245625.0,-42.19324
5740246562.5,-42.19913
5740247500.0,-42.18841
5740248437.5,-42.18876
5740249375.0,-42.18636
5740250312.5,-42.19095
5740251250.0,-42.1722
5740252187.5,-42.16995
5740253125.0,-42.17364
5740254062.5,-42.18915
5740255000.0,-42.17682
5740255937.5,-42.18246
5740256875.0,-42.18423
5740257812.5,-42.18272
5740258750.0,-42.18207
5740259687.5,-42.18917
5740260625.0,-42.1801
5740261562.5,-42.16472
5740262500.0,-42.17223
5740263437.5,-42.17896
5740264375.0,-42.14431
5740265312.5,-42.15661
5740266250.0,-42.17875
5740267187.5,-42.17108
5740268125.0,-42.15244
5740269062.5,-42.18215
5740270000.0,-42.1576
5740270937.5,-42.14478
5740271875.0,-42.17869
5740272812.5,-42.19851
5740273750.0,-42.15111
5740274687.5,-42.15907
5740275625.0,-42.15528
5740276562.5,-42.17856
5740277500.0,-42.14189
5740278437.5,-42.16756
5740279375.0,-42.16106
5740280312.5,-42.17356
5740281250.0,-42.16766
5740282187.5,-42.15617
5740283125.0,-42.15823
5740284062.5,-42.14371
5740285000.0,-42.15382
5740285937.5,-42.14258
5740286875.0,-42.16751
5740287812.5,-42.16322
5740288750.0,-42.13699
5740289687.5,-42.1707
5740290625.0,-42.14967
5740291562.5,-42.17309
5740292500.0,-42.14552
5740293437.5,-42.14671
5740294375.0,-42.13766
5740295312.5,-42.15101
5740296250.0,-42.14975
5740297187.5,-42.1513
5740298125.0,-42.18708
5740299062.5,-42.16425
5740300000.0,-42.15823
5740300937.5,-42.14002
5740301875.0,-42.16676
5740302812.5,-42.15267
5740303750.0,-42.14417
5740304687.5,-42.16418
5740305625.0,-42.14163
5740306562.5,-42.1468
5740307500.0,-42.16784
5740308437.5,-42.16629
5740309375.0,-42.1446
5740310312.5,-42.13451
5740311250.0,-42.14582
5740312187.5,-42.17842
5740313125.0,-42.1495
5740314062.5,-42.17382
5740315000.0,-42.15206
5740315937.5,-42.16724
5740316875.0,-42.13504
5740317812.5,-42.16977
5740318750.0,-42.12999
5740319687.5,-42.14562
5740320625.0,-42.12255
5740321562.5,-42.14064
5740322500.0,-42.13976
5740323437.5,-42.13601
5740324375.0,-42.151
5740325312.5,-42.14557
5740326250.0,-42.16135
5740327187.5,-42.13248
5740328125.0,-42.15436
5740329062.5,-42.127
5740330000.0,-42.14278
5740330937.5,-42.13557
5740331875.0,-42.15356
5740332812.5,-42.14156
5740333750.0,-42.14677
5740334687.5,-42.14064
5740335625.0,-42.12576
5740336562.5,-42.14298
5740337500.0,-42.14622
5740338437.5,-42.14164
5740339375.0,-42.1438
5740340312.5,-42.12917
5740341250.0,-42.14206
5740342187.5,-42.14079
5740343125.0,-42.12418
5740344062.5,-42.15224
5740345000.0,-42.13509
5740345937.5,-42.15199
5740346875.0,-42.12508
5740347812.5,-42.12957
5740348750.0,-42.13063
5740349687.5,-42.13264
5740350625.0,-42.11742
5740351562.5,-42.11781
5740352500.0,-42.13271
5740353437.5,-42.11428
5740354375.0,-42.13374
5740355312.5,-42.13459
5740356250.0,-42.13044
5740357187.5,-42.0944
5740358125.0,-42.11757
5740359062.5,-42.12413
5740360000.0,-42.12735
5740360937.5,-42.12418
5740361875.0,-42.13745
5740362812.5,-42.11488
5740363750.0,-42.12452
5740364687.5,-42.12475
5740365625.0,-42.11615
5740366562.5,-42.11695
5740367500.0,-42.1107
5740368437.5,-42.13071
5740369375.0,-42.10859
5740370312.5,-42.14393
5740371250.0,-42.11782
5740372187.5,-42.0922
5740373125.0,-42.1385
5740374062.5,-42.11755
5740375000.0,-42.12368
5740375937.5,-42.09605
5740376875.0,-42.11426
5740377812.5,-42.1016
5740378750.0,-42.12894
5740379687.5,-42.11249
5740380625.0,-42.09782
5740381562.5,-42.11085
5740382500.0,-42.1081
5740383437.5,-42.12202
5740384375.0,-42.10974
5740385312.5,-42.10127
5740386250.0,-42.12151
5740387187.5,-42.09841
5740388125.0,-42.11823
5740389062.5,-42.11564
5740390000.0,-42.10371
5740390937.5,-42.10994
5740391875.0,-42.12171
5740392812.5,-42.0963
5740393750.0,-42.09616
5740394687.5,-42.11578
5740395625.0,-42.09721
5740396562.5,-42.10922
5740397500.0,-42.08949
5740398437.5,-42.11408
5740399375.0,-42.10778
5740400312.5,-42.09413
5740401250.0,-42.10131
5740402187.5,-42.11212
5740403125.0,-42.10308
5740404062.5,-42.1024
5740405000.0,-42.09215
5740405937.5,-42.11823
5740406875.0,-42.10129
5740407812.5,-42.09101
5740408750.0,-42.09068
5740409687.5,-42.09588
5740410625.0,-42.07302
5740411562.5,-42.10198
5740412500.0,-42.10566
5740413437.5,-42.07088
5740414375.0,-42.0976
5740415312.5,-42.09755
5740416250.0,-42.08362
5740417187.5,-42.12339
5740418125.0,-42.06488
5740419062.5,-42.11768
5740420000.0,-42.07784
5740420937.5,-42.09011
5740421875.0,-42.12455
5740422812.5,-42.08142
5740423750.0,-42.10587
5740424687.5,-42.04828
5740425625.0,-42.09395
5740426562.5,-42.07018
5740427500.0,-42.08149
5740428437.5,-42.07294
5740429375.0,-42.08325
5740430312.5,-42.08924
5740431250.0,-42.08544
5740432187.5,-42.10009
5740433125.0,-42.07048
5740434062.5,-42.07769
5740435000.0,-42.06934
5740435937.5,-42.07105
5740436875.0,-42.06357
5740437812.5,-42.08305
5740438750.0,-42.08497
5740439687.5,-42.07125
5740440625.0,-42.06772
5740441562.5,-42.08809
5740442500.0,-42.05539
5740443437.5,-42.08147
5740444375.0,-42.07478
5740445312.5,-42.10229
5740446250.0,-42.05369
5740447187.5,-42.09567
5740448125.0,-42.09102
5740449062.5,-42.0583
5740450000.0,-42.06474
5740450937.5,-42.06931
5740451875.0,-42.08286
5740452812.5,-42.08679
5740453750.0,-42.06988
5740454687.5,-42.06496
5740455625.0,-42.07246
5740456562.5,-42.06435
5740457500.0,-42.08998
5740458437.5,-42.08513
5740459375.0,-42.06293
5740460312.5,-42.082
5740461250.0,-42.06983
5740462187.5,-42.06092
5740463125.0,-42.07974
5740464062.5,-42.06403
5740465000.0,-42.06547
5740465937.5,-42.07487
5740466875.0,-42.08854
5740467812.5,-42.07058
5740468750.0,-42.07674
5740469687.5,-42.06095
5740470625.0,-42.06052
5740471562.5,-42.10168
5740472500.0,-42.06266
5740473437.5,-42.06353
5740474375.0,-42.06598
5740475312.5,-42.05857
5740476250.0,-42.05275
5740477187.5,-42.06023
5740478125.0,-42.04796
5740479062.5,-42.06173
5740480000.0,-42.05526
5740480937.5,-42.09077
5740481875.0,-42.06361
5740482812.5,-42.06827
5740483750.0,-42.06039
5740484687.5,-42.03529
5740485625.0,-42.06844
5740486562.5,-42.06205
5740487500.0,-42.05632
5740488437.5,-42.06078
5740489375.0,-42.05783
5740490312.5,-42.06005
5740491250.0,-42.04425
5740492187.5,-42.07092
5740493125.0,-42.07132
5740494062.5,-42.06649
5740495000.0,-42.04268
5740495937.5,-42.05945
5740496875.0,-42.05084
5740497812.5,-42.05966
5740498750.0,-42.06012
5740499687.5,-42.05236
5740500625.0,-42.0393
5740501562.5,-42.05415
5740502500.0,-42.02042
5740503437.5,-42.03719
5740504375.0,-42.0433
5740505312.5,-42.04339
5740506250.0,-42.04286
5740507187.5,-42.02655
5740508125.0,-42.04424
5740509062.5,-42.03739
5740510000.0,-42.05064
5740510937.5,-42.04292
5740511875.0,-42.04565
5740512812.5,-42.05064
5740513750.0,-42.04034
5740514687.5,-42.05824
5740515625.0,-42.03999
5740516562.5,-42.02062
5740517500.0,-42.05064
5740518437.5,-42.06648
5740519375.0,-42.04135
5740520312.5,-42.04033
5740521250.0,-42.02694
5740522187.5,-42.03608
5740523125.0,-42.04829
5740524062.5,-42.02438
5740525000.0,-42.02648
5740525937.5,-42.02553
5740526875.0,-42.02101
5740527812.5,-42.01516
5740528750.0,-42.03534
5740529687.5,-42.03032
5740530625.0,-42.06207
5740531562.5,-42.03318
5740532500.0,-42.02658
5740533437.5,-42.04831
5740534375.0,-42.01421
5740535312.5,-42.02326
5740536250.0,-42.03862
5740537187.5,-42.03427
5740538125.0,-42.02934
5740539062.5,-42.03223
5740540000.0,-42.02358
5740540937.5,-42.04565
5740541875.0,-42.03688
5740542812.5,-42.01448
5740543750.0,-42.03016
5740544687.5,-42.02349
5740545625.0,-42.02686
5740546562.5,-41.99363
5740547500.0,-42.02644
5740548437.5,-42.03005
5740549375.0,-42.0248
5740550312.5,-42.03201
5740551250.0,-42.01614
5740552187.5,-42.00917
5740553125.0,-42.03598
5740554062.5,-41.99416
5740555000.0,-42.01688
5740555937.5,-42.03706
5740556875.0,-42.04257
5740557812.5,-42.01462
5740558750.0,-41.99984
5740559687.5,-42.01994
5740560625.0,-42.03661
5740561562.5,-42.00851
5740562500.0,-42.02222
5740563437.5,-41.9981
5740564375.0,-42.00119
5740565312.5,-42.02243
5740566250.0,-42.01556
5740567187.5,-42.02687
5740568125.0,-42.00024
5740569062.5,-42.01595
5740570000.0,-42.0365
5740570937.5,-42.00835
5740571875.0,-42.0045
5740572812.5,-42.00764
5740573750.0,-42.0246
5740574687.5,-42.00664
5740575625.0,-42.01354
5740576562.5,-42.01328
5740577500.0,-42.00451
5740578437.5,-42.00769
5740579375.0,-42.01053
5740580312.5,-42.01101
5740581250.0,-42.01549
5740582187.5,-42.01899
5740583125.0,-42.02542
5740584062.5,-42.00878
5740585000.0,-42.00781
5740585937.5,-41.99539
5740586875.0,-41.97727
5740587812.5,-42.01596
5740588750.0,-41.98924
5740589687.5,-42.01386
5740590625.0,-41.99298
5740591562.5,-41.99375
5740592500.0,-42.0144
5740593437.5,-41.98678
5740594375.0,-42.00645
5740595312.5,-42.01537
5740596250.0,-42.00029
5740597187.5,-41.97398
5740598125.0,-42.00607
5740599062.5,-41.99323
5740600000.0,-41.99567
5740600937.5,-41.9826
5740601875.0,-41.99638
5740602812.5,-41.98457
5740603750.0,-41.99875
5740604687.5,-41.99569
5740605625.0,-41.99423
5740606562.5,-42.00322
5740607500.0,-41.97919
5740608437.5,-41.97889
5740609375.0,-41.99935
5740610312.5,-41.98487
5740611250.0,-41.98098
5740612187.5,-41.97321
5740613125.0,-41.95376
5740614062.5,-41.99818
5740615000.0,-41.99587
5740615937.5,-41.98692
5740616875.0,-41.97924
5740617812.5,-41.98459
5740618750.0,-41.9942
5740619687.5,-41.98417
5740620625.0,-42.00343
5740621562.5,-41.9734
5740622500.0,-41.96655
5740623437.5,-41.98461
5740624375.0,-41.98281
5740625312.5,-41.97328
5740626250.0,-41.99507
5740627187.5,-41.96233
5740628125.0,-41.97829
5740629062.5,-41.99066
5740630000.0,-41.99614
5740630937.5,-41.97802
5740631875.0,-41.96701
5740632812.5,-41.96744
5740633750.0,-41.96062
5740634687.5,-41.98647
5740635625.0,-41.99184
5740636562.5,-41.95778
5740637500.0,-41.97116
5740638437.5,-41.99709
5740639375.0,-41.95856
5740640312.5,-41.97866
5740641250.0,-41.95014
5740642187.5,-41.97042
5740643125.0,-41.96634
5740644062.5,-41.98077
5740645000.0,-41.98096
5740645937.5,-41.99288
5740646875.0,-41.95087
5740647812.5,-41.96303
5740648750.0,-41.9713
5740649687.5,-41.96294
5740650625.0,-41.94353
5740651562.5,-41.97332
5740652500.0,-41.95591
5740653437.5,-41.97429
5740654375.0,-41.97416
5740655312.5,-41.96469
5740656250.0,-41.96591
5740657187.5,-41.98277
5740658125.0,-41.95243
5740659062.5,-41.97277
5740660000.0,-41.96545
5740660937.5,-41.97352
5740661875.0,-41.98055
5740662812.5,-41.97555
5740663750.0,-41.96207
5740664687.5,-41.96318
5740665625.0,-41.95483
5740666562.5,-41.95198
5740667500.0,-41.96299
5740668437.5,-41.93992
5740669375.0,-41.96977
5740670312.5,-41.97568
5740671250.0,-41.96766
5740672187.5,-41.96194
5740673125.0,-41.95496
5740674062.5,-41.97461
5740675000.0,-41.94401
5740675937.5,-41.95729
5740676875.0,-41.96227
5740677812.5,-41.95236
5740678750.0,-41.94096
5740679687.5,-41.93336
5740680625.0,-41.95913
5740681562.5,-41.95224
5740682500.0,-41.94225
5740683437.5,-41.94125
5740684375.0,-41.96402
5740685312.5,-41.9566
5740686250.0,-41.94897
5740687187.5,-41.9601
5740688125.0,-41.91755
5740689062.5,-41.95071
5740690000.0,-41.94836
5740690937.5,-41.95786
5740691875.0,-41.97333
5740692812.5,-41.9479
5740693750.0,-41.96605
5740694687.5,-41.95887
5740695625.0,-41.9432
5740696562.5,-41.93484
5740697500.0,-41.93386
5740698437.5,-41.95089
5740699375.0,-41.96224
5740700312.5,-41.96172
5740701250.0,-41.94523
5740702187.5,-41.95396
5740703125.0,-41.94965
5740704062.5,-41.94771
5740705000.0,-41.92496
5740705937.5,-41.94273
5740706875.0,-41.93473
5740707812.5,-41.92082
5740708750.0,-41.93668
5740709687.5,-41.92509
5740710625.0,-41.9301
5740711562.5,-41.95688
5740712500.0,-41.94269
5740713437.5,-41.92063
5740714375.0,-41.93869
5740715312.5,-41.93078
5740716250.0,-41.93695
5740717187.5,-41.94627
5740718125.0,-41.92982
5740719062.5,-41.92574
5740720000.0,-41.92727
5740720937.5,-41.929
5740721875.0,-41.92271
5740722812.5,-41.92969
5740723750.0,-41.93521
5740724687.5,-41.92516
5740725625.0,-41.93698
5740726562.5,-41.94278
5740727500.0,-41.9451
5740728437.5,-41.91408
5740729375.0,-41.91731
5740730312.5,-41.93496
5740731250.0,-41.91618
5740732187.5,-41.90967
5740733125.0,-41.9221
5740734062.5,-41.93353
5740735000.0,-41.93352
5740735937.5,-41.89985
5740736875.0,-41.9383
5740737812.5,-41.90974
5740738750.0,-41.91019
5740739687.5,-41.92324
5740740625.0,-41.93853
5740741562.5,-41.9138
5740742500.0,-41.91517
5740743437.5,-41.90857
5740744375.0,-41.93091
5740745312.5,-41.93534
5740746250.0,-41.92094
5740747187.5,-41.89912
5740748125.0,-41.92736
5740749062.5,-41.92018
5740750000.0,-41.89989
5740750937.5,-41.94611
5740751875.0,-41.89297
5740752812.5,-41.91532
5740753750.0,-41.91166
5740754687.5,-41.90198
5740755625.0,-41.93113
5740756562.5,-41.90578
5740757500.0,-41.93637
5740758437.5,-41.90404
5740759375.0,-41.8901
5740760312.5,-41.9115
5740761250.0,-41.90275
5740762187.5,-41.90495
5740763125.0,-41.9244
5740764062.5,-41.89639
5740765000.0,-41.93479
5740765937.5,-41.91273
5740766875.0,-41.91557
5740767812.5,-41.88938
5740768750.0,-41.88634
5740769687.5,-41.89709
5740770625.0,-41.90926
5740771562.5,-41.89271
5740772500.0,-41.88189
5740773437.5,-41.87677
5740774375.0,-41.89766
5740775312.5,-41.89415
5740776250.0,-41.90319
5740777187.5,-41.91052
5740778125.0,-41.9115
5740779062.5,-41.9085
5740780000.0,-41.89282
5740780937.5,-41.91447
5740781875.0,-41.90589
5740782812.5,-41.89473
5740783750.0,-41.89694
5740784687.5,-41.89114
5740785625.0,-41.89686
5740786562.5,-41.88643
5740787500.0,-41.89768
5740788437.5,-41.88805
5740789375.0,-41.87994
5740790312.5,-41.90168
5740791250.0,-41.88972
5740792187.5,-41.8901
5740793125.0,-41.87603
5740794062.5,-41.87757
5740795000.0,-41.88351
5740795937.5,-41.90151
5740796875.0,-41.91756
5740797812.5,-41.88369
5740798750.0,-41.89977
5740799687.5,-41.87556
5740800625.0,-41.88187
5740801562.5,-41.89993
5740802500.0,-41.88324
5740803437.5,-41.88789
5740804375.0,-41.87596
5740805312.5,-41.87267
5740806250.0,-41.87677
5740807187.5,-41.86932
5740808125.0,-41.89081
5740809062.5,-41.87275
5740810000.0,-41.88485
5740810937.5,-41.86169
5740811875.0,-41.88835
5740812812.5,-41.87659
5740813750.0,-41.88713
5740814687.5,-41.88505
5740815625.0,-41.87418
5740816562.5,-41.87997
5740817500.0,-41.88376
5740818437.5,-41.89331
5740819375.0,-41.88152
5740820312.5,-41.88629
5740821250.0,-41.85492
5740822187.5,-41.88519
5740823125.0,-41.87623
5740824062.5,-41.88111
5740825000.0,-41.86542
5740825937.5,-41.85957
5740826875.0,-41.86147
5740827812.5,-41.89474
5740828750.0,-41.88218
5740829687.5,-41.86071
5740830625.0,-41.8756
5740831562.5,-41.89676
5740832500.0,-41.87387
5740833437.5,-41.88229
5740834375.0,-41.84749
5740835312.5,-41.86607
5740836250.0,-41.84877
5740837187.5,-41.85884
5740838125.0,-41.87535
5740839062.5,-41.89265
5740840000.0,-41.85212
5740840937.5,-41.86206
5740841875.0,-41.87231
5740842812.5,-41.86676
5740843750.0,-41.8569
5740844687.5,-41.88605
5740845625.0,-41.87244
5740846562.5,-41.85703
5740847500.0,-41.84878
5740848437.5,-41.83983
5740849375.0,-41.86403
5740850312.5,-41.87551
5740851250.0,-41.86562
5740852187.5,-41.83959
5740853125.0,-41.87024
5740854062.5,-41.86152
5740855000.0,-41.86744
5740855937.5,-41.86023
5740856875.0,-41.84843
5740857812.5,-41.83014
5740858750.0,-41.8516
5740859687.5,-41.85723
5740860625.0,-41.85061
5740861562.5,-41.83953
5740862500.0,-41.83518
5740863437.5,-41.84406
5740864375.0,-41.83422
5740865312.5,-41.8723
5740866250.0,-41.8478
5740867187.5,-41.84501
5740868125.0,-41.84665
5740869062.5,-41.85987
5740870000.0,-41.82386
5740870937.5,-41.85754
5740871875.0,-41.83788
5740872812.5,-41.82523
5740873750.0,-41.85825
5740874687.5,-41.86968
5740875625.0,-41.84502
5740876562.5,-41.87035
5740877500.0,-41.85238
5740878437.5,-41.85334
5740879375.0,-41.84302
5740880312.5,-41.84583
5740881250.0,-41.85017
5740882187.5,-41.85468
5740883125.0,-41.85803
5740884062.5,-41.82659
5740885000.0,-41.85272
5740885937.5,-41.83632
5740886875.0,-41.84473
5740887812.5,-41.83744
5740888750.0,-41.83849
5740889687.5,-41.85379
5740890625.0,-41.84892
5740891562.5,-41.82576
5740892500.0,-41.84321
5740893437.5,-41.83673
5740894375.0,-41.84765
5740895312.5,-41.8272
5740896250.0,-41.84418
5740897187.5,-41.82146
5740898125.0,-41.8426
5740899062.5,-41.85255
5740900000.0,-41.84098
5740900937.5,-41.83849
5740901875.0,-41.82902
5740902812.5,-41.83374
5740903750.0,-41.82596
5740904687.5,-41.83181
5740905625.0,-41.83106
5740906562.5,-41.83149
5740907500.0,-41.82569
5740908437.5,-41.81081
5740909375.0,-41.8372
5740910312.5,-41.82689
5740911250.0,-41.82921
5740912187.5,-41.84962
5740913125.0,-41.8408
5740914062.5,-41.83077
5740915000.0,-41.81812
5740915937.5,-41.82011
5740916875.0,-41.83957
5740917812.5,-41.83179
5740918750.0,-41.82143
5740919687.5,-41.82769
5740920625.0,-41.8066
5740921562.5,-41.8112
5740922500.0,-41.85063
5740923437.5,-41.79763
5740924375.0,-41.81454
5740925312.5,-41.8129
5740926250.0,-41.81365
5740927187.5,-41.79939
5740928125.0,-41.82859
5740929062.5,-41.81621
5740930000.0,-41.81866
5740930937.5,-41.78652
5740931875.0,-41.81612
5740932812.5,-41.80837
5740933750.0,-41.81033
5740934687.5,-41.81765
5740935625.0,-41.80185
5740936562.5,-41.8249
5740937500.0,-41.82553
5740938437.5,-41.8089
5740939375.0,-41.80925
5740940312.5,-41.80333
5740941250.0,-41.80765
5740942187.5,-41.81496
5740943125.0,-41.83088
5740944062.5,-41.80628
5740945000.0,-41.78193
5740945937.5,-41.83885
5740946875.0,-41.81042
5740947812.5,-41.79639
5740948750.0,-41.82698
5740949687.5,-41.82974
5740950625.0,-41.80068
5740951562.5,-41.81522
5740952500.0,-41.80753
5740953437.5,-41.78316
5740954375.0,-41.81012
5740955312.5,-41.82058
5740956250.0,-41.80906
5740957187.5,-41.80213
5740958125.0,-41.81304
5740959062.5,-41.80482
5740960000.0,-41.81161
5740960937.5,-41.78762
5740961875.0,-41.78928
5740962812.5,-41.80214
5740963750.0,-41.81821
5740964687.5,-41.8066
5740965625.0,-41.79824
5740966562.5,-41.79665
5740967500.0,-41.77346
5740968437.5,-41.80303
5740969375.0,-41.80135
5740970312.5,-41.79124
5740971250.0,-41.76275
5740972187.5,-41.82225
5740973125.0,-41.78784
5740974062.5,-41.80244
5740975000.0,-41.80257
5740975937.5,-41.78462
5740976875.0,-41.78806
5740977812.5,-41.78868
5740978750.0,-41.78688
5740979687.5,-41.78707
5740980625.0,-41.78352
5740981562.5,-41.79128
5740982500.0,-41.79945
5740983437.5,-41.77151
5740984375.0,-41.78902
5740985312.5,-41.78514
5740986250.0,-41.78433
5740987187.5,-41.78681
5740988125.0,-41.76886
5740989062.5,-41.792
5740990000.0,-41.78161
5740990937.5,-41.78393
5740991875.0,-41.77913
5740992812.5,-41.78628
5740993750.0,-41.78195
5740994687.5,-41.77629
5740995625.0,-41.76546
5740996562.5,-41.77764
5740997500.0,-41.77158
5740998437.5,-41.76106
5740999375.0,-41.77252
5741000312.5,-41.77773
5741001250.0,-41.79749
5741002187.5,-41.76283
5741003125.0,-41.76484
5741004062.5,-41.78326
5741005000.0,-41.76705
5741005937.5,-41.78222
5741006875.0,-41.76764
5741007812.5,-41.76975
5741008750.0,-41.76826
5741009687.5,-41.77462
5741010625.0,-41.75414
5741011562.5,-41.77326
5741012500.0,-41.76169
5741013437.5,-41.78878
5741014375.0,-41.79499
5741015312.5,-41.76703
5741016250.0,-41.77207
5741017187.5,-41.77496
5741018125.0,-41.75077
5741019062.5,-41.78251
5741020000.0,-41.76923
5741020937.5,-41.77165
5741021875.0,-41.76263
5741022812.5,-41.7584
5741023750.0,-41.77198
5741024687.5,-41.77789
5741025625.0,-41.7858
5741026562.5,-41.77371
5741027500.0,-41.77084
5741028437.5,-41.75581
5741029375.0,-41.75953
5741030312.5,-41.76987
5741031250.0,-41.75013
5741032187.5,-41.76322
5741033125.0,-41.77037
5741034062.5,-41.75632
5741035000.0,-41.76782
5741035937.5,-41.75379
5741036875.0,-41.76135
5741037812.5,-41.76497
5741038750.0,-41.75714
5741039687.5,-41.75504
5741040625.0,-41.77495
5741041562.5,-41.76174
5741042500.0,-41.74538
5741043437.5,-41.75945
5741044375.0,-41.75345
5741045312.5,-41.74268
5741046250.0,-41.77528
5741047187.5,-41.7644
5741048125.0,-41.77332
5741049062.5,-41.74674
5741050000.0,-41.74565
5741050937.5,-41.74992
5741051875.0,-41.74107
5741052812.5,-41.7447
5741053750.0,-41.73887
5741054687.5,-41.75518
5741055625.0,-41.73309
5741056562.5,-41.73554
5741057500.0,-41.71786
5741058437.5,-41.74601
5741059375.0,-41.74183
5741060312.5,-41.75223
5741061250.0,-41.74586
5741062187.5,-41.7535
5741063125.0,-41.73617
5741064062.5,-41.73135
5741065000.0,-41.73696
5741065937.5,-41.74043
5741066875.0,-41.72941
5741067812.5,-41.76442
5741068750.0,-41.72646
5741069687.5,-41.73802
5741070625.0,-41.72969
5741071562.5,-41.75534
5741072500.0,-41.74065
5741073437.5,-41.7575
5741074375.0,-41.74987
5741075312.5,-41.74404
5741076250.0,-41.71732
5741077187.5,-41.72525
5741078125.0,-41.73197
5741079062.5,-41.74186
5741080000.0,-41.73912
5741080937.5,-41.75302
5741081875.0,-41.76087
5741082812.5,-41.7267
5741083750.0,-41.72566
5741084687.5,-41.72779
5741085625.0,-41.7549
5741086562.5,-41.74301
5741087500.0,-41.73247
5741088437.5,-41.75099
5741089375.0,-41.73366
5741090312.5,-41.71647
5741091250.0,-41.73584
5741092187.5,-41.72637
5741093125.0,-41.70369
5741094062.5,-41.71695
5741095000.0,-41.74994
5741095937.5,-41.70771
5741096875.0,-41.70043
5741097812.5,-41.71732
5741098750.0,-41.72048
5741099687.5,-41.73249
5741100625.0,-41.71035
5741101562.5,-41.73288
5741102500.0,-41.72675
5741103437.5,-41.71092
5741104375.0,-41.73789
5741105312.5,-41.736
5741106250.0,-41.73746
5741107187.5,-41.72031
5741108125.0,-41.72306
5741109062.5,-41.72869
5741110000.0,-41.73711
5741110937.5,-41.71633
5741111875.0,-41.71932
5741112812.5,-41.73719
5741113750.0,-41.73018
5741114687.5,-41.70053
5741115625.0,-41.70819
5741116562.5,-41.74883
5741117500.0,-41.71279
5741118437.5,-41.71136
5741119375.0,-41.69098
5741120312.5,-41.72363
5741121250.0,-41.71852
5741122187.5,-41.69106
5741123125.0,-41.70816
5741124062.5,-41.69146
5741125000.0,-41.72676
5741125937.5,-41.69405
5741126875.0,-41.72388
5741127812.5,-41.71437
5741128750.0,-41.7124
5741129687.5,-41.7053
5741130625.0,-41.7104
5741131562.5,-41.72082
5741132500.0,-41.71345
5741133437.5,-41.7333
5741134375.0,-41.71109
5741135312.5,-41.70452
5741136250.0,-41.70954
5741137187.5,-41.69925
5741138125.0,-41.72
5741139062.5,-41.70143
5741140000.0,-41.69561
5741140937.5,-41.70788
5741141875.0,-41.71727
5741142812.5,-41.6982
5741143750.0,-41.70739
5741144687.5,-41.7026
5741145625.0,-41.72734
5741146562.5,-41.70155
5741147500.0,-41.71593
5741148437.5,-41.68713
5741149375.0,-41.69672
5741150312.5,-41.707
5741151250.0,-41.69158
5741152187.5,-41.69391
5741153125.0,-41.6985
5741154062.5,-41.70452
5741155000.0,-41.66689
5741155937.5,-41.6995
5741156875.0,-41.68936
5741157812.5,-41.69072
5741158750.0,-41.70116
5741159687.5,-41.70712
5741160625.0,-41.67767
5741161562.5,-41.68844
5741162500.0,-41.70206
5741163437.5,-41.67662
5741164375.0,-41.68984
5741165312.5,-41.69945
5741166250.0,-41.67909
5741167187.5,-41.69922
5741168125.0,-41.68952
5741169062.5,-41.67387
5741170000.0,-41.67341
5741170937.5,-41.69426
5741171875.0,-41.69495
5741172812.5,-41.69041
5741173750.0,-41.6748
5741174687.5,-41.69791
5741175625.0,-41.7071
5741176562.5,-41.68613
5741177500.0,-41.69946
5741178437.5,-41.66652
5741179375.0,-41.68172
5741180312.5,-41.68476
5741181250.0,-41.68869
5741182187.5,-41.67574
5741183125.0,-41.68088
5741184062.5,-41.68472
5741185000.0,-41.6696
5741185937.5,-41.68042
5741186875.0,-41.69548
5741187812.5,-41.69295
5741188750.0,-41.68419
5741189687.5,-41.66905
5741190625.0,-41.6829
5741191562.5,-41.68198
5741192500.0,-41.67911
5741193437.5,-41.6781
5741194375.0,-41.69072
5741195312.5,-41.68859
5741196250.0,-41.67244
5741197187.5,-41.67105
5741198125.0,-41.66499
5741199062.5,-41.67228
5741200000.0,-41.64894
5741200937.5,-41.67137
5741201875.0,-41.67461
5741202812.5,-41.68563
5741203750.0,-41.66377
5741204687.5,-41.6753
5741205625.0,-41.6771
5741206562.5,-41.67943
5741207500.0,-41.67049
5741208437.5,-41.6764
5741209375.0,-41.6677
5741210312.5,-41.68427
5741211250.0,-41.66768
5741212187.5,-41.65211
5741213125.0,-41.63899
5741214062.5,-41.64469
5741215000.0,-41.67882
5741215937.5,-41.66684
5741216875.0,-41.64444
5741217812.5,-41.66748
5741218750.0,-41.66465
5741219687.5,-41.6611
5741220625.0,-41.6693
5741221562.5,-41.65076
5741222500.0,-41.66103
5741223437.5,-41.67208
5741224375.0,-41.67284
5741225312.5,-41.6609
5741226250.0,-41.66519
5741227187.5,-41.67022
5741228125.0,-41.66268
5741229062.5,-41.67438
5741230000.0,-41.64851
5741230937.5,-41.65615
5741231875.0,-41.63321
5741232812.5,-41.65909
5741233750.0,-41.65029
5741234687.5,-41.63551
5741235625.0,-41.645
5741236562.5,-41.65207
5741237500.0,-41.65569
5741238437.5,-41.65145
5741239375.0,-41.64899
5741240312.5,-41.61657
5741241250.0,-41.64121
5741242187.5,-41.65203
5741243125.0,-41.66423
5741244062.5,-41.64706
5741245000.0,-41.65218
5741245937.5,-41.62822
5741246875.0,-41.65586
5741247812.5,-41.63457
5741248750.0,-41.63058
5741249687.5,-41.60572
5741250625.0,-41.62123
5741251562.5,-41.64614
5741252500.0,-41.65089
5741253437.5,-41.63679
5741254375.0,-41.62315
5741255312.5,-41.65458
5741256250.0,-41.63626
5741257187.5,-41.62191
5741258125.0,-41.64554
5741259062.5,-41.65169
5741260000.0,-41.63596
5741260937.5,-41.65746
5741261875.0,-41.63892
5741262812.5,-41.61348
5741263750.0,-41.64643
5741264687.5,-41.64217
5741265625.0,-41.62818
5741266562.5,-41.63648
5741267500.0,-41.63388
5741268437.5,-41.62298
5741269375.0,-41.63317
5741270312.5,-41.62552
5741271250.0,-41.61788
5741272187.5,-41.62696
5741273125.0,-41.61287
5741274062.5,-41.62855
5741275000.0,-41.61908
5741275937.5,-41.6339
5741276875.0,-41.6466
5741277812.5,-41.64237
5741278750.0,-41.63017
5741279687.5,-41.63342
5741280625.0,-41.62854
5741281562.5,-41.6255
5741282500.0,-41.64543
5741283437.5,-41.61635
5741284375.0,-41.61747
5741285312.5,-41.61826
5741286250.0,-41.62822
5741287187.5,-41.62019
5741288125.0,-41.60832
5741289062.5,-41.59939
5741290000.0,-41.62664
5741290937.5,-41.61204
5741291875.0,-41.60373
5741292812.5,-41.6157
5741293750.0,-41.60404
5741294687.5,-41.61203
5741295625.0,-41.62259
5741296562.5,-41.59748
5741297500.0,-41.61395
5741298437.5,-41.59134
5741299375.0,-41.61202
5741300312.5,-41.61559
5741301250.0,-41.6236
5741302187.5,-41.61402
5741303125.0,-41.5994
5741304062.5,-41.59329
5741305000.0,-41.62529
5741305937.5,-41.62867
5741306875.0,-41.61239
5741307812.5,-41.6249
5741308750.0,-41.60923
5741309687.5,-41.58686
5741310625.0,-41.60136
5741311562.5,-41.63442
5741312500.0,-41.5935
5741313437.5,-41.60417
5741314375.0,-41.60472
5741315312.5,-41.61374
5741316250.0,-41.59938
5741317187.5,-41.60917
5741318125.0,-41.60628
5741319062.5,-41.60003
5741320000.0,-41.6007
5741320937.5,-41.59758
5741321875.0,-41.59731
5741322812.5,-41.58719
5741323750.0,-41.592
5741324687.5,-41.60408
5741325625.0,-41.59666
5741326562.5,-41.58498
5741327500.0,-41.59471
5741328437.5,-41.59619
5741329375.0,-41.59903
5741330312.5,-41.61526
5741331250.0,-41.57959
5741332187.5,-41.60149
5741333125.0,-41.58531
5741334062.5,-41.58718
5741335000.0,-41.59532
5741335937.5,-41.60449
5741336875.0,-41.59504
5741337812.5,-41.58791
5741338750.0,-41.57732
5741339687.5,-41.59596
5741340625.0,-41.60424
5741341562.5,-41.58599
5741342500.0,-41.59535
5741343437.5,-41.58773
5741344375.0,-41.5933
5741345312.5,-41.59373
5741346250.0,-41.59034
5741347187.5,-41.59699
5741348125.0,-41.5921
5741349062.5,-41.591
5741350000.0,-41.58649
5741350937.5,-41.59037
5741351875.0,-41.58546
5741352812.5,-41.56731
5741353750.0,-41.57525
5741354687.5,-41.58439
5741355625.0,-41.5893
5741356562.5,-41.59125
5741357500.0,-41.58673
5741358437.5,-41.56921
5741359375.0,-41.58143
5741360312.5,-41.57859
5741361250.0,-41.58438
5741362187.5,-41.5899
5741363125.0,-41.6003
5741364062.5,-41.567
5741365000.0,-41.57158
5741365937.5,-41.57199
5741366875.0,-41.56553
5741367812.5,-41.58157
5741368750.0,-41.58022
5741369687.5,-41.57908
5741370625.0,-41.55955
5741371562.5,-41.59427
5741372500.0,-41.58667
5741373437.5,-41.57742
5741374375.0,-41.56061
5741375312.5,-41.59478
5741376250.0,-41.57634
5741377187.5,-41.57298
5741378125.0,-41.57751
5741379062.5,-41.58071
5741380000.0,-41.56495
5741380937.5,-41.57301
5741381875.0,-41.56307
5741382812.5,-41.56374
5741383750.0,-41.58426
5741384687.5,-41.56476
5741385625.0,-41.54715
5741386562.5,-41.56365
5741387500.0,-41.57024
5741388437.5,-41.56067
5741389375.0,-41.55342
5741390312.5,-41.56601
5741391250.0,-41.55853
5741392187.5,-41.55127
5741393125.0,-41.54796
5741394062.5,-41.57736
5741395000.0,-41.54464
5741395937.5,-41.5706
5741396875.0,-41.56846
5741397812.5,-41.55069
5741398750.0,-41.55949
5741399687.5,-41.57033
5741400625.0,-41.55301
5741401562.5,-41.55612
5741402500.0,-41.55999
5741403437.5,-41.53412
5741404375.0,-41.56086
5741405312.5,-41.53385
5741406250.0,-41.5512
5741407187.5,-41.54356
5741408125.0,-41.55276
5741409062.5,-41.55827
5741410000.0,-41.565
5741410937.5,-41.55338
5741411875.0,-41.5523
5741412812.5,-41.53995
5741413750.0,-41.5508
5741414687.5,-41.55079
5741415625.0,-41.53578
5741416562.5,-41.55842
5741417500.0,-41.56704
5741418437.5,-41.53488
5741419375.0,-41.54754
5741420312.5,-41.55423
5741421250.0,-41.54427
5741422187.5,-41.54343
5741423125.0,-41.54053
5741424062.5,-41.56378
5741425000.0,-41.53754
5741425937.5,-41.54435
5741426875.0,-41.53143
5741427812.5,-41.54762
5741428750.0,-41.54015
5741429687.5,-41.53062
5741430625.0,-41.53576
5741431562.5,-41.54181
5741432500.0,-41.54101
5741433437.5,-41.54353
5741434375.0,-41.5346
5741435312.5,-41.53098
5741436250.0,-41.52381
5741437187.5,-41.51582
5741438125.0,-41.51865
5741439062.5,-41.52565
5741440000.0,-41.52603
5741440937.5,-41.54233
5741441875.0,-41.51366
5741442812.5,-41.53573
5741443750.0,-41.54154
5741444687.5,-41.5598
5741445625.0,-41.54462
5741446562.5,-41.52587
5741447500.0,-41.52451
5741448437.5,-41.53572
5741449375.0,-41.53852
5741450312.5,-41.52518
5741451250.0,-41.5434
5741452187.5,-41.53388
5741453125.0,-41.51032
5741454062.5,-41.52297
5741455000.0,-41.52129
5741455937.5,-41.52022
5741456875.0,-41.53247
5741457812.5,-41.51561
5741458750.0,-41.53679
5741459687.5,-41.52437
5741460625.0,-41.53279
5741461562.5,-41.51209
5741462500.0,-41.53136
5741463437.5,-41.51772
5741464375.0,-41.5174
5741465312.5,-41.51983
5741466250.0,-41.52067
5741467187.5,-41.5134
5741468125.0,-41.51183
5741469062.5,-41.50097
5741470000.0,-41.50804
5741470937.5,-41.50242
5741471875.0,-41.51603
5741472812.5,-41.52208
5741473750.0,-41.51669
5741474687.5,-41.5102
5741475625.0,-41.52818
5741476562.5,-41.51795
5741477500.0,-41.50981
5741478437.5,-41.51929
5741479375.0,-41.52805
5741480312.5,-41.52221
5741481250.0,-41.49706
5741482187.5,-41.50365
5741483125.0,-41.51128
5741484062.5,-41.50294
5741485000.0,-41.50108
5741485937.5,-41.51744
5741486875.0,-41.50193
5741487812.5,-41.51133
5741488750.0,-41.5156
5741489687.5,-41.5334
5741490625.0,-41.50636
5741491562.5,-41.49852
5741492500.0,-41.49455
5741493437.5,-41.51357
5741494375.0,-41.49331
5741495312.5,-41.50433
5741496250.0,-41.5019
5741497187.5,-41.53699
5741498125.0,-41.51029
5741499062.5,-41.50345
5741500000.0,-41.50386
5741500937.5,-41.49066
5741501875.0,-41.5146
5741502812.5,-41.51117
5741503750.0,-41.51035
5741504687.5,-41.5103
5741505625.0,-41.47799
5741506562.5,-41.49297
5741507500.0,-41.48988
5741508437.5,-41.51228
5741509375.0,-41.49864
5741510312.5,-41.49047
5741511250.0,-41.47352
5741512187.5,-41.47894
5741513125.0,-41.47835
5741514062.5,-41.49977
5741515000.0,-41.46243
5741515937.5,-41.50988
5741516875.0,-41.48193
5741517812.5,-41.49731
5741518750.0,-41.48938
5741519687.5,-41.47952
5741520625.0,-41.47812
5741521562.5,-41.51415
5741522500.0,-41.48744
5741523437.5,-41.48895
5741524375.0,-41.47979
5741525312.5,-41.49715
5741526250.0,-41.48907
5741527187.5,-41.47644
5741528125.0,-41.46645
5741529062.5,-41.45992
5741530000.0,-41.49183
5741530937.5,-41.47698
5741531875.0,-41.48625
5741532812.5,-41.48135
5741533750.0,-41.49487
5741534687.5,-41.48871
5741535625.0,-41.48995
5741536562.5,-41.48741
5741537500.0,-41.48709
5741538437.5,-41.47548
5741539375.0,-41.465
5741540312.5,-41.46601
5741541250.0,-41.48122
5741542187.5,-41.48757
5741543125.0,-41.47222
5741544062.5,-41.49058
5741545000.0,-41.46127
5741545937.5,-41.47204
5741546875.0,-41.48019
5741547812.5,-41.47277
5741548750.0,-41.48213
5741549687.5,-41.48484
5741550625.0,-41.46133
5741551562.5,-41.46748
5741552500.0,-41.46714
5741553437.5,-41.468
5741554375.0,-41.45875
5741555312.5,-41.4521
5741556250.0,-41.46673
5741557187.5,-41.4557
5741558125.0,-41.4644
5741559062.5,-41.49881
5741560000.0,-41.45501
5741560937.5,-41.48425
5741561875.0,-41.45697
5741562812.5,-41.46225
5741563750.0,-41.45181
5741564687.5,-41.4895
5741565625.0,-41.4651
5741566562.5,-41.45289
5741567500.0,-41.47087
5741568437.5,-41.45806
5741569375.0,-41.45723
5741570312.5,-41.47674
5741571250.0,-41.46162
5741572187.5,-41.46507
5741573125.0,-41.46783
5741574062.5,-41.46832
5741575000.0,-41.45524
5741575937.5,-41.47074
5741576875.0,-41.4424
5741577812.5,-41.46778
5741578750.0,-41.44736
5741579687.5,-41.44466
5741580625.0,-41.46051
5741581562.5,-41.44179
5741582500.0,-41.45148
5741583437.5,-41.45937
5741584375.0,-41.45414
5741585312.5,-41.44006
5741586250.0,-41.44333
5741587187.5,-41.44547
5741588125.0,-41.4626
5741589062.5,-41.4585
5741590000.0,-41.44422
5741590937.5,-41.46824
5741591875.0,-41.45589
5741592812.5,-41.45246
5741593750.0,-41.45925
5741594687.5,-41.42054
5741595625.0,-41.44756
5741596562.5,-41.439
5741597500.0,-41.46315
5741598437.5,-41.44639
5741599375.0,-41.46775
5741600312.5,-41.44298
5741601250.0,-41.43658
5741602187.5,-41.44368
5741603125.0,-41.43525
5741604062.5,-41.43625
5741605000.0,-41.4469
5741605937.5,-41.45178
5741606875.0,-41.44698
5741607812.5,-41.42587
5741608750.0,-41.4395
5741609687.5,-41.43744
5741610625.0,-41.43462
5741611562.5,-41.44215
5741612500.0,-41.42805
5741613437.5,-41.41939
5741614375.0,-41.43742
5741615312.5,-41.44897
5741616250.0,-41.44213
5741617187.5,-41.43549
5741618125.0,-41.42242
5741619062.5,-41.41483
5741620000.0,-41.45133
5741620937.5,-41.42437
5741621875.0,-41.44485
5741622812.5,-41.41068
5741623750.0,-41.44016
5741624687.5,-41.46264
5741625625.0,-41.43419
5741626562.5,-41.41952
5741627500.0,-41.4203
5741628437.5,-41.42073
5741629375.0,-41.43636
5741630312.5,-41.45032
5741631250.0,-41.43715
5741632187.5,-41.4185
5741633125.0,-41.42974
5741634062.5,-41.42913
5741635000.0,-41.42786
5741635937.5,-41.41996
5741636875.0,-41.43028
5741637812.5,-41.4045
5741638750.0,-41.4174
5741639687.5,-41.41637
5741640625.0,-41.43847
5741641562.5,-41.42065
5741642500.0,-41.40294
5741643437.5,-41.41785
5741644375.0,-41.42002
5741645312.5,-41.41151
5741646250.0,-41.41893
5741647187.5,-41.42498
5741648125.0,-41.41752
5741649062.5,-41.43185
5741650000.0,-41.42055
5741650937.5,-41.41222
5741651875.0,-41.40039
5741652812.5,-41.39968
5741653750.0,-41.41853
5741654687.5,-41.39406
5741655625.0,-41.41666
5741656562.5,-41.42341
5741657500.0,-41.4087
5741658437.5,-41.41591
5741659375.0,-41.3975
5741660312.5,-41.40248
5741661250.0,-41.40075
5741662187.5,-41.41217
5741663125.0,-41.39658
5741664062.5,-41.40653
5741665000.0,-41.38795
5741665937.5,-41.41726
5741666875.0,-41.41289
5741667812.5,-41.41336
5741668750.0,-41.40439
5741669687.5,-41.40934
5741670625.0,-41.40252
5741671562.5,-41.39951
5741672500.0,-41.41529
5741673437.5,-41.41688
5741674375.0,-41.41419
5741675312.5,-41.3885
5741676250.0,-41.39401
5741677187.5,-41.41293
5741678125.0,-41.40423
5741679062.5,-41.40206
5741680000.0,-41.41898
5741680937.5,-41.38868
5741681875.0,-41.40772
5741682812.5,-41.39833
5741683750.0,-41.39715
5741684687.5,-41.41691
5741685625.0,-41.37642
5741686562.5,-41.39595
5741687500.0,-41.39989
5741688437.5,-41.37019
5741689375.0,-41.38705
5741690312.5,-41.39705
5741691250.0,-41.39315
5741692187.5,-41.387
5741693125.0,-41.38129
5741694062.5,-41.38739
5741695000.0,-41.38353
5741695937.5,-41.37017
5741696875.0,-41.38953
5741697812.5,-41.37319
5741698750.0,-41.39577
5741699687.5,-41.37362
5741700625.0,-41.38967
5741701562.5,-41.37793
5741702500.0,-41.35905
5741703437.5,-41.39186
5741704375.0,-41.3762
5741705312.5,-41.38185
5741706250.0,-41.40636
5741707187.5,-41.35902
5741708125.0,-41.3829
5741709062.5,-41.37922
5741710000.0,-41.39629
5741710937.5,-41.37454
5741711875.0,-41.36898
5741712812.5,-41.36543
5741713750.0,-41.38406
5741714687.5,-41.36847
5741715625.0,-41.38173
5741716562.5,-41.36336
5741717500.0,-41.36837
5741718437.5,-41.38631
5741719375.0,-41.37864
5741720312.5,-41.38749
5741721250.0,-41.37957
5741722187.5,-41.36554
5741723125.0,-41.36339
5741724062.5,-41.36812
5741725000.0,-41.36891
5741725937.5,-41.38009
5741726875.0,-41.36825
5741727812.5,-41.37423
5741728750.0,-41.37831
5741729687.5,-41.38159
5741730625.0,-41.36862
5741731562.5,-41.3828
5741732500.0,-41.37541
5741733437.5,-41.36837
5741734375.0,-41.35784
5741735312.5,-41.37393
5741736250.0,-41.37423
5741737187.5,-41.37694
5741738125.0,-41.33485
5741739062.5,-41.33953
5741740000.0,-41.37293
5741740937.5,-41.36846
5741741875.0,-41.35057
5741742812.5,-41.36583
5741743750.0,-41.36846
5741744687.5,-41.35696
5741745625.0,-41.3679
5741746562.5,-41.33412
5741747500.0,-41.35104
5741748437.5,-41.36155
5741749375.0,-41.32983
5741750312.5,-41.36
5741751250.0,-41.34561
5741752187.5,-41.35959
5741753125.0,-41.36578
5741754062.5,-41.35846
5741755000.0,-41.35179
5741755937.5,-41.35494
5741756875.0,-41.36935
5741757812.5,-41.37104
5741758750.0,-41.35926
5741759687.5,-41.34808
5741760625.0,-41.33839
5741761562.5,-41.35287
5741762500.0,-41.34006
5741763437.5,-41.34154
5741764375.0,-41.36044
5741765312.5,-41.35773
5741766250.0,-41.36057
5741767187.5,-41.35011
5741768125.0,-41.3606
5741769062.5,-41.35411
5741770000.0,-41.33613
5741770937.5,-41.34091
5741771875.0,-41.3535
5741772812.5,-41.34846
5741773750.0,-41.34194
5741774687.5,-41.35271
5741775625.0,-41.35724
5741776562.5,-41.31901
5741777500.0,-41.34573
5741778437.5,-41.33958
5741779375.0,-41.32984
5741780312.5,-41.32269
5741781250.0,-41.3742
5741782187.5,-41.35061
5741783125.0,-41.3512
5741784062.5,-41.3616
5741785000.0,-41.33031
5741785937.5,-41.33871
5741786875.0,-41.32745
5741787812.5,-41.32494
5741788750.0,-41.32284
5741789687.5,-41.34798
5741790625.0,-41.32808
5741791562.5,-41.33697
5741792500.0,-41.32317
5741793437.5,-41.3344
5741794375.0,-41.33794
5741795312.5,-41.3175
5741796250.0,-41.31304
5741797187.5,-41.32812
5741798125.0,-41.3197
5741799062.5,-41.29187
5741800000.0,-41.335
5741800937.5,-41.31756
5741801875.0,-41.33461
5741802812.5,-41.32794
5741803750.0,-41.31974
5741804687.5,-41.32294
5741805625.0,-41.31902
5741806562.5,-41.31585
5741807500.0,-41.3146
5741808437.5,-41.33478
5741809375.0,-41.32563
5741810312.5,-41.33559
5741811250.0,-41.32003
5741812187.5,-41.29288
5741813125.0,-41.31263
5741814062.5,-41.31277
5741815000.0,-41.33776
5741815937.5,-41.31249
5741816875.0,-41.31217
5741817812.5,-41.32624
5741818750.0,-41.32271
5741819687.5,-41.31096
5741820625.0,-41.32291
5741821562.5,-41.31783
5741822500.0,-41.32907
5741823437.5,-41.3102
5741824375.0,-41.31295
5741825312.5,-41.33174
5741826250.0,-41.3125
5741827187.5,-41.30119
5741828125.0,-41.30579
5741829062.5,-41.31846
5741830000.0,-41.3012
5741830937.5,-41.29454
5741831875.0,-41.29742
5741832812.5,-41.33234
5741833750.0,-41.29416
5741834687.5,-41.29496
5741835625.0,-41.29236
5741836562.5,-41.31715
5741837500.0,-41.309
5741838437.5,-41.29795
5741839375.0,-41.30587
5741840312.5,-41.3198
5741841250.0,-41.30651
5741842187.5,-41.28845
5741843125.0,-41.29528
5741844062.5,-41.2997
5741845000.0,-41.29706
5741845937.5,-41.29599
5741846875.0,-41.31581
5741847812.5,-41.29549
5741848750.0,-41.30621
5741849687.5,-41.28916
5741850625.0,-41.31347
5741851562.5,-41.30188
5741852500.0,-41.2925
5741853437.5,-41.27868
5741854375.0,-41.28603
5741855312.5,-41.31249
5741856250.0,-41.28152
5741857187.5,-41.27975
5741858125.0,-41.29665
5741859062.5,-41.28167
5741860000.0,-41.29151
5741860937.5,-41.29878
5741861875.0,-41.30069
5741862812.5,-41.2958
5741863750.0,-41.27783
5741864687.5,-41.2743
5741865625.0,-41.28032
5741866562.5,-41.29506
5741867500.0,-41.29095
5741868437.5,-41.27163
5741869375.0,-41.29177
5741870312.5,-41.26994
5741871250.0,-41.27892
5741872187.5,-41.28073
5741873125.0,-41.2958
5741874062.5,-41.30011
5741875000.0,-41.28658
5741875937.5,-41.28757
5741876875.0,-41.27946
5741877812.5,-41.29388
5741878750.0,-41.27015
5741879687.5,-41.27259
5741880625.0,-41.29078
5741881562.5,-41.26851
5741882500.0,-41.28375
5741883437.5,-41.28792
5741884375.0,-41.26372
5741885312.5,-41.28198
5741886250.0,-41.266
5741887187.5,-41.27858
5741888125.0,-41.29297
5741889062.5,-41.28127
5741890000.0,-41.2715
5741890937.5,-41.27355
5741891875.0,-41.3021
5741892812.5,-41.27203
5741893750.0,-41.27798
5741894687.5,-41.25449
5741895625.0,-41.27409
5741896562.5,-41.28149
5741897500.0,-41.24995
5741898437.5,-41.27941
5741899375.0,-41.30247
5741900312.5,-41.27017
5741901250.0,-41.26603
5741902187.5,-41.25539
5741903125.0,-41.2585
5741904062.5,-41.27137
5741905000.0,-41.26595
5741905937.5,-41.27955
5741906875.0,-41.25344
5741907812.5,-41.27466
5741908750.0,-41.27256
5741909687.5,-41.24957
5741910625.0,-41.24871
5741911562.5,-41.27599
5741912500.0,-41.25924
5741913437.5,-41.26426
5741914375.0,-41.25564
5741915312.5,-41.26754
5741916250.0,-41.25987
5741917187.5,-41.26154
5741918125.0,-41.27479
5741919062.5,-41.26057
5741920000.0,-41.26041
5741920937.5,-41.27219
5741921875.0,-41.26141
5741922812.5,-41.25172
5741923750.0,-41.27784
5741924687.5,-41.24587
5741925625.0,-41.26311
5741926562.5,-41.24392
5741927500.0,-41.26989
5741928437.5,-41.24806
5741929375.0,-41.22707
5741930312.5,-41.25177
5741931250.0,-41.25966
5741932187.5,-41.24269
5741933125.0,-41.25743
5741934062.5,-41.239
5741935000.0,-41.24643
5741935937.5,-41.2421
5741936875.0,-41.27169
5741937812.5,-41.24265
5741938750.0,-41.25441
5741939687.5,-41.24896
5741940625.0,-41.25989
5741941562.5,-41.2446
5741942500.0,-41.23564
5741943437.5,-41.2511
5741944375.0,-41.22245
5741945312.5,-41.24813
5741946250.0,-41.25259
5741947187.5,-41.22721
5741948125.0,-41.25188
5741949062.5,-41.23531
5741950000.0,-41.24512
5741950937.5,-41.24341
5741951875.0,-41.25106
5741952812.5,-41.25227
5741953750.0,-41.23565
5741954687.5,-41.23201
5741955625.0,-41.23377
5741956562.5,-41.23393
5741957500.0,-41.21965
5741958437.5,-41.20961
5741959375.0,-41.23508
5741960312.5,-41.2275
5741961250.0,-41.22654
5741962187.5,-41.24467
5741963125.0,-41.24182
5741964062.5,-41.23003
5741965000.0,-41.24811
5741965937.5,-41.23228
5741966875.0,-41.2313
5741967812.5,-41.24502
5741968750.0,-41.23682
5741969687.5,-41.24013
5741970625.0,-41.21867
5741971562.5,-41.24561
5741972500.0,-41.23423
5741973437.5,-41.24105
5741974375.0,-41.22879
5741975312.5,-41.22849
5741976250.0,-41.22677
5741977187.5,-41.23393
5741978125.0,-41.23546
5741979062.5,-41.2104
5741980000.0,-41.235
5741980937.5,-41.23344
5741981875.0,-41.23461
5741982812.5,-41.22445
5741983750.0,-41.21862
5741984687.5,-41.19833
5741985625.0,-41.21526
5741986562.5,-41.21538
5741987500.0,-41.22349
5741988437.5,-41.21523
5741989375.0,-41.21452
5741990312.5,-41.21338
5741991250.0,-41.23434
5741992187.5,-41.19474
5741993125.0,-41.21369
5741994062.5,-41.20829
5741995000.0,-41.22934
5741995937.5,-41.21453
5741996875.0,-41.20372
5741997812.5,-41.22002
5741998750.0,-41.20029
5741999687.5,-41.22138
5742000625.0,-41.21294
5742001562.5,-41.20776
5742002500.0,-41.19719
5742003437.5,-41.20235
5742004375.0,-41.20457
5742005312.5,-41.19134
5742006250.0,-41.19569
5742007187.5,-41.21447
5742008125.0,-41.21032
5742009062.5,-41.20362
5742010000.0,-41.1858
5742010937.5,-41.17749
5742011875.0,-41.21279
5742012812.5,-41.19876
5742013750.0,-41.19385
5742014687.5,-41.21573
5742015625.0,-41.21848
5742016562.5,-41.19695
5742017500.0,-41.21362
5742018437.5,-41.18414
5742019375.0,-41.20543
5742020312.5,-41.19807
5742021250.0,-41.1967
5742022187.5,-41.20637
5742023125.0,-41.20475
5742024062.5,-41.18907
5742025000.0,-41.19716
5742025937.5,-41.20038
5742026875.0,-41.19329
5742027812.5,-41.18134
5742028750.0,-41.19654
5742029687.5,-41.1883
5742030625.0,-41.21749
5742031562.5,-41.17958
5742032500.0,-41.20556
5742033437.5,-41.20727
5742034375.0,-41.18707
5742035312.5,-41.18638
5742036250.0,-41.19616
5742037187.5,-41.17794
5742038125.0,-41.18526
5742039062.5,-41.17796
5742040000.0,-41.17136
5742040937.5,-41.17233
5742041875.0,-41.19271
5742042812.5,-41.18289
5742043750.0,-41.20202
5742044687.5,-41.1919
5742045625.0,-41.18821
5742046562.5,-41.20761
5742047500.0,-41.19491
5742048437.5,-41.1936
5742049375.0,-41.18453
5742050312.5,-41.19404
5742051250.0,-41.16017
5742052187.5,-41.1996
5742053125.0,-41.14918
5742054062.5,-41.17855
5742055000.0,-41.16707
5742055937.5,-41.19902
5742056875.0,-41.18689
5742057812.5,-41.16965
5742058750.0,-41.17865
5742059687.5,-41.18578
5742060625.0,-41.19958
5742061562.5,-41.17165
5742062500.0,-41.18879
5742063437.5,-41.18926
5742064375.0,-41.19005
5742065312.5,-41.18523
5742066250.0,-41.17579
5742067187.5,-41.16513
5742068125.0,-41.16597
5742069062.5,-41.18691
5742070000.0,-41.16593
5742070937.5,-41.17238
5742071875.0,-41.18403
5742072812.5,-41.15427
5742073750.0,-41.18006
5742074687.5,-41.1594
5742075625.0,-41.17487
5742076562.5,-41.16023
5742077500.0,-41.18309
5742078437.5,-41.15918
5742079375.0,-41.14969
5742080312.5,-41.15688
5742081250.0,-41.13212
5742082187.5,-41.15278
5742083125.0,-41.16793
5742084062.5,-41.1444
5742085000.0,-41.1666
5742085937.5,-41.14692
5742086875.0,-41.16779
5742087812.5,-41.17125
5742088750.0,-41.16879
5742089687.5,-41.16475
5742090625.0,-41.16499
5742091562.5,-41.14983
5742092500.0,-41.16527
5742093437.5,-41.15609
5742094375.0,-41.16084
5742095312.5,-41.15226
5742096250.0,-41.17223
5742097187.5,-41.17284
5742098125.0,-41.15216
5742099062.5,-41.15538
5742100000.0,-41.15295
5742100937.5,-41.1313
5742101875.0,-41.14788
5742102812.5,-41.14979
5742103750.0,-41.13812
5742104687.5,-41.12805
5742105625.0,-41.1704
5742106562.5,-41.12972
5742107500.0,-41.14373
5742108437.5,-41.14822
5742109375.0,-41.13631
5742110312.5,-41.1191
5742111250.0,-41.15437
5742112187.5,-41.12824
5742113125.0,-41.15946
5742114062.5,-41.15975
5742115000.0,-41.14936
5742115937.5,-41.13477
5742116875.0,-41.13597
5742117812.5,-41.14821
5742118750.0,-41.14996
5742119687.5,-41.12947
5742120625.0,-41.11353
5742121562.5,-41.1427
5742122500.0,-41.12954
5742123437.5,-41.13195
5742124375.0,-41.15241
5742125312.5,-41.13198
5742126250.0,-41.13762
5742127187.5,-41.13336
5742128125.0,-41.13923
5742129062.5,-41.13418
5742130000.0,-41.13995
5742130937.5,-41.13643
5742131875.0,-41.10734
5742132812.5,-41.13832
5742133750.0,-41.13936
5742134687.5,-41.1324
5742135625.0,-41.12876
5742136562.5,-41.12612
5742137500.0,-41.13475
5742138437.5,-41.13377
5742139375.0,-41.12934
5742140312.5,-41.13914
5742141250.0,-41.11201
5742142187.5,-41.1092
5742143125.0,-41.13647
5742144062.5,-41.12271
5742145000.0,-41.11614
5742145937.5,-41.12446
5742146875.0,-41.12435
5742147812.5,-41.14674
5742148750.0,-41.13419
5742149687.5,-41.12465
5742150625.0,-41.12769
5742151562.5,-41.12416
5742152500.0,-41.1109
5742153437.5,-41.10751
5742154375.0,-41.11691
5742155312.5,-41.12902
5742156250.0,-41.11715
5742157187.5,-41.09886
5742158125.0,-41.11774
5742159062.5,-41.10701
5742160000.0,-41.11937
5742160937.5,-41.12909
5742161875.0,-41.11876
5742162812.5,-41.09576
5742163750.0,-41.11039
5742164687.5,-41.12466
5742165625.0,-41.11046
5742166562.5,-41.10805
5742167500.0,-41.10291
5742168437.5,-41.09116
5742169375.0,-41.12241
5742170312.5,-41.11831
5742171250.0,-41.11785
5742172187.5,-41.11237
5742173125.0,-41.11139
5742174062.5,-41.12712
5742175000.0,-41.09518
5742175937.5,-41.10591
5742176875.0,-41.11486
5742177812.5,-41.11696
5742178750.0,-41.12134
5742179687.5,-41.10054
5742180625.0,-41.10917
5742181562.5,-41.08479
5742182500.0,-41.09312
5742183437.5,-41.09524
5742184375.0,-41.10475
5742185312.5,-41.10477
5742186250.0,-41.08651
5742187187.5,-41.09043
5742188125.0,-41.10308
5742189062.5,-41.11668
5742190000.0,-41.11873
5742190937.5,-41.10399
5742191875.0,-41.10933
5742192812.5,-41.13494
5742193750.0,-41.08531
5742194687.5,-41.09767
5742195625.0,-41.08229
5742196562.5,-41.10979
5742197500.0,-41.09634
5742198437.5,-41.0937
5742199375.0,-41.11012
5742200312.5,-41.07927
5742201250.0,-41.11194
5742202187.5,-41.10331
5742203125.0,-41.0929
5742204062.5,-41.06529
5742205000.0,-41.09752
5742205937.5,-41.08321
5742206875.0,-41.10844
5742207812.5,-41.08639
5742208750.0,-41.09126
5742209687.5,-41.08294
5742210625.0,-41.06887
5742211562.5,-41.08166
5742212500.0,-41.09631
5742213437.5,-41.07484
5742214375.0,-41.09029
5742215312.5,-41.07884
5742216250.0,-41.09024
5742217187.5,-41.06997
5742218125.0,-41.07828
5742219062.5,-41.05938
5742220000.0,-41.07153
5742220937.5,-41.0789
5742221875.0,-41.06921
5742222812.5,-41.09367
5742223750.0,-41.06853
5742224687.5,-41.07347
5742225625.0,-41.07658
5742226562.5,-41.08699
5742227500.0,-41.08111
5742228437.5,-41.08441
5742229375.0,-41.07214
5742230312.5,-41.06828
5742231250.0,-41.08773
5742232187.5,-41.06857
5742233125.0,-41.06097
5742234062.5,-41.07379
5742235000.0,-41.08913
5742235937.5,-41.06858
5742236875.0,-41.03857
5742237812.5,-41.07354
5742238750.0,-41.072
5742239687.5,-41.06008
5742240625.0,-41.06965
5742241562.5,-41.07093
5742242500.0,-41.07286
5742243437.5,-41.06084
5742244375.0,-41.08088
5742245312.5,-41.06675
5742246250.0,-41.07271
5742247187.5,-41.05019
5742248125.0,-41.08873
5742249062.5,-41.06725
5742250000.0,-41.06596
5742250937.5,-41.06034
5742251875.0,-41.06637
5742252812.5,-41.05355
5742253750.0,-41.06946
5742254687.5,-41.04634
5742255625.0,-41.05844
5742256562.5,-41.04252
5742257500.0,-41.05527
5742258437.5,-41.0524
5742259375.0,-41.07249
5742260312.5,-41.05684
5742261250.0,-41.06284
5742262187.5,-41.08535
5742263125.0,-41.05453
5742264062.5,-41.0569
5742265000.0,-41.05286
5742265937.5,-41.05111
5742266875.0,-41.04712
5742267812.5,-41.05333
5742268750.0,-41.05523
5742269687.5,-41.05984
5742270625.0,-41.05335
5742271562.5,-41.04498
5742272500.0,-41.03622
5742273437.5,-41.05441
5742274375.0,-41.04892
5742275312.5,-41.05082
5742276250.0,-41.03339
5742277187.5,-41.05412
5742278125.0,-41.05053
5742279062.5,-41.04523
5742280000.0,-41.04333
5742280937.5,-41.04699
5742281875.0,-41.04863
5742282812.5,-41.03225
5742283750.0,-41.05944
5742284687.5,-41.04408
5742285625.0,-41.05635
5742286562.5,-41.04621
5742287500.0,-41.02824
5742288437.5,-41.04149
5742289375.0,-41.03405
5742290312.5,-41.0408
5742291250.0,-41.03782
5742292187.5,-41.02093
5742293125.0,-41.02074
5742294062.5,-41.05538
5742295000.0,-41.0343
5742295937.5,-41.03582
5742296875.0,-41.04559
5742297812.5,-41.04393
5742298750.0,-41.02866
5742299687.5,-41.03445
5742300625.0,-41.03175
5742301562.5,-41.05074
5742302500.0,-41.02458
5742303437.5,-41.02037
5742304375.0,-41.06094
5742305312.5,-41.04718
5742306250.0,-41.02728
5742307187.5,-41.02477
5742308125.0,-41.03281
5742309062.5,-41.01559
5742310000.0,-41.03075
5742310937.5,-41.02539
5742311875.0,-41.01217
5742312812.5,-41.01844
5742313750.0,-41.01222
5742314687.5,-41.0214
5742315625.0,-41.01348
5742316562.5,-41.01265
5742317500.0,-41.02478
5742318437.5,-41.01715
5742319375.0,-41.00895
5742320312.5,-41.01636
5742321250.0,-41.0078
5742322187.5,-41.01838
5742323125.0,-41.00636
5742324062.5,-41.00168
5742325000.0,-41.02915
5742325937.5,-41.01727
5742326875.0,-41.00418
5742327812.5,-41.00547
5742328750.0,-41.01127
5742329687.5,-40.99673
5742330625.0,-41.00901
5742331562.5,-41.01605
5742332500.0,-41.00931
5742333437.5,-41.00134
5742334375.0,-41.00983
5742335312.5,-40.99157
5742336250.0,-41.01849
5742337187.5,-40.99112
5742338125.0,-41.01033
5742339062.5,-40.99957
5742340000.0,-41.01932
5742340937.5,-41.00915
5742341875.0,-41.02462
5742342812.5,-41.00763
5742343750.0,-41.00013
5742344687.5,-40.99572
5742345625.0,-41.00924
5742346562.5,-41.0115
5742347500.0,-41.00241
5742348437.5,-40.98877
5742349375.0,-40.99259
5742350312.5,-40.99268
5742351250.0,-40.98693
5742352187.5,-41.01505
5742353125.0,-41.0099
5742354062.5,-41.0116
5742355000.0,-40.98859
5742355937.5,-40.98434
5742356875.0,-40.99362
5742357812.5,-41.00291
5742358750.0,-40.99053
5742359687.5,-40.99391
5742360625.0,-41.00985
5742361562.5,-40.99832
5742362500.0,-40.99369
5742363437.5,-40.97729
5742364375.0,-40.98355
5742365312.5,-40.98671
5742366250.0,-41.00313
5742367187.5,-41.00407
5742368125.0,-41.00454
5742369062.5,-40.9929
5742370000.0,-40.99281
5742370937.5,-40.98477
5742371875.0,-40.96838
5742372812.5,-41.0065
5742373750.0,-40.97865
5742374687.5,-40.99204
5742375625.0,-40.99961
5742376562.5,-40.97676
5742377500.0,-41.00918
5742378437.5,-40.98855
5742379375.0,-40.98242
5742380312.5,-40.98377
5742381250.0,-40.97539
5742382187.5,-40.96798
5742383125.0,-40.97828
5742384062.5,-40.98357
5742385000.0,-40.99394
5742385937.5,-40.96733
5742386875.0,-40.97371
5742387812.5,-40.96693
5742388750.0,-40.99594
5742389687.5,-40.97681
5742390625.0,-40.98576
5742391562.5,-40.99154
5742392500.0,-40.98672
5742393437.5,-40.98698
5742394375.0,-40.98739
5742395312.5,-40.96147
5742396250.0,-40.96882
5742397187.5,-40.97217
5742398125.0,-40.96816
5742399062.5,-40.9873
5742400000.0,-40.97229
5742400937.5,-40.9669
5742401875.0,-40.97011
5742402812.5,-40.95842
5742403750.0,-40.95792
5742404687.5,-40.96255
5742405625.0,-40.96479
5742406562.5,-40.97043
5742407500.0,-40.98446
5742408437.5,-40.95211
5742409375.0,-40.95332
5742410312.5,-40.97556
5742411250.0,-40.94743
5742412187.5,-40.95448
5742413125.0,-40.96824
5742414062.5,-40.94912
5742415000.0,-40.96814
5742415937.5,-40.96629
5742416875.0,-40.9758
5742417812.5,-40.95353
5742418750.0,-40.96408
5742419687.5,-40.94665
5742420625.0,-40.95799
5742421562.5,-40.96028
5742422500.0,-40.97105
5742423437.5,-40.94945
5742424375.0,-40.95433
5742425312.5,-40.96197
5742426250.0,-40.94257
5742427187.5,-40.93494
5742428125.0,-40.96659
5742429062.5,-40.95244
5742430000.0,-40.96144
5742430937.5,-40.95454
5742431875.0,-40.94373
5742432812.5,-40.96123
5742433750.0,-40.92467
5742434687.5,-40.94871
5742435625.0,-40.95646
5742436562.5,-40.95114
5742437500.0,-40.9587
5742438437.5,-40.9579
5742439375.0,-40.93316
5742440312.5,-40.95119
5742441250.0,-40.95333
5742442187.5,-40.93587
5742443125.0,-40.94456
5742444062.5,-40.9231
5742445000.0,-40.95159
5742445937.5,-40.9465
5742446875.0,-40.94354
5742447812.5,-40.948
5742448750.0,-40.945
5742449687.5,-40.93737
5742450625.0,-40.95519
5742451562.5,-40.94987
5742452500.0,-40.94264
5742453437.5,-40.94272
5742454375.0,-40.93142
5742455312.5,-40.93853
5742456250.0,-40.94812
5742457187.5,-40.92417
5742458125.0,-40.91287
5742459062.5,-40.92865
5742460000.0,-40.9486
5742460937.5,-40.91268
5742461875.0,-40.93442
5742462812.5,-40.93681
5742463750.0,-40.92831
5742464687.5,-40.95235
5742465625.0,-40.92245
5742466562.5,-40.93882
5742467500.0,-40.93274
5742468437.5,-40.93021
5742469375.0,-40.92249
5742470312.5,-40.9194
5742471250.0,-40.93076
5742472187.5,-40.89987
5742473125.0,-40.93165
5742474062.5,-40.9417
5742475000.0,-40.93587
5742475937.5,-40.91463
5742476875.0,-40.90833
5742477812.5,-40.92611
5742478750.0,-40.92538
5742479687.5,-40.90376
5742480625.0,-40.91701
5742481562.5,-40.92279
5742482500.0,-40.90756
5742483437.5,-40.92559
5742484375.0,-40.91964
5742485312.5,-40.91233
5742486250.0,-40.91931
5742487187.5,-40.90443
5742488125.0,-40.9271
5742489062.5,-40.90519
5742490000.0,-40.88809
5742490937.5,-40.91209
5742491875.0,-40.91599
5742492812.5,-40.90076
5742493750.0,-40.90064
5742494687.5,-40.92466
5742495625.0,-40.91664
5742496562.5,-40.92446
5742497500.0,-40.90429
5742498437.5,-40.90796
5742499375.0,-40.91099
5742500312.5,-40.92224
5742501250.0,-40.91688
5742502187.5,-40.90041
5742503125.0,-40.92093
5742504062.5,-40.91048
5742505000.0,-40.92859
5742505937.5,-40.92294
5742506875.0,-40.90108
5742507812.5,-40.90138
5742508750.0,-40.90958
5742509687.5,-40.90263
5742510625.0,-40.89735
5742511562.5,-40.90185
5742512500.0,-40.91399
5742513437.5,-40.90348
5742514375.0,-40.91341
5742515312.5,-40.9085
5742516250.0,-40.90421
5742517187.5,-40.90503
5742518125.0,-40.89394
5742519062.5,-40.89898
5742520000.0,-40.89967
5742520937.5,-40.90998
5742521875.0,-40.90725
5742522812.5,-40.8696
5742523750.0,-40.90979
5742524687.5,-40.88551
5742525625.0,-40.89162
5742526562.5,-40.87753
5742527500.0,-40.91674
5742528437.5,-40.91801
5742529375.0,-40.89102
5742530312.5,-40.90207
5742531250.0,-40.8952
5742532187.5,-40.8846
5742533125.0,-40.90059
5742534062.5,-40.86984
5742535000.0,-40.88433
5742535937.5,-40.90269
5742536875.0,-40.89359
5742537812.5,-40.88158
5742538750.0,-40.87997
5742539687.5,-40.88591
5742540625.0,-40.89769
5742541562.5,-40.87863
5742542500.0,-40.88829
5742543437.5,-40.88714
5742544375.0,-40.89989
5742545312.5,-40.90217
5742546250.0,-40.88722
5742547187.5,-40.86706
5742548125.0,-40.87471
5742549062.5,-40.86719
5742550000.0,-40.85245
5742550937.5,-40.87464
5742551875.0,-40.8778
5742552812.5,-40.88942
5742553750.0,-40.88732
5742554687.5,-40.8859
5742555625.0,-40.86343
5742556562.5,-40.89932
5742557500.0,-40.87302
5742558437.5,-40.88689
5742559375.0,-40.86233
5742560312.5,-40.87032
5742561250.0,-40.85495
5742562187.5,-40.87011
5742563125.0,-40.8738
5742564062.5,-40.85754
5742565000.0,-40.87496
5742565937.5,-40.86453
5742566875.0,-40.88613
5742567812.5,-40.86475
5742568750.0,-40.89021
5742569687.5,-40.87917
5742570625.0,-40.87294
5742571562.5,-40.85721
5742572500.0,-40.87464
5742573437.5,-40.84368
5742574375.0,-40.88106
5742575312.5,-40.87295
5742576250.0,-40.85249
5742577187.5,-40.86741
5742578125.0,-40.84319
5742579062.5,-40.87363
5742580000.0,-40.87608
5742580937.5,-40.87128
5742581875.0,-40.85372
5742582812.5,-40.85574
5742583750.0,-40.8589
5742584687.5,-40.85355
5742585625.0,-40.85833
5742586562.5,-40.85668
5742587500.0,-40.85207
5742588437.5,-40.86753
5742589375.0,-40.85703
5742590312.5,-40.84598
5742591250.0,-40.85611
5742592187.5,-40.86636
5742593125.0,-40.8528
5742594062.5,-40.86581
5742595000.0,-40.85677
5742595937.5,-40.88073
5742596875.0,-40.857
5742597812.5,-40.84338
5742598750.0,-40.8563
5742599687.5,-40.85066
5742600625.0,-40.84702
5742601562.5,-40.85123
5742602500.0,-40.84975
5742603437.5,-40.84436
5742604375.0,-40.84595
5742605312.5,-40.829
5742606250.0,-40.83784
5742607187.5,-40.87362
5742608125.0,-40.84858
5742609062.5,-40.81765
5742610000.0,-40.84772
5742610937.5,-40.84551
5742611875.0,-40.84318
5742612812.5,-40.86474
5742613750.0,-40.8345
5742614687.5,-40.82425
5742615625.0,-40.83864
5742616562.5,-40.82107
5742617500.0,-40.8395
5742618437.5,-40.82853
5742619375.0,-40.84519
5742620312.5,-40.84507
5742621250.0,-40.83575
5742622187.5,-40.83722
5742623125.0,-40.83913
5742624062.5,-40.83528
5742625000.0,-40.8383
5742625937.5,-40.82514
5742626875.0,-40.84529
5742627812.5,-40.82878
5742628750.0,-40.84012
5742629687.5,-40.809
5742630625.0,-40.84624
5742631562.5,-40.82861
5742632500.0,-40.82374
5742633437.5,-40.82194
5742634375.0,-40.82212
5742635312.5,-40.82515
5742636250.0,-40.83158
5742637187.5,-40.83241
5742638125.0,-40.81413
5742639062.5,-40.84095
5742640000.0,-40.8392
5742640937.5,-40.84431
5742641875.0,-40.84044
5742642812.5,-40.82661
5742643750.0,-40.82865
5742644687.5,-40.8109
5742645625.0,-40.81429
5742646562.5,-40.81472
5742647500.0,-40.8341
5742648437.5,-40.81835
5742649375.0,-40.82627
5742650312.5,-40.83385
5742651250.0,-40.80613
5742652187.5,-40.81806
5742653125.0,-40.80691
5742654062.5,-40.82062
5742655000.0,-40.80752
5742655937.5,-40.81119
5742656875.0,-40.82674
5742657812.5,-40.79832
5742658750.0,-40.82152
5742659687.5,-40.78961
5742660625.0,-40.81841
5742661562.5,-40.79362
5742662500.0,-40.80581
5742663437.5,-40.82456
5742664375.0,-40.82218
5742665312.5,-40.81475
5742666250.0,-40.82215
5742667187.5,-40.82003
5742668125.0,-40.8117
5742669062.5,-40.80769
5742670000.0,-40.79562
5742670937.5,-40.79507
5742671875.0,-40.80697
5742672812.5,-40.8158
5742673750.0,-40.79017
5742674687.5,-40.79997
5742675625.0,-40.79887
5742676562.5,-40.80395
5742677500.0,-40.80455
5742678437.5,-40.7926
5742679375.0,-40.80558
5742680312.5,-40.82462
5742681250.0,-40.79716
5742682187.5,-40.81775
5742683125.0,-40.78596
5742684062.5,-40.80999
5742685000.0,-40.79109
5742685937.5,-40.79098
5742686875.0,-40.77977
5742687812.5,-40.78769
5742688750.0,-40.79541
5742689687.5,-40.79623
5742690625.0,-40.77605
5742691562.5,-40.78624
5742692500.0,-40.8
5742693437.5,-40.79396
5742694375.0,-40.79099
5742695312.5,-40.80584
5742696250.0,-40.78343
5742697187.5,-40.80451
5742698125.0,-40.79348
5742699062.5,-40.77899
5742700000.0,-40.78749
5742700937.5,-40.77872
5742701875.0,-40.80779
5742702812.5,-40.79216
5742703750.0,-40.79421
5742704687.5,-40.77637
5742705625.0,-40.80436
5742706562.5,-40.78928
5742707500.0,-40.78874
5742708437.5,-40.78389
5742709375.0,-40.76864
5742710312.5,-40.79536
5742711250.0,-40.78032
5742712187.5,-40.77386
5742713125.0,-40.76744
5742714062.5,-40.76867
5742715000.0,-40.79314
5742715937.5,-40.7718
5742716875.0,-40.77965
5742717812.5,-40.77554
5742718750.0,-40.7878
5742719687.5,-40.78362
5742720625.0,-40.78781
5742721562.5,-40.77625
5742722500.0,-40.76513
5742723437.5,-40.76918
5742724375.0,-40.78046
5742725312.5,-40.78299
5742726250.0,-40.7579
5742727187.5,-40.75387
5742728125.0,-40.76871
5742729062.5,-40.76505
5742730000.0,-40.77237
5742730937.5,-40.77097
5742731875.0,-40.77546
5742732812.5,-40.76361
5742733750.0,-40.76859
5742734687.5,-40.75962
5742735625.0,-40.74959
5742736562.5,-40.74252
5742737500.0,-40.77172
5742738437.5,-40.74849
5742739375.0,-40.74849
5742740312.5,-40.7562
5742741250.0,-40.77044
5742742187.5,-40.75277
5742743125.0,-40.75867
5742744062.5,-40.76786
5742745000.0,-40.77296
5742745937.5,-40.75286
5742746875.0,-40.76421
5742747812.5,-40.74633
5742748750.0,-40.75899
5742749687.5,-40.77486
5742750625.0,-40.7566
5742751562.5,-40.75862
5742752500.0,-40.76313
5742753437.5,-40.768
5742754375.0,-40.7743
5742755312.5,-40.74266
5742756250.0,-40.75654
5742757187.5,-40.74918
5742758125.0,-40.75009
5742759062.5,-40.73877
5742760000.0,-40.75113
5742760937.5,-40.74804
5742761875.0,-40.7288
5742762812.5,-40.7485
5742763750.0,-40.75304
5742764687.5,-40.7494
5742765625.0,-40.74691
5742766562.5,-40.73008
5742767500.0,-40.74911
5742768437.5,-40.74523
5742769375.0,-40.75562
5742770312.5,-40.75896
5742771250.0,-40.74687
5742772187.5,-40.74569
5742773125.0,-40.74854
5742774062.5,-40.7482
5742775000.0,-40.72987
5742775937.5,-40.74185
5742776875.0,-40.75472
5742777812.5,-40.75794
5742778750.0,-40.72672
5742779687.5,-40.73619
5742780625.0,-40.74
5742781562.5,-40.72765
5742782500.0,-40.75264
5742783437.5,-40.75048
5742784375.0,-40.74931
5742785312.5,-40.74289
5742786250.0,-40.73354
5742787187.5,-40.72282
5742788125.0,-40.73199
5742789062.5,-40.74184
5742790000.0,-40.72002
5742790937.5,-40.72497
5742791875.0,-40.74002
5742792812.5,-40.73399
5742793750.0,-40.72104
5742794687.5,-40.73214
5742795625.0,-40.73314
5742796562.5,-40.71259
5742797500.0,-40.7145
5742798437.5,-40.72723
5742799375.0,-40.7323
5742800312.5,-40.7333
5742801250.0,-40.70744
5742802187.5,-40.72237
5742803125.0,-40.72191
5742804062.5,-40.73681
5742805000.0,-40.72149
5742805937.5,-40.72034
5742806875.0,-40.71811
5742807812.5,-40.72369
5742808750.0,-40.7122
5742809687.5,-40.7246
5742810625.0,-40.73735
5742811562.5,-40.72576
5742812500.0,-40.72203
5742813437.5,-40.71939
5742814375.0,-40.72853
5742815312.5,-40.72009
5742816250.0,-40.6978
5742817187.5,-40.72454
5742818125.0,-40.72456
5742819062.5,-40.70818
5742820000.0,-40.71399
5742820937.5,-40.70095
5742821875.0,-40.7116
5742822812.5,-40.68938
5742823750.0,-40.71073
5742824687.5,-40.72002
5742825625.0,-40.71727
5742826562.5,-40.70314
5742827500.0,-40.70358
5742828437.5,-40.71558
5742829375.0,-40.70482
5742830312.5,-40.71429
5742831250.0,-40.69658
5742832187.5,-40.69163
5742833125.0,-40.69871
5742834062.5,-40.7045
5742835000.0,-40.71786
5742835937.5,-40.70422
5742836875.0,-40.67244
5742837812.5,-40.69016
5742838750.0,-40.71309
5742839687.5,-40.68579
5742840625.0,-40.69396
5742841562.5,-40.68271
5742842500.0,-40.71412
5742843437.5,-40.67811
5742844375.0,-40.67088
5742845312.5,-40.69864
5742846250.0,-40.68025
5742847187.5,-40.69303
5742848125.0,-40.69431
5742849062.5,-40.6686
5742850000.0,-40.69311
5742850937.5,-40.71167
5742851875.0,-40.68154
5742852812.5,-40.68343
5742853750.0,-40.69242
5742854687.5,-40.69714
5742855625.0,-40.69205
5742856562.5,-40.68948
5742857500.0,-40.70594
5742858437.5,-40.6751
5742859375.0,-40.69965
5742860312.5,-40.69109
5742861250.0,-40.69609
5742862187.5,-40.6773
5742863125.0,-40.69134
5742864062.5,-40.69144
5742865000.0,-40.67902
5742865937.5,-40.69881
5742866875.0,-40.69266
5742867812.5,-40.70272
5742868750.0,-40.67345
5742869687.5,-40.67404
5742870625.0,-40.68626
5742871562.5,-40.67969
5742872500.0,-40.68367
5742873437.5,-40.68917
5742874375.0,-40.66497
5742875312.5,-40.66833
5742876250.0,-40.69141
5742877187.5,-40.68722
5742878125.0,-40.68967
5742879062.5,-40.68333
5742880000.0,-40.6615
5742880937.5,-40.6813
5742881875.0,-40.66767
5742882812.5,-40.68451
5742883750.0,-40.67332
5742884687.5,-40.67129
5742885625.0,-40.65846
5742886562.5,-40.67401
5742887500.0,-40.66656
5742888437.5,-40.6918
5742889375.0,-40.65796
5742890312.5,-40.66126
5742891250.0,-40.68375
5742892187.5,-40.66988
5742893125.0,-40.68378
5742894062.5,-40.66689
5742895000.0,-40.66795
5742895937.5,-40.64653
5742896875.0,-40.66129
5742897812.5,-40.66536
5742898750.0,-40.64864
5742899687.5,-40.66359
5742900625.0,-40.66931
5742901562.5,-40.65368
5742902500.0,-40.65233
5742903437.5,-40.68097
5742904375.0,-40.66462
5742905312.5,-40.65777
5742906250.0,-40.67267
5742907187.5,-40.64006
5742908125.0,-40.66261
5742909062.5,-40.64202
5742910000.0,-40.65418
5742910937.5,-40.65939
5742911875.0,-40.63449
5742912812.5,-40.65864
5742913750.0,-40.65342
5742914687.5,-40.65043
5742915625.0,-40.63844
5742916562.5,-40.66476
5742917500.0,-40.63332
5742918437.5,-40.64625
5742919375.0,-40.65007
5742920312.5,-40.65216
5742921250.0,-40.64173
5742922187.5,-40.65084
5742923125.0,-40.65108
5742924062.5,-40.65114
5742925000.0,-40.6394
5742925937.5,-40.6381
5742926875.0,-40.63757
5742927812.5,-40.66021
5742928750.0,-40.64179
5742929687.5,-40.64872
5742930625.0,-40.6422
5742931562.5,-40.63697
5742932500.0,-40.64363
5742933437.5,-40.64661
5742934375.0,-40.61628
5742935312.5,-40.64545
5742936250.0,-40.63988
5742937187.5,-40.62727
5742938125.0,-40.63386
5742939062.5,-40.64638
5742940000.0,-40.63965
5742940937.5,-40.64129
5742941875.0,-40.65071
5742942812.5,-40.62631
5742943750.0,-40.64037
5742944687.5,-40.62494
5742945625.0,-40.63501
5742946562.5,-40.62995
5742947500.0,-40.63607
5742948437.5,-40.65104
5742949375.0,-40.64249
5742950312.5,-40.63697
5742951250.0,-40.63328
5742952187.5,-40.62379
5742953125.0,-40.61925
5742954062.5,-40.62101
5742955000.0,-40.63849
5742955937.5,-40.62159
5742956875.0,-40.62724
5742957812.5,-40.64878
5742958750.0,-40.62813
5742959687.5,-40.61837
5742960625.0,-40.6256
5742961562.5,-40.62215
5742962500.0,-40.62145
5742963437.5,-40.61752
5742964375.0,-40.62544
5742965312.5,-40.64143
5742966250.0,-40.63028
5742967187.5,-40.62609
5742968125.0,-40.63279
5742969062.5,-40.61386
5742970000.0,-40.62734
5742970937.5,-40.62843
5742971875.0,-40.62993
5742972812.5,-40.59947
5742973750.0,-40.59223
5742974687.5,-40.61138
5742975625.0,-40.61435
5742976562.5,-40.59336
5742977500.0,-40.6172
5742978437.5,-40.61224
5742979375.0,-40.61489
5742980312.5,-40.62055
5742981250.0,-40.60461
5742982187.5,-40.60685
5742983125.0,-40.60901
5742984062.5,-40.60274
5742985000.0,-40.6188
5742985937.5,-40.6048
5742986875.0,-40.61151
5742987812.5,-40.59985
5742988750.0,-40.60819
5742989687.5,-40.6072
5742990625.0,-40.59615
5742991562.5,-40.60352
5742992500.0,-40.60532
5742993437.5,-40.61073
5742994375.0,-40.60094
5742995312.5,-40.59816
5742996250.0,-40.5846
5742997187.5,-40.58931
5742998125.0,-40.62637
5742999062.5,-40.60239
5743000000.0,-40.60706
5743000937.5,-40.58872
5743001875.0,-40.59912
5743002812.5,-40.58926
5743003750.0,-40.58749
5743004687.5,-40.59632
5743005625.0,-40.60723
5743006562.5,-40.58161
5743007500.0,-40.59664
5743008437.5,-40.60402
5743009375.0,-40.60244
5743010312.5,-40.57858
5743011250.0,-40.58109
5743012187.5,-40.57578
5743013125.0,-40.59251
5743014062.5,-40.61206
5743015000.0,-40.60315
5743015937.5,-40.58134
5743016875.0,-40.58244
5743017812.5,-40.59099
5743018750.0,-40.58239
5743019687.5,-40.59314
5743020625.0,-40.57727
5743021562.5,-40.58893
5743022500.0,-40.57986
5743023437.5,-40.57769
5743024375.0,-40.5912
5743025312.5,-40.59851
5743026250.0,-40.58794
5743027187.5,-40.61757
5743028125.0,-40.58513
5743029062.5,-40.56916
5743030000.0,-40.58092
5743030937.5,-40.59111
5743031875.0,-40.58918
5743032812.5,-40.58294
5743033750.0,-40.57602
5743034687.5,-40.58429
5743035625.0,-40.58375
5743036562.5,-40.58354
5743037500.0,-40.57862
5743038437.5,-40.57998
5743039375.0,-40.57084
5743040312.5,-40.57939
5743041250.0,-40.58592
5743042187.5,-40.56992
5743043125.0,-40.57702
5743044062.5,-40.56874
5743045000.0,-40.57162
5743045937.5,-40.57522
5743046875.0,-40.56813
5743047812.5,-40.57375
5743048750.0,-40.57397
5743049687.5,-40.55198
5743050625.0,-40.56906
5743051562.5,-40.56007
5743052500.0,-40.55871
5743053437.5,-40.56717
5743054375.0,-40.5573
5743055312.5,-40.57145
5743056250.0,-40.55893
5743057187.5,-40.55074
5743058125.0,-40.55692
5743059062.5,-40.54903
5743060000.0,-40.5504
5743060937.5,-40.56059
5743061875.0,-40.56041
5743062812.5,-40.56358
5743063750.0,-40.58055
5743064687.5,-40.54243
5743065625.0,-40.57066
5743066562.5,-40.54424
5743067500.0,-40.55364
5743068437.5,-40.55791
5743069375.0,-40.54649
5743070312.5,-40.55302
5743071250.0,-40.56583
5743072187.5,-40.53699
5743073125.0,-40.55461
5743074062.5,-40.54943
5743075000.0,-40.53372
5743075937.5,-40.55492
5743076875.0,-40.54691
5743077812.5,-40.5594
5743078750.0,-40.57138
5743079687.5,-40.53242
5743080625.0,-40.5505
5743081562.5,-40.54366
5743082500.0,-40.5432
5743083437.5,-40.55512
5743084375.0,-40.53623
5743085312.5,-40.55142
5743086250.0,-40.56095
5743087187.5,-40.53444
5743088125.0,-40.53801
5743089062.5,-40.53646
5743090000.0,-40.55075
5743090937.5,-40.53819
5743091875.0,-40.52067
5743092812.5,-40.53835
5743093750.0,-40.5358
5743094687.5,-40.53076
5743095625.0,-40.53822
5743096562.5,-40.55678
5743097500.0,-40.54684
5743098437.5,-40.53638
5743099375.0,-40.55082
5743100312.5,-40.52158
5743101250.0,-40.53033
5743102187.5,-40.55033
5743103125.0,-40.54915
5743104062.5,-40.54011
5743105000.0,-40.5146
5743105937.5,-40.53036
5743106875.0,-40.53928
5743107812.5,-40.52733
5743108750.0,-40.52748
5743109687.5,-40.51436
5743110625.0,-40.53991
5743111562.5,-40.52008
5743112500.0,-40.53136
5743113437.5,-40.51387
5743114375.0,-40.52108
5743115312.5,-40.52663
5743116250.0,-40.51895
5743117187.5,-40.51472
5743118125.0,-40.51517
5743119062.5,-40.53441
5743120000.0,-40.53349
5743120937.5,-40.51937
5743121875.0,-40.49966
5743122812.5,-40.49882
5743123750.0,-40.51874
5743124687.5,-40.51174
5743125625.0,-40.50386
5743126562.5,-40.52331
5743127500.0,-40.51568
5743128437.5,-40.52562
5743129375.0,-40.50869
5743130312.5,-40.49641
5743131250.0,-40.53382
5743132187.5,-40.49701
5743133125.0,-40.52042
5743134062.5,-40.50314
5743135000.0,-40.5345
5743135937.5,-40.51973
5743136875.0,-40.49666
5743137812.5,-40.5083
5743138750.0,-40.51823
5743139687.5,-40.50437
5743140625.0,-40.49181
5743141562.5,-40.49844
5743142500.0,-40.51202
5743143437.5,-40.51653
5743144375.0,-40.50219
5743145312.5,-40.51097
5743146250.0,-40.51869
5743147187.5,-40.50256
5743148125.0,-40.50571
5743149062.5,-40.50597
5743150000.0,-40.50149
5743150937.5,-40.50024
5743151875.0,-40.50992
5743152812.5,-40.51286
5743153750.0,-40.51338
5743154687.5,-40.50209
5743155625.0,-40.50013
5743156562.5,-40.49194
5743157500.0,-40.49451
5743158437.5,-40.50554
5743159375.0,-40.51251
5743160312.5,-40.49096
5743161250.0,-40.47538
5743162187.5,-40.48817
5743163125.0,-40.50427
5743164062.5,-40.51402
5743165000.0,-40.48716
5743165937.5,-40.49016
5743166875.0,-40.49243
5743167812.5,-40.46821
5743168750.0,-40.50866
5743169687.5,-40.48068
5743170625.0,-40.49808
5743171562.5,-40.50438
5743172500.0,-40.49722
5743173437.5,-40.48473
5743174375.0,-40.48106
5743175312.5,-40.49048
5743176250.0,-40.47276
5743177187.5,-40.48078
5743178125.0,-40.49812
5743179062.5,-40.4882
5743180000.0,-40.48594
5743180937.5,-40.48197
5743181875.0,-40.47549
5743182812.5,-40.47043
5743183750.0,-40.47323
5743184687.5,-40.48586
5743185625.0,-40.47182
5743186562.5,-40.47353
5743187500.0,-40.48867
5743188437.5,-40.47036
5743189375.0,-40.48627
5743190312.5,-40.47999
5743191250.0,-40.48261
5743192187.5,-40.46975
5743193125.0,-40.46513
5743194062.5,-40.48584
5743195000.0,-40.4744
5743195937.5,-40.46864
5743196875.0,-40.45432
5743197812.5,-40.48658
5743198750.0,-40.47778
5743199687.5,-40.47187
5743200625.0,-40.45511
5743201562.5,-40.48166
5743202500.0,-40.459
5743203437.5,-40.45832
5743204375.0,-40.44813
5743205312.5,-40.47723
5743206250.0,-40.45124
5743207187.5,-40.47557
5743208125.0,-40.47156
5743209062.5,-40.47752
5743210000.0,-40.4506
5743210937.5,-40.45454
5743211875.0,-40.45639
5743212812.5,-40.4696
5743213750.0,-40.46879
5743214687.5,-40.44463
5743215625.0,-40.46301
5743216562.5,-40.45349
5743217500.0,-40.44486
5743218437.5,-40.44934
5743219375.0,-40.46618
5743220312.5,-40.47136
5743221250.0,-40.45939
5743222187.5,-40.47302
5743223125.0,-40.45536
5743224062.5,-40.46893
5743225000.0,-40.45325
5743225937.5,-40.45178
5743226875.0,-40.46802
5743227812.5,-40.46069
5743228750.0,-40.44938
5743229687.5,-40.45337
5743230625.0,-40.44983
5743231562.5,-40.4703
5743232500.0,-40.46577
5743233437.5,-40.45754
5743234375.0,-40.46543
5743235312.5,-40.44418
5743236250.0,-40.45947
5743237187.5,-40.45525
5743238125.0,-40.45312
5743239062.5,-40.45734
5743240000.0,-40.464
5743240937.5,-40.4483
5743241875.0,-40.44762
5743242812.5,-40.44665
5743243750.0,-40.43052
5743244687.5,-40.43074
5743245625.0,-40.4536
5743246562.5,-40.4597
5743247500.0,-40.43917
5743248437.5,-40.44495
5743249375.0,-40.43779
5743250312.5,-40.4537
5743251250.0,-40.42849
5743252187.5,-40.45102
5743253125.0,-40.40918
5743254062.5,-40.43593
5743255000.0,-40.44452
5743255937.5,-40.43059
5743256875.0,-40.44785
5743257812.5,-40.44399
5743258750.0,-40.42925
5743259687.5,-40.421
5743260625.0,-40.4167
5743261562.5,-40.42299
5743262500.0,-40.44998
5743263437.5,-40.41789
5743264375.0,-40.43174
5743265312.5,-40.41834
5743266250.0,-40.42033
5743267187.5,-40.4338
5743268125.0,-40.43345
5743269062.5,-40.43108
5743270000.0,-40.42449
5743270937.5,-40.414
5743271875.0,-40.42852
5743272812.5,-40.42046
5743273750.0,-40.42187
5743274687.5,-40.42339
5743275625.0,-40.44171
5743276562.5,-40.42614
5743277500.0,-40.42079
5743278437.5,-40.41763
5743279375.0,-40.42953
5743280312.5,-40.42756
5743281250.0,-40.4285
5743282187.5,-40.42028
5743283125.0,-40.4294
5743284062.5,-40.4221
5743285000.0,-40.40281
5743285937.5,-40.4137
5743286875.0,-40.41439
5743287812.5,-40.41089
5743288750.0,-40.40559
5743289687.5,-40.4176
5743290625.0,-40.41145
5743291562.5,-40.40166
5743292500.0,-40.40936
5743293437.5,-40.40846
5743294375.0,-40.42254
5743295312.5,-40.41206
5743296250.0,-40.41625
5743297187.5,-40.40311
5743298125.0,-40.39461
5743299062.5,-40.41918
5743300000.0,-40.40552
5743300937.5,-40.41632
5743301875.0,-40.42396
5743302812.5,-40.41591
5743303750.0,-40.38733
5743304687.5,-40.42188
5743305625.0,-40.37639
5743306562.5,-40.39377
5743307500.0,-40.39787
5743308437.5,-40.39465
5743309375.0,-40.40496
5743310312.5,-40.39643
5743311250.0,-40.39266
5743312187.5,-40.40518
5743313125.0,-40.39165
5743314062.5,-40.39966
5743315000.0,-40.41014
5743315937.5,-40.39869
5743316875.0,-40.37463
5743317812.5,-40.40238
5743318750.0,-40.37607
5743319687.5,-40.39202
5743320625.0,-40.40036
5743321562.5,-40.38169
5743322500.0,-40.39427
5743323437.5,-40.38683
5743324375.0,-40.40767
5743325312.5,-40.39795
5743326250.0,-40.3819
5743327187.5,-40.37996
5743328125.0,-40.38365
5743329062.5,-40.39633
5743330000.0,-40.39028
5743330937.5,-40.40768
5743331875.0,-40.38371
5743332812.5,-40.3924
5743333750.0,-40.41471
5743334687.5,-40.38594
5743335625.0,-40.38369
5743336562.5,-40.36767
5743337500.0,-40.38566
5743338437.5,-40.37825
5743339375.0,-40.35867
5743340312.5,-40.37057
5743341250.0,-40.37908
5743342187.5,-40.3935
5743343125.0,-40.37366
5743344062.5,-40.37434
5743345000.0,-40.37966
5743345937.5,-40.3843
5743346875.0,-40.38456
5743347812.5,-40.37331
5743348750.0,-40.39016
5743349687.5,-40.36623
5743350625.0,-40.38929
5743351562.5,-40.36137
5743352500.0,-40.38012
5743353437.5,-40.37511
5743354375.0,-40.38
5743355312.5,-40.36937
5743356250.0,-40.35576
5743357187.5,-40.3702
5743358125.0,-40.3684
5743359062.5,-40.36638
5743360000.0,-40.37241
5743360937.5,-40.34187
5743361875.0,-40.34449
5743362812.5,-40.35096
5743363750.0,-40.36683
5743364687.5,-40.35622
5743365625.0,-40.36389
5743366562.5,-40.34614
5743367500.0,-40.35397
5743368437.5,-40.35902
5743369375.0,-40.36215
5743370312.5,-40.35472
5743371250.0,-40.35931
5743372187.5,-40.35747
5743373125.0,-40.36762
5743374062.5,-40.36914
5743375000.0,-40.34736
5743375937.5,-40.37535
5743376875.0,-40.35505
5743377812.5,-40.3409
5743378750.0,-40.35355
5743379687.5,-40.34204
5743380625.0,-40.3462
5743381562.5,-40.35308
5743382500.0,-40.34944
5743383437.5,-40.35189
5743384375.0,-40.34952
5743385312.5,-40.35173
5743386250.0,-40.35212
5743387187.5,-40.35332
5743388125.0,-40.3573
5743389062.5,-40.33876
5743390000.0,-40.33986
5743390937.5,-40.35408
5743391875.0,-40.34789
5743392812.5,-40.34332
5743393750.0,-40.36494
5743394687.5,-40.34504
5743395625.0,-40.34941
5743396562.5,-40.34666
5743397500.0,-40.33919
5743398437.5,-40.3433
5743399375.0,-40.34474
5743400312.5,-40.33339
5743401250.0,-40.33068
5743402187.5,-40.33732
5743403125.0,-40.33978
5743404062.5,-40.33617
5743405000.0,-40.33257
5743405937.5,-40.33405
5743406875.0,-40.32742
5743407812.5,-40.33958
5743408750.0,-40.32927
5743409687.5,-40.33377
5743410625.0,-40.32902
5743411562.5,-40.33756
5743412500.0,-40.33595
5743413437.5,-40.34347
5743414375.0,-40.34008
5743415312.5,-40.3316
5743416250.0,-40.32242
5743417187.5,-40.34295
5743418125.0,-40.33753
5743419062.5,-40.34592
5743420000.0,-40.33519
5743420937.5,-40.32369
5743421875.0,-40.33248
5743422812.5,-40.32949
5743423750.0,-40.32719
5743424687.5,-40.33178
5743425625.0,-40.31906
5743426562.5,-40.31803
5743427500.0,-40.33671
5743428437.5,-40.33455
5743429375.0,-40.31885
5743430312.5,-40.31375
5743431250.0,-40.30488
5743432187.5,-40.304
5743433125.0,-40.31936
5743434062.5,-40.2994
5743435000.0,-40.31781
5743435937.5,-40.33204
5743436875.0,-40.3029
5743437812.5,-40.30955
5743438750.0,-40.32282
5743439687.5,-40.3173
5743440625.0,-40.31183
5743441562.5,-40.3052
5743442500.0,-40.30972
5743443437.5,-40.30816
5743444375.0,-40.31072
5743445312.5,-40.29376
5743446250.0,-40.31056
5743447187.5,-40.30427
5743448125.0,-40.31534
5743449062.5,-40.31989
5743450000.0,-40.30055
5743450937.5,-40.30712
5743451875.0,-40.30394
5743452812.5,-40.28531
5743453750.0,-40.31031
5743454687.5,-40.30578
5743455625.0,-40.292
5743456562.5,-40.29011
5743457500.0,-40.29092
5743458437.5,-40.28733
5743459375.0,-40.30022
5743460312.5,-40.30989
5743461250.0,-40.3054
5743462187.5,-40.30268
5743463125.0,-40.30929
5743464062.5,-40.29479
5743465000.0,-40.28354
5743465937.5,-40.31543
5743466875.0,-40.30272
5743467812.5,-40.30009
5743468750.0,-40.29617
5743469687.5,-40.30362
5743470625.0,-40.29145
5743471562.5,-40.29723
5743472500.0,-40.28503
5743473437.5,-40.29198
5743474375.0,-40.29002
5743475312.5,-40.28814
5743476250.0,-40.2974
5743477187.5,-40.28434
5743478125.0,-40.2919
5743479062.5,-40.27538
5743480000.0,-40.28934
5743480937.5,-40.29564
5743481875.0,-40.29377
5743482812.5,-40.28254
5743483750.0,-40.29622
5743484687.5,-40.28741
5743485625.0,-40.26782
5743486562.5,-40.27394
5743487500.0,-40.26175
5743488437.5,-40.29706
5743489375.0,-40.29186
5743490312.5,-40.26652
5743491250.0,-40.29508
5743492187.5,-40.2915
5743493125.0,-40.28508
5743494062.5,-40.27932
5743495000.0,-40.27527
5743495937.5,-40.26925
5743496875.0,-40.27704
5743497812.5,-40.26763
5743498750.0,-40.28575
5743499687.5,-40.28205
5743500625.0,-40.25887
5743501562.5,-40.2518
5743502500.0,-40.29183
5743503437.5,-40.28435
5743504375.0,-40.27433
5743505312.5,-40.27512
5743506250.0,-40.27342
5743507187.5,-40.25987
5743508125.0,-40.27245
5743509062.5,-40.2635
5743510000.0,-40.27134
5743510937.5,-40.27664
5743511875.0,-40.28761
5743512812.5,-40.26409
5743513750.0,-40.28431
5743514687.5,-40.24466
5743515625.0,-40.28271
5743516562.5,-40.28241
5743517500.0,-40.25071
5743518437.5,-40.25914
5743519375.0,-40.23627
5743520312.5,-40.25565
5743521250.0,-40.27262
5743522187.5,-40.25381
5743523125.0,-40.27097
5743524062.5,-40.2627
5743525000.0,-40.2388
5743525937.5,-40.27393
5743526875.0,-40.26076
5743527812.5,-40.24994
5743528750.0,-40.26015
5743529687.5,-40.25529
5743530625.0,-40.25165
5743531562.5,-40.24827
5743532500.0,-40.24637
5743533437.5,-40.25478
5743534375.0,-40.25345
5743535312.5,-40.25147
5743536250.0,-40.25433
5743537187.5,-40.24037
5743538125.0,-40.25595
5743539062.5,-40.2428
5743540000.0,-40.26625
5743540937.5,-40.25352
5743541875.0,-40.24693
5743542812.5,-40.23971
5743543750.0,-40.24057
5743544687.5,-40.25194
5743545625.0,-40.27217
5743546562.5,-40.24647
5743547500.0,-40.24089
5743548437.5,-40.25275
5743549375.0,-40.24278
5743550312.5,-40.23284
5743551250.0,-40.24405
5743552187.5,-40.25574
5743553125.0,-40.24284
5743554062.5,-40.26041
5743555000.0,-40.2398
5743555937.5,-40.23684
5743556875.0,-40.2229
5743557812.5,-40.24359
5743558750.0,-40.22455
5743559687.5,-40.22836
5743560625.0,-40.22925
5743561562.5,-40.24798
5743562500.0,-40.23629
5743563437.5,-40.22905
5743564375.0,-40.22944
5743565312.5,-40.23836
5743566250.0,-40.24462
5743567187.5,-40.22813
5743568125.0,-40.23174
5743569062.5,-40.22979
5743570000.0,-40.2186
5743570937.5,-40.21616
5743571875.0,-40.22771
5743572812.5,-40.25121
5743573750.0,-40.23991
5743574687.5,-40.214
5743575625.0,-40.22282
5743576562.5,-40.20248
5743577500.0,-40.22683
5743578437.5,-40.21623
5743579375.0,-40.22762
5743580312.5,-40.22859
5743581250.0,-40.23038
5743582187.5,-40.22634
5743583125.0,-40.22097
5743584062.5,-40.22225
5743585000.0,-40.21752
5743585937.5,-40.22139
5743586875.0,-40.20666
5743587812.5,-40.22802
5743588750.0,-40.19993
5743589687.5,-40.21496
5743590625.0,-40.20641
5743591562.5,-40.22612
5743592500.0,-40.22258
5743593437.5,-40.20751
5743594375.0,-40.21966
5743595312.5,-40.2315
5743596250.0,-40.21004
5743597187.5,-40.22075
5743598125.0,-40.22025
5743599062.5,-40.20001
5743600000.0,-40.24093
5743600937.5,-40.21571
5743601875.0,-40.20274
5743602812.5,-40.22472
5743603750.0,-40.21096
5743604687.5,-40.20311
5743605625.0,-40.20592
5743606562.5,-40.19713
5743607500.0,-40.20592
5743608437.5,-40.21901
5743609375.0,-40.21115
5743610312.5,-40.20181
5743611250.0,-40.1948
5743612187.5,-40.20943
5743613125.0,-40.20625
5743614062.5,-40.21642
5743615000.0,-40.19761
5743615937.5,-40.20463
5743616875.0,-40.21027
5743617812.5,-40.19037
5743618750.0,-40.20061
5743619687.5,-40.1982
5743620625.0,-40.20175
5743621562.5,-40.18602
5743622500.0,-40.19969
5743623437.5,-40.2142
5743624375.0,-40.19284
5743625312.5,-40.19909
5743626250.0,-40.18535
5743627187.5,-40.20092
5743628125.0,-40.18666
5743629062.5,-40.18322
5743630000.0,-40.19436
5743630937.5,-40.20449
5743631875.0,-40.18039
5743632812.5,-40.19084
5743633750.0,-40.18707
5743634687.5,-40.17926
5743635625.0,-40.17417
5743636562.5,-40.18791
5743637500.0,-40.16148
5743638437.5,-40.17784
5743639375.0,-40.17871
5743640312.5,-40.1917
5743641250.0,-40.17121
5743642187.5,-40.16988
5743643125.0,-40.18069
5743644062.5,-40.18062
5743645000.0,-40.18162
5743645937.5,-40.19133
5743646875.0,-40.16777
5743647812.5,-40.17992
5743648750.0,-40.17814
5743649687.5,-40.1785
5743650625.0,-40.173
5743651562.5,-40.1881
5743652500.0,-40.1785
5743653437.5,-40.17438
5743654375.0,-40.14613
5743655312.5,-40.18724
5743656250.0,-40.16718
5743657187.5,-40.17106
5743658125.0,-40.17063
5743659062.5,-40.1637
5743660000.0,-40.17293
5743660937.5,-40.17517
5743661875.0,-40.17161
5743662812.5,-40.17551
5743663750.0,-40.16925
5743664687.5,-40.16531
5743665625.0,-40.15424
5743666562.5,-40.15065
5743667500.0,-40.16478
5743668437.5,-40.17001
5743669375.0,-40.16077
5743670312.5,-40.16902
5743671250.0,-40.1465
5743672187.5,-40.15254
5743673125.0,-40.14953
5743674062.5,-40.15672
5743675000.0,-40.1568
5743675937.5,-40.15115
5743676875.0,-40.16153
5743677812.5,-40.14999
5743678750.0,-40.16433
5743679687.5,-40.15626
5743680625.0,-40.14534
5743681562.5,-40.1569
5743682500.0,-40.13931
5743683437.5,-40.16413
5743684375.0,-40.15437
5743685312.5,-40.12135
5743686250.0,-40.14695
5743687187.5,-40.16023
5743688125.0,-40.16023
5743689062.5,-40.14983
5743690000.0,-40.15973
5743690937.5,-40.14119
5743691875.0,-40.13926
5743692812.5,-40.15831
5743693750.0,-40.15268
5743694687.5,-40.14676
5743695625.0,-40.14587
5743696562.5,-40.14641
5743697500.0,-40.14457
5743698437.5,-40.13613
5743699375.0,-40.14616
5743700312.5,-40.16162
5743701250.0,-40.13513
5743702187.5,-40.1519
5743703125.0,-40.16312
5743704062.5,-40.13438
5743705000.0,-40.12104
5743705937.5,-40.14527
5743706875.0,-40.14346
5743707812.5,-40.14232
5743708750.0,-40.12123
5743709687.5,-40.12812
5743710625.0,-40.13975
5743711562.5,-40.13888
5743712500.0,-40.13091
5743713437.5,-40.14415
5743714375.0,-40.13644
5743715312.5,-40.14513
5743716250.0,-40.12395
5743717187.5,-40.13523
5743718125.0,-40.1121
5743719062.5,-40.12046
5743720000.0,-40.13651
5743720937.5,-40.13545
5743721875.0,-40.13546
5743722812.5,-40.12709
5743723750.0,-40.11511
5743724687.5,-40.15079
5743725625.0,-40.13536
5743726562.5,-40.13322
5743727500.0,-40.12455
5743728437.5,-40.13628
5743729375.0,-40.12767
5743730312.5,-40.12625
5743731250.0,-40.11838
5743732187.5,-40.12775
5743733125.0,-40.12277
5743734062.5,-40.1069
5743735000.0,-40.15125
5743735937.5,-40.1088
5743736875.0,-40.11121
5743737812.5,-40.11428
5743738750.0,-40.11295
5743739687.5,-40.11446
5743740625.0,-40.1024
5743741562.5,-40.13411
5743742500.0,-40.09192
5743743437.5,-40.1162
5743744375.0,-40.09098
5743745312.5,-40.12299
5743746250.0,-40.11666
5743747187.5,-40.0966
5743748125.0,-40.1003
5743749062.5,-40.11433
5743750000.0,-40.11784
5743750937.5,-40.10199
5743751875.0,-40.1207
5743752812.5,-40.10623
5743753750.0,-40.12135
5743754687.5,-40.10713
5743755625.0,-40.11123
5743756562.5,-40.11517
5743757500.0,-40.0919
5743758437.5,-40.09194
5743759375.0,-40.08665
5743760312.5,-40.10789
5743761250.0,-40.09771
5743762187.5,-40.10325
5743763125.0,-40.1076
5743764062.5,-40.08944
5743765000.0,-40.09044
5743765937.5,-40.09661
5743766875.0,-40.08792
5743767812.5,-40.09455
5743768750.0,-40.10043
5743769687.5,-40.09907
5743770625.0,-40.07595
5743771562.5,-40.09693
5743772500.0,-40.11018
5743773437.5,-40.10176
5743774375.0,-40.09602
5743775312.5,-40.10117
5743776250.0,-40.08437
5743777187.5,-40.08227
5743778125.0,-40.09903
5743779062.5,-40.07412
5743780000.0,-40.08829
5743780937.5,-40.10198
5743781875.0,-40.10596
5743782812.5,-40.08752
5743783750.0,-40.07727
5743784687.5,-40.08312
5743785625.0,-40.08226
5743786562.5,-40.06974
5743787500.0,-40.08575
5743788437.5,-40.08192
5743789375.0,-40.0745
5743790312.5,-40.06763
5743791250.0,-40.08972
5743792187.5,-40.07304
5743793125.0,-40.08648
5743794062.5,-40.07927
5743795000.0,-40.06741
5743795937.5,-40.09143
5743796875.0,-40.07313
5743797812.5,-40.06029
5743798750.0,-40.08754
5743799687.5,-40.0858
5743800625.0,-40.07113
5743801562.5,-40.07962
5743802500.0,-40.08078
5743803437.5,-40.07916
5743804375.0,-40.06889
5743805312.5,-40.08295
5743806250.0,-40.08155
5743807187.5,-40.05761
5743808125.0,-40.06213
5743809062.5,-40.08435
5743810000.0,-40.08307
5743810937.5,-40.06306
5743811875.0,-40.05581
5743812812.5,-40.07581
5743813750.0,-40.06902
5743814687.5,-40.0479
5743815625.0,-40.06528
5743816562.5,-40.06096
5743817500.0,-40.05977
5743818437.5,-40.06197
5743819375.0,-40.05075
5743820312.5,-40.06266
5743821250.0,-40.06661
5743822187.5,-40.07513
5743823125.0,-40.05049
5743824062.5,-40.0586
5743825000.0,-40.06582
5743825937.5,-40.05617
5743826875.0,-40.05936
5743827812.5,-40.05296
5743828750.0,-40.05756
5743829687.5,-40.05401
5743830625.0,-40.05649
5743831562.5,-40.05275
5743832500.0,-40.05302
5743833437.5,-40.05825
5743834375.0,-40.04543
5743835312.5,-40.05916
5743836250.0,-40.06244
5743837187.5,-40.04276
5743838125.0,-40.06158
5743839062.5,-40.0533
5743840000.0,-40.05417
5743840937.5,-40.05278
5743841875.0,-40.04425
5743842812.5,-40.05207
5743843750.0,-40.03958
5743844687.5,-40.04289
5743845625.0,-40.06093
5743846562.5,-40.03438
5743847500.0,-40.03466
5743848437.5,-40.0491
5743849375.0,-40.04295
5743850312.5,-40.04252
5743851250.0,-40.0601
5743852187.5,-40.0358
5743853125.0,-40.05858
5743854062.5,-40.04133
5743855000.0,-40.03017
5743855937.5,-40.04011
5743856875.0,-40.03005
5743857812.5,-40.03521
5743858750.0,-40.04171
5743859687.5,-40.05154
5743860625.0,-40.02992
5743861562.5,-40.05392
5743862500.0,-40.03352
5743863437.5,-40.02468
5743864375.0,-40.05153
5743865312.5,-40.00907
5743866250.0,-40.04811
5743867187.5,-40.04998
5743868125.0,-40.03565
5743869062.5,-40.03994
5743870000.0,-40.02145
5743870937.5,-40.02751
5743871875.0,-40.02534
5743872812.5,-39.99529
5743873750.0,-40.02074
5743874687.5,-40.03242
5743875625.0,-40.02518
5743876562.5,-40.0237
5743877500.0,-40.02539
5743878437.5,-40.01979
5743879375.0,-40.01743
5743880312.5,-40.02113
5743881250.0,-40.02968
5743882187.5,-40.022
5743883125.0,-40.02562
5743884062.5,-40.00967
5743885000.0,-40.0332
5743885937.5,-40.03286
5743886875.0,-40.01095
5743887812.5,-40.00705
5743888750.0,-40.00628
5743889687.5,-40.01273
5743890625.0,-40.02214
5743891562.5,-40.0129
5743892500.0,-40.01192
5743893437.5,-40.01704
5743894375.0,-40.00675
5743895312.5,-40.01328
5743896250.0,-40.01801
5743897187.5,-40.02691
5743898125.0,-40.00523
5743899062.5,-40.01883
5743900000.0,-40.00838
5743900937.5,-39.99902
5743901875.0,-40.0142
5743902812.5,-39.99239
5743903750.0,-40.00457
5743904687.5,-40.01249
5743905625.0,-40.00692
5743906562.5,-40.0038
5743907500.0,-39.99976
5743908437.5,-40.00455
5743909375.0,-39.9963
5743910312.5,-40.0015
5743911250.0,-39.98976
5743912187.5,-39.99277
5743913125.0,-39.99691
5743914062.5,-40.01107
5743915000.0,-39.99503
5743915937.5,-40.00082
5743916875.0,-39.9909
5743917812.5,-39.99825
5743918750.0,-40.01141
5743919687.5,-40.00229
5743920625.0,-39.99143
5743921562.5,-39.99796
5743922500.0,-40.00407
5743923437.5,-39.99746
5743924375.0,-39.99424
5743925312.5,-39.98587
5743926250.0,-40.00414
5743927187.5,-39.99794
5743928125.0,-39.99931
5743929062.5,-39.98367
5743930000.0,-39.9781
5743930937.5,-39.98648
5743931875.0,-39.97546
5743932812.5,-39.98196
5743933750.0,-39.98709
5743934687.5,-39.97034
5743935625.0,-39.99549
5743936562.5,-39.9916
5743937500.0,-39.97854
5743938437.5,-39.99409
5743939375.0,-39.96996
5743940312.5,-39.98698
5743941250.0,-39.98999
5743942187.5,-39.97529
5743943125.0,-39.97542
5743944062.5,-39.9749
5743945000.0,-39.97349
5743945937.5,-39.97521
5743946875.0,-39.98368
5743947812.5,-39.97533
5743948750.0,-39.97749
5743949687.5,-39.97223
5743950625.0,-39.97655
5743951562.5,-39.97229
5743952500.0,-39.9527
5743953437.5,-39.96891
5743954375.0,-39.95631
5743955312.5,-39.95863
5743956250.0,-39.96624
5743957187.5,-39.98118
5743958125.0,-39.9663
5743959062.5,-39.97348
5743960000.0,-39.96146
5743960937.5,-39.95991
5743961875.0,-39.97158
5743962812.5,-39.95592
5743963750.0,-39.97781
5743964687.5,-39.95222
5743965625.0,-39.9557
5743966562.5,-39.97021
5743967500.0,-39.95785
5743968437.5,-39.96469
5743969375.0,-39.96878
5743970312.5,-39.94058
5743971250.0,-39.96501
5743972187.5,-39.95724
5743973125.0,-39.94584
5743974062.5,-39.95188
5743975000.0,-39.96408
5743975937.5,-39.95072
5743976875.0,-39.95048
5743977812.5,-39.9439
5743978750.0,-39.95103
5743979687.5,-39.96606
5743980625.0,-39.94252
5743981562.5,-39.94811
5743982500.0,-39.96135
5743983437.5,-39.95553
5743984375.0,-39.95284
5743985312.5,-39.96072
5743986250.0,-39.95059
5743987187.5,-39.95183
5743988125.0,-39.93553
5743989062.5,-39.95636
5743990000.0,-39.94109
5743990937.5,-39.92383
5743991875.0,-39.96056
5743992812.5,-39.95084
5743993750.0,-39.95957
5743994687.5,-39.93617
5743995625.0,-39.94965
5743996562.5,-39.93374
5743997500.0,-39.9425
5743998437.5,-39.93252
5743999375.0,-39.94507
5744000312.5,-39.94597
5744001250.0,-39.94027
5744002187.5,-39.92348
5744003125.0,-39.92677
5744004062.5,-39.95062
5744005000.0,-39.93688
5744005937.5,-39.92091
5744006875.0,-39.92311
5744007812.5,-39.94077
5744008750.0,-39.93403
5744009687.5,-39.92082
5744010625.0,-39.91979
5744011562.5,-39.922
5744012500.0,-39.93068
5744013437.5,-39.93565
5744014375.0,-39.92863
5744015312.5,-39.92463
5744016250.0,-39.92546
5744017187.5,-39.92908
5744018125.0,-39.93131
5744019062.5,-39.93021
5744020000.0,-39.93765
5744020937.5,-39.93107
5744021875.0,-39.93414
5744022812.5,-39.91274
5744023750.0,-39.92706
5744024687.5,-39.93696
5744025625.0,-39.92039
5744026562.5,-39.92731
5744027500.0,-39.91143
5744028437.5,-39.92697
5744029375.0,-39.92716
5744030312.5,-39.9325
5744031250.0,-39.91328
5744032187.5,-39.915
5744033125.0,-39.91825
5744034062.5,-39.9234
5744035000.0,-39.9029
5744035937.5,-39.9236
5744036875.0,-39.92461
5744037812.5,-39.91235
5744038750.0,-39.90799
5744039687.5,-39.90932
5744040625.0,-39.91668
5744041562.5,-39.91126
5744042500.0,-39.92606
5744043437.5,-39.90899
5744044375.0,-39.90822
5744045312.5,-39.93059
5744046250.0,-39.88974
5744047187.5,-39.90678
5744048125.0,-39.90366
5744049062.5,-39.91371
5744050000.0,-39.91558
5744050937.5,-39.89999
5744051875.0,-39.92387
5744052812.5,-39.90781
5744053750.0,-39.89337
5744054687.5,-39.92762
5744055625.0,-39.90459
5744056562.5,-39.88925
5744057500.0,-39.89592
5744058437.5,-39.90667
5744059375.0,-39.89997
5744060312.5,-39.90944
5744061250.0,-39.89941
5744062187.5,-39.88616
5744063125.0,-39.90839
5744064062.5,-39.90493
5744065000.0,-39.90616
5744065937.5,-39.90969
5744066875.0,-39.91416
5744067812.5,-39.89657
5744068750.0,-39.90125
5744069687.5,-39.89317
5744070625.0,-39.89298
5744071562.5,-39.89283
5744072500.0,-39.87701
5744073437.5,-39.89346
5744074375.0,-39.89251
5744075312.5,-39.88066
5744076250.0,-39.88791
5744077187.5,-39.89781
5744078125.0,-39.87925
5744079062.5,-39.87653
5744080000.0,-39.88022
5744080937.5,-39.89417
5744081875.0,-39.8861
5744082812.5,-39.88224
5744083750.0,-39.88378
5744084687.5,-39.88491
5744085625.0,-39.87959
5744086562.5,-39.87141
5744087500.0,-39.87834
5744088437.5,-39.8788
5744089375.0,-39.88237
5744090312.5,-39.87902
5744091250.0,-39.86359
5744092187.5,-39.88024
5744093125.0,-39.88868
5744094062.5,-39.87752
5744095000.0,-39.87021
5744095937.5,-39.86868
5744096875.0,-39.87621
5744097812.5,-39.86823
5744098750.0,-39.86957
5744099687.5,-39.86315
5744100625.0,-39.86353
5744101562.5,-39.87216
5744102500.0,-39.8715
5744103437.5,-39.88008
5744104375.0,-39.85824
5744105312.5,-39.85328
5744106250.0,-39.86159
5744107187.5,-39.84602
5744108125.0,-39.85088
5744109062.5,-39.86547
5744110000.0,-39.84935
5744110937.5,-39.87801
5744111875.0,-39.86661
5744112812.5,-39.8666
5744113750.0,-39.86307
5744114687.5,-39.8722
5744115625.0,-39.86532
5744116562.5,-39.87509
5744117500.0,-39.87534
5744118437.5,-39.87205
5744119375.0,-39.8699
5744120312.5,-39.85774
5744121250.0,-39.86156
5744122187.5,-39.84937
5744123125.0,-39.8471
5744124062.5,-39.85596
5744125000.0,-39.86079
5744125937.5,-39.85096
5744126875.0,-39.8506
5744127812.5,-39.84243
5744128750.0,-39.84632
5744129687.5,-39.86337
5744130625.0,-39.85601
5744131562.5,-39.83169
5744132500.0,-39.85886
5744133437.5,-39.84864
5744134375.0,-39.85658
5744135312.5,-39.85771
5744136250.0,-39.85931
5744137187.5,-39.8388
5744138125.0,-39.81865
5744139062.5,-39.8404
5744140000.0,-39.83794
5744140937.5,-39.84138
5744141875.0,-39.83298
5744142812.5,-39.8481
5744143750.0,-39.83214
5744144687.5,-39.82632
5744145625.0,-39.82965
5744146562.5,-39.84399
5744147500.0,-39.82952
5744148437.5,-39.84333
5744149375.0,-39.83983
5744150312.5,-39.84398
5744151250.0,-39.83802
5744152187.5,-39.84658
5744153125.0,-39.82294
5744154062.5,-39.83007
5744155000.0,-39.83977
5744155937.5,-39.83678
5744156875.0,-39.84077
5744157812.5,-39.82553
5744158750.0,-39.83058
5744159687.5,-39.82382
5744160625.0,-39.82121
5744161562.5,-39.84018
5744162500.0,-39.84384
5744163437.5,-39.8257
5744164375.0,-39.83263
5744165312.5,-39.82662
5744166250.0,-39.81974
5744167187.5,-39.82342
5744168125.0,-39.82654
5744169062.5,-39.81716
5744170000.0,-39.83976
5744170937.5,-39.81535
5744171875.0,-39.81919
5744172812.5,-39.8331
5744173750.0,-39.82638
5744174687.5,-39.81749
5744175625.0,-39.80803
5744176562.5,-39.807
5744177500.0,-39.8291
5744178437.5,-39.80289
5744179375.0,-39.81995
5744180312.5,-39.81936
5744181250.0,-39.82457
5744182187.5,-39.83171
5744183125.0,-39.8056
5744184062.5,-39.81927
5744185000.0,-39.80399
5744185937.5,-39.80144
5744186875.0,-39.80899
5744187812.5,-39.81646
5744188750.0,-39.82423
5744189687.5,-39.81422
5744190625.0,-39.79874
5744191562.5,-39.81979
5744192500.0,-39.81627
5744193437.5,-39.7984
5744194375.0,-39.83496
5744195312.5,-39.80223
5744196250.0,-39.79874
5744197187.5,-39.79303
5744198125.0,-39.80492
5744199062.5,-39.79079
5744200000.0,-39.77644
5744200937.5,-39.78906
5744201875.0,-39.81262
5744202812.5,-39.79865
5744203750.0,-39.80501
5744204687.5,-39.8124
5744205625.0,-39.79393
5744206562.5,-39.7893
5744207500.0,-39.79241
5744208437.5,-39.79042
5744209375.0,-39.78793
5744210312.5,-39.78176
5744211250.0,-39.79317
5744212187.5,-39.78277
5744213125.0,-39.7917
5744214062.5,-39.78774
5744215000.0,-39.79206
5744215937.5,-39.76959
5744216875.0,-39.79044
5744217812.5,-39.78799
5744218750.0,-39.78039
5744219687.5,-39.76358
5744220625.0,-39.78771
5744221562.5,-39.79056
5744222500.0,-39.7801
5744223437.5,-39.79708
5744224375.0,-39.79435
5744225312.5,-39.79488
5744226250.0,-39.78091
5744227187.5,-39.78331
5744228125.0,-39.78953
5744229062.5,-39.77436
5744230000.0,-39.78146
5744230937.5,-39.77501
5744231875.0,-39.77837
5744232812.5,-39.78579
5744233750.0,-39.7788
5744234687.5,-39.78505
5744235625.0,-39.77387
5744236562.5,-39.80063
5744237500.0,-39.76834
5744238437.5,-39.79037
5744239375.0,-39.76889
5744240312.5,-39.77806
5744241250.0,-39.77225
5744242187.5,-39.7667
5744243125.0,-39.77068
5744244062.5,-39.76394
5744245000.0,-39.76865
5744245937.5,-39.77349
5744246875.0,-39.76307
5744247812.5,-39.7538
5744248750.0,-39.76612
5744249687.5,-39.75531
5744250625.0,-39.76095
5744251562.5,-39.76749
5744252500.0,-39.75304
5744253437.5,-39.74989
5744254375.0,-39.75277
5744255312.5,-39.77454
5744256250.0,-39.76112
5744257187.5,-39.76593
5744258125.0,-39.74912
5744259062.5,-39.75426
5744260000.0,-39.75431
5744260937.5,-39.73631
5744261875.0,-39.76092
5744262812.5,-39.7439
5744263750.0,-39.74305
5744264687.5,-39.76191
5744265625.0,-39.75082
5744266562.5,-39.76273
5744267500.0,-39.76078
5744268437.5,-39.75877
5744269375.0,-39.76216
5744270312.5,-39.75385
5744271250.0,-39.74597
5744272187.5,-39.75381
5744273125.0,-39.74983
5744274062.5,-39.75132
5744275000.0,-39.73536
5744275937.5,-39.75707
5744276875.0,-39.73403
5744277812.5,-39.74165
5744278750.0,-39.74361
5744279687.5,-39.74461
5744280625.0,-39.73642
5744281562.5,-39.76852
5744282500.0,-39.73241
5744283437.5,-39.73241
5744284375.0,-39.72764
5744285312.5,-39.75229
5744286250.0,-39.72033
5744287187.5,-39.73903
5744288125.0,-39.73873
5744289062.5,-39.74611
5744290000.0,-39.73537
5744290937.5,-39.74777
5744291875.0,-39.7511
5744292812.5,-39.73267
5744293750.0,-39.72364
5744294687.5,-39.73521
5744295625.0,-39.73001
5744296562.5,-39.73178
5744297500.0,-39.735
5744298437.5,-39.7338
5744299375.0,-39.73289
5744300312.5,-39.73226
5744301250.0,-39.72886
5744302187.5,-39.74726
5744303125.0,-39.71625
5744304062.5,-39.74393
5744305000.0,-39.71562
5744305937.5,-39.72253
5744306875.0,-39.70308
5744307812.5,-39.72299
5744308750.0,-39.7293
5744309687.5,-39.72121
5744310625.0,-39.7146
5744311562.5,-39.72616
5744312500.0,-39.72425
5744313437.5,-39.72204
5744314375.0,-39.71889
5744315312.5,-39.71384
5744316250.0,-39.71332
5744317187.5,-39.72478
5744318125.0,-39.71463
5744319062.5,-39.73038
5744320000.0,-39.70922
5744320937.5,-39.7108
5744321875.0,-39.71315
5744322812.5,-39.71934
5744323750.0,-39.71867
5744324687.5,-39.71037
5744325625.0,-39.71169
5744326562.5,-39.70205
5744327500.0,-39.70782
5744328437.5,-39.71287
5744329375.0,-39.70885
5744330312.5,-39.7242
5744331250.0,-39.69961
5744332187.5,-39.70481
5744333125.0,-39.71953
5744334062.5,-39.70692
5744335000.0,-39.697
5744335937.5,-39.71475
5744336875.0,-39.69695
5744337812.5,-39.71051
5744338750.0,-39.69703
5744339687.5,-39.68652
5744340625.0,-39.70449
5744341562.5,-39.70266
5744342500.0,-39.6976
5744343437.5,-39.71173
5744344375.0,-39.71096
5744345312.5,-39.68189
5744346250.0,-39.70724
5744347187.5,-39.70599
5744348125.0,-39.6983
5744349062.5,-39.7064
5744350000.0,-39.70737
5744350937.5,-39.6929
5744351875.0,-39.6977
5744352812.5,-39.69297
5744353750.0,-39.69169
5744354687.5,-39.70225
5744355625.0,-39.67149
5744356562.5,-39.70205
5744357500.0,-39.70852
5744358437.5,-39.68534
5744359375.0,-39.70464
5744360312.5,-39.68902
5744361250.0,-39.67474
5744362187.5,-39.69168
5744363125.0,-39.69307
5744364062.5,-39.68979
5744365000.0,-39.68621
5744365937.5,-39.69417
5744366875.0,-39.66716
5744367812.5,-39.67973
5744368750.0,-39.67191
5744369687.5,-39.6853
5744370625.0,-39.68833
5744371562.5,-39.68475
5744372500.0,-39.68592
5744373437.5,-39.67877
5744374375.0,-39.66857
5744375312.5,-39.66464
5744376250.0,-39.67429
5744377187.5,-39.6723
5744378125.0,-39.68543
5744379062.5,-39.67221
5744380000.0,-39.69721
5744380937.5,-39.67343
5744381875.0,-39.6804
5744382812.5,-39.67772
5744383750.0,-39.66654
5744384687.5,-39.67002
5744385625.0,-39.65198
5744386562.5,-39.68007
5744387500.0,-39.67817
5744388437.5,-39.67001
5744389375.0,-39.6651
5744390312.5,-39.66668
5744391250.0,-39.66366
5744392187.5,-39.65882
5744393125.0,-39.67145
5744394062.5,-39.66766
5744395000.0,-39.6632
5744395937.5,-39.66505
5744396875.0,-39.64478
5744397812.5,-39.66235
5744398750.0,-39.67487
5744399687.5,-39.6573
5744400625.0,-39.65789
5744401562.5,-39.654
5744402500.0,-39.65777
5744403437.5,-39.66236
5744404375.0,-39.66712
5744405312.5,-39.64678
5744406250.0,-39.67056
5744407187.5,-39.65405
5744408125.0,-39.66275
5744409062.5,-39.65259
5744410000.0,-39.65859
5744410937.5,-39.65225
5744411875.0,-39.63226
5744412812.5,-39.65923
5744413750.0,-39.64518
5744414687.5,-39.66162
5744415625.0,-39.65774
5744416562.5,-39.65121
5744417500.0,-39.64772
5744418437.5,-39.64286
5744419375.0,-39.6451
5744420312.5,-39.66199
5744421250.0,-39.62985
5744422187.5,-39.6426
5744423125.0,-39.64741
5744424062.5,-39.62204
5744425000.0,-39.65389
5744425937.5,-39.64391
5744426875.0,-39.63937
5744427812.5,-39.65362
5744428750.0,-39.63512
5744429687.5,-39.64959
5744430625.0,-39.6434
5744431562.5,-39.63616
5744432500.0,-39.6404
5744433437.5,-39.61893
5744434375.0,-39.6241
5744435312.5,-39.63913
5744436250.0,-39.63754
5744437187.5,-39.64264
5744438125.0,-39.64283
5744439062.5,-39.64043
5744440000.0,-39.64727
5744440937.5,-39.63402
5744441875.0,-39.63343
5744442812.5,-39.62942
5744443750.0,-39.63647
5744444687.5,-39.6192
5744445625.0,-39.62258
5744446562.5,-39.63768
5744447500.0,-39.6233
5744448437.5,-39.62476
5744449375.0,-39.62964
5744450312.5,-39.62616
5744451250.0,-39.61344
5744452187.5,-39.63005
5744453125.0,-39.62995
5744454062.5,-39.63779
5744455000.0,-39.6247
5744455937.5,-39.62874
5744456875.0,-39.62904
5744457812.5,-39.61997
5744458750.0,-39.62061
5744459687.5,-39.62666
5744460625.0,-39.61179
5744461562.5,-39.61336
5744462500.0,-39.62089
5744463437.5,-39.6087
5744464375.0,-39.6081
5744465312.5,-39.61762
5744466250.0,-39.63411
5744467187.5,-39.61128
5744468125.0,-39.59625
5744469062.5,-39.60099
5744470000.0,-39.60614
5744470937.5,-39.61683
5744471875.0,-39.60001
5744472812.5,-39.62033
5744473750.0,-39.59463
5744474687.5,-39.6155
5744475625.0,-39.58542
5744476562.5,-39.62286
5744477500.0,-39.62164
5744478437.5,-39.58681
5744479375.0,-39.61157
5744480312.5,-39.60157
5744481250.0,-39.59699
5744482187.5,-39.58894
5744483125.0,-39.59998
5744484062.5,-39.61319
5744485000.0,-39.60303
5744485937.5,-39.60599
5744486875.0,-39.60304
5744487812.5,-39.61098
5744488750.0,-39.58698
5744489687.5,-39.60371
5744490625.0,-39.59399
5744491562.5,-39.58256
5744492500.0,-39.60188
5744493437.5,-39.60634
5744494375.0,-39.59222
5744495312.5,-39.577
5744496250.0,-39.59392
5744497187.5,-39.59568
5744498125.0,-39.58348
5744499062.5,-39.59208
5744500000.0,-39.58702
5744500937.5,-39.59426
5744501875.0,-39.57889
5744502812.5,-39.58762
5744503750.0,-39.58239
5744504687.5,-39.56952
5744505625.0,-39.58427
5744506562.5,-39.58858
5744507500.0,-39.59131
5744508437.5,-39.59452
5744509375.0,-39.58469
5744510312.5,-39.57918
5744511250.0,-39.57999
5744512187.5,-39.59441
5744513125.0,-39.59288
5744514062.5,-39.57509
5744515000.0,-39.56667
5744515937.5,-39.57127
5744516875.0,-39.57022
5744517812.5,-39.55265
5744518750.0,-39.58992
5744519687.5,-39.58067
5744520625.0,-39.59237
5744521562.5,-39.57789
5744522500.0,-39.57908
5744523437.5,-39.56295
5744524375.0,-39.58227
5744525312.5,-39.58476
5744526250.0,-39.57168
5744527187.5,-39.56554
5744528125.0,-39.55359
5744529062.5,-39.56487
5744530000.0,-39.5642
5744530937.5,-39.56841
5744531875.0,-39.57013
5744532812.5,-39.56544
5744533750.0,-39.56232
5744534687.5,-39.57132
5744535625.0,-39.55877
5744536562.5,-39.55377
5744537500.0,-39.54948
5744538437.5,-39.56659
5744539375.0,-39.55448
5744540312.5,-39.55614
5744541250.0,-39.55149
5744542187.5,-39.55955
5744543125.0,-39.5493
5744544062.5,-39.54744
5744545000.0,-39.5635
5744545937.5,-39.55978
5744546875.0,-39.54964
5744547812.5,-39.56026
5744548750.0,-39.54827
5744549687.5,-39.57014
5744550625.0,-39.55919
5744551562.5,-39.55594
5744552500.0,-39.54054
5744553437.5,-39.55473
5744554375.0,-39.55543
5744555312.5,-39.56174
5744556250.0,-39.55313
5744557187.5,-39.56348
5744558125.0,-39.53309
5744559062.5,-39.54095
5744560000.0,-39.53355
5744560937.5,-39.5478
5744561875.0,-39.55494
5744562812.5,-39.54446
5744563750.0,-39.53536
5744564687.5,-39.55396
5744565625.0,-39.53433
5744566562.5,-39.53899
5744567500.0,-39.53344
5744568437.5,-39.5321
5744569375.0,-39.54634
5744570312.5,-39.53659
5744571250.0,-39.53328
5744572187.5,-39.53356
5744573125.0,-39.5357
5744574062.5,-39.5373
5744575000.0,-39.53992
5744575937.5,-39.52742
5744576875.0,-39.5322
5744577812.5,-39.55099
5744578750.0,-39.5261
5744579687.5,-39.53207
5744580625.0,-39.53665
5744581562.5,-39.54168
5744582500.0,-39.52799
5744583437.5,-39.53419
5744584375.0,-39.52946
5744585312.5,-39.50636
5744586250.0,-39.52007
5744587187.5,-39.53255
5744588125.0,-39.53341
5744589062.5,-39.50872
5744590000.0,-39.52424
5744590937.5,-39.53599
5744591875.0,-39.5275
5744592812.5,-39.53463
5744593750.0,-39.52983
5744594687.5,-39.52461
5744595625.0,-39.52632
5744596562.5,-39.51687
5744597500.0,-39.51886
5744598437.5,-39.52207
5744599375.0,-39.50756
5744600312.5,-39.51839
5744601250.0,-39.51332
5744602187.5,-39.5252
5744603125.0,-39.53288
5744604062.5,-39.5058
5744605000.0,-39.50371
5744605937.5,-39.51326
5744606875.0,-39.50707
5744607812.5,-39.49733
5744608750.0,-39.49929
5744609687.5,-39.50979
5744610625.0,-39.51003
5744611562.5,-39.50589
5744612500.0,-39.51507
5744613437.5,-39.50675
5744614375.0,-39.51581
5744615312.5,-39.5086
5744616250.0,-39.49822
5744617187.5,-39.49557
5744618125.0,-39.50754
5744619062.5,-39.51054
5744620000.0,-39.4946
5744620937.5,-39.5102
5744621875.0,-39.50562
5744622812.5,-39.49443
5744623750.0,-39.49261
5744624687.5,-39.49271
5744625625.0,-39.49112
5744626562.5,-39.50077
5744627500.0,-39.51182
5744628437.5,-39.48486
5744629375.0,-39.48985
5744630312.5,-39.49804
5744631250.0,-39.48937
5744632187.5,-39.49543
5744633125.0,-39.49815
5744634062.5,-39.49263
5744635000.0,-39.49623
5744635937.5,-39.47087
5744636875.0,-39.49382
5744637812.5,-39.50105
5744638750.0,-39.47528
5744639687.5,-39.47898
5744640625.0,-39.49145
5744641562.5,-39.48217
5744642500.0,-39.49346
5744643437.5,-39.47979
5744644375.0,-39.49568
5744645312.5,-39.48282
5744646250.0,-39.49329
5744647187.5,-39.48539
5744648125.0,-39.48132
5744649062.5,-39.46502
5744650000.0,-39.48767
5744650937.5,-39.47972
5744651875.0,-39.47189
5744652812.5,-39.48008
5744653750.0,-39.47784
5744654687.5,-39.4902
5744655625.0,-39.49018
5744656562.5,-39.46994
5744657500.0,-39.47294
5744658437.5,-39.46864
5744659375.0,-39.46821
5744660312.5,-39.47291
5744661250.0,-39.4737
5744662187.5,-39.46138
5744663125.0,-39.47168
5744664062.5,-39.46974
5744665000.0,-39.45709
5744665937.5,-39.4587
5744666875.0,-39.47945
5744667812.5,-39.45568
5744668750.0,-39.46981
5744669687.5,-39.46134
5744670625.0,-39.44022
5744671562.5,-39.47605
5744672500.0,-39.46229
5744673437.5,-39.46933
5744674375.0,-39.46855
5744675312.5,-39.46186
5744676250.0,-39.46262
5744677187.5,-39.45796
5744678125.0,-39.45438
5744679062.5,-39.47163
5744680000.0,-39.47467
5744680937.5,-39.47087
5744681875.0,-39.45319
5744682812.5,-39.4432
5744683750.0,-39.46189
5744684687.5,-39.46339
5744685625.0,-39.4475
5744686562.5,-39.45927
5744687500.0,-39.46519
5744688437.5,-39.45627
5744689375.0,-39.4515
5744690312.5,-39.45995
5744691250.0,-39.4611
5744692187.5,-39.43809
5744693125.0,-39.44831
5744694062.5,-39.45966
5744695000.0,-39.45316
5744695937.5,-39.44504
5744696875.0,-39.44056
5744697812.5,-39.45436
5744698750.0,-39.43682
5744699687.5,-39.45079
5744700625.0,-39.4593
5744701562.5,-39.45518
5744702500.0,-39.44207
5744703437.5,-39.43967
5744704375.0,-39.44984
5744705312.5,-39.4607
5744706250.0,-39.43172
5744707187.5,-39.45526
5744708125.0,-39.44368
5744709062.5,-39.44658
5744710000.0,-39.42144
5744710937.5,-39.43864
5744711875.0,-39.41713
5744712812.5,-39.4241
5744713750.0,-39.43182
5744714687.5,-39.43515
5744715625.0,-39.44958
5744716562.5,-39.44427
5744717500.0,-39.44389
5744718437.5,-39.43287
5744719375.0,-39.43071
5744720312.5,-39.43007
5744721250.0,-39.43828
5744722187.5,-39.42581
5744723125.0,-39.42995
5744724062.5,-39.42437
5744725000.0,-39.41524
5744725937.5,-39.43893
5744726875.0,-39.42162
5744727812.5,-39.43226
5744728750.0,-39.41625
5744729687.5,-39.41184
5744730625.0,-39.42517
5744731562.5,-39.42202
5744732500.0,-39.40148
5744733437.5,-39.41476
5744734375.0,-39.42357
5744735312.5,-39.41196
5744736250.0,-39.41853
5744737187.5,-39.41397
5744738125.0,-39.43718
5744739062.5,-39.41574
5744740000.0,-39.41711
5744740937.5,-39.42202
5744741875.0,-39.4339
5744742812.5,-39.41159
5744743750.0,-39.41517
5744744687.5,-39.41582
5744745625.0,-39.40811
5744746562.5,-39.41838
5744747500.0,-39.41011
5744748437.5,-39.40424
5744749375.0,-39.40104
5744750312.5,-39.40465
5744751250.0,-39.39979
5744752187.5,-39.41928
5744753125.0,-39.39531
5744754062.5,-39.39729
5744755000.0,-39.39266
5744755937.5,-39.41654
5744756875.0,-39.4314
5744757812.5,-39.39293
5744758750.0,-39.39516
5744759687.5,-39.40592
5744760625.0,-39.38786
5744761562.5,-39.39285
5744762500.0,-39.42172
5744763437.5,-39.40813
5744764375.0,-39.39825
5744765312.5,-39.40213
5744766250.0,-39.40551
5744767187.5,-39.3924
5744768125.0,-39.39297
5744769062.5,-39.39601
5744770000.0,-39.39876
5744770937.5,-39.39645
5744771875.0,-39.36989
5744772812.5,-39.40873
5744773750.0,-39.37662
5744774687.5,-39.38301
5744775625.0,-39.38081
5744776562.5,-39.38845
5744777500.0,-39.39033
5744778437.5,-39.39426
5744779375.0,-39.38796
5744780312.5,-39.39688
5744781250.0,-39.39901
5744782187.5,-39.37428
5744783125.0,-39.40184
5744784062.5,-39.38898
5744785000.0,-39.39137
5744785937.5,-39.38051
5744786875.0,-39.38079
5744787812.5,-39.39376
5744788750.0,-39.38937
5744789687.5,-39.38213
5744790625.0,-39.389
5744791562.5,-39.36925
5744792500.0,-39.38811
5744793437.5,-39.37633
5744794375.0,-39.377
5744795312.5,-39.37439
5744796250.0,-39.38022
5744797187.5,-39.37074
5744798125.0,-39.36156
5744799062.5,-39.36202
5744800000.0,-39.36092
5744800937.5,-39.3817
5744801875.0,-39.36262
5744802812.5,-39.37585
5744803750.0,-39.37822
5744804687.5,-39.36529
5744805625.0,-39.36496
5744806562.5,-39.39083
5744807500.0,-39.35701
5744808437.5,-39.37889
5744809375.0,-39.365
5744810312.5,-39.37886
5744811250.0,-39.38262
5744812187.5,-39.36714
5744813125.0,-39.37968
5744814062.5,-39.35765
5744815000.0,-39.37325
5744815937.5,-39.36683
5744816875.0,-39.3503
5744817812.5,-39.34773
5744818750.0,-39.36674
5744819687.5,-39.35791
5744820625.0,-39.34427
5744821562.5,-39.36565
5744822500.0,-39.35043
5744823437.5,-39.35033
5744824375.0,-39.34537
5744825312.5,-39.35876
5744826250.0,-39.35079
5744827187.5,-39.35052
5744828125.0,-39.36071
5744829062.5,-39.3541
5744830000.0,-39.3545
5744830937.5,-39.34476
5744831875.0,-39.35176
5744832812.5,-39.35418
5744833750.0,-39.35044
5744834687.5,-39.33543
5744835625.0,-39.35799
5744836562.5,-39.3378
5744837500.0,-39.35552
5744838437.5,-39.35098
5744839375.0,-39.34365
5744840312.5,-39.34233
5744841250.0,-39.34897
5744842187.5,-39.34188
5744843125.0,-39.33883
5744844062.5,-39.33049
5744845000.0,-39.33463
5744845937.5,-39.34016
5744846875.0,-39.33705
5744847812.5,-39.31998
5744848750.0,-39.33046
5744849687.5,-39.34861
5744850625.0,-39.33446
5744851562.5,-39.33737
5744852500.0,-39.32779
5744853437.5,-39.34633
5744854375.0,-39.3322
5744855312.5,-39.33282
5744856250.0,-39.34594
5744857187.5,-39.32373
5744858125.0,-39.33147
5744859062.5,-39.32554
5744860000.0,-39.3361
5744860937.5,-39.32256
5744861875.0,-39.322
5744862812.5,-39.31961
5744863750.0,-39.31057
5744864687.5,-39.34246
5744865625.0,-39.32857
5744866562.5,-39.33015
5744867500.0,-39.32432
5744868437.5,-39.32567
5744869375.0,-39.3294
5744870312.5,-39.32069
5744871250.0,-39.32967
5744872187.5,-39.3209
5744873125.0,-39.29947
5744874062.5,-39.30532
5744875000.0,-39.31899
5744875937.5,-39.31495
5744876875.0,-39.32825
5744877812.5,-39.31699
5744878750.0,-39.31063
5744879687.5,-39.31942
5744880625.0,-39.32206
5744881562.5,-39.31119
5744882500.0,-39.32462
5744883437.5,-39.31914
5744884375.0,-39.31136
5744885312.5,-39.3015
5744886250.0,-39.32325
5744887187.5,-39.30898
5744888125.0,-39.29893
5744889062.5,-39.29762
5744890000.0,-39.30492
5744890937.5,-39.30508
5744891875.0,-39.29627
5744892812.5,-39.30895
5744893750.0,-39.29658
5744894687.5,-39.29462
5744895625.0,-39.29051
5744896562.5,-39.29937
5744897500.0,-39.29538
5744898437.5,-39.30651
5744899375.0,-39.30822
5744900312.5,-39.28592
5744901250.0,-39.30232
5744902187.5,-39.29677
5744903125.0,-39.28599
5744904062.5,-39.28804
5744905000.0,-39.29146
5744905937.5,-39.31194
5744906875.0,-39.31549
5744907812.5,-39.28099
5744908750.0,-39.28525
5744909687.5,-39.27605
5744910625.0,-39.29079
5744911562.5,-39.29012
5744912500.0,-39.2879
5744913437.5,-39.29704
5744914375.0,-39.30856
5744915312.5,-39.29488
5744916250.0,-39.29383
5744917187.5,-39.29046
5744918125.0,-39.29061
5744919062.5,-39.28599
5744920000.0,-39.26969
5744920937.5,-39.27513
5744921875.0,-39.29108
5744922812.5,-39.27475
5744923750.0,-39.28093
5744924687.5,-39.29383
5744925625.0,-39.28102
5744926562.5,-39.29198
5744927500.0,-39.29396
5744928437.5,-39.26442
5744929375.0,-39.28667
5744930312.5,-39.28155
5744931250.0,-39.28012
5744932187.5,-39.27275
5744933125.0,-39.27995
5744934062.5,-39.27414
5744935000.0,-39.26941
5744935937.5,-39.2626
5744936875.0,-39.27077
5744937812.5,-39.27459
5744938750.0,-39.25575
5744939687.5,-39.28575
5744940625.0,-39.29663
5744941562.5,-39.27077
5744942500.0,-39.2686
5744943437.5,-39.27363
5744944375.0,-39.25082
5744945312.5,-39.28252
5744946250.0,-39.26917
5744947187.5,-39.26456
5744948125.0,-39.26013
5744949062.5,-39.27321
5744950000.0,-39.25676
5744950937.5,-39.2684
5744951875.0,-39.25128
5744952812.5,-39.25233
5744953750.0,-39.24252
5744954687.5,-39.26098
5744955625.0,-39.25703
5744956562.5,-39.26377
5744957500.0,-39.26549
5744958437.5,-39.26166
5744959375.0,-39.25363
5744960312.5,-39.26042
5744961250.0,-39.25565
5744962187.5,-39.25694
5744963125.0,-39.25116
5744964062.5,-39.25739
5744965000.0,-39.24104
5744965937.5,-39.28125
5744966875.0,-39.26974
5744967812.5,-39.25822
5744968750.0,-39.24349
5744969687.5,-39.23142
5744970625.0,-39.24078
5744971562.5,-39.243
5744972500.0,-39.24301
5744973437.5,-39.24596
5744974375.0,-39.23777
5744975312.5,-39.23158
5744976250.0,-39.22719
5744977187.5,-39.24157
5744978125.0,-39.23909
5744979062.5,-39.24655
5744980000.0,-39.23043
5744980937.5,-39.24027
5744981875.0,-39.23982
5744982812.5,-39.24503
5744983750.0,-39.21914
5744984687.5,-39.21413
5744985625.0,-39.23547
5744986562.5,-39.24684
5744987500.0,-39.2272
5744988437.5,-39.23982
5744989375.0,-39.22262
5744990312.5,-39.24236
5744991250.0,-39.22452
5744992187.5,-39.23796
5744993125.0,-39.22023
5744994062.5,-39.23679
5744995000.0,-39.2441
5744995937.5,-39.22385
5744996875.0,-39.2229
5744997812.5,-39.23754
5744998750.0,-39.22023
5744999687.5,-39.22847
5745000625.0,-39.23975
5745001562.5,-39.22517
5745002500.0,-39.2216
5745003437.5,-39.2249
5745004375.0,-39.22245
5745005312.5,-39.21444
5745006250.0,-39.2268
5745007187.5,-39.23849
5745008125.0,-39.21769
5745009062.5,-39.21862
5745010000.0,-39.20401
5745010937.5,-39.21382
5745011875.0,-39.21641
5745012812.5,-39.22662
5745013750.0,-39.21853
5745014687.5,-39.21056
5745015625.0,-39.21263
5745016562.5,-39.21262
5745017500.0,-39.21353
5745018437.5,-39.21613
5745019375.0,-39.20785
5745020312.5,-39.18238
5745021250.0,-39.21386
5745022187.5,-39.20103
5745023125.0,-39.21308
5745024062.5,-39.19926
5745025000.0,-39.21648
5745025937.5,-39.21002
5745026875.0,-39.21442
5745027812.5,-39.21884
5745028750.0,-39.20275
5745029687.5,-39.21624
5745030625.0,-39.21814
5745031562.5,-39.19835
5745032500.0,-39.19362
5745033437.5,-39.2011
5745034375.0,-39.19519
5745035312.5,-39.19231
5745036250.0,-39.1953
5745037187.5,-39.18591
5745038125.0,-39.1964
5745039062.5,-39.19479
5745040000.0,-39.20063
5745040937.5,-39.1996
5745041875.0,-39.18619
5745042812.5,-39.19401
5745043750.0,-39.19614
5745044687.5,-39.18962
5745045625.0,-39.19047
5745046562.5,-39.19292
5745047500.0,-39.17558
5745048437.5,-39.16396
5745049375.0,-39.18177
5745050312.5,-39.21656
5745051250.0,-39.17233
5745052187.5,-39.1868
5745053125.0,-39.20087
5745054062.5,-39.17724
5745055000.0,-39.18127
5745055937.5,-39.16781
5745056875.0,-39.19849
5745057812.5,-39.18928
5745058750.0,-39.1858
5745059687.5,-39.16478
5745060625.0,-39.16884
5745061562.5,-39.17858
5745062500.0,-39.16983
5745063437.5,-39.18425
5745064375.0,-39.18254
5745065312.5,-39.16813
5745066250.0,-39.15715
5745067187.5,-39.17509
5745068125.0,-39.16493
5745069062.5,-39.17228
5745070000.0,-39.17075
5745070937.5,-39.17772
5745071875.0,-39.17944
5745072812.5,-39.18184
5745073750.0,-39.16675
5745074687.5,-39.16455
5745075625.0,-39.15718
5745076562.5,-39.17083
5745077500.0,-39.17298
5745078437.5,-39.17677
5745079375.0,-39.16587
5745080312.5,-39.1767
5745081250.0,-39.17291
5745082187.5,-39.14489
5745083125.0,-39.17329
5745084062.5,-39.15813
5745085000.0,-39.16175
5745085937.5,-39.15167
5745086875.0,-39.17211
5745087812.5,-39.1698
5745088750.0,-39.14923
5745089687.5,-39.16484
5745090625.0,-39.15126
5745091562.5,-39.15098
5745092500.0,-39.14232
5745093437.5,-39.17112
5745094375.0,-39.15338
5745095312.5,-39.16367
5745096250.0,-39.14904
5745097187.5,-39.16223
5745098125.0,-39.16113
5745099062.5,-39.145
5745100000.0,-39.15483
5745100937.5,-39.15726
5745101875.0,-39.15013
5745102812.5,-39.15403
5745103750.0,-39.15978
5745104687.5,-39.14636
5745105625.0,-39.15797
5745106562.5,-39.14864
5745107500.0,-39.15201
5745108437.5,-39.14582
5745109375.0,-39.13506
5745110312.5,-39.13512
5745111250.0,-39.13248
5745112187.5,-39.14751
5745113125.0,-39.13288
5745114062.5,-39.15283
5745115000.0,-39.14426
5745115937.5,-39.14838
5745116875.0,-39.14661
5745117812.5,-39.14571
5745118750.0,-39.14737
5745119687.5,-39.14848
5745120625.0,-39.12127
5745121562.5,-39.13616
5745122500.0,-39.13662
5745123437.5,-39.11695
5745124375.0,-39.13666
5745125312.5,-39.14182
5745126250.0,-39.14289
5745127187.5,-39.13456
5745128125.0,-39.12572
5745129062.5,-39.124
5745130000.0,-39.12341
5745130937.5,-39.13718
5745131875.0,-39.12421
5745132812.5,-39.1381
5745133750.0,-39.11722
5745134687.5,-39.12812
5745135625.0,-39.12093
5745136562.5,-39.11139
5745137500.0,-39.12581
5745138437.5,-39.11565
5745139375.0,-39.1104
5745140312.5,-39.10376
5745141250.0,-39.11887
5745142187.5,-39.11562
5745143125.0,-39.12681
5745144062.5,-39.10553
5745145000.0,-39.1186
5745145937.5,-39.11623
5745146875.0,-39.11259
5745147812.5,-39.10413
5745148750.0,-39.11238
5745149687.5,-39.11737
5745150625.0,-39.12158
5745151562.5,-39.11713
5745152500.0,-39.10773
5745153437.5,-39.10539
5745154375.0,-39.11132
5745155312.5,-39.11487
5745156250.0,-39.1078
5745157187.5,-39.13102
5745158125.0,-39.10302
5745159062.5,-39.09483
5745160000.0,-39.10488
5745160937.5,-39.10654
5745161875.0,-39.11992
5745162812.5,-39.09481
5745163750.0,-39.11526
5745164687.5,-39.09744
5745165625.0,-39.10476
5745166562.5,-39.11102
5745167500.0,-39.09174
5745168437.5,-39.11819
5745169375.0,-39.1071
5745170312.5,-39.10228
5745171250.0,-39.09523
5745172187.5,-39.09622
5745173125.0,-39.1072
5745174062.5,-39.09677
5745175000.0,-39.10912
5745175937.5,-39.09523
5745176875.0,-39.09315
5745177812.5,-39.1031
5745178750.0,-39.07836
5745179687.5,-39.11351
5745180625.0,-39.08179
5745181562.5,-39.09086
5745182500.0,-39.08781
5745183437.5,-39.08745
5745184375.0,-39.08025
5745185312.5,-39.08559
5745186250.0,-39.08541
5745187187.5,-39.09314
5745188125.0,-39.07521
5745189062.5,-39.08321
5745190000.0,-39.07246
5745190937.5,-39.06804
5745191875.0,-39.07507
5745192812.5,-39.09544
5745193750.0,-39.07351
5745194687.5,-39.0826
5745195625.0,-39.08814
5745196562.5,-39.07272
5745197500.0,-39.08201
5745198437.5,-39.06381
5745199375.0,-39.08519
5745200312.5,-39.08527
5745201250.0,-39.08377
5745202187.5,-39.06438
5745203125.0,-39.06561
5745204062.5,-39.05818
5745205000.0,-39.07417
5745205937.5,-39.08223
5745206875.0,-39.072
5745207812.5,-39.05925
5745208750.0,-39.05476
5745209687.5,-39.05164
5745210625.0,-39.07188
5745211562.5,-39.07459
5745212500.0,-39.06062
5745213437.5,-39.07283
5745214375.0,-39.04613
5745215312.5,-39.05202
5745216250.0,-39.06432
5745217187.5,-39.06696
5745218125.0,-39.04692
5745219062.5,-39.06432
5745220000.0,-39.06079
5745220937.5,-39.06186
5745221875.0,-39.07888
5745222812.5,-39.06661
5745223750.0,-39.0683
5745224687.5,-39.05213
5745225625.0,-39.04956
5745226562.5,-39.06115
5745227500.0,-39.04495
5745228437.5,-39.05607
5745229375.0,-39.05068
5745230312.5,-39.04837
5745231250.0,-39.06526
5745232187.5,-39.03923
5745233125.0,-39.04942
5745234062.5,-39.05279
5745235000.0,-39.05571
5745235937.5,-39.05535
5745236875.0,-39.04676
5745237812.5,-39.03759
5745238750.0,-39.03839
5745239687.5,-39.04641
5745240625.0,-39.05197
5745241562.5,-39.04662
5745242500.0,-39.05339
5745243437.5,-39.03374
5745244375.0,-39.03999
5745245312.5,-39.03542
5745246250.0,-39.04264
5745247187.5,-39.03433
5745248125.0,-39.02681
5745249062.5,-39.04717
5745250000.0,-39.0377
5745250937.5,-39.02121
5745251875.0,-39.03417
5745252812.5,-39.04016
5745253750.0,-39.03381
5745254687.5,-39.03845
5745255625.0,-39.04537
5745256562.5,-39.02946
5745257500.0,-39.03751
5745258437.5,-39.03513
5745259375.0,-39.02792
5745260312.5,-39.01572
5745261250.0,-39.016
5745262187.5,-39.02217
5745263125.0,-39.02599
5745264062.5,-39.00924
5745265000.0,-39.02581
5745265937.5,-39.03481
5745266875.0,-39.01857
5745267812.5,-39.02903
5745268750.0,-39.02924
5745269687.5,-39.01875
5745270625.0,-39.01854
5745271562.5,-39.0059
5745272500.0,-39.01905
5745273437.5,-39.01967
5745274375.0,-39.02714
5745275312.5,-39.01867
5745276250.0,-39.0231
5745277187.5,-39.01967
5745278125.0,-39.01776
5745279062.5,-39.02256
5745280000.0,-39.01139
5745280937.5,-39.00776
5745281875.0,-39.01438
5745282812.5,-39.0109
5745283750.0,-39.01009
5745284687.5,-39.00333
5745285625.0,-39.00702
5745286562.5,-38.99935
5745287500.0,-39.01507
5745288437.5,-39.00349
5745289375.0,-39.00351
5745290312.5,-39.00956
5745291250.0,-39.00898
5745292187.5,-38.99622
5745293125.0,-39.00325
5745294062.5,-39.01434
5745295000.0,-38.98388
5745295937.5,-39.02097
5745296875.0,-39.00842
5745297812.5,-38.99774
5745298750.0,-39.01091
5745299687.5,-38.99252
5745300625.0,-39.02283
5745301562.5,-38.99878
5745302500.0,-39.00315
5745303437.5,-39.00095
5745304375.0,-38.99371
5745305312.5,-39.00449
5745306250.0,-39.00492
5745307187.5,-38.99481
5745308125.0,-38.98576
5745309062.5,-38.99217
5745310000.0,-38.98583
5745310937.5,-38.99368
5745311875.0,-38.98419
5745312812.5,-38.99098
5745313750.0,-38.99463
5745314687.5,-38.98045
5745315625.0,-38.98317
5745316562.5,-38.97988
5745317500.0,-38.99068
5745318437.5,-38.9842
5745319375.0,-38.9716
5745320312.5,-38.97652
5745321250.0,-38.99393
5745322187.5,-38.98823
5745323125.0,-38.97357
5745324062.5,-38.97282
5745325000.0,-38.98774
5745325937.5,-38.97964
5745326875.0,-38.98214
5745327812.5,-38.97942
5745328750.0,-38.99099
5745329687.5,-38.96943
5745330625.0,-38.97076
5745331562.5,-38.97541
5745332500.0,-38.97935
5745333437.5,-38.97266
5745334375.0,-38.97168
5745335312.5,-38.96473
5745336250.0,-38.978
5745337187.5,-38.97134
5745338125.0,-38.95863
5745339062.5,-38.96469
5745340000.0,-38.97717
5745340937.5,-38.98286
5745341875.0,-38.959
5745342812.5,-38.96144
5745343750.0,-38.97083
5745344687.5,-38.95229
5745345625.0,-38.96536
5745346562.5,-38.95222
5745347500.0,-38.95824
5745348437.5,-38.97166
5745349375.0,-38.97109
5745350312.5,-38.94999
5745351250.0,-38.96676
5745352187.5,-38.97307
5745353125.0,-38.9509
5745354062.5,-38.95574
5745355000.0,-38.96344
5745355937.5,-38.96533
5745356875.0,-38.95586
5745357812.5,-38.96848
5745358750.0,-38.95873
5745359687.5,-38.93983
5745360625.0,-38.9478
5745361562.5,-38.959
5745362500.0,-38.95156
5745363437.5,-38.94482
5745364375.0,-38.95827
5745365312.5,-38.95789
5745366250.0,-38.94442
5745367187.5,-38.94861
5745368125.0,-38.9495
5745369062.5,-38.93665
5745370000.0,-38.94234
5745370937.5,-38.93043
5745371875.0,-38.93938
5745372812.5,-38.95798
5745373750.0,-38.94779
5745374687.5,-38.9302
5745375625.0,-38.94964
5745376562.5,-38.93831
5745377500.0,-38.93651
5745378437.5,-38.95532
5745379375.0,-38.94219
5745380312.5,-38.94419
5745381250.0,-38.93382
5745382187.5,-38.94334
5745383125.0,-38.92698
5745384062.5,-38.9221
5745385000.0,-38.94065
5745385937.5,-38.94934
5745386875.0,-38.93261
5745387812.5,-38.94085
5745388750.0,-38.91473
5745389687.5,-38.93811
5745390625.0,-38.91333
5745391562.5,-38.94172
5745392500.0,-38.92113
5745393437.5,-38.92842
5745394375.0,-38.93167
5745395312.5,-38.9424
5745396250.0,-38.93401
5745397187.5,-38.93788
5745398125.0,-38.92437
5745399062.5,-38.91637
5745400000.0,-38.9181
5745400937.5,-38.93538
5745401875.0,-38.9176
5745402812.5,-38.91149
5745403750.0,-38.91893
5745404687.5,-38.92366
5745405625.0,-38.91644
5745406562.5,-38.91718
5745407500.0,-38.92209
5745408437.5,-38.90953
5745409375.0,-38.92037
5745410312.5,-38.91578
5745411250.0,-38.91924
5745412187.5,-38.91259
5745413125.0,-38.91458
5745414062.5,-38.90402
5745415000.0,-38.90903
5745415937.5,-38.91556
5745416875.0,-38.90818
5745417812.5,-38.90235
5745418750.0,-38.90239
5745419687.5,-38.90959
5745420625.0,-38.92009
5745421562.5,-38.91216
5745422500.0,-38.90049
5745423437.5,-38.9144
5745424375.0,-38.89602
5745425312.5,-38.90004
5745426250.0,-38.89903
5745427187.5,-38.9292
5745428125.0,-38.90018
5745429062.5,-38.90126
5745430000.0,-38.90162
5745430937.5,-38.91322
5745431875.0,-38.90903
5745432812.5,-38.89399
5745433750.0,-38.89281
5745434687.5,-38.87419
5745435625.0,-38.88665
5745436562.5,-38.88636
5745437500.0,-38.89564
5745438437.5,-38.89372
5745439375.0,-38.89362
5745440312.5,-38.88461
5745441250.0,-38.86927
5745442187.5,-38.87949
5745443125.0,-38.90308
5745444062.5,-38.8779
5745445000.0,-38.894
5745445937.5,-38.8843
5745446875.0,-38.88786
5745447812.5,-38.89589
5745448750.0,-38.89043
5745449687.5,-38.89084
5745450625.0,-38.89091
5745451562.5,-38.88257
5745452500.0,-38.88194
5745453437.5,-38.86442
5745454375.0,-38.89876
5745455312.5,-38.88093
5745456250.0,-38.89151
5745457187.5,-38.87546
5745458125.0,-38.88061
5745459062.5,-38.87881
5745460000.0,-38.87396
5745460937.5,-38.8776
5745461875.0,-38.88593
5745462812.5,-38.88359
5745463750.0,-38.87238
5745464687.5,-38.87862
5745465625.0,-38.86661
5745466562.5,-38.86798
5745467500.0,-38.88231
5745468437.5,-38.87281
5745469375.0,-38.88343
5745470312.5,-38.87194
5745471250.0,-38.86502
5745472187.5,-38.85585
5745473125.0,-38.87131
5745474062.5,-38.86252
5745475000.0,-38.84865
5745475937.5,-38.87199
5745476875.0,-38.86846
5745477812.5,-38.86363
5745478750.0,-38.86816
5745479687.5,-38.8695
5745480625.0,-38.85938
5745481562.5,-38.85546
5745482500.0,-38.87634
5745483437.5,-38.85744
5745484375.0,-38.8587
5745485312.5,-38.86371
5745486250.0,-38.86517
5745487187.5,-38.86261
5745488125.0,-38.85139
5745489062.5,-38.85031
5745490000.0,-38.85662
5745490937.5,-38.85709
5745491875.0,-38.85638
5745492812.5,-38.84581
5745493750.0,-38.86105
5745494687.5,-38.84928
5745495625.0,-38.8421
5745496562.5,-38.86293
5745497500.0,-38.86271
5745498437.5,-38.86232
5745499375.0,-38.84311
5745500312.5,-38.86512
5745501250.0,-38.84611
5745502187.5,-38.83394
5745503125.0,-38.84032
5745504062.5,-38.83794
5745505000.0,-38.83922
5745505937.5,-38.83447
5745506875.0,-38.83719
5745507812.5,-38.82419
5745508750.0,-38.8372
5745509687.5,-38.84631
5745510625.0,-38.8522
5745511562.5,-38.83734
5745512500.0,-38.84398
5745513437.5,-38.84128
5745514375.0,-38.85705
5745515312.5,-38.84131
5745516250.0,-38.8358
5745517187.5,-38.83369
5745518125.0,-38.83041
5745519062.5,-38.8371
5745520000.0,-38.82663
5745520937.5,-38.82973
5745521875.0,-38.82995
5745522812.5,-38.84248
5745523750.0,-38.81843
5745524687.5,-38.84839
5745525625.0,-38.83313
5745526562.5,-38.82457
5745527500.0,-38.8106
5745528437.5,-38.81719
5745529375.0,-38.8309
5745530312.5,-38.82475
5745531250.0,-38.82909
5745532187.5,-38.84054
5745533125.0,-38.82265
5745534062.5,-38.81525
5745535000.0,-38.81542
5745535937.5,-38.81136
5745536875.0,-38.82301
5745537812.5,-38.8159
5745538750.0,-38.80899
5745539687.5,-38.81707
5745540625.0,-38.81423
5745541562.5,-38.83166
5745542500.0,-38.80841
5745543437.5,-38.79988
5745544375.0,-38.81045
5745545312.5,-38.82104
5745546250.0,-38.81043
5745547187.5,-38.79599
5745548125.0,-38.82531
5745549062.5,-38.80533
5745550000.0,-38.8133
5745550937.5,-38.81159
5745551875.0,-38.8192
5745552812.5,-38.80154
5745553750.0,-38.81445
5745554687.5,-38.79958
5745555625.0,-38.80867
5745556562.5,-38.7973
5745557500.0,-38.81424
5745558437.5,-38.80123
5745559375.0,-38.79404
5745560312.5,-38.79548
5745561250.0,-38.79014
5745562187.5,-38.7895
5745563125.0,-38.81988
5745564062.5,-38.78166
5745565000.0,-38.79107
5745565937.5,-38.78338
5745566875.0,-38.81503
5745567812.5,-38.78757
5745568750.0,-38.80005
5745569687.5,-38.79784
5745570625.0,-38.79802
5745571562.5,-38.7933
5745572500.0,-38.79318
5745573437.5,-38.80114
5745574375.0,-38.78186
5745575312.5,-38.77608
5745576250.0,-38.79181
5745577187.5,-38.79438
5745578125.0,-38.78231
5745579062.5,-38.80598
5745580000.0,-38.78971
5745580937.5,-38.79143
5745581875.0,-38.7782
5745582812.5,-38.79064
5745583750.0,-38.79213
5745584687.5,-38.77284
5745585625.0,-38.78564
5745586562.5,-38.78333
5745587500.0,-38.77948
5745588437.5,-38.78011
5745589375.0,-38.75546
5745590312.5,-38.78134
5745591250.0,-38.76168
5745592187.5,-38.77669
5745593125.0,-38.76825
5745594062.5,-38.78638
5745595000.0,-38.77395
5745595937.5,-38.76036
5745596875.0,-38.76245
5745597812.5,-38.76404
5745598750.0,-38.77122
5745599687.5,-38.74731
5745600625.0,-38.7784
5745601562.5,-38.77993
5745602500.0,-38.76783
5745603437.5,-38.7629
5745604375.0,-38.76891
5745605312.5,-38.76733
5745606250.0,-38.75494
5745607187.5,-38.76859
5745608125.0,-38.76042
5745609062.5,-38.74686
5745610000.0,-38.75486
5745610937.5,-38.75823
5745611875.0,-38.75649
5745612812.5,-38.75575
5745613750.0,-38.7499
5745614687.5,-38.74757
5745615625.0,-38.75172
5745616562.5,-38.76751
5745617500.0,-38.76665
5745618437.5,-38.75041
5745619375.0,-38.77464
5745620312.5,-38.75656
5745621250.0,-38.76171
5745622187.5,-38.75405
5745623125.0,-38.74655
5745624062.5,-38.74899
5745625000.0,-38.75123
5745625937.5,-38.74838
5745626875.0,-38.74726
5745627812.5,-38.74064
5745628750.0,-38.7431
5745629687.5,-38.74886
5745630625.0,-38.73864
5745631562.5,-38.74296
5745632500.0,-38.7347
5745633437.5,-38.74686
5745634375.0,-38.7353
5745635312.5,-38.73517
5745636250.0,-38.7368
5745637187.5,-38.73609
5745638125.0,-38.74131
5745639062.5,-38.72849
5745640000.0,-38.73389
5745640937.5,-38.74602
5745641875.0,-38.73495
5745642812.5,-38.74463
5745643750.0,-38.73318
5745644687.5,-38.74051
5745645625.0,-38.72873
5745646562.5,-38.7061
5745647500.0,-38.74902
5745648437.5,-38.73623
5745649375.0,-38.73475
5745650312.5,-38.74011
5745651250.0,-38.72607
5745652187.5,-38.72185
5745653125.0,-38.73027
5745654062.5,-38.73217
5745655000.0,-38.73605
5745655937.5,-38.72475
5745656875.0,-38.7197
5745657812.5,-38.73008
5745658750.0,-38.71256
5745659687.5,-38.71686
5745660625.0,-38.71295
5745661562.5,-38.72242
5745662500.0,-38.73121
5745663437.5,-38.71539
5745664375.0,-38.73075
5745665312.5,-38.7074
5745666250.0,-38.7256
5745667187.5,-38.71531
5745668125.0,-38.71599
5745669062.5,-38.7188
5745670000.0,-38.71477
5745670937.5,-38.72038
5745671875.0,-38.71566
5745672812.5,-38.71369
5745673750.0,-38.7121
5745674687.5,-38.70429
5745675625.0,-38.70515
5745676562.5,-38.70718
5745677500.0,-38.71782
5745678437.5,-38.70764
5745679375.0,-38.71268
5745680312.5,-38.69853
5745681250.0,-38.71149
5745682187.5,-38.69464
5745683125.0,-38.70533
5745684062.5,-38.69236
5745685000.0,-38.69857
5745685937.5,-38.69099
5745686875.0,-38.70042
5745687812.5,-38.70642
5745688750.0,-38.69635
5745689687.5,-38.70314
5745690625.0,-38.6941
5745691562.5,-38.69681
5745692500.0,-38.70402
5745693437.5,-38.69466
5745694375.0,-38.69538
5745695312.5,-38.69099
5745696250.0,-38.67402
5745697187.5,-38.72068
5745698125.0,-38.69093
5745699062.5,-38.67924
5745700000.0,-38.68714
5745700937.5,-38.69473
5745701875.0,-38.69213
5745702812.5,-38.69085
5745703750.0,-38.69624
5745704687.5,-38.68329
5745705625.0,-38.67572
5745706562.5,-38.69126
5745707500.0,-38.68946
5745708437.5,-38.6841
5745709375.0,-38.69063
5745710312.5,-38.67529
5745711250.0,-38.68008
5745712187.5,-38.6717
5745713125.0,-38.67682
5745714062.5,-38.66034
5745715000.0,-38.67337
5745715937.5,-38.67794
5745716875.0,-38.66679
5745717812.5,-38.68467
5745718750.0,-38.6734
5745719687.5,-38.66103
5745720625.0,-38.66795
5745721562.5,-38.67656
5745722500.0,-38.66303
5745723437.5,-38.68474
5745724375.0,-38.6827
5745725312.5,-38.67179
5745726250.0,-38.6616
5745727187.5,-38.66888
5745728125.0,-38.66202
5745729062.5,-38.6544
5745730000.0,-38.65207
5745730937.5,-38.66752
5745731875.0,-38.64449
5745732812.5,-38.67017
5745733750.0,-38.66412
5745734687.5,-38.67009
5745735625.0,-38.66166
5745736562.5,-38.66417
5745737500.0,-38.64871
5745738437.5,-38.66289
5745739375.0,-38.66074
5745740312.5,-38.66309
5745741250.0,-38.66836
5745742187.5,-38.65025
5745743125.0,-38.65297
5745744062.5,-38.65368
5745745000.0,-38.65069
5745745937.5,-38.65251
5745746875.0,-38.65431
5745747812.5,-38.66094
5745748750.0,-38.6418
5745749687.5,-38.65187
5745750625.0,-38.65158
5745751562.5,-38.64913
5745752500.0,-38.64068
5745753437.5,-38.67012
5745754375.0,-38.64612
5745755312.5,-38.65432
5745756250.0,-38.65246
5745757187.5,-38.64075
5745758125.0,-38.65072
5745759062.5,-38.6212
5745760000.0,-38.6323
5745760937.5,-38.63311
5745761875.0,-38.64925
5745762812.5,-38.64287
5745763750.0,-38.64312
5745764687.5,-38.64893
5745765625.0,-38.64555
5745766562.5,-38.64255
5745767500.0,-38.63296
5745768437.5,-38.6385
5745769375.0,-38.65459
5745770312.5,-38.6371
5745771250.0,-38.64631
5745772187.5,-38.64347
5745773125.0,-38.63468
5745774062.5,-38.64371
5745775000.0,-38.63336
5745775937.5,-38.61613
5745776875.0,-38.65151
5745777812.5,-38.6441
5745778750.0,-38.61591
5745779687.5,-38.62714
5745780625.0,-38.60356
5745781562.5,-38.61848
5745782500.0,-38.63589
5745783437.5,-38.61858
5745784375.0,-38.61607
5745785312.5,-38.6247
5745786250.0,-38.62339
5745787187.5,-38.62534
5745788125.0,-38.62547
5745789062.5,-38.61477
5745790000.0,-38.62593
5745790937.5,-38.6131
5745791875.0,-38.61873
5745792812.5,-38.62193
5745793750.0,-38.61924
5745794687.5,-38.60815
5745795625.0,-38.61676
5745796562.5,-38.61213
5745797500.0,-38.61944
5745798437.5,-38.61949
5745799375.0,-38.62248
5745800312.5,-38.59972
5745801250.0,-38.61075
5745802187.5,-38.61439
5745803125.0,-38.59042
5745804062.5,-38.61626
5745805000.0,-38.60115
5745805937.5,-38.61547
5745806875.0,-38.60192
5745807812.5,-38.59703
5745808750.0,-38.61176
5745809687.5,-38.6098
5745810625.0,-38.60643
5745811562.5,-38.60267
5745812500.0,-38.61789
5745813437.5,-38.5986
5745814375.0,-38.61842
5745815312.5,-38.60301
5745816250.0,-38.59909
5745817187.5,-38.59087
5745818125.0,-38.59908
5745819062.5,-38.60039
5745820000.0,-38.60099
5745820937.5,-38.577
5745821875.0,-38.59865
5745822812.5,-38.6006
5745823750.0,-38.58598
5745824687.5,-38.59487
5745825625.0,-38.59009
5745826562.5,-38.58858
5745827500.0,-38.57946
5745828437.5,-38.58127
5745829375.0,-38.5846
5745830312.5,-38.5778
5745831250.0,-38.59386
5745832187.5,-38.58409
5745833125.0,-38.58464
5745834062.5,-38.59914
5745835000.0,-38.59444
5745835937.5,-38.57208
5745836875.0,-38.58274
5745837812.5,-38.5783
5745838750.0,-38.56918
5745839687.5,-38.56429
5745840625.0,-38.58771
5745841562.5,-38.57675
5745842500.0,-38.58322
5745843437.5,-38.5728
5745844375.0,-38.5612
5745845312.5,-38.5766
5745846250.0,-38.58537
5745847187.5,-38.57824
5745848125.0,-38.57789
5745849062.5,-38.57936
5745850000.0,-38.57233
5745850937.5,-38.55975
5745851875.0,-38.56588
5745852812.5,-38.57347
5745853750.0,-38.56746
5745854687.5,-38.56838
5745855625.0,-38.56566
5745856562.5,-38.55361
5745857500.0,-38.5695
5745858437.5,-38.56048
5745859375.0,-38.5613
5745860312.5,-38.5617
5745861250.0,-38.55766
5745862187.5,-38.56819
5745863125.0,-38.55972
5745864062.5,-38.55448
5745865000.0,-38.55601
5745865937.5,-38.55786
5745866875.0,-38.57199
5745867812.5,-38.5608
5745868750.0,-38.55373
5745869687.5,-38.56609
5745870625.0,-38.56513
5745871562.5,-38.55986
5745872500.0,-38.54561
5745873437.5,-38.54792
5745874375.0,-38.53841
5745875312.5,-38.53453
5745876250.0,-38.56011
5745877187.5,-38.55339
5745878125.0,-38.53367
5745879062.5,-38.54811
5745880000.0,-38.54212
5745880937.5,-38.56343
5745881875.0,-38.55616
5745882812.5,-38.55009
5745883750.0,-38.53991
5745884687.5,-38.54029
5745885625.0,-38.5399
5745886562.5,-38.54587
5745887500.0,-38.53449
5745888437.5,-38.54288
5745889375.0,-38.53446
5745890312.5,-38.53998
5745891250.0,-38.55043
5745892187.5,-38.53638
5745893125.0,-38.53986
5745894062.5,-38.53834
5745895000.0,-38.52755
5745895937.5,-38.52562
5745896875.0,-38.52564
5745897812.5,-38.53244
5745898750.0,-38.51796
5745899687.5,-38.54548
5745900625.0,-38.53958
5745901562.5,-38.51429
5745902500.0,-38.53918
5745903437.5,-38.52997
5745904375.0,-38.53085
5745905312.5,-38.52773
5745906250.0,-38.52519
5745907187.5,-38.5192
5745908125.0,-38.54187
5745909062.5,-38.52695
5745910000.0,-38.51998
5745910937.5,-38.51103
5745911875.0,-38.52114
5745912812.5,-38.50919
5745913750.0,-38.5248
5745914687.5,-38.50933
5745915625.0,-38.51792
5745916562.5,-38.51825
5745917500.0,-38.525
5745918437.5,-38.51418
5745919375.0,-38.51318
5745920312.5,-38.5102
5745921250.0,-38.52338
5745922187.5,-38.52359
5745923125.0,-38.51392
5745924062.5,-38.51833
5745925000.0,-38.50301
5745925937.5,-38.51696
5745926875.0,-38.5174
5745927812.5,-38.50478
5745928750.0,-38.50202
5745929687.5,-38.48993
5745930625.0,-38.51431
5745931562.5,-38.50046
5745932500.0,-38.49137
5745933437.5,-38.51175
5745934375.0,-38.50303
5745935312.5,-38.51542
5745936250.0,-38.50913
5745937187.5,-38.49466
5745938125.0,-38.51103
5745939062.5,-38.50348
5745940000.0,-38.49565
5745940937.5,-38.50212
5745941875.0,-38.50471
5745942812.5,-38.50769
5745943750.0,-38.49521
5745944687.5,-38.49584
5745945625.0,-38.48785
5745946562.5,-38.50828
5745947500.0,-38.4894
5745948437.5,-38.49505
5745949375.0,-38.48026
5745950312.5,-38.50218
5745951250.0,-38.50491
5745952187.5,-38.48006
5745953125.0,-38.49057
5745954062.5,-38.48466
5745955000.0,-38.49574
5745955937.5,-38.49323
5745956875.0,-38.48792
5745957812.5,-38.4972
5745958750.0,-38.49706
5745959687.5,-38.47956
5745960625.0,-38.47858
5745961562.5,-38.48393
5745962500.0,-38.47403
5745963437.5,-38.48271
5745964375.0,-38.47749
5745965312.5,-38.46327
5745966250.0,-38.48989
5745967187.5,-38.48088
5745968125.0,-38.46711
5745969062.5,-38.46878
5745970000.0,-38.45971
5745970937.5,-38.46305
5745971875.0,-38.46901
5745972812.5,-38.47152
5745973750.0,-38.45601
5745974687.5,-38.477
5745975625.0,-38.45909
5745976562.5,-38.47807
5745977500.0,-38.46206
5745978437.5,-38.47612
5745979375.0,-38.46642
5745980312.5,-38.46195
5745981250.0,-38.45971
5745982187.5,-38.4679
5745983125.0,-38.48189
5745984062.5,-38.45191
5745985000.0,-38.46552
5745985937.5,-38.46655
5745986875.0,-38.44759
5745987812.5,-38.45893
5745988750.0,-38.45369
5745989687.5,-38.46357
5745990625.0,-38.45655
5745991562.5,-38.46191
5745992500.0,-38.46395
5745993437.5,-38.44514
5745994375.0,-38.47036
5745995312.5,-38.44933
5745996250.0,-38.43739
5745997187.5,-38.45044
5745998125.0,-38.45803
5745999062.5,-38.44743
5746000000.0,-38.45533
5746000937.5,-38.45316
5746001875.0,-38.45607
5746002812.5,-38.45759
5746003750.0,-38.4428
5746004687.5,-38.44554
5746005625.0,-38.4436
5746006562.5,-38.4531
5746007500.0,-38.43958
5746008437.5,-38.4396
5746009375.0,-38.43056
5746010312.5,-38.44473
5746011250.0,-38.45288
5746012187.5,-38.44103
5746013125.0,-38.44724
5746014062.5,-38.43678
5746015000.0,-38.4269
5746015937.5,-38.43957
5746016875.0,-38.41938
5746017812.5,-38.43119
5746018750.0,-38.43947
5746019687.5,-38.43653
5746020625.0,-38.44382
5746021562.5,-38.42736
5746022500.0,-38.41869
5746023437.5,-38.42679
5746024375.0,-38.42998
5746025312.5,-38.43348
5746026250.0,-38.43055
5746027187.5,-38.41826
5746028125.0,-38.4189
5746029062.5,-38.42084
5746030000.0,-38.45061
5746030937.5,-38.42461
5746031875.0,-38.4187
5746032812.5,-38.42214
5746033750.0,-38.42129
5746034687.5,-38.42675
5746035625.0,-38.42419
5746036562.5,-38.4184
5746037500.0,-38.41033
5746038437.5,-38.4351
5746039375.0,-38.42864
5746040312.5,-38.42211
5746041250.0,-38.418
5746042187.5,-38.41778
5746043125.0,-38.40751
5746044062.5,-38.41027
5746045000.0,-38.41945
5746045937.5,-38.42213
5746046875.0,-38.40924
5746047812.5,-38.41308
5746048750.0,-38.4097
5746049687.5,-38.40994
5746050625.0,-38.39455
5746051562.5,-38.39042
5746052500.0,-38.41063
5746053437.5,-38.40689
5746054375.0,-38.392
5746055312.5,-38.40372
5746056250.0,-38.38938
5746057187.5,-38.41954
5746058125.0,-38.40131
5746059062.5,-38.39452
5746060000.0,-38.40169
5746060937.5,-38.41011
5746061875.0,-38.39622
5746062812.5,-38.40384
5746063750.0,-38.39805
5746064687.5,-38.39927
5746065625.0,-38.39393
5746066562.5,-38.38119
5746067500.0,-38.3934
5746068437.5,-38.3924
5746069375.0,-38.40379
5746070312.5,-38.39201
5746071250.0,-38.40317
5746072187.5,-38.40129
5746073125.0,-38.40348
5746074062.5,-38.38427
5746075000.0,-38.39555
5746075937.5,-38.37558
5746076875.0,-38.37813
5746077812.5,-38.38675
5746078750.0,-38.39986
5746079687.5,-38.39103
5746080625.0,-38.38531
5746081562.5,-38.37834
5746082500.0,-38.39341
5746083437.5,-38.37672
5746084375.0,-38.3923
5746085312.5,-38.38639
5746086250.0,-38.40071
5746087187.5,-38.38949
5746088125.0,-38.37058
5746089062.5,-38.37448
5746090000.0,-38.38868
5746090937.5,-38.3825
5746091875.0,-38.35843
5746092812.5,-38.37891
5746093750.0,-38.37421
5746094687.5,-38.37859
5746095625.0,-38.36369
5746096562.5,-38.37319
5746097500.0,-38.37434
5746098437.5,-38.3763
5746099375.0,-38.37069
5746100312.5,-38.37518
5746101250.0,-38.34521
5746102187.5,-38.36156
5746103125.0,-38.36369
5746104062.5,-38.36121
5746105000.0,-38.36562
5746105937.5,-38.36612
5746106875.0,-38.36245
5746107812.5,-38.3718
5746108750.0,-38.36205
5746109687.5,-38.35949
5746110625.0,-38.36269
5746111562.5,-38.35851
5746112500.0,-38.36519
5746113437.5,-38.35319
5746114375.0,-38.36089
5746115312.5,-38.35299
5746116250.0,-38.35971
5746117187.5,-38.35162
5746118125.0,-38.37461
5746119062.5,-38.35708
5746120000.0,-38.34835
5746120937.5,-38.34279
5746121875.0,-38.34508
5746122812.5,-38.36005
5746123750.0,-38.33926
5746124687.5,-38.35219
5746125625.0,-38.3263
5746126562.5,-38.33902
5746127500.0,-38.35569
5746128437.5,-38.33377
5746129375.0,-38.34845
5746130312.5,-38.33093
5746131250.0,-38.35113
5746132187.5,-38.32621
5746133125.0,-38.34512
5746134062.5,-38.33522
5746135000.0,-38.34369
5746135937.5,-38.34881
5746136875.0,-38.34073
5746137812.5,-38.34832
5746138750.0,-38.35072
5746139687.5,-38.34216
5746140625.0,-38.34592
5746141562.5,-38.33188
5746142500.0,-38.32542
5746143437.5,-38.34381
5746144375.0,-38.32508
5746145312.5,-38.32613
5746146250.0,-38.33123
5746147187.5,-38.31802
5746148125.0,-38.32584
5746149062.5,-38.32402
5746150000.0,-38.32298
5746150937.5,-38.32092
5746151875.0,-38.32316
5746152812.5,-38.32792
5746153750.0,-38.32652
5746154687.5,-38.33765
5746155625.0,-38.31863
5746156562.5,-38.31773
5746157500.0,-38.3033
5746158437.5,-38.32419
5746159375.0,-38.31967
5746160312.5,-38.31092
5746161250.0,-38.32488
5746162187.5,-38.3293
5746163125.0,-38.32545
5746164062.5,-38.32271
5746165000.0,-38.32698
5746165937.5,-38.3147
5746166875.0,-38.31392
5746167812.5,-38.30292
5746168750.0,-38.3001
5746169687.5,-38.31988
5746170625.0,-38.31689
5746171562.5,-38.30457
5746172500.0,-38.31129
5746173437.5,-38.30135
5746174375.0,-38.30588
5746175312.5,-38.30953
5746176250.0,-38.32175
5746177187.5,-38.3134
5746178125.0,-38.29578
5746179062.5,-38.28958
5746180000.0,-38.31497
5746180937.5,-38.30497
5746181875.0,-38.32028
5746182812.5,-38.30442
5746183750.0,-38.30935
5746184687.5,-38.29728
5746185625.0,-38.31087
5746186562.5,-38.30584
5746187500.0,-38.29757
5746188437.5,-38.29857
5746189375.0,-38.30032
5746190312.5,-38.29873
5746191250.0,-38.31796
5746192187.5,-38.28622
5746193125.0,-38.28581
5746194062.5,-38.28959
5746195000.0,-38.28952
5746195937.5,-38.2983
5746196875.0,-38.2826
5746197812.5,-38.28421
5746198750.0,-38.28521
5746199687.5,-38.29419
5746200625.0,-38.29418
5746201562.5,-38.29937
5746202500.0,-38.29959
5746203437.5,-38.28769
5746204375.0,-38.28454
5746205312.5,-38.28228
5746206250.0,-38.28904
5746207187.5,-38.26694
5746208125.0,-38.27251
5746209062.5,-38.27341
5746210000.0,-38.28074
5746210937.5,-38.27585
5746211875.0,-38.28409
5746212812.5,-38.28183
5746213750.0,-38.29875
5746214687.5,-38.27752
5746215625.0,-38.27435
5746216562.5,-38.27232
5746217500.0,-38.26989
5746218437.5,-38.28693
5746219375.0,-38.26775
5746220312.5,-38.28865
5746221250.0,-38.27076
5746222187.5,-38.25996
5746223125.0,-38.25566
5746224062.5,-38.27757
5746225000.0,-38.26621
5746225937.5,-38.27268
5746226875.0,-38.27111
5746227812.5,-38.26226
5746228750.0,-38.26528
5746229687.5,-38.26444
5746230625.0,-38.267
5746231562.5,-38.25845
5746232500.0,-38.25389
5746233437.5,-38.2637
5746234375.0,-38.26372
5746235312.5,-38.24483
5746236250.0,-38.2611
5746237187.5,-38.26791
5746238125.0,-38.26488
5746239062.5,-38.25034
5746240000.0,-38.24275
5746240937.5,-38.25457
5746241875.0,-38.24444
5746242812.5,-38.24804
5746243750.0,-38.25324
5746244687.5,-38.25214
5746245625.0,-38.26089
5746246562.5,-38.25959
5746247500.0,-38.24361
5746248437.5,-38.25634
5746249375.0,-38.24626
5746250312.5,-38.24289
5746251250.0,-38.24104
5746252187.5,-38.24386
5746253125.0,-38.24477
5746254062.5,-38.25073
5746255000.0,-38.23701
5746255937.5,-38.24242
5746256875.0,-38.24231
5746257812.5,-38.2374
5746258750.0,-38.23951
5746259687.5,-38.26439
5746260625.0,-38.24454
5746261562.5,-38.24426
5746262500.0,-38.23276
5746263437.5,-38.24931
5746264375.0,-38.22699
5746265312.5,-38.2406
5746266250.0,-38.23519
5746267187.5,-38.23424
5746268125.0,-38.2216
5746269062.5,-38.241
5746270000.0,-38.22689
5746270937.5,-38.24145
5746271875.0,-38.23336
5746272812.5,-38.23409
5746273750.0,-38.23294
5746274687.5,-38.20804
5746275625.0,-38.23066
5746276562.5,-38.23365
5746277500.0,-38.21941
5746278437.5,-38.2339
5746279375.0,-38.23094
5746280312.5,-38.22921
5746281250.0,-38.20696
5746282187.5,-38.22338
5746283125.0,-38.22515
5746284062.5,-38.21157
5746285000.0,-38.20907
5746285937.5,-38.22809
5746286875.0,-38.21738
5746287812.5,-38.20967
5746288750.0,-38.21053
5746289687.5,-38.21395
5746290625.0,-38.2046
5746291562.5,-38.22221
5746292500.0,-38.21267
5746293437.5,-38.21381
5746294375.0,-38.21946
5746295312.5,-38.20995
5746296250.0,-38.21886
5746297187.5,-38.21842
5746298125.0,-38.21135
5746299062.5,-38.21019
5746300000.0,-38.19568
5746300937.5,-38.20218
5746301875.0,-38.2067
5746302812.5,-38.20149
5746303750.0,-38.19203
5746304687.5,-38.20169
5746305625.0,-38.19321
5746306562.5,-38.20409
5746307500.0,-38.181
5746308437.5,-38.2011
5746309375.0,-38.1994
5746310312.5,-38.20667
5746311250.0,-38.20377
5746312187.5,-38.20382
5746313125.0,-38.1976
5746314062.5,-38.19592
5746315000.0,-38.194
5746315937.5,-38.17304
5746316875.0,-38.18266
5746317812.5,-38.18284
5746318750.0,-38.1768
5746319687.5,-38.19067
5746320625.0,-38.18546
5746321562.5,-38.18431
5746322500.0,-38.18052
5746323437.5,-38.18512
5746324375.0,-38.17075
5746325312.5,-38.18944
5746326250.0,-38.17204
5746327187.5,-38.18384
5746328125.0,-38.17096
5746329062.5,-38.18831
5746330000.0,-38.17443
5746330937.5,-38.17759
5746331875.0,-38.18264
5746332812.5,-38.18499
5746333750.0,-38.18229
5746334687.5,-38.18962
5746335625.0,-38.17809
5746336562.5,-38.16994
5746337500.0,-38.1659
5746338437.5,-38.16848
5746339375.0,-38.17393
5746340312.5,-38.17116
5746341250.0,-38.16264
5746342187.5,-38.16977
5746343125.0,-38.15499
5746344062.5,-38.17352
5746345000.0,-38.16895
5746345937.5,-38.14782
5746346875.0,-38.16346
5746347812.5,-38.17282
5746348750.0,-38.16529
5746349687.5,-38.17738
5746350625.0,-38.16296
5746351562.5,-38.1694
5746352500.0,-38.15784
5746353437.5,-38.16372
5746354375.0,-38.17023
5746355312.5,-38.16288
5746356250.0,-38.16009
5746357187.5,-38.15417
5746358125.0,-38.15004
5746359062.5,-38.16994
5746360000.0,-38.15446
5746360937.5,-38.14643
5746361875.0,-38.15443
5746362812.5,-38.16764
5746363750.0,-38.1614
5746364687.5,-38.15933
5746365625.0,-38.14495
5746366562.5,-38.13424
5746367500.0,-38.14284
5746368437.5,-38.15017
5746369375.0,-38.16044
5746370312.5,-38.13729
5746371250.0,-38.14511
5746372187.5,-38.14075
5746373125.0,-38.15066
5746374062.5,-38.13626
5746375000.0,-38.1425
5746375937.5,-38.14034
5746376875.0,-38.13842
5746377812.5,-38.13119
5746378750.0,-38.13371
5746379687.5,-38.14508
5746380625.0,-38.13836
5746381562.5,-38.14117
5746382500.0,-38.12586
5746383437.5,-38.13767
5746384375.0,-38.12398
5746385312.5,-38.13703
5746386250.0,-38.13368
5746387187.5,-38.13642
5746388125.0,-38.13396
5746389062.5,-38.12471
5746390000.0,-38.14815
5746390937.5,-38.11938
5746391875.0,-38.12863
5746392812.5,-38.12791
5746393750.0,-38.12618
5746394687.5,-38.10583
5746395625.0,-38.11913
5746396562.5,-38.11558
5746397500.0,-38.12317
5746398437.5,-38.11192
5746399375.0,-38.11539
5746400312.5,-38.12034
5746401250.0,-38.12412
5746402187.5,-38.12179
5746403125.0,-38.12343
5746404062.5,-38.11305
5746405000.0,-38.12902
5746405937.5,-38.11121
5746406875.0,-38.12264
5746407812.5,-38.12292
5746408750.0,-38.10873
5746409687.5,-38.1278
5746410625.0,-38.12449
5746411562.5,-38.10583
5746412500.0,-38.10503
5746413437.5,-38.1118
5746414375.0,-38.11222
5746415312.5,-38.10815
5746416250.0,-38.10716
5746417187.5,-38.10497
5746418125.0,-38.11267
5746419062.5,-38.1236
5746420000.0,-38.09686
5746420937.5,-38.10962
5746421875.0,-38.09751
5746422812.5,-38.09877
5746423750.0,-38.09805
5746424687.5,-38.09884
5746425625.0,-38.10266
5746426562.5,-38.10516
5746427500.0,-38.09643
5746428437.5,-38.1048
5746429375.0,-38.10607
5746430312.5,-38.0996
5746431250.0,-38.08185
5746432187.5,-38.10529
5746433125.0,-38.09851
5746434062.5,-38.10309
5746435000.0,-38.10378
5746435937.5,-38.10055
5746436875.0,-38.0924
5746437812.5,-38.08673
5746438750.0,-38.09476
5746439687.5,-38.09571
5746440625.0,-38.08411
5746441562.5,-38.09171
5746442500.0,-38.08519
5746443437.5,-38.0988
5746444375.0,-38.07745
5746445312.5,-38.08144
5746446250.0,-38.08214
5746447187.5,-38.08802
5746448125.0,-38.08607
5746449062.5,-38.07869
5746450000.0,-38.08136
5746450937.5,-38.08165
5746451875.0,-38.07817
5746452812.5,-38.08217
5746453750.0,-38.07858
5746454687.5,-38.08699
5746455625.0,-38.0651
5746456562.5,-38.08218
5746457500.0,-38.06868
5746458437.5,-38.07247
5746459375.0,-38.06823
5746460312.5,-38.06014
5746461250.0,-38.0768
5746462187.5,-38.0727
5746463125.0,-38.05785
5746464062.5,-38.07731
5746465000.0,-38.06088
5746465937.5,-38.08236
5746466875.0,-38.07222
5746467812.5,-38.06746
5746468750.0,-38.05635
5746469687.5,-38.04766
5746470625.0,-38.05902
5746471562.5,-38.07053
5746472500.0,-38.07214
5746473437.5,-38.05515
5746474375.0,-38.05785
5746475312.5,-38.05644
5746476250.0,-38.0552
5746477187.5,-38.07081
5746478125.0,-38.04967
5746479062.5,-38.04394
5746480000.0,-38.04863
5746480937.5,-38.07252
5746481875.0,-38.0452
5746482812.5,-38.06929
5746483750.0,-38.05838
5746484687.5,-38.04682
5746485625.0,-38.03801
5746486562.5,-38.04003
5746487500.0,-38.05743
5746488437.5,-38.064
5746489375.0,-38.05304
5746490312.5,-38.04126
5746491250.0,-38.05944
5746492187.5,-38.04718
5746493125.0,-38.04191
5746494062.5,-38.03641
5746495000.0,-38.04571
5746495937.5,-38.04153
5746496875.0,-38.04963
5746497812.5,-38.03786
5746498750.0,-38.04779
5746499687.5,-38.04778
5746500625.0,-38.04164
5746501562.5,-38.04129
5746502500.0,-38.04585
5746503437.5,-38.04187
5746504375.0,-38.03305
5746505312.5,-38.0356
5746506250.0,-38.02611
5746507187.5,-38.03001
5746508125.0,-38.03036
5746509062.5,-38.03513
5746510000.0,-38.03033
5746510937.5,-38.02655
5746511875.0,-38.02398
5746512812.5,-38.02491
5746513750.0,-38.02912
5746514687.5,-38.00446
5746515625.0,-38.034
5746516562.5,-38.02119
5746517500.0,-38.01594
5746518437.5,-38.03065
5746519375.0,-38.02425
5746520312.5,-38.02199
5746521250.0,-38.02842
5746522187.5,-38.02267
5746523125.0,-38.01791
5746524062.5,-38.02092
5746525000.0,-38.00264
5746525937.5,-38.02084
5746526875.0,-38.02873
5746527812.5,-38.01996
5746528750.0,-38.02311
5746529687.5,-38.01505
5746530625.0,-38.01543
5746531562.5,-38.01816
5746532500.0,-38.00745
5746533437.5,-38.00427
5746534375.0,-38.02082
5746535312.5,-38.01878
5746536250.0,-37.99878
5746537187.5,-38.00157
5746538125.0,-38.0068
5746539062.5,-38.00337
5746540000.0,-38.00502
5746540937.5,-37.99962
5746541875.0,-38.00427
5746542812.5,-38.00352
5746543750.0,-37.99636
5746544687.5,-37.99733
5746545625.0,-38.0239
5746546562.5,-38.00243
5746547500.0,-37.99105
5746548437.5,-37.99322
5746549375.0,-38.00626
5746550312.5,-37.98959
5746551250.0,-37.99414
5746552187.5,-38.01379
5746553125.0,-37.98777
5746554062.5,-37.99537
5746555000.0,-37.99664
5746555937.5,-37.99481
5746556875.0,-37.98511
5746557812.5,-37.98589
5746558750.0,-37.99434
5746559687.5,-37.986
5746560625.0,-37.99594
5746561562.5,-37.98458
5746562500.0,-37.98839
5746563437.5,-37.9888
5746564375.0,-37.99414
5746565312.5,-37.99597
5746566250.0,-37.98321
5746567187.5,-37.97721
5746568125.0,-37.98506
5746569062.5,-37.98508
5746570000.0,-37.99384
5746570937.5,-37.98664
5746571875.0,-37.97224
5746572812.5,-37.97685
5746573750.0,-37.9737
5746574687.5,-37.97634
5746575625.0,-37.99149
5746576562.5,-37.96948
5746577500.0,-37.96298
5746578437.5,-37.98733
5746579375.0,-37.96605
5746580312.5,-37.96148
5746581250.0,-37.96697
5746582187.5,-37.96826
5746583125.0,-37.96807
5746584062.5,-37.9532
5746585000.0,-37.95777
5746585937.5,-37.97237
5746586875.0,-37.96897
5746587812.5,-37.97464
5746588750.0,-37.96156
5746589687.5,-37.96747
5746590625.0,-37.96564
5746591562.5,-37.97102
5746592500.0,-37.9816
5746593437.5,-37.9556
5746594375.0,-37.94427
5746595312.5,-37.96524
5746596250.0,-37.95042
5746597187.5,-37.95855
5746598125.0,-37.94304
5746599062.5,-37.95607
5746600000.0,-37.95979
5746600937.5,-37.95412
5746601875.0,-37.94102
5746602812.5,-37.94906
5746603750.0,-37.94449
5746604687.5,-37.95454
5746605625.0,-37.95326
5746606562.5,-37.94537
5746607500.0,-37.94986
5746608437.5,-37.94766
5746609375.0,-37.934
5746610312.5,-37.9468
5746611250.0,-37.9482
5746612187.5,-37.95294
5746613125.0,-37.94228
5746614062.5,-37.94275
5746615000.0,-37.94933
5746615937.5,-37.9491
5746616875.0,-37.94752
5746617812.5,-37.94018
5746618750.0,-37.94436
5746619687.5,-37.94211
5746620625.0,-37.93859
5746621562.5,-37.93558
5746622500.0,-37.92645
5746623437.5,-37.92643
5746624375.0,-37.93213
5746625312.5,-37.92123
5746626250.0,-37.93721
5746627187.5,-37.93169
5746628125.0,-37.93923
5746629062.5,-37.93752
5746630000.0,-37.91644
5746630937.5,-37.93326
5746631875.0,-37.92769
5746632812.5,-37.92489
5746633750.0,-37.94111
5746634687.5,-37.92143
5746635625.0,-37.92755
5746636562.5,-37.92729
5746637500.0,-37.9218
5746638437.5,-37.92605
5746639375.0,-37.93473
5746640312.5,-37.92606
5746641250.0,-37.9282
5746642187.5,-37.92117
5746643125.0,-37.91877
5746644062.5,-37.91566
5746645000.0,-37.91637
5746645937.5,-37.91119
5746646875.0,-37.90612
5746647812.5,-37.93029
5746648750.0,-37.9142
5746649687.5,-37.91896
5746650625.0,-37.90783
5746651562.5,-37.92518
5746652500.0,-37.9099
5746653437.5,-37.91742
5746654375.0,-37.90571
5746655312.5,-37.91846
5746656250.0,-37.90075
5746657187.5,-37.91298
5746658125.0,-37.91193
5746659062.5,-37.90373
5746660000.0,-37.90461
5746660937.5,-37.89589
5746661875.0,-37.91352
5746662812.5,-37.9008
5746663750.0,-37.90364
5746664687.5,-37.90264
5746665625.0,-37.89941
5746666562.5,-37.8974
5746667500.0,-37.90072
5746668437.5,-37.88686
5746669375.0,-37.89177
5746670312.5,-37.87605
5746671250.0,-37.89079
5746672187.5,-37.89188
5746673125.0,-37.88588
5746674062.5,-37.88693
5746675000.0,-37.90161
5746675937.5,-37.90914
5746676875.0,-37.87368
5746677812.5,-37.87849
5746678750.0,-37.89394
5746679687.5,-37.88624
5746680625.0,-37.88139
5746681562.5,-37.87975
5746682500.0,-37.89623
5746683437.5,-37.87311
5746684375.0,-37.884
5746685312.5,-37.87935
5746686250.0,-37.86378
5746687187.5,-37.88323
5746688125.0,-37.88201
5746689062.5,-37.88366
5746690000.0,-37.88439
5746690937.5,-37.88583
5746691875.0,-37.89301
5746692812.5,-37.87667
5746693750.0,-37.88591
5746694687.5,-37.88363
5746695625.0,-37.87503
5746696562.5,-37.85049
5746697500.0,-37.88232
5746698437.5,-37.8689
5746699375.0,-37.87811
5746700312.5,-37.87793
5746701250.0,-37.86985
5746702187.5,-37.86315
5746703125.0,-37.86843
5746704062.5,-37.88129
5746705000.0,-37.87101
5746705937.5,-37.85913
5746706875.0,-37.86434
5746707812.5,-37.85697
5746708750.0,-37.84944
5746709687.5,-37.87258
5746710625.0,-37.85167
5746711562.5,-37.88017
5746712500.0,-37.85889
5746713437.5,-37.85588
5746714375.0,-37.8651
5746715312.5,-37.84264
5746716250.0,-37.85301
5746717187.5,-37.85413
5746718125.0,-37.84773
5746719062.5,-37.84546
5746720000.0,-37.86346
5746720937.5,-37.83886
5746721875.0,-37.83567
5746722812.5,-37.8402
5746723750.0,-37.84553
5746724687.5,-37.85782
5746725625.0,-37.86031
5746726562.5,-37.84904
5746727500.0,-37.84341
5746728437.5,-37.85226
5746729375.0,-37.83498
5746730312.5,-37.84678
5746731250.0,-37.84446
5746732187.5,-37.851
5746733125.0,-37.84209
5746734062.5,-37.84586
5746735000.0,-37.83453
5746735937.5,-37.8503
5746736875.0,-37.83935
5746737812.5,-37.83981
5746738750.0,-37.8382
5746739687.5,-37.82498
5746740625.0,-37.82797
5746741562.5,-37.83527
5746742500.0,-37.82266
5746743437.5,-37.8244
5746744375.0,-37.83124
5746745312.5,-37.83659
5746746250.0,-37.84013
5746747187.5,-37.82766
5746748125.0,-37.81502
5746749062.5,-37.81002
5746750000.0,-37.82933
5746750937.5,-37.83133
5746751875.0,-37.81986
5746752812.5,-37.82416
5746753750.0,-37.81608
5746754687.5,-37.83181
5746755625.0,-37.82333
5746756562.5,-37.82171
5746757500.0,-37.80908
5746758437.5,-37.8162
5746759375.0,-37.81525
5746760312.5,-37.80736
5746761250.0,-37.81818
5746762187.5,-37.81132
5746763125.0,-37.82629
5746764062.5,-37.82223
5746765000.0,-37.80376
5746765937.5,-37.81383
5746766875.0,-37.82208
5746767812.5,-37.7928
5746768750.0,-37.80661
5746769687.5,-37.81993
5746770625.0,-37.80593
5746771562.5,-37.80707
5746772500.0,-37.80041
5746773437.5,-37.8122
5746774375.0,-37.80634
5746775312.5,-37.81125
5746776250.0,-37.80876
5746777187.5,-37.81333
5746778125.0,-37.80345
5746779062.5,-37.80847
5746780000.0,-37.80167
5746780937.5,-37.8021
5746781875.0,-37.80065
5746782812.5,-37.80167
5746783750.0,-37.79309
5746784687.5,-37.78991
5746785625.0,-37.79299
5746786562.5,-37.79889
5746787500.0,-37.78636
5746788437.5,-37.78833
5746789375.0,-37.79798
5746790312.5,-37.78809
5746791250.0,-37.7871
5746792187.5,-37.7972
5746793125.0,-37.78898
5746794062.5,-37.77482
5746795000.0,-37.79144
5746795937.5,-37.78531
5746796875.0,-37.79218
5746797812.5,-37.78054
5746798750.0,-37.79271
5746799687.5,-37.76602
5746800625.0,-37.78354
5746801562.5,-37.77863
5746802500.0,-37.78398
5746803437.5,-37.77182
5746804375.0,-37.77896
5746805312.5,-37.78999
5746806250.0,-37.79324
5746807187.5,-37.77201
5746808125.0,-37.78436
5746809062.5,-37.77516
5746810000.0,-37.77906
5746810937.5,-37.76033
5746811875.0,-37.77384
5746812812.5,-37.75816
5746813750.0,-37.77306
5746814687.5,-37.76951
5746815625.0,-37.76062
5746816562.5,-37.76596
5746817500.0,-37.7707
5746818437.5,-37.76996
5746819375.0,-37.76315
5746820312.5,-37.7623
5746821250.0,-37.77096
5746822187.5,-37.76728
5746823125.0,-37.76944
5746824062.5,-37.76875
5746825000.0,-37.7688
5746825937.5,-37.75629
5746826875.0,-37.75654
5746827812.5,-37.76035
5746828750.0,-37.76933
5746829687.5,-37.75564
5746830625.0,-37.76498
5746831562.5,-37.76148
5746832500.0,-37.75191
5746833437.5,-37.77044
5746834375.0,-37.75288
5746835312.5,-37.7605
5746836250.0,-37.74481
5746837187.5,-37.75579
5746838125.0,-37.74301
5746839062.5,-37.7285
5746840000.0,-37.75662
5746840937.5,-37.746
5746841875.0,-37.75344
5746842812.5,-37.74831
5746843750.0,-37.74767
5746844687.5,-37.73685
5746845625.0,-37.74698
5746846562.5,-37.74113
5746847500.0,-37.74505
5746848437.5,-37.73402
5746849375.0,-37.75272
5746850312.5,-37.74027
5746851250.0,-37.74268
5746852187.5,-37.73838
5746853125.0,-37.75654
5746854062.5,-37.73544
5746855000.0,-37.7237
5746855937.5,-37.7392
5746856875.0,-37.73756
5746857812.5,-37.73016
5746858750.0,-37.72845
5746859687.5,-37.74075
5746860625.0,-37.73811
5746861562.5,-37.73677
5746862500.0,-37.74266
5746863437.5,-37.72553
5746864375.0,-37.71651
5746865312.5,-37.7277
5746866250.0,-37.72539
5746867187.5,-37.73106
5746868125.0,-37.72312
5746869062.5,-37.71904
5746870000.0,-37.72644
5746870937.5,-37.71669
5746871875.0,-37.72554
5746872812.5,-37.71423
5746873750.0,-37.71828
5746874687.5,-37.71202
5746875625.0,-37.71101
5746876562.5,-37.71278
5746877500.0,-37.71276
5746878437.5,-37.71567
5746879375.0,-37.70775
5746880312.5,-37.71427
5746881250.0,-37.71097
5746882187.5,-37.71549
5746883125.0,-37.71513
5746884062.5,-37.70638
5746885000.0,-37.71004
5746885937.5,-37.70594
5746886875.0,-37.71093
5746887812.5,-37.70775
5746888750.0,-37.71065
5746889687.5,-37.70417
5746890625.0,-37.69899
5746891562.5,-37.69819
5746892500.0,-37.70943
5746893437.5,-37.70628
5746894375.0,-37.7014
5746895312.5,-37.69266
5746896250.0,-37.70333
5746897187.5,-37.68776
5746898125.0,-37.69142
5746899062.5,-37.69421
5746900000.0,-37.70295
5746900937.5,-37.70169
5746901875.0,-37.69869
5746902812.5,-37.70379
5746903750.0,-37.68668
5746904687.5,-37.7011
5746905625.0,-37.69291
5746906562.5,-37.68965
5746907500.0,-37.6893
5746908437.5,-37.70004
5746909375.0,-37.68981
5746910312.5,-37.68712
5746911250.0,-37.66608
5746912187.5,-37.67878
5746913125.0,-37.67764
5746914062.5,-37.67176
5746915000.0,-37.67842
5746915937.5,-37.66355
5746916875.0,-37.68822
5746917812.5,-37.67149
5746918750.0,-37.67611
5746919687.5,-37.68668
5746920625.0,-37.67938
5746921562.5,-37.67693
5746922500.0,-37.6819
5746923437.5,-37.67153
5746924375.0,-37.68179
5746925312.5,-37.67808
5746926250.0,-37.67634
5746927187.5,-37.67996
5746928125.0,-37.65451
5746929062.5,-37.66844
5746930000.0,-37.66137
5746930937.5,-37.66622
5746931875.0,-37.65738
5746932812.5,-37.66165
5746933750.0,-37.6815
5746934687.5,-37.68272
5746935625.0,-37.66579
5746936562.5,-37.65625
5746937500.0,-37.65737
5746938437.5,-37.66972
5746939375.0,-37.65312
5746940312.5,-37.65902
5746941250.0,-37.66227
5746942187.5,-37.65477
5746943125.0,-37.65194
5746944062.5,-37.6554
5746945000.0,-37.65381
5746945937.5,-37.65862
5746946875.0,-37.65024
5746947812.5,-37.64522
5746948750.0,-37.65191
5746949687.5,-37.66199
5746950625.0,-37.64636
5746951562.5,-37.64381
5746952500.0,-37.65302
5746953437.5,-37.64568
5746954375.0,-37.65674
5746955312.5,-37.63911
5746956250.0,-37.65665
5746957187.5,-37.63555
5746958125.0,-37.64305
5746959062.5,-37.64186
5746960000.0,-37.64452
5746960937.5,-37.645
5746961875.0,-37.6448
5746962812.5,-37.63436
5746963750.0,-37.63367
5746964687.5,-37.64102
5746965625.0,-37.65017
5746966562.5,-37.65435
5746967500.0,-37.64314
5746968437.5,-37.64571
5746969375.0,-37.63
5746970312.5,-37.62328
5746971250.0,-37.64872
5746972187.5,-37.64126
5746973125.0,-37.63467
5746974062.5,-37.63425
5746975000.0,-37.62682
5746975937.5,-37.61917
5746976875.0,-37.61771
5746977812.5,-37.62652
5746978750.0,-37.63087
5746979687.5,-37.62262
5746980625.0,-37.61658
5746981562.5,-37.62514
5746982500.0,-37.62447
5746983437.5,-37.61263
5746984375.0,-37.62154
5746985312.5,-37.62958
5746986250.0,-37.62178
5746987187.5,-37.61509
5746988125.0,-37.61619
5746989062.5,-37.61032
5746990000.0,-37.61539
5746990937.5,-37.60145
5746991875.0,-37.62525
5746992812.5,-37.61569
5746993750.0,-37.60687
5746994687.5,-37.62012
5746995625.0,-37.60495
5746996562.5,-37.59389
5746997500.0,-37.61329
5746998437.5,-37.6138
5746999375.0,-37.59654
5747000312.5,-37.6133
5747001250.0,-37.60273
5747002187.5,-37.61534
5747003125.0,-37.60367
5747004062.5,-37.59505
5747005000.0,-37.58744
5747005937.5,-37.61419
5747006875.0,-37.5986
5747007812.5,-37.59866
5747008750.0,-37.61321
5747009687.5,-37.59423
5747010625.0,-37.60196
5747011562.5,-37.58638
5747012500.0,-37.6048
5747013437.5,-37.609
5747014375.0,-37.58459
5747015312.5,-37.59546
5747016250.0,-37.58432
5747017187.5,-37.60459
5747018125.0,-37.58286
5747019062.5,-37.59588
5747020000.0,-37.60032
5747020937.5,-37.57951
5747021875.0,-37.58542
5747022812.5,-37.59131
5747023750.0,-37.58899
5747024687.5,-37.59689
5747025625.0,-37.59264
5747026562.5,-37.57621
5747027500.0,-37.58177
5747028437.5,-37.57837
5747029375.0,-37.58428
5747030312.5,-37.58772
5747031250.0,-37.58613
5747032187.5,-37.55982
5747033125.0,-37.58027
5747034062.5,-37.56603
5747035000.0,-37.58696
5747035937.5,-37.57317
5747036875.0,-37.58121
5747037812.5,-37.58284
5747038750.0,-37.57291
5747039687.5,-37.57955
5747040625.0,-37.58191
5747041562.5,-37.57786
5747042500.0,-37.5744
5747043437.5,-37.57346
5747044375.0,-37.572
5747045312.5,-37.57909
5747046250.0,-37.56911
5747047187.5,-37.57889
5747048125.0,-37.57409
5747049062.5,-37.56923
5747050000.0,-37.55463
5747050937.5,-37.56779
5747051875.0,-37.56897
5747052812.5,-37.56139
5747053750.0,-37.55711
5747054687.5,-37.56158
5747055625.0,-37.56483
5747056562.5,-37.55772
5747057500.0,-37.55154
5747058437.5,-37.56042
5747059375.0,-37.55179
5747060312.5,-37.55717
5747061250.0,-37.55305
5747062187.5,-37.55683
5747063125.0,-37.53743
5747064062.5,-37.56625
5747065000.0,-37.54998
5747065937.5,-37.55624
5747066875.0,-37.55197
5747067812.5,-37.55456
5747068750.0,-37.56243
5747069687.5,-37.55418
5747070625.0,-37.54678
5747071562.5,-37.54794
5747072500.0,-37.54726
5747073437.5,-37.54943
5747074375.0,-37.54493
5747075312.5,-37.54358
5747076250.0,-37.5481
5747077187.5,-37.53443
5747078125.0,-37.55414
5747079062.5,-37.53507
5747080000.0,-37.53297
5747080937.5,-37.53575
5747081875.0,-37.54891
5747082812.5,-37.54225
5747083750.0,-37.5268
5747084687.5,-37.52612
5747085625.0,-37.52657
5747086562.5,-37.5484
5747087500.0,-37.5284
5747088437.5,-37.52965
5747089375.0,-37.52201
5747090312.5,-37.53622
5747091250.0,-37.52354
5747092187.5,-37.5204
5747093125.0,-37.52499
5747094062.5,-37.5259
5747095000.0,-37.53152
5747095937.5,-37.5224
5747096875.0,-37.52258
5747097812.5,-37.52032
5747098750.0,-37.52351
5747099687.5,-37.52799
5747100625.0,-37.52093
5747101562.5,-37.53437
5747102500.0,-37.51095
5747103437.5,-37.52815
5747104375.0,-37.51888
5747105312.5,-37.5146
5747106250.0,-37.52046
5747107187.5,-37.51476
5747108125.0,-37.517
5747109062.5,-37.52068
5747110000.0,-37.51124
5747110937.5,-37.52074
5747111875.0,-37.50159
5747112812.5,-37.51632
5747113750.0,-37.49763
5747114687.5,-37.50832
5747115625.0,-37.51461
5747116562.5,-37.51209
5747117500.0,-37.49776
5747118437.5,-37.49103
5747119375.0,-37.50356
5747120312.5,-37.49851
5747121250.0,-37.50677
5747122187.5,-37.50043
5747123125.0,-37.50271
5747124062.5,-37.48737
5747125000.0,-37.49943
5747125937.5,-37.50112
5747126875.0,-37.50585
5747127812.5,-37.49163
5747128750.0,-37.49192
5747129687.5,-37.50436
5747130625.0,-37.48805
5747131562.5,-37.49027
5747132500.0,-37.49756
5747133437.5,-37.49681
5747134375.0,-37.49707
5747135312.5,-37.49287
5747136250.0,-37.48996
5747137187.5,-37.48608
5747138125.0,-37.491
5747139062.5,-37.48709
5747140000.0,-37.48202
5747140937.5,-37.47752
5747141875.0,-37.48378
5747142812.5,-37.48904
5747143750.0,-37.47515
5747144687.5,-37.48378
5747145625.0,-37.47637
5747146562.5,-37.48374
5747147500.0,-37.47886
5747148437.5,-37.48257
5747149375.0,-37.48635
5747150312.5,-37.48691
5747151250.0,-37.46548
5747152187.5,-37.47677
5747153125.0,-37.47733
5747154062.5,-37.47223
5747155000.0,-37.47163
5747155937.5,-37.46784
5747156875.0,-37.462
5747157812.5,-37.45525
5747158750.0,-37.46608
5747159687.5,-37.46837
5747160625.0,-37.46404
5747161562.5,-37.45199
5747162500.0,-37.45708
5747163437.5,-37.45949
5747164375.0,-37.48192
5747165312.5,-37.45424
5747166250.0,-37.4576
5747167187.5,-37.46208
5747168125.0,-37.45417
5747169062.5,-37.45641
5747170000.0,-37.45233
5747170937.5,-37.46691
5747171875.0,-37.46669
5747172812.5,-37.45783
5747173750.0,-37.44891
5747174687.5,-37.4627
5747175625.0,-37.45065
5747176562.5,-37.4542
5747177500.0,-37.447
5747178437.5,-37.45353
5747179375.0,-37.44794
5747180312.5,-37.45142
5747181250.0,-37.45267
5747182187.5,-37.44473
5747183125.0,-37.43433
5747184062.5,-37.45404
5747185000.0,-37.45201
5747185937.5,-37.44221
5747186875.0,-37.43237
5747187812.5,-37.44033
5747188750.0,-37.44012
5747189687.5,-37.44456
5747190625.0,-37.43608
5747191562.5,-37.44273
5747192500.0,-37.44693
5747193437.5,-37.42908
5747194375.0,-37.43894
5747195312.5,-37.4416
5747196250.0,-37.42694
5747197187.5,-37.42712
5747198125.0,-37.42714
5747199062.5,-37.43857
5747200000.0,-37.43098
5747200937.5,-37.43554
5747201875.0,-37.43009
5747202812.5,-37.42741
5747203750.0,-37.42625
5747204687.5,-37.41484
5747205625.0,-37.42994
5747206562.5,-37.41445
5747207500.0,-37.42433
5747208437.5,-37.43614
5747209375.0,-37.41545
5747210312.5,-37.43543
5747211250.0,-37.41212
5747212187.5,-37.42897
5747213125.0,-37.42368
5747214062.5,-37.41104
5747215000.0,-37.40707
5747215937.5,-37.42177
5747216875.0,-37.42485
5747217812.5,-37.40777
5747218750.0,-37.41151
5747219687.5,-37.42599
5747220625.0,-37.41826
5747221562.5,-37.41642
5747222500.0,-37.41275
5747223437.5,-37.40458
5747224375.0,-37.40651
5747225312.5,-37.40377
5747226250.0,-37.4031
5747227187.5,-37.40841
5747228125.0,-37.40141
5747229062.5,-37.4095
5747230000.0,-37.41239
5747230937.5,-37.39318
5747231875.0,-37.40045
5747232812.5,-37.39754
5747233750.0,-37.40446
5747234687.5,-37.39874
5747235625.0,-37.40006
5747236562.5,-37.39719
5747237500.0,-37.38687
5747238437.5,-37.39346
5747239375.0,-37.39761
5747240312.5,-37.40403
5747241250.0,-37.39811
5747242187.5,-37.39125
5747243125.0,-37.38629
5747244062.5,-37.38794
5747245000.0,-37.39739
5747245937.5,-37.3802
5747246875.0,-37.37688
5747247812.5,-37.37865
5747248750.0,-37.38441
5747249687.5,-37.4042
5747250625.0,-37.3821
5747251562.5,-37.38416
5747252500.0,-37.38205
5747253437.5,-37.38243
5747254375.0,-37.3816
5747255312.5,-37.381
5747256250.0,-37.3744
5747257187.5,-37.37572
5747258125.0,-37.36942
5747259062.5,-37.37894
5747260000.0,-37.37162
5747260937.5,-37.3711
5747261875.0,-37.38396
5747262812.5,-37.37935
5747263750.0,-37.38322
5747264687.5,-37.37294
5747265625.0,-37.37236
5747266562.5,-37.37468
5747267500.0,-37.37067
5747268437.5,-37.37599
5747269375.0,-37.35677
5747270312.5,-37.37109
5747271250.0,-37.37468
5747272187.5,-37.36363
5747273125.0,-37.37175
5747274062.5,-37.37066
5747275000.0,-37.3674
5747275937.5,-37.36022
5747276875.0,-37.36497
5747277812.5,-37.3632
5747278750.0,-37.36367
5747279687.5,-37.36555
5747280625.0,-37.35379
5747281562.5,-37.36661
5747282500.0,-37.36405
5747283437.5,-37.35936
5747284375.0,-37.35875
5747285312.5,-37.35564
5747286250.0,-37.35046
5747287187.5,-37.34506
5747288125.0,-37.35868
5747289062.5,-37.34691
5747290000.0,-37.3546
5747290937.5,-37.3422
5747291875.0,-37.3359
5747292812.5,-37.36188
5747293750.0,-37.34092
5747294687.5,-37.35611
5747295625.0,-37.35478
5747296562.5,-37.35619
5747297500.0,-37.35408
5747298437.5,-37.34456
5747299375.0,-37.34972
5747300312.5,-37.34376
5747301250.0,-37.32737
5747302187.5,-37.33427
5747303125.0,-37.3419
5747304062.5,-37.33605
5747305000.0,-37.33639
5747305937.5,-37.34073
5747306875.0,-37.33059
5747307812.5,-37.33508
5747308750.0,-37.328
5747309687.5,-37.32721
5747310625.0,-37.33082
5747311562.5,-37.33698
5747312500.0,-37.31392
5747313437.5,-37.34889
5747314375.0,-37.32429
5747315312.5,-37.33186
5747316250.0,-37.34117
5747317187.5,-37.32742
5747318125.0,-37.32372
5747319062.5,-37.32183
5747320000.0,-37.31591
5747320937.5,-37.32029
5747321875.0,-37.31146
5747322812.5,-37.31788
5747323750.0,-37.32294
5747324687.5,-37.31705
5747325625.0,-37.32023
5747326562.5,-37.3228
5747327500.0,-37.31105
5747328437.5,-37.30804
5747329375.0,-37.30758
5747330312.5,-37.30271
5747331250.0,-37.30158
5747332187.5,-37.31446
5747333125.0,-37.31504
5747334062.5,-37.31484
5747335000.0,-37.30278
5747335937.5,-37.30708
5747336875.0,-37.31484
5747337812.5,-37.30861
5747338750.0,-37.30901
5747339687.5,-37.31209
5747340625.0,-37.2972
5747341562.5,-37.31567
5747342500.0,-37.30444
5747343437.5,-37.30142
5747344375.0,-37.30064
5747345312.5,-37.30019
5747346250.0,-37.30115
5747347187.5,-37.29399
5747348125.0,-37.30603
5747349062.5,-37.28751
5747350000.0,-37.3013
5747350937.5,-37.30077
5747351875.0,-37.29558
5747352812.5,-37.29392
5747353750.0,-37.2781
5747354687.5,-37.29145
5747355625.0,-37.28642
5747356562.5,-37.29436
5747357500.0,-37.28037
5747358437.5,-37.29934
5747359375.0,-37.28402
5747360312.5,-37.28239
5747361250.0,-37.27755
5747362187.5,-37.28109
5747363125.0,-37.28899
5747364062.5,-37.27114
5747365000.0,-37.28372
5747365937.5,-37.28543
5747366875.0,-37.27987
5747367812.5,-37.28989
5747368750.0,-37.27965
5747369687.5,-37.28239
5747370625.0,-37.28015
5747371562.5,-37.28186
5747372500.0,-37.26675
5747373437.5,-37.28119
5747374375.0,-37.27888
5747375312.5,-37.26161
5747376250.0,-37.28236
5747377187.5,-37.27935
5747378125.0,-37.26709
5747379062.5,-37.25758
5747380000.0,-37.25924
5747380937.5,-37.2645
5747381875.0,-37.27041
5747382812.5,-37.25977
5747383750.0,-37.26237
5747384687.5,-37.27234
5747385625.0,-37.25236
5747386562.5,-37.25998
5747387500.0,-37.25417
5747388437.5,-37.25557
5747389375.0,-37.25728
5747390312.5,-37.25827
5747391250.0,-37.26574
5747392187.5,-37.24981
5747393125.0,-37.26319
5747394062.5,-37.2692
5747395000.0,-37.24488
5747395937.5,-37.26245
5747396875.0,-37.24893
5747397812.5,-37.25768
5747398750.0,-37.24923
5747399687.5,-37.25569
5747400625.0,-37.26413
5747401562.5,-37.25408
5747402500.0,-37.25709
5747403437.5,-37.24021
5747404375.0,-37.23745
5747405312.5,-37.24696
5747406250.0,-37.25169
5747407187.5,-37.23891
5747408125.0,-37.22863
5747409062.5,-37.24691
5747410000.0,-37.23155
5747410937.5,-37.24708
5747411875.0,-37.23866
5747412812.5,-37.23753
5747413750.0,-37.23709
5747414687.5,-37.23767
5747415625.0,-37.23297
5747416562.5,-37.25323
5747417500.0,-37.2458
5747418437.5,-37.22935
5747419375.0,-37.23238
5747420312.5,-37.22992
5747421250.0,-37.21645
5747422187.5,-37.22406
5747423125.0,-37.23863
5747424062.5,-37.22581
5747425000.0,-37.22561
5747425937.5,-37.22362
5747426875.0,-37.23564
5747427812.5,-37.2295
5747428750.0,-37.22302
5747429687.5,-37.2296
5747430625.0,-37.21658
5747431562.5,-37.22697
5747432500.0,-37.21663
5747433437.5,-37.22342
5747434375.0,-37.22111
5747435312.5,-37.22282
5747436250.0,-37.21085
5747437187.5,-37.21945
5747438125.0,-37.22385
5747439062.5,-37.20483
5747440000.0,-37.21553
5747440937.5,-37.20582
5747441875.0,-37.21068
5747442812.5,-37.21296
5747443750.0,-37.20329
5747444687.5,-37.21862
5747445625.0,-37.21222
5747446562.5,-37.21441
5747447500.0,-37.21404
5747448437.5,-37.1939
5747449375.0,-37.19862
5747450312.5,-37.20886
5747451250.0,-37.20562
5747452187.5,-37.21363
5747453125.0,-37.20406
5747454062.5,-37.20045
5747455000.0,-37.19611
5747455937.5,-37.22059
5747456875.0,-37.2065
5747457812.5,-37.1945
5747458750.0,-37.2051
5747459687.5,-37.1971
5747460625.0,-37.1919
5747461562.5,-37.20914
5747462500.0,-37.18872
5747463437.5,-37.19173
5747464375.0,-37.19877
5747465312.5,-37.18724
5747466250.0,-37.18984
5747467187.5,-37.17612
5747468125.0,-37.17585
5747469062.5,-37.1877
5747470000.0,-37.17599
5747470937.5,-37.19596
5747471875.0,-37.18575
5747472812.5,-37.18038
5747473750.0,-37.18989
5747474687.5,-37.18272
5747475625.0,-37.18455
5747476562.5,-37.17869
5747477500.0,-37.18713
5747478437.5,-37.18956
5747479375.0,-37.1747
5747480312.5,-37.18283
5747481250.0,-37.17045
5747482187.5,-37.18339
5747483125.0,-37.16245
5747484062.5,-37.16777
5747485000.0,-37.18745
5747485937.5,-37.18006
5747486875.0,-37.17496
5747487812.5,-37.16317
5747488750.0,-37.17431
5747489687.5,-37.17591
5747490625.0,-37.16647
5747491562.5,-37.16866
5747492500.0,-37.15196
5747493437.5,-37.16737
5747494375.0,-37.15602
5747495312.5,-37.17031
5747496250.0,-37.16312
5747497187.5,-37.14993
5747498125.0,-37.15733
5747499062.5,-37.17244
5747500000.0,-37.1625
5747500937.5,-37.15429
5747501875.0,-37.15471
5747502812.5,-37.15591
5747503750.0,-37.15625
5747504687.5,-37.1614
5747505625.0,-37.14947
5747506562.5,-37.14985
5747507500.0,-37.15026
5747508437.5,-37.16805
5747509375.0,-37.15232
5747510312.5,-37.1497
5747511250.0,-37.13897
5747512187.5,-37.15932
5747513125.0,-37.14879
5747514062.5,-37.13904
5747515000.0,-37.15627
5747515937.5,-37.13977
5747516875.0,-37.14816
5747517812.5,-37.13219
5747518750.0,-37.1463
5747519687.5,-37.13867
5747520625.0,-37.15048
5747521562.5,-37.14742
5747522500.0,-37.13024
5747523437.5,-37.13714
5747524375.0,-37.14837
5747525312.5,-37.11209
5747526250.0,-37.14226
5747527187.5,-37.13506
5747528125.0,-37.12877
5747529062.5,-37.12297
5747530000.0,-37.12398
5747530937.5,-37.13001
5747531875.0,-37.13446
5747532812.5,-37.12831
5747533750.0,-37.11919
5747534687.5,-37.12061
5747535625.0,-37.11908
5747536562.5,-37.12784
5747537500.0,-37.12622
5747538437.5,-37.11252
5747539375.0,-37.11748
5747540312.5,-37.11514
5747541250.0,-37.11299
5747542187.5,-37.11201
5747543125.0,-37.12976
5747544062.5,-37.12367
5747545000.0,-37.123
5747545937.5,-37.11409
5747546875.0,-37.10059
5747547812.5,-37.11164
5747548750.0,-37.12053
5747549687.5,-37.1135
5747550625.0,-37.1149
5747551562.5,-37.11346
5747552500.0,-37.10632
5747553437.5,-37.12218
5747554375.0,-37.11594
5747555312.5,-37.11149
5747556250.0,-37.09977
5747557187.5,-37.10106
5747558125.0,-37.10493
5747559062.5,-37.09035
5747560000.0,-37.10593
5747560937.5,-37.09846
5747561875.0,-37.11594
5747562812.5,-37.11086
5747563750.0,-37.10839
5747564687.5,-37.1198
5747565625.0,-37.09693
5747566562.5,-37.09049
5747567500.0,-37.10088
5747568437.5,-37.1
5747569375.0,-37.08906
5747570312.5,-37.08721
5747571250.0,-37.09876
5747572187.5,-37.08491
5747573125.0,-37.09479
5747574062.5,-37.08329
5747575000.0,-37.08783
5747575937.5,-37.08134
5747576875.0,-37.0947
5747577812.5,-37.09651
5747578750.0,-37.08738
5747579687.5,-37.08244
5747580625.0,-37.08739
5747581562.5,-37.09241
5747582500.0,-37.08156
5747583437.5,-37.07087
5747584375.0,-37.09424
5747585312.5,-37.08575
5747586250.0,-37.08364
5747587187.5,-37.07443
5747588125.0,-37.07575
5747589062.5,-37.09061
5747590000.0,-37.07768
5747590937.5,-37.07854
5747591875.0,-37.07755
5747592812.5,-37.0735
5747593750.0,-37.07123
5747594687.5,-37.06745
5747595625.0,-37.07659
5747596562.5,-37.06533
5747597500.0,-37.06963
5747598437.5,-37.07264
5747599375.0,-37.06272
5747600312.5,-37.07061
5747601250.0,-37.06773
5747602187.5,-37.06892
5747603125.0,-37.07483
5747604062.5,-37.06321
5747605000.0,-37.06187
5747605937.5,-37.06242
5747606875.0,-37.06026
5747607812.5,-37.06149
5747608750.0,-37.06355
5747609687.5,-37.05237
5747610625.0,-37.06559
5747611562.5,-37.04485
5747612500.0,-37.05271
5747613437.5,-37.05075
5747614375.0,-37.04586
5747615312.5,-37.07193
5747616250.0,-37.03962
5747617187.5,-37.05421
5747618125.0,-37.04768
5747619062.5,-37.05696
5747620000.0,-37.05197
5747620937.5,-37.05523
5747621875.0,-37.04694
5747622812.5,-37.05054
5747623750.0,-37.04208
5747624687.5,-37.04039
5747625625.0,-37.04659
5747626562.5,-37.04735
5747627500.0,-37.04507
5747628437.5,-37.02799
5747629375.0,-37.05524
5747630312.5,-37.03392
5747631250.0,-37.04911
5747632187.5,-37.03748
5747633125.0,-37.04031
5747634062.5,-37.04189
5747635000.0,-37.03254
5747635937.5,-37.03632
5747636875.0,-37.03603
5747637812.5,-37.04129
5747638750.0,-37.03651
5747639687.5,-37.03237
5747640625.0,-37.02751
5747641562.5,-37.02621
5747642500.0,-37.03315
5747643437.5,-37.02275
5747644375.0,-37.02605
5747645312.5,-37.01971
5747646250.0,-37.02713
5747647187.5,-37.01897
5747648125.0,-37.01728
5747649062.5,-37.006
5747650000.0,-37.01268
5747650937.5,-37.01172
5747651875.0,-37.01142
5747652812.5,-37.00999
5747653750.0,-37.01387
5747654687.5,-37.00721
5747655625.0,-37.01678
5747656562.5,-37.01797
5747657500.0,-37.02032
5747658437.5,-37.01515
5747659375.0,-37.0114
5747660312.5,-37.01211
5747661250.0,-37.00377
5747662187.5,-37.00627
5747663125.0,-36.99382
5747664062.5,-37.0062
5747665000.0,-37.00482
5747665937.5,-37.01712
5747666875.0,-37.00887
5747667812.5,-37.00367
5747668750.0,-37.00066
5747669687.5,-37.01587
5747670625.0,-37.004
5747671562.5,-36.98711
5747672500.0,-37.00498
5747673437.5,-37.01137
5747674375.0,-37.00581
5747675312.5,-37.0055
5747676250.0,-37.00597
5747677187.5,-36.99637
5747678125.0,-36.98616
5747679062.5,-36.99777
5747680000.0,-37.00125
5747680937.5,-36.99627
5747681875.0,-36.99938
5747682812.5,-36.99029
5747683750.0,-36.99764
5747684687.5,-36.99709
5747685625.0,-36.98838
5747686562.5,-36.98603
5747687500.0,-37.00038
5747688437.5,-36.98567
5747689375.0,-36.97367
5747690312.5,-36.98889
5747691250.0,-36.98465
5747692187.5,-36.97846
5747693125.0,-36.97581
5747694062.5,-36.97893
5747695000.0,-36.98447
5747695937.5,-36.96869
5747696875.0,-36.98407
5747697812.5,-36.97078
5747698750.0,-36.99011
5747699687.5,-36.98465
5747700625.0,-36.97006
5747701562.5,-36.98531
5747702500.0,-36.97935
5747703437.5,-36.95847
5747704375.0,-36.97075
5747705312.5,-36.97286
5747706250.0,-36.95697
5747707187.5,-36.97007
5747708125.0,-36.95813
5747709062.5,-36.96709
5747710000.0,-36.96486
5747710937.5,-36.96711
5747711875.0,-36.97068
5747712812.5,-36.96432
5747713750.0,-36.96072
5747714687.5,-36.95373
5747715625.0,-36.94344
5747716562.5,-36.96133
5747717500.0,-36.95638
5747718437.5,-36.95895
5747719375.0,-36.9651
5747720312.5,-36.95206
5747721250.0,-36.96312
5747722187.5,-36.96444
5747723125.0,-36.96222
5747724062.5,-36.94691
5747725000.0,-36.95166
5747725937.5,-36.93898
5747726875.0,-36.9469
5747727812.5,-36.95096
5747728750.0,-36.95285
5747729687.5,-36.94755
5747730625.0,-36.95024
5747731562.5,-36.9516
5747732500.0,-36.94706
5747733437.5,-36.95547
5747734375.0,-36.93929
5747735312.5,-36.94103
5747736250.0,-36.94611
5747737187.5,-36.94379
5747738125.0,-36.94197
5747739062.5,-36.92856
5747740000.0,-36.93372
5747740937.5,-36.9201
5747741875.0,-36.93149
5747742812.5,-36.93734
5747743750.0,-36.93702
5747744687.5,-36.93726
5747745625.0,-36.93122
5747746562.5,-36.92871
5747747500.0,-36.93836
5747748437.5,-36.93164
5747749375.0,-36.92747
5747750312.5,-36.94279
5747751250.0,-36.92747
5747752187.5,-36.92736
5747753125.0,-36.92754
5747754062.5,-36.92124
5747755000.0,-36.91982
5747755937.5,-36.92114
5747756875.0,-36.91762
5747757812.5,-36.93416
5747758750.0,-36.93196
5747759687.5,-36.92545
5747760625.0,-36.93071
5747761562.5,-36.92612
5747762500.0,-36.92661
5747763437.5,-36.91378
5747764375.0,-36.92409
5747765312.5,-36.91528
5747766250.0,-36.90388
5747767187.5,-36.91577
5747768125.0,-36.91147
5747769062.5,-36.9152
5747770000.0,-36.90825
5747770937.5,-36.90462
5747771875.0,-36.89977
5747772812.5,-36.90863
5747773750.0,-36.8993
5747774687.5,-36.91632
5747775625.0,-36.91702
5747776562.5,-36.90851
5747777500.0,-36.90567
5747778437.5,-36.90163
5747779375.0,-36.90128
5747780312.5,-36.89159
5747781250.0,-36.89087
5747782187.5,-36.89358
5747783125.0,-36.90065
5747784062.5,-36.88341
5747785000.0,-36.90378
5747785937.5,-36.8975
5747786875.0,-36.89011
5747787812.5,-36.89486
5747788750.0,-36.88403
5747789687.5,-36.88655
5747790625.0,-36.8877
5747791562.5,-36.89325
5747792500.0,-36.88935
5747793437.5,-36.88474
5747794375.0,-36.89783
5747795312.5,-36.88545
5747796250.0,-36.87621
5747797187.5,-36.88343
5747798125.0,-36.89035
5747799062.5,-36.8889
5747800000.0,-36.88717
5747800937.5,-36.89232
5747801875.0,-36.87498
5747802812.5,-36.88263
5747803750.0,-36.8847
5747804687.5,-36.88078
5747805625.0,-36.88784
5747806562.5,-36.87351
5747807500.0,-36.86385
5747808437.5,-36.86065
5747809375.0,-36.87653
5747810312.5,-36.86974
5747811250.0,-36.87862
5747812187.5,-36.86864
5747813125.0,-36.86203
5747814062.5,-36.85824
5747815000.0,-36.86975
5747815937.5,-36.86122
5747816875.0,-36.85268
5747817812.5,-36.85815
5747818750.0,-36.86118
5747819687.5,-36.86023
5747820625.0,-36.87517
5747821562.5,-36.86016
5747822500.0,-36.85405
5747823437.5,-36.85337
5747824375.0,-36.85886
5747825312.5,-36.86827
5747826250.0,-36.85863
5747827187.5,-36.86245
5747828125.0,-36.85581
5747829062.5,-36.85577
5747830000.0,-36.84054
5747830937.5,-36.8588
5747831875.0,-36.85757
5747832812.5,-36.83689
5747833750.0,-36.8578
5747834687.5,-36.86132
5747835625.0,-36.8451
5747836562.5,-36.8401
5747837500.0,-36.85019
5747838437.5,-36.84185
5747839375.0,-36.84739
5747840312.5,-36.83621
5747841250.0,-36.84138
5747842187.5,-36.8491
5747843125.0,-36.83951
5747844062.5,-36.84235
5747845000.0,-36.83773
5747845937.5,-36.83319
5747846875.0,-36.83898
5747847812.5,-36.83725
5747848750.0,-36.82818
5747849687.5,-36.84094
5747850625.0,-36.83875
5747851562.5,-36.83424
5747852500.0,-36.81558
5747853437.5,-36.82674
5747854375.0,-36.82251
5747855312.5,-36.83008
5747856250.0,-36.82651
5747857187.5,-36.81521
5747858125.0,-36.83067
5747859062.5,-36.83638
5747860000.0,-36.82856
5747860937.5,-36.83251
5747861875.0,-36.8217
5747862812.5,-36.82738
5747863750.0,-36.80727
5747864687.5,-36.8176
5747865625.0,-36.81599
5747866562.5,-36.81562
5747867500.0,-36.81351
5747868437.5,-36.80959
5747869375.0,-36.81397
5747870312.5,-36.81491
5747871250.0,-36.8182
5747872187.5,-36.81691
5747873125.0,-36.80524
5747874062.5,-36.81087
5747875000.0,-36.81172
5747875937.5,-36.80842
5747876875.0,-36.80622
5747877812.5,-36.79982
5747878750.0,-36.824
5747879687.5,-36.81178
5747880625.0,-36.80737
5747881562.5,-36.80372
5747882500.0,-36.80206
5747883437.5,-36.80169
5747884375.0,-36.81225
5747885312.5,-36.78705
5747886250.0,-36.80438
5747887187.5,-36.79742
5747888125.0,-36.79303
5747889062.5,-36.79948
5747890000.0,-36.79338
5747890937.5,-36.80016
5747891875.0,-36.79503
5747892812.5,-36.79543
5747893750.0,-36.79455
5747894687.5,-36.79523
5747895625.0,-36.78517
5747896562.5,-36.78128
5747897500.0,-36.77958
5747898437.5,-36.79755
5747899375.0,-36.79259
5747900312.5,-36.78274
5747901250.0,-36.78342
5747902187.5,-36.7873
5747903125.0,-36.79022
5747904062.5,-36.78492
5747905000.0,-36.77367
5747905937.5,-36.76987
5747906875.0,-36.77816
5747907812.5,-36.78214
5747908750.0,-36.77482
5747909687.5,-36.77388
5747910625.0,-36.78476
5747911562.5,-36.77963
5747912500.0,-36.76348
5747913437.5,-36.78023
5747914375.0,-36.78132
5747915312.5,-36.77718
5747916250.0,-36.76149
5747917187.5,-36.77703
5747918125.0,-36.76304
5747919062.5,-36.76128
5747920000.0,-36.76669
5747920937.5,-36.76347
5747921875.0,-36.7568
5747922812.5,-36.76298
5747923750.0,-36.75433
5747924687.5,-36.7735
5747925625.0,-36.76
5747926562.5,-36.76307
5747927500.0,-36.7591
5747928437.5,-36.75242
5747929375.0,-36.75575
5747930312.5,-36.75998
5747931250.0,-36.75785
5747932187.5,-36.75916
5747933125.0,-36.76169
5747934062.5,-36.76006
5747935000.0,-36.75074
5747935937.5,-36.75031
5747936875.0,-36.75617
5747937812.5,-36.74635
5747938750.0,-36.76032
5747939687.5,-36.76247
5747940625.0,-36.74505
5747941562.5,-36.7375
5747942500.0,-36.74847
5747943437.5,-36.7317
5747944375.0,-36.75648
5747945312.5,-36.73352
5747946250.0,-36.74931
5747947187.5,-36.75433
5747948125.0,-36.73693
5747949062.5,-36.73909
5747950000.0,-36.74347
5747950937.5,-36.73524
5747951875.0,-36.72992
5747952812.5,-36.7337
5747953750.0,-36.72936
5747954687.5,-36.73215
5747955625.0,-36.7337
5747956562.5,-36.714
5747957500.0,-36.7287
5747958437.5,-36.72841
5747959375.0,-36.72768
5747960312.5,-36.73556
5747961250.0,-36.74185
5747962187.5,-36.73827
5747963125.0,-36.7206
5747964062.5,-36.72077
5747965000.0,-36.72239
5747965937.5,-36.72115
5747966875.0,-36.72742
5747967812.5,-36.71879
5747968750.0,-36.72288
5747969687.5,-36.71886
5747970625.0,-36.71295
5747971562.5,-36.71763
5747972500.0,-36.7221
5747973437.5,-36.71054
5747974375.0,-36.70813
5747975312.5,-36.71056
5747976250.0,-36.71719
5747977187.5,-36.71758
5747978125.0,-36.71415
5747979062.5,-36.70479
5747980000.0,-36.70374
5747980937.5,-36.71598
5747981875.0,-36.7177
5747982812.5,-36.72349
5747983750.0,-36.70078
5747984687.5,-36.71338
5747985625.0,-36.70928
5747986562.5,-36.70322
5747987500.0,-36.69614
5747988437.5,-36.70212
5747989375.0,-36.69454
5747990312.5,-36.71138
5747991250.0,-36.70786
5747992187.5,-36.70015
5747993125.0,-36.69542
5747994062.5,-36.69571
5747995000.0,-36.689
5747995937.5,-36.69933
5747996875.0,-36.68374
5747997812.5,-36.6765
5747998750.0,-36.68166
5747999687.5,-36.69237
5748000625.0,-36.69205
5748001562.5,-36.69326
5748002500.0,-36.69554
5748003437.5,-36.68222
5748004375.0,-36.69738
5748005312.5,-36.68993
5748006250.0,-36.67154
5748007187.5,-36.69078
5748008125.0,-36.70301
5748009062.5,-36.68196
5748010000.0,-36.6833
5748010937.5,-36.68406
5748011875.0,-36.68358
5748012812.5,-36.67484
5748013750.0,-36.6885
5748014687.5,-36.68657
5748015625.0,-36.67718
5748016562.5,-36.67109
5748017500.0,-36.67672
5748018437.5,-36.67751
5748019375.0,-36.6747
5748020312.5,-36.67151
5748021250.0,-36.6611
5748022187.5,-36.68512
5748023125.0,-36.66631
5748024062.5,-36.67374
5748025000.0,-36.67289
5748025937.5,-36.66536
5748026875.0,-36.66166
5748027812.5,-36.6641
5748028750.0,-36.67415
5748029687.5,-36.67143
5748030625.0,-36.65911
5748031562.5,-36.67153
5748032500.0,-36.64899
5748033437.5,-36.66512
5748034375.0,-36.66411
5748035312.5,-36.65717
5748036250.0,-36.65522
5748037187.5,-36.66406
5748038125.0,-36.66189
5748039062.5,-36.64881
5748040000.0,-36.65504
5748040937.5,-36.64148
5748041875.0,-36.65288
5748042812.5,-36.65184
5748043750.0,-36.63424
5748044687.5,-36.65269
5748045625.0,-36.64657
5748046562.5,-36.64093
5748047500.0,-36.66078
5748048437.5,-36.64735
5748049375.0,-36.64697
5748050312.5,-36.64404
5748051250.0,-36.63508
5748052187.5,-36.65298
5748053125.0,-36.64711
5748054062.5,-36.6397
5748055000.0,-36.64501
5748055937.5,-36.64132
5748056875.0,-36.64712
5748057812.5,-36.63655
5748058750.0,-36.65247
5748059687.5,-36.62722
5748060625.0,-36.64248
5748061562.5,-36.62899
5748062500.0,-36.62579
5748063437.5,-36.62659
5748064375.0,-36.62815
5748065312.5,-36.62254
5748066250.0,-36.62379
5748067187.5,-36.62829
5748068125.0,-36.61994
5748069062.5,-36.62238
5748070000.0,-36.62883
5748070937.5,-36.6362
5748071875.0,-36.61906
5748072812.5,-36.61959
5748073750.0,-36.62304
5748074687.5,-36.6213
5748075625.0,-36.61654
5748076562.5,-36.62282
5748077500.0,-36.62644
5748078437.5,-36.61877
5748079375.0,-36.61609
5748080312.5,-36.60878
5748081250.0,-36.61905
5748082187.5,-36.61168
5748083125.0,-36.59952
5748084062.5,-36.6077
5748085000.0,-36.60328
5748085937.5,-36.60732
5748086875.0,-36.59952
5748087812.5,-36.59916
5748088750.0,-36.61008
5748089687.5,-36.59303
5748090625.0,-36.59523
5748091562.5,-36.60624
5748092500.0,-36.60035
5748093437.5,-36.59399
5748094375.0,-36.59709
5748095312.5,-36.60326
5748096250.0,-36.60387
5748097187.5,-36.60575
5748098125.0,-36.59139
5748099062.5,-36.59114
5748100000.0,-36.59879
5748100937.5,-36.58551
5748101875.0,-36.59559
5748102812.5,-36.5994
5748103750.0,-36.5846
5748104687.5,-36.57467
5748105625.0,-36.59568
5748106562.5,-36.59194
5748107500.0,-36.57625
5748108437.5,-36.58868
5748109375.0,-36.58782
5748110312.5,-36.57817
5748111250.0,-36.58916
5748112187.5,-36.57723
5748113125.0,-36.57642
5748114062.5,-36.59161
5748115000.0,-36.57278
5748115937.5,-36.58098
5748116875.0,-36.57429
5748117812.5,-36.58178
5748118750.0,-36.5772
5748119687.5,-36.57278
5748120625.0,-36.56543
5748121562.5,-36.57166
5748122500.0,-36.57854
5748123437.5,-36.572
5748124375.0,-36.57256
5748125312.5,-36.57125
5748126250.0,-36.55505
5748127187.5,-36.57127
5748128125.0,-36.56247
5748129062.5,-36.56483
5748130000.0,-36.56509
5748130937.5,-36.56437
5748131875.0,-36.5608
5748132812.5,-36.56429
5748133750.0,-36.56827
5748134687.5,-36.55518
5748135625.0,-36.56189
5748136562.5,-36.56074
5748137500.0,-36.56241
5748138437.5,-36.55562
5748139375.0,-36.56747
5748140312.5,-36.5585
5748141250.0,-36.55642
5748142187.5,-36.5508
5748143125.0,-36.55527
5748144062.5,-36.55206
5748145000.0,-36.55013
5748145937.5,-36.55176
5748146875.0,-36.55829
5748147812.5,-36.54214
5748148750.0,-36.55339
5748149687.5,-36.5439
5748150625.0,-36.55881
5748151562.5,-36.53835
5748152500.0,-36.53566
5748153437.5,-36.54333
5748154375.0,-36.55033
5748155312.5,-36.56221
5748156250.0,-36.54422
5748157187.5,-36.54049
5748158125.0,-36.53529
5748159062.5,-36.53752
5748160000.0,-36.55366
5748160937.5,-36.53979
5748161875.0,-36.54425
5748162812.5,-36.54107
5748163750.0,-36.52769
5748164687.5,-36.53675
5748165625.0,-36.53125
5748166562.5,-36.53832
5748167500.0,-36.53183
5748168437.5,-36.53073
5748169375.0,-36.53375
5748170312.5,-36.52604
5748171250.0,-36.52508
5748172187.5,-36.52525
5748173125.0,-36.52343
5748174062.5,-36.51616
5748175000.0,-36.51826
5748175937.5,-36.512
5748176875.0,-36.52145
5748177812.5,-36.5294
5748178750.0,-36.50939
5748179687.5,-36.50665
5748180625.0,-36.5282
5748181562.5,-36.51964
5748182500.0,-36.50996
5748183437.5,-36.51796
5748184375.0,-36.5084
5748185312.5,-36.5059
5748186250.0,-36.51644
5748187187.5,-36.52137
5748188125.0,-36.50059
5748189062.5,-36.52909
5748190000.0,-36.50564
5748190937.5,-36.52251
5748191875.0,-36.51483
5748192812.5,-36.51103
5748193750.0,-36.51506
5748194687.5,-36.51699
5748195625.0,-36.50096
5748196562.5,-36.49672
5748197500.0,-36.49942
5748198437.5,-36.49635
5748199375.0,-36.49732
5748200312.5,-36.50566
5748201250.0,-36.49112
5748202187.5,-36.48696
5748203125.0,-36.4917
5748204062.5,-36.50333
5748205000.0,-36.48446
5748205937.5,-36.49207
5748206875.0,-36.49868
5748207812.5,-36.49213
5748208750.0,-36.48549
5748209687.5,-36.48787
5748210625.0,-36.48396
5748211562.5,-36.4865
5748212500.0,-36.48137
5748213437.5,-36.48917
5748214375.0,-36.48755
5748215312.5,-36.48991
5748216250.0,-36.48422
5748217187.5,-36.48213
5748218125.0,-36.47399
5748219062.5,-36.46857
5748220000.0,-36.49442
5748220937.5,-36.48529
5748221875.0,-36.4892
5748222812.5,-36.46956
5748223750.0,-36.4819
5748224687.5,-36.46795
5748225625.0,-36.47418
5748226562.5,-36.47998
5748227500.0,-36.46542
5748228437.5,-36.47807
5748229375.0,-36.47375
5748230312.5,-36.47585
5748231250.0,-36.47753
5748232187.5,-36.46882
5748233125.0,-36.4741
5748234062.5,-36.47297
5748235000.0,-36.46736
5748235937.5,-36.46315
5748236875.0,-36.46993
5748237812.5,-36.45442
5748238750.0,-36.46126
5748239687.5,-36.4662
5748240625.0,-36.46763
5748241562.5,-36.46023
5748242500.0,-36.46772
5748243437.5,-36.46121
5748244375.0,-36.45214
5748245312.5,-36.45853
5748246250.0,-36.44495
5748247187.5,-36.44498
5748248125.0,-36.45418
5748249062.5,-36.44107
5748250000.0,-36.45296
5748250937.5,-36.44448
5748251875.0,-36.44389
5748252812.5,-36.44256
5748253750.0,-36.44787
5748254687.5,-36.44387
5748255625.0,-36.4474
5748256562.5,-36.43684
5748257500.0,-36.4402
5748258437.5,-36.45414
5748259375.0,-36.43442
5748260312.5,-36.43546
5748261250.0,-36.45625
5748262187.5,-36.43298
5748263125.0,-36.43067
5748264062.5,-36.42318
5748265000.0,-36.4403
5748265937.5,-36.43203
5748266875.0,-36.43634
5748267812.5,-36.42633
5748268750.0,-36.42255
5748269687.5,-36.43521
5748270625.0,-36.42481
5748271562.5,-36.43688
5748272500.0,-36.43139
5748273437.5,-36.4287
5748274375.0,-36.41988
5748275312.5,-36.4197
5748276250.0,-36.43538
5748277187.5,-36.4234
5748278125.0,-36.41534
5748279062.5,-36.4216
5748280000.0,-36.42067
5748280937.5,-36.42752
5748281875.0,-36.42089
5748282812.5,-36.41544
5748283750.0,-36.41293
5748284687.5,-36.41268
5748285625.0,-36.4267
5748286562.5,-36.41655
5748287500.0,-36.41053
5748288437.5,-36.41164
5748289375.0,-36.41372
5748290312.5,-36.41705
5748291250.0,-36.40783
5748292187.5,-36.41398
5748293125.0,-36.40335
5748294062.5,-36.3997
5748295000.0,-36.40012
5748295937.5,-36.40558
5748296875.0,-36.39698
5748297812.5,-36.40301
5748298750.0,-36.39202
5748299687.5,-36.4032
5748300625.0,-36.41047
5748301562.5,-36.39241
5748302500.0,-36.3928
5748303437.5,-36.40629
5748304375.0,-36.39112
5748305312.5,-36.38377
5748306250.0,-36.39309
5748307187.5,-36.39339
5748308125.0,-36.38849
5748309062.5,-36.39825
5748310000.0,-36.39298
5748310937.5,-36.38846
5748311875.0,-36.38814
5748312812.5,-36.38279
5748313750.0,-36.38903
5748314687.5,-36.38339
5748315625.0,-36.37998
5748316562.5,-36.39277
5748317500.0,-36.39058
5748318437.5,-36.37518
5748319375.0,-36.38027
5748320312.5,-36.37266
5748321250.0,-36.37686
5748322187.5,-36.38555
5748323125.0,-36.37146
5748324062.5,-36.37674
5748325000.0,-36.37229
5748325937.5,-36.37783
5748326875.0,-36.37108
5748327812.5,-36.37481
5748328750.0,-36.37674
5748329687.5,-36.37541
5748330625.0,-36.36088
5748331562.5,-36.36734
5748332500.0,-36.36829
5748333437.5,-36.36405
5748334375.0,-36.36769
5748335312.5,-36.37272
5748336250.0,-36.3547
5748337187.5,-36.37141
5748338125.0,-36.36312
5748339062.5,-36.36781
5748340000.0,-36.36211
5748340937.5,-36.36246
5748341875.0,-36.36665
5748342812.5,-36.35057
5748343750.0,-36.35106
5748344687.5,-36.36116
5748345625.0,-36.34745
5748346562.5,-36.35006
5748347500.0,-36.35605
5748348437.5,-36.35809
5748349375.0,-36.35332
5748350312.5,-36.34439
5748351250.0,-36.34621
5748352187.5,-36.35332
5748353125.0,-36.34581
5748354062.5,-36.35131
5748355000.0,-36.35051
5748355937.5,-36.35422
5748356875.0,-36.34314
5748357812.5,-36.33645
5748358750.0,-36.34301
5748359687.5,-36.34521
5748360625.0,-36.34089
5748361562.5,-36.3385
5748362500.0,-36.35007
5748363437.5,-36.34314
5748364375.0,-36.32476
5748365312.5,-36.32997
5748366250.0,-36.32899
5748367187.5,-36.33979
5748368125.0,-36.3455
5748369062.5,-36.33273
5748370000.0,-36.33616
5748370937.5,-36.33367
5748371875.0,-36.33107
5748372812.5,-36.34671
5748373750.0,-36.32067
5748374687.5,-36.32221
5748375625.0,-36.32562
5748376562.5,-36.32709
5748377500.0,-36.3183
5748378437.5,-36.32495
5748379375.0,-36.33239
5748380312.5,-36.32206
5748381250.0,-36.32333
5748382187.5,-36.32572
5748383125.0,-36.32788
5748384062.5,-36.32044
5748385000.0,-36.32135
5748385937.5,-36.32384
5748386875.0,-36.30667
5748387812.5,-36.30702
5748388750.0,-36.31712
5748389687.5,-36.31024
5748390625.0,-36.32055
5748391562.5,-36.31953
5748392500.0,-36.31122
5748393437.5,-36.31038
5748394375.0,-36.31533
5748395312.5,-36.30647
5748396250.0,-36.31278
5748397187.5,-36.29822
5748398125.0,-36.29813
5748399062.5,-36.30599
5748400000.0,-36.3225
5748400937.5,-36.2888
5748401875.0,-36.29869
5748402812.5,-36.30038
5748403750.0,-36.30136
5748404687.5,-36.29486
5748405625.0,-36.29398
5748406562.5,-36.30647
5748407500.0,-36.29166
5748408437.5,-36.29702
5748409375.0,-36.29652
5748410312.5,-36.29132
5748411250.0,-36.29633
5748412187.5,-36.28751
5748413125.0,-36.2929
5748414062.5,-36.2961
5748415000.0,-36.28015
5748415937.5,-36.29666
5748416875.0,-36.28364
5748417812.5,-36.2828
5748418750.0,-36.28341
5748419687.5,-36.27583
5748420625.0,-36.28018
5748421562.5,-36.28279
5748422500.0,-36.28526
5748423437.5,-36.29333
5748424375.0,-36.28282
5748425312.5,-36.27275
5748426250.0,-36.27181
5748427187.5,-36.28062
5748428125.0,-36.26892
5748429062.5,-36.2744
5748430000.0,-36.25814
5748430937.5,-36.26281
5748431875.0,-36.27589
5748432812.5,-36.25654
5748433750.0,-36.26999
5748434687.5,-36.26969
5748435625.0,-36.26394
5748436562.5,-36.26509
5748437500.0,-36.26389
5748438437.5,-36.26461
5748439375.0,-36.2627
5748440312.5,-36.26382
5748441250.0,-36.25932
5748442187.5,-36.24879
5748443125.0,-36.26311
5748444062.5,-36.26355
5748445000.0,-36.25585
5748445937.5,-36.26325
5748446875.0,-36.24673
5748447812.5,-36.2497
5748448750.0,-36.24735
5748449687.5,-36.25791
5748450625.0,-36.25449
5748451562.5,-36.24474
5748452500.0,-36.24656
5748453437.5,-36.2491
5748454375.0,-36.2511
5748455312.5,-36.26064
5748456250.0,-36.25882
5748457187.5,-36.25416
5748458125.0,-36.25046
5748459062.5,-36.24415
5748460000.0,-36.24198
5748460937.5,-36.24148
5748461875.0,-36.22817
5748462812.5,-36.23761
5748463750.0,-36.23507
5748464687.5,-36.26369
5748465625.0,-36.23151
5748466562.5,-36.23506
5748467500.0,-36.24554
5748468437.5,-36.23615
5748469375.0,-36.22757
5748470312.5,-36.23002
5748471250.0,-36.22136
5748472187.5,-36.23523
5748473125.0,-36.23345
5748474062.5,-36.2234
5748475000.0,-36.2275
5748475937.5,-36.23107
5748476875.0,-36.22798
5748477812.5,-36.22203
5748478750.0,-36.22303
5748479687.5,-36.21776
5748480625.0,-36.22468
5748481562.5,-36.21758
5748482500.0,-36.22181
5748483437.5,-36.21683
5748484375.0,-36.21515
5748485312.5,-36.22184
5748486250.0,-36.2151
5748487187.5,-36.22079
5748488125.0,-36.20737
5748489062.5,-36.22241
5748490000.0,-36.20978
5748490937.5,-36.2126
5748491875.0,-36.20372
5748492812.5,-36.21214
5748493750.0,-36.19527
5748494687.5,-36.20676
5748495625.0,-36.20235
5748496562.5,-36.19705
5748497500.0,-36.20022
5748498437.5,-36.20649
5748499375.0,-36.20098
5748500312.5,-36.2088
5748501250.0,-36.20863
5748502187.5,-36.19733
5748503125.0,-36.19642
5748504062.5,-36.19525
5748505000.0,-36.20015
5748505937.5,-36.2016
5748506875.0,-36.18936
5748507812.5,-36.20422
5748508750.0,-36.19672
5748509687.5,-36.18808
5748510625.0,-36.19894
5748511562.5,-36.19909
5748512500.0,-36.19293
5748513437.5,-36.18974
5748514375.0,-36.18349
5748515312.5,-36.17403
5748516250.0,-36.18465
5748517187.5,-36.18286
5748518125.0,-36.19458
5748519062.5,-36.17918
5748520000.0,-36.17658
5748520937.5,-36.17889
5748521875.0,-36.16837
5748522812.5,-36.18336
5748523750.0,-36.18908
5748524687.5,-36.1911
5748525625.0,-36.1797
5748526562.5,-36.18937
5748527500.0,-36.17323
5748528437.5,-36.17285
5748529375.0,-36.18008
5748530312.5,-36.17921
5748531250.0,-36.17495
5748532187.5,-36.16381
5748533125.0,-36.1791
5748534062.5,-36.16368
5748535000.0,-36.17921
5748535937.5,-36.17754
5748536875.0,-36.16546
5748537812.5,-36.16282
5748538750.0,-36.17017
5748539687.5,-36.16167
5748540625.0,-36.16417
5748541562.5,-36.16429
5748542500.0,-36.16366
5748543437.5,-36.15198
5748544375.0,-36.14933
5748545312.5,-36.15459
5748546250.0,-36.16235
5748547187.5,-36.15291
5748548125.0,-36.15574
5748549062.5,-36.15487
5748550000.0,-36.16159
5748550937.5,-36.16106
5748551875.0,-36.14987
5748552812.5,-36.1521
5748553750.0,-36.15498
5748554687.5,-36.14458
5748555625.0,-36.14842
5748556562.5,-36.14708
5748557500.0,-36.14832
5748558437.5,-36.14102
5748559375.0,-36.1324
5748560312.5,-36.15124
5748561250.0,-36.16119
5748562187.5,-36.14944
5748563125.0,-36.14917
5748564062.5,-36.13454
5748565000.0,-36.14317
5748565937.5,-36.1315
5748566875.0,-36.13726
5748567812.5,-36.14298
5748568750.0,-36.13435
5748569687.5,-36.13321
5748570625.0,-36.13667
5748571562.5,-36.13528
5748572500.0,-36.1236
5748573437.5,-36.12381
5748574375.0,-36.1302
5748575312.5,-36.13053
5748576250.0,-36.12408
5748577187.5,-36.13509
5748578125.0,-36.1222
5748579062.5,-36.13486
5748580000.0,-36.12791
5748580937.5,-36.13134
5748581875.0,-36.11227
5748582812.5,-36.11782
5748583750.0,-36.12015
5748584687.5,-36.11035
5748585625.0,-36.10543
5748586562.5,-36.11694
5748587500.0,-36.11698
5748588437.5,-36.11203
5748589375.0,-36.10748
5748590312.5,-36.11784
5748591250.0,-36.10785
5748592187.5,-36.10184
5748593125.0,-36.11113
5748594062.5,-36.12624
5748595000.0,-36.11181
5748595937.5,-36.0995
5748596875.0,-36.11092
5748597812.5,-36.10824
5748598750.0,-36.10521
5748599687.5,-36.10572
5748600625.0,-36.10125
5748601562.5,-36.10826
5748602500.0,-36.09834
5748603437.5,-36.10895
5748604375.0,-36.10115
5748605312.5,-36.0961
5748606250.0,-36.09253
5748607187.5,-36.09669
5748608125.0,-36.09082
5748609062.5,-36.09879
5748610000.0,-36.09352
5748610937.5,-36.09246
5748611875.0,-36.08466
5748612812.5,-36.0891
5748613750.0,-36.10079
5748614687.5,-36.09443
5748615625.0,-36.09057
5748616562.5,-36.0891
5748617500.0,-36.09211
5748618437.5,-36.08012
5748619375.0,-36.07381
5748620312.5,-36.07852
5748621250.0,-36.07991
5748622187.5,-36.07856
5748623125.0,-36.07858
5748624062.5,-36.07575
5748625000.0,-36.07828
5748625937.5,-36.08685
5748626875.0,-36.09573
5748627812.5,-36.08422
5748628750.0,-36.07108
5748629687.5,-36.08254
5748630625.0,-36.08146
5748631562.5,-36.07542
5748632500.0,-36.07471
5748633437.5,-36.05511
5748634375.0,-36.07229
5748635312.5,-36.07286
5748636250.0,-36.05923
5748637187.5,-36.07046
5748638125.0,-36.07352
5748639062.5,-36.05426
5748640000.0,-36.06734
5748640937.5,-36.0658
5748641875.0,-36.06865
5748642812.5,-36.0599
5748643750.0,-36.05792
5748644687.5,-36.05814
5748645625.0,-36.04663
5748646562.5,-36.0582
5748647500.0,-36.05805
5748648437.5,-36.04773
5748649375.0,-36.054
5748650312.5,-36.05343
5748651250.0,-36.06606
5748652187.5,-36.04982
5748653125.0,-36.06199
5748654062.5,-36.03864
5748655000.0,-36.05677
5748655937.5,-36.05073
5748656875.0,-36.03991
5748657812.5,-36.04753
5748658750.0,-36.0442
5748659687.5,-36.0376
5748660625.0,-36.04929
5748661562.5,-36.05004
5748662500.0,-36.05397
5748663437.5,-36.034
5748664375.0,-36.03178
5748665312.5,-36.03856
5748666250.0,-36.03371
5748667187.5,-36.03512
5748668125.0,-36.03785
5748669062.5,-36.02699
5748670000.0,-36.03143
5748670937.5,-36.03511
5748671875.0,-36.03241
5748672812.5,-36.02618
5748673750.0,-36.02873
5748674687.5,-36.02772
5748675625.0,-36.02291
5748676562.5,-36.02991
5748677500.0,-36.02197
5748678437.5,-36.0294
5748679375.0,-36.02563
5748680312.5,-36.03802
5748681250.0,-36.02607
5748682187.5,-36.0233
5748683125.0,-36.0195
5748684062.5,-36.01906
5748685000.0,-36.01383
5748685937.5,-36.012
5748686875.0,-36.01454
5748687812.5,-36.02705
5748688750.0,-36.01433
5748689687.5,-36.00992
5748690625.0,-36.00613
5748691562.5,-36.01177
5748692500.0,-36.0098
5748693437.5,-36.0056
5748694375.0,-36.00343
5748695312.5,-36.01597
5748696250.0,-36.0055
5748697187.5,-36.01283
5748698125.0,-36.00626
5748699062.5,-35.99582
5748700000.0,-35.99765
5748700937.5,-35.99733
5748701875.0,-36.00183
5748702812.5,-35.99524
5748703750.0,-35.9912
5748704687.5,-35.99988
5748705625.0,-36.00317
5748706562.5,-36.00159
5748707500.0,-35.99256
5748708437.5,-35.99766
5748709375.0,-36.00788
5748710312.5,-35.98074
5748711250.0,-35.99274
5748712187.5,-35.99212
5748713125.0,-35.98648
5748714062.5,-35.98915
5748715000.0,-35.98188
5748715937.5,-35.97549
5748716875.0,-35.98509
5748717812.5,-35.98497
5748718750.0,-35.98231
5748719687.5,-35.98093
5748720625.0,-35.98632
5748721562.5,-35.9686
5748722500.0,-35.98446
5748723437.5,-35.97353
5748724375.0,-35.9707
5748725312.5,-35.9703
5748726250.0,-35.97283
5748727187.5,-35.97089
5748728125.0,-35.97256
5748729062.5,-35.97541
5748730000.0,-35.96709
5748730937.5,-35.97506
5748731875.0,-35.97961
5748732812.5,-35.96684
5748733750.0,-35.9714
5748734687.5,-35.96554
5748735625.0,-35.96508
5748736562.5,-35.97342
5748737500.0,-35.96766
5748738437.5,-35.96629
5748739375.0,-35.95429
5748740312.5,-35.96679
5748741250.0,-35.96546
5748742187.5,-35.96192
5748743125.0,-35.95804
5748744062.5,-35.96424
5748745000.0,-35.95691
5748745937.5,-35.96537
5748746875.0,-35.95581
5748747812.5,-35.95122
5748748750.0,-35.95018
5748749687.5,-35.95612
5748750625.0,-35.94859
5748751562.5,-35.94433
5748752500.0,-35.93541
5748753437.5,-35.94741
5748754375.0,-35.9384
5748755312.5,-35.94033
5748756250.0,-35.9342
5748757187.5,-35.94178
5748758125.0,-35.93237
5748759062.5,-35.94518
5748760000.0,-35.93626
5748760937.5,-35.94131
5748761875.0,-35.9344
5748762812.5,-35.94156
5748763750.0,-35.93897
5748764687.5,-35.93242
5748765625.0,-35.93245
5748766562.5,-35.92747
5748767500.0,-35.93652
5748768437.5,-35.93431
5748769375.0,-35.9377
5748770312.5,-35.93344
5748771250.0,-35.92949
5748772187.5,-35.92607
5748773125.0,-35.93571
5748774062.5,-35.92834
5748775000.0,-35.92619
5748775937.5,-35.92253
5748776875.0,-35.9266
5748777812.5,-35.92439
5748778750.0,-35.92447
5748779687.5,-35.91709
5748780625.0,-35.92515
5748781562.5,-35.91185
5748782500.0,-35.92123
5748783437.5,-35.92334
5748784375.0,-35.91344
5748785312.5,-35.91615
5748786250.0,-35.91361
5748787187.5,-35.90929
5748788125.0,-35.91677
5748789062.5,-35.90761
5748790000.0,-35.89996
5748790937.5,-35.91146
5748791875.0,-35.92141
5748792812.5,-35.91182
5748793750.0,-35.91258
5748794687.5,-35.89901
5748795625.0,-35.9066
5748796562.5,-35.89592
5748797500.0,-35.90916
5748798437.5,-35.89897
5748799375.0,-35.89528
5748800312.5,-35.90411
5748801250.0,-35.89851
5748802187.5,-35.8973
5748803125.0,-35.8987
5748804062.5,-35.91078
5748805000.0,-35.89318
5748805937.5,-35.89522
5748806875.0,-35.89604
5748807812.5,-35.88808
5748808750.0,-35.8839
5748809687.5,-35.88291
5748810625.0,-35.8953
5748811562.5,-35.8825
5748812500.0,-35.89521
5748813437.5,-35.89488
5748814375.0,-35.87915
5748815312.5,-35.88914
5748816250.0,-35.88068
5748817187.5,-35.8772
5748818125.0,-35.88183
5748819062.5,-35.87897
5748820000.0,-35.87696
5748820937.5,-35.8847
5748821875.0,-35.87212
5748822812.5,-35.86878
5748823750.0,-35.87759
5748824687.5,-35.88249
5748825625.0,-35.86879
5748826562.5,-35.86314
5748827500.0,-35.86852
5748828437.5,-35.87549
5748829375.0,-35.87052
5748830312.5,-35.8767
5748831250.0,-35.86364
5748832187.5,-35.88846
5748833125.0,-35.86086
5748834062.5,-35.86678
5748835000.0,-35.86958
5748835937.5,-35.8726
5748836875.0,-35.86488
5748837812.5,-35.87525
5748838750.0,-35.85373
5748839687.5,-35.85999
5748840625.0,-35.85491
5748841562.5,-35.86172
5748842500.0,-35.85274
5748843437.5,-35.85482
5748844375.0,-35.85579
5748845312.5,-35.85608
5748846250.0,-35.85811
5748847187.5,-35.85649
5748848125.0,-35.84588
5748849062.5,-35.83989
5748850000.0,-35.84671
5748850937.5,-35.83815
5748851875.0,-35.84595
5748852812.5,-35.85
5748853750.0,-35.85771
5748854687.5,-35.84012
5748855625.0,-35.84689
5748856562.5,-35.85035
5748857500.0,-35.84563
5748858437.5,-35.83762
5748859375.0,-35.84289
5748860312.5,-35.84394
5748861250.0,-35.8305
5748862187.5,-35.84144
5748863125.0,-35.83321
5748864062.5,-35.83228
5748865000.0,-35.84053
5748865937.5,-35.8319
5748866875.0,-35.83676
5748867812.5,-35.83238
5748868750.0,-35.8211
5748869687.5,-35.83641
5748870625.0,-35.83151
5748871562.5,-35.8352
5748872500.0,-35.82102
5748873437.5,-35.82808
5748874375.0,-35.82056
5748875312.5,-35.82574
5748876250.0,-35.82307
5748877187.5,-35.8134
5748878125.0,-35.82893
5748879062.5,-35.81399
5748880000.0,-35.81115
5748880937.5,-35.8263
5748881875.0,-35.82564
5748882812.5,-35.80469
5748883750.0,-35.82315
5748884687.5,-35.8119
5748885625.0,-35.81596
5748886562.5,-35.81666
5748887500.0,-35.81162
5748888437.5,-35.80458
5748889375.0,-35.8107
5748890312.5,-35.80423
5748891250.0,-35.7997
5748892187.5,-35.81874
5748893125.0,-35.80851
5748894062.5,-35.81112
5748895000.0,-35.7981
5748895937.5,-35.80769
5748896875.0,-35.798
5748897812.5,-35.80922
5748898750.0,-35.8005
5748899687.5,-35.80532
5748900625.0,-35.7962
5748901562.5,-35.80642
5748902500.0,-35.80466
5748903437.5,-35.8014
5748904375.0,-35.79467
5748905312.5,-35.78789
5748906250.0,-35.79655
5748907187.5,-35.80532
5748908125.0,-35.79073
5748909062.5,-35.78646
5748910000.0,-35.79503
5748910937.5,-35.7837
5748911875.0,-35.79132
5748912812.5,-35.79116
5748913750.0,-35.78144
5748914687.5,-35.78978
5748915625.0,-35.78306
5748916562.5,-35.78503
5748917500.0,-35.78062
5748918437.5,-35.77204
5748919375.0,-35.77999
5748920312.5,-35.77985
5748921250.0,-35.77441
5748922187.5,-35.76748
5748923125.0,-35.77966
5748924062.5,-35.77529
5748925000.0,-35.76704
5748925937.5,-35.77697
5748926875.0,-35.7761
5748927812.5,-35.77745
5748928750.0,-35.76428
5748929687.5,-35.77272
5748930625.0,-35.7753
5748931562.5,-35.75926
5748932500.0,-35.7728
5748933437.5,-35.7576
5748934375.0,-35.75329
5748935312.5,-35.76602
5748936250.0,-35.76046
5748937187.5,-35.75452
5748938125.0,-35.76522
5748939062.5,-35.7672
5748940000.0,-35.76477
5748940937.5,-35.75539
5748941875.0,-35.75256
5748942812.5,-35.75232
5748943750.0,-35.75056
5748944687.5,-35.75779
5748945625.0,-35.7464
5748946562.5,-35.75016
5748947500.0,-35.74822
5748948437.5,-35.74533
5748949375.0,-35.73603
5748950312.5,-35.74257
5748951250.0,-35.73537
5748952187.5,-35.74339
5748953125.0,-35.73927
5748954062.5,-35.73611
5748955000.0,-35.74847
5748955937.5,-35.73547
5748956875.0,-35.75065
5748957812.5,-35.73164
5748958750.0,-35.7347
5748959687.5,-35.74237
5748960625.0,-35.74165
5748961562.5,-35.72952
5748962500.0,-35.73782
5748963437.5,-35.73003
5748964375.0,-35.72248
5748965312.5,-35.72968
5748966250.0,-35.74129
5748967187.5,-35.73975
5748968125.0,-35.73389
5748969062.5,-35.73033
5748970000.0,-35.7199
5748970937.5,-35.72013
5748971875.0,-35.7312
5748972812.5,-35.72052
5748973750.0,-35.71208
5748974687.5,-35.7281
5748975625.0,-35.71661
5748976562.5,-35.72062
5748977500.0,-35.72286
5748978437.5,-35.72336
5748979375.0,-35.70715
5748980312.5,-35.70062
5748981250.0,-35.71254
5748982187.5,-35.71292
5748983125.0,-35.71508
5748984062.5,-35.72187
5748985000.0,-35.72175
5748985937.5,-35.71263
5748986875.0,-35.71396
5748987812.5,-35.70255
5748988750.0,-35.7137
5748989687.5,-35.70599
5748990625.0,-35.69962
5748991562.5,-35.69935
5748992500.0,-35.71167
5748993437.5,-35.70087
5748994375.0,-35.71108
5748995312.5,-35.70235
5748996250.0,-35.69216
5748997187.5,-35.70737
5748998125.0,-35.70015
5748999062.5,-35.70567
5749000000.0,-35.69314
5749000937.5,-35.68588
5749001875.0,-35.69736
5749002812.5,-35.68544
5749003750.0,-35.69264
5749004687.5,-35.68225
5749005625.0,-35.68248
5749006562.5,-35.6805
5749007500.0,-35.69283
5749008437.5,-35.68642
5749009375.0,-35.68351
5749010312.5,-35.68265
5749011250.0,-35.68306
5749012187.5,-35.68223
5749013125.0,-35.67105
5749014062.5,-35.68288
5749015000.0,-35.68053
5749015937.5,-35.68115
5749016875.0,-35.67512
5749017812.5,-35.67965
5749018750.0,-35.66605
5749019687.5,-35.6679
5749020625.0,-35.66151
5749021562.5,-35.66356
5749022500.0,-35.6731
5749023437.5,-35.67101
5749024375.0,-35.67074
5749025312.5,-35.66582
5749026250.0,-35.6801
5749027187.5,-35.66577
5749028125.0,-35.66433
5749029062.5,-35.67134
5749030000.0,-35.67498
5749030937.5,-35.67907
5749031875.0,-35.66751
5749032812.5,-35.66355
5749033750.0,-35.664
5749034687.5,-35.66282
5749035625.0,-35.66154
5749036562.5,-35.65497
5749037500.0,-35.65959
5749038437.5,-35.66806
5749039375.0,-35.65093
5749040312.5,-35.65376
5749041250.0,-35.66069
5749042187.5,-35.65098
5749043125.0,-35.6517
5749044062.5,-35.647
5749045000.0,-35.64867
5749045937.5,-35.64542
5749046875.0,-35.64168
5749047812.5,-35.64658
5749048750.0,-35.64537
5749049687.5,-35.63733
5749050625.0,-35.65325
5749051562.5,-35.63895
5749052500.0,-35.65368
5749053437.5,-35.64238
5749054375.0,-35.64912
5749055312.5,-35.64126
5749056250.0,-35.63944
5749057187.5,-35.63896
5749058125.0,-35.6354
5749059062.5,-35.64379
5749060000.0,-35.63805
5749060937.5,-35.63724
5749061875.0,-35.64369
5749062812.5,-35.62967
5749063750.0,-35.61819
5749064687.5,-35.62157
5749065625.0,-35.61963
5749066562.5,-35.62691
5749067500.0,-35.62132
5749068437.5,-35.62139
5749069375.0,-35.62187
5749070312.5,-35.62631
5749071250.0,-35.61482
5749072187.5,-35.6203
5749073125.0,-35.61531
5749074062.5,-35.61726
5749075000.0,-35.62851
5749075937.5,-35.61903
5749076875.0,-35.61199
5749077812.5,-35.61329
5749078750.0,-35.61457
5749079687.5,-35.61324
5749080625.0,-35.61436
5749081562.5,-35.60524
5749082500.0,-35.61361
5749083437.5,-35.61308
5749084375.0,-35.61646
5749085312.5,-35.61143
5749086250.0,-35.59684
5749087187.5,-35.59657
5749088125.0,-35.59974
5749089062.5,-35.59585
5749090000.0,-35.61405
5749090937.5,-35.59312
5749091875.0,-35.60389
5749092812.5,-35.5902
5749093750.0,-35.59027
5749094687.5,-35.59142
5749095625.0,-35.59941
5749096562.5,-35.59773
5749097500.0,-35.58722
5749098437.5,-35.59166
5749099375.0,-35.59929
5749100312.5,-35.58591
5749101250.0,-35.59292
5749102187.5,-35.58555
5749103125.0,-35.58612
5749104062.5,-35.58851
5749105000.0,-35.58501
5749105937.5,-35.59394
5749106875.0,-35.59059
5749107812.5,-35.5867
5749108750.0,-35.57861
5749109687.5,-35.58088
5749110625.0,-35.58566
5749111562.5,-35.59293
5749112500.0,-35.59257
5749113437.5,-35.57792
5749114375.0,-35.58189
5749115312.5,-35.58155
5749116250.0,-35.57605
5749117187.5,-35.57457
5749118125.0,-35.56807
5749119062.5,-35.5601
5749120000.0,-35.57722
5749120937.5,-35.56372
5749121875.0,-35.56322
5749122812.5,-35.57136
5749123750.0,-35.55603
5749124687.5,-35.56953
5749125625.0,-35.5708
5749126562.5,-35.56586
5749127500.0,-35.56715
5749128437.5,-35.55346
5749129375.0,-35.5618
5749130312.5,-35.55749
5749131250.0,-35.54773
5749132187.5,-35.56156
5749133125.0,-35.55814
5749134062.5,-35.55122
5749135000.0,-35.54474
5749135937.5,-35.56176
5749136875.0,-35.55607
5749137812.5,-35.54925
5749138750.0,-35.54348
5749139687.5,-35.5507
5749140625.0,-35.54559
5749141562.5,-35.55465
5749142500.0,-35.53357
5749143437.5,-35.54109
5749144375.0,-35.54879
5749145312.5,-35.53852
5749146250.0,-35.54842
5749147187.5,-35.54063
5749148125.0,-35.53297
5749149062.5,-35.55077
5749150000.0,-35.53288
5749150937.5,-35.54812
5749151875.0,-35.54895
5749152812.5,-35.53488
5749153750.0,-35.53251
5749154687.5,-35.54102
5749155625.0,-35.53506
5749156562.5,-35.53454
5749157500.0,-35.53444
5749158437.5,-35.53296
5749159375.0,-35.5327
5749160312.5,-35.54198
5749161250.0,-35.52089
5749162187.5,-35.53213
5749163125.0,-35.54076
5749164062.5,-35.52535
5749165000.0,-35.52405
5749165937.5,-35.52634
5749166875.0,-35.52116
5749167812.5,-35.51403
5749168750.0,-35.52578
5749169687.5,-35.52479
5749170625.0,-35.50759
5749171562.5,-35.5153
5749172500.0,-35.51789
5749173437.5,-35.52335
5749174375.0,-35.51203
5749175312.5,-35.5146
5749176250.0,-35.52405
5749177187.5,-35.50651
5749178125.0,-35.51468
5749179062.5,-35.50409
5749180000.0,-35.50609
5749180937.5,-35.5073
5749181875.0,-35.51279
5749182812.5,-35.50798
5749183750.0,-35.51288
5749184687.5,-35.50413
5749185625.0,-35.51075
5749186562.5,-35.50892
5749187500.0,-35.48345
5749188437.5,-35.50853
5749189375.0,-35.50504
5749190312.5,-35.5037
5749191250.0,-35.48862
5749192187.5,-35.49261
5749193125.0,-35.49937
5749194062.5,-35.48861
5749195000.0,-35.49827
5749195937.5,-35.493
5749196875.0,-35.4942
5749197812.5,-35.49543
5749198750.0,-35.48278
5749199687.5,-35.48319
5749200625.0,-35.48519
5749201562.5,-35.48366
5749202500.0,-35.49199
5749203437.5,-35.49496
5749204375.0,-35.48354
5749205312.5,-35.47618
5749206250.0,-35.47792
5749207187.5,-35.4857
5749208125.0,-35.46628
5749209062.5,-35.46963
5749210000.0,-35.47087
5749210937.5,-35.48117
5749211875.0,-35.47586
5749212812.5,-35.46783
5749213750.0,-35.47811
5749214687.5,-35.46683
5749215625.0,-35.47581
5749216562.5,-35.46704
5749217500.0,-35.4632
5749218437.5,-35.47074
5749219375.0,-35.46898
5749220312.5,-35.45673
5749221250.0,-35.46312
5749222187.5,-35.46039
5749223125.0,-35.46415
5749224062.5,-35.45675
5749225000.0,-35.45649
5749225937.5,-35.46283
5749226875.0,-35.46947
5749227812.5,-35.46444
5749228750.0,-35.45912
5749229687.5,-35.44878
5749230625.0,-35.46933
5749231562.5,-35.44309
5749232500.0,-35.46709
5749233437.5,-35.44976
5749234375.0,-35.45601
5749235312.5,-35.44994
5749236250.0,-35.44403
5749237187.5,-35.43968
5749238125.0,-35.45061
5749239062.5,-35.44732
5749240000.0,-35.43406
5749240937.5,-35.44228
5749241875.0,-35.43745
5749242812.5,-35.44815
5749243750.0,-35.44333
5749244687.5,-35.4467
5749245625.0,-35.44364
5749246562.5,-35.43675
5749247500.0,-35.43801
5749248437.5,-35.43354
5749249375.0,-35.44257
5749250312.5,-35.42624
5749251250.0,-35.43502
5749252187.5,-35.4318
5749253125.0,-35.42351
5749254062.5,-35.44365
5749255000.0,-35.43571
5749255937.5,-35.42857
5749256875.0,-35.41835
5749257812.5,-35.43167
5749258750.0,-35.42254
5749259687.5,-35.42311
5749260625.0,-35.42488
5749261562.5,-35.42687
5749262500.0,-35.4243
5749263437.5,-35.41206
5749264375.0,-35.42084
5749265312.5,-35.41428
5749266250.0,-35.41685
5749267187.5,-35.41294
5749268125.0,-35.41209
5749269062.5,-35.4155
5749270000.0,-35.41031
5749270937.5,-35.41325
5749271875.0,-35.41893
5749272812.5,-35.41764
5749273750.0,-35.42064
5749274687.5,-35.4032
5749275625.0,-35.40015
5749276562.5,-35.40391
5749277500.0,-35.41124
5749278437.5,-35.40935
5749279375.0,-35.398
5749280312.5,-35.41367
5749281250.0,-35.39496
5749282187.5,-35.40245
5749283125.0,-35.39295
5749284062.5,-35.39896
5749285000.0,-35.39395
5749285937.5,-35.39723
5749286875.0,-35.39196
5749287812.5,-35.39951
5749288750.0,-35.39609
5749289687.5,-35.39412
5749290625.0,-35.39588
5749291562.5,-35.3916
5749292500.0,-35.38881
5749293437.5,-35.38268
5749294375.0,-35.38389
5749295312.5,-35.38432
5749296250.0,-35.38541
5749297187.5,-35.38194
5749298125.0,-35.3782
5749299062.5,-35.3875
5749300000.0,-35.38301
5749300937.5,-35.38734
5749301875.0,-35.37864
5749302812.5,-35.37418
5749303750.0,-35.3852
5749304687.5,-35.38549
5749305625.0,-35.37686
5749306562.5,-35.38104
5749307500.0,-35.3792
5749308437.5,-35.37851
5749309375.0,-35.38251
5749310312.5,-35.37862
5749311250.0,-35.37814
5749312187.5,-35.36438
5749313125.0,-35.35932
5749314062.5,-35.37289
5749315000.0,-35.37142
5749315937.5,-35.35643
5749316875.0,-35.37168
5749317812.5,-35.361
5749318750.0,-35.35682
5749319687.5,-35.36324
5749320625.0,-35.3736
5749321562.5,-35.35467
5749322500.0,-35.35916
5749323437.5,-35.36183
5749324375.0,-35.35243
5749325312.5,-35.35805
5749326250.0,-35.34667
5749327187.5,-35.34964
5749328125.0,-35.34716
5749329062.5,-35.35527
5749330000.0,-35.35115
5749330937.5,-35.33638
5749331875.0,-35.34689
5749332812.5,-35.35296
5749333750.0,-35.33936
5749334687.5,-35.34875
5749335625.0,-35.34983
5749336562.5,-35.35154
5749337500.0,-35.34608
5749338437.5,-35.33738
5749339375.0,-35.33976
5749340312.5,-35.33119
5749341250.0,-35.34387
5749342187.5,-35.32817
5749343125.0,-35.33184
5749344062.5,-35.32895
5749345000.0,-35.33514
5749345937.5,-35.33374
5749346875.0,-35.33606
5749347812.5,-35.32973
5749348750.0,-35.32203
5749349687.5,-35.33224
5749350625.0,-35.32565
5749351562.5,-35.32996
5749352500.0,-35.31995
5749353437.5,-35.32601
5749354375.0,-35.32252
5749355312.5,-35.322
5749356250.0,-35.32389
5749357187.5,-35.32685
5749358125.0,-35.32822
5749359062.5,-35.32168
5749360000.0,-35.31598
5749360937.5,-35.32306
5749361875.0,-35.31655
5749362812.5,-35.31097
5749363750.0,-35.3069
5749364687.5,-35.31066
5749365625.0,-35.30853
5749366562.5,-35.31371
5749367500.0,-35.30522
5749368437.5,-35.30832
5749369375.0,-35.30398
5749370312.5,-35.31395
5749371250.0,-35.30833
5749372187.5,-35.29998
5749373125.0,-35.29902
5749374062.5,-35.29541
5749375000.0,-35.30733
5749375937.5,-35.30548
5749376875.0,-35.30399
5749377812.5,-35.29914
5749378750.0,-35.30354
5749379687.5,-35.29542
5749380625.0,-35.3027
5749381562.5,-35.29181
5749382500.0,-35.29214
5749383437.5,-35.28841
5749384375.0,-35.29269
5749385312.5,-35.28193
5749386250.0,-35.28146
5749387187.5,-35.28548
5749388125.0,-35.28652
5749389062.5,-35.29195
5749390000.0,-35.28991
5749390937.5,-35.29125
5749391875.0,-35.2742
5749392812.5,-35.28143
5749393750.0,-35.28077
5749394687.5,-35.27727
5749395625.0,-35.2851
5749396562.5,-35.28577
5749397500.0,-35.282
5749398437.5,-35.27319
5749399375.0,-35.2776
5749400312.5,-35.27783
5749401250.0,-35.2636
5749402187.5,-35.27614
5749403125.0,-35.27074
5749404062.5,-35.26368
5749405000.0,-35.27343
5749405937.5,-35.27094
5749406875.0,-35.27416
5749407812.5,-35.2706
5749408750.0,-35.27563
5749409687.5,-35.26404
5749410625.0,-35.26314
5749411562.5,-35.26615
5749412500.0,-35.26121
5749413437.5,-35.26406
5749414375.0,-35.25708
5749415312.5,-35.26975
5749416250.0,-35.26349
5749417187.5,-35.25121
5749418125.0,-35.24696
5749419062.5,-35.25282
5749420000.0,-35.26163
5749420937.5,-35.26015
5749421875.0,-35.25327
5749422812.5,-35.24808
5749423750.0,-35.24795
5749424687.5,-35.24353
5749425625.0,-35.24216
5749426562.5,-35.23878
5749427500.0,-35.25519
5749428437.5,-35.24772
5749429375.0,-35.25482
5749430312.5,-35.23878
5749431250.0,-35.24364
5749432187.5,-35.23619
5749433125.0,-35.24294
5749434062.5,-35.24566
5749435000.0,-35.24284
5749435937.5,-35.23243
5749436875.0,-35.24216
5749437812.5,-35.23346
5749438750.0,-35.23149
5749439687.5,-35.2359
5749440625.0,-35.22503
5749441562.5,-35.21844
5749442500.0,-35.2247
5749443437.5,-35.23399
5749444375.0,-35.23869
5749445312.5,-35.22883
5749446250.0,-35.23112
5749447187.5,-35.22497
5749448125.0,-35.21822
5749449062.5,-35.23416
5749450000.0,-35.22602
5749450937.5,-35.21959
5749451875.0,-35.2149
5749452812.5,-35.22131
5749453750.0,-35.2132
5749454687.5,-35.22145
5749455625.0,-35.21866
5749456562.5,-35.2204
5749457500.0,-35.2126
5749458437.5,-35.2136
5749459375.0,-35.22253
5749460312.5,-35.21176
5749461250.0,-35.20964
5749462187.5,-35.20619
5749463125.0,-35.21279
5749464062.5,-35.21012
5749465000.0,-35.21059
5749465937.5,-35.20811
5749466875.0,-35.20379
5749467812.5,-35.20652
5749468750.0,-35.20258
5749469687.5,-35.19957
5749470625.0,-35.19938
5749471562.5,-35.19536
5749472500.0,-35.19171
5749473437.5,-35.2035
5749474375.0,-35.19796
5749475312.5,-35.19703
5749476250.0,-35.19311
5749477187.5,-35.18095
5749478125.0,-35.1846
5749479062.5,-35.19052
5749480000.0,-35.19566
5749480937.5,-35.1894
5749481875.0,-35.20218
5749482812.5,-35.19183
5749483750.0,-35.19205
5749484687.5,-35.18937
5749485625.0,-35.18767
5749486562.5,-35.18011
5749487500.0,-35.17943
5749488437.5,-35.17436
5749489375.0,-35.19052
5749490312.5,-35.17611
5749491250.0,-35.17431
5749492187.5,-35.18431
5749493125.0,-35.17944
5749494062.5,-35.17458
5749495000.0,-35.16985
5749495937.5,-35.16853
5749496875.0,-35.17286
5749497812.5,-35.17422
5749498750.0,-35.17164
5749499687.5,-35.16887
5749500625.0,-35.1648
5749501562.5,-35.16895
5749502500.0,-35.1539
5749503437.5,-35.16439
5749504375.0,-35.15766
5749505312.5,-35.17626
5749506250.0,-35.15273
5749507187.5,-35.16384
5749508125.0,-35.16506
5749509062.5,-35.16265
5749510000.0,-35.16383
5749510937.5,-35.15469
5749511875.0,-35.15436
5749512812.5,-35.14984
5749513750.0,-35.15945
5749514687.5,-35.15977
5749515625.0,-35.15907
5749516562.5,-35.1552
5749517500.0,-35.14433
5749518437.5,-35.15031
5749519375.0,-35.14745
5749520312.5,-35.14308
5749521250.0,-35.15049
5749522187.5,-35.15292
5749523125.0,-35.1538
5749524062.5,-35.12873
5749525000.0,-35.13921
5749525937.5,-35.13597
5749526875.0,-35.13438
5749527812.5,-35.1463
5749528750.0,-35.1393
5749529687.5,-35.14398
5749530625.0,-35.14713
5749531562.5,-35.12732
5749532500.0,-35.12333
5749533437.5,-35.13724
5749534375.0,-35.132
5749535312.5,-35.13339
5749536250.0,-35.12909
5749537187.5,-35.12949
5749538125.0,-35.12193
5749539062.5,-35.12715
5749540000.0,-35.11183
5749540937.5,-35.12726
5749541875.0,-35.12175
5749542812.5,-35.13305
5749543750.0,-35.13015
5749544687.5,-35.11535
5749545625.0,-35.1129
5749546562.5,-35.11503
5749547500.0,-35.11723
5749548437.5,-35.12203
5749549375.0,-35.12689
5749550312.5,-35.1158
5749551250.0,-35.11763
5749552187.5,-35.11612
5749553125.0,-35.11131
5749554062.5,-35.10831
5749555000.0,-35.10427
5749555937.5,-35.10596
5749556875.0,-35.10978
5749557812.5,-35.10269
5749558750.0,-35.10599
5749559687.5,-35.10329
5749560625.0,-35.10759
5749561562.5,-35.11277
5749562500.0,-35.09832
5749563437.5,-35.10556
5749564375.0,-35.09672
5749565312.5,-35.09463
5749566250.0,-35.10194
5749567187.5,-35.09744
5749568125.0,-35.0968
5749569062.5,-35.09118
5749570000.0,-35.09593
5749570937.5,-35.09056
5749571875.0,-35.09806
5749572812.5,-35.09021
5749573750.0,-35.09085
5749574687.5,-35.08687
5749575625.0,-35.08289
5749576562.5,-35.0875
5749577500.0,-35.08968
5749578437.5,-35.08543
5749579375.0,-35.08351
5749580312.5,-35.08567
5749581250.0,-35.07349
5749582187.5,-35.08426
5749583125.0,-35.08746
5749584062.5,-35.0899
5749585000.0,-35.07207
5749585937.5,-35.08771
5749586875.0,-35.07449
5749587812.5,-35.07169
5749588750.0,-35.08119
5749589687.5,-35.07246
5749590625.0,-35.06904
5749591562.5,-35.07058
5749592500.0,-35.06653
5749593437.5,-35.07178
5749594375.0,-35.06932
5749595312.5,-35.06685
5749596250.0,-35.06165
5749597187.5,-35.06347
5749598125.0,-35.05797
5749599062.5,-35.06405
5749600000.0,-35.06802
5749600937.5,-35.06266
5749601875.0,-35.06493
5749602812.5,-35.05828
5749603750.0,-35.05662
5749604687.5,-35.06314
5749605625.0,-35.06034
5749606562.5,-35.05528
5749607500.0,-35.05965
5749608437.5,-35.0561
5749609375.0,-35.0488
5749610312.5,-35.05986
5749611250.0,-35.04888
5749612187.5,-35.04146
5749613125.0,-35.04663
5749614062.5,-35.04571
5749615000.0,-35.04494
5749615937.5,-35.0495
5749616875.0,-35.05646
5749617812.5,-35.04093
5749618750.0,-35.03788
5749619687.5,-35.05115
5749620625.0,-35.03539
5749621562.5,-35.0396
5749622500.0,-35.04399
5749623437.5,-35.02941
5749624375.0,-35.03893
5749625312.5,-35.02449
5749626250.0,-35.02507
5749627187.5,-35.03235
5749628125.0,-35.03292
5749629062.5,-35.0331
5749630000.0,-35.02256
5749630937.5,-35.02615
5749631875.0,-35.0187
5749632812.5,-35.02798
5749633750.0,-35.02583
5749634687.5,-35.02925
5749635625.0,-35.02484
5749636562.5,-35.02359
5749637500.0,-35.02095
5749638437.5,-35.02734
5749639375.0,-35.03278
5749640312.5,-35.0145
5749641250.0,-35.01946
5749642187.5,-35.01266
5749643125.0,-35.01022
5749644062.5,-35.01339
5749645000.0,-35.00853
5749645937.5,-35.00986
5749646875.0,-35.0042
5749647812.5,-35.01118
5749648750.0,-35.01234
5749649687.5,-35.01337
5749650625.0,-35.01067
5749651562.5,-35.00599
5749652500.0,-35.00874
5749653437.5,-34.99777
5749654375.0,-35.00012
5749655312.5,-35.00249
5749656250.0,-34.99992
5749657187.5,-35.00465
5749658125.0,-35.00053
5749659062.5,-34.99885
5749660000.0,-34.9904
5749660937.5,-34.9847
5749661875.0,-34.99006
5749662812.5,-34.98759
5749663750.0,-34.9975
5749664687.5,-34.98628
5749665625.0,-34.99658
5749666562.5,-34.99065
5749667500.0,-34.99006
5749668437.5,-34.99194
5749669375.0,-34.9869
5749670312.5,-34.98699
5749671250.0,-34.98129
5749672187.5,-34.98354
5749673125.0,-34.98143
5749674062.5,-34.98584
5749675000.0,-34.97629
5749675937.5,-34.98516
5749676875.0,-34.98797
5749677812.5,-34.96933
5749678750.0,-34.97195
5749679687.5,-34.9763
5749680625.0,-34.9843
5749681562.5,-34.97452
5749682500.0,-34.9731
5749683437.5,-34.973
5749684375.0,-34.96756
5749685312.5,-34.97321
5749686250.0,-34.96817
5749687187.5,-34.97163
5749688125.0,-34.97081
5749689062.5,-34.97647
5749690000.0,-34.97268
5749690937.5,-34.96741
5749691875.0,-34.95777
5749692812.5,-34.95679
5749693750.0,-34.95497
5749694687.5,-34.95308
5749695625.0,-34.9402
5749696562.5,-34.95763
5749697500.0,-34.9621
5749698437.5,-34.95524
5749699375.0,-34.95512
5749700312.5,-34.94746
5749701250.0,-34.94817
5749702187.5,-34.95141
5749703125.0,-34.94864
5749704062.5,-34.94552
5749705000.0,-34.94483
5749705937.5,-34.95152
5749706875.0,-34.94617
5749707812.5,-34.9507
5749708750.0,-34.94505
5749709687.5,-34.94995
5749710625.0,-34.92892
5749711562.5,-34.93807
5749712500.0,-34.94169
5749713437.5,-34.93718
5749714375.0,-34.93817
5749715312.5,-34.94342
5749716250.0,-34.93279
5749717187.5,-34.94014
5749718125.0,-34.93389
5749719062.5,-34.94751
5749720000.0,-34.94102
5749720937.5,-34.93149
5749721875.0,-34.92992
5749722812.5,-34.9273
5749723750.0,-34.928
5749724687.5,-34.93242
5749725625.0,-34.92858
5749726562.5,-34.92668
5749727500.0,-34.92091
5749728437.5,-34.91983
5749729375.0,-34.92583
5749730312.5,-34.92244
5749731250.0,-34.92964
5749732187.5,-34.91186
5749733125.0,-34.92023
5749734062.5,-34.92041
5749735000.0,-34.91425
5749735937.5,-34.90847
5749736875.0,-34.91861
5749737812.5,-34.91027
5749738750.0,-34.90704
5749739687.5,-34.91348
5749740625.0,-34.92188
5749741562.5,-34.90623
5749742500.0,-34.90607
5749743437.5,-34.91077
5749744375.0,-34.89714
5749745312.5,-34.90498
5749746250.0,-34.90079
5749747187.5,-34.90922
5749748125.0,-34.89907
5749749062.5,-34.89973
5749750000.0,-34.90139
5749750937.5,-34.90805
5749751875.0,-34.88814
5749752812.5,-34.89919
5749753750.0,-34.90523
5749754687.5,-34.89311
5749755625.0,-34.89447
5749756562.5,-34.90534
5749757500.0,-34.89415
5749758437.5,-34.88203
5749759375.0,-34.88796
5749760312.5,-34.87875
5749761250.0,-34.88531
5749762187.5,-34.89397
5749763125.0,-34.88363
5749764062.5,-34.88701
5749765000.0,-34.8843
5749765937.5,-34.8878
5749766875.0,-34.87492
5749767812.5,-34.87481
5749768750.0,-34.89066
5749769687.5,-34.87051
5749770625.0,-34.87862
5749771562.5,-34.87346
5749772500.0,-34.87949
5749773437.5,-34.87614
5749774375.0,-34.873
5749775312.5,-34.8725
5749776250.0,-34.87315
5749777187.5,-34.87544
5749778125.0,-34.87037
5749779062.5,-34.86777
5749780000.0,-34.85754
5749780937.5,-34.86506
5749781875.0,-34.8658
5749782812.5,-34.86988
5749783750.0,-34.87341
5749784687.5,-34.86953
5749785625.0,-34.85707
5749786562.5,-34.85458
5749787500.0,-34.85721
5749788437.5,-34.8573
5749789375.0,-34.85643
5749790312.5,-34.84414
5749791250.0,-34.85522
5749792187.5,-34.84847
5749793125.0,-34.8614
5749794062.5,-34.84865
5749795000.0,-34.84846
5749795937.5,-34.84224
5749796875.0,-34.84897
5749797812.5,-34.844
5749798750.0,-34.8404
5749799687.5,-34.8416
5749800625.0,-34.84153
5749801562.5,-34.85411
5749802500.0,-34.84134
5749803437.5,-34.8355
5749804375.0,-34.84242
5749805312.5,-34.84592
5749806250.0,-34.83837
5749807187.5,-34.83894
5749808125.0,-34.83123
5749809062.5,-34.8303
5749810000.0,-34.83839
5749810937.5,-34.83116
5749811875.0,-34.83424
5749812812.5,-34.82669
5749813750.0,-34.82324
5749814687.5,-34.83533
5749815625.0,-34.83322
5749816562.5,-34.82335
5749817500.0,-34.82401
5749818437.5,-34.83467
5749819375.0,-34.8303
5749820312.5,-34.81342
5749821250.0,-34.81887
5749822187.5,-34.81815
5749823125.0,-34.81282
5749824062.5,-34.81911
5749825000.0,-34.82076
5749825937.5,-34.81575
5749826875.0,-34.82187
5749827812.5,-34.81668
5749828750.0,-34.81932
5749829687.5,-34.81065
5749830625.0,-34.81353
5749831562.5,-34.80857
5749832500.0,-34.81476
5749833437.5,-34.80535
5749834375.0,-34.80735
5749835312.5,-34.8094
5749836250.0,-34.80796
5749837187.5,-34.80416
5749838125.0,-34.80482
5749839062.5,-34.7967
5749840000.0,-34.80782
5749840937.5,-34.8057
5749841875.0,-34.79431
5749842812.5,-34.80331
5749843750.0,-34.79687
5749844687.5,-34.79865
5749845625.0,-34.78766
5749846562.5,-34.79812
5749847500.0,-34.78834
5749848437.5,-34.78584
5749849375.0,-34.79393
5749850312.5,-34.79978
5749851250.0,-34.79279
5749852187.5,-34.78891
5749853125.0,-34.78186
5749854062.5,-34.79165
5749855000.0,-34.78514
5749855937.5,-34.78123
5749856875.0,-34.7898
5749857812.5,-34.7739
5749858750.0,-34.78162
5749859687.5,-34.78001
5749860625.0,-34.78418
5749861562.5,-34.77985
5749862500.0,-34.77617
5749863437.5,-34.77192
5749864375.0,-34.76203
5749865312.5,-34.77819
5749866250.0,-34.77406
5749867187.5,-34.77207
5749868125.0,-34.77566
5749869062.5,-34.76338
5749870000.0,-34.7637
5749870937.5,-34.77349
5749871875.0,-34.76615
5749872812.5,-34.77188
5749873750.0,-34.77035
5749874687.5,-34.77225
5749875625.0,-34.76621
5749876562.5,-34.7569
5749877500.0,-34.75916
5749878437.5,-34.74844
5749879375.0,-34.76874
5749880312.5,-34.75342
5749881250.0,-34.75624
5749882187.5,-34.75591
5749883125.0,-34.76217
5749884062.5,-34.77005
5749885000.0,-34.76416
5749885937.5,-34.74622
5749886875.0,-34.74762
5749887812.5,-34.74627
5749888750.0,-34.74766
5749889687.5,-34.75359
5749890625.0,-34.73962
5749891562.5,-34.74366
5749892500.0,-34.74496
5749893437.5,-34.74364
5749894375.0,-34.73704
5749895312.5,-34.74767
5749896250.0,-34.72755
5749897187.5,-34.7406
5749898125.0,-34.73822
5749899062.5,-34.74396
5749900000.0,-34.73387
5749900937.5,-34.73542
5749901875.0,-34.73725
5749902812.5,-34.73067
5749903750.0,-34.72322
5749904687.5,-34.73326
5749905625.0,-34.73983
5749906562.5,-34.72908
5749907500.0,-34.7315
5749908437.5,-34.72956
5749909375.0,-34.71444
5749910312.5,-34.72456
5749911250.0,-34.73014
5749912187.5,-34.72042
5749913125.0,-34.71801
5749914062.5,-34.71154
5749915000.0,-34.70656
5749915937.5,-34.71413
5749916875.0,-34.71111
5749917812.5,-34.71152
5749918750.0,-34.72109
5749919687.5,-34.71963
5749920625.0,-34.7152
5749921562.5,-34.70759
5749922500.0,-34.70412
5749923437.5,-34.70695
5749924375.0,-34.70509
5749925312.5,-34.70338
5749926250.0,-34.70113
5749927187.5,-34.713
5749928125.0,-34.70116
5749929062.5,-34.70074
5749930000.0,-34.70678
5749930937.5,-34.70241
5749931875.0,-34.70486
5749932812.5,-34.70745
5749933750.0,-34.70471
5749934687.5,-34.70409
5749935625.0,-34.70353
5749936562.5,-34.69385
5749937500.0,-34.69487
5749938437.5,-34.695
5749939375.0,-34.69037
5749940312.5,-34.69212
5749941250.0,-34.68762
5749942187.5,-34.6844
5749943125.0,-34.68455
5749944062.5,-34.68456
5749945000.0,-34.68028
5749945937.5,-34.68493
5749946875.0,-34.68217
5749947812.5,-34.68473
5749948750.0,-34.67833
5749949687.5,-34.69226
5749950625.0,-34.67079
5749951562.5,-34.68362
5749952500.0,-34.70031
5749953437.5,-34.68443
5749954375.0,-34.67402
5749955312.5,-34.67847
5749956250.0,-34.67707
5749957187.5,-34.67375
5749958125.0,-34.66796
5749959062.5,-34.66546
5749960000.0,-34.66985
5749960937.5,-34.6678
5749961875.0,-34.66849
5749962812.5,-34.66523
5749963750.0,-34.67444
5749964687.5,-34.67701
5749965625.0,-34.66332
5749966562.5,-34.6589
5749967500.0,-34.65971
5749968437.5,-34.66065
5749969375.0,-34.67123
5749970312.5,-34.66614
5749971250.0,-34.66081
5749972187.5,-34.65408
5749973125.0,-34.66771
5749974062.5,-34.65197
5749975000.0,-34.64905
5749975937.5,-34.65131
5749976875.0,-34.65543
5749977812.5,-34.64812
5749978750.0,-34.64976
5749979687.5,-34.64893
5749980625.0,-34.64344
5749981562.5,-34.64448
5749982500.0,-34.63842
5749983437.5,-34.652
5749984375.0,-34.63983
5749985312.5,-34.64011
5749986250.0,-34.64062
5749987187.5,-34.64764
5749988125.0,-34.65471
5749989062.5,-34.64009
5749990000.0,-34.63586
5749990937.5,-34.64175
5749991875.0,-34.63872
5749992812.5,-34.62977
5749993750.0,-34.6287
5749994687.5,-34.62974
5749995625.0,-34.6268
5749996562.5,-34.62277
5749997500.0,-34.63253
5749998437.5,-34.62579
5749999375.0,-34.62001
5750000312.5,-34.62859
5750001250.0,-34.63461
5750002187.5,-34.62813
5750003125.0,-34.62342
5750004062.5,-34.61369
5750005000.0,-34.61721
5750005937.5,-34.61919
5750006875.0,-34.61703
5750007812.5,-34.61532
5750008750.0,-34.62352
5750009687.5,-34.61366
5750010625.0,-34.6113
5750011562.5,-34.61401
5750012500.0,-34.60826
5750013437.5,-34.61744
5750014375.0,-34.60064
5750015312.5,-34.62327
5750016250.0,-34.61492
5750017187.5,-34.60971
5750018125.0,-34.6057
5750019062.5,-34.60656
5750020000.0,-34.60821
5750020937.5,-34.59835
5750021875.0,-34.60893
5750022812.5,-34.61269
5750023750.0,-34.60403
5750024687.5,-34.60077
5750025625.0,-34.59341
5750026562.5,-34.59676
5750027500.0,-34.59729
5750028437.5,-34.58624
5750029375.0,-34.58934
5750030312.5,-34.59026
5750031250.0,-34.59288
5750032187.5,-34.59069
5750033125.0,-34.58819
5750034062.5,-34.58776
5750035000.0,-34.59026
5750035937.5,-34.58077
5750036875.0,-34.58496
5750037812.5,-34.58537
5750038750.0,-34.58348
5750039687.5,-34.57866
5750040625.0,-34.5792
5750041562.5,-34.58107
5750042500.0,-34.58177
5750043437.5,-34.57742
5750044375.0,-34.57433
5750045312.5,-34.58548
5750046250.0,-34.57624
5750047187.5,-34.57753
5750048125.0,-34.56182
5750049062.5,-34.57587
5750050000.0,-34.56966
5750050937.5,-34.5652
5750051875.0,-34.56672
5750052812.5,-34.5703
5750053750.0,-34.56352
5750054687.5,-34.56221
5750055625.0,-34.56462
5750056562.5,-34.56048
5750057500.0,-34.56016
5750058437.5,-34.56992
5750059375.0,-34.55635
5750060312.5,-34.5657
5750061250.0,-34.55773
5750062187.5,-34.56083
5750063125.0,-34.56148
5750064062.5,-34.56383
5750065000.0,-34.55894
5750065937.5,-34.55537
5750066875.0,-34.56118
5750067812.5,-34.54907
5750068750.0,-34.55856
5750069687.5,-34.5545
5750070625.0,-34.55276
5750071562.5,-34.55947
5750072500.0,-34.55341
5750073437.5,-34.5453
5750074375.0,-34.55122
5750075312.5,-34.54896
5750076250.0,-34.54652
5750077187.5,-34.54334
5750078125.0,-34.54664
5750079062.5,-34.5412
5750080000.0,-34.53574
5750080937.5,-34.53247
5750081875.0,-34.53277
5750082812.5,-34.5442
5750083750.0,-34.54044
5750084687.5,-34.52622
5750085625.0,-34.52324
5750086562.5,-34.53622
5750087500.0,-34.53262
5750088437.5,-34.534
5750089375.0,-34.52937
5750090312.5,-34.53144
5750091250.0,-34.52299
5750092187.5,-34.51788
5750093125.0,-34.51493
5750094062.5,-34.52044
5750095000.0,-34.51558
5750095937.5,-34.51458
5750096875.0,-34.53296
5750097812.5,-34.51978
5750098750.0,-34.51787
5750099687.5,-34.52202
5750100625.0,-34.51817
5750101562.5,-34.5146
5750102500.0,-34.50983
5750103437.5,-34.50603
5750104375.0,-34.51287
5750105312.5,-34.5116
5750106250.0,-34.51323
5750107187.5,-34.51627
5750108125.0,-34.50673
5750109062.5,-34.50802
5750110000.0,-34.50924
5750110937.5,-34.50699
5750111875.0,-34.5055
5750112812.5,-34.49887
5750113750.0,-34.49826
5750114687.5,-34.49697
5750115625.0,-34.49682
5750116562.5,-34.48809
5750117500.0,-34.49056
5750118437.5,-34.49059
5750119375.0,-34.49222
5750120312.5,-34.49535
5750121250.0,-34.48734
5750122187.5,-34.49355
5750123125.0,-34.48705
5750124062.5,-34.48225
5750125000.0,-34.48896
5750125937.5,-34.47929
5750126875.0,-34.4743
5750127812.5,-34.47993
5750128750.0,-34.47668
5750129687.5,-34.48492
5750130625.0,-34.48309
5750131562.5,-34.47214
5750132500.0,-34.47964
5750133437.5,-34.47521
5750134375.0,-34.47815
5750135312.5,-34.47948
5750136250.0,-34.47848
5750137187.5,-34.47915
5750138125.0,-34.48459
5750139062.5,-34.47246
5750140000.0,-34.47245
5750140937.5,-34.47377
5750141875.0,-34.47016
5750142812.5,-34.47319
5750143750.0,-34.46073
5750144687.5,-34.46636
5750145625.0,-34.46507
5750146562.5,-34.46456
5750147500.0,-34.47316
5750148437.5,-34.46046
5750149375.0,-34.45681
5750150312.5,-34.45922
5750151250.0,-34.46037
5750152187.5,-34.46382
5750153125.0,-34.45835
5750154062.5,-34.46078
5750155000.0,-34.45922
5750155937.5,-34.45246
5750156875.0,-34.45333
5750157812.5,-34.45793
5750158750.0,-34.44324
5750159687.5,-34.45179
5750160625.0,-34.45046
5750161562.5,-34.44885
5750162500.0,-34.45153
5750163437.5,-34.45422
5750164375.0,-34.44554
5750165312.5,-34.45089
5750166250.0,-34.45062
5750167187.5,-34.44604
5750168125.0,-34.4473
5750169062.5,-34.44177
5750170000.0,-34.44538
5750170937.5,-34.43493
5750171875.0,-34.43216
5750172812.5,-34.43531
5750173750.0,-34.44377
5750174687.5,-34.43704
5750175625.0,-34.43105
5750176562.5,-34.43001
5750177500.0,-34.43181
5750178437.5,-34.42831
5750179375.0,-34.41868
5750180312.5,-34.4378
5750181250.0,-34.42449
5750182187.5,-34.42556
5750183125.0,-34.41466
5750184062.5,-34.42411
5750185000.0,-34.4272
5750185937.5,-34.41687
5750186875.0,-34.41873
5750187812.5,-34.42213
5750188750.0,-34.41348
5750189687.5,-34.41893
5750190625.0,-34.40958
5750191562.5,-34.41327
5750192500.0,-34.41928
5750193437.5,-34.40908
5750194375.0,-34.40921
5750195312.5,-34.40304
5750196250.0,-34.41504
5750197187.5,-34.4052
5750198125.0,-34.40927
5750199062.5,-34.40673
5750200000.0,-34.40198
5750200937.5,-34.39864
5750201875.0,-34.40054
5750202812.5,-34.39844
5750203750.0,-34.40463
5750204687.5,-34.40171
5750205625.0,-34.39901
5750206562.5,-34.39252
5750207500.0,-34.4
5750208437.5,-34.39876
5750209375.0,-34.39171
5750210312.5,-34.4018
5750211250.0,-34.39968
5750212187.5,-34.39297
5750213125.0,-34.39822
5750214062.5,-34.3863
5750215000.0,-34.3889
5750215937.5,-34.38626
5750216875.0,-34.39159
5750217812.5,-34.39088
5750218750.0,-34.3709
5750219687.5,-34.37396
5750220625.0,-34.38699
5750221562.5,-34.37881
5750222500.0,-34.37968
5750223437.5,-34.38935
5750224375.0,-34.36483
5750225312.5,-34.37494
5750226250.0,-34.37066
5750227187.5,-34.37692
5750228125.0,-34.37861
5750229062.5,-34.37289
5750230000.0,-34.3735
5750230937.5,-34.36974
5750231875.0,-34.35699
5750232812.5,-34.36097
5750233750.0,-34.35674
5750234687.5,-34.36536
5750235625.0,-34.36765
5750236562.5,-34.35855
5750237500.0,-34.35705
5750238437.5,-34.35747
5750239375.0,-34.36797
5750240312.5,-34.35467
5750241250.0,-34.35063
5750242187.5,-34.35647
5750243125.0,-34.35672
5750244062.5,-34.34259
5750245000.0,-34.35256
5750245937.5,-34.35111
5750246875.0,-34.35896
5750247812.5,-34.349
5750248750.0,-34.35429
5750249687.5,-34.35595
5750250625.0,-34.35474
5750251562.5,-34.34486
5750252500.0,-34.33912
5750253437.5,-34.34346
5750254375.0,-34.34016
5750255312.5,-34.33849
5750256250.0,-34.34399
5750257187.5,-34.33769
5750258125.0,-34.33758
5750259062.5,-34.34034
5750260000.0,-34.33981
5750260937.5,-34.33529
5750261875.0,-34.34247
5750262812.5,-34.34486
5750263750.0,-34.33265
5750264687.5,-34.33289
5750265625.0,-34.32587
5750266562.5,-34.32936
5750267500.0,-34.32969
5750268437.5,-34.33073
5750269375.0,-34.33078
5750270312.5,-34.33726
5750271250.0,-34.32893
5750272187.5,-34.32943
5750273125.0,-34.31853
5750274062.5,-34.32442
5750275000.0,-34.31969
5750275937.5,-34.31346
5750276875.0,-34.31374
5750277812.5,-34.32972
5750278750.0,-34.31799
5750279687.5,-34.31697
5750280625.0,-34.31999
5750281562.5,-34.30993
5750282500.0,-34.31314
5750283437.5,-34.30972
5750284375.0,-34.31086
5750285312.5,-34.30927
5750286250.0,-34.30283
5750287187.5,-34.31061
5750288125.0,-34.3144
5750289062.5,-34.30717
5750290000.0,-34.29911
5750290937.5,-34.29678
5750291875.0,-34.30859
5750292812.5,-34.29901
5750293750.0,-34.30978
5750294687.5,-34.28779
5750295625.0,-34.30612
5750296562.5,-34.29779
5750297500.0,-34.291
5750298437.5,-34.29465
5750299375.0,-34.28838
5750300312.5,-34.29129
5750301250.0,-34.29763
5750302187.5,-34.28312
5750303125.0,-34.29482
5750304062.5,-34.28058
5750305000.0,-34.29125
5750305937.5,-34.28248
5750306875.0,-34.2924
5750307812.5,-34.28935
5750308750.0,-34.28673
5750309687.5,-34.28231
5750310625.0,-34.27938
5750311562.5,-34.27523
5750312500.0,-34.27724
5750313437.5,-34.27494
5750314375.0,-34.28569
5750315312.5,-34.27408
5750316250.0,-34.27763
5750317187.5,-34.26711
5750318125.0,-34.28117
5750319062.5,-34.26678
5750320000.0,-34.27476
5750320937.5,-34.26413
5750321875.0,-34.27543
5750322812.5,-34.27172
5750323750.0,-34.2657
5750324687.5,-34.26638
5750325625.0,-34.26215
5750326562.5,-34.26496
5750327500.0,-34.25816
5750328437.5,-34.25691
5750329375.0,-34.26981
5750330312.5,-34.25849
5750331250.0,-34.2599
5750332187.5,-34.26161
5750333125.0,-34.25684
5750334062.5,-34.25741
5750335000.0,-34.25449
5750335937.5,-34.25117
5750336875.0,-34.25652
5750337812.5,-34.24983
5750338750.0,-34.25121
5750339687.5,-34.2506
5750340625.0,-34.24532
5750341562.5,-34.24889
5750342500.0,-34.2397
5750343437.5,-34.24978
5750344375.0,-34.24279
5750345312.5,-34.24513
5750346250.0,-34.25058
5750347187.5,-34.24785
5750348125.0,-34.2469
5750349062.5,-34.24688
5750350000.0,-34.24145
5750350937.5,-34.234
5750351875.0,-34.23916
5750352812.5,-34.23224
5750353750.0,-34.2241
5750354687.5,-34.22912
5750355625.0,-34.23955
5750356562.5,-34.22392
5750357500.0,-34.22188
5750358437.5,-34.23291
5750359375.0,-34.22465
5750360312.5,-34.22207
5750361250.0,-34.22115
5750362187.5,-34.22861
5750363125.0,-34.22246
5750364062.5,-34.2227
5750365000.0,-34.22067
5750365937.5,-34.22612
5750366875.0,-34.21449
5750367812.5,-34.21447
5750368750.0,-34.21077
5750369687.5,-34.21529
5750370625.0,-34.21662
5750371562.5,-34.21028
5750372500.0,-34.21592
5750373437.5,-34.21069
5750374375.0,-34.21181
5750375312.5,-34.21082
5750376250.0,-34.20559
5750377187.5,-34.22168
5750378125.0,-34.21074
5750379062.5,-34.21006
5750380000.0,-34.194
5750380937.5,-34.20142
5750381875.0,-34.19226
5750382812.5,-34.20051
5750383750.0,-34.20227
5750384687.5,-34.20099
5750385625.0,-34.20027
5750386562.5,-34.19294
5750387500.0,-34.19337
5750388437.5,-34.20313
5750389375.0,-34.19594
5750390312.5,-34.18508
5750391250.0,-34.18493
5750392187.5,-34.18984
5750393125.0,-34.19139
5750394062.5,-34.19512
5750395000.0,-34.18403
5750395937.5,-34.17723
5750396875.0,-34.17693
5750397812.5,-34.17422
5750398750.0,-34.18058
5750399687.5,-34.18209
5750400625.0,-34.17913
5750401562.5,-34.1748
5750402500.0,-34.18215
5750403437.5,-34.18856
5750404375.0,-34.17155
5750405312.5,-34.18653
5750406250.0,-34.16996
5750407187.5,-34.16786
5750408125.0,-34.17356
5750409062.5,-34.17536
5750410000.0,-34.17345
5750410937.5,-34.16746
5750411875.0,-34.16584
5750412812.5,-34.16357
5750413750.0,-34.17002
5750414687.5,-34.16369
5750415625.0,-34.17086
5750416562.5,-34.1629
5750417500.0,-34.16193
5750418437.5,-34.1559
5750419375.0,-34.16712
5750420312.5,-34.15528
5750421250.0,-34.16115
5750422187.5,-34.1579
5750423125.0,-34.15842
5750424062.5,-34.15368
5750425000.0,-34.14862
5750425937.5,-34.15236
5750426875.0,-34.14616
5750427812.5,-34.14493
5750428750.0,-34.13649
5750429687.5,-34.14056
5750430625.0,-34.14635
5750431562.5,-34.14248
5750432500.0,-34.13896
5750433437.5,-34.14201
5750434375.0,-34.14436
5750435312.5,-34.14347
5750436250.0,-34.14254
5750437187.5,-34.13616
5750438125.0,-34.14388
5750439062.5,-34.14024
5750440000.0,-34.13115
5750440937.5,-34.13051
5750441875.0,-34.13588
5750442812.5,-34.13322
5750443750.0,-34.12482
5750444687.5,-34.13271
5750445625.0,-34.13146
5750446562.5,-34.13561
5750447500.0,-34.13099
5750448437.5,-34.1314
5750449375.0,-34.1216
5750450312.5,-34.12237
5750451250.0,-34.1261
5750452187.5,-34.12944
5750453125.0,-34.12074
5750454062.5,-34.13153
5750455000.0,-34.12121
5750455937.5,-34.1125
5750456875.0,-34.12209
5750457812.5,-34.11282
5750458750.0,-34.11771
5750459687.5,-34.12183
5750460625.0,-34.11452
5750461562.5,-34.10653
5750462500.0,-34.11079
5750463437.5,-34.12013
5750464375.0,-34.11117
5750465312.5,-34.10655
5750466250.0,-34.11224
5750467187.5,-34.09934
5750468125.0,-34.1068
5750469062.5,-34.10794
5750470000.0,-34.09903
5750470937.5,-34.09852
5750471875.0,-34.10104
5750472812.5,-34.0911
5750473750.0,-34.09226
5750474687.5,-34.09317
5750475625.0,-34.09386
5750476562.5,-34.10471
5750477500.0,-34.09883
5750478437.5,-34.09449
5750479375.0,-34.09571
5750480312.5,-34.08383
5750481250.0,-34.08693
5750482187.5,-34.08926
5750483125.0,-34.08458
5750484062.5,-34.08976
5750485000.0,-34.08457
5750485937.5,-34.08568
5750486875.0,-34.0805
5750487812.5,-34.08153
5750488750.0,-34.0818
5750489687.5,-34.07887
5750490625.0,-34.08096
5750491562.5,-34.08039
5750492500.0,-34.07751
5750493437.5,-34.08279
5750494375.0,-34.07628
5750495312.5,-34.08
5750496250.0,-34.07172
5750497187.5,-34.07241
5750498125.0,-34.0692
5750499062.5,-34.06519
5750500000.0,-34.07859
5750500937.5,-34.06447
5750501875.0,-34.08068
5750502812.5,-34.06633
5750503750.0,-34.06086
5750504687.5,-34.05653
5750505625.0,-34.06479
5750506562.5,-34.06108
5750507500.0,-34.07357
5750508437.5,-34.06262
5750509375.0,-34.06772
5750510312.5,-34.05935
5750511250.0,-34.0563
5750512187.5,-34.05519
5750513125.0,-34.04696
5750514062.5,-34.05278
5750515000.0,-34.05421
5750515937.5,-34.0518
5750516875.0,-34.04759
5750517812.5,-34.04302
5750518750.0,-34.04603
5750519687.5,-34.04063
5750520625.0,-34.04516
5750521562.5,-34.03711
5750522500.0,-34.04118
5750523437.5,-34.03777
5750524375.0,-34.03773
5750525312.5,-34.04436
5750526250.0,-34.04136
5750527187.5,-34.03846
5750528125.0,-34.0379
5750529062.5,-34.03051
5750530000.0,-34.02803
5750530937.5,-34.03568
5750531875.0,-34.02774
5750532812.5,-34.02661
5750533750.0,-34.03571
5750534687.5,-34.03514
5750535625.0,-34.02935
5750536562.5,-34.02639
5750537500.0,-34.03871
5750538437.5,-34.02199
5750539375.0,-34.02143
5750540312.5,-34.02636
5750541250.0,-34.02014
5750542187.5,-34.02425
5750543125.0,-34.01788
5750544062.5,-34.01947
5750545000.0,-34.02445
5750545937.5,-34.01222
5750546875.0,-34.00986
5750547812.5,-34.02177
5750548750.0,-34.01295
5750549687.5,-34.01598
5750550625.0,-34.01816
5750551562.5,-34.01931
5750552500.0,-34.01095
5750553437.5,-34.0095
5750554375.0,-33.99869
5750555312.5,-34.00725
5750556250.0,-34.00014
5750557187.5,-34.00142
5750558125.0,-34.00183
5750559062.5,-33.99974
5750560000.0,-34.00892
5750560937.5,-34.00018
5750561875.0,-34.00145
5750562812.5,-33.99399
5750563750.0,-34.00676
5750564687.5,-33.99981
5750565625.0,-33.99754
5750566562.5,-33.99412
5750567500.0,-33.99731
5750568437.5,-33.99175
5750569375.0,-33.99645
5750570312.5,-33.99201
5750571250.0,-33.98768
5750572187.5,-33.98252
5750573125.0,-33.98933
5750574062.5,-33.98454
5750575000.0,-33.97938
5750575937.5,-33.98767
5750576875.0,-33.98342
5750577812.5,-33.97498
5750578750.0,-33.97138
5750579687.5,-33.97945
5750580625.0,-33.98107
5750581562.5,-33.97979
5750582500.0,-33.97518
5750583437.5,-33.97273
5750584375.0,-33.97124
5750585312.5,-33.97441
5750586250.0,-33.97325
5750587187.5,-33.97062
5750588125.0,-33.96861
5750589062.5,-33.96843
5750590000.0,-33.97198
5750590937.5,-33.96421
5750591875.0,-33.9751
5750592812.5,-33.95998
5750593750.0,-33.96503
5750594687.5,-33.96005
5750595625.0,-33.95895
5750596562.5,-33.9614
5750597500.0,-33.9598
5750598437.5,-33.95804
5750599375.0,-33.95785
5750600312.5,-33.95043
5750601250.0,-33.95539
5750602187.5,-33.95261
5750603125.0,-33.96046
5750604062.5,-33.9535
5750605000.0,-33.94936
5750605937.5,-33.95132
5750606875.0,-33.95388
5750607812.5,-33.95207
5750608750.0,-33.94902
5750609687.5,-33.95576
5750610625.0,-33.9412
5750611562.5,-33.93948
5750612500.0,-33.94359
5750613437.5,-33.93877
5750614375.0,-33.94153
5750615312.5,-33.94471
5750616250.0,-33.93917
5750617187.5,-33.94555
5750618125.0,-33.93109
5750619062.5,-33.93941
5750620000.0,-33.93639
5750620937.5,-33.93304
5750621875.0,-33.92462
5750622812.5,-33.92499
5750623750.0,-33.93083
5750624687.5,-33.92873
5750625625.0,-33.92524
5750626562.5,-33.91862
5750627500.0,-33.92961
5750628437.5,-33.91463
5750629375.0,-33.91866
5750630312.5,-33.92161
5750631250.0,-33.9242
5750632187.5,-33.91582
5750633125.0,-33.93206
5750634062.5,-33.92455
5750635000.0,-33.91768
5750635937.5,-33.91375
5750636875.0,-33.91371
5750637812.5,-33.91115
5750638750.0,-33.92304
5750639687.5,-33.91484
5750640625.0,-33.91597
5750641562.5,-33.91619
5750642500.0,-33.90763
5750643437.5,-33.90114
5750644375.0,-33.89719
5750645312.5,-33.90586
5750646250.0,-33.91045
5750647187.5,-33.89897
5750648125.0,-33.90123
5750649062.5,-33.89983
5750650000.0,-33.90625
5750650937.5,-33.90768
5750651875.0,-33.8986
5750652812.5,-33.89289
5750653750.0,-33.90232
5750654687.5,-33.88987
5750655625.0,-33.89144
5750656562.5,-33.88863
5750657500.0,-33.89515
5750658437.5,-33.89165
5750659375.0,-33.8759
5750660312.5,-33.89061
5750661250.0,-33.88954
5750662187.5,-33.88475
5750663125.0,-33.89149
5750664062.5,-33.89363
5750665000.0,-33.89152
5750665937.5,-33.89128
5750666875.0,-33.88513
5750667812.5,-33.87463
5750668750.0,-33.88188
5750669687.5,-33.88604
5750670625.0,-33.87683
5750671562.5,-33.8801
5750672500.0,-33.87691
5750673437.5,-33.87744
5750674375.0,-33.86853
5750675312.5,-33.86658
5750676250.0,-33.86615
5750677187.5,-33.86221
5750678125.0,-33.86673
5750679062.5,-33.86518
5750680000.0,-33.86933
5750680937.5,-33.86663
5750681875.0,-33.86427
5750682812.5,-33.86399
5750683750.0,-33.85555
5750684687.5,-33.86574
5750685625.0,-33.86748
5750686562.5,-33.85646
5750687500.0,-33.86058
5750688437.5,-33.85906
5750689375.0,-33.85805
5750690312.5,-33.85387
5750691250.0,-33.86253
5750692187.5,-33.85785
5750693125.0,-33.85232
5750694062.5,-33.8534
5750695000.0,-33.85008
5750695937.5,-33.85083
5750696875.0,-33.84674
5750697812.5,-33.84577
5750698750.0,-33.84845
5750699687.5,-33.84474
5750700625.0,-33.83838
5750701562.5,-33.84049
5750702500.0,-33.84314
5750703437.5,-33.84019
5750704375.0,-33.8439
5750705312.5,-33.83911
5750706250.0,-33.83657
5750707187.5,-33.83963
5750708125.0,-33.83447
5750709062.5,-33.83475
5750710000.0,-33.83049
5750710937.5,-33.83747
5750711875.0,-33.83745
5750712812.5,-33.83097
5750713750.0,-33.83342
5750714687.5,-33.82719
5750715625.0,-33.82873
5750716562.5,-33.82566
5750717500.0,-33.81917
5750718437.5,-33.83033
5750719375.0,-33.82444
5750720312.5,-33.81567
5750721250.0,-33.81716
5750722187.5,-33.81333
5750723125.0,-33.82319
5750724062.5,-33.81615
5750725000.0,-33.81213
5750725937.5,-33.81643
5750726875.0,-33.81519
5750727812.5,-33.81177
5750728750.0,-33.81293
5750729687.5,-33.81583
5750730625.0,-33.80162
5750731562.5,-33.80708
5750732500.0,-33.80421
5750733437.5,-33.80354
5750734375.0,-33.80371
5750735312.5,-33.80802
5750736250.0,-33.79962
5750737187.5,-33.79538
5750738125.0,-33.80084
5750739062.5,-33.79655
5750740000.0,-33.79434
5750740937.5,-33.80003
5750741875.0,-33.8018
5750742812.5,-33.79317
5750743750.0,-33.79258
5750744687.5,-33.79496
5750745625.0,-33.79276
5750746562.5,-33.7822
5750747500.0,-33.78999
5750748437.5,-33.79586
5750749375.0,-33.78303
5750750312.5,-33.79302
5750751250.0,-33.77951
5750752187.5,-33.78786
5750753125.0,-33.79417
5750754062.5,-33.77808
5750755000.0,-33.78616
5750755937.5,-33.77276
5750756875.0,-33.78236
5750757812.5,-33.78479
5750758750.0,-33.76962
5750759687.5,-33.76767
5750760625.0,-33.78294
5750761562.5,-33.76961
5750762500.0,-33.77718
5750763437.5,-33.76416
5750764375.0,-33.77217
5750765312.5,-33.76919
5750766250.0,-33.77417
5750767187.5,-33.76015
5750768125.0,-33.7668
5750769062.5,-33.77071
5750770000.0,-33.76571
5750770937.5,-33.76587
5750771875.0,-33.76101
5750772812.5,-33.75605
5750773750.0,-33.76085
5750774687.5,-33.75283
5750775625.0,-33.75619
5750776562.5,-33.76178
5750777500.0,-33.76245
5750778437.5,-33.75654
5750779375.0,-33.75653
5750780312.5,-33.75441
5750781250.0,-33.76159
5750782187.5,-33.75301
5750783125.0,-33.74478
5750784062.5,-33.7468
5750785000.0,-33.7474
5750785937.5,-33.74065
5750786875.0,-33.74604
5750787812.5,-33.73733
5750788750.0,-33.74795
5750789687.5,-33.74145
5750790625.0,-33.73235
5750791562.5,-33.73978
5750792500.0,-33.73494
5750793437.5,-33.73531
5750794375.0,-33.73874
5750795312.5,-33.7419
5750796250.0,-33.72732
5750797187.5,-33.73956
5750798125.0,-33.73198
5750799062.5,-33.7319
5750800000.0,-33.73032
5750800937.5,-33.73414
5750801875.0,-33.72203
5750802812.5,-33.72214
5750803750.0,-33.71933
5750804687.5,-33.72589
5750805625.0,-33.72302
5750806562.5,-33.72729
5750807500.0,-33.72432
5750808437.5,-33.72826
5750809375.0,-33.71852
5750810312.5,-33.72025
5750811250.0,-33.71959
5750812187.5,-33.71467
5750813125.0,-33.71247
5750814062.5,-33.71177
5750815000.0,-33.71063
5750815937.5,-33.70938
5750816875.0,-33.70836
5750817812.5,-33.71318
5750818750.0,-33.70611
5750819687.5,-33.71606
5750820625.0,-33.70516
5750821562.5,-33.71455
5750822500.0,-33.71386
5750823437.5,-33.70208
5750824375.0,-33.69812
5750825312.5,-33.7005
5750826250.0,-33.70599
5750827187.5,-33.70257
5750828125.0,-33.69532
5750829062.5,-33.70272
5750830000.0,-33.70229
5750830937.5,-33.68909
5750831875.0,-33.68837
5750832812.5,-33.69024
5750833750.0,-33.69004
5750834687.5,-33.68401
5750835625.0,-33.69324
5750836562.5,-33.68351
5750837500.0,-33.68537
5750838437.5,-33.68306
5750839375.0,-33.68134
5750840312.5,-33.68434
5750841250.0,-33.69254
5750842187.5,-33.67924
5750843125.0,-33.68032
5750844062.5,-33.68658
5750845000.0,-33.67532
5750845937.5,-33.67273
5750846875.0,-33.6795
5750847812.5,-33.68081
5750848750.0,-33.68125
5750849687.5,-33.67325
5750850625.0,-33.66986
5750851562.5,-33.67784
5750852500.0,-33.67184
5750853437.5,-33.67511
5750854375.0,-33.67782
5750855312.5,-33.67523
5750856250.0,-33.66429
5750857187.5,-33.66959
5750858125.0,-33.66902
5750859062.5,-33.6623
5750860000.0,-33.65406
5750860937.5,-33.65811
5750861875.0,-33.65707
5750862812.5,-33.66449
5750863750.0,-33.65841
5750864687.5,-33.65048
5750865625.0,-33.65382
5750866562.5,-33.65602
5750867500.0,-33.65246
5750868437.5,-33.65436
5750869375.0,-33.65046
5750870312.5,-33.64856
5750871250.0,-33.65285
5750872187.5,-33.65348
5750873125.0,-33.65591
5750874062.5,-33.64611
5750875000.0,-33.63956
5750875937.5,-33.64695
5750876875.0,-33.65147
5750877812.5,-33.64147
5750878750.0,-33.63942
5750879687.5,-33.63971
5750880625.0,-33.64135
5750881562.5,-33.64505
5750882500.0,-33.63462
5750883437.5,-33.64182
5750884375.0,-33.63041
5750885312.5,-33.62885
5750886250.0,-33.63775
5750887187.5,-33.62912
5750888125.0,-33.63462
5750889062.5,-33.62943
5750890000.0,-33.63173
5750890937.5,-33.6347
5750891875.0,-33.62579
5750892812.5,-33.62683
5750893750.0,-33.62836
5750894687.5,-33.62041
5750895625.0,-33.6161
5750896562.5,-33.62555
5750897500.0,-33.63348
5750898437.5,-33.62323
5750899375.0,-33.6221
5750900312.5,-33.60874
5750901250.0,-33.61182
5750902187.5,-33.61393
5750903125.0,-33.615
5750904062.5,-33.61392
5750905000.0,-33.60763
5750905937.5,-33.61449
5750906875.0,-33.59992
5750907812.5,-33.61809
5750908750.0,-33.61266
5750909687.5,-33.59513
5750910625.0,-33.60113
5750911562.5,-33.61086
5750912500.0,-33.6055
5750913437.5,-33.59845
5750914375.0,-33.59756
5750915312.5,-33.60472
5750916250.0,-33.59198
5750917187.5,-33.58678
5750918125.0,-33.5919
5750919062.5,-33.59159
5750920000.0,-33.5928
5750920937.5,-33.59531
5750921875.0,-33.59405
5750922812.5,-33.59107
5750923750.0,-33.5956
5750924687.5,-33.58276
5750925625.0,-33.59197
5750926562.5,-33.59177
5750927500.0,-33.59018
5750928437.5,-33.582
5750929375.0,-33.58588
5750930312.5,-33.58651
5750931250.0,-33.57484
5750932187.5,-33.58265
5750933125.0,-33.57626
5750934062.5,-33.58858
5750935000.0,-33.57501
5750935937.5,-33.57213
5750936875.0,-33.57359
5750937812.5,-33.5811
5750938750.0,-33.57894
5750939687.5,-33.57132
5750940625.0,-33.56377
5750941562.5,-33.5704
5750942500.0,-33.5685
5750943437.5,-33.56601
5750944375.0,-33.56401
5750945312.5,-33.56638
5750946250.0,-33.56821
5750947187.5,-33.56011
5750948125.0,-33.57574
5750949062.5,-33.55877
5750950000.0,-33.5561
5750950937.5,-33.56261
5750951875.0,-33.56215
5750952812.5,-33.56287
5750953750.0,-33.55375
5750954687.5,-33.55524
5750955625.0,-33.55463
5750956562.5,-33.56284
5750957500.0,-33.54327
5750958437.5,-33.55587
5750959375.0,-33.54509
5750960312.5,-33.5504
5750961250.0,-33.54865
5750962187.5,-33.54979
5750963125.0,-33.55029
5750964062.5,-33.54278
5750965000.0,-33.54
5750965937.5,-33.5429
5750966875.0,-33.54449
5750967812.5,-33.54009
5750968750.0,-33.54491
5750969687.5,-33.53867
5750970625.0,-33.53293
5750971562.5,-33.53905
5750972500.0,-33.53801
5750973437.5,-33.52961
5750974375.0,-33.53221
5750975312.5,-33.53284
5750976250.0,-33.53665
5750977187.5,-33.53841
5750978125.0,-33.53073
5750979062.5,-33.52529
5750980000.0,-33.53019
5750980937.5,-33.52573
5750981875.0,-33.52803
5750982812.5,-33.52283
5750983750.0,-33.52947
5750984687.5,-33.52361
5750985625.0,-33.52262
5750986562.5,-33.52571
5750987500.0,-33.51753
5750988437.5,-33.51818
5750989375.0,-33.51704
5750990312.5,-33.51579
5750991250.0,-33.51522
5750992187.5,-33.50622
5750993125.0,-33.50333
5750994062.5,-33.51253
5750995000.0,-33.50797
5750995937.5,-33.5123
5750996875.0,-33.51556
5750997812.5,-33.50407
5750998750.0,-33.49784
5750999687.5,-33.50111
5751000625.0,-33.50594
5751001562.5,-33.50002
5751002500.0,-33.50963
5751003437.5,-33.50279
5751004375.0,-33.50215
5751005312.5,-33.50842
5751006250.0,-33.49296
5751007187.5,-33.49517
5751008125.0,-33.49787
5751009062.5,-33.50044
5751010000.0,-33.49585
5751010937.5,-33.49974
5751011875.0,-33.48129
5751012812.5,-33.49402
5751013750.0,-33.48395
5751014687.5,-33.49047
5751015625.0,-33.4856
5751016562.5,-33.49331
5751017500.0,-33.4889
5751018437.5,-33.49097
5751019375.0,-33.48263
5751020312.5,-33.47135
5751021250.0,-33.47423
5751022187.5,-33.47111
5751023125.0,-33.48098
5751024062.5,-33.47972
5751025000.0,-33.48132
5751025937.5,-33.48516
5751026875.0,-33.47737
5751027812.5,-33.47173
5751028750.0,-33.47413
5751029687.5,-33.4723
5751030625.0,-33.47444
5751031562.5,-33.47754
5751032500.0,-33.47449
5751033437.5,-33.4655
5751034375.0,-33.46184
5751035312.5,-33.461
5751036250.0,-33.46764
5751037187.5,-33.46281
5751038125.0,-33.46078
5751039062.5,-33.46326
5751040000.0,-33.46165
5751040937.5,-33.45922
5751041875.0,-33.45657
5751042812.5,-33.45322
5751043750.0,-33.45716
5751044687.5,-33.45214
5751045625.0,-33.45515
5751046562.5,-33.44987
5751047500.0,-33.45122
5751048437.5,-33.44811
5751049375.0,-33.43935
5751050312.5,-33.44638
5751051250.0,-33.4455
5751052187.5,-33.44682
5751053125.0,-33.44626
5751054062.5,-33.44035
5751055000.0,-33.44709
5751055937.5,-33.44476
5751056875.0,-33.44488
5751057812.5,-33.43766
5751058750.0,-33.43725
5751059687.5,-33.43489
5751060625.0,-33.43541
5751061562.5,-33.43256
5751062500.0,-33.43452
5751063437.5,-33.4409
5751064375.0,-33.42584
5751065312.5,-33.43852
5751066250.0,-33.43094
5751067187.5,-33.43201
5751068125.0,-33.42571
5751069062.5,-33.42538
5751070000.0,-33.42522
5751070937.5,-33.42323
5751071875.0,-33.42295
5751072812.5,-33.43185
5751073750.0,-33.42771
5751074687.5,-33.42237
5751075625.0,-33.41993
5751076562.5,-33.41855
5751077500.0,-33.41983
5751078437.5,-33.42297
5751079375.0,-33.41189
5751080312.5,-33.41611
5751081250.0,-33.40751
5751082187.5,-33.41435
5751083125.0,-33.40992
5751084062.5,-33.40689
5751085000.0,-33.41868
5751085937.5,-33.40064
5751086875.0,-33.40896
5751087812.5,-33.39328
5751088750.0,-33.40171
5751089687.5,-33.40827
5751090625.0,-33.40012
5751091562.5,-33.40578
5751092500.0,-33.39984
5751093437.5,-33.40085
5751094375.0,-33.3977
5751095312.5,-33.39317
5751096250.0,-33.39482
5751097187.5,-33.39281
5751098125.0,-33.38902
5751099062.5,-33.39738
5751100000.0,-33.39355
5751100937.5,-33.39232
5751101875.0,-33.39265
5751102812.5,-33.38005
5751103750.0,-33.38499
5751104687.5,-33.38604
5751105625.0,-33.38596
5751106562.5,-33.38519
5751107500.0,-33.39517
5751108437.5,-33.37535
5751109375.0,-33.38766
5751110312.5,-33.38066
5751111250.0,-33.38664
5751112187.5,-33.37604
5751113125.0,-33.38282
5751114062.5,-33.37517
5751115000.0,-33.37253
5751115937.5,-33.37029
5751116875.0,-33.37539
5751117812.5,-33.37403
5751118750.0,-33.37676
5751119687.5,-33.3684
5751120625.0,-33.37189
5751121562.5,-33.36235
5751122500.0,-33.37114
5751123437.5,-33.37181
5751124375.0,-33.36296
5751125312.5,-33.37082
5751126250.0,-33.35834
5751127187.5,-33.36326
5751128125.0,-33.36702
5751129062.5,-33.36073
5751130000.0,-33.35577
5751130937.5,-33.35096
5751131875.0,-33.35147
5751132812.5,-33.34753
5751133750.0,-33.35524
5751134687.5,-33.35055
5751135625.0,-33.35177
5751136562.5,-33.35271
5751137500.0,-33.34959
5751138437.5,-33.35083
5751139375.0,-33.34898
5751140312.5,-33.34213
5751141250.0,-33.34414
5751142187.5,-33.34549
5751143125.0,-33.33289
5751144062.5,-33.34638
5751145000.0,-33.3379
5751145937.5,-33.33838
5751146875.0,-33.33759
5751147812.5,-33.33453
5751148750.0,-33.33867
5751149687.5,-33.32701
5751150625.0,-33.3287
5751151562.5,-33.33024
5751152500.0,-33.33544
5751153437.5,-33.33221
5751154375.0,-33.33884
5751155312.5,-33.32436
5751156250.0,-33.32901
5751157187.5,-33.32589
5751158125.0,-33.31812
5751159062.5,-33.32145
5751160000.0,-33.33025
5751160937.5,-33.32098
5751161875.0,-33.32531
5751162812.5,-33.32865
5751163750.0,-33.31864
5751164687.5,-33.31755
5751165625.0,-33.3162
5751166562.5,-33.30497
5751167500.0,-33.31691
5751168437.5,-33.31187
5751169375.0,-33.31468
5751170312.5,-33.31047
5751171250.0,-33.31532
5751172187.5,-33.30412
5751173125.0,-33.30925
5751174062.5,-33.30693
5751175000.0,-33.29978
5751175937.5,-33.30438
5751176875.0,-33.30631
5751177812.5,-33.3062
5751178750.0,-33.30703
5751179687.5,-33.30344
5751180625.0,-33.30652
5751181562.5,-33.29533
5751182500.0,-33.30059
5751183437.5,-33.29723
5751184375.0,-33.30271
5751185312.5,-33.2969
5751186250.0,-33.29156
5751187187.5,-33.29644
5751188125.0,-33.2865
5751189062.5,-33.28687
5751190000.0,-33.28192
5751190937.5,-33.27637
5751191875.0,-33.29269
5751192812.5,-33.28902
5751193750.0,-33.28841
5751194687.5,-33.28502
5751195625.0,-33.28046
5751196562.5,-33.27768
5751197500.0,-33.27612
5751198437.5,-33.27915
5751199375.0,-33.27791
5751200312.5,-33.27586
5751201250.0,-33.28014
5751202187.5,-33.27962
5751203125.0,-33.27568
5751204062.5,-33.27228
5751205000.0,-33.26792
5751205937.5,-33.26723
5751206875.0,-33.26761
5751207812.5,-33.26287
5751208750.0,-33.27089
5751209687.5,-33.26297
5751210625.0,-33.26966
5751211562.5,-33.26047
5751212500.0,-33.26127
5751213437.5,-33.25838
5751214375.0,-33.26687
5751215312.5,-33.25881
5751216250.0,-33.25775
5751217187.5,-33.26205
5751218125.0,-33.26312
5751219062.5,-33.25834
5751220000.0,-33.24823
5751220937.5,-33.25377
5751221875.0,-33.25589
5751222812.5,-33.25389
5751223750.0,-33.25879
5751224687.5,-33.25579
5751225625.0,-33.24775
5751226562.5,-33.25096
5751227500.0,-33.24367
5751228437.5,-33.24797
5751229375.0,-33.241
5751230312.5,-33.25276
5751231250.0,-33.25007
5751232187.5,-33.24317
5751233125.0,-33.24043
5751234062.5,-33.23799
5751235000.0,-33.22625
5751235937.5,-33.24187
5751236875.0,-33.23302
5751237812.5,-33.23737
5751238750.0,-33.24354
5751239687.5,-33.2332
5751240625.0,-33.22915
5751241562.5,-33.23192
5751242500.0,-33.23032
5751243437.5,-33.22633
5751244375.0,-33.22537
5751245312.5,-33.22905
5751246250.0,-33.22985
5751247187.5,-33.22641
5751248125.0,-33.22547
5751249062.5,-33.2177
5751250000.0,-33.23159
5751250937.5,-33.22012
5751251875.0,-33.22111
5751252812.5,-33.22117
5751253750.0,-33.21724
5751254687.5,-33.22449
5751255625.0,-33.21622
5751256562.5,-33.21176
5751257500.0,-33.22359
5751258437.5,-33.22124
5751259375.0,-33.20758
5751260312.5,-33.20515
5751261250.0,-33.21284
5751262187.5,-33.21078
5751263125.0,-33.20834
5751264062.5,-33.20181
5751265000.0,-33.21267
5751265937.5,-33.20572
5751266875.0,-33.2082
5751267812.5,-33.20189
5751268750.0,-33.19376
5751269687.5,-33.19897
5751270625.0,-33.20582
5751271562.5,-33.19647
5751272500.0,-33.19444
5751273437.5,-33.1982
5751274375.0,-33.19468
5751275312.5,-33.19432
5751276250.0,-33.20219
5751277187.5,-33.19203
5751278125.0,-33.19335
5751279062.5,-33.18897
5751280000.0,-33.18969
5751280937.5,-33.18626
5751281875.0,-33.1785
5751282812.5,-33.18936
5751283750.0,-33.18578
5751284687.5,-33.1809
5751285625.0,-33.17782
5751286562.5,-33.17772
5751287500.0,-33.18435
5751288437.5,-33.18296
5751289375.0,-33.17287
5751290312.5,-33.17435
5751291250.0,-33.18266
5751292187.5,-33.17885
5751293125.0,-33.17696
5751294062.5,-33.17448
5751295000.0,-33.17677
5751295937.5,-33.17144
5751296875.0,-33.1719
5751297812.5,-33.1671
5751298750.0,-33.16975
5751299687.5,-33.16701
5751300625.0,-33.16244
5751301562.5,-33.16235
5751302500.0,-33.16472
5751303437.5,-33.15861
5751304375.0,-33.15792
5751305312.5,-33.16049
5751306250.0,-33.15065
5751307187.5,-33.15548
5751308125.0,-33.15603
5751309062.5,-33.16034
5751310000.0,-33.15911
5751310937.5,-33.15419
5751311875.0,-33.15216
5751312812.5,-33.14839
5751313750.0,-33.14745
5751314687.5,-33.15325
5751315625.0,-33.13845
5751316562.5,-33.14714
5751317500.0,-33.14297
5751318437.5,-33.13658
5751319375.0,-33.1381
5751320312.5,-33.14655
5751321250.0,-33.13665
5751322187.5,-33.13091
5751323125.0,-33.14383
5751324062.5,-33.14002
5751325000.0,-33.14344
5751325937.5,-33.13938
5751326875.0,-33.13935
5751327812.5,-33.13633
5751328750.0,-33.13427
5751329687.5,-33.13034
5751330625.0,-33.12167
5751331562.5,-33.12991
5751332500.0,-33.13662
5751333437.5,-33.12669
5751334375.0,-33.12451
5751335312.5,-33.12523
5751336250.0,-33.12308
5751337187.5,-33.12859
5751338125.0,-33.118
5751339062.5,-33.11697
5751340000.0,-33.11703
5751340937.5,-33.12925
5751341875.0,-33.11618
5751342812.5,-33.11781
5751343750.0,-33.11878
5751344687.5,-33.1114
5751345625.0,-33.11169
5751346562.5,-33.11691
5751347500.0,-33.1137
5751348437.5,-33.11364
5751349375.0,-33.10965
5751350312.5,-33.11208
5751351250.0,-33.11354
5751352187.5,-33.10713
5751353125.0,-33.10849
5751354062.5,-33.11592
5751355000.0,-33.10728
5751355937.5,-33.10254
5751356875.0,-33.10067
5751357812.5,-33.09913
5751358750.0,-33.09928
5751359687.5,-33.09352
5751360625.0,-33.09661
5751361562.5,-33.09546
5751362500.0,-33.09332
5751363437.5,-33.09557
5751364375.0,-33.08758
5751365312.5,-33.09443
5751366250.0,-33.09587
5751367187.5,-33.08886
5751368125.0,-33.09039
5751369062.5,-33.0872
5751370000.0,-33.0859
5751370937.5,-33.08213
5751371875.0,-33.08459
5751372812.5,-33.08617
5751373750.0,-33.08629
5751374687.5,-33.08043
5751375625.0,-33.0789
5751376562.5,-33.08026
5751377500.0,-33.07495
5751378437.5,-33.07702
5751379375.0,-33.07803
5751380312.5,-33.07309
5751381250.0,-33.08066
5751382187.5,-33.06113
5751383125.0,-33.07706
5751384062.5,-33.06962
5751385000.0,-33.06753
5751385937.5,-33.08115
5751386875.0,-33.07004
5751387812.5,-33.06761
5751388750.0,-33.07071
5751389687.5,-33.06182
5751390625.0,-33.06388
5751391562.5,-33.05279
5751392500.0,-33.06364
5751393437.5,-33.06592
5751394375.0,-33.05695
5751395312.5,-33.05968
5751396250.0,-33.05439
5751397187.5,-33.05308
5751398125.0,-33.05066
5751399062.5,-33.06617
5751400000.0,-33.0491
5751400937.5,-33.06086
5751401875.0,-33.05506
5751402812.5,-33.05453
5751403750.0,-33.05033
5751404687.5,-33.0415
5751405625.0,-33.04811
5751406562.5,-33.04939
5751407500.0,-33.04852
5751408437.5,-33.04728
5751409375.0,-33.04584
5751410312.5,-33.03434
5751411250.0,-33.03791
5751412187.5,-33.03957
5751413125.0,-33.03456
5751414062.5,-33.04409
5751415000.0,-33.03355
5751415937.5,-33.03043
5751416875.0,-33.0399
5751417812.5,-33.02657
5751418750.0,-33.02935
5751419687.5,-33.03011
5751420625.0,-33.0286
5751421562.5,-33.03401
5751422500.0,-33.02767
5751423437.5,-33.03519
5751424375.0,-33.02586
5751425312.5,-33.01897
5751426250.0,-33.0353
5751427187.5,-33.02264
5751428125.0,-33.02425
5751429062.5,-33.0243
5751430000.0,-33.01753
5751430937.5,-33.01358
5751431875.0,-33.01541
5751432812.5,-33.01664
5751433750.0,-33.00952
5751434687.5,-33.01638
5751435625.0,-33.01628
5751436562.5,-33.01284
5751437500.0,-33.01432
5751438437.5,-33.01306
5751439375.0,-33.01058
5751440312.5,-33.00375
5751441250.0,-33.01158
5751442187.5,-33.00236
5751443125.0,-33.00816
5751444062.5,-33.0075
5751445000.0,-33.00035
5751445937.5,-33.00455
5751446875.0,-32.99911
5751447812.5,-33.00155
5751448750.0,-32.98743
5751449687.5,-32.99827
5751450625.0,-32.98581
5751451562.5,-33.00333
5751452500.0,-32.99197
5751453437.5,-32.98613
5751454375.0,-32.9941
5751455312.5,-32.99662
5751456250.0,-32.98842
5751457187.5,-32.98801
5751458125.0,-32.98603
5751459062.5,-32.99039
5751460000.0,-32.98974
5751460937.5,-32.98583
5751461875.0,-32.97803
5751462812.5,-32.98109
5751463750.0,-32.98313
5751464687.5,-32.9838
5751465625.0,-32.97711
5751466562.5,-32.97832
5751467500.0,-32.97457
5751468437.5,-32.97428
5751469375.0,-32.97373
5751470312.5,-32.97662
5751471250.0,-32.97501
5751472187.5,-32.96709
5751473125.0,-32.96801
5751474062.5,-32.96617
5751475000.0,-32.9684
5751475937.5,-32.96831
5751476875.0,-32.96475
5751477812.5,-32.96603
5751478750.0,-32.96761
5751479687.5,-32.96189
5751480625.0,-32.9598
5751481562.5,-32.95912
5751482500.0,-32.95472
5751483437.5,-32.9631
5751484375.0,-32.95584
5751485312.5,-32.96232
5751486250.0,-32.95422
5751487187.5,-32.9581
5751488125.0,-32.95396
5751489062.5,-32.9469
5751490000.0,-32.94514
5751490937.5,-32.95165
5751491875.0,-32.94315
5751492812.5,-32.94653
5751493750.0,-32.94156
5751494687.5,-32.94395
5751495625.0,-32.94155
5751496562.5,-32.94724
5751497500.0,-32.94782
5751498437.5,-32.94829
5751499375.0,-32.94442
5751500312.5,-32.94063
5751501250.0,-32.93724
5751502187.5,-32.93935
5751503125.0,-32.94057
5751504062.5,-32.93063
5751505000.0,-32.94288
5751505937.5,-32.93436
5751506875.0,-32.93142
5751507812.5,-32.93499
5751508750.0,-32.92723
5751509687.5,-32.9296
5751510625.0,-32.93058
5751511562.5,-32.9281
5751512500.0,-32.9239
5751513437.5,-32.92071
5751514375.0,-32.92684
5751515312.5,-32.92275
5751516250.0,-32.91035
5751517187.5,-32.92981
5751518125.0,-32.92736
5751519062.5,-32.91689
5751520000.0,-32.91723
5751520937.5,-32.91815
5751521875.0,-32.91949
5751522812.5,-32.91721
5751523750.0,-32.91862
5751524687.5,-32.91331
5751525625.0,-32.91086
5751526562.5,-32.9096
5751527500.0,-32.89823
5751528437.5,-32.90538
5751529375.0,-32.90606
5751530312.5,-32.90323
5751531250.0,-32.90993
5751532187.5,-32.9105
5751533125.0,-32.90596
5751534062.5,-32.90044
5751535000.0,-32.90039
5751535937.5,-32.91136
5751536875.0,-32.90014
5751537812.5,-32.89827
5751538750.0,-32.89334
5751539687.5,-32.90134
5751540625.0,-32.88879
5751541562.5,-32.88959
5751542500.0,-32.89674
5751543437.5,-32.88615
5751544375.0,-32.89143
5751545312.5,-32.88827
5751546250.0,-32.88507
5751547187.5,-32.88327
5751548125.0,-32.88803
5751549062.5,-32.8869
5751550000.0,-32.88149
5751550937.5,-32.88169
5751551875.0,-32.88158
5751552812.5,-32.88661
5751553750.0,-32.87495
5751554687.5,-32.88377
5751555625.0,-32.87869
5751556562.5,-32.87238
5751557500.0,-32.87098
5751558437.5,-32.87888
5751559375.0,-32.88111
5751560312.5,-32.875
5751561250.0,-32.86318
5751562187.5,-32.87177
5751563125.0,-32.87324
5751564062.5,-32.87049
5751565000.0,-32.87273
5751565937.5,-32.86964
5751566875.0,-32.86582
5751567812.5,-32.86263
5751568750.0,-32.86246
5751569687.5,-32.86333
5751570625.0,-32.85648
5751571562.5,-32.86125
5751572500.0,-32.85774
5751573437.5,-32.86358
5751574375.0,-32.84852
5751575312.5,-32.86018
5751576250.0,-32.85065
5751577187.5,-32.85011
5751578125.0,-32.85888
5751579062.5,-32.85234
5751580000.0,-32.84791
5751580937.5,-32.8573
5751581875.0,-32.83809
5751582812.5,-32.8512
5751583750.0,-32.84918
5751584687.5,-32.84271
5751585625.0,-32.84624
5751586562.5,-32.84922
5751587500.0,-32.83884
5751588437.5,-32.83986
5751589375.0,-32.84375
5751590312.5,-32.8475
5751591250.0,-32.83947
5751592187.5,-32.84277
5751593125.0,-32.8369
5751594062.5,-32.83511
5751595000.0,-32.82579
5751595937.5,-32.83309
5751596875.0,-32.83619
5751597812.5,-32.83115
5751598750.0,-32.83038
5751599687.5,-32.82179
5751600625.0,-32.83387
5751601562.5,-32.82977
5751602500.0,-32.8249
5751603437.5,-32.82501
5751604375.0,-32.82222
5751605312.5,-32.82722
5751606250.0,-32.82858
5751607187.5,-32.82145
5751608125.0,-32.8241
5751609062.5,-32.81329
5751610000.0,-32.81773
5751610937.5,-32.82205
5751611875.0,-32.81409
5751612812.5,-32.81749
5751613750.0,-32.81141
5751614687.5,-32.82104
5751615625.0,-32.80791
5751616562.5,-32.81393
5751617500.0,-32.8118
5751618437.5,-32.80987
5751619375.0,-32.81279
5751620312.5,-32.81069
5751621250.0,-32.81171
5751622187.5,-32.80523
5751623125.0,-32.80476
5751624062.5,-32.79899
5751625000.0,-32.79679
5751625937.5,-32.79695
5751626875.0,-32.8019
5751627812.5,-32.79971
5751628750.0,-32.80278
5751629687.5,-32.80983
5751630625.0,-32.79395
5751631562.5,-32.79544
5751632500.0,-32.78738
5751633437.5,-32.79658
5751634375.0,-32.7892
5751635312.5,-32.79152
5751636250.0,-32.79504
5751637187.5,-32.78737
5751638125.0,-32.78539
5751639062.5,-32.79047
5751640000.0,-32.79634
5751640937.5,-32.78362
5751641875.0,-32.78268
5751642812.5,-32.783
5751643750.0,-32.78185
5751644687.5,-32.77541
5751645625.0,-32.77963
5751646562.5,-32.77464
5751647500.0,-32.77178
5751648437.5,-32.77832
5751649375.0,-32.77759
5751650312.5,-32.7707
5751651250.0,-32.77219
5751652187.5,-32.76762
5751653125.0,-32.76272
5751654062.5,-32.77314
5751655000.0,-32.77103
5751655937.5,-32.77532
5751656875.0,-32.76941
5751657812.5,-32.76138
5751658750.0,-32.77084
5751659687.5,-32.75905
5751660625.0,-32.76892
5751661562.5,-32.75882
5751662500.0,-32.76672
5751663437.5,-32.7579
5751664375.0,-32.75811
5751665312.5,-32.75683
5751666250.0,-32.75431
5751667187.5,-32.75607
5751668125.0,-32.75309
5751669062.5,-32.76043
5751670000.0,-32.75086
5751670937.5,-32.75607
5751671875.0,-32.7477
5751672812.5,-32.74936
5751673750.0,-32.74709
5751674687.5,-32.74573
5751675625.0,-32.74988
5751676562.5,-32.75496
5751677500.0,-32.7429
5751678437.5,-32.74468
5751679375.0,-32.74594
5751680312.5,-32.74251
5751681250.0,-32.7393
5751682187.5,-32.73438
5751683125.0,-32.73873
5751684062.5,-32.73982
5751685000.0,-32.72937
5751685937.5,-32.73149
5751686875.0,-32.73273
5751687812.5,-32.73711
5751688750.0,-32.74199
5751689687.5,-32.73468
5751690625.0,-32.73243
5751691562.5,-32.72698
5751692500.0,-32.72253
5751693437.5,-32.72718
5751694375.0,-32.72706
5751695312.5,-32.72809
5751696250.0,-32.72013
5751697187.5,-32.71465
5751698125.0,-32.71967
5751699062.5,-32.71683
5751700000.0,-32.72478
5751700937.5,-32.72195
5751701875.0,-32.72042
5751702812.5,-32.71165
5751703750.0,-32.71129
5751704687.5,-32.70255
5751705625.0,-32.71525
5751706562.5,-32.71075
5751707500.0,-32.71417
5751708437.5,-32.70707
5751709375.0,-32.70494
5751710312.5,-32.71115
5751711250.0,-32.70259
5751712187.5,-32.70621
5751713125.0,-32.70413
5751714062.5,-32.69981
5751715000.0,-32.70775
5751715937.5,-32.70428
5751716875.0,-32.695
5751717812.5,-32.69772
5751718750.0,-32.69723
5751719687.5,-32.68865
5751720625.0,-32.68262
5751721562.5,-32.69024
5751722500.0,-32.69751
5751723437.5,-32.69701
5751724375.0,-32.68779
5751725312.5,-32.68903
5751726250.0,-32.69442
5751727187.5,-32.68129
5751728125.0,-32.69002
5751729062.5,-32.67969
5751730000.0,-32.6844
5751730937.5,-32.68384
5751731875.0,-32.68276
5751732812.5,-32.681
5751733750.0,-32.68036
5751734687.5,-32.67627
5751735625.0,-32.68056
5751736562.5,-32.67917
5751737500.0,-32.68591
5751738437.5,-32.67929
5751739375.0,-32.67456
5751740312.5,-32.6776
5751741250.0,-32.66795
5751742187.5,-32.66737
5751743125.0,-32.66786
5751744062.5,-32.67188
5751745000.0,-32.66237
5751745937.5,-32.66234
5751746875.0,-32.66949
5751747812.5,-32.67248
5751748750.0,-32.66924
5751749687.5,-32.65883
5751750625.0,-32.65833
5751751562.5,-32.6586
5751752500.0,-32.65483
5751753437.5,-32.65969
5751754375.0,-32.65612
5751755312.5,-32.65815
5751756250.0,-32.66169
5751757187.5,-32.65538
5751758125.0,-32.65368
5751759062.5,-32.65368
5751760000.0,-32.64498
5751760937.5,-32.65382
5751761875.0,-32.65363
5751762812.5,-32.65404
5751763750.0,-32.65567
5751764687.5,-32.64767
5751765625.0,-32.65526
5751766562.5,-32.64757
5751767500.0,-32.65015
5751768437.5,-32.6508
5751769375.0,-32.64654
5751770312.5,-32.64469
5751771250.0,-32.64052
5751772187.5,-32.64369
5751773125.0,-32.63367
5751774062.5,-32.64114
5751775000.0,-32.63094
5751775937.5,-32.63057
5751776875.0,-32.63952
5751777812.5,-32.63275
5751778750.0,-32.63148
5751779687.5,-32.63251
5751780625.0,-32.62696
5751781562.5,-32.62387
5751782500.0,-32.62502
5751783437.5,-32.63224
5751784375.0,-32.62916
5751785312.5,-32.62204
5751786250.0,-32.61575
5751787187.5,-32.62278
5751788125.0,-32.62127
5751789062.5,-32.62093
5751790000.0,-32.61556
5751790937.5,-32.61041
5751791875.0,-32.60744
5751792812.5,-32.62213
5751793750.0,-32.61131
5751794687.5,-32.61005
5751795625.0,-32.61228
5751796562.5,-32.60942
5751797500.0,-32.61554
5751798437.5,-32.60917
5751799375.0,-32.61787
5751800312.5,-32.61452
5751801250.0,-32.60254
5751802187.5,-32.60877
5751803125.0,-32.60611
5751804062.5,-32.59877
5751805000.0,-32.59761
5751805937.5,-32.5928
5751806875.0,-32.59671
5751807812.5,-32.6076
5751808750.0,-32.5979
5751809687.5,-32.59274
5751810625.0,-32.60418
5751811562.5,-32.60457
5751812500.0,-32.5909
5751813437.5,-32.59623
5751814375.0,-32.59551
5751815312.5,-32.59174
5751816250.0,-32.59849
5751817187.5,-32.58913
5751818125.0,-32.5919
5751819062.5,-32.58632
5751820000.0,-32.58472
5751820937.5,-32.58695
5751821875.0,-32.58395
5751822812.5,-32.59123
5751823750.0,-32.58456
5751824687.5,-32.58095
5751825625.0,-32.58205
5751826562.5,-32.58748
5751827500.0,-32.57375
5751828437.5,-32.58288
5751829375.0,-32.57813
5751830312.5,-32.58111
5751831250.0,-32.57531
5751832187.5,-32.57906
5751833125.0,-32.57204
5751834062.5,-32.57607
5751835000.0,-32.57648
5751835937.5,-32.57291
5751836875.0,-32.56376
5751837812.5,-32.56419
5751838750.0,-32.56121
5751839687.5,-32.56843
5751840625.0,-32.56539
5751841562.5,-32.5629
5751842500.0,-32.55834
5751843437.5,-32.56308
5751844375.0,-32.56659
5751845312.5,-32.56517
5751846250.0,-32.56521
5751847187.5,-32.55951
5751848125.0,-32.55124
5751849062.5,-32.5555
5751850000.0,-32.554
5751850937.5,-32.56063
5751851875.0,-32.54779
5751852812.5,-32.55328
5751853750.0,-32.54696
5751854687.5,-32.54659
5751855625.0,-32.5472
5751856562.5,-32.54292
5751857500.0,-32.54195
5751858437.5,-32.55061
5751859375.0,-32.54101
5751860312.5,-32.53301
5751861250.0,-32.54763
5751862187.5,-32.53568
5751863125.0,-32.54476
5751864062.5,-32.53621
5751865000.0,-32.5343
5751865937.5,-32.54117
5751866875.0,-32.52919
5751867812.5,-32.53929
5751868750.0,-32.53022
5751869687.5,-32.53512
5751870625.0,-32.53527
5751871562.5,-32.54129
5751872500.0,-32.52668
5751873437.5,-32.52511
5751874375.0,-32.52402
5751875312.5,-32.53196
5751876250.0,-32.51825
5751877187.5,-32.52754
5751878125.0,-32.51976
5751879062.5,-32.52344
5751880000.0,-32.51484
5751880937.5,-32.52689
5751881875.0,-32.52295
5751882812.5,-32.51879
5751883750.0,-32.51723
5751884687.5,-32.51693
5751885625.0,-32.52053
5751886562.5,-32.51369
5751887500.0,-32.51068
5751888437.5,-32.51452
5751889375.0,-32.50707
5751890312.5,-32.50241
5751891250.0,-32.50685
5751892187.5,-32.49929
5751893125.0,-32.50361
5751894062.5,-32.50397
5751895000.0,-32.50422
5751895937.5,-32.4949
5751896875.0,-32.50047
5751897812.5,-32.50586
5751898750.0,-32.50153
5751899687.5,-32.50754
5751900625.0,-32.49692
5751901562.5,-32.49642
5751902500.0,-32.49566
5751903437.5,-32.50132
5751904375.0,-32.49743
5751905312.5,-32.50003
5751906250.0,-32.49223
5751907187.5,-32.4895
5751908125.0,-32.49247
5751909062.5,-32.49547
5751910000.0,-32.48859
5751910937.5,-32.48905
5751911875.0,-32.48733
5751912812.5,-32.48192
5751913750.0,-32.48497
5751914687.5,-32.48197
5751915625.0,-32.48389
5751916562.5,-32.47979
5751917500.0,-32.47345
5751918437.5,-32.46434
5751919375.0,-32.47468
5751920312.5,-32.4703
5751921250.0,-32.47725
5751922187.5,-32.47379
5751923125.0,-32.47799
5751924062.5,-32.47383
5751925000.0,-32.47082
5751925937.5,-32.45878
5751926875.0,-32.46923
5751927812.5,-32.47417
5751928750.0,-32.45376
5751929687.5,-32.45975
5751930625.0,-32.46836
5751931562.5,-32.46233
5751932500.0,-32.4567
5751933437.5,-32.46042
5751934375.0,-32.46408
5751935312.5,-32.46001
5751936250.0,-32.46672
5751937187.5,-32.461
5751938125.0,-32.45805
5751939062.5,-32.45834
5751940000.0,-32.45536
5751940937.5,-32.45314
5751941875.0,-32.45627
5751942812.5,-32.45599
5751943750.0,-32.45247
5751944687.5,-32.4556
5751945625.0,-32.45117
5751946562.5,-32.44648
5751947500.0,-32.45031
5751948437.5,-32.45047
5751949375.0,-32.45143
5751950312.5,-32.43979
5751951250.0,-32.43905
5751952187.5,-32.44138
5751953125.0,-32.43857
5751954062.5,-32.44196
5751955000.0,-32.43994
5751955937.5,-32.4417
5751956875.0,-32.43654
5751957812.5,-32.43699
5751958750.0,-32.43085
5751959687.5,-32.44044
5751960625.0,-32.4353
5751961562.5,-32.4333
5751962500.0,-32.43024
5751963437.5,-32.42846
5751964375.0,-32.42786
5751965312.5,-32.42908
5751966250.0,-32.42721
5751967187.5,-32.43233
5751968125.0,-32.42978
5751969062.5,-32.43304
5751970000.0,-32.43061
5751970937.5,-32.41854
5751971875.0,-32.42457
5751972812.5,-32.4182
5751973750.0,-32.42307
5751974687.5,-32.41896
5751975625.0,-32.41993
5751976562.5,-32.41831
5751977500.0,-32.41476
5751978437.5,-32.41035
5751979375.0,-32.41233
5751980312.5,-32.41433
5751981250.0,-32.41018
5751982187.5,-32.41039
5751983125.0,-32.41124
5751984062.5,-32.41468
5751985000.0,-32.40832
5751985937.5,-32.40433
5751986875.0,-32.40818
5751987812.5,-32.40897
5751988750.0,-32.41066
5751989687.5,-32.40539
5751990625.0,-32.40055
5751991562.5,-32.40478
5751992500.0,-32.40707
5751993437.5,-32.40247
5751994375.0,-32.39738
5751995312.5,-32.39468
5751996250.0,-32.39204
5751997187.5,-32.39145
5751998125.0,-32.39014
5751999062.5,-32.39108
5752000000.0,-32.39295
5752000937.5,-32.38945
5752001875.0,-32.39452
5752002812.5,-32.38984
5752003750.0,-32.38482
5752004687.5,-32.38267
5752005625.0,-32.38769
5752006562.5,-32.391
5752007500.0,-32.39138
5752008437.5,-32.3838
5752009375.0,-32.37951
5752010312.5,-32.37935
5752011250.0,-32.37325
5752012187.5,-32.37447
5752013125.0,-32.37237
5752014062.5,-32.38118
5752015000.0,-32.37204
5752015937.5,-32.3827
5752016875.0,-32.36911
5752017812.5,-32.37001
5752018750.0,-32.36818
5752019687.5,-32.3681
5752020625.0,-32.37428
5752021562.5,-32.37053
5752022500.0,-32.37227
5752023437.5,-32.36773
5752024375.0,-32.36001
5752025312.5,-32.36507
5752026250.0,-32.37411
5752027187.5,-32.3656
5752028125.0,-32.36036
5752029062.5,-32.35703
5752030000.0,-32.36551
5752030937.5,-32.35107
5752031875.0,-32.36075
5752032812.5,-32.35566
5752033750.0,-32.35847
5752034687.5,-32.35645
5752035625.0,-32.35345
5752036562.5,-32.35181
5752037500.0,-32.35778
5752038437.5,-32.3552
5752039375.0,-32.3496
5752040312.5,-32.34933
5752041250.0,-32.34153
5752042187.5,-32.34727
5752043125.0,-32.34398
5752044062.5,-32.34457
5752045000.0,-32.34228
5752045937.5,-32.34626
5752046875.0,-32.34239
5752047812.5,-32.34017
5752048750.0,-32.34158
5752049687.5,-32.33635
5752050625.0,-32.3394
5752051562.5,-32.34013
5752052500.0,-32.34136
5752053437.5,-32.33063
5752054375.0,-32.33049
5752055312.5,-32.33509
5752056250.0,-32.33155
5752057187.5,-32.3307
5752058125.0,-32.33241
5752059062.5,-32.32928
5752060000.0,-32.32961
5752060937.5,-32.32766
5752061875.0,-32.32687
5752062812.5,-32.32524
5752063750.0,-32.3209
5752064687.5,-32.32666
5752065625.0,-32.32661
5752066562.5,-32.32484
5752067500.0,-32.32374
5752068437.5,-32.31842
5752069375.0,-32.30917
5752070312.5,-32.31792
5752071250.0,-32.31388
5752072187.5,-32.30686
5752073125.0,-32.31773
5752074062.5,-32.30999
5752075000.0,-32.30913
5752075937.5,-32.31027
5752076875.0,-32.31198
5752077812.5,-32.31814
5752078750.0,-32.30831
5752079687.5,-32.29986
5752080625.0,-32.30171
5752081562.5,-32.30151
5752082500.0,-32.30109
5752083437.5,-32.30611
5752084375.0,-32.30305
5752085312.5,-32.30097
5752086250.0,-32.3005
5752087187.5,-32.30392
5752088125.0,-32.29914
5752089062.5,-32.29689
5752090000.0,-32.29172
5752090937.5,-32.30202
5752091875.0,-32.29614
5752092812.5,-32.29576
5752093750.0,-32.288
5752094687.5,-32.29012
5752095625.0,-32.2939
5752096562.5,-32.28995
5752097500.0,-32.28721
5752098437.5,-32.27823
5752099375.0,-32.28831
5752100312.5,-32.28883
5752101250.0,-32.2812
5752102187.5,-32.27762
5752103125.0,-32.28078
5752104062.5,-32.27824
5752105000.0,-32.27358
5752105937.5,-32.28133
5752106875.0,-32.28116
5752107812.5,-32.27971
5752108750.0,-32.27696
5752109687.5,-32.27028
5752110625.0,-32.26996
5752111562.5,-32.26853
5752112500.0,-32.27256
5752113437.5,-32.27276
5752114375.0,-32.264
5752115312.5,-32.26651
5752116250.0,-32.26309
5752117187.5,-32.26907
5752118125.0,-32.26985
5752119062.5,-32.26506
5752120000.0,-32.26393
5752120937.5,-32.26268
5752121875.0,-32.26419
5752122812.5,-32.26386
5752123750.0,-32.26137
5752124687.5,-32.25059
5752125625.0,-32.25927
5752126562.5,-32.25816
5752127500.0,-32.25781
5752128437.5,-32.25658
5752129375.0,-32.25311
5752130312.5,-32.25398
5752131250.0,-32.24546
5752132187.5,-32.25418
5752133125.0,-32.24962
5752134062.5,-32.24919
5752135000.0,-32.25041
5752135937.5,-32.24735
5752136875.0,-32.251
5752137812.5,-32.23892
5752138750.0,-32.24249
5752139687.5,-32.24256
5752140625.0,-32.24636
5752141562.5,-32.23722
5752142500.0,-32.24438
5752143437.5,-32.24161
5752144375.0,-32.23706
5752145312.5,-32.2416
5752146250.0,-32.23248
5752147187.5,-32.23523
5752148125.0,-32.2381
5752149062.5,-32.23549
5752150000.0,-32.24319
5752150937.5,-32.22855
5752151875.0,-32.23486
5752152812.5,-32.23696
5752153750.0,-32.23129
5752154687.5,-32.2267
5752155625.0,-32.22706
5752156562.5,-32.2285
5752157500.0,-32.22385
5752158437.5,-32.22584
5752159375.0,-32.22252
5752160312.5,-32.22497
5752161250.0,-32.21971
5752162187.5,-32.2187
5752163125.0,-32.21227
5752164062.5,-32.21868
5752165000.0,-32.21593
5752165937.5,-32.2195
5752166875.0,-32.21263
5752167812.5,-32.21309
5752168750.0,-32.21766
5752169687.5,-32.21487
5752170625.0,-32.21123
5752171562.5,-32.21412
5752172500.0,-32.21384
5752173437.5,-32.20684
5752174375.0,-32.20848
5752175312.5,-32.19896
5752176250.0,-32.20494
5752177187.5,-32.20056
5752178125.0,-32.20045
5752179062.5,-32.20394
5752180000.0,-32.19887
5752180937.5,-32.20399
5752181875.0,-32.19815
5752182812.5,-32.20448
5752183750.0,-32.19656
5752184687.5,-32.19858
5752185625.0,-32.19543
5752186562.5,-32.18979
5752187500.0,-32.19717
5752188437.5,-32.19273
5752189375.0,-32.19509
5752190312.5,-32.18636
5752191250.0,-32.19227
5752192187.5,-32.18339
5752193125.0,-32.19032
5752194062.5,-32.19158
5752195000.0,-32.18515
5752195937.5,-32.18156
5752196875.0,-32.18281
5752197812.5,-32.18673
5752198750.0,-32.18724
5752199687.5,-32.1803
5752200625.0,-32.18115
5752201562.5,-32.1772
5752202500.0,-32.17642
5752203437.5,-32.18182
5752204375.0,-32.17951
5752205312.5,-32.17019
5752206250.0,-32.17099
5752207187.5,-32.17564
5752208125.0,-32.1653
5752209062.5,-32.174
5752210000.0,-32.17134
5752210937.5,-32.17134
5752211875.0,-32.16319
5752212812.5,-32.16888
5752213750.0,-32.16191
5752214687.5,-32.16872
5752215625.0,-32.16434
5752216562.5,-32.16283
5752217500.0,-32.16174
5752218437.5,-32.16767
5752219375.0,-32.15997
5752220312.5,-32.14954
5752221250.0,-32.16006
5752222187.5,-32.15236
5752223125.0,-32.1516
5752224062.5,-32.15453
5752225000.0,-32.15727
5752225937.5,-32.15118
5752226875.0,-32.15702
5752227812.5,-32.15338
5752228750.0,-32.15136
5752229687.5,-32.14798
5752230625.0,-32.14402
5752231562.5,-32.14814
5752232500.0,-32.14787
5752233437.5,-32.14916
5752234375.0,-32.15194
5752235312.5,-32.13834
5752236250.0,-32.14495
5752237187.5,-32.1405
5752238125.0,-32.147
5752239062.5,-32.1381
5752240000.0,-32.14725
5752240937.5,-32.13215
5752241875.0,-32.13976
5752242812.5,-32.13475
5752243750.0,-32.13793
5752244687.5,-32.1325
5752245625.0,-32.12546
5752246562.5,-32.13175
5752247500.0,-32.13131
5752248437.5,-32.12818
5752249375.0,-32.13072
5752250312.5,-32.12023
5752251250.0,-32.13368
5752252187.5,-32.12722
5752253125.0,-32.12632
5752254062.5,-32.12623
5752255000.0,-32.13503
5752255937.5,-32.12329
5752256875.0,-32.1225
5752257812.5,-32.11383
5752258750.0,-32.12065
5752259687.5,-32.11777
5752260625.0,-32.11668
5752261562.5,-32.11261
5752262500.0,-32.1176
5752263437.5,-32.11322
5752264375.0,-32.10902
5752265312.5,-32.11399
5752266250.0,-32.10209
5752267187.5,-32.10683
5752268125.0,-32.10774
5752269062.5,-32.10828
5752270000.0,-32.09893
5752270937.5,-32.11518
5752271875.0,-32.10815
5752272812.5,-32.10211
5752273750.0,-32.10387
5752274687.5,-32.10506
5752275625.0,-32.10275
5752276562.5,-32.10103
5752277500.0,-32.09704
5752278437.5,-32.10042
5752279375.0,-32.09579
5752280312.5,-32.09591
5752281250.0,-32.10377
5752282187.5,-32.09098
5752283125.0,-32.09133
5752284062.5,-32.08654
5752285000.0,-32.09624
5752285937.5,-32.0967
5752286875.0,-32.09212
5752287812.5,-32.09241
5752288750.0,-32.09145
5752289687.5,-32.08979
5752290625.0,-32.09355
5752291562.5,-32.07757
5752292500.0,-32.08031
5752293437.5,-32.07949
5752294375.0,-32.08448
5752295312.5,-32.08445
5752296250.0,-32.08353
5752297187.5,-32.08407
5752298125.0,-32.07679
5752299062.5,-32.07125
5752300000.0,-32.07179
5752300937.5,-32.08184
5752301875.0,-32.07124
5752302812.5,-32.07666
5752303750.0,-32.07787
5752304687.5,-32.06989
5752305625.0,-32.07182
5752306562.5,-32.06986
5752307500.0,-32.06417
5752308437.5,-32.06603
5752309375.0,-32.07128
5752310312.5,-32.06131
5752311250.0,-32.06451
5752312187.5,-32.071
5752313125.0,-32.05995
5752314062.5,-32.06287
5752315000.0,-32.05942
5752315937.5,-32.05651
5752316875.0,-32.05587
5752317812.5,-32.0704
5752318750.0,-32.0645
5752319687.5,-32.06309
5752320625.0,-32.05056
5752321562.5,-32.05339
5752322500.0,-32.05439
5752323437.5,-32.04888
5752324375.0,-32.05079
5752325312.5,-32.04818
5752326250.0,-32.0577
5752327187.5,-32.05169
5752328125.0,-32.04793
5752329062.5,-32.04422
5752330000.0,-32.04307
5752330937.5,-32.04264
5752331875.0,-32.04488
5752332812.5,-32.04144
5752333750.0,-32.03879
5752334687.5,-32.03953
5752335625.0,-32.0374
5752336562.5,-32.04446
5752337500.0,-32.03915
5752338437.5,-32.03227
5752339375.0,-32.03789
5752340312.5,-32.03737
5752341250.0,-32.04068
5752342187.5,-32.02959
5752343125.0,-32.03975
5752344062.5,-32.02998
5752345000.0,-32.03346
5752345937.5,-32.0339
5752346875.0,-32.02796
5752347812.5,-32.02367
5752348750.0,-32.02338
5752349687.5,-32.02342
5752350625.0,-32.01657
5752351562.5,-32.01953
5752352500.0,-32.02537
5752353437.5,-32.02173
5752354375.0,-32.01765
5752355312.5,-32.01736
5752356250.0,-32.02185
5752357187.5,-32.01809
5752358125.0,-32.01784
5752359062.5,-32.01781
5752360000.0,-32.01934
5752360937.5,-32.01621
5752361875.0,-32.00895
5752362812.5,-32.01094
5752363750.0,-32.01182
5752364687.5,-32.00322
5752365625.0,-32.00884
5752366562.5,-32.00768
5752367500.0,-32.00371
5752368437.5,-32.01311
5752369375.0,-32.00002
5752370312.5,-32.00142
5752371250.0,-32.00408
5752372187.5,-32.00854
5752373125.0,-32.00722
5752374062.5,-31.99691
5752375000.0,-32.00355
5752375937.5,-31.99765
5752376875.0,-32.00008
5752377812.5,-31.99623
5752378750.0,-31.9986
5752379687.5,-31.99756
5752380625.0,-31.99516
5752381562.5,-31.99554
5752382500.0,-31.99384
5752383437.5,-31.99384
5752384375.0,-31.99692
5752385312.5,-31.99089
5752386250.0,-32.00018
5752387187.5,-31.99345
5752388125.0,-31.98559
5752389062.5,-31.98632
5752390000.0,-31.98878
5752390937.5,-31.98425
5752391875.0,-31.97672
5752392812.5,-31.97589
5752393750.0,-31.97815
5752394687.5,-31.98042
5752395625.0,-31.98586
5752396562.5,-31.98181
5752397500.0,-31.98161
5752398437.5,-31.97797
5752399375.0,-31.97365
5752400312.5,-31.97538
5752401250.0,-31.98005
5752402187.5,-31.96845
5752403125.0,-31.96452
5752404062.5,-31.97066
5752405000.0,-31.96853
5752405937.5,-31.96564
5752406875.0,-31.96236
5752407812.5,-31.96075
5752408750.0,-31.96066
5752409687.5,-31.96152
5752410625.0,-31.96295
5752411562.5,-31.96518
5752412500.0,-31.96485
5752413437.5,-31.96362
5752414375.0,-31.96327
5752415312.5,-31.96479
5752416250.0,-31.9582
5752417187.5,-31.95777
5752418125.0,-31.96057
5752419062.5,-31.96186
5752420000.0,-31.94993
5752420937.5,-31.95913
5752421875.0,-31.94937
5752422812.5,-31.95624
5752423750.0,-31.95686
5752424687.5,-31.9494
5752425625.0,-31.95225
5752426562.5,-31.94535
5752427500.0,-31.94389
5752428437.5,-31.95089
5752429375.0,-31.94641
5752430312.5,-31.95196
5752431250.0,-31.9457
5752432187.5,-31.93735
5752433125.0,-31.93641
5752434062.5,-31.93633
5752435000.0,-31.94244
5752435937.5,-31.93658
5752436875.0,-31.93946
5752437812.5,-31.94115
5752438750.0,-31.93515
5752439687.5,-31.94189
5752440625.0,-31.93634
5752441562.5,-31.92929
5752442500.0,-31.93019
5752443437.5,-31.93139
5752444375.0,-31.93264
5752445312.5,-31.9305
5752446250.0,-31.9236
5752447187.5,-31.93841
5752448125.0,-31.93278
5752449062.5,-31.92582
5752450000.0,-31.93036
5752450937.5,-31.92801
5752451875.0,-31.92488
5752452812.5,-31.91994
5752453750.0,-31.92326
5752454687.5,-31.91554
5752455625.0,-31.92079
5752456562.5,-31.92008
5752457500.0,-31.91992
5752458437.5,-31.91548
5752459375.0,-31.91838
5752460312.5,-31.91481
5752461250.0,-31.90684
5752462187.5,-31.91207
5752463125.0,-31.91125
5752464062.5,-31.90546
5752465000.0,-31.90645
5752465937.5,-31.91039
5752466875.0,-31.90815
5752467812.5,-31.91229
5752468750.0,-31.90393
5752469687.5,-31.90376
5752470625.0,-31.91034
5752471562.5,-31.90287
5752472500.0,-31.90351
5752473437.5,-31.90663
5752474375.0,-31.90463
5752475312.5,-31.90041
5752476250.0,-31.9036
5752477187.5,-31.89702
5752478125.0,-31.89678
5752479062.5,-31.89956
5752480000.0,-31.89707
5752480937.5,-31.90103
5752481875.0,-31.89847
5752482812.5,-31.89127
5752483750.0,-31.88855
5752484687.5,-31.89366
5752485625.0,-31.89086
5752486562.5,-31.89468
5752487500.0,-31.88756
5752488437.5,-31.88623
5752489375.0,-31.88621
5752490312.5,-31.88563
5752491250.0,-31.88067
5752492187.5,-31.88303
5752493125.0,-31.8881
5752494062.5,-31.87516
5752495000.0,-31.87926
5752495937.5,-31.88394
5752496875.0,-31.88401
5752497812.5,-31.87931
5752498750.0,-31.87858
5752499687.5,-31.87188
5752500625.0,-31.87562
5752501562.5,-31.874
5752502500.0,-31.87887
5752503437.5,-31.87259
5752504375.0,-31.87241
5752505312.5,-31.87443
5752506250.0,-31.8752
5752507187.5,-31.86746
5752508125.0,-31.86887
5752509062.5,-31.86787
5752510000.0,-31.86929
5752510937.5,-31.86441
5752511875.0,-31.86417
5752512812.5,-31.86416
5752513750.0,-31.86587
5752514687.5,-31.86038
5752515625.0,-31.8578
5752516562.5,-31.85729
5752517500.0,-31.86039
5752518437.5,-31.85424
5752519375.0,-31.86219
5752520312.5,-31.859
5752521250.0,-31.85877
5752522187.5,-31.85729
5752523125.0,-31.85466
5752524062.5,-31.8449
5752525000.0,-31.85308
5752525937.5,-31.85375
5752526875.0,-31.85307
5752527812.5,-31.85025
5752528750.0,-31.8516
5752529687.5,-31.8454
5752530625.0,-31.84471
5752531562.5,-31.84603
5752532500.0,-31.84407
5752533437.5,-31.84305
5752534375.0,-31.84034
5752535312.5,-31.83849
5752536250.0,-31.84332
5752537187.5,-31.84164
5752538125.0,-31.83537
5752539062.5,-31.84085
5752540000.0,-31.83976
5752540937.5,-31.84012
5752541875.0,-31.82721
5752542812.5,-31.83014
5752543750.0,-31.84142
5752544687.5,-31.82898
5752545625.0,-31.82823
5752546562.5,-31.83355
5752547500.0,-31.83351
5752548437.5,-31.83334
5752549375.0,-31.82833
5752550312.5,-31.83076
5752551250.0,-31.82379
5752552187.5,-31.82081
5752553125.0,-31.82626
5752554062.5,-31.8207
5752555000.0,-31.82024
5752555937.5,-31.82467
5752556875.0,-31.82522
5752557812.5,-31.8179
5752558750.0,-31.81948
5752559687.5,-31.8066
5752560625.0,-31.81743
5752561562.5,-31.81476
5752562500.0,-31.81273
5752563437.5,-31.81526
5752564375.0,-31.8102
5752565312.5,-31.81473
5752566250.0,-31.81768
5752567187.5,-31.8129
5752568125.0,-31.81095
5752569062.5,-31.80736
5752570000.0,-31.81432
5752570937.5,-31.8011
5752571875.0,-31.80465
5752572812.5,-31.81135
5752573750.0,-31.8009
5752574687.5,-31.80384
5752575625.0,-31.79571
5752576562.5,-31.8053
5752577500.0,-31.79581
5752578437.5,-31.79432
5752579375.0,-31.80173
5752580312.5,-31.78804
5752581250.0,-31.79859
5752582187.5,-31.79046
5752583125.0,-31.79415
5752584062.5,-31.79172
5752585000.0,-31.79843
5752585937.5,-31.79053
5752586875.0,-31.79122
5752587812.5,-31.7883
5752588750.0,-31.79801
5752589687.5,-31.79159
5752590625.0,-31.78803
5752591562.5,-31.78442
5752592500.0,-31.78209
5752593437.5,-31.78225
5752594375.0,-31.78813
5752595312.5,-31.78415
5752596250.0,-31.78862
5752597187.5,-31.78612
5752598125.0,-31.78412
5752599062.5,-31.78159
5752600000.0,-31.78394
5752600937.5,-31.77797
5752601875.0,-31.77357
5752602812.5,-31.77665
5752603750.0,-31.77599
5752604687.5,-31.77234
5752605625.0,-31.78344
5752606562.5,-31.77868
5752607500.0,-31.775
5752608437.5,-31.7673
5752609375.0,-31.77508
5752610312.5,-31.77306
5752611250.0,-31.76614
5752612187.5,-31.76837
5752613125.0,-31.75913
5752614062.5,-31.76356
5752615000.0,-31.76758
5752615937.5,-31.76135
5752616875.0,-31.76455
5752617812.5,-31.75282
5752618750.0,-31.75892
5752619687.5,-31.76196
5752620625.0,-31.75926
5752621562.5,-31.75539
5752622500.0,-31.75351
5752623437.5,-31.75616
5752624375.0,-31.74899
5752625312.5,-31.7546
5752626250.0,-31.75265
5752627187.5,-31.75639
5752628125.0,-31.74823
5752629062.5,-31.75698
5752630000.0,-31.74994
5752630937.5,-31.74911
5752631875.0,-31.7471
5752632812.5,-31.74172
5752633750.0,-31.74551
5752634687.5,-31.74622
5752635625.0,-31.7461
5752636562.5,-31.74631
5752637500.0,-31.7383
5752638437.5,-31.73941
5752639375.0,-31.7422
5752640312.5,-31.7338
5752641250.0,-31.73574
5752642187.5,-31.73632
5752643125.0,-31.73887
5752644062.5,-31.73559
5752645000.0,-31.73646
5752645937.5,-31.74588
5752646875.0,-31.73094
5752647812.5,-31.73797
5752648750.0,-31.72779
5752649687.5,-31.72809
5752650625.0,-31.73345
5752651562.5,-31.72392
5752652500.0,-31.72646
5752653437.5,-31.72857
5752654375.0,-31.72953
5752655312.5,-31.72642
5752656250.0,-31.72856
5752657187.5,-31.7207
5752658125.0,-31.7191
5752659062.5,-31.72227
5752660000.0,-31.72488
5752660937.5,-31.72594
5752661875.0,-31.70954
5752662812.5,-31.72185
5752663750.0,-31.72413
5752664687.5,-31.71319
5752665625.0,-31.71618
5752666562.5,-31.71547
5752667500.0,-31.7137
5752668437.5,-31.71205
5752669375.0,-31.70496
5752670312.5,-31.71271
5752671250.0,-31.71346
5752672187.5,-31.70835
5752673125.0,-31.70605
5752674062.5,-31.70469
5752675000.0,-31.70857
5752675937.5,-31.70858
5752676875.0,-31.70588
5752677812.5,-31.70114
5752678750.0,-31.69907
5752679687.5,-31.70268
5752680625.0,-31.69663
5752681562.5,-31.69749
5752682500.0,-31.69987
5752683437.5,-31.70553
5752684375.0,-31.69913
5752685312.5,-31.69941
5752686250.0,-31.69742
5752687187.5,-31.70021
5752688125.0,-31.69369
5752689062.5,-31.69185
5752690000.0,-31.69013
5752690937.5,-31.69133
5752691875.0,-31.69419
5752692812.5,-31.68898
5752693750.0,-31.69157
5752694687.5,-31.68484
5752695625.0,-31.68602
5752696562.5,-31.67863
5752697500.0,-31.68369
5752698437.5,-31.69003
5752699375.0,-31.68202
5752700312.5,-31.68254
5752701250.0,-31.68441
5752702187.5,-31.67644
5752703125.0,-31.67888
5752704062.5,-31.68407
5752705000.0,-31.67398
5752705937.5,-31.6796
5752706875.0,-31.68111
5752707812.5,-31.67783
5752708750.0,-31.67557
5752709687.5,-31.67924
5752710625.0,-31.67672
5752711562.5,-31.67445
5752712500.0,-31.67179
5752713437.5,-31.67614
5752714375.0,-31.66473
5752715312.5,-31.66479
5752716250.0,-31.67102
5752717187.5,-31.66383
5752718125.0,-31.66654
5752719062.5,-31.66711
5752720000.0,-31.66737
5752720937.5,-31.66135
5752721875.0,-31.66614
5752722812.5,-31.65474
5752723750.0,-31.66331
5752724687.5,-31.65719
5752725625.0,-31.65478
5752726562.5,-31.65047
5752727500.0,-31.65698
5752728437.5,-31.65859
5752729375.0,-31.66204
5752730312.5,-31.65175
5752731250.0,-31.65244
5752732187.5,-31.65471
5752733125.0,-31.6513
5752734062.5,-31.65065
5752735000.0,-31.64724
5752735937.5,-31.6494
5752736875.0,-31.64594
5752737812.5,-31.65032
5752738750.0,-31.64533
5752739687.5,-31.64939
5752740625.0,-31.64648
5752741562.5,-31.64562
5752742500.0,-31.63772
5752743437.5,-31.64463
5752744375.0,-31.6412
5752745312.5,-31.64572
5752746250.0,-31.6501
5752747187.5,-31.64308
5752748125.0,-31.63733
5752749062.5,-31.6428
5752750000.0,-31.63978
5752750937.5,-31.63882
5752751875.0,-31.62974
5752752812.5,-31.63822
5752753750.0,-31.63321
5752754687.5,-31.62899
5752755625.0,-31.6336
5752756562.5,-31.6275
5752757500.0,-31.63152
5752758437.5,-31.62532
5752759375.0,-31.63057
5752760312.5,-31.62692
5752761250.0,-31.63077
5752762187.5,-31.62543
5752763125.0,-31.6271
5752764062.5,-31.63027
5752765000.0,-31.62376
5752765937.5,-31.63274
5752766875.0,-31.62037
5752767812.5,-31.6181
5752768750.0,-31.61478
5752769687.5,-31.61971
5752770625.0,-31.62691
5752771562.5,-31.6213
5752772500.0,-31.61143
5752773437.5,-31.6099
5752774375.0,-31.61202
5752775312.5,-31.61278
5752776250.0,-31.61403
5752777187.5,-31.61459
5752778125.0,-31.61607
5752779062.5,-31.6063
5752780000.0,-31.60512
5752780937.5,-31.60912
5752781875.0,-31.61073
5752782812.5,-31.60753
5752783750.0,-31.60777
5752784687.5,-31.60556
5752785625.0,-31.6067
5752786562.5,-31.60868
5752787500.0,-31.60873
5752788437.5,-31.60462
5752789375.0,-31.59539
5752790312.5,-31.59857
5752791250.0,-31.60233
5752792187.5,-31.59946
5752793125.0,-31.60047
5752794062.5,-31.59991
5752795000.0,-31.59312
5752795937.5,-31.59706
5752796875.0,-31.59029
5752797812.5,-31.58945
5752798750.0,-31.5932
5752799687.5,-31.58809
5752800625.0,-31.58614
5752801562.5,-31.58958
5752802500.0,-31.59314
5752803437.5,-31.59452
5752804375.0,-31.58309
5752805312.5,-31.5839
5752806250.0,-31.58198
5752807187.5,-31.58441
5752808125.0,-31.58647
5752809062.5,-31.58952
5752810000.0,-31.59007
5752810937.5,-31.58108
5752811875.0,-31.57205
5752812812.5,-31.58342
5752813750.0,-31.5787
5752814687.5,-31.58049
5752815625.0,-31.58381
5752816562.5,-31.57727
5752817500.0,-31.57885
5752818437.5,-31.57661
5752819375.0,-31.58104
5752820312.5,-31.56905
5752821250.0,-31.57721
5752822187.5,-31.57131
5752823125.0,-31.56821
5752824062.5,-31.57013
5752825000.0,-31.56924
5752825937.5,-31.56518
5752826875.0,-31.56865
5752827812.5,-31.56569
5752828750.0,-31.562
5752829687.5,-31.55976
5752830625.0,-31.56797
5752831562.5,-31.57233
5752832500.0,-31.55871
5752833437.5,-31.55772
5752834375.0,-31.55383
5752835312.5,-31.56043
5752836250.0,-31.55162
5752837187.5,-31.55335
5752838125.0,-31.56124
5752839062.5,-31.55519
5752840000.0,-31.55699
5752840937.5,-31.55568
5752841875.0,-31.55347
5752842812.5,-31.55199
5752843750.0,-31.54727
5752844687.5,-31.54558
5752845625.0,-31.54817
5752846562.5,-31.54809
5752847500.0,-31.54772
5752848437.5,-31.54534
5752849375.0,-31.54778
5752850312.5,-31.54242
5752851250.0,-31.53947
5752852187.5,-31.55177
5752853125.0,-31.54495
5752854062.5,-31.54365
5752855000.0,-31.54651
5752855937.5,-31.54198
5752856875.0,-31.54127
5752857812.5,-31.54446
5752858750.0,-31.54008
5752859687.5,-31.53758
5752860625.0,-31.53575
5752861562.5,-31.53169
5752862500.0,-31.53402
5752863437.5,-31.53215
5752864375.0,-31.52649
5752865312.5,-31.53544
5752866250.0,-31.52703
5752867187.5,-31.5247
5752868125.0,-31.53239
5752869062.5,-31.53062
5752870000.0,-31.53548
5752870937.5,-31.53139
5752871875.0,-31.52942
5752872812.5,-31.53194
5752873750.0,-31.5218
5752874687.5,-31.52644
5752875625.0,-31.52839
5752876562.5,-31.5212
5752877500.0,-31.52365
5752878437.5,-31.52156
5752879375.0,-31.51344
5752880312.5,-31.51455
5752881250.0,-31.51947
5752882187.5,-31.5101
5752883125.0,-31.51782
5752884062.5,-31.52132
5752885000.0,-31.51805
5752885937.5,-31.51276
5752886875.0,-31.51547
5752887812.5,-31.50918
5752888750.0,-31.51631
5752889687.5,-31.51422
5752890625.0,-31.51145
5752891562.5,-31.50883
5752892500.0,-31.51493
5752893437.5,-31.51157
5752894375.0,-31.49741
5752895312.5,-31.51469
5752896250.0,-31.50989
5752897187.5,-31.50124
5752898125.0,-31.50923
5752899062.5,-31.49709
5752900000.0,-31.50062
5752900937.5,-31.49643
5752901875.0,-31.48929
5752902812.5,-31.48861
5752903750.0,-31.50084
5752904687.5,-31.49916
5752905625.0,-31.49476
5752906562.5,-31.49751
5752907500.0,-31.49549
5752908437.5,-31.49761
5752909375.0,-31.49284
5752910312.5,-31.49264
5752911250.0,-31.48385
5752912187.5,-31.49173
5752913125.0,-31.49084
5752914062.5,-31.49273
5752915000.0,-31.48935
5752915937.5,-31.48225
5752916875.0,-31.48561
5752917812.5,-31.48199
5752918750.0,-31.48241
5752919687.5,-31.48572
5752920625.0,-31.48045
5752921562.5,-31.48549
5752922500.0,-31.48703
5752923437.5,-31.48178
5752924375.0,-31.47735
5752925312.5,-31.48612
5752926250.0,-31.47711
5752927187.5,-31.47925
5752928125.0,-31.4712
5752929062.5,-31.48122
5752930000.0,-31.47275
5752930937.5,-31.47621
5752931875.0,-31.47062
5752932812.5,-31.4672
5752933750.0,-31.47249
5752934687.5,-31.47128
5752935625.0,-31.47265
5752936562.5,-31.47243
5752937500.0,-31.47023
5752938437.5,-31.46452
5752939375.0,-31.46629
5752940312.5,-31.46335
5752941250.0,-31.46746
5752942187.5,-31.4704
5752943125.0,-31.46021
5752944062.5,-31.46597
5752945000.0,-31.46306
5752945937.5,-31.4575
5752946875.0,-31.46123
5752947812.5,-31.46177
5752948750.0,-31.46656
5752949687.5,-31.45915
5752950625.0,-31.46149
5752951562.5,-31.45155
5752952500.0,-31.45632
5752953437.5,-31.46163
5752954375.0,-31.459
5752955312.5,-31.45848
5752956250.0,-31.45184
5752957187.5,-31.45124
5752958125.0,-31.44771
5752959062.5,-31.44786
5752960000.0,-31.45231
5752960937.5,-31.44487
5752961875.0,-31.45507
5752962812.5,-31.4423
5752963750.0,-31.44677
5752964687.5,-31.44902
5752965625.0,-31.44717
5752966562.5,-31.44435
5752967500.0,-31.44645
5752968437.5,-31.44042
5752969375.0,-31.4446
5752970312.5,-31.44904
5752971250.0,-31.43973
5752972187.5,-31.43512
5752973125.0,-31.44138
5752974062.5,-31.44288
5752975000.0,-31.43627
5752975937.5,-31.43871
5752976875.0,-31.43276
5752977812.5,-31.43122
5752978750.0,-31.43159
5752979687.5,-31.43345
5752980625.0,-31.43745
5752981562.5,-31.4364
5752982500.0,-31.43071
5752983437.5,-31.43102
5752984375.0,-31.42773
5752985312.5,-31.43188
5752986250.0,-31.42777
5752987187.5,-31.42341
5752988125.0,-31.42308
5752989062.5,-31.42317
5752990000.0,-31.42368
5752990937.5,-31.42682
5752991875.0,-31.41583
5752992812.5,-31.41967
5752993750.0,-31.42563
5752994687.5,-31.41556
5752995625.0,-31.418
5752996562.5,-31.42201
5752997500.0,-31.42114
5752998437.5,-31.42282
5752999375.0,-31.40963
5753000312.5,-31.4158
5753001250.0,-31.41105
5753002187.5,-31.40464
5753003125.0,-31.41443
5753004062.5,-31.41529
5753005000.0,-31.41388
5753005937.5,-31.40929
5753006875.0,-31.41353
5753007812.5,-31.41454
5753008750.0,-31.41003
5753009687.5,-31.40393
5753010625.0,-31.40429
5753011562.5,-31.40511
5753012500.0,-31.40804
5753013437.5,-31.40023
5753014375.0,-31.41292
5753015312.5,-31.40071
5753016250.0,-31.40221
5753017187.5,-31.40506
5753018125.0,-31.39704
5753019062.5,-31.40245
5753020000.0,-31.4007
5753020937.5,-31.4014
5753021875.0,-31.40425
5753022812.5,-31.40154
5753023750.0,-31.39948
5753024687.5,-31.401
5753025625.0,-31.39605
5753026562.5,-31.39489
5753027500.0,-31.38994
5753028437.5,-31.39945
5753029375.0,-31.39361
5753030312.5,-31.3907
5753031250.0,-31.39204
5753032187.5,-31.39354
5753033125.0,-31.38891
5753034062.5,-31.38582
5753035000.0,-31.38234
5753035937.5,-31.38516
5753036875.0,-31.38977
5753037812.5,-31.384
5753038750.0,-31.37602
5753039687.5,-31.38265
5753040625.0,-31.38074
5753041562.5,-31.37821
5753042500.0,-31.39041
5753043437.5,-31.37932
5753044375.0,-31.37836
5753045312.5,-31.37636
5753046250.0,-31.37783
5753047187.5,-31.37561
5753048125.0,-31.3693
5753049062.5,-31.37673
5753050000.0,-31.37298
5753050937.5,-31.38046
5753051875.0,-31.37234
5753052812.5,-31.36695
5753053750.0,-31.37132
5753054687.5,-31.36637
5753055625.0,-31.37011
5753056562.5,-31.37366
5753057500.0,-31.37207
5753058437.5,-31.37079
5753059375.0,-31.36798
5753060312.5,-31.36962
5753061250.0,-31.36516
5753062187.5,-31.35895
5753063125.0,-31.36215
5753064062.5,-31.36177
5753065000.0,-31.365
5753065937.5,-31.35887
5753066875.0,-31.35585
5753067812.5,-31.3579
5753068750.0,-31.36057
5753069687.5,-31.36559
5753070625.0,-31.36155
5753071562.5,-31.35783
5753072500.0,-31.35815
5753073437.5,-31.36062
5753074375.0,-31.35876
5753075312.5,-31.35351
5753076250.0,-31.34816
5753077187.5,-31.352
5753078125.0,-31.35523
5753079062.5,-31.35254
5753080000.0,-31.35616
5753080937.5,-31.35327
5753081875.0,-31.35246
5753082812.5,-31.34926
5753083750.0,-31.35046
5753084687.5,-31.344
5753085625.0,-31.34248
5753086562.5,-31.33953
5753087500.0,-31.34352
5753088437.5,-31.34617
5753089375.0,-31.34502
5753090312.5,-31.34407
5753091250.0,-31.3364
5753092187.5,-31.33806
5753093125.0,-31.33957
5753094062.5,-31.33849
5753095000.0,-31.34064
5753095937.5,-31.33823
5753096875.0,-31.33481
5753097812.5,-31.33576
5753098750.0,-31.34034
5753099687.5,-31.33186
5753100625.0,-31.32666
5753101562.5,-31.3322
5753102500.0,-31.33008
5753103437.5,-31.32925
5753104375.0,-31.32887
5753105312.5,-31.33308
5753106250.0,-31.33588
5753107187.5,-31.32883
5753108125.0,-31.32976
5753109062.5,-31.32085
5753110000.0,-31.32396
5753110937.5,-31.323
5753111875.0,-31.32175
5753112812.5,-31.31987
5753113750.0,-31.32112
5753114687.5,-31.32498
5753115625.0,-31.32696
5753116562.5,-31.32132
5753117500.0,-31.32517
5753118437.5,-31.32201
5753119375.0,-31.31619
5753120312.5,-31.3132
5753121250.0,-31.32013
5753122187.5,-31.31463
5753123125.0,-31.30963
5753124062.5,-31.31
5753125000.0,-31.31797
5753125937.5,-31.31021
5753126875.0,-31.30968
5753127812.5,-31.31653
5753128750.0,-31.30933
5753129687.5,-31.31474
5753130625.0,-31.30802
5753131562.5,-31.30694
5753132500.0,-31.31023
5753133437.5,-31.3093
5753134375.0,-31.30678
5753135312.5,-31.30577
5753136250.0,-31.30406
5753137187.5,-31.30556
5753138125.0,-31.30024
5753139062.5,-31.30026
5753140000.0,-31.30396
5753140937.5,-31.30273
5753141875.0,-31.30007
5753142812.5,-31.29699
5753143750.0,-31.29939
5753144687.5,-31.30009
5753145625.0,-31.2964
5753146562.5,-31.29197
5753147500.0,-31.29568
5753148437.5,-31.29551
5753149375.0,-31.29793
5753150312.5,-31.2989
5753151250.0,-31.29279
5753152187.5,-31.29288
5753153125.0,-31.29166
5753154062.5,-31.28697
5753155000.0,-31.2915
5753155937.5,-31.29356
5753156875.0,-31.28959
5753157812.5,-31.28621
5753158750.0,-31.288
5753159687.5,-31.2879
5753160625.0,-31.28157
5753161562.5,-31.28792
5753162500.0,-31.28346
5753163437.5,-31.28176
5753164375.0,-31.28692
5753165312.5,-31.27449
5753166250.0,-31.28127
5753167187.5,-31.28431
5753168125.0,-31.27828
5753169062.5,-31.28063
5753170000.0,-31.27404
5753170937.5,-31.27378
5753171875.0,-31.28532
5753172812.5,-31.27316
5753173750.0,-31.27291
5753174687.5,-31.27806
5753175625.0,-31.28355
5753176562.5,-31.2707
5753177500.0,-31.2745
5753178437.5,-31.27606
5753179375.0,-31.27345
5753180312.5,-31.27133
5753181250.0,-31.27517
5753182187.5,-31.26236
5753183125.0,-31.27061
5753184062.5,-31.27297
5753185000.0,-31.26432
5753185937.5,-31.26404
5753186875.0,-31.26155
5753187812.5,-31.26875
5753188750.0,-31.25822
5753189687.5,-31.26072
5753190625.0,-31.26506
5753191562.5,-31.26325
5753192500.0,-31.26188
5753193437.5,-31.25988
5753194375.0,-31.2603
5753195312.5,-31.2561
5753196250.0,-31.25672
5753197187.5,-31.25769
5753198125.0,-31.25237
5753199062.5,-31.25418
5753200000.0,-31.25139
5753200937.5,-31.25435
5753201875.0,-31.24988
5753202812.5,-31.25144
5753203750.0,-31.25111
5753204687.5,-31.24658
5753205625.0,-31.24334
5753206562.5,-31.24885
5753207500.0,-31.24876
5753208437.5,-31.24829
5753209375.0,-31.24846
5753210312.5,-31.24428
5753211250.0,-31.24607
5753212187.5,-31.24064
5753213125.0,-31.24687
5753214062.5,-31.24359
5753215000.0,-31.24032
5753215937.5,-31.24306
5753216875.0,-31.23481
5753217812.5,-31.24039
5753218750.0,-31.24394
5753219687.5,-31.23912
5753220625.0,-31.2407
5753221562.5,-31.23895
5753222500.0,-31.24016
5753223437.5,-31.23594
5753224375.0,-31.2351
5753225312.5,-31.23144
5753226250.0,-31.23425
5753227187.5,-31.23662
5753228125.0,-31.2327
5753229062.5,-31.23423
5753230000.0,-31.23513
5753230937.5,-31.23182
5753231875.0,-31.23807
5753232812.5,-31.22613
5753233750.0,-31.23098
5753234687.5,-31.23141
5753235625.0,-31.23239
5753236562.5,-31.2279
5753237500.0,-31.23072
5753238437.5,-31.2259
5753239375.0,-31.22678
5753240312.5,-31.22324
5753241250.0,-31.2248
5753242187.5,-31.2201
5753243125.0,-31.22302
5753244062.5,-31.21628
5753245000.0,-31.22154
5753245937.5,-31.21773
5753246875.0,-31.22866
5753247812.5,-31.21837
5753248750.0,-31.21529
5753249687.5,-31.22101
5753250625.0,-31.21147
5753251562.5,-31.21503
5753252500.0,-31.21946
5753253437.5,-31.21248
5753254375.0,-31.21103
5753255312.5,-31.21048
5753256250.0,-31.21778
5753257187.5,-31.2121
5753258125.0,-31.20453
5753259062.5,-31.21336
5753260000.0,-31.20912
5753260937.5,-31.20836
5753261875.0,-31.20732
5753262812.5,-31.21347
5753263750.0,-31.21148
5753264687.5,-31.21562
5753265625.0,-31.20169
5753266562.5,-31.20083
5753267500.0,-31.20609
5753268437.5,-31.20681
5753269375.0,-31.20568
5753270312.5,-31.19542
5753271250.0,-31.20337
5753272187.5,-31.20019
5753273125.0,-31.19605
5753274062.5,-31.2019
5753275000.0,-31.19557
5753275937.5,-31.19848
5753276875.0,-31.1933
5753277812.5,-31.19458
5753278750.0,-31.19925
5753279687.5,-31.19435
5753280625.0,-31.19378
5753281562.5,-31.19156
5753282500.0,-31.19207
5753283437.5,-31.1882
5753284375.0,-31.18888
5753285312.5,-31.19011
5753286250.0,-31.19124
5753287187.5,-31.18885
5753288125.0,-31.18556
5753289062.5,-31.19096
5753290000.0,-31.18294
5753290937.5,-31.18579
5753291875.0,-31.18826
5753292812.5,-31.18208
5753293750.0,-31.18872
5753294687.5,-31.18782
5753295625.0,-31.18865
5753296562.5,-31.18357
5753297500.0,-31.18293
5753298437.5,-31.18316
5753299375.0,-31.183
5753300312.5,-31.18242
5753301250.0,-31.17976
5753302187.5,-31.17556
5753303125.0,-31.17301
5753304062.5,-31.17369
5753305000.0,-31.17952
5753305937.5,-31.17405
5753306875.0,-31.17552
5753307812.5,-31.17589
5753308750.0,-31.17382
5753309687.5,-31.17791
5753310625.0,-31.17541
5753311562.5,-31.17035
5753312500.0,-31.16637
5753313437.5,-31.17098
5753314375.0,-31.16561
5753315312.5,-31.17068
5753316250.0,-31.16955
5753317187.5,-31.17098
5753318125.0,-31.167
5753319062.5,-31.15847
5753320000.0,-31.15876
5753320937.5,-31.16238
5753321875.0,-31.16509
5753322812.5,-31.158
5753323750.0,-31.16425
5753324687.5,-31.15694
5753325625.0,-31.15333
5753326562.5,-31.16255
5753327500.0,-31.16817
5753328437.5,-31.15994
5753329375.0,-31.15475
5753330312.5,-31.16351
5753331250.0,-31.15339
5753332187.5,-31.15238
5753333125.0,-31.15585
5753334062.5,-31.15037
5753335000.0,-31.15104
5753335937.5,-31.15307
5753336875.0,-31.15195
5753337812.5,-31.14467
5753338750.0,-31.14538
5753339687.5,-31.14345
5753340625.0,-31.15158
5753341562.5,-31.14986
5753342500.0,-31.14622
5753343437.5,-31.15089
5753344375.0,-31.14846
5753345312.5,-31.14939
5753346250.0,-31.14849
5753347187.5,-31.14785
5753348125.0,-31.14577
5753349062.5,-31.14632
5753350000.0,-31.14865
5753350937.5,-31.13455
5753351875.0,-31.14083
5753352812.5,-31.13616
5753353750.0,-31.14073
5753354687.5,-31.13816
5753355625.0,-31.13832
5753356562.5,-31.13848
5753357500.0,-31.13226
5753358437.5,-31.13336
5753359375.0,-31.13639
5753360312.5,-31.13663
5753361250.0,-31.13704
5753362187.5,-31.13622
5753363125.0,-31.13566
5753364062.5,-31.13602
5753365000.0,-31.13697
5753365937.5,-31.13507
5753366875.0,-31.12834
5753367812.5,-31.13158
5753368750.0,-31.1265
5753369687.5,-31.12983
5753370625.0,-31.12271
5753371562.5,-31.13256
5753372500.0,-31.13342
5753373437.5,-31.12944
5753374375.0,-31.12613
5753375312.5,-31.12465
5753376250.0,-31.13132
5753377187.5,-31.12278
5753378125.0,-31.1237
5753379062.5,-31.12336
5753380000.0,-31.12213
5753380937.5,-31.11811
5753381875.0,-31.11826
5753382812.5,-31.11808
5753383750.0,-31.1203
5753384687.5,-31.12338
5753385625.0,-31.11724
5753386562.5,-31.11366
5753387500.0,-31.11893
5753388437.5,-31.11323
5753389375.0,-31.11268
5753390312.5,-31.11743
5753391250.0,-31.11354
5753392187.5,-31.10849
5753393125.0,-31.11594
5753394062.5,-31.11058
5753395000.0,-31.11095
5753395937.5,-31.10751
5753396875.0,-31.11276
5753397812.5,-31.10734
5753398750.0,-31.10482
5753399687.5,-31.10395
5753400625.0,-31.11269
5753401562.5,-31.10695
5753402500.0,-31.10041
5753403437.5,-31.10145
5753404375.0,-31.10292
5753405312.5,-31.10779
5753406250.0,-31.10006
5753407187.5,-31.10291
5753408125.0,-31.10185
5753409062.5,-31.10227
5753410000.0,-31.10313
5753410937.5,-31.09616
5753411875.0,-31.10082
5753412812.5,-31.09826
5753413750.0,-31.10166
5753414687.5,-31.10221
5753415625.0,-31.10033
5753416562.5,-31.09588
5753417500.0,-31.09535
5753418437.5,-31.0955
5753419375.0,-31.0944
5753420312.5,-31.09449
5753421250.0,-31.09695
5753422187.5,-31.08604
5753423125.0,-31.09111
5753424062.5,-31.09116
5753425000.0,-31.08449
5753425937.5,-31.09217
5753426875.0,-31.09162
5753427812.5,-31.09226
5753428750.0,-31.0904
5753429687.5,-31.08297
5753430625.0,-31.09234
5753431562.5,-31.08638
5753432500.0,-31.08315
5753433437.5,-31.0804
5753434375.0,-31.08335
5753435312.5,-31.08168
5753436250.0,-31.085
5753437187.5,-31.08643
5753438125.0,-31.08183
5753439062.5,-31.07711
5753440000.0,-31.08273
5753440937.5,-31.07861
5753441875.0,-31.08387
5753442812.5,-31.07699
5753443750.0,-31.08491
5753444687.5,-31.08058
5753445625.0,-31.08383
5753446562.5,-31.07499
5753447500.0,-31.07559
5753448437.5,-31.07689
5753449375.0,-31.07559
5753450312.5,-31.07229
5753451250.0,-31.06896
5753452187.5,-31.07343
5753453125.0,-31.07504
5753454062.5,-31.0712
5753455000.0,-31.07252
5753455937.5,-31.06862
5753456875.0,-31.06948
5753457812.5,-31.07239
5753458750.0,-31.07066
5753459687.5,-31.06944
5753460625.0,-31.07191
5753461562.5,-31.06907
5753462500.0,-31.06188
5753463437.5,-31.06639
5753464375.0,-31.06747
5753465312.5,-31.06519
5753466250.0,-31.06707
5753467187.5,-31.06828
5753468125.0,-31.06421
5753469062.5,-31.06177
5753470000.0,-31.06286
5753470937.5,-31.05514
5753471875.0,-31.05633
5753472812.5,-31.06006
5753473750.0,-31.05862
5753474687.5,-31.05604
5753475625.0,-31.0621
5753476562.5,-31.06237
5753477500.0,-31.05882
5753478437.5,-31.05106
5753479375.0,-31.05529
5753480312.5,-31.06176
5753481250.0,-31.04857
5753482187.5,-31.06021
5753483125.0,-31.05008
5753484062.5,-31.04683
5753485000.0,-31.05559
5753485937.5,-31.04585
5753486875.0,-31.05179
5753487812.5,-31.05304
5753488750.0,-31.05229
5753489687.5,-31.05037
5753490625.0,-31.04766
5753491562.5,-31.04371
5753492500.0,-31.04704
5753493437.5,-31.04875
5753494375.0,-31.05013
5753495312.5,-31.0441
5753496250.0,-31.04198
5753497187.5,-31.04337
5753498125.0,-31.04283
5753499062.5,-31.05006
5753500000.0,-31.03988
5753500937.5,-31.04493
5753501875.0,-31.03657
5753502812.5,-31.03781
5753503750.0,-31.03483
5753504687.5,-31.04054
5753505625.0,-31.0439
5753506562.5,-31.02996
5753507500.0,-31.03791
5753508437.5,-31.04107
5753509375.0,-31.03913
5753510312.5,-31.03642
5753511250.0,-31.03349
5753512187.5,-31.03481
5753513125.0,-31.0242
5753514062.5,-31.03386
5753515000.0,-31.03043
5753515937.5,-31.02991
5753516875.0,-31.02936
5753517812.5,-31.03251
5753518750.0,-31.02466
5753519687.5,-31.02958
5753520625.0,-31.02659
5753521562.5,-31.03284
5753522500.0,-31.0232
5753523437.5,-31.0266
5753524375.0,-31.02425
5753525312.5,-31.01698
5753526250.0,-31.02969
5753527187.5,-31.02303
5753528125.0,-31.02343
5753529062.5,-31.02522
5753530000.0,-31.02645
5753530937.5,-31.02657
5753531875.0,-31.02452
5753532812.5,-31.02144
5753533750.0,-31.01944
5753534687.5,-31.01566
5753535625.0,-31.01677
5753536562.5,-31.01995
5753537500.0,-31.01305
5753538437.5,-31.02098
5753539375.0,-31.01642
5753540312.5,-31.01445
5753541250.0,-31.0169
5753542187.5,-31.01423
5753543125.0,-31.0183
5753544062.5,-31.01259
5753545000.0,-31.01742
5753545937.5,-31.00881
5753546875.0,-31.00415
5753547812.5,-31.01449
5753548750.0,-31.0174
5753549687.5,-31.00837
5753550625.0,-31.01297
5753551562.5,-31.00835
5753552500.0,-31.01083
5753553437.5,-31.00363
5753554375.0,-31.00615
5753555312.5,-31.00381
5753556250.0,-31.00698
5753557187.5,-31.00549
5753558125.0,-31.00519
5753559062.5,-31.00428
5753560000.0,-31.00978
5753560937.5,-31.00248
5753561875.0,-31.00555
5753562812.5,-31.00183
5753563750.0,-31.00223
5753564687.5,-31.00209
5753565625.0,-31.00528
5753566562.5,-31.00073
5753567500.0,-31.00056
5753568437.5,-30.99509
5753569375.0,-30.99347
5753570312.5,-30.9977
5753571250.0,-30.99611
5753572187.5,-30.99378
5753573125.0,-30.99616
5753574062.5,-30.98944
5753575000.0,-30.99623
5753575937.5,-30.98913
5753576875.0,-31.00125
5753577812.5,-30.99432
5753578750.0,-30.99081
5753579687.5,-30.99265
5753580625.0,-30.99112
5753581562.5,-30.98925
5753582500.0,-30.98714
5753583437.5,-30.98573
5753584375.0,-30.98955
5753585312.5,-30.99263
5753586250.0,-30.98844
5753587187.5,-30.98435
5753588125.0,-30.98312
5753589062.5,-30.98232
5753590000.0,-30.98503
5753590937.5,-30.98542
5753591875.0,-30.98807
5753592812.5,-30.98213
5753593750.0,-30.97961
5753594687.5,-30.9841
5753595625.0,-30.9843
5753596562.5,-30.98232
5753597500.0,-30.9837
5753598437.5,-30.98277
5753599375.0,-30.97936
5753600312.5,-30.98008
5753601250.0,-30.98116
5753602187.5,-30.98375
5753603125.0,-30.97705
5753604062.5,-30.97801
5753605000.0,-30.97688
5753605937.5,-30.98124
5753606875.0,-30.97734
5753607812.5,-30.97806
5753608750.0,-30.96824
5753609687.5,-30.96439
5753610625.0,-30.9716
5753611562.5,-30.97332
5753612500.0,-30.97446
5753613437.5,-30.97613
5753614375.0,-30.9736
5753615312.5,-30.96414
5753616250.0,-30.9726
5753617187.5,-30.96519
5753618125.0,-30.96555
5753619062.5,-30.97035
5753620000.0,-30.97154
5753620937.5,-30.9681
5753621875.0,-30.97622
5753622812.5,-30.96757
5753623750.0,-30.97217
5753624687.5,-30.96895
5753625625.0,-30.96895
5753626562.5,-30.96032
5753627500.0,-30.96758
5753628437.5,-30.95684
5753629375.0,-30.96842
5753630312.5,-30.9571
5753631250.0,-30.9648
5753632187.5,-30.96264
5753633125.0,-30.95958
5753634062.5,-30.95976
5753635000.0,-30.95305
5753635937.5,-30.9562
5753636875.0,-30.95809
5753637812.5,-30.95559
5753638750.0,-30.9564
5753639687.5,-30.95787
5753640625.0,-30.95017
5753641562.5,-30.95591
5753642500.0,-30.95059
5753643437.5,-30.95031
5753644375.0,-30.95195
5753645312.5,-30.94997
5753646250.0,-30.94861
5753647187.5,-30.95245
5753648125.0,-30.94733
5753649062.5,-30.94849
5753650000.0,-30.94896
5753650937.5,-30.94617
5753651875.0,-30.95089
5753652812.5,-30.95041
5753653750.0,-30.95699
5753654687.5,-30.94611
5753655625.0,-30.94441
5753656562.5,-30.94419
5753657500.0,-30.94221
5753658437.5,-30.9465
5753659375.0,-30.94618
5753660312.5,-30.93863
5753661250.0,-30.94555
5753662187.5,-30.94234
5753663125.0,-30.94364
5753664062.5,-30.93745
5753665000.0,-30.93855
5753665937.5,-30.94499
5753666875.0,-30.94128
5753667812.5,-30.94068
5753668750.0,-30.9344
5753669687.5,-30.93858
5753670625.0,-30.9362
5753671562.5,-30.9318
5753672500.0,-30.93754
5753673437.5,-30.9353
5753674375.0,-30.9354
5753675312.5,-30.9405
5753676250.0,-30.93427
5753677187.5,-30.9339
5753678125.0,-30.93418
5753679062.5,-30.93114
5753680000.0,-30.94135
5753680937.5,-30.93137
5753681875.0,-30.93312
5753682812.5,-30.92694
5753683750.0,-30.92835
5753684687.5,-30.9293
5753685625.0,-30.92709
5753686562.5,-30.92988
5753687500.0,-30.92492
5753688437.5,-30.92781
5753689375.0,-30.92975
5753690312.5,-30.92792
5753691250.0,-30.92568
5753692187.5,-30.91672
5753693125.0,-30.92566
5753694062.5,-30.92284
5753695000.0,-30.92356
5753695937.5,-30.92706
5753696875.0,-30.92025
5753697812.5,-30.9252
5753698750.0,-30.92814
5753699687.5,-30.92298
5753700625.0,-30.91694
5753701562.5,-30.91888
5753702500.0,-30.91307
5753703437.5,-30.91518
5753704375.0,-30.91586
5753705312.5,-30.91771
5753706250.0,-30.91961
5753707187.5,-30.92461
5753708125.0,-30.91444
5753709062.5,-30.92144
5753710000.0,-30.92102
5753710937.5,-30.90949
5753711875.0,-30.92253
5753712812.5,-30.91373
5753713750.0,-30.91261
5753714687.5,-30.90843
5753715625.0,-30.90512
5753716562.5,-30.91046
5753717500.0,-30.91643
5753718437.5,-30.90998
5753719375.0,-30.90981
5753720312.5,-30.91209
5753721250.0,-30.91171
5753722187.5,-30.90696
5753723125.0,-30.90508
5753724062.5,-30.90958
5753725000.0,-30.90742
5753725937.5,-30.91112
5753726875.0,-30.91014
5753727812.5,-30.91247
5753728750.0,-30.9085
5753729687.5,-30.9059
5753730625.0,-30.91046
5753731562.5,-30.9023
5753732500.0,-30.90214
5753733437.5,-30.91484
5753734375.0,-30.90412
5753735312.5,-30.90228
5753736250.0,-30.89977
5753737187.5,-30.90436
5753738125.0,-30.89486
5753739062.5,-30.89664
5753740000.0,-30.90714
5753740937.5,-30.89203
5753741875.0,-30.89593
5753742812.5,-30.90188
5753743750.0,-30.90103
5753744687.5,-30.90241
5753745625.0,-30.90212
5753746562.5,-30.89771
5753747500.0,-30.8977
5753748437.5,-30.8946
5753749375.0,-30.89617
5753750312.5,-30.90051
5753751250.0,-30.88526
5753752187.5,-30.89913
5753753125.0,-30.89109
5753754062.5,-30.88631
5753755000.0,-30.89474
5753755937.5,-30.89252
5753756875.0,-30.88594
5753757812.5,-30.89258
5753758750.0,-30.88544
5753759687.5,-30.89062
5753760625.0,-30.88029
5753761562.5,-30.88677
5753762500.0,-30.89247
5753763437.5,-30.89013
5753764375.0,-30.88494
5753765312.5,-30.89005
5753766250.0,-30.88898
5753767187.5,-30.88568
5753768125.0,-30.88028
5753769062.5,-30.88467
5753770000.0,-30.88606
5753770937.5,-30.88415
5753771875.0,-30.88334
5753772812.5,-30.88725
5753773750.0,-30.88379
5753774687.5,-30.88464
5753775625.0,-30.88121
5753776562.5,-30.87975
5753777500.0,-30.88622
5753778437.5,-30.88151
5753779375.0,-30.87999
5753780312.5,-30.88561
5753781250.0,-30.87774
5753782187.5,-30.88213
5753783125.0,-30.87425
5753784062.5,-30.87247
5753785000.0,-30.87586
5753785937.5,-30.87319
5753786875.0,-30.88072
5753787812.5,-30.87128
5753788750.0,-30.87593
5753789687.5,-30.87419
5753790625.0,-30.86708
5753791562.5,-30.87428
5753792500.0,-30.87187
5753793437.5,-30.86983
5753794375.0,-30.87446
5753795312.5,-30.86496
5753796250.0,-30.87225
5753797187.5,-30.87069
5753798125.0,-30.86737
5753799062.5,-30.87344
5753800000.0,-30.86604
5753800937.5,-30.8697
5753801875.0,-30.86801
5753802812.5,-30.86301
5753803750.0,-30.86635
5753804687.5,-30.86675
5753805625.0,-30.87298
5753806562.5,-30.86766
5753807500.0,-30.86305
5753808437.5,-30.87421
5753809375.0,-30.86288
5753810312.5,-30.86415
5753811250.0,-30.86519
5753812187.5,-30.85803
5753813125.0,-30.86224
5753814062.5,-30.86271
5753815000.0,-30.866
5753815937.5,-30.86513
5753816875.0,-30.86604
5753817812.5,-30.86217
5753818750.0,-30.8661
5753819687.5,-30.85921
5753820625.0,-30.85081
5753821562.5,-30.85919
5753822500.0,-30.86225
5753823437.5,-30.8532
5753824375.0,-30.85916
5753825312.5,-30.85448
5753826250.0,-30.8592
5753827187.5,-30.8509
5753828125.0,-30.85847
5753829062.5,-30.85243
5753830000.0,-30.85878
5753830937.5,-30.85602
5753831875.0,-30.85444
5753832812.5,-30.85162
5753833750.0,-30.84959
5753834687.5,-30.85068
5753835625.0,-30.8519
5753836562.5,-30.84929
5753837500.0,-30.84873
5753838437.5,-30.85458
5753839375.0,-30.84874
5753840312.5,-30.85767
5753841250.0,-30.8563
5753842187.5,-30.85032
5753843125.0,-30.84446
5753844062.5,-30.851
5753845000.0,-30.84801
5753845937.5,-30.84498
5753846875.0,-30.84543
5753847812.5,-30.84246
5753848750.0,-30.84557
5753849687.5,-30.8493
5753850625.0,-30.84428
5753851562.5,-30.84422
5753852500.0,-30.84794
5753853437.5,-30.84824
5753854375.0,-30.84432
5753855312.5,-30.84788
5753856250.0,-30.84317
5753857187.5,-30.84342
5753858125.0,-30.83971
5753859062.5,-30.84229
5753860000.0,-30.84561
5753860937.5,-30.83743
5753861875.0,-30.83972
5753862812.5,-30.84177
5753863750.0,-30.84279
5753864687.5,-30.84098
5753865625.0,-30.84035
5753866562.5,-30.83741
5753867500.0,-30.83948
5753868437.5,-30.83987
5753869375.0,-30.83665
5753870312.5,-30.82883
5753871250.0,-30.83881
5753872187.5,-30.83679
5753873125.0,-30.8328
5753874062.5,-30.8375
5753875000.0,-30.83492
5753875937.5,-30.83265
5753876875.0,-30.83418
5753877812.5,-30.83936
5753878750.0,-30.83189
5753879687.5,-30.82285
5753880625.0,-30.83272
5753881562.5,-30.82697
5753882500.0,-30.82454
5753883437.5,-30.82458
5753884375.0,-30.82746
5753885312.5,-30.82934
5753886250.0,-30.8259
5753887187.5,-30.83295
5753888125.0,-30.83072
5753889062.5,-30.8248
5753890000.0,-30.82895
5753890937.5,-30.82582
5753891875.0,-30.82086
5753892812.5,-30.82936
5753893750.0,-30.82246
5753894687.5,-30.82393
5753895625.0,-30.82574
5753896562.5,-30.82585
5753897500.0,-30.82714
5753898437.5,-30.8207
5753899375.0,-30.82162
5753900312.5,-30.82186
5753901250.0,-30.82132
5753902187.5,-30.82702
5753903125.0,-30.82077
5753904062.5,-30.82114
5753905000.0,-30.82231
5753905937.5,-30.8214
5753906875.0,-30.81865
5753907812.5,-30.81637
5753908750.0,-30.80756
5753909687.5,-30.82196
5753910625.0,-30.81655
5753911562.5,-30.81682
5753912500.0,-30.81951
5753913437.5,-30.81575
5753914375.0,-30.81369
5753915312.5,-30.81837
5753916250.0,-30.81779
5753917187.5,-30.82037
5753918125.0,-30.81253
5753919062.5,-30.81031
5753920000.0,-30.81733
5753920937.5,-30.80978
5753921875.0,-30.81611
5753922812.5,-30.81405
5753923750.0,-30.80775
5753924687.5,-30.80625
5753925625.0,-30.81247
5753926562.5,-30.81377
5753927500.0,-30.81151
5753928437.5,-30.81306
5753929375.0,-30.8106
5753930312.5,-30.81007
5753931250.0,-30.80956
5753932187.5,-30.80646
5753933125.0,-30.81015
5753934062.5,-30.80553
5753935000.0,-30.80552
5753935937.5,-30.80263
5753936875.0,-30.80756
5753937812.5,-30.80657
5753938750.0,-30.8142
5753939687.5,-30.80438
5753940625.0,-30.80633
5753941562.5,-30.79789
5753942500.0,-30.80387
5753943437.5,-30.8016
5753944375.0,-30.80528
5753945312.5,-30.80292
5753946250.0,-30.80428
5753947187.5,-30.80127
5753948125.0,-30.79495
5753949062.5,-30.80713
5753950000.0,-30.79627
5753950937.5,-30.80014
5753951875.0,-30.79801
5753952812.5,-30.79641
5753953750.0,-30.79517
5753954687.5,-30.79198
5753955625.0,-30.80617
5753956562.5,-30.79385
5753957500.0,-30.79753
5753958437.5,-30.80172
5753959375.0,-30.7957
5753960312.5,-30.79956
5753961250.0,-30.79411
5753962187.5,-30.79763
5753963125.0,-30.79379
5753964062.5,-30.79467
5753965000.0,-30.79146
5753965937.5,-30.79826
5753966875.0,-30.79554
5753967812.5,-30.78985
5753968750.0,-30.79008
5753969687.5,-30.79089
5753970625.0,-30.79107
5753971562.5,-30.79164
5753972500.0,-30.78948
5753973437.5,-30.78925
5753974375.0,-30.78678
5753975312.5,-30.79132
5753976250.0,-30.78549
5753977187.5,-30.79037
5753978125.0,-30.78621
5753979062.5,-30.79079
5753980000.0,-30.7863
5753980937.5,-30.78178
5753981875.0,-30.78593
5753982812.5,-30.78471
5753983750.0,-30.78938
5753984687.5,-30.79264
5753985625.0,-30.78393
5753986562.5,-30.78543
5753987500.0,-30.78404
5753988437.5,-30.78612
5753989375.0,-30.78444
5753990312.5,-30.79014
5753991250.0,-30.78996
5753992187.5,-30.78314
5753993125.0,-30.78073
5753994062.5,-30.7826
5753995000.0,-30.78513
5753995937.5,-30.78544
5753996875.0,-30.78205
5753997812.5,-30.78242
5753998750.0,-30.78449
5753999687.5,-30.78046
5754000625.0,-30.78
5754001562.5,-30.78047
5754002500.0,-30.77747
5754003437.5,-30.78594
5754004375.0,-30.77809
5754005312.5,-30.77811
5754006250.0,-30.77484
5754007187.5,-30.78166
5754008125.0,-30.77936
5754009062.5,-30.78027
5754010000.0,-30.7765
5754010937.5,-30.7778
5754011875.0,-30.77159
5754012812.5,-30.77739
5754013750.0,-30.77085
5754014687.5,-30.77851
5754015625.0,-30.77413
5754016562.5,-30.77767
5754017500.0,-30.77531
5754018437.5,-30.77553
5754019375.0,-30.77121
5754020312.5,-30.77538
5754021250.0,-30.77906
5754022187.5,-30.76942
5754023125.0,-30.77736
5754024062.5,-30.77126
5754025000.0,-30.76908
5754025937.5,-30.77942
5754026875.0,-30.76907
5754027812.5,-30.77231
5754028750.0,-30.76697
5754029687.5,-30.76474
5754030625.0,-30.76388
5754031562.5,-30.76829
5754032500.0,-30.77379
5754033437.5,-30.77024
5754034375.0,-30.76472
5754035312.5,-30.76615
5754036250.0,-30.77479
5754037187.5,-30.76344
5754038125.0,-30.76191
5754039062.5,-30.77254
5754040000.0,-30.76615
5754040937.5,-30.7672
5754041875.0,-30.76945
5754042812.5,-30.76889
5754043750.0,-30.76567
5754044687.5,-30.76381
5754045625.0,-30.76204
5754046562.5,-30.75955
5754047500.0,-30.75731
5754048437.5,-30.76659
5754049375.0,-30.76963
5754050312.5,-30.75995
5754051250.0,-30.7684
5754052187.5,-30.76571
5754053125.0,-30.76044
5754054062.5,-30.75712
5754055000.0,-30.7576
5754055937.5,-30.75067
5754056875.0,-30.76366
5754057812.5,-30.75324
5754058750.0,-30.76589
5754059687.5,-30.76148
5754060625.0,-30.74989
5754061562.5,-30.75488
5754062500.0,-30.75498
5754063437.5,-30.75353
5754064375.0,-30.75295
5754065312.5,-30.7523
5754066250.0,-30.75792
5754067187.5,-30.75669
5754068125.0,-30.74954
5754069062.5,-30.75355
5754070000.0,-30.75688
5754070937.5,-30.75851
5754071875.0,-30.7585
5754072812.5,-30.75806
5754073750.0,-30.7522
5754074687.5,-30.75647
5754075625.0,-30.74891
5754076562.5,-30.75472
5754077500.0,-30.75508
5754078437.5,-30.75227
5754079375.0,-30.7496
5754080312.5,-30.75679
5754081250.0,-30.75088
5754082187.5,-30.75191
5754083125.0,-30.74776
5754084062.5,-30.74515
5754085000.0,-30.75222
5754085937.5,-30.75333
5754086875.0,-30.75337
5754087812.5,-30.74973
5754088750.0,-30.74555
5754089687.5,-30.74962
5754090625.0,-30.74854
5754091562.5,-30.7439
5754092500.0,-30.74273
5754093437.5,-30.75081
5754094375.0,-30.74624
5754095312.5,-30.745
5754096250.0,-30.75587
5754097187.5,-30.74588
5754098125.0,-30.73897
5754099062.5,-30.74457
5754100000.0,-30.74642
5754100937.5,-30.74139
5754101875.0,-30.74216
5754102812.5,-30.74626
5754103750.0,-30.74463
5754104687.5,-30.74106
5754105625.0,-30.74261
5754106562.5,-30.74711
5754107500.0,-30.74576
5754108437.5,-30.7424
5754109375.0,-30.74329
5754110312.5,-30.74804
5754111250.0,-30.74526
5754112187.5,-30.73817
5754113125.0,-30.73731
5754114062.5,-30.7409
5754115000.0,-30.73747
5754115937.5,-30.74551
5754116875.0,-30.73595
5754117812.5,-30.73049
5754118750.0,-30.7366
5754119687.5,-30.72726
5754120625.0,-30.74223
5754121562.5,-30.73507
5754122500.0,-30.73289
5754123437.5,-30.73734
5754124375.0,-30.74277
5754125312.5,-30.74011
5754126250.0,-30.73131
5754127187.5,-30.73305
5754128125.0,-30.73492
5754129062.5,-30.73309
5754130000.0,-30.73555
5754130937.5,-30.73941
5754131875.0,-30.73726
5754132812.5,-30.73178
5754133750.0,-30.73126
5754134687.5,-30.73438
5754135625.0,-30.72976
5754136562.5,-30.72902
5754137500.0,-30.73967
5754138437.5,-30.72503
5754139375.0,-30.72875
5754140312.5,-30.73098
5754141250.0,-30.73042
5754142187.5,-30.72902
5754143125.0,-30.72963
5754144062.5,-30.72412
5754145000.0,-30.7339
5754145937.5,-30.72976
5754146875.0,-30.72207
5754147812.5,-30.73141
5754148750.0,-30.72976
5754149687.5,-30.73061
5754150625.0,-30.73093
5754151562.5,-30.73173
5754152500.0,-30.72488
5754153437.5,-30.7246
5754154375.0,-30.7335
5754155312.5,-30.72661
5754156250.0,-30.72787
5754157187.5,-30.72353
5754158125.0,-30.72811
5754159062.5,-30.72741
5754160000.0,-30.72732
5754160937.5,-30.72347
5754161875.0,-30.72172
5754162812.5,-30.72359
5754163750.0,-30.7276
5754164687.5,-30.72059
5754165625.0,-30.72507
5754166562.5,-30.72704
5754167500.0,-30.72664
5754168437.5,-30.72107
5754169375.0,-30.71473
5754170312.5,-30.71843
5754171250.0,-30.72601
5754172187.5,-30.72326
5754173125.0,-30.72109
5754174062.5,-30.71923
5754175000.0,-30.71947
5754175937.5,-30.71915
5754176875.0,-30.72438
5754177812.5,-30.71412
5754178750.0,-30.71354
5754179687.5,-30.7187
5754180625.0,-30.72144
5754181562.5,-30.71831
5754182500.0,-30.7161
5754183437.5,-30.71807
5754184375.0,-30.72058
5754185312.5,-30.71759
5754186250.0,-30.71443
5754187187.5,-30.71551
5754188125.0,-30.71421
5754189062.5,-30.72009
5754190000.0,-30.71532
5754190937.5,-30.7144
5754191875.0,-30.72076
5754192812.5,-30.71372
5754193750.0,-30.71034
5754194687.5,-30.72032
5754195625.0,-30.7129
5754196562.5,-30.71712
5754197500.0,-30.72082
5754198437.5,-30.7115
5754199375.0,-30.70963
5754200312.5,-30.71553
5754201250.0,-30.71528
5754202187.5,-30.71418
5754203125.0,-30.70866
5754204062.5,-30.71065
5754205000.0,-30.71066
5754205937.5,-30.7134
5754206875.0,-30.71258
5754207812.5,-30.71558
5754208750.0,-30.71012
5754209687.5,-30.70909
5754210625.0,-30.70554
5754211562.5,-30.70975
5754212500.0,-30.71355
5754213437.5,-30.72056
5754214375.0,-30.7044
5754215312.5,-30.70933
5754216250.0,-30.7128
5754217187.5,-30.71079
5754218125.0,-30.70867
5754219062.5,-30.71074
5754220000.0,-30.71128
5754220937.5,-30.70812
5754221875.0,-30.69662
5754222812.5,-30.7123
5754223750.0,-30.70958
5754224687.5,-30.70233
5754225625.0,-30.71113
5754226562.5,-30.69934
5754227500.0,-30.70783
5754228437.5,-30.70521
5754229375.0,-30.70819
5754230312.5,-30.70855
5754231250.0,-30.70463
5754232187.5,-30.70496
5754233125.0,-30.70779
5754234062.5,-30.698
5754235000.0,-30.71252
5754235937.5,-30.70415
5754236875.0,-30.69968
5754237812.5,-30.70326
5754238750.0,-30.70113
5754239687.5,-30.69986
5754240625.0,-30.70239
5754241562.5,-30.69475
5754242500.0,-30.70657
5754243437.5,-30.70314
5754244375.0,-30.70152
5754245312.5,-30.70242
5754246250.0,-30.70123
5754247187.5,-30.70428
5754248125.0,-30.69643
5754249062.5,-30.70092
5754250000.0,-30.7011
5754250937.5,-30.70055
5754251875.0,-30.70355
5754252812.5,-30.70008
5754253750.0,-30.70358
5754254687.5,-30.69942
5754255625.0,-30.70303
5754256562.5,-30.70332
5754257500.0,-30.70311
5754258437.5,-30.69756
5754259375.0,-30.69506
5754260312.5,-30.70188
5754261250.0,-30.70167
5754262187.5,-30.69526
5754263125.0,-30.69792
5754264062.5,-30.69833
5754265000.0,-30.70123
5754265937.5,-30.69711
5754266875.0,-30.6912
5754267812.5,-30.69558
5754268750.0,-30.69309
5754269687.5,-30.695
5754270625.0,-30.69694
5754271562.5,-30.69581
5754272500.0,-30.70039
5754273437.5,-30.68617
5754274375.0,-30.69355
5754275312.5,-30.70052
5754276250.0,-30.70205
5754277187.5,-30.69114
5754278125.0,-30.69114
5754279062.5,-30.69683
5754280000.0,-30.68828
5754280937.5,-30.68898
5754281875.0,-30.69331
5754282812.5,-30.69338
5754283750.0,-30.69743
5754284687.5,-30.68773
5754285625.0,-30.69677
5754286562.5,-30.69281
5754287500.0,-30.69081
5754288437.5,-30.69757
5754289375.0,-30.68581
5754290312.5,-30.6927
5754291250.0,-30.69347
5754292187.5,-30.68908
5754293125.0,-30.69584
5754294062.5,-30.69666
5754295000.0,-30.69171
5754295937.5,-30.68696
5754296875.0,-30.68657
5754297812.5,-30.68792
5754298750.0,-30.69024
5754299687.5,-30.69338
5754300625.0,-30.68507
5754301562.5,-30.69496
5754302500.0,-30.68637
5754303437.5,-30.68953
5754304375.0,-30.68279
5754305312.5,-30.68716
5754306250.0,-30.6859
5754307187.5,-30.68223
5754308125.0,-30.6891
5754309062.5,-30.69008
5754310000.0,-30.68874
5754310937.5,-30.68519
5754311875.0,-30.68723
5754312812.5,-30.68603
5754313750.0,-30.68795
5754314687.5,-30.68252
5754315625.0,-30.68596
5754316562.5,-30.68618
5754317500.0,-30.68196
5754318437.5,-30.68711
5754319375.0,-30.6825
5754320312.5,-30.68463
5754321250.0,-30.6812
5754322187.5,-30.68304
5754323125.0,-30.68381
5754324062.5,-30.68009
5754325000.0,-30.68719
5754325937.5,-30.68211
5754326875.0,-30.6842
5754327812.5,-30.68483
5754328750.0,-30.68129
5754329687.5,-30.68088
5754330625.0,-30.68581
5754331562.5,-30.67763
5754332500.0,-30.68043
5754333437.5,-30.6733
5754334375.0,-30.67987
5754335312.5,-30.67474
5754336250.0,-30.68977
5754337187.5,-30.67713
5754338125.0,-30.67397
5754339062.5,-30.67717
5754340000.0,-30.6773
5754340937.5,-30.67754
5754341875.0,-30.68118
5754342812.5,-30.67549
5754343750.0,-30.68184
5754344687.5,-30.67829
5754345625.0,-30.67875
5754346562.5,-30.68052
5754347500.0,-30.68251
5754348437.5,-30.68194
5754349375.0,-30.67687
5754350312.5,-30.67797
5754351250.0,-30.67769
5754352187.5,-30.67958
5754353125.0,-30.67301
5754354062.5,-30.67391
5754355000.0,-30.67094
5754355937.5,-30.68339
5754356875.0,-30.67776
5754357812.5,-30.67659
5754358750.0,-30.67472
5754359687.5,-30.67174
5754360625.0,-30.67682
5754361562.5,-30.67724
5754362500.0,-30.68278
5754363437.5,-30.67516
5754364375.0,-30.67844
5754365312.5,-30.67775
5754366250.0,-30.67481
5754367187.5,-30.67781
5754368125.0,-30.67754
5754369062.5,-30.67593
5754370000.0,-30.67053
5754370937.5,-30.67759
5754371875.0,-30.6771
5754372812.5,-30.6756
5754373750.0,-30.6738
5754374687.5,-30.67336
5754375625.0,-30.67498
5754376562.5,-30.67727
5754377500.0,-30.67729
5754378437.5,-30.66926
5754379375.0,-30.66982
5754380312.5,-30.67178
5754381250.0,-30.6738
5754382187.5,-30.6687
5754383125.0,-30.67059
5754384062.5,-30.67438
5754385000.0,-30.67126
5754385937.5,-30.67216
5754386875.0,-30.6673
5754387812.5,-30.66828
5754388750.0,-30.67287
5754389687.5,-30.66638
5754390625.0,-30.66984
5754391562.5,-30.67067
5754392500.0,-30.66997
5754393437.5,-30.66646
5754394375.0,-30.67479
5754395312.5,-30.66795
5754396250.0,-30.67228
5754397187.5,-30.67322
5754398125.0,-30.66901
5754399062.5,-30.67189
5754400000.0,-30.66415
5754400937.5,-30.67636
5754401875.0,-30.66598
5754402812.5,-30.66298
5754403750.0,-30.67427
5754404687.5,-30.67
5754405625.0,-30.67262
5754406562.5,-30.6676
5754407500.0,-30.66774
5754408437.5,-30.66966
5754409375.0,-30.66817
5754410312.5,-30.66909
5754411250.0,-30.6697
5754412187.5,-30.66672
5754413125.0,-30.66897
5754414062.5,-30.67324
5754415000.0,-30.667
5754415937.5,-30.66521
5754416875.0,-30.66693
5754417812.5,-30.66758
5754418750.0,-30.66557
5754419687.5,-30.66554
5754420625.0,-30.66417
5754421562.5,-30.66496
5754422500.0,-30.66993
5754423437.5,-30.66806
5754424375.0,-30.6701
5754425312.5,-30.66839
5754426250.0,-30.66887
5754427187.5,-30.66018
5754428125.0,-30.66544
5754429062.5,-30.66997
5754430000.0,-30.66692
5754430937.5,-30.66749
5754431875.0,-30.66407
5754432812.5,-30.66821
5754433750.0,-30.66175
5754434687.5,-30.66132
5754435625.0,-30.65972
5754436562.5,-30.66782
5754437500.0,-30.66863
5754438437.5,-30.66811
5754439375.0,-30.65742
5754440312.5,-30.66888
5754441250.0,-30.66453
5754442187.5,-30.66281
5754443125.0,-30.6637
5754444062.5,-30.66504
5754445000.0,-30.66013
5754445937.5,-30.66515
5754446875.0,-30.65878
5754447812.5,-30.66139
5754448750.0,-30.66717
5754449687.5,-30.66852
5754450625.0,-30.66002
5754451562.5,-30.66222
5754452500.0,-30.66063
5754453437.5,-30.66846
5754454375.0,-30.66126
5754455312.5,-30.66411
5754456250.0,-30.66189
5754457187.5,-30.66448
5754458125.0,-30.66593
5754459062.5,-30.66329
5754460000.0,-30.66618
5754460937.5,-30.665
5754461875.0,-30.66495
5754462812.5,-30.66469
5754463750.0,-30.66022
5754464687.5,-30.66591
5754465625.0,-30.65756
5754466562.5,-30.65639
5754467500.0,-30.65873
5754468437.5,-30.66671
5754469375.0,-30.65131
5754470312.5,-30.66441
5754471250.0,-30.66229
5754472187.5,-30.6577
5754473125.0,-30.66571
5754474062.5,-30.66024
5754475000.0,-30.6692
5754475937.5,-30.65614
5754476875.0,-30.66059
5754477812.5,-30.65781
5754478750.0,-30.66055
5754479687.5,-30.66589
5754480625.0,-30.65827
5754481562.5,-30.65701
5754482500.0,-30.66204
5754483437.5,-30.65722
5754484375.0,-30.66034
5754485312.5,-30.65795
5754486250.0,-30.66356
5754487187.5,-30.65864
5754488125.0,-30.65388
5754489062.5,-30.65999
5754490000.0,-30.65565
5754490937.5,-30.66091
5754491875.0,-30.65655
5754492812.5,-30.65788
5754493750.0,-30.66094
5754494687.5,-30.65755
5754495625.0,-30.65457
5754496562.5,-30.652
5754497500.0,-30.65685
5754498437.5,-30.65282
5754499375.0,-30.66023
5754500312.5,-30.65102
5754501250.0,-30.65673
5754502187.5,-30.65677
5754503125.0,-30.65557
5754504062.5,-30.66101
5754505000.0,-30.66018
5754505937.5,-30.65716
5754506875.0,-30.65711
5754507812.5,-30.65717
5754508750.0,-30.65096
5754509687.5,-30.65435
5754510625.0,-30.65987
5754511562.5,-30.65621
5754512500.0,-30.65504
5754513437.5,-30.6571
5754514375.0,-30.65804
5754515312.5,-30.65387
5754516250.0,-30.65662
5754517187.5,-30.65444
5754518125.0,-30.65497
5754519062.5,-30.65788
5754520000.0,-30.65505
5754520937.5,-30.65753
5754521875.0,-30.65543
5754522812.5,-30.65722
5754523750.0,-30.65519
5754524687.5,-30.65619
5754525625.0,-30.65402
5754526562.5,-30.65362
5754527500.0,-30.65937
5754528437.5,-30.65159
5754529375.0,-30.65318
5754530312.5,-30.65968
5754531250.0,-30.65267
5754532187.5,-30.65409
5754533125.0,-30.65449
5754534062.5,-30.65818
5754535000.0,-30.65343
5754535937.5,-30.65599
5754536875.0,-30.65512
5754537812.5,-30.65445
5754538750.0,-30.65523
5754539687.5,-30.64994
5754540625.0,-30.66011
5754541562.5,-30.65322
5754542500.0,-30.65613
5754543437.5,-30.65122
5754544375.0,-30.65005
5754545312.5,-30.65933
5754546250.0,-30.64889
5754547187.5,-30.6586
5754548125.0,-30.65378
5754549062.5,-30.65587
5754550000.0,-30.65149
5754550937.5,-30.65215
5754551875.0,-30.64929
5754552812.5,-30.65048
5754553750.0,-30.65553
5754554687.5,-30.65649
5754555625.0,-30.65534
5754556562.5,-30.6526
5754557500.0,-30.6536
5754558437.5,-30.65962
5754559375.0,-30.65413
5754560312.5,-30.6506
5754561250.0,-30.65225
5754562187.5,-30.65267
5754563125.0,-30.65568
5754564062.5,-30.64996
5754565000.0,-30.64819
5754565937.5,-30.65056
5754566875.0,-30.65285
5754567812.5,-30.6524
5754568750.0,-30.65352
5754569687.5,-30.65033
5754570625.0,-30.65208
5754571562.5,-30.64694
5754572500.0,-30.64923
5754573437.5,-30.64961
5754574375.0,-30.64914
5754575312.5,-30.64607
5754576250.0,-30.6532
5754577187.5,-30.65562
5754578125.0,-30.65565
5754579062.5,-30.64837
5754580000.0,-30.65313
5754580937.5,-30.64538
5754581875.0,-30.65106
5754582812.5,-30.64946
5754583750.0,-30.65168
5754584687.5,-30.6458
5754585625.0,-30.65841
5754586562.5,-30.65551
5754587500.0,-30.65457
5754588437.5,-30.66008
5754589375.0,-30.6532
5754590312.5,-30.65011
5754591250.0,-30.65187
5754592187.5,-30.64987
5754593125.0,-30.64752
5754594062.5,-30.64142
5754595000.0,-30.64679
5754595937.5,-30.65166
5754596875.0,-30.64986
5754597812.5,-30.6453
5754598750.0,-30.64927
5754599687.5,-30.64832
5754600625.0,-30.65507
5754601562.5,-30.64477
5754602500.0,-30.65019
5754603437.5,-30.65108
5754604375.0,-30.64796
5754605312.5,-30.65177
5754606250.0,-30.65192
5754607187.5,-30.65499
5754608125.0,-30.65358
5754609062.5,-30.64892
5754610000.0,-30.64692
5754610937.5,-30.64748
5754611875.0,-30.64737
5754612812.5,-30.64851
5754613750.0,-30.6484
5754614687.5,-30.64424
5754615625.0,-30.65545
5754616562.5,-30.6483
5754617500.0,-30.6473
5754618437.5,-30.65179
5754619375.0,-30.65141
5754620312.5,-30.64352
5754621250.0,-30.6471
5754622187.5,-30.65406
5754623125.0,-30.65203
5754624062.5,-30.64897
5754625000.0,-30.64989
5754625937.5,-30.64757
5754626875.0,-30.65008
5754627812.5,-30.64554
5754628750.0,-30.6526
5754629687.5,-30.6505
5754630625.0,-30.64767
5754631562.5,-30.65314
5754632500.0,-30.64486
5754633437.5,-30.64943
5754634375.0,-30.6487
5754635312.5,-30.65035
5754636250.0,-30.65131
5754637187.5,-30.64746
5754638125.0,-30.65314
5754639062.5,-30.64956
5754640000.0,-30.64759
5754640937.5,-30.64316
5754641875.0,-30.64727
5754642812.5,-30.65189
5754643750.0,-30.64792
5754644687.5,-30.64582
5754645625.0,-30.64948
5754646562.5,-30.65038
5754647500.0,-30.65183
5754648437.5,-30.65125
5754649375.0,-30.65005
5754650312.5,-30.64845
5754651250.0,-30.64487
5754652187.5,-30.64583
5754653125.0,-30.64836
5754654062.5,-30.65419
5754655000.0,-30.6478
5754655937.5,-30.64832
5754656875.0,-30.65118
5754657812.5,-30.64905
5754658750.0,-30.65204
5754659687.5,-30.65751
5754660625.0,-30.6495
5754661562.5,-30.64612
5754662500.0,-30.64665
5754663437.5,-30.64636
5754664375.0,-30.6527
5754665312.5,-30.65659
5754666250.0,-30.64211
5754667187.5,-30.64977
5754668125.0,-30.64908
5754669062.5,-30.65334
5754670000.0,-30.64508
5754670937.5,-30.65332
5754671875.0,-30.65247
5754672812.5,-30.64826
5754673750.0,-30.64958
5754674687.5,-30.65319
5754675625.0,-30.65003
5754676562.5,-30.65191
5754677500.0,-30.64783
5754678437.5,-30.64107
5754679375.0,-30.64673
5754680312.5,-30.65442
5754681250.0,-30.6469
5754682187.5,-30.64827
5754683125.0,-30.64992
5754684062.5,-30.65876
5754685000.0,-30.6524
5754685937.5,-30.6526
5754686875.0,-30.64735
5754687812.5,-30.64883
5754688750.0,-30.65424
5754689687.5,-30.64753
5754690625.0,-30.64106
5754691562.5,-30.64809
5754692500.0,-30.64774
5754693437.5,-30.65186
5754694375.0,-30.65407
5754695312.5,-30.65083
5754696250.0,-30.64718
5754697187.5,-30.64626
5754698125.0,-30.6532
5754699062.5,-30.65391
5754700000.0,-30.65287
5754700937.5,-30.64793
5754701875.0,-30.65331
5754702812.5,-30.65049
5754703750.0,-30.65144
5754704687.5,-30.6507
5754705625.0,-30.6547
5754706562.5,-30.65067
5754707500.0,-30.65053
5754708437.5,-30.65608
5754709375.0,-30.65784
5754710312.5,-30.64466
5754711250.0,-30.6488
5754712187.5,-30.64764
5754713125.0,-30.64763
5754714062.5,-30.65433
5754715000.0,-30.651
5754715937.5,-30.65294
5754716875.0,-30.64978
5754717812.5,-30.65553
5754718750.0,-30.64926
5754719687.5,-30.65206
5754720625.0,-30.65059
5754721562.5,-30.65046
5754722500.0,-30.64705
5754723437.5,-30.65187
5754724375.0,-30.65369
5754725312.5,-30.65077
5754726250.0,-30.65241
5754727187.5,-30.64655
5754728125.0,-30.64634
5754729062.5,-30.64746
5754730000.0,-30.65079
5754730937.5,-30.64565
5754731875.0,-30.65354
5754732812.5,-30.65348
5754733750.0,-30.64758
5754734687.5,-30.64683
5754735625.0,-30.65209
5754736562.5,-30.65033
5754737500.0,-30.65226
5754738437.5,-30.65116
5754739375.0,-30.6496
5754740312.5,-30.65485
5754741250.0,-30.64934
5754742187.5,-30.64735
5754743125.0,-30.64846
5754744062.5,-30.64955
5754745000.0,-30.65165
5754745937.5,-30.64441
5754746875.0,-30.65116
5754747812.5,-30.6484
5754748750.0,-30.64978
5754749687.5,-30.64773
5754750625.0,-30.65509
5754751562.5,-30.65115
5754752500.0,-30.64977
5754753437.5,-30.65119
5754754375.0,-30.64891
5754755312.5,-30.65309
5754756250.0,-30.65163
5754757187.5,-30.64981
5754758125.0,-30.65296
5754759062.5,-30.6526
5754760000.0,-30.64949
5754760937.5,-30.65219
5754761875.0,-30.65306
5754762812.5,-30.64836
5754763750.0,-30.65553
5754764687.5,-30.65412
5754765625.0,-30.65621
5754766562.5,-30.64727
5754767500.0,-30.659
5754768437.5,-30.65363
5754769375.0,-30.65582
5754770312.5,-30.65575
5754771250.0,-30.64318
5754772187.5,-30.65165
5754773125.0,-30.66158
5754774062.5,-30.64877
5754775000.0,-30.6578
5754775937.5,-30.65706
5754776875.0,-30.65254
5754777812.5,-30.65333
5754778750.0,-30.65402
5754779687.5,-30.65095
5754780625.0,-30.65125
5754781562.5,-30.65057
5754782500.0,-30.65207
5754783437.5,-30.65137
5754784375.0,-30.65244
5754785312.5,-30.66045
5754786250.0,-30.64953
5754787187.5,-30.65146
5754788125.0,-30.65248
5754789062.5,-30.65222
5754790000.0,-30.65199
5754790937.5,-30.65217
5754791875.0,-30.65187
5754792812.5,-30.65189
5754793750.0,-30.65253
5754794687.5,-30.64685
5754795625.0,-30.66011
5754796562.5,-30.65529
5754797500.0,-30.65642
5754798437.5,-30.65412
5754799375.0,-30.65132
5754800312.5,-30.65642
5754801250.0,-30.65912
5754802187.5,-30.65379
5754803125.0,-30.65773
5754804062.5,-30.65887
5754805000.0,-30.65726
5754805937.5,-30.65853
5754806875.0,-30.65579
5754807812.5,-30.6605
5754808750.0,-30.65269
5754809687.5,-30.66122
5754810625.0,-30.65471
5754811562.5,-30.6523
5754812500.0,-30.65827
5754813437.5,-30.65537
5754814375.0,-30.65495
5754815312.5,-30.6603
5754816250.0,-30.6657
5754817187.5,-30.65606
5754818125.0,-30.6569
5754819062.5,-30.66018
5754820000.0,-30.65745
5754820937.5,-30.65255
5754821875.0,-30.65901
5754822812.5,-30.66176
5754823750.0,-30.66265
5754824687.5,-30.65731
5754825625.0,-30.66094
5754826562.5,-30.6605
5754827500.0,-30.65229
5754828437.5,-30.6571
5754829375.0,-30.65875
5754830312.5,-30.65845
5754831250.0,-30.65682
5754832187.5,-30.65772
5754833125.0,-30.65812
5754834062.5,-30.65268
5754835000.0,-30.65946
5754835937.5,-30.6528
5754836875.0,-30.66101
5754837812.5,-30.66428
5754838750.0,-30.66142
5754839687.5,-30.66325
5754840625.0,-30.65985
5754841562.5,-30.66054
5754842500.0,-30.66177
5754843437.5,-30.65943
5754844375.0,-30.6553
5754845312.5,-30.65917
5754846250.0,-30.65645
5754847187.5,-30.66
5754848125.0,-30.65997
5754849062.5,-30.65805
5754850000.0,-30.66041
5754850937.5,-30.66562
5754851875.0,-30.66034
5754852812.5,-30.65533
5754853750.0,-30.65969
5754854687.5,-30.66237
5754855625.0,-30.66436
5754856562.5,-30.66426
5754857500.0,-30.65524
5754858437.5,-30.66324
5754859375.0,-30.66814
5754860312.5,-30.66284
5754861250.0,-30.65907
5754862187.5,-30.66287
5754863125.0,-30.66251
5754864062.5,-30.66221
5754865000.0,-30.65828
5754865937.5,-30.66701
5754866875.0,-30.66158
5754867812.5,-30.6646
5754868750.0,-30.66238
5754869687.5,-30.66523
5754870625.0,-30.66009
5754871562.5,-30.662
5754872500.0,-30.6627
5754873437.5,-30.66637
5754874375.0,-30.66381
5754875312.5,-30.66277
5754876250.0,-30.66491
5754877187.5,-30.66372
5754878125.0,-30.67109
5754879062.5,-30.65991
5754880000.0,-30.66113
5754880937.5,-30.66916
5754881875.0,-30.66774
5754882812.5,-30.66883
5754883750.0,-30.66988
5754884687.5,-30.67213
5754885625.0,-30.66102
5754886562.5,-30.66519
5754887500.0,-30.66548
5754888437.5,-30.66338
5754889375.0,-30.66326
5754890312.5,-30.66369
5754891250.0,-30.66411
5754892187.5,-30.66534
5754893125.0,-30.66382
5754894062.5,-30.66619
5754895000.0,-30.66701
5754895937.5,-30.66549
5754896875.0,-30.66489
5754897812.5,-30.66717
5754898750.0,-30.66311
5754899687.5,-30.66469
5754900625.0,-30.66747
5754901562.5,-30.66885
5754902500.0,-30.66493
5754903437.5,-30.66592
5754904375.0,-30.67131
5754905312.5,-30.66747
5754906250.0,-30.67112
5754907187.5,-30.67049
5754908125.0,-30.67397
5754909062.5,-30.66975
5754910000.0,-30.66566
5754910937.5,-30.66892
5754911875.0,-30.66451
5754912812.5,-30.67141
5754913750.0,-30.66578
5754914687.5,-30.66792
5754915625.0,-30.66654
5754916562.5,-30.66623
5754917500.0,-30.66416
5754918437.5,-30.67625
5754919375.0,-30.67128
5754920312.5,-30.66879
5754921250.0,-30.67385
5754922187.5,-30.66718
5754923125.0,-30.67114
5754924062.5,-30.67008
5754925000.0,-30.66627
5754925937.5,-30.67517
5754926875.0,-30.66788
5754927812.5,-30.66819
5754928750.0,-30.6717
5754929687.5,-30.67538
5754930625.0,-30.67135
5754931562.5,-30.67542
5754932500.0,-30.66992
5754933437.5,-30.67431
5754934375.0,-30.66888
5754935312.5,-30.67756
5754936250.0,-30.66763
5754937187.5,-30.67115
5754938125.0,-30.67298
5754939062.5,-30.67975
5754940000.0,-30.67439
5754940937.5,-30.67209
5754941875.0,-30.67664
5754942812.5,-30.67453
5754943750.0,-30.67659
5754944687.5,-30.67646
5754945625.0,-30.6692
5754946562.5,-30.67616
5754947500.0,-30.67324
5754948437.5,-30.67275
5754949375.0,-30.67498
5754950312.5,-30.67279
5754951250.0,-30.67343
5754952187.5,-30.67445
5754953125.0,-30.67497
5754954062.5,-30.67536
5754955000.0,-30.67567
5754955937.5,-30.67719
5754956875.0,-30.67383
5754957812.5,-30.67553
5754958750.0,-30.67348
5754959687.5,-30.67579
5754960625.0,-30.67763
5754961562.5,-30.67509
5754962500.0,-30.68299
5754963437.5,-30.67839
5754964375.0,-30.67463
5754965312.5,-30.68271
5754966250.0,-30.67278
5754967187.5,-30.6829
5754968125.0,-30.67507
5754969062.5,-30.67789
5754970000.0,-30.67713
5754970937.5,-30.67789
5754971875.0,-30.67854
5754972812.5,-30.6851
5754973750.0,-30.68173
5754974687.5,-30.67665
5754975625.0,-30.68193
5754976562.5,-30.69124
5754977500.0,-30.68329
5754978437.5,-30.68074
5754979375.0,-30.68082
5754980312.5,-30.68557
5754981250.0,-30.67892
5754982187.5,-30.68291
5754983125.0,-30.68521
5754984062.5,-30.68252
5754985000.0,-30.68771
5754985937.5,-30.68682
5754986875.0,-30.68301
5754987812.5,-30.68547
5754988750.0,-30.68933
5754989687.5,-30.68139
5754990625.0,-30.6921
5754991562.5,-30.68022
5754992500.0,-30.68821
5754993437.5,-30.69034
5754994375.0,-30.69341
5754995312.5,-30.68523
5754996250.0,-30.68162
5754997187.5,-30.68761
5754998125.0,-30.68704
5754999062.5,-30.6841
5755000000.0,-30.6865
5755000937.5,-30.68109
5755001875.0,-30.68544
5755002812.5,-30.68731
5755003750.0,-30.68733
5755004687.5,-30.686
5755005625.0,-30.68345
5755006562.5,-30.69159
5755007500.0,-30.69577
5755008437.5,-30.68653
5755009375.0,-30.68528
5755010312.5,-30.68944
5755011250.0,-30.68596
5755012187.5,-30.68839
5755013125.0,-30.68685
5755014062.5,-30.68788
5755015000.0,-30.68596
5755015937.5,-30.68712
5755016875.0,-30.69252
5755017812.5,-30.6935
5755018750.0,-30.69082
5755019687.5,-30.69133
5755020625.0,-30.68892
5755021562.5,-30.68842
5755022500.0,-30.69105
5755023437.5,-30.68911
5755024375.0,-30.69307
5755025312.5,-30.69406
5755026250.0,-30.68682
5755027187.5,-30.69111
5755028125.0,-30.69471
5755029062.5,-30.6936
5755030000.0,-30.68866
5755030937.5,-30.69841
5755031875.0,-30.69156
5755032812.5,-30.69055
5755033750.0,-30.69899
5755034687.5,-30.69089
5755035625.0,-30.69407
5755036562.5,-30.68602
5755037500.0,-30.69105
5755038437.5,-30.69314
5755039375.0,-30.69715
5755040312.5,-30.69371
5755041250.0,-30.69509
5755042187.5,-30.69487
5755043125.0,-30.69722
5755044062.5,-30.70567
5755045000.0,-30.69291
5755045937.5,-30.6887
5755046875.0,-30.69106
5755047812.5,-30.70147
5755048750.0,-30.70135
5755049687.5,-30.69415
5755050625.0,-30.7021
5755051562.5,-30.69903
5755052500.0,-30.69751
5755053437.5,-30.69488
5755054375.0,-30.70047
5755055312.5,-30.69813
5755056250.0,-30.70117
5755057187.5,-30.69781
5755058125.0,-30.69326
5755059062.5,-30.69356
5755060000.0,-30.69823
5755060937.5,-30.70556
5755061875.0,-30.70129
5755062812.5,-30.6998
5755063750.0,-30.69748
5755064687.5,-30.69574
5755065625.0,-30.69986
5755066562.5,-30.70233
5755067500.0,-30.70174
5755068437.5,-30.69505
5755069375.0,-30.69652
5755070312.5,-30.70231
5755071250.0,-30.70623
5755072187.5,-30.69822
5755073125.0,-30.69598
5755074062.5,-30.69979
5755075000.0,-30.6996
5755075937.5,-30.70441
5755076875.0,-30.70511
5755077812.5,-30.70265
5755078750.0,-30.70299
5755079687.5,-30.7053
5755080625.0,-30.70464
5755081562.5,-30.70614
5755082500.0,-30.70973
5755083437.5,-30.69677
5755084375.0,-30.70668
5755085312.5,-30.70664
5755086250.0,-30.70812
5755087187.5,-30.70224
5755088125.0,-30.70324
5755089062.5,-30.70879
5755090000.0,-30.7068
5755090937.5,-30.70348
5755091875.0,-30.70856
5755092812.5,-30.70887
5755093750.0,-30.7059
5755094687.5,-30.70628
5755095625.0,-30.70543
5755096562.5,-30.70484
5755097500.0,-30.70999
5755098437.5,-30.7093
5755099375.0,-30.70971
5755100312.5,-30.70467
5755101250.0,-30.71041
5755102187.5,-30.70631
5755103125.0,-30.7077
5755104062.5,-30.71054
5755105000.0,-30.70694
5755105937.5,-30.70617
5755106875.0,-30.70449
5755107812.5,-30.71307
5755108750.0,-30.70967
5755109687.5,-30.71272
5755110625.0,-30.70704
5755111562.5,-30.71117
5755112500.0,-30.71716
5755113437.5,-30.71663
5755114375.0,-30.71488
5755115312.5,-30.71911
5755116250.0,-30.71301
5755117187.5,-30.71754
5755118125.0,-30.71548
5755119062.5,-30.72032
5755120000.0,-30.71968
5755120937.5,-30.71443
5755121875.0,-30.7152
5755122812.5,-30.71523
5755123750.0,-30.71703
5755124687.5,-30.71388
5755125625.0,-30.71712
5755126562.5,-30.71737
5755127500.0,-30.7183
5755128437.5,-30.71857
5755129375.0,-30.71484
5755130312.5,-30.71995
5755131250.0,-30.71342
5755132187.5,-30.72104
5755133125.0,-30.7194
5755134062.5,-30.71825
5755135000.0,-30.71379
5755135937.5,-30.72074
5755136875.0,-30.71797
5755137812.5,-30.72138
5755138750.0,-30.72158
5755139687.5,-30.71862
5755140625.0,-30.71873
5755141562.5,-30.72235
5755142500.0,-30.72099
5755143437.5,-30.72425
5755144375.0,-30.71695
5755145312.5,-30.71953
5755146250.0,-30.71999
5755147187.5,-30.72532
5755148125.0,-30.72332
5755149062.5,-30.72031
5755150000.0,-30.72291
5755150937.5,-30.72124
5755151875.0,-30.72079
5755152812.5,-30.72817
5755153750.0,-30.72831
5755154687.5,-30.72032
5755155625.0,-30.72858
5755156562.5,-30.72839
5755157500.0,-30.7247
5755158437.5,-30.73292
5755159375.0,-30.72516
5755160312.5,-30.7222
5755161250.0,-30.72129
5755162187.5,-30.72987
5755163125.0,-30.72631
5755164062.5,-30.73076
5755165000.0,-30.72834
5755165937.5,-30.73363
5755166875.0,-30.72652
5755167812.5,-30.73049
5755168750.0,-30.73146
5755169687.5,-30.73424
5755170625.0,-30.7282
5755171562.5,-30.72708
5755172500.0,-30.72672
5755173437.5,-30.73655
5755174375.0,-30.72454
5755175312.5,-30.73089
5755176250.0,-30.73501
5755177187.5,-30.73251
5755178125.0,-30.72791
5755179062.5,-30.72829
5755180000.0,-30.7307
5755180937.5,-30.73309
5755181875.0,-30.73529
5755182812.5,-30.73364
5755183750.0,-30.73498
5755184687.5,-30.73626
5755185625.0,-30.7362
5755186562.5,-30.73727
5755187500.0,-30.73905
5755188437.5,-30.73071
5755189375.0,-30.73465
5755190312.5,-30.74018
5755191250.0,-30.73682
5755192187.5,-30.74037
5755193125.0,-30.73202
5755194062.5,-30.74689
5755195000.0,-30.74042
5755195937.5,-30.73698
5755196875.0,-30.73801
5755197812.5,-30.73488
5755198750.0,-30.73407
5755199687.5,-30.73592
5755200625.0,-30.7434
5755201562.5,-30.7384
5755202500.0,-30.74641
5755203437.5,-30.74251
5755204375.0,-30.74136
5755205312.5,-30.74596
5755206250.0,-30.74026
5755207187.5,-30.74549
5755208125.0,-30.74035
5755209062.5,-30.73354
5755210000.0,-30.73874
5755210937.5,-30.74682
5755211875.0,-30.74247
5755212812.5,-30.7391
5755213750.0,-30.7456
5755214687.5,-30.74324
5755215625.0,-30.74333
5755216562.5,-30.74255
5755217500.0,-30.74794
5755218437.5,-30.74008
5755219375.0,-30.74235
5755220312.5,-30.74397
5755221250.0,-30.74461
5755222187.5,-30.74734
5755223125.0,-30.74664
5755224062.5,-30.74466
5755225000.0,-30.75414
5755225937.5,-30.74387
5755226875.0,-30.74767
5755227812.5,-30.74554
5755228750.0,-30.74416
5755229687.5,-30.74937
5755230625.0,-30.74839
5755231562.5,-30.75495
5755232500.0,-30.75141
5755233437.5,-30.74898
5755234375.0,-30.7467
5755235312.5,-30.7546
5755236250.0,-30.75024
5755237187.5,-30.7534
5755238125.0,-30.75528
5755239062.5,-30.75373
5755240000.0,-30.75251
5755240937.5,-30.75128
5755241875.0,-30.75811
5755242812.5,-30.75096
5755243750.0,-30.75074
5755244687.5,-30.75445
5755245625.0,-30.75533
5755246562.5,-30.75266
5755247500.0,-30.75939
5755248437.5,-30.7532
5755249375.0,-30.75727
5755250312.5,-30.75237
5755251250.0,-30.75933
5755252187.5,-30.76179
5755253125.0,-30.75699
5755254062.5,-30.7579
5755255000.0,-30.76151
5755255937.5,-30.76267
5755256875.0,-30.76257
5755257812.5,-30.75711
5755258750.0,-30.76032
5755259687.5,-30.75646
5755260625.0,-30.76177
5755261562.5,-30.75803
5755262500.0,-30.76213
5755263437.5,-30.76716
5755264375.0,-30.76526
5755265312.5,-30.76536
5755266250.0,-30.76257
5755267187.5,-30.76126
5755268125.0,-30.76032
5755269062.5,-30.76183
5755270000.0,-30.76843
5755270937.5,-30.76274
5755271875.0,-30.76471
5755272812.5,-30.75792
5755273750.0,-30.76333
5755274687.5,-30.75996
5755275625.0,-30.76752
5755276562.5,-30.76768
5755277500.0,-30.77029
5755278437.5,-30.77288
5755279375.0,-30.76742
5755280312.5,-30.76523
5755281250.0,-30.77089
5755282187.5,-30.77052
5755283125.0,-30.76395
5755284062.5,-30.76599
5755285000.0,-30.76546
5755285937.5,-30.76342
5755286875.0,-30.76552
5755287812.5,-30.76888
5755288750.0,-30.77112
5755289687.5,-30.77251
5755290625.0,-30.77533
5755291562.5,-30.76969
5755292500.0,-30.77447
5755293437.5,-30.77121
5755294375.0,-30.77475
5755295312.5,-30.77439
5755296250.0,-30.76715
5755297187.5,-30.77384
5755298125.0,-30.76964
5755299062.5,-30.77672
5755300000.0,-30.77255
5755300937.5,-30.77372
5755301875.0,-30.7743
5755302812.5,-30.77098
5755303750.0,-30.77479
5755304687.5,-30.77236
5755305625.0,-30.78323
5755306562.5,-30.77967
5755307500.0,-30.78033
5755308437.5,-30.77676
5755309375.0,-30.77831
5755310312.5,-30.77952
5755311250.0,-30.77623
5755312187.5,-30.77935
5755313125.0,-30.78204
5755314062.5,-30.78144
5755315000.0,-30.77952
5755315937.5,-30.78339
5755316875.0,-30.78835
5755317812.5,-30.78011
5755318750.0,-30.78018
5755319687.5,-30.78389
5755320625.0,-30.78315
5755321562.5,-30.78064
5755322500.0,-30.79056
5755323437.5,-30.78034
5755324375.0,-30.78522
5755325312.5,-30.78597
5755326250.0,-30.78226
5755327187.5,-30.78532
5755328125.0,-30.78716
5755329062.5,-30.79114
5755330000.0,-30.78375
5755330937.5,-30.79178
5755331875.0,-30.78566
5755332812.5,-30.78593
5755333750.0,-30.78803
5755334687.5,-30.7871
5755335625.0,-30.79097
5755336562.5,-30.78597
5755337500.0,-30.79925
5755338437.5,-30.78858
5755339375.0,-30.79198
5755340312.5,-30.79004
5755341250.0,-30.78708
5755342187.5,-30.79106
5755343125.0,-30.79152
5755344062.5,-30.79315
5755345000.0,-30.79157
5755345937.5,-30.79071
5755346875.0,-30.78649
5755347812.5,-30.7894
5755348750.0,-30.78883
5755349687.5,-30.79304
5755350625.0,-30.79408
5755351562.5,-30.78933
5755352500.0,-30.79893
5755353437.5,-30.7987
5755354375.0,-30.79371
5755355312.5,-30.7983
5755356250.0,-30.79251
5755357187.5,-30.80161
5755358125.0,-30.79761
5755359062.5,-30.80332
5755360000.0,-30.79599
5755360937.5,-30.80759
5755361875.0,-30.80008
5755362812.5,-30.79562
5755363750.0,-30.80025
5755364687.5,-30.80569
5755365625.0,-30.79915
5755366562.5,-30.80031
5755367500.0,-30.79835
5755368437.5,-30.80279
5755369375.0,-30.80533
5755370312.5,-30.80568
5755371250.0,-30.80399
5755372187.5,-30.80608
5755373125.0,-30.80431
5755374062.5,-30.8072
5755375000.0,-30.80677
5755375937.5,-30.80075
5755376875.0,-30.80726
5755377812.5,-30.80213
5755378750.0,-30.8066
5755379687.5,-30.80653
5755380625.0,-30.80666
5755381562.5,-30.80207
5755382500.0,-30.80666
5755383437.5,-30.80459
5755384375.0,-30.81112
5755385312.5,-30.80777
5755386250.0,-30.80697
5755387187.5,-30.80552
5755388125.0,-30.80962
5755389062.5,-30.81433
5755390000.0,-30.80811
5755390937.5,-30.81206
5755391875.0,-30.8098
5755392812.5,-30.81123
5755393750.0,-30.80954
5755394687.5,-30.81267
5755395625.0,-30.8113
5755396562.5,-30.81938
5755397500.0,-30.8114
5755398437.5,-30.81618
5755399375.0,-30.81627
5755400312.5,-30.81684
5755401250.0,-30.81763
5755402187.5,-30.81938
5755403125.0,-30.81217
5755404062.5,-30.81452
5755405000.0,-30.81483
5755405937.5,-30.81443
5755406875.0,-30.8189
5755407812.5,-30.81324
5755408750.0,-30.81451
5755409687.5,-30.82203
5755410625.0,-30.81793
5755411562.5,-30.82293
5755412500.0,-30.81815
5755413437.5,-30.82555
5755414375.0,-30.82276
5755415312.5,-30.82536
5755416250.0,-30.82098
5755417187.5,-30.82496
5755418125.0,-30.82247
5755419062.5,-30.81957
5755420000.0,-30.82446
5755420937.5,-30.82582
5755421875.0,-30.82299
5755422812.5,-30.82406
5755423750.0,-30.8221
5755424687.5,-30.82583
5755425625.0,-30.82526
5755426562.5,-30.8313
5755427500.0,-30.83009
5755428437.5,-30.82853
5755429375.0,-30.82972
5755430312.5,-30.82939
5755431250.0,-30.83616
5755432187.5,-30.82764
5755433125.0,-30.83179
5755434062.5,-30.83007
5755435000.0,-30.83399
5755435937.5,-30.83293
5755436875.0,-30.83192
5755437812.5,-30.83018
5755438750.0,-30.82954
5755439687.5,-30.82471
5755440625.0,-30.83233
5755441562.5,-30.83637
5755442500.0,-30.83611
5755443437.5,-30.83542
5755444375.0,-30.8405
5755445312.5,-30.83329
5755446250.0,-30.83432
5755447187.5,-30.83197
5755448125.0,-30.83953
5755449062.5,-30.84128
5755450000.0,-30.83216
5755450937.5,-30.83826
5755451875.0,-30.8428
5755452812.5,-30.84446
5755453750.0,-30.84067
5755454687.5,-30.83938
5755455625.0,-30.84565
5755456562.5,-30.83702
5755457500.0,-30.84188
5755458437.5,-30.84328
5755459375.0,-30.84281
5755460312.5,-30.84628
5755461250.0,-30.84204
5755462187.5,-30.841
5755463125.0,-30.84876
5755464062.5,-30.84396
5755465000.0,-30.85206
5755465937.5,-30.84438
5755466875.0,-30.8418
5755467812.5,-30.85041
5755468750.0,-30.84554
5755469687.5,-30.84751
5755470625.0,-30.84842
5755471562.5,-30.84995
5755472500.0,-30.84945
5755473437.5,-30.84996
5755474375.0,-30.84622
5755475312.5,-30.84515
5755476250.0,-30.84766
5755477187.5,-30.8487
5755478125.0,-30.85002
5755479062.5,-30.84935
5755480000.0,-30.85084
5755480937.5,-30.85373
5755481875.0,-30.85105
5755482812.5,-30.85882
5755483750.0,-30.8589
5755484687.5,-30.85773
5755485625.0,-30.85243
5755486562.5,-30.85972
5755487500.0,-30.85463
5755488437.5,-30.85932
5755489375.0,-30.85785
5755490312.5,-30.86469
5755491250.0,-30.85563
5755492187.5,-30.8629
5755493125.0,-30.85725
5755494062.5,-30.85417
5755495000.0,-30.86476
5755495937.5,-30.86152
5755496875.0,-30.86037
5755497812.5,-30.86465
5755498750.0,-30.86437
5755499687.5,-30.85705
5755500625.0,-30.85807
5755501562.5,-30.86274
5755502500.0,-30.86373
5755503437.5,-30.86269
5755504375.0,-30.86418
5755505312.5,-30.8686
5755506250.0,-30.86293
5755507187.5,-30.86612
5755508125.0,-30.86589
5755509062.5,-30.87366
5755510000.0,-30.87063
5755510937.5,-30.86884
5755511875.0,-30.87258
5755512812.5,-30.8714
5755513750.0,-30.87113
5755514687.5,-30.8721
5755515625.0,-30.869
5755516562.5,-30.87083
5755517500.0,-30.87679
5755518437.5,-30.88034
5755519375.0,-30.87026
5755520312.5,-30.87193
5755521250.0,-30.87626
5755522187.5,-30.87997
5755523125.0,-30.87494
5755524062.5,-30.87613
5755525000.0,-30.87352
5755525937.5,-30.87543
5755526875.0,-30.88091
5755527812.5,-30.87472
5755528750.0,-30.88072
5755529687.5,-30.87903
5755530625.0,-30.87843
5755531562.5,-30.88088
5755532500.0,-30.88188
5755533437.5,-30.87782
5755534375.0,-30.87656
5755535312.5,-30.87679
5755536250.0,-30.87793
5755537187.5,-30.88201
5755538125.0,-30.88129
5755539062.5,-30.88337
5755540000.0,-30.87148
5755540937.5,-30.88548
5755541875.0,-30.88663
5755542812.5,-30.88493
5755543750.0,-30.88721
5755544687.5,-30.89247
5755545625.0,-30.88635
5755546562.5,-30.88303
5755547500.0,-30.88524
5755548437.5,-30.88824
5755549375.0,-30.88291
5755550312.5,-30.88754
5755551250.0,-30.8857
5755552187.5,-30.89056
5755553125.0,-30.88977
5755554062.5,-30.89032
5755555000.0,-30.89239
5755555937.5,-30.88074
5755556875.0,-30.88738
5755557812.5,-30.88537
5755558750.0,-30.89511
5755559687.5,-30.89159
5755560625.0,-30.89038
5755561562.5,-30.89512
5755562500.0,-30.88807
5755563437.5,-30.89062
5755564375.0,-30.90146
5755565312.5,-30.89683
5755566250.0,-30.89683
5755567187.5,-30.90149
5755568125.0,-30.89752
5755569062.5,-30.89305
5755570000.0,-30.899
5755570937.5,-30.89706
5755571875.0,-30.89221
5755572812.5,-30.90283
5755573750.0,-30.89822
5755574687.5,-30.89656
5755575625.0,-30.90429
5755576562.5,-30.89988
5755577500.0,-30.90515
5755578437.5,-30.899
5755579375.0,-30.90198
5755580312.5,-30.90095
5755581250.0,-30.90891
5755582187.5,-30.90372
5755583125.0,-30.90421
5755584062.5,-30.90167
5755585000.0,-30.90599
5755585937.5,-30.90767
5755586875.0,-30.90884
5755587812.5,-30.90878
5755588750.0,-30.90568
5755589687.5,-30.90738
5755590625.0,-30.9068
5755591562.5,-30.91572
5755592500.0,-30.90594
5755593437.5,-30.90979
5755594375.0,-30.90916
5755595312.5,-30.90824
5755596250.0,-30.91252
5755597187.5,-30.90922
5755598125.0,-30.91113
5755599062.5,-30.91333
5755600000.0,-30.91131
5755600937.5,-30.91739
5755601875.0,-30.91032
5755602812.5,-30.91525
5755603750.0,-30.91494
5755604687.5,-30.91532
5755605625.0,-30.91644
5755606562.5,-30.91742
5755607500.0,-30.91447
5755608437.5,-30.91726
5755609375.0,-30.92222
5755610312.5,-30.91788
5755611250.0,-30.91654
5755612187.5,-30.9232
5755613125.0,-30.92079
5755614062.5,-30.92025
5755615000.0,-30.91997
5755615937.5,-30.92151
5755616875.0,-30.92414
5755617812.5,-30.92522
5755618750.0,-30.92276
5755619687.5,-30.91731
5755620625.0,-30.92344
5755621562.5,-30.9264
5755622500.0,-30.93024
5755623437.5,-30.92548
5755624375.0,-30.92635
5755625312.5,-30.92698
5755626250.0,-30.92644
5755627187.5,-30.93044
5755628125.0,-30.92962
5755629062.5,-30.93582
5755630000.0,-30.9347
5755630937.5,-30.92848
5755631875.0,-30.93742
5755632812.5,-30.93315
5755633750.0,-30.9297
5755634687.5,-30.93449
5755635625.0,-30.93614
5755636562.5,-30.93402
5755637500.0,-30.9353
5755638437.5,-30.93729
5755639375.0,-30.94086
5755640312.5,-30.93722
5755641250.0,-30.93646
5755642187.5,-30.93941
5755643125.0,-30.93585
5755644062.5,-30.94511
5755645000.0,-30.93358
5755645937.5,-30.94093
5755646875.0,-30.94275
5755647812.5,-30.93918
5755648750.0,-30.94557
5755649687.5,-30.93943
5755650625.0,-30.93871
5755651562.5,-30.94455
5755652500.0,-30.936
5755653437.5,-30.94329
5755654375.0,-30.94371
5755655312.5,-30.94011
5755656250.0,-30.94681
5755657187.5,-30.94594
5755658125.0,-30.9391
5755659062.5,-30.95102
5755660000.0,-30.94629
5755660937.5,-30.94512
5755661875.0,-30.94627
5755662812.5,-30.95284
5755663750.0,-30.95389
5755664687.5,-30.95063
5755665625.0,-30.9565
5755666562.5,-30.95317
5755667500.0,-30.95655
5755668437.5,-30.955
5755669375.0,-30.95795
5755670312.5,-30.95386
5755671250.0,-30.95678
5755672187.5,-30.95478
5755673125.0,-30.95388
5755674062.5,-30.95086
5755675000.0,-30.9571
5755675937.5,-30.96416
5755676875.0,-30.95864
5755677812.5,-30.95694
5755678750.0,-30.95598
5755679687.5,-30.9625
5755680625.0,-30.96224
5755681562.5,-30.96122
5755682500.0,-30.96591
5755683437.5,-30.96211
5755684375.0,-30.96469
5755685312.5,-30.96556
5755686250.0,-30.95745
5755687187.5,-30.96448
5755688125.0,-30.96929
5755689062.5,-30.96745
5755690000.0,-30.96696
5755690937.5,-30.96054
5755691875.0,-30.96688
5755692812.5,-30.96554
5755693750.0,-30.96766
5755694687.5,-30.9748
5755695625.0,-30.97112
5755696562.5,-30.97265
5755697500.0,-30.97205
5755698437.5,-30.96811
5755699375.0,-30.96772
5755700312.5,-30.96831
5755701250.0,-30.9732
5755702187.5,-30.97836
5755703125.0,-30.96565
5755704062.5,-30.9777
5755705000.0,-30.96971
5755705937.5,-30.97805
5755706875.0,-30.97229
5755707812.5,-30.97772
5755708750.0,-30.98183
5755709687.5,-30.98107
5755710625.0,-30.97111
5755711562.5,-30.9809
5755712500.0,-30.98079
5755713437.5,-30.97748
5755714375.0,-30.98037
5755715312.5,-30.9834
5755716250.0,-30.98455
5755717187.5,-30.9823
5755718125.0,-30.97913
5755719062.5,-30.98889
5755720000.0,-30.98519
5755720937.5,-30.98724
5755721875.0,-30.97594
5755722812.5,-30.98163
5755723750.0,-30.98639
5755724687.5,-30.98475
5755725625.0,-30.98447
5755726562.5,-30.98524
5755727500.0,-30.99382
5755728437.5,-30.98897
5755729375.0,-30.98663
5755730312.5,-30.98974
5755731250.0,-30.98846
5755732187.5,-30.98643
5755733125.0,-30.98951
5755734062.5,-30.98924
5755735000.0,-30.98871
5755735937.5,-30.98993
5755736875.0,-30.99657
5755737812.5,-30.99825
5755738750.0,-30.99434
5755739687.5,-30.99918
5755740625.0,-30.99556
5755741562.5,-30.9946
5755742500.0,-30.99688
5755743437.5,-30.99924
5755744375.0,-31.0022
5755745312.5,-30.99899
5755746250.0,-30.99991
5755747187.5,-31.00048
5755748125.0,-30.99831
5755749062.5,-31.00432
5755750000.0,-31.00235
5755750937.5,-30.99936
5755751875.0,-31.00224
5755752812.5,-31.00053
5755753750.0,-31.00342
5755754687.5,-31.0038
5755755625.0,-31.00305
5755756562.5,-31.00299
5755757500.0,-31.012
5755758437.5,-31.00908
5755759375.0,-31.0088
5755760312.5,-31.01486
5755761250.0,-31.00439
5755762187.5,-31.01373
5755763125.0,-31.00984
5755764062.5,-31.00734
5755765000.0,-31.0074
5755765937.5,-31.01088
5755766875.0,-31.01226
5755767812.5,-31.00811
5755768750.0,-31.01319
5755769687.5,-31.01439
5755770625.0,-31.01499
5755771562.5,-31.01031
5755772500.0,-31.01489
5755773437.5,-31.01431
5755774375.0,-31.02126
5755775312.5,-31.02524
5755776250.0,-31.01448
5755777187.5,-31.01604
5755778125.0,-31.02226
5755779062.5,-31.01729
5755780000.0,-31.03239
5755780937.5,-31.02078
5755781875.0,-31.02753
5755782812.5,-31.0245
5755783750.0,-31.02306
5755784687.5,-31.02562
5755785625.0,-31.01922
5755786562.5,-31.02394
5755787500.0,-31.02357
5755788437.5,-31.03181
5755789375.0,-31.02409
5755790312.5,-31.02676
5755791250.0,-31.02482
5755792187.5,-31.02991
5755793125.0,-31.02979
5755794062.5,-31.03319
5755795000.0,-31.02395
5755795937.5,-31.02871
5755796875.0,-31.02987
5755797812.5,-31.0318
5755798750.0,-31.02985
5755799687.5,-31.03833
5755800625.0,-31.03412
5755801562.5,-31.03644
5755802500.0,-31.0405
5755803437.5,-31.03445
5755804375.0,-31.03936
5755805312.5,-31.04498
5755806250.0,-31.03715
5755807187.5,-31.04506
5755808125.0,-31.03586
5755809062.5,-31.0333
5755810000.0,-31.03697
5755810937.5,-31.0428
5755811875.0,-31.0435
5755812812.5,-31.044
5755813750.0,-31.04271
5755814687.5,-31.0452
5755815625.0,-31.04619
5755816562.5,-31.0462
5755817500.0,-31.04428
5755818437.5,-31.0465
5755819375.0,-31.04688
5755820312.5,-31.04368
5755821250.0,-31.04776
5755822187.5,-31.04745
5755823125.0,-31.04686
5755824062.5,-31.05005
5755825000.0,-31.04841
5755825937.5,-31.05252
5755826875.0,-31.05082
5755827812.5,-31.05788
5755828750.0,-31.05076
5755829687.5,-31.04733
5755830625.0,-31.06011
5755831562.5,-31.0543
5755832500.0,-31.06493
5755833437.5,-31.05527
5755834375.0,-31.05453
5755835312.5,-31.0608
5755836250.0,-31.05148
5755837187.5,-31.05888
5755838125.0,-31.06105
5755839062.5,-31.05509
5755840000.0,-31.06464
5755840937.5,-31.05298
5755841875.0,-31.06333
5755842812.5,-31.06341
5755843750.0,-31.06746
5755844687.5,-31.05956
5755845625.0,-31.05754
5755846562.5,-31.05878
5755847500.0,-31.06511
5755848437.5,-31.07045
5755849375.0,-31.06897
5755850312.5,-31.0673
5755851250.0,-31.07285
5755852187.5,-31.06876
5755853125.0,-31.06842
5755854062.5,-31.06614
5755855000.0,-31.07129
5755855937.5,-31.07533
5755856875.0,-31.07339
5755857812.5,-31.07387
5755858750.0,-31.07422
5755859687.5,-31.07663
5755860625.0,-31.06608
5755861562.5,-31.07725
5755862500.0,-31.07406
5755863437.5,-31.0756
5755864375.0,-31.07658
5755865312.5,-31.08252
5755866250.0,-31.07459
5755867187.5,-31.07899
5755868125.0,-31.07284
5755869062.5,-31.07832
5755870000.0,-31.081
5755870937.5,-31.07691
5755871875.0,-31.07901
5755872812.5,-31.08108
5755873750.0,-31.08051
5755874687.5,-31.08632
5755875625.0,-31.08563
5755876562.5,-31.08302
5755877500.0,-31.0861
5755878437.5,-31.0831
5755879375.0,-31.09567
5755880312.5,-31.09077
5755881250.0,-31.09029
5755882187.5,-31.08414
5755883125.0,-31.09024
5755884062.5,-31.092
5755885000.0,-31.09184
5755885937.5,-31.09416
5755886875.0,-31.09062
5755887812.5,-31.09694
5755888750.0,-31.09001
5755889687.5,-31.09682
5755890625.0,-31.09582
5755891562.5,-31.09664
5755892500.0,-31.09446
5755893437.5,-31.09199
5755894375.0,-31.09338
5755895312.5,-31.09578
5755896250.0,-31.10244
5755897187.5,-31.09252
5755898125.0,-31.10535
5755899062.5,-31.09579
5755900000.0,-31.10124
5755900937.5,-31.09567
5755901875.0,-31.10168
5755902812.5,-31.10829
5755903750.0,-31.10188
5755904687.5,-31.09822
5755905625.0,-31.11036
5755906562.5,-31.09961
5755907500.0,-31.10904
5755908437.5,-31.10888
5755909375.0,-31.10667
5755910312.5,-31.10634
5755911250.0,-31.11939
5755912187.5,-31.11249
5755913125.0,-31.11248
5755914062.5,-31.1144
5755915000.0,-31.10844
5755915937.5,-31.11075
5755916875.0,-31.11194
5755917812.5,-31.11399
5755918750.0,-31.12003
5755919687.5,-31.11486
5755920625.0,-31.11315
5755921562.5,-31.1084
5755922500.0,-31.11815
5755923437.5,-31.11406
5755924375.0,-31.11613
5755925312.5,-31.11043
5755926250.0,-31.11892
5755927187.5,-31.12145
5755928125.0,-31.12183
5755929062.5,-31.12036
5755930000.0,-31.11891
5755930937.5,-31.12471
5755931875.0,-31.1196
5755932812.5,-31.12066
5755933750.0,-31.12014
5755934687.5,-31.12403
5755935625.0,-31.12983
5755936562.5,-31.12805
5755937500.0,-31.11917
5755938437.5,-31.1297
5755939375.0,-31.12215
5755940312.5,-31.12519
5755941250.0,-31.13138
5755942187.5,-31.13151
5755943125.0,-31.13051
5755944062.5,-31.13072
5755945000.0,-31.13729
5755945937.5,-31.1366
5755946875.0,-31.13356
5755947812.5,-31.139
5755948750.0,-31.12988
5755949687.5,-31.13741
5755950625.0,-31.13965
5755951562.5,-31.13654
5755952500.0,-31.14337
5755953437.5,-31.13252
5755954375.0,-31.1334
5755955312.5,-31.14224
5755956250.0,-31.13626
5755957187.5,-31.14723
5755958125.0,-31.13968
5755959062.5,-31.13865
5755960000.0,-31.14505
5755960937.5,-31.14499
5755961875.0,-31.13915
5755962812.5,-31.13701
5755963750.0,-31.146
5755964687.5,-31.14502
5755965625.0,-31.14697
5755966562.5,-31.14606
5755967500.0,-31.15197
5755968437.5,-31.14724
5755969375.0,-31.15052
5755970312.5,-31.15688
5755971250.0,-31.14674
5755972187.5,-31.14881
5755973125.0,-31.15804
5755974062.5,-31.1546
5755975000.0,-31.15649
5755975937.5,-31.15372
5755976875.0,-31.1595
5755977812.5,-31.15165
5755978750.0,-31.15277
5755979687.5,-31.15669
5755980625.0,-31.16276
5755981562.5,-31.15724
5755982500.0,-31.16288
5755983437.5,-31.16785
5755984375.0,-31.16819
5755985312.5,-31.16591
5755986250.0,-31.16057
5755987187.5,-31.16363
5755988125.0,-31.15985
5755989062.5,-31.17022
5755990000.0,-31.16372
5755990937.5,-31.16989
5755991875.0,-31.16712
5755992812.5,-31.17126
5755993750.0,-31.16741
5755994687.5,-31.17011
5755995625.0,-31.16864
5755996562.5,-31.17101
5755997500.0,-31.16969
5755998437.5,-31.16886
5755999375.0,-31.16981
5756000312.5,-31.17082
5756001250.0,-31.1765
5756002187.5,-31.1708
5756003125.0,-31.17202
5756004062.5,-31.17641
5756005000.0,-31.17509
5756005937.5,-31.1796
5756006875.0,-31.17762
5756007812.5,-31.17509
5756008750.0,-31.17392
5756009687.5,-31.17674
5756010625.0,-31.17634
5756011562.5,-31.18245
5756012500.0,-31.18457
5756013437.5,-31.17747
5756014375.0,-31.18091
5756015312.5,-31.18868
5756016250.0,-31.18209
5756017187.5,-31.18929
5756018125.0,-31.18706
5756019062.5,-31.18891
5756020000.0,-31.183
5756020937.5,-31.1862
5756021875.0,-31.1878
5756022812.5,-31.18431
5756023750.0,-31.19181
5756024687.5,-31.18641
5756025625.0,-31.18957
5756026562.5,-31.18788
5756027500.0,-31.19448
5756028437.5,-31.19548
5756029375.0,-31.19572
5756030312.5,-31.19326
5756031250.0,-31.1934
5756032187.5,-31.19763
5756033125.0,-31.19553
5756034062.5,-31.20187
5756035000.0,-31.20568
5756035937.5,-31.19845
5756036875.0,-31.20306
5756037812.5,-31.20327
5756038750.0,-31.20322
5756039687.5,-31.19878
5756040625.0,-31.20601
5756041562.5,-31.19623
5756042500.0,-31.20305
5756043437.5,-31.20093
5756044375.0,-31.20879
5756045312.5,-31.20629
5756046250.0,-31.205
5756047187.5,-31.20399
5756048125.0,-31.20818
5756049062.5,-31.20976
5756050000.0,-31.21132
5756050937.5,-31.20868
5756051875.0,-31.21167
5756052812.5,-31.20149
5756053750.0,-31.21314
5756054687.5,-31.21267
5756055625.0,-31.21263
5756056562.5,-31.21817
5756057500.0,-31.21874
5756058437.5,-31.21539
5756059375.0,-31.22167
5756060312.5,-31.21591
5756061250.0,-31.21939
5756062187.5,-31.21787
5756063125.0,-31.21615
5756064062.5,-31.2246
5756065000.0,-31.22502
5756065937.5,-31.22375
5756066875.0,-31.22009
5756067812.5,-31.21862
5756068750.0,-31.21817
5756069687.5,-31.22748
5756070625.0,-31.2171
5756071562.5,-31.22604
5756072500.0,-31.2235
5756073437.5,-31.23021
5756074375.0,-31.23055
5756075312.5,-31.23072
5756076250.0,-31.23541
5756077187.5,-31.23049
5756078125.0,-31.22838
5756079062.5,-31.23293
5756080000.0,-31.2283
5756080937.5,-31.23124
5756081875.0,-31.23223
5756082812.5,-31.23321
5756083750.0,-31.23349
5756084687.5,-31.23559
5756085625.0,-31.23242
5756086562.5,-31.24209
5756087500.0,-31.24714
5756088437.5,-31.2362
5756089375.0,-31.24431
5756090312.5,-31.23428
5756091250.0,-31.23989
5756092187.5,-31.23745
5756093125.0,-31.24077
5756094062.5,-31.24606
5756095000.0,-31.24763
5756095937.5,-31.2488
5756096875.0,-31.24972
5756097812.5,-31.24793
5756098750.0,-31.24702
5756099687.5,-31.24671
5756100625.0,-31.24741
5756101562.5,-31.25105
5756102500.0,-31.24751
5756103437.5,-31.24772
5756104375.0,-31.24663
5756105312.5,-31.24951
5756106250.0,-31.25041
5756107187.5,-31.25833
5756108125.0,-31.25536
5756109062.5,-31.25607
5756110000.0,-31.25178
5756110937.5,-31.25085
5756111875.0,-31.25678
5756112812.5,-31.25418
5756113750.0,-31.25753
5756114687.5,-31.2607
5756115625.0,-31.26228
5756116562.5,-31.2567
5756117500.0,-31.26597
5756118437.5,-31.26787
5756119375.0,-31.26015
5756120312.5,-31.263
5756121250.0,-31.25911
5756122187.5,-31.25941
5756123125.0,-31.26341
5756124062.5,-31.27131
5756125000.0,-31.26719
5756125937.5,-31.26617
5756126875.0,-31.26629
5756127812.5,-31.26724
5756128750.0,-31.26806
5756129687.5,-31.26619
5756130625.0,-31.27474
5756131562.5,-31.26773
5756132500.0,-31.27836
5756133437.5,-31.27177
5756134375.0,-31.26979
5756135312.5,-31.2733
5756136250.0,-31.28482
5756137187.5,-31.2736
5756138125.0,-31.27831
5756139062.5,-31.28078
5756140000.0,-31.27731
5756140937.5,-31.27866
5756141875.0,-31.28395
5756142812.5,-31.2797
5756143750.0,-31.28363
5756144687.5,-31.28334
5756145625.0,-31.28278
5756146562.5,-31.28272
5756147500.0,-31.28412
5756148437.5,-31.28473
5756149375.0,-31.28683
5756150312.5,-31.28632
5756151250.0,-31.29115
5756152187.5,-31.28882
5756153125.0,-31.28914
5756154062.5,-31.29223
5756155000.0,-31.29578
5756155937.5,-31.29796
5756156875.0,-31.29228
5756157812.5,-31.29939
5756158750.0,-31.29004
5756159687.5,-31.29952
5756160625.0,-31.29611
5756161562.5,-31.29748
5756162500.0,-31.29392
5756163437.5,-31.30093
5756164375.0,-31.29994
5756165312.5,-31.29968
5756166250.0,-31.29641
5756167187.5,-31.30158
5756168125.0,-31.30684
5756169062.5,-31.3027
5756170000.0,-31.30482
5756170937.5,-31.30349
5756171875.0,-31.30537
5756172812.5,-31.30418
5756173750.0,-31.30615
5756174687.5,-31.30357
5756175625.0,-31.30754
5756176562.5,-31.3095
5756177500.0,-31.30101
5756178437.5,-31.31511
5756179375.0,-31.31125
5756180312.5,-31.31378
5756181250.0,-31.31141
5756182187.5,-31.30689
5756183125.0,-31.32098
5756184062.5,-31.30842
5756185000.0,-31.31539
5756185937.5,-31.31349
5756186875.0,-31.31885
5756187812.5,-31.3208
5756188750.0,-31.32566
5756189687.5,-31.32393
5756190625.0,-31.32064
5756191562.5,-31.31762
5756192500.0,-31.32681
5756193437.5,-31.32011
5756194375.0,-31.32358
5756195312.5,-31.31989
5756196250.0,-31.32139
5756197187.5,-31.33225
5756198125.0,-31.3289
5756199062.5,-31.33088
5756200000.0,-31.32108
5756200937.5,-31.32963
5756201875.0,-31.32639
5756202812.5,-31.3291
5756203750.0,-31.3295
5756204687.5,-31.33062
5756205625.0,-31.33615
5756206562.5,-31.33113
5756207500.0,-31.3364
5756208437.5,-31.33848
5756209375.0,-31.33466
5756210312.5,-31.33265
5756211250.0,-31.33656
5756212187.5,-31.33455
5756213125.0,-31.33486
5756214062.5,-31.33904
5756215000.0,-31.33453
5756215937.5,-31.33443
5756216875.0,-31.34419
5756217812.5,-31.34134
5756218750.0,-31.33969
5756219687.5,-31.33927
5756220625.0,-31.3401
5756221562.5,-31.3516
5756222500.0,-31.34216
5756223437.5,-31.34547
5756224375.0,-31.34843
5756225312.5,-31.34341
5756226250.0,-31.35012
5756227187.5,-31.34416
5756228125.0,-31.35233
5756229062.5,-31.34841
5756230000.0,-31.34717
5756230937.5,-31.35169
5756231875.0,-31.34767
5756232812.5,-31.35398
5756233750.0,-31.35572
5756234687.5,-31.35756
5756235625.0,-31.35155
5756236562.5,-31.36404
5756237500.0,-31.36309
5756238437.5,-31.35713
5756239375.0,-31.36021
5756240312.5,-31.36082
5756241250.0,-31.35921
5756242187.5,-31.36366
5756243125.0,-31.36348
5756244062.5,-31.3615
5756245000.0,-31.36814
5756245937.5,-31.36701
5756246875.0,-31.36226
5756247812.5,-31.36535
5756248750.0,-31.37514
5756249687.5,-31.36614
5756250625.0,-31.36708
5756251562.5,-31.36753
5756252500.0,-31.37209
5756253437.5,-31.36481
5756254375.0,-31.37708
5756255312.5,-31.36981
5756256250.0,-31.37587
5756257187.5,-31.37075
5756258125.0,-31.37855
5756259062.5,-31.37258
5756260000.0,-31.37298
5756260937.5,-31.38214
5756261875.0,-31.37539
5756262812.5,-31.37981
5756263750.0,-31.37016
5756264687.5,-31.38262
5756265625.0,-31.38454
5756266562.5,-31.37924
5756267500.0,-31.39113
5756268437.5,-31.37537
5756269375.0,-31.38196
5756270312.5,-31.38201
5756271250.0,-31.38487
5756272187.5,-31.39128
5756273125.0,-31.38855
5756274062.5,-31.39022
5756275000.0,-31.38976
5756275937.5,-31.39369
5756276875.0,-31.3941
5756277812.5,-31.39509
5756278750.0,-31.39681
5756279687.5,-31.3898
5756280625.0,-31.39036
5756281562.5,-31.3956
5756282500.0,-31.38927
5756283437.5,-31.39335
5756284375.0,-31.40216
5756285312.5,-31.3949
5756286250.0,-31.39569
5756287187.5,-31.39568
5756288125.0,-31.3976
5756289062.5,-31.4039
5756290000.0,-31.40302
5756290937.5,-31.40342
5756291875.0,-31.40377
5756292812.5,-31.40967
5756293750.0,-31.41101
5756294687.5,-31.4082
5756295625.0,-31.4064
5756296562.5,-31.40973
5756297500.0,-31.40531
5756298437.5,-31.41336
5756299375.0,-31.41067
5756300312.5,-31.41507
5756301250.0,-31.40898
5756302187.5,-31.41288
5756303125.0,-31.414
5756304062.5,-31.4112
5756305000.0,-31.41652
5756305937.5,-31.41341
5756306875.0,-31.41101
5756307812.5,-31.41746
5756308750.0,-31.41545
5756309687.5,-31.41518
5756310625.0,-31.42358
5756311562.5,-31.42009
5756312500.0,-31.41674
5756313437.5,-31.41505
5756314375.0,-31.42589
5756315312.5,-31.42183
5756316250.0,-31.42142
5756317187.5,-31.42726
5756318125.0,-31.42548
5756319062.5,-31.42472
5756320000.0,-31.42889
5756320937.5,-31.42721
5756321875.0,-31.43189
5756322812.5,-31.43067
5756323750.0,-31.43641
5756324687.5,-31.43165
5756325625.0,-31.43464
5756326562.5,-31.43096
5756327500.0,-31.44136
5756328437.5,-31.43494
5756329375.0,-31.43425
5756330312.5,-31.43826
5756331250.0,-31.43924
5756332187.5,-31.44209
5756333125.0,-31.44603
5756334062.5,-31.43289
5756335000.0,-31.44215
5756335937.5,-31.44041
5756336875.0,-31.44457
5756337812.5,-31.44146
5756338750.0,-31.44438
5756339687.5,-31.44623
5756340625.0,-31.44852
5756341562.5,-31.44739
5756342500.0,-31.44876
5756343437.5,-31.44714
5756344375.0,-31.44316
5756345312.5,-31.44752
5756346250.0,-31.44858
5756347187.5,-31.44751
5756348125.0,-31.45069
5756349062.5,-31.4501
5756350000.0,-31.45187
5756350937.5,-31.45458
5756351875.0,-31.45544
5756352812.5,-31.44834
5756353750.0,-31.45542
5756354687.5,-31.4593
5756355625.0,-31.45776
5756356562.5,-31.46332
5756357500.0,-31.45865
5756358437.5,-31.45837
5756359375.0,-31.45553
5756360312.5,-31.45875
5756361250.0,-31.46813
5756362187.5,-31.46344
5756363125.0,-31.46526
5756364062.5,-31.4634
5756365000.0,-31.46493
5756365937.5,-31.46484
5756366875.0,-31.46814
5756367812.5,-31.46394
5756368750.0,-31.46912
5756369687.5,-31.46984
5756370625.0,-31.47063
5756371562.5,-31.47597
5756372500.0,-31.47979
5756373437.5,-31.4713
5756374375.0,-31.48022
5756375312.5,-31.4733
5756376250.0,-31.47301
5756377187.5,-31.47919
5756378125.0,-31.47652
5756379062.5,-31.47798
5756380000.0,-31.4847
5756380937.5,-31.48263
5756381875.0,-31.47994
5756382812.5,-31.48885
5756383750.0,-31.47943
5756384687.5,-31.48845
5756385625.0,-31.48458
5756386562.5,-31.48882
5756387500.0,-31.48639
5756388437.5,-31.4846
5756389375.0,-31.48624
5756390312.5,-31.48487
5756391250.0,-31.49004
5756392187.5,-31.48717
5756393125.0,-31.48776
5756394062.5,-31.49207
5756395000.0,-31.48834
5756395937.5,-31.49017
5756396875.0,-31.49315
5756397812.5,-31.49317
5756398750.0,-31.49659
5756399687.5,-31.50171
5756400625.0,-31.49599
5756401562.5,-31.50023
5756402500.0,-31.50516
5756403437.5,-31.4984
5756404375.0,-31.50145
5756405312.5,-31.50307
5756406250.0,-31.50254
5756407187.5,-31.51052
5756408125.0,-31.50219
5756409062.5,-31.5078
5756410000.0,-31.50621
5756410937.5,-31.51249
5756411875.0,-31.50979
5756412812.5,-31.51223
5756413750.0,-31.51336
5756414687.5,-31.5078
5756415625.0,-31.50947
5756416562.5,-31.51319
5756417500.0,-31.51248
5756418437.5,-31.51115
5756419375.0,-31.51551
5756420312.5,-31.51965
5756421250.0,-31.51608
5756422187.5,-31.51543
5756423125.0,-31.51876
5756424062.5,-31.52607
5756425000.0,-31.52454
5756425937.5,-31.52016
5756426875.0,-31.52363
5756427812.5,-31.51921
5756428750.0,-31.5265
5756429687.5,-31.52176
5756430625.0,-31.52106
5756431562.5,-31.52401
5756432500.0,-31.52722
5756433437.5,-31.52973
5756434375.0,-31.52279
5756435312.5,-31.52929
5756436250.0,-31.53437
5756437187.5,-31.53189
5756438125.0,-31.53112
5756439062.5,-31.52778
5756440000.0,-31.53125
5756440937.5,-31.53102
5756441875.0,-31.53806
5756442812.5,-31.53477
5756443750.0,-31.52897
5756444687.5,-31.53707
5756445625.0,-31.53836
5756446562.5,-31.543
5756447500.0,-31.5394
5756448437.5,-31.53868
5756449375.0,-31.53578
5756450312.5,-31.54371
5756451250.0,-31.543
5756452187.5,-31.54479
5756453125.0,-31.54046
5756454062.5,-31.55015
5756455000.0,-31.54414
5756455937.5,-31.54897
5756456875.0,-31.54862
5756457812.5,-31.54527
5756458750.0,-31.5512
5756459687.5,-31.54797
5756460625.0,-31.5546
5756461562.5,-31.55254
5756462500.0,-31.55946
5756463437.5,-31.55505
5756464375.0,-31.55461
5756465312.5,-31.56428
5756466250.0,-31.55673
5756467187.5,-31.56076
5756468125.0,-31.55891
5756469062.5,-31.5663
5756470000.0,-31.56155
5756470937.5,-31.56001
5756471875.0,-31.56325
5756472812.5,-31.56335
5756473750.0,-31.56473
5756474687.5,-31.55964
5756475625.0,-31.56946
5756476562.5,-31.56876
5756477500.0,-31.5698
5756478437.5,-31.56142
5756479375.0,-31.56227
5756480312.5,-31.57129
5756481250.0,-31.57465
5756482187.5,-31.57211
5756483125.0,-31.56806
5756484062.5,-31.57561
5756485000.0,-31.57329
5756485937.5,-31.57292
5756486875.0,-31.57803
5756487812.5,-31.57338
5756488750.0,-31.57809
5756489687.5,-31.57821
5756490625.0,-31.56989
5756491562.5,-31.58229
5756492500.0,-31.58846
5756493437.5,-31.58071
5756494375.0,-31.57722
5756495312.5,-31.59179
5756496250.0,-31.5801
5756497187.5,-31.58701
5756498125.0,-31.58687
5756499062.5,-31.58893
5756500000.0,-31.58408
5756500937.5,-31.58914
5756501875.0,-31.58465
5756502812.5,-31.58574
5756503750.0,-31.59056
5756504687.5,-31.58969
5756505625.0,-31.58944
5756506562.5,-31.59336
5756507500.0,-31.60345
5756508437.5,-31.5956
5756509375.0,-31.59743
5756510312.5,-31.59834
5756511250.0,-31.59281
5756512187.5,-31.60167
5756513125.0,-31.60769
5756514062.5,-31.60291
5756515000.0,-31.59866
5756515937.5,-31.60164
5756516875.0,-31.59909
5756517812.5,-31.60727
5756518750.0,-31.60483
5756519687.5,-31.6031
5756520625.0,-31.61497
5756521562.5,-31.60639
5756522500.0,-31.61061
5756523437.5,-31.60827
5756524375.0,-31.61076
5756525312.5,-31.60891
5756526250.0,-31.61175
5756527187.5,-31.61483
5756528125.0,-31.61949
5756529062.5,-31.61335
5756530000.0,-31.61137
5756530937.5,-31.61337
5756531875.0,-31.62152
5756532812.5,-31.61513
5756533750.0,-31.62051
5756534687.5,-31.61851
5756535625.0,-31.62171
5756536562.5,-31.624
5756537500.0,-31.62499
5756538437.5,-31.62756
5756539375.0,-31.62671
5756540312.5,-31.6273
5756541250.0,-31.62858
5756542187.5,-31.62667
5756543125.0,-31.62934
5756544062.5,-31.62953
5756545000.0,-31.62414
5756545937.5,-31.62997
5756546875.0,-31.6332
5756547812.5,-31.63919
5756548750.0,-31.62997
5756549687.5,-31.63272
5756550625.0,-31.64058
5756551562.5,-31.63668
5756552500.0,-31.63758
5756553437.5,-31.64027
5756554375.0,-31.64533
5756555312.5,-31.6357
5756556250.0,-31.64029
5756557187.5,-31.64117
5756558125.0,-31.64372
5756559062.5,-31.64205
5756560000.0,-31.65009
5756560937.5,-31.63844
5756561875.0,-31.64099
5756562812.5,-31.64705
5756563750.0,-31.65951
5756564687.5,-31.64641
5756565625.0,-31.64688
5756566562.5,-31.64924
5756567500.0,-31.65591
5756568437.5,-31.65052
5756569375.0,-31.65041
5756570312.5,-31.65072
5756571250.0,-31.65799
5756572187.5,-31.65353
5756573125.0,-31.66406
5756574062.5,-31.65884
5756575000.0,-31.65475
5756575937.5,-31.65958
5756576875.0,-31.65756
5756577812.5,-31.66125
5756578750.0,-31.66194
5756579687.5,-31.65967
5756580625.0,-31.66114
5756581562.5,-31.65934
5756582500.0,-31.66661
5756583437.5,-31.66504
5756584375.0,-31.66408
5756585312.5,-31.66874
5756586250.0,-31.67155
5756587187.5,-31.67327
5756588125.0,-31.66933
5756589062.5,-31.67514
5756590000.0,-31.67562
5756590937.5,-31.67766
5756591875.0,-31.67259
5756592812.5,-31.67185
5756593750.0,-31.67538
5756594687.5,-31.67801
5756595625.0,-31.67786
5756596562.5,-31.67443
5756597500.0,-31.67911
5756598437.5,-31.6794
5756599375.0,-31.67908
5756600312.5,-31.68576
5756601250.0,-31.67868
5756602187.5,-31.68126
5756603125.0,-31.68595
5756604062.5,-31.6823
5756605000.0,-31.69191
5756605937.5,-31.68696
5756606875.0,-31.69055
5756607812.5,-31.68336
5756608750.0,-31.69123
5756609687.5,-31.69567
5756610625.0,-31.681
5756611562.5,-31.69481
5756612500.0,-31.69241
5756613437.5,-31.68741
5756614375.0,-31.70383
5756615312.5,-31.69524
5756616250.0,-31.70166
5756617187.5,-31.70266
5756618125.0,-31.70368
5756619062.5,-31.69923
5756620000.0,-31.70308
5756620937.5,-31.70178
5756621875.0,-31.70542
5756622812.5,-31.69981
5756623750.0,-31.69922
5756624687.5,-31.70467
5756625625.0,-31.70789
5756626562.5,-31.70505
5756627500.0,-31.7088
5756628437.5,-31.70829
5756629375.0,-31.70426
5756630312.5,-31.71165
5756631250.0,-31.70661
5756632187.5,-31.71469
5756633125.0,-31.71769
5756634062.5,-31.71296
5756635000.0,-31.71279
5756635937.5,-31.71082
5756636875.0,-31.71716
5756637812.5,-31.72396
5756638750.0,-31.71896
5756639687.5,-31.72065
5756640625.0,-31.71521
5756641562.5,-31.72035
5756642500.0,-31.71725
5756643437.5,-31.72694
5756644375.0,-31.72594
5756645312.5,-31.72928
5756646250.0,-31.73086
5756647187.5,-31.72372
5756648125.0,-31.7336
5756649062.5,-31.73033
5756650000.0,-31.72544
5756650937.5,-31.72686
5756651875.0,-31.7349
5756652812.5,-31.73536
5756653750.0,-31.73464
5756654687.5,-31.73374
5756655625.0,-31.73029
5756656562.5,-31.73465
5756657500.0,-31.73381
5756658437.5,-31.73008
5756659375.0,-31.74286
5756660312.5,-31.72783
5756661250.0,-31.7417
5756662187.5,-31.74094
5756663125.0,-31.74918
5756664062.5,-31.74302
5756665000.0,-31.74468
5756665937.5,-31.74053
5756666875.0,-31.75032
5756667812.5,-31.74561
5756668750.0,-31.74786
5756669687.5,-31.74255
5756670625.0,-31.75145
5756671562.5,-31.75277
5756672500.0,-31.74809
5756673437.5,-31.75572
5756674375.0,-31.75376
5756675312.5,-31.75476
5756676250.0,-31.74861
5756677187.5,-31.75447
5756678125.0,-31.75179
5756679062.5,-31.749
5756680000.0,-31.75216
5756680937.5,-31.75993
5756681875.0,-31.75401
5756682812.5,-31.76049
5756683750.0,-31.75989
5756684687.5,-31.75726
5756685625.0,-31.7611
5756686562.5,-31.76344
5756687500.0,-31.75973
5756688437.5,-31.76749
5756689375.0,-31.76707
5756690312.5,-31.77401
5756691250.0,-31.77184
5756692187.5,-31.76756
5756693125.0,-31.76979
5756694062.5,-31.77433
5756695000.0,-31.77239
5756695937.5,-31.77109
5756696875.0,-31.77259
5756697812.5,-31.78143
5756698750.0,-31.77536
5756699687.5,-31.78213
5756700625.0,-31.77819
5756701562.5,-31.78102
5756702500.0,-31.78161
5756703437.5,-31.78136
5756704375.0,-31.78053
5756705312.5,-31.78481
5756706250.0,-31.77689
5756707187.5,-31.78545
5756708125.0,-31.78756
5756709062.5,-31.78714
5756710000.0,-31.78842
5756710937.5,-31.7947
5756711875.0,-31.79301
5756712812.5,-31.79094
5756713750.0,-31.78557
5756714687.5,-31.795
5756715625.0,-31.79897
5756716562.5,-31.79853
5756717500.0,-31.79801
5756718437.5,-31.79553
5756719375.0,-31.7979
5756720312.5,-31.79382
5756721250.0,-31.80088
5756722187.5,-31.79346
5756723125.0,-31.7926
5756724062.5,-31.8011
5756725000.0,-31.80095
5756725937.5,-31.81092
5756726875.0,-31.8002
5756727812.5,-31.80791
5756728750.0,-31.80945
5756729687.5,-31.80698
5756730625.0,-31.80085
5756731562.5,-31.80572
5756732500.0,-31.81401
5756733437.5,-31.80862
5756734375.0,-31.81133
5756735312.5,-31.81142
5756736250.0,-31.80994
5756737187.5,-31.82158
5756738125.0,-31.81753
5756739062.5,-31.81052
5756740000.0,-31.81526
5756740937.5,-31.81442
5756741875.0,-31.81391
5756742812.5,-31.81511
5756743750.0,-31.82698
5756744687.5,-31.82129
5756745625.0,-31.82808
5756746562.5,-31.82218
5756747500.0,-31.82156
5756748437.5,-31.82307
5756749375.0,-31.82734
5756750312.5,-31.83068
5756751250.0,-31.82981
5756752187.5,-31.82935
5756753125.0,-31.8262
5756754062.5,-31.82552
5756755000.0,-31.83326
5756755937.5,-31.8332
5756756875.0,-31.83416
5756757812.5,-31.83211
5756758750.0,-31.83181
5756759687.5,-31.84045
5756760625.0,-31.84181
5756761562.5,-31.83796
5756762500.0,-31.84005
5756763437.5,-31.84022
5756764375.0,-31.8375
5756765312.5,-31.84074
5756766250.0,-31.83941
5756767187.5,-31.83768
5756768125.0,-31.8476
5756769062.5,-31.83932
5756770000.0,-31.84881
5756770937.5,-31.85036
5756771875.0,-31.84903
5756772812.5,-31.85531
5756773750.0,-31.85166
5756774687.5,-31.85362
5756775625.0,-31.84924
5756776562.5,-31.85649
5756777500.0,-31.85038
5756778437.5,-31.84919
5756779375.0,-31.85034
5756780312.5,-31.85793
5756781250.0,-31.85489
5756782187.5,-31.85842
5756783125.0,-31.86213
5756784062.5,-31.85972
5756785000.0,-31.86155
5756785937.5,-31.86282
5756786875.0,-31.87019
5756787812.5,-31.86025
5756788750.0,-31.86944
5756789687.5,-31.87562
5756790625.0,-31.86799
5756791562.5,-31.87145
5756792500.0,-31.87148
5756793437.5,-31.86612
5756794375.0,-31.87481
5756795312.5,-31.87153
5756796250.0,-31.87623
5756797187.5,-31.87907
5756798125.0,-31.8726
5756799062.5,-31.86989
5756800000.0,-31.87471
5756800937.5,-31.88272
5756801875.0,-31.88336
5756802812.5,-31.88009
5756803750.0,-31.88119
5756804687.5,-31.87533
5756805625.0,-31.88506
5756806562.5,-31.88039
5756807500.0,-31.87984
5756808437.5,-31.88207
5756809375.0,-31.88786
5756810312.5,-31.88383
5756811250.0,-31.88026
5756812187.5,-31.89047
5756813125.0,-31.88409
5756814062.5,-31.88312
5756815000.0,-31.89687
5756815937.5,-31.88794
5756816875.0,-31.88972
5756817812.5,-31.88754
5756818750.0,-31.89507
5756819687.5,-31.89646
5756820625.0,-31.90127
5756821562.5,-31.89615
5756822500.0,-31.90184
5756823437.5,-31.89746
5756824375.0,-31.89662
5756825312.5,-31.90773
5756826250.0,-31.90093
5756827187.5,-31.9038
5756828125.0,-31.90618
5756829062.5,-31.90898
5756830000.0,-31.90355
5756830937.5,-31.90273
5756831875.0,-31.90469
5756832812.5,-31.90883
5756833750.0,-31.91234
5756834687.5,-31.90819
5756835625.0,-31.91033
5756836562.5,-31.91876
5756837500.0,-31.91388
5756838437.5,-31.91457
5756839375.0,-31.91833
5756840312.5,-31.91797
5756841250.0,-31.91806
5756842187.5,-31.92081
5756843125.0,-31.92333
5756844062.5,-31.92114
5756845000.0,-31.91381
5756845937.5,-31.92527
5756846875.0,-31.92215
5756847812.5,-31.91582
5756848750.0,-31.93178
5756849687.5,-31.92147
5756850625.0,-31.9249
5756851562.5,-31.91957
5756852500.0,-31.93135
5756853437.5,-31.93181
5756854375.0,-31.93291
5756855312.5,-31.93221
5756856250.0,-31.93508
5756857187.5,-31.94236
5756858125.0,-31.93439
5756859062.5,-31.93347
5756860000.0,-31.9321
5756860937.5,-31.93837
5756861875.0,-31.9346
5756862812.5,-31.94627
5756863750.0,-31.9391
5756864687.5,-31.93563
5756865625.0,-31.9344
5756866562.5,-31.94139
5756867500.0,-31.94157
5756868437.5,-31.94426
5756869375.0,-31.95296
5756870312.5,-31.94619
5756871250.0,-31.9453
5756872187.5,-31.94557
5756873125.0,-31.95362
5756874062.5,-31.95868
5756875000.0,-31.95235
5756875937.5,-31.95461
5756876875.0,-31.9492
5756877812.5,-31.94945
5756878750.0,-31.95582
5756879687.5,-31.95974
5756880625.0,-31.96049
5756881562.5,-31.95988
5756882500.0,-31.96041
5756883437.5,-31.96162
5756884375.0,-31.95895
5756885312.5,-31.95419
5756886250.0,-31.96059
5756887187.5,-31.96619
5756888125.0,-31.97266
5756889062.5,-31.96716
5756890000.0,-31.96655
5756890937.5,-31.97436
5756891875.0,-31.97145
5756892812.5,-31.97122
5756893750.0,-31.97829
5756894687.5,-31.97663
5756895625.0,-31.97267
5756896562.5,-31.97673
5756897500.0,-31.97493
5756898437.5,-31.97248
5756899375.0,-31.97479
5756900312.5,-31.9808
5756901250.0,-31.98166
5756902187.5,-31.97899
5756903125.0,-31.97714
5756904062.5,-31.98183
5756905000.0,-31.98499
5756905937.5,-31.97768
5756906875.0,-31.98427
5756907812.5,-31.9826
5756908750.0,-31.98468
5756909687.5,-31.98183
5756910625.0,-31.99163
5756911562.5,-31.98708
5756912500.0,-31.99074
5756913437.5,-31.99267
5756914375.0,-32.00248
5756915312.5,-31.9946
5756916250.0,-31.98876
5756917187.5,-31.99715
5756918125.0,-31.99426
5756919062.5,-31.9903
5756920000.0,-31.99569
5756920937.5,-32.00235
5756921875.0,-32.00208
5756922812.5,-31.99907
5756923750.0,-32.00004
5756924687.5,-32.00623
5756925625.0,-32.00506
5756926562.5,-32.00234
5756927500.0,-32.01093
5756928437.5,-32.00732
5756929375.0,-31.99999
5756930312.5,-32.01371
5756931250.0,-32.00686
5756932187.5,-32.01466
5756933125.0,-32.00826
5756934062.5,-32.01368
5756935000.0,-32.00978
5756935937.5,-32.01362
5756936875.0,-32.00932
5756937812.5,-32.01052
5756938750.0,-32.01503
5756939687.5,-32.0173
5756940625.0,-32.02216
5756941562.5,-32.01507
5756942500.0,-32.02252
5756943437.5,-32.02367
5756944375.0,-32.03049
5756945312.5,-32.02064
5756946250.0,-32.02433
5756947187.5,-32.02428
5756948125.0,-32.02956
5756949062.5,-32.02767
5756950000.0,-32.03426
5756950937.5,-32.03054
5756951875.0,-32.03041
5756952812.5,-32.02872
5756953750.0,-32.02645
5756954687.5,-32.03761
5756955625.0,-32.02858
5756956562.5,-32.02782
5756957500.0,-32.03825
5756958437.5,-32.0345
5756959375.0,-32.03719
5756960312.5,-32.04065
5756961250.0,-32.03951
5756962187.5,-32.04534
5756963125.0,-32.03978
5756964062.5,-32.04942
5756965000.0,-32.04669
5756965937.5,-32.04865
5756966875.0,-32.04813
5756967812.5,-32.04774
5756968750.0,-32.05368
5756969687.5,-32.05866
5756970625.0,-32.04969
5756971562.5,-32.05448
5756972500.0,-32.05095
5756973437.5,-32.04789
5756974375.0,-32.0569
5756975312.5,-32.04853
5756976250.0,-32.05439
5756977187.5,-32.05687
5756978125.0,-32.05851
5756979062.5,-32.068
5756980000.0,-32.05525
5756980937.5,-32.05833
5756981875.0,-32.06241
5756982812.5,-32.06053
5756983750.0,-32.05572
5756984687.5,-32.07091
5756985625.0,-32.06485
5756986562.5,-32.06718
5756987500.0,-32.06308
5756988437.5,-32.0677
5756989375.0,-32.07241
5756990312.5,-32.06585
5756991250.0,-32.0661
5756992187.5,-32.07038
5756993125.0,-32.07329
5756994062.5,-32.07319
5756995000.0,-32.07141
5756995937.5,-32.07508
5756996875.0,-32.08133
5756997812.5,-32.08222
5756998750.0,-32.08298
5756999687.5,-32.07697
5757000625.0,-32.09017
5757001562.5,-32.07978
5757002500.0,-32.08484
5757003437.5,-32.08588
5757004375.0,-32.08961
5757005312.5,-32.08667
5757006250.0,-32.0848
5757007187.5,-32.09147
5757008125.0,-32.08333
5757009062.5,-32.09536
5757010000.0,-32.0921
5757010937.5,-32.09026
5757011875.0,-32.09122
5757012812.5,-32.09615
5757013750.0,-32.098
5757014687.5,-32.09808
5757015625.0,-32.09751
5757016562.5,-32.09797
5757017500.0,-32.09358
5757018437.5,-32.10078
5757019375.0,-32.09418
5757020312.5,-32.09998
5757021250.0,-32.09527
5757022187.5,-32.1014
5757023125.0,-32.10286
5757024062.5,-32.11007
5757025000.0,-32.0992
5757025937.5,-32.107
5757026875.0,-32.1058
5757027812.5,-32.10776
5757028750.0,-32.1153
5757029687.5,-32.11238
5757030625.0,-32.11774
5757031562.5,-32.10883
5757032500.0,-32.11876
5757033437.5,-32.11042
5757034375.0,-32.11844
5757035312.5,-32.12324
5757036250.0,-32.12109
5757037187.5,-32.11836
5757038125.0,-32.1198
5757039062.5,-32.12013
5757040000.0,-32.11846
5757040937.5,-32.1218
5757041875.0,-32.127
5757042812.5,-32.12606
5757043750.0,-32.12737
5757044687.5,-32.13319
5757045625.0,-32.12553
5757046562.5,-32.12767
5757047500.0,-32.13694
5757048437.5,-32.13229
5757049375.0,-32.13208
5757050312.5,-32.13478
5757051250.0,-32.1427
5757052187.5,-32.13243
5757053125.0,-32.13496
5757054062.5,-32.13699
5757055000.0,-32.13377
5757055937.5,-32.13529
5757056875.0,-32.14116
5757057812.5,-32.14425
5757058750.0,-32.1432
5757059687.5,-32.14077
5757060625.0,-32.14702
5757061562.5,-32.14825
5757062500.0,-32.14811
5757063437.5,-32.15437
5757064375.0,-32.15174
5757065312.5,-32.14546
5757066250.0,-32.15264
5757067187.5,-32.15448
5757068125.0,-32.14857
5757069062.5,-32.15438
5757070000.0,-32.14933
5757070937.5,-32.15479
5757071875.0,-32.15705
5757072812.5,-32.15516
5757073750.0,-32.15966
5757074687.5,-32.14963
5757075625.0,-32.15791
5757076562.5,-32.15428
5757077500.0,-32.15384
5757078437.5,-32.15859
5757079375.0,-32.16238
5757080312.5,-32.16349
5757081250.0,-32.16029
5757082187.5,-32.16598
5757083125.0,-32.16687
5757084062.5,-32.17244
5757085000.0,-32.17358
5757085937.5,-32.16873
5757086875.0,-32.17022
5757087812.5,-32.18053
5757088750.0,-32.17792
5757089687.5,-32.17747
5757090625.0,-32.16596
5757091562.5,-32.18029
5757092500.0,-32.17843
5757093437.5,-32.18186
5757094375.0,-32.18206
5757095312.5,-32.17886
5757096250.0,-32.18899
5757097187.5,-32.18204
5757098125.0,-32.18847
5757099062.5,-32.18643
5757100000.0,-32.17952
5757100937.5,-32.1861
5757101875.0,-32.18751
5757102812.5,-32.19062
5757103750.0,-32.18618
5757104687.5,-32.18467
5757105625.0,-32.19825
5757106562.5,-32.19211
5757107500.0,-32.19255
5757108437.5,-32.19176
5757109375.0,-32.19027
5757110312.5,-32.19757
5757111250.0,-32.2015
5757112187.5,-32.20206
5757113125.0,-32.19817
5757114062.5,-32.20045
5757115000.0,-32.20428
5757115937.5,-32.20779
5757116875.0,-32.2123
5757117812.5,-32.20066
5757118750.0,-32.20977
5757119687.5,-32.2088
5757120625.0,-32.20221
5757121562.5,-32.21651
5757122500.0,-32.21075
5757123437.5,-32.20966
5757124375.0,-32.20898
5757125312.5,-32.21656
5757126250.0,-32.21405
5757127187.5,-32.21611
5757128125.0,-32.21434
5757129062.5,-32.22187
5757130000.0,-32.21663
5757130937.5,-32.22654
5757131875.0,-32.22249
5757132812.5,-32.22015
5757133750.0,-32.21799
5757134687.5,-32.22485
5757135625.0,-32.22282
5757136562.5,-32.22559
5757137500.0,-32.22359
5757138437.5,-32.22895
5757139375.0,-32.23022
5757140312.5,-32.23197
5757141250.0,-32.22372
5757142187.5,-32.23344
5757143125.0,-32.23472
5757144062.5,-32.23514
5757145000.0,-32.24305
5757145937.5,-32.23722
5757146875.0,-32.23458
5757147812.5,-32.24052
5757148750.0,-32.23842
5757149687.5,-32.24179
5757150625.0,-32.2387
5757151562.5,-32.24099
5757152500.0,-32.24379
5757153437.5,-32.24022
5757154375.0,-32.23808
5757155312.5,-32.24772
5757156250.0,-32.24171
5757157187.5,-32.24495
5757158125.0,-32.24586
5757159062.5,-32.25034
5757160000.0,-32.24879
5757160937.5,-32.25208
5757161875.0,-32.25631
5757162812.5,-32.25391
5757163750.0,-32.24825
5757164687.5,-32.25711
5757165625.0,-32.25925
5757166562.5,-32.26054
5757167500.0,-32.25798
5757168437.5,-32.26031
5757169375.0,-32.262
5757170312.5,-32.26491
5757171250.0,-32.25606
5757172187.5,-32.26169
5757173125.0,-32.26207
5757174062.5,-32.26398
5757175000.0,-32.27301
5757175937.5,-32.25908
5757176875.0,-32.26942
5757177812.5,-32.26904
5757178750.0,-32.26799
5757179687.5,-32.26574
5757180625.0,-32.27719
5757181562.5,-32.26832
5757182500.0,-32.27221
5757183437.5,-32.27079
5757184375.0,-32.27468
5757185312.5,-32.27685
5757186250.0,-32.28021
5757187187.5,-32.28688
5757188125.0,-32.2835
5757189062.5,-32.27722
5757190000.0,-32.28585
5757190937.5,-32.28518
5757191875.0,-32.28603
5757192812.5,-32.2838
5757193750.0,-32.29185
5757194687.5,-32.28404
5757195625.0,-32.2948
5757196562.5,-32.28693
5757197500.0,-32.28564
5757198437.5,-32.29035
5757199375.0,-32.28861
5757200312.5,-32.29285
5757201250.0,-32.29687
5757202187.5,-32.30135
5757203125.0,-32.29691
5757204062.5,-32.29343
5757205000.0,-32.2976
5757205937.5,-32.30785
5757206875.0,-32.30172
5757207812.5,-32.2975
5757208750.0,-32.30375
5757209687.5,-32.30714
5757210625.0,-32.3107
5757211562.5,-32.30395
5757212500.0,-32.3063
5757213437.5,-32.31347
5757214375.0,-32.31164
5757215312.5,-32.30202
5757216250.0,-32.30855
5757217187.5,-32.31456
5757218125.0,-32.31519
5757219062.5,-32.31236
5757220000.0,-32.31458
5757220937.5,-32.31487
5757221875.0,-32.31255
5757222812.5,-32.31434
5757223750.0,-32.31735
5757224687.5,-32.31567
5757225625.0,-32.3196
5757226562.5,-32.32574
5757227500.0,-32.32314
5757228437.5,-32.32302
5757229375.0,-32.32045
5757230312.5,-32.3272
5757231250.0,-32.32855
5757232187.5,-32.3312
5757233125.0,-32.32816
5757234062.5,-32.3281
5757235000.0,-32.32568
5757235937.5,-32.33818
5757236875.0,-32.33281
5757237812.5,-32.32701
5757238750.0,-32.3347
5757239687.5,-32.34083
5757240625.0,-32.34469
5757241562.5,-32.33916
5757242500.0,-32.33538
5757243437.5,-32.3396
5757244375.0,-32.33934
5757245312.5,-32.35117
5757246250.0,-32.34382
5757247187.5,-32.34109
5757248125.0,-32.34275
5757249062.5,-32.34008
5757250000.0,-32.3441
5757250937.5,-32.34368
5757251875.0,-32.34592
5757252812.5,-32.3431
5757253750.0,-32.35273
5757254687.5,-32.35243
5757255625.0,-32.35761
5757256562.5,-32.34939
5757257500.0,-32.36318
5757258437.5,-32.3592
5757259375.0,-32.35942
5757260312.5,-32.35785
5757261250.0,-32.36099
5757262187.5,-32.36071
5757263125.0,-32.3628
5757264062.5,-32.36212
5757265000.0,-32.36128
5757265937.5,-32.36446
5757266875.0,-32.36298
5757267812.5,-32.36545
5757268750.0,-32.36589
5757269687.5,-32.37403
5757270625.0,-32.36537
5757271562.5,-32.37265
5757272500.0,-32.37126
5757273437.5,-32.37432
5757274375.0,-32.37312
5757275312.5,-32.37326
5757276250.0,-32.37706
5757277187.5,-32.38437
5757278125.0,-32.37773
5757279062.5,-32.381
5757280000.0,-32.38534
5757280937.5,-32.3741
5757281875.0,-32.3824
5757282812.5,-32.3808
5757283750.0,-32.3898
5757284687.5,-32.39206
5757285625.0,-32.3899
5757286562.5,-32.3853
5757287500.0,-32.39137
5757288437.5,-32.38286
5757289375.0,-32.39801
5757290312.5,-32.3884
5757291250.0,-32.39492
5757292187.5,-32.39412
5757293125.0,-32.38587
5757294062.5,-32.39983
5757295000.0,-32.39286
5757295937.5,-32.40051
5757296875.0,-32.39831
5757297812.5,-32.39943
5757298750.0,-32.39661
5757299687.5,-32.41414
5757300625.0,-32.39644
5757301562.5,-32.40391
5757302500.0,-32.39799
5757303437.5,-32.40668
5757304375.0,-32.40059
5757305312.5,-32.41795
5757306250.0,-32.40643
5757307187.5,-32.41037
5757308125.0,-32.40833
5757309062.5,-32.41214
5757310000.0,-32.41084
5757310937.5,-32.41631
5757311875.0,-32.41916
5757312812.5,-32.41375
5757313750.0,-32.41541
5757314687.5,-32.41944
5757315625.0,-32.41989
5757316562.5,-32.4187
5757317500.0,-32.42836
5757318437.5,-32.41631
5757319375.0,-32.43074
5757320312.5,-32.42504
5757321250.0,-32.42574
5757322187.5,-32.42126
5757323125.0,-32.42196
5757324062.5,-32.42215
5757325000.0,-32.42624
5757325937.5,-32.4285
5757326875.0,-32.42683
5757327812.5,-32.43518
5757328750.0,-32.43568
5757329687.5,-32.43737
5757330625.0,-32.43543
5757331562.5,-32.44131
5757332500.0,-32.43626
5757333437.5,-32.44346
5757334375.0,-32.44943
5757335312.5,-32.43852
5757336250.0,-32.44074
5757337187.5,-32.43991
5757338125.0,-32.44003
5757339062.5,-32.44526
5757340000.0,-32.44803
5757340937.5,-32.44874
5757341875.0,-32.44641
5757342812.5,-32.4542
5757343750.0,-32.44864
5757344687.5,-32.45471
5757345625.0,-32.45736
5757346562.5,-32.45698
5757347500.0,-32.4507
5757348437.5,-32.45175
5757349375.0,-32.45244
5757350312.5,-32.4577
5757351250.0,-32.45449
5757352187.5,-32.45887
5757353125.0,-32.461
5757354062.5,-32.46839
5757355000.0,-32.4628
5757355937.5,-32.46582
5757356875.0,-32.46476
5757357812.5,-32.46313
5757358750.0,-32.46361
5757359687.5,-32.47043
5757360625.0,-32.46564
5757361562.5,-32.46827
5757362500.0,-32.47427
5757363437.5,-32.46409
5757364375.0,-32.48007
5757365312.5,-32.47593
5757366250.0,-32.4675
5757367187.5,-32.47544
5757368125.0,-32.48178
5757369062.5,-32.47246
5757370000.0,-32.47559
5757370937.5,-32.47984
5757371875.0,-32.4767
5757372812.5,-32.48376
5757373750.0,-32.48335
5757374687.5,-32.48007
5757375625.0,-32.48106
5757376562.5,-32.48843
5757377500.0,-32.48341
5757378437.5,-32.48545
5757379375.0,-32.48801
5757380312.5,-32.48285
5757381250.0,-32.49813
5757382187.5,-32.48532
5757383125.0,-32.49902
5757384062.5,-32.49795
5757385000.0,-32.49351
5757385937.5,-32.49709
5757386875.0,-32.50459
5757387812.5,-32.49429
5757388750.0,-32.50706
5757389687.5,-32.50271
5757390625.0,-32.50012
5757391562.5,-32.49995
5757392500.0,-32.50816
5757393437.5,-32.50034
5757394375.0,-32.50488
5757395312.5,-32.495
5757396250.0,-32.50529
5757397187.5,-32.50839
5757398125.0,-32.51306
5757399062.5,-32.50903
5757400000.0,-32.52275
5757400937.5,-32.52309
5757401875.0,-32.51851
5757402812.5,-32.51715
5757403750.0,-32.51345
5757404687.5,-32.5215
5757405625.0,-32.52488
5757406562.5,-32.52209
5757407500.0,-32.52003
5757408437.5,-32.52702
5757409375.0,-32.51987
5757410312.5,-32.52357
5757411250.0,-32.52703
5757412187.5,-32.52568
5757413125.0,-32.53134
5757414062.5,-32.52773
5757415000.0,-32.52707
5757415937.5,-32.53443
5757416875.0,-32.52713
5757417812.5,-32.53248
5757418750.0,-32.53354
5757419687.5,-32.53418
5757420625.0,-32.53635
5757421562.5,-32.53434
5757422500.0,-32.53898
5757423437.5,-32.53788
5757424375.0,-32.53726
5757425312.5,-32.53957
5757426250.0,-32.53973
5757427187.5,-32.54492
5757428125.0,-32.5351
5757429062.5,-32.54299
5757430000.0,-32.54696
5757430937.5,-32.54729
5757431875.0,-32.54787
5757432812.5,-32.54671
5757433750.0,-32.54821
5757434687.5,-32.54767
5757435625.0,-32.56232
5757436562.5,-32.55718
5757437500.0,-32.55148
5757438437.5,-32.56055
5757439375.0,-32.55399
5757440312.5,-32.55426
5757441250.0,-32.56218
5757442187.5,-32.56357
5757443125.0,-32.55054
5757444062.5,-32.57045
5757445000.0,-32.56173
5757445937.5,-32.56181
5757446875.0,-32.56555
5757447812.5,-32.56083
5757448750.0,-32.56142
5757449687.5,-32.56553
5757450625.0,-32.56679
5757451562.5,-32.56641
5757452500.0,-32.57379
5757453437.5,-32.56706
5757454375.0,-32.57115
5757455312.5,-32.5746
5757456250.0,-32.57727
5757457187.5,-32.57272
5757458125.0,-32.57346
5757459062.5,-32.57512
5757460000.0,-32.57016
5757460937.5,-32.57832
5757461875.0,-32.58384
5757462812.5,-32.58266
5757463750.0,-32.58638
5757464687.5,-32.58089
5757465625.0,-32.58302
5757466562.5,-32.58161
5757467500.0,-32.5852
5757468437.5,-32.57901
5757469375.0,-32.58469
5757470312.5,-32.59578
5757471250.0,-32.58374
5757472187.5,-32.58768
5757473125.0,-32.58768
5757474062.5,-32.5904
5757475000.0,-32.59941
5757475937.5,-32.59696
5757476875.0,-32.59534
5757477812.5,-32.5996
5757478750.0,-32.59364
5757479687.5,-32.60281
5757480625.0,-32.59824
5757481562.5,-32.60322
5757482500.0,-32.61551
5757483437.5,-32.60926
5757484375.0,-32.60204
5757485312.5,-32.60508
5757486250.0,-32.60224
5757487187.5,-32.60946
5757488125.0,-32.60842
5757489062.5,-32.6079
5757490000.0,-32.61053
5757490937.5,-32.61383
5757491875.0,-32.60705
5757492812.5,-32.61419
5757493750.0,-32.61764
5757494687.5,-32.615
5757495625.0,-32.62582
5757496562.5,-32.62003
5757497500.0,-32.61918
5757498437.5,-32.62517
5757499375.0,-32.62112
5757500312.5,-32.61931
5757501250.0,-32.62772
5757502187.5,-32.6158
5757503125.0,-32.62488
5757504062.5,-32.63271
5757505000.0,-32.6322
5757505937.5,-32.63313
5757506875.0,-32.63515
5757507812.5,-32.63182
5757508750.0,-32.63765
5757509687.5,-32.63831
5757510625.0,-32.63988
5757511562.5,-32.63475
5757512500.0,-32.64465
5757513437.5,-32.6426
5757514375.0,-32.63935
5757515312.5,-32.64462
5757516250.0,-32.6447
5757517187.5,-32.63865
5757518125.0,-32.64629
5757519062.5,-32.64326
5757520000.0,-32.65047
5757520937.5,-32.64644
5757521875.0,-32.65216
5757522812.5,-32.64454
5757523750.0,-32.64381
5757524687.5,-32.64914
5757525625.0,-32.65427
5757526562.5,-32.65574
5757527500.0,-32.65196
5757528437.5,-32.65295
5757529375.0,-32.65905
5757530312.5,-32.65383
5757531250.0,-32.65604
5757532187.5,-32.6649
5757533125.0,-32.65903
5757534062.5,-32.66063
5757535000.0,-32.65838
5757535937.5,-32.66734
5757536875.0,-32.66999
5757537812.5,-32.66624
5757538750.0,-32.66734
5757539687.5,-32.66477
5757540625.0,-32.67258
5757541562.5,-32.66899
5757542500.0,-32.66895
5757543437.5,-32.67216
5757544375.0,-32.67217
5757545312.5,-32.67557
5757546250.0,-32.66921
5757547187.5,-32.68164
5757548125.0,-32.66731
5757549062.5,-32.67914
5757550000.0,-32.6762
5757550937.5,-32.68148
5757551875.0,-32.68361
5757552812.5,-32.68511
5757553750.0,-32.68871
5757554687.5,-32.67559
5757555625.0,-32.68862
5757556562.5,-32.68435
5757557500.0,-32.69112
5757558437.5,-32.68924
5757559375.0,-32.68088
5757560312.5,-32.68832
5757561250.0,-32.69677
5757562187.5,-32.69111
5757563125.0,-32.69688
5757564062.5,-32.69381
5757565000.0,-32.69189
5757565937.5,-32.69941
5757566875.0,-32.7023
5757567812.5,-32.70309
5757568750.0,-32.69316
5757569687.5,-32.70249
5757570625.0,-32.70366
5757571562.5,-32.69661
5757572500.0,-32.70634
5757573437.5,-32.70761
5757574375.0,-32.70973
5757575312.5,-32.70512
5757576250.0,-32.71085
5757577187.5,-32.70284
5757578125.0,-32.70796
5757579062.5,-32.70574
5757580000.0,-32.71655
5757580937.5,-32.71732
5757581875.0,-32.71323
5757582812.5,-32.70961
5757583750.0,-32.72006
5757584687.5,-32.71912
5757585625.0,-32.7191
5757586562.5,-32.71994
5757587500.0,-32.72531
5757588437.5,-32.71875
5757589375.0,-32.72632
5757590312.5,-32.72218
5757591250.0,-32.72221
5757592187.5,-32.7301
5757593125.0,-32.73344
5757594062.5,-32.73794
5757595000.0,-32.71928
5757595937.5,-32.73514
5757596875.0,-32.72716
5757597812.5,-32.7392
5757598750.0,-32.73335
5757599687.5,-32.7334
5757600625.0,-32.74303
5757601562.5,-32.74625
5757602500.0,-32.74439
5757603437.5,-32.74466
5757604375.0,-32.74019
5757605312.5,-32.74305
5757606250.0,-32.73857
5757607187.5,-32.73426
5757608125.0,-32.73891
5757609062.5,-32.75257
5757610000.0,-32.75036
5757610937.5,-32.74597
5757611875.0,-32.74718
5757612812.5,-32.7472
5757613750.0,-32.75325
5757614687.5,-32.75674
5757615625.0,-32.76111
5757616562.5,-32.75607
5757617500.0,-32.75912
5757618437.5,-32.76295
5757619375.0,-32.76226
5757620312.5,-32.75408
5757621250.0,-32.75657
5757622187.5,-32.75579
5757623125.0,-32.766
5757624062.5,-32.76288
5757625000.0,-32.76607
5757625937.5,-32.76145
5757626875.0,-32.7672
5757627812.5,-32.76513
5757628750.0,-32.76801
5757629687.5,-32.76574
5757630625.0,-32.7693
5757631562.5,-32.77554
5757632500.0,-32.7761
5757633437.5,-32.77806
5757634375.0,-32.78182
5757635312.5,-32.77105
5757636250.0,-32.7767
5757637187.5,-32.78696
5757638125.0,-32.77458
5757639062.5,-32.7777
5757640000.0,-32.77659
5757640937.5,-32.77908
5757641875.0,-32.78139
5757642812.5,-32.78692
5757643750.0,-32.78297
5757644687.5,-32.78343
5757645625.0,-32.78065
5757646562.5,-32.7854
5757647500.0,-32.79055
5757648437.5,-32.78837
5757649375.0,-32.78472
5757650312.5,-32.79796
5757651250.0,-32.79084
5757652187.5,-32.79804
5757653125.0,-32.80048
5757654062.5,-32.80058
5757655000.0,-32.79914
5757655937.5,-32.79289
5757656875.0,-32.80292
5757657812.5,-32.79859
5757658750.0,-32.79894
5757659687.5,-32.80275
5757660625.0,-32.7978
5757661562.5,-32.80566
5757662500.0,-32.80112
5757663437.5,-32.80853
5757664375.0,-32.80893
5757665312.5,-32.80693
5757666250.0,-32.81489
5757667187.5,-32.81107
5757668125.0,-32.81413
5757669062.5,-32.81519
5757670000.0,-32.80952
5757670937.5,-32.81768
5757671875.0,-32.81527
5757672812.5,-32.82087
5757673750.0,-32.8298
5757674687.5,-32.82793
5757675625.0,-32.82318
5757676562.5,-32.81572
5757677500.0,-32.83065
5757678437.5,-32.82219
5757679375.0,-32.82915
5757680312.5,-32.82991
5757681250.0,-32.82714
5757682187.5,-32.82641
5757683125.0,-32.83868
5757684062.5,-32.83293
5757685000.0,-32.82436
5757685937.5,-32.84853
5757686875.0,-32.83562
5757687812.5,-32.8273
5757688750.0,-32.83315
5757689687.5,-32.84031
5757690625.0,-32.83718
5757691562.5,-32.83638
5757692500.0,-32.84172
5757693437.5,-32.83719
5757694375.0,-32.84323
5757695312.5,-32.84417
5757696250.0,-32.8471
5757697187.5,-32.84992
5757698125.0,-32.84368
5757699062.5,-32.84173
5757700000.0,-32.84799
5757700937.5,-32.85353
5757701875.0,-32.85143
5757702812.5,-32.85704
5757703750.0,-32.8559
5757704687.5,-32.8595
5757705625.0,-32.86234
5757706562.5,-32.8493
5757707500.0,-32.85776
5757708437.5,-32.85682
5757709375.0,-32.86095
5757710312.5,-32.86314
5757711250.0,-32.86224
5757712187.5,-32.86256
5757713125.0,-32.86372
5757714062.5,-32.86187
5757715000.0,-32.86819
5757715937.5,-32.86897
5757716875.0,-32.87226
5757717812.5,-32.86948
5757718750.0,-32.8709
5757719687.5,-32.87405
5757720625.0,-32.8737
5757721562.5,-32.86835
5757722500.0,-32.87416
5757723437.5,-32.87678
5757724375.0,-32.87297
5757725312.5,-32.87254
5757726250.0,-32.88223
5757727187.5,-32.87842
5757728125.0,-32.8799
5757729062.5,-32.88627
5757730000.0,-32.87941
5757730937.5,-32.88311
5757731875.0,-32.88928
5757732812.5,-32.88981
5757733750.0,-32.88195
5757734687.5,-32.88742
5757735625.0,-32.88641
5757736562.5,-32.88971
5757737500.0,-32.88382
5757738437.5,-32.89249
5757739375.0,-32.8902
5757740312.5,-32.89567
5757741250.0,-32.89309
5757742187.5,-32.89197
5757743125.0,-32.90601
5757744062.5,-32.89934
5757745000.0,-32.89861
5757745937.5,-32.90124
5757746875.0,-32.89333
5757747812.5,-32.90436
5757748750.0,-32.90563
5757749687.5,-32.90543
5757750625.0,-32.90021
5757751562.5,-32.91118
5757752500.0,-32.90502
5757753437.5,-32.91056
5757754375.0,-32.91785
5757755312.5,-32.91153
5757756250.0,-32.91976
5757757187.5,-32.91353
5757758125.0,-32.9138
5757759062.5,-32.91712
5757760000.0,-32.92534
5757760937.5,-32.92089
5757761875.0,-32.9139
5757762812.5,-32.92845
5757763750.0,-32.92542
5757764687.5,-32.92679
5757765625.0,-32.91995
5757766562.5,-32.92502
5757767500.0,-32.92747
5757768437.5,-32.92778
5757769375.0,-32.92748
5757770312.5,-32.917
5757771250.0,-32.9421
5757772187.5,-32.93654
5757773125.0,-32.93064
5757774062.5,-32.93367
5757775000.0,-32.93481
5757775937.5,-32.93774
5757776875.0,-32.93621
5757777812.5,-32.93972
5757778750.0,-32.93908
5757779687.5,-32.94832
5757780625.0,-32.93535
5757781562.5,-32.94279
5757782500.0,-32.94986
5757783437.5,-32.94358
5757784375.0,-32.94774
5757785312.5,-32.95242
5757786250.0,-32.94953
5757787187.5,-32.95465
5757788125.0,-32.9524
5757789062.5,-32.94931
5757790000.0,-32.94978
5757790937.5,-32.95316
5757791875.0,-32.9567
5757792812.5,-32.96181
5757793750.0,-32.966
5757794687.5,-32.95727
5757795625.0,-32.95517
5757796562.5,-32.95804
5757797500.0,-32.96591
5757798437.5,-32.96532
5757799375.0,-32.96368
5757800312.5,-32.96538
5757801250.0,-32.96508
5757802187.5,-32.96939
5757803125.0,-32.96301
5757804062.5,-32.96481
5757805000.0,-32.96708
5757805937.5,-32.9716
5757806875.0,-32.97408
5757807812.5,-32.9724
5757808750.0,-32.97469
5757809687.5,-32.97395
5757810625.0,-32.98216
5757811562.5,-32.98246
5757812500.0,-32.98212
5757813437.5,-32.982
5757814375.0,-32.98933
5757815312.5,-32.97264
5757816250.0,-32.97836
5757817187.5,-32.98304
5757818125.0,-32.98353
5757819062.5,-32.97919
5757820000.0,-32.98324
5757820937.5,-32.9866
5757821875.0,-32.98726
5757822812.5,-32.98718
5757823750.0,-32.98378
5757824687.5,-32.99385
5757825625.0,-32.99245
5757826562.5,-33.00428
5757827500.0,-32.99921
5757828437.5,-32.99725
5757829375.0,-32.99921
5757830312.5,-32.99982
5757831250.0,-32.99295
5757832187.5,-33.00495
5757833125.0,-33.00039
5757834062.5,-32.99845
5757835000.0,-33.00076
5757835937.5,-33.0027
5757836875.0,-33.00964
5757837812.5,-33.00821
5757838750.0,-33.01443
5757839687.5,-33.00495
5757840625.0,-33.01319
5757841562.5,-33.01017
5757842500.0,-33.01136
5757843437.5,-32.99963
5757844375.0,-33.00749
5757845312.5,-33.00917
5757846250.0,-33.01743
5757847187.5,-33.02119
5757848125.0,-33.02222
5757849062.5,-33.01641
5757850000.0,-33.02043
5757850937.5,-33.01947
5757851875.0,-33.01715
5757852812.5,-33.01916
5757853750.0,-33.02359
5757854687.5,-33.03257
5757855625.0,-33.02597
5757856562.5,-33.02652
5757857500.0,-33.02978
5757858437.5,-33.02628
5757859375.0,-33.02933
5757860312.5,-33.02626
5757861250.0,-33.02862
5757862187.5,-33.03661
5757863125.0,-33.02921
5757864062.5,-33.03001
5757865000.0,-33.03475
5757865937.5,-33.03596
5757866875.0,-33.04698
5757867812.5,-33.03891
5757868750.0,-33.04003
5757869687.5,-33.04141
5757870625.0,-33.03886
5757871562.5,-33.04385
5757872500.0,-33.04457
5757873437.5,-33.04396
5757874375.0,-33.0337
5757875312.5,-33.04904
5757876250.0,-33.05095
5757877187.5,-33.03571
5757878125.0,-33.05308
5757879062.5,-33.05605
5757880000.0,-33.05264
5757880937.5,-33.04606
5757881875.0,-33.04813
5757882812.5,-33.05674
5757883750.0,-33.05415
5757884687.5,-33.06269
5757885625.0,-33.0623
5757886562.5,-33.0705
5757887500.0,-33.07039
5757888437.5,-33.06242
5757889375.0,-33.06573
5757890312.5,-33.06995
5757891250.0,-33.06131
5757892187.5,-33.0658
5757893125.0,-33.0704
5757894062.5,-33.07009
5757895000.0,-33.07685
5757895937.5,-33.0749
5757896875.0,-33.06808
5757897812.5,-33.07393
5757898750.0,-33.08246
5757899687.5,-33.07575
5757900625.0,-33.0717
5757901562.5,-33.07967
5757902500.0,-33.08332
5757903437.5,-33.08221
5757904375.0,-33.08096
5757905312.5,-33.08118
5757906250.0,-33.08546
5757907187.5,-33.08966
5757908125.0,-33.08394
5757909062.5,-33.08823
5757910000.0,-33.0877
5757910937.5,-33.08772
5757911875.0,-33.08048
5757912812.5,-33.08512
5757913750.0,-33.09149
5757914687.5,-33.1016
5757915625.0,-33.09484
5757916562.5,-33.09253
5757917500.0,-33.10189
5757918437.5,-33.10162
5757919375.0,-33.09592
5757920312.5,-33.0965
5757921250.0,-33.0951
5757922187.5,-33.10365
5757923125.0,-33.10184
5757924062.5,-33.10871
5757925000.0,-33.10997
5757925937.5,-33.10488
5757926875.0,-33.10708
5757927812.5,-33.10189
5757928750.0,-33.11189
5757929687.5,-33.11395
5757930625.0,-33.11589
5757931562.5,-33.11423
5757932500.0,-33.11717
5757933437.5,-33.11465
5757934375.0,-33.11413
5757935312.5,-33.1198
5757936250.0,-33.12145
5757937187.5,-33.1231
5757938125.0,-33.11409
5757939062.5,-33.11551
5757940000.0,-33.12844
5757940937.5,-33.11789
5757941875.0,-33.12348
5757942812.5,-33.13043
5757943750.0,-33.12842
5757944687.5,-33.13383
5757945625.0,-33.13173
5757946562.5,-33.13618
5757947500.0,-33.13788
5757948437.5,-33.13863
5757949375.0,-33.13334
5757950312.5,-33.13397
5757951250.0,-33.13062
5757952187.5,-33.13301
5757953125.0,-33.13454
5757954062.5,-33.13956
5757955000.0,-33.1406
5757955937.5,-33.14048
5757956875.0,-33.14383
5757957812.5,-33.14781
5757958750.0,-33.14307
5757959687.5,-33.14745
5757960625.0,-33.14838
5757961562.5,-33.1526
5757962500.0,-33.14589
5757963437.5,-33.14677
5757964375.0,-33.15813
5757965312.5,-33.15439
5757966250.0,-33.15384
5757967187.5,-33.15557
5757968125.0,-33.16006
5757969062.5,-33.1556
5757970000.0,-33.16587
5757970937.5,-33.1545
5757971875.0,-33.16348
5757972812.5,-33.16371
5757973750.0,-33.15982
5757974687.5,-33.15993
5757975625.0,-33.164
5757976562.5,-33.17518
5757977500.0,-33.16721
5757978437.5,-33.16979
5757979375.0,-33.17879
5757980312.5,-33.17057
5757981250.0,-33.17461
5757982187.5,-33.16589
5757983125.0,-33.17263
5757984062.5,-33.17307
5757985000.0,-33.17464
5757985937.5,-33.17261
5757986875.0,-33.18016
5757987812.5,-33.17854
5757988750.0,-33.17375
5757989687.5,-33.18322
5757990625.0,-33.18919
5757991562.5,-33.17798
5757992500.0,-33.18181
5757993437.5,-33.18827
5757994375.0,-33.18531
5757995312.5,-33.18463
5757996250.0,-33.18571
5757997187.5,-33.19409
5757998125.0,-33.1879
5757999062.5,-33.18272
5758000000.0,-33.20014
5758000937.5,-33.19346
5758001875.0,-33.20388
5758002812.5,-33.20377
5758003750.0,-33.19348
5758004687.5,-33.20149
5758005625.0,-33.19783
5758006562.5,-33.20078
5758007500.0,-33.21272
5758008437.5,-33.20013
5758009375.0,-33.20405
5758010312.5,-33.20361
5758011250.0,-33.19825
5758012187.5,-33.19929
5758013125.0,-33.21276
5758014062.5,-33.21843
5758015000.0,-33.20935
5758015937.5,-33.21472
5758016875.0,-33.21811
5758017812.5,-33.20858
5758018750.0,-33.21146
5758019687.5,-33.21544
5758020625.0,-33.21946
5758021562.5,-33.2137
5758022500.0,-33.22645
5758023437.5,-33.22342
5758024375.0,-33.22101
5758025312.5,-33.22372
5758026250.0,-33.21656
5758027187.5,-33.2283
5758028125.0,-33.22568
5758029062.5,-33.23099
5758030000.0,-33.22662
5758030937.5,-33.22485
5758031875.0,-33.23454
5758032812.5,-33.2407
5758033750.0,-33.23311
5758034687.5,-33.24157
5758035625.0,-33.23651
5758036562.5,-33.23143
5758037500.0,-33.24659
5758038437.5,-33.24263
5758039375.0,-33.24102
5758040312.5,-33.24012
5758041250.0,-33.24827
5758042187.5,-33.24614
5758043125.0,-33.24012
5758044062.5,-33.2364
5758045000.0,-33.24043
5758045937.5,-33.24581
5758046875.0,-33.25109
5758047812.5,-33.24283
5758048750.0,-33.25114
5758049687.5,-33.25134
5758050625.0,-33.2546
5758051562.5,-33.25588
5758052500.0,-33.25916
5758053437.5,-33.25715
5758054375.0,-33.25313
5758055312.5,-33.25094
5758056250.0,-33.25307
5758057187.5,-33.26164
5758058125.0,-33.25265
5758059062.5,-33.26217
5758060000.0,-33.25345
5758060937.5,-33.27798
5758061875.0,-33.25914
5758062812.5,-33.26702
5758063750.0,-33.26044
5758064687.5,-33.26845
5758065625.0,-33.26701
5758066562.5,-33.27254
5758067500.0,-33.2771
5758068437.5,-33.27302
5758069375.0,-33.27792
5758070312.5,-33.27323
5758071250.0,-33.26566
5758072187.5,-33.27682
5758073125.0,-33.27394
5758074062.5,-33.27639
5758075000.0,-33.28256
5758075937.5,-33.28498
5758076875.0,-33.28409
5758077812.5,-33.29345
5758078750.0,-33.28437
5758079687.5,-33.28261
5758080625.0,-33.2817
5758081562.5,-33.29105
5758082500.0,-33.29637
5758083437.5,-33.29032
5758084375.0,-33.2863
5758085312.5,-33.29707
5758086250.0,-33.29224
5758087187.5,-33.3001
5758088125.0,-33.29868
5758089062.5,-33.29663
5758090000.0,-33.29538
5758090937.5,-33.30256
5758091875.0,-33.30349
5758092812.5,-33.30791
5758093750.0,-33.30585
5758094687.5,-33.30624
5758095625.0,-33.31568
5758096562.5,-33.30117
5758097500.0,-33.30576
5758098437.5,-33.30656
5758099375.0,-33.30218
5758100312.5,-33.3096
5758101250.0,-33.30318
5758102187.5,-33.31952
5758103125.0,-33.30973
5758104062.5,-33.31067
5758105000.0,-33.31602
5758105937.5,-33.31577
5758106875.0,-33.31121
5758107812.5,-33.31147
5758108750.0,-33.31785
5758109687.5,-33.31786
5758110625.0,-33.31925
5758111562.5,-33.31945
5758112500.0,-33.32738
5758113437.5,-33.32059
5758114375.0,-33.32787
5758115312.5,-33.32589
5758116250.0,-33.32608
5758117187.5,-33.32511
5758118125.0,-33.33556
5758119062.5,-33.33042
5758120000.0,-33.33561
5758120937.5,-33.33036
5758121875.0,-33.33165
5758122812.5,-33.34026
5758123750.0,-33.33826
5758124687.5,-33.3385
5758125625.0,-33.34224
5758126562.5,-33.34684
5758127500.0,-33.3413
5758128437.5,-33.34289
5758129375.0,-33.34553
5758130312.5,-33.33474
5758131250.0,-33.34473
5758132187.5,-33.34629
5758133125.0,-33.3486
5758134062.5,-33.34992
5758135000.0,-33.34621
5758135937.5,-33.3548
5758136875.0,-33.34935
5758137812.5,-33.35483
5758138750.0,-33.35732
5758139687.5,-33.35677
5758140625.0,-33.35583
5758141562.5,-33.35677
5758142500.0,-33.36254
5758143437.5,-33.36572
5758144375.0,-33.36727
5758145312.5,-33.36722
5758146250.0,-33.362
5758147187.5,-33.36748
5758148125.0,-33.36745
5758149062.5,-33.36662
5758150000.0,-33.36752
5758150937.5,-33.3686
5758151875.0,-33.36585
5758152812.5,-33.36937
5758153750.0,-33.37108
5758154687.5,-33.37337
5758155625.0,-33.36856
5758156562.5,-33.36599
5758157500.0,-33.37907
5758158437.5,-33.38046
5758159375.0,-33.37761
5758160312.5,-33.37323
5758161250.0,-33.38393
5758162187.5,-33.38929
5758163125.0,-33.38002
5758164062.5,-33.38022
5758165000.0,-33.38929
5758165937.5,-33.38641
5758166875.0,-33.38963
5758167812.5,-33.38683
5758168750.0,-33.3915
5758169687.5,-33.39219
5758170625.0,-33.39211
5758171562.5,-33.38843
5758172500.0,-33.39355
5758173437.5,-33.39254
5758174375.0,-33.39949
5758175312.5,-33.40096
5758176250.0,-33.39429
5758177187.5,-33.40689
5758178125.0,-33.40404
5758179062.5,-33.40185
5758180000.0,-33.40134
5758180937.5,-33.40411
5758181875.0,-33.40449
5758182812.5,-33.41039
5758183750.0,-33.40569
5758184687.5,-33.39753
5758185625.0,-33.40578
5758186562.5,-33.40301
5758187500.0,-33.40297
5758188437.5,-33.41586
5758189375.0,-33.40778
5758190312.5,-33.40994
5758191250.0,-33.41793
5758192187.5,-33.41367
5758193125.0,-33.42599
5758194062.5,-33.41343
5758195000.0,-33.42037
5758195937.5,-33.42229
5758196875.0,-33.41507
5758197812.5,-33.4202
5758198750.0,-33.4156
5758199687.5,-33.42852
5758200625.0,-33.42875
5758201562.5,-33.42884
5758202500.0,-33.43562
5758203437.5,-33.42801
5758204375.0,-33.43273
5758205312.5,-33.42364
5758206250.0,-33.43013
5758207187.5,-33.43768
5758208125.0,-33.42958
5758209062.5,-33.43219
5758210000.0,-33.43943
5758210937.5,-33.43985
5758211875.0,-33.43517
5758212812.5,-33.43637
5758213750.0,-33.44191
5758214687.5,-33.44264
5758215625.0,-33.43858
5758216562.5,-33.44701
5758217500.0,-33.44812
5758218437.5,-33.44927
5758219375.0,-33.44938
5758220312.5,-33.45168
5758221250.0,-33.4453
5758222187.5,-33.44809
5758223125.0,-33.44673
5758224062.5,-33.44787
5758225000.0,-33.45991
5758225937.5,-33.45433
5758226875.0,-33.45647
5758227812.5,-33.44807
5758228750.0,-33.46278
5758229687.5,-33.45674
5758230625.0,-33.45955
5758231562.5,-33.46957
5758232500.0,-33.46792
5758233437.5,-33.46282
5758234375.0,-33.47547
5758235312.5,-33.46014
5758236250.0,-33.46679
5758237187.5,-33.46669
5758238125.0,-33.47317
5758239062.5,-33.45855
5758240000.0,-33.46358
5758240937.5,-33.48439
5758241875.0,-33.47408
5758242812.5,-33.46372
5758243750.0,-33.47628
5758244687.5,-33.47775
5758245625.0,-33.47324
5758246562.5,-33.46904
5758247500.0,-33.48614
5758248437.5,-33.47731
5758249375.0,-33.48352
5758250312.5,-33.48748
5758251250.0,-33.48573
5758252187.5,-33.48181
5758253125.0,-33.48606
5758254062.5,-33.47704
5758255000.0,-33.48676
5758255937.5,-33.49078
5758256875.0,-33.48631
5758257812.5,-33.49896
5758258750.0,-33.50254
5758259687.5,-33.48999
5758260625.0,-33.48975
5758261562.5,-33.49103
5758262500.0,-33.49301
5758263437.5,-33.49717
5758264375.0,-33.49977
5758265312.5,-33.50294
5758266250.0,-33.5012
5758267187.5,-33.50814
5758268125.0,-33.50383
5758269062.5,-33.50517
5758270000.0,-33.50929
5758270937.5,-33.50607
5758271875.0,-33.51053
5758272812.5,-33.5089
5758273750.0,-33.51146
5758274687.5,-33.5059
5758275625.0,-33.50748
5758276562.5,-33.50866
5758277500.0,-33.50919
5758278437.5,-33.5108
5758279375.0,-33.51445
5758280312.5,-33.51718
5758281250.0,-33.51869
5758282187.5,-33.51504
5758283125.0,-33.52159
5758284062.5,-33.5159
5758285000.0,-33.52262
5758285937.5,-33.52186
5758286875.0,-33.52442
5758287812.5,-33.52887
5758288750.0,-33.52929
5758289687.5,-33.52601
5758290625.0,-33.53653
5758291562.5,-33.53139
5758292500.0,-33.53674
5758293437.5,-33.53268
5758294375.0,-33.53677
5758295312.5,-33.532
5758296250.0,-33.53244
5758297187.5,-33.53444
5758298125.0,-33.5419
5758299062.5,-33.5339
5758300000.0,-33.54443
5758300937.5,-33.54522
5758301875.0,-33.54165
5758302812.5,-33.5507
5758303750.0,-33.54583
5758304687.5,-33.53988
5758305625.0,-33.54614
5758306562.5,-33.55255
5758307500.0,-33.54435
5758308437.5,-33.54605
5758309375.0,-33.55093
5758310312.5,-33.55441
5758311250.0,-33.54908
5758312187.5,-33.55959
5758313125.0,-33.5516
5758314062.5,-33.55154
5758315000.0,-33.56259
5758315937.5,-33.55697
5758316875.0,-33.5565
5758317812.5,-33.56503
5758318750.0,-33.5638
5758319687.5,-33.56073
5758320625.0,-33.56869
5758321562.5,-33.57098
5758322500.0,-33.56343
5758323437.5,-33.56941
5758324375.0,-33.56478
5758325312.5,-33.56616
5758326250.0,-33.57056
5758327187.5,-33.56815
5758328125.0,-33.56943
5758329062.5,-33.57645
5758330000.0,-33.56739
5758330937.5,-33.58101
5758331875.0,-33.58087
5758332812.5,-33.58327
5758333750.0,-33.57882
5758334687.5,-33.57626
5758335625.0,-33.58272
5758336562.5,-33.58189
5758337500.0,-33.58671
5758338437.5,-33.58085
5758339375.0,-33.5924
5758340312.5,-33.59674
5758341250.0,-33.58546
5758342187.5,-33.58979
5758343125.0,-33.58889
5758344062.5,-33.59223
5758345000.0,-33.60119
5758345937.5,-33.59175
5758346875.0,-33.59347
5758347812.5,-33.59546
5758348750.0,-33.59535
5758349687.5,-33.59155
5758350625.0,-33.59862
5758351562.5,-33.60563
5758352500.0,-33.59857
5758353437.5,-33.59359
5758354375.0,-33.60217
5758355312.5,-33.61175
5758356250.0,-33.60824
5758357187.5,-33.60624
5758358125.0,-33.61422
5758359062.5,-33.61374
5758360000.0,-33.60582
5758360937.5,-33.62028
5758361875.0,-33.61393
5758362812.5,-33.61413
5758363750.0,-33.61726
5758364687.5,-33.61705
5758365625.0,-33.61267
5758366562.5,-33.62302
5758367500.0,-33.61698
5758368437.5,-33.62374
5758369375.0,-33.62119
5758370312.5,-33.62059
5758371250.0,-33.61843
5758372187.5,-33.61621
5758373125.0,-33.62572
5758374062.5,-33.62481
5758375000.0,-33.63298
5758375937.5,-33.63288
5758376875.0,-33.63398
5758377812.5,-33.63348
5758378750.0,-33.63805
5758379687.5,-33.62605
5758380625.0,-33.62534
5758381562.5,-33.6311
5758382500.0,-33.63844
5758383437.5,-33.6425
5758384375.0,-33.63583
5758385312.5,-33.64162
5758386250.0,-33.64195
5758387187.5,-33.64976
5758388125.0,-33.65004
5758389062.5,-33.64098
5758390000.0,-33.63682
5758390937.5,-33.64032
5758391875.0,-33.64806
5758392812.5,-33.63992
5758393750.0,-33.64922
5758394687.5,-33.65065
5758395625.0,-33.65508
5758396562.5,-33.65566
5758397500.0,-33.64732
5758398437.5,-33.65171
5758399375.0,-33.65488
5758400312.5,-33.65412
5758401250.0,-33.66029
5758402187.5,-33.66408
5758403125.0,-33.66669
5758404062.5,-33.66606
5758405000.0,-33.6615
5758405937.5,-33.66589
5758406875.0,-33.66492
5758407812.5,-33.65932
5758408750.0,-33.67544
5758409687.5,-33.6636
5758410625.0,-33.67086
5758411562.5,-33.66095
5758412500.0,-33.66586
5758413437.5,-33.6722
5758414375.0,-33.67597
5758415312.5,-33.67601
5758416250.0,-33.67443
5758417187.5,-33.67635
5758418125.0,-33.67562
5758419062.5,-33.66593
5758420000.0,-33.68746
5758420937.5,-33.68386
5758421875.0,-33.68066
5758422812.5,-33.68702
5758423750.0,-33.68261
5758424687.5,-33.67874
5758425625.0,-33.68631
5758426562.5,-33.68306
5758427500.0,-33.68345
5758428437.5,-33.68602
5758429375.0,-33.6935
5758430312.5,-33.69188
5758431250.0,-33.6898
5758432187.5,-33.68768
5758433125.0,-33.69302
5758434062.5,-33.69068
5758435000.0,-33.7034
5758435937.5,-33.69595
5758436875.0,-33.69923
5758437812.5,-33.69315
5758438750.0,-33.69928
5758439687.5,-33.70373
5758440625.0,-33.70509
5758441562.5,-33.70035
5758442500.0,-33.71309
5758443437.5,-33.71573
5758444375.0,-33.70915
5758445312.5,-33.69971
5758446250.0,-33.71362
5758447187.5,-33.7161
5758448125.0,-33.71704
5758449062.5,-33.71472
5758450000.0,-33.71571
5758450937.5,-33.71272
5758451875.0,-33.71952
5758452812.5,-33.72391
5758453750.0,-33.71817
5758454687.5,-33.72556
5758455625.0,-33.72923
5758456562.5,-33.72158
5758457500.0,-33.72072
5758458437.5,-33.72596
5758459375.0,-33.72178
5758460312.5,-33.72686
5758461250.0,-33.73133
5758462187.5,-33.73081
5758463125.0,-33.71968
5758464062.5,-33.72591
5758465000.0,-33.74457
5758465937.5,-33.73247
5758466875.0,-33.73807
5758467812.5,-33.73555
5758468750.0,-33.7362
5758469687.5,-33.74075
5758470625.0,-33.74333
5758471562.5,-33.74326
5758472500.0,-33.73324
5758473437.5,-33.73723
5758474375.0,-33.74461
5758475312.5,-33.7545
5758476250.0,-33.74474
5758477187.5,-33.74295
5758478125.0,-33.75201
5758479062.5,-33.75034
5758480000.0,-33.75821
5758480937.5,-33.75061
5758481875.0,-33.74663
5758482812.5,-33.75545
5758483750.0,-33.76138
5758484687.5,-33.76106
5758485625.0,-33.75038
5758486562.5,-33.7547
5758487500.0,-33.75959
5758488437.5,-33.75918
5758489375.0,-33.76335
5758490312.5,-33.76613
5758491250.0,-33.77042
5758492187.5,-33.76617
5758493125.0,-33.75835
5758494062.5,-33.76805
5758495000.0,-33.77522
5758495937.5,-33.76081
5758496875.0,-33.77288
5758497812.5,-33.77216
5758498750.0,-33.77429
5758499687.5,-33.77225
5758500625.0,-33.7814
5758501562.5,-33.76983
5758502500.0,-33.77876
5758503437.5,-33.77793
5758504375.0,-33.78426
5758505312.5,-33.78369
5758506250.0,-33.78695
5758507187.5,-33.78603
5758508125.0,-33.77819
5758509062.5,-33.77388
5758510000.0,-33.78157
5758510937.5,-33.78493
5758511875.0,-33.79664
5758512812.5,-33.7915
5758513750.0,-33.77638
5758514687.5,-33.78853
5758515625.0,-33.78849
5758516562.5,-33.79107
5758517500.0,-33.79211
5758518437.5,-33.79197
5758519375.0,-33.80037
5758520312.5,-33.80707
5758521250.0,-33.79546
5758522187.5,-33.79457
5758523125.0,-33.80704
5758524062.5,-33.80661
5758525000.0,-33.79915
5758525937.5,-33.80086
5758526875.0,-33.80357
5758527812.5,-33.80715
5758528750.0,-33.8068
5758529687.5,-33.81149
5758530625.0,-33.81253
5758531562.5,-33.80189
5758532500.0,-33.81294
5758533437.5,-33.81066
5758534375.0,-33.80866
5758535312.5,-33.80619
5758536250.0,-33.81389
5758537187.5,-33.81205
5758538125.0,-33.82168
5758539062.5,-33.8155
5758540000.0,-33.81601
5758540937.5,-33.81117
5758541875.0,-33.82132
5758542812.5,-33.83404
5758543750.0,-33.8232
5758544687.5,-33.82999
5758545625.0,-33.8235
5758546562.5,-33.82277
5758547500.0,-33.8362
5758548437.5,-33.82199
5758549375.0,-33.83368
5758550312.5,-33.83577
5758551250.0,-33.82911
5758552187.5,-33.82577
5758553125.0,-33.84477
5758554062.5,-33.8332
5758555000.0,-33.8397
5758555937.5,-33.83159
5758556875.0,-33.84365
5758557812.5,-33.83402
5758558750.0,-33.84558
5758559687.5,-33.84371
5758560625.0,-33.85141
5758561562.5,-33.84541
5758562500.0,-33.84979
5758563437.5,-33.85416
5758564375.0,-33.84954
5758565312.5,-33.84922
5758566250.0,-33.84745
5758567187.5,-33.85607
5758568125.0,-33.85463
5758569062.5,-33.85803
5758570000.0,-33.85376
5758570937.5,-33.85815
5758571875.0,-33.85502
5758572812.5,-33.8548
5758573750.0,-33.86266
5758574687.5,-33.85818
5758575625.0,-33.8658
5758576562.5,-33.86266
5758577500.0,-33.86238
5758578437.5,-33.85661
5758579375.0,-33.86734
5758580312.5,-33.86354
5758581250.0,-33.87429
5758582187.5,-33.86405
5758583125.0,-33.87675
5758584062.5,-33.86563
5758585000.0,-33.87019
5758585937.5,-33.86726
5758586875.0,-33.878
5758587812.5,-33.86759
5758588750.0,-33.88231
5758589687.5,-33.87535
5758590625.0,-33.87696
5758591562.5,-33.87764
5758592500.0,-33.88897
5758593437.5,-33.8895
5758594375.0,-33.88957
5758595312.5,-33.89558
5758596250.0,-33.88461
5758597187.5,-33.87941
5758598125.0,-33.88074
5758599062.5,-33.89258
5758600000.0,-33.89251
5758600937.5,-33.88656
5758601875.0,-33.89517
5758602812.5,-33.88206
5758603750.0,-33.90199
5758604687.5,-33.89004
5758605625.0,-33.90057
5758606562.5,-33.89874
5758607500.0,-33.89383
5758608437.5,-33.89724
5758609375.0,-33.89747
5758610312.5,-33.91224
5758611250.0,-33.89331
5758612187.5,-33.90019
5758613125.0,-33.90038
5758614062.5,-33.90371
5758615000.0,-33.90264
5758615937.5,-33.90318
5758616875.0,-33.91299
5758617812.5,-33.90152
5758618750.0,-33.91419
5758619687.5,-33.92446
5758620625.0,-33.91969
5758621562.5,-33.91319
5758622500.0,-33.91628
5758623437.5,-33.90969
5758624375.0,-33.91731
5758625312.5,-33.91362
5758626250.0,-33.91893
5758627187.5,-33.92424
5758628125.0,-33.92346
5758629062.5,-33.91938
5758630000.0,-33.92284
5758630937.5,-33.92652
5758631875.0,-33.93023
5758632812.5,-33.92728
5758633750.0,-33.92965
5758634687.5,-33.93981
5758635625.0,-33.92381
5758636562.5,-33.9427
5758637500.0,-33.9327
5758638437.5,-33.93383
5758639375.0,-33.93269
5758640312.5,-33.93147
5758641250.0,-33.94199
5758642187.5,-33.93769
5758643125.0,-33.94593
5758644062.5,-33.93724
5758645000.0,-33.94164
5758645937.5,-33.93595
5758646875.0,-33.94114
5758647812.5,-33.94611
5758648750.0,-33.95064
5758649687.5,-33.94733
5758650625.0,-33.94828
5758651562.5,-33.95329
5758652500.0,-33.95505
5758653437.5,-33.9481
5758654375.0,-33.95477
5758655312.5,-33.95724
5758656250.0,-33.95063
5758657187.5,-33.95368
5758658125.0,-33.96242
5758659062.5,-33.96045
5758660000.0,-33.95274
5758660937.5,-33.96739
5758661875.0,-33.96692
5758662812.5,-33.95871
5758663750.0,-33.96373
5758664687.5,-33.96722
5758665625.0,-33.97383
5758666562.5,-33.96635
5758667500.0,-33.9648
5758668437.5,-33.9726
5758669375.0,-33.96444
5758670312.5,-33.97066
5758671250.0,-33.96771
5758672187.5,-33.9747
5758673125.0,-33.97548
5758674062.5,-33.9711
5758675000.0,-33.98611
5758675937.5,-33.98205
5758676875.0,-33.98615
5758677812.5,-33.97519
5758678750.0,-33.98333
5758679687.5,-33.97916
5758680625.0,-33.98635
5758681562.5,-33.98201
5758682500.0,-33.98894
5758683437.5,-33.98309
5758684375.0,-33.99207
5758685312.5,-33.99128
5758686250.0,-33.99047
5758687187.5,-33.99051
5758688125.0,-33.99623
5758689062.5,-33.99025
5758690000.0,-33.99433
5758690937.5,-33.99907
5758691875.0,-34.00572
5758692812.5,-34.00709
5758693750.0,-34.00224
5758694687.5,-33.99518
5758695625.0,-33.99759
5758696562.5,-34.00913
5758697500.0,-34.00396
5758698437.5,-34.00827
5758699375.0,-34.007
5758700312.5,-34.01
5758701250.0,-34.01376
5758702187.5,-34.00805
5758703125.0,-34.00806
5758704062.5,-34.00979
5758705000.0,-33.99927
5758705937.5,-34.01246
5758706875.0,-34.02501
5758707812.5,-34.01791
5758708750.0,-34.01101
5758709687.5,-34.02187
5758710625.0,-34.01961
5758711562.5,-34.01664
5758712500.0,-34.02231
5758713437.5,-34.01945
5758714375.0,-34.02187
5758715312.5,-34.02163
5758716250.0,-34.01577
5758717187.5,-34.02061
5758718125.0,-34.0277
5758719062.5,-34.02997
5758720000.0,-34.0278
5758720937.5,-34.03391
5758721875.0,-34.03673
5758722812.5,-34.02847
5758723750.0,-34.03314
5758724687.5,-34.03474
5758725625.0,-34.03643
5758726562.5,-34.04269
5758727500.0,-34.03395
5758728437.5,-34.03959
5758729375.0,-34.04358
5758730312.5,-34.03697
5758731250.0,-34.04704
5758732187.5,-34.04339
5758733125.0,-34.04393
5758734062.5,-34.04438
5758735000.0,-34.04984
5758735937.5,-34.05017
5758736875.0,-34.03913
5758737812.5,-34.04313
5758738750.0,-34.04666
5758739687.5,-34.05161
5758740625.0,-34.05078
5758741562.5,-34.05774
5758742500.0,-34.05236
5758743437.5,-34.05656
5758744375.0,-34.05334
5758745312.5,-34.05965
5758746250.0,-34.05771
5758747187.5,-34.05204
5758748125.0,-34.06545
5758749062.5,-34.06075
5758750000.0,-34.06733
5758750937.5,-34.07027
5758751875.0,-34.06908
5758752812.5,-34.06005
5758753750.0,-34.07669
5758754687.5,-34.06851
5758755625.0,-34.07032
5758756562.5,-34.06902
5758757500.0,-34.06627
5758758437.5,-34.07296
5758759375.0,-34.07962
5758760312.5,-34.07079
5758761250.0,-34.06969
5758762187.5,-34.07266
5758763125.0,-34.07486
5758764062.5,-34.08038
5758765000.0,-34.08095
5758765937.5,-34.08193
5758766875.0,-34.07538
5758767812.5,-34.08768
5758768750.0,-34.08253
5758769687.5,-34.08983
5758770625.0,-34.08552
5758771562.5,-34.09668
5758772500.0,-34.089
5758773437.5,-34.09686
5758774375.0,-34.09915
5758775312.5,-34.09655
5758776250.0,-34.08856
5758777187.5,-34.09888
5758778125.0,-34.09913
5758779062.5,-34.0959
5758780000.0,-34.10488
5758780937.5,-34.11112
5758781875.0,-34.09852
5758782812.5,-34.10558
5758783750.0,-34.10093
5758784687.5,-34.094
5758785625.0,-34.10862
5758786562.5,-34.10266
5758787500.0,-34.11342
5758788437.5,-34.11063
5758789375.0,-34.1067
5758790312.5,-34.10619
5758791250.0,-34.10764
5758792187.5,-34.11225
5758793125.0,-34.12232
5758794062.5,-34.11596
5758795000.0,-34.11118
5758795937.5,-34.11929
5758796875.0,-34.12115
5758797812.5,-34.11778
5758798750.0,-34.11736
5758799687.5,-34.12038
5758800625.0,-34.11173
5758801562.5,-34.12182
5758802500.0,-34.13597
5758803437.5,-34.12761
5758804375.0,-34.12615
5758805312.5,-34.12508
5758806250.0,-34.12747
5758807187.5,-34.12387
5758808125.0,-34.12234
5758809062.5,-34.12832
5758810000.0,-34.12996
5758810937.5,-34.13655
5758811875.0,-34.14467
5758812812.5,-34.13169
5758813750.0,-34.14613
5758814687.5,-34.14112
5758815625.0,-34.14668
5758816562.5,-34.14066
5758817500.0,-34.14065
5758818437.5,-34.13985
5758819375.0,-34.13486
5758820312.5,-34.14701
5758821250.0,-34.15449
5758822187.5,-34.14823
5758823125.0,-34.14956
5758824062.5,-34.14288
5758825000.0,-34.14958
5758825937.5,-34.15934
5758826875.0,-34.15194
5758827812.5,-34.15898
5758828750.0,-34.15242
5758829687.5,-34.16924
5758830625.0,-34.15556
5758831562.5,-34.15415
5758832500.0,-34.15056
5758833437.5,-34.15716
5758834375.0,-34.15676
5758835312.5,-34.16102
5758836250.0,-34.16217
5758837187.5,-34.16876
5758838125.0,-34.17021
5758839062.5,-34.16208
5758840000.0,-34.17048
5758840937.5,-34.15964
5758841875.0,-34.16426
5758842812.5,-34.17931
5758843750.0,-34.17971
5758844687.5,-34.16818
5758845625.0,-34.17588
5758846562.5,-34.16516
5758847500.0,-34.17937
5758848437.5,-34.17421
5758849375.0,-34.17361
5758850312.5,-34.18166
5758851250.0,-34.19106
5758852187.5,-34.17859
5758853125.0,-34.18167
5758854062.5,-34.17723
5758855000.0,-34.1808
5758855937.5,-34.1908
5758856875.0,-34.17977
5758857812.5,-34.18655
5758858750.0,-34.18501
5758859687.5,-34.18996
5758860625.0,-34.1887
5758861562.5,-34.19815
5758862500.0,-34.17601
5758863437.5,-34.18553
5758864375.0,-34.19236
5758865312.5,-34.19122
5758866250.0,-34.19943
5758867187.5,-34.20575
5758868125.0,-34.20246
5758869062.5,-34.20526
5758870000.0,-34.20285
5758870937.5,-34.19822
5758871875.0,-34.20038
5758872812.5,-34.20667
5758873750.0,-34.21105
5758874687.5,-34.2028
5758875625.0,-34.20742
5758876562.5,-34.21306
5758877500.0,-34.20949
5758878437.5,-34.21743
5758879375.0,-34.21324
5758880312.5,-34.21562
5758881250.0,-34.21754
5758882187.5,-34.20841
5758883125.0,-34.22095
5758884062.5,-34.21542
5758885000.0,-34.21683
5758885937.5,-34.22738
5758886875.0,-34.21646
5758887812.5,-34.22742
5758888750.0,-34.23071
5758889687.5,-34.22747
5758890625.0,-34.22495
5758891562.5,-34.22336
5758892500.0,-34.23286
5758893437.5,-34.23329
5758894375.0,-34.23582
5758895312.5,-34.23685
5758896250.0,-34.22864
5758897187.5,-34.2289
5758898125.0,-34.22604
5758899062.5,-34.23721
5758900000.0,-34.24171
5758900937.5,-34.22522
5758901875.0,-34.23625
5758902812.5,-34.24074
5758903750.0,-34.2348
5758904687.5,-34.23286
5758905625.0,-34.24081
5758906562.5,-34.24585
5758907500.0,-34.24281
5758908437.5,-34.24792
5758909375.0,-34.25187
5758910312.5,-34.25127
5758911250.0,-34.24326
5758912187.5,-34.24215
5758913125.0,-34.2508
5758914062.5,-34.25286
5758915000.0,-34.2504
5758915937.5,-34.25362
5758916875.0,-34.25399
5758917812.5,-34.25502
5758918750.0,-34.25844
5758919687.5,-34.25354
5758920625.0,-34.26722
5758921562.5,-34.2586
5758922500.0,-34.26388
5758923437.5,-34.26153
5758924375.0,-34.25981
5758925312.5,-34.26932
5758926250.0,-34.27404
5758927187.5,-34.27123
5758928125.0,-34.26868
5758929062.5,-34.26765
5758930000.0,-34.28063
5758930937.5,-34.26878
5758931875.0,-34.27074
5758932812.5,-34.27325
5758933750.0,-34.26244
5758934687.5,-34.26915
5758935625.0,-34.27481
5758936562.5,-34.28715
5758937500.0,-34.28382
5758938437.5,-34.26853
5758939375.0,-34.27603
5758940312.5,-34.27214
5758941250.0,-34.27924
5758942187.5,-34.27942
5758943125.0,-34.28051
5758944062.5,-34.29358
5758945000.0,-34.2832
5758945937.5,-34.28976
5758946875.0,-34.28829
5758947812.5,-34.29585
5758948750.0,-34.2882
5758949687.5,-34.30161
5758950625.0,-34.29303
5758951562.5,-34.29327
5758952500.0,-34.29654
5758953437.5,-34.2979
5758954375.0,-34.3056
5758955312.5,-34.29477
5758956250.0,-34.30525
5758957187.5,-34.30678
5758958125.0,-34.29756
5758959062.5,-34.30563
5758960000.0,-34.30755
5758960937.5,-34.30535
5758961875.0,-34.30962
5758962812.5,-34.30804
5758963750.0,-34.31525
5758964687.5,-34.30085
5758965625.0,-34.31536
5758966562.5,-34.30965
5758967500.0,-34.31167
5758968437.5,-34.3125
5758969375.0,-34.31654
5758970312.5,-34.31799
5758971250.0,-34.31022
5758972187.5,-34.31287
5758973125.0,-34.32478
5758974062.5,-34.32626
5758975000.0,-34.32648
5758975937.5,-34.32189
5758976875.0,-34.31888
5758977812.5,-34.33073
5758978750.0,-34.32603
5758979687.5,-34.33123
5758980625.0,-34.3315
5758981562.5,-34.33066
5758982500.0,-34.33498
5758983437.5,-34.32981
5758984375.0,-34.33121
5758985312.5,-34.33933
5758986250.0,-34.33798
5758987187.5,-34.34014
5758988125.0,-34.34245
5758989062.5,-34.34943
5758990000.0,-34.34643
5758990937.5,-34.33635
5758991875.0,-34.34625
5758992812.5,-34.34641
5758993750.0,-34.34983
5758994687.5,-34.34536
5758995625.0,-34.35095
5758996562.5,-34.34881
5758997500.0,-34.34715
5758998437.5,-34.34649
5758999375.0,-34.3552
5759000312.5,-34.35428
5759001250.0,-34.35415
5759002187.5,-34.35678
5759003125.0,-34.35556
5759004062.5,-34.36534
5759005000.0,-34.36376
5759005937.5,-34.35758
5759006875.0,-34.36081
5759007812.5,-34.35996
5759008750.0,-34.36072
5759009687.5,-34.36265
5759010625.0,-34.36204
5759011562.5,-34.36166
5759012500.0,-34.37199
5759013437.5,-34.37725
5759014375.0,-34.36467
5759015312.5,-34.36838
5759016250.0,-34.36573
5759017187.5,-34.37093
5759018125.0,-34.36696
5759019062.5,-34.36761
5759020000.0,-34.37411
5759020937.5,-34.37456
5759021875.0,-34.38034
5759022812.5,-34.37632
5759023750.0,-34.37883
5759024687.5,-34.38348
5759025625.0,-34.38475
5759026562.5,-34.38342
5759027500.0,-34.38547
5759028437.5,-34.37856
5759029375.0,-34.39061
5759030312.5,-34.37975
5759031250.0,-34.39059
5759032187.5,-34.38574
5759033125.0,-34.38947
5759034062.5,-34.40075
5759035000.0,-34.38821
5759035937.5,-34.40117
5759036875.0,-34.39608
5759037812.5,-34.39472
5759038750.0,-34.39445
5759039687.5,-34.38403
5759040625.0,-34.38881
5759041562.5,-34.39935
5759042500.0,-34.40324
5759043437.5,-34.39568
5759044375.0,-34.39961
5759045312.5,-34.39749
5759046250.0,-34.40272
5759047187.5,-34.41436
5759048125.0,-34.40526
5759049062.5,-34.40242
5759050000.0,-34.40713
5759050937.5,-34.41107
5759051875.0,-34.40624
5759052812.5,-34.41472
5759053750.0,-34.41547
5759054687.5,-34.40405
5759055625.0,-34.404
5759056562.5,-34.41654
5759057500.0,-34.41554
5759058437.5,-34.41906
5759059375.0,-34.42274
5759060312.5,-34.41663
5759061250.0,-34.41381
5759062187.5,-34.42564
5759063125.0,-34.42418
5759064062.5,-34.42121
5759065000.0,-34.42243
5759065937.5,-34.43273
5759066875.0,-34.42546
5759067812.5,-34.42153
5759068750.0,-34.42957
5759069687.5,-34.43227
5759070625.0,-34.43559
5759071562.5,-34.43933
5759072500.0,-34.43466
5759073437.5,-34.42664
5759074375.0,-34.43801
5759075312.5,-34.43335
5759076250.0,-34.44073
5759077187.5,-34.44333
5759078125.0,-34.44774
5759079062.5,-34.43551
5759080000.0,-34.44407
5759080937.5,-34.44423
5759081875.0,-34.4472
5759082812.5,-34.45393
5759083750.0,-34.45514
5759084687.5,-34.44456
5759085625.0,-34.44634
5759086562.5,-34.44828
5759087500.0,-34.45749
5759088437.5,-34.45491
5759089375.0,-34.45478
5759090312.5,-34.4512
5759091250.0,-34.45112
5759092187.5,-34.45152
5759093125.0,-34.45466
5759094062.5,-34.46012
5759095000.0,-34.47296
5759095937.5,-34.44685
5759096875.0,-34.45549
5759097812.5,-34.46178
5759098750.0,-34.46907
5759099687.5,-34.47126
5759100625.0,-34.46736
5759101562.5,-34.45706
5759102500.0,-34.46601
5759103437.5,-34.47472
5759104375.0,-34.48325
5759105312.5,-34.47644
5759106250.0,-34.47124
5759107187.5,-34.47152
5759108125.0,-34.46902
5759109062.5,-34.47281
5759110000.0,-34.4786
5759110937.5,-34.47628
5759111875.0,-34.48204
5759112812.5,-34.48311
5759113750.0,-34.48646
5759114687.5,-34.48198
5759115625.0,-34.48285
5759116562.5,-34.4895
5759117500.0,-34.47505
5759118437.5,-34.48389
5759119375.0,-34.49647
5759120312.5,-34.48329
5759121250.0,-34.49345
5759122187.5,-34.49121
5759123125.0,-34.48617
5759124062.5,-34.5003
5759125000.0,-34.49858
5759125937.5,-34.50267
5759126875.0,-34.49538
5759127812.5,-34.50191
5759128750.0,-34.4981
5759129687.5,-34.49553
5759130625.0,-34.49464
5759131562.5,-34.50023
5759132500.0,-34.49977
5759133437.5,-34.50079
5759134375.0,-34.50171
5759135312.5,-34.50569
5759136250.0,-34.50567
5759137187.5,-34.5041
5759138125.0,-34.51621
5759139062.5,-34.51178
5759140000.0,-34.51627
5759140937.5,-34.52373
5759141875.0,-34.51207
5759142812.5,-34.52563
5759143750.0,-34.51499
5759144687.5,-34.50809
5759145625.0,-34.512
5759146562.5,-34.51713
5759147500.0,-34.51619
5759148437.5,-34.521
5759149375.0,-34.52457
5759150312.5,-34.52065
5759151250.0,-34.52322
5759152187.5,-34.52045
5759153125.0,-34.52958
5759154062.5,-34.53115
5759155000.0,-34.52842
5759155937.5,-34.53569
5759156875.0,-34.54193
5759157812.5,-34.53199
5759158750.0,-34.52164
5759159687.5,-34.53567
5759160625.0,-34.52953
5759161562.5,-34.53989
5759162500.0,-34.54505
5759163437.5,-34.54612
5759164375.0,-34.54021
5759165312.5,-34.53338
5759166250.0,-34.5405
5759167187.5,-34.53885
5759168125.0,-34.5419
5759169062.5,-34.5433
5759170000.0,-34.55162
5759170937.5,-34.54086
5759171875.0,-34.54657
5759172812.5,-34.55661
5759173750.0,-34.55656
5759174687.5,-34.53918
5759175625.0,-34.55034
5759176562.5,-34.55164
5759177500.0,-34.55725
5759178437.5,-34.55075
5759179375.0,-34.56356
5759180312.5,-34.55635
5759181250.0,-34.56615
5759182187.5,-34.55654
5759183125.0,-34.57508
5759184062.5,-34.55283
5759185000.0,-34.55761
5759185937.5,-34.56
5759186875.0,-34.55929
5759187812.5,-34.57686
5759188750.0,-34.56736
5759189687.5,-34.56075
5759190625.0,-34.57074
5759191562.5,-34.57296
5759192500.0,-34.56912
5759193437.5,-34.56924
5759194375.0,-34.58144
5759195312.5,-34.57986
5759196250.0,-34.58009
5759197187.5,-34.57951
5759198125.0,-34.57928
5759199062.5,-34.57868
5759200000.0,-34.58336
5759200937.5,-34.58516
5759201875.0,-34.58252
5759202812.5,-34.58538
5759203750.0,-34.58846
5759204687.5,-34.5836
5759205625.0,-34.59132
5759206562.5,-34.59724
5759207500.0,-34.58342
5759208437.5,-34.59361
5759209375.0,-34.59363
5759210312.5,-34.59773
5759211250.0,-34.58903
5759212187.5,-34.5826
5759213125.0,-34.59467
5759214062.5,-34.59697
5759215000.0,-34.58895
5759215937.5,-34.60817
5759216875.0,-34.60629
5759217812.5,-34.60705
5759218750.0,-34.59113
5759219687.5,-34.60572
5759220625.0,-34.61205
5759221562.5,-34.60927
5759222500.0,-34.60047
5759223437.5,-34.60057
5759224375.0,-34.60104
5759225312.5,-34.60765
5759226250.0,-34.60841
5759227187.5,-34.60672
5759228125.0,-34.61593
5759229062.5,-34.6086
5759230000.0,-34.61605
5759230937.5,-34.61918
5759231875.0,-34.62152
5759232812.5,-34.61171
5759233750.0,-34.6244
5759234687.5,-34.62645
5759235625.0,-34.61993
5759236562.5,-34.61813
5759237500.0,-34.62735
5759238437.5,-34.62414
5759239375.0,-34.61951
5759240312.5,-34.63723
5759241250.0,-34.62718
5759242187.5,-34.62758
5759243125.0,-34.62623
5759244062.5,-34.62696
5759245000.0,-34.63278
5759245937.5,-34.63239
5759246875.0,-34.62796
5759247812.5,-34.64145
5759248750.0,-34.63071
5759249687.5,-34.63545
5759250625.0,-34.64102
5759251562.5,-34.64397
5759252500.0,-34.64021
5759253437.5,-34.6419
5759254375.0,-34.64874
5759255312.5,-34.63833
5759256250.0,-34.65093
5759257187.5,-34.63784
5759258125.0,-34.64525
5759259062.5,-34.65217
5759260000.0,-34.64755
5759260937.5,-34.66103
5759261875.0,-34.64152
5759262812.5,-34.65083
5759263750.0,-34.66544
5759264687.5,-34.65573
5759265625.0,-34.65641
5759266562.5,-34.66014
5759267500.0,-34.65203
5759268437.5,-34.65791
5759269375.0,-34.65261
5759270312.5,-34.65996
5759271250.0,-34.65182
5759272187.5,-34.65545
5759273125.0,-34.66827
5759274062.5,-34.66623
5759275000.0,-34.66594
5759275937.5,-34.66882
5759276875.0,-34.66818
5759277812.5,-34.66327
5759278750.0,-34.67285
5759279687.5,-34.66425
5759280625.0,-34.66988
5759281562.5,-34.673
5759282500.0,-34.68501
5759283437.5,-34.67511
5759284375.0,-34.67795
5759285312.5,-34.67877
5759286250.0,-34.67524
5759287187.5,-34.68
5759288125.0,-34.67962
5759289062.5,-34.68297
5759290000.0,-34.67581
5759290937.5,-34.68372
5759291875.0,-34.68586
5759292812.5,-34.67836
5759293750.0,-34.68097
5759294687.5,-34.69077
5759295625.0,-34.68824
5759296562.5,-34.70156
5759297500.0,-34.68784
5759298437.5,-34.69218
5759299375.0,-34.69675
5759300312.5,-34.69088
5759301250.0,-34.70233
5759302187.5,-34.69709
5759303125.0,-34.68934
5759304062.5,-34.69505
5759305000.0,-34.69167
5759305937.5,-34.70375
5759306875.0,-34.70586
5759307812.5,-34.70341
5759308750.0,-34.69802
5759309687.5,-34.70119
5759310625.0,-34.71069
5759311562.5,-34.70944
5759312500.0,-34.71355
5759313437.5,-34.7094
5759314375.0,-34.7086
5759315312.5,-34.71442
5759316250.0,-34.71246
5759317187.5,-34.71216
5759318125.0,-34.70963
5759319062.5,-34.72126
5759320000.0,-34.71664
5759320937.5,-34.70817
5759321875.0,-34.72863
5759322812.5,-34.71865
5759323750.0,-34.71595
5759324687.5,-34.71315
5759325625.0,-34.72745
5759326562.5,-34.71909
5759327500.0,-34.72618
5759328437.5,-34.72395
5759329375.0,-34.72164
5759330312.5,-34.73763
5759331250.0,-34.72205
5759332187.5,-34.7258
5759333125.0,-34.73133
5759334062.5,-34.74224
5759335000.0,-34.74024
5759335937.5,-34.73582
5759336875.0,-34.73461
5759337812.5,-34.73594
5759338750.0,-34.73104
5759339687.5,-34.73764
5759340625.0,-34.73492
5759341562.5,-34.73493
5759342500.0,-34.73726
5759343437.5,-34.74677
5759344375.0,-34.74126
5759345312.5,-34.74123
5759346250.0,-34.75512
5759347187.5,-34.74884
5759348125.0,-34.74478
5759349062.5,-34.75593
5759350000.0,-34.75334
5759350937.5,-34.75418
5759351875.0,-34.74873
5759352812.5,-34.75822
5759353750.0,-34.75686
5759354687.5,-34.76191
5759355625.0,-34.77105
5759356562.5,-34.75366
5759357500.0,-34.75665
5759358437.5,-34.75895
5759359375.0,-34.7576
5759360312.5,-34.7627
5759361250.0,-34.76016
5759362187.5,-34.76836
5759363125.0,-34.7593
5759364062.5,-34.76839
5759365000.0,-34.76912
5759365937.5,-34.77022
5759366875.0,-34.76757
5759367812.5,-34.76294
5759368750.0,-34.7783
5759369687.5,-34.78062
5759370625.0,-34.77276
5759371562.5,-34.78352
5759372500.0,-34.78114
5759373437.5,-34.77246
5759374375.0,-34.77327
5759375312.5,-34.77889
5759376250.0,-34.77557
5759377187.5,-34.78906
5759378125.0,-34.78469
5759379062.5,-34.78276
5759380000.0,-34.78711
5759380937.5,-34.78321
5759381875.0,-34.79358
5759382812.5,-34.77943
5759383750.0,-34.79615
5759384687.5,-34.78567
5759385625.0,-34.78552
5759386562.5,-34.79141
5759387500.0,-34.79565
5759388437.5,-34.79353
5759389375.0,-34.79824
5759390312.5,-34.79654
5759391250.0,-34.79816
5759392187.5,-34.79186
5759393125.0,-34.79561
5759394062.5,-34.80526
5759395000.0,-34.81601
5759395937.5,-34.80564
5759396875.0,-34.80581
5759397812.5,-34.80713
5759398750.0,-34.80106
5759399687.5,-34.80608
5759400625.0,-34.81454
5759401562.5,-34.81459
5759402500.0,-34.80712
5759403437.5,-34.81102
5759404375.0,-34.80663
5759405312.5,-34.81855
5759406250.0,-34.82141
5759407187.5,-34.81784
5759408125.0,-34.81541
5759409062.5,-34.81761
5759410000.0,-34.82063
5759410937.5,-34.82912
5759411875.0,-34.8242
5759412812.5,-34.82729
5759413750.0,-34.82727
5759414687.5,-34.82831
5759415625.0,-34.82467
5759416562.5,-34.83732
5759417500.0,-34.83188
5759418437.5,-34.83255
5759419375.0,-34.83767
5759420312.5,-34.83189
5759421250.0,-34.83038
5759422187.5,-34.84275
5759423125.0,-34.83516
5759424062.5,-34.83812
5759425000.0,-34.84052
5759425937.5,-34.82982
5759426875.0,-34.84156
5759427812.5,-34.84039
5759428750.0,-34.83598
5759429687.5,-34.84074
5759430625.0,-34.84169
5759431562.5,-34.84471
5759432500.0,-34.85069
5759433437.5,-34.83911
5759434375.0,-34.84118
5759435312.5,-34.84813
5759436250.0,-34.85216
5759437187.5,-34.8494
5759438125.0,-34.848
5759439062.5,-34.8524
5759440000.0,-34.84742
5759440937.5,-34.85046
5759441875.0,-34.85862
5759442812.5,-34.84876
5759443750.0,-34.85689
5759444687.5,-34.86328
5759445625.0,-34.86202
5759446562.5,-34.86598
5759447500.0,-34.8584
5759448437.5,-34.85969
5759449375.0,-34.87141
5759450312.5,-34.86259
5759451250.0,-34.86176
5759452187.5,-34.86295
5759453125.0,-34.86874
5759454062.5,-34.86885
5759455000.0,-34.86823
5759455937.5,-34.86536
5759456875.0,-34.86971
5759457812.5,-34.87598
5759458750.0,-34.87269
5759459687.5,-34.87865
5759460625.0,-34.88215
5759461562.5,-34.88021
5759462500.0,-34.87754
5759463437.5,-34.87997
5759464375.0,-34.87461
5759465312.5,-34.87523
5759466250.0,-34.89186
5759467187.5,-34.88565
5759468125.0,-34.877
5759469062.5,-34.88968
5759470000.0,-34.87825
5759470937.5,-34.88202
5759471875.0,-34.8909
5759472812.5,-34.88568
5759473750.0,-34.88771
5759474687.5,-34.89443
5759475625.0,-34.89869
5759476562.5,-34.89138
5759477500.0,-34.89926
5759478437.5,-34.8939
5759479375.0,-34.90003
5759480312.5,-34.89731
5759481250.0,-34.89337
5759482187.5,-34.90517
5759483125.0,-34.90619
5759484062.5,-34.89868
5759485000.0,-34.90573
5759485937.5,-34.90433
5759486875.0,-34.90066
5759487812.5,-34.90594
5759488750.0,-34.90201
5759489687.5,-34.91349
5759490625.0,-34.91013
5759491562.5,-34.90666
5759492500.0,-34.91538
5759493437.5,-34.92381
5759494375.0,-34.91562
5759495312.5,-34.91308
5759496250.0,-34.91483
5759497187.5,-34.91804
5759498125.0,-34.93087
5759499062.5,-34.91883
5759500000.0,-34.9296
5759500937.5,-34.9198
5759501875.0,-34.92412
5759502812.5,-34.922
5759503750.0,-34.92218
5759504687.5,-34.92764
5759505625.0,-34.93236
5759506562.5,-34.92111
5759507500.0,-34.92427
5759508437.5,-34.91455
5759509375.0,-34.92494
5759510312.5,-34.92646
5759511250.0,-34.94425
5759512187.5,-34.93676
5759513125.0,-34.94038
5759514062.5,-34.93908
5759515000.0,-34.94974
5759515937.5,-34.93745
5759516875.0,-34.9421
5759517812.5,-34.94745
5759518750.0,-34.95237
5759519687.5,-34.93243
5759520625.0,-34.93774
5759521562.5,-34.93103
5759522500.0,-34.94677
5759523437.5,-34.94635
5759524375.0,-34.9469
5759525312.5,-34.94406
5759526250.0,-34.95023
5759527187.5,-34.95019
5759528125.0,-34.95162
5759529062.5,-34.95766
5759530000.0,-34.9574
5759530937.5,-34.95897
5759531875.0,-34.95471
5759532812.5,-34.95771
5759533750.0,-34.96359
5759534687.5,-34.95639
5759535625.0,-34.96927
5759536562.5,-34.96198
5759537500.0,-34.96725
5759538437.5,-34.96865
5759539375.0,-34.96145
5759540312.5,-34.97728
5759541250.0,-34.9536
5759542187.5,-34.9764
5759543125.0,-34.97084
5759544062.5,-34.96634
5759545000.0,-34.95601
5759545937.5,-34.97079
5759546875.0,-34.97153
5759547812.5,-34.9623
5759548750.0,-34.9779
5759549687.5,-34.9851
5759550625.0,-34.978
5759551562.5,-34.98577
5759552500.0,-34.9738
5759553437.5,-34.98269
5759554375.0,-34.97729
5759555312.5,-34.98109
5759556250.0,-34.97836
5759557187.5,-34.9801
5759558125.0,-34.98656
5759559062.5,-34.98987
5759560000.0,-34.99428
5759560937.5,-34.98517
5759561875.0,-34.98478
5759562812.5,-34.98346
5759563750.0,-34.99261
5759564687.5,-34.98808
5759565625.0,-34.99259
5759566562.5,-34.99331
5759567500.0,-34.98944
5759568437.5,-34.99437
5759569375.0,-34.98829
5759570312.5,-35.01032
5759571250.0,-35.01014
5759572187.5,-35.00957
5759573125.0,-34.99712
5759574062.5,-34.99926
5759575000.0,-35.00904
5759575937.5,-35.00591
5759576875.0,-35.0019
5759577812.5,-35.00729
5759578750.0,-35.00167
5759579687.5,-35.00496
5759580625.0,-35.01149
5759581562.5,-35.01616
5759582500.0,-35.01659
5759583437.5,-35.00839
5759584375.0,-35.01397
5759585312.5,-35.01376
5759586250.0,-35.02074
5759587187.5,-35.02363
5759588125.0,-35.01905
5759589062.5,-35.01959
5759590000.0,-35.03154
5759590937.5,-35.02275
5759591875.0,-35.02446
5759592812.5,-35.02876
5759593750.0,-35.03882
5759594687.5,-35.0238
5759595625.0,-35.02338
5759596562.5,-35.02632
5759597500.0,-35.01791
5759598437.5,-35.04066
5759599375.0,-35.03339
5759600312.5,-35.03251
5759601250.0,-35.03944
5759602187.5,-35.03433
5759603125.0,-35.03805
5759604062.5,-35.04316
5759605000.0,-35.04452
5759605937.5,-35.04076
5759606875.0,-35.04422
5759607812.5,-35.03699
5759608750.0,-35.03785
5759609687.5,-35.04459
5759610625.0,-35.03813
5759611562.5,-35.03728
5759612500.0,-35.04028
5759613437.5,-35.03879
5759614375.0,-35.04949
5759615312.5,-35.05038
5759616250.0,-35.05053
5759617187.5,-35.04768
5759618125.0,-35.05912
5759619062.5,-35.045
5759620000.0,-35.05215
5759620937.5,-35.05685
5759621875.0,-35.06267
5759622812.5,-35.05911
5759623750.0,-35.05894
5759624687.5,-35.07202
5759625625.0,-35.0714
5759626562.5,-35.05555
5759627500.0,-35.04946
5759628437.5,-35.06277
5759629375.0,-35.07233
5759630312.5,-35.06705
5759631250.0,-35.05337
5759632187.5,-35.07697
5759633125.0,-35.0737
5759634062.5,-35.0663
5759635000.0,-35.06897
5759635937.5,-35.06882
5759636875.0,-35.06093
5759637812.5,-35.06467
5759638750.0,-35.07588
5759639687.5,-35.07899
5759640625.0,-35.08006
5759641562.5,-35.08313
5759642500.0,-35.07546
5759643437.5,-35.08356
5759644375.0,-35.06901
5759645312.5,-35.08987
5759646250.0,-35.08198
5759647187.5,-35.07744
5759648125.0,-35.08421
5759649062.5,-35.09048
5759650000.0,-35.08351
5759650937.5,-35.09499
5759651875.0,-35.0942
5759652812.5,-35.09459
5759653750.0,-35.09532
5759654687.5,-35.08429
5759655625.0,-35.09438
5759656562.5,-35.0916
5759657500.0,-35.10225
5759658437.5,-35.1065
5759659375.0,-35.10238
5759660312.5,-35.10171
5759661250.0,-35.10934
5759662187.5,-35.10097
5759663125.0,-35.09676
5759664062.5,-35.09525
5759665000.0,-35.09945
5759665937.5,-35.10121
5759666875.0,-35.09939
5759667812.5,-35.10215
5759668750.0,-35.10458
5759669687.5,-35.1105
5759670625.0,-35.11504
5759671562.5,-35.12162
5759672500.0,-35.1021
5759673437.5,-35.11698
5759674375.0,-35.12004
5759675312.5,-35.11786
5759676250.0,-35.11959
5759677187.5,-35.1229
5759678125.0,-35.11516
5759679062.5,-35.12742
5759680000.0,-35.13051
5759680937.5,-35.12359
5759681875.0,-35.12485
5759682812.5,-35.13014
5759683750.0,-35.13192
5759684687.5,-35.11528
5759685625.0,-35.13496
5759686562.5,-35.12357
5759687500.0,-35.12669
5759688437.5,-35.12854
5759689375.0,-35.12124
5759690312.5,-35.13417
5759691250.0,-35.13451
5759692187.5,-35.13426
5759693125.0,-35.13559
5759694062.5,-35.1399
5759695000.0,-35.13605
5759695937.5,-35.13975
5759696875.0,-35.14046
5759697812.5,-35.14153
5759698750.0,-35.13791
5759699687.5,-35.13785
5759700625.0,-35.14946
5759701562.5,-35.14934
5759702500.0,-35.13961
5759703437.5,-35.14676
5759704375.0,-35.1438
5759705312.5,-35.14776
5759706250.0,-35.1575
5759707187.5,-35.14515
5759708125.0,-35.14639
5759709062.5,-35.15599
5759710000.0,-35.15395
5759710937.5,-35.14799
5759711875.0,-35.15449
5759712812.5,-35.1574
5759713750.0,-35.15549
5759714687.5,-35.164
5759715625.0,-35.16228
5759716562.5,-35.17273
5759717500.0,-35.15423
5759718437.5,-35.16362
5759719375.0,-35.17387
5759720312.5,-35.16283
5759721250.0,-35.1635
5759722187.5,-35.16037
5759723125.0,-35.15852
5759724062.5,-35.16518
5759725000.0,-35.16891
5759725937.5,-35.1594
5759726875.0,-35.16878
5759727812.5,-35.17744
5759728750.0,-35.17121
5759729687.5,-35.16969
5759730625.0,-35.18
5759731562.5,-35.1721
5759732500.0,-35.18652
5759733437.5,-35.17939
5759734375.0,-35.1694
5759735312.5,-35.18524
5759736250.0,-35.18501
5759737187.5,-35.18661
5759738125.0,-35.18384
5759739062.5,-35.19495
5759740000.0,-35.19883
5759740937.5,-35.18934
5759741875.0,-35.18758
5759742812.5,-35.18637
5759743750.0,-35.19634
5759744687.5,-35.18572
5759745625.0,-35.19827
5759746562.5,-35.20172
5759747500.0,-35.2084
5759748437.5,-35.20443
5759749375.0,-35.20148
5759750312.5,-35.20183
5759751250.0,-35.19479
5759752187.5,-35.20427
5759753125.0,-35.20315
5759754062.5,-35.19576
5759755000.0,-35.20575
5759755937.5,-35.2046
5759756875.0,-35.21177
5759757812.5,-35.21304
5759758750.0,-35.20326
5759759687.5,-35.22013
5759760625.0,-35.20475
5759761562.5,-35.20534
5759762500.0,-35.20928
5759763437.5,-35.22189
5759764375.0,-35.21732
5759765312.5,-35.20417
5759766250.0,-35.21425
5759767187.5,-35.21512
5759768125.0,-35.2173
5759769062.5,-35.22589
5759770000.0,-35.20419
5759770937.5,-35.22186
5759771875.0,-35.22142
5759772812.5,-35.21066
5759773750.0,-35.21498
5759774687.5,-35.23517
5759775625.0,-35.23655
5759776562.5,-35.24113
5759777500.0,-35.22878
5759778437.5,-35.22633
5759779375.0,-35.22802
5759780312.5,-35.22493
5759781250.0,-35.24238
5759782187.5,-35.22469
5759783125.0,-35.23832
5759784062.5,-35.24042
5759785000.0,-35.2438
5759785937.5,-35.23836
5759786875.0,-35.2396
5759787812.5,-35.23553
5759788750.0,-35.23982
5759789687.5,-35.2413
5759790625.0,-35.25207
5759791562.5,-35.24479
5759792500.0,-35.25606
5759793437.5,-35.24977
5759794375.0,-35.24722
5759795312.5,-35.24618
5759796250.0,-35.25043
5759797187.5,-35.25435
5759798125.0,-35.25472
5759799062.5,-35.25897
5759800000.0,-35.25497
5759800937.5,-35.25191
5759801875.0,-35.25849
5759802812.5,-35.25073
5759803750.0,-35.26731
5759804687.5,-35.25625
5759805625.0,-35.26363
5759806562.5,-35.26463
5759807500.0,-35.25195
5759808437.5,-35.2539
5759809375.0,-35.25927
5759810312.5,-35.2562
5759811250.0,-35.26402
5759812187.5,-35.2669
5759813125.0,-35.26992
5759814062.5,-35.26439
5759815000.0,-35.26731
5759815937.5,-35.27082
5759816875.0,-35.27919
5759817812.5,-35.27302
5759818750.0,-35.26339
5759819687.5,-35.27331
5759820625.0,-35.27392
5759821562.5,-35.27771
5759822500.0,-35.2853
5759823437.5,-35.28682
5759824375.0,-35.2809
5759825312.5,-35.27892
5759826250.0,-35.28582
5759827187.5,-35.28904
5759828125.0,-35.29377
5759829062.5,-35.29282
5759830000.0,-35.27868
5759830937.5,-35.29407
5759831875.0,-35.29025
5759832812.5,-35.28945
5759833750.0,-35.28987
5759834687.5,-35.2906
5759835625.0,-35.28506
5759836562.5,-35.29218
5759837500.0,-35.29405
5759838437.5,-35.29272
5759839375.0,-35.30217
5759840312.5,-35.29382
5759841250.0,-35.29797
5759842187.5,-35.30497
5759843125.0,-35.30122
5759844062.5,-35.29634
5759845000.0,-35.30353
5759845937.5,-35.30373
5759846875.0,-35.29414
5759847812.5,-35.30349
5759848750.0,-35.30906
5759849687.5,-35.30307
5759850625.0,-35.31514
5759851562.5,-35.3119
5759852500.0,-35.31524
5759853437.5,-35.31055
5759854375.0,-35.30898
5759855312.5,-35.30861
5759856250.0,-35.32271
5759857187.5,-35.31256
5759858125.0,-35.305
5759859062.5,-35.30896
5759860000.0,-35.32401
5759860937.5,-35.31707
5759861875.0,-35.31662
5759862812.5,-35.32249
5759863750.0,-35.3365
5759864687.5,-35.32117
5759865625.0,-35.32611
5759866562.5,-35.33494
5759867500.0,-35.32549
5759868437.5,-35.34151
5759869375.0,-35.33245
5759870312.5,-35.33009
5759871250.0,-35.33895
5759872187.5,-35.33506
5759873125.0,-35.3393
5759874062.5,-35.32701
5759875000.0,-35.3331
5759875937.5,-35.33414
5759876875.0,-35.34608
5759877812.5,-35.33315
5759878750.0,-35.33526
5759879687.5,-35.3447
5759880625.0,-35.35365
5759881562.5,-35.35104
5759882500.0,-35.34838
5759883437.5,-35.3409
5759884375.0,-35.34825
5759885312.5,-35.34481
5759886250.0,-35.35424
5759887187.5,-35.34709
5759888125.0,-35.34788
5759889062.5,-35.35197
5759890000.0,-35.35726
5759890937.5,-35.35981
5759891875.0,-35.36877
5759892812.5,-35.3582
5759893750.0,-35.35176
5759894687.5,-35.35253
5759895625.0,-35.36232
5759896562.5,-35.35817
5759897500.0,-35.356
5759898437.5,-35.36359
5759899375.0,-35.3691
5759900312.5,-35.36846
5759901250.0,-35.37041
5759902187.5,-35.37287
5759903125.0,-35.36792
5759904062.5,-35.36492
5759905000.0,-35.36263
5759905937.5,-35.36729
5759906875.0,-35.36826
5759907812.5,-35.35777
5759908750.0,-35.36983
5759909687.5,-35.37254
5759910625.0,-35.38643
5759911562.5,-35.37633
5759912500.0,-35.38264
5759913437.5,-35.37724
5759914375.0,-35.37479
5759915312.5,-35.38947
5759916250.0,-35.37844
5759917187.5,-35.38761
5759918125.0,-35.3886
5759919062.5,-35.38235
5759920000.0,-35.39574
5759920937.5,-35.39019
5759921875.0,-35.38982
5759922812.5,-35.38428
5759923750.0,-35.39707
5759924687.5,-35.39096
5759925625.0,-35.39372
5759926562.5,-35.39452
5759927500.0,-35.39226
5759928437.5,-35.3897
5759929375.0,-35.40123
5759930312.5,-35.39786
5759931250.0,-35.40987
5759932187.5,-35.40588
5759933125.0,-35.3914
5759934062.5,-35.39796
5759935000.0,-35.40545
5759935937.5,-35.40376
5759936875.0,-35.41101
5759937812.5,-35.41072
5759938750.0,-35.41313
5759939687.5,-35.41164
5759940625.0,-35.40582
5759941562.5,-35.41299
5759942500.0,-35.4117
5759943437.5,-35.41471
5759944375.0,-35.41321
5759945312.5,-35.41783
5759946250.0,-35.42466
5759947187.5,-35.42275
5759948125.0,-35.41266
5759949062.5,-35.42088
5759950000.0,-35.4132
5759950937.5,-35.42517
5759951875.0,-35.42143
5759952812.5,-35.42565
5759953750.0,-35.41757
5759954687.5,-35.41706
5759955625.0,-35.43116
5759956562.5,-35.43265
5759957500.0,-35.43413
5759958437.5,-35.42429
5759959375.0,-35.42788
5759960312.5,-35.42328
5759961250.0,-35.42185
5759962187.5,-35.43128
5759963125.0,-35.43828
5759964062.5,-35.43199
5759965000.0,-35.43586
5759965937.5,-35.43121
5759966875.0,-35.4424
5759967812.5,-35.43586
5759968750.0,-35.43934
5759969687.5,-35.43399
5759970625.0,-35.43806
5759971562.5,-35.44881
5759972500.0,-35.4528
5759973437.5,-35.43945
5759974375.0,-35.44017
5759975312.5,-35.4409
5759976250.0,-35.4497
5759977187.5,-35.45056
5759978125.0,-35.44252
5759979062.5,-35.44128
5759980000.0,-35.44036
5759980937.5,-35.44188
5759981875.0,-35.44897
5759982812.5,-35.45726
5759983750.0,-35.45519
5759984687.5,-35.44466
5759985625.0,-35.45918
5759986562.5,-35.46044
5759987500.0,-35.45562
5759988437.5,-35.45736
5759989375.0,-35.46217
5759990312.5,-35.46493
5759991250.0,-35.45687
5759992187.5,-35.45992
5759993125.0,-35.46342
5759994062.5,-35.4683
5759995000.0,-35.47229
5759995937.5,-35.46458
5759996875.0,-35.46391
5759997812.5,-35.4701
5759998750.0,-35.48054
5759999687.5,-35.46619
5760000625.0,-35.47242
5760001562.5,-35.47953
5760002500.0,-35.47804
5760003437.5,-35.47535
5760004375.0,-35.4826
5760005312.5,-35.46558
5760006250.0,-35.48703
5760007187.5,-35.48
5760008125.0,-35.47662
5760009062.5,-35.47575
5760010000.0,-35.49773
5760010937.5,-35.48715
5760011875.0,-35.48838
5760012812.5,-35.48964
5760013750.0,-35.48248
5760014687.5,-35.49068
5760015625.0,-35.48988
5760016562.5,-35.48913
5760017500.0,-35.48886
5760018437.5,-35.4912
5760019375.0,-35.49132
5760020312.5,-35.49308
5760021250.0,-35.49261
5760022187.5,-35.50095
5760023125.0,-35.50013
5760024062.5,-35.50131
5760025000.0,-35.49695
5760025937.5,-35.49632
5760026875.0,-35.50066
5760027812.5,-35.5004
5760028750.0,-35.52023
5760029687.5,-35.50198
5760030625.0,-35.51754
5760031562.5,-35.51366
5760032500.0,-35.50625
5760033437.5,-35.50994
5760034375.0,-35.51215
5760035312.5,-35.50935
5760036250.0,-35.51084
5760037187.5,-35.51397
5760038125.0,-35.51474
5760039062.5,-35.53013
5760040000.0,-35.52127
5760040937.5,-35.5177
5760041875.0,-35.51468
5760042812.5,-35.50848
5760043750.0,-35.51584
5760044687.5,-35.52436
5760045625.0,-35.52802
5760046562.5,-35.52589
5760047500.0,-35.5259
5760048437.5,-35.52958
5760049375.0,-35.52618
5760050312.5,-35.53702
5760051250.0,-35.51935
5760052187.5,-35.52814
5760053125.0,-35.52894
5760054062.5,-35.53207
5760055000.0,-35.53344
5760055937.5,-35.53087
5760056875.0,-35.53048
5760057812.5,-35.53714
5760058750.0,-35.54727
5760059687.5,-35.52835
5760060625.0,-35.53041
5760061562.5,-35.53662
5760062500.0,-35.54556
5760063437.5,-35.54149
5760064375.0,-35.54071
5760065312.5,-35.53618
5760066250.0,-35.54506
5760067187.5,-35.54604
5760068125.0,-35.54891
5760069062.5,-35.55215
5760070000.0,-35.54734
5760070937.5,-35.54448
5760071875.0,-35.55117
5760072812.5,-35.54248
5760073750.0,-35.55713
5760074687.5,-35.55471
5760075625.0,-35.55664
5760076562.5,-35.5561
5760077500.0,-35.55578
5760078437.5,-35.56714
5760079375.0,-35.55294
5760080312.5,-35.55955
5760081250.0,-35.56606
5760082187.5,-35.5746
5760083125.0,-35.56234
5760084062.5,-35.55072
5760085000.0,-35.57108
5760085937.5,-35.57598
5760086875.0,-35.57053
5760087812.5,-35.57501
5760088750.0,-35.56892
5760089687.5,-35.57956
5760090625.0,-35.56762
5760091562.5,-35.58235
5760092500.0,-35.57535
5760093437.5,-35.57846
5760094375.0,-35.56955
5760095312.5,-35.57625
5760096250.0,-35.5847
5760097187.5,-35.57899
5760098125.0,-35.57572
5760099062.5,-35.58503
5760100000.0,-35.57875
5760100937.5,-35.58312
5760101875.0,-35.59008
5760102812.5,-35.58639
5760103750.0,-35.57952
5760104687.5,-35.58552
5760105625.0,-35.5933
5760106562.5,-35.59054
5760107500.0,-35.60913
5760108437.5,-35.58612
5760109375.0,-35.60725
5760110312.5,-35.59398
5760111250.0,-35.59036
5760112187.5,-35.59755
5760113125.0,-35.59959
5760114062.5,-35.59117
5760115000.0,-35.58806
5760115937.5,-35.60574
5760116875.0,-35.59718
5760117812.5,-35.59769
5760118750.0,-35.60527
5760119687.5,-35.60379
5760120625.0,-35.60672
5760121562.5,-35.60093
5760122500.0,-35.60784
5760123437.5,-35.61879
5760124375.0,-35.60108
5760125312.5,-35.60771
5760126250.0,-35.6097
5760127187.5,-35.60352
5760128125.0,-35.60313
5760129062.5,-35.6105
5760130000.0,-35.61397
5760130937.5,-35.60782
5760131875.0,-35.61386
5760132812.5,-35.61642
5760133750.0,-35.63292
5760134687.5,-35.61659
5760135625.0,-35.6214
5760136562.5,-35.61647
5760137500.0,-35.6212
5760138437.5,-35.62774
5760139375.0,-35.63014
5760140312.5,-35.62445
5760141250.0,-35.62825
5760142187.5,-35.62821
5760143125.0,-35.626
5760144062.5,-35.61913
5760145000.0,-35.6313
5760145937.5,-35.62557
5760146875.0,-35.62614
5760147812.5,-35.63004
5760148750.0,-35.62977
5760149687.5,-35.63447
5760150625.0,-35.63578
5760151562.5,-35.64088
5760152500.0,-35.63958
5760153437.5,-35.64274
5760154375.0,-35.63653
5760155312.5,-35.63771
5760156250.0,-35.64067
5760157187.5,-35.64351
5760158125.0,-35.63734
5760159062.5,-35.64735
5760160000.0,-35.63779
5760160937.5,-35.64128
5760161875.0,-35.65101
5760162812.5,-35.64923
5760163750.0,-35.65125
5760164687.5,-35.65351
5760165625.0,-35.6529
5760166562.5,-35.66211
5760167500.0,-35.64236
5760168437.5,-35.64424
5760169375.0,-35.65468
5760170312.5,-35.66463
5760171250.0,-35.66865
5760172187.5,-35.65998
5760173125.0,-35.66259
5760174062.5,-35.65731
5760175000.0,-35.65627
5760175937.5,-35.66409
5760176875.0,-35.67098
5760177812.5,-35.66285
5760178750.0,-35.66183
5760179687.5,-35.67348
5760180625.0,-35.67232
5760181562.5,-35.66317
5760182500.0,-35.66392
5760183437.5,-35.66745
5760184375.0,-35.66711
5760185312.5,-35.67553
5760186250.0,-35.68394
5760187187.5,-35.6728
5760188125.0,-35.68395
5760189062.5,-35.68089
5760190000.0,-35.68132
5760190937.5,-35.67073
5760191875.0,-35.68306
5760192812.5,-35.68319
5760193750.0,-35.68324
5760194687.5,-35.67634
5760195625.0,-35.69014
5760196562.5,-35.6841
5760197500.0,-35.69411
5760198437.5,-35.69512
5760199375.0,-35.68263
5760200312.5,-35.67512
5760201250.0,-35.69573
5760202187.5,-35.69053
5760203125.0,-35.6951
5760204062.5,-35.69731
5760205000.0,-35.69523
5760205937.5,-35.70118
5760206875.0,-35.69503
5760207812.5,-35.69647
5760208750.0,-35.69725
5760209687.5,-35.6925
5760210625.0,-35.70071
5760211562.5,-35.70363
5760212500.0,-35.70436
5760213437.5,-35.71021
5760214375.0,-35.70363
5760215312.5,-35.7037
5760216250.0,-35.69488
5760217187.5,-35.70898
5760218125.0,-35.70499
5760219062.5,-35.70443
5760220000.0,-35.70671
5760220937.5,-35.7123
5760221875.0,-35.69924
5760222812.5,-35.71445
5760223750.0,-35.71165
5760224687.5,-35.71384
5760225625.0,-35.71828
5760226562.5,-35.72127
5760227500.0,-35.72001
5760228437.5,-35.71704
5760229375.0,-35.70896
5760230312.5,-35.72067
5760231250.0,-35.72433
5760232187.5,-35.72879
5760233125.0,-35.72097
5760234062.5,-35.73169
5760235000.0,-35.71977
5760235937.5,-35.72864
5760236875.0,-35.73962
5760237812.5,-35.73818
5760238750.0,-35.7317
5760239687.5,-35.72496
5760240625.0,-35.7452
5760241562.5,-35.72897
5760242500.0,-35.73996
5760243437.5,-35.73018
5760244375.0,-35.74117
5760245312.5,-35.73986
5760246250.0,-35.73542
5760247187.5,-35.7388
5760248125.0,-35.74134
5760249062.5,-35.74305
5760250000.0,-35.74813
5760250937.5,-35.74829
5760251875.0,-35.75151
5760252812.5,-35.74914
5760253750.0,-35.74991
5760254687.5,-35.7531
5760255625.0,-35.7479
5760256562.5,-35.74326
5760257500.0,-35.74443
5760258437.5,-35.75071
5760259375.0,-35.75381
5760260312.5,-35.76402
5760261250.0,-35.74629
5760262187.5,-35.7555
5760263125.0,-35.76537
5760264062.5,-35.75303
5760265000.0,-35.7621
5760265937.5,-35.76926
5760266875.0,-35.76075
5760267812.5,-35.7602
5760268750.0,-35.75759
5760269687.5,-35.77304
5760270625.0,-35.76129
5760271562.5,-35.76377
5760272500.0,-35.76749
5760273437.5,-35.77394
5760274375.0,-35.76542
5760275312.5,-35.78031
5760276250.0,-35.77256
5760277187.5,-35.77544
5760278125.0,-35.76736
5760279062.5,-35.7752
5760280000.0,-35.76874
5760280937.5,-35.77215
5760281875.0,-35.77503
5760282812.5,-35.78067
5760283750.0,-35.77749
5760284687.5,-35.77744
5760285625.0,-35.78753
5760286562.5,-35.79639
5760287500.0,-35.78471
5760288437.5,-35.782
5760289375.0,-35.78334
5760290312.5,-35.77907
5760291250.0,-35.78935
5760292187.5,-35.79971
5760293125.0,-35.79084
5760294062.5,-35.80202
5760295000.0,-35.78611
5760295937.5,-35.78783
5760296875.0,-35.78603
5760297812.5,-35.80243
5760298750.0,-35.79922
5760299687.5,-35.80225
5760300625.0,-35.80525
5760301562.5,-35.80933
5760302500.0,-35.81075
5760303437.5,-35.78857
5760304375.0,-35.79906
5760305312.5,-35.79131
5760306250.0,-35.80425
5760307187.5,-35.80693
5760308125.0,-35.79987
5760309062.5,-35.81488
5760310000.0,-35.80588
5760310937.5,-35.80589
5760311875.0,-35.81282
5760312812.5,-35.81651
5760313750.0,-35.81291
5760314687.5,-35.81169
5760315625.0,-35.80769
5760316562.5,-35.80933
5760317500.0,-35.81736
5760318437.5,-35.80825
5760319375.0,-35.82428
5760320312.5,-35.81148
5760321250.0,-35.82998
5760322187.5,-35.82681
5760323125.0,-35.82123
5760324062.5,-35.81685
5760325000.0,-35.81826
5760325937.5,-35.82114
5760326875.0,-35.8219
5760327812.5,-35.83239
5760328750.0,-35.83615
5760329687.5,-35.83128
5760330625.0,-35.82994
5760331562.5,-35.84085
5760332500.0,-35.8271
5760333437.5,-35.83201
5760334375.0,-35.83984
5760335312.5,-35.82289
5760336250.0,-35.83614
5760337187.5,-35.84032
5760338125.0,-35.84783
5760339062.5,-35.83812
5760340000.0,-35.84731
5760340937.5,-35.84417
5760341875.0,-35.83641
5760342812.5,-35.84065
5760343750.0,-35.84826
5760344687.5,-35.84519
5760345625.0,-35.85201
5760346562.5,-35.85351
5760347500.0,-35.8466
5760348437.5,-35.8405
5760349375.0,-35.84949
5760350312.5,-35.84289
5760351250.0,-35.85208
5760352187.5,-35.8477
5760353125.0,-35.84166
5760354062.5,-35.85054
5760355000.0,-35.85751
5760355937.5,-35.85395
5760356875.0,-35.85755
5760357812.5,-35.87252
5760358750.0,-35.86084
5760359687.5,-35.85836
5760360625.0,-35.86378
5760361562.5,-35.86487
5760362500.0,-35.86166
5760363437.5,-35.86578
5760364375.0,-35.86574
5760365312.5,-35.8646
5760366250.0,-35.86563
5760367187.5,-35.87447
5760368125.0,-35.87057
5760369062.5,-35.86879
5760370000.0,-35.87434
5760370937.5,-35.87085
5760371875.0,-35.87237
5760372812.5,-35.86623
5760373750.0,-35.86871
5760374687.5,-35.86267
5760375625.0,-35.88337
5760376562.5,-35.88945
5760377500.0,-35.88057
5760378437.5,-35.87765
5760379375.0,-35.87369
5760380312.5,-35.88185
5760381250.0,-35.87306
5760382187.5,-35.87924
5760383125.0,-35.8903
5760384062.5,-35.89666
5760385000.0,-35.88592
5760385937.5,-35.89212
5760386875.0,-35.89737
5760387812.5,-35.89754
5760388750.0,-35.89518
5760389687.5,-35.89482
5760390625.0,-35.90191
5760391562.5,-35.88687
5760392500.0,-35.89604
5760393437.5,-35.89228
5760394375.0,-35.90037
5760395312.5,-35.89743
5760396250.0,-35.90084
5760397187.5,-35.8929
5760398125.0,-35.90557
5760399062.5,-35.91561
5760400000.0,-35.91347
5760400937.5,-35.90829
5760401875.0,-35.90213
5760402812.5,-35.91273
5760403750.0,-35.91322
5760404687.5,-35.91444
5760405625.0,-35.91284
5760406562.5,-35.91638
5760407500.0,-35.9076
5760408437.5,-35.91671
5760409375.0,-35.91723
5760410312.5,-35.91034
5760411250.0,-35.92111
5760412187.5,-35.91248
5760413125.0,-35.92704
5760414062.5,-35.92319
5760415000.0,-35.92083
5760415937.5,-35.9248
5760416875.0,-35.92149
5760417812.5,-35.92322
5760418750.0,-35.92371
5760419687.5,-35.92459
5760420625.0,-35.92244
5760421562.5,-35.92822
5760422500.0,-35.93138
5760423437.5,-35.92607
5760424375.0,-35.92765
5760425312.5,-35.92805
5760426250.0,-35.92603
5760427187.5,-35.92088
5760428125.0,-35.93274
5760429062.5,-35.93052
5760430000.0,-35.93788
5760430937.5,-35.94098
5760431875.0,-35.94297
5760432812.5,-35.94352
5760433750.0,-35.94477
5760434687.5,-35.93823
5760435625.0,-35.94421
5760436562.5,-35.94449
5760437500.0,-35.93862
5760438437.5,-35.93398
5760439375.0,-35.93745
5760440312.5,-35.94905
5760441250.0,-35.94555
5760442187.5,-35.95073
5760443125.0,-35.95208
5760444062.5,-35.9679
5760445000.0,-35.9544
5760445937.5,-35.94699
5760446875.0,-35.95374
5760447812.5,-35.958
5760448750.0,-35.94594
5760449687.5,-35.96059
5760450625.0,-35.96456
5760451562.5,-35.96412
5760452500.0,-35.95975
5760453437.5,-35.95974
5760454375.0,-35.96402
5760455312.5,-35.95346
5760456250.0,-35.95998
5760457187.5,-35.95937
5760458125.0,-35.9582
5760459062.5,-35.97638
5760460000.0,-35.95843
5760460937.5,-35.96967
5760461875.0,-35.9661
5760462812.5,-35.96915
5760463750.0,-35.97275
5760464687.5,-35.97445
5760465625.0,-35.97466
5760466562.5,-35.96983
5760467500.0,-35.97509
5760468437.5,-35.98101
5760469375.0,-35.97747
5760470312.5,-35.97111
5760471250.0,-35.97951
5760472187.5,-35.9813
5760473125.0,-35.98083
5760474062.5,-35.98636
5760475000.0,-35.97511
5760475937.5,-35.97211
5760476875.0,-35.9931
5760477812.5,-35.99016
5760478750.0,-35.98057
5760479687.5,-35.99091
5760480625.0,-35.99531
5760481562.5,-35.98348
5760482500.0,-35.99725
5760483437.5,-35.9888
5760484375.0,-35.9892
5760485312.5,-35.99654
5760486250.0,-35.99885
5760487187.5,-35.99713
5760488125.0,-36.00539
5760489062.5,-36.00147
5760490000.0,-35.99591
5760490937.5,-35.99738
5760491875.0,-35.9972
5760492812.5,-36.00503
5760493750.0,-35.98224
5760494687.5,-36.00605
5760495625.0,-35.99986
5760496562.5,-36.00753
5760497500.0,-36.00056
5760498437.5,-36.00971
5760499375.0,-36.014
5760500312.5,-36.00516
5760501250.0,-36.01897
5760502187.5,-36.0085
5760503125.0,-36.00929
5760504062.5,-36.00423
5760505000.0,-36.01729
5760505937.5,-36.01188
5760506875.0,-36.01533
5760507812.5,-36.02333
5760508750.0,-36.00986
5760509687.5,-36.01633
5760510625.0,-36.02541
5760511562.5,-36.02379
5760512500.0,-36.03027
5760513437.5,-36.02531
5760514375.0,-36.02808
5760515312.5,-36.03074
5760516250.0,-36.03279
5760517187.5,-36.02512
5760518125.0,-36.03354
5760519062.5,-36.02111
5760520000.0,-36.02265
5760520937.5,-36.02662
5760521875.0,-36.03295
5760522812.5,-36.02639
5760523750.0,-36.02539
5760524687.5,-36.03244
5760525625.0,-36.03697
5760526562.5,-36.03529
5760527500.0,-36.03802
5760528437.5,-36.04401
5760529375.0,-36.04702
5760530312.5,-36.0345
5760531250.0,-36.04135
5760532187.5,-36.04631
5760533125.0,-36.04515
5760534062.5,-36.0457
5760535000.0,-36.04454
5760535937.5,-36.04691
5760536875.0,-36.04246
5760537812.5,-36.04021
5760538750.0,-36.04747
5760539687.5,-36.04599
5760540625.0,-36.0518
5760541562.5,-36.05
5760542500.0,-36.0491
5760543437.5,-36.05447
5760544375.0,-36.06112
5760545312.5,-36.05969
5760546250.0,-36.07244
5760547187.5,-36.05957
5760548125.0,-36.06018
5760549062.5,-36.05443
5760550000.0,-36.06443
5760550937.5,-36.06402
5760551875.0,-36.05795
5760552812.5,-36.063
5760553750.0,-36.05976
5760554687.5,-36.06274
5760555625.0,-36.0656
5760556562.5,-36.06245
5760557500.0,-36.07008
5760558437.5,-36.07116
5760559375.0,-36.06915
5760560312.5,-36.07317
5760561250.0,-36.07605
5760562187.5,-36.06823
5760563125.0,-36.07461
5760564062.5,-36.07881
5760565000.0,-36.08469
5760565937.5,-36.07526
5760566875.0,-36.07252
5760567812.5,-36.07778
5760568750.0,-36.06761
5760569687.5,-36.08445
5760570625.0,-36.08027
5760571562.5,-36.08591
5760572500.0,-36.1053
5760573437.5,-36.08502
5760574375.0,-36.08123
5760575312.5,-36.08615
5760576250.0,-36.09767
5760577187.5,-36.09782
5760578125.0,-36.07983
5760579062.5,-36.10469
5760580000.0,-36.09914
5760580937.5,-36.10581
5760581875.0,-36.09009
5760582812.5,-36.08767
5760583750.0,-36.10542
5760584687.5,-36.10692
5760585625.0,-36.1091
5760586562.5,-36.10548
5760587500.0,-36.10205
5760588437.5,-36.102
5760589375.0,-36.10358
5760590312.5,-36.11108
5760591250.0,-36.10045
5760592187.5,-36.11425
5760593125.0,-36.09967
5760594062.5,-36.11359
5760595000.0,-36.11042
5760595937.5,-36.10768
5760596875.0,-36.11693
5760597812.5,-36.11607
5760598750.0,-36.11828
5760599687.5,-36.10983
5760600625.0,-36.1156
5760601562.5,-36.11531
5760602500.0,-36.11096
5760603437.5,-36.10912
5760604375.0,-36.11902
5760605312.5,-36.12243
5760606250.0,-36.12182
5760607187.5,-36.11479
5760608125.0,-36.1175
5760609062.5,-36.12002
5760610000.0,-36.12317
5760610937.5,-36.12201
5760611875.0,-36.13279
5760612812.5,-36.13103
5760613750.0,-36.12935
5760614687.5,-36.12406
5760615625.0,-36.13538
5760616562.5,-36.13036
5760617500.0,-36.12687
5760618437.5,-36.12836
5760619375.0,-36.12959
5760620312.5,-36.13414
5760621250.0,-36.13816
5760622187.5,-36.12782
5760623125.0,-36.12844
5760624062.5,-36.13606
5760625000.0,-36.14121
5760625937.5,-36.13868
5760626875.0,-36.13784
5760627812.5,-36.15288
5760628750.0,-36.1425
5760629687.5,-36.1412
5760630625.0,-36.14876
5760631562.5,-36.14779
5760632500.0,-36.15123
5760633437.5,-36.15319
5760634375.0,-36.14596
5760635312.5,-36.14928
5760636250.0,-36.14437
5760637187.5,-36.15382
5760638125.0,-36.15594
5760639062.5,-36.15479
5760640000.0,-36.16101
5760640937.5,-36.15287
5760641875.0,-36.154
5760642812.5,-36.16377
5760643750.0,-36.17108
5760644687.5,-36.15454
5760645625.0,-36.1662
5760646562.5,-36.161
5760647500.0,-36.15498
5760648437.5,-36.16591
5760649375.0,-36.16888
5760650312.5,-36.16806
5760651250.0,-36.17536
5760652187.5,-36.1782
5760653125.0,-36.16614
5760654062.5,-36.1731
5760655000.0,-36.17533
5760655937.5,-36.16782
5760656875.0,-36.17628
5760657812.5,-36.17498
5760658750.0,-36.178
5760659687.5,-36.17121
5760660625.0,-36.17825
5760661562.5,-36.17178
5760662500.0,-36.1782
5760663437.5,-36.18079
5760664375.0,-36.17907
5760665312.5,-36.18724
5760666250.0,-36.18492
5760667187.5,-36.18958
5760668125.0,-36.19457
5760669062.5,-36.18529
5760670000.0,-36.19465
5760670937.5,-36.18217
5760671875.0,-36.19419
5760672812.5,-36.19136
5760673750.0,-36.19699
5760674687.5,-36.19275
5760675625.0,-36.1884
5760676562.5,-36.18952
5760677500.0,-36.2046
5760678437.5,-36.17392
5760679375.0,-36.19
5760680312.5,-36.18468
5760681250.0,-36.2049
5760682187.5,-36.20129
5760683125.0,-36.1978
5760684062.5,-36.20165
5760685000.0,-36.2005
5760685937.5,-36.20503
5760686875.0,-36.19575
5760687812.5,-36.20592
5760688750.0,-36.20145
5760689687.5,-36.20722
5760690625.0,-36.21428
5760691562.5,-36.20529
5760692500.0,-36.20588
5760693437.5,-36.20476
5760694375.0,-36.20449
5760695312.5,-36.2188
5760696250.0,-36.2128
5760697187.5,-36.21482
5760698125.0,-36.214
5760699062.5,-36.21621
5760700000.0,-36.21505
5760700937.5,-36.21748
5760701875.0,-36.22241
5760702812.5,-36.21581
5760703750.0,-36.22156
5760704687.5,-36.22059
5760705625.0,-36.22534
5760706562.5,-36.23246
5760707500.0,-36.22617
5760708437.5,-36.22789
5760709375.0,-36.22256
5760710312.5,-36.22213
5760711250.0,-36.22623
5760712187.5,-36.23144
5760713125.0,-36.23381
5760714062.5,-36.23287
5760715000.0,-36.23536
5760715937.5,-36.22839
5760716875.0,-36.24179
5760717812.5,-36.24347
5760718750.0,-36.23869
5760719687.5,-36.2415
5760720625.0,-36.24915
5760721562.5,-36.23349
5760722500.0,-36.2275
5760723437.5,-36.24033
5760724375.0,-36.24886
5760725312.5,-36.23966
5760726250.0,-36.23529
5760727187.5,-36.25177
5760728125.0,-36.2407
5760729062.5,-36.23883
5760730000.0,-36.24618
5760730937.5,-36.2622
5760731875.0,-36.24128
5760732812.5,-36.25481
5760733750.0,-36.25189
5760734687.5,-36.25597
5760735625.0,-36.26041
5760736562.5,-36.259
5760737500.0,-36.26056
5760738437.5,-36.26418
5760739375.0,-36.2627
5760740312.5,-36.25457
5760741250.0,-36.25785
5760742187.5,-36.25741
5760743125.0,-36.25602
5760744062.5,-36.26934
5760745000.0,-36.26114
5760745937.5,-36.24941
5760746875.0,-36.25882
5760747812.5,-36.27168
5760748750.0,-36.26171
5760749687.5,-36.26727
5760750625.0,-36.26972
5760751562.5,-36.2672
5760752500.0,-36.26498
5760753437.5,-36.28312
5760754375.0,-36.2643
5760755312.5,-36.27984
5760756250.0,-36.2808
5760757187.5,-36.27676
5760758125.0,-36.28299
5760759062.5,-36.27887
5760760000.0,-36.27542
5760760937.5,-36.27711
5760761875.0,-36.28015
5760762812.5,-36.28822
5760763750.0,-36.28032
5760764687.5,-36.28754
5760765625.0,-36.28101
5760766562.5,-36.28611
5760767500.0,-36.28399
5760768437.5,-36.29416
5760769375.0,-36.28619
5760770312.5,-36.30578
5760771250.0,-36.30018
5760772187.5,-36.28202
5760773125.0,-36.29108
5760774062.5,-36.29606
5760775000.0,-36.30555
5760775937.5,-36.3061
5760776875.0,-36.30546
5760777812.5,-36.30343
5760778750.0,-36.29544
5760779687.5,-36.30474
5760780625.0,-36.30745
5760781562.5,-36.30224
5760782500.0,-36.29256
5760783437.5,-36.30972
5760784375.0,-36.30235
5760785312.5,-36.3068
5760786250.0,-36.30207
5760787187.5,-36.30484
5760788125.0,-36.30916
5760789062.5,-36.31687
5760790000.0,-36.31631
5760790937.5,-36.30579
5760791875.0,-36.32113
5760792812.5,-36.3078
5760793750.0,-36.30576
5760794687.5,-36.30264
5760795625.0,-36.31597
5760796562.5,-36.31838
5760797500.0,-36.31942
5760798437.5,-36.31173
5760799375.0,-36.31948
5760800312.5,-36.31445
5760801250.0,-36.3251
5760802187.5,-36.32614
5760803125.0,-36.31583
5760804062.5,-36.31847
5760805000.0,-36.32075
5760805937.5,-36.31803
5760806875.0,-36.32425
5760807812.5,-36.33347
5760808750.0,-36.32417
5760809687.5,-36.32143
5760810625.0,-36.32707
5760811562.5,-36.33691
5760812500.0,-36.3271
5760813437.5,-36.32977
5760814375.0,-36.33638
5760815312.5,-36.33246
5760816250.0,-36.33533
5760817187.5,-36.33285
5760818125.0,-36.34571
5760819062.5,-36.33213
5760820000.0,-36.33754
5760820937.5,-36.34807
5760821875.0,-36.34979
5760822812.5,-36.34365
5760823750.0,-36.34067
5760824687.5,-36.34903
5760825625.0,-36.34759
5760826562.5,-36.35159
5760827500.0,-36.35049
5760828437.5,-36.34721
5760829375.0,-36.34727
5760830312.5,-36.34883
5760831250.0,-36.35773
5760832187.5,-36.35349
5760833125.0,-36.35523
5760834062.5,-36.35386
5760835000.0,-36.35171
5760835937.5,-36.36336
5760836875.0,-36.34494
5760837812.5,-36.35366
5760838750.0,-36.34814
5760839687.5,-36.35265
5760840625.0,-36.35691
5760841562.5,-36.35825
5760842500.0,-36.35768
5760843437.5,-36.36924
5760844375.0,-36.37265
5760845312.5,-36.37304
5760846250.0,-36.36305
5760847187.5,-36.37004
5760848125.0,-36.36438
5760849062.5,-36.36109
5760850000.0,-36.36734
5760850937.5,-36.36338
5760851875.0,-36.37588
5760852812.5,-36.36263
5760853750.0,-36.36996
5760854687.5,-36.37592
5760855625.0,-36.37854
5760856562.5,-36.37437
5760857500.0,-36.38989
5760858437.5,-36.37513
5760859375.0,-36.369
5760860312.5,-36.39135
5760861250.0,-36.38174
5760862187.5,-36.38135
5760863125.0,-36.3899
5760864062.5,-36.38131
5760865000.0,-36.39403
5760865937.5,-36.38862
5760866875.0,-36.38631
5760867812.5,-36.38859
5760868750.0,-36.39261
5760869687.5,-36.40317
5760870625.0,-36.3816
5760871562.5,-36.38774
5760872500.0,-36.38813
5760873437.5,-36.40518
5760874375.0,-36.39148
5760875312.5,-36.40584
5760876250.0,-36.40005
5760877187.5,-36.40207
5760878125.0,-36.40071
5760879062.5,-36.40107
5760880000.0,-36.40656
5760880937.5,-36.3978
5760881875.0,-36.40152
5760882812.5,-36.40392
5760883750.0,-36.41085
5760884687.5,-36.40644
5760885625.0,-36.40859
5760886562.5,-36.41197
5760887500.0,-36.41412
5760888437.5,-36.41278
5760889375.0,-36.41471
5760890312.5,-36.41925
5760891250.0,-36.40913
5760892187.5,-36.41097
5760893125.0,-36.41389
5760894062.5,-36.42155
5760895000.0,-36.42221
5760895937.5,-36.42953
5760896875.0,-36.42099
5760897812.5,-36.41776
5760898750.0,-36.41795
5760899687.5,-36.42708
5760900625.0,-36.41396
5760901562.5,-36.41505
5760902500.0,-36.42662
5760903437.5,-36.43472
5760904375.0,-36.43822
5760905312.5,-36.42666
5760906250.0,-36.43404
5760907187.5,-36.4248
5760908125.0,-36.43009
5760909062.5,-36.42907
5760910000.0,-36.43231
5760910937.5,-36.43243
5760911875.0,-36.42568
5760912812.5,-36.44765
5760913750.0,-36.44382
5760914687.5,-36.44171
5760915625.0,-36.44252
5760916562.5,-36.45097
5760917500.0,-36.43241
5760918437.5,-36.44146
5760919375.0,-36.43776
5760920312.5,-36.44049
5760921250.0,-36.45262
5760922187.5,-36.44669
5760923125.0,-36.4603
5760924062.5,-36.45658
5760925000.0,-36.45342
5760925937.5,-36.44268
5760926875.0,-36.45009
5760927812.5,-36.45185
5760928750.0,-36.46426
5760929687.5,-36.44614
5760930625.0,-36.45627
5760931562.5,-36.45775
5760932500.0,-36.4558
5760933437.5,-36.46637
5760934375.0,-36.44773
5760935312.5,-36.45221
5760936250.0,-36.46422
5760937187.5,-36.4559
5760938125.0,-36.46101
5760939062.5,-36.46774
5760940000.0,-36.46963
5760940937.5,-36.47971
5760941875.0,-36.48086
5760942812.5,-36.4632
5760943750.0,-36.46807
5760944687.5,-36.47195
5760945625.0,-36.47641
5760946562.5,-36.46005
5760947500.0,-36.4739
5760948437.5,-36.47576
5760949375.0,-36.47342
5760950312.5,-36.47696
5760951250.0,-36.47924
5760952187.5,-36.48431
5760953125.0,-36.47842
5760954062.5,-36.46978
5760955000.0,-36.4761
5760955937.5,-36.47743
5760956875.0,-36.48615
5760957812.5,-36.47854
5760958750.0,-36.48628
5760959687.5,-36.48099
5760960625.0,-36.49248
5760961562.5,-36.47849
5760962500.0,-36.4804
5760963437.5,-36.48321
5760964375.0,-36.49098
5760965312.5,-36.48804
5760966250.0,-36.48095
5760967187.5,-36.49457
5760968125.0,-36.50248
5760969062.5,-36.47823
5760970000.0,-36.48835
5760970937.5,-36.49557
5760971875.0,-36.50478
5760972812.5,-36.49717
5760973750.0,-36.49933
5760974687.5,-36.4905
5760975625.0,-36.49472
5760976562.5,-36.50896
5760977500.0,-36.51174
5760978437.5,-36.50756
5760979375.0,-36.49894
5760980312.5,-36.50195
5760981250.0,-36.50183
5760982187.5,-36.51191
5760983125.0,-36.50414
5760984062.5,-36.50194
5760985000.0,-36.50813
5760985937.5,-36.5047
5760986875.0,-36.50632
5760987812.5,-36.50974
5760988750.0,-36.51452
5760989687.5,-36.51886
5760990625.0,-36.51679
5760991562.5,-36.51176
5760992500.0,-36.50824
5760993437.5,-36.52123
5760994375.0,-36.52622
5760995312.5,-36.51621
5760996250.0,-36.52371
5760997187.5,-36.52395
5760998125.0,-36.52172
5760999062.5,-36.51744
5761000000.0,-36.52397
5761000937.5,-36.53081
5761001875.0,-36.52784
5761002812.5,-36.53866
5761003750.0,-36.53188
5761004687.5,-36.52035
5761005625.0,-36.52438
5761006562.5,-36.53099
5761007500.0,-36.54276
5761008437.5,-36.52937
5761009375.0,-36.53186
5761010312.5,-36.53255
5761011250.0,-36.53422
5761012187.5,-36.53583
5761013125.0,-36.53681
5761014062.5,-36.54075
5761015000.0,-36.52487
5761015937.5,-36.54228
5761016875.0,-36.54504
5761017812.5,-36.54807
5761018750.0,-36.53494
5761019687.5,-36.54615
5761020625.0,-36.54704
5761021562.5,-36.54615
5761022500.0,-36.5481
5761023437.5,-36.54129
5761024375.0,-36.55226
5761025312.5,-36.54117
5761026250.0,-36.54502
5761027187.5,-36.55625
5761028125.0,-36.55809
5761029062.5,-36.54485
5761030000.0,-36.56124
5761030937.5,-36.56586
5761031875.0,-36.54771
5761032812.5,-36.5631
5761033750.0,-36.57396
5761034687.5,-36.55781
5761035625.0,-36.55861
5761036562.5,-36.54876
5761037500.0,-36.56416
5761038437.5,-36.55792
5761039375.0,-36.56211
5761040312.5,-36.5687
5761041250.0,-36.57624
5761042187.5,-36.56795
5761043125.0,-36.57349
5761044062.5,-36.57469
5761045000.0,-36.56942
5761045937.5,-36.57042
5761046875.0,-36.57232
5761047812.5,-36.5736
5761048750.0,-36.56617
5761049687.5,-36.57671
5761050625.0,-36.57433
5761051562.5,-36.57061
5761052500.0,-36.58619
5761053437.5,-36.57449
5761054375.0,-36.57656
5761055312.5,-36.5878
5761056250.0,-36.58485
5761057187.5,-36.5727
5761058125.0,-36.59324
5761059062.5,-36.58851
5761060000.0,-36.58318
5761060937.5,-36.59848
5761061875.0,-36.58658
5761062812.5,-36.58737
5761063750.0,-36.59361
5761064687.5,-36.58236
5761065625.0,-36.59008
5761066562.5,-36.58082
5761067500.0,-36.58773
5761068437.5,-36.59398
5761069375.0,-36.59432
5761070312.5,-36.59498
5761071250.0,-36.59192
5761072187.5,-36.58651
5761073125.0,-36.59673
5761074062.5,-36.61385
5761075000.0,-36.59697
5761075937.5,-36.5956
5761076875.0,-36.59947
5761077812.5,-36.61469
5761078750.0,-36.60665
5761079687.5,-36.60663
5761080625.0,-36.60946
5761081562.5,-36.6023
5761082500.0,-36.60939
5761083437.5,-36.60001
5761084375.0,-36.61008
5761085312.5,-36.60684
5761086250.0,-36.63068
5761087187.5,-36.61613
5761088125.0,-36.59406
5761089062.5,-36.62127
5761090000.0,-36.60554
5761090937.5,-36.63056
5761091875.0,-36.62702
5761092812.5,-36.61329
5761093750.0,-36.62089
5761094687.5,-36.62059
5761095625.0,-36.62969
5761096562.5,-36.62516
5761097500.0,-36.62215
5761098437.5,-36.61854
5761099375.0,-36.62346
5761100312.5,-36.62405
5761101250.0,-36.61592
5761102187.5,-36.63364
5761103125.0,-36.6371
5761104062.5,-36.63979
5761105000.0,-36.62902
5761105937.5,-36.63735
5761106875.0,-36.63821
5761107812.5,-36.63227
5761108750.0,-36.6336
5761109687.5,-36.62765
5761110625.0,-36.63548
5761111562.5,-36.63082
5761112500.0,-36.63274
5761113437.5,-36.63357
5761114375.0,-36.64011
5761115312.5,-36.64041
5761116250.0,-36.65182
5761117187.5,-36.63827
5761118125.0,-36.64275
5761119062.5,-36.64991
5761120000.0,-36.63359
5761120937.5,-36.65173
5761121875.0,-36.66037
5761122812.5,-36.63961
5761123750.0,-36.64125
5761124687.5,-36.65884
5761125625.0,-36.6478
5761126562.5,-36.6431
5761127500.0,-36.64993
5761128437.5,-36.65035
5761129375.0,-36.65707
5761130312.5,-36.64904
5761131250.0,-36.66781
5761132187.5,-36.66196
5761133125.0,-36.65351
5761134062.5,-36.6614
5761135000.0,-36.66099
5761135937.5,-36.66016
5761136875.0,-36.66354
5761137812.5,-36.673
5761138750.0,-36.67184
5761139687.5,-36.66535
5761140625.0,-36.67557
5761141562.5,-36.66491
5761142500.0,-36.66165
5761143437.5,-36.66626
5761144375.0,-36.68024
5761145312.5,-36.66847
5761146250.0,-36.66454
5761147187.5,-36.67648
5761148125.0,-36.67016
5761149062.5,-36.68308
5761150000.0,-36.67005
5761150937.5,-36.67323
5761151875.0,-36.6829
5761152812.5,-36.68209
5761153750.0,-36.67834
5761154687.5,-36.67656
5761155625.0,-36.67709
5761156562.5,-36.67852
5761157500.0,-36.68513
5761158437.5,-36.68141
5761159375.0,-36.68315
5761160312.5,-36.69324
5761161250.0,-36.68217
5761162187.5,-36.68316
5761163125.0,-36.68616
5761164062.5,-36.68545
5761165000.0,-36.67969
5761165937.5,-36.69855
5761166875.0,-36.69132
5761167812.5,-36.69556
5761168750.0,-36.69246
5761169687.5,-36.70034
5761170625.0,-36.70035
5761171562.5,-36.69283
5761172500.0,-36.70626
5761173437.5,-36.69444
5761174375.0,-36.7067
5761175312.5,-36.70412
5761176250.0,-36.71299
5761177187.5,-36.69661
5761178125.0,-36.69623
5761179062.5,-36.70385
5761180000.0,-36.70553
5761180937.5,-36.70532
5761181875.0,-36.70694
5761182812.5,-36.70204
5761183750.0,-36.70614
5761184687.5,-36.71178
5761185625.0,-36.70959
5761186562.5,-36.71896
5761187500.0,-36.72499
5761188437.5,-36.71983
5761189375.0,-36.72425
5761190312.5,-36.71281
5761191250.0,-36.72011
5761192187.5,-36.72104
5761193125.0,-36.71746
5761194062.5,-36.72519
5761195000.0,-36.72478
5761195937.5,-36.73119
5761196875.0,-36.72507
5761197812.5,-36.72738
5761198750.0,-36.7187
5761199687.5,-36.72226
5761200625.0,-36.72655
5761201562.5,-36.72598
5761202500.0,-36.7335
5761203437.5,-36.73524
5761204375.0,-36.73095
5761205312.5,-36.738
5761206250.0,-36.7271
5761207187.5,-36.72312
5761208125.0,-36.72708
5761209062.5,-36.74173
5761210000.0,-36.72904
5761210937.5,-36.74426
5761211875.0,-36.73447
5761212812.5,-36.74757
5761213750.0,-36.73244
5761214687.5,-36.74083
5761215625.0,-36.74489
5761216562.5,-36.74909
5761217500.0,-36.73901
5761218437.5,-36.74096
5761219375.0,-36.7445
5761220312.5,-36.74417
5761221250.0,-36.73972
5761222187.5,-36.74974
5761223125.0,-36.7585
5761224062.5,-36.75301
5761225000.0,-36.74526
5761225937.5,-36.75456
5761226875.0,-36.74936
5761227812.5,-36.75971
5761228750.0,-36.75801
5761229687.5,-36.76085
5761230625.0,-36.74919
5761231562.5,-36.74615
5761232500.0,-36.76153
5761233437.5,-36.75562
5761234375.0,-36.75509
5761235312.5,-36.76031
5761236250.0,-36.76398
5761237187.5,-36.76566
5761238125.0,-36.76651
5761239062.5,-36.77133
5761240000.0,-36.76891
5761240937.5,-36.77225
5761241875.0,-36.76383
5761242812.5,-36.76619
5761243750.0,-36.7671
5761244687.5,-36.77544
5761245625.0,-36.7725
5761246562.5,-36.77636
5761247500.0,-36.77003
5761248437.5,-36.77497
5761249375.0,-36.78115
5761250312.5,-36.7765
5761251250.0,-36.791
5761252187.5,-36.78122
5761253125.0,-36.78698
5761254062.5,-36.77478
5761255000.0,-36.77987
5761255937.5,-36.78165
5761256875.0,-36.77058
5761257812.5,-36.76614
5761258750.0,-36.77307
5761259687.5,-36.78282
5761260625.0,-36.77547
5761261562.5,-36.78447
5761262500.0,-36.79014
5761263437.5,-36.79039
5761264375.0,-36.78153
5761265312.5,-36.79935
5761266250.0,-36.79407
5761267187.5,-36.79382
5761268125.0,-36.785
5761269062.5,-36.79601
5761270000.0,-36.79695
5761270937.5,-36.79767
5761271875.0,-36.80758
5761272812.5,-36.80129
5761273750.0,-36.80517
5761274687.5,-36.79694
5761275625.0,-36.79237
5761276562.5,-36.81264
5761277500.0,-36.79806
5761278437.5,-36.79758
5761279375.0,-36.80492
5761280312.5,-36.81432
5761281250.0,-36.82256
5761282187.5,-36.80096
5761283125.0,-36.80565
5761284062.5,-36.81163
5761285000.0,-36.80453
5761285937.5,-36.81516
5761286875.0,-36.81435
5761287812.5,-36.82312
5761288750.0,-36.80348
5761289687.5,-36.81175
5761290625.0,-36.81071
5761291562.5,-36.80952
5761292500.0,-36.81418
5761293437.5,-36.80708
5761294375.0,-36.81467
5761295312.5,-36.82141
5761296250.0,-36.81402
5761297187.5,-36.82194
5761298125.0,-36.82298
5761299062.5,-36.83572
5761300000.0,-36.82082
5761300937.5,-36.83017
5761301875.0,-36.82275
5761302812.5,-36.82684
5761303750.0,-36.82484
5761304687.5,-36.84452
5761305625.0,-36.82906
5761306562.5,-36.82809
5761307500.0,-36.83101
5761308437.5,-36.8235
5761309375.0,-36.83329
5761310312.5,-36.83291
5761311250.0,-36.83014
5761312187.5,-36.84516
5761313125.0,-36.84165
5761314062.5,-36.84854
5761315000.0,-36.83076
5761315937.5,-36.84241
5761316875.0,-36.84852
5761317812.5,-36.84657
5761318750.0,-36.84474
5761319687.5,-36.84473
5761320625.0,-36.85474
5761321562.5,-36.86599
5761322500.0,-36.83999
5761323437.5,-36.85062
5761324375.0,-36.85024
5761325312.5,-36.84883
5761326250.0,-36.85537
5761327187.5,-36.84526
5761328125.0,-36.86229
5761329062.5,-36.84322
5761330000.0,-36.85582
5761330937.5,-36.86044
5761331875.0,-36.84351
5761332812.5,-36.85865
5761333750.0,-36.85962
5761334687.5,-36.85701
5761335625.0,-36.86563
5761336562.5,-36.8663
5761337500.0,-36.86058
5761338437.5,-36.86192
5761339375.0,-36.86808
5761340312.5,-36.86949
5761341250.0,-36.87664
5761342187.5,-36.86506
5761343125.0,-36.876
5761344062.5,-36.87242
5761345000.0,-36.86648
5761345937.5,-36.87522
5761346875.0,-36.86989
5761347812.5,-36.87321
5761348750.0,-36.8624
5761349687.5,-36.88032
5761350625.0,-36.88055
5761351562.5,-36.87862
5761352500.0,-36.87104
5761353437.5,-36.88076
5761354375.0,-36.87818
5761355312.5,-36.87994
5761356250.0,-36.87015
5761357187.5,-36.87556
5761358125.0,-36.9016
5761359062.5,-36.88904
5761360000.0,-36.90121
5761360937.5,-36.88516
5761361875.0,-36.8868
5761362812.5,-36.88368
5761363750.0,-36.88266
5761364687.5,-36.89631
5761365625.0,-36.89717
5761366562.5,-36.90249
5761367500.0,-36.88997
5761368437.5,-36.88913
5761369375.0,-36.90539
5761370312.5,-36.90577
5761371250.0,-36.88563
5761372187.5,-36.89893
5761373125.0,-36.90681
5761374062.5,-36.89313
5761375000.0,-36.90369
5761375937.5,-36.8957
5761376875.0,-36.90883
5761377812.5,-36.89885
5761378750.0,-36.90818
5761379687.5,-36.90964
5761380625.0,-36.90042
5761381562.5,-36.91206
5761382500.0,-36.91016
5761383437.5,-36.9077
5761384375.0,-36.90225
5761385312.5,-36.9132
5761386250.0,-36.89742
5761387187.5,-36.92173
5761388125.0,-36.90826
5761389062.5,-36.90849
5761390000.0,-36.92016
5761390937.5,-36.9208
5761391875.0,-36.9206
5761392812.5,-36.91311
5761393750.0,-36.91276
5761394687.5,-36.91128
5761395625.0,-36.92637
5761396562.5,-36.92543
5761397500.0,-36.92079
5761398437.5,-36.92682
5761399375.0,-36.92282
5761400312.5,-36.91922
5761401250.0,-36.92452
5761402187.5,-36.92039
5761403125.0,-36.92692
5761404062.5,-36.92484
5761405000.0,-36.93643
5761405937.5,-36.93593
5761406875.0,-36.92202
5761407812.5,-36.92464
5761408750.0,-36.93643
5761409687.5,-36.9361
5761410625.0,-36.92308
5761411562.5,-36.9347
5761412500.0,-36.93018
5761413437.5,-36.9385
5761414375.0,-36.93994
5761415312.5,-36.92149
5761416250.0,-36.93525
5761417187.5,-36.95214
5761418125.0,-36.93457
5761419062.5,-36.9487
5761420000.0,-36.93159
5761420937.5,-36.95273
5761421875.0,-36.94608
5761422812.5,-36.93798
5761423750.0,-36.95422
5761424687.5,-36.96671
5761425625.0,-36.94113
5761426562.5,-36.96045
5761427500.0,-36.95647
5761428437.5,-36.9463
5761429375.0,-36.95693
5761430312.5,-36.94292
5761431250.0,-36.95858
5761432187.5,-36.95958
5761433125.0,-36.95404
5761434062.5,-36.96494
5761435000.0,-36.95106
5761435937.5,-36.95884
5761436875.0,-36.97166
5761437812.5,-36.95029
5761438750.0,-36.95821
5761439687.5,-36.96518
5761440625.0,-36.96651
5761441562.5,-36.96635
5761442500.0,-36.96277
5761443437.5,-36.96763
5761444375.0,-36.96943
5761445312.5,-36.97498
5761446250.0,-36.97789
5761447187.5,-36.97419
5761448125.0,-36.97137
5761449062.5,-36.97035
5761450000.0,-36.96713
5761450937.5,-36.96923
5761451875.0,-36.96447
5761452812.5,-36.98047
5761453750.0,-36.97309
5761454687.5,-36.97353
5761455625.0,-36.97394
5761456562.5,-36.98088
5761457500.0,-36.97166
5761458437.5,-36.99524
5761459375.0,-36.98183
5761460312.5,-36.97939
5761461250.0,-36.99287
5761462187.5,-36.98426
5761463125.0,-36.99648
5761464062.5,-36.99444
5761465000.0,-36.99184
5761465937.5,-36.99113
5761466875.0,-36.98823
5761467812.5,-36.98889
5761468750.0,-36.97861
5761469687.5,-36.98937
5761470625.0,-36.9876
5761471562.5,-36.99796
5761472500.0,-37.00845
5761473437.5,-37.0063
5761474375.0,-36.99936
5761475312.5,-36.99206
5761476250.0,-37.00438
5761477187.5,-36.99713
5761478125.0,-37.00732
5761479062.5,-37.0028
5761480000.0,-37.00582
5761480937.5,-37.01257
5761481875.0,-36.99628
5761482812.5,-36.99098
5761483750.0,-37.00811
5761484687.5,-37.00925
5761485625.0,-36.99304
5761486562.5,-37.00608
5761487500.0,-37.0165
5761488437.5,-37.01422
5761489375.0,-37.01551
5761490312.5,-37.00629
5761491250.0,-37.00367
5761492187.5,-37.00151
5761493125.0,-37.03331
5761494062.5,-37.01505
5761495000.0,-37.02252
5761495937.5,-37.01828
5761496875.0,-37.02138
5761497812.5,-37.01504
5761498750.0,-37.0306
5761499687.5,-37.0142
5761500625.0,-37.02538
5761501562.5,-37.01867
5761502500.0,-37.02119
5761503437.5,-37.01818
5761504375.0,-37.0293
5761505312.5,-37.03214
5761506250.0,-37.02872
5761507187.5,-37.03486
5761508125.0,-37.02394
5761509062.5,-37.04805
5761510000.0,-37.0309
5761510937.5,-37.03623
5761511875.0,-37.04542
5761512812.5,-37.03243
5761513750.0,-37.02978
5761514687.5,-37.03486
5761515625.0,-37.0395
5761516562.5,-37.03267
5761517500.0,-37.03215
5761518437.5,-37.03082
5761519375.0,-37.03901
5761520312.5,-37.0312
5761521250.0,-37.05021
5761522187.5,-37.03919
5761523125.0,-37.05607
5761524062.5,-37.03808
5761525000.0,-37.04087
5761525937.5,-37.03891
5761526875.0,-37.04358
5761527812.5,-37.04952
5761528750.0,-37.04619
5761529687.5,-37.04398
5761530625.0,-37.05033
5761531562.5,-37.03917
5761532500.0,-37.05207
5761533437.5,-37.0599
5761534375.0,-37.05694
5761535312.5,-37.04952
5761536250.0,-37.0652
5761537187.5,-37.05517
5761538125.0,-37.06274
5761539062.5,-37.0616
5761540000.0,-37.05931
5761540937.5,-37.06106
5761541875.0,-37.06831
5761542812.5,-37.05149
5761543750.0,-37.06458
5761544687.5,-37.06499
5761545625.0,-37.07471
5761546562.5,-37.07058
5761547500.0,-37.06081
5761548437.5,-37.07443
5761549375.0,-37.06551
5761550312.5,-37.07683
5761551250.0,-37.06702
5761552187.5,-37.0727
5761553125.0,-37.0752
5761554062.5,-37.05959
5761555000.0,-37.08118
5761555937.5,-37.07286
5761556875.0,-37.08087
5761557812.5,-37.07582
5761558750.0,-37.07094
5761559687.5,-37.08155
5761560625.0,-37.07708
5761561562.5,-37.08771
5761562500.0,-37.08371
5761563437.5,-37.08632
5761564375.0,-37.08002
5761565312.5,-37.07713
5761566250.0,-37.07814
5761567187.5,-37.08717
5761568125.0,-37.09054
5761569062.5,-37.09386
5761570000.0,-37.09301
5761570937.5,-37.09829
5761571875.0,-37.09435
5761572812.5,-37.09239
5761573750.0,-37.09164
5761574687.5,-37.09223
5761575625.0,-37.09041
5761576562.5,-37.08307
5761577500.0,-37.10772
5761578437.5,-37.09937
5761579375.0,-37.08831
5761580312.5,-37.09767
5761581250.0,-37.09414
5761582187.5,-37.10058
5761583125.0,-37.10631
5761584062.5,-37.11009
5761585000.0,-37.10168
5761585937.5,-37.10857
5761586875.0,-37.10675
5761587812.5,-37.1127
5761588750.0,-37.10796
5761589687.5,-37.11774
5761590625.0,-37.12139
5761591562.5,-37.1
5761592500.0,-37.11227
5761593437.5,-37.11032
5761594375.0,-37.11169
5761595312.5,-37.12338
5761596250.0,-37.10767
5761597187.5,-37.11016
5761598125.0,-37.11458
5761599062.5,-37.13092
5761600000.0,-37.1096
5761600937.5,-37.12395
5761601875.0,-37.11283
5761602812.5,-37.12741
5761603750.0,-37.10696
5761604687.5,-37.11434
5761605625.0,-37.13517
5761606562.5,-37.12178
5761607500.0,-37.13776
5761608437.5,-37.12307
5761609375.0,-37.13404
5761610312.5,-37.13399
5761611250.0,-37.13241
5761612187.5,-37.1196
5761613125.0,-37.12636
5761614062.5,-37.13366
5761615000.0,-37.13418
5761615937.5,-37.11577
5761616875.0,-37.14139
5761617812.5,-37.14627
5761618750.0,-37.14826
5761619687.5,-37.144
5761620625.0,-37.13581
5761621562.5,-37.13034
5761622500.0,-37.14384
5761623437.5,-37.13877
5761624375.0,-37.15727
5761625312.5,-37.14222
5761626250.0,-37.14763
5761627187.5,-37.13942
5761628125.0,-37.13999
5761629062.5,-37.15269
5761630000.0,-37.14211
5761630937.5,-37.15345
5761631875.0,-37.14372
5761632812.5,-37.16335
5761633750.0,-37.1535
5761634687.5,-37.15378
5761635625.0,-37.14436
5761636562.5,-37.15705
5761637500.0,-37.15257
5761638437.5,-37.15287
5761639375.0,-37.15233
5761640312.5,-37.15414
5761641250.0,-37.16064
5761642187.5,-37.16136
5761643125.0,-37.16499
5761644062.5,-37.15388
5761645000.0,-37.16649
5761645937.5,-37.15835
5761646875.0,-37.16386
5761647812.5,-37.17281
5761648750.0,-37.16829
5761649687.5,-37.16008
5761650625.0,-37.17492
5761651562.5,-37.16065
5761652500.0,-37.17693
5761653437.5,-37.18737
5761654375.0,-37.16256
5761655312.5,-37.1663
5761656250.0,-37.15895
5761657187.5,-37.15907
5761658125.0,-37.17962
5761659062.5,-37.17422
5761660000.0,-37.16507
5761660937.5,-37.17884
5761661875.0,-37.16894
5761662812.5,-37.1853
5761663750.0,-37.18239
5761664687.5,-37.18563
5761665625.0,-37.17927
5761666562.5,-37.17461
5761667500.0,-37.18822
5761668437.5,-37.19493
5761669375.0,-37.18638
5761670312.5,-37.1923
5761671250.0,-37.17989
5761672187.5,-37.18249
5761673125.0,-37.19521
5761674062.5,-37.19408
5761675000.0,-37.18505
5761675937.5,-37.20478
5761676875.0,-37.18678
5761677812.5,-37.18878
5761678750.0,-37.19926
5761679687.5,-37.18839
5761680625.0,-37.19585
5761681562.5,-37.20438
5761682500.0,-37.19337
5761683437.5,-37.20357
5761684375.0,-37.19925
5761685312.5,-37.19262
5761686250.0,-37.20314
5761687187.5,-37.20856
5761688125.0,-37.20868
5761689062.5,-37.20619
5761690000.0,-37.20528
5761690937.5,-37.20355
5761691875.0,-37.2135
5761692812.5,-37.21664
5761693750.0,-37.2046
5761694687.5,-37.21033
5761695625.0,-37.20993
5761696562.5,-37.20141
5761697500.0,-37.21801
5761698437.5,-37.20611
5761699375.0,-37.22398
5761700312.5,-37.21848
5761701250.0,-37.2165
5761702187.5,-37.21704
5761703125.0,-37.22946
5761704062.5,-37.21838
5761705000.0,-37.22383
5761705937.5,-37.22291
5761706875.0,-37.22482
5761707812.5,-37.22802
5761708750.0,-37.22477
5761709687.5,-37.22194
5761710625.0,-37.21773
5761711562.5,-37.22793
5761712500.0,-37.23511
5761713437.5,-37.22536
5761714375.0,-37.23071
5761715312.5,-37.22863
5761716250.0,-37.22754
5761717187.5,-37.2328
5761718125.0,-37.23977
5761719062.5,-37.2373
5761720000.0,-37.24032
5761720937.5,-37.23818
5761721875.0,-37.22974
5761722812.5,-37.24093
5761723750.0,-37.23725
5761724687.5,-37.23114
5761725625.0,-37.24308
5761726562.5,-37.23357
5761727500.0,-37.24947
5761728437.5,-37.25669
5761729375.0,-37.25266
5761730312.5,-37.23296
5761731250.0,-37.24575
5761732187.5,-37.24147
5761733125.0,-37.24485
5761734062.5,-37.23513
5761735000.0,-37.24986
5761735937.5,-37.25211
5761736875.0,-37.24982
5761737812.5,-37.25982
5761738750.0,-37.26781
5761739687.5,-37.25536
5761740625.0,-37.25419
5761741562.5,-37.26365
5761742500.0,-37.25971
5761743437.5,-37.25871
5761744375.0,-37.27093
5761745312.5,-37.26025
5761746250.0,-37.25129
5761747187.5,-37.25084
5761748125.0,-37.26936
5761749062.5,-37.25874
5761750000.0,-37.25249
5761750937.5,-37.25448
5761751875.0,-37.2592
5761752812.5,-37.27356
5761753750.0,-37.26361
5761754687.5,-37.26293
5761755625.0,-37.27246
5761756562.5,-37.26009
5761757500.0,-37.26558
5761758437.5,-37.27499
5761759375.0,-37.27534
5761760312.5,-37.27103
5761761250.0,-37.26514
5761762187.5,-37.27583
5761763125.0,-37.27794
5761764062.5,-37.27671
5761765000.0,-37.26693
5761765937.5,-37.27387
5761766875.0,-37.28783
5761767812.5,-37.28435
5761768750.0,-37.28321
5761769687.5,-37.2812
5761770625.0,-37.27862
5761771562.5,-37.29015
5761772500.0,-37.27425
5761773437.5,-37.285
5761774375.0,-37.27814
5761775312.5,-37.27851
5761776250.0,-37.2794
5761777187.5,-37.28675
5761778125.0,-37.27709
5761779062.5,-37.28333
5761780000.0,-37.28162
5761780937.5,-37.29721
5761781875.0,-37.29965
5761782812.5,-37.30046
5761783750.0,-37.2913
5761784687.5,-37.30029
5761785625.0,-37.29623
5761786562.5,-37.29552
5761787500.0,-37.2896
5761788437.5,-37.30407
5761789375.0,-37.30509
5761790312.5,-37.31068
5761791250.0,-37.29744
5761792187.5,-37.29264
5761793125.0,-37.3096
5761794062.5,-37.30291
5761795000.0,-37.29892
5761795937.5,-37.31391
5761796875.0,-37.31636
5761797812.5,-37.29482
5761798750.0,-37.31885
5761799687.5,-37.31369
5761800625.0,-37.31006
5761801562.5,-37.29624
5761802500.0,-37.30785
5761803437.5,-37.31186
5761804375.0,-37.30944
5761805312.5,-37.31666
5761806250.0,-37.31293
5761807187.5,-37.3218
5761808125.0,-37.32414
5761809062.5,-37.31308
5761810000.0,-37.3182
5761810937.5,-37.30796
5761811875.0,-37.32347
5761812812.5,-37.31835
5761813750.0,-37.31546
5761814687.5,-37.32715
5761815625.0,-37.31663
5761816562.5,-37.33864
5761817500.0,-37.32938
5761818437.5,-37.33897
5761819375.0,-37.3289
5761820312.5,-37.33088
5761821250.0,-37.32834
5761822187.5,-37.33467
5761823125.0,-37.33115
5761824062.5,-37.33154
5761825000.0,-37.34045
5761825937.5,-37.33316
5761826875.0,-37.33679
5761827812.5,-37.32715
5761828750.0,-37.3325
5761829687.5,-37.34386
5761830625.0,-37.34084
5761831562.5,-37.33098
5761832500.0,-37.33067
5761833437.5,-37.34222
5761834375.0,-37.3428
5761835312.5,-37.34673
5761836250.0,-37.34983
5761837187.5,-37.35069
5761838125.0,-37.34841
5761839062.5,-37.34438
5761840000.0,-37.3551
5761840937.5,-37.34625
5761841875.0,-37.36037
5761842812.5,-37.34186
5761843750.0,-37.34518
5761844687.5,-37.35714
5761845625.0,-37.35592
5761846562.5,-37.36464
5761847500.0,-37.35508
5761848437.5,-37.35536
5761849375.0,-37.34657
5761850312.5,-37.36257
5761851250.0,-37.36809
5761852187.5,-37.354
5761853125.0,-37.36074
5761854062.5,-37.35507
5761855000.0,-37.36969
5761855937.5,-37.36229
5761856875.0,-37.36565
5761857812.5,-37.36267
5761858750.0,-37.36304
5761859687.5,-37.37544
5761860625.0,-37.37125
5761861562.5,-37.37598
5761862500.0,-37.3791
5761863437.5,-37.36243
5761864375.0,-37.36892
5761865312.5,-37.36826
5761866250.0,-37.37724
5761867187.5,-37.36638
5761868125.0,-37.37394
5761869062.5,-37.37302
5761870000.0,-37.39008
5761870937.5,-37.37957
5761871875.0,-37.3668
5761872812.5,-37.38151
5761873750.0,-37.38353
5761874687.5,-37.38465
5761875625.0,-37.37404
5761876562.5,-37.37687
5761877500.0,-37.38882
5761878437.5,-37.37674
5761879375.0,-37.38929
5761880312.5,-37.38023
5761881250.0,-37.39268
5761882187.5,-37.39109
5761883125.0,-37.38702
5761884062.5,-37.38586
5761885000.0,-37.40444
5761885937.5,-37.38607
5761886875.0,-37.40281
5761887812.5,-37.39458
5761888750.0,-37.3865
5761889687.5,-37.39694
5761890625.0,-37.39652
5761891562.5,-37.40114
5761892500.0,-37.39726
5761893437.5,-37.38453
5761894375.0,-37.41286
5761895312.5,-37.40274
5761896250.0,-37.40976
5761897187.5,-37.38861
5761898125.0,-37.40557
5761899062.5,-37.4146
5761900000.0,-37.41264
5761900937.5,-37.41201
5761901875.0,-37.40714
5761902812.5,-37.41744
5761903750.0,-37.40363
5761904687.5,-37.40076
5761905625.0,-37.40857
5761906562.5,-37.39989
5761907500.0,-37.41324
5761908437.5,-37.42512
5761909375.0,-37.42365
5761910312.5,-37.43356
5761911250.0,-37.42476
5761912187.5,-37.41797
5761913125.0,-37.41908
5761914062.5,-37.42625
5761915000.0,-37.42168
5761915937.5,-37.41428
5761916875.0,-37.41317
5761917812.5,-37.42176
5761918750.0,-37.4199
5761919687.5,-37.42952
5761920625.0,-37.4231
5761921562.5,-37.43708
5761922500.0,-37.44142
5761923437.5,-37.41042
5761924375.0,-37.42975
5761925312.5,-37.42761
5761926250.0,-37.42941
5761927187.5,-37.43089
5761928125.0,-37.42739
5761929062.5,-37.42979
5761930000.0,-37.42986
5761930937.5,-37.42678
5761931875.0,-37.44447
5761932812.5,-37.43912
5761933750.0,-37.43196
5761934687.5,-37.44678
5761935625.0,-37.4424
5761936562.5,-37.44281
5761937500.0,-37.43728
5761938437.5,-37.44321
5761939375.0,-37.44239
5761940312.5,-37.44493
5761941250.0,-37.45301
5761942187.5,-37.45016
5761943125.0,-37.44153
5761944062.5,-37.43575
5761945000.0,-37.44727
5761945937.5,-37.45482
5761946875.0,-37.45517
5761947812.5,-37.4474
5761948750.0,-37.44924
5761949687.5,-37.45493
5761950625.0,-37.45256
5761951562.5,-37.46141
5761952500.0,-37.44334
5761953437.5,-37.45921
5761954375.0,-37.44928
5761955312.5,-37.44617
5761956250.0,-37.45712
5761957187.5,-37.46758
5761958125.0,-37.45097
5761959062.5,-37.45258
5761960000.0,-37.46285
5761960937.5,-37.45192
5761961875.0,-37.46123
5761962812.5,-37.45479
5761963750.0,-37.46422
5761964687.5,-37.46838
5761965625.0,-37.4682
5761966562.5,-37.46522
5761967500.0,-37.46714
5761968437.5,-37.47627
5761969375.0,-37.47088
5761970312.5,-37.4867
5761971250.0,-37.47263
5761972187.5,-37.45745
5761973125.0,-37.45156
5761974062.5,-37.48056
5761975000.0,-37.46983
5761975937.5,-37.47029
5761976875.0,-37.48403
5761977812.5,-37.47451
5761978750.0,-37.46846
5761979687.5,-37.49177
5761980625.0,-37.47591
5761981562.5,-37.4837
5761982500.0,-37.48893
5761983437.5,-37.47187
5761984375.0,-37.47844
5761985312.5,-37.49834
5761986250.0,-37.4884
5761987187.5,-37.47408
5761988125.0,-37.48248
5761989062.5,-37.48135
5761990000.0,-37.49899
5761990937.5,-37.48595
5761991875.0,-37.49118
5761992812.5,-37.49294
5761993750.0,-37.48669
5761994687.5,-37.49488
5761995625.0,-37.48982
5761996562.5,-37.49208
5761997500.0,-37.49004
5761998437.5,-37.49138
5761999375.0,-37.49409
5762000312.5,-37.49646
5762001250.0,-37.50136
5762002187.5,-37.4987
5762003125.0,-37.48906
5762004062.5,-37.49693
5762005000.0,-37.49846
5762005937.5,-37.49532
5762006875.0,-37.50413
5762007812.5,-37.50771
5762008750.0,-37.50006
5762009687.5,-37.50146
5762010625.0,-37.51319
5762011562.5,-37.51926
5762012500.0,-37.51305
5762013437.5,-37.52066
5762014375.0,-37.51139
5762015312.5,-37.518
5762016250.0,-37.51728
5762017187.5,-37.52212
5762018125.0,-37.50866
5762019062.5,-37.53295
5762020000.0,-37.51696
5762020937.5,-37.52038
5762021875.0,-37.51615
5762022812.5,-37.5354
5762023750.0,-37.50897
5762024687.5,-37.50958
5762025625.0,-37.52346
5762026562.5,-37.51992
5762027500.0,-37.52328
5762028437.5,-37.51416
5762029375.0,-37.53204
5762030312.5,-37.52558
5762031250.0,-37.52272
5762032187.5,-37.52406
5762033125.0,-37.51605
5762034062.5,-37.54159
5762035000.0,-37.52245
5762035937.5,-37.53209
5762036875.0,-37.54325
5762037812.5,-37.54589
5762038750.0,-37.53443
5762039687.5,-37.53853
5762040625.0,-37.55051
5762041562.5,-37.52914
5762042500.0,-37.53108
5762043437.5,-37.53583
5762044375.0,-37.54604
5762045312.5,-37.53991
5762046250.0,-37.54795
5762047187.5,-37.55062
5762048125.0,-37.54543
5762049062.5,-37.54137
5762050000.0,-37.54909
5762050937.5,-37.54298
5762051875.0,-37.53347
5762052812.5,-37.54605
5762053750.0,-37.55418
5762054687.5,-37.5474
5762055625.0,-37.54903
5762056562.5,-37.55355
5762057500.0,-37.55506
5762058437.5,-37.54807
5762059375.0,-37.5477
5762060312.5,-37.55173
5762061250.0,-37.56535
5762062187.5,-37.56202
5762063125.0,-37.56581
5762064062.5,-37.54945
5762065000.0,-37.56177
5762065937.5,-37.55383
5762066875.0,-37.57333
5762067812.5,-37.56112
5762068750.0,-37.55944
5762069687.5,-37.56339
5762070625.0,-37.54358
5762071562.5,-37.56176
5762072500.0,-37.55967
5762073437.5,-37.57222
5762074375.0,-37.55991
5762075312.5,-37.56556
5762076250.0,-37.57343
5762077187.5,-37.56322
5762078125.0,-37.58153
5762079062.5,-37.57514
5762080000.0,-37.58071
5762080937.5,-37.56936
5762081875.0,-37.58009
5762082812.5,-37.56622
5762083750.0,-37.58768
5762084687.5,-37.57249
5762085625.0,-37.58527
5762086562.5,-37.583
5762087500.0,-37.5836
5762088437.5,-37.58424
5762089375.0,-37.5848
5762090312.5,-37.57671
5762091250.0,-37.57696
5762092187.5,-37.58971
5762093125.0,-37.58354
5762094062.5,-37.58512
5762095000.0,-37.58314
5762095937.5,-37.58525
5762096875.0,-37.60051
5762097812.5,-37.58231
5762098750.0,-37.59144
5762099687.5,-37.58494
5762100625.0,-37.59665
5762101562.5,-37.58783
5762102500.0,-37.59859
5762103437.5,-37.59269
5762104375.0,-37.59478
5762105312.5,-37.59354
5762106250.0,-37.60555
5762107187.5,-37.60257
5762108125.0,-37.59245
5762109062.5,-37.6076
5762110000.0,-37.60675
5762110937.5,-37.59471
5762111875.0,-37.61477
5762112812.5,-37.60728
5762113750.0,-37.60889
5762114687.5,-37.60901
5762115625.0,-37.60084
5762116562.5,-37.62427
5762117500.0,-37.5994
5762118437.5,-37.60911
5762119375.0,-37.61253
5762120312.5,-37.61226
5762121250.0,-37.60339
5762122187.5,-37.62016
5762123125.0,-37.61805
5762124062.5,-37.61074
5762125000.0,-37.60667
5762125937.5,-37.6227
5762126875.0,-37.62114
5762127812.5,-37.62225
5762128750.0,-37.61639
5762129687.5,-37.61703
5762130625.0,-37.62376
5762131562.5,-37.62169
5762132500.0,-37.62676
5762133437.5,-37.62754
5762134375.0,-37.61293
5762135312.5,-37.63051
5762136250.0,-37.623
5762137187.5,-37.62354
5762138125.0,-37.63274
5762139062.5,-37.62454
5762140000.0,-37.605
5762140937.5,-37.62304
5762141875.0,-37.62756
5762142812.5,-37.62809
5762143750.0,-37.64148
5762144687.5,-37.63419
5762145625.0,-37.6286
5762146562.5,-37.63087
5762147500.0,-37.63229
5762148437.5,-37.64474
5762149375.0,-37.62946
5762150312.5,-37.64227
5762151250.0,-37.62729
5762152187.5,-37.63602
5762153125.0,-37.64104
5762154062.5,-37.63787
5762155000.0,-37.64819
5762155937.5,-37.64048
5762156875.0,-37.64511
5762157812.5,-37.64489
5762158750.0,-37.63888
5762159687.5,-37.64965
5762160625.0,-37.6546
5762161562.5,-37.64799
5762162500.0,-37.64362
5762163437.5,-37.65688
5762164375.0,-37.65582
5762165312.5,-37.65259
5762166250.0,-37.65466
5762167187.5,-37.66805
5762168125.0,-37.66914
5762169062.5,-37.6497
5762170000.0,-37.66373
5762170937.5,-37.64713
5762171875.0,-37.67031
5762172812.5,-37.65887
5762173750.0,-37.64955
5762174687.5,-37.66992
5762175625.0,-37.64857
5762176562.5,-37.65958
5762177500.0,-37.65905
5762178437.5,-37.65608
5762179375.0,-37.67316
5762180312.5,-37.67636
5762181250.0,-37.66832
5762182187.5,-37.65591
5762183125.0,-37.66777
5762184062.5,-37.66895
5762185000.0,-37.66843
5762185937.5,-37.6621
5762186875.0,-37.66737
5762187812.5,-37.66361
5762188750.0,-37.68084
5762189687.5,-37.67603
5762190625.0,-37.67139
5762191562.5,-37.67101
5762192500.0,-37.66874
5762193437.5,-37.69016
5762194375.0,-37.66827
5762195312.5,-37.67109
5762196250.0,-37.68052
5762197187.5,-37.66988
5762198125.0,-37.68032
5762199062.5,-37.67413
5762200000.0,-37.68505
5762200937.5,-37.69121
5762201875.0,-37.67363
5762202812.5,-37.67815
5762203750.0,-37.69317
5762204687.5,-37.69115
5762205625.0,-37.68377
5762206562.5,-37.69927
5762207500.0,-37.68291
5762208437.5,-37.68418
5762209375.0,-37.69276
5762210312.5,-37.70567
5762211250.0,-37.68476
5762212187.5,-37.7052
5762213125.0,-37.69256
5762214062.5,-37.70476
5762215000.0,-37.69173
5762215937.5,-37.70518
5762216875.0,-37.703
5762217812.5,-37.70686
5762218750.0,-37.6899
5762219687.5,-37.71953
5762220625.0,-37.69283
5762221562.5,-37.7066
5762222500.0,-37.70503
5762223437.5,-37.70553
5762224375.0,-37.69764
5762225312.5,-37.70753
5762226250.0,-37.69592
5762227187.5,-37.71196
5762228125.0,-37.71137
5762229062.5,-37.7168
5762230000.0,-37.71649
5762230937.5,-37.71741
5762231875.0,-37.73349
5762232812.5,-37.70393
5762233750.0,-37.72033
5762234687.5,-37.72271
5762235625.0,-37.71354
5762236562.5,-37.72647
5762237500.0,-37.70563
5762238437.5,-37.71503
5762239375.0,-37.71844
5762240312.5,-37.72173
5762241250.0,-37.72612
5762242187.5,-37.7284
5762243125.0,-37.73183
5762244062.5,-37.72932
5762245000.0,-37.7352
5762245937.5,-37.72342
5762246875.0,-37.7207
5762247812.5,-37.73233
5762248750.0,-37.72315
5762249687.5,-37.72368
5762250625.0,-37.72853
5762251562.5,-37.74161
5762252500.0,-37.72163
5762253437.5,-37.73816
5762254375.0,-37.73647
5762255312.5,-37.73264
5762256250.0,-37.74451
5762257187.5,-37.75679
5762258125.0,-37.73402
5762259062.5,-37.74627
5762260000.0,-37.7245
5762260937.5,-37.74033
5762261875.0,-37.74629
5762262812.5,-37.75141
5762263750.0,-37.7366
5762264687.5,-37.73637
5762265625.0,-37.74318
5762266562.5,-37.74378
5762267500.0,-37.74323
5762268437.5,-37.74271
5762269375.0,-37.74183
5762270312.5,-37.74546
5762271250.0,-37.75265
5762272187.5,-37.75408
5762273125.0,-37.74468
5762274062.5,-37.75344
5762275000.0,-37.74098
5762275937.5,-37.75134
5762276875.0,-37.74527
5762277812.5,-37.74672
5762278750.0,-37.75102
5762279687.5,-37.73614
5762280625.0,-37.75931
5762281562.5,-37.75558
5762282500.0,-37.75195
5762283437.5,-37.75896
5762284375.0,-37.76247
5762285312.5,-37.75822
5762286250.0,-37.76393
5762287187.5,-37.76499
5762288125.0,-37.75042
5762289062.5,-37.76182
5762290000.0,-37.76035
5762290937.5,-37.76694
5762291875.0,-37.75361
5762292812.5,-37.75847
5762293750.0,-37.772
5762294687.5,-37.76034
5762295625.0,-37.76423
5762296562.5,-37.7762
5762297500.0,-37.77092
5762298437.5,-37.77816
5762299375.0,-37.77299
5762300312.5,-37.77922
5762301250.0,-37.78576
5762302187.5,-37.76839
5762303125.0,-37.77773
5762304062.5,-37.79021
5762305000.0,-37.78938
5762305937.5,-37.78069
5762306875.0,-37.77006
5762307812.5,-37.78894
5762308750.0,-37.79505
5762309687.5,-37.79642
5762310625.0,-37.79049
5762311562.5,-37.77482
5762312500.0,-37.79109
5762313437.5,-37.78664
5762314375.0,-37.79236
5762315312.5,-37.78439
5762316250.0,-37.79037
5762317187.5,-37.78787
5762318125.0,-37.79868
5762319062.5,-37.81215
5762320000.0,-37.78587
5762320937.5,-37.80332
5762321875.0,-37.78347
5762322812.5,-37.80288
5762323750.0,-37.79259
5762324687.5,-37.80297
5762325625.0,-37.79755
5762326562.5,-37.80018
5762327500.0,-37.8022
5762328437.5,-37.80438
5762329375.0,-37.80133
5762330312.5,-37.80327
5762331250.0,-37.80127
5762332187.5,-37.80978
5762333125.0,-37.80566
5762334062.5,-37.81712
5762335000.0,-37.80556
5762335937.5,-37.82053
5762336875.0,-37.81279
5762337812.5,-37.81925
5762338750.0,-37.81395
5762339687.5,-37.8137
5762340625.0,-37.81341
5762341562.5,-37.79777
5762342500.0,-37.8173
5762343437.5,-37.81892
5762344375.0,-37.81335
5762345312.5,-37.82621
5762346250.0,-37.82196
5762347187.5,-37.81822
5762348125.0,-37.81635
5762349062.5,-37.82197
5762350000.0,-37.82207
5762350937.5,-37.81672
5762351875.0,-37.81865
5762352812.5,-37.82952
5762353750.0,-37.82412
5762354687.5,-37.8342
5762355625.0,-37.82179
5762356562.5,-37.82754
5762357500.0,-37.82018
5762358437.5,-37.82924
5762359375.0,-37.83601
5762360312.5,-37.82927
5762361250.0,-37.83245
5762362187.5,-37.83121
5762363125.0,-37.82912
5762364062.5,-37.8267
5762365000.0,-37.82683
5762365937.5,-37.83018
5762366875.0,-37.83033
5762367812.5,-37.83787
5762368750.0,-37.83203
5762369687.5,-37.842
5762370625.0,-37.83348
5762371562.5,-37.83641
5762372500.0,-37.83211
5762373437.5,-37.82514
5762374375.0,-37.82842
5762375312.5,-37.84581
5762376250.0,-37.84866
5762377187.5,-37.85065
5762378125.0,-37.84783
5762379062.5,-37.83966
5762380000.0,-37.85025
5762380937.5,-37.86655
5762381875.0,-37.84238
5762382812.5,-37.84378
5762383750.0,-37.8444
5762384687.5,-37.8583
5762385625.0,-37.85631
5762386562.5,-37.85501
5762387500.0,-37.84361
5762388437.5,-37.85282
5762389375.0,-37.85366
5762390312.5,-37.86201
5762391250.0,-37.86591
5762392187.5,-37.86622
5762393125.0,-37.8503
5762394062.5,-37.86384
5762395000.0,-37.85522
5762395937.5,-37.8619
5762396875.0,-37.8566
5762397812.5,-37.86998
5762398750.0,-37.86294
5762399687.5,-37.86965
5762400625.0,-37.86568
5762401562.5,-37.86803
5762402500.0,-37.87249
5762403437.5,-37.85582
5762404375.0,-37.86461
5762405312.5,-37.86939
5762406250.0,-37.8814
5762407187.5,-37.87895
5762408125.0,-37.87024
5762409062.5,-37.87345
5762410000.0,-37.85775
5762410937.5,-37.88303
5762411875.0,-37.88326
5762412812.5,-37.88218
5762413750.0,-37.87566
5762414687.5,-37.88504
5762415625.0,-37.87949
5762416562.5,-37.87665
5762417500.0,-37.88482
5762418437.5,-37.88285
5762419375.0,-37.88292
5762420312.5,-37.87994
5762421250.0,-37.88471
5762422187.5,-37.8951
5762423125.0,-37.89967
5762424062.5,-37.88774
5762425000.0,-37.89646
5762425937.5,-37.88384
5762426875.0,-37.88836
5762427812.5,-37.88985
5762428750.0,-37.90348
5762429687.5,-37.8956
5762430625.0,-37.90596
5762431562.5,-37.90984
5762432500.0,-37.89003
5762433437.5,-37.89943
5762434375.0,-37.89061
5762435312.5,-37.90093
5762436250.0,-37.88662
5762437187.5,-37.90385
5762438125.0,-37.89589
5762439062.5,-37.9156
5762440000.0,-37.90374
5762440937.5,-37.89909
5762441875.0,-37.90826
5762442812.5,-37.90672
5762443750.0,-37.89167
5762444687.5,-37.90521
5762445625.0,-37.91602
5762446562.5,-37.913
5762447500.0,-37.90869
5762448437.5,-37.91165
5762449375.0,-37.8996
5762450312.5,-37.91182
5762451250.0,-37.91304
5762452187.5,-37.90902
5762453125.0,-37.90793
5762454062.5,-37.90353
5762455000.0,-37.89769
5762455937.5,-37.91129
5762456875.0,-37.91804
5762457812.5,-37.91356
5762458750.0,-37.92159
5762459687.5,-37.92625
5762460625.0,-37.92595
5762461562.5,-37.92191
5762462500.0,-37.93042
5762463437.5,-37.92488
5762464375.0,-37.92469
5762465312.5,-37.91218
5762466250.0,-37.92752
5762467187.5,-37.91981
5762468125.0,-37.93282
5762469062.5,-37.92258
5762470000.0,-37.92606
5762470937.5,-37.93441
5762471875.0,-37.93253
5762472812.5,-37.94137
5762473750.0,-37.92883
5762474687.5,-37.93331
5762475625.0,-37.9482
5762476562.5,-37.93566
5762477500.0,-37.93216
5762478437.5,-37.94434
5762479375.0,-37.94482
5762480312.5,-37.92775
5762481250.0,-37.93572
5762482187.5,-37.93405
5762483125.0,-37.93828
5762484062.5,-37.93761
5762485000.0,-37.93914
5762485937.5,-37.94132
5762486875.0,-37.93789
5762487812.5,-37.94434
5762488750.0,-37.94753
5762489687.5,-37.95876
5762490625.0,-37.95119
5762491562.5,-37.95279
5762492500.0,-37.94326
5762493437.5,-37.94834
5762494375.0,-37.9448
5762495312.5,-37.94914
5762496250.0,-37.95792
5762497187.5,-37.94536
5762498125.0,-37.95407
5762499062.5,-37.95516
5762500000.0,-37.95572
5762500937.5,-37.96157
5762501875.0,-37.9543
5762502812.5,-37.96976
5762503750.0,-37.95068
5762504687.5,-37.95847
5762505625.0,-37.94856
5762506562.5,-37.95493
5762507500.0,-37.96027
5762508437.5,-37.97106
5762509375.0,-37.96063
5762510312.5,-37.95992
5762511250.0,-37.96727
5762512187.5,-37.98074
5762513125.0,-37.97969
5762514062.5,-37.95404
5762515000.0,-37.97058
5762515937.5,-37.97097
5762516875.0,-37.96682
5762517812.5,-37.97624
5762518750.0,-37.97813
5762519687.5,-37.97306
5762520625.0,-37.97454
5762521562.5,-37.978
5762522500.0,-37.97939
5762523437.5,-37.97369
5762524375.0,-37.97943
5762525312.5,-37.98957
5762526250.0,-37.98174
5762527187.5,-37.97332
5762528125.0,-37.97289
5762529062.5,-37.9763
5762530000.0,-37.97957
5762530937.5,-37.98859
5762531875.0,-37.98417
5762532812.5,-37.98156
5762533750.0,-37.99986
5762534687.5,-37.988
5762535625.0,-37.99192
5762536562.5,-37.98117
5762537500.0,-37.99837
5762538437.5,-37.99003
5762539375.0,-38.00776
5762540312.5,-37.98663
5762541250.0,-37.99289
5762542187.5,-37.99486
5762543125.0,-37.98865
5762544062.5,-37.98816
5762545000.0,-38.0056
5762545937.5,-38.00044
5762546875.0,-38.00266
5762547812.5,-37.99315
5762548750.0,-37.9992
5762549687.5,-37.98875
5762550625.0,-37.99174
5762551562.5,-37.99315
5762552500.0,-38.00128
5762553437.5,-37.99942
5762554375.0,-37.99805
5762555312.5,-38.00061
5762556250.0,-38.01057
5762557187.5,-38.0078
5762558125.0,-38.01237
5762559062.5,-38.00267
5762560000.0,-38.01269
5762560937.5,-38.00166
5762561875.0,-38.0001
5762562812.5,-38.01726
5762563750.0,-38.01302
5762564687.5,-38.02702
5762565625.0,-38.00695
5762566562.5,-38.01035
5762567500.0,-38.02152
5762568437.5,-38.02698
5762569375.0,-38.0195
5762570312.5,-38.02094
5762571250.0,-38.01662
5762572187.5,-38.01924
5762573125.0,-38.02459
5762574062.5,-38.01466
5762575000.0,-38.01346
5762575937.5,-38.02635
5762576875.0,-38.03565
5762577812.5,-38.03714
5762578750.0,-38.01847
5762579687.5,-38.02788
5762580625.0,-38.02654
5762581562.5,-38.01598
5762582500.0,-38.03125
5762583437.5,-38.03501
5762584375.0,-38.01997
5762585312.5,-38.02673
5762586250.0,-38.04254
5762587187.5,-38.02779
5762588125.0,-38.03901
5762589062.5,-38.03254
5762590000.0,-38.02855
5762590937.5,-38.03442
5762591875.0,-38.03211
5762592812.5,-38.03531
5762593750.0,-38.05463
5762594687.5,-38.03804
5762595625.0,-38.03415
5762596562.5,-38.04256
5762597500.0,-38.03466
5762598437.5,-38.02925
5762599375.0,-38.04791
5762600312.5,-38.03911
5762601250.0,-38.04646
5762602187.5,-38.03777
5762603125.0,-38.03759
5762604062.5,-38.04765
5762605000.0,-38.05163
5762605937.5,-38.05439
5762606875.0,-38.06042
5762607812.5,-38.04122
5762608750.0,-38.04097
5762609687.5,-38.03769
5762610625.0,-38.05193
5762611562.5,-38.04785
5762612500.0,-38.06257
5762613437.5,-38.05502
5762614375.0,-38.05137
5762615312.5,-38.05179
5762616250.0,-38.04864
5762617187.5,-38.05686
5762618125.0,-38.06089
5762619062.5,-38.0687
5762620000.0,-38.06057
5762620937.5,-38.05832
5762621875.0,-38.06299
5762622812.5,-38.06615
5762623750.0,-38.06493
5762624687.5,-38.06941
5762625625.0,-38.0762
5762626562.5,-38.07193
5762627500.0,-38.06291
5762628437.5,-38.06028
5762629375.0,-38.07949
5762630312.5,-38.07141
5762631250.0,-38.08336
5762632187.5,-38.08249
5762633125.0,-38.08656
5762634062.5,-38.07248
5762635000.0,-38.07488
5762635937.5,-38.08547
5762636875.0,-38.08082
5762637812.5,-38.07279
5762638750.0,-38.08551
5762639687.5,-38.07574
5762640625.0,-38.08113
5762641562.5,-38.0866
5762642500.0,-38.0877
5762643437.5,-38.09039
5762644375.0,-38.0684
5762645312.5,-38.07722
5762646250.0,-38.0812
5762647187.5,-38.08101
5762648125.0,-38.09488
5762649062.5,-38.08134
5762650000.0,-38.0834
5762650937.5,-38.0752
5762651875.0,-38.08802
5762652812.5,-38.09301
5762653750.0,-38.09541
5762654687.5,-38.09858
5762655625.0,-38.09229
5762656562.5,-38.1048
5762657500.0,-38.10603
5762658437.5,-38.08935
5762659375.0,-38.10489
5762660312.5,-38.10697
5762661250.0,-38.10203
5762662187.5,-38.11433
5762663125.0,-38.10993
5762664062.5,-38.09507
5762665000.0,-38.10307
5762665937.5,-38.10783
5762666875.0,-38.09344
5762667812.5,-38.09882
5762668750.0,-38.11237
5762669687.5,-38.11626
5762670625.0,-38.09892
5762671562.5,-38.11148
5762672500.0,-38.09891
5762673437.5,-38.10662
5762674375.0,-38.11755
5762675312.5,-38.10776
5762676250.0,-38.10532
5762677187.5,-38.11626
5762678125.0,-38.1095
5762679062.5,-38.1097
5762680000.0,-38.11145
5762680937.5,-38.11631
5762681875.0,-38.10955
5762682812.5,-38.11011
5762683750.0,-38.1282
5762684687.5,-38.1194
5762685625.0,-38.11608
5762686562.5,-38.12592
5762687500.0,-38.11839
5762688437.5,-38.11978
5762689375.0,-38.13169
5762690312.5,-38.12016
5762691250.0,-38.12612
5762692187.5,-38.12537
5762693125.0,-38.12651
5762694062.5,-38.13818
5762695000.0,-38.12713
5762695937.5,-38.12636
5762696875.0,-38.12619
5762697812.5,-38.13939
5762698750.0,-38.12441
5762699687.5,-38.12373
5762700625.0,-38.13421
5762701562.5,-38.12282
5762702500.0,-38.13357
5762703437.5,-38.14491
5762704375.0,-38.13217
5762705312.5,-38.13132
5762706250.0,-38.14936
5762707187.5,-38.13654
5762708125.0,-38.15568
5762709062.5,-38.13802
5762710000.0,-38.14484
5762710937.5,-38.12537
5762711875.0,-38.14268
5762712812.5,-38.13512
5762713750.0,-38.16024
5762714687.5,-38.15
5762715625.0,-38.15026
5762716562.5,-38.14476
5762717500.0,-38.16546
5762718437.5,-38.15671
5762719375.0,-38.15632
5762720312.5,-38.14288
5762721250.0,-38.1518
5762722187.5,-38.14698
5762723125.0,-38.14668
5762724062.5,-38.15459
5762725000.0,-38.15094
5762725937.5,-38.15721
5762726875.0,-38.15396
5762727812.5,-38.15362
5762728750.0,-38.15896
5762729687.5,-38.16383
5762730625.0,-38.16214
5762731562.5,-38.16233
5762732500.0,-38.16503
5762733437.5,-38.16225
5762734375.0,-38.14959
5762735312.5,-38.16275
5762736250.0,-38.16076
5762737187.5,-38.15817
5762738125.0,-38.16854
5762739062.5,-38.16
5762740000.0,-38.15655
5762740937.5,-38.17188
5762741875.0,-38.17466
5762742812.5,-38.17089
5762743750.0,-38.16635
5762744687.5,-38.17623
5762745625.0,-38.17137
5762746562.5,-38.17789
5762747500.0,-38.18687
5762748437.5,-38.18306
5762749375.0,-38.18865
5762750312.5,-38.17483
5762751250.0,-38.18542
5762752187.5,-38.17716
5762753125.0,-38.18175
5762754062.5,-38.18037
5762755000.0,-38.18886
5762755937.5,-38.17929
5762756875.0,-38.17396
5762757812.5,-38.19085
5762758750.0,-38.18328
5762759687.5,-38.18736
5762760625.0,-38.18056
5762761562.5,-38.18085
5762762500.0,-38.18701
5762763437.5,-38.1809
5762764375.0,-38.19529
5762765312.5,-38.21436
5762766250.0,-38.18457
5762767187.5,-38.18758
5762768125.0,-38.19224
5762769062.5,-38.19705
5762770000.0,-38.17898
5762770937.5,-38.18668
5762771875.0,-38.18348
5762772812.5,-38.19601
5762773750.0,-38.20297
5762774687.5,-38.19801
5762775625.0,-38.19587
5762776562.5,-38.19631
5762777500.0,-38.19625
5762778437.5,-38.20255
5762779375.0,-38.20184
5762780312.5,-38.20777
5762781250.0,-38.20116
5762782187.5,-38.22215
5762783125.0,-38.19746
5762784062.5,-38.19761
5762785000.0,-38.22477
5762785937.5,-38.21524
5762786875.0,-38.21938
5762787812.5,-38.20387
5762788750.0,-38.20567
5762789687.5,-38.22197
5762790625.0,-38.19805
5762791562.5,-38.21406
5762792500.0,-38.23835
5762793437.5,-38.20007
5762794375.0,-38.21899
5762795312.5,-38.22873
5762796250.0,-38.22383
5762797187.5,-38.22694
5762798125.0,-38.21392
5762799062.5,-38.22084
5762800000.0,-38.21716
5762800937.5,-38.22544
5762801875.0,-38.22373
5762802812.5,-38.21411
5762803750.0,-38.23042
5762804687.5,-38.23671
5762805625.0,-38.21746
5762806562.5,-38.22753
5762807500.0,-38.22467
5762808437.5,-38.25198
5762809375.0,-38.23388
5762810312.5,-38.24175
5762811250.0,-38.23096
5762812187.5,-38.2387
5762813125.0,-38.23003
5762814062.5,-38.22028
5762815000.0,-38.22169
5762815937.5,-38.23112
5762816875.0,-38.24077
5762817812.5,-38.2303
5762818750.0,-38.24108
5762819687.5,-38.23376
5762820625.0,-38.2413
5762821562.5,-38.23463
5762822500.0,-38.24981
5762823437.5,-38.24432
5762824375.0,-38.24716
5762825312.5,-38.25239
5762826250.0,-38.25209
5762827187.5,-38.24921
5762828125.0,-38.24282
5762829062.5,-38.23912
5762830000.0,-38.25032
5762830937.5,-38.25285
5762831875.0,-38.24964
5762832812.5,-38.24843
5762833750.0,-38.25275
5762834687.5,-38.24969
5762835625.0,-38.25388
5762836562.5,-38.25324
5762837500.0,-38.27108
5762838437.5,-38.25246
5762839375.0,-38.25021
5762840312.5,-38.26517
5762841250.0,-38.27571
5762842187.5,-38.25575
5762843125.0,-38.25999
5762844062.5,-38.26993
5762845000.0,-38.26704
5762845937.5,-38.26699
5762846875.0,-38.27312
5762847812.5,-38.2536
5762848750.0,-38.26367
5762849687.5,-38.25721
5762850625.0,-38.25422
5762851562.5,-38.26926
5762852500.0,-38.24401
5762853437.5,-38.27298
5762854375.0,-38.25867
5762855312.5,-38.26572
5762856250.0,-38.27879
5762857187.5,-38.27679
5762858125.0,-38.25684
5762859062.5,-38.27629
5762860000.0,-38.27824
5762860937.5,-38.26397
5762861875.0,-38.26965
5762862812.5,-38.28261
5762863750.0,-38.26453
5762864687.5,-38.26948
5762865625.0,-38.28051
5762866562.5,-38.28395
5762867500.0,-38.29569
5762868437.5,-38.26978
5762869375.0,-38.26962
5762870312.5,-38.28499
5762871250.0,-38.2948
5762872187.5,-38.30471
5762873125.0,-38.27648
5762874062.5,-38.27443
5762875000.0,-38.2865
5762875937.5,-38.29309
5762876875.0,-38.28494
5762877812.5,-38.27817
5762878750.0,-38.28981
5762879687.5,-38.30043
5762880625.0,-38.29169
5762881562.5,-38.29241
5762882500.0,-38.29346
5762883437.5,-38.29266
5762884375.0,-38.29328
5762885312.5,-38.28656
5762886250.0,-38.28747
5762887187.5,-38.30078
5762888125.0,-38.30204
5762889062.5,-38.30582
5762890000.0,-38.29871
5762890937.5,-38.29731
5762891875.0,-38.29972
5762892812.5,-38.31078
5762893750.0,-38.30253
5762894687.5,-38.29115
5762895625.0,-38.2989
5762896562.5,-38.30917
5762897500.0,-38.29964
5762898437.5,-38.30857
5762899375.0,-38.30951
5762900312.5,-38.3106
5762901250.0,-38.30913
5762902187.5,-38.30613
5762903125.0,-38.30825
5762904062.5,-38.31807
5762905000.0,-38.29512
5762905937.5,-38.30639
5762906875.0,-38.30855
5762907812.5,-38.31301
5762908750.0,-38.32715
5762909687.5,-38.32694
5762910625.0,-38.32318
5762911562.5,-38.31804
5762912500.0,-38.30997
5762913437.5,-38.31311
5762914375.0,-38.31371
5762915312.5,-38.31928
5762916250.0,-38.32986
5762917187.5,-38.30473
5762918125.0,-38.32181
5762919062.5,-38.3329
5762920000.0,-38.33539
5762920937.5,-38.31539
5762921875.0,-38.32665
5762922812.5,-38.32732
5762923750.0,-38.33304
5762924687.5,-38.33717
5762925625.0,-38.33661
5762926562.5,-38.3422
5762927500.0,-38.34172
5762928437.5,-38.3391
5762929375.0,-38.34159
5762930312.5,-38.32285
5762931250.0,-38.33089
5762932187.5,-38.33166
5762933125.0,-38.33635
5762934062.5,-38.33334
5762935000.0,-38.33372
5762935937.5,-38.33615
5762936875.0,-38.34499
5762937812.5,-38.33168
5762938750.0,-38.35336
5762939687.5,-38.33395
5762940625.0,-38.35445
5762941562.5,-38.34703
5762942500.0,-38.33488
5762943437.5,-38.35651
5762944375.0,-38.33969
5762945312.5,-38.35942
5762946250.0,-38.33176
5762947187.5,-38.35047
5762948125.0,-38.35
5762949062.5,-38.34506
5762950000.0,-38.35147
5762950937.5,-38.34135
5762951875.0,-38.36338
5762952812.5,-38.36337
5762953750.0,-38.36011
5762954687.5,-38.36074
5762955625.0,-38.35267
5762956562.5,-38.3586
5762957500.0,-38.38548
5762958437.5,-38.36659
5762959375.0,-38.36361
5762960312.5,-38.36542
5762961250.0,-38.3688
5762962187.5,-38.36215
5762963125.0,-38.36813
5762964062.5,-38.36244
5762965000.0,-38.36788
5762965937.5,-38.37233
5762966875.0,-38.37231
5762967812.5,-38.36827
5762968750.0,-38.35674
5762969687.5,-38.36461
5762970625.0,-38.35806
5762971562.5,-38.37019
5762972500.0,-38.37416
5762973437.5,-38.36248
5762974375.0,-38.36347
5762975312.5,-38.37411
5762976250.0,-38.37803
5762977187.5,-38.36939
5762978125.0,-38.37043
5762979062.5,-38.37147
5762980000.0,-38.38006
5762980937.5,-38.37811
5762981875.0,-38.3876
5762982812.5,-38.38952
5762983750.0,-38.38456
5762984687.5,-38.36971
5762985625.0,-38.3801
5762986562.5,-38.38573
5762987500.0,-38.38841
5762988437.5,-38.39614
5762989375.0,-38.3813
5762990312.5,-38.38543
5762991250.0,-38.37509
5762992187.5,-38.37199
5762993125.0,-38.39353
5762994062.5,-38.3843
5762995000.0,-38.4003
5762995937.5,-38.38659
5762996875.0,-38.38865
5762997812.5,-38.39129
5762998750.0,-38.39553
5762999687.5,-38.39144
5763000625.0,-38.40805
5763001562.5,-38.39491
5763002500.0,-38.38993
5763003437.5,-38.38665
5763004375.0,-38.38959
5763005312.5,-38.39895
5763006250.0,-38.39185
5763007187.5,-38.40516
5763008125.0,-38.39579
5763009062.5,-38.39939
5763010000.0,-38.41311
5763010937.5,-38.41102
5763011875.0,-38.41252
5763012812.5,-38.40544
5763013750.0,-38.42387
5763014687.5,-38.39456
5763015625.0,-38.41946
5763016562.5,-38.40546
5763017500.0,-38.41874
5763018437.5,-38.41182
5763019375.0,-38.4035
5763020312.5,-38.41763
5763021250.0,-38.39555
5763022187.5,-38.40462
5763023125.0,-38.41594
5763024062.5,-38.41924
5763025000.0,-38.40832
5763025937.5,-38.40874
5763026875.0,-38.41203
5763027812.5,-38.41405
5763028750.0,-38.39777
5763029687.5,-38.42027
5763030625.0,-38.41212
5763031562.5,-38.41321
5763032500.0,-38.42999
5763033437.5,-38.41702
5763034375.0,-38.41331
5763035312.5,-38.42926
5763036250.0,-38.41826
5763037187.5,-38.4111
5763038125.0,-38.44619
5763039062.5,-38.43092
5763040000.0,-38.41307
5763040937.5,-38.41328
5763041875.0,-38.43589
5763042812.5,-38.43124
5763043750.0,-38.43929
5763044687.5,-38.42233
5763045625.0,-38.43469
5763046562.5,-38.45005
5763047500.0,-38.4346
5763048437.5,-38.43394
5763049375.0,-38.44592
5763050312.5,-38.44045
5763051250.0,-38.44592
5763052187.5,-38.41932
5763053125.0,-38.45969
5763054062.5,-38.44153
5763055000.0,-38.42142
5763055937.5,-38.44617
5763056875.0,-38.45
5763057812.5,-38.44559
5763058750.0,-38.44049
5763059687.5,-38.43252
5763060625.0,-38.44543
5763061562.5,-38.44284
5763062500.0,-38.45009
5763063437.5,-38.44426
5763064375.0,-38.45955
5763065312.5,-38.45526
5763066250.0,-38.44896
5763067187.5,-38.44564
5763068125.0,-38.4427
5763069062.5,-38.44858
5763070000.0,-38.44548
5763070937.5,-38.46118
5763071875.0,-38.44621
5763072812.5,-38.4481
5763073750.0,-38.45361
5763074687.5,-38.45743
5763075625.0,-38.45
5763076562.5,-38.43924
5763077500.0,-38.47365
5763078437.5,-38.46776
5763079375.0,-38.45699
5763080312.5,-38.4533
5763081250.0,-38.46758
5763082187.5,-38.4682
5763083125.0,-38.44168
5763084062.5,-38.46093
5763085000.0,-38.47995
5763085937.5,-38.46917
5763086875.0,-38.4768
5763087812.5,-38.45837
5763088750.0,-38.45911
5763089687.5,-38.46369
5763090625.0,-38.46206
5763091562.5,-38.46671
5763092500.0,-38.47512
5763093437.5,-38.47714
5763094375.0,-38.4882
5763095312.5,-38.47223
5763096250.0,-38.46685
5763097187.5,-38.49213
5763098125.0,-38.473
5763099062.5,-38.47743
5763100000.0,-38.48392
5763100937.5,-38.48298
5763101875.0,-38.49107
5763102812.5,-38.47182
5763103750.0,-38.47588
5763104687.5,-38.48422
5763105625.0,-38.48684
5763106562.5,-38.48446
5763107500.0,-38.48123
5763108437.5,-38.48668
5763109375.0,-38.48814
5763110312.5,-38.50234
5763111250.0,-38.5015
5763112187.5,-38.48929
5763113125.0,-38.48243
5763114062.5,-38.49012
5763115000.0,-38.48817
5763115937.5,-38.49174
5763116875.0,-38.48836
5763117812.5,-38.49682
5763118750.0,-38.49225
5763119687.5,-38.48619
5763120625.0,-38.49453
5763121562.5,-38.48524
5763122500.0,-38.49754
5763123437.5,-38.49094
5763124375.0,-38.49418
5763125312.5,-38.49738
5763126250.0,-38.49776
5763127187.5,-38.50821
5763128125.0,-38.50721
5763129062.5,-38.50862
5763130000.0,-38.51551
5763130937.5,-38.50536
5763131875.0,-38.50147
5763132812.5,-38.51022
5763133750.0,-38.51947
5763134687.5,-38.50911
5763135625.0,-38.53248
5763136562.5,-38.51338
5763137500.0,-38.51473
5763138437.5,-38.5135
5763139375.0,-38.50315
5763140312.5,-38.51265
5763141250.0,-38.52441
5763142187.5,-38.50807
5763143125.0,-38.50137
5763144062.5,-38.53889
5763145000.0,-38.525
5763145937.5,-38.51045
5763146875.0,-38.50739
5763147812.5,-38.52025
5763148750.0,-38.52008
5763149687.5,-38.51833
5763150625.0,-38.5368
5763151562.5,-38.53329
5763152500.0,-38.51905
5763153437.5,-38.52624
5763154375.0,-38.52934
5763155312.5,-38.526
5763156250.0,-38.53286
5763157187.5,-38.50931
5763158125.0,-38.52111
5763159062.5,-38.52239
5763160000.0,-38.54246
5763160937.5,-38.52465
5763161875.0,-38.51912
5763162812.5,-38.5191
5763163750.0,-38.53352
5763164687.5,-38.53943
5763165625.0,-38.53446
5763166562.5,-38.52906
5763167500.0,-38.54837
5763168437.5,-38.54947
5763169375.0,-38.536
5763170312.5,-38.54049
5763171250.0,-38.51595
5763172187.5,-38.54245
5763173125.0,-38.53069
5763174062.5,-38.53968
5763175000.0,-38.54536
5763175937.5,-38.54118
5763176875.0,-38.54185
5763177812.5,-38.54102
5763178750.0,-38.54725
5763179687.5,-38.54569
5763180625.0,-38.53421
5763181562.5,-38.55433
5763182500.0,-38.55896
5763183437.5,-38.55635
5763184375.0,-38.55057
5763185312.5,-38.55431
5763186250.0,-38.55847
5763187187.5,-38.55294
5763188125.0,-38.55563
5763189062.5,-38.56038
5763190000.0,-38.55727
5763190937.5,-38.57297
5763191875.0,-38.56544
5763192812.5,-38.55954
5763193750.0,-38.55641
5763194687.5,-38.55755
5763195625.0,-38.57558
5763196562.5,-38.5648
5763197500.0,-38.57043
5763198437.5,-38.55736
5763199375.0,-38.55402
5763200312.5,-38.56602
5763201250.0,-38.57356
5763202187.5,-38.5569
5763203125.0,-38.56377
5763204062.5,-38.56123
5763205000.0,-38.56098
5763205937.5,-38.5694
5763206875.0,-38.56849
5763207812.5,-38.57542
5763208750.0,-38.54804
5763209687.5,-38.5577
5763210625.0,-38.57489
5763211562.5,-38.55982
5763212500.0,-38.58546
5763213437.5,-38.57892
5763214375.0,-38.57233
5763215312.5,-38.5742
5763216250.0,-38.58215
5763217187.5,-38.58268
5763218125.0,-38.58747
5763219062.5,-38.58141
5763220000.0,-38.58728
5763220937.5,-38.58061
5763221875.0,-38.57155
5763222812.5,-38.58656
5763223750.0,-38.58617
5763224687.5,-38.59147
5763225625.0,-38.58063
5763226562.5,-38.59894
5763227500.0,-38.57602
5763228437.5,-38.59335
5763229375.0,-38.6023
5763230312.5,-38.59629
5763231250.0,-38.57555
5763232187.5,-38.59999
5763233125.0,-38.59089
5763234062.5,-38.5918
5763235000.0,-38.5932
5763235937.5,-38.60006
5763236875.0,-38.59293
5763237812.5,-38.60794
5763238750.0,-38.59591
5763239687.5,-38.60909
5763240625.0,-38.59792
5763241562.5,-38.58998
5763242500.0,-38.592
5763243437.5,-38.62036
5763244375.0,-38.59811
5763245312.5,-38.60366
5763246250.0,-38.58962
5763247187.5,-38.60407
5763248125.0,-38.59855
5763249062.5,-38.60704
5763250000.0,-38.61567
5763250937.5,-38.61293
5763251875.0,-38.59282
5763252812.5,-38.60514
5763253750.0,-38.5956
5763254687.5,-38.61462
5763255625.0,-38.61544
5763256562.5,-38.60092
5763257500.0,-38.60344
5763258437.5,-38.61648
5763259375.0,-38.60759
5763260312.5,-38.63074
5763261250.0,-38.62187
5763262187.5,-38.61977
5763263125.0,-38.61464
5763264062.5,-38.61014
5763265000.0,-38.6267
5763265937.5,-38.61433
5763266875.0,-38.61863
5763267812.5,-38.61945
5763268750.0,-38.62245
5763269687.5,-38.61899
5763270625.0,-38.62118
5763271562.5,-38.62881
5763272500.0,-38.63294
5763273437.5,-38.62726
5763274375.0,-38.62435
5763275312.5,-38.63182
5763276250.0,-38.63173
5763277187.5,-38.63381
5763278125.0,-38.63367
5763279062.5,-38.64026
5763280000.0,-38.64604
5763280937.5,-38.62693
5763281875.0,-38.64776
5763282812.5,-38.63155
5763283750.0,-38.64579
5763284687.5,-38.63144
5763285625.0,-38.62227
5763286562.5,-38.63731
5763287500.0,-38.63053
5763288437.5,-38.62903
5763289375.0,-38.62746
5763290312.5,-38.64566
5763291250.0,-38.64468
5763292187.5,-38.64789
5763293125.0,-38.65045
5763294062.5,-38.65424
5763295000.0,-38.65583
5763295937.5,-38.63647
5763296875.0,-38.63803
5763297812.5,-38.64366
5763298750.0,-38.63161
5763299687.5,-38.64113
5763300625.0,-38.65389
5763301562.5,-38.64532
5763302500.0,-38.65665
5763303437.5,-38.64518
5763304375.0,-38.65207
5763305312.5,-38.65445
5763306250.0,-38.64392
5763307187.5,-38.6591
5763308125.0,-38.66327
5763309062.5,-38.65433
5763310000.0,-38.65676
5763310937.5,-38.65948
5763311875.0,-38.65638
5763312812.5,-38.64831
5763313750.0,-38.66851
5763314687.5,-38.6684
5763315625.0,-38.6663
5763316562.5,-38.65576
5763317500.0,-38.66904
5763318437.5,-38.66253
5763319375.0,-38.66445
5763320312.5,-38.67202
5763321250.0,-38.66112
5763322187.5,-38.66488
5763323125.0,-38.66191
5763324062.5,-38.68245
5763325000.0,-38.66236
5763325937.5,-38.64238
5763326875.0,-38.68037
5763327812.5,-38.65656
5763328750.0,-38.66672
5763329687.5,-38.66893
5763330625.0,-38.66147
5763331562.5,-38.67255
5763332500.0,-38.66186
5763333437.5,-38.68679
5763334375.0,-38.6814
5763335312.5,-38.67482
5763336250.0,-38.66587
5763337187.5,-38.68513
5763338125.0,-38.67533
5763339062.5,-38.68327
5763340000.0,-38.66402
5763340937.5,-38.68411
5763341875.0,-38.69557
5763342812.5,-38.69146
5763343750.0,-38.69616
5763344687.5,-38.68815
5763345625.0,-38.69675
5763346562.5,-38.68518
5763347500.0,-38.68863
5763348437.5,-38.68629
5763349375.0,-38.68496
5763350312.5,-38.68407
5763351250.0,-38.68927
5763352187.5,-38.69415
5763353125.0,-38.67889
5763354062.5,-38.69633
5763355000.0,-38.6996
5763355937.5,-38.68122
5763356875.0,-38.69556
5763357812.5,-38.70173
5763358750.0,-38.67512
5763359687.5,-38.70973
5763360625.0,-38.70815
5763361562.5,-38.68314
5763362500.0,-38.68569
5763363437.5,-38.69717
5763364375.0,-38.7065
5763365312.5,-38.71727
5763366250.0,-38.71003
5763367187.5,-38.7036
5763368125.0,-38.70187
5763369062.5,-38.71304
5763370000.0,-38.69828
5763370937.5,-38.70864
5763371875.0,-38.71619
5763372812.5,-38.69792
5763373750.0,-38.71421
5763374687.5,-38.71377
5763375625.0,-38.70269
5763376562.5,-38.72483
5763377500.0,-38.72706
5763378437.5,-38.70832
5763379375.0,-38.71275
5763380312.5,-38.72656
5763381250.0,-38.70797
5763382187.5,-38.71932
5763383125.0,-38.73183
5763384062.5,-38.7196
5763385000.0,-38.73655
5763385937.5,-38.72923
5763386875.0,-38.72387
5763387812.5,-38.73037
5763388750.0,-38.7128
5763389687.5,-38.72092
5763390625.0,-38.73433
5763391562.5,-38.72355
5763392500.0,-38.72312
5763393437.5,-38.73768
5763394375.0,-38.72868
5763395312.5,-38.73427
5763396250.0,-38.72434
5763397187.5,-38.71811
5763398125.0,-38.73328
5763399062.5,-38.73387
5763400000.0,-38.72023
5763400937.5,-38.7284
5763401875.0,-38.72899
5763402812.5,-38.73431
5763403750.0,-38.74734
5763404687.5,-38.72353
5763405625.0,-38.74274
5763406562.5,-38.75478
5763407500.0,-38.74096
5763408437.5,-38.74571
5763409375.0,-38.75563
5763410312.5,-38.74876
5763411250.0,-38.73111
5763412187.5,-38.73502
5763413125.0,-38.73947
5763414062.5,-38.74321
5763415000.0,-38.73838
5763415937.5,-38.73483
5763416875.0,-38.74736
5763417812.5,-38.73768
5763418750.0,-38.74555
5763419687.5,-38.74643
5763420625.0,-38.74952
5763421562.5,-38.74694
5763422500.0,-38.75952
5763423437.5,-38.74859
5763424375.0,-38.7395
5763425312.5,-38.75221
5763426250.0,-38.74946
5763427187.5,-38.76368
5763428125.0,-38.77442
5763429062.5,-38.75713
5763430000.0,-38.76467
5763430937.5,-38.7725
5763431875.0,-38.75612
5763432812.5,-38.75912
5763433750.0,-38.75337
5763434687.5,-38.77123
5763435625.0,-38.76483
5763436562.5,-38.74978
5763437500.0,-38.76213
5763438437.5,-38.76489
5763439375.0,-38.75869
5763440312.5,-38.76306
5763441250.0,-38.76373
5763442187.5,-38.77453
5763443125.0,-38.76712
5763444062.5,-38.77231
5763445000.0,-38.76466
5763445937.5,-38.76736
5763446875.0,-38.77083
5763447812.5,-38.77095
5763448750.0,-38.76478
5763449687.5,-38.77231
5763450625.0,-38.7681
5763451562.5,-38.78113
5763452500.0,-38.75968
5763453437.5,-38.77595
5763454375.0,-38.77048
5763455312.5,-38.75098
5763456250.0,-38.77534
5763457187.5,-38.78384
5763458125.0,-38.78077
5763459062.5,-38.78308
5763460000.0,-38.77038
5763460937.5,-38.78413
5763461875.0,-38.78936
5763462812.5,-38.78959
5763463750.0,-38.7669
5763464687.5,-38.77392
5763465625.0,-38.78669
5763466562.5,-38.79045
5763467500.0,-38.7979
5763468437.5,-38.79358
5763469375.0,-38.78603
5763470312.5,-38.77943
5763471250.0,-38.78158
5763472187.5,-38.79275
5763473125.0,-38.78436
5763474062.5,-38.79641
5763475000.0,-38.77999
5763475937.5,-38.7935
5763476875.0,-38.791
5763477812.5,-38.79819
5763478750.0,-38.79711
5763479687.5,-38.80445
5763480625.0,-38.80082
5763481562.5,-38.79189
5763482500.0,-38.7975
5763483437.5,-38.79232
5763484375.0,-38.80591
5763485312.5,-38.79877
5763486250.0,-38.79856
5763487187.5,-38.81141
5763488125.0,-38.806
5763489062.5,-38.79888
5763490000.0,-38.80921
5763490937.5,-38.83201
5763491875.0,-38.80912
5763492812.5,-38.81852
5763493750.0,-38.80875
5763494687.5,-38.79842
5763495625.0,-38.81356
5763496562.5,-38.80316
5763497500.0,-38.8036
5763498437.5,-38.8097
5763499375.0,-38.82059
5763500312.5,-38.80888
5763501250.0,-38.82374
5763502187.5,-38.81499
5763503125.0,-38.82958
5763504062.5,-38.7996
5763505000.0,-38.82122
5763505937.5,-38.82071
5763506875.0,-38.81419
5763507812.5,-38.81915
5763508750.0,-38.81889
5763509687.5,-38.82274
5763510625.0,-38.82504
5763511562.5,-38.82275
5763512500.0,-38.8302
5763513437.5,-38.84952
5763514375.0,-38.81553
5763515312.5,-38.82863
5763516250.0,-38.82807
5763517187.5,-38.82467
5763518125.0,-38.83644
5763519062.5,-38.8385
5763520000.0,-38.83421
5763520937.5,-38.8303
5763521875.0,-38.83497
5763522812.5,-38.83169
5763523750.0,-38.82027
5763524687.5,-38.83213
5763525625.0,-38.84198
5763526562.5,-38.8305
5763527500.0,-38.84674
5763528437.5,-38.8355
5763529375.0,-38.8379
5763530312.5,-38.83458
5763531250.0,-38.8462
5763532187.5,-38.84259
5763533125.0,-38.84851
5763534062.5,-38.833
5763535000.0,-38.82143
5763535937.5,-38.83759
5763536875.0,-38.85074
5763537812.5,-38.83368
5763538750.0,-38.84055
5763539687.5,-38.84556
5763540625.0,-38.84652
5763541562.5,-38.85403
5763542500.0,-38.8605
5763543437.5,-38.86087
5763544375.0,-38.83654
5763545312.5,-38.85456
5763546250.0,-38.83167
5763547187.5,-38.85495
5763548125.0,-38.85386
5763549062.5,-38.87087
5763550000.0,-38.86364
5763550937.5,-38.85137
5763551875.0,-38.85153
5763552812.5,-38.86677
5763553750.0,-38.84623
5763554687.5,-38.86185
5763555625.0,-38.87675
5763556562.5,-38.85687
5763557500.0,-38.86817
5763558437.5,-38.85504
5763559375.0,-38.85415
5763560312.5,-38.84455
5763561250.0,-38.86523
5763562187.5,-38.88307
5763563125.0,-38.86151
5763564062.5,-38.86244
5763565000.0,-38.87548
5763565937.5,-38.87388
5763566875.0,-38.85316
5763567812.5,-38.85685
5763568750.0,-38.86103
5763569687.5,-38.88037
5763570625.0,-38.86555
5763571562.5,-38.8919
5763572500.0,-38.86172
5763573437.5,-38.88543
5763574375.0,-38.87007
5763575312.5,-38.88477
5763576250.0,-38.88092
5763577187.5,-38.87263
5763578125.0,-38.87244
5763579062.5,-38.87952
5763580000.0,-38.87769
5763580937.5,-38.87963
5763581875.0,-38.88768
5763582812.5,-38.87593
5763583750.0,-38.8886
5763584687.5,-38.88357
5763585625.0,-38.88602
5763586562.5,-38.87863
5763587500.0,-38.8936
5763588437.5,-38.88088
5763589375.0,-38.88285
5763590312.5,-38.88756
5763591250.0,-38.88159
5763592187.5,-38.89465
5763593125.0,-38.88797
5763594062.5,-38.88978
5763595000.0,-38.90078
5763595937.5,-38.8921
5763596875.0,-38.87729
5763597812.5,-38.88892
5763598750.0,-38.89428
5763599687.5,-38.8871
5763600625.0,-38.90301
5763601562.5,-38.87824
5763602500.0,-38.89417
5763603437.5,-38.89661
5763604375.0,-38.90868
5763605312.5,-38.89581
5763606250.0,-38.89267
5763607187.5,-38.891
5763608125.0,-38.89786
5763609062.5,-38.90092
5763610000.0,-38.90998
5763610937.5,-38.90466
5763611875.0,-38.90484
5763612812.5,-38.8913
5763613750.0,-38.90266
5763614687.5,-38.91612
5763615625.0,-38.91305
5763616562.5,-38.90691
5763617500.0,-38.91216
5763618437.5,-38.91838
5763619375.0,-38.90772
5763620312.5,-38.90482
5763621250.0,-38.91291
5763622187.5,-38.90895
5763623125.0,-38.92271
5763624062.5,-38.9164
5763625000.0,-38.92136
5763625937.5,-38.92219
5763626875.0,-38.93177
5763627812.5,-38.90465
5763628750.0,-38.92303
5763629687.5,-38.92601
5763630625.0,-38.91811
5763631562.5,-38.91028
5763632500.0,-38.91793
5763633437.5,-38.92243
5763634375.0,-38.93161
5763635312.5,-38.92285
5763636250.0,-38.91745
5763637187.5,-38.93783
5763638125.0,-38.94086
5763639062.5,-38.94142
5763640000.0,-38.93628
5763640937.5,-38.92241
5763641875.0,-38.92665
5763642812.5,-38.94007
5763643750.0,-38.91829
5763644687.5,-38.93444
5763645625.0,-38.93037
5763646562.5,-38.93538
5763647500.0,-38.95329
5763648437.5,-38.94973
5763649375.0,-38.93888
5763650312.5,-38.95765
5763651250.0,-38.93647
5763652187.5,-38.95055
5763653125.0,-38.93948
5763654062.5,-38.93181
5763655000.0,-38.93753
5763655937.5,-38.94052
5763656875.0,-38.9406
5763657812.5,-38.94243
5763658750.0,-38.94532
5763659687.5,-38.93803
5763660625.0,-38.95724
5763661562.5,-38.93539
5763662500.0,-38.94886
5763663437.5,-38.94885
5763664375.0,-38.94593
5763665312.5,-38.95476
5763666250.0,-38.95557
5763667187.5,-38.94586
5763668125.0,-38.95254
5763669062.5,-38.94336
5763670000.0,-38.94329
5763670937.5,-38.94637
5763671875.0,-38.94941
5763672812.5,-38.96425
5763673750.0,-38.95589
5763674687.5,-38.96385
5763675625.0,-38.951
5763676562.5,-38.96165
5763677500.0,-38.95846
5763678437.5,-38.9496
5763679375.0,-38.95851
5763680312.5,-38.96549
5763681250.0,-38.9667
5763682187.5,-38.96208
5763683125.0,-38.95487
5763684062.5,-38.95926
5763685000.0,-38.95467
5763685937.5,-38.94661
5763686875.0,-38.9722
5763687812.5,-38.95741
5763688750.0,-38.977
5763689687.5,-38.95913
5763690625.0,-38.96465
5763691562.5,-38.96476
5763692500.0,-38.96202
5763693437.5,-38.96016
5763694375.0,-38.97522
5763695312.5,-38.98016
5763696250.0,-38.9836
5763697187.5,-38.97133
5763698125.0,-38.96706
5763699062.5,-38.96863
5763700000.0,-38.9955
5763700937.5,-38.97895
5763701875.0,-38.97055
5763702812.5,-38.97145
5763703750.0,-38.98845
5763704687.5,-38.97988
5763705625.0,-38.96981
5763706562.5,-38.9852
5763707500.0,-38.99213
5763708437.5,-38.98608
5763709375.0,-38.97734
5763710312.5,-38.96811
5763711250.0,-39.00152
5763712187.5,-38.98003
5763713125.0,-39.00238
5763714062.5,-38.97484
5763715000.0,-38.96817
5763715937.5,-38.9967
5763716875.0,-38.99035
5763717812.5,-38.99793
5763718750.0,-38.99168
5763719687.5,-38.99362
5763720625.0,-38.99913
5763721562.5,-39.00224
5763722500.0,-38.98838
5763723437.5,-38.99843
5763724375.0,-39.00281
5763725312.5,-38.99765
5763726250.0,-39.00285
5763727187.5,-38.98919
5763728125.0,-39.01672
5763729062.5,-39.00484
5763730000.0,-38.9953
5763730937.5,-39.01609
5763731875.0,-38.98748
5763732812.5,-39.00336
5763733750.0,-39.01036
5763734687.5,-39.00419
5763735625.0,-39.00407
5763736562.5,-39.01457
5763737500.0,-39.00068
5763738437.5,-39.02713
5763739375.0,-38.99956
5763740312.5,-38.99687
5763741250.0,-39.0091
5763742187.5,-39.01628
5763743125.0,-39.018
5763744062.5,-39.01762
5763745000.0,-39.02621
5763745937.5,-39.02408
5763746875.0,-39.00278
5763747812.5,-39.01907
5763748750.0,-39.01027
5763749687.5,-39.03072
5763750625.0,-39.01608
5763751562.5,-39.03138
5763752500.0,-39.00542
5763753437.5,-39.01409
5763754375.0,-39.02594
5763755312.5,-39.02199
5763756250.0,-39.04205
5763757187.5,-39.04335
5763758125.0,-39.02856
5763759062.5,-39.0284
5763760000.0,-39.02728
5763760937.5,-39.03409
5763761875.0,-39.0366
5763762812.5,-39.02855
5763763750.0,-39.01845
5763764687.5,-39.02964
5763765625.0,-39.04322
5763766562.5,-39.03721
5763767500.0,-39.03013
5763768437.5,-39.04133
5763769375.0,-39.03056
5763770312.5,-39.0385
5763771250.0,-39.03376
5763772187.5,-39.037
5763773125.0,-39.04233
5763774062.5,-39.03074
5763775000.0,-39.0285
5763775937.5,-39.03179
5763776875.0,-39.0348
5763777812.5,-39.04686
5763778750.0,-39.02124
5763779687.5,-39.03957
5763780625.0,-39.04567
5763781562.5,-39.04985
5763782500.0,-39.03493
5763783437.5,-39.04588
5763784375.0,-39.04676
5763785312.5,-39.05598
5763786250.0,-39.05691
5763787187.5,-39.0395
5763788125.0,-39.04285
5763789062.5,-39.05389
5763790000.0,-39.0368
5763790937.5,-39.05912
5763791875.0,-39.05069
5763792812.5,-39.05564
5763793750.0,-39.04775
5763794687.5,-39.04625
5763795625.0,-39.05463
5763796562.5,-39.05011
5763797500.0,-39.05537
5763798437.5,-39.04704
5763799375.0,-39.06606
5763800312.5,-39.07074
5763801250.0,-39.04288
5763802187.5,-39.05708
5763803125.0,-39.05194
5763804062.5,-39.05859
5763805000.0,-39.05568
5763805937.5,-39.0559
5763806875.0,-39.06886
5763807812.5,-39.06606
5763808750.0,-39.06261
5763809687.5,-39.07428
5763810625.0,-39.06729
5763811562.5,-39.05091
5763812500.0,-39.05863
5763813437.5,-39.07231
5763814375.0,-39.07273
5763815312.5,-39.07357
5763816250.0,-39.06595
5763817187.5,-39.06709
5763818125.0,-39.07057
5763819062.5,-39.06052
5763820000.0,-39.07341
5763820937.5,-39.07768
5763821875.0,-39.07686
5763822812.5,-39.07038
5763823750.0,-39.09399
5763824687.5,-39.08785
5763825625.0,-39.0737
5763826562.5,-39.06921
5763827500.0,-39.08838
5763828437.5,-39.09256
5763829375.0,-39.08037
5763830312.5,-39.08404
5763831250.0,-39.08735
5763832187.5,-39.08312
5763833125.0,-39.08113
5763834062.5,-39.07828
5763835000.0,-39.09511
5763835937.5,-39.10084
5763836875.0,-39.08619
5763837812.5,-39.08864
5763838750.0,-39.07841
5763839687.5,-39.09328
5763840625.0,-39.08611
5763841562.5,-39.09834
5763842500.0,-39.09063
5763843437.5,-39.09359
5763844375.0,-39.09053
5763845312.5,-39.10522
5763846250.0,-39.09728
5763847187.5,-39.09879
5763848125.0,-39.10838
5763849062.5,-39.09696
5763850000.0,-39.08466
5763850937.5,-39.08352
5763851875.0,-39.08193
5763852812.5,-39.10802
5763853750.0,-39.09548
5763854687.5,-39.08495
5763855625.0,-39.09879
5763856562.5,-39.10392
5763857500.0,-39.09837
5763858437.5,-39.09211
5763859375.0,-39.10366
5763860312.5,-39.11277
5763861250.0,-39.10056
5763862187.5,-39.1074
5763863125.0,-39.10252
5763864062.5,-39.11511
5763865000.0,-39.11158
5763865937.5,-39.09624
5763866875.0,-39.10725
5763867812.5,-39.11821
5763868750.0,-39.10291
5763869687.5,-39.10898
5763870625.0,-39.10695
5763871562.5,-39.11294
5763872500.0,-39.11181
5763873437.5,-39.10781
5763874375.0,-39.11678
5763875312.5,-39.12377
5763876250.0,-39.11736
5763877187.5,-39.09673
5763878125.0,-39.11655
5763879062.5,-39.12868
5763880000.0,-39.11768
5763880937.5,-39.11985
5763881875.0,-39.1185
5763882812.5,-39.11889
5763883750.0,-39.12127
5763884687.5,-39.13174
5763885625.0,-39.11358
5763886562.5,-39.12605
5763887500.0,-39.12951
5763888437.5,-39.13642
5763889375.0,-39.13252
5763890312.5,-39.12467
5763891250.0,-39.13388
5763892187.5,-39.13067
5763893125.0,-39.1331
5763894062.5,-39.14495
5763895000.0,-39.14231
5763895937.5,-39.13426
5763896875.0,-39.13765
5763897812.5,-39.12706
5763898750.0,-39.14645
5763899687.5,-39.13954
5763900625.0,-39.15311
5763901562.5,-39.11869
5763902500.0,-39.14957
5763903437.5,-39.13205
5763904375.0,-39.13894
5763905312.5,-39.15525
5763906250.0,-39.15226
5763907187.5,-39.13132
5763908125.0,-39.15089
5763909062.5,-39.13142
5763910000.0,-39.13572
5763910937.5,-39.14432
5763911875.0,-39.13853
5763912812.5,-39.13102
5763913750.0,-39.14486
5763914687.5,-39.16272
5763915625.0,-39.14893
5763916562.5,-39.15712
5763917500.0,-39.15051
5763918437.5,-39.13467
5763919375.0,-39.14189
5763920312.5,-39.13731
5763921250.0,-39.17432
5763922187.5,-39.16149
5763923125.0,-39.17006
5763924062.5,-39.16088
5763925000.0,-39.14459
5763925937.5,-39.15215
5763926875.0,-39.16431
5763927812.5,-39.14703
5763928750.0,-39.16787
5763929687.5,-39.16836
5763930625.0,-39.1544
5763931562.5,-39.1515
5763932500.0,-39.16779
5763933437.5,-39.16948
5763934375.0,-39.18075
5763935312.5,-39.17236
5763936250.0,-39.16563
5763937187.5,-39.15092
5763938125.0,-39.14539
5763939062.5,-39.18774
5763940000.0,-39.16848
5763940937.5,-39.18478
5763941875.0,-39.17374
5763942812.5,-39.15933
5763943750.0,-39.18225
5763944687.5,-39.17845
5763945625.0,-39.16342
5763946562.5,-39.16856
5763947500.0,-39.16995
5763948437.5,-39.1722
5763949375.0,-39.17663
5763950312.5,-39.18359
5763951250.0,-39.17247
5763952187.5,-39.17266
5763953125.0,-39.18702
5763954062.5,-39.18396
5763955000.0,-39.18807
5763955937.5,-39.18776
5763956875.0,-39.17843
5763957812.5,-39.19636
5763958750.0,-39.17365
5763959687.5,-39.18256
5763960625.0,-39.18704
5763961562.5,-39.19697
5763962500.0,-39.17429
5763963437.5,-39.17094
5763964375.0,-39.18833
5763965312.5,-39.19011
5763966250.0,-39.19243
5763967187.5,-39.18193
5763968125.0,-39.17786
5763969062.5,-39.19401
5763970000.0,-39.18366
5763970937.5,-39.20195
5763971875.0,-39.17824
5763972812.5,-39.18042
5763973750.0,-39.19512
5763974687.5,-39.18644
5763975625.0,-39.1967
5763976562.5,-39.20187
5763977500.0,-39.19968
5763978437.5,-39.21485
5763979375.0,-39.19358
5763980312.5,-39.20818
5763981250.0,-39.20839
5763982187.5,-39.20633
5763983125.0,-39.22203
5763984062.5,-39.20437
5763985000.0,-39.2104
5763985937.5,-39.20438
5763986875.0,-39.20828
5763987812.5,-39.20848
5763988750.0,-39.19319
5763989687.5,-39.2115
5763990625.0,-39.20932
5763991562.5,-39.20963
5763992500.0,-39.20978
5763993437.5,-39.21365
5763994375.0,-39.22397
5763995312.5,-39.22002
5763996250.0,-39.22823
5763997187.5,-39.21559
5763998125.0,-39.22496
5763999062.5,-39.20537
5764000000.0,-39.22773
5764000937.5,-39.21546
5764001875.0,-39.20254
5764002812.5,-39.20084
5764003750.0,-39.2306
5764004687.5,-39.20537
5764005625.0,-39.221
5764006562.5,-39.23983
5764007500.0,-39.23116
5764008437.5,-39.22665
5764009375.0,-39.23125
5764010312.5,-39.22242
5764011250.0,-39.22958
5764012187.5,-39.22093
5764013125.0,-39.21994
5764014062.5,-39.23379
5764015000.0,-39.23702
5764015937.5,-39.24263
5764016875.0,-39.23095
5764017812.5,-39.22569
5764018750.0,-39.23811
5764019687.5,-39.23524
5764020625.0,-39.23571
5764021562.5,-39.24132
5764022500.0,-39.23795
5764023437.5,-39.22782
5764024375.0,-39.23801
5764025312.5,-39.23462
5764026250.0,-39.22414
5764027187.5,-39.24806
5764028125.0,-39.226
5764029062.5,-39.2405
5764030000.0,-39.23705
5764030937.5,-39.24178
5764031875.0,-39.24673
5764032812.5,-39.2487
5764033750.0,-39.24968
5764034687.5,-39.24973
5764035625.0,-39.23893
5764036562.5,-39.25646
5764037500.0,-39.25442
5764038437.5,-39.24133
5764039375.0,-39.24608
5764040312.5,-39.23631
5764041250.0,-39.2469
5764042187.5,-39.23387
5764043125.0,-39.25873
5764044062.5,-39.26366
5764045000.0,-39.25993
5764045937.5,-39.24732
5764046875.0,-39.25259
5764047812.5,-39.26168
5764048750.0,-39.25101
5764049687.5,-39.24737
5764050625.0,-39.25768
5764051562.5,-39.25176
5764052500.0,-39.2648
5764053437.5,-39.26488
5764054375.0,-39.26752
5764055312.5,-39.26088
5764056250.0,-39.26359
5764057187.5,-39.25544
5764058125.0,-39.25422
5764059062.5,-39.26858
5764060000.0,-39.2589
5764060937.5,-39.26502
5764061875.0,-39.26831
5764062812.5,-39.26457
5764063750.0,-39.27194
5764064687.5,-39.27571
5764065625.0,-39.27618
5764066562.5,-39.27184
5764067500.0,-39.28041
5764068437.5,-39.27458
5764069375.0,-39.27236
5764070312.5,-39.27997
5764071250.0,-39.28351
5764072187.5,-39.25887
5764073125.0,-39.26528
5764074062.5,-39.2751
5764075000.0,-39.27204
5764075937.5,-39.29542
5764076875.0,-39.29325
5764077812.5,-39.28798
5764078750.0,-39.27363
5764079687.5,-39.28032
5764080625.0,-39.26478
5764081562.5,-39.27857
5764082500.0,-39.27971
5764083437.5,-39.27962
5764084375.0,-39.28093
5764085312.5,-39.28518
5764086250.0,-39.29025
5764087187.5,-39.28747
5764088125.0,-39.28624
5764089062.5,-39.29467
5764090000.0,-39.29963
5764090937.5,-39.28761
5764091875.0,-39.28699
5764092812.5,-39.29455
5764093750.0,-39.30021
5764094687.5,-39.30237
5764095625.0,-39.30623
5764096562.5,-39.30025
5764097500.0,-39.29015
5764098437.5,-39.30544
5764099375.0,-39.29646
5764100312.5,-39.29554
5764101250.0,-39.29296
5764102187.5,-39.30561
5764103125.0,-39.29462
5764104062.5,-39.28212
5764105000.0,-39.29931
5764105937.5,-39.30647
5764106875.0,-39.29688
5764107812.5,-39.31001
5764108750.0,-39.30052
5764109687.5,-39.30305
5764110625.0,-39.32069
5764111562.5,-39.27295
5764112500.0,-39.305
5764113437.5,-39.30585
5764114375.0,-39.31281
5764115312.5,-39.29518
5764116250.0,-39.29959
5764117187.5,-39.30457
5764118125.0,-39.30672
5764119062.5,-39.31582
5764120000.0,-39.30083
5764120937.5,-39.29914
5764121875.0,-39.31399
5764122812.5,-39.33122
5764123750.0,-39.32298
5764124687.5,-39.33371
5764125625.0,-39.33839
5764126562.5,-39.33474
5764127500.0,-39.30736
5764128437.5,-39.30411
5764129375.0,-39.32199
5764130312.5,-39.30926
5764131250.0,-39.3198
5764132187.5,-39.31575
5764133125.0,-39.32189
5764134062.5,-39.33346
5764135000.0,-39.33069
5764135937.5,-39.33828
5764136875.0,-39.31288
5764137812.5,-39.32493
5764138750.0,-39.32637
5764139687.5,-39.31568
5764140625.0,-39.33694
5764141562.5,-39.33313
5764142500.0,-39.32905
5764143437.5,-39.31908
5764144375.0,-39.31361
5764145312.5,-39.33181
5764146250.0,-39.31824
5764147187.5,-39.34419
5764148125.0,-39.33151
5764149062.5,-39.34155
5764150000.0,-39.32976
5764150937.5,-39.35323
5764151875.0,-39.32832
5764152812.5,-39.34614
5764153750.0,-39.33233
5764154687.5,-39.32938
5764155625.0,-39.34589
5764156562.5,-39.34369
5764157500.0,-39.35244
5764158437.5,-39.36649
5764159375.0,-39.33949
5764160312.5,-39.34203
5764161250.0,-39.35461
5764162187.5,-39.34781
5764163125.0,-39.34465
5764164062.5,-39.34671
5764165000.0,-39.33248
5764165937.5,-39.35442
5764166875.0,-39.33564
5764167812.5,-39.33287
5764168750.0,-39.35332
5764169687.5,-39.34974
5764170625.0,-39.357
5764171562.5,-39.35105
5764172500.0,-39.36275
5764173437.5,-39.36568
5764174375.0,-39.35055
5764175312.5,-39.35201
5764176250.0,-39.34927
5764177187.5,-39.35619
5764178125.0,-39.34837
5764179062.5,-39.37037
5764180000.0,-39.37143
5764180937.5,-39.35495
5764181875.0,-39.36171
5764182812.5,-39.35598
5764183750.0,-39.3579
5764184687.5,-39.36551
5764185625.0,-39.36406
5764186562.5,-39.35219
5764187500.0,-39.36196
5764188437.5,-39.37397
5764189375.0,-39.36929
5764190312.5,-39.368
5764191250.0,-39.36188
5764192187.5,-39.35809
5764193125.0,-39.38083
5764194062.5,-39.35849
5764195000.0,-39.37508
5764195937.5,-39.38299
5764196875.0,-39.37886
5764197812.5,-39.36726
5764198750.0,-39.36469
5764199687.5,-39.36097
5764200625.0,-39.3718
5764201562.5,-39.37402
5764202500.0,-39.36207
5764203437.5,-39.38373
5764204375.0,-39.36882
5764205312.5,-39.38407
5764206250.0,-39.38312
5764207187.5,-39.38342
5764208125.0,-39.38406
5764209062.5,-39.37627
5764210000.0,-39.40168
5764210937.5,-39.38697
5764211875.0,-39.37557
5764212812.5,-39.38851
5764213750.0,-39.37883
5764214687.5,-39.38599
5764215625.0,-39.38527
5764216562.5,-39.37938
5764217500.0,-39.38617
5764218437.5,-39.38588
5764219375.0,-39.37235
5764220312.5,-39.38549
5764221250.0,-39.38349
5764222187.5,-39.38791
5764223125.0,-39.38934
5764224062.5,-39.38563
5764225000.0,-39.39456
5764225937.5,-39.38567
5764226875.0,-39.40284
5764227812.5,-39.38831
5764228750.0,-39.40345
5764229687.5,-39.38202
5764230625.0,-39.39911
5764231562.5,-39.39989
5764232500.0,-39.39551
5764233437.5,-39.40809
5764234375.0,-39.40689
5764235312.5,-39.3965
5764236250.0,-39.40448
5764237187.5,-39.40362
5764238125.0,-39.39838
5764239062.5,-39.40745
5764240000.0,-39.39399
5764240937.5,-39.39913
5764241875.0,-39.40131
5764242812.5,-39.40611
5764243750.0,-39.39391
5764244687.5,-39.41116
5764245625.0,-39.40342
5764246562.5,-39.40233
5764247500.0,-39.40411
5764248437.5,-39.39482
5764249375.0,-39.40598
5764250312.5,-39.40787
5764251250.0,-39.43611
5764252187.5,-39.41996
5764253125.0,-39.41908
5764254062.5,-39.42912
5764255000.0,-39.43099
5764255937.5,-39.41604
5764256875.0,-39.41915
5764257812.5,-39.41428
5764258750.0,-39.43657
5764259687.5,-39.41286
5764260625.0,-39.42149
5764261562.5,-39.42096
5764262500.0,-39.42655
5764263437.5,-39.41126
5764264375.0,-39.40662
5764265312.5,-39.42199
5764266250.0,-39.4195
5764267187.5,-39.40564
5764268125.0,-39.42018
5764269062.5,-39.43322
5764270000.0,-39.44984
5764270937.5,-39.43662
5764271875.0,-39.43544
5764272812.5,-39.42065
5764273750.0,-39.43417
5764274687.5,-39.44062
5764275625.0,-39.43257
5764276562.5,-39.42043
5764277500.0,-39.43838
5764278437.5,-39.43265
5764279375.0,-39.4375
5764280312.5,-39.4416
5764281250.0,-39.43622
5764282187.5,-39.42419
5764283125.0,-39.43588
5764284062.5,-39.43589
5764285000.0,-39.4473
5764285937.5,-39.45534
5764286875.0,-39.43495
5764287812.5,-39.44004
5764288750.0,-39.44512
5764289687.5,-39.45159
5764290625.0,-39.44499
5764291562.5,-39.44701
5764292500.0,-39.45913
5764293437.5,-39.44718
5764294375.0,-39.45121
5764295312.5,-39.44964
5764296250.0,-39.44158
5764297187.5,-39.44512
5764298125.0,-39.45904
5764299062.5,-39.44487
5764300000.0,-39.44617
5764300937.5,-39.45888
5764301875.0,-39.45041
5764302812.5,-39.44615
5764303750.0,-39.45263
5764304687.5,-39.46171
5764305625.0,-39.46064
5764306562.5,-39.47467
5764307500.0,-39.44346
5764308437.5,-39.45877
5764309375.0,-39.45313
5764310312.5,-39.45654
5764311250.0,-39.45897
5764312187.5,-39.47229
5764313125.0,-39.45731
5764314062.5,-39.46488
5764315000.0,-39.45643
5764315937.5,-39.47037
5764316875.0,-39.47519
5764317812.5,-39.47298
5764318750.0,-39.47407
5764319687.5,-39.47504
5764320625.0,-39.47874
5764321562.5,-39.48575
5764322500.0,-39.46936
5764323437.5,-39.4613
5764324375.0,-39.45369
5764325312.5,-39.47756
5764326250.0,-39.47626
5764327187.5,-39.48461
5764328125.0,-39.47642
