2797040000.0,-28.322694965539903
2797043125.0,-28.30929860963866
2797046250.0,-28.29819814812435
2797049375.0,-28.28693905489225
2797052500.0,-28.27723493652903
2797055625.0,-28.265875354465763
2797058750.0,-28.255748158544712
2797061875.0,-28.245472386358763
2797065000.0,-28.233374979291952
2797068125.0,-28.222212556195384
2797071250.0,-28.211608566022118
2797074375.0,-28.20083228300473
2797077500.0,-28.19076749868581
2797080625.0,-28.17940320613174
2797083750.0,-28.16845445118018
2797086875.0,-28.15837381539143
2797090000.0,-28.146294932395712
2797093125.0,-28.135404421500507
2797096250.0,-28.125153651307844
2797099375.0,-28.114260020756284
2797102500.0,-28.10297308290609
2797105625.0,-28.09185156661426
2797108750.0,-28.082142926815223
2797111875.0,-28.070662769507194
2797115000.0,-28.06001470852452
2797118125.0,-28.047561212239476
2797121250.0,-28.036269669129446
2797124375.0,-28.025209599714188
2797127500.0,-28.014793514781505
2797130625.0,-28.00279662327566
2797133750.0,-27.992235990440474
2797136875.0,-27.980122548211153
2797140000.0,-27.970736151055153
2797143125.0,-27.959913482858802
2797146250.0,-27.946499375528916
2797149375.0,-27.936217045895347
2797152500.0,-27.926416656622912
2797155625.0,-27.913866222643172
2797158750.0,-27.903802578571966
2797161875.0,-27.890920039454176
2797165000.0,-27.878916069138928
2797168125.0,-27.86910727539886
2797171250.0,-27.858311394687675
2797174375.0,-27.84733344209389
2797177500.0,-27.83600192091313
2797180625.0,-27.824081253246522
2797183750.0,-27.812759547360535
2797186875.0,-27.801059892583346
2797190000.0,-27.78903293250573
2797193125.0,-27.7777109494729
2797196250.0,-27.76796939939375
2797199375.0,-27.754102073847136
2797202500.0,-27.743528857427968
2797205625.0,-27.731872689194844
2797208750.0,-27.721169791423975
2797211875.0,-27.709292204881546
2797215000.0,-27.697241864798205
2797218125.0,-27.686883153560927
2797221250.0,-27.673946153895912
2797224375.0,-27.66396013263789
2797227500.0,-27.651857780792188
2797230625.0,-27.639794993282894
2797233750.0,-27.628752348435935
2797236875.0,-27.616851037326015
2797240000.0,-27.60471306106999
2797243125.0,-27.5925882702675
2797246250.0,-27.581851314907723
2797249375.0,-27.570601479764406
2797252500.0,-27.55864364315433
2797255625.0,-27.54617486767253
2797258750.0,-27.535479304118958
2797261875.0,-27.523504474906137
2797265000.0,-27.511169861724916
2797268125.0,-27.500725931046492
2797271250.0,-27.488793077279933
2797274375.0,-27.476198331388165
2797277500.0,-27.463938478901586
2797280625.0,-27.452897890738342
2797283750.0,-27.441019754131208
2797286875.0,-27.429199157187803
2797290000.0,-27.41717180699024
2797293125.0,-27.406065621553473
2797296250.0,-27.39365070222065
2797299375.0,-27.382710314859295
2797302500.0,-27.368383471130763
2797305625.0,-27.35736044513885
2797308750.0,-27.345851307235584
2797311875.0,-27.333467179581362
2797315000.0,-27.32088543421939
2797318125.0,-27.309580300474988
2797321250.0,-27.297505695734532
2797324375.0,-27.28583120538933
2797327500.0,-27.272987636169002
2797330625.0,-27.261509559943104
2797333750.0,-27.249375469628788
2797336875.0,-27.238231211249943
2797340000.0,-27.224892152368437
2797343125.0,-27.21318110436393
2797346250.0,-27.200411638276478
2797349375.0,-27.188634213317286
2797352500.0,-27.177014675787973
2797355625.0,-27.16460462482079
2797358750.0,-27.151619990178062
2797361875.0,-27.1397906052791
2797365000.0,-27.127406098776532
2797368125.0,-27.115205301330786
2797371250.0,-27.103375240572444
2797374375.0,-27.090283274400303
2797377500.0,-27.07837531925073
2797380625.0,-27.06617187147919
2797383750.0,-27.054019084680267
2797386875.0,-27.041113438420712
2797390000.0,-27.027453638021733
2797393125.0,-27.016194249862124
2797396250.0,-27.003465012726565
2797399375.0,-26.99116711649282
2797402500.0,-26.97927642133154
2797405625.0,-26.964986515321097
2797408750.0,-26.953702842306456
2797411875.0,-26.941670977852084
2797415000.0,-26.9288500308629
2797418125.0,-26.915454670885232
2797421250.0,-26.902133439928996
2797424375.0,-26.890910699534032
2797427500.0,-26.878242359465585
2797430625.0,-26.865905024754554
2797433750.0,-26.852844401075625
2797436875.0,-26.84025200970203
2797440000.0,-26.82769539273439
2797443125.0,-26.814831672764637
2797446250.0,-26.802458108031626
2797449375.0,-26.789717675850046
2797452500.0,-26.77650634995103
2797455625.0,-26.763835537965537
2797458750.0,-26.751036368777058
2797461875.0,-26.738692770072554
2797465000.0,-26.724938628916142
2797468125.0,-26.711276365705746
2797471250.0,-26.70022066949686
2797474375.0,-26.68771368812564
2797477500.0,-26.674029767141985
2797480625.0,-26.661435019182164
2797483750.0,-26.647584543925454
2797486875.0,-26.634643217486314
2797490000.0,-26.622169354600484
2797493125.0,-26.609659848078348
2797496250.0,-26.595866502406686
2797499375.0,-26.582068658119596
2797502500.0,-26.569273180529144
2797505625.0,-26.555228602924156
2797508750.0,-26.54259696522107
2797511875.0,-26.52948486883113
2797515000.0,-26.516756443671234
2797518125.0,-26.503426416508628
2797521250.0,-26.49051317575532
2797524375.0,-26.478436518054902
2797527500.0,-26.46438183295849
2797530625.0,-26.45059286772361
2797533750.0,-26.437023651939445
2797536875.0,-26.42411967043761
2797540000.0,-26.412226790591706
2797543125.0,-26.39777376662605
2797546250.0,-26.384748062150695
2797549375.0,-26.371730732699202
2797552500.0,-26.35785946112434
2797555625.0,-26.34508152040477
2797558750.0,-26.33178401125209
2797561875.0,-26.318125759037468
2797565000.0,-26.304114010016846
2797568125.0,-26.290492632881307
2797571250.0,-26.276267865153805
2797574375.0,-26.264204787223548
2797577500.0,-26.250181882374978
2797580625.0,-26.236224556319943
2797583750.0,-26.222933940536265
2797586875.0,-26.20884810295237
2797590000.0,-26.195590703928897
2797593125.0,-26.182356889428878
2797596250.0,-26.167699441427203
2797599375.0,-26.154631513533598
2797602500.0,-26.14094904429319
2797605625.0,-26.126976638373026
2797608750.0,-26.11345740821288
2797611875.0,-26.099518606678107
2797615000.0,-26.08587880929921
2797618125.0,-26.072081476490816
2797621250.0,-26.057899674289803
2797624375.0,-26.043515520531493
2797627500.0,-26.03084688142026
2797630625.0,-26.01645321304481
2797633750.0,-26.001674734778547
2797636875.0,-25.989491169004012
2797640000.0,-25.975854799781942
2797643125.0,-25.960521413688515
2797646250.0,-25.945473343356127
2797649375.0,-25.931923065663156
2797652500.0,-25.918210718466646
2797655625.0,-25.90413713303595
2797658750.0,-25.88971819032184
2797661875.0,-25.87539434657069
2797665000.0,-25.861959733437136
2797668125.0,-25.84860387655804
2797671250.0,-25.833040570637554
2797674375.0,-25.819774219317704
2797677500.0,-25.805752053002816
2797680625.0,-25.791249831767175
2797683750.0,-25.774530322582642
2797686875.0,-25.762397528584987
2797690000.0,-25.747576445324853
2797693125.0,-25.732669760798768
2797696250.0,-25.718592186793916
2797699375.0,-25.704013532797592
2797702500.0,-25.69139780573084
2797705625.0,-25.676160391415664
2797708750.0,-25.66124400086452
2797711875.0,-25.646651744640796
2797715000.0,-25.632731658017747
2797718125.0,-25.617707790333156
2797721250.0,-25.60315270451026
2797724375.0,-25.5879827971419
2797727500.0,-25.572994319951235
2797730625.0,-25.55797718782627
2797733750.0,-25.544807847814933
2797736875.0,-25.529867186400747
2797740000.0,-25.51567839231834
2797743125.0,-25.49918245955939
2797746250.0,-25.48565244305402
2797749375.0,-25.47053266864311
2797752500.0,-25.455973903924477
2797755625.0,-25.44231534703976
2797758750.0,-25.426971723105297
2797761875.0,-25.411198665027676
2797765000.0,-25.396689501338795
2797768125.0,-25.380266406172932
2797771250.0,-25.365768474858413
2797774375.0,-25.351532823428865
2797777500.0,-25.335544306785746
2797780625.0,-25.321342925757833
2797783750.0,-25.306394321571613
2797786875.0,-25.29128674261017
2797790000.0,-25.275430493589788
2797793125.0,-25.260534012495846
2797796250.0,-25.24624204374417
2797799375.0,-25.22990823032628
2797802500.0,-25.21541774572692
2797805625.0,-25.200638788373553
2797808750.0,-25.185024777954936
2797811875.0,-25.16950008400782
2797815000.0,-25.153492511974047
2797818125.0,-25.138429766542757
2797821250.0,-25.122272157535583
2797824375.0,-25.107946272734495
2797827500.0,-25.092096883486136
2797830625.0,-25.07718225620554
2797833750.0,-25.06141426718189
2797836875.0,-25.046363444214254
2797840000.0,-25.029924101216352
2797843125.0,-25.014246735389953
2797846250.0,-24.998763333674532
2797849375.0,-24.983057813410632
2797852500.0,-24.967220052208802
2797855625.0,-24.952098329845782
2797858750.0,-24.936928308795043
2797861875.0,-24.921129534594126
2797865000.0,-24.9051117825006
2797868125.0,-24.889331334272
2797871250.0,-24.87335301626817
2797874375.0,-24.856554517144936
2797877500.0,-24.840679688522222
2797880625.0,-24.825152217356685
2797883750.0,-24.80866729961177
2797886875.0,-24.79279644710397
2797890000.0,-24.77766110362881
2797893125.0,-24.762110480137647
2797896250.0,-24.745340590781463
2797899375.0,-24.7303844419552
2797902500.0,-24.7134145201579
2797905625.0,-24.69816394115786
2797908750.0,-24.680211189476896
2797911875.0,-24.665234008648135
2797915000.0,-24.649172483055768
2797918125.0,-24.631714447520366
2797921250.0,-24.61675579741724
2797924375.0,-24.599463567141044
2797927500.0,-24.583091482503
2797930625.0,-24.56732313764541
2797933750.0,-24.55022034051801
2797936875.0,-24.533617672714307
2797940000.0,-24.517720388861573
2797943125.0,-24.5006663878649
2797946250.0,-24.484899131678993
2797949375.0,-24.468260796103714
2797952500.0,-24.451989174438353
2797955625.0,-24.43565488341024
2797958750.0,-24.418624965081076
2797961875.0,-24.40208489346575
2797965000.0,-24.385025016450783
2797968125.0,-24.367965897415132
2797971250.0,-24.351032650232288
2797974375.0,-24.334341297487097
2797977500.0,-24.317636783636907
2797980625.0,-24.30110828712136
2797983750.0,-24.283695443242515
2797986875.0,-24.26733120182933
2797990000.0,-24.250042796036386
2797993125.0,-24.23290194473558
2797996250.0,-24.216188378712324
2797999375.0,-24.19929434685506
2798002500.0,-24.1820552686459
2798005625.0,-24.164207244755666
2798008750.0,-24.147768963102003
2798011875.0,-24.130558560236505
2798015000.0,-24.113619128230273
2798018125.0,-24.096074499451692
2798021250.0,-24.079054207479132
2798024375.0,-24.06204026357461
2798027500.0,-24.044755912200127
2798030625.0,-24.02751070463278
2798033750.0,-24.008912406005912
2798036875.0,-23.99184003074496
2798040000.0,-23.974175884729217
2798043125.0,-23.956714707749246
2798046250.0,-23.938717953498166
2798049375.0,-23.92193680780831
2798052500.0,-23.904698734501494
2798055625.0,-23.885383073634124
2798058750.0,-23.868667385530614
2798061875.0,-23.85102239892221
2798065000.0,-23.832355463045527
2798068125.0,-23.81440232170976
2798071250.0,-23.796887818030424
2798074375.0,-23.779930476292744
2798077500.0,-23.76162329852852
2798080625.0,-23.743418609529744
2798083750.0,-23.72422111840476
2798086875.0,-23.707238215589843
2798090000.0,-23.689757209981625
2798093125.0,-23.67221434472649
2798096250.0,-23.65372686925655
2798099375.0,-23.634618272300212
2798102500.0,-23.615912228496892
2798105625.0,-23.598752704646625
2798108750.0,-23.580944833926143
2798111875.0,-23.5615860675001
2798115000.0,-23.543960545378336
2798118125.0,-23.52504722598215
2798121250.0,-23.506747511903757
2798124375.0,-23.488740845170437
2798127500.0,-23.470008136681816
2798130625.0,-23.45218727711943
2798133750.0,-23.432359480015432
2798136875.0,-23.41402574999099
2798140000.0,-23.39467390234601
2798143125.0,-23.37710543818365
2798146250.0,-23.357511769447935
2798149375.0,-23.33963242407852
2798152500.0,-23.32046324249201
2798155625.0,-23.30178023316089
2798158750.0,-23.282041092710003
2798161875.0,-23.26342759281069
2798165000.0,-23.243945454328372
2798168125.0,-23.225949588776082
2798171250.0,-23.207085725559377
2798174375.0,-23.187791716061426
2798177500.0,-23.169217809768288
2798180625.0,-23.14939542267191
2798183750.0,-23.1301487847651
2798186875.0,-23.110539152153827
2798190000.0,-23.091795816451985
2798193125.0,-23.071324622330803
2798196250.0,-23.052654476772553
2798199375.0,-23.033471581221526
2798202500.0,-23.013507592932182
2798205625.0,-22.994635659116668
2798208750.0,-22.97496871307471
2798211875.0,-22.955291718040318
2798215000.0,-22.935080059033854
2798218125.0,-22.915953470584043
2798221250.0,-22.895747122734253
2798224375.0,-22.87633297394163
2798227500.0,-22.856369665106158
2798230625.0,-22.837120392747384
2798233750.0,-22.817192435703365
2798236875.0,-22.79661689297367
2798240000.0,-22.777028732456696
2798243125.0,-22.756889632882118
2798246250.0,-22.736519229973933
2798249375.0,-22.716946725121286
2798252500.0,-22.696777355643757
2798255625.0,-22.67663729103472
2798258750.0,-22.655758564800433
2798261875.0,-22.635599500902572
2798265000.0,-22.61483741182852
2798268125.0,-22.59432639177129
2798271250.0,-22.57452015101412
2798274375.0,-22.55490797919032
2798277500.0,-22.533771931195755
2798280625.0,-22.512789641476623
2798283750.0,-22.4917005836877
2798286875.0,-22.470668732989008
2798290000.0,-22.450685340491173
2798293125.0,-22.430230165870768
2798296250.0,-22.408841337490582
2798299375.0,-22.388016561557333
2798302500.0,-22.36801520257077
2798305625.0,-22.346650143823776
2798308750.0,-22.326083798618065
2798311875.0,-22.304488943776676
2798315000.0,-22.283662931385315
2798318125.0,-22.262592264530745
2798321250.0,-22.240931980428105
2798324375.0,-22.21996187011725
2798327500.0,-22.19781397898377
2798330625.0,-22.176750920890825
2798333750.0,-22.15618642789042
2798336875.0,-22.133968121406774
2798340000.0,-22.11275652544565
2798343125.0,-22.091121000545385
2798346250.0,-22.069527885242206
2798349375.0,-22.04768016229499
2798352500.0,-22.026914509046527
2798355625.0,-22.00531163251752
2798358750.0,-21.983015534924462
2798361875.0,-21.960224002475847
2798365000.0,-21.939428127231317
2798368125.0,-21.91748374647023
2798371250.0,-21.89483148375644
2798374375.0,-21.873551424550524
2798377500.0,-21.850155472349122
2798380625.0,-21.828881297684188
2798383750.0,-21.80607747060244
2798386875.0,-21.784044040794985
2798390000.0,-21.76136522393306
2798393125.0,-21.739370847574186
2798396250.0,-21.716920486244536
2798399375.0,-21.694896409366937
2798402500.0,-21.672088776890476
2798405625.0,-21.648729184328868
2798408750.0,-21.627525251027027
2798411875.0,-21.604390700205744
2798415000.0,-21.580653761830003
2798418125.0,-21.55873279042595
2798421250.0,-21.535403381902206
2798424375.0,-21.512797340623713
2798427500.0,-21.48988580080729
2798430625.0,-21.465792840129545
2798433750.0,-21.44378959957851
2798436875.0,-21.420727636670463
2798440000.0,-21.396558604272244
2798443125.0,-21.373363570811833
2798446250.0,-21.350072174331835
2798449375.0,-21.326318435791983
2798452500.0,-21.303153242319755
2798455625.0,-21.279473085259795
2798458750.0,-21.25644679277544
2798461875.0,-21.231885610235615
2798465000.0,-21.208188206875707
2798468125.0,-21.184970453114754
2798471250.0,-21.16064337552356
2798474375.0,-21.136583772521192
2798477500.0,-21.112910498397103
2798480625.0,-21.089159680243085
2798483750.0,-21.065428534306093
2798486875.0,-21.040750336691893
2798490000.0,-21.01649505921954
2798493125.0,-20.992481559496273
2798496250.0,-20.967495907911385
2798499375.0,-20.943188346897728
2798502500.0,-20.918402043449056
2798505625.0,-20.89513321041092
2798508750.0,-20.870391198912
2798511875.0,-20.84516823638208
2798515000.0,-20.821263576989686
2798518125.0,-20.795614529855026
2798521250.0,-20.771125150612033
2798524375.0,-20.745813005385166
2798527500.0,-20.721440356872332
2798530625.0,-20.695451945095922
2798533750.0,-20.67032619034167
2798536875.0,-20.6458646199186
2798540000.0,-20.619928353316162
2798543125.0,-20.595378574522613
2798546250.0,-20.56945067137859
2798549375.0,-20.54393724925576
2798552500.0,-20.518355897986513
2798555625.0,-20.492662619069165
2798558750.0,-20.466721027723487
2798561875.0,-20.441248061721325
2798565000.0,-20.415933215847968
2798568125.0,-20.38964723877629
2798571250.0,-20.36320696719655
2798574375.0,-20.337710107286394
2798577500.0,-20.31177769737898
2798580625.0,-20.285880494693632
2798583750.0,-20.25948105235344
2798586875.0,-20.23319325956213
2798590000.0,-20.20584166038502
2798593125.0,-20.180249767763655
2798596250.0,-20.153307649643445
2798599375.0,-20.12642768119283
2798602500.0,-20.100070598760006
2798605625.0,-20.07287861235658
2798608750.0,-20.04657180607827
2798611875.0,-20.019547384970142
2798615000.0,-19.99280218182145
2798618125.0,-19.96576553467995
2798621250.0,-19.937636611892156
2798624375.0,-19.910495635754422
2798627500.0,-19.88329960294182
2798630625.0,-19.855982424314153
2798633750.0,-19.82917832607188
2798636875.0,-19.80105390631865
2798640000.0,-19.774120395058098
2798643125.0,-19.745700462012646
2798646250.0,-19.717657388232162
2798649375.0,-19.689898460916826
2798652500.0,-19.661219973071468
2798655625.0,-19.63349556731014
2798658750.0,-19.605768441224352
2798661875.0,-19.577621081541924
2798665000.0,-19.54902149315037
2798668125.0,-19.520844762213052
2798671250.0,-19.4922299961243
2798674375.0,-19.463740547999517
2798677500.0,-19.435346084185113
2798680625.0,-19.406553142596255
2798683750.0,-19.37765105520189
2798686875.0,-19.348528411939743
2798690000.0,-19.3197512006928
2798693125.0,-19.290662240165496
2798696250.0,-19.261305623437945
2798699375.0,-19.231937587811586
2798702500.0,-19.202477742119783
2798705625.0,-19.173082862342202
2798708750.0,-19.143508509822798
2798711875.0,-19.11380203882662
2798715000.0,-19.08453743503303
2798718125.0,-19.054878552803416
2798721250.0,-19.02493174471558
2798724375.0,-18.994852301571886
2798727500.0,-18.964374425902243
2798730625.0,-18.93472541160301
2798733750.0,-18.904655316805847
2798736875.0,-18.873842033896842
2798740000.0,-18.843702453667973
2798743125.0,-18.812686370836712
2798746250.0,-18.78279228583157
2798749375.0,-18.751195534197294
2798752500.0,-18.720722353344932
2798755625.0,-18.68962106630436
2798758750.0,-18.659023270865394
2798761875.0,-18.62753019858245
2798765000.0,-18.596654587191214
2798768125.0,-18.565099592833263
2798771250.0,-18.533533129491857
2798774375.0,-18.501856697113006
2798777500.0,-18.470350000989352
2798780625.0,-18.438917176053476
2798783750.0,-18.407265312059124
2798786875.0,-18.374898801829364
2798790000.0,-18.342642969367837
2798793125.0,-18.310974825185678
2798796250.0,-18.278881869719356
2798799375.0,-18.24615025693259
2798802500.0,-18.213580603924303
2798805625.0,-18.180882961491932
2798808750.0,-18.14860047808182
2798811875.0,-18.115607425843578
2798815000.0,-18.08302910780361
2798818125.0,-18.049752339460934
2798821250.0,-18.016709865357605
2798824375.0,-17.98346257084896
2798827500.0,-17.949919888100137
2798830625.0,-17.916875076413245
2798833750.0,-17.882860433704938
2798836875.0,-17.84928133384971
2798840000.0,-17.815821439257828
2798843125.0,-17.78205106377257
2798846250.0,-17.74788485438656
2798849375.0,-17.713803406360757
2798852500.0,-17.679724155668513
2798855625.0,-17.644714112593306
2798858750.0,-17.610862962375034
2798861875.0,-17.576478940613697
2798865000.0,-17.54136899201304
2798868125.0,-17.5066461594128
2798871250.0,-17.47149746876677
2798874375.0,-17.436223131455048
2798877500.0,-17.40187234635815
2798880625.0,-17.366410377328425
2798883750.0,-17.330681127219645
2798886875.0,-17.295552409731307
2798890000.0,-17.260295903634326
2798893125.0,-17.224252909008555
2798896250.0,-17.1881593958158
2798899375.0,-17.151934900842118
2798902500.0,-17.11630819487167
2798905625.0,-17.07979510885262
2798908750.0,-17.043154388009
2798911875.0,-17.00702503381823
2798915000.0,-16.970467747700983
2798918125.0,-16.93292304879987
2798921250.0,-16.8963505240318
2798924375.0,-16.859304701611457
2798927500.0,-16.822256953127223
2798930625.0,-16.78521937906762
2798933750.0,-16.748136083742736
2798936875.0,-16.709662289960665
2798940000.0,-16.672434927952146
2798943125.0,-16.6346668533846
2798946250.0,-16.596791844374277
2798949375.0,-16.558810374693113
2798952500.0,-16.520513958747838
2798955625.0,-16.481523536962627
2798958750.0,-16.443954082267698
2798961875.0,-16.40493681515237
2798965000.0,-16.36637051471047
2798968125.0,-16.32760177198182
2798971250.0,-16.288423746011077
2798974375.0,-16.249241178278787
2798977500.0,-16.20993657564598
2798980625.0,-16.17054881625173
2798983750.0,-16.131128050273524
2798986875.0,-16.09080708169138
2798990000.0,-16.051678416886208
2798993125.0,-16.01125396054693
2798996250.0,-15.971312027397502
2798999375.0,-15.930665322279262
2799002500.0,-15.890518921530472
2799005625.0,-15.84927612003189
2799008750.0,-15.809883626062295
2799011875.0,-15.767957910590681
2799015000.0,-15.727485665545231
2799018125.0,-15.685923286500032
2799021250.0,-15.645426058135648
2799024375.0,-15.603342710684434
2799027500.0,-15.562155177480506
2799030625.0,-15.520300096493026
2799033750.0,-15.478430628310237
2799036875.0,-15.436320654732873
2799040000.0,-15.394184116007612
2799043125.0,-15.351689010005087
2799046250.0,-15.309238884226135
2799049375.0,-15.26658402441916
2799052500.0,-15.2236410683411
2799055625.0,-15.180833443974866
2799058750.0,-15.137937575105346
2799061875.0,-15.095191486873611
2799065000.0,-15.051496913188753
2799068125.0,-15.008218360793364
2799071250.0,-14.96403439083626
2799074375.0,-14.920666237962676
2799077500.0,-14.876913136713139
2799080625.0,-14.832212059013592
2799083750.0,-14.788268579695858
2799086875.0,-14.743427267757871
2799090000.0,-14.699423555229933
2799093125.0,-14.654391138149728
2799096250.0,-14.610263820651335
2799099375.0,-14.564685037890738
2799102500.0,-14.519515675126748
2799105625.0,-14.474179849386875
2799108750.0,-14.428721589459055
2799111875.0,-14.383743593059553
2799115000.0,-14.337941586809675
2799118125.0,-14.2919047212314
2799121250.0,-14.245643245614874
2799124375.0,-14.198995050948241
2799127500.0,-14.15279271771456
2799130625.0,-14.106769624153857
2799133750.0,-14.059773554188082
2799136875.0,-14.01304062799653
2799140000.0,-13.966101200986001
2799143125.0,-13.919082847992238
2799146250.0,-13.871918668318978
2799149375.0,-13.824365346072632
2799152500.0,-13.777134025933501
2799155625.0,-13.72953805270429
2799158750.0,-13.68162970145378
2799161875.0,-13.633469952372572
2799165000.0,-13.585354321166674
2799168125.0,-13.537824953280598
2799171250.0,-13.489335184829654
2799174375.0,-13.440768740195676
2799177500.0,-13.392527895185525
2799180625.0,-13.343777809235586
2799183750.0,-13.294775355043969
2799186875.0,-13.245660448700242
2799190000.0,-13.196772368448997
2799193125.0,-13.147843523269707
2799196250.0,-13.098543244459217
2799199375.0,-13.048937023744148
2799202500.0,-12.999189576867046
2799205625.0,-12.949931228442122
2799208750.0,-12.899589378769038
2799211875.0,-12.850192279050772
2799215000.0,-12.800249525276618
2799218125.0,-12.750104310572201
2799221250.0,-12.700053880585289
2799224375.0,-12.649896603897622
2799227500.0,-12.599772454731838
2799230625.0,-12.549427780884884
2799233750.0,-12.49875120229711
2799236875.0,-12.447959154160623
2799240000.0,-12.397653032813517
2799243125.0,-12.346679365328065
2799246250.0,-12.295702011919284
2799249375.0,-12.244803257619264
2799252500.0,-12.19419503077616
2799255625.0,-12.142860497175676
2799258750.0,-12.092488708354514
2799261875.0,-12.041515241374608
2799265000.0,-11.990847329342026
2799268125.0,-11.939451215728116
2799271250.0,-11.888353837154545
2799274375.0,-11.837279293740483
2799277500.0,-11.786117632363991
2799280625.0,-11.735051419806084
2799283750.0,-11.684573175687003
2799286875.0,-11.632779553632473
2799290000.0,-11.582005904331336
2799293125.0,-11.53083791889521
2799296250.0,-11.480372723696018
2799299375.0,-11.429020965972017
2799302500.0,-11.378302272512949
2799305625.0,-11.327477634002193
2799308750.0,-11.277034905067781
2799311875.0,-11.225992459465248
2799315000.0,-11.175444490748271
2799318125.0,-11.12539570521308
2799321250.0,-11.075174415919602
2799324375.0,-11.024900797408801
2799327500.0,-10.97481657522142
2799330625.0,-10.925030715421608
2799333750.0,-10.875474428452646
2799336875.0,-10.825890532661512
2799340000.0,-10.776781224604603
2799343125.0,-10.727050332685163
2799346250.0,-10.67849201866428
2799349375.0,-10.629626525332188
2799352500.0,-10.58187629199207
2799355625.0,-10.533295974530606
2799358750.0,-10.485581228469748
2799361875.0,-10.438084093761768
2799365000.0,-10.390665254053202
2799368125.0,-10.343424880274105
2799371250.0,-10.296960707666756
2799374375.0,-10.250882945812053
2799377500.0,-10.204543929586727
2799380625.0,-10.158984191607825
2799383750.0,-10.114095245932493
2799386875.0,-10.06960834969488
2799390000.0,-10.025123024357717
2799393125.0,-9.98172454867403
2799396250.0,-9.937887126829642
2799399375.0,-9.894946671410969
2799402500.0,-9.853028652657756
2799405625.0,-9.811113006281717
2799408750.0,-9.769867428698657
2799411875.0,-9.729645296910887
2799415000.0,-9.689511501526562
2799418125.0,-9.650172031316488
2799421250.0,-9.611230916046354
2799424375.0,-9.572886497969517
2799427500.0,-9.535823466663269
2799430625.0,-9.498860637341005
2799433750.0,-9.462897039856664
2799436875.0,-9.427368978952957
2799440000.0,-9.392968178790639
2799443125.0,-9.35929466423668
2799446250.0,-9.325986876977836
2799449375.0,-9.294499022724688
2799452500.0,-9.262505342862022
2799455625.0,-9.232384020248606
2799458750.0,-9.202759387888554
2799461875.0,-9.1742506698978
2799465000.0,-9.14659697280725
2799468125.0,-9.119410483120838
2799471250.0,-9.093645804131398
2799474375.0,-9.068665711756394
2799477500.0,-9.044839804232792
2799480625.0,-9.021819747673414
2799483750.0,-8.999995378735214
2799486875.0,-8.979308638287726
2799490000.0,-8.959624401992018
2799493125.0,-8.94068613098896
2799496250.0,-8.923218018765857
2799499375.0,-8.906646774752396
2799502500.0,-8.89149666772322
2799505625.0,-8.876890605711036
2799508750.0,-8.863421419625258
2799511875.0,-8.851663591504362
2799515000.0,-8.841315842754028
2799518125.0,-8.831292357998388
2799521250.0,-8.82303988882945
2799524375.0,-8.81566112285326
2799527500.0,-8.80957100488594
2799530625.0,-8.804681731217732
2799533750.0,-8.80058065378287
2799536875.0,-8.798420067397766
2799540000.0,-8.796863071914494
2799543125.0,-8.796839096093441
2799546250.0,-8.798087587990258
2799549375.0,-8.799788835726064
2799552500.0,-8.803392301009785
2799555625.0,-8.807664962872717
2799558750.0,-8.814047327026408
2799561875.0,-8.820857810176395
2799565000.0,-8.828856188989885
2799568125.0,-8.838779213593535
2799571250.0,-8.849033194250241
2799574375.0,-8.86088321009483
2799577500.0,-8.873176900102417
2799580625.0,-8.887578424339013
2799583750.0,-8.902333916727247
2799586875.0,-8.918922140141657
2799590000.0,-8.935797147935158
2799593125.0,-8.954258818478946
2799596250.0,-8.974101418423421
2799599375.0,-8.994707696444392
2799602500.0,-9.016379984135353
2799605625.0,-9.038888577763014
2799608750.0,-9.062552281255336
2799611875.0,-9.087075285469805
2799615000.0,-9.11266242985517
2799618125.0,-9.139463088424955
2799621250.0,-9.16671169519184
2799624375.0,-9.195109612516804
2799627500.0,-9.224630629535735
2799630625.0,-9.254608045914477
2799633750.0,-9.285845636494297
2799636875.0,-9.318006975385972
2799640000.0,-9.350353157486223
2799643125.0,-9.384476155625398
2799646250.0,-9.418584481289276
2799649375.0,-9.453703727466726
2799652500.0,-9.489042298291267
2799655625.0,-9.52615345938551
2799658750.0,-9.563309910368893
2799661875.0,-9.60140201912649
2799665000.0,-9.640111078884772
2799668125.0,-9.678935979316105
2799671250.0,-9.719318684023001
2799674375.0,-9.7598977552296
2799677500.0,-9.800414695377512
2799680625.0,-9.84218782930612
2799683750.0,-9.884379758446695
2799686875.0,-9.927182736163731
2799690000.0,-9.96998044497668
2799693125.0,-10.013906256126326
2799696250.0,-10.057846957536904
2799699375.0,-10.102456098269055
2799702500.0,-10.14713969853012
2799705625.0,-10.193037281000192
2799708750.0,-10.239089082118431
2799711875.0,-10.285259099318809
2799715000.0,-10.331889512268877
2799718125.0,-10.378198391251203
2799721250.0,-10.425839793196973
2799724375.0,-10.473095874394174
2799727500.0,-10.520910966523534
2799730625.0,-10.569054505239318
2799733750.0,-10.616874294846737
2799736875.0,-10.666010586732895
2799740000.0,-10.714765077500862
2799743125.0,-10.764250020498299
2799746250.0,-10.81328579556441
2799749375.0,-10.862581148956425
2799752500.0,-10.912194216115845
2799755625.0,-10.961988759103384
2799758750.0,-11.011771568994833
2799761875.0,-11.06180948922243
2799765000.0,-11.111696575751983
2799768125.0,-11.16255733300014
2799771250.0,-11.213035816253347
2799774375.0,-11.263788582509841
2799777500.0,-11.314237638380424
2799780625.0,-11.365370835668202
2799783750.0,-11.415996662515948
2799786875.0,-11.466481046607402
2799790000.0,-11.517941288638152
2799793125.0,-11.569290282020336
2799796250.0,-11.619374729290545
2799799375.0,-11.671081443282816
2799802500.0,-11.722345738081364
2799805625.0,-11.773667823123969
2799808750.0,-11.823661814291377
2799811875.0,-11.874850440880264
2799815000.0,-11.925665120651853
2799818125.0,-11.97719447369336
2799821250.0,-12.028192924619054
2799824375.0,-12.079454122266787
2799827500.0,-12.130238379013466
2799830625.0,-12.181255011487053
2799833750.0,-12.23222747870673
2799836875.0,-12.283129950044993
2799840000.0,-12.333952657219982
2799843125.0,-12.384215455548357
2799846250.0,-12.435645936336408
2799849375.0,-12.485429898481602
2799852500.0,-12.535933509750702
2799855625.0,-12.586688382344775
2799858750.0,-12.637204758402037
2799861875.0,-12.687376994993016
2799865000.0,-12.73718618179947
2799868125.0,-12.786961161583628
2799871250.0,-12.83699896212891
2799874375.0,-12.887288083404888
2799877500.0,-12.93714572519183
2799880625.0,-12.986605424584715
2799883750.0,-13.036105646415912
2799886875.0,-13.085954095406898
2799890000.0,-13.134499163933539
2799893125.0,-13.184088247881057
2799896250.0,-13.233518791501595
2799899375.0,-13.28259666289793
2799902500.0,-13.330819043767498
2799905625.0,-13.380211542903005
2799908750.0,-13.428137803100823
2799911875.0,-13.477358871244444
2799915000.0,-13.525103726196798
2799918125.0,-13.57306388803301
2799921250.0,-13.621672201538063
2799924375.0,-13.669431551892364
2799927500.0,-13.716978010296868
2799930625.0,-13.764947548128013
2799933750.0,-13.812436462840171
2799936875.0,-13.859936110653466
2799940000.0,-13.90773858335734
2799943125.0,-13.953788642868222
2799946250.0,-14.001070204766366
2799949375.0,-14.047507175735406
2799952500.0,-14.094371379824112
2799955625.0,-14.141333821298378
2799958750.0,-14.187555526815688
2799961875.0,-14.233989581967394
2799965000.0,-14.279970164411704
2799968125.0,-14.325948150108024
2799971250.0,-14.371737135504503
2799974375.0,-14.417723904253268
2799977500.0,-14.462669353940653
2799980625.0,-14.508066382487579
2799983750.0,-14.553303724453912
2799986875.0,-14.59808503025195
2799990000.0,-14.643309997317226
2799993125.0,-14.688398196143167
2799996250.0,-14.732791504725556
2799999375.0,-14.776773282843793
2800002500.0,-14.821156497479736
2800005625.0,-14.865642556810354
2800008750.0,-14.909124593228315
2800011875.0,-14.952901835232122
2800015000.0,-14.997024205181582
2800018125.0,-15.040896282380308
2800021250.0,-15.083918633565174
2800024375.0,-15.127500296037326
2800027500.0,-15.170014436731213
2800030625.0,-15.213419952136169
2800033750.0,-15.256121435355418
2800036875.0,-15.298233807907506
2800040000.0,-15.341846872876543
2800043125.0,-15.383326127419966
2800046250.0,-15.42581001267253
2800049375.0,-15.467223776562172
2800052500.0,-15.509429749790451
2800055625.0,-15.55169985636142
2800058750.0,-15.59311325344238
2800061875.0,-15.634608087162029
2800065000.0,-15.676081176996535
2800068125.0,-15.716768945283103
2800071250.0,-15.758312785635772
2800074375.0,-15.798829604795394
2800077500.0,-15.839500113483872
2800080625.0,-15.880624614120988
2800083750.0,-15.920910543888404
2800086875.0,-15.961356904053302
2800090000.0,-16.00140801582102
2800093125.0,-16.04142864196256
2800096250.0,-16.08184201537361
2800099375.0,-16.12069046160828
2800102500.0,-16.160626840051364
2800105625.0,-16.20028814864182
2800108750.0,-16.239326313035843
2800111875.0,-16.278813843869965
2800115000.0,-16.317952528367897
2800118125.0,-16.35692990030154
2800121250.0,-16.395395379322576
2800124375.0,-16.434436235901526
2800127500.0,-16.472915818655412
2800130625.0,-16.51065957364474
2800133750.0,-16.54925862774758
2800136875.0,-16.587137012437434
2800140000.0,-16.62575112411038
2800143125.0,-16.663032635504425
2800146250.0,-16.700434147027536
2800149375.0,-16.73840404143305
2800152500.0,-16.775885476723793
2800155625.0,-16.813420128890144
2800158750.0,-16.850418331276362
2800161875.0,-16.887363165922658
2800165000.0,-16.924305915718193
2800168125.0,-16.96129055578687
2800171250.0,-16.99797771188318
2800174375.0,-17.034694743722365
2800177500.0,-17.07100301615196
2800180625.0,-17.107815728150275
2800183750.0,-17.143536428957436
2800186875.0,-17.178987769958365
2800190000.0,-17.215427221901134
2800193125.0,-17.251276536819915
2800196250.0,-17.286912592557318
2800199375.0,-17.322273935050255
2800202500.0,-17.358105185306147
2800205625.0,-17.393358847820075
2800208750.0,-17.427787690480994
2800211875.0,-17.463188091400877
2800215000.0,-17.498941176105514
2800218125.0,-17.533355376407684
2800221250.0,-17.567904986793565
2800224375.0,-17.602242752363512
2800227500.0,-17.636573162504035
2800230625.0,-17.67154236579896
2800233750.0,-17.70565787970787
2800236875.0,-17.74002881123792
2800240000.0,-17.773782608764563
2800243125.0,-17.80724073606262
2800246250.0,-17.84141781686198
2800249375.0,-17.875985891313675
2800252500.0,-17.90920974806003
2800255625.0,-17.942441649875292
2800258750.0,-17.975872676621368
2800261875.0,-18.008837475546123
2800265000.0,-18.04180979063978
2800268125.0,-18.074924870294545
2800271250.0,-18.107860815943432
2800274375.0,-18.140775894005774
2800277500.0,-18.173091029094664
2800280625.0,-18.205934692543963
2800283750.0,-18.23877194532376
2800286875.0,-18.270705452185673
2800290000.0,-18.303649006744504
2800293125.0,-18.33562717319709
2800296250.0,-18.36704401501403
2800299375.0,-18.39928591516701
2800302500.0,-18.431188211982626
2800305625.0,-18.463043914728168
2800308750.0,-18.49514313915624
2800311875.0,-18.525405208882077
2800315000.0,-18.558118910541477
2800318125.0,-18.589125647993416
2800321250.0,-18.62052806724611
2800324375.0,-18.6519067124438
2800327500.0,-18.68235032447689
2800330625.0,-18.713535002289458
2800333750.0,-18.744061424128834
2800336875.0,-18.7757632887613
2800340000.0,-18.806251626359472
2800343125.0,-18.836574979094713
2800346250.0,-18.866897300321195
2800349375.0,-18.89699712783355
2800352500.0,-18.92776162000638
2800355625.0,-18.95782341475229
2800358750.0,-18.98748741378602
2800361875.0,-19.01820240743037
2800365000.0,-19.04777986384226
2800368125.0,-19.077308003031927
2800371250.0,-19.107230948727892
2800374375.0,-19.136949371241926
2800377500.0,-19.16672608137606
2800380625.0,-19.196083774182284
2800383750.0,-19.225370738478322
2800386875.0,-19.254793580955802
2800390000.0,-19.28373602103418
2800393125.0,-19.312681795071335
2800396250.0,-19.342971968574712
2800399375.0,-19.37066337121675
2800402500.0,-19.399354809185
2800405625.0,-19.42807431227454
2800408750.0,-19.457422042648645
2800411875.0,-19.485648026236827
2800415000.0,-19.51408045672479
2800418125.0,-19.54297509672177
2800421250.0,-19.571096161370217
2800424375.0,-19.599212216129512
2800427500.0,-19.628323629990266
2800430625.0,-19.655185559244455
2800433750.0,-19.68337228006659
2800436875.0,-19.711326911307044
2800440000.0,-19.738842586354668
2800443125.0,-19.767014057526684
2800446250.0,-19.79473056865413
2800449375.0,-19.822323577161338
2800452500.0,-19.84928221095974
2800455625.0,-19.877102612011925
2800458750.0,-19.90440340585255
2800461875.0,-19.932171936055752
2800465000.0,-19.9590596849107
2800468125.0,-19.98518116962813
2800471250.0,-20.01329547081187
2800474375.0,-20.039843196297685
2800477500.0,-20.06668136383057
2800480625.0,-20.093996348018806
2800483750.0,-20.120232329932787
2800486875.0,-20.14700849949549
2800490000.0,-20.172763997668795
2800493125.0,-20.199891675504333
2800496250.0,-20.22661361420853
2800499375.0,-20.252776540028606
2800502500.0,-20.279130661870838
2800505625.0,-20.305857569490936
2800508750.0,-20.33155765732838
2800511875.0,-20.35822399311371
2800515000.0,-20.384163023190627
2800518125.0,-20.409573817622768
2800521250.0,-20.435350377021958
2800524375.0,-20.462107549601328
2800527500.0,-20.48700456064071
2800530625.0,-20.513052816682606
2800533750.0,-20.538356583541443
2800536875.0,-20.564022723264394
2800540000.0,-20.589428270413368
2800543125.0,-20.614644627560835
2800546250.0,-20.639586309358638
2800549375.0,-20.665034949055368
2800552500.0,-20.690861490612313
2800555625.0,-20.714928503910343
2800558750.0,-20.740244535687307
2800561875.0,-20.7655993304075
2800565000.0,-20.79005543294384
2800568125.0,-20.81527794886785
2800571250.0,-20.84018496990726
2800574375.0,-20.86426655004254
2800577500.0,-20.888813129247836
2800580625.0,-20.91357576168223
2800583750.0,-20.938240242817308
2800586875.0,-20.962703864431642
2800590000.0,-20.986958563093165
2800593125.0,-21.010840222035505
2800596250.0,-21.035842981599124
2800599375.0,-21.059587111853165
2800602500.0,-21.083864807037163
2800605625.0,-21.108760458502445
2800608750.0,-21.1320522371309
2800611875.0,-21.156014490236977
2800615000.0,-21.17979356360813
2800618125.0,-21.20322483764862
2800621250.0,-21.22696032861938
2800624375.0,-21.25041698726454
2800627500.0,-21.274113476638945
2800630625.0,-21.297950891131695
2800633750.0,-21.321372895017454
2800636875.0,-21.34549337311786
2800640000.0,-21.36790138997084
2800643125.0,-21.39171346024929
2800646250.0,-21.415060050104408
2800649375.0,-21.438205487052713
2800652500.0,-21.461211364248715
2800655625.0,-21.484614530448702
2800658750.0,-21.50745171982313
2800661875.0,-21.530493831578372
2800665000.0,-21.55343465259104
2800668125.0,-21.575715395843588
2800671250.0,-21.599413997601694
2800674375.0,-21.621936464188636
2800677500.0,-21.644429356308134
2800680625.0,-21.667216179441315
2800683750.0,-21.690446544259945
2800686875.0,-21.711953534635747
2800690000.0,-21.733922916505627
2800693125.0,-21.757095225980244
2800696250.0,-21.778879340830926
2800699375.0,-21.801783797829582
2800702500.0,-21.82412487583021
2800705625.0,-21.84656957465659
2800708750.0,-21.869133044417094
2800711875.0,-21.890409632992863
2800715000.0,-21.912976856705416
2800718125.0,-21.934603951550994
2800721250.0,-21.956496357803932
2800724375.0,-21.977982954628885
2800727500.0,-21.999924561271506
2800730625.0,-22.021931158705403
2800733750.0,-22.043679104003758
2800736875.0,-22.064675281029785
2800740000.0,-22.086652971183295
2800743125.0,-22.108995860463477
2800746250.0,-22.12955549466841
2800749375.0,-22.151491361833
2800752500.0,-22.17288948468363
2800755625.0,-22.19389228579635
2800758750.0,-22.215793147597097
2800761875.0,-22.236498642883742
2800765000.0,-22.25768736671699
2800768125.0,-22.27914804008207
2800771250.0,-22.300653129487237
2800774375.0,-22.321093161493682
2800777500.0,-22.342654478173785
2800780625.0,-22.363325201845978
2800783750.0,-22.384517377199497
2800786875.0,-22.40550763932077
2800790000.0,-22.42541928124923
2800793125.0,-22.446493900651152
2800796250.0,-22.46816167570543
2800799375.0,-22.488401631074993
2800802500.0,-22.508937180569347
2800805625.0,-22.529101257108138
2800808750.0,-22.55034722454986
2800811875.0,-22.570770706459015
2800815000.0,-22.590684861296573
2800818125.0,-22.611770704483778
2800821250.0,-22.63244479004638
2800824375.0,-22.652036723749532
2800827500.0,-22.672983542108152
2800830625.0,-22.692202337520666
2800833750.0,-22.71229596637679
2800836875.0,-22.732821291102372
2800840000.0,-22.753181777299034
2800843125.0,-22.773309497611876
2800846250.0,-22.7930132618279
2800849375.0,-22.812691023005012
2800852500.0,-22.833421744334586
2800855625.0,-22.852419587817668
2800858750.0,-22.872654717540037
2800861875.0,-22.89277092509052
2800865000.0,-22.91189086644999
2800868125.0,-22.93195732498655
2800871250.0,-22.95223493794985
2800874375.0,-22.971490701192074
2800877500.0,-22.990339267560145
2800880625.0,-23.010076049950058
2800883750.0,-23.029404406722065
2800886875.0,-23.04845618778043
2800890000.0,-23.068481836973767
2800893125.0,-23.08789172112098
2800896250.0,-23.10703858971603
2800899375.0,-23.126737128471714
2800902500.0,-23.145968150959146
2800905625.0,-23.164994910160765
2800908750.0,-23.183987278557172
2800911875.0,-23.202842068005953
2800915000.0,-23.22227772345675
2800918125.0,-23.240931289200564
2800921250.0,-23.260584683697274
2800924375.0,-23.27882338551725
2800927500.0,-23.298113245938694
2800930625.0,-23.317167407503792
2800933750.0,-23.3355094326292
2800936875.0,-23.354059242858856
2800940000.0,-23.373765640170912
2800943125.0,-23.392514386832445
2800946250.0,-23.41104276453272
2800949375.0,-23.430477488258866
2800952500.0,-23.447591918061267
2800955625.0,-23.466898722108713
2800958750.0,-23.48502828835947
2800961875.0,-23.50400336530447
2800965000.0,-23.52144938059641
2800968125.0,-23.54048709875597
2800971250.0,-23.558764560200423
2800974375.0,-23.57738051299231
2800977500.0,-23.595513163820144
2800980625.0,-23.61410427124539
2800983750.0,-23.63246326162926
2800986875.0,-23.649607253104687
2800990000.0,-23.66821600716903
2800993125.0,-23.686722677332387
2800996250.0,-23.704687442688908
2800999375.0,-23.72256751423597
2801002500.0,-23.74050760077932
2801005625.0,-23.758792581282332
2801008750.0,-23.776441488396138
2801011875.0,-23.794659482313367
2801015000.0,-23.812433149349367
2801018125.0,-23.829187457221458
2801021250.0,-23.84770756167294
2801024375.0,-23.865271357028785
2801027500.0,-23.883325573692947
2801030625.0,-23.90048259342644
2801033750.0,-23.918094320151265
2801036875.0,-23.936874648558263
2801040000.0,-23.953875036930665
2801043125.0,-23.971569556921096
2801046250.0,-23.988567155552307
2801049375.0,-24.005872057411825
2801052500.0,-24.022932448681644
2801055625.0,-24.040851203330035
2801058750.0,-24.05785274944211
2801061875.0,-24.07557448599309
2801065000.0,-24.09284389036835
2801068125.0,-24.110466724237536
2801071250.0,-24.126826379952394
2801074375.0,-24.144559228234503
2801077500.0,-24.163385585610584
2801080625.0,-24.179039487886243
2801083750.0,-24.196663148931975
2801086875.0,-24.214412953071946
2801090000.0,-24.230314633766756
2801093125.0,-24.247178592946007
2801096250.0,-24.26409404830056
2801099375.0,-24.28109596800058
2801102500.0,-24.29863347550373
2801105625.0,-24.314854245524433
2801108750.0,-24.33206029994919
2801111875.0,-24.34910411888965
2801115000.0,-24.366267241995065
2801118125.0,-24.382698154680988
2801121250.0,-24.399020357846194
2801124375.0,-24.415067263889828
2801127500.0,-24.432730112675912
2801130625.0,-24.44810033120762
2801133750.0,-24.46628513323652
2801136875.0,-24.483143820075014
2801140000.0,-24.498449281132284
2801143125.0,-24.515538624238975
2801146250.0,-24.531042336969826
2801149375.0,-24.548111156792963
2801152500.0,-24.56439717846429
2801155625.0,-24.581125302048665
2801158750.0,-24.59645133990536
2801161875.0,-24.6132215287414
2801165000.0,-24.63076920751193
2801168125.0,-24.64652781714242
2801171250.0,-24.66274644892128
2801174375.0,-24.67886692400628
2801177500.0,-24.69484094665329
2801180625.0,-24.71107871188925
2801183750.0,-24.726483853838772
2801186875.0,-24.743519756483245
2801190000.0,-24.759608062950456
2801193125.0,-24.77575187064077
2801196250.0,-24.791905819558743
2801199375.0,-24.80704476553303
2801202500.0,-24.822923720894906
2801205625.0,-24.8390516143439
2801208750.0,-24.855041062131757
2801211875.0,-24.871364060135296
2801215000.0,-24.88675007605337
2801218125.0,-24.90309505718787
2801221250.0,-24.918587462780632
2801224375.0,-24.934609798791598
2801227500.0,-24.949718438955337
2801230625.0,-24.965008735781993
2801233750.0,-24.9809671316683
2801236875.0,-24.997188212241216
2801240000.0,-25.01211112223989
2801243125.0,-25.027734174494363
2801246250.0,-25.04416752544776
2801249375.0,-25.059827000890106
2801252500.0,-25.074961048529264
2801255625.0,-25.089986975525875
2801258750.0,-25.10631907933939
2801261875.0,-25.121805529853575
2801265000.0,-25.136418256480535
2801268125.0,-25.15207977344332
2801271250.0,-25.16736020392642
2801274375.0,-25.182126403397906
2801277500.0,-25.198048115842646
2801280625.0,-25.213334088549523
2801283750.0,-25.22941766134083
2801286875.0,-25.243967070514582
2801290000.0,-25.258512852060846
2801293125.0,-25.27445050785131
2801296250.0,-25.29002299796437
2801299375.0,-25.304372804681186
2801302500.0,-25.31974807653172
2801305625.0,-25.334685514894353
2801308750.0,-25.35010314230279
2801311875.0,-25.364522698765338
2801315000.0,-25.37907794664698
2801318125.0,-25.394692738716504
2801321250.0,-25.40979893995809
2801324375.0,-25.424583668036153
2801327500.0,-25.438423542171204
2801330625.0,-25.453364630711484
2801333750.0,-25.4678365757398
2801336875.0,-25.48430813244298
2801340000.0,-25.498296184582436
2801343125.0,-25.51222547060109
2801346250.0,-25.528078794467923
2801349375.0,-25.542296692804726
2801352500.0,-25.55658303873208
2801355625.0,-25.571922706938462
2801358750.0,-25.58634088251014
2801361875.0,-25.60068116841248
2801365000.0,-25.614572540664486
2801368125.0,-25.630888992542726
2801371250.0,-25.64468829374365
2801374375.0,-25.65934470402326
2801377500.0,-25.67433010858244
2801380625.0,-25.687419918037854
2801383750.0,-25.703289960871025
2801386875.0,-25.717635967416545
2801390000.0,-25.731745217409905
2801393125.0,-25.7460866905321
2801396250.0,-25.76081148689685
2801399375.0,-25.77422109545956
2801402500.0,-25.789032781654488
2801405625.0,-25.8032245973082
2801408750.0,-25.817570677296697
2801411875.0,-25.830986989215972
2801415000.0,-25.84571386245722
2801418125.0,-25.8591272676441
2801421250.0,-25.874585718609172
2801424375.0,-25.88889497340975
2801427500.0,-25.90292974126432
2801430625.0,-25.91713845803733
2801433750.0,-25.92996528117648
2801436875.0,-25.94569446870187
2801440000.0,-25.958934160394975
2801443125.0,-25.9718001957426
2801446250.0,-25.98774638414301
2801449375.0,-26.001686170882298
2801452500.0,-26.014564174824123
2801455625.0,-26.028577805599884
2801458750.0,-26.042369796303166
2801461875.0,-26.056708843887705
2801465000.0,-26.06996408499821
2801468125.0,-26.083919422090673
2801471250.0,-26.09796674032123
2801474375.0,-26.11178831935391
2801477500.0,-26.12537327719736
2801480625.0,-26.138712469258177
2801483750.0,-26.153180858958255
2801486875.0,-26.16666279390953
2801490000.0,-26.180161470698508
2801493125.0,-26.193736509564552
2801496250.0,-26.207150606608977
2801499375.0,-26.220550870923656
2801502500.0,-26.235449907162998
2801505625.0,-26.248874750665426
2801508750.0,-26.26238562502791
2801511875.0,-26.275620558972506
2801515000.0,-26.28957512195515
2801518125.0,-26.3026992972987
2801521250.0,-26.315473208711285
2801524375.0,-26.329446308551898
2801527500.0,-26.343106009421653
2801530625.0,-26.355881264534645
2801533750.0,-26.369322385315847
2801536875.0,-26.383390888231098
2801540000.0,-26.396463132213533
2801543125.0,-26.40948499489722
2801546250.0,-26.422472371981762
2801549375.0,-26.436262358563592
2801552500.0,-26.44934857387609
2801555625.0,-26.46331939927991
2801558750.0,-26.4762220752023
2801561875.0,-26.489807830309946
2801565000.0,-26.503245027217243
2801568125.0,-26.517242881238115
2801571250.0,-26.528335169708146
2801574375.0,-26.542462166197225
2801577500.0,-26.55524423722568
2801580625.0,-26.567581354650045
2801583750.0,-26.58154348988835
2801586875.0,-26.595205361705833
2801590000.0,-26.606874382561596
2801593125.0,-26.620683795526112
2801596250.0,-26.633604658395317
2801599375.0,-26.647023497342392
2801602500.0,-26.6590688373117
2801605625.0,-26.672756856380257
2801608750.0,-26.68491575969958
2801611875.0,-26.697695857780133
2801615000.0,-26.710985336592245
2801618125.0,-26.72402533646532
2801621250.0,-26.73723473817285
2801624375.0,-26.75039397825095
2801627500.0,-26.7630407558147
2801630625.0,-26.775803597772274
2801633750.0,-26.788671816238818
2801636875.0,-26.80127350108037
2801640000.0,-26.81380251696828
2801643125.0,-26.826596088905607
2801646250.0,-26.83883233166272
2801649375.0,-26.851473955447318
2801652500.0,-26.86472723252681
2801655625.0,-26.878188289378652
2801658750.0,-26.89005112934069
2801661875.0,-26.90303266315708
2801665000.0,-26.915000252048298
2801668125.0,-26.927658334648495
2801671250.0,-26.940309836129533
2801674375.0,-26.952662660338177
2801677500.0,-26.96516194078921
2801680625.0,-26.977472720713735
2801683750.0,-26.98949533910245
2801686875.0,-27.002587458284392
2801690000.0,-27.01493134268903
2801693125.0,-27.027926037693234
2801696250.0,-27.040488710969626
2801699375.0,-27.052246780244097
2801702500.0,-27.064343824238684
2801705625.0,-27.077826960909977
2801708750.0,-27.088447868848657
2801711875.0,-27.10136157876508
2801715000.0,-27.11462931996342
2801718125.0,-27.126650609952335
2801721250.0,-27.138995244269047
2801724375.0,-27.152207842654885
2801727500.0,-27.162669788945625
2801730625.0,-27.175456412371194
2801733750.0,-27.18826988579399
2801736875.0,-27.20001126933348
2801740000.0,-27.21232778978185
2801743125.0,-27.22389973687721
2801746250.0,-27.236180314180498
2801749375.0,-27.248374994607417
2801752500.0,-27.261799642107533
2801755625.0,-27.27239656857428
2801758750.0,-27.28442918489416
2801761875.0,-27.296996236549408
2801765000.0,-27.30879600135565
2801768125.0,-27.32129421244051
2801771250.0,-27.333520486719642
2801774375.0,-27.34480150085676
2801777500.0,-27.357561322598254
2801780625.0,-27.36946556446354
2801783750.0,-27.380750753817274
2801786875.0,-27.39265277306495
2801790000.0,-27.40427239148143
2801793125.0,-27.416439726022347
2801796250.0,-27.42878103391339
2801799375.0,-27.439371956372785
2801802500.0,-27.4527396512561
2801805625.0,-27.463108331208325
2801808750.0,-27.476801832011677
2801811875.0,-27.48751495712642
2801815000.0,-27.498637713254315
2801818125.0,-27.51104222259728
2801821250.0,-27.522818438185798
2801824375.0,-27.534547957778987
2801827500.0,-27.546941872418838
2801830625.0,-27.558299826801267
2801833750.0,-27.569120673188717
2801836875.0,-27.581435037726624
2801840000.0,-27.594322535902908
2801843125.0,-27.604916070702977
2801846250.0,-27.616360492297638
2801849375.0,-27.627778984608906
2801852500.0,-27.639932967565457
2801855625.0,-27.652330053093433
2801858750.0,-27.66328760879731
2801861875.0,-27.67384247529181
2801865000.0,-27.686038574258706
2801868125.0,-27.697171720654225
2801871250.0,-27.709503023565613
2801874375.0,-27.719706781412945
2801877500.0,-27.73289414847437
2801880625.0,-27.74264524184882
2801883750.0,-27.756396644199107
2801886875.0,-27.765561828551988
2801890000.0,-27.778224854712292
2801893125.0,-27.788086786267936
2801896250.0,-27.801046415401192
2801899375.0,-27.811878587328934
2801902500.0,-27.82410647130195
2801905625.0,-27.83472362580565
2801908750.0,-27.846324217133933
2801911875.0,-27.857299949637707
2801915000.0,-27.86924831714383
2801918125.0,-27.879950101945965
2801921250.0,-27.89025165702858
2801924375.0,-27.902393050509573
2801927500.0,-27.914317796735872
2801930625.0,-27.924913637113367
2801933750.0,-27.93599551251909
2801936875.0,-27.947634125740482
2801940000.0,-27.95753484684025
2801943125.0,-27.970904485528976
2801946250.0,-27.980708357512324
2801949375.0,-27.99132471080908
2801952500.0,-28.003080446806962
2801955625.0,-28.01367645853828
2801958750.0,-28.02502965073122
2801961875.0,-28.035896207183608
2801965000.0,-28.047933409762297
2801968125.0,-28.05851673817737
2801971250.0,-28.06876344613195
2801974375.0,-28.079753205914553
2801977500.0,-28.0921725041726
2801980625.0,-28.102979779471532
2801983750.0,-28.11405798672682
2801986875.0,-28.124872966351706
2801990000.0,-28.13510659910973
2801993125.0,-28.146922562713968
2801996250.0,-28.15741825846583
2801999375.0,-28.168036138774745
2802002500.0,-28.178506280937388
2802005625.0,-28.191089263569307
2802008750.0,-28.20232276245284
2802011875.0,-28.21139321429713
2802015000.0,-28.222052408207613
2802018125.0,-28.23283594934753
2802021250.0,-28.24436965511922
2802024375.0,-28.25420419638858
2802027500.0,-28.265737389462984
2802030625.0,-28.276530702943624
2802033750.0,-28.287590681053203
2802036875.0,-28.298235783798336
2802040000.0,-28.309406601612828
