4100541249.999997,-72.49158
4100542187.499997,-72.2411
4100543124.999997,-72.38402
4100544062.499997,-73.28529
4100544999.999997,-71.99654
4100545937.499997,-72.31483
4100546874.999997,-72.35979
4100547812.499997,-72.26694
4100548749.999997,-72.24927
4100549687.499997,-72.03994
4100550624.999997,-72.03375
4100551562.499997,-72.65775
4100552499.999997,-72.21593
4100553437.499997,-72.1147
4100554374.999997,-72.06413
4100555312.499997,-72.229
4100556249.999997,-72.58978
4100557187.499997,-72.51927
4100558124.999997,-72.56294
4100559062.499997,-72.236
4100559999.999997,-72.49667
4100560937.499997,-72.08912
4100561874.999997,-72.56213
4100562812.499997,-72.50652
4100563749.999997,-71.69576
4100564687.499997,-72.83508
4100565624.999997,-71.97073
4100566562.499997,-73.19473
4100567499.999997,-72.23859
4100568437.499997,-71.96795
4100569374.999997,-73.05764
4100570312.499997,-72.06647
4100571249.999997,-72.04424
4100572187.499997,-72.42867
4100573124.999997,-72.45206
4100574062.499997,-72.5433
4100574999.999997,-72.0555
4100575937.499997,-73.15691
4100576874.999997,-73.02938
4100577812.499997,-72.0463
4100578749.999997,-72.18427
4100579687.499997,-72.76717
4100580624.999997,-71.77921
4100581562.499997,-72.73785
4100582499.999997,-72.31891
4100583437.499997,-72.55902
4100584374.999997,-72.21974
4100585312.499997,-72.468
4100586249.999997,-71.99391
4100587187.499997,-72.58039
4100588124.999997,-72.16864
4100589062.499997,-72.22102
4100589999.999997,-71.7457
4100590937.499997,-72.29852
4100591874.999997,-72.56271
4100592812.499997,-72.00436
4100593749.999997,-72.56233
4100594687.499997,-71.69833
4100595624.999997,-73.07613
4100596562.499997,-72.56879
4100597499.999997,-72.56977
4100598437.499997,-72.22189
4100599374.999997,-71.74723
4100600312.499997,-71.97473
4100601249.999997,-72.84087
4100602187.499997,-73.13303
4100603124.999997,-72.16316
4100604062.499997,-72.50603
4100604999.999997,-72.34193
4100605937.499997,-72.688
4100606874.999997,-73.13081
4100607812.499997,-72.19066
4100608749.999997,-72.40482
4100609687.499997,-71.79826
4100610624.999997,-72.64473
4100611562.499997,-72.61622
4100612499.999997,-72.50917
4100613437.499997,-72.67941
4100614374.999997,-72.41302
4100615312.499997,-72.11533
4100616249.999997,-72.13105
4100617187.499997,-72.00772
4100618124.999997,-71.57693
4100619062.499997,-72.22689
4100619999.999997,-71.97169
4100620937.499997,-72.97202
4100621874.999997,-72.84044
4100622812.499997,-72.29178
4100623749.999997,-72.02023
4100624687.499997,-72.6507
4100625624.999997,-72.61194
4100626562.499997,-73.06015
4100627499.999997,-72.2516
4100628437.499997,-72.5888
4100629374.999997,-72.86859
4100630312.499997,-72.60094
4100631249.999997,-72.25665
4100632187.499997,-72.84537
4100633124.999997,-72.35585
4100634062.499997,-72.12701
4100634999.999997,-72.51282
4100635937.499997,-72.72873
4100636874.999997,-73.42084
4100637812.499997,-71.67189
4100638749.999997,-72.20692
4100639687.499997,-73.07202
4100640624.999997,-71.84143
4100641562.499997,-72.24014
4100642499.999997,-72.24997
4100643437.499997,-72.74564
4100644374.999997,-72.51693
4100645312.499997,-73.66923
4100646249.999997,-72.14046
4100647187.499997,-72.50487
4100648124.999997,-72.73784
4100649062.499997,-72.77537
4100649999.999997,-72.4324
4100650937.499997,-72.24167
4100651874.999997,-72.20802
4100652812.499997,-72.54804
4100653749.999997,-72.25495
4100654687.499997,-72.61317
4100655624.999997,-72.33432
4100656562.499997,-72.63088
4100657499.999997,-72.76674
4100658437.499997,-72.33939
4100659374.999997,-72.19353
4100660312.499997,-71.89237
4100661249.999997,-72.34291
4100662187.499997,-72.83024
4100663124.999997,-72.45049
4100664062.499997,-72.17856
4100664999.999997,-72.55227
4100665937.499997,-72.57571
4100666874.999997,-72.68978
4100667812.499997,-72.33654
4100668749.999997,-72.30651
4100669687.499997,-73.18112
4100670624.999997,-72.57324
4100671562.499997,-72.61195
4100672499.999997,-72.5632
4100673437.499997,-72.56268
4100674374.999997,-71.37506
4100675312.499997,-71.871
4100676249.999997,-72.6861
4100677187.499997,-72.33057
4100678124.999997,-72.74779
4100679062.499997,-71.77293
4100679999.999997,-72.2392
4100680937.499997,-73.27258
4100681874.999997,-72.59855
4100682812.499997,-72.16885
4100683749.999997,-72.93944
4100684687.499997,-72.37811
4100685624.999997,-73.02477
4100686562.499997,-72.23497
4100687499.999997,-72.09826
4100688437.499997,-72.45013
4100689374.999997,-72.5529
4100690312.499997,-72.1897
4100691249.999997,-72.30633
4100692187.499997,-71.82919
4100693124.999997,-72.78947
4100694062.499997,-72.8956
4100694999.999997,-72.78992
4100695937.499997,-73.4588
4100696874.999997,-72.63201
4100697812.499997,-72.51371
4100698749.999997,-72.20818
4100699687.499997,-71.91473
4100700624.999997,-72.58189
4100701562.499997,-72.31491
4100702499.999997,-73.22698
4100703437.499997,-72.07822
4100704374.999997,-72.5318
4100705312.499997,-72.3317
4100706249.999997,-72.02207
4100707187.499997,-71.69515
4100708124.999997,-72.27139
4100709062.499997,-72.30302
4100709999.999997,-72.74454
4100710937.499997,-72.02722
4100711874.999997,-72.98154
4100712812.499997,-72.13897
4100713749.999997,-72.44962
4100714687.499997,-72.32083
4100715624.999997,-72.21477
4100716562.499997,-71.88049
4100717499.999997,-72.31395
4100718437.499997,-72.22301
4100719374.999997,-72.42893
4100720312.499997,-73.29083
4100721249.999997,-72.60175
4100722187.499997,-72.20283
4100723124.999997,-71.91761
4100724062.499997,-72.64458
4100724999.999997,-72.09547
4100725937.499997,-72.64622
4100726874.999997,-72.50762
4100727812.499997,-72.1434
4100728749.999997,-72.33057
4100729687.499997,-71.84042
4100730624.999997,-73.28094
4100731562.499997,-72.32321
4100732499.999997,-73.16787
4100733437.499997,-72.5568
4100734374.999997,-72.47433
4100735312.499997,-72.45409
4100736249.999997,-71.90227
4100737187.499997,-71.9725
4100738124.999997,-71.84682
4100739062.499997,-72.51152
4100739999.999997,-73.00484
4100740937.499997,-72.3204
4100741874.999997,-72.8318
4100742812.499997,-72.1613
4100743749.999997,-72.26601
4100744687.499997,-72.11906
4100745624.999997,-72.31866
4100746562.499997,-72.59732
4100747499.999997,-71.73243
4100748437.499997,-71.5433
4100749374.999997,-72.08047
4100750312.499997,-72.38928
4100751249.999997,-72.24241
4100752187.499997,-72.78831
4100753124.999997,-72.4501
4100754062.499997,-72.00862
4100754999.999997,-72.55283
4100755937.499997,-71.88496
4100756874.999997,-72.76025
4100757812.499997,-71.80762
4100758749.999997,-72.5509
4100759687.499997,-72.14289
4100760624.999997,-72.59499
4100761562.499997,-72.95816
4100762499.999997,-72.66105
4100763437.499997,-72.02882
4100764374.999997,-72.25996
4100765312.499997,-72.45944
4100766249.999997,-72.36445
4100767187.499997,-72.11017
4100768124.999997,-72.34197
4100769062.499997,-72.52843
4100769999.999997,-72.52322
4100770937.499997,-71.70995
4100771874.999997,-72.29284
4100772812.499997,-71.41373
4100773749.999997,-72.11173
4100774687.499997,-73.19682
4100775624.999997,-71.45575
4100776562.499997,-72.11709
4100777499.999997,-72.97348
4100778437.499997,-72.27929
4100779374.999997,-72.21192
4100780312.499997,-72.19285
4100781249.999997,-72.58873
4100782187.499997,-72.27998
4100783124.999997,-71.86994
4100784062.499997,-72.47869
4100784999.999997,-71.72083
4100785937.499997,-72.65849
4100786874.999997,-71.45835
4100787812.499997,-72.74551
4100788749.999997,-71.91486
4100789687.499997,-71.51665
4100790624.999997,-72.10535
4100791562.499997,-72.06382
4100792499.999997,-72.93145
4100793437.499997,-72.39089
4100794374.999997,-73.73242
4100795312.499997,-72.8584
4100796249.999997,-72.38344
4100797187.499997,-72.80779
4100798124.999997,-71.95854
4100799062.499997,-72.04151
4100799999.999997,-72.69991
4100800937.499997,-72.08624
4100801874.999997,-72.91608
4100802812.499997,-72.41914
4100803749.999997,-72.4494
4100804687.499997,-72.46215
4100805624.999997,-73.14316
4100806562.499997,-73.02079
4100807499.999997,-72.19595
4100808437.499997,-72.59262
4100809374.999997,-72.20517
4100810312.499997,-72.63661
4100811249.999997,-72.83127
4100812187.499997,-72.17622
4100813124.999997,-72.45789
4100814062.499997,-72.26134
4100814999.999997,-72.57517
4100815937.499997,-71.61787
4100816874.999997,-72.58662
4100817812.499997,-72.23538
4100818749.999997,-72.20487
4100819687.499997,-72.65332
4100820624.999997,-72.48235
4100821562.499997,-72.30201
4100822499.999997,-71.94251
4100823437.499997,-72.2456
4100824374.999997,-72.04566
4100825312.499997,-72.32964
4100826249.999997,-72.22462
4100827187.499997,-72.32965
4100828124.999997,-71.86481
4100829062.499997,-72.44152
4100829999.999997,-72.62504
4100830937.499997,-72.53675
4100831874.999997,-71.38325
4100832812.499997,-72.14764
4100833749.999997,-72.00313
4100834687.499997,-72.29002
4100835624.999997,-72.5182
4100836562.499997,-72.1973
4100837499.999997,-71.85963
4100838437.499997,-71.98183
4100839374.999997,-73.23591
4100840312.499997,-72.84068
4100841249.999997,-72.21494
4100842187.499997,-72.38282
4100843124.999997,-72.50443
4100844062.499997,-72.26524
4100844999.999997,-72.30312
4100845937.499997,-72.59563
4100846874.999997,-71.82095
4100847812.499997,-72.56511
4100848749.999997,-72.64452
4100849687.499997,-72.44835
4100850624.999997,-72.94959
4100851562.499997,-72.53519
4100852499.999997,-73.02049
4100853437.499997,-72.64382
4100854374.999997,-72.57527
4100855312.499997,-72.80657
4100856249.999997,-72.77212
4100857187.499997,-72.02805
4100858124.999997,-72.80838
4100859062.499997,-72.53251
4100859999.999997,-72.21304
4100860937.499997,-72.94961
4100861874.999997,-72.35382
4100862812.499997,-72.17188
4100863749.999997,-72.47756
4100864687.499997,-72.01419
4100865624.999997,-71.88988
4100866562.499997,-72.08057
4100867499.999997,-72.22881
4100868437.499997,-72.75528
4100869374.999997,-72.50658
4100870312.499997,-71.77985
4100871249.999997,-72.1741
4100872187.499997,-72.2951
4100873124.999997,-72.40032
4100874062.499997,-72.6563
4100874999.999997,-72.31333
4100875937.499997,-72.12833
4100876874.999997,-72.627
4100877812.499997,-72.76662
4100878749.999997,-72.20307
4100879687.499997,-72.22358
4100880624.999997,-72.39613
4100881562.499997,-72.11295
4100882499.999997,-72.62499
4100883437.499997,-71.97366
4100884374.999997,-72.58564
4100885312.499997,-72.19647
4100886249.999997,-72.55961
4100887187.499997,-72.04575
4100888124.999997,-71.80169
4100889062.499997,-72.42497
4100889999.999997,-72.32034
4100890937.499997,-72.35266
4100891874.999997,-72.1024
4100892812.499997,-72.42596
4100893749.999997,-71.70268
4100894687.499997,-72.22295
4100895624.999997,-72.35705
4100896562.499997,-72.23673
4100897499.999997,-72.14188
4100898437.499997,-71.91815
4100899374.999997,-72.40339
4100900312.499997,-72.50645
4100901249.999997,-72.14857
4100902187.499997,-72.98648
4100903124.999997,-71.5873
4100904062.499997,-72.74622
4100904999.999997,-73.42343
4100905937.499997,-72.41767
4100906874.999997,-72.11485
4100907812.499997,-72.37155
4100908749.999997,-72.18204
4100909687.499997,-71.97372
4100910624.999997,-71.80153
4100911562.499997,-72.75435
4100912499.999997,-72.27856
4100913437.499997,-72.43484
4100914374.999997,-72.01178
4100915312.499997,-71.52778
4100916249.999997,-72.09971
4100917187.499997,-72.07468
4100918124.999997,-72.46079
4100919062.499997,-73.06632
4100919999.999997,-71.96314
4100920937.499997,-72.54832
4100921874.999997,-73.08281
4100922812.499997,-71.97101
4100923749.999997,-72.71473
4100924687.499997,-72.20257
4100925624.999997,-71.71132
4100926562.499997,-72.24818
4100927499.999997,-72.63026
4100928437.499997,-72.71256
4100929374.999997,-73.3008
4100930312.499997,-72.52734
4100931249.999997,-72.03151
4100932187.499997,-72.09399
4100933124.999997,-72.35674
4100934062.499997,-72.56033
4100934999.999997,-72.30428
4100935937.499997,-73.20262
4100936874.999997,-72.10789
4100937812.499997,-72.48595
4100938749.999997,-72.37459
4100939687.499997,-72.06828
4100940624.999997,-72.75595
4100941562.499997,-72.58247
4100942499.999997,-71.89539
4100943437.499997,-71.83344
4100944374.999997,-71.96516
4100945312.499997,-72.71838
4100946249.999997,-71.88815
4100947187.499997,-72.27672
4100948124.999997,-72.69747
4100949062.499997,-72.56499
4100949999.999997,-71.78166
4100950937.499997,-71.84454
4100951874.999997,-72.467
4100952812.499997,-72.28462
4100953749.999997,-72.85809
4100954687.499997,-72.24646
4100955624.999997,-72.70298
4100956562.499997,-72.35662
4100957499.999997,-72.81184
4100958437.499997,-72.39818
4100959374.999997,-71.54323
4100960312.499997,-72.05466
4100961249.999997,-71.47043
4100962187.499997,-72.46289
4100963124.999997,-71.76418
4100964062.499997,-72.35284
4100964999.999997,-72.21577
4100965937.499997,-72.39326
4100966874.999997,-72.29194
4100967812.499997,-72.68965
4100968749.999997,-72.37144
4100969687.499997,-72.26752
4100970624.999997,-71.96326
4100971562.499997,-72.20653
4100972499.999997,-72.56727
4100973437.499997,-71.84229
4100974374.999997,-72.65681
4100975312.499997,-72.61958
4100976249.999997,-72.70499
4100977187.499997,-72.24549
4100978124.999997,-73.0643
4100979062.499997,-73.23788
4100979999.999997,-72.42252
4100980937.499997,-72.11462
4100981874.999997,-72.5681
4100982812.499997,-72.30315
4100983749.999997,-72.29821
4100984687.499997,-72.34531
4100985624.999997,-72.06293
4100986562.499997,-72.039
4100987499.999997,-72.42601
4100988437.499997,-72.71202
4100989374.999997,-72.22295
4100990312.499997,-72.31347
4100991249.999997,-71.79205
4100992187.499997,-71.97068
4100993124.999997,-71.81637
4100994062.499997,-71.87302
4100994999.999997,-72.92225
4100995937.499997,-72.242
4100996874.999997,-72.58863
4100997812.499997,-72.29054
4100998749.999997,-71.87766
4100999687.499997,-71.92867
4101000624.999997,-72.54259
4101001562.499997,-71.80549
4101002499.999997,-72.71488
4101003437.499997,-72.44441
4101004374.999997,-72.59745
4101005312.499997,-71.88268
4101006249.999997,-72.72731
4101007187.499997,-72.3623
4101008124.999997,-72.91337
4101009062.499997,-72.86361
4101009999.999997,-72.18053
4101010937.499997,-71.95038
4101011874.999997,-72.2771
4101012812.499997,-72.10786
4101013749.999997,-72.59536
4101014687.499997,-73.09997
4101015624.999997,-72.58372
4101016562.499997,-72.46768
4101017499.999997,-72.67479
4101018437.499997,-72.06435
4101019374.999997,-72.01001
4101020312.499997,-72.09164
4101021249.999997,-72.36916
4101022187.499997,-71.96358
4101023124.999997,-72.88033
4101024062.499997,-71.93659
4101024999.999997,-72.62787
4101025937.499997,-72.85946
4101026874.999997,-71.85267
4101027812.499997,-72.23891
4101028749.999997,-72.45016
4101029687.499997,-71.9852
4101030624.999997,-72.44316
4101031562.499997,-72.71655
4101032499.999997,-72.59832
4101033437.499997,-72.67852
4101034374.999997,-71.79009
4101035312.499997,-72.47702
4101036249.999997,-72.55149
4101037187.499997,-72.65506
4101038124.999997,-72.00414
4101039062.499997,-71.65655
4101039999.999997,-71.17838
4101040937.499997,-71.9424
4101041874.999997,-73.06218
4101042812.499997,-72.37766
4101043749.999997,-72.26019
4101044687.499997,-72.41854
4101045624.999997,-71.99482
4101046562.499997,-72.16158
4101047499.999997,-71.77534
4101048437.499997,-72.55898
4101049374.999997,-72.14521
4101050312.499997,-72.49679
4101051249.999997,-71.86704
4101052187.499997,-72.18633
4101053124.999997,-72.02433
4101054062.499997,-71.99842
4101054999.999997,-72.05571
4101055937.499997,-72.14443
4101056874.999997,-72.37666
4101057812.499997,-73.31205
4101058749.999997,-71.93487
4101059687.499997,-72.06335
4101060624.999997,-71.94135
4101061562.499997,-72.23457
4101062499.999997,-72.40655
4101063437.499997,-73.17103
4101064374.999997,-71.5911
4101065312.499997,-72.29743
4101066249.999997,-72.3303
4101067187.499997,-71.80957
4101068124.999997,-72.16235
4101069062.499997,-72.23985
4101069999.999997,-71.82972
4101070937.499997,-71.52153
4101071874.999997,-71.92435
4101072812.499997,-72.05162
4101073749.999997,-71.44277
4101074687.499997,-71.49389
4101075624.999997,-72.21006
4101076562.499997,-72.14674
4101077499.999997,-71.72064
4101078437.499997,-72.18546
4101079374.999997,-72.09546
4101080312.499997,-72.00703
4101081249.999997,-71.91431
4101082187.499997,-71.97166
4101083124.999997,-72.18185
4101084062.499997,-72.25454
4101084999.999997,-72.64497
4101085937.499997,-71.932
4101086874.999997,-71.52785
4101087812.499997,-72.45944
4101088749.999997,-72.15224
4101089687.499997,-72.27599
4101090624.999997,-72.423
4101091562.499997,-72.42131
4101092499.999997,-72.19807
4101093437.499997,-72.72735
4101094374.999997,-72.11572
4101095312.499997,-71.55669
4101096249.999997,-72.33658
4101097187.499997,-71.5968
4101098124.999997,-72.42525
4101099062.499997,-72.12384
4101099999.999997,-72.46929
4101100937.499997,-72.49934
4101101874.999997,-72.45946
4101102812.499997,-71.83306
4101103749.999997,-72.15166
4101104687.499997,-72.04576
4101105624.999997,-71.82919
4101106562.499997,-72.23462
4101107499.999997,-72.63104
4101108437.499997,-72.53983
4101109374.999997,-72.11386
4101110312.499997,-72.01167
4101111249.999997,-72.51217
4101112187.499997,-72.4114
4101113124.999997,-71.70565
4101114062.499997,-72.10916
4101114999.999997,-72.59777
4101115937.499997,-72.20502
4101116874.999997,-72.59628
4101117812.499997,-72.47098
4101118749.999997,-72.4664
4101119687.499997,-72.45287
4101120624.999997,-72.22029
4101121562.499997,-71.7342
4101122499.999997,-71.30258
4101123437.499997,-72.97021
4101124374.999997,-72.20694
4101125312.499997,-72.11395
4101126249.999997,-72.30448
4101127187.499997,-72.19399
4101128124.999997,-71.10345
4101129062.499997,-72.39694
4101129999.999997,-73.02652
4101130937.499997,-72.59019
4101131874.999997,-71.64516
4101132812.499997,-71.55637
4101133749.999997,-72.12848
4101134687.499997,-72.4737
4101135624.999997,-73.04807
4101136562.499997,-72.66988
4101137499.999997,-72.46301
4101138437.499997,-72.62839
4101139374.999997,-72.49408
4101140312.499997,-72.26558
4101141249.999997,-71.76324
4101142187.499997,-72.24906
4101143124.999997,-72.14547
4101144062.499997,-71.81019
4101144999.999997,-72.44714
4101145937.499997,-72.48051
4101146874.999997,-72.4208
4101147812.499997,-71.57618
4101148749.999997,-72.25423
4101149687.499997,-72.50091
4101150624.999997,-72.69789
4101151562.499997,-72.76848
4101152499.999997,-72.48978
4101153437.499997,-71.64268
4101154374.999997,-72.17025
4101155312.499997,-72.41568
4101156249.999997,-72.15285
4101157187.499997,-72.17126
4101158124.999997,-72.1624
4101159062.499997,-71.96938
4101159999.999997,-71.68724
4101160937.499997,-71.53986
4101161874.999997,-71.85143
4101162812.499997,-72.89402
4101163749.999997,-72.2627
4101164687.499997,-72.69482
4101165624.999997,-71.78988
4101166562.499997,-71.68615
4101167499.999997,-71.91872
4101168437.499997,-71.8111
4101169374.999997,-71.72504
4101170312.499997,-72.05669
4101171249.999997,-72.41939
4101172187.499997,-72.33244
4101173124.999997,-71.73304
4101174062.499997,-72.40895
4101174999.999997,-71.57372
4101175937.499997,-72.43536
4101176874.999997,-72.61678
4101177812.499997,-72.07256
4101178749.999997,-71.74877
4101179687.499997,-72.37679
4101180624.999997,-73.45519
4101181562.499997,-72.10877
4101182499.999997,-72.18596
4101183437.499997,-72.52289
4101184374.999997,-72.19896
4101185312.499997,-72.30737
4101186249.999997,-72.3209
4101187187.499997,-72.04781
4101188124.999997,-72.04748
4101189062.499997,-71.93554
4101189999.999997,-71.45187
4101190937.499997,-72.32922
4101191874.999997,-73.24216
4101192812.499997,-72.61192
4101193749.999997,-72.9026
4101194687.499997,-71.87241
4101195624.999997,-72.41303
4101196562.499997,-71.74573
4101197499.999997,-72.43227
4101198437.499997,-71.79015
4101199374.999997,-71.39067
4101200312.499997,-72.12064
4101201249.999997,-71.88645
4101202187.499997,-72.10637
4101203124.999997,-72.30907
4101204062.499997,-72.6016
4101204999.999997,-72.41479
4101205937.499997,-72.62999
4101206874.999997,-71.484
4101207812.499997,-72.25636
4101208749.999997,-72.12551
4101209687.499997,-72.85638
4101210624.999997,-72.04886
4101211562.499997,-72.04498
4101212499.999997,-72.60184
4101213437.499997,-72.70342
4101214374.999997,-72.0748
4101215312.499997,-72.2552
4101216249.999997,-72.52169
4101217187.499997,-72.14875
4101218124.999997,-72.76775
4101219062.499997,-71.79559
4101219999.999997,-72.36062
4101220937.499997,-72.11768
4101221874.999997,-72.67185
4101222812.499997,-73.11273
4101223749.999997,-72.41782
4101224687.499997,-72.18477
4101225624.999997,-72.37621
4101226562.499997,-71.89185
4101227499.999997,-72.07285
4101228437.499997,-72.64616
4101229374.999997,-71.62077
4101230312.499997,-72.56606
4101231249.999997,-72.26849
4101232187.499997,-71.99901
4101233124.999997,-72.617
4101234062.499997,-72.32365
4101234999.999997,-72.19074
4101235937.499997,-72.31887
4101236874.999997,-72.44508
4101237812.499997,-72.70589
4101238749.999997,-71.79478
4101239687.499997,-72.19125
4101240624.999997,-72.5433
4101241562.499997,-71.80581
4101242499.999997,-71.99975
4101243437.499997,-72.04704
4101244374.999997,-72.29739
4101245312.499997,-71.71366
4101246249.999997,-72.3539
4101247187.499997,-73.20296
4101248124.999997,-72.30117
4101249062.499997,-71.97537
4101249999.999997,-72.53458
4101250937.499997,-72.02914
4101251874.999997,-72.22803
4101252812.499997,-71.60737
4101253749.999997,-72.30856
4101254687.499997,-71.95879
4101255624.999997,-72.41938
4101256562.499997,-71.73058
4101257499.999997,-73.21009
4101258437.499997,-72.04287
4101259374.999997,-72.35038
4101260312.499997,-72.43412
4101261249.999997,-71.91461
4101262187.499997,-72.07133
4101263124.999997,-72.38126
4101264062.499997,-72.06569
4101264999.999997,-71.88614
4101265937.499997,-72.13297
4101266874.999997,-71.93632
4101267812.499997,-71.5268
4101268749.999997,-72.77889
4101269687.499997,-71.55149
4101270624.999997,-71.90028
4101271562.499997,-72.04689
4101272499.999997,-72.2688
4101273437.499997,-71.89113
4101274374.999997,-72.40009
4101275312.499997,-71.89337
4101276249.999997,-71.70831
4101277187.499997,-71.81118
4101278124.999997,-72.26608
4101279062.499997,-71.93446
4101279999.999997,-72.19509
4101280937.499997,-72.223
4101281874.999997,-72.4417
4101282812.499997,-72.12835
4101283749.999997,-72.56166
4101284687.499997,-72.22345
4101285624.999997,-72.34496
4101286562.499997,-72.42735
4101287499.999997,-71.90692
4101288437.499997,-72.30216
4101289374.999997,-71.96472
4101290312.499997,-72.55723
4101291249.999997,-71.67861
4101292187.499997,-72.01477
4101293124.999997,-71.93492
4101294062.499997,-72.43572
4101294999.999997,-72.32746
4101295937.499997,-72.7357
4101296874.999997,-72.33919
4101297812.499997,-71.94048
4101298749.999997,-72.34492
4101299687.499997,-73.06888
4101300624.999997,-72.51029
4101301562.499997,-71.76286
4101302499.999997,-71.61156
4101303437.499997,-72.70337
4101304374.999997,-72.73224
4101305312.499997,-72.13985
4101306249.999997,-71.43377
4101307187.499997,-71.85355
4101308124.999997,-71.77841
4101309062.499997,-72.47141
4101309999.999997,-72.76293
4101310937.499997,-71.95355
4101311874.999997,-72.99903
4101312812.499997,-71.99591
4101313749.999997,-72.5913
4101314687.499997,-71.71423
4101315624.999997,-72.07425
4101316562.499997,-72.48436
4101317499.999997,-72.25168
4101318437.499997,-71.50439
4101319374.999997,-71.78927
4101320312.499997,-71.34734
4101321249.999997,-72.62466
4101322187.499997,-72.31609
4101323124.999997,-72.15993
4101324062.499997,-72.35686
4101324999.999997,-72.50729
4101325937.499997,-71.65085
4101326874.999997,-71.87135
4101327812.499997,-71.76203
4101328749.999997,-71.77268
4101329687.499997,-71.63029
4101330624.999997,-72.08462
4101331562.499997,-72.34309
4101332499.999997,-71.67897
4101333437.499997,-71.82769
4101334374.999997,-72.20095
4101335312.499997,-72.05182
4101336249.999997,-71.98763
4101337187.499997,-72.04151
4101338124.999997,-72.30849
4101339062.499997,-72.15086
4101339999.999997,-72.29666
4101340937.499997,-71.99277
4101341874.999997,-72.5758
4101342812.499997,-72.75868
4101343749.999997,-72.30756
4101344687.499997,-71.84765
4101345624.999997,-72.26376
4101346562.499997,-72.25492
4101347499.999997,-71.99168
4101348437.499997,-72.34176
4101349374.999997,-71.93428
4101350312.499997,-71.9161
4101351249.999997,-72.33521
4101352187.499997,-72.76215
4101353124.999997,-72.06706
4101354062.499997,-71.58892
4101354999.999997,-72.45177
4101355937.499997,-72.8046
4101356874.999997,-72.08935
4101357812.499997,-72.09653
4101358749.999997,-72.41737
4101359687.499997,-72.2019
4101360624.999997,-71.88267
4101361562.499997,-72.0329
4101362499.999997,-71.54814
4101363437.499997,-72.7404
4101364374.999997,-72.14507
4101365312.499997,-71.75766
4101366249.999997,-72.03081
4101367187.499997,-72.8161
4101368124.999997,-72.60612
4101369062.499997,-72.34721
4101369999.999997,-72.34664
4101370937.499997,-72.31792
4101371874.999997,-72.16151
4101372812.499997,-73.0475
4101373749.999997,-72.01934
4101374687.499997,-72.69157
4101375624.999997,-72.47581
4101376562.499997,-72.29984
4101377499.999997,-72.59474
4101378437.499997,-71.98461
4101379374.999997,-71.99328
4101380312.499997,-71.29796
4101381249.999997,-71.85087
4101382187.499997,-72.41635
4101383124.999997,-71.86701
4101384062.499997,-72.60658
4101384999.999997,-72.17406
4101385937.499997,-71.46009
4101386874.999997,-71.94985
4101387812.499997,-72.87054
4101388749.999997,-72.41517
4101389687.499997,-71.77946
4101390624.999997,-71.73231
4101391562.499997,-71.82153
4101392499.999997,-71.71165
4101393437.499997,-71.71226
4101394374.999997,-71.61386
4101395312.499997,-72.72661
4101396249.999997,-71.76546
4101397187.499997,-71.53776
4101398124.999997,-71.60056
4101399062.499997,-72.43379
4101399999.999997,-72.62671
4101400937.499997,-72.22787
4101401874.999997,-71.68486
4101402812.499997,-72.42643
4101403749.999997,-72.30454
4101404687.499997,-72.33862
4101405624.999997,-72.20794
4101406562.499997,-71.79811
4101407499.999997,-72.34589
4101408437.499997,-71.58327
4101409374.999997,-71.87322
4101410312.499997,-71.79454
4101411249.999997,-71.91028
4101412187.499997,-72.47834
4101413124.999997,-72.28944
4101414062.499997,-72.67213
4101414999.999997,-72.34666
4101415937.499997,-72.17052
4101416874.999997,-72.68432
4101417812.499997,-71.79824
4101418749.999997,-72.04074
4101419687.499997,-72.00287
4101420624.999997,-71.43879
4101421562.499997,-72.38989
4101422499.999997,-72.50668
4101423437.499997,-71.69614
4101424374.999997,-72.53624
4101425312.499997,-72.30556
4101426249.999997,-72.34911
4101427187.499997,-72.23516
4101428124.999997,-71.98199
4101429062.499997,-72.07525
4101429999.999997,-71.68864
4101430937.499997,-71.85438
4101431874.999997,-71.3798
4101432812.499997,-72.14931
4101433749.999997,-72.30836
4101434687.499997,-72.83637
4101435624.999997,-71.98999
4101436562.499997,-72.14112
4101437499.999997,-72.33775
4101438437.499997,-72.46862
4101439374.999997,-72.32563
4101440312.499997,-71.9488
4101441249.999997,-72.16709
4101442187.499997,-72.10137
4101443124.999997,-72.54151
4101444062.499997,-71.74101
4101444999.999997,-72.16602
4101445937.499997,-71.56695
4101446874.999997,-71.73222
4101447812.499997,-72.1946
4101448749.999997,-71.95747
4101449687.499997,-71.97993
4101450624.999997,-71.35513
4101451562.499997,-71.65529
4101452499.999997,-71.54897
4101453437.499997,-72.06916
4101454374.999997,-72.27377
4101455312.499997,-72.05385
4101456249.999997,-72.19244
4101457187.499997,-72.57519
4101458124.999997,-71.71794
4101459062.499997,-72.70758
4101459999.999997,-72.07932
4101460937.499997,-71.87026
4101461874.999997,-71.72329
4101462812.499997,-71.616
4101463749.999997,-71.7122
4101464687.499997,-72.26897
4101465624.999997,-72.5889
4101466562.499997,-72.21009
4101467499.999997,-72.71838
4101468437.499997,-72.16303
4101469374.999997,-71.49965
4101470312.499997,-72.17738
4101471249.999997,-71.32983
4101472187.499997,-72.31108
4101473124.999997,-71.94411
4101474062.499997,-72.37445
4101474999.999997,-72.10749
4101475937.499997,-71.8625
4101476874.999997,-72.46758
4101477812.499997,-71.85185
4101478749.999997,-71.57595
4101479687.499997,-72.26501
4101480624.999997,-72.13412
4101481562.499997,-71.7562
4101482499.999997,-71.51546
4101483437.499997,-71.95957
4101484374.999997,-73.074
4101485312.499997,-72.86296
4101486249.999997,-72.26707
4101487187.499997,-71.91961
4101488124.999997,-71.76067
4101489062.499997,-72.39341
4101489999.999997,-72.13072
4101490937.499997,-72.57057
4101491874.999997,-72.23842
4101492812.499997,-72.13142
4101493749.999997,-71.94065
4101494687.499997,-72.14563
4101495624.999997,-71.17231
4101496562.499997,-71.71803
4101497499.999997,-73.15264
4101498437.499997,-72.05424
4101499374.999997,-72.13589
4101500312.499997,-71.75101
4101501249.999997,-72.66589
4101502187.499997,-71.71953
4101503124.999997,-72.13007
4101504062.499997,-71.5425
4101504999.999997,-72.06839
4101505937.499997,-72.21957
4101506874.999997,-71.96876
4101507812.499997,-72.23649
4101508749.999997,-72.04709
4101509687.499997,-71.97121
4101510624.999997,-72.30676
4101511562.499997,-71.63808
4101512499.999997,-72.27167
4101513437.499997,-71.8848
4101514374.999997,-72.1492
4101515312.499997,-72.52313
4101516249.999997,-71.74688
4101517187.499997,-71.87313
4101518124.999997,-72.5449
4101519062.499997,-71.3445
4101519999.999997,-72.001
4101520937.499997,-72.17493
4101521874.999997,-71.45337
4101522812.499997,-72.85143
4101523749.999997,-72.24081
4101524687.499997,-71.95166
4101525624.999997,-72.27628
4101526562.499997,-71.33379
4101527499.999997,-72.39731
4101528437.499997,-72.11483
4101529374.999997,-72.0002
4101530312.499997,-71.78363
4101531249.999997,-72.08967
4101532187.499997,-71.25349
4101533124.999997,-71.69633
4101534062.499997,-72.12497
4101534999.999997,-71.43329
4101535937.499997,-72.17246
4101536874.999997,-72.10291
4101537812.499997,-71.59851
4101538749.999997,-71.70036
4101539687.499997,-72.50645
4101540624.999997,-71.28211
4101541562.499997,-72.27083
4101542499.999997,-72.31518
4101543437.499997,-72.40522
4101544374.999997,-71.53589
4101545312.499997,-72.26091
4101546249.999997,-72.5302
4101547187.499997,-72.21565
4101548124.999997,-72.31369
4101549062.499997,-72.49471
4101549999.999997,-72.13796
4101550937.499997,-71.74775
4101551874.999997,-71.65539
4101552812.499997,-72.41471
4101553749.999997,-72.30355
4101554687.499997,-72.43259
4101555624.999997,-72.12386
4101556562.499997,-72.30917
4101557499.999997,-72.2451
4101558437.499997,-72.48469
4101559374.999997,-71.94042
4101560312.499997,-72.31912
4101561249.999997,-71.81182
4101562187.499997,-72.42883
4101563124.999997,-71.6133
4101564062.499997,-71.93224
4101564999.999997,-72.63215
4101565937.499997,-71.8023
4101566874.999997,-72.61099
4101567812.499997,-71.90818
4101568749.999997,-71.98073
4101569687.499997,-71.66393
4101570624.999997,-72.28056
4101571562.499997,-72.32577
4101572499.999997,-72.13821
4101573437.499997,-72.21596
4101574374.999997,-72.15682
4101575312.499997,-71.99028
4101576249.999997,-71.99718
4101577187.499997,-71.35545
4101578124.999997,-71.95574
4101579062.499997,-71.70172
4101579999.999997,-71.49657
4101580937.499997,-71.77335
4101581874.999997,-71.27182
4101582812.499997,-71.87796
4101583749.999997,-72.2393
4101584687.499997,-71.92412
4101585624.999997,-72.14503
4101586562.499997,-71.57102
4101587499.999997,-71.41777
4101588437.499997,-72.10561
4101589374.999997,-71.97418
4101590312.499997,-71.83394
4101591249.999997,-71.78027
4101592187.499997,-71.97289
4101593124.999997,-71.50195
4101594062.499997,-71.9917
4101594999.999997,-72.32626
4101595937.499997,-72.0386
4101596874.999997,-71.73769
4101597812.499997,-71.84591
4101598749.999997,-71.03923
4101599687.499997,-72.24402
4101600624.999997,-72.49541
4101601562.499997,-72.36693
4101602499.999997,-72.01746
4101603437.499997,-71.42596
4101604374.999997,-71.53522
4101605312.499997,-71.52563
4101606249.999997,-72.63054
4101607187.499997,-72.73872
4101608124.999997,-72.76517
4101609062.499997,-71.46446
4101609999.999997,-72.41628
4101610937.499997,-72.526
4101611874.999997,-72.40374
4101612812.499997,-72.60909
4101613749.999997,-72.12136
4101614687.499997,-72.26245
4101615624.999997,-71.59801
4101616562.499997,-71.69258
4101617499.999997,-71.93102
4101618437.499997,-71.2897
4101619374.999997,-72.37847
4101620312.499997,-71.21874
4101621249.999997,-72.38054
4101622187.499997,-71.69133
4101623124.999997,-72.04779
4101624062.499997,-72.12476
4101624999.999997,-72.10058
4101625937.499997,-71.30431
4101626874.999997,-72.20253
4101627812.499997,-71.56338
4101628749.999997,-71.65697
4101629687.499997,-71.85668
4101630624.999997,-72.39057
4101631562.499997,-72.78662
4101632499.999997,-72.38402
4101633437.499997,-72.0693
4101634374.999997,-72.25866
4101635312.499997,-72.25417
4101636249.999997,-72.20419
4101637187.499997,-72.23557
4101638124.999997,-71.98011
4101639062.499997,-72.60674
4101639999.999997,-71.60939
4101640937.499997,-72.59689
4101641874.999997,-71.92241
4101642812.499997,-71.82681
4101643749.999997,-72.69866
4101644687.499997,-71.5584
4101645624.999997,-71.89992
4101646562.499997,-71.80301
4101647499.999997,-72.25217
4101648437.499997,-72.23181
4101649374.999997,-72.20808
4101650312.499997,-72.17256
4101651249.999997,-71.66431
4101652187.499997,-71.78474
4101653124.999997,-71.56041
4101654062.499997,-72.06486
4101654999.999997,-72.74636
4101655937.499997,-72.07866
4101656874.999997,-72.08855
4101657812.499997,-70.90726
4101658749.999997,-72.1625
4101659687.499997,-72.4147
4101660624.999997,-71.61171
4101661562.499997,-72.19595
4101662499.999997,-71.9408
4101663437.499997,-71.46085
4101664374.999997,-71.69437
4101665312.499997,-72.04082
4101666249.999997,-72.28397
4101667187.499997,-72.14915
4101668124.999997,-72.36249
4101669062.499997,-71.82244
4101669999.999997,-71.53873
4101670937.499997,-71.86066
4101671874.999997,-71.62093
4101672812.499997,-71.60725
4101673749.999997,-71.75656
4101674687.499997,-72.32341
4101675624.999997,-72.24801
4101676562.499997,-73.40642
4101677499.999997,-72.29094
4101678437.499997,-71.81719
4101679374.999997,-71.47689
4101680312.499997,-72.1404
4101681249.999997,-71.95937
4101682187.499997,-72.37002
4101683124.999997,-72.29234
4101684062.499997,-71.6951
4101684999.999997,-71.93056
4101685937.499997,-72.26398
4101686874.999997,-72.50385
4101687812.499997,-72.64387
4101688749.999997,-71.47736
4101689687.499997,-72.13083
4101690624.999997,-71.97688
4101691562.499997,-72.41401
4101692499.999997,-72.55454
4101693437.499997,-71.39205
4101694374.999997,-71.78178
4101695312.499997,-71.7777
4101696249.999997,-72.36388
4101697187.499997,-71.24606
4101698124.999997,-71.52138
4101699062.499997,-72.04167
4101699999.999997,-72.2135
4101700937.499997,-71.53641
4101701874.999997,-72.76826
4101702812.499997,-71.78533
4101703749.999997,-72.2205
4101704687.499997,-71.92483
4101705624.999997,-71.76724
4101706562.499997,-72.20646
4101707499.999997,-71.49019
4101708437.499997,-71.50733
4101709374.999997,-72.18468
4101710312.499997,-72.4151
4101711249.999997,-72.22215
4101712187.499997,-71.76401
4101713124.999997,-72.1369
4101714062.499997,-71.76923
4101714999.999997,-71.63221
4101715937.499997,-72.86131
4101716874.999997,-72.78184
4101717812.499997,-71.13708
4101718749.999997,-71.84031
4101719687.499997,-71.79828
4101720624.999997,-71.93909
4101721562.499997,-71.62094
4101722499.999997,-71.42117
4101723437.499997,-72.51142
4101724374.999997,-71.27286
4101725312.499997,-72.30124
4101726249.999997,-71.88838
4101727187.499997,-72.70134
4101728124.999997,-71.3995
4101729062.499997,-71.94685
4101729999.999997,-72.3017
4101730937.499997,-72.20335
4101731874.999997,-71.52056
4101732812.499997,-71.97636
4101733749.999997,-71.51737
4101734687.499997,-71.85056
4101735624.999997,-72.94596
4101736562.499997,-71.81636
4101737499.999997,-71.97028
4101738437.499997,-71.89188
4101739374.999997,-71.84711
4101740312.499997,-71.4235
4101741249.999997,-71.21796
4101742187.499997,-71.93261
4101743124.999997,-71.58288
4101744062.499997,-71.62286
4101744999.999997,-71.28168
4101745937.499997,-71.56746
4101746874.999997,-72.11472
4101747812.499997,-71.94614
4101748749.999997,-71.77461
4101749687.499997,-72.38419
4101750624.999997,-71.82588
4101751562.499997,-71.87204
4101752499.999997,-72.25343
4101753437.499997,-72.03194
4101754374.999997,-71.48236
4101755312.499997,-72.14146
4101756249.999997,-72.07347
4101757187.499997,-71.46546
4101758124.999997,-71.7179
4101759062.499997,-71.92278
4101759999.999997,-71.52788
4101760937.499997,-71.46898
4101761874.999997,-72.05103
4101762812.499997,-72.67439
4101763749.999997,-71.42848
4101764687.499997,-72.1031
4101765624.999997,-72.74965
4101766562.499997,-71.80682
4101767499.999997,-71.77845
4101768437.499997,-71.13438
4101769374.999997,-71.54726
4101770312.499997,-71.60739
4101771249.999997,-71.68316
4101772187.499997,-72.24488
4101773124.999997,-72.21227
4101774062.499997,-72.34941
4101774999.999997,-72.09655
4101775937.499997,-71.67438
4101776874.999997,-71.58793
4101777812.499997,-71.67097
4101778749.999997,-71.5669
4101779687.499997,-72.23154
4101780624.999997,-72.62454
4101781562.499997,-71.73702
4101782499.999997,-71.39259
4101783437.499997,-72.44382
4101784374.999997,-72.63044
4101785312.499997,-72.27435
4101786249.999997,-72.59234
4101787187.499997,-71.51034
4101788124.999997,-71.93956
4101789062.499997,-71.30291
4101789999.999997,-72.00901
4101790937.499997,-71.94932
4101791874.999997,-71.59375
4101792812.499997,-71.28784
4101793749.999997,-71.86898
4101794687.499997,-71.94701
4101795624.999997,-72.14125
4101796562.499997,-71.49506
4101797499.999997,-71.85087
4101798437.499997,-72.35201
4101799374.999997,-71.67923
4101800312.499997,-72.54276
4101801249.999997,-71.37288
4101802187.499997,-72.21663
4101803124.999997,-71.89828
4101804062.499997,-71.72531
4101804999.999997,-71.54333
4101805937.499997,-71.41963
4101806874.999997,-72.17088
4101807812.499997,-72.24353
4101808749.999997,-72.46305
4101809687.499997,-72.23114
4101810624.999997,-71.96748
4101811562.499997,-71.84543
4101812499.999997,-71.63695
4101813437.499997,-71.47276
4101814374.999997,-71.98083
4101815312.499997,-72.3451
4101816249.999997,-72.01957
4101817187.499997,-71.63868
4101818124.999997,-72.11918
4101819062.499997,-71.67856
4101819999.999997,-72.23159
4101820937.499997,-72.1899
4101821874.999997,-71.38684
4101822812.499997,-72.20556
4101823749.999997,-71.34623
4101824687.499997,-72.06465
4101825624.999997,-72.2112
4101826562.499997,-71.1664
4101827499.999997,-71.40339
4101828437.499997,-71.61211
4101829374.999997,-71.61378
4101830312.499997,-71.8321
4101831249.999997,-72.84388
4101832187.499997,-72.00642
4101833124.999997,-72.3158
4101834062.499997,-71.30212
4101834999.999997,-71.74892
4101835937.499997,-72.17737
4101836874.999997,-71.76457
4101837812.499997,-71.68044
4101838749.999997,-71.55739
4101839687.499997,-72.33949
4101840624.999997,-71.49032
4101841562.499997,-72.61301
4101842499.999997,-72.83292
4101843437.499997,-71.69582
4101844374.999997,-71.20895
4101845312.499997,-71.50807
4101846249.999997,-72.09933
4101847187.499997,-71.7325
4101848124.999997,-71.56931
4101849062.499997,-71.31961
4101849999.999997,-71.91522
4101850937.499997,-72.16041
4101851874.999997,-72.24523
4101852812.499997,-71.85831
4101853749.999997,-71.49406
4101854687.499997,-71.89462
4101855624.999997,-71.76303
4101856562.499997,-71.8297
4101857499.999997,-71.63564
4101858437.499997,-71.88384
4101859374.999997,-72.40909
4101860312.499997,-71.84101
4101861249.999997,-71.59779
4101862187.499997,-72.11536
4101863124.999997,-71.63789
4101864062.499997,-71.65181
4101864999.999997,-72.2517
4101865937.499997,-72.0695
4101866874.999997,-71.29811
4101867812.499997,-72.83328
4101868749.999997,-71.96512
4101869687.499997,-71.86462
4101870624.999997,-71.64902
4101871562.499997,-71.96186
4101872499.999997,-71.83575
4101873437.499997,-71.70657
4101874374.999997,-71.24109
4101875312.499997,-71.66467
4101876249.999997,-71.85854
4101877187.499997,-72.85931
4101878124.999997,-71.80103
4101879062.499997,-71.94273
4101879999.999997,-71.76196
4101880937.499997,-72.61809
4101881874.999997,-71.76787
4101882812.499997,-71.64367
4101883749.999997,-72.11411
4101884687.499997,-71.90699
4101885624.999997,-71.5014
4101886562.499997,-71.88229
4101887499.999997,-72.09763
4101888437.499997,-71.90434
4101889374.999997,-72.45802
4101890312.499997,-71.62137
4101891249.999997,-71.81499
4101892187.499997,-71.65333
4101893124.999997,-71.61365
4101894062.499997,-71.47572
4101894999.999997,-71.76337
4101895937.499997,-71.77336
4101896874.999997,-72.3164
4101897812.499997,-71.76433
4101898749.999997,-71.71111
4101899687.499997,-72.28051
4101900624.999997,-71.82613
4101901562.499997,-72.34245
4101902499.999997,-71.63722
4101903437.499997,-72.25451
4101904374.999997,-72.7196
4101905312.499997,-72.26256
4101906249.999997,-72.35851
4101907187.499997,-71.43774
4101908124.999997,-72.04581
4101909062.499997,-72.51444
4101909999.999997,-72.40252
4101910937.499997,-72.80702
4101911874.999997,-72.09538
4101912812.499997,-71.83334
4101913749.999997,-72.3131
4101914687.499997,-71.94711
4101915624.999997,-71.90332
4101916562.499997,-71.66808
4101917499.999997,-71.94176
4101918437.499997,-71.7551
4101919374.999997,-72.00516
4101920312.499997,-71.90385
4101921249.999997,-71.60069
4101922187.499997,-72.33238
4101923124.999997,-72.27616
4101924062.499997,-71.23208
4101924999.999997,-71.06483
4101925937.499997,-72.08306
4101926874.999997,-71.7828
4101927812.499997,-71.92516
4101928749.999997,-71.94616
4101929687.499997,-72.27489
4101930624.999997,-72.02418
4101931562.499997,-71.59496
4101932499.999997,-71.50695
4101933437.499997,-72.01862
4101934374.999997,-71.61211
4101935312.499997,-71.8726
4101936249.999997,-71.74225
4101937187.499997,-71.24707
4101938124.999997,-72.05984
4101939062.499997,-71.95016
4101939999.999997,-71.68475
4101940937.499997,-71.40426
4101941874.999997,-72.18838
4101942812.499997,-71.6501
4101943749.999997,-71.57216
4101944687.499997,-71.97749
4101945624.999997,-71.46664
4101946562.499997,-71.25159
4101947499.999997,-71.86105
4101948437.499997,-71.66531
4101949374.999997,-71.62405
4101950312.499997,-71.58524
4101951249.999997,-71.45184
4101952187.499997,-72.07668
4101953124.999997,-71.89204
4101954062.499997,-71.77614
4101954999.999997,-71.38318
4101955937.499997,-71.68916
4101956874.999997,-72.18949
4101957812.499997,-72.04233
4101958749.999997,-71.49657
4101959687.499997,-71.93366
4101960624.999997,-71.24644
4101961562.499997,-71.89319
4101962499.999997,-71.27141
4101963437.499997,-71.67265
4101964374.999997,-71.6389
4101965312.499997,-71.90129
4101966249.999997,-71.94138
4101967187.499997,-71.54101
4101968124.999997,-72.3758
4101969062.499997,-72.20947
4101969999.999997,-72.33624
4101970937.499997,-72.55412
4101971874.999997,-71.93797
4101972812.499997,-71.78465
4101973749.999997,-72.28121
4101974687.499997,-71.99924
4101975624.999997,-71.9855
4101976562.499997,-71.93395
4101977499.999997,-72.18947
4101978437.499997,-72.37034
4101979374.999997,-72.2807
4101980312.499997,-71.6559
4101981249.999997,-71.49411
4101982187.499997,-71.40339
4101983124.999997,-72.5004
4101984062.499997,-72.27692
4101984999.999997,-71.65062
4101985937.499997,-72.3505
4101986874.999997,-71.07726
4101987812.499997,-71.80586
4101988749.999997,-72.26596
4101989687.499997,-71.26775
4101990624.999997,-71.32985
4101991562.499997,-72.15437
4101992499.999997,-71.37921
4101993437.499997,-72.16603
4101994374.999997,-71.87722
4101995312.499997,-72.07436
4101996249.999997,-71.70939
4101997187.499997,-71.25491
4101998124.999997,-71.9553
4101999062.499997,-71.19456
4101999999.999997,-72.17957
4102000937.499997,-72.12443
4102001874.999997,-71.33364
4102002812.499997,-72.22252
4102003749.999997,-72.02048
4102004687.499997,-72.56499
4102005624.999997,-72.00826
4102006562.499997,-72.0987
4102007499.999997,-71.95203
4102008437.499997,-72.1833
4102009374.999997,-71.6713
4102010312.499997,-71.28139
4102011249.999997,-71.79263
4102012187.499997,-71.88809
4102013124.999997,-71.81284
4102014062.499997,-71.85311
4102014999.999997,-72.41234
4102015937.499997,-72.36138
4102016874.999997,-72.15953
4102017812.499997,-71.46771
4102018749.999997,-72.38724
4102019687.499997,-71.66562
4102020624.999997,-72.20605
4102021562.499997,-71.64359
4102022499.999997,-72.11505
4102023437.499997,-71.51048
4102024374.999997,-72.16002
4102025312.499997,-71.49057
4102026249.999997,-71.6071
4102027187.499997,-72.25027
4102028124.999997,-71.82526
4102029062.499997,-71.4576
4102029999.999997,-71.49996
4102030937.499997,-71.81092
4102031874.999997,-71.78202
4102032812.499997,-71.68035
4102033749.999997,-71.18536
4102034687.499997,-71.98494
4102035624.999997,-71.82879
4102036562.499997,-71.92236
4102037499.999997,-71.25517
4102038437.499997,-72.21265
4102039374.999997,-72.3293
4102040312.499997,-71.60728
4102041249.999997,-72.04062
4102042187.499997,-71.90803
4102043124.999997,-71.64738
4102044062.499997,-71.08657
4102044999.999997,-72.72865
4102045937.499997,-72.66962
4102046874.999997,-71.43253
4102047812.499997,-71.8328
4102048749.999997,-71.61551
4102049687.499997,-72.20927
4102050624.999997,-71.79704
4102051562.499997,-71.91592
4102052499.999997,-71.99645
4102053437.499997,-71.87334
4102054374.999997,-71.91396
4102055312.499997,-71.76091
4102056249.999997,-71.56814
4102057187.499997,-72.1757
4102058124.999997,-72.06115
4102059062.499997,-72.17326
4102059999.999997,-71.75987
4102060937.499997,-71.63338
4102061874.999997,-72.35793
4102062812.499997,-71.46607
4102063749.999997,-71.83632
4102064687.499997,-71.90613
4102065624.999997,-71.65538
4102066562.499997,-71.81105
4102067499.999997,-71.62434
4102068437.499997,-72.08951
4102069374.999997,-71.91844
4102070312.499997,-71.51662
4102071249.999997,-71.71802
4102072187.499997,-71.65691
4102073124.999997,-71.73058
4102074062.499997,-71.69686
4102074999.999997,-71.63373
4102075937.499997,-71.89721
4102076874.999997,-71.48924
4102077812.499997,-72.0964
4102078749.999997,-71.72467
4102079687.499997,-72.21266
4102080624.999997,-71.21884
4102081562.499997,-71.86057
4102082499.999997,-71.68206
4102083437.499997,-71.66174
4102084374.999997,-72.50564
4102085312.499997,-72.02869
4102086249.999997,-71.91776
4102087187.499997,-71.84354
4102088124.999997,-71.51022
4102089062.499997,-71.48224
4102089999.999997,-71.70797
4102090937.499997,-71.7458
4102091874.999997,-71.99715
4102092812.499997,-71.92912
4102093749.999997,-72.11625
4102094687.499997,-72.09526
4102095624.999997,-71.80618
4102096562.499997,-72.64243
4102097499.999997,-72.04436
4102098437.499997,-72.25011
4102099374.999997,-72.6307
4102100312.499997,-71.63892
4102101249.999997,-72.06546
4102102187.499997,-71.8895
4102103124.999997,-71.85246
4102104062.499997,-71.57902
4102104999.999997,-71.80081
4102105937.499997,-71.90695
4102106874.999997,-71.87125
4102107812.499997,-71.97268
4102108749.999997,-71.91254
4102109687.499997,-71.32626
4102110624.999997,-71.58901
4102111562.499997,-71.63045
4102112499.999997,-71.62051
4102113437.499997,-71.50124
4102114374.999997,-71.40109
4102115312.499997,-72.58459
4102116249.999997,-72.04938
4102117187.499997,-72.03838
4102118124.999997,-70.65723
4102119062.499997,-71.68904
4102119999.999997,-71.87899
4102120937.499997,-72.08773
4102121874.999997,-71.3952
4102122812.499997,-72.70807
4102123749.999997,-71.80672
4102124687.499997,-71.63351
4102125624.999997,-71.6365
4102126562.499997,-71.97037
4102127499.999997,-71.40395
4102128437.499997,-71.90601
4102129374.999997,-71.71278
4102130312.499997,-71.97827
4102131249.999997,-71.73763
4102132187.499997,-72.16334
4102133124.999997,-72.3913
4102134062.499997,-71.60642
4102134999.999997,-71.11524
4102135937.499997,-72.0142
4102136874.999997,-71.50453
4102137812.499997,-72.15378
4102138749.999997,-72.06681
4102139687.499997,-71.49213
4102140624.999997,-71.55296
4102141562.499997,-71.96751
4102142499.999997,-71.01341
4102143437.499997,-72.01062
4102144374.999997,-71.70798
4102145312.499997,-72.04797
4102146249.999997,-71.41874
4102147187.499997,-71.83333
4102148124.999997,-71.20623
4102149062.499997,-71.83969
4102149999.999997,-71.38477
4102150937.499997,-71.82512
4102151874.999997,-72.04007
4102152812.499997,-71.48988
4102153749.999997,-71.76941
4102154687.499997,-71.47491
4102155624.999997,-71.35061
4102156562.499997,-71.29401
4102157499.999997,-71.86256
4102158437.499997,-72.28529
4102159374.999997,-71.78222
4102160312.499997,-71.64397
4102161249.999997,-71.73875
4102162187.499997,-71.87675
4102163124.999997,-71.50835
4102164062.499997,-71.8827
4102164999.999997,-71.25319
4102165937.499997,-71.36705
4102166874.999997,-71.78083
4102167812.499997,-71.99482
4102168749.999997,-71.56302
4102169687.499997,-71.29351
4102170624.999997,-71.70113
4102171562.499997,-71.64895
4102172499.999997,-71.83489
4102173437.499997,-71.88412
4102174374.999997,-72.0838
4102175312.499997,-71.88874
4102176249.999997,-71.43312
4102177187.499997,-71.79031
4102178124.999997,-71.7752
4102179062.499997,-71.94199
4102179999.999997,-71.50319
4102180937.499997,-71.85493
4102181874.999997,-71.52727
4102182812.499997,-71.8022
4102183749.999997,-72.00516
4102184687.499997,-71.7001
4102185624.999997,-71.81609
4102186562.499997,-72.00304
4102187499.999997,-71.75849
4102188437.499997,-71.20074
4102189374.999997,-71.65531
4102190312.499997,-71.30801
4102191249.999997,-72.13205
4102192187.499997,-71.1403
4102193124.999997,-71.36209
4102194062.499997,-71.20747
4102194999.999997,-72.37785
4102195937.499997,-71.36449
4102196874.999997,-71.59664
4102197812.499997,-71.69421
4102198749.999997,-72.29818
4102199687.499997,-70.79598
4102200624.999997,-72.5018
4102201562.499997,-71.39822
4102202499.999997,-71.67154
4102203437.499997,-71.28606
4102204374.999997,-72.11427
4102205312.499997,-72.2448
4102206249.999997,-71.8179
4102207187.499997,-71.98022
4102208124.999997,-71.54153
4102209062.499997,-71.81408
4102209999.999997,-71.93996
4102210937.499997,-71.73438
4102211874.999997,-72.42287
4102212812.499997,-71.90933
4102213749.999997,-71.99497
4102214687.499997,-71.68639
4102215624.999997,-72.2354
4102216562.499997,-71.42992
4102217499.999997,-72.01945
4102218437.499997,-71.79178
4102219374.999997,-71.15216
4102220312.499997,-71.5947
4102221249.999997,-71.1954
4102222187.499997,-71.60912
4102223124.999997,-71.48885
4102224062.499997,-71.74518
4102224999.999997,-71.01982
4102225937.499997,-72.11757
4102226874.999997,-71.6768
4102227812.499997,-72.12302
4102228749.999997,-71.26532
4102229687.499997,-71.55804
4102230624.999997,-71.19151
4102231562.499997,-71.76397
4102232499.999997,-72.14886
4102233437.499997,-71.74426
4102234374.999997,-72.47549
4102235312.499997,-72.41571
4102236249.999997,-71.58023
4102237187.499997,-71.88625
4102238124.999997,-71.4593
4102239062.499997,-71.58512
4102239999.999997,-72.35228
4102240937.499997,-72.1188
4102241874.999997,-71.48109
4102242812.499997,-72.18681
4102243749.999997,-71.69534
4102244687.499997,-71.99825
4102245624.999997,-72.61018
4102246562.499997,-72.06649
4102247499.999997,-72.00948
4102248437.499997,-71.72132
4102249374.999997,-71.80693
4102250312.499997,-71.79321
4102251249.999997,-71.0863
4102252187.499997,-71.53218
4102253124.999997,-71.95184
4102254062.499997,-71.54815
4102254999.999997,-71.34422
4102255937.499997,-71.77108
4102256874.999997,-72.07498
4102257812.499997,-71.87281
4102258749.999997,-71.75795
4102259687.499997,-71.27914
4102260624.999997,-71.40089
4102261562.499997,-72.08758
4102262499.999997,-71.9118
4102263437.499997,-71.75068
4102264374.999997,-71.77134
4102265312.499997,-71.5705
4102266249.999997,-71.35226
4102267187.499997,-71.92025
4102268124.999997,-71.41786
4102269062.499997,-72.27547
4102269999.999997,-72.55163
4102270937.499997,-71.84045
4102271874.999997,-71.09257
4102272812.499997,-71.77943
4102273749.999997,-71.59356
4102274687.499997,-71.1647
4102275624.999997,-71.91132
4102276562.499997,-71.69188
4102277499.999997,-71.74423
4102278437.499997,-71.00353
4102279374.999997,-70.99839
4102280312.499997,-72.10539
4102281249.999997,-72.09064
4102282187.499997,-71.68657
4102283124.999997,-72.10911
4102284062.499997,-71.46877
4102284999.999997,-70.9137
4102285937.499997,-71.56788
4102286874.999997,-72.05963
4102287812.499997,-71.71721
4102288749.999997,-71.56974
4102289687.499997,-71.59636
4102290624.999997,-71.73489
4102291562.499997,-71.71251
4102292499.999997,-71.89833
4102293437.499997,-71.54759
4102294374.999997,-71.23355
4102295312.499997,-72.1666
4102296249.999997,-71.47459
4102297187.499997,-71.07564
4102298124.999997,-71.20345
4102299062.499997,-71.50323
4102299999.999997,-71.52524
4102300937.499997,-71.92304
4102301874.999997,-71.8492
4102302812.499997,-71.26452
4102303749.999997,-71.6918
4102304687.499997,-71.88124
4102305624.999997,-71.66607
4102306562.499997,-71.78819
4102307499.999997,-71.87505
4102308437.499997,-71.75198
4102309374.999997,-71.90195
4102310312.499997,-72.41
4102311249.999997,-72.40402
4102312187.499997,-72.51526
4102313124.999997,-72.15501
4102314062.499997,-71.77919
4102314999.999997,-71.43723
4102315937.499997,-72.13542
4102316874.999997,-72.23405
4102317812.499997,-71.51491
4102318749.999997,-71.66566
4102319687.499997,-70.90273
4102320624.999997,-71.52788
4102321562.499997,-71.6455
4102322499.999997,-71.62484
4102323437.499997,-71.68817
4102324374.999997,-71.82858
4102325312.499997,-71.07607
4102326249.999997,-71.83631
4102327187.499997,-70.89848
4102328124.999997,-71.51774
4102329062.499997,-71.55418
4102329999.999997,-71.60754
4102330937.499997,-71.99765
4102331874.999997,-71.67825
4102332812.499997,-71.90142
4102333749.999997,-71.6155
4102334687.499997,-72.41614
4102335624.999997,-71.36121
4102336562.499997,-71.87408
4102337499.999997,-71.91926
4102338437.499997,-71.47269
4102339374.999997,-71.21568
4102340312.499997,-71.61864
4102341249.999997,-72.61471
4102342187.499997,-71.25985
4102343124.999997,-71.6721
4102344062.499997,-71.91767
4102344999.999997,-71.21961
4102345937.499997,-71.46502
4102346874.999997,-71.66894
4102347812.499997,-72.32465
4102348749.999997,-71.85699
4102349687.499997,-70.78458
4102350624.999997,-71.88229
4102351562.499997,-71.64114
4102352499.999997,-71.91579
4102353437.499997,-72.14462
4102354374.999997,-71.74976
4102355312.499997,-71.61407
4102356249.999997,-71.96111
4102357187.499997,-72.09151
4102358124.999997,-71.98857
4102359062.499997,-71.17113
4102359999.999997,-71.70827
4102360937.499997,-71.75139
4102361874.999997,-72.13365
4102362812.499997,-71.36801
4102363749.999997,-71.47638
4102364687.499997,-71.30749
4102365624.999997,-71.21841
4102366562.499997,-72.00023
4102367499.999997,-71.0071
4102368437.499997,-71.97581
4102369374.999997,-72.11964
4102370312.499997,-72.53031
4102371249.999997,-72.16412
4102372187.499997,-72.40662
4102373124.999997,-71.95071
4102374062.499997,-71.77154
4102374999.999997,-71.53301
4102375937.499997,-71.71542
4102376874.999997,-71.38377
4102377812.499997,-72.03522
4102378749.999997,-71.44353
4102379687.499997,-71.63305
4102380624.999997,-71.93088
4102381562.499997,-71.16649
4102382499.999997,-72.15362
4102383437.499997,-71.36897
4102384374.999997,-71.36996
4102385312.499997,-71.80984
4102386249.999997,-72.0083
4102387187.499997,-71.20201
4102388124.999997,-71.61095
4102389062.499997,-71.67569
4102389999.999997,-71.60271
4102390937.499997,-71.51538
4102391874.999997,-71.32291
4102392812.499997,-71.83495
4102393749.999997,-71.29533
4102394687.499997,-71.07924
4102395624.999997,-72.3023
4102396562.499997,-71.935
4102397499.999997,-71.64597
4102398437.499997,-71.7112
4102399374.999997,-71.99025
4102400312.499997,-71.37882
4102401249.999997,-71.52827
4102402187.499997,-71.49863
4102403124.999997,-70.89131
4102404062.499997,-71.45691
4102404999.999997,-71.29929
4102405937.499997,-72.32069
4102406874.999997,-71.1078
4102407812.499997,-71.87247
4102408749.999997,-71.57439
4102409687.499997,-71.3978
4102410624.999997,-71.85674
4102411562.499997,-72.01071
4102412499.999997,-71.61834
4102413437.499997,-71.57356
4102414374.999997,-71.97954
4102415312.499997,-71.97122
4102416249.999997,-72.00253
4102417187.499997,-72.15616
4102418124.999997,-71.49215
4102419062.499997,-71.43519
4102419999.999997,-71.82574
4102420937.499997,-71.77789
4102421874.999997,-71.39034
4102422812.499997,-71.30698
4102423749.999997,-71.42893
4102424687.499997,-71.55178
4102425624.999997,-71.62708
4102426562.499997,-72.20382
4102427499.999997,-72.37545
4102428437.499997,-71.09072
4102429374.999997,-71.58897
4102430312.499997,-71.46265
4102431249.999997,-71.6384
4102432187.499997,-71.73074
4102433124.999997,-71.52518
4102434062.499997,-72.60109
4102434999.999997,-71.20886
4102435937.499997,-71.70302
4102436874.999997,-71.6518
4102437812.499997,-71.56681
4102438749.999997,-71.52318
4102439687.499997,-71.85853
4102440624.999997,-71.73026
4102441562.499997,-71.13898
4102442499.999997,-71.60912
4102443437.499997,-71.51768
4102444374.999997,-71.8082
4102445312.499997,-71.61948
4102446249.999997,-71.84257
4102447187.499997,-72.22154
4102448124.999997,-71.7507
4102449062.499997,-70.88588
4102449999.999997,-72.16656
4102450937.499997,-71.86167
4102451874.999997,-72.34771
4102452812.499997,-71.42982
4102453749.999997,-72.11143
4102454687.499997,-71.85519
4102455624.999997,-72.01756
4102456562.499997,-71.26184
4102457499.999997,-71.67146
4102458437.499997,-70.94789
4102459374.999997,-72.4656
4102460312.499997,-71.355
4102461249.999997,-71.29218
4102462187.499997,-71.08597
4102463124.999997,-71.51644
4102464062.499997,-72.05701
4102464999.999997,-72.02079
4102465937.499997,-71.58751
4102466874.999997,-71.39032
4102467812.499997,-71.49921
4102468749.999997,-71.04487
4102469687.499997,-71.72044
4102470624.999997,-72.30514
4102471562.499997,-71.38714
4102472499.999997,-71.73621
4102473437.499997,-71.5441
4102474374.999997,-72.37785
4102475312.499997,-71.51514
4102476249.999997,-71.16005
4102477187.499997,-71.23833
4102478124.999997,-71.77921
4102479062.499997,-71.59134
4102479999.999997,-71.71106
4102480937.499997,-71.89468
4102481874.999997,-72.04529
4102482812.499997,-71.99369
4102483749.999997,-71.01084
4102484687.499997,-72.01006
4102485624.999997,-71.74885
4102486562.499997,-71.63744
4102487499.999997,-71.79221
4102488437.499997,-71.178
4102489374.999997,-72.87048
4102490312.499997,-71.31039
4102491249.999997,-71.97796
4102492187.499997,-71.48834
4102493124.999997,-71.92596
4102494062.499997,-71.5387
4102494999.999997,-71.22675
4102495937.499997,-71.10625
4102496874.999997,-72.03214
4102497812.499997,-71.45958
4102498749.999997,-71.20829
4102499687.499997,-72.44301
4102500624.999997,-71.67596
4102501562.499997,-72.2085
4102502499.999997,-71.73888
4102503437.499997,-72.12674
4102504374.999997,-71.46689
4102505312.499997,-71.87169
4102506249.999997,-71.99743
4102507187.499997,-71.79948
4102508124.999997,-71.89676
4102509062.499997,-71.68999
4102509999.999997,-71.75533
4102510937.499997,-71.80853
4102511874.999997,-71.62154
4102512812.499997,-71.1206
4102513749.999997,-71.47487
4102514687.499997,-71.7701
4102515624.999997,-72.03297
4102516562.499997,-71.68813
4102517499.999997,-72.62733
4102518437.499997,-71.18524
4102519374.999997,-71.68612
4102520312.499997,-71.39217
4102521249.999997,-71.52165
4102522187.499997,-71.66999
4102523124.999997,-71.68989
4102524062.499997,-71.68574
4102524999.999997,-71.60429
4102525937.499997,-71.94093
4102526874.999997,-72.38343
4102527812.499997,-71.1387
4102528749.999997,-71.66898
4102529687.499997,-71.46394
4102530624.999997,-71.52512
4102531562.499997,-71.22848
4102532499.999997,-71.78335
4102533437.499997,-72.06419
4102534374.999997,-71.27765
4102535312.499997,-71.64416
4102536249.999997,-71.20007
4102537187.499997,-71.50124
4102538124.999997,-71.11287
4102539062.499997,-72.47297
4102539999.999997,-71.36735
4102540937.499997,-70.9266
4102541874.999997,-71.47282
4102542812.499997,-71.32047
4102543749.999997,-71.78063
4102544687.499997,-71.44682
4102545624.999997,-71.45627
4102546562.499997,-71.80803
4102547499.999997,-71.18451
4102548437.499997,-70.60629
4102549374.999997,-71.55447
4102550312.499997,-72.16565
4102551249.999997,-71.53482
4102552187.499997,-71.02605
4102553124.999997,-71.19505
4102554062.499997,-71.33826
4102554999.999997,-71.31414
4102555937.499997,-71.24108
4102556874.999997,-71.6879
4102557812.499997,-71.41257
4102558749.999997,-71.25122
4102559687.499997,-71.41168
4102560624.999997,-72.18805
4102561562.499997,-71.56332
4102562499.999997,-71.21692
4102563437.499997,-71.65009
4102564374.999997,-71.68668
4102565312.499997,-71.47018
4102566249.999997,-71.49812
4102567187.499997,-71.44769
4102568124.999997,-71.40859
4102569062.499997,-71.07516
4102569999.999997,-71.59314
4102570937.499997,-72.14973
4102571874.999997,-72.05556
4102572812.499997,-71.58012
4102573749.999997,-72.39503
4102574687.499997,-71.45035
4102575624.999997,-71.86131
4102576562.499997,-71.27143
4102577499.999997,-71.45013
4102578437.499997,-71.70518
4102579374.999997,-71.89238
4102580312.499997,-71.71044
4102581249.999997,-71.44411
4102582187.499997,-71.27494
4102583124.999997,-71.68027
4102584062.499997,-71.91502
4102584999.999997,-71.6667
4102585937.499997,-71.79912
4102586874.999997,-71.95466
4102587812.499997,-70.87791
4102588749.999997,-72.02499
4102589687.499997,-71.05807
4102590624.999997,-71.7199
4102591562.499997,-71.37946
4102592499.999997,-71.72527
4102593437.499997,-72.03848
4102594374.999997,-71.17354
4102595312.499997,-71.13186
4102596249.999997,-71.39299
4102597187.499997,-71.83936
4102598124.999997,-71.79844
4102599062.499997,-71.70988
4102599999.999997,-71.90173
4102600937.499997,-71.99901
4102601874.999997,-71.73914
4102602812.499997,-71.58945
4102603749.999997,-71.10839
4102604687.499997,-71.40386
4102605624.999997,-71.15504
4102606562.499997,-71.35188
4102607499.999997,-71.16991
4102608437.499997,-70.63422
4102609374.999997,-71.48552
4102610312.499997,-71.22522
4102611249.999997,-71.25777
4102612187.499997,-71.33779
4102613124.999997,-72.22417
4102614062.499997,-72.00867
4102614999.999997,-72.2616
4102615937.499997,-71.67064
4102616874.999997,-71.31571
4102617812.499997,-71.71555
4102618749.999997,-71.87621
4102619687.499997,-72.17741
4102620624.999997,-71.61071
4102621562.499997,-71.60926
4102622499.999997,-71.04307
4102623437.499997,-72.1533
4102624374.999997,-71.37237
4102625312.499997,-71.63904
4102626249.999997,-71.23299
4102627187.499997,-71.39467
4102628124.999997,-71.28227
4102629062.499997,-71.60468
4102629999.999997,-71.41639
4102630937.499997,-71.01677
4102631874.999997,-71.63255
4102632812.499997,-71.79242
4102633749.999997,-71.17657
4102634687.499997,-71.94987
4102635624.999997,-71.64648
4102636562.499997,-71.81566
4102637499.999997,-71.41233
4102638437.499997,-70.97684
4102639374.999997,-71.45087
4102640312.499997,-71.56446
4102641249.999997,-71.72631
4102642187.499997,-71.27283
4102643124.999997,-72.25112
4102644062.499997,-72.07186
4102644999.999997,-70.99191
4102645937.499997,-72.11683
4102646874.999997,-71.05714
4102647812.499997,-71.51431
4102648749.999997,-71.47227
4102649687.499997,-71.47624
4102650624.999997,-71.89749
4102651562.499997,-71.61026
4102652499.999997,-72.04464
4102653437.499997,-71.33935
4102654374.999997,-71.15456
4102655312.499997,-71.23002
4102656249.999997,-71.61291
4102657187.499997,-71.74306
4102658124.999997,-71.14366
4102659062.499997,-71.60355
4102659999.999997,-70.59847
4102660937.499997,-71.57824
4102661874.999997,-71.63931
4102662812.499997,-71.27212
4102663749.999997,-71.20146
4102664687.499997,-71.90116
4102665624.999997,-71.83856
4102666562.499997,-71.26403
4102667499.999997,-70.6971
4102668437.499997,-71.62195
4102669374.999997,-71.61202
4102670312.499997,-71.19351
4102671249.999997,-71.37859
4102672187.499997,-71.55202
4102673124.999997,-71.83144
4102674062.499997,-71.53945
4102674999.999997,-71.37881
4102675937.499997,-71.72899
4102676874.999997,-71.19527
4102677812.499997,-72.15104
4102678749.999997,-71.91827
4102679687.499997,-72.51691
4102680624.999997,-71.04357
4102681562.499997,-71.78385
4102682499.999997,-71.72009
4102683437.499997,-71.936
4102684374.999997,-72.06439
4102685312.499997,-70.80553
4102686249.999997,-71.61669
4102687187.499997,-71.61428
4102688124.999997,-71.40273
4102689062.499997,-70.5965
4102689999.999997,-71.60367
4102690937.499997,-71.57423
4102691874.999997,-71.62676
4102692812.499997,-70.82884
4102693749.999997,-71.77911
4102694687.499997,-71.15608
4102695624.999997,-71.85053
4102696562.499997,-71.28387
4102697499.999997,-71.40548
4102698437.499997,-71.67849
4102699374.999997,-71.57111
4102700312.499997,-72.0292
4102701249.999997,-71.63988
4102702187.499997,-71.2159
4102703124.999997,-72.40882
4102704062.499997,-72.06279
4102704999.999997,-71.04332
4102705937.499997,-71.12049
4102706874.999997,-71.38702
4102707812.499997,-70.96497
4102708749.999997,-71.22089
4102709687.499997,-72.22801
4102710624.999997,-71.63726
4102711562.499997,-71.32073
4102712499.999997,-71.8322
4102713437.499997,-71.67059
4102714374.999997,-71.88061
4102715312.499997,-71.80811
4102716249.999997,-71.79349
4102717187.499997,-71.14044
4102718124.999997,-71.77995
4102719062.499997,-71.62115
4102719999.999997,-71.0604
4102720937.499997,-71.81839
4102721874.999997,-71.50784
4102722812.499997,-71.87134
4102723749.999997,-71.33527
4102724687.499997,-71.30186
4102725624.999997,-72.35471
4102726562.499997,-72.02296
4102727499.999997,-71.25301
4102728437.499997,-71.5211
4102729374.999997,-71.48663
4102730312.499997,-71.34198
4102731249.999997,-71.72355
4102732187.499997,-71.51221
4102733124.999997,-71.4924
4102734062.499997,-71.03504
4102734999.999997,-71.44222
4102735937.499997,-71.57463
4102736874.999997,-71.21729
4102737812.499997,-72.128
4102738749.999997,-71.73341
4102739687.499997,-70.81956
4102740624.999997,-71.42737
4102741562.499997,-71.31832
4102742499.999997,-71.59971
4102743437.499997,-71.36763
4102744374.999997,-71.41942
4102745312.499997,-71.76416
4102746249.999997,-71.50375
4102747187.499997,-71.99704
4102748124.999997,-71.44134
4102749062.499997,-70.94798
4102749999.999997,-72.1605
4102750937.499997,-71.62374
4102751874.999997,-71.91145
4102752812.499997,-71.72213
4102753749.999997,-71.3195
4102754687.499997,-71.80106
4102755624.999997,-71.72285
4102756562.499997,-71.37585
4102757499.999997,-71.73778
4102758437.499997,-71.42065
4102759374.999997,-71.41135
4102760312.499997,-71.4706
4102761249.999997,-70.92613
4102762187.499997,-71.79089
4102763124.999997,-71.67278
4102764062.499997,-71.36222
4102764999.999997,-71.80927
4102765937.499997,-71.85841
4102766874.999997,-71.37821
4102767812.499997,-71.42575
4102768749.999997,-70.80222
4102769687.499997,-71.17665
4102770624.999997,-72.34031
4102771562.499997,-71.63197
4102772499.999997,-70.72385
4102773437.499997,-71.27973
4102774374.999997,-70.98598
4102775312.499997,-71.8069
4102776249.999997,-71.74701
4102777187.499997,-70.57808
4102778124.999997,-71.63359
4102779062.499997,-70.72219
4102779999.999997,-71.77917
4102780937.499997,-71.42482
4102781874.999997,-71.09406
4102782812.499997,-71.20306
4102783749.999997,-71.48026
4102784687.499997,-71.6549
4102785624.999997,-71.10619
4102786562.499997,-71.51441
4102787499.999997,-72.55252
4102788437.499997,-71.6544
4102789374.999997,-72.14557
4102790312.499997,-71.4407
4102791249.999997,-71.33088
4102792187.499997,-71.43035
4102793124.999997,-71.32591
4102794062.499997,-71.79352
4102794999.999997,-71.53812
4102795937.499997,-71.63094
4102796874.999997,-71.44139
4102797812.499997,-71.79456
4102798749.999997,-71.32698
4102799687.499997,-71.60428
4102800624.999997,-71.09498
4102801562.499997,-71.69501
4102802499.999997,-71.09813
4102803437.499997,-71.73972
4102804374.999997,-71.46001
4102805312.499997,-71.38074
4102806249.999997,-71.86475
4102807187.499997,-71.31614
4102808124.999997,-71.9008
4102809062.499997,-71.29402
4102809999.999997,-71.36922
4102810937.499997,-71.24984
4102811874.999997,-71.36839
4102812812.499997,-70.7474
4102813749.999997,-71.52498
4102814687.499997,-71.48606
4102815624.999997,-71.41345
4102816562.499997,-71.94706
4102817499.999997,-70.75388
4102818437.499997,-72.08673
4102819374.999997,-71.90441
4102820312.499997,-71.42747
4102821249.999997,-71.26136
4102822187.499997,-71.41153
4102823124.999997,-71.41637
4102824062.499997,-72.03941
4102824999.999997,-71.25516
4102825937.499997,-71.60577
4102826874.999997,-71.68876
4102827812.499997,-71.01914
4102828749.999997,-71.32669
4102829687.499997,-71.61473
4102830624.999997,-71.36854
4102831562.499997,-71.27081
4102832499.999997,-72.12112
4102833437.499997,-71.66331
4102834374.999997,-72.57159
4102835312.499997,-71.31709
4102836249.999997,-71.22466
4102837187.499997,-71.3448
4102838124.999997,-71.46938
4102839062.499997,-71.50121
4102839999.999997,-70.96593
4102840937.499997,-71.33115
4102841874.999997,-71.32565
4102842812.499997,-71.5412
4102843749.999997,-71.61343
4102844687.499997,-71.76593
4102845624.999997,-71.65813
4102846562.499997,-71.68304
4102847499.999997,-71.87684
4102848437.499997,-71.56212
4102849374.999997,-71.02114
4102850312.499997,-71.24174
4102851249.999997,-71.73201
4102852187.499997,-71.65233
4102853124.999997,-71.18398
4102854062.499997,-71.67973
4102854999.999997,-71.5338
4102855937.499997,-72.39911
4102856874.999997,-71.86806
4102857812.499997,-70.81921
4102858749.999997,-70.79828
4102859687.499997,-71.41245
4102860624.999997,-71.43698
4102861562.499997,-71.08007
4102862499.999997,-71.86775
4102863437.499997,-70.72417
4102864374.999997,-71.16607
4102865312.499997,-71.5439
4102866249.999997,-71.25381
4102867187.499997,-71.61234
4102868124.999997,-71.53429
4102869062.499997,-71.22079
4102869999.999997,-71.91996
4102870937.499997,-71.33652
4102871874.999997,-71.21194
4102872812.499997,-70.66965
4102873749.999997,-71.10719
4102874687.499997,-71.64436
4102875624.999997,-71.32757
4102876562.499997,-71.1567
4102877499.999997,-72.04613
4102878437.499997,-71.36689
4102879374.999997,-71.59623
4102880312.499997,-71.10651
4102881249.999997,-71.95445
4102882187.499997,-71.0751
4102883124.999997,-71.25678
4102884062.499997,-71.50104
4102884999.999997,-71.62715
4102885937.499997,-71.50665
4102886874.999997,-71.63369
4102887812.499997,-71.04558
4102888749.999997,-71.81106
4102889687.499997,-71.59629
4102890624.999997,-71.89445
4102891562.499997,-70.92245
4102892499.999997,-71.14355
4102893437.499997,-70.76649
4102894374.999997,-71.62963
4102895312.499997,-71.78857
4102896249.999997,-71.37627
4102897187.499997,-71.50236
4102898124.999997,-71.29717
4102899062.499997,-70.90145
4102899999.999997,-71.63223
4102900937.499997,-72.25306
4102901874.999997,-71.61153
4102902812.499997,-71.54742
4102903749.999997,-71.19568
4102904687.499997,-71.90248
4102905624.999997,-71.62689
4102906562.499997,-71.75335
4102907499.999997,-71.53065
4102908437.499997,-71.99736
4102909374.999997,-71.52808
4102910312.499997,-71.42014
4102911249.999997,-71.32509
4102912187.499997,-71.59306
4102913124.999997,-71.48753
4102914062.499997,-71.28046
4102914999.999997,-70.98763
4102915937.499997,-71.93644
4102916874.999997,-71.23965
4102917812.499997,-71.3363
4102918749.999997,-71.19424
4102919687.499997,-71.03775
4102920624.999997,-70.92014
4102921562.499997,-71.30095
4102922499.999997,-70.94969
4102923437.499997,-70.69421
4102924374.999997,-71.55824
4102925312.499997,-71.78075
4102926249.999997,-71.48994
4102927187.499997,-71.63255
4102928124.999997,-71.8224
4102929062.499997,-71.63371
4102929999.999997,-71.18993
4102930937.499997,-71.55016
4102931874.999997,-71.83501
4102932812.499997,-71.64641
4102933749.999997,-71.93531
4102934687.499997,-71.29305
4102935624.999997,-71.39252
4102936562.499997,-70.87761
4102937499.999997,-71.92979
4102938437.499997,-70.48527
4102939374.999997,-70.84225
4102940312.499997,-71.30466
4102941249.999997,-71.18234
4102942187.499997,-71.05431
4102943124.999997,-71.15534
4102944062.499997,-71.80373
4102944999.999997,-71.3109
4102945937.499997,-71.71271
4102946874.999997,-71.4406
4102947812.499997,-70.95584
4102948749.999997,-71.50346
4102949687.499997,-71.70901
4102950624.999997,-71.07321
4102951562.499997,-71.13158
4102952499.999997,-71.09723
4102953437.499997,-72.04364
4102954374.999997,-71.76637
4102955312.499997,-71.67485
4102956249.999997,-71.62085
4102957187.499997,-70.98235
4102958124.999997,-71.07841
4102959062.499997,-71.78433
4102959999.999997,-71.50491
4102960937.499997,-71.22343
4102961874.999997,-71.36255
4102962812.499997,-71.86117
4102963749.999997,-72.05389
4102964687.499997,-71.75489
4102965624.999997,-71.20927
4102966562.499997,-71.43288
4102967499.999997,-71.92181
4102968437.499997,-71.48468
4102969374.999997,-71.17949
4102970312.499997,-71.16062
4102971249.999997,-72.048
4102972187.499997,-71.51527
4102973124.999997,-72.03058
4102974062.499997,-71.3667
4102974999.999997,-71.63211
4102975937.499997,-71.22471
4102976874.999997,-72.042
4102977812.499997,-72.08097
4102978749.999997,-71.32101
4102979687.499997,-70.59866
4102980624.999997,-71.92224
4102981562.499997,-71.89228
4102982499.999997,-71.32047
4102983437.499997,-71.34574
4102984374.999997,-71.54961
4102985312.499997,-71.05495
4102986249.999997,-71.52569
4102987187.499997,-70.99853
4102988124.999997,-71.44555
4102989062.499997,-71.39838
4102989999.999997,-71.08168
4102990937.499997,-71.30604
4102991874.999997,-70.99778
4102992812.499997,-70.78502
4102993749.999997,-70.88745
4102994687.499997,-71.38669
4102995624.999997,-71.53095
4102996562.499997,-71.08606
4102997499.999997,-71.25
4102998437.499997,-71.43242
4102999374.999997,-71.20628
4103000312.499997,-71.52662
4103001249.999997,-71.00963
4103002187.499997,-71.44072
4103003124.999997,-71.42812
4103004062.499997,-70.73507
4103004999.999997,-71.62717
4103005937.499997,-72.01328
4103006874.999997,-71.67907
4103007812.499997,-71.49098
4103008749.999997,-71.33282
4103009687.499997,-71.21763
4103010624.999997,-71.60124
4103011562.499997,-71.62148
4103012499.999997,-71.78227
4103013437.499997,-71.64466
4103014374.999997,-71.34428
4103015312.499997,-71.64762
4103016249.999997,-71.47008
4103017187.499997,-71.7613
4103018124.999997,-71.0572
4103019062.499997,-71.07484
4103019999.999997,-71.23309
4103020937.499997,-71.5573
4103021874.999997,-71.25062
4103022812.499997,-71.54676
4103023749.999997,-71.30573
4103024687.499997,-71.18044
4103025624.999997,-71.83716
4103026562.499997,-71.64902
4103027499.999997,-72.2355
4103028437.499997,-71.46972
4103029374.999997,-71.52568
4103030312.499997,-70.8362
4103031249.999997,-71.11366
4103032187.499997,-71.25646
4103033124.999997,-70.80182
4103034062.499997,-71.10583
4103034999.999997,-71.26762
4103035937.499997,-70.91187
4103036874.999997,-71.38985
4103037812.499997,-71.02054
4103038749.999997,-71.57378
4103039687.499997,-71.69398
4103040624.999997,-71.15493
4103041562.499997,-71.76003
4103042499.999997,-71.39566
4103043437.499997,-71.5133
4103044374.999997,-71.33577
4103045312.499997,-71.10365
4103046249.999997,-71.61384
4103047187.499997,-70.94978
4103048124.999997,-71.18726
4103049062.499997,-71.1917
4103049999.999997,-71.29483
4103050937.499997,-72.07979
4103051874.999997,-71.99242
4103052812.499997,-70.80621
4103053749.999997,-72.09406
4103054687.499997,-71.00609
4103055624.999997,-71.34312
4103056562.499997,-71.44849
4103057499.999997,-71.26957
4103058437.499997,-71.55882
4103059374.999997,-71.45981
4103060312.499997,-70.92152
4103061249.999997,-71.03483
4103062187.499997,-71.63212
4103063124.999997,-71.32959
4103064062.499997,-71.77416
4103064999.999997,-71.19989
4103065937.499997,-70.92765
4103066874.999997,-71.18021
4103067812.499997,-71.54936
4103068749.999997,-70.90245
4103069687.499997,-71.32662
4103070624.999997,-71.0626
4103071562.499997,-70.80171
4103072499.999997,-71.33093
4103073437.499997,-71.23059
4103074374.999997,-71.41203
4103075312.499997,-70.91528
4103076249.999997,-71.90445
4103077187.499997,-71.59693
4103078124.999997,-70.96989
4103079062.499997,-70.91758
4103079999.999997,-71.77642
4103080937.499997,-71.36541
4103081874.999997,-71.14441
4103082812.499997,-72.35831
4103083749.999997,-71.26392
4103084687.499997,-71.77601
4103085624.999997,-71.75378
4103086562.499997,-71.12542
4103087499.999997,-71.47112
4103088437.499997,-71.26096
4103089374.999997,-71.70612
4103090312.499997,-71.78559
4103091249.999997,-71.31181
4103092187.499997,-71.49052
4103093124.999997,-71.24231
4103094062.499997,-71.75912
4103094999.999997,-71.38875
4103095937.499997,-71.92302
4103096874.999997,-71.92437
4103097812.499997,-72.18125
4103098749.999997,-72.16563
4103099687.499997,-71.27879
4103100624.999997,-70.83068
4103101562.499997,-71.47858
4103102499.999997,-71.54179
4103103437.499997,-71.55953
4103104374.999997,-71.06852
4103105312.499997,-70.89877
4103106249.999997,-70.81918
4103107187.499997,-71.89592
4103108124.999997,-71.18537
4103109062.499997,-71.32146
4103109999.999997,-70.68736
4103110937.499997,-71.34449
4103111874.999997,-70.78375
4103112812.499997,-71.2669
4103113749.999997,-70.45054
4103114687.499997,-71.70977
4103115624.999997,-71.00548
4103116562.499997,-71.16154
4103117499.999997,-70.95556
4103118437.499997,-71.42258
4103119374.999997,-71.42649
4103120312.499997,-71.20572
4103121249.999997,-71.75632
4103122187.499997,-71.04895
4103123124.999997,-71.4851
4103124062.499997,-71.75616
4103124999.999997,-71.35325
4103125937.499997,-71.03854
4103126874.999997,-71.63628
4103127812.499997,-71.37144
4103128749.999997,-71.45727
4103129687.499997,-71.48563
4103130624.999997,-70.89907
4103131562.499997,-71.48075
4103132499.999997,-70.91412
4103133437.499997,-70.99043
4103134374.999997,-71.21365
4103135312.499997,-71.50319
4103136249.999997,-71.12482
4103137187.499997,-71.19733
4103138124.999997,-70.81992
4103139062.499997,-70.7823
4103139999.999997,-71.18874
4103140937.499997,-71.29912
4103141874.999997,-71.25523
4103142812.499997,-71.3553
4103143749.999997,-71.30106
4103144687.499997,-71.3509
4103145624.999997,-71.28056
4103146562.499997,-71.46104
4103147499.999997,-71.30793
4103148437.499997,-71.51955
4103149374.999997,-71.64991
4103150312.499997,-71.29712
4103151249.999997,-71.095
4103152187.499997,-71.81113
4103153124.999997,-71.05286
4103154062.499997,-70.39967
4103154999.999997,-71.26714
4103155937.499997,-71.15106
4103156874.999997,-71.26809
4103157812.499997,-71.34765
4103158749.999997,-72.42565
4103159687.499997,-71.37467
4103160624.999997,-71.85851
4103161562.499997,-71.14256
4103162499.999997,-70.93232
4103163437.499997,-71.39831
4103164374.999997,-71.65579
4103165312.499997,-71.16035
4103166249.999997,-71.62713
4103167187.499997,-72.11251
4103168124.999997,-71.68214
4103169062.499997,-71.41276
4103169999.999997,-71.48467
4103170937.499997,-71.70806
4103171874.999997,-71.37381
4103172812.499997,-71.71687
4103173749.999997,-72.0142
4103174687.499997,-71.47784
4103175624.999997,-71.28194
4103176562.499997,-71.60668
4103177499.999997,-71.46018
4103178437.499997,-71.84792
4103179374.999997,-70.95943
4103180312.499997,-71.0696
4103181249.999997,-70.72478
4103182187.499997,-71.08679
4103183124.999997,-71.53577
4103184062.499997,-71.47856
4103184999.999997,-71.73475
4103185937.499997,-71.11349
4103186874.999997,-71.31827
4103187812.499997,-71.26655
4103188749.999997,-71.09913
4103189687.499997,-70.98676
4103190624.999997,-70.86977
4103191562.499997,-71.23147
4103192499.999997,-71.7647
4103193437.499997,-71.1407
4103194374.999997,-70.77149
4103195312.499997,-71.855
4103196249.999997,-71.85943
4103197187.499997,-71.84721
4103198124.999997,-71.31891
4103199062.499997,-71.59872
4103199999.999997,-71.97095
4103200937.499997,-71.23479
4103201874.999997,-71.20603
4103202812.499997,-71.05734
4103203749.999997,-72.07824
4103204687.499997,-71.28894
4103205624.999997,-71.64606
4103206562.499997,-71.45663
4103207499.999997,-71.47813
4103208437.499997,-71.61961
4103209374.999997,-70.85031
4103210312.499997,-70.85355
4103211249.999997,-71.88249
4103212187.499997,-71.63941
4103213124.999997,-71.06307
4103214062.499997,-70.81348
4103214999.999997,-71.9527
4103215937.499997,-71.11691
4103216874.999997,-71.49059
4103217812.499997,-71.52603
4103218749.999997,-71.59867
4103219687.499997,-71.16052
4103220624.999997,-71.34766
4103221562.499997,-71.42391
4103222499.999997,-71.20996
4103223437.499997,-71.37207
4103224374.999997,-71.34172
4103225312.499997,-70.94893
4103226249.999997,-70.70848
4103227187.499997,-70.96825
4103228124.999997,-71.61785
4103229062.499997,-71.36981
4103229999.999997,-71.09792
4103230937.499997,-71.43772
4103231874.999997,-71.44307
4103232812.499997,-71.63802
4103233749.999997,-70.67789
4103234687.499997,-71.44942
4103235624.999997,-71.78181
4103236562.499997,-71.25465
4103237499.999997,-71.28447
4103238437.499997,-70.94942
4103239374.999997,-71.59698
4103240312.499997,-70.85801
4103241249.999997,-70.97917
4103242187.499997,-71.0267
4103243124.999997,-71.39362
4103244062.499997,-70.50009
4103244999.999997,-71.25959
4103245937.499997,-71.49976
4103246874.999997,-71.17649
4103247812.499997,-71.6573
4103248749.999997,-71.07831
4103249687.499997,-71.653
4103250624.999997,-71.39296
4103251562.499997,-71.22922
4103252499.999997,-70.74871
4103253437.499997,-71.16331
4103254374.999997,-71.60488
4103255312.499997,-71.09219
4103256249.999997,-70.66193
4103257187.499997,-71.27744
4103258124.999997,-71.29301
4103259062.499997,-70.90034
4103259999.999997,-71.10059
4103260937.499997,-71.16581
4103261874.999997,-71.14178
4103262812.499997,-71.81357
4103263749.999997,-71.49245
4103264687.499997,-70.93919
4103265624.999997,-71.47664
4103266562.499997,-71.72565
4103267499.999997,-71.33886
4103268437.499997,-71.10321
4103269374.999997,-71.03354
4103270312.499997,-70.96744
4103271249.999997,-71.31337
4103272187.499997,-71.42922
4103273124.999997,-70.12778
4103274062.499997,-71.27251
4103274999.999997,-71.22037
4103275937.499997,-70.99265
4103276874.999997,-71.62662
4103277812.499997,-71.4627
4103278749.999997,-71.64407
4103279687.499997,-71.5722
4103280624.999997,-71.081
4103281562.499997,-71.07808
4103282499.999997,-71.58601
4103283437.499997,-71.23769
4103284374.999997,-70.99055
4103285312.499997,-71.30544
4103286249.999997,-71.72414
4103287187.499997,-72.15417
4103288124.999997,-70.78608
4103289062.499997,-70.99916
4103289999.999997,-71.38556
4103290937.499997,-70.95346
4103291874.999997,-71.52943
4103292812.499997,-71.43699
4103293749.999997,-71.66407
4103294687.499997,-71.10585
4103295624.999997,-70.7785
4103296562.499997,-70.27949
4103297499.999997,-70.95374
4103298437.499997,-70.72983
4103299374.999997,-71.22525
4103300312.499997,-72.11297
4103301249.999997,-71.05395
4103302187.499997,-71.32741
4103303124.999997,-71.53764
4103304062.499997,-71.56917
4103304999.999997,-70.73524
4103305937.499997,-71.77482
4103306874.999997,-70.32825
4103307812.499997,-71.89426
4103308749.999997,-71.6968
4103309687.499997,-71.44551
4103310624.999997,-71.81113
4103311562.499997,-71.10634
4103312499.999997,-71.25794
4103313437.499997,-71.46598
4103314374.999997,-70.79704
4103315312.499997,-71.90756
4103316249.999997,-71.2458
4103317187.499997,-71.32022
4103318124.999997,-71.09305
4103319062.499997,-71.58327
4103319999.999997,-71.08126
4103320937.499997,-71.37888
4103321874.999997,-71.07377
4103322812.499997,-71.49506
4103323749.999997,-71.30367
4103324687.499997,-70.99576
4103325624.999997,-70.77692
4103326562.499997,-70.78393
4103327499.999997,-72.10457
4103328437.499997,-71.59995
4103329374.999997,-71.01317
4103330312.499997,-71.37512
4103331249.999997,-70.74249
4103332187.499997,-70.88145
4103333124.999997,-71.75014
4103334062.499997,-71.64559
4103334999.999997,-71.70495
4103335937.499997,-70.93143
4103336874.999997,-71.23495
4103337812.499997,-71.25452
4103338749.999997,-70.09145
4103339687.499997,-71.47868
4103340624.999997,-71.35328
4103341562.499997,-71.35024
4103342499.999997,-70.69604
4103343437.499997,-71.21629
4103344374.999997,-71.15899
4103345312.499997,-71.0575
4103346249.999997,-71.64578
4103347187.499997,-71.15615
4103348124.999997,-71.67183
4103349062.499997,-71.00373
4103349999.999997,-71.6926
4103350937.499997,-71.17005
4103351874.999997,-70.96651
4103352812.499997,-71.39224
4103353749.999997,-71.15127
4103354687.499997,-71.7602
4103355624.999997,-72.07231
4103356562.499997,-71.55676
4103357499.999997,-71.04485
4103358437.499997,-71.52916
4103359374.999997,-70.33463
4103360312.499997,-72.00465
4103361249.999997,-71.47818
4103362187.499997,-72.16074
4103363124.999997,-71.19765
4103364062.499997,-71.48239
4103364999.999997,-70.65852
4103365937.499997,-71.41954
4103366874.999997,-70.87073
4103367812.499997,-70.04942
4103368749.999997,-70.69457
4103369687.499997,-71.94058
4103370624.999997,-71.17292
4103371562.499997,-71.45403
4103372499.999997,-70.92578
4103373437.499997,-71.25173
4103374374.999997,-71.35947
4103375312.499997,-71.09612
4103376249.999997,-71.26228
4103377187.499997,-71.16994
4103378124.999997,-72.03339
4103379062.499997,-71.29958
4103379999.999997,-70.81196
4103380937.499997,-71.42203
4103381874.999997,-70.95929
4103382812.499997,-71.83634
4103383749.999997,-71.21198
4103384687.499997,-71.46672
4103385624.999997,-71.15848
4103386562.499997,-71.61947
4103387499.999997,-70.92572
4103388437.499997,-71.04105
4103389374.999997,-71.1879
4103390312.499997,-71.31311
4103391249.999997,-71.79942
4103392187.499997,-70.84865
4103393124.999997,-71.32515
4103394062.499997,-71.54871
4103394999.999997,-71.06235
4103395937.499997,-70.83146
4103396874.999997,-71.52841
4103397812.499997,-71.28667
4103398749.999997,-71.72936
4103399687.499997,-71.85861
4103400624.999997,-71.31654
4103401562.499997,-71.17455
4103402499.999997,-70.6377
4103403437.499997,-71.3506
4103404374.999997,-71.2401
4103405312.499997,-71.08908
4103406249.999997,-71.77893
4103407187.499997,-70.84654
4103408124.999997,-70.8549
4103409062.499997,-70.95089
4103409999.999997,-71.35101
4103410937.499997,-70.9648
4103411874.999997,-70.90079
4103412812.499997,-71.82597
4103413749.999997,-71.63567
4103414687.499997,-71.02322
4103415624.999997,-71.17429
4103416562.499997,-71.20222
4103417499.999997,-71.0355
4103418437.499997,-70.75348
4103419374.999997,-71.48151
4103420312.499997,-70.44379
4103421249.999997,-71.52096
4103422187.499997,-71.17104
4103423124.999997,-71.13409
4103424062.499997,-71.01811
4103424999.999997,-70.56532
4103425937.499997,-71.26888
4103426874.999997,-71.91116
4103427812.499997,-71.40548
4103428749.999997,-70.80898
4103429687.499997,-71.12776
4103430624.999997,-70.64741
4103431562.499997,-71.02486
4103432499.999997,-71.74442
4103433437.499997,-70.91751
4103434374.999997,-71.33247
4103435312.499997,-70.67971
4103436249.999997,-71.31625
4103437187.499997,-70.80911
4103438124.999997,-71.14831
4103439062.499997,-70.82394
4103439999.999997,-71.01267
4103440937.499997,-71.35366
4103441874.999997,-71.13749
4103442812.499997,-71.21109
4103443749.999997,-71.11657
4103444687.499997,-71.16606
4103445624.999997,-70.84737
4103446562.499997,-70.98558
4103447499.999997,-71.09007
4103448437.499997,-71.1058
4103449374.999997,-70.67207
4103450312.499997,-71.81375
4103451249.999997,-71.21939
4103452187.499997,-71.11687
4103453124.999997,-71.15042
4103454062.499997,-72.01162
4103454999.999997,-70.92054
4103455937.499997,-71.28813
4103456874.999997,-71.77025
4103457812.499997,-70.95098
4103458749.999997,-71.68156
4103459687.499997,-71.35635
4103460624.999997,-71.11151
4103461562.499997,-71.08474
4103462499.999997,-71.22143
4103463437.499997,-70.90809
4103464374.999997,-71.63012
4103465312.499997,-71.37959
4103466249.999997,-71.34869
4103467187.499997,-70.78448
4103468124.999997,-71.53411
4103469062.499997,-71.39422
4103469999.999997,-71.77506
4103470937.499997,-70.24774
4103471874.999997,-71.1881
4103472812.499997,-71.25108
4103473749.999997,-72.00478
4103474687.499997,-70.60629
4103475624.999997,-71.52414
4103476562.499997,-71.57823
4103477499.999997,-70.94643
4103478437.499997,-71.23769
4103479374.999997,-70.98023
4103480312.499997,-71.19331
4103481249.999997,-71.19724
4103482187.499997,-71.00137
4103483124.999997,-71.25225
4103484062.499997,-71.26507
4103484999.999997,-71.0008
4103485937.499997,-70.98507
4103486874.999997,-71.04749
4103487812.499997,-71.06107
4103488749.999997,-71.34068
4103489687.499997,-71.47245
4103490624.999997,-71.29539
4103491562.499997,-71.11703
4103492499.999997,-71.44157
4103493437.499997,-71.42343
4103494374.999997,-70.62215
4103495312.499997,-71.01779
4103496249.999997,-71.45863
4103497187.499997,-70.62876
4103498124.999997,-70.79512
4103499062.499997,-70.73081
4103499999.999997,-71.60852
4103500937.499997,-70.90417
4103501874.999997,-71.00829
4103502812.499997,-71.0244
4103503749.999997,-71.57579
4103504687.499997,-71.76385
4103505624.999997,-71.59179
4103506562.499997,-71.3688
4103507499.999997,-71.35773
4103508437.499997,-70.92847
4103509374.999997,-71.22631
4103510312.499997,-71.59669
4103511249.999997,-71.42547
4103512187.499997,-71.16937
4103513124.999997,-71.27307
4103514062.499997,-71.36586
4103514999.999997,-71.15846
4103515937.499997,-71.1465
4103516874.999997,-71.73214
4103517812.499997,-71.39983
4103518749.999997,-72.04248
4103519687.499997,-71.01856
4103520624.999997,-71.33407
4103521562.499997,-71.18839
4103522499.999997,-71.75892
4103523437.499997,-70.73354
4103524374.999997,-70.88977
4103525312.499997,-70.48887
4103526249.999997,-71.23073
4103527187.499997,-71.6712
4103528124.999997,-71.55276
4103529062.499997,-71.26727
4103529999.999997,-71.69749
4103530937.499997,-71.10621
4103531874.999997,-70.73847
4103532812.499997,-71.24873
4103533749.999997,-70.51246
4103534687.499997,-71.22782
4103535624.999997,-70.84211
4103536562.499997,-70.8671
4103537499.999997,-70.86426
4103538437.499997,-70.6873
4103539374.999997,-70.70367
4103540312.499997,-71.47926
4103541249.999997,-71.96387
4103542187.499997,-71.40743
4103543124.999997,-70.68233
4103544062.499997,-71.19631
4103544999.999997,-71.50682
4103545937.499997,-71.2086
4103546874.999997,-71.39282
4103547812.499997,-71.27156
4103548749.999997,-71.2586
4103549687.499997,-70.55777
4103550624.999997,-70.52805
4103551562.499997,-70.78848
4103552499.999997,-70.94418
4103553437.499997,-71.85587
4103554374.999997,-70.83568
4103555312.499997,-71.6788
4103556249.999997,-70.89809
4103557187.499997,-71.49638
4103558124.999997,-71.77371
4103559062.499997,-70.98992
4103559999.999997,-71.6342
4103560937.499997,-70.76171
4103561874.999997,-71.47061
4103562812.499997,-71.36996
4103563749.999997,-71.08756
4103564687.499997,-71.00373
4103565624.999997,-71.13198
4103566562.499997,-71.10144
4103567499.999997,-71.46788
4103568437.499997,-71.37935
4103569374.999997,-70.95435
4103570312.499997,-70.82489
4103571249.999997,-70.70282
4103572187.499997,-71.13206
4103573124.999997,-71.41306
4103574062.499997,-70.54746
4103574999.999997,-71.12453
4103575937.499997,-71.25162
4103576874.999997,-70.94521
4103577812.499997,-71.15944
4103578749.999997,-70.94373
4103579687.499997,-70.83339
4103580624.999997,-71.00018
4103581562.499997,-71.51345
4103582499.999997,-71.00313
4103583437.499997,-71.12803
4103584374.999997,-71.13451
4103585312.499997,-71.10062
4103586249.999997,-70.31767
4103587187.499997,-70.71332
4103588124.999997,-71.19811
4103589062.499997,-71.82198
4103589999.999997,-71.34388
4103590937.499997,-71.58784
4103591874.999997,-71.15554
4103592812.499997,-71.17355
4103593749.999997,-70.98309
4103594687.499997,-71.15686
4103595624.999997,-70.76385
4103596562.499997,-70.89302
4103597499.999997,-71.07297
4103598437.499997,-70.75229
4103599374.999997,-71.40778
4103600312.499997,-70.97197
4103601249.999997,-70.74225
4103602187.499997,-71.03441
4103603124.999997,-71.03481
4103604062.499997,-70.67354
4103604999.999997,-71.26031
4103605937.499997,-71.56095
4103606874.999997,-70.67937
4103607812.499997,-71.38554
4103608749.999997,-71.02645
4103609687.499997,-71.08375
4103610624.999997,-70.95286
4103611562.499997,-71.59074
4103612499.999997,-70.43617
4103613437.499997,-71.43195
4103614374.999997,-71.72095
4103615312.499997,-70.55265
4103616249.999997,-71.12339
4103617187.499997,-71.20249
4103618124.999997,-70.80981
4103619062.499997,-71.09856
4103619999.999997,-70.64981
4103620937.499997,-70.45
4103621874.999997,-71.11587
4103622812.499997,-69.73443
4103623749.999997,-71.01668
4103624687.499997,-70.44242
4103625624.999997,-70.89157
4103626562.499997,-71.10696
4103627499.999997,-71.50182
4103628437.499997,-71.57024
4103629374.999997,-70.87169
4103630312.499997,-71.00255
4103631249.999997,-71.09545
4103632187.499997,-71.63083
4103633124.999997,-70.65268
4103634062.499997,-70.91549
4103634999.999997,-70.50155
4103635937.499997,-71.31063
4103636874.999997,-71.17288
4103637812.499997,-70.92122
4103638749.999997,-71.04453
4103639687.499997,-71.42084
4103640624.999997,-71.68513
4103641562.499997,-71.49934
4103642499.999997,-70.9765
4103643437.499997,-71.30126
4103644374.999997,-71.41164
4103645312.499997,-71.19962
4103646249.999997,-71.4408
4103647187.499997,-71.09171
4103648124.999997,-71.04684
4103649062.499997,-70.81331
4103649999.999997,-70.46172
4103650937.499997,-71.74816
4103651874.999997,-70.94457
4103652812.499997,-71.30981
4103653749.999997,-70.74825
4103654687.499997,-70.54321
4103655624.999997,-70.81387
4103656562.499997,-70.72995
4103657499.999997,-71.16594
4103658437.499997,-71.75675
4103659374.999997,-70.80624
4103660312.499997,-70.76491
4103661249.999997,-70.58706
4103662187.499997,-70.97301
4103663124.999997,-70.9503
4103664062.499997,-71.42499
4103664999.999997,-71.12741
4103665937.499997,-71.54918
4103666874.999997,-70.78973
4103667812.499997,-71.18674
4103668749.999997,-70.60315
4103669687.499997,-71.85981
4103670624.999997,-71.2715
4103671562.499997,-71.18684
4103672499.999997,-70.2165
4103673437.499997,-70.82475
4103674374.999997,-71.53027
4103675312.499997,-71.55002
4103676249.999997,-71.22953
4103677187.499997,-71.16737
4103678124.999997,-70.5472
4103679062.499997,-71.53054
4103679999.999997,-69.93127
4103680937.499997,-71.18428
4103681874.999997,-70.87696
4103682812.499997,-71.01154
4103683749.999997,-71.13509
4103684687.499997,-70.55666
4103685624.999997,-70.13002
4103686562.499997,-71.04177
4103687499.999997,-70.74059
4103688437.499997,-71.78448
4103689374.999997,-72.20689
4103690312.499997,-70.89672
4103691249.999997,-71.45728
4103692187.499997,-70.86588
4103693124.999997,-71.37666
4103694062.499997,-70.98431
4103694999.999997,-71.17012
4103695937.499997,-71.40975
4103696874.999997,-71.6899
4103697812.499997,-70.66664
4103698749.999997,-70.90208
4103699687.499997,-71.43701
4103700624.999997,-71.23571
4103701562.499997,-70.68462
4103702499.999997,-71.06847
4103703437.499997,-70.96516
4103704374.999997,-71.07977
4103705312.499997,-70.63012
4103706249.999997,-70.78466
4103707187.499997,-71.01273
4103708124.999997,-71.40794
4103709062.499997,-71.34805
4103709999.999997,-70.60677
4103710937.499997,-70.24364
4103711874.999997,-71.91363
4103712812.499997,-71.37379
4103713749.999997,-71.74041
4103714687.499997,-70.92233
4103715624.999997,-71.07372
4103716562.499997,-70.79721
4103717499.999997,-71.84111
4103718437.499997,-70.51318
4103719374.999997,-71.81326
4103720312.499997,-71.466
4103721249.999997,-70.84969
4103722187.499997,-71.50564
4103723124.999997,-71.47626
4103724062.499997,-71.04527
4103724999.999997,-71.11661
4103725937.499997,-70.4826
4103726874.999997,-71.16212
4103727812.499997,-71.07185
4103728749.999997,-70.64436
4103729687.499997,-71.17483
4103730624.999997,-71.09888
4103731562.499997,-70.71638
4103732499.999997,-70.8979
4103733437.499997,-71.47221
4103734374.999997,-70.26978
4103735312.499997,-71.93684
4103736249.999997,-71.00963
4103737187.499997,-70.83368
4103738124.999997,-71.32639
4103739062.499997,-71.08266
4103739999.999997,-71.34474
4103740937.499997,-71.34007
4103741874.999997,-71.17279
4103742812.499997,-70.95465
4103743749.999997,-71.10004
4103744687.499997,-70.77892
4103745624.999997,-70.86838
4103746562.499997,-71.43765
4103747499.999997,-71.19578
4103748437.499997,-71.46307
4103749374.999997,-71.30728
4103750312.499997,-70.41139
4103751249.999997,-70.58884
4103752187.499997,-70.98432
4103753124.999997,-70.96966
4103754062.499997,-71.11262
4103754999.999997,-70.63846
4103755937.499997,-70.56133
4103756874.999997,-71.42641
4103757812.499997,-71.03877
4103758749.999997,-70.83456
4103759687.499997,-70.82825
4103760624.999997,-71.25014
4103761562.499997,-71.22414
4103762499.999997,-70.68215
4103763437.499997,-71.10104
4103764374.999997,-70.84077
4103765312.499997,-71.48653
4103766249.999997,-71.01316
4103767187.499997,-70.36314
4103768124.999997,-70.86787
4103769062.499997,-71.32065
4103769999.999997,-70.51659
4103770937.499997,-70.64426
4103771874.999997,-70.95826
4103772812.499997,-70.96568
4103773749.999997,-71.27699
4103774687.499997,-70.59933
4103775624.999997,-70.7414
4103776562.499997,-71.1272
4103777499.999997,-70.77667
4103778437.499997,-71.13183
4103779374.999997,-71.05219
4103780312.499997,-71.5872
4103781249.999997,-70.96525
4103782187.499997,-71.52529
4103783124.999997,-70.43396
4103784062.499997,-70.36971
4103784999.999997,-71.33677
4103785937.499997,-70.64046
4103786874.999997,-71.14949
4103787812.499997,-70.62715
4103788749.999997,-70.89834
4103789687.499997,-70.85695
4103790624.999997,-71.36906
4103791562.499997,-71.6027
4103792499.999997,-70.8188
4103793437.499997,-71.10786
4103794374.999997,-71.18392
4103795312.499997,-71.32072
4103796249.999997,-70.17692
4103797187.499997,-71.51279
4103798124.999997,-71.46729
4103799062.499997,-71.26447
4103799999.999997,-70.88217
4103800937.499997,-70.38196
4103801874.999997,-71.28123
4103802812.499997,-71.32573
4103803749.999997,-71.38327
4103804687.499997,-70.42552
4103805624.999997,-71.80614
4103806562.499997,-71.04041
4103807499.999997,-71.0533
4103808437.499997,-71.0274
4103809374.999997,-71.61498
4103810312.499997,-71.00304
4103811249.999997,-70.8288
4103812187.499997,-71.06672
4103813124.999997,-71.38199
4103814062.499997,-70.93259
4103814999.999997,-70.81078
4103815937.499997,-71.71997
4103816874.999997,-70.7793
4103817812.499997,-71.14528
4103818749.999997,-71.13701
4103819687.499997,-70.89035
4103820624.999997,-70.96828
4103821562.499997,-71.22927
4103822499.999997,-70.60678
4103823437.499997,-71.4697
4103824374.999997,-70.74584
4103825312.499997,-71.20333
4103826249.999997,-71.62447
4103827187.499997,-71.12646
4103828124.999997,-70.79948
4103829062.499997,-70.39017
4103829999.999997,-71.10268
4103830937.499997,-71.34546
4103831874.999997,-70.97404
4103832812.499997,-70.59702
4103833749.999997,-70.83086
4103834687.499997,-71.37807
4103835624.999997,-70.86806
4103836562.499997,-71.42772
4103837499.999997,-70.47127
4103838437.499997,-71.38506
4103839374.999997,-71.53868
4103840312.499997,-71.02954
4103841249.999997,-70.94594
4103842187.499997,-70.91772
4103843124.999997,-70.56123
4103844062.499997,-71.22224
4103844999.999997,-70.77608
4103845937.499997,-70.52576
4103846874.999997,-70.63274
4103847812.499997,-71.06446
4103848749.999997,-71.34457
4103849687.499997,-70.71456
4103850624.999997,-70.84595
4103851562.499997,-71.25239
4103852499.999997,-71.30535
4103853437.499997,-71.0502
4103854374.999997,-70.78025
4103855312.499997,-71.04057
4103856249.999997,-70.49007
4103857187.499997,-71.35208
4103858124.999997,-70.86285
4103859062.499997,-70.8477
4103859999.999997,-70.90037
4103860937.499997,-71.30914
4103861874.999997,-70.62959
4103862812.499997,-71.68954
4103863749.999997,-71.20069
4103864687.499997,-71.13863
4103865624.999997,-70.85781
4103866562.499997,-70.52634
4103867499.999997,-71.26891
4103868437.499997,-70.87946
4103869374.999997,-71.39471
4103870312.499997,-70.96182
4103871249.999997,-70.75527
4103872187.499997,-71.2908
4103873124.999997,-70.93046
4103874062.499997,-71.0224
4103874999.999997,-70.71737
4103875937.499997,-70.91583
4103876874.999997,-70.77333
4103877812.499997,-70.81451
4103878749.999997,-71.16429
4103879687.499997,-71.49569
4103880624.999997,-71.01702
4103881562.499997,-71.31084
4103882499.999997,-71.41267
4103883437.499997,-70.73842
4103884374.999997,-70.68198
4103885312.499997,-70.4972
4103886249.999997,-70.62328
4103887187.499997,-70.36377
4103888124.999997,-71.14671
4103889062.499997,-70.83437
4103889999.999997,-70.80121
4103890937.499997,-71.42394
4103891874.999997,-71.08998
4103892812.499997,-71.23408
4103893749.999997,-70.65975
4103894687.499997,-71.47066
4103895624.999997,-70.86145
4103896562.499997,-70.84186
4103897499.999997,-70.76595
4103898437.499997,-70.94536
4103899374.999997,-70.86069
4103900312.499997,-71.31232
4103901249.999997,-71.00785
4103902187.499997,-70.92772
4103903124.999997,-71.59305
4103904062.499997,-71.63239
4103904999.999997,-71.04484
4103905937.499997,-70.50173
4103906874.999997,-70.9668
4103907812.499997,-70.91362
4103908749.999997,-70.74462
4103909687.499997,-71.30724
4103910624.999997,-70.95583
4103911562.499997,-70.84385
4103912499.999997,-71.20066
4103913437.499997,-71.58234
4103914374.999997,-70.93203
4103915312.499997,-70.90714
4103916249.999997,-70.74749
4103917187.499997,-70.85974
4103918124.999997,-70.69225
4103919062.499997,-70.9627
4103919999.999997,-71.22848
4103920937.499997,-71.14951
4103921874.999997,-71.07713
4103922812.499997,-71.32691
4103923749.999997,-70.75816
4103924687.499997,-71.13096
4103925624.999997,-71.08789
4103926562.499997,-70.91809
4103927499.999997,-71.35449
4103928437.499997,-70.80696
4103929374.999997,-71.10206
4103930312.499997,-71.30979
4103931249.999997,-70.93327
4103932187.499997,-70.56378
4103933124.999997,-71.313
4103934062.499997,-70.0472
4103934999.999997,-71.15585
4103935937.499997,-71.2318
4103936874.999997,-70.68678
4103937812.499997,-71.86077
4103938749.999997,-71.02228
4103939687.499997,-71.20303
4103940624.999997,-71.28469
4103941562.499997,-71.11057
4103942499.999997,-70.80826
4103943437.499997,-71.14677
4103944374.999997,-71.09955
4103945312.499997,-70.88326
4103946249.999997,-70.74931
4103947187.499997,-70.91118
4103948124.999997,-70.98026
4103949062.499997,-70.45805
4103949999.999997,-70.41517
4103950937.499997,-71.40614
4103951874.999997,-71.0825
4103952812.499997,-71.29192
4103953749.999997,-70.70271
4103954687.499997,-71.37996
4103955624.999997,-70.43377
4103956562.499997,-70.80976
4103957499.999997,-70.52132
4103958437.499997,-70.69689
4103959374.999997,-70.92518
4103960312.499997,-70.72479
4103961249.999997,-70.42258
4103962187.499997,-70.85976
4103963124.999997,-70.79174
4103964062.499997,-71.03919
4103964999.999997,-70.82227
4103965937.499997,-70.61369
4103966874.999997,-71.09298
4103967812.499997,-71.40047
4103968749.999997,-70.90379
4103969687.499997,-71.23093
4103970624.999997,-71.21793
4103971562.499997,-71.09563
4103972499.999997,-70.84064
4103973437.499997,-71.08415
4103974374.999997,-70.49211
4103975312.499997,-71.34359
4103976249.999997,-71.1685
4103977187.499997,-71.05763
4103978124.999997,-71.1435
4103979062.499997,-70.63991
4103979999.999997,-70.91335
4103980937.499997,-71.01477
4103981874.999997,-70.56776
4103982812.499997,-71.53109
4103983749.999997,-70.6849
4103984687.499997,-70.40099
4103985624.999997,-71.12011
4103986562.499997,-70.92377
4103987499.999997,-71.66563
4103988437.499997,-71.02682
4103989374.999997,-70.68187
4103990312.499997,-71.04068
4103991249.999997,-70.76117
4103992187.499997,-70.69984
4103993124.999997,-71.04546
4103994062.499997,-70.73253
4103994999.999997,-71.36728
4103995937.499997,-70.2738
4103996874.999997,-71.14154
4103997812.499997,-71.43613
4103998749.999997,-71.10416
4103999687.499997,-71.34937
4104000624.999997,-71.29303
4104001562.499997,-70.79617
4104002499.999997,-70.70535
4104003437.499997,-71.30456
4104004374.999997,-70.97939
4104005312.499997,-71.05634
4104006249.999997,-70.69541
4104007187.499997,-70.55337
4104008124.999997,-70.53458
4104009062.499997,-70.96439
4104009999.999997,-71.21771
4104010937.499997,-70.48618
4104011874.999997,-70.56846
4104012812.499997,-70.38826
4104013749.999997,-70.56032
4104014687.499997,-70.81012
4104015624.999997,-70.79584
4104016562.499997,-70.81448
4104017499.999997,-71.46581
4104018437.499997,-71.01793
4104019374.999997,-71.10051
4104020312.499997,-70.95135
4104021249.999997,-71.05091
4104022187.499997,-70.66632
4104023124.999997,-70.68752
4104024062.499997,-70.72215
4104024999.999997,-71.23869
4104025937.499997,-70.8969
4104026874.999997,-70.5932
4104027812.499997,-70.29913
4104028749.999997,-71.08349
4104029687.499997,-71.05975
4104030624.999997,-70.69775
4104031562.499997,-70.91116
4104032499.999997,-70.63194
4104033437.499997,-71.49622
4104034374.999997,-70.73488
4104035312.499997,-70.45474
4104036249.999997,-70.90833
4104037187.499997,-71.42258
4104038124.999997,-71.56105
4104039062.499997,-70.74467
4104039999.999997,-71.01814
4104040937.499997,-70.51752
4104041874.999997,-71.10368
4104042812.499997,-70.98552
4104043749.999997,-71.01023
4104044687.499997,-70.96545
4104045624.999997,-70.6592
4104046562.499997,-70.90177
4104047499.999997,-71.08945
4104048437.499997,-71.13924
4104049374.999997,-70.61282
4104050312.499997,-70.63947
4104051249.999997,-70.79926
4104052187.499997,-70.95872
4104053124.999997,-70.79774
4104054062.499997,-70.68271
4104054999.999997,-71.2784
4104055937.499997,-71.09544
4104056874.999997,-71.00479
4104057812.499997,-71.44566
4104058749.999997,-70.88937
4104059687.499997,-71.18389
4104060624.999997,-71.60077
4104061562.499997,-71.03
4104062499.999997,-70.36909
4104063437.499997,-71.11391
4104064374.999997,-70.79013
4104065312.499997,-71.01577
4104066249.999997,-71.10601
4104067187.499997,-70.70542
4104068124.999997,-70.99772
4104069062.499997,-71.17114
4104069999.999997,-70.72275
4104070937.499997,-71.00199
4104071874.999997,-70.98805
4104072812.499997,-70.70123
4104073749.999997,-70.6261
4104074687.499997,-70.46796
4104075624.999997,-70.87278
4104076562.499997,-70.63566
4104077499.999997,-70.77297
4104078437.499997,-71.47854
4104079374.999997,-70.92507
4104080312.499997,-70.55666
4104081249.999997,-70.62446
4104082187.499997,-70.72601
4104083124.999997,-70.96904
4104084062.499997,-70.30244
4104084999.999997,-71.04599
4104085937.499997,-70.43613
4104086874.999997,-70.82869
4104087812.499997,-71.17202
4104088749.999997,-70.89566
4104089687.499997,-70.90605
4104090624.999997,-70.58637
4104091562.499997,-70.91978
4104092499.999997,-70.98906
4104093437.499997,-70.84837
4104094374.999997,-71.01379
4104095312.499997,-70.82434
4104096249.999997,-70.34044
4104097187.499997,-70.76506
4104098124.999997,-70.68829
4104099062.499997,-70.31734
4104099999.999997,-71.32523
4104100937.499997,-71.02835
4104101874.999997,-71.04723
4104102812.499997,-70.68559
4104103749.999997,-71.34596
4104104687.499997,-71.19486
4104105624.999997,-71.98338
4104106562.499997,-70.67886
4104107499.999997,-70.4621
4104108437.499997,-71.02753
4104109374.999997,-71.01099
4104110312.499997,-70.38891
4104111249.999997,-70.50591
4104112187.499997,-71.0654
4104113124.999997,-71.27597
4104114062.499997,-70.57456
4104114999.999997,-71.08044
4104115937.499997,-70.38336
4104116874.999997,-70.14751
4104117812.499997,-70.50709
4104118749.999997,-70.6711
4104119687.499997,-71.32697
4104120624.999997,-70.70272
4104121562.499997,-70.94715
4104122499.999997,-70.8222
4104123437.499997,-70.2033
4104124374.999997,-71.25278
4104125312.499997,-70.9622
4104126249.999997,-70.89715
4104127187.499997,-70.75002
4104128124.999997,-71.50416
4104129062.499997,-70.66368
4104129999.999997,-71.09455
4104130937.499997,-70.46766
4104131874.999997,-70.79772
4104132812.499997,-70.49309
4104133749.999997,-70.93331
4104134687.499997,-70.76815
4104135624.999997,-70.67192
4104136562.499997,-71.1894
4104137499.999997,-70.8123
4104138437.499997,-70.77702
4104139374.999997,-71.26508
4104140312.499997,-70.51547
4104141249.999997,-70.76411
4104142187.499997,-71.96163
4104143124.999997,-71.16592
4104144062.499997,-70.88853
4104144999.999997,-71.29578
4104145937.499997,-70.86761
4104146874.999997,-71.01308
4104147812.499997,-70.2104
4104148749.999997,-70.71162
4104149687.499997,-70.93106
4104150624.999997,-71.33777
4104151562.499997,-71.26202
4104152499.999997,-70.85461
4104153437.499997,-70.86746
4104154374.999997,-71.2877
4104155312.499997,-71.11148
4104156249.999997,-71.07236
4104157187.499997,-70.45428
4104158124.999997,-71.45293
4104159062.499997,-70.8565
4104159999.999997,-70.31831
4104160937.499997,-70.32502
4104161874.999997,-70.58655
4104162812.499997,-70.93768
4104163749.999997,-71.02381
4104164687.499997,-70.15623
4104165624.999997,-70.82367
4104166562.499997,-70.99346
4104167499.999997,-71.15916
4104168437.499997,-71.04972
4104169374.999997,-70.7754
4104170312.499997,-70.95286
4104171249.999997,-70.7895
4104172187.499997,-70.92924
4104173124.999997,-71.46519
4104174062.499997,-70.77197
4104174999.999997,-70.74229
4104175937.499997,-70.79064
4104176874.999997,-70.50549
4104177812.499997,-70.53026
4104178749.999997,-70.99138
4104179687.499997,-70.57225
4104180624.999997,-71.01472
4104181562.499997,-70.26764
4104182499.999997,-70.77673
4104183437.499997,-70.89053
4104184374.999997,-70.57516
4104185312.499997,-71.24056
4104186249.999997,-70.46947
4104187187.499997,-70.69752
4104188124.999997,-70.51171
4104189062.499997,-71.06484
4104189999.999997,-70.65305
4104190937.499997,-71.38382
4104191874.999997,-69.95432
4104192812.499997,-70.86151
4104193749.999997,-70.3307
4104194687.499997,-70.92111
4104195624.999997,-71.22971
4104196562.499997,-70.47517
4104197499.999997,-70.4303
4104198437.499997,-70.95314
4104199374.999997,-70.36805
4104200312.499997,-70.09573
4104201249.999997,-71.33289
4104202187.499997,-70.88461
4104203124.999997,-70.70306
4104204062.499997,-70.86153
4104204999.999997,-71.47012
4104205937.499997,-71.40944
4104206874.999997,-70.58238
4104207812.499997,-71.07159
4104208749.999997,-71.74628
4104209687.499997,-71.38751
4104210624.999997,-70.78036
4104211562.499997,-70.92015
4104212499.999997,-70.91103
4104213437.499997,-71.15446
4104214374.999997,-70.37814
4104215312.499997,-70.87641
4104216249.999997,-70.93702
4104217187.499997,-70.82208
4104218124.999997,-70.46204
4104219062.499997,-70.72149
4104219999.999997,-70.22385
4104220937.499997,-71.37417
4104221874.999997,-71.07871
4104222812.499997,-70.94107
4104223749.999997,-70.49426
4104224687.499997,-70.93145
4104225624.999997,-70.62878
4104226562.499997,-71.04987
4104227499.999997,-70.71526
4104228437.499997,-70.55428
4104229374.999997,-70.35463
4104230312.499997,-70.58073
4104231249.999997,-70.56081
4104232187.499997,-70.73808
4104233124.999997,-70.89597
4104234062.499997,-70.48064
4104234999.999997,-71.0083
4104235937.499997,-70.2086
4104236874.999997,-71.59358
4104237812.499997,-70.11025
4104238749.999997,-70.26669
4104239687.499997,-70.95505
4104240624.999997,-71.14085
4104241562.499997,-70.79861
4104242499.999997,-70.44595
4104243437.499997,-70.63239
4104244374.999997,-70.88794
4104245312.499997,-71.22495
4104246249.999997,-70.84518
4104247187.499997,-71.03678
4104248124.999997,-70.85258
4104249062.499997,-71.239
4104249999.999997,-71.20058
4104250937.499997,-71.08174
4104251874.999997,-71.03936
4104252812.499997,-70.76781
4104253749.999997,-70.78982
4104254687.499997,-71.30399
4104255624.999997,-70.45078
4104256562.499997,-71.40926
4104257499.999997,-71.396
4104258437.499997,-71.59144
4104259374.999997,-70.57214
4104260312.499997,-70.63859
4104261249.999997,-70.60841
4104262187.499997,-70.75507
4104263124.999997,-70.61801
4104264062.499997,-70.24942
4104264999.999997,-70.69305
4104265937.499997,-70.85618
4104266874.999997,-71.03281
4104267812.499997,-71.70691
4104268749.999997,-71.25931
4104269687.499997,-70.63252
4104270624.999997,-70.20588
4104271562.499997,-70.98956
4104272499.999997,-70.2286
4104273437.499997,-71.46094
4104274374.999997,-71.00946
4104275312.499997,-70.46247
4104276249.999997,-70.66325
4104277187.499997,-71.21917
4104278124.999997,-71.04119
4104279062.499997,-70.3483
4104279999.999997,-70.92493
4104280937.499997,-70.88341
4104281874.999997,-70.24634
4104282812.499997,-70.80292
4104283749.999997,-70.8044
4104284687.499997,-70.56746
4104285624.999997,-70.83597
4104286562.499997,-70.54001
4104287499.999997,-71.37756
4104288437.499997,-70.98069
4104289374.999997,-70.65253
4104290312.499997,-70.70586
4104291249.999997,-70.59254
4104292187.499997,-70.86414
4104293124.999997,-70.72798
4104294062.499997,-70.50647
4104294999.999997,-71.28749
4104295937.499997,-71.23975
4104296874.999997,-70.33936
4104297812.499997,-70.77835
4104298749.999997,-70.65398
4104299687.499997,-70.4288
4104300624.999997,-71.48886
4104301562.499997,-70.75402
4104302499.999997,-70.68333
4104303437.499997,-70.36017
4104304374.999997,-70.82523
4104305312.499997,-70.73873
4104306249.999997,-70.82789
4104307187.499997,-71.15714
4104308124.999997,-71.25949
4104309062.499997,-71.29112
4104309999.999997,-70.85152
4104310937.499997,-70.5361
4104311874.999997,-70.84251
4104312812.499997,-70.47865
4104313749.999997,-70.66431
4104314687.499997,-70.71875
4104315624.999997,-70.4763
4104316562.499997,-71.19054
4104317499.999997,-70.211
4104318437.499997,-71.3381
4104319374.999997,-70.9363
4104320312.499997,-70.66329
4104321249.999997,-70.85571
4104322187.499997,-70.10739
4104323124.999997,-70.83215
4104324062.499997,-70.48611
4104324999.999997,-71.14715
4104325937.499997,-71.59767
4104326874.999997,-71.1159
4104327812.499997,-70.6665
4104328749.999997,-70.87267
4104329687.499997,-70.56566
4104330624.999997,-70.51622
4104331562.499997,-70.74483
4104332499.999997,-71.12636
4104333437.499997,-71.15692
4104334374.999997,-70.3334
4104335312.499997,-71.20901
4104336249.999997,-71.12321
4104337187.499997,-70.65668
4104338124.999997,-71.04323
4104339062.499997,-70.03406
4104339999.999997,-70.69637
4104340937.499997,-70.61387
4104341874.999997,-70.78716
4104342812.499997,-71.13085
4104343749.999997,-70.31206
4104344687.499997,-70.79485
4104345624.999997,-71.05797
4104346562.499997,-71.12127
4104347499.999997,-70.60767
4104348437.499997,-71.31017
4104349374.999997,-70.60174
4104350312.499997,-71.30231
4104351249.999997,-70.84203
4104352187.499997,-70.67377
4104353124.999997,-70.7417
4104354062.499997,-71.13006
4104354999.999997,-70.61782
4104355937.499997,-70.36966
4104356874.999997,-70.575
4104357812.499997,-70.55076
4104358749.999997,-70.39304
4104359687.499997,-70.97994
4104360624.999997,-70.14793
4104361562.499997,-70.8224
4104362499.999997,-70.38411
4104363437.499997,-71.02011
4104364374.999997,-70.96518
4104365312.499997,-71.1143
4104366249.999997,-70.58161
4104367187.499997,-70.44391
4104368124.999997,-70.60831
4104369062.499997,-71.10553
4104369999.999997,-70.9674
4104370937.499997,-70.64994
4104371874.999997,-71.3852
4104372812.499997,-71.11389
4104373749.999997,-70.76887
4104374687.499997,-70.33103
4104375624.999997,-70.68599
4104376562.499997,-71.02455
4104377499.999997,-70.36312
4104378437.499997,-70.59984
4104379374.999997,-70.62631
4104380312.499997,-70.54718
4104381249.999997,-70.93818
4104382187.499997,-70.34982
4104383124.999997,-70.29285
4104384062.499997,-71.52964
4104384999.999997,-70.01794
4104385937.499997,-70.51182
4104386874.999997,-70.23509
4104387812.499997,-70.92064
4104388749.999997,-70.47271
4104389687.499997,-71.20254
4104390624.999997,-71.34464
4104391562.499997,-70.13601
4104392499.999997,-70.89609
4104393437.499997,-70.06643
4104394374.999997,-70.64426
4104395312.499997,-71.46729
4104396249.999997,-70.53759
4104397187.499997,-70.94
4104398124.999997,-70.98222
4104399062.499997,-71.25636
4104399999.999997,-71.37476
4104400937.499997,-70.50817
4104401874.999997,-70.9173
4104402812.499997,-70.74297
4104403749.999997,-70.33497
4104404687.499997,-70.89992
4104405624.999997,-71.49679
4104406562.499997,-70.39923
4104407499.999997,-70.09846
4104408437.499997,-70.55914
4104409374.999997,-70.70534
4104410312.499997,-71.84782
4104411249.999997,-70.65077
4104412187.499997,-70.51362
4104413124.999997,-70.3705
4104414062.499997,-70.25044
4104414999.999997,-70.8561
4104415937.499997,-70.45152
4104416874.999997,-70.37187
4104417812.499997,-70.98294
4104418749.999997,-70.75185
4104419687.499997,-71.08335
4104420624.999997,-70.22472
4104421562.499997,-70.37289
4104422499.999997,-70.91432
4104423437.499997,-70.87212
4104424374.999997,-70.98511
4104425312.499997,-71.16907
4104426249.999997,-70.35242
4104427187.499997,-70.34296
4104428124.999997,-71.1441
4104429062.499997,-70.78275
4104429999.999997,-70.35529
4104430937.499997,-71.17287
4104431874.999997,-70.45685
4104432812.499997,-70.70969
4104433749.999997,-71.04929
4104434687.499997,-71.08588
4104435624.999997,-71.01971
4104436562.499997,-71.01032
4104437499.999997,-70.35927
4104438437.499997,-70.45068
4104439374.999997,-71.27052
4104440312.499997,-70.8011
4104441249.999997,-70.56335
4104442187.499997,-70.83479
4104443124.999997,-71.31934
4104444062.499997,-70.98939
4104444999.999997,-70.60128
4104445937.499997,-71.09943
4104446874.999997,-71.08521
4104447812.499997,-70.61967
4104448749.999997,-70.90069
4104449687.499997,-70.70116
4104450624.999997,-70.68772
4104451562.499997,-70.49164
4104452499.999997,-70.78623
4104453437.499997,-71.07642
4104454374.999997,-70.8109
4104455312.499997,-70.95009
4104456249.999997,-70.70918
4104457187.499997,-70.49984
4104458124.999997,-70.94238
4104459062.499997,-70.8936
4104459999.999997,-70.51463
4104460937.499997,-70.59194
4104461874.999997,-70.93407
4104462812.499997,-70.74334
4104463749.999997,-70.26456
4104464687.499997,-70.64696
4104465624.999997,-70.92683
4104466562.499997,-69.8701
4104467499.999997,-70.78413
4104468437.499997,-70.89216
4104469374.999997,-70.91812
4104470312.499997,-70.97122
4104471249.999997,-70.59592
4104472187.499997,-71.27799
4104473124.999997,-70.91607
4104474062.499997,-70.97974
4104474999.999997,-70.50975
4104475937.499997,-70.11626
4104476874.999997,-70.45373
4104477812.499997,-70.79986
4104478749.999997,-70.43273
4104479687.499997,-70.60021
4104480624.999997,-70.84661
4104481562.499997,-70.82067
4104482499.999997,-70.7008
4104483437.499997,-70.66653
4104484374.999997,-70.53968
4104485312.499997,-70.73238
4104486249.999997,-70.88724
4104487187.499997,-70.70259
4104488124.999997,-70.97572
4104489062.499997,-70.84548
4104489999.999997,-71.15128
4104490937.499997,-70.94891
4104491874.999997,-70.76781
4104492812.499997,-70.93559
4104493749.999997,-69.82916
4104494687.499997,-71.00469
4104495624.999997,-70.3242
4104496562.499997,-70.32679
4104497499.999997,-71.05463
4104498437.499997,-70.64234
4104499374.999997,-71.67965
4104500312.499997,-70.35896
4104501249.999997,-71.72581
4104502187.499997,-71.01052
4104503124.999997,-70.63288
4104504062.499997,-70.70622
4104504999.999997,-70.44786
4104505937.499997,-70.44248
4104506874.999997,-71.78515
4104507812.499997,-70.67403
4104508749.999997,-71.31615
4104509687.499997,-70.26022
4104510624.999997,-70.5406
4104511562.499997,-70.94597
4104512499.999997,-70.8599
4104513437.499997,-70.70314
4104514374.999997,-70.5659
4104515312.499997,-70.4704
4104516249.999997,-70.86562
4104517187.499997,-70.09422
4104518124.999997,-70.78068
4104519062.499997,-71.33536
4104519999.999997,-71.07902
4104520937.499997,-71.0065
4104521874.999997,-70.45295
4104522812.499997,-70.26115
4104523749.999997,-71.25569
4104524687.499997,-71.58537
4104525624.999997,-70.65783
4104526562.499997,-71.04313
4104527499.999997,-71.0842
4104528437.499997,-70.44886
4104529374.999997,-70.57126
4104530312.499997,-70.4258
4104531249.999997,-70.57488
4104532187.499997,-70.44019
4104533124.999997,-70.41566
4104534062.499997,-70.01628
4104534999.999997,-70.2511
4104535937.499997,-70.72
4104536874.999997,-70.8324
4104537812.499997,-71.08341
4104538749.999997,-70.66035
4104539687.499997,-69.84436
4104540624.999997,-71.12146
4104541562.499997,-70.58542
4104542499.999997,-70.41065
4104543437.499997,-70.12789
4104544374.999997,-70.29777
4104545312.499997,-70.64478
4104546249.999997,-70.85202
4104547187.499997,-70.66176
4104548124.999997,-70.74371
4104549062.499997,-71.05267
4104549999.999997,-70.41756
4104550937.499997,-71.10152
4104551874.999997,-71.00684
4104552812.499997,-70.4612
4104553749.999997,-70.35161
4104554687.499997,-70.56296
4104555624.999997,-70.92535
4104556562.499997,-70.64158
4104557499.999997,-70.68476
4104558437.499997,-70.64067
4104559374.999997,-70.46848
4104560312.499997,-70.51112
4104561249.999997,-71.2978
4104562187.499997,-70.91534
4104563124.999997,-70.63352
4104564062.499997,-70.93552
4104564999.999997,-70.34644
4104565937.499997,-70.7535
4104566874.999997,-71.03732
4104567812.499997,-70.79677
4104568749.999997,-70.52927
4104569687.499997,-70.80488
4104570624.999997,-70.0724
4104571562.499997,-71.35211
4104572499.999997,-70.68427
4104573437.499997,-70.67817
4104574374.999997,-70.93332
4104575312.499997,-70.8644
4104576249.999997,-70.69056
4104577187.499997,-70.32095
4104578124.999997,-70.68438
4104579062.499997,-71.04498
4104579999.999997,-70.43491
4104580937.499997,-70.36541
4104581874.999997,-70.96018
4104582812.499997,-71.36166
4104583749.999997,-70.86833
4104584687.499997,-71.22315
4104585624.999997,-70.52436
4104586562.499997,-70.69469
4104587499.999997,-70.57571
4104588437.499997,-70.37967
4104589374.999997,-71.15434
4104590312.499997,-71.23115
4104591249.999997,-70.53335
4104592187.499997,-70.65922
4104593124.999997,-70.92307
4104594062.499997,-70.92062
4104594999.999997,-71.62917
4104595937.499997,-70.60541
4104596874.999997,-70.65591
4104597812.499997,-70.61829
4104598749.999997,-70.618
4104599687.499997,-70.48868
4104600624.999997,-70.63053
4104601562.499997,-70.78728
4104602499.999997,-70.94755
4104603437.499997,-70.8735
4104604374.999997,-70.87756
4104605312.499997,-70.71386
4104606249.999997,-70.96581
4104607187.499997,-70.95653
4104608124.999997,-70.16579
4104609062.499997,-70.56086
4104609999.999997,-70.24755
4104610937.499997,-70.63285
4104611874.999997,-71.31963
4104612812.499997,-70.35475
4104613749.999997,-70.51726
4104614687.499997,-70.61677
4104615624.999997,-71.08746
4104616562.499997,-70.43279
4104617499.999997,-70.81567
4104618437.499997,-70.93881
4104619374.999997,-70.6105
4104620312.499997,-70.6178
4104621249.999997,-70.46719
4104622187.499997,-70.52748
4104623124.999997,-70.09985
4104624062.499997,-70.884
4104624999.999997,-70.30096
4104625937.499997,-70.62132
4104626874.999997,-70.33309
4104627812.499997,-70.08017
4104628749.999997,-70.69939
4104629687.499997,-71.20617
4104630624.999997,-71.14129
4104631562.499997,-70.41898
4104632499.999997,-70.73293
4104633437.499997,-70.13625
4104634374.999997,-70.43723
4104635312.499997,-70.41097
4104636249.999997,-70.45707
4104637187.499997,-70.69353
4104638124.999997,-70.64236
4104639062.499997,-70.19048
4104639999.999997,-70.80553
4104640937.499997,-71.01577
4104641874.999997,-70.71014
4104642812.499997,-70.41771
4104643749.999997,-71.05954
4104644687.499997,-70.76791
4104645624.999997,-70.8022
4104646562.499997,-70.79586
4104647499.999997,-70.41303
4104648437.499997,-71.20641
4104649374.999997,-71.12666
4104650312.499997,-69.95177
4104651249.999997,-71.56628
4104652187.499997,-71.05962
4104653124.999997,-71.09356
4104654062.499997,-70.50445
4104654999.999997,-70.51773
4104655937.499997,-70.97911
4104656874.999997,-70.65759
4104657812.499997,-70.48682
4104658749.999997,-70.3651
4104659687.499997,-70.8015
4104660624.999997,-70.17746
4104661562.499997,-70.72681
4104662499.999997,-70.22313
4104663437.499997,-70.89882
4104664374.999997,-69.86795
4104665312.499997,-69.94273
4104666249.999997,-69.88414
4104667187.499997,-70.78929
4104668124.999997,-70.46246
4104669062.499997,-70.39742
4104669999.999997,-70.35159
4104670937.499997,-71.02811
4104671874.999997,-70.23785
4104672812.499997,-70.82024
4104673749.999997,-70.7403
4104674687.499997,-70.70681
4104675624.999997,-70.94225
4104676562.499997,-70.2348
4104677499.999997,-70.61006
4104678437.499997,-70.49463
4104679374.999997,-70.77976
4104680312.499997,-70.49773
4104681249.999997,-70.42825
4104682187.499997,-70.0913
4104683124.999997,-71.00193
4104684062.499997,-70.55807
4104684999.999997,-70.36364
4104685937.499997,-70.59408
4104686874.999997,-70.32691
4104687812.499997,-70.46532
4104688749.999997,-70.42687
4104689687.499997,-70.6344
4104690624.999997,-70.68137
4104691562.499997,-70.89246
4104692499.999997,-70.79912
4104693437.499997,-70.6702
4104694374.999997,-70.20088
4104695312.499997,-70.46134
4104696249.999997,-70.50311
4104697187.499997,-70.27808
4104698124.999997,-71.04133
4104699062.499997,-70.12718
4104699999.999997,-70.29045
4104700937.499997,-71.22594
4104701874.999997,-70.9108
4104702812.499997,-70.47321
4104703749.999997,-71.1664
4104704687.499997,-70.52637
4104705624.999997,-70.82379
4104706562.499997,-70.44382
4104707499.999997,-70.4735
4104708437.499997,-71.24698
4104709374.999997,-71.11077
4104710312.499997,-70.95992
4104711249.999997,-70.40668
4104712187.499997,-70.71917
4104713124.999997,-70.52483
4104714062.499997,-70.5603
4104714999.999997,-70.74812
4104715937.499997,-70.65823
4104716874.999997,-70.86784
4104717812.499997,-70.59577
4104718749.999997,-70.61576
4104719687.499997,-70.34347
4104720624.999997,-70.46429
4104721562.499997,-70.04096
4104722499.999997,-70.14864
4104723437.499997,-70.65673
4104724374.999997,-70.35939
4104725312.499997,-70.66183
4104726249.999997,-70.68156
4104727187.499997,-70.74135
4104728124.999997,-70.92043
4104729062.499997,-70.2004
4104729999.999997,-69.88753
4104730937.499997,-70.47795
4104731874.999997,-71.21902
4104732812.499997,-70.2963
4104733749.999997,-71.21146
4104734687.499997,-70.83154
4104735624.999997,-70.37834
4104736562.499997,-70.54567
4104737499.999997,-70.9409
4104738437.499997,-70.31363
4104739374.999997,-70.23859
4104740312.499997,-71.21796
4104741249.999997,-70.72236
4104742187.499997,-70.9956
4104743124.999997,-70.62534
4104744062.499997,-70.44077
4104744999.999997,-70.37269
4104745937.499997,-70.96426
4104746874.999997,-70.64748
4104747812.499997,-70.12159
4104748749.999997,-70.83323
4104749687.499997,-70.08945
4104750624.999997,-70.30209
4104751562.499997,-70.2709
4104752499.999997,-70.15072
4104753437.499997,-70.76097
4104754374.999997,-70.07952
4104755312.499997,-70.88534
4104756249.999997,-70.69521
4104757187.499997,-71.12457
4104758124.999997,-70.63353
4104759062.499997,-70.34061
4104759999.999997,-71.00183
4104760937.499997,-70.56208
4104761874.999997,-70.55015
4104762812.499997,-70.4745
4104763749.999997,-70.98943
4104764687.499997,-70.51874
4104765624.999997,-70.67373
4104766562.499997,-70.38377
4104767499.999997,-71.02325
4104768437.499997,-70.55842
4104769374.999997,-69.87528
4104770312.499997,-70.76117
4104771249.999997,-70.60229
4104772187.499997,-70.73898
4104773124.999997,-70.77193
4104774062.499997,-70.84364
4104774999.999997,-70.28359
4104775937.499997,-70.18075
4104776874.999997,-70.63672
4104777812.499997,-70.61005
4104778749.999997,-70.4613
4104779687.499997,-70.52435
4104780624.999997,-70.60966
4104781562.499997,-70.52601
4104782499.999997,-70.55276
4104783437.499997,-70.40485
4104784374.999997,-70.5069
4104785312.499997,-70.43063
4104786249.999997,-70.35847
4104787187.499997,-70.9954
4104788124.999997,-70.50082
4104789062.499997,-70.42995
4104789999.999997,-70.61929
4104790937.499997,-69.96905
4104791874.999997,-71.42515
4104792812.499997,-70.49717
4104793749.999997,-70.5341
4104794687.499997,-70.93039
4104795624.999997,-71.69376
4104796562.499997,-70.38048
4104797499.999997,-70.56275
4104798437.499997,-70.58237
4104799374.999997,-70.84718
4104800312.499997,-70.1588
4104801249.999997,-70.31099
4104802187.499997,-70.12171
4104803124.999997,-71.16225
4104804062.499997,-70.66992
4104804999.999997,-70.33642
4104805937.499997,-70.48333
4104806874.999997,-70.99068
4104807812.499997,-70.52835
4104808749.999997,-70.24362
4104809687.499997,-70.16252
4104810624.999997,-70.59116
4104811562.499997,-71.01565
4104812499.999997,-70.72993
4104813437.499997,-70.24063
4104814374.999997,-70.46574
4104815312.499997,-70.40518
4104816249.999997,-70.85264
4104817187.499997,-70.19298
4104818124.999997,-70.48011
4104819062.499997,-71.06014
4104819999.999997,-70.907
4104820937.499997,-70.59045
4104821874.999997,-70.49467
4104822812.499997,-70.86842
4104823749.999997,-70.44412
4104824687.499997,-70.01636
4104825624.999997,-70.55615
4104826562.499997,-70.30409
4104827499.999997,-70.79104
4104828437.499997,-70.71317
4104829374.999997,-70.47521
4104830312.499997,-70.59988
4104831249.999997,-71.04292
4104832187.499997,-70.714
4104833124.999997,-70.99451
4104834062.499997,-70.95891
4104834999.999997,-70.52886
4104835937.499997,-70.88651
4104836874.999997,-70.42239
4104837812.499997,-70.28733
4104838749.999997,-70.58168
4104839687.499997,-71.3652
4104840624.999997,-70.68408
4104841562.499997,-70.2136
4104842499.999997,-70.26117
4104843437.499997,-70.70052
4104844374.999997,-70.34988
4104845312.499997,-70.53902
4104846249.999997,-70.47401
4104847187.499997,-70.47224
4104848124.999997,-69.97321
4104849062.499997,-70.19543
4104849999.999997,-70.14794
4104850937.499997,-70.3306
4104851874.999997,-70.91978
4104852812.499997,-70.21789
4104853749.999997,-70.75169
4104854687.499997,-70.4614
4104855624.999997,-70.77043
4104856562.499997,-70.70551
4104857499.999997,-70.10001
4104858437.499997,-70.36524
4104859374.999997,-70.83844
4104860312.499997,-70.53472
4104861249.999997,-70.35103
4104862187.499997,-70.04324
4104863124.999997,-70.08258
4104864062.499997,-70.20129
4104864999.999997,-70.83093
4104865937.499997,-70.31546
4104866874.999997,-70.08295
4104867812.499997,-70.54206
4104868749.999997,-70.55997
4104869687.499997,-70.65018
4104870624.999997,-70.56578
4104871562.499997,-70.99519
4104872499.999997,-70.60833
4104873437.499997,-69.58343
4104874374.999997,-70.86949
4104875312.499997,-70.52001
4104876249.999997,-70.16339
4104877187.499997,-70.33722
4104878124.999997,-70.45043
4104879062.499997,-70.30611
4104879999.999997,-70.67816
4104880937.499997,-70.85957
4104881874.999997,-70.30771
4104882812.499997,-70.53168
4104883749.999997,-70.9665
4104884687.499997,-70.37418
4104885624.999997,-70.14849
4104886562.499997,-71.33745
4104887499.999997,-70.53967
4104888437.499997,-70.6505
4104889374.999997,-71.03976
4104890312.499997,-70.30791
4104891249.999997,-70.94174
4104892187.499997,-70.51309
4104893124.999997,-70.37997
4104894062.499997,-70.25709
4104894999.999997,-70.74952
4104895937.499997,-70.62375
4104896874.999997,-71.10722
4104897812.499997,-70.18046
4104898749.999997,-70.44514
4104899687.499997,-70.6785
4104900624.999997,-70.7354
4104901562.499997,-70.52874
4104902499.999997,-70.46673
4104903437.499997,-70.33554
4104904374.999997,-70.60619
4104905312.499997,-70.46941
4104906249.999997,-70.81931
4104907187.499997,-70.34589
4104908124.999997,-71.05055
4104909062.499997,-70.17417
4104909999.999997,-70.46474
4104910937.499997,-70.57113
4104911874.999997,-70.52258
4104912812.499997,-70.80652
4104913749.999997,-71.08612
4104914687.499997,-70.35124
4104915624.999997,-70.27166
4104916562.499997,-70.44117
4104917499.999997,-70.89825
4104918437.499997,-70.10082
4104919374.999997,-70.33964
4104920312.499997,-70.1794
4104921249.999997,-70.46062
4104922187.499997,-70.33651
4104923124.999997,-70.15104
4104924062.499997,-70.29494
4104924999.999997,-70.4351
4104925937.499997,-70.35712
4104926874.999997,-70.62551
4104927812.499997,-70.65587
4104928749.999997,-70.44563
4104929687.499997,-70.41048
4104930624.999997,-70.84245
4104931562.499997,-70.03899
4104932499.999997,-70.45272
4104933437.499997,-70.25767
4104934374.999997,-70.48349
4104935312.499997,-70.92261
4104936249.999997,-70.92123
4104937187.499997,-70.39577
4104938124.999997,-70.12657
4104939062.499997,-70.32595
4104939999.999997,-70.94596
4104940937.499997,-70.14677
4104941874.999997,-70.5741
4104942812.499997,-70.14477
4104943749.999997,-70.54066
4104944687.499997,-70.37842
4104945624.999997,-70.24767
4104946562.499997,-70.57929
4104947499.999997,-69.95685
4104948437.499997,-70.40543
4104949374.999997,-70.4622
4104950312.499997,-70.64925
4104951249.999997,-70.5362
4104952187.499997,-71.12086
4104953124.999997,-70.26488
4104954062.499997,-70.63477
4104954999.999997,-70.62585
4104955937.499997,-70.53894
4104956874.999997,-70.77997
4104957812.499997,-70.62701
4104958749.999997,-70.32253
4104959687.499997,-70.36567
4104960624.999997,-70.84039
4104961562.499997,-70.14212
4104962499.999997,-70.69237
4104963437.499997,-70.76777
4104964374.999997,-70.59079
4104965312.499997,-70.30069
4104966249.999997,-70.39294
4104967187.499997,-70.53529
4104968124.999997,-70.26019
4104969062.499997,-70.58404
4104969999.999997,-70.27395
4104970937.499997,-70.49976
4104971874.999997,-70.47152
4104972812.499997,-70.27191
4104973749.999997,-70.10561
4104974687.499997,-70.71237
4104975624.999997,-70.84662
4104976562.499997,-70.76539
4104977499.999997,-70.70789
4104978437.499997,-70.32479
4104979374.999997,-70.53236
4104980312.499997,-70.2987
4104981249.999997,-70.85809
4104982187.499997,-70.434
4104983124.999997,-70.24034
4104984062.499997,-70.5404
4104984999.999997,-70.32329
4104985937.499997,-70.55996
4104986874.999997,-70.44695
4104987812.499997,-70.7101
4104988749.999997,-70.84998
4104989687.499997,-70.50735
4104990624.999997,-70.11732
4104991562.499997,-70.91785
4104992499.999997,-70.36803
4104993437.499997,-70.28615
4104994374.999997,-70.01097
4104995312.499997,-70.1971
4104996249.999997,-70.38666
4104997187.499997,-70.00448
4104998124.999997,-69.92184
4104999062.499997,-70.03802
4104999999.999997,-70.45788
4105000937.499997,-70.61387
4105001874.999997,-70.77091
4105002812.499997,-70.23061
4105003749.999997,-70.51781
4105004687.499997,-70.68204
4105005624.999997,-70.77673
4105006562.499997,-70.58025
4105007499.999997,-70.90064
4105008437.499997,-70.86198
4105009374.999997,-70.41217
4105010312.499997,-70.99796
4105011249.999997,-71.27501
4105012187.499997,-70.01883
4105013124.999997,-70.38686
4105014062.499997,-70.81215
4105014999.999997,-70.54879
4105015937.499997,-70.01028
4105016874.999997,-70.62943
4105017812.499997,-70.42255
4105018749.999997,-69.68272
4105019687.499997,-70.2154
4105020624.999997,-70.13811
4105021562.499997,-69.8013
4105022499.999997,-70.35058
4105023437.499997,-70.55994
4105024374.999997,-70.02267
4105025312.499997,-70.49031
4105026249.999997,-70.72485
4105027187.499997,-70.10413
4105028124.999997,-69.94586
4105029062.499997,-70.56257
4105029999.999997,-70.18543
4105030937.499997,-70.65601
4105031874.999997,-70.75941
4105032812.499997,-70.26157
4105033749.999997,-70.68454
4105034687.499997,-70.46605
4105035624.999997,-70.3347
4105036562.499997,-70.71274
4105037499.999997,-70.2684
4105038437.499997,-71.14529
4105039374.999997,-70.59375
4105040312.499997,-70.98441
4105041249.999997,-69.61243
4105042187.499997,-70.27323
4105043124.999997,-70.53809
4105044062.499997,-70.46046
4105044999.999997,-71.05381
4105045937.499997,-70.51502
4105046874.999997,-69.81867
4105047812.499997,-70.55824
4105048749.999997,-70.57524
4105049687.499997,-70.46456
4105050624.999997,-70.10498
4105051562.499997,-70.10044
4105052499.999997,-70.76033
4105053437.499997,-70.56387
4105054374.999997,-70.31915
4105055312.499997,-70.10215
4105056249.999997,-70.29181
4105057187.499997,-70.50966
4105058124.999997,-69.53555
4105059062.499997,-70.53816
4105059999.999997,-70.72905
4105060937.499997,-70.63451
4105061874.999997,-70.83254
4105062812.499997,-70.64104
4105063749.999997,-70.62882
4105064687.499997,-70.17381
4105065624.999997,-70.29775
4105066562.499997,-70.027
4105067499.999997,-70.47623
4105068437.499997,-70.31373
4105069374.999997,-70.62299
4105070312.499997,-70.23878
4105071249.999997,-70.70226
4105072187.499997,-70.37537
4105073124.999997,-70.44552
4105074062.499997,-70.4185
4105074999.999997,-69.98058
4105075937.499997,-70.21121
4105076874.999997,-70.93421
4105077812.499997,-70.50865
4105078749.999997,-69.87992
4105079687.499997,-69.43381
4105080624.999997,-70.47971
4105081562.499997,-69.95929
4105082499.999997,-69.92306
4105083437.499997,-70.10664
4105084374.999997,-70.35572
4105085312.499997,-70.71414
4105086249.999997,-70.80058
4105087187.499997,-69.97379
4105088124.999997,-71.34303
4105089062.499997,-70.83578
4105089999.999997,-70.33508
4105090937.499997,-70.78955
4105091874.999997,-69.86622
4105092812.499997,-70.64174
4105093749.999997,-70.05522
4105094687.499997,-70.26553
4105095624.999997,-70.51225
4105096562.499997,-70.20461
4105097499.999997,-69.85634
4105098437.499997,-71.11195
4105099374.999997,-70.47989
4105100312.499997,-70.39274
4105101249.999997,-70.16373
4105102187.499997,-70.09347
4105103124.999997,-70.00231
4105104062.499997,-70.60483
4105104999.999997,-70.72196
4105105937.499997,-70.5351
4105106874.999997,-70.31644
4105107812.499997,-70.6777
4105108749.999997,-69.85504
4105109687.499997,-70.55015
4105110624.999997,-69.85345
4105111562.499997,-70.31443
4105112499.999997,-70.5434
4105113437.499997,-70.89254
4105114374.999997,-70.20356
4105115312.499997,-70.29758
4105116249.999997,-70.11696
4105117187.499997,-70.3776
4105118124.999997,-70.18925
4105119062.499997,-70.75793
4105119999.999997,-70.49178
4105120937.499997,-70.85072
4105121874.999997,-70.57539
4105122812.499997,-69.86573
4105123749.999997,-70.00684
4105124687.499997,-70.8196
4105125624.999997,-70.51751
4105126562.499997,-70.33495
4105127499.999997,-69.84995
4105128437.499997,-70.58157
4105129374.999997,-70.26637
4105130312.499997,-70.13414
4105131249.999997,-70.24252
4105132187.499997,-70.32555
4105133124.999997,-70.65375
4105134062.499997,-70.38695
4105134999.999997,-69.9485
4105135937.499997,-70.47366
4105136874.999997,-70.48786
4105137812.499997,-69.96429
4105138749.999997,-70.30257
4105139687.499997,-70.3134
4105140624.999997,-70.53657
4105141562.499997,-70.8792
4105142499.999997,-70.64405
4105143437.499997,-70.51983
4105144374.999997,-70.475
4105145312.499997,-70.76896
4105146249.999997,-70.58044
4105147187.499997,-70.10933
4105148124.999997,-70.56901
4105149062.499997,-70.57978
4105149999.999997,-70.24703
4105150937.499997,-70.48275
4105151874.999997,-70.46518
4105152812.499997,-70.48517
4105153749.999997,-70.36822
4105154687.499997,-70.76796
4105155624.999997,-70.29967
4105156562.499997,-70.41475
4105157499.999997,-70.17004
4105158437.499997,-70.48347
4105159374.999997,-70.20972
4105160312.499997,-70.02942
4105161249.999997,-70.2466
4105162187.499997,-70.49345
4105163124.999997,-70.63065
4105164062.499997,-70.30688
4105164999.999997,-70.73341
4105165937.499997,-70.28607
4105166874.999997,-70.47769
4105167812.499997,-70.36185
4105168749.999997,-70.4706
4105169687.499997,-70.29497
4105170624.999997,-70.28706
4105171562.499997,-69.93436
4105172499.999997,-70.38995
4105173437.499997,-70.23116
4105174374.999997,-70.20045
4105175312.499997,-69.77924
4105176249.999997,-69.9679
4105177187.499997,-69.94141
4105178124.999997,-69.84001
4105179062.499997,-70.18257
4105179999.999997,-69.81175
4105180937.499997,-70.46375
4105181874.999997,-70.79678
4105182812.499997,-70.51998
4105183749.999997,-70.70404
4105184687.499997,-70.85651
4105185624.999997,-70.81908
4105186562.499997,-70.69511
4105187499.999997,-70.01836
4105188437.499997,-70.62332
4105189374.999997,-70.38609
4105190312.499997,-70.85882
4105191249.999997,-70.74924
4105192187.499997,-69.51572
4105193124.999997,-70.68285
4105194062.499997,-70.1516
4105194999.999997,-70.80264
4105195937.499997,-70.22388
4105196874.999997,-70.55884
4105197812.499997,-70.21641
4105198749.999997,-70.13412
4105199687.499997,-70.15594
4105200624.999997,-70.40205
4105201562.499997,-70.20496
4105202499.999997,-70.23505
4105203437.499997,-70.41557
4105204374.999997,-70.37189
4105205312.499997,-70.06023
4105206249.999997,-70.32153
4105207187.499997,-70.06184
4105208124.999997,-69.91522
4105209062.499997,-70.56685
4105209999.999997,-70.42451
4105210937.499997,-70.49082
4105211874.999997,-70.81969
4105212812.499997,-69.5826
4105213749.999997,-70.30431
4105214687.499997,-70.35536
4105215624.999997,-70.03989
4105216562.499997,-70.14677
4105217499.999997,-70.33002
4105218437.499997,-70.36203
4105219374.999997,-70.41119
4105220312.499997,-70.88051
4105221249.999997,-70.45081
4105222187.499997,-70.22534
4105223124.999997,-70.21865
4105224062.499997,-70.30943
4105224999.999997,-70.13753
4105225937.499997,-70.5737
4105226874.999997,-70.12315
4105227812.499997,-70.58823
4105228749.999997,-70.36553
4105229687.499997,-70.1381
4105230624.999997,-70.36651
4105231562.499997,-70.35583
4105232499.999997,-69.84734
4105233437.499997,-70.21549
4105234374.999997,-70.02191
4105235312.499997,-70.41841
4105236249.999997,-70.23206
4105237187.499997,-69.9012
4105238124.999997,-70.12515
4105239062.499997,-69.83934
4105239999.999997,-69.95244
4105240937.499997,-70.99846
4105241874.999997,-70.85744
4105242812.499997,-70.96714
4105243749.999997,-69.99894
4105244687.499997,-70.23421
4105245624.999997,-70.39052
4105246562.499997,-70.4547
4105247499.999997,-69.8862
4105248437.499997,-69.93484
4105249374.999997,-69.99818
4105250312.499997,-70.50864
4105251249.999997,-70.38838
4105252187.499997,-70.83802
4105253124.999997,-70.04507
4105254062.499997,-70.86421
4105254999.999997,-70.40113
4105255937.499997,-69.74025
4105256874.999997,-70.23514
4105257812.499997,-70.48956
4105258749.999997,-70.40655
4105259687.499997,-69.98453
4105260624.999997,-70.20339
4105261562.499997,-70.76528
4105262499.999997,-70.18488
4105263437.499997,-70.17928
4105264374.999997,-70.36699
4105265312.499997,-70.10061
4105266249.999997,-70.92671
4105267187.499997,-69.85307
4105268124.999997,-70.56192
4105269062.499997,-69.95129
4105269999.999997,-70.4379
4105270937.499997,-70.34909
4105271874.999997,-70.06463
4105272812.499997,-70.41541
4105273749.999997,-69.95963
4105274687.499997,-70.12767
4105275624.999997,-70.67966
4105276562.499997,-69.9698
4105277499.999997,-70.02115
4105278437.499997,-70.31967
4105279374.999997,-70.01483
4105280312.499997,-70.47842
4105281249.999997,-70.31348
4105282187.499997,-70.62982
4105283124.999997,-70.73809
4105284062.499997,-70.7363
4105284999.999997,-69.88515
4105285937.499997,-70.24104
4105286874.999997,-70.85329
4105287812.499997,-70.26901
4105288749.999997,-70.35023
4105289687.499997,-70.14825
4105290624.999997,-70.42681
4105291562.499997,-70.9592
4105292499.999997,-70.4534
4105293437.499997,-69.86366
4105294374.999997,-69.7662
4105295312.499997,-70.39489
4105296249.999997,-70.02341
4105297187.499997,-69.96997
4105298124.999997,-70.28724
4105299062.499997,-69.65125
4105299999.999997,-70.20207
4105300937.499997,-69.85891
4105301874.999997,-69.90677
4105302812.499997,-70.66555
4105303749.999997,-70.05364
4105304687.499997,-70.17943
4105305624.999997,-70.10225
4105306562.499997,-70.4494
4105307499.999997,-70.35512
4105308437.499997,-70.65327
4105309374.999997,-70.31321
4105310312.499997,-69.91735
4105311249.999997,-70.22289
4105312187.499997,-70.36044
4105313124.999997,-70.26548
4105314062.499997,-70.58222
4105314999.999997,-69.8247
4105315937.499997,-70.30842
4105316874.999997,-69.99567
4105317812.499997,-70.49662
4105318749.999997,-69.98958
4105319687.499997,-70.49152
4105320624.999997,-69.92892
4105321562.499997,-70.61643
4105322499.999997,-69.97792
4105323437.499997,-70.02751
4105324374.999997,-70.37041
4105325312.499997,-70.25527
4105326249.999997,-69.8465
4105327187.499997,-70.61571
4105328124.999997,-70.2394
4105329062.499997,-70.34709
4105329999.999997,-70.09001
4105330937.499997,-70.57411
4105331874.999997,-69.71342
4105332812.499997,-69.51684
4105333749.999997,-70.7869
4105334687.499997,-70.46497
4105335624.999997,-70.40262
4105336562.499997,-70.42273
4105337499.999997,-70.09209
4105338437.499997,-70.72633
4105339374.999997,-70.68916
4105340312.499997,-70.0752
4105341249.999997,-70.17239
4105342187.499997,-70.6368
4105343124.999997,-70.63107
4105344062.499997,-70.13679
4105344999.999997,-70.3867
4105345937.499997,-70.5323
4105346874.999997,-70.59537
4105347812.499997,-70.06058
4105348749.999997,-70.29242
4105349687.499997,-70.53274
4105350624.999997,-70.07368
4105351562.499997,-70.17314
4105352499.999997,-70.14277
4105353437.499997,-69.84207
4105354374.999997,-70.24264
4105355312.499997,-70.20354
4105356249.999997,-70.88261
4105357187.499997,-70.00163
4105358124.999997,-69.74531
4105359062.499997,-70.98565
4105359999.999997,-69.70504
4105360937.499997,-70.64472
4105361874.999997,-70.53686
4105362812.499997,-70.7981
4105363749.999997,-70.79674
4105364687.499997,-70.02932
4105365624.999997,-70.29078
4105366562.499997,-69.62722
4105367499.999997,-70.35332
4105368437.499997,-70.4064
4105369374.999997,-70.09818
4105370312.499997,-70.4549
4105371249.999997,-70.04878
4105372187.499997,-70.65546
4105373124.999997,-70.49014
4105374062.499997,-70.909
4105374999.999997,-69.58657
4105375937.499997,-69.75773
4105376874.999997,-70.26285
4105377812.499997,-69.92862
4105378749.999997,-70.69909
4105379687.499997,-70.3383
4105380624.999997,-70.24902
4105381562.499997,-70.44619
4105382499.999997,-70.16047
4105383437.499997,-70.06551
4105384374.999997,-70.38757
4105385312.499997,-70.28997
4105386249.999997,-70.72056
4105387187.499997,-70.08808
4105388124.999997,-70.36964
4105389062.499997,-70.18973
4105389999.999997,-70.62621
4105390937.499997,-69.61958
4105391874.999997,-69.65424
4105392812.499997,-70.92167
4105393749.999997,-70.06615
4105394687.499997,-70.55425
4105395624.999997,-69.99947
4105396562.499997,-70.49796
4105397499.999997,-69.96782
4105398437.499997,-70.39572
4105399374.999997,-69.95142
4105400312.499997,-70.57188
4105401249.999997,-70.15176
4105402187.499997,-70.30983
4105403124.999997,-70.26561
4105404062.499997,-69.7923
4105404999.999997,-70.74112
4105405937.499997,-70.28258
4105406874.999997,-70.18816
4105407812.499997,-69.61962
4105408749.999997,-70.43185
4105409687.499997,-69.51311
4105410624.999997,-70.50584
4105411562.499997,-70.08562
4105412499.999997,-70.68985
4105413437.499997,-70.42102
4105414374.999997,-70.30172
4105415312.499997,-69.89874
4105416249.999997,-70.38969
4105417187.499997,-70.27045
4105418124.999997,-69.82406
4105419062.499997,-70.16602
4105419999.999997,-69.63111
4105420937.499997,-70.53645
4105421874.999997,-70.60293
4105422812.499997,-70.40121
4105423749.999997,-70.25406
4105424687.499997,-70.16673
4105425624.999997,-70.01297
4105426562.499997,-70.19987
4105427499.999997,-70.57166
4105428437.499997,-70.04872
4105429374.999997,-70.33125
4105430312.499997,-69.84783
4105431249.999997,-70.27557
4105432187.499997,-70.35345
4105433124.999997,-70.17653
4105434062.499997,-70.14537
4105434999.999997,-69.9344
4105435937.499997,-70.44551
4105436874.999997,-70.02516
4105437812.499997,-70.46787
4105438749.999997,-70.26852
4105439687.499997,-70.42907
4105440624.999997,-70.06481
4105441562.499997,-69.8445
4105442499.999997,-70.04412
4105443437.499997,-70.56641
4105444374.999997,-69.70193
4105445312.499997,-70.57011
4105446249.999997,-69.74604
4105447187.499997,-69.81458
4105448124.999997,-70.06672
4105449062.499997,-70.04688
4105449999.999997,-70.43134
4105450937.499997,-69.71049
4105451874.999997,-70.09697
4105452812.499997,-70.1041
4105453749.999997,-70.14166
4105454687.499997,-70.43519
4105455624.999997,-70.23952
4105456562.499997,-70.52222
4105457499.999997,-70.41987
4105458437.499997,-70.98854
4105459374.999997,-70.70839
4105460312.499997,-70.16851
4105461249.999997,-70.26013
4105462187.499997,-70.34011
4105463124.999997,-70.72472
4105464062.499997,-70.41553
4105464999.999997,-70.01832
4105465937.499997,-70.8478
4105466874.999997,-70.08578
4105467812.499997,-69.99993
4105468749.999997,-70.53939
4105469687.499997,-70.15453
4105470624.999997,-70.48431
4105471562.499997,-70.14761
4105472499.999997,-69.60169
4105473437.499997,-70.04416
4105474374.999997,-69.75798
4105475312.499997,-70.50104
4105476249.999997,-70.35866
4105477187.499997,-70.00105
4105478124.999997,-70.57706
4105479062.499997,-70.15432
4105479999.999997,-70.47831
4105480937.499997,-70.43275
4105481874.999997,-70.37212
4105482812.499997,-70.21975
4105483749.999997,-70.24921
4105484687.499997,-70.20046
4105485624.999997,-70.24442
4105486562.499997,-70.2919
4105487499.999997,-70.79034
4105488437.499997,-70.4118
4105489374.999997,-69.84392
4105490312.499997,-69.70716
4105491249.999997,-70.4424
4105492187.499997,-70.22587
4105493124.999997,-70.75449
4105494062.499997,-70.21548
4105494999.999997,-70.54438
4105495937.499997,-69.74351
4105496874.999997,-70.001
4105497812.499997,-70.18559
4105498749.999997,-70.06802
4105499687.499997,-70.17952
4105500624.999997,-70.36852
4105501562.499997,-70.42673
4105502499.999997,-70.38934
4105503437.499997,-69.56982
4105504374.999997,-70.33006
4105505312.499997,-70.36051
4105506249.999997,-69.8999
4105507187.499997,-70.25327
4105508124.999997,-70.28872
4105509062.499997,-70.1525
4105509999.999997,-69.79481
4105510937.499997,-69.87881
4105511874.999997,-69.82304
4105512812.499997,-70.21615
4105513749.999997,-70.46143
4105514687.499997,-69.80021
4105515624.999997,-70.16142
4105516562.499997,-70.2472
4105517499.999997,-69.56896
4105518437.499997,-69.81461
4105519374.999997,-69.77426
4105520312.499997,-70.1125
4105521249.999997,-70.17674
4105522187.499997,-70.20349
4105523124.999997,-69.86256
4105524062.499997,-70.76368
4105524999.999997,-70.18425
4105525937.499997,-70.22373
4105526874.999997,-70.12066
4105527812.499997,-70.10331
4105528749.999997,-70.28032
4105529687.499997,-70.30532
4105530624.999997,-70.2882
4105531562.499997,-70.17946
4105532499.999997,-70.61708
4105533437.499997,-70.37579
4105534374.999997,-70.32908
4105535312.499997,-69.89103
4105536249.999997,-70.32518
4105537187.499997,-69.93525
4105538124.999997,-70.52762
4105539062.499997,-70.36668
4105539999.999997,-70.56477
4105540937.499997,-70.14106
4105541874.999997,-69.64012
4105542812.499997,-70.20287
4105543749.999997,-70.68829
4105544687.499997,-69.94215
4105545624.999997,-70.7021
4105546562.499997,-70.1317
4105547499.999997,-70.25582
4105548437.499997,-70.15285
4105549374.999997,-70.55084
4105550312.499997,-70.28543
4105551249.999997,-69.86943
4105552187.499997,-69.90907
4105553124.999997,-70.07111
4105554062.499997,-70.64483
4105554999.999997,-70.1003
4105555937.499997,-70.31059
4105556874.999997,-69.63643
4105557812.499997,-70.05983
4105558749.999997,-69.75333
4105559687.499997,-69.88905
4105560624.999997,-69.85358
4105561562.499997,-70.02515
4105562499.999997,-69.74178
4105563437.499997,-70.02721
4105564374.999997,-70.02193
4105565312.499997,-70.46983
4105566249.999997,-70.77764
4105567187.499997,-70.57341
4105568124.999997,-70.44183
4105569062.499997,-70.36469
4105569999.999997,-70.04576
4105570937.499997,-69.98631
4105571874.999997,-69.72784
4105572812.499997,-69.78624
4105573749.999997,-70.28832
4105574687.499997,-70.24194
4105575624.999997,-70.4818
4105576562.499997,-70.40556
4105577499.999997,-69.83186
4105578437.499997,-70.00034
4105579374.999997,-70.02583
4105580312.499997,-70.02685
4105581249.999997,-70.25873
4105582187.499997,-69.83889
4105583124.999997,-70.62703
4105584062.499997,-70.09804
4105584999.999997,-70.12227
4105585937.499997,-69.80777
4105586874.999997,-70.15514
4105587812.499997,-69.47105
4105588749.999997,-69.96073
4105589687.499997,-70.87155
4105590624.999997,-70.41376
4105591562.499997,-70.25305
4105592499.999997,-69.99856
4105593437.499997,-70.27956
4105594374.999997,-69.79283
4105595312.499997,-70.29585
4105596249.999997,-70.22337
4105597187.499997,-69.95186
4105598124.999997,-69.93555
4105599062.499997,-69.63488
4105599999.999997,-70.09194
4105600937.499997,-70.16454
4105601874.999997,-70.26631
4105602812.499997,-70.19201
4105603749.999997,-70.13255
4105604687.499997,-70.02317
4105605624.999997,-70.42821
4105606562.499997,-70.14815
4105607499.999997,-70.07471
4105608437.499997,-70.27333
4105609374.999997,-70.13747
4105610312.499997,-70.45339
4105611249.999997,-69.93202
4105612187.499997,-69.94461
4105613124.999997,-70.3255
4105614062.499997,-70.21336
4105614999.999997,-70.27635
4105615937.499997,-69.88921
4105616874.999997,-69.88947
4105617812.499997,-69.68377
4105618749.999997,-70.15132
4105619687.499997,-69.89746
4105620624.999997,-70.41002
4105621562.499997,-69.96405
4105622499.999997,-70.4083
4105623437.499997,-70.0341
4105624374.999997,-69.96802
4105625312.499997,-70.13432
4105626249.999997,-69.80976
4105627187.499997,-69.89288
4105628124.999997,-70.26147
4105629062.499997,-70.22518
4105629999.999997,-70.26951
4105630937.499997,-69.82918
4105631874.999997,-70.19075
4105632812.499997,-69.85461
4105633749.999997,-70.22607
4105634687.499997,-69.61243
4105635624.999997,-69.99188
4105636562.499997,-69.82806
4105637499.999997,-69.87103
4105638437.499997,-70.34364
4105639374.999997,-70.37617
4105640312.499997,-70.71095
4105641249.999997,-70.00967
4105642187.499997,-69.97954
4105643124.999997,-70.53643
4105644062.499997,-70.16946
4105644999.999997,-70.16757
4105645937.499997,-70.0078
4105646874.999997,-69.85568
4105647812.499997,-69.87762
4105648749.999997,-70.3463
4105649687.499997,-70.40732
4105650624.999997,-69.82724
4105651562.499997,-70.01379
4105652499.999997,-70.62056
4105653437.499997,-70.60085
4105654374.999997,-70.69923
4105655312.499997,-69.98009
4105656249.999997,-70.30608
4105657187.499997,-70.03838
4105658124.999997,-70.30847
4105659062.499997,-70.31004
4105659999.999997,-70.22566
4105660937.499997,-70.02328
4105661874.999997,-69.78876
4105662812.499997,-69.56152
4105663749.999997,-70.00108
4105664687.499997,-70.46813
4105665624.999997,-70.36692
4105666562.499997,-69.50124
4105667499.999997,-69.98647
4105668437.499997,-70.03199
4105669374.999997,-70.32268
4105670312.499997,-70.16296
4105671249.999997,-70.02547
4105672187.499997,-69.73044
4105673124.999997,-69.83775
4105674062.499997,-70.25232
4105674999.999997,-70.10075
4105675937.499997,-70.39809
4105676874.999997,-70.26407
4105677812.499997,-70.51879
4105678749.999997,-71.02402
4105679687.499997,-69.75326
4105680624.999997,-70.20638
4105681562.499997,-70.09717
4105682499.999997,-70.58813
4105683437.499997,-70.47591
4105684374.999997,-70.76023
4105685312.499997,-70.26647
4105686249.999997,-70.50368
4105687187.499997,-69.97346
4105688124.999997,-70.02202
4105689062.499997,-69.36849
4105689999.999997,-70.93806
4105690937.499997,-69.76979
4105691874.999997,-69.98845
4105692812.499997,-70.36021
4105693749.999997,-70.33365
4105694687.499997,-69.95007
4105695624.999997,-70.38929
4105696562.499997,-70.00166
4105697499.999997,-70.1955
4105698437.499997,-69.93633
4105699374.999997,-69.8016
4105700312.499997,-70.02374
4105701249.999997,-70.07275
4105702187.499997,-69.75755
4105703124.999997,-69.81444
4105704062.499997,-70.22372
4105704999.999997,-70.51559
4105705937.499997,-70.17576
4105706874.999997,-70.04168
4105707812.499997,-70.23423
4105708749.999997,-70.16374
4105709687.499997,-69.56671
4105710624.999997,-69.74584
4105711562.499997,-70.06319
4105712499.999997,-70.36262
4105713437.499997,-70.04181
4105714374.999997,-70.21484
4105715312.499997,-69.84513
4105716249.999997,-69.81368
4105717187.499997,-70.22115
4105718124.999997,-70.09903
4105719062.499997,-70.44967
4105719999.999997,-70.74215
4105720937.499997,-70.01026
4105721874.999997,-70.50897
4105722812.499997,-69.71896
4105723749.999997,-70.63002
4105724687.499997,-70.0723
4105725624.999997,-69.88692
4105726562.499997,-69.62658
4105727499.999997,-69.83232
4105728437.499997,-69.88876
4105729374.999997,-70.39077
4105730312.499997,-69.78239
4105731249.999997,-70.1048
4105732187.499997,-70.38194
4105733124.999997,-70.2026
4105734062.499997,-70.31651
4105734999.999997,-70.19205
4105735937.499997,-69.64547
4105736874.999997,-69.80223
4105737812.499997,-70.11104
4105738749.999997,-70.37328
4105739687.499997,-70.12053
4105740624.999997,-70.08672
4105741562.499997,-70.03088
4105742499.999997,-69.99088
4105743437.499997,-70.29787
4105744374.999997,-70.10162
4105745312.499997,-69.93484
4105746249.999997,-70.10214
4105747187.499997,-70.57667
4105748124.999997,-70.21475
4105749062.499997,-70.68667
4105749999.999997,-70.05961
4105750937.499997,-70.21806
4105751874.999997,-70.50162
4105752812.499997,-69.82999
4105753749.999997,-70.18967
4105754687.499997,-70.15424
4105755624.999997,-70.24277
4105756562.499997,-70.32865
4105757499.999997,-69.78944
4105758437.499997,-69.87742
4105759374.999997,-69.97142
4105760312.499997,-70.15266
4105761249.999997,-70.22321
4105762187.499997,-70.72724
4105763124.999997,-70.18744
4105764062.499997,-70.11081
4105764999.999997,-70.45297
4105765937.499997,-69.66453
4105766874.999997,-70.04697
4105767812.499997,-70.58469
4105768749.999997,-69.82373
4105769687.499997,-70.12196
4105770624.999997,-69.80415
4105771562.499997,-69.94561
4105772499.999997,-69.87648
4105773437.499997,-70.13965
4105774374.999997,-70.38157
4105775312.499997,-70.43666
4105776249.999997,-70.59378
4105777187.499997,-70.22551
4105778124.999997,-69.7243
4105779062.499997,-70.0945
4105779999.999997,-69.94749
4105780937.499997,-69.89584
4105781874.999997,-70.48714
4105782812.499997,-70.39252
4105783749.999997,-70.41455
4105784687.499997,-70.62684
4105785624.999997,-69.90018
4105786562.499997,-69.706
4105787499.999997,-70.2992
4105788437.499997,-69.9942
4105789374.999997,-70.23201
4105790312.499997,-69.94454
4105791249.999997,-70.01113
4105792187.499997,-69.60268
4105793124.999997,-70.14162
4105794062.499997,-69.99598
4105794999.999997,-70.54352
4105795937.499997,-70.60558
4105796874.999997,-70.37968
4105797812.499997,-70.36417
4105798749.999997,-69.95771
4105799687.499997,-69.70362
4105800624.999997,-70.25721
4105801562.499997,-70.34929
4105802499.999997,-70.47421
4105803437.499997,-70.21451
4105804374.999997,-70.45566
4105805312.499997,-69.85943
4105806249.999997,-69.60667
4105807187.499997,-69.45488
4105808124.999997,-69.21902
4105809062.499997,-70.03156
4105809999.999997,-70.07935
4105810937.499997,-70.67473
4105811874.999997,-70.30138
4105812812.499997,-70.40705
4105813749.999997,-70.47778
4105814687.499997,-70.03682
4105815624.999997,-70.25043
4105816562.499997,-70.49393
4105817499.999997,-70.22565
4105818437.499997,-70.44704
4105819374.999997,-70.14465
4105820312.499997,-69.87176
4105821249.999997,-69.67552
4105822187.499997,-69.68673
4105823124.999997,-70.12429
4105824062.499997,-70.01858
4105824999.999997,-70.37138
4105825937.499997,-70.67163
4105826874.999997,-69.52935
4105827812.499997,-69.30419
4105828749.999997,-70.23401
4105829687.499997,-70.40086
4105830624.999997,-70.18736
4105831562.499997,-70.00394
4105832499.999997,-69.68546
4105833437.499997,-69.86493
4105834374.999997,-69.6864
4105835312.499997,-69.92122
4105836249.999997,-70.33033
4105837187.499997,-70.22371
4105838124.999997,-69.88779
4105839062.499997,-69.68687
4105839999.999997,-70.11404
4105840937.499997,-69.76035
4105841874.999997,-70.22225
4105842812.499997,-70.4344
4105843749.999997,-70.27975
4105844687.499997,-69.64086
4105845624.999997,-70.06824
4105846562.499997,-69.68494
4105847499.999997,-70.04357
4105848437.499997,-70.11414
4105849374.999997,-69.78785
4105850312.499997,-69.8768
4105851249.999997,-70.00381
4105852187.499997,-70.00384
4105853124.999997,-70.25089
4105854062.499997,-70.01675
4105854999.999997,-70.42982
4105855937.499997,-69.73349
4105856874.999997,-69.63577
4105857812.499997,-69.66881
4105858749.999997,-70.04172
4105859687.499997,-70.16041
4105860624.999997,-70.61275
4105861562.499997,-70.03194
4105862499.999997,-69.81549
4105863437.499997,-70.38856
4105864374.999997,-69.83997
4105865312.499997,-70.26623
4105866249.999997,-70.06635
4105867187.499997,-70.01783
4105868124.999997,-70.23848
4105869062.499997,-69.80599
4105869999.999997,-69.81179
4105870937.499997,-70.46741
4105871874.999997,-70.56669
4105872812.499997,-69.98471
4105873749.999997,-70.09058
4105874687.499997,-69.6489
4105875624.999997,-69.48081
4105876562.499997,-70.16769
4105877499.999997,-69.584
4105878437.499997,-69.93282
4105879374.999997,-69.9525
4105880312.499997,-69.70479
4105881249.999997,-70.26077
4105882187.499997,-70.18888
4105883124.999997,-69.86781
4105884062.499997,-69.96616
4105884999.999997,-70.47958
4105885937.499997,-70.08156
4105886874.999997,-70.21875
4105887812.499997,-70.21479
4105888749.999997,-70.63033
4105889687.499997,-70.4541
4105890624.999997,-70.55624
4105891562.499997,-70.16072
4105892499.999997,-69.59637
4105893437.499997,-69.87837
4105894374.999997,-69.9296
4105895312.499997,-69.97628
4105896249.999997,-69.77443
4105897187.499997,-69.84531
4105898124.999997,-69.93972
4105899062.499997,-70.15359
4105899999.999997,-69.75835
4105900937.499997,-70.37237
4105901874.999997,-70.589
4105902812.499997,-69.54742
4105903749.999997,-70.27328
4105904687.499997,-70.00813
4105905624.999997,-69.92576
4105906562.499997,-69.32426
4105907499.999997,-69.63209
4105908437.499997,-69.56194
4105909374.999997,-69.91275
4105910312.499997,-69.8299
4105911249.999997,-69.99833
4105912187.499997,-70.00002
4105913124.999997,-69.90749
4105914062.499997,-69.9791
4105914999.999997,-70.35023
4105915937.499997,-69.91554
4105916874.999997,-70.17072
4105917812.499997,-70.1181
4105918749.999997,-69.82495
4105919687.499997,-70.12376
4105920624.999997,-69.55937
4105921562.499997,-70.39204
4105922499.999997,-69.53061
4105923437.499997,-69.71748
4105924374.999997,-69.75912
4105925312.499997,-70.2961
4105926249.999997,-69.85467
4105927187.499997,-70.27773
4105928124.999997,-69.719
4105929062.499997,-69.90263
4105929999.999997,-69.86651
4105930937.499997,-69.72943
4105931874.999997,-69.72226
4105932812.499997,-70.47894
4105933749.999997,-69.90081
4105934687.499997,-69.9064
4105935624.999997,-70.46545
4105936562.499997,-69.68109
4105937499.999997,-69.86742
4105938437.499997,-69.65244
4105939374.999997,-70.11733
4105940312.499997,-69.97658
4105941249.999997,-70.26273
4105942187.499997,-70.38139
4105943124.999997,-69.84866
4105944062.499997,-70.01714
4105944999.999997,-70.64703
4105945937.499997,-69.95338
4105946874.999997,-70.03648
4105947812.499997,-70.22005
4105948749.999997,-70.22285
4105949687.499997,-70.59647
4105950624.999997,-70.26614
4105951562.499997,-70.60512
4105952499.999997,-69.42277
4105953437.499997,-70.34805
4105954374.999997,-70.11279
4105955312.499997,-69.85921
4105956249.999997,-70.27128
4105957187.499997,-70.41559
4105958124.999997,-70.14484
4105959062.499997,-70.1001
4105959999.999997,-70.24527
4105960937.499997,-70.24485
4105961874.999997,-69.63297
4105962812.499997,-70.55124
4105963749.999997,-70.18903
4105964687.499997,-70.61098
4105965624.999997,-69.94696
4105966562.499997,-69.8531
4105967499.999997,-69.72127
4105968437.499997,-70.07008
4105969374.999997,-69.76445
4105970312.499997,-69.9373
4105971249.999997,-69.92919
4105972187.499997,-69.87752
4105973124.999997,-69.73927
4105974062.499997,-69.87764
4105974999.999997,-70.1467
4105975937.499997,-69.8671
4105976874.999997,-69.58655
4105977812.499997,-69.8008
4105978749.999997,-70.07413
4105979687.499997,-69.98843
4105980624.999997,-69.60447
4105981562.499997,-69.28577
4105982499.999997,-69.44257
4105983437.499997,-69.47788
4105984374.999997,-70.17546
4105985312.499997,-70.26044
4105986249.999997,-69.8081
4105987187.499997,-69.39137
4105988124.999997,-70.03313
4105989062.499997,-70.00155
4105989999.999997,-70.20432
4105990937.499997,-69.69418
4105991874.999997,-70.0485
4105992812.499997,-69.40403
4105993749.999997,-69.86522
4105994687.499997,-69.49548
4105995624.999997,-69.57444
4105996562.499997,-69.97709
4105997499.999997,-69.89738
4105998437.499997,-70.12518
4105999374.999997,-69.71549
4106000312.499997,-69.67963
4106001249.999997,-69.81733
4106002187.499997,-70.19156
4106003124.999997,-69.72803
4106004062.499997,-69.63913
4106004999.999997,-70.30041
4106005937.499997,-69.4114
4106006874.999997,-69.91705
4106007812.499997,-69.56729
4106008749.999997,-69.72419
4106009687.499997,-70.10416
4106010624.999997,-70.25379
4106011562.499997,-70.20912
4106012499.999997,-69.92501
4106013437.499997,-69.48059
4106014374.999997,-69.83297
4106015312.499997,-69.70427
4106016249.999997,-69.58407
4106017187.499997,-69.99149
4106018124.999997,-69.70135
4106019062.499997,-70.15527
4106019999.999997,-69.66284
4106020937.499997,-69.73556
4106021874.999997,-69.64108
4106022812.499997,-69.51211
4106023749.999997,-69.32556
4106024687.499997,-70.17946
4106025624.999997,-69.62804
4106026562.499997,-69.89136
4106027499.999997,-70.04154
4106028437.499997,-69.94071
4106029374.999997,-70.05408
4106030312.499997,-70.03796
4106031249.999997,-70.16763
4106032187.499997,-69.95012
4106033124.999997,-69.64124
4106034062.499997,-69.75498
4106034999.999997,-69.98945
4106035937.499997,-70.12203
4106036874.999997,-69.83389
4106037812.499997,-70.14587
4106038749.999997,-70.40429
4106039687.499997,-70.17804
4106040624.999997,-69.56525
4106041562.499997,-69.73653
4106042499.999997,-69.99387
4106043437.499997,-69.8991
4106044374.999997,-69.96318
4106045312.499997,-69.62224
4106046249.999997,-69.95638
4106047187.499997,-69.86568
4106048124.999997,-69.60816
4106049062.499997,-69.87972
4106049999.999997,-70.2486
4106050937.499997,-70.31345
4106051874.999997,-69.22956
4106052812.499997,-70.16601
4106053749.999997,-70.11649
4106054687.499997,-70.25977
4106055624.999997,-70.28474
4106056562.499997,-70.01134
4106057499.999997,-69.19458
4106058437.499997,-70.44709
4106059374.999997,-69.93378
4106060312.499997,-70.01162
4106061249.999997,-69.69373
4106062187.499997,-70.26192
4106063124.999997,-69.97701
4106064062.499997,-69.66273
4106064999.999997,-70.32961
4106065937.499997,-69.7605
4106066874.999997,-69.70482
4106067812.499997,-69.77193
4106068749.999997,-69.81701
4106069687.499997,-69.89606
4106070624.999997,-69.82531
4106071562.499997,-69.37077
4106072499.999997,-69.74126
4106073437.499997,-69.99863
4106074374.999997,-70.137
4106075312.499997,-69.84729
4106076249.999997,-70.3033
4106077187.499997,-69.99981
4106078124.999997,-70.13541
4106079062.499997,-69.69455
4106079999.999997,-70.11409
4106080937.499997,-70.06321
4106081874.999997,-69.98476
4106082812.499997,-69.96635
4106083749.999997,-70.15512
4106084687.499997,-70.01059
4106085624.999997,-69.28616
4106086562.499997,-69.87243
4106087499.999997,-69.71924
4106088437.499997,-69.70099
4106089374.999997,-70.02855
4106090312.499997,-69.86032
4106091249.999997,-69.30209
4106092187.499997,-70.38118
4106093124.999997,-69.96782
4106094062.499997,-70.1259
4106094999.999997,-69.73159
4106095937.499997,-69.7163
4106096874.999997,-69.89188
4106097812.499997,-69.92556
4106098749.999997,-70.22634
4106099687.499997,-70.39397
4106100624.999997,-69.99856
4106101562.499997,-70.54115
4106102499.999997,-69.62066
4106103437.499997,-69.72123
4106104374.999997,-70.34084
4106105312.499997,-69.93887
4106106249.999997,-70.26839
4106107187.499997,-69.48023
4106108124.999997,-69.20093
4106109062.499997,-69.79279
4106109999.999997,-70.48703
4106110937.499997,-69.71838
4106111874.999997,-69.87425
4106112812.499997,-69.77261
4106113749.999997,-69.6937
4106114687.499997,-70.35399
4106115624.999997,-70.0774
4106116562.499997,-69.44667
4106117499.999997,-69.56796
4106118437.499997,-70.19471
4106119374.999997,-69.44588
4106120312.499997,-70.18752
4106121249.999997,-69.85611
4106122187.499997,-70.06411
4106123124.999997,-70.04434
4106124062.499997,-69.93594
4106124999.999997,-70.11002
4106125937.499997,-70.70692
4106126874.999997,-69.55694
4106127812.499997,-69.9237
4106128749.999997,-69.66811
4106129687.499997,-69.38166
4106130624.999997,-70.09903
4106131562.499997,-70.17602
4106132499.999997,-69.67887
4106133437.499997,-69.91302
4106134374.999997,-69.78109
4106135312.499997,-70.15593
4106136249.999997,-69.62787
4106137187.499997,-69.48058
4106138124.999997,-70.02469
4106139062.499997,-69.60654
4106139999.999997,-70.47878
4106140937.499997,-69.9564
4106141874.999997,-69.83015
4106142812.499997,-69.86089
4106143749.999997,-70.03849
4106144687.499997,-69.51005
4106145624.999997,-69.83701
4106146562.499997,-69.98058
4106147499.999997,-70.05221
4106148437.499997,-69.70679
4106149374.999997,-69.63707
4106150312.499997,-70.0729
4106151249.999997,-69.44282
4106152187.499997,-69.64962
4106153124.999997,-69.92242
4106154062.499997,-69.9971
4106154999.999997,-69.96958
4106155937.499997,-69.68256
4106156874.999997,-69.62162
4106157812.499997,-69.86801
4106158749.999997,-69.84566
4106159687.499997,-69.95342
4106160624.999997,-69.71732
4106161562.499997,-69.69305
4106162499.999997,-69.41967
4106163437.499997,-69.64606
4106164374.999997,-70.15481
4106165312.499997,-68.64312
4106166249.999997,-70.06992
4106167187.499997,-69.71127
4106168124.999997,-69.80109
4106169062.499997,-69.64672
4106169999.999997,-70.14384
4106170937.499997,-69.412
4106171874.999997,-70.02325
4106172812.499997,-69.74886
4106173749.999997,-69.80025
4106174687.499997,-69.75963
4106175624.999997,-70.1168
4106176562.499997,-69.5176
4106177499.999997,-70.29368
4106178437.499997,-70.17414
4106179374.999997,-69.96537
4106180312.499997,-69.92696
4106181249.999997,-70.03511
4106182187.499997,-69.84444
4106183124.999997,-69.55515
4106184062.499997,-69.93278
4106184999.999997,-69.92754
4106185937.499997,-69.97985
4106186874.999997,-70.14627
4106187812.499997,-70.09341
4106188749.999997,-70.59418
4106189687.499997,-69.85403
4106190624.999997,-69.93365
4106191562.499997,-69.83848
4106192499.999997,-69.59904
4106193437.499997,-69.91012
4106194374.999997,-70.02171
4106195312.499997,-69.65215
4106196249.999997,-70.15984
4106197187.499997,-70.41979
4106198124.999997,-70.11874
4106199062.499997,-69.28833
4106199999.999997,-69.59237
4106200937.499997,-69.83868
4106201874.999997,-69.79062
4106202812.499997,-69.99352
4106203749.999997,-69.48222
4106204687.499997,-69.82349
4106205624.999997,-69.87635
4106206562.499997,-69.91705
4106207499.999997,-69.86672
4106208437.499997,-70.23404
4106209374.999997,-69.62341
4106210312.499997,-70.08257
4106211249.999997,-69.34264
4106212187.499997,-69.87805
4106213124.999997,-69.78722
4106214062.499997,-69.9174
4106214999.999997,-70.01292
4106215937.499997,-69.18745
4106216874.999997,-69.62526
4106217812.499997,-70.37173
4106218749.999997,-69.58624
4106219687.499997,-69.36884
4106220624.999997,-69.53321
4106221562.499997,-70.01828
4106222499.999997,-69.67714
4106223437.499997,-69.66552
4106224374.999997,-70.06331
4106225312.499997,-70.08393
4106226249.999997,-69.47809
4106227187.499997,-70.00522
4106228124.999997,-69.69264
4106229062.499997,-69.73203
4106229999.999997,-69.93329
4106230937.499997,-70.02538
4106231874.999997,-69.80499
4106232812.499997,-69.83598
4106233749.999997,-70.05656
4106234687.499997,-69.3519
4106235624.999997,-69.96482
4106236562.499997,-69.9761
4106237499.999997,-69.87266
4106238437.499997,-70.0603
4106239374.999997,-69.44466
4106240312.499997,-69.70788
4106241249.999997,-69.92345
4106242187.499997,-69.49098
4106243124.999997,-69.60683
4106244062.499997,-70.2215
4106244999.999997,-69.87945
4106245937.499997,-69.77118
4106246874.999997,-69.84167
4106247812.499997,-69.87087
4106248749.999997,-69.70298
4106249687.499997,-69.90036
4106250624.999997,-69.69511
4106251562.499997,-69.7964
4106252499.999997,-70.27734
4106253437.499997,-69.23943
4106254374.999997,-69.97721
4106255312.499997,-69.74182
4106256249.999997,-69.55892
4106257187.499997,-69.53671
4106258124.999997,-69.34767
4106259062.499997,-70.1784
4106259999.999997,-70.2315
4106260937.499997,-69.85365
4106261874.999997,-70.28455
4106262812.499997,-69.68494
4106263749.999997,-69.1897
4106264687.499997,-70.31421
4106265624.999997,-69.62715
4106266562.499997,-69.84181
4106267499.999997,-69.74381
4106268437.499997,-69.70763
4106269374.999997,-70.28884
4106270312.499997,-69.59103
4106271249.999997,-70.08836
4106272187.499997,-69.8223
4106273124.999997,-69.51983
4106274062.499997,-69.66911
4106274999.999997,-69.76227
4106275937.499997,-70.06735
4106276874.999997,-70.11225
4106277812.499997,-70.02457
4106278749.999997,-69.48459
4106279687.499997,-70.04003
4106280624.999997,-69.60963
4106281562.499997,-69.79226
4106282499.999997,-69.37598
4106283437.499997,-70.13666
4106284374.999997,-69.92387
4106285312.499997,-69.66037
4106286249.999997,-69.70405
4106287187.499997,-69.85717
4106288124.999997,-69.96008
4106289062.499997,-70.1941
4106289999.999997,-69.84483
4106290937.499997,-70.13583
4106291874.999997,-69.35504
4106292812.499997,-70.24033
4106293749.999997,-69.90569
4106294687.499997,-69.97011
4106295624.999997,-69.15284
4106296562.499997,-69.69159
4106297499.999997,-69.89078
4106298437.499997,-69.85048
4106299374.999997,-69.80537
4106300312.499997,-70.04514
4106301249.999997,-69.49733
4106302187.499997,-69.13104
4106303124.999997,-69.53974
4106304062.499997,-69.99564
4106304999.999997,-69.86877
4106305937.499997,-69.74165
4106306874.999997,-70.18225
4106307812.499997,-69.37928
4106308749.999997,-70.00855
4106309687.499997,-69.712
4106310624.999997,-69.75828
4106311562.499997,-69.96778
4106312499.999997,-70.15785
4106313437.499997,-70.05872
4106314374.999997,-69.9327
4106315312.499997,-69.92476
4106316249.999997,-69.68909
4106317187.499997,-69.35554
4106318124.999997,-69.9167
4106319062.499997,-69.9126
4106319999.999997,-69.93073
4106320937.499997,-69.62791
4106321874.999997,-69.5246
4106322812.499997,-70.04887
4106323749.999997,-69.96832
4106324687.499997,-69.68195
4106325624.999997,-69.37332
4106326562.499997,-69.41134
4106327499.999997,-69.68522
4106328437.499997,-70.00607
4106329374.999997,-69.73726
4106330312.499997,-69.84444
4106331249.999997,-68.94605
4106332187.499997,-69.9217
4106333124.999997,-69.44958
4106334062.499997,-69.51253
4106334999.999997,-69.49122
4106335937.499997,-69.98885
4106336874.999997,-69.63802
4106337812.499997,-69.76275
4106338749.999997,-69.47458
4106339687.499997,-69.43893
4106340624.999997,-69.81534
4106341562.499997,-70.07444
4106342499.999997,-70.05146
4106343437.499997,-69.5652
4106344374.999997,-69.82719
4106345312.499997,-70.38935
4106346249.999997,-69.87886
4106347187.499997,-69.68799
4106348124.999997,-70.25798
4106349062.499997,-69.64006
4106349999.999997,-70.0328
4106350937.499997,-69.60225
4106351874.999997,-69.48241
4106352812.499997,-70.01551
4106353749.999997,-69.64256
4106354687.499997,-69.74244
4106355624.999997,-69.73453
4106356562.499997,-69.89102
4106357499.999997,-69.79655
4106358437.499997,-70.74303
4106359374.999997,-69.45424
4106360312.499997,-69.55445
4106361249.999997,-69.47449
4106362187.499997,-69.64831
4106363124.999997,-69.51482
4106364062.499997,-70.07324
4106364999.999997,-69.28823
4106365937.499997,-69.74966
4106366874.999997,-70.44971
4106367812.499997,-69.51503
4106368749.999997,-69.48422
4106369687.499997,-69.98902
4106370624.999997,-69.9368
4106371562.499997,-69.7459
4106372499.999997,-69.23176
4106373437.499997,-69.22955
4106374374.999997,-69.19207
4106375312.499997,-69.6735
4106376249.999997,-69.59553
4106377187.499997,-69.75056
4106378124.999997,-69.61808
4106379062.499997,-69.5082
4106379999.999997,-69.73029
4106380937.499997,-69.72512
4106381874.999997,-69.71802
4106382812.499997,-69.97484
4106383749.999997,-69.70492
4106384687.499997,-69.47668
4106385624.999997,-69.66006
4106386562.499997,-70.57468
4106387499.999997,-69.79241
4106388437.499997,-69.26144
4106389374.999997,-69.38527
4106390312.499997,-69.87235
4106391249.999997,-69.85429
4106392187.499997,-69.75751
4106393124.999997,-69.74371
4106394062.499997,-70.1399
4106394999.999997,-69.66294
4106395937.499997,-69.74859
4106396874.999997,-69.49448
4106397812.499997,-69.66911
4106398749.999997,-69.69132
4106399687.499997,-69.54477
4106400624.999997,-69.817
4106401562.499997,-69.62345
4106402499.999997,-69.51512
4106403437.499997,-69.53581
4106404374.999997,-69.73306
4106405312.499997,-69.74564
4106406249.999997,-69.55943
4106407187.499997,-69.54981
4106408124.999997,-69.86977
4106409062.499997,-69.8327
4106409999.999997,-69.96049
4106410937.499997,-70.08327
4106411874.999997,-69.28418
4106412812.499997,-69.73769
4106413749.999997,-70.46546
4106414687.499997,-70.4121
4106415624.999997,-69.3814
4106416562.499997,-69.98563
4106417499.999997,-69.83807
4106418437.499997,-69.97654
4106419374.999997,-70.07343
4106420312.499997,-70.28416
4106421249.999997,-69.30728
4106422187.499997,-70.14181
4106423124.999997,-69.60776
4106424062.499997,-69.4966
4106424999.999997,-69.30241
4106425937.499997,-69.4053
4106426874.999997,-69.91362
4106427812.499997,-69.76476
4106428749.999997,-69.60632
4106429687.499997,-69.80625
4106430624.999997,-70.09412
4106431562.499997,-69.65833
4106432499.999997,-69.41459
4106433437.499997,-69.92619
4106434374.999997,-69.39802
4106435312.499997,-69.82533
4106436249.999997,-69.4246
4106437187.499997,-69.71232
4106438124.999997,-69.21911
4106439062.499997,-69.12344
4106439999.999997,-69.31653
4106440937.499997,-70.03642
4106441874.999997,-69.35776
4106442812.499997,-69.9507
4106443749.999997,-69.9416
4106444687.499997,-69.79585
4106445624.999997,-70.28654
4106446562.499997,-70.02812
4106447499.999997,-69.46913
4106448437.499997,-69.39284
4106449374.999997,-70.4043
4106450312.499997,-69.74593
4106451249.999997,-69.60033
4106452187.499997,-69.58127
4106453124.999997,-69.47833
4106454062.499997,-69.30652
4106454999.999997,-69.45983
4106455937.499997,-69.56885
4106456874.999997,-69.51437
4106457812.499997,-69.06934
4106458749.999997,-69.71474
4106459687.499997,-69.99606
4106460624.999997,-69.2181
4106461562.499997,-69.32459
4106462499.999997,-69.562
4106463437.499997,-69.62151
4106464374.999997,-70.09745
4106465312.499997,-69.67799
4106466249.999997,-69.714
4106467187.499997,-69.86031
4106468124.999997,-69.16368
4106469062.499997,-69.37167
4106469999.999997,-70.00003
4106470937.499997,-69.66615
4106471874.999997,-69.29981
4106472812.499997,-69.78819
4106473749.999997,-69.81004
4106474687.499997,-69.74187
4106475624.999997,-70.01676
4106476562.499997,-69.83935
4106477499.999997,-69.77787
4106478437.499997,-69.91579
4106479374.999997,-69.51527
4106480312.499997,-69.49049
4106481249.999997,-69.15202
4106482187.499997,-69.68642
4106483124.999997,-69.425
4106484062.499997,-69.57738
4106484999.999997,-69.78795
4106485937.499997,-69.61927
4106486874.999997,-70.15328
4106487812.499997,-70.15958
4106488749.999997,-69.5822
4106489687.499997,-69.15194
4106490624.999997,-70.11098
4106491562.499997,-69.13744
4106492499.999997,-69.83103
4106493437.499997,-69.79374
4106494374.999997,-69.90604
4106495312.499997,-69.41678
4106496249.999997,-69.72955
4106497187.499997,-69.90384
4106498124.999997,-69.71324
4106499062.499997,-70.11015
4106499999.999997,-69.28159
4106500937.499997,-69.82486
4106501874.999997,-69.89082
4106502812.499997,-69.92987
4106503749.999997,-69.43294
4106504687.499997,-69.99414
4106505624.999997,-69.41035
4106506562.499997,-69.21771
4106507499.999997,-69.86516
4106508437.499997,-69.40548
4106509374.999997,-69.97762
4106510312.499997,-70.0324
4106511249.999997,-69.2909
4106512187.499997,-69.4754
4106513124.999997,-70.31998
4106514062.499997,-69.03391
4106514999.999997,-69.56874
4106515937.499997,-69.42008
4106516874.999997,-70.23207
4106517812.499997,-70.28857
4106518749.999997,-69.58551
4106519687.499997,-69.68393
4106520624.999997,-69.30618
4106521562.499997,-69.31723
4106522499.999997,-69.75398
4106523437.499997,-69.40627
4106524374.999997,-69.45022
4106525312.499997,-69.20396
4106526249.999997,-69.74215
4106527187.499997,-69.85504
4106528124.999997,-69.3361
4106529062.499997,-69.80051
4106529999.999997,-69.16567
4106530937.499997,-70.05878
4106531874.999997,-69.73474
4106532812.499997,-69.43201
4106533749.999997,-69.67831
4106534687.499997,-69.13482
4106535624.999997,-70.01477
4106536562.499997,-69.64673
4106537499.999997,-69.24142
4106538437.499997,-69.85289
4106539374.999997,-69.90263
4106540312.499997,-69.14698
4106541249.999997,-69.53159
4106542187.499997,-69.61322
4106543124.999997,-69.81728
4106544062.499997,-69.50015
4106544999.999997,-69.78537
4106545937.499997,-69.63071
4106546874.999997,-69.68609
4106547812.499997,-69.47004
4106548749.999997,-69.64384
4106549687.499997,-69.4838
4106550624.999997,-69.14177
4106551562.499997,-69.04454
4106552499.999997,-69.11818
4106553437.499997,-70.31753
4106554374.999997,-69.71333
4106555312.499997,-69.64735
4106556249.999997,-69.77617
4106557187.499997,-69.73512
4106558124.999997,-69.9619
4106559062.499997,-69.63716
4106559999.999997,-69.78873
4106560937.499997,-69.17064
4106561874.999997,-69.46233
4106562812.499997,-69.76891
4106563749.999997,-70.11266
4106564687.499997,-69.78237
4106565624.999997,-70.21613
4106566562.499997,-69.58034
4106567499.999997,-69.53637
4106568437.499997,-69.7639
4106569374.999997,-69.47935
4106570312.499997,-69.86778
4106571249.999997,-69.83516
4106572187.499997,-69.54071
4106573124.999997,-69.75834
4106574062.499997,-69.25878
4106574999.999997,-69.3747
4106575937.499997,-69.16615
4106576874.999997,-69.6756
4106577812.499997,-69.85251
4106578749.999997,-69.56649
4106579687.499997,-70.08566
4106580624.999997,-69.53212
4106581562.499997,-69.50996
4106582499.999997,-69.64507
4106583437.499997,-69.72829
4106584374.999997,-69.179
4106585312.499997,-69.44882
4106586249.999997,-69.83215
4106587187.499997,-69.73108
4106588124.999997,-69.945
4106589062.499997,-69.49649
4106589999.999997,-69.59232
4106590937.499997,-69.68635
4106591874.999997,-69.88658
4106592812.499997,-69.64538
4106593749.999997,-69.45499
4106594687.499997,-69.52216
4106595624.999997,-69.45509
4106596562.499997,-69.37349
4106597499.999997,-69.78014
4106598437.499997,-70.09543
4106599374.999997,-70.39867
4106600312.499997,-69.64108
4106601249.999997,-69.39698
4106602187.499997,-69.21638
4106603124.999997,-69.90832
4106604062.499997,-70.28197
4106604999.999997,-69.82696
4106605937.499997,-69.47965
4106606874.999997,-69.60125
4106607812.499997,-69.73923
4106608749.999997,-69.16977
4106609687.499997,-69.71361
4106610624.999997,-69.18395
4106611562.499997,-69.40676
4106612499.999997,-70.40585
4106613437.499997,-69.76063
4106614374.999997,-69.5125
4106615312.499997,-69.95843
4106616249.999997,-70.1739
4106617187.499997,-69.17478
4106618124.999997,-69.74227
4106619062.499997,-69.50384
4106619999.999997,-69.61578
4106620937.499997,-69.77047
4106621874.999997,-69.6159
4106622812.499997,-69.57298
4106623749.999997,-70.04858
4106624687.499997,-69.5862
4106625624.999997,-69.66747
4106626562.499997,-69.43771
4106627499.999997,-69.33588
4106628437.499997,-69.7608
4106629374.999997,-69.72884
4106630312.499997,-68.99319
4106631249.999997,-69.70561
4106632187.499997,-70.21885
4106633124.999997,-69.72707
4106634062.499997,-70.12267
4106634999.999997,-69.8109
4106635937.499997,-69.69868
4106636874.999997,-69.56469
4106637812.499997,-69.41417
4106638749.999997,-69.14968
4106639687.499997,-69.24997
4106640624.999997,-69.30783
4106641562.499997,-69.16362
4106642499.999997,-70.07877
4106643437.499997,-70.04022
4106644374.999997,-69.31019
4106645312.499997,-69.84294
4106646249.999997,-69.91163
4106647187.499997,-69.91709
4106648124.999997,-69.58979
4106649062.499997,-69.68326
4106649999.999997,-69.38683
4106650937.499997,-69.86641
4106651874.999997,-69.81745
4106652812.499997,-69.50341
4106653749.999997,-70.08154
4106654687.499997,-69.48884
4106655624.999997,-69.51617
4106656562.499997,-69.35915
4106657499.999997,-69.38999
4106658437.499997,-69.33555
4106659374.999997,-69.33317
4106660312.499997,-69.26822
4106661249.999997,-69.54063
4106662187.499997,-69.43326
4106663124.999997,-69.44286
4106664062.499997,-69.39783
4106664999.999997,-68.77608
4106665937.499997,-69.60132
4106666874.999997,-69.90786
4106667812.499997,-69.76191
4106668749.999997,-69.08029
4106669687.499997,-69.77584
4106670624.999997,-69.56017
4106671562.499997,-70.12736
4106672499.999997,-69.4583
4106673437.499997,-69.49516
4106674374.999997,-69.59958
4106675312.499997,-69.00439
4106676249.999997,-69.61369
4106677187.499997,-69.40885
4106678124.999997,-69.49924
4106679062.499997,-69.37003
4106679999.999997,-69.89751
4106680937.499997,-69.75445
4106681874.999997,-69.26131
4106682812.499997,-69.79816
4106683749.999997,-69.61525
4106684687.499997,-68.9957
4106685624.999997,-69.41312
4106686562.499997,-69.9151
4106687499.999997,-69.63922
4106688437.499997,-69.61343
4106689374.999997,-69.83878
4106690312.499997,-68.90818
4106691249.999997,-69.38479
4106692187.499997,-69.28021
4106693124.999997,-69.43272
4106694062.499997,-69.63062
4106694999.999997,-69.26139
4106695937.499997,-69.33074
4106696874.999997,-69.31255
4106697812.499997,-69.72643
4106698749.999997,-69.76984
4106699687.499997,-70.06017
4106700624.999997,-68.99434
4106701562.499997,-69.97314
4106702499.999997,-69.87144
4106703437.499997,-70.10895
4106704374.999997,-68.96162
4106705312.499997,-69.55422
4106706249.999997,-69.91131
4106707187.499997,-69.96851
4106708124.999997,-69.63308
4106709062.499997,-69.59307
4106709999.999997,-69.64187
4106710937.499997,-69.56334
4106711874.999997,-69.42855
4106712812.499997,-69.70472
4106713749.999997,-69.31328
4106714687.499997,-69.59881
4106715624.999997,-68.99512
4106716562.499997,-68.92503
4106717499.999997,-69.13952
4106718437.499997,-69.253
4106719374.999997,-69.10173
4106720312.499997,-69.53761
4106721249.999997,-69.61713
4106722187.499997,-69.1217
4106723124.999997,-69.99234
4106724062.499997,-69.92607
4106724999.999997,-69.51683
4106725937.499997,-69.41019
4106726874.999997,-68.59634
4106727812.499997,-69.57439
4106728749.999997,-69.56355
4106729687.499997,-69.62653
4106730624.999997,-69.29545
4106731562.499997,-70.02235
4106732499.999997,-69.51413
4106733437.499997,-69.24836
4106734374.999997,-69.58641
4106735312.499997,-69.6904
4106736249.999997,-69.24563
4106737187.499997,-69.26262
4106738124.999997,-69.69486
4106739062.499997,-69.3968
4106739999.999997,-69.54082
4106740937.499997,-70.29607
4106741874.999997,-69.99454
4106742812.499997,-69.1884
4106743749.999997,-69.37576
4106744687.499997,-69.11556
4106745624.999997,-69.54499
4106746562.499997,-69.33305
4106747499.999997,-69.1683
4106748437.499997,-69.23821
4106749374.999997,-70.30942
4106750312.499997,-69.55424
4106751249.999997,-69.64733
4106752187.499997,-69.68442
4106753124.999997,-69.45805
4106754062.499997,-70.02769
4106754999.999997,-69.36303
4106755937.499997,-69.49274
4106756874.999997,-69.3675
4106757812.499997,-69.44623
4106758749.999997,-69.51594
4106759687.499997,-69.22613
4106760624.999997,-69.55892
4106761562.499997,-69.96568
4106762499.999997,-69.70023
4106763437.499997,-69.8204
4106764374.999997,-69.22288
4106765312.499997,-69.8731
4106766249.999997,-69.99849
4106767187.499997,-69.50238
4106768124.999997,-69.57137
4106769062.499997,-69.84737
4106769999.999997,-69.56419
4106770937.499997,-69.32676
4106771874.999997,-69.32028
4106772812.499997,-69.27283
4106773749.999997,-68.98757
4106774687.499997,-69.23226
4106775624.999997,-70.15994
4106776562.499997,-69.73156
4106777499.999997,-68.95415
4106778437.499997,-69.08583
4106779374.999997,-69.27087
4106780312.499997,-69.34507
4106781249.999997,-69.93837
4106782187.499997,-69.51772
4106783124.999997,-69.491
4106784062.499997,-69.0013
4106784999.999997,-69.66382
4106785937.499997,-69.20341
4106786874.999997,-69.44241
4106787812.499997,-69.44025
4106788749.999997,-69.22083
4106789687.499997,-69.45255
4106790624.999997,-69.22279
4106791562.499997,-70.04135
4106792499.999997,-68.98294
4106793437.499997,-68.71872
4106794374.999997,-69.19402
4106795312.499997,-69.50897
4106796249.999997,-69.80691
4106797187.499997,-69.1958
4106798124.999997,-69.68978
4106799062.499997,-69.69636
4106799999.999997,-69.66291
4106800937.499997,-69.61851
4106801874.999997,-69.38629
4106802812.499997,-69.02649
4106803749.999997,-69.49868
4106804687.499997,-69.83577
4106805624.999997,-69.55457
4106806562.499997,-69.56613
4106807499.999997,-70.0597
4106808437.499997,-69.57857
4106809374.999997,-69.28497
4106810312.499997,-69.19675
4106811249.999997,-69.59926
4106812187.499997,-69.54895
4106813124.999997,-69.45734
4106814062.499997,-69.4912
4106814999.999997,-69.3335
4106815937.499997,-69.36717
4106816874.999997,-69.6889
4106817812.499997,-69.56191
4106818749.999997,-69.57227
4106819687.499997,-68.87542
4106820624.999997,-69.47085
4106821562.499997,-69.68513
4106822499.999997,-69.27106
4106823437.499997,-69.63403
4106824374.999997,-69.52946
4106825312.499997,-68.90228
4106826249.999997,-69.21057
4106827187.499997,-69.70135
4106828124.999997,-69.30896
4106829062.499997,-69.4987
4106829999.999997,-69.87251
4106830937.499997,-69.85664
4106831874.999997,-69.3941
4106832812.499997,-69.25848
4106833749.999997,-69.87521
4106834687.499997,-69.37111
4106835624.999997,-69.32791
4106836562.499997,-69.68156
4106837499.999997,-69.55372
4106838437.499997,-69.5941
4106839374.999997,-69.21633
4106840312.499997,-69.69838
4106841249.999997,-69.53065
4106842187.499997,-68.85633
4106843124.999997,-69.07999
4106844062.499997,-69.81596
4106844999.999997,-69.18021
4106845937.499997,-69.2354
4106846874.999997,-69.16967
4106847812.499997,-69.62106
4106848749.999997,-69.58584
4106849687.499997,-70.00622
4106850624.999997,-69.60342
4106851562.499997,-69.50766
4106852499.999997,-69.13525
4106853437.499997,-69.48348
4106854374.999997,-69.44407
4106855312.499997,-69.63403
4106856249.999997,-69.37778
4106857187.499997,-69.69628
4106858124.999997,-69.26306
4106859062.499997,-68.93526
4106859999.999997,-69.29356
4106860937.499997,-69.54704
4106861874.999997,-69.31696
4106862812.499997,-69.40643
4106863749.999997,-69.3942
4106864687.499997,-69.83234
4106865624.999997,-69.80927
4106866562.499997,-69.48766
4106867499.999997,-69.7248
4106868437.499997,-69.79991
4106869374.999997,-69.58745
4106870312.499997,-69.01743
4106871249.999997,-68.97913
4106872187.499997,-69.4393
4106873124.999997,-69.52171
4106874062.499997,-69.53074
4106874999.999997,-69.79651
4106875937.499997,-69.71263
4106876874.999997,-69.57358
4106877812.499997,-69.28699
4106878749.999997,-69.45183
4106879687.499997,-69.12094
4106880624.999997,-69.45387
4106881562.499997,-69.79652
4106882499.999997,-69.1367
4106883437.499997,-69.28071
4106884374.999997,-69.11706
4106885312.499997,-69.09586
4106886249.999997,-69.32079
4106887187.499997,-69.17176
4106888124.999997,-69.63424
4106889062.499997,-69.52023
4106889999.999997,-69.61813
4106890937.499997,-69.75613
4106891874.999997,-69.2387
4106892812.499997,-69.44529
4106893749.999997,-69.7277
4106894687.499997,-69.7736
4106895624.999997,-69.22337
4106896562.499997,-69.6441
4106897499.999997,-69.19872
4106898437.499997,-69.42118
4106899374.999997,-69.93335
4106900312.499997,-69.33466
4106901249.999997,-69.00195
4106902187.499997,-69.55499
4106903124.999997,-69.11716
4106904062.499997,-69.47278
4106904999.999997,-69.35226
4106905937.499997,-69.38644
4106906874.999997,-69.16057
4106907812.499997,-69.51274
4106908749.999997,-69.62109
4106909687.499997,-69.49802
4106910624.999997,-69.33382
4106911562.499997,-69.45992
4106912499.999997,-70.0045
4106913437.499997,-69.78021
4106914374.999997,-69.0205
4106915312.499997,-69.32636
4106916249.999997,-69.59352
4106917187.499997,-69.54522
4106918124.999997,-68.945
4106919062.499997,-69.81721
4106919999.999997,-69.41463
4106920937.499997,-69.29015
4106921874.999997,-69.39399
4106922812.499997,-69.55394
4106923749.999997,-69.86646
4106924687.499997,-69.40485
4106925624.999997,-69.42612
4106926562.499997,-69.45473
4106927499.999997,-69.11196
4106928437.499997,-70.08704
4106929374.999997,-70.06952
4106930312.499997,-69.42013
4106931249.999997,-69.10056
4106932187.499997,-69.78227
4106933124.999997,-69.14705
4106934062.499997,-69.37904
4106934999.999997,-69.55318
4106935937.499997,-69.53596
4106936874.999997,-69.49172
4106937812.499997,-70.05315
4106938749.999997,-69.74804
4106939687.499997,-69.52062
4106940624.999997,-69.373
4106941562.499997,-69.21207
4106942499.999997,-69.39113
4106943437.499997,-69.45293
4106944374.999997,-69.72902
4106945312.499997,-69.16658
4106946249.999997,-69.45873
4106947187.499997,-69.4707
4106948124.999997,-69.63295
4106949062.499997,-69.42059
4106949999.999997,-69.44269
4106950937.499997,-69.3811
4106951874.999997,-69.56584
4106952812.499997,-68.67455
4106953749.999997,-69.1254
4106954687.499997,-69.26185
4106955624.999997,-69.93369
4106956562.499997,-68.75799
4106957499.999997,-69.39272
4106958437.499997,-69.77762
4106959374.999997,-69.26336
4106960312.499997,-69.54758
4106961249.999997,-69.98535
4106962187.499997,-69.74009
4106963124.999997,-69.45844
4106964062.499997,-69.46387
4106964999.999997,-69.41382
4106965937.499997,-69.49551
4106966874.999997,-69.42675
4106967812.499997,-69.27754
4106968749.999997,-69.73588
4106969687.499997,-69.99118
4106970624.999997,-69.62375
4106971562.499997,-69.55262
4106972499.999997,-69.2435
4106973437.499997,-69.71082
4106974374.999997,-69.33616
4106975312.499997,-69.64423
4106976249.999997,-69.42766
4106977187.499997,-69.76476
4106978124.999997,-69.13878
4106979062.499997,-69.22353
4106979999.999997,-69.3098
4106980937.499997,-69.6918
4106981874.999997,-69.8868
4106982812.499997,-69.43897
4106983749.999997,-69.22936
4106984687.499997,-69.30747
4106985624.999997,-69.79277
4106986562.499997,-68.99718
4106987499.999997,-68.85791
4106988437.499997,-69.3569
4106989374.999997,-69.18238
4106990312.499997,-69.08439
4106991249.999997,-69.49671
4106992187.499997,-69.29111
4106993124.999997,-69.56455
4106994062.499997,-69.22173
4106994999.999997,-69.58422
4106995937.499997,-69.60201
4106996874.999997,-69.21543
4106997812.499997,-69.23163
4106998749.999997,-69.47037
4106999687.499997,-69.3559
4107000624.999997,-69.6114
4107001562.499997,-69.71941
4107002499.999997,-69.42033
4107003437.499997,-68.9972
4107004374.999997,-69.1909
4107005312.499997,-68.97058
4107006249.999997,-69.19247
4107007187.499997,-69.15652
4107008124.999997,-69.77974
4107009062.499997,-69.51297
4107009999.999997,-69.62569
4107010937.499997,-69.36996
4107011874.999997,-69.35742
4107012812.499997,-69.58831
4107013749.999997,-69.69063
4107014687.499997,-69.39207
4107015624.999997,-69.91349
4107016562.499997,-69.6614
4107017499.999997,-69.72569
4107018437.499997,-69.82814
4107019374.999997,-68.99376
4107020312.499997,-69.315
4107021249.999997,-69.68528
4107022187.499997,-69.39626
4107023124.999997,-69.48055
4107024062.499997,-69.54585
4107024999.999997,-69.22319
4107025937.499997,-69.67995
4107026874.999997,-69.34119
4107027812.499997,-69.36058
4107028749.999997,-69.05082
4107029687.499997,-70.04568
4107030624.999997,-69.29826
4107031562.499997,-69.47475
4107032499.999997,-69.43474
4107033437.499997,-69.22794
4107034374.999997,-69.22432
4107035312.499997,-69.73274
4107036249.999997,-68.99787
4107037187.499997,-69.03577
4107038124.999997,-69.09029
4107039062.499997,-69.29823
4107039999.999997,-69.7673
4107040937.499997,-68.94808
4107041874.999997,-69.46478
4107042812.499997,-69.51453
4107043749.999997,-69.44544
4107044687.499997,-69.5088
4107045624.999997,-69.35835
4107046562.499997,-69.09077
4107047499.999997,-69.549
4107048437.499997,-69.07834
4107049374.999997,-69.22442
4107050312.499997,-68.8805
4107051249.999997,-69.96069
4107052187.499997,-69.36634
4107053124.999997,-69.41917
4107054062.499997,-69.13824
4107054999.999997,-69.79357
4107055937.499997,-69.47013
4107056874.999997,-69.63827
4107057812.499997,-69.18985
4107058749.999997,-68.87965
4107059687.499997,-68.90881
4107060624.999997,-69.47757
4107061562.499997,-68.8026
4107062499.999997,-69.35357
4107063437.499997,-69.48842
4107064374.999997,-69.67943
4107065312.499997,-69.74183
4107066249.999997,-69.47778
4107067187.499997,-69.25607
4107068124.999997,-69.47046
4107069062.499997,-69.98202
4107069999.999997,-68.8381
4107070937.499997,-69.12469
4107071874.999997,-69.54836
4107072812.499997,-69.55812
4107073749.999997,-69.11704
4107074687.499997,-69.28221
4107075624.999997,-69.14169
4107076562.499997,-69.02368
4107077499.999997,-69.58924
4107078437.499997,-69.18149
4107079374.999997,-69.38152
4107080312.499997,-68.63291
4107081249.999997,-69.63229
4107082187.499997,-68.85162
4107083124.999997,-68.87292
4107084062.499997,-69.71397
4107084999.999997,-69.48276
4107085937.499997,-69.04089
4107086874.999997,-68.86224
4107087812.499997,-69.43116
4107088749.999997,-69.25201
4107089687.499997,-69.38992
4107090624.999997,-69.33154
4107091562.499997,-69.05907
4107092499.999997,-69.12509
4107093437.499997,-69.59169
4107094374.999997,-69.65837
4107095312.499997,-68.92254
4107096249.999997,-69.14135
4107097187.499997,-69.5106
4107098124.999997,-69.29073
4107099062.499997,-69.38435
4107099999.999997,-69.09527
4107100937.499997,-69.03571
4107101874.999997,-69.47011
4107102812.499997,-70.08414
4107103749.999997,-69.26218
4107104687.499997,-69.4093
4107105624.999997,-69.80816
4107106562.499997,-68.84412
4107107499.999997,-69.00602
4107108437.499997,-69.30971
4107109374.999997,-69.42722
4107110312.499997,-69.09422
4107111249.999997,-69.23203
4107112187.499997,-69.87565
4107113124.999997,-69.18539
4107114062.499997,-69.68393
4107114999.999997,-69.64296
4107115937.499997,-69.41371
4107116874.999997,-69.59177
4107117812.499997,-69.45166
4107118749.999997,-68.88155
4107119687.499997,-69.53551
4107120624.999997,-69.08955
4107121562.499997,-68.8658
4107122499.999997,-69.4903
4107123437.499997,-69.11288
4107124374.999997,-69.32556
4107125312.499997,-69.06068
4107126249.999997,-69.65366
4107127187.499997,-68.98672
4107128124.999997,-69.3231
4107129062.499997,-69.92232
4107129999.999997,-69.47092
4107130937.499997,-69.45766
4107131874.999997,-69.21349
4107132812.499997,-69.40411
4107133749.999997,-69.09715
4107134687.499997,-69.41199
4107135624.999997,-69.11897
4107136562.499997,-69.77345
4107137499.999997,-69.31254
4107138437.499997,-68.98796
4107139374.999997,-69.78162
4107140312.499997,-69.44315
4107141249.999997,-69.50439
4107142187.499997,-69.38694
4107143124.999997,-68.98009
4107144062.499997,-69.11794
4107144999.999997,-69.7968
4107145937.499997,-69.06492
4107146874.999997,-68.99428
4107147812.499997,-69.76488
4107148749.999997,-69.42474
4107149687.499997,-69.22326
4107150624.999997,-68.99055
4107151562.499997,-69.36378
4107152499.999997,-69.08202
4107153437.499997,-69.61174
4107154374.999997,-69.08861
4107155312.499997,-69.50698
4107156249.999997,-69.45748
4107157187.499997,-69.59501
4107158124.999997,-69.01949
4107159062.499997,-70.10799
4107159999.999997,-69.28635
4107160937.499997,-69.29718
4107161874.999997,-68.89227
4107162812.499997,-69.1116
4107163749.999997,-68.93654
4107164687.499997,-69.36051
4107165624.999997,-68.97681
4107166562.499997,-69.71342
4107167499.999997,-69.35789
4107168437.499997,-69.05756
4107169374.999997,-69.0816
4107170312.499997,-68.8224
4107171249.999997,-69.02868
4107172187.499997,-68.98173
4107173124.999997,-69.14063
4107174062.499997,-69.67931
4107174999.999997,-69.1392
4107175937.499997,-69.33734
4107176874.999997,-69.30221
4107177812.499997,-69.29564
4107178749.999997,-69.61124
4107179687.499997,-68.92046
4107180624.999997,-68.87966
4107181562.499997,-69.59946
4107182499.999997,-69.55806
4107183437.499997,-69.12068
4107184374.999997,-69.4359
4107185312.499997,-69.45745
4107186249.999997,-68.94858
4107187187.499997,-69.45928
4107188124.999997,-68.60519
4107189062.499997,-69.17129
4107189999.999997,-69.08012
4107190937.499997,-69.56502
4107191874.999997,-69.25781
4107192812.499997,-69.85396
4107193749.999997,-69.27985
4107194687.499997,-69.2672
4107195624.999997,-69.33513
4107196562.499997,-69.47615
4107197499.999997,-69.26367
4107198437.499997,-68.99733
4107199374.999997,-68.97921
4107200312.499997,-69.61658
4107201249.999997,-69.7808
4107202187.499997,-69.31942
4107203124.999997,-69.14885
4107204062.499997,-69.5705
4107204999.999997,-69.94364
4107205937.499997,-69.20177
4107206874.999997,-69.37296
4107207812.499997,-69.07531
4107208749.999997,-69.1911
4107209687.499997,-69.36137
4107210624.999997,-69.17595
4107211562.499997,-69.15458
4107212499.999997,-68.88237
4107213437.499997,-68.89992
4107214374.999997,-69.32433
4107215312.499997,-69.37344
4107216249.999997,-69.28922
4107217187.499997,-69.08532
4107218124.999997,-69.7244
4107219062.499997,-69.57755
4107219999.999997,-69.28716
4107220937.499997,-69.28379
4107221874.999997,-68.86028
4107222812.499997,-69.06193
4107223749.999997,-69.07633
4107224687.499997,-69.68301
4107225624.999997,-69.73808
4107226562.499997,-69.21633
4107227499.999997,-69.06676
4107228437.499997,-69.72555
4107229374.999997,-68.8243
4107230312.499997,-69.19054
4107231249.999997,-69.09831
4107232187.499997,-68.9774
4107233124.999997,-69.55358
4107234062.499997,-69.23987
4107234999.999997,-69.09436
4107235937.499997,-68.83662
4107236874.999997,-69.27634
4107237812.499997,-69.44962
4107238749.999997,-70.10877
4107239687.499997,-69.18308
4107240624.999997,-69.4053
4107241562.499997,-69.51792
4107242499.999997,-69.48682
4107243437.499997,-69.41174
4107244374.999997,-69.23552
4107245312.499997,-69.46083
4107246249.999997,-69.47269
4107247187.499997,-69.02001
4107248124.999997,-69.68744
4107249062.499997,-68.83633
4107249999.999997,-69.32641
4107250937.499997,-68.90763
4107251874.999997,-69.82494
4107252812.499997,-69.41294
4107253749.999997,-69.72478
4107254687.499997,-69.18143
4107255624.999997,-69.18684
4107256562.499997,-68.74245
4107257499.999997,-68.84631
4107258437.499997,-69.51453
4107259374.999997,-69.75143
4107260312.499997,-69.19993
4107261249.999997,-68.80567
4107262187.499997,-68.70152
4107263124.999997,-69.31509
4107264062.499997,-69.30277
4107264999.999997,-69.49425
4107265937.499997,-69.62682
4107266874.999997,-69.0779
4107267812.499997,-69.17011
4107268749.999997,-69.20203
4107269687.499997,-69.01582
4107270624.999997,-70.01161
4107271562.499997,-69.20118
4107272499.999997,-69.03023
4107273437.499997,-68.60872
4107274374.999997,-69.53342
4107275312.499997,-69.49334
4107276249.999997,-69.61317
4107277187.499997,-68.77378
4107278124.999997,-69.18703
4107279062.499997,-68.62295
4107279999.999997,-68.6925
4107280937.499997,-69.03436
4107281874.999997,-69.61758
4107282812.499997,-69.29646
4107283749.999997,-69.14158
4107284687.499997,-69.11715
4107285624.999997,-69.00552
4107286562.499997,-69.15542
4107287499.999997,-69.28921
4107288437.499997,-68.85238
4107289374.999997,-69.24208
4107290312.499997,-69.08099
4107291249.999997,-68.98766
4107292187.499997,-69.33066
4107293124.999997,-69.09336
4107294062.499997,-69.2239
4107294999.999997,-69.26883
4107295937.499997,-69.31477
4107296874.999997,-69.33989
4107297812.499997,-68.90673
4107298749.999997,-69.03593
4107299687.499997,-69.62856
4107300624.999997,-69.03333
4107301562.499997,-69.99158
4107302499.999997,-69.39018
4107303437.499997,-69.271
4107304374.999997,-69.44189
4107305312.499997,-68.53284
4107306249.999997,-69.22303
4107307187.499997,-69.05746
4107308124.999997,-69.21954
4107309062.499997,-69.09492
4107309999.999997,-68.98366
4107310937.499997,-69.54826
4107311874.999997,-69.12536
4107312812.499997,-69.41023
4107313749.999997,-69.3241
4107314687.499997,-69.46102
4107315624.999997,-69.01216
4107316562.499997,-69.00973
4107317499.999997,-69.48893
4107318437.499997,-68.55826
4107319374.999997,-68.76342
4107320312.499997,-68.84319
4107321249.999997,-68.74624
4107322187.499997,-69.24677
4107323124.999997,-69.09023
4107324062.499997,-68.8175
4107324999.999997,-69.43094
4107325937.499997,-68.95128
4107326874.999997,-69.04308
4107327812.499997,-69.45328
4107328749.999997,-68.87434
4107329687.499997,-69.838
4107330624.999997,-69.77
4107331562.499997,-69.2881
4107332499.999997,-69.37599
4107333437.499997,-68.85463
4107334374.999997,-69.46061
4107335312.499997,-68.64392
4107336249.999997,-69.40163
4107337187.499997,-69.28767
4107338124.999997,-69.25166
4107339062.499997,-69.98991
4107339999.999997,-69.82124
4107340937.499997,-69.53439
4107341874.999997,-68.82932
4107342812.499997,-69.03899
4107343749.999997,-68.87563
4107344687.499997,-69.78779
4107345624.999997,-69.90966
4107346562.499997,-69.18234
4107347499.999997,-69.2049
4107348437.499997,-69.47433
4107349374.999997,-68.82969
4107350312.499997,-69.72697
4107351249.999997,-69.32494
4107352187.499997,-69.43842
4107353124.999997,-69.32848
4107354062.499997,-69.11021
4107354999.999997,-69.38353
4107355937.499997,-69.08934
4107356874.999997,-68.98539
4107357812.499997,-69.12421
4107358749.999997,-69.17815
4107359687.499997,-69.46088
4107360624.999997,-69.19633
4107361562.499997,-69.54411
4107362499.999997,-68.84734
4107363437.499997,-69.23176
4107364374.999997,-69.31059
4107365312.499997,-69.26028
4107366249.999997,-69.60696
4107367187.499997,-69.23021
4107368124.999997,-68.93513
4107369062.499997,-69.01834
4107369999.999997,-69.40965
4107370937.499997,-69.28346
4107371874.999997,-68.84972
4107372812.499997,-69.3804
4107373749.999997,-69.09751
4107374687.499997,-68.9882
4107375624.999997,-69.02083
4107376562.499997,-69.09875
4107377499.999997,-69.34176
4107378437.499997,-68.97318
4107379374.999997,-69.04551
4107380312.499997,-69.48009
4107381249.999997,-68.56976
4107382187.499997,-69.16802
4107383124.999997,-69.27499
4107384062.499997,-69.69447
4107384999.999997,-69.52116
4107385937.499997,-69.58001
4107386874.999997,-69.14195
4107387812.499997,-69.07109
4107388749.999997,-68.66669
4107389687.499997,-69.07027
4107390624.999997,-69.23618
4107391562.499997,-68.85883
4107392499.999997,-69.07862
4107393437.499997,-69.12177
4107394374.999997,-69.35674
4107395312.499997,-69.42306
4107396249.999997,-68.9786
4107397187.499997,-69.21281
4107398124.999997,-68.99387
4107399062.499997,-69.60356
4107399999.999997,-69.21972
4107400937.499997,-69.39969
4107401874.999997,-69.73625
4107402812.499997,-69.07774
4107403749.999997,-69.72222
4107404687.499997,-68.98856
4107405624.999997,-69.32832
4107406562.499997,-69.01273
4107407499.999997,-69.61958
4107408437.499997,-68.76974
4107409374.999997,-68.71609
4107410312.499997,-68.8186
4107411249.999997,-69.38743
4107412187.499997,-69.08536
4107413124.999997,-69.11127
4107414062.499997,-68.97849
4107414999.999997,-69.09048
4107415937.499997,-69.04854
4107416874.999997,-69.83819
4107417812.499997,-69.44489
4107418749.999997,-68.99789
4107419687.499997,-69.30187
4107420624.999997,-68.90201
4107421562.499997,-69.22401
4107422499.999997,-69.17445
4107423437.499997,-68.81123
4107424374.999997,-69.14819
4107425312.499997,-68.82028
4107426249.999997,-69.34432
4107427187.499997,-69.41776
4107428124.999997,-69.0144
4107429062.499997,-68.91218
4107429999.999997,-69.49091
4107430937.499997,-69.42074
4107431874.999997,-68.87598
4107432812.499997,-69.2509
4107433749.999997,-68.52901
4107434687.499997,-69.24517
4107435624.999997,-68.68713
4107436562.499997,-69.11349
4107437499.999997,-69.58902
4107438437.499997,-69.62701
4107439374.999997,-69.01398
4107440312.499997,-69.37827
4107441249.999997,-69.03174
4107442187.499997,-69.67453
4107443124.999997,-69.66437
4107444062.499997,-69.29956
4107444999.999997,-68.79308
4107445937.499997,-69.58123
4107446874.999997,-68.82012
4107447812.499997,-69.16847
4107448749.999997,-69.0816
4107449687.499997,-69.46139
4107450624.999997,-69.14573
4107451562.499997,-69.55895
4107452499.999997,-69.28791
4107453437.499997,-69.07951
4107454374.999997,-68.72172
4107455312.499997,-69.3348
4107456249.999997,-69.19807
4107457187.499997,-69.65441
4107458124.999997,-68.82586
4107459062.499997,-69.19743
4107459999.999997,-69.55256
4107460937.499997,-68.77949
4107461874.999997,-69.67735
4107462812.499997,-69.13071
4107463749.999997,-68.91821
4107464687.499997,-68.85478
4107465624.999997,-68.91534
4107466562.499997,-68.9734
4107467499.999997,-69.17329
4107468437.499997,-69.22723
4107469374.999997,-68.98888
4107470312.499997,-69.02496
4107471249.999997,-69.31835
4107472187.499997,-69.35812
4107473124.999997,-69.11195
4107474062.499997,-69.3577
4107474999.999997,-69.22403
4107475937.499997,-69.03652
4107476874.999997,-68.81762
4107477812.499997,-68.99846
4107478749.999997,-69.30726
4107479687.499997,-69.37003
4107480624.999997,-69.00795
4107481562.499997,-69.07872
4107482499.999997,-69.3402
4107483437.499997,-69.12228
4107484374.999997,-69.33125
4107485312.499997,-69.34149
4107486249.999997,-69.03796
4107487187.499997,-69.18714
4107488124.999997,-69.39035
4107489062.499997,-69.21022
4107489999.999997,-69.07537
4107490937.499997,-69.68506
4107491874.999997,-69.07058
4107492812.499997,-69.184
4107493749.999997,-69.09104
4107494687.499997,-68.94355
4107495624.999997,-69.11253
4107496562.499997,-69.12489
4107497499.999997,-69.4552
4107498437.499997,-68.58867
4107499374.999997,-69.22178
4107500312.499997,-68.79971
4107501249.999997,-68.97449
4107502187.499997,-68.83012
4107503124.999997,-69.13235
4107504062.499997,-69.05932
4107504999.999997,-68.94567
4107505937.499997,-68.98557
4107506874.999997,-69.28341
4107507812.499997,-69.56532
4107508749.999997,-68.82686
4107509687.499997,-68.82064
4107510624.999997,-68.93372
4107511562.499997,-69.54921
4107512499.999997,-69.36936
4107513437.499997,-69.27573
4107514374.999997,-68.91704
4107515312.499997,-69.36163
4107516249.999997,-68.94984
4107517187.499997,-69.56705
4107518124.999997,-69.36313
4107519062.499997,-68.99482
4107519999.999997,-69.06954
4107520937.499997,-68.92759
4107521874.999997,-69.69511
4107522812.499997,-69.23187
4107523749.999997,-69.06342
4107524687.499997,-69.26855
4107525624.999997,-68.47418
4107526562.499997,-69.68518
4107527499.999997,-69.19653
4107528437.499997,-69.42295
4107529374.999997,-69.09586
4107530312.499997,-69.31719
4107531249.999997,-69.02869
4107532187.499997,-69.2381
4107533124.999997,-69.36308
4107534062.499997,-69.18847
4107534999.999997,-68.90831
4107535937.499997,-69.16518
4107536874.999997,-69.02802
4107537812.499997,-68.91455
4107538749.999997,-68.77711
4107539687.499997,-69.19582
4107540624.999997,-68.58675
4107541562.499997,-69.27179
4107542499.999997,-68.78516
4107543437.499997,-69.27751
4107544374.999997,-69.03624
4107545312.499997,-68.56865
4107546249.999997,-69.23582
4107547187.499997,-68.9453
4107548124.999997,-69.36361
4107549062.499997,-68.99664
4107549999.999997,-69.49467
4107550937.499997,-69.23761
4107551874.999997,-69.22335
4107552812.499997,-68.77239
4107553749.999997,-68.80461
4107554687.499997,-68.87956
4107555624.999997,-69.28467
4107556562.499997,-68.51409
4107557499.999997,-69.3642
4107558437.499997,-69.36783
4107559374.999997,-69.29494
4107560312.499997,-69.25287
4107561249.999997,-69.08611
4107562187.499997,-69.21323
4107563124.999997,-69.34594
4107564062.499997,-69.34834
4107564999.999997,-69.37514
4107565937.499997,-69.0087
4107566874.999997,-68.7436
4107567812.499997,-68.79118
4107568749.999997,-69.4461
4107569687.499997,-69.81761
4107570624.999997,-68.91913
4107571562.499997,-69.16589
4107572499.999997,-68.99378
4107573437.499997,-68.73982
4107574374.999997,-69.36799
4107575312.499997,-69.29288
4107576249.999997,-69.66064
4107577187.499997,-69.11388
4107578124.999997,-69.00272
4107579062.499997,-69.10986
4107579999.999997,-69.28113
4107580937.499997,-68.90437
4107581874.999997,-68.78278
4107582812.499997,-68.9359
4107583749.999997,-68.79785
4107584687.499997,-69.5525
4107585624.999997,-68.71647
4107586562.499997,-68.41914
4107587499.999997,-68.80634
4107588437.499997,-68.60293
4107589374.999997,-69.1981
4107590312.499997,-68.74232
4107591249.999997,-68.59516
4107592187.499997,-68.88663
4107593124.999997,-68.86569
4107594062.499997,-68.87002
4107594999.999997,-69.17922
4107595937.499997,-68.82204
4107596874.999997,-69.13245
4107597812.499997,-69.34808
4107598749.999997,-69.11321
4107599687.499997,-68.79964
4107600624.999997,-69.1253
4107601562.499997,-68.97306
4107602499.999997,-68.87374
4107603437.499997,-69.56685
4107604374.999997,-69.09747
4107605312.499997,-69.24686
4107606249.999997,-69.20797
4107607187.499997,-69.33504
4107608124.999997,-69.62182
4107609062.499997,-69.03842
4107609999.999997,-68.99644
4107610937.499997,-69.03787
4107611874.999997,-69.30347
4107612812.499997,-69.14644
4107613749.999997,-69.23439
4107614687.499997,-68.96381
4107615624.999997,-69.25713
4107616562.499997,-68.82738
4107617499.999997,-68.82166
4107618437.499997,-68.81935
4107619374.999997,-68.80557
4107620312.499997,-69.26256
4107621249.999997,-68.79484
4107622187.499997,-68.85235
4107623124.999997,-69.67354
4107624062.499997,-68.79725
4107624999.999997,-69.35459
4107625937.499997,-69.1867
4107626874.999997,-68.78288
4107627812.499997,-68.9697
4107628749.999997,-69.48313
4107629687.499997,-69.15748
4107630624.999997,-69.45764
4107631562.499997,-68.71891
4107632499.999997,-68.9009
4107633437.499997,-68.68083
4107634374.999997,-69.0471
4107635312.499997,-69.36315
4107636249.999997,-69.4157
4107637187.499997,-68.71825
4107638124.999997,-69.1765
4107639062.499997,-69.18201
4107639999.999997,-69.5132
4107640937.499997,-68.90678
4107641874.999997,-69.10448
4107642812.499997,-69.15245
4107643749.999997,-69.36196
4107644687.499997,-69.21671
4107645624.999997,-69.24722
4107646562.499997,-68.71156
4107647499.999997,-69.56425
4107648437.499997,-68.68515
4107649374.999997,-68.96601
4107650312.499997,-69.28326
4107651249.999997,-68.95942
4107652187.499997,-68.71777
4107653124.999997,-69.24944
4107654062.499997,-69.40557
4107654999.999997,-68.94275
4107655937.499997,-68.87727
4107656874.999997,-68.87043
4107657812.499997,-69.3219
4107658749.999997,-68.70004
4107659687.499997,-68.4929
4107660624.999997,-68.96502
4107661562.499997,-68.88572
4107662499.999997,-68.83694
4107663437.499997,-69.00905
4107664374.999997,-68.86969
4107665312.499997,-69.06096
4107666249.999997,-69.11338
4107667187.499997,-69.0573
4107668124.999997,-68.85516
4107669062.499997,-68.71023
4107669999.999997,-68.96699
4107670937.499997,-69.35711
4107671874.999997,-69.33572
4107672812.499997,-68.85643
4107673749.999997,-68.72166
4107674687.499997,-69.53337
4107675624.999997,-69.1914
4107676562.499997,-68.72288
4107677499.999997,-68.99493
4107678437.499997,-68.80164
4107679374.999997,-69.27918
4107680312.499997,-69.16455
4107681249.999997,-68.55682
4107682187.499997,-68.91121
4107683124.999997,-68.72288
4107684062.499997,-69.20924
4107684999.999997,-69.57902
4107685937.499997,-68.86639
4107686874.999997,-68.29953
4107687812.499997,-68.83595
4107688749.999997,-68.86173
4107689687.499997,-69.17831
4107690624.999997,-68.81625
4107691562.499997,-68.79577
4107692499.999997,-68.74103
4107693437.499997,-68.84367
4107694374.999997,-69.19622
4107695312.499997,-68.89298
4107696249.999997,-68.96069
4107697187.499997,-69.06684
4107698124.999997,-69.01243
4107699062.499997,-69.06382
4107699999.999997,-69.58003
4107700937.499997,-69.92506
4107701874.999997,-68.99741
4107702812.499997,-68.90705
4107703749.999997,-69.39124
4107704687.499997,-68.86394
4107705624.999997,-69.28441
4107706562.499997,-69.06689
4107707499.999997,-69.11972
4107708437.499997,-69.05092
4107709374.999997,-69.15681
4107710312.499997,-69.01637
4107711249.999997,-68.65251
4107712187.499997,-69.33907
4107713124.999997,-68.9445
4107714062.499997,-68.3988
4107714999.999997,-68.9932
4107715937.499997,-69.15022
4107716874.999997,-69.32542
4107717812.499997,-68.77444
4107718749.999997,-69.38015
4107719687.499997,-69.28329
4107720624.999997,-68.81382
4107721562.499997,-68.83916
4107722499.999997,-69.13108
4107723437.499997,-68.81892
4107724374.999997,-68.81947
4107725312.499997,-68.68907
4107726249.999997,-69.33335
4107727187.499997,-69.18328
4107728124.999997,-69.11419
4107729062.499997,-68.35783
4107729999.999997,-68.90207
4107730937.499997,-68.76707
4107731874.999997,-68.86156
4107732812.499997,-69.38468
4107733749.999997,-68.35975
4107734687.499997,-68.64138
4107735624.999997,-68.65946
4107736562.499997,-68.98536
4107737499.999997,-69.08186
4107738437.499997,-68.72324
4107739374.999997,-68.65851
4107740312.499997,-68.94363
4107741249.999997,-69.20035
4107742187.499997,-69.23347
4107743124.999997,-69.41151
4107744062.499997,-68.9371
4107744999.999997,-69.21703
4107745937.499997,-69.02096
4107746874.999997,-69.17033
4107747812.499997,-68.84977
4107748749.999997,-68.98396
4107749687.499997,-69.40536
4107750624.999997,-68.94628
4107751562.499997,-69.10006
4107752499.999997,-68.58442
4107753437.499997,-68.90097
4107754374.999997,-68.82652
4107755312.499997,-68.90131
4107756249.999997,-69.22188
4107757187.499997,-68.80483
4107758124.999997,-69.27103
4107759062.499997,-68.44298
4107759999.999997,-68.67422
4107760937.499997,-68.78281
4107761874.999997,-68.78523
4107762812.499997,-69.14689
4107763749.999997,-68.8369
4107764687.499997,-68.8596
4107765624.999997,-68.81215
4107766562.499997,-68.95203
4107767499.999997,-68.62492
4107768437.499997,-68.81164
4107769374.999997,-68.9751
4107770312.499997,-68.36133
4107771249.999997,-69.12964
4107772187.499997,-68.95475
4107773124.999997,-69.36001
4107774062.499997,-68.81902
4107774999.999997,-68.19318
4107775937.499997,-68.85468
4107776874.999997,-69.28767
4107777812.499997,-68.98574
4107778749.999997,-69.12952
4107779687.499997,-68.82997
4107780624.999997,-68.86983
4107781562.499997,-68.96785
4107782499.999997,-68.70802
4107783437.499997,-68.98521
4107784374.999997,-68.78289
4107785312.499997,-68.73166
4107786249.999997,-69.21436
4107787187.499997,-68.76554
4107788124.999997,-68.64751
4107789062.499997,-69.14332
4107789999.999997,-69.08115
4107790937.499997,-68.42928
4107791874.999997,-68.50817
4107792812.499997,-68.82887
4107793749.999997,-69.05338
4107794687.499997,-68.98669
4107795624.999997,-69.18363
4107796562.499997,-68.84808
4107797499.999997,-69.29508
4107798437.499997,-69.29874
4107799374.999997,-68.86008
4107800312.499997,-69.17974
4107801249.999997,-68.88494
4107802187.499997,-69.25189
4107803124.999997,-69.10161
4107804062.499997,-69.32713
4107804999.999997,-68.88262
4107805937.499997,-68.72698
4107806874.999997,-69.02818
4107807812.499997,-69.14085
4107808749.999997,-69.18968
4107809687.499997,-68.53963
4107810624.999997,-68.70988
4107811562.499997,-69.08984
4107812499.999997,-68.91943
4107813437.499997,-68.52128
4107814374.999997,-68.70776
4107815312.499997,-68.78421
4107816249.999997,-68.98011
4107817187.499997,-68.57265
4107818124.999997,-68.33382
4107819062.499997,-69.03305
4107819999.999997,-68.98126
4107820937.499997,-68.80872
4107821874.999997,-69.27278
4107822812.499997,-68.98058
4107823749.999997,-68.84672
4107824687.499997,-68.42967
4107825624.999997,-69.09773
4107826562.499997,-69.02713
4107827499.999997,-69.03463
4107828437.499997,-68.853
4107829374.999997,-69.24745
4107830312.499997,-68.64701
4107831249.999997,-68.73373
4107832187.499997,-68.22792
4107833124.999997,-68.94502
4107834062.499997,-68.89331
4107834999.999997,-68.69085
4107835937.499997,-69.21172
4107836874.999997,-68.72059
4107837812.499997,-68.68628
4107838749.999997,-68.9314
4107839687.499997,-69.04867
4107840624.999997,-68.75999
4107841562.499997,-68.96832
4107842499.999997,-68.96349
4107843437.499997,-69.0431
4107844374.999997,-68.53904
4107845312.499997,-69.26846
4107846249.999997,-68.67561
4107847187.499997,-68.6511
4107848124.999997,-69.02003
4107849062.499997,-68.84145
4107849999.999997,-68.35047
4107850937.499997,-68.86357
4107851874.999997,-68.73855
4107852812.499997,-69.42093
4107853749.999997,-69.11372
4107854687.499997,-69.11628
4107855624.999997,-68.87259
4107856562.499997,-69.04758
4107857499.999997,-68.92667
4107858437.499997,-69.109
4107859374.999997,-68.80487
4107860312.499997,-68.87403
4107861249.999997,-69.16013
4107862187.499997,-68.61115
4107863124.999997,-69.26965
4107864062.499997,-68.44948
4107864999.999997,-68.64069
4107865937.499997,-68.86057
4107866874.999997,-68.65148
4107867812.499997,-68.64693
4107868749.999997,-68.56744
4107869687.499997,-69.18653
4107870624.999997,-69.01344
4107871562.499997,-68.87927
4107872499.999997,-68.63992
4107873437.499997,-68.86619
4107874374.999997,-68.9986
4107875312.499997,-68.92612
4107876249.999997,-68.69655
4107877187.499997,-68.81071
4107878124.999997,-69.07976
4107879062.499997,-68.98996
4107879999.999997,-69.05161
4107880937.499997,-68.82912
4107881874.999997,-68.63283
4107882812.499997,-68.87128
4107883749.999997,-68.62804
4107884687.499997,-68.77271
4107885624.999997,-68.80754
4107886562.499997,-68.42234
4107887499.999997,-68.92308
4107888437.499997,-68.91474
4107889374.999997,-68.53548
4107890312.499997,-68.85516
4107891249.999997,-68.80756
4107892187.499997,-68.94405
4107893124.999997,-68.6657
4107894062.499997,-69.0509
4107894999.999997,-68.23849
4107895937.499997,-69.44878
4107896874.999997,-68.94426
4107897812.499997,-68.83826
4107898749.999997,-68.77804
4107899687.499997,-68.79269
4107900624.999997,-68.70045
4107901562.499997,-68.91567
4107902499.999997,-68.91919
4107903437.499997,-69.04763
4107904374.999997,-68.70782
4107905312.499997,-68.92292
4107906249.999997,-69.00831
4107907187.499997,-68.81979
4107908124.999997,-68.53487
4107909062.499997,-68.71642
4107909999.999997,-68.45947
4107910937.499997,-68.6127
4107911874.999997,-68.37238
4107912812.499997,-69.04833
4107913749.999997,-68.58021
4107914687.499997,-68.5816
4107915624.999997,-68.83537
4107916562.499997,-68.34676
4107917499.999997,-68.94291
4107918437.499997,-68.64651
4107919374.999997,-68.85537
4107920312.499997,-69.22662
4107921249.999997,-68.64069
4107922187.499997,-68.80762
4107923124.999997,-68.8312
4107924062.499997,-68.8159
4107924999.999997,-69.03715
4107925937.499997,-68.60159
4107926874.999997,-68.96294
4107927812.499997,-69.30349
4107928749.999997,-68.86697
4107929687.499997,-68.98033
4107930624.999997,-69.44089
4107931562.499997,-68.98215
4107932499.999997,-68.92399
4107933437.499997,-69.44075
4107934374.999997,-68.41941
4107935312.499997,-69.27047
4107936249.999997,-68.5903
4107937187.499997,-68.67982
4107938124.999997,-68.49083
4107939062.499997,-68.58717
4107939999.999997,-68.81348
4107940937.499997,-68.66668
4107941874.999997,-68.69704
4107942812.499997,-68.57101
4107943749.999997,-69.26155
4107944687.499997,-69.17735
4107945624.999997,-68.83821
4107946562.499997,-68.65663
4107947499.999997,-68.59927
4107948437.499997,-69.14156
4107949374.999997,-68.51012
4107950312.499997,-69.27213
4107951249.999997,-68.82745
4107952187.499997,-68.90974
4107953124.999997,-68.91216
4107954062.499997,-68.69417
4107954999.999997,-68.83344
4107955937.499997,-68.97169
4107956874.999997,-69.0415
4107957812.499997,-68.86695
4107958749.999997,-68.52602
4107959687.499997,-69.27295
4107960624.999997,-68.22088
4107961562.499997,-68.77969
4107962499.999997,-68.8586
4107963437.499997,-68.82159
4107964374.999997,-68.65746
4107965312.499997,-68.85244
4107966249.999997,-68.31792
4107967187.499997,-68.35718
4107968124.999997,-68.97414
4107969062.499997,-68.34743
4107969999.999997,-69.23748
4107970937.499997,-68.96496
4107971874.999997,-68.72175
4107972812.499997,-69.13869
4107973749.999997,-68.83356
4107974687.499997,-69.12585
4107975624.999997,-69.4717
4107976562.499997,-68.8005
4107977499.999997,-69.0836
4107978437.499997,-68.34602
4107979374.999997,-69.15705
4107980312.499997,-68.76984
4107981249.999997,-68.47361
4107982187.499997,-68.74615
4107983124.999997,-68.86834
4107984062.499997,-68.83195
4107984999.999997,-68.38495
4107985937.499997,-68.67078
4107986874.999997,-68.89847
4107987812.499997,-68.9837
4107988749.999997,-68.94051
4107989687.499997,-68.9514
4107990624.999997,-68.48038
4107991562.499997,-68.70859
4107992499.999997,-68.61294
4107993437.499997,-68.3764
4107994374.999997,-69.2133
4107995312.499997,-68.56927
4107996249.999997,-69.18555
4107997187.499997,-68.75163
4107998124.999997,-69.12119
4107999062.499997,-68.64358
4107999999.999997,-69.0608
4108000937.499997,-69.07667
4108001874.999997,-68.66184
4108002812.499997,-68.86311
4108003749.999997,-68.86607
4108004687.499997,-68.76956
4108005624.999997,-68.52333
4108006562.499997,-68.94927
4108007499.999997,-68.73336
4108008437.499997,-69.1054
4108009374.999997,-68.3346
4108010312.499997,-68.66199
4108011249.999997,-68.99573
4108012187.499997,-68.5789
4108013124.999997,-68.51403
4108014062.499997,-69.03768
4108014999.999997,-68.75883
4108015937.499997,-68.68225
4108016874.999997,-68.8544
4108017812.499997,-69.20382
4108018749.999997,-69.22877
4108019687.499997,-68.98507
4108020624.999997,-68.74068
4108021562.499997,-69.04805
4108022499.999997,-69.00684
4108023437.499997,-69.10921
4108024374.999997,-68.59676
4108025312.499997,-68.60724
4108026249.999997,-68.78133
4108027187.499997,-68.94437
4108028124.999997,-68.77155
4108029062.499997,-68.53867
4108029999.999997,-68.82087
4108030937.499997,-68.91528
4108031874.999997,-68.89395
4108032812.499997,-69.32103
4108033749.999997,-68.32664
4108034687.499997,-68.98771
4108035624.999997,-68.68118
4108036562.499997,-68.67957
4108037499.999997,-68.7541
4108038437.499997,-68.91227
4108039374.999997,-68.70548
4108040312.499997,-68.85323
4108041249.999997,-68.72307
4108042187.499997,-68.54294
4108043124.999997,-69.16166
4108044062.499997,-68.41382
4108044999.999997,-69.13784
4108045937.499997,-69.09266
4108046874.999997,-68.54877
4108047812.499997,-68.88163
4108048749.999997,-68.42164
4108049687.499997,-68.68987
4108050624.999997,-68.90821
4108051562.499997,-69.03794
4108052499.999997,-68.70293
4108053437.499997,-68.74804
4108054374.999997,-68.4122
4108055312.499997,-68.80852
4108056249.999997,-68.27398
4108057187.499997,-68.4547
4108058124.999997,-68.49878
4108059062.499997,-69.07177
4108059999.999997,-68.82879
4108060937.499997,-68.68436
4108061874.999997,-68.55337
4108062812.499997,-68.99711
4108063749.999997,-69.02799
4108064687.499997,-69.2037
4108065624.999997,-68.50823
4108066562.499997,-68.97375
4108067499.999997,-68.73679
4108068437.499997,-68.94698
4108069374.999997,-68.56044
4108070312.499997,-69.10316
4108071249.999997,-68.87395
4108072187.499997,-68.63123
4108073124.999997,-68.66851
4108074062.499997,-68.8544
4108074999.999997,-68.5708
4108075937.499997,-69.02518
4108076874.999997,-68.43685
4108077812.499997,-68.66738
4108078749.999997,-68.55305
4108079687.499997,-68.4472
4108080624.999997,-69.14995
4108081562.499997,-68.73959
4108082499.999997,-68.76306
4108083437.499997,-68.70398
4108084374.999997,-68.85234
4108085312.499997,-68.82278
4108086249.999997,-68.8217
4108087187.499997,-68.67762
4108088124.999997,-68.91294
4108089062.499997,-69.03271
4108089999.999997,-69.09772
4108090937.499997,-68.59277
4108091874.999997,-68.6013
4108092812.499997,-68.80487
4108093749.999997,-68.57301
4108094687.499997,-68.68457
4108095624.999997,-68.83825
4108096562.499997,-68.37682
4108097499.999997,-68.63979
4108098437.499997,-69.11608
4108099374.999997,-68.60934
4108100312.499997,-68.86363
4108101249.999997,-68.55215
4108102187.499997,-68.91869
4108103124.999997,-68.952
4108104062.499997,-68.65009
4108104999.999997,-68.58791
4108105937.499997,-68.36824
4108106874.999997,-68.3006
4108107812.499997,-68.938
4108108749.999997,-68.95198
4108109687.499997,-68.86327
4108110624.999997,-68.61474
4108111562.499997,-68.61984
4108112499.999997,-68.62511
4108113437.499997,-68.62853
4108114374.999997,-68.63241
4108115312.499997,-68.45762
4108116249.999997,-68.79865
4108117187.499997,-68.59841
4108118124.999997,-68.51437
4108119062.499997,-68.55755
4108119999.999997,-68.66457
4108120937.499997,-68.65503
4108121874.999997,-68.59865
4108122812.499997,-68.71839
4108123749.999997,-68.45978
4108124687.499997,-68.89342
4108125624.999997,-68.68369
4108126562.499997,-69.09892
4108127499.999997,-68.65179
4108128437.499997,-68.85809
4108129374.999997,-68.49674
4108130312.499997,-68.41647
4108131249.999997,-68.75385
4108132187.499997,-68.34025
4108133124.999997,-68.55635
4108134062.499997,-68.98222
4108134999.999997,-68.30435
4108135937.499997,-68.92126
4108136874.999997,-68.47315
4108137812.499997,-69.03431
4108138749.999997,-68.4201
4108139687.499997,-69.36643
4108140624.999997,-68.78297
4108141562.499997,-68.36721
4108142499.999997,-68.76755
4108143437.499997,-68.82198
4108144374.999997,-69.08512
4108145312.499997,-68.59702
4108146249.999997,-68.62258
4108147187.499997,-68.86393
4108148124.999997,-68.87775
4108149062.499997,-68.60664
4108149999.999997,-68.6629
4108150937.499997,-68.53856
4108151874.999997,-68.6749
4108152812.499997,-68.87471
4108153749.999997,-68.36973
4108154687.499997,-68.74313
4108155624.999997,-69.0386
4108156562.499997,-68.57719
4108157499.999997,-68.79941
4108158437.499997,-68.27787
4108159374.999997,-68.91531
4108160312.499997,-68.57552
4108161249.999997,-68.53672
4108162187.499997,-68.49239
4108163124.999997,-68.54626
4108164062.499997,-68.66204
4108164999.999997,-68.6584
4108165937.499997,-69.02232
4108166874.999997,-68.89752
4108167812.499997,-68.83958
4108168749.999997,-68.60149
4108169687.499997,-68.75375
4108170624.999997,-68.5866
4108171562.499997,-68.15895
4108172499.999997,-68.884
4108173437.499997,-68.97879
4108174374.999997,-68.66575
4108175312.499997,-68.72178
4108176249.999997,-68.69422
4108177187.499997,-68.70709
4108178124.999997,-68.35453
4108179062.499997,-68.40184
4108179999.999997,-68.95057
4108180937.499997,-69.02116
4108181874.999997,-68.94141
4108182812.499997,-68.25331
4108183749.999997,-68.62093
4108184687.499997,-68.73701
4108185624.999997,-68.95783
4108186562.499997,-69.12354
4108187499.999997,-68.58703
4108188437.499997,-69.3818
4108189374.999997,-68.56376
4108190312.499997,-68.99118
4108191249.999997,-68.84867
4108192187.499997,-68.5451
4108193124.999997,-68.31993
4108194062.499997,-68.561
4108194999.999997,-68.97253
4108195937.499997,-69.13846
4108196874.999997,-68.8625
4108197812.499997,-68.8157
4108198749.999997,-68.37879
4108199687.499997,-68.80037
4108200624.999997,-69.34359
4108201562.499997,-68.49957
4108202499.999997,-68.23802
4108203437.499997,-69.04846
4108204374.999997,-68.65514
4108205312.499997,-69.15576
4108206249.999997,-68.32618
4108207187.499997,-68.9335
4108208124.999997,-69.07947
4108209062.499997,-68.96325
4108209999.999997,-68.54825
4108210937.499997,-68.59798
4108211874.999997,-68.92245
4108212812.499997,-68.97799
4108213749.999997,-68.25172
4108214687.499997,-68.63628
4108215624.999997,-69.26075
4108216562.499997,-68.55769
4108217499.999997,-68.92857
4108218437.499997,-68.51127
4108219374.999997,-68.62582
4108220312.499997,-69.15817
4108221249.999997,-68.81052
4108222187.499997,-68.77869
4108223124.999997,-68.20514
4108224062.499997,-68.29755
4108224999.999997,-68.89453
4108225937.499997,-68.44657
4108226874.999997,-68.31457
4108227812.499997,-69.19724
4108228749.999997,-68.45124
4108229687.499997,-68.60128
4108230624.999997,-68.65475
4108231562.499997,-68.87733
4108232499.999997,-68.82876
4108233437.499997,-69.0307
4108234374.999997,-68.7058
4108235312.499997,-68.88801
4108236249.999997,-68.58441
4108237187.499997,-68.55682
4108238124.999997,-68.68466
4108239062.499997,-69.21825
4108239999.999997,-68.97071
4108240937.499997,-68.22867
4108241874.999997,-68.90151
4108242812.499997,-68.39165
4108243749.999997,-68.83512
4108244687.499997,-68.30863
4108245624.999997,-68.63238
4108246562.499997,-69.01972
4108247499.999997,-68.81197
4108248437.499997,-68.2892
4108249374.999997,-68.67531
4108250312.499997,-68.57786
4108251249.999997,-68.16597
4108252187.499997,-68.61658
4108253124.999997,-69.39417
4108254062.499997,-68.6926
4108254999.999997,-68.78863
4108255937.499997,-68.66573
4108256874.999997,-68.46123
4108257812.499997,-68.94684
4108258749.999997,-69.20552
4108259687.499997,-68.72905
4108260624.999997,-68.3487
4108261562.499997,-69.22755
4108262499.999997,-68.8641
4108263437.499997,-68.33685
4108264374.999997,-68.72092
4108265312.499997,-68.68246
4108266249.999997,-68.55336
4108267187.499997,-68.6713
4108268124.999997,-68.74514
4108269062.499997,-68.95372
4108269999.999997,-68.58127
4108270937.499997,-68.12115
4108271874.999997,-68.3499
4108272812.499997,-68.77261
4108273749.999997,-68.71619
4108274687.499997,-68.4689
4108275624.999997,-68.69821
4108276562.499997,-68.63453
4108277499.999997,-68.74406
4108278437.499997,-68.57469
4108279374.999997,-68.27574
4108280312.499997,-68.37503
4108281249.999997,-68.40668
4108282187.499997,-68.50107
4108283124.999997,-68.64529
4108284062.499997,-68.88409
4108284999.999997,-69.27582
4108285937.499997,-68.6666
4108286874.999997,-68.42409
4108287812.499997,-68.7686
4108288749.999997,-68.91152
4108289687.499997,-68.80105
4108290624.999997,-68.6647
4108291562.499997,-68.51812
4108292499.999997,-68.80251
4108293437.499997,-68.59406
4108294374.999997,-68.34586
4108295312.499997,-68.40613
4108296249.999997,-68.92744
4108297187.499997,-68.76609
4108298124.999997,-68.46896
4108299062.499997,-68.99251
4108299999.999997,-68.95145
4108300937.499997,-68.61465
4108301874.999997,-69.21135
4108302812.499997,-68.60573
4108303749.999997,-68.63065
4108304687.499997,-68.87673
4108305624.999997,-68.62683
4108306562.499997,-68.56493
4108307499.999997,-68.92282
4108308437.499997,-68.5281
4108309374.999997,-68.55785
4108310312.499997,-68.85357
4108311249.999997,-69.10172
4108312187.499997,-68.75318
4108313124.999997,-68.81264
4108314062.499997,-68.63171
4108314999.999997,-68.84158
4108315937.499997,-68.81815
4108316874.999997,-69.03144
4108317812.499997,-68.27806
4108318749.999997,-68.16014
4108319687.499997,-68.88335
4108320624.999997,-68.78178
4108321562.499997,-68.56999
4108322499.999997,-68.42701
4108323437.499997,-68.94775
4108324374.999997,-68.49587
4108325312.499997,-68.257
4108326249.999997,-68.79518
4108327187.499997,-69.15233
4108328124.999997,-68.26319
4108329062.499997,-69.00158
4108329999.999997,-68.71731
4108330937.499997,-68.89546
4108331874.999997,-68.01521
4108332812.499997,-68.65824
4108333749.999997,-68.42039
4108334687.499997,-68.66451
4108335624.999997,-68.79618
4108336562.499997,-68.7281
4108337499.999997,-68.62722
4108338437.499997,-68.73254
4108339374.999997,-69.00691
4108340312.499997,-68.49894
4108341249.999997,-68.52504
4108342187.499997,-68.58578
4108343124.999997,-69.19679
4108344062.499997,-68.3538
4108344999.999997,-68.23689
4108345937.499997,-68.58691
4108346874.999997,-68.80672
4108347812.499997,-68.7402
4108348749.999997,-68.91253
4108349687.499997,-68.46014
4108350624.999997,-68.90387
4108351562.499997,-68.65082
4108352499.999997,-68.73454
4108353437.499997,-68.59437
4108354374.999997,-69.02905
4108355312.499997,-68.31023
4108356249.999997,-68.47332
4108357187.499997,-68.35053
4108358124.999997,-68.68398
4108359062.499997,-68.78706
4108359999.999997,-68.3938
4108360937.499997,-68.78001
4108361874.999997,-68.98019
4108362812.499997,-68.33736
4108363749.999997,-68.64712
4108364687.499997,-68.87189
4108365624.999997,-68.15832
4108366562.499997,-68.425
4108367499.999997,-68.48127
4108368437.499997,-68.39157
4108369374.999997,-68.35899
4108370312.499997,-68.4284
4108371249.999997,-67.92115
4108372187.499997,-68.62976
4108373124.999997,-68.51775
4108374062.499997,-68.84959
4108374999.999997,-68.64564
4108375937.499997,-68.52928
4108376874.999997,-68.72405
4108377812.499997,-68.70152
4108378749.999997,-68.84637
4108379687.499997,-68.93854
4108380624.999997,-68.54627
4108381562.499997,-68.58203
4108382499.999997,-68.84268
4108383437.499997,-68.29187
4108384374.999997,-68.91582
4108385312.499997,-69.01502
4108386249.999997,-68.71739
4108387187.499997,-68.38758
4108388124.999997,-68.69135
4108389062.499997,-68.96142
4108389999.999997,-68.23135
4108390937.499997,-68.6104
4108391874.999997,-68.48891
4108392812.499997,-68.32169
4108393749.999997,-68.79562
4108394687.499997,-68.70655
4108395624.999997,-69.0198
4108396562.499997,-68.83205
4108397499.999997,-68.53707
4108398437.499997,-68.24491
4108399374.999997,-68.43176
4108400312.499997,-68.76012
4108401249.999997,-68.48121
4108402187.499997,-68.68986
4108403124.999997,-68.84818
4108404062.499997,-68.52554
4108404999.999997,-68.80387
4108405937.499997,-69.1218
4108406874.999997,-68.60804
4108407812.499997,-68.45734
4108408749.999997,-68.67099
4108409687.499997,-68.56279
4108410624.999997,-69.07668
4108411562.499997,-68.36973
4108412499.999997,-68.77952
4108413437.499997,-68.85583
4108414374.999997,-68.52156
4108415312.499997,-68.78195
4108416249.999997,-68.50558
4108417187.499997,-68.49509
4108418124.999997,-68.52031
4108419062.499997,-68.50885
4108419999.999997,-68.6174
4108420937.499997,-68.85423
4108421874.999997,-68.22562
4108422812.499997,-68.55884
4108423749.999997,-68.17035
4108424687.499997,-68.3726
4108425624.999997,-68.78812
4108426562.499997,-68.56061
4108427499.999997,-68.57159
4108428437.499997,-68.43479
4108429374.999997,-68.22925
4108430312.499997,-68.63567
4108431249.999997,-68.37569
4108432187.499997,-68.62383
4108433124.999997,-68.27778
4108434062.499997,-68.45381
4108434999.999997,-68.5936
4108435937.499997,-68.5507
4108436874.999997,-68.03648
4108437812.499997,-68.54673
4108438749.999997,-68.40315
4108439687.499997,-68.87777
4108440624.999997,-68.68695
4108441562.499997,-68.62735
4108442499.999997,-68.73344
4108443437.499997,-68.75378
4108444374.999997,-68.46542
4108445312.499997,-68.31671
4108446249.999997,-68.43883
4108447187.499997,-69.01025
4108448124.999997,-68.85538
4108449062.499997,-68.38053
4108449999.999997,-68.33072
4108450937.499997,-68.18633
4108451874.999997,-68.36128
4108452812.499997,-69.05335
4108453749.999997,-68.35589
4108454687.499997,-68.30053
4108455624.999997,-68.66546
4108456562.499997,-68.78604
4108457499.999997,-68.55281
4108458437.499997,-68.48807
4108459374.999997,-68.59838
4108460312.499997,-68.77357
4108461249.999997,-68.45914
4108462187.499997,-68.46781
4108463124.999997,-68.6339
4108464062.499997,-68.76322
4108464999.999997,-68.08041
4108465937.499997,-68.86567
4108466874.999997,-68.8194
4108467812.499997,-68.17165
4108468749.999997,-68.2263
4108469687.499997,-68.83785
4108470624.999997,-68.38765
4108471562.499997,-68.63925
4108472499.999997,-68.61905
4108473437.499997,-68.56019
4108474374.999997,-69.01952
4108475312.499997,-68.2783
4108476249.999997,-68.45773
4108477187.499997,-68.36183
4108478124.999997,-68.61472
4108479062.499997,-68.71476
4108479999.999997,-68.5866
4108480937.499997,-68.32955
4108481874.999997,-68.77776
4108482812.499997,-68.33728
4108483749.999997,-68.4072
4108484687.499997,-68.96693
4108485624.999997,-69.08304
4108486562.499997,-68.72973
4108487499.999997,-68.58596
4108488437.499997,-68.69328
4108489374.999997,-68.14815
4108490312.499997,-68.45631
4108491249.999997,-68.37796
4108492187.499997,-68.56949
4108493124.999997,-68.60395
4108494062.499997,-68.27379
4108494999.999997,-68.62783
4108495937.499997,-68.78503
4108496874.999997,-68.7413
4108497812.499997,-68.58096
4108498749.999997,-68.68032
4108499687.499997,-68.13572
4108500624.999997,-68.22742
4108501562.499997,-68.82087
4108502499.999997,-68.3765
4108503437.499997,-68.68201
4108504374.999997,-68.85477
4108505312.499997,-68.50945
4108506249.999997,-68.71667
4108507187.499997,-68.7517
4108508124.999997,-68.12814
4108509062.499997,-67.96248
4108509999.999997,-68.65207
4108510937.499997,-68.53597
4108511874.999997,-68.46514
4108512812.499997,-68.34555
4108513749.999997,-68.28199
4108514687.499997,-68.59145
4108515624.999997,-68.85511
4108516562.499997,-68.45478
4108517499.999997,-68.44903
4108518437.499997,-68.79582
4108519374.999997,-68.73338
4108520312.499997,-68.64166
4108521249.999997,-68.65147
4108522187.499997,-68.15022
4108523124.999997,-68.79623
4108524062.499997,-68.30704
4108524999.999997,-68.70244
4108525937.499997,-68.74445
4108526874.999997,-68.74311
4108527812.499997,-68.39259
4108528749.999997,-68.81902
4108529687.499997,-68.68874
4108530624.999997,-68.64404
4108531562.499997,-68.79356
4108532499.999997,-68.73417
4108533437.499997,-68.68049
4108534374.999997,-68.75901
4108535312.499997,-68.4863
4108536249.999997,-68.35175
4108537187.499997,-68.41879
4108538124.999997,-68.82217
4108539062.499997,-68.52837
4108539999.999997,-68.67845
4108540937.499997,-68.73701
4108541874.999997,-68.41859
4108542812.499997,-68.64729
4108543749.999997,-68.38909
4108544687.499997,-68.70627
4108545624.999997,-68.56046
4108546562.499997,-68.92745
4108547499.999997,-68.42834
4108548437.499997,-68.41738
4108549374.999997,-68.43122
4108550312.499997,-68.72139
4108551249.999997,-68.20564
4108552187.499997,-68.53226
4108553124.999997,-68.59403
4108554062.499997,-68.36433
4108554999.999997,-68.63155
4108555937.499997,-68.63081
4108556874.999997,-68.32766
4108557812.499997,-68.5472
4108558749.999997,-68.312
4108559687.499997,-69.08884
4108560624.999997,-68.18217
4108561562.499997,-68.53895
4108562499.999997,-68.354
4108563437.499997,-68.38869
4108564374.999997,-68.70784
4108565312.499997,-68.57938
4108566249.999997,-68.42781
4108567187.499997,-68.32752
4108568124.999997,-68.72749
4108569062.499997,-69.19958
4108569999.999997,-68.36208
4108570937.499997,-68.59461
4108571874.999997,-68.26365
4108572812.499997,-68.62498
4108573749.999997,-68.5603
4108574687.499997,-68.48347
4108575624.999997,-68.51733
4108576562.499997,-68.42381
4108577499.999997,-68.44844
4108578437.499997,-68.39634
4108579374.999997,-68.38442
4108580312.499997,-68.28658
4108581249.999997,-68.27859
4108582187.499997,-68.19057
4108583124.999997,-68.18336
4108584062.499997,-68.58956
4108584999.999997,-68.60323
4108585937.499997,-68.33691
4108586874.999997,-68.76482
4108587812.499997,-68.75615
4108588749.999997,-68.54666
4108589687.499997,-68.24567
4108590624.999997,-68.1834
4108591562.499997,-68.29903
4108592499.999997,-68.00132
4108593437.499997,-68.21446
4108594374.999997,-68.18859
4108595312.499997,-68.61234
4108596249.999997,-68.59702
4108597187.499997,-68.79192
4108598124.999997,-68.3601
4108599062.499997,-68.94675
4108599999.999997,-68.21899
4108600937.499997,-68.23335
4108601874.999997,-68.65401
4108602812.499997,-68.73415
4108603749.999997,-68.50809
4108604687.499997,-68.71548
4108605624.999997,-68.54421
4108606562.499997,-68.27702
4108607499.999997,-68.33964
4108608437.499997,-68.16257
4108609374.999997,-68.37226
4108610312.499997,-68.66118
4108611249.999997,-68.6048
4108612187.499997,-68.20164
4108613124.999997,-68.57774
4108614062.499997,-68.07387
4108614999.999997,-68.23695
4108615937.499997,-68.1534
4108616874.999997,-68.72962
4108617812.499997,-68.52222
4108618749.999997,-68.59119
4108619687.499997,-68.59776
4108620624.999997,-68.41864
4108621562.499997,-68.58118
4108622499.999997,-68.29068
4108623437.499997,-68.21297
4108624374.999997,-68.58507
4108625312.499997,-68.08943
4108626249.999997,-68.45356
4108627187.499997,-67.69469
4108628124.999997,-68.96856
4108629062.499997,-68.61445
4108629999.999997,-68.55397
4108630937.499997,-68.08622
4108631874.999997,-68.63154
4108632812.499997,-67.97126
4108633749.999997,-68.97958
4108634687.499997,-68.51145
4108635624.999997,-68.43182
4108636562.499997,-68.48087
4108637499.999997,-67.94756
4108638437.499997,-68.58001
4108639374.999997,-68.37823
4108640312.499997,-68.64401
4108641249.999997,-68.37333
4108642187.499997,-68.17914
4108643124.999997,-68.462
4108644062.499997,-68.70479
4108644999.999997,-68.51392
4108645937.499997,-68.35899
4108646874.999997,-68.07175
4108647812.499997,-68.61039
4108648749.999997,-68.55852
4108649687.499997,-68.40967
4108650624.999997,-68.58817
4108651562.499997,-68.3016
4108652499.999997,-67.98752
4108653437.499997,-68.36137
4108654374.999997,-68.75259
4108655312.499997,-67.85944
4108656249.999997,-68.91303
4108657187.499997,-67.95001
4108658124.999997,-68.5645
4108659062.499997,-68.36405
4108659999.999997,-69.13549
4108660937.499997,-68.90893
4108661874.999997,-68.21693
4108662812.499997,-68.22601
4108663749.999997,-68.5909
4108664687.499997,-67.79667
4108665624.999997,-68.26362
4108666562.499997,-68.48755
4108667499.999997,-68.61197
4108668437.499997,-69.39495
4108669374.999997,-68.46362
4108670312.499997,-67.82782
4108671249.999997,-68.3861
4108672187.499997,-68.45417
4108673124.999997,-68.45234
4108674062.499997,-68.31746
4108674999.999997,-68.68354
4108675937.499997,-68.37437
4108676874.999997,-68.79213
4108677812.499997,-68.5303
4108678749.999997,-68.22142
4108679687.499997,-68.2928
4108680624.999997,-68.33155
4108681562.499997,-68.3838
4108682499.999997,-68.26717
4108683437.499997,-68.58934
4108684374.999997,-68.28117
4108685312.499997,-68.43192
4108686249.999997,-68.57076
4108687187.499997,-68.48534
4108688124.999997,-68.28497
4108689062.499997,-68.55582
4108689999.999997,-68.33762
4108690937.499997,-68.28882
4108691874.999997,-68.42735
4108692812.499997,-68.07119
4108693749.999997,-68.34111
4108694687.499997,-68.39963
4108695624.999997,-68.50057
4108696562.499997,-68.59229
4108697499.999997,-68.369
4108698437.499997,-68.37684
4108699374.999997,-68.30264
4108700312.499997,-68.28796
4108701249.999997,-68.19293
4108702187.499997,-68.30796
4108703124.999997,-68.2599
4108704062.499997,-67.89082
4108704999.999997,-68.44746
4108705937.499997,-68.0059
4108706874.999997,-68.84476
4108707812.499997,-68.33029
4108708749.999997,-68.31266
4108709687.499997,-68.5266
4108710624.999997,-68.43781
4108711562.499997,-68.49617
4108712499.999997,-68.13721
4108713437.499997,-68.32553
4108714374.999997,-68.15141
4108715312.499997,-68.71788
4108716249.999997,-68.52755
4108717187.499997,-68.50118
4108718124.999997,-68.55672
4108719062.499997,-67.94617
4108719999.999997,-68.54888
4108720937.499997,-68.4621
4108721874.999997,-68.21136
4108722812.499997,-68.32614
4108723749.999997,-68.80254
4108724687.499997,-67.82173
4108725624.999997,-68.62598
4108726562.499997,-68.48617
4108727499.999997,-68.40932
4108728437.499997,-68.46962
4108729374.999997,-68.38049
4108730312.499997,-68.56876
4108731249.999997,-68.22351
4108732187.499997,-68.67275
4108733124.999997,-68.4083
4108734062.499997,-68.59397
4108734999.999997,-68.26874
4108735937.499997,-68.26809
4108736874.999997,-68.84688
4108737812.499997,-68.31534
4108738749.999997,-68.78889
4108739687.499997,-68.27375
4108740624.999997,-67.9535
4108741562.499997,-68.18175
4108742499.999997,-68.29975
4108743437.499997,-68.00057
4108744374.999997,-68.87708
4108745312.499997,-68.0835
4108746249.999997,-68.44815
4108747187.499997,-68.59359
4108748124.999997,-68.33569
4108749062.499997,-68.42303
4108749999.999997,-68.49761
4108750937.499997,-68.52316
4108751874.999997,-68.04277
4108752812.499997,-68.49224
4108753749.999997,-68.40737
4108754687.499997,-68.07094
4108755624.999997,-68.40777
4108756562.499997,-68.57462
4108757499.999997,-68.49658
4108758437.499997,-68.8268
4108759374.999997,-68.01466
4108760312.499997,-68.8399
4108761249.999997,-68.4337
4108762187.499997,-68.32609
4108763124.999997,-68.42902
4108764062.499997,-68.2859
4108764999.999997,-68.63046
4108765937.499997,-68.33227
4108766874.999997,-68.77978
4108767812.499997,-68.77625
4108768749.999997,-68.47992
4108769687.499997,-69.06187
4108770624.999997,-68.25118
4108771562.499997,-68.58096
4108772499.999997,-68.61954
4108773437.499997,-67.94169
4108774374.999997,-68.2545
4108775312.499997,-68.16067
4108776249.999997,-68.84976
4108777187.499997,-68.24368
4108778124.999997,-68.27439
4108779062.499997,-68.37923
4108779999.999997,-68.16092
4108780937.499997,-68.49506
4108781874.999997,-68.54859
4108782812.499997,-68.10786
4108783749.999997,-67.94401
4108784687.499997,-68.43799
4108785624.999997,-68.02283
4108786562.499997,-68.01604
4108787499.999997,-68.51406
4108788437.499997,-68.1457
4108789374.999997,-67.94333
4108790312.499997,-68.22257
4108791249.999997,-67.96737
4108792187.499997,-68.59893
4108793124.999997,-68.5116
4108794062.499997,-68.96358
4108794999.999997,-68.45074
4108795937.499997,-68.06855
4108796874.999997,-68.4397
4108797812.499997,-68.1635
4108798749.999997,-68.56534
4108799687.499997,-68.31202
4108800624.999997,-68.33504
4108801562.499997,-68.60052
4108802499.999997,-68.38593
4108803437.499997,-68.31702
4108804374.999997,-68.04421
4108805312.499997,-68.47647
4108806249.999997,-68.21476
4108807187.499997,-68.72828
4108808124.999997,-68.53081
4108809062.499997,-68.26362
4108809999.999997,-68.52383
4108810937.499997,-68.30412
4108811874.999997,-68.18688
4108812812.499997,-68.36172
4108813749.999997,-68.38086
4108814687.499997,-68.45161
4108815624.999997,-68.26316
4108816562.499997,-68.312
4108817499.999997,-68.19712
4108818437.499997,-68.72774
4108819374.999997,-68.87111
4108820312.499997,-68.2327
4108821249.999997,-68.09084
4108822187.499997,-68.67596
4108823124.999997,-68.02057
4108824062.499997,-68.1444
4108824999.999997,-67.74759
4108825937.499997,-68.25795
4108826874.999997,-67.9159
4108827812.499997,-68.6539
4108828749.999997,-68.57777
4108829687.499997,-68.30835
4108830624.999997,-68.17307
4108831562.499997,-68.45017
4108832499.999997,-68.57737
4108833437.499997,-68.24023
4108834374.999997,-68.61631
4108835312.499997,-68.1688
4108836249.999997,-67.92685
4108837187.499997,-68.39196
4108838124.999997,-68.92221
4108839062.499997,-67.88004
4108839999.999997,-68.85838
4108840937.499997,-67.81392
4108841874.999997,-68.37657
4108842812.499997,-68.31868
4108843749.999997,-67.6309
4108844687.499997,-67.92042
4108845624.999997,-68.03098
4108846562.499997,-68.64951
4108847499.999997,-68.06213
4108848437.499997,-68.23451
4108849374.999997,-68.60861
4108850312.499997,-68.43316
4108851249.999997,-68.07296
4108852187.499997,-68.12975
4108853124.999997,-68.67272
4108854062.499997,-68.17017
4108854999.999997,-68.02283
4108855937.499997,-67.81416
4108856874.999997,-68.04267
4108857812.499997,-68.1727
4108858749.999997,-68.42812
4108859687.499997,-67.89041
4108860624.999997,-68.23297
4108861562.499997,-68.03858
4108862499.999997,-68.39619
4108863437.499997,-68.51666
4108864374.999997,-67.96723
4108865312.499997,-68.52175
4108866249.999997,-68.32679
4108867187.499997,-67.78553
4108868124.999997,-68.35996
4108869062.499997,-68.34145
4108869999.999997,-68.55343
4108870937.499997,-68.53136
4108871874.999997,-68.38299
4108872812.499997,-68.33975
4108873749.999997,-68.39354
4108874687.499997,-68.42912
4108875624.999997,-68.32173
4108876562.499997,-68.03678
4108877499.999997,-68.3346
4108878437.499997,-68.54877
4108879374.999997,-68.52958
4108880312.499997,-68.52343
4108881249.999997,-68.13385
4108882187.499997,-68.19123
4108883124.999997,-67.67741
4108884062.499997,-68.22527
4108884999.999997,-68.93694
4108885937.499997,-68.3241
4108886874.999997,-67.83541
4108887812.499997,-67.88692
4108888749.999997,-68.4282
4108889687.499997,-68.06115
4108890624.999997,-68.09996
4108891562.499997,-68.57761
4108892499.999997,-67.80193
4108893437.499997,-68.38512
4108894374.999997,-68.4689
4108895312.499997,-68.15613
4108896249.999997,-68.40565
4108897187.499997,-68.25162
4108898124.999997,-68.46226
4108899062.499997,-68.86355
4108899999.999997,-68.43944
4108900937.499997,-68.84392
4108901874.999997,-68.618
4108902812.499997,-68.16841
4108903749.999997,-68.41465
4108904687.499997,-68.56297
4108905624.999997,-68.56463
4108906562.499997,-68.1761
4108907499.999997,-68.27219
4108908437.499997,-68.01849
4108909374.999997,-68.38618
4108910312.499997,-68.25656
4108911249.999997,-68.39509
4108912187.499997,-68.55141
4108913124.999997,-68.16727
4108914062.499997,-68.252
4108914999.999997,-67.82303
4108915937.499997,-68.24297
4108916874.999997,-67.78287
4108917812.499997,-68.59721
4108918749.999997,-67.85252
4108919687.499997,-68.01954
4108920624.999997,-68.33083
4108921562.499997,-68.31836
4108922499.999997,-68.56443
4108923437.499997,-68.59373
4108924374.999997,-68.15696
4108925312.499997,-68.12229
4108926249.999997,-68.53032
4108927187.499997,-68.5687
4108928124.999997,-68.6948
4108929062.499997,-67.89748
4108929999.999997,-68.13632
4108930937.499997,-68.69411
4108931874.999997,-68.41751
4108932812.499997,-68.42728
4108933749.999997,-68.49294
4108934687.499997,-68.26712
4108935624.999997,-68.31023
4108936562.499997,-68.54601
4108937499.999997,-68.28449
4108938437.499997,-68.53364
4108939374.999997,-67.85622
4108940312.499997,-68.46533
4108941249.999997,-68.37936
4108942187.499997,-68.17114
4108943124.999997,-68.08448
4108944062.499997,-68.11572
4108944999.999997,-68.01732
4108945937.499997,-67.99704
4108946874.999997,-68.39443
4108947812.499997,-68.25095
4108948749.999997,-68.16405
4108949687.499997,-67.88741
4108950624.999997,-68.7608
4108951562.499997,-68.28632
4108952499.999997,-68.26958
4108953437.499997,-67.84636
4108954374.999997,-68.47012
4108955312.499997,-67.84402
4108956249.999997,-68.03653
4108957187.499997,-68.29172
4108958124.999997,-68.52396
4108959062.499997,-68.27759
4108959999.999997,-68.14495
4108960937.499997,-68.20289
4108961874.999997,-68.21623
4108962812.499997,-68.12807
4108963749.999997,-68.19145
4108964687.499997,-68.3877
4108965624.999997,-68.51775
4108966562.499997,-67.93977
4108967499.999997,-68.37868
4108968437.499997,-68.1385
4108969374.999997,-68.23666
4108970312.499997,-67.89309
4108971249.999997,-68.22437
4108972187.499997,-67.96025
4108973124.999997,-68.71896
4108974062.499997,-67.88746
4108974999.999997,-68.11662
4108975937.499997,-67.84784
4108976874.999997,-67.92909
4108977812.499997,-68.27061
4108978749.999997,-68.30578
4108979687.499997,-68.35306
4108980624.999997,-68.4001
4108981562.499997,-68.74416
4108982499.999997,-68.3288
4108983437.499997,-67.9457
4108984374.999997,-67.8965
4108985312.499997,-68.04182
4108986249.999997,-68.11588
4108987187.499997,-68.12985
4108988124.999997,-68.38452
4108989062.499997,-68.4508
4108989999.999997,-68.3979
4108990937.499997,-68.59573
4108991874.999997,-67.92821
4108992812.499997,-68.00313
4108993749.999997,-68.45029
4108994687.499997,-68.28339
4108995624.999997,-68.72642
4108996562.499997,-68.40287
4108997499.999997,-68.42848
4108998437.499997,-67.92606
4108999374.999997,-68.16418
4109000312.499997,-68.40172
4109001249.999997,-68.10874
4109002187.499997,-68.26306
4109003124.999997,-68.38147
4109004062.499997,-68.27101
4109004999.999997,-68.07308
4109005937.499997,-67.80994
4109006874.999997,-68.00833
4109007812.499997,-68.3797
4109008749.999997,-68.24009
4109009687.499997,-68.33682
4109010624.999997,-68.10338
4109011562.499997,-68.41908
4109012499.999997,-68.42825
4109013437.499997,-68.76184
4109014374.999997,-68.41598
4109015312.499997,-68.0069
4109016249.999997,-68.30061
4109017187.499997,-68.62041
4109018124.999997,-68.03062
4109019062.499997,-68.27113
4109019999.999997,-68.27229
4109020937.499997,-68.50093
4109021874.999997,-67.41825
4109022812.499997,-68.21682
4109023749.999997,-68.34634
4109024687.499997,-68.11107
4109025624.999997,-68.43029
4109026562.499997,-67.91168
4109027499.999997,-68.08478
4109028437.499997,-67.97355
4109029374.999997,-68.00108
4109030312.499997,-67.7507
4109031249.999997,-68.19245
4109032187.499997,-67.8885
4109033124.999997,-68.37173
4109034062.499997,-68.28566
4109034999.999997,-68.48322
4109035937.499997,-68.1757
4109036874.999997,-68.37041
4109037812.499997,-68.23861
4109038749.999997,-67.76694
4109039687.499997,-68.12588
4109040624.999997,-68.01396
4109041562.499997,-68.2672
4109042499.999997,-67.89372
4109043437.499997,-68.26021
4109044374.999997,-68.32696
4109045312.499997,-68.39812
4109046249.999997,-67.85507
4109047187.499997,-68.15379
4109048124.999997,-68.22784
4109049062.499997,-67.7663
4109049999.999997,-68.11109
4109050937.499997,-68.0966
4109051874.999997,-67.83805
4109052812.499997,-68.2019
4109053749.999997,-68.12659
4109054687.499997,-68.13211
4109055624.999997,-68.3409
4109056562.499997,-68.46361
4109057499.999997,-67.7998
4109058437.499997,-68.36034
4109059374.999997,-67.93972
4109060312.499997,-68.12972
4109061249.999997,-68.14926
4109062187.499997,-67.65231
4109063124.999997,-68.11839
4109064062.499997,-67.5846
4109064999.999997,-67.8371
4109065937.499997,-68.23503
4109066874.999997,-68.17851
4109067812.499997,-68.32824
4109068749.999997,-68.13551
4109069687.499997,-68.04757
4109070624.999997,-68.10352
4109071562.499997,-68.33932
4109072499.999997,-68.10413
4109073437.499997,-68.54037
4109074374.999997,-68.07435
4109075312.499997,-68.118
4109076249.999997,-68.16914
4109077187.499997,-68.12456
4109078124.999997,-68.10982
4109079062.499997,-67.85731
4109079999.999997,-68.03575
4109080937.499997,-68.0711
4109081874.999997,-67.72086
4109082812.499997,-68.33561
4109083749.999997,-68.69279
4109084687.499997,-68.62544
4109085624.999997,-68.39368
4109086562.499997,-68.25565
4109087499.999997,-68.20542
4109088437.499997,-68.02797
4109089374.999997,-68.3614
4109090312.499997,-68.41563
4109091249.999997,-68.26439
4109092187.499997,-68.06873
4109093124.999997,-67.95878
4109094062.499997,-68.09723
4109094999.999997,-68.33521
4109095937.499997,-68.7686
4109096874.999997,-68.06083
4109097812.499997,-68.34698
4109098749.999997,-68.33524
4109099687.499997,-68.37066
4109100624.999997,-68.30566
4109101562.499997,-68.86215
4109102499.999997,-67.65876
4109103437.499997,-68.21185
4109104374.999997,-68.27505
4109105312.499997,-67.78715
4109106249.999997,-68.24333
4109107187.499997,-67.95284
4109108124.999997,-68.3121
4109109062.499997,-68.50481
4109109999.999997,-68.57986
4109110937.499997,-68.16274
4109111874.999997,-68.52579
4109112812.499997,-68.41222
4109113749.999997,-68.11784
4109114687.499997,-67.67159
4109115624.999997,-67.81074
4109116562.499997,-68.20695
4109117499.999997,-68.41647
4109118437.499997,-68.70423
4109119374.999997,-68.2021
4109120312.499997,-68.1626
4109121249.999997,-68.2927
4109122187.499997,-68.02558
4109123124.999997,-68.01875
4109124062.499997,-68.15051
4109124999.999997,-68.23999
4109125937.499997,-68.23461
4109126874.999997,-67.99831
4109127812.499997,-68.14115
4109128749.999997,-68.01989
4109129687.499997,-67.74548
4109130624.999997,-67.95853
4109131562.499997,-68.10975
4109132499.999997,-67.89635
4109133437.499997,-68.58718
4109134374.999997,-68.58058
4109135312.499997,-67.96622
4109136249.999997,-68.30201
4109137187.499997,-67.80457
4109138124.999997,-67.93056
4109139062.499997,-68.17008
4109139999.999997,-67.97042
4109140937.499997,-68.20767
4109141874.999997,-68.05873
4109142812.499997,-68.19945
4109143749.999997,-68.26382
4109144687.499997,-68.17662
4109145624.999997,-68.16035
4109146562.499997,-68.51457
4109147499.999997,-68.18467
4109148437.499997,-68.81577
4109149374.999997,-67.89458
4109150312.499997,-68.52367
4109151249.999997,-67.84741
4109152187.499997,-68.46813
4109153124.999997,-67.73528
4109154062.499997,-68.43322
4109154999.999997,-67.96925
4109155937.499997,-67.97678
4109156874.999997,-68.23069
4109157812.499997,-67.57264
4109158749.999997,-67.84209
4109159687.499997,-68.38518
4109160624.999997,-68.18964
4109161562.499997,-68.39269
4109162499.999997,-68.67788
4109163437.499997,-68.27708
4109164374.999997,-67.95081
4109165312.499997,-68.73315
4109166249.999997,-67.56005
4109167187.499997,-68.1217
4109168124.999997,-68.30978
4109169062.499997,-68.51571
4109169999.999997,-67.62609
4109170937.499997,-67.81805
4109171874.999997,-67.77525
4109172812.499997,-68.02239
4109173749.999997,-68.2469
4109174687.499997,-67.93345
4109175624.999997,-67.5162
4109176562.499997,-68.08372
4109177499.999997,-68.26495
4109178437.499997,-67.75114
4109179374.999997,-68.09806
4109180312.499997,-67.85704
4109181249.999997,-67.89755
4109182187.499997,-68.50775
4109183124.999997,-68.05033
4109184062.499997,-68.053
4109184999.999997,-67.87794
4109185937.499997,-67.88158
4109186874.999997,-68.06055
4109187812.499997,-68.10934
4109188749.999997,-68.22632
4109189687.499997,-67.80972
4109190624.999997,-68.36129
4109191562.499997,-67.92175
4109192499.999997,-68.36594
4109193437.499997,-67.86538
4109194374.999997,-68.41898
4109195312.499997,-67.57314
4109196249.999997,-68.0226
4109197187.499997,-67.88744
4109198124.999997,-68.09478
4109199062.499997,-68.25977
4109199999.999997,-67.91388
4109200937.499997,-68.00259
4109201874.999997,-68.06358
4109202812.499997,-67.95902
4109203749.999997,-68.01411
4109204687.499997,-67.6335
4109205624.999997,-68.07689
4109206562.499997,-67.84647
4109207499.999997,-68.35175
4109208437.499997,-67.65124
4109209374.999997,-68.11175
4109210312.499997,-67.84173
4109211249.999997,-68.26702
4109212187.499997,-67.65977
4109213124.999997,-68.52317
4109214062.499997,-68.23193
4109214999.999997,-68.23093
4109215937.499997,-67.8112
4109216874.999997,-68.10136
4109217812.499997,-67.76035
4109218749.999997,-67.97273
4109219687.499997,-68.39258
4109220624.999997,-67.88488
4109221562.499997,-67.92725
4109222499.999997,-67.88437
4109223437.499997,-68.35458
4109224374.999997,-68.03159
4109225312.499997,-67.54565
4109226249.999997,-67.84941
4109227187.499997,-68.11149
4109228124.999997,-68.34428
4109229062.499997,-67.95583
4109229999.999997,-68.00471
4109230937.499997,-68.24159
4109231874.999997,-68.06342
4109232812.499997,-67.76652
4109233749.999997,-67.80873
4109234687.499997,-67.53298
4109235624.999997,-68.21526
4109236562.499997,-67.76058
4109237499.999997,-68.3241
4109238437.499997,-67.72026
4109239374.999997,-68.31977
4109240312.499997,-67.86987
4109241249.999997,-67.79231
4109242187.499997,-67.29435
4109243124.999997,-67.68649
4109244062.499997,-67.77758
4109244999.999997,-68.41738
4109245937.499997,-67.83938
4109246874.999997,-67.97174
4109247812.499997,-67.8205
4109248749.999997,-68.18909
4109249687.499997,-67.90895
4109250624.999997,-68.36339
4109251562.499997,-68.21164
4109252499.999997,-67.55905
4109253437.499997,-68.3124
4109254374.999997,-67.72447
4109255312.499997,-68.22151
4109256249.999997,-67.64643
4109257187.499997,-68.1748
4109258124.999997,-68.47411
4109259062.499997,-67.82437
4109259999.999997,-68.18325
4109260937.499997,-68.46866
4109261874.999997,-68.51443
4109262812.499997,-67.54482
4109263749.999997,-67.99483
4109264687.499997,-67.90092
4109265624.999997,-67.93413
4109266562.499997,-68.27864
4109267499.999997,-68.10027
4109268437.499997,-67.96056
4109269374.999997,-67.958
4109270312.499997,-67.95237
4109271249.999997,-68.24574
4109272187.499997,-68.54717
4109273124.999997,-68.29092
4109274062.499997,-67.98011
4109274999.999997,-67.87639
4109275937.499997,-67.89858
4109276874.999997,-67.98477
4109277812.499997,-67.9866
4109278749.999997,-68.04462
4109279687.499997,-67.59274
4109280624.999997,-68.40272
4109281562.499997,-68.20708
4109282499.999997,-68.57777
4109283437.499997,-67.60778
4109284374.999997,-68.43825
4109285312.499997,-68.35255
4109286249.999997,-67.48931
4109287187.499997,-67.89275
4109288124.999997,-68.40687
4109289062.499997,-68.03293
4109289999.999997,-67.52013
4109290937.499997,-67.96505
4109291874.999997,-68.01118
4109292812.499997,-68.49506
4109293749.999997,-68.578
4109294687.499997,-68.29916
4109295624.999997,-68.06705
4109296562.499997,-68.02866
4109297499.999997,-68.07911
4109298437.499997,-68.29903
4109299374.999997,-68.10474
4109300312.499997,-68.04664
4109301249.999997,-68.25413
4109302187.499997,-67.91933
4109303124.999997,-67.6655
4109304062.499997,-67.75898
4109304999.999997,-68.03408
4109305937.499997,-68.19682
4109306874.999997,-67.98944
4109307812.499997,-68.04918
4109308749.999997,-67.96028
4109309687.499997,-68.18061
4109310624.999997,-67.8897
4109311562.499997,-67.82262
4109312499.999997,-68.36571
4109313437.499997,-67.95638
4109314374.999997,-67.67566
4109315312.499997,-67.85253
4109316249.999997,-68.30839
4109317187.499997,-68.09718
4109318124.999997,-68.04342
4109319062.499997,-68.21571
4109319999.999997,-67.66877
4109320937.499997,-67.79397
4109321874.999997,-67.62215
4109322812.499997,-67.90561
4109323749.999997,-67.91556
4109324687.499997,-68.1215
4109325624.999997,-67.99818
4109326562.499997,-68.24283
4109327499.999997,-67.90512
4109328437.499997,-67.94363
4109329374.999997,-68.0266
4109330312.499997,-68.2149
4109331249.999997,-67.85485
4109332187.499997,-67.56031
4109333124.999997,-67.43436
4109334062.499997,-67.9881
4109334999.999997,-67.91747
4109335937.499997,-67.37404
4109336874.999997,-68.19285
4109337812.499997,-67.83041
4109338749.999997,-67.53031
4109339687.499997,-67.87886
4109340624.999997,-68.01114
4109341562.499997,-68.00772
4109342499.999997,-67.8913
4109343437.499997,-68.43304
4109344374.999997,-67.75787
4109345312.499997,-68.02905
4109346249.999997,-67.97916
4109347187.499997,-67.93353
4109348124.999997,-67.77522
4109349062.499997,-68.16467
4109349999.999997,-67.84663
4109350937.499997,-67.50742
4109351874.999997,-67.88771
4109352812.499997,-68.26418
4109353749.999997,-68.21352
4109354687.499997,-67.85525
4109355624.999997,-68.00101
4109356562.499997,-67.94694
4109357499.999997,-67.81296
4109358437.499997,-67.79755
4109359374.999997,-68.3712
4109360312.499997,-67.90745
4109361249.999997,-67.82339
4109362187.499997,-67.88233
4109363124.999997,-68.04684
4109364062.499997,-67.69587
4109364999.999997,-68.00395
4109365937.499997,-68.32188
4109366874.999997,-67.56144
4109367812.499997,-67.6595
4109368749.999997,-68.1946
4109369687.499997,-67.41414
4109370624.999997,-67.78077
4109371562.499997,-68.2705
4109372499.999997,-68.64255
4109373437.499997,-67.93243
4109374374.999997,-67.42168
4109375312.499997,-68.32325
4109376249.999997,-67.93183
4109377187.499997,-68.15925
4109378124.999997,-67.77588
4109379062.499997,-67.72605
4109379999.999997,-68.01141
4109380937.499997,-68.34245
4109381874.999997,-67.85603
4109382812.499997,-67.89223
4109383749.999997,-67.70541
4109384687.499997,-68.35937
4109385624.999997,-68.01898
4109386562.499997,-68.05805
4109387499.999997,-68.06736
4109388437.499997,-67.82246
4109389374.999997,-68.01932
4109390312.499997,-67.813
4109391249.999997,-68.16236
4109392187.499997,-68.30646
4109393124.999997,-68.17245
4109394062.499997,-67.98564
4109394999.999997,-67.6367
4109395937.499997,-67.90652
4109396874.999997,-68.23025
4109397812.499997,-67.95209
4109398749.999997,-67.83965
4109399687.499997,-67.95877
4109400624.999997,-67.73932
4109401562.499997,-67.67384
4109402499.999997,-68.14774
4109403437.499997,-68.17129
4109404374.999997,-68.22897
4109405312.499997,-67.95502
4109406249.999997,-67.83849
4109407187.499997,-67.73874
4109408124.999997,-67.69992
4109409062.499997,-67.67976
4109409999.999997,-68.3414
4109410937.499997,-67.86131
4109411874.999997,-68.09681
4109412812.499997,-67.60138
4109413749.999997,-67.76006
4109414687.499997,-68.10164
4109415624.999997,-67.77689
4109416562.499997,-68.05521
4109417499.999997,-67.73183
4109418437.499997,-68.17056
4109419374.999997,-68.04313
4109420312.499997,-68.07999
4109421249.999997,-67.95512
4109422187.499997,-67.49123
4109423124.999997,-67.84184
4109424062.499997,-67.95972
4109424999.999997,-67.84532
4109425937.499997,-67.98481
4109426874.999997,-67.9743
4109427812.499997,-67.56431
4109428749.999997,-67.86927
4109429687.499997,-68.05603
4109430624.999997,-68.25483
4109431562.499997,-67.82308
4109432499.999997,-67.82625
4109433437.499997,-67.91013
4109434374.999997,-67.69202
4109435312.499997,-67.97812
4109436249.999997,-67.84548
4109437187.499997,-68.01385
4109438124.999997,-67.59629
4109439062.499997,-68.45309
4109439999.999997,-67.54205
4109440937.499997,-68.01949
4109441874.999997,-67.87146
4109442812.499997,-68.08376
4109443749.999997,-67.87191
4109444687.499997,-67.56566
4109445624.999997,-68.22813
4109446562.499997,-67.83081
4109447499.999997,-68.04594
4109448437.499997,-67.9417
4109449374.999997,-67.73785
4109450312.499997,-68.13515
4109451249.999997,-68.3387
4109452187.499997,-68.03902
4109453124.999997,-67.6953
4109454062.499997,-68.11559
4109454999.999997,-67.5863
4109455937.499997,-68.33091
4109456874.999997,-67.62547
4109457812.499997,-67.7577
4109458749.999997,-68.15596
4109459687.499997,-68.09376
4109460624.999997,-67.60679
4109461562.499997,-67.71673
4109462499.999997,-68.30697
4109463437.499997,-67.59878
4109464374.999997,-67.88672
4109465312.499997,-67.67371
4109466249.999997,-68.01199
4109467187.499997,-67.91689
4109468124.999997,-68.02763
4109469062.499997,-67.65503
4109469999.999997,-67.90346
4109470937.499997,-67.81425
4109471874.999997,-67.93981
4109472812.499997,-68.35696
4109473749.999997,-67.9213
4109474687.499997,-68.27709
4109475624.999997,-67.86846
4109476562.499997,-67.88399
4109477499.999997,-67.95204
4109478437.499997,-68.12255
4109479374.999997,-68.06747
4109480312.499997,-67.86284
4109481249.999997,-68.28404
4109482187.499997,-68.12556
4109483124.999997,-67.76158
4109484062.499997,-67.86136
4109484999.999997,-68.33375
4109485937.499997,-67.63394
4109486874.999997,-67.99579
4109487812.499997,-67.77355
4109488749.999997,-68.3851
4109489687.499997,-67.55158
4109490624.999997,-67.82281
4109491562.499997,-67.80882
4109492499.999997,-68.49648
4109493437.499997,-67.89399
4109494374.999997,-68.3905
4109495312.499997,-68.10745
4109496249.999997,-67.95247
4109497187.499997,-67.66746
4109498124.999997,-67.69218
4109499062.499997,-68.07111
4109499999.999997,-67.39142
4109500937.499997,-68.06556
4109501874.999997,-67.77715
4109502812.499997,-68.17218
4109503749.999997,-67.79518
4109504687.499997,-67.70805
4109505624.999997,-67.96517
4109506562.499997,-67.93027
4109507499.999997,-67.59852
4109508437.499997,-67.97784
4109509374.999997,-67.65075
4109510312.499997,-67.94537
4109511249.999997,-67.84272
4109512187.499997,-67.99427
4109513124.999997,-67.79572
4109514062.499997,-67.99448
4109514999.999997,-68.136
4109515937.499997,-67.74232
4109516874.999997,-67.78755
4109517812.499997,-67.91548
4109518749.999997,-67.54643
4109519687.499997,-67.76744
4109520624.999997,-67.9491
4109521562.499997,-67.98055
4109522499.999997,-68.08473
4109523437.499997,-67.96863
4109524374.999997,-67.79974
4109525312.499997,-67.77986
4109526249.999997,-67.69974
4109527187.499997,-67.92229
4109528124.999997,-67.69557
4109529062.499997,-67.81026
4109529999.999997,-67.81709
4109530937.499997,-67.72906
4109531874.999997,-67.65971
4109532812.499997,-67.86492
4109533749.999997,-67.80656
4109534687.499997,-67.80803
4109535624.999997,-67.94593
4109536562.499997,-68.11446
4109537499.999997,-68.31899
4109538437.499997,-67.90095
4109539374.999997,-67.88966
4109540312.499997,-67.41053
4109541249.999997,-67.67993
4109542187.499997,-68.16426
4109543124.999997,-67.571
4109544062.499997,-67.96294
4109544999.999997,-67.55827
4109545937.499997,-67.9751
4109546874.999997,-67.59939
4109547812.499997,-67.64256
4109548749.999997,-68.09452
4109549687.499997,-68.06895
4109550624.999997,-67.60705
4109551562.499997,-68.01132
4109552499.999997,-67.90504
4109553437.499997,-67.63262
4109554374.999997,-67.95969
4109555312.499997,-68.18373
4109556249.999997,-67.56508
4109557187.499997,-67.75626
4109558124.999997,-67.91389
4109559062.499997,-67.6562
4109559999.999997,-68.00081
4109560937.499997,-67.59222
4109561874.999997,-67.75666
4109562812.499997,-67.83587
4109563749.999997,-67.77732
4109564687.499997,-67.43742
4109565624.999997,-67.50295
4109566562.499997,-67.54968
4109567499.999997,-67.48707
4109568437.499997,-68.23565
4109569374.999997,-67.78696
4109570312.499997,-67.51689
4109571249.999997,-67.53199
4109572187.499997,-67.59892
4109573124.999997,-67.84722
4109574062.499997,-67.65919
4109574999.999997,-67.5291
4109575937.499997,-67.86159
4109576874.999997,-67.6684
4109577812.499997,-67.29396
4109578749.999997,-68.16796
4109579687.499997,-67.79305
4109580624.999997,-67.5507
4109581562.499997,-67.79141
4109582499.999997,-67.82018
4109583437.499997,-67.54667
4109584374.999997,-67.9243
4109585312.499997,-67.89717
4109586249.999997,-67.85167
4109587187.499997,-68.09061
4109588124.999997,-67.80578
4109589062.499997,-67.87891
4109589999.999997,-67.88169
4109590937.499997,-68.26241
4109591874.999997,-67.73092
4109592812.499997,-67.6824
4109593749.999997,-67.31789
4109594687.499997,-68.07389
4109595624.999997,-68.30323
4109596562.499997,-67.9676
4109597499.999997,-68.15348
4109598437.499997,-67.447
4109599374.999997,-67.63925
4109600312.499997,-67.54852
4109601249.999997,-67.85754
4109602187.499997,-67.77738
4109603124.999997,-68.00182
4109604062.499997,-67.65585
4109604999.999997,-67.69263
4109605937.499997,-67.91492
4109606874.999997,-67.71186
4109607812.499997,-67.77732
4109608749.999997,-68.10307
4109609687.499997,-67.62916
4109610624.999997,-67.59473
4109611562.499997,-67.6559
4109612499.999997,-67.81263
4109613437.499997,-67.82027
4109614374.999997,-68.02123
4109615312.499997,-67.83093
4109616249.999997,-67.44257
4109617187.499997,-68.02637
4109618124.999997,-68.07883
4109619062.499997,-68.00976
4109619999.999997,-67.71027
4109620937.499997,-68.31413
4109621874.999997,-67.82735
4109622812.499997,-67.76001
4109623749.999997,-68.03728
4109624687.499997,-67.919
4109625624.999997,-67.96226
4109626562.499997,-67.88356
4109627499.999997,-67.78702
4109628437.499997,-67.80065
4109629374.999997,-67.46078
4109630312.499997,-67.55421
4109631249.999997,-67.56199
4109632187.499997,-67.95998
4109633124.999997,-68.16292
4109634062.499997,-67.93031
4109634999.999997,-67.80631
4109635937.499997,-67.68218
4109636874.999997,-67.77409
4109637812.499997,-67.50391
4109638749.999997,-67.88888
4109639687.499997,-67.52794
4109640624.999997,-67.5917
4109641562.499997,-67.66904
4109642499.999997,-67.99033
4109643437.499997,-67.88129
4109644374.999997,-67.42779
4109645312.499997,-67.37601
4109646249.999997,-67.82603
4109647187.499997,-67.61758
4109648124.999997,-67.45794
4109649062.499997,-67.33868
4109649999.999997,-68.00008
4109650937.499997,-67.25475
4109651874.999997,-67.17643
4109652812.499997,-67.68814
4109653749.999997,-67.97794
4109654687.499997,-67.853
4109655624.999997,-67.88026
4109656562.499997,-67.95043
4109657499.999997,-67.505
4109658437.499997,-68.02645
4109659374.999997,-67.7871
4109660312.499997,-67.49148
4109661249.999997,-68.09201
4109662187.499997,-67.93948
4109663124.999997,-68.19691
4109664062.499997,-68.12378
4109664999.999997,-67.87615
4109665937.499997,-67.73553
4109666874.999997,-67.88676
4109667812.499997,-67.83646
4109668749.999997,-67.65755
4109669687.499997,-67.4186
4109670624.999997,-67.4124
4109671562.499997,-67.80379
4109672499.999997,-67.87103
4109673437.499997,-67.86301
4109674374.999997,-67.5681
4109675312.499997,-67.59433
4109676249.999997,-67.76804
4109677187.499997,-67.83212
4109678124.999997,-67.66695
4109679062.499997,-67.96381
4109679999.999997,-67.1941
4109680937.499997,-67.75948
4109681874.999997,-67.84573
4109682812.499997,-67.51398
4109683749.999997,-67.65222
4109684687.499997,-67.87299
4109685624.999997,-67.78556
4109686562.499997,-67.89942
4109687499.999997,-67.33974
4109688437.499997,-67.59674
4109689374.999997,-67.96384
4109690312.499997,-67.62026
4109691249.999997,-67.94361
4109692187.499997,-67.77226
4109693124.999997,-67.89577
4109694062.499997,-68.30196
4109694999.999997,-68.53341
4109695937.499997,-68.15843
4109696874.999997,-67.67782
4109697812.499997,-67.48627
4109698749.999997,-67.75816
4109699687.499997,-68.04836
4109700624.999997,-67.68378
4109701562.499997,-67.70615
4109702499.999997,-67.79994
4109703437.499997,-67.8417
4109704374.999997,-67.77663
4109705312.499997,-68.00304
4109706249.999997,-67.5813
4109707187.499997,-67.74521
4109708124.999997,-67.93474
4109709062.499997,-67.97922
4109709999.999997,-67.89424
4109710937.499997,-67.83902
4109711874.999997,-67.6139
4109712812.499997,-67.68452
4109713749.999997,-67.54581
4109714687.499997,-67.84883
4109715624.999997,-67.86781
4109716562.499997,-67.88885
4109717499.999997,-67.9131
4109718437.499997,-68.02753
4109719374.999997,-68.12019
4109720312.499997,-67.49371
4109721249.999997,-67.76583
4109722187.499997,-67.57432
4109723124.999997,-67.71055
4109724062.499997,-67.83442
4109724999.999997,-67.43683
4109725937.499997,-67.74878
4109726874.999997,-67.66981
4109727812.499997,-68.01615
4109728749.999997,-67.83321
4109729687.499997,-67.53273
4109730624.999997,-68.17174
4109731562.499997,-67.95696
4109732499.999997,-67.75259
4109733437.499997,-67.4016
4109734374.999997,-67.80245
4109735312.499997,-67.95802
4109736249.999997,-67.64612
4109737187.499997,-67.85906
4109738124.999997,-67.70029
4109739062.499997,-67.67538
4109739999.999997,-67.47538
4109740937.499997,-68.10108
4109741874.999997,-67.59722
4109742812.499997,-67.97736
4109743749.999997,-67.6278
4109744687.499997,-67.75528
4109745624.999997,-68.07614
4109746562.499997,-67.98156
4109747499.999997,-67.74853
4109748437.499997,-67.95277
4109749374.999997,-67.80359
4109750312.499997,-67.46133
4109751249.999997,-67.94431
4109752187.499997,-67.81424
4109753124.999997,-67.26761
4109754062.499997,-67.9085
4109754999.999997,-67.63529
4109755937.499997,-67.45222
4109756874.999997,-68.01422
4109757812.499997,-67.85416
4109758749.999997,-68.09755
4109759687.499997,-67.84136
4109760624.999997,-67.60897
4109761562.499997,-67.85368
4109762499.999997,-67.84504
4109763437.499997,-67.74243
4109764374.999997,-67.55332
4109765312.499997,-67.07246
4109766249.999997,-67.41279
4109767187.499997,-67.85989
4109768124.999997,-67.51392
4109769062.499997,-67.68224
4109769999.999997,-68.1189
4109770937.499997,-67.70801
4109771874.999997,-67.66069
4109772812.499997,-67.46078
4109773749.999997,-68.12592
4109774687.499997,-67.96233
4109775624.999997,-67.88662
4109776562.499997,-68.00078
4109777499.999997,-67.58858
4109778437.499997,-67.92093
4109779374.999997,-67.93901
4109780312.499997,-67.58714
4109781249.999997,-68.03237
4109782187.499997,-67.40992
4109783124.999997,-67.6646
4109784062.499997,-67.70306
4109784999.999997,-67.74146
4109785937.499997,-67.51405
4109786874.999997,-67.80444
4109787812.499997,-67.56667
4109788749.999997,-67.52849
4109789687.499997,-67.62916
4109790624.999997,-67.74643
4109791562.499997,-68.20998
4109792499.999997,-67.9744
4109793437.499997,-67.64275
4109794374.999997,-67.64232
4109795312.499997,-67.7134
4109796249.999997,-67.59565
4109797187.499997,-68.0036
4109798124.999997,-67.90173
4109799062.499997,-67.43077
4109799999.999997,-67.98639
4109800937.499997,-67.86316
4109801874.999997,-67.61546
4109802812.499997,-67.61636
4109803749.999997,-67.68754
4109804687.499997,-67.52007
4109805624.999997,-67.68199
4109806562.499997,-67.61507
4109807499.999997,-68.02262
4109808437.499997,-67.65691
4109809374.999997,-67.43737
4109810312.499997,-67.9258
4109811249.999997,-67.83741
4109812187.499997,-67.62679
4109813124.999997,-67.29105
4109814062.499997,-68.10435
4109814999.999997,-68.15611
4109815937.499997,-67.34824
4109816874.999997,-67.73728
4109817812.499997,-67.87692
4109818749.999997,-67.74857
4109819687.499997,-68.18216
4109820624.999997,-67.36449
4109821562.499997,-67.87498
4109822499.999997,-67.89008
4109823437.499997,-67.49383
4109824374.999997,-67.73733
4109825312.499997,-67.71735
4109826249.999997,-67.70393
4109827187.499997,-67.4882
4109828124.999997,-67.53945
4109829062.499997,-67.17205
4109829999.999997,-67.57946
4109830937.499997,-67.83918
4109831874.999997,-67.77686
4109832812.499997,-67.56831
4109833749.999997,-67.60081
4109834687.499997,-68.16193
4109835624.999997,-67.94031
4109836562.499997,-67.75552
4109837499.999997,-67.60217
4109838437.499997,-67.28726
4109839374.999997,-67.95195
4109840312.499997,-67.45129
4109841249.999997,-67.648
4109842187.499997,-67.91904
4109843124.999997,-68.03643
4109844062.499997,-67.43941
4109844999.999997,-67.48624
4109845937.499997,-67.93225
4109846874.999997,-67.71018
4109847812.499997,-67.64861
4109848749.999997,-67.47007
4109849687.499997,-67.86292
4109850624.999997,-67.75745
4109851562.499997,-67.46272
4109852499.999997,-67.88451
4109853437.499997,-68.11304
4109854374.999997,-67.64848
4109855312.499997,-67.91034
4109856249.999997,-67.80856
4109857187.499997,-67.75906
4109858124.999997,-67.90955
4109859062.499997,-67.83006
4109859999.999997,-67.70206
4109860937.499997,-67.58192
4109861874.999997,-67.25757
4109862812.499997,-67.69456
4109863749.999997,-67.51556
4109864687.499997,-67.39037
4109865624.999997,-67.88025
4109866562.499997,-68.1414
4109867499.999997,-68.01899
4109868437.499997,-67.40881
4109869374.999997,-67.86543
4109870312.499997,-67.92097
4109871249.999997,-67.779
4109872187.499997,-67.59296
4109873124.999997,-67.82764
4109874062.499997,-67.56318
4109874999.999997,-67.18039
4109875937.499997,-67.62328
4109876874.999997,-68.06004
4109877812.499997,-67.39778
4109878749.999997,-67.94513
4109879687.499997,-67.71951
4109880624.999997,-67.88438
4109881562.499997,-67.89912
4109882499.999997,-67.16016
4109883437.499997,-67.02583
4109884374.999997,-67.72511
4109885312.499997,-67.60374
4109886249.999997,-67.52466
4109887187.499997,-67.40969
4109888124.999997,-67.14355
4109889062.499997,-67.41136
4109889999.999997,-67.44334
4109890937.499997,-67.73516
4109891874.999997,-67.38817
4109892812.499997,-67.43712
4109893749.999997,-67.48321
4109894687.499997,-67.68603
4109895624.999997,-67.29242
4109896562.499997,-67.20443
4109897499.999997,-67.48626
4109898437.499997,-67.68255
4109899374.999997,-67.84266
4109900312.499997,-68.04377
4109901249.999997,-67.78221
4109902187.499997,-67.24429
4109903124.999997,-67.241
4109904062.499997,-67.44705
4109904999.999997,-67.63164
4109905937.499997,-67.72179
4109906874.999997,-67.89015
4109907812.499997,-67.89272
4109908749.999997,-67.96852
4109909687.499997,-67.03917
4109910624.999997,-67.59486
4109911562.499997,-67.29128
4109912499.999997,-67.4305
4109913437.499997,-67.49369
4109914374.999997,-67.40462
4109915312.499997,-67.25956
4109916249.999997,-67.53889
4109917187.499997,-67.70018
4109918124.999997,-67.82288
4109919062.499997,-67.66186
4109919999.999997,-67.72686
4109920937.499997,-67.60487
4109921874.999997,-67.89454
4109922812.499997,-67.50935
4109923749.999997,-67.66738
4109924687.499997,-67.55728
4109925624.999997,-67.3791
4109926562.499997,-67.85905
4109927499.999997,-67.47162
4109928437.499997,-67.72231
4109929374.999997,-67.50495
4109930312.499997,-67.44078
4109931249.999997,-67.97132
4109932187.499997,-67.34573
4109933124.999997,-67.82398
4109934062.499997,-67.84904
4109934999.999997,-67.65424
4109935937.499997,-67.52469
4109936874.999997,-67.70444
4109937812.499997,-68.15106
4109938749.999997,-67.61558
4109939687.499997,-67.6003
4109940624.999997,-67.67366
4109941562.499997,-67.5903
4109942499.999997,-67.6229
4109943437.499997,-67.56373
4109944374.999997,-67.30603
4109945312.499997,-67.60232
4109946249.999997,-67.67538
4109947187.499997,-67.37724
4109948124.999997,-67.66081
4109949062.499997,-67.86151
4109949999.999997,-67.45123
4109950937.499997,-67.5202
4109951874.999997,-67.72968
4109952812.499997,-67.48895
4109953749.999997,-67.48029
4109954687.499997,-67.21796
4109955624.999997,-67.59981
4109956562.499997,-67.65842
4109957499.999997,-67.43054
4109958437.499997,-67.67251
4109959374.999997,-67.26741
4109960312.499997,-67.89475
4109961249.999997,-67.93262
4109962187.499997,-67.9305
4109963124.999997,-67.35672
4109964062.499997,-67.31935
4109964999.999997,-67.63809
4109965937.499997,-67.49963
4109966874.999997,-67.54098
4109967812.499997,-67.1084
4109968749.999997,-67.47941
4109969687.499997,-67.3662
4109970624.999997,-67.49388
4109971562.499997,-67.62007
4109972499.999997,-67.60375
4109973437.499997,-67.34335
4109974374.999997,-67.63824
4109975312.499997,-67.6182
4109976249.999997,-67.72692
4109977187.499997,-67.68303
4109978124.999997,-67.91149
4109979062.499997,-67.6438
4109979999.999997,-67.95844
4109980937.499997,-68.09552
4109981874.999997,-66.96912
4109982812.499997,-67.60297
4109983749.999997,-67.84313
4109984687.499997,-67.48051
4109985624.999997,-67.10402
4109986562.499997,-68.20736
4109987499.999997,-67.49151
4109988437.499997,-67.71481
4109989374.999997,-67.40405
4109990312.499997,-67.48524
4109991249.999997,-67.41992
4109992187.499997,-67.22149
4109993124.999997,-67.65511
4109994062.499997,-67.50669
4109994999.999997,-67.6235
4109995937.499997,-67.13615
4109996874.999997,-67.86183
4109997812.499997,-67.64443
4109998749.999997,-67.10954
4109999687.499997,-67.70348
4110000624.999997,-67.73544
4110001562.499997,-67.47218
4110002499.999997,-67.25342
4110003437.499997,-68.04301
4110004374.999997,-67.35133
4110005312.499997,-67.51595
4110006249.999997,-67.3058
4110007187.499997,-67.56606
4110008124.999997,-67.93208
4110009062.499997,-67.63921
4110009999.999997,-67.51896
4110010937.499997,-67.8662
4110011874.999997,-67.78895
4110012812.499997,-67.76283
4110013749.999997,-67.49207
4110014687.499997,-67.36829
4110015624.999997,-67.69039
4110016562.499997,-67.39702
4110017499.999997,-67.36569
4110018437.499997,-67.60843
4110019374.999997,-67.69608
4110020312.499997,-67.57893
4110021249.999997,-68.10695
4110022187.499997,-67.66772
4110023124.999997,-67.69743
4110024062.499997,-67.30096
4110024999.999997,-67.39072
4110025937.499997,-67.66958
4110026874.999997,-67.37303
4110027812.499997,-67.80923
4110028749.999997,-67.72549
4110029687.499997,-67.26257
4110030624.999997,-67.65617
4110031562.499997,-67.46954
4110032499.999997,-67.70345
4110033437.499997,-67.02961
4110034374.999997,-67.97161
4110035312.499997,-67.74447
4110036249.999997,-67.80124
4110037187.499997,-68.00556
4110038124.999997,-67.78606
4110039062.499997,-67.70655
4110039999.999997,-67.56232
4110040937.499997,-67.39558
4110041874.999997,-67.68819
4110042812.499997,-67.44604
4110043749.999997,-67.38209
4110044687.499997,-67.66912
4110045624.999997,-67.30676
4110046562.499997,-67.43052
4110047499.999997,-67.86501
4110048437.499997,-67.53732
4110049374.999997,-67.44234
4110050312.499997,-67.41979
4110051249.999997,-67.69669
4110052187.499997,-67.72851
4110053124.999997,-67.54461
4110054062.499997,-67.4836
4110054999.999997,-67.77578
4110055937.499997,-67.66683
4110056874.999997,-67.78518
4110057812.499997,-67.15871
4110058749.999997,-67.33618
4110059687.499997,-67.77744
4110060624.999997,-67.66393
4110061562.499997,-67.33155
4110062499.999997,-67.439
4110063437.499997,-67.43629
4110064374.999997,-67.52296
4110065312.499997,-67.70417
4110066249.999997,-67.85933
4110067187.499997,-67.21459
4110068124.999997,-67.46324
4110069062.499997,-67.43822
4110069999.999997,-67.18393
4110070937.499997,-67.76843
4110071874.999997,-67.27879
4110072812.499997,-67.47044
4110073749.999997,-67.46365
4110074687.499997,-67.72443
4110075624.999997,-67.63785
4110076562.499997,-67.60706
4110077499.999997,-67.46294
4110078437.499997,-67.79495
4110079374.999997,-67.70791
4110080312.499997,-67.50506
4110081249.999997,-67.8764
4110082187.499997,-67.78277
4110083124.999997,-67.51778
4110084062.499997,-67.63708
4110084999.999997,-67.69145
4110085937.499997,-67.35105
4110086874.999997,-67.58868
4110087812.499997,-67.38323
4110088749.999997,-66.82651
4110089687.499997,-67.49195
4110090624.999997,-67.12358
4110091562.499997,-67.39436
4110092499.999997,-67.50513
4110093437.499997,-67.48794
4110094374.999997,-67.62875
4110095312.499997,-67.22034
4110096249.999997,-67.23988
4110097187.499997,-67.31318
4110098124.999997,-67.36648
4110099062.499997,-67.47014
4110099999.999997,-67.7039
4110100937.499997,-67.34983
4110101874.999997,-67.36217
4110102812.499997,-67.88874
4110103749.999997,-67.49476
4110104687.499997,-67.44614
4110105624.999997,-67.24838
4110106562.499997,-67.79136
4110107499.999997,-67.52173
4110108437.499997,-67.62626
4110109374.999997,-67.49677
4110110312.499997,-67.21471
4110111249.999997,-67.01813
4110112187.499997,-67.60654
4110113124.999997,-67.23145
4110114062.499997,-67.218
4110114999.999997,-67.27872
4110115937.499997,-67.25549
4110116874.999997,-67.16561
4110117812.499997,-67.71262
4110118749.999997,-67.69053
4110119687.499997,-67.51711
4110120624.999997,-67.31826
4110121562.499997,-67.14171
4110122499.999997,-67.03767
4110123437.499997,-67.36189
4110124374.999997,-67.5324
4110125312.499997,-67.77039
4110126249.999997,-67.11772
4110127187.499997,-67.2844
4110128124.999997,-67.55327
4110129062.499997,-67.88174
4110129999.999997,-67.80011
4110130937.499997,-67.4185
4110131874.999997,-67.7584
4110132812.499997,-67.54689
4110133749.999997,-67.22015
4110134687.499997,-67.18878
4110135624.999997,-67.41901
4110136562.499997,-67.47376
4110137499.999997,-67.35722
4110138437.499997,-67.10066
4110139374.999997,-67.39565
4110140312.499997,-67.55239
4110141249.999997,-67.58246
4110142187.499997,-67.15987
4110143124.999997,-67.39309
4110144062.499997,-67.6787
4110144999.999997,-67.46024
4110145937.499997,-67.21024
4110146874.999997,-67.65281
4110147812.499997,-67.17498
4110148749.999997,-67.13156
4110149687.499997,-67.25888
4110150624.999997,-67.08917
4110151562.499997,-67.30992
4110152499.999997,-67.19878
4110153437.499997,-66.98584
4110154374.999997,-67.41281
4110155312.499997,-67.69723
4110156249.999997,-67.45535
4110157187.499997,-67.70158
4110158124.999997,-67.10564
4110159062.499997,-67.46008
4110159999.999997,-67.33591
4110160937.499997,-67.68578
4110161874.999997,-67.38796
4110162812.499997,-67.38805
4110163749.999997,-67.4617
4110164687.499997,-67.39421
4110165624.999997,-67.58299
4110166562.499997,-67.26359
4110167499.999997,-67.29153
4110168437.499997,-67.47315
4110169374.999997,-67.19187
4110170312.499997,-67.51607
4110171249.999997,-67.49873
4110172187.499997,-66.92126
4110173124.999997,-67.53221
4110174062.499997,-67.67468
4110174999.999997,-67.54033
4110175937.499997,-67.18436
4110176874.999997,-67.549
4110177812.499997,-67.20744
4110178749.999997,-67.39668
4110179687.499997,-67.04935
4110180624.999997,-66.91422
4110181562.499997,-67.53057
4110182499.999997,-67.52108
4110183437.499997,-67.36035
4110184374.999997,-67.77021
4110185312.499997,-67.17316
4110186249.999997,-67.35687
4110187187.499997,-67.39249
4110188124.999997,-67.37238
4110189062.499997,-67.47057
4110189999.999997,-67.37804
4110190937.499997,-67.43523
4110191874.999997,-67.45664
4110192812.499997,-67.60784
4110193749.999997,-67.32478
4110194687.499997,-67.2943
4110195624.999997,-66.98874
4110196562.499997,-67.76926
4110197499.999997,-67.31832
4110198437.499997,-67.28161
4110199374.999997,-67.61967
4110200312.499997,-67.40126
4110201249.999997,-67.2347
4110202187.499997,-67.54179
4110203124.999997,-67.17304
4110204062.499997,-67.15881
4110204999.999997,-67.2583
4110205937.499997,-67.11517
4110206874.999997,-67.36536
4110207812.499997,-66.96442
4110208749.999997,-67.18598
4110209687.499997,-67.4896
4110210624.999997,-67.22792
4110211562.499997,-67.19403
4110212499.999997,-67.55775
4110213437.499997,-67.59843
4110214374.999997,-67.31511
4110215312.499997,-67.55997
4110216249.999997,-67.82589
4110217187.499997,-67.51378
4110218124.999997,-67.39645
4110219062.499997,-67.45265
4110219999.999997,-67.56907
4110220937.499997,-67.62899
4110221874.999997,-66.98451
4110222812.499997,-67.58298
4110223749.999997,-67.49582
4110224687.499997,-67.58913
4110225624.999997,-67.27505
4110226562.499997,-67.3665
4110227499.999997,-67.20321
4110228437.499997,-67.87984
4110229374.999997,-68.04504
4110230312.499997,-67.02292
4110231249.999997,-67.65853
4110232187.499997,-67.74082
4110233124.999997,-67.33045
4110234062.499997,-67.27715
4110234999.999997,-66.85029
4110235937.499997,-66.90251
4110236874.999997,-67.32479
4110237812.499997,-67.61612
4110238749.999997,-67.73473
4110239687.499997,-67.31255
4110240624.999997,-67.49788
4110241562.499997,-67.49897
4110242499.999997,-67.35661
4110243437.499997,-67.51495
4110244374.999997,-67.3975
4110245312.499997,-67.66296
4110246249.999997,-67.35289
4110247187.499997,-67.46609
4110248124.999997,-67.19823
4110249062.499997,-67.56321
4110249999.999997,-67.14538
4110250937.499997,-66.84212
4110251874.999997,-67.34064
4110252812.499997,-67.37292
4110253749.999997,-67.31789
4110254687.499997,-67.50909
4110255624.999997,-67.42764
4110256562.499997,-67.39098
4110257499.999997,-67.27782
4110258437.499997,-67.2997
4110259374.999997,-67.4166
4110260312.499997,-67.75914
4110261249.999997,-67.57026
4110262187.499997,-67.12221
4110263124.999997,-67.76647
4110264062.499997,-67.23212
4110264999.999997,-66.80272
4110265937.499997,-67.05415
4110266874.999997,-67.4129
4110267812.499997,-67.44762
4110268749.999997,-67.22214
4110269687.499997,-67.5611
4110270624.999997,-67.61459
4110271562.499997,-67.71584
4110272499.999997,-67.23078
4110273437.499997,-67.32469
4110274374.999997,-67.47962
4110275312.499997,-67.28606
4110276249.999997,-67.50675
4110277187.499997,-67.40697
4110278124.999997,-67.35828
4110279062.499997,-67.53503
4110279999.999997,-67.29601
4110280937.499997,-67.87107
4110281874.999997,-67.67446
4110282812.499997,-67.22296
4110283749.999997,-67.05701
4110284687.499997,-67.11661
4110285624.999997,-67.12498
4110286562.499997,-67.00736
4110287499.999997,-67.10538
4110288437.499997,-67.44945
4110289374.999997,-67.10155
4110290312.499997,-67.00264
4110291249.999997,-67.3046
4110292187.499997,-67.42899
4110293124.999997,-67.15573
4110294062.499997,-67.1565
4110294999.999997,-67.0621
4110295937.499997,-66.80817
4110296874.999997,-67.25776
4110297812.499997,-67.23314
4110298749.999997,-67.25493
4110299687.499997,-67.60326
4110300624.999997,-67.22598
4110301562.499997,-67.12846
4110302499.999997,-67.26601
4110303437.499997,-67.27679
4110304374.999997,-67.49183
4110305312.499997,-67.42188
4110306249.999997,-67.16715
4110307187.499997,-67.28442
4110308124.999997,-67.07238
4110309062.499997,-67.20457
4110309999.999997,-67.82967
4110310937.499997,-67.17081
4110311874.999997,-67.42437
4110312812.499997,-67.07823
4110313749.999997,-67.38103
4110314687.499997,-67.33119
4110315624.999997,-67.24995
4110316562.499997,-67.19958
4110317499.999997,-67.37291
4110318437.499997,-67.16147
4110319374.999997,-67.32449
4110320312.499997,-67.31155
4110321249.999997,-67.42377
4110322187.499997,-67.51125
4110323124.999997,-67.50662
4110324062.499997,-67.39555
4110324999.999997,-67.2239
4110325937.499997,-67.51237
4110326874.999997,-67.2624
4110327812.499997,-67.46349
4110328749.999997,-67.01824
4110329687.499997,-67.39541
4110330624.999997,-67.10332
4110331562.499997,-67.60886
4110332499.999997,-67.52785
4110333437.499997,-67.37538
4110334374.999997,-67.2348
4110335312.499997,-67.73191
4110336249.999997,-67.12143
4110337187.499997,-67.30051
4110338124.999997,-67.06322
4110339062.499997,-67.38165
4110339999.999997,-67.13886
4110340937.499997,-67.52586
4110341874.999997,-67.27433
4110342812.499997,-66.93467
4110343749.999997,-67.59562
4110344687.499997,-67.66673
4110345624.999997,-67.38688
4110346562.499997,-67.73357
4110347499.999997,-67.48138
4110348437.499997,-67.59651
4110349374.999997,-67.3707
4110350312.499997,-67.05137
4110351249.999997,-67.13195
4110352187.499997,-66.98613
4110353124.999997,-68.01035
4110354062.499997,-67.69936
4110354999.999997,-67.09949
4110355937.499997,-67.12754
4110356874.999997,-67.16644
4110357812.499997,-67.34919
4110358749.999997,-67.51246
4110359687.499997,-67.48638
4110360624.999997,-67.12505
4110361562.499997,-67.20617
4110362499.999997,-67.34345
4110363437.499997,-67.06762
4110364374.999997,-67.09798
4110365312.499997,-67.59924
4110366249.999997,-67.72684
4110367187.499997,-67.1213
4110368124.999997,-67.10127
4110369062.499997,-67.2803
4110369999.999997,-67.28983
4110370937.499997,-67.5321
4110371874.999997,-67.63287
4110372812.499997,-67.18123
4110373749.999997,-67.46184
4110374687.499997,-67.24718
4110375624.999997,-67.10801
4110376562.499997,-67.61192
4110377499.999997,-67.34284
4110378437.499997,-67.21677
4110379374.999997,-66.57798
4110380312.499997,-67.26479
4110381249.999997,-67.3178
4110382187.499997,-67.34119
4110383124.999997,-67.80344
4110384062.499997,-67.29304
4110384999.999997,-67.37085
4110385937.499997,-67.39277
4110386874.999997,-67.61335
4110387812.499997,-66.92744
4110388749.999997,-67.41613
4110389687.499997,-67.38714
4110390624.999997,-67.3311
4110391562.499997,-67.078
4110392499.999997,-67.37737
4110393437.499997,-66.90421
4110394374.999997,-67.37711
4110395312.499997,-67.41125
4110396249.999997,-67.20679
4110397187.499997,-67.03815
4110398124.999997,-67.59499
4110399062.499997,-67.28399
4110399999.999997,-67.3707
4110400937.499997,-67.32066
4110401874.999997,-67.25226
4110402812.499997,-67.63643
4110403749.999997,-67.13713
4110404687.499997,-67.13516
4110405624.999997,-67.62984
4110406562.499997,-67.25311
4110407499.999997,-67.12431
4110408437.499997,-67.4478
4110409374.999997,-67.11456
4110410312.499997,-67.1096
4110411249.999997,-66.90958
4110412187.499997,-67.46523
4110413124.999997,-67.64557
4110414062.499997,-67.22328
4110414999.999997,-67.48387
4110415937.499997,-66.99257
4110416874.999997,-66.86472
4110417812.499997,-67.49829
4110418749.999997,-67.06518
4110419687.499997,-67.1804
4110420624.999997,-66.81634
4110421562.499997,-67.72581
4110422499.999997,-66.89235
4110423437.499997,-67.19273
4110424374.999997,-67.52649
4110425312.499997,-66.85554
4110426249.999997,-67.13145
4110427187.499997,-67.46548
4110428124.999997,-67.24886
4110429062.499997,-66.59459
4110429999.999997,-67.41713
4110430937.499997,-67.26105
4110431874.999997,-66.91003
4110432812.499997,-67.38687
4110433749.999997,-66.90672
4110434687.499997,-67.50829
4110435624.999997,-67.36216
4110436562.499997,-67.22134
4110437499.999997,-66.98753
4110438437.499997,-67.1158
4110439374.999997,-66.93868
4110440312.499997,-67.11944
4110441249.999997,-67.15807
4110442187.499997,-66.71757
4110443124.999997,-67.08886
4110444062.499997,-67.33922
4110444999.999997,-66.86388
4110445937.499997,-67.19279
4110446874.999997,-67.27394
4110447812.499997,-67.59187
4110448749.999997,-67.36822
4110449687.499997,-67.66834
4110450624.999997,-67.07835
4110451562.499997,-67.34394
4110452499.999997,-67.22943
4110453437.499997,-67.36731
4110454374.999997,-67.37167
4110455312.499997,-67.1434
4110456249.999997,-66.89003
4110457187.499997,-67.38171
4110458124.999997,-67.39721
4110459062.499997,-67.22652
4110459999.999997,-67.34523
4110460937.499997,-67.09142
4110461874.999997,-67.32272
4110462812.499997,-67.01179
4110463749.999997,-66.80785
4110464687.499997,-66.99599
4110465624.999997,-67.11543
4110466562.499997,-67.36521
4110467499.999997,-67.12296
4110468437.499997,-67.38331
4110469374.999997,-67.33017
4110470312.499997,-67.04324
4110471249.999997,-67.27454
4110472187.499997,-67.32603
4110473124.999997,-67.00826
4110474062.499997,-67.1106
4110474999.999997,-67.19797
4110475937.499997,-67.03065
4110476874.999997,-66.84603
4110477812.499997,-67.41081
4110478749.999997,-66.98756
4110479687.499997,-67.10545
4110480624.999997,-67.10558
4110481562.499997,-67.76749
4110482499.999997,-67.4268
4110483437.499997,-66.74426
4110484374.999997,-66.77691
4110485312.499997,-67.16127
4110486249.999997,-67.20271
4110487187.499997,-67.30007
4110488124.999997,-67.30647
4110489062.499997,-67.11846
4110489999.999997,-67.3574
4110490937.499997,-66.79941
4110491874.999997,-67.19646
4110492812.499997,-67.38409
4110493749.999997,-67.26002
4110494687.499997,-67.62777
4110495624.999997,-66.93404
4110496562.499997,-67.04159
4110497499.999997,-67.20766
4110498437.499997,-67.13774
4110499374.999997,-67.08607
4110500312.499997,-67.79884
4110501249.999997,-66.97827
4110502187.499997,-67.3175
4110503124.999997,-67.61311
4110504062.499997,-66.88132
4110504999.999997,-67.05424
4110505937.499997,-67.04988
4110506874.999997,-67.1725
4110507812.499997,-67.24622
4110508749.999997,-67.51762
4110509687.499997,-66.84087
4110510624.999997,-67.55393
4110511562.499997,-67.15831
4110512499.999997,-66.96455
4110513437.499997,-67.03339
4110514374.999997,-67.14864
4110515312.499997,-67.14153
4110516249.999997,-67.16197
4110517187.499997,-66.87625
4110518124.999997,-67.16788
4110519062.499997,-67.41068
4110519999.999997,-67.22361
4110520937.499997,-67.18384
4110521874.999997,-67.41171
4110522812.499997,-66.93638
4110523749.999997,-67.61659
4110524687.499997,-66.77505
4110525624.999997,-67.21593
4110526562.499997,-67.50926
4110527499.999997,-67.69981
4110528437.499997,-67.26517
4110529374.999997,-67.44442
4110530312.499997,-67.34785
4110531249.999997,-67.39357
4110532187.499997,-67.10172
4110533124.999997,-66.92667
4110534062.499997,-67.07151
4110534999.999997,-67.06961
4110535937.499997,-67.33153
4110536874.999997,-67.13538
4110537812.499997,-67.44591
4110538749.999997,-67.57927
4110539687.499997,-66.99117
4110540624.999997,-67.63148
4110541562.499997,-67.33089
4110542499.999997,-67.48492
4110543437.499997,-67.17058
4110544374.999997,-67.45854
4110545312.499997,-66.75443
4110546249.999997,-66.80227
4110547187.499997,-67.37198
4110548124.999997,-67.01228
4110549062.499997,-67.06316
4110549999.999997,-67.06928
4110550937.499997,-67.03561
4110551874.999997,-67.53072
4110552812.499997,-66.99586
4110553749.999997,-67.03625
4110554687.499997,-67.42706
4110555624.999997,-66.87257
4110556562.499997,-67.10885
4110557499.999997,-66.95924
4110558437.499997,-67.33317
4110559374.999997,-67.16092
4110560312.499997,-67.21603
4110561249.999997,-66.77826
4110562187.499997,-67.18379
4110563124.999997,-67.07589
4110564062.499997,-66.83423
4110564999.999997,-67.00317
4110565937.499997,-67.04242
4110566874.999997,-67.19305
4110567812.499997,-66.97723
4110568749.999997,-66.98825
4110569687.499997,-67.36028
4110570624.999997,-67.09453
4110571562.499997,-67.17469
4110572499.999997,-67.10982
4110573437.499997,-67.1834
4110574374.999997,-66.76251
4110575312.499997,-67.20168
4110576249.999997,-67.14577
4110577187.499997,-66.90046
4110578124.999997,-67.47998
4110579062.499997,-67.48712
4110579999.999997,-67.44433
4110580937.499997,-67.23815
4110581874.999997,-67.03513
4110582812.499997,-66.98
4110583749.999997,-66.84789
4110584687.499997,-66.63574
4110585624.999997,-66.97445
4110586562.499997,-66.82668
4110587499.999997,-67.25088
4110588437.499997,-67.49117
4110589374.999997,-67.28513
4110590312.499997,-67.16855
4110591249.999997,-67.18713
4110592187.499997,-67.06851
4110593124.999997,-67.50065
4110594062.499997,-67.21568
4110594999.999997,-67.12418
4110595937.499997,-67.3762
4110596874.999997,-67.43997
4110597812.499997,-67.26668
4110598749.999997,-67.10216
4110599687.499997,-66.9738
4110600624.999997,-67.35116
4110601562.499997,-67.03555
4110602499.999997,-66.92689
4110603437.499997,-66.48695
4110604374.999997,-67.00526
4110605312.499997,-66.87172
4110606249.999997,-67.04783
4110607187.499997,-67.12572
4110608124.999997,-67.20028
4110609062.499997,-67.05252
4110609999.999997,-67.703
4110610937.499997,-67.09644
4110611874.999997,-67.18143
4110612812.499997,-66.92397
4110613749.999997,-66.93752
4110614687.499997,-67.0062
4110615624.999997,-67.27244
4110616562.499997,-66.59647
4110617499.999997,-67.4134
4110618437.499997,-67.00407
4110619374.999997,-67.05796
4110620312.499997,-66.90815
4110621249.999997,-66.95387
4110622187.499997,-67.20042
4110623124.999997,-67.28848
4110624062.499997,-67.01196
4110624999.999997,-67.12546
4110625937.499997,-66.99618
4110626874.999997,-67.26828
4110627812.499997,-67.13011
4110628749.999997,-66.90245
4110629687.499997,-67.07533
4110630624.999997,-67.00667
4110631562.499997,-67.26853
4110632499.999997,-67.20856
4110633437.499997,-67.30837
4110634374.999997,-67.28168
4110635312.499997,-67.08637
4110636249.999997,-66.89586
4110637187.499997,-66.83394
4110638124.999997,-67.18083
4110639062.499997,-67.09866
4110639999.999997,-66.67432
4110640937.499997,-67.48344
4110641874.999997,-67.07489
4110642812.499997,-67.31123
4110643749.999997,-67.19282
4110644687.499997,-67.25791
4110645624.999997,-66.881
4110646562.499997,-67.11651
4110647499.999997,-66.98387
4110648437.499997,-66.59937
4110649374.999997,-66.87441
4110650312.499997,-67.19299
4110651249.999997,-67.06902
4110652187.499997,-67.39577
4110653124.999997,-66.99679
4110654062.499997,-66.90933
4110654999.999997,-67.13152
4110655937.499997,-67.09545
4110656874.999997,-67.22402
4110657812.499997,-67.01698
4110658749.999997,-67.02075
4110659687.499997,-67.52662
4110660624.999997,-67.33488
4110661562.499997,-67.08426
4110662499.999997,-66.92035
4110663437.499997,-67.33286
4110664374.999997,-66.96908
4110665312.499997,-66.70572
4110666249.999997,-67.12573
4110667187.499997,-67.12409
4110668124.999997,-67.57832
4110669062.499997,-66.8265
4110669999.999997,-66.75447
4110670937.499997,-66.65924
4110671874.999997,-67.25981
4110672812.499997,-66.74814
4110673749.999997,-67.2469
4110674687.499997,-67.04284
4110675624.999997,-67.07417
4110676562.499997,-66.64451
4110677499.999997,-67.31516
4110678437.499997,-67.01259
4110679374.999997,-66.86678
4110680312.499997,-66.60204
4110681249.999997,-66.97726
4110682187.499997,-67.27094
4110683124.999997,-67.08965
4110684062.499997,-66.90321
4110684999.999997,-67.24783
4110685937.499997,-67.1606
4110686874.999997,-67.44303
4110687812.499997,-67.22369
4110688749.999997,-67.06454
4110689687.499997,-67.2458
4110690624.999997,-66.89503
4110691562.499997,-66.70792
4110692499.999997,-67.26653
4110693437.499997,-66.6139
4110694374.999997,-66.56544
4110695312.499997,-67.36742
4110696249.999997,-66.92754
4110697187.499997,-66.90616
4110698124.999997,-67.05688
4110699062.499997,-66.86517
4110699999.999997,-66.89256
4110700937.499997,-66.85409
4110701874.999997,-67.02105
4110702812.499997,-66.90137
4110703749.999997,-66.922
4110704687.499997,-66.77231
4110705624.999997,-67.34561
4110706562.499997,-67.23965
4110707499.999997,-67.12807
4110708437.499997,-66.80174
4110709374.999997,-67.52888
4110710312.499997,-67.05296
4110711249.999997,-66.73413
4110712187.499997,-67.32044
4110713124.999997,-66.86516
4110714062.499997,-67.42073
4110714999.999997,-66.89363
4110715937.499997,-67.03362
4110716874.999997,-67.13338
4110717812.499997,-66.91977
4110718749.999997,-67.00586
4110719687.499997,-66.70207
4110720624.999997,-67.41945
4110721562.499997,-66.99763
4110722499.999997,-67.56104
4110723437.499997,-66.8773
4110724374.999997,-67.00617
4110725312.499997,-66.85561
4110726249.999997,-67.0332
4110727187.499997,-67.19435
4110728124.999997,-66.74279
4110729062.499997,-67.1447
4110729999.999997,-67.1599
4110730937.499997,-67.15253
4110731874.999997,-67.19119
4110732812.499997,-67.04253
4110733749.999997,-66.91222
4110734687.499997,-67.47074
4110735624.999997,-66.81497
4110736562.499997,-67.05488
4110737499.999997,-66.75584
4110738437.499997,-67.11603
4110739374.999997,-67.08297
4110740312.499997,-67.22094
4110741249.999997,-66.76744
4110742187.499997,-67.19672
4110743124.999997,-67.03427
4110744062.499997,-67.29025
4110744999.999997,-66.94407
4110745937.499997,-67.02868
4110746874.999997,-66.89397
4110747812.499997,-66.88385
4110748749.999997,-66.88644
4110749687.499997,-67.20356
4110750624.999997,-67.23348
4110751562.499997,-67.04913
4110752499.999997,-66.81793
4110753437.499997,-66.84453
4110754374.999997,-66.97022
4110755312.499997,-66.8886
4110756249.999997,-66.9305
4110757187.499997,-67.20313
4110758124.999997,-66.83078
4110759062.499997,-67.12415
4110759999.999997,-66.81569
4110760937.499997,-67.2601
4110761874.999997,-66.94054
4110762812.499997,-66.9902
4110763749.999997,-67.06766
4110764687.499997,-67.4626
4110765624.999997,-67.27505
4110766562.499997,-66.79724
4110767499.999997,-67.06557
4110768437.499997,-67.00128
4110769374.999997,-67.07001
4110770312.499997,-66.9783
4110771249.999997,-66.60502
4110772187.499997,-67.38335
4110773124.999997,-67.10461
4110774062.499997,-66.89432
4110774999.999997,-67.25986
4110775937.499997,-67.0177
4110776874.999997,-67.16936
4110777812.499997,-66.85415
4110778749.999997,-67.15166
4110779687.499997,-66.89085
4110780624.999997,-67.25617
4110781562.499997,-66.96711
4110782499.999997,-66.81255
4110783437.499997,-66.99377
4110784374.999997,-67.15843
4110785312.499997,-66.83437
4110786249.999997,-67.15987
4110787187.499997,-67.05192
4110788124.999997,-67.08331
4110789062.499997,-67.03929
4110789999.999997,-66.98064
4110790937.499997,-67.43184
4110791874.999997,-66.95076
4110792812.499997,-66.73384
4110793749.999997,-66.97226
4110794687.499997,-66.9715
4110795624.999997,-67.17537
4110796562.499997,-66.84322
4110797499.999997,-66.83665
4110798437.499997,-67.10814
4110799374.999997,-67.21722
4110800312.499997,-66.83323
4110801249.999997,-67.11562
4110802187.499997,-66.91446
4110803124.999997,-66.97544
4110804062.499997,-67.4539
4110804999.999997,-66.90359
4110805937.499997,-66.79723
4110806874.999997,-67.04465
4110807812.499997,-67.08938
4110808749.999997,-66.79893
4110809687.499997,-66.86736
4110810624.999997,-66.89402
4110811562.499997,-66.7025
4110812499.999997,-66.61178
4110813437.499997,-67.29369
4110814374.999997,-67.24651
4110815312.499997,-67.06441
4110816249.999997,-66.88466
4110817187.499997,-66.67081
4110818124.999997,-66.87443
4110819062.499997,-67.15229
4110819999.999997,-66.5325
4110820937.499997,-66.85354
4110821874.999997,-67.08269
4110822812.499997,-67.07574
4110823749.999997,-66.9278
4110824687.499997,-66.73405
4110825624.999997,-67.11475
4110826562.499997,-67.01492
4110827499.999997,-66.90216
4110828437.499997,-67.19422
4110829374.999997,-66.91676
4110830312.499997,-66.96898
4110831249.999997,-67.06863
4110832187.499997,-67.06799
4110833124.999997,-67.15783
4110834062.499997,-67.01134
4110834999.999997,-67.31184
4110835937.499997,-66.77102
4110836874.999997,-66.88369
4110837812.499997,-66.35186
4110838749.999997,-67.10715
4110839687.499997,-66.95594
4110840624.999997,-67.10589
4110841562.499997,-66.78307
4110842499.999997,-67.04572
4110843437.499997,-66.80582
4110844374.999997,-66.8311
4110845312.499997,-66.79929
4110846249.999997,-66.90376
4110847187.499997,-66.69898
4110848124.999997,-67.11356
4110849062.499997,-66.88786
4110849999.999997,-67.22167
4110850937.499997,-66.87624
4110851874.999997,-66.59446
4110852812.499997,-67.11997
4110853749.999997,-67.00309
4110854687.499997,-67.13364
4110855624.999997,-67.15774
4110856562.499997,-66.88089
4110857499.999997,-67.14674
4110858437.499997,-66.75872
4110859374.999997,-67.01776
4110860312.499997,-67.24693
4110861249.999997,-66.83566
4110862187.499997,-67.18052
4110863124.999997,-67.08387
4110864062.499997,-66.8082
4110864999.999997,-67.328
4110865937.499997,-66.50277
4110866874.999997,-66.82985
4110867812.499997,-66.83736
4110868749.999997,-66.86089
4110869687.499997,-66.9388
4110870624.999997,-67.13981
4110871562.499997,-66.92274
4110872499.999997,-66.60494
4110873437.499997,-67.19964
4110874374.999997,-66.96925
4110875312.499997,-66.98425
4110876249.999997,-67.45262
4110877187.499997,-66.89222
4110878124.999997,-66.79643
4110879062.499997,-66.77089
4110879999.999997,-66.8148
4110880937.499997,-67.11933
4110881874.999997,-66.88103
4110882812.499997,-66.81076
4110883749.999997,-66.62428
4110884687.499997,-67.1803
4110885624.999997,-67.09107
4110886562.499997,-67.26367
4110887499.999997,-66.41381
4110888437.499997,-67.09418
4110889374.999997,-66.93755
4110890312.499997,-67.37746
4110891249.999997,-67.38551
4110892187.499997,-66.74532
4110893124.999997,-67.04144
4110894062.499997,-67.11451
4110894999.999997,-67.09505
4110895937.499997,-66.748
4110896874.999997,-66.73178
4110897812.499997,-66.50361
4110898749.999997,-66.99557
4110899687.499997,-66.87766
4110900624.999997,-66.48389
4110901562.499997,-67.02178
4110902499.999997,-66.75432
4110903437.499997,-66.95097
4110904374.999997,-66.37607
4110905312.499997,-66.47261
4110906249.999997,-67.04445
4110907187.499997,-66.91122
4110908124.999997,-66.80364
4110909062.499997,-67.05211
4110909999.999997,-67.03915
4110910937.499997,-66.89799
4110911874.999997,-67.05994
4110912812.499997,-66.77536
4110913749.999997,-67.00149
4110914687.499997,-67.01911
4110915624.999997,-66.95154
4110916562.499997,-66.85888
4110917499.999997,-67.39353
4110918437.499997,-66.99579
4110919374.999997,-66.90478
4110920312.499997,-67.21666
4110921249.999997,-66.83865
4110922187.499997,-67.16239
4110923124.999997,-66.85944
4110924062.499997,-66.67078
4110924999.999997,-66.62191
4110925937.499997,-66.74452
4110926874.999997,-67.31088
4110927812.499997,-67.10078
4110928749.999997,-66.79468
4110929687.499997,-66.98592
4110930624.999997,-67.13256
4110931562.499997,-66.91343
4110932499.999997,-66.71337
4110933437.499997,-66.71926
4110934374.999997,-67.06151
4110935312.499997,-66.61082
4110936249.999997,-66.81279
4110937187.499997,-66.89703
4110938124.999997,-66.91978
4110939062.499997,-66.99438
4110939999.999997,-67.06992
4110940937.499997,-66.75685
4110941874.999997,-66.39393
4110942812.499997,-67.35276
4110943749.999997,-66.86297
4110944687.499997,-67.02671
4110945624.999997,-66.78014
4110946562.499997,-66.51025
4110947499.999997,-66.87955
4110948437.499997,-67.03056
4110949374.999997,-67.36538
4110950312.499997,-67.03564
4110951249.999997,-67.232
4110952187.499997,-67.00448
4110953124.999997,-66.55833
4110954062.499997,-66.60316
4110954999.999997,-66.6984
4110955937.499997,-66.92363
4110956874.999997,-66.61675
4110957812.499997,-66.72456
4110958749.999997,-66.95026
4110959687.499997,-66.85076
4110960624.999997,-66.57056
4110961562.499997,-66.89811
4110962499.999997,-66.66787
4110963437.499997,-66.94245
4110964374.999997,-66.59814
4110965312.499997,-66.98901
4110966249.999997,-66.84081
4110967187.499997,-67.18853
4110968124.999997,-66.8773
4110969062.499997,-66.52755
4110969999.999997,-67.31719
4110970937.499997,-66.75468
4110971874.999997,-66.86829
4110972812.499997,-66.74663
4110973749.999997,-66.96266
4110974687.499997,-67.01628
4110975624.999997,-67.12956
4110976562.499997,-67.22713
4110977499.999997,-66.78539
4110978437.499997,-66.80375
4110979374.999997,-66.71827
4110980312.499997,-66.51353
4110981249.999997,-66.89231
4110982187.499997,-66.91055
4110983124.999997,-66.80843
4110984062.499997,-66.94894
4110984999.999997,-67.23257
4110985937.499997,-66.45352
4110986874.999997,-66.99454
4110987812.499997,-67.32218
4110988749.999997,-66.87129
4110989687.499997,-67.09813
4110990624.999997,-67.04912
4110991562.499997,-66.65926
4110992499.999997,-66.63625
4110993437.499997,-66.8064
4110994374.999997,-66.76914
4110995312.499997,-66.65311
4110996249.999997,-66.83247
4110997187.499997,-66.84048
4110998124.999997,-66.6404
4110999062.499997,-66.73009
4110999999.999997,-66.56726
4111000937.499997,-67.02052
4111001874.999997,-67.30407
4111002812.499997,-66.90595
4111003749.999997,-66.9966
4111004687.499997,-67.46455
4111005624.999997,-67.01774
4111006562.499997,-66.95392
4111007499.999997,-66.59718
4111008437.499997,-66.67367
4111009374.999997,-66.96309
4111010312.499997,-66.74878
4111011249.999997,-66.59685
4111012187.499997,-66.77094
4111013124.999997,-66.95374
4111014062.499997,-66.96714
4111014999.999997,-66.60319
4111015937.499997,-66.79473
4111016874.999997,-66.82004
4111017812.499997,-66.24463
4111018749.999997,-66.79751
4111019687.499997,-66.5852
4111020624.999997,-66.63268
4111021562.499997,-66.78944
4111022499.999997,-66.65028
4111023437.499997,-66.68401
4111024374.999997,-66.85748
4111025312.499997,-67.00246
4111026249.999997,-66.87897
4111027187.499997,-66.58593
4111028124.999997,-66.97942
4111029062.499997,-66.9546
4111029999.999997,-66.74869
4111030937.499997,-66.82539
4111031874.999997,-67.06525
4111032812.499997,-66.57475
4111033749.999997,-66.96883
4111034687.499997,-67.07687
4111035624.999997,-66.97832
4111036562.499997,-66.7272
4111037499.999997,-66.70293
4111038437.499997,-67.0377
4111039374.999997,-67.00077
4111040312.499997,-66.76403
4111041249.999997,-66.63096
4111042187.499997,-66.78657
4111043124.999997,-66.82262
4111044062.499997,-66.75183
4111044999.999997,-66.48925
4111045937.499997,-66.91212
4111046874.999997,-66.81894
4111047812.499997,-66.73699
4111048749.999997,-67.01662
4111049687.499997,-66.6722
4111050624.999997,-66.70934
4111051562.499997,-66.48739
4111052499.999997,-66.75035
4111053437.499997,-67.08595
4111054374.999997,-66.46222
4111055312.499997,-66.82995
4111056249.999997,-66.78146
4111057187.499997,-66.96597
4111058124.999997,-66.8907
4111059062.499997,-66.71983
4111059999.999997,-66.72855
4111060937.499997,-66.74778
4111061874.999997,-66.61726
4111062812.499997,-66.67573
4111063749.999997,-67.17199
4111064687.499997,-66.93464
4111065624.999997,-66.64752
4111066562.499997,-66.94643
4111067499.999997,-66.90874
4111068437.499997,-66.78405
4111069374.999997,-66.65363
4111070312.499997,-66.99035
4111071249.999997,-66.40195
4111072187.499997,-66.58463
4111073124.999997,-66.92438
4111074062.499997,-66.58665
4111074999.999997,-66.782
4111075937.499997,-66.76694
4111076874.999997,-66.86301
4111077812.499997,-66.96911
4111078749.999997,-66.64593
4111079687.499997,-66.64767
4111080624.999997,-66.71889
4111081562.499997,-66.9554
4111082499.999997,-66.67824
4111083437.499997,-66.9381
4111084374.999997,-66.7775
4111085312.499997,-67.04092
4111086249.999997,-66.80486
4111087187.499997,-66.72533
4111088124.999997,-67.08337
4111089062.499997,-67.04424
4111089999.999997,-66.72157
4111090937.499997,-66.65187
4111091874.999997,-66.64629
4111092812.499997,-66.88095
4111093749.999997,-66.88346
4111094687.499997,-66.68812
4111095624.999997,-66.8076
4111096562.499997,-66.70876
4111097499.999997,-67.01204
4111098437.499997,-66.48374
4111099374.999997,-66.98346
4111100312.499997,-66.91506
4111101249.999997,-66.80804
4111102187.499997,-66.84947
4111103124.999997,-66.90488
4111104062.499997,-66.76286
4111104999.999997,-67.19611
4111105937.499997,-66.50896
4111106874.999997,-66.82825
4111107812.499997,-66.70697
4111108749.999997,-66.93029
4111109687.499997,-66.68271
4111110624.999997,-66.7732
4111111562.499997,-66.70318
4111112499.999997,-67.15778
4111113437.499997,-66.644
4111114374.999997,-66.69501
4111115312.499997,-66.87152
4111116249.999997,-66.18896
4111117187.499997,-67.05873
4111118124.999997,-66.78384
4111119062.499997,-67.29193
4111119999.999997,-66.76206
4111120937.499997,-66.48455
4111121874.999997,-66.84153
4111122812.499997,-66.43101
4111123749.999997,-66.88615
4111124687.499997,-66.58843
4111125624.999997,-66.99393
4111126562.499997,-66.92448
4111127499.999997,-66.52242
4111128437.499997,-66.54307
4111129374.999997,-66.89455
4111130312.499997,-66.56662
4111131249.999997,-66.93037
4111132187.499997,-66.788
4111133124.999997,-66.75209
4111134062.499997,-66.7652
4111134999.999997,-66.97868
4111135937.499997,-66.49628
4111136874.999997,-66.59641
4111137812.499997,-66.95657
4111138749.999997,-66.7816
4111139687.499997,-67.19317
4111140624.999997,-67.14629
4111141562.499997,-66.70306
4111142499.999997,-66.76564
4111143437.499997,-66.24825
4111144374.999997,-66.9068
4111145312.499997,-66.44427
4111146249.999997,-66.40845
4111147187.499997,-66.65534
4111148124.999997,-66.93974
4111149062.499997,-66.62533
4111149999.999997,-66.72182
4111150937.499997,-66.76734
4111151874.999997,-66.58403
4111152812.499997,-66.74429
4111153749.999997,-66.76478
4111154687.499997,-66.42269
4111155624.999997,-66.86755
4111156562.499997,-66.66322
4111157499.999997,-66.79173
4111158437.499997,-66.59321
4111159374.999997,-66.79282
4111160312.499997,-66.72559
4111161249.999997,-66.78724
4111162187.499997,-66.75236
4111163124.999997,-66.81149
4111164062.499997,-66.97735
4111164999.999997,-66.41962
4111165937.499997,-66.55519
4111166874.999997,-66.87164
4111167812.499997,-66.54362
4111168749.999997,-66.98397
4111169687.499997,-66.90852
4111170624.999997,-66.76057
4111171562.499997,-66.71062
4111172499.999997,-66.75424
4111173437.499997,-66.90588
4111174374.999997,-66.56082
4111175312.499997,-66.55723
4111176249.999997,-66.46604
4111177187.499997,-66.60854
4111178124.999997,-67.14748
4111179062.499997,-66.69944
4111179999.999997,-66.44896
4111180937.499997,-66.30914
4111181874.999997,-66.66273
4111182812.499997,-66.58811
4111183749.999997,-67.11687
4111184687.499997,-66.90952
4111185624.999997,-66.48332
4111186562.499997,-66.65582
4111187499.999997,-66.79714
4111188437.499997,-66.10828
4111189374.999997,-66.45225
4111190312.499997,-67.17133
4111191249.999997,-66.39777
4111192187.499997,-66.55508
4111193124.999997,-66.77087
4111194062.499997,-66.69568
4111194999.999997,-66.83212
4111195937.499997,-66.9192
4111196874.999997,-66.73972
4111197812.499997,-66.76805
4111198749.999997,-66.98997
4111199687.499997,-66.80576
4111200624.999997,-66.76701
4111201562.499997,-66.78718
4111202499.999997,-66.29767
4111203437.499997,-66.92062
4111204374.999997,-66.60863
4111205312.499997,-66.73466
4111206249.999997,-66.52771
4111207187.499997,-66.95329
4111208124.999997,-66.37988
4111209062.499997,-66.84354
4111209999.999997,-66.9419
4111210937.499997,-66.6966
4111211874.999997,-66.63482
4111212812.499997,-66.7767
4111213749.999997,-67.0387
4111214687.499997,-66.77126
4111215624.999997,-66.53414
4111216562.499997,-66.60979
4111217499.999997,-66.54333
4111218437.499997,-66.53821
4111219374.999997,-66.57807
4111220312.499997,-66.64133
4111221249.999997,-67.18647
4111222187.499997,-66.97131
4111223124.999997,-66.77181
4111224062.499997,-66.70477
4111224999.999997,-66.69519
4111225937.499997,-66.6378
4111226874.999997,-66.64716
4111227812.499997,-66.6519
4111228749.999997,-66.81039
4111229687.499997,-66.7759
4111230624.999997,-66.69247
4111231562.499997,-66.23776
4111232499.999997,-66.5053
4111233437.499997,-66.44218
4111234374.999997,-66.37474
4111235312.499997,-66.70305
4111236249.999997,-66.77776
4111237187.499997,-66.63766
4111238124.999997,-66.36759
4111239062.499997,-66.30773
4111239999.999997,-66.99763
4111240937.499997,-66.71921
4111241874.999997,-66.43794
4111242812.499997,-66.93368
4111243749.999997,-66.58549
4111244687.499997,-66.91586
4111245624.999997,-66.74889
4111246562.499997,-66.10175
4111247499.999997,-67.03076
4111248437.499997,-66.50772
4111249374.999997,-66.98101
4111250312.499997,-66.67479
4111251249.999997,-66.63216
4111252187.499997,-66.55238
4111253124.999997,-66.503
4111254062.499997,-66.7235
4111254999.999997,-66.97625
4111255937.499997,-66.57874
4111256874.999997,-66.6928
4111257812.499997,-66.87051
4111258749.999997,-66.5908
4111259687.499997,-66.56075
4111260624.999997,-66.92287
4111261562.499997,-66.81321
4111262499.999997,-66.72589
4111263437.499997,-66.85513
4111264374.999997,-66.78757
4111265312.499997,-66.76257
4111266249.999997,-66.46109
4111267187.499997,-66.68121
4111268124.999997,-66.39792
4111269062.499997,-66.48666
4111269999.999997,-66.50587
4111270937.499997,-66.94998
4111271874.999997,-66.62446
4111272812.499997,-66.39867
4111273749.999997,-66.68199
4111274687.499997,-66.57882
4111275624.999997,-66.8177
4111276562.499997,-66.72947
4111277499.999997,-66.45633
4111278437.499997,-66.68412
4111279374.999997,-66.69672
4111280312.499997,-66.67606
4111281249.999997,-67.09045
4111282187.499997,-66.83772
4111283124.999997,-66.4137
4111284062.499997,-66.75459
4111284999.999997,-66.3857
4111285937.499997,-66.72914
4111286874.999997,-66.52595
4111287812.499997,-66.67522
4111288749.999997,-66.37329
4111289687.499997,-66.69515
4111290624.999997,-66.35133
4111291562.499997,-66.97405
4111292499.999997,-66.62474
4111293437.499997,-66.50267
4111294374.999997,-66.38714
4111295312.499997,-66.65452
4111296249.999997,-66.40462
4111297187.499997,-66.5602
4111298124.999997,-66.41966
4111299062.499997,-66.44546
4111299999.999997,-66.54567
4111300937.499997,-66.71769
4111301874.999997,-66.67764
4111302812.499997,-66.71946
4111303749.999997,-66.44349
4111304687.499997,-66.53311
4111305624.999997,-66.52969
4111306562.499997,-66.63739
4111307499.999997,-66.73571
4111308437.499997,-66.17017
4111309374.999997,-66.53496
4111310312.499997,-66.25323
4111311249.999997,-66.59049
4111312187.499997,-66.68176
4111313124.999997,-66.50338
4111314062.499997,-66.13116
4111314999.999997,-66.8187
4111315937.499997,-66.71819
4111316874.999997,-66.72599
4111317812.499997,-66.62463
4111318749.999997,-66.85984
4111319687.499997,-66.79834
4111320624.999997,-66.26169
4111321562.499997,-66.62688
4111322499.999997,-66.47914
4111323437.499997,-66.69846
4111324374.999997,-66.84934
4111325312.499997,-66.01195
4111326249.999997,-66.44132
4111327187.499997,-66.60922
4111328124.999997,-66.44592
4111329062.499997,-66.9606
4111329999.999997,-66.26021
4111330937.499997,-66.382
4111331874.999997,-66.83602
4111332812.499997,-66.48828
4111333749.999997,-66.74886
4111334687.499997,-66.9398
4111335624.999997,-66.12681
4111336562.499997,-66.61668
4111337499.999997,-66.44256
4111338437.499997,-66.90096
4111339374.999997,-66.44286
4111340312.499997,-66.43844
4111341249.999997,-66.7961
4111342187.499997,-66.1937
4111343124.999997,-66.58868
4111344062.499997,-66.55535
4111344999.999997,-66.59836
4111345937.499997,-66.62337
4111346874.999997,-66.37151
4111347812.499997,-66.83408
4111348749.999997,-66.60818
4111349687.499997,-66.89618
4111350624.999997,-66.83762
4111351562.499997,-66.56196
4111352499.999997,-66.23282
4111353437.499997,-66.3912
4111354374.999997,-66.30774
4111355312.499997,-66.51891
4111356249.999997,-66.33764
4111357187.499997,-66.34746
4111358124.999997,-66.55214
4111359062.499997,-66.33707
4111359999.999997,-66.63416
4111360937.499997,-66.73038
4111361874.999997,-66.44614
4111362812.499997,-66.32516
4111363749.999997,-66.33018
4111364687.499997,-66.85987
4111365624.999997,-66.49323
4111366562.499997,-66.48812
4111367499.999997,-66.46547
4111368437.499997,-66.62825
4111369374.999997,-66.78673
4111370312.499997,-66.50256
4111371249.999997,-66.6012
4111372187.499997,-66.52747
4111373124.999997,-66.29926
4111374062.499997,-66.40688
4111374999.999997,-66.3156
4111375937.499997,-66.08715
4111376874.999997,-66.53367
4111377812.499997,-66.61317
4111378749.999997,-66.42593
4111379687.499997,-66.80624
4111380624.999997,-66.27383
4111381562.499997,-66.51968
4111382499.999997,-66.78268
4111383437.499997,-66.92759
4111384374.999997,-66.70316
4111385312.499997,-66.35517
4111386249.999997,-66.73602
4111387187.499997,-66.68135
4111388124.999997,-66.46027
4111389062.499997,-66.13036
4111389999.999997,-66.68739
4111390937.499997,-66.23359
4111391874.999997,-66.52448
4111392812.499997,-66.6034
4111393749.999997,-66.38103
4111394687.499997,-66.70336
4111395624.999997,-66.77546
4111396562.499997,-66.8737
4111397499.999997,-66.5052
4111398437.499997,-66.4788
4111399374.999997,-66.40388
4111400312.499997,-66.61628
4111401249.999997,-66.87273
4111402187.499997,-66.43819
4111403124.999997,-66.80052
4111404062.499997,-66.37705
4111404999.999997,-66.91589
4111405937.499997,-66.51398
4111406874.999997,-66.65249
4111407812.499997,-66.43343
4111408749.999997,-66.4186
4111409687.499997,-66.35272
4111410624.999997,-66.18208
4111411562.499997,-66.3517
4111412499.999997,-66.1685
4111413437.499997,-66.73561
4111414374.999997,-66.26865
4111415312.499997,-66.3339
4111416249.999997,-66.39169
4111417187.499997,-66.08848
4111418124.999997,-66.58147
4111419062.499997,-66.34544
4111419999.999997,-66.33093
4111420937.499997,-66.5287
4111421874.999997,-66.53678
4111422812.499997,-66.55621
4111423749.999997,-66.50303
4111424687.499997,-66.64072
4111425624.999997,-66.59795
4111426562.499997,-66.62781
4111427499.999997,-66.17702
4111428437.499997,-66.53976
4111429374.999997,-66.8628
4111430312.499997,-66.90872
4111431249.999997,-66.57966
4111432187.499997,-66.24876
4111433124.999997,-66.24803
4111434062.499997,-66.07506
4111434999.999997,-66.72269
4111435937.499997,-66.39568
4111436874.999997,-66.83784
4111437812.499997,-66.32462
4111438749.999997,-66.73316
4111439687.499997,-66.44408
4111440624.999997,-66.34941
4111441562.499997,-66.58437
4111442499.999997,-66.45916
4111443437.499997,-66.27439
4111444374.999997,-66.36113
4111445312.499997,-66.05849
4111446249.999997,-66.95188
4111447187.499997,-66.47019
4111448124.999997,-66.73531
4111449062.499997,-66.39151
4111449999.999997,-66.56091
4111450937.499997,-66.47961
4111451874.999997,-66.48824
4111452812.499997,-66.2715
4111453749.999997,-66.14359
4111454687.499997,-66.39502
4111455624.999997,-66.56474
4111456562.499997,-66.52826
4111457499.999997,-66.59509
4111458437.499997,-66.17704
4111459374.999997,-66.5946
4111460312.499997,-66.53764
4111461249.999997,-66.69727
4111462187.499997,-66.41138
4111463124.999997,-66.4643
4111464062.499997,-66.52354
4111464999.999997,-66.34739
4111465937.499997,-66.58738
4111466874.999997,-66.47574
4111467812.499997,-66.19151
4111468749.999997,-66.40548
4111469687.499997,-66.54505
4111470624.999997,-66.39809
4111471562.499997,-66.99018
4111472499.999997,-66.13704
4111473437.499997,-66.43552
4111474374.999997,-66.23602
4111475312.499997,-66.44471
4111476249.999997,-66.52482
4111477187.499997,-66.89871
4111478124.999997,-66.5303
4111479062.499997,-66.42349
4111479999.999997,-66.79989
4111480937.499997,-66.40032
4111481874.999997,-66.42953
4111482812.499997,-66.56151
4111483749.999997,-66.4703
4111484687.499997,-66.39786
4111485624.999997,-66.02045
4111486562.499997,-66.41336
4111487499.999997,-66.65001
4111488437.499997,-66.3421
4111489374.999997,-66.30173
4111490312.499997,-66.56093
4111491249.999997,-66.50402
4111492187.499997,-66.52299
4111493124.999997,-66.78018
4111494062.499997,-66.45041
4111494999.999997,-66.41492
4111495937.499997,-66.54435
4111496874.999997,-66.15765
4111497812.499997,-66.69579
4111498749.999997,-66.42152
4111499687.499997,-66.23639
4111500624.999997,-66.40153
4111501562.499997,-66.22468
4111502499.999997,-66.70959
4111503437.499997,-66.34964
4111504374.999997,-66.30238
4111505312.499997,-66.71999
4111506249.999997,-66.4688
4111507187.499997,-66.30019
4111508124.999997,-66.25317
4111509062.499997,-66.43821
4111509999.999997,-66.59558
4111510937.499997,-66.48936
4111511874.999997,-66.50812
4111512812.499997,-66.50013
4111513749.999997,-66.6146
4111514687.499997,-66.98878
4111515624.999997,-66.48609
4111516562.499997,-66.30495
4111517499.999997,-66.31342
4111518437.499997,-66.24449
4111519374.999997,-66.5681
4111520312.499997,-66.69881
4111521249.999997,-66.56311
4111522187.499997,-66.46067
4111523124.999997,-66.30173
4111524062.499997,-66.1425
4111524999.999997,-66.77901
4111525937.499997,-66.65263
4111526874.999997,-66.29671
4111527812.499997,-66.22823
4111528749.999997,-66.35262
4111529687.499997,-66.30266
4111530624.999997,-66.53819
4111531562.499997,-66.55499
4111532499.999997,-66.54175
4111533437.499997,-66.89286
4111534374.999997,-66.41192
4111535312.499997,-66.84374
4111536249.999997,-66.44568
4111537187.499997,-66.15018
4111538124.999997,-66.62832
4111539062.499997,-66.51379
4111539999.999997,-66.23511
4111540937.499997,-66.78571
4111541874.999997,-66.29312
4111542812.499997,-66.42638
4111543749.999997,-66.11298
4111544687.499997,-66.37493
4111545624.999997,-66.76942
4111546562.499997,-66.18165
4111547499.999997,-66.57016
4111548437.499997,-66.26032
4111549374.999997,-66.63319
4111550312.499997,-66.14487
4111551249.999997,-66.70831
4111552187.499997,-66.34911
4111553124.999997,-66.05178
4111554062.499997,-66.65142
4111554999.999997,-66.42115
4111555937.499997,-66.24892
4111556874.999997,-66.49335
4111557812.499997,-66.4668
4111558749.999997,-66.0418
4111559687.499997,-66.65865
4111560624.999997,-66.35838
4111561562.499997,-66.41479
4111562499.999997,-66.49481
4111563437.499997,-66.11206
4111564374.999997,-66.13891
4111565312.499997,-66.2782
4111566249.999997,-66.46692
4111567187.499997,-66.2601
4111568124.999997,-66.46696
4111569062.499997,-66.01817
4111569999.999997,-66.81534
4111570937.499997,-66.04859
4111571874.999997,-66.52551
4111572812.499997,-66.61904
4111573749.999997,-66.46262
4111574687.499997,-66.53516
4111575624.999997,-66.35413
4111576562.499997,-66.29051
4111577499.999997,-66.56024
4111578437.499997,-66.23343
4111579374.999997,-66.17989
4111580312.499997,-66.64999
4111581249.999997,-66.48304
4111582187.499997,-66.36653
4111583124.999997,-66.38557
4111584062.499997,-66.79034
4111584999.999997,-66.35017
4111585937.499997,-66.04607
4111586874.999997,-66.29942
4111587812.499997,-66.67386
4111588749.999997,-66.19592
4111589687.499997,-66.2206
4111590624.999997,-66.40504
4111591562.499997,-66.2247
4111592499.999997,-66.53487
4111593437.499997,-66.32037
4111594374.999997,-66.25789
4111595312.499997,-66.43121
4111596249.999997,-66.18793
4111597187.499997,-66.20622
4111598124.999997,-66.75347
4111599062.499997,-66.44594
4111599999.999997,-66.11599
4111600937.499997,-66.4553
4111601874.999997,-66.37305
4111602812.499997,-65.93732
4111603749.999997,-66.25986
4111604687.499997,-66.21287
4111605624.999997,-66.29687
4111606562.499997,-66.21622
4111607499.999997,-66.3256
4111608437.499997,-66.12776
4111609374.999997,-66.41615
4111610312.499997,-66.33718
4111611249.999997,-66.58816
4111612187.499997,-66.12899
4111613124.999997,-66.3176
4111614062.499997,-66.49298
4111614999.999997,-66.32574
4111615937.499997,-66.54553
4111616874.999997,-66.08662
4111617812.499997,-66.61781
4111618749.999997,-66.74184
4111619687.499997,-66.35979
4111620624.999997,-66.2308
4111621562.499997,-66.57523
4111622499.999997,-66.27161
4111623437.499997,-66.49799
4111624374.999997,-66.3203
4111625312.499997,-66.52423
4111626249.999997,-66.53705
4111627187.499997,-66.51963
4111628124.999997,-66.62159
4111629062.499997,-66.69241
4111629999.999997,-66.16052
4111630937.499997,-66.13668
4111631874.999997,-66.35016
4111632812.499997,-66.28169
4111633749.999997,-66.49547
4111634687.499997,-66.14276
4111635624.999997,-66.3782
4111636562.499997,-66.34796
4111637499.999997,-66.29793
4111638437.499997,-66.14421
4111639374.999997,-66.36306
4111640312.499997,-66.28249
4111641249.999997,-66.23985
4111642187.499997,-66.18854
4111643124.999997,-66.62693
4111644062.499997,-66.43922
4111644999.999997,-66.52074
4111645937.499997,-66.10648
4111646874.999997,-66.71935
4111647812.499997,-66.44291
4111648749.999997,-66.59402
4111649687.499997,-66.08025
4111650624.999997,-66.08261
4111651562.499997,-66.39523
4111652499.999997,-66.39059
4111653437.499997,-66.18456
4111654374.999997,-66.02094
4111655312.499997,-66.47185
4111656249.999997,-66.42457
4111657187.499997,-66.24341
4111658124.999997,-66.59992
4111659062.499997,-66.29916
4111659999.999997,-66.1507
4111660937.499997,-66.31183
4111661874.999997,-66.28922
4111662812.499997,-66.17159
4111663749.999997,-66.17002
4111664687.499997,-66.08419
4111665624.999997,-66.20573
4111666562.499997,-66.2253
4111667499.999997,-66.04601
4111668437.499997,-66.55226
4111669374.999997,-66.43308
4111670312.499997,-66.3914
4111671249.999997,-66.12893
4111672187.499997,-66.04863
4111673124.999997,-66.17057
4111674062.499997,-66.48935
4111674999.999997,-66.28867
4111675937.499997,-66.3275
4111676874.999997,-66.55772
4111677812.499997,-66.4149
4111678749.999997,-66.27094
4111679687.499997,-66.24568
4111680624.999997,-66.0087
4111681562.499997,-66.24345
4111682499.999997,-66.55943
4111683437.499997,-66.67326
4111684374.999997,-66.21423
4111685312.499997,-65.86095
4111686249.999997,-66.39212
4111687187.499997,-66.37866
4111688124.999997,-66.02184
4111689062.499997,-66.60285
4111689999.999997,-66.0499
4111690937.499997,-66.32407
4111691874.999997,-66.0984
4111692812.499997,-66.43596
4111693749.999997,-66.59213
4111694687.499997,-66.06166
4111695624.999997,-66.34129
4111696562.499997,-66.56693
4111697499.999997,-66.52693
4111698437.499997,-66.39163
4111699374.999997,-66.26857
4111700312.499997,-66.25042
4111701249.999997,-66.02089
4111702187.499997,-66.2622
4111703124.999997,-66.45449
4111704062.499997,-66.28934
4111704999.999997,-66.61102
4111705937.499997,-66.62653
4111706874.999997,-66.23627
4111707812.499997,-66.36121
4111708749.999997,-66.50916
4111709687.499997,-66.19334
4111710624.999997,-66.26067
4111711562.499997,-66.0668
4111712499.999997,-66.03745
4111713437.499997,-66.42062
4111714374.999997,-66.04216
4111715312.499997,-66.57557
4111716249.999997,-66.34727
4111717187.499997,-66.48435
4111718124.999997,-66.58721
4111719062.499997,-66.51554
4111719999.999997,-65.9687
4111720937.499997,-66.55244
4111721874.999997,-66.1022
4111722812.499997,-65.88869
4111723749.999997,-66.21614
4111724687.499997,-66.41938
4111725624.999997,-66.28493
4111726562.499997,-65.85724
4111727499.999997,-66.3154
4111728437.499997,-66.2706
4111729374.999997,-66.40439
4111730312.499997,-66.09389
4111731249.999997,-66.08102
4111732187.499997,-66.41771
4111733124.999997,-66.09969
4111734062.499997,-66.72511
4111734999.999997,-66.31349
4111735937.499997,-66.43239
4111736874.999997,-66.29451
4111737812.499997,-66.15328
4111738749.999997,-66.53951
4111739687.499997,-66.4559
4111740624.999997,-66.11907
4111741562.499997,-66.57433
4111742499.999997,-66.14281
4111743437.499997,-66.21027
4111744374.999997,-66.06678
4111745312.499997,-66.2576
4111746249.999997,-66.51634
4111747187.499997,-66.09998
4111748124.999997,-66.44819
4111749062.499997,-66.40191
4111749999.999997,-65.98289
4111750937.499997,-66.50912
4111751874.999997,-66.13851
4111752812.499997,-66.40038
4111753749.999997,-66.44955
4111754687.499997,-66.12561
4111755624.999997,-66.35503
4111756562.499997,-66.29398
4111757499.999997,-66.27306
4111758437.499997,-66.54419
4111759374.999997,-66.15798
4111760312.499997,-66.37241
4111761249.999997,-66.41016
4111762187.499997,-65.96381
4111763124.999997,-66.56023
4111764062.499997,-66.19859
4111764999.999997,-65.93189
4111765937.499997,-66.20524
4111766874.999997,-66.41255
4111767812.499997,-66.50074
4111768749.999997,-66.55533
4111769687.499997,-66.02268
4111770624.999997,-66.77463
4111771562.499997,-66.15121
4111772499.999997,-66.54874
4111773437.499997,-66.42346
4111774374.999997,-66.51279
4111775312.499997,-66.148
4111776249.999997,-66.32951
4111777187.499997,-66.35311
4111778124.999997,-66.20854
4111779062.499997,-66.32587
4111779999.999997,-66.29029
4111780937.499997,-66.258
4111781874.999997,-66.3606
4111782812.499997,-66.0032
4111783749.999997,-66.22178
4111784687.499997,-66.35854
4111785624.999997,-66.83572
4111786562.499997,-66.0495
4111787499.999997,-66.13494
4111788437.499997,-66.75756
4111789374.999997,-66.59582
4111790312.499997,-66.56977
4111791249.999997,-66.2714
4111792187.499997,-66.29718
4111793124.999997,-66.52005
4111794062.499997,-66.325
4111794999.999997,-66.10017
4111795937.499997,-65.98126
4111796874.999997,-66.38434
4111797812.499997,-66.12574
4111798749.999997,-66.36172
4111799687.499997,-66.393
4111800624.999997,-66.38083
4111801562.499997,-66.01311
4111802499.999997,-66.33185
4111803437.499997,-66.2728
4111804374.999997,-66.48323
4111805312.499997,-66.38865
4111806249.999997,-66.2746
4111807187.499997,-66.26916
4111808124.999997,-66.26794
4111809062.499997,-66.19961
4111809999.999997,-66.43101
4111810937.499997,-66.47556
4111811874.999997,-66.30112
4111812812.499997,-66.55134
4111813749.999997,-65.8213
4111814687.499997,-66.28104
4111815624.999997,-66.06545
4111816562.499997,-66.17561
4111817499.999997,-66.26651
4111818437.499997,-66.33994
4111819374.999997,-66.50368
4111820312.499997,-65.89124
4111821249.999997,-66.0161
4111822187.499997,-65.83458
4111823124.999997,-66.35286
4111824062.499997,-66.20779
4111824999.999997,-65.93955
4111825937.499997,-66.42
4111826874.999997,-66.41466
4111827812.499997,-66.61777
4111828749.999997,-66.01729
4111829687.499997,-66.38572
4111830624.999997,-66.52425
4111831562.499997,-66.21063
4111832499.999997,-66.06488
4111833437.499997,-66.47211
4111834374.999997,-66.60361
4111835312.499997,-66.45157
4111836249.999997,-66.28789
4111837187.499997,-66.20502
4111838124.999997,-65.7173
4111839062.499997,-66.02905
4111839999.999997,-66.55418
4111840937.499997,-66.12376
4111841874.999997,-66.08107
4111842812.499997,-66.25095
4111843749.999997,-66.56345
4111844687.499997,-66.23169
4111845624.999997,-66.36544
4111846562.499997,-66.17026
4111847499.999997,-66.30959
4111848437.499997,-66.21223
4111849374.999997,-65.9434
4111850312.499997,-66.4281
4111851249.999997,-66.37708
4111852187.499997,-66.26005
4111853124.999997,-66.24657
4111854062.499997,-66.29306
4111854999.999997,-65.99749
4111855937.499997,-66.42439
4111856874.999997,-66.06885
4111857812.499997,-66.23193
4111858749.999997,-66.17131
4111859687.499997,-65.67558
4111860624.999997,-66.09892
4111861562.499997,-65.75027
4111862499.999997,-66.42242
4111863437.499997,-66.35321
4111864374.999997,-66.21996
4111865312.499997,-66.12265
4111866249.999997,-66.3145
4111867187.499997,-66.41913
4111868124.999997,-66.26087
4111869062.499997,-66.24679
4111869999.999997,-65.72123
4111870937.499997,-66.00629
4111871874.999997,-66.15603
4111872812.499997,-66.34351
4111873749.999997,-65.95077
4111874687.499997,-66.34329
4111875624.999997,-66.06638
4111876562.499997,-65.80151
4111877499.999997,-65.91106
4111878437.499997,-65.96427
4111879374.999997,-66.30009
4111880312.499997,-66.02239
4111881249.999997,-66.4866
4111882187.499997,-66.12199
4111883124.999997,-66.32466
4111884062.499997,-66.17435
4111884999.999997,-66.32948
4111885937.499997,-66.27415
4111886874.999997,-66.12756
4111887812.499997,-66.41132
4111888749.999997,-66.18654
4111889687.499997,-66.60941
4111890624.999997,-66.23279
4111891562.499997,-66.00879
4111892499.999997,-66.2026
4111893437.499997,-66.2611
4111894374.999997,-65.80156
4111895312.499997,-66.08614
4111896249.999997,-65.70113
4111897187.499997,-66.09578
4111898124.999997,-66.28361
4111899062.499997,-66.14172
4111899999.999997,-66.00446
4111900937.499997,-66.23689
4111901874.999997,-66.58843
4111902812.499997,-66.25107
4111903749.999997,-66.1311
4111904687.499997,-66.08611
4111905624.999997,-66.06593
4111906562.499997,-66.20832
4111907499.999997,-66.42728
4111908437.499997,-65.85123
4111909374.999997,-66.08261
4111910312.499997,-66.00999
4111911249.999997,-66.36436
4111912187.499997,-66.01427
4111913124.999997,-65.75684
4111914062.499997,-66.01983
4111914999.999997,-66.05454
4111915937.499997,-66.33121
4111916874.999997,-65.95042
4111917812.499997,-65.80903
4111918749.999997,-65.95306
4111919687.499997,-66.13499
4111920624.999997,-66.16653
4111921562.499997,-66.03526
4111922499.999997,-66.23058
4111923437.499997,-65.8326
4111924374.999997,-66.24815
4111925312.499997,-65.94705
4111926249.999997,-65.91317
4111927187.499997,-66.06271
4111928124.999997,-66.46071
4111929062.499997,-65.58439
4111929999.999997,-66.45518
4111930937.499997,-65.7905
4111931874.999997,-66.24282
4111932812.499997,-66.09142
4111933749.999997,-65.94528
4111934687.499997,-65.95031
4111935624.999997,-65.99101
4111936562.499997,-66.15284
4111937499.999997,-65.82137
4111938437.499997,-65.96423
4111939374.999997,-66.12479
4111940312.499997,-66.15992
4111941249.999997,-66.00382
4111942187.499997,-66.58651
4111943124.999997,-66.102
4111944062.499997,-65.88004
4111944999.999997,-66.34193
4111945937.499997,-66.0488
4111946874.999997,-66.44675
4111947812.499997,-66.43181
4111948749.999997,-65.94899
4111949687.499997,-66.39447
4111950624.999997,-66.16582
4111951562.499997,-66.26911
4111952499.999997,-66.13139
4111953437.499997,-66.01025
4111954374.999997,-66.2366
4111955312.499997,-66.07376
4111956249.999997,-66.44002
4111957187.499997,-65.99986
4111958124.999997,-66.15374
4111959062.499997,-66.06487
4111959999.999997,-66.27084
4111960937.499997,-66.11747
4111961874.999997,-66.19283
4111962812.499997,-66.0891
4111963749.999997,-65.96034
4111964687.499997,-66.18055
4111965624.999997,-65.95437
4111966562.499997,-66.12254
4111967499.999997,-65.76917
4111968437.499997,-66.22587
4111969374.999997,-66.01482
4111970312.499997,-65.99559
4111971249.999997,-65.95789
4111972187.499997,-66.09647
4111973124.999997,-66.15961
4111974062.499997,-66.23434
4111974999.999997,-66.12902
4111975937.499997,-65.93457
4111976874.999997,-65.93257
4111977812.499997,-65.93668
4111978749.999997,-65.96041
4111979687.499997,-66.32047
4111980624.999997,-66.25443
4111981562.499997,-66.0444
4111982499.999997,-66.16399
4111983437.499997,-65.85654
4111984374.999997,-66.04411
4111985312.499997,-66.20729
4111986249.999997,-66.13467
4111987187.499997,-66.02732
4111988124.999997,-65.87437
4111989062.499997,-65.98534
4111989999.999997,-66.22223
4111990937.499997,-66.17429
4111991874.999997,-65.98385
4111992812.499997,-66.04819
4111993749.999997,-66.14702
4111994687.499997,-66.15382
4111995624.999997,-66.13483
4111996562.499997,-65.80403
4111997499.999997,-66.25179
4111998437.499997,-65.8548
4111999374.999997,-66.04369
4112000312.499997,-66.34792
4112001249.999997,-66.4634
4112002187.499997,-65.8082
4112003124.999997,-66.18259
4112004062.499997,-66.19722
4112004999.999997,-65.96942
4112005937.499997,-66.39377
4112006874.999997,-66.18287
4112007812.499997,-66.33131
4112008749.999997,-66.24827
4112009687.499997,-65.95863
4112010624.999997,-66.18045
4112011562.499997,-66.28708
4112012499.999997,-66.25233
4112013437.499997,-66.0773
4112014374.999997,-66.03345
4112015312.499997,-65.84495
4112016249.999997,-66.21458
4112017187.499997,-65.90356
4112018124.999997,-65.89496
4112019062.499997,-66.13269
4112019999.999997,-66.11626
4112020937.499997,-65.96094
4112021874.999997,-66.00861
4112022812.499997,-65.93161
4112023749.999997,-66.0241
4112024687.499997,-66.03648
4112025624.999997,-65.85739
4112026562.499997,-65.97292
4112027499.999997,-66.3536
4112028437.499997,-65.9934
4112029374.999997,-65.95889
4112030312.499997,-66.26499
4112031249.999997,-66.05281
4112032187.499997,-66.09129
4112033124.999997,-66.02968
4112034062.499997,-66.16006
4112034999.999997,-65.76001
4112035937.499997,-66.11243
4112036874.999997,-65.8884
4112037812.499997,-66.26891
4112038749.999997,-66.35931
4112039687.499997,-65.98837
4112040624.999997,-66.03459
4112041562.499997,-66.00125
4112042499.999997,-66.11758
4112043437.499997,-66.4352
4112044374.999997,-65.97741
4112045312.499997,-65.9325
4112046249.999997,-65.52264
4112047187.499997,-66.10844
4112048124.999997,-66.01187
4112049062.499997,-65.914
4112049999.999997,-66.2999
4112050937.499997,-66.05463
4112051874.999997,-65.79926
4112052812.499997,-66.2078
4112053749.999997,-66.3467
4112054687.499997,-66.02062
4112055624.999997,-65.90936
4112056562.499997,-66.29259
4112057499.999997,-66.30288
4112058437.499997,-66.01263
4112059374.999997,-66.48867
4112060312.499997,-65.89281
4112061249.999997,-66.16164
4112062187.499997,-66.22178
4112063124.999997,-66.29644
4112064062.499997,-65.8231
4112064999.999997,-66.1074
4112065937.499997,-65.98754
4112066874.999997,-65.83267
4112067812.499997,-66.07458
4112068749.999997,-66.13367
4112069687.499997,-65.8772
4112070624.999997,-66.13022
4112071562.499997,-65.88261
4112072499.999997,-66.09324
4112073437.499997,-65.84368
4112074374.999997,-65.98948
4112075312.499997,-65.59964
4112076249.999997,-66.14151
4112077187.499997,-66.09486
4112078124.999997,-66.17317
4112079062.499997,-65.99043
4112079999.999997,-65.80606
4112080937.499997,-65.88421
4112081874.999997,-66.06492
4112082812.499997,-65.91241
4112083749.999997,-65.93067
4112084687.499997,-66.01683
4112085624.999997,-65.99628
4112086562.499997,-66.35015
4112087499.999997,-65.74148
4112088437.499997,-65.91407
4112089374.999997,-65.93078
4112090312.499997,-65.81067
4112091249.999997,-65.89869
4112092187.499997,-65.80424
4112093124.999997,-65.69936
4112094062.499997,-66.11253
4112094999.999997,-66.18134
4112095937.499997,-66.19699
4112096874.999997,-66.59708
4112097812.499997,-65.91135
4112098749.999997,-65.83237
4112099687.499997,-66.09389
4112100624.999997,-65.84387
4112101562.499997,-65.99434
4112102499.999997,-65.86604
4112103437.499997,-65.82337
4112104374.999997,-66.01574
4112105312.499997,-66.04786
4112106249.999997,-66.07481
4112107187.499997,-66.12127
4112108124.999997,-66.29843
4112109062.499997,-65.9719
4112109999.999997,-65.92439
4112110937.499997,-66.08447
4112111874.999997,-65.77368
4112112812.499997,-65.69957
4112113749.999997,-65.91469
4112114687.499997,-66.04102
4112115624.999997,-65.74365
4112116562.499997,-66.13763
4112117499.999997,-65.80923
4112118437.499997,-65.9137
4112119374.999997,-65.89603
4112120312.499997,-65.88824
4112121249.999997,-65.94194
4112122187.499997,-65.60815
4112123124.999997,-66.09968
4112124062.499997,-65.86735
4112124999.999997,-66.03783
4112125937.499997,-65.72623
4112126874.999997,-65.95632
4112127812.499997,-66.20272
4112128749.999997,-65.79457
4112129687.499997,-65.47925
4112130624.999997,-66.03247
4112131562.499997,-65.93771
4112132499.999997,-66.20071
4112133437.499997,-65.85011
4112134374.999997,-65.93497
4112135312.499997,-65.88625
4112136249.999997,-66.10889
4112137187.499997,-66.41405
4112138124.999997,-66.12196
4112139062.499997,-66.19514
4112139999.999997,-66.06364
4112140937.499997,-65.86317
4112141874.999997,-66.0211
4112142812.499997,-65.70377
4112143749.999997,-66.03065
4112144687.499997,-65.80001
4112145624.999997,-66.04575
4112146562.499997,-66.15764
4112147499.999997,-65.9324
4112148437.499997,-66.10943
4112149374.999997,-65.76424
4112150312.499997,-66.2083
4112151249.999997,-66.04586
4112152187.499997,-65.75703
4112153124.999997,-65.96819
4112154062.499997,-66.03598
4112154999.999997,-65.71404
4112155937.499997,-66.21269
4112156874.999997,-65.60303
4112157812.499997,-65.87618
4112158749.999997,-65.81948
4112159687.499997,-65.96496
4112160624.999997,-65.84503
4112161562.499997,-66.24388
4112162499.999997,-65.99039
4112163437.499997,-65.92352
4112164374.999997,-66.01992
4112165312.499997,-65.9007
4112166249.999997,-65.91908
4112167187.499997,-66.35142
4112168124.999997,-65.98184
4112169062.499997,-65.74548
4112169999.999997,-65.87611
4112170937.499997,-65.82341
4112171874.999997,-65.73958
4112172812.499997,-65.79416
4112173749.999997,-65.68091
4112174687.499997,-66.11392
4112175624.999997,-65.6491
4112176562.499997,-65.60167
4112177499.999997,-65.83218
4112178437.499997,-65.62932
4112179374.999997,-65.90634
4112180312.499997,-65.86643
4112181249.999997,-66.06445
4112182187.499997,-65.88297
4112183124.999997,-65.63514
4112184062.499997,-66.14883
4112184999.999997,-65.93893
4112185937.499997,-66.04109
4112186874.999997,-65.94638
4112187812.499997,-66.18728
4112188749.999997,-66.20901
4112189687.499997,-65.94619
4112190624.999997,-65.69851
4112191562.499997,-66.17507
4112192499.999997,-65.97575
4112193437.499997,-65.97342
4112194374.999997,-66.01111
4112195312.499997,-66.06863
4112196249.999997,-65.83544
4112197187.499997,-65.53379
4112198124.999997,-65.67541
4112199062.499997,-66.13548
4112199999.999997,-65.91357
4112200937.499997,-65.62833
4112201874.999997,-66.03408
4112202812.499997,-66.04721
4112203749.999997,-66.04326
4112204687.499997,-65.56985
4112205624.999997,-65.98302
4112206562.499997,-65.75076
4112207499.999997,-65.74892
4112208437.499997,-65.80766
4112209374.999997,-65.8971
4112210312.499997,-66.08876
4112211249.999997,-65.58716
4112212187.499997,-65.87172
4112213124.999997,-65.91264
4112214062.499997,-66.03876
4112214999.999997,-65.86038
4112215937.499997,-66.16508
4112216874.999997,-65.64342
4112217812.499997,-66.12308
4112218749.999997,-65.98696
4112219687.499997,-65.88921
4112220624.999997,-66.29824
4112221562.499997,-65.96194
4112222499.999997,-66.08624
4112223437.499997,-65.88669
4112224374.999997,-65.70276
4112225312.499997,-65.93462
4112226249.999997,-65.71499
4112227187.499997,-65.80477
4112228124.999997,-66.32009
4112229062.499997,-65.87992
4112229999.999997,-66.30437
4112230937.499997,-65.9017
4112231874.999997,-65.9063
4112232812.499997,-66.24759
4112233749.999997,-65.66831
4112234687.499997,-65.50806
4112235624.999997,-66.23602
4112236562.499997,-66.28609
4112237499.999997,-65.8308
4112238437.499997,-65.94479
4112239374.999997,-65.8121
4112240312.499997,-66.02638
4112241249.999997,-66.14915
4112242187.499997,-65.93337
4112243124.999997,-66.08889
4112244062.499997,-65.58369
4112244999.999997,-65.78024
4112245937.499997,-65.82975
4112246874.999997,-66.13786
4112247812.499997,-65.97208
4112248749.999997,-65.48858
4112249687.499997,-65.84315
4112250624.999997,-66.16299
4112251562.499997,-65.77513
4112252499.999997,-65.97316
4112253437.499997,-66.08413
4112254374.999997,-65.71442
4112255312.499997,-65.7033
4112256249.999997,-65.69632
4112257187.499997,-65.63712
4112258124.999997,-65.89731
4112259062.499997,-65.61394
4112259999.999997,-65.6136
4112260937.499997,-65.77998
4112261874.999997,-65.64066
4112262812.499997,-65.72702
4112263749.999997,-66.01892
4112264687.499997,-65.93456
4112265624.999997,-65.86552
4112266562.499997,-65.62656
4112267499.999997,-66.09046
4112268437.499997,-65.84711
4112269374.999997,-65.81581
4112270312.499997,-65.90874
4112271249.999997,-65.72071
4112272187.499997,-65.71336
4112273124.999997,-65.81276
4112274062.499997,-65.84546
4112274999.999997,-65.61783
4112275937.499997,-65.61502
4112276874.999997,-65.6655
4112277812.499997,-65.96016
4112278749.999997,-66.06834
4112279687.499997,-66.2666
4112280624.999997,-65.62244
4112281562.499997,-66.13506
4112282499.999997,-65.67999
4112283437.499997,-65.81908
4112284374.999997,-65.99478
4112285312.499997,-65.71875
4112286249.999997,-65.50375
4112287187.499997,-66.08569
4112288124.999997,-65.93139
4112289062.499997,-65.94125
4112289999.999997,-65.87427
4112290937.499997,-66.08418
4112291874.999997,-65.36858
4112292812.499997,-65.88412
4112293749.999997,-65.83794
4112294687.499997,-65.97807
4112295624.999997,-65.80666
4112296562.499997,-65.69124
4112297499.999997,-65.71996
4112298437.499997,-65.55526
4112299374.999997,-65.61768
4112300312.499997,-65.71252
4112301249.999997,-66.04082
4112302187.499997,-65.94006
4112303124.999997,-65.77999
4112304062.499997,-66.14046
4112304999.999997,-65.59153
4112305937.499997,-66.30001
4112306874.999997,-65.76073
4112307812.499997,-65.72572
4112308749.999997,-65.99764
4112309687.499997,-65.90315
4112310624.999997,-65.82663
4112311562.499997,-65.9865
4112312499.999997,-66.05533
4112313437.499997,-65.73811
4112314374.999997,-65.68252
4112315312.499997,-65.66125
4112316249.999997,-66.06448
4112317187.499997,-65.94843
4112318124.999997,-65.64062
4112319062.499997,-65.55013
4112319999.999997,-66.31721
4112320937.499997,-66.16658
4112321874.999997,-65.64922
4112322812.499997,-65.67732
4112323749.999997,-65.59262
4112324687.499997,-65.97868
4112325624.999997,-65.8539
4112326562.499997,-65.81564
4112327499.999997,-65.78699
4112328437.499997,-66.05256
4112329374.999997,-65.81416
4112330312.499997,-65.7141
4112331249.999997,-65.56453
4112332187.499997,-65.41626
4112333124.999997,-65.96431
4112334062.499997,-65.40491
4112334999.999997,-65.78484
4112335937.499997,-65.94957
4112336874.999997,-65.70351
4112337812.499997,-65.97678
4112338749.999997,-65.79071
4112339687.499997,-65.6055
4112340624.999997,-65.96632
4112341562.499997,-65.54058
4112342499.999997,-65.63151
4112343437.499997,-65.88067
4112344374.999997,-65.90307
4112345312.499997,-65.58389
4112346249.999997,-65.4371
4112347187.499997,-65.96796
4112348124.999997,-65.46532
4112349062.499997,-65.68694
4112349999.999997,-66.09747
4112350937.499997,-66.02644
4112351874.999997,-65.46597
4112352812.499997,-65.8902
4112353749.999997,-65.66853
4112354687.499997,-65.72771
4112355624.999997,-65.83652
4112356562.499997,-65.85297
4112357499.999997,-66.12071
4112358437.499997,-65.85413
4112359374.999997,-65.82715
4112360312.499997,-66.11109
4112361249.999997,-65.81403
4112362187.499997,-65.87523
4112363124.999997,-66.02937
4112364062.499997,-65.47485
4112364999.999997,-66.00033
4112365937.499997,-65.64249
4112366874.999997,-65.58653
4112367812.499997,-65.74651
4112368749.999997,-65.89091
4112369687.499997,-66.12333
4112370624.999997,-65.90967
4112371562.499997,-66.13718
4112372499.999997,-65.8265
4112373437.499997,-65.65535
4112374374.999997,-65.49277
4112375312.499997,-65.68619
4112376249.999997,-65.75832
4112377187.499997,-65.51747
4112378124.999997,-65.32867
4112379062.499997,-65.93042
4112379999.999997,-65.64651
4112380937.499997,-66.06167
4112381874.999997,-65.68591
4112382812.499997,-65.53317
4112383749.999997,-65.85414
4112384687.499997,-66.01569
4112385624.999997,-65.76145
4112386562.499997,-65.47673
4112387499.999997,-65.82031
4112388437.499997,-65.65714
4112389374.999997,-65.94877
4112390312.499997,-65.89065
4112391249.999997,-66.00674
4112392187.499997,-65.50159
4112393124.999997,-65.66089
4112394062.499997,-65.56539
4112394999.999997,-65.66237
4112395937.499997,-65.77536
4112396874.999997,-65.73405
4112397812.499997,-65.69141
4112398749.999997,-65.94072
4112399687.499997,-65.59728
4112400624.999997,-65.61607
4112401562.499997,-65.73166
4112402499.999997,-65.75937
4112403437.499997,-65.77261
4112404374.999997,-65.94075
4112405312.499997,-65.53159
4112406249.999997,-65.84344
4112407187.499997,-65.92631
4112408124.999997,-65.88103
4112409062.499997,-65.5932
4112409999.999997,-65.57655
4112410937.499997,-65.67242
4112411874.999997,-65.74138
4112412812.499997,-65.5511
4112413749.999997,-65.81615
4112414687.499997,-65.41756
4112415624.999997,-65.88702
4112416562.499997,-65.80935
4112417499.999997,-65.73907
4112418437.499997,-65.52979
4112419374.999997,-65.86152
4112420312.499997,-65.49924
4112421249.999997,-65.7382
4112422187.499997,-65.72759
4112423124.999997,-65.65887
4112424062.499997,-65.91629
4112424999.999997,-65.63477
4112425937.499997,-65.91714
4112426874.999997,-65.49535
4112427812.499997,-65.35418
4112428749.999997,-66.07667
4112429687.499997,-65.53735
4112430624.999997,-66.14369
4112431562.499997,-65.65379
4112432499.999997,-65.88505
4112433437.499997,-65.78194
4112434374.999997,-65.46697
4112435312.499997,-66.04412
4112436249.999997,-65.4902
4112437187.499997,-65.67933
4112438124.999997,-65.68622
4112439062.499997,-65.50796
4112439999.999997,-65.78415
4112440937.499997,-65.72316
4112441874.999997,-65.81049
4112442812.499997,-65.72961
4112443749.999997,-65.89417
4112444687.499997,-65.82757
4112445624.999997,-65.72623
4112446562.499997,-65.58789
4112447499.999997,-65.67778
4112448437.499997,-65.64184
4112449374.999997,-65.62941
4112450312.499997,-65.54426
4112451249.999997,-65.9157
4112452187.499997,-65.93105
4112453124.999997,-65.55672
4112454062.499997,-66.01932
4112454999.999997,-65.85233
4112455937.499997,-65.53082
4112456874.999997,-65.22194
4112457812.499997,-65.84734
4112458749.999997,-65.73215
4112459687.499997,-65.50108
4112460624.999997,-66.0752
4112461562.499997,-65.62461
4112462499.999997,-65.70795
4112463437.499997,-65.52029
4112464374.999997,-65.64025
4112465312.499997,-65.49454
4112466249.999997,-65.72536
4112467187.499997,-65.6171
4112468124.999997,-65.72422
4112469062.499997,-65.77105
4112469999.999997,-65.46236
4112470937.499997,-65.82463
4112471874.999997,-65.64457
4112472812.499997,-65.43364
4112473749.999997,-65.43164
4112474687.499997,-65.9683
4112475624.999997,-65.44043
4112476562.499997,-65.46891
4112477499.999997,-65.76418
4112478437.499997,-65.69479
4112479374.999997,-65.94424
4112480312.499997,-65.54188
4112481249.999997,-65.79523
4112482187.499997,-65.78226
4112483124.999997,-65.52182
4112484062.499997,-65.78861
4112484999.999997,-65.50617
4112485937.499997,-65.67322
4112486874.999997,-65.5173
4112487812.499997,-65.65726
4112488749.999997,-65.55551
4112489687.499997,-65.76863
4112490624.999997,-65.61951
4112491562.499997,-65.68449
4112492499.999997,-65.53645
4112493437.499997,-65.68528
4112494374.999997,-65.50745
4112495312.499997,-65.67907
4112496249.999997,-65.76584
4112497187.499997,-65.37614
4112498124.999997,-65.35909
4112499062.499997,-65.74526
4112499999.999997,-65.92587
4112500937.499997,-65.69827
4112501874.999997,-65.55554
4112502812.499997,-65.4765
4112503749.999997,-65.68191
4112504687.499997,-65.36957
4112505624.999997,-65.56161
4112506562.499997,-65.24477
4112507499.999997,-65.38158
4112508437.499997,-65.4419
4112509374.999997,-65.64223
4112510312.499997,-65.89816
4112511249.999997,-65.57234
4112512187.499997,-65.67597
4112513124.999997,-65.98034
4112514062.499997,-65.87403
4112514999.999997,-65.54926
4112515937.499997,-65.644
4112516874.999997,-65.75754
4112517812.499997,-65.59259
4112518749.999997,-65.29164
4112519687.499997,-65.69684
4112520624.999997,-65.57361
4112521562.499997,-65.60281
4112522499.999997,-65.29663
4112523437.499997,-65.43488
4112524374.999997,-65.67729
4112525312.499997,-65.86463
4112526249.999997,-65.4641
4112527187.499997,-65.57521
4112528124.999997,-65.74684
4112529062.499997,-65.8294
4112529999.999997,-65.70502
4112530937.499997,-65.40193
4112531874.999997,-65.73748
4112532812.499997,-65.54642
4112533749.999997,-65.86513
4112534687.499997,-65.894
4112535624.999997,-64.98381
4112536562.499997,-65.66878
4112537499.999997,-65.59269
4112538437.499997,-65.76304
4112539374.999997,-65.32349
4112540312.499997,-65.75896
4112541249.999997,-65.69173
4112542187.499997,-65.77059
4112543124.999997,-65.61794
4112544062.499997,-65.57781
4112544999.999997,-65.63252
4112545937.499997,-65.77409
4112546874.999997,-65.36764
4112547812.499997,-65.46636
4112548749.999997,-65.88473
4112549687.499997,-65.50307
4112550624.999997,-65.06345
4112551562.499997,-65.65736
4112552499.999997,-65.61885
4112553437.499997,-65.69774
4112554374.999997,-65.24783
4112555312.499997,-65.82448
4112556249.999997,-65.43433
4112557187.499997,-65.70847
4112558124.999997,-65.56076
4112559062.499997,-65.9118
4112559999.999997,-65.82493
4112560937.499997,-65.5676
4112561874.999997,-65.78875
4112562812.499997,-65.58868
4112563749.999997,-65.5505
4112564687.499997,-65.69247
4112565624.999997,-65.9537
4112566562.499997,-65.53463
4112567499.999997,-65.7945
4112568437.499997,-65.4923
4112569374.999997,-65.52483
4112570312.499997,-65.53509
4112571249.999997,-65.88878
4112572187.499997,-65.57438
4112573124.999997,-65.78554
4112574062.499997,-65.64014
4112574999.999997,-65.63306
4112575937.499997,-65.61455
4112576874.999997,-65.83937
4112577812.499997,-65.74788
4112578749.999997,-65.65643
4112579687.499997,-65.7115
4112580624.999997,-65.96269
4112581562.499997,-65.40546
4112582499.999997,-65.1688
4112583437.499997,-65.4684
4112584374.999997,-65.62602
4112585312.499997,-65.75206
4112586249.999997,-65.61464
4112587187.499997,-65.9545
4112588124.999997,-65.7296
4112589062.499997,-65.58193
4112589999.999997,-65.86479
4112590937.499997,-65.59793
4112591874.999997,-65.71554
4112592812.499997,-65.54034
4112593749.999997,-65.41102
4112594687.499997,-65.63732
4112595624.999997,-65.00226
4112596562.499997,-65.37588
4112597499.999997,-65.2722
4112598437.499997,-65.75957
4112599374.999997,-65.50871
4112600312.499997,-65.45619
4112601249.999997,-65.74278
4112602187.499997,-65.53246
4112603124.999997,-65.85025
4112604062.499997,-65.86418
4112604999.999997,-65.75217
4112605937.499997,-65.40475
4112606874.999997,-65.35246
4112607812.499997,-65.64458
4112608749.999997,-66.04803
4112609687.499997,-65.56157
4112610624.999997,-65.51285
4112611562.499997,-65.62955
4112612499.999997,-65.73023
4112613437.499997,-65.47163
4112614374.999997,-65.59119
4112615312.499997,-65.54372
4112616249.999997,-65.46066
4112617187.499997,-65.39468
4112618124.999997,-65.53593
4112619062.499997,-65.27847
4112619999.999997,-65.49
4112620937.499997,-65.59818
4112621874.999997,-65.55904
4112622812.499997,-65.44044
4112623749.999997,-65.67695
4112624687.499997,-65.99848
4112625624.999997,-65.75385
4112626562.499997,-65.76045
4112627499.999997,-65.36388
4112628437.499997,-65.71486
4112629374.999997,-65.6046
4112630312.499997,-65.34465
4112631249.999997,-65.88175
4112632187.499997,-65.64008
4112633124.999997,-65.70088
4112634062.499997,-65.59601
4112634999.999997,-65.61883
4112635937.499997,-65.59891
4112636874.999997,-65.66766
4112637812.499997,-65.71349
4112638749.999997,-65.50722
4112639687.499997,-65.4653
4112640624.999997,-65.55539
4112641562.499997,-65.47113
4112642499.999997,-65.68983
4112643437.499997,-65.60719
4112644374.999997,-65.28654
4112645312.499997,-65.58882
4112646249.999997,-65.35978
4112647187.499997,-65.78985
4112648124.999997,-65.62444
4112649062.499997,-65.64317
4112649999.999997,-65.48038
4112650937.499997,-65.46146
4112651874.999997,-65.50935
4112652812.499997,-65.35871
4112653749.999997,-65.338
4112654687.499997,-65.70236
4112655624.999997,-65.50445
4112656562.499997,-65.7627
4112657499.999997,-65.57618
4112658437.499997,-65.58385
4112659374.999997,-65.30997
4112660312.499997,-65.76095
4112661249.999997,-65.46875
4112662187.499997,-65.59379
4112663124.999997,-65.36456
4112664062.499997,-65.32052
4112664999.999997,-65.33142
4112665937.499997,-65.41645
4112666874.999997,-65.51693
4112667812.499997,-65.33898
4112668749.999997,-65.80458
4112669687.499997,-65.17104
4112670624.999997,-65.61232
4112671562.499997,-65.32319
4112672499.999997,-65.44247
4112673437.499997,-65.6606
4112674374.999997,-65.45373
4112675312.499997,-65.23685
4112676249.999997,-65.04446
4112677187.499997,-65.54666
4112678124.999997,-65.40959
4112679062.499997,-65.59926
4112679999.999997,-65.41103
4112680937.499997,-65.06921
4112681874.999997,-65.44877
4112682812.499997,-65.25106
4112683749.999997,-65.56425
4112684687.499997,-65.55202
4112685624.999997,-65.53995
4112686562.499997,-65.63033
4112687499.999997,-65.64371
4112688437.499997,-65.47018
4112689374.999997,-65.16712
4112690312.499997,-65.67989
4112691249.999997,-65.73221
4112692187.499997,-65.45986
4112693124.999997,-65.49026
4112694062.499997,-65.70201
4112694999.999997,-65.51597
4112695937.499997,-65.75326
4112696874.999997,-65.71072
4112697812.499997,-65.74076
4112698749.999997,-65.50809
4112699687.499997,-65.67159
4112700624.999997,-65.3819
4112701562.499997,-65.43676
4112702499.999997,-65.75571
4112703437.499997,-65.42632
4112704374.999997,-65.32564
4112705312.499997,-65.73406
4112706249.999997,-65.40067
4112707187.499997,-65.44141
4112708124.999997,-65.76035
4112709062.499997,-65.56981
4112709999.999997,-65.31409
4112710937.499997,-65.25034
4112711874.999997,-65.41818
4112712812.499997,-65.58557
4112713749.999997,-65.67152
4112714687.499997,-65.66019
4112715624.999997,-65.26865
4112716562.499997,-65.3344
4112717499.999997,-65.3195
4112718437.499997,-65.41298
4112719374.999997,-65.84751
4112720312.499997,-65.45448
4112721249.999997,-65.31494
4112722187.499997,-65.24286
4112723124.999997,-65.50909
4112724062.499997,-65.6484
4112724999.999997,-65.49569
4112725937.499997,-65.62012
4112726874.999997,-65.31794
4112727812.499997,-65.57947
4112728749.999997,-65.91286
4112729687.499997,-65.58582
4112730624.999997,-65.34808
4112731562.499997,-65.23273
4112732499.999997,-65.97893
4112733437.499997,-65.39421
4112734374.999997,-65.40408
4112735312.499997,-65.36081
4112736249.999997,-65.35711
4112737187.499997,-65.23004
4112738124.999997,-65.56378
4112739062.499997,-65.83021
4112739999.999997,-65.39815
4112740937.499997,-65.65858
4112741874.999997,-65.4403
4112742812.499997,-65.26087
4112743749.999997,-65.35068
4112744687.499997,-65.61349
4112745624.999997,-65.43248
4112746562.499997,-65.58572
4112747499.999997,-65.68532
4112748437.499997,-65.3533
4112749374.999997,-65.39558
4112750312.499997,-65.34005
4112751249.999997,-65.29331
4112752187.499997,-65.46848
4112753124.999997,-65.481
4112754062.499997,-65.7648
4112754999.999997,-65.66412
4112755937.499997,-65.54814
4112756874.999997,-65.42609
4112757812.499997,-65.3047
4112758749.999997,-65.47845
4112759687.499997,-65.26333
4112760624.999997,-65.24734
4112761562.499997,-65.37202
4112762499.999997,-65.43039
4112763437.499997,-65.29475
4112764374.999997,-65.2122
4112765312.499997,-65.30637
4112766249.999997,-65.39961
4112767187.499997,-65.505
4112768124.999997,-66.0361
4112769062.499997,-65.68279
4112769999.999997,-65.45446
4112770937.499997,-65.05837
4112771874.999997,-65.28925
4112772812.499997,-65.48031
4112773749.999997,-65.1944
4112774687.499997,-65.69659
4112775624.999997,-65.42736
4112776562.499997,-65.51388
4112777499.999997,-65.5206
4112778437.499997,-65.51466
4112779374.999997,-65.50109
4112780312.499997,-65.47443
4112781249.999997,-65.21915
4112782187.499997,-65.49759
4112783124.999997,-65.49236
4112784062.499997,-65.6003
4112784999.999997,-65.20728
4112785937.499997,-65.42782
4112786874.999997,-65.72231
4112787812.499997,-65.39456
4112788749.999997,-65.45028
4112789687.499997,-65.34293
4112790624.999997,-64.99969
4112791562.499997,-65.3434
4112792499.999997,-65.06802
4112793437.499997,-65.32639
4112794374.999997,-65.58401
4112795312.499997,-65.53268
4112796249.999997,-65.37284
4112797187.499997,-65.28693
4112798124.999997,-65.29943
4112799062.499997,-65.32963
4112799999.999997,-65.38428
4112800937.499997,-65.27522
4112801874.999997,-65.35292
4112802812.499997,-65.19239
4112803749.999997,-65.73128
4112804687.499997,-65.57298
4112805624.999997,-65.4578
4112806562.499997,-65.39687
4112807499.999997,-65.71949
4112808437.499997,-65.17351
4112809374.999997,-65.33314
4112810312.499997,-65.39919
4112811249.999997,-65.20174
4112812187.499997,-65.5246
4112813124.999997,-65.58992
4112814062.499997,-65.49163
4112814999.999997,-65.05614
4112815937.499997,-65.16573
4112816874.999997,-65.50043
4112817812.499997,-65.48829
4112818749.999997,-65.29947
4112819687.499997,-65.23068
4112820624.999997,-65.65477
4112821562.499997,-65.29671
4112822499.999997,-65.5648
4112823437.499997,-65.36009
4112824374.999997,-65.47367
4112825312.499997,-65.12208
4112826249.999997,-65.22287
4112827187.499997,-65.2839
4112828124.999997,-65.44331
4112829062.499997,-65.08759
4112829999.999997,-65.53674
4112830937.499997,-65.15793
4112831874.999997,-65.41201
4112832812.499997,-65.23537
4112833749.999997,-65.23264
4112834687.499997,-65.24882
4112835624.999997,-65.3994
4112836562.499997,-65.35649
4112837499.999997,-65.32069
4112838437.499997,-65.55336
4112839374.999997,-65.27441
4112840312.499997,-65.39396
4112841249.999997,-65.5048
4112842187.499997,-65.29414
4112843124.999997,-65.31254
4112844062.499997,-65.59288
4112844999.999997,-65.19187
4112845937.499997,-65.37725
4112846874.999997,-65.15167
4112847812.499997,-65.33564
4112848749.999997,-65.5164
4112849687.499997,-65.12117
4112850624.999997,-64.95406
4112851562.499997,-65.21642
4112852499.999997,-65.32301
4112853437.499997,-65.38345
4112854374.999997,-65.58438
4112855312.499997,-65.19795
4112856249.999997,-65.48709
4112857187.499997,-65.47832
4112858124.999997,-65.1951
4112859062.499997,-65.21975
4112859999.999997,-65.33212
4112860937.499997,-65.24969
4112861874.999997,-65.48218
4112862812.499997,-65.23933
4112863749.999997,-65.25199
4112864687.499997,-65.45058
4112865624.999997,-65.03691
4112866562.499997,-65.39307
4112867499.999997,-65.36723
4112868437.499997,-65.35342
4112869374.999997,-65.36328
4112870312.499997,-65.40812
4112871249.999997,-65.15437
4112872187.499997,-65.49392
4112873124.999997,-65.15775
4112874062.499997,-65.33721
4112874999.999997,-65.1889
4112875937.499997,-65.31259
4112876874.999997,-65.39274
4112877812.499997,-65.56628
4112878749.999997,-65.43817
4112879687.499997,-65.20237
4112880624.999997,-65.45488
4112881562.499997,-65.60466
4112882499.999997,-65.45698
4112883437.499997,-65.71762
4112884374.999997,-65.4961
4112885312.499997,-65.76994
4112886249.999997,-65.24915
4112887187.499997,-65.48174
4112888124.999997,-65.15417
4112889062.499997,-65.26939
4112889999.999997,-65.20349
4112890937.499997,-65.11189
4112891874.999997,-65.11133
4112892812.499997,-65.36423
4112893749.999997,-65.22266
4112894687.499997,-65.43676
4112895624.999997,-65.16683
4112896562.499997,-65.36275
4112897499.999997,-65.40985
4112898437.499997,-65.35546
4112899374.999997,-65.17092
4112900312.499997,-65.50594
4112901249.999997,-65.4729
4112902187.499997,-65.20612
4112903124.999997,-65.49301
4112904062.499997,-65.00916
4112904999.999997,-65.26287
4112905937.499997,-65.48557
4112906874.999997,-65.33353
4112907812.499997,-65.30167
4112908749.999997,-65.1876
4112909687.499997,-65.28242
4112910624.999997,-65.63831
4112911562.499997,-65.4258
4112912499.999997,-65.55424
4112913437.499997,-65.05056
4112914374.999997,-65.10375
4112915312.499997,-64.91232
4112916249.999997,-65.58445
4112917187.499997,-65.08008
4112918124.999997,-65.27583
4112919062.499997,-65.14626
4112919999.999997,-65.29918
4112920937.499997,-64.97997
4112921874.999997,-65.07655
4112922812.499997,-65.43152
4112923749.999997,-65.59153
4112924687.499997,-65.42256
4112925624.999997,-65.04945
4112926562.499997,-65.04988
4112927499.999997,-65.54659
4112928437.499997,-65.2905
4112929374.999997,-65.58165
4112930312.499997,-65.31932
4112931249.999997,-65.1723
4112932187.499997,-65.4641
4112933124.999997,-64.93221
4112934062.499997,-64.9504
4112934999.999997,-65.34081
4112935937.499997,-65.21268
4112936874.999997,-65.47165
4112937812.499997,-65.48425
4112938749.999997,-65.51019
4112939687.499997,-65.45588
4112940624.999997,-65.33026
4112941562.499997,-65.51255
4112942499.999997,-65.32582
4112943437.499997,-65.13087
4112944374.999997,-65.16502
4112945312.499997,-65.27653
4112946249.999997,-65.32423
4112947187.499997,-65.4882
4112948124.999997,-65.34348
4112949062.499997,-65.0639
4112949999.999997,-65.24668
4112950937.499997,-65.11757
4112951874.999997,-65.16986
4112952812.499997,-65.34104
4112953749.999997,-65.19033
4112954687.499997,-65.1613
4112955624.999997,-65.15755
4112956562.499997,-65.40482
4112957499.999997,-65.14731
4112958437.499997,-65.35653
4112959374.999997,-65.12711
4112960312.499997,-65.25287
4112961249.999997,-65.17749
4112962187.499997,-65.21881
4112963124.999997,-65.05911
4112964062.499997,-65.285
4112964999.999997,-65.40652
4112965937.499997,-64.94424
4112966874.999997,-65.03985
4112967812.499997,-65.40559
4112968749.999997,-64.82841
4112969687.499997,-65.05704
4112970624.999997,-65.48526
4112971562.499997,-65.20007
4112972499.999997,-65.08703
4112973437.499997,-65.3671
4112974374.999997,-65.26488
4112975312.499997,-65.00735
4112976249.999997,-65.29137
4112977187.499997,-65.25347
4112978124.999997,-65.07065
4112979062.499997,-65.23174
4112979999.999997,-65.3231
4112980937.499997,-65.20492
4112981874.999997,-65.62802
4112982812.499997,-65.37599
4112983749.999997,-65.38447
4112984687.499997,-65.37007
4112985624.999997,-65.00962
4112986562.499997,-65.05865
4112987499.999997,-65.37998
4112988437.499997,-65.20094
4112989374.999997,-65.52329
4112990312.499997,-65.46436
4112991249.999997,-65.12434
4112992187.499997,-65.29278
4112993124.999997,-65.36118
4112994062.499997,-65.06889
4112994999.999997,-65.02004
4112995937.499997,-64.8793
4112996874.999997,-65.2942
4112997812.499997,-65.0832
4112998749.999997,-64.88486
4112999687.499997,-65.22975
4113000624.999997,-65.09332
4113001562.499997,-65.4631
4113002499.999997,-65.05094
4113003437.499997,-65.14105
4113004374.999997,-65.23901
4113005312.499997,-65.2149
4113006249.999997,-65.44527
4113007187.499997,-65.24142
4113008124.999997,-65.20543
4113009062.499997,-65.15045
4113009999.999997,-65.23241
4113010937.499997,-65.1341
4113011874.999997,-65.34728
4113012812.499997,-65.14133
4113013749.999997,-65.18774
4113014687.499997,-65.25833
4113015624.999997,-65.00626
4113016562.499997,-65.18012
4113017499.999997,-64.96243
4113018437.499997,-65.36858
4113019374.999997,-65.20988
4113020312.499997,-65.15668
4113021249.999997,-65.20367
4113022187.499997,-65.19529
4113023124.999997,-65.21241
4113024062.499997,-65.1282
4113024999.999997,-65.15095
4113025937.499997,-65.02607
4113026874.999997,-65.28855
4113027812.499997,-64.91368
4113028749.999997,-65.22437
4113029687.499997,-65.08105
4113030624.999997,-65.17705
4113031562.499997,-64.75903
4113032499.999997,-65.14811
4113033437.499997,-65.50199
4113034374.999997,-65.04436
4113035312.499997,-65.08123
4113036249.999997,-65.32131
4113037187.499997,-65.24498
4113038124.999997,-65.34121
4113039062.499997,-64.72153
4113039999.999997,-65.06578
4113040937.499997,-65.36991
4113041874.999997,-64.9717
4113042812.499997,-65.07276
4113043749.999997,-65.24335
4113044687.499997,-64.9129
4113045624.999997,-65.73581
4113046562.499997,-65.51373
4113047499.999997,-65.45615
4113048437.499997,-65.19259
4113049374.999997,-65.56793
4113050312.499997,-65.15276
4113051249.999997,-65.20019
4113052187.499997,-65.34608
4113053124.999997,-65.19324
4113054062.499997,-65.12877
4113054999.999997,-65.10358
4113055937.499997,-65.53377
4113056874.999997,-65.15885
4113057812.499997,-65.11334
4113058749.999997,-65.31745
4113059687.499997,-65.38709
4113060624.999997,-64.97972
4113061562.499997,-65.13904
4113062499.999997,-65.26775
4113063437.499997,-65.20483
4113064374.999997,-65.26216
4113065312.499997,-65.39085
4113066249.999997,-65.43555
4113067187.499997,-65.2524
4113068124.999997,-65.20433
4113069062.499997,-65.2547
4113069999.999997,-64.81569
4113070937.499997,-64.78084
4113071874.999997,-65.48756
4113072812.499997,-65.08636
4113073749.999997,-65.13996
4113074687.499997,-65.28323
4113075624.999997,-65.28418
4113076562.499997,-65.12479
4113077499.999997,-65.36356
4113078437.499997,-64.82403
4113079374.999997,-65.12031
4113080312.499997,-65.40219
4113081249.999997,-65.02278
4113082187.499997,-65.04467
4113083124.999997,-65.41033
4113084062.499997,-65.2066
4113084999.999997,-64.97311
4113085937.499997,-64.90154
4113086874.999997,-65.30661
4113087812.499997,-65.51814
4113088749.999997,-64.89724
4113089687.499997,-65.43372
4113090624.999997,-64.98635
4113091562.499997,-65.13795
4113092499.999997,-65.29725
4113093437.499997,-64.96233
4113094374.999997,-65.26363
4113095312.499997,-65.05515
4113096249.999997,-65.20865
4113097187.499997,-65.08395
4113098124.999997,-65.31729
4113099062.499997,-65.46613
4113099999.999997,-64.75664
4113100937.499997,-65.08731
4113101874.999997,-65.49374
4113102812.499997,-65.21285
4113103749.999997,-65.19208
4113104687.499997,-64.70473
4113105624.999997,-65.02177
4113106562.499997,-64.90848
4113107499.999997,-65.30396
4113108437.499997,-64.82969
4113109374.999997,-65.24984
4113110312.499997,-64.91692
4113111249.999997,-65.25003
4113112187.499997,-65.14318
4113113124.999997,-64.97953
4113114062.499997,-65.1244
4113114999.999997,-64.86023
4113115937.499997,-65.04859
4113116874.999997,-65.14312
4113117812.499997,-65.13435
4113118749.999997,-64.95311
4113119687.499997,-65.33453
4113120624.999997,-64.96836
4113121562.499997,-65.27101
4113122499.999997,-65.29861
4113123437.499997,-65.02769
4113124374.999997,-65.08334
4113125312.499997,-65.21291
4113126249.999997,-64.93125
4113127187.499997,-65.15788
4113128124.999997,-64.89487
4113129062.499997,-65.11023
4113129999.999997,-64.92611
4113130937.499997,-65.11631
4113131874.999997,-65.07277
4113132812.499997,-64.85751
4113133749.999997,-65.15363
4113134687.499997,-65.08308
4113135624.999997,-65.0161
4113136562.499997,-64.89715
4113137499.999997,-64.8485
4113138437.499997,-65.06888
4113139374.999997,-65.18475
4113140312.499997,-65.06865
4113141249.999997,-65.12724
4113142187.499997,-65.26503
4113143124.999997,-65.1441
4113144062.499997,-64.93939
4113144999.999997,-65.06655
4113145937.499997,-65.36424
4113146874.999997,-65.34414
4113147812.499997,-65.20641
4113148749.999997,-65.0024
4113149687.499997,-64.99223
4113150624.999997,-65.11255
4113151562.499997,-65.29581
4113152499.999997,-64.79005
4113153437.499997,-65.227
4113154374.999997,-64.89506
4113155312.499997,-65.50041
4113156249.999997,-65.21573
4113157187.499997,-65.00221
4113158124.999997,-65.19899
4113159062.499997,-64.98331
4113159999.999997,-65.08946
4113160937.499997,-64.87215
4113161874.999997,-65.08439
4113162812.499997,-65.14684
4113163749.999997,-65.14203
4113164687.499997,-65.35068
4113165624.999997,-65.1332
4113166562.499997,-65.03378
4113167499.999997,-65.37202
4113168437.499997,-65.02045
4113169374.999997,-65.16068
4113170312.499997,-64.99772
4113171249.999997,-65.21685
4113172187.499997,-65.4229
4113173124.999997,-65.13821
4113174062.499997,-65.11587
4113174999.999997,-64.96677
4113175937.499997,-65.34679
4113176874.999997,-64.74632
4113177812.499997,-65.23296
4113178749.999997,-65.19309
4113179687.499997,-64.93949
4113180624.999997,-65.27977
4113181562.499997,-65.0073
4113182499.999997,-65.07278
4113183437.499997,-64.63198
4113184374.999997,-65.06825
4113185312.499997,-65.52676
4113186249.999997,-65.23293
4113187187.499997,-65.07756
4113188124.999997,-65.11768
4113189062.499997,-64.84776
4113189999.999997,-64.94804
4113190937.499997,-64.81975
4113191874.999997,-64.81045
4113192812.499997,-64.97636
4113193749.999997,-65.34622
4113194687.499997,-65.00581
4113195624.999997,-65.07084
4113196562.499997,-65.04538
4113197499.999997,-64.83899
4113198437.499997,-65.07703
4113199374.999997,-64.90329
4113200312.499997,-64.94046
4113201249.999997,-64.92873
4113202187.499997,-65.11098
4113203124.999997,-65.09581
4113204062.499997,-64.96472
4113204999.999997,-65.11037
4113205937.499997,-65.03465
4113206874.999997,-64.89583
4113207812.499997,-65.09466
4113208749.999997,-65.04909
4113209687.499997,-65.1748
4113210624.999997,-64.82178
4113211562.499997,-65.11913
4113212499.999997,-65.00253
4113213437.499997,-65.01596
4113214374.999997,-65.17207
4113215312.499997,-65.11716
4113216249.999997,-65.00398
4113217187.499997,-65.14774
4113218124.999997,-65.01945
4113219062.499997,-65.00985
4113219999.999997,-65.08656
4113220937.499997,-64.84445
4113221874.999997,-64.7479
4113222812.499997,-64.92702
4113223749.999997,-65.09165
4113224687.499997,-65.07252
4113225624.999997,-64.84048
4113226562.499997,-64.97683
4113227499.999997,-65.28806
4113228437.499997,-65.00674
4113229374.999997,-64.8909
4113230312.499997,-64.9928
4113231249.999997,-64.79017
4113232187.499997,-65.0732
4113233124.999997,-65.25372
4113234062.499997,-65.17543
4113234999.999997,-64.96558
4113235937.499997,-64.99083
4113236874.999997,-65.27952
4113237812.499997,-65.14915
4113238749.999997,-64.9771
4113239687.499997,-65.02084
4113240624.999997,-65.21955
4113241562.499997,-65.28808
4113242499.999997,-64.82739
4113243437.499997,-64.89172
4113244374.999997,-65.23244
4113245312.499997,-64.99781
4113246249.999997,-65.12652
4113247187.499997,-65.07817
4113248124.999997,-64.99329
4113249062.499997,-64.90997
4113249999.999997,-64.82999
4113250937.499997,-65.02863
4113251874.999997,-65.26794
4113252812.499997,-64.86949
4113253749.999997,-65.03414
4113254687.499997,-64.99264
4113255624.999997,-65.01035
4113256562.499997,-64.97479
4113257499.999997,-64.64294
4113258437.499997,-64.92721
4113259374.999997,-65.04728
4113260312.499997,-64.97044
4113261249.999997,-64.95825
4113262187.499997,-64.65257
4113263124.999997,-65.09666
4113264062.499997,-64.92288
4113264999.999997,-64.83146
4113265937.499997,-64.86851
4113266874.999997,-64.85509
4113267812.499997,-64.72826
4113268749.999997,-64.89227
4113269687.499997,-64.86215
4113270624.999997,-65.06244
4113271562.499997,-64.78891
4113272499.999997,-64.98447
4113273437.499997,-65.15151
4113274374.999997,-64.85133
4113275312.499997,-64.97155
4113276249.999997,-64.89952
4113277187.499997,-64.95163
4113278124.999997,-64.98648
4113279062.499997,-65.05199
4113279999.999997,-64.99227
4113280937.499997,-65.10456
4113281874.999997,-64.71011
4113282812.499997,-64.96564
4113283749.999997,-64.93936
4113284687.499997,-65.17913
4113285624.999997,-65.13292
4113286562.499997,-64.85105
4113287499.999997,-64.58688
4113288437.499997,-64.97239
4113289374.999997,-64.89085
4113290312.499997,-64.73836
4113291249.999997,-64.6716
4113292187.499997,-64.79702
4113293124.999997,-64.80804
4113294062.499997,-65.28762
4113294999.999997,-64.89214
4113295937.499997,-65.2404
4113296874.999997,-64.70276
4113297812.499997,-64.87914
4113298749.999997,-64.9614
4113299687.499997,-64.93775
4113300624.999997,-64.97823
4113301562.499997,-64.84437
4113302499.999997,-64.95609
4113303437.499997,-65.02553
4113304374.999997,-65.11828
4113305312.499997,-64.74696
4113306249.999997,-65.09671
4113307187.499997,-65.18789
4113308124.999997,-65.02146
4113309062.499997,-65.15367
4113309999.999997,-65.03432
4113310937.499997,-65.13261
4113311874.999997,-64.92203
4113312812.499997,-64.85408
4113313749.999997,-64.87495
4113314687.499997,-65.05155
4113315624.999997,-64.80284
4113316562.499997,-64.84714
4113317499.999997,-64.9533
4113318437.499997,-64.82959
4113319374.999997,-64.85478
4113320312.499997,-64.97351
4113321249.999997,-64.90826
4113322187.499997,-65.2418
4113323124.999997,-64.63079
4113324062.499997,-64.8492
4113324999.999997,-65.19696
4113325937.499997,-64.66936
4113326874.999997,-64.81047
4113327812.499997,-65.0865
4113328749.999997,-64.99993
4113329687.499997,-65.12008
4113330624.999997,-64.69398
4113331562.499997,-64.73688
4113332499.999997,-64.93561
4113333437.499997,-64.97245
4113334374.999997,-64.70637
4113335312.499997,-64.77045
4113336249.999997,-64.97552
4113337187.499997,-64.98722
4113338124.999997,-64.86869
4113339062.499997,-64.70884
4113339999.999997,-64.70161
4113340937.499997,-65.21264
4113341874.999997,-65.09232
4113342812.499997,-64.70778
4113343749.999997,-65.0933
4113344687.499997,-64.81669
4113345624.999997,-64.90372
4113346562.499997,-65.15654
4113347499.999997,-64.62891
4113348437.499997,-65.03272
4113349374.999997,-65.02518
4113350312.499997,-64.96674
4113351249.999997,-64.68037
4113352187.499997,-64.93737
4113353124.999997,-64.99899
4113354062.499997,-64.71205
4113354999.999997,-64.74606
4113355937.499997,-65.14177
4113356874.999997,-64.85979
4113357812.499997,-65.11147
4113358749.999997,-64.98075
4113359687.499997,-64.89342
4113360624.999997,-64.70583
4113361562.499997,-64.87316
4113362499.999997,-64.68249
4113363437.499997,-64.94505
4113364374.999997,-64.86603
4113365312.499997,-64.61866
4113366249.999997,-64.71259
4113367187.499997,-64.95115
4113368124.999997,-64.86696
4113369062.499997,-64.82967
4113369999.999997,-65.20561
4113370937.499997,-64.80518
4113371874.999997,-65.06879
4113372812.499997,-64.76426
4113373749.999997,-64.76615
4113374687.499997,-64.72507
4113375624.999997,-64.69386
4113376562.499997,-65.11545
4113377499.999997,-65.02959
4113378437.499997,-64.7077
4113379374.999997,-65.13631
4113380312.499997,-64.96915
4113381249.999997,-64.77451
4113382187.499997,-65.24198
4113383124.999997,-65.05823
4113384062.499997,-65.00493
4113384999.999997,-64.94779
4113385937.499997,-64.99655
4113386874.999997,-64.80205
4113387812.499997,-65.03889
4113388749.999997,-64.79317
4113389687.499997,-64.98049
4113390624.999997,-65.02384
4113391562.499997,-64.7747
4113392499.999997,-64.69671
4113393437.499997,-64.52982
4113394374.999997,-65.00968
4113395312.499997,-64.86722
4113396249.999997,-65.00318
4113397187.499997,-64.93391
4113398124.999997,-64.70093
4113399062.499997,-64.85686
4113399999.999997,-65.06444
4113400937.499997,-64.76014
4113401874.999997,-64.78316
4113402812.499997,-64.79848
4113403749.999997,-64.72717
4113404687.499997,-64.88364
4113405624.999997,-65.15366
4113406562.499997,-64.72216
4113407499.999997,-64.78966
4113408437.499997,-64.70682
4113409374.999997,-64.70733
4113410312.499997,-65.1674
4113411249.999997,-64.68003
4113412187.499997,-64.88037
4113413124.999997,-64.75911
4113414062.499997,-64.64845
4113414999.999997,-65.00237
4113415937.499997,-65.00949
4113416874.999997,-64.85292
4113417812.499997,-65.00338
4113418749.999997,-64.97255
4113419687.499997,-64.75515
4113420624.999997,-64.43522
4113421562.499997,-64.96535
4113422499.999997,-65.25212
4113423437.499997,-64.93055
4113424374.999997,-64.71742
4113425312.499997,-65.03855
4113426249.999997,-64.96203
4113427187.499997,-64.7324
4113428124.999997,-64.94371
4113429062.499997,-64.56155
4113429999.999997,-64.71663
4113430937.499997,-64.77842
4113431874.999997,-65.13583
4113432812.499997,-65.00737
4113433749.999997,-64.98437
4113434687.499997,-64.75648
4113435624.999997,-65.07946
4113436562.499997,-64.61147
4113437499.999997,-65.31335
4113438437.499997,-64.88271
4113439374.999997,-64.84338
4113440312.499997,-64.88341
4113441249.999997,-64.77858
4113442187.499997,-64.8703
4113443124.999997,-64.83959
4113444062.499997,-64.40826
4113444999.999997,-65.12911
4113445937.499997,-64.93859
4113446874.999997,-64.81159
4113447812.499997,-64.73134
4113448749.999997,-64.91447
4113449687.499997,-64.72041
4113450624.999997,-64.6345
4113451562.499997,-64.80923
4113452499.999997,-64.88822
4113453437.499997,-64.76277
4113454374.999997,-64.61557
4113455312.499997,-64.81974
4113456249.999997,-65.20014
4113457187.499997,-64.84682
4113458124.999997,-65.06456
4113459062.499997,-64.87006
4113459999.999997,-64.87824
4113460937.499997,-64.91271
4113461874.999997,-64.75224
4113462812.499997,-65.00133
4113463749.999997,-64.77483
4113464687.499997,-64.68165
4113465624.999997,-64.7172
4113466562.499997,-64.59013
4113467499.999997,-64.91367
4113468437.499997,-64.94839
4113469374.999997,-64.69128
4113470312.499997,-65.03164
4113471249.999997,-64.75986
4113472187.499997,-64.45335
4113473124.999997,-65.04811
4113474062.499997,-64.75843
4113474999.999997,-64.8329
4113475937.499997,-64.70358
4113476874.999997,-65.21302
4113477812.499997,-64.69128
4113478749.999997,-64.57184
4113479687.499997,-64.87978
4113480624.999997,-64.5794
4113481562.499997,-64.6302
4113482499.999997,-64.85266
4113483437.499997,-65.01497
4113484374.999997,-65.03265
4113485312.499997,-64.7804
4113486249.999997,-64.77602
4113487187.499997,-64.99221
4113488124.999997,-64.67647
4113489062.499997,-64.50278
4113489999.999997,-64.80073
4113490937.499997,-65.11218
4113491874.999997,-64.8748
4113492812.499997,-64.98132
4113493749.999997,-64.84124
4113494687.499997,-64.78417
4113495624.999997,-64.68568
4113496562.499997,-64.82449
4113497499.999997,-64.533
4113498437.499997,-64.97437
4113499374.999997,-64.73574
4113500312.499997,-64.6335
4113501249.999997,-64.85405
4113502187.499997,-64.78519
4113503124.999997,-64.92292
4113504062.499997,-64.85996
4113504999.999997,-64.87926
4113505937.499997,-64.36975
4113506874.999997,-64.4183
4113507812.499997,-64.44421
4113508749.999997,-64.74199
4113509687.499997,-64.65234
4113510624.999997,-64.92229
4113511562.499997,-64.66237
4113512499.999997,-64.9623
4113513437.499997,-64.92335
4113514374.999997,-64.8511
4113515312.499997,-64.88483
4113516249.999997,-64.73251
4113517187.499997,-64.71047
4113518124.999997,-64.68145
4113519062.499997,-64.91204
4113519999.999997,-64.62972
4113520937.499997,-64.71799
4113521874.999997,-64.66364
4113522812.499997,-64.95294
4113523749.999997,-64.7692
4113524687.499997,-64.48526
4113525624.999997,-64.79728
4113526562.499997,-64.58891
4113527499.999997,-64.53081
4113528437.499997,-64.59306
4113529374.999997,-64.64747
4113530312.499997,-64.77552
4113531249.999997,-64.493
4113532187.499997,-64.78072
4113533124.999997,-64.95088
4113534062.499997,-64.68693
4113534999.999997,-64.75999
4113535937.499997,-64.88416
4113536874.999997,-64.73372
4113537812.499997,-64.91254
4113538749.999997,-64.72334
4113539687.499997,-64.80172
4113540624.999997,-64.71432
4113541562.499997,-64.90039
4113542499.999997,-64.53948
4113543437.499997,-64.64951
4113544374.999997,-64.70197
4113545312.499997,-64.69011
4113546249.999997,-64.9145
4113547187.499997,-64.69952
4113548124.999997,-64.84404
4113549062.499997,-64.74257
4113549999.999997,-64.90635
4113550937.499997,-64.7326
4113551874.999997,-64.57466
4113552812.499997,-64.48946
4113553749.999997,-64.58539
4113554687.499997,-64.81258
4113555624.999997,-64.96537
4113556562.499997,-64.6191
4113557499.999997,-64.54156
4113558437.499997,-64.61794
4113559374.999997,-65.07406
4113560312.499997,-64.67564
4113561249.999997,-64.90103
4113562187.499997,-64.88837
4113563124.999997,-64.54663
4113564062.499997,-64.53625
4113564999.999997,-64.87719
4113565937.499997,-64.66739
4113566874.999997,-64.57687
4113567812.499997,-64.91092
4113568749.999997,-64.79931
4113569687.499997,-64.39708
4113570624.999997,-64.92851
4113571562.499997,-64.61018
4113572499.999997,-64.70995
4113573437.499997,-64.72062
4113574374.999997,-64.78728
4113575312.499997,-64.45026
4113576249.999997,-64.85643
4113577187.499997,-64.62143
4113578124.999997,-64.61671
4113579062.499997,-64.48682
4113579999.999997,-64.70598
4113580937.499997,-64.89697
4113581874.999997,-64.4518
4113582812.499997,-64.74075
4113583749.999997,-64.6299
4113584687.499997,-64.78008
4113585624.999997,-64.57835
4113586562.499997,-64.84093
4113587499.999997,-64.7438
4113588437.499997,-64.71024
4113589374.999997,-64.88286
4113590312.499997,-64.83298
4113591249.999997,-64.57793
4113592187.499997,-64.65793
4113593124.999997,-64.89635
4113594062.499997,-64.61849
4113594999.999997,-64.9186
4113595937.499997,-64.6892
4113596874.999997,-64.64991
4113597812.499997,-64.71669
4113598749.999997,-64.57808
4113599687.499997,-64.85482
4113600624.999997,-64.9484
4113601562.499997,-64.53957
4113602499.999997,-64.5985
4113603437.499997,-64.55312
4113604374.999997,-64.88802
4113605312.499997,-64.72993
4113606249.999997,-64.65341
4113607187.499997,-64.36577
4113608124.999997,-64.52174
4113609062.499997,-64.54578
4113609999.999997,-64.75845
4113610937.499997,-64.78493
4113611874.999997,-64.81972
4113612812.499997,-64.77534
4113613749.999997,-64.63355
4113614687.499997,-64.43547
4113615624.999997,-64.88781
4113616562.499997,-64.34551
4113617499.999997,-64.64471
4113618437.499997,-64.33449
4113619374.999997,-64.9637
4113620312.499997,-64.58072
4113621249.999997,-64.93124
4113622187.499997,-64.67718
4113623124.999997,-64.67939
4113624062.499997,-64.74644
4113624999.999997,-64.36912
4113625937.499997,-64.75751
4113626874.999997,-65.04114
4113627812.499997,-64.39982
4113628749.999997,-64.57273
4113629687.499997,-64.68627
4113630624.999997,-64.70335
4113631562.499997,-64.49498
4113632499.999997,-64.35106
4113633437.499997,-64.96407
4113634374.999997,-64.49635
4113635312.499997,-64.76662
4113636249.999997,-65.11808
4113637187.499997,-64.55205
4113638124.999997,-64.63309
4113639062.499997,-64.50886
4113639999.999997,-64.775
4113640937.499997,-64.619
4113641874.999997,-64.59616
4113642812.499997,-64.4648
4113643749.999997,-64.4691
4113644687.499997,-64.97221
4113645624.999997,-64.55025
4113646562.499997,-64.59174
4113647499.999997,-64.75337
4113648437.499997,-64.63033
4113649374.999997,-65.00153
4113650312.499997,-64.4986
4113651249.999997,-64.75779
4113652187.499997,-64.6509
4113653124.999997,-64.584
4113654062.499997,-64.77272
4113654999.999997,-64.56984
4113655937.499997,-64.6469
4113656874.999997,-64.74004
4113657812.499997,-64.75238
4113658749.999997,-64.88063
4113659687.499997,-64.64704
4113660624.999997,-64.62337
4113661562.499997,-64.30878
4113662499.999997,-64.81331
4113663437.499997,-64.56845
4113664374.999997,-64.29813
4113665312.499997,-64.46796
4113666249.999997,-64.6637
4113667187.499997,-64.74439
4113668124.999997,-64.39406
4113669062.499997,-64.66592
4113669999.999997,-64.76687
4113670937.499997,-64.80648
4113671874.999997,-64.54304
4113672812.499997,-64.46667
4113673749.999997,-64.61462
4113674687.499997,-64.90952
4113675624.999997,-64.29189
4113676562.499997,-64.66914
4113677499.999997,-64.68881
4113678437.499997,-64.3813
4113679374.999997,-64.45739
4113680312.499997,-64.47779
4113681249.999997,-64.5368
4113682187.499997,-64.45113
4113683124.999997,-64.53125
4113684062.499997,-64.47536
4113684999.999997,-64.51485
4113685937.499997,-64.74425
4113686874.999997,-64.56162
4113687812.499997,-64.46896
4113688749.999997,-64.61018
4113689687.499997,-64.50566
4113690624.999997,-64.71189
4113691562.499997,-64.63924
4113692499.999997,-64.47916
4113693437.499997,-64.6856
4113694374.999997,-64.55647
4113695312.499997,-64.74628
4113696249.999997,-64.52774
4113697187.499997,-64.5299
4113698124.999997,-64.238
4113699062.499997,-64.4838
4113699999.999997,-64.72144
4113700937.499997,-64.63555
4113701874.999997,-64.45405
4113702812.499997,-64.84087
4113703749.999997,-64.62293
4113704687.499997,-64.45285
4113705624.999997,-64.58858
4113706562.499997,-64.42725
4113707499.999997,-64.63606
4113708437.499997,-64.64832
4113709374.999997,-64.47354
4113710312.499997,-64.60896
4113711249.999997,-64.63377
4113712187.499997,-64.34751
4113713124.999997,-64.65623
4113714062.499997,-64.5319
4113714999.999997,-64.40077
4113715937.499997,-64.37762
4113716874.999997,-64.34537
4113717812.499997,-64.52206
4113718749.999997,-64.78362
4113719687.499997,-64.73394
4113720624.999997,-64.39156
4113721562.499997,-64.60241
4113722499.999997,-64.32719
4113723437.499997,-64.51429
4113724374.999997,-64.47916
4113725312.499997,-64.89427
4113726249.999997,-64.54314
4113727187.499997,-64.56474
4113728124.999997,-64.45783
4113729062.499997,-64.84573
4113729999.999997,-64.72501
4113730937.499997,-64.45289
4113731874.999997,-64.74897
4113732812.499997,-64.72135
4113733749.999997,-64.2097
4113734687.499997,-64.38696
4113735624.999997,-64.58743
4113736562.499997,-64.83849
4113737499.999997,-64.63101
4113738437.499997,-64.58981
4113739374.999997,-64.59191
4113740312.499997,-64.65733
4113741249.999997,-64.50258
4113742187.499997,-64.56524
4113743124.999997,-64.73737
4113744062.499997,-64.74966
4113744999.999997,-64.69961
4113745937.499997,-64.55456
4113746874.999997,-64.56587
4113747812.499997,-64.61323
4113748749.999997,-64.73238
4113749687.499997,-64.49407
4113750624.999997,-64.39458
4113751562.499997,-64.54149
4113752499.999997,-64.45845
4113753437.499997,-64.4776
4113754374.999997,-64.54847
4113755312.499997,-64.64247
4113756249.999997,-64.44246
4113757187.499997,-64.41774
4113758124.999997,-64.48232
4113759062.499997,-64.55292
4113759999.999997,-64.69547
4113760937.499997,-64.9
4113761874.999997,-64.4921
4113762812.499997,-64.40902
4113763749.999997,-64.70428
4113764687.499997,-64.39233
4113765624.999997,-64.76782
4113766562.499997,-64.46568
4113767499.999997,-64.65105
4113768437.499997,-64.7783
4113769374.999997,-64.70601
4113770312.499997,-64.30156
4113771249.999997,-64.23318
4113772187.499997,-64.35929
4113773124.999997,-64.39758
4113774062.499997,-64.73423
4113774999.999997,-64.70145
4113775937.499997,-64.35851
4113776874.999997,-64.57587
4113777812.499997,-64.61277
4113778749.999997,-64.3469
4113779687.499997,-64.78027
4113780624.999997,-64.26845
4113781562.499997,-64.52238
4113782499.999997,-64.42455
4113783437.499997,-64.3027
4113784374.999997,-64.57603
4113785312.499997,-64.75058
4113786249.999997,-64.41201
4113787187.499997,-64.61362
4113788124.999997,-64.65829
4113789062.499997,-64.48653
4113789999.999997,-64.70322
4113790937.499997,-64.3354
4113791874.999997,-64.54159
4113792812.499997,-64.20161
4113793749.999997,-64.77748
4113794687.499997,-64.58791
4113795624.999997,-64.29923
4113796562.499997,-64.54866
4113797499.999997,-64.38766
4113798437.499997,-64.30611
4113799374.999997,-64.3501
4113800312.499997,-64.46575
4113801249.999997,-64.13277
4113802187.499997,-64.62868
4113803124.999997,-64.09312
4113804062.499997,-64.36791
4113804999.999997,-64.51261
4113805937.499997,-64.32034
4113806874.999997,-64.39068
4113807812.499997,-64.59348
4113808749.999997,-64.66389
4113809687.499997,-64.3439
4113810624.999997,-64.53429
4113811562.499997,-64.50906
4113812499.999997,-64.49675
4113813437.499997,-64.54389
4113814374.999997,-64.52262
4113815312.499997,-64.66563
4113816249.999997,-64.30658
4113817187.499997,-64.49143
4113818124.999997,-64.62794
4113819062.499997,-64.63734
4113819999.999997,-64.41467
4113820937.499997,-64.69386
4113821874.999997,-64.52768
4113822812.499997,-64.69936
4113823749.999997,-64.51363
4113824687.499997,-64.27011
4113825624.999997,-64.6063
4113826562.499997,-64.46284
4113827499.999997,-64.56773
4113828437.499997,-64.42712
4113829374.999997,-64.26521
4113830312.499997,-64.38802
4113831249.999997,-64.26682
4113832187.499997,-64.54847
4113833124.999997,-64.34933
4113834062.499997,-64.72379
4113834999.999997,-64.46745
4113835937.499997,-64.34723
4113836874.999997,-64.6411
4113837812.499997,-64.27465
4113838749.999997,-64.33151
4113839687.499997,-64.47991
4113840624.999997,-64.30362
4113841562.499997,-64.68459
4113842499.999997,-64.7515
4113843437.499997,-64.50539
4113844374.999997,-64.11013
4113845312.499997,-64.31596
4113846249.999997,-64.33047
4113847187.499997,-64.40775
4113848124.999997,-64.8288
4113849062.499997,-64.67717
4113849999.999997,-64.37276
4113850937.499997,-64.70957
4113851874.999997,-64.11552
4113852812.499997,-64.54389
4113853749.999997,-64.40891
4113854687.499997,-64.34376
4113855624.999997,-64.44104
4113856562.499997,-64.42474
4113857499.999997,-64.3848
4113858437.499997,-64.33222
4113859374.999997,-64.32002
4113860312.499997,-64.23524
4113861249.999997,-64.46415
4113862187.499997,-64.34624
4113863124.999997,-64.51559
4113864062.499997,-64.51815
4113864999.999997,-64.38618
4113865937.499997,-64.28864
4113866874.999997,-64.62561
4113867812.499997,-64.48817
4113868749.999997,-64.79439
4113869687.499997,-64.26108
4113870624.999997,-64.35106
4113871562.499997,-64.42139
4113872499.999997,-64.20888
4113873437.499997,-64.25611
4113874374.999997,-64.18882
4113875312.499997,-64.50863
4113876249.999997,-64.69831
4113877187.499997,-64.52135
4113878124.999997,-64.2573
4113879062.499997,-64.66158
4113879999.999997,-64.18091
4113880937.499997,-64.60995
4113881874.999997,-64.34624
4113882812.499997,-64.37864
4113883749.999997,-64.25301
4113884687.499997,-64.43523
4113885624.999997,-64.63084
4113886562.499997,-64.25186
4113887499.999997,-64.55058
4113888437.499997,-64.56146
4113889374.999997,-64.28286
4113890312.499997,-64.33607
4113891249.999997,-64.35493
4113892187.499997,-64.91075
4113893124.999997,-64.19421
4113894062.499997,-64.60699
4113894999.999997,-64.24371
4113895937.499997,-64.39937
4113896874.999997,-64.38954
4113897812.499997,-64.33279
4113898749.999997,-64.16595
4113899687.499997,-64.51541
4113900624.999997,-64.6945
4113901562.499997,-64.64422
4113902499.999997,-64.51524
4113903437.499997,-64.26867
4113904374.999997,-64.50681
4113905312.499997,-64.31616
4113906249.999997,-64.46967
4113907187.499997,-64.37509
4113908124.999997,-63.99754
4113909062.499997,-64.42216
4113909999.999997,-64.16994
4113910937.499997,-64.28663
4113911874.999997,-64.72103
4113912812.499997,-64.42461
4113913749.999997,-64.38438
4113914687.499997,-64.43164
4113915624.999997,-64.55584
4113916562.499997,-64.37327
4113917499.999997,-64.56683
4113918437.499997,-64.42177
4113919374.999997,-64.28397
4113920312.499997,-64.20276
4113921249.999997,-64.30112
4113922187.499997,-64.34809
4113923124.999997,-63.97386
4113924062.499997,-64.64127
4113924999.999997,-64.35473
4113925937.499997,-64.28269
4113926874.999997,-64.16545
4113927812.499997,-64.39048
4113928749.999997,-64.55746
4113929687.499997,-64.16106
4113930624.999997,-64.26487
4113931562.499997,-64.14115
4113932499.999997,-64.2851
4113933437.499997,-64.22557
4113934374.999997,-64.33981
4113935312.499997,-64.28333
4113936249.999997,-64.20276
4113937187.499997,-64.29656
4113938124.999997,-64.40536
4113939062.499997,-64.39836
4113939999.999997,-64.46603
4113940937.499997,-64.31034
4113941874.999997,-64.34576
4113942812.499997,-64.55971
4113943749.999997,-64.18114
4113944687.499997,-64.41129
4113945624.999997,-64.55689
4113946562.499997,-64.35675
4113947499.999997,-64.2203
4113948437.499997,-64.37709
4113949374.999997,-64.53764
4113950312.499997,-64.51614
4113951249.999997,-64.44509
4113952187.499997,-64.26143
4113953124.999997,-64.50314
4113954062.499997,-64.39948
4113954999.999997,-64.29571
4113955937.499997,-64.26421
4113956874.999997,-64.64511
4113957812.499997,-64.31751
4113958749.999997,-64.21106
4113959687.499997,-64.21809
4113960624.999997,-64.37795
4113961562.499997,-64.118
4113962499.999997,-64.21494
4113963437.499997,-64.37262
4113964374.999997,-64.49334
4113965312.499997,-64.41328
4113966249.999997,-64.48119
4113967187.499997,-64.37852
4113968124.999997,-64.21878
4113969062.499997,-64.20236
4113969999.999997,-64.34088
4113970937.499997,-64.33011
4113971874.999997,-64.21481
4113972812.499997,-64.33669
4113973749.999997,-64.00248
4113974687.499997,-64.30443
4113975624.999997,-64.12617
4113976562.499997,-64.21209
4113977499.999997,-64.23968
4113978437.499997,-64.3696
4113979374.999997,-64.16057
4113980312.499997,-64.13208
4113981249.999997,-64.47114
4113982187.499997,-64.32404
4113983124.999997,-64.33421
4113984062.499997,-64.066
4113984999.999997,-64.63478
4113985937.499997,-64.43748
4113986874.999997,-64.0969
4113987812.499997,-64.09223
4113988749.999997,-64.39007
4113989687.499997,-64.32199
4113990624.999997,-64.21993
4113991562.499997,-64.67588
4113992499.999997,-64.15046
4113993437.499997,-64.33308
4113994374.999997,-64.53204
4113995312.499997,-64.4294
4113996249.999997,-64.59813
4113997187.499997,-64.13237
4113998124.999997,-64.04354
4113999062.499997,-64.34749
4113999999.999997,-64.42354
4114000937.499997,-64.29916
4114001874.999997,-64.57568
4114002812.499997,-64.20086
4114003749.999997,-64.2154
4114004687.499997,-64.29977
4114005624.999997,-64.37094
4114006562.499997,-63.975
4114007499.999997,-64.0984
4114008437.499997,-64.44918
4114009374.999997,-64.2553
4114010312.499997,-64.40164
4114011249.999997,-64.17642
4114012187.499997,-64.55562
4114013124.999997,-64.31226
4114014062.499997,-64.15828
4114014999.999997,-64.3036
4114015937.499997,-64.47779
4114016874.999997,-64.30496
4114017812.499997,-64.1818
4114018749.999997,-64.35075
4114019687.499997,-64.17167
4114020624.999997,-64.3102
4114021562.499997,-64.2375
4114022499.999997,-64.51016
4114023437.499997,-64.41904
4114024374.999997,-64.57777
4114025312.499997,-64.26121
4114026249.999997,-64.4355
4114027187.499997,-64.08262
4114028124.999997,-64.12283
4114029062.499997,-64.25439
4114029999.999997,-64.52615
4114030937.499997,-64.25066
4114031874.999997,-64.50339
4114032812.499997,-64.38956
4114033749.999997,-64.50937
4114034687.499997,-64.05297
4114035624.999997,-64.39428
4114036562.499997,-63.99645
4114037499.999997,-64.29871
4114038437.499997,-64.1343
4114039374.999997,-64.42528
4114040312.499997,-64.05468
4114041249.999997,-64.39399
4114042187.499997,-64.33819
4114043124.999997,-64.48639
4114044062.499997,-64.5065
4114044999.999997,-64.20057
4114045937.499997,-64.1583
4114046874.999997,-64.14636
4114047812.499997,-64.10171
4114048749.999997,-64.02042
4114049687.499997,-64.51067
4114050624.999997,-64.34946
4114051562.499997,-64.2022
4114052499.999997,-64.247
4114053437.499997,-64.24703
4114054374.999997,-64.02308
4114055312.499997,-64.24033
4114056249.999997,-64.17383
4114057187.499997,-64.14084
4114058124.999997,-64.20911
4114059062.499997,-64.66019
4114059999.999997,-64.03091
4114060937.499997,-64.36295
4114061874.999997,-64.11883
4114062812.499997,-64.42305
4114063749.999997,-64.43449
4114064687.499997,-64.22188
4114065624.999997,-64.16327
4114066562.499997,-64.03158
4114067499.999997,-64.40297
4114068437.499997,-64.47066
4114069374.999997,-64.22687
4114070312.499997,-64.0933
4114071249.999997,-64.5248
4114072187.499997,-64.214
4114073124.999997,-64.39361
4114074062.499997,-64.36678
4114074999.999997,-64.11612
4114075937.499997,-64.11573
4114076874.999997,-64.44569
4114077812.499997,-64.30144
4114078749.999997,-64.15041
4114079687.499997,-64.26596
4114080624.999997,-64.20953
4114081562.499997,-64.11203
4114082499.999997,-64.23289
4114083437.499997,-64.34851
4114084374.999997,-64.44112
4114085312.499997,-64.28658
4114086249.999997,-64.19391
4114087187.499997,-64.39301
4114088124.999997,-64.27856
4114089062.499997,-64.24355
4114089999.999997,-64.02361
4114090937.499997,-64.331
4114091874.999997,-64.11398
4114092812.499997,-64.23264
4114093749.999997,-64.06961
4114094687.499997,-64.0266
4114095624.999997,-64.32776
4114096562.499997,-64.15918
4114097499.999997,-64.09099
4114098437.499997,-64.08727
4114099374.999997,-63.9784
4114100312.499997,-64.20758
4114101249.999997,-64.20612
4114102187.499997,-64.07915
4114103124.999997,-63.91068
4114104062.499997,-63.97332
4114104999.999997,-64.16537
4114105937.499997,-64.4576
4114106874.999997,-63.97527
4114107812.499997,-64.2439
4114108749.999997,-64.20354
4114109687.499997,-64.24159
4114110624.999997,-64.10127
4114111562.499997,-64.14148
4114112499.999997,-64.14188
4114113437.499997,-64.10721
4114114374.999997,-64.13737
4114115312.499997,-64.26188
4114116249.999997,-64.04343
4114117187.499997,-64.02497
4114118124.999997,-64.43004
4114119062.499997,-64.2698
4114119999.999997,-64.06335
4114120937.499997,-64.43008
4114121874.999997,-64.25373
4114122812.499997,-64.02568
4114123749.999997,-64.35549
4114124687.499997,-64.26868
4114125624.999997,-64.03247
4114126562.499997,-64.05984
4114127499.999997,-64.33413
4114128437.499997,-63.99762
4114129374.999997,-64.25751
4114130312.499997,-64.17215
4114131249.999997,-63.97359
4114132187.499997,-64.48463
4114133124.999997,-64.24057
4114134062.499997,-64.0688
4114134999.999997,-64.22543
4114135937.499997,-63.92782
4114136874.999997,-64.0686
4114137812.499997,-64.08651
4114138749.999997,-64.29424
4114139687.499997,-64.376
4114140624.999997,-64.3137
4114141562.499997,-64.32215
4114142499.999997,-64.18312
4114143437.499997,-64.20294
4114144374.999997,-64.15669
4114145312.499997,-64.10843
4114146249.999997,-63.97906
4114147187.499997,-64.43061
4114148124.999997,-64.03056
4114149062.499997,-64.20821
4114149999.999997,-64.00359
4114150937.499997,-64.12389
4114151874.999997,-64.1827
4114152812.499997,-64.01888
4114153749.999997,-64.25058
4114154687.499997,-64.16447
4114155624.999997,-64.23219
4114156562.499997,-63.95098
4114157499.999997,-64.2339
4114158437.499997,-64.35098
4114159374.999997,-64.07825
4114160312.499997,-63.96629
4114161249.999997,-64.11283
4114162187.499997,-64.18982
4114163124.999997,-64.1862
4114164062.499997,-64.21492
4114164999.999997,-64.0984
4114165937.499997,-64.11844
4114166874.999997,-64.3155
4114167812.499997,-64.09429
4114168749.999997,-64.26855
4114169687.499997,-63.97812
4114170624.999997,-64.19415
4114171562.499997,-64.12468
4114172499.999997,-64.12019
4114173437.499997,-63.9855
4114174374.999997,-64.41259
4114175312.499997,-63.89088
4114176249.999997,-64.29193
4114177187.499997,-63.80812
4114178124.999997,-64.1813
4114179062.499997,-63.83393
4114179999.999997,-64.00909
4114180937.499997,-64.17352
4114181874.999997,-64.2927
4114182812.499997,-64.08165
4114183749.999997,-64.01418
4114184687.499997,-64.27749
4114185624.999997,-64.37902
4114186562.499997,-63.962
4114187499.999997,-64.18675
4114188437.499997,-64.04721
4114189374.999997,-64.10284
4114190312.499997,-64.1181
4114191249.999997,-63.99806
4114192187.499997,-64.08772
4114193124.999997,-64.05629
4114194062.499997,-63.93091
4114194999.999997,-64.06415
4114195937.499997,-64.17841
4114196874.999997,-64.00885
4114197812.499997,-64.0806
4114198749.999997,-64.17969
4114199687.499997,-63.88245
4114200624.999997,-63.90889
4114201562.499997,-64.07523
4114202499.999997,-64.12217
4114203437.499997,-64.03563
4114204374.999997,-64.24944
4114205312.499997,-64.14587
4114206249.999997,-63.92778
4114207187.499997,-64.02364
4114208124.999997,-64.03899
4114209062.499997,-64.15492
4114209999.999997,-63.72929
4114210937.499997,-63.82397
4114211874.999997,-64.17972
4114212812.499997,-63.94323
4114213749.999997,-64.24153
4114214687.499997,-63.89285
4114215624.999997,-64.08177
4114216562.499997,-64.38884
4114217499.999997,-64.05173
4114218437.499997,-64.11676
4114219374.999997,-63.96219
4114220312.499997,-64.11899
4114221249.999997,-64.18482
4114222187.499997,-64.13577
4114223124.999997,-64.24731
4114224062.499997,-64.29889
4114224999.999997,-64.33484
4114225937.499997,-64.13201
4114226874.999997,-63.978
4114227812.499997,-64.11414
4114228749.999997,-64.07697
4114229687.499997,-64.2179
4114230624.999997,-63.93504
4114231562.499997,-63.86353
4114232499.999997,-64.11367
4114233437.499997,-64.37236
4114234374.999997,-63.86123
4114235312.499997,-63.73466
4114236249.999997,-63.67236
4114237187.499997,-64.08405
4114238124.999997,-64.1583
4114239062.499997,-64.09652
4114239999.999997,-63.99276
4114240937.499997,-64.02142
4114241874.999997,-64.02777
4114242812.499997,-63.99709
4114243749.999997,-64.41395
4114244687.499997,-63.9758
4114245624.999997,-64.15757
4114246562.499997,-64.14691
4114247499.999997,-63.83637
4114248437.499997,-64.0788
4114249374.999997,-64.35043
4114250312.499997,-63.80625
4114251249.999997,-64.13454
4114252187.499997,-64.19122
4114253124.999997,-64.32048
4114254062.499997,-63.8415
4114254999.999997,-64.062
4114255937.499997,-63.79851
4114256874.999997,-64.01514
4114257812.499997,-64.07178
4114258749.999997,-63.97468
4114259687.499997,-64.06236
4114260624.999997,-63.90796
4114261562.499997,-63.93377
4114262499.999997,-64.00087
4114263437.499997,-64.03433
4114264374.999997,-64.03555
4114265312.499997,-64.09218
4114266249.999997,-63.77307
4114267187.499997,-64.09293
4114268124.999997,-64.14603
4114269062.499997,-64.01793
4114269999.999997,-63.96531
4114270937.499997,-64.02079
4114271874.999997,-63.94898
4114272812.499997,-63.99728
4114273749.999997,-64.07384
4114274687.499997,-64.20331
4114275624.999997,-64.00081
4114276562.499997,-63.86786
4114277499.999997,-64.11286
4114278437.499997,-64.19473
4114279374.999997,-63.71189
4114280312.499997,-64.02956
4114281249.999997,-63.91206
4114282187.499997,-64.17881
4114283124.999997,-64.17269
4114284062.499997,-63.88661
4114284999.999997,-64.13773
4114285937.499997,-64.15207
4114286874.999997,-64.03995
4114287812.499997,-63.87868
4114288749.999997,-64.32057
4114289687.499997,-64.08717
4114290624.999997,-64.02534
4114291562.499997,-63.81563
4114292499.999997,-63.8333
4114293437.499997,-64.25986
4114294374.999997,-64.11803
4114295312.499997,-64.04587
4114296249.999997,-63.93629
4114297187.499997,-64.1235
4114298124.999997,-64.08057
4114299062.499997,-63.76365
4114299999.999997,-63.82104
4114300937.499997,-63.98624
4114301874.999997,-64.13898
4114302812.499997,-64.09325
4114303749.999997,-64.258
4114304687.499997,-63.90902
4114305624.999997,-63.90625
4114306562.499997,-64.12289
4114307499.999997,-64.13664
4114308437.499997,-63.9413
4114309374.999997,-64.07213
4114310312.499997,-64.3602
4114311249.999997,-63.97744
4114312187.499997,-64.20356
4114313124.999997,-63.864
4114314062.499997,-63.99031
4114314999.999997,-63.93625
4114315937.499997,-64.08158
4114316874.999997,-64.22327
4114317812.499997,-64.08023
4114318749.999997,-63.97041
4114319687.499997,-63.71949
4114320624.999997,-63.9547
4114321562.499997,-63.73896
4114322499.999997,-64.07336
4114323437.499997,-63.91699
4114324374.999997,-64.04694
4114325312.499997,-63.88906
4114326249.999997,-63.93705
4114327187.499997,-64.2957
4114328124.999997,-63.9109
4114329062.499997,-63.8293
4114329999.999997,-63.94986
4114330937.499997,-63.90246
4114331874.999997,-64.00136
4114332812.499997,-63.87863
4114333749.999997,-64.24937
4114334687.499997,-63.61906
4114335624.999997,-63.96117
4114336562.499997,-64.10532
4114337499.999997,-64.25954
4114338437.499997,-64.19237
4114339374.999997,-63.96706
4114340312.499997,-63.72984
4114341249.999997,-64.20577
4114342187.499997,-63.71323
4114343124.999997,-63.9227
4114344062.499997,-64.1121
4114344999.999997,-63.96085
4114345937.499997,-63.93874
4114346874.999997,-64.01578
4114347812.499997,-64.00402
4114348749.999997,-63.83448
4114349687.499997,-64.11549
4114350624.999997,-64.06277
4114351562.499997,-63.77068
4114352499.999997,-63.9339
4114353437.499997,-63.93223
4114354374.999997,-63.67767
4114355312.499997,-64.02857
4114356249.999997,-63.95099
4114357187.499997,-63.69941
4114358124.999997,-63.92048
4114359062.499997,-63.91546
4114359999.999997,-63.95723
4114360937.499997,-63.94286
4114361874.999997,-63.91928
4114362812.499997,-64.04443
4114363749.999997,-64.04823
4114364687.499997,-63.97417
4114365624.999997,-63.86672
4114366562.499997,-63.81194
4114367499.999997,-63.79602
4114368437.499997,-63.85369
4114369374.999997,-63.99121
4114370312.499997,-64.26939
4114371249.999997,-64.07664
4114372187.499997,-64.06856
4114373124.999997,-63.94614
4114374062.499997,-63.7551
4114374999.999997,-64.21878
4114375937.499997,-63.93509
4114376874.999997,-63.89179
4114377812.499997,-64.08967
4114378749.999997,-63.81467
4114379687.499997,-63.87327
4114380624.999997,-63.84924
4114381562.499997,-63.89029
4114382499.999997,-63.99805
4114383437.499997,-63.78614
4114384374.999997,-63.9869
4114385312.499997,-63.97279
4114386249.999997,-64.00729
4114387187.499997,-63.9891
4114388124.999997,-63.91351
4114389062.499997,-63.7476
4114389999.999997,-63.81196
4114390937.499997,-63.9832
4114391874.999997,-63.9008
4114392812.499997,-63.80872
4114393749.999997,-63.73782
4114394687.499997,-64.0287
4114395624.999997,-63.66986
4114396562.499997,-64.06577
4114397499.999997,-63.54265
4114398437.499997,-63.98169
4114399374.999997,-63.99771
4114400312.499997,-64.16612
4114401249.999997,-63.88842
4114402187.499997,-63.96939
4114403124.999997,-63.78226
4114404062.499997,-64.12001
4114404999.999997,-64.16652
4114405937.499997,-63.7406
4114406874.999997,-63.78102
4114407812.499997,-63.93835
4114408749.999997,-63.73841
4114409687.499997,-64.04008
4114410624.999997,-63.91333
4114411562.499997,-63.91
4114412499.999997,-63.74402
4114413437.499997,-63.97595
4114414374.999997,-63.99621
4114415312.499997,-63.64751
4114416249.999997,-63.83813
4114417187.499997,-64.14629
4114418124.999997,-63.68937
4114419062.499997,-64.13464
4114419999.999997,-63.64569
4114420937.499997,-63.91623
4114421874.999997,-63.57454
4114422812.499997,-64.11298
4114423749.999997,-64.02383
4114424687.499997,-63.8063
4114425624.999997,-64.03897
4114426562.499997,-63.88362
4114427499.999997,-64.26262
4114428437.499997,-63.73203
4114429374.999997,-63.68297
4114430312.499997,-63.95299
4114431249.999997,-63.88784
4114432187.499997,-63.73757
4114433124.999997,-63.71255
4114434062.499997,-63.9106
4114434999.999997,-63.87967
4114435937.499997,-63.96738
4114436874.999997,-63.97818
4114437812.499997,-63.79472
4114438749.999997,-63.95551
4114439687.499997,-63.87417
4114440624.999997,-63.8325
4114441562.499997,-63.80059
4114442499.999997,-64.17696
4114443437.499997,-63.74902
4114444374.999997,-63.75372
4114445312.499997,-63.96774
4114446249.999997,-63.70731
4114447187.499997,-63.85758
4114448124.999997,-64.06805
4114449062.499997,-63.75466
4114449999.999997,-63.86614
4114450937.499997,-63.78648
4114451874.999997,-63.91332
4114452812.499997,-63.93783
4114453749.999997,-63.7604
4114454687.499997,-63.68394
4114455624.999997,-63.9194
4114456562.499997,-63.78063
4114457499.999997,-63.88099
4114458437.499997,-63.80505
4114459374.999997,-64.05428
4114460312.499997,-63.89497
4114461249.999997,-63.97259
4114462187.499997,-63.75599
4114463124.999997,-63.84545
4114464062.499997,-63.75685
4114464999.999997,-63.76118
4114465937.499997,-63.57371
4114466874.999997,-63.69923
4114467812.499997,-63.89652
4114468749.999997,-63.62283
4114469687.499997,-63.8182
4114470624.999997,-63.97641
4114471562.499997,-63.64847
4114472499.999997,-63.89355
4114473437.499997,-63.62437
4114474374.999997,-63.81468
4114475312.499997,-63.76411
4114476249.999997,-64.01932
4114477187.499997,-64.21267
4114478124.999997,-63.8377
4114479062.499997,-63.79599
4114479999.999997,-63.42669
4114480937.499997,-63.98104
4114481874.999997,-63.6645
4114482812.499997,-63.88859
4114483749.999997,-63.90862
4114484687.499997,-63.99021
4114485624.999997,-63.89917
4114486562.499997,-63.74986
4114487499.999997,-63.93688
4114488437.499997,-63.98536
4114489374.999997,-63.85928
4114490312.499997,-63.8688
4114491249.999997,-63.76508
4114492187.499997,-63.66838
4114493124.999997,-63.90285
4114494062.499997,-63.73555
4114494999.999997,-63.84286
4114495937.499997,-63.76045
4114496874.999997,-63.87578
4114497812.499997,-63.75812
4114498749.999997,-63.64212
4114499687.499997,-63.60064
4114500624.999997,-63.92447
4114501562.499997,-63.87685
4114502499.999997,-63.66608
4114503437.499997,-63.93828
4114504374.999997,-63.88733
4114505312.499997,-63.88385
4114506249.999997,-63.69739
4114507187.499997,-63.96974
4114508124.999997,-63.83305
4114509062.499997,-63.87161
4114509999.999997,-63.48289
4114510937.499997,-63.65182
4114511874.999997,-63.62383
4114512812.499997,-63.59705
4114513749.999997,-63.95316
4114514687.499997,-63.83101
4114515624.999997,-63.66282
4114516562.499997,-63.88235
4114517499.999997,-63.85399
4114518437.499997,-63.84045
4114519374.999997,-63.91109
4114520312.499997,-63.74578
4114521249.999997,-63.71515
4114522187.499997,-63.61182
4114523124.999997,-63.83768
4114524062.499997,-63.90067
4114524999.999997,-63.76337
4114525937.499997,-63.64338
4114526874.999997,-63.68032
4114527812.499997,-63.6082
4114528749.999997,-63.90537
4114529687.499997,-63.82219
4114530624.999997,-63.79668
4114531562.499997,-63.93049
4114532499.999997,-63.7362
4114533437.499997,-63.82059
4114534374.999997,-63.96951
4114535312.499997,-63.73165
4114536249.999997,-63.81934
4114537187.499997,-63.68486
4114538124.999997,-63.73597
4114539062.499997,-63.93923
4114539999.999997,-63.9884
4114540937.499997,-63.59324
4114541874.999997,-64.08414
4114542812.499997,-63.78554
4114543749.999997,-63.88117
4114544687.499997,-63.63041
4114545624.999997,-63.68066
4114546562.499997,-63.84108
4114547499.999997,-63.66479
4114548437.499997,-63.81912
4114549374.999997,-63.85292
4114550312.499997,-63.69844
4114551249.999997,-63.60794
4114552187.499997,-63.61387
4114553124.999997,-63.83642
4114554062.499997,-63.94995
4114554999.999997,-63.84966
4114555937.499997,-63.64067
4114556874.999997,-63.76825
4114557812.499997,-63.86376
4114558749.999997,-63.82117
4114559687.499997,-63.68327
4114560624.999997,-63.71012
4114561562.499997,-63.82639
4114562499.999997,-63.76228
4114563437.499997,-63.94293
4114564374.999997,-63.95675
4114565312.499997,-63.73764
4114566249.999997,-63.74886
4114567187.499997,-63.74023
4114568124.999997,-63.7501
4114569062.499997,-63.97623
4114569999.999997,-63.61134
4114570937.499997,-63.572
4114571874.999997,-63.81125
4114572812.499997,-63.7017
4114573749.999997,-63.65051
4114574687.499997,-63.66242
4114575624.999997,-63.76018
4114576562.499997,-63.70665
4114577499.999997,-63.87123
4114578437.499997,-63.59529
4114579374.999997,-63.81411
4114580312.499997,-63.40818
4114581249.999997,-63.91555
4114582187.499997,-63.80613
4114583124.999997,-63.54314
4114584062.499997,-63.68987
4114584999.999997,-63.75634
4114585937.499997,-64.12946
4114586874.999997,-63.66328
4114587812.499997,-63.89656
4114588749.999997,-63.50466
4114589687.499997,-63.74436
4114590624.999997,-63.61231
4114591562.499997,-63.99657
4114592499.999997,-63.82391
4114593437.499997,-63.87353
4114594374.999997,-63.72209
4114595312.499997,-63.68037
4114596249.999997,-63.69846
4114597187.499997,-63.86243
4114598124.999997,-63.56243
4114599062.499997,-63.63446
4114599999.999997,-63.62439
4114600937.499997,-63.69931
4114601874.999997,-63.88457
4114602812.499997,-63.66822
4114603749.999997,-63.7333
4114604687.499997,-63.71173
4114605624.999997,-63.57488
4114606562.499997,-63.70764
4114607499.999997,-63.62197
4114608437.499997,-63.81196
4114609374.999997,-63.72242
4114610312.499997,-63.67797
4114611249.999997,-63.36992
4114612187.499997,-63.47939
4114613124.999997,-63.57068
4114614062.499997,-63.74558
4114614999.999997,-63.62909
4114615937.499997,-63.66569
4114616874.999997,-63.41756
4114617812.499997,-63.49098
4114618749.999997,-63.36598
4114619687.499997,-63.5318
4114620624.999997,-63.58825
4114621562.499997,-63.70377
4114622499.999997,-63.90528
4114623437.499997,-63.65156
4114624374.999997,-63.56047
4114625312.499997,-63.6508
4114626249.999997,-63.4117
4114627187.499997,-63.61607
4114628124.999997,-63.71868
4114629062.499997,-63.84901
4114629999.999997,-63.50593
4114630937.499997,-63.40734
4114631874.999997,-63.49228
4114632812.499997,-63.47887
4114633749.999997,-63.72226
4114634687.499997,-63.75793
4114635624.999997,-63.7663
4114636562.499997,-63.67834
4114637499.999997,-63.54684
4114638437.499997,-63.77282
4114639374.999997,-63.59719
4114640312.499997,-63.72109
4114641249.999997,-63.38758
4114642187.499997,-63.47858
4114643124.999997,-63.60282
4114644062.499997,-63.82102
4114644999.999997,-63.51429
4114645937.499997,-63.51603
4114646874.999997,-63.69401
4114647812.499997,-63.64257
4114648749.999997,-63.60415
4114649687.499997,-63.63291
4114650624.999997,-63.71543
4114651562.499997,-63.70663
4114652499.999997,-63.50162
4114653437.499997,-63.61174
4114654374.999997,-63.31221
4114655312.499997,-63.54726
4114656249.999997,-63.57105
4114657187.499997,-63.57913
4114658124.999997,-63.53821
4114659062.499997,-63.56125
4114659999.999997,-63.59879
4114660937.499997,-63.765
4114661874.999997,-63.83351
4114662812.499997,-63.41288
4114663749.999997,-63.57376
4114664687.499997,-63.66269
4114665624.999997,-63.57888
4114666562.499997,-63.48348
4114667499.999997,-63.51735
4114668437.499997,-63.62242
4114669374.999997,-63.52571
4114670312.499997,-63.67467
4114671249.999997,-63.48406
4114672187.499997,-63.54666
4114673124.999997,-63.60801
4114674062.499997,-63.48977
4114674999.999997,-63.48618
4114675937.499997,-63.48886
4114676874.999997,-63.73464
4114677812.499997,-63.80083
4114678749.999997,-63.77169
4114679687.499997,-63.7593
4114680624.999997,-63.5174
4114681562.499997,-63.76903
4114682499.999997,-63.58491
4114683437.499997,-63.60881
4114684374.999997,-63.56994
4114685312.499997,-63.58234
4114686249.999997,-63.70316
4114687187.499997,-63.3299
4114688124.999997,-63.74849
4114689062.499997,-63.62244
4114689999.999997,-63.76492
4114690937.499997,-63.52061
4114691874.999997,-63.55586
4114692812.499997,-63.61531
4114693749.999997,-63.85513
4114694687.499997,-63.47302
4114695624.999997,-63.60339
4114696562.499997,-63.3715
4114697499.999997,-63.57992
4114698437.499997,-63.59394
4114699374.999997,-63.67181
4114700312.499997,-63.59671
4114701249.999997,-63.84606
4114702187.499997,-63.45893
4114703124.999997,-63.31528
4114704062.499997,-63.75114
4114704999.999997,-63.31583
4114705937.499997,-63.71378
4114706874.999997,-63.70642
4114707812.499997,-63.56352
4114708749.999997,-63.55067
4114709687.499997,-63.55436
4114710624.999997,-63.37166
4114711562.499997,-63.52058
4114712499.999997,-63.38845
4114713437.499997,-63.40343
4114714374.999997,-63.82272
4114715312.499997,-63.48283
4114716249.999997,-63.60183
4114717187.499997,-63.43336
4114718124.999997,-63.36107
4114719062.499997,-63.85124
4114719999.999997,-63.6641
4114720937.499997,-63.63922
4114721874.999997,-63.74903
4114722812.499997,-63.52099
4114723749.999997,-63.52895
4114724687.499997,-63.60715
4114725624.999997,-63.68073
4114726562.499997,-63.21186
4114727499.999997,-63.38743
4114728437.499997,-63.36009
4114729374.999997,-63.66717
4114730312.499997,-63.38923
4114731249.999997,-63.60038
4114732187.499997,-63.6405
4114733124.999997,-63.50212
4114734062.499997,-63.80104
4114734999.999997,-63.41847
4114735937.499997,-63.46006
4114736874.999997,-63.70196
4114737812.499997,-63.51895
4114738749.999997,-63.47103
4114739687.499997,-63.61317
4114740624.999997,-63.38335
4114741562.499997,-63.46473
4114742499.999997,-63.52542
4114743437.499997,-63.53854
4114744374.999997,-63.24673
4114745312.499997,-63.4516
4114746249.999997,-63.43685
4114747187.499997,-63.44525
4114748124.999997,-63.67239
4114749062.499997,-63.47086
4114749999.999997,-63.36417
4114750937.499997,-63.53888
4114751874.999997,-63.67406
4114752812.499997,-63.35945
4114753749.999997,-63.736
4114754687.499997,-63.33742
4114755624.999997,-63.49849
4114756562.499997,-63.45177
4114757499.999997,-63.5469
4114758437.499997,-63.4993
4114759374.999997,-63.76784
4114760312.499997,-63.62008
4114761249.999997,-63.49826
4114762187.499997,-63.49111
4114763124.999997,-63.44081
4114764062.499997,-63.54096
4114764999.999997,-63.55421
4114765937.499997,-63.42112
4114766874.999997,-63.50253
4114767812.499997,-63.33103
4114768749.999997,-63.5465
4114769687.499997,-63.56731
4114770624.999997,-63.34772
4114771562.499997,-63.62591
4114772499.999997,-63.59461
4114773437.499997,-63.59239
4114774374.999997,-63.4136
4114775312.499997,-63.55947
4114776249.999997,-63.58276
4114777187.499997,-63.38055
4114778124.999997,-63.40873
4114779062.499997,-63.63047
4114779999.999997,-63.18198
4114780937.499997,-63.54448
4114781874.999997,-63.6024
4114782812.499997,-63.3842
4114783749.999997,-63.51344
4114784687.499997,-63.4123
4114785624.999997,-63.45736
4114786562.499997,-63.57071
4114787499.999997,-63.44282
4114788437.499997,-63.4977
4114789374.999997,-63.62738
4114790312.499997,-63.4029
4114791249.999997,-63.18429
4114792187.499997,-63.54157
4114793124.999997,-63.38692
4114794062.499997,-63.24506
4114794999.999997,-63.89735
4114795937.499997,-63.55272
4114796874.999997,-63.35574
4114797812.499997,-63.46141
4114798749.999997,-63.44078
4114799687.499997,-63.23346
4114800624.999997,-63.39303
4114801562.499997,-63.50373
4114802499.999997,-63.29044
4114803437.499997,-63.41325
4114804374.999997,-63.47199
4114805312.499997,-63.59164
4114806249.999997,-63.31264
4114807187.499997,-63.5312
4114808124.999997,-63.26347
4114809062.499997,-63.6004
4114809999.999997,-63.50314
4114810937.499997,-63.58115
4114811874.999997,-63.4737
4114812812.499997,-63.32922
4114813749.999997,-63.36207
4114814687.499997,-63.5521
4114815624.999997,-63.3254
4114816562.499997,-63.37843
4114817499.999997,-63.35386
4114818437.499997,-63.52098
4114819374.999997,-63.64639
4114820312.499997,-63.24776
4114821249.999997,-63.49305
4114822187.499997,-63.67681
4114823124.999997,-63.68996
4114824062.499997,-63.2991
4114824999.999997,-63.34446
4114825937.499997,-63.21715
4114826874.999997,-63.32793
4114827812.499997,-63.54908
4114828749.999997,-63.3354
4114829687.499997,-63.56265
4114830624.999997,-63.51633
4114831562.499997,-63.27828
4114832499.999997,-63.68539
4114833437.499997,-63.51751
4114834374.999997,-63.60159
4114835312.499997,-63.39021
4114836249.999997,-63.50797
4114837187.499997,-63.47644
4114838124.999997,-63.38701
4114839062.499997,-63.61856
4114839999.999997,-63.18088
4114840937.499997,-63.76884
4114841874.999997,-63.65232
4114842812.499997,-63.36875
4114843749.999997,-63.49797
4114844687.499997,-63.5094
4114845624.999997,-63.3523
4114846562.499997,-63.48845
4114847499.999997,-63.45405
4114848437.499997,-63.25112
4114849374.999997,-63.58823
4114850312.499997,-63.56381
4114851249.999997,-63.6819
4114852187.499997,-63.52759
4114853124.999997,-63.42488
4114854062.499997,-63.64533
4114854999.999997,-63.53709
4114855937.499997,-63.33641
4114856874.999997,-63.50648
4114857812.499997,-63.33007
4114858749.999997,-63.22782
4114859687.499997,-63.33507
4114860624.999997,-63.35479
4114861562.499997,-63.36701
4114862499.999997,-63.30876
4114863437.499997,-63.31842
4114864374.999997,-63.28885
4114865312.499997,-63.50128
4114866249.999997,-63.55135
4114867187.499997,-63.59298
4114868124.999997,-63.19794
4114869062.499997,-63.35254
4114869999.999997,-63.39559
4114870937.499997,-63.59283
4114871874.999997,-63.75161
4114872812.499997,-63.51979
4114873749.999997,-63.42095
4114874687.499997,-63.46704
4114875624.999997,-63.26101
4114876562.499997,-63.36431
4114877499.999997,-63.30653
4114878437.499997,-63.58448
4114879374.999997,-63.15779
4114880312.499997,-63.28495
4114881249.999997,-63.54932
4114882187.499997,-63.26426
4114883124.999997,-63.22762
4114884062.499997,-63.28605
4114884999.999997,-63.20507
4114885937.499997,-63.34508
4114886874.999997,-63.1591
4114887812.499997,-63.25499
4114888749.999997,-63.18383
4114889687.499997,-63.20621
4114890624.999997,-63.43783
4114891562.499997,-63.57655
4114892499.999997,-63.32332
4114893437.499997,-63.35401
4114894374.999997,-63.44069
4114895312.499997,-63.43595
4114896249.999997,-63.59017
4114897187.499997,-63.4172
4114898124.999997,-63.13047
4114899062.499997,-63.37224
4114899999.999997,-63.33453
4114900937.499997,-63.58206
4114901874.999997,-63.66657
4114902812.499997,-63.293
4114903749.999997,-63.25216
4114904687.499997,-63.17749
4114905624.999997,-63.37227
4114906562.499997,-63.54745
4114907499.999997,-63.48966
4114908437.499997,-63.52008
4114909374.999997,-63.2247
4114910312.499997,-63.41447
4114911249.999997,-63.12691
4114912187.499997,-63.48829
4114913124.999997,-63.45174
4114914062.499997,-63.44596
4114914999.999997,-63.51658
4114915937.499997,-63.59
4114916874.999997,-63.35897
4114917812.499997,-63.3
4114918749.999997,-63.10978
4114919687.499997,-63.30156
4114920624.999997,-63.35551
4114921562.499997,-63.13246
4114922499.999997,-63.69319
4114923437.499997,-63.09898
4114924374.999997,-63.07438
4114925312.499997,-63.36014
4114926249.999997,-63.12156
4114927187.499997,-63.43107
4114928124.999997,-63.10372
4114929062.499997,-63.28584
4114929999.999997,-63.50007
4114930937.499997,-63.42495
4114931874.999997,-63.23397
4114932812.499997,-63.35303
4114933749.999997,-63.1049
4114934687.499997,-63.21445
4114935624.999997,-63.2543
4114936562.499997,-63.23676
4114937499.999997,-63.33421
4114938437.499997,-63.53257
4114939374.999997,-63.27776
4114940312.499997,-63.21887
4114941249.999997,-63.41112
4114942187.499997,-63.39291
4114943124.999997,-63.3499
4114944062.499997,-63.00777
4114944999.999997,-63.21276
4114945937.499997,-63.44063
4114946874.999997,-63.43156
4114947812.499997,-63.33266
4114948749.999997,-63.72828
4114949687.499997,-63.23909
4114950624.999997,-63.22491
4114951562.499997,-63.41248
4114952499.999997,-63.22242
4114953437.499997,-63.30178
4114954374.999997,-63.14494
4114955312.499997,-63.04074
4114956249.999997,-63.42143
4114957187.499997,-63.13377
4114958124.999997,-63.14933
4114959062.499997,-63.28943
4114959999.999997,-63.2719
4114960937.499997,-63.35101
4114961874.999997,-63.34788
4114962812.499997,-63.2876
4114963749.999997,-63.40782
4114964687.499997,-63.23125
4114965624.999997,-63.28154
4114966562.499997,-63.2419
4114967499.999997,-63.506
4114968437.499997,-63.21313
4114969374.999997,-63.18791
4114970312.499997,-63.08997
4114971249.999997,-63.24368
4114972187.499997,-63.36366
4114973124.999997,-63.47017
4114974062.499997,-63.23455
4114974999.999997,-63.30353
4114975937.499997,-63.26458
4114976874.999997,-63.22047
4114977812.499997,-63.34187
4114978749.999997,-63.14133
4114979687.499997,-63.16557
4114980624.999997,-63.3783
4114981562.499997,-63.3163
4114982499.999997,-63.20572
4114983437.499997,-63.33875
4114984374.999997,-63.22879
4114985312.499997,-63.0598
4114986249.999997,-63.28434
4114987187.499997,-63.38527
4114988124.999997,-63.30476
4114989062.499997,-63.39565
4114989999.999997,-63.23146
4114990937.499997,-63.27404
4114991874.999997,-63.33983
4114992812.499997,-63.30693
4114993749.999997,-63.27127
4114994687.499997,-63.23998
4114995624.999997,-63.62447
4114996562.499997,-63.21292
4114997499.999997,-63.46723
4114998437.499997,-63.32223
4114999374.999997,-63.24651
4115000312.499997,-63.33541
4115001249.999997,-63.14679
4115002187.499997,-63.26215
4115003124.999997,-63.34494
4115004062.499997,-63.1113
4115004999.999997,-63.27002
4115005937.499997,-63.10368
4115006874.999997,-63.60797
4115007812.499997,-63.21284
4115008749.999997,-63.23552
4115009687.499997,-63.27598
4115010624.999997,-63.1535
4115011562.499997,-63.28996
4115012499.999997,-63.33866
4115013437.499997,-63.14322
4115014374.999997,-63.15042
4115015312.499997,-63.12872
4115016249.999997,-63.24517
4115017187.499997,-63.34575
4115018124.999997,-63.13675
4115019062.499997,-63.33622
4115019999.999997,-63.32047
4115020937.499997,-63.27916
4115021874.999997,-63.20521
4115022812.499997,-63.16827
4115023749.999997,-63.09414
4115024687.499997,-63.1559
4115025624.999997,-63.34418
4115026562.499997,-63.3363
4115027499.999997,-63.20023
4115028437.499997,-63.16762
4115029374.999997,-63.33597
4115030312.499997,-63.0196
4115031249.999997,-63.22099
4115032187.499997,-63.22176
4115033124.999997,-63.27703
4115034062.499997,-63.23818
4115034999.999997,-63.4199
4115035937.499997,-63.39163
4115036874.999997,-63.19014
4115037812.499997,-63.00928
4115038749.999997,-63.14966
4115039687.499997,-63.10254
4115040624.999997,-63.34448
4115041562.499997,-63.28043
4115042499.999997,-62.99213
4115043437.499997,-63.41733
4115044374.999997,-63.23473
4115045312.499997,-63.24022
4115046249.999997,-63.2986
4115047187.499997,-63.15745
4115048124.999997,-63.35178
4115049062.499997,-63.0867
4115049999.999997,-63.09392
4115050937.499997,-63.3339
4115051874.999997,-63.25174
4115052812.499997,-63.31873
4115053749.999997,-63.36269
4115054687.499997,-63.22759
4115055624.999997,-63.4276
4115056562.499997,-63.03175
4115057499.999997,-63.14922
4115058437.499997,-63.27092
4115059374.999997,-63.06812
4115060312.499997,-63.09597
4115061249.999997,-63.39923
4115062187.499997,-63.13227
4115063124.999997,-63.22566
4115064062.499997,-63.21992
4115064999.999997,-63.00899
4115065937.499997,-63.16566
4115066874.999997,-63.19204
4115067812.499997,-63.29223
4115068749.999997,-63.17181
4115069687.499997,-63.25994
4115070624.999997,-63.09903
4115071562.499997,-63.10603
4115072499.999997,-63.03213
4115073437.499997,-63.11529
4115074374.999997,-63.18612
4115075312.499997,-62.90122
4115076249.999997,-63.28345
4115077187.499997,-63.46664
4115078124.999997,-63.15261
4115079062.499997,-63.09508
4115079999.999997,-63.3155
4115080937.499997,-62.98537
4115081874.999997,-63.12176
4115082812.499997,-63.09736
4115083749.999997,-63.09934
4115084687.499997,-63.2444
4115085624.999997,-63.24583
4115086562.499997,-63.37015
4115087499.999997,-63.16974
4115088437.499997,-63.12075
4115089374.999997,-62.96036
4115090312.499997,-63.16328
4115091249.999997,-63.11666
4115092187.499997,-63.13842
4115093124.999997,-63.14883
4115094062.499997,-63.0191
4115094999.999997,-63.12247
4115095937.499997,-63.02209
4115096874.999997,-62.94542
4115097812.499997,-62.90383
4115098749.999997,-63.03486
4115099687.499997,-63.08356
4115100624.999997,-63.28021
4115101562.499997,-63.09316
4115102499.999997,-63.16357
4115103437.499997,-63.07611
4115104374.999997,-63.30345
4115105312.499997,-63.06712
4115106249.999997,-63.0625
4115107187.499997,-63.1017
4115108124.999997,-63.09798
4115109062.499997,-63.01571
4115109999.999997,-63.32722
4115110937.499997,-63.10139
4115111874.999997,-63.21172
4115112812.499997,-63.1697
4115113749.999997,-63.01951
4115114687.499997,-63.2366
4115115624.999997,-63.09008
4115116562.499997,-63.03936
4115117499.999997,-63.33071
4115118437.499997,-63.29118
4115119374.999997,-63.06002
4115120312.499997,-63.13869
4115121249.999997,-63.04071
4115122187.499997,-62.9588
4115123124.999997,-63.24736
4115124062.499997,-62.80427
4115124999.999997,-63.19398
4115125937.499997,-62.95192
4115126874.999997,-63.0976
4115127812.499997,-63.39475
4115128749.999997,-62.91231
4115129687.499997,-63.18719
4115130624.999997,-63.1873
4115131562.499997,-63.15154
4115132499.999997,-62.9431
4115133437.499997,-63.05575
4115134374.999997,-63.10224
4115135312.499997,-63.23847
4115136249.999997,-63.10296
4115137187.499997,-63.22092
4115138124.999997,-63.06563
4115139062.499997,-63.05541
4115139999.999997,-62.90033
4115140937.499997,-63.07865
4115141874.999997,-63.02077
4115142812.499997,-63.08436
4115143749.999997,-63.04357
4115144687.499997,-63.05758
4115145624.999997,-63.10175
4115146562.499997,-63.02651
4115147499.999997,-62.86045
4115148437.499997,-63.26426
4115149374.999997,-63.09784
4115150312.499997,-63.04332
4115151249.999997,-62.87604
4115152187.499997,-63.14629
4115153124.999997,-63.14931
4115154062.499997,-63.02827
4115154999.999997,-63.02178
4115155937.499997,-63.51589
4115156874.999997,-63.14504
4115157812.499997,-63.27909
4115158749.999997,-62.9852
4115159687.499997,-63.00409
4115160624.999997,-63.05717
4115161562.499997,-63.35693
4115162499.999997,-63.00029
4115163437.499997,-62.87001
4115164374.999997,-62.74984
4115165312.499997,-62.9322
4115166249.999997,-63.23663
4115167187.499997,-63.17528
4115168124.999997,-63.08813
4115169062.499997,-62.75279
4115169999.999997,-63.03502
4115170937.499997,-63.18828
4115171874.999997,-63.25096
4115172812.499997,-63.18116
4115173749.999997,-63.04689
4115174687.499997,-63.1273
4115175624.999997,-62.90366
4115176562.499997,-63.07288
4115177499.999997,-63.04171
4115178437.499997,-63.31687
4115179374.999997,-62.94345
4115180312.499997,-62.99136
4115181249.999997,-63.09283
4115182187.499997,-63.14607
4115183124.999997,-62.98931
4115184062.499997,-63.13533
4115184999.999997,-63.17527
4115185937.499997,-63.03711
4115186874.999997,-63.14219
4115187812.499997,-63.0056
4115188749.999997,-62.83424
4115189687.499997,-63.08408
4115190624.999997,-62.88567
4115191562.499997,-63.01617
4115192499.999997,-63.26353
4115193437.499997,-62.85735
4115194374.999997,-62.98166
4115195312.499997,-62.94328
4115196249.999997,-62.79802
4115197187.499997,-63.0242
4115198124.999997,-62.90654
4115199062.499997,-62.8571
4115199999.999997,-62.87867
4115200937.499997,-62.81807
4115201874.999997,-62.95437
4115202812.499997,-62.84581
4115203749.999997,-62.78877
4115204687.499997,-63.02692
4115205624.999997,-63.08062
4115206562.499997,-62.9916
4115207499.999997,-63.02939
4115208437.499997,-63.05521
4115209374.999997,-62.99416
4115210312.499997,-63.14736
4115211249.999997,-63.10244
4115212187.499997,-62.94333
4115213124.999997,-63.22187
4115214062.499997,-63.17207
4115214999.999997,-62.92107
4115215937.499997,-63.14923
4115216874.999997,-63.10487
4115217812.499997,-63.1372
4115218749.999997,-62.82543
4115219687.499997,-62.94271
4115220624.999997,-63.12034
4115221562.499997,-62.94466
4115222499.999997,-62.91348
4115223437.499997,-62.75977
4115224374.999997,-62.78334
4115225312.499997,-63.10592
4115226249.999997,-62.99045
4115227187.499997,-63.01496
4115228124.999997,-63.27843
4115229062.499997,-62.66933
4115229999.999997,-62.87685
4115230937.499997,-63.13244
4115231874.999997,-62.99091
4115232812.499997,-63.07001
4115233749.999997,-62.84379
4115234687.499997,-62.96947
4115235624.999997,-62.8969
4115236562.499997,-63.28329
4115237499.999997,-62.94236
4115238437.499997,-62.90121
4115239374.999997,-63.07516
4115240312.499997,-62.90934
4115241249.999997,-62.90131
4115242187.499997,-62.83964
4115243124.999997,-62.93917
4115244062.499997,-62.85279
4115244999.999997,-62.69056
4115245937.499997,-63.09278
4115246874.999997,-62.99905
4115247812.499997,-62.83562
4115248749.999997,-63.02581
4115249687.499997,-63.11176
4115250624.999997,-62.92863
4115251562.499997,-62.93014
4115252499.999997,-62.72194
4115253437.499997,-63.23335
4115254374.999997,-62.93196
4115255312.499997,-62.88367
4115256249.999997,-62.90878
4115257187.499997,-63.0637
4115258124.999997,-63.01284
4115259062.499997,-62.7836
4115259999.999997,-63.00094
4115260937.499997,-62.95624
4115261874.999997,-62.9812
4115262812.499997,-62.92892
4115263749.999997,-62.86863
4115264687.499997,-62.81222
4115265624.999997,-62.93882
4115266562.499997,-63.02853
4115267499.999997,-62.85674
4115268437.499997,-62.91688
4115269374.999997,-63.0752
4115270312.499997,-63.09354
4115271249.999997,-63.27082
4115272187.499997,-62.82857
4115273124.999997,-63.06413
4115274062.499997,-63.06061
4115274999.999997,-62.99895
4115275937.499997,-63.01197
4115276874.999997,-63.06094
4115277812.499997,-62.87025
4115278749.999997,-63.05786
4115279687.499997,-62.99279
4115280624.999997,-63.06554
4115281562.499997,-62.75721
4115282499.999997,-63.06206
4115283437.499997,-62.91367
4115284374.999997,-63.21588
4115285312.499997,-63.05969
4115286249.999997,-62.96032
4115287187.499997,-62.98233
4115288124.999997,-63.02169
4115289062.499997,-63.04972
4115289999.999997,-62.94919
4115290937.499997,-63.03014
4115291874.999997,-62.78884
4115292812.499997,-63.13464
4115293749.999997,-63.04311
4115294687.499997,-63.15081
4115295624.999997,-62.89841
4115296562.499997,-62.96329
4115297499.999997,-63.1088
4115298437.499997,-63.15644
4115299374.999997,-63.01571
4115300312.499997,-62.92504
4115301249.999997,-62.99564
4115302187.499997,-63.03919
4115303124.999997,-62.85107
4115304062.499997,-62.84351
4115304999.999997,-62.92189
4115305937.499997,-63.16735
4115306874.999997,-62.84028
4115307812.499997,-62.85222
4115308749.999997,-63.16159
4115309687.499997,-62.94427
4115310624.999997,-62.89555
4115311562.499997,-62.93855
4115312499.999997,-63.06417
4115313437.499997,-62.86859
4115314374.999997,-62.70813
4115315312.499997,-62.87633
4115316249.999997,-63.03091
4115317187.499997,-62.83171
4115318124.999997,-62.84034
4115319062.499997,-63.01192
4115319999.999997,-62.88505
4115320937.499997,-62.9376
4115321874.999997,-62.94957
4115322812.499997,-62.96376
4115323749.999997,-62.76895
4115324687.499997,-62.90345
4115325624.999997,-62.95992
4115326562.499997,-63.05767
4115327499.999997,-62.883
4115328437.499997,-62.96532
4115329374.999997,-63.09318
4115330312.499997,-62.79396
4115331249.999997,-63.00123
4115332187.499997,-63.06822
4115333124.999997,-63.05997
4115334062.499997,-62.77456
4115334999.999997,-62.86117
4115335937.499997,-62.83015
4115336874.999997,-62.84307
4115337812.499997,-62.35713
4115338749.999997,-62.83859
4115339687.499997,-62.73962
4115340624.999997,-62.60305
4115341562.499997,-62.66481
4115342499.999997,-62.69624
4115343437.499997,-62.71759
4115344374.999997,-62.88298
4115345312.499997,-62.89715
4115346249.999997,-62.94064
4115347187.499997,-63.10409
4115348124.999997,-62.88576
4115349062.499997,-62.80808
4115349999.999997,-62.95131
4115350937.499997,-62.83841
4115351874.999997,-62.76271
4115352812.499997,-62.58919
4115353749.999997,-62.90606
4115354687.499997,-62.82803
4115355624.999997,-62.95628
4115356562.499997,-62.82805
4115357499.999997,-62.98893
4115358437.499997,-62.95093
4115359374.999997,-62.89727
4115360312.499997,-62.88244
4115361249.999997,-62.891
4115362187.499997,-62.65771
4115363124.999997,-62.8497
4115364062.499997,-62.77913
4115364999.999997,-62.64386
4115365937.499997,-62.70701
4115366874.999997,-63.14958
4115367812.499997,-62.84582
4115368749.999997,-62.81857
4115369687.499997,-62.71774
4115370624.999997,-62.92081
4115371562.499997,-62.8151
4115372499.999997,-62.71975
4115373437.499997,-62.86037
4115374374.999997,-62.84086
4115375312.499997,-62.87268
4115376249.999997,-62.66323
4115377187.499997,-62.63937
4115378124.999997,-62.70746
4115379062.499997,-62.79027
4115379999.999997,-63.09157
4115380937.499997,-62.76534
4115381874.999997,-62.95084
4115382812.499997,-62.84966
4115383749.999997,-62.8289
4115384687.499997,-62.89905
4115385624.999997,-62.48212
4115386562.499997,-62.82435
4115387499.999997,-62.60705
4115388437.499997,-62.81874
4115389374.999997,-62.83415
4115390312.499997,-62.87741
4115391249.999997,-62.70529
4115392187.499997,-62.78421
4115393124.999997,-62.57926
4115394062.499997,-62.8951
4115394999.999997,-62.8204
4115395937.499997,-62.93756
4115396874.999997,-62.92988
4115397812.499997,-62.93685
4115398749.999997,-62.56147
4115399687.499997,-62.94996
4115400624.999997,-62.66075
4115401562.499997,-62.73133
4115402499.999997,-62.69865
4115403437.499997,-62.7241
4115404374.999997,-62.71523
4115405312.499997,-62.63103
4115406249.999997,-62.57165
4115407187.499997,-62.61341
4115408124.999997,-63.02404
4115409062.499997,-62.82384
4115409999.999997,-62.8225
4115410937.499997,-62.74293
4115411874.999997,-62.73982
4115412812.499997,-62.71743
4115413749.999997,-62.8651
4115414687.499997,-62.74208
4115415624.999997,-62.61658
4115416562.499997,-62.73739
4115417499.999997,-62.74161
4115418437.499997,-63.14517
4115419374.999997,-63.0298
4115420312.499997,-62.72857
4115421249.999997,-62.69161
4115422187.499997,-62.88163
4115423124.999997,-62.82861
4115424062.499997,-62.8168
4115424999.999997,-62.6633
4115425937.499997,-62.80564
4115426874.999997,-62.9091
4115427812.499997,-62.80705
4115428749.999997,-62.94362
4115429687.499997,-62.62497
4115430624.999997,-62.94185
4115431562.499997,-62.73378
4115432499.999997,-62.70412
4115433437.499997,-62.69353
4115434374.999997,-62.77825
4115435312.499997,-62.90838
4115436249.999997,-62.6963
4115437187.499997,-62.55892
4115438124.999997,-62.80495
4115439062.499997,-62.71822
4115439999.999997,-62.64997
4115440937.499997,-62.49396
4115441874.999997,-62.87088
4115442812.499997,-62.76624
4115443749.999997,-62.83925
4115444687.499997,-62.73493
4115445624.999997,-62.76793
4115446562.499997,-62.86717
4115447499.999997,-62.71024
4115448437.499997,-62.69304
4115449374.999997,-62.97904
4115450312.499997,-62.7007
4115451249.999997,-62.74053
4115452187.499997,-62.49647
4115453124.999997,-62.8032
4115454062.499997,-62.81952
4115454999.999997,-62.87589
4115455937.499997,-62.9073
4115456874.999997,-62.82815
4115457812.499997,-62.66731
4115458749.999997,-62.78651
4115459687.499997,-62.7832
4115460624.999997,-62.45847
4115461562.499997,-62.75071
4115462499.999997,-62.68257
4115463437.499997,-62.88369
4115464374.999997,-62.782
4115465312.499997,-62.78618
4115466249.999997,-62.62825
4115467187.499997,-62.7402
4115468124.999997,-62.70182
4115469062.499997,-62.55966
4115469999.999997,-62.75157
4115470937.499997,-62.68337
4115471874.999997,-62.75693
4115472812.499997,-62.67427
4115473749.999997,-62.76535
4115474687.499997,-62.68373
4115475624.999997,-62.8902
4115476562.499997,-62.70174
4115477499.999997,-62.73418
4115478437.499997,-62.69727
4115479374.999997,-62.69196
4115480312.499997,-62.93662
4115481249.999997,-62.82813
4115482187.499997,-62.6213
4115483124.999997,-62.51398
4115484062.499997,-63.04532
4115484999.999997,-62.76816
4115485937.499997,-62.62155
4115486874.999997,-62.70314
4115487812.499997,-62.78556
4115488749.999997,-62.75574
4115489687.499997,-62.59002
4115490624.999997,-62.6232
4115491562.499997,-62.68032
4115492499.999997,-62.61455
4115493437.499997,-62.90405
4115494374.999997,-62.66758
4115495312.499997,-62.85131
4115496249.999997,-62.49034
4115497187.499997,-62.6739
4115498124.999997,-62.73473
4115499062.499997,-62.43653
4115499999.999997,-62.66654
4115500937.499997,-62.61427
4115501874.999997,-62.85022
4115502812.499997,-62.54719
4115503749.999997,-62.54933
4115504687.499997,-62.92643
4115505624.999997,-62.71883
4115506562.499997,-62.83507
4115507499.999997,-62.53268
4115508437.499997,-62.62464
4115509374.999997,-62.48821
4115510312.499997,-62.8103
4115511249.999997,-62.7146
4115512187.499997,-62.5374
4115513124.999997,-62.69038
4115514062.499997,-62.79147
4115514999.999997,-62.34977
4115515937.499997,-62.73192
4115516874.999997,-62.84483
4115517812.499997,-62.57153
4115518749.999997,-62.58809
4115519687.499997,-62.81056
4115520624.999997,-62.6505
4115521562.499997,-62.74807
4115522499.999997,-62.7762
4115523437.499997,-62.5782
4115524374.999997,-62.6667
4115525312.499997,-62.67055
4115526249.999997,-62.61596
4115527187.499997,-62.60417
4115528124.999997,-62.72592
4115529062.499997,-62.68743
4115529999.999997,-62.53877
4115530937.499997,-62.71544
4115531874.999997,-62.62547
4115532812.499997,-62.73885
4115533749.999997,-62.70296
4115534687.499997,-62.52224
4115535624.999997,-62.62845
4115536562.499997,-62.54139
4115537499.999997,-62.74687
4115538437.499997,-62.22871
4115539374.999997,-62.73331
4115540312.499997,-62.54832
4115541249.999997,-62.67384
4115542187.499997,-62.74834
4115543124.999997,-62.63993
4115544062.499997,-62.56187
4115544999.999997,-63.04876
4115545937.499997,-62.57016
4115546874.999997,-62.72839
4115547812.499997,-62.58886
4115548749.999997,-62.4491
4115549687.499997,-62.57577
4115550624.999997,-62.67878
4115551562.499997,-62.68196
4115552499.999997,-62.90265
4115553437.499997,-62.90399
4115554374.999997,-62.72052
4115555312.499997,-62.58981
4115556249.999997,-62.53122
4115557187.499997,-62.61382
4115558124.999997,-62.64674
4115559062.499997,-62.50567
4115559999.999997,-62.59364
4115560937.499997,-62.79148
4115561874.999997,-62.58489
4115562812.499997,-62.57547
4115563749.999997,-62.41408
4115564687.499997,-62.49811
4115565624.999997,-62.58728
4115566562.499997,-62.47452
4115567499.999997,-62.52912
4115568437.499997,-62.60099
4115569374.999997,-62.55706
4115570312.499997,-62.64887
4115571249.999997,-62.65852
4115572187.499997,-62.94535
4115573124.999997,-62.49883
4115574062.499997,-62.68879
4115574999.999997,-62.57204
4115575937.499997,-62.78406
4115576874.999997,-62.63679
4115577812.499997,-62.72707
4115578749.999997,-62.60012
4115579687.499997,-62.55264
4115580624.999997,-62.33295
4115581562.499997,-62.73924
4115582499.999997,-62.63321
4115583437.499997,-62.50388
4115584374.999997,-62.77527
4115585312.499997,-62.57517
4115586249.999997,-62.51773
4115587187.499997,-62.4902
4115588124.999997,-62.66316
4115589062.499997,-62.4608
4115589999.999997,-62.42901
4115590937.499997,-62.65339
4115591874.999997,-62.50211
4115592812.499997,-62.59998
4115593749.999997,-62.37053
4115594687.499997,-62.85839
4115595624.999997,-62.86052
4115596562.499997,-62.51355
4115597499.999997,-62.30729
4115598437.499997,-62.40359
4115599374.999997,-62.52211
4115600312.499997,-62.41433
4115601249.999997,-62.66038
4115602187.499997,-62.68367
4115603124.999997,-62.61805
4115604062.499997,-62.61912
4115604999.999997,-62.50034
4115605937.499997,-62.75588
4115606874.999997,-62.58792
4115607812.499997,-62.64526
4115608749.999997,-62.46013
4115609687.499997,-62.54917
4115610624.999997,-62.3315
4115611562.499997,-62.64473
4115612499.999997,-62.70682
4115613437.499997,-62.5951
4115614374.999997,-62.61161
4115615312.499997,-62.48074
4115616249.999997,-62.63076
4115617187.499997,-62.55556
4115618124.999997,-62.85332
4115619062.499997,-62.57138
4115619999.999997,-62.27046
4115620937.499997,-62.53222
4115621874.999997,-62.51787
4115622812.499997,-62.47018
4115623749.999997,-62.53387
4115624687.499997,-62.34031
4115625624.999997,-62.34185
4115626562.499997,-62.5065
4115627499.999997,-62.57284
4115628437.499997,-62.48913
4115629374.999997,-62.35952
4115630312.499997,-62.50798
4115631249.999997,-62.53316
4115632187.499997,-62.47153
4115633124.999997,-62.64308
4115634062.499997,-62.44289
4115634999.999997,-62.57841
4115635937.499997,-62.80213
4115636874.999997,-62.26371
4115637812.499997,-62.55132
4115638749.999997,-62.6487
4115639687.499997,-62.55272
4115640624.999997,-62.68344
4115641562.499997,-62.57705
4115642499.999997,-62.47752
4115643437.499997,-62.37055
4115644374.999997,-62.36565
4115645312.499997,-62.44415
4115646249.999997,-62.34027
4115647187.499997,-62.60751
4115648124.999997,-62.54801
4115649062.499997,-62.68494
4115649999.999997,-62.43592
4115650937.499997,-62.41688
4115651874.999997,-62.38234
4115652812.499997,-62.50364
4115653749.999997,-62.45062
4115654687.499997,-62.42611
4115655624.999997,-62.72546
4115656562.499997,-62.42223
4115657499.999997,-62.50946
4115658437.499997,-62.51886
4115659374.999997,-62.39386
4115660312.499997,-62.43375
4115661249.999997,-62.49751
4115662187.499997,-62.64127
4115663124.999997,-62.58926
4115664062.499997,-62.58099
4115664999.999997,-62.49535
4115665937.499997,-62.36798
4115666874.999997,-62.25871
4115667812.499997,-62.66066
4115668749.999997,-62.2493
4115669687.499997,-62.35874
4115670624.999997,-62.38273
4115671562.499997,-62.58907
4115672499.999997,-62.43331
4115673437.499997,-62.48603
4115674374.999997,-62.32734
4115675312.499997,-62.6335
4115676249.999997,-62.53314
4115677187.499997,-62.51884
4115678124.999997,-62.71949
4115679062.499997,-62.55993
4115679999.999997,-62.47615
4115680937.499997,-62.42324
4115681874.999997,-62.36097
4115682812.499997,-62.60669
4115683749.999997,-62.51439
4115684687.499997,-62.53292
4115685624.999997,-62.41845
4115686562.499997,-62.34203
4115687499.999997,-62.30437
4115688437.499997,-62.62476
4115689374.999997,-62.33897
4115690312.499997,-62.26973
4115691249.999997,-62.39431
4115692187.499997,-62.37521
4115693124.999997,-62.29037
4115694062.499997,-62.55572
4115694999.999997,-62.57794
4115695937.499997,-62.37281
4115696874.999997,-62.47546
4115697812.499997,-62.49004
4115698749.999997,-62.28579
4115699687.499997,-62.34432
4115700624.999997,-62.32487
4115701562.499997,-62.48396
4115702499.999997,-62.50615
4115703437.499997,-62.56332
4115704374.999997,-62.328
4115705312.499997,-62.42305
4115706249.999997,-62.40545
4115707187.499997,-62.17968
4115708124.999997,-62.32339
4115709062.499997,-62.36525
4115709999.999997,-62.202
4115710937.499997,-62.37613
4115711874.999997,-62.3006
4115712812.499997,-62.36724
4115713749.999997,-62.3582
4115714687.499997,-62.54685
4115715624.999997,-62.46423
4115716562.499997,-62.49457
4115717499.999997,-62.51316
4115718437.499997,-62.49452
4115719374.999997,-62.34654
4115720312.499997,-62.46373
4115721249.999997,-62.24888
4115722187.499997,-62.26718
4115723124.999997,-62.43043
4115724062.499997,-62.49739
4115724999.999997,-62.55649
4115725937.499997,-62.52142
4115726874.999997,-62.50863
4115727812.499997,-62.37956
4115728749.999997,-62.5046
4115729687.499997,-62.56664
4115730624.999997,-62.41884
4115731562.499997,-62.29737
4115732499.999997,-62.4852
4115733437.499997,-62.42127
4115734374.999997,-62.4133
4115735312.499997,-62.60487
4115736249.999997,-62.36946
4115737187.499997,-62.43362
4115738124.999997,-62.46151
4115739062.499997,-62.42381
4115739999.999997,-62.47267
4115740937.499997,-62.25831
4115741874.999997,-62.33667
4115742812.499997,-62.13876
4115743749.999997,-62.41645
4115744687.499997,-62.471
4115745624.999997,-62.41363
4115746562.499997,-62.58009
4115747499.999997,-62.37578
4115748437.499997,-62.49635
4115749374.999997,-62.45704
4115750312.499997,-62.47721
4115751249.999997,-62.42001
4115752187.499997,-62.34058
4115753124.999997,-62.2113
4115754062.499997,-62.47355
4115754999.999997,-62.21364
4115755937.499997,-62.42388
4115756874.999997,-62.33331
4115757812.499997,-62.33899
4115758749.999997,-62.48006
4115759687.499997,-62.55937
4115760624.999997,-62.36421
4115761562.499997,-62.51696
4115762499.999997,-62.3311
4115763437.499997,-62.51134
4115764374.999997,-62.25031
4115765312.499997,-62.22936
4115766249.999997,-62.48619
4115767187.499997,-62.3838
4115768124.999997,-62.25189
4115769062.499997,-62.44046
4115769999.999997,-62.36306
4115770937.499997,-62.16887
4115771874.999997,-62.35159
4115772812.499997,-62.31944
4115773749.999997,-62.41139
4115774687.499997,-62.43084
4115775624.999997,-62.29636
4115776562.499997,-62.29359
4115777499.999997,-62.38655
4115778437.499997,-62.35368
4115779374.999997,-62.38625
4115780312.499997,-62.3327
4115781249.999997,-62.24635
4115782187.499997,-62.25887
4115783124.999997,-62.31637
4115784062.499997,-62.41962
4115784999.999997,-62.15811
4115785937.499997,-62.38668
4115786874.999997,-62.32036
4115787812.499997,-62.42933
4115788749.999997,-62.3471
4115789687.499997,-62.36283
4115790624.999997,-62.41393
4115791562.499997,-62.45763
4115792499.999997,-62.36423
4115793437.499997,-62.27432
4115794374.999997,-62.326
4115795312.499997,-62.18206
4115796249.999997,-62.28934
4115797187.499997,-62.20861
4115798124.999997,-62.32286
4115799062.499997,-62.42523
4115799999.999997,-62.41197
4115800937.499997,-62.41356
4115801874.999997,-62.51535
4115802812.499997,-62.40539
4115803749.999997,-62.13177
4115804687.499997,-62.01333
4115805624.999997,-62.32455
4115806562.499997,-62.56049
4115807499.999997,-62.06238
4115808437.499997,-62.22731
4115809374.999997,-62.54934
4115810312.499997,-62.27042
4115811249.999997,-62.31232
4115812187.499997,-62.26394
4115813124.999997,-62.44263
4115814062.499997,-62.34752
4115814999.999997,-62.493
4115815937.499997,-62.41754
4115816874.999997,-62.39945
4115817812.499997,-62.35768
4115818749.999997,-62.38049
4115819687.499997,-62.29746
4115820624.999997,-62.41298
4115821562.499997,-62.37237
4115822499.999997,-62.36716
4115823437.499997,-62.28388
4115824374.999997,-62.37706
4115825312.499997,-62.46399
4115826249.999997,-62.20115
4115827187.499997,-62.32144
4115828124.999997,-62.30714
4115829062.499997,-62.28526
4115829999.999997,-62.07227
4115830937.499997,-62.45947
4115831874.999997,-62.14632
4115832812.499997,-62.16782
4115833749.999997,-62.06769
4115834687.499997,-62.45899
4115835624.999997,-62.39428
4115836562.499997,-62.19868
4115837499.999997,-62.15058
4115838437.499997,-62.22786
4115839374.999997,-62.28998
4115840312.499997,-62.10361
4115841249.999997,-62.32401
4115842187.499997,-62.35149
4115843124.999997,-62.299
4115844062.499997,-62.08837
4115844999.999997,-62.13048
4115845937.499997,-62.29065
4115846874.999997,-62.08161
4115847812.499997,-62.3695
4115848749.999997,-61.98507
4115849687.499997,-62.24309
4115850624.999997,-62.34624
4115851562.499997,-62.34789
4115852499.999997,-62.16032
4115853437.499997,-62.31773
4115854374.999997,-62.35766
4115855312.499997,-62.24564
4115856249.999997,-62.27734
4115857187.499997,-62.13589
4115858124.999997,-62.2477
4115859062.499997,-62.21623
4115859999.999997,-62.65697
4115860937.499997,-62.33205
4115861874.999997,-62.39959
4115862812.499997,-62.31495
4115863749.999997,-62.25984
4115864687.499997,-62.38807
4115865624.999997,-62.322
4115866562.499997,-62.3593
4115867499.999997,-62.24053
4115868437.499997,-62.17953
4115869374.999997,-62.3105
4115870312.499997,-62.11008
4115871249.999997,-62.10899
4115872187.499997,-62.28331
4115873124.999997,-62.16209
4115874062.499997,-62.27816
4115874999.999997,-62.13543
4115875937.499997,-62.21449
4115876874.999997,-62.21877
4115877812.499997,-62.43977
4115878749.999997,-62.10591
4115879687.499997,-62.33166
4115880624.999997,-62.38994
4115881562.499997,-62.32185
4115882499.999997,-62.26469
4115883437.499997,-62.32402
4115884374.999997,-62.14442
4115885312.499997,-62.11252
4115886249.999997,-62.15562
4115887187.499997,-62.1943
4115888124.999997,-62.30165
4115889062.499997,-62.08383
4115889999.999997,-62.09978
4115890937.499997,-62.32248
4115891874.999997,-62.30928
4115892812.499997,-62.42004
4115893749.999997,-62.42118
4115894687.499997,-62.49073
4115895624.999997,-62.23433
4115896562.499997,-62.05657
4115897499.999997,-62.12568
4115898437.499997,-62.22456
4115899374.999997,-62.42604
4115900312.499997,-62.00699
4115901249.999997,-61.87305
4115902187.499997,-62.21749
4115903124.999997,-62.2648
4115904062.499997,-62.2772
4115904999.999997,-62.19347
4115905937.499997,-62.35835
4115906874.999997,-62.49858
4115907812.499997,-62.33507
4115908749.999997,-62.17505
4115909687.499997,-62.19841
4115910624.999997,-62.28423
4115911562.499997,-62.12397
4115912499.999997,-62.19715
4115913437.499997,-62.03915
4115914374.999997,-62.39207
4115915312.499997,-62.27795
4115916249.999997,-62.12196
4115917187.499997,-62.18819
4115918124.999997,-62.03452
4115919062.499997,-62.03192
4115919999.999997,-62.26297
4115920937.499997,-62.05801
4115921874.999997,-62.16103
4115922812.499997,-62.21999
4115923749.999997,-62.24623
4115924687.499997,-62.01966
4115925624.999997,-62.25496
4115926562.499997,-62.18437
4115927499.999997,-62.47329
4115928437.499997,-62.15131
4115929374.999997,-62.15147
4115930312.499997,-62.20627
4115931249.999997,-62.16586
4115932187.499997,-62.0662
4115933124.999997,-62.47847
4115934062.499997,-61.97866
4115934999.999997,-62.04242
4115935937.499997,-62.368
4115936874.999997,-62.14426
4115937812.499997,-62.15266
4115938749.999997,-61.95768
4115939687.499997,-62.16855
4115940624.999997,-62.02484
4115941562.499997,-62.11936
4115942499.999997,-62.28134
4115943437.499997,-62.22002
4115944374.999997,-62.10838
4115945312.499997,-62.17493
4115946249.999997,-62.26067
4115947187.499997,-62.04276
4115948124.999997,-62.27709
4115949062.499997,-62.13194
4115949999.999997,-62.00685
4115950937.499997,-62.32727
4115951874.999997,-62.5006
4115952812.499997,-62.02302
4115953749.999997,-61.93898
4115954687.499997,-62.04986
4115955624.999997,-62.30651
4115956562.499997,-62.13807
4115957499.999997,-62.18355
4115958437.499997,-62.17093
4115959374.999997,-62.18232
4115960312.499997,-62.23312
4115961249.999997,-62.30494
4115962187.499997,-61.96156
4115963124.999997,-61.97089
4115964062.499997,-62.09032
4115964999.999997,-62.20875
4115965937.499997,-61.94872
4115966874.999997,-62.24305
4115967812.499997,-62.19664
4115968749.999997,-62.15118
4115969687.499997,-62.01482
4115970624.999997,-62.1818
4115971562.499997,-62.24976
4115972499.999997,-62.0358
4115973437.499997,-62.22301
4115974374.999997,-62.15638
4115975312.499997,-62.02148
4115976249.999997,-62.11253
4115977187.499997,-62.01391
4115978124.999997,-62.27266
4115979062.499997,-62.03672
4115979999.999997,-62.20935
4115980937.499997,-62.16445
4115981874.999997,-62.27108
4115982812.499997,-62.02577
4115983749.999997,-62.11961
4115984687.499997,-61.84357
4115985624.999997,-61.99581
4115986562.499997,-62.15971
4115987499.999997,-62.18148
4115988437.499997,-62.11351
4115989374.999997,-62.24562
4115990312.499997,-61.96945
4115991249.999997,-62.02798
4115992187.499997,-62.16999
4115993124.999997,-62.0417
4115994062.499997,-62.1714
4115994999.999997,-61.88956
4115995937.499997,-62.09745
4115996874.999997,-62.00002
4115997812.499997,-62.37817
4115998749.999997,-62.14715
4115999687.499997,-61.78006
4116000624.999997,-61.92498
4116001562.499997,-62.15777
4116002499.999997,-62.1944
4116003437.499997,-61.93253
4116004374.999997,-62.06384
4116005312.499997,-62.13766
4116006249.999997,-62.18167
4116007187.499997,-62.09925
4116008124.999997,-61.98977
4116009062.499997,-62.05186
4116009999.999997,-61.99514
4116010937.499997,-62.17059
4116011874.999997,-61.81767
4116012812.499997,-61.9907
4116013749.999997,-62.17651
4116014687.499997,-61.96969
4116015624.999997,-62.0682
4116016562.499997,-61.91492
4116017499.999997,-61.93314
4116018437.499997,-62.25052
4116019374.999997,-62.01757
4116020312.499997,-61.87927
4116021249.999997,-62.2664
4116022187.499997,-62.06625
4116023124.999997,-62.14741
4116024062.499997,-61.98357
4116024999.999997,-62.02184
4116025937.499997,-62.0587
4116026874.999997,-62.10367
4116027812.499997,-62.19183
4116028749.999997,-62.06532
4116029687.499997,-62.03719
4116030624.999997,-62.13456
4116031562.499997,-62.15813
4116032499.999997,-62.05917
4116033437.499997,-62.02008
4116034374.999997,-61.97812
4116035312.499997,-61.96587
4116036249.999997,-62.04054
4116037187.499997,-62.07579
4116038124.999997,-62.12291
4116039062.499997,-61.98794
4116039999.999997,-61.84212
4116040937.499997,-62.2433
4116041874.999997,-62.00677
4116042812.499997,-61.81602
4116043749.999997,-62.0733
4116044687.499997,-62.01612
4116045624.999997,-62.00722
4116046562.499997,-62.11681
4116047499.999997,-61.88951
4116048437.499997,-62.12993
4116049374.999997,-61.83101
4116050312.499997,-62.0811
4116051249.999997,-62.09375
4116052187.499997,-62.01266
4116053124.999997,-62.03121
4116054062.499997,-62.11074
4116054999.999997,-61.88849
4116055937.499997,-62.06392
4116056874.999997,-62.01001
4116057812.499997,-61.99662
4116058749.999997,-61.86313
4116059687.499997,-62.07254
4116060624.999997,-61.88427
4116061562.499997,-62.06705
4116062499.999997,-61.8134
4116063437.499997,-61.78284
4116064374.999997,-62.26069
4116065312.499997,-61.80877
4116066249.999997,-62.06036
4116067187.499997,-61.95831
4116068124.999997,-62.0413
4116069062.499997,-62.02635
4116069999.999997,-61.95354
4116070937.499997,-62.00384
4116071874.999997,-62.1535
4116072812.499997,-62.00014
4116073749.999997,-62.02614
4116074687.499997,-62.07228
4116075624.999997,-62.02859
4116076562.499997,-62.03201
4116077499.999997,-61.7263
4116078437.499997,-61.98436
4116079374.999997,-61.85826
4116080312.499997,-62.16774
4116081249.999997,-62.10034
4116082187.499997,-62.00262
4116083124.999997,-61.82977
4116084062.499997,-61.94805
4116084999.999997,-62.08461
4116085937.499997,-61.88181
4116086874.999997,-61.85188
4116087812.499997,-61.93503
4116088749.999997,-62.03785
4116089687.499997,-61.97163
4116090624.999997,-61.78551
4116091562.499997,-62.08686
4116092499.999997,-62.03028
4116093437.499997,-61.75768
4116094374.999997,-61.92847
4116095312.499997,-62.0256
4116096249.999997,-61.82079
4116097187.499997,-61.98264
4116098124.999997,-62.03671
4116099062.499997,-61.85133
4116099999.999997,-62.04141
4116100937.499997,-61.96833
4116101874.999997,-61.88185
4116102812.499997,-62.07802
4116103749.999997,-61.94131
4116104687.499997,-61.94624
4116105624.999997,-61.85105
4116106562.499997,-62.19481
4116107499.999997,-61.84951
4116108437.499997,-62.01482
4116109374.999997,-61.90321
4116110312.499997,-61.95668
4116111249.999997,-62.11854
4116112187.499997,-61.91838
4116113124.999997,-61.80466
4116114062.499997,-62.01733
4116114999.999997,-61.88877
4116115937.499997,-61.97155
4116116874.999997,-61.9206
4116117812.499997,-61.90407
4116118749.999997,-61.85824
4116119687.499997,-61.92656
4116120624.999997,-62.05413
4116121562.499997,-61.89293
4116122499.999997,-62.05853
4116123437.499997,-61.88717
4116124374.999997,-62.07867
4116125312.499997,-61.8081
4116126249.999997,-62.00544
4116127187.499997,-61.91953
4116128124.999997,-61.96405
4116129062.499997,-61.76552
4116129999.999997,-61.98948
4116130937.499997,-61.69441
4116131874.999997,-62.10694
4116132812.499997,-61.85246
4116133749.999997,-62.04601
4116134687.499997,-61.99269
4116135624.999997,-62.15894
4116136562.499997,-61.82165
4116137499.999997,-62.16193
4116138437.499997,-61.98843
4116139374.999997,-61.94407
4116140312.499997,-61.98644
4116141249.999997,-61.75512
4116142187.499997,-61.87113
4116143124.999997,-61.87361
4116144062.499997,-61.95537
4116144999.999997,-61.98365
4116145937.499997,-61.86892
4116146874.999997,-61.97568
4116147812.499997,-62.02544
4116148749.999997,-62.0033
4116149687.499997,-61.90725
4116150624.999997,-62.03116
4116151562.499997,-61.92496
4116152499.999997,-61.83577
4116153437.499997,-61.81321
4116154374.999997,-61.94941
4116155312.499997,-61.93069
4116156249.999997,-61.87169
4116157187.499997,-61.74564
4116158124.999997,-61.84786
4116159062.499997,-61.98908
4116159999.999997,-62.10096
4116160937.499997,-61.91964
4116161874.999997,-61.88
4116162812.499997,-61.89448
4116163749.999997,-61.85769
4116164687.499997,-61.91442
4116165624.999997,-61.83242
4116166562.499997,-61.43048
4116167499.999997,-61.958
4116168437.499997,-62.01815
4116169374.999997,-62.09968
4116170312.499997,-61.65846
4116171249.999997,-61.7642
4116172187.499997,-61.82366
4116173124.999997,-61.89447
4116174062.499997,-62.00006
4116174999.999997,-61.70118
4116175937.499997,-61.90058
4116176874.999997,-61.79605
4116177812.499997,-61.89191
4116178749.999997,-61.93982
4116179687.499997,-61.81764
4116180624.999997,-61.83745
4116181562.499997,-61.65191
4116182499.999997,-62.11626
4116183437.499997,-61.87117
4116184374.999997,-62.02935
4116185312.499997,-61.75633
4116186249.999997,-62.01254
4116187187.499997,-61.79893
4116188124.999997,-61.85065
4116189062.499997,-62.07974
4116189999.999997,-61.80514
4116190937.499997,-62.08336
4116191874.999997,-61.93416
4116192812.499997,-61.87498
4116193749.999997,-61.85615
4116194687.499997,-61.86683
4116195624.999997,-61.90033
4116196562.499997,-61.8038
4116197499.999997,-61.65495
4116198437.499997,-61.78584
4116199374.999997,-61.77135
4116200312.499997,-61.59364
4116201249.999997,-61.64334
4116202187.499997,-61.87955
4116203124.999997,-61.85962
4116204062.499997,-61.78437
4116204999.999997,-61.71729
4116205937.499997,-61.89646
4116206874.999997,-61.79758
4116207812.499997,-61.54877
4116208749.999997,-61.69376
4116209687.499997,-61.70321
4116210624.999997,-61.90315
4116211562.499997,-61.64317
4116212499.999997,-61.75476
4116213437.499997,-61.74664
4116214374.999997,-61.81189
4116215312.499997,-61.70478
4116216249.999997,-61.78293
4116217187.499997,-61.98386
4116218124.999997,-61.79417
4116219062.499997,-61.78609
4116219999.999997,-61.91191
4116220937.499997,-61.7611
4116221874.999997,-61.8085
4116222812.499997,-61.66028
4116223749.999997,-62.02263
4116224687.499997,-62.03538
4116225624.999997,-61.81859
4116226562.499997,-61.86039
4116227499.999997,-61.92683
4116228437.499997,-61.71446
4116229374.999997,-61.6722
4116230312.499997,-61.74894
4116231249.999997,-61.77847
4116232187.499997,-61.80438
4116233124.999997,-61.86552
4116234062.499997,-61.66287
4116234999.999997,-61.96413
4116235937.499997,-61.76899
4116236874.999997,-61.82146
4116237812.499997,-61.71749
4116238749.999997,-61.69239
4116239687.499997,-61.64989
4116240624.999997,-61.65155
4116241562.499997,-61.69123
4116242499.999997,-61.88421
4116243437.499997,-61.72057
4116244374.999997,-61.67591
4116245312.499997,-61.7813
4116246249.999997,-61.64147
4116247187.499997,-61.60477
4116248124.999997,-61.76427
4116249062.499997,-61.92769
4116249999.999997,-61.77
4116250937.499997,-61.87124
4116251874.999997,-61.6639
4116252812.499997,-61.84409
4116253749.999997,-61.79248
4116254687.499997,-61.74148
4116255624.999997,-61.73603
4116256562.499997,-61.92614
4116257499.999997,-61.7354
4116258437.499997,-61.73571
4116259374.999997,-61.69305
4116260312.499997,-61.6692
4116261249.999997,-61.86077
4116262187.499997,-61.61569
4116263124.999997,-61.77478
4116264062.499997,-61.78843
4116264999.999997,-61.77869
4116265937.499997,-61.66496
4116266874.999997,-61.77845
4116267812.499997,-61.87587
4116268749.999997,-61.77731
4116269687.499997,-61.58179
4116270624.999997,-61.65341
4116271562.499997,-61.86442
4116272499.999997,-61.60931
4116273437.499997,-61.64187
4116274374.999997,-61.8602
4116275312.499997,-61.48516
4116276249.999997,-61.90261
4116277187.499997,-61.7459
4116278124.999997,-61.78275
4116279062.499997,-61.84365
4116279999.999997,-61.70834
4116280937.499997,-61.82407
4116281874.999997,-61.75735
4116282812.499997,-61.55917
4116283749.999997,-61.6571
4116284687.499997,-61.63927
4116285624.999997,-61.72707
4116286562.499997,-61.90449
4116287499.999997,-61.67516
4116288437.499997,-61.84534
4116289374.999997,-61.77541
4116290312.499997,-61.6576
4116291249.999997,-61.83403
4116292187.499997,-61.49511
4116293124.999997,-61.72538
4116294062.499997,-61.91211
4116294999.999997,-61.60512
4116295937.499997,-61.74873
4116296874.999997,-61.68729
4116297812.499997,-61.77095
4116298749.999997,-61.68858
4116299687.499997,-61.89749
4116300624.999997,-61.70932
4116301562.499997,-61.7709
4116302499.999997,-61.72591
4116303437.499997,-61.62821
4116304374.999997,-61.64912
4116305312.499997,-61.56067
4116306249.999997,-61.73234
4116307187.499997,-61.61502
4116308124.999997,-61.59241
4116309062.499997,-61.68193
4116309999.999997,-61.63346
4116310937.499997,-61.5178
4116311874.999997,-61.77422
4116312812.499997,-61.63515
4116313749.999997,-61.68549
4116314687.499997,-61.74028
4116315624.999997,-61.66999
4116316562.499997,-61.73006
4116317499.999997,-61.62271
4116318437.499997,-61.71907
4116319374.999997,-61.78819
4116320312.499997,-61.6605
4116321249.999997,-61.52292
4116322187.499997,-61.34434
4116323124.999997,-61.64202
4116324062.499997,-61.85883
4116324999.999997,-61.63266
4116325937.499997,-61.81512
4116326874.999997,-61.76304
4116327812.499997,-61.74136
4116328749.999997,-61.40621
4116329687.499997,-61.7335
4116330624.999997,-61.65525
4116331562.499997,-61.69062
4116332499.999997,-61.59266
4116333437.499997,-61.74929
4116334374.999997,-61.718
4116335312.499997,-61.55408
4116336249.999997,-61.71248
4116337187.499997,-61.84345
4116338124.999997,-61.55357
4116339062.499997,-61.49637
4116339999.999997,-61.8251
4116340937.499997,-61.70036
4116341874.999997,-61.44902
4116342812.499997,-61.58241
4116343749.999997,-61.5733
4116344687.499997,-61.7213
4116345624.999997,-61.87412
4116346562.499997,-61.74063
4116347499.999997,-61.79948
4116348437.499997,-61.44872
4116349374.999997,-62.00727
4116350312.499997,-61.70331
4116351249.999997,-61.4209
4116352187.499997,-61.47507
4116353124.999997,-61.4111
4116354062.499997,-61.79791
4116354999.999997,-61.79567
4116355937.499997,-61.67522
4116356874.999997,-61.80384
4116357812.499997,-61.65324
4116358749.999997,-61.67747
4116359687.499997,-61.44918
4116360624.999997,-61.56245
4116361562.499997,-61.63503
4116362499.999997,-61.63383
4116363437.499997,-61.76945
4116364374.999997,-61.5609
4116365312.499997,-61.5075
4116366249.999997,-61.48892
4116367187.499997,-61.76272
4116368124.999997,-61.72622
4116369062.499997,-61.55272
4116369999.999997,-61.91371
4116370937.499997,-61.99658
4116371874.999997,-61.55304
4116372812.499997,-61.66685
4116373749.999997,-61.58943
4116374687.499997,-61.48043
4116375624.999997,-61.5477
4116376562.499997,-61.59096
4116377499.999997,-61.70956
4116378437.499997,-61.34268
4116379374.999997,-61.67207
4116380312.499997,-61.51104
4116381249.999997,-61.68395
4116382187.499997,-61.48805
4116383124.999997,-61.52424
4116384062.499997,-61.67439
4116384999.999997,-61.53818
4116385937.499997,-61.7311
4116386874.999997,-61.75513
4116387812.499997,-61.75671
4116388749.999997,-61.41908
4116389687.499997,-61.54298
4116390624.999997,-61.64292
4116391562.499997,-61.77454
4116392499.999997,-61.62585
4116393437.499997,-61.39823
4116394374.999997,-61.67553
4116395312.499997,-61.49184
4116396249.999997,-61.44567
4116397187.499997,-61.40072
4116398124.999997,-61.37951
4116399062.499997,-61.64732
4116399999.999997,-61.4038
4116400937.499997,-61.60863
4116401874.999997,-61.67237
4116402812.499997,-61.75566
4116403749.999997,-61.82505
4116404687.499997,-61.69452
4116405624.999997,-61.74827
4116406562.499997,-61.48562
4116407499.999997,-61.61341
4116408437.499997,-61.5414
4116409374.999997,-61.3951
4116410312.499997,-61.55735
4116411249.999997,-61.59944
4116412187.499997,-61.54895
4116413124.999997,-61.47133
4116414062.499997,-61.65444
4116414999.999997,-61.42537
4116415937.499997,-61.49915
4116416874.999997,-61.4355
4116417812.499997,-61.42487
4116418749.999997,-61.40094
4116419687.499997,-61.48799
4116420624.999997,-61.41481
4116421562.499997,-61.59625
4116422499.999997,-61.50422
4116423437.499997,-61.73348
4116424374.999997,-61.54063
4116425312.499997,-61.69436
4116426249.999997,-61.62151
4116427187.499997,-61.37544
4116428124.999997,-61.47799
4116429062.499997,-61.4276
4116429999.999997,-61.47431
4116430937.499997,-61.53595
4116431874.999997,-61.73384
4116432812.499997,-61.48789
4116433749.999997,-61.74646
4116434687.499997,-61.35181
4116435624.999997,-61.38526
4116436562.499997,-61.58317
4116437499.999997,-61.61571
4116438437.499997,-61.31105
4116439374.999997,-61.65951
4116440312.499997,-61.44254
4116441249.999997,-61.46886
4116442187.499997,-61.50466
4116443124.999997,-61.26814
4116444062.499997,-61.44977
4116444999.999997,-61.6126
4116445937.499997,-61.4718
4116446874.999997,-61.5611
4116447812.499997,-61.50233
4116448749.999997,-61.43014
4116449687.499997,-61.31948
4116450624.999997,-61.34156
4116451562.499997,-61.77999
4116452499.999997,-61.59137
4116453437.499997,-61.69412
4116454374.999997,-61.35496
4116455312.499997,-61.3472
4116456249.999997,-61.46323
4116457187.499997,-61.58278
4116458124.999997,-61.48549
4116459062.499997,-61.5333
4116459999.999997,-61.45472
4116460937.499997,-61.45032
4116461874.999997,-61.43792
4116462812.499997,-61.31467
4116463749.999997,-61.65086
4116464687.499997,-61.40715
4116465624.999997,-61.4404
4116466562.499997,-61.466
4116467499.999997,-61.67001
4116468437.499997,-61.50112
4116469374.999997,-61.45636
4116470312.499997,-61.49805
4116471249.999997,-61.3999
4116472187.499997,-61.19167
4116473124.999997,-61.41717
4116474062.499997,-61.54023
4116474999.999997,-61.35214
4116475937.499997,-61.25919
4116476874.999997,-61.5389
4116477812.499997,-61.38984
4116478749.999997,-61.41047
4116479687.499997,-61.33256
4116480624.999997,-61.2763
4116481562.499997,-61.55042
4116482499.999997,-61.64723
4116483437.499997,-61.50881
4116484374.999997,-61.52897
4116485312.499997,-61.34521
4116486249.999997,-61.31356
4116487187.499997,-61.36879
4116488124.999997,-61.38714
4116489062.499997,-61.49569
4116489999.999997,-61.6991
4116490937.499997,-61.39666
4116491874.999997,-61.45044
4116492812.499997,-61.46377
4116493749.999997,-61.48799
4116494687.499997,-61.57441
4116495624.999997,-61.39389
4116496562.499997,-61.53024
4116497499.999997,-61.48815
4116498437.499997,-61.49038
4116499374.999997,-61.48709
4116500312.499997,-61.55397
4116501249.999997,-61.59565
4116502187.499997,-61.37779
4116503124.999997,-61.45202
4116504062.499997,-61.41651
4116504999.999997,-61.32204
4116505937.499997,-61.61107
4116506874.999997,-61.521
4116507812.499997,-61.39029
4116508749.999997,-61.35057
4116509687.499997,-61.24086
4116510624.999997,-61.44446
4116511562.499997,-61.4555
4116512499.999997,-61.32308
4116513437.499997,-61.57478
4116514374.999997,-61.30059
4116515312.499997,-61.32548
4116516249.999997,-61.21432
4116517187.499997,-61.51456
4116518124.999997,-61.30381
4116519062.499997,-61.49855
4116519999.999997,-61.5646
4116520937.499997,-61.49281
4116521874.999997,-61.48598
4116522812.499997,-61.61333
4116523749.999997,-61.44576
4116524687.499997,-61.4287
4116525624.999997,-61.46373
4116526562.499997,-61.4749
4116527499.999997,-61.45046
4116528437.499997,-61.43372
4116529374.999997,-61.2305
4116530312.499997,-61.29457
4116531249.999997,-61.31269
4116532187.499997,-61.40503
4116533124.999997,-61.53694
4116534062.499997,-61.44632
4116534999.999997,-61.40741
4116535937.499997,-61.58542
4116536874.999997,-61.49648
4116537812.499997,-61.37685
4116538749.999997,-61.37804
4116539687.499997,-61.47569
4116540624.999997,-61.37369
4116541562.499997,-61.3798
4116542499.999997,-61.5382
4116543437.499997,-61.2077
4116544374.999997,-61.53759
4116545312.499997,-61.68924
4116546249.999997,-61.43899
4116547187.499997,-61.445
4116548124.999997,-61.16544
4116549062.499997,-61.50305
4116549999.999997,-61.34233
4116550937.499997,-61.32077
4116551874.999997,-61.39759
4116552812.499997,-61.25943
4116553749.999997,-61.33574
4116554687.499997,-61.52035
4116555624.999997,-61.44209
4116556562.499997,-61.22417
4116557499.999997,-61.30453
4116558437.499997,-61.50519
4116559374.999997,-61.22959
4116560312.499997,-61.35541
4116561249.999997,-61.21598
4116562187.499997,-61.1909
4116563124.999997,-61.25618
4116564062.499997,-61.50079
4116564999.999997,-61.32175
4116565937.499997,-61.30287
4116566874.999997,-61.42293
4116567812.499997,-61.35998
4116568749.999997,-61.17249
4116569687.499997,-61.4143
4116570624.999997,-61.41482
4116571562.499997,-61.38969
4116572499.999997,-61.46746
4116573437.499997,-61.26749
4116574374.999997,-61.34012
4116575312.499997,-61.32929
4116576249.999997,-61.27929
4116577187.499997,-61.38273
4116578124.999997,-61.31696
4116579062.499997,-61.36882
4116579999.999997,-61.23925
4116580937.499997,-61.2571
4116581874.999997,-61.39185
4116582812.499997,-61.26194
4116583749.999997,-61.1618
4116584687.499997,-61.30565
4116585624.999997,-61.23566
4116586562.499997,-61.26325
4116587499.999997,-61.31435
4116588437.499997,-61.46719
4116589374.999997,-61.23113
4116590312.499997,-61.26457
4116591249.999997,-61.3187
4116592187.499997,-61.34153
4116593124.999997,-61.37261
4116594062.499997,-61.27172
4116594999.999997,-61.55669
4116595937.499997,-61.17625
4116596874.999997,-61.40778
4116597812.499997,-61.46453
4116598749.999997,-61.42587
4116599687.499997,-61.16009
4116600624.999997,-61.30665
4116601562.499997,-61.33371
4116602499.999997,-61.58843
4116603437.499997,-61.45932
4116604374.999997,-61.04248
4116605312.499997,-61.28559
4116606249.999997,-61.35813
4116607187.499997,-61.35501
4116608124.999997,-61.41473
4116609062.499997,-61.20033
4116609999.999997,-61.37943
4116610937.499997,-61.36028
4116611874.999997,-61.45412
4116612812.499997,-61.24646
4116613749.999997,-61.31174
4116614687.499997,-61.22799
4116615624.999997,-61.20049
4116616562.499997,-61.07195
4116617499.999997,-61.29367
4116618437.499997,-61.29077
4116619374.999997,-61.30919
4116620312.499997,-61.4542
4116621249.999997,-61.25915
4116622187.499997,-61.24407
4116623124.999997,-61.2094
4116624062.499997,-61.25625
4116624999.999997,-61.52613
4116625937.499997,-61.13049
4116626874.999997,-61.39342
4116627812.499997,-61.18259
4116628749.999997,-61.0451
4116629687.499997,-61.16341
4116630624.999997,-61.22107
4116631562.499997,-61.41396
4116632499.999997,-61.13288
4116633437.499997,-61.45141
4116634374.999997,-61.23152
4116635312.499997,-61.32431
4116636249.999997,-61.33663
4116637187.499997,-60.99911
4116638124.999997,-61.2066
4116639062.499997,-61.10438
4116639999.999997,-61.19413
4116640937.499997,-61.33483
4116641874.999997,-61.17303
4116642812.499997,-61.28141
4116643749.999997,-61.16794
4116644687.499997,-61.25085
4116645624.999997,-61.23359
4116646562.499997,-61.21552
4116647499.999997,-61.47737
4116648437.499997,-61.29388
4116649374.999997,-61.17415
4116650312.499997,-61.34762
4116651249.999997,-61.11238
4116652187.499997,-61.26463
4116653124.999997,-61.24411
4116654062.499997,-61.05357
4116654999.999997,-61.15299
4116655937.499997,-61.1091
4116656874.999997,-61.16137
4116657812.499997,-61.14932
4116658749.999997,-61.23086
4116659687.499997,-61.28543
4116660624.999997,-61.16383
4116661562.499997,-61.29
4116662499.999997,-61.33809
4116663437.499997,-61.34688
4116664374.999997,-61.08105
4116665312.499997,-61.3672
4116666249.999997,-61.17245
4116667187.499997,-61.38433
4116668124.999997,-61.16115
4116669062.499997,-61.28944
4116669999.999997,-61.29116
4116670937.499997,-61.07685
4116671874.999997,-61.11765
4116672812.499997,-61.07821
4116673749.999997,-61.34046
4116674687.499997,-61.14485
4116675624.999997,-61.18693
4116676562.499997,-61.18906
4116677499.999997,-61.11145
4116678437.499997,-61.25666
4116679374.999997,-61.13058
4116680312.499997,-61.06026
4116681249.999997,-61.12968
4116682187.499997,-61.27247
4116683124.999997,-61.26172
4116684062.499997,-61.36379
4116684999.999997,-61.28891
4116685937.499997,-61.193
4116686874.999997,-61.253
4116687812.499997,-61.15481
4116688749.999997,-61.24757
4116689687.499997,-61.16341
4116690624.999997,-61.15343
4116691562.499997,-60.96481
4116692499.999997,-60.9754
4116693437.499997,-61.19385
4116694374.999997,-61.34841
4116695312.499997,-61.21925
4116696249.999997,-60.89985
4116697187.499997,-61.27238
4116698124.999997,-61.09204
4116699062.499997,-61.35469
4116699999.999997,-61.02015
4116700937.499997,-61.30422
4116701874.999997,-61.05843
4116702812.499997,-61.18805
4116703749.999997,-61.20596
4116704687.499997,-61.26391
4116705624.999997,-61.17506
4116706562.499997,-61.22066
4116707499.999997,-61.12723
4116708437.499997,-61.12434
4116709374.999997,-61.12528
4116710312.499997,-61.29103
4116711249.999997,-60.92964
4116712187.499997,-61.09922
4116713124.999997,-60.9503
4116714062.499997,-61.00467
4116714999.999997,-61.20666
4116715937.499997,-61.14397
4116716874.999997,-60.99179
4116717812.499997,-60.97314
4116718749.999997,-61.16348
4116719687.499997,-61.21418
4116720624.999997,-61.03116
4116721562.499997,-61.15678
4116722499.999997,-61.2454
4116723437.499997,-61.14876
4116724374.999997,-61.1309
4116725312.499997,-61.21179
4116726249.999997,-61.20739
4116727187.499997,-61.01952
4116728124.999997,-61.02418
4116729062.499997,-61.21267
4116729999.999997,-60.86083
4116730937.499997,-61.11393
4116731874.999997,-61.16252
4116732812.499997,-61.0622
4116733749.999997,-61.18132
4116734687.499997,-61.08637
4116735624.999997,-61.00622
4116736562.499997,-61.18331
4116737499.999997,-61.14732
4116738437.499997,-61.35106
4116739374.999997,-61.06501
4116740312.499997,-61.1976
4116741249.999997,-61.04832
4116742187.499997,-61.22538
4116743124.999997,-61.10678
4116744062.499997,-61.03385
4116744999.999997,-61.07696
4116745937.499997,-61.28061
4116746874.999997,-61.07675
4116747812.499997,-61.13085
4116748749.999997,-61.09845
4116749687.499997,-61.00928
4116750624.999997,-61.0376
4116751562.499997,-61.09914
4116752499.999997,-61.07429
4116753437.499997,-61.16893
4116754374.999997,-61.15731
4116755312.499997,-60.99675
4116756249.999997,-61.15306
4116757187.499997,-61.15201
4116758124.999997,-61.16321
4116759062.499997,-61.14175
4116759999.999997,-61.08876
4116760937.499997,-60.96451
4116761874.999997,-61.08886
4116762812.499997,-61.18288
4116763749.999997,-60.89873
4116764687.499997,-61.11149
4116765624.999997,-61.08334
4116766562.499997,-61.19639
4116767499.999997,-61.11459
4116768437.499997,-61.08028
4116769374.999997,-60.90232
4116770312.499997,-60.91328
4116771249.999997,-61.01935
4116772187.499997,-61.19868
4116773124.999997,-61.03281
4116774062.499997,-60.97006
4116774999.999997,-61.16961
4116775937.499997,-60.9852
4116776874.999997,-61.06483
4116777812.499997,-61.08201
4116778749.999997,-61.13745
4116779687.499997,-61.07326
4116780624.999997,-60.8675
4116781562.499997,-60.82908
4116782499.999997,-61.12597
4116783437.499997,-61.24908
4116784374.999997,-61.15442
4116785312.499997,-60.96616
4116786249.999997,-61.14634
4116787187.499997,-61.05656
4116788124.999997,-61.0432
4116789062.499997,-61.06891
4116789999.999997,-61.13677
4116790937.499997,-61.10304
4116791874.999997,-61.07505
4116792812.499997,-61.21067
4116793749.999997,-60.90013
4116794687.499997,-61.08884
4116795624.999997,-61.1075
4116796562.499997,-60.93602
4116797499.999997,-60.97038
4116798437.499997,-60.93162
4116799374.999997,-61.12149
4116800312.499997,-61.02433
4116801249.999997,-60.86959
4116802187.499997,-61.06414
4116803124.999997,-60.93956
4116804062.499997,-61.14904
4116804999.999997,-61.01207
4116805937.499997,-61.14445
4116806874.999997,-61.08803
4116807812.499997,-60.97447
4116808749.999997,-60.97219
4116809687.499997,-61.38307
4116810624.999997,-61.03514
4116811562.499997,-60.90305
4116812499.999997,-61.09783
4116813437.499997,-61.10948
4116814374.999997,-61.03489
4116815312.499997,-61.05683
4116816249.999997,-60.78671
4116817187.499997,-60.99522
4116818124.999997,-60.97916
4116819062.499997,-61.2612
4116819999.999997,-61.01711
4116820937.499997,-60.97752
4116821874.999997,-61.0428
4116822812.499997,-60.80198
4116823749.999997,-60.9211
4116824687.499997,-61.05559
4116825624.999997,-60.87867
4116826562.499997,-60.94333
4116827499.999997,-60.97583
4116828437.499997,-61.03016
4116829374.999997,-60.97224
4116830312.499997,-61.0161
4116831249.999997,-60.68725
4116832187.499997,-60.96539
4116833124.999997,-60.97346
4116834062.499997,-61.10415
4116834999.999997,-61.10443
4116835937.499997,-61.06732
4116836874.999997,-60.99301
4116837812.499997,-60.96439
4116838749.999997,-60.87921
4116839687.499997,-60.96316
4116840624.999997,-61.23502
4116841562.499997,-60.70797
4116842499.999997,-60.98583
4116843437.499997,-61.10433
4116844374.999997,-60.90322
4116845312.499997,-61.08061
4116846249.999997,-60.92241
4116847187.499997,-60.86927
4116848124.999997,-60.97888
4116849062.499997,-60.76411
4116849999.999997,-60.74928
4116850937.499997,-60.90248
4116851874.999997,-60.91687
4116852812.499997,-61.02186
4116853749.999997,-60.76363
4116854687.499997,-61.0688
4116855624.999997,-60.83301
4116856562.499997,-60.78235
4116857499.999997,-60.97219
4116858437.499997,-61.09689
4116859374.999997,-60.83751
4116860312.499997,-61.01826
4116861249.999997,-60.97924
4116862187.499997,-61.09361
4116863124.999997,-60.96527
4116864062.499997,-60.9721
4116864999.999997,-60.83792
4116865937.499997,-61.035
4116866874.999997,-60.94555
4116867812.499997,-60.77465
4116868749.999997,-60.73239
4116869687.499997,-61.00982
4116870624.999997,-61.20126
4116871562.499997,-60.56792
4116872499.999997,-60.97716
4116873437.499997,-61.09486
4116874374.999997,-60.81659
4116875312.499997,-60.93536
4116876249.999997,-60.96417
4116877187.499997,-60.86979
4116878124.999997,-61.03399
4116879062.499997,-60.87339
4116879999.999997,-61.10322
4116880937.499997,-60.72502
4116881874.999997,-61.01424
4116882812.499997,-60.89881
4116883749.999997,-60.63868
4116884687.499997,-60.82103
4116885624.999997,-60.79666
4116886562.499997,-60.66139
4116887499.999997,-60.88887
4116888437.499997,-60.98952
4116889374.999997,-60.75481
4116890312.499997,-60.84517
4116891249.999997,-60.85302
4116892187.499997,-60.93781
4116893124.999997,-60.84856
4116894062.499997,-60.99141
4116894999.999997,-60.92891
4116895937.499997,-60.89532
4116896874.999997,-60.9129
4116897812.499997,-60.82023
4116898749.999997,-60.75699
4116899687.499997,-61.00974
4116900624.999997,-60.89785
4116901562.499997,-60.78825
4116902499.999997,-60.7961
4116903437.499997,-60.79593
4116904374.999997,-61.04776
4116905312.499997,-60.88924
4116906249.999997,-60.70493
4116907187.499997,-60.93663
4116908124.999997,-60.79562
4116909062.499997,-60.90537
4116909999.999997,-60.91258
4116910937.499997,-60.9692
4116911874.999997,-60.98854
4116912812.499997,-60.69308
4116913749.999997,-60.73895
4116914687.499997,-60.86272
4116915624.999997,-60.8834
4116916562.499997,-60.87516
4116917499.999997,-60.78342
4116918437.499997,-60.77647
4116919374.999997,-60.9105
4116920312.499997,-60.87114
4116921249.999997,-60.71235
4116922187.499997,-60.87685
4116923124.999997,-60.79682
4116924062.499997,-60.90321
4116924999.999997,-60.96041
4116925937.499997,-60.64933
4116926874.999997,-60.77325
4116927812.499997,-60.92604
4116928749.999997,-60.95753
4116929687.499997,-60.82309
4116930624.999997,-60.85167
4116931562.499997,-60.83377
4116932499.999997,-60.91655
4116933437.499997,-60.76828
4116934374.999997,-60.85891
4116935312.499997,-60.96341
4116936249.999997,-60.79387
4116937187.499997,-60.70171
4116938124.999997,-60.90308
4116939062.499997,-60.86121
4116939999.999997,-60.81528
4116940937.499997,-60.88476
4116941874.999997,-60.71274
4116942812.499997,-61.03317
4116943749.999997,-60.69593
4116944687.499997,-60.80333
4116945624.999997,-60.96983
4116946562.499997,-61.03337
4116947499.999997,-60.88482
4116948437.499997,-60.86426
4116949374.999997,-60.75005
4116950312.499997,-60.76982
4116951249.999997,-60.91208
4116952187.499997,-60.85809
4116953124.999997,-60.92081
4116954062.499997,-60.58895
4116954999.999997,-60.77732
4116955937.499997,-60.53173
4116956874.999997,-60.88659
4116957812.499997,-60.92484
4116958749.999997,-60.90693
4116959687.499997,-61.11477
4116960624.999997,-60.84833
4116961562.499997,-60.89005
4116962499.999997,-60.60547
4116963437.499997,-60.80165
4116964374.999997,-60.83181
4116965312.499997,-60.59261
4116966249.999997,-60.95056
4116967187.499997,-60.7648
4116968124.999997,-60.93382
4116969062.499997,-60.71185
4116969999.999997,-60.80736
4116970937.499997,-60.77731
4116971874.999997,-60.87614
4116972812.499997,-60.799
4116973749.999997,-60.78392
4116974687.499997,-60.6946
4116975624.999997,-60.67885
4116976562.499997,-60.78297
4116977499.999997,-60.77546
4116978437.499997,-60.87619
4116979374.999997,-60.84851
4116980312.499997,-60.85723
4116981249.999997,-60.96125
4116982187.499997,-60.68988
4116983124.999997,-60.81297
4116984062.499997,-60.92047
4116984999.999997,-60.62574
4116985937.499997,-60.66469
4116986874.999997,-60.76016
4116987812.499997,-60.80815
4116988749.999997,-60.67877
4116989687.499997,-60.66491
4116990624.999997,-60.65108
4116991562.499997,-60.77914
4116992499.999997,-60.87553
4116993437.499997,-60.95978
4116994374.999997,-60.59968
4116995312.499997,-60.78556
4116996249.999997,-60.87415
4116997187.499997,-60.71
4116998124.999997,-60.65456
4116999062.499997,-60.90347
4116999999.999997,-60.80127
4117000937.499997,-60.67007
4117001874.999997,-60.64495
4117002812.499997,-60.60916
4117003749.999997,-60.53591
4117004687.499997,-60.83419
4117005624.999997,-60.68698
4117006562.499997,-60.88618
4117007499.999997,-60.77278
4117008437.499997,-60.82988
4117009374.999997,-60.80056
4117010312.499997,-60.59195
4117011249.999997,-60.75516
4117012187.499997,-60.71658
4117013124.999997,-60.72843
4117014062.499997,-60.75076
4117014999.999997,-60.78764
4117015937.499997,-60.9517
4117016874.999997,-60.82624
4117017812.499997,-60.83091
4117018749.999997,-60.74096
4117019687.499997,-60.45324
4117020624.999997,-60.65034
4117021562.499997,-60.81323
4117022499.999997,-60.74852
4117023437.499997,-60.70664
4117024374.999997,-60.65564
4117025312.499997,-60.68553
4117026249.999997,-60.74488
4117027187.499997,-60.7125
4117028124.999997,-60.76955
4117029062.499997,-60.812
4117029999.999997,-60.75538
4117030937.499997,-60.89481
4117031874.999997,-60.85708
4117032812.499997,-60.67952
4117033749.999997,-60.54537
4117034687.499997,-60.73195
4117035624.999997,-60.78551
4117036562.499997,-60.7401
4117037499.999997,-60.72147
4117038437.499997,-60.73995
4117039374.999997,-60.64515
4117040312.499997,-60.69534
4117041249.999997,-60.60368
4117042187.499997,-60.84845
4117043124.999997,-60.75524
4117044062.499997,-60.62114
4117044999.999997,-60.45514
4117045937.499997,-60.61386
4117046874.999997,-60.67762
4117047812.499997,-60.75532
4117048749.999997,-60.74969
4117049687.499997,-60.47759
4117050624.999997,-60.74445
4117051562.499997,-60.82457
4117052499.999997,-60.67717
4117053437.499997,-60.57272
4117054374.999997,-60.57503
4117055312.499997,-60.7636
4117056249.999997,-60.6755
4117057187.499997,-60.67891
4117058124.999997,-60.89342
4117059062.499997,-60.48694
4117059999.999997,-60.48677
4117060937.499997,-60.45917
4117061874.999997,-60.69975
4117062812.499997,-60.67665
4117063749.999997,-60.54619
4117064687.499997,-60.48233
4117065624.999997,-60.66951
4117066562.499997,-60.64841
4117067499.999997,-60.50737
4117068437.499997,-60.54579
4117069374.999997,-60.69995
4117070312.499997,-60.53584
4117071249.999997,-60.64653
4117072187.499997,-60.56661
4117073124.999997,-60.63718
4117074062.499997,-60.7128
4117074999.999997,-60.48639
4117075937.499997,-60.71285
4117076874.999997,-60.53565
4117077812.499997,-60.29602
4117078749.999997,-60.6128
4117079687.499997,-60.56686
4117080624.999997,-60.59349
4117081562.499997,-60.57773
4117082499.999997,-60.63432
4117083437.499997,-60.67213
4117084374.999997,-60.72834
4117085312.499997,-60.62526
4117086249.999997,-60.3703
4117087187.499997,-60.80252
4117088124.999997,-60.5473
4117089062.499997,-60.56984
4117089999.999997,-60.65233
4117090937.499997,-60.77375
4117091874.999997,-60.55156
4117092812.499997,-60.51962
4117093749.999997,-60.50985
4117094687.499997,-60.67052
4117095624.999997,-60.54842
4117096562.499997,-60.53245
4117097499.999997,-60.5951
4117098437.499997,-60.54689
4117099374.999997,-60.47857
4117100312.499997,-60.60191
4117101249.999997,-60.50894
4117102187.499997,-60.57103
4117103124.999997,-60.56027
4117104062.499997,-60.60357
4117104999.999997,-60.60786
4117105937.499997,-60.37865
4117106874.999997,-60.59855
4117107812.499997,-60.68017
4117108749.999997,-60.61496
4117109687.499997,-60.72993
4117110624.999997,-60.70314
4117111562.499997,-60.54269
4117112499.999997,-60.47277
4117113437.499997,-60.43894
4117114374.999997,-60.71121
4117115312.499997,-60.44083
4117116249.999997,-60.47707
4117117187.499997,-60.42206
4117118124.999997,-60.44844
4117119062.499997,-60.66954
4117119999.999997,-60.51404
4117120937.499997,-60.71616
4117121874.999997,-60.49603
4117122812.499997,-60.51208
4117123749.999997,-60.6081
4117124687.499997,-60.48364
4117125624.999997,-60.60073
4117126562.499997,-60.5826
4117127499.999997,-60.57838
4117128437.499997,-60.64506
4117129374.999997,-60.70464
4117130312.499997,-60.38966
4117131249.999997,-60.38195
4117132187.499997,-60.63971
4117133124.999997,-60.5108
4117134062.499997,-60.64328
4117134999.999997,-60.55147
4117135937.499997,-60.52126
4117136874.999997,-60.68584
4117137812.499997,-60.40318
4117138749.999997,-60.57797
4117139687.499997,-60.59588
4117140624.999997,-60.40339
4117141562.499997,-60.67824
4117142499.999997,-60.67801
4117143437.499997,-60.42661
4117144374.999997,-60.53527
4117145312.499997,-60.70929
4117146249.999997,-60.51164
4117147187.499997,-60.23898
4117148124.999997,-60.25299
4117149062.499997,-60.43719
4117149999.999997,-60.43663
4117150937.499997,-60.64589
4117151874.999997,-60.76341
4117152812.499997,-60.53481
4117153749.999997,-60.41803
4117154687.499997,-60.36508
4117155624.999997,-60.54926
4117156562.499997,-60.42756
4117157499.999997,-60.35959
4117158437.499997,-60.52423
4117159374.999997,-60.65582
4117160312.499997,-60.48865
4117161249.999997,-60.57467
4117162187.499997,-60.54459
4117163124.999997,-60.35871
4117164062.499997,-60.69306
4117164999.999997,-60.44093
4117165937.499997,-60.51863
4117166874.999997,-60.62148
4117167812.499997,-60.49539
4117168749.999997,-60.56324
4117169687.499997,-60.52227
4117170624.999997,-60.59958
4117171562.499997,-60.48579
4117172499.999997,-60.43374
4117173437.499997,-60.44448
4117174374.999997,-60.56232
4117175312.499997,-60.60324
4117176249.999997,-60.28977
4117177187.499997,-60.45164
4117178124.999997,-60.52106
4117179062.499997,-60.34328
4117179999.999997,-60.51322
4117180937.499997,-60.46413
4117181874.999997,-60.45967
4117182812.499997,-60.41901
4117183749.999997,-60.49459
4117184687.499997,-60.51066
4117185624.999997,-60.53213
4117186562.499997,-60.45716
4117187499.999997,-60.47699
4117188437.499997,-60.5337
4117189374.999997,-60.52508
4117190312.499997,-60.44218
4117191249.999997,-60.47834
4117192187.499997,-60.45933
4117193124.999997,-60.58855
4117194062.499997,-60.50904
4117194999.999997,-60.3381
4117195937.499997,-60.33306
4117196874.999997,-60.41175
4117197812.499997,-60.49705
4117198749.999997,-60.43507
4117199687.499997,-60.53106
4117200624.999997,-60.50554
4117201562.499997,-60.37409
4117202499.999997,-60.28039
4117203437.499997,-60.44843
4117204374.999997,-60.19779
4117205312.499997,-60.16893
4117206249.999997,-60.38512
4117207187.499997,-60.36057
4117208124.999997,-60.37579
4117209062.499997,-60.48777
4117209999.999997,-60.35554
4117210937.499997,-60.35447
4117211874.999997,-60.48111
4117212812.499997,-60.38365
4117213749.999997,-60.44057
4117214687.499997,-60.36702
4117215624.999997,-60.27179
4117216562.499997,-60.4614
4117217499.999997,-60.49854
4117218437.499997,-60.56277
4117219374.999997,-60.44322
4117220312.499997,-60.32049
4117221249.999997,-60.47572
4117222187.499997,-60.36749
4117223124.999997,-60.40982
4117224062.499997,-60.39231
4117224999.999997,-60.52353
4117225937.499997,-60.46802
4117226874.999997,-60.34663
4117227812.499997,-60.31675
4117228749.999997,-60.28188
4117229687.499997,-60.35312
4117230624.999997,-60.52253
4117231562.499997,-60.29424
4117232499.999997,-60.20568
4117233437.499997,-60.24722
4117234374.999997,-60.34127
4117235312.499997,-60.36045
4117236249.999997,-60.43742
4117237187.499997,-60.46452
4117238124.999997,-60.51548
4117239062.499997,-60.28323
4117239999.999997,-60.42984
4117240937.499997,-60.19877
4117241874.999997,-60.41962
4117242812.499997,-60.13173
4117243749.999997,-60.39825
4117244687.499997,-60.34315
4117245624.999997,-60.32442
4117246562.499997,-60.3547
4117247499.999997,-60.31631
4117248437.499997,-60.21537
4117249374.999997,-60.39401
4117250312.499997,-60.31814
4117251249.999997,-60.22453
4117252187.499997,-60.34892
4117253124.999997,-60.38559
4117254062.499997,-60.35643
4117254999.999997,-60.12984
4117255937.499997,-60.26465
4117256874.999997,-60.22195
4117257812.499997,-60.34871
4117258749.999997,-60.30713
4117259687.499997,-60.20231
4117260624.999997,-60.41718
4117261562.499997,-60.29071
4117262499.999997,-60.42609
4117263437.499997,-60.1735
4117264374.999997,-60.25826
4117265312.499997,-60.30152
4117266249.999997,-60.39186
4117267187.499997,-60.23411
4117268124.999997,-60.32238
4117269062.499997,-60.2538
4117269999.999997,-60.34521
4117270937.499997,-60.31245
4117271874.999997,-60.28555
4117272812.499997,-60.64684
4117273749.999997,-60.23434
4117274687.499997,-60.22152
4117275624.999997,-60.4807
4117276562.499997,-60.33572
4117277499.999997,-60.20811
4117278437.499997,-60.19668
4117279374.999997,-60.35657
4117280312.499997,-60.46066
4117281249.999997,-60.494
4117282187.499997,-60.31757
4117283124.999997,-60.42614
4117284062.499997,-60.37941
4117284999.999997,-60.39027
4117285937.499997,-60.25298
4117286874.999997,-60.12122
4117287812.499997,-60.17553
4117288749.999997,-60.28874
4117289687.499997,-60.23071
4117290624.999997,-60.29464
4117291562.499997,-60.2743
4117292499.999997,-60.23948
4117293437.499997,-60.19408
4117294374.999997,-60.13996
4117295312.499997,-60.34452
4117296249.999997,-60.19152
4117297187.499997,-60.35807
4117298124.999997,-60.2121
4117299062.499997,-60.39357
4117299999.999997,-60.34257
4117300937.499997,-60.2672
4117301874.999997,-60.50064
4117302812.499997,-60.30626
4117303749.999997,-60.12315
4117304687.499997,-60.11736
4117305624.999997,-60.33239
4117306562.499997,-60.22594
4117307499.999997,-60.31101
4117308437.499997,-60.28872
4117309374.999997,-60.30112
4117310312.499997,-60.16663
4117311249.999997,-60.29578
4117312187.499997,-60.26168
4117313124.999997,-60.39777
4117314062.499997,-60.22208
4117314999.999997,-60.10199
4117315937.499997,-60.27629
4117316874.999997,-60.26083
4117317812.499997,-60.28096
4117318749.999997,-60.37376
4117319687.499997,-60.20416
4117320624.999997,-60.2247
4117321562.499997,-60.31618
4117322499.999997,-60.21645
4117323437.499997,-60.14803
4117324374.999997,-60.05366
4117325312.499997,-60.09771
4117326249.999997,-60.31403
4117327187.499997,-60.29484
4117328124.999997,-60.44412
4117329062.499997,-60.30631
4117329999.999997,-60.17834
4117330937.499997,-60.23589
4117331874.999997,-60.16498
4117332812.499997,-60.30053
4117333749.999997,-60.46478
4117334687.499997,-60.2382
4117335624.999997,-60.22409
4117336562.499997,-60.0716
4117337499.999997,-60.26575
4117338437.499997,-59.9961
4117339374.999997,-60.27957
4117340312.499997,-60.28712
4117341249.999997,-60.34789
4117342187.499997,-60.14242
4117343124.999997,-60.32386
4117344062.499997,-60.12366
4117344999.999997,-60.17904
4117345937.499997,-60.20063
4117346874.999997,-60.1507
4117347812.499997,-60.14508
4117348749.999997,-60.06894
4117349687.499997,-60.08728
4117350624.999997,-60.21893
4117351562.499997,-60.22588
4117352499.999997,-60.29171
4117353437.499997,-60.21467
4117354374.999997,-60.27556
4117355312.499997,-60.28175
4117356249.999997,-60.1976
4117357187.499997,-60.13828
4117358124.999997,-60.13602
4117359062.499997,-60.3158
4117359999.999997,-60.03048
4117360937.499997,-60.14352
4117361874.999997,-60.34969
4117362812.499997,-60.03686
4117363749.999997,-60.09538
4117364687.499997,-60.36879
4117365624.999997,-60.14785
4117366562.499997,-60.21996
4117367499.999997,-60.22918
4117368437.499997,-60.2043
4117369374.999997,-60.16293
4117370312.499997,-60.06107
4117371249.999997,-60.09485
4117372187.499997,-60.31447
4117373124.999997,-60.29407
4117374062.499997,-60.17798
4117374999.999997,-60.06025
4117375937.499997,-60.23298
4117376874.999997,-60.29929
4117377812.499997,-60.05839
4117378749.999997,-60.14325
4117379687.499997,-60.18546
4117380624.999997,-60.24554
4117381562.499997,-59.97881
4117382499.999997,-60.28363
4117383437.499997,-60.16367
4117384374.999997,-60.06902
4117385312.499997,-60.02077
4117386249.999997,-60.07532
4117387187.499997,-60.17344
4117388124.999997,-60.13004
4117389062.499997,-60.11683
4117389999.999997,-60.19729
4117390937.499997,-60.20177
4117391874.999997,-60.1011
4117392812.499997,-60.0684
4117393749.999997,-60.13263
4117394687.499997,-60.00871
4117395624.999997,-60.07875
4117396562.499997,-60.03109
4117397499.999997,-60.13256
4117398437.499997,-60.02119
4117399374.999997,-60.19764
4117400312.499997,-60.23023
4117401249.999997,-60.03524
4117402187.499997,-60.12651
4117403124.999997,-60.01572
4117404062.499997,-60.15627
4117404999.999997,-60.17632
4117405937.499997,-59.9739
4117406874.999997,-60.21268
4117407812.499997,-60.12757
4117408749.999997,-60.10896
4117409687.499997,-59.99035
4117410624.999997,-60.12381
4117411562.499997,-60.24094
4117412499.999997,-60.09644
4117413437.499997,-60.20181
4117414374.999997,-60.1512
4117415312.499997,-60.169
4117416249.999997,-59.93588
4117417187.499997,-60.13313
4117418124.999997,-60.16012
4117419062.499997,-60.07104
4117419999.999997,-60.22064
4117420937.499997,-60.0877
4117421874.999997,-60.04496
4117422812.499997,-60.13594
4117423749.999997,-60.13088
4117424687.499997,-59.91787
4117425624.999997,-60.19664
4117426562.499997,-60.23412
4117427499.999997,-60.17693
4117428437.499997,-60.12511
4117429374.999997,-60.17898
4117430312.499997,-60.31436
4117431249.999997,-59.924
4117432187.499997,-60.11067
4117433124.999997,-59.95159
4117434062.499997,-60.11536
4117434999.999997,-60.2279
4117435937.499997,-60.05561
4117436874.999997,-59.96118
4117437812.499997,-60.05341
4117438749.999997,-60.07466
4117439687.499997,-59.96029
4117440624.999997,-60.19965
4117441562.499997,-60.03369
4117442499.999997,-60.07263
4117443437.499997,-60.10727
4117444374.999997,-60.22228
4117445312.499997,-60.21163
4117446249.999997,-60.01501
4117447187.499997,-60.26628
4117448124.999997,-60.15767
4117449062.499997,-59.91806
4117449999.999997,-60.10667
4117450937.499997,-60.01685
4117451874.999997,-60.01593
4117452812.499997,-60.14536
4117453749.999997,-60.09002
4117454687.499997,-60.13333
4117455624.999997,-59.97234
4117456562.499997,-59.86505
4117457499.999997,-60.00749
4117458437.499997,-60.08003
4117459374.999997,-60.04159
4117460312.499997,-60.03463
4117461249.999997,-60.09952
4117462187.499997,-59.98317
4117463124.999997,-60.10044
4117464062.499997,-59.87542
4117464999.999997,-59.94744
4117465937.499997,-60.05076
4117466874.999997,-60.08757
4117467812.499997,-60.08078
4117468749.999997,-59.96964
4117469687.499997,-60.04228
4117470624.999997,-60.02406
4117471562.499997,-59.95938
4117472499.999997,-59.90284
4117473437.499997,-60.07012
4117474374.999997,-59.97823
4117475312.499997,-60.05053
4117476249.999997,-60.02127
4117477187.499997,-60.05614
4117478124.999997,-60.05729
4117479062.499997,-59.93169
4117479999.999997,-60.11545
4117480937.499997,-59.9957
4117481874.999997,-59.93927
4117482812.499997,-59.83367
4117483749.999997,-60.02675
4117484687.499997,-60.05549
4117485624.999997,-59.85977
4117486562.499997,-60.05339
4117487499.999997,-59.92738
4117488437.499997,-59.87585
4117489374.999997,-59.97135
4117490312.499997,-59.94422
4117491249.999997,-59.97454
4117492187.499997,-59.96364
4117493124.999997,-60.14792
4117494062.499997,-59.97372
4117494999.999997,-60.01765
4117495937.499997,-59.94125
4117496874.999997,-59.94036
4117497812.499997,-59.99002
4117498749.999997,-59.98597
4117499687.499997,-59.96944
4117500624.999997,-59.95189
4117501562.499997,-59.92179
4117502499.999997,-60.00189
4117503437.499997,-59.97303
4117504374.999997,-59.92361
4117505312.499997,-60.04956
4117506249.999997,-59.912
4117507187.499997,-59.88084
4117508124.999997,-59.84584
4117509062.499997,-59.88784
4117509999.999997,-59.81741
4117510937.499997,-59.83143
4117511874.999997,-59.9394
4117512812.499997,-59.9357
4117513749.999997,-60.07721
4117514687.499997,-60.08511
4117515624.999997,-59.94335
4117516562.499997,-60.11594
4117517499.999997,-59.95431
4117518437.499997,-59.93841
4117519374.999997,-59.88225
4117520312.499997,-59.92496
4117521249.999997,-59.9433
4117522187.499997,-59.82246
4117523124.999997,-59.96728
4117524062.499997,-59.89769
4117524999.999997,-59.98864
4117525937.499997,-60.08457
4117526874.999997,-60.0046
4117527812.499997,-60.00756
4117528749.999997,-59.9369
4117529687.499997,-59.88306
4117530624.999997,-59.95497
4117531562.499997,-60.04647
4117532499.999997,-59.87808
4117533437.499997,-59.91845
4117534374.999997,-59.90172
4117535312.499997,-59.88889
4117536249.999997,-59.98111
4117537187.499997,-60.12559
4117538124.999997,-59.76225
4117539062.499997,-59.88662
4117539999.999997,-60.01104
4117540937.499997,-59.73418
4117541874.999997,-60.04165
4117542812.499997,-59.95603
4117543749.999997,-59.94539
4117544687.499997,-59.9072
4117545624.999997,-59.92198
4117546562.499997,-59.70889
4117547499.999997,-59.83979
4117548437.499997,-59.88706
4117549374.999997,-59.79598
4117550312.499997,-59.7428
4117551249.999997,-59.8327
4117552187.499997,-59.84937
4117553124.999997,-59.87918
4117554062.499997,-60.08845
4117554999.999997,-60.01804
4117555937.499997,-59.81786
4117556874.999997,-59.7047
4117557812.499997,-59.88083
4117558749.999997,-59.82218
4117559687.499997,-59.90662
4117560624.999997,-59.73645
4117561562.499997,-59.89935
4117562499.999997,-59.76794
4117563437.499997,-59.86766
4117564374.999997,-60.0079
4117565312.499997,-60.04429
4117566249.999997,-59.96737
4117567187.499997,-59.72527
4117568124.999997,-59.7545
4117569062.499997,-60.01471
4117569999.999997,-59.73471
4117570937.499997,-59.88822
4117571874.999997,-59.78346
4117572812.499997,-59.69775
4117573749.999997,-59.96
4117574687.499997,-59.87419
4117575624.999997,-59.81032
4117576562.499997,-59.93603
4117577499.999997,-59.92267
4117578437.499997,-59.84045
4117579374.999997,-59.91414
4117580312.499997,-59.78205
4117581249.999997,-59.80744
4117582187.499997,-59.84874
4117583124.999997,-59.83619
4117584062.499997,-59.72248
4117584999.999997,-59.65756
4117585937.499997,-59.74307
4117586874.999997,-59.94846
4117587812.499997,-59.90869
4117588749.999997,-59.83873
4117589687.499997,-59.95346
4117590624.999997,-59.72183
4117591562.499997,-59.72729
4117592499.999997,-59.73107
4117593437.499997,-59.84759
4117594374.999997,-59.78133
4117595312.499997,-59.77392
4117596249.999997,-59.71873
4117597187.499997,-59.80127
4117598124.999997,-59.87731
4117599062.499997,-59.72633
4117599999.999997,-59.80502
4117600937.499997,-59.85632
4117601874.999997,-59.86467
4117602812.499997,-59.84978
4117603749.999997,-59.74064
4117604687.499997,-59.65451
4117605624.999997,-59.87706
4117606562.499997,-59.78048
4117607499.999997,-59.99473
4117608437.499997,-59.92658
4117609374.999997,-59.73375
4117610312.499997,-59.87369
4117611249.999997,-59.89568
4117612187.499997,-59.76215
4117613124.999997,-59.90101
4117614062.499997,-59.67385
4117614999.999997,-59.87335
4117615937.499997,-59.91283
4117616874.999997,-59.78679
4117617812.499997,-59.89927
4117618749.999997,-59.67798
4117619687.499997,-59.76587
4117620624.999997,-59.85287
4117621562.499997,-59.81031
4117622499.999997,-59.72235
4117623437.499997,-59.61829
4117624374.999997,-59.85336
4117625312.499997,-59.72974
4117626249.999997,-59.75569
4117627187.499997,-59.6314
4117628124.999997,-59.67299
4117629062.499997,-59.87321
4117629999.999997,-59.73117
4117630937.499997,-59.7222
4117631874.999997,-59.81911
4117632812.499997,-59.84848
4117633749.999997,-59.70746
4117634687.499997,-59.84352
4117635624.999997,-59.7065
4117636562.499997,-59.81285
4117637499.999997,-59.68232
4117638437.499997,-59.84557
4117639374.999997,-59.82151
4117640312.499997,-59.8663
4117641249.999997,-59.94028
4117642187.499997,-60.02608
4117643124.999997,-59.78957
4117644062.499997,-59.77272
4117644999.999997,-59.64866
4117645937.499997,-59.57868
4117646874.999997,-59.69308
4117647812.499997,-59.78303
4117648749.999997,-59.68148
4117649687.499997,-59.80011
4117650624.999997,-59.57596
4117651562.499997,-59.8577
4117652499.999997,-59.89425
4117653437.499997,-59.6643
4117654374.999997,-59.89939
4117655312.499997,-59.81699
4117656249.999997,-59.71348
4117657187.499997,-59.71049
4117658124.999997,-59.71715
4117659062.499997,-59.60252
4117659999.999997,-59.81335
4117660937.499997,-59.64495
4117661874.999997,-59.84375
4117662812.499997,-59.75001
4117663749.999997,-59.68252
4117664687.499997,-59.83842
4117665624.999997,-59.64146
4117666562.499997,-59.69537
4117667499.999997,-59.60139
4117668437.499997,-59.75296
4117669374.999997,-59.66877
4117670312.499997,-59.62941
4117671249.999997,-59.68859
4117672187.499997,-59.79627
4117673124.999997,-59.72345
4117674062.499997,-59.82163
4117674999.999997,-59.65826
4117675937.499997,-59.72033
4117676874.999997,-59.6319
4117677812.499997,-59.64281
4117678749.999997,-59.75414
4117679687.499997,-59.84769
4117680624.999997,-59.76917
4117681562.499997,-59.69657
4117682499.999997,-59.69199
4117683437.499997,-59.88918
4117684374.999997,-59.6639
4117685312.499997,-59.73454
4117686249.999997,-59.69983
4117687187.499997,-59.73227
4117688124.999997,-59.62681
4117689062.499997,-59.75655
4117689999.999997,-59.724
4117690937.499997,-59.53702
4117691874.999997,-59.68639
4117692812.499997,-59.66333
4117693749.999997,-59.94622
4117694687.499997,-59.76075
4117695624.999997,-59.79881
4117696562.499997,-59.66877
4117697499.999997,-59.61943
4117698437.499997,-59.61285
4117699374.999997,-59.37011
4117700312.499997,-59.78347
4117701249.999997,-59.59846
4117702187.499997,-59.69172
4117703124.999997,-59.73409
4117704062.499997,-59.84265
4117704999.999997,-59.536
4117705937.499997,-59.77211
4117706874.999997,-59.76186
4117707812.499997,-59.48611
4117708749.999997,-59.60516
4117709687.499997,-59.55717
4117710624.999997,-59.81368
4117711562.499997,-59.63518
4117712499.999997,-59.51249
4117713437.499997,-59.53841
4117714374.999997,-59.77225
4117715312.499997,-59.913
4117716249.999997,-59.6726
4117717187.499997,-59.66967
4117718124.999997,-59.6993
4117719062.499997,-59.59465
4117719999.999997,-59.71089
4117720937.499997,-59.73381
4117721874.999997,-59.68446
4117722812.499997,-59.57853
4117723749.999997,-59.69776
4117724687.499997,-59.47847
4117725624.999997,-59.58524
4117726562.499997,-59.68847
4117727499.999997,-59.65023
4117728437.499997,-59.63597
4117729374.999997,-59.63649
4117730312.499997,-59.54897
4117731249.999997,-59.80528
4117732187.499997,-59.6846
4117733124.999997,-59.44328
4117734062.499997,-59.55448
4117734999.999997,-59.47998
4117735937.499997,-59.61003
4117736874.999997,-59.6497
4117737812.499997,-59.61702
4117738749.999997,-59.51034
4117739687.499997,-59.47108
4117740624.999997,-59.62642
4117741562.499997,-59.61056
4117742499.999997,-59.62879
4117743437.499997,-59.74736
4117744374.999997,-59.53658
4117745312.499997,-59.45995
4117746249.999997,-59.46035
4117747187.499997,-59.57314
4117748124.999997,-59.62973
4117749062.499997,-59.78523
4117749999.999997,-59.61615
4117750937.499997,-59.53881
4117751874.999997,-59.42604
4117752812.499997,-59.57335
4117753749.999997,-59.75117
4117754687.499997,-59.56463
4117755624.999997,-59.44883
4117756562.499997,-59.61744
4117757499.999997,-59.47502
4117758437.499997,-59.50719
4117759374.999997,-59.60226
4117760312.499997,-59.59476
4117761249.999997,-59.52751
4117762187.499997,-59.48661
4117763124.999997,-59.61528
4117764062.499997,-59.41096
4117764999.999997,-59.48051
4117765937.499997,-59.45772
4117766874.999997,-59.52454
4117767812.499997,-59.58278
4117768749.999997,-59.49325
4117769687.499997,-59.6772
4117770624.999997,-59.5236
4117771562.499997,-59.51355
4117772499.999997,-59.53349
4117773437.499997,-59.65482
4117774374.999997,-59.53447
4117775312.499997,-59.57219
4117776249.999997,-59.51662
4117777187.499997,-59.6263
4117778124.999997,-59.51538
4117779062.499997,-59.45196
4117779999.999997,-59.44967
4117780937.499997,-59.69477
4117781874.999997,-59.32294
4117782812.499997,-59.64975
4117783749.999997,-59.46962
4117784687.499997,-59.57526
4117785624.999997,-59.4757
4117786562.499997,-59.46751
4117787499.999997,-59.48247
4117788437.499997,-59.55894
4117789374.999997,-59.52799
4117790312.499997,-59.67373
4117791249.999997,-59.55964
4117792187.499997,-59.66498
4117793124.999997,-59.60435
4117794062.499997,-59.37588
4117794999.999997,-59.53333
4117795937.499997,-59.68346
4117796874.999997,-59.64249
4117797812.499997,-59.55596
4117798749.999997,-59.44083
4117799687.499997,-59.33832
4117800624.999997,-59.48405
4117801562.499997,-59.40626
4117802499.999997,-59.55463
4117803437.499997,-59.59493
4117804374.999997,-59.49391
4117805312.499997,-59.50568
4117806249.999997,-59.46136
4117807187.499997,-59.50059
4117808124.999997,-59.51826
4117809062.499997,-59.51026
4117809999.999997,-59.41648
4117810937.499997,-59.43716
4117811874.999997,-59.46038
4117812812.499997,-59.42429
4117813749.999997,-59.32539
4117814687.499997,-59.4072
4117815624.999997,-59.44811
4117816562.499997,-59.52514
4117817499.999997,-59.52699
4117818437.499997,-59.39601
4117819374.999997,-59.55072
4117820312.499997,-59.4202
4117821249.999997,-59.51801
4117822187.499997,-59.25021
4117823124.999997,-59.36602
4117824062.499997,-59.52328
4117824999.999997,-59.34261
4117825937.499997,-59.42847
4117826874.999997,-59.47141
4117827812.499997,-59.56474
4117828749.999997,-59.38263
4117829687.499997,-59.43147
4117830624.999997,-59.34002
4117831562.499997,-59.32375
4117832499.999997,-59.40338
4117833437.499997,-59.33316
4117834374.999997,-59.42828
4117835312.499997,-59.35352
4117836249.999997,-59.52044
4117837187.499997,-59.34997
4117838124.999997,-59.30428
4117839062.499997,-59.50801
4117839999.999997,-59.38506
4117840937.499997,-59.43618
4117841874.999997,-59.3396
4117842812.499997,-59.32083
4117843749.999997,-59.52227
4117844687.499997,-59.4237
4117845624.999997,-59.23006
4117846562.499997,-59.35534
4117847499.999997,-59.33619
4117848437.499997,-59.46252
4117849374.999997,-59.27963
4117850312.499997,-59.41603
4117851249.999997,-59.28828
4117852187.499997,-59.51813
4117853124.999997,-59.5645
4117854062.499997,-59.39494
4117854999.999997,-59.41841
4117855937.499997,-59.43163
4117856874.999997,-59.28623
4117857812.499997,-59.51638
4117858749.999997,-59.24906
4117859687.499997,-59.42263
4117860624.999997,-59.52838
4117861562.499997,-59.37491
4117862499.999997,-59.31386
4117863437.499997,-59.63137
4117864374.999997,-59.35604
4117865312.499997,-59.45001
4117866249.999997,-59.36625
4117867187.499997,-59.31553
4117868124.999997,-59.20754
4117869062.499997,-59.49048
4117869999.999997,-59.22902
4117870937.499997,-59.19645
4117871874.999997,-59.4927
4117872812.499997,-59.24914
4117873749.999997,-59.41497
4117874687.499997,-59.26147
4117875624.999997,-59.42426
4117876562.499997,-59.23493
4117877499.999997,-59.27527
4117878437.499997,-59.39555
4117879374.999997,-59.51003
4117880312.499997,-59.30232
4117881249.999997,-59.22932
4117882187.499997,-59.22851
4117883124.999997,-59.19349
4117884062.499997,-59.28127
4117884999.999997,-59.3464
4117885937.499997,-59.24723
4117886874.999997,-59.26538
4117887812.499997,-59.39587
4117888749.999997,-59.42115
4117889687.499997,-59.44051
4117890624.999997,-59.43105
4117891562.499997,-59.30323
4117892499.999997,-59.32149
4117893437.499997,-59.28836
4117894374.999997,-59.37722
4117895312.499997,-59.13164
4117896249.999997,-59.26044
4117897187.499997,-59.43624
4117898124.999997,-59.32213
4117899062.499997,-59.5395
4117899999.999997,-59.31115
4117900937.499997,-59.28674
4117901874.999997,-59.25484
4117902812.499997,-59.15817
4117903749.999997,-59.30311
4117904687.499997,-59.28374
4117905624.999997,-59.14174
4117906562.499997,-59.32747
4117907499.999997,-59.27494
4117908437.499997,-59.16551
4117909374.999997,-59.24083
4117910312.499997,-59.32377
4117911249.999997,-59.28149
4117912187.499997,-59.20715
4117913124.999997,-59.23296
4117914062.499997,-59.34237
4117914999.999997,-59.24473
4117915937.499997,-59.09407
4117916874.999997,-59.1085
4117917812.499997,-59.34133
4117918749.999997,-59.33313
4117919687.499997,-59.18631
4117920624.999997,-59.20498
4117921562.499997,-59.18718
4117922499.999997,-59.36168
4117923437.499997,-59.29957
4117924374.999997,-59.36486
4117925312.499997,-59.34609
4117926249.999997,-59.21447
4117927187.499997,-59.20391
4117928124.999997,-59.38671
4117929062.499997,-59.24914
4117929999.999997,-59.19351
4117930937.499997,-59.20835
4117931874.999997,-59.16515
4117932812.499997,-59.20865
4117933749.999997,-59.31061
4117934687.499997,-59.19019
4117935624.999997,-59.30236
4117936562.499997,-59.3386
4117937499.999997,-59.26937
4117938437.499997,-59.09596
4117939374.999997,-59.11757
4117940312.499997,-59.39295
4117941249.999997,-59.37711
4117942187.499997,-59.35614
4117943124.999997,-59.26212
4117944062.499997,-59.39195
4117944999.999997,-59.22977
4117945937.499997,-59.33548
4117946874.999997,-59.28074
4117947812.499997,-59.22791
4117948749.999997,-59.1579
4117949687.499997,-59.35794
4117950624.999997,-59.23139
4117951562.499997,-59.24336
4117952499.999997,-59.13379
4117953437.499997,-59.26994
4117954374.999997,-59.42971
4117955312.499997,-59.22457
4117956249.999997,-59.35768
4117957187.499997,-59.24588
4117958124.999997,-59.1659
4117959062.499997,-59.081
4117959999.999997,-59.029
4117960937.499997,-59.2884
4117961874.999997,-59.08646
4117962812.499997,-59.12939
4117963749.999997,-59.25773
4117964687.499997,-59.24252
4117965624.999997,-59.13772
4117966562.499997,-59.16266
4117967499.999997,-59.14688
4117968437.499997,-59.17591
4117969374.999997,-59.19927
4117970312.499997,-59.11435
4117971249.999997,-59.07712
4117972187.499997,-59.19473
4117973124.999997,-59.22004
4117974062.499997,-59.07794
4117974999.999997,-59.14043
4117975937.499997,-59.13123
4117976874.999997,-59.09114
4117977812.499997,-59.03364
4117978749.999997,-59.13932
4117979687.499997,-59.23664
4117980624.999997,-59.07565
4117981562.499997,-59.21637
4117982499.999997,-59.04172
4117983437.499997,-59.02072
4117984374.999997,-59.19728
4117985312.499997,-59.36932
4117986249.999997,-59.24229
4117987187.499997,-59.14384
4117988124.999997,-59.03411
4117989062.499997,-59.13448
4117989999.999997,-59.01169
4117990937.499997,-59.1278
4117991874.999997,-59.12849
4117992812.499997,-59.05828
4117993749.999997,-59.1761
4117994687.499997,-59.0889
4117995624.999997,-59.25648
4117996562.499997,-59.12997
4117997499.999997,-59.1867
4117998437.499997,-59.11334
4117999374.999997,-59.02568
4118000312.499997,-59.16919
4118001249.999997,-59.12017
4118002187.499997,-59.00278
4118003124.999997,-58.90034
4118004062.499997,-59.07837
4118004999.999997,-59.27488
4118005937.499997,-59.15388
4118006874.999997,-59.15257
4118007812.499997,-59.19169
4118008749.999997,-59.16397
4118009687.499997,-58.94978
4118010624.999997,-59.1108
4118011562.499997,-59.25675
4118012499.999997,-59.1203
4118013437.499997,-59.1958
4118014374.999997,-59.0083
4118015312.499997,-59.07196
4118016249.999997,-59.10383
4118017187.499997,-59.04675
4118018124.999997,-59.08878
4118019062.499997,-59.01121
4118019999.999997,-59.09573
4118020937.499997,-59.10363
4118021874.999997,-59.21333
4118022812.499997,-59.22444
4118023749.999997,-59.27784
4118024687.499997,-58.95845
4118025624.999997,-59.10183
4118026562.499997,-58.93217
4118027499.999997,-59.12041
4118028437.499997,-59.10321
4118029374.999997,-59.05858
4118030312.499997,-59.06951
4118031249.999997,-59.0308
4118032187.499997,-59.10837
4118033124.999997,-59.12038
4118034062.499997,-59.08643
4118034999.999997,-59.14497
4118035937.499997,-59.04672
4118036874.999997,-59.23524
4118037812.499997,-59.00584
4118038749.999997,-59.07104
4118039687.499997,-59.24732
4118040624.999997,-58.95692
4118041562.499997,-59.0008
4118042499.999997,-59.07986
4118043437.499997,-58.90608
4118044374.999997,-59.19611
4118045312.499997,-59.08434
4118046249.999997,-58.95638
4118047187.499997,-59.19108
4118048124.999997,-59.13936
4118049062.499997,-59.06247
4118049999.999997,-59.23024
4118050937.499997,-59.04571
4118051874.999997,-59.11999
4118052812.499997,-58.99971
4118053749.999997,-58.94747
4118054687.499997,-58.94434
4118055624.999997,-59.11136
4118056562.499997,-59.00051
4118057499.999997,-59.09323
4118058437.499997,-58.98146
4118059374.999997,-59.10823
4118060312.499997,-59.02156
4118061249.999997,-59.09847
4118062187.499997,-59.03206
4118063124.999997,-58.99754
4118064062.499997,-59.01514
4118064999.999997,-59.02121
4118065937.499997,-58.86885
4118066874.999997,-59.08479
4118067812.499997,-58.9178
4118068749.999997,-58.85817
4118069687.499997,-59.16607
4118070624.999997,-59.06366
4118071562.499997,-58.96438
4118072499.999997,-58.85345
4118073437.499997,-59.21785
4118074374.999997,-58.92004
4118075312.499997,-58.92744
4118076249.999997,-59.00937
4118077187.499997,-58.91629
4118078124.999997,-58.85602
4118079062.499997,-58.93216
4118079999.999997,-59.12202
4118080937.499997,-58.98141
4118081874.999997,-58.97355
4118082812.499997,-59.01085
4118083749.999997,-59.23371
4118084687.499997,-59.03173
4118085624.999997,-58.97771
4118086562.499997,-58.89218
4118087499.999997,-59.13986
4118088437.499997,-58.89626
4118089374.999997,-58.83731
4118090312.499997,-58.94617
4118091249.999997,-58.99379
4118092187.499997,-58.87503
4118093124.999997,-58.99759
4118094062.499997,-59.11167
4118094999.999997,-58.89086
4118095937.499997,-58.94019
4118096874.999997,-58.91552
4118097812.499997,-58.95607
4118098749.999997,-59.02095
4118099687.499997,-58.96026
4118100624.999997,-59.04397
4118101562.499997,-58.98025
4118102499.999997,-59.00181
4118103437.499997,-58.95045
4118104374.999997,-58.97102
4118105312.499997,-58.92619
4118106249.999997,-59.00476
4118107187.499997,-58.87102
4118108124.999997,-58.95736
4118109062.499997,-58.88147
4118109999.999997,-58.86591
4118110937.499997,-58.98504
4118111874.999997,-58.92542
4118112812.499997,-59.03677
4118113749.999997,-59.04606
4118114687.499997,-58.906
4118115624.999997,-58.95464
4118116562.499997,-58.90176
4118117499.999997,-58.99335
4118118437.499997,-59.01708
4118119374.999997,-58.83212
4118120312.499997,-58.83599
4118121249.999997,-58.93399
4118122187.499997,-58.98692
4118123124.999997,-58.85365
4118124062.499997,-58.92999
4118124999.999997,-58.84145
4118125937.499997,-58.93929
4118126874.999997,-59.05362
4118127812.499997,-58.89534
4118128749.999997,-58.84161
4118129687.499997,-58.87279
4118130624.999997,-59.00787
4118131562.499997,-58.74766
4118132499.999997,-59.00568
4118133437.499997,-58.8494
4118134374.999997,-58.82998
4118135312.499997,-58.80817
4118136249.999997,-58.82065
4118137187.499997,-58.91929
4118138124.999997,-59.01655
4118139062.499997,-58.94988
4118139999.999997,-58.81575
4118140937.499997,-58.87987
4118141874.999997,-58.84632
4118142812.499997,-58.90739
4118143749.999997,-58.85503
4118144687.499997,-59.08243
4118145624.999997,-58.99404
4118146562.499997,-58.73967
4118147499.999997,-58.82197
4118148437.499997,-58.91336
4118149374.999997,-58.88648
4118150312.499997,-58.93951
4118151249.999997,-58.8544
4118152187.499997,-58.95029
4118153124.999997,-58.81865
4118154062.499997,-58.723
4118154999.999997,-58.83445
4118155937.499997,-58.94637
4118156874.999997,-58.80927
4118157812.499997,-58.93011
4118158749.999997,-58.91856
4118159687.499997,-58.85992
4118160624.999997,-58.80463
4118161562.499997,-58.97381
4118162499.999997,-58.88302
4118163437.499997,-58.84679
4118164374.999997,-58.91615
4118165312.499997,-59.04915
4118166249.999997,-58.90241
4118167187.499997,-58.90291
4118168124.999997,-58.78362
4118169062.499997,-58.84883
4118169999.999997,-58.78414
4118170937.499997,-58.87387
4118171874.999997,-59.0047
4118172812.499997,-58.90655
4118173749.999997,-58.94713
4118174687.499997,-58.77006
4118175624.999997,-58.751
4118176562.499997,-58.84677
4118177499.999997,-58.77618
4118178437.499997,-58.73606
4118179374.999997,-58.95309
4118180312.499997,-58.91287
4118181249.999997,-58.78879
4118182187.499997,-58.82123
4118183124.999997,-58.73287
4118184062.499997,-58.87688
4118184999.999997,-58.77716
4118185937.499997,-58.97377
4118186874.999997,-58.76592
4118187812.499997,-58.8477
4118188749.999997,-58.76105
4118189687.499997,-58.80298
4118190624.999997,-58.81588
4118191562.499997,-58.75202
4118192499.999997,-58.77353
4118193437.499997,-58.7865
4118194374.999997,-58.92714
4118195312.499997,-58.75817
4118196249.999997,-58.89584
4118197187.499997,-58.65595
4118198124.999997,-58.88779
4118199062.499997,-58.88548
4118199999.999997,-58.77765
4118200937.499997,-58.75927
4118201874.999997,-58.69625
4118202812.499997,-58.75332
4118203749.999997,-58.9479
4118204687.499997,-58.82518
4118205624.999997,-58.64882
4118206562.499997,-58.71828
4118207499.999997,-58.86418
4118208437.499997,-58.64947
4118209374.999997,-58.95149
4118210312.499997,-58.67356
4118211249.999997,-58.63988
4118212187.499997,-58.73928
4118213124.999997,-58.63122
4118214062.499997,-58.75076
4118214999.999997,-58.80507
4118215937.499997,-58.89526
4118216874.999997,-58.69806
4118217812.499997,-58.82367
4118218749.999997,-58.946
4118219687.499997,-58.74544
4118220624.999997,-58.79512
4118221562.499997,-58.81837
4118222499.999997,-58.64431
4118223437.499997,-58.66705
4118224374.999997,-58.58418
4118225312.499997,-58.72914
4118226249.999997,-58.72963
4118227187.499997,-58.8144
4118228124.999997,-58.69443
4118229062.499997,-58.84851
4118229999.999997,-58.58446
4118230937.499997,-58.75355
4118231874.999997,-58.67511
4118232812.499997,-58.73949
4118233749.999997,-58.75365
4118234687.499997,-58.79247
4118235624.999997,-58.60792
4118236562.499997,-58.82105
4118237499.999997,-58.62361
4118238437.499997,-58.77773
4118239374.999997,-58.99784
4118240312.499997,-58.70382
4118241249.999997,-58.7865
4118242187.499997,-58.55774
4118243124.999997,-58.71575
4118244062.499997,-58.76119
4118244999.999997,-58.65553
4118245937.499997,-58.48429
4118246874.999997,-58.65572
4118247812.499997,-58.62538
4118248749.999997,-58.8739
4118249687.499997,-58.71526
4118250624.999997,-58.66277
4118251562.499997,-58.60213
4118252499.999997,-58.76912
4118253437.499997,-58.75799
4118254374.999997,-58.64608
4118255312.499997,-58.71952
4118256249.999997,-58.68245
4118257187.499997,-58.57768
4118258124.999997,-58.83884
4118259062.499997,-58.73236
4118259999.999997,-58.73515
4118260937.499997,-58.71405
4118261874.999997,-58.60052
4118262812.499997,-58.78382
4118263749.999997,-58.495
4118264687.499997,-58.57855
4118265624.999997,-58.70463
4118266562.499997,-58.67353
4118267499.999997,-58.82977
4118268437.499997,-58.76028
4118269374.999997,-58.73141
4118270312.499997,-58.60092
4118271249.999997,-58.66908
4118272187.499997,-58.6384
4118273124.999997,-58.87911
4118274062.499997,-58.60932
4118274999.999997,-58.69873
4118275937.499997,-58.58841
4118276874.999997,-58.63718
4118277812.499997,-58.48662
4118278749.999997,-58.66702
4118279687.499997,-58.72648
4118280624.999997,-58.69041
4118281562.499997,-58.48379
4118282499.999997,-58.63971
4118283437.499997,-58.5835
4118284374.999997,-58.57069
4118285312.499997,-58.61611
4118286249.999997,-58.68056
4118287187.499997,-58.90999
4118288124.999997,-58.69214
4118289062.499997,-58.5916
4118289999.999997,-58.61245
4118290937.499997,-58.60269
4118291874.999997,-58.56083
4118292812.499997,-58.53951
4118293749.999997,-58.57216
4118294687.499997,-58.66241
4118295624.999997,-58.62
4118296562.499997,-58.55253
4118297499.999997,-58.67231
4118298437.499997,-58.59594
4118299374.999997,-58.61199
4118300312.499997,-58.58758
4118301249.999997,-58.67802
4118302187.499997,-58.60169
4118303124.999997,-58.55693
4118304062.499997,-58.72512
4118304999.999997,-58.5749
4118305937.499997,-58.53358
4118306874.999997,-58.6666
4118307812.499997,-58.64954
4118308749.999997,-58.6111
4118309687.499997,-58.61623
4118310624.999997,-58.6791
4118311562.499997,-58.6708
4118312499.999997,-58.52135
4118313437.499997,-58.52544
4118314374.999997,-58.81176
4118315312.499997,-58.60249
4118316249.999997,-58.67726
4118317187.499997,-58.59189
4118318124.999997,-58.48522
4118319062.499997,-58.57814
4118319999.999997,-58.59744
4118320937.499997,-58.46698
4118321874.999997,-58.58194
4118322812.499997,-58.62208
4118323749.999997,-58.60631
4118324687.499997,-58.47329
4118325624.999997,-58.53616
4118326562.499997,-58.42401
4118327499.999997,-58.65673
4118328437.499997,-58.63704
4118329374.999997,-58.56491
4118330312.499997,-58.55099
4118331249.999997,-58.53631
4118332187.499997,-58.54657
4118333124.999997,-58.50156
4118334062.499997,-58.58513
4118334999.999997,-58.57148
4118335937.499997,-58.56483
4118336874.999997,-58.51394
4118337812.499997,-58.65665
4118338749.999997,-58.54221
4118339687.499997,-58.43513
4118340624.999997,-58.5715
4118341562.499997,-58.48636
4118342499.999997,-58.50642
4118343437.499997,-58.62589
4118344374.999997,-58.53118
4118345312.499997,-58.54255
4118346249.999997,-58.55334
4118347187.499997,-58.55733
4118348124.999997,-58.57401
4118349062.499997,-58.55513
4118349999.999997,-58.51032
4118350937.499997,-58.5064
4118351874.999997,-58.41311
4118352812.499997,-58.52448
4118353749.999997,-58.57735
4118354687.499997,-58.66021
4118355624.999997,-58.5725
4118356562.499997,-58.44005
4118357499.999997,-58.55415
4118358437.499997,-58.5337
4118359374.999997,-58.49622
4118360312.499997,-58.56816
4118361249.999997,-58.36835
4118362187.499997,-58.30919
4118363124.999997,-58.47431
4118364062.499997,-58.34146
4118364999.999997,-58.4298
4118365937.499997,-58.59327
4118366874.999997,-58.26436
4118367812.499997,-58.58922
4118368749.999997,-58.48094
4118369687.499997,-58.49276
4118370624.999997,-58.4633
4118371562.499997,-58.39569
4118372499.999997,-58.49183
4118373437.499997,-58.47294
4118374374.999997,-58.36415
4118375312.499997,-58.47602
4118376249.999997,-58.47511
4118377187.499997,-58.4318
4118378124.999997,-58.50829
4118379062.499997,-58.50466
4118379999.999997,-58.41277
4118380937.499997,-58.48059
4118381874.999997,-58.44405
4118382812.499997,-58.39497
4118383749.999997,-58.50581
4118384687.499997,-58.54561
4118385624.999997,-58.45597
4118386562.499997,-58.38418
4118387499.999997,-58.46328
4118388437.499997,-58.59566
4118389374.999997,-58.53147
4118390312.499997,-58.38469
4118391249.999997,-58.58879
4118392187.499997,-58.30996
4118393124.999997,-58.5729
4118394062.499997,-58.40531
4118394999.999997,-58.36011
4118395937.499997,-58.45719
4118396874.999997,-58.42521
4118397812.499997,-58.43291
4118398749.999997,-58.50232
4118399687.499997,-58.50842
4118400624.999997,-58.4799
4118401562.499997,-58.42814
4118402499.999997,-58.55634
4118403437.499997,-58.47205
4118404374.999997,-58.39522
4118405312.499997,-58.14994
4118406249.999997,-58.24201
4118407187.499997,-58.5416
4118408124.999997,-58.3621
4118409062.499997,-58.5074
4118409999.999997,-58.40675
4118410937.499997,-58.26431
4118411874.999997,-58.24718
4118412812.499997,-58.29824
4118413749.999997,-58.55583
4118414687.499997,-58.35423
4118415624.999997,-58.40969
4118416562.499997,-58.44307
4118417499.999997,-58.41838
4118418437.499997,-58.32576
4118419374.999997,-58.32033
4118420312.499997,-58.37986
4118421249.999997,-58.35462
4118422187.499997,-58.28592
4118423124.999997,-58.41054
4118424062.499997,-58.36299
4118424999.999997,-58.36741
4118425937.499997,-58.51348
4118426874.999997,-58.31671
4118427812.499997,-58.40163
4118428749.999997,-58.37177
4118429687.499997,-58.32973
4118430624.999997,-58.43876
4118431562.499997,-58.40719
4118432499.999997,-58.37988
4118433437.499997,-58.33666
4118434374.999997,-58.29707
4118435312.499997,-58.3151
4118436249.999997,-58.43295
4118437187.499997,-58.4489
4118438124.999997,-58.41227
4118439062.499997,-58.4562
4118439999.999997,-58.43317
4118440937.499997,-58.27158
4118441874.999997,-58.3273
4118442812.499997,-58.37024
4118443749.999997,-58.23344
4118444687.499997,-58.34743
4118445624.999997,-58.2397
4118446562.499997,-58.35968
4118447499.999997,-58.25799
4118448437.499997,-58.41109
4118449374.999997,-58.1735
4118450312.499997,-58.35849
4118451249.999997,-58.31408
4118452187.499997,-58.38545
4118453124.999997,-58.32992
4118454062.499997,-58.4092
4118454999.999997,-58.31845
4118455937.499997,-58.29825
4118456874.999997,-58.29985
4118457812.499997,-58.40779
4118458749.999997,-58.23732
4118459687.499997,-58.20728
4118460624.999997,-58.26423
4118461562.499997,-58.21328
4118462499.999997,-58.31278
4118463437.499997,-58.28632
4118464374.999997,-58.41811
4118465312.499997,-58.4338
4118466249.999997,-58.2338
4118467187.499997,-58.32866
4118468124.999997,-58.1137
4118469062.499997,-58.26458
4118469999.999997,-58.37504
4118470937.499997,-58.28096
4118471874.999997,-58.28399
4118472812.499997,-58.16831
4118473749.999997,-58.30564
4118474687.499997,-58.10872
4118475624.999997,-58.22205
4118476562.499997,-58.35626
4118477499.999997,-58.34035
4118478437.499997,-58.15129
4118479374.999997,-58.11767
4118480312.499997,-58.13555
4118481249.999997,-58.38545
4118482187.499997,-58.26166
4118483124.999997,-58.23117
4118484062.499997,-58.2958
4118484999.999997,-58.30044
4118485937.499997,-58.4199
4118486874.999997,-58.24045
4118487812.499997,-58.18696
4118488749.999997,-58.20578
4118489687.499997,-58.15246
4118490624.999997,-58.30443
4118491562.499997,-58.29666
4118492499.999997,-58.18384
4118493437.499997,-58.39788
4118494374.999997,-58.23589
4118495312.499997,-58.22887
4118496249.999997,-58.12917
4118497187.499997,-58.18353
4118498124.999997,-58.35304
4118499062.499997,-58.22426
4118499999.999997,-58.30607
4118500937.499997,-58.31531
4118501874.999997,-58.18848
4118502812.499997,-58.32273
4118503749.999997,-58.27279
4118504687.499997,-58.18424
4118505624.999997,-58.38869
4118506562.499997,-58.29309
4118507499.999997,-58.02669
4118508437.499997,-58.13673
4118509374.999997,-58.22564
4118510312.499997,-58.27801
4118511249.999997,-58.15841
4118512187.499997,-58.25501
4118513124.999997,-58.22126
4118514062.499997,-58.18435
4118514999.999997,-58.22214
4118515937.499997,-58.23679
4118516874.999997,-58.18599
4118517812.499997,-58.17467
4118518749.999997,-58.19352
4118519687.499997,-58.2546
4118520624.999997,-58.06147
4118521562.499997,-58.10657
4118522499.999997,-58.14536
4118523437.499997,-58.21846
4118524374.999997,-58.26733
4118525312.499997,-58.21579
4118526249.999997,-58.22761
4118527187.499997,-58.09217
4118528124.999997,-58.24345
4118529062.499997,-58.22873
4118529999.999997,-58.17258
4118530937.499997,-58.14837
4118531874.999997,-58.30405
4118532812.499997,-58.18928
4118533749.999997,-58.24608
4118534687.499997,-58.14845
4118535624.999997,-58.28473
4118536562.499997,-58.01894
4118537499.999997,-58.15289
4118538437.499997,-58.09684
4118539374.999997,-58.2845
4118540312.499997,-58.08768
4118541249.999997,-58.21468
4118542187.499997,-58.09332
4118543124.999997,-58.18036
4118544062.499997,-58.23723
4118544999.999997,-58.23346
4118545937.499997,-58.10599
4118546874.999997,-58.03509
4118547812.499997,-58.23563
4118548749.999997,-58.21894
4118549687.499997,-58.20973
4118550624.999997,-58.11813
4118551562.499997,-58.07158
4118552499.999997,-58.09168
4118553437.499997,-58.25675
4118554374.999997,-58.06869
4118555312.499997,-58.09755
4118556249.999997,-58.07133
4118557187.499997,-58.12516
4118558124.999997,-58.11212
4118559062.499997,-58.0099
4118559999.999997,-58.11352
4118560937.499997,-58.09984
4118561874.999997,-58.15
4118562812.499997,-58.16078
4118563749.999997,-58.15872
4118564687.499997,-58.09153
4118565624.999997,-58.08363
4118566562.499997,-58.02459
4118567499.999997,-58.13816
4118568437.499997,-58.07802
4118569374.999997,-58.00636
4118570312.499997,-58.05587
4118571249.999997,-58.01122
4118572187.499997,-58.147
4118573124.999997,-58.11793
4118574062.499997,-58.25083
4118574999.999997,-57.96682
4118575937.499997,-58.12413
4118576874.999997,-58.1469
4118577812.499997,-58.02652
4118578749.999997,-57.98226
4118579687.499997,-58.14598
4118580624.999997,-58.03858
4118581562.499997,-58.08292
4118582499.999997,-58.03232
4118583437.499997,-58.12318
4118584374.999997,-58.01652
4118585312.499997,-58.09536
4118586249.999997,-58.14628
4118587187.499997,-57.9866
4118588124.999997,-58.07472
4118589062.499997,-58.0394
4118589999.999997,-58.07566
4118590937.499997,-58.04579
4118591874.999997,-58.11791
4118592812.499997,-58.09923
4118593749.999997,-57.9394
4118594687.499997,-58.10642
4118595624.999997,-58.08455
4118596562.499997,-58.08982
4118597499.999997,-58.11615
4118598437.499997,-58.11054
4118599374.999997,-58.01148
4118600312.499997,-58.10593
4118601249.999997,-58.02571
4118602187.499997,-57.89421
4118603124.999997,-57.92265
4118604062.499997,-57.9993
4118604999.999997,-57.9869
4118605937.499997,-58.13303
4118606874.999997,-58.02966
4118607812.499997,-58.15355
4118608749.999997,-57.9717
4118609687.499997,-58.03187
4118610624.999997,-57.94897
4118611562.499997,-57.89267
4118612499.999997,-58.06047
4118613437.499997,-57.98382
4118614374.999997,-58.00217
4118615312.499997,-57.92499
4118616249.999997,-58.06371
4118617187.499997,-58.18955
4118618124.999997,-57.98988
4118619062.499997,-58.00584
4118619999.999997,-57.9572
4118620937.499997,-57.85408
4118621874.999997,-57.92551
4118622812.499997,-58.00756
4118623749.999997,-58.01464
4118624687.499997,-57.77584
4118625624.999997,-57.99347
4118626562.499997,-58.13229
4118627499.999997,-57.83952
4118628437.499997,-58.03825
4118629374.999997,-57.96648
4118630312.499997,-57.98774
4118631249.999997,-57.87185
4118632187.499997,-58.11217
4118633124.999997,-58.00444
4118634062.499997,-57.81708
4118634999.999997,-57.99828
4118635937.499997,-58.04082
4118636874.999997,-57.98674
4118637812.499997,-57.8485
4118638749.999997,-57.88808
4118639687.499997,-58.01456
4118640624.999997,-57.99617
4118641562.499997,-57.81838
4118642499.999997,-57.84728
4118643437.499997,-57.8614
4118644374.999997,-57.89225
4118645312.499997,-57.92642
4118646249.999997,-57.8919
4118647187.499997,-57.84923
4118648124.999997,-57.97499
4118649062.499997,-57.94784
4118649999.999997,-57.97073
4118650937.499997,-57.9908
4118651874.999997,-57.89845
4118652812.499997,-57.70265
4118653749.999997,-57.93509
4118654687.499997,-57.93256
4118655624.999997,-57.97272
4118656562.499997,-58.09188
4118657499.999997,-57.8908
4118658437.499997,-57.9127
4118659374.999997,-58.0075
4118660312.499997,-57.91349
4118661249.999997,-57.88301
4118662187.499997,-58.05039
4118663124.999997,-57.93445
4118664062.499997,-57.77814
4118664999.999997,-57.79909
4118665937.499997,-57.82273
4118666874.999997,-57.99827
4118667812.499997,-57.78423
4118668749.999997,-57.86464
4118669687.499997,-57.89139
4118670624.999997,-57.92889
4118671562.499997,-57.82203
4118672499.999997,-57.8258
4118673437.499997,-57.947
4118674374.999997,-57.85048
4118675312.499997,-57.805
4118676249.999997,-57.74566
4118677187.499997,-57.80022
4118678124.999997,-57.89145
4118679062.499997,-57.76126
4118679999.999997,-57.75568
4118680937.499997,-57.87766
4118681874.999997,-57.83368
4118682812.499997,-57.91928
4118683749.999997,-57.88064
4118684687.499997,-57.80428
4118685624.999997,-57.84473
4118686562.499997,-57.87625
4118687499.999997,-57.80408
4118688437.499997,-57.73217
4118689374.999997,-58.00441
4118690312.499997,-57.96427
4118691249.999997,-57.79712
4118692187.499997,-58.04635
4118693124.999997,-57.79122
4118694062.499997,-57.82576
4118694999.999997,-57.91677
4118695937.499997,-57.80168
4118696874.999997,-57.82888
4118697812.499997,-57.75624
4118698749.999997,-57.81893
4118699687.499997,-57.83364
4118700624.999997,-57.87537
4118701562.499997,-57.79501
4118702499.999997,-57.76133
4118703437.499997,-57.78625
4118704374.999997,-57.80848
4118705312.499997,-57.87625
4118706249.999997,-57.68364
4118707187.499997,-57.88997
4118708124.999997,-57.9356
4118709062.499997,-57.86057
4118709999.999997,-57.79927
4118710937.499997,-57.83561
4118711874.999997,-57.76429
4118712812.499997,-57.70632
4118713749.999997,-57.93151
4118714687.499997,-57.9194
4118715624.999997,-57.8741
4118716562.499997,-57.83477
4118717499.999997,-57.72447
4118718437.499997,-57.97229
4118719374.999997,-57.80649
4118720312.499997,-57.80354
4118721249.999997,-57.81892
4118722187.499997,-57.66794
4118723124.999997,-57.85318
4118724062.499997,-57.8517
4118724999.999997,-57.74429
4118725937.499997,-57.8034
4118726874.999997,-57.77352
4118727812.499997,-57.75596
4118728749.999997,-57.85868
4118729687.499997,-57.84175
4118730624.999997,-57.86724
4118731562.499997,-57.68286
4118732499.999997,-57.79972
4118733437.499997,-57.7704
4118734374.999997,-57.73695
4118735312.499997,-57.71919
4118736249.999997,-57.77874
4118737187.499997,-57.86238
4118738124.999997,-57.72588
4118739062.499997,-57.72119
4118739999.999997,-57.73203
4118740937.499997,-57.76787
4118741874.999997,-57.79012
4118742812.499997,-57.75866
4118743749.999997,-57.76387
4118744687.499997,-57.68623
4118745624.999997,-57.68475
4118746562.499997,-57.59771
4118747499.999997,-57.73059
4118748437.499997,-57.66611
4118749374.999997,-57.68047
4118750312.499997,-57.73603
4118751249.999997,-57.69632
4118752187.499997,-57.68273
4118753124.999997,-57.72555
4118754062.499997,-57.71307
4118754999.999997,-57.77071
4118755937.499997,-57.65901
4118756874.999997,-57.86141
4118757812.499997,-57.79821
4118758749.999997,-57.74224
4118759687.499997,-57.77002
4118760624.999997,-57.64513
4118761562.499997,-57.7573
4118762499.999997,-57.68336
4118763437.499997,-57.61248
4118764374.999997,-57.74976
4118765312.499997,-57.72163
4118766249.999997,-57.82633
4118767187.499997,-57.79001
4118768124.999997,-57.68763
4118769062.499997,-57.576
4118769999.999997,-57.6953
4118770937.499997,-57.56818
4118771874.999997,-57.63335
4118772812.499997,-57.58131
4118773749.999997,-57.62109
4118774687.499997,-57.55182
4118775624.999997,-57.94992
4118776562.499997,-57.75018
4118777499.999997,-57.6441
4118778437.499997,-57.58105
4118779374.999997,-57.77338
4118780312.499997,-57.56136
4118781249.999997,-57.71851
4118782187.499997,-57.72681
4118783124.999997,-57.65069
4118784062.499997,-57.63099
4118784999.999997,-57.65748
4118785937.499997,-57.64804
4118786874.999997,-57.77809
4118787812.499997,-57.62401
4118788749.999997,-57.55797
4118789687.499997,-57.75055
4118790624.999997,-57.61771
4118791562.499997,-57.59773
4118792499.999997,-57.63547
4118793437.499997,-57.60148
4118794374.999997,-57.64906
4118795312.499997,-57.6823
4118796249.999997,-57.78098
4118797187.499997,-57.60745
4118798124.999997,-57.49907
4118799062.499997,-57.50883
4118799999.999997,-57.72716
4118800937.499997,-57.61458
4118801874.999997,-57.67155
4118802812.499997,-57.63533
4118803749.999997,-57.6819
4118804687.499997,-57.64927
4118805624.999997,-57.64818
4118806562.499997,-57.66491
4118807499.999997,-57.45075
4118808437.499997,-57.54895
4118809374.999997,-57.53437
4118810312.499997,-57.65163
4118811249.999997,-57.63383
4118812187.499997,-57.56052
4118813124.999997,-57.6438
4118814062.499997,-57.69512
4118814999.999997,-57.67218
4118815937.499997,-57.63611
4118816874.999997,-57.55339
4118817812.499997,-57.58724
4118818749.999997,-57.56277
4118819687.499997,-57.657
4118820624.999997,-57.57397
4118821562.499997,-57.54403
4118822499.999997,-57.57572
4118823437.499997,-57.49862
4118824374.999997,-57.634
4118825312.499997,-57.69904
4118826249.999997,-57.67017
4118827187.499997,-57.69003
4118828124.999997,-57.6785
4118829062.499997,-57.52404
4118829999.999997,-57.50523
4118830937.499997,-57.68088
4118831874.999997,-57.61465
4118832812.499997,-57.53402
4118833749.999997,-57.42672
4118834687.499997,-57.46112
4118835624.999997,-57.4864
4118836562.499997,-57.52976
4118837499.999997,-57.55722
4118838437.499997,-57.56417
4118839374.999997,-57.51116
4118840312.499997,-57.69326
4118841249.999997,-57.6009
4118842187.499997,-57.55303
4118843124.999997,-57.64045
4118844062.499997,-57.59061
4118844999.999997,-57.55207
4118845937.499997,-57.58797
4118846874.999997,-57.60344
4118847812.499997,-57.48328
4118848749.999997,-57.66537
4118849687.499997,-57.49228
4118850624.999997,-57.54867
4118851562.499997,-57.54418
4118852499.999997,-57.39205
4118853437.499997,-57.40179
4118854374.999997,-57.50702
4118855312.499997,-57.49047
4118856249.999997,-57.56161
4118857187.499997,-57.45839
4118858124.999997,-57.56417
4118859062.499997,-57.47686
4118859999.999997,-57.60086
4118860937.499997,-57.51275
4118861874.999997,-57.52033
4118862812.499997,-57.43998
4118863749.999997,-57.42242
4118864687.499997,-57.46666
4118865624.999997,-57.57708
4118866562.499997,-57.3098
4118867499.999997,-57.42781
4118868437.499997,-57.4459
4118869374.999997,-57.30016
4118870312.499997,-57.43283
4118871249.999997,-57.37598
4118872187.499997,-57.50024
4118873124.999997,-57.31025
4118874062.499997,-57.34652
4118874999.999997,-57.45998
4118875937.499997,-57.46883
4118876874.999997,-57.4317
4118877812.499997,-57.42014
4118878749.999997,-57.46265
4118879687.499997,-57.50416
4118880624.999997,-57.4705
4118881562.499997,-57.51403
4118882499.999997,-57.36343
4118883437.499997,-57.43188
4118884374.999997,-57.42512
4118885312.499997,-57.62013
4118886249.999997,-57.38405
4118887187.499997,-57.51456
4118888124.999997,-57.43964
4118889062.499997,-57.45016
4118889999.999997,-57.48058
4118890937.499997,-57.60289
4118891874.999997,-57.33713
4118892812.499997,-57.44873
4118893749.999997,-57.32583
4118894687.499997,-57.41133
4118895624.999997,-57.43225
4118896562.499997,-57.46389
4118897499.999997,-57.33614
4118898437.499997,-57.39725
4118899374.999997,-57.4539
4118900312.499997,-57.5711
4118901249.999997,-57.45996
4118902187.499997,-57.5148
4118903124.999997,-57.43896
4118904062.499997,-57.4473
4118904999.999997,-57.27985
4118905937.499997,-57.32651
4118906874.999997,-57.407
4118907812.499997,-57.49294
4118908749.999997,-57.44326
4118909687.499997,-57.45911
4118910624.999997,-57.41946
4118911562.499997,-57.44372
4118912499.999997,-57.49983
4118913437.499997,-57.33832
4118914374.999997,-57.44648
4118915312.499997,-57.36371
4118916249.999997,-57.29756
4118917187.499997,-57.44651
4118918124.999997,-57.36173
4118919062.499997,-57.43918
4118919999.999997,-57.36519
4118920937.499997,-57.42858
4118921874.999997,-57.28066
4118922812.499997,-57.38599
4118923749.999997,-57.35481
4118924687.499997,-57.35825
4118925624.999997,-57.50149
4118926562.499997,-57.37368
4118927499.999997,-57.29604
4118928437.499997,-57.37066
4118929374.999997,-57.284
4118930312.499997,-57.3625
4118931249.999997,-57.45028
4118932187.499997,-57.34636
4118933124.999997,-57.50811
4118934062.499997,-57.3332
4118934999.999997,-57.34432
4118935937.499997,-57.23268
4118936874.999997,-57.4521
4118937812.499997,-57.24934
4118938749.999997,-57.43399
4118939687.499997,-57.21959
4118940624.999997,-57.4043
4118941562.499997,-57.25171
4118942499.999997,-57.47261
4118943437.499997,-57.25
4118944374.999997,-57.3815
4118945312.499997,-57.27068
4118946249.999997,-57.30611
4118947187.499997,-57.24567
4118948124.999997,-57.22237
4118949062.499997,-57.25572
4118949999.999997,-57.391
4118950937.499997,-57.33584
4118951874.999997,-57.37833
4118952812.499997,-57.27322
4118953749.999997,-57.32995
4118954687.499997,-57.24049
4118955624.999997,-57.22539
4118956562.499997,-57.26897
4118957499.999997,-57.20379
4118958437.499997,-57.27854
4118959374.999997,-57.28303
4118960312.499997,-57.30592
4118961249.999997,-57.23618
4118962187.499997,-57.17783
4118963124.999997,-57.08724
4118964062.499997,-57.25942
4118964999.999997,-57.40516
4118965937.499997,-57.38723
4118966874.999997,-57.22898
4118967812.499997,-57.25154
4118968749.999997,-57.23307
4118969687.499997,-57.26923
4118970624.999997,-57.18875
4118971562.499997,-57.26011
4118972499.999997,-57.39096
4118973437.499997,-57.24259
4118974374.999997,-57.16113
4118975312.499997,-57.31806
4118976249.999997,-57.26963
4118977187.499997,-57.1898
4118978124.999997,-57.19944
4118979062.499997,-57.32063
4118979999.999997,-57.28096
4118980937.499997,-57.33569
4118981874.999997,-57.29654
4118982812.499997,-57.26098
4118983749.999997,-57.03999
4118984687.499997,-57.21851
4118985624.999997,-57.27657
4118986562.499997,-57.22988
4118987499.999997,-57.31507
4118988437.499997,-57.33579
4118989374.999997,-57.04998
4118990312.499997,-57.19818
4118991249.999997,-57.26303
4118992187.499997,-57.27236
4118993124.999997,-57.19326
4118994062.499997,-57.0812
4118994999.999997,-57.305
4118995937.499997,-57.28023
4118996874.999997,-57.13805
4118997812.499997,-57.13293
4118998749.999997,-57.13405
4118999687.499997,-57.23299
4119000624.999997,-57.11556
4119001562.499997,-57.14988
4119002499.999997,-57.31628
4119003437.499997,-57.28259
4119004374.999997,-57.09293
4119005312.499997,-57.1317
4119006249.999997,-57.19201
4119007187.499997,-57.16333
4119008124.999997,-57.21533
4119009062.499997,-57.25951
4119009999.999997,-57.15536
4119010937.499997,-57.13659
4119011874.999997,-57.18933
4119012812.499997,-57.15741
4119013749.999997,-57.18644
4119014687.499997,-57.25087
4119015624.999997,-57.0821
4119016562.499997,-57.28769
4119017499.999997,-57.20044
4119018437.499997,-57.26821
4119019374.999997,-57.26154
4119020312.499997,-57.15091
4119021249.999997,-57.15229
4119022187.499997,-57.19633
4119023124.999997,-57.14723
4119024062.499997,-57.22605
4119024999.999997,-57.19369
4119025937.499997,-57.05927
4119026874.999997,-57.16699
4119027812.499997,-57.25961
4119028749.999997,-57.11744
4119029687.499997,-57.03819
4119030624.999997,-57.19742
4119031562.499997,-56.98776
4119032499.999997,-57.05199
4119033437.499997,-57.16753
4119034374.999997,-57.24428
4119035312.499997,-57.24357
4119036249.999997,-57.26162
4119037187.499997,-57.10782
4119038124.999997,-57.18255
4119039062.499997,-57.24918
4119039999.999997,-57.14906
4119040937.499997,-56.96255
4119041874.999997,-57.19344
4119042812.499997,-57.16049
4119043749.999997,-57.09576
4119044687.499997,-57.15174
4119045624.999997,-57.04423
4119046562.499997,-57.02145
4119047499.999997,-57.07187
4119048437.499997,-57.16445
4119049374.999997,-57.06298
4119050312.499997,-57.14305
4119051249.999997,-57.06678
4119052187.499997,-57.20102
4119053124.999997,-57.24185
4119054062.499997,-57.14901
4119054999.999997,-57.06327
4119055937.499997,-57.17666
4119056874.999997,-57.18885
4119057812.499997,-57.17871
4119058749.999997,-56.97329
4119059687.499997,-57.05308
4119060624.999997,-57.00694
4119061562.499997,-56.89795
4119062499.999997,-57.26487
4119063437.499997,-57.07235
4119064374.999997,-57.06693
4119065312.499997,-57.11547
4119066249.999997,-56.97956
4119067187.499997,-57.02598
4119068124.999997,-57.16
4119069062.499997,-57.09909
4119069999.999997,-57.05207
4119070937.499997,-57.12622
4119071874.999997,-57.19992
4119072812.499997,-57.01694
4119073749.999997,-57.00518
4119074687.499997,-56.94703
4119075624.999997,-56.99872
4119076562.499997,-56.93632
4119077499.999997,-57.04527
4119078437.499997,-57.08783
4119079374.999997,-56.95896
4119080312.499997,-57.05045
4119081249.999997,-57.00894
4119082187.499997,-57.14602
4119083124.999997,-56.98609
4119084062.499997,-57.00243
4119084999.999997,-57.15895
4119085937.499997,-57.00349
4119086874.999997,-56.94359
4119087812.499997,-56.97731
4119088749.999997,-57.16914
4119089687.499997,-57.08802
4119090624.999997,-57.07507
4119091562.499997,-57.02312
4119092499.999997,-56.99407
4119093437.499997,-57.06137
4119094374.999997,-57.14719
4119095312.499997,-56.94248
4119096249.999997,-57.08741
4119097187.499997,-57.05729
4119098124.999997,-56.92044
4119099062.499997,-57.03213
4119099999.999997,-57.09286
4119100937.499997,-56.99673
4119101874.999997,-57.13288
4119102812.499997,-56.86356
4119103749.999997,-56.97163
4119104687.499997,-57.06299
4119105624.999997,-56.80305
4119106562.499997,-57.02999
4119107499.999997,-56.97533
4119108437.499997,-56.94024
4119109374.999997,-56.95081
4119110312.499997,-56.89696
4119111249.999997,-56.75001
4119112187.499997,-57.07012
4119113124.999997,-56.77985
4119114062.499997,-56.96821
4119114999.999997,-57.00441
4119115937.499997,-56.93677
4119116874.999997,-56.9816
4119117812.499997,-57.04895
4119118749.999997,-56.93431
4119119687.499997,-56.88948
4119120624.999997,-57.01265
4119121562.499997,-56.98348
4119122499.999997,-57.04081
4119123437.499997,-56.89322
4119124374.999997,-56.86679
4119125312.499997,-56.84822
4119126249.999997,-56.96768
4119127187.499997,-56.93393
4119128124.999997,-56.94924
4119129062.499997,-57.04777
4119129999.999997,-56.8593
4119130937.499997,-57.10495
4119131874.999997,-56.91618
4119132812.499997,-56.8406
4119133749.999997,-56.82669
4119134687.499997,-56.90396
4119135624.999997,-56.96548
4119136562.499997,-57.04492
4119137499.999997,-56.93972
4119138437.499997,-56.90364
4119139374.999997,-57.02045
4119140312.499997,-56.81896
4119141249.999997,-56.76268
4119142187.499997,-56.84325
4119143124.999997,-56.94633
4119144062.499997,-56.78779
4119144999.999997,-56.8945
4119145937.499997,-56.8914
4119146874.999997,-57.00192
4119147812.499997,-57.10454
4119148749.999997,-56.91307
4119149687.499997,-56.75391
4119150624.999997,-56.99467
4119151562.499997,-56.92522
4119152499.999997,-56.81021
4119153437.499997,-56.89895
4119154374.999997,-56.88496
4119155312.499997,-56.85343
4119156249.999997,-56.88727
4119157187.499997,-56.76599
4119158124.999997,-56.82649
4119159062.499997,-56.66752
4119159999.999997,-56.80935
4119160937.499997,-56.73332
4119161874.999997,-56.69299
4119162812.499997,-56.84604
4119163749.999997,-56.81462
4119164687.499997,-56.78061
4119165624.999997,-56.82253
4119166562.499997,-56.76087
4119167499.999997,-56.93346
4119168437.499997,-56.78696
4119169374.999997,-56.82815
4119170312.499997,-56.844
4119171249.999997,-56.76405
4119172187.499997,-56.96255
4119173124.999997,-56.7813
4119174062.499997,-56.78646
4119174999.999997,-56.73932
4119175937.499997,-56.76796
4119176874.999997,-56.80542
4119177812.499997,-56.81191
4119178749.999997,-56.86045
4119179687.499997,-56.88065
4119180624.999997,-56.77917
4119181562.499997,-56.74675
4119182499.999997,-56.70221
4119183437.499997,-56.8469
4119184374.999997,-56.74105
4119185312.499997,-56.74157
4119186249.999997,-56.77259
4119187187.499997,-56.79951
4119188124.999997,-56.78198
4119189062.499997,-56.76305
4119189999.999997,-56.75056
4119190937.499997,-56.71962
4119191874.999997,-56.79864
4119192812.499997,-56.79175
4119193749.999997,-56.85593
4119194687.499997,-56.84626
4119195624.999997,-56.77913
4119196562.499997,-56.85247
4119197499.999997,-56.74748
4119198437.499997,-56.70752
4119199374.999997,-56.72125
4119200312.499997,-56.66593
4119201249.999997,-56.73668
4119202187.499997,-56.78183
4119203124.999997,-56.89839
4119204062.499997,-56.5878
4119204999.999997,-56.76808
4119205937.499997,-56.6943
4119206874.999997,-56.73165
4119207812.499997,-56.82586
4119208749.999997,-56.79575
4119209687.499997,-56.70705
4119210624.999997,-56.81553
4119211562.499997,-56.69851
4119212499.999997,-56.70281
4119213437.499997,-56.7054
4119214374.999997,-56.78693
4119215312.499997,-56.7761
4119216249.999997,-56.6405
4119217187.499997,-56.65009
4119218124.999997,-56.68667
4119219062.499997,-56.69818
4119219999.999997,-56.75723
4119220937.499997,-56.72136
4119221874.999997,-56.68991
4119222812.499997,-56.67916
4119223749.999997,-56.68917
4119224687.499997,-56.65349
4119225624.999997,-56.82428
4119226562.499997,-56.71419
4119227499.999997,-56.68715
4119228437.499997,-56.68404
4119229374.999997,-56.72008
4119230312.499997,-56.67086
4119231249.999997,-56.6866
4119232187.499997,-56.65293
4119233124.999997,-56.71146
4119234062.499997,-56.71424
4119234999.999997,-56.62944
4119235937.499997,-56.69402
4119236874.999997,-56.73214
4119237812.499997,-56.75611
4119238749.999997,-56.68314
4119239687.499997,-56.61798
4119240624.999997,-56.67323
4119241562.499997,-56.80641
4119242499.999997,-56.59379
4119243437.499997,-56.61299
4119244374.999997,-56.69583
4119245312.499997,-56.56493
4119246249.999997,-56.69954
4119247187.499997,-56.6958
4119248124.999997,-56.65372
4119249062.499997,-56.52595
4119249999.999997,-56.69555
4119250937.499997,-56.69895
4119251874.999997,-56.52481
4119252812.499997,-56.61419
4119253749.999997,-56.62337
4119254687.499997,-56.6966
4119255624.999997,-56.637
4119256562.499997,-56.73856
4119257499.999997,-56.75652
4119258437.499997,-56.72509
4119259374.999997,-56.67981
4119260312.499997,-56.55806
4119261249.999997,-56.68707
4119262187.499997,-56.58585
4119263124.999997,-56.73901
4119264062.499997,-56.66338
4119264999.999997,-56.54836
4119265937.499997,-56.67053
4119266874.999997,-56.71279
4119267812.499997,-56.65484
4119268749.999997,-56.61494
4119269687.499997,-56.56544
4119270624.999997,-56.47397
4119271562.499997,-56.52925
4119272499.999997,-56.56828
4119273437.499997,-56.51461
4119274374.999997,-56.70803
4119275312.499997,-56.56453
4119276249.999997,-56.47942
4119277187.499997,-56.62573
4119278124.999997,-56.57562
4119279062.499997,-56.5922
4119279999.999997,-56.57624
4119280937.499997,-56.53677
4119281874.999997,-56.53603
4119282812.499997,-56.6269
4119283749.999997,-56.68467
4119284687.499997,-56.51164
4119285624.999997,-56.51955
4119286562.499997,-56.45683
4119287499.999997,-56.61662
4119288437.499997,-56.58405
4119289374.999997,-56.53844
4119290312.499997,-56.52321
4119291249.999997,-56.51771
4119292187.499997,-56.53645
4119293124.999997,-56.56955
4119294062.499997,-56.53813
4119294999.999997,-56.54846
4119295937.499997,-56.56155
4119296874.999997,-56.64281
4119297812.499997,-56.48116
4119298749.999997,-56.50642
4119299687.499997,-56.52131
4119300624.999997,-56.55017
4119301562.499997,-56.60213
4119302499.999997,-56.36963
4119303437.499997,-56.47996
4119304374.999997,-56.51691
4119305312.499997,-56.5074
4119306249.999997,-56.65512
4119307187.499997,-56.55039
4119308124.999997,-56.3719
4119309062.499997,-56.44514
4119309999.999997,-56.44281
4119310937.499997,-56.47894
4119311874.999997,-56.50528
4119312812.499997,-56.48782
4119313749.999997,-56.39478
4119314687.499997,-56.47293
4119315624.999997,-56.37434
4119316562.499997,-56.67719
4119317499.999997,-56.51821
4119318437.499997,-56.50576
4119319374.999997,-56.36871
4119320312.499997,-56.56362
4119321249.999997,-56.56565
4119322187.499997,-56.54876
4119323124.999997,-56.49981
4119324062.499997,-56.45906
4119324999.999997,-56.50221
4119325937.499997,-56.47509
4119326874.999997,-56.48862
4119327812.499997,-56.41783
4119328749.999997,-56.49933
4119329687.499997,-56.45251
4119330624.999997,-56.46157
4119331562.499997,-56.48835
4119332499.999997,-56.47086
4119333437.499997,-56.48631
4119334374.999997,-56.5018
4119335312.499997,-56.45627
4119336249.999997,-56.49754
4119337187.499997,-56.46114
4119338124.999997,-56.41884
4119339062.499997,-56.41033
4119339999.999997,-56.48555
4119340937.499997,-56.41895
4119341874.999997,-56.44857
4119342812.499997,-56.40602
4119343749.999997,-56.33046
4119344687.499997,-56.39766
4119345624.999997,-56.43392
4119346562.499997,-56.36141
4119347499.999997,-56.47878
4119348437.499997,-56.41344
4119349374.999997,-56.40531
4119350312.499997,-56.4617
4119351249.999997,-56.54819
4119352187.499997,-56.45916
4119353124.999997,-56.44177
4119354062.499997,-56.3222
4119354999.999997,-56.32222
4119355937.499997,-56.45358
4119356874.999997,-56.46975
4119357812.499997,-56.47248
4119358749.999997,-56.3909
4119359687.499997,-56.21773
4119360624.999997,-56.43897
4119361562.499997,-56.26699
4119362499.999997,-56.34743
4119363437.499997,-56.36127
4119364374.999997,-56.40084
4119365312.499997,-56.3057
4119366249.999997,-56.32327
4119367187.499997,-56.2131
4119368124.999997,-56.29373
4119369062.499997,-56.3202
4119369999.999997,-56.29106
4119370937.499997,-56.36223
4119371874.999997,-56.43736
4119372812.499997,-56.36811
4119373749.999997,-56.36035
4119374687.499997,-56.44797
4119375624.999997,-56.27198
4119376562.499997,-56.32387
4119377499.999997,-56.29558
4119378437.499997,-56.35651
4119379374.999997,-56.27314
4119380312.499997,-56.35817
4119381249.999997,-56.35698
4119382187.499997,-56.35356
4119383124.999997,-56.34206
4119384062.499997,-56.35052
4119384999.999997,-56.35873
4119385937.499997,-56.25777
4119386874.999997,-56.32429
4119387812.499997,-56.28061
4119388749.999997,-56.28379
4119389687.499997,-56.3406
4119390624.999997,-56.31576
4119391562.499997,-56.22615
4119392499.999997,-56.34743
4119393437.499997,-56.29506
4119394374.999997,-56.36349
4119395312.499997,-56.30288
4119396249.999997,-56.28286
4119397187.499997,-56.27914
4119398124.999997,-56.25925
4119399062.499997,-56.31844
4119399999.999997,-56.18584
4119400937.499997,-56.27498
4119401874.999997,-56.27113
4119402812.499997,-56.2597
4119403749.999997,-56.28577
4119404687.499997,-56.24596
4119405624.999997,-56.28989
4119406562.499997,-56.18401
4119407499.999997,-56.27542
4119408437.499997,-56.16011
4119409374.999997,-56.32333
4119410312.499997,-56.30469
4119411249.999997,-56.34498
4119412187.499997,-56.15598
4119413124.999997,-56.31312
4119414062.499997,-56.26193
4119414999.999997,-56.24569
4119415937.499997,-56.27854
4119416874.999997,-56.09562
4119417812.499997,-56.30871
4119418749.999997,-56.29113
4119419687.499997,-56.2542
4119420624.999997,-56.24384
4119421562.499997,-56.20549
4119422499.999997,-56.28891
4119423437.499997,-56.17852
4119424374.999997,-56.3177
4119425312.499997,-56.27362
4119426249.999997,-56.09244
4119427187.499997,-56.16001
4119428124.999997,-56.2885
4119429062.499997,-56.16285
4119429999.999997,-56.24513
4119430937.499997,-56.1298
4119431874.999997,-56.23586
4119432812.499997,-56.30451
4119433749.999997,-56.12099
4119434687.499997,-56.26998
4119435624.999997,-56.30859
4119436562.499997,-56.1921
4119437499.999997,-56.13837
4119438437.499997,-56.2163
4119439374.999997,-56.17939
4119440312.499997,-56.14302
4119441249.999997,-56.19177
4119442187.499997,-56.26295
4119443124.999997,-56.14218
4119444062.499997,-56.18503
4119444999.999997,-56.24675
4119445937.499997,-56.14945
4119446874.999997,-56.10445
4119447812.499997,-56.14872
4119448749.999997,-56.13504
4119449687.499997,-56.20847
4119450624.999997,-56.16221
4119451562.499997,-56.18404
4119452499.999997,-56.17891
4119453437.499997,-56.21241
4119454374.999997,-56.12536
4119455312.499997,-56.18615
4119456249.999997,-56.11615
4119457187.499997,-56.15246
4119458124.999997,-56.18058
4119459062.499997,-56.08804
4119459999.999997,-56.12189
4119460937.499997,-56.06024
4119461874.999997,-56.11155
4119462812.499997,-56.18779
4119463749.999997,-56.16522
4119464687.499997,-56.16867
4119465624.999997,-56.29424
4119466562.499997,-56.22556
4119467499.999997,-56.00639
4119468437.499997,-56.19976
4119469374.999997,-56.14801
4119470312.499997,-56.17262
4119471249.999997,-56.26777
4119472187.499997,-56.03529
4119473124.999997,-56.10865
4119474062.499997,-56.03043
4119474999.999997,-56.1956
4119475937.499997,-56.1269
4119476874.999997,-56.10569
4119477812.499997,-56.13949
4119478749.999997,-56.04644
4119479687.499997,-56.02983
4119480624.999997,-56.03465
4119481562.499997,-56.02957
4119482499.999997,-55.93378
4119483437.499997,-56.13467
4119484374.999997,-56.06423
4119485312.499997,-56.12911
4119486249.999997,-55.9748
4119487187.499997,-56.05077
4119488124.999997,-56.07596
4119489062.499997,-56.14529
4119489999.999997,-56.12846
4119490937.499997,-56.16051
4119491874.999997,-56.03918
4119492812.499997,-56.05533
4119493749.999997,-56.11031
4119494687.499997,-56.09793
4119495624.999997,-56.10117
4119496562.499997,-56.0471
4119497499.999997,-56.06654
4119498437.499997,-55.9815
4119499374.999997,-55.98991
4119500312.499997,-56.05256
4119501249.999997,-55.99746
4119502187.499997,-55.99676
4119503124.999997,-56.07516
4119504062.499997,-55.92347
4119504999.999997,-56.10077
4119505937.499997,-56.06169
4119506874.999997,-56.01048
4119507812.499997,-56.03818
4119508749.999997,-56.02837
4119509687.499997,-55.92448
4119510624.999997,-56.07012
4119511562.499997,-56.04121
4119512499.999997,-56.0587
4119513437.499997,-56.00544
4119514374.999997,-55.96649
4119515312.499997,-56.12193
4119516249.999997,-56.0546
4119517187.499997,-56.05994
4119518124.999997,-55.92848
4119519062.499997,-55.97016
4119519999.999997,-55.96238
4119520937.499997,-55.98655
4119521874.999997,-55.98821
4119522812.499997,-55.95351
4119523749.999997,-56.06078
4119524687.499997,-56.02819
4119525624.999997,-56.13005
4119526562.499997,-56.03244
4119527499.999997,-56.00401
4119528437.499997,-55.95212
4119529374.999997,-56.07537
4119530312.499997,-55.93257
4119531249.999997,-55.97882
4119532187.499997,-55.95687
4119533124.999997,-55.90211
4119534062.499997,-56.07866
4119534999.999997,-55.84866
4119535937.499997,-55.87914
4119536874.999997,-55.88776
4119537812.499997,-55.96504
4119538749.999997,-55.90638
4119539687.499997,-55.99255
4119540624.999997,-56.00559
4119541562.499997,-55.92947
4119542499.999997,-55.89705
4119543437.499997,-55.87219
4119544374.999997,-55.88058
4119545312.499997,-55.98125
4119546249.999997,-55.9544
4119547187.499997,-55.85699
4119548124.999997,-56.01129
4119549062.499997,-55.84938
4119549999.999997,-56.05134
4119550937.499997,-55.93795
4119551874.999997,-55.89297
4119552812.499997,-56.05257
4119553749.999997,-55.89127
4119554687.499997,-55.86325
4119555624.999997,-55.93464
4119556562.499997,-55.91046
4119557499.999997,-55.86985
4119558437.499997,-55.95303
4119559374.999997,-55.85909
4119560312.499997,-55.87451
4119561249.999997,-55.81311
4119562187.499997,-55.82383
4119563124.999997,-55.90747
4119564062.499997,-55.88371
4119564999.999997,-55.89268
4119565937.499997,-55.9091
4119566874.999997,-55.85839
4119567812.499997,-55.97127
4119568749.999997,-55.79984
4119569687.499997,-55.8861
4119570624.999997,-55.74372
4119571562.499997,-55.84497
4119572499.999997,-55.9509
4119573437.499997,-55.89173
4119574374.999997,-55.92449
4119575312.499997,-55.84731
4119576249.999997,-55.80813
4119577187.499997,-55.86316
4119578124.999997,-55.84009
4119579062.499997,-55.8752
4119579999.999997,-55.74006
4119580937.499997,-55.87389
4119581874.999997,-55.83884
4119582812.499997,-55.89046
4119583749.999997,-55.72933
4119584687.499997,-55.73996
4119585624.999997,-55.82287
4119586562.499997,-55.83628
4119587499.999997,-55.79023
4119588437.499997,-55.75344
4119589374.999997,-55.83134
4119590312.499997,-55.74492
4119591249.999997,-55.81601
4119592187.499997,-55.78845
4119593124.999997,-55.80516
4119594062.499997,-55.84541
4119594999.999997,-55.81646
4119595937.499997,-55.87259
4119596874.999997,-55.79152
4119597812.499997,-55.815
4119598749.999997,-55.75341
4119599687.499997,-55.78664
4119600624.999997,-55.74404
4119601562.499997,-55.82996
4119602499.999997,-55.82672
4119603437.499997,-55.84849
4119604374.999997,-55.82857
4119605312.499997,-55.75607
4119606249.999997,-55.8373
4119607187.499997,-55.77419
4119608124.999997,-55.84542
4119609062.499997,-55.73818
4119609999.999997,-55.68863
4119610937.499997,-55.75216
4119611874.999997,-55.7191
4119612812.499997,-55.81292
4119613749.999997,-55.83005
4119614687.499997,-55.72518
4119615624.999997,-55.67535
4119616562.499997,-55.82503
4119617499.999997,-55.71395
4119618437.499997,-55.63248
4119619374.999997,-55.82852
4119620312.499997,-55.72601
4119621249.999997,-55.76118
4119622187.499997,-55.78735
4119623124.999997,-55.89268
4119624062.499997,-55.76618
4119624999.999997,-55.70434
4119625937.499997,-55.7332
4119626874.999997,-55.75195
4119627812.499997,-55.69251
4119628749.999997,-55.65589
4119629687.499997,-55.67592
4119630624.999997,-55.75876
4119631562.499997,-55.66225
4119632499.999997,-55.62689
4119633437.499997,-55.7057
4119634374.999997,-55.65609
4119635312.499997,-55.66439
4119636249.999997,-55.72484
4119637187.499997,-55.71188
4119638124.999997,-55.61091
4119639062.499997,-55.66473
4119639999.999997,-55.70273
4119640937.499997,-55.73765
4119641874.999997,-55.63825
4119642812.499997,-55.66796
4119643749.999997,-55.75109
4119644687.499997,-55.73932
4119645624.999997,-55.62528
4119646562.499997,-55.60483
4119647499.999997,-55.61491
4119648437.499997,-55.74845
4119649374.999997,-55.76927
4119650312.499997,-55.62788
4119651249.999997,-55.72188
4119652187.499997,-55.65569
4119653124.999997,-55.71339
4119654062.499997,-55.68063
4119654999.999997,-55.7471
4119655937.499997,-55.72024
4119656874.999997,-55.56995
4119657812.499997,-55.57798
4119658749.999997,-55.60352
4119659687.499997,-55.63467
4119660624.999997,-55.54771
4119661562.499997,-55.66164
4119662499.999997,-55.67712
4119663437.499997,-55.61872
4119664374.999997,-55.61463
4119665312.499997,-55.56062
4119666249.999997,-55.63692
4119667187.499997,-55.46928
4119668124.999997,-55.52628
4119669062.499997,-55.6128
4119669999.999997,-55.63002
4119670937.499997,-55.66188
4119671874.999997,-55.71503
4119672812.499997,-55.65003
4119673749.999997,-55.56281
4119674687.499997,-55.58842
4119675624.999997,-55.61646
4119676562.499997,-55.57085
4119677499.999997,-55.64145
4119678437.499997,-55.57031
4119679374.999997,-55.58487
4119680312.499997,-55.60687
4119681249.999997,-55.52362
4119682187.499997,-55.64135
4119683124.999997,-55.64986
4119684062.499997,-55.66736
4119684999.999997,-55.53847
4119685937.499997,-55.59973
4119686874.999997,-55.46079
4119687812.499997,-55.54549
4119688749.999997,-55.52895
4119689687.499997,-55.60971
4119690624.999997,-55.49909
4119691562.499997,-55.6514
4119692499.999997,-55.65328
4119693437.499997,-55.57964
4119694374.999997,-55.56589
4119695312.499997,-55.58735
4119696249.999997,-55.5377
4119697187.499997,-55.49319
4119698124.999997,-55.55112
4119699062.499997,-55.51801
4119699999.999997,-55.59191
4119700937.499997,-55.57893
4119701874.999997,-55.47414
4119702812.499997,-55.47385
4119703749.999997,-55.51147
4119704687.499997,-55.67985
4119705624.999997,-55.52745
4119706562.499997,-55.57602
4119707499.999997,-55.52629
4119708437.499997,-55.48218
4119709374.999997,-55.56692
4119710312.499997,-55.49853
4119711249.999997,-55.58451
4119712187.499997,-55.54763
4119713124.999997,-55.43785
4119714062.499997,-55.52197
4119714999.999997,-55.39981
4119715937.499997,-55.49857
4119716874.999997,-55.53938
4119717812.499997,-55.56841
4119718749.999997,-55.57722
4119719687.499997,-55.48763
4119720624.999997,-55.39002
4119721562.499997,-55.56464
4119722499.999997,-55.39079
4119723437.499997,-55.33451
4119724374.999997,-55.45607
4119725312.499997,-55.43361
4119726249.999997,-55.57314
4119727187.499997,-55.47427
4119728124.999997,-55.46154
4119729062.499997,-55.42989
4119729999.999997,-55.50228
4119730937.499997,-55.45398
4119731874.999997,-55.41185
4119732812.499997,-55.54303
4119733749.999997,-55.51474
4119734687.499997,-55.39937
4119735624.999997,-55.40074
4119736562.499997,-55.40048
4119737499.999997,-55.4907
4119738437.499997,-55.3313
4119739374.999997,-55.52212
4119740312.499997,-55.45509
4119741249.999997,-55.40412
4119742187.499997,-55.39466
4119743124.999997,-55.41682
4119744062.499997,-55.40202
4119744999.999997,-55.47798
4119745937.499997,-55.46774
4119746874.999997,-55.35477
4119747812.499997,-55.40187
4119748749.999997,-55.34903
4119749687.499997,-55.48973
4119750624.999997,-55.37441
4119751562.499997,-55.39414
4119752499.999997,-55.35691
4119753437.499997,-55.42144
4119754374.999997,-55.33035
4119755312.499997,-55.47235
4119756249.999997,-55.31628
4119757187.499997,-55.27181
4119758124.999997,-55.34274
4119759062.499997,-55.36404
4119759999.999997,-55.482
4119760937.499997,-55.36539
4119761874.999997,-55.42199
4119762812.499997,-55.36908
4119763749.999997,-55.26539
4119764687.499997,-55.45158
4119765624.999997,-55.34304
4119766562.499997,-55.38032
4119767499.999997,-55.29774
4119768437.499997,-55.2994
4119769374.999997,-55.38542
4119770312.499997,-55.36271
4119771249.999997,-55.35838
4119772187.499997,-55.41135
4119773124.999997,-55.2869
4119774062.499997,-55.35384
4119774999.999997,-55.42104
4119775937.499997,-55.30175
4119776874.999997,-55.32524
4119777812.499997,-55.19226
4119778749.999997,-55.29714
4119779687.499997,-55.3068
4119780624.999997,-55.38146
4119781562.499997,-55.33947
4119782499.999997,-55.28628
4119783437.499997,-55.34037
4119784374.999997,-55.30889
4119785312.499997,-55.31744
4119786249.999997,-55.29475
4119787187.499997,-55.2964
4119788124.999997,-55.3526
4119789062.499997,-55.3232
4119789999.999997,-55.30526
4119790937.499997,-55.2007
4119791874.999997,-55.19271
4119792812.499997,-55.24783
4119793749.999997,-55.26895
4119794687.499997,-55.23374
4119795624.999997,-55.44573
4119796562.499997,-55.29642
4119797499.999997,-55.1843
4119798437.499997,-55.28182
4119799374.999997,-55.4074
4119800312.499997,-55.33946
4119801249.999997,-55.43925
4119802187.499997,-55.23082
4119803124.999997,-55.25074
4119804062.499997,-55.35521
4119804999.999997,-55.23735
4119805937.499997,-55.32112
4119806874.999997,-55.34675
4119807812.499997,-55.27172
4119808749.999997,-55.1971
4119809687.499997,-55.33664
4119810624.999997,-55.17291
4119811562.499997,-55.28732
4119812499.999997,-55.42041
4119813437.499997,-55.16309
4119814374.999997,-55.30009
4119815312.499997,-55.22618
4119816249.999997,-55.25837
4119817187.499997,-55.17179
4119818124.999997,-55.18633
4119819062.499997,-55.2641
4119819999.999997,-55.21862
4119820937.499997,-55.27788
4119821874.999997,-55.2847
4119822812.499997,-55.27122
4119823749.999997,-55.27363
4119824687.499997,-55.17675
4119825624.999997,-55.14883
4119826562.499997,-55.26738
4119827499.999997,-55.23992
4119828437.499997,-55.17146
4119829374.999997,-55.12398
4119830312.499997,-55.21432
4119831249.999997,-55.15682
4119832187.499997,-55.23143
4119833124.999997,-55.20741
4119834062.499997,-55.28062
4119834999.999997,-55.12916
4119835937.499997,-55.16891
4119836874.999997,-55.15782
4119837812.499997,-55.1729
4119838749.999997,-55.12574
4119839687.499997,-55.19732
4119840624.999997,-55.19254
4119841562.499997,-55.11375
4119842499.999997,-55.23172
4119843437.499997,-55.19238
4119844374.999997,-55.16826
4119845312.499997,-55.11253
4119846249.999997,-55.04663
4119847187.499997,-55.13951
4119848124.999997,-55.15275
4119849062.499997,-55.15268
4119849999.999997,-55.11832
4119850937.499997,-55.13563
4119851874.999997,-55.08125
4119852812.499997,-55.11521
4119853749.999997,-55.10995
4119854687.499997,-55.09315
4119855624.999997,-55.09964
4119856562.499997,-55.16964
4119857499.999997,-55.16777
4119858437.499997,-55.09033
4119859374.999997,-55.11732
4119860312.499997,-55.13786
4119861249.999997,-55.1698
4119862187.499997,-55.05079
4119863124.999997,-55.06397
4119864062.499997,-54.94962
4119864999.999997,-55.03725
4119865937.499997,-55.05973
4119866874.999997,-55.01257
4119867812.499997,-55.14108
4119868749.999997,-55.07243
4119869687.499997,-55.04328
4119870624.999997,-55.07668
4119871562.499997,-55.13869
4119872499.999997,-55.00842
4119873437.499997,-55.10068
4119874374.999997,-55.07401
4119875312.499997,-55.0678
4119876249.999997,-55.07388
4119877187.499997,-55.19127
4119878124.999997,-55.09982
4119879062.499997,-55.16892
4119879999.999997,-55.08442
4119880937.499997,-55.05172
4119881874.999997,-55.07362
4119882812.499997,-55.11376
4119883749.999997,-55.06799
4119884687.499997,-54.99784
4119885624.999997,-55.0885
4119886562.499997,-55.05812
4119887499.999997,-55.02411
4119888437.499997,-55.04162
4119889374.999997,-54.94499
4119890312.499997,-55.0443
4119891249.999997,-54.99521
4119892187.499997,-54.99348
4119893124.999997,-54.92774
4119894062.499997,-54.97319
4119894999.999997,-55.01569
4119895937.499997,-55.02483
4119896874.999997,-55.02944
4119897812.499997,-55.00138
4119898749.999997,-54.98253
4119899687.499997,-55.02707
4119900624.999997,-54.93719
4119901562.499997,-54.94046
4119902499.999997,-54.92378
4119903437.499997,-54.96089
4119904374.999997,-54.94448
4119905312.499997,-55.05844
4119906249.999997,-54.9735
4119907187.499997,-54.97928
4119908124.999997,-54.95869
4119909062.499997,-54.8497
4119909999.999997,-55.00562
4119910937.499997,-54.98837
4119911874.999997,-54.9167
4119912812.499997,-54.95845
4119913749.999997,-55.02106
4119914687.499997,-54.92049
4119915624.999997,-54.93594
4119916562.499997,-54.96006
4119917499.999997,-54.94442
4119918437.499997,-54.94661
4119919374.999997,-54.89771
4119920312.499997,-54.9609
4119921249.999997,-54.94118
4119922187.499997,-54.99199
4119923124.999997,-54.97813
4119924062.499997,-54.84365
4119924999.999997,-54.9471
4119925937.499997,-54.91743
4119926874.999997,-54.94921
4119927812.499997,-54.96824
4119928749.999997,-54.90018
4119929687.499997,-54.89011
4119930624.999997,-54.90565
4119931562.499997,-54.90678
4119932499.999997,-54.93192
4119933437.499997,-54.8767
4119934374.999997,-54.87285
4119935312.499997,-54.91354
4119936249.999997,-54.93518
4119937187.499997,-54.90396
4119938124.999997,-54.87905
4119939062.499997,-54.8623
4119939999.999997,-54.83833
4119940937.499997,-54.91689
4119941874.999997,-54.86719
4119942812.499997,-54.90007
4119943749.999997,-54.91607
4119944687.499997,-54.79928
4119945624.999997,-54.78585
4119946562.499997,-54.92656
4119947499.999997,-54.83749
4119948437.499997,-54.80051
4119949374.999997,-54.85482
4119950312.499997,-54.98391
4119951249.999997,-54.78515
4119952187.499997,-54.87819
4119953124.999997,-54.85205
4119954062.499997,-54.83801
4119954999.999997,-54.85529
4119955937.499997,-54.92283
4119956874.999997,-54.89152
4119957812.499997,-54.77071
4119958749.999997,-54.79337
4119959687.499997,-54.8749
4119960624.999997,-54.72544
4119961562.499997,-54.92058
4119962499.999997,-54.82564
4119963437.499997,-54.68077
4119964374.999997,-54.72035
4119965312.499997,-54.84668
4119966249.999997,-54.66772
4119967187.499997,-54.8418
4119968124.999997,-54.7446
4119969062.499997,-54.76702
4119969999.999997,-54.81151
4119970937.499997,-54.8098
4119971874.999997,-54.89428
4119972812.499997,-54.76911
4119973749.999997,-54.77753
4119974687.499997,-54.73696
4119975624.999997,-54.78297
4119976562.499997,-54.7201
4119977499.999997,-54.78297
4119978437.499997,-54.80882
4119979374.999997,-54.71861
4119980312.499997,-54.77675
4119981249.999997,-54.70387
4119982187.499997,-54.77574
4119983124.999997,-54.72397
4119984062.499997,-54.74596
4119984999.999997,-54.75274
4119985937.499997,-54.77593
4119986874.999997,-54.77395
4119987812.499997,-54.71241
4119988749.999997,-54.64693
4119989687.499997,-54.67886
4119990624.999997,-54.79165
4119991562.499997,-54.72906
4119992499.999997,-54.83716
4119993437.499997,-54.72358
4119994374.999997,-54.71103
4119995312.499997,-54.67294
4119996249.999997,-54.76183
4119997187.499997,-54.6609
4119998124.999997,-54.72958
4119999062.499997,-54.76117
4119999999.999997,-54.79441
4120000937.499997,-54.59757
4120001874.999997,-54.73989
4120002812.499997,-54.7272
4120003749.999997,-54.71672
4120004687.499997,-54.70829
4120005624.999997,-54.76788
4120006562.499997,-54.71589
4120007499.999997,-54.65359
4120008437.499997,-54.69577
4120009374.999997,-54.74016
4120010312.499997,-54.78187
4120011249.999997,-54.60002
4120012187.499997,-54.71068
4120013124.999997,-54.60759
4120014062.499997,-54.74623
4120014999.999997,-54.63868
4120015937.499997,-54.60308
4120016874.999997,-54.69104
4120017812.499997,-54.70471
4120018749.999997,-54.55723
4120019687.499997,-54.72144
4120020624.999997,-54.60744
4120021562.499997,-54.67268
4120022499.999997,-54.68952
4120023437.499997,-54.66346
4120024374.999997,-54.56583
4120025312.499997,-54.6007
4120026249.999997,-54.61201
4120027187.499997,-54.65245
4120028124.999997,-54.5408
4120029062.499997,-54.627
4120029999.999997,-54.61216
4120030937.499997,-54.61364
4120031874.999997,-54.56911
4120032812.499997,-54.60859
4120033749.999997,-54.63994
4120034687.499997,-54.65785
4120035624.999997,-54.64199
4120036562.499997,-54.57375
4120037499.999997,-54.61446
4120038437.499997,-54.61978
4120039374.999997,-54.60017
4120040312.499997,-54.70449
4120041249.999997,-54.56438
4120042187.499997,-54.56104
4120043124.999997,-54.52021
4120044062.499997,-54.5435
4120044999.999997,-54.6048
4120045937.499997,-54.46924
4120046874.999997,-54.65099
4120047812.499997,-54.61774
4120048749.999997,-54.55356
4120049687.499997,-54.5377
4120050624.999997,-54.55808
4120051562.499997,-54.52074
4120052499.999997,-54.58838
4120053437.499997,-54.52119
4120054374.999997,-54.63252
4120055312.499997,-54.53019
4120056249.999997,-54.58182
4120057187.499997,-54.53674
4120058124.999997,-54.5313
4120059062.499997,-54.56361
4120059999.999997,-54.5981
4120060937.499997,-54.47513
4120061874.999997,-54.49034
4120062812.499997,-54.54286
4120063749.999997,-54.50634
4120064687.499997,-54.59832
4120065624.999997,-54.55607
4120066562.499997,-54.48816
4120067499.999997,-54.47425
4120068437.499997,-54.56571
4120069374.999997,-54.5663
4120070312.499997,-54.51141
4120071249.999997,-54.52706
4120072187.499997,-54.46529
4120073124.999997,-54.51307
4120074062.499997,-54.4835
4120074999.999997,-54.56695
4120075937.499997,-54.51352
4120076874.999997,-54.54238
4120077812.499997,-54.48589
4120078749.999997,-54.47697
4120079687.499997,-54.41625
4120080624.999997,-54.52487
4120081562.499997,-54.40218
4120082499.999997,-54.52362
4120083437.499997,-54.54497
4120084374.999997,-54.53172
4120085312.499997,-54.46646
4120086249.999997,-54.41795
4120087187.499997,-54.48104
4120088124.999997,-54.50443
4120089062.499997,-54.43671
4120089999.999997,-54.40265
4120090937.499997,-54.42875
4120091874.999997,-54.50207
4120092812.499997,-54.44228
4120093749.999997,-54.40541
4120094687.499997,-54.36511
4120095624.999997,-54.51284
4120096562.499997,-54.46542
4120097499.999997,-54.3287
4120098437.499997,-54.36364
4120099374.999997,-54.43431
4120100312.499997,-54.53907
4120101249.999997,-54.38279
4120102187.499997,-54.43573
4120103124.999997,-54.26897
4120104062.499997,-54.46706
4120104999.999997,-54.36176
4120105937.499997,-54.42913
4120106874.999997,-54.42207
4120107812.499997,-54.40911
4120108749.999997,-54.39907
4120109687.499997,-54.30343
4120110624.999997,-54.41688
4120111562.499997,-54.39626
4120112499.999997,-54.36658
4120113437.499997,-54.33975
4120114374.999997,-54.32106
4120115312.499997,-54.40842
4120116249.999997,-54.31348
4120117187.499997,-54.36675
4120118124.999997,-54.31994
4120119062.499997,-54.32796
4120119999.999997,-54.30797
4120120937.499997,-54.39017
4120121874.999997,-54.34405
4120122812.499997,-54.30117
4120123749.999997,-54.37199
4120124687.499997,-54.34779
4120125624.999997,-54.3492
4120126562.499997,-54.3592
4120127499.999997,-54.30837
4120128437.499997,-54.30714
4120129374.999997,-54.34401
4120130312.499997,-54.30452
4120131249.999997,-54.25996
4120132187.499997,-54.34698
4120133124.999997,-54.41973
4120134062.499997,-54.28755
4120134999.999997,-54.31589
4120135937.499997,-54.3504
4120136874.999997,-54.33392
4120137812.499997,-54.30613
4120138749.999997,-54.29508
4120139687.499997,-54.33591
4120140624.999997,-54.37329
4120141562.499997,-54.35548
4120142499.999997,-54.2431
4120143437.499997,-54.28117
4120144374.999997,-54.40632
4120145312.499997,-54.29079
4120146249.999997,-54.27311
4120147187.499997,-54.31975
4120148124.999997,-54.25469
4120149062.499997,-54.21458
4120149999.999997,-54.30255
4120150937.499997,-54.31381
4120151874.999997,-54.1828
4120152812.499997,-54.23983
4120153749.999997,-54.23273
4120154687.499997,-54.26812
4120155624.999997,-54.22183
4120156562.499997,-54.30232
4120157499.999997,-54.21349
4120158437.499997,-54.27641
4120159374.999997,-54.2751
4120160312.499997,-54.23807
4120161249.999997,-54.25227
4120162187.499997,-54.23495
4120163124.999997,-54.16124
4120164062.499997,-54.15381
4120164999.999997,-54.22213
4120165937.499997,-54.11222
4120166874.999997,-54.18387
4120167812.499997,-54.20211
4120168749.999997,-54.3398
4120169687.499997,-54.20053
4120170624.999997,-54.23319
4120171562.499997,-54.22732
4120172499.999997,-54.14274
4120173437.499997,-54.25258
4120174374.999997,-54.19669
4120175312.499997,-54.14355
4120176249.999997,-54.21507
4120177187.499997,-54.13032
4120178124.999997,-54.24503
4120179062.499997,-54.26798
4120179999.999997,-54.17867
4120180937.499997,-54.19135
4120181874.999997,-54.18237
4120182812.499997,-54.19588
4120183749.999997,-54.20115
4120184687.499997,-54.20212
4120185624.999997,-54.07772
4120186562.499997,-54.10308
4120187499.999997,-54.16314
4120188437.499997,-54.16212
4120189374.999997,-54.21712
4120190312.499997,-54.15951
4120191249.999997,-54.13554
4120192187.499997,-54.07826
4120193124.999997,-54.15261
4120194062.499997,-54.12115
4120194999.999997,-54.17133
4120195937.499997,-54.08278
4120196874.999997,-54.22268
4120197812.499997,-54.04696
4120198749.999997,-54.0763
4120199687.499997,-54.27897
4120200624.999997,-54.17567
4120201562.499997,-54.12421
4120202499.999997,-54.08938
4120203437.499997,-54.07637
4120204374.999997,-54.07726
4120205312.499997,-54.12081
4120206249.999997,-54.15041
4120207187.499997,-54.03299
4120208124.999997,-54.03976
4120209062.499997,-54.13744
4120209999.999997,-54.09354
4120210937.499997,-54.05442
4120211874.999997,-54.13162
4120212812.499997,-54.11176
4120213749.999997,-54.06345
4120214687.499997,-54.25039
4120215624.999997,-53.98354
4120216562.499997,-54.05347
4120217499.999997,-54.02591
4120218437.499997,-54.06418
4120219374.999997,-54.00072
4120220312.499997,-53.98808
4120221249.999997,-54.08786
4120222187.499997,-54.02856
4120223124.999997,-54.01997
4120224062.499997,-53.9793
4120224999.999997,-53.97435
4120225937.499997,-54.09159
4120226874.999997,-54.13926
4120227812.499997,-53.96365
4120228749.999997,-54.01598
4120229687.499997,-53.9752
4120230624.999997,-53.96627
4120231562.499997,-54.04792
4120232499.999997,-54.05231
4120233437.499997,-54.03498
4120234374.999997,-54.00422
4120235312.499997,-53.93787
4120236249.999997,-54.00601
4120237187.499997,-53.94042
4120238124.999997,-53.97293
4120239062.499997,-54.00126
4120239999.999997,-53.8811
4120240937.499997,-53.96204
4120241874.999997,-54.12136
4120242812.499997,-54.03034
4120243749.999997,-53.96356
4120244687.499997,-54.08987
4120245624.999997,-54.02101
4120246562.499997,-53.89918
4120247499.999997,-53.85622
4120248437.499997,-53.99545
4120249374.999997,-54.03898
4120250312.499997,-53.92157
4120251249.999997,-53.95756
4120252187.499997,-53.99287
4120253124.999997,-54.05779
4120254062.499997,-53.95893
4120254999.999997,-54.03008
4120255937.499997,-53.98858
4120256874.999997,-53.90727
4120257812.499997,-53.97326
4120258749.999997,-54.00007
4120259687.499997,-53.84449
4120260624.999997,-53.86204
4120261562.499997,-53.9481
4120262499.999997,-53.82427
4120263437.499997,-53.91685
4120264374.999997,-53.88371
4120265312.499997,-53.97154
4120266249.999997,-53.89413
4120267187.499997,-53.95977
4120268124.999997,-53.99182
4120269062.499997,-53.95329
4120269999.999997,-53.87662
4120270937.499997,-53.92102
4120271874.999997,-53.89788
4120272812.499997,-53.90248
4120273749.999997,-53.8648
4120274687.499997,-53.95218
4120275624.999997,-53.88038
4120276562.499997,-53.89007
4120277499.999997,-53.86795
4120278437.499997,-53.93573
4120279374.999997,-53.92992
4120280312.499997,-53.84029
4120281249.999997,-53.80015
4120282187.499997,-53.89508
4120283124.999997,-53.91019
4120284062.499997,-53.84352
4120284999.999997,-53.7953
4120285937.499997,-53.85635
4120286874.999997,-53.83176
4120287812.499997,-53.87846
4120288749.999997,-53.89843
4120289687.499997,-53.8452
4120290624.999997,-53.8593
4120291562.499997,-53.87741
4120292499.999997,-53.80803
4120293437.499997,-53.81016
4120294374.999997,-53.80496
4120295312.499997,-53.81109
4120296249.999997,-53.79361
4120297187.499997,-53.82349
4120298124.999997,-53.85912
4120299062.499997,-53.79279
4120299999.999997,-53.75315
4120300937.499997,-53.80914
4120301874.999997,-53.73336
4120302812.499997,-53.87593
4120303749.999997,-53.82793
4120304687.499997,-53.7959
4120305624.999997,-53.7855
4120306562.499997,-53.83867
4120307499.999997,-53.81795
4120308437.499997,-53.76122
4120309374.999997,-53.76777
4120310312.499997,-53.78542
4120311249.999997,-53.83424
4120312187.499997,-53.7362
4120313124.999997,-53.76721
4120314062.499997,-53.77812
4120314999.999997,-53.72781
4120315937.499997,-53.74311
4120316874.999997,-53.7325
4120317812.499997,-53.78569
4120318749.999997,-53.73614
4120319687.499997,-53.7421
4120320624.999997,-53.76247
4120321562.499997,-53.76501
4120322499.999997,-53.72511
4120323437.499997,-53.73489
4120324374.999997,-53.75408
4120325312.499997,-53.6449
4120326249.999997,-53.69905
4120327187.499997,-53.67368
4120328124.999997,-53.67894
4120329062.499997,-53.72667
4120329999.999997,-53.71535
4120330937.499997,-53.723
4120331874.999997,-53.6707
4120332812.499997,-53.72858
4120333749.999997,-53.62387
4120334687.499997,-53.61925
4120335624.999997,-53.72681
4120336562.499997,-53.66422
4120337499.999997,-53.63924
4120338437.499997,-53.63786
4120339374.999997,-53.68298
4120340312.499997,-53.65338
4120341249.999997,-53.67717
4120342187.499997,-53.60477
4120343124.999997,-53.64336
4120344062.499997,-53.64085
4120344999.999997,-53.67646
4120345937.499997,-53.58164
4120346874.999997,-53.68224
4120347812.499997,-53.65322
4120348749.999997,-53.57508
4120349687.499997,-53.6934
4120350624.999997,-53.76571
4120351562.499997,-53.61829
4120352499.999997,-53.59474
4120353437.499997,-53.65528
4120354374.999997,-53.54026
4120355312.499997,-53.68421
4120356249.999997,-53.65481
4120357187.499997,-53.67377
4120358124.999997,-53.69579
4120359062.499997,-53.61666
4120359999.999997,-53.643
4120360937.499997,-53.6291
4120361874.999997,-53.61417
4120362812.499997,-53.64507
4120363749.999997,-53.61266
4120364687.499997,-53.66804
4120365624.999997,-53.631
4120366562.499997,-53.55265
4120367499.999997,-53.58693
4120368437.499997,-53.57428
4120369374.999997,-53.46426
4120370312.499997,-53.62521
4120371249.999997,-53.60115
4120372187.499997,-53.63483
4120373124.999997,-53.52749
4120374062.499997,-53.55547
4120374999.999997,-53.601
4120375937.499997,-53.53587
4120376874.999997,-53.58278
4120377812.499997,-53.52785
4120378749.999997,-53.58504
4120379687.499997,-53.62626
4120380624.999997,-53.47232
4120381562.499997,-53.59479
4120382499.999997,-53.56592
4120383437.499997,-53.48817
4120384374.999997,-53.52102
4120385312.499997,-53.49721
4120386249.999997,-53.52863
4120387187.499997,-53.53548
4120388124.999997,-53.49514
4120389062.499997,-53.47166
4120389999.999997,-53.52408
4120390937.499997,-53.55304
4120391874.999997,-53.53362
4120392812.499997,-53.51179
4120393749.999997,-53.56131
4120394687.499997,-53.43121
4120395624.999997,-53.53722
4120396562.499997,-53.49601
4120397499.999997,-53.5305
4120398437.499997,-53.53418
4120399374.999997,-53.44958
4120400312.499997,-53.50885
4120401249.999997,-53.47952
4120402187.499997,-53.49467
4120403124.999997,-53.52839
4120404062.499997,-53.3931
4120404999.999997,-53.37226
4120405937.499997,-53.46235
4120406874.999997,-53.5057
4120407812.499997,-53.47741
4120408749.999997,-53.41759
4120409687.499997,-53.36998
4120410624.999997,-53.43859
4120411562.499997,-53.48029
4120412499.999997,-53.41556
4120413437.499997,-53.38698
4120414374.999997,-53.50043
4120415312.499997,-53.41208
4120416249.999997,-53.44385
4120417187.499997,-53.48157
4120418124.999997,-53.39602
4120419062.499997,-53.49164
4120419999.999997,-53.46296
4120420937.499997,-53.45307
4120421874.999997,-53.4691
4120422812.499997,-53.52496
4120423749.999997,-53.40113
4120424687.499997,-53.38659
4120425624.999997,-53.40732
4120426562.499997,-53.41011
4120427499.999997,-53.33422
4120428437.499997,-53.32117
4120429374.999997,-53.38919
4120430312.499997,-53.38365
4120431249.999997,-53.37254
4120432187.499997,-53.36049
4120433124.999997,-53.40833
4120434062.499997,-53.36025
4120434999.999997,-53.32866
4120435937.499997,-53.31178
4120436874.999997,-53.40122
4120437812.499997,-53.371
4120438749.999997,-53.36363
4120439687.499997,-53.31769
4120440624.999997,-53.34197
4120441562.499997,-53.40499
4120442499.999997,-53.32874
4120443437.499997,-53.30061
4120444374.999997,-53.3374
4120445312.499997,-53.35248
4120446249.999997,-53.3493
4120447187.499997,-53.37689
4120448124.999997,-53.34213
4120449062.499997,-53.27415
4120449999.999997,-53.35131
4120450937.499997,-53.28631
4120451874.999997,-53.30522
4120452812.499997,-53.29813
4120453749.999997,-53.28176
4120454687.499997,-53.27195
4120455624.999997,-53.22391
4120456562.499997,-53.3441
4120457499.999997,-53.27673
4120458437.499997,-53.29274
4120459374.999997,-53.20897
4120460312.499997,-53.34803
4120461249.999997,-53.33453
4120462187.499997,-53.24888
4120463124.999997,-53.30238
4120464062.499997,-53.22554
4120464999.999997,-53.31882
4120465937.499997,-53.29243
4120466874.999997,-53.22783
4120467812.499997,-53.21598
4120468749.999997,-53.29165
4120469687.499997,-53.34041
4120470624.999997,-53.31477
4120471562.499997,-53.19355
4120472499.999997,-53.18051
4120473437.499997,-53.30304
4120474374.999997,-53.19555
4120475312.499997,-53.24442
4120476249.999997,-53.19662
4120477187.499997,-53.24147
4120478124.999997,-53.18888
4120479062.499997,-53.21805
4120479999.999997,-53.2778
4120480937.499997,-53.22123
4120481874.999997,-53.26218
4120482812.499997,-53.26416
4120483749.999997,-53.17448
4120484687.499997,-53.24565
4120485624.999997,-53.2038
4120486562.499997,-53.22551
4120487499.999997,-53.19328
4120488437.499997,-53.17723
4120489374.999997,-53.16785
4120490312.499997,-53.09454
4120491249.999997,-53.1705
4120492187.499997,-53.16167
4120493124.999997,-53.10131
4120494062.499997,-53.12558
4120494999.999997,-53.18873
4120495937.499997,-53.15896
4120496874.999997,-53.1166
4120497812.499997,-53.07686
4120498749.999997,-53.14594
4120499687.499997,-53.26551
4120500624.999997,-53.16364
4120501562.499997,-53.20419
4120502499.999997,-53.1723
4120503437.499997,-53.19549
4120504374.999997,-53.06885
4120505312.499997,-53.11203
4120506249.999997,-53.0731
4120507187.499997,-53.13517
4120508124.999997,-53.10519
4120509062.499997,-53.15789
4120509999.999997,-53.13289
4120510937.499997,-53.03998
4120511874.999997,-53.09875
4120512812.499997,-53.11825
4120513749.999997,-53.10185
4120514687.499997,-53.09141
4120515624.999997,-53.14697
4120516562.499997,-53.11805
4120517499.999997,-53.09687
4120518437.499997,-53.17083
4120519374.999997,-53.08784
4120520312.499997,-53.10188
4120521249.999997,-53.13477
4120522187.499997,-53.0303
4120523124.999997,-53.11695
4120524062.499997,-52.96905
4120524999.999997,-53.10943
4120525937.499997,-53.01925
4120526874.999997,-53.05909
4120527812.499997,-53.01036
4120528749.999997,-53.02712
4120529687.499997,-53.06387
4120530624.999997,-53.00475
4120531562.499997,-53.10122
4120532499.999997,-53.0801
4120533437.499997,-52.96071
4120534374.999997,-52.97757
4120535312.499997,-53.13051
4120536249.999997,-52.98067
4120537187.499997,-52.95058
4120538124.999997,-53.02748
4120539062.499997,-52.99989
4120539999.999997,-53.01501
4120540937.499997,-52.99967
4120541874.999997,-52.96974
4120542812.499997,-52.9588
4120543749.999997,-52.98253
4120544687.499997,-52.9962
4120545624.999997,-52.95338
4120546562.499997,-52.97935
4120547499.999997,-52.99262
4120548437.499997,-53.05445
4120549374.999997,-53.0513
4120550312.499997,-52.94007
4120551249.999997,-52.88047
4120552187.499997,-53.02339
4120553124.999997,-53.03479
4120554062.499997,-52.96838
4120554999.999997,-52.89261
4120555937.499997,-52.93825
4120556874.999997,-52.86408
4120557812.499997,-52.91394
4120558749.999997,-52.91331
4120559687.499997,-52.92492
4120560624.999997,-52.98397
4120561562.499997,-52.91581
4120562499.999997,-52.88954
4120563437.499997,-52.84352
4120564374.999997,-52.91159
4120565312.499997,-52.87147
4120566249.999997,-52.94624
4120567187.499997,-52.95698
4120568124.999997,-52.88976
4120569062.499997,-52.89504
4120569999.999997,-52.95528
4120570937.499997,-53.0034
4120571874.999997,-52.88738
4120572812.499997,-52.91811
4120573749.999997,-52.86797
4120574687.499997,-52.87089
4120575624.999997,-52.89001
4120576562.499997,-52.97165
4120577499.999997,-52.88334
4120578437.499997,-52.87465
4120579374.999997,-52.93813
4120580312.499997,-52.85492
4120581249.999997,-52.87238
4120582187.499997,-52.87753
4120583124.999997,-52.8489
4120584062.499997,-52.95829
4120584999.999997,-52.88633
4120585937.499997,-52.84827
4120586874.999997,-52.87908
4120587812.499997,-52.87673
4120588749.999997,-52.82676
4120589687.499997,-52.83807
4120590624.999997,-52.88249
4120591562.499997,-52.8263
4120592499.999997,-52.86169
4120593437.499997,-52.78986
4120594374.999997,-52.73503
4120595312.499997,-52.77662
4120596249.999997,-52.80285
4120597187.499997,-52.87032
4120598124.999997,-52.73925
4120599062.499997,-52.8746
4120599999.999997,-52.80267
4120600937.499997,-52.81625
4120601874.999997,-52.78947
4120602812.499997,-52.79993
4120603749.999997,-52.78243
4120604687.499997,-52.78051
4120605624.999997,-52.79401
4120606562.499997,-52.76403
4120607499.999997,-52.8575
4120608437.499997,-52.7965
4120609374.999997,-52.74292
4120610312.499997,-52.7868
4120611249.999997,-52.81633
4120612187.499997,-52.79238
4120613124.999997,-52.76198
4120614062.499997,-52.79058
4120614999.999997,-52.72132
4120615937.499997,-52.80901
4120616874.999997,-52.78041
4120617812.499997,-52.73286
4120618749.999997,-52.71546
4120619687.499997,-52.7463
4120620624.999997,-52.71164
4120621562.499997,-52.6554
4120622499.999997,-52.71498
4120623437.499997,-52.71538
4120624374.999997,-52.71574
4120625312.499997,-52.77697
4120626249.999997,-52.736
4120627187.499997,-52.70781
4120628124.999997,-52.76374
4120629062.499997,-52.67665
4120629999.999997,-52.74685
4120630937.499997,-52.68643
4120631874.999997,-52.67912
4120632812.499997,-52.77644
4120633749.999997,-52.66064
4120634687.499997,-52.67792
4120635624.999997,-52.63894
4120636562.499997,-52.62729
4120637499.999997,-52.63111
4120638437.499997,-52.6348
4120639374.999997,-52.70476
4120640312.499997,-52.63585
4120641249.999997,-52.72006
4120642187.499997,-52.65751
4120643124.999997,-52.6
4120644062.499997,-52.64988
4120644999.999997,-52.70439
4120645937.499997,-52.67929
4120646874.999997,-52.64498
4120647812.499997,-52.66588
4120648749.999997,-52.69345
4120649687.499997,-52.61825
4120650624.999997,-52.56004
4120651562.499997,-52.67121
4120652499.999997,-52.62481
4120653437.499997,-52.66228
4120654374.999997,-52.5893
4120655312.499997,-52.70426
4120656249.999997,-52.66599
4120657187.499997,-52.58397
4120658124.999997,-52.62443
4120659062.499997,-52.53487
4120659999.999997,-52.60504
4120660937.499997,-52.55574
4120661874.999997,-52.60617
4120662812.499997,-52.6436
4120663749.999997,-52.57175
4120664687.499997,-52.55175
4120665624.999997,-52.66065
4120666562.499997,-52.5848
4120667499.999997,-52.52695
4120668437.499997,-52.52268
4120669374.999997,-52.58842
4120670312.499997,-52.51014
4120671249.999997,-52.54945
4120672187.499997,-52.60472
4120673124.999997,-52.49364
4120674062.499997,-52.54793
4120674999.999997,-52.50193
4120675937.499997,-52.55686
4120676874.999997,-52.4975
4120677812.499997,-52.59288
4120678749.999997,-52.48657
4120679687.499997,-52.47873
4120680624.999997,-52.46756
4120681562.499997,-52.46527
4120682499.999997,-52.50289
4120683437.499997,-52.50165
4120684374.999997,-52.4339
4120685312.499997,-52.47555
4120686249.999997,-52.48718
4120687187.499997,-52.44668
4120688124.999997,-52.49895
4120689062.499997,-52.44629
4120689999.999997,-52.48618
4120690937.499997,-52.51014
4120691874.999997,-52.46802
4120692812.499997,-52.4459
4120693749.999997,-52.49748
4120694687.499997,-52.43102
4120695624.999997,-52.45178
4120696562.499997,-52.4247
4120697499.999997,-52.39738
4120698437.499997,-52.47085
4120699374.999997,-52.44784
4120700312.499997,-52.38631
4120701249.999997,-52.40734
4120702187.499997,-52.46063
4120703124.999997,-52.36752
4120704062.499997,-52.4941
4120704999.999997,-52.43115
4120705937.499997,-52.43236
4120706874.999997,-52.44443
4120707812.499997,-52.38427
4120708749.999997,-52.46128
4120709687.499997,-52.42646
4120710624.999997,-52.44775
4120711562.499997,-52.44342
4120712499.999997,-52.35017
4120713437.499997,-52.34272
4120714374.999997,-52.41053
4120715312.499997,-52.37873
4120716249.999997,-52.40227
4120717187.499997,-52.33703
4120718124.999997,-52.37193
4120719062.499997,-52.3312
4120719999.999997,-52.3517
4120720937.499997,-52.38284
4120721874.999997,-52.41662
4120722812.499997,-52.37573
4120723749.999997,-52.31391
4120724687.499997,-52.34655
4120725624.999997,-52.30139
4120726562.499997,-52.34738
4120727499.999997,-52.31505
4120728437.499997,-52.43261
4120729374.999997,-52.28418
4120730312.499997,-52.33628
4120731249.999997,-52.29493
4120732187.499997,-52.38308
4120733124.999997,-52.38002
4120734062.499997,-52.38203
4120734999.999997,-52.3103
4120735937.499997,-52.32758
4120736874.999997,-52.31091
4120737812.499997,-52.26234
4120738749.999997,-52.19882
4120739687.499997,-52.2173
4120740624.999997,-52.22433
4120741562.499997,-52.31356
4120742499.999997,-52.31394
4120743437.499997,-52.36921
4120744374.999997,-52.30572
4120745312.499997,-52.26799
4120746249.999997,-52.27777
4120747187.499997,-52.29852
4120748124.999997,-52.28152
4120749062.499997,-52.2882
4120749999.999997,-52.27582
4120750937.499997,-52.15424
4120751874.999997,-52.21287
4120752812.499997,-52.27327
4120753749.999997,-52.24059
4120754687.499997,-52.25011
4120755624.999997,-52.2225
4120756562.499997,-52.21246
4120757499.999997,-52.18072
4120758437.499997,-52.20856
4120759374.999997,-52.2229
4120760312.499997,-52.18779
4120761249.999997,-52.13865
4120762187.499997,-52.2615
4120763124.999997,-52.25531
4120764062.499997,-52.14185
4120764999.999997,-52.16426
4120765937.499997,-52.22289
4120766874.999997,-52.11927
4120767812.499997,-52.21757
4120768749.999997,-52.19353
4120769687.499997,-52.22208
4120770624.999997,-52.22996
4120771562.499997,-52.11074
4120772499.999997,-52.20541
4120773437.499997,-52.20065
4120774374.999997,-52.11181
4120775312.499997,-52.13136
4120776249.999997,-52.15857
4120777187.499997,-52.09599
4120778124.999997,-52.16526
4120779062.499997,-52.11308
4120779999.999997,-52.22725
4120780937.499997,-52.12553
4120781874.999997,-52.14281
4120782812.499997,-52.14218
4120783749.999997,-52.07034
4120784687.499997,-52.09805
4120785624.999997,-52.23055
4120786562.499997,-52.09224
4120787499.999997,-52.13628
4120788437.499997,-52.01412
4120789374.999997,-52.14906
4120790312.499997,-52.09715
4120791249.999997,-52.12584
4120792187.499997,-52.03934
4120793124.999997,-52.05447
4120794062.499997,-52.06006
4120794999.999997,-52.1487
4120795937.499997,-52.03814
4120796874.999997,-52.11457
4120797812.499997,-52.05835
4120798749.999997,-52.07442
4120799687.499997,-52.04125
4120800624.999997,-52.03177
4120801562.499997,-52.02003
4120802499.999997,-52.0497
4120803437.499997,-52.03636
4120804374.999997,-52.0869
4120805312.499997,-52.08627
4120806249.999997,-52.01302
4120807187.499997,-52.11531
4120808124.999997,-52.02647
4120809062.499997,-52.0484
4120809999.999997,-51.98833
4120810937.499997,-52.01979
4120811874.999997,-51.99237
4120812812.499997,-52.0122
4120813749.999997,-52.01702
4120814687.499997,-52.0414
4120815624.999997,-51.98475
4120816562.499997,-51.99652
4120817499.999997,-51.89732
4120818437.499997,-52.04325
4120819374.999997,-51.96705
4120820312.499997,-51.97314
4120821249.999997,-51.99664
4120822187.499997,-51.96363
4120823124.999997,-51.92916
4120824062.499997,-52.0042
4120824999.999997,-51.97465
4120825937.499997,-51.97404
4120826874.999997,-51.93369
4120827812.499997,-51.95745
4120828749.999997,-51.88624
4120829687.499997,-51.99055
4120830624.999997,-51.99678
4120831562.499997,-51.95086
4120832499.999997,-51.95578
4120833437.499997,-51.97061
4120834374.999997,-51.89512
4120835312.499997,-51.90834
4120836249.999997,-51.93134
4120837187.499997,-51.9273
4120838124.999997,-51.95495
4120839062.499997,-51.84411
4120839999.999997,-51.84534
4120840937.499997,-51.87712
4120841874.999997,-51.90872
4120842812.499997,-51.90607
4120843749.999997,-51.83198
4120844687.499997,-51.83602
4120845624.999997,-51.88574
4120846562.499997,-51.88706
4120847499.999997,-51.82549
4120848437.499997,-51.87638
4120849374.999997,-51.86889
4120850312.499997,-51.84327
4120851249.999997,-51.94918
4120852187.499997,-51.89425
4120853124.999997,-51.85659
4120854062.499997,-51.86152
4120854999.999997,-51.75597
4120855937.499997,-51.82573
4120856874.999997,-51.81981
4120857812.499997,-51.90308
4120858749.999997,-51.76195
4120859687.499997,-51.80019
4120860624.999997,-51.79293
4120861562.499997,-51.83165
4120862499.999997,-51.78711
4120863437.499997,-51.782
4120864374.999997,-51.7929
4120865312.499997,-51.73576
4120866249.999997,-51.77987
4120867187.499997,-51.79466
4120868124.999997,-51.78035
4120869062.499997,-51.74639
4120869999.999997,-51.81181
4120870937.499997,-51.7393
4120871874.999997,-51.74561
4120872812.499997,-51.73508
4120873749.999997,-51.7418
4120874687.499997,-51.75455
4120875624.999997,-51.7528
4120876562.499997,-51.7968
4120877499.999997,-51.7537
4120878437.499997,-51.70145
4120879374.999997,-51.74971
4120880312.499997,-51.81768
4120881249.999997,-51.721
4120882187.499997,-51.64128
4120883124.999997,-51.7595
4120884062.499997,-51.74096
4120884999.999997,-51.76052
4120885937.499997,-51.71825
4120886874.999997,-51.76827
4120887812.499997,-51.72953
4120888749.999997,-51.6559
4120889687.499997,-51.66489
4120890624.999997,-51.68255
4120891562.499997,-51.66019
4120892499.999997,-51.6926
4120893437.499997,-51.68306
4120894374.999997,-51.67984
4120895312.499997,-51.68703
4120896249.999997,-51.70633
4120897187.499997,-51.63834
4120898124.999997,-51.65656
4120899062.499997,-51.70626
4120899999.999997,-51.65819
4120900937.499997,-51.69364
4120901874.999997,-51.60395
4120902812.499997,-51.64884
4120903749.999997,-51.63278
4120904687.499997,-51.65026
4120905624.999997,-51.66454
4120906562.499997,-51.55273
4120907499.999997,-51.59551
4120908437.499997,-51.6117
4120909374.999997,-51.67011
4120910312.499997,-51.65365
4120911249.999997,-51.64473
4120912187.499997,-51.61065
4120913124.999997,-51.61679
4120914062.499997,-51.52156
4120914999.999997,-51.56466
4120915937.499997,-51.58458
4120916874.999997,-51.59015
4120917812.499997,-51.59438
4120918749.999997,-51.5973
4120919687.499997,-51.63024
4120920624.999997,-51.58823
4120921562.499997,-51.54978
4120922499.999997,-51.57526
4120923437.499997,-51.51947
4120924374.999997,-51.5373
4120925312.499997,-51.5764
4120926249.999997,-51.57035
4120927187.499997,-51.5434
4120928124.999997,-51.49145
4120929062.499997,-51.57272
4120929999.999997,-51.635
4120930937.499997,-51.49323
4120931874.999997,-51.55034
4120932812.499997,-51.48563
4120933749.999997,-51.53625
4120934687.499997,-51.4963
4120935624.999997,-51.50488
4120936562.499997,-51.52524
4120937499.999997,-51.41459
4120938437.499997,-51.50645
4120939374.999997,-51.4908
4120940312.499997,-51.44884
4120941249.999997,-51.4418
4120942187.499997,-51.49436
4120943124.999997,-51.54539
4120944062.499997,-51.4659
4120944999.999997,-51.49854
4120945937.499997,-51.47713
4120946874.999997,-51.47001
4120947812.499997,-51.43372
4120948749.999997,-51.48627
4120949687.499997,-51.49108
4120950624.999997,-51.43037
4120951562.499997,-51.42334
4120952499.999997,-51.43597
4120953437.499997,-51.46426
4120954374.999997,-51.41751
4120955312.499997,-51.421
4120956249.999997,-51.41308
4120957187.499997,-51.4068
4120958124.999997,-51.44948
4120959062.499997,-51.42076
4120959999.999997,-51.36145
4120960937.499997,-51.40001
4120961874.999997,-51.38855
4120962812.499997,-51.36291
4120963749.999997,-51.41621
4120964687.499997,-51.3774
4120965624.999997,-51.44525
4120966562.499997,-51.44852
4120967499.999997,-51.42715
4120968437.499997,-51.38923
4120969374.999997,-51.36737
4120970312.499997,-51.38737
4120971249.999997,-51.42892
4120972187.499997,-51.34202
4120973124.999997,-51.31966
4120974062.499997,-51.32314
4120974999.999997,-51.40191
4120975937.499997,-51.35199
4120976874.999997,-51.35902
4120977812.499997,-51.35623
4120978749.999997,-51.33347
4120979687.499997,-51.30719
4120980624.999997,-51.3856
4120981562.499997,-51.34938
4120982499.999997,-51.3036
4120983437.499997,-51.34618
4120984374.999997,-51.28273
4120985312.499997,-51.29607
4120986249.999997,-51.29345
4120987187.499997,-51.27438
4120988124.999997,-51.23609
4120989062.499997,-51.28588
4120989999.999997,-51.29985
4120990937.499997,-51.32904
4120991874.999997,-51.28291
4120992812.499997,-51.29387
4120993749.999997,-51.27456
4120994687.499997,-51.30954
4120995624.999997,-51.32438
4120996562.499997,-51.25695
4120997499.999997,-51.28208
4120998437.499997,-51.28783
4120999374.999997,-51.24483
4121000312.499997,-51.23403
4121001249.999997,-51.27936
4121002187.499997,-51.24874
4121003124.999997,-51.25003
4121004062.499997,-51.16316
4121004999.999997,-51.19172
4121005937.499997,-51.19454
4121006874.999997,-51.17889
4121007812.499997,-51.24995
4121008749.999997,-51.16153
4121009687.499997,-51.23352
4121010624.999997,-51.24134
4121011562.499997,-51.18924
4121012499.999997,-51.15336
4121013437.499997,-51.14003
4121014374.999997,-51.14627
4121015312.499997,-51.22167
4121016249.999997,-51.18808
4121017187.499997,-51.20814
4121018124.999997,-51.27946
4121019062.499997,-51.15271
4121019999.999997,-51.1177
4121020937.499997,-51.17022
4121021874.999997,-51.14239
4121022812.499997,-51.11732
4121023749.999997,-51.14311
4121024687.499997,-51.12849
4121025624.999997,-51.128
4121026562.499997,-51.13768
4121027499.999997,-51.10243
4121028437.499997,-51.10505
4121029374.999997,-51.17375
4121030312.499997,-51.17118
4121031249.999997,-51.14014
4121032187.499997,-51.08358
4121033124.999997,-51.04676
4121034062.499997,-51.11756
4121034999.999997,-51.15814
4121035937.499997,-51.05172
4121036874.999997,-51.0947
4121037812.499997,-51.07639
4121038749.999997,-51.06819
4121039687.499997,-51.12371
4121040624.999997,-51.06938
4121041562.499997,-51.02587
4121042499.999997,-51.05742
4121043437.499997,-50.9955
4121044374.999997,-51.00968
4121045312.499997,-51.05782
4121046249.999997,-51.03822
4121047187.499997,-51.15132
4121048124.999997,-51.01669
4121049062.499997,-50.98076
4121049999.999997,-51.03277
4121050937.499997,-50.98601
4121051874.999997,-51.07058
4121052812.499997,-50.93101
4121053749.999997,-51.07146
4121054687.499997,-51.01553
4121055624.999997,-51.0069
4121056562.499997,-51.03624
4121057499.999997,-51.05384
4121058437.499997,-51.0071
4121059374.999997,-50.98126
4121060312.499997,-50.99232
4121061249.999997,-51.01771
4121062187.499997,-51.03793
4121063124.999997,-51.00179
4121064062.499997,-51.02167
4121064999.999997,-50.97005
4121065937.499997,-50.97443
4121066874.999997,-50.9604
4121067812.499997,-50.92343
4121068749.999997,-50.9767
4121069687.499997,-50.9728
4121070624.999997,-50.98613
4121071562.499997,-50.89354
4121072499.999997,-50.9084
4121073437.499997,-50.915
4121074374.999997,-50.89894
4121075312.499997,-50.92423
4121076249.999997,-50.88315
4121077187.499997,-50.90572
4121078124.999997,-50.85993
4121079062.499997,-50.82843
4121079999.999997,-50.89922
4121080937.499997,-50.91019
4121081874.999997,-50.96842
4121082812.499997,-50.85417
4121083749.999997,-50.90053
4121084687.499997,-50.85239
4121085624.999997,-50.8913
4121086562.499997,-50.91287
4121087499.999997,-50.84756
4121088437.499997,-50.89148
4121089374.999997,-50.86709
4121090312.499997,-50.85104
4121091249.999997,-50.86333
4121092187.499997,-50.9137
4121093124.999997,-50.83873
4121094062.499997,-50.82358
4121094999.999997,-50.82306
4121095937.499997,-50.80585
4121096874.999997,-50.80225
4121097812.499997,-50.76931
4121098749.999997,-50.833
4121099687.499997,-50.85277
4121100624.999997,-50.85441
4121101562.499997,-50.75907
4121102499.999997,-50.83984
4121103437.499997,-50.76878
4121104374.999997,-50.81584
4121105312.499997,-50.75465
4121106249.999997,-50.81982
4121107187.499997,-50.76372
4121108124.999997,-50.80267
4121109062.499997,-50.77668
4121109999.999997,-50.78899
4121110937.499997,-50.80513
4121111874.999997,-50.74221
4121112812.499997,-50.78648
4121113749.999997,-50.70226
4121114687.499997,-50.70268
4121115624.999997,-50.78284
4121116562.499997,-50.80542
4121117499.999997,-50.73996
4121118437.499997,-50.75251
4121119374.999997,-50.74952
4121120312.499997,-50.76138
4121121249.999997,-50.76767
4121122187.499997,-50.70832
4121123124.999997,-50.79404
4121124062.499997,-50.72349
4121124999.999997,-50.66911
4121125937.499997,-50.68084
4121126874.999997,-50.66841
4121127812.499997,-50.63881
4121128749.999997,-50.68952
4121129687.499997,-50.68339
4121130624.999997,-50.6394
4121131562.499997,-50.67289
4121132499.999997,-50.67313
4121133437.499997,-50.64371
4121134374.999997,-50.58312
4121135312.499997,-50.67841
4121136249.999997,-50.64746
4121137187.499997,-50.63545
4121138124.999997,-50.61478
4121139062.499997,-50.68968
4121139999.999997,-50.62286
4121140937.499997,-50.61757
4121141874.999997,-50.6137
4121142812.499997,-50.60531
4121143749.999997,-50.64327
4121144687.499997,-50.5947
4121145624.999997,-50.58251
4121146562.499997,-50.63157
4121147499.999997,-50.59282
4121148437.499997,-50.54964
4121149374.999997,-50.58294
4121150312.499997,-50.57471
4121151249.999997,-50.58513
4121152187.499997,-50.58927
4121153124.999997,-50.54956
4121154062.499997,-50.56195
4121154999.999997,-50.58108
4121155937.499997,-50.62429
4121156874.999997,-50.52834
4121157812.499997,-50.53109
4121158749.999997,-50.53131
4121159687.499997,-50.52547
4121160624.999997,-50.56055
4121161562.499997,-50.46106
4121162499.999997,-50.48935
4121163437.499997,-50.53109
4121164374.999997,-50.53973
4121165312.499997,-50.56001
4121166249.999997,-50.54205
4121167187.499997,-50.5456
4121168124.999997,-50.56382
4121169062.499997,-50.48265
4121169999.999997,-50.47735
4121170937.499997,-50.50942
4121171874.999997,-50.4484
4121172812.499997,-50.51021
4121173749.999997,-50.49725
4121174687.499997,-50.4647
4121175624.999997,-50.45927
4121176562.499997,-50.51012
4121177499.999997,-50.466
4121178437.499997,-50.4516
4121179374.999997,-50.41996
4121180312.499997,-50.45672
4121181249.999997,-50.43356
4121182187.499997,-50.45251
4121183124.999997,-50.48253
4121184062.499997,-50.47898
4121184999.999997,-50.44715
4121185937.499997,-50.44028
4121186874.999997,-50.44052
4121187812.499997,-50.39994
4121188749.999997,-50.46091
4121189687.499997,-50.38821
4121190624.999997,-50.41135
4121191562.499997,-50.41187
4121192499.999997,-50.39256
4121193437.499997,-50.41195
4121194374.999997,-50.38129
4121195312.499997,-50.4136
4121196249.999997,-50.37518
4121197187.499997,-50.32993
4121198124.999997,-50.34414
4121199062.499997,-50.34404
4121199999.999997,-50.33954
4121200937.499997,-50.30262
4121201874.999997,-50.37385
4121202812.499997,-50.29772
4121203749.999997,-50.34013
4121204687.499997,-50.31334
4121205624.999997,-50.40358
4121206562.499997,-50.29351
4121207499.999997,-50.36119
4121208437.499997,-50.27618
4121209374.999997,-50.36451
4121210312.499997,-50.28917
4121211249.999997,-50.33331
4121212187.499997,-50.28619
4121213124.999997,-50.32954
4121214062.499997,-50.32357
4121214999.999997,-50.26331
4121215937.499997,-50.24382
4121216874.999997,-50.29002
4121217812.499997,-50.23922
4121218749.999997,-50.25657
4121219687.499997,-50.22936
4121220624.999997,-50.24225
4121221562.499997,-50.25532
4121222499.999997,-50.27712
4121223437.499997,-50.22507
4121224374.999997,-50.23148
4121225312.499997,-50.23048
4121226249.999997,-50.24842
4121227187.499997,-50.25348
4121228124.999997,-50.26189
4121229062.499997,-50.25097
4121229999.999997,-50.21286
4121230937.499997,-50.271
4121231874.999997,-50.19694
4121232812.499997,-50.19498
4121233749.999997,-50.18567
4121234687.499997,-50.17125
4121235624.999997,-50.11412
4121236562.499997,-50.20221
4121237499.999997,-50.14851
4121238437.499997,-50.17794
4121239374.999997,-50.18435
4121240312.499997,-50.16358
4121241249.999997,-50.11349
4121242187.499997,-50.20589
4121243124.999997,-50.13603
4121244062.499997,-50.21039
4121244999.999997,-50.142
4121245937.499997,-50.16382
4121246874.999997,-50.10138
4121247812.499997,-50.13066
4121248749.999997,-50.12148
4121249687.499997,-50.12424
4121250624.999997,-50.15312
4121251562.499997,-50.11369
4121252499.999997,-50.09305
4121253437.499997,-50.10461
4121254374.999997,-50.09071
4121255312.499997,-50.12303
4121256249.999997,-50.04994
4121257187.499997,-50.01659
4121258124.999997,-49.97008
4121259062.499997,-50.09593
4121259999.999997,-50.05931
4121260937.499997,-50.06123
4121261874.999997,-50.04573
4121262812.499997,-50.11472
4121263749.999997,-50.06768
4121264687.499997,-50.04074
4121265624.999997,-50.05838
4121266562.499997,-50.03795
4121267499.999997,-50.09311
4121268437.499997,-50.08104
4121269374.999997,-50.05468
4121270312.499997,-50.0201
4121271249.999997,-50.01785
4121272187.499997,-49.99503
4121273124.999997,-50.06224
4121274062.499997,-49.97646
4121274999.999997,-50.00091
4121275937.499997,-50.05354
4121276874.999997,-49.98112
4121277812.499997,-49.93375
4121278749.999997,-49.96557
4121279687.499997,-49.97494
4121280624.999997,-49.95876
4121281562.499997,-49.95182
4121282499.999997,-49.99095
4121283437.499997,-49.96065
4121284374.999997,-49.95604
4121285312.499997,-49.90849
4121286249.999997,-49.95659
4121287187.499997,-50.00284
4121288124.999997,-50.00226
4121289062.499997,-49.93193
4121289999.999997,-49.88621
4121290937.499997,-49.90932
4121291874.999997,-49.94246
4121292812.499997,-49.91052
4121293749.999997,-49.87191
4121294687.499997,-49.91802
4121295624.999997,-49.90375
4121296562.499997,-49.97106
4121297499.999997,-49.89169
4121298437.499997,-49.93628
4121299374.999997,-49.87578
4121300312.499997,-49.85227
4121301249.999997,-49.86751
4121302187.499997,-49.88176
4121303124.999997,-49.85926
4121304062.499997,-49.84587
4121304999.999997,-49.89073
4121305937.499997,-49.81256
4121306874.999997,-49.813
4121307812.499997,-49.82179
4121308749.999997,-49.83172
4121309687.499997,-49.78238
4121310624.999997,-49.79352
4121311562.499997,-49.81281
4121312499.999997,-49.8274
4121313437.499997,-49.79147
4121314374.999997,-49.80702
4121315312.499997,-49.79438
4121316249.999997,-49.81886
4121317187.499997,-49.77201
4121318124.999997,-49.77947
4121319062.499997,-49.83062
4121319999.999997,-49.77979
4121320937.499997,-49.81062
4121321874.999997,-49.71672
4121322812.499997,-49.68602
4121323749.999997,-49.77993
4121324687.499997,-49.74984
4121325624.999997,-49.77797
4121326562.499997,-49.71189
4121327499.999997,-49.74631
4121328437.499997,-49.71861
4121329374.999997,-49.73379
4121330312.499997,-49.6958
4121331249.999997,-49.6844
4121332187.499997,-49.69182
4121333124.999997,-49.68347
4121334062.499997,-49.65827
4121334999.999997,-49.70006
4121335937.499997,-49.66756
4121336874.999997,-49.6527
4121337812.499997,-49.67335
4121338749.999997,-49.67653
4121339687.499997,-49.65276
4121340624.999997,-49.66887
4121341562.499997,-49.68831
4121342499.999997,-49.6437
4121343437.499997,-49.68919
4121344374.999997,-49.69823
4121345312.499997,-49.65318
4121346249.999997,-49.61423
4121347187.499997,-49.65175
4121348124.999997,-49.62295
4121349062.499997,-49.66974
4121349999.999997,-49.63223
4121350937.499997,-49.61253
4121351874.999997,-49.62359
4121352812.499997,-49.65005
4121353749.999997,-49.65034
4121354687.499997,-49.61703
4121355624.999997,-49.58989
4121356562.499997,-49.53618
4121357499.999997,-49.60824
4121358437.499997,-49.59634
4121359374.999997,-49.60037
4121360312.499997,-49.55387
4121361249.999997,-49.59032
4121362187.499997,-49.59085
4121363124.999997,-49.57086
4121364062.499997,-49.52652
4121364999.999997,-49.56627
4121365937.499997,-49.58994
4121366874.999997,-49.54309
4121367812.499997,-49.4932
4121368749.999997,-49.55792
4121369687.499997,-49.47117
4121370624.999997,-49.52595
4121371562.499997,-49.5632
4121372499.999997,-49.53572
4121373437.499997,-49.53582
4121374374.999997,-49.49699
4121375312.499997,-49.47115
4121376249.999997,-49.48186
4121377187.499997,-49.51029
4121378124.999997,-49.46225
4121379062.499997,-49.46116
4121379999.999997,-49.47754
4121380937.499997,-49.40999
4121381874.999997,-49.48765
4121382812.499997,-49.42529
4121383749.999997,-49.42921
4121384687.499997,-49.47753
4121385624.999997,-49.44799
4121386562.499997,-49.41451
4121387499.999997,-49.46639
4121388437.499997,-49.444
4121389374.999997,-49.3821
4121390312.499997,-49.43372
4121391249.999997,-49.45326
4121392187.499997,-49.40075
4121393124.999997,-49.44202
4121394062.499997,-49.41372
4121394999.999997,-49.43467
4121395937.499997,-49.43037
4121396874.999997,-49.39666
4121397812.499997,-49.34397
4121398749.999997,-49.36419
4121399687.499997,-49.37819
4121400624.999997,-49.36028
4121401562.499997,-49.34934
4121402499.999997,-49.37536
4121403437.499997,-49.3111
4121404374.999997,-49.37359
4121405312.499997,-49.35456
4121406249.999997,-49.28658
4121407187.499997,-49.33952
4121408124.999997,-49.36826
4121409062.499997,-49.31526
4121409999.999997,-49.29283
4121410937.499997,-49.28882
4121411874.999997,-49.30445
4121412812.499997,-49.32152
4121413749.999997,-49.27834
4121414687.499997,-49.26804
4121415624.999997,-49.27602
4121416562.499997,-49.26165
4121417499.999997,-49.31704
4121418437.499997,-49.2398
4121419374.999997,-49.29291
4121420312.499997,-49.25851
4121421249.999997,-49.23672
4121422187.499997,-49.24769
4121423124.999997,-49.242
4121424062.499997,-49.24119
4121424999.999997,-49.22584
4121425937.499997,-49.21553
4121426874.999997,-49.24577
4121427812.499997,-49.26801
4121428749.999997,-49.19923
4121429687.499997,-49.28708
4121430624.999997,-49.22453
4121431562.499997,-49.19881
4121432499.999997,-49.1939
4121433437.499997,-49.1576
4121434374.999997,-49.19031
4121435312.499997,-49.19434
4121436249.999997,-49.22686
4121437187.499997,-49.12881
4121438124.999997,-49.14887
4121439062.499997,-49.18549
4121439999.999997,-49.22121
4121440937.499997,-49.08386
4121441874.999997,-49.13108
4121442812.499997,-49.15855
4121443749.999997,-49.09978
4121444687.499997,-49.13115
4121445624.999997,-49.11273
4121446562.499997,-49.13239
4121447499.999997,-49.11911
4121448437.499997,-49.13631
4121449374.999997,-49.10868
4121450312.499997,-49.05789
4121451249.999997,-49.11607
4121452187.499997,-49.0857
4121453124.999997,-49.06598
4121454062.499997,-49.09397
4121454999.999997,-49.0606
4121455937.499997,-49.07359
4121456874.999997,-49.04425
4121457812.499997,-49.07415
4121458749.999997,-49.04407
4121459687.499997,-49.04928
4121460624.999997,-49.04642
4121461562.499997,-49.06652
4121462499.999997,-49.03389
4121463437.499997,-49.04742
4121464374.999997,-49.01374
4121465312.499997,-48.97944
4121466249.999997,-49.05483
4121467187.499997,-49.04166
4121468124.999997,-49.07516
4121469062.499997,-49.009
4121469999.999997,-49.05978
4121470937.499997,-48.99418
4121471874.999997,-48.98489
4121472812.499997,-48.99337
4121473749.999997,-48.95981
4121474687.499997,-48.94441
4121475624.999997,-48.95165
4121476562.499997,-48.95195
4121477499.999997,-48.93368
4121478437.499997,-48.97525
4121479374.999997,-48.94651
4121480312.499997,-48.89655
4121481249.999997,-48.92235
4121482187.499997,-48.93275
4121483124.999997,-48.88032
4121484062.499997,-48.90553
4121484999.999997,-48.95198
4121485937.499997,-48.90894
4121486874.999997,-48.9103
4121487812.499997,-48.87196
4121488749.999997,-48.86282
4121489687.499997,-48.92369
4121490624.999997,-48.89579
4121491562.499997,-48.87896
4121492499.999997,-48.88551
4121493437.499997,-48.90022
4121494374.999997,-48.90659
4121495312.499997,-48.82309
4121496249.999997,-48.91062
4121497187.499997,-48.86098
4121498124.999997,-48.82077
4121499062.499997,-48.78089
4121499999.999997,-48.78261
4121500937.499997,-48.82558
4121501874.999997,-48.83298
4121502812.499997,-48.84233
4121503749.999997,-48.79742
4121504687.499997,-48.79955
4121505624.999997,-48.79379
4121506562.499997,-48.79715
4121507499.999997,-48.79625
4121508437.499997,-48.77086
4121509374.999997,-48.78741
4121510312.499997,-48.82285
4121511249.999997,-48.78742
4121512187.499997,-48.76763
4121513124.999997,-48.77679
4121514062.499997,-48.71964
4121514999.999997,-48.71033
4121515937.499997,-48.73698
4121516874.999997,-48.76353
4121517812.499997,-48.7062
4121518749.999997,-48.71159
4121519687.499997,-48.68696
4121520624.999997,-48.71327
4121521562.499997,-48.71685
4121522499.999997,-48.70471
4121523437.499997,-48.67851
4121524374.999997,-48.69263
4121525312.499997,-48.70491
4121526249.999997,-48.73117
4121527187.499997,-48.65783
4121528124.999997,-48.61283
4121529062.499997,-48.67947
4121529999.999997,-48.67459
4121530937.499997,-48.67619
4121531874.999997,-48.65854
4121532812.499997,-48.6524
4121533749.999997,-48.61487
4121534687.499997,-48.59672
4121535624.999997,-48.63041
4121536562.499997,-48.57238
4121537499.999997,-48.60892
4121538437.499997,-48.63935
4121539374.999997,-48.63951
4121540312.499997,-48.62046
4121541249.999997,-48.59495
4121542187.499997,-48.55137
4121543124.999997,-48.58819
4121544062.499997,-48.58998
4121544999.999997,-48.60645
4121545937.499997,-48.55926
4121546874.999997,-48.54283
4121547812.499997,-48.57403
4121548749.999997,-48.53585
4121549687.499997,-48.50992
4121550624.999997,-48.56399
4121551562.499997,-48.54421
4121552499.999997,-48.53382
4121553437.499997,-48.52394
4121554374.999997,-48.53294
4121555312.499997,-48.47867
4121556249.999997,-48.52018
4121557187.499997,-48.48193
4121558124.999997,-48.54258
4121559062.499997,-48.47501
4121559999.999997,-48.52107
4121560937.499997,-48.50033
4121561874.999997,-48.51116
4121562812.499997,-48.49874
4121563749.999997,-48.52195
4121564687.499997,-48.42519
4121565624.999997,-48.46281
4121566562.499997,-48.4491
4121567499.999997,-48.45695
4121568437.499997,-48.47123
4121569374.999997,-48.39858
4121570312.499997,-48.45387
4121571249.999997,-48.429
4121572187.499997,-48.45291
4121573124.999997,-48.38136
4121574062.499997,-48.37619
4121574999.999997,-48.40208
4121575937.499997,-48.39455
4121576874.999997,-48.3704
4121577812.499997,-48.37201
4121578749.999997,-48.44003
4121579687.499997,-48.3768
4121580624.999997,-48.40032
4121581562.499997,-48.34404
4121582499.999997,-48.39138
4121583437.499997,-48.35324
4121584374.999997,-48.36043
4121585312.499997,-48.34592
4121586249.999997,-48.3657
4121587187.499997,-48.32621
4121588124.999997,-48.31966
4121589062.499997,-48.3231
4121589999.999997,-48.28714
4121590937.499997,-48.32749
4121591874.999997,-48.31342
4121592812.499997,-48.27792
4121593749.999997,-48.25795
4121594687.499997,-48.27938
4121595624.999997,-48.29191
4121596562.499997,-48.26799
4121597499.999997,-48.22344
4121598437.499997,-48.27503
4121599374.999997,-48.2325
4121600312.499997,-48.25097
4121601249.999997,-48.2339
4121602187.499997,-48.25966
4121603124.999997,-48.29357
4121604062.499997,-48.21537
4121604999.999997,-48.25209
4121605937.499997,-48.22187
4121606874.999997,-48.203
4121607812.499997,-48.21191
4121608749.999997,-48.21275
4121609687.499997,-48.16788
4121610624.999997,-48.22747
4121611562.499997,-48.20665
4121612499.999997,-48.1426
4121613437.499997,-48.14408
4121614374.999997,-48.12595
4121615312.499997,-48.16923
4121616249.999997,-48.18546
4121617187.499997,-48.14859
4121618124.999997,-48.11057
4121619062.499997,-48.13072
4121619999.999997,-48.13853
4121620937.499997,-48.1175
4121621874.999997,-48.15121
4121622812.499997,-48.1474
4121623749.999997,-48.0724
4121624687.499997,-48.08913
4121625624.999997,-48.10482
4121626562.499997,-48.10049
4121627499.999997,-48.0859
4121628437.499997,-48.05137
4121629374.999997,-48.05866
4121630312.499997,-48.06695
4121631249.999997,-48.07339
4121632187.499997,-48.07893
4121633124.999997,-48.07681
4121634062.499997,-48.01291
4121634999.999997,-48.07024
4121635937.499997,-48.04662
4121636874.999997,-48.06843
4121637812.499997,-48.04776
4121638749.999997,-48.02374
4121639687.499997,-48.03197
4121640624.999997,-48.03624
4121641562.499997,-47.99331
4121642499.999997,-47.99003
4121643437.499997,-48.03294
4121644374.999997,-47.99814
4121645312.499997,-47.96105
4121646249.999997,-47.99101
4121647187.499997,-47.95937
4121648124.999997,-47.95276
4121649062.499997,-47.97583
4121649999.999997,-47.94578
4121650937.499997,-47.97968
4121651874.999997,-47.94028
4121652812.499997,-47.96457
4121653749.999997,-47.95158
4121654687.499997,-47.90852
4121655624.999997,-47.91491
4121656562.499997,-47.91482
4121657499.999997,-47.95198
4121658437.499997,-47.90277
4121659374.999997,-47.90505
4121660312.499997,-47.89941
4121661249.999997,-47.86688
4121662187.499997,-47.89316
4121663124.999997,-47.89159
4121664062.499997,-47.87426
4121664999.999997,-47.82478
4121665937.499997,-47.86166
4121666874.999997,-47.86515
4121667812.499997,-47.80637
4121668749.999997,-47.80347
4121669687.499997,-47.79581
4121670624.999997,-47.79506
4121671562.499997,-47.83198
4121672499.999997,-47.8055
4121673437.499997,-47.82814
4121674374.999997,-47.80676
4121675312.499997,-47.79802
4121676249.999997,-47.79529
4121677187.499997,-47.80692
4121678124.999997,-47.76398
4121679062.499997,-47.78418
4121679999.999997,-47.80175
4121680937.499997,-47.72457
4121681874.999997,-47.77387
4121682812.499997,-47.76497
4121683749.999997,-47.77859
4121684687.499997,-47.75378
4121685624.999997,-47.72475
4121686562.499997,-47.77238
4121687499.999997,-47.72609
4121688437.499997,-47.71889
4121689374.999997,-47.71444
4121690312.499997,-47.70297
4121691249.999997,-47.7087
4121692187.499997,-47.70609
4121693124.999997,-47.68341
4121694062.499997,-47.67784
4121694999.999997,-47.69375
4121695937.499997,-47.71098
4121696874.999997,-47.69799
4121697812.499997,-47.64277
4121698749.999997,-47.63543
4121699687.499997,-47.62868
4121700624.999997,-47.62997
4121701562.499997,-47.59756
4121702499.999997,-47.5815
4121703437.499997,-47.59836
4121704374.999997,-47.60159
4121705312.499997,-47.6202
4121706249.999997,-47.58679
4121707187.499997,-47.5822
4121708124.999997,-47.59286
4121709062.499997,-47.63015
4121709999.999997,-47.57246
4121710937.499997,-47.59935
4121711874.999997,-47.53381
4121712812.499997,-47.52736
4121713749.999997,-47.56884
4121714687.499997,-47.53546
4121715624.999997,-47.55856
4121716562.499997,-47.57038
4121717499.999997,-47.52506
4121718437.499997,-47.56932
4121719374.999997,-47.53828
4121720312.499997,-47.49084
4121721249.999997,-47.52457
4121722187.499997,-47.51429
4121723124.999997,-47.50146
4121724062.499997,-47.48256
4121724999.999997,-47.48131
4121725937.499997,-47.46307
4121726874.999997,-47.46456
4121727812.499997,-47.4587
4121728749.999997,-47.44988
4121729687.499997,-47.44915
4121730624.999997,-47.39453
4121731562.499997,-47.4091
4121732499.999997,-47.47512
4121733437.499997,-47.38983
4121734374.999997,-47.43284
4121735312.499997,-47.42504
4121736249.999997,-47.39904
4121737187.499997,-47.4031
4121738124.999997,-47.36992
4121739062.499997,-47.39801
4121739999.999997,-47.32722
4121740937.499997,-47.39762
4121741874.999997,-47.34582
4121742812.499997,-47.34729
4121743749.999997,-47.34507
4121744687.499997,-47.37765
4121745624.999997,-47.34687
4121746562.499997,-47.35741
4121747499.999997,-47.36324
4121748437.499997,-47.30557
4121749374.999997,-47.33354
4121750312.499997,-47.32297
4121751249.999997,-47.29876
4121752187.499997,-47.30414
4121753124.999997,-47.25431
4121754062.499997,-47.31963
4121754999.999997,-47.24079
4121755937.499997,-47.28951
4121756874.999997,-47.2491
4121757812.499997,-47.25717
4121758749.999997,-47.26511
4121759687.499997,-47.26653
4121760624.999997,-47.26263
4121761562.499997,-47.1953
4121762499.999997,-47.24046
4121763437.499997,-47.24705
4121764374.999997,-47.2235
4121765312.499997,-47.24828
4121766249.999997,-47.22205
4121767187.499997,-47.18218
4121768124.999997,-47.18741
4121769062.499997,-47.18433
4121769999.999997,-47.16681
4121770937.499997,-47.18979
4121771874.999997,-47.21908
4121772812.499997,-47.17957
4121773749.999997,-47.17775
4121774687.499997,-47.09849
4121775624.999997,-47.14926
4121776562.499997,-47.12957
4121777499.999997,-47.1779
4121778437.499997,-47.10256
4121779374.999997,-47.11526
4121780312.499997,-47.08689
4121781249.999997,-47.12799
4121782187.499997,-47.12927
4121783124.999997,-47.05827
4121784062.499997,-47.10199
4121784999.999997,-47.05998
4121785937.499997,-47.09937
4121786874.999997,-47.0737
4121787812.499997,-47.02154
4121788749.999997,-47.07923
4121789687.499997,-47.05644
4121790624.999997,-47.04502
4121791562.499997,-47.0689
4121792499.999997,-47.03885
4121793437.499997,-47.04696
4121794374.999997,-47.00804
4121795312.499997,-47.04588
4121796249.999997,-46.98389
4121797187.499997,-46.98593
4121798124.999997,-46.98117
4121799062.499997,-47.00998
4121799999.999997,-47.00134
4121800937.499997,-46.95161
4121801874.999997,-46.98075
4121802812.499997,-46.96201
4121803749.999997,-46.96541
4121804687.499997,-46.96692
4121805624.999997,-46.94603
4121806562.499997,-46.94906
4121807499.999997,-46.95702
4121808437.499997,-46.90982
4121809374.999997,-46.88746
4121810312.499997,-46.88479
4121811249.999997,-46.91898
4121812187.499997,-46.89696
4121813124.999997,-46.90601
4121814062.499997,-46.88117
4121814999.999997,-46.87385
4121815937.499997,-46.8988
4121816874.999997,-46.89363
4121817812.499997,-46.8889
4121818749.999997,-46.84508
4121819687.499997,-46.83153
4121820624.999997,-46.82657
4121821562.499997,-46.85088
4121822499.999997,-46.82667
4121823437.499997,-46.82886
4121824374.999997,-46.82272
4121825312.499997,-46.76513
4121826249.999997,-46.81174
4121827187.499997,-46.81556
4121828124.999997,-46.78204
4121829062.499997,-46.79121
4121829999.999997,-46.79247
4121830937.499997,-46.73533
4121831874.999997,-46.78761
4121832812.499997,-46.78024
4121833749.999997,-46.74197
4121834687.499997,-46.76741
4121835624.999997,-46.72536
4121836562.499997,-46.71351
4121837499.999997,-46.7172
4121838437.499997,-46.70881
4121839374.999997,-46.73722
4121840312.499997,-46.68543
4121841249.999997,-46.66014
4121842187.499997,-46.71484
4121843124.999997,-46.70638
4121844062.499997,-46.65403
4121844999.999997,-46.68587
4121845937.499997,-46.63126
4121846874.999997,-46.67408
4121847812.499997,-46.64056
4121848749.999997,-46.6236
4121849687.499997,-46.63155
4121850624.999997,-46.64889
4121851562.499997,-46.59891
4121852499.999997,-46.61624
4121853437.499997,-46.59027
4121854374.999997,-46.61143
4121855312.499997,-46.61089
4121856249.999997,-46.59372
4121857187.499997,-46.58496
4121858124.999997,-46.52834
4121859062.499997,-46.58226
4121859999.999997,-46.56763
4121860937.499997,-46.55293
4121861874.999997,-46.55881
4121862812.499997,-46.56548
4121863749.999997,-46.5407
4121864687.499997,-46.50968
4121865624.999997,-46.52095
4121866562.499997,-46.55898
4121867499.999997,-46.4892
4121868437.499997,-46.48908
4121869374.999997,-46.50135
4121870312.499997,-46.47356
4121871249.999997,-46.51941
4121872187.499997,-46.49957
4121873124.999997,-46.46449
4121874062.499997,-46.45462
4121874999.999997,-46.44392
4121875937.499997,-46.47412
4121876874.999997,-46.46703
4121877812.499997,-46.42877
4121878749.999997,-46.46294
4121879687.499997,-46.43558
4121880624.999997,-46.39869
4121881562.499997,-46.43661
4121882499.999997,-46.39248
4121883437.499997,-46.39363
4121884374.999997,-46.37548
4121885312.499997,-46.37069
4121886249.999997,-46.38377
4121887187.499997,-46.3708
4121888124.999997,-46.36082
4121889062.499997,-46.33213
4121889999.999997,-46.33568
4121890937.499997,-46.3673
4121891874.999997,-46.36937
4121892812.499997,-46.30267
4121893749.999997,-46.29914
4121894687.499997,-46.28487
4121895624.999997,-46.3235
4121896562.499997,-46.30753
4121897499.999997,-46.27935
4121898437.499997,-46.2901
4121899374.999997,-46.30992
4121900312.499997,-46.26476
4121901249.999997,-46.25024
4121902187.499997,-46.25621
4121903124.999997,-46.20557
4121904062.499997,-46.25374
4121904999.999997,-46.25332
4121905937.499997,-46.21825
4121906874.999997,-46.21563
4121907812.499997,-46.22193
4121908749.999997,-46.20417
4121909687.499997,-46.22667
4121910624.999997,-46.20299
4121911562.499997,-46.18526
4121912499.999997,-46.21363
4121913437.499997,-46.18568
4121914374.999997,-46.13429
4121915312.499997,-46.13157
4121916249.999997,-46.14157
4121917187.499997,-46.1414
4121918124.999997,-46.16487
4121919062.499997,-46.11895
4121919999.999997,-46.12337
4121920937.499997,-46.09775
4121921874.999997,-46.07922
4121922812.499997,-46.09492
4121923749.999997,-46.1067
4121924687.499997,-46.09014
4121925624.999997,-46.07996
4121926562.499997,-46.07306
4121927499.999997,-46.09519
4121928437.499997,-46.05017
4121929374.999997,-46.07599
4121930312.499997,-46.03802
4121931249.999997,-46.03716
4121932187.499997,-46.01278
4121933124.999997,-46.05368
4121934062.499997,-45.98239
4121934999.999997,-45.97692
4121935937.499997,-45.97018
4121936874.999997,-46.0196
4121937812.499997,-45.95213
4121938749.999997,-45.97627
4121939687.499997,-45.95102
4121940624.999997,-45.9729
4121941562.499997,-45.94238
4121942499.999997,-45.95646
4121943437.499997,-45.90248
4121944374.999997,-45.95135
4121945312.499997,-45.94201
4121946249.999997,-45.93845
4121947187.499997,-45.92804
4121948124.999997,-45.88887
4121949062.499997,-45.92208
4121949999.999997,-45.90561
4121950937.499997,-45.9388
4121951874.999997,-45.93124
4121952812.499997,-45.87313
4121953749.999997,-45.88812
4121954687.499997,-45.86648
4121955624.999997,-45.86739
4121956562.499997,-45.86202
4121957499.999997,-45.86554
4121958437.499997,-45.81709
4121959374.999997,-45.84787
4121960312.499997,-45.81936
4121961249.999997,-45.81356
4121962187.499997,-45.7976
4121963124.999997,-45.79241
4121964062.499997,-45.78276
4121964999.999997,-45.78315
4121965937.499997,-45.78746
4121966874.999997,-45.74995
4121967812.499997,-45.7771
4121968749.999997,-45.74414
4121969687.499997,-45.78439
4121970624.999997,-45.76052
4121971562.499997,-45.72871
4121972499.999997,-45.71202
4121973437.499997,-45.7081
4121974374.999997,-45.6921
4121975312.499997,-45.67821
4121976249.999997,-45.66317
4121977187.499997,-45.6885
4121978124.999997,-45.69515
4121979062.499997,-45.72729
4121979999.999997,-45.67337
4121980937.499997,-45.64285
4121981874.999997,-45.63757
4121982812.499997,-45.62478
4121983749.999997,-45.63629
4121984687.499997,-45.64242
4121985624.999997,-45.61057
4121986562.499997,-45.58881
4121987499.999997,-45.61553
4121988437.499997,-45.607
4121989374.999997,-45.59689
4121990312.499997,-45.61402
4121991249.999997,-45.59998
4121992187.499997,-45.55947
4121993124.999997,-45.55193
4121994062.499997,-45.54831
4121994999.999997,-45.52675
4121995937.499997,-45.55021
4121996874.999997,-45.55289
4121997812.499997,-45.5246
4121998749.999997,-45.54715
4121999687.499997,-45.52607
4122000624.999997,-45.48351
4122001562.499997,-45.48622
4122002499.999997,-45.48571
4122003437.499997,-45.46899
4122004374.999997,-45.51414
4122005312.499997,-45.44956
4122006249.999997,-45.45114
4122007187.499997,-45.45858
4122008124.999997,-45.43183
4122009062.499997,-45.40502
4122009999.999997,-45.44166
4122010937.499997,-45.42629
4122011874.999997,-45.39824
4122012812.499997,-45.38309
4122013749.999997,-45.38566
4122014687.499997,-45.40416
4122015624.999997,-45.39509
4122016562.499997,-45.38078
4122017499.999997,-45.35404
4122018437.499997,-45.3703
4122019374.999997,-45.34591
4122020312.499997,-45.33021
4122021249.999997,-45.33728
4122022187.499997,-45.33134
4122023124.999997,-45.31418
4122024062.499997,-45.32175
4122024999.999997,-45.30338
4122025937.499997,-45.2879
4122026874.999997,-45.26352
4122027812.499997,-45.2873
4122028749.999997,-45.29303
4122029687.499997,-45.27275
4122030624.999997,-45.23731
4122031562.499997,-45.25514
4122032499.999997,-45.25969
4122033437.499997,-45.24214
4122034374.999997,-45.21313
4122035312.499997,-45.20618
4122036249.999997,-45.23181
4122037187.499997,-45.17014
4122038124.999997,-45.19522
4122039062.499997,-45.19426
4122039999.999997,-45.17226
4122040937.499997,-45.16595
4122041874.999997,-45.15151
4122042812.499997,-45.17067
4122043749.999997,-45.13531
4122044687.499997,-45.1513
4122045624.999997,-45.15609
4122046562.499997,-45.1112
4122047499.999997,-45.10699
4122048437.499997,-45.09665
4122049374.999997,-45.12384
4122050312.499997,-45.10663
4122051249.999997,-45.08607
4122052187.499997,-45.06558
4122053124.999997,-45.05098
4122054062.499997,-45.05464
4122054999.999997,-45.04913
4122055937.499997,-45.02797
4122056874.999997,-45.03847
4122057812.499997,-44.98939
4122058749.999997,-45.03841
4122059687.499997,-45.01972
4122060624.999997,-45.00518
4122061562.499997,-44.99619
4122062499.999997,-44.98869
4122063437.499997,-44.95241
4122064374.999997,-44.94851
4122065312.499997,-44.96232
4122066249.999997,-44.93471
4122067187.499997,-44.91322
4122068124.999997,-44.92158
4122069062.499997,-44.95018
4122069999.999997,-44.92649
4122070937.499997,-44.93628
4122071874.999997,-44.89932
4122072812.499997,-44.91775
4122073749.999997,-44.91756
4122074687.499997,-44.89542
4122075624.999997,-44.85624
4122076562.499997,-44.86031
4122077499.999997,-44.84501
4122078437.499997,-44.81929
4122079374.999997,-44.82431
4122080312.499997,-44.83722
4122081249.999997,-44.8236
4122082187.499997,-44.81888
4122083124.999997,-44.83345
4122084062.499997,-44.76868
4122084999.999997,-44.80053
4122085937.499997,-44.77799
4122086874.999997,-44.78339
4122087812.499997,-44.75364
4122088749.999997,-44.75694
4122089687.499997,-44.74566
4122090624.999997,-44.73428
4122091562.499997,-44.73018
4122092499.999997,-44.73174
4122093437.499997,-44.73569
4122094374.999997,-44.70562
4122095312.499997,-44.71161
4122096249.999997,-44.69165
4122097187.499997,-44.66854
4122098124.999997,-44.6732
4122099062.499997,-44.68298
4122099999.999997,-44.66659
4122100937.499997,-44.62576
4122101874.999997,-44.65511
4122102812.499997,-44.65357
4122103749.999997,-44.66768
4122104687.499997,-44.63148
4122105624.999997,-44.62787
4122106562.499997,-44.62407
4122107499.999997,-44.63922
4122108437.499997,-44.61781
4122109374.999997,-44.58599
4122110312.499997,-44.58567
4122111249.999997,-44.59805
4122112187.499997,-44.56105
4122113124.999997,-44.55633
4122114062.499997,-44.54155
4122114999.999997,-44.52314
4122115937.499997,-44.51141
4122116874.999997,-44.50225
4122117812.499997,-44.52003
4122118749.999997,-44.51708
4122119687.499997,-44.48134
4122120624.999997,-44.47933
4122121562.499997,-44.47191
4122122499.999997,-44.45824
4122123437.499997,-44.41928
4122124374.999997,-44.45308
4122125312.499997,-44.41259
4122126249.999997,-44.42964
4122127187.499997,-44.40714
4122128124.999997,-44.39917
4122129062.499997,-44.39291
4122129999.999997,-44.42389
4122130937.499997,-44.39817
4122131874.999997,-44.39591
4122132812.499997,-44.39102
4122133749.999997,-44.36438
4122134687.499997,-44.37066
4122135624.999997,-44.35887
4122136562.499997,-44.30401
4122137499.999997,-44.30245
4122138437.499997,-44.33126
4122139374.999997,-44.32226
4122140312.499997,-44.30294
4122141249.999997,-44.28325
4122142187.499997,-44.29282
4122143124.999997,-44.2508
4122144062.499997,-44.27118
4122144999.999997,-44.27153
4122145937.499997,-44.25222
4122146874.999997,-44.25679
4122147812.499997,-44.24362
4122148749.999997,-44.22488
4122149687.499997,-44.209
4122150624.999997,-44.18645
4122151562.499997,-44.20757
4122152499.999997,-44.19038
4122153437.499997,-44.21523
4122154374.999997,-44.18317
4122155312.499997,-44.16753
4122156249.999997,-44.15245
4122157187.499997,-44.13301
4122158124.999997,-44.15252
4122159062.499997,-44.14208
4122159999.999997,-44.13181
4122160937.499997,-44.11603
4122161874.999997,-44.12144
4122162812.499997,-44.09187
4122163749.999997,-44.07799
4122164687.499997,-44.10037
4122165624.999997,-44.08363
4122166562.499997,-44.06792
4122167499.999997,-44.03734
4122168437.499997,-44.05056
4122169374.999997,-44.03612
4122170312.499997,-44.03659
4122171249.999997,-44.0419
4122172187.499997,-43.98897
4122173124.999997,-44.01546
4122174062.499997,-43.97521
4122174999.999997,-43.98214
4122175937.499997,-43.94122
4122176874.999997,-43.98527
4122177812.499997,-43.96741
4122178749.999997,-43.9389
4122179687.499997,-43.93969
4122180624.999997,-43.93082
4122181562.499997,-43.93468
4122182499.999997,-43.89655
4122183437.499997,-43.91146
4122184374.999997,-43.91689
4122185312.499997,-43.88167
4122186249.999997,-43.90686
4122187187.499997,-43.89073
4122188124.999997,-43.84525
4122189062.499997,-43.83838
4122189999.999997,-43.86039
4122190937.499997,-43.84115
4122191874.999997,-43.83485
4122192812.499997,-43.78883
4122193749.999997,-43.78761
4122194687.499997,-43.78584
4122195624.999997,-43.78614
4122196562.499997,-43.77394
4122197499.999997,-43.79698
4122198437.499997,-43.77436
4122199374.999997,-43.75572
4122200312.499997,-43.72445
4122201249.999997,-43.72177
4122202187.499997,-43.71444
4122203124.999997,-43.72537
4122204062.499997,-43.71185
4122204999.999997,-43.70761
4122205937.499997,-43.67922
4122206874.999997,-43.69079
4122207812.499997,-43.67916
4122208749.999997,-43.64203
4122209687.499997,-43.63953
4122210624.999997,-43.62459
4122211562.499997,-43.63521
4122212499.999997,-43.62145
4122213437.499997,-43.57267
4122214374.999997,-43.59179
4122215312.499997,-43.58935
4122216249.999997,-43.60555
4122217187.499997,-43.57103
4122218124.999997,-43.56914
4122219062.499997,-43.58258
4122219999.999997,-43.54998
4122220937.499997,-43.53529
4122221874.999997,-43.54451
4122222812.499997,-43.52102
4122223749.999997,-43.51421
4122224687.499997,-43.5115
4122225624.999997,-43.50551
4122226562.499997,-43.46492
4122227499.999997,-43.47562
4122228437.499997,-43.45168
4122229374.999997,-43.45624
4122230312.499997,-43.45891
4122231249.999997,-43.43833
4122232187.499997,-43.42882
4122233124.999997,-43.4272
4122234062.499997,-43.39865
4122234999.999997,-43.40396
4122235937.499997,-43.39874
4122236874.999997,-43.38655
4122237812.499997,-43.37201
4122238749.999997,-43.35114
4122239687.499997,-43.33838
4122240624.999997,-43.34599
4122241562.499997,-43.32897
4122242499.999997,-43.31993
4122243437.499997,-43.30405
4122244374.999997,-43.2867
4122245312.499997,-43.28781
4122246249.999997,-43.28913
4122247187.499997,-43.29197
4122248124.999997,-43.27333
4122249062.499997,-43.25334
4122249999.999997,-43.23586
4122250937.499997,-43.24741
4122251874.999997,-43.21257
4122252812.499997,-43.19793
4122253749.999997,-43.20448
4122254687.499997,-43.18811
4122255624.999997,-43.19709
4122256562.499997,-43.17652
4122257499.999997,-43.18563
4122258437.499997,-43.16381
4122259374.999997,-43.14264
4122260312.499997,-43.15296
4122261249.999997,-43.13817
4122262187.499997,-43.12082
4122263124.999997,-43.08371
4122264062.499997,-43.11414
4122264999.999997,-43.07909
4122265937.499997,-43.09759
4122266874.999997,-43.0498
4122267812.499997,-43.06847
4122268749.999997,-43.04344
4122269687.499997,-43.03983
4122270624.999997,-43.00988
4122271562.499997,-43.02646
4122272499.999997,-43.00846
4122273437.499997,-43.00724
4122274374.999997,-42.99741
4122275312.499997,-42.98039
4122276249.999997,-42.97106
4122277187.499997,-42.97426
4122278124.999997,-42.96484
4122279062.499997,-42.93376
4122279999.999997,-42.929
4122280937.499997,-42.93163
4122281874.999997,-42.91181
4122282812.499997,-42.87827
4122283749.999997,-42.88419
4122284687.499997,-42.87683
4122285624.999997,-42.87072
4122286562.499997,-42.8567
4122287499.999997,-42.81989
4122288437.499997,-42.84824
4122289374.999997,-42.85312
4122290312.499997,-42.79224
4122291249.999997,-42.81232
4122292187.499997,-42.81475
4122293124.999997,-42.78913
4122294062.499997,-42.8071
4122294999.999997,-42.76665
4122295937.499997,-42.74083
4122296874.999997,-42.7665
4122297812.499997,-42.74437
4122298749.999997,-42.72657
4122299687.499997,-42.72367
4122300624.999997,-42.72374
4122301562.499997,-42.69913
4122302499.999997,-42.68648
4122303437.499997,-42.68633
4122304374.999997,-42.66013
4122305312.499997,-42.68007
4122306249.999997,-42.66082
4122307187.499997,-42.65127
4122308124.999997,-42.62891
4122309062.499997,-42.60875
4122309999.999997,-42.60767
4122310937.499997,-42.5955
4122311874.999997,-42.60862
4122312812.499997,-42.58448
4122313749.999997,-42.58484
4122314687.499997,-42.58
4122315624.999997,-42.55317
4122316562.499997,-42.53911
4122317499.999997,-42.54607
4122318437.499997,-42.51475
4122319374.999997,-42.52861
4122320312.499997,-42.51667
4122321249.999997,-42.51059
4122322187.499997,-42.47386
4122323124.999997,-42.4754
4122324062.499997,-42.45095
4122324999.999997,-42.45689
4122325937.499997,-42.43764
4122326874.999997,-42.43124
4122327812.499997,-42.41172
4122328749.999997,-42.38602
4122329687.499997,-42.3899
4122330624.999997,-42.38521
4122331562.499997,-42.37074
4122332499.999997,-42.36138
4122333437.499997,-42.3422
4122334374.999997,-42.35558
4122335312.499997,-42.31834
4122336249.999997,-42.30465
4122337187.499997,-42.2981
4122338124.999997,-42.30684
4122339062.499997,-42.30228
4122339999.999997,-42.28708
4122340937.499997,-42.29754
4122341874.999997,-42.25062
4122342812.499997,-42.25232
4122343749.999997,-42.23164
4122344687.499997,-42.21901
4122345624.999997,-42.20446
4122346562.499997,-42.18804
4122347499.999997,-42.16527
4122348437.499997,-42.15422
4122349374.999997,-42.15866
4122350312.499997,-42.17342
4122351249.999997,-42.16232
4122352187.499997,-42.14332
4122353124.999997,-42.12902
4122354062.499997,-42.10666
4122354999.999997,-42.11658
4122355937.499997,-42.11359
4122356874.999997,-42.10529
4122357812.499997,-42.09501
4122358749.999997,-42.07643
4122359687.499997,-42.04994
4122360624.999997,-42.05729
4122361562.499997,-42.02665
4122362499.999997,-42.01773
4122363437.499997,-42.00432
4122364374.999997,-42.00779
4122365312.499997,-41.98055
4122366249.999997,-41.98312
4122367187.499997,-41.9745
4122368124.999997,-41.94989
4122369062.499997,-41.9315
4122369999.999997,-41.93121
4122370937.499997,-41.90807
4122371874.999997,-41.8867
4122372812.499997,-41.9318
4122373749.999997,-41.90462
4122374687.499997,-41.9004
4122375624.999997,-41.87119
4122376562.499997,-41.85211
4122377499.999997,-41.83856
4122378437.499997,-41.85596
4122379374.999997,-41.81409
4122380312.499997,-41.81739
4122381249.999997,-41.81223
4122382187.499997,-41.79297
4122383124.999997,-41.78368
4122384062.499997,-41.79935
4122384999.999997,-41.76527
4122385937.499997,-41.72026
4122386874.999997,-41.7444
4122387812.499997,-41.72077
4122388749.999997,-41.72432
4122389687.499997,-41.71386
4122390624.999997,-41.67303
4122391562.499997,-41.69142
4122392499.999997,-41.65875
4122393437.499997,-41.66631
4122394374.999997,-41.64589
4122395312.499997,-41.63064
4122396249.999997,-41.64191
4122397187.499997,-41.62577
4122398124.999997,-41.6068
4122399062.499997,-41.60065
4122399999.999997,-41.58274
4122400937.499997,-41.56336
4122401874.999997,-41.55008
4122402812.499997,-41.5493
4122403749.999997,-41.53508
4122404687.499997,-41.51784
4122405624.999997,-41.5069
4122406562.499997,-41.49839
4122407499.999997,-41.48448
4122408437.499997,-41.46832
4122409374.999997,-41.45251
4122410312.499997,-41.45466
4122411249.999997,-41.44026
4122412187.499997,-41.41442
4122413124.999997,-41.42796
4122414062.499997,-41.42169
4122414999.999997,-41.39941
4122415937.499997,-41.37091
4122416874.999997,-41.36487
4122417812.499997,-41.35221
4122418749.999997,-41.33848
4122419687.499997,-41.33615
4122420624.999997,-41.32624
4122421562.499997,-41.30743
4122422499.999997,-41.31357
4122423437.499997,-41.2685
4122424374.999997,-41.28429
4122425312.499997,-41.25241
4122426249.999997,-41.24594
4122427187.499997,-41.26921
4122428124.999997,-41.23434
4122429062.499997,-41.21926
4122429999.999997,-41.18679
4122430937.499997,-41.20885
4122431874.999997,-41.17281
4122432812.499997,-41.16114
4122433749.999997,-41.15936
4122434687.499997,-41.13283
4122435624.999997,-41.13579
4122436562.499997,-41.11803
4122437499.999997,-41.10346
4122438437.499997,-41.08919
4122439374.999997,-41.08073
4122440312.499997,-41.10254
4122441249.999997,-41.05436
4122442187.499997,-41.0615
4122443124.999997,-41.04198
4122444062.499997,-41.04425
4122444999.999997,-41.03304
4122445937.499997,-40.99984
4122446874.999997,-40.98546
4122447812.499997,-40.97843
4122448749.999997,-40.96592
4122449687.499997,-40.93854
4122450624.999997,-40.9459
4122451562.499997,-40.92328
4122452499.999997,-40.91962
4122453437.499997,-40.89876
4122454374.999997,-40.88503
4122455312.499997,-40.86308
4122456249.999997,-40.87515
4122457187.499997,-40.86585
4122458124.999997,-40.84868
4122459062.499997,-40.82545
4122459999.999997,-40.8117
4122460937.499997,-40.80444
4122461874.999997,-40.80574
4122462812.499997,-40.79305
4122463749.999997,-40.77074
4122464687.499997,-40.76286
4122465624.999997,-40.74009
4122466562.499997,-40.73716
4122467499.999997,-40.71515
4122468437.499997,-40.71828
4122469374.999997,-40.69645
4122470312.499997,-40.68356
4122471249.999997,-40.65901
4122472187.499997,-40.64547
4122473124.999997,-40.64054
4122474062.499997,-40.63771
4122474999.999997,-40.61401
4122475937.499997,-40.62751
4122476874.999997,-40.59444
4122477812.499997,-40.57734
4122478749.999997,-40.57683
4122479687.499997,-40.55503
4122480624.999997,-40.57117
4122481562.499997,-40.54638
4122482499.999997,-40.51496
4122483437.499997,-40.53392
4122484374.999997,-40.50422
4122485312.499997,-40.47544
4122486249.999997,-40.45696
4122487187.499997,-40.47541
4122488124.999997,-40.45552
4122489062.499997,-40.44238
4122489999.999997,-40.42278
4122490937.499997,-40.408
4122491874.999997,-40.41706
4122492812.499997,-40.37702
4122493749.999997,-40.37213
4122494687.499997,-40.3661
4122495624.999997,-40.34262
4122496562.499997,-40.33506
4122497499.999997,-40.31857
4122498437.499997,-40.29641
4122499374.999997,-40.2999
4122500312.499997,-40.26814
4122501249.999997,-40.27145
4122502187.499997,-40.24757
4122503124.999997,-40.24256
4122504062.499997,-40.23912
4122504999.999997,-40.20224
4122505937.499997,-40.21013
4122506874.999997,-40.21064
4122507812.499997,-40.2006
4122508749.999997,-40.16357
4122509687.499997,-40.14453
4122510624.999997,-40.13752
4122511562.499997,-40.11483
4122512499.999997,-40.10409
4122513437.499997,-40.09607
4122514374.999997,-40.08863
4122515312.499997,-40.07122
4122516249.999997,-40.04995
4122517187.499997,-40.03949
4122518124.999997,-40.04035
4122519062.499997,-40.02159
4122519999.999997,-39.99578
4122520937.499997,-39.99459
4122521874.999997,-39.98127
4122522812.499997,-39.97463
4122523749.999997,-39.95591
4122524687.499997,-39.93509
4122525624.999997,-39.93445
4122526562.499997,-39.92665
4122527499.999997,-39.90983
4122528437.499997,-39.89256
4122529374.999997,-39.86599
4122530312.499997,-39.86586
4122531249.999997,-39.84561
4122532187.499997,-39.84013
4122533124.999997,-39.80959
4122534062.499997,-39.81282
4122534999.999997,-39.79548
4122535937.499997,-39.77763
4122536874.999997,-39.75751
4122537812.499997,-39.73999
4122538749.999997,-39.75183
4122539687.499997,-39.7299
4122540624.999997,-39.7177
4122541562.499997,-39.7002
4122542499.999997,-39.70423
4122543437.499997,-39.66971
4122544374.999997,-39.66591
4122545312.499997,-39.65753
4122546249.999997,-39.63042
4122547187.499997,-39.61777
4122548124.999997,-39.5987
4122549062.499997,-39.60321
4122549999.999997,-39.57453
4122550937.499997,-39.562
4122551874.999997,-39.5441
4122552812.499997,-39.55158
4122553749.999997,-39.51158
4122554687.499997,-39.52368
4122555624.999997,-39.48404
4122556562.499997,-39.47912
4122557499.999997,-39.48447
4122558437.499997,-39.46281
4122559374.999997,-39.42663
4122560312.499997,-39.42867
4122561249.999997,-39.41407
4122562187.499997,-39.39378
4122563124.999997,-39.38536
4122564062.499997,-39.38204
4122564999.999997,-39.36695
4122565937.499997,-39.34477
4122566874.999997,-39.31765
4122567812.499997,-39.32116
4122568749.999997,-39.28661
4122569687.499997,-39.26737
4122570624.999997,-39.27076
4122571562.499997,-39.24804
4122572499.999997,-39.24305
4122573437.499997,-39.21329
4122574374.999997,-39.20631
4122575312.499997,-39.18917
4122576249.999997,-39.19333
4122577187.499997,-39.1855
4122578124.999997,-39.14896
4122579062.499997,-39.15035
4122579999.999997,-39.1303
4122580937.499997,-39.11614
4122581874.999997,-39.10807
4122582812.499997,-39.07018
4122583749.999997,-39.07352
4122584687.499997,-39.04387
4122585624.999997,-39.03614
4122586562.499997,-39.00967
4122587499.999997,-39.00781
4122588437.499997,-38.99892
4122589374.999997,-39.00016
4122590312.499997,-38.98477
4122591249.999997,-38.95395
4122592187.499997,-38.94316
4122593124.999997,-38.93077
4122594062.499997,-38.90963
4122594999.999997,-38.90497
4122595937.499997,-38.87635
4122596874.999997,-38.87624
4122597812.499997,-38.85596
4122598749.999997,-38.83349
4122599687.499997,-38.8265
4122600624.999997,-38.81697
4122601562.499997,-38.7902
4122602499.999997,-38.77288
4122603437.499997,-38.77092
4122604374.999997,-38.74091
4122605312.499997,-38.73915
4122606249.999997,-38.72194
4122607187.499997,-38.71231
4122608124.999997,-38.69254
4122609062.499997,-38.68342
4122609999.999997,-38.66188
4122610937.499997,-38.6531
4122611874.999997,-38.63544
4122612812.499997,-38.6208
4122613749.999997,-38.60518
4122614687.499997,-38.57384
4122615624.999997,-38.5733
4122616562.499997,-38.56464
4122617499.999997,-38.54253
4122618437.499997,-38.54197
4122619374.999997,-38.51495
4122620312.499997,-38.50176
4122621249.999997,-38.46876
4122622187.499997,-38.44793
4122623124.999997,-38.45789
4122624062.499997,-38.44046
4122624999.999997,-38.42416
4122625937.499997,-38.40095
4122626874.999997,-38.40173
4122627812.499997,-38.37389
4122628749.999997,-38.35113
4122629687.499997,-38.33151
4122630624.999997,-38.31556
4122631562.499997,-38.30974
4122632499.999997,-38.30766
4122633437.499997,-38.27237
4122634374.999997,-38.26556
4122635312.499997,-38.24784
4122636249.999997,-38.22441
4122637187.499997,-38.22164
4122638124.999997,-38.20592
4122639062.499997,-38.20451
4122639999.999997,-38.18057
4122640937.499997,-38.1571
4122641874.999997,-38.13783
4122642812.499997,-38.13335
4122643749.999997,-38.11468
4122644687.499997,-38.11492
4122645624.999997,-38.07498
4122646562.499997,-38.07018
4122647499.999997,-38.03479
4122648437.499997,-38.054
4122649374.999997,-38.01131
4122650312.499997,-38.00935
4122651249.999997,-37.99651
4122652187.499997,-37.97565
4122653124.999997,-37.96788
4122654062.499997,-37.94294
4122654999.999997,-37.93828
4122655937.499997,-37.91631
4122656874.999997,-37.89798
4122657812.499997,-37.89064
4122658749.999997,-37.86868
4122659687.499997,-37.84837
4122660624.999997,-37.84048
4122661562.499997,-37.81949
4122662499.999997,-37.81602
4122663437.499997,-37.78457
4122664374.999997,-37.77766
4122665312.499997,-37.75259
4122666249.999997,-37.7424
4122667187.499997,-37.71062
4122668124.999997,-37.70012
4122669062.499997,-37.67982
4122669999.999997,-37.67518
4122670937.499997,-37.64842
4122671874.999997,-37.63503
4122672812.499997,-37.62689
4122673749.999997,-37.59372
4122674687.499997,-37.58522
4122675624.999997,-37.58525
4122676562.499997,-37.5569
4122677499.999997,-37.53494
4122678437.499997,-37.5201
4122679374.999997,-37.49585
4122680312.499997,-37.48342
4122681249.999997,-37.47667
4122682187.499997,-37.46207
4122683124.999997,-37.45636
4122684062.499997,-37.4179
4122684999.999997,-37.38497
4122685937.499997,-37.39389
4122686874.999997,-37.37949
4122687812.499997,-37.36182
4122688749.999997,-37.34891
4122689687.499997,-37.32907
4122690624.999997,-37.31887
4122691562.499997,-37.29908
4122692499.999997,-37.28412
4122693437.499997,-37.26323
4122694374.999997,-37.25413
4122695312.499997,-37.24605
4122696249.999997,-37.21084
4122697187.499997,-37.1973
4122698124.999997,-37.1828
4122699062.499997,-37.16375
4122699999.999997,-37.15831
4122700937.499997,-37.13834
4122701874.999997,-37.1276
4122702812.499997,-37.09336
4122703749.999997,-37.0896
4122704687.499997,-37.0611
4122705624.999997,-37.04733
4122706562.499997,-37.03154
4122707499.999997,-37.03189
4122708437.499997,-36.99524
4122709374.999997,-36.97897
4122710312.499997,-36.95705
4122711249.999997,-36.94291
4122712187.499997,-36.93755
4122713124.999997,-36.91312
4122714062.499997,-36.8933
4122714999.999997,-36.8892
4122715937.499997,-36.86701
4122716874.999997,-36.86625
4122717812.499997,-36.84961
4122718749.999997,-36.82461
4122719687.499997,-36.80498
4122720624.999997,-36.78785
4122721562.499997,-36.76944
4122722499.999997,-36.74636
4122723437.499997,-36.72287
4122724374.999997,-36.71602
4122725312.499997,-36.69329
4122726249.999997,-36.6685
4122727187.499997,-36.66525
4122728124.999997,-36.63391
4122729062.499997,-36.63012
4122729999.999997,-36.61745
4122730937.499997,-36.58796
4122731874.999997,-36.58052
4122732812.499997,-36.56256
4122733749.999997,-36.54468
4122734687.499997,-36.53076
4122735624.999997,-36.51128
4122736562.499997,-36.49205
4122737499.999997,-36.47827
4122738437.499997,-36.46468
4122739374.999997,-36.43179
4122740312.499997,-36.41951
4122741249.999997,-36.40158
4122742187.499997,-36.38558
4122743124.999997,-36.37267
4122744062.499997,-36.3489
4122744999.999997,-36.33526
4122745937.499997,-36.31957
4122746874.999997,-36.30199
4122747812.499997,-36.27672
4122748749.999997,-36.26925
4122749687.499997,-36.25036
4122750624.999997,-36.23151
4122751562.499997,-36.22451
4122752499.999997,-36.19225
4122753437.499997,-36.18813
4122754374.999997,-36.16218
4122755312.499997,-36.15456
4122756249.999997,-36.12552
4122757187.499997,-36.10638
4122758124.999997,-36.10248
4122759062.499997,-36.07436
4122759999.999997,-36.05587
4122760937.499997,-36.03054
4122761874.999997,-36.03152
4122762812.499997,-35.9947
4122763749.999997,-35.98198
4122764687.499997,-35.96532
4122765624.999997,-35.952
4122766562.499997,-35.93683
4122767499.999997,-35.92026
4122768437.499997,-35.8975
4122769374.999997,-35.87293
4122770312.499997,-35.86483
4122771249.999997,-35.84736
4122772187.499997,-35.83239
4122773124.999997,-35.81927
4122774062.499997,-35.80355
4122774999.999997,-35.78288
4122775937.499997,-35.76652
4122776874.999997,-35.74001
4122777812.499997,-35.72676
4122778749.999997,-35.6987
4122779687.499997,-35.68622
4122780624.999997,-35.67096
4122781562.499997,-35.65648
4122782499.999997,-35.63352
4122783437.499997,-35.61938
4122784374.999997,-35.60132
4122785312.499997,-35.57417
4122786249.999997,-35.54924
4122787187.499997,-35.53676
4122788124.999997,-35.52619
4122789062.499997,-35.50764
4122789999.999997,-35.49208
4122790937.499997,-35.47549
4122791874.999997,-35.46139
4122792812.499997,-35.44104
4122793749.999997,-35.41608
4122794687.499997,-35.39734
4122795624.999997,-35.38062
4122796562.499997,-35.3688
4122797499.999997,-35.35251
4122798437.499997,-35.3356
4122799374.999997,-35.31936
4122800312.499997,-35.28755
4122801249.999997,-35.27678
4122802187.499997,-35.25095
4122803124.999997,-35.2408
4122804062.499997,-35.21924
4122804999.999997,-35.21279
4122805937.499997,-35.19114
4122806874.999997,-35.16047
4122807812.499997,-35.16322
4122808749.999997,-35.13445
4122809687.499997,-35.10406
4122810624.999997,-35.09373
4122811562.499997,-35.07756
4122812499.999997,-35.05852
4122813437.499997,-35.03294
4122814374.999997,-35.01942
4122815312.499997,-35.00338
4122816249.999997,-34.99959
4122817187.499997,-34.98478
4122818124.999997,-34.95351
4122819062.499997,-34.93264
4122819999.999997,-34.92012
4122820937.499997,-34.90625
4122821874.999997,-34.88905
4122822812.499997,-34.87092
4122823749.999997,-34.84781
4122824687.499997,-34.84119
4122825624.999997,-34.81615
4122826562.499997,-34.79275
4122827499.999997,-34.77738
4122828437.499997,-34.76289
4122829374.999997,-34.73442
4122830312.499997,-34.72908
4122831249.999997,-34.71045
4122832187.499997,-34.69551
4122833124.999997,-34.66478
4122834062.499997,-34.65299
4122834999.999997,-34.64149
4122835937.499997,-34.60745
4122836874.999997,-34.59887
4122837812.499997,-34.57282
4122838749.999997,-34.55048
4122839687.499997,-34.53968
4122840624.999997,-34.52664
4122841562.499997,-34.51411
4122842499.999997,-34.4903
4122843437.499997,-34.47711
4122844374.999997,-34.45866
4122845312.499997,-34.44228
4122846249.999997,-34.422
4122847187.499997,-34.41117
4122848124.999997,-34.39748
4122849062.499997,-34.36774
4122849999.999997,-34.34484
4122850937.499997,-34.33608
4122851874.999997,-34.3179
4122852812.499997,-34.30009
4122853749.999997,-34.28088
4122854687.499997,-34.26808
4122855624.999997,-34.24436
4122856562.499997,-34.23169
4122857499.999997,-34.21344
4122858437.499997,-34.19198
4122859374.999997,-34.18484
4122860312.499997,-34.17478
4122861249.999997,-34.14626
4122862187.499997,-34.12456
4122863124.999997,-34.11484
4122864062.499997,-34.09126
4122864999.999997,-34.07876
4122865937.499997,-34.0638
4122866874.999997,-34.04168
4122867812.499997,-34.01766
4122868749.999997,-34.01068
4122869687.499997,-33.99088
4122870624.999997,-33.96678
4122871562.499997,-33.95493
4122872499.999997,-33.93959
4122873437.499997,-33.92214
4122874374.999997,-33.90976
4122875312.499997,-33.88874
4122876249.999997,-33.87755
4122877187.499997,-33.86309
4122878124.999997,-33.82763
4122879062.499997,-33.82244
4122879999.999997,-33.80097
4122880937.499997,-33.78945
4122881874.999997,-33.77219
4122882812.499997,-33.7492
4122883749.999997,-33.72854
4122884687.499997,-33.73013
4122885624.999997,-33.70163
4122886562.499997,-33.6833
4122887499.999997,-33.67302
4122888437.499997,-33.66524
4122889374.999997,-33.64531
4122890312.499997,-33.62632
4122891249.999997,-33.60651
4122892187.499997,-33.58835
4122893124.999997,-33.57832
4122894062.499997,-33.55911
4122894999.999997,-33.54705
4122895937.499997,-33.5273
4122896874.999997,-33.51183
4122897812.499997,-33.49412
4122898749.999997,-33.4784
4122899687.499997,-33.46628
4122900624.999997,-33.44938
4122901562.499997,-33.44614
4122902499.999997,-33.42065
4122903437.499997,-33.4011
4122904374.999997,-33.39454
4122905312.499997,-33.36789
4122906249.999997,-33.35823
4122907187.499997,-33.3497
4122908124.999997,-33.32648
4122909062.499997,-33.3155
4122909999.999997,-33.29787
4122910937.499997,-33.27464
4122911874.999997,-33.26957
4122912812.499997,-33.24722
4122913749.999997,-33.23041
4122914687.499997,-33.21685
4122915624.999997,-33.20539
4122916562.499997,-33.18785
4122917499.999997,-33.17069
4122918437.499997,-33.16265
4122919374.999997,-33.15284
4122920312.499997,-33.13116
4122921249.999997,-33.11544
4122922187.499997,-33.1014
4122923124.999997,-33.08278
4122924062.499997,-33.07949
4122924999.999997,-33.06161
4122925937.499997,-33.0471
4122926874.999997,-33.03252
4122927812.499997,-33.02435
4122928749.999997,-33.0004
4122929687.499997,-32.99208
4122930624.999997,-32.97699
4122931562.499997,-32.96202
4122932499.999997,-32.951
4122933437.499997,-32.9431
4122934374.999997,-32.92322
4122935312.499997,-32.91227
4122936249.999997,-32.89021
4122937187.499997,-32.87881
4122938124.999997,-32.86414
4122939062.499997,-32.86047
4122939999.999997,-32.84243
4122940937.499997,-32.82879
4122941874.999997,-32.82574
4122942812.499997,-32.80381
4122943749.999997,-32.79179
4122944687.499997,-32.78716
4122945624.999997,-32.76706
4122946562.499997,-32.7573
4122947499.999997,-32.745
4122948437.499997,-32.73425
4122949374.999997,-32.72145
4122950312.499997,-32.7149
4122951249.999997,-32.70152
4122952187.499997,-32.68499
4122953124.999997,-32.68169
4122954062.499997,-32.66188
4122954999.999997,-32.65231
4122955937.499997,-32.63745
4122956874.999997,-32.62922
4122957812.499997,-32.62181
4122958749.999997,-32.60431
4122959687.499997,-32.59452
4122960624.999997,-32.58129
4122961562.499997,-32.58315
4122962499.999997,-32.56604
4122963437.499997,-32.55818
4122964374.999997,-32.54011
4122965312.499997,-32.53733
4122966249.999997,-32.52538
4122967187.499997,-32.51399
4122968124.999997,-32.5008
4122969062.499997,-32.49223
4122969999.999997,-32.49022
4122970937.499997,-32.47701
4122971874.999997,-32.46384
4122972812.499997,-32.46174
4122973749.999997,-32.44936
4122974687.499997,-32.44214
4122975624.999997,-32.42672
4122976562.499997,-32.42653
4122977499.999997,-32.41338
4122978437.499997,-32.40142
4122979374.999997,-32.39302
4122980312.499997,-32.3862
4122981249.999997,-32.37123
4122982187.499997,-32.36453
4122983124.999997,-32.35286
4122984062.499997,-32.34636
4122984999.999997,-32.33715
4122985937.499997,-32.33424
4122986874.999997,-32.32943
4122987812.499997,-32.32053
4122988749.999997,-32.30953
4122989687.499997,-32.30489
4122990624.999997,-32.30093
4122991562.499997,-32.2918
4122992499.999997,-32.29105
4122993437.499997,-32.27919
4122994374.999997,-32.28382
4122995312.499997,-32.27243
4122996249.999997,-32.25953
4122997187.499997,-32.26162
4122998124.999997,-32.24472
4122999062.499997,-32.23857
4122999999.999997,-32.23657
4123000937.499997,-32.23051
4123001874.999997,-32.23289
4123002812.499997,-32.22551
4123003749.999997,-32.21529
4123004687.499997,-32.20888
4123005624.999997,-32.20382
4123006562.499997,-32.21489
4123007499.999997,-32.19763
4123008437.499997,-32.19708
4123009374.999997,-32.19004
4123010312.499997,-32.18409
4123011249.999997,-32.18407
4123012187.499997,-32.17733
4123013124.999997,-32.17045
4123014062.499997,-32.17019
4123014999.999997,-32.16745
4123015937.499997,-32.16159
4123016874.999997,-32.16069
4123017812.499997,-32.15329
4123018749.999997,-32.14946
4123019687.499997,-32.1529
4123020624.999997,-32.1475
4123021562.499997,-32.14636
4123022499.999997,-32.14132
4123023437.499997,-32.14054
4123024374.999997,-32.1425
4123025312.499997,-32.13925
4123026249.999997,-32.13906
4123027187.499997,-32.12999
4123028124.999997,-32.12953
4123029062.499997,-32.13803
4123029999.999997,-32.12984
4123030937.499997,-32.13317
4123031874.999997,-32.12558
4123032812.499997,-32.13251
4123033749.999997,-32.13269
4123034687.499997,-32.12265
4123035624.999997,-32.12696
4123036562.499997,-32.13537
4123037499.999997,-32.12785
4123038437.499997,-32.13299
4123039374.999997,-32.12931
4123040312.499997,-32.13816
4123041249.999997,-32.13595
4123042187.499997,-32.12886
4123043124.999997,-32.13511
4123044062.499997,-32.1273
4123044999.999997,-32.13535
4123045937.499997,-32.13353
4123046874.999997,-32.13098
4123047812.499997,-32.13828
4123048749.999997,-32.13919
4123049687.499997,-32.14232
4123050624.999997,-32.14878
4123051562.499997,-32.14677
4123052499.999997,-32.15493
4123053437.499997,-32.14822
4123054374.999997,-32.15836
4123055312.499997,-32.16241
4123056249.999997,-32.15378
4123057187.499997,-32.15993
4123058124.999997,-32.16223
4123059062.499997,-32.1707
4123059999.999997,-32.16835
4123060937.499997,-32.16901
4123061874.999997,-32.18308
4123062812.499997,-32.18554
4123063749.999997,-32.19254
4123064687.499997,-32.19208
4123065624.999997,-32.1948
4123066562.499997,-32.20223
4123067499.999997,-32.19756
4123068437.499997,-32.21313
4123069374.999997,-32.21696
4123070312.499997,-32.22231
4123071249.999997,-32.23399
4123072187.499997,-32.22968
4123073124.999997,-32.22791
4123074062.499997,-32.24693
4123074999.999997,-32.25346
4123075937.499997,-32.25548
4123076874.999997,-32.25444
4123077812.499997,-32.26148
4123078749.999997,-32.26878
4123079687.499997,-32.27769
4123080624.999997,-32.28399
4123081562.499997,-32.28569
4123082499.999997,-32.29879
4123083437.499997,-32.31527
4123084374.999997,-32.30448
4123085312.499997,-32.31479
4123086249.999997,-32.32276
4123087187.499997,-32.33646
4123088124.999997,-32.34682
4123089062.499997,-32.35821
4123089999.999997,-32.35517
4123090937.499997,-32.36862
4123091874.999997,-32.37668
4123092812.499997,-32.38258
4123093749.999997,-32.39382
4123094687.499997,-32.40314
4123095624.999997,-32.4015
4123096562.499997,-32.42099
4123097499.999997,-32.42224
4123098437.499997,-32.43446
4123099374.999997,-32.43961
4123100312.499997,-32.45399
4123101249.999997,-32.46662
4123102187.499997,-32.47232
4123103124.999997,-32.48534
4123104062.499997,-32.49153
4123104999.999997,-32.49876
4123105937.499997,-32.5109
4123106874.999997,-32.51752
4123107812.499997,-32.52814
4123108749.999997,-32.53816
4123109687.499997,-32.54506
4123110624.999997,-32.55688
4123111562.499997,-32.5732
4123112499.999997,-32.57873
4123113437.499997,-32.59104
4123114374.999997,-32.60659
4123115312.499997,-32.61737
4123116249.999997,-32.62532
4123117187.499997,-32.63394
4123118124.999997,-32.64267
4123119062.499997,-32.65742
4123119999.999997,-32.67088
4123120937.499997,-32.68221
4123121874.999997,-32.69384
4123122812.499997,-32.70451
4123123749.999997,-32.71822
4123124687.499997,-32.73349
4123125624.999997,-32.74224
4123126562.499997,-32.7556
4123127499.999997,-32.76941
4123128437.499997,-32.77235
4123129374.999997,-32.77903
4123130312.499997,-32.79485
4123131249.999997,-32.81123
4123132187.499997,-32.82726
4123133124.999997,-32.83335
4123134062.499997,-32.85264
4123134999.999997,-32.86696
4123135937.499997,-32.88585
4123136874.999997,-32.89385
4123137812.499997,-32.89891
4123138749.999997,-32.91626
4123139687.499997,-32.94122
4123140624.999997,-32.95052
4123141562.499997,-32.95419
4123142499.999997,-32.97588
4123143437.499997,-32.98537
4123144374.999997,-32.99897
4123145312.499997,-33.01176
4123146249.999997,-33.02548
4123147187.499997,-33.03363
4123148124.999997,-33.05466
4123149062.499997,-33.07509
4123149999.999997,-33.08414
4123150937.499997,-33.09656
4123151874.999997,-33.10365
4123152812.499997,-33.12254
4123153749.999997,-33.13945
4123154687.499997,-33.15619
4123155624.999997,-33.17715
4123156562.499997,-33.18666
4123157499.999997,-33.1983
4123158437.499997,-33.21382
4123159374.999997,-33.23468
4123160312.499997,-33.24877
4123161249.999997,-33.26411
4123162187.499997,-33.27943
4123163124.999997,-33.28963
4123164062.499997,-33.29956
4123164999.999997,-33.3176
4123165937.499997,-33.33783
4123166874.999997,-33.34782
4123167812.499997,-33.3718
4123168749.999997,-33.38493
4123169687.499997,-33.39715
4123170624.999997,-33.40773
4123171562.499997,-33.42134
4123172499.999997,-33.44619
4123173437.499997,-33.45349
4123174374.999997,-33.46849
4123175312.499997,-33.48236
4123176249.999997,-33.50418
4123177187.499997,-33.5115
4123178124.999997,-33.53192
4123179062.499997,-33.54863
4123179999.999997,-33.57439
4123180937.499997,-33.58657
4123181874.999997,-33.60389
4123182812.499997,-33.61282
4123183749.999997,-33.63139
4123184687.499997,-33.64269
4123185624.999997,-33.66033
4123186562.499997,-33.68068
4123187499.999997,-33.69903
4123188437.499997,-33.71062
4123189374.999997,-33.73193
4123190312.499997,-33.74287
4123191249.999997,-33.77094
4123192187.499997,-33.77612
4123193124.999997,-33.79903
4123194062.499997,-33.81821
4123194999.999997,-33.82704
4123195937.499997,-33.83867
4123196874.999997,-33.86856
4123197812.499997,-33.88526
4123198749.999997,-33.90148
4123199687.499997,-33.91984
4123200624.999997,-33.9338
4123201562.499997,-33.93866
4123202499.999997,-33.96774
4123203437.499997,-33.97302
4123204374.999997,-34.00237
4123205312.499997,-34.0142
4123206249.999997,-34.04466
4123207187.499997,-34.04814
4123208124.999997,-34.06715
4123209062.499997,-34.08233
4123209999.999997,-34.1028
4123210937.499997,-34.11903
4123211874.999997,-34.13153
4123212812.499997,-34.15578
4123213749.999997,-34.17224
4123214687.499997,-34.18773
4123215624.999997,-34.20372
4123216562.499997,-34.22257
4123217499.999997,-34.23485
4123218437.499997,-34.25204
4123219374.999997,-34.2736
4123220312.499997,-34.28236
4123221249.999997,-34.31205
4123222187.499997,-34.3263
4123223124.999997,-34.34895
4123224062.499997,-34.35249
4123224999.999997,-34.37701
4123225937.499997,-34.39185
4123226874.999997,-34.40078
4123227812.499997,-34.42295
4123228749.999997,-34.44262
4123229687.499997,-34.45679
4123230624.999997,-34.4781
4123231562.499997,-34.48846
4123232499.999997,-34.52283
4123233437.499997,-34.53059
4123234374.999997,-34.5635
4123235312.499997,-34.57264
4123236249.999997,-34.57679
4123237187.499997,-34.60718
4123238124.999997,-34.62026
4123239062.499997,-34.64938
4123239999.999997,-34.66418
4123240937.499997,-34.67304
4123241874.999997,-34.70167
4123242812.499997,-34.72393
4123243749.999997,-34.7218
4123244687.499997,-34.74997
4123245624.999997,-34.76627
4123246562.499997,-34.77649
4123247499.999997,-34.79826
4123248437.499997,-34.81615
4123249374.999997,-34.84055
4123250312.499997,-34.85627
4123251249.999997,-34.87411
4123252187.499997,-34.89193
4123253124.999997,-34.92029
4123254062.499997,-34.93628
4123254999.999997,-34.94358
4123255937.499997,-34.96469
4123256874.999997,-34.98111
4123257812.499997,-34.98838
4123258749.999997,-35.01234
4123259687.499997,-35.03187
4123260624.999997,-35.04356
4123261562.499997,-35.06854
4123262499.999997,-35.07617
4123263437.499997,-35.1052
4123264374.999997,-35.12474
4123265312.499997,-35.12794
4123266249.999997,-35.15469
4123267187.499997,-35.17148
4123268124.999997,-35.1953
4123269062.499997,-35.21369
4123269999.999997,-35.22458
4123270937.499997,-35.2375
4123271874.999997,-35.26104
4123272812.499997,-35.27204
4123273749.999997,-35.29853
4123274687.499997,-35.31411
4123275624.999997,-35.33997
4123276562.499997,-35.34998
4123277499.999997,-35.36969
4123278437.499997,-35.37808
4123279374.999997,-35.40931
4123280312.499997,-35.42607
4123281249.999997,-35.44267
4123282187.499997,-35.46577
4123283124.999997,-35.48228
4123284062.499997,-35.48535
4123284999.999997,-35.52162
4123285937.499997,-35.53658
4123286874.999997,-35.55731
4123287812.499997,-35.5748
4123288749.999997,-35.5808
4123289687.499997,-35.60319
4123290624.999997,-35.62561
4123291562.499997,-35.6342
4123292499.999997,-35.66533
4123293437.499997,-35.67646
4123294374.999997,-35.6946
4123295312.499997,-35.70473
4123296249.999997,-35.72068
4123297187.499997,-35.73833
4123298124.999997,-35.76269
4123299062.499997,-35.7832
4123299999.999997,-35.79721
4123300937.499997,-35.80445
4123301874.999997,-35.8331
4123302812.499997,-35.84393
4123303749.999997,-35.86913
4123304687.499997,-35.87884
4123305624.999997,-35.89871
4123306562.499997,-35.90643
4123307499.999997,-35.93671
4123308437.499997,-35.95767
4123309374.999997,-35.96138
4123310312.499997,-35.99081
4123311249.999997,-36.0009
4123312187.499997,-36.02045
4123313124.999997,-36.04729
4123314062.499997,-36.05251
4123314999.999997,-36.08173
4123315937.499997,-36.09749
4123316874.999997,-36.10085
4123317812.499997,-36.12043
4123318749.999997,-36.15147
4123319687.499997,-36.15766
4123320624.999997,-36.17917
4123321562.499997,-36.19775
4123322499.999997,-36.22938
4123323437.499997,-36.23197
4123324374.999997,-36.23922
4123325312.499997,-36.26809
4123326249.999997,-36.28591
4123327187.499997,-36.3059
4123328124.999997,-36.32554
4123329062.499997,-36.32938
4123329999.999997,-36.34484
4123330937.499997,-36.38075
4123331874.999997,-36.38853
4123332812.499997,-36.40471
4123333749.999997,-36.42661
4123334687.499997,-36.43008
4123335624.999997,-36.4473
4123336562.499997,-36.47636
4123337499.999997,-36.49323
4123338437.499997,-36.50844
4123339374.999997,-36.53419
4123340312.499997,-36.53841
4123341249.999997,-36.55128
4123342187.499997,-36.57925
4123343124.999997,-36.59468
4123344062.499997,-36.61541
4123344999.999997,-36.62627
4123345937.499997,-36.64006
4123346874.999997,-36.6639
4123347812.499997,-36.68069
4123348749.999997,-36.69666
4123349687.499997,-36.71415
4123350624.999997,-36.72276
4123351562.499997,-36.74728
4123352499.999997,-36.75471
4123353437.499997,-36.78513
4123354374.999997,-36.79343
4123355312.499997,-36.80964
4123356249.999997,-36.82027
4123357187.499997,-36.84481
4123358124.999997,-36.86732
4123359062.499997,-36.873
4123359999.999997,-36.90004
4123360937.499997,-36.91768
4123361874.999997,-36.92529
4123362812.499997,-36.94901
4123363749.999997,-36.95929
4123364687.499997,-36.98597
4123365624.999997,-36.9978
4123366562.499997,-37.01408
4123367499.999997,-37.02718
4123368437.499997,-37.05589
4123369374.999997,-37.06733
4123370312.499997,-37.07425
4123371249.999997,-37.09882
4123372187.499997,-37.1188
4123373124.999997,-37.1377
4123374062.499997,-37.15603
4123374999.999997,-37.14243
4123375937.499997,-37.19128
4123376874.999997,-37.19587
4123377812.499997,-37.20944
4123378749.999997,-37.2207
4123379687.499997,-37.24476
4123380624.999997,-37.27004
4123381562.499997,-37.28807
4123382499.999997,-37.29527
4123383437.499997,-37.31131
4123384374.999997,-37.34155
4123385312.499997,-37.33878
4123386249.999997,-37.36726
4123387187.499997,-37.37704
4123388124.999997,-37.39451
4123389062.499997,-37.41566
4123389999.999997,-37.42958
4123390937.499997,-37.44944
4123391874.999997,-37.46148
4123392812.499997,-37.47607
4123393749.999997,-37.50001
4123394687.499997,-37.51769
4123395624.999997,-37.52775
4123396562.499997,-37.54035
4123397499.999997,-37.55416
4123398437.499997,-37.56885
4123399374.999997,-37.58356
4123400312.499997,-37.59865
4123401249.999997,-37.61695
4123402187.499997,-37.63035
4123403124.999997,-37.65133
4123404062.499997,-37.66711
4123404999.999997,-37.67543
4123405937.499997,-37.70031
4123406874.999997,-37.71456
4123407812.499997,-37.72563
4123408749.999997,-37.75316
4123409687.499997,-37.7504
4123410624.999997,-37.77943
4123411562.499997,-37.80712
4123412499.999997,-37.80865
4123413437.499997,-37.83029
4123414374.999997,-37.83857
4123415312.499997,-37.84704
4123416249.999997,-37.86597
4123417187.499997,-37.88275
4123418124.999997,-37.897
4123419062.499997,-37.91684
4123419999.999997,-37.93705
4123420937.499997,-37.95028
4123421874.999997,-37.96594
4123422812.499997,-37.98568
4123423749.999997,-38.00146
4123424687.499997,-38.01807
4123425624.999997,-38.03262
4123426562.499997,-38.05799
4123427499.999997,-38.06854
4123428437.499997,-38.07002
4123429374.999997,-38.08674
4123430312.499997,-38.10524
4123431249.999997,-38.13141
4123432187.499997,-38.14843
4123433124.999997,-38.15877
4123434062.499997,-38.1638
4123434999.999997,-38.18594
4123435937.499997,-38.20079
4123436874.999997,-38.20662
4123437812.499997,-38.22911
4123438749.999997,-38.23911
4123439687.499997,-38.27327
4123440624.999997,-38.2643
4123441562.499997,-38.30253
4123442499.999997,-38.31566
4123443437.499997,-38.31244
4123444374.999997,-38.33724
4123445312.499997,-38.36973
4123446249.999997,-38.3822
4123447187.499997,-38.38905
4123448124.999997,-38.39474
4123449062.499997,-38.41017
4123449999.999997,-38.41484
4123450937.499997,-38.43156
4123451874.999997,-38.46539
4123452812.499997,-38.46065
4123453749.999997,-38.48243
4123454687.499997,-38.50779
4123455624.999997,-38.50677
4123456562.499997,-38.53675
4123457499.999997,-38.54733
4123458437.499997,-38.54906
4123459374.999997,-38.58315
4123460312.499997,-38.58566
4123461249.999997,-38.60373
4123462187.499997,-38.62357
4123463124.999997,-38.63853
4123464062.499997,-38.65716
4123464999.999997,-38.67547
4123465937.499997,-38.67343
4123466874.999997,-38.6883
4123467812.499997,-38.70876
4123468749.999997,-38.73207
4123469687.499997,-38.74406
4123470624.999997,-38.74124
4123471562.499997,-38.75388
4123472499.999997,-38.78506
4123473437.499997,-38.80057
4123474374.999997,-38.81244
4123475312.499997,-38.82187
4123476249.999997,-38.83009
4123477187.499997,-38.86066
4123478124.999997,-38.86098
4123479062.499997,-38.89374
4123479999.999997,-38.91022
4123480937.499997,-38.91385
4123481874.999997,-38.93221
4123482812.499997,-38.93935
4123483749.999997,-38.9433
4123484687.499997,-38.96085
4123485624.999997,-38.98266
4123486562.499997,-38.98554
4123487499.999997,-39.00581
4123488437.499997,-39.02665
4123489374.999997,-39.04433
4123490312.499997,-39.04591
4123491249.999997,-39.07489
4123492187.499997,-39.08246
4123493124.999997,-39.1162
4123494062.499997,-39.10584
4123494999.999997,-39.12909
4123495937.499997,-39.13488
4123496874.999997,-39.15917
4123497812.499997,-39.15765
4123498749.999997,-39.18804
4123499687.499997,-39.19389
4123500624.999997,-39.20997
4123501562.499997,-39.20949
4123502499.999997,-39.23723
4123503437.499997,-39.25186
4123504374.999997,-39.26733
4123505312.499997,-39.28403
4123506249.999997,-39.30433
4123507187.499997,-39.31487
4123508124.999997,-39.31877
4123509062.499997,-39.33665
4123509999.999997,-39.3444
4123510937.499997,-39.37609
4123511874.999997,-39.39109
4123512812.499997,-39.40042
4123513749.999997,-39.41056
4123514687.499997,-39.42292
4123515624.999997,-39.43233
4123516562.499997,-39.45083
4123517499.999997,-39.45768
4123518437.499997,-39.48338
4123519374.999997,-39.48506
4123520312.499997,-39.50748
4123521249.999997,-39.5167
4123522187.499997,-39.53139
4123523124.999997,-39.54431
4123524062.499997,-39.5712
4123524999.999997,-39.58054
4123525937.499997,-39.59186
4123526874.999997,-39.61729
4123527812.499997,-39.63039
4123528749.999997,-39.6187
4123529687.499997,-39.62804
4123530624.999997,-39.66736
4123531562.499997,-39.66055
4123532499.999997,-39.66331
4123533437.499997,-39.69759
4123534374.999997,-39.71441
4123535312.499997,-39.72519
4123536249.999997,-39.72422
4123537187.499997,-39.75731
4123538124.999997,-39.76288
4123539062.499997,-39.78402
4123539999.999997,-39.79454
4123540937.499997,-39.81326
4123541874.999997,-39.82222
4123542812.499997,-39.84102
4123543749.999997,-39.82254
4123544687.499997,-39.86659
4123545624.999997,-39.86349
4123546562.499997,-39.88225
4123547499.999997,-39.89148
4123548437.499997,-39.91295
4123549374.999997,-39.93033
4123550312.499997,-39.94253
4123551249.999997,-39.96035
4123552187.499997,-39.97337
4123553124.999997,-39.98391
4123554062.499997,-40.00901
4123554999.999997,-39.99378
4123555937.499997,-40.01286
4123556874.999997,-40.03328
4123557812.499997,-40.03731
4123558749.999997,-40.04111
4123559687.499997,-40.06651
4123560624.999997,-40.09224
4123561562.499997,-40.07761
4123562499.999997,-40.11411
4123563437.499997,-40.11486
4123564374.999997,-40.11786
4123565312.499997,-40.14465
4123566249.999997,-40.17179
4123567187.499997,-40.15894
4123568124.999997,-40.18697
4123569062.499997,-40.20045
4123569999.999997,-40.21556
4123570937.499997,-40.22573
4123571874.999997,-40.24081
4123572812.499997,-40.24172
4123573749.999997,-40.26166
4123574687.499997,-40.28506
4123575624.999997,-40.2958
4123576562.499997,-40.28945
4123577499.999997,-40.29888
4123578437.499997,-40.3362
4123579374.999997,-40.33673
4123580312.499997,-40.3529
4123581249.999997,-40.35541
4123582187.499997,-40.38937
4123583124.999997,-40.39149
4123584062.499997,-40.41604
4123584999.999997,-40.39599
4123585937.499997,-40.42668
4123586874.999997,-40.43499
4123587812.499997,-40.43906
4123588749.999997,-40.4501
4123589687.499997,-40.4799
4123590624.999997,-40.48828
4123591562.499997,-40.48795
4123592499.999997,-40.51957
4123593437.499997,-40.5285
4123594374.999997,-40.52984
4123595312.499997,-40.53606
4123596249.999997,-40.56748
4123597187.499997,-40.60541
4123598124.999997,-40.57887
4123599062.499997,-40.58978
4123599999.999997,-40.62009
4123600937.499997,-40.64848
4123601874.999997,-40.62417
4123602812.499997,-40.67086
4123603749.999997,-40.67992
4123604687.499997,-40.6782
4123605624.999997,-40.70491
4123606562.499997,-40.68932
4123607499.999997,-40.6918
4123608437.499997,-40.71824
4123609374.999997,-40.73362
4123610312.499997,-40.76238
4123611249.999997,-40.75798
4123612187.499997,-40.77929
4123613124.999997,-40.79366
4123614062.499997,-40.78981
4123614999.999997,-40.81918
4123615937.499997,-40.82235
4123616874.999997,-40.8326
4123617812.499997,-40.85233
4123618749.999997,-40.84926
4123619687.499997,-40.88092
4123620624.999997,-40.87653
4123621562.499997,-40.8805
4123622499.999997,-40.89169
4123623437.499997,-40.92176
4123624374.999997,-40.93727
4123625312.499997,-40.95622
4123626249.999997,-40.96037
4123627187.499997,-40.94156
4123628124.999997,-40.97967
4123629062.499997,-40.9932
4123629999.999997,-41.00145
4123630937.499997,-41.01538
4123631874.999997,-41.04717
4123632812.499997,-41.02993
4123633749.999997,-41.0619
4123634687.499997,-41.06116
4123635624.999997,-41.07491
4123636562.499997,-41.07744
4123637499.999997,-41.08027
4123638437.499997,-41.1152
4123639374.999997,-41.1219
4123640312.499997,-41.10646
4123641249.999997,-41.1515
4123642187.499997,-41.14772
4123643124.999997,-41.15895
4123644062.499997,-41.17815
4123644999.999997,-41.18346
4123645937.499997,-41.20157
4123646874.999997,-41.21603
4123647812.499997,-41.24767
4123648749.999997,-41.23233
4123649687.499997,-41.2652
4123650624.999997,-41.25094
4123651562.499997,-41.28365
4123652499.999997,-41.29648
4123653437.499997,-41.32075
4123654374.999997,-41.29781
4123655312.499997,-41.32137
4123656249.999997,-41.33076
4123657187.499997,-41.3451
4123658124.999997,-41.35027
4123659062.499997,-41.37539
4123659999.999997,-41.38915
4123660937.499997,-41.39295
4123661874.999997,-41.3953
4123662812.499997,-41.40384
4123663749.999997,-41.42643
4123664687.499997,-41.43691
4123665624.999997,-41.45926
4123666562.499997,-41.44172
4123667499.999997,-41.47142
4123668437.499997,-41.48639
4123669374.999997,-41.49947
4123670312.499997,-41.49
4123671249.999997,-41.50465
4123672187.499997,-41.52686
4123673124.999997,-41.51865
4123674062.499997,-41.53166
4123674999.999997,-41.57063
4123675937.499997,-41.57514
4123676874.999997,-41.57682
4123677812.499997,-41.58727
4123678749.999997,-41.59726
4123679687.499997,-41.61938
4123680624.999997,-41.63206
4123681562.499997,-41.64077
4123682499.999997,-41.6413
4123683437.499997,-41.66003
4123684374.999997,-41.66788
4123685312.499997,-41.67672
4123686249.999997,-41.68689
4123687187.499997,-41.68841
4123688124.999997,-41.71284
4123689062.499997,-41.74242
4123689999.999997,-41.7479
4123690937.499997,-41.74324
4123691874.999997,-41.74806
4123692812.499997,-41.7663
4123693749.999997,-41.7718
4123694687.499997,-41.77219
4123695624.999997,-41.80673
4123696562.499997,-41.82256
4123697499.999997,-41.81083
4123698437.499997,-41.84348
4123699374.999997,-41.84003
4123700312.499997,-41.8616
4123701249.999997,-41.87763
4123702187.499997,-41.86768
4123703124.999997,-41.88504
4123704062.499997,-41.89924
4123704999.999997,-41.91234
4123705937.499997,-41.94067
4123706874.999997,-41.93123
4123707812.499997,-41.94905
4123708749.999997,-41.9546
4123709687.499997,-41.98671
4123710624.999997,-41.97376
4123711562.499997,-42.00158
4123712499.999997,-41.99022
4123713437.499997,-41.98449
4123714374.999997,-42.02196
4123715312.499997,-42.04258
4123716249.999997,-42.02967
4123717187.499997,-42.02607
4123718124.999997,-42.03948
4123719062.499997,-42.04969
4123719999.999997,-42.07862
4123720937.499997,-42.10293
4123721874.999997,-42.08912
4123722812.499997,-42.12729
4123723749.999997,-42.13074
4123724687.499997,-42.14325
4123725624.999997,-42.13984
4123726562.499997,-42.17163
4123727499.999997,-42.14867
4123728437.499997,-42.20303
4123729374.999997,-42.19662
4123730312.499997,-42.2126
4123731249.999997,-42.19925
4123732187.499997,-42.22533
4123733124.999997,-42.23837
4123734062.499997,-42.23848
4123734999.999997,-42.26224
4123735937.499997,-42.26554
4123736874.999997,-42.29617
4123737812.499997,-42.28939
4123738749.999997,-42.2818
4123739687.499997,-42.30905
4123740624.999997,-42.30997
4123741562.499997,-42.34588
4123742499.999997,-42.33731
4123743437.499997,-42.36119
4123744374.999997,-42.35851
4123745312.499997,-42.38447
4123746249.999997,-42.38866
4123747187.499997,-42.37898
4123748124.999997,-42.40091
4123749062.499997,-42.39444
4123749999.999997,-42.41648
4123750937.499997,-42.45382
4123751874.999997,-42.46259
4123752812.499997,-42.45013
4123753749.999997,-42.45829
4123754687.499997,-42.46019
4123755624.999997,-42.48036
4123756562.499997,-42.50086
4123757499.999997,-42.51913
4123758437.499997,-42.50268
4123759374.999997,-42.52841
4123760312.499997,-42.52328
4123761249.999997,-42.54047
4123762187.499997,-42.559
4123763124.999997,-42.55904
4123764062.499997,-42.58235
4123764999.999997,-42.59271
4123765937.499997,-42.57911
4123766874.999997,-42.61041
4123767812.499997,-42.60759
4123768749.999997,-42.62692
4123769687.499997,-42.62427
4123770624.999997,-42.64112
4123771562.499997,-42.65405
4123772499.999997,-42.66148
4123773437.499997,-42.65773
4123774374.999997,-42.68544
4123775312.499997,-42.6861
4123776249.999997,-42.69762
4123777187.499997,-42.69643
4123778124.999997,-42.7504
4123779062.499997,-42.74068
4123779999.999997,-42.74272
4123780937.499997,-42.75885
4123781874.999997,-42.75983
4123782812.499997,-42.76979
4123783749.999997,-42.77629
4123784687.499997,-42.7898
4123785624.999997,-42.82869
4123786562.499997,-42.80942
4123787499.999997,-42.82614
4123788437.499997,-42.84166
4123789374.999997,-42.84793
4123790312.499997,-42.85625
4123791249.999997,-42.86515
4123792187.499997,-42.85495
4123793124.999997,-42.90044
4123794062.499997,-42.90159
4123794999.999997,-42.89054
4123795937.499997,-42.91225
4123796874.999997,-42.89421
4123797812.499997,-42.9278
4123798749.999997,-42.93577
4123799687.499997,-42.93962
4123800624.999997,-42.95641
4123801562.499997,-42.98789
4123802499.999997,-42.98933
4123803437.499997,-42.96931
4123804374.999997,-43.01025
4123805312.499997,-43.01785
4123806249.999997,-43.01608
4123807187.499997,-43.02101
4123808124.999997,-43.01889
4123809062.499997,-43.05316
4123809999.999997,-43.0562
4123810937.499997,-43.06645
4123811874.999997,-43.07077
4123812812.499997,-43.08259
4123813749.999997,-43.08892
4123814687.499997,-43.08985
4123815624.999997,-43.11689
4123816562.499997,-43.12798
4123817499.999997,-43.13571
4123818437.499997,-43.13342
4123819374.999997,-43.16954
4123820312.499997,-43.1677
4123821249.999997,-43.16669
4123822187.499997,-43.18031
4123823124.999997,-43.19474
4123824062.499997,-43.19452
4123824999.999997,-43.19173
4123825937.499997,-43.21417
4123826874.999997,-43.24792
4123827812.499997,-43.24165
4123828749.999997,-43.25042
4123829687.499997,-43.26462
4123830624.999997,-43.25684
4123831562.499997,-43.28537
4123832499.999997,-43.29094
4123833437.499997,-43.29198
4123834374.999997,-43.314
4123835312.499997,-43.31332
4123836249.999997,-43.3158
4123837187.499997,-43.32409
4123838124.999997,-43.34797
4123839062.499997,-43.35941
4123839999.999997,-43.35883
4123840937.499997,-43.37111
4123841874.999997,-43.386
4123842812.499997,-43.37773
4123843749.999997,-43.39322
4123844687.499997,-43.41201
4123845624.999997,-43.40839
4123846562.499997,-43.43188
4123847499.999997,-43.45399
4123848437.499997,-43.45673
4123849374.999997,-43.44465
4123850312.499997,-43.48394
4123851249.999997,-43.47944
4123852187.499997,-43.49787
4123853124.999997,-43.47337
4123854062.499997,-43.48841
4123854999.999997,-43.53986
4123855937.499997,-43.54149
4123856874.999997,-43.53904
4123857812.499997,-43.556
4123858749.999997,-43.55462
4123859687.499997,-43.60006
4123860624.999997,-43.55496
4123861562.499997,-43.57877
4123862499.999997,-43.60402
4123863437.499997,-43.59045
4123864374.999997,-43.62405
4123865312.499997,-43.63633
4123866249.999997,-43.62683
4123867187.499997,-43.63008
4123868124.999997,-43.64288
4123869062.499997,-43.6819
4123869999.999997,-43.69945
4123870937.499997,-43.6847
4123871874.999997,-43.68941
4123872812.499997,-43.65586
4123873749.999997,-43.72968
4123874687.499997,-43.71508
4123875624.999997,-43.72826
4123876562.499997,-43.73399
4123877499.999997,-43.75809
4123878437.499997,-43.72159
4123879374.999997,-43.74427
4123880312.499997,-43.76976
4123881249.999997,-43.74483
4123882187.499997,-43.77082
4123883124.999997,-43.78407
4123884062.499997,-43.80667
4123884999.999997,-43.77274
4123885937.499997,-43.80814
4123886874.999997,-43.84217
4123887812.499997,-43.84136
4123888749.999997,-43.84172
4123889687.499997,-43.86578
4123890624.999997,-43.8554
4123891562.499997,-43.856
4123892499.999997,-43.86122
4123893437.499997,-43.8652
4123894374.999997,-43.90273
4123895312.499997,-43.89908
4123896249.999997,-43.90549
4123897187.499997,-43.94967
4123898124.999997,-43.92855
4123899062.499997,-43.91324
4123899999.999997,-43.97149
4123900937.499997,-43.95538
4123901874.999997,-43.97369
4123902812.499997,-43.95407
4123903749.999997,-43.93241
4123904687.499997,-43.96198
4123905624.999997,-43.9998
4123906562.499997,-43.99966
4123907499.999997,-44.02926
4123908437.499997,-44.02248
4123909374.999997,-44.03907
4123910312.499997,-44.03222
4123911249.999997,-44.03065
4123912187.499997,-44.0513
4123913124.999997,-44.09221
4123914062.499997,-44.08258
4123914999.999997,-44.08172
4123915937.499997,-44.08801
4123916874.999997,-44.10239
4123917812.499997,-44.12009
4123918749.999997,-44.09966
4123919687.499997,-44.15699
4123920624.999997,-44.11309
4123921562.499997,-44.14353
4123922499.999997,-44.16217
4123923437.499997,-44.13434
4123924374.999997,-44.18493
4123925312.499997,-44.17425
4123926249.999997,-44.20622
4123927187.499997,-44.19466
4123928124.999997,-44.21204
4123929062.499997,-44.21978
4123929999.999997,-44.26051
4123930937.499997,-44.22307
4123931874.999997,-44.24198
4123932812.499997,-44.23573
4123933749.999997,-44.23614
4123934687.499997,-44.28469
4123935624.999997,-44.29567
4123936562.499997,-44.24918
4123937499.999997,-44.29493
4123938437.499997,-44.29644
4123939374.999997,-44.32883
4123940312.499997,-44.32682
4123941249.999997,-44.32275
4123942187.499997,-44.32006
4123943124.999997,-44.34094
4123944062.499997,-44.35521
4123944999.999997,-44.38641
4123945937.499997,-44.40075
4123946874.999997,-44.38398
4123947812.499997,-44.38583
4123948749.999997,-44.41223
4123949687.499997,-44.4077
4123950624.999997,-44.38942
4123951562.499997,-44.39545
4123952499.999997,-44.40129
4123953437.499997,-44.44746
4123954374.999997,-44.44968
4123955312.499997,-44.42105
4123956249.999997,-44.44522
4123957187.499997,-44.44787
4123958124.999997,-44.4589
4123959062.499997,-44.46791
4123959999.999997,-44.49026
4123960937.499997,-44.50894
4123961874.999997,-44.47342
4123962812.499997,-44.52858
4123963749.999997,-44.48644
4123964687.499997,-44.51916
4123965624.999997,-44.52699
4123966562.499997,-44.54105
4123967499.999997,-44.52692
4123968437.499997,-44.5702
4123969374.999997,-44.57278
4123970312.499997,-44.58908
4123971249.999997,-44.56208
4123972187.499997,-44.6348
4123973124.999997,-44.61562
4123974062.499997,-44.61636
4123974999.999997,-44.62763
4123975937.499997,-44.63251
4123976874.999997,-44.64347
4123977812.499997,-44.63714
4123978749.999997,-44.6673
4123979687.499997,-44.64131
4123980624.999997,-44.67149
4123981562.499997,-44.6785
4123982499.999997,-44.67146
4123983437.499997,-44.68554
4123984374.999997,-44.70612
4123985312.499997,-44.70149
4123986249.999997,-44.7106
4123987187.499997,-44.73518
4123988124.999997,-44.7695
4123989062.499997,-44.77512
4123989999.999997,-44.71977
4123990937.499997,-44.77622
4123991874.999997,-44.7865
4123992812.499997,-44.77407
4123993749.999997,-44.76294
4123994687.499997,-44.81167
4123995624.999997,-44.80905
4123996562.499997,-44.80653
4123997499.999997,-44.82259
4123998437.499997,-44.83226
4123999374.999997,-44.83659
4124000312.499997,-44.83938
4124001249.999997,-44.82769
4124002187.499997,-44.87126
4124003124.999997,-44.85215
4124004062.499997,-44.88857
4124004999.999997,-44.87162
4124005937.499997,-44.87584
4124006874.999997,-44.93558
4124007812.499997,-44.90846
4124008749.999997,-44.91333
4124009687.499997,-44.92304
4124010624.999997,-44.88822
4124011562.499997,-44.92872
4124012499.999997,-44.93138
4124013437.499997,-44.93765
4124014374.999997,-44.94967
4124015312.499997,-44.98332
4124016249.999997,-44.96037
4124017187.499997,-45.00482
4124018124.999997,-44.99089
4124019062.499997,-45.00563
4124019999.999997,-44.99711
4124020937.499997,-45.02088
4124021874.999997,-45.02742
4124022812.499997,-45.04258
4124023749.999997,-45.05344
4124024687.499997,-45.03441
4124025624.999997,-45.04981
4124026562.499997,-45.03896
4124027499.999997,-45.04868
4124028437.499997,-45.08282
4124029374.999997,-45.08284
4124030312.499997,-45.11678
4124031249.999997,-45.11259
4124032187.499997,-45.09967
4124033124.999997,-45.12229
4124034062.499997,-45.13288
4124034999.999997,-45.11291
4124035937.499997,-45.14419
4124036874.999997,-45.1578
4124037812.499997,-45.15511
4124038749.999997,-45.16468
4124039687.499997,-45.16759
4124040624.999997,-45.16609
4124041562.499997,-45.19533
4124042499.999997,-45.21887
4124043437.499997,-45.19878
4124044374.999997,-45.22874
4124045312.499997,-45.19575
4124046249.999997,-45.2151
4124047187.499997,-45.21906
4124048124.999997,-45.21865
4124049062.499997,-45.23814
4124049999.999997,-45.21885
4124050937.499997,-45.25731
4124051874.999997,-45.2772
4124052812.499997,-45.28814
4124053749.999997,-45.2809
4124054687.499997,-45.28679
4124055624.999997,-45.28036
4124056562.499997,-45.29324
4124057499.999997,-45.2883
4124058437.499997,-45.30401
4124059374.999997,-45.36108
4124060312.499997,-45.31429
4124061249.999997,-45.33582
4124062187.499997,-45.37306
4124063124.999997,-45.35018
4124064062.499997,-45.33756
4124064999.999997,-45.34639
4124065937.499997,-45.36516
4124066874.999997,-45.38032
4124067812.499997,-45.40294
4124068749.999997,-45.4216
4124069687.499997,-45.41683
4124070624.999997,-45.43187
4124071562.499997,-45.41785
4124072499.999997,-45.4208
4124073437.499997,-45.40988
4124074374.999997,-45.49117
4124075312.499997,-45.458
4124076249.999997,-45.47239
4124077187.499997,-45.44415
4124078124.999997,-45.46948
4124079062.499997,-45.48896
4124079999.999997,-45.49062
4124080937.499997,-45.48761
4124081874.999997,-45.49829
4124082812.499997,-45.54195
4124083749.999997,-45.56078
4124084687.499997,-45.51781
4124085624.999997,-45.52673
4124086562.499997,-45.5165
4124087499.999997,-45.55269
4124088437.499997,-45.55457
4124089374.999997,-45.61823
4124090312.499997,-45.53597
4124091249.999997,-45.64109
4124092187.499997,-45.59046
4124093124.999997,-45.58881
4124094062.499997,-45.59748
4124094999.999997,-45.5935
4124095937.499997,-45.62939
4124096874.999997,-45.63049
4124097812.499997,-45.62475
4124098749.999997,-45.65656
4124099687.499997,-45.68808
4124100624.999997,-45.65295
4124101562.499997,-45.63621
4124102499.999997,-45.66512
4124103437.499997,-45.68067
4124104374.999997,-45.67997
4124105312.499997,-45.70378
4124106249.999997,-45.70437
4124107187.499997,-45.69993
4124108124.999997,-45.69991
4124109062.499997,-45.7202
4124109999.999997,-45.69556
4124110937.499997,-45.75953
4124111874.999997,-45.73193
4124112812.499997,-45.76443
4124113749.999997,-45.74242
4124114687.499997,-45.76993
4124115624.999997,-45.76534
4124116562.499997,-45.79614
4124117499.999997,-45.76891
4124118437.499997,-45.78178
4124119374.999997,-45.75104
4124120312.499997,-45.83335
4124121249.999997,-45.8239
4124122187.499997,-45.81638
4124123124.999997,-45.81688
4124124062.499997,-45.85495
4124124999.999997,-45.81782
4124125937.499997,-45.84261
4124126874.999997,-45.88048
4124127812.499997,-45.89162
4124128749.999997,-45.85473
4124129687.499997,-45.87889
4124130624.999997,-45.88511
4124131562.499997,-45.88144
4124132499.999997,-45.87857
4124133437.499997,-45.92403
4124134374.999997,-45.94287
4124135312.499997,-45.92939
4124136249.999997,-45.92996
4124137187.499997,-45.97416
4124138124.999997,-45.92122
4124139062.499997,-45.94488
4124139999.999997,-45.9566
4124140937.499997,-45.97864
4124141874.999997,-45.97472
4124142812.499997,-45.96024
4124143749.999997,-45.94921
4124144687.499997,-45.96239
4124145624.999997,-45.98339
4124146562.499997,-45.97556
4124147499.999997,-46.05011
4124148437.499997,-46.02004
4124149374.999997,-46.03467
4124150312.499997,-46.02907
4124151249.999997,-46.03022
4124152187.499997,-46.03172
4124153124.999997,-46.04736
4124154062.499997,-46.03064
4124154999.999997,-46.1025
4124155937.499997,-46.06665
4124156874.999997,-46.03431
4124157812.499997,-46.08993
4124158749.999997,-46.11255
4124159687.499997,-46.12104
4124160624.999997,-46.12023
4124161562.499997,-46.12881
4124162499.999997,-46.11769
4124163437.499997,-46.12894
4124164374.999997,-46.1367
4124165312.499997,-46.14648
4124166249.999997,-46.19127
4124167187.499997,-46.15469
4124168124.999997,-46.14834
4124169062.499997,-46.18269
4124169999.999997,-46.18917
4124170937.499997,-46.19208
4124171874.999997,-46.19166
4124172812.499997,-46.20898
4124173749.999997,-46.23606
4124174687.499997,-46.22216
4124175624.999997,-46.21467
4124176562.499997,-46.22386
4124177499.999997,-46.25162
4124178437.499997,-46.22289
4124179374.999997,-46.22322
4124180312.499997,-46.3102
4124181249.999997,-46.25314
4124182187.499997,-46.23205
4124183124.999997,-46.28414
4124184062.499997,-46.24585
4124184999.999997,-46.25253
4124185937.499997,-46.28228
4124186874.999997,-46.26611
4124187812.499997,-46.32837
4124188749.999997,-46.32797
4124189687.499997,-46.32001
4124190624.999997,-46.32811
4124191562.499997,-46.32861
4124192499.999997,-46.33919
4124193437.499997,-46.33039
4124194374.999997,-46.34723
4124195312.499997,-46.40038
4124196249.999997,-46.38482
4124197187.499997,-46.38314
4124198124.999997,-46.39215
4124199062.499997,-46.40564
4124199999.999997,-46.37786
4124200937.499997,-46.40811
4124201874.999997,-46.43676
4124202812.499997,-46.43871
4124203749.999997,-46.42485
4124204687.499997,-46.40133
4124205624.999997,-46.42749
4124206562.499997,-46.43525
4124207499.999997,-46.44726
4124208437.499997,-46.46339
4124209374.999997,-46.48632
4124210312.499997,-46.4581
4124211249.999997,-46.50456
4124212187.499997,-46.47356
4124213124.999997,-46.51792
4124214062.499997,-46.52915
4124214999.999997,-46.50923
4124215937.499997,-46.51986
4124216874.999997,-46.50061
4124217812.499997,-46.49576
4124218749.999997,-46.54652
4124219687.499997,-46.56336
4124220624.999997,-46.55372
4124221562.499997,-46.5258
4124222499.999997,-46.55496
4124223437.499997,-46.57238
4124224374.999997,-46.5736
4124225312.499997,-46.58488
4124226249.999997,-46.56383
4124227187.499997,-46.60275
4124228124.999997,-46.59323
4124229062.499997,-46.60579
4124229999.999997,-46.58462
4124230937.499997,-46.62658
4124231874.999997,-46.61409
4124232812.499997,-46.65082
4124233749.999997,-46.60744
4124234687.499997,-46.65525
4124235624.999997,-46.64394
4124236562.499997,-46.6509
4124237499.999997,-46.66485
4124238437.499997,-46.6698
4124239374.999997,-46.66295
4124240312.499997,-46.67923
4124241249.999997,-46.69803
4124242187.499997,-46.6982
4124243124.999997,-46.70951
4124244062.499997,-46.69412
4124244999.999997,-46.68876
4124245937.499997,-46.74276
4124246874.999997,-46.73698
4124247812.499997,-46.74452
4124248749.999997,-46.71542
4124249687.499997,-46.73946
4124250624.999997,-46.74669
4124251562.499997,-46.76694
4124252499.999997,-46.77179
4124253437.499997,-46.76204
4124254374.999997,-46.7951
4124255312.499997,-46.79987
4124256249.999997,-46.74839
4124257187.499997,-46.78627
4124258124.999997,-46.79686
4124259062.499997,-46.83532
4124259999.999997,-46.79369
4124260937.499997,-46.79547
4124261874.999997,-46.79556
4124262812.499997,-46.84598
4124263749.999997,-46.83879
4124264687.499997,-46.82671
4124265624.999997,-46.86007
4124266562.499997,-46.86921
4124267499.999997,-46.82782
4124268437.499997,-46.87873
4124269374.999997,-46.85368
4124270312.499997,-46.86713
4124271249.999997,-46.92029
4124272187.499997,-46.88767
4124273124.999997,-46.84167
4124274062.499997,-46.90416
4124274999.999997,-46.92204
4124275937.499997,-46.89625
4124276874.999997,-46.92841
4124277812.499997,-46.94007
4124278749.999997,-46.9315
4124279687.499997,-46.96346
4124280624.999997,-46.98293
4124281562.499997,-46.94667
4124282499.999997,-46.9818
4124283437.499997,-46.9768
4124284374.999997,-46.94566
4124285312.499997,-46.99097
4124286249.999997,-46.9771
4124287187.499997,-47.01676
4124288124.999997,-47.0235
4124289062.499997,-47.04631
4124289999.999997,-47.02322
4124290937.499997,-47.00889
4124291874.999997,-47.03037
4124292812.499997,-47.03076
4124293749.999997,-47.06528
4124294687.499997,-47.01349
4124295624.999997,-47.03586
4124296562.499997,-47.03446
4124297499.999997,-47.05616
4124298437.499997,-47.08175
4124299374.999997,-47.0476
4124300312.499997,-47.10464
4124301249.999997,-47.08106
4124302187.499997,-47.12132
4124303124.999997,-47.07563
4124304062.499997,-47.1059
4124304999.999997,-47.09739
4124305937.499997,-47.09689
4124306874.999997,-47.13393
4124307812.499997,-47.11259
4124308749.999997,-47.1238
4124309687.499997,-47.15204
4124310624.999997,-47.16611
4124311562.499997,-47.17482
4124312499.999997,-47.13312
4124313437.499997,-47.18045
4124314374.999997,-47.15333
4124315312.499997,-47.17256
4124316249.999997,-47.18299
4124317187.499997,-47.20948
4124318124.999997,-47.21302
4124319062.499997,-47.20141
4124319999.999997,-47.24358
4124320937.499997,-47.15785
4124321874.999997,-47.19788
4124322812.499997,-47.21724
4124323749.999997,-47.2697
4124324687.499997,-47.25997
4124325624.999997,-47.2979
4124326562.499997,-47.24981
4124327499.999997,-47.25393
4124328437.499997,-47.30001
4124329374.999997,-47.23518
4124330312.499997,-47.24844
4124331249.999997,-47.32362
4124332187.499997,-47.29713
4124333124.999997,-47.33766
4124334062.499997,-47.32426
4124334999.999997,-47.26786
4124335937.499997,-47.31187
4124336874.999997,-47.33204
4124337812.499997,-47.36652
4124338749.999997,-47.33053
4124339687.499997,-47.32433
4124340624.999997,-47.33127
4124341562.499997,-47.35535
4124342499.999997,-47.34846
4124343437.499997,-47.36639
4124344374.999997,-47.39545
4124345312.499997,-47.39935
4124346249.999997,-47.41613
4124347187.499997,-47.39329
4124348124.999997,-47.39426
4124349062.499997,-47.45245
4124349999.999997,-47.44652
4124350937.499997,-47.33622
4124351874.999997,-47.44465
4124352812.499997,-47.44948
4124353749.999997,-47.41208
4124354687.499997,-47.43308
4124355624.999997,-47.3983
4124356562.499997,-47.44579
4124357499.999997,-47.48405
4124358437.499997,-47.44188
4124359374.999997,-47.4648
4124360312.499997,-47.48339
4124361249.999997,-47.46029
4124362187.499997,-47.52302
4124363124.999997,-47.5236
4124364062.499997,-47.50522
4124364999.999997,-47.51886
4124365937.499997,-47.5019
4124366874.999997,-47.52533
4124367812.499997,-47.53256
4124368749.999997,-47.55331
4124369687.499997,-47.54461
4124370624.999997,-47.51342
4124371562.499997,-47.55859
4124372499.999997,-47.56736
4124373437.499997,-47.55574
4124374374.999997,-47.55655
4124375312.499997,-47.56516
4124376249.999997,-47.60329
4124377187.499997,-47.57566
4124378124.999997,-47.5659
4124379062.499997,-47.58466
4124379999.999997,-47.61186
4124380937.499997,-47.57286
4124381874.999997,-47.62367
4124382812.499997,-47.61065
4124383749.999997,-47.59078
4124384687.499997,-47.60237
4124385624.999997,-47.61582
4124386562.499997,-47.66722
4124387499.999997,-47.69816
4124388437.499997,-47.69964
4124389374.999997,-47.66456
4124390312.499997,-47.65754
4124391249.999997,-47.64787
4124392187.499997,-47.70097
4124393124.999997,-47.66379
4124394062.499997,-47.68389
4124394999.999997,-47.69446
4124395937.499997,-47.66417
4124396874.999997,-47.70581
4124397812.499997,-47.70345
4124398749.999997,-47.73022
4124399687.499997,-47.70376
4124400624.999997,-47.70544
4124401562.499997,-47.71531
4124402499.999997,-47.73316
4124403437.499997,-47.76844
4124404374.999997,-47.73812
4124405312.499997,-47.73706
4124406249.999997,-47.73656
4124407187.499997,-47.75835
4124408124.999997,-47.76218
4124409062.499997,-47.78331
4124409999.999997,-47.80845
4124410937.499997,-47.77591
4124411874.999997,-47.79129
4124412812.499997,-47.79004
4124413749.999997,-47.83225
4124414687.499997,-47.82714
4124415624.999997,-47.8143
4124416562.499997,-47.84659
4124417499.999997,-47.777
4124418437.499997,-47.81872
4124419374.999997,-47.80159
4124420312.499997,-47.86314
4124421249.999997,-47.82113
4124422187.499997,-47.86155
4124423124.999997,-47.84
4124424062.499997,-47.90298
4124424999.999997,-47.88184
4124425937.499997,-47.87719
4124426874.999997,-47.89047
4124427812.499997,-47.84638
4124428749.999997,-47.90122
4124429687.499997,-47.91489
4124430624.999997,-47.87731
4124431562.499997,-47.91719
4124432499.999997,-47.9094
4124433437.499997,-47.94414
4124434374.999997,-47.9333
4124435312.499997,-47.94347
4124436249.999997,-47.88249
4124437187.499997,-47.93519
4124438124.999997,-47.93733
4124439062.499997,-48.02277
4124439999.999997,-47.96701
4124440937.499997,-47.98632
4124441874.999997,-47.96437
4124442812.499997,-48.01034
4124443749.999997,-47.9318
4124444687.499997,-47.96955
4124445624.999997,-47.96392
4124446562.499997,-48.00361
4124447499.999997,-47.9826
4124448437.499997,-48.00888
4124449374.999997,-47.98944
4124450312.499997,-48.06096
4124451249.999997,-48.00966
4124452187.499997,-48.04567
4124453124.999997,-48.01866
4124454062.499997,-48.05563
4124454999.999997,-48.02911
4124455937.499997,-48.05016
4124456874.999997,-48.07153
4124457812.499997,-48.09459
4124458749.999997,-48.1137
4124459687.499997,-48.11687
4124460624.999997,-48.10259
4124461562.499997,-48.12138
4124462499.999997,-48.08982
4124463437.499997,-48.09475
4124464374.999997,-48.07268
4124465312.499997,-48.12941
4124466249.999997,-48.11731
4124467187.499997,-48.10235
4124468124.999997,-48.13966
4124469062.499997,-48.09307
4124469999.999997,-48.149
4124470937.499997,-48.1293
4124471874.999997,-48.13939
4124472812.499997,-48.15175
4124473749.999997,-48.20238
4124474687.499997,-48.17971
4124475624.999997,-48.20404
4124476562.499997,-48.18652
4124477499.999997,-48.20582
4124478437.499997,-48.11476
4124479374.999997,-48.19035
4124480312.499997,-48.19357
4124481249.999997,-48.22666
4124482187.499997,-48.24139
4124483124.999997,-48.23656
4124484062.499997,-48.20117
4124484999.999997,-48.21617
4124485937.499997,-48.24414
4124486874.999997,-48.21495
4124487812.499997,-48.26894
4124488749.999997,-48.22336
4124489687.499997,-48.23531
4124490624.999997,-48.32269
4124491562.499997,-48.30235
4124492499.999997,-48.28989
4124493437.499997,-48.27069
4124494374.999997,-48.2669
4124495312.499997,-48.29077
4124496249.999997,-48.2574
4124497187.499997,-48.31974
4124498124.999997,-48.27831
4124499062.499997,-48.3086
4124499999.999997,-48.31142
4124500937.499997,-48.33708
4124501874.999997,-48.31474
4124502812.499997,-48.35958
4124503749.999997,-48.33638
4124504687.499997,-48.34792
4124505624.999997,-48.36008
4124506562.499997,-48.35893
4124507499.999997,-48.36372
4124508437.499997,-48.30988
4124509374.999997,-48.44515
4124510312.499997,-48.36436
4124511249.999997,-48.38409
4124512187.499997,-48.39225
4124513124.999997,-48.41166
4124514062.499997,-48.36911
4124514999.999997,-48.41419
4124515937.499997,-48.41191
4124516874.999997,-48.3965
4124517812.499997,-48.44353
4124518749.999997,-48.4482
4124519687.499997,-48.39525
4124520624.999997,-48.41312
4124521562.499997,-48.39782
4124522499.999997,-48.45409
4124523437.499997,-48.41731
4124524374.999997,-48.47584
4124525312.499997,-48.48684
4124526249.999997,-48.4734
4124527187.499997,-48.4629
4124528124.999997,-48.52501
4124529062.499997,-48.4474
4124529999.999997,-48.4945
4124530937.499997,-48.48306
4124531874.999997,-48.50363
4124532812.499997,-48.53004
4124533749.999997,-48.51877
4124534687.499997,-48.50176
4124535624.999997,-48.54815
4124536562.499997,-48.48752
4124537499.999997,-48.55722
4124538437.499997,-48.54613
4124539374.999997,-48.57244
4124540312.499997,-48.52527
4124541249.999997,-48.58478
4124542187.499997,-48.54884
4124543124.999997,-48.56492
4124544062.499997,-48.62609
4124544999.999997,-48.53122
4124545937.499997,-48.5801
4124546874.999997,-48.54449
4124547812.499997,-48.55982
4124548749.999997,-48.5926
4124549687.499997,-48.60913
4124550624.999997,-48.56229
4124551562.499997,-48.63764
4124552499.999997,-48.57422
4124553437.499997,-48.61738
4124554374.999997,-48.58963
4124555312.499997,-48.641
4124556249.999997,-48.64877
4124557187.499997,-48.63968
4124558124.999997,-48.6502
4124559062.499997,-48.62265
4124559999.999997,-48.6688
4124560937.499997,-48.65033
4124561874.999997,-48.65421
4124562812.499997,-48.65749
4124563749.999997,-48.67739
4124564687.499997,-48.67047
4124565624.999997,-48.63129
4124566562.499997,-48.72554
4124567499.999997,-48.6956
4124568437.499997,-48.67947
4124569374.999997,-48.67378
4124570312.499997,-48.70434
4124571249.999997,-48.71259
4124572187.499997,-48.70389
4124573124.999997,-48.75805
4124574062.499997,-48.70677
4124574999.999997,-48.72347
4124575937.499997,-48.71077
4124576874.999997,-48.79177
4124577812.499997,-48.78162
4124578749.999997,-48.73957
4124579687.499997,-48.7354
4124580624.999997,-48.79155
4124581562.499997,-48.77228
4124582499.999997,-48.77592
4124583437.499997,-48.79786
4124584374.999997,-48.78222
4124585312.499997,-48.78994
4124586249.999997,-48.79223
4124587187.499997,-48.81648
4124588124.999997,-48.83674
4124589062.499997,-48.81189
4124589999.999997,-48.83918
4124590937.499997,-48.83634
4124591874.999997,-48.83386
4124592812.499997,-48.841
4124593749.999997,-48.85308
4124594687.499997,-48.87373
4124595624.999997,-48.86934
4124596562.499997,-48.89536
4124597499.999997,-48.86247
4124598437.499997,-48.88296
4124599374.999997,-48.8303
4124600312.499997,-48.82421
4124601249.999997,-48.84666
4124602187.499997,-48.88051
4124603124.999997,-48.91751
4124604062.499997,-48.92918
4124604999.999997,-48.87589
4124605937.499997,-48.87436
4124606874.999997,-48.88029
4124607812.499997,-48.94149
4124608749.999997,-48.91754
4124609687.499997,-48.91832
4124610624.999997,-48.9138
4124611562.499997,-48.91161
4124612499.999997,-48.95797
4124613437.499997,-48.94478
4124614374.999997,-48.91265
4124615312.499997,-48.95917
4124616249.999997,-48.9542
4124617187.499997,-48.94854
4124618124.999997,-49.00478
4124619062.499997,-48.96429
4124619999.999997,-48.98824
4124620937.499997,-48.98849
4124621874.999997,-49.04016
4124622812.499997,-48.97507
4124623749.999997,-49.03431
4124624687.499997,-49.05251
4124625624.999997,-48.9875
4124626562.499997,-48.99466
4124627499.999997,-48.96882
4124628437.499997,-49.03719
4124629374.999997,-49.03215
4124630312.499997,-49.02155
4124631249.999997,-49.11151
4124632187.499997,-49.06665
4124633124.999997,-49.02864
4124634062.499997,-49.10653
4124634999.999997,-49.07689
4124635937.499997,-49.07965
4124636874.999997,-49.07707
4124637812.499997,-49.04643
4124638749.999997,-49.0635
4124639687.499997,-49.10855
4124640624.999997,-49.08226
4124641562.499997,-49.07656
4124642499.999997,-49.01471
4124643437.499997,-49.07037
4124644374.999997,-49.11535
4124645312.499997,-49.09738
4124646249.999997,-49.1605
4124647187.499997,-49.11361
4124648124.999997,-49.13192
4124649062.499997,-49.15248
4124649999.999997,-49.14977
4124650937.499997,-49.09837
4124651874.999997,-49.17008
4124652812.499997,-49.18423
4124653749.999997,-49.1551
4124654687.499997,-49.15477
4124655624.999997,-49.15791
4124656562.499997,-49.18657
4124657499.999997,-49.19097
4124658437.499997,-49.18273
4124659374.999997,-49.18052
4124660312.499997,-49.19471
4124661249.999997,-49.1829
4124662187.499997,-49.17012
4124663124.999997,-49.23505
4124664062.499997,-49.2664
4124664999.999997,-49.24529
4124665937.499997,-49.222
4124666874.999997,-49.26699
4124667812.499997,-49.20403
4124668749.999997,-49.24061
4124669687.499997,-49.21302
4124670624.999997,-49.22845
4124671562.499997,-49.25036
4124672499.999997,-49.29486
4124673437.499997,-49.28919
4124674374.999997,-49.27467
4124675312.499997,-49.26837
4124676249.999997,-49.30233
4124677187.499997,-49.26192
4124678124.999997,-49.26402
4124679062.499997,-49.27641
4124679999.999997,-49.31397
4124680937.499997,-49.29524
4124681874.999997,-49.28276
4124682812.499997,-49.30441
4124683749.999997,-49.34263
4124684687.499997,-49.32414
4124685624.999997,-49.31086
4124686562.499997,-49.34686
4124687499.999997,-49.31762
4124688437.499997,-49.33278
4124689374.999997,-49.32996
4124690312.499997,-49.32232
4124691249.999997,-49.39202
4124692187.499997,-49.31709
4124693124.999997,-49.35595
4124694062.499997,-49.3289
4124694999.999997,-49.38222
4124695937.499997,-49.37569
4124696874.999997,-49.35572
4124697812.499997,-49.42805
4124698749.999997,-49.39614
4124699687.499997,-49.41391
4124700624.999997,-49.36872
4124701562.499997,-49.4382
4124702499.999997,-49.41771
4124703437.499997,-49.42823
4124704374.999997,-49.41613
4124705312.499997,-49.40627
4124706249.999997,-49.38992
4124707187.499997,-49.41358
4124708124.999997,-49.38555
4124709062.499997,-49.40786
4124709999.999997,-49.48946
4124710937.499997,-49.42601
4124711874.999997,-49.44455
4124712812.499997,-49.47107
4124713749.999997,-49.45496
4124714687.499997,-49.45687
4124715624.999997,-49.47701
4124716562.499997,-49.48392
4124717499.999997,-49.52637
4124718437.499997,-49.50525
4124719374.999997,-49.48766
4124720312.499997,-49.52892
4124721249.999997,-49.55608
4124722187.499997,-49.45655
4124723124.999997,-49.53251
4124724062.499997,-49.53919
4124724999.999997,-49.52953
4124725937.499997,-49.56921
4124726874.999997,-49.51005
4124727812.499997,-49.56612
4124728749.999997,-49.54664
4124729687.499997,-49.5735
4124730624.999997,-49.564
4124731562.499997,-49.58911
4124732499.999997,-49.5488
4124733437.499997,-49.5951
4124734374.999997,-49.5001
4124735312.499997,-49.56994
4124736249.999997,-49.56719
4124737187.499997,-49.59
4124738124.999997,-49.59103
4124739062.499997,-49.56797
4124739999.999997,-49.63312
4124740937.499997,-49.65265
4124741874.999997,-49.56485
4124742812.499997,-49.62611
4124743749.999997,-49.66994
4124744687.499997,-49.61263
4124745624.999997,-49.667
4124746562.499997,-49.56929
4124747499.999997,-49.63869
4124748437.499997,-49.6837
4124749374.999997,-49.66917
4124750312.499997,-49.61383
4124751249.999997,-49.61655
4124752187.499997,-49.67022
4124753124.999997,-49.64122
4124754062.499997,-49.66706
4124754999.999997,-49.69906
4124755937.499997,-49.6344
4124756874.999997,-49.69164
4124757812.499997,-49.69704
4124758749.999997,-49.68148
4124759687.499997,-49.70629
4124760624.999997,-49.698
4124761562.499997,-49.76592
4124762499.999997,-49.69249
4124763437.499997,-49.73087
4124764374.999997,-49.69704
4124765312.499997,-49.73922
4124766249.999997,-49.7242
4124767187.499997,-49.72703
4124768124.999997,-49.74853
4124769062.499997,-49.69165
4124769999.999997,-49.7438
4124770937.499997,-49.75681
4124771874.999997,-49.76019
4124772812.499997,-49.76048
4124773749.999997,-49.77428
4124774687.499997,-49.79142
4124775624.999997,-49.75472
4124776562.499997,-49.76608
4124777499.999997,-49.79326
4124778437.499997,-49.78872
4124779374.999997,-49.78072
4124780312.499997,-49.8005
4124781249.999997,-49.76028
4124782187.499997,-49.80874
4124783124.999997,-49.82644
4124784062.499997,-49.82763
4124784999.999997,-49.83329
4124785937.499997,-49.8138
4124786874.999997,-49.82561
4124787812.499997,-49.85906
4124788749.999997,-49.83482
4124789687.499997,-49.79388
4124790624.999997,-49.8521
4124791562.499997,-49.88041
4124792499.999997,-49.85621
4124793437.499997,-49.87672
4124794374.999997,-49.87364
4124795312.499997,-49.90282
4124796249.999997,-49.90195
4124797187.499997,-49.87951
4124798124.999997,-49.93768
4124799062.499997,-49.91515
4124799999.999997,-49.98946
4124800937.499997,-49.93212
4124801874.999997,-49.88469
4124802812.499997,-49.98111
4124803749.999997,-49.90727
4124804687.499997,-49.88363
4124805624.999997,-49.91692
4124806562.499997,-49.92344
4124807499.999997,-49.93807
4124808437.499997,-49.90588
4124809374.999997,-49.91809
4124810312.499997,-49.97601
4124811249.999997,-49.9863
4124812187.499997,-49.92703
4124813124.999997,-49.95837
4124814062.499997,-49.95966
4124814999.999997,-49.92147
4124815937.499997,-50.018
4124816874.999997,-49.97402
4124817812.499997,-49.96773
4124818749.999997,-49.94224
4124819687.499997,-50.05095
4124820624.999997,-50.00058
4124821562.499997,-50.00142
4124822499.999997,-49.99487
4124823437.499997,-50.00377
4124824374.999997,-50.04949
4124825312.499997,-49.99839
4124826249.999997,-50.04637
4124827187.499997,-50.01804
4124828124.999997,-49.99495
4124829062.499997,-50.00546
4124829999.999997,-50.06056
4124830937.499997,-50.07848
4124831874.999997,-50.0037
4124832812.499997,-50.06607
4124833749.999997,-50.04801
4124834687.499997,-50.02346
4124835624.999997,-50.07684
4124836562.499997,-50.08798
4124837499.999997,-50.09725
4124838437.499997,-50.07295
4124839374.999997,-50.09356
4124840312.499997,-50.14173
4124841249.999997,-50.01658
4124842187.499997,-50.12207
4124843124.999997,-50.14336
4124844062.499997,-50.06791
4124844999.999997,-50.1407
4124845937.499997,-50.12197
4124846874.999997,-50.13934
4124847812.499997,-50.09425
4124848749.999997,-50.17085
4124849687.499997,-50.15175
4124850624.999997,-50.11063
4124851562.499997,-50.1123
4124852499.999997,-50.11288
4124853437.499997,-50.14382
4124854374.999997,-50.17239
4124855312.499997,-50.18111
4124856249.999997,-50.18634
4124857187.499997,-50.1231
4124858124.999997,-50.15304
4124859062.499997,-50.16462
4124859999.999997,-50.18228
4124860937.499997,-50.18319
4124861874.999997,-50.22467
4124862812.499997,-50.11528
4124863749.999997,-50.18258
4124864687.499997,-50.22694
4124865624.999997,-50.19305
4124866562.499997,-50.20812
4124867499.999997,-50.19597
4124868437.499997,-50.2308
4124869374.999997,-50.22571
4124870312.499997,-50.18354
4124871249.999997,-50.21541
4124872187.499997,-50.27618
4124873124.999997,-50.22174
4124874062.499997,-50.27151
4124874999.999997,-50.27661
4124875937.499997,-50.20743
4124876874.999997,-50.26832
4124877812.499997,-50.24173
4124878749.999997,-50.27182
4124879687.499997,-50.23525
4124880624.999997,-50.25417
4124881562.499997,-50.25272
4124882499.999997,-50.25349
4124883437.499997,-50.2634
4124884374.999997,-50.34512
4124885312.499997,-50.2981
4124886249.999997,-50.33308
4124887187.499997,-50.27874
4124888124.999997,-50.29798
4124889062.499997,-50.31344
4124889999.999997,-50.33688
4124890937.499997,-50.32746
4124891874.999997,-50.29972
4124892812.499997,-50.38065
4124893749.999997,-50.36901
4124894687.499997,-50.30219
4124895624.999997,-50.32151
4124896562.499997,-50.32857
4124897499.999997,-50.37033
4124898437.499997,-50.33616
4124899374.999997,-50.338
4124900312.499997,-50.35225
4124901249.999997,-50.441
4124902187.499997,-50.40652
4124903124.999997,-50.34792
4124904062.499997,-50.33619
4124904999.999997,-50.39531
4124905937.499997,-50.38197
4124906874.999997,-50.35028
4124907812.499997,-50.40096
4124908749.999997,-50.37099
4124909687.499997,-50.40999
4124910624.999997,-50.40763
4124911562.499997,-50.38761
4124912499.999997,-50.4212
4124913437.499997,-50.39601
4124914374.999997,-50.43775
4124915312.499997,-50.38274
4124916249.999997,-50.44317
4124917187.499997,-50.43827
4124918124.999997,-50.44901
4124919062.499997,-50.47441
4124919999.999997,-50.47243
4124920937.499997,-50.43988
4124921874.999997,-50.47424
4124922812.499997,-50.4395
4124923749.999997,-50.48557
4124924687.499997,-50.46723
4124925624.999997,-50.47804
4124926562.499997,-50.47007
4124927499.999997,-50.48148
4124928437.499997,-50.43348
4124929374.999997,-50.4815
4124930312.499997,-50.48335
4124931249.999997,-50.48472
4124932187.499997,-50.49857
4124933124.999997,-50.49654
4124934062.499997,-50.50434
4124934999.999997,-50.47065
4124935937.499997,-50.55141
4124936874.999997,-50.51173
4124937812.499997,-50.50833
4124938749.999997,-50.50642
4124939687.499997,-50.53416
4124940624.999997,-50.54236
4124941562.499997,-50.58245
4124942499.999997,-50.58905
4124943437.499997,-50.57504
4124944374.999997,-50.59671
4124945312.499997,-50.60068
4124946249.999997,-50.54993
4124947187.499997,-50.61669
4124948124.999997,-50.58257
4124949062.499997,-50.57803
4124949999.999997,-50.58713
4124950937.499997,-50.56749
4124951874.999997,-50.59373
4124952812.499997,-50.5955
4124953749.999997,-50.61226
4124954687.499997,-50.69261
4124955624.999997,-50.65336
4124956562.499997,-50.63771
4124957499.999997,-50.59264
4124958437.499997,-50.63718
4124959374.999997,-50.642
4124960312.499997,-50.63415
4124961249.999997,-50.62703
4124962187.499997,-50.6814
4124963124.999997,-50.64566
4124964062.499997,-50.6406
4124964999.999997,-50.65202
4124965937.499997,-50.7093
4124966874.999997,-50.66421
4124967812.499997,-50.67286
4124968749.999997,-50.64869
4124969687.499997,-50.61723
4124970624.999997,-50.67449
4124971562.499997,-50.70607
4124972499.999997,-50.72402
4124973437.499997,-50.6371
4124974374.999997,-50.6798
4124975312.499997,-50.6814
4124976249.999997,-50.68725
4124977187.499997,-50.71679
4124978124.999997,-50.73131
4124979062.499997,-50.76823
4124979999.999997,-50.68505
4124980937.499997,-50.73695
4124981874.999997,-50.67662
4124982812.499997,-50.77587
4124983749.999997,-50.71818
4124984687.499997,-50.72565
4124985624.999997,-50.76028
4124986562.499997,-50.74491
4124987499.999997,-50.69538
4124988437.499997,-50.81813
4124989374.999997,-50.77697
4124990312.499997,-50.76274
4124991249.999997,-50.79959
4124992187.499997,-50.72736
4124993124.999997,-50.82974
4124994062.499997,-50.81414
4124994999.999997,-50.76209
4124995937.499997,-50.78682
4124996874.999997,-50.81721
4124997812.499997,-50.82362
4124998749.999997,-50.84291
4124999687.499997,-50.83318
4125000624.999997,-50.75868
4125001562.499997,-50.77384
4125002499.999997,-50.77628
4125003437.499997,-50.85988
4125004374.999997,-50.86875
4125005312.499997,-50.81874
4125006249.999997,-50.82114
4125007187.499997,-50.82832
4125008124.999997,-50.81682
4125009062.499997,-50.90699
4125009999.999997,-50.90896
4125010937.499997,-50.92005
4125011874.999997,-50.8605
4125012812.499997,-50.83454
4125013749.999997,-50.87665
4125014687.499997,-50.82122
4125015624.999997,-50.81838
4125016562.499997,-50.89152
4125017499.999997,-50.87152
4125018437.499997,-50.94879
4125019374.999997,-50.88917
4125020312.499997,-50.92429
4125021249.999997,-50.8938
4125022187.499997,-50.85474
4125023124.999997,-50.87946
4125024062.499997,-50.82361
4125024999.999997,-50.81437
4125025937.499997,-50.87598
4125026874.999997,-50.94755
4125027812.499997,-50.9178
4125028749.999997,-50.96645
4125029687.499997,-50.91523
4125030624.999997,-50.86718
4125031562.499997,-50.90857
4125032499.999997,-50.97724
4125033437.499997,-50.97395
4125034374.999997,-50.88813
4125035312.499997,-51.01605
4125036249.999997,-50.91829
4125037187.499997,-50.93392
4125038124.999997,-50.96343
4125039062.499997,-50.82473
4125039999.999997,-51.00658
4125040937.499997,-51.00571
4125041874.999997,-50.98217
4125042812.499997,-50.97785
4125043749.999997,-50.98611
4125044687.499997,-51.00788
4125045624.999997,-51.0345
4125046562.499997,-50.99159
4125047499.999997,-50.9285
4125048437.499997,-50.99637
4125049374.999997,-51.01089
4125050312.499997,-51.05546
4125051249.999997,-51.01839
4125052187.499997,-51.0815
4125053124.999997,-50.9916
4125054062.499997,-51.039
4125054999.999997,-51.08185
4125055937.499997,-51.1086
4125056874.999997,-51.09528
4125057812.499997,-51.02346
4125058749.999997,-51.07294
4125059687.499997,-51.10387
4125060624.999997,-51.12018
4125061562.499997,-51.08626
4125062499.999997,-51.01443
4125063437.499997,-51.08227
4125064374.999997,-51.07394
4125065312.499997,-51.07778
4125066249.999997,-51.13244
4125067187.499997,-51.11696
4125068124.999997,-51.12169
4125069062.499997,-51.08414
4125069999.999997,-51.106
4125070937.499997,-51.07759
4125071874.999997,-51.10458
4125072812.499997,-51.13346
4125073749.999997,-51.08096
4125074687.499997,-51.13683
4125075624.999997,-51.20522
4125076562.499997,-51.12398
4125077499.999997,-51.13017
4125078437.499997,-51.14433
4125079374.999997,-51.14861
4125080312.499997,-51.1166
4125081249.999997,-51.10669
4125082187.499997,-51.17779
4125083124.999997,-51.20743
4125084062.499997,-51.12005
4125084999.999997,-51.16627
4125085937.499997,-51.18288
4125086874.999997,-51.164
4125087812.499997,-51.16537
4125088749.999997,-51.16837
4125089687.499997,-51.14169
4125090624.999997,-51.20116
4125091562.499997,-51.21296
4125092499.999997,-51.17947
4125093437.499997,-51.18207
4125094374.999997,-51.156
4125095312.499997,-51.2098
4125096249.999997,-51.18084
4125097187.499997,-51.21592
4125098124.999997,-51.20096
4125099062.499997,-51.22563
4125099999.999997,-51.26167
4125100937.499997,-51.21207
4125101874.999997,-51.26376
4125102812.499997,-51.21146
4125103749.999997,-51.2712
4125104687.499997,-51.29482
4125105624.999997,-51.25267
4125106562.499997,-51.24089
4125107499.999997,-51.22575
4125108437.499997,-51.30461
4125109374.999997,-51.33218
4125110312.499997,-51.28527
4125111249.999997,-51.27523
4125112187.499997,-51.30597
4125113124.999997,-51.32938
4125114062.499997,-51.27486
4125114999.999997,-51.26364
4125115937.499997,-51.2853
4125116874.999997,-51.27381
4125117812.499997,-51.3121
4125118749.999997,-51.27324
4125119687.499997,-51.31793
4125120624.999997,-51.31625
4125121562.499997,-51.31534
4125122499.999997,-51.3194
4125123437.499997,-51.35384
4125124374.999997,-51.28296
4125125312.499997,-51.38519
4125126249.999997,-51.34879
4125127187.499997,-51.2807
4125128124.999997,-51.35434
4125129062.499997,-51.356
4125129999.999997,-51.39552
4125130937.499997,-51.27839
4125131874.999997,-51.35888
4125132812.499997,-51.42911
4125133749.999997,-51.37012
4125134687.499997,-51.36974
4125135624.999997,-51.30835
4125136562.499997,-51.35516
4125137499.999997,-51.43138
4125138437.499997,-51.3778
4125139374.999997,-51.50068
4125140312.499997,-51.35701
4125141249.999997,-51.40451
4125142187.499997,-51.44592
4125143124.999997,-51.4347
4125144062.499997,-51.38204
4125144999.999997,-51.40167
4125145937.499997,-51.42013
4125146874.999997,-51.47254
4125147812.499997,-51.3567
4125148749.999997,-51.43221
4125149687.499997,-51.40543
4125150624.999997,-51.40409
4125151562.499997,-51.41957
4125152499.999997,-51.43035
4125153437.499997,-51.47789
4125154374.999997,-51.44378
4125155312.499997,-51.43885
4125156249.999997,-51.46986
4125157187.499997,-51.43779
4125158124.999997,-51.40271
4125159062.499997,-51.56058
4125159999.999997,-51.42906
4125160937.499997,-51.46371
4125161874.999997,-51.50717
4125162812.499997,-51.44661
4125163749.999997,-51.51162
4125164687.499997,-51.43174
4125165624.999997,-51.50808
4125166562.499997,-51.47388
4125167499.999997,-51.52155
4125168437.499997,-51.5078
4125169374.999997,-51.51435
4125170312.499997,-51.50485
4125171249.999997,-51.53536
4125172187.499997,-51.53648
4125173124.999997,-51.55332
4125174062.499997,-51.5604
4125174999.999997,-51.51835
4125175937.499997,-51.41084
4125176874.999997,-51.5503
4125177812.499997,-51.46491
4125178749.999997,-51.44359
4125179687.499997,-51.6248
4125180624.999997,-51.55165
4125181562.499997,-51.538
4125182499.999997,-51.52192
4125183437.499997,-51.54939
4125184374.999997,-51.62741
4125185312.499997,-51.6169
4125186249.999997,-51.6115
4125187187.499997,-51.54579
4125188124.999997,-51.60387
4125189062.499997,-51.62745
4125189999.999997,-51.56884
4125190937.499997,-51.61049
4125191874.999997,-51.5598
4125192812.499997,-51.49665
4125193749.999997,-51.5685
4125194687.499997,-51.6315
4125195624.999997,-51.60764
4125196562.499997,-51.60408
4125197499.999997,-51.64529
4125198437.499997,-51.63093
4125199374.999997,-51.65
4125200312.499997,-51.69632
4125201249.999997,-51.60924
4125202187.499997,-51.69277
4125203124.999997,-51.65488
4125204062.499997,-51.70013
4125204999.999997,-51.59298
4125205937.499997,-51.60392
4125206874.999997,-51.63945
4125207812.499997,-51.63321
4125208749.999997,-51.61236
4125209687.499997,-51.62032
4125210624.999997,-51.68189
4125211562.499997,-51.65957
4125212499.999997,-51.67535
4125213437.499997,-51.67922
4125214374.999997,-51.64617
4125215312.499997,-51.70672
4125216249.999997,-51.69529
4125217187.499997,-51.6974
4125218124.999997,-51.64017
4125219062.499997,-51.75902
4125219999.999997,-51.72678
4125220937.499997,-51.71233
4125221874.999997,-51.68772
4125222812.499997,-51.71309
4125223749.999997,-51.73345
4125224687.499997,-51.80096
4125225624.999997,-51.70129
4125226562.499997,-51.73478
4125227499.999997,-51.79513
4125228437.499997,-51.77491
4125229374.999997,-51.7385
4125230312.499997,-51.69616
4125231249.999997,-51.74352
4125232187.499997,-51.76658
4125233124.999997,-51.65316
4125234062.499997,-51.76266
4125234999.999997,-51.73518
4125235937.499997,-51.74573
4125236874.999997,-51.75192
4125237812.499997,-51.81718
4125238749.999997,-51.89307
4125239687.499997,-51.81399
4125240624.999997,-51.82856
4125241562.499997,-51.79044
4125242499.999997,-51.83717
4125243437.499997,-51.91178
4125244374.999997,-51.81069
4125245312.499997,-51.77755
4125246249.999997,-51.85557
4125247187.499997,-51.75268
4125248124.999997,-51.8548
4125249062.499997,-51.82421
4125249999.999997,-51.80249
4125250937.499997,-51.88126
4125251874.999997,-51.83877
4125252812.499997,-51.82118
4125253749.999997,-51.91102
4125254687.499997,-51.83475
4125255624.999997,-51.90433
4125256562.499997,-51.82661
4125257499.999997,-51.83582
4125258437.499997,-51.90797
4125259374.999997,-51.90313
4125260312.499997,-51.87016
4125261249.999997,-51.89032
4125262187.499997,-51.87523
4125263124.999997,-51.87473
4125264062.499997,-51.86066
4125264999.999997,-51.88806
4125265937.499997,-51.88504
4125266874.999997,-51.97555
4125267812.499997,-51.88523
4125268749.999997,-51.86864
4125269687.499997,-51.91544
4125270624.999997,-51.84296
4125271562.499997,-51.84155
4125272499.999997,-51.89341
4125273437.499997,-51.94922
4125274374.999997,-51.93447
4125275312.499997,-51.88786
4125276249.999997,-51.94906
4125277187.499997,-51.91454
4125278124.999997,-51.9039
4125279062.499997,-51.9697
4125279999.999997,-51.94202
4125280937.499997,-51.99302
4125281874.999997,-51.99271
4125282812.499997,-51.91772
4125283749.999997,-51.8502
4125284687.499997,-51.96432
4125285624.999997,-51.88499
4125286562.499997,-51.99685
4125287499.999997,-51.88046
4125288437.499997,-52.00314
4125289374.999997,-51.99237
4125290312.499997,-51.93396
4125291249.999997,-51.99522
4125292187.499997,-52.09444
4125293124.999997,-51.96045
4125294062.499997,-51.95509
4125294999.999997,-51.94811
4125295937.499997,-52.00114
4125296874.999997,-52.04975
4125297812.499997,-52.09905
4125298749.999997,-51.99271
4125299687.499997,-51.97044
4125300624.999997,-51.98376
4125301562.499997,-51.98118
4125302499.999997,-52.02114
4125303437.499997,-51.99022
4125304374.999997,-52.00674
4125305312.499997,-52.06466
4125306249.999997,-52.00053
4125307187.499997,-52.04781
4125308124.999997,-52.12335
4125309062.499997,-52.02243
4125309999.999997,-52.0446
4125310937.499997,-52.00456
4125311874.999997,-52.0369
4125312812.499997,-52.07679
4125313749.999997,-52.11116
4125314687.499997,-52.12379
4125315624.999997,-52.06878
4125316562.499997,-52.14578
4125317499.999997,-52.0663
4125318437.499997,-52.12932
4125319374.999997,-52.08754
4125320312.499997,-52.13908
4125321249.999997,-52.03024
4125322187.499997,-52.1377
4125323124.999997,-52.04058
4125324062.499997,-52.12555
4125324999.999997,-52.20963
4125325937.499997,-52.16343
4125326874.999997,-52.1636
4125327812.499997,-52.09737
4125328749.999997,-52.11554
4125329687.499997,-52.23056
4125330624.999997,-52.08185
4125331562.499997,-52.19938
4125332499.999997,-52.16214
4125333437.499997,-52.19116
4125334374.999997,-52.17427
4125335312.499997,-52.10444
4125336249.999997,-52.14096
4125337187.499997,-52.1979
4125338124.999997,-52.177
4125339062.499997,-52.22835
4125339999.999997,-52.10548
4125340937.499997,-52.23854
4125341874.999997,-52.17226
4125342812.499997,-52.17736
4125343749.999997,-52.17528
4125344687.499997,-52.21381
4125345624.999997,-52.23
4125346562.499997,-52.19669
4125347499.999997,-52.2112
4125348437.499997,-52.22752
4125349374.999997,-52.19934
4125350312.499997,-52.14355
4125351249.999997,-52.21172
4125352187.499997,-52.18683
4125353124.999997,-52.18198
4125354062.499997,-52.23794
4125354999.999997,-52.14878
4125355937.499997,-52.26657
4125356874.999997,-52.19351
4125357812.499997,-52.17223
4125358749.999997,-52.21696
4125359687.499997,-52.20857
4125360624.999997,-52.22575
4125361562.499997,-52.18425
4125362499.999997,-52.26751
4125363437.499997,-52.24214
4125364374.999997,-52.28618
4125365312.499997,-52.23244
4125366249.999997,-52.21787
4125367187.499997,-52.29666
4125368124.999997,-52.25579
4125369062.499997,-52.23722
4125369999.999997,-52.2444
4125370937.499997,-52.29727
4125371874.999997,-52.29258
4125372812.499997,-52.3275
4125373749.999997,-52.34388
4125374687.499997,-52.23503
4125375624.999997,-52.25459
4125376562.499997,-52.37653
4125377499.999997,-52.30191
4125378437.499997,-52.35579
4125379374.999997,-52.33982
4125380312.499997,-52.30225
4125381249.999997,-52.32952
4125382187.499997,-52.33361
4125383124.999997,-52.31698
4125384062.499997,-52.21658
4125384999.999997,-52.31013
4125385937.499997,-52.35585
4125386874.999997,-52.46116
4125387812.499997,-52.31168
4125388749.999997,-52.31697
4125389687.499997,-52.32563
4125390624.999997,-52.37153
4125391562.499997,-52.37428
4125392499.999997,-52.44955
4125393437.499997,-52.35645
4125394374.999997,-52.3072
4125395312.499997,-52.4278
4125396249.999997,-52.34287
4125397187.499997,-52.33314
4125398124.999997,-52.4226
4125399062.499997,-52.31843
4125399999.999997,-52.36953
4125400937.499997,-52.367
4125401874.999997,-52.33521
4125402812.499997,-52.45378
4125403749.999997,-52.41549
4125404687.499997,-52.46096
4125405624.999997,-52.37865
4125406562.499997,-52.40109
4125407499.999997,-52.32172
4125408437.499997,-52.38478
4125409374.999997,-52.42253
4125410312.499997,-52.42457
4125411249.999997,-52.35313
4125412187.499997,-52.45509
4125413124.999997,-52.4476
4125414062.499997,-52.41204
4125414999.999997,-52.43927
4125415937.499997,-52.45167
4125416874.999997,-52.43045
4125417812.499997,-52.41848
4125418749.999997,-52.40917
4125419687.499997,-52.41383
4125420624.999997,-52.42852
4125421562.499997,-52.4413
4125422499.999997,-52.42313
4125423437.499997,-52.45159
4125424374.999997,-52.49734
4125425312.499997,-52.48577
4125426249.999997,-52.38465
4125427187.499997,-52.4591
4125428124.999997,-52.48569
4125429062.499997,-52.4903
4125429999.999997,-52.51444
4125430937.499997,-52.50438
4125431874.999997,-52.34595
4125432812.499997,-52.52194
4125433749.999997,-52.52257
4125434687.499997,-52.49943
4125435624.999997,-52.50047
4125436562.499997,-52.47034
4125437499.999997,-52.50153
4125438437.499997,-52.50864
4125439374.999997,-52.52122
4125440312.499997,-52.48573
4125441249.999997,-52.54629
4125442187.499997,-52.56792
4125443124.999997,-52.55553
4125444062.499997,-52.56367
4125444999.999997,-52.55573
4125445937.499997,-52.57956
4125446874.999997,-52.58361
4125447812.499997,-52.56317
4125448749.999997,-52.51319
4125449687.499997,-52.55915
4125450624.999997,-52.56681
4125451562.499997,-52.55867
4125452499.999997,-52.54459
4125453437.499997,-52.52395
4125454374.999997,-52.49469
4125455312.499997,-52.6107
4125456249.999997,-52.55851
4125457187.499997,-52.52126
4125458124.999997,-52.54366
4125459062.499997,-52.59563
4125459999.999997,-52.61568
4125460937.499997,-52.64697
4125461874.999997,-52.56128
4125462812.499997,-52.62619
4125463749.999997,-52.60291
4125464687.499997,-52.63848
4125465624.999997,-52.68795
4125466562.499997,-52.65915
4125467499.999997,-52.60099
4125468437.499997,-52.60147
4125469374.999997,-52.58367
4125470312.499997,-52.64127
4125471249.999997,-52.69812
4125472187.499997,-52.64318
4125473124.999997,-52.66486
4125474062.499997,-52.69547
4125474999.999997,-52.65005
4125475937.499997,-52.58485
4125476874.999997,-52.67963
4125477812.499997,-52.68451
4125478749.999997,-52.67891
4125479687.499997,-52.65765
4125480624.999997,-52.68989
4125481562.499997,-52.63562
4125482499.999997,-52.64403
4125483437.499997,-52.73764
4125484374.999997,-52.67529
4125485312.499997,-52.6513
4125486249.999997,-52.68688
4125487187.499997,-52.62524
4125488124.999997,-52.66106
4125489062.499997,-52.76381
4125489999.999997,-52.72263
4125490937.499997,-52.6952
4125491874.999997,-52.65726
4125492812.499997,-52.73416
4125493749.999997,-52.69921
4125494687.499997,-52.66434
4125495624.999997,-52.71996
4125496562.499997,-52.74551
4125497499.999997,-52.78243
4125498437.499997,-52.68858
4125499374.999997,-52.76571
4125500312.499997,-52.75436
4125501249.999997,-52.70285
4125502187.499997,-52.79984
4125503124.999997,-52.79316
4125504062.499997,-52.79869
4125504999.999997,-52.7362
4125505937.499997,-52.79005
4125506874.999997,-52.7544
4125507812.499997,-52.75583
4125508749.999997,-52.7522
4125509687.499997,-52.76247
4125510624.999997,-52.79089
4125511562.499997,-52.76906
4125512499.999997,-52.77619
4125513437.499997,-52.76488
4125514374.999997,-52.72132
4125515312.499997,-52.84947
4125516249.999997,-52.7849
4125517187.499997,-52.76028
4125518124.999997,-52.82985
4125519062.499997,-52.84121
4125519999.999997,-52.83846
4125520937.499997,-52.85318
4125521874.999997,-52.8303
4125522812.499997,-52.85129
4125523749.999997,-52.88112
4125524687.499997,-52.853
4125525624.999997,-52.88028
4125526562.499997,-52.82727
4125527499.999997,-52.83778
4125528437.499997,-52.83607
4125529374.999997,-52.88435
4125530312.499997,-52.82669
4125531249.999997,-52.79615
4125532187.499997,-52.79233
4125533124.999997,-52.81008
4125534062.499997,-52.79052
4125534999.999997,-52.96552
4125535937.499997,-52.85995
4125536874.999997,-52.85794
4125537812.499997,-52.85606
4125538749.999997,-52.89815
4125539687.499997,-52.80774
4125540624.999997,-52.89822
4125541562.499997,-52.87125
4125542499.999997,-52.80971
4125543437.499997,-52.95209
4125544374.999997,-52.87289
4125545312.499997,-52.90577
4125546249.999997,-52.87144
4125547187.499997,-52.87129
4125548124.999997,-52.8148
4125549062.499997,-52.92659
4125549999.999997,-52.87508
4125550937.499997,-52.92545
4125551874.999997,-52.98067
4125552812.499997,-52.91401
4125553749.999997,-52.98241
4125554687.499997,-52.9849
4125555624.999997,-52.94791
4125556562.499997,-52.86708
4125557499.999997,-52.91459
4125558437.499997,-52.92719
4125559374.999997,-52.95124
4125560312.499997,-52.95076
4125561249.999997,-52.93892
4125562187.499997,-52.9199
4125563124.999997,-52.95311
4125564062.499997,-52.92083
4125564999.999997,-53.00626
4125565937.499997,-52.95646
4125566874.999997,-52.98282
4125567812.499997,-52.9875
4125568749.999997,-52.93223
4125569687.499997,-52.94722
4125570624.999997,-52.99659
4125571562.499997,-53.00907
4125572499.999997,-53.06888
4125573437.499997,-52.98489
4125574374.999997,-53.05236
4125575312.499997,-53.00412
4125576249.999997,-52.98296
4125577187.499997,-53.00475
4125578124.999997,-53.06218
4125579062.499997,-53.03375
4125579999.999997,-52.94936
4125580937.499997,-53.00889
4125581874.999997,-52.97953
4125582812.499997,-53.06288
4125583749.999997,-52.99471
4125584687.499997,-53.04571
4125585624.999997,-52.90532
4125586562.499997,-53.02863
4125587499.999997,-53.05292
4125588437.499997,-53.03847
4125589374.999997,-52.99844
4125590312.499997,-53.03626
4125591249.999997,-53.09848
4125592187.499997,-53.04657
4125593124.999997,-53.06548
4125594062.499997,-53.12546
4125594999.999997,-53.09751
4125595937.499997,-53.07092
4125596874.999997,-53.09977
4125597812.499997,-52.98047
4125598749.999997,-53.1375
4125599687.499997,-53.12994
4125600624.999997,-53.03014
4125601562.499997,-53.09994
4125602499.999997,-53.09454
4125603437.499997,-53.16891
4125604374.999997,-53.15311
4125605312.499997,-53.14001
4125606249.999997,-53.0697
4125607187.499997,-53.11995
4125608124.999997,-53.12931
4125609062.499997,-53.14398
4125609999.999997,-53.0496
4125610937.499997,-53.23476
4125611874.999997,-53.15355
4125612812.499997,-53.17624
4125613749.999997,-53.08239
4125614687.499997,-53.08519
4125615624.999997,-53.18636
4125616562.499997,-53.03927
4125617499.999997,-53.13731
4125618437.499997,-53.08162
4125619374.999997,-53.09262
4125620312.499997,-53.12313
4125621249.999997,-53.08598
4125622187.499997,-53.2266
4125623124.999997,-53.17672
4125624062.499997,-53.12807
4125624999.999997,-53.20664
4125625937.499997,-53.15462
4125626874.999997,-53.16008
4125627812.499997,-53.14375
4125628749.999997,-53.20529
4125629687.499997,-53.1842
4125630624.999997,-53.19167
4125631562.499997,-53.14886
4125632499.999997,-53.24974
4125633437.499997,-53.20391
4125634374.999997,-53.16709
4125635312.499997,-53.20282
4125636249.999997,-53.23044
4125637187.499997,-53.1086
4125638124.999997,-53.20131
4125639062.499997,-53.21495
4125639999.999997,-53.17051
4125640937.499997,-53.26242
4125641874.999997,-53.2035
4125642812.499997,-53.18441
4125643749.999997,-53.30001
4125644687.499997,-53.20662
4125645624.999997,-53.16444
4125646562.499997,-53.26318
4125647499.999997,-53.21397
4125648437.499997,-53.35049
4125649374.999997,-53.23914
4125650312.499997,-53.26015
4125651249.999997,-53.20993
4125652187.499997,-53.24329
4125653124.999997,-53.26208
4125654062.499997,-53.25087
4125654999.999997,-53.28526
4125655937.499997,-53.26464
4125656874.999997,-53.21964
4125657812.499997,-53.27715
4125658749.999997,-53.22096
4125659687.499997,-53.33777
4125660624.999997,-53.32028
4125661562.499997,-53.26225
4125662499.999997,-53.32792
4125663437.499997,-53.28732
4125664374.999997,-53.33315
4125665312.499997,-53.2962
4125666249.999997,-53.35127
4125667187.499997,-53.27792
4125668124.999997,-53.29242
4125669062.499997,-53.27063
4125669999.999997,-53.29016
4125670937.499997,-53.20408
4125671874.999997,-53.32114
4125672812.499997,-53.37621
4125673749.999997,-53.44057
4125674687.499997,-53.3033
4125675624.999997,-53.29397
4125676562.499997,-53.32968
4125677499.999997,-53.33323
4125678437.499997,-53.29874
4125679374.999997,-53.31942
4125680312.499997,-53.36163
4125681249.999997,-53.36271
4125682187.499997,-53.30464
4125683124.999997,-53.422
4125684062.499997,-53.24638
4125684999.999997,-53.32933
4125685937.499997,-53.292
4125686874.999997,-53.39003
4125687812.499997,-53.39558
4125688749.999997,-53.33444
4125689687.499997,-53.3457
4125690624.999997,-53.32533
4125691562.499997,-53.4029
4125692499.999997,-53.28431
4125693437.499997,-53.37208
4125694374.999997,-53.43407
4125695312.499997,-53.44453
4125696249.999997,-53.37134
4125697187.499997,-53.39521
4125698124.999997,-53.35129
4125699062.499997,-53.43667
4125699999.999997,-53.38861
4125700937.499997,-53.39725
4125701874.999997,-53.41518
4125702812.499997,-53.40171
4125703749.999997,-53.43963
4125704687.499997,-53.3513
4125705624.999997,-53.45518
4125706562.499997,-53.43359
4125707499.999997,-53.47955
4125708437.499997,-53.43468
4125709374.999997,-53.46609
4125710312.499997,-53.36371
4125711249.999997,-53.5327
4125712187.499997,-53.40043
4125713124.999997,-53.45178
4125714062.499997,-53.45077
4125714999.999997,-53.47705
4125715937.499997,-53.39889
4125716874.999997,-53.41649
4125717812.499997,-53.41754
4125718749.999997,-53.44653
4125719687.499997,-53.49371
4125720624.999997,-53.46745
4125721562.499997,-53.51648
4125722499.999997,-53.47291
4125723437.499997,-53.43451
4125724374.999997,-53.50887
4125725312.499997,-53.5449
4125726249.999997,-53.48661
4125727187.499997,-53.45287
4125728124.999997,-53.5244
4125729062.499997,-53.514
4125729999.999997,-53.50164
4125730937.499997,-53.4935
4125731874.999997,-53.44054
4125732812.499997,-53.43671
4125733749.999997,-53.45589
4125734687.499997,-53.46575
4125735624.999997,-53.50014
4125736562.499997,-53.56945
4125737499.999997,-53.5056
4125738437.499997,-53.47657
4125739374.999997,-53.48919
4125740312.499997,-53.39368
4125741249.999997,-53.56637
4125742187.499997,-53.59629
4125743124.999997,-53.56322
4125744062.499997,-53.59219
4125744999.999997,-53.53014
4125745937.499997,-53.59671
4125746874.999997,-53.57343
4125747812.499997,-53.53334
4125748749.999997,-53.49435
4125749687.499997,-53.56887
4125750624.999997,-53.53898
4125751562.499997,-53.57919
4125752499.999997,-53.53279
4125753437.499997,-53.59282
4125754374.999997,-53.60695
4125755312.499997,-53.56052
4125756249.999997,-53.597
4125757187.499997,-53.58597
4125758124.999997,-53.63632
4125759062.499997,-53.62658
4125759999.999997,-53.62792
4125760937.499997,-53.65324
4125761874.999997,-53.64315
4125762812.499997,-53.52763
4125763749.999997,-53.5145
4125764687.499997,-53.55747
4125765624.999997,-53.51754
4125766562.499997,-53.56071
4125767499.999997,-53.49736
4125768437.499997,-53.57983
4125769374.999997,-53.62621
4125770312.499997,-53.59099
4125771249.999997,-53.62088
4125772187.499997,-53.64634
4125773124.999997,-53.61918
4125774062.499997,-53.54794
4125774999.999997,-53.61597
4125775937.499997,-53.61343
4125776874.999997,-53.64204
4125777812.499997,-53.50079
4125778749.999997,-53.63301
4125779687.499997,-53.56917
4125780624.999997,-53.67031
4125781562.499997,-53.57953
4125782499.999997,-53.65104
4125783437.499997,-53.54472
4125784374.999997,-53.65589
4125785312.499997,-53.66628
4125786249.999997,-53.58422
4125787187.499997,-53.63134
4125788124.999997,-53.72702
4125789062.499997,-53.71587
4125789999.999997,-53.6699
4125790937.499997,-53.65271
4125791874.999997,-53.67741
4125792812.499997,-53.56781
4125793749.999997,-53.66896
4125794687.499997,-53.63659
4125795624.999997,-53.70903
4125796562.499997,-53.67152
4125797499.999997,-53.69783
4125798437.499997,-53.72387
4125799374.999997,-53.70629
4125800312.499997,-53.75816
4125801249.999997,-53.77767
4125802187.499997,-53.78113
4125803124.999997,-53.77861
4125804062.499997,-53.69226
4125804999.999997,-53.7456
4125805937.499997,-53.73071
4125806874.999997,-53.6685
4125807812.499997,-53.72245
4125808749.999997,-53.703
4125809687.499997,-53.73985
4125810624.999997,-53.75887
4125811562.499997,-53.73643
4125812499.999997,-53.68158
4125813437.499997,-53.82505
4125814374.999997,-53.69611
4125815312.499997,-53.74848
4125816249.999997,-53.85058
4125817187.499997,-53.78462
4125818124.999997,-53.86973
4125819062.499997,-53.72755
4125819999.999997,-53.73591
4125820937.499997,-53.79808
4125821874.999997,-53.86334
4125822812.499997,-53.74834
4125823749.999997,-53.85241
4125824687.499997,-53.83747
4125825624.999997,-53.75777
4125826562.499997,-53.74324
4125827499.999997,-53.85264
4125828437.499997,-53.73073
4125829374.999997,-53.88431
4125830312.499997,-53.74953
4125831249.999997,-53.79808
4125832187.499997,-53.77214
4125833124.999997,-53.80587
4125834062.499997,-53.72508
4125834999.999997,-53.77848
4125835937.499997,-53.85585
4125836874.999997,-53.86691
4125837812.499997,-53.82003
4125838749.999997,-53.86048
4125839687.499997,-53.84846
4125840624.999997,-53.84047
4125841562.499997,-53.89296
4125842499.999997,-53.91659
4125843437.499997,-53.87519
4125844374.999997,-53.86266
4125845312.499997,-53.89103
4125846249.999997,-53.80691
4125847187.499997,-53.82871
4125848124.999997,-53.88413
4125849062.499997,-53.87194
4125849999.999997,-53.86523
4125850937.499997,-53.84035
4125851874.999997,-53.83927
4125852812.499997,-53.83356
4125853749.999997,-53.91687
4125854687.499997,-53.87924
4125855624.999997,-53.85022
4125856562.499997,-53.88985
4125857499.999997,-53.91286
4125858437.499997,-53.92579
4125859374.999997,-53.93557
4125860312.499997,-53.84627
4125861249.999997,-53.93548
4125862187.499997,-53.89852
4125863124.999997,-53.90442
4125864062.499997,-53.97144
4125864999.999997,-53.85172
4125865937.499997,-53.89178
4125866874.999997,-53.92348
4125867812.499997,-53.94424
4125868749.999997,-53.88512
4125869687.499997,-53.96508
4125870624.999997,-53.84619
4125871562.499997,-53.87185
4125872499.999997,-53.84425
4125873437.499997,-53.93438
4125874374.999997,-53.97377
4125875312.499997,-53.89638
4125876249.999997,-53.87775
4125877187.499997,-53.94688
4125878124.999997,-53.90227
4125879062.499997,-53.89765
4125879999.999997,-53.95301
4125880937.499997,-54.01232
4125881874.999997,-53.97878
4125882812.499997,-53.95664
4125883749.999997,-54.07113
4125884687.499997,-53.89985
4125885624.999997,-53.98302
4125886562.499997,-54.01715
4125887499.999997,-54.04131
4125888437.499997,-53.96712
4125889374.999997,-54.06577
4125890312.499997,-53.99811
4125891249.999997,-54.03158
4125892187.499997,-54.03005
4125893124.999997,-54.03845
4125894062.499997,-53.99363
4125894999.999997,-54.06379
4125895937.499997,-53.97778
4125896874.999997,-53.93888
4125897812.499997,-54.14163
4125898749.999997,-54.02142
4125899687.499997,-54.01069
4125900624.999997,-54.03563
4125901562.499997,-54.01101
4125902499.999997,-54.0308
4125903437.499997,-54.08102
4125904374.999997,-53.91895
4125905312.499997,-54.05989
4125906249.999997,-53.99011
4125907187.499997,-53.99714
4125908124.999997,-54.01214
4125909062.499997,-54.10594
4125909999.999997,-54.03687
4125910937.499997,-53.99007
4125911874.999997,-54.02634
4125912812.499997,-53.99981
4125913749.999997,-53.99396
4125914687.499997,-54.03737
4125915624.999997,-54.12088
4125916562.499997,-54.07259
4125917499.999997,-54.04911
4125918437.499997,-54.0264
4125919374.999997,-54.13959
4125920312.499997,-54.06739
4125921249.999997,-54.14153
4125922187.499997,-54.06335
4125923124.999997,-54.16739
4125924062.499997,-54.16519
4125924999.999997,-54.02332
4125925937.499997,-54.07698
4125926874.999997,-54.1801
4125927812.499997,-54.05764
4125928749.999997,-54.10295
4125929687.499997,-54.14808
4125930624.999997,-54.13885
4125931562.499997,-54.12602
4125932499.999997,-54.07367
4125933437.499997,-54.12746
4125934374.999997,-54.17229
4125935312.499997,-54.15679
4125936249.999997,-54.07449
4125937187.499997,-54.16483
4125938124.999997,-54.18037
4125939062.499997,-54.08067
4125939999.999997,-54.16105
4125940937.499997,-54.02006
4125941874.999997,-54.11133
4125942812.499997,-54.12235
4125943749.999997,-54.08093
4125944687.499997,-54.13808
4125945624.999997,-54.09431
4125946562.499997,-54.12046
4125947499.999997,-54.10975
4125948437.499997,-54.14507
4125949374.999997,-54.18442
4125950312.499997,-54.16603
4125951249.999997,-54.15613
4125952187.499997,-54.1961
4125953124.999997,-54.22364
4125954062.499997,-54.16605
4125954999.999997,-54.10251
4125955937.499997,-54.20594
4125956874.999997,-54.14174
4125957812.499997,-54.21054
4125958749.999997,-54.11273
4125959687.499997,-54.1353
4125960624.999997,-54.14067
4125961562.499997,-54.2114
4125962499.999997,-54.21832
4125963437.499997,-54.16008
4125964374.999997,-54.21392
4125965312.499997,-54.1722
4125966249.999997,-54.26169
4125967187.499997,-54.15313
4125968124.999997,-54.22884
4125969062.499997,-54.09882
4125969999.999997,-54.2081
4125970937.499997,-54.12851
4125971874.999997,-54.22438
4125972812.499997,-54.32628
4125973749.999997,-54.2353
4125974687.499997,-54.26693
4125975624.999997,-54.29418
4125976562.499997,-54.2856
4125977499.999997,-54.24844
4125978437.499997,-54.25521
4125979374.999997,-54.16608
4125980312.499997,-54.24761
4125981249.999997,-54.29914
4125982187.499997,-54.18966
4125983124.999997,-54.28837
4125984062.499997,-54.26831
4125984999.999997,-54.34591
4125985937.499997,-54.26673
4125986874.999997,-54.22343
4125987812.499997,-54.21926
4125988749.999997,-54.39675
4125989687.499997,-54.28687
4125990624.999997,-54.2429
4125991562.499997,-54.30543
4125992499.999997,-54.29317
4125993437.499997,-54.2968
4125994374.999997,-54.21368
4125995312.499997,-54.30337
4125996249.999997,-54.34566
4125997187.499997,-54.3087
4125998124.999997,-54.25677
4125999062.499997,-54.42248
4125999999.999997,-54.28191
4126000937.499997,-54.27607
4126001874.999997,-54.29574
4126002812.499997,-54.39999
4126003749.999997,-54.345
4126004687.499997,-54.26191
4126005624.999997,-54.31644
4126006562.499997,-54.32665
4126007499.999997,-54.26646
4126008437.499997,-54.4682
4126009374.999997,-54.39256
4126010312.499997,-54.35387
4126011249.999997,-54.384
4126012187.499997,-54.24857
4126013124.999997,-54.38055
4126014062.499997,-54.42356
4126014999.999997,-54.31364
4126015937.499997,-54.24068
4126016874.999997,-54.36415
4126017812.499997,-54.38587
4126018749.999997,-54.43386
4126019687.499997,-54.37093
4126020624.999997,-54.38427
4126021562.499997,-54.39508
4126022499.999997,-54.41903
4126023437.499997,-54.34719
4126024374.999997,-54.40757
4126025312.499997,-54.35806
4126026249.999997,-54.4364
4126027187.499997,-54.43681
4126028124.999997,-54.46223
4126029062.499997,-54.31286
4126029999.999997,-54.4464
4126030937.499997,-54.39314
4126031874.999997,-54.42714
4126032812.499997,-54.32663
4126033749.999997,-54.44093
4126034687.499997,-54.264
4126035624.999997,-54.41563
4126036562.499997,-54.32951
4126037499.999997,-54.42872
4126038437.499997,-54.5298
4126039374.999997,-54.46239
4126040312.499997,-54.47665
4126041249.999997,-54.46325
4126042187.499997,-54.50676
4126043124.999997,-54.52746
4126044062.499997,-54.45026
4126044999.999997,-54.37926
4126045937.499997,-54.38178
4126046874.999997,-54.42914
4126047812.499997,-54.38174
4126048749.999997,-54.51053
4126049687.499997,-54.41331
4126050624.999997,-54.54272
4126051562.499997,-54.42413
4126052499.999997,-54.36869
4126053437.499997,-54.40934
4126054374.999997,-54.39935
4126055312.499997,-54.50822
4126056249.999997,-54.4059
4126057187.499997,-54.47725
4126058124.999997,-54.51927
4126059062.499997,-54.4329
4126059999.999997,-54.5263
4126060937.499997,-54.49913
4126061874.999997,-54.5539
4126062812.499997,-54.46741
4126063749.999997,-54.52825
4126064687.499997,-54.48061
4126065624.999997,-54.49332
4126066562.499997,-54.47515
4126067499.999997,-54.49177
4126068437.499997,-54.51438
4126069374.999997,-54.44921
4126070312.499997,-54.59609
4126071249.999997,-54.51371
4126072187.499997,-54.46457
4126073124.999997,-54.44862
4126074062.499997,-54.50117
4126074999.999997,-54.49699
4126075937.499997,-54.53597
4126076874.999997,-54.47525
4126077812.499997,-54.50057
4126078749.999997,-54.57627
4126079687.499997,-54.51305
4126080624.999997,-54.55622
4126081562.499997,-54.48323
4126082499.999997,-54.54744
4126083437.499997,-54.59307
4126084374.999997,-54.58399
4126085312.499997,-54.64666
4126086249.999997,-54.64416
4126087187.499997,-54.52856
4126088124.999997,-54.56746
4126089062.499997,-54.5765
4126089999.999997,-54.4899
4126090937.499997,-54.49971
4126091874.999997,-54.56317
4126092812.499997,-54.55982
4126093749.999997,-54.51171
4126094687.499997,-54.53005
4126095624.999997,-54.58389
4126096562.499997,-54.67255
4126097499.999997,-54.62049
4126098437.499997,-54.51494
4126099374.999997,-54.58825
4126100312.499997,-54.5555
4126101249.999997,-54.6845
4126102187.499997,-54.53486
4126103124.999997,-54.67583
4126104062.499997,-54.63261
4126104999.999997,-54.69216
4126105937.499997,-54.67862
4126106874.999997,-54.53677
4126107812.499997,-54.64384
4126108749.999997,-54.58811
4126109687.499997,-54.64666
4126110624.999997,-54.62447
4126111562.499997,-54.70174
4126112499.999997,-54.61596
4126113437.499997,-54.7002
4126114374.999997,-54.68319
4126115312.499997,-54.63648
4126116249.999997,-54.72875
4126117187.499997,-54.6138
4126118124.999997,-54.7016
4126119062.499997,-54.6394
4126119999.999997,-54.66591
4126120937.499997,-54.60585
4126121874.999997,-54.66187
4126122812.499997,-54.67878
4126123749.999997,-54.62582
4126124687.499997,-54.58778
4126125624.999997,-54.66531
4126126562.499997,-54.58801
4126127499.999997,-54.74299
4126128437.499997,-54.69405
4126129374.999997,-54.70917
4126130312.499997,-54.67735
4126131249.999997,-54.6511
4126132187.499997,-54.67535
4126133124.999997,-54.69489
4126134062.499997,-54.71201
4126134999.999997,-54.71491
4126135937.499997,-54.77781
4126136874.999997,-54.73789
4126137812.499997,-54.675
4126138749.999997,-54.66836
4126139687.499997,-54.72317
4126140624.999997,-54.67565
4126141562.499997,-54.72667
4126142499.999997,-54.69471
4126143437.499997,-54.74982
4126144374.999997,-54.67642
4126145312.499997,-54.74199
4126146249.999997,-54.78624
4126147187.499997,-54.71835
4126148124.999997,-54.75138
4126149062.499997,-54.75303
4126149999.999997,-54.77005
4126150937.499997,-54.71387
4126151874.999997,-54.82064
4126152812.499997,-54.80845
4126153749.999997,-54.74688
4126154687.499997,-54.77552
4126155624.999997,-54.68505
4126156562.499997,-54.9439
4126157499.999997,-54.69808
4126158437.499997,-54.7966
4126159374.999997,-54.7665
4126160312.499997,-54.81613
4126161249.999997,-54.79133
4126162187.499997,-54.82549
4126163124.999997,-54.78957
4126164062.499997,-54.74764
4126164999.999997,-54.83055
4126165937.499997,-54.80069
4126166874.999997,-54.77853
4126167812.499997,-54.7593
4126168749.999997,-54.8485
4126169687.499997,-54.7998
4126170624.999997,-54.90864
4126171562.499997,-54.81702
4126172499.999997,-54.74356
4126173437.499997,-54.74922
4126174374.999997,-54.72607
4126175312.499997,-54.7672
4126176249.999997,-54.8435
4126177187.499997,-54.79509
4126178124.999997,-54.8737
4126179062.499997,-54.88554
4126179999.999997,-54.83475
4126180937.499997,-54.84719
4126181874.999997,-54.80319
4126182812.499997,-54.79929
4126183749.999997,-54.74891
4126184687.499997,-54.75914
4126185624.999997,-54.86639
4126186562.499997,-54.81768
4126187499.999997,-54.76143
4126188437.499997,-54.8961
4126189374.999997,-54.92368
4126190312.499997,-54.85991
4126191249.999997,-54.81126
4126192187.499997,-54.82156
4126193124.999997,-54.84667
4126194062.499997,-54.71733
4126194999.999997,-54.88504
4126195937.499997,-54.79976
4126196874.999997,-54.90421
4126197812.499997,-54.9115
4126198749.999997,-54.91643
4126199687.499997,-54.88231
4126200624.999997,-54.90358
4126201562.499997,-54.99148
4126202499.999997,-54.79967
4126203437.499997,-54.91738
4126204374.999997,-54.87023
4126205312.499997,-54.79551
4126206249.999997,-54.77917
4126207187.499997,-54.88892
4126208124.999997,-54.81955
4126209062.499997,-54.97583
4126209999.999997,-54.94891
4126210937.499997,-54.95578
4126211874.999997,-54.90258
4126212812.499997,-54.9113
4126213749.999997,-54.98177
4126214687.499997,-54.96115
4126215624.999997,-54.95743
4126216562.499997,-54.86362
4126217499.999997,-54.91634
4126218437.499997,-54.94741
4126219374.999997,-54.88697
4126220312.499997,-55.04429
4126221249.999997,-55.00773
4126222187.499997,-54.93193
4126223124.999997,-54.88251
4126224062.499997,-55.01461
4126224999.999997,-54.98362
4126225937.499997,-54.95838
4126226874.999997,-54.91096
4126227812.499997,-54.97341
4126228749.999997,-54.99119
4126229687.499997,-54.9341
4126230624.999997,-54.97822
4126231562.499997,-54.93631
4126232499.999997,-54.93217
4126233437.499997,-54.98859
4126234374.999997,-55.00863
4126235312.499997,-54.98242
4126236249.999997,-54.94898
4126237187.499997,-54.98217
4126238124.999997,-55.02692
4126239062.499997,-54.94693
4126239999.999997,-55.01205
4126240937.499997,-55.02246
4126241874.999997,-54.99721
4126242812.499997,-55.00246
4126243749.999997,-54.98362
4126244687.499997,-54.96946
4126245624.999997,-55.04399
4126246562.499997,-54.98507
4126247499.999997,-54.92141
4126248437.499997,-55.001
4126249374.999997,-55.02211
4126250312.499997,-55.01086
4126251249.999997,-55.01451
4126252187.499997,-55.00261
4126253124.999997,-55.02814
4126254062.499997,-55.09939
4126254999.999997,-55.00938
4126255937.499997,-54.98649
4126256874.999997,-54.914
4126257812.499997,-54.97036
4126258749.999997,-54.98386
4126259687.499997,-54.98901
4126260624.999997,-55.0547
4126261562.499997,-55.06582
4126262499.999997,-55.04257
4126263437.499997,-55.00327
4126264374.999997,-54.95275
4126265312.499997,-55.10607
4126266249.999997,-55.12831
4126267187.499997,-54.9831
4126268124.999997,-55.07368
4126269062.499997,-55.04632
4126269999.999997,-55.06889
4126270937.499997,-55.04291
4126271874.999997,-55.06546
4126272812.499997,-55.13327
4126273749.999997,-55.06081
4126274687.499997,-55.15764
4126275624.999997,-55.07956
4126276562.499997,-55.10816
4126277499.999997,-55.02924
4126278437.499997,-55.04581
4126279374.999997,-55.00806
4126280312.499997,-55.09648
4126281249.999997,-55.05505
4126282187.499997,-55.10565
4126283124.999997,-55.0875
4126284062.499997,-55.04514
4126284999.999997,-55.09613
4126285937.499997,-55.10593
4126286874.999997,-55.14827
4126287812.499997,-55.13489
4126288749.999997,-55.03304
4126289687.499997,-55.1294
4126290624.999997,-55.12057
4126291562.499997,-55.13355
4126292499.999997,-55.10564
4126293437.499997,-55.10542
4126294374.999997,-55.12292
4126295312.499997,-55.1382
4126296249.999997,-55.11048
4126297187.499997,-55.14783
4126298124.999997,-55.22625
4126299062.499997,-55.10405
4126299999.999997,-55.13686
4126300937.499997,-55.07191
4126301874.999997,-55.01241
4126302812.499997,-55.17249
4126303749.999997,-55.21266
4126304687.499997,-55.09443
4126305624.999997,-55.22692
4126306562.499997,-55.23769
4126307499.999997,-55.15782
4126308437.499997,-55.16574
4126309374.999997,-55.28527
4126310312.499997,-55.14465
4126311249.999997,-55.13766
4126312187.499997,-55.09358
4126313124.999997,-55.13546
4126314062.499997,-55.25163
4126314999.999997,-55.20496
4126315937.499997,-55.05336
4126316874.999997,-55.14907
4126317812.499997,-55.2112
4126318749.999997,-55.29455
4126319687.499997,-55.09703
4126320624.999997,-55.22836
4126321562.499997,-55.23259
4126322499.999997,-55.22846
4126323437.499997,-55.19836
4126324374.999997,-55.1643
4126325312.499997,-55.24824
4126326249.999997,-55.19387
4126327187.499997,-55.25532
4126328124.999997,-55.16809
4126329062.499997,-55.24905
4126329999.999997,-55.27452
4126330937.499997,-55.32946
4126331874.999997,-55.26592
4126332812.499997,-55.35749
4126333749.999997,-55.19135
4126334687.499997,-55.17945
4126335624.999997,-55.19211
4126336562.499997,-55.27521
4126337499.999997,-55.1799
4126338437.499997,-55.37666
4126339374.999997,-55.13566
4126340312.499997,-55.20575
4126341249.999997,-55.22786
4126342187.499997,-55.28509
4126343124.999997,-55.32454
4126344062.499997,-55.20776
4126344999.999997,-55.35232
4126345937.499997,-55.15697
4126346874.999997,-55.19345
4126347812.499997,-55.25596
4126348749.999997,-55.24472
4126349687.499997,-55.22473
4126350624.999997,-55.26249
4126351562.499997,-55.32571
4126352499.999997,-55.18162
4126353437.499997,-55.31898
4126354374.999997,-55.22675
4126355312.499997,-55.331
4126356249.999997,-55.34721
4126357187.499997,-55.30559
4126358124.999997,-55.3157
4126359062.499997,-55.23875
4126359999.999997,-55.32529
4126360937.499997,-55.35239
4126361874.999997,-55.29838
4126362812.499997,-55.27465
4126363749.999997,-55.35504
4126364687.499997,-55.34942
4126365624.999997,-55.4748
4126366562.499997,-55.31573
4126367499.999997,-55.21539
4126368437.499997,-55.18071
4126369374.999997,-55.42585
4126370312.499997,-55.2943
4126371249.999997,-55.24174
4126372187.499997,-55.32317
4126373124.999997,-55.36444
4126374062.499997,-55.2718
4126374999.999997,-55.23972
4126375937.499997,-55.28514
4126376874.999997,-55.24872
4126377812.499997,-55.3876
4126378749.999997,-55.32214
4126379687.499997,-55.33044
4126380624.999997,-55.35897
4126381562.499997,-55.34483
4126382499.999997,-55.26303
4126383437.499997,-55.32915
4126384374.999997,-55.37955
4126385312.499997,-55.42826
4126386249.999997,-55.36108
4126387187.499997,-55.51197
4126388124.999997,-55.4066
4126389062.499997,-55.46547
4126389999.999997,-55.29831
4126390937.499997,-55.33646
4126391874.999997,-55.34141
4126392812.499997,-55.3635
4126393749.999997,-55.43347
4126394687.499997,-55.35602
4126395624.999997,-55.42958
4126396562.499997,-55.42101
4126397499.999997,-55.3498
4126398437.499997,-55.41018
4126399374.999997,-55.31517
4126400312.499997,-55.34545
4126401249.999997,-55.47569
4126402187.499997,-55.34521
4126403124.999997,-55.37333
4126404062.499997,-55.39378
4126404999.999997,-55.35272
4126405937.499997,-55.50276
4126406874.999997,-55.36893
4126407812.499997,-55.52079
4126408749.999997,-55.43258
4126409687.499997,-55.36776
4126410624.999997,-55.36536
4126411562.499997,-55.4898
4126412499.999997,-55.38407
4126413437.499997,-55.47743
4126414374.999997,-55.36513
4126415312.499997,-55.49104
4126416249.999997,-55.46309
4126417187.499997,-55.4667
4126418124.999997,-55.40529
4126419062.499997,-55.39155
4126419999.999997,-55.45648
4126420937.499997,-55.35781
4126421874.999997,-55.37781
4126422812.499997,-55.43732
4126423749.999997,-55.54015
4126424687.499997,-55.35854
4126425624.999997,-55.3787
4126426562.499997,-55.48807
4126427499.999997,-55.47807
4126428437.499997,-55.43
4126429374.999997,-55.41588
4126430312.499997,-55.36503
4126431249.999997,-55.38281
4126432187.499997,-55.40524
4126433124.999997,-55.54214
4126434062.499997,-55.44958
4126434999.999997,-55.49305
4126435937.499997,-55.53761
4126436874.999997,-55.49585
4126437812.499997,-55.5028
4126438749.999997,-55.46753
4126439687.499997,-55.44823
4126440624.999997,-55.54992
4126441562.499997,-55.44504
4126442499.999997,-55.36065
4126443437.499997,-55.53967
4126444374.999997,-55.41481
4126445312.499997,-55.51941
4126446249.999997,-55.38894
4126447187.499997,-55.43718
4126448124.999997,-55.45634
4126449062.499997,-55.54528
4126449999.999997,-55.54551
4126450937.499997,-55.50731
4126451874.999997,-55.50212
4126452812.499997,-55.45862
4126453749.999997,-55.61884
4126454687.499997,-55.48155
4126455624.999997,-55.52352
4126456562.499997,-55.59517
4126457499.999997,-55.58802
4126458437.499997,-55.57372
4126459374.999997,-55.46164
4126460312.499997,-55.4724
4126461249.999997,-55.49352
4126462187.499997,-55.56921
4126463124.999997,-55.49332
4126464062.499997,-55.5267
4126464999.999997,-55.55022
4126465937.499997,-55.4869
4126466874.999997,-55.59336
4126467812.499997,-55.56718
4126468749.999997,-55.56429
4126469687.499997,-55.51842
4126470624.999997,-55.54976
4126471562.499997,-55.51958
4126472499.999997,-55.62654
4126473437.499997,-55.60907
4126474374.999997,-55.55555
4126475312.499997,-55.51633
4126476249.999997,-55.49788
4126477187.499997,-55.62551
4126478124.999997,-55.62306
4126479062.499997,-55.72857
4126479999.999997,-55.61238
4126480937.499997,-55.60262
4126481874.999997,-55.49026
4126482812.499997,-55.58332
4126483749.999997,-55.59266
4126484687.499997,-55.55581
4126485624.999997,-55.62065
4126486562.499997,-55.66311
4126487499.999997,-55.58501
4126488437.499997,-55.59181
4126489374.999997,-55.56549
4126490312.499997,-55.63752
4126491249.999997,-55.68177
4126492187.499997,-55.67176
4126493124.999997,-55.66412
4126494062.499997,-55.55117
4126494999.999997,-55.67347
4126495937.499997,-55.60268
4126496874.999997,-55.63408
4126497812.499997,-55.60978
4126498749.999997,-55.72207
4126499687.499997,-55.71605
4126500624.999997,-55.57771
4126501562.499997,-55.61358
4126502499.999997,-55.54661
4126503437.499997,-55.65798
4126504374.999997,-55.73324
4126505312.499997,-55.63503
4126506249.999997,-55.70578
4126507187.499997,-55.6863
4126508124.999997,-55.60965
4126509062.499997,-55.68271
4126509999.999997,-55.57817
4126510937.499997,-55.70749
4126511874.999997,-55.55876
4126512812.499997,-55.64033
4126513749.999997,-55.57612
4126514687.499997,-55.72561
4126515624.999997,-55.70669
4126516562.499997,-55.59352
4126517499.999997,-55.63348
4126518437.499997,-55.57627
4126519374.999997,-55.69852
4126520312.499997,-55.56003
4126521249.999997,-55.73072
4126522187.499997,-55.71152
4126523124.999997,-55.68042
4126524062.499997,-55.78111
4126524999.999997,-55.62652
4126525937.499997,-55.81629
4126526874.999997,-55.71513
4126527812.499997,-55.63964
4126528749.999997,-55.76128
4126529687.499997,-55.70107
4126530624.999997,-55.75253
4126531562.499997,-55.76323
4126532499.999997,-55.62623
4126533437.499997,-55.81577
4126534374.999997,-55.6861
4126535312.499997,-55.72997
4126536249.999997,-55.6815
4126537187.499997,-55.58383
4126538124.999997,-55.77147
4126539062.499997,-55.66
4126539999.999997,-55.74329
4126540937.499997,-55.76627
4126541874.999997,-55.65246
4126542812.499997,-55.72942
4126543749.999997,-55.73287
4126544687.499997,-55.7491
4126545624.999997,-55.74921
4126546562.499997,-55.83204
4126547499.999997,-55.73833
4126548437.499997,-55.8514
4126549374.999997,-55.84804
4126550312.499997,-55.78861
4126551249.999997,-55.79689
4126552187.499997,-55.7357
4126553124.999997,-55.79749
4126554062.499997,-55.72187
4126554999.999997,-55.67216
4126555937.499997,-55.76681
4126556874.999997,-55.79525
4126557812.499997,-55.87973
4126558749.999997,-55.73751
4126559687.499997,-55.76993
4126560624.999997,-55.75212
4126561562.499997,-55.77238
4126562499.999997,-55.70828
4126563437.499997,-55.81789
4126564374.999997,-55.85788
4126565312.499997,-55.88776
4126566249.999997,-55.82957
4126567187.499997,-55.83946
4126568124.999997,-55.85759
4126569062.499997,-55.79944
4126569999.999997,-55.68277
4126570937.499997,-55.74977
4126571874.999997,-55.72187
4126572812.499997,-55.76289
4126573749.999997,-55.80524
4126574687.499997,-55.83406
4126575624.999997,-55.80145
4126576562.499997,-55.74561
4126577499.999997,-55.84003
4126578437.499997,-55.82689
4126579374.999997,-55.74426
4126580312.499997,-55.82415
4126581249.999997,-55.75915
4126582187.499997,-55.83228
4126583124.999997,-55.85646
4126584062.499997,-55.73666
4126584999.999997,-55.80706
4126585937.499997,-55.88392
4126586874.999997,-55.8331
4126587812.499997,-55.90754
4126588749.999997,-55.93607
4126589687.499997,-55.83233
4126590624.999997,-55.88778
4126591562.499997,-55.89383
4126592499.999997,-55.95113
4126593437.499997,-55.96278
4126594374.999997,-55.84603
4126595312.499997,-55.93074
4126596249.999997,-55.88938
4126597187.499997,-55.8428
4126598124.999997,-55.87059
4126599062.499997,-55.83859
4126599999.999997,-55.83926
4126600937.499997,-55.92178
4126601874.999997,-55.90979
4126602812.499997,-55.8712
4126603749.999997,-55.83075
4126604687.499997,-55.79241
4126605624.999997,-55.95909
4126606562.499997,-55.92023
4126607499.999997,-55.83648
4126608437.499997,-55.90277
4126609374.999997,-55.91382
4126610312.499997,-55.90567
4126611249.999997,-55.876
4126612187.499997,-55.86618
4126613124.999997,-55.87385
4126614062.499997,-55.81477
4126614999.999997,-55.95171
4126615937.499997,-55.88703
4126616874.999997,-55.94153
4126617812.499997,-55.91319
4126618749.999997,-55.94677
4126619687.499997,-55.914
4126620624.999997,-55.95415
4126621562.499997,-56.03746
4126622499.999997,-55.91565
4126623437.499997,-55.9186
4126624374.999997,-55.89862
4126625312.499997,-55.91659
4126626249.999997,-55.95179
4126627187.499997,-55.96294
4126628124.999997,-55.95961
4126629062.499997,-55.88258
4126629999.999997,-55.83671
4126630937.499997,-56.0006
4126631874.999997,-55.94568
4126632812.499997,-56.06938
4126633749.999997,-55.99694
4126634687.499997,-55.97893
4126635624.999997,-55.87817
4126636562.499997,-55.8714
4126637499.999997,-55.96581
4126638437.499997,-55.89791
4126639374.999997,-55.92547
4126640312.499997,-56.11494
4126641249.999997,-55.94828
4126642187.499997,-56.03662
4126643124.999997,-55.93646
4126644062.499997,-55.91953
4126644999.999997,-55.95374
4126645937.499997,-55.95761
4126646874.999997,-55.86188
4126647812.499997,-56.06935
4126648749.999997,-55.95695
4126649687.499997,-56.01178
4126650624.999997,-55.8857
4126651562.499997,-55.91626
4126652499.999997,-56.04819
4126653437.499997,-56.03882
4126654374.999997,-56.01112
4126655312.499997,-56.10823
4126656249.999997,-56.03143
4126657187.499997,-55.98683
4126658124.999997,-55.97465
4126659062.499997,-56.07862
4126659999.999997,-55.99442
4126660937.499997,-56.15555
4126661874.999997,-55.97044
4126662812.499997,-56.01965
4126663749.999997,-55.90847
4126664687.499997,-56.06664
4126665624.999997,-56.0402
4126666562.499997,-56.02066
4126667499.999997,-55.99292
4126668437.499997,-56.04668
4126669374.999997,-56.06053
4126670312.499997,-55.95533
4126671249.999997,-56.00305
4126672187.499997,-56.09258
4126673124.999997,-56.02513
4126674062.499997,-56.06659
4126674999.999997,-55.9862
4126675937.499997,-56.08455
4126676874.999997,-56.16975
4126677812.499997,-56.03221
4126678749.999997,-56.04788
4126679687.499997,-56.04436
4126680624.999997,-56.11355
4126681562.499997,-56.14006
4126682499.999997,-56.04546
4126683437.499997,-56.13559
4126684374.999997,-56.11016
4126685312.499997,-56.08392
4126686249.999997,-55.99295
4126687187.499997,-56.05433
4126688124.999997,-56.11161
4126689062.499997,-56.06692
4126689999.999997,-56.04167
4126690937.499997,-56.06926
4126691874.999997,-56.09011
4126692812.499997,-56.21394
4126693749.999997,-56.08611
4126694687.499997,-56.03579
4126695624.999997,-56.25357
4126696562.499997,-56.09655
4126697499.999997,-56.08147
4126698437.499997,-56.04145
4126699374.999997,-56.09693
4126700312.499997,-56.02296
4126701249.999997,-56.06536
4126702187.499997,-55.96003
4126703124.999997,-56.12981
4126704062.499997,-56.04163
4126704999.999997,-56.12498
4126705937.499997,-56.08222
4126706874.999997,-56.1926
4126707812.499997,-56.06355
4126708749.999997,-56.13344
4126709687.499997,-56.25843
4126710624.999997,-56.16844
4126711562.499997,-56.00744
4126712499.999997,-56.13853
4126713437.499997,-56.13626
4126714374.999997,-56.15855
4126715312.499997,-56.08075
4126716249.999997,-56.16702
4126717187.499997,-56.20212
4126718124.999997,-56.06712
4126719062.499997,-56.25768
4126719999.999997,-56.10901
4126720937.499997,-56.25896
4126721874.999997,-56.21648
4126722812.499997,-56.17367
4126723749.999997,-56.17946
4126724687.499997,-56.14986
4126725624.999997,-56.20527
4126726562.499997,-56.13471
4126727499.999997,-56.11726
4126728437.499997,-56.20364
4126729374.999997,-56.10679
4126730312.499997,-56.21275
4126731249.999997,-56.09074
4126732187.499997,-56.13179
4126733124.999997,-56.14596
4126734062.499997,-56.24947
4126734999.999997,-56.08842
4126735937.499997,-56.21869
4126736874.999997,-56.21894
4126737812.499997,-56.12755
4126738749.999997,-56.14224
4126739687.499997,-56.33833
4126740624.999997,-56.21494
4126741562.499997,-56.2559
4126742499.999997,-56.38187
4126743437.499997,-56.26458
4126744374.999997,-56.23025
4126745312.499997,-56.09897
4126746249.999997,-56.11069
4126747187.499997,-56.19327
4126748124.999997,-56.27023
4126749062.499997,-56.27485
4126749999.999997,-56.17889
4126750937.499997,-56.20753
4126751874.999997,-56.1257
4126752812.499997,-56.26888
4126753749.999997,-56.15197
4126754687.499997,-56.30046
4126755624.999997,-56.30293
4126756562.499997,-56.25603
4126757499.999997,-56.39257
4126758437.499997,-56.1866
4126759374.999997,-56.26239
4126760312.499997,-56.16459
4126761249.999997,-56.36684
4126762187.499997,-56.2331
4126763124.999997,-56.25771
4126764062.499997,-56.24943
4126764999.999997,-56.28372
4126765937.499997,-56.34048
4126766874.999997,-56.31939
4126767812.499997,-56.23883
4126768749.999997,-56.31535
4126769687.499997,-56.2243
4126770624.999997,-56.34458
4126771562.499997,-56.25415
4126772499.999997,-56.27398
4126773437.499997,-56.34173
4126774374.999997,-56.24363
4126775312.499997,-56.25935
4126776249.999997,-56.27343
4126777187.499997,-56.31046
4126778124.999997,-56.32964
4126779062.499997,-56.33504
4126779999.999997,-56.32743
4126780937.499997,-56.29247
4126781874.999997,-56.36045
4126782812.499997,-56.22132
4126783749.999997,-56.31839
4126784687.499997,-56.37143
4126785624.999997,-56.29791
4126786562.499997,-56.25888
4126787499.999997,-56.17558
4126788437.499997,-56.2933
4126789374.999997,-56.31023
4126790312.499997,-56.25161
4126791249.999997,-56.33939
4126792187.499997,-56.34499
4126793124.999997,-56.37861
4126794062.499997,-56.36132
4126794999.999997,-56.33183
4126795937.499997,-56.35584
4126796874.999997,-56.33246
4126797812.499997,-56.35007
4126798749.999997,-56.39452
4126799687.499997,-56.4043
4126800624.999997,-56.37849
4126801562.499997,-56.33106
4126802499.999997,-56.41799
4126803437.499997,-56.24952
4126804374.999997,-56.39358
4126805312.499997,-56.32321
4126806249.999997,-56.50029
4126807187.499997,-56.35015
4126808124.999997,-56.33133
4126809062.499997,-56.43053
4126809999.999997,-56.25266
4126810937.499997,-56.44706
4126811874.999997,-56.3882
4126812812.499997,-56.26717
4126813749.999997,-56.37515
4126814687.499997,-56.31798
4126815624.999997,-56.39322
4126816562.499997,-56.3757
4126817499.999997,-56.39184
4126818437.499997,-56.37173
4126819374.999997,-56.35339
4126820312.499997,-56.40073
4126821249.999997,-56.4542
4126822187.499997,-56.36588
4126823124.999997,-56.35744
4126824062.499997,-56.28922
4126824999.999997,-56.46798
4126825937.499997,-56.43298
4126826874.999997,-56.45099
4126827812.499997,-56.48116
4126828749.999997,-56.44785
4126829687.499997,-56.26963
4126830624.999997,-56.45291
4126831562.499997,-56.42169
4126832499.999997,-56.40874
4126833437.499997,-56.47578
4126834374.999997,-56.40444
4126835312.499997,-56.36578
4126836249.999997,-56.46928
4126837187.499997,-56.37246
4126838124.999997,-56.4
4126839062.499997,-56.45806
4126839999.999997,-56.39236
4126840937.499997,-56.45208
4126841874.999997,-56.55329
4126842812.499997,-56.41227
4126843749.999997,-56.42358
4126844687.499997,-56.48091
4126845624.999997,-56.40337
4126846562.499997,-56.47098
4126847499.999997,-56.36884
4126848437.499997,-56.37635
4126849374.999997,-56.43596
4126850312.499997,-56.4456
4126851249.999997,-56.39255
4126852187.499997,-56.42162
4126853124.999997,-56.42604
4126854062.499997,-56.4841
4126854999.999997,-56.30189
4126855937.499997,-56.51743
4126856874.999997,-56.53976
4126857812.499997,-56.5182
4126858749.999997,-56.32629
4126859687.499997,-56.50331
4126860624.999997,-56.48656
4126861562.499997,-56.44514
4126862499.999997,-56.4505
4126863437.499997,-56.48431
4126864374.999997,-56.52776
4126865312.499997,-56.46325
4126866249.999997,-56.60208
4126867187.499997,-56.38747
4126868124.999997,-56.48751
4126869062.499997,-56.50763
4126869999.999997,-56.4749
4126870937.499997,-56.56927
4126871874.999997,-56.67705
4126872812.499997,-56.53995
4126873749.999997,-56.49937
4126874687.499997,-56.43287
4126875624.999997,-56.46306
4126876562.499997,-56.51581
4126877499.999997,-56.57703
4126878437.499997,-56.51965
4126879374.999997,-56.51706
4126880312.499997,-56.40772
4126881249.999997,-56.48972
4126882187.499997,-56.54169
4126883124.999997,-56.60036
4126884062.499997,-56.58593
4126884999.999997,-56.46314
4126885937.499997,-56.54103
4126886874.999997,-56.55976
4126887812.499997,-56.39739
4126888749.999997,-56.61183
4126889687.499997,-56.58476
4126890624.999997,-56.47783
4126891562.499997,-56.50953
4126892499.999997,-56.56359
4126893437.499997,-56.49061
4126894374.999997,-56.51042
4126895312.499997,-56.58442
4126896249.999997,-56.69526
4126897187.499997,-56.5162
4126898124.999997,-56.65838
4126899062.499997,-56.58075
4126899999.999997,-56.62401
4126900937.499997,-56.50776
4126901874.999997,-56.56258
4126902812.499997,-56.63835
4126903749.999997,-56.63069
4126904687.499997,-56.53368
4126905624.999997,-56.58125
4126906562.499997,-56.54146
4126907499.999997,-56.5971
4126908437.499997,-56.66028
4126909374.999997,-56.49365
4126910312.499997,-56.51488
4126911249.999997,-56.66668
4126912187.499997,-56.54245
4126913124.999997,-56.58486
4126914062.499997,-56.65489
4126914999.999997,-56.6029
4126915937.499997,-56.54344
4126916874.999997,-56.60487
4126917812.499997,-56.60903
4126918749.999997,-56.68455
4126919687.499997,-56.63083
4126920624.999997,-56.62378
4126921562.499997,-56.67155
4126922499.999997,-56.60331
4126923437.499997,-56.59959
4126924374.999997,-56.51264
4126925312.499997,-56.63557
4126926249.999997,-56.59399
4126927187.499997,-56.65031
4126928124.999997,-56.4934
4126929062.499997,-56.6543
4126929999.999997,-56.61197
4126930937.499997,-56.64798
4126931874.999997,-56.56551
4126932812.499997,-56.59522
4126933749.999997,-56.61344
4126934687.499997,-56.54959
4126935624.999997,-56.65096
4126936562.499997,-56.68486
4126937499.999997,-56.63118
4126938437.499997,-56.52806
4126939374.999997,-56.65936
4126940312.499997,-56.63673
4126941249.999997,-56.68616
4126942187.499997,-56.66571
4126943124.999997,-56.69334
4126944062.499997,-56.66789
4126944999.999997,-56.62045
4126945937.499997,-56.84403
4126946874.999997,-56.55156
4126947812.499997,-56.74051
4126948749.999997,-56.72755
4126949687.499997,-56.61694
4126950624.999997,-56.67781
4126951562.499997,-56.61421
4126952499.999997,-56.54308
4126953437.499997,-56.65676
4126954374.999997,-56.55377
4126955312.499997,-56.67541
4126956249.999997,-56.65852
4126957187.499997,-56.65794
4126958124.999997,-56.75265
4126959062.499997,-56.6813
4126959999.999997,-56.71613
4126960937.499997,-56.61517
4126961874.999997,-56.59994
4126962812.499997,-56.68402
4126963749.999997,-56.60569
4126964687.499997,-56.7338
4126965624.999997,-56.66887
4126966562.499997,-56.80175
4126967499.999997,-56.6475
4126968437.499997,-56.79119
4126969374.999997,-56.70609
4126970312.499997,-56.69322
4126971249.999997,-56.72925
4126972187.499997,-56.78348
4126973124.999997,-56.69818
4126974062.499997,-56.71394
4126974999.999997,-56.73724
4126975937.499997,-56.61296
4126976874.999997,-56.64001
4126977812.499997,-56.72187
4126978749.999997,-56.7614
4126979687.499997,-56.80596
4126980624.999997,-56.75647
4126981562.499997,-56.66491
4126982499.999997,-56.71967
4126983437.499997,-56.78149
4126984374.999997,-56.82111
4126985312.499997,-56.8466
4126986249.999997,-56.70212
4126987187.499997,-56.678
4126988124.999997,-56.72824
4126989062.499997,-56.79561
4126989999.999997,-56.81603
4126990937.499997,-56.78202
4126991874.999997,-56.72733
4126992812.499997,-56.70546
4126993749.999997,-56.75468
4126994687.499997,-56.87609
4126995624.999997,-56.75507
4126996562.499997,-56.74558
4126997499.999997,-56.78175
4126998437.499997,-56.81873
4126999374.999997,-56.72906
4127000312.499997,-56.69749
4127001249.999997,-56.75647
4127002187.499997,-56.80368
4127003124.999997,-56.83915
4127004062.499997,-56.65945
4127004999.999997,-56.77883
4127005937.499997,-56.91407
4127006874.999997,-56.85457
4127007812.499997,-56.63739
4127008749.999997,-56.76525
4127009687.499997,-56.75973
4127010624.999997,-56.85261
4127011562.499997,-56.75133
4127012499.999997,-56.80611
4127013437.499997,-56.86808
4127014374.999997,-56.61655
4127015312.499997,-56.77796
4127016249.999997,-56.76862
4127017187.499997,-56.78506
4127018124.999997,-56.86103
4127019062.499997,-56.83012
4127019999.999997,-56.81548
4127020937.499997,-56.76614
4127021874.999997,-56.79338
4127022812.499997,-56.74024
4127023749.999997,-56.8195
4127024687.499997,-56.89748
4127025624.999997,-56.78374
4127026562.499997,-56.82135
4127027499.999997,-56.90097
4127028437.499997,-56.73492
4127029374.999997,-56.80247
4127030312.499997,-56.83096
4127031249.999997,-56.8652
4127032187.499997,-56.88889
4127033124.999997,-56.8326
4127034062.499997,-56.92977
4127034999.999997,-56.9206
4127035937.499997,-56.77451
4127036874.999997,-56.9079
4127037812.499997,-56.90344
4127038749.999997,-56.90388
4127039687.499997,-56.94509
4127040624.999997,-56.87542
4127041562.499997,-56.96438
4127042499.999997,-56.87124
4127043437.499997,-56.93349
4127044374.999997,-56.89896
4127045312.499997,-56.92815
4127046249.999997,-56.86311
4127047187.499997,-56.8459
4127048124.999997,-56.9251
4127049062.499997,-56.98769
4127049999.999997,-56.94902
4127050937.499997,-56.94085
4127051874.999997,-56.90013
4127052812.499997,-56.94598
4127053749.999997,-56.93814
4127054687.499997,-56.91344
4127055624.999997,-56.91979
4127056562.499997,-56.91881
4127057499.999997,-56.83899
4127058437.499997,-56.79548
4127059374.999997,-56.97462
4127060312.499997,-56.91212
4127061249.999997,-56.98778
4127062187.499997,-56.77389
4127063124.999997,-56.82186
4127064062.499997,-56.89598
4127064999.999997,-56.93132
4127065937.499997,-56.89692
4127066874.999997,-56.85611
4127067812.499997,-56.93444
4127068749.999997,-56.95852
4127069687.499997,-56.82482
4127070624.999997,-56.9362
4127071562.499997,-56.84156
4127072499.999997,-56.91188
4127073437.499997,-56.9765
4127074374.999997,-56.88851
4127075312.499997,-56.95622
4127076249.999997,-57.00572
4127077187.499997,-56.88332
4127078124.999997,-56.9163
4127079062.499997,-56.99714
4127079999.999997,-57.05971
4127080937.499997,-56.9772
4127081874.999997,-57.06721
4127082812.499997,-57.0031
4127083749.999997,-57.00548
4127084687.499997,-56.97817
4127085624.999997,-56.89892
4127086562.499997,-56.94006
4127087499.999997,-56.9914
4127088437.499997,-57.04654
4127089374.999997,-56.9789
4127090312.499997,-57.05636
4127091249.999997,-56.95611
4127092187.499997,-56.94745
4127093124.999997,-56.9566
4127094062.499997,-57.00009
4127094999.999997,-56.95603
4127095937.499997,-56.93453
4127096874.999997,-56.91037
4127097812.499997,-57.00495
4127098749.999997,-57.0423
4127099687.499997,-56.8952
4127100624.999997,-57.00837
4127101562.499997,-56.91003
4127102499.999997,-57.07352
4127103437.499997,-57.0309
4127104374.999997,-57.04878
4127105312.499997,-56.97341
4127106249.999997,-57.009
4127107187.499997,-56.97267
4127108124.999997,-56.99881
4127109062.499997,-57.02843
4127109999.999997,-56.93721
4127110937.499997,-56.9826
4127111874.999997,-56.95362
4127112812.499997,-56.97606
4127113749.999997,-56.91672
4127114687.499997,-57.07582
4127115624.999997,-56.85917
4127116562.499997,-56.95153
4127117499.999997,-57.04396
4127118437.499997,-57.02607
4127119374.999997,-57.01542
4127120312.499997,-57.03057
4127121249.999997,-57.05899
4127122187.499997,-57.06081
4127123124.999997,-57.11502
4127124062.499997,-57.14324
4127124999.999997,-57.01266
4127125937.499997,-56.95037
4127126874.999997,-57.0304
4127127812.499997,-57.0442
4127128749.999997,-57.00844
4127129687.499997,-57.1288
4127130624.999997,-57.13854
4127131562.499997,-57.03457
4127132499.999997,-57.14391
4127133437.499997,-57.09138
4127134374.999997,-57.05249
4127135312.499997,-57.16222
4127136249.999997,-57.17533
4127137187.499997,-57.02282
4127138124.999997,-57.10621
4127139062.499997,-57.06525
4127139999.999997,-57.21442
4127140937.499997,-57.19484
4127141874.999997,-57.00562
4127142812.499997,-57.10089
4127143749.999997,-57.21296
4127144687.499997,-57.03706
4127145624.999997,-56.97309
4127146562.499997,-56.89598
4127147499.999997,-57.00932
4127148437.499997,-57.22367
4127149374.999997,-57.22463
4127150312.499997,-57.08161
4127151249.999997,-57.07693
4127152187.499997,-57.0945
4127153124.999997,-57.07541
4127154062.499997,-57.0317
4127154999.999997,-57.10521
4127155937.499997,-57.12141
4127156874.999997,-57.22703
4127157812.499997,-57.18758
4127158749.999997,-57.21743
4127159687.499997,-56.96367
4127160624.999997,-57.2472
4127161562.499997,-57.08483
4127162499.999997,-57.18443
4127163437.499997,-57.23416
4127164374.999997,-57.22581
4127165312.499997,-57.07778
4127166249.999997,-57.10151
4127167187.499997,-57.17864
4127168124.999997,-57.18058
4127169062.499997,-57.23645
4127169999.999997,-57.13335
4127170937.499997,-57.09732
4127171874.999997,-57.18754
4127172812.499997,-57.0485
4127173749.999997,-57.1489
4127174687.499997,-57.13536
4127175624.999997,-57.2901
4127176562.499997,-57.06671
4127177499.999997,-57.08952
4127178437.499997,-57.07092
4127179374.999997,-57.17749
4127180312.499997,-57.19368
4127181249.999997,-57.18801
4127182187.499997,-57.09804
4127183124.999997,-57.12623
4127184062.499997,-57.26893
4127184999.999997,-57.11584
4127185937.499997,-57.14686
4127186874.999997,-57.29652
4127187812.499997,-57.09132
4127188749.999997,-57.12803
4127189687.499997,-57.20654
4127190624.999997,-57.22284
4127191562.499997,-57.14631
4127192499.999997,-57.30855
4127193437.499997,-57.00663
4127194374.999997,-57.20323
4127195312.499997,-57.14643
4127196249.999997,-57.1801
4127197187.499997,-57.3593
4127198124.999997,-57.22712
4127199062.499997,-57.35732
4127199999.999997,-57.16026
4127200937.499997,-57.21148
4127201874.999997,-57.1932
4127202812.499997,-57.15113
4127203749.999997,-57.27346
4127204687.499997,-57.23138
4127205624.999997,-57.22437
4127206562.499997,-57.1329
4127207499.999997,-57.28496
4127208437.499997,-57.21922
4127209374.999997,-57.31561
4127210312.499997,-57.26245
4127211249.999997,-57.17905
4127212187.499997,-57.20746
4127213124.999997,-57.18193
4127214062.499997,-57.24094
4127214999.999997,-57.12833
4127215937.499997,-57.34272
4127216874.999997,-57.34413
4127217812.499997,-57.35435
4127218749.999997,-57.2362
4127219687.499997,-57.34289
4127220624.999997,-57.40691
4127221562.499997,-57.22889
4127222499.999997,-57.22715
4127223437.499997,-57.28443
4127224374.999997,-57.34676
4127225312.499997,-57.08976
4127226249.999997,-57.18118
4127227187.499997,-57.18838
4127228124.999997,-57.19965
4127229062.499997,-57.35632
4127229999.999997,-57.22957
4127230937.499997,-57.39323
4127231874.999997,-57.33065
4127232812.499997,-57.25391
4127233749.999997,-57.24506
4127234687.499997,-57.26481
4127235624.999997,-57.44679
4127236562.499997,-57.28231
4127237499.999997,-57.25964
4127238437.499997,-57.28453
4127239374.999997,-57.16688
4127240312.499997,-57.43344
4127241249.999997,-57.30215
4127242187.499997,-57.22528
4127243124.999997,-57.22049
4127244062.499997,-57.27796
4127244999.999997,-57.2772
4127245937.499997,-57.25628
4127246874.999997,-57.44898
4127247812.499997,-57.17961
4127248749.999997,-57.25728
4127249687.499997,-57.25079
4127250624.999997,-57.34768
4127251562.499997,-57.40648
4127252499.999997,-57.39275
4127253437.499997,-57.37886
4127254374.999997,-57.38653
4127255312.499997,-57.32476
4127256249.999997,-57.26852
4127257187.499997,-57.2555
4127258124.999997,-57.25069
4127259062.499997,-57.33371
4127259999.999997,-57.32342
4127260937.499997,-57.26767
4127261874.999997,-57.25447
4127262812.499997,-57.17748
4127263749.999997,-57.33977
4127264687.499997,-57.44059
4127265624.999997,-57.31771
4127266562.499997,-57.38461
4127267499.999997,-57.42875
4127268437.499997,-57.29914
4127269374.999997,-57.34492
4127270312.499997,-57.40998
4127271249.999997,-57.46593
4127272187.499997,-57.32029
4127273124.999997,-57.27971
4127274062.499997,-57.2586
4127274999.999997,-57.41272
4127275937.499997,-57.31901
4127276874.999997,-57.40058
4127277812.499997,-57.39409
4127278749.999997,-57.28969
4127279687.499997,-57.29479
4127280624.999997,-57.41451
4127281562.499997,-57.33409
4127282499.999997,-57.29193
4127283437.499997,-57.50633
4127284374.999997,-57.28704
4127285312.499997,-57.37785
4127286249.999997,-57.36015
4127287187.499997,-57.42763
4127288124.999997,-57.35705
4127289062.499997,-57.33318
4127289999.999997,-57.29528
4127290937.499997,-57.35354
4127291874.999997,-57.3924
4127292812.499997,-57.4164
4127293749.999997,-57.33934
4127294687.499997,-57.40745
4127295624.999997,-57.30879
4127296562.499997,-57.42329
4127297499.999997,-57.31976
4127298437.499997,-57.31656
4127299374.999997,-57.48474
4127300312.499997,-57.44158
4127301249.999997,-57.46467
4127302187.499997,-57.43761
4127303124.999997,-57.49215
4127304062.499997,-57.40643
4127304999.999997,-57.47939
4127305937.499997,-57.51173
4127306874.999997,-57.32103
4127307812.499997,-57.43591
4127308749.999997,-57.49268
4127309687.499997,-57.41717
4127310624.999997,-57.42955
4127311562.499997,-57.52379
4127312499.999997,-57.4529
4127313437.499997,-57.49503
4127314374.999997,-57.40381
4127315312.499997,-57.47377
4127316249.999997,-57.4306
4127317187.499997,-57.41688
4127318124.999997,-57.55372
4127319062.499997,-57.64545
4127319999.999997,-57.3567
4127320937.499997,-57.44359
4127321874.999997,-57.43843
4127322812.499997,-57.46041
4127323749.999997,-57.49392
4127324687.499997,-57.39553
4127325624.999997,-57.57895
4127326562.499997,-57.32403
4127327499.999997,-57.37701
4127328437.499997,-57.3237
4127329374.999997,-57.43017
4127330312.499997,-57.38067
4127331249.999997,-57.49049
4127332187.499997,-57.49316
4127333124.999997,-57.46703
4127334062.499997,-57.39852
4127334999.999997,-57.47243
4127335937.499997,-57.31984
4127336874.999997,-57.4529
4127337812.499997,-57.56697
4127338749.999997,-57.60975
4127339687.499997,-57.50999
4127340624.999997,-57.60919
4127341562.499997,-57.48366
4127342499.999997,-57.57321
4127343437.499997,-57.46901
4127344374.999997,-57.53949
4127345312.499997,-57.55396
4127346249.999997,-57.36028
4127347187.499997,-57.59123
4127348124.999997,-57.47793
4127349062.499997,-57.64291
4127349999.999997,-57.46098
4127350937.499997,-57.39898
4127351874.999997,-57.49252
4127352812.499997,-57.52253
4127353749.999997,-57.58441
4127354687.499997,-57.45115
4127355624.999997,-57.42056
4127356562.499997,-57.44765
4127357499.999997,-57.58805
4127358437.499997,-57.37734
4127359374.999997,-57.58856
4127360312.499997,-57.50203
4127361249.999997,-57.65016
4127362187.499997,-57.53852
4127363124.999997,-57.44656
4127364062.499997,-57.44242
4127364999.999997,-57.63564
4127365937.499997,-57.44512
4127366874.999997,-57.51775
4127367812.499997,-57.47972
4127368749.999997,-57.53899
4127369687.499997,-57.62502
4127370624.999997,-57.50768
4127371562.499997,-57.47843
4127372499.999997,-57.47905
4127373437.499997,-57.56337
4127374374.999997,-57.61882
4127375312.499997,-57.59409
4127376249.999997,-57.55287
4127377187.499997,-57.60965
4127378124.999997,-57.53559
4127379062.499997,-57.56748
4127379999.999997,-57.57858
4127380937.499997,-57.63589
4127381874.999997,-57.65345
4127382812.499997,-57.64805
4127383749.999997,-57.50447
4127384687.499997,-57.61158
4127385624.999997,-57.5941
4127386562.499997,-57.49946
4127387499.999997,-57.49165
4127388437.499997,-57.72005
4127389374.999997,-57.58347
4127390312.499997,-57.54767
4127391249.999997,-57.5677
4127392187.499997,-57.63229
4127393124.999997,-57.56719
4127394062.499997,-57.63654
4127394999.999997,-57.70523
4127395937.499997,-57.61446
4127396874.999997,-57.57312
4127397812.499997,-57.61214
4127398749.999997,-57.59747
4127399687.499997,-57.64145
4127400624.999997,-57.69006
4127401562.499997,-57.61142
4127402499.999997,-57.59794
4127403437.499997,-57.61256
4127404374.999997,-57.77308
4127405312.499997,-57.65794
4127406249.999997,-57.63023
4127407187.499997,-57.67925
4127408124.999997,-57.63708
4127409062.499997,-57.50964
4127409999.999997,-57.63961
4127410937.499997,-57.62803
4127411874.999997,-57.64991
4127412812.499997,-57.62117
4127413749.999997,-57.59005
4127414687.499997,-57.59545
4127415624.999997,-57.6186
4127416562.499997,-57.50269
4127417499.999997,-57.60873
4127418437.499997,-57.61683
4127419374.999997,-57.59261
4127420312.499997,-57.62745
4127421249.999997,-57.5555
4127422187.499997,-57.64934
4127423124.999997,-57.65586
4127424062.499997,-57.69722
4127424999.999997,-57.67389
4127425937.499997,-57.70462
4127426874.999997,-57.74731
4127427812.499997,-57.64126
4127428749.999997,-57.61884
4127429687.499997,-57.71297
4127430624.999997,-57.45477
4127431562.499997,-57.598
4127432499.999997,-57.69621
4127433437.499997,-57.65322
4127434374.999997,-57.69865
4127435312.499997,-57.68574
4127436249.999997,-57.57911
4127437187.499997,-57.59693
4127438124.999997,-57.66069
4127439062.499997,-57.69524
4127439999.999997,-57.67052
4127440937.499997,-57.66314
4127441874.999997,-57.48485
4127442812.499997,-57.70763
4127443749.999997,-57.7047
4127444687.499997,-57.72855
4127445624.999997,-57.68645
4127446562.499997,-57.63769
4127447499.999997,-57.75721
4127448437.499997,-57.85218
4127449374.999997,-57.72704
4127450312.499997,-57.67596
4127451249.999997,-57.77817
4127452187.499997,-57.67189
4127453124.999997,-57.77765
4127454062.499997,-57.77221
4127454999.999997,-57.75744
4127455937.499997,-57.67138
4127456874.999997,-57.6741
4127457812.499997,-57.79433
4127458749.999997,-57.7489
4127459687.499997,-57.75742
4127460624.999997,-57.67447
4127461562.499997,-57.70956
4127462499.999997,-57.68722
4127463437.499997,-57.73348
4127464374.999997,-57.71638
4127465312.499997,-57.68909
4127466249.999997,-57.78436
4127467187.499997,-57.73498
4127468124.999997,-57.76646
4127469062.499997,-57.81873
4127469999.999997,-57.81355
4127470937.499997,-57.64411
4127471874.999997,-57.80792
4127472812.499997,-57.71676
4127473749.999997,-57.72273
4127474687.499997,-57.69138
4127475624.999997,-57.60458
4127476562.499997,-57.85238
4127477499.999997,-57.75619
4127478437.499997,-57.80054
4127479374.999997,-57.8683
4127480312.499997,-57.73862
4127481249.999997,-57.73144
4127482187.499997,-57.79477
4127483124.999997,-57.7477
4127484062.499997,-57.73588
4127484999.999997,-57.76241
4127485937.499997,-57.73437
4127486874.999997,-57.82634
4127487812.499997,-57.68398
4127488749.999997,-57.82761
4127489687.499997,-57.7876
4127490624.999997,-57.81228
4127491562.499997,-57.67549
4127492499.999997,-57.76207
4127493437.499997,-57.82939
4127494374.999997,-57.88949
4127495312.499997,-57.68417
4127496249.999997,-57.76805
4127497187.499997,-57.84336
4127498124.999997,-57.88689
4127499062.499997,-57.8112
4127499999.999997,-57.73703
4127500937.499997,-57.6902
4127501874.999997,-57.80506
4127502812.499997,-57.79335
4127503749.999997,-57.81056
4127504687.499997,-57.76392
4127505624.999997,-57.73241
4127506562.499997,-57.77459
4127507499.999997,-57.68415
4127508437.499997,-57.84968
4127509374.999997,-57.76804
4127510312.499997,-57.86568
4127511249.999997,-57.83763
4127512187.499997,-57.91402
4127513124.999997,-57.76031
4127514062.499997,-57.73249
4127514999.999997,-57.75608
4127515937.499997,-57.80294
4127516874.999997,-57.91912
4127517812.499997,-57.86526
4127518749.999997,-57.87757
4127519687.499997,-57.8017
4127520624.999997,-57.87901
4127521562.499997,-57.8002
4127522499.999997,-57.84612
4127523437.499997,-57.73744
4127524374.999997,-57.77004
4127525312.499997,-57.88902
4127526249.999997,-57.9103
4127527187.499997,-57.75974
4127528124.999997,-57.84268
4127529062.499997,-57.89719
4127529999.999997,-57.85176
4127530937.499997,-57.79395
4127531874.999997,-57.882
4127532812.499997,-57.99563
4127533749.999997,-57.91634
4127534687.499997,-57.89413
4127535624.999997,-57.84005
4127536562.499997,-57.95705
4127537499.999997,-57.79875
4127538437.499997,-57.88515
4127539374.999997,-57.89911
4127540312.499997,-57.83912
4127541249.999997,-57.91763
4127542187.499997,-58.02818
4127543124.999997,-57.86978
4127544062.499997,-57.80659
4127544999.999997,-57.96757
4127545937.499997,-57.9595
4127546874.999997,-57.86576
4127547812.499997,-57.84438
4127548749.999997,-57.93146
4127549687.499997,-57.84827
4127550624.999997,-57.91207
4127551562.499997,-57.88776
4127552499.999997,-57.79161
4127553437.499997,-57.923
4127554374.999997,-57.94508
4127555312.499997,-57.95514
4127556249.999997,-57.93328
4127557187.499997,-57.9673
4127558124.999997,-57.90823
4127559062.499997,-57.92099
4127559999.999997,-57.89545
4127560937.499997,-57.8543
4127561874.999997,-57.87628
4127562812.499997,-57.71695
4127563749.999997,-57.81895
4127564687.499997,-57.88533
4127565624.999997,-58.04364
4127566562.499997,-58.08965
4127567499.999997,-57.87025
4127568437.499997,-57.87069
4127569374.999997,-57.95885
4127570312.499997,-57.89456
4127571249.999997,-57.96545
4127572187.499997,-57.94168
4127573124.999997,-58.02148
4127574062.499997,-57.91813
4127574999.999997,-57.83646
4127575937.499997,-58.05001
4127576874.999997,-58.1044
4127577812.499997,-58.00368
4127578749.999997,-57.83721
4127579687.499997,-57.98729
4127580624.999997,-57.93699
4127581562.499997,-57.94786
4127582499.999997,-57.9201
4127583437.499997,-57.93241
4127584374.999997,-57.7622
4127585312.499997,-57.97088
4127586249.999997,-57.84811
4127587187.499997,-57.89534
4127588124.999997,-58.04676
4127589062.499997,-57.94571
4127589999.999997,-57.90775
4127590937.499997,-57.99326
4127591874.999997,-57.99173
4127592812.499997,-57.92442
4127593749.999997,-57.97424
4127594687.499997,-57.93291
4127595624.999997,-57.92586
4127596562.499997,-57.92208
4127597499.999997,-57.94213
4127598437.499997,-57.97472
4127599374.999997,-57.9879
4127600312.499997,-57.94747
4127601249.999997,-58.05882
4127602187.499997,-57.97685
4127603124.999997,-57.96532
4127604062.499997,-57.97744
4127604999.999997,-57.84983
4127605937.499997,-57.96364
4127606874.999997,-57.92132
4127607812.499997,-58.04068
4127608749.999997,-57.99545
4127609687.499997,-57.87254
4127610624.999997,-57.99045
4127611562.499997,-57.95214
4127612499.999997,-57.98738
4127613437.499997,-57.95002
4127614374.999997,-57.87758
4127615312.499997,-58.002
4127616249.999997,-57.97179
4127617187.499997,-58.04448
4127618124.999997,-58.0015
4127619062.499997,-57.9549
4127619999.999997,-58.05172
4127620937.499997,-57.98776
4127621874.999997,-57.97195
4127622812.499997,-57.97998
4127623749.999997,-57.96665
4127624687.499997,-58.04506
4127625624.999997,-57.99884
4127626562.499997,-58.0113
4127627499.999997,-58.12867
4127628437.499997,-58.01499
4127629374.999997,-57.97748
4127630312.499997,-58.05544
4127631249.999997,-58.11005
4127632187.499997,-57.94664
4127633124.999997,-57.97364
4127634062.499997,-58.01726
4127634999.999997,-57.89445
4127635937.499997,-58.01654
4127636874.999997,-58.04161
4127637812.499997,-58.15948
4127638749.999997,-58.10515
4127639687.499997,-58.03524
4127640624.999997,-58.08691
4127641562.499997,-58.08521
4127642499.999997,-58.10802
4127643437.499997,-58.15086
4127644374.999997,-57.90829
4127645312.499997,-58.05953
4127646249.999997,-57.9896
4127647187.499997,-58.01176
4127648124.999997,-58.14988
4127649062.499997,-58.0482
4127649999.999997,-58.05405
4127650937.499997,-58.01841
4127651874.999997,-58.03723
4127652812.499997,-57.98091
4127653749.999997,-58.13378
4127654687.499997,-58.11501
4127655624.999997,-57.97459
4127656562.499997,-58.14952
4127657499.999997,-57.90854
4127658437.499997,-58.11032
4127659374.999997,-58.18068
4127660312.499997,-58.09804
4127661249.999997,-58.19185
4127662187.499997,-58.02187
4127663124.999997,-58.138
4127664062.499997,-58.20366
4127664999.999997,-58.23336
4127665937.499997,-57.99868
4127666874.999997,-58.00346
4127667812.499997,-57.96364
4127668749.999997,-58.04673
4127669687.499997,-58.1647
4127670624.999997,-58.0821
4127671562.499997,-58.21289
4127672499.999997,-57.84801
4127673437.499997,-58.05399
4127674374.999997,-58.09453
4127675312.499997,-58.12916
4127676249.999997,-58.20928
4127677187.499997,-58.16216
4127678124.999997,-58.06484
4127679062.499997,-58.07933
4127679999.999997,-58.00671
4127680937.499997,-58.12488
4127681874.999997,-58.26046
4127682812.499997,-58.17804
4127683749.999997,-58.07594
4127684687.499997,-58.22302
4127685624.999997,-58.22996
4127686562.499997,-58.0687
4127687499.999997,-58.12052
4127688437.499997,-58.17276
4127689374.999997,-58.16514
4127690312.499997,-58.09409
4127691249.999997,-58.18469
4127692187.499997,-58.19154
4127693124.999997,-58.26595
4127694062.499997,-58.1018
4127694999.999997,-58.34605
4127695937.499997,-58.0442
4127696874.999997,-58.13011
4127697812.499997,-58.13414
4127698749.999997,-58.18453
4127699687.499997,-58.16535
4127700624.999997,-58.20378
4127701562.499997,-58.13684
4127702499.999997,-58.25679
4127703437.499997,-58.19971
4127704374.999997,-58.20572
4127705312.499997,-58.15417
4127706249.999997,-58.16671
4127707187.499997,-58.04128
4127708124.999997,-58.26333
4127709062.499997,-58.31624
4127709999.999997,-58.32859
4127710937.499997,-58.27263
4127711874.999997,-58.18776
4127712812.499997,-57.98933
4127713749.999997,-58.08792
4127714687.499997,-58.23633
4127715624.999997,-58.27394
4127716562.499997,-58.23999
4127717499.999997,-58.17644
4127718437.499997,-58.43498
4127719374.999997,-58.23427
4127720312.499997,-58.22129
4127721249.999997,-58.19166
4127722187.499997,-58.25332
4127723124.999997,-58.27801
4127724062.499997,-58.22168
4127724999.999997,-58.22691
4127725937.499997,-58.4277
4127726874.999997,-58.15905
4127727812.499997,-58.34567
4127728749.999997,-58.23977
4127729687.499997,-58.11477
4127730624.999997,-58.18032
4127731562.499997,-58.10368
4127732499.999997,-58.4118
4127733437.499997,-58.29103
4127734374.999997,-58.29012
4127735312.499997,-58.26992
4127736249.999997,-58.27679
4127737187.499997,-58.28714
4127738124.999997,-58.22462
4127739062.499997,-58.36218
4127739999.999997,-58.29898
4127740937.499997,-58.18711
4127741874.999997,-58.25346
4127742812.499997,-58.25034
4127743749.999997,-58.21782
4127744687.499997,-58.25382
4127745624.999997,-58.31153
4127746562.499997,-58.28563
4127747499.999997,-58.16271
4127748437.499997,-58.20536
4127749374.999997,-58.3577
4127750312.499997,-58.33121
4127751249.999997,-58.29175
4127752187.499997,-58.34936
4127753124.999997,-58.30542
4127754062.499997,-58.23846
4127754999.999997,-58.18356
4127755937.499997,-58.16041
4127756874.999997,-58.20285
4127757812.499997,-58.19305
4127758749.999997,-58.28091
4127759687.499997,-58.25687
4127760624.999997,-58.16011
4127761562.499997,-58.13527
4127762499.999997,-58.10073
4127763437.499997,-58.26261
4127764374.999997,-58.41966
4127765312.499997,-58.39338
4127766249.999997,-58.30135
4127767187.499997,-58.21351
4127768124.999997,-58.37018
4127769062.499997,-58.26262
4127769999.999997,-58.18464
4127770937.499997,-58.17821
4127771874.999997,-58.3373
4127772812.499997,-58.23763
4127773749.999997,-58.36524
4127774687.499997,-58.20057
4127775624.999997,-58.35138
4127776562.499997,-58.43086
4127777499.999997,-58.30751
4127778437.499997,-58.30563
4127779374.999997,-58.42912
4127780312.499997,-58.1899
4127781249.999997,-58.35923
4127782187.499997,-58.39518
4127783124.999997,-58.37519
4127784062.499997,-58.33176
4127784999.999997,-58.27213
4127785937.499997,-58.23087
4127786874.999997,-58.33859
4127787812.499997,-58.28993
4127788749.999997,-58.29078
4127789687.499997,-58.31342
4127790624.999997,-58.34238
4127791562.499997,-58.30153
4127792499.999997,-58.51176
4127793437.499997,-58.26672
4127794374.999997,-58.39301
4127795312.499997,-58.35255
4127796249.999997,-58.30185
4127797187.499997,-58.39776
4127798124.999997,-58.41144
4127799062.499997,-58.3235
4127799999.999997,-58.29686
4127800937.499997,-58.39015
4127801874.999997,-58.39205
4127802812.499997,-58.40712
4127803749.999997,-58.39549
4127804687.499997,-58.40656
4127805624.999997,-58.45823
4127806562.499997,-58.29529
4127807499.999997,-58.58867
4127808437.499997,-58.38191
4127809374.999997,-58.36903
4127810312.499997,-58.36489
4127811249.999997,-58.38466
4127812187.499997,-58.25505
4127813124.999997,-58.25683
4127814062.499997,-58.22712
4127814999.999997,-58.34352
4127815937.499997,-58.54517
4127816874.999997,-58.47855
4127817812.499997,-58.23486
4127818749.999997,-58.36351
4127819687.499997,-58.36854
4127820624.999997,-58.18076
4127821562.499997,-58.37617
4127822499.999997,-58.30317
4127823437.499997,-58.37932
4127824374.999997,-58.27557
4127825312.499997,-58.31506
4127826249.999997,-58.40388
4127827187.499997,-58.5289
4127828124.999997,-58.40733
4127829062.499997,-58.21152
4127829999.999997,-58.40691
4127830937.499997,-58.41115
4127831874.999997,-58.35695
4127832812.499997,-58.46663
4127833749.999997,-58.47647
4127834687.499997,-58.46313
4127835624.999997,-58.34854
4127836562.499997,-58.33413
4127837499.999997,-58.46198
4127838437.499997,-58.44422
4127839374.999997,-58.41771
4127840312.499997,-58.42373
4127841249.999997,-58.44816
4127842187.499997,-58.19494
4127843124.999997,-58.35945
4127844062.499997,-58.44113
4127844999.999997,-58.51509
4127845937.499997,-58.44503
4127846874.999997,-58.53765
4127847812.499997,-58.34739
4127848749.999997,-58.50553
4127849687.499997,-58.47847
4127850624.999997,-58.49365
4127851562.499997,-58.45584
4127852499.999997,-58.37152
4127853437.499997,-58.52439
4127854374.999997,-58.47818
4127855312.499997,-58.35189
4127856249.999997,-58.45892
4127857187.499997,-58.3838
4127858124.999997,-58.51705
4127859062.499997,-58.43465
4127859999.999997,-58.39788
4127860937.499997,-58.45842
4127861874.999997,-58.44509
4127862812.499997,-58.56937
4127863749.999997,-58.40123
4127864687.499997,-58.43346
4127865624.999997,-58.49738
4127866562.499997,-58.53522
4127867499.999997,-58.43004
4127868437.499997,-58.40367
4127869374.999997,-58.54866
4127870312.499997,-58.37376
4127871249.999997,-58.55859
4127872187.499997,-58.40825
4127873124.999997,-58.55282
4127874062.499997,-58.4593
4127874999.999997,-58.4875
4127875937.499997,-58.40136
4127876874.999997,-58.35686
4127877812.499997,-58.4492
4127878749.999997,-58.48895
4127879687.499997,-58.45458
4127880624.999997,-58.39525
4127881562.499997,-58.49738
4127882499.999997,-58.38433
4127883437.499997,-58.5745
4127884374.999997,-58.6311
4127885312.499997,-58.58617
4127886249.999997,-58.39737
4127887187.499997,-58.36852
4127888124.999997,-58.49858
4127889062.499997,-58.65288
4127889999.999997,-58.46355
4127890937.499997,-58.18974
4127891874.999997,-58.78753
4127892812.499997,-58.39075
4127893749.999997,-58.63293
4127894687.499997,-58.40914
4127895624.999997,-58.53575
4127896562.499997,-58.5612
4127897499.999997,-58.48621
4127898437.499997,-58.53502
4127899374.999997,-58.52897
4127900312.499997,-58.60056
4127901249.999997,-58.43815
4127902187.499997,-58.40263
4127903124.999997,-58.47625
4127904062.499997,-58.35972
4127904999.999997,-58.3926
4127905937.499997,-58.46271
4127906874.999997,-58.59704
4127907812.499997,-58.50686
4127908749.999997,-58.52043
4127909687.499997,-58.6728
4127910624.999997,-58.52629
4127911562.499997,-58.41513
4127912499.999997,-58.45583
4127913437.499997,-58.581
4127914374.999997,-58.44345
4127915312.499997,-58.49929
4127916249.999997,-58.61068
4127917187.499997,-58.48381
4127918124.999997,-58.55044
4127919062.499997,-58.50383
4127919999.999997,-58.42432
4127920937.499997,-58.4467
4127921874.999997,-58.54062
4127922812.499997,-58.59154
4127923749.999997,-58.59114
4127924687.499997,-58.74364
4127925624.999997,-58.56857
4127926562.499997,-58.6031
4127927499.999997,-58.60343
4127928437.499997,-58.50382
4127929374.999997,-58.51537
4127930312.499997,-58.52372
4127931249.999997,-58.52863
4127932187.499997,-58.41679
4127933124.999997,-58.73035
4127934062.499997,-58.40839
4127934999.999997,-58.74432
4127935937.499997,-58.64598
4127936874.999997,-58.49703
4127937812.499997,-58.55153
4127938749.999997,-58.52964
4127939687.499997,-58.70657
4127940624.999997,-58.50878
4127941562.499997,-58.60935
4127942499.999997,-58.67952
4127943437.499997,-58.62151
4127944374.999997,-58.61838
4127945312.499997,-58.54813
4127946249.999997,-58.67491
4127947187.499997,-58.60541
4127948124.999997,-58.50419
4127949062.499997,-58.64138
4127949999.999997,-58.59922
4127950937.499997,-58.73125
4127951874.999997,-58.53682
4127952812.499997,-58.49112
4127953749.999997,-58.49178
4127954687.499997,-58.58509
4127955624.999997,-58.47548
4127956562.499997,-58.73619
4127957499.999997,-58.71786
4127958437.499997,-58.54903
4127959374.999997,-58.56033
4127960312.499997,-58.63892
4127961249.999997,-58.46373
4127962187.499997,-58.80416
4127963124.999997,-58.64273
4127964062.499997,-58.55162
4127964999.999997,-58.49649
4127965937.499997,-58.67037
4127966874.999997,-58.75191
4127967812.499997,-58.50489
4127968749.999997,-58.51708
4127969687.499997,-58.50881
4127970624.999997,-58.7518
4127971562.499997,-58.59602
4127972499.999997,-58.64785
4127973437.499997,-58.66461
4127974374.999997,-58.61492
4127975312.499997,-58.7009
4127976249.999997,-58.63559
4127977187.499997,-58.6094
4127978124.999997,-58.7696
4127979062.499997,-58.54104
4127979999.999997,-58.61115
4127980937.499997,-58.5914
4127981874.999997,-58.67704
4127982812.499997,-58.70533
4127983749.999997,-58.74599
4127984687.499997,-58.62312
4127985624.999997,-58.65025
4127986562.499997,-58.70423
4127987499.999997,-58.70071
4127988437.499997,-58.56531
4127989374.999997,-58.64133
4127990312.499997,-58.60575
4127991249.999997,-58.79735
4127992187.499997,-58.65034
4127993124.999997,-58.70786
4127994062.499997,-58.72165
4127994999.999997,-58.59491
4127995937.499997,-58.72182
4127996874.999997,-58.73419
4127997812.499997,-58.64937
4127998749.999997,-58.6436
4127999687.499997,-58.7507
4128000624.999997,-58.83984
4128001562.499997,-58.724
4128002499.999997,-58.77797
4128003437.499997,-58.52901
4128004374.999997,-58.85995
4128005312.499997,-58.72121
4128006249.999997,-58.72572
4128007187.499997,-58.62379
4128008124.999997,-58.70309
4128009062.499997,-58.73396
4128009999.999997,-58.78853
4128010937.499997,-58.72476
4128011874.999997,-58.74448
4128012812.499997,-58.70126
4128013749.999997,-58.75528
4128014687.499997,-58.73938
4128015624.999997,-58.6599
4128016562.499997,-58.69298
4128017499.999997,-58.72505
4128018437.499997,-58.74731
4128019374.999997,-58.65221
4128020312.499997,-58.80278
4128021249.999997,-58.57311
4128022187.499997,-58.84826
4128023124.999997,-58.73244
4128024062.499997,-58.65945
4128024999.999997,-58.74413
4128025937.499997,-58.70597
4128026874.999997,-58.65815
4128027812.499997,-58.69532
4128028749.999997,-58.81978
4128029687.499997,-58.69141
4128030624.999997,-58.71544
4128031562.499997,-58.82661
4128032499.999997,-58.64527
4128033437.499997,-58.69224
4128034374.999997,-58.75217
4128035312.499997,-58.84374
4128036249.999997,-58.77988
4128037187.499997,-58.82316
4128038124.999997,-58.76774
4128039062.499997,-58.67633
4128039999.999997,-58.70882
4128040937.499997,-58.75812
4128041874.999997,-58.77655
4128042812.499997,-58.82958
4128043749.999997,-58.69917
4128044687.499997,-58.78715
4128045624.999997,-58.86971
4128046562.499997,-58.78382
4128047499.999997,-58.61536
4128048437.499997,-58.6482
4128049374.999997,-58.71902
4128050312.499997,-58.86433
4128051249.999997,-58.85199
4128052187.499997,-58.8506
4128053124.999997,-58.79807
4128054062.499997,-58.83898
4128054999.999997,-58.82476
4128055937.499997,-58.81176
4128056874.999997,-58.80137
4128057812.499997,-58.80489
4128058749.999997,-58.80159
4128059687.499997,-58.91109
4128060624.999997,-58.8996
4128061562.499997,-58.91456
4128062499.999997,-58.59517
4128063437.499997,-58.72125
4128064374.999997,-58.83393
4128065312.499997,-58.75037
4128066249.999997,-58.85151
4128067187.499997,-58.86929
4128068124.999997,-58.72098
4128069062.499997,-58.77364
4128069999.999997,-58.72765
4128070937.499997,-58.95539
4128071874.999997,-58.75637
4128072812.499997,-58.77887
4128073749.999997,-58.89751
4128074687.499997,-58.9062
4128075624.999997,-58.76221
4128076562.499997,-58.69917
4128077499.999997,-59.05926
4128078437.499997,-58.75827
4128079374.999997,-58.72876
4128080312.499997,-58.8607
4128081249.999997,-58.84057
4128082187.499997,-58.8342
4128083124.999997,-58.94336
4128084062.499997,-58.85845
4128084999.999997,-58.93639
4128085937.499997,-58.76562
4128086874.999997,-58.79778
4128087812.499997,-58.85938
4128088749.999997,-58.90527
4128089687.499997,-58.80888
4128090624.999997,-58.95056
4128091562.499997,-58.73775
4128092499.999997,-58.74464
4128093437.499997,-58.78872
4128094374.999997,-58.93279
4128095312.499997,-58.89431
4128096249.999997,-58.74185
4128097187.499997,-58.83287
4128098124.999997,-58.77342
4128099062.499997,-59.00786
4128099999.999997,-58.99769
4128100937.499997,-58.95451
4128101874.999997,-58.72629
4128102812.499997,-58.90853
4128103749.999997,-58.81768
4128104687.499997,-58.91922
4128105624.999997,-58.93288
4128106562.499997,-58.99047
4128107499.999997,-58.89631
4128108437.499997,-58.86626
4128109374.999997,-58.77879
4128110312.499997,-58.84986
4128111249.999997,-58.92844
4128112187.499997,-58.84137
4128113124.999997,-58.76294
4128114062.499997,-58.93474
4128114999.999997,-58.80939
4128115937.499997,-58.87521
4128116874.999997,-58.83835
4128117812.499997,-58.91042
4128118749.999997,-58.82631
4128119687.499997,-58.77971
4128120624.999997,-58.87311
4128121562.499997,-58.7874
4128122499.999997,-58.93293
4128123437.499997,-58.74422
4128124374.999997,-58.77615
4128125312.499997,-58.96064
4128126249.999997,-58.95391
4128127187.499997,-58.8959
4128128124.999997,-58.88346
4128129062.499997,-58.96279
4128129999.999997,-58.77061
4128130937.499997,-59.08196
4128131874.999997,-58.93369
4128132812.499997,-58.88115
4128133749.999997,-58.85246
4128134687.499997,-58.87626
4128135624.999997,-58.59824
4128136562.499997,-58.99233
4128137499.999997,-58.85833
4128138437.499997,-58.87688
4128139374.999997,-59.03173
4128140312.499997,-58.95945
4128141249.999997,-59.07805
4128142187.499997,-58.90675
4128143124.999997,-58.94061
4128144062.499997,-58.8032
4128144999.999997,-58.97942
4128145937.499997,-58.88519
4128146874.999997,-58.93374
4128147812.499997,-58.92345
4128148749.999997,-58.97778
4128149687.499997,-58.95184
4128150624.999997,-59.04369
4128151562.499997,-58.88945
4128152499.999997,-59.07135
4128153437.499997,-58.7943
4128154374.999997,-58.90723
4128155312.499997,-58.80791
4128156249.999997,-58.87792
4128157187.499997,-58.92225
4128158124.999997,-59.03596
4128159062.499997,-58.98759
4128159999.999997,-59.05747
4128160937.499997,-58.95682
4128161874.999997,-58.87185
4128162812.499997,-58.83152
4128163749.999997,-58.92673
4128164687.499997,-58.98651
4128165624.999997,-58.90263
4128166562.499997,-58.77852
4128167499.999997,-59.00729
4128168437.499997,-59.10775
4128169374.999997,-59.18726
4128170312.499997,-58.86645
4128171249.999997,-58.99465
4128172187.499997,-58.93635
4128173124.999997,-59.09002
4128174062.499997,-58.90335
4128174999.999997,-59.05109
4128175937.499997,-58.82963
4128176874.999997,-59.02611
4128177812.499997,-58.94183
4128178749.999997,-58.92548
4128179687.499997,-59.10159
4128180624.999997,-58.97466
4128181562.499997,-58.90853
4128182499.999997,-59.0164
4128183437.499997,-59.1339
4128184374.999997,-58.85726
4128185312.499997,-58.85955
4128186249.999997,-58.98243
4128187187.499997,-59.00875
4128188124.999997,-58.94893
4128189062.499997,-58.92405
4128189999.999997,-58.98513
4128190937.499997,-59.00111
4128191874.999997,-59.12702
4128192812.499997,-58.98098
4128193749.999997,-58.84089
4128194687.499997,-59.16833
4128195624.999997,-59.03619
4128196562.499997,-59.04385
4128197499.999997,-59.03127
4128198437.499997,-58.99785
4128199374.999997,-59.09758
4128200312.499997,-59.06804
4128201249.999997,-59.18782
4128202187.499997,-59.10536
4128203124.999997,-59.05167
4128204062.499997,-58.92029
4128204999.999997,-59.05604
4128205937.499997,-58.85073
4128206874.999997,-58.99696
4128207812.499997,-59.15512
4128208749.999997,-59.19346
4128209687.499997,-59.08715
4128210624.999997,-58.96169
4128211562.499997,-58.85904
4128212499.999997,-58.80312
4128213437.499997,-59.14798
4128214374.999997,-59.05778
4128215312.499997,-58.92871
4128216249.999997,-59.062
4128217187.499997,-59.09319
4128218124.999997,-58.96696
4128219062.499997,-58.97931
4128219999.999997,-59.31111
4128220937.499997,-59.21354
4128221874.999997,-58.99481
4128222812.499997,-59.06871
4128223749.999997,-59.0266
4128224687.499997,-58.9513
4128225624.999997,-59.19146
4128226562.499997,-59.14838
4128227499.999997,-59.00568
4128228437.499997,-59.0864
4128229374.999997,-59.16746
4128230312.499997,-59.02468
4128231249.999997,-59.13887
4128232187.499997,-59.13493
4128233124.999997,-59.22289
4128234062.499997,-58.99357
4128234999.999997,-58.8998
4128235937.499997,-58.99561
4128236874.999997,-59.14316
4128237812.499997,-58.97239
4128238749.999997,-59.0081
4128239687.499997,-59.0194
4128240624.999997,-58.95855
4128241562.499997,-59.14775
4128242499.999997,-59.19693
4128243437.499997,-59.02019
4128244374.999997,-59.08169
4128245312.499997,-59.16147
4128246249.999997,-58.9623
4128247187.499997,-59.09673
4128248124.999997,-59.00985
4128249062.499997,-59.15216
4128249999.999997,-59.22967
4128250937.499997,-59.06528
4128251874.999997,-59.14321
4128252812.499997,-59.10072
4128253749.999997,-59.24123
4128254687.499997,-59.16919
4128255624.999997,-59.00476
4128256562.499997,-58.98859
4128257499.999997,-59.02911
4128258437.499997,-59.12601
4128259374.999997,-59.06899
4128260312.499997,-59.11676
4128261249.999997,-59.11227
4128262187.499997,-59.13514
4128263124.999997,-59.11792
4128264062.499997,-59.24704
4128264999.999997,-59.19089
4128265937.499997,-59.1209
4128266874.999997,-59.07174
4128267812.499997,-59.04981
4128268749.999997,-58.88541
4128269687.499997,-59.01896
4128270624.999997,-59.12332
4128271562.499997,-59.29771
4128272499.999997,-59.23813
4128273437.499997,-59.29778
4128274374.999997,-58.96352
4128275312.499997,-59.14034
4128276249.999997,-58.98751
4128277187.499997,-59.06376
4128278124.999997,-59.05858
4128279062.499997,-59.09504
4128279999.999997,-59.13266
4128280937.499997,-59.25008
4128281874.999997,-59.2081
4128282812.499997,-59.23522
4128283749.999997,-59.10361
4128284687.499997,-59.16438
4128285624.999997,-59.08646
4128286562.499997,-59.11937
4128287499.999997,-58.99259
4128288437.499997,-59.09619
4128289374.999997,-59.20815
4128290312.499997,-59.23908
4128291249.999997,-59.16645
4128292187.499997,-59.19427
4128293124.999997,-59.12936
4128294062.499997,-59.21679
4128294999.999997,-59.2466
4128295937.499997,-59.1811
4128296874.999997,-59.19203
4128297812.499997,-59.06981
4128298749.999997,-59.29937
4128299687.499997,-59.11535
4128300624.999997,-59.3501
4128301562.499997,-59.19796
4128302499.999997,-59.27282
4128303437.499997,-59.17292
4128304374.999997,-59.1067
4128305312.499997,-59.29057
4128306249.999997,-59.39606
4128307187.499997,-59.17326
4128308124.999997,-59.16302
4128309062.499997,-59.14354
4128309999.999997,-59.10238
4128310937.499997,-59.13524
4128311874.999997,-59.28695
4128312812.499997,-59.10932
4128313749.999997,-59.2337
4128314687.499997,-59.12156
4128315624.999997,-59.32371
4128316562.499997,-59.24512
4128317499.999997,-59.2897
4128318437.499997,-59.0369
4128319374.999997,-59.2114
4128320312.499997,-59.10419
4128321249.999997,-59.29547
4128322187.499997,-59.35611
4128323124.999997,-59.19394
4128324062.499997,-59.19081
4128324999.999997,-59.22299
4128325937.499997,-59.21881
4128326874.999997,-59.30692
4128327812.499997,-59.16351
4128328749.999997,-59.18855
4128329687.499997,-59.1931
4128330624.999997,-59.17817
4128331562.499997,-59.41964
4128332499.999997,-59.09126
4128333437.499997,-59.05923
4128334374.999997,-59.18803
4128335312.499997,-59.12076
4128336249.999997,-59.02971
4128337187.499997,-59.38393
4128338124.999997,-59.15611
4128339062.499997,-59.18652
4128339999.999997,-59.24656
4128340937.499997,-59.16407
4128341874.999997,-59.34375
4128342812.499997,-59.31606
4128343749.999997,-59.27282
4128344687.499997,-59.26492
4128345624.999997,-59.0901
4128346562.499997,-59.37869
4128347499.999997,-59.19087
4128348437.499997,-59.26867
4128349374.999997,-59.1531
4128350312.499997,-59.2878
4128351249.999997,-59.2935
4128352187.499997,-59.22445
4128353124.999997,-59.29262
4128354062.499997,-59.22517
4128354999.999997,-59.27787
4128355937.499997,-59.14688
4128356874.999997,-59.0876
4128357812.499997,-59.20768
4128358749.999997,-59.20603
4128359687.499997,-59.37006
4128360624.999997,-59.32607
4128361562.499997,-59.08095
4128362499.999997,-59.21532
4128363437.499997,-59.36166
4128364374.999997,-59.04636
4128365312.499997,-59.2485
4128366249.999997,-59.12286
4128367187.499997,-59.23111
4128368124.999997,-59.43355
4128369062.499997,-59.27708
4128369999.999997,-59.33283
4128370937.499997,-59.24519
4128371874.999997,-59.4393
4128372812.499997,-59.20139
4128373749.999997,-59.25987
4128374687.499997,-59.31264
4128375624.999997,-59.54559
4128376562.499997,-59.32831
4128377499.999997,-59.36707
4128378437.499997,-59.39814
4128379374.999997,-59.2818
4128380312.499997,-59.05951
4128381249.999997,-59.36907
4128382187.499997,-59.22702
4128383124.999997,-59.47164
4128384062.499997,-59.48198
4128384999.999997,-59.20647
4128385937.499997,-59.29124
4128386874.999997,-59.25931
4128387812.499997,-59.24203
4128388749.999997,-59.1729
4128389687.499997,-59.31046
4128390624.999997,-59.26163
4128391562.499997,-59.39116
4128392499.999997,-59.29023
4128393437.499997,-59.41737
4128394374.999997,-59.27379
4128395312.499997,-59.2904
4128396249.999997,-59.39867
4128397187.499997,-59.28361
4128398124.999997,-59.33802
4128399062.499997,-59.37569
4128399999.999997,-59.36385
4128400937.499997,-59.17381
4128401874.999997,-59.31092
4128402812.499997,-59.31626
4128403749.999997,-59.4028
4128404687.499997,-59.39958
4128405624.999997,-59.26803
4128406562.499997,-59.42142
4128407499.999997,-59.23752
4128408437.499997,-59.46349
4128409374.999997,-59.23477
4128410312.499997,-59.33475
4128411249.999997,-59.39295
4128412187.499997,-59.31058
4128413124.999997,-59.34485
4128414062.499997,-59.33814
4128414999.999997,-59.36864
4128415937.499997,-59.53174
4128416874.999997,-59.30902
4128417812.499997,-59.41238
4128418749.999997,-59.23856
4128419687.499997,-59.39431
4128420624.999997,-59.31047
4128421562.499997,-59.26296
4128422499.999997,-59.57009
4128423437.499997,-59.53774
4128424374.999997,-59.47196
4128425312.499997,-59.38481
4128426249.999997,-59.43698
4128427187.499997,-59.42465
4128428124.999997,-59.39666
4128429062.499997,-59.37618
4128429999.999997,-59.45654
4128430937.499997,-59.27779
4128431874.999997,-59.44844
4128432812.499997,-59.35241
4128433749.999997,-59.4209
4128434687.499997,-59.32644
4128435624.999997,-59.32703
4128436562.499997,-59.57446
4128437499.999997,-59.3923
4128438437.499997,-59.3729
4128439374.999997,-59.45957
4128440312.499997,-59.4323
4128441249.999997,-59.3026
4128442187.499997,-59.38596
4128443124.999997,-59.27752
4128444062.499997,-59.32808
4128444999.999997,-59.51653
4128445937.499997,-59.40215
4128446874.999997,-59.4619
4128447812.499997,-59.39811
4128448749.999997,-59.3794
4128449687.499997,-59.32719
4128450624.999997,-59.34052
4128451562.499997,-59.35774
4128452499.999997,-59.47897
4128453437.499997,-59.37564
4128454374.999997,-59.41489
4128455312.499997,-59.43755
4128456249.999997,-59.46456
4128457187.499997,-59.43718
4128458124.999997,-59.47915
4128459062.499997,-59.37003
4128459999.999997,-59.22434
4128460937.499997,-59.40066
4128461874.999997,-59.3918
4128462812.499997,-59.47394
4128463749.999997,-59.50087
4128464687.499997,-59.42446
4128465624.999997,-59.46363
4128466562.499997,-59.37307
4128467499.999997,-59.54242
4128468437.499997,-59.36586
4128469374.999997,-59.51701
4128470312.499997,-59.48603
4128471249.999997,-59.50204
4128472187.499997,-59.44217
4128473124.999997,-59.55357
4128474062.499997,-59.29274
4128474999.999997,-59.56736
4128475937.499997,-59.3699
4128476874.999997,-59.4216
4128477812.499997,-59.36621
4128478749.999997,-59.50708
4128479687.499997,-59.53058
4128480624.999997,-59.5714
4128481562.499997,-59.46247
4128482499.999997,-59.38866
4128483437.499997,-59.60489
4128484374.999997,-59.35729
4128485312.499997,-59.38268
4128486249.999997,-59.53654
4128487187.499997,-59.6554
4128488124.999997,-59.52606
4128489062.499997,-59.49745
4128489999.999997,-59.51073
4128490937.499997,-59.48409
4128491874.999997,-59.51803
4128492812.499997,-59.55327
4128493749.999997,-59.61709
4128494687.499997,-59.48201
4128495624.999997,-59.51188
4128496562.499997,-59.47941
4128497499.999997,-59.57243
4128498437.499997,-59.58702
4128499374.999997,-59.53918
4128500312.499997,-59.39451
4128501249.999997,-59.60683
4128502187.499997,-59.59332
4128503124.999997,-59.65392
4128504062.499997,-59.31095
4128504999.999997,-59.37742
4128505937.499997,-59.53915
4128506874.999997,-59.54111
4128507812.499997,-59.48629
4128508749.999997,-59.47087
4128509687.499997,-59.48274
4128510624.999997,-59.57353
4128511562.499997,-59.50855
4128512499.999997,-59.56094
4128513437.499997,-59.75228
4128514374.999997,-59.5857
4128515312.499997,-59.53202
4128516249.999997,-59.52357
4128517187.499997,-59.3632
4128518124.999997,-59.52034
4128519062.499997,-59.60861
4128519999.999997,-59.55181
4128520937.499997,-59.55925
4128521874.999997,-59.4826
4128522812.499997,-59.67731
4128523749.999997,-59.37859
4128524687.499997,-59.49851
4128525624.999997,-59.47525
4128526562.499997,-59.51323
4128527499.999997,-59.64765
4128528437.499997,-59.53356
4128529374.999997,-59.75492
4128530312.499997,-59.34972
4128531249.999997,-59.55594
4128532187.499997,-59.44272
4128533124.999997,-59.60392
4128534062.499997,-59.62005
4128534999.999997,-59.40804
4128535937.499997,-59.27024
4128536874.999997,-59.57267
4128537812.499997,-59.57951
4128538749.999997,-59.50367
4128539687.499997,-59.60971
4128540624.999997,-59.54844
4128541562.499997,-59.55233
4128542499.999997,-59.45041
4128543437.499997,-59.50224
4128544374.999997,-59.44762
4128545312.499997,-59.57695
4128546249.999997,-59.58113
4128547187.499997,-59.61142
4128548124.999997,-59.66517
4128549062.499997,-59.57961
4128549999.999997,-59.5544
4128550937.499997,-59.7197
4128551874.999997,-59.59902
4128552812.499997,-59.66939
4128553749.999997,-59.48038
4128554687.499997,-59.56213
4128555624.999997,-59.48624
4128556562.499997,-59.64649
4128557499.999997,-59.51222
4128558437.499997,-59.43428
4128559374.999997,-59.52558
4128560312.499997,-59.5931
4128561249.999997,-59.61654
4128562187.499997,-59.58046
4128563124.999997,-59.62807
4128564062.499997,-59.8072
4128564999.999997,-59.62592
4128565937.499997,-59.61063
4128566874.999997,-59.63687
4128567812.499997,-59.50372
4128568749.999997,-59.74799
4128569687.499997,-59.60241
4128570624.999997,-59.69146
4128571562.499997,-59.63092
4128572499.999997,-59.61785
4128573437.499997,-59.76886
4128574374.999997,-59.42984
4128575312.499997,-59.63772
4128576249.999997,-59.68943
4128577187.499997,-59.60751
4128578124.999997,-59.57104
4128579062.499997,-59.55436
4128579999.999997,-59.5413
4128580937.499997,-59.58825
4128581874.999997,-59.49245
4128582812.499997,-59.56553
4128583749.999997,-59.44525
4128584687.499997,-59.70668
4128585624.999997,-59.50515
4128586562.499997,-59.65065
4128587499.999997,-59.76285
4128588437.499997,-59.70933
4128589374.999997,-59.58706
4128590312.499997,-59.76017
4128591249.999997,-59.63634
4128592187.499997,-59.72156
4128593124.999997,-59.52065
4128594062.499997,-59.38954
4128594999.999997,-59.77856
4128595937.499997,-59.60842
4128596874.999997,-59.75811
4128597812.499997,-59.72198
4128598749.999997,-59.54332
4128599687.499997,-59.6067
4128600624.999997,-59.62893
4128601562.499997,-59.7043
4128602499.999997,-59.85671
4128603437.499997,-59.72972
4128604374.999997,-59.66962
4128605312.499997,-59.49201
4128606249.999997,-59.55815
4128607187.499997,-59.71809
4128608124.999997,-59.61269
4128609062.499997,-59.50957
4128609999.999997,-59.58097
4128610937.499997,-59.57753
4128611874.999997,-59.71414
4128612812.499997,-59.6055
4128613749.999997,-59.9027
4128614687.499997,-59.59341
4128615624.999997,-59.62134
4128616562.499997,-59.75136
4128617499.999997,-59.4898
4128618437.499997,-59.73026
4128619374.999997,-59.71172
4128620312.499997,-59.63721
4128621249.999997,-59.78664
4128622187.499997,-59.71487
4128623124.999997,-59.68666
4128624062.499997,-59.81289
4128624999.999997,-59.64622
4128625937.499997,-59.51998
4128626874.999997,-59.65946
4128627812.499997,-59.89816
4128628749.999997,-59.74499
4128629687.499997,-59.79596
4128630624.999997,-59.67344
4128631562.499997,-59.72333
4128632499.999997,-59.77573
4128633437.499997,-59.6974
4128634374.999997,-59.51632
4128635312.499997,-59.59533
4128636249.999997,-59.79811
4128637187.499997,-59.80485
4128638124.999997,-59.70978
4128639062.499997,-59.95075
4128639999.999997,-59.84268
4128640937.499997,-59.55214
4128641874.999997,-59.87349
4128642812.499997,-59.57241
4128643749.999997,-59.63057
4128644687.499997,-59.75605
4128645624.999997,-59.72156
4128646562.499997,-59.7473
4128647499.999997,-59.61086
4128648437.499997,-59.65125
4128649374.999997,-59.70826
4128650312.499997,-59.66706
4128651249.999997,-59.6232
4128652187.499997,-59.62421
4128653124.999997,-59.67682
4128654062.499997,-59.66363
4128654999.999997,-59.77616
4128655937.499997,-59.78309
4128656874.999997,-59.77665
4128657812.499997,-59.76398
4128658749.999997,-59.75171
4128659687.499997,-59.85775
4128660624.999997,-59.60514
4128661562.499997,-59.88456
4128662499.999997,-59.93387
4128663437.499997,-59.75755
4128664374.999997,-59.6973
4128665312.499997,-59.73412
4128666249.999997,-59.71928
4128667187.499997,-59.89606
4128668124.999997,-59.66958
4128669062.499997,-59.78503
4128669999.999997,-59.68862
4128670937.499997,-59.92478
4128671874.999997,-59.49953
4128672812.499997,-59.78416
4128673749.999997,-59.85533
4128674687.499997,-59.76591
4128675624.999997,-59.53185
4128676562.499997,-59.73823
4128677499.999997,-59.74648
4128678437.499997,-59.67357
4128679374.999997,-59.8143
4128680312.499997,-59.90012
4128681249.999997,-59.48488
4128682187.499997,-59.79305
4128683124.999997,-59.87361
4128684062.499997,-59.56866
4128684999.999997,-59.6265
4128685937.499997,-59.79631
4128686874.999997,-59.86707
4128687812.499997,-59.91095
4128688749.999997,-59.87865
4128689687.499997,-59.73617
4128690624.999997,-59.83111
4128691562.499997,-59.92782
4128692499.999997,-59.71694
4128693437.499997,-59.82255
4128694374.999997,-59.66572
4128695312.499997,-59.86835
4128696249.999997,-59.86718
4128697187.499997,-59.81063
4128698124.999997,-59.84109
4128699062.499997,-59.95916
4128699999.999997,-59.90921
4128700937.499997,-59.70266
4128701874.999997,-59.77985
4128702812.499997,-59.81576
4128703749.999997,-59.73499
4128704687.499997,-59.75253
4128705624.999997,-59.82282
4128706562.499997,-59.74167
4128707499.999997,-59.87907
4128708437.499997,-59.86057
4128709374.999997,-59.71429
4128710312.499997,-59.75908
4128711249.999997,-59.89897
4128712187.499997,-59.92402
4128713124.999997,-59.79061
4128714062.499997,-59.77348
4128714999.999997,-59.71999
4128715937.499997,-59.709
4128716874.999997,-59.83168
4128717812.499997,-59.79434
4128718749.999997,-59.75426
4128719687.499997,-59.69083
4128720624.999997,-59.9418
4128721562.499997,-59.76603
4128722499.999997,-59.86061
4128723437.499997,-60.00514
4128724374.999997,-59.86109
4128725312.499997,-59.8142
4128726249.999997,-59.75664
4128727187.499997,-59.90832
4128728124.999997,-59.8531
4128729062.499997,-59.81847
4128729999.999997,-59.90268
4128730937.499997,-59.85284
4128731874.999997,-59.77859
4128732812.499997,-59.81606
4128733749.999997,-59.73207
4128734687.499997,-59.95918
4128735624.999997,-59.80297
4128736562.499997,-59.83909
4128737499.999997,-59.76448
4128738437.499997,-59.80415
4128739374.999997,-59.81498
4128740312.499997,-59.76653
4128741249.999997,-59.82629
4128742187.499997,-59.89025
4128743124.999997,-59.88504
4128744062.499997,-59.79507
4128744999.999997,-59.82109
4128745937.499997,-59.92866
4128746874.999997,-59.81343
4128747812.499997,-59.85184
4128748749.999997,-60.01322
4128749687.499997,-59.89431
4128750624.999997,-59.85711
4128751562.499997,-59.83348
4128752499.999997,-59.88661
4128753437.499997,-59.79152
4128754374.999997,-59.92163
4128755312.499997,-59.87044
4128756249.999997,-60.04657
4128757187.499997,-59.90568
4128758124.999997,-59.8168
4128759062.499997,-59.6508
4128759999.999997,-59.83399
4128760937.499997,-60.0905
4128761874.999997,-59.84721
4128762812.499997,-59.82023
4128763749.999997,-59.77747
4128764687.499997,-59.70491
4128765624.999997,-59.82908
4128766562.499997,-59.67495
4128767499.999997,-59.88153
4128768437.499997,-59.79891
4128769374.999997,-59.87259
4128770312.499997,-59.92767
4128771249.999997,-59.82802
4128772187.499997,-59.88171
4128773124.999997,-59.88745
4128774062.499997,-59.99397
4128774999.999997,-60.01909
4128775937.499997,-59.78014
4128776874.999997,-60.0563
4128777812.499997,-59.83881
4128778749.999997,-59.90639
4128779687.499997,-60.14926
4128780624.999997,-60.07206
4128781562.499997,-59.82331
4128782499.999997,-59.99396
4128783437.499997,-60.08654
4128784374.999997,-59.68375
4128785312.499997,-59.83939
4128786249.999997,-59.97911
4128787187.499997,-60.0351
4128788124.999997,-59.9215
4128789062.499997,-60.10561
4128789999.999997,-60.10985
4128790937.499997,-59.93193
4128791874.999997,-59.99528
4128792812.499997,-60.02229
4128793749.999997,-59.81639
4128794687.499997,-59.93822
4128795624.999997,-59.9972
4128796562.499997,-60.01731
4128797499.999997,-59.87584
4128798437.499997,-59.8772
4128799374.999997,-59.93325
4128800312.499997,-59.95634
4128801249.999997,-59.85128
4128802187.499997,-59.92793
4128803124.999997,-60.12121
4128804062.499997,-59.96367
4128804999.999997,-60.02992
4128805937.499997,-59.91525
4128806874.999997,-59.83226
4128807812.499997,-60.16826
4128808749.999997,-59.81593
4128809687.499997,-60.04396
4128810624.999997,-59.93581
4128811562.499997,-60.06167
4128812499.999997,-59.96144
4128813437.499997,-59.98991
4128814374.999997,-60.14026
4128815312.499997,-59.83097
4128816249.999997,-60.08128
4128817187.499997,-59.99191
4128818124.999997,-59.85605
4128819062.499997,-59.82409
4128819999.999997,-59.89751
4128820937.499997,-59.98766
4128821874.999997,-59.84394
4128822812.499997,-59.85102
4128823749.999997,-60.00394
4128824687.499997,-60.00216
4128825624.999997,-59.99228
4128826562.499997,-59.98363
4128827499.999997,-59.96461
4128828437.499997,-59.91472
4128829374.999997,-59.91909
4128830312.499997,-59.99397
4128831249.999997,-59.95565
4128832187.499997,-59.97536
4128833124.999997,-60.13639
4128834062.499997,-60.06722
4128834999.999997,-59.9659
4128835937.499997,-60.10704
4128836874.999997,-59.88877
4128837812.499997,-60.19389
4128838749.999997,-60.13129
4128839687.499997,-60.03544
4128840624.999997,-59.92635
4128841562.499997,-59.64669
4128842499.999997,-59.98802
4128843437.499997,-60.04879
4128844374.999997,-60.03484
4128845312.499997,-60.02566
4128846249.999997,-59.91491
4128847187.499997,-60.02216
4128848124.999997,-59.98447
4128849062.499997,-60.07164
4128849999.999997,-60.04031
4128850937.499997,-59.9868
4128851874.999997,-60.19348
4128852812.499997,-59.90441
4128853749.999997,-60.06562
4128854687.499997,-59.92188
4128855624.999997,-60.05968
4128856562.499997,-60.0714
4128857499.999997,-59.91656
4128858437.499997,-59.95895
4128859374.999997,-59.85762
4128860312.499997,-60.16748
4128861249.999997,-60.03929
4128862187.499997,-60.01338
4128863124.999997,-60.08527
4128864062.499997,-60.119
4128864999.999997,-60.01305
4128865937.499997,-60.07927
4128866874.999997,-59.97074
4128867812.499997,-59.99473
4128868749.999997,-60.00503
4128869687.499997,-60.12905
4128870624.999997,-60.03985
4128871562.499997,-60.00178
4128872499.999997,-60.04039
4128873437.499997,-60.07338
4128874374.999997,-60.01382
4128875312.499997,-59.99324
4128876249.999997,-60.07307
4128877187.499997,-60.18956
4128878124.999997,-60.25903
4128879062.499997,-59.98871
4128879999.999997,-60.08205
4128880937.499997,-59.90297
4128881874.999997,-60.10151
4128882812.499997,-60.19501
4128883749.999997,-60.10392
4128884687.499997,-60.3245
4128885624.999997,-60.29116
4128886562.499997,-59.97397
4128887499.999997,-60.12272
4128888437.499997,-60.22129
4128889374.999997,-60.0015
4128890312.499997,-60.21087
4128891249.999997,-60.06968
4128892187.499997,-59.89434
4128893124.999997,-59.95409
4128894062.499997,-60.15298
4128894999.999997,-60.04195
4128895937.499997,-60.19179
4128896874.999997,-60.17538
4128897812.499997,-59.95762
4128898749.999997,-60.06106
4128899687.499997,-60.25598
4128900624.999997,-60.27247
4128901562.499997,-60.14865
4128902499.999997,-59.98563
4128903437.499997,-60.1921
4128904374.999997,-60.12297
4128905312.499997,-60.06098
4128906249.999997,-60.06306
4128907187.499997,-60.20118
4128908124.999997,-60.2911
4128909062.499997,-60.0678
4128909999.999997,-60.029
4128910937.499997,-60.13055
4128911874.999997,-59.97475
4128912812.499997,-60.18168
4128913749.999997,-60.08788
4128914687.499997,-60.22039
4128915624.999997,-60.05075
4128916562.499997,-60.21011
4128917499.999997,-60.34792
4128918437.499997,-60.03136
4128919374.999997,-60.11903
4128920312.499997,-59.88028
4128921249.999997,-60.05135
4128922187.499997,-60.13245
4128923124.999997,-60.28554
4128924062.499997,-60.22117
4128924999.999997,-60.01466
4128925937.499997,-60.14125
4128926874.999997,-60.14265
4128927812.499997,-60.06353
4128928749.999997,-60.15698
4128929687.499997,-60.06749
4128930624.999997,-59.94223
4128931562.499997,-60.25869
4128932499.999997,-60.15099
4128933437.499997,-60.06895
4128934374.999997,-60.11484
4128935312.499997,-60.16161
4128936249.999997,-60.12445
4128937187.499997,-60.04317
4128938124.999997,-60.25889
4128939062.499997,-60.2166
4128939999.999997,-60.0698
4128940937.499997,-60.24286
4128941874.999997,-60.09793
4128942812.499997,-60.31083
4128943749.999997,-60.17887
4128944687.499997,-60.13715
4128945624.999997,-60.18005
4128946562.499997,-60.16889
4128947499.999997,-60.24123
4128948437.499997,-60.19723
4128949374.999997,-60.12169
4128950312.499997,-60.17579
4128951249.999997,-60.1937
4128952187.499997,-60.08334
4128953124.999997,-60.1542
4128954062.499997,-60.03877
4128954999.999997,-60.12112
4128955937.499997,-60.24781
4128956874.999997,-60.21119
4128957812.499997,-60.26501
4128958749.999997,-60.12305
4128959687.499997,-60.19245
4128960624.999997,-60.22552
4128961562.499997,-60.08278
4128962499.999997,-60.2837
4128963437.499997,-60.10418
4128964374.999997,-60.12597
4128965312.499997,-60.13995
4128966249.999997,-60.22974
4128967187.499997,-60.39015
4128968124.999997,-60.13971
4128969062.499997,-60.19637
4128969999.999997,-60.17006
4128970937.499997,-60.43442
4128971874.999997,-60.13345
4128972812.499997,-60.15136
4128973749.999997,-60.32404
4128974687.499997,-60.10069
4128975624.999997,-59.97475
4128976562.499997,-60.07121
4128977499.999997,-60.42036
4128978437.499997,-60.43546
4128979374.999997,-60.04373
4128980312.499997,-60.30773
4128981249.999997,-60.28043
4128982187.499997,-60.21896
4128983124.999997,-60.34106
4128984062.499997,-60.3643
4128984999.999997,-60.01826
4128985937.499997,-60.0605
4128986874.999997,-60.15908
4128987812.499997,-60.06517
4128988749.999997,-60.12302
4128989687.499997,-60.15799
4128990624.999997,-60.18178
4128991562.499997,-60.25738
4128992499.999997,-60.34554
4128993437.499997,-60.38697
4128994374.999997,-60.25551
4128995312.499997,-60.08745
4128996249.999997,-60.24073
4128997187.499997,-60.3849
4128998124.999997,-60.15069
4128999062.499997,-60.36374
4128999999.999997,-60.14047
4129000937.499997,-60.46079
4129001874.999997,-60.20656
4129002812.499997,-60.45202
4129003749.999997,-60.13523
4129004687.499997,-60.28971
4129005624.999997,-60.28675
4129006562.499997,-60.37112
4129007499.999997,-60.25324
4129008437.499997,-60.31678
4129009374.999997,-60.09901
4129010312.499997,-60.21093
4129011249.999997,-60.17509
4129012187.499997,-60.41594
4129013124.999997,-60.25283
4129014062.499997,-60.19792
4129014999.999997,-60.25242
4129015937.499997,-60.26373
4129016874.999997,-60.2994
4129017812.499997,-60.32785
4129018749.999997,-60.02802
4129019687.499997,-60.21091
4129020624.999997,-60.21093
4129021562.499997,-60.22638
4129022499.999997,-60.3935
4129023437.499997,-60.25631
4129024374.999997,-60.21226
4129025312.499997,-60.22664
4129026249.999997,-60.33506
4129027187.499997,-60.46437
4129028124.999997,-60.27763
4129029062.499997,-60.20581
4129029999.999997,-60.24451
4129030937.499997,-60.37289
4129031874.999997,-60.24165
4129032812.499997,-60.35489
4129033749.999997,-60.39959
4129034687.499997,-60.3841
4129035624.999997,-60.2528
4129036562.499997,-60.32112
4129037499.999997,-60.33397
4129038437.499997,-60.42722
4129039374.999997,-60.21946
4129040312.499997,-60.36883
4129041249.999997,-60.31044
4129042187.499997,-60.26102
4129043124.999997,-60.36948
4129044062.499997,-60.37006
4129044999.999997,-60.18935
4129045937.499997,-60.18236
4129046874.999997,-60.37498
4129047812.499997,-60.30427
4129048749.999997,-60.39439
4129049687.499997,-60.19947
4129050624.999997,-60.38066
4129051562.499997,-60.21126
4129052499.999997,-60.03707
4129053437.499997,-60.29495
4129054374.999997,-60.18864
4129055312.499997,-60.26608
4129056249.999997,-60.33712
4129057187.499997,-60.3633
4129058124.999997,-60.39077
4129059062.499997,-60.50343
4129059999.999997,-60.30675
4129060937.499997,-60.38829
4129061874.999997,-60.27657
4129062812.499997,-60.29956
4129063749.999997,-60.58768
4129064687.499997,-60.15811
4129065624.999997,-60.46175
4129066562.499997,-60.16857
4129067499.999997,-60.25875
4129068437.499997,-60.31086
4129069374.999997,-60.38072
4129070312.499997,-60.2668
4129071249.999997,-60.48672
4129072187.499997,-60.35492
4129073124.999997,-60.22852
4129074062.499997,-60.42658
4129074999.999997,-60.369
4129075937.499997,-60.47906
4129076874.999997,-60.42585
4129077812.499997,-60.18045
4129078749.999997,-60.13472
4129079687.499997,-60.23241
4129080624.999997,-60.31022
4129081562.499997,-60.38999
4129082499.999997,-60.38982
4129083437.499997,-60.36032
4129084374.999997,-60.30313
4129085312.499997,-60.27805
4129086249.999997,-60.51628
4129087187.499997,-60.53213
4129088124.999997,-60.3191
4129089062.499997,-60.30801
4129089999.999997,-60.25955
4129090937.499997,-60.2752
4129091874.999997,-60.30995
4129092812.499997,-60.39325
4129093749.999997,-60.37949
4129094687.499997,-60.58679
4129095624.999997,-60.41022
4129096562.499997,-60.39029
4129097499.999997,-60.37207
4129098437.499997,-60.30935
4129099374.999997,-60.36465
4129100312.499997,-60.36464
4129101249.999997,-60.58053
4129102187.499997,-60.42298
4129103124.999997,-60.4165
4129104062.499997,-60.5065
4129104999.999997,-60.52676
4129105937.499997,-60.31276
4129106874.999997,-60.446
4129107812.499997,-60.45678
4129108749.999997,-60.30895
4129109687.499997,-60.38548
4129110624.999997,-60.494
4129111562.499997,-60.24612
4129112499.999997,-60.36598
4129113437.499997,-60.47635
4129114374.999997,-60.03392
4129115312.499997,-60.58593
4129116249.999997,-60.41356
4129117187.499997,-60.36214
4129118124.999997,-60.43714
4129119062.499997,-60.44343
4129119999.999997,-60.30315
4129120937.499997,-60.29663
4129121874.999997,-60.32472
4129122812.499997,-60.45638
4129123749.999997,-60.34859
4129124687.499997,-60.53654
4129125624.999997,-60.37257
4129126562.499997,-60.44513
4129127499.999997,-60.32338
4129128437.499997,-60.44301
4129129374.999997,-60.2774
4129130312.499997,-60.4274
4129131249.999997,-60.44223
4129132187.499997,-60.59309
4129133124.999997,-60.55982
4129134062.499997,-60.36007
4129134999.999997,-60.27798
4129135937.499997,-60.30738
4129136874.999997,-60.50305
4129137812.499997,-60.32591
4129138749.999997,-60.34478
4129139687.499997,-60.47638
4129140624.999997,-60.57497
4129141562.499997,-60.33577
4129142499.999997,-60.40935
4129143437.499997,-60.45569
4129144374.999997,-60.42059
4129145312.499997,-60.33036
4129146249.999997,-60.5281
4129147187.499997,-60.32664
4129148124.999997,-60.38654
4129149062.499997,-60.49162
4129149999.999997,-60.46295
4129150937.499997,-60.41409
4129151874.999997,-60.43475
4129152812.499997,-60.55214
4129153749.999997,-60.34723
4129154687.499997,-60.40282
4129155624.999997,-60.32388
4129156562.499997,-60.575
4129157499.999997,-60.36366
4129158437.499997,-60.54
4129159374.999997,-60.25423
4129160312.499997,-60.35815
4129161249.999997,-60.339
4129162187.499997,-60.64696
4129163124.999997,-60.66431
4129164062.499997,-60.48333
4129164999.999997,-60.39266
4129165937.499997,-60.51412
4129166874.999997,-60.3479
4129167812.499997,-60.43079
4129168749.999997,-60.56663
4129169687.499997,-60.64028
4129170624.999997,-60.53807
4129171562.499997,-60.51646
4129172499.999997,-60.43495
4129173437.499997,-60.47259
4129174374.999997,-60.44997
4129175312.499997,-60.29521
4129176249.999997,-60.31987
4129177187.499997,-60.43066
4129178124.999997,-60.4177
4129179062.499997,-60.55042
4129179999.999997,-60.42104
4129180937.499997,-60.44608
4129181874.999997,-60.49524
4129182812.499997,-60.62034
4129183749.999997,-60.43914
4129184687.499997,-60.41927
4129185624.999997,-60.47016
4129186562.499997,-60.52576
4129187499.999997,-60.42628
4129188437.499997,-60.51761
4129189374.999997,-60.41488
4129190312.499997,-60.28345
4129191249.999997,-60.5696
4129192187.499997,-60.29934
4129193124.999997,-60.45278
4129194062.499997,-60.48292
4129194999.999997,-60.65548
4129195937.499997,-60.49621
4129196874.999997,-60.43745
4129197812.499997,-60.53004
4129198749.999997,-60.36312
4129199687.499997,-60.62026
4129200624.999997,-60.29802
4129201562.499997,-60.33924
4129202499.999997,-60.27588
4129203437.499997,-60.51373
4129204374.999997,-60.51843
4129205312.499997,-60.5183
4129206249.999997,-60.53713
4129207187.499997,-60.45044
4129208124.999997,-60.60438
4129209062.499997,-60.40559
4129209999.999997,-60.63232
4129210937.499997,-60.53683
4129211874.999997,-60.47367
4129212812.499997,-60.5882
4129213749.999997,-60.43239
4129214687.499997,-60.52914
4129215624.999997,-60.51572
4129216562.499997,-60.54979
4129217499.999997,-60.50377
4129218437.499997,-60.64149
4129219374.999997,-60.52888
4129220312.499997,-60.42816
4129221249.999997,-60.60787
4129222187.499997,-60.62909
4129223124.999997,-60.47536
4129224062.499997,-60.55353
4129224999.999997,-60.63664
4129225937.499997,-60.61107
4129226874.999997,-60.69844
4129227812.499997,-60.60216
4129228749.999997,-60.39268
4129229687.499997,-60.53941
4129230624.999997,-60.58031
4129231562.499997,-60.68541
4129232499.999997,-60.4408
4129233437.499997,-60.63672
4129234374.999997,-60.60048
4129235312.499997,-60.60268
4129236249.999997,-60.35315
4129237187.499997,-60.41125
4129238124.999997,-60.31108
4129239062.499997,-60.51196
4129239999.999997,-60.57712
4129240937.499997,-60.58235
4129241874.999997,-60.36316
4129242812.499997,-60.48432
4129243749.999997,-60.76478
4129244687.499997,-60.76314
4129245624.999997,-60.39601
4129246562.499997,-60.70205
4129247499.999997,-60.40149
4129248437.499997,-60.49599
4129249374.999997,-60.48667
4129250312.499997,-60.58095
4129251249.999997,-60.62137
4129252187.499997,-60.75158
4129253124.999997,-60.6164
4129254062.499997,-60.4857
4129254999.999997,-60.694
4129255937.499997,-60.7782
4129256874.999997,-60.42786
4129257812.499997,-60.72609
4129258749.999997,-60.68106
4129259687.499997,-60.81362
4129260624.999997,-60.63449
4129261562.499997,-60.54168
4129262499.999997,-60.61913
4129263437.499997,-60.87649
4129264374.999997,-60.48359
4129265312.499997,-60.55682
4129266249.999997,-60.63948
4129267187.499997,-60.71721
4129268124.999997,-60.53651
4129269062.499997,-60.53499
4129269999.999997,-60.61174
4129270937.499997,-60.6638
4129271874.999997,-60.60698
4129272812.499997,-60.51001
4129273749.999997,-60.50802
4129274687.499997,-60.60443
4129275624.999997,-60.57209
4129276562.499997,-60.88576
4129277499.999997,-60.58856
4129278437.499997,-60.52683
4129279374.999997,-60.51313
4129280312.499997,-60.65387
4129281249.999997,-60.65115
4129282187.499997,-60.42891
4129283124.999997,-60.67227
4129284062.499997,-60.53402
4129284999.999997,-60.58852
4129285937.499997,-60.70428
4129286874.999997,-60.68971
4129287812.499997,-60.74659
4129288749.999997,-60.5977
4129289687.499997,-60.7688
4129290624.999997,-60.79023
4129291562.499997,-60.78092
4129292499.999997,-60.56211
4129293437.499997,-60.61575
4129294374.999997,-60.61409
4129295312.499997,-60.59577
4129296249.999997,-60.76725
4129297187.499997,-60.41723
4129298124.999997,-60.56954
4129299062.499997,-60.72276
4129299999.999997,-60.54161
4129300937.499997,-60.62712
4129301874.999997,-60.5323
4129302812.499997,-60.63081
4129303749.999997,-60.66089
4129304687.499997,-60.56263
4129305624.999997,-60.65221
4129306562.499997,-60.77489
4129307499.999997,-60.73336
4129308437.499997,-60.70965
4129309374.999997,-60.69883
4129310312.499997,-60.69364
4129311249.999997,-60.52346
4129312187.499997,-60.62312
4129313124.999997,-60.52258
4129314062.499997,-60.82303
4129314999.999997,-60.64528
4129315937.499997,-60.65396
4129316874.999997,-60.7045
4129317812.499997,-60.6693
4129318749.999997,-60.73156
4129319687.499997,-60.83688
4129320624.999997,-60.6749
4129321562.499997,-60.75385
4129322499.999997,-60.64309
4129323437.499997,-60.81192
4129324374.999997,-60.73751
4129325312.499997,-60.83048
4129326249.999997,-60.64144
4129327187.499997,-60.83527
4129328124.999997,-60.59491
4129329062.499997,-60.76991
4129329999.999997,-60.57478
4129330937.499997,-60.71402
4129331874.999997,-60.7867
4129332812.499997,-60.53663
4129333749.999997,-60.63191
4129334687.499997,-60.50383
4129335624.999997,-60.93865
4129336562.499997,-60.89042
4129337499.999997,-60.65741
4129338437.499997,-60.59014
4129339374.999997,-60.59912
4129340312.499997,-60.76553
4129341249.999997,-60.6564
4129342187.499997,-60.79498
4129343124.999997,-60.70189
4129344062.499997,-60.56976
4129344999.999997,-60.80591
4129345937.499997,-60.7013
4129346874.999997,-60.70892
4129347812.499997,-60.76622
4129348749.999997,-60.63696
4129349687.499997,-60.73711
4129350624.999997,-60.60879
4129351562.499997,-60.75735
4129352499.999997,-60.59385
4129353437.499997,-60.60882
4129354374.999997,-60.72636
4129355312.499997,-60.85648
4129356249.999997,-60.65572
4129357187.499997,-60.69012
4129358124.999997,-60.68187
4129359062.499997,-60.77118
4129359999.999997,-60.92963
4129360937.499997,-60.70672
4129361874.999997,-60.75338
4129362812.499997,-60.64449
4129363749.999997,-60.89773
4129364687.499997,-60.5467
4129365624.999997,-60.84452
4129366562.499997,-60.72142
4129367499.999997,-60.77649
4129368437.499997,-60.72703
4129369374.999997,-60.82402
4129370312.499997,-60.8184
4129371249.999997,-60.73604
4129372187.499997,-60.75556
4129373124.999997,-60.62045
4129374062.499997,-60.69252
4129374999.999997,-60.63861
4129375937.499997,-60.82972
4129376874.999997,-60.82632
4129377812.499997,-60.73911
4129378749.999997,-60.84984
4129379687.499997,-60.79345
4129380624.999997,-60.70097
4129381562.499997,-60.68961
4129382499.999997,-60.74092
4129383437.499997,-60.76987
4129384374.999997,-60.53508
4129385312.499997,-60.76921
4129386249.999997,-60.79796
4129387187.499997,-60.80428
4129388124.999997,-60.75937
4129389062.499997,-60.72277
4129389999.999997,-60.63138
4129390937.499997,-60.71254
4129391874.999997,-60.77438
4129392812.499997,-60.666
4129393749.999997,-60.57561
4129394687.499997,-60.94433
4129395624.999997,-60.58651
4129396562.499997,-60.70958
4129397499.999997,-60.74406
4129398437.499997,-60.7586
4129399374.999997,-60.74229
4129400312.499997,-60.61798
4129401249.999997,-60.91595
4129402187.499997,-60.96682
4129403124.999997,-60.89153
4129404062.499997,-61.00218
4129404999.999997,-60.85065
4129405937.499997,-60.89736
4129406874.999997,-60.70929
4129407812.499997,-60.7373
4129408749.999997,-60.79187
4129409687.499997,-60.88198
4129410624.999997,-60.77495
4129411562.499997,-60.92617
4129412499.999997,-60.82598
4129413437.499997,-60.87604
4129414374.999997,-60.86942
4129415312.499997,-60.76092
4129416249.999997,-60.72737
4129417187.499997,-60.63798
4129418124.999997,-60.68937
4129419062.499997,-60.98777
4129419999.999997,-60.85089
4129420937.499997,-60.85768
4129421874.999997,-61.01593
4129422812.499997,-60.83796
4129423749.999997,-60.70285
4129424687.499997,-60.8651
4129425624.999997,-60.87333
4129426562.499997,-60.88142
4129427499.999997,-60.70701
4129428437.499997,-60.86781
4129429374.999997,-60.75482
4129430312.499997,-60.77887
4129431249.999997,-60.92913
4129432187.499997,-60.77909
4129433124.999997,-60.88705
4129434062.499997,-60.79494
4129434999.999997,-60.60148
4129435937.499997,-61.05482
4129436874.999997,-60.76209
4129437812.499997,-60.92439
4129438749.999997,-60.82008
4129439687.499997,-60.8312
4129440624.999997,-60.94661
4129441562.499997,-60.74355
4129442499.999997,-61.03383
4129443437.499997,-60.84576
4129444374.999997,-60.89487
4129445312.499997,-60.90275
4129446249.999997,-60.81495
4129447187.499997,-60.71842
4129448124.999997,-60.93192
4129449062.499997,-60.69518
4129449999.999997,-60.86797
4129450937.499997,-60.70577
4129451874.999997,-60.99247
4129452812.499997,-60.85326
4129453749.999997,-60.77725
4129454687.499997,-60.94102
4129455624.999997,-60.60966
4129456562.499997,-60.93021
4129457499.999997,-60.7818
4129458437.499997,-60.75085
4129459374.999997,-60.86274
4129460312.499997,-60.80755
4129461249.999997,-60.89892
4129462187.499997,-60.74065
4129463124.999997,-60.60972
4129464062.499997,-60.88884
4129464999.999997,-60.88073
4129465937.499997,-61.05046
4129466874.999997,-60.98137
4129467812.499997,-60.97028
4129468749.999997,-60.77613
4129469687.499997,-60.96442
4129470624.999997,-60.83992
4129471562.499997,-60.94513
4129472499.999997,-60.85751
4129473437.499997,-60.70219
4129474374.999997,-60.85344
4129475312.499997,-60.65606
4129476249.999997,-60.97177
4129477187.499997,-60.89234
4129478124.999997,-61.0101
4129479062.499997,-60.87994
4129479999.999997,-60.81226
4129480937.499997,-60.88045
4129481874.999997,-60.90036
4129482812.499997,-60.87302
4129483749.999997,-60.73836
4129484687.499997,-61.01871
4129485624.999997,-60.9301
4129486562.499997,-60.97747
4129487499.999997,-61.00998
4129488437.499997,-60.78884
4129489374.999997,-60.79042
4129490312.499997,-60.83636
4129491249.999997,-60.96809
4129492187.499997,-61.03056
4129493124.999997,-61.08427
4129494062.499997,-60.92362
4129494999.999997,-60.85693
4129495937.499997,-60.8827
4129496874.999997,-60.9859
4129497812.499997,-60.91418
4129498749.999997,-60.9266
4129499687.499997,-60.82808
4129500624.999997,-60.90181
4129501562.499997,-60.74553
4129502499.999997,-60.98129
4129503437.499997,-60.91221
4129504374.999997,-60.7628
4129505312.499997,-61.01422
4129506249.999997,-60.7529
4129507187.499997,-61.06756
4129508124.999997,-61.08577
4129509062.499997,-61.00903
4129509999.999997,-60.94872
4129510937.499997,-61.04597
4129511874.999997,-60.82722
4129512812.499997,-60.87688
4129513749.999997,-60.96077
4129514687.499997,-61.0104
4129515624.999997,-61.03804
4129516562.499997,-60.95507
4129517499.999997,-60.88178
4129518437.499997,-60.843
4129519374.999997,-61.0034
4129520312.499997,-61.0565
4129521249.999997,-60.98833
4129522187.499997,-61.13207
4129523124.999997,-60.90709
4129524062.499997,-60.88463
4129524999.999997,-60.95508
4129525937.499997,-61.1904
4129526874.999997,-60.90948
4129527812.499997,-60.87879
4129528749.999997,-60.78104
4129529687.499997,-60.85044
4129530624.999997,-61.25022
4129531562.499997,-60.94887
4129532499.999997,-61.13859
4129533437.499997,-61.10683
4129534374.999997,-60.98034
4129535312.499997,-61.06107
4129536249.999997,-61.05803
4129537187.499997,-60.82924
4129538124.999997,-61.16192
4129539062.499997,-60.9493
4129539999.999997,-60.79988
4129540937.499997,-60.7737
4129541874.999997,-60.8784
4129542812.499997,-60.99833
4129543749.999997,-60.88111
4129544687.499997,-60.9264
4129545624.999997,-61.04431
4129546562.499997,-60.8884
4129547499.999997,-61.0061
4129548437.499997,-61.04325
4129549374.999997,-60.95545
4129550312.499997,-60.89927
4129551249.999997,-61.13507
4129552187.499997,-60.87442
4129553124.999997,-60.79324
4129554062.499997,-61.18626
4129554999.999997,-60.94994
4129555937.499997,-61.04858
4129556874.999997,-61.20057
4129557812.499997,-61.03957
4129558749.999997,-60.87777
4129559687.499997,-61.13262
4129560624.999997,-60.99743
4129561562.499997,-60.91941
4129562499.999997,-61.0253
4129563437.499997,-60.98643
4129564374.999997,-61.0905
4129565312.499997,-60.997
4129566249.999997,-61.20697
4129567187.499997,-60.83386
4129568124.999997,-60.89127
4129569062.499997,-61.06559
4129569999.999997,-61.1428
4129570937.499997,-61.00935
4129571874.999997,-61.20009
4129572812.499997,-60.91363
4129573749.999997,-61.09465
4129574687.499997,-60.96344
4129575624.999997,-60.99394
4129576562.499997,-60.85085
4129577499.999997,-61.01563
4129578437.499997,-61.096
4129579374.999997,-60.8782
4129580312.499997,-61.1529
4129581249.999997,-60.91447
4129582187.499997,-60.90781
4129583124.999997,-61.20324
4129584062.499997,-60.95692
4129584999.999997,-61.13902
4129585937.499997,-60.92881
4129586874.999997,-61.09185
4129587812.499997,-60.9616
4129588749.999997,-60.97623
4129589687.499997,-61.01189
4129590624.999997,-61.09825
4129591562.499997,-60.94448
4129592499.999997,-60.99461
4129593437.499997,-60.99277
4129594374.999997,-61.14608
4129595312.499997,-61.01532
4129596249.999997,-61.1229
4129597187.499997,-61.03793
4129598124.999997,-61.16307
4129599062.499997,-60.97762
4129599999.999997,-61.201
4129600937.499997,-61.06721
4129601874.999997,-60.94718
4129602812.499997,-60.98814
4129603749.999997,-61.09418
4129604687.499997,-60.9882
4129605624.999997,-61.23497
4129606562.499997,-61.08566
4129607499.999997,-60.97765
4129608437.499997,-61.02728
4129609374.999997,-60.99195
4129610312.499997,-61.18083
4129611249.999997,-61.08174
4129612187.499997,-61.06144
4129613124.999997,-61.02306
4129614062.499997,-61.00373
4129614999.999997,-61.13874
4129615937.499997,-61.08102
4129616874.999997,-61.198
4129617812.499997,-61.17216
4129618749.999997,-60.89332
4129619687.499997,-61.21504
4129620624.999997,-61.0942
4129621562.499997,-60.90685
4129622499.999997,-61.03204
4129623437.499997,-60.99204
4129624374.999997,-61.26035
4129625312.499997,-61.15509
4129626249.999997,-61.0365
4129627187.499997,-60.91772
4129628124.999997,-61.02206
4129629062.499997,-61.01113
4129629999.999997,-61.05857
4129630937.499997,-60.87372
4129631874.999997,-60.8892
4129632812.499997,-61.29123
4129633749.999997,-61.22846
4129634687.499997,-61.16941
4129635624.999997,-60.98107
4129636562.499997,-61.14128
4129637499.999997,-61.12746
4129638437.499997,-61.15039
4129639374.999997,-60.94179
4129640312.499997,-61.25311
4129641249.999997,-61.28038
4129642187.499997,-61.12035
4129643124.999997,-61.12059
4129644062.499997,-60.9607
4129644999.999997,-61.05959
4129645937.499997,-61.2401
4129646874.999997,-61.29208
4129647812.499997,-61.14982
4129648749.999997,-61.05008
4129649687.499997,-61.05642
4129650624.999997,-60.99618
4129651562.499997,-61.13507
4129652499.999997,-61.03463
4129653437.499997,-61.21859
4129654374.999997,-61.22752
4129655312.499997,-61.20601
4129656249.999997,-61.41801
4129657187.499997,-61.14677
4129658124.999997,-61.08718
4129659062.499997,-61.30442
4129659999.999997,-60.92269
4129660937.499997,-61.1874
4129661874.999997,-61.1813
4129662812.499997,-61.2957
4129663749.999997,-61.16292
4129664687.499997,-61.09839
4129665624.999997,-61.21581
4129666562.499997,-61.16134
4129667499.999997,-61.14289
4129668437.499997,-61.07627
4129669374.999997,-61.21936
4129670312.499997,-61.05651
4129671249.999997,-61.12037
4129672187.499997,-61.25777
4129673124.999997,-61.26453
4129674062.499997,-60.97115
4129674999.999997,-61.11365
4129675937.499997,-61.17553
4129676874.999997,-61.00507
4129677812.499997,-61.16556
4129678749.999997,-61.17244
4129679687.499997,-61.23822
4129680624.999997,-61.35975
4129681562.499997,-61.14014
4129682499.999997,-61.1663
4129683437.499997,-61.05098
4129684374.999997,-61.16956
4129685312.499997,-60.90751
4129686249.999997,-61.11089
4129687187.499997,-61.34525
4129688124.999997,-61.24323
4129689062.499997,-61.10149
4129689999.999997,-61.11017
4129690937.499997,-61.14262
4129691874.999997,-61.19098
4129692812.499997,-61.31222
4129693749.999997,-61.01945
4129694687.499997,-61.07745
4129695624.999997,-61.15267
4129696562.499997,-61.07283
4129697499.999997,-61.27306
4129698437.499997,-61.00274
4129699374.999997,-61.22288
4129700312.499997,-61.2094
4129701249.999997,-61.26237
4129702187.499997,-61.25358
4129703124.999997,-61.20124
4129704062.499997,-61.31938
4129704999.999997,-61.25446
4129705937.499997,-61.13807
4129706874.999997,-61.22387
4129707812.499997,-61.2494
4129708749.999997,-61.02209
4129709687.499997,-61.19687
4129710624.999997,-61.15897
4129711562.499997,-61.39694
4129712499.999997,-60.95943
4129713437.499997,-61.37546
4129714374.999997,-61.0707
4129715312.499997,-61.23317
4129716249.999997,-61.29173
4129717187.499997,-61.11935
4129718124.999997,-61.05544
4129719062.499997,-61.13375
4129719999.999997,-61.00835
4129720937.499997,-61.20465
4129721874.999997,-61.13538
4129722812.499997,-61.13574
4129723749.999997,-61.09743
4129724687.499997,-61.00659
4129725624.999997,-61.16622
4129726562.499997,-61.33849
4129727499.999997,-61.12611
4129728437.499997,-61.06445
4129729374.999997,-61.16299
4129730312.499997,-61.52816
4129731249.999997,-61.15629
4129732187.499997,-61.25471
4129733124.999997,-61.13136
4129734062.499997,-61.30681
4129734999.999997,-61.24607
4129735937.499997,-61.27778
4129736874.999997,-61.07308
4129737812.499997,-61.15519
4129738749.999997,-61.17892
4129739687.499997,-61.07256
4129740624.999997,-61.22342
4129741562.499997,-61.35212
4129742499.999997,-61.14404
4129743437.499997,-61.1835
4129744374.999997,-61.26271
4129745312.499997,-61.22931
4129746249.999997,-61.18984
4129747187.499997,-61.26285
4129748124.999997,-61.14479
4129749062.499997,-61.34278
4129749999.999997,-61.09152
4129750937.499997,-61.28114
4129751874.999997,-61.22879
4129752812.499997,-61.36132
4129753749.999997,-61.31689
4129754687.499997,-61.12285
4129755624.999997,-61.18931
4129756562.499997,-60.99214
4129757499.999997,-61.24416
4129758437.499997,-61.07189
4129759374.999997,-61.24788
4129760312.499997,-61.32871
4129761249.999997,-61.23035
4129762187.499997,-61.15559
4129763124.999997,-61.27568
4129764062.499997,-61.30217
4129764999.999997,-61.1603
4129765937.499997,-61.12951
4129766874.999997,-61.40098
4129767812.499997,-61.20675
4129768749.999997,-61.24589
4129769687.499997,-61.12453
4129770624.999997,-61.20473
4129771562.499997,-61.39097
4129772499.999997,-61.42711
4129773437.499997,-61.23663
4129774374.999997,-61.24301
4129775312.499997,-61.23761
4129776249.999997,-61.31963
4129777187.499997,-61.15908
4129778124.999997,-61.17439
4129779062.499997,-61.28135
4129779999.999997,-61.29517
4129780937.499997,-61.25497
4129781874.999997,-61.18686
4129782812.499997,-61.24659
4129783749.999997,-61.16113
4129784687.499997,-61.39149
4129785624.999997,-61.15342
4129786562.499997,-61.29208
4129787499.999997,-61.31824
4129788437.499997,-61.30718
4129789374.999997,-61.30321
4129790312.499997,-61.21427
4129791249.999997,-61.23948
4129792187.499997,-61.27253
4129793124.999997,-61.35865
4129794062.499997,-61.15503
4129794999.999997,-61.22475
4129795937.499997,-61.27976
4129796874.999997,-61.18621
4129797812.499997,-61.25179
4129798749.999997,-61.25821
4129799687.499997,-61.37018
4129800624.999997,-61.16546
4129801562.499997,-61.45871
4129802499.999997,-61.33236
4129803437.499997,-61.29931
4129804374.999997,-61.38329
4129805312.499997,-61.23437
4129806249.999997,-61.34332
4129807187.499997,-61.25357
4129808124.999997,-61.23344
4129809062.499997,-61.47672
4129809999.999997,-61.30009
4129810937.499997,-61.18268
4129811874.999997,-61.26997
4129812812.499997,-61.3118
4129813749.999997,-61.28076
4129814687.499997,-61.50923
4129815624.999997,-61.41554
4129816562.499997,-61.23468
4129817499.999997,-61.24638
4129818437.499997,-61.36789
4129819374.999997,-61.23881
4129820312.499997,-61.37643
4129821249.999997,-61.48066
4129822187.499997,-61.28352
4129823124.999997,-61.28075
4129824062.499997,-61.26949
4129824999.999997,-61.24799
4129825937.499997,-61.47746
4129826874.999997,-61.16259
4129827812.499997,-61.41268
4129828749.999997,-61.33034
4129829687.499997,-61.36227
4129830624.999997,-61.28796
4129831562.499997,-61.21348
4129832499.999997,-61.32346
4129833437.499997,-61.20023
4129834374.999997,-61.18849
4129835312.499997,-61.30685
4129836249.999997,-61.15459
4129837187.499997,-61.3399
4129838124.999997,-61.24649
4129839062.499997,-61.25804
4129839999.999997,-61.32031
4129840937.499997,-61.34787
4129841874.999997,-61.2052
4129842812.499997,-61.21423
4129843749.999997,-61.25592
4129844687.499997,-61.53267
4129845624.999997,-61.15704
4129846562.499997,-61.30985
4129847499.999997,-61.38673
4129848437.499997,-61.34097
4129849374.999997,-61.35449
4129850312.499997,-61.31055
4129851249.999997,-61.26799
4129852187.499997,-61.25404
4129853124.999997,-61.25533
4129854062.499997,-61.38731
4129854999.999997,-61.19712
4129855937.499997,-61.43372
4129856874.999997,-61.42133
4129857812.499997,-61.31479
4129858749.999997,-61.45906
4129859687.499997,-61.46309
4129860624.999997,-61.24765
4129861562.499997,-61.35039
4129862499.999997,-61.21355
4129863437.499997,-61.3658
4129864374.999997,-61.47763
4129865312.499997,-61.47419
4129866249.999997,-61.30031
4129867187.499997,-61.19793
4129868124.999997,-61.19135
4129869062.499997,-61.44992
4129869999.999997,-61.45438
4129870937.499997,-61.17796
4129871874.999997,-61.39664
4129872812.499997,-61.43768
4129873749.999997,-61.26778
4129874687.499997,-61.40552
4129875624.999997,-61.31174
4129876562.499997,-61.26274
4129877499.999997,-61.27102
4129878437.499997,-61.19863
4129879374.999997,-61.23899
4129880312.499997,-61.30365
4129881249.999997,-61.41232
4129882187.499997,-61.30214
4129883124.999997,-61.41233
4129884062.499997,-61.32919
4129884999.999997,-61.35696
4129885937.499997,-61.52875
4129886874.999997,-61.23066
4129887812.499997,-61.6352
4129888749.999997,-61.31991
4129889687.499997,-61.26742
4129890624.999997,-61.65951
4129891562.499997,-61.527
4129892499.999997,-61.61577
4129893437.499997,-61.49898
4129894374.999997,-61.28618
4129895312.499997,-61.45525
4129896249.999997,-61.443
4129897187.499997,-61.45239
4129898124.999997,-61.3389
4129899062.499997,-61.30355
4129899999.999997,-61.31568
4129900937.499997,-61.47405
4129901874.999997,-61.50916
4129902812.499997,-61.5075
4129903749.999997,-61.40619
4129904687.499997,-61.24324
4129905624.999997,-61.35224
4129906562.499997,-61.51591
4129907499.999997,-61.36159
4129908437.499997,-61.40017
4129909374.999997,-61.23053
4129910312.499997,-61.41478
4129911249.999997,-61.27768
4129912187.499997,-61.58604
4129913124.999997,-61.3555
4129914062.499997,-61.68105
4129914999.999997,-61.40799
4129915937.499997,-61.40297
4129916874.999997,-61.2865
4129917812.499997,-61.42112
4129918749.999997,-61.49747
4129919687.499997,-61.4001
4129920624.999997,-61.43394
4129921562.499997,-61.30815
4129922499.999997,-61.58895
4129923437.499997,-61.50883
4129924374.999997,-61.37371
4129925312.499997,-61.46581
4129926249.999997,-61.44798
4129927187.499997,-61.38044
4129928124.999997,-61.57914
4129929062.499997,-61.42357
4129929999.999997,-61.45994
4129930937.499997,-61.25519
4129931874.999997,-61.39105
4129932812.499997,-61.4063
4129933749.999997,-61.57793
4129934687.499997,-61.35513
4129935624.999997,-61.51367
4129936562.499997,-61.46745
4129937499.999997,-61.49803
4129938437.499997,-61.51192
4129939374.999997,-61.40183
4129940312.499997,-61.40264
4129941249.999997,-61.44151
4129942187.499997,-61.41053
4129943124.999997,-61.42307
4129944062.499997,-61.43845
4129944999.999997,-61.52066
4129945937.499997,-61.41541
4129946874.999997,-61.58576
4129947812.499997,-61.36459
4129948749.999997,-61.55998
4129949687.499997,-61.59127
4129950624.999997,-61.45939
4129951562.499997,-61.41287
4129952499.999997,-61.47753
4129953437.499997,-61.32727
4129954374.999997,-61.2953
4129955312.499997,-61.49663
4129956249.999997,-61.47197
4129957187.499997,-61.37665
4129958124.999997,-61.37071
4129959062.499997,-61.48126
4129959999.999997,-61.61247
4129960937.499997,-61.41006
4129961874.999997,-61.2098
4129962812.499997,-61.3671
4129963749.999997,-61.42738
4129964687.499997,-61.32289
4129965624.999997,-61.44786
4129966562.499997,-61.59642
4129967499.999997,-61.634
4129968437.499997,-61.4794
4129969374.999997,-61.3504
4129970312.499997,-61.34811
4129971249.999997,-61.43019
4129972187.499997,-61.63256
4129973124.999997,-61.52815
4129974062.499997,-61.64054
4129974999.999997,-61.36512
4129975937.499997,-61.5317
4129976874.999997,-61.54624
4129977812.499997,-61.3312
4129978749.999997,-61.46866
4129979687.499997,-61.33679
4129980624.999997,-61.46096
4129981562.499997,-61.53982
4129982499.999997,-61.34085
4129983437.499997,-61.62855
4129984374.999997,-61.55593
4129985312.499997,-61.55832
4129986249.999997,-61.53873
4129987187.499997,-61.64619
4129988124.999997,-61.47259
4129989062.499997,-61.57819
4129989999.999997,-61.47626
4129990937.499997,-61.58068
4129991874.999997,-61.44299
4129992812.499997,-61.47797
4129993749.999997,-61.41964
4129994687.499997,-61.64685
4129995624.999997,-61.46314
4129996562.499997,-61.58863
4129997499.999997,-61.66395
4129998437.499997,-61.51773
4129999374.999997,-61.54774
4130000312.499997,-61.6353
4130001249.999997,-61.70849
4130002187.499997,-61.51837
4130003124.999997,-61.68528
4130004062.499997,-61.5626
4130004999.999997,-61.65568
4130005937.499997,-61.70171
4130006874.999997,-61.67513
4130007812.499997,-61.79011
4130008749.999997,-61.6002
4130009687.499997,-61.6879
4130010624.999997,-61.51869
4130011562.499997,-61.41297
4130012499.999997,-61.39999
4130013437.499997,-61.62394
4130014374.999997,-61.69908
4130015312.499997,-61.37857
4130016249.999997,-61.67849
4130017187.499997,-61.46799
4130018124.999997,-61.43598
4130019062.499997,-61.45836
4130019999.999997,-61.77231
4130020937.499997,-61.26973
4130021874.999997,-61.63846
4130022812.499997,-61.541
4130023749.999997,-61.62275
4130024687.499997,-61.60249
4130025624.999997,-61.65152
4130026562.499997,-61.61426
4130027499.999997,-61.44169
4130028437.499997,-61.54903
4130029374.999997,-61.55847
4130030312.499997,-61.58397
4130031249.999997,-61.38922
4130032187.499997,-61.5099
4130033124.999997,-61.73964
4130034062.499997,-61.57962
4130034999.999997,-61.32531
4130035937.499997,-61.47989
4130036874.999997,-61.47516
4130037812.499997,-61.67781
4130038749.999997,-61.46684
4130039687.499997,-61.70783
4130040624.999997,-61.51148
4130041562.499997,-61.57278
4130042499.999997,-61.77861
4130043437.499997,-61.45203
4130044374.999997,-61.47275
4130045312.499997,-61.44236
4130046249.999997,-61.75942
4130047187.499997,-61.48856
4130048124.999997,-61.77453
4130049062.499997,-61.4749
4130049999.999997,-61.71565
4130050937.499997,-61.48462
4130051874.999997,-61.57438
4130052812.499997,-61.61541
4130053749.999997,-61.79442
4130054687.499997,-61.53002
4130055624.999997,-61.58194
4130056562.499997,-61.46938
4130057499.999997,-61.54459
4130058437.499997,-61.65621
4130059374.999997,-61.47018
4130060312.499997,-61.60319
4130061249.999997,-61.46362
4130062187.499997,-61.46038
4130063124.999997,-61.62168
4130064062.499997,-61.44935
4130064999.999997,-61.60851
4130065937.499997,-61.58176
4130066874.999997,-62.01114
4130067812.499997,-61.64772
4130068749.999997,-61.57011
4130069687.499997,-61.53192
4130070624.999997,-61.6523
4130071562.499997,-61.70926
4130072499.999997,-61.50768
4130073437.499997,-61.44865
4130074374.999997,-61.61438
4130075312.499997,-61.66927
4130076249.999997,-61.54793
4130077187.499997,-61.46206
4130078124.999997,-61.64598
4130079062.499997,-61.5798
4130079999.999997,-61.55148
4130080937.499997,-61.60044
4130081874.999997,-61.83967
4130082812.499997,-61.67173
4130083749.999997,-61.76843
4130084687.499997,-61.68016
4130085624.999997,-61.65557
4130086562.499997,-61.55245
4130087499.999997,-61.57185
4130088437.499997,-61.68394
4130089374.999997,-61.82243
4130090312.499997,-61.81052
4130091249.999997,-61.69624
4130092187.499997,-61.75047
4130093124.999997,-61.79935
4130094062.499997,-61.62963
4130094999.999997,-61.73031
4130095937.499997,-61.50454
4130096874.999997,-61.49554
4130097812.499997,-61.62007
4130098749.999997,-61.65176
4130099687.499997,-61.73045
4130100624.999997,-61.64364
4130101562.499997,-61.69164
4130102499.999997,-61.62413
4130103437.499997,-61.89199
4130104374.999997,-61.61118
4130105312.499997,-61.59689
4130106249.999997,-61.67797
4130107187.499997,-61.65979
4130108124.999997,-61.70496
4130109062.499997,-61.75212
4130109999.999997,-61.6429
4130110937.499997,-61.67327
4130111874.999997,-61.68698
4130112812.499997,-61.73771
4130113749.999997,-61.81398
4130114687.499997,-61.8648
4130115624.999997,-61.72668
4130116562.499997,-61.44469
4130117499.999997,-61.8119
4130118437.499997,-61.61594
4130119374.999997,-61.60446
4130120312.499997,-61.63289
4130121249.999997,-61.73852
4130122187.499997,-61.59856
4130123124.999997,-61.78376
4130124062.499997,-61.60441
4130124999.999997,-61.60773
4130125937.499997,-61.8052
4130126874.999997,-61.56938
4130127812.499997,-61.46392
4130128749.999997,-61.6248
4130129687.499997,-61.81489
4130130624.999997,-61.46044
4130131562.499997,-61.81298
4130132499.999997,-61.89497
4130133437.499997,-61.77382
4130134374.999997,-61.49661
4130135312.499997,-61.71688
4130136249.999997,-61.90696
4130137187.499997,-61.57907
4130138124.999997,-61.62994
4130139062.499997,-61.76086
4130139999.999997,-61.62275
4130140937.499997,-61.57939
4130141874.999997,-61.6489
4130142812.499997,-61.77435
4130143749.999997,-61.67519
4130144687.499997,-61.54359
4130145624.999997,-61.6891
4130146562.499997,-61.66224
4130147499.999997,-61.59224
4130148437.499997,-61.49937
4130149374.999997,-61.83169
4130150312.499997,-61.66862
4130151249.999997,-61.57117
4130152187.499997,-61.66412
4130153124.999997,-61.66455
4130154062.499997,-61.53151
4130154999.999997,-61.87567
4130155937.499997,-61.82491
4130156874.999997,-61.93126
4130157812.499997,-61.86359
4130158749.999997,-62.15518
4130159687.499997,-61.57138
4130160624.999997,-61.57413
4130161562.499997,-61.83098
4130162499.999997,-61.82157
4130163437.499997,-61.69674
4130164374.999997,-61.62334
4130165312.499997,-61.58257
4130166249.999997,-61.77809
4130167187.499997,-61.77608
4130168124.999997,-61.78925
4130169062.499997,-61.64991
4130169999.999997,-61.76161
4130170937.499997,-61.79638
4130171874.999997,-61.92842
4130172812.499997,-61.6618
4130173749.999997,-61.75417
4130174687.499997,-61.8406
4130175624.999997,-61.62245
4130176562.499997,-61.72922
4130177499.999997,-61.79762
4130178437.499997,-61.70686
4130179374.999997,-61.80308
4130180312.499997,-61.92427
4130181249.999997,-61.74817
4130182187.499997,-61.75921
4130183124.999997,-61.8605
4130184062.499997,-61.60914
4130184999.999997,-61.68021
4130185937.499997,-61.80913
4130186874.999997,-61.67159
4130187812.499997,-61.81345
4130188749.999997,-61.87843
4130189687.499997,-61.62915
4130190624.999997,-61.69794
4130191562.499997,-61.5798
4130192499.999997,-61.64049
4130193437.499997,-61.94751
4130194374.999997,-61.91702
4130195312.499997,-61.64074
4130196249.999997,-61.67871
4130197187.499997,-61.85798
4130198124.999997,-61.76188
4130199062.499997,-61.56822
4130199999.999997,-61.71813
4130200937.499997,-61.93735
4130201874.999997,-61.57567
4130202812.499997,-61.83148
4130203749.999997,-61.86898
4130204687.499997,-61.72581
4130205624.999997,-61.821
4130206562.499997,-61.69731
4130207499.999997,-61.69985
4130208437.499997,-61.79368
4130209374.999997,-61.94045
4130210312.499997,-61.56967
4130211249.999997,-61.75505
4130212187.499997,-61.65595
4130213124.999997,-61.60561
4130214062.499997,-61.76075
4130214999.999997,-61.56214
4130215937.499997,-61.75681
4130216874.999997,-61.57106
4130217812.499997,-61.65686
4130218749.999997,-61.87518
4130219687.499997,-61.91034
4130220624.999997,-61.6173
4130221562.499997,-62.03776
4130222499.999997,-61.71535
4130223437.499997,-61.83445
4130224374.999997,-61.63505
4130225312.499997,-61.68924
4130226249.999997,-61.86258
4130227187.499997,-61.61275
4130228124.999997,-62.16726
4130229062.499997,-61.81239
4130229999.999997,-61.6833
4130230937.499997,-61.78214
4130231874.999997,-61.83558
4130232812.499997,-61.68975
4130233749.999997,-61.78247
4130234687.499997,-61.75016
4130235624.999997,-61.73883
4130236562.499997,-62.0355
4130237499.999997,-62.05632
4130238437.499997,-61.86804
4130239374.999997,-61.78608
4130240312.499997,-61.96954
4130241249.999997,-61.94384
4130242187.499997,-61.63493
4130243124.999997,-61.86095
4130244062.499997,-61.96722
4130244999.999997,-61.98928
4130245937.499997,-61.7005
4130246874.999997,-61.91969
4130247812.499997,-61.77495
4130248749.999997,-61.80232
4130249687.499997,-61.68248
4130250624.999997,-62.0111
4130251562.499997,-61.93034
4130252499.999997,-61.66123
4130253437.499997,-61.74682
4130254374.999997,-61.8312
4130255312.499997,-61.88298
4130256249.999997,-62.05148
4130257187.499997,-61.81306
4130258124.999997,-61.90534
4130259062.499997,-62.04707
4130259999.999997,-61.72045
4130260937.499997,-61.85521
4130261874.999997,-61.62229
4130262812.499997,-61.57973
4130263749.999997,-61.95728
4130264687.499997,-61.70948
4130265624.999997,-61.86814
4130266562.499997,-61.8708
4130267499.999997,-61.69707
4130268437.499997,-61.79381
4130269374.999997,-61.80497
4130270312.499997,-62.00641
4130271249.999997,-61.96612
4130272187.499997,-61.96586
4130273124.999997,-61.76688
4130274062.499997,-61.61612
4130274999.999997,-61.69295
4130275937.499997,-61.96486
4130276874.999997,-62.11613
4130277812.499997,-61.88057
4130278749.999997,-61.99307
4130279687.499997,-61.76979
4130280624.999997,-62.07688
4130281562.499997,-61.7425
4130282499.999997,-61.79052
4130283437.499997,-62.05078
4130284374.999997,-61.89608
4130285312.499997,-61.56749
4130286249.999997,-61.92915
4130287187.499997,-61.84662
4130288124.999997,-62.02426
4130289062.499997,-61.91474
4130289999.999997,-61.79607
4130290937.499997,-62.00377
4130291874.999997,-61.89096
4130292812.499997,-61.91529
4130293749.999997,-61.80925
4130294687.499997,-61.93096
4130295624.999997,-61.87516
4130296562.499997,-62.07469
4130297499.999997,-61.67698
4130298437.499997,-62.12463
4130299374.999997,-61.79891
4130300312.499997,-61.95974
4130301249.999997,-61.92174
4130302187.499997,-61.99179
4130303124.999997,-61.92332
4130304062.499997,-61.94085
4130304999.999997,-61.71231
4130305937.499997,-61.81904
4130306874.999997,-61.76007
4130307812.499997,-61.80684
4130308749.999997,-61.74172
4130309687.499997,-61.80526
4130310624.999997,-61.91181
4130311562.499997,-61.81956
4130312499.999997,-62.01619
4130313437.499997,-61.91616
4130314374.999997,-61.89501
4130315312.499997,-61.73396
4130316249.999997,-61.79239
4130317187.499997,-61.7991
4130318124.999997,-61.89654
4130319062.499997,-61.76262
4130319999.999997,-62.11489
4130320937.499997,-62.05161
4130321874.999997,-62.03088
4130322812.499997,-62.05813
4130323749.999997,-61.85673
4130324687.499997,-61.78643
4130325624.999997,-61.76928
4130326562.499997,-62.22324
4130327499.999997,-61.97919
4130328437.499997,-61.87793
4130329374.999997,-61.90836
4130330312.499997,-61.98638
4130331249.999997,-61.82771
4130332187.499997,-62.1367
4130333124.999997,-61.91077
4130334062.499997,-62.02965
4130334999.999997,-61.90102
4130335937.499997,-61.88986
4130336874.999997,-61.93944
4130337812.499997,-61.94403
4130338749.999997,-61.78408
4130339687.499997,-61.88786
4130340624.999997,-62.02255
4130341562.499997,-61.83038
4130342499.999997,-62.09448
4130343437.499997,-62.11018
4130344374.999997,-61.77239
4130345312.499997,-62.05488
4130346249.999997,-61.99147
4130347187.499997,-61.9375
4130348124.999997,-61.96942
4130349062.499997,-61.86848
4130349999.999997,-61.82417
4130350937.499997,-61.69098
4130351874.999997,-62.19561
4130352812.499997,-61.81134
4130353749.999997,-61.90344
4130354687.499997,-62.00278
4130355624.999997,-61.84842
4130356562.499997,-61.98851
4130357499.999997,-62.05209
4130358437.499997,-62.17112
4130359374.999997,-61.86812
4130360312.499997,-61.96242
4130361249.999997,-61.94374
4130362187.499997,-62.09378
4130363124.999997,-62.03226
4130364062.499997,-62.04325
4130364999.999997,-62.16456
4130365937.499997,-61.93445
4130366874.999997,-61.96158
4130367812.499997,-62.0634
4130368749.999997,-61.94265
4130369687.499997,-62.02111
4130370624.999997,-61.94409
4130371562.499997,-61.93087
4130372499.999997,-61.94195
4130373437.499997,-61.98794
4130374374.999997,-61.92044
4130375312.499997,-62.0207
4130376249.999997,-61.982
4130377187.499997,-61.88567
4130378124.999997,-61.97484
4130379062.499997,-61.90582
4130379999.999997,-61.99773
4130380937.499997,-61.87006
4130381874.999997,-61.94309
4130382812.499997,-61.96615
4130383749.999997,-62.21424
4130384687.499997,-61.97478
4130385624.999997,-61.85536
4130386562.499997,-62.00306
4130387499.999997,-61.87648
4130388437.499997,-61.89702
4130389374.999997,-61.9977
4130390312.499997,-62.00196
4130391249.999997,-61.89591
4130392187.499997,-62.0687
4130393124.999997,-62.0943
4130394062.499997,-61.9507
4130394999.999997,-61.94522
4130395937.499997,-61.89489
4130396874.999997,-62.11715
4130397812.499997,-61.92527
4130398749.999997,-61.98089
4130399687.499997,-61.77438
4130400624.999997,-62.05062
4130401562.499997,-61.70858
4130402499.999997,-61.91591
4130403437.499997,-61.89254
4130404374.999997,-62.03242
4130405312.499997,-62.01704
4130406249.999997,-62.14934
4130407187.499997,-61.95774
4130408124.999997,-62.03541
4130409062.499997,-62.11214
4130409999.999997,-61.97871
4130410937.499997,-61.91245
4130411874.999997,-62.0543
4130412812.499997,-62.0093
4130413749.999997,-62.00643
4130414687.499997,-61.86596
4130415624.999997,-62.38391
4130416562.499997,-61.91392
4130417499.999997,-61.97332
4130418437.499997,-62.06485
4130419374.999997,-62.0303
4130420312.499997,-62.00066
4130421249.999997,-61.91474
4130422187.499997,-62.06203
4130423124.999997,-62.02419
4130424062.499997,-62.13353
4130424999.999997,-61.93066
4130425937.499997,-62.04482
4130426874.999997,-61.81585
4130427812.499997,-61.88512
4130428749.999997,-61.94498
4130429687.499997,-61.90555
4130430624.999997,-62.07101
4130431562.499997,-61.86145
4130432499.999997,-62.17604
4130433437.499997,-62.07033
4130434374.999997,-62.00566
4130435312.499997,-62.11124
4130436249.999997,-61.99965
4130437187.499997,-62.00315
4130438124.999997,-61.97701
4130439062.499997,-62.04308
4130439999.999997,-61.8742
4130440937.499997,-62.00781
4130441874.999997,-62.08286
4130442812.499997,-62.09045
4130443749.999997,-61.85956
4130444687.499997,-62.09023
4130445624.999997,-61.93063
4130446562.499997,-62.28926
4130447499.999997,-62.24697
4130448437.499997,-61.96574
4130449374.999997,-62.30589
4130450312.499997,-61.93867
4130451249.999997,-62.02985
4130452187.499997,-62.16621
4130453124.999997,-61.8692
4130454062.499997,-62.18452
4130454999.999997,-62.26092
4130455937.499997,-62.08451
4130456874.999997,-62.0809
4130457812.499997,-62.00001
4130458749.999997,-61.89247
4130459687.499997,-61.96795
4130460624.999997,-61.95501
4130461562.499997,-61.82822
4130462499.999997,-62.26773
4130463437.499997,-62.32368
4130464374.999997,-61.88052
4130465312.499997,-62.13218
4130466249.999997,-62.08031
4130467187.499997,-61.99062
4130468124.999997,-62.04279
4130469062.499997,-62.22911
4130469999.999997,-62.23164
4130470937.499997,-61.84933
4130471874.999997,-61.83065
4130472812.499997,-61.77324
4130473749.999997,-62.16792
4130474687.499997,-61.99784
4130475624.999997,-61.90683
4130476562.499997,-62.22325
4130477499.999997,-62.14108
4130478437.499997,-62.1188
4130479374.999997,-62.19587
4130480312.499997,-62.04522
4130481249.999997,-61.90686
4130482187.499997,-62.18358
4130483124.999997,-62.04674
4130484062.499997,-62.05474
4130484999.999997,-62.21019
4130485937.499997,-61.7853
4130486874.999997,-62.16339
4130487812.499997,-62.34718
4130488749.999997,-61.96834
4130489687.499997,-61.90772
4130490624.999997,-61.99999
4130491562.499997,-62.19901
4130492499.999997,-61.79767
4130493437.499997,-62.10202
4130494374.999997,-62.12325
4130495312.499997,-62.09354
4130496249.999997,-62.07468
4130497187.499997,-62.13659
4130498124.999997,-61.98738
4130499062.499997,-62.10754
4130499999.999997,-62.05199
4130500937.499997,-62.43322
4130501874.999997,-62.04197
4130502812.499997,-62.20603
4130503749.999997,-61.89411
4130504687.499997,-62.00822
4130505624.999997,-61.98608
4130506562.499997,-62.22298
4130507499.999997,-62.19833
4130508437.499997,-62.00622
4130509374.999997,-62.27457
4130510312.499997,-61.95455
4130511249.999997,-62.28731
4130512187.499997,-62.11177
4130513124.999997,-62.08724
4130514062.499997,-62.22693
4130514999.999997,-62.31855
4130515937.499997,-62.14224
4130516874.999997,-62.151
4130517812.499997,-61.86694
4130518749.999997,-62.27682
4130519687.499997,-62.11745
4130520624.999997,-62.06133
4130521562.499997,-62.4165
4130522499.999997,-62.10777
4130523437.499997,-62.23007
4130524374.999997,-62.09477
4130525312.499997,-61.86933
4130526249.999997,-62.2632
4130527187.499997,-62.17211
4130528124.999997,-61.92969
4130529062.499997,-62.13946
4130529999.999997,-61.95306
4130530937.499997,-62.37603
4130531874.999997,-62.21084
4130532812.499997,-62.41526
4130533749.999997,-62.22744
4130534687.499997,-62.18699
4130535624.999997,-62.28045
4130536562.499997,-62.05972
4130537499.999997,-62.08487
4130538437.499997,-62.1767
4130539374.999997,-62.23986
4130540312.499997,-61.97596
4130541249.999997,-62.12963
