2195713906.25,-31.02524
2195714062.5,-31.03166
2195714218.75,-31.02698
2195714375.0,-31.0233
2195714531.25,-31.0277
2195714687.5,-31.02442
2195714843.75,-31.02118
2195715000.0,-31.0257
2195715156.25,-31.02376
2195715312.5,-31.02241
2195715468.75,-31.0198
2195715625.0,-31.02853
2195715781.25,-31.02302
2195715937.5,-31.0209
2195716093.75,-31.02072
2195716250.0,-31.02478
2195716406.25,-31.01997
2195716562.5,-31.016
2195716718.75,-31.01525
2195716875.0,-31.01939
2195717031.25,-31.02096
2195717187.5,-31.01543
2195717343.75,-31.0141
2195717500.0,-31.01553
2195717656.25,-31.01611
2195717812.5,-31.00993
2195717968.75,-31.0185
2195718125.0,-31.00942
2195718281.25,-31.01787
2195718437.5,-31.01412
2195718593.75,-31.01386
2195718750.0,-31.01314
2195718906.25,-31.01031
2195719062.5,-31.01179
2195719218.75,-31.00677
2195719375.0,-31.00871
2195719531.25,-31.00919
2195719687.5,-31.00604
2195719843.75,-31.00082
2195720000.0,-31.00703
2195720156.25,-31.00095
2195720312.5,-31.0036
2195720468.75,-31.00742
2195720625.0,-31.00737
2195720781.25,-30.99935
2195720937.5,-31.00277
2195721093.75,-31.00126
2195721250.0,-31.00237
2195721406.25,-31.00173
2195721562.5,-31.0001
2195721718.75,-31.00222
2195721875.0,-30.99988
2195722031.25,-30.99856
2195722187.5,-31.00039
2195722343.75,-30.99871
2195722500.0,-30.99217
2195722656.25,-31.00579
2195722812.5,-30.99736
2195722968.75,-31.00156
2195723125.0,-30.99595
2195723281.25,-30.99892
2195723437.5,-30.99924
2195723593.75,-31.00187
2195723750.0,-30.99246
2195723906.25,-30.98973
2195724062.5,-30.99328
2195724218.75,-30.99216
2195724375.0,-30.99414
2195724531.25,-30.98585
2195724687.5,-30.99063
2195724843.75,-30.98719
2195725000.0,-30.9914
2195725156.25,-30.99434
2195725312.5,-30.98511
2195725468.75,-30.98783
2195725625.0,-30.98522
2195725781.25,-30.98396
2195725937.5,-30.99308
2195726093.75,-30.98047
2195726250.0,-30.99262
2195726406.25,-30.98498
2195726562.5,-30.98663
2195726718.75,-30.98062
2195726875.0,-30.98169
2195727031.25,-30.98467
2195727187.5,-30.9788
2195727343.75,-30.98358
2195727500.0,-30.97691
2195727656.25,-30.97948
2195727812.5,-30.9742
2195727968.75,-30.98354
2195728125.0,-30.97274
2195728281.25,-30.98438
2195728437.5,-30.97599
2195728593.75,-30.97787
2195728750.0,-30.97161
2195728906.25,-30.97518
2195729062.5,-30.9696
2195729218.75,-30.97195
2195729375.0,-30.97312
2195729531.25,-30.97243
2195729687.5,-30.96969
2195729843.75,-30.97482
2195730000.0,-30.96828
2195730156.25,-30.96971
2195730312.5,-30.96928
2195730468.75,-30.97238
2195730625.0,-30.97079
2195730781.25,-30.96353
2195730937.5,-30.9694
2195731093.75,-30.967
2195731250.0,-30.96348
2195731406.25,-30.96691
2195731562.5,-30.96834
2195731718.75,-30.96431
2195731875.0,-30.95927
2195732031.25,-30.96248
2195732187.5,-30.96004
2195732343.75,-30.96806
2195732500.0,-30.9673
2195732656.25,-30.96177
2195732812.5,-30.96418
2195732968.75,-30.95933
2195733125.0,-30.96003
2195733281.25,-30.96347
2195733437.5,-30.95908
2195733593.75,-30.96363
2195733750.0,-30.96196
2195733906.25,-30.95939
2195734062.5,-30.95402
2195734218.75,-30.95063
2195734375.0,-30.9579
2195734531.25,-30.95693
2195734687.5,-30.95493
2195734843.75,-30.94414
2195735000.0,-30.95533
2195735156.25,-30.95628
2195735312.5,-30.95146
2195735468.75,-30.95181
2195735625.0,-30.94965
2195735781.25,-30.95462
2195735937.5,-30.95152
2195736093.75,-30.94541
2195736250.0,-30.94853
2195736406.25,-30.94529
2195736562.5,-30.94238
2195736718.75,-30.94294
2195736875.0,-30.95024
2195737031.25,-30.94864
2195737187.5,-30.94688
2195737343.75,-30.94763
2195737500.0,-30.94349
2195737656.25,-30.94549
2195737812.5,-30.9429
2195737968.75,-30.9412
2195738125.0,-30.94326
2195738281.25,-30.94514
2195738437.5,-30.94231
2195738593.75,-30.94608
2195738750.0,-30.93622
2195738906.25,-30.93815
2195739062.5,-30.9432
2195739218.75,-30.93966
2195739375.0,-30.9402
2195739531.25,-30.93596
2195739687.5,-30.93629
2195739843.75,-30.94053
2195740000.0,-30.93162
2195740156.25,-30.93628
2195740312.5,-30.92971
2195740468.75,-30.94217
2195740625.0,-30.93465
2195740781.25,-30.93358
2195740937.5,-30.931
2195741093.75,-30.92838
2195741250.0,-30.94279
2195741406.25,-30.93077
2195741562.5,-30.93218
2195741718.75,-30.92843
2195741875.0,-30.92628
2195742031.25,-30.92554
2195742187.5,-30.93164
2195742343.75,-30.93141
2195742500.0,-30.92881
2195742656.25,-30.92998
2195742812.5,-30.9254
2195742968.75,-30.93291
2195743125.0,-30.93034
2195743281.25,-30.9244
2195743437.5,-30.92204
2195743593.75,-30.92348
2195743750.0,-30.91911
2195743906.25,-30.92297
2195744062.5,-30.92218
2195744218.75,-30.92174
2195744375.0,-30.92269
2195744531.25,-30.9212
2195744687.5,-30.92017
2195744843.75,-30.92005
2195745000.0,-30.92004
2195745156.25,-30.92
2195745312.5,-30.92301
2195745468.75,-30.91629
2195745625.0,-30.91783
2195745781.25,-30.92326
2195745937.5,-30.91562
2195746093.75,-30.91512
2195746250.0,-30.91627
2195746406.25,-30.90864
2195746562.5,-30.91459
2195746718.75,-30.92024
2195746875.0,-30.90905
2195747031.25,-30.90802
2195747187.5,-30.90912
2195747343.75,-30.90578
2195747500.0,-30.90508
2195747656.25,-30.9102
2195747812.5,-30.90874
2195747968.75,-30.91054
2195748125.0,-30.90991
2195748281.25,-30.91189
2195748437.5,-30.90682
2195748593.75,-30.90404
2195748750.0,-30.90296
2195748906.25,-30.90515
2195749062.5,-30.90412
2195749218.75,-30.90279
2195749375.0,-30.9058
2195749531.25,-30.90458
2195749687.5,-30.89875
2195749843.75,-30.89868
2195750000.0,-30.89878
2195750156.25,-30.89616
2195750312.5,-30.90291
2195750468.75,-30.90155
2195750625.0,-30.8976
2195750781.25,-30.89931
2195750937.5,-30.89787
2195751093.75,-30.90094
2195751250.0,-30.89606
2195751406.25,-30.89891
2195751562.5,-30.89793
2195751718.75,-30.89442
2195751875.0,-30.892
2195752031.25,-30.89384
2195752187.5,-30.88943
2195752343.75,-30.89729
2195752500.0,-30.89012
2195752656.25,-30.89342
2195752812.5,-30.89571
2195752968.75,-30.88858
2195753125.0,-30.88935
2195753281.25,-30.88722
2195753437.5,-30.88531
2195753593.75,-30.89661
2195753750.0,-30.88648
2195753906.25,-30.88741
2195754062.5,-30.89142
2195754218.75,-30.8924
2195754375.0,-30.88577
2195754531.25,-30.88867
2195754687.5,-30.8858
2195754843.75,-30.88965
2195755000.0,-30.88462
2195755156.25,-30.88415
2195755312.5,-30.87794
2195755468.75,-30.88025
2195755625.0,-30.88261
2195755781.25,-30.87945
2195755937.5,-30.88067
2195756093.75,-30.87827
2195756250.0,-30.881
2195756406.25,-30.87932
2195756562.5,-30.88167
2195756718.75,-30.87868
2195756875.0,-30.88422
2195757031.25,-30.8808
2195757187.5,-30.87672
2195757343.75,-30.87653
2195757500.0,-30.88068
2195757656.25,-30.87432
2195757812.5,-30.87751
2195757968.75,-30.87316
2195758125.0,-30.87099
2195758281.25,-30.87224
2195758437.5,-30.87716
2195758593.75,-30.87658
2195758750.0,-30.87171
2195758906.25,-30.87827
2195759062.5,-30.86881
2195759218.75,-30.86816
2195759375.0,-30.867
2195759531.25,-30.86893
2195759687.5,-30.86376
2195759843.75,-30.86707
2195760000.0,-30.86467
2195760156.25,-30.8694
2195760312.5,-30.86598
2195760468.75,-30.86065
2195760625.0,-30.86124
2195760781.25,-30.86618
2195760937.5,-30.85912
2195761093.75,-30.86024
2195761250.0,-30.86045
2195761406.25,-30.86609
2195761562.5,-30.85749
2195761718.75,-30.86309
2195761875.0,-30.85527
2195762031.25,-30.85703
2195762187.5,-30.85983
2195762343.75,-30.85256
2195762500.0,-30.85444
2195762656.25,-30.86343
2195762812.5,-30.85905
2195762968.75,-30.85995
2195763125.0,-30.85407
2195763281.25,-30.85236
2195763437.5,-30.855
2195763593.75,-30.85621
2195763750.0,-30.84969
2195763906.25,-30.85141
2195764062.5,-30.85022
2195764218.75,-30.85201
2195764375.0,-30.85174
2195764531.25,-30.85272
2195764687.5,-30.852
2195764843.75,-30.84482
2195765000.0,-30.85135
2195765156.25,-30.84361
2195765312.5,-30.85012
2195765468.75,-30.85228
2195765625.0,-30.84308
2195765781.25,-30.84247
2195765937.5,-30.84659
2195766093.75,-30.84299
2195766250.0,-30.84776
2195766406.25,-30.84779
2195766562.5,-30.84062
2195766718.75,-30.84574
2195766875.0,-30.83916
2195767031.25,-30.84524
2195767187.5,-30.83849
2195767343.75,-30.83771
2195767500.0,-30.83522
2195767656.25,-30.83928
2195767812.5,-30.84609
2195767968.75,-30.83928
2195768125.0,-30.83434
2195768281.25,-30.84071
2195768437.5,-30.83156
2195768593.75,-30.83784
2195768750.0,-30.84269
2195768906.25,-30.83487
2195769062.5,-30.8338
2195769218.75,-30.83318
2195769375.0,-30.83063
2195769531.25,-30.83279
2195769687.5,-30.83307
2195769843.75,-30.82512
2195770000.0,-30.82933
2195770156.25,-30.82985
2195770312.5,-30.83115
2195770468.75,-30.82577
2195770625.0,-30.82509
2195770781.25,-30.83154
2195770937.5,-30.83305
2195771093.75,-30.83402
2195771250.0,-30.82435
2195771406.25,-30.82174
2195771562.5,-30.82817
2195771718.75,-30.82594
2195771875.0,-30.82681
2195772031.25,-30.82533
2195772187.5,-30.82735
2195772343.75,-30.82416
2195772500.0,-30.82138
2195772656.25,-30.81865
2195772812.5,-30.82232
2195772968.75,-30.81586
2195773125.0,-30.81653
2195773281.25,-30.82398
2195773437.5,-30.81171
2195773593.75,-30.81898
2195773750.0,-30.81825
2195773906.25,-30.81937
2195774062.5,-30.817
2195774218.75,-30.8177
2195774375.0,-30.81746
2195774531.25,-30.81628
2195774687.5,-30.81774
2195774843.75,-30.81194
2195775000.0,-30.81878
2195775156.25,-30.81133
2195775312.5,-30.8087
2195775468.75,-30.8137
2195775625.0,-30.81488
2195775781.25,-30.81204
2195775937.5,-30.81406
2195776093.75,-30.80925
2195776250.0,-30.80782
2195776406.25,-30.81516
2195776562.5,-30.80682
2195776718.75,-30.80758
2195776875.0,-30.80857
2195777031.25,-30.80664
2195777187.5,-30.80775
2195777343.75,-30.80923
2195777500.0,-30.80629
2195777656.25,-30.80375
2195777812.5,-30.80214
2195777968.75,-30.80264
2195778125.0,-30.80214
2195778281.25,-30.80338
2195778437.5,-30.79742
2195778593.75,-30.7996
2195778750.0,-30.79939
2195778906.25,-30.80158
2195779062.5,-30.80287
2195779218.75,-30.79964
2195779375.0,-30.79629
2195779531.25,-30.79541
2195779687.5,-30.79176
2195779843.75,-30.79368
2195780000.0,-30.79287
2195780156.25,-30.79917
2195780312.5,-30.79309
2195780468.75,-30.7941
2195780625.0,-30.79221
2195780781.25,-30.79378
2195780937.5,-30.79196
2195781093.75,-30.79015
2195781250.0,-30.79335
2195781406.25,-30.79031
2195781562.5,-30.79321
2195781718.75,-30.79077
2195781875.0,-30.78946
2195782031.25,-30.7934
2195782187.5,-30.78931
2195782343.75,-30.78273
2195782500.0,-30.78217
2195782656.25,-30.7862
2195782812.5,-30.79114
2195782968.75,-30.78559
2195783125.0,-30.78571
2195783281.25,-30.78367
2195783437.5,-30.785
2195783593.75,-30.78096
2195783750.0,-30.77826
2195783906.25,-30.78348
2195784062.5,-30.77983
2195784218.75,-30.77652
2195784375.0,-30.77505
2195784531.25,-30.78591
2195784687.5,-30.77747
2195784843.75,-30.78285
2195785000.0,-30.77877
2195785156.25,-30.77515
2195785312.5,-30.77295
2195785468.75,-30.77903
2195785625.0,-30.77756
2195785781.25,-30.77378
2195785937.5,-30.7756
2195786093.75,-30.77332
2195786250.0,-30.77356
2195786406.25,-30.76925
2195786562.5,-30.77371
2195786718.75,-30.78001
2195786875.0,-30.76761
2195787031.25,-30.76981
2195787187.5,-30.77155
2195787343.75,-30.77031
2195787500.0,-30.76691
2195787656.25,-30.76714
2195787812.5,-30.76805
2195787968.75,-30.77171
2195788125.0,-30.76257
2195788281.25,-30.76786
2195788437.5,-30.77042
2195788593.75,-30.76501
2195788750.0,-30.76999
2195788906.25,-30.76493
2195789062.5,-30.76433
2195789218.75,-30.76434
2195789375.0,-30.76211
2195789531.25,-30.76259
2195789687.5,-30.76144
2195789843.75,-30.76344
2195790000.0,-30.75549
2195790156.25,-30.76184
2195790312.5,-30.75523
2195790468.75,-30.75656
2195790625.0,-30.76186
2195790781.25,-30.76195
2195790937.5,-30.76246
2195791093.75,-30.76247
2195791250.0,-30.75303
2195791406.25,-30.75512
2195791562.5,-30.7601
2195791718.75,-30.75319
2195791875.0,-30.7558
2195792031.25,-30.75462
2195792187.5,-30.75307
2195792343.75,-30.749
2195792500.0,-30.75035
2195792656.25,-30.75341
2195792812.5,-30.75813
2195792968.75,-30.75173
2195793125.0,-30.75149
2195793281.25,-30.75245
2195793437.5,-30.75254
2195793593.75,-30.74821
2195793750.0,-30.74636
2195793906.25,-30.74829
2195794062.5,-30.75123
2195794218.75,-30.74169
2195794375.0,-30.74384
2195794531.25,-30.74622
2195794687.5,-30.74614
2195794843.75,-30.75064
2195795000.0,-30.74365
2195795156.25,-30.74071
2195795312.5,-30.7399
2195795468.75,-30.74241
2195795625.0,-30.73886
2195795781.25,-30.73424
2195795937.5,-30.73446
2195796093.75,-30.73845
2195796250.0,-30.73425
2195796406.25,-30.74053
2195796562.5,-30.73651
2195796718.75,-30.73828
2195796875.0,-30.73378
2195797031.25,-30.73126
2195797187.5,-30.73199
2195797343.75,-30.73333
2195797500.0,-30.73046
2195797656.25,-30.7326
2195797812.5,-30.72989
2195797968.75,-30.73667
2195798125.0,-30.73069
2195798281.25,-30.73605
2195798437.5,-30.72841
2195798593.75,-30.72804
2195798750.0,-30.7297
2195798906.25,-30.72644
2195799062.5,-30.72919
2195799218.75,-30.72386
2195799375.0,-30.7279
2195799531.25,-30.72404
2195799687.5,-30.72289
2195799843.75,-30.72857
2195800000.0,-30.72211
2195800156.25,-30.73145
2195800312.5,-30.72185
2195800468.75,-30.72523
2195800625.0,-30.72245
2195800781.25,-30.71772
2195800937.5,-30.72064
2195801093.75,-30.71849
2195801250.0,-30.72332
2195801406.25,-30.71931
2195801562.5,-30.72315
2195801718.75,-30.71372
2195801875.0,-30.71565
2195802031.25,-30.7177
2195802187.5,-30.71495
2195802343.75,-30.7193
2195802500.0,-30.70998
2195802656.25,-30.71688
2195802812.5,-30.71332
2195802968.75,-30.71203
2195803125.0,-30.71468
2195803281.25,-30.7137
2195803437.5,-30.70784
2195803593.75,-30.71107
2195803750.0,-30.70605
2195803906.25,-30.71082
2195804062.5,-30.70648
2195804218.75,-30.70655
2195804375.0,-30.71167
2195804531.25,-30.70825
2195804687.5,-30.7086
2195804843.75,-30.70618
2195805000.0,-30.70615
2195805156.25,-30.70312
2195805312.5,-30.70809
2195805468.75,-30.70482
2195805625.0,-30.70501
2195805781.25,-30.70725
2195805937.5,-30.6994
2195806093.75,-30.70202
2195806250.0,-30.70063
2195806406.25,-30.69837
2195806562.5,-30.70297
2195806718.75,-30.70221
2195806875.0,-30.69519
2195807031.25,-30.70053
2195807187.5,-30.69765
2195807343.75,-30.69659
2195807500.0,-30.70251
2195807656.25,-30.69636
2195807812.5,-30.69599
2195807968.75,-30.69492
2195808125.0,-30.69884
2195808281.25,-30.69417
2195808437.5,-30.6929
2195808593.75,-30.69484
2195808750.0,-30.69797
2195808906.25,-30.69528
2195809062.5,-30.69366
2195809218.75,-30.68995
2195809375.0,-30.6947
2195809531.25,-30.69035
2195809687.5,-30.69275
2195809843.75,-30.68808
2195810000.0,-30.69572
2195810156.25,-30.68795
2195810312.5,-30.68592
2195810468.75,-30.68557
2195810625.0,-30.68595
2195810781.25,-30.6865
2195810937.5,-30.68109
2195811093.75,-30.68388
2195811250.0,-30.6823
2195811406.25,-30.68513
2195811562.5,-30.68896
2195811718.75,-30.68598
2195811875.0,-30.67857
2195812031.25,-30.68185
2195812187.5,-30.67694
2195812343.75,-30.68026
2195812500.0,-30.68446
2195812656.25,-30.68218
2195812812.5,-30.68016
2195812968.75,-30.68352
2195813125.0,-30.67813
2195813281.25,-30.67714
2195813437.5,-30.68055
2195813593.75,-30.67726
2195813750.0,-30.67992
2195813906.25,-30.67393
2195814062.5,-30.67647
2195814218.75,-30.67614
2195814375.0,-30.67669
2195814531.25,-30.6693
2195814687.5,-30.66749
2195814843.75,-30.66875
2195815000.0,-30.66883
2195815156.25,-30.66725
2195815312.5,-30.6717
2195815468.75,-30.66901
2195815625.0,-30.6692
2195815781.25,-30.67035
2195815937.5,-30.66773
2195816093.75,-30.66285
2195816250.0,-30.66747
2195816406.25,-30.66717
2195816562.5,-30.66491
2195816718.75,-30.66505
2195816875.0,-30.66376
2195817031.25,-30.66637
2195817187.5,-30.66001
2195817343.75,-30.66364
2195817500.0,-30.66228
2195817656.25,-30.66126
2195817812.5,-30.66187
2195817968.75,-30.65817
2195818125.0,-30.66421
2195818281.25,-30.6586
2195818437.5,-30.65892
2195818593.75,-30.65985
2195818750.0,-30.65958
2195818906.25,-30.65757
2195819062.5,-30.65333
2195819218.75,-30.66154
2195819375.0,-30.6531
2195819531.25,-30.64884
2195819687.5,-30.65212
2195819843.75,-30.64898
2195820000.0,-30.65501
2195820156.25,-30.65357
2195820312.5,-30.64986
2195820468.75,-30.64793
2195820625.0,-30.64825
2195820781.25,-30.65325
2195820937.5,-30.65508
2195821093.75,-30.64763
2195821250.0,-30.64095
2195821406.25,-30.64206
2195821562.5,-30.6457
2195821718.75,-30.64547
2195821875.0,-30.64541
2195822031.25,-30.64518
2195822187.5,-30.64302
2195822343.75,-30.64013
2195822500.0,-30.64184
2195822656.25,-30.64548
2195822812.5,-30.63884
2195822968.75,-30.64416
2195823125.0,-30.64206
2195823281.25,-30.64246
2195823437.5,-30.64024
2195823593.75,-30.64141
2195823750.0,-30.63827
2195823906.25,-30.64255
2195824062.5,-30.63837
2195824218.75,-30.63932
2195824375.0,-30.63747
2195824531.25,-30.63364
2195824687.5,-30.63441
2195824843.75,-30.6345
2195825000.0,-30.63669
2195825156.25,-30.63174
2195825312.5,-30.63249
2195825468.75,-30.6327
2195825625.0,-30.63475
2195825781.25,-30.62735
2195825937.5,-30.62608
2195826093.75,-30.62588
2195826250.0,-30.6245
2195826406.25,-30.63303
2195826562.5,-30.62749
2195826718.75,-30.6335
2195826875.0,-30.63049
2195827031.25,-30.62874
2195827187.5,-30.62686
2195827343.75,-30.62397
2195827500.0,-30.62564
2195827656.25,-30.6224
2195827812.5,-30.61961
2195827968.75,-30.62294
2195828125.0,-30.62603
2195828281.25,-30.62667
2195828437.5,-30.62523
2195828593.75,-30.62348
2195828750.0,-30.62382
2195828906.25,-30.61937
2195829062.5,-30.61955
2195829218.75,-30.61743
2195829375.0,-30.61564
2195829531.25,-30.61236
2195829687.5,-30.61484
2195829843.75,-30.61737
2195830000.0,-30.61524
2195830156.25,-30.61397
2195830312.5,-30.61375
2195830468.75,-30.61236
2195830625.0,-30.61098
2195830781.25,-30.61722
2195830937.5,-30.61013
2195831093.75,-30.61221
2195831250.0,-30.61042
2195831406.25,-30.61125
2195831562.5,-30.61246
2195831718.75,-30.60936
2195831875.0,-30.60905
2195832031.25,-30.6101
2195832187.5,-30.60423
2195832343.75,-30.60476
2195832500.0,-30.61183
2195832656.25,-30.6076
2195832812.5,-30.60839
2195832968.75,-30.60719
2195833125.0,-30.6099
2195833281.25,-30.60602
2195833437.5,-30.60224
2195833593.75,-30.60526
2195833750.0,-30.60599
2195833906.25,-30.60222
2195834062.5,-30.59939
2195834218.75,-30.60107
2195834375.0,-30.59572
2195834531.25,-30.59794
2195834687.5,-30.5978
2195834843.75,-30.59579
2195835000.0,-30.60005
2195835156.25,-30.59781
2195835312.5,-30.59867
2195835468.75,-30.59488
2195835625.0,-30.59747
2195835781.25,-30.59841
2195835937.5,-30.5973
2195836093.75,-30.58734
2195836250.0,-30.59515
2195836406.25,-30.59704
2195836562.5,-30.5942
2195836718.75,-30.59173
2195836875.0,-30.58713
2195837031.25,-30.59583
2195837187.5,-30.58982
2195837343.75,-30.59291
2195837500.0,-30.59335
2195837656.25,-30.5892
2195837812.5,-30.58859
2195837968.75,-30.58517
2195838125.0,-30.59053
2195838281.25,-30.58854
2195838437.5,-30.58882
2195838593.75,-30.58306
2195838750.0,-30.58265
2195838906.25,-30.58328
2195839062.5,-30.5857
2195839218.75,-30.58667
2195839375.0,-30.58624
2195839531.25,-30.57827
2195839687.5,-30.58302
2195839843.75,-30.58527
2195840000.0,-30.57334
2195840156.25,-30.57893
2195840312.5,-30.58066
2195840468.75,-30.5774
2195840625.0,-30.58276
2195840781.25,-30.57728
2195840937.5,-30.57076
2195841093.75,-30.56865
2195841250.0,-30.57484
2195841406.25,-30.57925
2195841562.5,-30.57193
2195841718.75,-30.57906
2195841875.0,-30.5704
2195842031.25,-30.57164
2195842187.5,-30.57378
2195842343.75,-30.5738
2195842500.0,-30.56936
2195842656.25,-30.57452
2195842812.5,-30.57491
2195842968.75,-30.56524
2195843125.0,-30.56725
2195843281.25,-30.56775
2195843437.5,-30.57068
2195843593.75,-30.57467
2195843750.0,-30.56725
2195843906.25,-30.5659
2195844062.5,-30.56975
2195844218.75,-30.56413
2195844375.0,-30.56803
2195844531.25,-30.56112
2195844687.5,-30.56229
2195844843.75,-30.55479
2195845000.0,-30.56262
2195845156.25,-30.56348
2195845312.5,-30.56117
2195845468.75,-30.56061
2195845625.0,-30.55717
2195845781.25,-30.56097
2195845937.5,-30.55915
2195846093.75,-30.5549
2195846250.0,-30.55664
2195846406.25,-30.55426
2195846562.5,-30.55391
2195846718.75,-30.55023
2195846875.0,-30.55801
2195847031.25,-30.55161
2195847187.5,-30.55441
2195847343.75,-30.55669
2195847500.0,-30.54763
2195847656.25,-30.5523
2195847812.5,-30.54978
2195847968.75,-30.54983
2195848125.0,-30.55136
2195848281.25,-30.55345
2195848437.5,-30.54773
2195848593.75,-30.54869
2195848750.0,-30.54675
2195848906.25,-30.54923
2195849062.5,-30.54815
2195849218.75,-30.54284
2195849375.0,-30.54679
2195849531.25,-30.55138
2195849687.5,-30.54719
2195849843.75,-30.54986
2195850000.0,-30.54448
2195850156.25,-30.5464
2195850312.5,-30.54506
2195850468.75,-30.54542
2195850625.0,-30.54315
2195850781.25,-30.53997
2195850937.5,-30.54337
2195851093.75,-30.54203
2195851250.0,-30.53734
2195851406.25,-30.53862
2195851562.5,-30.53523
2195851718.75,-30.5401
2195851875.0,-30.53256
2195852031.25,-30.5372
2195852187.5,-30.53584
2195852343.75,-30.53212
2195852500.0,-30.53713
2195852656.25,-30.53418
2195852812.5,-30.52999
2195852968.75,-30.53232
2195853125.0,-30.5348
2195853281.25,-30.53311
2195853437.5,-30.53292
2195853593.75,-30.52921
2195853750.0,-30.52969
2195853906.25,-30.53096
2195854062.5,-30.52823
2195854218.75,-30.52599
2195854375.0,-30.52481
2195854531.25,-30.52686
2195854687.5,-30.5287
2195854843.75,-30.52914
2195855000.0,-30.52616
2195855156.25,-30.52637
2195855312.5,-30.51912
2195855468.75,-30.52382
2195855625.0,-30.52015
2195855781.25,-30.52389
2195855937.5,-30.52532
2195856093.75,-30.51785
2195856250.0,-30.5212
2195856406.25,-30.52214
2195856562.5,-30.52119
2195856718.75,-30.51777
2195856875.0,-30.51865
2195857031.25,-30.52128
2195857187.5,-30.51576
2195857343.75,-30.51339
2195857500.0,-30.51875
2195857656.25,-30.51532
2195857812.5,-30.52035
2195857968.75,-30.50885
2195858125.0,-30.516
2195858281.25,-30.51472
2195858437.5,-30.51274
2195858593.75,-30.5141
2195858750.0,-30.50657
2195858906.25,-30.50994
2195859062.5,-30.51503
2195859218.75,-30.50562
2195859375.0,-30.50971
2195859531.25,-30.50545
2195859687.5,-30.51037
2195859843.75,-30.50947
2195860000.0,-30.50823
2195860156.25,-30.50417
2195860312.5,-30.51125
2195860468.75,-30.50375
2195860625.0,-30.50726
2195860781.25,-30.50748
2195860937.5,-30.50558
2195861093.75,-30.50794
2195861250.0,-30.50255
2195861406.25,-30.50382
2195861562.5,-30.50505
2195861718.75,-30.50542
2195861875.0,-30.50128
2195862031.25,-30.50374
2195862187.5,-30.49643
2195862343.75,-30.50391
2195862500.0,-30.50112
2195862656.25,-30.50428
2195862812.5,-30.4976
2195862968.75,-30.4907
2195863125.0,-30.4926
2195863281.25,-30.49008
2195863437.5,-30.4959
2195863593.75,-30.49207
2195863750.0,-30.49495
2195863906.25,-30.49356
2195864062.5,-30.4896
2195864218.75,-30.49279
2195864375.0,-30.49063
2195864531.25,-30.49136
2195864687.5,-30.49046
2195864843.75,-30.48926
2195865000.0,-30.48628
2195865156.25,-30.48976
2195865312.5,-30.48859
2195865468.75,-30.48746
2195865625.0,-30.48903
2195865781.25,-30.48759
2195865937.5,-30.48644
2195866093.75,-30.48663
2195866250.0,-30.48678
2195866406.25,-30.48797
2195866562.5,-30.4863
2195866718.75,-30.48622
2195866875.0,-30.47883
2195867031.25,-30.48307
2195867187.5,-30.48895
2195867343.75,-30.47785
2195867500.0,-30.48293
2195867656.25,-30.47902
2195867812.5,-30.47757
2195867968.75,-30.47964
2195868125.0,-30.47689
2195868281.25,-30.47644
2195868437.5,-30.47579
2195868593.75,-30.47658
2195868750.0,-30.47701
2195868906.25,-30.47797
2195869062.5,-30.47764
2195869218.75,-30.47831
2195869375.0,-30.47451
2195869531.25,-30.46898
2195869687.5,-30.46855
2195869843.75,-30.47233
2195870000.0,-30.47535
2195870156.25,-30.47256
2195870312.5,-30.47293
2195870468.75,-30.46152
2195870625.0,-30.46469
2195870781.25,-30.46784
2195870937.5,-30.47198
2195871093.75,-30.46925
2195871250.0,-30.46919
2195871406.25,-30.46869
2195871562.5,-30.46381
2195871718.75,-30.46494
2195871875.0,-30.45916
2195872031.25,-30.46316
2195872187.5,-30.46041
2195872343.75,-30.46016
2195872500.0,-30.46577
2195872656.25,-30.46592
2195872812.5,-30.46049
2195872968.75,-30.46179
2195873125.0,-30.46061
2195873281.25,-30.45938
2195873437.5,-30.46209
2195873593.75,-30.4526
2195873750.0,-30.45811
2195873906.25,-30.45908
2195874062.5,-30.45604
2195874218.75,-30.45457
2195874375.0,-30.45658
2195874531.25,-30.45232
2195874687.5,-30.45005
2195874843.75,-30.45035
2195875000.0,-30.44535
2195875156.25,-30.45476
2195875312.5,-30.45282
2195875468.75,-30.44674
2195875625.0,-30.45418
2195875781.25,-30.44585
2195875937.5,-30.44867
2195876093.75,-30.45073
2195876250.0,-30.44862
2195876406.25,-30.45147
2195876562.5,-30.44785
2195876718.75,-30.43955
2195876875.0,-30.44819
2195877031.25,-30.4544
2195877187.5,-30.44224
2195877343.75,-30.44125
2195877500.0,-30.4468
2195877656.25,-30.43959
2195877812.5,-30.44509
2195877968.75,-30.43991
2195878125.0,-30.4404
2195878281.25,-30.43926
2195878437.5,-30.44076
2195878593.75,-30.44006
2195878750.0,-30.44457
2195878906.25,-30.43874
2195879062.5,-30.43779
2195879218.75,-30.43957
2195879375.0,-30.43935
2195879531.25,-30.43514
2195879687.5,-30.43354
2195879843.75,-30.42951
2195880000.0,-30.43788
2195880156.25,-30.43686
2195880312.5,-30.43742
2195880468.75,-30.43012
2195880625.0,-30.43041
2195880781.25,-30.43043
2195880937.5,-30.4328
2195881093.75,-30.43089
2195881250.0,-30.42951
2195881406.25,-30.43334
2195881562.5,-30.42538
2195881718.75,-30.42943
2195881875.0,-30.42907
2195882031.25,-30.42427
2195882187.5,-30.42828
2195882343.75,-30.4258
2195882500.0,-30.42163
2195882656.25,-30.41816
2195882812.5,-30.41842
2195882968.75,-30.42385
2195883125.0,-30.42327
2195883281.25,-30.41965
2195883437.5,-30.41868
2195883593.75,-30.41651
2195883750.0,-30.42084
2195883906.25,-30.41738
2195884062.5,-30.41168
2195884218.75,-30.41564
2195884375.0,-30.41448
2195884531.25,-30.41449
2195884687.5,-30.40921
2195884843.75,-30.41507
2195885000.0,-30.42019
2195885156.25,-30.41317
2195885312.5,-30.41743
2195885468.75,-30.41497
2195885625.0,-30.41393
2195885781.25,-30.41383
2195885937.5,-30.41566
2195886093.75,-30.41533
2195886250.0,-30.4097
2195886406.25,-30.41125
2195886562.5,-30.4092
2195886718.75,-30.41531
2195886875.0,-30.40647
2195887031.25,-30.41387
2195887187.5,-30.41223
2195887343.75,-30.40112
2195887500.0,-30.40791
2195887656.25,-30.40754
2195887812.5,-30.40401
2195887968.75,-30.40552
2195888125.0,-30.40454
2195888281.25,-30.40051
2195888437.5,-30.40398
2195888593.75,-30.40048
2195888750.0,-30.4008
2195888906.25,-30.40055
2195889062.5,-30.40192
2195889218.75,-30.40084
2195889375.0,-30.40321
2195889531.25,-30.39775
2195889687.5,-30.39914
2195889843.75,-30.39781
2195890000.0,-30.39553
2195890156.25,-30.39733
2195890312.5,-30.39697
2195890468.75,-30.39139
2195890625.0,-30.39465
2195890781.25,-30.39328
2195890937.5,-30.39522
2195891093.75,-30.39334
2195891250.0,-30.394
2195891406.25,-30.39455
2195891562.5,-30.39256
2195891718.75,-30.39427
2195891875.0,-30.39007
2195892031.25,-30.39108
2195892187.5,-30.38603
2195892343.75,-30.38774
2195892500.0,-30.38703
2195892656.25,-30.3878
2195892812.5,-30.38293
2195892968.75,-30.38017
2195893125.0,-30.38782
2195893281.25,-30.37873
2195893437.5,-30.37893
2195893593.75,-30.37975
2195893750.0,-30.38166
2195893906.25,-30.38284
2195894062.5,-30.3839
2195894218.75,-30.37992
2195894375.0,-30.38338
2195894531.25,-30.37418
2195894687.5,-30.38299
2195894843.75,-30.3782
2195895000.0,-30.38284
2195895156.25,-30.3751
2195895312.5,-30.36843
2195895468.75,-30.38152
2195895625.0,-30.37582
2195895781.25,-30.37262
2195895937.5,-30.37593
2195896093.75,-30.37118
2195896250.0,-30.37388
2195896406.25,-30.37457
2195896562.5,-30.37531
2195896718.75,-30.36796
2195896875.0,-30.37078
2195897031.25,-30.37172
2195897187.5,-30.36591
2195897343.75,-30.36723
2195897500.0,-30.36938
2195897656.25,-30.36377
2195897812.5,-30.36356
2195897968.75,-30.36801
2195898125.0,-30.36753
2195898281.25,-30.36445
2195898437.5,-30.36774
2195898593.75,-30.36295
2195898750.0,-30.35991
2195898906.25,-30.36648
2195899062.5,-30.35843
2195899218.75,-30.36084
2195899375.0,-30.36146
2195899531.25,-30.3578
2195899687.5,-30.3608
2195899843.75,-30.35793
2195900000.0,-30.35972
2195900156.25,-30.36031
2195900312.5,-30.35392
2195900468.75,-30.35547
2195900625.0,-30.35875
2195900781.25,-30.35262
2195900937.5,-30.34771
2195901093.75,-30.35673
2195901250.0,-30.35251
2195901406.25,-30.35464
2195901562.5,-30.34901
2195901718.75,-30.35694
2195901875.0,-30.35373
2195902031.25,-30.34918
2195902187.5,-30.35052
2195902343.75,-30.34969
2195902500.0,-30.34875
2195902656.25,-30.34662
2195902812.5,-30.34907
2195902968.75,-30.35071
2195903125.0,-30.34398
2195903281.25,-30.34595
2195903437.5,-30.35165
2195903593.75,-30.35001
2195903750.0,-30.34819
2195903906.25,-30.34525
2195904062.5,-30.34361
2195904218.75,-30.34196
2195904375.0,-30.35436
2195904531.25,-30.34382
2195904687.5,-30.34384
2195904843.75,-30.34258
2195905000.0,-30.33805
2195905156.25,-30.34461
2195905312.5,-30.34271
2195905468.75,-30.34512
2195905625.0,-30.33997
2195905781.25,-30.33471
2195905937.5,-30.3366
2195906093.75,-30.33421
2195906250.0,-30.34016
2195906406.25,-30.33341
2195906562.5,-30.33391
2195906718.75,-30.33671
2195906875.0,-30.33491
2195907031.25,-30.33382
2195907187.5,-30.33539
2195907343.75,-30.33437
2195907500.0,-30.33183
2195907656.25,-30.33204
2195907812.5,-30.33161
2195907968.75,-30.33602
2195908125.0,-30.32527
2195908281.25,-30.33078
2195908437.5,-30.33163
2195908593.75,-30.33049
2195908750.0,-30.33031
2195908906.25,-30.32697
2195909062.5,-30.3254
2195909218.75,-30.32119
2195909375.0,-30.32088
2195909531.25,-30.32787
2195909687.5,-30.31938
2195909843.75,-30.32794
2195910000.0,-30.32382
2195910156.25,-30.32127
2195910312.5,-30.32057
2195910468.75,-30.32679
2195910625.0,-30.31663
2195910781.25,-30.31739
2195910937.5,-30.32329
2195911093.75,-30.31638
2195911250.0,-30.31896
2195911406.25,-30.31615
2195911562.5,-30.31459
2195911718.75,-30.31927
2195911875.0,-30.31535
2195912031.25,-30.31586
2195912187.5,-30.31119
2195912343.75,-30.30631
2195912500.0,-30.31654
2195912656.25,-30.31756
2195912812.5,-30.3127
2195912968.75,-30.31246
2195913125.0,-30.31409
2195913281.25,-30.31046
2195913437.5,-30.30669
2195913593.75,-30.30616
2195913750.0,-30.31018
2195913906.25,-30.31517
2195914062.5,-30.30336
2195914218.75,-30.30492
2195914375.0,-30.30742
2195914531.25,-30.30883
2195914687.5,-30.30449
2195914843.75,-30.30458
2195915000.0,-30.30527
2195915156.25,-30.30367
2195915312.5,-30.30729
2195915468.75,-30.30318
2195915625.0,-30.30074
2195915781.25,-30.30198
2195915937.5,-30.29654
2195916093.75,-30.2986
2195916250.0,-30.29729
2195916406.25,-30.29887
2195916562.5,-30.29508
2195916718.75,-30.29884
2195916875.0,-30.29486
2195917031.25,-30.29738
2195917187.5,-30.29766
2195917343.75,-30.29598
2195917500.0,-30.28957
2195917656.25,-30.29515
2195917812.5,-30.29316
2195917968.75,-30.29386
2195918125.0,-30.29864
2195918281.25,-30.28496
2195918437.5,-30.29059
2195918593.75,-30.28629
2195918750.0,-30.28593
2195918906.25,-30.29091
2195919062.5,-30.28879
2195919218.75,-30.28568
2195919375.0,-30.28332
2195919531.25,-30.28486
2195919687.5,-30.28364
2195919843.75,-30.28838
2195920000.0,-30.28371
2195920156.25,-30.28547
2195920312.5,-30.28522
2195920468.75,-30.28106
2195920625.0,-30.27971
2195920781.25,-30.28213
2195920937.5,-30.28118
2195921093.75,-30.28201
2195921250.0,-30.27995
2195921406.25,-30.27555
2195921562.5,-30.27788
2195921718.75,-30.27143
2195921875.0,-30.2749
2195922031.25,-30.27383
2195922187.5,-30.27447
2195922343.75,-30.27552
2195922500.0,-30.27448
2195922656.25,-30.27596
2195922812.5,-30.27652
2195922968.75,-30.27451
2195923125.0,-30.27253
2195923281.25,-30.26633
2195923437.5,-30.27191
2195923593.75,-30.27121
2195923750.0,-30.26737
2195923906.25,-30.27275
2195924062.5,-30.27035
2195924218.75,-30.26708
2195924375.0,-30.26759
2195924531.25,-30.26528
2195924687.5,-30.26439
2195924843.75,-30.27134
2195925000.0,-30.26785
2195925156.25,-30.26516
2195925312.5,-30.26983
2195925468.75,-30.26214
2195925625.0,-30.26051
2195925781.25,-30.25716
2195925937.5,-30.26516
2195926093.75,-30.25515
2195926250.0,-30.26083
2195926406.25,-30.26326
2195926562.5,-30.25791
2195926718.75,-30.25828
2195926875.0,-30.25917
2195927031.25,-30.26168
2195927187.5,-30.2528
2195927343.75,-30.25382
2195927500.0,-30.25575
2195927656.25,-30.26185
2195927812.5,-30.25167
2195927968.75,-30.25191
2195928125.0,-30.25801
2195928281.25,-30.2503
2195928437.5,-30.25416
2195928593.75,-30.2496
2195928750.0,-30.24996
2195928906.25,-30.2488
2195929062.5,-30.25114
2195929218.75,-30.25208
2195929375.0,-30.24832
2195929531.25,-30.24654
2195929687.5,-30.25056
2195929843.75,-30.25089
2195930000.0,-30.2443
2195930156.25,-30.24791
2195930312.5,-30.24548
2195930468.75,-30.24834
2195930625.0,-30.24648
2195930781.25,-30.24509
2195930937.5,-30.24421
2195931093.75,-30.24167
2195931250.0,-30.23809
2195931406.25,-30.24025
2195931562.5,-30.24231
2195931718.75,-30.23973
2195931875.0,-30.24003
2195932031.25,-30.24092
2195932187.5,-30.23779
2195932343.75,-30.23652
2195932500.0,-30.2343
2195932656.25,-30.23351
2195932812.5,-30.23798
2195932968.75,-30.23277
2195933125.0,-30.24018
2195933281.25,-30.23653
2195933437.5,-30.23406
2195933593.75,-30.23756
2195933750.0,-30.22936
2195933906.25,-30.23108
2195934062.5,-30.23169
2195934218.75,-30.23028
2195934375.0,-30.22845
2195934531.25,-30.23303
2195934687.5,-30.22477
2195934843.75,-30.22969
2195935000.0,-30.22587
2195935156.25,-30.22543
2195935312.5,-30.22893
2195935468.75,-30.22927
2195935625.0,-30.22733
2195935781.25,-30.22541
2195935937.5,-30.22643
2195936093.75,-30.22534
2195936250.0,-30.22151
2195936406.25,-30.22229
2195936562.5,-30.22445
2195936718.75,-30.21993
2195936875.0,-30.22097
2195937031.25,-30.22379
2195937187.5,-30.2185
2195937343.75,-30.21596
2195937500.0,-30.22186
2195937656.25,-30.21936
2195937812.5,-30.21768
2195937968.75,-30.22212
2195938125.0,-30.2195
2195938281.25,-30.21761
2195938437.5,-30.21771
2195938593.75,-30.2153
2195938750.0,-30.21375
2195938906.25,-30.21714
2195939062.5,-30.21334
2195939218.75,-30.21353
2195939375.0,-30.20742
2195939531.25,-30.2139
2195939687.5,-30.21397
2195939843.75,-30.21109
2195940000.0,-30.20924
2195940156.25,-30.21374
2195940312.5,-30.20934
2195940468.75,-30.20528
2195940625.0,-30.2159
2195940781.25,-30.20384
2195940937.5,-30.20981
2195941093.75,-30.20726
2195941250.0,-30.20287
2195941406.25,-30.20292
2195941562.5,-30.20324
2195941718.75,-30.1991
2195941875.0,-30.19588
2195942031.25,-30.19981
2195942187.5,-30.19896
2195942343.75,-30.19496
2195942500.0,-30.19754
2195942656.25,-30.20608
2195942812.5,-30.19278
2195942968.75,-30.19796
2195943125.0,-30.19835
2195943281.25,-30.19814
2195943437.5,-30.19766
2195943593.75,-30.19526
2195943750.0,-30.18926
2195943906.25,-30.19535
2195944062.5,-30.19866
2195944218.75,-30.18756
2195944375.0,-30.19455
2195944531.25,-30.18619
2195944687.5,-30.19141
2195944843.75,-30.18757
2195945000.0,-30.19143
2195945156.25,-30.18852
2195945312.5,-30.1871
2195945468.75,-30.18523
2195945625.0,-30.18394
2195945781.25,-30.18588
2195945937.5,-30.1858
2195946093.75,-30.18348
2195946250.0,-30.18348
2195946406.25,-30.18583
2195946562.5,-30.18252
2195946718.75,-30.18501
2195946875.0,-30.1839
2195947031.25,-30.18539
2195947187.5,-30.18517
2195947343.75,-30.18072
2195947500.0,-30.17329
2195947656.25,-30.18025
2195947812.5,-30.17965
2195947968.75,-30.17941
2195948125.0,-30.18125
2195948281.25,-30.18253
2195948437.5,-30.17563
2195948593.75,-30.17566
2195948750.0,-30.18013
2195948906.25,-30.17781
2195949062.5,-30.17455
2195949218.75,-30.16925
2195949375.0,-30.1712
2195949531.25,-30.17374
2195949687.5,-30.17241
2195949843.75,-30.1711
2195950000.0,-30.173
2195950156.25,-30.16889
2195950312.5,-30.17725
2195950468.75,-30.16624
2195950625.0,-30.16353
2195950781.25,-30.16811
2195950937.5,-30.17115
2195951093.75,-30.16798
2195951250.0,-30.1676
2195951406.25,-30.15927
2195951562.5,-30.16263
2195951718.75,-30.16103
2195951875.0,-30.16208
2195952031.25,-30.1602
2195952187.5,-30.16617
2195952343.75,-30.15922
2195952500.0,-30.1614
2195952656.25,-30.15927
2195952812.5,-30.15847
2195952968.75,-30.15613
2195953125.0,-30.15839
2195953281.25,-30.15842
2195953437.5,-30.15928
2195953593.75,-30.15688
2195953750.0,-30.15712
2195953906.25,-30.15973
2195954062.5,-30.15752
2195954218.75,-30.15716
2195954375.0,-30.1563
2195954531.25,-30.15827
2195954687.5,-30.15611
2195954843.75,-30.15002
2195955000.0,-30.15456
2195955156.25,-30.15313
2195955312.5,-30.15082
2195955468.75,-30.15116
2195955625.0,-30.14531
2195955781.25,-30.14804
2195955937.5,-30.14601
2195956093.75,-30.15121
2195956250.0,-30.15276
2195956406.25,-30.14784
2195956562.5,-30.1471
2195956718.75,-30.14227
2195956875.0,-30.14868
2195957031.25,-30.14556
2195957187.5,-30.14455
2195957343.75,-30.14268
2195957500.0,-30.14861
2195957656.25,-30.14085
2195957812.5,-30.14091
2195957968.75,-30.14528
2195958125.0,-30.14661
2195958281.25,-30.13871
2195958437.5,-30.1387
2195958593.75,-30.13653
2195958750.0,-30.13535
2195958906.25,-30.13411
2195959062.5,-30.13168
2195959218.75,-30.13849
2195959375.0,-30.13705
2195959531.25,-30.13269
2195959687.5,-30.13489
2195959843.75,-30.13064
2195960000.0,-30.1347
2195960156.25,-30.12891
2195960312.5,-30.13256
2195960468.75,-30.12635
2195960625.0,-30.13193
2195960781.25,-30.13073
2195960937.5,-30.12989
2195961093.75,-30.13281
2195961250.0,-30.12956
2195961406.25,-30.13043
2195961562.5,-30.12378
2195961718.75,-30.12685
2195961875.0,-30.12949
2195962031.25,-30.12509
2195962187.5,-30.12439
2195962343.75,-30.12476
2195962500.0,-30.12859
2195962656.25,-30.12253
2195962812.5,-30.1197
2195962968.75,-30.12831
2195963125.0,-30.11731
2195963281.25,-30.11747
2195963437.5,-30.1212
2195963593.75,-30.11876
2195963750.0,-30.1185
2195963906.25,-30.11698
2195964062.5,-30.11519
2195964218.75,-30.11947
2195964375.0,-30.11788
2195964531.25,-30.11765
2195964687.5,-30.11216
2195964843.75,-30.11626
2195965000.0,-30.1127
2195965156.25,-30.11348
2195965312.5,-30.10804
2195965468.75,-30.11022
2195965625.0,-30.11548
2195965781.25,-30.11029
2195965937.5,-30.11051
2195966093.75,-30.11259
2195966250.0,-30.11405
2195966406.25,-30.10861
2195966562.5,-30.10733
2195966718.75,-30.10544
2195966875.0,-30.10645
2195967031.25,-30.10645
2195967187.5,-30.10029
2195967343.75,-30.1031
2195967500.0,-30.09958
2195967656.25,-30.09774
2195967812.5,-30.10144
2195967968.75,-30.10184
2195968125.0,-30.10273
2195968281.25,-30.10473
2195968437.5,-30.10394
2195968593.75,-30.09823
2195968750.0,-30.09038
2195968906.25,-30.09926
2195969062.5,-30.10016
2195969218.75,-30.09926
2195969375.0,-30.10023
2195969531.25,-30.09065
2195969687.5,-30.0947
2195969843.75,-30.09674
2195970000.0,-30.09834
2195970156.25,-30.09302
2195970312.5,-30.09197
2195970468.75,-30.08967
2195970625.0,-30.0958
2195970781.25,-30.09391
2195970937.5,-30.09084
2195971093.75,-30.09379
2195971250.0,-30.08621
2195971406.25,-30.08308
2195971562.5,-30.09036
2195971718.75,-30.09073
2195971875.0,-30.08334
2195972031.25,-30.08866
2195972187.5,-30.08599
2195972343.75,-30.09067
2195972500.0,-30.09015
2195972656.25,-30.08592
2195972812.5,-30.08703
2195972968.75,-30.08556
2195973125.0,-30.08104
2195973281.25,-30.08613
2195973437.5,-30.07754
2195973593.75,-30.07953
2195973750.0,-30.07844
2195973906.25,-30.07963
2195974062.5,-30.08051
2195974218.75,-30.07929
2195974375.0,-30.07589
2195974531.25,-30.06928
2195974687.5,-30.07313
2195974843.75,-30.07605
2195975000.0,-30.07833
2195975156.25,-30.07216
2195975312.5,-30.06795
2195975468.75,-30.07903
2195975625.0,-30.07865
2195975781.25,-30.07152
2195975937.5,-30.07292
2195976093.75,-30.06867
2195976250.0,-30.06919
2195976406.25,-30.07182
2195976562.5,-30.06582
2195976718.75,-30.06677
2195976875.0,-30.06997
2195977031.25,-30.06442
2195977187.5,-30.06826
2195977343.75,-30.06442
2195977500.0,-30.06985
2195977656.25,-30.06094
2195977812.5,-30.06752
2195977968.75,-30.05935
2195978125.0,-30.06373
2195978281.25,-30.06571
2195978437.5,-30.0604
2195978593.75,-30.06259
2195978750.0,-30.0627
2195978906.25,-30.06585
2195979062.5,-30.06221
2195979218.75,-30.062
2195979375.0,-30.05046
2195979531.25,-30.05907
2195979687.5,-30.05333
2195979843.75,-30.05744
2195980000.0,-30.05205
2195980156.25,-30.06041
2195980312.5,-30.05586
2195980468.75,-30.05286
2195980625.0,-30.05192
2195980781.25,-30.05635
2195980937.5,-30.05441
2195981093.75,-30.05394
2195981250.0,-30.0502
2195981406.25,-30.05165
2195981562.5,-30.04575
2195981718.75,-30.05305
2195981875.0,-30.0448
2195982031.25,-30.04877
2195982187.5,-30.05297
2195982343.75,-30.05079
2195982500.0,-30.04838
2195982656.25,-30.05322
2195982812.5,-30.04418
2195982968.75,-30.04384
2195983125.0,-30.04839
2195983281.25,-30.04134
2195983437.5,-30.0411
2195983593.75,-30.04417
2195983750.0,-30.04152
2195983906.25,-30.03951
2195984062.5,-30.03954
2195984218.75,-30.03459
2195984375.0,-30.0412
2195984531.25,-30.04217
2195984687.5,-30.03763
2195984843.75,-30.03596
2195985000.0,-30.03045
2195985156.25,-30.03415
2195985312.5,-30.04088
2195985468.75,-30.03263
2195985625.0,-30.03246
2195985781.25,-30.03564
2195985937.5,-30.03267
2195986093.75,-30.03226
2195986250.0,-30.03418
2195986406.25,-30.02971
2195986562.5,-30.03242
2195986718.75,-30.03132
2195986875.0,-30.02529
2195987031.25,-30.0277
2195987187.5,-30.03158
2195987343.75,-30.02885
2195987500.0,-30.02792
2195987656.25,-30.02774
2195987812.5,-30.02386
2195987968.75,-30.02313
2195988125.0,-30.0234
2195988281.25,-30.02522
2195988437.5,-30.02759
2195988593.75,-30.01977
2195988750.0,-30.02442
2195988906.25,-30.02356
2195989062.5,-30.01803
2195989218.75,-30.01796
2195989375.0,-30.02448
2195989531.25,-30.02288
2195989687.5,-30.01974
2195989843.75,-30.01346
2195990000.0,-30.01659
2195990156.25,-30.0146
2195990312.5,-30.01465
2195990468.75,-30.01434
2195990625.0,-30.01754
2195990781.25,-30.01593
2195990937.5,-30.01561
2195991093.75,-30.01522
2195991250.0,-30.01369
2195991406.25,-30.01253
2195991562.5,-30.01107
2195991718.75,-30.00753
2195991875.0,-30.00897
2195992031.25,-30.01358
2195992187.5,-30.00565
2195992343.75,-30.00653
2195992500.0,-30.00558
2195992656.25,-30.00694
2195992812.5,-30.00563
2195992968.75,-30.00258
2195993125.0,-30.00451
2195993281.25,-30.00455
2195993437.5,-30.00114
2195993593.75,-30.00623
2195993750.0,-30.0003
2195993906.25,-30.0008
2195994062.5,-30.00216
2195994218.75,-30.00468
2195994375.0,-30.00279
2195994531.25,-29.99837
2195994687.5,-30.00165
2195994843.75,-29.99741
2195995000.0,-29.99648
2195995156.25,-29.99812
2195995312.5,-29.99799
2195995468.75,-29.9968
2195995625.0,-29.99059
2195995781.25,-29.99586
2195995937.5,-29.99132
2195996093.75,-29.98968
2195996250.0,-29.99709
2195996406.25,-29.99512
2195996562.5,-29.99347
2195996718.75,-29.99567
2195996875.0,-29.98904
2195997031.25,-29.98855
2195997187.5,-29.98782
2195997343.75,-29.99082
2195997500.0,-29.99223
2195997656.25,-29.98732
2195997812.5,-29.98445
2195997968.75,-29.98933
2195998125.0,-29.9865
2195998281.25,-29.98052
2195998437.5,-29.98529
2195998593.75,-29.97905
2195998750.0,-29.98178
2195998906.25,-29.98235
2195999062.5,-29.97789
2195999218.75,-29.98638
2195999375.0,-29.97974
2195999531.25,-29.98188
2195999687.5,-29.9769
2195999843.75,-29.97993
2196000000.0,-29.97931
2196000156.25,-29.97354
2196000312.5,-29.97444
2196000468.75,-29.97898
2196000625.0,-29.98046
2196000781.25,-29.97737
2196000937.5,-29.97703
2196001093.75,-29.97856
2196001250.0,-29.97649
2196001406.25,-29.97207
2196001562.5,-29.96881
2196001718.75,-29.97684
2196001875.0,-29.97102
2196002031.25,-29.96877
2196002187.5,-29.96648
2196002343.75,-29.96807
2196002500.0,-29.9663
2196002656.25,-29.96137
2196002812.5,-29.96718
2196002968.75,-29.96791
2196003125.0,-29.97121
2196003281.25,-29.95978
2196003437.5,-29.96018
2196003593.75,-29.96765
2196003750.0,-29.96456
2196003906.25,-29.95812
2196004062.5,-29.96253
2196004218.75,-29.96068
2196004375.0,-29.96354
2196004531.25,-29.96008
2196004687.5,-29.95768
2196004843.75,-29.956
2196005000.0,-29.9603
2196005156.25,-29.96293
2196005312.5,-29.95427
2196005468.75,-29.95819
2196005625.0,-29.96035
2196005781.25,-29.96064
2196005937.5,-29.95588
2196006093.75,-29.96019
2196006250.0,-29.95389
2196006406.25,-29.95531
2196006562.5,-29.94992
2196006718.75,-29.94772
2196006875.0,-29.95588
2196007031.25,-29.94996
2196007187.5,-29.95581
2196007343.75,-29.95398
2196007500.0,-29.94893
2196007656.25,-29.94946
2196007812.5,-29.94657
2196007968.75,-29.94647
2196008125.0,-29.9493
2196008281.25,-29.94542
2196008437.5,-29.9469
2196008593.75,-29.94201
2196008750.0,-29.94543
2196008906.25,-29.94595
2196009062.5,-29.94603
2196009218.75,-29.94299
2196009375.0,-29.94036
2196009531.25,-29.9471
2196009687.5,-29.9447
2196009843.75,-29.93959
2196010000.0,-29.93628
2196010156.25,-29.93867
2196010312.5,-29.94267
2196010468.75,-29.93854
2196010625.0,-29.93689
2196010781.25,-29.93841
2196010937.5,-29.93971
2196011093.75,-29.93573
2196011250.0,-29.93654
2196011406.25,-29.9371
2196011562.5,-29.93472
2196011718.75,-29.93338
2196011875.0,-29.9358
2196012031.25,-29.93116
2196012187.5,-29.93169
2196012343.75,-29.92882
2196012500.0,-29.92917
2196012656.25,-29.93333
2196012812.5,-29.93128
2196012968.75,-29.92609
2196013125.0,-29.92382
2196013281.25,-29.92481
2196013437.5,-29.92461
2196013593.75,-29.92561
2196013750.0,-29.92473
2196013906.25,-29.9239
2196014062.5,-29.92384
2196014218.75,-29.92362
2196014375.0,-29.92418
2196014531.25,-29.92203
2196014687.5,-29.91748
2196014843.75,-29.92509
2196015000.0,-29.92406
2196015156.25,-29.92056
2196015312.5,-29.91856
2196015468.75,-29.91989
2196015625.0,-29.9134
2196015781.25,-29.91315
2196015937.5,-29.92369
2196016093.75,-29.91305
2196016250.0,-29.91579
2196016406.25,-29.91511
2196016562.5,-29.91535
2196016718.75,-29.91569
2196016875.0,-29.91293
2196017031.25,-29.91392
2196017187.5,-29.90691
2196017343.75,-29.90882
2196017500.0,-29.90763
2196017656.25,-29.90824
2196017812.5,-29.90963
2196017968.75,-29.90379
2196018125.0,-29.9106
2196018281.25,-29.9113
2196018437.5,-29.91078
2196018593.75,-29.90739
2196018750.0,-29.90478
2196018906.25,-29.90309
2196019062.5,-29.90497
2196019218.75,-29.90249
2196019375.0,-29.90611
2196019531.25,-29.90267
2196019687.5,-29.90444
2196019843.75,-29.90056
2196020000.0,-29.90363
2196020156.25,-29.89768
2196020312.5,-29.89648
2196020468.75,-29.90043
2196020625.0,-29.89475
2196020781.25,-29.89875
2196020937.5,-29.89905
2196021093.75,-29.89726
2196021250.0,-29.8989
2196021406.25,-29.89173
2196021562.5,-29.89684
2196021718.75,-29.89462
2196021875.0,-29.89025
2196022031.25,-29.89425
2196022187.5,-29.89417
2196022343.75,-29.88877
2196022500.0,-29.88702
2196022656.25,-29.88963
2196022812.5,-29.88162
2196022968.75,-29.8883
2196023125.0,-29.88303
2196023281.25,-29.88661
2196023437.5,-29.88169
2196023593.75,-29.88703
2196023750.0,-29.88601
2196023906.25,-29.88366
2196024062.5,-29.88913
2196024218.75,-29.89363
2196024375.0,-29.88526
2196024531.25,-29.8819
2196024687.5,-29.88266
2196024843.75,-29.88556
2196025000.0,-29.87736
2196025156.25,-29.87834
2196025312.5,-29.87501
2196025468.75,-29.87637
2196025625.0,-29.87523
2196025781.25,-29.88071
2196025937.5,-29.87773
2196026093.75,-29.87568
2196026250.0,-29.8736
2196026406.25,-29.86923
2196026562.5,-29.87555
2196026718.75,-29.87521
2196026875.0,-29.86889
2196027031.25,-29.87433
2196027187.5,-29.87902
2196027343.75,-29.86842
2196027500.0,-29.87197
2196027656.25,-29.87267
2196027812.5,-29.87321
2196027968.75,-29.86765
2196028125.0,-29.86815
2196028281.25,-29.87111
2196028437.5,-29.87058
2196028593.75,-29.86587
2196028750.0,-29.86826
2196028906.25,-29.86423
2196029062.5,-29.86067
2196029218.75,-29.8676
2196029375.0,-29.86335
2196029531.25,-29.86398
2196029687.5,-29.86414
2196029843.75,-29.86018
2196030000.0,-29.8567
2196030156.25,-29.86373
2196030312.5,-29.85622
2196030468.75,-29.85551
2196030625.0,-29.85802
2196030781.25,-29.85641
2196030937.5,-29.85453
2196031093.75,-29.85253
2196031250.0,-29.85728
2196031406.25,-29.85449
2196031562.5,-29.85307
2196031718.75,-29.8546
2196031875.0,-29.85277
2196032031.25,-29.85381
2196032187.5,-29.85311
2196032343.75,-29.85485
2196032500.0,-29.84825
2196032656.25,-29.85058
2196032812.5,-29.84921
2196032968.75,-29.8438
2196033125.0,-29.85137
2196033281.25,-29.84431
2196033437.5,-29.8457
2196033593.75,-29.85077
2196033750.0,-29.84561
2196033906.25,-29.84499
2196034062.5,-29.84614
2196034218.75,-29.84697
2196034375.0,-29.84006
2196034531.25,-29.83945
2196034687.5,-29.84153
2196034843.75,-29.84006
2196035000.0,-29.83924
2196035156.25,-29.83881
2196035312.5,-29.84222
2196035468.75,-29.84078
2196035625.0,-29.83681
2196035781.25,-29.8338
2196035937.5,-29.84115
2196036093.75,-29.83701
2196036250.0,-29.83468
2196036406.25,-29.8342
2196036562.5,-29.83384
2196036718.75,-29.83709
2196036875.0,-29.83032
2196037031.25,-29.83091
2196037187.5,-29.82491
2196037343.75,-29.83372
2196037500.0,-29.82875
2196037656.25,-29.83318
2196037812.5,-29.83273
2196037968.75,-29.83027
2196038125.0,-29.827
2196038281.25,-29.82598
2196038437.5,-29.83138
2196038593.75,-29.82773
2196038750.0,-29.82354
2196038906.25,-29.82338
2196039062.5,-29.82228
2196039218.75,-29.82293
2196039375.0,-29.82781
2196039531.25,-29.82819
2196039687.5,-29.8258
2196039843.75,-29.81962
2196040000.0,-29.82249
2196040156.25,-29.82932
2196040312.5,-29.82134
2196040468.75,-29.81714
2196040625.0,-29.81659
2196040781.25,-29.81104
2196040937.5,-29.81656
2196041093.75,-29.81733
2196041250.0,-29.81448
2196041406.25,-29.81542
2196041562.5,-29.81198
2196041718.75,-29.81405
2196041875.0,-29.81375
2196042031.25,-29.80937
2196042187.5,-29.81354
2196042343.75,-29.81715
2196042500.0,-29.81035
2196042656.25,-29.81158
2196042812.5,-29.81158
2196042968.75,-29.80267
2196043125.0,-29.8036
2196043281.25,-29.80316
2196043437.5,-29.80988
2196043593.75,-29.80593
2196043750.0,-29.80844
2196043906.25,-29.80627
2196044062.5,-29.80158
2196044218.75,-29.80592
2196044375.0,-29.80323
2196044531.25,-29.80728
2196044687.5,-29.80224
2196044843.75,-29.80675
2196045000.0,-29.80121
2196045156.25,-29.80175
2196045312.5,-29.79498
2196045468.75,-29.801
2196045625.0,-29.79762
2196045781.25,-29.79931
2196045937.5,-29.79726
2196046093.75,-29.79945
2196046250.0,-29.79456
2196046406.25,-29.79602
2196046562.5,-29.79467
2196046718.75,-29.79391
2196046875.0,-29.7947
2196047031.25,-29.79044
2196047187.5,-29.79302
2196047343.75,-29.79091
2196047500.0,-29.79092
2196047656.25,-29.78246
2196047812.5,-29.78594
2196047968.75,-29.78811
2196048125.0,-29.78595
2196048281.25,-29.78915
2196048437.5,-29.78762
2196048593.75,-29.78407
2196048750.0,-29.79167
2196048906.25,-29.78777
2196049062.5,-29.78378
2196049218.75,-29.78569
2196049375.0,-29.78544
2196049531.25,-29.78579
2196049687.5,-29.78443
2196049843.75,-29.77931
2196050000.0,-29.78297
2196050156.25,-29.78267
2196050312.5,-29.7795
2196050468.75,-29.78131
2196050625.0,-29.78089
2196050781.25,-29.77797
2196050937.5,-29.77417
2196051093.75,-29.77554
2196051250.0,-29.77648
2196051406.25,-29.77428
2196051562.5,-29.77308
2196051718.75,-29.77608
2196051875.0,-29.7692
2196052031.25,-29.77395
2196052187.5,-29.77461
2196052343.75,-29.76767
2196052500.0,-29.77236
2196052656.25,-29.76818
2196052812.5,-29.77007
2196052968.75,-29.76935
2196053125.0,-29.7682
2196053281.25,-29.7677
2196053437.5,-29.76816
2196053593.75,-29.76458
2196053750.0,-29.76491
2196053906.25,-29.76951
2196054062.5,-29.76659
2196054218.75,-29.76741
2196054375.0,-29.76449
2196054531.25,-29.76176
2196054687.5,-29.76114
2196054843.75,-29.76074
2196055000.0,-29.75787
2196055156.25,-29.75857
2196055312.5,-29.76316
2196055468.75,-29.75637
2196055625.0,-29.76174
2196055781.25,-29.75674
2196055937.5,-29.75781
2196056093.75,-29.75746
2196056250.0,-29.75419
2196056406.25,-29.7596
2196056562.5,-29.75812
2196056718.75,-29.7547
2196056875.0,-29.7573
2196057031.25,-29.75461
2196057187.5,-29.75564
2196057343.75,-29.75636
2196057500.0,-29.75191
2196057656.25,-29.7492
2196057812.5,-29.74514
2196057968.75,-29.74504
2196058125.0,-29.74209
2196058281.25,-29.74927
2196058437.5,-29.7526
2196058593.75,-29.75125
2196058750.0,-29.74248
2196058906.25,-29.74038
2196059062.5,-29.7466
2196059218.75,-29.74413
2196059375.0,-29.7467
2196059531.25,-29.74257
2196059687.5,-29.7411
2196059843.75,-29.74293
2196060000.0,-29.74634
2196060156.25,-29.73796
2196060312.5,-29.73927
2196060468.75,-29.73962
2196060625.0,-29.74168
2196060781.25,-29.73935
2196060937.5,-29.738
2196061093.75,-29.73561
2196061250.0,-29.73532
2196061406.25,-29.73522
2196061562.5,-29.73671
2196061718.75,-29.73456
2196061875.0,-29.73261
2196062031.25,-29.73161
2196062187.5,-29.73467
2196062343.75,-29.73407
2196062500.0,-29.72755
2196062656.25,-29.72636
2196062812.5,-29.73031
2196062968.75,-29.73168
2196063125.0,-29.7288
2196063281.25,-29.73093
2196063437.5,-29.72918
2196063593.75,-29.72904
2196063750.0,-29.72443
2196063906.25,-29.72542
2196064062.5,-29.72915
2196064218.75,-29.72097
2196064375.0,-29.72593
2196064531.25,-29.72438
2196064687.5,-29.72246
2196064843.75,-29.72012
2196065000.0,-29.71989
2196065156.25,-29.72473
2196065312.5,-29.72453
2196065468.75,-29.71996
2196065625.0,-29.72065
2196065781.25,-29.71655
2196065937.5,-29.71725
2196066093.75,-29.72056
2196066250.0,-29.71407
2196066406.25,-29.71375
2196066562.5,-29.71408
2196066718.75,-29.7157
2196066875.0,-29.71163
2196067031.25,-29.7125
2196067187.5,-29.71269
2196067343.75,-29.71292
2196067500.0,-29.70501
2196067656.25,-29.71266
2196067812.5,-29.70692
2196067968.75,-29.70993
2196068125.0,-29.70327
2196068281.25,-29.70506
2196068437.5,-29.70666
2196068593.75,-29.70055
2196068750.0,-29.70981
2196068906.25,-29.70543
2196069062.5,-29.69874
2196069218.75,-29.70626
2196069375.0,-29.70296
2196069531.25,-29.70725
2196069687.5,-29.70726
2196069843.75,-29.69911
2196070000.0,-29.70493
2196070156.25,-29.70094
2196070312.5,-29.69998
2196070468.75,-29.70031
2196070625.0,-29.69376
2196070781.25,-29.70034
2196070937.5,-29.69516
2196071093.75,-29.69679
2196071250.0,-29.69221
2196071406.25,-29.69548
2196071562.5,-29.6949
2196071718.75,-29.69209
2196071875.0,-29.69448
2196072031.25,-29.69127
2196072187.5,-29.69586
2196072343.75,-29.69252
2196072500.0,-29.69281
2196072656.25,-29.68856
2196072812.5,-29.68697
2196072968.75,-29.69003
2196073125.0,-29.68816
2196073281.25,-29.68609
2196073437.5,-29.68739
2196073593.75,-29.68445
2196073750.0,-29.68634
2196073906.25,-29.6853
2196074062.5,-29.68776
2196074218.75,-29.6861
2196074375.0,-29.67611
2196074531.25,-29.68204
2196074687.5,-29.68604
2196074843.75,-29.68301
2196075000.0,-29.68212
2196075156.25,-29.68273
2196075312.5,-29.67897
2196075468.75,-29.68518
2196075625.0,-29.67938
2196075781.25,-29.6821
2196075937.5,-29.67531
2196076093.75,-29.68194
2196076250.0,-29.67465
2196076406.25,-29.6746
2196076562.5,-29.6711
2196076718.75,-29.67547
2196076875.0,-29.67559
2196077031.25,-29.67583
2196077187.5,-29.67172
2196077343.75,-29.67016
2196077500.0,-29.66585
2196077656.25,-29.66939
2196077812.5,-29.66662
2196077968.75,-29.66348
2196078125.0,-29.66544
2196078281.25,-29.66692
2196078437.5,-29.66772
2196078593.75,-29.67349
2196078750.0,-29.67095
2196078906.25,-29.66265
2196079062.5,-29.66368
2196079218.75,-29.66189
2196079375.0,-29.66526
2196079531.25,-29.66773
2196079687.5,-29.66587
2196079843.75,-29.65845
2196080000.0,-29.66195
2196080156.25,-29.66411
2196080312.5,-29.66039
2196080468.75,-29.66247
2196080625.0,-29.65782
2196080781.25,-29.6556
2196080937.5,-29.65295
2196081093.75,-29.65664
2196081250.0,-29.65559
2196081406.25,-29.65589
2196081562.5,-29.659
2196081718.75,-29.65726
2196081875.0,-29.65225
2196082031.25,-29.6542
2196082187.5,-29.65311
2196082343.75,-29.64936
2196082500.0,-29.65081
2196082656.25,-29.64899
2196082812.5,-29.64727
2196082968.75,-29.65423
2196083125.0,-29.6459
2196083281.25,-29.65425
2196083437.5,-29.64685
2196083593.75,-29.64893
2196083750.0,-29.64387
2196083906.25,-29.64679
2196084062.5,-29.64202
2196084218.75,-29.64882
2196084375.0,-29.64891
2196084531.25,-29.64398
2196084687.5,-29.64002
2196084843.75,-29.64167
2196085000.0,-29.64557
2196085156.25,-29.64494
2196085312.5,-29.63777
2196085468.75,-29.63977
2196085625.0,-29.63529
2196085781.25,-29.63312
2196085937.5,-29.63832
2196086093.75,-29.63752
2196086250.0,-29.63942
2196086406.25,-29.63588
2196086562.5,-29.63208
2196086718.75,-29.63235
2196086875.0,-29.63408
2196087031.25,-29.63536
2196087187.5,-29.63221
2196087343.75,-29.63311
2196087500.0,-29.63028
2196087656.25,-29.63009
2196087812.5,-29.62446
2196087968.75,-29.63028
2196088125.0,-29.62803
2196088281.25,-29.62771
2196088437.5,-29.62511
2196088593.75,-29.62349
2196088750.0,-29.62807
2196088906.25,-29.62112
2196089062.5,-29.62446
2196089218.75,-29.62506
2196089375.0,-29.62114
2196089531.25,-29.62141
2196089687.5,-29.62437
2196089843.75,-29.6187
2196090000.0,-29.62201
2196090156.25,-29.61754
2196090312.5,-29.61974
2196090468.75,-29.6181
2196090625.0,-29.61533
2196090781.25,-29.61785
2196090937.5,-29.61809
2196091093.75,-29.61969
2196091250.0,-29.6142
2196091406.25,-29.61436
2196091562.5,-29.61188
2196091718.75,-29.61321
2196091875.0,-29.61451
2196092031.25,-29.60798
2196092187.5,-29.61494
2196092343.75,-29.60997
2196092500.0,-29.61407
2196092656.25,-29.60772
2196092812.5,-29.60826
2196092968.75,-29.61048
2196093125.0,-29.61004
2196093281.25,-29.6035
2196093437.5,-29.60665
2196093593.75,-29.60591
2196093750.0,-29.61096
2196093906.25,-29.60331
2196094062.5,-29.60311
2196094218.75,-29.60313
2196094375.0,-29.60152
2196094531.25,-29.59779
2196094687.5,-29.60157
2196094843.75,-29.60526
2196095000.0,-29.60317
2196095156.25,-29.59859
2196095312.5,-29.60302
2196095468.75,-29.60267
2196095625.0,-29.5996
2196095781.25,-29.60311
2196095937.5,-29.59573
2196096093.75,-29.60137
2196096250.0,-29.59884
2196096406.25,-29.59552
2196096562.5,-29.59424
2196096718.75,-29.5948
2196096875.0,-29.59085
2196097031.25,-29.59431
2196097187.5,-29.58967
2196097343.75,-29.59078
2196097500.0,-29.59261
2196097656.25,-29.59183
2196097812.5,-29.58749
2196097968.75,-29.58513
2196098125.0,-29.58641
2196098281.25,-29.58829
2196098437.5,-29.58964
2196098593.75,-29.58157
2196098750.0,-29.58405
2196098906.25,-29.58755
2196099062.5,-29.58578
2196099218.75,-29.58204
2196099375.0,-29.58827
2196099531.25,-29.58071
2196099687.5,-29.57906
2196099843.75,-29.57915
2196100000.0,-29.57885
2196100156.25,-29.581
2196100312.5,-29.57527
2196100468.75,-29.57339
2196100625.0,-29.57775
2196100781.25,-29.58233
2196100937.5,-29.57875
2196101093.75,-29.57966
2196101250.0,-29.57984
2196101406.25,-29.57629
2196101562.5,-29.57609
2196101718.75,-29.56994
2196101875.0,-29.57796
2196102031.25,-29.5734
2196102187.5,-29.57432
2196102343.75,-29.5685
2196102500.0,-29.56435
2196102656.25,-29.57155
2196102812.5,-29.57312
2196102968.75,-29.56869
2196103125.0,-29.56397
2196103281.25,-29.56316
2196103437.5,-29.56206
2196103593.75,-29.56308
2196103750.0,-29.56417
2196103906.25,-29.56593
2196104062.5,-29.56618
2196104218.75,-29.56356
2196104375.0,-29.56885
2196104531.25,-29.56174
2196104687.5,-29.56412
2196104843.75,-29.55653
2196105000.0,-29.56039
2196105156.25,-29.56136
2196105312.5,-29.55993
2196105468.75,-29.55848
2196105625.0,-29.5576
2196105781.25,-29.55472
2196105937.5,-29.55554
2196106093.75,-29.55613
2196106250.0,-29.55565
2196106406.25,-29.55704
2196106562.5,-29.55527
2196106718.75,-29.55453
2196106875.0,-29.55586
2196107031.25,-29.55444
2196107187.5,-29.55309
2196107343.75,-29.55068
2196107500.0,-29.54923
2196107656.25,-29.54584
2196107812.5,-29.54882
2196107968.75,-29.54653
2196108125.0,-29.54809
2196108281.25,-29.54066
2196108437.5,-29.54688
2196108593.75,-29.54429
2196108750.0,-29.54004
2196108906.25,-29.54382
2196109062.5,-29.54462
2196109218.75,-29.54111
2196109375.0,-29.54368
2196109531.25,-29.54431
2196109687.5,-29.53757
2196109843.75,-29.53776
2196110000.0,-29.53627
2196110156.25,-29.5382
2196110312.5,-29.53657
2196110468.75,-29.53815
2196110625.0,-29.53115
2196110781.25,-29.5349
2196110937.5,-29.53634
2196111093.75,-29.53163
2196111250.0,-29.53308
2196111406.25,-29.5327
2196111562.5,-29.53443
2196111718.75,-29.53406
2196111875.0,-29.53213
2196112031.25,-29.53411
2196112187.5,-29.53057
2196112343.75,-29.52768
2196112500.0,-29.53301
2196112656.25,-29.53229
2196112812.5,-29.52691
2196112968.75,-29.52771
2196113125.0,-29.52908
2196113281.25,-29.5241
2196113437.5,-29.5279
2196113593.75,-29.52021
2196113750.0,-29.52145
2196113906.25,-29.52377
2196114062.5,-29.52054
2196114218.75,-29.52304
2196114375.0,-29.52259
2196114531.25,-29.51865
2196114687.5,-29.51701
2196114843.75,-29.51659
2196115000.0,-29.51913
2196115156.25,-29.51867
2196115312.5,-29.52027
2196115468.75,-29.51727
2196115625.0,-29.51861
2196115781.25,-29.51658
2196115937.5,-29.51286
2196116093.75,-29.51319
2196116250.0,-29.51356
2196116406.25,-29.51402
2196116562.5,-29.51678
2196116718.75,-29.50932
2196116875.0,-29.50974
2196117031.25,-29.51376
2196117187.5,-29.50845
2196117343.75,-29.5118
2196117500.0,-29.50927
2196117656.25,-29.50638
2196117812.5,-29.51093
2196117968.75,-29.50786
2196118125.0,-29.50208
2196118281.25,-29.51022
2196118437.5,-29.49907
2196118593.75,-29.50139
2196118750.0,-29.50058
2196118906.25,-29.5065
2196119062.5,-29.50174
2196119218.75,-29.50199
2196119375.0,-29.5011
2196119531.25,-29.49826
2196119687.5,-29.49512
2196119843.75,-29.49389
2196120000.0,-29.4964
2196120156.25,-29.50043
2196120312.5,-29.4973
2196120468.75,-29.49776
2196120625.0,-29.50052
2196120781.25,-29.49926
2196120937.5,-29.49261
2196121093.75,-29.49132
2196121250.0,-29.49265
2196121406.25,-29.49042
2196121562.5,-29.49156
2196121718.75,-29.49035
2196121875.0,-29.49249
2196122031.25,-29.48825
2196122187.5,-29.48713
2196122343.75,-29.48788
2196122500.0,-29.48818
2196122656.25,-29.48461
2196122812.5,-29.49532
2196122968.75,-29.48822
2196123125.0,-29.48433
2196123281.25,-29.48527
2196123437.5,-29.48669
2196123593.75,-29.48507
2196123750.0,-29.48436
2196123906.25,-29.48346
2196124062.5,-29.48295
2196124218.75,-29.47845
2196124375.0,-29.4803
2196124531.25,-29.48238
2196124687.5,-29.47741
2196124843.75,-29.4712
2196125000.0,-29.47568
2196125156.25,-29.47491
2196125312.5,-29.47331
2196125468.75,-29.47368
2196125625.0,-29.47363
2196125781.25,-29.47068
2196125937.5,-29.47715
2196126093.75,-29.47286
2196126250.0,-29.47215
2196126406.25,-29.47242
2196126562.5,-29.46801
2196126718.75,-29.46917
2196126875.0,-29.4697
2196127031.25,-29.46923
2196127187.5,-29.47168
2196127343.75,-29.47105
2196127500.0,-29.46616
2196127656.25,-29.47119
2196127812.5,-29.46508
2196127968.75,-29.46417
2196128125.0,-29.46375
2196128281.25,-29.46598
2196128437.5,-29.46168
2196128593.75,-29.46631
2196128750.0,-29.4574
2196128906.25,-29.46224
2196129062.5,-29.45922
2196129218.75,-29.46345
2196129375.0,-29.46023
2196129531.25,-29.46322
2196129687.5,-29.4563
2196129843.75,-29.4593
2196130000.0,-29.45121
2196130156.25,-29.45103
2196130312.5,-29.45345
2196130468.75,-29.4545
2196130625.0,-29.45285
2196130781.25,-29.457
2196130937.5,-29.44753
2196131093.75,-29.45425
2196131250.0,-29.45033
2196131406.25,-29.45257
2196131562.5,-29.45031
2196131718.75,-29.45086
2196131875.0,-29.44413
2196132031.25,-29.45271
2196132187.5,-29.44866
2196132343.75,-29.44434
2196132500.0,-29.44593
2196132656.25,-29.45156
2196132812.5,-29.44447
2196132968.75,-29.44669
2196133125.0,-29.44493
2196133281.25,-29.44722
2196133437.5,-29.44585
2196133593.75,-29.44151
2196133750.0,-29.44176
2196133906.25,-29.44319
2196134062.5,-29.43749
2196134218.75,-29.44121
2196134375.0,-29.4435
2196134531.25,-29.43353
2196134687.5,-29.43728
2196134843.75,-29.43444
2196135000.0,-29.43631
2196135156.25,-29.43071
2196135312.5,-29.43143
2196135468.75,-29.43349
2196135625.0,-29.43417
2196135781.25,-29.43268
2196135937.5,-29.43223
2196136093.75,-29.42829
2196136250.0,-29.43235
2196136406.25,-29.43473
2196136562.5,-29.42866
2196136718.75,-29.42873
2196136875.0,-29.4281
2196137031.25,-29.4276
2196137187.5,-29.42663
2196137343.75,-29.42904
2196137500.0,-29.42343
2196137656.25,-29.42679
2196137812.5,-29.42521
2196137968.75,-29.42641
2196138125.0,-29.42473
2196138281.25,-29.42322
2196138437.5,-29.42125
2196138593.75,-29.42481
2196138750.0,-29.41959
2196138906.25,-29.4189
2196139062.5,-29.41906
2196139218.75,-29.42123
2196139375.0,-29.41912
2196139531.25,-29.41808
2196139687.5,-29.41931
2196139843.75,-29.41544
2196140000.0,-29.41663
2196140156.25,-29.41605
2196140312.5,-29.41732
2196140468.75,-29.41115
2196140625.0,-29.41395
2196140781.25,-29.41621
2196140937.5,-29.40994
2196141093.75,-29.40789
2196141250.0,-29.41051
2196141406.25,-29.41272
2196141562.5,-29.4074
2196141718.75,-29.40748
2196141875.0,-29.411
2196142031.25,-29.41311
2196142187.5,-29.40513
2196142343.75,-29.40718
2196142500.0,-29.40137
2196142656.25,-29.40262
2196142812.5,-29.40352
2196142968.75,-29.40375
2196143125.0,-29.40515
2196143281.25,-29.39794
2196143437.5,-29.39887
2196143593.75,-29.39752
2196143750.0,-29.40403
2196143906.25,-29.39925
2196144062.5,-29.39641
2196144218.75,-29.40015
2196144375.0,-29.3971
2196144531.25,-29.39488
2196144687.5,-29.39403
2196144843.75,-29.39377
2196145000.0,-29.39432
2196145156.25,-29.39695
2196145312.5,-29.38807
2196145468.75,-29.39346
2196145625.0,-29.39391
2196145781.25,-29.38879
2196145937.5,-29.38879
2196146093.75,-29.38634
2196146250.0,-29.39308
2196146406.25,-29.38916
2196146562.5,-29.38696
2196146718.75,-29.38787
2196146875.0,-29.38425
2196147031.25,-29.38788
2196147187.5,-29.38708
2196147343.75,-29.38152
2196147500.0,-29.38226
2196147656.25,-29.37956
2196147812.5,-29.38063
2196147968.75,-29.37946
2196148125.0,-29.38562
2196148281.25,-29.38365
2196148437.5,-29.37771
2196148593.75,-29.38404
2196148750.0,-29.38068
2196148906.25,-29.37918
2196149062.5,-29.38248
2196149218.75,-29.38371
2196149375.0,-29.37311
2196149531.25,-29.37516
2196149687.5,-29.37415
2196149843.75,-29.37449
2196150000.0,-29.37519
2196150156.25,-29.37334
2196150312.5,-29.37712
2196150468.75,-29.37339
2196150625.0,-29.37297
2196150781.25,-29.37487
2196150937.5,-29.36041
2196151093.75,-29.37034
2196151250.0,-29.36815
2196151406.25,-29.3714
2196151562.5,-29.36651
2196151718.75,-29.36574
2196151875.0,-29.36974
2196152031.25,-29.36686
2196152187.5,-29.36895
2196152343.75,-29.3644
2196152500.0,-29.36466
2196152656.25,-29.36198
2196152812.5,-29.36389
2196152968.75,-29.36192
2196153125.0,-29.35852
2196153281.25,-29.3601
2196153437.5,-29.36101
2196153593.75,-29.3543
2196153750.0,-29.35968
2196153906.25,-29.35993
2196154062.5,-29.35511
2196154218.75,-29.35575
2196154375.0,-29.35637
2196154531.25,-29.35938
2196154687.5,-29.35778
2196154843.75,-29.35555
2196155000.0,-29.35366
2196155156.25,-29.34995
2196155312.5,-29.34778
2196155468.75,-29.35131
2196155625.0,-29.35316
2196155781.25,-29.34802
2196155937.5,-29.35139
2196156093.75,-29.34924
2196156250.0,-29.35251
2196156406.25,-29.34983
2196156562.5,-29.34798
2196156718.75,-29.34472
2196156875.0,-29.34407
2196157031.25,-29.3403
2196157187.5,-29.34148
2196157343.75,-29.34615
2196157500.0,-29.34488
2196157656.25,-29.34595
2196157812.5,-29.34124
2196157968.75,-29.33974
2196158125.0,-29.34057
2196158281.25,-29.33399
2196158437.5,-29.34279
2196158593.75,-29.34012
2196158750.0,-29.33438
2196158906.25,-29.33986
2196159062.5,-29.33546
2196159218.75,-29.33455
2196159375.0,-29.33196
2196159531.25,-29.33403
2196159687.5,-29.33498
2196159843.75,-29.33553
2196160000.0,-29.32887
2196160156.25,-29.33594
2196160312.5,-29.32964
2196160468.75,-29.33102
2196160625.0,-29.3301
2196160781.25,-29.33039
2196160937.5,-29.32879
2196161093.75,-29.32631
2196161250.0,-29.32296
2196161406.25,-29.3334
2196161562.5,-29.32663
2196161718.75,-29.32476
2196161875.0,-29.32351
2196162031.25,-29.32177
2196162187.5,-29.32685
2196162343.75,-29.32477
2196162500.0,-29.32265
2196162656.25,-29.31712
2196162812.5,-29.32293
2196162968.75,-29.32215
2196163125.0,-29.32139
2196163281.25,-29.31807
2196163437.5,-29.32278
2196163593.75,-29.31438
2196163750.0,-29.31514
2196163906.25,-29.31633
2196164062.5,-29.31315
2196164218.75,-29.31765
2196164375.0,-29.31535
2196164531.25,-29.31124
2196164687.5,-29.31428
2196164843.75,-29.31041
2196165000.0,-29.31742
2196165156.25,-29.31086
2196165312.5,-29.3149
2196165468.75,-29.30734
2196165625.0,-29.30938
2196165781.25,-29.30747
2196165937.5,-29.30516
2196166093.75,-29.30574
2196166250.0,-29.30705
2196166406.25,-29.30603
2196166562.5,-29.30631
2196166718.75,-29.3035
2196166875.0,-29.30099
2196167031.25,-29.30466
2196167187.5,-29.30617
2196167343.75,-29.29929
2196167500.0,-29.30004
2196167656.25,-29.30082
2196167812.5,-29.2969
2196167968.75,-29.29966
2196168125.0,-29.29556
2196168281.25,-29.29851
2196168437.5,-29.29686
2196168593.75,-29.29443
2196168750.0,-29.29958
2196168906.25,-29.29786
2196169062.5,-29.29482
2196169218.75,-29.29643
2196169375.0,-29.29293
2196169531.25,-29.29107
2196169687.5,-29.29393
2196169843.75,-29.28902
2196170000.0,-29.29477
2196170156.25,-29.28863
2196170312.5,-29.28658
2196170468.75,-29.29034
2196170625.0,-29.28616
2196170781.25,-29.28806
2196170937.5,-29.28458
2196171093.75,-29.28569
2196171250.0,-29.28666
2196171406.25,-29.28463
2196171562.5,-29.28263
2196171718.75,-29.28127
2196171875.0,-29.2806
2196172031.25,-29.27869
2196172187.5,-29.27932
2196172343.75,-29.28078
2196172500.0,-29.28096
2196172656.25,-29.28062
2196172812.5,-29.27977
2196172968.75,-29.27878
2196173125.0,-29.28058
2196173281.25,-29.27287
2196173437.5,-29.27234
2196173593.75,-29.27523
2196173750.0,-29.27306
2196173906.25,-29.27107
2196174062.5,-29.26984
2196174218.75,-29.27543
2196174375.0,-29.2702
2196174531.25,-29.26968
2196174687.5,-29.27472
2196174843.75,-29.26905
2196175000.0,-29.2717
2196175156.25,-29.2665
2196175312.5,-29.267
2196175468.75,-29.2644
2196175625.0,-29.26964
2196175781.25,-29.26626
2196175937.5,-29.26507
2196176093.75,-29.26571
2196176250.0,-29.26591
2196176406.25,-29.26399
2196176562.5,-29.25889
2196176718.75,-29.2624
2196176875.0,-29.26077
2196177031.25,-29.2607
2196177187.5,-29.25834
2196177343.75,-29.25891
2196177500.0,-29.26142
2196177656.25,-29.25784
2196177812.5,-29.25638
2196177968.75,-29.25904
2196178125.0,-29.25312
2196178281.25,-29.2568
2196178437.5,-29.25692
2196178593.75,-29.25319
2196178750.0,-29.25235
2196178906.25,-29.25413
2196179062.5,-29.25478
2196179218.75,-29.25488
2196179375.0,-29.25276
2196179531.25,-29.2528
2196179687.5,-29.25012
2196179843.75,-29.24899
2196180000.0,-29.24724
2196180156.25,-29.24536
2196180312.5,-29.2517
2196180468.75,-29.24457
2196180625.0,-29.24394
2196180781.25,-29.24439
2196180937.5,-29.24539
2196181093.75,-29.23936
2196181250.0,-29.2428
2196181406.25,-29.24281
2196181562.5,-29.24158
2196181718.75,-29.24289
2196181875.0,-29.24106
2196182031.25,-29.238
2196182187.5,-29.2401
2196182343.75,-29.23976
2196182500.0,-29.23689
2196182656.25,-29.23731
2196182812.5,-29.23397
2196182968.75,-29.23495
2196183125.0,-29.24057
2196183281.25,-29.23446
2196183437.5,-29.23166
2196183593.75,-29.23181
2196183750.0,-29.22957
2196183906.25,-29.23729
2196184062.5,-29.23469
2196184218.75,-29.23077
2196184375.0,-29.23287
2196184531.25,-29.23115
2196184687.5,-29.22759
2196184843.75,-29.22814
2196185000.0,-29.227
2196185156.25,-29.2249
2196185312.5,-29.22406
2196185468.75,-29.22708
2196185625.0,-29.22085
2196185781.25,-29.22543
2196185937.5,-29.22334
2196186093.75,-29.2237
2196186250.0,-29.21858
2196186406.25,-29.22544
2196186562.5,-29.21843
2196186718.75,-29.21667
2196186875.0,-29.21755
2196187031.25,-29.21612
2196187187.5,-29.22048
2196187343.75,-29.21982
2196187500.0,-29.21797
2196187656.25,-29.21604
2196187812.5,-29.21584
2196187968.75,-29.21646
2196188125.0,-29.20909
2196188281.25,-29.21106
2196188437.5,-29.21746
2196188593.75,-29.20884
2196188750.0,-29.2116
2196188906.25,-29.20917
2196189062.5,-29.20913
2196189218.75,-29.20739
2196189375.0,-29.20715
2196189531.25,-29.21012
2196189687.5,-29.20881
2196189843.75,-29.2062
2196190000.0,-29.20797
2196190156.25,-29.20507
2196190312.5,-29.20515
2196190468.75,-29.19911
2196190625.0,-29.20167
2196190781.25,-29.20048
2196190937.5,-29.20082
2196191093.75,-29.20048
2196191250.0,-29.19969
2196191406.25,-29.197
2196191562.5,-29.19608
2196191718.75,-29.20109
2196191875.0,-29.1963
2196192031.25,-29.19961
2196192187.5,-29.19662
2196192343.75,-29.1923
2196192500.0,-29.19073
2196192656.25,-29.1948
2196192812.5,-29.19209
2196192968.75,-29.19255
2196193125.0,-29.19833
2196193281.25,-29.19246
2196193437.5,-29.18896
2196193593.75,-29.19436
2196193750.0,-29.18506
2196193906.25,-29.19122
2196194062.5,-29.17701
2196194218.75,-29.18512
2196194375.0,-29.18955
2196194531.25,-29.18863
2196194687.5,-29.18376
2196194843.75,-29.1869
2196195000.0,-29.18484
2196195156.25,-29.17964
2196195312.5,-29.18569
2196195468.75,-29.17902
2196195625.0,-29.17561
2196195781.25,-29.18097
2196195937.5,-29.18504
2196196093.75,-29.17802
2196196250.0,-29.18157
2196196406.25,-29.18175
2196196562.5,-29.18073
2196196718.75,-29.176
2196196875.0,-29.17496
2196197031.25,-29.17768
2196197187.5,-29.17441
2196197343.75,-29.17044
2196197500.0,-29.1739
2196197656.25,-29.17264
2196197812.5,-29.17215
2196197968.75,-29.17109
2196198125.0,-29.17318
2196198281.25,-29.17039
2196198437.5,-29.17547
2196198593.75,-29.16974
2196198750.0,-29.1641
2196198906.25,-29.16774
2196199062.5,-29.17
2196199218.75,-29.16636
2196199375.0,-29.16887
2196199531.25,-29.16083
2196199687.5,-29.16079
2196199843.75,-29.16666
2196200000.0,-29.15696
2196200156.25,-29.16202
2196200312.5,-29.16154
2196200468.75,-29.16252
2196200625.0,-29.16237
2196200781.25,-29.15945
2196200937.5,-29.1607
2196201093.75,-29.15852
2196201250.0,-29.1596
2196201406.25,-29.15752
2196201562.5,-29.1596
2196201718.75,-29.1548
2196201875.0,-29.15713
2196202031.25,-29.1619
2196202187.5,-29.15183
2196202343.75,-29.14839
2196202500.0,-29.15444
2196202656.25,-29.15447
2196202812.5,-29.15022
2196202968.75,-29.15346
2196203125.0,-29.14703
2196203281.25,-29.14795
2196203437.5,-29.14799
2196203593.75,-29.1475
2196203750.0,-29.14466
2196203906.25,-29.14626
2196204062.5,-29.14997
2196204218.75,-29.14128
2196204375.0,-29.1444
2196204531.25,-29.14168
2196204687.5,-29.14049
2196204843.75,-29.14055
2196205000.0,-29.14228
2196205156.25,-29.14165
2196205312.5,-29.14448
2196205468.75,-29.14463
2196205625.0,-29.14078
2196205781.25,-29.13784
2196205937.5,-29.13528
2196206093.75,-29.1347
2196206250.0,-29.13466
2196206406.25,-29.13278
2196206562.5,-29.13469
2196206718.75,-29.1312
2196206875.0,-29.12735
2196207031.25,-29.13261
2196207187.5,-29.13055
2196207343.75,-29.13148
2196207500.0,-29.13177
2196207656.25,-29.12696
2196207812.5,-29.12721
2196207968.75,-29.13232
2196208125.0,-29.12564
2196208281.25,-29.12743
2196208437.5,-29.12802
2196208593.75,-29.12578
2196208750.0,-29.12991
2196208906.25,-29.12321
2196209062.5,-29.12893
2196209218.75,-29.12281
2196209375.0,-29.12467
2196209531.25,-29.12508
2196209687.5,-29.12045
2196209843.75,-29.12374
2196210000.0,-29.11961
2196210156.25,-29.12093
2196210312.5,-29.11744
2196210468.75,-29.12274
2196210625.0,-29.11695
2196210781.25,-29.11972
2196210937.5,-29.1164
2196211093.75,-29.11744
2196211250.0,-29.11608
2196211406.25,-29.11506
2196211562.5,-29.1121
2196211718.75,-29.11423
2196211875.0,-29.11634
2196212031.25,-29.11049
2196212187.5,-29.11084
2196212343.75,-29.10698
2196212500.0,-29.11184
2196212656.25,-29.10432
2196212812.5,-29.10782
2196212968.75,-29.10764
2196213125.0,-29.10779
2196213281.25,-29.10378
2196213437.5,-29.10149
2196213593.75,-29.10637
2196213750.0,-29.10049
2196213906.25,-29.09829
2196214062.5,-29.10959
2196214218.75,-29.10206
2196214375.0,-29.10496
2196214531.25,-29.09912
2196214687.5,-29.10023
2196214843.75,-29.09469
2196215000.0,-29.09255
2196215156.25,-29.09627
2196215312.5,-29.09846
2196215468.75,-29.09435
2196215625.0,-29.09496
2196215781.25,-29.08876
2196215937.5,-29.09303
2196216093.75,-29.09309
2196216250.0,-29.09123
2196216406.25,-29.08981
2196216562.5,-29.09045
2196216718.75,-29.09279
2196216875.0,-29.0851
2196217031.25,-29.08973
2196217187.5,-29.09021
2196217343.75,-29.08893
2196217500.0,-29.086
2196217656.25,-29.08581
2196217812.5,-29.08522
2196217968.75,-29.08728
2196218125.0,-29.08524
2196218281.25,-29.08491
2196218437.5,-29.08485
2196218593.75,-29.08026
2196218750.0,-29.08089
2196218906.25,-29.08057
2196219062.5,-29.08159
2196219218.75,-29.07746
2196219375.0,-29.07849
2196219531.25,-29.07908
2196219687.5,-29.07775
2196219843.75,-29.08202
2196220000.0,-29.07997
2196220156.25,-29.07961
2196220312.5,-29.07713
2196220468.75,-29.0742
2196220625.0,-29.07187
2196220781.25,-29.07072
2196220937.5,-29.06877
2196221093.75,-29.07366
2196221250.0,-29.06929
2196221406.25,-29.06893
2196221562.5,-29.07083
2196221718.75,-29.06712
2196221875.0,-29.07186
2196222031.25,-29.07049
2196222187.5,-29.0699
2196222343.75,-29.06492
2196222500.0,-29.06117
2196222656.25,-29.06099
2196222812.5,-29.06734
2196222968.75,-29.06512
2196223125.0,-29.06429
2196223281.25,-29.05925
2196223437.5,-29.06357
2196223593.75,-29.06402
2196223750.0,-29.05986
2196223906.25,-29.05656
2196224062.5,-29.0583
2196224218.75,-29.06011
2196224375.0,-29.06072
2196224531.25,-29.05684
2196224687.5,-29.05471
2196224843.75,-29.0562
2196225000.0,-29.05555
2196225156.25,-29.05388
2196225312.5,-29.05458
2196225468.75,-29.05806
2196225625.0,-29.05402
2196225781.25,-29.04873
2196225937.5,-29.05161
2196226093.75,-29.05095
2196226250.0,-29.05186
2196226406.25,-29.04831
2196226562.5,-29.05049
2196226718.75,-29.05198
2196226875.0,-29.04618
2196227031.25,-29.04362
2196227187.5,-29.04508
2196227343.75,-29.04589
2196227500.0,-29.04414
2196227656.25,-29.04468
2196227812.5,-29.04462
2196227968.75,-29.04037
2196228125.0,-29.03961
2196228281.25,-29.03865
2196228437.5,-29.04428
2196228593.75,-29.04045
2196228750.0,-29.03453
2196228906.25,-29.0412
2196229062.5,-29.04161
2196229218.75,-29.03561
2196229375.0,-29.03523
2196229531.25,-29.04157
2196229687.5,-29.03606
2196229843.75,-29.02927
2196230000.0,-29.03369
2196230156.25,-29.03326
2196230312.5,-29.03366
2196230468.75,-29.03434
2196230625.0,-29.02168
2196230781.25,-29.02974
2196230937.5,-29.02537
2196231093.75,-29.02916
2196231250.0,-29.02372
2196231406.25,-29.02512
2196231562.5,-29.02891
2196231718.75,-29.02715
2196231875.0,-29.02708
2196232031.25,-29.02776
2196232187.5,-29.02133
2196232343.75,-29.02039
2196232500.0,-29.02465
2196232656.25,-29.02301
2196232812.5,-29.02025
2196232968.75,-29.0212
2196233125.0,-29.01965
2196233281.25,-29.01953
2196233437.5,-29.01885
2196233593.75,-29.01828
2196233750.0,-29.01541
2196233906.25,-29.01788
2196234062.5,-29.01592
2196234218.75,-29.02017
2196234375.0,-29.01172
2196234531.25,-29.01471
2196234687.5,-29.01494
2196234843.75,-29.01318
2196235000.0,-29.00981
2196235156.25,-29.01175
2196235312.5,-29.00858
2196235468.75,-29.00484
2196235625.0,-29.00805
2196235781.25,-29.00994
2196235937.5,-29.00941
2196236093.75,-29.00878
2196236250.0,-29.00732
2196236406.25,-29.0045
2196236562.5,-29.00229
2196236718.75,-29.00616
2196236875.0,-29.00194
2196237031.25,-29.00422
2196237187.5,-29.00536
2196237343.75,-28.99967
2196237500.0,-29.00285
2196237656.25,-28.99852
2196237812.5,-29.00087
2196237968.75,-29.00121
2196238125.0,-28.99225
2196238281.25,-28.99843
2196238437.5,-28.99883
2196238593.75,-28.99134
2196238750.0,-28.99356
2196238906.25,-28.99163
2196239062.5,-28.99487
2196239218.75,-28.99527
2196239375.0,-28.98958
2196239531.25,-28.99638
2196239687.5,-28.99309
2196239843.75,-28.99137
2196240000.0,-28.99102
2196240156.25,-28.98568
2196240312.5,-28.98881
2196240468.75,-28.98904
2196240625.0,-28.98806
2196240781.25,-28.98782
2196240937.5,-28.98283
2196241093.75,-28.98437
2196241250.0,-28.98568
2196241406.25,-28.98106
2196241562.5,-28.98246
2196241718.75,-28.98428
2196241875.0,-28.97845
2196242031.25,-28.98153
2196242187.5,-28.97925
2196242343.75,-28.97874
2196242500.0,-28.97607
2196242656.25,-28.97728
2196242812.5,-28.97998
2196242968.75,-28.97633
2196243125.0,-28.97641
2196243281.25,-28.97654
2196243437.5,-28.97571
2196243593.75,-28.97731
2196243750.0,-28.97419
2196243906.25,-28.97117
2196244062.5,-28.97626
2196244218.75,-28.97064
2196244375.0,-28.96922
2196244531.25,-28.96953
2196244687.5,-28.96396
2196244843.75,-28.97117
2196245000.0,-28.97035
2196245156.25,-28.9702
2196245312.5,-28.96676
2196245468.75,-28.96593
2196245625.0,-28.96417
2196245781.25,-28.96338
2196245937.5,-28.96475
2196246093.75,-28.97024
2196246250.0,-28.9684
2196246406.25,-28.96227
2196246562.5,-28.9602
2196246718.75,-28.96167
2196246875.0,-28.95832
2196247031.25,-28.95538
2196247187.5,-28.95956
2196247343.75,-28.95571
2196247500.0,-28.95968
2196247656.25,-28.956
2196247812.5,-28.95419
2196247968.75,-28.95353
2196248125.0,-28.95459
2196248281.25,-28.95329
2196248437.5,-28.95747
2196248593.75,-28.95077
2196248750.0,-28.9533
2196248906.25,-28.94769
2196249062.5,-28.94807
2196249218.75,-28.95174
2196249375.0,-28.94748
2196249531.25,-28.9465
2196249687.5,-28.95019
2196249843.75,-28.94579
2196250000.0,-28.94658
2196250156.25,-28.94339
2196250312.5,-28.95103
2196250468.75,-28.94713
2196250625.0,-28.9422
2196250781.25,-28.94238
2196250937.5,-28.94242
2196251093.75,-28.93871
2196251250.0,-28.94038
2196251406.25,-28.93984
2196251562.5,-28.93909
2196251718.75,-28.93638
2196251875.0,-28.93906
2196252031.25,-28.94003
2196252187.5,-28.93709
2196252343.75,-28.93427
2196252500.0,-28.93711
2196252656.25,-28.93334
2196252812.5,-28.93501
2196252968.75,-28.9317
2196253125.0,-28.93114
2196253281.25,-28.93462
2196253437.5,-28.93255
2196253593.75,-28.93325
2196253750.0,-28.92622
2196253906.25,-28.9285
2196254062.5,-28.93274
2196254218.75,-28.92577
2196254375.0,-28.92491
2196254531.25,-28.92453
2196254687.5,-28.92751
2196254843.75,-28.9296
2196255000.0,-28.92425
2196255156.25,-28.92351
2196255312.5,-28.91963
2196255468.75,-28.92527
2196255625.0,-28.92648
2196255781.25,-28.92584
2196255937.5,-28.924
2196256093.75,-28.91893
2196256250.0,-28.91963
2196256406.25,-28.91886
2196256562.5,-28.91683
2196256718.75,-28.91463
2196256875.0,-28.91527
2196257031.25,-28.91488
2196257187.5,-28.91422
2196257343.75,-28.91406
2196257500.0,-28.9153
2196257656.25,-28.91053
2196257812.5,-28.91431
2196257968.75,-28.91532
2196258125.0,-28.91319
2196258281.25,-28.90706
2196258437.5,-28.90989
2196258593.75,-28.90675
2196258750.0,-28.90804
2196258906.25,-28.90512
2196259062.5,-28.90792
2196259218.75,-28.90412
2196259375.0,-28.90304
2196259531.25,-28.90293
2196259687.5,-28.90204
2196259843.75,-28.9018
2196260000.0,-28.8978
2196260156.25,-28.90035
2196260312.5,-28.90003
2196260468.75,-28.90137
2196260625.0,-28.89715
2196260781.25,-28.9
2196260937.5,-28.89793
2196261093.75,-28.8999
2196261250.0,-28.89359
2196261406.25,-28.89509
2196261562.5,-28.89576
2196261718.75,-28.89635
2196261875.0,-28.89395
2196262031.25,-28.89299
2196262187.5,-28.89328
2196262343.75,-28.89166
2196262500.0,-28.89195
2196262656.25,-28.89561
2196262812.5,-28.89018
2196262968.75,-28.89281
2196263125.0,-28.88997
2196263281.25,-28.88941
2196263437.5,-28.88871
2196263593.75,-28.88326
2196263750.0,-28.88902
2196263906.25,-28.88815
2196264062.5,-28.88328
2196264218.75,-28.88348
2196264375.0,-28.87965
2196264531.25,-28.88131
2196264687.5,-28.88098
2196264843.75,-28.87945
2196265000.0,-28.88228
2196265156.25,-28.8777
2196265312.5,-28.87886
2196265468.75,-28.87845
2196265625.0,-28.87884
2196265781.25,-28.87593
2196265937.5,-28.87382
2196266093.75,-28.8786
2196266250.0,-28.87586
2196266406.25,-28.87658
2196266562.5,-28.87032
2196266718.75,-28.87502
2196266875.0,-28.87011
2196267031.25,-28.87029
2196267187.5,-28.87488
2196267343.75,-28.86841
2196267500.0,-28.86963
2196267656.25,-28.8686
2196267812.5,-28.87276
2196267968.75,-28.86478
2196268125.0,-28.86634
2196268281.25,-28.86563
2196268437.5,-28.86363
2196268593.75,-28.86666
2196268750.0,-28.86042
2196268906.25,-28.86602
2196269062.5,-28.85965
2196269218.75,-28.86176
2196269375.0,-28.86193
2196269531.25,-28.8626
2196269687.5,-28.86071
2196269843.75,-28.86187
2196270000.0,-28.85511
2196270156.25,-28.85853
2196270312.5,-28.85627
2196270468.75,-28.85879
2196270625.0,-28.853
2196270781.25,-28.8556
2196270937.5,-28.85331
2196271093.75,-28.85039
2196271250.0,-28.84959
2196271406.25,-28.85067
2196271562.5,-28.85359
2196271718.75,-28.84957
2196271875.0,-28.85522
2196272031.25,-28.85156
2196272187.5,-28.84534
2196272343.75,-28.8512
2196272500.0,-28.84795
2196272656.25,-28.84523
2196272812.5,-28.84493
2196272968.75,-28.84632
2196273125.0,-28.84257
2196273281.25,-28.84103
2196273437.5,-28.8446
2196273593.75,-28.84472
2196273750.0,-28.84299
2196273906.25,-28.83633
2196274062.5,-28.83986
2196274218.75,-28.83648
2196274375.0,-28.83856
2196274531.25,-28.8425
2196274687.5,-28.83737
2196274843.75,-28.83873
2196275000.0,-28.83596
2196275156.25,-28.83329
2196275312.5,-28.83796
2196275468.75,-28.83242
2196275625.0,-28.83447
2196275781.25,-28.83382
2196275937.5,-28.83435
2196276093.75,-28.83488
2196276250.0,-28.82783
2196276406.25,-28.82774
2196276562.5,-28.83192
2196276718.75,-28.8269
2196276875.0,-28.82502
2196277031.25,-28.82778
2196277187.5,-28.82684
2196277343.75,-28.83
2196277500.0,-28.82057
2196277656.25,-28.82141
2196277812.5,-28.82503
2196277968.75,-28.82182
2196278125.0,-28.82321
2196278281.25,-28.82413
2196278437.5,-28.82299
2196278593.75,-28.82164
2196278750.0,-28.81828
2196278906.25,-28.81836
2196279062.5,-28.81657
2196279218.75,-28.82088
2196279375.0,-28.81371
2196279531.25,-28.81341
2196279687.5,-28.81764
2196279843.75,-28.81661
2196280000.0,-28.81598
2196280156.25,-28.81277
2196280312.5,-28.81288
2196280468.75,-28.81086
2196280625.0,-28.80851
2196280781.25,-28.81031
2196280937.5,-28.80976
2196281093.75,-28.81465
2196281250.0,-28.80995
2196281406.25,-28.80951
2196281562.5,-28.80446
2196281718.75,-28.80568
2196281875.0,-28.81153
2196282031.25,-28.80386
2196282187.5,-28.8045
2196282343.75,-28.80573
2196282500.0,-28.80158
2196282656.25,-28.80146
2196282812.5,-28.8013
2196282968.75,-28.79904
2196283125.0,-28.80028
2196283281.25,-28.80405
2196283437.5,-28.80243
2196283593.75,-28.79825
2196283750.0,-28.7975
2196283906.25,-28.79346
2196284062.5,-28.79309
2196284218.75,-28.79629
2196284375.0,-28.79051
2196284531.25,-28.79241
2196284687.5,-28.79439
2196284843.75,-28.79165
2196285000.0,-28.79513
2196285156.25,-28.79126
2196285312.5,-28.79144
2196285468.75,-28.79168
2196285625.0,-28.78967
2196285781.25,-28.78985
2196285937.5,-28.78799
2196286093.75,-28.78788
2196286250.0,-28.78625
2196286406.25,-28.78583
2196286562.5,-28.78556
2196286718.75,-28.78138
2196286875.0,-28.7842
2196287031.25,-28.78384
2196287187.5,-28.7862
2196287343.75,-28.78242
2196287500.0,-28.78088
2196287656.25,-28.78175
2196287812.5,-28.77672
2196287968.75,-28.77922
2196288125.0,-28.77416
2196288281.25,-28.7744
2196288437.5,-28.77733
2196288593.75,-28.77393
2196288750.0,-28.77324
2196288906.25,-28.78005
2196289062.5,-28.77534
2196289218.75,-28.77596
2196289375.0,-28.77765
2196289531.25,-28.76817
2196289687.5,-28.76984
2196289843.75,-28.77092
2196290000.0,-28.76846
2196290156.25,-28.76808
2196290312.5,-28.76903
2196290468.75,-28.76867
2196290625.0,-28.76516
2196290781.25,-28.7665
2196290937.5,-28.76606
2196291093.75,-28.76816
2196291250.0,-28.76278
2196291406.25,-28.76156
2196291562.5,-28.76386
2196291718.75,-28.76168
2196291875.0,-28.76417
2196292031.25,-28.76323
2196292187.5,-28.75887
2196292343.75,-28.75696
2196292500.0,-28.76251
2196292656.25,-28.7602
2196292812.5,-28.75742
2196292968.75,-28.75674
2196293125.0,-28.75518
2196293281.25,-28.75661
2196293437.5,-28.75485
2196293593.75,-28.75384
2196293750.0,-28.75502
2196293906.25,-28.75448
2196294062.5,-28.7508
2196294218.75,-28.74914
2196294375.0,-28.7508
2196294531.25,-28.74762
2196294687.5,-28.75088
2196294843.75,-28.74901
2196295000.0,-28.74826
2196295156.25,-28.74967
2196295312.5,-28.74518
2196295468.75,-28.74696
2196295625.0,-28.74351
2196295781.25,-28.74413
2196295937.5,-28.73747
2196296093.75,-28.74487
2196296250.0,-28.73729
2196296406.25,-28.74002
2196296562.5,-28.74019
2196296718.75,-28.74267
2196296875.0,-28.73651
2196297031.25,-28.73864
2196297187.5,-28.73567
2196297343.75,-28.73716
2196297500.0,-28.73754
2196297656.25,-28.73338
2196297812.5,-28.73317
2196297968.75,-28.73461
2196298125.0,-28.73247
2196298281.25,-28.73
2196298437.5,-28.73028
2196298593.75,-28.7313
2196298750.0,-28.73175
2196298906.25,-28.72884
2196299062.5,-28.72781
2196299218.75,-28.72817
2196299375.0,-28.72601
2196299531.25,-28.72475
2196299687.5,-28.72999
2196299843.75,-28.72644
2196300000.0,-28.72403
2196300156.25,-28.72472
2196300312.5,-28.72372
2196300468.75,-28.72258
2196300625.0,-28.72005
2196300781.25,-28.72274
2196300937.5,-28.72372
2196301093.75,-28.72231
2196301250.0,-28.71326
2196301406.25,-28.72075
2196301562.5,-28.71553
2196301718.75,-28.71706
2196301875.0,-28.71735
2196302031.25,-28.71896
2196302187.5,-28.71804
2196302343.75,-28.71805
2196302500.0,-28.71219
2196302656.25,-28.71287
2196302812.5,-28.71247
2196302968.75,-28.70874
2196303125.0,-28.71108
2196303281.25,-28.71185
2196303437.5,-28.71194
2196303593.75,-28.70549
2196303750.0,-28.71036
2196303906.25,-28.70694
2196304062.5,-28.70247
2196304218.75,-28.71113
2196304375.0,-28.70572
2196304531.25,-28.70767
2196304687.5,-28.70288
2196304843.75,-28.69919
2196305000.0,-28.70295
2196305156.25,-28.70211
2196305312.5,-28.7003
2196305468.75,-28.70033
2196305625.0,-28.7006
2196305781.25,-28.70607
2196305937.5,-28.69401
2196306093.75,-28.69857
2196306250.0,-28.69255
2196306406.25,-28.69796
2196306562.5,-28.69171
2196306718.75,-28.69695
2196306875.0,-28.69459
2196307031.25,-28.69013
2196307187.5,-28.6895
2196307343.75,-28.69382
2196307500.0,-28.68441
2196307656.25,-28.69032
2196307812.5,-28.68929
2196307968.75,-28.69086
2196308125.0,-28.68563
2196308281.25,-28.69171
2196308437.5,-28.68219
2196308593.75,-28.69041
2196308750.0,-28.68412
2196308906.25,-28.68525
2196309062.5,-28.68408
2196309218.75,-28.68267
2196309375.0,-28.68663
2196309531.25,-28.68225
2196309687.5,-28.68087
2196309843.75,-28.6806
2196310000.0,-28.67986
2196310156.25,-28.67626
2196310312.5,-28.67667
2196310468.75,-28.67371
2196310625.0,-28.67994
2196310781.25,-28.67425
2196310937.5,-28.67703
2196311093.75,-28.67654
2196311250.0,-28.67408
2196311406.25,-28.66923
2196311562.5,-28.67256
2196311718.75,-28.66706
2196311875.0,-28.67643
2196312031.25,-28.66756
2196312187.5,-28.66829
2196312343.75,-28.66954
2196312500.0,-28.6667
2196312656.25,-28.668
2196312812.5,-28.66673
2196312968.75,-28.66627
2196313125.0,-28.66069
2196313281.25,-28.66498
2196313437.5,-28.66076
2196313593.75,-28.65832
2196313750.0,-28.66097
2196313906.25,-28.66341
2196314062.5,-28.66023
2196314218.75,-28.66118
2196314375.0,-28.65613
2196314531.25,-28.65742
2196314687.5,-28.65688
2196314843.75,-28.65538
2196315000.0,-28.65962
2196315156.25,-28.65528
2196315312.5,-28.65642
2196315468.75,-28.65576
2196315625.0,-28.65298
2196315781.25,-28.65634
2196315937.5,-28.65018
2196316093.75,-28.65436
2196316250.0,-28.64804
2196316406.25,-28.65129
2196316562.5,-28.64944
2196316718.75,-28.64995
2196316875.0,-28.64895
2196317031.25,-28.64558
2196317187.5,-28.64934
2196317343.75,-28.64492
2196317500.0,-28.64609
2196317656.25,-28.64451
2196317812.5,-28.64084
2196317968.75,-28.64097
2196318125.0,-28.64154
2196318281.25,-28.63549
2196318437.5,-28.64232
2196318593.75,-28.64395
2196318750.0,-28.6436
2196318906.25,-28.63497
2196319062.5,-28.63733
2196319218.75,-28.63884
2196319375.0,-28.64195
2196319531.25,-28.63304
2196319687.5,-28.63578
2196319843.75,-28.63759
2196320000.0,-28.63319
2196320156.25,-28.63583
2196320312.5,-28.63321
2196320468.75,-28.63327
2196320625.0,-28.62969
2196320781.25,-28.63448
2196320937.5,-28.62944
2196321093.75,-28.63003
2196321250.0,-28.63024
2196321406.25,-28.6269
2196321562.5,-28.62201
2196321718.75,-28.6277
2196321875.0,-28.61838
2196322031.25,-28.62579
2196322187.5,-28.62489
2196322343.75,-28.62203
2196322500.0,-28.61882
2196322656.25,-28.62228
2196322812.5,-28.62284
2196322968.75,-28.61931
2196323125.0,-28.62205
2196323281.25,-28.62105
2196323437.5,-28.62069
2196323593.75,-28.61419
2196323750.0,-28.61572
2196323906.25,-28.60892
2196324062.5,-28.61231
2196324218.75,-28.61564
2196324375.0,-28.61673
2196324531.25,-28.61341
2196324687.5,-28.61278
2196324843.75,-28.61133
2196325000.0,-28.61102
2196325156.25,-28.60324
2196325312.5,-28.61071
2196325468.75,-28.60856
2196325625.0,-28.60763
2196325781.25,-28.60867
2196325937.5,-28.60553
2196326093.75,-28.60515
2196326250.0,-28.60605
2196326406.25,-28.6037
2196326562.5,-28.60434
2196326718.75,-28.59868
2196326875.0,-28.60528
2196327031.25,-28.60083
2196327187.5,-28.60519
2196327343.75,-28.60089
2196327500.0,-28.59768
2196327656.25,-28.60022
2196327812.5,-28.59939
2196327968.75,-28.59463
2196328125.0,-28.59747
2196328281.25,-28.59635
2196328437.5,-28.59962
2196328593.75,-28.5939
2196328750.0,-28.59212
2196328906.25,-28.59301
2196329062.5,-28.5919
2196329218.75,-28.58956
2196329375.0,-28.59035
2196329531.25,-28.58774
2196329687.5,-28.58882
2196329843.75,-28.58769
2196330000.0,-28.58731
2196330156.25,-28.58889
2196330312.5,-28.58537
2196330468.75,-28.58574
2196330625.0,-28.58224
2196330781.25,-28.58302
2196330937.5,-28.58312
2196331093.75,-28.58207
2196331250.0,-28.58274
2196331406.25,-28.58267
2196331562.5,-28.57984
2196331718.75,-28.58063
2196331875.0,-28.57963
2196332031.25,-28.57941
2196332187.5,-28.57625
2196332343.75,-28.57764
2196332500.0,-28.57584
2196332656.25,-28.57543
2196332812.5,-28.5742
2196332968.75,-28.57699
2196333125.0,-28.57568
2196333281.25,-28.57279
2196333437.5,-28.56789
2196333593.75,-28.57137
2196333750.0,-28.57248
2196333906.25,-28.57354
2196334062.5,-28.5643
2196334218.75,-28.57037
2196334375.0,-28.57009
2196334531.25,-28.5685
2196334687.5,-28.56785
2196334843.75,-28.56656
2196335000.0,-28.56525
2196335156.25,-28.56672
2196335312.5,-28.56304
2196335468.75,-28.56397
2196335625.0,-28.55662
2196335781.25,-28.56372
2196335937.5,-28.56662
2196336093.75,-28.55787
2196336250.0,-28.56306
2196336406.25,-28.55556
2196336562.5,-28.5586
2196336718.75,-28.55952
2196336875.0,-28.56005
2196337031.25,-28.55173
2196337187.5,-28.55279
2196337343.75,-28.55359
2196337500.0,-28.55309
2196337656.25,-28.54985
2196337812.5,-28.55089
2196337968.75,-28.54888
2196338125.0,-28.55099
2196338281.25,-28.54888
2196338437.5,-28.54928
2196338593.75,-28.54994
2196338750.0,-28.55227
2196338906.25,-28.54543
2196339062.5,-28.54614
2196339218.75,-28.54868
2196339375.0,-28.54755
2196339531.25,-28.54091
2196339687.5,-28.54717
2196339843.75,-28.54457
2196340000.0,-28.54332
2196340156.25,-28.54278
2196340312.5,-28.53988
2196340468.75,-28.54314
2196340625.0,-28.54166
2196340781.25,-28.53792
2196340937.5,-28.54086
2196341093.75,-28.53278
2196341250.0,-28.536
2196341406.25,-28.53648
2196341562.5,-28.53778
2196341718.75,-28.53061
2196341875.0,-28.53338
2196342031.25,-28.52978
2196342187.5,-28.53126
2196342343.75,-28.53158
2196342500.0,-28.53028
2196342656.25,-28.52775
2196342812.5,-28.53048
2196342968.75,-28.52957
2196343125.0,-28.53161
2196343281.25,-28.52501
2196343437.5,-28.52501
2196343593.75,-28.52556
2196343750.0,-28.52555
2196343906.25,-28.52565
2196344062.5,-28.52268
2196344218.75,-28.52066
2196344375.0,-28.52236
2196344531.25,-28.52207
2196344687.5,-28.52196
2196344843.75,-28.51889
2196345000.0,-28.52073
2196345156.25,-28.5173
2196345312.5,-28.51713
2196345468.75,-28.51905
2196345625.0,-28.52003
2196345781.25,-28.51563
2196345937.5,-28.51349
2196346093.75,-28.51497
2196346250.0,-28.51401
2196346406.25,-28.50953
2196346562.5,-28.51543
2196346718.75,-28.50958
2196346875.0,-28.50863
2196347031.25,-28.50861
2196347187.5,-28.50901
2196347343.75,-28.50796
2196347500.0,-28.50705
2196347656.25,-28.50761
2196347812.5,-28.50694
2196347968.75,-28.50359
2196348125.0,-28.50857
2196348281.25,-28.50684
2196348437.5,-28.50461
2196348593.75,-28.4997
2196348750.0,-28.50392
2196348906.25,-28.49913
2196349062.5,-28.49874
2196349218.75,-28.50052
2196349375.0,-28.49713
2196349531.25,-28.49376
2196349687.5,-28.49721
2196349843.75,-28.4989
2196350000.0,-28.49788
2196350156.25,-28.49371
2196350312.5,-28.49212
2196350468.75,-28.49615
2196350625.0,-28.4972
2196350781.25,-28.49258
2196350937.5,-28.49327
2196351093.75,-28.48976
2196351250.0,-28.49019
2196351406.25,-28.4897
2196351562.5,-28.489
2196351718.75,-28.48281
2196351875.0,-28.4841
2196352031.25,-28.48897
2196352187.5,-28.48878
2196352343.75,-28.48696
2196352500.0,-28.48459
2196352656.25,-28.48577
2196352812.5,-28.48499
2196352968.75,-28.48539
2196353125.0,-28.48153
2196353281.25,-28.48729
2196353437.5,-28.48194
2196353593.75,-28.47854
2196353750.0,-28.47892
2196353906.25,-28.47873
2196354062.5,-28.47927
2196354218.75,-28.47815
2196354375.0,-28.4772
2196354531.25,-28.47771
2196354687.5,-28.47746
2196354843.75,-28.47175
2196355000.0,-28.47159
2196355156.25,-28.47369
2196355312.5,-28.47181
2196355468.75,-28.46843
2196355625.0,-28.467
2196355781.25,-28.47396
2196355937.5,-28.46921
2196356093.75,-28.46844
2196356250.0,-28.46694
2196356406.25,-28.46713
2196356562.5,-28.46844
2196356718.75,-28.47076
2196356875.0,-28.46578
2196357031.25,-28.46375
2196357187.5,-28.46484
2196357343.75,-28.46402
2196357500.0,-28.46005
2196357656.25,-28.45555
2196357812.5,-28.46397
2196357968.75,-28.45889
2196358125.0,-28.45404
2196358281.25,-28.45939
2196358437.5,-28.45645
2196358593.75,-28.45699
2196358750.0,-28.45588
2196358906.25,-28.45734
2196359062.5,-28.45603
2196359218.75,-28.4571
2196359375.0,-28.45657
2196359531.25,-28.45168
2196359687.5,-28.4536
2196359843.75,-28.44984
2196360000.0,-28.45308
2196360156.25,-28.448
2196360312.5,-28.44654
2196360468.75,-28.44339
2196360625.0,-28.44721
2196360781.25,-28.44931
2196360937.5,-28.44396
2196361093.75,-28.44673
2196361250.0,-28.44748
2196361406.25,-28.44184
2196361562.5,-28.44488
2196361718.75,-28.44272
2196361875.0,-28.44004
2196362031.25,-28.44226
2196362187.5,-28.43842
2196362343.75,-28.44011
2196362500.0,-28.43773
2196362656.25,-28.43254
2196362812.5,-28.43627
2196362968.75,-28.43646
2196363125.0,-28.43802
2196363281.25,-28.43912
2196363437.5,-28.43334
2196363593.75,-28.43349
2196363750.0,-28.4327
2196363906.25,-28.43145
2196364062.5,-28.43192
2196364218.75,-28.43305
2196364375.0,-28.43412
2196364531.25,-28.42907
2196364687.5,-28.43017
2196364843.75,-28.4279
2196365000.0,-28.42722
2196365156.25,-28.42709
2196365312.5,-28.42555
2196365468.75,-28.42245
2196365625.0,-28.42797
2196365781.25,-28.42234
2196365937.5,-28.41684
2196366093.75,-28.41685
2196366250.0,-28.42636
2196366406.25,-28.42129
2196366562.5,-28.42132
2196366718.75,-28.41847
2196366875.0,-28.42232
2196367031.25,-28.41876
2196367187.5,-28.41904
2196367343.75,-28.41489
2196367500.0,-28.41556
2196367656.25,-28.41553
2196367812.5,-28.41305
2196367968.75,-28.40863
2196368125.0,-28.41363
2196368281.25,-28.41441
2196368437.5,-28.40877
2196368593.75,-28.41352
2196368750.0,-28.40946
2196368906.25,-28.40797
2196369062.5,-28.40836
2196369218.75,-28.40688
2196369375.0,-28.40514
2196369531.25,-28.40704
2196369687.5,-28.40225
2196369843.75,-28.40471
2196370000.0,-28.3993
2196370156.25,-28.40341
2196370312.5,-28.401
2196370468.75,-28.40316
2196370625.0,-28.40147
2196370781.25,-28.39887
2196370937.5,-28.402
2196371093.75,-28.39777
2196371250.0,-28.39871
2196371406.25,-28.39842
2196371562.5,-28.39457
2196371718.75,-28.39616
2196371875.0,-28.39776
2196372031.25,-28.38931
2196372187.5,-28.39532
2196372343.75,-28.39216
2196372500.0,-28.38959
2196372656.25,-28.38756
2196372812.5,-28.38904
2196372968.75,-28.39303
2196373125.0,-28.39153
2196373281.25,-28.38791
2196373437.5,-28.38688
2196373593.75,-28.38705
2196373750.0,-28.39088
2196373906.25,-28.3851
2196374062.5,-28.38277
2196374218.75,-28.38757
2196374375.0,-28.3849
2196374531.25,-28.38396
2196374687.5,-28.38435
2196374843.75,-28.3794
2196375000.0,-28.3786
2196375156.25,-28.38527
2196375312.5,-28.38178
2196375468.75,-28.38204
2196375625.0,-28.37625
2196375781.25,-28.37584
2196375937.5,-28.37498
2196376093.75,-28.37858
2196376250.0,-28.37003
2196376406.25,-28.3747
2196376562.5,-28.37416
2196376718.75,-28.37481
2196376875.0,-28.37158
2196377031.25,-28.37475
2196377187.5,-28.37367
2196377343.75,-28.3674
2196377500.0,-28.36946
2196377656.25,-28.36542
2196377812.5,-28.36507
2196377968.75,-28.36497
2196378125.0,-28.36098
2196378281.25,-28.36398
2196378437.5,-28.36588
2196378593.75,-28.36325
2196378750.0,-28.36063
2196378906.25,-28.35954
2196379062.5,-28.36073
2196379218.75,-28.36611
2196379375.0,-28.35705
2196379531.25,-28.3587
2196379687.5,-28.35767
2196379843.75,-28.35577
2196380000.0,-28.35791
2196380156.25,-28.35442
2196380312.5,-28.35436
2196380468.75,-28.35722
2196380625.0,-28.35368
2196380781.25,-28.35692
2196380937.5,-28.35406
2196381093.75,-28.3525
2196381250.0,-28.3511
2196381406.25,-28.34886
2196381562.5,-28.34651
2196381718.75,-28.3467
2196381875.0,-28.34773
2196382031.25,-28.35072
2196382187.5,-28.34918
2196382343.75,-28.35085
2196382500.0,-28.3413
2196382656.25,-28.34563
2196382812.5,-28.348
2196382968.75,-28.34745
2196383125.0,-28.34439
2196383281.25,-28.34369
2196383437.5,-28.34107
2196383593.75,-28.33855
2196383750.0,-28.33738
2196383906.25,-28.3423
2196384062.5,-28.33871
2196384218.75,-28.33918
2196384375.0,-28.33632
2196384531.25,-28.3381
2196384687.5,-28.33243
2196384843.75,-28.33613
2196385000.0,-28.33517
2196385156.25,-28.33266
2196385312.5,-28.33795
2196385468.75,-28.332
2196385625.0,-28.32755
2196385781.25,-28.33004
2196385937.5,-28.32832
2196386093.75,-28.3278
2196386250.0,-28.32762
2196386406.25,-28.32413
2196386562.5,-28.32663
2196386718.75,-28.32475
2196386875.0,-28.32586
2196387031.25,-28.32292
2196387187.5,-28.32451
2196387343.75,-28.32425
2196387500.0,-28.32361
2196387656.25,-28.32049
2196387812.5,-28.32501
2196387968.75,-28.3179
2196388125.0,-28.31782
2196388281.25,-28.31469
2196388437.5,-28.31956
2196388593.75,-28.31398
2196388750.0,-28.31636
2196388906.25,-28.31918
2196389062.5,-28.31626
2196389218.75,-28.31576
2196389375.0,-28.31449
2196389531.25,-28.31258
2196389687.5,-28.3153
2196389843.75,-28.30989
2196390000.0,-28.31021
2196390156.25,-28.30877
2196390312.5,-28.31043
2196390468.75,-28.30856
2196390625.0,-28.30845
2196390781.25,-28.30985
2196390937.5,-28.30649
2196391093.75,-28.30754
2196391250.0,-28.3037
2196391406.25,-28.30627
2196391562.5,-28.30069
2196391718.75,-28.30217
2196391875.0,-28.30342
2196392031.25,-28.29965
2196392187.5,-28.30259
2196392343.75,-28.30133
2196392500.0,-28.29348
2196392656.25,-28.2975
2196392812.5,-28.29539
2196392968.75,-28.29254
2196393125.0,-28.2968
2196393281.25,-28.29516
2196393437.5,-28.29535
2196393593.75,-28.29486
2196393750.0,-28.28916
2196393906.25,-28.29225
2196394062.5,-28.289
2196394218.75,-28.29244
2196394375.0,-28.2896
2196394531.25,-28.28773
2196394687.5,-28.28814
2196394843.75,-28.28809
2196395000.0,-28.28536
2196395156.25,-28.29101
2196395312.5,-28.28374
2196395468.75,-28.28299
2196395625.0,-28.28289
2196395781.25,-28.28479
2196395937.5,-28.28623
2196396093.75,-28.28027
2196396250.0,-28.27708
2196396406.25,-28.28223
2196396562.5,-28.27857
2196396718.75,-28.28018
2196396875.0,-28.27731
2196397031.25,-28.27741
2196397187.5,-28.27851
2196397343.75,-28.27819
2196397500.0,-28.27861
2196397656.25,-28.27497
2196397812.5,-28.27354
2196397968.75,-28.27095
2196398125.0,-28.27169
2196398281.25,-28.2716
2196398437.5,-28.27017
2196398593.75,-28.27413
2196398750.0,-28.26438
2196398906.25,-28.26771
2196399062.5,-28.26847
2196399218.75,-28.26711
2196399375.0,-28.2647
2196399531.25,-28.26578
2196399687.5,-28.26786
2196399843.75,-28.26354
2196400000.0,-28.26648
2196400156.25,-28.26472
2196400312.5,-28.26225
2196400468.75,-28.25824
2196400625.0,-28.25857
2196400781.25,-28.26296
2196400937.5,-28.25723
2196401093.75,-28.25567
2196401250.0,-28.25577
2196401406.25,-28.25818
2196401562.5,-28.25893
2196401718.75,-28.25643
2196401875.0,-28.25287
2196402031.25,-28.25431
2196402187.5,-28.25702
2196402343.75,-28.25405
2196402500.0,-28.25129
2196402656.25,-28.25063
2196402812.5,-28.24892
2196402968.75,-28.2488
2196403125.0,-28.25182
2196403281.25,-28.24751
2196403437.5,-28.24976
2196403593.75,-28.24398
2196403750.0,-28.24651
2196403906.25,-28.24376
2196404062.5,-28.24187
2196404218.75,-28.24397
2196404375.0,-28.24134
2196404531.25,-28.23784
2196404687.5,-28.24319
2196404843.75,-28.23516
2196405000.0,-28.23832
2196405156.25,-28.2366
2196405312.5,-28.23708
2196405468.75,-28.23606
2196405625.0,-28.24048
2196405781.25,-28.23534
2196405937.5,-28.23253
2196406093.75,-28.23223
2196406250.0,-28.23663
2196406406.25,-28.23282
2196406562.5,-28.23195
2196406718.75,-28.23257
2196406875.0,-28.23314
2196407031.25,-28.22604
2196407187.5,-28.23159
2196407343.75,-28.22662
2196407500.0,-28.22737
2196407656.25,-28.22774
2196407812.5,-28.22635
2196407968.75,-28.2253
2196408125.0,-28.22124
2196408281.25,-28.2234
2196408437.5,-28.21806
2196408593.75,-28.22103
2196408750.0,-28.22181
2196408906.25,-28.21931
2196409062.5,-28.21718
2196409218.75,-28.21929
2196409375.0,-28.22061
2196409531.25,-28.21956
2196409687.5,-28.21399
2196409843.75,-28.2153
2196410000.0,-28.21965
2196410156.25,-28.21016
2196410312.5,-28.21476
2196410468.75,-28.20947
2196410625.0,-28.21387
2196410781.25,-28.21333
2196410937.5,-28.21333
2196411093.75,-28.20789
2196411250.0,-28.21158
2196411406.25,-28.20582
2196411562.5,-28.20277
2196411718.75,-28.20434
2196411875.0,-28.2075
2196412031.25,-28.20616
2196412187.5,-28.2073
2196412343.75,-28.20226
2196412500.0,-28.20027
2196412656.25,-28.20101
2196412812.5,-28.20119
2196412968.75,-28.20058
2196413125.0,-28.19725
2196413281.25,-28.20363
2196413437.5,-28.19636
2196413593.75,-28.1986
2196413750.0,-28.19365
2196413906.25,-28.20061
2196414062.5,-28.19422
2196414218.75,-28.19629
2196414375.0,-28.19163
2196414531.25,-28.19563
2196414687.5,-28.19435
2196414843.75,-28.19093
2196415000.0,-28.19121
2196415156.25,-28.19291
2196415312.5,-28.19016
2196415468.75,-28.19402
2196415625.0,-28.19154
2196415781.25,-28.18775
2196415937.5,-28.1846
2196416093.75,-28.18669
2196416250.0,-28.18651
2196416406.25,-28.18769
2196416562.5,-28.18416
2196416718.75,-28.18426
2196416875.0,-28.18015
2196417031.25,-28.18219
2196417187.5,-28.18194
2196417343.75,-28.18163
2196417500.0,-28.18438
2196417656.25,-28.17825
2196417812.5,-28.17948
2196417968.75,-28.17768
2196418125.0,-28.1759
2196418281.25,-28.17197
2196418437.5,-28.17503
2196418593.75,-28.17651
2196418750.0,-28.17419
2196418906.25,-28.16864
2196419062.5,-28.17383
2196419218.75,-28.17143
2196419375.0,-28.17148
2196419531.25,-28.1707
2196419687.5,-28.16803
2196419843.75,-28.1705
2196420000.0,-28.1695
2196420156.25,-28.1686
2196420312.5,-28.16809
2196420468.75,-28.1645
2196420625.0,-28.16284
2196420781.25,-28.16696
2196420937.5,-28.16381
2196421093.75,-28.16018
2196421250.0,-28.16287
2196421406.25,-28.16159
2196421562.5,-28.15745
2196421718.75,-28.16198
2196421875.0,-28.16078
2196422031.25,-28.15667
2196422187.5,-28.15527
2196422343.75,-28.1533
2196422500.0,-28.15572
2196422656.25,-28.15947
2196422812.5,-28.14894
2196422968.75,-28.14867
2196423125.0,-28.15366
2196423281.25,-28.15322
2196423437.5,-28.15054
2196423593.75,-28.14891
2196423750.0,-28.14613
2196423906.25,-28.14491
2196424062.5,-28.14644
2196424218.75,-28.14747
2196424375.0,-28.14971
2196424531.25,-28.14647
2196424687.5,-28.14218
2196424843.75,-28.14417
2196425000.0,-28.14222
2196425156.25,-28.14352
2196425312.5,-28.14458
2196425468.75,-28.14335
2196425625.0,-28.13677
2196425781.25,-28.13707
2196425937.5,-28.1403
2196426093.75,-28.13452
2196426250.0,-28.13879
2196426406.25,-28.13333
2196426562.5,-28.13337
2196426718.75,-28.13249
2196426875.0,-28.13646
2196427031.25,-28.13318
2196427187.5,-28.13035
2196427343.75,-28.12701
2196427500.0,-28.1339
2196427656.25,-28.13009
2196427812.5,-28.12584
2196427968.75,-28.13209
2196428125.0,-28.13157
2196428281.25,-28.13381
2196428437.5,-28.12847
2196428593.75,-28.12747
2196428750.0,-28.12313
2196428906.25,-28.1236
2196429062.5,-28.12399
2196429218.75,-28.12552
2196429375.0,-28.12388
2196429531.25,-28.12317
2196429687.5,-28.11991
2196429843.75,-28.11892
2196430000.0,-28.11617
2196430156.25,-28.11783
2196430312.5,-28.1212
2196430468.75,-28.11715
2196430625.0,-28.11617
2196430781.25,-28.11539
2196430937.5,-28.11108
2196431093.75,-28.11432
2196431250.0,-28.11369
2196431406.25,-28.1096
2196431562.5,-28.10869
2196431718.75,-28.11207
2196431875.0,-28.1107
2196432031.25,-28.11028
2196432187.5,-28.11125
2196432343.75,-28.10994
2196432500.0,-28.10663
2196432656.25,-28.10756
2196432812.5,-28.10019
2196432968.75,-28.1048
2196433125.0,-28.10371
2196433281.25,-28.10305
2196433437.5,-28.10469
2196433593.75,-28.10238
2196433750.0,-28.09952
2196433906.25,-28.10091
2196434062.5,-28.10334
2196434218.75,-28.10122
2196434375.0,-28.1003
2196434531.25,-28.09622
2196434687.5,-28.09847
2196434843.75,-28.09822
2196435000.0,-28.09579
2196435156.25,-28.09489
2196435312.5,-28.095
2196435468.75,-28.0913
2196435625.0,-28.09381
2196435781.25,-28.08969
2196435937.5,-28.09282
2196436093.75,-28.08998
2196436250.0,-28.09014
2196436406.25,-28.08656
2196436562.5,-28.0863
2196436718.75,-28.08896
2196436875.0,-28.08465
2196437031.25,-28.08403
2196437187.5,-28.08128
2196437343.75,-28.08149
2196437500.0,-28.08829
2196437656.25,-28.08505
2196437812.5,-28.0816
2196437968.75,-28.07942
2196438125.0,-28.08211
2196438281.25,-28.07929
2196438437.5,-28.0793
2196438593.75,-28.07918
2196438750.0,-28.07887
2196438906.25,-28.07575
2196439062.5,-28.07377
2196439218.75,-28.07598
2196439375.0,-28.07662
2196439531.25,-28.07446
2196439687.5,-28.07121
2196439843.75,-28.07237
2196440000.0,-28.07346
2196440156.25,-28.07165
2196440312.5,-28.07078
2196440468.75,-28.06964
2196440625.0,-28.06793
2196440781.25,-28.06502
2196440937.5,-28.06566
2196441093.75,-28.06598
2196441250.0,-28.06573
2196441406.25,-28.06382
2196441562.5,-28.06282
2196441718.75,-28.06073
2196441875.0,-28.06086
2196442031.25,-28.06271
2196442187.5,-28.06021
2196442343.75,-28.05708
2196442500.0,-28.05757
2196442656.25,-28.05457
2196442812.5,-28.05529
2196442968.75,-28.0584
2196443125.0,-28.05612
2196443281.25,-28.05552
2196443437.5,-28.05207
2196443593.75,-28.05428
2196443750.0,-28.05197
2196443906.25,-28.053
2196444062.5,-28.05159
2196444218.75,-28.04946
2196444375.0,-28.05015
2196444531.25,-28.0495
2196444687.5,-28.04762
2196444843.75,-28.04985
2196445000.0,-28.04654
2196445156.25,-28.04766
2196445312.5,-28.04596
2196445468.75,-28.03965
2196445625.0,-28.0454
2196445781.25,-28.04248
2196445937.5,-28.05021
2196446093.75,-28.04438
2196446250.0,-28.04088
2196446406.25,-28.04234
2196446562.5,-28.03812
2196446718.75,-28.03564
2196446875.0,-28.04037
2196447031.25,-28.03661
2196447187.5,-28.03707
2196447343.75,-28.03679
2196447500.0,-28.03347
2196447656.25,-28.03806
2196447812.5,-28.03019
2196447968.75,-28.03271
2196448125.0,-28.03092
2196448281.25,-28.03029
2196448437.5,-28.03139
2196448593.75,-28.02894
2196448750.0,-28.02611
2196448906.25,-28.02941
2196449062.5,-28.02503
2196449218.75,-28.02306
2196449375.0,-28.03098
2196449531.25,-28.02706
2196449687.5,-28.02588
2196449843.75,-28.02792
2196450000.0,-28.02296
2196450156.25,-28.02311
2196450312.5,-28.02338
2196450468.75,-28.02186
2196450625.0,-28.01921
2196450781.25,-28.02025
2196450937.5,-28.01885
2196451093.75,-28.0213
2196451250.0,-28.01704
2196451406.25,-28.01315
2196451562.5,-28.01402
2196451718.75,-28.01105
2196451875.0,-28.01359
2196452031.25,-28.01332
2196452187.5,-28.00695
2196452343.75,-28.01134
2196452500.0,-28.01217
2196452656.25,-28.01543
2196452812.5,-28.0081
2196452968.75,-28.00861
2196453125.0,-28.00653
2196453281.25,-28.00566
2196453437.5,-28.00058
2196453593.75,-28.00773
2196453750.0,-28.00374
2196453906.25,-27.99815
2196454062.5,-28.00117
2196454218.75,-27.99964
2196454375.0,-28.00386
2196454531.25,-28.00119
2196454687.5,-28.00165
2196454843.75,-28.00544
2196455000.0,-27.99771
2196455156.25,-27.99997
2196455312.5,-28.0012
2196455468.75,-27.99868
2196455625.0,-27.99528
2196455781.25,-27.99405
2196455937.5,-27.99478
2196456093.75,-27.99267
2196456250.0,-27.9931
2196456406.25,-27.99405
2196456562.5,-27.99076
2196456718.75,-27.99557
2196456875.0,-27.98779
2196457031.25,-27.98805
2196457187.5,-27.98798
2196457343.75,-27.98373
2196457500.0,-27.9831
2196457656.25,-27.98528
2196457812.5,-27.98298
2196457968.75,-27.98644
2196458125.0,-27.98372
2196458281.25,-27.98403
2196458437.5,-27.98107
2196458593.75,-27.97781
2196458750.0,-27.98082
2196458906.25,-27.98047
2196459062.5,-27.97663
2196459218.75,-27.9775
2196459375.0,-27.97559
2196459531.25,-27.97673
2196459687.5,-27.97499
2196459843.75,-27.97787
2196460000.0,-27.9729
2196460156.25,-27.97232
2196460312.5,-27.97331
2196460468.75,-27.9708
2196460625.0,-27.97273
2196460781.25,-27.96987
2196460937.5,-27.97134
2196461093.75,-27.96305
2196461250.0,-27.97033
2196461406.25,-27.96721
2196461562.5,-27.96535
2196461718.75,-27.96574
2196461875.0,-27.96621
2196462031.25,-27.9636
2196462187.5,-27.96537
2196462343.75,-27.96077
2196462500.0,-27.96075
2196462656.25,-27.96247
2196462812.5,-27.95928
2196462968.75,-27.95743
2196463125.0,-27.95956
2196463281.25,-27.95752
2196463437.5,-27.95636
2196463593.75,-27.9566
2196463750.0,-27.95561
2196463906.25,-27.95831
2196464062.5,-27.95266
2196464218.75,-27.95478
2196464375.0,-27.95274
2196464531.25,-27.95218
2196464687.5,-27.95082
2196464843.75,-27.95497
2196465000.0,-27.94932
2196465156.25,-27.94955
2196465312.5,-27.95355
2196465468.75,-27.94326
2196465625.0,-27.94455
2196465781.25,-27.94831
2196465937.5,-27.94307
2196466093.75,-27.94183
2196466250.0,-27.94455
2196466406.25,-27.93997
2196466562.5,-27.94123
2196466718.75,-27.94172
2196466875.0,-27.94055
2196467031.25,-27.93572
2196467187.5,-27.93793
2196467343.75,-27.93604
2196467500.0,-27.94068
2196467656.25,-27.93303
2196467812.5,-27.93674
2196467968.75,-27.93734
2196468125.0,-27.93155
2196468281.25,-27.93328
2196468437.5,-27.93333
2196468593.75,-27.93229
2196468750.0,-27.9286
2196468906.25,-27.92997
2196469062.5,-27.92906
2196469218.75,-27.92844
2196469375.0,-27.92693
2196469531.25,-27.92699
2196469687.5,-27.92472
2196469843.75,-27.92399
2196470000.0,-27.92639
2196470156.25,-27.92372
2196470312.5,-27.91995
2196470468.75,-27.92486
2196470625.0,-27.92369
2196470781.25,-27.92135
2196470937.5,-27.91529
2196471093.75,-27.92044
2196471250.0,-27.91872
2196471406.25,-27.91746
2196471562.5,-27.91899
2196471718.75,-27.91553
2196471875.0,-27.91492
2196472031.25,-27.91096
2196472187.5,-27.9122
2196472343.75,-27.90988
2196472500.0,-27.9137
2196472656.25,-27.91134
2196472812.5,-27.912
2196472968.75,-27.90823
2196473125.0,-27.90782
2196473281.25,-27.90746
2196473437.5,-27.90835
2196473593.75,-27.90543
2196473750.0,-27.90664
2196473906.25,-27.90555
2196474062.5,-27.90804
2196474218.75,-27.90513
2196474375.0,-27.90519
2196474531.25,-27.90406
2196474687.5,-27.90023
2196474843.75,-27.89617
2196475000.0,-27.90536
2196475156.25,-27.90096
2196475312.5,-27.89888
2196475468.75,-27.89441
2196475625.0,-27.89767
2196475781.25,-27.89589
2196475937.5,-27.89473
2196476093.75,-27.89277
2196476250.0,-27.89224
2196476406.25,-27.89222
2196476562.5,-27.88876
2196476718.75,-27.89355
2196476875.0,-27.89101
2196477031.25,-27.89124
2196477187.5,-27.88657
2196477343.75,-27.88917
2196477500.0,-27.89236
2196477656.25,-27.88767
2196477812.5,-27.88535
2196477968.75,-27.88791
2196478125.0,-27.88449
2196478281.25,-27.88527
2196478437.5,-27.88403
2196478593.75,-27.88345
2196478750.0,-27.8787
2196478906.25,-27.8817
2196479062.5,-27.88262
2196479218.75,-27.87821
2196479375.0,-27.87881
2196479531.25,-27.87865
2196479687.5,-27.87823
2196479843.75,-27.8785
2196480000.0,-27.87585
2196480156.25,-27.87362
2196480312.5,-27.87362
2196480468.75,-27.87395
2196480625.0,-27.87449
2196480781.25,-27.87201
2196480937.5,-27.87135
2196481093.75,-27.87333
2196481250.0,-27.87247
2196481406.25,-27.87185
2196481562.5,-27.86645
2196481718.75,-27.86654
2196481875.0,-27.86568
2196482031.25,-27.86219
2196482187.5,-27.86554
2196482343.75,-27.86442
2196482500.0,-27.86008
2196482656.25,-27.86572
2196482812.5,-27.85938
2196482968.75,-27.85783
2196483125.0,-27.86474
2196483281.25,-27.8599
2196483437.5,-27.85689
2196483593.75,-27.85392
2196483750.0,-27.85554
2196483906.25,-27.85288
2196484062.5,-27.85671
2196484218.75,-27.85284
2196484375.0,-27.8525
2196484531.25,-27.85404
2196484687.5,-27.85384
2196484843.75,-27.85188
2196485000.0,-27.84903
2196485156.25,-27.8479
2196485312.5,-27.85081
2196485468.75,-27.84538
2196485625.0,-27.84541
2196485781.25,-27.84678
2196485937.5,-27.84025
2196486093.75,-27.84606
2196486250.0,-27.84225
2196486406.25,-27.84191
2196486562.5,-27.83931
2196486718.75,-27.83747
2196486875.0,-27.84165
2196487031.25,-27.84126
2196487187.5,-27.83798
2196487343.75,-27.84092
2196487500.0,-27.83688
2196487656.25,-27.8401
2196487812.5,-27.83621
2196487968.75,-27.8353
2196488125.0,-27.8356
2196488281.25,-27.83605
2196488437.5,-27.83389
2196488593.75,-27.83261
2196488750.0,-27.83126
2196488906.25,-27.83018
2196489062.5,-27.83141
2196489218.75,-27.83343
2196489375.0,-27.82625
2196489531.25,-27.82934
2196489687.5,-27.82754
2196489843.75,-27.82352
2196490000.0,-27.82362
2196490156.25,-27.8301
2196490312.5,-27.82098
2196490468.75,-27.82026
2196490625.0,-27.825
2196490781.25,-27.81763
2196490937.5,-27.81941
2196491093.75,-27.81972
2196491250.0,-27.82021
2196491406.25,-27.81511
2196491562.5,-27.81781
2196491718.75,-27.81446
2196491875.0,-27.81432
2196492031.25,-27.81287
2196492187.5,-27.81172
2196492343.75,-27.81476
2196492500.0,-27.81056
2196492656.25,-27.81365
2196492812.5,-27.81146
2196492968.75,-27.80705
2196493125.0,-27.80792
2196493281.25,-27.80783
2196493437.5,-27.81133
2196493593.75,-27.80785
2196493750.0,-27.80937
2196493906.25,-27.80643
2196494062.5,-27.80477
2196494218.75,-27.80265
2196494375.0,-27.80334
2196494531.25,-27.7996
2196494687.5,-27.79872
2196494843.75,-27.79926
2196495000.0,-27.79736
2196495156.25,-27.79739
2196495312.5,-27.79818
2196495468.75,-27.7978
2196495625.0,-27.79681
2196495781.25,-27.79973
2196495937.5,-27.79237
2196496093.75,-27.7925
2196496250.0,-27.79399
2196496406.25,-27.79265
2196496562.5,-27.79258
2196496718.75,-27.795
2196496875.0,-27.79219
2196497031.25,-27.79029
2196497187.5,-27.79166
2196497343.75,-27.78782
2196497500.0,-27.78828
2196497656.25,-27.78686
2196497812.5,-27.78437
2196497968.75,-27.78882
2196498125.0,-27.787
2196498281.25,-27.78584
2196498437.5,-27.78437
2196498593.75,-27.78523
2196498750.0,-27.78197
2196498906.25,-27.77907
2196499062.5,-27.78742
2196499218.75,-27.7773
2196499375.0,-27.77413
2196499531.25,-27.77729
2196499687.5,-27.77665
2196499843.75,-27.77778
2196500000.0,-27.77724
2196500156.25,-27.77587
2196500312.5,-27.77381
2196500468.75,-27.77599
2196500625.0,-27.77102
2196500781.25,-27.77131
2196500937.5,-27.76729
2196501093.75,-27.76746
2196501250.0,-27.76759
2196501406.25,-27.76668
2196501562.5,-27.7715
2196501718.75,-27.76827
2196501875.0,-27.76715
2196502031.25,-27.76683
2196502187.5,-27.76536
2196502343.75,-27.76039
2196502500.0,-27.76561
2196502656.25,-27.76448
2196502812.5,-27.7618
2196502968.75,-27.76249
2196503125.0,-27.76063
2196503281.25,-27.76152
2196503437.5,-27.75951
2196503593.75,-27.75877
2196503750.0,-27.75781
2196503906.25,-27.7547
2196504062.5,-27.75095
2196504218.75,-27.75698
2196504375.0,-27.75833
2196504531.25,-27.75182
2196504687.5,-27.75243
2196504843.75,-27.75488
2196505000.0,-27.75124
2196505156.25,-27.74748
2196505312.5,-27.7487
2196505468.75,-27.74911
2196505625.0,-27.74662
2196505781.25,-27.74633
2196505937.5,-27.7439
2196506093.75,-27.74316
2196506250.0,-27.74347
2196506406.25,-27.7399
2196506562.5,-27.74161
2196506718.75,-27.74246
2196506875.0,-27.74364
2196507031.25,-27.73845
2196507187.5,-27.7393
2196507343.75,-27.73757
2196507500.0,-27.73846
2196507656.25,-27.73625
2196507812.5,-27.73605
2196507968.75,-27.73711
2196508125.0,-27.73329
2196508281.25,-27.73357
2196508437.5,-27.72927
2196508593.75,-27.73149
2196508750.0,-27.73157
2196508906.25,-27.73045
2196509062.5,-27.73399
2196509218.75,-27.72519
2196509375.0,-27.73007
2196509531.25,-27.72771
2196509687.5,-27.72807
2196509843.75,-27.72959
2196510000.0,-27.72528
2196510156.25,-27.7272
2196510312.5,-27.72503
2196510468.75,-27.72517
2196510625.0,-27.72661
2196510781.25,-27.72187
2196510937.5,-27.7221
2196511093.75,-27.72061
2196511250.0,-27.72069
2196511406.25,-27.72038
2196511562.5,-27.71777
2196511718.75,-27.71443
2196511875.0,-27.7166
2196512031.25,-27.71531
2196512187.5,-27.70912
2196512343.75,-27.7147
2196512500.0,-27.71378
2196512656.25,-27.70951
2196512812.5,-27.70904
2196512968.75,-27.71131
2196513125.0,-27.71119
2196513281.25,-27.7088
2196513437.5,-27.71239
2196513593.75,-27.71021
2196513750.0,-27.71041
2196513906.25,-27.70516
2196514062.5,-27.70494
2196514218.75,-27.70705
2196514375.0,-27.70085
2196514531.25,-27.70136
2196514687.5,-27.70254
2196514843.75,-27.70557
2196515000.0,-27.69948
2196515156.25,-27.69861
2196515312.5,-27.70062
2196515468.75,-27.70089
2196515625.0,-27.69839
2196515781.25,-27.69631
2196515937.5,-27.69681
2196516093.75,-27.69955
2196516250.0,-27.68946
2196516406.25,-27.69058
2196516562.5,-27.68952
2196516718.75,-27.69054
2196516875.0,-27.69258
2196517031.25,-27.68674
2196517187.5,-27.69046
2196517343.75,-27.68579
2196517500.0,-27.68815
2196517656.25,-27.68802
2196517812.5,-27.68899
2196517968.75,-27.68471
2196518125.0,-27.68658
2196518281.25,-27.68558
2196518437.5,-27.68296
2196518593.75,-27.67923
2196518750.0,-27.68158
2196518906.25,-27.68141
2196519062.5,-27.67782
2196519218.75,-27.68308
2196519375.0,-27.67413
2196519531.25,-27.67487
2196519687.5,-27.67347
2196519843.75,-27.67901
2196520000.0,-27.67559
2196520156.25,-27.67646
2196520312.5,-27.67573
2196520468.75,-27.6693
2196520625.0,-27.67223
2196520781.25,-27.66969
2196520937.5,-27.67138
2196521093.75,-27.67022
2196521250.0,-27.66782
2196521406.25,-27.66439
2196521562.5,-27.66915
2196521718.75,-27.66715
2196521875.0,-27.66424
2196522031.25,-27.65947
2196522187.5,-27.66246
2196522343.75,-27.65955
2196522500.0,-27.66702
2196522656.25,-27.66253
2196522812.5,-27.65777
2196522968.75,-27.66485
2196523125.0,-27.66072
2196523281.25,-27.65692
2196523437.5,-27.65483
2196523593.75,-27.65311
2196523750.0,-27.65506
2196523906.25,-27.65424
2196524062.5,-27.65606
2196524218.75,-27.65105
2196524375.0,-27.65423
2196524531.25,-27.65067
2196524687.5,-27.65167
2196524843.75,-27.65153
2196525000.0,-27.65072
2196525156.25,-27.65044
2196525312.5,-27.64905
2196525468.75,-27.64869
2196525625.0,-27.64793
2196525781.25,-27.64555
2196525937.5,-27.63982
2196526093.75,-27.64477
2196526250.0,-27.64574
2196526406.25,-27.64432
2196526562.5,-27.64088
2196526718.75,-27.63855
2196526875.0,-27.63916
2196527031.25,-27.64194
2196527187.5,-27.63876
2196527343.75,-27.64236
2196527500.0,-27.63398
2196527656.25,-27.63409
2196527812.5,-27.63223
2196527968.75,-27.63646
2196528125.0,-27.63851
2196528281.25,-27.63332
2196528437.5,-27.63307
2196528593.75,-27.62774
2196528750.0,-27.62986
2196528906.25,-27.62376
2196529062.5,-27.62993
2196529218.75,-27.62687
2196529375.0,-27.6263
2196529531.25,-27.62803
2196529687.5,-27.62265
2196529843.75,-27.63004
2196530000.0,-27.62043
2196530156.25,-27.62111
2196530312.5,-27.62528
2196530468.75,-27.62347
2196530625.0,-27.61959
2196530781.25,-27.61523
2196530937.5,-27.61735
2196531093.75,-27.61953
2196531250.0,-27.61645
2196531406.25,-27.61414
2196531562.5,-27.61627
2196531718.75,-27.61482
2196531875.0,-27.61542
2196532031.25,-27.61681
2196532187.5,-27.6141
2196532343.75,-27.61073
2196532500.0,-27.6154
2196532656.25,-27.61319
2196532812.5,-27.61261
2196532968.75,-27.60822
2196533125.0,-27.61027
2196533281.25,-27.61151
2196533437.5,-27.6069
2196533593.75,-27.60777
2196533750.0,-27.60646
2196533906.25,-27.60474
2196534062.5,-27.5979
2196534218.75,-27.60186
2196534375.0,-27.6032
2196534531.25,-27.60145
2196534687.5,-27.59926
2196534843.75,-27.59966
2196535000.0,-27.59579
2196535156.25,-27.59542
2196535312.5,-27.59855
2196535468.75,-27.59583
2196535625.0,-27.59365
2196535781.25,-27.59604
2196535937.5,-27.59359
2196536093.75,-27.58914
2196536250.0,-27.59177
2196536406.25,-27.58999
2196536562.5,-27.5856
2196536718.75,-27.58886
2196536875.0,-27.58881
2196537031.25,-27.58803
2196537187.5,-27.58502
2196537343.75,-27.5851
2196537500.0,-27.58648
2196537656.25,-27.58805
2196537812.5,-27.58302
2196537968.75,-27.57885
2196538125.0,-27.58181
2196538281.25,-27.57627
2196538437.5,-27.5799
2196538593.75,-27.58046
2196538750.0,-27.57768
2196538906.25,-27.57958
2196539062.5,-27.57491
2196539218.75,-27.5778
2196539375.0,-27.57656
2196539531.25,-27.57458
2196539687.5,-27.57514
2196539843.75,-27.57441
2196540000.0,-27.57102
2196540156.25,-27.5719
2196540312.5,-27.57095
2196540468.75,-27.56954
2196540625.0,-27.56865
2196540781.25,-27.5708
2196540937.5,-27.57263
2196541093.75,-27.56655
2196541250.0,-27.56653
2196541406.25,-27.56586
2196541562.5,-27.56482
2196541718.75,-27.56324
2196541875.0,-27.56245
2196542031.25,-27.56309
2196542187.5,-27.56105
2196542343.75,-27.55955
2196542500.0,-27.55822
2196542656.25,-27.56048
2196542812.5,-27.55893
2196542968.75,-27.55774
2196543125.0,-27.55663
2196543281.25,-27.55359
2196543437.5,-27.55059
2196543593.75,-27.55524
2196543750.0,-27.55619
2196543906.25,-27.55275
2196544062.5,-27.55784
2196544218.75,-27.55089
2196544375.0,-27.54991
2196544531.25,-27.55013
2196544687.5,-27.54817
2196544843.75,-27.54881
2196545000.0,-27.54741
2196545156.25,-27.54712
2196545312.5,-27.54572
2196545468.75,-27.54486
2196545625.0,-27.54394
2196545781.25,-27.54185
2196545937.5,-27.54347
2196546093.75,-27.54061
2196546250.0,-27.53944
2196546406.25,-27.54451
2196546562.5,-27.53633
2196546718.75,-27.53286
2196546875.0,-27.53712
2196547031.25,-27.53441
2196547187.5,-27.53365
2196547343.75,-27.53214
2196547500.0,-27.53516
2196547656.25,-27.53454
2196547812.5,-27.53051
2196547968.75,-27.53317
2196548125.0,-27.53022
2196548281.25,-27.53059
2196548437.5,-27.53053
2196548593.75,-27.52941
2196548750.0,-27.5253
2196548906.25,-27.52796
2196549062.5,-27.52674
2196549218.75,-27.52652
2196549375.0,-27.52507
2196549531.25,-27.52654
2196549687.5,-27.51903
2196549843.75,-27.52006
2196550000.0,-27.52405
2196550156.25,-27.52176
2196550312.5,-27.52011
2196550468.75,-27.52069
2196550625.0,-27.51797
2196550781.25,-27.51565
2196550937.5,-27.51727
2196551093.75,-27.51598
2196551250.0,-27.519
2196551406.25,-27.51557
2196551562.5,-27.5152
2196551718.75,-27.51863
2196551875.0,-27.5131
2196552031.25,-27.51167
2196552187.5,-27.51072
2196552343.75,-27.51028
2196552500.0,-27.50912
2196552656.25,-27.51089
2196552812.5,-27.50801
2196552968.75,-27.50407
2196553125.0,-27.507
2196553281.25,-27.50459
2196553437.5,-27.5029
2196553593.75,-27.50369
2196553750.0,-27.49834
2196553906.25,-27.50337
2196554062.5,-27.50403
2196554218.75,-27.49981
2196554375.0,-27.49783
2196554531.25,-27.50126
2196554687.5,-27.50229
2196554843.75,-27.4971
2196555000.0,-27.49525
2196555156.25,-27.49362
2196555312.5,-27.49555
2196555468.75,-27.49254
2196555625.0,-27.49196
2196555781.25,-27.49123
2196555937.5,-27.49335
2196556093.75,-27.48829
2196556250.0,-27.48689
2196556406.25,-27.48991
2196556562.5,-27.48689
2196556718.75,-27.4905
2196556875.0,-27.48462
2196557031.25,-27.48348
2196557187.5,-27.48563
2196557343.75,-27.48194
2196557500.0,-27.48376
2196557656.25,-27.4823
2196557812.5,-27.47861
2196557968.75,-27.47648
2196558125.0,-27.47724
2196558281.25,-27.47821
2196558437.5,-27.47649
2196558593.75,-27.47556
2196558750.0,-27.47465
2196558906.25,-27.47315
2196559062.5,-27.47499
2196559218.75,-27.47231
2196559375.0,-27.47402
2196559531.25,-27.47247
2196559687.5,-27.47157
2196559843.75,-27.47104
2196560000.0,-27.46966
2196560156.25,-27.46716
2196560312.5,-27.46962
2196560468.75,-27.46444
2196560625.0,-27.4667
2196560781.25,-27.46944
2196560937.5,-27.46657
2196561093.75,-27.46375
2196561250.0,-27.46358
2196561406.25,-27.4608
2196561562.5,-27.45738
2196561718.75,-27.45932
2196561875.0,-27.45862
2196562031.25,-27.46012
2196562187.5,-27.45691
2196562343.75,-27.45779
2196562500.0,-27.45997
2196562656.25,-27.4592
2196562812.5,-27.45669
2196562968.75,-27.45101
2196563125.0,-27.4516
2196563281.25,-27.45321
2196563437.5,-27.45255
2196563593.75,-27.44823
2196563750.0,-27.44891
2196563906.25,-27.45108
2196564062.5,-27.44942
2196564218.75,-27.44875
2196564375.0,-27.44437
2196564531.25,-27.44594
2196564687.5,-27.44723
2196564843.75,-27.44201
2196565000.0,-27.44055
2196565156.25,-27.44215
2196565312.5,-27.43809
2196565468.75,-27.43931
2196565625.0,-27.43811
2196565781.25,-27.43921
2196565937.5,-27.43891
2196566093.75,-27.43472
2196566250.0,-27.44104
2196566406.25,-27.43427
2196566562.5,-27.43362
2196566718.75,-27.43656
2196566875.0,-27.43608
2196567031.25,-27.43335
2196567187.5,-27.43216
2196567343.75,-27.432
2196567500.0,-27.42886
2196567656.25,-27.42874
2196567812.5,-27.42825
2196567968.75,-27.42782
2196568125.0,-27.42797
2196568281.25,-27.4274
2196568437.5,-27.42484
2196568593.75,-27.42321
2196568750.0,-27.42777
2196568906.25,-27.42145
2196569062.5,-27.42431
2196569218.75,-27.42195
2196569375.0,-27.42435
2196569531.25,-27.41556
2196569687.5,-27.41899
2196569843.75,-27.41562
2196570000.0,-27.41687
2196570156.25,-27.41626
2196570312.5,-27.41518
2196570468.75,-27.41425
2196570625.0,-27.4168
2196570781.25,-27.41256
2196570937.5,-27.41636
2196571093.75,-27.41349
2196571250.0,-27.41382
2196571406.25,-27.41459
2196571562.5,-27.41197
2196571718.75,-27.40944
2196571875.0,-27.41228
2196572031.25,-27.40709
2196572187.5,-27.40379
2196572343.75,-27.40832
2196572500.0,-27.40561
2196572656.25,-27.40281
2196572812.5,-27.40069
2196572968.75,-27.40417
2196573125.0,-27.40184
2196573281.25,-27.40297
2196573437.5,-27.39993
2196573593.75,-27.40082
2196573750.0,-27.39836
2196573906.25,-27.39906
2196574062.5,-27.3958
2196574218.75,-27.39693
2196574375.0,-27.39381
2196574531.25,-27.39766
2196574687.5,-27.3921
2196574843.75,-27.39324
2196575000.0,-27.39285
2196575156.25,-27.39115
2196575312.5,-27.38776
2196575468.75,-27.38808
2196575625.0,-27.39355
2196575781.25,-27.39014
2196575937.5,-27.38672
2196576093.75,-27.38473
2196576250.0,-27.38511
2196576406.25,-27.38603
2196576562.5,-27.38306
2196576718.75,-27.37735
2196576875.0,-27.37931
2196577031.25,-27.38249
2196577187.5,-27.38115
2196577343.75,-27.37967
2196577500.0,-27.3763
2196577656.25,-27.37562
2196577812.5,-27.37752
2196577968.75,-27.37798
2196578125.0,-27.37534
2196578281.25,-27.37669
2196578437.5,-27.37609
2196578593.75,-27.37122
2196578750.0,-27.37254
2196578906.25,-27.36961
2196579062.5,-27.37026
2196579218.75,-27.36721
2196579375.0,-27.36541
2196579531.25,-27.36617
2196579687.5,-27.36748
2196579843.75,-27.36513
2196580000.0,-27.36601
2196580156.25,-27.37323
2196580312.5,-27.36452
2196580468.75,-27.36391
2196580625.0,-27.35964
2196580781.25,-27.36153
2196580937.5,-27.3614
2196581093.75,-27.35692
2196581250.0,-27.36068
2196581406.25,-27.36175
2196581562.5,-27.35841
2196581718.75,-27.35527
2196581875.0,-27.35074
2196582031.25,-27.35484
2196582187.5,-27.35364
2196582343.75,-27.35261
2196582500.0,-27.35418
2196582656.25,-27.34949
2196582812.5,-27.35082
2196582968.75,-27.35226
2196583125.0,-27.35295
2196583281.25,-27.34911
2196583437.5,-27.34657
2196583593.75,-27.3501
2196583750.0,-27.34614
2196583906.25,-27.34502
2196584062.5,-27.34368
2196584218.75,-27.3469
2196584375.0,-27.33959
2196584531.25,-27.34048
2196584687.5,-27.33825
2196584843.75,-27.33965
2196585000.0,-27.33974
2196585156.25,-27.3394
2196585312.5,-27.3381
2196585468.75,-27.33698
2196585625.0,-27.33569
2196585781.25,-27.33593
2196585937.5,-27.33507
2196586093.75,-27.3369
2196586250.0,-27.33141
2196586406.25,-27.32901
2196586562.5,-27.3319
2196586718.75,-27.33342
2196586875.0,-27.32848
2196587031.25,-27.33078
2196587187.5,-27.32702
2196587343.75,-27.32777
2196587500.0,-27.32061
2196587656.25,-27.32806
2196587812.5,-27.32774
2196587968.75,-27.32464
2196588125.0,-27.32264
2196588281.25,-27.32145
2196588437.5,-27.31997
2196588593.75,-27.31861
2196588750.0,-27.31766
2196588906.25,-27.31979
2196589062.5,-27.31848
2196589218.75,-27.31857
2196589375.0,-27.31532
2196589531.25,-27.31218
2196589687.5,-27.31966
2196589843.75,-27.31075
2196590000.0,-27.30874
2196590156.25,-27.30841
2196590312.5,-27.3133
2196590468.75,-27.31062
2196590625.0,-27.3106
2196590781.25,-27.31123
2196590937.5,-27.30956
2196591093.75,-27.30532
2196591250.0,-27.30289
2196591406.25,-27.30401
2196591562.5,-27.30346
2196591718.75,-27.30414
2196591875.0,-27.30223
2196592031.25,-27.30057
2196592187.5,-27.3017
2196592343.75,-27.29911
2196592500.0,-27.30102
2196592656.25,-27.29822
2196592812.5,-27.30322
2196592968.75,-27.29973
2196593125.0,-27.29487
2196593281.25,-27.298
2196593437.5,-27.29328
2196593593.75,-27.29324
2196593750.0,-27.29573
2196593906.25,-27.29479
2196594062.5,-27.2877
2196594218.75,-27.29148
2196594375.0,-27.28997
2196594531.25,-27.29259
2196594687.5,-27.28909
2196594843.75,-27.28806
2196595000.0,-27.2875
2196595156.25,-27.28561
2196595312.5,-27.28256
2196595468.75,-27.2874
2196595625.0,-27.28265
2196595781.25,-27.28384
2196595937.5,-27.27781
2196596093.75,-27.27869
2196596250.0,-27.28108
2196596406.25,-27.27776
2196596562.5,-27.28003
2196596718.75,-27.27737
2196596875.0,-27.27919
2196597031.25,-27.2723
2196597187.5,-27.27266
2196597343.75,-27.27117
2196597500.0,-27.27193
2196597656.25,-27.27448
2196597812.5,-27.27008
2196597968.75,-27.26898
2196598125.0,-27.26903
2196598281.25,-27.26845
2196598437.5,-27.26803
2196598593.75,-27.26883
2196598750.0,-27.26512
2196598906.25,-27.26549
2196599062.5,-27.26867
2196599218.75,-27.26281
2196599375.0,-27.2597
2196599531.25,-27.26043
2196599687.5,-27.25995
2196599843.75,-27.2596
2196600000.0,-27.26317
2196600156.25,-27.25859
2196600312.5,-27.25952
2196600468.75,-27.25663
2196600625.0,-27.25925
2196600781.25,-27.25795
2196600937.5,-27.25933
2196601093.75,-27.2527
2196601250.0,-27.25615
2196601406.25,-27.24965
2196601562.5,-27.25424
2196601718.75,-27.25355
2196601875.0,-27.24919
2196602031.25,-27.24584
2196602187.5,-27.2487
2196602343.75,-27.2464
2196602500.0,-27.25054
2196602656.25,-27.24571
2196602812.5,-27.24486
2196602968.75,-27.24322
2196603125.0,-27.24306
2196603281.25,-27.2424
2196603437.5,-27.24218
2196603593.75,-27.23925
2196603750.0,-27.23923
2196603906.25,-27.23986
2196604062.5,-27.23886
2196604218.75,-27.2345
2196604375.0,-27.24156
2196604531.25,-27.23776
2196604687.5,-27.23792
2196604843.75,-27.23454
2196605000.0,-27.23187
2196605156.25,-27.23068
2196605312.5,-27.2343
2196605468.75,-27.23297
2196605625.0,-27.23187
2196605781.25,-27.2331
2196605937.5,-27.2274
2196606093.75,-27.22534
2196606250.0,-27.22553
2196606406.25,-27.22689
2196606562.5,-27.22538
2196606718.75,-27.22426
2196606875.0,-27.22374
2196607031.25,-27.21984
2196607187.5,-27.22167
2196607343.75,-27.21716
2196607500.0,-27.21898
2196607656.25,-27.21968
2196607812.5,-27.21993
2196607968.75,-27.21568
2196608125.0,-27.21479
2196608281.25,-27.21448
2196608437.5,-27.21411
2196608593.75,-27.21687
2196608750.0,-27.21177
2196608906.25,-27.21317
2196609062.5,-27.21356
2196609218.75,-27.21423
2196609375.0,-27.21157
2196609531.25,-27.20944
2196609687.5,-27.20557
2196609843.75,-27.20769
2196610000.0,-27.20883
2196610156.25,-27.2026
2196610312.5,-27.20352
2196610468.75,-27.20794
2196610625.0,-27.20397
2196610781.25,-27.20006
2196610937.5,-27.20093
2196611093.75,-27.20398
2196611250.0,-27.1998
2196611406.25,-27.19731
2196611562.5,-27.19704
2196611718.75,-27.19771
2196611875.0,-27.19607
2196612031.25,-27.19608
2196612187.5,-27.19446
2196612343.75,-27.19212
2196612500.0,-27.19325
2196612656.25,-27.19255
2196612812.5,-27.19063
2196612968.75,-27.18945
2196613125.0,-27.19076
2196613281.25,-27.19038
2196613437.5,-27.19134
2196613593.75,-27.18686
2196613750.0,-27.18662
2196613906.25,-27.1853
2196614062.5,-27.18278
2196614218.75,-27.18474
2196614375.0,-27.18349
2196614531.25,-27.18132
2196614687.5,-27.17799
2196614843.75,-27.1825
2196615000.0,-27.17748
2196615156.25,-27.17982
2196615312.5,-27.17921
2196615468.75,-27.17749
2196615625.0,-27.17517
2196615781.25,-27.17059
2196615937.5,-27.17469
2196616093.75,-27.17358
2196616250.0,-27.17408
2196616406.25,-27.17477
2196616562.5,-27.17276
2196616718.75,-27.17234
2196616875.0,-27.16756
2196617031.25,-27.16939
2196617187.5,-27.16372
2196617343.75,-27.17191
2196617500.0,-27.16455
2196617656.25,-27.16564
2196617812.5,-27.16469
2196617968.75,-27.16301
2196618125.0,-27.16362
2196618281.25,-27.16041
2196618437.5,-27.15828
2196618593.75,-27.1629
2196618750.0,-27.16061
2196618906.25,-27.1605
2196619062.5,-27.15475
2196619218.75,-27.15664
2196619375.0,-27.15918
2196619531.25,-27.15117
2196619687.5,-27.1573
2196619843.75,-27.15761
2196620000.0,-27.15479
2196620156.25,-27.15339
2196620312.5,-27.15093
2196620468.75,-27.1514
2196620625.0,-27.1516
2196620781.25,-27.15193
2196620937.5,-27.14868
2196621093.75,-27.14468
2196621250.0,-27.14893
2196621406.25,-27.14328
2196621562.5,-27.1437
2196621718.75,-27.145
2196621875.0,-27.14064
2196622031.25,-27.14469
2196622187.5,-27.13804
2196622343.75,-27.14068
2196622500.0,-27.13897
2196622656.25,-27.14067
2196622812.5,-27.13503
2196622968.75,-27.1384
2196623125.0,-27.138
2196623281.25,-27.13727
2196623437.5,-27.13278
2196623593.75,-27.13381
2196623750.0,-27.13602
2196623906.25,-27.13343
2196624062.5,-27.13107
2196624218.75,-27.13382
2196624375.0,-27.12731
2196624531.25,-27.12999
2196624687.5,-27.12451
2196624843.75,-27.12792
2196625000.0,-27.12422
2196625156.25,-27.12324
2196625312.5,-27.12433
2196625468.75,-27.12213
2196625625.0,-27.12446
2196625781.25,-27.12483
2196625937.5,-27.11602
2196626093.75,-27.11981
2196626250.0,-27.12152
2196626406.25,-27.11859
2196626562.5,-27.12029
2196626718.75,-27.11927
2196626875.0,-27.11702
2196627031.25,-27.11592
2196627187.5,-27.11588
2196627343.75,-27.11272
2196627500.0,-27.11367
2196627656.25,-27.11218
2196627812.5,-27.11123
2196627968.75,-27.10957
2196628125.0,-27.10936
2196628281.25,-27.10918
2196628437.5,-27.10565
2196628593.75,-27.10329
2196628750.0,-27.10503
2196628906.25,-27.10322
2196629062.5,-27.1048
2196629218.75,-27.10339
2196629375.0,-27.10258
2196629531.25,-27.09966
2196629687.5,-27.10168
2196629843.75,-27.09878
2196630000.0,-27.1001
2196630156.25,-27.09859
2196630312.5,-27.09622
2196630468.75,-27.09778
2196630625.0,-27.09643
2196630781.25,-27.09097
2196630937.5,-27.09618
2196631093.75,-27.09218
2196631250.0,-27.09426
2196631406.25,-27.09224
2196631562.5,-27.0923
2196631718.75,-27.08959
2196631875.0,-27.08819
2196632031.25,-27.08545
2196632187.5,-27.08532
2196632343.75,-27.0882
2196632500.0,-27.08719
2196632656.25,-27.08463
2196632812.5,-27.0828
2196632968.75,-27.08479
2196633125.0,-27.08274
2196633281.25,-27.08127
2196633437.5,-27.07811
2196633593.75,-27.08018
2196633750.0,-27.08124
2196633906.25,-27.07989
2196634062.5,-27.07417
2196634218.75,-27.07701
2196634375.0,-27.07314
2196634531.25,-27.07256
2196634687.5,-27.0748
2196634843.75,-27.07162
2196635000.0,-27.07219
2196635156.25,-27.06868
2196635312.5,-27.06793
2196635468.75,-27.06929
2196635625.0,-27.07218
2196635781.25,-27.06475
2196635937.5,-27.06421
2196636093.75,-27.06628
2196636250.0,-27.06112
2196636406.25,-27.0627
2196636562.5,-27.06102
2196636718.75,-27.06401
2196636875.0,-27.06333
2196637031.25,-27.06174
2196637187.5,-27.0593
2196637343.75,-27.06005
2196637500.0,-27.05824
2196637656.25,-27.0607
2196637812.5,-27.05739
2196637968.75,-27.05865
2196638125.0,-27.05231
2196638281.25,-27.05359
2196638437.5,-27.05778
2196638593.75,-27.05232
2196638750.0,-27.05049
2196638906.25,-27.05049
2196639062.5,-27.04977
2196639218.75,-27.04926
2196639375.0,-27.05138
2196639531.25,-27.05128
2196639687.5,-27.04408
2196639843.75,-27.0449
2196640000.0,-27.0443
2196640156.25,-27.04329
2196640312.5,-27.04225
2196640468.75,-27.04488
2196640625.0,-27.04168
2196640781.25,-27.0417
2196640937.5,-27.03997
2196641093.75,-27.03873
2196641250.0,-27.03835
2196641406.25,-27.03805
2196641562.5,-27.03717
2196641718.75,-27.03613
2196641875.0,-27.03523
2196642031.25,-27.03327
2196642187.5,-27.03431
2196642343.75,-27.03095
2196642500.0,-27.03303
2196642656.25,-27.03175
2196642812.5,-27.03317
2196642968.75,-27.03055
2196643125.0,-27.02902
2196643281.25,-27.02529
2196643437.5,-27.02464
2196643593.75,-27.02411
2196643750.0,-27.02677
2196643906.25,-27.02794
2196644062.5,-27.02068
2196644218.75,-27.02067
2196644375.0,-27.02021
2196644531.25,-27.02132
2196644687.5,-27.02222
2196644843.75,-27.02201
2196645000.0,-27.01739
2196645156.25,-27.01943
2196645312.5,-27.01582
2196645468.75,-27.01325
2196645625.0,-27.01628
2196645781.25,-27.01542
2196645937.5,-27.00823
2196646093.75,-27.01496
2196646250.0,-27.01011
2196646406.25,-27.01308
2196646562.5,-27.01202
2196646718.75,-27.00974
2196646875.0,-27.00551
2196647031.25,-27.00834
2196647187.5,-27.00379
2196647343.75,-27.00778
2196647500.0,-27.00341
2196647656.25,-27.00658
2196647812.5,-27.00368
2196647968.75,-27.00522
2196648125.0,-27.00163
2196648281.25,-27.00312
2196648437.5,-26.99848
2196648593.75,-26.99674
2196648750.0,-26.99936
2196648906.25,-26.99471
2196649062.5,-26.99555
2196649218.75,-26.9963
2196649375.0,-26.99279
2196649531.25,-26.99139
2196649687.5,-26.9925
2196649843.75,-26.98773
2196650000.0,-26.992
2196650156.25,-26.98926
2196650312.5,-26.98958
2196650468.75,-26.98739
2196650625.0,-26.98458
2196650781.25,-26.98499
2196650937.5,-26.98443
2196651093.75,-26.98329
2196651250.0,-26.98358
2196651406.25,-26.98352
2196651562.5,-26.98068
2196651718.75,-26.98095
2196651875.0,-26.9792
2196652031.25,-26.97757
2196652187.5,-26.97688
2196652343.75,-26.9768
2196652500.0,-26.97849
2196652656.25,-26.97603
2196652812.5,-26.97892
2196652968.75,-26.97604
2196653125.0,-26.97534
2196653281.25,-26.97315
2196653437.5,-26.97584
2196653593.75,-26.97342
2196653750.0,-26.97234
2196653906.25,-26.96935
2196654062.5,-26.96748
2196654218.75,-26.96908
2196654375.0,-26.96572
2196654531.25,-26.96479
2196654687.5,-26.96604
2196654843.75,-26.96249
2196655000.0,-26.96253
2196655156.25,-26.96045
2196655312.5,-26.96211
2196655468.75,-26.95969
2196655625.0,-26.96005
2196655781.25,-26.95524
2196655937.5,-26.96005
2196656093.75,-26.95449
2196656250.0,-26.95562
2196656406.25,-26.95464
2196656562.5,-26.95024
2196656718.75,-26.95368
2196656875.0,-26.95224
2196657031.25,-26.95003
2196657187.5,-26.95265
2196657343.75,-26.95319
2196657500.0,-26.94946
2196657656.25,-26.94996
2196657812.5,-26.94266
2196657968.75,-26.94404
2196658125.0,-26.94202
2196658281.25,-26.95122
2196658437.5,-26.93938
2196658593.75,-26.94477
2196658750.0,-26.94111
2196658906.25,-26.94061
2196659062.5,-26.93938
2196659218.75,-26.94037
2196659375.0,-26.93633
2196659531.25,-26.93758
2196659687.5,-26.93846
2196659843.75,-26.93501
2196660000.0,-26.93423
2196660156.25,-26.93318
2196660312.5,-26.93707
2196660468.75,-26.9325
2196660625.0,-26.93179
2196660781.25,-26.93011
2196660937.5,-26.92849
2196661093.75,-26.93027
2196661250.0,-26.93056
2196661406.25,-26.92664
2196661562.5,-26.92425
2196661718.75,-26.92609
2196661875.0,-26.92401
2196662031.25,-26.92181
2196662187.5,-26.92192
2196662343.75,-26.92489
2196662500.0,-26.92184
2196662656.25,-26.92345
2196662812.5,-26.91734
2196662968.75,-26.92356
2196663125.0,-26.91506
2196663281.25,-26.91708
2196663437.5,-26.91994
2196663593.75,-26.91527
2196663750.0,-26.91379
2196663906.25,-26.91191
2196664062.5,-26.91107
2196664218.75,-26.91118
2196664375.0,-26.90842
2196664531.25,-26.91054
2196664687.5,-26.91188
2196664843.75,-26.90668
2196665000.0,-26.90605
2196665156.25,-26.90879
2196665312.5,-26.90483
2196665468.75,-26.90575
2196665625.0,-26.90571
2196665781.25,-26.90429
2196665937.5,-26.90379
2196666093.75,-26.90231
2196666250.0,-26.9031
2196666406.25,-26.90051
2196666562.5,-26.89983
2196666718.75,-26.89857
2196666875.0,-26.89728
2196667031.25,-26.89913
2196667187.5,-26.89145
2196667343.75,-26.89602
2196667500.0,-26.89377
2196667656.25,-26.89213
2196667812.5,-26.89368
2196667968.75,-26.89194
2196668125.0,-26.89238
2196668281.25,-26.88928
2196668437.5,-26.88264
2196668593.75,-26.89001
2196668750.0,-26.88817
2196668906.25,-26.8856
2196669062.5,-26.88381
2196669218.75,-26.8901
2196669375.0,-26.88298
2196669531.25,-26.88338
2196669687.5,-26.88642
2196669843.75,-26.87947
2196670000.0,-26.87865
2196670156.25,-26.87724
2196670312.5,-26.87556
2196670468.75,-26.87682
2196670625.0,-26.87407
2196670781.25,-26.87292
2196670937.5,-26.8744
2196671093.75,-26.87128
2196671250.0,-26.87021
2196671406.25,-26.873
2196671562.5,-26.87203
2196671718.75,-26.86688
2196671875.0,-26.87153
2196672031.25,-26.86946
2196672187.5,-26.87029
2196672343.75,-26.8678
2196672500.0,-26.86605
2196672656.25,-26.86556
2196672812.5,-26.86368
2196672968.75,-26.86404
2196673125.0,-26.86135
2196673281.25,-26.8606
2196673437.5,-26.86242
2196673593.75,-26.86178
2196673750.0,-26.8618
2196673906.25,-26.85932
2196674062.5,-26.85522
2196674218.75,-26.85486
2196674375.0,-26.85776
2196674531.25,-26.85619
2196674687.5,-26.85673
2196674843.75,-26.85352
2196675000.0,-26.85729
2196675156.25,-26.84958
2196675312.5,-26.85258
2196675468.75,-26.8505
2196675625.0,-26.85054
2196675781.25,-26.84417
2196675937.5,-26.84837
2196676093.75,-26.84567
2196676250.0,-26.84542
2196676406.25,-26.84225
2196676562.5,-26.8395
2196676718.75,-26.83931
2196676875.0,-26.84002
2196677031.25,-26.84214
2196677187.5,-26.8403
2196677343.75,-26.84052
2196677500.0,-26.83686
2196677656.25,-26.83772
2196677812.5,-26.83637
2196677968.75,-26.83323
2196678125.0,-26.8371
2196678281.25,-26.83332
2196678437.5,-26.83998
2196678593.75,-26.83136
2196678750.0,-26.83049
2196678906.25,-26.82952
2196679062.5,-26.8268
2196679218.75,-26.83077
2196679375.0,-26.82647
2196679531.25,-26.82753
2196679687.5,-26.82589
2196679843.75,-26.8234
2196680000.0,-26.8233
2196680156.25,-26.82497
2196680312.5,-26.82173
2196680468.75,-26.82032
2196680625.0,-26.8154
2196680781.25,-26.81904
2196680937.5,-26.81807
2196681093.75,-26.82046
2196681250.0,-26.81992
2196681406.25,-26.81587
2196681562.5,-26.81379
2196681718.75,-26.81902
2196681875.0,-26.82046
2196682031.25,-26.81251
2196682187.5,-26.81333
2196682343.75,-26.81198
2196682500.0,-26.81098
2196682656.25,-26.81175
2196682812.5,-26.807
2196682968.75,-26.81004
2196683125.0,-26.80661
2196683281.25,-26.80061
2196683437.5,-26.80428
2196683593.75,-26.80045
2196683750.0,-26.80104
2196683906.25,-26.80263
2196684062.5,-26.8003
2196684218.75,-26.80354
2196684375.0,-26.80063
2196684531.25,-26.79847
2196684687.5,-26.80032
2196684843.75,-26.79945
2196685000.0,-26.79674
2196685156.25,-26.79641
2196685312.5,-26.7911
2196685468.75,-26.79389
2196685625.0,-26.79312
2196685781.25,-26.78901
2196685937.5,-26.7927
2196686093.75,-26.79207
2196686250.0,-26.78849
2196686406.25,-26.78839
2196686562.5,-26.78613
2196686718.75,-26.78708
2196686875.0,-26.78822
2196687031.25,-26.7827
2196687187.5,-26.7826
2196687343.75,-26.78304
2196687500.0,-26.78389
2196687656.25,-26.78263
2196687812.5,-26.78028
2196687968.75,-26.77802
2196688125.0,-26.77681
2196688281.25,-26.77963
2196688437.5,-26.77654
2196688593.75,-26.77481
2196688750.0,-26.77691
2196688906.25,-26.7747
2196689062.5,-26.77519
2196689218.75,-26.77376
2196689375.0,-26.77187
2196689531.25,-26.76809
2196689687.5,-26.77074
2196689843.75,-26.76972
2196690000.0,-26.77057
2196690156.25,-26.76319
2196690312.5,-26.76664
2196690468.75,-26.76405
2196690625.0,-26.76441
2196690781.25,-26.76735
2196690937.5,-26.76176
2196691093.75,-26.76314
2196691250.0,-26.76044
2196691406.25,-26.7607
2196691562.5,-26.76427
2196691718.75,-26.76131
2196691875.0,-26.75934
2196692031.25,-26.75494
2196692187.5,-26.75762
2196692343.75,-26.75634
2196692500.0,-26.7542
2196692656.25,-26.75111
2196692812.5,-26.7527
2196692968.75,-26.75319
2196693125.0,-26.74931
2196693281.25,-26.74978
2196693437.5,-26.74513
2196693593.75,-26.74927
2196693750.0,-26.74864
2196693906.25,-26.74704
2196694062.5,-26.74641
2196694218.75,-26.74304
2196694375.0,-26.74242
2196694531.25,-26.74274
2196694687.5,-26.74545
2196694843.75,-26.73761
2196695000.0,-26.74213
2196695156.25,-26.73885
2196695312.5,-26.7382
2196695468.75,-26.73662
2196695625.0,-26.73404
2196695781.25,-26.73434
2196695937.5,-26.73893
2196696093.75,-26.73242
2196696250.0,-26.73259
2196696406.25,-26.73166
2196696562.5,-26.73244
2196696718.75,-26.7308
2196696875.0,-26.72855
2196697031.25,-26.72803
2196697187.5,-26.72629
2196697343.75,-26.72804
2196697500.0,-26.72293
2196697656.25,-26.72652
2196697812.5,-26.72577
2196697968.75,-26.72518
2196698125.0,-26.72202
2196698281.25,-26.72168
2196698437.5,-26.71794
2196698593.75,-26.72211
2196698750.0,-26.71576
2196698906.25,-26.71243
2196699062.5,-26.71605
2196699218.75,-26.71655
2196699375.0,-26.71704
2196699531.25,-26.7124
2196699687.5,-26.71509
2196699843.75,-26.71341
2196700000.0,-26.71073
2196700156.25,-26.71061
2196700312.5,-26.71142
2196700468.75,-26.71107
2196700625.0,-26.70852
2196700781.25,-26.70868
2196700937.5,-26.70559
2196701093.75,-26.70529
2196701250.0,-26.70389
2196701406.25,-26.70387
2196701562.5,-26.70089
2196701718.75,-26.69966
2196701875.0,-26.70143
2196702031.25,-26.70248
2196702187.5,-26.70108
2196702343.75,-26.69903
2196702500.0,-26.69513
2196702656.25,-26.69746
2196702812.5,-26.69405
2196702968.75,-26.69201
2196703125.0,-26.6898
2196703281.25,-26.69247
2196703437.5,-26.69397
2196703593.75,-26.69193
2196703750.0,-26.69187
2196703906.25,-26.68995
2196704062.5,-26.68992
2196704218.75,-26.68712
2196704375.0,-26.68458
2196704531.25,-26.6855
2196704687.5,-26.68566
2196704843.75,-26.68239
2196705000.0,-26.68341
2196705156.25,-26.68235
2196705312.5,-26.68174
2196705468.75,-26.68027
2196705625.0,-26.68139
2196705781.25,-26.67907
2196705937.5,-26.67622
2196706093.75,-26.67643
2196706250.0,-26.67334
2196706406.25,-26.67757
2196706562.5,-26.67739
2196706718.75,-26.6693
2196706875.0,-26.67322
2196707031.25,-26.67626
2196707187.5,-26.66932
2196707343.75,-26.67197
2196707500.0,-26.67239
2196707656.25,-26.66942
2196707812.5,-26.66611
2196707968.75,-26.66665
2196708125.0,-26.66779
2196708281.25,-26.667
2196708437.5,-26.66383
2196708593.75,-26.66417
2196708750.0,-26.6611
2196708906.25,-26.6607
2196709062.5,-26.66294
2196709218.75,-26.65958
2196709375.0,-26.65491
2196709531.25,-26.65899
2196709687.5,-26.65568
2196709843.75,-26.65714
2196710000.0,-26.65156
2196710156.25,-26.65505
2196710312.5,-26.65208
2196710468.75,-26.64915
2196710625.0,-26.64901
2196710781.25,-26.64925
2196710937.5,-26.64985
2196711093.75,-26.65138
2196711250.0,-26.64646
2196711406.25,-26.64524
2196711562.5,-26.64623
2196711718.75,-26.64485
2196711875.0,-26.64205
2196712031.25,-26.64422
2196712187.5,-26.64284
2196712343.75,-26.64097
2196712500.0,-26.64119
2196712656.25,-26.64459
2196712812.5,-26.63684
2196712968.75,-26.64013
2196713125.0,-26.63727
2196713281.25,-26.63379
2196713437.5,-26.63307
2196713593.75,-26.63343
2196713750.0,-26.63371
2196713906.25,-26.63243
2196714062.5,-26.63061
2196714218.75,-26.63434
2196714375.0,-26.62849
2196714531.25,-26.62885
2196714687.5,-26.62813
2196714843.75,-26.63019
2196715000.0,-26.625
2196715156.25,-26.62619
2196715312.5,-26.62818
2196715468.75,-26.62412
2196715625.0,-26.62099
2196715781.25,-26.623
2196715937.5,-26.62307
2196716093.75,-26.62031
2196716250.0,-26.62077
2196716406.25,-26.61746
2196716562.5,-26.61654
2196716718.75,-26.61502
2196716875.0,-26.61572
2196717031.25,-26.61248
2196717187.5,-26.61617
2196717343.75,-26.61036
2196717500.0,-26.61256
2196717656.25,-26.61234
2196717812.5,-26.60994
2196717968.75,-26.61039
2196718125.0,-26.60948
2196718281.25,-26.60633
2196718437.5,-26.60794
2196718593.75,-26.60351
2196718750.0,-26.60535
2196718906.25,-26.60482
2196719062.5,-26.60532
2196719218.75,-26.60211
2196719375.0,-26.59775
2196719531.25,-26.60231
2196719687.5,-26.59927
2196719843.75,-26.59879
2196720000.0,-26.5976
2196720156.25,-26.59768
2196720312.5,-26.59419
2196720468.75,-26.59479
2196720625.0,-26.59641
2196720781.25,-26.59105
2196720937.5,-26.59303
2196721093.75,-26.59118
2196721250.0,-26.58695
2196721406.25,-26.59139
2196721562.5,-26.58994
2196721718.75,-26.59022
2196721875.0,-26.58581
2196722031.25,-26.58745
2196722187.5,-26.5872
2196722343.75,-26.58532
2196722500.0,-26.58572
2196722656.25,-26.58109
2196722812.5,-26.58131
2196722968.75,-26.58139
2196723125.0,-26.58071
2196723281.25,-26.57834
2196723437.5,-26.57735
2196723593.75,-26.57516
2196723750.0,-26.5767
2196723906.25,-26.57644
2196724062.5,-26.57625
2196724218.75,-26.57311
2196724375.0,-26.5696
2196724531.25,-26.57022
2196724687.5,-26.57067
2196724843.75,-26.56926
2196725000.0,-26.5639
2196725156.25,-26.56955
2196725312.5,-26.56608
2196725468.75,-26.5649
2196725625.0,-26.56275
2196725781.25,-26.56157
2196725937.5,-26.56568
2196726093.75,-26.56111
2196726250.0,-26.56111
2196726406.25,-26.55598
2196726562.5,-26.5616
2196726718.75,-26.56063
2196726875.0,-26.56026
2196727031.25,-26.5582
2196727187.5,-26.55589
2196727343.75,-26.55342
2196727500.0,-26.55143
2196727656.25,-26.55293
2196727812.5,-26.55438
2196727968.75,-26.55275
2196728125.0,-26.54913
2196728281.25,-26.5503
2196728437.5,-26.54603
2196728593.75,-26.55094
2196728750.0,-26.55109
2196728906.25,-26.54822
2196729062.5,-26.54725
2196729218.75,-26.54527
2196729375.0,-26.54506
2196729531.25,-26.54337
2196729687.5,-26.54159
2196729843.75,-26.54006
2196730000.0,-26.54325
2196730156.25,-26.53737
2196730312.5,-26.53914
2196730468.75,-26.53745
2196730625.0,-26.53351
2196730781.25,-26.53685
2196730937.5,-26.53297
2196731093.75,-26.52994
2196731250.0,-26.53119
2196731406.25,-26.53444
2196731562.5,-26.53179
2196731718.75,-26.53165
2196731875.0,-26.52873
2196732031.25,-26.52609
2196732187.5,-26.5234
2196732343.75,-26.52413
2196732500.0,-26.52587
2196732656.25,-26.52508
2196732812.5,-26.52513
2196732968.75,-26.52291
2196733125.0,-26.52387
2196733281.25,-26.51896
2196733437.5,-26.52131
2196733593.75,-26.51818
2196733750.0,-26.5178
2196733906.25,-26.51612
2196734062.5,-26.51358
2196734218.75,-26.5172
2196734375.0,-26.51582
2196734531.25,-26.51409
2196734687.5,-26.51389
2196734843.75,-26.51153
2196735000.0,-26.51179
2196735156.25,-26.51147
2196735312.5,-26.5105
2196735468.75,-26.51341
2196735625.0,-26.50402
2196735781.25,-26.51065
2196735937.5,-26.50241
2196736093.75,-26.50273
2196736250.0,-26.5075
2196736406.25,-26.50154
2196736562.5,-26.50141
2196736718.75,-26.50255
2196736875.0,-26.50107
2196737031.25,-26.49956
2196737187.5,-26.50101
2196737343.75,-26.50013
2196737500.0,-26.49734
2196737656.25,-26.49567
2196737812.5,-26.49362
2196737968.75,-26.49273
2196738125.0,-26.49683
2196738281.25,-26.49235
2196738437.5,-26.4933
2196738593.75,-26.49177
2196738750.0,-26.48919
2196738906.25,-26.48658
2196739062.5,-26.49072
2196739218.75,-26.48627
2196739375.0,-26.48439
2196739531.25,-26.48537
2196739687.5,-26.48496
2196739843.75,-26.48276
2196740000.0,-26.4831
2196740156.25,-26.48269
2196740312.5,-26.4797
2196740468.75,-26.48225
2196740625.0,-26.47835
2196740781.25,-26.47759
2196740937.5,-26.4793
2196741093.75,-26.47403
2196741250.0,-26.47564
2196741406.25,-26.47438
2196741562.5,-26.47065
2196741718.75,-26.47074
2196741875.0,-26.47362
2196742031.25,-26.46749
2196742187.5,-26.47255
2196742343.75,-26.46663
2196742500.0,-26.46636
2196742656.25,-26.46758
2196742812.5,-26.46587
2196742968.75,-26.46271
2196743125.0,-26.46385
2196743281.25,-26.46564
2196743437.5,-26.46136
2196743593.75,-26.46358
2196743750.0,-26.45846
2196743906.25,-26.45606
2196744062.5,-26.45944
2196744218.75,-26.46109
2196744375.0,-26.46149
2196744531.25,-26.4583
2196744687.5,-26.45446
2196744843.75,-26.45351
2196745000.0,-26.45132
2196745156.25,-26.45257
2196745312.5,-26.45181
2196745468.75,-26.4498
2196745625.0,-26.44698
2196745781.25,-26.45077
2196745937.5,-26.45107
2196746093.75,-26.44714
2196746250.0,-26.44752
2196746406.25,-26.44215
2196746562.5,-26.44348
2196746718.75,-26.44438
2196746875.0,-26.44413
2196747031.25,-26.44371
2196747187.5,-26.43857
2196747343.75,-26.43836
2196747500.0,-26.43775
2196747656.25,-26.43493
2196747812.5,-26.43837
2196747968.75,-26.4339
2196748125.0,-26.43676
2196748281.25,-26.4331
2196748437.5,-26.43206
2196748593.75,-26.43317
2196748750.0,-26.43209
2196748906.25,-26.42904
2196749062.5,-26.4282
2196749218.75,-26.42959
2196749375.0,-26.43085
2196749531.25,-26.42807
2196749687.5,-26.4273
2196749843.75,-26.42429
2196750000.0,-26.42472
2196750156.25,-26.42205
2196750312.5,-26.42068
2196750468.75,-26.42386
2196750625.0,-26.4211
2196750781.25,-26.42092
2196750937.5,-26.41389
2196751093.75,-26.41829
2196751250.0,-26.41628
2196751406.25,-26.41921
2196751562.5,-26.41557
2196751718.75,-26.41566
2196751875.0,-26.4113
2196752031.25,-26.41169
2196752187.5,-26.40985
2196752343.75,-26.41002
2196752500.0,-26.41188
2196752656.25,-26.40739
2196752812.5,-26.40699
2196752968.75,-26.40705
2196753125.0,-26.40474
2196753281.25,-26.40567
2196753437.5,-26.40177
2196753593.75,-26.40559
2196753750.0,-26.40195
2196753906.25,-26.40296
2196754062.5,-26.39981
2196754218.75,-26.40248
2196754375.0,-26.40209
2196754531.25,-26.39925
2196754687.5,-26.39974
2196754843.75,-26.3993
2196755000.0,-26.39641
2196755156.25,-26.39377
2196755312.5,-26.39241
2196755468.75,-26.39338
2196755625.0,-26.38914
2196755781.25,-26.38829
2196755937.5,-26.38956
2196756093.75,-26.38972
2196756250.0,-26.38516
2196756406.25,-26.38675
2196756562.5,-26.38451
2196756718.75,-26.38584
2196756875.0,-26.38376
2196757031.25,-26.38478
2196757187.5,-26.38041
2196757343.75,-26.37961
2196757500.0,-26.37816
2196757656.25,-26.37888
2196757812.5,-26.38137
2196757968.75,-26.37878
2196758125.0,-26.38135
2196758281.25,-26.37538
2196758437.5,-26.37201
2196758593.75,-26.37564
2196758750.0,-26.36854
2196758906.25,-26.37078
2196759062.5,-26.37188
2196759218.75,-26.36846
2196759375.0,-26.37028
2196759531.25,-26.36725
2196759687.5,-26.36888
2196759843.75,-26.36892
2196760000.0,-26.36636
2196760156.25,-26.3642
2196760312.5,-26.36438
2196760468.75,-26.36415
2196760625.0,-26.35987
2196760781.25,-26.36187
2196760937.5,-26.35972
2196761093.75,-26.36086
2196761250.0,-26.35888
2196761406.25,-26.35587
2196761562.5,-26.35896
2196761718.75,-26.35391
2196761875.0,-26.35374
2196762031.25,-26.3513
2196762187.5,-26.35604
2196762343.75,-26.35302
2196762500.0,-26.35218
2196762656.25,-26.34982
2196762812.5,-26.34767
2196762968.75,-26.3456
2196763125.0,-26.34389
2196763281.25,-26.34697
2196763437.5,-26.34385
2196763593.75,-26.34552
2196763750.0,-26.34328
2196763906.25,-26.33964
2196764062.5,-26.34488
2196764218.75,-26.34363
2196764375.0,-26.33972
2196764531.25,-26.33829
2196764687.5,-26.33595
2196764843.75,-26.33551
2196765000.0,-26.33984
2196765156.25,-26.33412
2196765312.5,-26.33467
2196765468.75,-26.33438
2196765625.0,-26.33192
2196765781.25,-26.33069
2196765937.5,-26.3292
2196766093.75,-26.33112
2196766250.0,-26.32794
2196766406.25,-26.32524
2196766562.5,-26.32908
2196766718.75,-26.32462
2196766875.0,-26.32397
2196767031.25,-26.32642
2196767187.5,-26.32184
2196767343.75,-26.32293
2196767500.0,-26.32318
2196767656.25,-26.32042
2196767812.5,-26.31981
2196767968.75,-26.31773
2196768125.0,-26.3182
2196768281.25,-26.31785
2196768437.5,-26.31911
2196768593.75,-26.31618
2196768750.0,-26.31487
2196768906.25,-26.31571
2196769062.5,-26.3152
2196769218.75,-26.30916
2196769375.0,-26.31363
2196769531.25,-26.31001
2196769687.5,-26.31134
2196769843.75,-26.30871
2196770000.0,-26.30582
2196770156.25,-26.30563
2196770312.5,-26.30745
2196770468.75,-26.3042
2196770625.0,-26.30254
2196770781.25,-26.30316
2196770937.5,-26.29901
2196771093.75,-26.30052
2196771250.0,-26.29546
2196771406.25,-26.29819
2196771562.5,-26.29792
2196771718.75,-26.2958
2196771875.0,-26.29387
2196772031.25,-26.29573
2196772187.5,-26.29109
2196772343.75,-26.29194
2196772500.0,-26.28844
2196772656.25,-26.28939
2196772812.5,-26.28957
2196772968.75,-26.28976
2196773125.0,-26.28894
2196773281.25,-26.28936
2196773437.5,-26.28785
2196773593.75,-26.28226
2196773750.0,-26.28493
2196773906.25,-26.28525
2196774062.5,-26.28488
2196774218.75,-26.28166
2196774375.0,-26.27578
2196774531.25,-26.27932
2196774687.5,-26.27842
2196774843.75,-26.27872
2196775000.0,-26.27811
2196775156.25,-26.27496
2196775312.5,-26.27404
2196775468.75,-26.27488
2196775625.0,-26.27604
2196775781.25,-26.26917
2196775937.5,-26.27186
2196776093.75,-26.2721
2196776250.0,-26.26992
2196776406.25,-26.26562
2196776562.5,-26.26862
2196776718.75,-26.26963
2196776875.0,-26.26656
2196777031.25,-26.26451
2196777187.5,-26.26159
2196777343.75,-26.26218
2196777500.0,-26.26344
2196777656.25,-26.26343
2196777812.5,-26.26227
2196777968.75,-26.26112
2196778125.0,-26.25645
2196778281.25,-26.25774
2196778437.5,-26.25672
2196778593.75,-26.25498
2196778750.0,-26.25376
2196778906.25,-26.25466
2196779062.5,-26.25108
2196779218.75,-26.25103
2196779375.0,-26.25175
2196779531.25,-26.24968
2196779687.5,-26.2496
2196779843.75,-26.24677
2196780000.0,-26.24824
2196780156.25,-26.24716
2196780312.5,-26.24377
2196780468.75,-26.24729
2196780625.0,-26.24307
2196780781.25,-26.24551
2196780937.5,-26.2407
2196781093.75,-26.23864
2196781250.0,-26.24112
2196781406.25,-26.23824
2196781562.5,-26.23666
2196781718.75,-26.23968
2196781875.0,-26.2347
2196782031.25,-26.23453
2196782187.5,-26.232
2196782343.75,-26.23029
2196782500.0,-26.2293
2196782656.25,-26.23213
2196782812.5,-26.2299
2196782968.75,-26.22731
2196783125.0,-26.22848
2196783281.25,-26.22978
2196783437.5,-26.23033
2196783593.75,-26.22606
2196783750.0,-26.22456
2196783906.25,-26.22896
2196784062.5,-26.22197
2196784218.75,-26.22454
2196784375.0,-26.22099
2196784531.25,-26.2201
2196784687.5,-26.22224
2196784843.75,-26.21702
2196785000.0,-26.21342
2196785156.25,-26.21664
2196785312.5,-26.21482
2196785468.75,-26.21402
2196785625.0,-26.21494
2196785781.25,-26.21088
2196785937.5,-26.21371
2196786093.75,-26.21031
2196786250.0,-26.20745
2196786406.25,-26.20912
2196786562.5,-26.20654
2196786718.75,-26.20407
2196786875.0,-26.20681
2196787031.25,-26.20281
2196787187.5,-26.2025
2196787343.75,-26.20101
2196787500.0,-26.20101
2196787656.25,-26.20161
2196787812.5,-26.20115
2196787968.75,-26.20142
2196788125.0,-26.19716
2196788281.25,-26.19601
2196788437.5,-26.19716
2196788593.75,-26.19316
2196788750.0,-26.1978
2196788906.25,-26.19072
2196789062.5,-26.19032
2196789218.75,-26.19128
2196789375.0,-26.19226
2196789531.25,-26.18917
2196789687.5,-26.18934
2196789843.75,-26.18954
2196790000.0,-26.18774
2196790156.25,-26.18849
2196790312.5,-26.18727
2196790468.75,-26.18519
2196790625.0,-26.18123
2196790781.25,-26.18385
2196790937.5,-26.18
2196791093.75,-26.17781
2196791250.0,-26.18204
2196791406.25,-26.18037
2196791562.5,-26.17659
2196791718.75,-26.17389
2196791875.0,-26.17452
2196792031.25,-26.17775
2196792187.5,-26.17427
2196792343.75,-26.17207
2196792500.0,-26.17311
2196792656.25,-26.17469
2196792812.5,-26.17147
2196792968.75,-26.16681
2196793125.0,-26.17049
2196793281.25,-26.16585
2196793437.5,-26.16744
2196793593.75,-26.16623
2196793750.0,-26.16562
2196793906.25,-26.16721
2196794062.5,-26.16391
2196794218.75,-26.15959
2196794375.0,-26.1598
2196794531.25,-26.16108
2196794687.5,-26.15863
2196794843.75,-26.15747
2196795000.0,-26.15741
2196795156.25,-26.15333
2196795312.5,-26.1565
2196795468.75,-26.15286
2196795625.0,-26.15115
2196795781.25,-26.14771
2196795937.5,-26.14974
2196796093.75,-26.14938
2196796250.0,-26.15019
2196796406.25,-26.14625
2196796562.5,-26.14808
2196796718.75,-26.14941
2196796875.0,-26.14835
2196797031.25,-26.14408
2196797187.5,-26.14504
2196797343.75,-26.14187
2196797500.0,-26.13956
2196797656.25,-26.14232
2196797812.5,-26.13968
2196797968.75,-26.13784
2196798125.0,-26.14041
2196798281.25,-26.13418
2196798437.5,-26.13878
2196798593.75,-26.13629
2196798750.0,-26.13377
2196798906.25,-26.13559
2196799062.5,-26.13673
2196799218.75,-26.13424
2196799375.0,-26.13099
2196799531.25,-26.12936
2196799687.5,-26.13088
2196799843.75,-26.13087
2196800000.0,-26.12788
2196800156.25,-26.12384
2196800312.5,-26.12756
2196800468.75,-26.12481
2196800625.0,-26.12721
2196800781.25,-26.12324
2196800937.5,-26.12047
2196801093.75,-26.11747
2196801250.0,-26.12132
2196801406.25,-26.11614
2196801562.5,-26.11647
2196801718.75,-26.1165
2196801875.0,-26.11462
2196802031.25,-26.11773
2196802187.5,-26.11271
2196802343.75,-26.11111
2196802500.0,-26.11343
2196802656.25,-26.11157
2196802812.5,-26.10933
2196802968.75,-26.11104
2196803125.0,-26.10925
2196803281.25,-26.10635
2196803437.5,-26.10967
2196803593.75,-26.10959
2196803750.0,-26.105
2196803906.25,-26.10246
2196804062.5,-26.10229
2196804218.75,-26.10395
2196804375.0,-26.09895
2196804531.25,-26.1013
2196804687.5,-26.09724
2196804843.75,-26.10004
2196805000.0,-26.09552
2196805156.25,-26.09665
2196805312.5,-26.09329
2196805468.75,-26.09242
2196805625.0,-26.09332
2196805781.25,-26.09458
2196805937.5,-26.09114
2196806093.75,-26.09031
2196806250.0,-26.0902
2196806406.25,-26.08902
2196806562.5,-26.08434
2196806718.75,-26.08498
2196806875.0,-26.08652
2196807031.25,-26.08623
2196807187.5,-26.08439
2196807343.75,-26.08249
2196807500.0,-26.08408
2196807656.25,-26.08334
2196807812.5,-26.07868
2196807968.75,-26.07887
2196808125.0,-26.07515
2196808281.25,-26.07762
2196808437.5,-26.07479
2196808593.75,-26.07316
2196808750.0,-26.07331
2196808906.25,-26.07297
2196809062.5,-26.07568
2196809218.75,-26.07002
2196809375.0,-26.07097
2196809531.25,-26.06685
2196809687.5,-26.06837
2196809843.75,-26.06794
2196810000.0,-26.0666
2196810156.25,-26.06703
2196810312.5,-26.06676
2196810468.75,-26.0645
2196810625.0,-26.06239
2196810781.25,-26.06454
2196810937.5,-26.06009
2196811093.75,-26.05956
2196811250.0,-26.06063
2196811406.25,-26.05783
2196811562.5,-26.06111
2196811718.75,-26.05785
2196811875.0,-26.05535
2196812031.25,-26.05691
2196812187.5,-26.05392
2196812343.75,-26.05059
2196812500.0,-26.04923
2196812656.25,-26.05072
2196812812.5,-26.04916
2196812968.75,-26.04835
2196813125.0,-26.04577
2196813281.25,-26.04602
2196813437.5,-26.04605
2196813593.75,-26.04652
2196813750.0,-26.04464
2196813906.25,-26.04206
2196814062.5,-26.04135
2196814218.75,-26.04132
2196814375.0,-26.04106
2196814531.25,-26.04086
2196814687.5,-26.0438
2196814843.75,-26.03757
2196815000.0,-26.03503
2196815156.25,-26.03787
2196815312.5,-26.03366
2196815468.75,-26.03394
2196815625.0,-26.03291
2196815781.25,-26.03037
2196815937.5,-26.03336
2196816093.75,-26.03176
2196816250.0,-26.02693
2196816406.25,-26.02946
2196816562.5,-26.02834
2196816718.75,-26.0262
2196816875.0,-26.02438
2196817031.25,-26.02435
2196817187.5,-26.02126
2196817343.75,-26.02068
2196817500.0,-26.02304
2196817656.25,-26.02188
2196817812.5,-26.01984
2196817968.75,-26.01977
2196818125.0,-26.01674
2196818281.25,-26.01926
2196818437.5,-26.01444
2196818593.75,-26.01243
2196818750.0,-26.01503
2196818906.25,-26.01241
2196819062.5,-26.01061
2196819218.75,-26.01114
2196819375.0,-26.00793
2196819531.25,-26.00616
2196819687.5,-26.00994
2196819843.75,-26.0063
2196820000.0,-26.00437
2196820156.25,-26.005
2196820312.5,-26.00419
2196820468.75,-26.00554
2196820625.0,-26.00379
2196820781.25,-26.00231
2196820937.5,-26.00193
2196821093.75,-26.0012
2196821250.0,-25.99731
2196821406.25,-25.99721
2196821562.5,-25.99982
2196821718.75,-25.99536
2196821875.0,-25.99639
2196822031.25,-25.99191
2196822187.5,-25.99393
2196822343.75,-25.9875
2196822500.0,-25.99193
2196822656.25,-25.99004
2196822812.5,-25.98728
2196822968.75,-25.98759
2196823125.0,-25.98727
2196823281.25,-25.98349
2196823437.5,-25.98554
2196823593.75,-25.98759
2196823750.0,-25.98142
2196823906.25,-25.98053
2196824062.5,-25.98298
2196824218.75,-25.97865
2196824375.0,-25.98309
2196824531.25,-25.97788
2196824687.5,-25.97478
2196824843.75,-25.97762
2196825000.0,-25.97578
2196825156.25,-25.97474
2196825312.5,-25.97375
2196825468.75,-25.97583
2196825625.0,-25.97064
2196825781.25,-25.96911
2196825937.5,-25.96735
2196826093.75,-25.96839
2196826250.0,-25.96428
2196826406.25,-25.96709
2196826562.5,-25.96388
2196826718.75,-25.96736
2196826875.0,-25.96057
2196827031.25,-25.96198
2196827187.5,-25.9607
2196827343.75,-25.95983
2196827500.0,-25.95917
2196827656.25,-25.95693
2196827812.5,-25.95405
2196827968.75,-25.95753
2196828125.0,-25.95542
2196828281.25,-25.95714
2196828437.5,-25.95934
2196828593.75,-25.9529
2196828750.0,-25.95344
2196828906.25,-25.95292
2196829062.5,-25.95066
2196829218.75,-25.95153
2196829375.0,-25.94794
2196829531.25,-25.94989
2196829687.5,-25.94584
2196829843.75,-25.94462
2196830000.0,-25.94668
2196830156.25,-25.94008
2196830312.5,-25.94417
2196830468.75,-25.9419
2196830625.0,-25.94009
2196830781.25,-25.94019
2196830937.5,-25.93975
2196831093.75,-25.9363
2196831250.0,-25.93902
2196831406.25,-25.93825
2196831562.5,-25.93789
2196831718.75,-25.9332
2196831875.0,-25.93243
2196832031.25,-25.93216
2196832187.5,-25.93101
2196832343.75,-25.93103
2196832500.0,-25.93177
2196832656.25,-25.9309
2196832812.5,-25.92731
2196832968.75,-25.92445
2196833125.0,-25.92453
2196833281.25,-25.92298
2196833437.5,-25.9241
2196833593.75,-25.92159
2196833750.0,-25.92006
2196833906.25,-25.91671
2196834062.5,-25.92029
2196834218.75,-25.91817
2196834375.0,-25.92061
2196834531.25,-25.91646
2196834687.5,-25.91656
2196834843.75,-25.91623
2196835000.0,-25.91429
2196835156.25,-25.91402
2196835312.5,-25.90822
2196835468.75,-25.91269
2196835625.0,-25.90803
2196835781.25,-25.90982
2196835937.5,-25.9075
2196836093.75,-25.90842
2196836250.0,-25.9085
2196836406.25,-25.90245
2196836562.5,-25.90199
2196836718.75,-25.90298
2196836875.0,-25.90133
2196837031.25,-25.90324
2196837187.5,-25.90094
2196837343.75,-25.90413
2196837500.0,-25.90016
2196837656.25,-25.89825
2196837812.5,-25.89549
2196837968.75,-25.89662
2196838125.0,-25.89473
2196838281.25,-25.89252
2196838437.5,-25.89379
2196838593.75,-25.89195
2196838750.0,-25.89253
2196838906.25,-25.89108
2196839062.5,-25.88837
2196839218.75,-25.89034
2196839375.0,-25.88376
2196839531.25,-25.88868
2196839687.5,-25.88681
2196839843.75,-25.88521
2196840000.0,-25.88274
2196840156.25,-25.88613
2196840312.5,-25.87767
2196840468.75,-25.87849
2196840625.0,-25.8765
2196840781.25,-25.8781
2196840937.5,-25.87742
2196841093.75,-25.87411
2196841250.0,-25.87818
2196841406.25,-25.87285
2196841562.5,-25.87312
2196841718.75,-25.87573
2196841875.0,-25.87089
2196842031.25,-25.87029
2196842187.5,-25.86926
2196842343.75,-25.86778
2196842500.0,-25.86662
2196842656.25,-25.8665
2196842812.5,-25.86758
2196842968.75,-25.86517
2196843125.0,-25.86408
2196843281.25,-25.86417
2196843437.5,-25.86288
2196843593.75,-25.85856
2196843750.0,-25.86119
2196843906.25,-25.86183
2196844062.5,-25.85544
2196844218.75,-25.86047
2196844375.0,-25.85794
2196844531.25,-25.8541
2196844687.5,-25.85426
2196844843.75,-25.85329
2196845000.0,-25.85229
2196845156.25,-25.85277
2196845312.5,-25.84843
2196845468.75,-25.8474
2196845625.0,-25.84682
2196845781.25,-25.84537
2196845937.5,-25.84682
2196846093.75,-25.84701
2196846250.0,-25.84389
2196846406.25,-25.84448
2196846562.5,-25.84441
2196846718.75,-25.83824
2196846875.0,-25.83933
2196847031.25,-25.83533
2196847187.5,-25.83854
2196847343.75,-25.83851
2196847500.0,-25.83496
2196847656.25,-25.83568
2196847812.5,-25.83193
2196847968.75,-25.83085
2196848125.0,-25.8321
2196848281.25,-25.83091
2196848437.5,-25.82884
2196848593.75,-25.82986
2196848750.0,-25.83072
2196848906.25,-25.82944
2196849062.5,-25.82286
2196849218.75,-25.8242
2196849375.0,-25.82549
2196849531.25,-25.82203
2196849687.5,-25.82037
2196849843.75,-25.82105
2196850000.0,-25.82354
2196850156.25,-25.81956
2196850312.5,-25.81642
2196850468.75,-25.81674
2196850625.0,-25.81815
2196850781.25,-25.81441
2196850937.5,-25.81714
2196851093.75,-25.81471
2196851250.0,-25.81192
2196851406.25,-25.81488
2196851562.5,-25.81316
2196851718.75,-25.81247
2196851875.0,-25.80971
2196852031.25,-25.80757
2196852187.5,-25.80651
2196852343.75,-25.80767
2196852500.0,-25.80438
2196852656.25,-25.80727
2196852812.5,-25.80317
2196852968.75,-25.80381
2196853125.0,-25.80482
2196853281.25,-25.80196
2196853437.5,-25.79861
2196853593.75,-25.79678
2196853750.0,-25.79683
2196853906.25,-25.79645
2196854062.5,-25.79499
2196854218.75,-25.7948
2196854375.0,-25.79393
2196854531.25,-25.79187
2196854687.5,-25.78958
2196854843.75,-25.79069
2196855000.0,-25.79095
2196855156.25,-25.78943
2196855312.5,-25.78614
2196855468.75,-25.79046
2196855625.0,-25.78699
2196855781.25,-25.78299
2196855937.5,-25.78539
2196856093.75,-25.78497
2196856250.0,-25.7832
2196856406.25,-25.78199
2196856562.5,-25.77917
2196856718.75,-25.77764
2196856875.0,-25.77496
2196857031.25,-25.7771
2196857187.5,-25.77684
2196857343.75,-25.77502
2196857500.0,-25.7671
2196857656.25,-25.77145
2196857812.5,-25.777
2196857968.75,-25.77122
2196858125.0,-25.77188
2196858281.25,-25.77151
2196858437.5,-25.77031
2196858593.75,-25.77334
2196858750.0,-25.7676
2196858906.25,-25.76608
2196859062.5,-25.76396
2196859218.75,-25.76316
2196859375.0,-25.76344
2196859531.25,-25.76502
2196859687.5,-25.76376
2196859843.75,-25.76021
2196860000.0,-25.75937
2196860156.25,-25.75959
2196860312.5,-25.75597
2196860468.75,-25.7573
2196860625.0,-25.75912
2196860781.25,-25.75501
2196860937.5,-25.75553
2196861093.75,-25.75269
2196861250.0,-25.75031
2196861406.25,-25.75047
2196861562.5,-25.74967
2196861718.75,-25.74521
2196861875.0,-25.74776
2196862031.25,-25.744
2196862187.5,-25.74449
2196862343.75,-25.74412
2196862500.0,-25.74274
2196862656.25,-25.74015
2196862812.5,-25.73837
2196862968.75,-25.73762
2196863125.0,-25.73952
2196863281.25,-25.73569
2196863437.5,-25.73657
2196863593.75,-25.73656
2196863750.0,-25.73796
2196863906.25,-25.73443
2196864062.5,-25.7365
2196864218.75,-25.73374
2196864375.0,-25.73118
2196864531.25,-25.73054
2196864687.5,-25.73075
2196864843.75,-25.72839
2196865000.0,-25.72503
2196865156.25,-25.72965
2196865312.5,-25.7266
2196865468.75,-25.72334
2196865625.0,-25.72481
2196865781.25,-25.72223
2196865937.5,-25.72149
2196866093.75,-25.72096
2196866250.0,-25.71788
2196866406.25,-25.71638
2196866562.5,-25.71913
2196866718.75,-25.71708
2196866875.0,-25.71542
2196867031.25,-25.7128
2196867187.5,-25.70874
2196867343.75,-25.7132
2196867500.0,-25.71005
2196867656.25,-25.71156
2196867812.5,-25.70798
2196867968.75,-25.70591
2196868125.0,-25.70911
2196868281.25,-25.70793
2196868437.5,-25.70504
2196868593.75,-25.70525
2196868750.0,-25.7051
2196868906.25,-25.70436
2196869062.5,-25.70092
2196869218.75,-25.6994
2196869375.0,-25.7014
2196869531.25,-25.69836
2196869687.5,-25.69517
2196869843.75,-25.69896
2196870000.0,-25.69792
2196870156.25,-25.69459
2196870312.5,-25.69524
2196870468.75,-25.69346
2196870625.0,-25.69068
2196870781.25,-25.69156
2196870937.5,-25.69065
2196871093.75,-25.69051
2196871250.0,-25.68835
2196871406.25,-25.68718
2196871562.5,-25.68754
2196871718.75,-25.68326
2196871875.0,-25.68365
2196872031.25,-25.6791
2196872187.5,-25.68339
2196872343.75,-25.68078
2196872500.0,-25.67901
2196872656.25,-25.68247
2196872812.5,-25.67815
2196872968.75,-25.67689
2196873125.0,-25.67665
2196873281.25,-25.67513
2196873437.5,-25.67608
2196873593.75,-25.6726
2196873750.0,-25.67136
2196873906.25,-25.67407
2196874062.5,-25.66967
2196874218.75,-25.6648
2196874375.0,-25.66807
2196874531.25,-25.66831
2196874687.5,-25.66742
2196874843.75,-25.66549
2196875000.0,-25.66573
2196875156.25,-25.66241
2196875312.5,-25.66392
2196875468.75,-25.66128
2196875625.0,-25.65922
2196875781.25,-25.65908
2196875937.5,-25.65913
2196876093.75,-25.65736
2196876250.0,-25.65562
2196876406.25,-25.65562
2196876562.5,-25.65616
2196876718.75,-25.65084
2196876875.0,-25.65019
2196877031.25,-25.65271
2196877187.5,-25.64987
2196877343.75,-25.64987
2196877500.0,-25.64849
2196877656.25,-25.64582
2196877812.5,-25.64726
2196877968.75,-25.64715
2196878125.0,-25.64523
2196878281.25,-25.64402
2196878437.5,-25.64268
2196878593.75,-25.6447
2196878750.0,-25.64342
2196878906.25,-25.64096
2196879062.5,-25.64027
2196879218.75,-25.63884
2196879375.0,-25.63571
2196879531.25,-25.63776
2196879687.5,-25.63475
2196879843.75,-25.6318
2196880000.0,-25.63265
2196880156.25,-25.63306
2196880312.5,-25.63019
2196880468.75,-25.62986
2196880625.0,-25.6292
2196880781.25,-25.62609
2196880937.5,-25.62614
2196881093.75,-25.62666
2196881250.0,-25.62637
2196881406.25,-25.6254
2196881562.5,-25.62358
2196881718.75,-25.6202
2196881875.0,-25.61975
2196882031.25,-25.61971
2196882187.5,-25.61976
2196882343.75,-25.61689
2196882500.0,-25.61583
2196882656.25,-25.61527
2196882812.5,-25.61261
2196882968.75,-25.61299
2196883125.0,-25.60902
2196883281.25,-25.6097
2196883437.5,-25.60959
2196883593.75,-25.61227
2196883750.0,-25.60933
2196883906.25,-25.60975
2196884062.5,-25.6067
2196884218.75,-25.6066
2196884375.0,-25.60892
2196884531.25,-25.60715
2196884687.5,-25.60296
2196884843.75,-25.60421
2196885000.0,-25.60477
2196885156.25,-25.60139
2196885312.5,-25.59771
2196885468.75,-25.59618
2196885625.0,-25.5993
2196885781.25,-25.59474
2196885937.5,-25.59904
2196886093.75,-25.59449
2196886250.0,-25.59194
2196886406.25,-25.59374
2196886562.5,-25.5915
2196886718.75,-25.58967
2196886875.0,-25.58636
2196887031.25,-25.58945
2196887187.5,-25.58484
2196887343.75,-25.58558
2196887500.0,-25.58566
2196887656.25,-25.58282
2196887812.5,-25.58429
2196887968.75,-25.5831
2196888125.0,-25.57957
2196888281.25,-25.58412
2196888437.5,-25.5803
2196888593.75,-25.57991
2196888750.0,-25.57773
2196888906.25,-25.57494
2196889062.5,-25.57323
2196889218.75,-25.57299
2196889375.0,-25.57268
2196889531.25,-25.57083
2196889687.5,-25.57482
2196889843.75,-25.57011
2196890000.0,-25.57016
2196890156.25,-25.57034
2196890312.5,-25.56853
2196890468.75,-25.56565
2196890625.0,-25.56345
2196890781.25,-25.561
2196890937.5,-25.56382
2196891093.75,-25.56094
2196891250.0,-25.56184
2196891406.25,-25.55942
2196891562.5,-25.55997
2196891718.75,-25.56129
2196891875.0,-25.55894
2196892031.25,-25.55594
2196892187.5,-25.55629
2196892343.75,-25.55228
2196892500.0,-25.55563
2196892656.25,-25.55158
2196892812.5,-25.55099
2196892968.75,-25.5505
2196893125.0,-25.55146
2196893281.25,-25.54766
2196893437.5,-25.55021
2196893593.75,-25.54847
2196893750.0,-25.54293
2196893906.25,-25.54517
2196894062.5,-25.5438
2196894218.75,-25.54147
2196894375.0,-25.54219
2196894531.25,-25.54174
2196894687.5,-25.53856
2196894843.75,-25.53996
2196895000.0,-25.54082
2196895156.25,-25.53912
2196895312.5,-25.53255
2196895468.75,-25.53223
2196895625.0,-25.53086
2196895781.25,-25.53207
2196895937.5,-25.53401
2196896093.75,-25.53155
2196896250.0,-25.53065
2196896406.25,-25.52947
2196896562.5,-25.52944
2196896718.75,-25.526
2196896875.0,-25.52698
2196897031.25,-25.52442
2196897187.5,-25.52321
2196897343.75,-25.52172
2196897500.0,-25.52167
2196897656.25,-25.51742
2196897812.5,-25.52034
2196897968.75,-25.52138
2196898125.0,-25.51898
2196898281.25,-25.51549
2196898437.5,-25.51423
2196898593.75,-25.51311
2196898750.0,-25.51489
2196898906.25,-25.51127
2196899062.5,-25.50899
2196899218.75,-25.51151
2196899375.0,-25.51028
2196899531.25,-25.50718
2196899687.5,-25.50915
2196899843.75,-25.50636
2196900000.0,-25.50738
2196900156.25,-25.5044
2196900312.5,-25.50251
2196900468.75,-25.50192
2196900625.0,-25.49865
2196900781.25,-25.50132
2196900937.5,-25.50115
2196901093.75,-25.49928
2196901250.0,-25.49679
2196901406.25,-25.49654
2196901562.5,-25.49538
2196901718.75,-25.49763
2196901875.0,-25.49567
2196902031.25,-25.48979
2196902187.5,-25.49356
2196902343.75,-25.49236
2196902500.0,-25.49105
2196902656.25,-25.48863
2196902812.5,-25.48741
2196902968.75,-25.48791
2196903125.0,-25.48598
2196903281.25,-25.48293
2196903437.5,-25.48595
2196903593.75,-25.48237
2196903750.0,-25.48143
2196903906.25,-25.48064
2196904062.5,-25.48121
2196904218.75,-25.48076
2196904375.0,-25.48041
2196904531.25,-25.4803
2196904687.5,-25.47479
2196904843.75,-25.47879
2196905000.0,-25.47196
2196905156.25,-25.47284
2196905312.5,-25.47106
2196905468.75,-25.47006
2196905625.0,-25.47044
2196905781.25,-25.46999
2196905937.5,-25.46543
2196906093.75,-25.4673
2196906250.0,-25.4652
2196906406.25,-25.46283
2196906562.5,-25.46766
2196906718.75,-25.46459
2196906875.0,-25.4601
2196907031.25,-25.46028
2196907187.5,-25.45858
2196907343.75,-25.45869
2196907500.0,-25.45991
2196907656.25,-25.45603
2196907812.5,-25.45877
2196907968.75,-25.45418
2196908125.0,-25.45276
2196908281.25,-25.45322
2196908437.5,-25.45535
2196908593.75,-25.4529
2196908750.0,-25.4498
2196908906.25,-25.44812
2196909062.5,-25.44799
2196909218.75,-25.44902
2196909375.0,-25.44523
2196909531.25,-25.44261
2196909687.5,-25.44529
2196909843.75,-25.44585
2196910000.0,-25.44225
2196910156.25,-25.44198
2196910312.5,-25.43912
2196910468.75,-25.43852
2196910625.0,-25.43664
2196910781.25,-25.43962
2196910937.5,-25.43518
2196911093.75,-25.43597
2196911250.0,-25.43306
2196911406.25,-25.43839
2196911562.5,-25.43143
2196911718.75,-25.42852
2196911875.0,-25.43149
2196912031.25,-25.42962
2196912187.5,-25.42744
2196912343.75,-25.42678
2196912500.0,-25.4269
2196912656.25,-25.42596
2196912812.5,-25.42546
2196912968.75,-25.4219
2196913125.0,-25.4227
2196913281.25,-25.41908
2196913437.5,-25.41885
2196913593.75,-25.4194
2196913750.0,-25.42042
2196913906.25,-25.4183
2196914062.5,-25.41705
2196914218.75,-25.41489
2196914375.0,-25.41546
2196914531.25,-25.41221
2196914687.5,-25.41527
2196914843.75,-25.40852
2196915000.0,-25.40861
2196915156.25,-25.4114
2196915312.5,-25.40667
2196915468.75,-25.41086
2196915625.0,-25.40627
2196915781.25,-25.4033
2196915937.5,-25.40464
2196916093.75,-25.4037
2196916250.0,-25.40089
2196916406.25,-25.39659
2196916562.5,-25.40134
2196916718.75,-25.39804
2196916875.0,-25.39518
2196917031.25,-25.39697
2196917187.5,-25.39658
2196917343.75,-25.39431
2196917500.0,-25.39318
2196917656.25,-25.39289
2196917812.5,-25.39426
2196917968.75,-25.38598
2196918125.0,-25.39103
2196918281.25,-25.38871
2196918437.5,-25.38921
2196918593.75,-25.38761
2196918750.0,-25.3866
2196918906.25,-25.38632
2196919062.5,-25.38321
2196919218.75,-25.38605
2196919375.0,-25.38121
2196919531.25,-25.38185
2196919687.5,-25.37934
2196919843.75,-25.38005
2196920000.0,-25.37926
2196920156.25,-25.37645
2196920312.5,-25.37362
2196920468.75,-25.37582
2196920625.0,-25.37352
2196920781.25,-25.37061
2196920937.5,-25.37099
2196921093.75,-25.37184
2196921250.0,-25.37071
2196921406.25,-25.36885
2196921562.5,-25.36588
2196921718.75,-25.36756
2196921875.0,-25.36634
2196922031.25,-25.36232
2196922187.5,-25.36445
2196922343.75,-25.36308
2196922500.0,-25.35888
2196922656.25,-25.35793
2196922812.5,-25.35997
2196922968.75,-25.36143
2196923125.0,-25.35733
2196923281.25,-25.35865
2196923437.5,-25.35697
2196923593.75,-25.35343
2196923750.0,-25.35142
2196923906.25,-25.35243
2196924062.5,-25.35096
2196924218.75,-25.35171
2196924375.0,-25.3494
2196924531.25,-25.35138
2196924687.5,-25.34805
2196924843.75,-25.34304
2196925000.0,-25.34729
2196925156.25,-25.34259
2196925312.5,-25.34191
2196925468.75,-25.3425
2196925625.0,-25.34101
2196925781.25,-25.33992
2196925937.5,-25.33893
2196926093.75,-25.33863
2196926250.0,-25.33862
2196926406.25,-25.33891
2196926562.5,-25.33419
2196926718.75,-25.33278
2196926875.0,-25.33524
2196927031.25,-25.33359
2196927187.5,-25.32809
2196927343.75,-25.33079
2196927500.0,-25.32649
2196927656.25,-25.32608
2196927812.5,-25.32653
2196927968.75,-25.32697
2196928125.0,-25.32725
2196928281.25,-25.32233
2196928437.5,-25.3203
2196928593.75,-25.32476
2196928750.0,-25.32223
2196928906.25,-25.31945
2196929062.5,-25.31974
2196929218.75,-25.32104
2196929375.0,-25.31409
2196929531.25,-25.31642
2196929687.5,-25.31864
2196929843.75,-25.31306
2196930000.0,-25.31309
2196930156.25,-25.31432
2196930312.5,-25.31235
2196930468.75,-25.30917
2196930625.0,-25.31267
2196930781.25,-25.30891
2196930937.5,-25.30806
2196931093.75,-25.30713
2196931250.0,-25.3041
2196931406.25,-25.30242
2196931562.5,-25.30548
2196931718.75,-25.30255
2196931875.0,-25.30202
2196932031.25,-25.29909
2196932187.5,-25.29658
2196932343.75,-25.2962
2196932500.0,-25.29644
2196932656.25,-25.29479
2196932812.5,-25.29365
2196932968.75,-25.29074
2196933125.0,-25.29181
2196933281.25,-25.2907
2196933437.5,-25.29329
2196933593.75,-25.28937
2196933750.0,-25.2902
2196933906.25,-25.2882
2196934062.5,-25.28805
2196934218.75,-25.28649
2196934375.0,-25.28283
2196934531.25,-25.28287
2196934687.5,-25.28522
2196934843.75,-25.28057
2196935000.0,-25.27812
2196935156.25,-25.2804
2196935312.5,-25.27747
2196935468.75,-25.27601
2196935625.0,-25.27771
2196935781.25,-25.27626
2196935937.5,-25.27641
2196936093.75,-25.27572
2196936250.0,-25.27271
2196936406.25,-25.2704
2196936562.5,-25.26837
2196936718.75,-25.2707
2196936875.0,-25.26761
2196937031.25,-25.26573
2196937187.5,-25.2672
2196937343.75,-25.26435
2196937500.0,-25.26562
2196937656.25,-25.26446
2196937812.5,-25.26053
2196937968.75,-25.26121
2196938125.0,-25.26301
2196938281.25,-25.25904
2196938437.5,-25.26101
2196938593.75,-25.25723
2196938750.0,-25.25692
2196938906.25,-25.25805
2196939062.5,-25.25648
2196939218.75,-25.25142
2196939375.0,-25.25243
2196939531.25,-25.25228
2196939687.5,-25.24759
2196939843.75,-25.25085
2196940000.0,-25.24751
2196940156.25,-25.24809
2196940312.5,-25.2498
2196940468.75,-25.24702
2196940625.0,-25.2463
2196940781.25,-25.24366
2196940937.5,-25.24177
2196941093.75,-25.24182
2196941250.0,-25.24235
2196941406.25,-25.23875
2196941562.5,-25.23796
2196941718.75,-25.23912
2196941875.0,-25.23659
2196942031.25,-25.23611
2196942187.5,-25.23515
2196942343.75,-25.23223
2196942500.0,-25.23029
2196942656.25,-25.23018
2196942812.5,-25.23117
2196942968.75,-25.2289
2196943125.0,-25.22632
2196943281.25,-25.2279
2196943437.5,-25.22782
2196943593.75,-25.22648
2196943750.0,-25.22405
2196943906.25,-25.22213
2196944062.5,-25.22226
2196944218.75,-25.22029
2196944375.0,-25.21897
2196944531.25,-25.21838
2196944687.5,-25.21447
2196944843.75,-25.21664
2196945000.0,-25.21621
2196945156.25,-25.21675
2196945312.5,-25.21194
2196945468.75,-25.21243
2196945625.0,-25.21168
2196945781.25,-25.20651
2196945937.5,-25.2107
2196946093.75,-25.21136
2196946250.0,-25.20906
2196946406.25,-25.20707
2196946562.5,-25.20742
2196946718.75,-25.20487
2196946875.0,-25.2029
2196947031.25,-25.20378
2196947187.5,-25.20225
2196947343.75,-25.19995
2196947500.0,-25.19879
2196947656.25,-25.19766
2196947812.5,-25.19552
2196947968.75,-25.20049
2196948125.0,-25.19527
2196948281.25,-25.19347
2196948437.5,-25.19266
2196948593.75,-25.19265
2196948750.0,-25.1885
2196948906.25,-25.18801
2196949062.5,-25.19138
2196949218.75,-25.18481
2196949375.0,-25.18377
2196949531.25,-25.18417
2196949687.5,-25.18578
2196949843.75,-25.18149
2196950000.0,-25.18434
2196950156.25,-25.18085
2196950312.5,-25.18225
2196950468.75,-25.18137
2196950625.0,-25.17632
2196950781.25,-25.17935
2196950937.5,-25.17622
2196951093.75,-25.17516
2196951250.0,-25.1726
2196951406.25,-25.17295
2196951562.5,-25.17599
2196951718.75,-25.17322
2196951875.0,-25.16973
2196952031.25,-25.16856
2196952187.5,-25.16895
2196952343.75,-25.16721
2196952500.0,-25.16437
2196952656.25,-25.16355
2196952812.5,-25.16669
2196952968.75,-25.16355
2196953125.0,-25.16879
2196953281.25,-25.1585
2196953437.5,-25.16306
2196953593.75,-25.16022
2196953750.0,-25.15543
2196953906.25,-25.15567
2196954062.5,-25.15432
2196954218.75,-25.15497
2196954375.0,-25.15284
2196954531.25,-25.15232
2196954687.5,-25.15208
2196954843.75,-25.15446
2196955000.0,-25.14788
2196955156.25,-25.14914
2196955312.5,-25.15033
2196955468.75,-25.14707
2196955625.0,-25.14805
2196955781.25,-25.14664
2196955937.5,-25.14768
2196956093.75,-25.14402
2196956250.0,-25.14241
2196956406.25,-25.1405
2196956562.5,-25.14162
2196956718.75,-25.13914
2196956875.0,-25.13745
2196957031.25,-25.14085
2196957187.5,-25.13622
2196957343.75,-25.13258
2196957500.0,-25.13387
2196957656.25,-25.13584
2196957812.5,-25.13294
2196957968.75,-25.13147
2196958125.0,-25.12883
2196958281.25,-25.12901
2196958437.5,-25.12439
2196958593.75,-25.12427
2196958750.0,-25.12136
2196958906.25,-25.12095
2196959062.5,-25.12364
2196959218.75,-25.12047
2196959375.0,-25.12053
2196959531.25,-25.12082
2196959687.5,-25.11791
2196959843.75,-25.11857
2196960000.0,-25.11765
2196960156.25,-25.11508
2196960312.5,-25.11368
2196960468.75,-25.11705
2196960625.0,-25.10968
2196960781.25,-25.11169
2196960937.5,-25.11147
2196961093.75,-25.10748
2196961250.0,-25.10887
2196961406.25,-25.10618
2196961562.5,-25.10671
2196961718.75,-25.10457
2196961875.0,-25.10368
2196962031.25,-25.10281
2196962187.5,-25.10049
2196962343.75,-25.10484
2196962500.0,-25.10018
2196962656.25,-25.09981
2196962812.5,-25.09747
2196962968.75,-25.09581
2196963125.0,-25.09829
2196963281.25,-25.09477
2196963437.5,-25.09609
2196963593.75,-25.09282
2196963750.0,-25.09292
2196963906.25,-25.091
2196964062.5,-25.08696
2196964218.75,-25.08871
2196964375.0,-25.08609
2196964531.25,-25.08296
2196964687.5,-25.08506
2196964843.75,-25.0819
2196965000.0,-25.0852
2196965156.25,-25.08306
2196965312.5,-25.08253
2196965468.75,-25.08361
2196965625.0,-25.07943
2196965781.25,-25.07797
2196965937.5,-25.07361
2196966093.75,-25.07778
2196966250.0,-25.07508
2196966406.25,-25.07437
2196966562.5,-25.07297
2196966718.75,-25.07502
2196966875.0,-25.06941
2196967031.25,-25.07049
2196967187.5,-25.06789
2196967343.75,-25.0677
2196967500.0,-25.06819
2196967656.25,-25.06538
2196967812.5,-25.06454
2196967968.75,-25.06229
2196968125.0,-25.06049
2196968281.25,-25.06138
2196968437.5,-25.06189
2196968593.75,-25.05916
2196968750.0,-25.05717
2196968906.25,-25.05609
2196969062.5,-25.05602
2196969218.75,-25.05471
2196969375.0,-25.05194
2196969531.25,-25.05527
2196969687.5,-25.05165
2196969843.75,-25.0512
2196970000.0,-25.04803
2196970156.25,-25.04765
2196970312.5,-25.04595
2196970468.75,-25.04923
2196970625.0,-25.04678
2196970781.25,-25.04364
2196970937.5,-25.04571
2196971093.75,-25.04512
2196971250.0,-25.0411
2196971406.25,-25.04074
2196971562.5,-25.03714
2196971718.75,-25.04104
2196971875.0,-25.03665
2196972031.25,-25.03624
2196972187.5,-25.03561
2196972343.75,-25.03321
2196972500.0,-25.03259
2196972656.25,-25.03197
2196972812.5,-25.03282
2196972968.75,-25.03141
2196973125.0,-25.03078
2196973281.25,-25.02889
2196973437.5,-25.03032
2196973593.75,-25.02536
2196973750.0,-25.02455
2196973906.25,-25.02448
2196974062.5,-25.02473
2196974218.75,-25.02258
2196974375.0,-25.02265
2196974531.25,-25.019
2196974687.5,-25.01811
2196974843.75,-25.01892
2196975000.0,-25.01511
2196975156.25,-25.01352
2196975312.5,-25.01453
2196975468.75,-25.01433
2196975625.0,-25.01356
2196975781.25,-25.01168
2196975937.5,-25.00955
2196976093.75,-25.01129
2196976250.0,-25.00663
2196976406.25,-25.00974
2196976562.5,-25.00725
2196976718.75,-25.00693
2196976875.0,-25.00662
2196977031.25,-25.00427
2196977187.5,-25.00135
2196977343.75,-24.99963
2196977500.0,-25.00015
2196977656.25,-24.99916
2196977812.5,-24.99729
2196977968.75,-24.99535
2196978125.0,-24.99485
2196978281.25,-24.9954
2196978437.5,-24.99632
2196978593.75,-24.99069
2196978750.0,-24.99607
2196978906.25,-24.99186
2196979062.5,-24.98838
2196979218.75,-24.99051
2196979375.0,-24.98854
2196979531.25,-24.98799
2196979687.5,-24.98555
2196979843.75,-24.98516
2196980000.0,-24.98101
2196980156.25,-24.98256
2196980312.5,-24.98142
2196980468.75,-24.98026
2196980625.0,-24.97816
2196980781.25,-24.9783
2196980937.5,-24.98194
2196981093.75,-24.97647
2196981250.0,-24.97462
2196981406.25,-24.97304
2196981562.5,-24.9714
2196981718.75,-24.97396
2196981875.0,-24.96913
2196982031.25,-24.96788
2196982187.5,-24.96825
2196982343.75,-24.96729
2196982500.0,-24.96578
2196982656.25,-24.96728
2196982812.5,-24.96535
2196982968.75,-24.96156
2196983125.0,-24.96287
2196983281.25,-24.96242
2196983437.5,-24.95862
2196983593.75,-24.96107
2196983750.0,-24.95959
2196983906.25,-24.95538
2196984062.5,-24.95546
2196984218.75,-24.95447
2196984375.0,-24.9508
2196984531.25,-24.95206
2196984687.5,-24.95183
2196984843.75,-24.95208
2196985000.0,-24.94952
2196985156.25,-24.94909
2196985312.5,-24.94801
2196985468.75,-24.9459
2196985625.0,-24.94345
2196985781.25,-24.9435
2196985937.5,-24.94225
2196986093.75,-24.94446
2196986250.0,-24.94314
2196986406.25,-24.93789
2196986562.5,-24.93884
2196986718.75,-24.93882
2196986875.0,-24.93605
2196987031.25,-24.93631
2196987187.5,-24.93534
2196987343.75,-24.93399
2196987500.0,-24.93517
2196987656.25,-24.9335
2196987812.5,-24.93039
2196987968.75,-24.92846
2196988125.0,-24.92926
2196988281.25,-24.92903
2196988437.5,-24.93114
2196988593.75,-24.92345
2196988750.0,-24.92118
2196988906.25,-24.92408
2196989062.5,-24.92362
2196989218.75,-24.92173
2196989375.0,-24.92048
2196989531.25,-24.9167
2196989687.5,-24.91689
2196989843.75,-24.91689
2196990000.0,-24.91673
2196990156.25,-24.91601
2196990312.5,-24.91309
2196990468.75,-24.91476
2196990625.0,-24.91354
2196990781.25,-24.91358
2196990937.5,-24.90823
2196991093.75,-24.90821
2196991250.0,-24.90976
2196991406.25,-24.90646
2196991562.5,-24.9066
2196991718.75,-24.90169
2196991875.0,-24.90289
2196992031.25,-24.90204
2196992187.5,-24.89915
2196992343.75,-24.89977
2196992500.0,-24.8986
2196992656.25,-24.90188
2196992812.5,-24.89929
2196992968.75,-24.89602
2196993125.0,-24.89309
2196993281.25,-24.89345
2196993437.5,-24.89367
2196993593.75,-24.89001
2196993750.0,-24.88915
2196993906.25,-24.88749
2196994062.5,-24.89139
2196994218.75,-24.88903
2196994375.0,-24.88607
2196994531.25,-24.88675
2196994687.5,-24.88396
2196994843.75,-24.88332
2196995000.0,-24.88129
2196995156.25,-24.88075
2196995312.5,-24.87963
2196995468.75,-24.87627
2196995625.0,-24.87649
2196995781.25,-24.87798
2196995937.5,-24.87302
2196996093.75,-24.87126
2196996250.0,-24.87283
2196996406.25,-24.87382
2196996562.5,-24.87046
2196996718.75,-24.86823
2196996875.0,-24.86811
2196997031.25,-24.86806
2196997187.5,-24.86841
2196997343.75,-24.86714
2196997500.0,-24.86385
2196997656.25,-24.86461
2196997812.5,-24.86177
2196997968.75,-24.85864
2196998125.0,-24.85979
2196998281.25,-24.86015
2196998437.5,-24.85914
2196998593.75,-24.85355
2196998750.0,-24.85595
2196998906.25,-24.85464
2196999062.5,-24.85511
2196999218.75,-24.85599
2196999375.0,-24.85066
2196999531.25,-24.85262
2196999687.5,-24.85009
2196999843.75,-24.84715
2197000000.0,-24.8481
2197000156.25,-24.84938
2197000312.5,-24.84423
2197000468.75,-24.84282
2197000625.0,-24.8438
2197000781.25,-24.84194
2197000937.5,-24.84133
2197001093.75,-24.84025
2197001250.0,-24.84026
2197001406.25,-24.83888
2197001562.5,-24.8343
2197001718.75,-24.83788
2197001875.0,-24.83421
2197002031.25,-24.83584
2197002187.5,-24.83309
2197002343.75,-24.83004
2197002500.0,-24.83046
2197002656.25,-24.82919
2197002812.5,-24.82749
2197002968.75,-24.82834
2197003125.0,-24.82735
2197003281.25,-24.82643
2197003437.5,-24.82318
2197003593.75,-24.82304
2197003750.0,-24.82316
2197003906.25,-24.81905
2197004062.5,-24.81985
2197004218.75,-24.81828
2197004375.0,-24.81882
2197004531.25,-24.81606
2197004687.5,-24.81752
2197004843.75,-24.81393
2197005000.0,-24.81138
2197005156.25,-24.81418
2197005312.5,-24.81078
2197005468.75,-24.81042
2197005625.0,-24.81042
2197005781.25,-24.80997
2197005937.5,-24.80729
2197006093.75,-24.8069
2197006250.0,-24.80434
2197006406.25,-24.80463
2197006562.5,-24.79994
2197006718.75,-24.80091
2197006875.0,-24.79966
2197007031.25,-24.79865
2197007187.5,-24.7986
2197007343.75,-24.79732
2197007500.0,-24.79536
2197007656.25,-24.79376
2197007812.5,-24.79263
2197007968.75,-24.79477
2197008125.0,-24.79239
2197008281.25,-24.78919
2197008437.5,-24.79091
2197008593.75,-24.78928
2197008750.0,-24.7885
2197008906.25,-24.78412
2197009062.5,-24.78428
2197009218.75,-24.78281
2197009375.0,-24.78293
2197009531.25,-24.78062
2197009687.5,-24.77957
2197009843.75,-24.78076
2197010000.0,-24.77663
2197010156.25,-24.7765
2197010312.5,-24.77605
2197010468.75,-24.77366
2197010625.0,-24.77386
2197010781.25,-24.77268
2197010937.5,-24.76832
2197011093.75,-24.77158
2197011250.0,-24.7702
2197011406.25,-24.76982
2197011562.5,-24.76803
2197011718.75,-24.76452
2197011875.0,-24.76453
2197012031.25,-24.76399
2197012187.5,-24.76446
2197012343.75,-24.7618
2197012500.0,-24.7643
2197012656.25,-24.76055
2197012812.5,-24.75986
2197012968.75,-24.757
2197013125.0,-24.7582
2197013281.25,-24.7538
2197013437.5,-24.75473
2197013593.75,-24.75226
2197013750.0,-24.75175
2197013906.25,-24.75263
2197014062.5,-24.74823
2197014218.75,-24.75331
2197014375.0,-24.74818
2197014531.25,-24.74615
2197014687.5,-24.74842
2197014843.75,-24.74643
2197015000.0,-24.74336
2197015156.25,-24.7443
2197015312.5,-24.74253
2197015468.75,-24.74108
2197015625.0,-24.74196
2197015781.25,-24.73662
2197015937.5,-24.73657
2197016093.75,-24.73561
2197016250.0,-24.73665
2197016406.25,-24.73374
2197016562.5,-24.73247
2197016718.75,-24.73192
2197016875.0,-24.73198
2197017031.25,-24.72982
2197017187.5,-24.72862
2197017343.75,-24.72957
2197017500.0,-24.72674
2197017656.25,-24.72751
2197017812.5,-24.72333
2197017968.75,-24.72211
2197018125.0,-24.72489
2197018281.25,-24.71918
2197018437.5,-24.7196
2197018593.75,-24.71868
2197018750.0,-24.71849
2197018906.25,-24.71637
2197019062.5,-24.71447
2197019218.75,-24.71148
2197019375.0,-24.71134
2197019531.25,-24.71155
2197019687.5,-24.71169
2197019843.75,-24.70897
2197020000.0,-24.70814
2197020156.25,-24.70867
2197020312.5,-24.70701
2197020468.75,-24.70527
2197020625.0,-24.70374
2197020781.25,-24.70319
2197020937.5,-24.70194
2197021093.75,-24.69915
2197021250.0,-24.70041
2197021406.25,-24.70024
2197021562.5,-24.6994
2197021718.75,-24.6957
2197021875.0,-24.69532
2197022031.25,-24.69625
2197022187.5,-24.69368
2197022343.75,-24.69585
2197022500.0,-24.69003
2197022656.25,-24.69015
2197022812.5,-24.68863
2197022968.75,-24.6884
2197023125.0,-24.68575
2197023281.25,-24.68752
2197023437.5,-24.68635
2197023593.75,-24.6851
2197023750.0,-24.68442
2197023906.25,-24.67989
2197024062.5,-24.68177
2197024218.75,-24.67826
2197024375.0,-24.67858
2197024531.25,-24.67636
2197024687.5,-24.67424
2197024843.75,-24.67462
2197025000.0,-24.674
2197025156.25,-24.67271
2197025312.5,-24.67274
2197025468.75,-24.66959
2197025625.0,-24.6661
2197025781.25,-24.67053
2197025937.5,-24.6665
2197026093.75,-24.66869
2197026250.0,-24.6664
2197026406.25,-24.66107
2197026562.5,-24.6612
2197026718.75,-24.6629
2197026875.0,-24.66113
2197027031.25,-24.66074
2197027187.5,-24.66083
2197027343.75,-24.65859
2197027500.0,-24.65579
2197027656.25,-24.65484
2197027812.5,-24.65506
2197027968.75,-24.65179
2197028125.0,-24.65426
2197028281.25,-24.65147
2197028437.5,-24.65102
2197028593.75,-24.64957
2197028750.0,-24.64935
2197028906.25,-24.64856
2197029062.5,-24.64439
2197029218.75,-24.6413
2197029375.0,-24.64359
2197029531.25,-24.64314
2197029687.5,-24.64076
2197029843.75,-24.64077
2197030000.0,-24.64009
2197030156.25,-24.63486
2197030312.5,-24.63703
2197030468.75,-24.63679
2197030625.0,-24.63543
2197030781.25,-24.63533
2197030937.5,-24.62981
2197031093.75,-24.63368
2197031250.0,-24.62964
2197031406.25,-24.63
2197031562.5,-24.62872
2197031718.75,-24.6239
2197031875.0,-24.62467
2197032031.25,-24.62585
2197032187.5,-24.62192
2197032343.75,-24.62195
2197032500.0,-24.62242
2197032656.25,-24.62137
2197032812.5,-24.61797
2197032968.75,-24.61778
2197033125.0,-24.61647
2197033281.25,-24.616
2197033437.5,-24.61667
2197033593.75,-24.61024
2197033750.0,-24.61012
2197033906.25,-24.60794
2197034062.5,-24.60712
2197034218.75,-24.60913
2197034375.0,-24.60774
2197034531.25,-24.60523
2197034687.5,-24.6063
2197034843.75,-24.60523
2197035000.0,-24.60451
2197035156.25,-24.60329
2197035312.5,-24.60125
2197035468.75,-24.59943
2197035625.0,-24.59741
2197035781.25,-24.5986
2197035937.5,-24.59723
2197036093.75,-24.59464
2197036250.0,-24.59368
2197036406.25,-24.59159
2197036562.5,-24.59416
2197036718.75,-24.59347
2197036875.0,-24.59263
2197037031.25,-24.58702
2197037187.5,-24.5834
2197037343.75,-24.58771
2197037500.0,-24.58775
2197037656.25,-24.58397
2197037812.5,-24.58274
2197037968.75,-24.58279
2197038125.0,-24.58273
2197038281.25,-24.57586
2197038437.5,-24.58151
2197038593.75,-24.57963
2197038750.0,-24.57559
2197038906.25,-24.57324
2197039062.5,-24.57192
2197039218.75,-24.57424
2197039375.0,-24.57377
2197039531.25,-24.56853
2197039687.5,-24.57167
2197039843.75,-24.56707
2197040000.0,-24.56902
2197040156.25,-24.56678
2197040312.5,-24.56451
2197040468.75,-24.56572
2197040625.0,-24.56541
2197040781.25,-24.56169
2197040937.5,-24.56071
2197041093.75,-24.5596
2197041250.0,-24.55847
2197041406.25,-24.55761
2197041562.5,-24.556
2197041718.75,-24.55877
2197041875.0,-24.55419
2197042031.25,-24.55247
2197042187.5,-24.55217
2197042343.75,-24.55234
2197042500.0,-24.55166
2197042656.25,-24.54559
2197042812.5,-24.54729
2197042968.75,-24.54546
2197043125.0,-24.54398
2197043281.25,-24.54348
2197043437.5,-24.54343
2197043593.75,-24.54117
2197043750.0,-24.53992
2197043906.25,-24.53559
2197044062.5,-24.53838
2197044218.75,-24.53755
2197044375.0,-24.53634
2197044531.25,-24.5352
2197044687.5,-24.5332
2197044843.75,-24.53336
2197045000.0,-24.5325
2197045156.25,-24.53069
2197045312.5,-24.52649
2197045468.75,-24.52758
2197045625.0,-24.52904
2197045781.25,-24.52678
2197045937.5,-24.52713
2197046093.75,-24.52421
2197046250.0,-24.52423
2197046406.25,-24.52557
2197046562.5,-24.52042
2197046718.75,-24.51748
2197046875.0,-24.51821
2197047031.25,-24.51637
2197047187.5,-24.51643
2197047343.75,-24.51487
2197047500.0,-24.51362
2197047656.25,-24.51615
2197047812.5,-24.51253
2197047968.75,-24.51039
2197048125.0,-24.50916
2197048281.25,-24.50683
2197048437.5,-24.50347
2197048593.75,-24.50316
2197048750.0,-24.50598
2197048906.25,-24.50694
2197049062.5,-24.50469
2197049218.75,-24.50258
2197049375.0,-24.50324
2197049531.25,-24.50104
2197049687.5,-24.50024
2197049843.75,-24.49678
2197050000.0,-24.49639
2197050156.25,-24.49493
2197050312.5,-24.49556
2197050468.75,-24.49445
2197050625.0,-24.49181
2197050781.25,-24.49211
2197050937.5,-24.49183
2197051093.75,-24.48749
2197051250.0,-24.4856
2197051406.25,-24.48639
2197051562.5,-24.48654
2197051718.75,-24.4857
2197051875.0,-24.48312
2197052031.25,-24.48363
2197052187.5,-24.47929
2197052343.75,-24.47942
2197052500.0,-24.48038
2197052656.25,-24.47891
2197052812.5,-24.47602
2197052968.75,-24.47412
2197053125.0,-24.47159
2197053281.25,-24.47213
2197053437.5,-24.47149
2197053593.75,-24.46996
2197053750.0,-24.47117
2197053906.25,-24.47081
2197054062.5,-24.46621
2197054218.75,-24.46502
2197054375.0,-24.4651
2197054531.25,-24.46549
2197054687.5,-24.4614
2197054843.75,-24.46149
2197055000.0,-24.46004
2197055156.25,-24.45749
2197055312.5,-24.45603
2197055468.75,-24.45568
2197055625.0,-24.45692
2197055781.25,-24.45418
2197055937.5,-24.45453
2197056093.75,-24.45461
2197056250.0,-24.45137
2197056406.25,-24.44995
2197056562.5,-24.44757
2197056718.75,-24.44847
2197056875.0,-24.44802
2197057031.25,-24.44574
2197057187.5,-24.44445
2197057343.75,-24.44246
2197057500.0,-24.44253
2197057656.25,-24.44019
2197057812.5,-24.4378
2197057968.75,-24.43745
2197058125.0,-24.43841
2197058281.25,-24.4361
2197058437.5,-24.43637
2197058593.75,-24.43514
2197058750.0,-24.43144
2197058906.25,-24.43165
2197059062.5,-24.42925
2197059218.75,-24.4273
2197059375.0,-24.42688
2197059531.25,-24.42633
2197059687.5,-24.42437
2197059843.75,-24.42326
2197060000.0,-24.41958
2197060156.25,-24.4214
2197060312.5,-24.42071
2197060468.75,-24.42005
2197060625.0,-24.41785
2197060781.25,-24.4181
2197060937.5,-24.41917
2197061093.75,-24.41302
2197061250.0,-24.4149
2197061406.25,-24.41336
2197061562.5,-24.41295
2197061718.75,-24.40883
2197061875.0,-24.41009
2197062031.25,-24.41121
2197062187.5,-24.40837
2197062343.75,-24.40576
2197062500.0,-24.40725
2197062656.25,-24.40433
2197062812.5,-24.40142
2197062968.75,-24.4017
2197063125.0,-24.40119
2197063281.25,-24.39952
2197063437.5,-24.39782
2197063593.75,-24.39731
2197063750.0,-24.39499
2197063906.25,-24.39604
2197064062.5,-24.39178
2197064218.75,-24.39403
2197064375.0,-24.39149
2197064531.25,-24.38901
2197064687.5,-24.39039
2197064843.75,-24.38859
2197065000.0,-24.38475
2197065156.25,-24.38556
2197065312.5,-24.38333
2197065468.75,-24.38423
2197065625.0,-24.38057
2197065781.25,-24.38143
2197065937.5,-24.38249
2197066093.75,-24.37815
2197066250.0,-24.37861
2197066406.25,-24.37841
2197066562.5,-24.37417
2197066718.75,-24.37328
2197066875.0,-24.37369
2197067031.25,-24.37401
2197067187.5,-24.37107
2197067343.75,-24.36977
2197067500.0,-24.36777
2197067656.25,-24.36461
2197067812.5,-24.36786
2197067968.75,-24.36432
2197068125.0,-24.36409
2197068281.25,-24.36331
2197068437.5,-24.36214
2197068593.75,-24.36138
2197068750.0,-24.35859
2197068906.25,-24.35916
2197069062.5,-24.35682
2197069218.75,-24.35523
2197069375.0,-24.35435
2197069531.25,-24.35579
2197069687.5,-24.35465
2197069843.75,-24.35228
2197070000.0,-24.34723
2197070156.25,-24.35015
2197070312.5,-24.34697
2197070468.75,-24.34599
2197070625.0,-24.34691
2197070781.25,-24.34767
2197070937.5,-24.34406
2197071093.75,-24.34186
2197071250.0,-24.34312
2197071406.25,-24.34247
2197071562.5,-24.33685
2197071718.75,-24.3392
2197071875.0,-24.33945
2197072031.25,-24.33609
2197072187.5,-24.33505
2197072343.75,-24.33362
2197072500.0,-24.33096
2197072656.25,-24.32652
2197072812.5,-24.3278
2197072968.75,-24.32819
2197073125.0,-24.32618
2197073281.25,-24.32815
2197073437.5,-24.32485
2197073593.75,-24.32356
2197073750.0,-24.32339
2197073906.25,-24.32243
2197074062.5,-24.3205
2197074218.75,-24.31818
2197074375.0,-24.3194
2197074531.25,-24.31796
2197074687.5,-24.31907
2197074843.75,-24.31631
2197075000.0,-24.31168
2197075156.25,-24.31335
2197075312.5,-24.31201
2197075468.75,-24.30824
2197075625.0,-24.30747
2197075781.25,-24.30826
2197075937.5,-24.30737
2197076093.75,-24.30362
2197076250.0,-24.30533
2197076406.25,-24.30186
2197076562.5,-24.30141
2197076718.75,-24.30176
2197076875.0,-24.30067
2197077031.25,-24.29817
2197077187.5,-24.29747
2197077343.75,-24.29647
2197077500.0,-24.29361
2197077656.25,-24.292
2197077812.5,-24.29216
2197077968.75,-24.28971
2197078125.0,-24.29245
2197078281.25,-24.28851
2197078437.5,-24.28699
2197078593.75,-24.2897
2197078750.0,-24.28587
2197078906.25,-24.28499
2197079062.5,-24.28595
2197079218.75,-24.28191
2197079375.0,-24.28336
2197079531.25,-24.2782
2197079687.5,-24.27847
2197079843.75,-24.27728
2197080000.0,-24.27532
2197080156.25,-24.27472
2197080312.5,-24.27192
2197080468.75,-24.27373
2197080625.0,-24.26782
2197080781.25,-24.27027
2197080937.5,-24.26948
2197081093.75,-24.2663
2197081250.0,-24.26788
2197081406.25,-24.26538
2197081562.5,-24.26509
2197081718.75,-24.26431
2197081875.0,-24.2648
2197082031.25,-24.26184
2197082187.5,-24.26015
2197082343.75,-24.25912
2197082500.0,-24.25719
2197082656.25,-24.25639
2197082812.5,-24.25674
2197082968.75,-24.25571
2197083125.0,-24.25304
2197083281.25,-24.24944
2197083437.5,-24.24959
2197083593.75,-24.2513
2197083750.0,-24.24723
2197083906.25,-24.24637
2197084062.5,-24.24885
2197084218.75,-24.24511
2197084375.0,-24.2447
2197084531.25,-24.24416
2197084687.5,-24.2423
2197084843.75,-24.24024
2197085000.0,-24.24183
2197085156.25,-24.23808
2197085312.5,-24.23759
2197085468.75,-24.23709
2197085625.0,-24.23573
2197085781.25,-24.23186
2197085937.5,-24.23313
2197086093.75,-24.23176
2197086250.0,-24.23007
2197086406.25,-24.22727
2197086562.5,-24.22832
2197086718.75,-24.22758
2197086875.0,-24.22628
2197087031.25,-24.22345
2197087187.5,-24.22102
2197087343.75,-24.22238
2197087500.0,-24.2213
2197087656.25,-24.21987
2197087812.5,-24.21659
2197087968.75,-24.21624
2197088125.0,-24.21709
2197088281.25,-24.21388
2197088437.5,-24.21163
2197088593.75,-24.2131
2197088750.0,-24.21198
2197088906.25,-24.21236
2197089062.5,-24.2087
2197089218.75,-24.20634
2197089375.0,-24.20806
2197089531.25,-24.2037
2197089687.5,-24.20488
2197089843.75,-24.20621
2197090000.0,-24.20052
2197090156.25,-24.19988
2197090312.5,-24.2
2197090468.75,-24.19812
2197090625.0,-24.19789
2197090781.25,-24.19549
2197090937.5,-24.19545
2197091093.75,-24.19631
2197091250.0,-24.19195
2197091406.25,-24.1902
2197091562.5,-24.18945
2197091718.75,-24.19093
2197091875.0,-24.18894
2197092031.25,-24.18511
2197092187.5,-24.18493
2197092343.75,-24.18604
2197092500.0,-24.1828
2197092656.25,-24.18132
2197092812.5,-24.18192
2197092968.75,-24.17917
2197093125.0,-24.18043
2197093281.25,-24.17724
2197093437.5,-24.17602
2197093593.75,-24.1761
2197093750.0,-24.17177
2197093906.25,-24.17282
2197094062.5,-24.17212
2197094218.75,-24.16866
2197094375.0,-24.16932
2197094531.25,-24.168
2197094687.5,-24.16661
2197094843.75,-24.16476
2197095000.0,-24.16223
2197095156.25,-24.16336
2197095312.5,-24.16363
2197095468.75,-24.1611
2197095625.0,-24.15777
2197095781.25,-24.15852
2197095937.5,-24.15634
2197096093.75,-24.15381
2197096250.0,-24.15417
2197096406.25,-24.15458
2197096562.5,-24.15236
2197096718.75,-24.15161
2197096875.0,-24.15038
2197097031.25,-24.15125
2197097187.5,-24.15023
2197097343.75,-24.14566
2197097500.0,-24.14616
2197097656.25,-24.1454
2197097812.5,-24.14682
2197097968.75,-24.14081
2197098125.0,-24.13772
2197098281.25,-24.13911
2197098437.5,-24.13808
2197098593.75,-24.13997
2197098750.0,-24.13598
2197098906.25,-24.132
2197099062.5,-24.13136
2197099218.75,-24.13267
2197099375.0,-24.13142
2197099531.25,-24.12865
2197099687.5,-24.12834
2197099843.75,-24.12643
2197100000.0,-24.12723
2197100156.25,-24.1242
2197100312.5,-24.12499
2197100468.75,-24.12539
2197100625.0,-24.12139
2197100781.25,-24.12129
2197100937.5,-24.12223
2197101093.75,-24.11918
2197101250.0,-24.11637
2197101406.25,-24.11633
2197101562.5,-24.11852
2197101718.75,-24.11297
2197101875.0,-24.1131
2197102031.25,-24.11129
2197102187.5,-24.11218
2197102343.75,-24.10894
2197102500.0,-24.10566
2197102656.25,-24.10314
2197102812.5,-24.10488
2197102968.75,-24.10497
2197103125.0,-24.1036
2197103281.25,-24.10292
2197103437.5,-24.09797
2197103593.75,-24.10177
2197103750.0,-24.09623
2197103906.25,-24.09722
2197104062.5,-24.09789
2197104218.75,-24.09453
2197104375.0,-24.09348
2197104531.25,-24.09476
2197104687.5,-24.09059
2197104843.75,-24.08912
2197105000.0,-24.08652
2197105156.25,-24.08695
2197105312.5,-24.08648
2197105468.75,-24.08363
2197105625.0,-24.08557
2197105781.25,-24.08372
2197105937.5,-24.08297
2197106093.75,-24.08412
2197106250.0,-24.07895
2197106406.25,-24.07928
2197106562.5,-24.07648
2197106718.75,-24.07311
2197106875.0,-24.07158
2197107031.25,-24.07258
2197107187.5,-24.0723
2197107343.75,-24.07254
2197107500.0,-24.06959
2197107656.25,-24.06465
2197107812.5,-24.0673
2197107968.75,-24.06546
2197108125.0,-24.06428
2197108281.25,-24.0648
2197108437.5,-24.05977
2197108593.75,-24.06061
2197108750.0,-24.06011
2197108906.25,-24.05694
2197109062.5,-24.05624
2197109218.75,-24.05894
2197109375.0,-24.05598
2197109531.25,-24.05759
2197109687.5,-24.05079
2197109843.75,-24.05091
2197110000.0,-24.05146
2197110156.25,-24.04844
2197110312.5,-24.0488
2197110468.75,-24.04802
2197110625.0,-24.04672
2197110781.25,-24.04584
2197110937.5,-24.04483
2197111093.75,-24.04239
2197111250.0,-24.04059
2197111406.25,-24.03701
2197111562.5,-24.03597
2197111718.75,-24.03966
2197111875.0,-24.03321
2197112031.25,-24.03648
2197112187.5,-24.03536
2197112343.75,-24.03317
2197112500.0,-24.03101
2197112656.25,-24.03109
2197112812.5,-24.02782
2197112968.75,-24.02885
2197113125.0,-24.02725
2197113281.25,-24.02808
2197113437.5,-24.02389
2197113593.75,-24.0233
2197113750.0,-24.02277
2197113906.25,-24.02267
2197114062.5,-24.02348
2197114218.75,-24.01788
2197114375.0,-24.01655
2197114531.25,-24.01764
2197114687.5,-24.01483
2197114843.75,-24.01432
2197115000.0,-24.01148
2197115156.25,-24.01219
2197115312.5,-24.00839
2197115468.75,-24.00743
2197115625.0,-24.00854
2197115781.25,-24.0038
2197115937.5,-24.00426
2197116093.75,-24.00538
2197116250.0,-24.00424
2197116406.25,-24.00378
2197116562.5,-24.0015
2197116718.75,-23.99781
2197116875.0,-23.99708
2197117031.25,-23.99649
2197117187.5,-23.99691
2197117343.75,-23.99605
2197117500.0,-23.99309
2197117656.25,-23.99133
2197117812.5,-23.99055
2197117968.75,-23.99071
2197118125.0,-23.98996
2197118281.25,-23.98777
2197118437.5,-23.98526
2197118593.75,-23.98453
2197118750.0,-23.98081
2197118906.25,-23.98238
2197119062.5,-23.98282
2197119218.75,-23.97961
2197119375.0,-23.97992
2197119531.25,-23.98
2197119687.5,-23.97277
2197119843.75,-23.97649
2197120000.0,-23.97178
2197120156.25,-23.97283
2197120312.5,-23.9721
2197120468.75,-23.97138
2197120625.0,-23.97078
2197120781.25,-23.9665
2197120937.5,-23.96625
2197121093.75,-23.96655
2197121250.0,-23.96483
2197121406.25,-23.96544
2197121562.5,-23.96234
2197121718.75,-23.96049
2197121875.0,-23.95892
2197122031.25,-23.95911
2197122187.5,-23.95786
2197122343.75,-23.9578
2197122500.0,-23.95358
2197122656.25,-23.95687
2197122812.5,-23.95308
2197122968.75,-23.95041
2197123125.0,-23.95016
2197123281.25,-23.94795
2197123437.5,-23.9487
2197123593.75,-23.94543
2197123750.0,-23.94555
2197123906.25,-23.94425
2197124062.5,-23.94171
2197124218.75,-23.94343
2197124375.0,-23.93933
2197124531.25,-23.9386
2197124687.5,-23.93722
2197124843.75,-23.9362
2197125000.0,-23.9344
2197125156.25,-23.93511
2197125312.5,-23.93682
2197125468.75,-23.93264
2197125625.0,-23.9306
2197125781.25,-23.93029
2197125937.5,-23.92978
2197126093.75,-23.9277
2197126250.0,-23.92565
2197126406.25,-23.9258
2197126562.5,-23.92598
2197126718.75,-23.92074
2197126875.0,-23.9205
2197127031.25,-23.9214
2197127187.5,-23.91792
2197127343.75,-23.91633
2197127500.0,-23.91622
2197127656.25,-23.9154
2197127812.5,-23.91474
2197127968.75,-23.91006
2197128125.0,-23.91107
2197128281.25,-23.90967
2197128437.5,-23.90869
2197128593.75,-23.90779
2197128750.0,-23.90641
2197128906.25,-23.90827
2197129062.5,-23.90238
2197129218.75,-23.90396
2197129375.0,-23.90096
2197129531.25,-23.90063
2197129687.5,-23.90004
2197129843.75,-23.89797
2197130000.0,-23.89702
2197130156.25,-23.89442
2197130312.5,-23.89442
2197130468.75,-23.89087
2197130625.0,-23.89027
2197130781.25,-23.89128
2197130937.5,-23.88922
2197131093.75,-23.88969
2197131250.0,-23.88944
2197131406.25,-23.88638
2197131562.5,-23.886
2197131718.75,-23.88375
2197131875.0,-23.88373
2197132031.25,-23.88126
2197132187.5,-23.88039
2197132343.75,-23.87948
2197132500.0,-23.877
2197132656.25,-23.87631
2197132812.5,-23.87565
2197132968.75,-23.87295
2197133125.0,-23.8742
2197133281.25,-23.87166
2197133437.5,-23.87071
2197133593.75,-23.86938
2197133750.0,-23.86724
2197133906.25,-23.86922
2197134062.5,-23.86364
2197134218.75,-23.86365
2197134375.0,-23.86349
2197134531.25,-23.86236
2197134687.5,-23.86134
2197134843.75,-23.85744
2197135000.0,-23.85711
2197135156.25,-23.85776
2197135312.5,-23.85862
2197135468.75,-23.85394
2197135625.0,-23.85557
2197135781.25,-23.85301
2197135937.5,-23.85124
2197136093.75,-23.84995
2197136250.0,-23.84907
2197136406.25,-23.84985
2197136562.5,-23.84458
2197136718.75,-23.8433
2197136875.0,-23.84236
2197137031.25,-23.84211
2197137187.5,-23.83774
2197137343.75,-23.83735
2197137500.0,-23.83619
2197137656.25,-23.83731
2197137812.5,-23.83541
2197137968.75,-23.83374
2197138125.0,-23.83417
2197138281.25,-23.83024
2197138437.5,-23.83355
2197138593.75,-23.83093
2197138750.0,-23.82888
2197138906.25,-23.82526
2197139062.5,-23.82594
2197139218.75,-23.82476
2197139375.0,-23.82362
2197139531.25,-23.823
2197139687.5,-23.82137
2197139843.75,-23.82024
2197140000.0,-23.8196
2197140156.25,-23.81589
2197140312.5,-23.81526
2197140468.75,-23.8155
2197140625.0,-23.81495
2197140781.25,-23.81269
2197140937.5,-23.81007
2197141093.75,-23.81077
2197141250.0,-23.81067
2197141406.25,-23.8085
2197141562.5,-23.80602
2197141718.75,-23.80613
2197141875.0,-23.8031
2197142031.25,-23.8036
2197142187.5,-23.80183
2197142343.75,-23.80465
2197142500.0,-23.80132
2197142656.25,-23.79899
2197142812.5,-23.79697
2197142968.75,-23.79533
2197143125.0,-23.79427
2197143281.25,-23.79199
2197143437.5,-23.79149
2197143593.75,-23.79197
2197143750.0,-23.78951
2197143906.25,-23.79052
2197144062.5,-23.78653
2197144218.75,-23.78416
2197144375.0,-23.78399
2197144531.25,-23.78389
2197144687.5,-23.78046
2197144843.75,-23.77878
2197145000.0,-23.77859
2197145156.25,-23.77836
2197145312.5,-23.7765
2197145468.75,-23.77944
2197145625.0,-23.77514
2197145781.25,-23.77433
2197145937.5,-23.77314
2197146093.75,-23.77247
2197146250.0,-23.77093
2197146406.25,-23.76678
2197146562.5,-23.76754
2197146718.75,-23.76922
2197146875.0,-23.76399
2197147031.25,-23.76348
2197147187.5,-23.76349
2197147343.75,-23.7611
2197147500.0,-23.75769
2197147656.25,-23.76022
2197147812.5,-23.75648
2197147968.75,-23.75481
2197148125.0,-23.75652
2197148281.25,-23.75416
2197148437.5,-23.75109
2197148593.75,-23.75013
2197148750.0,-23.75204
2197148906.25,-23.75152
2197149062.5,-23.74599
2197149218.75,-23.74649
2197149375.0,-23.74636
2197149531.25,-23.74158
2197149687.5,-23.74243
2197149843.75,-23.74015
2197150000.0,-23.73803
2197150156.25,-23.73887
2197150312.5,-23.7369
2197150468.75,-23.73565
2197150625.0,-23.73752
2197150781.25,-23.73381
2197150937.5,-23.73259
2197151093.75,-23.73107
2197151250.0,-23.72777
2197151406.25,-23.72883
2197151562.5,-23.7278
2197151718.75,-23.72498
2197151875.0,-23.72477
2197152031.25,-23.72439
2197152187.5,-23.72258
2197152343.75,-23.72224
2197152500.0,-23.72224
2197152656.25,-23.71748
2197152812.5,-23.71782
2197152968.75,-23.7169
2197153125.0,-23.71489
2197153281.25,-23.71299
2197153437.5,-23.7109
2197153593.75,-23.71296
2197153750.0,-23.7094
2197153906.25,-23.70965
2197154062.5,-23.70765
2197154218.75,-23.7076
2197154375.0,-23.70667
2197154531.25,-23.70491
2197154687.5,-23.703
2197154843.75,-23.69834
2197155000.0,-23.69878
2197155156.25,-23.69897
2197155312.5,-23.69901
2197155468.75,-23.6958
2197155625.0,-23.69618
2197155781.25,-23.69457
2197155937.5,-23.69421
2197156093.75,-23.69302
2197156250.0,-23.69051
2197156406.25,-23.68967
2197156562.5,-23.68805
2197156718.75,-23.68726
2197156875.0,-23.6863
2197157031.25,-23.68523
2197157187.5,-23.68372
2197157343.75,-23.68213
2197157500.0,-23.67923
2197157656.25,-23.67851
2197157812.5,-23.6786
2197157968.75,-23.67574
2197158125.0,-23.67521
2197158281.25,-23.67371
2197158437.5,-23.67403
2197158593.75,-23.67053
2197158750.0,-23.6706
2197158906.25,-23.66891
2197159062.5,-23.67048
2197159218.75,-23.66825
2197159375.0,-23.66597
2197159531.25,-23.66539
2197159687.5,-23.66048
2197159843.75,-23.66301
2197160000.0,-23.65917
2197160156.25,-23.65856
2197160312.5,-23.65828
2197160468.75,-23.66006
2197160625.0,-23.65466
2197160781.25,-23.65103
2197160937.5,-23.653
2197161093.75,-23.65204
2197161250.0,-23.65302
2197161406.25,-23.64824
2197161562.5,-23.64742
2197161718.75,-23.64528
2197161875.0,-23.64539
2197162031.25,-23.64561
2197162187.5,-23.64153
2197162343.75,-23.6414
2197162500.0,-23.64338
2197162656.25,-23.63951
2197162812.5,-23.63806
2197162968.75,-23.63782
2197163125.0,-23.63626
2197163281.25,-23.63528
2197163437.5,-23.63284
2197163593.75,-23.6337
2197163750.0,-23.63076
2197163906.25,-23.62912
2197164062.5,-23.62942
2197164218.75,-23.62576
2197164375.0,-23.62452
2197164531.25,-23.62299
2197164687.5,-23.62337
2197164843.75,-23.6232
2197165000.0,-23.61927
2197165156.25,-23.61911
2197165312.5,-23.61885
2197165468.75,-23.61681
2197165625.0,-23.61684
2197165781.25,-23.61588
2197165937.5,-23.61348
2197166093.75,-23.61128
2197166250.0,-23.61212
2197166406.25,-23.61011
2197166562.5,-23.60988
2197166718.75,-23.60557
2197166875.0,-23.60403
2197167031.25,-23.60181
2197167187.5,-23.60282
2197167343.75,-23.6038
2197167500.0,-23.60131
2197167656.25,-23.59846
2197167812.5,-23.59896
2197167968.75,-23.59438
2197168125.0,-23.59735
2197168281.25,-23.59509
2197168437.5,-23.59369
2197168593.75,-23.59229
2197168750.0,-23.59095
2197168906.25,-23.58853
2197169062.5,-23.58779
2197169218.75,-23.58828
2197169375.0,-23.58705
2197169531.25,-23.58671
2197169687.5,-23.58328
2197169843.75,-23.58215
2197170000.0,-23.57958
2197170156.25,-23.57822
2197170312.5,-23.57675
2197170468.75,-23.57695
2197170625.0,-23.57471
2197170781.25,-23.57478
2197170937.5,-23.57366
2197171093.75,-23.57162
2197171250.0,-23.57107
2197171406.25,-23.57036
2197171562.5,-23.56889
2197171718.75,-23.56614
2197171875.0,-23.56588
2197172031.25,-23.56371
2197172187.5,-23.56417
2197172343.75,-23.55978
2197172500.0,-23.56073
2197172656.25,-23.56002
2197172812.5,-23.55863
2197172968.75,-23.55576
2197173125.0,-23.5556
2197173281.25,-23.55397
2197173437.5,-23.55139
2197173593.75,-23.55243
2197173750.0,-23.54861
2197173906.25,-23.5507
2197174062.5,-23.54758
2197174218.75,-23.54938
2197174375.0,-23.54803
2197174531.25,-23.54468
2197174687.5,-23.54491
2197174843.75,-23.5405
2197175000.0,-23.53943
2197175156.25,-23.5393
2197175312.5,-23.53921
2197175468.75,-23.53672
2197175625.0,-23.53546
2197175781.25,-23.53599
2197175937.5,-23.53361
2197176093.75,-23.53209
2197176250.0,-23.53072
2197176406.25,-23.5285
2197176562.5,-23.52964
2197176718.75,-23.52505
2197176875.0,-23.52601
2197177031.25,-23.52496
2197177187.5,-23.52318
2197177343.75,-23.52328
2197177500.0,-23.52038
2197177656.25,-23.52012
2197177812.5,-23.51641
2197177968.75,-23.51732
2197178125.0,-23.5151
2197178281.25,-23.51595
2197178437.5,-23.5113
2197178593.75,-23.51054
2197178750.0,-23.51227
2197178906.25,-23.50954
2197179062.5,-23.50905
2197179218.75,-23.50654
2197179375.0,-23.50355
2197179531.25,-23.50605
2197179687.5,-23.50281
2197179843.75,-23.50404
2197180000.0,-23.50097
2197180156.25,-23.49816
2197180312.5,-23.49797
2197180468.75,-23.49434
2197180625.0,-23.49483
2197180781.25,-23.49278
2197180937.5,-23.49119
2197181093.75,-23.49426
2197181250.0,-23.49101
2197181406.25,-23.48656
2197181562.5,-23.48687
2197181718.75,-23.48603
2197181875.0,-23.48386
2197182031.25,-23.48285
2197182187.5,-23.48299
2197182343.75,-23.48322
2197182500.0,-23.48125
2197182656.25,-23.47741
2197182812.5,-23.47607
2197182968.75,-23.47571
2197183125.0,-23.47211
2197183281.25,-23.4736
2197183437.5,-23.47052
2197183593.75,-23.47063
2197183750.0,-23.46727
2197183906.25,-23.46677
2197184062.5,-23.46678
2197184218.75,-23.46599
2197184375.0,-23.46085
2197184531.25,-23.46334
2197184687.5,-23.46083
2197184843.75,-23.46121
2197185000.0,-23.45701
2197185156.25,-23.46025
2197185312.5,-23.45837
2197185468.75,-23.45389
2197185625.0,-23.45173
2197185781.25,-23.45271
2197185937.5,-23.45129
2197186093.75,-23.44916
2197186250.0,-23.44844
2197186406.25,-23.44818
2197186562.5,-23.44726
2197186718.75,-23.44362
2197186875.0,-23.44343
2197187031.25,-23.44248
2197187187.5,-23.44117
2197187343.75,-23.44047
2197187500.0,-23.43848
2197187656.25,-23.43766
2197187812.5,-23.43312
2197187968.75,-23.43448
2197188125.0,-23.4339
2197188281.25,-23.43378
2197188437.5,-23.43297
2197188593.75,-23.42991
2197188750.0,-23.42509
2197188906.25,-23.42808
2197189062.5,-23.42628
2197189218.75,-23.42466
2197189375.0,-23.42184
2197189531.25,-23.42316
2197189687.5,-23.42216
2197189843.75,-23.42043
2197190000.0,-23.41574
2197190156.25,-23.41605
2197190312.5,-23.41687
2197190468.75,-23.4126
2197190625.0,-23.4114
2197190781.25,-23.41127
2197190937.5,-23.41035
2197191093.75,-23.40869
2197191250.0,-23.40905
2197191406.25,-23.40683
2197191562.5,-23.403
2197191718.75,-23.40244
2197191875.0,-23.40304
2197192031.25,-23.40011
2197192187.5,-23.40056
2197192343.75,-23.40112
2197192500.0,-23.39595
2197192656.25,-23.4001
2197192812.5,-23.39575
2197192968.75,-23.3944
2197193125.0,-23.39368
2197193281.25,-23.39038
2197193437.5,-23.38946
2197193593.75,-23.39183
2197193750.0,-23.38632
2197193906.25,-23.38395
2197194062.5,-23.38438
2197194218.75,-23.381
2197194375.0,-23.38333
2197194531.25,-23.38214
2197194687.5,-23.38072
2197194843.75,-23.37912
2197195000.0,-23.37692
2197195156.25,-23.37592
2197195312.5,-23.37492
2197195468.75,-23.37251
2197195625.0,-23.37436
2197195781.25,-23.3691
2197195937.5,-23.37118
2197196093.75,-23.36844
2197196250.0,-23.36879
2197196406.25,-23.36507
2197196562.5,-23.36404
2197196718.75,-23.36297
2197196875.0,-23.36191
2197197031.25,-23.36164
2197197187.5,-23.35909
2197197343.75,-23.35786
2197197500.0,-23.35744
2197197656.25,-23.35652
2197197812.5,-23.35249
2197197968.75,-23.35272
2197198125.0,-23.35219
2197198281.25,-23.35172
2197198437.5,-23.3482
2197198593.75,-23.34865
2197198750.0,-23.34705
2197198906.25,-23.34451
2197199062.5,-23.34484
2197199218.75,-23.34362
2197199375.0,-23.343
2197199531.25,-23.34142
2197199687.5,-23.33996
2197199843.75,-23.33687
2197200000.0,-23.33587
2197200156.25,-23.33615
2197200312.5,-23.33395
2197200468.75,-23.32962
2197200625.0,-23.32934
2197200781.25,-23.32899
2197200937.5,-23.32888
2197201093.75,-23.32733
2197201250.0,-23.3275
2197201406.25,-23.3245
2197201562.5,-23.32166
2197201718.75,-23.32171
2197201875.0,-23.31856
2197202031.25,-23.31982
2197202187.5,-23.31792
2197202343.75,-23.31844
2197202500.0,-23.31748
2197202656.25,-23.31222
2197202812.5,-23.31297
2197202968.75,-23.31089
2197203125.0,-23.31081
2197203281.25,-23.30893
2197203437.5,-23.30783
2197203593.75,-23.30495
2197203750.0,-23.30496
2197203906.25,-23.30339
2197204062.5,-23.3017
2197204218.75,-23.30038
2197204375.0,-23.29858
2197204531.25,-23.30005
2197204687.5,-23.29412
2197204843.75,-23.29819
2197205000.0,-23.29346
2197205156.25,-23.29366
2197205312.5,-23.29256
2197205468.75,-23.2891
2197205625.0,-23.29093
2197205781.25,-23.2878
2197205937.5,-23.28714
2197206093.75,-23.2848
2197206250.0,-23.28477
2197206406.25,-23.28293
2197206562.5,-23.28425
2197206718.75,-23.278
2197206875.0,-23.2787
2197207031.25,-23.27803
2197207187.5,-23.27582
2197207343.75,-23.27711
2197207500.0,-23.27357
2197207656.25,-23.27067
2197207812.5,-23.26894
2197207968.75,-23.27007
2197208125.0,-23.2684
2197208281.25,-23.26758
2197208437.5,-23.26761
2197208593.75,-23.26498
2197208750.0,-23.26191
2197208906.25,-23.26162
2197209062.5,-23.26113
2197209218.75,-23.25896
2197209375.0,-23.25854
2197209531.25,-23.25735
2197209687.5,-23.25524
2197209843.75,-23.25192
2197210000.0,-23.25561
2197210156.25,-23.25381
2197210312.5,-23.24958
2197210468.75,-23.24935
2197210625.0,-23.24701
2197210781.25,-23.24755
2197210937.5,-23.24657
2197211093.75,-23.24272
2197211250.0,-23.23973
2197211406.25,-23.23955
2197211562.5,-23.2385
2197211718.75,-23.23693
2197211875.0,-23.23743
2197212031.25,-23.23615
2197212187.5,-23.23407
2197212343.75,-23.23266
2197212500.0,-23.23161
2197212656.25,-23.23061
2197212812.5,-23.22928
2197212968.75,-23.2271
2197213125.0,-23.2278
2197213281.25,-23.22771
2197213437.5,-23.22276
2197213593.75,-23.22331
2197213750.0,-23.22174
2197213906.25,-23.22104
2197214062.5,-23.21925
2197214218.75,-23.21709
2197214375.0,-23.21761
2197214531.25,-23.21714
2197214687.5,-23.21503
2197214843.75,-23.21241
2197215000.0,-23.20847
2197215156.25,-23.21058
2197215312.5,-23.20855
2197215468.75,-23.20928
2197215625.0,-23.20728
2197215781.25,-23.2049
2197215937.5,-23.2024
2197216093.75,-23.2027
2197216250.0,-23.19932
2197216406.25,-23.20112
2197216562.5,-23.19869
2197216718.75,-23.19427
2197216875.0,-23.19568
2197217031.25,-23.19424
2197217187.5,-23.19235
2197217343.75,-23.19235
2197217500.0,-23.1895
2197217656.25,-23.18634
2197217812.5,-23.18551
2197217968.75,-23.18813
2197218125.0,-23.18556
2197218281.25,-23.18531
2197218437.5,-23.18259
2197218593.75,-23.18117
2197218750.0,-23.17939
2197218906.25,-23.17675
2197219062.5,-23.17674
2197219218.75,-23.1759
2197219375.0,-23.17553
2197219531.25,-23.17032
2197219687.5,-23.17202
2197219843.75,-23.17082
2197220000.0,-23.1664
2197220156.25,-23.16816
2197220312.5,-23.16699
2197220468.75,-23.16654
2197220625.0,-23.16527
2197220781.25,-23.16327
2197220937.5,-23.16228
2197221093.75,-23.16099
2197221250.0,-23.1595
2197221406.25,-23.15715
2197221562.5,-23.1576
2197221718.75,-23.15236
2197221875.0,-23.15138
2197222031.25,-23.15284
2197222187.5,-23.15206
2197222343.75,-23.14932
2197222500.0,-23.14693
2197222656.25,-23.14777
2197222812.5,-23.14486
2197222968.75,-23.1455
2197223125.0,-23.1418
2197223281.25,-23.14189
2197223437.5,-23.14033
2197223593.75,-23.1396
2197223750.0,-23.13647
2197223906.25,-23.13635
2197224062.5,-23.13787
2197224218.75,-23.1359
2197224375.0,-23.13066
2197224531.25,-23.12983
2197224687.5,-23.13056
2197224843.75,-23.12787
2197225000.0,-23.1267
2197225156.25,-23.12542
2197225312.5,-23.12462
2197225468.75,-23.12163
2197225625.0,-23.12145
2197225781.25,-23.11934
2197225937.5,-23.11765
2197226093.75,-23.11794
2197226250.0,-23.11527
2197226406.25,-23.11354
2197226562.5,-23.11504
2197226718.75,-23.11225
2197226875.0,-23.11128
2197227031.25,-23.10996
2197227187.5,-23.11001
2197227343.75,-23.10699
2197227500.0,-23.10389
2197227656.25,-23.10528
2197227812.5,-23.10194
2197227968.75,-23.10159
2197228125.0,-23.10252
2197228281.25,-23.09945
2197228437.5,-23.09603
2197228593.75,-23.09719
2197228750.0,-23.09561
2197228906.25,-23.09254
2197229062.5,-23.0903
2197229218.75,-23.09022
2197229375.0,-23.08847
2197229531.25,-23.08661
2197229687.5,-23.08848
2197229843.75,-23.08414
2197230000.0,-23.08375
2197230156.25,-23.082
2197230312.5,-23.08104
2197230468.75,-23.08339
2197230625.0,-23.07957
2197230781.25,-23.07784
2197230937.5,-23.07539
2197231093.75,-23.0748
2197231250.0,-23.07552
2197231406.25,-23.07228
2197231562.5,-23.0694
2197231718.75,-23.06948
2197231875.0,-23.06968
2197232031.25,-23.06611
2197232187.5,-23.06441
2197232343.75,-23.06408
2197232500.0,-23.06397
2197232656.25,-23.06368
2197232812.5,-23.05989
2197232968.75,-23.05768
2197233125.0,-23.05921
2197233281.25,-23.05698
2197233437.5,-23.0566
2197233593.75,-23.05267
2197233750.0,-23.05363
2197233906.25,-23.04914
2197234062.5,-23.04889
2197234218.75,-23.04909
2197234375.0,-23.04589
2197234531.25,-23.04568
2197234687.5,-23.04245
2197234843.75,-23.04158
2197235000.0,-23.04272
2197235156.25,-23.04118
2197235312.5,-23.03931
2197235468.75,-23.03878
2197235625.0,-23.03566
2197235781.25,-23.0352
2197235937.5,-23.03453
2197236093.75,-23.03265
2197236250.0,-23.02929
2197236406.25,-23.03123
2197236562.5,-23.0285
2197236718.75,-23.02818
2197236875.0,-23.02392
2197237031.25,-23.02441
2197237187.5,-23.0221
2197237343.75,-23.02061
2197237500.0,-23.02064
2197237656.25,-23.01832
2197237812.5,-23.01892
2197237968.75,-23.01801
2197238125.0,-23.01411
2197238281.25,-23.01466
2197238437.5,-23.01059
2197238593.75,-23.01165
2197238750.0,-23.00882
2197238906.25,-23.00853
2197239062.5,-23.00784
2197239218.75,-23.00552
2197239375.0,-23.00545
2197239531.25,-23.00379
2197239687.5,-23.00237
2197239843.75,-22.99878
2197240000.0,-22.99683
2197240156.25,-22.99784
2197240312.5,-22.99736
2197240468.75,-22.99299
2197240625.0,-22.99555
2197240781.25,-22.99167
2197240937.5,-22.99274
2197241093.75,-22.98912
2197241250.0,-22.98837
2197241406.25,-22.9869
2197241562.5,-22.98633
2197241718.75,-22.9848
2197241875.0,-22.9826
2197242031.25,-22.98264
2197242187.5,-22.97886
2197242343.75,-22.97915
2197242500.0,-22.97684
2197242656.25,-22.97715
2197242812.5,-22.97312
2197242968.75,-22.97377
2197243125.0,-22.97203
2197243281.25,-22.97038
2197243437.5,-22.96783
2197243593.75,-22.96886
2197243750.0,-22.96593
2197243906.25,-22.96539
2197244062.5,-22.96285
2197244218.75,-22.96232
2197244375.0,-22.96337
2197244531.25,-22.95715
2197244687.5,-22.95985
2197244843.75,-22.95809
2197245000.0,-22.95514
2197245156.25,-22.95601
2197245312.5,-22.9533
2197245468.75,-22.95243
2197245625.0,-22.95079
2197245781.25,-22.95019
2197245937.5,-22.94685
2197246093.75,-22.94548
2197246250.0,-22.94572
2197246406.25,-22.94429
2197246562.5,-22.94259
2197246718.75,-22.94229
2197246875.0,-22.94132
2197247031.25,-22.93762
2197247187.5,-22.93462
2197247343.75,-22.93697
2197247500.0,-22.93632
2197247656.25,-22.93478
2197247812.5,-22.93
2197247968.75,-22.9326
2197248125.0,-22.92831
2197248281.25,-22.92913
2197248437.5,-22.92718
2197248593.75,-22.92616
2197248750.0,-22.92471
2197248906.25,-22.92157
2197249062.5,-22.92102
2197249218.75,-22.92021
2197249375.0,-22.9186
2197249531.25,-22.91727
2197249687.5,-22.91513
2197249843.75,-22.91371
2197250000.0,-22.91349
2197250156.25,-22.91253
2197250312.5,-22.91334
2197250468.75,-22.90834
2197250625.0,-22.90544
2197250781.25,-22.90551
2197250937.5,-22.9036
2197251093.75,-22.90448
2197251250.0,-22.90467
2197251406.25,-22.90196
2197251562.5,-22.89962
2197251718.75,-22.89732
2197251875.0,-22.8968
2197252031.25,-22.8965
2197252187.5,-22.89095
2197252343.75,-22.89114
2197252500.0,-22.89211
2197252656.25,-22.89083
2197252812.5,-22.89066
2197252968.75,-22.887
2197253125.0,-22.8865
2197253281.25,-22.88579
2197253437.5,-22.88364
2197253593.75,-22.88153
2197253750.0,-22.88051
2197253906.25,-22.8761
2197254062.5,-22.87694
2197254218.75,-22.87729
2197254375.0,-22.87414
2197254531.25,-22.87379
2197254687.5,-22.87433
2197254843.75,-22.86936
2197255000.0,-22.86813
2197255156.25,-22.8674
2197255312.5,-22.86818
2197255468.75,-22.86593
2197255625.0,-22.86176
2197255781.25,-22.86241
2197255937.5,-22.85925
2197256093.75,-22.86114
2197256250.0,-22.85961
2197256406.25,-22.86072
2197256562.5,-22.8576
2197256718.75,-22.85349
2197256875.0,-22.85249
2197257031.25,-22.85215
2197257187.5,-22.84837
2197257343.75,-22.84813
2197257500.0,-22.84496
2197257656.25,-22.84678
2197257812.5,-22.84518
2197257968.75,-22.8441
2197258125.0,-22.84275
2197258281.25,-22.84104
2197258437.5,-22.84027
2197258593.75,-22.84009
2197258750.0,-22.83675
2197258906.25,-22.8365
2197259062.5,-22.83428
2197259218.75,-22.83267
2197259375.0,-22.83124
2197259531.25,-22.83044
2197259687.5,-22.82919
2197259843.75,-22.82801
2197260000.0,-22.82585
2197260156.25,-22.82614
2197260312.5,-22.82561
2197260468.75,-22.81932
2197260625.0,-22.81801
2197260781.25,-22.81949
2197260937.5,-22.81877
2197261093.75,-22.81473
2197261250.0,-22.81562
2197261406.25,-22.8126
2197261562.5,-22.8135
2197261718.75,-22.81149
2197261875.0,-22.80752
2197262031.25,-22.80894
2197262187.5,-22.80904
2197262343.75,-22.80486
2197262500.0,-22.80355
2197262656.25,-22.80289
2197262812.5,-22.79909
2197262968.75,-22.79958
2197263125.0,-22.80042
2197263281.25,-22.79722
2197263437.5,-22.79488
2197263593.75,-22.79391
2197263750.0,-22.79391
2197263906.25,-22.79199
2197264062.5,-22.79014
2197264218.75,-22.78774
2197264375.0,-22.78793
2197264531.25,-22.78603
2197264687.5,-22.78446
2197264843.75,-22.78374
2197265000.0,-22.78242
2197265156.25,-22.78013
2197265312.5,-22.77933
2197265468.75,-22.77774
2197265625.0,-22.77775
2197265781.25,-22.77696
2197265937.5,-22.7738
2197266093.75,-22.7723
2197266250.0,-22.77231
2197266406.25,-22.76993
2197266562.5,-22.76853
2197266718.75,-22.76698
2197266875.0,-22.76389
2197267031.25,-22.76342
2197267187.5,-22.76428
2197267343.75,-22.76162
2197267500.0,-22.7581
2197267656.25,-22.7579
2197267812.5,-22.75762
2197267968.75,-22.75529
2197268125.0,-22.75605
2197268281.25,-22.75356
2197268437.5,-22.75224
2197268593.75,-22.75019
2197268750.0,-22.74771
2197268906.25,-22.74781
2197269062.5,-22.74693
2197269218.75,-22.74303
2197269375.0,-22.74409
2197269531.25,-22.74191
2197269687.5,-22.74004
2197269843.75,-22.73807
2197270000.0,-22.73722
2197270156.25,-22.74066
2197270312.5,-22.73397
2197270468.75,-22.73193
2197270625.0,-22.73382
2197270781.25,-22.72861
2197270937.5,-22.73042
2197271093.75,-22.72825
2197271250.0,-22.72663
2197271406.25,-22.72552
2197271562.5,-22.72207
2197271718.75,-22.72354
2197271875.0,-22.72264
2197272031.25,-22.72111
2197272187.5,-22.71791
2197272343.75,-22.71626
2197272500.0,-22.71371
2197272656.25,-22.71683
2197272812.5,-22.71491
2197272968.75,-22.71022
2197273125.0,-22.7099
2197273281.25,-22.70753
2197273437.5,-22.70757
2197273593.75,-22.70612
2197273750.0,-22.70329
2197273906.25,-22.70169
2197274062.5,-22.70266
2197274218.75,-22.70046
2197274375.0,-22.69762
2197274531.25,-22.69626
2197274687.5,-22.69702
2197274843.75,-22.69515
2197275000.0,-22.69436
2197275156.25,-22.69357
2197275312.5,-22.69078
2197275468.75,-22.6905
2197275625.0,-22.68982
2197275781.25,-22.6849
2197275937.5,-22.68517
2197276093.75,-22.68253
2197276250.0,-22.68232
2197276406.25,-22.68094
2197276562.5,-22.68119
2197276718.75,-22.67859
2197276875.0,-22.67736
2197277031.25,-22.67481
2197277187.5,-22.67411
2197277343.75,-22.67223
2197277500.0,-22.6722
2197277656.25,-22.67143
2197277812.5,-22.66837
2197277968.75,-22.66867
2197278125.0,-22.66652
2197278281.25,-22.66444
2197278437.5,-22.66106
2197278593.75,-22.66171
2197278750.0,-22.66023
2197278906.25,-22.65959
2197279062.5,-22.65815
2197279218.75,-22.65681
2197279375.0,-22.65464
2197279531.25,-22.65486
2197279687.5,-22.65037
2197279843.75,-22.64915
2197280000.0,-22.64913
2197280156.25,-22.64801
2197280312.5,-22.64666
2197280468.75,-22.64602
2197280625.0,-22.64156
2197280781.25,-22.64143
2197280937.5,-22.64136
2197281093.75,-22.64011
2197281250.0,-22.63774
2197281406.25,-22.63508
2197281562.5,-22.63645
2197281718.75,-22.63472
2197281875.0,-22.63238
2197282031.25,-22.63215
2197282187.5,-22.62908
2197282343.75,-22.62787
2197282500.0,-22.6279
2197282656.25,-22.62406
2197282812.5,-22.62249
2197282968.75,-22.62437
2197283125.0,-22.62188
2197283281.25,-22.6184
2197283437.5,-22.61878
2197283593.75,-22.61404
2197283750.0,-22.61647
2197283906.25,-22.61473
2197284062.5,-22.61338
2197284218.75,-22.61175
2197284375.0,-22.60827
2197284531.25,-22.60862
2197284687.5,-22.60912
2197284843.75,-22.60714
2197285000.0,-22.60672
2197285156.25,-22.60421
2197285312.5,-22.60003
2197285468.75,-22.60026
2197285625.0,-22.59728
2197285781.25,-22.59725
2197285937.5,-22.59414
2197286093.75,-22.59612
2197286250.0,-22.59295
2197286406.25,-22.59205
2197286562.5,-22.59215
2197286718.75,-22.59037
2197286875.0,-22.58597
2197287031.25,-22.58734
2197287187.5,-22.58665
2197287343.75,-22.58393
2197287500.0,-22.58146
2197287656.25,-22.58375
2197287812.5,-22.58132
2197287968.75,-22.57804
2197288125.0,-22.57424
2197288281.25,-22.5762
2197288437.5,-22.57117
2197288593.75,-22.57296
2197288750.0,-22.56985
2197288906.25,-22.5685
2197289062.5,-22.56904
2197289218.75,-22.56652
2197289375.0,-22.56585
2197289531.25,-22.56228
2197289687.5,-22.56362
2197289843.75,-22.56292
2197290000.0,-22.55896
2197290156.25,-22.55765
2197290312.5,-22.55564
2197290468.75,-22.55527
2197290625.0,-22.55505
2197290781.25,-22.55224
2197290937.5,-22.55252
2197291093.75,-22.55193
2197291250.0,-22.54872
2197291406.25,-22.54647
2197291562.5,-22.54553
2197291718.75,-22.54397
2197291875.0,-22.54435
2197292031.25,-22.5399
2197292187.5,-22.53711
2197292343.75,-22.53863
2197292500.0,-22.53727
2197292656.25,-22.53445
2197292812.5,-22.53482
2197292968.75,-22.53205
2197293125.0,-22.53245
2197293281.25,-22.53036
2197293437.5,-22.53057
2197293593.75,-22.52671
2197293750.0,-22.52377
2197293906.25,-22.52455
2197294062.5,-22.52274
2197294218.75,-22.52251
2197294375.0,-22.52025
2197294531.25,-22.51674
2197294687.5,-22.51661
2197294843.75,-22.51323
2197295000.0,-22.51188
2197295156.25,-22.51151
2197295312.5,-22.51197
2197295468.75,-22.50851
2197295625.0,-22.50989
2197295781.25,-22.50804
2197295937.5,-22.50585
2197296093.75,-22.50399
2197296250.0,-22.50361
2197296406.25,-22.50187
2197296562.5,-22.50151
2197296718.75,-22.50106
2197296875.0,-22.4978
2197297031.25,-22.49536
2197297187.5,-22.4943
2197297343.75,-22.4951
2197297500.0,-22.49093
2197297656.25,-22.49182
2197297812.5,-22.49135
2197297968.75,-22.48863
2197298125.0,-22.48761
2197298281.25,-22.48469
2197298437.5,-22.48246
2197298593.75,-22.48127
2197298750.0,-22.48139
2197298906.25,-22.47844
2197299062.5,-22.47749
2197299218.75,-22.47528
2197299375.0,-22.47474
2197299531.25,-22.47396
2197299687.5,-22.47308
2197299843.75,-22.47163
2197300000.0,-22.46994
2197300156.25,-22.46806
2197300312.5,-22.46622
2197300468.75,-22.46228
2197300625.0,-22.46191
2197300781.25,-22.4621
2197300937.5,-22.46006
2197301093.75,-22.45949
2197301250.0,-22.45621
2197301406.25,-22.4546
2197301562.5,-22.4553
2197301718.75,-22.45337
2197301875.0,-22.45094
2197302031.25,-22.44988
2197302187.5,-22.44683
2197302343.75,-22.44721
2197302500.0,-22.44475
2197302656.25,-22.44517
2197302812.5,-22.44076
2197302968.75,-22.44093
2197303125.0,-22.43995
2197303281.25,-22.43932
2197303437.5,-22.43568
2197303593.75,-22.4354
2197303750.0,-22.43609
2197303906.25,-22.43307
2197304062.5,-22.43179
2197304218.75,-22.43122
2197304375.0,-22.42939
2197304531.25,-22.42765
2197304687.5,-22.42766
2197304843.75,-22.42288
2197305000.0,-22.42308
2197305156.25,-22.42479
2197305312.5,-22.41923
2197305468.75,-22.41879
2197305625.0,-22.41813
2197305781.25,-22.41517
2197305937.5,-22.41677
2197306093.75,-22.4135
2197306250.0,-22.41101
2197306406.25,-22.40911
2197306562.5,-22.40918
2197306718.75,-22.408
2197306875.0,-22.40773
2197307031.25,-22.40483
2197307187.5,-22.40258
2197307343.75,-22.40204
2197307500.0,-22.40064
2197307656.25,-22.40099
2197307812.5,-22.39804
2197307968.75,-22.39478
2197308125.0,-22.39288
2197308281.25,-22.39427
2197308437.5,-22.39026
2197308593.75,-22.3906
2197308750.0,-22.38891
2197308906.25,-22.387
2197309062.5,-22.38723
2197309218.75,-22.38383
2197309375.0,-22.38482
2197309531.25,-22.38323
2197309687.5,-22.38112
2197309843.75,-22.37673
2197310000.0,-22.37765
2197310156.25,-22.37462
2197310312.5,-22.37495
2197310468.75,-22.37423
2197310625.0,-22.37257
2197310781.25,-22.37334
2197310937.5,-22.36697
2197311093.75,-22.36638
2197311250.0,-22.36612
2197311406.25,-22.36713
2197311562.5,-22.36444
2197311718.75,-22.36304
2197311875.0,-22.36097
2197312031.25,-22.35882
2197312187.5,-22.35742
2197312343.75,-22.35871
2197312500.0,-22.35573
2197312656.25,-22.3533
2197312812.5,-22.35326
2197312968.75,-22.34789
2197313125.0,-22.34902
2197313281.25,-22.3463
2197313437.5,-22.34684
2197313593.75,-22.34429
2197313750.0,-22.34259
2197313906.25,-22.34038
2197314062.5,-22.34139
2197314218.75,-22.33777
2197314375.0,-22.33753
2197314531.25,-22.33531
2197314687.5,-22.335
2197314843.75,-22.33397
2197315000.0,-22.33017
2197315156.25,-22.32998
2197315312.5,-22.3284
2197315468.75,-22.32682
2197315625.0,-22.32557
2197315781.25,-22.32541
2197315937.5,-22.32076
2197316093.75,-22.31961
2197316250.0,-22.32058
2197316406.25,-22.31627
2197316562.5,-22.31953
2197316718.75,-22.31561
2197316875.0,-22.3137
2197317031.25,-22.317
2197317187.5,-22.31227
2197317343.75,-22.31081
2197317500.0,-22.30817
2197317656.25,-22.31024
2197317812.5,-22.30552
2197317968.75,-22.30671
2197318125.0,-22.30397
2197318281.25,-22.30251
2197318437.5,-22.29832
2197318593.75,-22.29601
2197318750.0,-22.29662
2197318906.25,-22.29678
2197319062.5,-22.29449
2197319218.75,-22.29084
2197319375.0,-22.29248
2197319531.25,-22.28943
2197319687.5,-22.28711
2197319843.75,-22.28462
2197320000.0,-22.28525
2197320156.25,-22.28368
2197320312.5,-22.28387
2197320468.75,-22.28194
2197320625.0,-22.28154
2197320781.25,-22.27818
2197320937.5,-22.27719
2197321093.75,-22.27648
2197321250.0,-22.27167
2197321406.25,-22.27362
2197321562.5,-22.27147
2197321718.75,-22.26858
2197321875.0,-22.26541
2197322031.25,-22.26719
2197322187.5,-22.26646
2197322343.75,-22.2619
2197322500.0,-22.26109
2197322656.25,-22.26011
2197322812.5,-22.25968
2197322968.75,-22.25767
2197323125.0,-22.25599
2197323281.25,-22.25466
2197323437.5,-22.25552
2197323593.75,-22.25332
2197323750.0,-22.24997
2197323906.25,-22.25005
2197324062.5,-22.24611
2197324218.75,-22.24557
2197324375.0,-22.24662
2197324531.25,-22.24451
2197324687.5,-22.24241
2197324843.75,-22.2408
2197325000.0,-22.23931
2197325156.25,-22.23678
2197325312.5,-22.23495
2197325468.75,-22.23571
2197325625.0,-22.23233
2197325781.25,-22.23205
2197325937.5,-22.23038
2197326093.75,-22.22681
2197326250.0,-22.22654
2197326406.25,-22.22513
2197326562.5,-22.22679
2197326718.75,-22.22381
2197326875.0,-22.22342
2197327031.25,-22.2206
2197327187.5,-22.21922
2197327343.75,-22.218
2197327500.0,-22.21686
2197327656.25,-22.21322
2197327812.5,-22.21294
2197327968.75,-22.21129
2197328125.0,-22.21074
2197328281.25,-22.2114
2197328437.5,-22.20767
2197328593.75,-22.20659
2197328750.0,-22.20547
2197328906.25,-22.20134
2197329062.5,-22.20034
2197329218.75,-22.19931
2197329375.0,-22.19817
2197329531.25,-22.19611
2197329687.5,-22.19465
2197329843.75,-22.19278
2197330000.0,-22.19079
2197330156.25,-22.19327
2197330312.5,-22.18684
2197330468.75,-22.18689
2197330625.0,-22.18605
2197330781.25,-22.18502
2197330937.5,-22.18185
2197331093.75,-22.18251
2197331250.0,-22.17818
2197331406.25,-22.18137
2197331562.5,-22.17753
2197331718.75,-22.17719
2197331875.0,-22.17419
2197332031.25,-22.1716
2197332187.5,-22.17145
2197332343.75,-22.16925
2197332500.0,-22.16918
2197332656.25,-22.16884
2197332812.5,-22.16484
2197332968.75,-22.16413
2197333125.0,-22.16167
2197333281.25,-22.16376
2197333437.5,-22.15987
2197333593.75,-22.15824
2197333750.0,-22.15586
2197333906.25,-22.155
2197334062.5,-22.15564
2197334218.75,-22.15257
2197334375.0,-22.15245
2197334531.25,-22.14844
2197334687.5,-22.14871
2197334843.75,-22.14576
2197335000.0,-22.14374
2197335156.25,-22.14363
2197335312.5,-22.14467
2197335468.75,-22.14013
2197335625.0,-22.13923
2197335781.25,-22.13947
2197335937.5,-22.1361
2197336093.75,-22.13301
2197336250.0,-22.1307
2197336406.25,-22.13345
2197336562.5,-22.12865
2197336718.75,-22.12928
2197336875.0,-22.12761
2197337031.25,-22.12698
2197337187.5,-22.12346
2197337343.75,-22.12348
2197337500.0,-22.12206
2197337656.25,-22.12051
2197337812.5,-22.11944
2197337968.75,-22.11706
2197338125.0,-22.11627
2197338281.25,-22.11451
2197338437.5,-22.11221
2197338593.75,-22.11167
2197338750.0,-22.10817
2197338906.25,-22.1064
2197339062.5,-22.10717
2197339218.75,-22.10475
2197339375.0,-22.10468
2197339531.25,-22.10137
2197339687.5,-22.101
2197339843.75,-22.09952
2197340000.0,-22.10119
2197340156.25,-22.09831
2197340312.5,-22.09807
2197340468.75,-22.09623
2197340625.0,-22.09219
2197340781.25,-22.0898
2197340937.5,-22.08891
2197341093.75,-22.08755
2197341250.0,-22.08578
2197341406.25,-22.08496
2197341562.5,-22.08365
2197341718.75,-22.08235
2197341875.0,-22.08191
2197342031.25,-22.07748
2197342187.5,-22.0763
2197342343.75,-22.07631
2197342500.0,-22.07549
2197342656.25,-22.07291
2197342812.5,-22.07155
2197342968.75,-22.07172
2197343125.0,-22.07
2197343281.25,-22.06752
2197343437.5,-22.06579
2197343593.75,-22.06594
2197343750.0,-22.06177
2197343906.25,-22.06005
2197344062.5,-22.05974
2197344218.75,-22.05734
2197344375.0,-22.05494
2197344531.25,-22.0569
2197344687.5,-22.05487
2197344843.75,-22.05154
2197345000.0,-22.05099
2197345156.25,-22.0488
2197345312.5,-22.04546
2197345468.75,-22.04515
2197345625.0,-22.04296
2197345781.25,-22.0437
2197345937.5,-22.0443
2197346093.75,-22.04166
2197346250.0,-22.04023
2197346406.25,-22.03591
2197346562.5,-22.03718
2197346718.75,-22.03442
2197346875.0,-22.03367
2197347031.25,-22.0328
2197347187.5,-22.03011
2197347343.75,-22.02615
2197347500.0,-22.02579
2197347656.25,-22.02535
2197347812.5,-22.02164
2197347968.75,-22.0238
2197348125.0,-22.0209
2197348281.25,-22.02053
2197348437.5,-22.01628
2197348593.75,-22.01669
2197348750.0,-22.01638
2197348906.25,-22.01131
2197349062.5,-22.01173
2197349218.75,-22.01238
2197349375.0,-22.00691
2197349531.25,-22.00741
2197349687.5,-22.00725
2197349843.75,-22.00451
2197350000.0,-22.00459
2197350156.25,-21.999
2197350312.5,-21.99867
2197350468.75,-21.99854
2197350625.0,-21.99731
2197350781.25,-21.99402
2197350937.5,-21.99257
2197351093.75,-21.99174
2197351250.0,-21.9913
2197351406.25,-21.988
2197351562.5,-21.98763
2197351718.75,-21.98527
2197351875.0,-21.98456
2197352031.25,-21.9847
2197352187.5,-21.98315
2197352343.75,-21.97838
2197352500.0,-21.97978
2197352656.25,-21.97634
2197352812.5,-21.97613
2197352968.75,-21.97436
2197353125.0,-21.9737
2197353281.25,-21.97014
2197353437.5,-21.96987
2197353593.75,-21.96725
2197353750.0,-21.96617
2197353906.25,-21.96482
2197354062.5,-21.96485
2197354218.75,-21.96338
2197354375.0,-21.96126
2197354531.25,-21.9618
2197354687.5,-21.95826
2197354843.75,-21.95531
2197355000.0,-21.95496
2197355156.25,-21.9553
2197355312.5,-21.95133
2197355468.75,-21.95071
2197355625.0,-21.94801
2197355781.25,-21.94659
2197355937.5,-21.94552
2197356093.75,-21.945
2197356250.0,-21.9421
2197356406.25,-21.93959
2197356562.5,-21.93993
2197356718.75,-21.9372
2197356875.0,-21.93513
2197357031.25,-21.93415
2197357187.5,-21.93387
2197357343.75,-21.9308
2197357500.0,-21.93109
2197357656.25,-21.9271
2197357812.5,-21.92663
2197357968.75,-21.92659
2197358125.0,-21.92577
2197358281.25,-21.92434
2197358437.5,-21.92264
2197358593.75,-21.9211
2197358750.0,-21.91844
2197358906.25,-21.91884
2197359062.5,-21.91503
2197359218.75,-21.91532
2197359375.0,-21.91352
2197359531.25,-21.91177
2197359687.5,-21.90897
2197359843.75,-21.90931
2197360000.0,-21.90672
2197360156.25,-21.90624
2197360312.5,-21.90379
2197360468.75,-21.90143
2197360625.0,-21.89914
2197360781.25,-21.89909
2197360937.5,-21.90002
2197361093.75,-21.89412
2197361250.0,-21.89621
2197361406.25,-21.89409
2197361562.5,-21.89157
2197361718.75,-21.8919
2197361875.0,-21.89008
2197362031.25,-21.8867
2197362187.5,-21.88553
2197362343.75,-21.88438
2197362500.0,-21.88289
2197362656.25,-21.88016
2197362812.5,-21.87588
2197362968.75,-21.8772
2197363125.0,-21.87653
2197363281.25,-21.87699
2197363437.5,-21.87318
2197363593.75,-21.87306
2197363750.0,-21.87088
2197363906.25,-21.8671
2197364062.5,-21.86865
2197364218.75,-21.86611
2197364375.0,-21.86427
2197364531.25,-21.8637
2197364687.5,-21.86259
2197364843.75,-21.85962
2197365000.0,-21.85752
2197365156.25,-21.85666
2197365312.5,-21.85458
2197365468.75,-21.85432
2197365625.0,-21.85412
2197365781.25,-21.85137
2197365937.5,-21.84949
2197366093.75,-21.84591
2197366250.0,-21.84611
2197366406.25,-21.8434
2197366562.5,-21.84077
2197366718.75,-21.84148
2197366875.0,-21.83984
2197367031.25,-21.84042
2197367187.5,-21.83434
2197367343.75,-21.83803
2197367500.0,-21.83462
2197367656.25,-21.8333
2197367812.5,-21.83048
2197367968.75,-21.83044
2197368125.0,-21.82697
2197368281.25,-21.82511
2197368437.5,-21.8262
2197368593.75,-21.8253
2197368750.0,-21.82158
2197368906.25,-21.82099
2197369062.5,-21.81907
2197369218.75,-21.8168
2197369375.0,-21.81412
2197369531.25,-21.8137
2197369687.5,-21.81223
2197369843.75,-21.81279
2197370000.0,-21.80956
2197370156.25,-21.80763
2197370312.5,-21.80602
2197370468.75,-21.80525
2197370625.0,-21.80376
2197370781.25,-21.80209
2197370937.5,-21.80124
2197371093.75,-21.79879
2197371250.0,-21.79807
2197371406.25,-21.79653
2197371562.5,-21.79468
2197371718.75,-21.79287
2197371875.0,-21.79264
2197372031.25,-21.79081
2197372187.5,-21.79004
2197372343.75,-21.78932
2197372500.0,-21.78486
2197372656.25,-21.78518
2197372812.5,-21.7799
2197372968.75,-21.77901
2197373125.0,-21.77777
2197373281.25,-21.77788
2197373437.5,-21.77522
2197373593.75,-21.77463
2197373750.0,-21.77435
2197373906.25,-21.77298
2197374062.5,-21.76999
2197374218.75,-21.76821
2197374375.0,-21.76642
2197374531.25,-21.76522
2197374687.5,-21.76373
2197374843.75,-21.76147
2197375000.0,-21.76078
2197375156.25,-21.75953
2197375312.5,-21.75904
2197375468.75,-21.7561
2197375625.0,-21.75237
2197375781.25,-21.75307
2197375937.5,-21.75085
2197376093.75,-21.74988
2197376250.0,-21.7498
2197376406.25,-21.74591
2197376562.5,-21.7466
2197376718.75,-21.74621
2197376875.0,-21.74194
2197377031.25,-21.74276
2197377187.5,-21.74048
2197377343.75,-21.73894
2197377500.0,-21.73572
2197377656.25,-21.73584
2197377812.5,-21.7314
2197377968.75,-21.73197
2197378125.0,-21.73205
2197378281.25,-21.72851
2197378437.5,-21.7257
2197378593.75,-21.72785
2197378750.0,-21.72498
2197378906.25,-21.72285
2197379062.5,-21.72091
2197379218.75,-21.72005
2197379375.0,-21.71765
2197379531.25,-21.71726
2197379687.5,-21.71343
2197379843.75,-21.71163
2197380000.0,-21.71076
2197380156.25,-21.70998
2197380312.5,-21.70892
2197380468.75,-21.7071
2197380625.0,-21.7051
2197380781.25,-21.70327
2197380937.5,-21.70247
2197381093.75,-21.70109
2197381250.0,-21.69975
2197381406.25,-21.70006
2197381562.5,-21.69635
2197381718.75,-21.69384
2197381875.0,-21.69186
2197382031.25,-21.69267
2197382187.5,-21.68925
2197382343.75,-21.68672
2197382500.0,-21.68717
2197382656.25,-21.68499
2197382812.5,-21.68444
2197382968.75,-21.68126
2197383125.0,-21.68151
2197383281.25,-21.67855
2197383437.5,-21.67697
2197383593.75,-21.67602
2197383750.0,-21.67474
2197383906.25,-21.67166
2197384062.5,-21.67149
2197384218.75,-21.668
2197384375.0,-21.66699
2197384531.25,-21.6664
2197384687.5,-21.66462
2197384843.75,-21.66151
2197385000.0,-21.66242
2197385156.25,-21.66078
2197385312.5,-21.65983
2197385468.75,-21.65717
2197385625.0,-21.6564
2197385781.25,-21.65457
2197385937.5,-21.6519
2197386093.75,-21.64931
2197386250.0,-21.64865
2197386406.25,-21.64906
2197386562.5,-21.64634
2197386718.75,-21.64658
2197386875.0,-21.643
2197387031.25,-21.6419
2197387187.5,-21.63798
2197387343.75,-21.63785
2197387500.0,-21.63633
2197387656.25,-21.63535
2197387812.5,-21.63314
2197387968.75,-21.63232
2197388125.0,-21.63083
2197388281.25,-21.63204
2197388437.5,-21.62795
2197388593.75,-21.62476
2197388750.0,-21.62617
2197388906.25,-21.62356
2197389062.5,-21.62196
2197389218.75,-21.62146
2197389375.0,-21.61644
2197389531.25,-21.61738
2197389687.5,-21.61578
2197389843.75,-21.61478
2197390000.0,-21.61061
2197390156.25,-21.61164
2197390312.5,-21.60889
2197390468.75,-21.60566
2197390625.0,-21.60732
2197390781.25,-21.60279
2197390937.5,-21.60282
2197391093.75,-21.59923
2197391250.0,-21.5995
2197391406.25,-21.59829
2197391562.5,-21.59754
2197391718.75,-21.59351
2197391875.0,-21.59422
2197392031.25,-21.59176
2197392187.5,-21.58984
2197392343.75,-21.58948
2197392500.0,-21.58757
2197392656.25,-21.58498
2197392812.5,-21.58399
2197392968.75,-21.58116
2197393125.0,-21.58112
2197393281.25,-21.57975
2197393437.5,-21.57783
2197393593.75,-21.57545
2197393750.0,-21.5758
2197393906.25,-21.57282
2197394062.5,-21.57164
2197394218.75,-21.57026
2197394375.0,-21.56878
2197394531.25,-21.56689
2197394687.5,-21.56619
2197394843.75,-21.56465
2197395000.0,-21.56301
2197395156.25,-21.56005
2197395312.5,-21.55947
2197395468.75,-21.55604
2197395625.0,-21.55666
2197395781.25,-21.55459
2197395937.5,-21.55027
2197396093.75,-21.55199
2197396250.0,-21.54977
2197396406.25,-21.54924
2197396562.5,-21.54601
2197396718.75,-21.54482
2197396875.0,-21.54341
2197397031.25,-21.54148
2197397187.5,-21.53984
2197397343.75,-21.53889
2197397500.0,-21.53831
2197397656.25,-21.53698
2197397812.5,-21.53358
2197397968.75,-21.53239
2197398125.0,-21.53126
2197398281.25,-21.53156
2197398437.5,-21.52662
2197398593.75,-21.52714
2197398750.0,-21.52516
2197398906.25,-21.52307
2197399062.5,-21.52103
2197399218.75,-21.51877
2197399375.0,-21.5183
2197399531.25,-21.5174
2197399687.5,-21.51528
2197399843.75,-21.51315
2197400000.0,-21.51372
2197400156.25,-21.51081
2197400312.5,-21.50971
2197400468.75,-21.5069
2197400625.0,-21.50472
2197400781.25,-21.50344
2197400937.5,-21.50041
2197401093.75,-21.50037
2197401250.0,-21.49961
2197401406.25,-21.49707
2197401562.5,-21.49619
2197401718.75,-21.49407
2197401875.0,-21.49268
2197402031.25,-21.48905
2197402187.5,-21.48823
2197402343.75,-21.48663
2197402500.0,-21.48637
2197402656.25,-21.48439
2197402812.5,-21.48135
2197402968.75,-21.48154
2197403125.0,-21.48043
2197403281.25,-21.47854
2197403437.5,-21.47673
2197403593.75,-21.47616
2197403750.0,-21.47418
2197403906.25,-21.47446
2197404062.5,-21.47297
2197404218.75,-21.46709
2197404375.0,-21.46774
2197404531.25,-21.46531
2197404687.5,-21.46329
2197404843.75,-21.46284
2197405000.0,-21.46174
2197405156.25,-21.45855
2197405312.5,-21.45859
2197405468.75,-21.45569
2197405625.0,-21.45533
2197405781.25,-21.45513
2197405937.5,-21.45224
2197406093.75,-21.44939
2197406250.0,-21.44933
2197406406.25,-21.44562
2197406562.5,-21.44462
2197406718.75,-21.44477
2197406875.0,-21.44107
2197407031.25,-21.43982
2197407187.5,-21.43899
2197407343.75,-21.4369
2197407500.0,-21.43582
2197407656.25,-21.43357
2197407812.5,-21.4322
2197407968.75,-21.43203
2197408125.0,-21.43035
2197408281.25,-21.42958
2197408437.5,-21.42697
2197408593.75,-21.4236
2197408750.0,-21.42221
2197408906.25,-21.42028
2197409062.5,-21.42121
2197409218.75,-21.41837
2197409375.0,-21.4157
2197409531.25,-21.4164
2197409687.5,-21.41381
2197409843.75,-21.41262
2197410000.0,-21.40997
2197410156.25,-21.40784
2197410312.5,-21.40809
2197410468.75,-21.40396
2197410625.0,-21.40273
2197410781.25,-21.40003
2197410937.5,-21.39908
2197411093.75,-21.3985
2197411250.0,-21.39997
2197411406.25,-21.3942
2197411562.5,-21.39277
2197411718.75,-21.39216
2197411875.0,-21.39159
2197412031.25,-21.39056
2197412187.5,-21.38586
2197412343.75,-21.38595
2197412500.0,-21.38527
2197412656.25,-21.38393
2197412812.5,-21.38247
2197412968.75,-21.38064
2197413125.0,-21.37668
2197413281.25,-21.37709
2197413437.5,-21.37561
2197413593.75,-21.37333
2197413750.0,-21.3713
2197413906.25,-21.37041
2197414062.5,-21.37042
2197414218.75,-21.3694
2197414375.0,-21.3646
2197414531.25,-21.36347
2197414687.5,-21.3631
2197414843.75,-21.36062
2197415000.0,-21.3585
2197415156.25,-21.35578
2197415312.5,-21.3571
2197415468.75,-21.35295
2197415625.0,-21.35358
2197415781.25,-21.34954
2197415937.5,-21.34944
2197416093.75,-21.34821
2197416250.0,-21.34666
2197416406.25,-21.34309
2197416562.5,-21.34438
2197416718.75,-21.34148
2197416875.0,-21.34126
2197417031.25,-21.3377
2197417187.5,-21.33615
2197417343.75,-21.33658
2197417500.0,-21.33385
2197417656.25,-21.33063
2197417812.5,-21.33108
2197417968.75,-21.32916
2197418125.0,-21.32561
2197418281.25,-21.32599
2197418437.5,-21.32426
2197418593.75,-21.32289
2197418750.0,-21.32082
2197418906.25,-21.32086
2197419062.5,-21.31643
2197419218.75,-21.31822
2197419375.0,-21.31688
2197419531.25,-21.31207
2197419687.5,-21.30902
2197419843.75,-21.30753
2197420000.0,-21.3071
2197420156.25,-21.30638
2197420312.5,-21.30745
2197420468.75,-21.30455
2197420625.0,-21.30056
2197420781.25,-21.29974
2197420937.5,-21.2978
2197421093.75,-21.29662
2197421250.0,-21.29605
2197421406.25,-21.29347
2197421562.5,-21.29216
2197421718.75,-21.28959
2197421875.0,-21.28664
2197422031.25,-21.28788
2197422187.5,-21.28574
2197422343.75,-21.28426
2197422500.0,-21.28216
2197422656.25,-21.28166
2197422812.5,-21.28035
2197422968.75,-21.27935
2197423125.0,-21.27675
2197423281.25,-21.27493
2197423437.5,-21.27287
2197423593.75,-21.26935
2197423750.0,-21.27148
2197423906.25,-21.26683
2197424062.5,-21.26509
2197424218.75,-21.26294
2197424375.0,-21.26173
2197424531.25,-21.26056
2197424687.5,-21.26235
2197424843.75,-21.25692
2197425000.0,-21.25785
2197425156.25,-21.25557
2197425312.5,-21.25081
2197425468.75,-21.25076
2197425625.0,-21.25011
2197425781.25,-21.25027
2197425937.5,-21.24789
2197426093.75,-21.24364
2197426250.0,-21.2443
2197426406.25,-21.24093
2197426562.5,-21.23839
2197426718.75,-21.23679
2197426875.0,-21.23709
2197427031.25,-21.23501
2197427187.5,-21.23161
2197427343.75,-21.23162
2197427500.0,-21.23043
2197427656.25,-21.22881
2197427812.5,-21.22616
2197427968.75,-21.22519
2197428125.0,-21.22245
2197428281.25,-21.22287
2197428437.5,-21.2188
2197428593.75,-21.21821
2197428750.0,-21.2171
2197428906.25,-21.21637
2197429062.5,-21.21427
2197429218.75,-21.21143
2197429375.0,-21.21227
2197429531.25,-21.2087
2197429687.5,-21.20809
2197429843.75,-21.20341
2197430000.0,-21.20296
2197430156.25,-21.20325
2197430312.5,-21.20069
2197430468.75,-21.19942
2197430625.0,-21.19701
2197430781.25,-21.1978
2197430937.5,-21.19561
2197431093.75,-21.1922
2197431250.0,-21.1912
2197431406.25,-21.19005
2197431562.5,-21.18679
2197431718.75,-21.18753
2197431875.0,-21.18459
2197432031.25,-21.18136
2197432187.5,-21.18194
2197432343.75,-21.17942
2197432500.0,-21.1782
2197432656.25,-21.1769
2197432812.5,-21.17515
2197432968.75,-21.17277
2197433125.0,-21.17167
2197433281.25,-21.16835
2197433437.5,-21.16957
2197433593.75,-21.16534
2197433750.0,-21.16549
2197433906.25,-21.16306
2197434062.5,-21.16212
2197434218.75,-21.15872
2197434375.0,-21.15831
2197434531.25,-21.15588
2197434687.5,-21.15531
2197434843.75,-21.1548
2197435000.0,-21.15213
2197435156.25,-21.15072
2197435312.5,-21.14926
2197435468.75,-21.14845
2197435625.0,-21.14501
2197435781.25,-21.14352
2197435937.5,-21.1418
2197436093.75,-21.14022
2197436250.0,-21.1375
2197436406.25,-21.13679
2197436562.5,-21.13491
2197436718.75,-21.13487
2197436875.0,-21.13265
2197437031.25,-21.13037
2197437187.5,-21.12896
2197437343.75,-21.12846
2197437500.0,-21.12482
2197437656.25,-21.12537
2197437812.5,-21.12167
2197437968.75,-21.12099
2197438125.0,-21.11874
2197438281.25,-21.11743
2197438437.5,-21.11627
2197438593.75,-21.1153
2197438750.0,-21.1137
2197438906.25,-21.11138
2197439062.5,-21.10797
2197439218.75,-21.10879
2197439375.0,-21.10662
2197439531.25,-21.10418
2197439687.5,-21.10283
2197439843.75,-21.10087
2197440000.0,-21.1004
2197440156.25,-21.09857
2197440312.5,-21.09626
2197440468.75,-21.09606
2197440625.0,-21.09322
2197440781.25,-21.09145
2197440937.5,-21.08775
2197441093.75,-21.08768
2197441250.0,-21.08395
2197441406.25,-21.08466
2197441562.5,-21.08373
2197441718.75,-21.0816
2197441875.0,-21.07934
2197442031.25,-21.07951
2197442187.5,-21.07707
2197442343.75,-21.0751
2197442500.0,-21.0727
2197442656.25,-21.07197
2197442812.5,-21.06981
2197442968.75,-21.06734
2197443125.0,-21.0666
2197443281.25,-21.06458
2197443437.5,-21.06318
2197443593.75,-21.06078
2197443750.0,-21.06162
2197443906.25,-21.05933
2197444062.5,-21.05774
2197444218.75,-21.05442
2197444375.0,-21.054
2197444531.25,-21.05139
2197444687.5,-21.0484
2197444843.75,-21.04857
2197445000.0,-21.04756
2197445156.25,-21.04657
2197445312.5,-21.04428
2197445468.75,-21.04295
2197445625.0,-21.0412
2197445781.25,-21.03909
2197445937.5,-21.03683
2197446093.75,-21.03462
2197446250.0,-21.03247
2197446406.25,-21.03189
2197446562.5,-21.03144
2197446718.75,-21.02769
2197446875.0,-21.02554
2197447031.25,-21.02376
2197447187.5,-21.0232
2197447343.75,-21.02227
2197447500.0,-21.0194
2197447656.25,-21.01965
2197447812.5,-21.0167
2197447968.75,-21.01503
2197448125.0,-21.01411
2197448281.25,-21.01284
2197448437.5,-21.00838
2197448593.75,-21.00916
2197448750.0,-21.00765
2197448906.25,-21.0049
2197449062.5,-21.00187
2197449218.75,-21.00325
2197449375.0,-20.99916
2197449531.25,-20.99849
2197449687.5,-20.99612
2197449843.75,-20.99667
2197450000.0,-20.99319
2197450156.25,-20.99222
2197450312.5,-20.99035
2197450468.75,-20.98818
2197450625.0,-20.98548
2197450781.25,-20.98332
2197450937.5,-20.98407
2197451093.75,-20.98029
2197451250.0,-20.97997
2197451406.25,-20.97796
2197451562.5,-20.97811
2197451718.75,-20.9746
2197451875.0,-20.97328
2197452031.25,-20.97031
2197452187.5,-20.97072
2197452343.75,-20.96876
2197452500.0,-20.96703
2197452656.25,-20.96518
2197452812.5,-20.96172
2197452968.75,-20.96321
2197453125.0,-20.95876
2197453281.25,-20.9586
2197453437.5,-20.95585
2197453593.75,-20.95624
2197453750.0,-20.95293
2197453906.25,-20.95191
2197454062.5,-20.95082
2197454218.75,-20.94886
2197454375.0,-20.94554
2197454531.25,-20.94641
2197454687.5,-20.94439
2197454843.75,-20.94003
2197455000.0,-20.93841
2197455156.25,-20.93935
2197455312.5,-20.93709
2197455468.75,-20.93421
2197455625.0,-20.93204
2197455781.25,-20.93141
2197455937.5,-20.93162
2197456093.75,-20.92822
2197456250.0,-20.92658
2197456406.25,-20.92412
2197456562.5,-20.923
2197456718.75,-20.92322
2197456875.0,-20.92108
2197457031.25,-20.91675
2197457187.5,-20.91514
2197457343.75,-20.91374
2197457500.0,-20.9156
2197457656.25,-20.91066
2197457812.5,-20.91104
2197457968.75,-20.90889
2197458125.0,-20.90494
2197458281.25,-20.90463
2197458437.5,-20.90287
2197458593.75,-20.90122
2197458750.0,-20.90059
2197458906.25,-20.89902
2197459062.5,-20.89855
2197459218.75,-20.89495
2197459375.0,-20.893
2197459531.25,-20.89085
2197459687.5,-20.8895
2197459843.75,-20.88831
2197460000.0,-20.88688
2197460156.25,-20.88578
2197460312.5,-20.88361
2197460468.75,-20.88149
2197460625.0,-20.87891
2197460781.25,-20.87694
2197460937.5,-20.87653
2197461093.75,-20.87354
2197461250.0,-20.87284
2197461406.25,-20.87191
2197461562.5,-20.87046
2197461718.75,-20.86913
2197461875.0,-20.866
2197462031.25,-20.8645
2197462187.5,-20.86186
2197462343.75,-20.8605
2197462500.0,-20.85759
2197462656.25,-20.85711
2197462812.5,-20.85567
2197462968.75,-20.8556
2197463125.0,-20.85442
2197463281.25,-20.85184
2197463437.5,-20.84982
2197463593.75,-20.84671
2197463750.0,-20.84613
2197463906.25,-20.84473
2197464062.5,-20.84168
2197464218.75,-20.83993
2197464375.0,-20.83918
2197464531.25,-20.83891
2197464687.5,-20.8351
2197464843.75,-20.83393
2197465000.0,-20.83337
2197465156.25,-20.83052
2197465312.5,-20.82984
2197465468.75,-20.82941
2197465625.0,-20.82693
2197465781.25,-20.82488
2197465937.5,-20.82114
2197466093.75,-20.82081
2197466250.0,-20.81891
2197466406.25,-20.81709
2197466562.5,-20.81496
2197466718.75,-20.81321
2197466875.0,-20.81391
2197467031.25,-20.80962
2197467187.5,-20.8084
2197467343.75,-20.80662
2197467500.0,-20.80305
2197467656.25,-20.80497
2197467812.5,-20.79934
2197467968.75,-20.80122
2197468125.0,-20.79767
2197468281.25,-20.7977
2197468437.5,-20.79498
2197468593.75,-20.79373
2197468750.0,-20.79119
2197468906.25,-20.79035
2197469062.5,-20.78885
2197469218.75,-20.78801
2197469375.0,-20.78531
2197469531.25,-20.7824
2197469687.5,-20.78183
2197469843.75,-20.78127
2197470000.0,-20.77829
2197470156.25,-20.77601
2197470312.5,-20.77364
2197470468.75,-20.77227
2197470625.0,-20.77048
2197470781.25,-20.76819
2197470937.5,-20.76728
2197471093.75,-20.76869
2197471250.0,-20.76435
2197471406.25,-20.76119
2197471562.5,-20.76208
2197471718.75,-20.75943
2197471875.0,-20.7585
2197472031.25,-20.75565
2197472187.5,-20.75448
2197472343.75,-20.75482
2197472500.0,-20.75104
2197472656.25,-20.74874
2197472812.5,-20.74767
2197472968.75,-20.74724
2197473125.0,-20.744
2197473281.25,-20.74351
2197473437.5,-20.74071
2197473593.75,-20.73911
2197473750.0,-20.73742
2197473906.25,-20.73597
2197474062.5,-20.73449
2197474218.75,-20.73421
2197474375.0,-20.72971
2197474531.25,-20.73019
2197474687.5,-20.72669
2197474843.75,-20.72438
2197475000.0,-20.72186
2197475156.25,-20.72169
2197475312.5,-20.71902
2197475468.75,-20.71693
2197475625.0,-20.71708
2197475781.25,-20.71429
2197475937.5,-20.71177
2197476093.75,-20.71039
2197476250.0,-20.70841
2197476406.25,-20.7068
2197476562.5,-20.70612
2197476718.75,-20.70471
2197476875.0,-20.70151
2197477031.25,-20.70154
2197477187.5,-20.70001
2197477343.75,-20.69669
2197477500.0,-20.69659
2197477656.25,-20.69541
2197477812.5,-20.69441
2197477968.75,-20.69041
2197478125.0,-20.68817
2197478281.25,-20.6855
2197478437.5,-20.68503
2197478593.75,-20.68449
2197478750.0,-20.68191
2197478906.25,-20.67953
2197479062.5,-20.67705
2197479218.75,-20.67459
2197479375.0,-20.67485
2197479531.25,-20.6714
2197479687.5,-20.67152
2197479843.75,-20.66888
2197480000.0,-20.66663
2197480156.25,-20.66613
2197480312.5,-20.66415
2197480468.75,-20.66205
2197480625.0,-20.66146
2197480781.25,-20.65948
2197480937.5,-20.65717
2197481093.75,-20.65558
2197481250.0,-20.65307
2197481406.25,-20.65374
2197481562.5,-20.65045
2197481718.75,-20.64847
2197481875.0,-20.6467
2197482031.25,-20.64535
2197482187.5,-20.64462
2197482343.75,-20.63994
2197482500.0,-20.6418
2197482656.25,-20.63799
2197482812.5,-20.63465
2197482968.75,-20.63475
2197483125.0,-20.63359
2197483281.25,-20.63107
2197483437.5,-20.62941
2197483593.75,-20.62848
2197483750.0,-20.62721
2197483906.25,-20.62674
2197484062.5,-20.62211
2197484218.75,-20.62271
2197484375.0,-20.62001
2197484531.25,-20.61808
2197484687.5,-20.61613
2197484843.75,-20.61663
2197485000.0,-20.61315
2197485156.25,-20.61036
2197485312.5,-20.61011
2197485468.75,-20.6076
2197485625.0,-20.60551
2197485781.25,-20.60489
2197485937.5,-20.60088
2197486093.75,-20.59978
2197486250.0,-20.59816
2197486406.25,-20.59556
2197486562.5,-20.5929
2197486718.75,-20.59219
2197486875.0,-20.59283
2197487031.25,-20.5898
2197487187.5,-20.5884
2197487343.75,-20.58744
2197487500.0,-20.58329
2197487656.25,-20.58341
2197487812.5,-20.58246
2197487968.75,-20.5775
2197488125.0,-20.57654
2197488281.25,-20.57738
2197488437.5,-20.5754
2197488593.75,-20.57394
2197488750.0,-20.57145
2197488906.25,-20.56987
2197489062.5,-20.56719
2197489218.75,-20.56518
2197489375.0,-20.56347
2197489531.25,-20.56248
2197489687.5,-20.55954
2197489843.75,-20.56028
2197490000.0,-20.5578
2197490156.25,-20.55727
2197490312.5,-20.55375
2197490468.75,-20.55317
2197490625.0,-20.54769
2197490781.25,-20.55003
2197490937.5,-20.54642
2197491093.75,-20.54486
2197491250.0,-20.54354
2197491406.25,-20.54058
2197491562.5,-20.54058
2197491718.75,-20.5379
2197491875.0,-20.53581
2197492031.25,-20.53264
2197492187.5,-20.53236
2197492343.75,-20.53045
2197492500.0,-20.52831
2197492656.25,-20.52543
2197492812.5,-20.52456
2197492968.75,-20.52394
2197493125.0,-20.52077
2197493281.25,-20.52088
2197493437.5,-20.51728
2197493593.75,-20.51768
2197493750.0,-20.516
2197493906.25,-20.51325
2197494062.5,-20.51122
2197494218.75,-20.50989
2197494375.0,-20.50784
2197494531.25,-20.50691
2197494687.5,-20.50403
2197494843.75,-20.50301
2197495000.0,-20.49999
2197495156.25,-20.49714
2197495312.5,-20.49858
2197495468.75,-20.49613
2197495625.0,-20.49299
2197495781.25,-20.49298
2197495937.5,-20.48777
2197496093.75,-20.48834
2197496250.0,-20.48644
2197496406.25,-20.48636
2197496562.5,-20.48353
2197496718.75,-20.48103
2197496875.0,-20.48163
2197497031.25,-20.4789
2197497187.5,-20.47648
2197497343.75,-20.47583
2197497500.0,-20.4714
2197497656.25,-20.47142
2197497812.5,-20.46862
2197497968.75,-20.46838
2197498125.0,-20.46607
2197498281.25,-20.46482
2197498437.5,-20.46169
2197498593.75,-20.46165
2197498750.0,-20.45947
2197498906.25,-20.45776
2197499062.5,-20.45443
2197499218.75,-20.45508
2197499375.0,-20.45228
2197499531.25,-20.44916
2197499687.5,-20.4477
2197499843.75,-20.44683
2197500000.0,-20.44452
2197500156.25,-20.4419
2197500312.5,-20.44053
2197500468.75,-20.43888
2197500625.0,-20.43699
2197500781.25,-20.43694
2197500937.5,-20.43553
2197501093.75,-20.43323
2197501250.0,-20.43181
2197501406.25,-20.4306
2197501562.5,-20.42723
2197501718.75,-20.42611
2197501875.0,-20.423
2197502031.25,-20.42138
2197502187.5,-20.42043
2197502343.75,-20.41869
2197502500.0,-20.41573
2197502656.25,-20.41406
2197502812.5,-20.41212
2197502968.75,-20.4098
2197503125.0,-20.40928
2197503281.25,-20.40605
2197503437.5,-20.40531
2197503593.75,-20.40545
2197503750.0,-20.40309
2197503906.25,-20.39861
2197504062.5,-20.39718
2197504218.75,-20.39686
2197504375.0,-20.39616
2197504531.25,-20.39213
2197504687.5,-20.39312
2197504843.75,-20.39061
2197505000.0,-20.38866
2197505156.25,-20.38568
2197505312.5,-20.38463
2197505468.75,-20.38187
2197505625.0,-20.38177
2197505781.25,-20.37828
2197505937.5,-20.37907
2197506093.75,-20.37515
2197506250.0,-20.37495
2197506406.25,-20.37383
2197506562.5,-20.37215
2197506718.75,-20.36644
2197506875.0,-20.36523
2197507031.25,-20.36629
2197507187.5,-20.36347
2197507343.75,-20.36115
2197507500.0,-20.35843
2197507656.25,-20.35692
2197507812.5,-20.35583
2197507968.75,-20.35502
2197508125.0,-20.35309
2197508281.25,-20.35154
2197508437.5,-20.34975
2197508593.75,-20.34646
2197508750.0,-20.34529
2197508906.25,-20.34378
2197509062.5,-20.34198
2197509218.75,-20.34047
2197509375.0,-20.33875
2197509531.25,-20.33636
2197509687.5,-20.33255
2197509843.75,-20.33302
2197510000.0,-20.33097
2197510156.25,-20.32919
2197510312.5,-20.32615
2197510468.75,-20.32511
2197510625.0,-20.32507
2197510781.25,-20.32207
2197510937.5,-20.32072
2197511093.75,-20.31836
2197511250.0,-20.31679
2197511406.25,-20.31432
2197511562.5,-20.31393
2197511718.75,-20.31366
2197511875.0,-20.30833
2197512031.25,-20.30738
2197512187.5,-20.30644
2197512343.75,-20.30551
2197512500.0,-20.30245
2197512656.25,-20.29951
2197512812.5,-20.29835
2197512968.75,-20.29766
2197513125.0,-20.29402
2197513281.25,-20.29245
2197513437.5,-20.29297
2197513593.75,-20.29113
2197513750.0,-20.28838
2197513906.25,-20.28831
2197514062.5,-20.28491
2197514218.75,-20.28301
2197514375.0,-20.2806
2197514531.25,-20.27915
2197514687.5,-20.27869
2197514843.75,-20.27492
2197515000.0,-20.27298
2197515156.25,-20.27059
2197515312.5,-20.27097
2197515468.75,-20.26754
2197515625.0,-20.26506
2197515781.25,-20.26432
2197515937.5,-20.26335
2197516093.75,-20.26018
2197516250.0,-20.25875
2197516406.25,-20.25676
2197516562.5,-20.25379
2197516718.75,-20.25348
2197516875.0,-20.25119
2197517031.25,-20.2505
2197517187.5,-20.24958
2197517343.75,-20.24571
2197517500.0,-20.24544
2197517656.25,-20.24326
2197517812.5,-20.24122
2197517968.75,-20.24092
2197518125.0,-20.23834
2197518281.25,-20.23329
2197518437.5,-20.23192
2197518593.75,-20.23136
2197518750.0,-20.23079
2197518906.25,-20.2272
2197519062.5,-20.22789
2197519218.75,-20.22403
2197519375.0,-20.22419
2197519531.25,-20.22015
2197519687.5,-20.21949
2197519843.75,-20.21741
2197520000.0,-20.21679
2197520156.25,-20.21427
2197520312.5,-20.21094
2197520468.75,-20.20934
2197520625.0,-20.20762
2197520781.25,-20.20726
2197520937.5,-20.20355
2197521093.75,-20.20106
2197521250.0,-20.20253
2197521406.25,-20.19899
2197521562.5,-20.19887
2197521718.75,-20.19661
2197521875.0,-20.19299
2197522031.25,-20.19084
2197522187.5,-20.18944
2197522343.75,-20.19002
2197522500.0,-20.18863
2197522656.25,-20.18618
2197522812.5,-20.18249
2197522968.75,-20.18254
2197523125.0,-20.17748
2197523281.25,-20.17631
2197523437.5,-20.17619
2197523593.75,-20.17439
2197523750.0,-20.17183
2197523906.25,-20.17076
2197524062.5,-20.16771
2197524218.75,-20.16757
2197524375.0,-20.1645
2197524531.25,-20.16306
2197524687.5,-20.1614
2197524843.75,-20.16035
2197525000.0,-20.15743
2197525156.25,-20.15658
2197525312.5,-20.15196
2197525468.75,-20.15262
2197525625.0,-20.14994
2197525781.25,-20.14887
2197525937.5,-20.14507
2197526093.75,-20.14554
2197526250.0,-20.14367
2197526406.25,-20.14031
2197526562.5,-20.14086
2197526718.75,-20.13702
2197526875.0,-20.13562
2197527031.25,-20.13468
2197527187.5,-20.13253
2197527343.75,-20.13057
2197527500.0,-20.1294
2197527656.25,-20.12669
2197527812.5,-20.1249
2197527968.75,-20.12223
2197528125.0,-20.12316
2197528281.25,-20.11944
2197528437.5,-20.11799
2197528593.75,-20.11749
2197528750.0,-20.11468
2197528906.25,-20.11204
2197529062.5,-20.11159
2197529218.75,-20.10888
2197529375.0,-20.10619
2197529531.25,-20.10369
2197529687.5,-20.10373
2197529843.75,-20.10158
2197530000.0,-20.09907
2197530156.25,-20.09833
2197530312.5,-20.09549
2197530468.75,-20.09483
2197530625.0,-20.0907
2197530781.25,-20.08933
2197530937.5,-20.08835
2197531093.75,-20.08913
2197531250.0,-20.08514
2197531406.25,-20.0818
2197531562.5,-20.08125
2197531718.75,-20.07833
2197531875.0,-20.0785
2197532031.25,-20.07554
2197532187.5,-20.0748
2197532343.75,-20.0722
2197532500.0,-20.06937
2197532656.25,-20.06848
2197532812.5,-20.06647
2197532968.75,-20.06429
2197533125.0,-20.06389
2197533281.25,-20.06214
2197533437.5,-20.05923
2197533593.75,-20.0564
2197533750.0,-20.0556
2197533906.25,-20.05483
2197534062.5,-20.05313
2197534218.75,-20.0507
2197534375.0,-20.04873
2197534531.25,-20.04727
2197534687.5,-20.04466
2197534843.75,-20.04096
2197535000.0,-20.04037
2197535156.25,-20.03933
2197535312.5,-20.03843
2197535468.75,-20.03533
2197535625.0,-20.03369
2197535781.25,-20.03277
2197535937.5,-20.02933
2197536093.75,-20.02685
2197536250.0,-20.02639
2197536406.25,-20.02469
2197536562.5,-20.02148
2197536718.75,-20.02065
2197536875.0,-20.01837
2197537031.25,-20.01552
2197537187.5,-20.01663
2197537343.75,-20.01373
2197537500.0,-20.01013
2197537656.25,-20.0098
2197537812.5,-20.0086
2197537968.75,-20.00679
2197538125.0,-20.00418
2197538281.25,-19.99999
2197538437.5,-20.00056
2197538593.75,-19.99698
2197538750.0,-19.99537
2197538906.25,-19.99407
2197539062.5,-19.99343
2197539218.75,-19.99076
2197539375.0,-19.99031
2197539531.25,-19.98634
2197539687.5,-19.98351
2197539843.75,-19.98273
2197540000.0,-19.98249
2197540156.25,-19.98027
2197540312.5,-19.97726
2197540468.75,-19.97674
2197540625.0,-19.97329
2197540781.25,-19.97138
2197540937.5,-19.97024
2197541093.75,-19.9683
2197541250.0,-19.96709
2197541406.25,-19.96422
2197541562.5,-19.96249
2197541718.75,-19.96169
2197541875.0,-19.95877
2197542031.25,-19.95804
2197542187.5,-19.95622
2197542343.75,-19.95339
2197542500.0,-19.95171
2197542656.25,-19.94909
2197542812.5,-19.94706
2197542968.75,-19.94613
2197543125.0,-19.94501
2197543281.25,-19.94112
2197543437.5,-19.9403
2197543593.75,-19.93825
2197543750.0,-19.93797
2197543906.25,-19.93446
2197544062.5,-19.9332
2197544218.75,-19.92924
2197544375.0,-19.92968
2197544531.25,-19.92735
2197544687.5,-19.92518
2197544843.75,-19.92249
2197545000.0,-19.92293
2197545156.25,-19.91901
2197545312.5,-19.91688
2197545468.75,-19.91619
2197545625.0,-19.91256
2197545781.25,-19.91104
2197545937.5,-19.91095
2197546093.75,-19.90788
2197546250.0,-19.90755
2197546406.25,-19.90386
2197546562.5,-19.90227
2197546718.75,-19.90235
2197546875.0,-19.89938
2197547031.25,-19.89529
2197547187.5,-19.89542
2197547343.75,-19.89511
2197547500.0,-19.89078
2197547656.25,-19.88838
2197547812.5,-19.88839
2197547968.75,-19.88671
2197548125.0,-19.88444
2197548281.25,-19.88275
2197548437.5,-19.88096
2197548593.75,-19.87809
2197548750.0,-19.87683
2197548906.25,-19.87449
2197549062.5,-19.8737
2197549218.75,-19.87164
2197549375.0,-19.86927
2197549531.25,-19.86732
2197549687.5,-19.86587
2197549843.75,-19.86378
2197550000.0,-19.86109
2197550156.25,-19.86041
2197550312.5,-19.85774
2197550468.75,-19.85604
2197550625.0,-19.85445
2197550781.25,-19.85204
2197550937.5,-19.8513
2197551093.75,-19.84768
2197551250.0,-19.84702
2197551406.25,-19.84759
2197551562.5,-19.84359
2197551718.75,-19.84076
2197551875.0,-19.83996
2197552031.25,-19.83852
2197552187.5,-19.83647
2197552343.75,-19.83435
2197552500.0,-19.83233
2197552656.25,-19.82962
2197552812.5,-19.82825
2197552968.75,-19.82644
2197553125.0,-19.82406
2197553281.25,-19.82422
2197553437.5,-19.82087
2197553593.75,-19.81853
2197553750.0,-19.81639
2197553906.25,-19.81468
2197554062.5,-19.81402
2197554218.75,-19.8114
2197554375.0,-19.8097
2197554531.25,-19.80631
2197554687.5,-19.80423
2197554843.75,-19.80407
2197555000.0,-19.80079
2197555156.25,-19.80017
2197555312.5,-19.79761
2197555468.75,-19.79416
2197555625.0,-19.79486
2197555781.25,-19.79261
2197555937.5,-19.79021
2197556093.75,-19.78968
2197556250.0,-19.78653
2197556406.25,-19.78496
2197556562.5,-19.78208
2197556718.75,-19.78125
2197556875.0,-19.77878
2197557031.25,-19.77771
2197557187.5,-19.77511
2197557343.75,-19.77342
2197557500.0,-19.77156
2197557656.25,-19.76817
2197557812.5,-19.7666
2197557968.75,-19.76593
2197558125.0,-19.76556
2197558281.25,-19.76366
2197558437.5,-19.76048
2197558593.75,-19.75812
2197558750.0,-19.75533
2197558906.25,-19.7541
2197559062.5,-19.75016
2197559218.75,-19.75141
2197559375.0,-19.75091
2197559531.25,-19.74767
2197559687.5,-19.7453
2197559843.75,-19.74282
2197560000.0,-19.74106
2197560156.25,-19.73989
2197560312.5,-19.73744
2197560468.75,-19.73571
2197560625.0,-19.73428
2197560781.25,-19.73236
2197560937.5,-19.72943
2197561093.75,-19.72672
2197561250.0,-19.72493
2197561406.25,-19.72386
2197561562.5,-19.72122
2197561718.75,-19.71957
2197561875.0,-19.71795
2197562031.25,-19.71745
2197562187.5,-19.71575
2197562343.75,-19.71362
2197562500.0,-19.71104
2197562656.25,-19.70809
2197562812.5,-19.70789
2197562968.75,-19.70596
2197563125.0,-19.70337
2197563281.25,-19.70084
2197563437.5,-19.7007
2197563593.75,-19.69755
2197563750.0,-19.69518
2197563906.25,-19.69385
2197564062.5,-19.6893
2197564218.75,-19.68911
2197564375.0,-19.68714
2197564531.25,-19.68561
2197564687.5,-19.68294
2197564843.75,-19.68128
2197565000.0,-19.68009
2197565156.25,-19.67823
2197565312.5,-19.67579
2197565468.75,-19.67323
2197565625.0,-19.67304
2197565781.25,-19.66978
2197565937.5,-19.66928
2197566093.75,-19.66605
2197566250.0,-19.66275
2197566406.25,-19.66198
2197566562.5,-19.6599
2197566718.75,-19.66062
2197566875.0,-19.65808
2197567031.25,-19.6546
2197567187.5,-19.65371
2197567343.75,-19.65108
2197567500.0,-19.64876
2197567656.25,-19.64804
2197567812.5,-19.64574
2197567968.75,-19.64417
2197568125.0,-19.64143
2197568281.25,-19.64041
2197568437.5,-19.63774
2197568593.75,-19.63598
2197568750.0,-19.63422
2197568906.25,-19.63089
2197569062.5,-19.63117
2197569218.75,-19.62807
2197569375.0,-19.62551
2197569531.25,-19.62512
2197569687.5,-19.622
2197569843.75,-19.61968
2197570000.0,-19.61789
2197570156.25,-19.61698
2197570312.5,-19.61423
2197570468.75,-19.61358
2197570625.0,-19.61072
2197570781.25,-19.60932
2197570937.5,-19.60614
2197571093.75,-19.60546
2197571250.0,-19.60345
2197571406.25,-19.6004
2197571562.5,-19.59812
2197571718.75,-19.59904
2197571875.0,-19.59425
2197572031.25,-19.5924
2197572187.5,-19.59168
2197572343.75,-19.59031
2197572500.0,-19.58713
2197572656.25,-19.5868
2197572812.5,-19.58535
2197572968.75,-19.58195
2197573125.0,-19.57941
2197573281.25,-19.57917
2197573437.5,-19.57434
2197573593.75,-19.57446
2197573750.0,-19.57146
2197573906.25,-19.57038
2197574062.5,-19.56819
2197574218.75,-19.56623
2197574375.0,-19.56308
2197574531.25,-19.56199
2197574687.5,-19.5599
2197574843.75,-19.5573
2197575000.0,-19.55796
2197575156.25,-19.55617
2197575312.5,-19.55184
2197575468.75,-19.55152
2197575625.0,-19.5501
2197575781.25,-19.54661
2197575937.5,-19.54416
2197576093.75,-19.54387
2197576250.0,-19.53977
2197576406.25,-19.54052
2197576562.5,-19.53749
2197576718.75,-19.53515
2197576875.0,-19.53356
2197577031.25,-19.53146
2197577187.5,-19.52836
2197577343.75,-19.52731
2197577500.0,-19.52477
2197577656.25,-19.5233
2197577812.5,-19.52282
2197577968.75,-19.52062
2197578125.0,-19.51651
2197578281.25,-19.51511
2197578437.5,-19.51354
2197578593.75,-19.51261
2197578750.0,-19.50939
2197578906.25,-19.5089
2197579062.5,-19.50741
2197579218.75,-19.50435
2197579375.0,-19.50105
2197579531.25,-19.501
2197579687.5,-19.49798
2197579843.75,-19.49647
2197580000.0,-19.49426
2197580156.25,-19.49141
2197580312.5,-19.49092
2197580468.75,-19.48965
2197580625.0,-19.4863
2197580781.25,-19.48407
2197580937.5,-19.48186
2197581093.75,-19.48167
2197581250.0,-19.47959
2197581406.25,-19.47643
2197581562.5,-19.4746
2197581718.75,-19.47399
2197581875.0,-19.47021
2197582031.25,-19.46933
2197582187.5,-19.4692
2197582343.75,-19.46507
2197582500.0,-19.46386
2197582656.25,-19.45988
2197582812.5,-19.45959
2197582968.75,-19.45735
2197583125.0,-19.45587
2197583281.25,-19.45303
2197583437.5,-19.45142
2197583593.75,-19.44968
2197583750.0,-19.44714
2197583906.25,-19.44519
2197584062.5,-19.4448
2197584218.75,-19.44014
2197584375.0,-19.43942
2197584531.25,-19.43717
2197584687.5,-19.43666
2197584843.75,-19.43231
2197585000.0,-19.43193
2197585156.25,-19.43018
2197585312.5,-19.42756
2197585468.75,-19.42652
2197585625.0,-19.42259
2197585781.25,-19.42121
2197585937.5,-19.42057
2197586093.75,-19.41837
2197586250.0,-19.41645
2197586406.25,-19.41333
2197586562.5,-19.41192
2197586718.75,-19.41131
2197586875.0,-19.40844
2197587031.25,-19.40767
2197587187.5,-19.40418
2197587343.75,-19.40058
2197587500.0,-19.40135
2197587656.25,-19.3989
2197587812.5,-19.39529
2197587968.75,-19.39448
2197588125.0,-19.39198
2197588281.25,-19.39096
2197588437.5,-19.38754
2197588593.75,-19.38666
2197588750.0,-19.38443
2197588906.25,-19.38414
2197589062.5,-19.38051
2197589218.75,-19.37922
2197589375.0,-19.37597
2197589531.25,-19.37393
2197589687.5,-19.37419
2197589843.75,-19.37026
2197590000.0,-19.36863
2197590156.25,-19.36566
2197590312.5,-19.3652
2197590468.75,-19.36175
2197590625.0,-19.36166
2197590781.25,-19.35769
2197590937.5,-19.35704
2197591093.75,-19.35409
2197591250.0,-19.35339
2197591406.25,-19.35148
2197591562.5,-19.35062
2197591718.75,-19.34823
2197591875.0,-19.34665
2197592031.25,-19.34346
2197592187.5,-19.33958
2197592343.75,-19.33989
2197592500.0,-19.33735
2197592656.25,-19.33486
2197592812.5,-19.332
2197592968.75,-19.33099
2197593125.0,-19.33043
2197593281.25,-19.32524
2197593437.5,-19.3258
2197593593.75,-19.32217
2197593750.0,-19.31967
2197593906.25,-19.3185
2197594062.5,-19.31649
2197594218.75,-19.31467
2197594375.0,-19.31414
2197594531.25,-19.31081
2197594687.5,-19.3087
2197594843.75,-19.30628
2197595000.0,-19.30462
2197595156.25,-19.30408
2197595312.5,-19.30165
2197595468.75,-19.30063
2197595625.0,-19.29723
2197595781.25,-19.29608
2197595937.5,-19.29356
2197596093.75,-19.29189
2197596250.0,-19.28845
2197596406.25,-19.28672
2197596562.5,-19.28605
2197596718.75,-19.28342
2197596875.0,-19.28016
2197597031.25,-19.2784
2197597187.5,-19.27743
2197597343.75,-19.27596
2197597500.0,-19.27263
2197597656.25,-19.27329
2197597812.5,-19.27015
2197597968.75,-19.26815
2197598125.0,-19.26581
2197598281.25,-19.26287
2197598437.5,-19.26122
2197598593.75,-19.25922
2197598750.0,-19.25664
2197598906.25,-19.2551
2197599062.5,-19.25338
2197599218.75,-19.25197
2197599375.0,-19.24882
2197599531.25,-19.24678
2197599687.5,-19.24537
2197599843.75,-19.24245
2197600000.0,-19.24053
2197600156.25,-19.23958
2197600312.5,-19.23811
2197600468.75,-19.23617
2197600625.0,-19.23236
2197600781.25,-19.22959
2197600937.5,-19.23045
2197601093.75,-19.22602
2197601250.0,-19.22474
2197601406.25,-19.22363
2197601562.5,-19.22028
2197601718.75,-19.21871
2197601875.0,-19.21784
2197602031.25,-19.2154
2197602187.5,-19.21395
2197602343.75,-19.21195
2197602500.0,-19.20877
2197602656.25,-19.20725
2197602812.5,-19.20499
2197602968.75,-19.20363
2197603125.0,-19.20154
2197603281.25,-19.1991
2197603437.5,-19.19516
2197603593.75,-19.19631
2197603750.0,-19.19279
2197603906.25,-19.19187
2197604062.5,-19.1885
2197604218.75,-19.18752
2197604375.0,-19.18537
2197604531.25,-19.18394
2197604687.5,-19.18089
2197604843.75,-19.1802
2197605000.0,-19.17689
2197605156.25,-19.17501
2197605312.5,-19.1724
2197605468.75,-19.17211
2197605625.0,-19.16997
2197605781.25,-19.16644
2197605937.5,-19.16451
2197606093.75,-19.16332
2197606250.0,-19.1616
2197606406.25,-19.16109
2197606562.5,-19.15622
2197606718.75,-19.15702
2197606875.0,-19.15317
2197607031.25,-19.15143
2197607187.5,-19.14897
2197607343.75,-19.14587
2197607500.0,-19.14419
2197607656.25,-19.14393
2197607812.5,-19.1416
2197607968.75,-19.1385
2197608125.0,-19.13592
2197608281.25,-19.13451
2197608437.5,-19.13188
2197608593.75,-19.13135
2197608750.0,-19.12953
2197608906.25,-19.12739
2197609062.5,-19.12493
2197609218.75,-19.12306
2197609375.0,-19.12057
2197609531.25,-19.11749
2197609687.5,-19.11596
2197609843.75,-19.1132
2197610000.0,-19.11258
2197610156.25,-19.11096
2197610312.5,-19.10954
2197610468.75,-19.10727
2197610625.0,-19.10418
2197610781.25,-19.10286
2197610937.5,-19.09992
2197611093.75,-19.09844
2197611250.0,-19.09564
2197611406.25,-19.09501
2197611562.5,-19.09218
2197611718.75,-19.09027
2197611875.0,-19.08773
2197612031.25,-19.08616
2197612187.5,-19.08425
2197612343.75,-19.08205
2197612500.0,-19.08045
2197612656.25,-19.0774
2197612812.5,-19.07539
2197612968.75,-19.07372
2197613125.0,-19.07326
2197613281.25,-19.06805
2197613437.5,-19.06806
2197613593.75,-19.06529
2197613750.0,-19.06415
2197613906.25,-19.06208
2197614062.5,-19.05873
2197614218.75,-19.05655
2197614375.0,-19.05567
2197614531.25,-19.05577
2197614687.5,-19.05159
2197614843.75,-19.05005
2197615000.0,-19.04681
2197615156.25,-19.04353
2197615312.5,-19.04239
2197615468.75,-19.04006
2197615625.0,-19.0381
2197615781.25,-19.03717
2197615937.5,-19.03553
2197616093.75,-19.03179
2197616250.0,-19.0318
2197616406.25,-19.02731
2197616562.5,-19.02614
2197616718.75,-19.02604
2197616875.0,-19.02192
2197617031.25,-19.02077
2197617187.5,-19.01867
2197617343.75,-19.01632
2197617500.0,-19.01518
2197617656.25,-19.01248
2197617812.5,-19.01169
2197617968.75,-19.0087
2197618125.0,-19.00617
2197618281.25,-19.00559
2197618437.5,-19.00285
2197618593.75,-19.0011
2197618750.0,-18.99754
2197618906.25,-18.99561
2197619062.5,-18.99554
2197619218.75,-18.99151
2197619375.0,-18.98682
2197619531.25,-18.9881
2197619687.5,-18.98582
2197619843.75,-18.98286
2197620000.0,-18.9811
2197620156.25,-18.98059
2197620312.5,-18.97847
2197620468.75,-18.97531
2197620625.0,-18.97328
2197620781.25,-18.97085
2197620937.5,-18.96908
2197621093.75,-18.96787
2197621250.0,-18.96506
2197621406.25,-18.96476
2197621562.5,-18.96049
2197621718.75,-18.95826
2197621875.0,-18.95633
2197622031.25,-18.95485
2197622187.5,-18.95365
2197622343.75,-18.95091
2197622500.0,-18.94722
2197622656.25,-18.94707
2197622812.5,-18.94435
2197622968.75,-18.94208
2197623125.0,-18.94056
2197623281.25,-18.93823
2197623437.5,-18.93667
2197623593.75,-18.93339
2197623750.0,-18.93229
2197623906.25,-18.93051
2197624062.5,-18.92921
2197624218.75,-18.92681
2197624375.0,-18.92196
2197624531.25,-18.92175
2197624687.5,-18.91997
2197624843.75,-18.91844
2197625000.0,-18.91615
2197625156.25,-18.91425
2197625312.5,-18.91086
2197625468.75,-18.90912
2197625625.0,-18.9077
2197625781.25,-18.90608
2197625937.5,-18.90366
2197626093.75,-18.90054
2197626250.0,-18.89903
2197626406.25,-18.89731
2197626562.5,-18.89542
2197626718.75,-18.89289
2197626875.0,-18.8894
2197627031.25,-18.88886
2197627187.5,-18.88567
2197627343.75,-18.88312
2197627500.0,-18.88418
2197627656.25,-18.88121
2197627812.5,-18.87852
2197627968.75,-18.87532
2197628125.0,-18.87476
2197628281.25,-18.87035
2197628437.5,-18.86939
2197628593.75,-18.86594
2197628750.0,-18.86638
2197628906.25,-18.86502
2197629062.5,-18.86125
2197629218.75,-18.85754
2197629375.0,-18.85724
2197629531.25,-18.8562
2197629687.5,-18.85303
2197629843.75,-18.85121
2197630000.0,-18.84977
2197630156.25,-18.84645
2197630312.5,-18.84638
2197630468.75,-18.84381
2197630625.0,-18.84139
2197630781.25,-18.838
2197630937.5,-18.83569
2197631093.75,-18.83493
2197631250.0,-18.83237
2197631406.25,-18.82984
2197631562.5,-18.828
2197631718.75,-18.82645
2197631875.0,-18.82452
2197632031.25,-18.82133
2197632187.5,-18.81829
2197632343.75,-18.81766
2197632500.0,-18.81645
2197632656.25,-18.81425
2197632812.5,-18.8128
2197632968.75,-18.80961
2197633125.0,-18.80661
2197633281.25,-18.80567
2197633437.5,-18.80328
2197633593.75,-18.80143
2197633750.0,-18.80025
2197633906.25,-18.79651
2197634062.5,-18.79591
2197634218.75,-18.7927
2197634375.0,-18.79018
2197634531.25,-18.7882
2197634687.5,-18.78667
2197634843.75,-18.78349
2197635000.0,-18.78423
2197635156.25,-18.77844
2197635312.5,-18.77968
2197635468.75,-18.77554
2197635625.0,-18.77409
2197635781.25,-18.77177
2197635937.5,-18.77174
2197636093.75,-18.76775
2197636250.0,-18.76568
2197636406.25,-18.76362
2197636562.5,-18.76244
2197636718.75,-18.75991
2197636875.0,-18.75655
2197637031.25,-18.75499
2197637187.5,-18.75217
2197637343.75,-18.75065
2197637500.0,-18.74813
2197637656.25,-18.74602
2197637812.5,-18.7452
2197637968.75,-18.74249
2197638125.0,-18.74149
2197638281.25,-18.7392
2197638437.5,-18.7356
2197638593.75,-18.73253
2197638750.0,-18.73193
2197638906.25,-18.72783
2197639062.5,-18.72738
2197639218.75,-18.72567
2197639375.0,-18.72367
2197639531.25,-18.72056
2197639687.5,-18.71883
2197639843.75,-18.7168
2197640000.0,-18.71443
2197640156.25,-18.71157
2197640312.5,-18.70973
2197640468.75,-18.70993
2197640625.0,-18.70461
2197640781.25,-18.70515
2197640937.5,-18.70153
2197641093.75,-18.69916
2197641250.0,-18.69897
2197641406.25,-18.69585
2197641562.5,-18.69511
2197641718.75,-18.69189
2197641875.0,-18.69008
2197642031.25,-18.68736
2197642187.5,-18.68561
2197642343.75,-18.6826
2197642500.0,-18.68194
2197642656.25,-18.68132
2197642812.5,-18.67663
2197642968.75,-18.67531
2197643125.0,-18.67364
2197643281.25,-18.67073
2197643437.5,-18.66893
2197643593.75,-18.66641
2197643750.0,-18.66351
2197643906.25,-18.66172
2197644062.5,-18.65953
2197644218.75,-18.65794
2197644375.0,-18.65547
2197644531.25,-18.65363
2197644687.5,-18.65154
2197644843.75,-18.64954
2197645000.0,-18.6477
2197645156.25,-18.64644
2197645312.5,-18.64182
2197645468.75,-18.6409
2197645625.0,-18.63848
2197645781.25,-18.63543
2197645937.5,-18.63512
2197646093.75,-18.63194
2197646250.0,-18.62921
2197646406.25,-18.62723
2197646562.5,-18.62512
2197646718.75,-18.62273
2197646875.0,-18.62222
2197647031.25,-18.61934
2197647187.5,-18.61856
2197647343.75,-18.61553
2197647500.0,-18.61249
2197647656.25,-18.61121
2197647812.5,-18.60941
2197647968.75,-18.607
2197648125.0,-18.60371
2197648281.25,-18.60289
2197648437.5,-18.59988
2197648593.75,-18.59792
2197648750.0,-18.59526
2197648906.25,-18.59358
2197649062.5,-18.59205
2197649218.75,-18.58889
2197649375.0,-18.58838
2197649531.25,-18.58656
2197649687.5,-18.58218
2197649843.75,-18.58046
2197650000.0,-18.57975
2197650156.25,-18.57664
2197650312.5,-18.57526
2197650468.75,-18.57332
2197650625.0,-18.57108
2197650781.25,-18.56841
2197650937.5,-18.56509
2197651093.75,-18.56328
2197651250.0,-18.56273
2197651406.25,-18.55962
2197651562.5,-18.55676
2197651718.75,-18.55484
2197651875.0,-18.55274
2197652031.25,-18.55135
2197652187.5,-18.54756
2197652343.75,-18.54576
2197652500.0,-18.54448
2197652656.25,-18.54211
2197652812.5,-18.5385
2197652968.75,-18.53918
2197653125.0,-18.53683
2197653281.25,-18.53279
2197653437.5,-18.53308
2197653593.75,-18.52875
2197653750.0,-18.52777
2197653906.25,-18.52438
2197654062.5,-18.52274
2197654218.75,-18.52089
2197654375.0,-18.51969
2197654531.25,-18.5159
2197654687.5,-18.51355
2197654843.75,-18.51047
2197655000.0,-18.51084
2197655156.25,-18.50878
2197655312.5,-18.50685
2197655468.75,-18.50443
2197655625.0,-18.50119
2197655781.25,-18.49849
2197655937.5,-18.49679
2197656093.75,-18.49607
2197656250.0,-18.49311
2197656406.25,-18.49228
2197656562.5,-18.48861
2197656718.75,-18.48571
2197656875.0,-18.4847
2197657031.25,-18.48143
2197657187.5,-18.48051
2197657343.75,-18.47671
2197657500.0,-18.47596
2197657656.25,-18.47423
2197657812.5,-18.47177
2197657968.75,-18.46896
2197658125.0,-18.46681
2197658281.25,-18.46606
2197658437.5,-18.46262
2197658593.75,-18.4598
2197658750.0,-18.45766
2197658906.25,-18.45401
2197659062.5,-18.4523
2197659218.75,-18.45144
2197659375.0,-18.44965
2197659531.25,-18.44724
2197659687.5,-18.446
2197659843.75,-18.44382
2197660000.0,-18.44079
2197660156.25,-18.43834
2197660312.5,-18.43643
2197660468.75,-18.43512
2197660625.0,-18.43108
2197660781.25,-18.43055
2197660937.5,-18.42739
2197661093.75,-18.42583
2197661250.0,-18.42335
2197661406.25,-18.41919
2197661562.5,-18.41786
2197661718.75,-18.41833
2197661875.0,-18.41521
2197662031.25,-18.4136
2197662187.5,-18.40961
2197662343.75,-18.40733
2197662500.0,-18.40539
2197662656.25,-18.40264
2197662812.5,-18.4008
2197662968.75,-18.39935
2197663125.0,-18.39707
2197663281.25,-18.39424
2197663437.5,-18.39271
2197663593.75,-18.3887
2197663750.0,-18.38796
2197663906.25,-18.38656
2197664062.5,-18.38259
2197664218.75,-18.38149
2197664375.0,-18.37971
2197664531.25,-18.37711
2197664687.5,-18.37653
2197664843.75,-18.37209
2197665000.0,-18.37102
2197665156.25,-18.36893
2197665312.5,-18.36512
2197665468.75,-18.3632
2197665625.0,-18.36154
2197665781.25,-18.35923
2197665937.5,-18.35717
2197666093.75,-18.35461
2197666250.0,-18.35253
2197666406.25,-18.35071
2197666562.5,-18.35078
2197666718.75,-18.34717
2197666875.0,-18.34415
2197667031.25,-18.34264
2197667187.5,-18.34005
2197667343.75,-18.33795
2197667500.0,-18.3362
2197667656.25,-18.33483
2197667812.5,-18.33216
2197667968.75,-18.32888
2197668125.0,-18.32691
2197668281.25,-18.32607
2197668437.5,-18.32283
2197668593.75,-18.32033
2197668750.0,-18.31846
2197668906.25,-18.31681
2197669062.5,-18.31442
2197669218.75,-18.30986
2197669375.0,-18.30933
2197669531.25,-18.30755
2197669687.5,-18.30511
2197669843.75,-18.30252
2197670000.0,-18.30075
2197670156.25,-18.2986
2197670312.5,-18.29556
2197670468.75,-18.29451
2197670625.0,-18.29229
2197670781.25,-18.29065
2197670937.5,-18.2865
2197671093.75,-18.28432
2197671250.0,-18.28293
2197671406.25,-18.28115
2197671562.5,-18.27838
2197671718.75,-18.27794
2197671875.0,-18.27485
2197672031.25,-18.27164
2197672187.5,-18.2695
2197672343.75,-18.26638
2197672500.0,-18.26626
2197672656.25,-18.2632
2197672812.5,-18.2625
2197672968.75,-18.25863
2197673125.0,-18.25683
2197673281.25,-18.25506
2197673437.5,-18.2528
2197673593.75,-18.2497
2197673750.0,-18.2471
2197673906.25,-18.24459
2197674062.5,-18.24449
2197674218.75,-18.24162
2197674375.0,-18.23815
2197674531.25,-18.23524
2197674687.5,-18.23483
2197674843.75,-18.23187
2197675000.0,-18.23059
2197675156.25,-18.22726
2197675312.5,-18.22571
2197675468.75,-18.22484
2197675625.0,-18.22106
2197675781.25,-18.2197
2197675937.5,-18.21778
2197676093.75,-18.21419
2197676250.0,-18.21238
2197676406.25,-18.20894
2197676562.5,-18.20851
2197676718.75,-18.20632
2197676875.0,-18.20254
2197677031.25,-18.20059
2197677187.5,-18.19942
2197677343.75,-18.19728
2197677500.0,-18.19506
2197677656.25,-18.19148
2197677812.5,-18.19052
2197677968.75,-18.18708
2197678125.0,-18.18462
2197678281.25,-18.18412
2197678437.5,-18.18031
2197678593.75,-18.17974
2197678750.0,-18.17844
2197678906.25,-18.17455
2197679062.5,-18.17154
2197679218.75,-18.16928
2197679375.0,-18.16582
2197679531.25,-18.16433
2197679687.5,-18.16274
2197679843.75,-18.15989
2197680000.0,-18.1576
2197680156.25,-18.15623
2197680312.5,-18.15414
2197680468.75,-18.15253
2197680625.0,-18.15091
2197680781.25,-18.14655
2197680937.5,-18.14474
2197681093.75,-18.14255
2197681250.0,-18.14018
2197681406.25,-18.13824
2197681562.5,-18.13672
2197681718.75,-18.13388
2197681875.0,-18.13153
2197682031.25,-18.12901
2197682187.5,-18.12785
2197682343.75,-18.1235
2197682500.0,-18.12389
2197682656.25,-18.11999
2197682812.5,-18.1177
2197682968.75,-18.11755
2197683125.0,-18.11388
2197683281.25,-18.11183
2197683437.5,-18.1108
2197683593.75,-18.10699
2197683750.0,-18.10576
2197683906.25,-18.10248
2197684062.5,-18.10226
2197684218.75,-18.09986
2197684375.0,-18.09781
2197684531.25,-18.09381
2197684687.5,-18.09088
2197684843.75,-18.08793
2197685000.0,-18.0868
2197685156.25,-18.08585
2197685312.5,-18.08123
2197685468.75,-18.08064
2197685625.0,-18.07755
2197685781.25,-18.07597
2197685937.5,-18.07276
2197686093.75,-18.07006
2197686250.0,-18.06759
2197686406.25,-18.06776
2197686562.5,-18.06237
2197686718.75,-18.06283
2197686875.0,-18.05965
2197687031.25,-18.05691
2197687187.5,-18.05572
2197687343.75,-18.05324
2197687500.0,-18.04998
2197687656.25,-18.0484
2197687812.5,-18.04735
2197687968.75,-18.04455
2197688125.0,-18.04127
2197688281.25,-18.04014
2197688437.5,-18.03651
2197688593.75,-18.03631
2197688750.0,-18.03419
2197688906.25,-18.0312
2197689062.5,-18.02807
2197689218.75,-18.02637
2197689375.0,-18.02433
2197689531.25,-18.02058
2197689687.5,-18.01997
2197689843.75,-18.01504
2197690000.0,-18.01509
2197690156.25,-18.01203
2197690312.5,-18.01084
2197690468.75,-18.00908
2197690625.0,-18.00581
2197690781.25,-18.0027
2197690937.5,-18.00026
2197691093.75,-17.998
2197691250.0,-17.99791
2197691406.25,-17.9946
2197691562.5,-17.99342
2197691718.75,-17.99055
2197691875.0,-17.98671
2197692031.25,-17.98392
2197692187.5,-17.98281
2197692343.75,-17.98157
2197692500.0,-17.97917
2197692656.25,-17.97454
2197692812.5,-17.97408
2197692968.75,-17.97234
2197693125.0,-17.97038
2197693281.25,-17.96609
2197693437.5,-17.96521
2197693593.75,-17.96232
2197693750.0,-17.96027
2197693906.25,-17.95837
2197694062.5,-17.95586
2197694218.75,-17.95359
2197694375.0,-17.95214
2197694531.25,-17.94753
2197694687.5,-17.94674
2197694843.75,-17.94407
2197695000.0,-17.94202
2197695156.25,-17.94049
2197695312.5,-17.93661
2197695468.75,-17.93402
2197695625.0,-17.93249
2197695781.25,-17.93106
2197695937.5,-17.92766
2197696093.75,-17.92566
2197696250.0,-17.92383
2197696406.25,-17.92107
2197696562.5,-17.9194
2197696718.75,-17.91649
2197696875.0,-17.9142
2197697031.25,-17.91079
2197697187.5,-17.9098
2197697343.75,-17.90781
2197697500.0,-17.90569
2197697656.25,-17.90424
2197697812.5,-17.90085
2197697968.75,-17.89838
2197698125.0,-17.89512
2197698281.25,-17.89354
2197698437.5,-17.89122
2197698593.75,-17.89054
2197698750.0,-17.88642
2197698906.25,-17.88368
2197699062.5,-17.8824
2197699218.75,-17.88001
2197699375.0,-17.87783
2197699531.25,-17.87712
2197699687.5,-17.87335
2197699843.75,-17.87156
2197700000.0,-17.87014
2197700156.25,-17.8658
2197700312.5,-17.86362
2197700468.75,-17.86123
2197700625.0,-17.8581
2197700781.25,-17.8581
2197700937.5,-17.85454
2197701093.75,-17.85123
2197701250.0,-17.85002
2197701406.25,-17.84743
2197701562.5,-17.84526
2197701718.75,-17.84334
2197701875.0,-17.84221
2197702031.25,-17.83937
2197702187.5,-17.83681
2197702343.75,-17.8337
2197702500.0,-17.83252
2197702656.25,-17.83045
2197702812.5,-17.8268
2197702968.75,-17.82568
2197703125.0,-17.82366
2197703281.25,-17.82063
2197703437.5,-17.81661
2197703593.75,-17.81508
2197703750.0,-17.81388
2197703906.25,-17.80996
2197704062.5,-17.80887
2197704218.75,-17.80668
2197704375.0,-17.80462
2197704531.25,-17.80098
2197704687.5,-17.79925
2197704843.75,-17.79777
2197705000.0,-17.79534
2197705156.25,-17.79136
2197705312.5,-17.78965
2197705468.75,-17.78722
2197705625.0,-17.78535
2197705781.25,-17.78235
2197705937.5,-17.78149
2197706093.75,-17.77869
2197706250.0,-17.77532
2197706406.25,-17.77405
2197706562.5,-17.77254
2197706718.75,-17.76915
2197706875.0,-17.76693
2197707031.25,-17.76386
2197707187.5,-17.762
2197707343.75,-17.7605
2197707500.0,-17.75702
2197707656.25,-17.75426
2197707812.5,-17.75455
2197707968.75,-17.75023
2197708125.0,-17.74882
2197708281.25,-17.74586
2197708437.5,-17.74464
2197708593.75,-17.74131
2197708750.0,-17.73894
2197708906.25,-17.73715
2197709062.5,-17.73391
2197709218.75,-17.7326
2197709375.0,-17.73117
2197709531.25,-17.72733
2197709687.5,-17.72532
2197709843.75,-17.72293
2197710000.0,-17.72029
2197710156.25,-17.71858
2197710312.5,-17.71535
2197710468.75,-17.71259
2197710625.0,-17.71185
2197710781.25,-17.70856
2197710937.5,-17.70526
2197711093.75,-17.70378
2197711250.0,-17.70124
2197711406.25,-17.70093
2197711562.5,-17.69585
2197711718.75,-17.69555
2197711875.0,-17.69181
2197712031.25,-17.6905
2197712187.5,-17.6878
2197712343.75,-17.68532
2197712500.0,-17.68151
2197712656.25,-17.68025
2197712812.5,-17.67803
2197712968.75,-17.67582
2197713125.0,-17.67476
2197713281.25,-17.6706
2197713437.5,-17.67039
2197713593.75,-17.66461
2197713750.0,-17.66358
2197713906.25,-17.66195
2197714062.5,-17.65959
2197714218.75,-17.65664
2197714375.0,-17.65458
2197714531.25,-17.65174
2197714687.5,-17.65062
2197714843.75,-17.6472
2197715000.0,-17.64619
2197715156.25,-17.64247
2197715312.5,-17.63926
2197715468.75,-17.63706
2197715625.0,-17.63385
2197715781.25,-17.63349
2197715937.5,-17.63142
2197716093.75,-17.62842
2197716250.0,-17.62701
2197716406.25,-17.62503
2197716562.5,-17.62153
2197716718.75,-17.62005
2197716875.0,-17.61674
2197717031.25,-17.61427
2197717187.5,-17.61234
2197717343.75,-17.6103
2197717500.0,-17.60728
2197717656.25,-17.60442
2197717812.5,-17.60319
2197717968.75,-17.60003
2197718125.0,-17.59778
2197718281.25,-17.59529
2197718437.5,-17.59385
2197718593.75,-17.59041
2197718750.0,-17.58767
2197718906.25,-17.58574
2197719062.5,-17.58436
2197719218.75,-17.58113
2197719375.0,-17.57912
2197719531.25,-17.57792
2197719687.5,-17.57442
2197719843.75,-17.57149
2197720000.0,-17.56958
2197720156.25,-17.56807
2197720312.5,-17.56622
2197720468.75,-17.5634
2197720625.0,-17.56122
2197720781.25,-17.55826
2197720937.5,-17.55625
2197721093.75,-17.55425
2197721250.0,-17.55106
2197721406.25,-17.54881
2197721562.5,-17.54792
2197721718.75,-17.54376
2197721875.0,-17.54251
2197722031.25,-17.53828
2197722187.5,-17.53594
2197722343.75,-17.53267
2197722500.0,-17.53123
2197722656.25,-17.52942
2197722812.5,-17.52754
2197722968.75,-17.52486
2197723125.0,-17.52159
2197723281.25,-17.52024
2197723437.5,-17.51785
2197723593.75,-17.51545
2197723750.0,-17.51258
2197723906.25,-17.50969
2197724062.5,-17.50845
2197724218.75,-17.50566
2197724375.0,-17.50321
2197724531.25,-17.5023
2197724687.5,-17.49847
2197724843.75,-17.49746
2197725000.0,-17.49298
2197725156.25,-17.49163
2197725312.5,-17.4896
2197725468.75,-17.48726
2197725625.0,-17.48524
2197725781.25,-17.483
2197725937.5,-17.47993
2197726093.75,-17.47748
2197726250.0,-17.47474
2197726406.25,-17.47219
2197726562.5,-17.47077
2197726718.75,-17.46855
2197726875.0,-17.46532
2197727031.25,-17.46296
2197727187.5,-17.46136
2197727343.75,-17.45705
2197727500.0,-17.45505
2197727656.25,-17.4542
2197727812.5,-17.45025
2197727968.75,-17.44817
2197728125.0,-17.44594
2197728281.25,-17.4436
2197728437.5,-17.44095
2197728593.75,-17.43862
2197728750.0,-17.43585
2197728906.25,-17.43414
2197729062.5,-17.43061
2197729218.75,-17.43031
2197729375.0,-17.42635
2197729531.25,-17.42375
2197729687.5,-17.42129
2197729843.75,-17.42062
2197730000.0,-17.41612
2197730156.25,-17.41503
2197730312.5,-17.41264
2197730468.75,-17.41059
2197730625.0,-17.40754
2197730781.25,-17.40527
2197730937.5,-17.40235
2197731093.75,-17.39948
2197731250.0,-17.39886
2197731406.25,-17.39677
2197731562.5,-17.39253
2197731718.75,-17.39144
2197731875.0,-17.38937
2197732031.25,-17.38612
2197732187.5,-17.38349
2197732343.75,-17.38051
2197732500.0,-17.3793
2197732656.25,-17.37745
2197732812.5,-17.37505
2197732968.75,-17.37181
2197733125.0,-17.37028
2197733281.25,-17.36818
2197733437.5,-17.36439
2197733593.75,-17.36345
2197733750.0,-17.35871
2197733906.25,-17.35673
2197734062.5,-17.35532
2197734218.75,-17.35353
2197734375.0,-17.35075
2197734531.25,-17.34747
2197734687.5,-17.34407
2197734843.75,-17.34232
2197735000.0,-17.34079
2197735156.25,-17.33754
2197735312.5,-17.33503
2197735468.75,-17.33336
2197735625.0,-17.33106
2197735781.25,-17.32845
2197735937.5,-17.3266
2197736093.75,-17.32257
2197736250.0,-17.31953
2197736406.25,-17.31797
2197736562.5,-17.31693
2197736718.75,-17.31355
2197736875.0,-17.31151
2197737031.25,-17.31132
2197737187.5,-17.30789
2197737343.75,-17.3046
2197737500.0,-17.3013
2197737656.25,-17.29862
2197737812.5,-17.29783
2197737968.75,-17.29448
2197738125.0,-17.29193
2197738281.25,-17.29017
2197738437.5,-17.28623
2197738593.75,-17.28426
2197738750.0,-17.28209
2197738906.25,-17.27973
2197739062.5,-17.27789
2197739218.75,-17.27571
2197739375.0,-17.27225
2197739531.25,-17.26983
2197739687.5,-17.26709
2197739843.75,-17.26513
2197740000.0,-17.26221
2197740156.25,-17.26052
2197740312.5,-17.25763
2197740468.75,-17.25602
2197740625.0,-17.25343
2197740781.25,-17.25068
2197740937.5,-17.24743
2197741093.75,-17.24674
2197741250.0,-17.24242
2197741406.25,-17.23972
2197741562.5,-17.23899
2197741718.75,-17.2355
2197741875.0,-17.23437
2197742031.25,-17.23181
2197742187.5,-17.22822
2197742343.75,-17.22579
2197742500.0,-17.22422
2197742656.25,-17.2211
2197742812.5,-17.21999
2197742968.75,-17.21619
2197743125.0,-17.21298
2197743281.25,-17.21209
2197743437.5,-17.20886
2197743593.75,-17.20683
2197743750.0,-17.20293
2197743906.25,-17.20099
2197744062.5,-17.19943
2197744218.75,-17.1964
2197744375.0,-17.19386
2197744531.25,-17.19186
2197744687.5,-17.18912
2197744843.75,-17.18689
2197745000.0,-17.18472
2197745156.25,-17.18165
2197745312.5,-17.18036
2197745468.75,-17.17757
2197745625.0,-17.17376
2197745781.25,-17.1729
2197745937.5,-17.16896
2197746093.75,-17.16907
2197746250.0,-17.16607
2197746406.25,-17.16188
2197746562.5,-17.15973
2197746718.75,-17.15679
2197746875.0,-17.15552
2197747031.25,-17.15194
2197747187.5,-17.14937
2197747343.75,-17.14835
2197747500.0,-17.14577
2197747656.25,-17.14196
2197747812.5,-17.14015
2197747968.75,-17.13635
2197748125.0,-17.13452
2197748281.25,-17.13158
2197748437.5,-17.12904
2197748593.75,-17.12773
2197748750.0,-17.12493
2197748906.25,-17.12297
2197749062.5,-17.12017
2197749218.75,-17.11776
2197749375.0,-17.11572
2197749531.25,-17.11344
2197749687.5,-17.10987
2197749843.75,-17.10667
2197750000.0,-17.10526
2197750156.25,-17.10312
2197750312.5,-17.10079
2197750468.75,-17.09816
2197750625.0,-17.0952
2197750781.25,-17.09376
2197750937.5,-17.09085
2197751093.75,-17.08804
2197751250.0,-17.08605
2197751406.25,-17.08422
2197751562.5,-17.08029
2197751718.75,-17.07798
2197751875.0,-17.07458
2197752031.25,-17.07316
2197752187.5,-17.07075
2197752343.75,-17.06921
2197752500.0,-17.06689
2197752656.25,-17.06384
2197752812.5,-17.061
2197752968.75,-17.05658
2197753125.0,-17.05459
2197753281.25,-17.05391
2197753437.5,-17.05069
2197753593.75,-17.04791
2197753750.0,-17.04609
2197753906.25,-17.04403
2197754062.5,-17.04029
2197754218.75,-17.03896
2197754375.0,-17.03628
2197754531.25,-17.03388
2197754687.5,-17.03073
2197754843.75,-17.02699
2197755000.0,-17.02411
2197755156.25,-17.02231
2197755312.5,-17.02146
2197755468.75,-17.01892
2197755625.0,-17.01515
2197755781.25,-17.01253
2197755937.5,-17.01113
2197756093.75,-17.00936
2197756250.0,-17.00671
2197756406.25,-17.0042
2197756562.5,-17.00084
2197756718.75,-16.99896
2197756875.0,-16.99677
2197757031.25,-16.99388
2197757187.5,-16.99113
2197757343.75,-16.98889
2197757500.0,-16.98644
2197757656.25,-16.98253
2197757812.5,-16.98145
2197757968.75,-16.97766
2197758125.0,-16.97545
2197758281.25,-16.97349
2197758437.5,-16.97092
2197758593.75,-16.96911
2197758750.0,-16.96645
2197758906.25,-16.96428
2197759062.5,-16.96112
2197759218.75,-16.9589
2197759375.0,-16.95606
2197759531.25,-16.95293
2197759687.5,-16.9509
2197759843.75,-16.94853
2197760000.0,-16.94603
2197760156.25,-16.94365
2197760312.5,-16.9397
2197760468.75,-16.9379
2197760625.0,-16.93653
2197760781.25,-16.93261
2197760937.5,-16.92907
2197761093.75,-16.92761
2197761250.0,-16.92637
2197761406.25,-16.92291
2197761562.5,-16.92075
2197761718.75,-16.91799
2197761875.0,-16.91578
2197762031.25,-16.91249
2197762187.5,-16.91047
2197762343.75,-16.9077
2197762500.0,-16.90493
2197762656.25,-16.90427
2197762812.5,-16.90152
2197762968.75,-16.89886
2197763125.0,-16.89429
2197763281.25,-16.89379
2197763437.5,-16.89184
2197763593.75,-16.88753
2197763750.0,-16.88512
2197763906.25,-16.88313
2197764062.5,-16.87996
2197764218.75,-16.87734
2197764375.0,-16.87585
2197764531.25,-16.87207
2197764687.5,-16.87081
2197764843.75,-16.86785
2197765000.0,-16.86589
2197765156.25,-16.86307
2197765312.5,-16.8616
2197765468.75,-16.85855
2197765625.0,-16.85487
2197765781.25,-16.85309
2197765937.5,-16.85073
2197766093.75,-16.84786
2197766250.0,-16.84472
2197766406.25,-16.84179
2197766562.5,-16.84039
2197766718.75,-16.83774
2197766875.0,-16.83691
2197767031.25,-16.83335
2197767187.5,-16.82991
2197767343.75,-16.82652
2197767500.0,-16.82349
2197767656.25,-16.82257
2197767812.5,-16.81931
2197767968.75,-16.81676
2197768125.0,-16.81488
2197768281.25,-16.81218
2197768437.5,-16.80806
2197768593.75,-16.80647
2197768750.0,-16.80384
2197768906.25,-16.80326
2197769062.5,-16.79913
2197769218.75,-16.79633
2197769375.0,-16.79558
2197769531.25,-16.79153
2197769687.5,-16.78838
2197769843.75,-16.78533
2197770000.0,-16.7841
2197770156.25,-16.78095
2197770312.5,-16.77747
2197770468.75,-16.77593
2197770625.0,-16.77264
2197770781.25,-16.77169
2197770937.5,-16.76703
2197771093.75,-16.76594
2197771250.0,-16.76326
2197771406.25,-16.7604
2197771562.5,-16.76014
2197771718.75,-16.75686
2197771875.0,-16.75311
2197772031.25,-16.75162
2197772187.5,-16.74849
2197772343.75,-16.74634
2197772500.0,-16.74261
2197772656.25,-16.7394
2197772812.5,-16.73671
2197772968.75,-16.73429
2197773125.0,-16.73163
2197773281.25,-16.72999
2197773437.5,-16.72747
2197773593.75,-16.72562
2197773750.0,-16.72224
2197773906.25,-16.72043
2197774062.5,-16.71681
2197774218.75,-16.71495
2197774375.0,-16.71241
2197774531.25,-16.70898
2197774687.5,-16.7076
2197774843.75,-16.70557
2197775000.0,-16.70181
2197775156.25,-16.69975
2197775312.5,-16.69645
2197775468.75,-16.69499
2197775625.0,-16.69201
2197775781.25,-16.68958
2197775937.5,-16.68742
2197776093.75,-16.68461
2197776250.0,-16.68097
2197776406.25,-16.67924
2197776562.5,-16.67704
2197776718.75,-16.6735
2197776875.0,-16.67157
2197777031.25,-16.66768
2197777187.5,-16.66512
2197777343.75,-16.66502
2197777500.0,-16.66095
2197777656.25,-16.65796
2197777812.5,-16.65654
2197777968.75,-16.65362
2197778125.0,-16.65031
2197778281.25,-16.64821
2197778437.5,-16.6458
2197778593.75,-16.6431
2197778750.0,-16.63984
2197778906.25,-16.63731
2197779062.5,-16.63673
2197779218.75,-16.63351
2197779375.0,-16.62995
2197779531.25,-16.62682
2197779687.5,-16.62427
2197779843.75,-16.62212
2197780000.0,-16.62063
2197780156.25,-16.6165
2197780312.5,-16.61343
2197780468.75,-16.61215
2197780625.0,-16.60903
2197780781.25,-16.60662
2197780937.5,-16.60493
2197781093.75,-16.6022
2197781250.0,-16.59834
2197781406.25,-16.59576
2197781562.5,-16.59368
2197781718.75,-16.59096
2197781875.0,-16.58798
2197782031.25,-16.58621
2197782187.5,-16.5822
2197782343.75,-16.58135
2197782500.0,-16.57817
2197782656.25,-16.57514
2197782812.5,-16.57282
2197782968.75,-16.56944
2197783125.0,-16.56723
2197783281.25,-16.56389
2197783437.5,-16.56223
2197783593.75,-16.55989
2197783750.0,-16.55591
2197783906.25,-16.55432
2197784062.5,-16.55293
2197784218.75,-16.54835
2197784375.0,-16.54678
2197784531.25,-16.5443
2197784687.5,-16.54174
2197784843.75,-16.53741
2197785000.0,-16.53593
2197785156.25,-16.53317
2197785312.5,-16.53056
2197785468.75,-16.52805
2197785625.0,-16.52704
2197785781.25,-16.52322
2197785937.5,-16.51986
2197786093.75,-16.51917
2197786250.0,-16.5148
2197786406.25,-16.51289
2197786562.5,-16.51077
2197786718.75,-16.50668
2197786875.0,-16.50487
2197787031.25,-16.50325
2197787187.5,-16.49987
2197787343.75,-16.49715
2197787500.0,-16.49408
2197787656.25,-16.49257
2197787812.5,-16.48875
2197787968.75,-16.48653
2197788125.0,-16.48356
2197788281.25,-16.48183
2197788437.5,-16.47859
2197788593.75,-16.47561
2197788750.0,-16.47402
2197788906.25,-16.47004
2197789062.5,-16.46848
2197789218.75,-16.46633
2197789375.0,-16.46152
2197789531.25,-16.45972
2197789687.5,-16.45774
2197789843.75,-16.45498
2197790000.0,-16.45252
2197790156.25,-16.45044
2197790312.5,-16.446
2197790468.75,-16.44486
2197790625.0,-16.44266
2197790781.25,-16.43911
2197790937.5,-16.43704
2197791093.75,-16.43382
2197791250.0,-16.43185
2197791406.25,-16.42955
2197791562.5,-16.42573
2197791718.75,-16.42332
2197791875.0,-16.42101
2197792031.25,-16.41939
2197792187.5,-16.41625
2197792343.75,-16.41286
2197792500.0,-16.40977
2197792656.25,-16.40698
2197792812.5,-16.40642
2197792968.75,-16.40227
2197793125.0,-16.3994
2197793281.25,-16.39756
2197793437.5,-16.39378
2197793593.75,-16.39206
2197793750.0,-16.38824
2197793906.25,-16.38658
2197794062.5,-16.38363
2197794218.75,-16.38236
2197794375.0,-16.37939
2197794531.25,-16.37641
2197794687.5,-16.37406
2197794843.75,-16.37127
2197795000.0,-16.36719
2197795156.25,-16.36657
2197795312.5,-16.36216
2197795468.75,-16.36019
2197795625.0,-16.35761
2197795781.25,-16.3557
2197795937.5,-16.35252
2197796093.75,-16.34862
2197796250.0,-16.3477
2197796406.25,-16.34421
2197796562.5,-16.34188
2197796718.75,-16.3378
2197796875.0,-16.3366
2197797031.25,-16.33316
2197797187.5,-16.33057
2197797343.75,-16.32775
2197797500.0,-16.32702
2197797656.25,-16.32302
2197797812.5,-16.32135
2197797968.75,-16.318
2197798125.0,-16.31566
2197798281.25,-16.31255
2197798437.5,-16.30987
2197798593.75,-16.3084
2197798750.0,-16.30409
2197798906.25,-16.3019
2197799062.5,-16.29954
2197799218.75,-16.29619
2197799375.0,-16.29403
2197799531.25,-16.29108
2197799687.5,-16.28936
2197799843.75,-16.28448
2197800000.0,-16.28193
2197800156.25,-16.28032
2197800312.5,-16.27826
2197800468.75,-16.27478
2197800625.0,-16.2725
2197800781.25,-16.26994
2197800937.5,-16.26694
2197801093.75,-16.26462
2197801250.0,-16.26214
2197801406.25,-16.26002
2197801562.5,-16.25809
2197801718.75,-16.25407
2197801875.0,-16.25117
2197802031.25,-16.24868
2197802187.5,-16.24578
2197802343.75,-16.2433
2197802500.0,-16.23955
2197802656.25,-16.23836
2197802812.5,-16.23467
2197802968.75,-16.23172
2197803125.0,-16.23012
2197803281.25,-16.22668
2197803437.5,-16.22392
2197803593.75,-16.22169
2197803750.0,-16.21933
2197803906.25,-16.21522
2197804062.5,-16.21373
2197804218.75,-16.21161
2197804375.0,-16.20861
2197804531.25,-16.20476
2197804687.5,-16.20299
2197804843.75,-16.19943
2197805000.0,-16.19631
2197805156.25,-16.19372
2197805312.5,-16.19279
2197805468.75,-16.19004
2197805625.0,-16.1871
2197805781.25,-16.18465
2197805937.5,-16.18133
2197806093.75,-16.17866
2197806250.0,-16.17521
2197806406.25,-16.17339
2197806562.5,-16.17082
2197806718.75,-16.16936
2197806875.0,-16.16634
2197807031.25,-16.16356
2197807187.5,-16.15927
2197807343.75,-16.15776
2197807500.0,-16.15458
2197807656.25,-16.15171
2197807812.5,-16.14855
2197807968.75,-16.14631
2197808125.0,-16.144
2197808281.25,-16.14086
2197808437.5,-16.13896
2197808593.75,-16.13535
2197808750.0,-16.13378
2197808906.25,-16.12973
2197809062.5,-16.12747
2197809218.75,-16.12406
2197809375.0,-16.1215
2197809531.25,-16.11818
2197809687.5,-16.11567
2197809843.75,-16.11375
2197810000.0,-16.11184
2197810156.25,-16.10913
2197810312.5,-16.10509
2197810468.75,-16.10381
2197810625.0,-16.10103
2197810781.25,-16.09788
2197810937.5,-16.09537
2197811093.75,-16.09287
2197811250.0,-16.09108
2197811406.25,-16.08625
2197811562.5,-16.08458
2197811718.75,-16.08076
2197811875.0,-16.07847
2197812031.25,-16.0772
2197812187.5,-16.07323
2197812343.75,-16.07145
2197812500.0,-16.06787
2197812656.25,-16.06492
2197812812.5,-16.06293
2197812968.75,-16.06072
2197813125.0,-16.05719
2197813281.25,-16.05503
2197813437.5,-16.05164
2197813593.75,-16.04871
2197813750.0,-16.04601
2197813906.25,-16.04326
2197814062.5,-16.03943
2197814218.75,-16.03824
2197814375.0,-16.03528
2197814531.25,-16.03059
2197814687.5,-16.02963
2197814843.75,-16.02719
2197815000.0,-16.02506
2197815156.25,-16.0215
2197815312.5,-16.01952
2197815468.75,-16.01549
2197815625.0,-16.01313
2197815781.25,-16.01042
2197815937.5,-16.00847
2197816093.75,-16.00505
2197816250.0,-16.00344
2197816406.25,-15.99908
2197816562.5,-15.99734
2197816718.75,-15.99437
2197816875.0,-15.99041
2197817031.25,-15.98911
2197817187.5,-15.98656
2197817343.75,-15.98323
2197817500.0,-15.98025
2197817656.25,-15.97727
2197817812.5,-15.9755
2197817968.75,-15.97268
2197818125.0,-15.96904
2197818281.25,-15.9659
2197818437.5,-15.96294
2197818593.75,-15.95908
2197818750.0,-15.95789
2197818906.25,-15.95584
2197819062.5,-15.95269
2197819218.75,-15.95074
2197819375.0,-15.94664
2197819531.25,-15.94417
2197819687.5,-15.94292
2197819843.75,-15.93967
2197820000.0,-15.93638
2197820156.25,-15.93348
2197820312.5,-15.93076
2197820468.75,-15.9307
2197820625.0,-15.92551
2197820781.25,-15.92275
2197820937.5,-15.92009
2197821093.75,-15.91793
2197821250.0,-15.91573
2197821406.25,-15.91216
2197821562.5,-15.9092
2197821718.75,-15.90713
2197821875.0,-15.9041
2197822031.25,-15.90077
2197822187.5,-15.89742
2197822343.75,-15.8948
2197822500.0,-15.89265
2197822656.25,-15.88999
2197822812.5,-15.88734
2197822968.75,-15.883
2197823125.0,-15.88155
2197823281.25,-15.87839
2197823437.5,-15.87532
2197823593.75,-15.87394
2197823750.0,-15.87101
2197823906.25,-15.86785
2197824062.5,-15.86558
2197824218.75,-15.86235
2197824375.0,-15.85987
2197824531.25,-15.85748
2197824687.5,-15.85499
2197824843.75,-15.8517
2197825000.0,-15.84872
2197825156.25,-15.84628
2197825312.5,-15.84377
2197825468.75,-15.8404
2197825625.0,-15.8376
2197825781.25,-15.83449
2197825937.5,-15.83138
2197826093.75,-15.82987
2197826250.0,-15.82627
2197826406.25,-15.82272
2197826562.5,-15.8209
2197826718.75,-15.81681
2197826875.0,-15.81528
2197827031.25,-15.813
2197827187.5,-15.80917
2197827343.75,-15.80591
2197827500.0,-15.8041
2197827656.25,-15.80104
2197827812.5,-15.79801
2197827968.75,-15.79588
2197828125.0,-15.79167
2197828281.25,-15.791
2197828437.5,-15.78744
2197828593.75,-15.78325
2197828750.0,-15.78079
2197828906.25,-15.77875
2197829062.5,-15.7753
2197829218.75,-15.774
2197829375.0,-15.77053
2197829531.25,-15.76817
2197829687.5,-15.7657
2197829843.75,-15.76256
2197830000.0,-15.76012
2197830156.25,-15.75793
2197830312.5,-15.75488
2197830468.75,-15.75008
2197830625.0,-15.74814
2197830781.25,-15.74564
2197830937.5,-15.74257
2197831093.75,-15.73981
2197831250.0,-15.73794
2197831406.25,-15.73472
2197831562.5,-15.73236
2197831718.75,-15.72954
2197831875.0,-15.72634
2197832031.25,-15.72254
2197832187.5,-15.72014
2197832343.75,-15.71691
2197832500.0,-15.71396
2197832656.25,-15.71318
2197832812.5,-15.70921
2197832968.75,-15.70728
2197833125.0,-15.70364
2197833281.25,-15.70082
2197833437.5,-15.6977
2197833593.75,-15.69609
2197833750.0,-15.69258
2197833906.25,-15.68883
2197834062.5,-15.68656
2197834218.75,-15.68477
2197834375.0,-15.68124
2197834531.25,-15.6795
2197834687.5,-15.6767
2197834843.75,-15.67246
2197835000.0,-15.67016
2197835156.25,-15.66668
2197835312.5,-15.66348
2197835468.75,-15.66178
2197835625.0,-15.65813
2197835781.25,-15.65545
2197835937.5,-15.65312
2197836093.75,-15.65057
2197836250.0,-15.64812
2197836406.25,-15.64461
2197836562.5,-15.64184
2197836718.75,-15.63918
2197836875.0,-15.63666
2197837031.25,-15.63272
2197837187.5,-15.63169
2197837343.75,-15.62853
2197837500.0,-15.62489
2197837656.25,-15.62227
2197837812.5,-15.6181
2197837968.75,-15.616
2197838125.0,-15.61387
2197838281.25,-15.61094
2197838437.5,-15.60776
2197838593.75,-15.60433
2197838750.0,-15.60138
2197838906.25,-15.59895
2197839062.5,-15.59629
2197839218.75,-15.593
2197839375.0,-15.59223
2197839531.25,-15.58777
2197839687.5,-15.58659
2197839843.75,-15.58238
2197840000.0,-15.58085
2197840156.25,-15.57711
2197840312.5,-15.57401
2197840468.75,-15.57141
2197840625.0,-15.56594
2197840781.25,-15.56569
2197840937.5,-15.56336
2197841093.75,-15.55959
2197841250.0,-15.55662
2197841406.25,-15.5547
2197841562.5,-15.55172
2197841718.75,-15.5477
2197841875.0,-15.54593
2197842031.25,-15.5424
2197842187.5,-15.54002
2197842343.75,-15.53797
2197842500.0,-15.53422
2197842656.25,-15.53111
2197842812.5,-15.52844
2197842968.75,-15.52599
2197843125.0,-15.52332
2197843281.25,-15.52104
2197843437.5,-15.51717
2197843593.75,-15.51589
2197843750.0,-15.51192
2197843906.25,-15.5088
2197844062.5,-15.5066
2197844218.75,-15.50374
2197844375.0,-15.50034
2197844531.25,-15.4979
2197844687.5,-15.49546
2197844843.75,-15.49107
2197845000.0,-15.48889
2197845156.25,-15.48576
2197845312.5,-15.48254
2197845468.75,-15.48011
2197845625.0,-15.47782
2197845781.25,-15.47353
2197845937.5,-15.47148
2197846093.75,-15.46911
2197846250.0,-15.46572
2197846406.25,-15.46264
2197846562.5,-15.4607
2197846718.75,-15.45855
2197846875.0,-15.4543
2197847031.25,-15.45218
2197847187.5,-15.44912
2197847343.75,-15.44434
2197847500.0,-15.44285
2197847656.25,-15.44115
2197847812.5,-15.43626
2197847968.75,-15.43404
2197848125.0,-15.43188
2197848281.25,-15.43016
2197848437.5,-15.42513
2197848593.75,-15.42294
2197848750.0,-15.41942
2197848906.25,-15.41763
2197849062.5,-15.41504
2197849218.75,-15.41151
2197849375.0,-15.40836
2197849531.25,-15.40554
2197849687.5,-15.40371
2197849843.75,-15.39997
2197850000.0,-15.39773
2197850156.25,-15.39455
2197850312.5,-15.39231
2197850468.75,-15.38956
2197850625.0,-15.3866
2197850781.25,-15.38296
2197850937.5,-15.37947
2197851093.75,-15.3762
2197851250.0,-15.37477
2197851406.25,-15.37228
2197851562.5,-15.368
2197851718.75,-15.36498
2197851875.0,-15.36294
2197852031.25,-15.36018
2197852187.5,-15.35677
2197852343.75,-15.35445
2197852500.0,-15.3513
2197852656.25,-15.34878
2197852812.5,-15.3454
2197852968.75,-15.34157
2197853125.0,-15.33915
2197853281.25,-15.33687
2197853437.5,-15.33399
2197853593.75,-15.33095
2197853750.0,-15.32632
2197853906.25,-15.32592
2197854062.5,-15.32273
2197854218.75,-15.31869
2197854375.0,-15.3162
2197854531.25,-15.31423
2197854687.5,-15.31151
2197854843.75,-15.30666
2197855000.0,-15.30483
2197855156.25,-15.30207
2197855312.5,-15.29828
2197855468.75,-15.29598
2197855625.0,-15.29351
2197855781.25,-15.29059
2197855937.5,-15.28631
2197856093.75,-15.28475
2197856250.0,-15.28306
2197856406.25,-15.27862
2197856562.5,-15.27634
2197856718.75,-15.27292
2197856875.0,-15.27021
2197857031.25,-15.26807
2197857187.5,-15.26439
2197857343.75,-15.26229
2197857500.0,-15.25877
2197857656.25,-15.25513
2197857812.5,-15.25271
2197857968.75,-15.24978
2197858125.0,-15.24668
2197858281.25,-15.24397
2197858437.5,-15.24086
2197858593.75,-15.238
2197858750.0,-15.23411
2197858906.25,-15.23157
2197859062.5,-15.22911
2197859218.75,-15.2262
2197859375.0,-15.22321
2197859531.25,-15.22083
2197859687.5,-15.21776
2197859843.75,-15.21493
2197860000.0,-15.21179
2197860156.25,-15.2095
2197860312.5,-15.20585
2197860468.75,-15.20421
2197860625.0,-15.19897
2197860781.25,-15.19783
2197860937.5,-15.19438
2197861093.75,-15.19169
2197861250.0,-15.18884
2197861406.25,-15.1849
2197861562.5,-15.18135
2197861718.75,-15.17984
2197861875.0,-15.17645
2197862031.25,-15.17411
2197862187.5,-15.17041
2197862343.75,-15.16716
2197862500.0,-15.1651
2197862656.25,-15.16281
2197862812.5,-15.15812
2197862968.75,-15.15574
2197863125.0,-15.15289
2197863281.25,-15.15165
2197863437.5,-15.14699
2197863593.75,-15.14486
2197863750.0,-15.14135
2197863906.25,-15.13848
2197864062.5,-15.13587
2197864218.75,-15.13228
2197864375.0,-15.12969
2197864531.25,-15.12665
2197864687.5,-15.12409
2197864843.75,-15.12134
2197865000.0,-15.11854
2197865156.25,-15.11544
2197865312.5,-15.11152
2197865468.75,-15.10971
2197865625.0,-15.10603
2197865781.25,-15.10398
2197865937.5,-15.10056
2197866093.75,-15.09726
2197866250.0,-15.09377
2197866406.25,-15.09064
2197866562.5,-15.08765
2197866718.75,-15.08569
2197866875.0,-15.08305
2197867031.25,-15.07876
2197867187.5,-15.07653
2197867343.75,-15.07374
2197867500.0,-15.07117
2197867656.25,-15.06775
2197867812.5,-15.06355
2197867968.75,-15.06226
2197868125.0,-15.05916
2197868281.25,-15.05652
2197868437.5,-15.05264
2197868593.75,-15.05079
2197868750.0,-15.04766
2197868906.25,-15.0444
2197869062.5,-15.04203
2197869218.75,-15.0385
2197869375.0,-15.03509
2197869531.25,-15.03199
2197869687.5,-15.03057
2197869843.75,-15.02703
2197870000.0,-15.02325
2197870156.25,-15.02106
2197870312.5,-15.01831
2197870468.75,-15.01433
2197870625.0,-15.0122
2197870781.25,-15.00862
2197870937.5,-15.00536
2197871093.75,-15.00293
2197871250.0,-14.99955
2197871406.25,-14.99738
2197871562.5,-14.9939
2197871718.75,-14.98992
2197871875.0,-14.98917
2197872031.25,-14.9855
2197872187.5,-14.98189
2197872343.75,-14.98003
2197872500.0,-14.97639
2197872656.25,-14.97357
2197872812.5,-14.97026
2197872968.75,-14.96669
2197873125.0,-14.96437
2197873281.25,-14.96122
2197873437.5,-14.95822
2197873593.75,-14.95569
2197873750.0,-14.95209
2197873906.25,-14.94902
2197874062.5,-14.94652
2197874218.75,-14.9423
2197874375.0,-14.93977
2197874531.25,-14.93803
2197874687.5,-14.93498
2197874843.75,-14.93028
2197875000.0,-14.9287
2197875156.25,-14.92487
2197875312.5,-14.92265
2197875468.75,-14.91935
2197875625.0,-14.91651
2197875781.25,-14.91272
2197875937.5,-14.91074
2197876093.75,-14.90901
2197876250.0,-14.90521
2197876406.25,-14.90208
2197876562.5,-14.89862
2197876718.75,-14.89581
2197876875.0,-14.89312
2197877031.25,-14.88969
2197877187.5,-14.88731
2197877343.75,-14.88449
2197877500.0,-14.88184
2197877656.25,-14.87762
2197877812.5,-14.87358
2197877968.75,-14.87265
2197878125.0,-14.86993
2197878281.25,-14.86531
2197878437.5,-14.86278
2197878593.75,-14.85964
2197878750.0,-14.85688
2197878906.25,-14.85451
2197879062.5,-14.85143
2197879218.75,-14.84816
2197879375.0,-14.84514
2197879531.25,-14.84259
2197879687.5,-14.83967
2197879843.75,-14.83593
2197880000.0,-14.83295
2197880156.25,-14.82978
2197880312.5,-14.8266
2197880468.75,-14.82417
2197880625.0,-14.82067
2197880781.25,-14.81914
2197880937.5,-14.81582
2197881093.75,-14.8123
2197881250.0,-14.80774
2197881406.25,-14.80553
2197881562.5,-14.80323
2197881718.75,-14.80041
2197881875.0,-14.79733
2197882031.25,-14.79413
2197882187.5,-14.79096
2197882343.75,-14.78733
2197882500.0,-14.78551
2197882656.25,-14.7822
2197882812.5,-14.77868
2197882968.75,-14.77556
2197883125.0,-14.7724
2197883281.25,-14.76863
2197883437.5,-14.76686
2197883593.75,-14.76514
2197883750.0,-14.76132
2197883906.25,-14.75835
2197884062.5,-14.75533
2197884218.75,-14.75151
2197884375.0,-14.74908
2197884531.25,-14.74574
2197884687.5,-14.74176
2197884843.75,-14.74044
2197885000.0,-14.73571
2197885156.25,-14.73365
2197885312.5,-14.73036
2197885468.75,-14.72803
2197885625.0,-14.72452
2197885781.25,-14.72172
2197885937.5,-14.71827
2197886093.75,-14.7156
2197886250.0,-14.71187
2197886406.25,-14.70897
2197886562.5,-14.70645
2197886718.75,-14.7035
2197886875.0,-14.70038
2197887031.25,-14.69797
2197887187.5,-14.69369
2197887343.75,-14.69205
2197887500.0,-14.68779
2197887656.25,-14.68516
2197887812.5,-14.6817
2197887968.75,-14.67915
2197888125.0,-14.67577
2197888281.25,-14.67379
2197888437.5,-14.66931
2197888593.75,-14.66684
2197888750.0,-14.66415
2197888906.25,-14.66053
2197889062.5,-14.65849
2197889218.75,-14.65579
2197889375.0,-14.65185
2197889531.25,-14.64893
2197889687.5,-14.64604
2197889843.75,-14.64245
2197890000.0,-14.63907
2197890156.25,-14.63666
2197890312.5,-14.63251
2197890468.75,-14.63047
2197890625.0,-14.62801
2197890781.25,-14.6234
2197890937.5,-14.62145
2197891093.75,-14.61908
2197891250.0,-14.61462
2197891406.25,-14.61256
2197891562.5,-14.60908
2197891718.75,-14.60712
2197891875.0,-14.60281
2197892031.25,-14.60012
2197892187.5,-14.59756
2197892343.75,-14.59365
2197892500.0,-14.59165
2197892656.25,-14.5886
2197892812.5,-14.58329
2197892968.75,-14.58226
2197893125.0,-14.57874
2197893281.25,-14.57551
2197893437.5,-14.57216
2197893593.75,-14.56962
2197893750.0,-14.56622
2197893906.25,-14.56259
2197894062.5,-14.56064
2197894218.75,-14.55703
2197894375.0,-14.55444
2197894531.25,-14.55127
2197894687.5,-14.54752
2197894843.75,-14.54551
2197895000.0,-14.54109
2197895156.25,-14.53819
2197895312.5,-14.53535
2197895468.75,-14.53228
2197895625.0,-14.529
2197895781.25,-14.52697
2197895937.5,-14.52355
2197896093.75,-14.51894
2197896250.0,-14.51723
2197896406.25,-14.51372
2197896562.5,-14.50986
2197896718.75,-14.50805
2197896875.0,-14.50522
2197897031.25,-14.50412
2197897187.5,-14.49823
2197897343.75,-14.49543
2197897500.0,-14.49272
2197897656.25,-14.48955
2197897812.5,-14.48622
2197897968.75,-14.48391
2197898125.0,-14.48059
2197898281.25,-14.47594
2197898437.5,-14.47342
2197898593.75,-14.47073
2197898750.0,-14.4683
2197898906.25,-14.46425
2197899062.5,-14.46194
2197899218.75,-14.45861
2197899375.0,-14.45551
2197899531.25,-14.45177
2197899687.5,-14.45002
2197899843.75,-14.44537
2197900000.0,-14.44324
2197900156.25,-14.44024
2197900312.5,-14.4367
2197900468.75,-14.43516
2197900625.0,-14.43032
2197900781.25,-14.42738
2197900937.5,-14.42451
2197901093.75,-14.42074
2197901250.0,-14.41867
2197901406.25,-14.41532
2197901562.5,-14.41116
2197901718.75,-14.40952
2197901875.0,-14.40655
2197902031.25,-14.40342
2197902187.5,-14.4001
2197902343.75,-14.3963
2197902500.0,-14.39336
2197902656.25,-14.38984
2197902812.5,-14.3876
2197902968.75,-14.38416
2197903125.0,-14.38185
2197903281.25,-14.37811
2197903437.5,-14.37541
2197903593.75,-14.37222
2197903750.0,-14.36883
2197903906.25,-14.36615
2197904062.5,-14.3614
2197904218.75,-14.35906
2197904375.0,-14.35675
2197904531.25,-14.35286
2197904687.5,-14.34944
2197904843.75,-14.34699
2197905000.0,-14.34406
2197905156.25,-14.34046
2197905312.5,-14.33727
2197905468.75,-14.33387
2197905625.0,-14.3314
2197905781.25,-14.32818
2197905937.5,-14.32549
2197906093.75,-14.32145
2197906250.0,-14.3192
2197906406.25,-14.31615
2197906562.5,-14.31333
2197906718.75,-14.31059
2197906875.0,-14.30699
2197907031.25,-14.30409
2197907187.5,-14.30079
2197907343.75,-14.29669
2197907500.0,-14.29371
2197907656.25,-14.28997
2197907812.5,-14.28772
2197907968.75,-14.28544
2197908125.0,-14.282
2197908281.25,-14.27913
2197908437.5,-14.27529
2197908593.75,-14.27224
2197908750.0,-14.27003
2197908906.25,-14.26567
2197909062.5,-14.26319
2197909218.75,-14.25965
2197909375.0,-14.25667
2197909531.25,-14.2548
2197909687.5,-14.25012
2197909843.75,-14.24684
2197910000.0,-14.24451
2197910156.25,-14.24087
2197910312.5,-14.23846
2197910468.75,-14.23426
2197910625.0,-14.23229
2197910781.25,-14.22831
2197910937.5,-14.22597
2197911093.75,-14.22202
2197911250.0,-14.21777
2197911406.25,-14.21709
2197911562.5,-14.21246
2197911718.75,-14.20959
2197911875.0,-14.20668
2197912031.25,-14.20408
2197912187.5,-14.20021
2197912343.75,-14.1964
2197912500.0,-14.19468
2197912656.25,-14.19067
2197912812.5,-14.18805
2197912968.75,-14.18388
2197913125.0,-14.1812
2197913281.25,-14.17829
2197913437.5,-14.17509
2197913593.75,-14.1719
2197913750.0,-14.16787
2197913906.25,-14.16436
2197914062.5,-14.16206
2197914218.75,-14.15863
2197914375.0,-14.155
2197914531.25,-14.15199
2197914687.5,-14.14943
2197914843.75,-14.14631
2197915000.0,-14.14241
2197915156.25,-14.14003
2197915312.5,-14.13736
2197915468.75,-14.13422
2197915625.0,-14.13142
2197915781.25,-14.12761
2197915937.5,-14.1252
2197916093.75,-14.12166
2197916250.0,-14.11742
2197916406.25,-14.1147
2197916562.5,-14.11155
2197916718.75,-14.10939
2197916875.0,-14.10624
2197917031.25,-14.10263
2197917187.5,-14.09983
2197917343.75,-14.09693
2197917500.0,-14.09337
2197917656.25,-14.09013
2197917812.5,-14.08758
2197917968.75,-14.08355
2197918125.0,-14.08136
2197918281.25,-14.07681
2197918437.5,-14.07457
2197918593.75,-14.0712
2197918750.0,-14.06906
2197918906.25,-14.06489
2197919062.5,-14.06189
2197919218.75,-14.05845
2197919375.0,-14.0555
2197919531.25,-14.05135
2197919687.5,-14.04902
2197919843.75,-14.04628
2197920000.0,-14.04281
2197920156.25,-14.03991
2197920312.5,-14.03639
2197920468.75,-14.03267
2197920625.0,-14.02982
2197920781.25,-14.02576
2197920937.5,-14.02421
2197921093.75,-14.02
2197921250.0,-14.01736
2197921406.25,-14.01358
2197921562.5,-14.01112
2197921718.75,-14.00806
2197921875.0,-14.00354
2197922031.25,-14.00183
2197922187.5,-13.99902
2197922343.75,-13.99574
2197922500.0,-13.99239
2197922656.25,-13.98886
2197922812.5,-13.98497
2197922968.75,-13.98178
2197923125.0,-13.9782
2197923281.25,-13.9764
2197923437.5,-13.97222
2197923593.75,-13.96942
2197923750.0,-13.96543
2197923906.25,-13.96344
2197924062.5,-13.95975
2197924218.75,-13.95636
2197924375.0,-13.95259
2197924531.25,-13.95056
2197924687.5,-13.94671
2197924843.75,-13.94345
2197925000.0,-13.94136
2197925156.25,-13.93775
2197925312.5,-13.93495
2197925468.75,-13.93
2197925625.0,-13.92871
2197925781.25,-13.92455
2197925937.5,-13.92224
2197926093.75,-13.91784
2197926250.0,-13.91511
2197926406.25,-13.91274
2197926562.5,-13.90905
2197926718.75,-13.9052
2197926875.0,-13.90306
2197927031.25,-13.89897
2197927187.5,-13.89588
2197927343.75,-13.89298
2197927500.0,-13.8906
2197927656.25,-13.88667
2197927812.5,-13.88411
2197927968.75,-13.87974
2197928125.0,-13.87706
2197928281.25,-13.87409
2197928437.5,-13.87067
2197928593.75,-13.86729
2197928750.0,-13.86413
2197928906.25,-13.8598
2197929062.5,-13.85645
2197929218.75,-13.85486
2197929375.0,-13.85161
2197929531.25,-13.84778
2197929687.5,-13.84485
2197929843.75,-13.84299
2197930000.0,-13.83898
2197930156.25,-13.83497
2197930312.5,-13.83248
2197930468.75,-13.82876
2197930625.0,-13.82501
2197930781.25,-13.82224
2197930937.5,-13.82035
2197931093.75,-13.81592
2197931250.0,-13.81274
2197931406.25,-13.80967
2197931562.5,-13.80579
2197931718.75,-13.80194
2197931875.0,-13.79909
2197932031.25,-13.79578
2197932187.5,-13.79234
2197932343.75,-13.79042
2197932500.0,-13.7872
2197932656.25,-13.7837
2197932812.5,-13.78065
2197932968.75,-13.77688
2197933125.0,-13.77448
2197933281.25,-13.77047
2197933437.5,-13.76783
2197933593.75,-13.76436
2197933750.0,-13.76061
2197933906.25,-13.7578
2197934062.5,-13.7551
2197934218.75,-13.75215
2197934375.0,-13.74789
2197934531.25,-13.74423
2197934687.5,-13.74158
2197934843.75,-13.7384
2197935000.0,-13.73452
2197935156.25,-13.73262
2197935312.5,-13.72797
2197935468.75,-13.726
2197935625.0,-13.72228
2197935781.25,-13.71958
2197935937.5,-13.71605
2197936093.75,-13.7123
2197936250.0,-13.70936
2197936406.25,-13.70579
2197936562.5,-13.70367
2197936718.75,-13.69982
2197936875.0,-13.69703
2197937031.25,-13.69333
2197937187.5,-13.69015
2197937343.75,-13.68695
2197937500.0,-13.68445
2197937656.25,-13.68133
2197937812.5,-13.67723
2197937968.75,-13.67432
2197938125.0,-13.67054
2197938281.25,-13.66682
2197938437.5,-13.66492
2197938593.75,-13.66067
2197938750.0,-13.65772
2197938906.25,-13.6541
2197939062.5,-13.65114
2197939218.75,-13.64759
2197939375.0,-13.64569
2197939531.25,-13.64214
2197939687.5,-13.63818
2197939843.75,-13.63614
2197940000.0,-13.63147
2197940156.25,-13.62785
2197940312.5,-13.62476
2197940468.75,-13.62258
2197940625.0,-13.6185
2197940781.25,-13.61491
2197940937.5,-13.61192
2197941093.75,-13.61018
2197941250.0,-13.60551
2197941406.25,-13.60328
2197941562.5,-13.59976
2197941718.75,-13.59587
2197941875.0,-13.59397
2197942031.25,-13.59025
2197942187.5,-13.58619
2197942343.75,-13.58297
2197942500.0,-13.57861
2197942656.25,-13.57681
2197942812.5,-13.57344
2197942968.75,-13.56974
2197943125.0,-13.56753
2197943281.25,-13.56382
2197943437.5,-13.55924
2197943593.75,-13.55673
2197943750.0,-13.55325
2197943906.25,-13.55005
2197944062.5,-13.54675
2197944218.75,-13.54347
2197944375.0,-13.54022
2197944531.25,-13.53628
2197944687.5,-13.53349
2197944843.75,-13.53025
2197945000.0,-13.52724
2197945156.25,-13.52379
2197945312.5,-13.52084
2197945468.75,-13.51814
2197945625.0,-13.51331
2197945781.25,-13.51037
2197945937.5,-13.50821
2197946093.75,-13.50468
2197946250.0,-13.50163
2197946406.25,-13.49874
2197946562.5,-13.49453
2197946718.75,-13.4923
2197946875.0,-13.48754
2197947031.25,-13.4857
2197947187.5,-13.48182
2197947343.75,-13.47871
2197947500.0,-13.47502
2197947656.25,-13.47217
2197947812.5,-13.4686
2197947968.75,-13.46503
2197948125.0,-13.4626
2197948281.25,-13.45838
2197948437.5,-13.45499
2197948593.75,-13.45266
2197948750.0,-13.45029
2197948906.25,-13.44555
2197949062.5,-13.44317
2197949218.75,-13.43937
2197949375.0,-13.4355
2197949531.25,-13.43325
2197949687.5,-13.42883
2197949843.75,-13.42583
2197950000.0,-13.42258
2197950156.25,-13.41998
2197950312.5,-13.41709
2197950468.75,-13.41297
2197950625.0,-13.40968
2197950781.25,-13.40672
2197950937.5,-13.40311
2197951093.75,-13.39908
2197951250.0,-13.39669
2197951406.25,-13.39311
2197951562.5,-13.39055
2197951718.75,-13.38636
2197951875.0,-13.38386
2197952031.25,-13.38011
2197952187.5,-13.37718
2197952343.75,-13.37293
2197952500.0,-13.37062
2197952656.25,-13.36714
2197952812.5,-13.36472
2197952968.75,-13.3606
2197953125.0,-13.35788
2197953281.25,-13.3536
2197953437.5,-13.35111
2197953593.75,-13.34669
2197953750.0,-13.34499
2197953906.25,-13.34107
2197954062.5,-13.33727
2197954218.75,-13.3352
2197954375.0,-13.33038
2197954531.25,-13.3277
2197954687.5,-13.32368
2197954843.75,-13.32077
2197955000.0,-13.31798
2197955156.25,-13.31437
2197955312.5,-13.31039
2197955468.75,-13.3068
2197955625.0,-13.30297
2197955781.25,-13.30134
2197955937.5,-13.29767
2197956093.75,-13.29401
2197956250.0,-13.28983
2197956406.25,-13.28802
2197956562.5,-13.28423
2197956718.75,-13.28098
2197956875.0,-13.27793
2197957031.25,-13.27507
2197957187.5,-13.2717
2197957343.75,-13.26849
2197957500.0,-13.26598
2197957656.25,-13.2619
2197957812.5,-13.25908
2197957968.75,-13.2552
2197958125.0,-13.25247
2197958281.25,-13.24789
2197958437.5,-13.24541
2197958593.75,-13.2418
2197958750.0,-13.23805
2197958906.25,-13.23487
2197959062.5,-13.23167
2197959218.75,-13.22892
2197959375.0,-13.22518
2197959531.25,-13.22234
2197959687.5,-13.21876
2197959843.75,-13.21509
2197960000.0,-13.21138
2197960156.25,-13.20845
2197960312.5,-13.2047
2197960468.75,-13.20218
2197960625.0,-13.19836
2197960781.25,-13.19572
2197960937.5,-13.1929
2197961093.75,-13.18792
2197961250.0,-13.185
2197961406.25,-13.18187
2197961562.5,-13.17797
2197961718.75,-13.17555
2197961875.0,-13.17146
2197962031.25,-13.16863
2197962187.5,-13.16456
2197962343.75,-13.16241
2197962500.0,-13.15775
2197962656.25,-13.15705
2197962812.5,-13.15293
2197962968.75,-13.14873
2197963125.0,-13.14539
2197963281.25,-13.14148
2197963437.5,-13.13891
2197963593.75,-13.13605
2197963750.0,-13.13247
2197963906.25,-13.13009
2197964062.5,-13.1252
2197964218.75,-13.12187
2197964375.0,-13.11882
2197964531.25,-13.11577
2197964687.5,-13.11187
2197964843.75,-13.10898
2197965000.0,-13.10538
2197965156.25,-13.10258
2197965312.5,-13.0989
2197965468.75,-13.09543
2197965625.0,-13.09305
2197965781.25,-13.08829
2197965937.5,-13.08495
2197966093.75,-13.08108
2197966250.0,-13.07889
2197966406.25,-13.0751
2197966562.5,-13.07203
2197966718.75,-13.06818
2197966875.0,-13.06525
2197967031.25,-13.06274
2197967187.5,-13.05827
2197967343.75,-13.0559
2197967500.0,-13.05143
2197967656.25,-13.04882
2197967812.5,-13.04532
2197967968.75,-13.04261
2197968125.0,-13.03886
2197968281.25,-13.03499
2197968437.5,-13.03168
2197968593.75,-13.02849
2197968750.0,-13.02527
2197968906.25,-13.02162
2197969062.5,-13.01781
2197969218.75,-13.01523
2197969375.0,-13.01291
2197969531.25,-13.00846
2197969687.5,-13.00517
2197969843.75,-13.00167
2197970000.0,-12.9995
2197970156.25,-12.99484
2197970312.5,-12.99249
2197970468.75,-12.98823
2197970625.0,-12.98543
2197970781.25,-12.98246
2197970937.5,-12.97904
2197971093.75,-12.97499
2197971250.0,-12.97246
2197971406.25,-12.96813
2197971562.5,-12.96607
2197971718.75,-12.96174
2197971875.0,-12.95877
2197972031.25,-12.95589
2197972187.5,-12.95316
2197972343.75,-12.94907
2197972500.0,-12.94525
2197972656.25,-12.94161
2197972812.5,-12.93873
2197972968.75,-12.93552
2197973125.0,-12.93251
2197973281.25,-12.9288
2197973437.5,-12.92515
2197973593.75,-12.92126
2197973750.0,-12.91765
2197973906.25,-12.9156
2197974062.5,-12.91139
2197974218.75,-12.90895
2197974375.0,-12.90591
2197974531.25,-12.90094
2197974687.5,-12.89717
2197974843.75,-12.89587
2197975000.0,-12.89195
2197975156.25,-12.88846
2197975312.5,-12.88551
2197975468.75,-12.88146
2197975625.0,-12.87753
2197975781.25,-12.87558
2197975937.5,-12.87172
2197976093.75,-12.86715
2197976250.0,-12.86477
2197976406.25,-12.861
2197976562.5,-12.85832
2197976718.75,-12.85448
2197976875.0,-12.85127
2197977031.25,-12.84689
2197977187.5,-12.84416
2197977343.75,-12.84084
2197977500.0,-12.83828
2197977656.25,-12.83406
2197977812.5,-12.83083
2197977968.75,-12.82808
2197978125.0,-12.82477
2197978281.25,-12.8226
2197978437.5,-12.81758
2197978593.75,-12.81382
2197978750.0,-12.81083
2197978906.25,-12.80803
2197979062.5,-12.80413
2197979218.75,-12.80089
2197979375.0,-12.79795
2197979531.25,-12.795
2197979687.5,-12.79067
2197979843.75,-12.78676
2197980000.0,-12.78458
2197980156.25,-12.78019
2197980312.5,-12.77645
2197980468.75,-12.77377
2197980625.0,-12.77071
2197980781.25,-12.76674
2197980937.5,-12.764
2197981093.75,-12.76006
2197981250.0,-12.7569
2197981406.25,-12.75418
2197981562.5,-12.74917
2197981718.75,-12.74575
2197981875.0,-12.74415
2197982031.25,-12.74076
2197982187.5,-12.73585
2197982343.75,-12.73353
2197982500.0,-12.73031
2197982656.25,-12.72638
2197982812.5,-12.72232
2197982968.75,-12.71993
2197983125.0,-12.71602
2197983281.25,-12.7136
2197983437.5,-12.71011
2197983593.75,-12.70759
2197983750.0,-12.70242
2197983906.25,-12.6986
2197984062.5,-12.69666
2197984218.75,-12.69211
2197984375.0,-12.68933
2197984531.25,-12.68598
2197984687.5,-12.6828
2197984843.75,-12.67897
2197985000.0,-12.67585
2197985156.25,-12.67245
2197985312.5,-12.66799
2197985468.75,-12.66551
2197985625.0,-12.66248
2197985781.25,-12.65898
2197985937.5,-12.65649
2197986093.75,-12.65184
2197986250.0,-12.64915
2197986406.25,-12.64591
2197986562.5,-12.6427
2197986718.75,-12.63781
2197986875.0,-12.63615
2197987031.25,-12.63254
2197987187.5,-12.62847
2197987343.75,-12.62601
2197987500.0,-12.62108
2197987656.25,-12.61846
2197987812.5,-12.61372
2197987968.75,-12.61198
2197988125.0,-12.60792
2197988281.25,-12.60499
2197988437.5,-12.60137
2197988593.75,-12.59826
2197988750.0,-12.59425
2197988906.25,-12.59176
2197989062.5,-12.58826
2197989218.75,-12.58429
2197989375.0,-12.58158
2197989531.25,-12.57752
2197989687.5,-12.57503
2197989843.75,-12.57146
2197990000.0,-12.56724
2197990156.25,-12.56434
2197990312.5,-12.55948
2197990468.75,-12.55756
2197990625.0,-12.55329
2197990781.25,-12.55049
2197990937.5,-12.54644
2197991093.75,-12.54502
2197991250.0,-12.53996
2197991406.25,-12.53706
2197991562.5,-12.53348
2197991718.75,-12.52982
2197991875.0,-12.52667
2197992031.25,-12.52282
2197992187.5,-12.5207
2197992343.75,-12.5172
2197992500.0,-12.51377
2197992656.25,-12.50966
2197992812.5,-12.5061
2197992968.75,-12.50319
2197993125.0,-12.49963
2197993281.25,-12.49731
2197993437.5,-12.49437
2197993593.75,-12.48954
2197993750.0,-12.48612
2197993906.25,-12.48359
2197994062.5,-12.47939
2197994218.75,-12.47666
2197994375.0,-12.47274
2197994531.25,-12.47016
2197994687.5,-12.46632
2197994843.75,-12.46172
2197995000.0,-12.459
2197995156.25,-12.45584
2197995312.5,-12.4511
2197995468.75,-12.44946
2197995625.0,-12.44517
2197995781.25,-12.44162
2197995937.5,-12.43945
2197996093.75,-12.43458
2197996250.0,-12.43292
2197996406.25,-12.42814
2197996562.5,-12.42529
2197996718.75,-12.42233
2197996875.0,-12.41858
2197997031.25,-12.41491
2197997187.5,-12.4127
2197997343.75,-12.40767
2197997500.0,-12.40509
2197997656.25,-12.40082
2197997812.5,-12.39794
2197997968.75,-12.39445
2197998125.0,-12.39133
2197998281.25,-12.38795
2197998437.5,-12.38462
2197998593.75,-12.38092
2197998750.0,-12.37706
2197998906.25,-12.3747
2197999062.5,-12.37119
2197999218.75,-12.36737
2197999375.0,-12.36408
2197999531.25,-12.36024
2197999687.5,-12.35762
2197999843.75,-12.35389
2198000000.0,-12.35012
2198000156.25,-12.34674
2198000312.5,-12.34313
2198000468.75,-12.34027
2198000625.0,-12.33712
2198000781.25,-12.33385
2198000937.5,-12.32876
2198001093.75,-12.32684
2198001250.0,-12.32321
2198001406.25,-12.31969
2198001562.5,-12.31729
2198001718.75,-12.31244
2198001875.0,-12.30959
2198002031.25,-12.30591
2198002187.5,-12.30283
2198002343.75,-12.29972
2198002500.0,-12.29506
2198002656.25,-12.29218
2198002812.5,-12.28864
2198002968.75,-12.28549
2198003125.0,-12.28242
2198003281.25,-12.27942
2198003437.5,-12.27619
2198003593.75,-12.27129
2198003750.0,-12.26874
2198003906.25,-12.26518
2198004062.5,-12.2612
2198004218.75,-12.2573
2198004375.0,-12.25505
2198004531.25,-12.25168
2198004687.5,-12.24815
2198004843.75,-12.24494
2198005000.0,-12.24088
2198005156.25,-12.2376
2198005312.5,-12.23456
2198005468.75,-12.23121
2198005625.0,-12.22808
2198005781.25,-12.2242
2198005937.5,-12.22048
2198006093.75,-12.2178
2198006250.0,-12.21375
2198006406.25,-12.21017
2198006562.5,-12.20683
2198006718.75,-12.2032
2198006875.0,-12.20067
2198007031.25,-12.19752
2198007187.5,-12.19355
2198007343.75,-12.19045
2198007500.0,-12.18666
2198007656.25,-12.18219
2198007812.5,-12.17974
2198007968.75,-12.17754
2198008125.0,-12.17311
2198008281.25,-12.16982
2198008437.5,-12.16643
2198008593.75,-12.16252
2198008750.0,-12.15967
2198008906.25,-12.15625
2198009062.5,-12.15321
2198009218.75,-12.14926
2198009375.0,-12.14698
2198009531.25,-12.1424
2198009687.5,-12.13964
2198009843.75,-12.13539
2198010000.0,-12.13272
2198010156.25,-12.12866
2198010312.5,-12.12572
2198010468.75,-12.12296
2198010625.0,-12.11931
2198010781.25,-12.11495
2198010937.5,-12.11214
2198011093.75,-12.10874
2198011250.0,-12.10441
2198011406.25,-12.10147
2198011562.5,-12.09923
2198011718.75,-12.09419
2198011875.0,-12.09097
2198012031.25,-12.08801
2198012187.5,-12.08451
2198012343.75,-12.08128
2198012500.0,-12.07784
2198012656.25,-12.07453
2198012812.5,-12.07063
2198012968.75,-12.06764
2198013125.0,-12.06407
2198013281.25,-12.06123
2198013437.5,-12.0571
2198013593.75,-12.05371
2198013750.0,-12.05072
2198013906.25,-12.0462
2198014062.5,-12.04334
2198014218.75,-12.03929
2198014375.0,-12.03716
2198014531.25,-12.03324
2198014687.5,-12.03023
2198014843.75,-12.02551
2198015000.0,-12.02304
2198015156.25,-12.01897
2198015312.5,-12.0171
2198015468.75,-12.01187
2198015625.0,-12.01018
2198015781.25,-12.00576
2198015937.5,-12.00353
2198016093.75,-11.99938
2198016250.0,-11.99644
2198016406.25,-11.99233
2198016562.5,-11.989
2198016718.75,-11.98542
2198016875.0,-11.9815
2198017031.25,-11.97883
2198017187.5,-11.97562
2198017343.75,-11.97151
2198017500.0,-11.969
2198017656.25,-11.96562
2198017812.5,-11.9616
2198017968.75,-11.95844
2198018125.0,-11.95588
2198018281.25,-11.95047
2198018437.5,-11.94807
2198018593.75,-11.94355
2198018750.0,-11.94093
2198018906.25,-11.93917
2198019062.5,-11.93471
2198019218.75,-11.93124
2198019375.0,-11.92828
2198019531.25,-11.92362
2198019687.5,-11.92097
2198019843.75,-11.91732
2198020000.0,-11.9151
2198020156.25,-11.91104
2198020312.5,-11.90755
2198020468.75,-11.90344
2198020625.0,-11.90003
2198020781.25,-11.89644
2198020937.5,-11.89373
2198021093.75,-11.88994
2198021250.0,-11.8874
2198021406.25,-11.88287
2198021562.5,-11.87944
2198021718.75,-11.87656
2198021875.0,-11.873
2198022031.25,-11.86934
2198022187.5,-11.8654
2198022343.75,-11.86219
2198022500.0,-11.85945
2198022656.25,-11.85592
2198022812.5,-11.85315
2198022968.75,-11.84896
2198023125.0,-11.84588
2198023281.25,-11.84308
2198023437.5,-11.84017
2198023593.75,-11.83564
2198023750.0,-11.83244
2198023906.25,-11.82847
2198024062.5,-11.82586
2198024218.75,-11.82113
2198024375.0,-11.81997
2198024531.25,-11.81471
2198024687.5,-11.81087
2198024843.75,-11.80855
2198025000.0,-11.80474
2198025156.25,-11.80176
2198025312.5,-11.7988
2198025468.75,-11.79534
2198025625.0,-11.79171
2198025781.25,-11.78852
2198025937.5,-11.78416
2198026093.75,-11.78161
2198026250.0,-11.77657
2198026406.25,-11.77424
2198026562.5,-11.77014
2198026718.75,-11.76757
2198026875.0,-11.76466
2198027031.25,-11.75992
2198027187.5,-11.75707
2198027343.75,-11.75397
2198027500.0,-11.75046
2198027656.25,-11.74601
2198027812.5,-11.74362
2198027968.75,-11.73956
2198028125.0,-11.73673
2198028281.25,-11.73328
2198028437.5,-11.73038
2198028593.75,-11.72696
2198028750.0,-11.72307
2198028906.25,-11.71946
2198029062.5,-11.71576
2198029218.75,-11.71315
2198029375.0,-11.70929
2198029531.25,-11.70658
2198029687.5,-11.70269
2198029843.75,-11.69979
2198030000.0,-11.69625
2198030156.25,-11.69341
2198030312.5,-11.68973
2198030468.75,-11.68574
2198030625.0,-11.68204
2198030781.25,-11.67898
2198030937.5,-11.67492
2198031093.75,-11.67236
2198031250.0,-11.6685
2198031406.25,-11.66548
2198031562.5,-11.66201
2198031718.75,-11.65881
2198031875.0,-11.65518
2198032031.25,-11.65178
2198032187.5,-11.64852
2198032343.75,-11.64517
2198032500.0,-11.64193
2198032656.25,-11.63864
2198032812.5,-11.63488
2198032968.75,-11.6317
2198033125.0,-11.62839
2198033281.25,-11.62464
2198033437.5,-11.62202
2198033593.75,-11.61731
2198033750.0,-11.6139
2198033906.25,-11.61116
2198034062.5,-11.60746
2198034218.75,-11.60479
2198034375.0,-11.60112
2198034531.25,-11.597
2198034687.5,-11.59418
2198034843.75,-11.59085
2198035000.0,-11.58643
2198035156.25,-11.58401
2198035312.5,-11.58011
2198035468.75,-11.57703
2198035625.0,-11.57406
2198035781.25,-11.57028
2198035937.5,-11.56612
2198036093.75,-11.56406
2198036250.0,-11.5596
2198036406.25,-11.55634
2198036562.5,-11.55252
2198036718.75,-11.54915
2198036875.0,-11.54662
2198037031.25,-11.54279
2198037187.5,-11.53994
2198037343.75,-11.5364
2198037500.0,-11.53373
2198037656.25,-11.52951
2198037812.5,-11.5254
2198037968.75,-11.5234
2198038125.0,-11.51972
2198038281.25,-11.51557
2198038437.5,-11.51296
2198038593.75,-11.50998
2198038750.0,-11.50651
2198038906.25,-11.50298
2198039062.5,-11.49915
2198039218.75,-11.49623
2198039375.0,-11.49292
2198039531.25,-11.48928
2198039687.5,-11.48612
2198039843.75,-11.48182
2198040000.0,-11.4795
2198040156.25,-11.47505
2198040312.5,-11.47188
2198040468.75,-11.46863
2198040625.0,-11.46548
2198040781.25,-11.46234
2198040937.5,-11.4582
2198041093.75,-11.4551
2198041250.0,-11.45201
2198041406.25,-11.44802
2198041562.5,-11.44504
2198041718.75,-11.44147
2198041875.0,-11.43842
2198042031.25,-11.43508
2198042187.5,-11.43155
2198042343.75,-11.42889
2198042500.0,-11.4254
2198042656.25,-11.42259
2198042812.5,-11.41791
2198042968.75,-11.41497
2198043125.0,-11.41138
2198043281.25,-11.40806
2198043437.5,-11.40481
2198043593.75,-11.40172
2198043750.0,-11.39808
2198043906.25,-11.39498
2198044062.5,-11.39073
2198044218.75,-11.38836
2198044375.0,-11.38461
2198044531.25,-11.38098
2198044687.5,-11.37816
2198044843.75,-11.37442
2198045000.0,-11.37103
2198045156.25,-11.36814
2198045312.5,-11.36499
2198045468.75,-11.36106
2198045625.0,-11.35735
2198045781.25,-11.35351
2198045937.5,-11.35033
2198046093.75,-11.34837
2198046250.0,-11.34418
2198046406.25,-11.34087
2198046562.5,-11.33756
2198046718.75,-11.33416
2198046875.0,-11.3313
2198047031.25,-11.32704
2198047187.5,-11.32378
2198047343.75,-11.32055
2198047500.0,-11.31675
2198047656.25,-11.31396
2198047812.5,-11.31062
2198047968.75,-11.30677
2198048125.0,-11.30442
2198048281.25,-11.30023
2198048437.5,-11.29766
2198048593.75,-11.2937
2198048750.0,-11.29014
2198048906.25,-11.288
2198049062.5,-11.28405
2198049218.75,-11.28014
2198049375.0,-11.27747
2198049531.25,-11.27407
2198049687.5,-11.27149
2198049843.75,-11.26743
2198050000.0,-11.26313
2198050156.25,-11.26028
2198050312.5,-11.25706
2198050468.75,-11.25348
2198050625.0,-11.25069
2198050781.25,-11.2476
2198050937.5,-11.24344
2198051093.75,-11.23966
2198051250.0,-11.23664
2198051406.25,-11.23384
2198051562.5,-11.23123
2198051718.75,-11.22663
2198051875.0,-11.22345
2198052031.25,-11.2204
2198052187.5,-11.21711
2198052343.75,-11.21425
2198052500.0,-11.21025
2198052656.25,-11.20776
2198052812.5,-11.2041
2198052968.75,-11.19995
2198053125.0,-11.19759
2198053281.25,-11.19373
2198053437.5,-11.19083
2198053593.75,-11.18697
2198053750.0,-11.18352
2198053906.25,-11.18078
2198054062.5,-11.17669
2198054218.75,-11.17359
2198054375.0,-11.17067
2198054531.25,-11.16671
2198054687.5,-11.16394
2198054843.75,-11.15982
2198055000.0,-11.15745
2198055156.25,-11.15415
2198055312.5,-11.15103
2198055468.75,-11.14681
2198055625.0,-11.14432
2198055781.25,-11.14087
2198055937.5,-11.13721
2198056093.75,-11.13445
2198056250.0,-11.13086
2198056406.25,-11.12692
2198056562.5,-11.12465
2198056718.75,-11.12006
2198056875.0,-11.11683
2198057031.25,-11.11397
2198057187.5,-11.11037
2198057343.75,-11.10783
2198057500.0,-11.10445
2198057656.25,-11.10134
2198057812.5,-11.09836
2198057968.75,-11.09388
2198058125.0,-11.0912
2198058281.25,-11.0881
2198058437.5,-11.08489
2198058593.75,-11.08057
2198058750.0,-11.07766
2198058906.25,-11.0741
2198059062.5,-11.07114
2198059218.75,-11.06748
2198059375.0,-11.06471
2198059531.25,-11.06114
2198059687.5,-11.05805
2198059843.75,-11.05393
2198060000.0,-11.05119
2198060156.25,-11.04772
2198060312.5,-11.04416
2198060468.75,-11.04148
2198060625.0,-11.03769
2198060781.25,-11.03535
2198060937.5,-11.03169
2198061093.75,-11.02796
2198061250.0,-11.02515
2198061406.25,-11.0216
2198061562.5,-11.01801
2198061718.75,-11.01454
2198061875.0,-11.01091
2198062031.25,-11.00846
2198062187.5,-11.00449
2198062343.75,-11.00253
2198062500.0,-10.99866
2198062656.25,-10.99429
2198062812.5,-10.99149
2198062968.75,-10.98789
2198063125.0,-10.9849
2198063281.25,-10.98226
2198063437.5,-10.97887
2198063593.75,-10.97584
2198063750.0,-10.97274
2198063906.25,-10.96905
2198064062.5,-10.96567
2198064218.75,-10.96248
2198064375.0,-10.95973
2198064531.25,-10.95641
2198064687.5,-10.95194
2198064843.75,-10.94974
2198065000.0,-10.94736
2198065156.25,-10.94376
2198065312.5,-10.93889
2198065468.75,-10.93588
2198065625.0,-10.93315
2198065781.25,-10.92904
2198065937.5,-10.92594
2198066093.75,-10.92378
2198066250.0,-10.91962
2198066406.25,-10.91683
2198066562.5,-10.91376
2198066718.75,-10.91062
2198066875.0,-10.90707
2198067031.25,-10.90286
2198067187.5,-10.90072
2198067343.75,-10.89754
2198067500.0,-10.8938
2198067656.25,-10.89171
2198067812.5,-10.88868
2198067968.75,-10.88403
2198068125.0,-10.88079
2198068281.25,-10.87805
2198068437.5,-10.87535
2198068593.75,-10.87146
2198068750.0,-10.8686
2198068906.25,-10.8646
2198069062.5,-10.86132
2198069218.75,-10.85817
2198069375.0,-10.8557
2198069531.25,-10.85205
2198069687.5,-10.84863
2198069843.75,-10.84574
2198070000.0,-10.84173
2198070156.25,-10.83829
2198070312.5,-10.83553
2198070468.75,-10.83211
2198070625.0,-10.82941
2198070781.25,-10.82548
2198070937.5,-10.82289
2198071093.75,-10.81955
2198071250.0,-10.81603
2198071406.25,-10.81221
2198071562.5,-10.80858
2198071718.75,-10.80675
2198071875.0,-10.80367
2198072031.25,-10.80005
2198072187.5,-10.79705
2198072343.75,-10.79328
2198072500.0,-10.78974
2198072656.25,-10.78759
2198072812.5,-10.7837
2198072968.75,-10.78112
2198073125.0,-10.77731
2198073281.25,-10.77425
2198073437.5,-10.77168
2198073593.75,-10.76802
2198073750.0,-10.76507
2198073906.25,-10.76229
2198074062.5,-10.75835
2198074218.75,-10.75554
2198074375.0,-10.75179
2198074531.25,-10.74826
2198074687.5,-10.7454
2198074843.75,-10.74271
2198075000.0,-10.73882
2198075156.25,-10.73652
2198075312.5,-10.73282
2198075468.75,-10.72944
2198075625.0,-10.72623
2198075781.25,-10.72348
2198075937.5,-10.7202
2198076093.75,-10.71713
2198076250.0,-10.7134
2198076406.25,-10.71
2198076562.5,-10.7077
2198076718.75,-10.7038
2198076875.0,-10.70053
2198077031.25,-10.69798
2198077187.5,-10.69445
2198077343.75,-10.69145
2198077500.0,-10.68865
2198077656.25,-10.68527
2198077812.5,-10.68209
2198077968.75,-10.67896
2198078125.0,-10.67517
2198078281.25,-10.67247
2198078437.5,-10.66968
2198078593.75,-10.66685
2198078750.0,-10.66329
2198078906.25,-10.66012
2198079062.5,-10.65681
2198079218.75,-10.65346
2198079375.0,-10.65049
2198079531.25,-10.64648
2198079687.5,-10.64389
2198079843.75,-10.64025
2198080000.0,-10.63746
2198080156.25,-10.63484
2198080312.5,-10.63091
2198080468.75,-10.62728
2198080625.0,-10.62485
2198080781.25,-10.62173
2198080937.5,-10.61809
2198081093.75,-10.61513
2198081250.0,-10.61257
2198081406.25,-10.61011
2198081562.5,-10.60703
2198081718.75,-10.60284
2198081875.0,-10.59996
2198082031.25,-10.59677
2198082187.5,-10.59315
2198082343.75,-10.59058
2198082500.0,-10.58706
2198082656.25,-10.58357
2198082812.5,-10.5813
2198082968.75,-10.57844
2198083125.0,-10.57495
2198083281.25,-10.57138
2198083437.5,-10.56834
2198083593.75,-10.56491
2198083750.0,-10.56255
2198083906.25,-10.55958
2198084062.5,-10.55609
2198084218.75,-10.55283
2198084375.0,-10.55055
2198084531.25,-10.54709
2198084687.5,-10.54398
2198084843.75,-10.54054
2198085000.0,-10.53751
2198085156.25,-10.53357
2198085312.5,-10.53162
2198085468.75,-10.52753
2198085625.0,-10.52515
2198085781.25,-10.52231
2198085937.5,-10.51925
2198086093.75,-10.51618
2198086250.0,-10.51257
2198086406.25,-10.50994
2198086562.5,-10.50643
2198086718.75,-10.50252
2198086875.0,-10.50013
2198087031.25,-10.49785
2198087187.5,-10.49388
2198087343.75,-10.49177
2198087500.0,-10.48805
2198087656.25,-10.48614
2198087812.5,-10.4813
2198087968.75,-10.47833
2198088125.0,-10.47509
2198088281.25,-10.47295
2198088437.5,-10.46869
2198088593.75,-10.46653
2198088750.0,-10.4633
2198088906.25,-10.46004
2198089062.5,-10.45828
2198089218.75,-10.45385
2198089375.0,-10.45109
2198089531.25,-10.4487
2198089687.5,-10.4449
2198089843.75,-10.44167
2198090000.0,-10.43898
2198090156.25,-10.43598
2198090312.5,-10.43315
2198090468.75,-10.4297
2198090625.0,-10.42684
2198090781.25,-10.42339
2198090937.5,-10.42009
2198091093.75,-10.41743
2198091250.0,-10.41397
2198091406.25,-10.41149
2198091562.5,-10.40836
2198091718.75,-10.40541
2198091875.0,-10.40211
2198092031.25,-10.3996
2198092187.5,-10.39611
2198092343.75,-10.39358
2198092500.0,-10.39022
2198092656.25,-10.38808
2198092812.5,-10.38382
2198092968.75,-10.38155
2198093125.0,-10.37804
2198093281.25,-10.37587
2198093437.5,-10.37242
2198093593.75,-10.3695
2198093750.0,-10.36602
2198093906.25,-10.36342
2198094062.5,-10.36016
2198094218.75,-10.35722
2198094375.0,-10.35478
2198094531.25,-10.35141
2198094687.5,-10.34851
2198094843.75,-10.34524
2198095000.0,-10.34193
2198095156.25,-10.33916
2198095312.5,-10.33581
2198095468.75,-10.3328
2198095625.0,-10.33002
2198095781.25,-10.32749
2198095937.5,-10.32416
2198096093.75,-10.32094
2198096250.0,-10.31701
2198096406.25,-10.316
2198096562.5,-10.31189
2198096718.75,-10.30915
2198096875.0,-10.30576
2198097031.25,-10.30282
2198097187.5,-10.30065
2198097343.75,-10.29796
2198097500.0,-10.29452
2198097656.25,-10.29164
2198097812.5,-10.28856
2198097968.75,-10.28641
2198098125.0,-10.28278
2198098281.25,-10.28001
2198098437.5,-10.27727
2198098593.75,-10.27412
2198098750.0,-10.27048
2198098906.25,-10.26765
2198099062.5,-10.26516
2198099218.75,-10.26251
2198099375.0,-10.25874
2198099531.25,-10.25628
2198099687.5,-10.25211
2198099843.75,-10.25033
2198100000.0,-10.24767
2198100156.25,-10.24423
2198100312.5,-10.24124
2198100468.75,-10.23854
2198100625.0,-10.23523
2198100781.25,-10.23297
2198100937.5,-10.22913
2198101093.75,-10.22612
2198101250.0,-10.22379
2198101406.25,-10.22
2198101562.5,-10.21751
2198101718.75,-10.21511
2198101875.0,-10.21197
2198102031.25,-10.20895
2198102187.5,-10.20641
2198102343.75,-10.20326
2198102500.0,-10.20035
2198102656.25,-10.19813
2198102812.5,-10.1948
2198102968.75,-10.19147
2198103125.0,-10.18937
2198103281.25,-10.18646
2198103437.5,-10.18297
2198103593.75,-10.18033
2198103750.0,-10.17706
2198103906.25,-10.17445
2198104062.5,-10.17167
2198104218.75,-10.16958
2198104375.0,-10.16511
2198104531.25,-10.16267
2198104687.5,-10.15961
2198104843.75,-10.15655
2198105000.0,-10.15449
2198105156.25,-10.1522
2198105312.5,-10.14881
2198105468.75,-10.14567
2198105625.0,-10.14251
2198105781.25,-10.13968
2198105937.5,-10.13701
2198106093.75,-10.13414
2198106250.0,-10.13098
2198106406.25,-10.12898
2198106562.5,-10.12586
2198106718.75,-10.12357
2198106875.0,-10.12015
2198107031.25,-10.11701
2198107187.5,-10.11485
2198107343.75,-10.11095
2198107500.0,-10.10835
2198107656.25,-10.10596
2198107812.5,-10.10264
2198107968.75,-10.10101
2198108125.0,-10.09722
2198108281.25,-10.09512
2198108437.5,-10.09211
2198108593.75,-10.08865
2198108750.0,-10.08707
2198108906.25,-10.08314
2198109062.5,-10.08103
2198109218.75,-10.07694
2198109375.0,-10.0744
2198109531.25,-10.07253
2198109687.5,-10.06983
2198109843.75,-10.06675
2198110000.0,-10.06421
2198110156.25,-10.06114
2198110312.5,-10.05778
2198110468.75,-10.05534
2198110625.0,-10.05264
2198110781.25,-10.04971
2198110937.5,-10.04688
2198111093.75,-10.04422
2198111250.0,-10.04195
2198111406.25,-10.03891
2198111562.5,-10.03642
2198111718.75,-10.03289
2198111875.0,-10.03141
2198112031.25,-10.0277
2198112187.5,-10.02488
2198112343.75,-10.02204
2198112500.0,-10.01923
2198112656.25,-10.01619
2198112812.5,-10.01325
2198112968.75,-10.01162
2198113125.0,-10.00897
2198113281.25,-10.00645
2198113437.5,-10.00312
2198113593.75,-10.00081
2198113750.0,-9.998078
2198113906.25,-9.995273
2198114062.5,-9.992353
2198114218.75,-9.989156
2198114375.0,-9.986884
2198114531.25,-9.984153
2198114687.5,-9.981441
2198114843.75,-9.978396
2198115000.0,-9.975679
2198115156.25,-9.973469
2198115312.5,-9.970468
2198115468.75,-9.968002
2198115625.0,-9.963967
2198115781.25,-9.962967
2198115937.5,-9.959287
2198116093.75,-9.95674
2198116250.0,-9.954105
2198116406.25,-9.951395
2198116562.5,-9.948708
2198116718.75,-9.946259
2198116875.0,-9.9438
2198117031.25,-9.941327
2198117187.5,-9.938478
2198117343.75,-9.934672
2198117500.0,-9.932608
2198117656.25,-9.930323
2198117812.5,-9.927834
2198117968.75,-9.924169
2198118125.0,-9.922886
2198118281.25,-9.919201
2198118437.5,-9.916853
2198118593.75,-9.914021
2198118750.0,-9.911367
2198118906.25,-9.908379
2198119062.5,-9.906481
2198119218.75,-9.903485
2198119375.0,-9.901063
2198119531.25,-9.898316
2198119687.5,-9.894977
2198119843.75,-9.892174
2198120000.0,-9.890337
2198120156.25,-9.88784
2198120312.5,-9.884882
2198120468.75,-9.883824
2198120625.0,-9.880103
2198120781.25,-9.877951
2198120937.5,-9.874113
2198121093.75,-9.87261
2198121250.0,-9.869162
2198121406.25,-9.867299
2198121562.5,-9.864633
2198121718.75,-9.86136
2198121875.0,-9.859055
2198122031.25,-9.856752
2198122187.5,-9.854912
2198122343.75,-9.851291
2198122500.0,-9.848881
2198122656.25,-9.846349
2198122812.5,-9.843225
2198122968.75,-9.841296
2198123125.0,-9.838463
2198123281.25,-9.83514
2198123437.5,-9.83323
2198123593.75,-9.830866
2198123750.0,-9.828543
2198123906.25,-9.826425
2198124062.5,-9.82325
2198124218.75,-9.821398
2198124375.0,-9.818984
2198124531.25,-9.816421
2198124687.5,-9.812003
2198124843.75,-9.811073
2198125000.0,-9.807783
2198125156.25,-9.806018
2198125312.5,-9.80314
2198125468.75,-9.799815
2198125625.0,-9.797564
2198125781.25,-9.794676
2198125937.5,-9.793162
2198126093.75,-9.790847
2198126250.0,-9.787395
2198126406.25,-9.785002
2198126562.5,-9.783168
2198126718.75,-9.780163
2198126875.0,-9.778138
2198127031.25,-9.775507
2198127187.5,-9.7732
2198127343.75,-9.771213
2198127500.0,-9.768012
2198127656.25,-9.765519
2198127812.5,-9.762882
2198127968.75,-9.760096
2198128125.0,-9.758241
2198128281.25,-9.756057
2198128437.5,-9.752933
2198128593.75,-9.750865
2198128750.0,-9.747711
2198128906.25,-9.745486
2198129062.5,-9.743075
2198129218.75,-9.740192
2198129375.0,-9.738682
2198129531.25,-9.735547
2198129687.5,-9.73386
2198129843.75,-9.731054
2198130000.0,-9.728425
2198130156.25,-9.725916
2198130312.5,-9.72366
2198130468.75,-9.720326
2198130625.0,-9.718567
2198130781.25,-9.715843
2198130937.5,-9.714083
2198131093.75,-9.712207
2198131250.0,-9.709631
2198131406.25,-9.706227
2198131562.5,-9.70409
2198131718.75,-9.701436
2198131875.0,-9.700139
2198132031.25,-9.696997
2198132187.5,-9.695505
2198132343.75,-9.69259
2198132500.0,-9.689578
2198132656.25,-9.687226
2198132812.5,-9.685484
2198132968.75,-9.683379
2198133125.0,-9.680149
2198133281.25,-9.67877
2198133437.5,-9.675493
2198133593.75,-9.672749
2198133750.0,-9.670894
2198133906.25,-9.669015
2198134062.5,-9.665939
2198134218.75,-9.66362
2198134375.0,-9.661867
2198134531.25,-9.659479
2198134687.5,-9.656983
2198134843.75,-9.655205
2198135000.0,-9.65287
2198135156.25,-9.650188
2198135312.5,-9.647919
2198135468.75,-9.645779
2198135625.0,-9.642991
2198135781.25,-9.640271
2198135937.5,-9.637589
2198136093.75,-9.636267
2198136250.0,-9.633171
2198136406.25,-9.63128
2198136562.5,-9.629687
2198136718.75,-9.626404
2198136875.0,-9.625484
2198137031.25,-9.622326
2198137187.5,-9.620361
2198137343.75,-9.618218
2198137500.0,-9.61493
2198137656.25,-9.61342
2198137812.5,-9.611446
2198137968.75,-9.608158
2198138125.0,-9.606364
2198138281.25,-9.603892
2198138437.5,-9.6021
2198138593.75,-9.599725
2198138750.0,-9.597151
2198138906.25,-9.595297
2198139062.5,-9.59301
2198139218.75,-9.590715
2198139375.0,-9.589403
2198139531.25,-9.5862
2198139687.5,-9.584267
2198139843.75,-9.582021
2198140000.0,-9.580081
2198140156.25,-9.577605
2198140312.5,-9.574912
2198140468.75,-9.572896
2198140625.0,-9.570827
2198140781.25,-9.568942
2198140937.5,-9.566318
2198141093.75,-9.564426
2198141250.0,-9.562238
2198141406.25,-9.560416
2198141562.5,-9.557338
2198141718.75,-9.554435
2198141875.0,-9.553993
2198142031.25,-9.551381
2198142187.5,-9.549269
2198142343.75,-9.547068
2198142500.0,-9.544852
2198142656.25,-9.542866
2198142812.5,-9.540278
2198142968.75,-9.538124
2198143125.0,-9.535639
2198143281.25,-9.534131
2198143437.5,-9.531656
2198143593.75,-9.529706
2198143750.0,-9.527304
2198143906.25,-9.525125
2198144062.5,-9.523661
2198144218.75,-9.521137
2198144375.0,-9.519632
2198144531.25,-9.516948
2198144687.5,-9.514217
2198144843.75,-9.51233
2198145000.0,-9.510335
2198145156.25,-9.508437
2198145312.5,-9.505674
2198145468.75,-9.504288
2198145625.0,-9.502174
2198145781.25,-9.499918
2198145937.5,-9.497741
2198146093.75,-9.495667
2198146250.0,-9.493123
2198146406.25,-9.491376
2198146562.5,-9.490047
2198146718.75,-9.487836
2198146875.0,-9.485174
2198147031.25,-9.48348
2198147187.5,-9.480999
2198147343.75,-9.479539
2198147500.0,-9.477548
2198147656.25,-9.475738
2198147812.5,-9.473863
2198147968.75,-9.471208
2198148125.0,-9.46979
2198148281.25,-9.467043
2198148437.5,-9.464834
2198148593.75,-9.462893
2198148750.0,-9.460846
2198148906.25,-9.459111
2198149062.5,-9.457
2198149218.75,-9.455112
2198149375.0,-9.453369
2198149531.25,-9.45114
2198149687.5,-9.448956
2198149843.75,-9.447566
2198150000.0,-9.445328
2198150156.25,-9.442991
2198150312.5,-9.441576
2198150468.75,-9.439773
2198150625.0,-9.437029
2198150781.25,-9.435077
2198150937.5,-9.433202
2198151093.75,-9.431907
2198151250.0,-9.429953
2198151406.25,-9.427574
2198151562.5,-9.426067
2198151718.75,-9.42339
2198151875.0,-9.421999
2198152031.25,-9.420473
2198152187.5,-9.418087
2198152343.75,-9.415973
2198152500.0,-9.413913
2198152656.25,-9.41275
2198152812.5,-9.410283
2198152968.75,-9.407999
2198153125.0,-9.406436
2198153281.25,-9.40545
2198153437.5,-9.403038
2198153593.75,-9.400947
2198153750.0,-9.398633
2198153906.25,-9.397273
2198154062.5,-9.395352
2198154218.75,-9.393285
2198154375.0,-9.390799
2198154531.25,-9.388735
2198154687.5,-9.388
2198154843.75,-9.385445
2198155000.0,-9.383938
2198155156.25,-9.382253
2198155312.5,-9.380295
2198155468.75,-9.378901
2198155625.0,-9.376085
2198155781.25,-9.374715
2198155937.5,-9.372739
2198156093.75,-9.371486
2198156250.0,-9.370158
2198156406.25,-9.367922
2198156562.5,-9.365719
2198156718.75,-9.363555
2198156875.0,-9.362255
2198157031.25,-9.360774
2198157187.5,-9.359003
2198157343.75,-9.356702
2198157500.0,-9.355776
2198157656.25,-9.353207
2198157812.5,-9.351833
2198157968.75,-9.349751
2198158125.0,-9.348513
2198158281.25,-9.346156
2198158437.5,-9.344282
2198158593.75,-9.342766
2198158750.0,-9.340508
2198158906.25,-9.338801
2198159062.5,-9.337132
2198159218.75,-9.335418
2198159375.0,-9.333548
2198159531.25,-9.33216
2198159687.5,-9.329541
2198159843.75,-9.328911
2198160000.0,-9.32628
2198160156.25,-9.324926
2198160312.5,-9.323726
2198160468.75,-9.322329
2198160625.0,-9.320803
2198160781.25,-9.318613
2198160937.5,-9.316686
2198161093.75,-9.315565
2198161250.0,-9.313546
2198161406.25,-9.312016
2198161562.5,-9.310128
2198161718.75,-9.308741
2198161875.0,-9.307369
2198162031.25,-9.305034
2198162187.5,-9.303969
2198162343.75,-9.301892
2198162500.0,-9.299688
2198162656.25,-9.298931
2198162812.5,-9.296725
2198162968.75,-9.295268
2198163125.0,-9.293357
2198163281.25,-9.292419
2198163437.5,-9.289844
2198163593.75,-9.288411
2198163750.0,-9.286878
2198163906.25,-9.28541
2198164062.5,-9.283395
2198164218.75,-9.28197
2198164375.0,-9.280511
2198164531.25,-9.278502
2198164687.5,-9.277966
2198164843.75,-9.276252
2198165000.0,-9.274307
2198165156.25,-9.272856
2198165312.5,-9.27073
2198165468.75,-9.269781
2198165625.0,-9.267889
2198165781.25,-9.266905
2198165937.5,-9.265373
2198166093.75,-9.262843
2198166250.0,-9.261797
2198166406.25,-9.260772
2198166562.5,-9.258365
2198166718.75,-9.257313
2198166875.0,-9.25566
2198167031.25,-9.25483
2198167187.5,-9.252624
2198167343.75,-9.251573
2198167500.0,-9.250424
2198167656.25,-9.247821
2198167812.5,-9.246931
2198167968.75,-9.245087
2198168125.0,-9.244239
2198168281.25,-9.241708
2198168437.5,-9.241457
2198168593.75,-9.239906
2198168750.0,-9.238063
2198168906.25,-9.236387
2198169062.5,-9.235888
2198169218.75,-9.233549
2198169375.0,-9.232589
2198169531.25,-9.230561
2198169687.5,-9.229933
2198169843.75,-9.228206
2198170000.0,-9.226265
2198170156.25,-9.225318
2198170312.5,-9.223995
2198170468.75,-9.223181
2198170625.0,-9.220555
2198170781.25,-9.219365
2198170937.5,-9.217947
2198171093.75,-9.216786
2198171250.0,-9.215711
2198171406.25,-9.214153
2198171562.5,-9.21275
2198171718.75,-9.211238
2198171875.0,-9.210053
2198172031.25,-9.208458
2198172187.5,-9.206646
2198172343.75,-9.205026
2198172500.0,-9.20349
2198172656.25,-9.202831
2198172812.5,-9.201447
2198172968.75,-9.200056
2198173125.0,-9.198709
2198173281.25,-9.198114
2198173437.5,-9.195922
2198173593.75,-9.195087
2198173750.0,-9.193858
2198173906.25,-9.191995
2198174062.5,-9.191158
2198174218.75,-9.189266
2198174375.0,-9.188244
2198174531.25,-9.18583
2198174687.5,-9.185982
2198174843.75,-9.183774
2198175000.0,-9.183377
2198175156.25,-9.182368
2198175312.5,-9.180079
2198175468.75,-9.179683
2198175625.0,-9.178359
2198175781.25,-9.177307
2198175937.5,-9.175995
2198176093.75,-9.1748
2198176250.0,-9.173184
2198176406.25,-9.17102
2198176562.5,-9.171159
2198176718.75,-9.169668
2198176875.0,-9.16856
2198177031.25,-9.167465
2198177187.5,-9.165813
2198177343.75,-9.164574
2198177500.0,-9.163688
2198177656.25,-9.161573
2198177812.5,-9.162262
2198177968.75,-9.159293
2198178125.0,-9.158319
2198178281.25,-9.157606
2198178437.5,-9.156365
2198178593.75,-9.154753
2198178750.0,-9.154306
2198178906.25,-9.153301
2198179062.5,-9.152044
2198179218.75,-9.150277
2198179375.0,-9.149648
2198179531.25,-9.148149
2198179687.5,-9.146711
2198179843.75,-9.145846
2198180000.0,-9.145075
2198180156.25,-9.143835
2198180312.5,-9.142013
2198180468.75,-9.141729
2198180625.0,-9.140535
2198180781.25,-9.139075
2198180937.5,-9.138579
2198181093.75,-9.137375
2198181250.0,-9.136522
2198181406.25,-9.134889
2198181562.5,-9.133643
2198181718.75,-9.133283
2198181875.0,-9.131535
2198182031.25,-9.130546
2198182187.5,-9.1286
2198182343.75,-9.128808
2198182500.0,-9.128144
2198182656.25,-9.126699
2198182812.5,-9.12569
2198182968.75,-9.124742
2198183125.0,-9.123904
2198183281.25,-9.122564
2198183437.5,-9.121518
2198183593.75,-9.12058
2198183750.0,-9.119044
2198183906.25,-9.117902
2198184062.5,-9.117635
2198184218.75,-9.116242
2198184375.0,-9.115441
2198184531.25,-9.114382
2198184687.5,-9.113438
2198184843.75,-9.11226
2198185000.0,-9.111155
2198185156.25,-9.110078
2198185312.5,-9.108917
2198185468.75,-9.108123
2198185625.0,-9.107161
2198185781.25,-9.106972
2198185937.5,-9.105434
2198186093.75,-9.104011
2198186250.0,-9.1043
2198186406.25,-9.103354
2198186562.5,-9.101574
2198186718.75,-9.100364
2198186875.0,-9.100764
2198187031.25,-9.099751
2198187187.5,-9.098528
2198187343.75,-9.09731
2198187500.0,-9.096892
2198187656.25,-9.096016
2198187812.5,-9.095289
2198187968.75,-9.093795
2198188125.0,-9.093433
2198188281.25,-9.092147
2198188437.5,-9.092262
2198188593.75,-9.090331
2198188750.0,-9.090049
2198188906.25,-9.088914
2198189062.5,-9.087911
2198189218.75,-9.088449
2198189375.0,-9.086752
2198189531.25,-9.085877
2198189687.5,-9.085047
2198189843.75,-9.083799
2198190000.0,-9.083106
2198190156.25,-9.0815
2198190312.5,-9.081841
2198190468.75,-9.080809
2198190625.0,-9.080626
2198190781.25,-9.079057
2198190937.5,-9.078507
2198191093.75,-9.077818
2198191250.0,-9.077345
2198191406.25,-9.076126
2198191562.5,-9.075687
2198191718.75,-9.074999
2198191875.0,-9.073854
2198192031.25,-9.0737
2198192187.5,-9.072308
2198192343.75,-9.071518
2198192500.0,-9.071072
2198192656.25,-9.07115
2198192812.5,-9.069334
2198192968.75,-9.069063
2198193125.0,-9.068151
2198193281.25,-9.068137
2198193437.5,-9.066781
2198193593.75,-9.065748
2198193750.0,-9.065366
2198193906.25,-9.064796
2198194062.5,-9.063239
2198194218.75,-9.062405
2198194375.0,-9.062438
2198194531.25,-9.061934
2198194687.5,-9.061664
2198194843.75,-9.060888
2198195000.0,-9.060183
2198195156.25,-9.059038
2198195312.5,-9.059041
2198195468.75,-9.058453
2198195625.0,-9.05792
2198195781.25,-9.057263
2198195937.5,-9.056783
2198196093.75,-9.056151
2198196250.0,-9.055845
2198196406.25,-9.055387
2198196562.5,-9.053388
2198196718.75,-9.053681
2198196875.0,-9.053377
2198197031.25,-9.052293
2198197187.5,-9.052287
2198197343.75,-9.051441
2198197500.0,-9.051108
2198197656.25,-9.050419
2198197812.5,-9.049856
2198197968.75,-9.049238
2198198125.0,-9.048585
2198198281.25,-9.048093
2198198437.5,-9.047845
2198198593.75,-9.047153
2198198750.0,-9.046419
2198198906.25,-9.045315
2198199062.5,-9.045185
2198199218.75,-9.044845
2198199375.0,-9.044298
2198199531.25,-9.044764
2198199687.5,-9.043837
2198199843.75,-9.043244
2198200000.0,-9.042616
2198200156.25,-9.042499
2198200312.5,-9.0422
2198200468.75,-9.041286
2198200625.0,-9.040738
2198200781.25,-9.040698
2198200937.5,-9.040104
2198201093.75,-9.039862
2198201250.0,-9.038832
2198201406.25,-9.03863
2198201562.5,-9.037735
2198201718.75,-9.038416
2198201875.0,-9.037667
2198202031.25,-9.03761
2198202187.5,-9.035645
2198202343.75,-9.036109
2198202500.0,-9.036038
2198202656.25,-9.034719
2198202812.5,-9.035408
2198202968.75,-9.034228
2198203125.0,-9.034084
2198203281.25,-9.03374
2198203437.5,-9.034166
2198203593.75,-9.03324
2198203750.0,-9.032545
2198203906.25,-9.03173
2198204062.5,-9.03243
2198204218.75,-9.031786
2198204375.0,-9.031835
2198204531.25,-9.030685
2198204687.5,-9.031001
2198204843.75,-9.030254
2198205000.0,-9.030358
2198205156.25,-9.030634
2198205312.5,-9.029664
2198205468.75,-9.030036
2198205625.0,-9.028942
2198205781.25,-9.029341
2198205937.5,-9.029026
2198206093.75,-9.028262
2198206250.0,-9.028198
2198206406.25,-9.028279
2198206562.5,-9.027431
2198206718.75,-9.028569
2198206875.0,-9.026988
2198207031.25,-9.027104
2198207187.5,-9.026317
2198207343.75,-9.026361
2198207500.0,-9.026121
2198207656.25,-9.026251
2198207812.5,-9.025624
2198207968.75,-9.025481
2198208125.0,-9.025347
2198208281.25,-9.025267
2198208437.5,-9.024916
2198208593.75,-9.025167
2198208750.0,-9.024703
2198208906.25,-9.025406
2198209062.5,-9.024504
2198209218.75,-9.024388
2198209375.0,-9.023551
2198209531.25,-9.024239
2198209687.5,-9.023103
2198209843.75,-9.024586
2198210000.0,-9.024735
2198210156.25,-9.023629
2198210312.5,-9.023546
2198210468.75,-9.023004
2198210625.0,-9.022793
2198210781.25,-9.022744
2198210937.5,-9.022982
2198211093.75,-9.022943
2198211250.0,-9.022561
2198211406.25,-9.022963
2198211562.5,-9.022671
2198211718.75,-9.022834
2198211875.0,-9.022487
2198212031.25,-9.022936
2198212187.5,-9.022501
2198212343.75,-9.022369
2198212500.0,-9.022795
2198212656.25,-9.022198
2198212812.5,-9.022247
2198212968.75,-9.022273
2198213125.0,-9.023465
2198213281.25,-9.021935
2198213437.5,-9.021827
2198213593.75,-9.022147
2198213750.0,-9.02264
2198213906.25,-9.021746
2198214062.5,-9.022258
2198214218.75,-9.022366
2198214375.0,-9.022513
2198214531.25,-9.021845
2198214687.5,-9.022627
2198214843.75,-9.022058
2198215000.0,-9.022022
2198215156.25,-9.022114
2198215312.5,-9.022776
2198215468.75,-9.022515
2198215625.0,-9.022074
2198215781.25,-9.022391
2198215937.5,-9.022478
2198216093.75,-9.022275
2198216250.0,-9.022717
2198216406.25,-9.022806
2198216562.5,-9.022575
2198216718.75,-9.023492
2198216875.0,-9.023092
2198217031.25,-9.023401
2198217187.5,-9.023489
2198217343.75,-9.023652
2198217500.0,-9.023868
2198217656.25,-9.023995
2198217812.5,-9.025561
2198217968.75,-9.023706
2198218125.0,-9.0244
2198218281.25,-9.024608
2198218437.5,-9.025129
2198218593.75,-9.024176
2198218750.0,-9.025076
2198218906.25,-9.025686
2198219062.5,-9.025002
2198219218.75,-9.025541
2198219375.0,-9.02579
2198219531.25,-9.025314
2198219687.5,-9.026009
2198219843.75,-9.025982
2198220000.0,-9.026305
2198220156.25,-9.027122
2198220312.5,-9.026293
2198220468.75,-9.026757
2198220625.0,-9.027791
2198220781.25,-9.027242
2198220937.5,-9.028124
2198221093.75,-9.027682
2198221250.0,-9.028088
2198221406.25,-9.02832
2198221562.5,-9.029469
2198221718.75,-9.029267
2198221875.0,-9.029861
2198222031.25,-9.02972
2198222187.5,-9.029982
2198222343.75,-9.029798
2198222500.0,-9.030117
2198222656.25,-9.030019
2198222812.5,-9.031379
2198222968.75,-9.031362
2198223125.0,-9.032409
2198223281.25,-9.031913
2198223437.5,-9.031468
2198223593.75,-9.032653
2198223750.0,-9.032542
2198223906.25,-9.033507
2198224062.5,-9.033778
2198224218.75,-9.034641
2198224375.0,-9.034038
2198224531.25,-9.034901
2198224687.5,-9.034744
2198224843.75,-9.035597
2198225000.0,-9.035746
2198225156.25,-9.036324
2198225312.5,-9.036809
2198225468.75,-9.036622
2198225625.0,-9.037927
2198225781.25,-9.037948
2198225937.5,-9.038027
2198226093.75,-9.038678
2198226250.0,-9.039899
2198226406.25,-9.038775
2198226562.5,-9.040349
2198226718.75,-9.040771
2198226875.0,-9.040622
2198227031.25,-9.04217
2198227187.5,-9.042036
2198227343.75,-9.04242
2198227500.0,-9.043015
2198227656.25,-9.043733
2198227812.5,-9.044139
2198227968.75,-9.04445
2198228125.0,-9.04493
2198228281.25,-9.045402
2198228437.5,-9.045546
2198228593.75,-9.046116
2198228750.0,-9.046135
2198228906.25,-9.047556
2198229062.5,-9.048258
2198229218.75,-9.048339
2198229375.0,-9.048372
2198229531.25,-9.049115
2198229687.5,-9.0498
2198229843.75,-9.05046
2198230000.0,-9.050791
2198230156.25,-9.051305
2198230312.5,-9.052946
2198230468.75,-9.052351
2198230625.0,-9.053134
2198230781.25,-9.053714
2198230937.5,-9.054493
2198231093.75,-9.054715
2198231250.0,-9.055969
2198231406.25,-9.05625
2198231562.5,-9.05745
2198231718.75,-9.056931
2198231875.0,-9.058336
2198232031.25,-9.058604
2198232187.5,-9.059382
2198232343.75,-9.05973
2198232500.0,-9.060754
2198232656.25,-9.061818
2198232812.5,-9.061594
2198232968.75,-9.062087
2198233125.0,-9.063684
2198233281.25,-9.064493
2198233437.5,-9.065084
2198233593.75,-9.064688
2198233750.0,-9.066479
2198233906.25,-9.066237
2198234062.5,-9.067245
2198234218.75,-9.067885
2198234375.0,-9.068266
2198234531.25,-9.069198
2198234687.5,-9.071108
2198234843.75,-9.069813
2198235000.0,-9.07126
2198235156.25,-9.072023
2198235312.5,-9.07323
2198235468.75,-9.072592
2198235625.0,-9.074621
2198235781.25,-9.074415
2198235937.5,-9.075953
2198236093.75,-9.076711
2198236250.0,-9.076947
2198236406.25,-9.077691
2198236562.5,-9.079013
2198236718.75,-9.079761
2198236875.0,-9.080887
2198237031.25,-9.081588
2198237187.5,-9.08207
2198237343.75,-9.083224
2198237500.0,-9.083552
2198237656.25,-9.084308
2198237812.5,-9.085228
2198237968.75,-9.085826
2198238125.0,-9.086683
2198238281.25,-9.088376
2198238437.5,-9.088003
2198238593.75,-9.089337
2198238750.0,-9.089805
2198238906.25,-9.09101
2198239062.5,-9.091551
2198239218.75,-9.092091
2198239375.0,-9.093518
2198239531.25,-9.094113
2198239687.5,-9.095474
2198239843.75,-9.096019
2198240000.0,-9.096587
2198240156.25,-9.097892
2198240312.5,-9.098408
2198240468.75,-9.099349
2198240625.0,-9.100908
2198240781.25,-9.101512
2198240937.5,-9.102628
2198241093.75,-9.102796
2198241250.0,-9.104407
2198241406.25,-9.104464
2198241562.5,-9.106256
2198241718.75,-9.106703
2198241875.0,-9.107704
2198242031.25,-9.108206
2198242187.5,-9.109223
2198242343.75,-9.110809
2198242500.0,-9.111038
2198242656.25,-9.112368
2198242812.5,-9.113431
2198242968.75,-9.115026
2198243125.0,-9.115817
2198243281.25,-9.116534
2198243437.5,-9.117196
2198243593.75,-9.118757
2198243750.0,-9.119193
2198243906.25,-9.121261
2198244062.5,-9.120956
2198244218.75,-9.121976
2198244375.0,-9.123286
2198244531.25,-9.124983
2198244687.5,-9.125301
2198244843.75,-9.126798
2198245000.0,-9.128252
2198245156.25,-9.129217
2198245312.5,-9.129816
2198245468.75,-9.131108
2198245625.0,-9.13168
2198245781.25,-9.132813
2198245937.5,-9.134068
2198246093.75,-9.136132
2198246250.0,-9.136527
2198246406.25,-9.137791
2198246562.5,-9.138552
2198246718.75,-9.139874
2198246875.0,-9.140792
2198247031.25,-9.141833
2198247187.5,-9.143182
2198247343.75,-9.143808
2198247500.0,-9.144814
2198247656.25,-9.146684
2198247812.5,-9.14713
2198247968.75,-9.148458
2198248125.0,-9.149632
2198248281.25,-9.150517
2198248437.5,-9.151421
2198248593.75,-9.15299
2198248750.0,-9.154791
2198248906.25,-9.155447
2198249062.5,-9.156924
2198249218.75,-9.158239
2198249375.0,-9.158663
2198249531.25,-9.159572
2198249687.5,-9.161529
2198249843.75,-9.162264
2198250000.0,-9.164054
2198250156.25,-9.164719
2198250312.5,-9.165592
2198250468.75,-9.166794
2198250625.0,-9.167978
2198250781.25,-9.170154
2198250937.5,-9.171286
2198251093.75,-9.172276
2198251250.0,-9.173717
2198251406.25,-9.174458
2198251562.5,-9.176076
2198251718.75,-9.177503
2198251875.0,-9.17889
2198252031.25,-9.17971
2198252187.5,-9.180345
2198252343.75,-9.182295
2198252500.0,-9.183488
2198252656.25,-9.184619
2198252812.5,-9.186495
2198252968.75,-9.187129
2198253125.0,-9.18924
2198253281.25,-9.190433
2198253437.5,-9.191353
2198253593.75,-9.192341
2198253750.0,-9.194099
2198253906.25,-9.195177
2198254062.5,-9.196486
2198254218.75,-9.198094
2198254375.0,-9.199267
2198254531.25,-9.200423
2198254687.5,-9.201588
2198254843.75,-9.202934
2198255000.0,-9.205333
2198255156.25,-9.206136
2198255312.5,-9.208054
2198255468.75,-9.208608
2198255625.0,-9.21023
2198255781.25,-9.21152
2198255937.5,-9.213269
2198256093.75,-9.213869
2198256250.0,-9.215034
2198256406.25,-9.216737
2198256562.5,-9.218633
2198256718.75,-9.219219
2198256875.0,-9.220841
2198257031.25,-9.222434
2198257187.5,-9.224284
2198257343.75,-9.225959
2198257500.0,-9.22705
2198257656.25,-9.228138
2198257812.5,-9.230268
2198257968.75,-9.231437
2198258125.0,-9.232901
2198258281.25,-9.234133
2198258437.5,-9.23622
2198258593.75,-9.237611
2198258750.0,-9.238524
2198258906.25,-9.239569
2198259062.5,-9.241493
2198259218.75,-9.242066
2198259375.0,-9.243515
2198259531.25,-9.245218
2198259687.5,-9.24723
2198259843.75,-9.248969
2198260000.0,-9.249997
2198260156.25,-9.252052
2198260312.5,-9.25283
2198260468.75,-9.254206
2198260625.0,-9.256067
2198260781.25,-9.258161
2198260937.5,-9.25958
2198261093.75,-9.26074
2198261250.0,-9.262607
2198261406.25,-9.264319
2198261562.5,-9.265394
2198261718.75,-9.267935
2198261875.0,-9.268792
2198262031.25,-9.269075
2198262187.5,-9.272071
2198262343.75,-9.272995
2198262500.0,-9.274015
2198262656.25,-9.276609
2198262812.5,-9.277841
2198262968.75,-9.279386
2198263125.0,-9.281775
2198263281.25,-9.282435
2198263437.5,-9.283998
2198263593.75,-9.285876
2198263750.0,-9.287651
2198263906.25,-9.289864
2198264062.5,-9.291816
2198264218.75,-9.29208
2198264375.0,-9.293773
2198264531.25,-9.295566
2198264687.5,-9.297104
2198264843.75,-9.298179
2198265000.0,-9.301261
2198265156.25,-9.302271
2198265312.5,-9.303454
2198265468.75,-9.305723
2198265625.0,-9.306715
2198265781.25,-9.309291
2198265937.5,-9.310219
2198266093.75,-9.312449
2198266250.0,-9.313978
2198266406.25,-9.315692
2198266562.5,-9.318074
2198266718.75,-9.318961
2198266875.0,-9.320445
2198267031.25,-9.321628
2198267187.5,-9.323887
2198267343.75,-9.32551
2198267500.0,-9.327079
2198267656.25,-9.328388
2198267812.5,-9.331588
2198267968.75,-9.33231
2198268125.0,-9.334695
2198268281.25,-9.336819
2198268437.5,-9.337974
2198268593.75,-9.339437
2198268750.0,-9.340841
2198268906.25,-9.34252
2198269062.5,-9.344895
2198269218.75,-9.346131
2198269375.0,-9.34855
2198269531.25,-9.349821
2198269687.5,-9.351849
2198269843.75,-9.353419
2198270000.0,-9.355949
2198270156.25,-9.357341
2198270312.5,-9.358874
2198270468.75,-9.360152
2198270625.0,-9.362073
2198270781.25,-9.36393
2198270937.5,-9.366063
2198271093.75,-9.367974
2198271250.0,-9.370245
2198271406.25,-9.371488
2198271562.5,-9.373367
2198271718.75,-9.374725
2198271875.0,-9.376958
2198272031.25,-9.378656
2198272187.5,-9.380587
2198272343.75,-9.382913
2198272500.0,-9.384035
2198272656.25,-9.386193
2198272812.5,-9.388021
2198272968.75,-9.390273
2198273125.0,-9.392064
2198273281.25,-9.394069
2198273437.5,-9.396075
2198273593.75,-9.397575
2198273750.0,-9.400094
2198273906.25,-9.401319
2198274062.5,-9.402776
2198274218.75,-9.404772
2198274375.0,-9.40653
2198274531.25,-9.407936
2198274687.5,-9.410224
2198274843.75,-9.412751
2198275000.0,-9.414433
2198275156.25,-9.41634
2198275312.5,-9.418592
2198275468.75,-9.42052
2198275625.0,-9.421713
2198275781.25,-9.424387
2198275937.5,-9.426966
2198276093.75,-9.427915
2198276250.0,-9.429962
2198276406.25,-9.432164
2198276562.5,-9.434074
2198276718.75,-9.436644
2198276875.0,-9.437621
2198277031.25,-9.440242
2198277187.5,-9.441588
2198277343.75,-9.443347
2198277500.0,-9.445391
2198277656.25,-9.446783
2198277812.5,-9.449996
2198277968.75,-9.451656
2198278125.0,-9.453147
2198278281.25,-9.454713
2198278437.5,-9.457433
2198278593.75,-9.45939
2198278750.0,-9.461248
2198278906.25,-9.464025
2198279062.5,-9.465213
2198279218.75,-9.467444
2198279375.0,-9.469687
2198279531.25,-9.471521
2198279687.5,-9.473716
2198279843.75,-9.475309
2198280000.0,-9.477591
2198280156.25,-9.479954
2198280312.5,-9.48144
2198280468.75,-9.4838
2198280625.0,-9.486135
2198280781.25,-9.487662
2198280937.5,-9.489792
2198281093.75,-9.491878
2198281250.0,-9.494571
2198281406.25,-9.495941
2198281562.5,-9.498507
2198281718.75,-9.500914
2198281875.0,-9.50316
2198282031.25,-9.504465
2198282187.5,-9.506046
2198282343.75,-9.508537
2198282500.0,-9.510478
2198282656.25,-9.512649
2198282812.5,-9.515468
2198282968.75,-9.518106
2198283125.0,-9.51892
2198283281.25,-9.52106
2198283437.5,-9.523563
2198283593.75,-9.525345
2198283750.0,-9.526877
2198283906.25,-9.529445
2198284062.5,-9.532386
2198284218.75,-9.533628
2198284375.0,-9.536469
2198284531.25,-9.537103
2198284687.5,-9.54043
2198284843.75,-9.5425
2198285000.0,-9.544779
2198285156.25,-9.54721
2198285312.5,-9.549387
2198285468.75,-9.552221
2198285625.0,-9.55355
2198285781.25,-9.556358
2198285937.5,-9.558022
2198286093.75,-9.5602
2198286250.0,-9.562304
2198286406.25,-9.564885
2198286562.5,-9.567025
2198286718.75,-9.56872
2198286875.0,-9.571346
2198287031.25,-9.573066
2198287187.5,-9.575228
2198287343.75,-9.577401
2198287500.0,-9.579702
2198287656.25,-9.58193
2198287812.5,-9.583972
2198287968.75,-9.5867
2198288125.0,-9.58846
2198288281.25,-9.591166
2198288437.5,-9.593282
2198288593.75,-9.595397
2198288750.0,-9.597992
2198288906.25,-9.600146
2198289062.5,-9.601933
2198289218.75,-9.603757
2198289375.0,-9.60716
2198289531.25,-9.608527
2198289687.5,-9.611151
2198289843.75,-9.613021
2198290000.0,-9.616122
2198290156.25,-9.617984
2198290312.5,-9.620583
2198290468.75,-9.623222
2198290625.0,-9.624775
2198290781.25,-9.627377
2198290937.5,-9.629447
2198291093.75,-9.63135
2198291250.0,-9.633579
2198291406.25,-9.636197
2198291562.5,-9.638383
2198291718.75,-9.640933
2198291875.0,-9.643424
2198292031.25,-9.645829
2198292187.5,-9.647431
2198292343.75,-9.64927
2198292500.0,-9.652056
2198292656.25,-9.654902
2198292812.5,-9.656939
2198292968.75,-9.659188
2198293125.0,-9.661479
2198293281.25,-9.66463
2198293437.5,-9.666429
2198293593.75,-9.668173
2198293750.0,-9.672544
2198293906.25,-9.673656
2198294062.5,-9.676303
2198294218.75,-9.678403
2198294375.0,-9.680799
2198294531.25,-9.682581
2198294687.5,-9.686001
2198294843.75,-9.687909
2198295000.0,-9.690407
2198295156.25,-9.692799
2198295312.5,-9.695663
2198295468.75,-9.698394
2198295625.0,-9.699491
2198295781.25,-9.701995
2198295937.5,-9.704429
2198296093.75,-9.707016
2198296250.0,-9.70903
2198296406.25,-9.711988
2198296562.5,-9.714515
2198296718.75,-9.716435
2198296875.0,-9.719464
2198297031.25,-9.721557
2198297187.5,-9.723805
2198297343.75,-9.726186
2198297500.0,-9.728992
2198297656.25,-9.731637
2198297812.5,-9.733024
2198297968.75,-9.735553
2198298125.0,-9.738566
2198298281.25,-9.740767
2198298437.5,-9.742424
2198298593.75,-9.74562
2198298750.0,-9.747994
2198298906.25,-9.750903
2198299062.5,-9.753675
2198299218.75,-9.755854
2198299375.0,-9.758287
2198299531.25,-9.760783
2198299687.5,-9.762817
2198299843.75,-9.765188
2198300000.0,-9.767834
2198300156.25,-9.770881
2198300312.5,-9.773331
2198300468.75,-9.775558
2198300625.0,-9.777837
2198300781.25,-9.780463
2198300937.5,-9.783489
2198301093.75,-9.785645
2198301250.0,-9.788559
2198301406.25,-9.791656
2198301562.5,-9.793685
2198301718.75,-9.795883
2198301875.0,-9.797637
2198302031.25,-9.799467
2198302187.5,-9.803037
2198302343.75,-9.804988
2198302500.0,-9.80837
2198302656.25,-9.811158
2198302812.5,-9.813586
2198302968.75,-9.815416
2198303125.0,-9.818797
2198303281.25,-9.821148
2198303437.5,-9.823518
2198303593.75,-9.82566
2198303750.0,-9.828109
2198303906.25,-9.8309
2198304062.5,-9.833634
2198304218.75,-9.835742
2198304375.0,-9.83895
2198304531.25,-9.841131
2198304687.5,-9.843004
2198304843.75,-9.847173
2198305000.0,-9.849178
2198305156.25,-9.851496
2198305312.5,-9.85394
2198305468.75,-9.856948
2198305625.0,-9.859338
2198305781.25,-9.862578
2198305937.5,-9.864418
2198306093.75,-9.868102
2198306250.0,-9.870406
2198306406.25,-9.872055
2198306562.5,-9.875188
2198306718.75,-9.877677
2198306875.0,-9.880684
2198307031.25,-9.883544
2198307187.5,-9.884955
2198307343.75,-9.887601
2198307500.0,-9.891126
2198307656.25,-9.893747
2198307812.5,-9.895799
2198307968.75,-9.898203
2198308125.0,-9.901879
2198308281.25,-9.904496
2198308437.5,-9.907621
2198308593.75,-9.908954
2198308750.0,-9.911571
2198308906.25,-9.914389
2198309062.5,-9.917065
2198309218.75,-9.919358
2198309375.0,-9.922068
2198309531.25,-9.925511
2198309687.5,-9.928185
2198309843.75,-9.930991
2198310000.0,-9.934094
2198310156.25,-9.936452
2198310312.5,-9.938427
2198310468.75,-9.940491
2198310625.0,-9.944863
2198310781.25,-9.946437
2198310937.5,-9.949741
2198311093.75,-9.952112
2198311250.0,-9.954411
2198311406.25,-9.957961
2198311562.5,-9.960334
2198311718.75,-9.962628
2198311875.0,-9.965659
2198312031.25,-9.967934
2198312187.5,-9.970008
2198312343.75,-9.97366
2198312500.0,-9.976747
2198312656.25,-9.979271
2198312812.5,-9.981873
2198312968.75,-9.984982
2198313125.0,-9.987099
2198313281.25,-9.990099
2198313437.5,-9.992771
2198313593.75,-9.996288
2198313750.0,-9.997919
2198313906.25,-10.00105
2198314062.5,-10.0035
2198314218.75,-10.00597
2198314375.0,-10.00875
2198314531.25,-10.01262
2198314687.5,-10.01548
2198314843.75,-10.01679
2198315000.0,-10.02052
2198315156.25,-10.02265
2198315312.5,-10.02497
2198315468.75,-10.02819
2198315625.0,-10.03043
2198315781.25,-10.03421
2198315937.5,-10.03663
2198316093.75,-10.03902
2198316250.0,-10.04222
2198316406.25,-10.04445
2198316562.5,-10.04829
2198316718.75,-10.05054
2198316875.0,-10.05352
2198317031.25,-10.05506
2198317187.5,-10.05854
2198317343.75,-10.06155
2198317500.0,-10.06451
2198317656.25,-10.06639
2198317812.5,-10.0689
2198317968.75,-10.07224
2198318125.0,-10.07515
2198318281.25,-10.07783
2198318437.5,-10.08101
2198318593.75,-10.08375
2198318750.0,-10.08683
2198318906.25,-10.09008
2198319062.5,-10.09219
2198319218.75,-10.09486
2198319375.0,-10.09796
2198319531.25,-10.10152
2198319687.5,-10.10303
2198319843.75,-10.10628
2198320000.0,-10.10947
2198320156.25,-10.11211
2198320312.5,-10.1155
2198320468.75,-10.11803
2198320625.0,-10.121
2198320781.25,-10.12324
2198320937.5,-10.1264
2198321093.75,-10.12873
2198321250.0,-10.13159
2198321406.25,-10.13389
2198321562.5,-10.13802
2198321718.75,-10.14057
2198321875.0,-10.14328
2198322031.25,-10.14649
2198322187.5,-10.14929
2198322343.75,-10.15129
2198322500.0,-10.15495
2198322656.25,-10.15739
2198322812.5,-10.1614
2198322968.75,-10.16293
2198323125.0,-10.16672
2198323281.25,-10.16947
2198323437.5,-10.1725
2198323593.75,-10.17542
2198323750.0,-10.17767
2198323906.25,-10.18112
2198324062.5,-10.18394
2198324218.75,-10.18629
2198324375.0,-10.19005
2198324531.25,-10.19214
2198324687.5,-10.19473
2198324843.75,-10.19918
2198325000.0,-10.2016
2198325156.25,-10.2029
2198325312.5,-10.20666
2198325468.75,-10.20954
2198325625.0,-10.21314
2198325781.25,-10.21546
2198325937.5,-10.21818
2198326093.75,-10.2217
2198326250.0,-10.22439
2198326406.25,-10.22679
2198326562.5,-10.22996
2198326718.75,-10.23304
2198326875.0,-10.23594
2198327031.25,-10.23995
2198327187.5,-10.24205
2198327343.75,-10.24481
2198327500.0,-10.24717
2198327656.25,-10.24998
2198327812.5,-10.25401
2198327968.75,-10.25629
2198328125.0,-10.25891
2198328281.25,-10.26151
2198328437.5,-10.26519
2198328593.75,-10.26838
2198328750.0,-10.27127
2198328906.25,-10.27361
2198329062.5,-10.27678
2198329218.75,-10.28019
2198329375.0,-10.28281
2198329531.25,-10.28671
2198329687.5,-10.28942
2198329843.75,-10.29245
2198330000.0,-10.29491
2198330156.25,-10.2979
2198330312.5,-10.30109
2198330468.75,-10.30421
2198330625.0,-10.30747
2198330781.25,-10.31036
2198330937.5,-10.31277
2198331093.75,-10.31557
2198331250.0,-10.31892
2198331406.25,-10.32235
2198331562.5,-10.32428
2198331718.75,-10.3271
2198331875.0,-10.33045
2198332031.25,-10.33361
2198332187.5,-10.33623
2198332343.75,-10.33974
2198332500.0,-10.34199
2198332656.25,-10.34595
2198332812.5,-10.35004
2198332968.75,-10.35162
2198333125.0,-10.35438
2198333281.25,-10.35875
2198333437.5,-10.36117
2198333593.75,-10.36308
2198333750.0,-10.36614
2198333906.25,-10.36928
2198334062.5,-10.37235
2198334218.75,-10.3756
2198334375.0,-10.37795
2198334531.25,-10.38111
2198334687.5,-10.38479
2198334843.75,-10.38722
2198335000.0,-10.39083
2198335156.25,-10.39361
2198335312.5,-10.3963
2198335468.75,-10.40018
2198335625.0,-10.40305
2198335781.25,-10.40534
2198335937.5,-10.40956
2198336093.75,-10.41187
2198336250.0,-10.4159
2198336406.25,-10.41718
2198336562.5,-10.42055
2198336718.75,-10.42399
2198336875.0,-10.42713
2198337031.25,-10.43021
2198337187.5,-10.43344
2198337343.75,-10.43599
2198337500.0,-10.43855
2198337656.25,-10.44211
2198337812.5,-10.4459
2198337968.75,-10.44842
2198338125.0,-10.45242
2198338281.25,-10.45435
2198338437.5,-10.45811
2198338593.75,-10.45993
2198338750.0,-10.46396
2198338906.25,-10.46729
2198339062.5,-10.47059
2198339218.75,-10.47237
2198339375.0,-10.47612
2198339531.25,-10.47941
2198339687.5,-10.48187
2198339843.75,-10.48571
2198340000.0,-10.48846
2198340156.25,-10.49144
2198340312.5,-10.49401
2198340468.75,-10.49763
2198340625.0,-10.50084
2198340781.25,-10.50408
2198340937.5,-10.50696
2198341093.75,-10.50958
2198341250.0,-10.51305
2198341406.25,-10.51631
2198341562.5,-10.51893
2198341718.75,-10.52315
2198341875.0,-10.52607
2198342031.25,-10.52836
2198342187.5,-10.53072
2198342343.75,-10.53468
2198342500.0,-10.53895
2198342656.25,-10.54056
2198342812.5,-10.54328
2198342968.75,-10.5473
2198343125.0,-10.54992
2198343281.25,-10.55288
2198343437.5,-10.55594
2198343593.75,-10.5592
2198343750.0,-10.56197
2198343906.25,-10.56571
2198344062.5,-10.56898
2198344218.75,-10.57203
2198344375.0,-10.57526
2198344531.25,-10.5785
2198344687.5,-10.58092
2198344843.75,-10.58468
2198345000.0,-10.58784
2198345156.25,-10.59082
2198345312.5,-10.594
2198345468.75,-10.596
2198345625.0,-10.60044
2198345781.25,-10.60374
2198345937.5,-10.60625
2198346093.75,-10.61082
2198346250.0,-10.61274
2198346406.25,-10.61536
2198346562.5,-10.6188
2198346718.75,-10.62184
2198346875.0,-10.62577
2198347031.25,-10.62832
2198347187.5,-10.63169
2198347343.75,-10.63414
2198347500.0,-10.63796
2198347656.25,-10.64149
2198347812.5,-10.64525
2198347968.75,-10.6474
2198348125.0,-10.651
2198348281.25,-10.65331
2198348437.5,-10.65672
2198348593.75,-10.66068
2198348750.0,-10.66383
2198348906.25,-10.66686
2198349062.5,-10.67023
2198349218.75,-10.67304
2198349375.0,-10.67546
2198349531.25,-10.67875
2198349687.5,-10.68253
2198349843.75,-10.68628
2198350000.0,-10.68843
2198350156.25,-10.69186
2198350312.5,-10.69538
2198350468.75,-10.69866
2198350625.0,-10.70179
2198350781.25,-10.70443
2198350937.5,-10.70877
2198351093.75,-10.71122
2198351250.0,-10.71398
2198351406.25,-10.71781
2198351562.5,-10.72019
2198351718.75,-10.72378
2198351875.0,-10.72775
2198352031.25,-10.73062
2198352187.5,-10.73301
2198352343.75,-10.73564
2198352500.0,-10.73962
2198352656.25,-10.74265
2198352812.5,-10.74668
2198352968.75,-10.74888
2198353125.0,-10.7521
2198353281.25,-10.75567
2198353437.5,-10.75863
2198353593.75,-10.76217
2198353750.0,-10.76573
2198353906.25,-10.76924
2198354062.5,-10.77196
2198354218.75,-10.7744
2198354375.0,-10.77826
2198354531.25,-10.78075
2198354687.5,-10.78461
2198354843.75,-10.78761
2198355000.0,-10.79094
2198355156.25,-10.79419
2198355312.5,-10.79733
2198355468.75,-10.80152
2198355625.0,-10.80424
2198355781.25,-10.80724
2198355937.5,-10.81025
2198356093.75,-10.81355
2198356250.0,-10.81722
2198356406.25,-10.82005
2198356562.5,-10.82254
2198356718.75,-10.82658
2198356875.0,-10.82963
2198357031.25,-10.83262
2198357187.5,-10.83648
2198357343.75,-10.83987
2198357500.0,-10.84354
2198357656.25,-10.8466
2198357812.5,-10.84938
2198357968.75,-10.85246
2198358125.0,-10.85548
2198358281.25,-10.85836
2198358437.5,-10.86221
2198358593.75,-10.86506
2198358750.0,-10.86938
2198358906.25,-10.87202
2198359062.5,-10.8749
2198359218.75,-10.87827
2198359375.0,-10.88098
2198359531.25,-10.8845
2198359687.5,-10.88808
2198359843.75,-10.89127
2198360000.0,-10.8945
2198360156.25,-10.89767
2198360312.5,-10.90073
2198360468.75,-10.90383
2198360625.0,-10.90721
2198360781.25,-10.91012
2198360937.5,-10.91397
2198361093.75,-10.91745
2198361250.0,-10.9197
2198361406.25,-10.9242
2198361562.5,-10.92702
2198361718.75,-10.93013
2198361875.0,-10.93321
2198362031.25,-10.93682
2198362187.5,-10.94022
2198362343.75,-10.94248
2198362500.0,-10.94699
2198362656.25,-10.94959
2198362812.5,-10.9528
2198362968.75,-10.95608
2198363125.0,-10.95884
2198363281.25,-10.96253
2198363437.5,-10.96655
2198363593.75,-10.96922
2198363750.0,-10.97349
2198363906.25,-10.97581
2198364062.5,-10.97903
2198364218.75,-10.98265
2198364375.0,-10.98671
2198364531.25,-10.99002
2198364687.5,-10.99222
2198364843.75,-10.996
2198365000.0,-10.9986
2198365156.25,-11.00174
2198365312.5,-11.00573
2198365468.75,-11.00879
2198365625.0,-11.01242
2198365781.25,-11.01538
2198365937.5,-11.01868
2198366093.75,-11.02142
2198366250.0,-11.02551
2198366406.25,-11.02875
2198366562.5,-11.03166
2198366718.75,-11.03477
2198366875.0,-11.03833
2198367031.25,-11.04154
2198367187.5,-11.04511
2198367343.75,-11.04923
2198367500.0,-11.05211
2198367656.25,-11.05551
2198367812.5,-11.05906
2198367968.75,-11.06197
2198368125.0,-11.06476
2198368281.25,-11.06836
2198368437.5,-11.07142
2198368593.75,-11.07431
2198368750.0,-11.07847
2198368906.25,-11.08106
2198369062.5,-11.08485
2198369218.75,-11.0884
2198369375.0,-11.09077
2198369531.25,-11.09456
2198369687.5,-11.09791
2198369843.75,-11.10062
2198370000.0,-11.10469
2198370156.25,-11.10875
2198370312.5,-11.11188
2198370468.75,-11.11441
2198370625.0,-11.1182
2198370781.25,-11.12093
2198370937.5,-11.12433
2198371093.75,-11.12671
2198371250.0,-11.13062
2198371406.25,-11.13481
2198371562.5,-11.13791
2198371718.75,-11.14087
2198371875.0,-11.1441
2198372031.25,-11.1476
2198372187.5,-11.15062
2198372343.75,-11.15477
2198372500.0,-11.15818
2198372656.25,-11.1619
2198372812.5,-11.16486
2198372968.75,-11.16848
2198373125.0,-11.17182
2198373281.25,-11.17513
2198373437.5,-11.17719
2198373593.75,-11.18109
2198373750.0,-11.1839
2198373906.25,-11.18745
2198374062.5,-11.19154
2198374218.75,-11.19398
2198374375.0,-11.19741
2198374531.25,-11.20093
2198374687.5,-11.2041
2198374843.75,-11.20706
2198375000.0,-11.21014
2198375156.25,-11.21535
2198375312.5,-11.21748
2198375468.75,-11.22137
2198375625.0,-11.22386
2198375781.25,-11.22754
2198375937.5,-11.23102
2198376093.75,-11.23457
2198376250.0,-11.23715
2198376406.25,-11.24076
2198376562.5,-11.24474
2198376718.75,-11.2484
2198376875.0,-11.25131
2198377031.25,-11.25461
2198377187.5,-11.25706
2198377343.75,-11.26084
2198377500.0,-11.26467
2198377656.25,-11.26751
2198377812.5,-11.27075
2198377968.75,-11.27353
2198378125.0,-11.27843
2198378281.25,-11.28142
2198378437.5,-11.28445
2198378593.75,-11.28842
2198378750.0,-11.29135
2198378906.25,-11.29425
2198379062.5,-11.29777
2198379218.75,-11.30113
2198379375.0,-11.30388
2198379531.25,-11.30916
2198379687.5,-11.31121
2198379843.75,-11.31419
2198380000.0,-11.31707
2198380156.25,-11.3197
2198380312.5,-11.32383
2198380468.75,-11.32795
2198380625.0,-11.33047
2198380781.25,-11.33473
2198380937.5,-11.33809
2198381093.75,-11.34097
2198381250.0,-11.34526
2198381406.25,-11.34743
2198381562.5,-11.35152
2198381718.75,-11.35466
2198381875.0,-11.3589
2198382031.25,-11.36223
2198382187.5,-11.36559
2198382343.75,-11.36892
2198382500.0,-11.37201
2198382656.25,-11.3759
2198382812.5,-11.3791
2198382968.75,-11.38163
2198383125.0,-11.38511
2198383281.25,-11.3882
2198383437.5,-11.39256
2198383593.75,-11.39567
2198383750.0,-11.39857
2198383906.25,-11.40186
2198384062.5,-11.40525
2198384218.75,-11.40836
2198384375.0,-11.41153
2198384531.25,-11.41597
2198384687.5,-11.4196
2198384843.75,-11.42216
2198385000.0,-11.4255
2198385156.25,-11.4289
2198385312.5,-11.43241
2198385468.75,-11.43603
2198385625.0,-11.43858
2198385781.25,-11.44256
2198385937.5,-11.44567
2198386093.75,-11.44931
2198386250.0,-11.45252
2198386406.25,-11.45653
2198386562.5,-11.45989
2198386718.75,-11.46354
2198386875.0,-11.4666
2198387031.25,-11.4689
2198387187.5,-11.47296
2198387343.75,-11.47676
2198387500.0,-11.47935
2198387656.25,-11.48362
2198387812.5,-11.48599
2198387968.75,-11.49004
2198388125.0,-11.49285
2198388281.25,-11.49622
2198388437.5,-11.4997
2198388593.75,-11.50362
2198388750.0,-11.50677
2198388906.25,-11.50926
2198389062.5,-11.51368
2198389218.75,-11.51674
2198389375.0,-11.52059
2198389531.25,-11.52303
2198389687.5,-11.5273
2198389843.75,-11.5295
2198390000.0,-11.53384
2198390156.25,-11.53729
2198390312.5,-11.54039
2198390468.75,-11.5438
2198390625.0,-11.54656
2198390781.25,-11.55132
2198390937.5,-11.55414
2198391093.75,-11.55768
2198391250.0,-11.56082
2198391406.25,-11.56448
2198391562.5,-11.56715
2198391718.75,-11.57117
2198391875.0,-11.57501
2198392031.25,-11.57749
2198392187.5,-11.58173
2198392343.75,-11.58422
2198392500.0,-11.58768
2198392656.25,-11.59116
2198392812.5,-11.5947
2198392968.75,-11.59781
2198393125.0,-11.603
2198393281.25,-11.60511
2198393437.5,-11.60734
2198393593.75,-11.61149
2198393750.0,-11.61484
2198393906.25,-11.61854
2198394062.5,-11.62193
2198394218.75,-11.6255
2198394375.0,-11.62885
2198394531.25,-11.63225
2198394687.5,-11.63585
2198394843.75,-11.63867
2198395000.0,-11.6422
2198395156.25,-11.64578
2198395312.5,-11.6494
2198395468.75,-11.65304
2198395625.0,-11.65558
2198395781.25,-11.65948
2198395937.5,-11.66214
2198396093.75,-11.66618
2198396250.0,-11.6688
2198396406.25,-11.67252
2198396562.5,-11.67623
2198396718.75,-11.67854
2198396875.0,-11.68204
2198397031.25,-11.68685
2198397187.5,-11.69007
2198397343.75,-11.69338
2198397500.0,-11.69692
2198397656.25,-11.70092
2198397812.5,-11.70365
2198397968.75,-11.7065
2198398125.0,-11.71021
2198398281.25,-11.71332
2198398437.5,-11.71654
2198398593.75,-11.7198
2198398750.0,-11.72336
2198398906.25,-11.72795
2198399062.5,-11.73071
2198399218.75,-11.73287
2198399375.0,-11.73743
2198399531.25,-11.74125
2198399687.5,-11.74372
2198399843.75,-11.7471
2198400000.0,-11.75071
2198400156.25,-11.75452
2198400312.5,-11.75702
2198400468.75,-11.76174
2198400625.0,-11.76471
2198400781.25,-11.76767
2198400937.5,-11.7712
2198401093.75,-11.77449
2198401250.0,-11.77742
2198401406.25,-11.78142
2198401562.5,-11.78472
2198401718.75,-11.7882
2198401875.0,-11.79074
2198402031.25,-11.79511
2198402187.5,-11.79844
2198402343.75,-11.80124
2198402500.0,-11.80521
2198402656.25,-11.80802
2198402812.5,-11.81274
2198402968.75,-11.81591
2198403125.0,-11.81852
2198403281.25,-11.82281
2198403437.5,-11.8254
2198403593.75,-11.82923
2198403750.0,-11.83291
2198403906.25,-11.83608
2198404062.5,-11.83917
2198404218.75,-11.84221
2198404375.0,-11.84696
2198404531.25,-11.85004
2198404687.5,-11.85416
2198404843.75,-11.85697
2198405000.0,-11.85988
2198405156.25,-11.8638
2198405312.5,-11.86657
2198405468.75,-11.87071
2198405625.0,-11.87258
2198405781.25,-11.87681
2198405937.5,-11.88066
2198406093.75,-11.88328
2198406250.0,-11.88653
2198406406.25,-11.891
2198406562.5,-11.89408
2198406718.75,-11.89675
2198406875.0,-11.90038
2198407031.25,-11.90407
2198407187.5,-11.90761
2198407343.75,-11.91085
2198407500.0,-11.91491
2198407656.25,-11.91756
2198407812.5,-11.92119
2198407968.75,-11.92426
2198408125.0,-11.9275
2198408281.25,-11.93035
2198408437.5,-11.93523
2198408593.75,-11.9387
2198408750.0,-11.94142
2198408906.25,-11.94488
2198409062.5,-11.94759
2198409218.75,-11.95106
2198409375.0,-11.95594
2198409531.25,-11.95808
2198409687.5,-11.96152
2198409843.75,-11.96596
2198410000.0,-11.96934
2198410156.25,-11.9714
2198410312.5,-11.97626
2198410468.75,-11.9791
2198410625.0,-11.98164
2198410781.25,-11.9854
2198410937.5,-11.98884
2198411093.75,-11.99248
2198411250.0,-11.99625
2198411406.25,-11.9993
2198411562.5,-12.00346
2198411718.75,-12.0065
2198411875.0,-12.01027
2198412031.25,-12.01352
2198412187.5,-12.01608
2198412343.75,-12.0205
2198412500.0,-12.02316
2198412656.25,-12.0263
2198412812.5,-12.02999
2198412968.75,-12.03344
2198413125.0,-12.03738
2198413281.25,-12.04057
2198413437.5,-12.04401
2198413593.75,-12.04722
2198413750.0,-12.05048
2198413906.25,-12.05369
2198414062.5,-12.05763
2198414218.75,-12.06111
2198414375.0,-12.06438
2198414531.25,-12.06827
2198414687.5,-12.07198
2198414843.75,-12.07434
2198415000.0,-12.07808
2198415156.25,-12.08088
2198415312.5,-12.08483
2198415468.75,-12.08737
2198415625.0,-12.09137
2198415781.25,-12.09501
2198415937.5,-12.09876
2198416093.75,-12.10105
2198416250.0,-12.10537
2198416406.25,-12.10829
2198416562.5,-12.11221
2198416718.75,-12.11489
2198416875.0,-12.11997
2198417031.25,-12.12193
2198417187.5,-12.12562
2198417343.75,-12.12923
2198417500.0,-12.13288
2198417656.25,-12.13636
2198417812.5,-12.14002
2198417968.75,-12.14268
2198418125.0,-12.1465
2198418281.25,-12.15024
2198418437.5,-12.15347
2198418593.75,-12.15716
2198418750.0,-12.15986
2198418906.25,-12.16344
2198419062.5,-12.16644
2198419218.75,-12.1701
2198419375.0,-12.17236
2198419531.25,-12.17811
2198419687.5,-12.179
2198419843.75,-12.18371
2198420000.0,-12.1873
2198420156.25,-12.19085
2198420312.5,-12.19396
2198420468.75,-12.19701
2198420625.0,-12.20037
2198420781.25,-12.20347
2198420937.5,-12.20905
2198421093.75,-12.21162
2198421250.0,-12.21478
2198421406.25,-12.21784
2198421562.5,-12.22056
2198421718.75,-12.22412
2198421875.0,-12.22857
2198422031.25,-12.2304
2198422187.5,-12.2339
2198422343.75,-12.23759
2198422500.0,-12.24223
2198422656.25,-12.24532
2198422812.5,-12.24834
2198422968.75,-12.25082
2198423125.0,-12.25489
2198423281.25,-12.2583
2198423437.5,-12.2619
2198423593.75,-12.26539
2198423750.0,-12.26791
2198423906.25,-12.27124
2198424062.5,-12.27647
2198424218.75,-12.27933
2198424375.0,-12.28242
2198424531.25,-12.28576
2198424687.5,-12.28932
2198424843.75,-12.29347
2198425000.0,-12.29527
2198425156.25,-12.29994
2198425312.5,-12.30292
2198425468.75,-12.30629
2198425625.0,-12.30921
2198425781.25,-12.31344
2198425937.5,-12.317
2198426093.75,-12.31965
2198426250.0,-12.3244
2198426406.25,-12.32726
2198426562.5,-12.33057
2198426718.75,-12.33245
2198426875.0,-12.33598
2198427031.25,-12.34106
2198427187.5,-12.34415
2198427343.75,-12.34741
2198427500.0,-12.35092
2198427656.25,-12.35402
2198427812.5,-12.35741
2198427968.75,-12.36023
2198428125.0,-12.36336
2198428281.25,-12.3677
2198428437.5,-12.37045
2198428593.75,-12.37372
2198428750.0,-12.37736
2198428906.25,-12.38134
2198429062.5,-12.3846
2198429218.75,-12.38907
2198429375.0,-12.39128
2198429531.25,-12.39515
2198429687.5,-12.39771
2198429843.75,-12.40122
2198430000.0,-12.40514
2198430156.25,-12.40911
2198430312.5,-12.41179
2198430468.75,-12.4151
2198430625.0,-12.41943
2198430781.25,-12.4221
2198430937.5,-12.42553
2198431093.75,-12.42867
2198431250.0,-12.43225
2198431406.25,-12.43507
2198431562.5,-12.439
2198431718.75,-12.44269
2198431875.0,-12.44606
2198432031.25,-12.44813
2198432187.5,-12.45242
2198432343.75,-12.45576
2198432500.0,-12.45945
2198432656.25,-12.46377
2198432812.5,-12.46561
2198432968.75,-12.47012
2198433125.0,-12.47177
2198433281.25,-12.47615
2198433437.5,-12.47987
2198433593.75,-12.48309
2198433750.0,-12.48693
2198433906.25,-12.48954
2198434062.5,-12.4932
2198434218.75,-12.49723
2198434375.0,-12.50041
2198434531.25,-12.50413
2198434687.5,-12.5071
2198434843.75,-12.50976
2198435000.0,-12.51343
2198435156.25,-12.51725
2198435312.5,-12.52063
2198435468.75,-12.52464
2198435625.0,-12.52776
2198435781.25,-12.53064
2198435937.5,-12.53348
2198436093.75,-12.5372
2198436250.0,-12.54082
2198436406.25,-12.54354
2198436562.5,-12.54883
2198436718.75,-12.55144
2198436875.0,-12.55431
2198437031.25,-12.55777
2198437187.5,-12.56115
2198437343.75,-12.56511
2198437500.0,-12.56809
2198437656.25,-12.57158
2198437812.5,-12.57442
2198437968.75,-12.5778
2198438125.0,-12.58255
2198438281.25,-12.58476
2198438437.5,-12.58728
2198438593.75,-12.59254
2198438750.0,-12.5948
2198438906.25,-12.59844
2198439062.5,-12.60193
2198439218.75,-12.60522
2198439375.0,-12.60882
2198439531.25,-12.61249
2198439687.5,-12.61572
2198439843.75,-12.61855
2198440000.0,-12.62219
2198440156.25,-12.6263
2198440312.5,-12.62896
2198440468.75,-12.63261
2198440625.0,-12.6356
2198440781.25,-12.63889
2198440937.5,-12.64315
2198441093.75,-12.64501
2198441250.0,-12.64918
2198441406.25,-12.65234
2198441562.5,-12.65615
2198441718.75,-12.65883
2198441875.0,-12.66289
2198442031.25,-12.66569
2198442187.5,-12.67004
2198442343.75,-12.67336
2198442500.0,-12.67653
2198442656.25,-12.67924
2198442812.5,-12.68403
2198442968.75,-12.68563
2198443125.0,-12.6903
2198443281.25,-12.69432
2198443437.5,-12.69665
2198443593.75,-12.70039
2198443750.0,-12.70329
2198443906.25,-12.70628
2198444062.5,-12.71016
2198444218.75,-12.71403
2198444375.0,-12.71676
2198444531.25,-12.72107
2198444687.5,-12.72375
2198444843.75,-12.7273
2198445000.0,-12.73093
2198445156.25,-12.73329
2198445312.5,-12.73706
2198445468.75,-12.74039
2198445625.0,-12.74304
2198445781.25,-12.74769
2198445937.5,-12.75008
2198446093.75,-12.75331
2198446250.0,-12.75637
2198446406.25,-12.76064
2198446562.5,-12.76342
2198446718.75,-12.76818
2198446875.0,-12.77029
2198447031.25,-12.7736
2198447187.5,-12.77758
2198447343.75,-12.78097
2198447500.0,-12.78432
2198447656.25,-12.7877
2198447812.5,-12.79201
2198447968.75,-12.7946
2198448125.0,-12.79774
2198448281.25,-12.80111
2198448437.5,-12.80493
2198448593.75,-12.80807
2198448750.0,-12.81061
2198448906.25,-12.81496
2198449062.5,-12.81769
2198449218.75,-12.82141
2198449375.0,-12.82531
2198449531.25,-12.82864
2198449687.5,-12.83178
2198449843.75,-12.83511
2198450000.0,-12.83717
2198450156.25,-12.84224
2198450312.5,-12.84469
2198450468.75,-12.84755
2198450625.0,-12.85205
2198450781.25,-12.85463
2198450937.5,-12.85809
2198451093.75,-12.86168
2198451250.0,-12.86498
2198451406.25,-12.86831
2198451562.5,-12.87127
2198451718.75,-12.8757
2198451875.0,-12.87876
2198452031.25,-12.88245
2198452187.5,-12.88485
2198452343.75,-12.88821
2198452500.0,-12.89219
2198452656.25,-12.8954
2198452812.5,-12.89866
2198452968.75,-12.90279
2198453125.0,-12.90515
2198453281.25,-12.90851
2198453437.5,-12.91158
2198453593.75,-12.91481
2198453750.0,-12.91915
2198453906.25,-12.92258
2198454062.5,-12.92556
2198454218.75,-12.92837
2198454375.0,-12.93174
2198454531.25,-12.93602
2198454687.5,-12.93825
2198454843.75,-12.94236
2198455000.0,-12.9446
2198455156.25,-12.94843
2198455312.5,-12.95201
2198455468.75,-12.95578
2198455625.0,-12.95779
2198455781.25,-12.96187
2198455937.5,-12.9662
2198456093.75,-12.96901
2198456250.0,-12.97194
2198456406.25,-12.97623
2198456562.5,-12.97771
2198456718.75,-12.98219
2198456875.0,-12.98516
2198457031.25,-12.98909
2198457187.5,-12.99192
2198457343.75,-12.99655
2198457500.0,-12.99886
2198457656.25,-13.00276
2198457812.5,-13.00612
2198457968.75,-13.00874
2198458125.0,-13.01265
2198458281.25,-13.01546
2198458437.5,-13.01809
2198458593.75,-13.0213
2198458750.0,-13.02473
2198458906.25,-13.02879
2198459062.5,-13.03246
2198459218.75,-13.03584
2198459375.0,-13.03926
2198459531.25,-13.04211
2198459687.5,-13.04638
2198459843.75,-13.04915
2198460000.0,-13.05203
2198460156.25,-13.05515
2198460312.5,-13.05869
2198460468.75,-13.06202
2198460625.0,-13.06553
2198460781.25,-13.06921
2198460937.5,-13.07232
2198461093.75,-13.07475
2198461250.0,-13.07969
2198461406.25,-13.08166
2198461562.5,-13.08633
2198461718.75,-13.08994
2198461875.0,-13.09276
2198462031.25,-13.09566
2198462187.5,-13.09872
2198462343.75,-13.1025
2198462500.0,-13.10578
2198462656.25,-13.10858
2198462812.5,-13.1123
2198462968.75,-13.11582
2198463125.0,-13.11902
2198463281.25,-13.12228
2198463437.5,-13.12523
2198463593.75,-13.12878
2198463750.0,-13.1318
2198463906.25,-13.13629
2198464062.5,-13.14015
2198464218.75,-13.14184
2198464375.0,-13.14611
2198464531.25,-13.14866
2198464687.5,-13.15268
2198464843.75,-13.15519
2198465000.0,-13.15914
2198465156.25,-13.16205
2198465312.5,-13.16564
2198465468.75,-13.16959
2198465625.0,-13.1724
2198465781.25,-13.17626
2198465937.5,-13.17865
2198466093.75,-13.1823
2198466250.0,-13.18576
2198466406.25,-13.18887
2198466562.5,-13.19198
2198466718.75,-13.19548
2198466875.0,-13.19902
2198467031.25,-13.20193
2198467187.5,-13.20458
2198467343.75,-13.20805
2198467500.0,-13.21142
2198467656.25,-13.21625
2198467812.5,-13.21821
2198467968.75,-13.2223
2198468125.0,-13.22493
2198468281.25,-13.22823
2198468437.5,-13.23212
2198468593.75,-13.23504
2198468750.0,-13.23836
2198468906.25,-13.24148
2198469062.5,-13.24506
2198469218.75,-13.24856
2198469375.0,-13.25161
2198469531.25,-13.25559
2198469687.5,-13.25866
2198469843.75,-13.26151
2198470000.0,-13.26526
2198470156.25,-13.26828
2198470312.5,-13.27134
2198470468.75,-13.27559
2198470625.0,-13.27841
2198470781.25,-13.28169
2198470937.5,-13.28531
2198471093.75,-13.28722
2198471250.0,-13.29277
2198471406.25,-13.29563
2198471562.5,-13.29807
2198471718.75,-13.30045
2198471875.0,-13.30391
2198472031.25,-13.3083
2198472187.5,-13.31035
2198472343.75,-13.31391
2198472500.0,-13.31734
2198472656.25,-13.32156
2198472812.5,-13.32486
2198472968.75,-13.32773
2198473125.0,-13.33092
2198473281.25,-13.33426
2198473437.5,-13.33793
2198473593.75,-13.34092
2198473750.0,-13.34383
2198473906.25,-13.3479
2198474062.5,-13.35009
2198474218.75,-13.35428
2198474375.0,-13.35752
2198474531.25,-13.36029
2198474687.5,-13.36335
2198474843.75,-13.36729
2198475000.0,-13.37031
2198475156.25,-13.37424
2198475312.5,-13.37756
2198475468.75,-13.37999
2198475625.0,-13.3837
2198475781.25,-13.38721
2198475937.5,-13.39012
2198476093.75,-13.39369
2198476250.0,-13.39637
2198476406.25,-13.40017
2198476562.5,-13.40411
2198476718.75,-13.4069
2198476875.0,-13.40961
2198477031.25,-13.41309
2198477187.5,-13.41654
2198477343.75,-13.42034
2198477500.0,-13.42311
2198477656.25,-13.42689
2198477812.5,-13.42911
2198477968.75,-13.43266
2198478125.0,-13.43589
2198478281.25,-13.43903
2198478437.5,-13.4435
2198478593.75,-13.44553
2198478750.0,-13.4493
2198478906.25,-13.45185
2198479062.5,-13.4562
2198479218.75,-13.45814
2198479375.0,-13.46204
2198479531.25,-13.46578
2198479687.5,-13.4688
2198479843.75,-13.47285
2198480000.0,-13.47585
2198480156.25,-13.47897
2198480312.5,-13.48202
2198480468.75,-13.48495
2198480625.0,-13.48821
2198480781.25,-13.49121
2198480937.5,-13.49493
2198481093.75,-13.49867
2198481250.0,-13.50143
2198481406.25,-13.5051
2198481562.5,-13.50747
2198481718.75,-13.51141
2198481875.0,-13.51442
2198482031.25,-13.5178
2198482187.5,-13.52076
2198482343.75,-13.52566
2198482500.0,-13.52833
2198482656.25,-13.53156
2198482812.5,-13.53357
2198482968.75,-13.53768
2198483125.0,-13.5401
2198483281.25,-13.54377
2198483437.5,-13.54733
2198483593.75,-13.55129
2198483750.0,-13.55473
2198483906.25,-13.55886
2198484062.5,-13.56068
2198484218.75,-13.56425
2198484375.0,-13.56638
2198484531.25,-13.56945
2198484687.5,-13.57452
2198484843.75,-13.5774
2198485000.0,-13.57987
2198485156.25,-13.58282
2198485312.5,-13.58675
2198485468.75,-13.59072
2198485625.0,-13.59355
2198485781.25,-13.59608
2198485937.5,-13.5995
2198486093.75,-13.60329
2198486250.0,-13.60655
2198486406.25,-13.61035
2198486562.5,-13.61313
2198486718.75,-13.6158
2198486875.0,-13.61856
2198487031.25,-13.62247
2198487187.5,-13.62499
2198487343.75,-13.62824
2198487500.0,-13.6331
2198487656.25,-13.63579
2198487812.5,-13.63835
2198487968.75,-13.64253
2198488125.0,-13.64471
2198488281.25,-13.64769
2198488437.5,-13.6519
2198488593.75,-13.65536
2198488750.0,-13.65897
2198488906.25,-13.66144
2198489062.5,-13.66481
2198489218.75,-13.66794
2198489375.0,-13.67096
2198489531.25,-13.67311
2198489687.5,-13.6775
2198489843.75,-13.6802
2198490000.0,-13.68388
2198490156.25,-13.68726
2198490312.5,-13.69035
2198490468.75,-13.69371
2198490625.0,-13.69671
2198490781.25,-13.69985
2198490937.5,-13.70308
2198491093.75,-13.70591
2198491250.0,-13.71011
2198491406.25,-13.71339
2198491562.5,-13.71618
2198491718.75,-13.72009
2198491875.0,-13.72279
2198492031.25,-13.72689
2198492187.5,-13.72894
2198492343.75,-13.73155
2198492500.0,-13.73559
2198492656.25,-13.73942
2198492812.5,-13.74222
2198492968.75,-13.74503
2198493125.0,-13.74825
2198493281.25,-13.75113
2198493437.5,-13.75594
2198493593.75,-13.75839
2198493750.0,-13.76174
2198493906.25,-13.76504
2198494062.5,-13.76793
2198494218.75,-13.77154
2198494375.0,-13.77437
2198494531.25,-13.77743
2198494687.5,-13.78132
2198494843.75,-13.78338
2198495000.0,-13.78681
2198495156.25,-13.79057
2198495312.5,-13.7942
2198495468.75,-13.797
2198495625.0,-13.79979
2198495781.25,-13.80364
2198495937.5,-13.80645
2198496093.75,-13.80853
2198496250.0,-13.81253
2198496406.25,-13.8156
2198496562.5,-13.81854
2198496718.75,-13.82163
2198496875.0,-13.82616
2198497031.25,-13.82805
2198497187.5,-13.83267
2198497343.75,-13.83632
2198497500.0,-13.83807
2198497656.25,-13.84124
2198497812.5,-13.84395
2198497968.75,-13.84733
2198498125.0,-13.85135
2198498281.25,-13.85375
2198498437.5,-13.85717
2198498593.75,-13.86082
2198498750.0,-13.86483
2198498906.25,-13.86775
2198499062.5,-13.8707
2198499218.75,-13.87369
2198499375.0,-13.8775
2198499531.25,-13.87976
2198499687.5,-13.88403
2198499843.75,-13.88651
2198500000.0,-13.89019
2198500156.25,-13.89349
2198500312.5,-13.89617
2198500468.75,-13.89888
2198500625.0,-13.90291
2198500781.25,-13.90675
2198500937.5,-13.90879
2198501093.75,-13.91217
2198501250.0,-13.91546
2198501406.25,-13.91808
2198501562.5,-13.92081
2198501718.75,-13.92497
2198501875.0,-13.92751
2198502031.25,-13.9311
2198502187.5,-13.93482
2198502343.75,-13.93734
2198502500.0,-13.94138
2198502656.25,-13.9443
2198502812.5,-13.94776
2198502968.75,-13.95074
2198503125.0,-13.9536
2198503281.25,-13.95658
2198503437.5,-13.96039
2198503593.75,-13.96362
2198503750.0,-13.96666
2198503906.25,-13.97032
2198504062.5,-13.97308
2198504218.75,-13.97575
2198504375.0,-13.97816
2198504531.25,-13.9823
2198504687.5,-13.98514
2198504843.75,-13.98922
2198505000.0,-13.99239
2198505156.25,-13.99553
2198505312.5,-13.99851
2198505468.75,-14.00044
2198505625.0,-14.00423
2198505781.25,-14.00815
2198505937.5,-14.01153
2198506093.75,-14.01453
2198506250.0,-14.01742
2198506406.25,-14.02149
2198506562.5,-14.02371
2198506718.75,-14.02683
2198506875.0,-14.0301
2198507031.25,-14.03308
2198507187.5,-14.03587
2198507343.75,-14.03868
2198507500.0,-14.04292
2198507656.25,-14.04512
2198507812.5,-14.04844
2198507968.75,-14.05312
2198508125.0,-14.05554
2198508281.25,-14.05828
2198508437.5,-14.0618
2198508593.75,-14.06465
2198508750.0,-14.06832
2198508906.25,-14.07152
2198509062.5,-14.07395
2198509218.75,-14.07672
2198509375.0,-14.08058
2198509531.25,-14.08396
2198509687.5,-14.08657
2198509843.75,-14.08987
2198510000.0,-14.09386
2198510156.25,-14.09599
2198510312.5,-14.09954
2198510468.75,-14.10245
2198510625.0,-14.1059
2198510781.25,-14.10866
2198510937.5,-14.11208
2198511093.75,-14.11492
2198511250.0,-14.11858
2198511406.25,-14.12082
2198511562.5,-14.12588
2198511718.75,-14.12804
2198511875.0,-14.13185
2198512031.25,-14.13456
2198512187.5,-14.13695
2198512343.75,-14.14061
2198512500.0,-14.1435
2198512656.25,-14.14705
2198512812.5,-14.14953
2198512968.75,-14.15271
2198513125.0,-14.15637
2198513281.25,-14.16007
2198513437.5,-14.16233
2198513593.75,-14.16479
2198513750.0,-14.16889
2198513906.25,-14.17306
2198514062.5,-14.17443
2198514218.75,-14.17768
2198514375.0,-14.18071
2198514531.25,-14.18517
2198514687.5,-14.1873
2198514843.75,-14.19102
2198515000.0,-14.19373
2198515156.25,-14.19751
2198515312.5,-14.20053
2198515468.75,-14.20326
2198515625.0,-14.2074
2198515781.25,-14.20957
2198515937.5,-14.21318
2198516093.75,-14.21526
2198516250.0,-14.21882
2198516406.25,-14.22278
2198516562.5,-14.22587
2198516718.75,-14.22948
2198516875.0,-14.23202
2198517031.25,-14.23441
2198517187.5,-14.23855
2198517343.75,-14.24178
2198517500.0,-14.24325
2198517656.25,-14.24644
2198517812.5,-14.25017
2198517968.75,-14.25377
2198518125.0,-14.256
2198518281.25,-14.26058
2198518437.5,-14.26272
2198518593.75,-14.26562
2198518750.0,-14.26867
2198518906.25,-14.27164
2198519062.5,-14.27543
2198519218.75,-14.27881
2198519375.0,-14.28179
2198519531.25,-14.28508
2198519687.5,-14.28859
2198519843.75,-14.29223
2198520000.0,-14.29453
2198520156.25,-14.29759
2198520312.5,-14.30048
2198520468.75,-14.30403
2198520625.0,-14.30583
2198520781.25,-14.30985
2198520937.5,-14.31208
2198521093.75,-14.3165
2198521250.0,-14.31976
2198521406.25,-14.32313
2198521562.5,-14.32477
2198521718.75,-14.32779
2198521875.0,-14.33096
2198522031.25,-14.33554
2198522187.5,-14.33742
2198522343.75,-14.3409
2198522500.0,-14.34452
2198522656.25,-14.34643
2198522812.5,-14.35053
2198522968.75,-14.35307
2198523125.0,-14.35625
2198523281.25,-14.35888
2198523437.5,-14.36216
2198523593.75,-14.36688
2198523750.0,-14.36882
2198523906.25,-14.37165
2198524062.5,-14.37437
2198524218.75,-14.37797
2198524375.0,-14.38186
2198524531.25,-14.38287
2198524687.5,-14.38745
2198524843.75,-14.39074
2198525000.0,-14.39324
2198525156.25,-14.39711
2198525312.5,-14.39898
2198525468.75,-14.40287
2198525625.0,-14.40433
2198525781.25,-14.4098
2198525937.5,-14.41247
2198526093.75,-14.41456
2198526250.0,-14.41755
2198526406.25,-14.4206
2198526562.5,-14.42474
2198526718.75,-14.42832
2198526875.0,-14.43075
2198527031.25,-14.43412
2198527187.5,-14.43663
2198527343.75,-14.43945
2198527500.0,-14.44398
2198527656.25,-14.44525
2198527812.5,-14.44909
2198527968.75,-14.452
2198528125.0,-14.45491
2198528281.25,-14.45977
2198528437.5,-14.46114
2198528593.75,-14.46536
2198528750.0,-14.46829
2198528906.25,-14.47275
2198529062.5,-14.47375
2198529218.75,-14.4772
2198529375.0,-14.47971
2198529531.25,-14.48273
2198529687.5,-14.48581
2198529843.75,-14.48951
2198530000.0,-14.49206
2198530156.25,-14.49458
2198530312.5,-14.49792
2198530468.75,-14.50158
2198530625.0,-14.50455
2198530781.25,-14.5079
2198530937.5,-14.51112
2198531093.75,-14.51293
2198531250.0,-14.51632
2198531406.25,-14.52101
2198531562.5,-14.52316
2198531718.75,-14.52607
2198531875.0,-14.52943
2198532031.25,-14.53227
2198532187.5,-14.53521
2198532343.75,-14.5385
2198532500.0,-14.54161
2198532656.25,-14.54301
2198532812.5,-14.54671
2198532968.75,-14.55059
2198533125.0,-14.55381
2198533281.25,-14.55659
2198533437.5,-14.55969
2198533593.75,-14.56319
2198533750.0,-14.566
2198533906.25,-14.56886
2198534062.5,-14.57304
2198534218.75,-14.57479
2198534375.0,-14.57808
2198534531.25,-14.58063
2198534687.5,-14.58442
2198534843.75,-14.58769
2198535000.0,-14.59059
2198535156.25,-14.59394
2198535312.5,-14.5968
2198535468.75,-14.59952
2198535625.0,-14.60266
2198535781.25,-14.6055
2198535937.5,-14.60886
2198536093.75,-14.61114
2198536250.0,-14.61534
2198536406.25,-14.61844
2198536562.5,-14.62127
2198536718.75,-14.62444
2198536875.0,-14.62756
2198537031.25,-14.63026
2198537187.5,-14.63261
2198537343.75,-14.63573
2198537500.0,-14.63999
2198537656.25,-14.64282
2198537812.5,-14.64539
2198537968.75,-14.6479
2198538125.0,-14.65173
2198538281.25,-14.65467
2198538437.5,-14.65696
2198538593.75,-14.66092
2198538750.0,-14.66371
2198538906.25,-14.66663
2198539062.5,-14.66867
2198539218.75,-14.67166
2198539375.0,-14.67562
2198539531.25,-14.67906
2198539687.5,-14.6815
2198539843.75,-14.68601
2198540000.0,-14.68707
2198540156.25,-14.69037
2198540312.5,-14.69485
2198540468.75,-14.6972
2198540625.0,-14.70002
2198540781.25,-14.70306
2198540937.5,-14.70552
2198541093.75,-14.7097
2198541250.0,-14.71318
2198541406.25,-14.71542
2198541562.5,-14.71831
2198541718.75,-14.72077
2198541875.0,-14.72437
2198542031.25,-14.72682
2198542187.5,-14.72985
2198542343.75,-14.73287
2198542500.0,-14.73573
2198542656.25,-14.73909
2198542812.5,-14.74254
2198542968.75,-14.74565
2198543125.0,-14.74886
2198543281.25,-14.75147
2198543437.5,-14.75458
2198543593.75,-14.7576
2198543750.0,-14.76022
2198543906.25,-14.76323
2198544062.5,-14.76693
2198544218.75,-14.76927
2198544375.0,-14.77313
2198544531.25,-14.77594
2198544687.5,-14.77951
2198544843.75,-14.7815
2198545000.0,-14.78478
2198545156.25,-14.78877
2198545312.5,-14.79161
2198545468.75,-14.79465
2198545625.0,-14.79711
2198545781.25,-14.80004
2198545937.5,-14.80136
2198546093.75,-14.80524
2198546250.0,-14.80837
2198546406.25,-14.81104
2198546562.5,-14.8161
2198546718.75,-14.81813
2198546875.0,-14.82059
2198547031.25,-14.82399
2198547187.5,-14.8261
2198547343.75,-14.82927
2198547500.0,-14.83285
2198547656.25,-14.83626
2198547812.5,-14.83886
2198547968.75,-14.84124
2198548125.0,-14.84512
2198548281.25,-14.84788
2198548437.5,-14.85034
2198548593.75,-14.85391
2198548750.0,-14.85642
2198548906.25,-14.85915
2198549062.5,-14.86294
2198549218.75,-14.86553
2198549375.0,-14.86815
2198549531.25,-14.87162
2198549687.5,-14.87503
2198549843.75,-14.8769
2198550000.0,-14.87991
2198550156.25,-14.88244
2198550312.5,-14.88691
2198550468.75,-14.89027
2198550625.0,-14.89329
2198550781.25,-14.89561
2198550937.5,-14.89927
2198551093.75,-14.90134
2198551250.0,-14.90601
2198551406.25,-14.90763
2198551562.5,-14.91099
2198551718.75,-14.91387
2198551875.0,-14.91703
2198552031.25,-14.9209
2198552187.5,-14.92282
2198552343.75,-14.92562
2198552500.0,-14.92819
2198552656.25,-14.93114
2198552812.5,-14.93471
2198552968.75,-14.93795
2198553125.0,-14.94057
2198553281.25,-14.94298
2198553437.5,-14.94644
2198553593.75,-14.95009
2198553750.0,-14.95271
2198553906.25,-14.95469
2198554062.5,-14.95946
2198554218.75,-14.9622
2198554375.0,-14.96455
2198554531.25,-14.9671
2198554687.5,-14.96968
2198554843.75,-14.97264
2198555000.0,-14.97671
2198555156.25,-14.98103
2198555312.5,-14.98211
2198555468.75,-14.98589
2198555625.0,-14.98911
2198555781.25,-14.99037
2198555937.5,-14.99359
2198556093.75,-14.99619
2198556250.0,-14.99906
2198556406.25,-15.00267
2198556562.5,-15.00442
2198556718.75,-15.0091
2198556875.0,-15.01293
2198557031.25,-15.01543
2198557187.5,-15.01791
2198557343.75,-15.02092
2198557500.0,-15.02347
2198557656.25,-15.02617
2198557812.5,-15.02898
2198557968.75,-15.03108
2198558125.0,-15.03487
2198558281.25,-15.03816
2198558437.5,-15.04143
2198558593.75,-15.04479
2198558750.0,-15.0479
2198558906.25,-15.04946
2198559062.5,-15.0532
2198559218.75,-15.05555
2198559375.0,-15.05854
2198559531.25,-15.06221
2198559687.5,-15.06506
2198559843.75,-15.06898
2198560000.0,-15.07162
2198560156.25,-15.07331
2198560312.5,-15.07641
2198560468.75,-15.07944
2198560625.0,-15.08324
2198560781.25,-15.08617
2198560937.5,-15.08826
2198561093.75,-15.09212
2198561250.0,-15.09485
2198561406.25,-15.0974
2198561562.5,-15.09957
2198561718.75,-15.10353
2198561875.0,-15.10642
2198562031.25,-15.10939
2198562187.5,-15.11133
2198562343.75,-15.1147
2198562500.0,-15.11664
2198562656.25,-15.12047
2198562812.5,-15.12321
2198562968.75,-15.12617
2198563125.0,-15.12985
2198563281.25,-15.13192
2198563437.5,-15.13501
2198563593.75,-15.13932
2198563750.0,-15.14224
2198563906.25,-15.14466
2198564062.5,-15.14774
2198564218.75,-15.15008
2198564375.0,-15.15297
2198564531.25,-15.15594
2198564687.5,-15.15865
2198564843.75,-15.16082
2198565000.0,-15.164
2198565156.25,-15.16842
2198565312.5,-15.17082
2198565468.75,-15.17359
2198565625.0,-15.17611
2198565781.25,-15.17929
2198565937.5,-15.18217
2198566093.75,-15.18548
2198566250.0,-15.18821
2198566406.25,-15.19144
2198566562.5,-15.19413
2198566718.75,-15.19637
2198566875.0,-15.19975
2198567031.25,-15.20306
2198567187.5,-15.2053
2198567343.75,-15.20879
2198567500.0,-15.21191
2198567656.25,-15.21516
2198567812.5,-15.21652
2198567968.75,-15.21951
2198568125.0,-15.22339
2198568281.25,-15.22616
2198568437.5,-15.22937
2198568593.75,-15.23334
2198568750.0,-15.2354
2198568906.25,-15.23644
2198569062.5,-15.24048
2198569218.75,-15.24317
2198569375.0,-15.24699
2198569531.25,-15.24949
2198569687.5,-15.25219
2198569843.75,-15.25595
2198570000.0,-15.2588
2198570156.25,-15.2617
2198570312.5,-15.26478
2198570468.75,-15.26682
2198570625.0,-15.2692
2198570781.25,-15.27222
2198570937.5,-15.27504
2198571093.75,-15.27911
2198571250.0,-15.28063
2198571406.25,-15.28444
2198571562.5,-15.28576
2198571718.75,-15.29102
2198571875.0,-15.29386
2198572031.25,-15.29581
2198572187.5,-15.29821
2198572343.75,-15.30142
2198572500.0,-15.30434
2198572656.25,-15.30658
2198572812.5,-15.31072
2198572968.75,-15.31366
2198573125.0,-15.31572
2198573281.25,-15.31863
2198573437.5,-15.32097
2198573593.75,-15.32364
2198573750.0,-15.32672
2198573906.25,-15.33078
2198574062.5,-15.33398
2198574218.75,-15.33674
2198574375.0,-15.34071
2198574531.25,-15.34159
2198574687.5,-15.34524
2198574843.75,-15.34792
2198575000.0,-15.35128
2198575156.25,-15.35482
2198575312.5,-15.35624
2198575468.75,-15.35922
2198575625.0,-15.36138
2198575781.25,-15.36563
2198575937.5,-15.36796
2198576093.75,-15.37134
2198576250.0,-15.37334
2198576406.25,-15.37782
2198576562.5,-15.37997
2198576718.75,-15.38288
2198576875.0,-15.38593
2198577031.25,-15.389
2198577187.5,-15.3913
2198577343.75,-15.39501
2198577500.0,-15.39757
2198577656.25,-15.39979
2198577812.5,-15.40208
2198577968.75,-15.40553
2198578125.0,-15.40836
2198578281.25,-15.41102
2198578437.5,-15.41467
2198578593.75,-15.41702
2198578750.0,-15.42035
2198578906.25,-15.42283
2198579062.5,-15.42611
2198579218.75,-15.42901
2198579375.0,-15.43143
2198579531.25,-15.43497
2198579687.5,-15.43715
2198579843.75,-15.4391
2198580000.0,-15.44201
2198580156.25,-15.44716
2198580312.5,-15.44824
2198580468.75,-15.45038
2198580625.0,-15.45394
2198580781.25,-15.45835
2198580937.5,-15.45937
2198581093.75,-15.46299
2198581250.0,-15.46685
2198581406.25,-15.4693
2198581562.5,-15.47277
2198581718.75,-15.47569
2198581875.0,-15.47792
2198582031.25,-15.47893
2198582187.5,-15.48299
2198582343.75,-15.48668
2198582500.0,-15.48852
2198582656.25,-15.49094
2198582812.5,-15.49424
2198582968.75,-15.49612
2198583125.0,-15.50066
2198583281.25,-15.50321
2198583437.5,-15.50504
2198583593.75,-15.50877
2198583750.0,-15.51194
2198583906.25,-15.515
2198584062.5,-15.51697
2198584218.75,-15.5201
2198584375.0,-15.52365
2198584531.25,-15.52577
2198584687.5,-15.52875
2198584843.75,-15.53234
2198585000.0,-15.53381
2198585156.25,-15.5361
2198585312.5,-15.54051
2198585468.75,-15.54139
2198585625.0,-15.5465
2198585781.25,-15.54844
2198585937.5,-15.55099
2198586093.75,-15.55392
2198586250.0,-15.55557
2198586406.25,-15.56023
2198586562.5,-15.56191
2198586718.75,-15.56602
2198586875.0,-15.56824
2198587031.25,-15.57206
2198587187.5,-15.57397
2198587343.75,-15.57615
2198587500.0,-15.57931
2198587656.25,-15.58176
2198587812.5,-15.58368
2198587968.75,-15.58727
2198588125.0,-15.59055
2198588281.25,-15.59402
2198588437.5,-15.59574
2198588593.75,-15.60009
2198588750.0,-15.60208
2198588906.25,-15.60383
2198589062.5,-15.60918
2198589218.75,-15.61076
2198589375.0,-15.61393
2198589531.25,-15.61732
2198589687.5,-15.61946
2198589843.75,-15.62258
2198590000.0,-15.62467
2198590156.25,-15.62694
2198590312.5,-15.63018
2198590468.75,-15.63262
2198590625.0,-15.63554
2198590781.25,-15.63885
2198590937.5,-15.64077
2198591093.75,-15.64444
2198591250.0,-15.64657
2198591406.25,-15.65042
2198591562.5,-15.65307
2198591718.75,-15.65503
2198591875.0,-15.65869
2198592031.25,-15.66235
2198592187.5,-15.66478
2198592343.75,-15.66628
2198592500.0,-15.6709
2198592656.25,-15.67202
2198592812.5,-15.6756
2198592968.75,-15.67756
2198593125.0,-15.6809
2198593281.25,-15.68511
2198593437.5,-15.68741
2198593593.75,-15.68976
2198593750.0,-15.6934
2198593906.25,-15.69485
2198594062.5,-15.6997
2198594218.75,-15.70089
2198594375.0,-15.70356
2198594531.25,-15.70483
2198594687.5,-15.7095
2198594843.75,-15.71167
2198595000.0,-15.71449
2198595156.25,-15.71754
2198595312.5,-15.71991
2198595468.75,-15.723
2198595625.0,-15.72707
2198595781.25,-15.7286
2198595937.5,-15.72997
2198596093.75,-15.7343
2198596250.0,-15.7376
2198596406.25,-15.7389
2198596562.5,-15.7432
2198596718.75,-15.74584
2198596875.0,-15.74779
2198597031.25,-15.7502
2198597187.5,-15.75356
2198597343.75,-15.75666
2198597500.0,-15.75942
2198597656.25,-15.76191
2198597812.5,-15.76532
2198597968.75,-15.76849
2198598125.0,-15.77006
2198598281.25,-15.77306
2198598437.5,-15.77664
2198598593.75,-15.77819
2198598750.0,-15.78179
2198598906.25,-15.7853
2198599062.5,-15.78649
2198599218.75,-15.79064
2198599375.0,-15.7936
2198599531.25,-15.79748
2198599687.5,-15.79798
2198599843.75,-15.80161
2198600000.0,-15.80433
2198600156.25,-15.80608
2198600312.5,-15.81146
2198600468.75,-15.8127
2198600625.0,-15.81529
2198600781.25,-15.81779
2198600937.5,-15.82083
2198601093.75,-15.82298
2198601250.0,-15.82563
2198601406.25,-15.82895
2198601562.5,-15.83115
2198601718.75,-15.83391
2198601875.0,-15.83657
2198602031.25,-15.84054
2198602187.5,-15.8426
2198602343.75,-15.84583
2198602500.0,-15.848
2198602656.25,-15.85025
2198602812.5,-15.85352
2198602968.75,-15.85664
2198603125.0,-15.85985
2198603281.25,-15.86255
2198603437.5,-15.86401
2198603593.75,-15.86748
2198603750.0,-15.87176
2198603906.25,-15.8739
2198604062.5,-15.87555
2198604218.75,-15.87773
2198604375.0,-15.88195
2198604531.25,-15.8846
2198604687.5,-15.88746
2198604843.75,-15.88958
2198605000.0,-15.89275
2198605156.25,-15.89495
2198605312.5,-15.89899
2198605468.75,-15.90178
2198605625.0,-15.90331
2198605781.25,-15.90698
2198605937.5,-15.90987
2198606093.75,-15.91145
2198606250.0,-15.91541
2198606406.25,-15.91735
2198606562.5,-15.92006
2198606718.75,-15.92172
2198606875.0,-15.92563
2198607031.25,-15.9283
2198607187.5,-15.93081
2198607343.75,-15.93346
2198607500.0,-15.93714
2198607656.25,-15.93997
2198607812.5,-15.94146
2198607968.75,-15.94451
2198608125.0,-15.94724
2198608281.25,-15.95061
2198608437.5,-15.95362
2198608593.75,-15.95563
2198608750.0,-15.95968
2198608906.25,-15.96161
2198609062.5,-15.96426
2198609218.75,-15.96691
2198609375.0,-15.97032
2198609531.25,-15.97331
2198609687.5,-15.97512
2198609843.75,-15.97719
2198610000.0,-15.98012
2198610156.25,-15.98184
2198610312.5,-15.98577
2198610468.75,-15.98896
2198610625.0,-15.99113
2198610781.25,-15.9941
2198610937.5,-15.99521
2198611093.75,-15.99932
2198611250.0,-16.00324
2198611406.25,-16.00393
2198611562.5,-16.00775
2198611718.75,-16.01051
2198611875.0,-16.01339
2198612031.25,-16.01624
2198612187.5,-16.01942
2198612343.75,-16.02193
2198612500.0,-16.02494
2198612656.25,-16.02706
2198612812.5,-16.03006
2198612968.75,-16.03209
2198613125.0,-16.03565
2198613281.25,-16.03717
2198613437.5,-16.04076
2198613593.75,-16.04373
2198613750.0,-16.0452
2198613906.25,-16.04868
2198614062.5,-16.05085
2198614218.75,-16.05406
2198614375.0,-16.05699
2198614531.25,-16.05928
2198614687.5,-16.06256
2198614843.75,-16.06656
2198615000.0,-16.06815
2198615156.25,-16.07079
2198615312.5,-16.074
2198615468.75,-16.07628
2198615625.0,-16.07826
2198615781.25,-16.08063
2198615937.5,-16.08357
2198616093.75,-16.08529
2198616250.0,-16.08822
2198616406.25,-16.09049
2198616562.5,-16.09449
2198616718.75,-16.09631
2198616875.0,-16.10082
2198617031.25,-16.10311
2198617187.5,-16.10617
2198617343.75,-16.1088
2198617500.0,-16.11199
2198617656.25,-16.11448
2198617812.5,-16.11718
2198617968.75,-16.11861
2198618125.0,-16.12176
2198618281.25,-16.1247
2198618437.5,-16.12704
2198618593.75,-16.129
2198618750.0,-16.13404
2198618906.25,-16.13517
2198619062.5,-16.13755
2198619218.75,-16.13993
2198619375.0,-16.14263
2198619531.25,-16.14671
2198619687.5,-16.14864
2198619843.75,-16.15054
2198620000.0,-16.15587
2198620156.25,-16.15618
2198620312.5,-16.15967
2198620468.75,-16.16408
2198620625.0,-16.16541
2198620781.25,-16.16872
2198620937.5,-16.17008
2198621093.75,-16.17329
2198621250.0,-16.17595
2198621406.25,-16.17757
2198621562.5,-16.18257
2198621718.75,-16.18381
2198621875.0,-16.18718
2198622031.25,-16.18969
2198622187.5,-16.19225
2198622343.75,-16.19658
2198622500.0,-16.19808
2198622656.25,-16.19981
2198622812.5,-16.20403
2198622968.75,-16.20564
2198623125.0,-16.20846
2198623281.25,-16.21152
2198623437.5,-16.21348
2198623593.75,-16.21625
2198623750.0,-16.21883
2198623906.25,-16.22126
2198624062.5,-16.22508
2198624218.75,-16.22767
2198624375.0,-16.22832
2198624531.25,-16.233
2198624687.5,-16.23411
2198624843.75,-16.2377
2198625000.0,-16.24069
2198625156.25,-16.24327
2198625312.5,-16.24709
2198625468.75,-16.24737
2198625625.0,-16.25106
2198625781.25,-16.25463
2198625937.5,-16.25613
2198626093.75,-16.25804
2198626250.0,-16.26251
2198626406.25,-16.2646
2198626562.5,-16.26659
2198626718.75,-16.27112
2198626875.0,-16.27193
2198627031.25,-16.27429
2198627187.5,-16.27848
2198627343.75,-16.28064
2198627500.0,-16.28327
2198627656.25,-16.28638
2198627812.5,-16.2877
2198627968.75,-16.29128
2198628125.0,-16.29325
2198628281.25,-16.29592
2198628437.5,-16.29897
2198628593.75,-16.30198
2198628750.0,-16.30398
2198628906.25,-16.30712
2198629062.5,-16.30922
2198629218.75,-16.31256
2198629375.0,-16.3147
2198629531.25,-16.31647
2198629687.5,-16.3209
2198629843.75,-16.32328
2198630000.0,-16.32538
2198630156.25,-16.32825
2198630312.5,-16.33267
2198630468.75,-16.33408
2198630625.0,-16.33566
2198630781.25,-16.33907
2198630937.5,-16.34176
2198631093.75,-16.34376
2198631250.0,-16.34727
2198631406.25,-16.35041
2198631562.5,-16.35354
2198631718.75,-16.35487
2198631875.0,-16.35755
2198632031.25,-16.35935
2198632187.5,-16.36302
2198632343.75,-16.36438
2198632500.0,-16.36684
2198632656.25,-16.37098
2198632812.5,-16.37423
2198632968.75,-16.37596
2198633125.0,-16.37791
2198633281.25,-16.38124
2198633437.5,-16.38429
2198633593.75,-16.38642
2198633750.0,-16.38828
2198633906.25,-16.39109
2198634062.5,-16.39478
2198634218.75,-16.39759
2198634375.0,-16.39991
2198634531.25,-16.40195
2198634687.5,-16.40541
2198634843.75,-16.40636
2198635000.0,-16.41119
2198635156.25,-16.41269
2198635312.5,-16.41588
2198635468.75,-16.41768
2198635625.0,-16.42244
2198635781.25,-16.42331
2198635937.5,-16.42649
2198636093.75,-16.42968
2198636250.0,-16.4313
2198636406.25,-16.43522
2198636562.5,-16.43702
2198636718.75,-16.43972
2198636875.0,-16.44115
2198637031.25,-16.44262
2198637187.5,-16.44619
2198637343.75,-16.44842
2198637500.0,-16.45294
2198637656.25,-16.45493
2198637812.5,-16.45852
2198637968.75,-16.45989
2198638125.0,-16.46378
2198638281.25,-16.46594
2198638437.5,-16.46772
2198638593.75,-16.46981
2198638750.0,-16.4745
2198638906.25,-16.47676
2198639062.5,-16.4786
2198639218.75,-16.48245
2198639375.0,-16.4825
2198639531.25,-16.48572
2198639687.5,-16.48863
2198639843.75,-16.49195
2198640000.0,-16.49392
2198640156.25,-16.49666
2198640312.5,-16.50039
2198640468.75,-16.50336
2198640625.0,-16.50513
2198640781.25,-16.50706
2198640937.5,-16.51064
2198641093.75,-16.51352
2198641250.0,-16.5146
2198641406.25,-16.51815
2198641562.5,-16.52082
2198641718.75,-16.52265
2198641875.0,-16.52567
2198642031.25,-16.52907
2198642187.5,-16.53186
2198642343.75,-16.53251
2198642500.0,-16.53617
2198642656.25,-16.53803
2198642812.5,-16.54185
2198642968.75,-16.5446
2198643125.0,-16.54623
2198643281.25,-16.54962
2198643437.5,-16.55148
2198643593.75,-16.55481
2198643750.0,-16.55695
2198643906.25,-16.55941
2198644062.5,-16.56157
2198644218.75,-16.56497
2198644375.0,-16.56737
2198644531.25,-16.56978
2198644687.5,-16.572
2198644843.75,-16.57652
2198645000.0,-16.57789
2198645156.25,-16.58058
2198645312.5,-16.58323
2198645468.75,-16.58512
2198645625.0,-16.58749
2198645781.25,-16.59051
2198645937.5,-16.59347
2198646093.75,-16.59758
2198646250.0,-16.59845
2198646406.25,-16.60126
2198646562.5,-16.60331
2198646718.75,-16.60716
2198646875.0,-16.60883
2198647031.25,-16.61243
2198647187.5,-16.6138
2198647343.75,-16.61573
2198647500.0,-16.61818
2198647656.25,-16.62078
2198647812.5,-16.62392
2198647968.75,-16.62641
2198648125.0,-16.62932
2198648281.25,-16.63206
2198648437.5,-16.6352
2198648593.75,-16.63716
2198648750.0,-16.64113
2198648906.25,-16.64235
2198649062.5,-16.64499
2198649218.75,-16.64803
2198649375.0,-16.65078
2198649531.25,-16.65321
2198649687.5,-16.65472
2198649843.75,-16.65948
2198650000.0,-16.66045
2198650156.25,-16.66242
2198650312.5,-16.66593
2198650468.75,-16.66803
2198650625.0,-16.67066
2198650781.25,-16.67449
2198650937.5,-16.67641
2198651093.75,-16.67922
2198651250.0,-16.6825
2198651406.25,-16.68419
2198651562.5,-16.68565
2198651718.75,-16.68842
2198651875.0,-16.69112
2198652031.25,-16.6949
2198652187.5,-16.69694
2198652343.75,-16.69805
2198652500.0,-16.70235
2198652656.25,-16.70443
2198652812.5,-16.70618
2198652968.75,-16.71028
2198653125.0,-16.71261
2198653281.25,-16.7142
2198653437.5,-16.71754
2198653593.75,-16.71855
2198653750.0,-16.72224
2198653906.25,-16.72487
2198654062.5,-16.72797
2198654218.75,-16.7306
2198654375.0,-16.73294
2198654531.25,-16.73505
2198654687.5,-16.73726
2198654843.75,-16.73902
2198655000.0,-16.74191
2198655156.25,-16.74492
2198655312.5,-16.74863
2198655468.75,-16.74919
2198655625.0,-16.75254
2198655781.25,-16.75614
2198655937.5,-16.75821
2198656093.75,-16.76178
2198656250.0,-16.76324
2198656406.25,-16.76594
2198656562.5,-16.76722
2198656718.75,-16.77093
2198656875.0,-16.77329
2198657031.25,-16.77554
2198657187.5,-16.77771
2198657343.75,-16.78085
2198657500.0,-16.78298
2198657656.25,-16.78795
2198657812.5,-16.78849
2198657968.75,-16.79191
2198658125.0,-16.79362
2198658281.25,-16.79518
2198658437.5,-16.79936
2198658593.75,-16.80121
2198658750.0,-16.80289
2198658906.25,-16.80712
2198659062.5,-16.80857
2198659218.75,-16.81125
2198659375.0,-16.81488
2198659531.25,-16.81527
2198659687.5,-16.81863
2198659843.75,-16.82226
2198660000.0,-16.82408
2198660156.25,-16.82485
2198660312.5,-16.82924
2198660468.75,-16.83251
2198660625.0,-16.8357
2198660781.25,-16.83635
2198660937.5,-16.83963
2198661093.75,-16.84216
2198661250.0,-16.84554
2198661406.25,-16.84649
2198661562.5,-16.84904
2198661718.75,-16.85242
2198661875.0,-16.85432
2198662031.25,-16.85826
2198662187.5,-16.85931
2198662343.75,-16.86184
2198662500.0,-16.86459
2198662656.25,-16.86598
2198662812.5,-16.86944
2198662968.75,-16.87181
2198663125.0,-16.87484
2198663281.25,-16.87796
2198663437.5,-16.87912
2198663593.75,-16.88208
2198663750.0,-16.88596
2198663906.25,-16.88726
2198664062.5,-16.8903
2198664218.75,-16.89396
2198664375.0,-16.89514
2198664531.25,-16.89847
2198664687.5,-16.90139
2198664843.75,-16.90212
2198665000.0,-16.90511
2198665156.25,-16.90577
2198665312.5,-16.90986
2198665468.75,-16.91177
2198665625.0,-16.91476
2198665781.25,-16.9169
2198665937.5,-16.91995
2198666093.75,-16.92251
2198666250.0,-16.92554
2198666406.25,-16.92653
2198666562.5,-16.93042
2198666718.75,-16.93107
2198666875.0,-16.93602
2198667031.25,-16.93764
2198667187.5,-16.93985
2198667343.75,-16.94247
2198667500.0,-16.9452
2198667656.25,-16.94715
2198667812.5,-16.94925
2198667968.75,-16.95232
2198668125.0,-16.95595
2198668281.25,-16.95759
2198668437.5,-16.96108
2198668593.75,-16.96351
2198668750.0,-16.96589
2198668906.25,-16.96827
2198669062.5,-16.9701
2198669218.75,-16.97427
2198669375.0,-16.97364
2198669531.25,-16.97758
2198669687.5,-16.98043
2198669843.75,-16.98316
2198670000.0,-16.98655
2198670156.25,-16.98935
2198670312.5,-16.99025
2198670468.75,-16.99355
2198670625.0,-16.9953
2198670781.25,-16.99821
2198670937.5,-17.00035
2198671093.75,-17.00313
2198671250.0,-17.00346
2198671406.25,-17.00724
2198671562.5,-17.01116
2198671718.75,-17.01337
2198671875.0,-17.01626
2198672031.25,-17.01849
2198672187.5,-17.02221
2198672343.75,-17.02199
2198672500.0,-17.02658
2198672656.25,-17.02761
2198672812.5,-17.0303
2198672968.75,-17.03411
2198673125.0,-17.03549
2198673281.25,-17.03824
2198673437.5,-17.04106
2198673593.75,-17.043
2198673750.0,-17.0452
2198673906.25,-17.04793
2198674062.5,-17.05059
2198674218.75,-17.05198
2198674375.0,-17.05488
2198674531.25,-17.05926
2198674687.5,-17.06067
2198674843.75,-17.06069
2198675000.0,-17.06594
2198675156.25,-17.06622
2198675312.5,-17.06954
2198675468.75,-17.07305
2198675625.0,-17.07353
2198675781.25,-17.07679
2198675937.5,-17.08002
2198676093.75,-17.08265
2198676250.0,-17.0865
2198676406.25,-17.08677
2198676562.5,-17.09147
2198676718.75,-17.09262
2198676875.0,-17.09447
2198677031.25,-17.09732
2198677187.5,-17.10005
2198677343.75,-17.10114
2198677500.0,-17.10483
2198677656.25,-17.1076
2198677812.5,-17.10884
2198677968.75,-17.11207
2198678125.0,-17.1153
2198678281.25,-17.11739
2198678437.5,-17.11899
2198678593.75,-17.1231
2198678750.0,-17.12498
2198678906.25,-17.12774
2198679062.5,-17.12948
2198679218.75,-17.13177
2198679375.0,-17.13513
2198679531.25,-17.1364
2198679687.5,-17.14091
2198679843.75,-17.14367
2198680000.0,-17.14494
2198680156.25,-17.14569
2198680312.5,-17.14863
2198680468.75,-17.15051
2198680625.0,-17.15432
2198680781.25,-17.15594
2198680937.5,-17.15922
2198681093.75,-17.16096
2198681250.0,-17.16432
2198681406.25,-17.16705
2198681562.5,-17.17002
2198681718.75,-17.17133
2198681875.0,-17.17393
2198682031.25,-17.17669
2198682187.5,-17.17887
2198682343.75,-17.18059
2198682500.0,-17.18279
2198682656.25,-17.18663
2198682812.5,-17.18939
2198682968.75,-17.19003
2198683125.0,-17.19415
2198683281.25,-17.19647
2198683437.5,-17.19839
2198683593.75,-17.201
2198683750.0,-17.20327
2198683906.25,-17.20585
2198684062.5,-17.20916
2198684218.75,-17.2117
2198684375.0,-17.21358
2198684531.25,-17.21475
2198684687.5,-17.21775
2198684843.75,-17.21918
2198685000.0,-17.2222
2198685156.25,-17.22574
2198685312.5,-17.22679
2198685468.75,-17.23031
2198685625.0,-17.23298
2198685781.25,-17.23554
2198685937.5,-17.23799
2198686093.75,-17.24027
2198686250.0,-17.24281
2198686406.25,-17.24503
2198686562.5,-17.24797
2198686718.75,-17.24893
2198686875.0,-17.2527
2198687031.25,-17.25541
2198687187.5,-17.25752
2198687343.75,-17.25933
2198687500.0,-17.26174
2198687656.25,-17.26564
2198687812.5,-17.26841
2198687968.75,-17.26965
2198688125.0,-17.27235
2198688281.25,-17.27474
2198688437.5,-17.27728
2198688593.75,-17.28039
2198688750.0,-17.28098
2198688906.25,-17.28421
2198689062.5,-17.28708
2198689218.75,-17.28949
2198689375.0,-17.29128
2198689531.25,-17.2937
2198689687.5,-17.29666
2198689843.75,-17.29712
2198690000.0,-17.30103
2198690156.25,-17.30295
2198690312.5,-17.30688
2198690468.75,-17.30855
2198690625.0,-17.31083
2198690781.25,-17.31342
2198690937.5,-17.31626
2198691093.75,-17.31793
2198691250.0,-17.32085
2198691406.25,-17.32361
2198691562.5,-17.3251
2198691718.75,-17.32671
2198691875.0,-17.32963
2198692031.25,-17.33098
2198692187.5,-17.33511
2198692343.75,-17.33838
2198692500.0,-17.33989
2198692656.25,-17.34262
2198692812.5,-17.34371
2198692968.75,-17.34707
2198693125.0,-17.35002
2198693281.25,-17.35153
2198693437.5,-17.35396
2198693593.75,-17.35708
2198693750.0,-17.35925
2198693906.25,-17.36247
2198694062.5,-17.3639
2198694218.75,-17.36613
2198694375.0,-17.36962
2198694531.25,-17.37125
2198694687.5,-17.37198
2198694843.75,-17.37632
2198695000.0,-17.37932
2198695156.25,-17.38058
2198695312.5,-17.38421
2198695468.75,-17.38597
2198695625.0,-17.38718
2198695781.25,-17.39132
2198695937.5,-17.39255
2198696093.75,-17.39554
2198696250.0,-17.39687
2198696406.25,-17.39965
2198696562.5,-17.4025
2198696718.75,-17.40442
2198696875.0,-17.40788
2198697031.25,-17.41027
2198697187.5,-17.41214
2198697343.75,-17.41295
2198697500.0,-17.41517
2198697656.25,-17.42057
2198697812.5,-17.42205
2198697968.75,-17.42469
2198698125.0,-17.42637
2198698281.25,-17.42913
2198698437.5,-17.43046
2198698593.75,-17.43179
2198698750.0,-17.43557
2198698906.25,-17.43848
2198699062.5,-17.4404
2198699218.75,-17.44245
2198699375.0,-17.44548
2198699531.25,-17.44961
2198699687.5,-17.45096
2198699843.75,-17.45372
2198700000.0,-17.4538
2198700156.25,-17.45789
2198700312.5,-17.46023
2198700468.75,-17.46338
2198700625.0,-17.46441
2198700781.25,-17.46741
2198700937.5,-17.47046
2198701093.75,-17.47189
2198701250.0,-17.47512
2198701406.25,-17.47659
2198701562.5,-17.47805
2198701718.75,-17.48099
2198701875.0,-17.48589
2198702031.25,-17.48633
2198702187.5,-17.48961
2198702343.75,-17.49045
2198702500.0,-17.49375
2198702656.25,-17.4962
2198702812.5,-17.49738
2198702968.75,-17.50021
2198703125.0,-17.50232
2198703281.25,-17.50589
2198703437.5,-17.50836
2198703593.75,-17.51044
2198703750.0,-17.51226
2198703906.25,-17.51444
2198704062.5,-17.5183
2198704218.75,-17.51918
2198704375.0,-17.52196
2198704531.25,-17.52554
2198704687.5,-17.52747
2198704843.75,-17.52999
2198705000.0,-17.53308
2198705156.25,-17.53408
2198705312.5,-17.53633
2198705468.75,-17.53897
2198705625.0,-17.54213
2198705781.25,-17.5421
2198705937.5,-17.5459
2198706093.75,-17.54887
2198706250.0,-17.55048
2198706406.25,-17.55156
2198706562.5,-17.55457
2198706718.75,-17.55835
2198706875.0,-17.56144
2198707031.25,-17.56238
2198707187.5,-17.56486
2198707343.75,-17.56844
2198707500.0,-17.56848
2198707656.25,-17.57257
2198707812.5,-17.57471
2198707968.75,-17.57673
2198708125.0,-17.57983
2198708281.25,-17.58041
2198708437.5,-17.58462
2198708593.75,-17.58602
2198708750.0,-17.58808
2198708906.25,-17.58999
2198709062.5,-17.59233
2198709218.75,-17.59537
2198709375.0,-17.59795
2198709531.25,-17.59902
2198709687.5,-17.60241
2198709843.75,-17.60413
2198710000.0,-17.60696
2198710156.25,-17.60998
2198710312.5,-17.61242
2198710468.75,-17.6146
2198710625.0,-17.616
2198710781.25,-17.61907
2198710937.5,-17.62068
2198711093.75,-17.62424
2198711250.0,-17.62515
2198711406.25,-17.62726
2198711562.5,-17.63113
2198711718.75,-17.63331
2198711875.0,-17.63537
2198712031.25,-17.63802
2198712187.5,-17.64094
2198712343.75,-17.64152
2198712500.0,-17.64522
2198712656.25,-17.64637
2198712812.5,-17.64816
2198712968.75,-17.65145
2198713125.0,-17.65357
2198713281.25,-17.656
2198713437.5,-17.65899
2198713593.75,-17.66194
2198713750.0,-17.66327
2198713906.25,-17.66822
2198714062.5,-17.66881
2198714218.75,-17.66979
2198714375.0,-17.67275
2198714531.25,-17.67523
2198714687.5,-17.67735
2198714843.75,-17.68052
2198715000.0,-17.6826
2198715156.25,-17.68578
2198715312.5,-17.68785
2198715468.75,-17.68954
2198715625.0,-17.69188
2198715781.25,-17.69367
2198715937.5,-17.69723
2198716093.75,-17.69962
2198716250.0,-17.70186
2198716406.25,-17.70485
2198716562.5,-17.70577
2198716718.75,-17.70823
2198716875.0,-17.70925
2198717031.25,-17.71269
2198717187.5,-17.71403
2198717343.75,-17.71758
2198717500.0,-17.71995
2198717656.25,-17.72212
2198717812.5,-17.72391
2198717968.75,-17.72745
2198718125.0,-17.72889
2198718281.25,-17.72974
2198718437.5,-17.73327
2198718593.75,-17.73553
2198718750.0,-17.73966
2198718906.25,-17.74085
2198719062.5,-17.7428
2198719218.75,-17.74629
2198719375.0,-17.7459
2198719531.25,-17.74939
2198719687.5,-17.75258
2198719843.75,-17.75511
2198720000.0,-17.75727
2198720156.25,-17.75961
2198720312.5,-17.75965
2198720468.75,-17.76391
2198720625.0,-17.7672
2198720781.25,-17.76881
2198720937.5,-17.77004
2198721093.75,-17.77267
2198721250.0,-17.77666
2198721406.25,-17.77787
2198721562.5,-17.77924
2198721718.75,-17.78253
2198721875.0,-17.78418
2198722031.25,-17.78571
2198722187.5,-17.79106
2198722343.75,-17.79202
2198722500.0,-17.79297
2198722656.25,-17.79734
2198722812.5,-17.80004
2198722968.75,-17.80101
2198723125.0,-17.80261
2198723281.25,-17.80549
2198723437.5,-17.80843
2198723593.75,-17.80993
2198723750.0,-17.81204
2198723906.25,-17.81462
2198724062.5,-17.81717
2198724218.75,-17.8199
2198724375.0,-17.82206
2198724531.25,-17.82425
2198724687.5,-17.82736
2198724843.75,-17.82731
2198725000.0,-17.83138
2198725156.25,-17.83337
2198725312.5,-17.83645
2198725468.75,-17.83708
2198725625.0,-17.83883
2198725781.25,-17.84293
2198725937.5,-17.84384
2198726093.75,-17.84793
2198726250.0,-17.8488
2198726406.25,-17.85166
2198726562.5,-17.85496
2198726718.75,-17.85758
2198726875.0,-17.85941
2198727031.25,-17.85973
2198727187.5,-17.863
2198727343.75,-17.86672
2198727500.0,-17.86919
2198727656.25,-17.87015
2198727812.5,-17.87285
2198727968.75,-17.87371
2198728125.0,-17.87704
2198728281.25,-17.88005
2198728437.5,-17.88225
2198728593.75,-17.88487
2198728750.0,-17.88646
2198728906.25,-17.88867
2198729062.5,-17.89064
2198729218.75,-17.89293
2198729375.0,-17.89567
2198729531.25,-17.89693
2198729687.5,-17.901
2198729843.75,-17.90162
2198730000.0,-17.90442
2198730156.25,-17.90752
2198730312.5,-17.90855
2198730468.75,-17.91063
2198730625.0,-17.91349
2198730781.25,-17.91572
2198730937.5,-17.91808
2198731093.75,-17.92122
2198731250.0,-17.9236
2198731406.25,-17.92509
2198731562.5,-17.9283
2198731718.75,-17.93036
2198731875.0,-17.93249
2198732031.25,-17.93362
2198732187.5,-17.93734
2198732343.75,-17.93979
2198732500.0,-17.93983
2198732656.25,-17.94486
2198732812.5,-17.94382
2198732968.75,-17.94859
2198733125.0,-17.95052
2198733281.25,-17.95449
2198733437.5,-17.95477
2198733593.75,-17.95683
2198733750.0,-17.95981
2198733906.25,-17.9611
2198734062.5,-17.96283
2198734218.75,-17.96651
2198734375.0,-17.96716
2198734531.25,-17.97128
2198734687.5,-17.97265
2198734843.75,-17.97448
2198735000.0,-17.97696
2198735156.25,-17.98099
2198735312.5,-17.98243
2198735468.75,-17.98417
2198735625.0,-17.98813
2198735781.25,-17.98865
2198735937.5,-17.99147
2198736093.75,-17.99297
2198736250.0,-17.99526
2198736406.25,-17.99938
2198736562.5,-18.00044
2198736718.75,-18.00339
2198736875.0,-18.00459
2198737031.25,-18.00743
2198737187.5,-18.00891
2198737343.75,-18.01108
2198737500.0,-18.01504
2198737656.25,-18.01565
2198737812.5,-18.01899
2198737968.75,-18.0212
2198738125.0,-18.02254
2198738281.25,-18.02481
2198738437.5,-18.02689
2198738593.75,-18.03089
2198738750.0,-18.0323
2198738906.25,-18.0348
2198739062.5,-18.03555
2198739218.75,-18.0382
2198739375.0,-18.04151
2198739531.25,-18.04381
2198739687.5,-18.04755
2198739843.75,-18.04775
2198740000.0,-18.05038
2198740156.25,-18.05224
2198740312.5,-18.0546
2198740468.75,-18.05828
2198740625.0,-18.05813
2198740781.25,-18.06105
2198740937.5,-18.06492
2198741093.75,-18.06579
2198741250.0,-18.068
2198741406.25,-18.06995
2198741562.5,-18.07445
2198741718.75,-18.07549
2198741875.0,-18.07741
2198742031.25,-18.08013
2198742187.5,-18.08331
2198742343.75,-18.08402
2198742500.0,-18.08545
2198742656.25,-18.08848
2198742812.5,-18.09117
2198742968.75,-18.09409
2198743125.0,-18.09497
2198743281.25,-18.09833
2198743437.5,-18.10042
2198743593.75,-18.10231
2198743750.0,-18.104
2198743906.25,-18.10474
2198744062.5,-18.1094
2198744218.75,-18.10999
2198744375.0,-18.11314
2198744531.25,-18.11478
2198744687.5,-18.11663
2198744843.75,-18.11949
2198745000.0,-18.12234
2198745156.25,-18.12405
2198745312.5,-18.12775
2198745468.75,-18.12887
2198745625.0,-18.13139
2198745781.25,-18.13362
2198745937.5,-18.13568
2198746093.75,-18.1371
2198746250.0,-18.14072
2198746406.25,-18.14209
2198746562.5,-18.14499
2198746718.75,-18.14682
2198746875.0,-18.15021
2198747031.25,-18.15147
2198747187.5,-18.15306
2198747343.75,-18.15656
2198747500.0,-18.15721
2198747656.25,-18.16002
2198747812.5,-18.16284
2198747968.75,-18.16474
2198748125.0,-18.16707
2198748281.25,-18.17017
2198748437.5,-18.16936
2198748593.75,-18.17331
2198748750.0,-18.17554
2198748906.25,-18.17775
2198749062.5,-18.18171
2198749218.75,-18.18223
2198749375.0,-18.18384
2198749531.25,-18.18724
2198749687.5,-18.18894
2198749843.75,-18.1918
2198750000.0,-18.1927
2198750156.25,-18.19751
2198750312.5,-18.19898
2198750468.75,-18.1998
2198750625.0,-18.20217
2198750781.25,-18.20539
2198750937.5,-18.20707
2198751093.75,-18.21037
2198751250.0,-18.21281
2198751406.25,-18.21391
2198751562.5,-18.21508
2198751718.75,-18.21917
2198751875.0,-18.22136
2198752031.25,-18.22292
2198752187.5,-18.22485
2198752343.75,-18.22771
2198752500.0,-18.22982
2198752656.25,-18.23231
2198752812.5,-18.23471
2198752968.75,-18.23603
2198753125.0,-18.2392
2198753281.25,-18.23974
2198753437.5,-18.24183
2198753593.75,-18.24483
2198753750.0,-18.24616
2198753906.25,-18.24981
2198754062.5,-18.25185
2198754218.75,-18.25369
2198754375.0,-18.25511
2198754531.25,-18.25757
2198754687.5,-18.26166
2198754843.75,-18.26251
2198755000.0,-18.26534
2198755156.25,-18.26684
2198755312.5,-18.26975
2198755468.75,-18.27226
2198755625.0,-18.27368
2198755781.25,-18.27554
2198755937.5,-18.27825
2198756093.75,-18.27963
2198756250.0,-18.28168
2198756406.25,-18.28492
2198756562.5,-18.28697
2198756718.75,-18.29085
2198756875.0,-18.2897
2198757031.25,-18.2946
2198757187.5,-18.29606
2198757343.75,-18.29837
2198757500.0,-18.29901
2198757656.25,-18.30309
2198757812.5,-18.30469
2198757968.75,-18.30499
2198758125.0,-18.30831
2198758281.25,-18.31024
2198758437.5,-18.31352
2198758593.75,-18.31412
2198758750.0,-18.31711
2198758906.25,-18.31976
2198759062.5,-18.32175
2198759218.75,-18.32514
2198759375.0,-18.32514
2198759531.25,-18.32839
2198759687.5,-18.32997
2198759843.75,-18.33469
2198760000.0,-18.33571
2198760156.25,-18.33903
2198760312.5,-18.33889
2198760468.75,-18.34182
2198760625.0,-18.34381
2198760781.25,-18.34764
2198760937.5,-18.34828
2198761093.75,-18.3514
2198761250.0,-18.35213
2198761406.25,-18.3539
2198761562.5,-18.35824
2198761718.75,-18.3594
2198761875.0,-18.36198
2198762031.25,-18.36339
2198762187.5,-18.36566
2198762343.75,-18.36758
2198762500.0,-18.36943
2198762656.25,-18.37143
2198762812.5,-18.37483
2198762968.75,-18.37646
2198763125.0,-18.38103
2198763281.25,-18.38142
2198763437.5,-18.38356
2198763593.75,-18.38521
2198763750.0,-18.38802
2198763906.25,-18.38831
2198764062.5,-18.39193
2198764218.75,-18.39523
2198764375.0,-18.39507
2198764531.25,-18.39715
2198764687.5,-18.40159
2198764843.75,-18.40247
2198765000.0,-18.40474
2198765156.25,-18.40769
2198765312.5,-18.40829
2198765468.75,-18.41179
2198765625.0,-18.41326
2198765781.25,-18.41544
2198765937.5,-18.41914
2198766093.75,-18.41949
2198766250.0,-18.42187
2198766406.25,-18.42456
2198766562.5,-18.4269
2198766718.75,-18.42871
2198766875.0,-18.4311
2198767031.25,-18.43387
2198767187.5,-18.43589
2198767343.75,-18.43752
2198767500.0,-18.43817
2198767656.25,-18.44118
2198767812.5,-18.44385
2198767968.75,-18.44569
2198768125.0,-18.44987
2198768281.25,-18.45061
2198768437.5,-18.45365
2198768593.75,-18.45525
2198768750.0,-18.45765
2198768906.25,-18.45943
2198769062.5,-18.46138
2198769218.75,-18.46353
2198769375.0,-18.46754
2198769531.25,-18.46924
2198769687.5,-18.4708
2198769843.75,-18.47201
2198770000.0,-18.47324
2198770156.25,-18.47546
2198770312.5,-18.47897
2198770468.75,-18.48043
2198770625.0,-18.4819
2198770781.25,-18.48643
2198770937.5,-18.48846
2198771093.75,-18.48978
2198771250.0,-18.48976
2198771406.25,-18.49578
2198771562.5,-18.49741
2198771718.75,-18.49708
2198771875.0,-18.50034
2198772031.25,-18.50199
2198772187.5,-18.50434
2198772343.75,-18.50612
2198772500.0,-18.50974
2198772656.25,-18.51022
2198772812.5,-18.5132
2198772968.75,-18.51564
2198773125.0,-18.51955
2198773281.25,-18.51981
2198773437.5,-18.52116
2198773593.75,-18.52498
2198773750.0,-18.52723
2198773906.25,-18.52834
2198774062.5,-18.53029
2198774218.75,-18.53325
2198774375.0,-18.53527
2198774531.25,-18.5375
2198774687.5,-18.53959
2198774843.75,-18.54234
2198775000.0,-18.54411
2198775156.25,-18.54675
2198775312.5,-18.54826
2198775468.75,-18.54898
2198775625.0,-18.55241
2198775781.25,-18.55546
2198775937.5,-18.55687
2198776093.75,-18.55686
2198776250.0,-18.5611
2198776406.25,-18.5636
2198776562.5,-18.56472
2198776718.75,-18.56826
2198776875.0,-18.56891
2198777031.25,-18.57144
2198777187.5,-18.57377
2198777343.75,-18.57486
2198777500.0,-18.57706
2198777656.25,-18.58052
2198777812.5,-18.58202
2198777968.75,-18.58517
2198778125.0,-18.58639
2198778281.25,-18.589
2198778437.5,-18.59074
2198778593.75,-18.59263
2198778750.0,-18.59477
2198778906.25,-18.59404
2198779062.5,-18.59896
2198779218.75,-18.60074
2198779375.0,-18.60335
2198779531.25,-18.60539
2198779687.5,-18.60789
2198779843.75,-18.6095
2198780000.0,-18.6106
2198780156.25,-18.61388
2198780312.5,-18.61578
2198780468.75,-18.61703
2198780625.0,-18.62086
2198780781.25,-18.62344
2198780937.5,-18.62493
2198781093.75,-18.62716
2198781250.0,-18.6273
2198781406.25,-18.63081
2198781562.5,-18.63298
2198781718.75,-18.63413
2198781875.0,-18.63789
2198782031.25,-18.63947
2198782187.5,-18.64085
2198782343.75,-18.64472
2198782500.0,-18.64801
2198782656.25,-18.64888
2198782812.5,-18.65136
2198782968.75,-18.65393
2198783125.0,-18.65469
2198783281.25,-18.65629
2198783437.5,-18.66036
2198783593.75,-18.66087
2198783750.0,-18.66397
2198783906.25,-18.66602
2198784062.5,-18.66848
2198784218.75,-18.66939
2198784375.0,-18.67319
2198784531.25,-18.67333
2198784687.5,-18.67512
2198784843.75,-18.67786
2198785000.0,-18.68135
2198785156.25,-18.68147
2198785312.5,-18.68168
2198785468.75,-18.68545
2198785625.0,-18.68836
2198785781.25,-18.69098
2198785937.5,-18.69223
2198786093.75,-18.69562
2198786250.0,-18.69755
2198786406.25,-18.69841
2198786562.5,-18.70188
2198786718.75,-18.7028
2198786875.0,-18.70563
2198787031.25,-18.70664
2198787187.5,-18.70974
2198787343.75,-18.7128
2198787500.0,-18.71279
2198787656.25,-18.71674
2198787812.5,-18.71798
2198787968.75,-18.72109
2198788125.0,-18.7229
2198788281.25,-18.72502
2198788437.5,-18.72566
2198788593.75,-18.72993
2198788750.0,-18.73072
2198788906.25,-18.73358
2198789062.5,-18.73572
2198789218.75,-18.73816
2198789375.0,-18.73915
2198789531.25,-18.74004
2198789687.5,-18.74251
2198789843.75,-18.74663
2198790000.0,-18.74772
2198790156.25,-18.75049
2198790312.5,-18.75089
2198790468.75,-18.7538
2198790625.0,-18.75685
2198790781.25,-18.76003
2198790937.5,-18.76138
2198791093.75,-18.76297
2198791250.0,-18.76579
2198791406.25,-18.7666
2198791562.5,-18.76859
2198791718.75,-18.76998
2198791875.0,-18.77309
2198792031.25,-18.77601
2198792187.5,-18.77758
2198792343.75,-18.77933
2198792500.0,-18.78117
2198792656.25,-18.78386
2198792812.5,-18.78511
2198792968.75,-18.78813
2198793125.0,-18.79018
2198793281.25,-18.79265
2198793437.5,-18.79435
2198793593.75,-18.79541
2198793750.0,-18.79909
2198793906.25,-18.80009
2198794062.5,-18.80183
2198794218.75,-18.80571
2198794375.0,-18.80571
2198794531.25,-18.80759
2198794687.5,-18.81035
2198794843.75,-18.8128
2198795000.0,-18.81707
2198795156.25,-18.81762
2198795312.5,-18.81949
2198795468.75,-18.82102
2198795625.0,-18.82453
2198795781.25,-18.82445
2198795937.5,-18.82762
2198796093.75,-18.82824
2198796250.0,-18.83143
2198796406.25,-18.83425
2198796562.5,-18.83523
2198796718.75,-18.83769
2198796875.0,-18.84258
2198797031.25,-18.84177
2198797187.5,-18.84531
2198797343.75,-18.84608
2198797500.0,-18.84844
2198797656.25,-18.85002
2198797812.5,-18.85329
2198797968.75,-18.85566
2198798125.0,-18.85685
2198798281.25,-18.85665
2198798437.5,-18.86002
2198798593.75,-18.86205
2198798750.0,-18.86457
2198798906.25,-18.86728
2198799062.5,-18.86938
2198799218.75,-18.87118
2198799375.0,-18.87291
2198799531.25,-18.87518
2198799687.5,-18.87557
2198799843.75,-18.87879
2198800000.0,-18.88184
2198800156.25,-18.88313
2198800312.5,-18.88532
2198800468.75,-18.88791
2198800625.0,-18.89003
2198800781.25,-18.89159
2198800937.5,-18.89413
2198801093.75,-18.89657
2198801250.0,-18.89804
2198801406.25,-18.89905
2198801562.5,-18.90143
2198801718.75,-18.90286
2198801875.0,-18.90705
2198802031.25,-18.90859
2198802187.5,-18.91171
2198802343.75,-18.91235
2198802500.0,-18.91491
2198802656.25,-18.91793
2198802812.5,-18.9183
2198802968.75,-18.92061
2198803125.0,-18.92377
2198803281.25,-18.92566
2198803437.5,-18.92695
2198803593.75,-18.92885
2198803750.0,-18.93193
2198803906.25,-18.93328
2198804062.5,-18.93425
2198804218.75,-18.93809
2198804375.0,-18.94125
2198804531.25,-18.94147
2198804687.5,-18.94275
2198804843.75,-18.94656
2198805000.0,-18.94792
2198805156.25,-18.94932
2198805312.5,-18.95259
2198805468.75,-18.95452
2198805625.0,-18.95636
2198805781.25,-18.95613
2198805937.5,-18.96077
2198806093.75,-18.9614
2198806250.0,-18.96482
2198806406.25,-18.96707
2198806562.5,-18.96969
2198806718.75,-18.96966
2198806875.0,-18.97202
2198807031.25,-18.97416
2198807187.5,-18.97563
2198807343.75,-18.97922
2198807500.0,-18.98129
2198807656.25,-18.98354
2198807812.5,-18.98455
2198807968.75,-18.98617
2198808125.0,-18.9881
2198808281.25,-18.99102
2198808437.5,-18.99335
2198808593.75,-18.99658
2198808750.0,-18.99707
2198808906.25,-18.99934
2198809062.5,-19.00183
2198809218.75,-19.00395
2198809375.0,-19.00638
2198809531.25,-19.00911
2198809687.5,-19.00872
2198809843.75,-19.01237
2198810000.0,-19.01222
2198810156.25,-19.0163
2198810312.5,-19.01888
2198810468.75,-19.02042
2198810625.0,-19.0225
2198810781.25,-19.02314
2198810937.5,-19.02708
2198811093.75,-19.02706
2198811250.0,-19.03133
2198811406.25,-19.03377
2198811562.5,-19.03301
2198811718.75,-19.03599
2198811875.0,-19.03927
2198812031.25,-19.03998
2198812187.5,-19.04149
2198812343.75,-19.04505
2198812500.0,-19.04657
2198812656.25,-19.04786
2198812812.5,-19.04969
2198812968.75,-19.05225
2198813125.0,-19.05238
2198813281.25,-19.05617
2198813437.5,-19.05803
2198813593.75,-19.06141
2198813750.0,-19.06156
2198813906.25,-19.06505
2198814062.5,-19.06722
2198814218.75,-19.06842
2198814375.0,-19.07274
2198814531.25,-19.07225
2198814687.5,-19.07407
2198814843.75,-19.07896
2198815000.0,-19.07946
2198815156.25,-19.08178
2198815312.5,-19.08326
2198815468.75,-19.08558
2198815625.0,-19.08673
2198815781.25,-19.08854
2198815937.5,-19.093
2198816093.75,-19.09287
2198816250.0,-19.09631
2198816406.25,-19.09753
2198816562.5,-19.09971
2198816718.75,-19.0993
2198816875.0,-19.10347
2198817031.25,-19.10619
2198817187.5,-19.10735
2198817343.75,-19.11105
2198817500.0,-19.11299
2198817656.25,-19.11506
2198817812.5,-19.11617
2198817968.75,-19.11819
2198818125.0,-19.11858
2198818281.25,-19.12059
2198818437.5,-19.12437
2198818593.75,-19.12534
2198818750.0,-19.12752
2198818906.25,-19.13042
2198819062.5,-19.13219
2198819218.75,-19.13489
2198819375.0,-19.13505
2198819531.25,-19.13859
2198819687.5,-19.14011
2198819843.75,-19.14091
2198820000.0,-19.14325
2198820156.25,-19.14754
2198820312.5,-19.14615
2198820468.75,-19.15
2198820625.0,-19.15043
2198820781.25,-19.15438
2198820937.5,-19.15678
2198821093.75,-19.15827
2198821250.0,-19.15902
2198821406.25,-19.16185
2198821562.5,-19.16429
2198821718.75,-19.16504
2198821875.0,-19.16795
2198822031.25,-19.17075
2198822187.5,-19.17217
2198822343.75,-19.17535
2198822500.0,-19.17647
2198822656.25,-19.18001
2198822812.5,-19.18017
2198822968.75,-19.18242
2198823125.0,-19.18332
2198823281.25,-19.18617
2198823437.5,-19.188
2198823593.75,-19.19016
2198823750.0,-19.19162
2198823906.25,-19.19541
2198824062.5,-19.19601
2198824218.75,-19.19845
2198824375.0,-19.20098
2198824531.25,-19.2002
2198824687.5,-19.20259
2198824843.75,-19.20506
2198825000.0,-19.20705
2198825156.25,-19.21158
2198825312.5,-19.21047
2198825468.75,-19.21448
2198825625.0,-19.21752
2198825781.25,-19.21911
2198825937.5,-19.22053
2198826093.75,-19.22153
2198826250.0,-19.22687
2198826406.25,-19.22662
2198826562.5,-19.22779
2198826718.75,-19.23066
2198826875.0,-19.23257
2198827031.25,-19.23402
2198827187.5,-19.23504
2198827343.75,-19.23701
2198827500.0,-19.2398
2198827656.25,-19.24105
2198827812.5,-19.24508
2198827968.75,-19.24479
2198828125.0,-19.2494
2198828281.25,-19.25096
2198828437.5,-19.25244
2198828593.75,-19.25738
2198828750.0,-19.25795
2198828906.25,-19.25877
2198829062.5,-19.26081
2198829218.75,-19.2614
2198829375.0,-19.26398
2198829531.25,-19.26764
2198829687.5,-19.26961
2198829843.75,-19.27001
2198830000.0,-19.27168
2198830156.25,-19.27595
2198830312.5,-19.27723
2198830468.75,-19.27876
2198830625.0,-19.28125
2198830781.25,-19.28242
2198830937.5,-19.28463
2198831093.75,-19.28503
2198831250.0,-19.28796
2198831406.25,-19.29003
2198831562.5,-19.29177
2198831718.75,-19.29331
2198831875.0,-19.29595
2198832031.25,-19.2979
2198832187.5,-19.2994
2198832343.75,-19.3017
2198832500.0,-19.30451
2198832656.25,-19.3066
2198832812.5,-19.3077
2198832968.75,-19.31139
2198833125.0,-19.31118
2198833281.25,-19.31321
2198833437.5,-19.31616
2198833593.75,-19.31693
2198833750.0,-19.31861
2198833906.25,-19.32143
2198834062.5,-19.3244
2198834218.75,-19.32635
2198834375.0,-19.32833
2198834531.25,-19.3286
2198834687.5,-19.33218
2198834843.75,-19.33377
2198835000.0,-19.33572
2198835156.25,-19.33711
2198835312.5,-19.34046
2198835468.75,-19.3415
2198835625.0,-19.34462
2198835781.25,-19.34421
2198835937.5,-19.34703
2198836093.75,-19.34992
2198836250.0,-19.35134
2198836406.25,-19.35457
2198836562.5,-19.35555
2198836718.75,-19.3573
2198836875.0,-19.35928
2198837031.25,-19.36126
2198837187.5,-19.3631
2198837343.75,-19.36513
2198837500.0,-19.36728
2198837656.25,-19.37148
2198837812.5,-19.37084
2198837968.75,-19.3739
2198838125.0,-19.37567
2198838281.25,-19.37694
2198838437.5,-19.37898
2198838593.75,-19.37985
2198838750.0,-19.38295
2198838906.25,-19.38485
2198839062.5,-19.3879
2198839218.75,-19.39095
2198839375.0,-19.39247
2198839531.25,-19.39453
2198839687.5,-19.39365
2198839843.75,-19.39708
2198840000.0,-19.4013
2198840156.25,-19.40074
2198840312.5,-19.40233
2198840468.75,-19.40493
2198840625.0,-19.4077
2198840781.25,-19.40933
2198840937.5,-19.41013
2198841093.75,-19.41449
2198841250.0,-19.41554
2198841406.25,-19.41654
2198841562.5,-19.41862
2198841718.75,-19.42052
2198841875.0,-19.42221
2198842031.25,-19.4242
2198842187.5,-19.42791
2198842343.75,-19.42866
2198842500.0,-19.4302
2198842656.25,-19.43287
2198842812.5,-19.43431
2198842968.75,-19.43859
2198843125.0,-19.43879
2198843281.25,-19.43999
2198843437.5,-19.442
2198843593.75,-19.44454
2198843750.0,-19.44665
2198843906.25,-19.44944
2198844062.5,-19.44947
2198844218.75,-19.4533
2198844375.0,-19.45359
2198844531.25,-19.45717
2198844687.5,-19.46023
2198844843.75,-19.46111
2198845000.0,-19.46092
2198845156.25,-19.46358
2198845312.5,-19.46456
2198845468.75,-19.46685
2198845625.0,-19.47018
2198845781.25,-19.47228
2198845937.5,-19.4735
2198846093.75,-19.47647
2198846250.0,-19.47691
2198846406.25,-19.47869
2198846562.5,-19.48213
2198846718.75,-19.48448
2198846875.0,-19.48515
2198847031.25,-19.48853
2198847187.5,-19.48843
2198847343.75,-19.4916
2198847500.0,-19.49421
2198847656.25,-19.49606
2198847812.5,-19.49914
2198847968.75,-19.49878
2198848125.0,-19.49978
2198848281.25,-19.50486
2198848437.5,-19.50625
2198848593.75,-19.50619
2198848750.0,-19.50981
2198848906.25,-19.50944
2198849062.5,-19.51198
2198849218.75,-19.51524
2198849375.0,-19.51758
2198849531.25,-19.51711
2198849687.5,-19.52085
2198849843.75,-19.52254
2198850000.0,-19.52422
2198850156.25,-19.52725
2198850312.5,-19.52806
2198850468.75,-19.53129
2198850625.0,-19.53152
2198850781.25,-19.53272
2198850937.5,-19.53886
2198851093.75,-19.53843
2198851250.0,-19.53978
2198851406.25,-19.54194
2198851562.5,-19.54409
2198851718.75,-19.54639
2198851875.0,-19.54761
2198852031.25,-19.55022
2198852187.5,-19.55217
2198852343.75,-19.55522
2198852500.0,-19.55412
2198852656.25,-19.55805
2198852812.5,-19.55919
2198852968.75,-19.56136
2198853125.0,-19.56241
2198853281.25,-19.56475
2198853437.5,-19.56903
2198853593.75,-19.5702
2198853750.0,-19.57091
2198853906.25,-19.57395
2198854062.5,-19.57572
2198854218.75,-19.57647
2198854375.0,-19.5793
2198854531.25,-19.58082
2198854687.5,-19.58332
2198854843.75,-19.5847
2198855000.0,-19.58646
2198855156.25,-19.58805
2198855312.5,-19.58977
2198855468.75,-19.59373
2198855625.0,-19.59354
2198855781.25,-19.59653
2198855937.5,-19.59803
2198856093.75,-19.60074
2198856250.0,-19.60094
2198856406.25,-19.60328
2198856562.5,-19.60655
2198856718.75,-19.60837
2198856875.0,-19.60979
2198857031.25,-19.61016
2198857187.5,-19.61443
2198857343.75,-19.61525
2198857500.0,-19.61802
2198857656.25,-19.61973
2198857812.5,-19.61945
2198857968.75,-19.62416
2198858125.0,-19.62499
2198858281.25,-19.62558
2198858437.5,-19.62895
2198858593.75,-19.63211
2198858750.0,-19.63363
2198858906.25,-19.63583
2198859062.5,-19.63742
2198859218.75,-19.63667
2198859375.0,-19.64078
2198859531.25,-19.64225
2198859687.5,-19.64262
2198859843.75,-19.64603
2198860000.0,-19.649
2198860156.25,-19.64966
2198860312.5,-19.65201
2198860468.75,-19.65486
2198860625.0,-19.65422
2198860781.25,-19.65991
2198860937.5,-19.65896
2198861093.75,-19.66104
2198861250.0,-19.66272
2198861406.25,-19.665
2198861562.5,-19.66688
2198861718.75,-19.66904
2198861875.0,-19.67014
2198862031.25,-19.67353
2198862187.5,-19.67418
2198862343.75,-19.67624
2198862500.0,-19.67997
2198862656.25,-19.68158
2198862812.5,-19.68379
2198862968.75,-19.68368
2198863125.0,-19.68687
2198863281.25,-19.68809
2198863437.5,-19.69023
2198863593.75,-19.69242
2198863750.0,-19.69471
2198863906.25,-19.69541
2198864062.5,-19.69866
2198864218.75,-19.69997
2198864375.0,-19.70123
2198864531.25,-19.70437
2198864687.5,-19.70601
2198864843.75,-19.70775
2198865000.0,-19.70938
2198865156.25,-19.71202
2198865312.5,-19.71316
2198865468.75,-19.71402
2198865625.0,-19.7163
2198865781.25,-19.71986
2198865937.5,-19.72064
2198866093.75,-19.72308
2198866250.0,-19.72461
2198866406.25,-19.72732
2198866562.5,-19.72932
2198866718.75,-19.73024
2198866875.0,-19.73263
2198867031.25,-19.73553
2198867187.5,-19.73599
2198867343.75,-19.73954
2198867500.0,-19.74078
2198867656.25,-19.74168
2198867812.5,-19.7441
2198867968.75,-19.74553
2198868125.0,-19.74801
2198868281.25,-19.74937
2198868437.5,-19.75238
2198868593.75,-19.75185
2198868750.0,-19.75467
2198868906.25,-19.75856
2198869062.5,-19.76023
2198869218.75,-19.76324
2198869375.0,-19.76075
2198869531.25,-19.76348
2198869687.5,-19.76719
2198869843.75,-19.76812
2198870000.0,-19.77125
2198870156.25,-19.77105
2198870312.5,-19.77338
2198870468.75,-19.77636
2198870625.0,-19.77873
2198870781.25,-19.77891
2198870937.5,-19.78287
2198871093.75,-19.78398
2198871250.0,-19.78703
2198871406.25,-19.78689
2198871562.5,-19.78845
2198871718.75,-19.79154
2198871875.0,-19.7924
2198872031.25,-19.79416
2198872187.5,-19.7977
2198872343.75,-19.79841
2198872500.0,-19.79994
2198872656.25,-19.80117
2198872812.5,-19.80561
2198872968.75,-19.80728
2198873125.0,-19.80887
2198873281.25,-19.80974
2198873437.5,-19.81251
2198873593.75,-19.81255
2198873750.0,-19.81697
2198873906.25,-19.81841
2198874062.5,-19.81995
2198874218.75,-19.82189
2198874375.0,-19.82449
2198874531.25,-19.82525
2198874687.5,-19.82713
2198874843.75,-19.82871
2198875000.0,-19.82888
2198875156.25,-19.83246
2198875312.5,-19.83541
2198875468.75,-19.83819
2198875625.0,-19.83888
2198875781.25,-19.83988
2198875937.5,-19.84236
2198876093.75,-19.84352
2198876250.0,-19.84528
2198876406.25,-19.84712
2198876562.5,-19.8496
2198876718.75,-19.85064
2198876875.0,-19.85346
2198877031.25,-19.85629
2198877187.5,-19.85717
2198877343.75,-19.85796
2198877500.0,-19.85988
2198877656.25,-19.86219
2198877812.5,-19.86465
2198877968.75,-19.86733
2198878125.0,-19.86699
2198878281.25,-19.86971
2198878437.5,-19.8721
2198878593.75,-19.87152
2198878750.0,-19.87654
2198878906.25,-19.87912
2198879062.5,-19.88009
2198879218.75,-19.88062
2198879375.0,-19.88318
2198879531.25,-19.88364
2198879687.5,-19.88619
2198879843.75,-19.89004
2198880000.0,-19.8913
2198880156.25,-19.89205
2198880312.5,-19.89415
2198880468.75,-19.89664
2198880625.0,-19.8984
2198880781.25,-19.89784
2198880937.5,-19.9016
2198881093.75,-19.90443
2198881250.0,-19.90433
2198881406.25,-19.90876
2198881562.5,-19.91004
2198881718.75,-19.91146
2198881875.0,-19.91377
2198882031.25,-19.91455
2198882187.5,-19.91525
2198882343.75,-19.91896
2198882500.0,-19.9207
2198882656.25,-19.92099
2198882812.5,-19.92386
2198882968.75,-19.92548
2198883125.0,-19.92879
2198883281.25,-19.9295
2198883437.5,-19.93246
2198883593.75,-19.93365
2198883750.0,-19.93487
2198883906.25,-19.93796
2198884062.5,-19.9402
2198884218.75,-19.94039
2198884375.0,-19.94277
2198884531.25,-19.94374
2198884687.5,-19.94496
2198884843.75,-19.94872
2198885000.0,-19.95071
2198885156.25,-19.95222
2198885312.5,-19.95592
2198885468.75,-19.95475
2198885625.0,-19.95725
2198885781.25,-19.95883
2198885937.5,-19.96228
2198886093.75,-19.96253
2198886250.0,-19.96493
2198886406.25,-19.96706
2198886562.5,-19.96812
2198886718.75,-19.9701
2198886875.0,-19.97265
2198887031.25,-19.97387
2198887187.5,-19.97647
2198887343.75,-19.97669
2198887500.0,-19.9833
2198887656.25,-19.98179
2198887812.5,-19.98432
2198887968.75,-19.98507
2198888125.0,-19.98805
2198888281.25,-19.98882
2198888437.5,-19.99099
2198888593.75,-19.99482
2198888750.0,-19.99472
2198888906.25,-19.99742
2198889062.5,-19.99863
2198889218.75,-20.0014
2198889375.0,-20.00148
2198889531.25,-20.00512
2198889687.5,-20.00689
2198889843.75,-20.0074
2198890000.0,-20.01001
2198890156.25,-20.01175
2198890312.5,-20.01219
2198890468.75,-20.01487
2198890625.0,-20.01478
2198890781.25,-20.01833
2198890937.5,-20.02167
2198891093.75,-20.02152
2198891250.0,-20.02311
2198891406.25,-20.02785
2198891562.5,-20.02737
2198891718.75,-20.02871
2198891875.0,-20.03338
2198892031.25,-20.03455
2198892187.5,-20.03821
2198892343.75,-20.03612
2198892500.0,-20.03893
2198892656.25,-20.03792
2198892812.5,-20.04386
2198892968.75,-20.04538
2198893125.0,-20.04656
2198893281.25,-20.04951
2198893437.5,-20.05176
2198893593.75,-20.05278
2198893750.0,-20.05352
2198893906.25,-20.05511
2198894062.5,-20.05736
2198894218.75,-20.05943
2198894375.0,-20.06191
2198894531.25,-20.06322
2198894687.5,-20.0646
2198894843.75,-20.06723
2198895000.0,-20.06961
2198895156.25,-20.0705
2198895312.5,-20.0733
2198895468.75,-20.07296
2198895625.0,-20.07509
2198895781.25,-20.07835
2198895937.5,-20.08188
2198896093.75,-20.08171
2198896250.0,-20.08307
2198896406.25,-20.08521
2198896562.5,-20.08774
2198896718.75,-20.08881
2198896875.0,-20.09059
2198897031.25,-20.09244
2198897187.5,-20.09466
2198897343.75,-20.09561
2198897500.0,-20.09673
2198897656.25,-20.1007
2198897812.5,-20.10319
2198897968.75,-20.10439
2198898125.0,-20.10528
2198898281.25,-20.10717
2198898437.5,-20.10766
2198898593.75,-20.11006
2198898750.0,-20.11203
2198898906.25,-20.11323
2198899062.5,-20.11654
2198899218.75,-20.1176
2198899375.0,-20.12081
2198899531.25,-20.12157
2198899687.5,-20.12307
2198899843.75,-20.12478
2198900000.0,-20.125
2198900156.25,-20.13138
2198900312.5,-20.13047
2198900468.75,-20.13276
2198900625.0,-20.13456
2198900781.25,-20.13531
2198900937.5,-20.13832
2198901093.75,-20.13969
2198901250.0,-20.14359
2198901406.25,-20.14267
2198901562.5,-20.1453
2198901718.75,-20.14714
2198901875.0,-20.14894
2198902031.25,-20.15059
2198902187.5,-20.15158
2198902343.75,-20.154
2198902500.0,-20.15657
2198902656.25,-20.15783
2198902812.5,-20.16012
2198902968.75,-20.16243
2198903125.0,-20.16472
2198903281.25,-20.16398
2198903437.5,-20.16634
2198903593.75,-20.1676
2198903750.0,-20.16986
2198903906.25,-20.17338
2198904062.5,-20.17411
2198904218.75,-20.17782
2198904375.0,-20.17844
2198904531.25,-20.17961
2198904687.5,-20.18271
2198904843.75,-20.18378
2198905000.0,-20.18629
2198905156.25,-20.18656
2198905312.5,-20.18903
2198905468.75,-20.19224
2198905625.0,-20.19139
2198905781.25,-20.19507
2198905937.5,-20.19612
2198906093.75,-20.19643
2198906250.0,-20.20058
2198906406.25,-20.19905
2198906562.5,-20.20424
2198906718.75,-20.20669
2198906875.0,-20.20742
2198907031.25,-20.20979
2198907187.5,-20.21078
2198907343.75,-20.21309
2198907500.0,-20.21412
2198907656.25,-20.21679
2198907812.5,-20.21643
2198907968.75,-20.21915
2198908125.0,-20.22128
2198908281.25,-20.22385
2198908437.5,-20.2269
2198908593.75,-20.22648
2198908750.0,-20.22816
2198908906.25,-20.23013
2198909062.5,-20.23141
2198909218.75,-20.23328
2198909375.0,-20.23728
2198909531.25,-20.23748
2198909687.5,-20.23924
2198909843.75,-20.24069
2198910000.0,-20.24281
2198910156.25,-20.24524
2198910312.5,-20.24636
2198910468.75,-20.24913
2198910625.0,-20.25154
2198910781.25,-20.25224
2198910937.5,-20.25667
2198911093.75,-20.25682
2198911250.0,-20.25757
2198911406.25,-20.25954
2198911562.5,-20.26022
2198911718.75,-20.26301
2198911875.0,-20.26442
2198912031.25,-20.26641
2198912187.5,-20.2693
2198912343.75,-20.26926
2198912500.0,-20.27171
2198912656.25,-20.27297
2198912812.5,-20.27657
2198912968.75,-20.27612
2198913125.0,-20.27861
2198913281.25,-20.28114
2198913437.5,-20.28113
2198913593.75,-20.28258
2198913750.0,-20.28568
2198913906.25,-20.28647
2198914062.5,-20.29091
2198914218.75,-20.29232
2198914375.0,-20.29386
2198914531.25,-20.29605
2198914687.5,-20.29742
2198914843.75,-20.29667
2198915000.0,-20.3008
2198915156.25,-20.30159
2198915312.5,-20.30405
2198915468.75,-20.30633
2198915625.0,-20.30765
2198915781.25,-20.30682
2198915937.5,-20.31242
2198916093.75,-20.3138
2198916250.0,-20.31584
2198916406.25,-20.31611
2198916562.5,-20.31824
2198916718.75,-20.32018
2198916875.0,-20.32383
2198917031.25,-20.32245
2198917187.5,-20.32504
2198917343.75,-20.32849
2198917500.0,-20.32908
2198917656.25,-20.33044
2198917812.5,-20.33265
2198917968.75,-20.33496
2198918125.0,-20.33576
2198918281.25,-20.33809
2198918437.5,-20.34054
2198918593.75,-20.34038
2198918750.0,-20.34248
2198918906.25,-20.34538
2198919062.5,-20.34595
2198919218.75,-20.34856
2198919375.0,-20.35147
2198919531.25,-20.35187
2198919687.5,-20.35474
2198919843.75,-20.35533
2198920000.0,-20.35872
2198920156.25,-20.36014
2198920312.5,-20.36316
2198920468.75,-20.36336
2198920625.0,-20.36411
2198920781.25,-20.36496
2198920937.5,-20.36977
2198921093.75,-20.37093
2198921250.0,-20.37299
2198921406.25,-20.37489
2198921562.5,-20.37649
2198921718.75,-20.37625
2198921875.0,-20.37772
2198922031.25,-20.38065
2198922187.5,-20.38238
2198922343.75,-20.38429
2198922500.0,-20.38689
2198922656.25,-20.38745
2198922812.5,-20.39256
2198922968.75,-20.39108
2198923125.0,-20.39252
2198923281.25,-20.39525
2198923437.5,-20.39826
2198923593.75,-20.39779
2198923750.0,-20.4018
2198923906.25,-20.40176
2198924062.5,-20.40458
2198924218.75,-20.40682
2198924375.0,-20.40796
2198924531.25,-20.40746
2198924687.5,-20.41036
2198924843.75,-20.41278
2198925000.0,-20.41521
2198925156.25,-20.41578
2198925312.5,-20.41947
2198925468.75,-20.41869
2198925625.0,-20.4214
2198925781.25,-20.42219
2198925937.5,-20.42671
2198926093.75,-20.42596
2198926250.0,-20.42908
2198926406.25,-20.43048
2198926562.5,-20.43254
2198926718.75,-20.43424
2198926875.0,-20.43446
2198927031.25,-20.4348
2198927187.5,-20.4394
2198927343.75,-20.44188
2198927500.0,-20.44375
2198927656.25,-20.44571
2198927812.5,-20.4475
2198927968.75,-20.44775
2198928125.0,-20.45203
2198928281.25,-20.45287
2198928437.5,-20.45399
2198928593.75,-20.45623
2198928750.0,-20.4581
2198928906.25,-20.45963
2198929062.5,-20.45951
2198929218.75,-20.46278
2198929375.0,-20.46316
2198929531.25,-20.46602
2198929687.5,-20.46707
2198929843.75,-20.46962
2198930000.0,-20.46996
2198930156.25,-20.47373
2198930312.5,-20.4749
2198930468.75,-20.47684
2198930625.0,-20.47702
2198930781.25,-20.4798
2198930937.5,-20.48259
2198931093.75,-20.48396
2198931250.0,-20.4854
2198931406.25,-20.48639
2198931562.5,-20.48799
2198931718.75,-20.49198
2198931875.0,-20.49142
2198932031.25,-20.49524
2198932187.5,-20.49487
2198932343.75,-20.49822
2198932500.0,-20.50195
2198932656.25,-20.50294
2198932812.5,-20.50307
2198932968.75,-20.50502
2198933125.0,-20.5062
2198933281.25,-20.5081
2198933437.5,-20.51023
2198933593.75,-20.51083
2198933750.0,-20.51542
2198933906.25,-20.51501
2198934062.5,-20.51703
2198934218.75,-20.51786
2198934375.0,-20.52042
2198934531.25,-20.5227
2198934687.5,-20.52364
2198934843.75,-20.52471
2198935000.0,-20.52699
2198935156.25,-20.52767
2198935312.5,-20.53127
2198935468.75,-20.53241
2198935625.0,-20.53418
2198935781.25,-20.53474
2198935937.5,-20.53723
2198936093.75,-20.54164
2198936250.0,-20.54257
2198936406.25,-20.53959
2198936562.5,-20.54573
2198936718.75,-20.54564
2198936875.0,-20.54767
2198937031.25,-20.54992
2198937187.5,-20.55221
2198937343.75,-20.55491
2198937500.0,-20.55534
2198937656.25,-20.55671
2198937812.5,-20.55978
2198937968.75,-20.56046
2198938125.0,-20.56009
2198938281.25,-20.56394
2198938437.5,-20.56559
2198938593.75,-20.56797
2198938750.0,-20.56791
2198938906.25,-20.57224
2198939062.5,-20.57267
2198939218.75,-20.57379
2198939375.0,-20.57565
2198939531.25,-20.57851
2198939687.5,-20.58136
2198939843.75,-20.58118
2198940000.0,-20.58373
2198940156.25,-20.58667
2198940312.5,-20.58768
2198940468.75,-20.58944
2198940625.0,-20.59019
2198940781.25,-20.59355
2198940937.5,-20.59435
2198941093.75,-20.595
2198941250.0,-20.59878
2198941406.25,-20.60001
2198941562.5,-20.60032
2198941718.75,-20.60153
2198941875.0,-20.60264
2198942031.25,-20.6082
2198942187.5,-20.60765
2198942343.75,-20.6103
2198942500.0,-20.61178
2198942656.25,-20.6129
2198942812.5,-20.61516
2198942968.75,-20.61701
2198943125.0,-20.61693
2198943281.25,-20.62033
2198943437.5,-20.6224
2198943593.75,-20.6254
2198943750.0,-20.62419
2198943906.25,-20.62825
2198944062.5,-20.62958
2198944218.75,-20.6302
2198944375.0,-20.63243
2198944531.25,-20.6344
2198944687.5,-20.63416
2198944843.75,-20.63794
2198945000.0,-20.63971
2198945156.25,-20.64017
2198945312.5,-20.64319
2198945468.75,-20.64368
2198945625.0,-20.64656
2198945781.25,-20.64814
2198945937.5,-20.64764
2198946093.75,-20.64992
2198946250.0,-20.65312
2198946406.25,-20.654
2198946562.5,-20.65479
2198946718.75,-20.65704
2198946875.0,-20.6588
2198947031.25,-20.65988
2198947187.5,-20.66402
2198947343.75,-20.66263
2198947500.0,-20.66642
2198947656.25,-20.66831
2198947812.5,-20.67108
2198947968.75,-20.67156
2198948125.0,-20.67379
2198948281.25,-20.67407
2198948437.5,-20.67756
2198948593.75,-20.67781
2198948750.0,-20.68011
2198948906.25,-20.68196
2198949062.5,-20.68327
2198949218.75,-20.68662
2198949375.0,-20.68591
2198949531.25,-20.68941
2198949687.5,-20.68932
2198949843.75,-20.68923
2198950000.0,-20.69356
2198950156.25,-20.69477
2198950312.5,-20.69806
2198950468.75,-20.6987
2198950625.0,-20.70073
2198950781.25,-20.70228
2198950937.5,-20.70438
2198951093.75,-20.70506
2198951250.0,-20.70838
2198951406.25,-20.70856
2198951562.5,-20.70895
2198951718.75,-20.71349
2198951875.0,-20.71566
2198952031.25,-20.71497
2198952187.5,-20.71904
2198952343.75,-20.71876
2198952500.0,-20.72128
2198952656.25,-20.72387
2198952812.5,-20.72394
2198952968.75,-20.72686
2198953125.0,-20.72712
2198953281.25,-20.7288
2198953437.5,-20.73113
2198953593.75,-20.73131
2198953750.0,-20.73542
2198953906.25,-20.73569
2198954062.5,-20.73764
2198954218.75,-20.73977
2198954375.0,-20.74444
2198954531.25,-20.74324
2198954687.5,-20.74547
2198954843.75,-20.74562
2198955000.0,-20.74819
2198955156.25,-20.75004
2198955312.5,-20.75282
2198955468.75,-20.75445
2198955625.0,-20.75636
2198955781.25,-20.75816
2198955937.5,-20.75976
2198956093.75,-20.75977
2198956250.0,-20.763
2198956406.25,-20.76409
2198956562.5,-20.76583
2198956718.75,-20.76707
2198956875.0,-20.7691
2198957031.25,-20.76932
2198957187.5,-20.77201
2198957343.75,-20.77161
2198957500.0,-20.77583
2198957656.25,-20.77699
2198957812.5,-20.78033
2198957968.75,-20.77965
2198958125.0,-20.78428
2198958281.25,-20.78512
2198958437.5,-20.78408
2198958593.75,-20.78718
2198958750.0,-20.79238
2198958906.25,-20.78926
2198959062.5,-20.79235
2198959218.75,-20.79454
2198959375.0,-20.79715
2198959531.25,-20.7988
2198959687.5,-20.80027
2198959843.75,-20.80133
2198960000.0,-20.80328
2198960156.25,-20.80621
2198960312.5,-20.80771
2198960468.75,-20.80727
2198960625.0,-20.81208
2198960781.25,-20.81033
2198960937.5,-20.81434
2198961093.75,-20.81572
2198961250.0,-20.81734
2198961406.25,-20.81871
2198961562.5,-20.81996
2198961718.75,-20.82271
2198961875.0,-20.82342
2198962031.25,-20.82507
2198962187.5,-20.829
2198962343.75,-20.8301
2198962500.0,-20.83059
2198962656.25,-20.83168
2198962812.5,-20.83316
2198962968.75,-20.83595
2198963125.0,-20.83581
2198963281.25,-20.83942
2198963437.5,-20.83937
2198963593.75,-20.84132
2198963750.0,-20.84344
2198963906.25,-20.84396
2198964062.5,-20.8468
2198964218.75,-20.84666
2198964375.0,-20.84996
2198964531.25,-20.853
2198964687.5,-20.85472
2198964843.75,-20.85461
2198965000.0,-20.85817
2198965156.25,-20.85822
2198965312.5,-20.86128
2198965468.75,-20.8617
2198965625.0,-20.86321
2198965781.25,-20.86588
2198965937.5,-20.86746
2198966093.75,-20.86946
2198966250.0,-20.87079
2198966406.25,-20.87215
2198966562.5,-20.87376
2198966718.75,-20.87462
2198966875.0,-20.87836
2198967031.25,-20.87873
2198967187.5,-20.8812
2198967343.75,-20.88202
2198967500.0,-20.88361
2198967656.25,-20.88609
2198967812.5,-20.8878
2198967968.75,-20.88769
2198968125.0,-20.89143
2198968281.25,-20.89022
2198968437.5,-20.894
2198968593.75,-20.89665
2198968750.0,-20.89664
2198968906.25,-20.89989
2198969062.5,-20.90162
2198969218.75,-20.9034
2198969375.0,-20.9063
2198969531.25,-20.9052
2198969687.5,-20.90816
2198969843.75,-20.90831
2198970000.0,-20.9089
2198970156.25,-20.9121
2198970312.5,-20.91279
2198970468.75,-20.91772
2198970625.0,-20.91772
2198970781.25,-20.91731
2198970937.5,-20.92088
2198971093.75,-20.92269
2198971250.0,-20.92457
2198971406.25,-20.92824
2198971562.5,-20.92715
2198971718.75,-20.92801
2198971875.0,-20.9318
2198972031.25,-20.9325
2198972187.5,-20.93472
2198972343.75,-20.93676
2198972500.0,-20.93729
2198972656.25,-20.94044
2198972812.5,-20.93991
2198972968.75,-20.94349
2198973125.0,-20.94466
2198973281.25,-20.94651
2198973437.5,-20.94757
2198973593.75,-20.95026
2198973750.0,-20.95096
2198973906.25,-20.95258
2198974062.5,-20.95597
2198974218.75,-20.95783
2198974375.0,-20.95846
2198974531.25,-20.9579
2198974687.5,-20.96101
2198974843.75,-20.9658
2198975000.0,-20.96628
2198975156.25,-20.96539
2198975312.5,-20.96772
2198975468.75,-20.97064
2198975625.0,-20.96981
2198975781.25,-20.97258
2198975937.5,-20.97479
2198976093.75,-20.97715
2198976250.0,-20.97786
2198976406.25,-20.97991
2198976562.5,-20.98047
2198976718.75,-20.98376
2198976875.0,-20.98394
2198977031.25,-20.98757
2198977187.5,-20.98803
2198977343.75,-20.98821
2198977500.0,-20.99152
2198977656.25,-20.99334
2198977812.5,-20.99299
2198977968.75,-20.99645
2198978125.0,-20.9987
2198978281.25,-20.99858
2198978437.5,-21.00028
2198978593.75,-21.00222
2198978750.0,-21.00427
2198978906.25,-21.00669
2198979062.5,-21.00655
2198979218.75,-21.00972
2198979375.0,-21.00982
2198979531.25,-21.01491
2198979687.5,-21.01516
2198979843.75,-21.01513
2198980000.0,-21.01634
2198980156.25,-21.01872
2198980312.5,-21.02137
2198980468.75,-21.02194
2198980625.0,-21.02475
2198980781.25,-21.02445
2198980937.5,-21.02815
2198981093.75,-21.03104
2198981250.0,-21.03115
2198981406.25,-21.03339
2198981562.5,-21.03341
2198981718.75,-21.03691
2198981875.0,-21.03947
2198982031.25,-21.03947
2198982187.5,-21.03983
2198982343.75,-21.04296
2198982500.0,-21.0443
2198982656.25,-21.04538
2198982812.5,-21.04837
2198982968.75,-21.0508
2198983125.0,-21.05055
2198983281.25,-21.05412
2198983437.5,-21.05417
2198983593.75,-21.05607
2198983750.0,-21.05808
2198983906.25,-21.05924
2198984062.5,-21.06179
2198984218.75,-21.06523
2198984375.0,-21.06372
2198984531.25,-21.06569
2198984687.5,-21.06868
2198984843.75,-21.06911
2198985000.0,-21.07185
2198985156.25,-21.07337
2198985312.5,-21.0742
2198985468.75,-21.07684
2198985625.0,-21.07799
2198985781.25,-21.07989
2198985937.5,-21.08184
2198986093.75,-21.0808
2198986250.0,-21.08306
2198986406.25,-21.08677
2198986562.5,-21.0869
2198986718.75,-21.08733
2198986875.0,-21.09258
2198987031.25,-21.0917
2198987187.5,-21.09314
2198987343.75,-21.09635
2198987500.0,-21.0983
2198987656.25,-21.09815
2198987812.5,-21.1004
2198987968.75,-21.10403
2198988125.0,-21.10185
2198988281.25,-21.10596
2198988437.5,-21.10756
2198988593.75,-21.10886
2198988750.0,-21.11087
2198988906.25,-21.11303
2198989062.5,-21.11301
2198989218.75,-21.11499
2198989375.0,-21.11472
2198989531.25,-21.11978
2198989687.5,-21.11975
2198989843.75,-21.12219
2198990000.0,-21.12566
2198990156.25,-21.12411
2198990312.5,-21.12856
2198990468.75,-21.1277
2198990625.0,-21.1319
2198990781.25,-21.13106
2198990937.5,-21.13183
2198991093.75,-21.13582
2198991250.0,-21.13595
2198991406.25,-21.13619
2198991562.5,-21.13912
2198991718.75,-21.14289
2198991875.0,-21.14464
2198992031.25,-21.14482
2198992187.5,-21.14599
2198992343.75,-21.14872
2198992500.0,-21.1504
2198992656.25,-21.15125
2198992812.5,-21.15388
2198992968.75,-21.15345
2198993125.0,-21.1571
2198993281.25,-21.15732
2198993437.5,-21.16108
2198993593.75,-21.16275
2198993750.0,-21.16435
2198993906.25,-21.16508
2198994062.5,-21.16508
2198994218.75,-21.16946
2198994375.0,-21.16903
2198994531.25,-21.17043
2198994687.5,-21.17241
2198994843.75,-21.17563
2198995000.0,-21.17523
2198995156.25,-21.17925
2198995312.5,-21.17931
2198995468.75,-21.18222
2198995625.0,-21.18211
2198995781.25,-21.18286
2198995937.5,-21.18549
2198996093.75,-21.18526
2198996250.0,-21.19058
2198996406.25,-21.1912
2198996562.5,-21.19261
2198996718.75,-21.19335
2198996875.0,-21.19554
2198997031.25,-21.19786
2198997187.5,-21.19745
2198997343.75,-21.20082
2198997500.0,-21.20232
2198997656.25,-21.20286
2198997812.5,-21.2065
2198997968.75,-21.20609
2198998125.0,-21.20766
2198998281.25,-21.21078
2198998437.5,-21.21128
2198998593.75,-21.21321
2198998750.0,-21.21445
2198998906.25,-21.21626
2198999062.5,-21.22063
2198999218.75,-21.22204
2198999375.0,-21.22052
2198999531.25,-21.22291
2198999687.5,-21.22446
2198999843.75,-21.22663
2199000000.0,-21.22676
2199000156.25,-21.22937
2199000312.5,-21.2308
2199000468.75,-21.23406
2199000625.0,-21.23655
2199000781.25,-21.23762
2199000937.5,-21.23718
2199001093.75,-21.23772
2199001250.0,-21.24079
2199001406.25,-21.2429
2199001562.5,-21.24231
2199001718.75,-21.24637
2199001875.0,-21.24982
2199002031.25,-21.2491
2199002187.5,-21.25082
2199002343.75,-21.25276
2199002500.0,-21.25351
2199002656.25,-21.25684
2199002812.5,-21.25974
2199002968.75,-21.25768
2199003125.0,-21.25985
2199003281.25,-21.26345
2199003437.5,-21.26383
2199003593.75,-21.26563
2199003750.0,-21.26639
2199003906.25,-21.2706
2199004062.5,-21.27128
2199004218.75,-21.27271
2199004375.0,-21.27457
2199004531.25,-21.27566
2199004687.5,-21.27841
2199004843.75,-21.27748
2199005000.0,-21.28187
2199005156.25,-21.28293
2199005312.5,-21.28266
2199005468.75,-21.28468
2199005625.0,-21.2899
2199005781.25,-21.28957
2199005937.5,-21.2879
2199006093.75,-21.29049
2199006250.0,-21.29231
2199006406.25,-21.29427
2199006562.5,-21.29542
2199006718.75,-21.29796
2199006875.0,-21.29926
2199007031.25,-21.30091
2199007187.5,-21.30256
2199007343.75,-21.30671
2199007500.0,-21.30557
2199007656.25,-21.30786
2199007812.5,-21.30965
2199007968.75,-21.31147
2199008125.0,-21.31347
2199008281.25,-21.31362
2199008437.5,-21.31627
2199008593.75,-21.31747
2199008750.0,-21.31817
2199008906.25,-21.31818
2199009062.5,-21.32181
2199009218.75,-21.32288
2199009375.0,-21.32479
2199009531.25,-21.32605
2199009687.5,-21.32916
2199009843.75,-21.33026
2199010000.0,-21.33039
2199010156.25,-21.33246
2199010312.5,-21.33391
2199010468.75,-21.33656
2199010625.0,-21.33572
2199010781.25,-21.34017
2199010937.5,-21.3415
2199011093.75,-21.34079
2199011250.0,-21.34602
2199011406.25,-21.34452
2199011562.5,-21.34659
2199011718.75,-21.3477
2199011875.0,-21.35045
2199012031.25,-21.35491
2199012187.5,-21.35405
2199012343.75,-21.35536
2199012500.0,-21.35505
2199012656.25,-21.35697
2199012812.5,-21.35941
2199012968.75,-21.36024
2199013125.0,-21.3629
2199013281.25,-21.36516
2199013437.5,-21.36605
2199013593.75,-21.36873
2199013750.0,-21.36982
2199013906.25,-21.37045
2199014062.5,-21.37193
2199014218.75,-21.37286
2199014375.0,-21.37713
2199014531.25,-21.37816
2199014687.5,-21.37777
2199014843.75,-21.38135
2199015000.0,-21.38265
2199015156.25,-21.38379
2199015312.5,-21.38487
2199015468.75,-21.38838
2199015625.0,-21.38768
2199015781.25,-21.3905
2199015937.5,-21.3945
2199016093.75,-21.39405
2199016250.0,-21.39452
2199016406.25,-21.39522
2199016562.5,-21.39882
2199016718.75,-21.39892
2199016875.0,-21.40141
2199017031.25,-21.40342
2199017187.5,-21.40519
2199017343.75,-21.40601
2199017500.0,-21.40805
2199017656.25,-21.40938
2199017812.5,-21.41163
2199017968.75,-21.41358
2199018125.0,-21.41413
2199018281.25,-21.41612
2199018437.5,-21.41708
2199018593.75,-21.41792
2199018750.0,-21.42096
2199018906.25,-21.4226
2199019062.5,-21.42233
2199019218.75,-21.42512
2199019375.0,-21.428
2199019531.25,-21.42749
2199019687.5,-21.42953
2199019843.75,-21.43258
2199020000.0,-21.43429
2199020156.25,-21.43577
2199020312.5,-21.43586
2199020468.75,-21.4387
2199020625.0,-21.4394
2199020781.25,-21.44234
2199020937.5,-21.44321
2199021093.75,-21.44424
2199021250.0,-21.44794
2199021406.25,-21.44833
2199021562.5,-21.45014
2199021718.75,-21.45086
2199021875.0,-21.45232
2199022031.25,-21.45546
2199022187.5,-21.4566
2199022343.75,-21.45673
2199022500.0,-21.45891
2199022656.25,-21.46035
2199022812.5,-21.46104
2199022968.75,-21.46419
2199023125.0,-21.46461
2199023281.25,-21.46532
2199023437.5,-21.46888
2199023593.75,-21.4699
2199023750.0,-21.47143
2199023906.25,-21.473
2199024062.5,-21.47596
2199024218.75,-21.4765
2199024375.0,-21.47529
2199024531.25,-21.47977
2199024687.5,-21.4798
2199024843.75,-21.48286
2199025000.0,-21.48498
2199025156.25,-21.48709
2199025312.5,-21.48558
2199025468.75,-21.48908
2199025625.0,-21.49103
2199025781.25,-21.49265
2199025937.5,-21.49315
2199026093.75,-21.49511
2199026250.0,-21.49637
2199026406.25,-21.49745
2199026562.5,-21.49996
2199026718.75,-21.49951
2199026875.0,-21.50197
2199027031.25,-21.50347
2199027187.5,-21.50611
2199027343.75,-21.50631
2199027500.0,-21.51112
2199027656.25,-21.50836
2199027812.5,-21.51287
2199027968.75,-21.51245
2199028125.0,-21.51518
2199028281.25,-21.5184
2199028437.5,-21.51814
2199028593.75,-21.51949
2199028750.0,-21.52291
2199028906.25,-21.52226
2199029062.5,-21.52643
2199029218.75,-21.52817
2199029375.0,-21.52773
2199029531.25,-21.53012
2199029687.5,-21.53194
2199029843.75,-21.53334
2199030000.0,-21.53268
2199030156.25,-21.5359
2199030312.5,-21.53999
2199030468.75,-21.53864
2199030625.0,-21.54002
2199030781.25,-21.54076
2199030937.5,-21.54221
2199031093.75,-21.54609
2199031250.0,-21.54772
2199031406.25,-21.54781
2199031562.5,-21.54891
2199031718.75,-21.55124
2199031875.0,-21.55217
2199032031.25,-21.5535
2199032187.5,-21.55634
2199032343.75,-21.55778
2199032500.0,-21.56061
2199032656.25,-21.56195
2199032812.5,-21.56246
2199032968.75,-21.56397
2199033125.0,-21.56593
2199033281.25,-21.56776
2199033437.5,-21.57045
2199033593.75,-21.56998
2199033750.0,-21.57164
2199033906.25,-21.57282
2199034062.5,-21.5753
2199034218.75,-21.57794
2199034375.0,-21.57771
2199034531.25,-21.57867
2199034687.5,-21.57999
2199034843.75,-21.58389
2199035000.0,-21.586
2199035156.25,-21.58682
2199035312.5,-21.58829
2199035468.75,-21.58991
2199035625.0,-21.58974
2199035781.25,-21.59306
2199035937.5,-21.59508
2199036093.75,-21.59756
2199036250.0,-21.59782
2199036406.25,-21.60092
2199036562.5,-21.60184
2199036718.75,-21.60424
2199036875.0,-21.60229
2199037031.25,-21.60501
2199037187.5,-21.60842
2199037343.75,-21.60768
2199037500.0,-21.60805
2199037656.25,-21.61172
2199037812.5,-21.61201
2199037968.75,-21.61348
2199038125.0,-21.61512
2199038281.25,-21.6161
2199038437.5,-21.61981
2199038593.75,-21.62077
2199038750.0,-21.62265
2199038906.25,-21.62426
2199039062.5,-21.6238
2199039218.75,-21.62726
2199039375.0,-21.6272
2199039531.25,-21.62835
2199039687.5,-21.63202
2199039843.75,-21.63331
2199040000.0,-21.63406
2199040156.25,-21.63694
2199040312.5,-21.63754
2199040468.75,-21.64036
2199040625.0,-21.64148
2199040781.25,-21.63944
2199040937.5,-21.64642
2199041093.75,-21.64469
2199041250.0,-21.64684
2199041406.25,-21.64928
2199041562.5,-21.64804
2199041718.75,-21.65089
2199041875.0,-21.65516
2199042031.25,-21.6552
2199042187.5,-21.65557
2199042343.75,-21.65853
2199042500.0,-21.65995
2199042656.25,-21.65869
2199042812.5,-21.66312
2199042968.75,-21.66325
2199043125.0,-21.66654
2199043281.25,-21.66944
2199043437.5,-21.6672
2199043593.75,-21.6711
2199043750.0,-21.67134
2199043906.25,-21.67411
2199044062.5,-21.67692
2199044218.75,-21.67755
2199044375.0,-21.67766
2199044531.25,-21.68074
2199044687.5,-21.68115
2199044843.75,-21.68027
2199045000.0,-21.68456
2199045156.25,-21.68567
2199045312.5,-21.68662
2199045468.75,-21.68585
2199045625.0,-21.69076
2199045781.25,-21.69163
2199045937.5,-21.69325
2199046093.75,-21.69544
2199046250.0,-21.69578
2199046406.25,-21.69844
2199046562.5,-21.69973
2199046718.75,-21.70193
2199046875.0,-21.70095
2199047031.25,-21.7041
2199047187.5,-21.70627
2199047343.75,-21.70774
2199047500.0,-21.70835
2199047656.25,-21.70894
2199047812.5,-21.71359
2199047968.75,-21.71289
2199048125.0,-21.71543
2199048281.25,-21.71552
2199048437.5,-21.71965
2199048593.75,-21.7182
2199048750.0,-21.7203
2199048906.25,-21.72276
2199049062.5,-21.72543
2199049218.75,-21.72743
2199049375.0,-21.72554
2199049531.25,-21.72943
2199049687.5,-21.72874
2199049843.75,-21.73262
2199050000.0,-21.73574
2199050156.25,-21.73361
2199050312.5,-21.73781
2199050468.75,-21.73932
2199050625.0,-21.74022
2199050781.25,-21.74156
2199050937.5,-21.74259
2199051093.75,-21.74298
2199051250.0,-21.74415
2199051406.25,-21.7455
2199051562.5,-21.75073
2199051718.75,-21.75076
2199051875.0,-21.75262
2199052031.25,-21.75455
2199052187.5,-21.756
2199052343.75,-21.75694
2199052500.0,-21.75817
2199052656.25,-21.7606
2199052812.5,-21.7603
2199052968.75,-21.76336
2199053125.0,-21.76298
2199053281.25,-21.76596
2199053437.5,-21.76612
2199053593.75,-21.76799
2199053750.0,-21.77028
2199053906.25,-21.77206
2199054062.5,-21.77125
2199054218.75,-21.77352
2199054375.0,-21.77593
2199054531.25,-21.7793
2199054687.5,-21.78056
2199054843.75,-21.78034
2199055000.0,-21.78198
2199055156.25,-21.78409
2199055312.5,-21.78408
2199055468.75,-21.78798
2199055625.0,-21.78872
2199055781.25,-21.78716
2199055937.5,-21.79288
2199056093.75,-21.79344
2199056250.0,-21.79324
2199056406.25,-21.79595
2199056562.5,-21.79825
2199056718.75,-21.80037
2199056875.0,-21.80081
2199057031.25,-21.8035
2199057187.5,-21.80566
2199057343.75,-21.80444
2199057500.0,-21.80696
2199057656.25,-21.80869
2199057812.5,-21.80983
2199057968.75,-21.8113
2199058125.0,-21.8135
2199058281.25,-21.81517
2199058437.5,-21.81823
2199058593.75,-21.81785
2199058750.0,-21.81918
2199058906.25,-21.82001
2199059062.5,-21.82284
2199059218.75,-21.82452
2199059375.0,-21.82591
2199059531.25,-21.82738
2199059687.5,-21.82998
2199059843.75,-21.82805
2199060000.0,-21.83054
2199060156.25,-21.83442
2199060312.5,-21.83388
2199060468.75,-21.83458
2199060625.0,-21.83681
2199060781.25,-21.83841
2199060937.5,-21.8411
2199061093.75,-21.84403
2199061250.0,-21.84432
2199061406.25,-21.84688
2199061562.5,-21.84801
2199061718.75,-21.84933
2199061875.0,-21.84981
2199062031.25,-21.85017
2199062187.5,-21.85391
2199062343.75,-21.85235
2199062500.0,-21.856
2199062656.25,-21.85721
2199062812.5,-21.85781
2199062968.75,-21.86121
2199063125.0,-21.85996
2199063281.25,-21.86293
2199063437.5,-21.86508
2199063593.75,-21.86575
2199063750.0,-21.86681
2199063906.25,-21.8703
2199064062.5,-21.8697
2199064218.75,-21.87131
2199064375.0,-21.87364
2199064531.25,-21.87468
2199064687.5,-21.87557
2199064843.75,-21.87878
2199065000.0,-21.88081
2199065156.25,-21.87918
2199065312.5,-21.88376
2199065468.75,-21.88418
2199065625.0,-21.88454
2199065781.25,-21.88695
2199065937.5,-21.88817
2199066093.75,-21.8889
2199066250.0,-21.89216
2199066406.25,-21.89283
2199066562.5,-21.89532
2199066718.75,-21.89516
2199066875.0,-21.89842
2199067031.25,-21.89927
2199067187.5,-21.90257
2199067343.75,-21.90137
2199067500.0,-21.90268
2199067656.25,-21.9027
2199067812.5,-21.90874
2199067968.75,-21.90828
2199068125.0,-21.90946
2199068281.25,-21.91315
2199068437.5,-21.91546
2199068593.75,-21.91356
2199068750.0,-21.91613
2199068906.25,-21.9187
2199069062.5,-21.91901
2199069218.75,-21.9206
2199069375.0,-21.92281
2199069531.25,-21.92129
2199069687.5,-21.92443
2199069843.75,-21.92713
2199070000.0,-21.92798
2199070156.25,-21.93013
2199070312.5,-21.92911
2199070468.75,-21.93341
2199070625.0,-21.9329
2199070781.25,-21.9359
2199070937.5,-21.9369
2199071093.75,-21.93984
2199071250.0,-21.93987
2199071406.25,-21.94249
2199071562.5,-21.94165
2199071718.75,-21.94462
2199071875.0,-21.9464
2199072031.25,-21.94782
2199072187.5,-21.94905
2199072343.75,-21.95241
2199072500.0,-21.95346
2199072656.25,-21.95414
2199072812.5,-21.95383
2199072968.75,-21.9571
2199073125.0,-21.96055
2199073281.25,-21.95994
2199073437.5,-21.96133
2199073593.75,-21.96289
2199073750.0,-21.96547
2199073906.25,-21.96494
2199074062.5,-21.96729
2199074218.75,-21.96824
2199074375.0,-21.96922
2199074531.25,-21.9725
2199074687.5,-21.97325
2199074843.75,-21.9725
2199075000.0,-21.97464
2199075156.25,-21.97718
2199075312.5,-21.97681
2199075468.75,-21.97897
2199075625.0,-21.98418
2199075781.25,-21.98343
2199075937.5,-21.98557
2199076093.75,-21.98526
2199076250.0,-21.98839
2199076406.25,-21.99091
2199076562.5,-21.99072
2199076718.75,-21.99296
2199076875.0,-21.99362
2199077031.25,-21.99447
2199077187.5,-21.99587
2199077343.75,-21.9997
2199077500.0,-22.00117
2199077656.25,-22.0008
2199077812.5,-22.0038
2199077968.75,-22.00384
2199078125.0,-22.00591
2199078281.25,-22.00813
2199078437.5,-22.00884
2199078593.75,-22.00952
2199078750.0,-22.01124
2199078906.25,-22.01186
2199079062.5,-22.0151
2199079218.75,-22.01613
2199079375.0,-22.01722
2199079531.25,-22.02171
2199079687.5,-22.01867
2199079843.75,-22.0232
2199080000.0,-22.02346
2199080156.25,-22.0249
2199080312.5,-22.02641
2199080468.75,-22.02919
2199080625.0,-22.02951
2199080781.25,-22.03079
2199080937.5,-22.03357
2199081093.75,-22.03282
2199081250.0,-22.03557
2199081406.25,-22.03732
2199081562.5,-22.03856
2199081718.75,-22.04128
2199081875.0,-22.0405
2199082031.25,-22.0447
2199082187.5,-22.04646
2199082343.75,-22.04498
2199082500.0,-22.04638
2199082656.25,-22.05012
2199082812.5,-22.05011
2199082968.75,-22.05091
2199083125.0,-22.05492
2199083281.25,-22.05344
2199083437.5,-22.05585
2199083593.75,-22.05834
2199083750.0,-22.05965
2199083906.25,-22.06219
2199084062.5,-22.06343
2199084218.75,-22.06411
2199084375.0,-22.06595
2199084531.25,-22.06913
2199084687.5,-22.06791
2199084843.75,-22.07024
2199085000.0,-22.0729
2199085156.25,-22.07086
2199085312.5,-22.07471
2199085468.75,-22.0738
2199085625.0,-22.08002
2199085781.25,-22.0805
2199085937.5,-22.07927
2199086093.75,-22.08358
2199086250.0,-22.08332
2199086406.25,-22.08471
2199086562.5,-22.08704
2199086718.75,-22.08819
2199086875.0,-22.09116
2199087031.25,-22.09415
2199087187.5,-22.094
2199087343.75,-22.09439
2199087500.0,-22.09506
2199087656.25,-22.09587
2199087812.5,-22.09819
2199087968.75,-22.09757
2199088125.0,-22.10087
2199088281.25,-22.1032
2199088437.5,-22.1035
2199088593.75,-22.10513
2199088750.0,-22.10654
2199088906.25,-22.10918
2199089062.5,-22.11039
2199089218.75,-22.11186
2199089375.0,-22.11157
2199089531.25,-22.11492
2199089687.5,-22.11604
2199089843.75,-22.11561
2199090000.0,-22.11695
2199090156.25,-22.11823
2199090312.5,-22.1227
2199090468.75,-22.12375
2199090625.0,-22.12374
2199090781.25,-22.12407
2199090937.5,-22.12948
2199091093.75,-22.1286
2199091250.0,-22.12907
2199091406.25,-22.12949
2199091562.5,-22.13269
2199091718.75,-22.1333
2199091875.0,-22.13599
2199092031.25,-22.13729
2199092187.5,-22.13913
2199092343.75,-22.14066
2199092500.0,-22.14283
2199092656.25,-22.14274
2199092812.5,-22.14298
2199092968.75,-22.14434
2199093125.0,-22.14535
2199093281.25,-22.1497
2199093437.5,-22.15168
2199093593.75,-22.15099
2199093750.0,-22.15402
2199093906.25,-22.15496
2199094062.5,-22.15661
2199094218.75,-22.15896
2199094375.0,-22.16033
2199094531.25,-22.16295
2199094687.5,-22.1617
2199094843.75,-22.16118
2199095000.0,-22.16721
2199095156.25,-22.16721
2199095312.5,-22.16994
2199095468.75,-22.1708
2199095625.0,-22.16923
2199095781.25,-22.17184
2199095937.5,-22.17487
2199096093.75,-22.17605
2199096250.0,-22.17758
2199096406.25,-22.18019
2199096562.5,-22.17953
2199096718.75,-22.182
2199096875.0,-22.18319
2199097031.25,-22.18262
2199097187.5,-22.18663
2199097343.75,-22.18729
2199097500.0,-22.18962
2199097656.25,-22.18865
2199097812.5,-22.19213
2199097968.75,-22.19378
2199098125.0,-22.19562
2199098281.25,-22.19595
2199098437.5,-22.19633
2199098593.75,-22.20123
2199098750.0,-22.20124
2199098906.25,-22.20443
2199099062.5,-22.20441
2199099218.75,-22.20508
2199099375.0,-22.20615
2199099531.25,-22.20956
2199099687.5,-22.20858
2199099843.75,-22.21209
2199100000.0,-22.21013
2199100156.25,-22.21337
2199100312.5,-22.2125
2199100468.75,-22.21552
2199100625.0,-22.2172
2199100781.25,-22.22076
2199100937.5,-22.2223
2199101093.75,-22.22117
2199101250.0,-22.22521
2199101406.25,-22.2259
2199101562.5,-22.22618
2199101718.75,-22.22881
2199101875.0,-22.22905
2199102031.25,-22.23244
2199102187.5,-22.23462
2199102343.75,-22.23599
2199102500.0,-22.2367
2199102656.25,-22.23687
2199102812.5,-22.23926
2199102968.75,-22.238
2199103125.0,-22.24109
2199103281.25,-22.24571
2199103437.5,-22.24483
2199103593.75,-22.24768
2199103750.0,-22.24509
2199103906.25,-22.24891
2199104062.5,-22.25027
2199104218.75,-22.25052
2199104375.0,-22.25234
2199104531.25,-22.25403
2199104687.5,-22.25463
2199104843.75,-22.25687
2199105000.0,-22.25826
2199105156.25,-22.25982
2199105312.5,-22.26278
2199105468.75,-22.26219
2199105625.0,-22.26447
2199105781.25,-22.2659
2199105937.5,-22.26488
2199106093.75,-22.26837
2199106250.0,-22.27076
2199106406.25,-22.27165
2199106562.5,-22.2736
2199106718.75,-22.27368
2199106875.0,-22.2759
2199107031.25,-22.27644
2199107187.5,-22.27906
2199107343.75,-22.28211
2199107500.0,-22.28126
2199107656.25,-22.28318
2199107812.5,-22.28369
2199107968.75,-22.28559
2199108125.0,-22.28768
2199108281.25,-22.28975
2199108437.5,-22.28795
2199108593.75,-22.29245
2199108750.0,-22.2926
2199108906.25,-22.29479
2199109062.5,-22.29618
2199109218.75,-22.29939
2199109375.0,-22.29795
2199109531.25,-22.30201
2199109687.5,-22.3032
2199109843.75,-22.30185
2199110000.0,-22.3036
2199110156.25,-22.30712
2199110312.5,-22.30873
2199110468.75,-22.30869
2199110625.0,-22.31212
2199110781.25,-22.31204
2199110937.5,-22.31415
2199111093.75,-22.3144
2199111250.0,-22.31626
2199111406.25,-22.32027
2199111562.5,-22.31737
2199111718.75,-22.32094
2199111875.0,-22.32227
2199112031.25,-22.32422
2199112187.5,-22.32518
2199112343.75,-22.32871
2199112500.0,-22.33001
2199112656.25,-22.33199
2199112812.5,-22.33183
2199112968.75,-22.33312
2199113125.0,-22.33247
2199113281.25,-22.33706
2199113437.5,-22.33756
2199113593.75,-22.33771
2199113750.0,-22.33969
2199113906.25,-22.34086
2199114062.5,-22.34445
2199114218.75,-22.34353
2199114375.0,-22.34619
2199114531.25,-22.34949
2199114687.5,-22.34898
2199114843.75,-22.35038
2199115000.0,-22.35219
2199115156.25,-22.35203
2199115312.5,-22.35436
2199115468.75,-22.35617
2199115625.0,-22.35629
2199115781.25,-22.36011
2199115937.5,-22.3611
2199116093.75,-22.36132
2199116250.0,-22.36211
2199116406.25,-22.36355
2199116562.5,-22.36819
2199116718.75,-22.36773
2199116875.0,-22.36641
2199117031.25,-22.36979
2199117187.5,-22.37027
2199117343.75,-22.37097
2199117500.0,-22.37473
2199117656.25,-22.37637
2199117812.5,-22.37531
2199117968.75,-22.37835
2199118125.0,-22.38063
2199118281.25,-22.38015
2199118437.5,-22.38288
2199118593.75,-22.38514
2199118750.0,-22.38688
2199118906.25,-22.38734
2199119062.5,-22.38837
2199119218.75,-22.38886
2199119375.0,-22.39159
2199119531.25,-22.39293
2199119687.5,-22.39594
2199119843.75,-22.39401
2199120000.0,-22.39845
2199120156.25,-22.39964
2199120312.5,-22.39984
2199120468.75,-22.40088
2199120625.0,-22.40315
2199120781.25,-22.40406
2199120937.5,-22.40575
2199121093.75,-22.40501
2199121250.0,-22.40704
2199121406.25,-22.41199
2199121562.5,-22.41115
2199121718.75,-22.41453
2199121875.0,-22.41478
2199122031.25,-22.41511
2199122187.5,-22.41788
2199122343.75,-22.41952
2199122500.0,-22.4201
2199122656.25,-22.42148
2199122812.5,-22.42313
2199122968.75,-22.42382
2199123125.0,-22.42528
2199123281.25,-22.42703
2199123437.5,-22.42839
2199123593.75,-22.42987
2199123750.0,-22.4299
2199123906.25,-22.43316
2199124062.5,-22.43607
2199124218.75,-22.43559
2199124375.0,-22.43684
2199124531.25,-22.4388
2199124687.5,-22.4382
2199124843.75,-22.43943
2199125000.0,-22.44332
2199125156.25,-22.44102
2199125312.5,-22.44675
2199125468.75,-22.44514
2199125625.0,-22.4483
2199125781.25,-22.44734
2199125937.5,-22.452
2199126093.75,-22.45442
2199126250.0,-22.45467
2199126406.25,-22.45708
2199126562.5,-22.45585
2199126718.75,-22.45743
2199126875.0,-22.46189
2199127031.25,-22.46178
2199127187.5,-22.46475
2199127343.75,-22.46499
2199127500.0,-22.46569
2199127656.25,-22.46645
2199127812.5,-22.46982
2199127968.75,-22.46958
2199128125.0,-22.46911
2199128281.25,-22.47148
2199128437.5,-22.47442
2199128593.75,-22.47409
2199128750.0,-22.4767
2199128906.25,-22.47685
2199129062.5,-22.47939
2199129218.75,-22.48119
2199129375.0,-22.48452
2199129531.25,-22.48285
2199129687.5,-22.48299
2199129843.75,-22.48999
2199130000.0,-22.49076
2199130156.25,-22.49043
2199130312.5,-22.4901
2199130468.75,-22.49142
2199130625.0,-22.49243
2199130781.25,-22.49767
2199130937.5,-22.49616
2199131093.75,-22.49847
2199131250.0,-22.49918
2199131406.25,-22.49928
2199131562.5,-22.50106
2199131718.75,-22.5051
2199131875.0,-22.50623
2199132031.25,-22.50757
2199132187.5,-22.50911
2199132343.75,-22.50815
2199132500.0,-22.50994
2199132656.25,-22.51247
2199132812.5,-22.5138
2199132968.75,-22.51182
2199133125.0,-22.51707
2199133281.25,-22.51842
2199133437.5,-22.51681
2199133593.75,-22.52175
2199133750.0,-22.52151
2199133906.25,-22.52321
2199134062.5,-22.52529
2199134218.75,-22.52558
2199134375.0,-22.52877
2199134531.25,-22.52989
2199134687.5,-22.52805
2199134843.75,-22.53013
2199135000.0,-22.5321
2199135156.25,-22.53335
2199135312.5,-22.53572
2199135468.75,-22.53609
2199135625.0,-22.53826
2199135781.25,-22.53987
2199135937.5,-22.54052
2199136093.75,-22.54471
2199136250.0,-22.5438
2199136406.25,-22.54704
2199136562.5,-22.54972
2199136718.75,-22.54978
2199136875.0,-22.55122
2199137031.25,-22.55134
2199137187.5,-22.55275
2199137343.75,-22.55511
2199137500.0,-22.55757
2199137656.25,-22.559
2199137812.5,-22.56042
2199137968.75,-22.55933
2199138125.0,-22.56069
2199138281.25,-22.56228
2199138437.5,-22.56277
2199138593.75,-22.56637
2199138750.0,-22.56491
2199138906.25,-22.56894
2199139062.5,-22.56896
2199139218.75,-22.5729
2199139375.0,-22.57214
2199139531.25,-22.57424
2199139687.5,-22.57567
2199139843.75,-22.57654
2199140000.0,-22.5768
2199140156.25,-22.58175
2199140312.5,-22.58093
2199140468.75,-22.58267
2199140625.0,-22.58361
2199140781.25,-22.58589
2199140937.5,-22.58584
2199141093.75,-22.58835
2199141250.0,-22.58959
2199141406.25,-22.59078
2199141562.5,-22.59201
2199141718.75,-22.59413
2199141875.0,-22.59352
2199142031.25,-22.59553
2199142187.5,-22.59808
2199142343.75,-22.60098
2199142500.0,-22.60159
2199142656.25,-22.60217
2199142812.5,-22.60289
2199142968.75,-22.60417
2199143125.0,-22.60724
2199143281.25,-22.6104
2199143437.5,-22.60788
2199143593.75,-22.61126
2199143750.0,-22.61084
2199143906.25,-22.61283
2199144062.5,-22.61339
2199144218.75,-22.61489
2199144375.0,-22.61819
2199144531.25,-22.62025
2199144687.5,-22.6202
2199144843.75,-22.62168
2199145000.0,-22.62346
2199145156.25,-22.62317
2199145312.5,-22.62536
2199145468.75,-22.62865
2199145625.0,-22.62902
2199145781.25,-22.63082
2199145937.5,-22.63413
2199146093.75,-22.63298
2199146250.0,-22.63366
2199146406.25,-22.6381
2199146562.5,-22.63665
2199146718.75,-22.64051
2199146875.0,-22.6418
2199147031.25,-22.64089
2199147187.5,-22.64121
2199147343.75,-22.64224
2199147500.0,-22.64461
2199147656.25,-22.64555
2199147812.5,-22.64892
2199147968.75,-22.64933
2199148125.0,-22.64914
2199148281.25,-22.65107
2199148437.5,-22.65255
2199148593.75,-22.65549
2199148750.0,-22.65536
2199148906.25,-22.66058
2199149062.5,-22.65736
2199149218.75,-22.66069
2199149375.0,-22.66107
2199149531.25,-22.66215
2199149687.5,-22.6658
2199149843.75,-22.665
2199150000.0,-22.66614
2199150156.25,-22.66901
2199150312.5,-22.67282
2199150468.75,-22.67179
2199150625.0,-22.67357
2199150781.25,-22.67633
2199150937.5,-22.67511
2199151093.75,-22.67776
2199151250.0,-22.67801
2199151406.25,-22.68123
2199151562.5,-22.67961
2199151718.75,-22.68238
2199151875.0,-22.6852
2199152031.25,-22.68301
2199152187.5,-22.68577
2199152343.75,-22.69002
2199152500.0,-22.68783
2199152656.25,-22.69032
2199152812.5,-22.69065
2199152968.75,-22.69231
2199153125.0,-22.6953
2199153281.25,-22.69425
2199153437.5,-22.69899
2199153593.75,-22.69806
2199153750.0,-22.70038
2199153906.25,-22.70236
2199154062.5,-22.70424
2199154218.75,-22.70314
2199154375.0,-22.70788
2199154531.25,-22.70705
2199154687.5,-22.71029
2199154843.75,-22.71034
2199155000.0,-22.71339
2199155156.25,-22.7127
2199155312.5,-22.71468
2199155468.75,-22.71691
2199155625.0,-22.71601
2199155781.25,-22.71713
2199155937.5,-22.71845
2199156093.75,-22.72122
2199156250.0,-22.72163
2199156406.25,-22.72329
2199156562.5,-22.7254
2199156718.75,-22.72612
2199156875.0,-22.72646
2199157031.25,-22.7276
2199157187.5,-22.72993
2199157343.75,-22.72996
2199157500.0,-22.73389
2199157656.25,-22.7346
2199157812.5,-22.73821
2199157968.75,-22.73645
2199158125.0,-22.73933
2199158281.25,-22.74112
2199158437.5,-22.74304
2199158593.75,-22.74246
2199158750.0,-22.74555
2199158906.25,-22.74443
2199159062.5,-22.74715
2199159218.75,-22.74962
2199159375.0,-22.75012
2199159531.25,-22.75212
2199159687.5,-22.75365
2199159843.75,-22.75577
2199160000.0,-22.75447
2199160156.25,-22.76014
2199160312.5,-22.75912
2199160468.75,-22.75953
2199160625.0,-22.76085
2199160781.25,-22.76349
2199160937.5,-22.76307
2199161093.75,-22.76529
2199161250.0,-22.76773
2199161406.25,-22.76642
2199161562.5,-22.76948
2199161718.75,-22.7725
2199161875.0,-22.77505
2199162031.25,-22.77183
2199162187.5,-22.7736
2199162343.75,-22.77748
2199162500.0,-22.77666
2199162656.25,-22.77851
2199162812.5,-22.77914
2199162968.75,-22.78135
2199163125.0,-22.78214
2199163281.25,-22.78571
2199163437.5,-22.78485
2199163593.75,-22.7886
2199163750.0,-22.78727
2199163906.25,-22.78986
2199164062.5,-22.79254
2199164218.75,-22.79207
2199164375.0,-22.79393
2199164531.25,-22.79416
2199164687.5,-22.79776
2199164843.75,-22.79813
2199165000.0,-22.80066
2199165156.25,-22.80046
2199165312.5,-22.80432
2199165468.75,-22.80283
2199165625.0,-22.80417
2199165781.25,-22.80646
2199165937.5,-22.80882
2199166093.75,-22.80733
2199166250.0,-22.81244
2199166406.25,-22.81176
2199166562.5,-22.8144
2199166718.75,-22.81509
2199166875.0,-22.81633
2199167031.25,-22.81812
2199167187.5,-22.82075
2199167343.75,-22.81855
2199167500.0,-22.8205
2199167656.25,-22.82137
2199167812.5,-22.82229
2199167968.75,-22.82606
2199168125.0,-22.82795
2199168281.25,-22.82652
2199168437.5,-22.82964
2199168593.75,-22.83155
2199168750.0,-22.8323
2199168906.25,-22.83445
2199169062.5,-22.83405
2199169218.75,-22.83549
2199169375.0,-22.84054
2199169531.25,-22.84005
2199169687.5,-22.84225
2199169843.75,-22.83919
2199170000.0,-22.84223
2199170156.25,-22.84551
2199170312.5,-22.84831
2199170468.75,-22.84933
2199170625.0,-22.84824
2199170781.25,-22.84958
2199170937.5,-22.85203
2199171093.75,-22.84927
2199171250.0,-22.85308
2199171406.25,-22.85432
2199171562.5,-22.85894
2199171718.75,-22.8612
2199171875.0,-22.86076
2199172031.25,-22.85949
2199172187.5,-22.86256
2199172343.75,-22.86333
2199172500.0,-22.86285
2199172656.25,-22.86464
2199172812.5,-22.86654
2199172968.75,-22.86866
2199173125.0,-22.87129
2199173281.25,-22.87042
2199173437.5,-22.87538
2199173593.75,-22.87569
2199173750.0,-22.8767
2199173906.25,-22.87654
2199174062.5,-22.87786
2199174218.75,-22.87916
2199174375.0,-22.882
2199174531.25,-22.88218
2199174687.5,-22.88423
2199174843.75,-22.88388
2199175000.0,-22.88697
2199175156.25,-22.88799
2199175312.5,-22.89088
2199175468.75,-22.8907
2199175625.0,-22.89037
2199175781.25,-22.8959
2199175937.5,-22.89495
2199176093.75,-22.89687
2199176250.0,-22.89842
2199176406.25,-22.89797
2199176562.5,-22.90091
2199176718.75,-22.9004
2199176875.0,-22.90579
2199177031.25,-22.90591
2199177187.5,-22.90597
2199177343.75,-22.90848
2199177500.0,-22.9074
2199177656.25,-22.90949
2199177812.5,-22.91094
2199177968.75,-22.911
2199178125.0,-22.91447
2199178281.25,-22.91715
2199178437.5,-22.91791
2199178593.75,-22.91829
2199178750.0,-22.91837
2199178906.25,-22.92004
2199179062.5,-22.92184
2199179218.75,-22.92118
2199179375.0,-22.92689
2199179531.25,-22.92938
2199179687.5,-22.92581
2199179843.75,-22.92772
2199180000.0,-22.92983
2199180156.25,-22.9327
2199180312.5,-22.93295
2199180468.75,-22.93513
2199180625.0,-22.93291
2199180781.25,-22.93844
2199180937.5,-22.93822
2199181093.75,-22.93824
2199181250.0,-22.94044
2199181406.25,-22.94195
2199181562.5,-22.94086
2199181718.75,-22.94385
2199181875.0,-22.94635
2199182031.25,-22.94968
2199182187.5,-22.95049
2199182343.75,-22.94924
2199182500.0,-22.95483
2199182656.25,-22.95368
2199182812.5,-22.95368
2199182968.75,-22.95672
2199183125.0,-22.95855
2199183281.25,-22.95835
2199183437.5,-22.95949
2199183593.75,-22.96291
2199183750.0,-22.96083
2199183906.25,-22.96434
2199184062.5,-22.96499
2199184218.75,-22.96366
2199184375.0,-22.96756
2199184531.25,-22.96821
2199184687.5,-22.97189
2199184843.75,-22.9729
2199185000.0,-22.9741
2199185156.25,-22.97382
2199185312.5,-22.97554
2199185468.75,-22.97724
2199185625.0,-22.97542
2199185781.25,-22.9806
2199185937.5,-22.98137
2199186093.75,-22.97963
2199186250.0,-22.98289
2199186406.25,-22.98403
2199186562.5,-22.98711
2199186718.75,-22.98722
2199186875.0,-22.98794
2199187031.25,-22.99091
2199187187.5,-22.99081
2199187343.75,-22.99237
2199187500.0,-22.99613
2199187656.25,-22.99605
2199187812.5,-22.99644
2199187968.75,-22.99835
2199188125.0,-23.00093
2199188281.25,-23.00188
2199188437.5,-23.0015
2199188593.75,-23.00176
2199188750.0,-23.00457
2199188906.25,-23.0045
2199189062.5,-23.00945
2199189218.75,-23.00919
2199189375.0,-23.01045
2199189531.25,-23.01055
2199189687.5,-23.01261
2199189843.75,-23.01555
2199190000.0,-23.01511
2199190156.25,-23.01494
2199190312.5,-23.01842
2199190468.75,-23.02099
2199190625.0,-23.02117
2199190781.25,-23.02161
2199190937.5,-23.02395
2199191093.75,-23.02652
2199191250.0,-23.02616
2199191406.25,-23.02592
2199191562.5,-23.03065
2199191718.75,-23.02973
2199191875.0,-23.03326
2199192031.25,-23.03411
2199192187.5,-23.03382
2199192343.75,-23.03462
2199192500.0,-23.03649
2199192656.25,-23.03847
2199192812.5,-23.03994
2199192968.75,-23.04291
2199193125.0,-23.04315
2199193281.25,-23.04346
2199193437.5,-23.04581
2199193593.75,-23.04441
2199193750.0,-23.0466
2199193906.25,-23.04846
2199194062.5,-23.04833
2199194218.75,-23.05144
2199194375.0,-23.05144
2199194531.25,-23.05492
2199194687.5,-23.05734
2199194843.75,-23.05643
2199195000.0,-23.05894
2199195156.25,-23.05993
2199195312.5,-23.06065
2199195468.75,-23.06205
2199195625.0,-23.06423
2199195781.25,-23.0658
2199195937.5,-23.06632
2199196093.75,-23.06918
2199196250.0,-23.07155
2199196406.25,-23.0729
2199196562.5,-23.07065
2199196718.75,-23.07266
2199196875.0,-23.07519
2199197031.25,-23.07771
2199197187.5,-23.07637
2199197343.75,-23.0764
2199197500.0,-23.07812
2199197656.25,-23.08076
2199197812.5,-23.08231
2199197968.75,-23.0818
2199198125.0,-23.08691
2199198281.25,-23.08597
2199198437.5,-23.0852
2199198593.75,-23.08939
2199198750.0,-23.08847
2199198906.25,-23.09227
2199199062.5,-23.09361
2199199218.75,-23.09121
2199199375.0,-23.09723
2199199531.25,-23.09945
2199199687.5,-23.09833
2199199843.75,-23.09887
2199200000.0,-23.09983
2199200156.25,-23.09896
2199200312.5,-23.10665
2199200468.75,-23.10658
2199200625.0,-23.10771
2199200781.25,-23.10735
2199200937.5,-23.11092
2199201093.75,-23.11094
2199201250.0,-23.11229
2199201406.25,-23.11315
2199201562.5,-23.1141
2199201718.75,-23.11667
2199201875.0,-23.1155
2199202031.25,-23.11791
2199202187.5,-23.11974
2199202343.75,-23.11883
2199202500.0,-23.12403
2199202656.25,-23.12121
2199202812.5,-23.12476
2199202968.75,-23.12465
2199203125.0,-23.12749
2199203281.25,-23.12857
2199203437.5,-23.12981
2199203593.75,-23.13059
2199203750.0,-23.1304
2199203906.25,-23.13458
2199204062.5,-23.13266
2199204218.75,-23.13674
2199204375.0,-23.13907
2199204531.25,-23.14115
2199204687.5,-23.14076
2199204843.75,-23.14096
2199205000.0,-23.14232
2199205156.25,-23.14627
2199205312.5,-23.14619
2199205468.75,-23.14852
2199205625.0,-23.15089
2199205781.25,-23.14899
2199205937.5,-23.15107
2199206093.75,-23.15171
2199206250.0,-23.15654
2199206406.25,-23.15533
2199206562.5,-23.15581
2199206718.75,-23.15632
2199206875.0,-23.16095
2199207031.25,-23.15885
2199207187.5,-23.15988
2199207343.75,-23.16118
2199207500.0,-23.16662
2199207656.25,-23.16779
2199207812.5,-23.16904
2199207968.75,-23.16735
2199208125.0,-23.17032
2199208281.25,-23.1716
2199208437.5,-23.17294
2199208593.75,-23.17166
2199208750.0,-23.17542
2199208906.25,-23.17541
2199209062.5,-23.17838
2199209218.75,-23.17999
2199209375.0,-23.17943
2199209531.25,-23.18114
2199209687.5,-23.18313
2199209843.75,-23.18479
2199210000.0,-23.18415
2199210156.25,-23.18374
2199210312.5,-23.18698
2199210468.75,-23.19012
2199210625.0,-23.18967
2199210781.25,-23.19305
2199210937.5,-23.19468
2199211093.75,-23.19393
2199211250.0,-23.19661
2199211406.25,-23.19861
2199211562.5,-23.19814
2199211718.75,-23.19982
2199211875.0,-23.20119
2199212031.25,-23.20233
2199212187.5,-23.20459
2199212343.75,-23.20195
2199212500.0,-23.20827
2199212656.25,-23.20574
2199212812.5,-23.21077
2199212968.75,-23.2106
2199213125.0,-23.21151
2199213281.25,-23.21412
2199213437.5,-23.211
2199213593.75,-23.21454
2199213750.0,-23.2154
2199213906.25,-23.21785
2199214062.5,-23.21917
2199214218.75,-23.21898
2199214375.0,-23.2206
2199214531.25,-23.2243
2199214687.5,-23.22509
2199214843.75,-23.22685
2199215000.0,-23.22599
2199215156.25,-23.22893
2199215312.5,-23.23082
2199215468.75,-23.23142
2199215625.0,-23.2322
2199215781.25,-23.23158
2199215937.5,-23.23591
2199216093.75,-23.23638
2199216250.0,-23.23657
2199216406.25,-23.24016
2199216562.5,-23.23743
2199216718.75,-23.23968
2199216875.0,-23.2427
2199217031.25,-23.24472
2199217187.5,-23.24338
2199217343.75,-23.24643
2199217500.0,-23.24663
2199217656.25,-23.25002
2199217812.5,-23.24756
2199217968.75,-23.25208
2199218125.0,-23.25433
2199218281.25,-23.25417
2199218437.5,-23.25391
2199218593.75,-23.2558
2199218750.0,-23.25702
2199218906.25,-23.26173
2199219062.5,-23.25933
2199219218.75,-23.26177
2199219375.0,-23.26347
2199219531.25,-23.2652
2199219687.5,-23.26605
2199219843.75,-23.26815
2199220000.0,-23.26826
2199220156.25,-23.26909
2199220312.5,-23.2717
2199220468.75,-23.2743
2199220625.0,-23.27429
2199220781.25,-23.2745
2199220937.5,-23.27828
2199221093.75,-23.27853
2199221250.0,-23.27819
2199221406.25,-23.2806
2199221562.5,-23.27992
2199221718.75,-23.28142
2199221875.0,-23.2818
2199222031.25,-23.28517
2199222187.5,-23.28586
2199222343.75,-23.28559
2199222500.0,-23.29003
2199222656.25,-23.2892
2199222812.5,-23.29091
2199222968.75,-23.2941
2199223125.0,-23.29683
2199223281.25,-23.29561
2199223437.5,-23.29334
2199223593.75,-23.29941
2199223750.0,-23.29988
2199223906.25,-23.29871
2199224062.5,-23.30123
2199224218.75,-23.30054
2199224375.0,-23.30383
2199224531.25,-23.30598
2199224687.5,-23.30774
2199224843.75,-23.30786
2199225000.0,-23.31008
2199225156.25,-23.31117
2199225312.5,-23.31364
2199225468.75,-23.31214
2199225625.0,-23.31562
2199225781.25,-23.31365
2199225937.5,-23.31725
2199226093.75,-23.31733
2199226250.0,-23.32065
2199226406.25,-23.32068
2199226562.5,-23.32344
2199226718.75,-23.32364
2199226875.0,-23.32577
2199227031.25,-23.326
2199227187.5,-23.33072
2199227343.75,-23.32879
2199227500.0,-23.33304
2199227656.25,-23.33162
2199227812.5,-23.333
2199227968.75,-23.33321
2199228125.0,-23.33624
2199228281.25,-23.33682
2199228437.5,-23.33809
2199228593.75,-23.33979
2199228750.0,-23.33838
2199228906.25,-23.34083
2199229062.5,-23.34214
2199229218.75,-23.34271
2199229375.0,-23.34589
2199229531.25,-23.34732
2199229687.5,-23.3495
2199229843.75,-23.35256
2199230000.0,-23.35251
2199230156.25,-23.3526
2199230312.5,-23.35263
2199230468.75,-23.3581
2199230625.0,-23.35513
2199230781.25,-23.35471
2199230937.5,-23.35872
2199231093.75,-23.35949
2199231250.0,-23.36012
2199231406.25,-23.36322
2199231562.5,-23.36411
2199231718.75,-23.36492
2199231875.0,-23.36638
2199232031.25,-23.36674
2199232187.5,-23.36852
2199232343.75,-23.37071
2199232500.0,-23.3717
2199232656.25,-23.37304
2199232812.5,-23.37374
2199232968.75,-23.37518
2199233125.0,-23.37875
2199233281.25,-23.37609
2199233437.5,-23.38019
2199233593.75,-23.38108
2199233750.0,-23.382
2199233906.25,-23.3802
2199234062.5,-23.38365
2199234218.75,-23.38678
2199234375.0,-23.38643
2199234531.25,-23.38904
2199234687.5,-23.39167
2199234843.75,-23.3891
2199235000.0,-23.39283
2199235156.25,-23.39366
2199235312.5,-23.3944
2199235468.75,-23.39699
2199235625.0,-23.39739
2199235781.25,-23.39765
2199235937.5,-23.40036
2199236093.75,-23.40123
2199236250.0,-23.40203
2199236406.25,-23.40436
2199236562.5,-23.40487
2199236718.75,-23.40664
2199236875.0,-23.4066
2199237031.25,-23.40625
2199237187.5,-23.40881
2199237343.75,-23.41212
2199237500.0,-23.41417
2199237656.25,-23.41465
2199237812.5,-23.41662
2199237968.75,-23.41742
2199238125.0,-23.41495
2199238281.25,-23.41953
2199238437.5,-23.42146
2199238593.75,-23.42286
2199238750.0,-23.42402
2199238906.25,-23.42247
2199239062.5,-23.42384
2199239218.75,-23.42792
2199239375.0,-23.42923
2199239531.25,-23.42966
2199239687.5,-23.42866
2199239843.75,-23.43209
2199240000.0,-23.43218
2199240156.25,-23.43498
2199240312.5,-23.43538
2199240468.75,-23.43863
2199240625.0,-23.43779
2199240781.25,-23.4397
2199240937.5,-23.44077
2199241093.75,-23.44225
2199241250.0,-23.44269
2199241406.25,-23.44534
2199241562.5,-23.4454
2199241718.75,-23.45053
2199241875.0,-23.44822
2199242031.25,-23.44942
2199242187.5,-23.4517
2199242343.75,-23.45289
2199242500.0,-23.45494
2199242656.25,-23.45618
2199242812.5,-23.45615
2199242968.75,-23.45907
2199243125.0,-23.45736
2199243281.25,-23.46047
2199243437.5,-23.46169
2199243593.75,-23.46137
2199243750.0,-23.46619
2199243906.25,-23.46522
2199244062.5,-23.46556
2199244218.75,-23.46795
2199244375.0,-23.46839
2199244531.25,-23.47015
2199244687.5,-23.47105
2199244843.75,-23.47155
2199245000.0,-23.47484
2199245156.25,-23.47503
2199245312.5,-23.47544
2199245468.75,-23.4768
2199245625.0,-23.4802
2199245781.25,-23.48106
2199245937.5,-23.48038
2199246093.75,-23.48232
2199246250.0,-23.48223
2199246406.25,-23.48405
2199246562.5,-23.48799
2199246718.75,-23.48841
2199246875.0,-23.48962
2199247031.25,-23.4892
2199247187.5,-23.49098
2199247343.75,-23.4925
2199247500.0,-23.49668
2199247656.25,-23.4974
2199247812.5,-23.50058
2199247968.75,-23.49708
2199248125.0,-23.49944
2199248281.25,-23.50119
2199248437.5,-23.50204
2199248593.75,-23.50032
2199248750.0,-23.50583
2199248906.25,-23.50583
2199249062.5,-23.50744
2199249218.75,-23.5107
2199249375.0,-23.51036
2199249531.25,-23.50947
2199249687.5,-23.51404
2199249843.75,-23.51602
2199250000.0,-23.51444
2199250156.25,-23.51701
2199250312.5,-23.516
2199250468.75,-23.51506
2199250625.0,-23.51736
2199250781.25,-23.51902
2199250937.5,-23.52311
2199251093.75,-23.52276
2199251250.0,-23.52433
2199251406.25,-23.53017
2199251562.5,-23.5275
2199251718.75,-23.52725
2199251875.0,-23.5301
2199252031.25,-23.52908
2199252187.5,-23.53185
2199252343.75,-23.53353
2199252500.0,-23.53355
2199252656.25,-23.53639
2199252812.5,-23.53827
2199252968.75,-23.53746
2199253125.0,-23.54167
2199253281.25,-23.54057
2199253437.5,-23.54251
2199253593.75,-23.54192
2199253750.0,-23.54551
2199253906.25,-23.5476
2199254062.5,-23.5473
2199254218.75,-23.5487
2199254375.0,-23.54863
2199254531.25,-23.55204
2199254687.5,-23.55117
2199254843.75,-23.55381
2199255000.0,-23.55404
2199255156.25,-23.55741
2199255312.5,-23.55855
2199255468.75,-23.55628
2199255625.0,-23.55974
2199255781.25,-23.56249
2199255937.5,-23.56314
2199256093.75,-23.56552
2199256250.0,-23.56505
2199256406.25,-23.5679
2199256562.5,-23.56651
2199256718.75,-23.56861
2199256875.0,-23.57116
2199257031.25,-23.56966
2199257187.5,-23.57273
2199257343.75,-23.57642
2199257500.0,-23.57624
2199257656.25,-23.57724
2199257812.5,-23.57671
2199257968.75,-23.58007
2199258125.0,-23.57997
2199258281.25,-23.57976
2199258437.5,-23.57892
2199258593.75,-23.5862
2199258750.0,-23.58293
2199258906.25,-23.587
2199259062.5,-23.58891
2199259218.75,-23.58826
2199259375.0,-23.59171
2199259531.25,-23.59267
2199259687.5,-23.59263
2199259843.75,-23.59293
2199260000.0,-23.59806
2199260156.25,-23.59452
2199260312.5,-23.59563
2199260468.75,-23.60111
2199260625.0,-23.60036
2199260781.25,-23.60163
2199260937.5,-23.60208
2199261093.75,-23.60392
2199261250.0,-23.60445
2199261406.25,-23.60466
2199261562.5,-23.60978
2199261718.75,-23.61132
2199261875.0,-23.60935
2199262031.25,-23.61018
2199262187.5,-23.61157
2199262343.75,-23.61414
2199262500.0,-23.61577
2199262656.25,-23.61786
2199262812.5,-23.61478
2199262968.75,-23.61682
2199263125.0,-23.62063
2199263281.25,-23.62194
2199263437.5,-23.62074
2199263593.75,-23.62222
2199263750.0,-23.62589
2199263906.25,-23.62524
2199264062.5,-23.62666
2199264218.75,-23.63074
2199264375.0,-23.62882
2199264531.25,-23.63033
2199264687.5,-23.63419
2199264843.75,-23.63607
2199265000.0,-23.63294
2199265156.25,-23.63616
2199265312.5,-23.63947
2199265468.75,-23.63828
2199265625.0,-23.63814
2199265781.25,-23.64211
2199265937.5,-23.64243
2199266093.75,-23.64379
2199266250.0,-23.64631
2199266406.25,-23.64681
2199266562.5,-23.64821
2199266718.75,-23.64712
2199266875.0,-23.6504
2199267031.25,-23.65271
2199267187.5,-23.65205
2199267343.75,-23.65338
2199267500.0,-23.6562
2199267656.25,-23.65457
2199267812.5,-23.65676
2199267968.75,-23.65954
2199268125.0,-23.66298
2199268281.25,-23.65928
2199268437.5,-23.66166
2199268593.75,-23.66221
2199268750.0,-23.66355
2199268906.25,-23.66354
2199269062.5,-23.66846
2199269218.75,-23.66833
2199269375.0,-23.67095
2199269531.25,-23.67157
2199269687.5,-23.67245
2199269843.75,-23.67467
2199270000.0,-23.67595
2199270156.25,-23.67836
2199270312.5,-23.67748
2199270468.75,-23.67652
2199270625.0,-23.67996
2199270781.25,-23.68113
2199270937.5,-23.68223
2199271093.75,-23.68382
2199271250.0,-23.68423
2199271406.25,-23.68694
2199271562.5,-23.687
2199271718.75,-23.68908
2199271875.0,-23.68826
2199272031.25,-23.69071
2199272187.5,-23.69235
2199272343.75,-23.69252
2199272500.0,-23.69715
2199272656.25,-23.69258
2199272812.5,-23.69865
2199272968.75,-23.69972
2199273125.0,-23.69795
2199273281.25,-23.7016
2199273437.5,-23.70064
2199273593.75,-23.7023
2199273750.0,-23.70359
2199273906.25,-23.7049
2199274062.5,-23.70775
2199274218.75,-23.70988
2199274375.0,-23.70927
2199274531.25,-23.71288
2199274687.5,-23.71204
2199274843.75,-23.71617
2199275000.0,-23.71422
2199275156.25,-23.716
2199275312.5,-23.71737
2199275468.75,-23.71735
2199275625.0,-23.72147
2199275781.25,-23.7203
2199275937.5,-23.72293
2199276093.75,-23.72408
2199276250.0,-23.72471
2199276406.25,-23.72515
2199276562.5,-23.72904
2199276718.75,-23.72678
2199276875.0,-23.72653
2199277031.25,-23.73072
2199277187.5,-23.73104
2199277343.75,-23.733
2199277500.0,-23.73404
2199277656.25,-23.73621
2199277812.5,-23.73897
2199277968.75,-23.73836
2199278125.0,-23.7409
2199278281.25,-23.73992
2199278437.5,-23.74188
2199278593.75,-23.74207
2199278750.0,-23.74475
2199278906.25,-23.74422
2199279062.5,-23.74693
2199279218.75,-23.7497
2199279375.0,-23.74881
2199279531.25,-23.74975
2199279687.5,-23.75028
2199279843.75,-23.75274
2199280000.0,-23.75216
2199280156.25,-23.75473
2199280312.5,-23.7565
2199280468.75,-23.75797
2199280625.0,-23.75815
2199280781.25,-23.76127
2199280937.5,-23.76034
2199281093.75,-23.76433
2199281250.0,-23.76492
2199281406.25,-23.76555
2199281562.5,-23.76797
2199281718.75,-23.7684
2199281875.0,-23.76785
2199282031.25,-23.76937
2199282187.5,-23.77064
2199282343.75,-23.77336
2199282500.0,-23.77258
2199282656.25,-23.77618
2199282812.5,-23.77507
2199282968.75,-23.77783
2199283125.0,-23.77734
2199283281.25,-23.77751
2199283437.5,-23.77928
2199283593.75,-23.78334
2199283750.0,-23.78259
2199283906.25,-23.78407
2199284062.5,-23.78559
2199284218.75,-23.78841
2199284375.0,-23.78872
2199284531.25,-23.78832
2199284687.5,-23.79088
2199284843.75,-23.79332
2199285000.0,-23.79272
2199285156.25,-23.79308
2199285312.5,-23.79642
2199285468.75,-23.79515
2199285625.0,-23.7985
2199285781.25,-23.80051
2199285937.5,-23.80042
2199286093.75,-23.80126
2199286250.0,-23.80308
2199286406.25,-23.8045
2199286562.5,-23.80735
2199286718.75,-23.80627
2199286875.0,-23.80636
2199287031.25,-23.80728
2199287187.5,-23.81225
2199287343.75,-23.81129
2199287500.0,-23.81214
2199287656.25,-23.8128
2199287812.5,-23.81417
2199287968.75,-23.81719
2199288125.0,-23.81504
2199288281.25,-23.82078
2199288437.5,-23.82024
2199288593.75,-23.82146
2199288750.0,-23.82089
2199288906.25,-23.82201
2199289062.5,-23.82458
2199289218.75,-23.82402
2199289375.0,-23.82845
2199289531.25,-23.82881
2199289687.5,-23.82801
2199289843.75,-23.83014
2199290000.0,-23.83102
2199290156.25,-23.83267
2199290312.5,-23.83695
2199290468.75,-23.83623
2199290625.0,-23.83412
2199290781.25,-23.83979
2199290937.5,-23.83874
2199291093.75,-23.83996
2199291250.0,-23.84457
2199291406.25,-23.84111
2199291562.5,-23.84561
2199291718.75,-23.84475
2199291875.0,-23.8485
2199292031.25,-23.84765
2199292187.5,-23.84871
2199292343.75,-23.85042
2199292500.0,-23.85058
2199292656.25,-23.85271
2199292812.5,-23.85352
2199292968.75,-23.85732
2199293125.0,-23.85857
2199293281.25,-23.85696
2199293437.5,-23.85923
2199293593.75,-23.86018
2199293750.0,-23.86025
2199293906.25,-23.86388
2199294062.5,-23.86482
2199294218.75,-23.86484
2199294375.0,-23.86775
2199294531.25,-23.8685
2199294687.5,-23.86793
2199294843.75,-23.87213
2199295000.0,-23.87275
2199295156.25,-23.86955
2199295312.5,-23.87241
2199295468.75,-23.87505
2199295625.0,-23.87654
2199295781.25,-23.87659
2199295937.5,-23.87803
2199296093.75,-23.88048
2199296250.0,-23.87884
2199296406.25,-23.88157
2199296562.5,-23.88245
2199296718.75,-23.88155
2199296875.0,-23.88459
2199297031.25,-23.88887
2199297187.5,-23.88942
2199297343.75,-23.88737
2199297500.0,-23.89139
2199297656.25,-23.89152
2199297812.5,-23.8923
2199297968.75,-23.89305
2199298125.0,-23.89315
2199298281.25,-23.89687
2199298437.5,-23.89661
2199298593.75,-23.8997
2199298750.0,-23.89987
2199298906.25,-23.90239
2199299062.5,-23.90053
2199299218.75,-23.90532
2199299375.0,-23.9048
2199299531.25,-23.90632
2199299687.5,-23.90542
2199299843.75,-23.91077
2199300000.0,-23.90909
2199300156.25,-23.90942
2199300312.5,-23.91386
2199300468.75,-23.91389
2199300625.0,-23.91715
2199300781.25,-23.91794
2199300937.5,-23.91669
2199301093.75,-23.91938
2199301250.0,-23.92145
2199301406.25,-23.92088
2199301562.5,-23.92515
2199301718.75,-23.92442
2199301875.0,-23.92418
2199302031.25,-23.92677
2199302187.5,-23.92637
2199302343.75,-23.92829
2199302500.0,-23.92909
2199302656.25,-23.93036
2199302812.5,-23.93192
2199302968.75,-23.93229
2199303125.0,-23.933
2199303281.25,-23.93423
2199303437.5,-23.93521
2199303593.75,-23.9363
2199303750.0,-23.93853
2199303906.25,-23.93905
2199304062.5,-23.9416
2199304218.75,-23.9416
2199304375.0,-23.94258
2199304531.25,-23.94391
2199304687.5,-23.9472
2199304843.75,-23.94692
2199305000.0,-23.94777
2199305156.25,-23.94971
2199305312.5,-23.95134
2199305468.75,-23.95407
2199305625.0,-23.95305
2199305781.25,-23.95446
2199305937.5,-23.95504
2199306093.75,-23.95713
2199306250.0,-23.96023
2199306406.25,-23.959
2199306562.5,-23.95995
2199306718.75,-23.96293
2199306875.0,-23.96137
2199307031.25,-23.96551
2199307187.5,-23.96444
2199307343.75,-23.9656
2199307500.0,-23.96629
2199307656.25,-23.96824
2199307812.5,-23.96839
2199307968.75,-23.97206
2199308125.0,-23.97363
2199308281.25,-23.97521
2199308437.5,-23.97374
2199308593.75,-23.97942
2199308750.0,-23.97707
2199308906.25,-23.97708
2199309062.5,-23.97946
2199309218.75,-23.98022
2199309375.0,-23.98092
2199309531.25,-23.98236
2199309687.5,-23.98299
2199309843.75,-23.9852
2199310000.0,-23.98714
2199310156.25,-23.99121
2199310312.5,-23.99193
2199310468.75,-23.98842
2199310625.0,-23.994
2199310781.25,-23.99128
2199310937.5,-23.99608
2199311093.75,-23.9946
2199311250.0,-23.9978
2199311406.25,-23.99821
2199311562.5,-23.99812
2199311718.75,-24.00043
2199311875.0,-23.99967
2199312031.25,-24.00113
2199312187.5,-24.00356
2199312343.75,-24.0036
2199312500.0,-24.00638
2199312656.25,-24.00507
2199312812.5,-24.00787
2199312968.75,-24.01074
2199313125.0,-24.01179
2199313281.25,-24.01081
2199313437.5,-24.01347
2199313593.75,-24.01509
2199313750.0,-24.01934
2199313906.25,-24.01921
2199314062.5,-24.01793
2199314218.75,-24.02142
2199314375.0,-24.02106
2199314531.25,-24.02483
2199314687.5,-24.02275
2199314843.75,-24.02428
2199315000.0,-24.02335
2199315156.25,-24.02685
2199315312.5,-24.02674
2199315468.75,-24.02879
2199315625.0,-24.02981
2199315781.25,-24.0324
2199315937.5,-24.03257
2199316093.75,-24.03379
2199316250.0,-24.03633
2199316406.25,-24.03584
2199316562.5,-24.03857
2199316718.75,-24.03588
2199316875.0,-24.0409
2199317031.25,-24.03849
2199317187.5,-24.04115
2199317343.75,-24.0416
2199317500.0,-24.04218
2199317656.25,-24.04577
2199317812.5,-24.04543
2199317968.75,-24.05079
2199318125.0,-24.05013
2199318281.25,-24.05165
2199318437.5,-24.05337
2199318593.75,-24.05007
2199318750.0,-24.05375
2199318906.25,-24.05591
2199319062.5,-24.05582
2199319218.75,-24.0554
2199319375.0,-24.05834
2199319531.25,-24.06017
2199319687.5,-24.06075
2199319843.75,-24.0631
2199320000.0,-24.0659
2199320156.25,-24.06668
2199320312.5,-24.06501
2199320468.75,-24.0661
2199320625.0,-24.06685
2199320781.25,-24.06796
2199320937.5,-24.06943
2199321093.75,-24.07134
2199321250.0,-24.07353
2199321406.25,-24.07376
2199321562.5,-24.07416
2199321718.75,-24.07652
2199321875.0,-24.0769
2199322031.25,-24.07834
2199322187.5,-24.08029
2199322343.75,-24.07955
2199322500.0,-24.08261
2199322656.25,-24.08281
2199322812.5,-24.08509
2199322968.75,-24.08572
2199323125.0,-24.08471
2199323281.25,-24.08528
2199323437.5,-24.09046
2199323593.75,-24.09296
2199323750.0,-24.09257
2199323906.25,-24.09433
2199324062.5,-24.09344
2199324218.75,-24.09704
2199324375.0,-24.09535
2199324531.25,-24.097
2199324687.5,-24.09988
2199324843.75,-24.10032
2199325000.0,-24.09995
2199325156.25,-24.10378
2199325312.5,-24.10439
2199325468.75,-24.10501
2199325625.0,-24.1083
2199325781.25,-24.10633
2199325937.5,-24.11026
2199326093.75,-24.11021
2199326250.0,-24.11018
2199326406.25,-24.1097
2199326562.5,-24.11314
2199326718.75,-24.11438
2199326875.0,-24.11469
2199327031.25,-24.11871
2199327187.5,-24.11762
2199327343.75,-24.11829
2199327500.0,-24.12108
2199327656.25,-24.12372
2199327812.5,-24.12205
2199327968.75,-24.12356
2199328125.0,-24.12368
2199328281.25,-24.12569
2199328437.5,-24.1273
2199328593.75,-24.13054
2199328750.0,-24.12986
2199328906.25,-24.13091
2199329062.5,-24.13313
2199329218.75,-24.13231
2199329375.0,-24.13385
2199329531.25,-24.13465
2199329687.5,-24.13967
2199329843.75,-24.13753
2199330000.0,-24.13754
2199330156.25,-24.13929
2199330312.5,-24.1417
2199330468.75,-24.14449
2199330625.0,-24.14356
2199330781.25,-24.14726
2199330937.5,-24.14386
2199331093.75,-24.14841
2199331250.0,-24.14876
2199331406.25,-24.15137
2199331562.5,-24.15037
2199331718.75,-24.15652
2199331875.0,-24.15293
2199332031.25,-24.15341
2199332187.5,-24.15585
2199332343.75,-24.1554
2199332500.0,-24.15658
2199332656.25,-24.15981
2199332812.5,-24.16544
2199332968.75,-24.1601
2199333125.0,-24.16492
2199333281.25,-24.16212
2199333437.5,-24.1666
2199333593.75,-24.16496
2199333750.0,-24.168
2199333906.25,-24.16916
2199334062.5,-24.16916
2199334218.75,-24.16828
2199334375.0,-24.17127
2199334531.25,-24.17434
2199334687.5,-24.17369
2199334843.75,-24.17512
2199335000.0,-24.17563
2199335156.25,-24.17894
2199335312.5,-24.17879
2199335468.75,-24.17829
2199335625.0,-24.18035
2199335781.25,-24.18231
2199335937.5,-24.18541
2199336093.75,-24.18465
2199336250.0,-24.18608
2199336406.25,-24.18571
2199336562.5,-24.19242
2199336718.75,-24.18854
2199336875.0,-24.19054
2199337031.25,-24.19152
2199337187.5,-24.19328
2199337343.75,-24.19311
2199337500.0,-24.19753
2199337656.25,-24.19701
2199337812.5,-24.19925
2199337968.75,-24.19785
2199338125.0,-24.2041
2199338281.25,-24.20108
2199338437.5,-24.19976
2199338593.75,-24.20659
2199338750.0,-24.20592
2199338906.25,-24.2056
2199339062.5,-24.20765
2199339218.75,-24.20579
2199339375.0,-24.20797
2199339531.25,-24.21137
2199339687.5,-24.21091
2199339843.75,-24.21334
2199340000.0,-24.21433
2199340156.25,-24.21221
2199340312.5,-24.21706
2199340468.75,-24.2167
2199340625.0,-24.2209
2199340781.25,-24.22186
2199340937.5,-24.22074
2199341093.75,-24.22243
2199341250.0,-24.22214
2199341406.25,-24.22281
2199341562.5,-24.22661
2199341718.75,-24.22743
2199341875.0,-24.23028
2199342031.25,-24.22668
2199342187.5,-24.23239
2199342343.75,-24.23159
2199342500.0,-24.23141
2199342656.25,-24.23379
2199342812.5,-24.23712
2199342968.75,-24.23571
2199343125.0,-24.23919
2199343281.25,-24.24052
2199343437.5,-24.2385
2199343593.75,-24.24315
2199343750.0,-24.24229
2199343906.25,-24.24365
2199344062.5,-24.24465
2199344218.75,-24.24808
2199344375.0,-24.25032
2199344531.25,-24.25111
2199344687.5,-24.24857
2199344843.75,-24.24947
2199345000.0,-24.25191
2199345156.25,-24.25511
2199345312.5,-24.25569
2199345468.75,-24.25416
2199345625.0,-24.25427
2199345781.25,-24.2589
2199345937.5,-24.25962
2199346093.75,-24.26018
2199346250.0,-24.2595
2199346406.25,-24.26368
2199346562.5,-24.26422
2199346718.75,-24.26492
2199346875.0,-24.26534
2199347031.25,-24.26637
2199347187.5,-24.27092
2199347343.75,-24.27004
2199347500.0,-24.27163
2199347656.25,-24.26986
2199347812.5,-24.27184
2199347968.75,-24.2703
2199348125.0,-24.274
2199348281.25,-24.27569
2199348437.5,-24.27735
2199348593.75,-24.27923
2199348750.0,-24.27861
2199348906.25,-24.28072
2199349062.5,-24.28316
2199349218.75,-24.2793
2199349375.0,-24.2881
2199349531.25,-24.2865
2199349687.5,-24.28516
2199349843.75,-24.28623
2199350000.0,-24.28934
2199350156.25,-24.28951
2199350312.5,-24.29223
2199350468.75,-24.29465
2199350625.0,-24.29002
2199350781.25,-24.29588
2199350937.5,-24.29864
2199351093.75,-24.29666
2199351250.0,-24.30002
2199351406.25,-24.29867
2199351562.5,-24.30002
2199351718.75,-24.30162
2199351875.0,-24.30463
2199352031.25,-24.30504
2199352187.5,-24.30699
2199352343.75,-24.30726
2199352500.0,-24.3097
2199352656.25,-24.30982
2199352812.5,-24.30932
2199352968.75,-24.31111
2199353125.0,-24.31281
2199353281.25,-24.31469
2199353437.5,-24.31432
2199353593.75,-24.31737
2199353750.0,-24.31807
2199353906.25,-24.31773
2199354062.5,-24.31736
2199354218.75,-24.32391
2199354375.0,-24.32153
2199354531.25,-24.32405
2199354687.5,-24.32364
2199354843.75,-24.32416
2199355000.0,-24.32441
2199355156.25,-24.32867
2199355312.5,-24.32581
2199355468.75,-24.32802
2199355625.0,-24.33115
2199355781.25,-24.33228
2199355937.5,-24.33267
2199356093.75,-24.33245
2199356250.0,-24.33461
2199356406.25,-24.33502
2199356562.5,-24.3397
2199356718.75,-24.33826
2199356875.0,-24.34176
2199357031.25,-24.34009
2199357187.5,-24.34296
2199357343.75,-24.34546
2199357500.0,-24.34739
2199357656.25,-24.34372
2199357812.5,-24.34756
2199357968.75,-24.34632
2199358125.0,-24.34999
2199358281.25,-24.35045
2199358437.5,-24.35076
2199358593.75,-24.35075
2199358750.0,-24.35205
2199358906.25,-24.35359
2199359062.5,-24.35554
2199359218.75,-24.35522
2199359375.0,-24.36139
2199359531.25,-24.35948
2199359687.5,-24.3622
2199359843.75,-24.36259
2199360000.0,-24.36781
2199360156.25,-24.36367
2199360312.5,-24.3674
2199360468.75,-24.36456
2199360625.0,-24.36944
2199360781.25,-24.3681
2199360937.5,-24.36946
2199361093.75,-24.37179
2199361250.0,-24.37041
2199361406.25,-24.37124
2199361562.5,-24.3756
2199361718.75,-24.37523
2199361875.0,-24.37583
2199362031.25,-24.37877
2199362187.5,-24.38
2199362343.75,-24.3798
2199362500.0,-24.37847
2199362656.25,-24.38265
2199362812.5,-24.38339
2199362968.75,-24.38637
2199363125.0,-24.38335
2199363281.25,-24.38739
2199363437.5,-24.38648
2199363593.75,-24.38854
2199363750.0,-24.3902
2199363906.25,-24.39047
2199364062.5,-24.39187
2199364218.75,-24.39535
2199364375.0,-24.39399
2199364531.25,-24.39515
2199364687.5,-24.3966
2199364843.75,-24.39662
2199365000.0,-24.40263
2199365156.25,-24.40093
2199365312.5,-24.40294
2199365468.75,-24.40285
2199365625.0,-24.40531
2199365781.25,-24.4042
2199365937.5,-24.40586
2199366093.75,-24.40713
2199366250.0,-24.4098
2199366406.25,-24.40726
2199366562.5,-24.41246
2199366718.75,-24.4092
2199366875.0,-24.41557
2199367031.25,-24.41173
2199367187.5,-24.41466
2199367343.75,-24.41675
2199367500.0,-24.41585
2199367656.25,-24.41957
2199367812.5,-24.41952
2199367968.75,-24.4194
2199368125.0,-24.42388
2199368281.25,-24.42127
2199368437.5,-24.42377
2199368593.75,-24.42585
2199368750.0,-24.42339
2199368906.25,-24.42729
2199369062.5,-24.42911
2199369218.75,-24.43085
2199369375.0,-24.43074
2199369531.25,-24.43102
2199369687.5,-24.43602
2199369843.75,-24.43652
2199370000.0,-24.43338
2199370156.25,-24.43564
2199370312.5,-24.4383
2199370468.75,-24.44089
2199370625.0,-24.44077
2199370781.25,-24.43903
2199370937.5,-24.4425
2199371093.75,-24.44448
2199371250.0,-24.44598
2199371406.25,-24.44629
2199371562.5,-24.44645
2199371718.75,-24.44997
2199371875.0,-24.44743
2199372031.25,-24.45244
2199372187.5,-24.45322
2199372343.75,-24.45493
2199372500.0,-24.45247
2199372656.25,-24.45548
2199372812.5,-24.45593
2199372968.75,-24.45745
2199373125.0,-24.457
2199373281.25,-24.46006
2199373437.5,-24.4596
2199373593.75,-24.46262
2199373750.0,-24.46553
2199373906.25,-24.46354
2199374062.5,-24.46469
2199374218.75,-24.4667
2199374375.0,-24.46482
2199374531.25,-24.47042
2199374687.5,-24.46804
2199374843.75,-24.46849
2199375000.0,-24.46996
2199375156.25,-24.47445
2199375312.5,-24.47289
2199375468.75,-24.47526
2199375625.0,-24.47765
2199375781.25,-24.47827
2199375937.5,-24.47677
2199376093.75,-24.48319
2199376250.0,-24.48199
2199376406.25,-24.48155
2199376562.5,-24.48318
2199376718.75,-24.48536
2199376875.0,-24.48466
2199377031.25,-24.4865
2199377187.5,-24.48864
2199377343.75,-24.49061
2199377500.0,-24.48995
2199377656.25,-24.49177
2199377812.5,-24.49009
2199377968.75,-24.49281
2199378125.0,-24.49391
2199378281.25,-24.49671
2199378437.5,-24.49631
2199378593.75,-24.49554
2199378750.0,-24.49906
2199378906.25,-24.49906
2199379062.5,-24.50226
2199379218.75,-24.50034
2199379375.0,-24.50361
2199379531.25,-24.50383
2199379687.5,-24.50803
2199379843.75,-24.50667
2199380000.0,-24.50738
2199380156.25,-24.5093
2199380312.5,-24.50958
2199380468.75,-24.51353
2199380625.0,-24.51299
2199380781.25,-24.51501
2199380937.5,-24.51527
2199381093.75,-24.51539
2199381250.0,-24.51947
2199381406.25,-24.52038
2199381562.5,-24.51951
2199381718.75,-24.52176
2199381875.0,-24.51896
2199382031.25,-24.52465
2199382187.5,-24.52601
2199382343.75,-24.52448
2199382500.0,-24.52463
2199382656.25,-24.52662
2199382812.5,-24.52957
2199382968.75,-24.52846
2199383125.0,-24.52985
2199383281.25,-24.53292
2199383437.5,-24.53363
2199383593.75,-24.53355
2199383750.0,-24.53723
2199383906.25,-24.5382
2199384062.5,-24.53793
2199384218.75,-24.53822
2199384375.0,-24.53727
2199384531.25,-24.54401
2199384687.5,-24.54035
2199384843.75,-24.54428
2199385000.0,-24.54678
2199385156.25,-24.54468
2199385312.5,-24.54923
2199385468.75,-24.54965
2199385625.0,-24.55102
2199385781.25,-24.54952
2199385937.5,-24.55312
2199386093.75,-24.55237
2199386250.0,-24.55168
2199386406.25,-24.55807
2199386562.5,-24.5558
2199386718.75,-24.5578
2199386875.0,-24.5571
2199387031.25,-24.55762
2199387187.5,-24.5606
2199387343.75,-24.5623
2199387500.0,-24.55792
2199387656.25,-24.56322
2199387812.5,-24.5666
2199387968.75,-24.5664
2199388125.0,-24.56819
2199388281.25,-24.57106
2199388437.5,-24.57213
2199388593.75,-24.57078
2199388750.0,-24.57129
2199388906.25,-24.57381
2199389062.5,-24.5757
2199389218.75,-24.57427
2199389375.0,-24.5785
2199389531.25,-24.57761
2199389687.5,-24.57693
2199389843.75,-24.58018
2199390000.0,-24.58003
2199390156.25,-24.58075
2199390312.5,-24.58539
2199390468.75,-24.5828
2199390625.0,-24.58344
2199390781.25,-24.5845
2199390937.5,-24.58525
2199391093.75,-24.587
2199391250.0,-24.58949
2199391406.25,-24.59117
2199391562.5,-24.59193
2199391718.75,-24.59437
2199391875.0,-24.59433
2199392031.25,-24.59691
2199392187.5,-24.59563
2199392343.75,-24.59603
2199392500.0,-24.60069
2199392656.25,-24.59891
2199392812.5,-24.59902
2199392968.75,-24.60135
2199393125.0,-24.60401
2199393281.25,-24.60516
2199393437.5,-24.60507
2199393593.75,-24.60734
2199393750.0,-24.60872
2199393906.25,-24.60958
2199394062.5,-24.60951
2199394218.75,-24.60891
2199394375.0,-24.61192
2199394531.25,-24.614
2199394687.5,-24.61689
2199394843.75,-24.61774
2199395000.0,-24.61556
2199395156.25,-24.62028
2199395312.5,-24.61945
2199395468.75,-24.61877
2199395625.0,-24.62185
2199395781.25,-24.61965
2199395937.5,-24.61866
2199396093.75,-24.62583
2199396250.0,-24.62455
2199396406.25,-24.62815
2199396562.5,-24.62787
2199396718.75,-24.6294
2199396875.0,-24.63268
2199397031.25,-24.63034
2199397187.5,-24.63243
2199397343.75,-24.63287
2199397500.0,-24.63796
2199397656.25,-24.63634
2199397812.5,-24.6375
2199397968.75,-24.63983
2199398125.0,-24.63762
2199398281.25,-24.64043
2199398437.5,-24.64092
2199398593.75,-24.64135
2199398750.0,-24.6416
2199398906.25,-24.644
2199399062.5,-24.64281
2199399218.75,-24.64647
2199399375.0,-24.64897
2199399531.25,-24.64864
2199399687.5,-24.6511
2199399843.75,-24.65219
2199400000.0,-24.65102
2199400156.25,-24.65412
2199400312.5,-24.65584
2199400468.75,-24.6545
2199400625.0,-24.659
2199400781.25,-24.65681
2199400937.5,-24.66009
2199401093.75,-24.66252
2199401250.0,-24.66182
2199401406.25,-24.66157
2199401562.5,-24.66248
2199401718.75,-24.66047
2199401875.0,-24.66605
2199402031.25,-24.66718
2199402187.5,-24.66866
2199402343.75,-24.66849
2199402500.0,-24.67036
2199402656.25,-24.67213
2199402812.5,-24.67165
2199402968.75,-24.67166
2199403125.0,-24.67337
2199403281.25,-24.67498
2199403437.5,-24.67749
2199403593.75,-24.67762
2199403750.0,-24.67982
2199403906.25,-24.67876
2199404062.5,-24.68289
2199404218.75,-24.68286
2199404375.0,-24.68359
2199404531.25,-24.68425
2199404687.5,-24.68654
2199404843.75,-24.68857
2199405000.0,-24.68932
2199405156.25,-24.68876
2199405312.5,-24.68929
2199405468.75,-24.6894
2199405625.0,-24.69352
2199405781.25,-24.69411
2199405937.5,-24.69568
2199406093.75,-24.69908
2199406250.0,-24.69566
2199406406.25,-24.69733
2199406562.5,-24.69671
2199406718.75,-24.6989
2199406875.0,-24.70326
2199407031.25,-24.69778
2199407187.5,-24.70266
2199407343.75,-24.70337
2199407500.0,-24.70683
2199407656.25,-24.70708
2199407812.5,-24.70851
2199407968.75,-24.70906
2199408125.0,-24.70872
2199408281.25,-24.71021
2199408437.5,-24.71302
2199408593.75,-24.71303
2199408750.0,-24.71401
2199408906.25,-24.71318
2199409062.5,-24.71651
2199409218.75,-24.71797
2199409375.0,-24.71786
2199409531.25,-24.71982
2199409687.5,-24.71938
2199409843.75,-24.72143
2199410000.0,-24.7225
2199410156.25,-24.72407
2199410312.5,-24.72589
2199410468.75,-24.72881
2199410625.0,-24.72633
2199410781.25,-24.72882
2199410937.5,-24.7314
2199411093.75,-24.73118
2199411250.0,-24.73293
2199411406.25,-24.73663
2199411562.5,-24.73296
2199411718.75,-24.73397
2199411875.0,-24.7344
2199412031.25,-24.73817
2199412187.5,-24.73859
2199412343.75,-24.73979
2199412500.0,-24.74017
2199412656.25,-24.74043
2199412812.5,-24.74352
2199412968.75,-24.7428
2199413125.0,-24.74695
2199413281.25,-24.747
2199413437.5,-24.74713
2199413593.75,-24.7487
2199413750.0,-24.74948
2199413906.25,-24.75335
2199414062.5,-24.75092
2199414218.75,-24.75215
2199414375.0,-24.75293
2199414531.25,-24.75628
2199414687.5,-24.75727
2199414843.75,-24.75632
2199415000.0,-24.75924
2199415156.25,-24.76171
2199415312.5,-24.75945
2199415468.75,-24.76016
2199415625.0,-24.76256
2199415781.25,-24.765
2199415937.5,-24.76407
2199416093.75,-24.76702
2199416250.0,-24.76668
2199416406.25,-24.7669
2199416562.5,-24.7676
2199416718.75,-24.77288
2199416875.0,-24.77355
2199417031.25,-24.77019
2199417187.5,-24.77421
2199417343.75,-24.77838
2199417500.0,-24.77836
2199417656.25,-24.77732
2199417812.5,-24.78033
2199417968.75,-24.78178
2199418125.0,-24.78347
2199418281.25,-24.78407
2199418437.5,-24.7794
2199418593.75,-24.78145
2199418750.0,-24.78348
2199418906.25,-24.78641
2199419062.5,-24.78434
2199419218.75,-24.7867
2199419375.0,-24.79247
2199419531.25,-24.78716
2199419687.5,-24.79137
2199419843.75,-24.79051
2199420000.0,-24.79232
2199420156.25,-24.79285
2199420312.5,-24.79474
2199420468.75,-24.79711
2199420625.0,-24.80186
2199420781.25,-24.79841
2199420937.5,-24.802
2199421093.75,-24.80158
2199421250.0,-24.80312
2199421406.25,-24.8025
2199421562.5,-24.80648
2199421718.75,-24.80519
2199421875.0,-24.80611
2199422031.25,-24.80819
2199422187.5,-24.80764
2199422343.75,-24.81095
2199422500.0,-24.80897
2199422656.25,-24.81216
2199422812.5,-24.81219
2199422968.75,-24.81295
2199423125.0,-24.81517
2199423281.25,-24.81895
2199423437.5,-24.8173
2199423593.75,-24.81378
2199423750.0,-24.82188
2199423906.25,-24.81973
2199424062.5,-24.82119
2199424218.75,-24.82469
2199424375.0,-24.82096
2199424531.25,-24.82976
2199424687.5,-24.82585
2199424843.75,-24.82949
2199425000.0,-24.83065
2199425156.25,-24.82862
2199425312.5,-24.83081
2199425468.75,-24.83312
2199425625.0,-24.83292
2199425781.25,-24.83583
2199425937.5,-24.83608
2199426093.75,-24.83617
2199426250.0,-24.83658
2199426406.25,-24.84083
2199426562.5,-24.83892
2199426718.75,-24.84166
2199426875.0,-24.8398
2199427031.25,-24.84184
2199427187.5,-24.8438
2199427343.75,-24.84114
2199427500.0,-24.84371
2199427656.25,-24.84932
2199427812.5,-24.84555
2199427968.75,-24.85157
2199428125.0,-24.84811
2199428281.25,-24.85283
2199428437.5,-24.84841
2199428593.75,-24.8536
2199428750.0,-24.8549
2199428906.25,-24.85721
2199429062.5,-24.85744
2199429218.75,-24.85627
2199429375.0,-24.85501
2199429531.25,-24.86065
2199429687.5,-24.86327
2199429843.75,-24.86365
2199430000.0,-24.86262
2199430156.25,-24.86425
2199430312.5,-24.86387
2199430468.75,-24.86482
2199430625.0,-24.8686
2199430781.25,-24.87025
2199430937.5,-24.87162
2199431093.75,-24.87026
2199431250.0,-24.87244
2199431406.25,-24.87362
2199431562.5,-24.87679
2199431718.75,-24.87462
2199431875.0,-24.87494
2199432031.25,-24.87672
2199432187.5,-24.87769
2199432343.75,-24.88095
2199432500.0,-24.8812
2199432656.25,-24.88173
2199432812.5,-24.88257
2199432968.75,-24.88636
2199433125.0,-24.88536
2199433281.25,-24.8884
2199433437.5,-24.88598
2199433593.75,-24.88799
2199433750.0,-24.88804
2199433906.25,-24.89299
2199434062.5,-24.88947
2199434218.75,-24.88897
2199434375.0,-24.89072
2199434531.25,-24.8946
2199434687.5,-24.89517
2199434843.75,-24.89931
2199435000.0,-24.89433
2199435156.25,-24.90064
2199435312.5,-24.89849
2199435468.75,-24.90222
2199435625.0,-24.90283
2199435781.25,-24.90315
2199435937.5,-24.90439
2199436093.75,-24.90549
2199436250.0,-24.90782
2199436406.25,-24.90648
2199436562.5,-24.90917
2199436718.75,-24.90912
2199436875.0,-24.91037
2199437031.25,-24.91401
2199437187.5,-24.91353
2199437343.75,-24.91491
2199437500.0,-24.91688
2199437656.25,-24.91587
2199437812.5,-24.91632
2199437968.75,-24.91902
2199438125.0,-24.91894
2199438281.25,-24.91963
2199438437.5,-24.92135
2199438593.75,-24.92453
2199438750.0,-24.9242
2199438906.25,-24.92854
2199439062.5,-24.92392
2199439218.75,-24.92836
2199439375.0,-24.92789
2199439531.25,-24.92818
2199439687.5,-24.9308
2199439843.75,-24.93426
2199440000.0,-24.93169
2199440156.25,-24.93474
2199440312.5,-24.93359
2199440468.75,-24.93807
2199440625.0,-24.93801
2199440781.25,-24.93694
2199440937.5,-24.94045
2199441093.75,-24.93901
2199441250.0,-24.94435
2199441406.25,-24.94333
2199441562.5,-24.94418
2199441718.75,-24.94561
2199441875.0,-24.94494
2199442031.25,-24.94724
2199442187.5,-24.94801
2199442343.75,-24.94883
2199442500.0,-24.95197
2199442656.25,-24.94933
2199442812.5,-24.95044
2199442968.75,-24.9521
2199443125.0,-24.95633
2199443281.25,-24.95445
2199443437.5,-24.95538
2199443593.75,-24.95674
2199443750.0,-24.95616
2199443906.25,-24.96091
2199444062.5,-24.96131
2199444218.75,-24.96292
2199444375.0,-24.96106
2199444531.25,-24.96317
2199444687.5,-24.96412
2199444843.75,-24.96886
2199445000.0,-24.96937
2199445156.25,-24.9657
2199445312.5,-24.96695
2199445468.75,-24.97074
2199445625.0,-24.96913
2199445781.25,-24.97481
2199445937.5,-24.97373
2199446093.75,-24.97447
2199446250.0,-24.97541
2199446406.25,-24.98042
2199446562.5,-24.97984
2199446718.75,-24.97724
2199446875.0,-24.97917
2199447031.25,-24.98162
2199447187.5,-24.98204
2199447343.75,-24.98047
2199447500.0,-24.9813
2199447656.25,-24.98467
2199447812.5,-24.98663
2199447968.75,-24.9842
2199448125.0,-24.99017
2199448281.25,-24.99035
2199448437.5,-24.99196
2199448593.75,-24.99268
2199448750.0,-24.99273
2199448906.25,-24.99483
2199449062.5,-24.99331
2199449218.75,-24.99353
2199449375.0,-24.9977
2199449531.25,-24.99374
2199449687.5,-24.99603
2199449843.75,-24.99902
2199450000.0,-25.00236
2199450156.25,-25.00193
2199450312.5,-25.00348
2199450468.75,-25.00672
2199450625.0,-25.00604
2199450781.25,-25.00915
2199450937.5,-25.00751
2199451093.75,-25.00628
2199451250.0,-25.01115
2199451406.25,-25.01205
2199451562.5,-25.01113
2199451718.75,-25.01592
2199451875.0,-25.01391
2199452031.25,-25.01653
2199452187.5,-25.01443
2199452343.75,-25.01971
2199452500.0,-25.01966
2199452656.25,-25.0195
2199452812.5,-25.02112
2199452968.75,-25.02079
2199453125.0,-25.02146
2199453281.25,-25.02239
2199453437.5,-25.02782
2199453593.75,-25.02543
2199453750.0,-25.0275
2199453906.25,-25.02908
2199454062.5,-25.02736
2199454218.75,-25.02995
2199454375.0,-25.03157
2199454531.25,-25.03093
2199454687.5,-25.03064
2199454843.75,-25.03362
2199455000.0,-25.03526
2199455156.25,-25.03478
2199455312.5,-25.03784
2199455468.75,-25.03609
2199455625.0,-25.03843
2199455781.25,-25.04183
2199455937.5,-25.03933
2199456093.75,-25.04513
2199456250.0,-25.04353
2199456406.25,-25.04387
2199456562.5,-25.04523
2199456718.75,-25.0451
2199456875.0,-25.0472
2199457031.25,-25.04951
2199457187.5,-25.05109
2199457343.75,-25.05321
2199457500.0,-25.0514
2199457656.25,-25.05491
2199457812.5,-25.0544
2199457968.75,-25.05693
2199458125.0,-25.05395
2199458281.25,-25.05939
2199458437.5,-25.05754
2199458593.75,-25.06191
2199458750.0,-25.06356
2199458906.25,-25.05956
2199459062.5,-25.06203
2199459218.75,-25.06527
2199459375.0,-25.0646
2199459531.25,-25.06781
2199459687.5,-25.06659
2199459843.75,-25.06872
2199460000.0,-25.06923
2199460156.25,-25.07257
2199460312.5,-25.07206
2199460468.75,-25.0743
2199460625.0,-25.0741
2199460781.25,-25.07368
2199460937.5,-25.07767
2199461093.75,-25.07705
2199461250.0,-25.07997
2199461406.25,-25.07789
2199461562.5,-25.08285
2199461718.75,-25.08256
2199461875.0,-25.08515
2199462031.25,-25.08345
2199462187.5,-25.0865
2199462343.75,-25.09118
2199462500.0,-25.08789
2199462656.25,-25.08885
2199462812.5,-25.08633
2199462968.75,-25.08945
2199463125.0,-25.08675
2199463281.25,-25.09314
2199463437.5,-25.09069
2199463593.75,-25.09577
2199463750.0,-25.09484
2199463906.25,-25.09826
2199464062.5,-25.09966
2199464218.75,-25.09712
2199464375.0,-25.09965
2199464531.25,-25.09912
2199464687.5,-25.09924
2199464843.75,-25.10538
2199465000.0,-25.10681
2199465156.25,-25.10266
2199465312.5,-25.10499
2199465468.75,-25.10382
2199465625.0,-25.10666
2199465781.25,-25.11009
2199465937.5,-25.11207
2199466093.75,-25.11103
2199466250.0,-25.11073
2199466406.25,-25.11393
2199466562.5,-25.11394
2199466718.75,-25.11376
2199466875.0,-25.11634
2199467031.25,-25.11793
2199467187.5,-25.12189
2199467343.75,-25.11702
2199467500.0,-25.11991
2199467656.25,-25.12069
2199467812.5,-25.12374
2199467968.75,-25.12581
2199468125.0,-25.12522
2199468281.25,-25.12714
2199468437.5,-25.12743
2199468593.75,-25.12715
2199468750.0,-25.13374
2199468906.25,-25.12929
2199469062.5,-25.13063
2199469218.75,-25.13275
2199469375.0,-25.13271
2199469531.25,-25.13418
2199469687.5,-25.13665
2199469843.75,-25.13708
2199470000.0,-25.13444
2199470156.25,-25.13755
2199470312.5,-25.13986
2199470468.75,-25.1387
2199470625.0,-25.13781
2199470781.25,-25.1431
2199470937.5,-25.1447
2199471093.75,-25.14697
2199471250.0,-25.14752
2199471406.25,-25.14707
2199471562.5,-25.15078
2199471718.75,-25.14941
2199471875.0,-25.14921
2199472031.25,-25.14923
2199472187.5,-25.155
2199472343.75,-25.15408
2199472500.0,-25.15562
2199472656.25,-25.15466
2199472812.5,-25.15527
2199472968.75,-25.15667
2199473125.0,-25.16165
2199473281.25,-25.15791
2199473437.5,-25.1603
2199473593.75,-25.16123
2199473750.0,-25.16172
2199473906.25,-25.16661
2199474062.5,-25.16352
2199474218.75,-25.16627
2199474375.0,-25.1663
2199474531.25,-25.17011
2199474687.5,-25.16716
2199474843.75,-25.17151
2199475000.0,-25.1727
2199475156.25,-25.17427
2199475312.5,-25.17302
2199475468.75,-25.17367
2199475625.0,-25.17229
2199475781.25,-25.17521
2199475937.5,-25.17809
2199476093.75,-25.17723
2199476250.0,-25.17874
2199476406.25,-25.18308
2199476562.5,-25.17865
2199476718.75,-25.18349
2199476875.0,-25.18238
2199477031.25,-25.18182
2199477187.5,-25.18606
2199477343.75,-25.18739
2199477500.0,-25.18844
2199477656.25,-25.19085
2199477812.5,-25.18959
2199477968.75,-25.19018
2199478125.0,-25.19161
2199478281.25,-25.19388
2199478437.5,-25.19578
2199478593.75,-25.19636
2199478750.0,-25.19707
2199478906.25,-25.19366
2199479062.5,-25.19781
2199479218.75,-25.20357
2199479375.0,-25.20071
2199479531.25,-25.20457
2199479687.5,-25.20208
2199479843.75,-25.20441
2199480000.0,-25.20133
2199480156.25,-25.20601
2199480312.5,-25.20591
2199480468.75,-25.21072
2199480625.0,-25.20822
2199480781.25,-25.20817
2199480937.5,-25.21228
2199481093.75,-25.21157
2199481250.0,-25.21404
2199481406.25,-25.21242
2199481562.5,-25.21695
2199481718.75,-25.21447
2199481875.0,-25.21838
2199482031.25,-25.22043
2199482187.5,-25.22078
2199482343.75,-25.21943
2199482500.0,-25.22061
2199482656.25,-25.22432
2199482812.5,-25.22412
2199482968.75,-25.22435
2199483125.0,-25.22825
2199483281.25,-25.22946
2199483437.5,-25.23043
2199483593.75,-25.22892
2199483750.0,-25.22984
2199483906.25,-25.23116
2199484062.5,-25.2326
2199484218.75,-25.23395
2199484375.0,-25.23202
2199484531.25,-25.23508
2199484687.5,-25.23944
2199484843.75,-25.23746
2199485000.0,-25.23753
2199485156.25,-25.23701
2199485312.5,-25.24328
2199485468.75,-25.2441
2199485625.0,-25.24143
2199485781.25,-25.24445
2199485937.5,-25.24428
2199486093.75,-25.2433
2199486250.0,-25.24876
2199486406.25,-25.24721
2199486562.5,-25.24685
2199486718.75,-25.24656
2199486875.0,-25.24924
2199487031.25,-25.24943
2199487187.5,-25.25528
2199487343.75,-25.25282
2199487500.0,-25.25574
2199487656.25,-25.25297
2199487812.5,-25.25716
2199487968.75,-25.26212
2199488125.0,-25.25842
2199488281.25,-25.25496
2199488437.5,-25.26316
2199488593.75,-25.26315
2199488750.0,-25.26439
2199488906.25,-25.26265
2199489062.5,-25.2655
2199489218.75,-25.26887
2199489375.0,-25.26733
2199489531.25,-25.27202
2199489687.5,-25.27172
2199489843.75,-25.2691
2199490000.0,-25.27096
2199490156.25,-25.27301
2199490312.5,-25.26894
2199490468.75,-25.27444
2199490625.0,-25.27532
2199490781.25,-25.27674
2199490937.5,-25.27944
2199491093.75,-25.27765
2199491250.0,-25.27714
2199491406.25,-25.28125
2199491562.5,-25.27983
2199491718.75,-25.28347
2199491875.0,-25.28435
2199492031.25,-25.28475
2199492187.5,-25.29119
2199492343.75,-25.28745
2199492500.0,-25.28695
2199492656.25,-25.29086
2199492812.5,-25.2894
2199492968.75,-25.29292
2199493125.0,-25.29122
2199493281.25,-25.29341
2199493437.5,-25.29657
2199493593.75,-25.29825
2199493750.0,-25.29658
2199493906.25,-25.29625
2199494062.5,-25.2977
2199494218.75,-25.30127
2199494375.0,-25.29948
2199494531.25,-25.30072
2199494687.5,-25.3018
2199494843.75,-25.30408
2199495000.0,-25.30257
2199495156.25,-25.3066
2199495312.5,-25.30638
2199495468.75,-25.30393
2199495625.0,-25.30984
2199495781.25,-25.31036
2199495937.5,-25.31043
2199496093.75,-25.31148
2199496250.0,-25.31339
2199496406.25,-25.31457
2199496562.5,-25.31633
2199496718.75,-25.31513
2199496875.0,-25.31705
2199497031.25,-25.31814
2199497187.5,-25.31849
2199497343.75,-25.31751
2199497500.0,-25.32137
2199497656.25,-25.32437
2199497812.5,-25.32263
2199497968.75,-25.3229
2199498125.0,-25.3245
2199498281.25,-25.32626
2199498437.5,-25.32684
2199498593.75,-25.32958
2199498750.0,-25.32978
2199498906.25,-25.3314
2199499062.5,-25.33132
2199499218.75,-25.32969
2199499375.0,-25.33236
2199499531.25,-25.33385
2199499687.5,-25.33592
2199499843.75,-25.33523
2199500000.0,-25.33321
2199500156.25,-25.34063
2199500312.5,-25.33952
2199500468.75,-25.34058
2199500625.0,-25.33975
2199500781.25,-25.34077
2199500937.5,-25.34492
2199501093.75,-25.34122
2199501250.0,-25.34696
2199501406.25,-25.34655
2199501562.5,-25.34903
2199501718.75,-25.34875
2199501875.0,-25.35098
2199502031.25,-25.35147
2199502187.5,-25.35147
2199502343.75,-25.35507
2199502500.0,-25.35497
2199502656.25,-25.35576
2199502812.5,-25.35547
2199502968.75,-25.35801
2199503125.0,-25.35655
2199503281.25,-25.35966
2199503437.5,-25.35811
2199503593.75,-25.35905
2199503750.0,-25.36334
2199503906.25,-25.36141
2199504062.5,-25.36652
2199504218.75,-25.36806
2199504375.0,-25.36895
2199504531.25,-25.3658
2199504687.5,-25.36951
2199504843.75,-25.37018
2199505000.0,-25.37036
2199505156.25,-25.37033
2199505312.5,-25.37221
2199505468.75,-25.37279
2199505625.0,-25.37608
2199505781.25,-25.37687
2199505937.5,-25.37803
2199506093.75,-25.37639
2199506250.0,-25.37536
2199506406.25,-25.38029
2199506562.5,-25.38037
2199506718.75,-25.38426
2199506875.0,-25.38169
2199507031.25,-25.38353
2199507187.5,-25.38765
2199507343.75,-25.38958
2199507500.0,-25.38463
2199507656.25,-25.38831
2199507812.5,-25.38856
2199507968.75,-25.39001
2199508125.0,-25.39083
2199508281.25,-25.39178
2199508437.5,-25.3939
2199508593.75,-25.39317
2199508750.0,-25.39592
2199508906.25,-25.39959
2199509062.5,-25.39886
2199509218.75,-25.3986
2199509375.0,-25.40053
2199509531.25,-25.39902
2199509687.5,-25.40164
2199509843.75,-25.40428
2199510000.0,-25.40328
2199510156.25,-25.4057
2199510312.5,-25.40331
2199510468.75,-25.40625
2199510625.0,-25.40452
2199510781.25,-25.40824
2199510937.5,-25.41186
2199511093.75,-25.41105
2199511250.0,-25.41224
2199511406.25,-25.41583
2199511562.5,-25.41194
2199511718.75,-25.41329
2199511875.0,-25.41541
2199512031.25,-25.41434
2199512187.5,-25.4179
2199512343.75,-25.41604
2199512500.0,-25.41944
2199512656.25,-25.4193
2199512812.5,-25.41958
2199512968.75,-25.42588
2199513125.0,-25.42263
2199513281.25,-25.42384
2199513437.5,-25.42731
2199513593.75,-25.42455
2199513750.0,-25.4251
2199513906.25,-25.42936
2199514062.5,-25.429
2199514218.75,-25.43055
2199514375.0,-25.43052
2199514531.25,-25.43346
2199514687.5,-25.4335
2199514843.75,-25.43409
2199515000.0,-25.4321
2199515156.25,-25.43756
2199515312.5,-25.43839
2199515468.75,-25.4417
2199515625.0,-25.4395
2199515781.25,-25.44268
2199515937.5,-25.44167
2199516093.75,-25.44349
2199516250.0,-25.44588
2199516406.25,-25.44218
2199516562.5,-25.44649
2199516718.75,-25.44757
2199516875.0,-25.448
2199517031.25,-25.44966
2199517187.5,-25.44896
2199517343.75,-25.44823
2199517500.0,-25.45051
2199517656.25,-25.45671
2199517812.5,-25.45473
2199517968.75,-25.45661
2199518125.0,-25.45605
2199518281.25,-25.45704
2199518437.5,-25.45629
2199518593.75,-25.45801
2199518750.0,-25.45899
2199518906.25,-25.45988
2199519062.5,-25.46259
2199519218.75,-25.46576
2199519375.0,-25.46424
2199519531.25,-25.46454
2199519687.5,-25.46669
2199519843.75,-25.46521
2199520000.0,-25.46864
2199520156.25,-25.47143
2199520312.5,-25.46959
2199520468.75,-25.47095
2199520625.0,-25.47329
2199520781.25,-25.47338
2199520937.5,-25.47395
2199521093.75,-25.47597
2199521250.0,-25.47481
2199521406.25,-25.4782
2199521562.5,-25.47735
2199521718.75,-25.47736
2199521875.0,-25.48066
2199522031.25,-25.48162
2199522187.5,-25.48544
2199522343.75,-25.48567
2199522500.0,-25.48402
2199522656.25,-25.48566
2199522812.5,-25.48508
2199522968.75,-25.48941
2199523125.0,-25.48808
2199523281.25,-25.48845
2199523437.5,-25.49212
2199523593.75,-25.49145
2199523750.0,-25.49243
2199523906.25,-25.49338
2199524062.5,-25.49488
2199524218.75,-25.49751
2199524375.0,-25.49459
2199524531.25,-25.49574
2199524687.5,-25.49483
2199524843.75,-25.49925
2199525000.0,-25.49979
2199525156.25,-25.50227
2199525312.5,-25.5017
2199525468.75,-25.5038
2199525625.0,-25.50357
2199525781.25,-25.5066
2199525937.5,-25.50762
2199526093.75,-25.50902
2199526250.0,-25.50793
2199526406.25,-25.50805
2199526562.5,-25.51043
2199526718.75,-25.51318
2199526875.0,-25.5135
2199527031.25,-25.51248
2199527187.5,-25.51614
2199527343.75,-25.51602
2199527500.0,-25.52084
2199527656.25,-25.52032
2199527812.5,-25.52005
2199527968.75,-25.52115
2199528125.0,-25.52034
2199528281.25,-25.52447
2199528437.5,-25.52144
2199528593.75,-25.52406
2199528750.0,-25.52483
2199528906.25,-25.52658
2199529062.5,-25.52835
2199529218.75,-25.52681
2199529375.0,-25.52791
2199529531.25,-25.53115
2199529687.5,-25.53076
2199529843.75,-25.534
2199530000.0,-25.53261
2199530156.25,-25.53552
2199530312.5,-25.53409
2199530468.75,-25.53614
2199530625.0,-25.53633
2199530781.25,-25.53967
2199530937.5,-25.53988
2199531093.75,-25.54049
2199531250.0,-25.54168
2199531406.25,-25.54063
2199531562.5,-25.54298
2199531718.75,-25.54276
2199531875.0,-25.54338
2199532031.25,-25.5452
2199532187.5,-25.54594
2199532343.75,-25.54989
2199532500.0,-25.54814
2199532656.25,-25.5494
2199532812.5,-25.55149
2199532968.75,-25.55336
2199533125.0,-25.55234
2199533281.25,-25.55229
2199533437.5,-25.55716
2199533593.75,-25.5589
2199533750.0,-25.55744
2199533906.25,-25.55731
2199534062.5,-25.5619
2199534218.75,-25.55939
2199534375.0,-25.56149
2199534531.25,-25.56226
2199534687.5,-25.56257
2199534843.75,-25.56236
2199535000.0,-25.5654
2199535156.25,-25.56696
2199535312.5,-25.56834
2199535468.75,-25.57213
2199535625.0,-25.56996
2199535781.25,-25.57036
2199535937.5,-25.57136
2199536093.75,-25.57399
2199536250.0,-25.57332
2199536406.25,-25.5758
2199536562.5,-25.57632
2199536718.75,-25.5779
2199536875.0,-25.57915
2199537031.25,-25.57862
2199537187.5,-25.57864
2199537343.75,-25.58066
2199537500.0,-25.58209
2199537656.25,-25.58131
2199537812.5,-25.58199
2199537968.75,-25.58437
2199538125.0,-25.58488
2199538281.25,-25.58843
2199538437.5,-25.58662
2199538593.75,-25.59055
2199538750.0,-25.59236
2199538906.25,-25.59218
2199539062.5,-25.58876
2199539218.75,-25.59231
2199539375.0,-25.59318
2199539531.25,-25.59963
2199539687.5,-25.59601
2199539843.75,-25.59717
2199540000.0,-25.59681
2199540156.25,-25.59972
2199540312.5,-25.60137
2199540468.75,-25.6017
2199540625.0,-25.60045
2199540781.25,-25.6039
2199540937.5,-25.60307
2199541093.75,-25.60265
2199541250.0,-25.60595
2199541406.25,-25.60889
2199541562.5,-25.60459
2199541718.75,-25.60649
2199541875.0,-25.60918
2199542031.25,-25.60895
2199542187.5,-25.61192
2199542343.75,-25.6124
2199542500.0,-25.61429
2199542656.25,-25.6139
2199542812.5,-25.61586
2199542968.75,-25.61561
2199543125.0,-25.61849
2199543281.25,-25.61926
2199543437.5,-25.62033
2199543593.75,-25.62279
2199543750.0,-25.62219
2199543906.25,-25.62185
2199544062.5,-25.62353
2199544218.75,-25.6221
2199544375.0,-25.62423
2199544531.25,-25.62439
2199544687.5,-25.62665
2199544843.75,-25.62949
2199545000.0,-25.62825
2199545156.25,-25.62771
2199545312.5,-25.63196
2199545468.75,-25.63329
2199545625.0,-25.6356
2199545781.25,-25.63576
2199545937.5,-25.63514
2199546093.75,-25.6393
2199546250.0,-25.6385
2199546406.25,-25.64231
2199546562.5,-25.64306
2199546718.75,-25.64174
2199546875.0,-25.6429
2199547031.25,-25.64495
2199547187.5,-25.64293
2199547343.75,-25.64692
2199547500.0,-25.64333
2199547656.25,-25.64867
2199547812.5,-25.64648
2199547968.75,-25.64969
2199548125.0,-25.64923
2199548281.25,-25.65086
2199548437.5,-25.65319
2199548593.75,-25.65448
2199548750.0,-25.65456
2199548906.25,-25.65651
2199549062.5,-25.6523
2199549218.75,-25.6565
2199549375.0,-25.65993
2199549531.25,-25.65686
2199549687.5,-25.65563
2199549843.75,-25.66127
2199550000.0,-25.66285
2199550156.25,-25.66026
2199550312.5,-25.66594
2199550468.75,-25.6633
2199550625.0,-25.66705
2199550781.25,-25.66609
2199550937.5,-25.66827
2199551093.75,-25.66825
2199551250.0,-25.66548
2199551406.25,-25.6695
2199551562.5,-25.67087
2199551718.75,-25.67081
2199551875.0,-25.67258
2199552031.25,-25.67453
2199552187.5,-25.67901
2199552343.75,-25.67299
2199552500.0,-25.67579
2199552656.25,-25.67666
2199552812.5,-25.67593
2199552968.75,-25.68198
2199553125.0,-25.68532
2199553281.25,-25.68488
2199553437.5,-25.68328
2199553593.75,-25.68523
2199553750.0,-25.68325
2199553906.25,-25.68531
2199554062.5,-25.68566
2199554218.75,-25.68923
2199554375.0,-25.68813
2199554531.25,-25.69065
2199554687.5,-25.69267
2199554843.75,-25.69521
2199555000.0,-25.69233
2199555156.25,-25.69348
2199555312.5,-25.69651
2199555468.75,-25.69666
2199555625.0,-25.69371
2199555781.25,-25.6988
2199555937.5,-25.69862
2199556093.75,-25.70019
2199556250.0,-25.70197
2199556406.25,-25.70252
2199556562.5,-25.69976
2199556718.75,-25.7008
2199556875.0,-25.70585
2199557031.25,-25.70619
2199557187.5,-25.70563
2199557343.75,-25.70547
2199557500.0,-25.70849
2199557656.25,-25.70635
2199557812.5,-25.71084
2199557968.75,-25.71233
2199558125.0,-25.71303
2199558281.25,-25.71444
2199558437.5,-25.71543
2199558593.75,-25.71686
2199558750.0,-25.72042
2199558906.25,-25.71777
2199559062.5,-25.71906
2199559218.75,-25.71683
2199559375.0,-25.72191
2199559531.25,-25.72168
2199559687.5,-25.72327
2199559843.75,-25.72607
2199560000.0,-25.72452
2199560156.25,-25.72404
2199560312.5,-25.72483
2199560468.75,-25.72906
2199560625.0,-25.72688
2199560781.25,-25.73029
2199560937.5,-25.73054
2199561093.75,-25.73193
2199561250.0,-25.73348
2199561406.25,-25.73583
2199561562.5,-25.73206
2199561718.75,-25.73703
2199561875.0,-25.73784
2199562031.25,-25.7363
2199562187.5,-25.73919
2199562343.75,-25.73783
2199562500.0,-25.74122
2199562656.25,-25.73862
2199562812.5,-25.73777
2199562968.75,-25.74329
2199563125.0,-25.74391
2199563281.25,-25.74749
2199563437.5,-25.74748
2199563593.75,-25.74714
2199563750.0,-25.74841
2199563906.25,-25.74723
2199564062.5,-25.74854
2199564218.75,-25.75064
2199564375.0,-25.75419
2199564531.25,-25.75131
2199564687.5,-25.75243
2199564843.75,-25.75482
2199565000.0,-25.75681
2199565156.25,-25.75787
2199565312.5,-25.75763
2199565468.75,-25.75808
2199565625.0,-25.76151
2199565781.25,-25.75829
2199565937.5,-25.75924
2199566093.75,-25.76499
2199566250.0,-25.76405
2199566406.25,-25.76317
2199566562.5,-25.76652
2199566718.75,-25.76883
2199566875.0,-25.76592
2199567031.25,-25.76891
2199567187.5,-25.77098
2199567343.75,-25.77211
2199567500.0,-25.77185
2199567656.25,-25.77217
2199567812.5,-25.7727
2199567968.75,-25.77441
2199568125.0,-25.77926
2199568281.25,-25.77684
2199568437.5,-25.77818
2199568593.75,-25.77712
2199568750.0,-25.78356
2199568906.25,-25.77782
2199569062.5,-25.77998
2199569218.75,-25.78462
2199569375.0,-25.78435
2199569531.25,-25.78547
2199569687.5,-25.78973
2199569843.75,-25.78668
2199570000.0,-25.78798
2199570156.25,-25.78717
2199570312.5,-25.78663
2199570468.75,-25.78695
2199570625.0,-25.79543
2199570781.25,-25.79414
2199570937.5,-25.79558
2199571093.75,-25.79297
2199571250.0,-25.79281
2199571406.25,-25.79726
2199571562.5,-25.79884
2199571718.75,-25.80192
2199571875.0,-25.79954
2199572031.25,-25.80023
2199572187.5,-25.79938
2199572343.75,-25.80339
2199572500.0,-25.80518
2199572656.25,-25.80525
2199572812.5,-25.80658
2199572968.75,-25.80521
2199573125.0,-25.80919
2199573281.25,-25.80845
2199573437.5,-25.80919
2199573593.75,-25.80944
2199573750.0,-25.81017
2199573906.25,-25.81297
2199574062.5,-25.81272
2199574218.75,-25.81781
2199574375.0,-25.81647
2199574531.25,-25.81958
2199574687.5,-25.81617
2199574843.75,-25.81815
2199575000.0,-25.82091
2199575156.25,-25.82032
2199575312.5,-25.82187
2199575468.75,-25.82405
2199575625.0,-25.82136
2199575781.25,-25.82541
2199575937.5,-25.82587
2199576093.75,-25.82483
2199576250.0,-25.82709
2199576406.25,-25.82787
2199576562.5,-25.83407
2199576718.75,-25.82788
2199576875.0,-25.83077
2199577031.25,-25.8353
2199577187.5,-25.83566
2199577343.75,-25.83186
2199577500.0,-25.83657
2199577656.25,-25.83395
2199577812.5,-25.8351
2199577968.75,-25.84017
2199578125.0,-25.84051
2199578281.25,-25.8414
2199578437.5,-25.84082
2199578593.75,-25.84087
2199578750.0,-25.84622
2199578906.25,-25.84641
2199579062.5,-25.84401
2199579218.75,-25.84635
2199579375.0,-25.84671
2199579531.25,-25.84923
2199579687.5,-25.85038
2199579843.75,-25.84824
2199580000.0,-25.85103
2199580156.25,-25.85298
2199580312.5,-25.84719
2199580468.75,-25.85351
2199580625.0,-25.85597
2199580781.25,-25.85285
2199580937.5,-25.85668
2199581093.75,-25.85533
2199581250.0,-25.85618
2199581406.25,-25.85822
2199581562.5,-25.86302
2199581718.75,-25.86031
2199581875.0,-25.86447
2199582031.25,-25.86369
2199582187.5,-25.86528
2199582343.75,-25.86378
2199582500.0,-25.86387
2199582656.25,-25.86528
2199582812.5,-25.86736
2199582968.75,-25.8668
2199583125.0,-25.86986
2199583281.25,-25.8727
2199583437.5,-25.87198
2199583593.75,-25.87037
2199583750.0,-25.87089
2199583906.25,-25.87488
2199584062.5,-25.87619
2199584218.75,-25.87479
2199584375.0,-25.87701
2199584531.25,-25.88055
2199584687.5,-25.87857
2199584843.75,-25.88092
2199585000.0,-25.8817
2199585156.25,-25.8849
2199585312.5,-25.88141
2199585468.75,-25.88414
2199585625.0,-25.8866
2199585781.25,-25.88491
2199585937.5,-25.88518
2199586093.75,-25.88658
2199586250.0,-25.89041
2199586406.25,-25.89318
2199586562.5,-25.89248
2199586718.75,-25.89335
2199586875.0,-25.89194
2199587031.25,-25.88926
2199587187.5,-25.89505
2199587343.75,-25.89742
2199587500.0,-25.89705
2199587656.25,-25.89824
2199587812.5,-25.89983
2199587968.75,-25.90037
2199588125.0,-25.90157
2199588281.25,-25.90008
2199588437.5,-25.90646
2199588593.75,-25.90106
2199588750.0,-25.90483
2199588906.25,-25.90654
2199589062.5,-25.90664
2199589218.75,-25.91001
2199589375.0,-25.9071
2199589531.25,-25.90865
2199589687.5,-25.91203
2199589843.75,-25.91062
2199590000.0,-25.91348
2199590156.25,-25.91619
2199590312.5,-25.91712
2199590468.75,-25.91391
2199590625.0,-25.91616
2199590781.25,-25.91754
2199590937.5,-25.91805
2199591093.75,-25.91857
2199591250.0,-25.92171
2199591406.25,-25.92261
2199591562.5,-25.91997
2199591718.75,-25.92012
2199591875.0,-25.92089
2199592031.25,-25.92456
2199592187.5,-25.92738
2199592343.75,-25.92492
2199592500.0,-25.93037
2199592656.25,-25.93015
2199592812.5,-25.93359
2199592968.75,-25.93121
2199593125.0,-25.93249
2199593281.25,-25.93217
2199593437.5,-25.93567
2199593593.75,-25.93608
2199593750.0,-25.93591
2199593906.25,-25.93507
2199594062.5,-25.93733
2199594218.75,-25.93744
2199594375.0,-25.93877
2199594531.25,-25.9407
2199594687.5,-25.9424
2199594843.75,-25.94276
2199595000.0,-25.94275
2199595156.25,-25.94495
2199595312.5,-25.94596
2199595468.75,-25.94534
2199595625.0,-25.94778
2199595781.25,-25.9448
2199595937.5,-25.94952
2199596093.75,-25.94833
2199596250.0,-25.94891
2199596406.25,-25.95077
2199596562.5,-25.95196
2199596718.75,-25.95138
2199596875.0,-25.95527
2199597031.25,-25.95441
2199597187.5,-25.95767
2199597343.75,-25.95832
2199597500.0,-25.95864
2199597656.25,-25.96092
2199597812.5,-25.96042
2199597968.75,-25.96277
2199598125.0,-25.9628
2199598281.25,-25.96339
2199598437.5,-25.96405
2199598593.75,-25.96652
2199598750.0,-25.96642
2199598906.25,-25.96803
2199599062.5,-25.96637
2199599218.75,-25.96781
2199599375.0,-25.97226
2199599531.25,-25.97285
2199599687.5,-25.9709
2199599843.75,-25.97382
2199600000.0,-25.9743
2199600156.25,-25.975
2199600312.5,-25.97375
2199600468.75,-25.97505
2199600625.0,-25.97555
2199600781.25,-25.98309
2199600937.5,-25.97996
2199601093.75,-25.97873
2199601250.0,-25.98163
2199601406.25,-25.98292
2199601562.5,-25.98519
2199601718.75,-25.9876
2199601875.0,-25.98729
2199602031.25,-25.98487
2199602187.5,-25.98912
2199602343.75,-25.98966
2199602500.0,-25.98831
2199602656.25,-25.99121
2199602812.5,-25.98864
2199602968.75,-25.99438
2199603125.0,-25.99168
2199603281.25,-25.99331
2199603437.5,-25.99516
2199603593.75,-25.99522
2199603750.0,-25.9993
2199603906.25,-25.99908
2199604062.5,-25.99797
2199604218.75,-25.99974
2199604375.0,-26.00408
2199604531.25,-26.0035
2199604687.5,-26.00541
2199604843.75,-26.00612
2199605000.0,-26.0043
2199605156.25,-26.00611
2199605312.5,-26.00663
2199605468.75,-26.00463
2199605625.0,-26.00626
2199605781.25,-26.01111
2199605937.5,-26.01396
2199606093.75,-26.01249
2199606250.0,-26.0143
2199606406.25,-26.01161
2199606562.5,-26.01228
2199606718.75,-26.01485
2199606875.0,-26.01979
2199607031.25,-26.01834
2199607187.5,-26.02012
2199607343.75,-26.02114
2199607500.0,-26.02091
2199607656.25,-26.02426
2199607812.5,-26.02318
2199607968.75,-26.02479
2199608125.0,-26.02577
2199608281.25,-26.02665
2199608437.5,-26.02394
2199608593.75,-26.02714
2199608750.0,-26.02643
2199608906.25,-26.02631
2199609062.5,-26.02596
2199609218.75,-26.03115
2199609375.0,-26.03175
2199609531.25,-26.03179
2199609687.5,-26.0337
2199609843.75,-26.03499
2199610000.0,-26.03956
2199610156.25,-26.03576
2199610312.5,-26.03643
2199610468.75,-26.03505
2199610625.0,-26.04098
2199610781.25,-26.04425
2199610937.5,-26.03777
2199611093.75,-26.04121
2199611250.0,-26.04084
2199611406.25,-26.0447
2199611562.5,-26.04342
2199611718.75,-26.04793
2199611875.0,-26.04562
2199612031.25,-26.04468
2199612187.5,-26.04846
2199612343.75,-26.04959
2199612500.0,-26.05182
2199612656.25,-26.05139
2199612812.5,-26.05348
2199612968.75,-26.05113
2199613125.0,-26.05239
2199613281.25,-26.05512
2199613437.5,-26.0565
2199613593.75,-26.05687
2199613750.0,-26.05745
2199613906.25,-26.06091
2199614062.5,-26.05887
2199614218.75,-26.06255
2199614375.0,-26.06088
2199614531.25,-26.06371
2199614687.5,-26.0634
2199614843.75,-26.06769
2199615000.0,-26.06726
2199615156.25,-26.06787
2199615312.5,-26.06666
2199615468.75,-26.0702
2199615625.0,-26.06978
2199615781.25,-26.07055
2199615937.5,-26.07104
2199616093.75,-26.07162
2199616250.0,-26.07269
2199616406.25,-26.07711
2199616562.5,-26.07675
2199616718.75,-26.07528
2199616875.0,-26.07536
2199617031.25,-26.07806
2199617187.5,-26.08081
2199617343.75,-26.07714
2199617500.0,-26.08582
2199617656.25,-26.07997
2199617812.5,-26.07919
2199617968.75,-26.08246
2199618125.0,-26.08795
2199618281.25,-26.08336
2199618437.5,-26.08594
2199618593.75,-26.09038
2199618750.0,-26.08567
2199618906.25,-26.08755
2199619062.5,-26.09062
2199619218.75,-26.09256
2199619375.0,-26.09299
2199619531.25,-26.09281
2199619687.5,-26.09404
2199619843.75,-26.09611
2199620000.0,-26.09802
2199620156.25,-26.09672
2199620312.5,-26.09785
2199620468.75,-26.09782
2199620625.0,-26.10011
2199620781.25,-26.1013
2199620937.5,-26.09908
2199621093.75,-26.10344
2199621250.0,-26.10403
2199621406.25,-26.10549
2199621562.5,-26.10934
2199621718.75,-26.10482
2199621875.0,-26.10802
2199622031.25,-26.10765
2199622187.5,-26.10882
2199622343.75,-26.11119
2199622500.0,-26.10903
2199622656.25,-26.11542
2199622812.5,-26.11199
2199622968.75,-26.11512
2199623125.0,-26.11524
2199623281.25,-26.11669
2199623437.5,-26.11532
2199623593.75,-26.11679
2199623750.0,-26.12038
2199623906.25,-26.12132
2199624062.5,-26.12345
2199624218.75,-26.12011
2199624375.0,-26.12795
2199624531.25,-26.12306
2199624687.5,-26.12369
2199624843.75,-26.12459
2199625000.0,-26.12735
2199625156.25,-26.12728
2199625312.5,-26.12889
2199625468.75,-26.12818
2199625625.0,-26.12859
2199625781.25,-26.12977
2199625937.5,-26.13494
2199626093.75,-26.13244
2199626250.0,-26.13774
2199626406.25,-26.1353
2199626562.5,-26.13289
2199626718.75,-26.13641
2199626875.0,-26.13893
2199627031.25,-26.13855
2199627187.5,-26.13745
2199627343.75,-26.13791
2199627500.0,-26.14102
2199627656.25,-26.14383
2199627812.5,-26.14561
2199627968.75,-26.14482
2199628125.0,-26.14509
2199628281.25,-26.14714
2199628437.5,-26.14569
2199628593.75,-26.1473
2199628750.0,-26.15029
2199628906.25,-26.14808
2199629062.5,-26.15125
2199629218.75,-26.15263
2199629375.0,-26.15062
2199629531.25,-26.15409
2199629687.5,-26.1523
2199629843.75,-26.15217
2199630000.0,-26.15485
2199630156.25,-26.16016
2199630312.5,-26.1566
2199630468.75,-26.15922
2199630625.0,-26.159
2199630781.25,-26.16082
2199630937.5,-26.16331
2199631093.75,-26.16371
2199631250.0,-26.16363
2199631406.25,-26.16228
2199631562.5,-26.16543
2199631718.75,-26.16736
2199631875.0,-26.1691
2199632031.25,-26.17109
2199632187.5,-26.16943
2199632343.75,-26.17214
2199632500.0,-26.17306
2199632656.25,-26.17119
2199632812.5,-26.17602
2199632968.75,-26.17446
2199633125.0,-26.17471
2199633281.25,-26.17493
2199633437.5,-26.17464
2199633593.75,-26.17743
2199633750.0,-26.17599
2199633906.25,-26.18344
2199634062.5,-26.18067
2199634218.75,-26.1786
2199634375.0,-26.17988
2199634531.25,-26.18266
2199634687.5,-26.18559
2199634843.75,-26.18603
2199635000.0,-26.18866
2199635156.25,-26.18631
2199635312.5,-26.18686
2199635468.75,-26.18819
2199635625.0,-26.18754
2199635781.25,-26.19193
2199635937.5,-26.18974
2199636093.75,-26.19361
2199636250.0,-26.19317
2199636406.25,-26.19212
2199636562.5,-26.19565
2199636718.75,-26.20035
2199636875.0,-26.19732
2199637031.25,-26.19887
2199637187.5,-26.20474
2199637343.75,-26.19886
2199637500.0,-26.20079
2199637656.25,-26.20444
2199637812.5,-26.20596
2199637968.75,-26.20476
2199638125.0,-26.20163
2199638281.25,-26.20743
2199638437.5,-26.20603
2199638593.75,-26.20755
2199638750.0,-26.21243
2199638906.25,-26.20752
2199639062.5,-26.20959
2199639218.75,-26.21097
2199639375.0,-26.2099
2199639531.25,-26.21439
2199639687.5,-26.214
2199639843.75,-26.21747
2199640000.0,-26.21493
2199640156.25,-26.21795
2199640312.5,-26.21994
2199640468.75,-26.21832
2199640625.0,-26.21596
2199640781.25,-26.21886
2199640937.5,-26.22339
2199641093.75,-26.225
2199641250.0,-26.22308
2199641406.25,-26.22444
2199641562.5,-26.22416
2199641718.75,-26.22988
2199641875.0,-26.22917
2199642031.25,-26.22849
2199642187.5,-26.22837
2199642343.75,-26.22956
2199642500.0,-26.23183
2199642656.25,-26.23408
2199642812.5,-26.23349
2199642968.75,-26.23468
2199643125.0,-26.23557
2199643281.25,-26.23535
2199643437.5,-26.2375
2199643593.75,-26.23929
2199643750.0,-26.23988
2199643906.25,-26.23669
2199644062.5,-26.23786
2199644218.75,-26.24407
2199644375.0,-26.24072
2199644531.25,-26.24328
2199644687.5,-26.2426
2199644843.75,-26.2444
2199645000.0,-26.24261
2199645156.25,-26.24541
2199645312.5,-26.24796
2199645468.75,-26.25245
2199645625.0,-26.24935
2199645781.25,-26.25046
2199645937.5,-26.25274
2199646093.75,-26.25621
2199646250.0,-26.25394
2199646406.25,-26.25531
2199646562.5,-26.25577
2199646718.75,-26.25814
2199646875.0,-26.25583
2199647031.25,-26.25838
2199647187.5,-26.26097
2199647343.75,-26.26135
2199647500.0,-26.26294
2199647656.25,-26.25939
2199647812.5,-26.25901
2199647968.75,-26.26485
2199648125.0,-26.26295
2199648281.25,-26.26571
2199648437.5,-26.26651
2199648593.75,-26.26904
2199648750.0,-26.26967
2199648906.25,-26.26674
2199649062.5,-26.27255
2199649218.75,-26.2706
2199649375.0,-26.27244
2199649531.25,-26.27203
2199649687.5,-26.27289
2199649843.75,-26.27438
2199650000.0,-26.27385
2199650156.25,-26.27843
2199650312.5,-26.27677
2199650468.75,-26.28047
2199650625.0,-26.27928
2199650781.25,-26.28375
2199650937.5,-26.28205
2199651093.75,-26.28078
2199651250.0,-26.28305
2199651406.25,-26.28309
2199651562.5,-26.28621
2199651718.75,-26.28681
2199651875.0,-26.29012
2199652031.25,-26.28687
2199652187.5,-26.28867
2199652343.75,-26.29091
2199652500.0,-26.29068
2199652656.25,-26.29489
2199652812.5,-26.29096
2199652968.75,-26.29306
2199653125.0,-26.29464
2199653281.25,-26.29486
2199653437.5,-26.29693
2199653593.75,-26.2972
2199653750.0,-26.29761
2199653906.25,-26.29738
2199654062.5,-26.29958
2199654218.75,-26.30031
2199654375.0,-26.30152
2199654531.25,-26.30212
2199654687.5,-26.30731
2199654843.75,-26.30617
2199655000.0,-26.30457
2199655156.25,-26.30919
2199655312.5,-26.30426
2199655468.75,-26.31187
2199655625.0,-26.30858
2199655781.25,-26.31242
2199655937.5,-26.31245
2199656093.75,-26.31338
2199656250.0,-26.3136
2199656406.25,-26.31459
2199656562.5,-26.3182
2199656718.75,-26.31328
2199656875.0,-26.31654
2199657031.25,-26.31859
2199657187.5,-26.31837
2199657343.75,-26.32013
2199657500.0,-26.32057
2199657656.25,-26.31985
2199657812.5,-26.32432
2199657968.75,-26.32788
2199658125.0,-26.32472
2199658281.25,-26.32305
2199658437.5,-26.32501
2199658593.75,-26.32777
2199658750.0,-26.32487
2199658906.25,-26.32619
2199659062.5,-26.32775
2199659218.75,-26.32791
2199659375.0,-26.32958
2199659531.25,-26.33241
2199659687.5,-26.33259
2199659843.75,-26.33538
2199660000.0,-26.33539
2199660156.25,-26.3357
2199660312.5,-26.33544
2199660468.75,-26.33608
2199660625.0,-26.33372
2199660781.25,-26.34108
2199660937.5,-26.33809
2199661093.75,-26.34097
2199661250.0,-26.33953
2199661406.25,-26.3437
2199661562.5,-26.34718
2199661718.75,-26.34714
2199661875.0,-26.34666
2199662031.25,-26.34813
2199662187.5,-26.34512
2199662343.75,-26.35185
2199662500.0,-26.34833
2199662656.25,-26.35018
2199662812.5,-26.35206
2199662968.75,-26.35316
2199663125.0,-26.35223
2199663281.25,-26.3552
2199663437.5,-26.3551
2199663593.75,-26.35587
2199663750.0,-26.35579
2199663906.25,-26.35946
2199664062.5,-26.36158
2199664218.75,-26.36238
2199664375.0,-26.36218
2199664531.25,-26.3648
2199664687.5,-26.36358
2199664843.75,-26.3618
2199665000.0,-26.36696
2199665156.25,-26.36742
2199665312.5,-26.36766
2199665468.75,-26.36658
2199665625.0,-26.36575
2199665781.25,-26.36824
2199665937.5,-26.36853
2199666093.75,-26.37194
2199666250.0,-26.36995
2199666406.25,-26.37462
2199666562.5,-26.37527
2199666718.75,-26.37486
2199666875.0,-26.3738
2199667031.25,-26.37338
2199667187.5,-26.37741
2199667343.75,-26.37912
2199667500.0,-26.38023
2199667656.25,-26.38003
2199667812.5,-26.3828
2199667968.75,-26.38093
2199668125.0,-26.3852
2199668281.25,-26.38188
2199668437.5,-26.38673
2199668593.75,-26.385
2199668750.0,-26.38496
2199668906.25,-26.38517
2199669062.5,-26.39088
2199669218.75,-26.39231
2199669375.0,-26.38799
2199669531.25,-26.38979
2199669687.5,-26.39628
2199669843.75,-26.39776
2199670000.0,-26.39092
2199670156.25,-26.39498
2199670312.5,-26.39633
2199670468.75,-26.39569
2199670625.0,-26.39687
2199670781.25,-26.39724
2199670937.5,-26.40121
2199671093.75,-26.3999
2199671250.0,-26.40179
2199671406.25,-26.40109
2199671562.5,-26.40283
2199671718.75,-26.40343
2199671875.0,-26.40741
2199672031.25,-26.40486
2199672187.5,-26.40565
2199672343.75,-26.40406
2199672500.0,-26.411
2199672656.25,-26.41224
2199672812.5,-26.40887
2199672968.75,-26.41186
2199673125.0,-26.41042
2199673281.25,-26.41274
2199673437.5,-26.4115
2199673593.75,-26.41381
2199673750.0,-26.41659
2199673906.25,-26.41791
2199674062.5,-26.41624
2199674218.75,-26.42232
2199674375.0,-26.41987
2199674531.25,-26.42168
2199674687.5,-26.42437
2199674843.75,-26.42268
2199675000.0,-26.42146
2199675156.25,-26.42425
2199675312.5,-26.42374
2199675468.75,-26.42446
2199675625.0,-26.42833
2199675781.25,-26.42971
2199675937.5,-26.42952
2199676093.75,-26.43127
2199676250.0,-26.42961
2199676406.25,-26.43249
2199676562.5,-26.43311
2199676718.75,-26.43288
2199676875.0,-26.43198
2199677031.25,-26.43486
2199677187.5,-26.43366
2199677343.75,-26.44105
2199677500.0,-26.43842
2199677656.25,-26.43542
2199677812.5,-26.43751
2199677968.75,-26.43704
2199678125.0,-26.44321
2199678281.25,-26.44332
2199678437.5,-26.44273
2199678593.75,-26.44469
2199678750.0,-26.4427
2199678906.25,-26.44889
2199679062.5,-26.44541
2199679218.75,-26.44851
2199679375.0,-26.44673
2199679531.25,-26.45285
2199679687.5,-26.44965
2199679843.75,-26.45048
2199680000.0,-26.45113
2199680156.25,-26.45035
2199680312.5,-26.45497
2199680468.75,-26.45305
2199680625.0,-26.45916
2199680781.25,-26.45758
2199680937.5,-26.4559
2199681093.75,-26.45883
2199681250.0,-26.45975
2199681406.25,-26.45964
2199681562.5,-26.46154
2199681718.75,-26.46178
2199681875.0,-26.46235
2199682031.25,-26.46197
2199682187.5,-26.46471
2199682343.75,-26.4697
2199682500.0,-26.46818
2199682656.25,-26.46734
2199682812.5,-26.46766
2199682968.75,-26.46461
2199683125.0,-26.47085
2199683281.25,-26.4706
2199683437.5,-26.47445
2199683593.75,-26.47415
2199683750.0,-26.47296
2199683906.25,-26.47711
2199684062.5,-26.47859
2199684218.75,-26.47542
2199684375.0,-26.47969
2199684531.25,-26.47898
2199684687.5,-26.47962
2199684843.75,-26.48119
2199685000.0,-26.48338
2199685156.25,-26.48285
2199685312.5,-26.48003
2199685468.75,-26.48192
2199685625.0,-26.4883
2199685781.25,-26.48569
2199685937.5,-26.48795
2199686093.75,-26.48707
2199686250.0,-26.4887
2199686406.25,-26.48626
2199686562.5,-26.49176
2199686718.75,-26.49243
2199686875.0,-26.48946
2199687031.25,-26.49093
2199687187.5,-26.49486
2199687343.75,-26.49308
2199687500.0,-26.49627
2199687656.25,-26.49424
2199687812.5,-26.4981
2199687968.75,-26.50187
2199688125.0,-26.50059
2199688281.25,-26.49902
2199688437.5,-26.4999
2199688593.75,-26.50304
2199688750.0,-26.50118
2199688906.25,-26.50499
2199689062.5,-26.50154
2199689218.75,-26.50305
2199689375.0,-26.50623
2199689531.25,-26.50868
2199689687.5,-26.50831
2199689843.75,-26.50873
2199690000.0,-26.51125
2199690156.25,-26.51025
2199690312.5,-26.51507
2199690468.75,-26.51527
2199690625.0,-26.51656
2199690781.25,-26.51243
2199690937.5,-26.51298
2199691093.75,-26.51812
2199691250.0,-26.5179
2199691406.25,-26.51593
2199691562.5,-26.51999
2199691718.75,-26.51933
2199691875.0,-26.51992
2199692031.25,-26.51956
2199692187.5,-26.52317
2199692343.75,-26.52327
2199692500.0,-26.52468
2199692656.25,-26.52695
2199692812.5,-26.52511
2199692968.75,-26.52602
2199693125.0,-26.52823
2199693281.25,-26.52742
2199693437.5,-26.53292
2199693593.75,-26.53139
2199693750.0,-26.52941
2199693906.25,-26.536
2199694062.5,-26.53409
2199694218.75,-26.53603
2199694375.0,-26.53492
2199694531.25,-26.53434
2199694687.5,-26.53633
2199694843.75,-26.53741
2199695000.0,-26.53602
2199695156.25,-26.53887
2199695312.5,-26.53642
2199695468.75,-26.54171
2199695625.0,-26.54324
2199695781.25,-26.5396
2199695937.5,-26.54459
2199696093.75,-26.54569
2199696250.0,-26.54589
2199696406.25,-26.54646
2199696562.5,-26.55178
2199696718.75,-26.55013
2199696875.0,-26.54912
2199697031.25,-26.54937
2199697187.5,-26.55092
2199697343.75,-26.55069
2199697500.0,-26.55679
2199697656.25,-26.55546
2199697812.5,-26.55455
2199697968.75,-26.55319
2199698125.0,-26.55549
2199698281.25,-26.56057
2199698437.5,-26.56087
2199698593.75,-26.56034
2199698750.0,-26.5639
2199698906.25,-26.55939
2199699062.5,-26.56074
2199699218.75,-26.56379
2199699375.0,-26.56277
2199699531.25,-26.5654
2199699687.5,-26.56412
2199699843.75,-26.56814
2199700000.0,-26.56858
2199700156.25,-26.56996
2199700312.5,-26.569
2199700468.75,-26.57037
2199700625.0,-26.57062
2199700781.25,-26.5716
2199700937.5,-26.57073
2199701093.75,-26.5729
2199701250.0,-26.57191
2199701406.25,-26.5739
2199701562.5,-26.57697
2199701718.75,-26.57742
2199701875.0,-26.57888
2199702031.25,-26.58073
2199702187.5,-26.58146
2199702343.75,-26.58116
2199702500.0,-26.57821
2199702656.25,-26.586
2199702812.5,-26.58572
2199702968.75,-26.58578
2199703125.0,-26.58405
2199703281.25,-26.58703
2199703437.5,-26.58842
2199703593.75,-26.58601
2199703750.0,-26.58841
2199703906.25,-26.59152
2199704062.5,-26.59005
2199704218.75,-26.59499
2199704375.0,-26.5901
2199704531.25,-26.58998
2199704687.5,-26.59362
2199704843.75,-26.59548
2199705000.0,-26.5951
2199705156.25,-26.59897
2199705312.5,-26.59636
2199705468.75,-26.59944
2199705625.0,-26.60135
2199705781.25,-26.59807
2199705937.5,-26.6008
2199706093.75,-26.60063
2199706250.0,-26.60262
2199706406.25,-26.60328
2199706562.5,-26.60697
2199706718.75,-26.60321
2199706875.0,-26.60424
2199707031.25,-26.60715
2199707187.5,-26.60908
2199707343.75,-26.60929
2199707500.0,-26.61262
2199707656.25,-26.61145
2199707812.5,-26.61246
2199707968.75,-26.61438
2199708125.0,-26.61178
2199708281.25,-26.61294
2199708437.5,-26.6177
2199708593.75,-26.61497
2199708750.0,-26.61876
2199708906.25,-26.62274
2199709062.5,-26.61795
2199709218.75,-26.61729
2199709375.0,-26.62105
2199709531.25,-26.62004
2199709687.5,-26.62193
2199709843.75,-26.62453
2199710000.0,-26.62402
2199710156.25,-26.62665
2199710312.5,-26.6249
2199710468.75,-26.62354
2199710625.0,-26.62773
2199710781.25,-26.62997
2199710937.5,-26.6285
2199711093.75,-26.63134
2199711250.0,-26.63038
2199711406.25,-26.63438
2199711562.5,-26.63167
2199711718.75,-26.63458
2199711875.0,-26.63579
2199712031.25,-26.63564
2199712187.5,-26.64112
2199712343.75,-26.63794
2199712500.0,-26.6401
2199712656.25,-26.6363
2199712812.5,-26.63964
2199712968.75,-26.64156
2199713125.0,-26.64343
2199713281.25,-26.64386
2199713437.5,-26.64334
2199713593.75,-26.64611
2199713750.0,-26.64657
2199713906.25,-26.6458
2199714062.5,-26.64641
2199714218.75,-26.65213
2199714375.0,-26.64871
2199714531.25,-26.64935
2199714687.5,-26.64935
2199714843.75,-26.65145
2199715000.0,-26.65393
2199715156.25,-26.65248
2199715312.5,-26.65658
2199715468.75,-26.65424
2199715625.0,-26.65621
2199715781.25,-26.6564
2199715937.5,-26.65788
2199716093.75,-26.6607
2199716250.0,-26.65947
2199716406.25,-26.66128
2199716562.5,-26.66377
2199716718.75,-26.66214
2199716875.0,-26.6644
2199717031.25,-26.66489
2199717187.5,-26.66258
2199717343.75,-26.66495
2199717500.0,-26.67156
2199717656.25,-26.66833
2199717812.5,-26.67178
2199717968.75,-26.66793
2199718125.0,-26.67131
2199718281.25,-26.6728
2199718437.5,-26.67044
2199718593.75,-26.67333
2199718750.0,-26.67533
2199718906.25,-26.67498
2199719062.5,-26.67455
2199719218.75,-26.67737
2199719375.0,-26.68188
2199719531.25,-26.67658
2199719687.5,-26.68047
2199719843.75,-26.6814
2199720000.0,-26.68117
2199720156.25,-26.68138
2199720312.5,-26.68377
2199720468.75,-26.68277
2199720625.0,-26.68751
2199720781.25,-26.6867
2199720937.5,-26.68747
2199721093.75,-26.68719
2199721250.0,-26.68516
2199721406.25,-26.69059
2199721562.5,-26.68904
2199721718.75,-26.69329
2199721875.0,-26.69349
2199722031.25,-26.69336
2199722187.5,-26.69218
2199722343.75,-26.6961
2199722500.0,-26.69326
2199722656.25,-26.69868
2199722812.5,-26.69824
2199722968.75,-26.69877
2199723125.0,-26.69664
2199723281.25,-26.70474
2199723437.5,-26.70248
2199723593.75,-26.69835
2199723750.0,-26.70368
2199723906.25,-26.69974
2199724062.5,-26.70451
2199724218.75,-26.70497
2199724375.0,-26.70654
2199724531.25,-26.7078
2199724687.5,-26.70656
2199724843.75,-26.71003
2199725000.0,-26.71343
2199725156.25,-26.70869
2199725312.5,-26.71182
2199725468.75,-26.71122
2199725625.0,-26.71514
2199725781.25,-26.71933
2199725937.5,-26.71538
2199726093.75,-26.71842
2199726250.0,-26.71821
2199726406.25,-26.71659
2199726562.5,-26.71885
2199726718.75,-26.71857
2199726875.0,-26.71839
2199727031.25,-26.72045
2199727187.5,-26.72047
2199727343.75,-26.72415
2199727500.0,-26.72276
2199727656.25,-26.72598
2199727812.5,-26.72606
2199727968.75,-26.72441
2199728125.0,-26.73018
2199728281.25,-26.72673
2199728437.5,-26.72576
2199728593.75,-26.73333
2199728750.0,-26.73163
2199728906.25,-26.73087
2199729062.5,-26.73496
2199729218.75,-26.73532
2199729375.0,-26.73382
2199729531.25,-26.73514
2199729687.5,-26.736
2199729843.75,-26.74155
2199730000.0,-26.73425
2199730156.25,-26.73885
2199730312.5,-26.73979
2199730468.75,-26.7395
2199730625.0,-26.74115
2199730781.25,-26.74354
2199730937.5,-26.74143
2199731093.75,-26.74405
2199731250.0,-26.74574
2199731406.25,-26.74498
2199731562.5,-26.74521
2199731718.75,-26.74653
2199731875.0,-26.74651
2199732031.25,-26.75092
2199732187.5,-26.75147
2199732343.75,-26.75057
2199732500.0,-26.75158
2199732656.25,-26.75125
2199732812.5,-26.75653
2199732968.75,-26.7554
2199733125.0,-26.75626
2199733281.25,-26.75422
2199733437.5,-26.76078
2199733593.75,-26.7617
2199733750.0,-26.75696
2199733906.25,-26.75901
2199734062.5,-26.76329
2199734218.75,-26.76311
2199734375.0,-26.76302
2199734531.25,-26.76453
2199734687.5,-26.76643
2199734843.75,-26.76895
2199735000.0,-26.76613
2199735156.25,-26.76613
2199735312.5,-26.77032
2199735468.75,-26.77388
2199735625.0,-26.76831
2199735781.25,-26.77086
2199735937.5,-26.77392
2199736093.75,-26.77552
2199736250.0,-26.77324
2199736406.25,-26.77396
2199736562.5,-26.77595
2199736718.75,-26.77612
2199736875.0,-26.78024
2199737031.25,-26.77832
2199737187.5,-26.77946
2199737343.75,-26.77949
2199737500.0,-26.78265
2199737656.25,-26.78019
2199737812.5,-26.78436
2199737968.75,-26.78552
2199738125.0,-26.78577
2199738281.25,-26.78515
2199738437.5,-26.78708
2199738593.75,-26.78958
2199738750.0,-26.78927
2199738906.25,-26.78799
2199739062.5,-26.79025
2199739218.75,-26.79343
2199739375.0,-26.79175
2199739531.25,-26.79424
2199739687.5,-26.79203
2199739843.75,-26.79276
2199740000.0,-26.79191
2199740156.25,-26.80114
2199740312.5,-26.79705
2199740468.75,-26.79825
2199740625.0,-26.79357
2199740781.25,-26.7998
2199740937.5,-26.79959
2199741093.75,-26.80057
2199741250.0,-26.80352
2199741406.25,-26.8007
2199741562.5,-26.80162
2199741718.75,-26.80768
2199741875.0,-26.80368
2199742031.25,-26.80537
2199742187.5,-26.80945
2199742343.75,-26.80917
2199742500.0,-26.81063
2199742656.25,-26.80934
2199742812.5,-26.81019
2199742968.75,-26.81273
2199743125.0,-26.81505
2199743281.25,-26.812
2199743437.5,-26.81495
2199743593.75,-26.81489
2199743750.0,-26.81859
2199743906.25,-26.81671
2199744062.5,-26.81991
2199744218.75,-26.81449
2199744375.0,-26.81671
2199744531.25,-26.82209
2199744687.5,-26.82042
2199744843.75,-26.82114
2199745000.0,-26.82407
2199745156.25,-26.82251
2199745312.5,-26.82766
2199745468.75,-26.82576
2199745625.0,-26.82724
2199745781.25,-26.82783
2199745937.5,-26.82886
2199746093.75,-26.82775
2199746250.0,-26.83022
2199746406.25,-26.83261
2199746562.5,-26.83149
2199746718.75,-26.83344
2199746875.0,-26.83466
2199747031.25,-26.83676
2199747187.5,-26.83473
2199747343.75,-26.83653
2199747500.0,-26.83341
2199747656.25,-26.83856
2199747812.5,-26.83291
2199747968.75,-26.83635
2199748125.0,-26.83841
2199748281.25,-26.84268
2199748437.5,-26.84021
2199748593.75,-26.84289
2199748750.0,-26.84211
2199748906.25,-26.84914
2199749062.5,-26.83876
2199749218.75,-26.84682
2199749375.0,-26.84768
2199749531.25,-26.85179
2199749687.5,-26.84743
2199749843.75,-26.84661
2199750000.0,-26.84647
2199750156.25,-26.85049
2199750312.5,-26.85144
2199750468.75,-26.85513
2199750625.0,-26.85366
2199750781.25,-26.85458
2199750937.5,-26.85511
2199751093.75,-26.85703
2199751250.0,-26.8572
2199751406.25,-26.85764
2199751562.5,-26.86096
2199751718.75,-26.8618
2199751875.0,-26.86239
2199752031.25,-26.859
2199752187.5,-26.86335
2199752343.75,-26.86429
2199752500.0,-26.86321
2199752656.25,-26.86291
2199752812.5,-26.86117
2199752968.75,-26.86686
2199753125.0,-26.86702
2199753281.25,-26.86699
2199753437.5,-26.86968
2199753593.75,-26.86766
2199753750.0,-26.87036
2199753906.25,-26.87149
2199754062.5,-26.86924
2199754218.75,-26.87633
2199754375.0,-26.87523
2199754531.25,-26.87738
2199754687.5,-26.87536
2199754843.75,-26.88072
2199755000.0,-26.87875
2199755156.25,-26.88101
2199755312.5,-26.87847
2199755468.75,-26.87645
2199755625.0,-26.8756
2199755781.25,-26.87852
2199755937.5,-26.88284
2199756093.75,-26.88402
2199756250.0,-26.88553
2199756406.25,-26.88635
2199756562.5,-26.88615
2199756718.75,-26.88929
2199756875.0,-26.88741
2199757031.25,-26.88815
2199757187.5,-26.89054
2199757343.75,-26.88826
2199757500.0,-26.89094
2199757656.25,-26.89417
2199757812.5,-26.89644
2199757968.75,-26.89656
2199758125.0,-26.89719
2199758281.25,-26.89581
2199758437.5,-26.89707
2199758593.75,-26.89861
2199758750.0,-26.9023
2199758906.25,-26.89765
2199759062.5,-26.90159
2199759218.75,-26.90017
2199759375.0,-26.90442
2199759531.25,-26.90474
2199759687.5,-26.9057
2199759843.75,-26.90196
2199760000.0,-26.9044
2199760156.25,-26.90334
2199760312.5,-26.90465
2199760468.75,-26.91075
2199760625.0,-26.90878
2199760781.25,-26.9115
2199760937.5,-26.90877
2199761093.75,-26.91
2199761250.0,-26.91307
2199761406.25,-26.91371
2199761562.5,-26.9111
2199761718.75,-26.91779
2199761875.0,-26.91889
2199762031.25,-26.91556
2199762187.5,-26.91764
2199762343.75,-26.91839
2199762500.0,-26.91881
2199762656.25,-26.92423
2199762812.5,-26.92065
2199762968.75,-26.92206
2199763125.0,-26.91987
2199763281.25,-26.92557
2199763437.5,-26.92553
2199763593.75,-26.92627
2199763750.0,-26.93141
2199763906.25,-26.92473
2199764062.5,-26.92577
2199764218.75,-26.92928
2199764375.0,-26.92869
2199764531.25,-26.93234
2199764687.5,-26.93402
2199764843.75,-26.93396
2199765000.0,-26.93495
2199765156.25,-26.93359
2199765312.5,-26.93388
2199765468.75,-26.934
2199765625.0,-26.93851
2199765781.25,-26.93811
2199765937.5,-26.93982
2199766093.75,-26.93988
2199766250.0,-26.93876
2199766406.25,-26.93935
2199766562.5,-26.94065
2199766718.75,-26.9408
2199766875.0,-26.94148
2199767031.25,-26.94403
2199767187.5,-26.94493
2199767343.75,-26.94855
2199767500.0,-26.94584
2199767656.25,-26.95136
2199767812.5,-26.94839
2199767968.75,-26.95043
2199768125.0,-26.94972
2199768281.25,-26.9557
2199768437.5,-26.95556
2199768593.75,-26.95603
2199768750.0,-26.95682
2199768906.25,-26.95502
2199769062.5,-26.95369
2199769218.75,-26.95335
2199769375.0,-26.96
2199769531.25,-26.95718
2199769687.5,-26.96354
2199769843.75,-26.96285
2199770000.0,-26.95776
2199770156.25,-26.96391
2199770312.5,-26.96472
2199770468.75,-26.9646
2199770625.0,-26.96366
2199770781.25,-26.96419
2199770937.5,-26.97047
2199771093.75,-26.96945
2199771250.0,-26.96539
2199771406.25,-26.96665
2199771562.5,-26.9706
2199771718.75,-26.96931
2199771875.0,-26.97266
2199772031.25,-26.9744
2199772187.5,-26.97081
2199772343.75,-26.97442
2199772500.0,-26.9783
2199772656.25,-26.97823
2199772812.5,-26.97563
2199772968.75,-26.97554
2199773125.0,-26.97736
2199773281.25,-26.977
2199773437.5,-26.97933
2199773593.75,-26.98533
2199773750.0,-26.9846
2199773906.25,-26.98175
2199774062.5,-26.98481
2199774218.75,-26.98519
2199774375.0,-26.98727
2199774531.25,-26.98383
2199774687.5,-26.98614
2199774843.75,-26.98931
2199775000.0,-26.98782
2199775156.25,-26.98423
2199775312.5,-26.99275
2199775468.75,-26.98961
2199775625.0,-26.99804
2199775781.25,-26.99271
2199775937.5,-26.99223
2199776093.75,-26.99604
2199776250.0,-26.9908
2199776406.25,-26.99571
2199776562.5,-26.99973
2199776718.75,-26.99999
2199776875.0,-26.9964
2199777031.25,-27.00065
2199777187.5,-27.00261
2199777343.75,-27.00261
2199777500.0,-27.00207
2199777656.25,-27.00233
2199777812.5,-27.00365
2199777968.75,-27.005
2199778125.0,-27.00779
2199778281.25,-27.00706
2199778437.5,-27.00892
2199778593.75,-27.00725
2199778750.0,-27.00977
2199778906.25,-27.0112
2199779062.5,-27.00964
2199779218.75,-27.01393
2199779375.0,-27.01251
2199779531.25,-27.01795
2199779687.5,-27.01624
2199779843.75,-27.01644
2199780000.0,-27.0144
2199780156.25,-27.01418
2199780312.5,-27.01992
2199780468.75,-27.01917
2199780625.0,-27.01729
2199780781.25,-27.02019
2199780937.5,-27.0184
2199781093.75,-27.02542
2199781250.0,-27.02084
2199781406.25,-27.02033
2199781562.5,-27.02439
2199781718.75,-27.02063
2199781875.0,-27.02431
2199782031.25,-27.02711
2199782187.5,-27.0268
2199782343.75,-27.03062
2199782500.0,-27.03122
2199782656.25,-27.03104
2199782812.5,-27.03214
2199782968.75,-27.02925
2199783125.0,-27.03441
2199783281.25,-27.03477
2199783437.5,-27.03283
2199783593.75,-27.0368
2199783750.0,-27.03529
2199783906.25,-27.0348
2199784062.5,-27.03761
2199784218.75,-27.04011
2199784375.0,-27.03694
2199784531.25,-27.04166
2199784687.5,-27.03962
2199784843.75,-27.0442
2199785000.0,-27.04214
2199785156.25,-27.04626
2199785312.5,-27.04566
2199785468.75,-27.04511
2199785625.0,-27.04164
2199785781.25,-27.04874
2199785937.5,-27.04845
2199786093.75,-27.05026
2199786250.0,-27.05316
2199786406.25,-27.05067
2199786562.5,-27.04957
2199786718.75,-27.05148
2199786875.0,-27.05169
2199787031.25,-27.05355
2199787187.5,-27.05441
2199787343.75,-27.0586
2199787500.0,-27.057
2199787656.25,-27.05841
2199787812.5,-27.05843
2199787968.75,-27.05967
2199788125.0,-27.05969
2199788281.25,-27.05992
2199788437.5,-27.06249
2199788593.75,-27.06257
2199788750.0,-27.06519
2199788906.25,-27.06494
2199789062.5,-27.06652
2199789218.75,-27.06473
2199789375.0,-27.07006
2199789531.25,-27.06319
2199789687.5,-27.06897
2199789843.75,-27.06876
2199790000.0,-27.06882
2199790156.25,-27.07186
2199790312.5,-27.07396
2199790468.75,-27.0719
2199790625.0,-27.07364
2199790781.25,-27.07077
2199790937.5,-27.07529
2199791093.75,-27.0768
2199791250.0,-27.07698
2199791406.25,-27.07911
2199791562.5,-27.07747
2199791718.75,-27.08131
2199791875.0,-27.08196
2199792031.25,-27.08111
2199792187.5,-27.08274
2199792343.75,-27.08122
2199792500.0,-27.07849
2199792656.25,-27.08596
2199792812.5,-27.0806
2199792968.75,-27.08547
2199793125.0,-27.08379
2199793281.25,-27.09031
2199793437.5,-27.09167
2199793593.75,-27.09139
2199793750.0,-27.08648
2199793906.25,-27.09085
2199794062.5,-27.08863
2199794218.75,-27.09131
2199794375.0,-27.09234
2199794531.25,-27.0937
2199794687.5,-27.09139
2199794843.75,-27.09484
2199795000.0,-27.09622
2199795156.25,-27.09625
2199795312.5,-27.09826
2199795468.75,-27.09733
2199795625.0,-27.10011
2199795781.25,-27.10435
2199795937.5,-27.10423
2199796093.75,-27.10303
2199796250.0,-27.10364
2199796406.25,-27.10368
2199796562.5,-27.10641
2199796718.75,-27.10482
2199796875.0,-27.10768
2199797031.25,-27.10555
2199797187.5,-27.11252
2199797343.75,-27.10947
2199797500.0,-27.1109
2199797656.25,-27.10894
2199797812.5,-27.11189
2199797968.75,-27.11391
2199798125.0,-27.11487
2199798281.25,-27.11547
2199798437.5,-27.11467
2199798593.75,-27.11674
2199798750.0,-27.11644
2199798906.25,-27.11879
2199799062.5,-27.12061
2199799218.75,-27.12011
2199799375.0,-27.1237
2199799531.25,-27.12208
2199799687.5,-27.12205
2199799843.75,-27.1261
2199800000.0,-27.12213
2199800156.25,-27.12682
2199800312.5,-27.12805
2199800468.75,-27.12459
2199800625.0,-27.12947
2199800781.25,-27.12412
2199800937.5,-27.12891
2199801093.75,-27.12593
2199801250.0,-27.13021
2199801406.25,-27.13206
2199801562.5,-27.13296
2199801718.75,-27.13299
2199801875.0,-27.13733
2199802031.25,-27.13885
2199802187.5,-27.13678
2199802343.75,-27.13575
2199802500.0,-27.13566
2199802656.25,-27.13761
2199802812.5,-27.13862
2199802968.75,-27.14187
2199803125.0,-27.14248
2199803281.25,-27.14319
2199803437.5,-27.14393
2199803593.75,-27.1423
2199803750.0,-27.14363
2199803906.25,-27.14416
2199804062.5,-27.1499
2199804218.75,-27.14651
2199804375.0,-27.14853
2199804531.25,-27.14774
2199804687.5,-27.15187
2199804843.75,-27.14576
2199805000.0,-27.1544
2199805156.25,-27.15313
2199805312.5,-27.15358
2199805468.75,-27.14937
2199805625.0,-27.15114
2199805781.25,-27.15275
2199805937.5,-27.15368
2199806093.75,-27.15675
2199806250.0,-27.15804
2199806406.25,-27.16132
2199806562.5,-27.16147
2199806718.75,-27.16301
2199806875.0,-27.15841
2199807031.25,-27.16495
2199807187.5,-27.16681
2199807343.75,-27.16623
2199807500.0,-27.16297
2199807656.25,-27.16666
2199807812.5,-27.16693
2199807968.75,-27.16819
2199808125.0,-27.16826
2199808281.25,-27.17272
2199808437.5,-27.16865
2199808593.75,-27.171
2199808750.0,-27.17347
2199808906.25,-27.17313
2199809062.5,-27.16983
2199809218.75,-27.17192
2199809375.0,-27.17407
2199809531.25,-27.17711
2199809687.5,-27.17777
2199809843.75,-27.17735
2199810000.0,-27.17188
2199810156.25,-27.18272
2199810312.5,-27.18158
2199810468.75,-27.18036
2199810625.0,-27.18221
2199810781.25,-27.17843
2199810937.5,-27.18505
2199811093.75,-27.18638
2199811250.0,-27.18219
2199811406.25,-27.18351
2199811562.5,-27.18697
2199811718.75,-27.19078
2199811875.0,-27.1865
2199812031.25,-27.18985
2199812187.5,-27.19222
2199812343.75,-27.19319
2199812500.0,-27.19282
2199812656.25,-27.19074
2199812812.5,-27.19049
2199812968.75,-27.19187
2199813125.0,-27.19578
2199813281.25,-27.19733
2199813437.5,-27.19653
2199813593.75,-27.19475
2199813750.0,-27.198
2199813906.25,-27.19571
2199814062.5,-27.19905
2199814218.75,-27.20348
2199814375.0,-27.20452
2199814531.25,-27.20346
2199814687.5,-27.20443
2199814843.75,-27.20811
2199815000.0,-27.20773
2199815156.25,-27.20509
2199815312.5,-27.20744
2199815468.75,-27.20134
2199815625.0,-27.20842
2199815781.25,-27.20734
2199815937.5,-27.20906
2199816093.75,-27.20724
2199816250.0,-27.21008
2199816406.25,-27.20744
2199816562.5,-27.21294
2199816718.75,-27.2153
2199816875.0,-27.21159
2199817031.25,-27.2142
2199817187.5,-27.21525
2199817343.75,-27.21614
2199817500.0,-27.21591
2199817656.25,-27.21656
2199817812.5,-27.22036
2199817968.75,-27.22055
2199818125.0,-27.22265
2199818281.25,-27.22033
2199818437.5,-27.22277
2199818593.75,-27.22558
2199818750.0,-27.22092
2199818906.25,-27.22356
2199819062.5,-27.22492
2199819218.75,-27.22689
2199819375.0,-27.22877
2199819531.25,-27.2308
2199819687.5,-27.22987
2199819843.75,-27.23068
2199820000.0,-27.23534
2199820156.25,-27.22869
2199820312.5,-27.23322
2199820468.75,-27.23285
2199820625.0,-27.236
2199820781.25,-27.23436
2199820937.5,-27.23635
2199821093.75,-27.23883
2199821250.0,-27.23851
2199821406.25,-27.23937
2199821562.5,-27.23804
2199821718.75,-27.24404
2199821875.0,-27.24494
2199822031.25,-27.24284
2199822187.5,-27.24706
2199822343.75,-27.2402
2199822500.0,-27.2469
2199822656.25,-27.24593
2199822812.5,-27.24846
2199822968.75,-27.24835
2199823125.0,-27.24753
2199823281.25,-27.24473
2199823437.5,-27.25362
2199823593.75,-27.24867
2199823750.0,-27.25003
2199823906.25,-27.25147
2199824062.5,-27.25252
2199824218.75,-27.25451
2199824375.0,-27.25308
2199824531.25,-27.25578
2199824687.5,-27.25221
2199824843.75,-27.25561
2199825000.0,-27.25768
2199825156.25,-27.25945
2199825312.5,-27.25942
2199825468.75,-27.25908
2199825625.0,-27.25924
2199825781.25,-27.26443
2199825937.5,-27.26049
2199826093.75,-27.26252
2199826250.0,-27.26356
2199826406.25,-27.26806
2199826562.5,-27.26834
2199826718.75,-27.26438
2199826875.0,-27.26723
2199827031.25,-27.27115
2199827187.5,-27.27327
2199827343.75,-27.26793
2199827500.0,-27.27016
2199827656.25,-27.27123
2199827812.5,-27.27041
2199827968.75,-27.27325
2199828125.0,-27.27346
2199828281.25,-27.27792
2199828437.5,-27.28009
2199828593.75,-27.27854
2199828750.0,-27.27948
2199828906.25,-27.27976
2199829062.5,-27.28047
2199829218.75,-27.27679
2199829375.0,-27.28283
2199829531.25,-27.28153
2199829687.5,-27.28344
2199829843.75,-27.28292
2199830000.0,-27.28312
2199830156.25,-27.28878
2199830312.5,-27.28926
2199830468.75,-27.28487
2199830625.0,-27.28868
2199830781.25,-27.28884
2199830937.5,-27.2923
2199831093.75,-27.29211
2199831250.0,-27.28772
2199831406.25,-27.28898
2199831562.5,-27.29081
2199831718.75,-27.29288
2199831875.0,-27.29333
2199832031.25,-27.29728
2199832187.5,-27.29717
2199832343.75,-27.29421
2199832500.0,-27.29702
2199832656.25,-27.30245
2199832812.5,-27.29795
2199832968.75,-27.30462
2199833125.0,-27.30162
2199833281.25,-27.3031
2199833437.5,-27.30403
2199833593.75,-27.30722
2199833750.0,-27.30328
2199833906.25,-27.30543
2199834062.5,-27.30309
2199834218.75,-27.31135
2199834375.0,-27.3073
2199834531.25,-27.3089
2199834687.5,-27.31319
2199834843.75,-27.31316
2199835000.0,-27.31538
2199835156.25,-27.31006
2199835312.5,-27.31153
2199835468.75,-27.3162
2199835625.0,-27.31516
2199835781.25,-27.31935
2199835937.5,-27.31383
2199836093.75,-27.31444
2199836250.0,-27.31635
2199836406.25,-27.31469
2199836562.5,-27.32179
2199836718.75,-27.32151
2199836875.0,-27.32288
2199837031.25,-27.32261
2199837187.5,-27.3256
2199837343.75,-27.32218
2199837500.0,-27.3201
2199837656.25,-27.32425
2199837812.5,-27.32133
2199837968.75,-27.32876
2199838125.0,-27.32738
2199838281.25,-27.33121
2199838437.5,-27.33409
2199838593.75,-27.33311
2199838750.0,-27.32952
2199838906.25,-27.33368
2199839062.5,-27.33188
2199839218.75,-27.33493
2199839375.0,-27.33342
2199839531.25,-27.333
2199839687.5,-27.33082
2199839843.75,-27.33791
2199840000.0,-27.3355
2199840156.25,-27.33812
2199840312.5,-27.33785
2199840468.75,-27.33788
2199840625.0,-27.3385
2199840781.25,-27.33842
2199840937.5,-27.3422
2199841093.75,-27.34308
2199841250.0,-27.34266
2199841406.25,-27.3447
2199841562.5,-27.34839
2199841718.75,-27.34757
2199841875.0,-27.34554
2199842031.25,-27.34336
2199842187.5,-27.34857
2199842343.75,-27.34875
2199842500.0,-27.35038
2199842656.25,-27.34685
2199842812.5,-27.3501
2199842968.75,-27.34982
2199843125.0,-27.35151
2199843281.25,-27.35338
2199843437.5,-27.35824
2199843593.75,-27.35688
2199843750.0,-27.35536
2199843906.25,-27.35755
2199844062.5,-27.3592
2199844218.75,-27.35996
2199844375.0,-27.36181
2199844531.25,-27.36381
2199844687.5,-27.35887
2199844843.75,-27.36201
2199845000.0,-27.36329
2199845156.25,-27.36342
2199845312.5,-27.36478
2199845468.75,-27.36686
2199845625.0,-27.37011
2199845781.25,-27.36678
2199845937.5,-27.36857
2199846093.75,-27.37041
2199846250.0,-27.36921
2199846406.25,-27.36867
2199846562.5,-27.37108
2199846718.75,-27.37207
2199846875.0,-27.37248
2199847031.25,-27.37743
2199847187.5,-27.37283
2199847343.75,-27.37796
2199847500.0,-27.37628
2199847656.25,-27.37897
2199847812.5,-27.37611
2199847968.75,-27.37717
2199848125.0,-27.37859
2199848281.25,-27.37711
2199848437.5,-27.38413
2199848593.75,-27.38102
2199848750.0,-27.38272
2199848906.25,-27.38444
2199849062.5,-27.38444
2199849218.75,-27.38925
2199849375.0,-27.38582
2199849531.25,-27.38877
2199849687.5,-27.39338
2199849843.75,-27.38973
2199850000.0,-27.38998
2199850156.25,-27.39241
2199850312.5,-27.3908
2199850468.75,-27.39383
2199850625.0,-27.39002
2199850781.25,-27.39493
2199850937.5,-27.39559
2199851093.75,-27.39673
2199851250.0,-27.39683
2199851406.25,-27.39609
2199851562.5,-27.39912
2199851718.75,-27.40095
2199851875.0,-27.39859
2199852031.25,-27.4005
2199852187.5,-27.39975
2199852343.75,-27.40168
2199852500.0,-27.40375
2199852656.25,-27.40131
2199852812.5,-27.4037
2199852968.75,-27.40504
2199853125.0,-27.40735
2199853281.25,-27.40496
2199853437.5,-27.40966
2199853593.75,-27.40834
2199853750.0,-27.40788
2199853906.25,-27.41065
2199854062.5,-27.40874
2199854218.75,-27.41496
2199854375.0,-27.41586
2199854531.25,-27.41124
2199854687.5,-27.4151
2199854843.75,-27.41387
2199855000.0,-27.41693
2199855156.25,-27.41535
2199855312.5,-27.41748
2199855468.75,-27.41882
2199855625.0,-27.41683
2199855781.25,-27.41983
2199855937.5,-27.42051
2199856093.75,-27.42694
2199856250.0,-27.42043
2199856406.25,-27.4236
2199856562.5,-27.42022
2199856718.75,-27.42769
2199856875.0,-27.42392
2199857031.25,-27.42546
2199857187.5,-27.4251
2199857343.75,-27.42641
2199857500.0,-27.42488
2199857656.25,-27.42739
2199857812.5,-27.43111
2199857968.75,-27.42972
2199858125.0,-27.43228
2199858281.25,-27.43073
2199858437.5,-27.43356
2199858593.75,-27.43467
2199858750.0,-27.43401
2199858906.25,-27.4343
2199859062.5,-27.43674
2199859218.75,-27.43733
2199859375.0,-27.43623
2199859531.25,-27.44083
2199859687.5,-27.43548
2199859843.75,-27.44163
2199860000.0,-27.44354
2199860156.25,-27.44285
2199860312.5,-27.44378
2199860468.75,-27.44344
2199860625.0,-27.44456
2199860781.25,-27.44519
2199860937.5,-27.44725
2199861093.75,-27.44996
2199861250.0,-27.44458
2199861406.25,-27.44711
2199861562.5,-27.44896
2199861718.75,-27.45041
2199861875.0,-27.45041
2199862031.25,-27.45543
2199862187.5,-27.45409
2199862343.75,-27.45246
2199862500.0,-27.45597
2199862656.25,-27.45353
2199862812.5,-27.45381
2199862968.75,-27.45689
2199863125.0,-27.45723
2199863281.25,-27.46001
2199863437.5,-27.46438
2199863593.75,-27.4596
2199863750.0,-27.46505
2199863906.25,-27.4565
2199864062.5,-27.45937
2199864218.75,-27.46799
2199864375.0,-27.46464
2199864531.25,-27.4628
2199864687.5,-27.46906
2199864843.75,-27.46763
2199865000.0,-27.46957
2199865156.25,-27.46357
2199865312.5,-27.46957
2199865468.75,-27.467
2199865625.0,-27.47002
2199865781.25,-27.47194
2199865937.5,-27.47486
2199866093.75,-27.4744
2199866250.0,-27.47252
2199866406.25,-27.47577
2199866562.5,-27.47232
2199866718.75,-27.47428
2199866875.0,-27.47584
2199867031.25,-27.48216
2199867187.5,-27.48115
2199867343.75,-27.48065
2199867500.0,-27.4829
2199867656.25,-27.47989
2199867812.5,-27.48464
2199867968.75,-27.48492
2199868125.0,-27.48598
2199868281.25,-27.48478
2199868437.5,-27.48806
2199868593.75,-27.48811
2199868750.0,-27.48697
2199868906.25,-27.4871
2199869062.5,-27.49028
2199869218.75,-27.4883
2199869375.0,-27.48754
2199869531.25,-27.49387
2199869687.5,-27.49447
2199869843.75,-27.49088
2199870000.0,-27.49365
2199870156.25,-27.49411
2199870312.5,-27.49444
2199870468.75,-27.49457
2199870625.0,-27.49832
2199870781.25,-27.49728
2199870937.5,-27.49876
2199871093.75,-27.49889
2199871250.0,-27.4964
2199871406.25,-27.49998
2199871562.5,-27.50163
2199871718.75,-27.49965
2199871875.0,-27.50149
2199872031.25,-27.50318
2199872187.5,-27.50691
2199872343.75,-27.50694
2199872500.0,-27.50813
2199872656.25,-27.50939
2199872812.5,-27.50844
2199872968.75,-27.51374
2199873125.0,-27.50579
2199873281.25,-27.51391
2199873437.5,-27.5133
2199873593.75,-27.51304
2199873750.0,-27.51111
2199873906.25,-27.50847
2199874062.5,-27.51316
2199874218.75,-27.5159
2199874375.0,-27.51401
2199874531.25,-27.51739
2199874687.5,-27.51367
2199874843.75,-27.51665
2199875000.0,-27.5191
2199875156.25,-27.51977
2199875312.5,-27.51938
2199875468.75,-27.52212
2199875625.0,-27.52308
2199875781.25,-27.51971
2199875937.5,-27.52652
2199876093.75,-27.52708
2199876250.0,-27.52472
2199876406.25,-27.5226
2199876562.5,-27.52846
2199876718.75,-27.5297
2199876875.0,-27.52646
2199877031.25,-27.53403
2199877187.5,-27.52872
2199877343.75,-27.52912
2199877500.0,-27.53715
2199877656.25,-27.53452
2199877812.5,-27.53429
2199877968.75,-27.53463
2199878125.0,-27.53705
2199878281.25,-27.53181
2199878437.5,-27.5352
2199878593.75,-27.53771
2199878750.0,-27.5442
2199878906.25,-27.54131
2199879062.5,-27.53861
2199879218.75,-27.54395
2199879375.0,-27.54466
2199879531.25,-27.54371
2199879687.5,-27.5399
2199879843.75,-27.5454
2199880000.0,-27.54752
2199880156.25,-27.54741
2199880312.5,-27.54738
2199880468.75,-27.54995
2199880625.0,-27.54957
2199880781.25,-27.55047
2199880937.5,-27.55331
2199881093.75,-27.55088
2199881250.0,-27.55257
2199881406.25,-27.55158
2199881562.5,-27.55726
2199881718.75,-27.55415
2199881875.0,-27.55432
2199882031.25,-27.55507
2199882187.5,-27.55386
2199882343.75,-27.55571
2199882500.0,-27.55702
2199882656.25,-27.55956
2199882812.5,-27.55704
2199882968.75,-27.56091
2199883125.0,-27.5605
2199883281.25,-27.56036
2199883437.5,-27.56199
2199883593.75,-27.5664
2199883750.0,-27.56468
2199883906.25,-27.56463
2199884062.5,-27.5654
2199884218.75,-27.56908
2199884375.0,-27.57043
2199884531.25,-27.56795
2199884687.5,-27.56551
2199884843.75,-27.57271
2199885000.0,-27.57228
2199885156.25,-27.5718
2199885312.5,-27.57044
2199885468.75,-27.57582
2199885625.0,-27.57353
2199885781.25,-27.57464
2199885937.5,-27.57936
2199886093.75,-27.5749
2199886250.0,-27.57531
2199886406.25,-27.57397
2199886562.5,-27.57938
2199886718.75,-27.57775
2199886875.0,-27.57953
2199887031.25,-27.58126
2199887187.5,-27.58489
2199887343.75,-27.58332
2199887500.0,-27.58225
2199887656.25,-27.58139
2199887812.5,-27.58286
2199887968.75,-27.58452
2199888125.0,-27.58864
2199888281.25,-27.58749
2199888437.5,-27.59024
2199888593.75,-27.58875
2199888750.0,-27.58775
2199888906.25,-27.59195
2199889062.5,-27.5932
2199889218.75,-27.59137
2199889375.0,-27.59528
2199889531.25,-27.59154
2199889687.5,-27.59567
2199889843.75,-27.59688
2199890000.0,-27.59938
2199890156.25,-27.59727
2199890312.5,-27.59985
2199890468.75,-27.59936
2199890625.0,-27.60263
2199890781.25,-27.59991
2199890937.5,-27.60197
2199891093.75,-27.59991
2199891250.0,-27.59955
2199891406.25,-27.60477
2199891562.5,-27.60421
2199891718.75,-27.60758
2199891875.0,-27.60377
2199892031.25,-27.60868
2199892187.5,-27.60826
2199892343.75,-27.60968
2199892500.0,-27.6055
2199892656.25,-27.60691
2199892812.5,-27.61071
2199892968.75,-27.6112
2199893125.0,-27.61127
2199893281.25,-27.60882
2199893437.5,-27.61541
2199893593.75,-27.61304
2199893750.0,-27.61746
2199893906.25,-27.62002
2199894062.5,-27.61695
2199894218.75,-27.62155
2199894375.0,-27.61844
2199894531.25,-27.61506
2199894687.5,-27.62187
2199894843.75,-27.62253
2199895000.0,-27.62463
2199895156.25,-27.62516
2199895312.5,-27.62512
2199895468.75,-27.62768
2199895625.0,-27.62473
2199895781.25,-27.62229
2199895937.5,-27.62976
2199896093.75,-27.63095
2199896250.0,-27.62914
2199896406.25,-27.62667
2199896562.5,-27.62964
2199896718.75,-27.63145
2199896875.0,-27.62437
2199897031.25,-27.63404
2199897187.5,-27.64087
2199897343.75,-27.63817
2199897500.0,-27.63468
2199897656.25,-27.6366
2199897812.5,-27.63548
2199897968.75,-27.63569
2199898125.0,-27.6354
2199898281.25,-27.63952
2199898437.5,-27.64251
2199898593.75,-27.63682
2199898750.0,-27.64176
2199898906.25,-27.6436
2199899062.5,-27.64523
2199899218.75,-27.64308
2199899375.0,-27.64222
2199899531.25,-27.64421
2199899687.5,-27.64524
2199899843.75,-27.64952
2199900000.0,-27.64989
2199900156.25,-27.64829
2199900312.5,-27.64626
2199900468.75,-27.64766
2199900625.0,-27.65066
2199900781.25,-27.64917
2199900937.5,-27.65423
2199901093.75,-27.65701
2199901250.0,-27.65731
2199901406.25,-27.65445
2199901562.5,-27.65833
2199901718.75,-27.65234
2199901875.0,-27.65445
2199902031.25,-27.65765
2199902187.5,-27.66016
2199902343.75,-27.65929
2199902500.0,-27.66054
2199902656.25,-27.6575
2199902812.5,-27.66368
2199902968.75,-27.66473
2199903125.0,-27.66113
2199903281.25,-27.66833
2199903437.5,-27.66506
2199903593.75,-27.66641
2199903750.0,-27.66823
2199903906.25,-27.66686
2199904062.5,-27.67066
2199904218.75,-27.66859
2199904375.0,-27.67515
2199904531.25,-27.66978
2199904687.5,-27.6727
2199904843.75,-27.67089
2199905000.0,-27.67517
2199905156.25,-27.67137
2199905312.5,-27.67178
2199905468.75,-27.67865
2199905625.0,-27.67553
2199905781.25,-27.6771
2199905937.5,-27.6765
2199906093.75,-27.67601
2199906250.0,-27.68314
2199906406.25,-27.67864
2199906562.5,-27.67913
2199906718.75,-27.68483
2199906875.0,-27.68554
2199907031.25,-27.68053
2199907187.5,-27.68386
2199907343.75,-27.68658
2199907500.0,-27.68457
2199907656.25,-27.68349
2199907812.5,-27.68748
2199907968.75,-27.68804
2199908125.0,-27.68645
2199908281.25,-27.68826
2199908437.5,-27.69027
2199908593.75,-27.69244
2199908750.0,-27.6961
2199908906.25,-27.69349
2199909062.5,-27.69293
2199909218.75,-27.69333
2199909375.0,-27.69361
2199909531.25,-27.69473
2199909687.5,-27.69549
2199909843.75,-27.69667
2199910000.0,-27.69429
2199910156.25,-27.7005
2199910312.5,-27.69871
2199910468.75,-27.70059
2199910625.0,-27.69835
2199910781.25,-27.70394
2199910937.5,-27.69971
2199911093.75,-27.70571
2199911250.0,-27.70427
2199911406.25,-27.70839
2199911562.5,-27.70537
2199911718.75,-27.70448
2199911875.0,-27.70605
2199912031.25,-27.70899
2199912187.5,-27.71068
2199912343.75,-27.70633
2199912500.0,-27.71431
2199912656.25,-27.71145
2199912812.5,-27.71555
2199912968.75,-27.71604
2199913125.0,-27.71686
2199913281.25,-27.71183
2199913437.5,-27.71746
2199913593.75,-27.71771
2199913750.0,-27.71606
2199913906.25,-27.7166
2199914062.5,-27.71777
2199914218.75,-27.72398
2199914375.0,-27.72562
2199914531.25,-27.71871
2199914687.5,-27.72314
2199914843.75,-27.72495
2199915000.0,-27.72385
2199915156.25,-27.72359
2199915312.5,-27.72754
2199915468.75,-27.72368
2199915625.0,-27.72784
2199915781.25,-27.72732
2199915937.5,-27.72911
2199916093.75,-27.72626
2199916250.0,-27.72771
2199916406.25,-27.7312
2199916562.5,-27.72935
2199916718.75,-27.73451
2199916875.0,-27.72992
2199917031.25,-27.73464
2199917187.5,-27.73643
2199917343.75,-27.73621
2199917500.0,-27.73497
2199917656.25,-27.73779
2199917812.5,-27.73655
2199917968.75,-27.73884
2199918125.0,-27.73922
2199918281.25,-27.73701
2199918437.5,-27.74201
2199918593.75,-27.74
2199918750.0,-27.74053
2199918906.25,-27.74398
2199919062.5,-27.74435
2199919218.75,-27.74451
2199919375.0,-27.74147
2199919531.25,-27.74541
2199919687.5,-27.74815
2199919843.75,-27.75046
2199920000.0,-27.74701
2199920156.25,-27.75377
2199920312.5,-27.7477
2199920468.75,-27.74995
2199920625.0,-27.75202
2199920781.25,-27.75385
2199920937.5,-27.7504
2199921093.75,-27.75197
2199921250.0,-27.75592
2199921406.25,-27.75304
2199921562.5,-27.75744
2199921718.75,-27.75968
2199921875.0,-27.75767
2199922031.25,-27.76203
2199922187.5,-27.75826
2199922343.75,-27.75834
2199922500.0,-27.76196
2199922656.25,-27.76621
2199922812.5,-27.76143
2199922968.75,-27.76509
2199923125.0,-27.76713
2199923281.25,-27.76442
2199923437.5,-27.76924
2199923593.75,-27.76534
2199923750.0,-27.76756
2199923906.25,-27.76747
2199924062.5,-27.77078
2199924218.75,-27.77015
2199924375.0,-27.77261
2199924531.25,-27.77288
2199924687.5,-27.77437
2199924843.75,-27.77266
2199925000.0,-27.77197
2199925156.25,-27.77437
2199925312.5,-27.77934
2199925468.75,-27.77205
2199925625.0,-27.77919
2199925781.25,-27.77898
2199925937.5,-27.77925
2199926093.75,-27.77959
2199926250.0,-27.78189
2199926406.25,-27.78416
2199926562.5,-27.78024
2199926718.75,-27.78247
2199926875.0,-27.78116
2199927031.25,-27.78245
2199927187.5,-27.78527
2199927343.75,-27.78725
2199927500.0,-27.78421
2199927656.25,-27.79184
2199927812.5,-27.78761
2199927968.75,-27.78852
2199928125.0,-27.78915
2199928281.25,-27.79273
2199928437.5,-27.79382
2199928593.75,-27.79226
2199928750.0,-27.78838
2199928906.25,-27.79265
2199929062.5,-27.79662
2199929218.75,-27.79593
2199929375.0,-27.79555
2199929531.25,-27.79342
2199929687.5,-27.79681
2199929843.75,-27.79775
2199930000.0,-27.79963
2199930156.25,-27.79874
2199930312.5,-27.8012
2199930468.75,-27.80061
2199930625.0,-27.79724
2199930781.25,-27.8045
2199930937.5,-27.80333
2199931093.75,-27.80387
2199931250.0,-27.80499
2199931406.25,-27.80899
2199931562.5,-27.80706
2199931718.75,-27.80774
2199931875.0,-27.80598
2199932031.25,-27.80755
2199932187.5,-27.81163
2199932343.75,-27.80823
2199932500.0,-27.80677
2199932656.25,-27.80987
2199932812.5,-27.81099
2199932968.75,-27.8136
2199933125.0,-27.81419
2199933281.25,-27.81588
2199933437.5,-27.81688
2199933593.75,-27.81458
2199933750.0,-27.81487
2199933906.25,-27.8191
2199934062.5,-27.8197
2199934218.75,-27.81858
2199934375.0,-27.82119
2199934531.25,-27.81995
2199934687.5,-27.82209
2199934843.75,-27.82403
2199935000.0,-27.82217
2199935156.25,-27.82521
2199935312.5,-27.8242
2199935468.75,-27.82514
2199935625.0,-27.82581
2199935781.25,-27.82966
2199935937.5,-27.82708
2199936093.75,-27.83014
2199936250.0,-27.82618
2199936406.25,-27.83273
2199936562.5,-27.82979
2199936718.75,-27.83213
2199936875.0,-27.83532
2199937031.25,-27.83122
2199937187.5,-27.83383
2199937343.75,-27.83515
2199937500.0,-27.83596
2199937656.25,-27.83864
2199937812.5,-27.83691
2199937968.75,-27.83994
2199938125.0,-27.84228
2199938281.25,-27.84344
2199938437.5,-27.84149
2199938593.75,-27.84751
2199938750.0,-27.83999
2199938906.25,-27.8415
2199939062.5,-27.84508
2199939218.75,-27.84917
2199939375.0,-27.84409
2199939531.25,-27.84238
2199939687.5,-27.84577
2199939843.75,-27.85124
2199940000.0,-27.84847
2199940156.25,-27.85022
2199940312.5,-27.84863
2199940468.75,-27.85351
2199940625.0,-27.84912
2199940781.25,-27.85251
2199940937.5,-27.85288
2199941093.75,-27.8527
2199941250.0,-27.85673
2199941406.25,-27.85155
2199941562.5,-27.85647
2199941718.75,-27.85625
2199941875.0,-27.85988
2199942031.25,-27.85836
2199942187.5,-27.85759
2199942343.75,-27.86154
2199942500.0,-27.86138
2199942656.25,-27.8604
2199942812.5,-27.86329
2199942968.75,-27.86191
2199943125.0,-27.86724
2199943281.25,-27.86787
2199943437.5,-27.86722
2199943593.75,-27.86321
2199943750.0,-27.86515
2199943906.25,-27.87141
2199944062.5,-27.86788
2199944218.75,-27.87057
2199944375.0,-27.87088
2199944531.25,-27.87153
2199944687.5,-27.87334
2199944843.75,-27.8755
2199945000.0,-27.872
2199945156.25,-27.86983
2199945312.5,-27.87639
2199945468.75,-27.87775
2199945625.0,-27.87504
2199945781.25,-27.87604
2199945937.5,-27.87842
2199946093.75,-27.87768
2199946250.0,-27.87662
2199946406.25,-27.88146
2199946562.5,-27.88349
2199946718.75,-27.88412
2199946875.0,-27.88634
2199947031.25,-27.88308
2199947187.5,-27.88245
2199947343.75,-27.88526
2199947500.0,-27.88277
2199947656.25,-27.88567
2199947812.5,-27.88553
2199947968.75,-27.88525
2199948125.0,-27.88889
2199948281.25,-27.89269
2199948437.5,-27.88845
2199948593.75,-27.89145
2199948750.0,-27.89272
2199948906.25,-27.89564
2199949062.5,-27.89268
2199949218.75,-27.89708
2199949375.0,-27.89358
2199949531.25,-27.89541
2199949687.5,-27.89609
2199949843.75,-27.89952
2199950000.0,-27.89932
2199950156.25,-27.89684
2199950312.5,-27.89996
2199950468.75,-27.90207
2199950625.0,-27.90104
2199950781.25,-27.90575
2199950937.5,-27.90257
2199951093.75,-27.90049
2199951250.0,-27.90314
2199951406.25,-27.9087
2199951562.5,-27.90494
2199951718.75,-27.90974
2199951875.0,-27.90999
2199952031.25,-27.90919
2199952187.5,-27.90903
2199952343.75,-27.91082
2199952500.0,-27.90591
2199952656.25,-27.91625
2199952812.5,-27.91336
2199952968.75,-27.91244
2199953125.0,-27.91471
2199953281.25,-27.91448
2199953437.5,-27.91238
2199953593.75,-27.91656
2199953750.0,-27.91333
2199953906.25,-27.91397
2199954062.5,-27.91702
2199954218.75,-27.91661
2199954375.0,-27.91887
2199954531.25,-27.92516
2199954687.5,-27.92009
2199954843.75,-27.92083
2199955000.0,-27.91927
2199955156.25,-27.92303
2199955312.5,-27.92184
2199955468.75,-27.92528
2199955625.0,-27.92613
2199955781.25,-27.9295
2199955937.5,-27.92428
2199956093.75,-27.92445
2199956250.0,-27.92951
2199956406.25,-27.92752
2199956562.5,-27.92959
2199956718.75,-27.93217
2199956875.0,-27.93432
2199957031.25,-27.93143
2199957187.5,-27.93629
2199957343.75,-27.93657
2199957500.0,-27.93811
2199957656.25,-27.93674
2199957812.5,-27.9384
2199957968.75,-27.93708
2199958125.0,-27.93747
2199958281.25,-27.93928
2199958437.5,-27.94497
2199958593.75,-27.93758
2199958750.0,-27.94281
2199958906.25,-27.94492
2199959062.5,-27.93877
2199959218.75,-27.94085
2199959375.0,-27.94432
2199959531.25,-27.94746
2199959687.5,-27.94584
2199959843.75,-27.9523
2199960000.0,-27.94716
2199960156.25,-27.95047
2199960312.5,-27.95186
2199960468.75,-27.94932
2199960625.0,-27.95271
2199960781.25,-27.95267
2199960937.5,-27.95081
2199961093.75,-27.95018
2199961250.0,-27.95344
2199961406.25,-27.95388
2199961562.5,-27.95396
2199961718.75,-27.95779
2199961875.0,-27.95432
2199962031.25,-27.95721
2199962187.5,-27.9599
2199962343.75,-27.96117
2199962500.0,-27.95994
2199962656.25,-27.96041
2199962812.5,-27.96168
2199962968.75,-27.96304
2199963125.0,-27.96602
2199963281.25,-27.96379
2199963437.5,-27.96337
2199963593.75,-27.9662
2199963750.0,-27.96735
2199963906.25,-27.96269
2199964062.5,-27.96675
2199964218.75,-27.96292
2199964375.0,-27.96613
2199964531.25,-27.97081
2199964687.5,-27.967
2199964843.75,-27.97105
2199965000.0,-27.96746
2199965156.25,-27.97539
2199965312.5,-27.97355
2199965468.75,-27.97136
2199965625.0,-27.97191
2199965781.25,-27.97518
2199965937.5,-27.97586
2199966093.75,-27.97992
2199966250.0,-27.97635
2199966406.25,-27.97954
2199966562.5,-27.97953
2199966718.75,-27.97916
2199966875.0,-27.98391
2199967031.25,-27.98123
2199967187.5,-27.986
2199967343.75,-27.98257
2199967500.0,-27.98311
2199967656.25,-27.98535
2199967812.5,-27.98473
2199967968.75,-27.9869
2199968125.0,-27.98948
2199968281.25,-27.98713
2199968437.5,-27.99111
2199968593.75,-27.98877
2199968750.0,-27.98996
2199968906.25,-27.98888
2199969062.5,-27.98846
2199969218.75,-27.99331
2199969375.0,-27.99128
2199969531.25,-27.99707
2199969687.5,-27.99325
2199969843.75,-27.9941
2199970000.0,-27.99997
2199970156.25,-27.99628
2199970312.5,-27.99741
2199970468.75,-27.99863
2199970625.0,-27.99494
2199970781.25,-27.99967
2199970937.5,-27.99997
2199971093.75,-27.99877
2199971250.0,-28.00169
2199971406.25,-28.00289
2199971562.5,-28.00196
2199971718.75,-28.00725
2199971875.0,-28.00366
2199972031.25,-28.00543
2199972187.5,-28.00689
2199972343.75,-28.00955
2199972500.0,-28.00798
2199972656.25,-28.01153
2199972812.5,-28.01045
2199972968.75,-28.00955
2199973125.0,-28.01032
2199973281.25,-28.01067
2199973437.5,-28.01142
2199973593.75,-28.01268
2199973750.0,-28.0143
2199973906.25,-28.01466
2199974062.5,-28.02069
2199974218.75,-28.0165
2199974375.0,-28.01749
2199974531.25,-28.0097
2199974687.5,-28.02246
2199974843.75,-28.02279
2199975000.0,-28.02102
2199975156.25,-28.01942
2199975312.5,-28.01784
2199975468.75,-28.01867
2199975625.0,-28.02532
2199975781.25,-28.02346
2199975937.5,-28.02339
2199976093.75,-28.02748
2199976250.0,-28.03277
2199976406.25,-28.0257
2199976562.5,-28.0254
2199976718.75,-28.0302
2199976875.0,-28.02846
2199977031.25,-28.03123
2199977187.5,-28.03714
2199977343.75,-28.0324
2199977500.0,-28.03217
2199977656.25,-28.03393
2199977812.5,-28.0302
2199977968.75,-28.03837
2199978125.0,-28.03747
2199978281.25,-28.04156
2199978437.5,-28.04047
2199978593.75,-28.03831
2199978750.0,-28.03976
2199978906.25,-28.0364
2199979062.5,-28.04104
2199979218.75,-28.04275
2199979375.0,-28.04199
2199979531.25,-28.0422
2199979687.5,-28.04374
2199979843.75,-28.04133
2199980000.0,-28.04436
2199980156.25,-28.04867
2199980312.5,-28.04815
2199980468.75,-28.04856
2199980625.0,-28.04966
2199980781.25,-28.04844
2199980937.5,-28.04712
2199981093.75,-28.05123
2199981250.0,-28.0539
2199981406.25,-28.04767
2199981562.5,-28.05231
2199981718.75,-28.05379
2199981875.0,-28.05378
2199982031.25,-28.05385
2199982187.5,-28.05755
2199982343.75,-28.05641
2199982500.0,-28.05718
2199982656.25,-28.05603
2199982812.5,-28.05511
2199982968.75,-28.06384
2199983125.0,-28.05866
2199983281.25,-28.0612
2199983437.5,-28.0607
2199983593.75,-28.05971
2199983750.0,-28.0619
2199983906.25,-28.06327
2199984062.5,-28.06438
2199984218.75,-28.06414
2199984375.0,-28.06615
2199984531.25,-28.07126
2199984687.5,-28.07014
2199984843.75,-28.06938
2199985000.0,-28.07001
2199985156.25,-28.07568
2199985312.5,-28.07393
2199985468.75,-28.07479
2199985625.0,-28.07113
2199985781.25,-28.07365
2199985937.5,-28.07211
2199986093.75,-28.07603
2199986250.0,-28.07346
2199986406.25,-28.07733
2199986562.5,-28.0754
2199986718.75,-28.07761
2199986875.0,-28.07869
2199987031.25,-28.07653
2199987187.5,-28.07811
2199987343.75,-28.07848
2199987500.0,-28.08427
2199987656.25,-28.08124
2199987812.5,-28.08368
2199987968.75,-28.08425
2199988125.0,-28.08057
2199988281.25,-28.08377
2199988437.5,-28.08227
2199988593.75,-28.0894
2199988750.0,-28.0847
2199988906.25,-28.08687
2199989062.5,-28.08942
2199989218.75,-28.08575
2199989375.0,-28.09122
2199989531.25,-28.08928
2199989687.5,-28.09081
2199989843.75,-28.09448
2199990000.0,-28.09058
2199990156.25,-28.09249
2199990312.5,-28.09207
2199990468.75,-28.09329
2199990625.0,-28.10024
2199990781.25,-28.09787
2199990937.5,-28.09393
2199991093.75,-28.09273
2199991250.0,-28.0957
2199991406.25,-28.09562
2199991562.5,-28.10157
2199991718.75,-28.09933
2199991875.0,-28.10038
2199992031.25,-28.10205
2199992187.5,-28.10487
2199992343.75,-28.10648
2199992500.0,-28.1057
2199992656.25,-28.10406
2199992812.5,-28.10873
2199992968.75,-28.10603
2199993125.0,-28.10591
2199993281.25,-28.11064
2199993437.5,-28.11172
2199993593.75,-28.10428
2199993750.0,-28.1163
2199993906.25,-28.11024
2199994062.5,-28.11179
2199994218.75,-28.10816
2199994375.0,-28.11563
2199994531.25,-28.11698
2199994687.5,-28.11667
2199994843.75,-28.11658
2199995000.0,-28.11733
2199995156.25,-28.11787
2199995312.5,-28.11913
2199995468.75,-28.11934
2199995625.0,-28.12068
2199995781.25,-28.12161
2199995937.5,-28.12194
2199996093.75,-28.12522
2199996250.0,-28.12277
2199996406.25,-28.12607
2199996562.5,-28.1257
2199996718.75,-28.12576
2199996875.0,-28.12508
2199997031.25,-28.1282
2199997187.5,-28.12926
2199997343.75,-28.13093
2199997500.0,-28.13153
2199997656.25,-28.13037
2199997812.5,-28.12999
2199997968.75,-28.12961
2199998125.0,-28.1287
2199998281.25,-28.13888
2199998437.5,-28.13413
2199998593.75,-28.13058
2199998750.0,-28.13739
2199998906.25,-28.13655
2199999062.5,-28.13588
2199999218.75,-28.13874
2199999375.0,-28.1418
2199999531.25,-28.13963
2199999687.5,-28.14129
2199999843.75,-28.14124
2200000000.0,-28.14264
2200000156.25,-28.144
2200000312.5,-28.14433
2200000468.75,-28.1445
2200000625.0,-28.14442
2200000781.25,-28.14637
2200000937.5,-28.14411
2200001093.75,-28.14962
2200001250.0,-28.14879
2200001406.25,-28.14737
2200001562.5,-28.14877
2200001718.75,-28.15243
2200001875.0,-28.15199
2200002031.25,-28.14979
2200002187.5,-28.14977
2200002343.75,-28.15438
2200002500.0,-28.15314
2200002656.25,-28.15737
2200002812.5,-28.15321
2200002968.75,-28.15587
2200003125.0,-28.15955
2200003281.25,-28.1567
2200003437.5,-28.15348
2200003593.75,-28.15983
2200003750.0,-28.15902
2200003906.25,-28.16385
2200004062.5,-28.15919
2200004218.75,-28.16379
2200004375.0,-28.16209
2200004531.25,-28.16374
2200004687.5,-28.16482
2200004843.75,-28.16601
2200005000.0,-28.16499
2200005156.25,-28.16254
2200005312.5,-28.16809
2200005468.75,-28.16972
2200005625.0,-28.16995
2200005781.25,-28.16439
2200005937.5,-28.16692
2200006093.75,-28.16972
2200006250.0,-28.17278
2200006406.25,-28.17369
2200006562.5,-28.17429
2200006718.75,-28.17556
2200006875.0,-28.17754
2200007031.25,-28.17495
2200007187.5,-28.17826
2200007343.75,-28.17837
2200007500.0,-28.17417
2200007656.25,-28.17607
2200007812.5,-28.17796
2200007968.75,-28.18548
2200008125.0,-28.18323
2200008281.25,-28.1827
2200008437.5,-28.18228
2200008593.75,-28.18316
2200008750.0,-28.18463
2200008906.25,-28.18571
2200009062.5,-28.18324
2200009218.75,-28.19146
2200009375.0,-28.19004
2200009531.25,-28.18553
2200009687.5,-28.19052
2200009843.75,-28.18694
2200010000.0,-28.186
2200010156.25,-28.19142
2200010312.5,-28.1915
2200010468.75,-28.18946
2200010625.0,-28.19113
2200010781.25,-28.19003
2200010937.5,-28.19686
2200011093.75,-28.19437
2200011250.0,-28.19467
2200011406.25,-28.19438
2200011562.5,-28.19565
2200011718.75,-28.19657
2200011875.0,-28.19759
2200012031.25,-28.20297
2200012187.5,-28.20011
2200012343.75,-28.1999
2200012500.0,-28.20266
2200012656.25,-28.20366
2200012812.5,-28.19975
2200012968.75,-28.20757
2200013125.0,-28.20593
2200013281.25,-28.20231
2200013437.5,-28.21
2200013593.75,-28.20189
2200013750.0,-28.20819
2200013906.25,-28.20389
2200014062.5,-28.21196
2200014218.75,-28.20499
2200014375.0,-28.20852
2200014531.25,-28.20864
2200014687.5,-28.21498
2200014843.75,-28.21302
2200015000.0,-28.2216
2200015156.25,-28.21776
2200015312.5,-28.21592
2200015468.75,-28.21452
2200015625.0,-28.21657
2200015781.25,-28.21972
2200015937.5,-28.21817
2200016093.75,-28.21858
2200016250.0,-28.21988
2200016406.25,-28.21675
2200016562.5,-28.22266
2200016718.75,-28.22058
2200016875.0,-28.22043
2200017031.25,-28.22302
2200017187.5,-28.22506
2200017343.75,-28.22193
2200017500.0,-28.22749
2200017656.25,-28.22744
2200017812.5,-28.22985
2200017968.75,-28.22633
2200018125.0,-28.22823
2200018281.25,-28.22628
2200018437.5,-28.22986
2200018593.75,-28.22692
2200018750.0,-28.23144
2200018906.25,-28.22779
2200019062.5,-28.23128
2200019218.75,-28.23555
2200019375.0,-28.2333
2200019531.25,-28.235
2200019687.5,-28.23512
2200019843.75,-28.2365
2200020000.0,-28.23689
2200020156.25,-28.24059
2200020312.5,-28.23769
2200020468.75,-28.2381
2200020625.0,-28.24183
2200020781.25,-28.24137
2200020937.5,-28.23954
2200021093.75,-28.24101
2200021250.0,-28.24402
2200021406.25,-28.24371
2200021562.5,-28.24351
2200021718.75,-28.24153
2200021875.0,-28.24573
2200022031.25,-28.24493
2200022187.5,-28.24532
2200022343.75,-28.2476
2200022500.0,-28.24965
2200022656.25,-28.24916
2200022812.5,-28.25552
2200022968.75,-28.25019
2200023125.0,-28.25356
2200023281.25,-28.25415
2200023437.5,-28.25343
2200023593.75,-28.25675
2200023750.0,-28.25203
2200023906.25,-28.25657
2200024062.5,-28.25476
2200024218.75,-28.25487
2200024375.0,-28.25525
2200024531.25,-28.25554
2200024687.5,-28.25768
2200024843.75,-28.25749
2200025000.0,-28.25797
2200025156.25,-28.25993
2200025312.5,-28.26168
2200025468.75,-28.26391
2200025625.0,-28.26767
2200025781.25,-28.26747
2200025937.5,-28.26476
2200026093.75,-28.26624
2200026250.0,-28.26641
2200026406.25,-28.26612
2200026562.5,-28.26602
2200026718.75,-28.26995
2200026875.0,-28.27134
2200027031.25,-28.26966
2200027187.5,-28.27031
2200027343.75,-28.275
2200027500.0,-28.27273
2200027656.25,-28.27079
2200027812.5,-28.27475
2200027968.75,-28.27794
2200028125.0,-28.27557
2200028281.25,-28.27699
2200028437.5,-28.27269
2200028593.75,-28.27509
2200028750.0,-28.27719
2200028906.25,-28.28148
2200029062.5,-28.28344
2200029218.75,-28.27884
2200029375.0,-28.27627
2200029531.25,-28.28104
2200029687.5,-28.28006
2200029843.75,-28.28742
2200030000.0,-28.28563
2200030156.25,-28.28726
2200030312.5,-28.28755
2200030468.75,-28.28748
2200030625.0,-28.28542
2200030781.25,-28.28627
2200030937.5,-28.28647
2200031093.75,-28.28996
2200031250.0,-28.2845
2200031406.25,-28.29033
2200031562.5,-28.28742
2200031718.75,-28.29312
2200031875.0,-28.29428
2200032031.25,-28.2955
2200032187.5,-28.2972
2200032343.75,-28.29786
2200032500.0,-28.29607
2200032656.25,-28.29598
2200032812.5,-28.29848
2200032968.75,-28.30185
2200033125.0,-28.29846
2200033281.25,-28.29841
2200033437.5,-28.30152
2200033593.75,-28.30173
2200033750.0,-28.30002
2200033906.25,-28.30526
2200034062.5,-28.30279
2200034218.75,-28.30473
2200034375.0,-28.30639
2200034531.25,-28.30808
2200034687.5,-28.31025
2200034843.75,-28.306
2200035000.0,-28.30964
2200035156.25,-28.30951
2200035312.5,-28.31006
2200035468.75,-28.31799
2200035625.0,-28.31175
2200035781.25,-28.31159
2200035937.5,-28.31594
2200036093.75,-28.30952
2200036250.0,-28.3168
2200036406.25,-28.31862
2200036562.5,-28.31558
2200036718.75,-28.31613
2200036875.0,-28.31461
2200037031.25,-28.31574
2200037187.5,-28.31996
2200037343.75,-28.31491
2200037500.0,-28.31995
2200037656.25,-28.3247
2200037812.5,-28.32277
2200037968.75,-28.32533
2200038125.0,-28.32311
2200038281.25,-28.3225
2200038437.5,-28.32694
2200038593.75,-28.32509
2200038750.0,-28.32775
2200038906.25,-28.32851
2200039062.5,-28.33077
2200039218.75,-28.32929
2200039375.0,-28.32614
2200039531.25,-28.32942
2200039687.5,-28.3325
2200039843.75,-28.32957
2200040000.0,-28.33023
2200040156.25,-28.33495
2200040312.5,-28.33644
2200040468.75,-28.33186
2200040625.0,-28.33357
2200040781.25,-28.33653
2200040937.5,-28.3373
2200041093.75,-28.33608
2200041250.0,-28.3386
2200041406.25,-28.33722
2200041562.5,-28.33999
2200041718.75,-28.34031
2200041875.0,-28.33875
2200042031.25,-28.34136
2200042187.5,-28.34203
2200042343.75,-28.33988
2200042500.0,-28.34199
2200042656.25,-28.34455
2200042812.5,-28.34887
2200042968.75,-28.34426
2200043125.0,-28.34956
2200043281.25,-28.34467
2200043437.5,-28.34761
2200043593.75,-28.34991
2200043750.0,-28.34991
2200043906.25,-28.34917
2200044062.5,-28.34631
2200044218.75,-28.35336
2200044375.0,-28.35271
2200044531.25,-28.35576
2200044687.5,-28.35406
2200044843.75,-28.35565
2200045000.0,-28.35833
2200045156.25,-28.35512
2200045312.5,-28.35341
2200045468.75,-28.35808
2200045625.0,-28.35776
2200045781.25,-28.35775
2200045937.5,-28.36151
2200046093.75,-28.36022
2200046250.0,-28.35986
2200046406.25,-28.36023
2200046562.5,-28.36394
2200046718.75,-28.36301
2200046875.0,-28.35901
2200047031.25,-28.36551
2200047187.5,-28.36427
2200047343.75,-28.37002
2200047500.0,-28.36976
2200047656.25,-28.37008
2200047812.5,-28.37104
2200047968.75,-28.36787
2200048125.0,-28.36857
2200048281.25,-28.37052
2200048437.5,-28.36895
2200048593.75,-28.37046
2200048750.0,-28.37167
2200048906.25,-28.37056
2200049062.5,-28.37062
2200049218.75,-28.37907
2200049375.0,-28.37195
2200049531.25,-28.37527
2200049687.5,-28.37873
2200049843.75,-28.3814
2200050000.0,-28.37618
2200050156.25,-28.37886
2200050312.5,-28.38187
2200050468.75,-28.38031
2200050625.0,-28.37877
2200050781.25,-28.37985
2200050937.5,-28.38254
2200051093.75,-28.38645
2200051250.0,-28.39021
2200051406.25,-28.38258
2200051562.5,-28.38835
2200051718.75,-28.38276
2200051875.0,-28.38602
2200052031.25,-28.3894
2200052187.5,-28.39172
2200052343.75,-28.39553
2200052500.0,-28.39083
2200052656.25,-28.38895
2200052812.5,-28.39296
2200052968.75,-28.39158
2200053125.0,-28.39198
2200053281.25,-28.39003
2200053437.5,-28.39339
2200053593.75,-28.3976
2200053750.0,-28.39777
2200053906.25,-28.39954
2200054062.5,-28.39579
2200054218.75,-28.40279
2200054375.0,-28.39886
2200054531.25,-28.40063
2200054687.5,-28.40176
2200054843.75,-28.40065
2200055000.0,-28.40158
2200055156.25,-28.4039
2200055312.5,-28.39918
2200055468.75,-28.4056
2200055625.0,-28.40392
2200055781.25,-28.40645
2200055937.5,-28.40617
2200056093.75,-28.40722
2200056250.0,-28.41193
2200056406.25,-28.41479
2200056562.5,-28.40401
2200056718.75,-28.40829
2200056875.0,-28.4072
2200057031.25,-28.41359
2200057187.5,-28.41268
2200057343.75,-28.41348
2200057500.0,-28.41571
2200057656.25,-28.41511
2200057812.5,-28.40965
2200057968.75,-28.41533
2200058125.0,-28.41631
2200058281.25,-28.41595
2200058437.5,-28.41669
2200058593.75,-28.41813
2200058750.0,-28.42288
2200058906.25,-28.4199
2200059062.5,-28.42161
2200059218.75,-28.4205
2200059375.0,-28.41952
2200059531.25,-28.42547
2200059687.5,-28.41961
2200059843.75,-28.42463
2200060000.0,-28.42721
2200060156.25,-28.42576
2200060312.5,-28.42756
2200060468.75,-28.43005
2200060625.0,-28.42987
2200060781.25,-28.43009
2200060937.5,-28.43082
2200061093.75,-28.42883
2200061250.0,-28.4276
2200061406.25,-28.43571
2200061562.5,-28.43626
2200061718.75,-28.43633
2200061875.0,-28.43628
2200062031.25,-28.43465
2200062187.5,-28.43395
2200062343.75,-28.43879
2200062500.0,-28.43797
2200062656.25,-28.43427
2200062812.5,-28.44025
2200062968.75,-28.43888
2200063125.0,-28.43843
2200063281.25,-28.43815
2200063437.5,-28.44217
2200063593.75,-28.44236
2200063750.0,-28.44351
2200063906.25,-28.44058
2200064062.5,-28.44013
2200064218.75,-28.4496
2200064375.0,-28.45032
2200064531.25,-28.44803
2200064687.5,-28.44823
2200064843.75,-28.44702
2200065000.0,-28.44779
2200065156.25,-28.4471
2200065312.5,-28.45132
2200065468.75,-28.45052
2200065625.0,-28.45091
2200065781.25,-28.4522
2200065937.5,-28.45408
2200066093.75,-28.45545
2200066250.0,-28.45894
2200066406.25,-28.45681
2200066562.5,-28.45348
2200066718.75,-28.4615
2200066875.0,-28.45759
2200067031.25,-28.46241
2200067187.5,-28.45771
2200067343.75,-28.46195
2200067500.0,-28.4596
2200067656.25,-28.46049
2200067812.5,-28.46509
2200067968.75,-28.46065
2200068125.0,-28.46139
2200068281.25,-28.46183
2200068437.5,-28.46746
2200068593.75,-28.46571
2200068750.0,-28.46365
2200068906.25,-28.4686
2200069062.5,-28.46579
2200069218.75,-28.47087
2200069375.0,-28.47074
2200069531.25,-28.47145
2200069687.5,-28.47247
2200069843.75,-28.47313
2200070000.0,-28.47097
2200070156.25,-28.47437
2200070312.5,-28.47283
2200070468.75,-28.4756
2200070625.0,-28.47083
2200070781.25,-28.47212
2200070937.5,-28.47775
2200071093.75,-28.47474
2200071250.0,-28.48026
2200071406.25,-28.47795
2200071562.5,-28.47614
2200071718.75,-28.47411
2200071875.0,-28.4829
2200072031.25,-28.48016
2200072187.5,-28.4866
2200072343.75,-28.48199
2200072500.0,-28.48273
2200072656.25,-28.48475
2200072812.5,-28.48711
2200072968.75,-28.48532
2200073125.0,-28.48865
2200073281.25,-28.4863
2200073437.5,-28.48527
2200073593.75,-28.49305
2200073750.0,-28.49106
2200073906.25,-28.49323
2200074062.5,-28.48903
2200074218.75,-28.49222
2200074375.0,-28.49582
2200074531.25,-28.49137
2200074687.5,-28.49219
2200074843.75,-28.49484
2200075000.0,-28.49496
2200075156.25,-28.49552
2200075312.5,-28.49391
2200075468.75,-28.49771
2200075625.0,-28.49801
2200075781.25,-28.49891
2200075937.5,-28.49557
2200076093.75,-28.50255
2200076250.0,-28.49904
2200076406.25,-28.50446
2200076562.5,-28.49944
2200076718.75,-28.50603
2200076875.0,-28.50171
2200077031.25,-28.50581
2200077187.5,-28.50456
2200077343.75,-28.50549
2200077500.0,-28.50595
2200077656.25,-28.50392
2200077812.5,-28.50533
2200077968.75,-28.51154
2200078125.0,-28.50784
2200078281.25,-28.50666
2200078437.5,-28.50986
2200078593.75,-28.51066
2200078750.0,-28.51208
2200078906.25,-28.51484
2200079062.5,-28.51384
2200079218.75,-28.51528
2200079375.0,-28.51094
2200079531.25,-28.51949
2200079687.5,-28.52104
2200079843.75,-28.51659
2200080000.0,-28.51962
2200080156.25,-28.51483
2200080312.5,-28.51825
2200080468.75,-28.52039
2200080625.0,-28.52315
2200080781.25,-28.52016
2200080937.5,-28.52659
2200081093.75,-28.51759
2200081250.0,-28.53093
2200081406.25,-28.52398
2200081562.5,-28.52381
2200081718.75,-28.5209
2200081875.0,-28.52838
2200082031.25,-28.52391
2200082187.5,-28.5259
2200082343.75,-28.52951
2200082500.0,-28.52603
2200082656.25,-28.52934
2200082812.5,-28.52984
2200082968.75,-28.53216
2200083125.0,-28.53407
2200083281.25,-28.53196
2200083437.5,-28.53168
2200083593.75,-28.53195
2200083750.0,-28.53521
2200083906.25,-28.53939
2200084062.5,-28.53885
2200084218.75,-28.53855
2200084375.0,-28.53683
2200084531.25,-28.5341
2200084687.5,-28.53828
2200084843.75,-28.53945
2200085000.0,-28.54384
2200085156.25,-28.54465
2200085312.5,-28.5428
2200085468.75,-28.54034
2200085625.0,-28.54346
2200085781.25,-28.54093
2200085937.5,-28.54687
2200086093.75,-28.54631
2200086250.0,-28.54898
2200086406.25,-28.54436
2200086562.5,-28.54978
2200086718.75,-28.54926
2200086875.0,-28.54981
2200087031.25,-28.55202
2200087187.5,-28.55003
2200087343.75,-28.54906
2200087500.0,-28.54785
2200087656.25,-28.55068
2200087812.5,-28.55092
2200087968.75,-28.55259
2200088125.0,-28.55556
2200088281.25,-28.55568
2200088437.5,-28.5574
2200088593.75,-28.55426
2200088750.0,-28.56017
2200088906.25,-28.55665
2200089062.5,-28.55881
2200089218.75,-28.56104
2200089375.0,-28.55968
2200089531.25,-28.5565
2200089687.5,-28.56177
2200089843.75,-28.56103
2200090000.0,-28.56334
2200090156.25,-28.56045
2200090312.5,-28.56087
2200090468.75,-28.56082
2200090625.0,-28.56958
2200090781.25,-28.56626
2200090937.5,-28.56886
2200091093.75,-28.56805
2200091250.0,-28.57045
2200091406.25,-28.5698
2200091562.5,-28.57276
2200091718.75,-28.5738
2200091875.0,-28.56919
2200092031.25,-28.57231
2200092187.5,-28.57878
2200092343.75,-28.57377
2200092500.0,-28.57527
2200092656.25,-28.57652
2200092812.5,-28.57497
2200092968.75,-28.57486
2200093125.0,-28.57785
2200093281.25,-28.57848
2200093437.5,-28.57982
2200093593.75,-28.58205
2200093750.0,-28.57868
2200093906.25,-28.58309
2200094062.5,-28.58373
2200094218.75,-28.58937
2200094375.0,-28.58438
2200094531.25,-28.58057
2200094687.5,-28.58752
2200094843.75,-28.58682
2200095000.0,-28.58794
2200095156.25,-28.58547
2200095312.5,-28.58896
2200095468.75,-28.58585
2200095625.0,-28.58416
2200095781.25,-28.58791
2200095937.5,-28.59075
2200096093.75,-28.58837
2200096250.0,-28.59382
2200096406.25,-28.59166
2200096562.5,-28.60019
2200096718.75,-28.59159
2200096875.0,-28.59284
2200097031.25,-28.59242
2200097187.5,-28.59366
2200097343.75,-28.59385
2200097500.0,-28.59698
2200097656.25,-28.59988
2200097812.5,-28.59995
2200097968.75,-28.60422
2200098125.0,-28.60641
2200098281.25,-28.60257
2200098437.5,-28.60668
2200098593.75,-28.60627
2200098750.0,-28.60202
2200098906.25,-28.60765
2200099062.5,-28.60565
2200099218.75,-28.60308
2200099375.0,-28.60533
2200099531.25,-28.60393
2200099687.5,-28.60652
2200099843.75,-28.60856
2200100000.0,-28.60699
2200100156.25,-28.61081
2200100312.5,-28.60958
2200100468.75,-28.61269
2200100625.0,-28.61373
2200100781.25,-28.60871
2200100937.5,-28.61298
2200101093.75,-28.61251
2200101250.0,-28.61794
2200101406.25,-28.61938
2200101562.5,-28.61749
2200101718.75,-28.61926
2200101875.0,-28.6182
2200102031.25,-28.61702
2200102187.5,-28.61485
2200102343.75,-28.61782
2200102500.0,-28.62262
2200102656.25,-28.62198
2200102812.5,-28.61822
2200102968.75,-28.62302
2200103125.0,-28.62353
2200103281.25,-28.62548
2200103437.5,-28.62112
2200103593.75,-28.62886
2200103750.0,-28.62662
2200103906.25,-28.6304
2200104062.5,-28.62871
2200104218.75,-28.62915
2200104375.0,-28.62882
2200104531.25,-28.63147
2200104687.5,-28.62968
2200104843.75,-28.63244
2200105000.0,-28.63655
2200105156.25,-28.63334
2200105312.5,-28.63517
2200105468.75,-28.63688
2200105625.0,-28.63235
2200105781.25,-28.63848
2200105937.5,-28.63866
2200106093.75,-28.63505
2200106250.0,-28.63296
2200106406.25,-28.64069
2200106562.5,-28.63847
2200106718.75,-28.63999
2200106875.0,-28.64126
2200107031.25,-28.63732
2200107187.5,-28.6373
2200107343.75,-28.64571
2200107500.0,-28.64196
2200107656.25,-28.64787
2200107812.5,-28.64071
2200107968.75,-28.64706
2200108125.0,-28.64686
2200108281.25,-28.64786
2200108437.5,-28.64721
2200108593.75,-28.65145
2200108750.0,-28.6499
2200108906.25,-28.65202
2200109062.5,-28.65125
2200109218.75,-28.65153
2200109375.0,-28.65852
2200109531.25,-28.64789
2200109687.5,-28.65449
2200109843.75,-28.65373
2200110000.0,-28.65779
2200110156.25,-28.65746
2200110312.5,-28.65859
2200110468.75,-28.65831
2200110625.0,-28.65115
2200110781.25,-28.65694
2200110937.5,-28.66488
2200111093.75,-28.66122
2200111250.0,-28.66147
2200111406.25,-28.66352
2200111562.5,-28.66244
2200111718.75,-28.66897
2200111875.0,-28.65937
2200112031.25,-28.66319
2200112187.5,-28.6695
2200112343.75,-28.67052
2200112500.0,-28.66573
2200112656.25,-28.66955
2200112812.5,-28.66463
2200112968.75,-28.67052
2200113125.0,-28.6701
2200113281.25,-28.67319
2200113437.5,-28.67441
2200113593.75,-28.67094
2200113750.0,-28.67244
2200113906.25,-28.6731
2200114062.5,-28.66982
2200114218.75,-28.67463
2200114375.0,-28.67884
2200114531.25,-28.67598
2200114687.5,-28.6783
2200114843.75,-28.67296
2200115000.0,-28.67523
2200115156.25,-28.68295
2200115312.5,-28.6779
2200115468.75,-28.68017
2200115625.0,-28.68044
2200115781.25,-28.68114
2200115937.5,-28.6838
2200116093.75,-28.68201
2200116250.0,-28.6842
2200116406.25,-28.68115
2200116562.5,-28.68251
2200116718.75,-28.68262
2200116875.0,-28.68858
2200117031.25,-28.68858
2200117187.5,-28.68547
2200117343.75,-28.68909
2200117500.0,-28.68981
2200117656.25,-28.68777
2200117812.5,-28.68548
2200117968.75,-28.68779
2200118125.0,-28.69426
2200118281.25,-28.69271
2200118437.5,-28.69352
2200118593.75,-28.69294
2200118750.0,-28.69181
2200118906.25,-28.69835
2200119062.5,-28.69157
2200119218.75,-28.6958
2200119375.0,-28.69629
2200119531.25,-28.69578
2200119687.5,-28.69991
2200119843.75,-28.69571
2200120000.0,-28.70117
2200120156.25,-28.70123
2200120312.5,-28.70223
2200120468.75,-28.70681
2200120625.0,-28.70838
2200120781.25,-28.704
2200120937.5,-28.70293
2200121093.75,-28.7069
2200121250.0,-28.70623
2200121406.25,-28.70411
2200121562.5,-28.70465
2200121718.75,-28.70713
2200121875.0,-28.70781
2200122031.25,-28.70848
2200122187.5,-28.70353
2200122343.75,-28.71153
2200122500.0,-28.70888
2200122656.25,-28.71205
2200122812.5,-28.7118
2200122968.75,-28.71035
2200123125.0,-28.71772
2200123281.25,-28.71281
2200123437.5,-28.71669
2200123593.75,-28.71785
2200123750.0,-28.71897
2200123906.25,-28.72117
2200124062.5,-28.71338
2200124218.75,-28.71911
2200124375.0,-28.71743
2200124531.25,-28.72368
2200124687.5,-28.72112
2200124843.75,-28.71932
2200125000.0,-28.725
2200125156.25,-28.72587
2200125312.5,-28.72376
2200125468.75,-28.72037
2200125625.0,-28.72452
2200125781.25,-28.72644
2200125937.5,-28.72696
2200126093.75,-28.72899
2200126250.0,-28.72709
2200126406.25,-28.72867
2200126562.5,-28.7308
2200126718.75,-28.73247
2200126875.0,-28.73178
2200127031.25,-28.73174
2200127187.5,-28.73035
2200127343.75,-28.7363
2200127500.0,-28.73806
2200127656.25,-28.73668
2200127812.5,-28.73594
2200127968.75,-28.73266
2200128125.0,-28.73627
2200128281.25,-28.73662
2200128437.5,-28.7369
2200128593.75,-28.735
2200128750.0,-28.74168
2200128906.25,-28.73829
2200129062.5,-28.74562
2200129218.75,-28.73708
2200129375.0,-28.74054
2200129531.25,-28.73889
2200129687.5,-28.74483
2200129843.75,-28.74379
2200130000.0,-28.74439
2200130156.25,-28.74425
2200130312.5,-28.75044
2200130468.75,-28.74586
2200130625.0,-28.74604
2200130781.25,-28.75036
2200130937.5,-28.74774
2200131093.75,-28.74936
2200131250.0,-28.74897
2200131406.25,-28.75307
2200131562.5,-28.7555
2200131718.75,-28.75255
2200131875.0,-28.75384
2200132031.25,-28.75346
2200132187.5,-28.7562
2200132343.75,-28.75707
2200132500.0,-28.75636
2200132656.25,-28.75724
2200132812.5,-28.76071
2200132968.75,-28.76122
2200133125.0,-28.75937
2200133281.25,-28.75888
2200133437.5,-28.75817
2200133593.75,-28.75719
2200133750.0,-28.76184
2200133906.25,-28.76397
2200134062.5,-28.76285
2200134218.75,-28.768
2200134375.0,-28.76089
2200134531.25,-28.76522
2200134687.5,-28.76572
2200134843.75,-28.7677
2200135000.0,-28.76901
2200135156.25,-28.76625
2200135312.5,-28.76749
2200135468.75,-28.77284
2200135625.0,-28.77174
2200135781.25,-28.76668
2200135937.5,-28.77489
2200136093.75,-28.77367
2200136250.0,-28.77313
2200136406.25,-28.77274
2200136562.5,-28.7728
2200136718.75,-28.77544
2200136875.0,-28.77876
2200137031.25,-28.77687
2200137187.5,-28.775
2200137343.75,-28.77632
2200137500.0,-28.77785
2200137656.25,-28.77545
2200137812.5,-28.78053
2200137968.75,-28.78117
2200138125.0,-28.7802
2200138281.25,-28.78165
2200138437.5,-28.78207
2200138593.75,-28.78573
2200138750.0,-28.78609
2200138906.25,-28.78729
2200139062.5,-28.78499
2200139218.75,-28.78794
2200139375.0,-28.7917
2200139531.25,-28.79058
2200139687.5,-28.78724
2200139843.75,-28.79363
2200140000.0,-28.79275
2200140156.25,-28.78741
2200140312.5,-28.79019
2200140468.75,-28.78795
2200140625.0,-28.78963
2200140781.25,-28.79594
2200140937.5,-28.797
2200141093.75,-28.79198
2200141250.0,-28.79371
2200141406.25,-28.79823
2200141562.5,-28.7932
2200141718.75,-28.79452
2200141875.0,-28.79289
2200142031.25,-28.79114
2200142187.5,-28.8013
2200142343.75,-28.79765
2200142500.0,-28.79927
2200142656.25,-28.79952
2200142812.5,-28.80492
2200142968.75,-28.80152
2200143125.0,-28.80421
2200143281.25,-28.80514
2200143437.5,-28.80819
2200143593.75,-28.81175
2200143750.0,-28.80836
2200143906.25,-28.80646
2200144062.5,-28.80994
2200144218.75,-28.81147
2200144375.0,-28.81223
2200144531.25,-28.80961
2200144687.5,-28.80963
2200144843.75,-28.81436
2200145000.0,-28.81475
2200145156.25,-28.81287
2200145312.5,-28.8129
2200145468.75,-28.81506
2200145625.0,-28.81286
2200145781.25,-28.81502
2200145937.5,-28.8211
2200146093.75,-28.81893
2200146250.0,-28.8175
2200146406.25,-28.81993
2200146562.5,-28.82291
2200146718.75,-28.82345
2200146875.0,-28.82334
2200147031.25,-28.81847
2200147187.5,-28.82398
2200147343.75,-28.81782
2200147500.0,-28.82135
2200147656.25,-28.82528
2200147812.5,-28.82924
2200147968.75,-28.82624
2200148125.0,-28.82843
2200148281.25,-28.8277
2200148437.5,-28.82477
2200148593.75,-28.82323
2200148750.0,-28.82821
2200148906.25,-28.82953
2200149062.5,-28.82876
2200149218.75,-28.83452
2200149375.0,-28.83362
2200149531.25,-28.83004
2200149687.5,-28.835
2200149843.75,-28.83299
2200150000.0,-28.83068
2200150156.25,-28.83826
2200150312.5,-28.83274
2200150468.75,-28.84108
2200150625.0,-28.83912
2200150781.25,-28.83759
2200150937.5,-28.84012
2200151093.75,-28.83961
2200151250.0,-28.83978
2200151406.25,-28.84052
2200151562.5,-28.8402
2200151718.75,-28.84072
2200151875.0,-28.84058
2200152031.25,-28.84528
2200152187.5,-28.84348
2200152343.75,-28.8476
2200152500.0,-28.84625
2200152656.25,-28.84308
2200152812.5,-28.84685
2200152968.75,-28.85004
2200153125.0,-28.84715
2200153281.25,-28.84737
2200153437.5,-28.8475
2200153593.75,-28.84895
2200153750.0,-28.8487
2200153906.25,-28.85542
2200154062.5,-28.85347
2200154218.75,-28.85406
2200154375.0,-28.85221
2200154531.25,-28.84996
2200154687.5,-28.85719
2200154843.75,-28.8557
2200155000.0,-28.85633
2200155156.25,-28.85449
2200155312.5,-28.85588
2200155468.75,-28.85524
2200155625.0,-28.86258
2200155781.25,-28.85442
2200155937.5,-28.86065
2200156093.75,-28.86236
2200156250.0,-28.86541
2200156406.25,-28.86054
2200156562.5,-28.85917
2200156718.75,-28.86701
2200156875.0,-28.86588
2200157031.25,-28.86488
2200157187.5,-28.86447
2200157343.75,-28.86667
2200157500.0,-28.86949
2200157656.25,-28.86761
2200157812.5,-28.87367
2200157968.75,-28.86599
2200158125.0,-28.87104
2200158281.25,-28.87122
2200158437.5,-28.87324
2200158593.75,-28.87403
2200158750.0,-28.87466
2200158906.25,-28.87424
2200159062.5,-28.87751
2200159218.75,-28.87366
2200159375.0,-28.8782
2200159531.25,-28.87871
2200159687.5,-28.87799
2200159843.75,-28.88042
2200160000.0,-28.87525
2200160156.25,-28.87831
2200160312.5,-28.88029
2200160468.75,-28.87995
2200160625.0,-28.88496
2200160781.25,-28.88241
2200160937.5,-28.88267
2200161093.75,-28.88405
2200161250.0,-28.88568
2200161406.25,-28.88815
2200161562.5,-28.88702
2200161718.75,-28.89336
2200161875.0,-28.89012
2200162031.25,-28.88652
2200162187.5,-28.8819
2200162343.75,-28.88694
2200162500.0,-28.89041
2200162656.25,-28.88738
2200162812.5,-28.89381
2200162968.75,-28.88924
2200163125.0,-28.89072
2200163281.25,-28.89351
2200163437.5,-28.89303
2200163593.75,-28.89508
2200163750.0,-28.89334
2200163906.25,-28.8988
2200164062.5,-28.89769
2200164218.75,-28.89938
2200164375.0,-28.89728
2200164531.25,-28.89705
2200164687.5,-28.89855
2200164843.75,-28.90084
2200165000.0,-28.90384
2200165156.25,-28.90387
2200165312.5,-28.90401
2200165468.75,-28.89816
2200165625.0,-28.90165
2200165781.25,-28.90161
2200165937.5,-28.90585
2200166093.75,-28.90799
2200166250.0,-28.90297
2200166406.25,-28.90848
2200166562.5,-28.90879
2200166718.75,-28.90791
2200166875.0,-28.90773
2200167031.25,-28.91178
2200167187.5,-28.91186
2200167343.75,-28.91213
2200167500.0,-28.91382
2200167656.25,-28.91027
2200167812.5,-28.91157
2200167968.75,-28.91598
2200168125.0,-28.91461
2200168281.25,-28.91221
2200168437.5,-28.91579
2200168593.75,-28.91621
2200168750.0,-28.91572
2200168906.25,-28.9133
2200169062.5,-28.92218
2200169218.75,-28.91929
2200169375.0,-28.91722
2200169531.25,-28.92089
2200169687.5,-28.92322
2200169843.75,-28.92262
2200170000.0,-28.91965
2200170156.25,-28.92071
2200170312.5,-28.92505
2200170468.75,-28.92356
2200170625.0,-28.92702
2200170781.25,-28.9232
2200170937.5,-28.92249
2200171093.75,-28.92467
2200171250.0,-28.92737
2200171406.25,-28.93054
2200171562.5,-28.92909
2200171718.75,-28.92909
2200171875.0,-28.93248
2200172031.25,-28.93001
2200172187.5,-28.92988
2200172343.75,-28.9351
2200172500.0,-28.93436
2200172656.25,-28.93575
2200172812.5,-28.93513
2200172968.75,-28.93765
2200173125.0,-28.93779
2200173281.25,-28.93454
2200173437.5,-28.93521
2200173593.75,-28.93991
2200173750.0,-28.9381
2200173906.25,-28.93734
2200174062.5,-28.9401
2200174218.75,-28.94424
2200174375.0,-28.94053
2200174531.25,-28.94466
2200174687.5,-28.9412
2200174843.75,-28.94551
2200175000.0,-28.94574
2200175156.25,-28.94436
2200175312.5,-28.94805
2200175468.75,-28.94505
2200175625.0,-28.95161
2200175781.25,-28.94983
2200175937.5,-28.94907
2200176093.75,-28.95106
2200176250.0,-28.95015
2200176406.25,-28.9487
2200176562.5,-28.95324
2200176718.75,-28.95541
2200176875.0,-28.95907
2200177031.25,-28.95191
2200177187.5,-28.95906
2200177343.75,-28.95451
2200177500.0,-28.96134
2200177656.25,-28.95571
2200177812.5,-28.95605
2200177968.75,-28.9556
2200178125.0,-28.96198
2200178281.25,-28.95636
2200178437.5,-28.95771
2200178593.75,-28.9593
2200178750.0,-28.96226
2200178906.25,-28.96283
2200179062.5,-28.96337
2200179218.75,-28.96983
2200179375.0,-28.96198
2200179531.25,-28.9664
2200179687.5,-28.9649
2200179843.75,-28.96257
2200180000.0,-28.96777
2200180156.25,-28.96868
2200180312.5,-28.96354
2200180468.75,-28.9735
2200180625.0,-28.96916
2200180781.25,-28.9743
2200180937.5,-28.96544
2200181093.75,-28.97197
2200181250.0,-28.96933
2200181406.25,-28.97171
2200181562.5,-28.97201
2200181718.75,-28.97543
2200181875.0,-28.97359
2200182031.25,-28.97845
2200182187.5,-28.97352
2200182343.75,-28.97495
2200182500.0,-28.97561
2200182656.25,-28.97771
2200182812.5,-28.97854
2200182968.75,-28.98135
2200183125.0,-28.97971
2200183281.25,-28.98243
2200183437.5,-28.98041
2200183593.75,-28.9866
2200183750.0,-28.98593
2200183906.25,-28.98483
2200184062.5,-28.98376
2200184218.75,-28.98889
2200184375.0,-28.98456
2200184531.25,-28.98307
2200184687.5,-28.98502
2200184843.75,-28.98853
2200185000.0,-28.98623
2200185156.25,-28.98892
2200185312.5,-28.99229
2200185468.75,-28.98814
2200185625.0,-28.99494
2200185781.25,-28.99571
2200185937.5,-28.99109
2200186093.75,-28.9926
2200186250.0,-28.991
2200186406.25,-28.99988
2200186562.5,-28.99554
2200186718.75,-28.99722
2200186875.0,-28.99762
2200187031.25,-29.00048
2200187187.5,-29.00015
2200187343.75,-28.99862
2200187500.0,-28.99981
2200187656.25,-28.99965
2200187812.5,-29.00003
2200187968.75,-29.00058
2200188125.0,-28.99806
2200188281.25,-29.00302
2200188437.5,-29.00424
2200188593.75,-29.00703
2200188750.0,-29.00171
2200188906.25,-29.00556
2200189062.5,-29.01035
2200189218.75,-29.00475
2200189375.0,-29.00874
2200189531.25,-29.00961
2200189687.5,-29.0047
2200189843.75,-29.01052
2200190000.0,-29.01147
2200190156.25,-29.01443
2200190312.5,-29.01028
2200190468.75,-29.0091
2200190625.0,-29.01442
2200190781.25,-29.01126
2200190937.5,-29.01851
2200191093.75,-29.01589
2200191250.0,-29.01732
2200191406.25,-29.01519
2200191562.5,-29.01489
2200191718.75,-29.01743
2200191875.0,-29.01692
2200192031.25,-29.02074
2200192187.5,-29.02129
2200192343.75,-29.01816
2200192500.0,-29.0242
2200192656.25,-29.02253
2200192812.5,-29.0243
2200192968.75,-29.02316
2200193125.0,-29.02386
2200193281.25,-29.02001
2200193437.5,-29.02542
2200193593.75,-29.02387
2200193750.0,-29.03052
2200193906.25,-29.02254
2200194062.5,-29.02659
2200194218.75,-29.02908
2200194375.0,-29.02812
2200194531.25,-29.03281
2200194687.5,-29.02956
2200194843.75,-29.03066
2200195000.0,-29.03446
2200195156.25,-29.03433
2200195312.5,-29.03461
2200195468.75,-29.03503
2200195625.0,-29.03413
2200195781.25,-29.03849
2200195937.5,-29.03532
2200196093.75,-29.0361
2200196250.0,-29.03466
2200196406.25,-29.03327
2200196562.5,-29.03948
2200196718.75,-29.03978
2200196875.0,-29.04318
2200197031.25,-29.04204
2200197187.5,-29.04297
2200197343.75,-29.0435
2200197500.0,-29.04755
2200197656.25,-29.04238
2200197812.5,-29.04224
2200197968.75,-29.04302
2200198125.0,-29.04434
2200198281.25,-29.04559
2200198437.5,-29.04547
2200198593.75,-29.04953
2200198750.0,-29.04939
2200198906.25,-29.05301
2200199062.5,-29.0485
2200199218.75,-29.0523
2200199375.0,-29.05193
2200199531.25,-29.05442
2200199687.5,-29.055
2200199843.75,-29.05532
2200200000.0,-29.05487
2200200156.25,-29.05557
2200200312.5,-29.05596
2200200468.75,-29.05727
2200200625.0,-29.05832
2200200781.25,-29.05488
2200200937.5,-29.05794
2200201093.75,-29.05761
2200201250.0,-29.05954
2200201406.25,-29.06234
2200201562.5,-29.05872
2200201718.75,-29.05974
2200201875.0,-29.06266
2200202031.25,-29.06356
2200202187.5,-29.06267
2200202343.75,-29.06504
2200202500.0,-29.06261
2200202656.25,-29.06148
2200202812.5,-29.06271
2200202968.75,-29.06587
2200203125.0,-29.06786
2200203281.25,-29.06805
2200203437.5,-29.07073
2200203593.75,-29.06709
2200203750.0,-29.06965
2200203906.25,-29.07379
2200204062.5,-29.07048
2200204218.75,-29.07522
2200204375.0,-29.07183
2200204531.25,-29.07685
2200204687.5,-29.07122
2200204843.75,-29.07718
2200205000.0,-29.07206
2200205156.25,-29.07828
2200205312.5,-29.07638
2200205468.75,-29.08073
2200205625.0,-29.07836
2200205781.25,-29.07937
2200205937.5,-29.08609
2200206093.75,-29.0806
2200206250.0,-29.08016
2200206406.25,-29.08661
2200206562.5,-29.08206
2200206718.75,-29.08491
2200206875.0,-29.08504
2200207031.25,-29.08393
2200207187.5,-29.08307
2200207343.75,-29.08522
2200207500.0,-29.08653
2200207656.25,-29.08702
2200207812.5,-29.08731
2200207968.75,-29.09074
2200208125.0,-29.09115
2200208281.25,-29.09319
2200208437.5,-29.09102
2200208593.75,-29.09274
2200208750.0,-29.09578
2200208906.25,-29.09358
2200209062.5,-29.09131
2200209218.75,-29.0931
2200209375.0,-29.09173
2200209531.25,-29.09394
2200209687.5,-29.09723
2200209843.75,-29.09848
2200210000.0,-29.09803
2200210156.25,-29.09444
2200210312.5,-29.10184
2200210468.75,-29.09857
2200210625.0,-29.10179
2200210781.25,-29.1006
2200210937.5,-29.09694
2200211093.75,-29.09852
2200211250.0,-29.10041
2200211406.25,-29.10429
2200211562.5,-29.1045
2200211718.75,-29.10137
2200211875.0,-29.10454
2200212031.25,-29.10803
2200212187.5,-29.10707
2200212343.75,-29.10421
2200212500.0,-29.10707
2200212656.25,-29.10523
2200212812.5,-29.11173
2200212968.75,-29.10993
2200213125.0,-29.11132
2200213281.25,-29.11213
2200213437.5,-29.11233
2200213593.75,-29.1141
2200213750.0,-29.11476
2200213906.25,-29.11225
2200214062.5,-29.11547
2200214218.75,-29.11502
2200214375.0,-29.11761
2200214531.25,-29.11939
2200214687.5,-29.11308
2200214843.75,-29.11944
2200215000.0,-29.11514
2200215156.25,-29.11736
2200215312.5,-29.11955
2200215468.75,-29.11773
2200215625.0,-29.11911
2200215781.25,-29.11768
2200215937.5,-29.12367
2200216093.75,-29.12581
2200216250.0,-29.12681
2200216406.25,-29.12555
2200216562.5,-29.12515
2200216718.75,-29.12746
2200216875.0,-29.12611
2200217031.25,-29.12593
2200217187.5,-29.12346
2200217343.75,-29.12726
2200217500.0,-29.12633
2200217656.25,-29.13027
2200217812.5,-29.1312
2200217968.75,-29.13048
2200218125.0,-29.13329
2200218281.25,-29.13496
2200218437.5,-29.13261
2200218593.75,-29.13099
2200218750.0,-29.1381
2200218906.25,-29.13722
2200219062.5,-29.13499
2200219218.75,-29.13589
2200219375.0,-29.13728
2200219531.25,-29.1381
2200219687.5,-29.13976
2200219843.75,-29.13777
2200220000.0,-29.14061
2200220156.25,-29.13977
2200220312.5,-29.14198
2200220468.75,-29.14218
2200220625.0,-29.14305
2200220781.25,-29.14404
2200220937.5,-29.14692
2200221093.75,-29.14332
2200221250.0,-29.14417
2200221406.25,-29.14183
2200221562.5,-29.14561
2200221718.75,-29.14823
2200221875.0,-29.14588
2200222031.25,-29.15083
2200222187.5,-29.14758
2200222343.75,-29.15203
2200222500.0,-29.14963
2200222656.25,-29.15609
2200222812.5,-29.15252
2200222968.75,-29.15185
2200223125.0,-29.14923
2200223281.25,-29.15077
2200223437.5,-29.15596
2200223593.75,-29.15339
2200223750.0,-29.16077
2200223906.25,-29.15813
2200224062.5,-29.15994
2200224218.75,-29.15848
2200224375.0,-29.15985
2200224531.25,-29.15664
2200224687.5,-29.16032
2200224843.75,-29.16016
2200225000.0,-29.16794
2200225156.25,-29.16076
2200225312.5,-29.1577
2200225468.75,-29.16314
2200225625.0,-29.15833
2200225781.25,-29.16606
2200225937.5,-29.17029
2200226093.75,-29.16973
2200226250.0,-29.16825
2200226406.25,-29.16627
2200226562.5,-29.16963
2200226718.75,-29.16766
2200226875.0,-29.16743
2200227031.25,-29.17375
2200227187.5,-29.16997
2200227343.75,-29.1682
2200227500.0,-29.17363
2200227656.25,-29.17342
2200227812.5,-29.17444
2200227968.75,-29.17893
2200228125.0,-29.17933
2200228281.25,-29.17332
2200228437.5,-29.17906
2200228593.75,-29.17763
2200228750.0,-29.17954
2200228906.25,-29.17809
2200229062.5,-29.18225
2200229218.75,-29.18038
2200229375.0,-29.18341
2200229531.25,-29.17992
2200229687.5,-29.1817
2200229843.75,-29.1814
2200230000.0,-29.18578
2200230156.25,-29.18276
2200230312.5,-29.18366
2200230468.75,-29.18208
2200230625.0,-29.17909
2200230781.25,-29.19037
2200230937.5,-29.1876
2200231093.75,-29.1852
2200231250.0,-29.18801
2200231406.25,-29.18732
2200231562.5,-29.18744
2200231718.75,-29.1932
2200231875.0,-29.18475
2200232031.25,-29.1934
2200232187.5,-29.19426
2200232343.75,-29.1924
2200232500.0,-29.19598
2200232656.25,-29.19869
2200232812.5,-29.19045
2200232968.75,-29.1983
2200233125.0,-29.1937
2200233281.25,-29.19858
2200233437.5,-29.19423
2200233593.75,-29.19729
2200233750.0,-29.20222
2200233906.25,-29.20422
2200234062.5,-29.20134
2200234218.75,-29.2005
2200234375.0,-29.19949
2200234531.25,-29.19456
2200234687.5,-29.19907
2200234843.75,-29.20247
2200235000.0,-29.20536
2200235156.25,-29.20182
2200235312.5,-29.20731
2200235468.75,-29.20852
2200235625.0,-29.20836
2200235781.25,-29.20701
2200235937.5,-29.20367
2200236093.75,-29.20777
2200236250.0,-29.20682
2200236406.25,-29.20852
2200236562.5,-29.20748
2200236718.75,-29.21266
2200236875.0,-29.21125
2200237031.25,-29.2102
2200237187.5,-29.21272
2200237343.75,-29.21457
2200237500.0,-29.21799
2200237656.25,-29.213
2200237812.5,-29.21673
2200237968.75,-29.21655
2200238125.0,-29.2152
2200238281.25,-29.21735
2200238437.5,-29.21784
2200238593.75,-29.21543
2200238750.0,-29.2211
2200238906.25,-29.21955
2200239062.5,-29.21979
2200239218.75,-29.21771
2200239375.0,-29.21958
2200239531.25,-29.22152
2200239687.5,-29.22661
2200239843.75,-29.22463
2200240000.0,-29.22749
2200240156.25,-29.22409
2200240312.5,-29.22813
2200240468.75,-29.23292
2200240625.0,-29.2316
2200240781.25,-29.22931
2200240937.5,-29.23073
2200241093.75,-29.22896
2200241250.0,-29.23109
2200241406.25,-29.23501
2200241562.5,-29.23057
2200241718.75,-29.23332
2200241875.0,-29.23509
2200242031.25,-29.23484
2200242187.5,-29.23207
2200242343.75,-29.2353
2200242500.0,-29.23553
2200242656.25,-29.23573
2200242812.5,-29.23845
2200242968.75,-29.24164
2200243125.0,-29.23426
2200243281.25,-29.2401
2200243437.5,-29.24017
2200243593.75,-29.23966
2200243750.0,-29.2368
2200243906.25,-29.24335
2200244062.5,-29.2452
2200244218.75,-29.24199
2200244375.0,-29.24187
2200244531.25,-29.24537
2200244687.5,-29.24761
2200244843.75,-29.24047
2200245000.0,-29.25365
2200245156.25,-29.24532
2200245312.5,-29.24558
2200245468.75,-29.25163
2200245625.0,-29.2495
2200245781.25,-29.25136
2200245937.5,-29.26087
2200246093.75,-29.25302
2200246250.0,-29.25355
2200246406.25,-29.25299
2200246562.5,-29.25492
2200246718.75,-29.25404
2200246875.0,-29.251
2200247031.25,-29.25397
2200247187.5,-29.25398
2200247343.75,-29.25755
2200247500.0,-29.25867
2200247656.25,-29.25608
2200247812.5,-29.25711
2200247968.75,-29.25975
2200248125.0,-29.25703
2200248281.25,-29.26027
2200248437.5,-29.25865
2200248593.75,-29.261
2200248750.0,-29.26404
2200248906.25,-29.26238
2200249062.5,-29.26407
2200249218.75,-29.26754
2200249375.0,-29.26428
2200249531.25,-29.26649
2200249687.5,-29.2641
2200249843.75,-29.27168
2200250000.0,-29.26739
2200250156.25,-29.26885
2200250312.5,-29.27069
2200250468.75,-29.26737
2200250625.0,-29.27033
2200250781.25,-29.2736
2200250937.5,-29.27774
2200251093.75,-29.27353
2200251250.0,-29.26989
2200251406.25,-29.27374
2200251562.5,-29.27343
2200251718.75,-29.27473
2200251875.0,-29.27741
2200252031.25,-29.27424
2200252187.5,-29.27511
2200252343.75,-29.27448
2200252500.0,-29.2792
2200252656.25,-29.27539
2200252812.5,-29.27858
2200252968.75,-29.28082
2200253125.0,-29.28115
2200253281.25,-29.28406
2200253437.5,-29.28385
2200253593.75,-29.28643
2200253750.0,-29.28828
2200253906.25,-29.28679
2200254062.5,-29.28395
2200254218.75,-29.28776
2200254375.0,-29.28484
2200254531.25,-29.28805
2200254687.5,-29.28596
2200254843.75,-29.29318
2200255000.0,-29.2882
2200255156.25,-29.28925
2200255312.5,-29.29248
2200255468.75,-29.29657
2200255625.0,-29.29183
2200255781.25,-29.2897
2200255937.5,-29.29246
2200256093.75,-29.29433
2200256250.0,-29.29525
2200256406.25,-29.29775
2200256562.5,-29.29541
2200256718.75,-29.29979
2200256875.0,-29.29543
2200257031.25,-29.29699
2200257187.5,-29.29705
2200257343.75,-29.29979
2200257500.0,-29.30057
2200257656.25,-29.29991
2200257812.5,-29.30541
2200257968.75,-29.30387
2200258125.0,-29.30437
2200258281.25,-29.30364
2200258437.5,-29.30097
2200258593.75,-29.30304
2200258750.0,-29.30816
2200258906.25,-29.30918
2200259062.5,-29.30956
2200259218.75,-29.30559
2200259375.0,-29.30668
2200259531.25,-29.30877
2200259687.5,-29.30794
2200259843.75,-29.30742
2200260000.0,-29.31199
2200260156.25,-29.30648
2200260312.5,-29.31199
2200260468.75,-29.31579
2200260625.0,-29.31353
2200260781.25,-29.31234
2200260937.5,-29.30929
2200261093.75,-29.31181
2200261250.0,-29.31555
2200261406.25,-29.31481
2200261562.5,-29.31577
2200261718.75,-29.31559
2200261875.0,-29.32183
2200262031.25,-29.32082
2200262187.5,-29.32184
2200262343.75,-29.32061
2200262500.0,-29.31867
2200262656.25,-29.32053
2200262812.5,-29.32043
2200262968.75,-29.32071
2200263125.0,-29.32507
2200263281.25,-29.32394
2200263437.5,-29.32618
2200263593.75,-29.32471
2200263750.0,-29.3196
2200263906.25,-29.32564
2200264062.5,-29.32898
2200264218.75,-29.32724
2200264375.0,-29.33084
2200264531.25,-29.3286
2200264687.5,-29.33361
2200264843.75,-29.33501
2200265000.0,-29.33249
2200265156.25,-29.32879
2200265312.5,-29.3307
2200265468.75,-29.33598
2200265625.0,-29.33235
2200265781.25,-29.33325
2200265937.5,-29.33582
2200266093.75,-29.33218
2200266250.0,-29.33517
2200266406.25,-29.33998
2200266562.5,-29.33781
2200266718.75,-29.33692
2200266875.0,-29.3395
2200267031.25,-29.33983
2200267187.5,-29.34152
2200267343.75,-29.33883
2200267500.0,-29.34094
2200267656.25,-29.34142
2200267812.5,-29.34489
2200267968.75,-29.34509
2200268125.0,-29.34723
2200268281.25,-29.34297
2200268437.5,-29.34826
2200268593.75,-29.34762
2200268750.0,-29.34543
2200268906.25,-29.34892
2200269062.5,-29.34946
2200269218.75,-29.35015
2200269375.0,-29.35032
2200269531.25,-29.34933
2200269687.5,-29.34827
2200269843.75,-29.35236
2200270000.0,-29.35099
2200270156.25,-29.35187
2200270312.5,-29.35413
2200270468.75,-29.35566
2200270625.0,-29.35328
2200270781.25,-29.35603
2200270937.5,-29.36079
2200271093.75,-29.35814
2200271250.0,-29.35887
2200271406.25,-29.35693
2200271562.5,-29.3628
2200271718.75,-29.35734
2200271875.0,-29.36156
2200272031.25,-29.35795
2200272187.5,-29.36287
2200272343.75,-29.36253
2200272500.0,-29.36344
2200272656.25,-29.35988
2200272812.5,-29.36022
2200272968.75,-29.36542
2200273125.0,-29.36249
2200273281.25,-29.36652
2200273437.5,-29.36683
2200273593.75,-29.36268
2200273750.0,-29.36681
2200273906.25,-29.36849
2200274062.5,-29.36928
2200274218.75,-29.37093
2200274375.0,-29.36453
2200274531.25,-29.37414
2200274687.5,-29.36858
2200274843.75,-29.36788
2200275000.0,-29.3649
2200275156.25,-29.37466
2200275312.5,-29.36917
2200275468.75,-29.37587
2200275625.0,-29.37648
2200275781.25,-29.37738
2200275937.5,-29.37844
2200276093.75,-29.37435
2200276250.0,-29.376
2200276406.25,-29.37543
2200276562.5,-29.38105
2200276718.75,-29.37984
2200276875.0,-29.381
2200277031.25,-29.38277
2200277187.5,-29.38004
2200277343.75,-29.38338
2200277500.0,-29.37991
2200277656.25,-29.38852
2200277812.5,-29.38362
2200277968.75,-29.38853
2200278125.0,-29.3836
2200278281.25,-29.38439
2200278437.5,-29.38508
2200278593.75,-29.3855
2200278750.0,-29.39185
2200278906.25,-29.38979
2200279062.5,-29.38687
2200279218.75,-29.38956
2200279375.0,-29.38982
2200279531.25,-29.39582
2200279687.5,-29.39402
2200279843.75,-29.39309
2200280000.0,-29.39508
2200280156.25,-29.39142
2200280312.5,-29.40017
2200280468.75,-29.40131
2200280625.0,-29.39673
2200280781.25,-29.39677
2200280937.5,-29.39552
2200281093.75,-29.39425
2200281250.0,-29.39682
2200281406.25,-29.40248
2200281562.5,-29.40065
2200281718.75,-29.39736
2200281875.0,-29.40035
2200282031.25,-29.40103
2200282187.5,-29.40233
2200282343.75,-29.40453
2200282500.0,-29.40758
2200282656.25,-29.40774
2200282812.5,-29.40417
2200282968.75,-29.40271
2200283125.0,-29.40602
2200283281.25,-29.4073
2200283437.5,-29.41039
2200283593.75,-29.40705
2200283750.0,-29.41532
2200283906.25,-29.41093
2200284062.5,-29.41089
2200284218.75,-29.41714
2200284375.0,-29.41326
2200284531.25,-29.41354
2200284687.5,-29.41134
2200284843.75,-29.41637
2200285000.0,-29.41439
2200285156.25,-29.41335
2200285312.5,-29.41554
2200285468.75,-29.42186
2200285625.0,-29.4153
2200285781.25,-29.41795
2200285937.5,-29.4197
2200286093.75,-29.41438
2200286250.0,-29.41815
2200286406.25,-29.4261
2200286562.5,-29.41759
2200286718.75,-29.42229
2200286875.0,-29.42161
2200287031.25,-29.42004
2200287187.5,-29.42724
2200287343.75,-29.42923
2200287500.0,-29.42233
2200287656.25,-29.42173
2200287812.5,-29.42622
2200287968.75,-29.42757
2200288125.0,-29.42839
2200288281.25,-29.42581
2200288437.5,-29.42941
2200288593.75,-29.42554
2200288750.0,-29.42875
2200288906.25,-29.42953
2200289062.5,-29.43502
2200289218.75,-29.43919
2200289375.0,-29.43448
2200289531.25,-29.43389
2200289687.5,-29.43511
2200289843.75,-29.4409
2200290000.0,-29.43503
2200290156.25,-29.43559
2200290312.5,-29.43575
2200290468.75,-29.44007
2200290625.0,-29.43703
2200290781.25,-29.44462
2200290937.5,-29.44172
2200291093.75,-29.44181
2200291250.0,-29.43983
2200291406.25,-29.43939
2200291562.5,-29.44077
2200291718.75,-29.44261
2200291875.0,-29.44364
2200292031.25,-29.44476
2200292187.5,-29.44932
2200292343.75,-29.44531
2200292500.0,-29.44683
2200292656.25,-29.44989
2200292812.5,-29.44856
2200292968.75,-29.44756
2200293125.0,-29.44799
2200293281.25,-29.44971
2200293437.5,-29.4556
2200293593.75,-29.44708
2200293750.0,-29.44858
2200293906.25,-29.45149
2200294062.5,-29.45426
2200294218.75,-29.45134
2200294375.0,-29.45659
2200294531.25,-29.45247
2200294687.5,-29.44989
2200294843.75,-29.46158
2200295000.0,-29.45401
2200295156.25,-29.4619
2200295312.5,-29.45518
2200295468.75,-29.45415
2200295625.0,-29.45844
2200295781.25,-29.46029
2200295937.5,-29.45563
2200296093.75,-29.45827
2200296250.0,-29.4669
2200296406.25,-29.45825
2200296562.5,-29.46679
2200296718.75,-29.4659
2200296875.0,-29.45941
2200297031.25,-29.4641
2200297187.5,-29.46672
2200297343.75,-29.46527
2200297500.0,-29.46383
2200297656.25,-29.46572
2200297812.5,-29.46627
2200297968.75,-29.47057
2200298125.0,-29.47264
2200298281.25,-29.47209
2200298437.5,-29.46376
2200298593.75,-29.46855
2200298750.0,-29.46843
2200298906.25,-29.47276
2200299062.5,-29.47496
2200299218.75,-29.47345
2200299375.0,-29.47485
2200299531.25,-29.47474
2200299687.5,-29.48043
2200299843.75,-29.4782
2200300000.0,-29.47791
2200300156.25,-29.4731
2200300312.5,-29.48036
2200300468.75,-29.47927
2200300625.0,-29.47892
2200300781.25,-29.48277
2200300937.5,-29.47921
2200301093.75,-29.4815
2200301250.0,-29.48089
2200301406.25,-29.47871
2200301562.5,-29.48246
2200301718.75,-29.48257
2200301875.0,-29.48207
2200302031.25,-29.4852
2200302187.5,-29.48355
2200302343.75,-29.48449
2200302500.0,-29.485
2200302656.25,-29.48939
2200302812.5,-29.48795
2200302968.75,-29.4876
2200303125.0,-29.49052
2200303281.25,-29.48759
2200303437.5,-29.48713
2200303593.75,-29.49435
2200303750.0,-29.4933
2200303906.25,-29.48845
2200304062.5,-29.49533
2200304218.75,-29.49613
2200304375.0,-29.49396
2200304531.25,-29.49621
2200304687.5,-29.49577
2200304843.75,-29.49829
2200305000.0,-29.49865
2200305156.25,-29.49973
2200305312.5,-29.49719
2200305468.75,-29.50057
2200305625.0,-29.50216
2200305781.25,-29.50115
2200305937.5,-29.5043
2200306093.75,-29.49987
2200306250.0,-29.5018
2200306406.25,-29.50502
2200306562.5,-29.50326
2200306718.75,-29.5046
2200306875.0,-29.50342
2200307031.25,-29.50154
2200307187.5,-29.50223
2200307343.75,-29.51104
2200307500.0,-29.5054
2200307656.25,-29.50829
2200307812.5,-29.51183
2200307968.75,-29.51259
2200308125.0,-29.51036
2200308281.25,-29.5114
2200308437.5,-29.51051
2200308593.75,-29.51077
2200308750.0,-29.51394
2200308906.25,-29.51529
2200309062.5,-29.50909
2200309218.75,-29.51303
2200309375.0,-29.5176
2200309531.25,-29.50874
2200309687.5,-29.51488
2200309843.75,-29.51997
2200310000.0,-29.51793
2200310156.25,-29.51296
2200310312.5,-29.51575
2200310468.75,-29.51989
2200310625.0,-29.51815
2200310781.25,-29.52293
2200310937.5,-29.51946
2200311093.75,-29.51659
2200311250.0,-29.52191
2200311406.25,-29.51787
2200311562.5,-29.52358
2200311718.75,-29.52519
2200311875.0,-29.52493
2200312031.25,-29.52343
2200312187.5,-29.52764
2200312343.75,-29.52758
2200312500.0,-29.52945
2200312656.25,-29.52838
2200312812.5,-29.52762
2200312968.75,-29.53532
2200313125.0,-29.5305
2200313281.25,-29.53137
2200313437.5,-29.52916
2200313593.75,-29.53185
2200313750.0,-29.5376
2200313906.25,-29.53493
2200314062.5,-29.53269
2200314218.75,-29.53233
2200314375.0,-29.53523
2200314531.25,-29.53548
2200314687.5,-29.53613
2200314843.75,-29.53522
2200315000.0,-29.53439
2200315156.25,-29.54407
2200315312.5,-29.54095
2200315468.75,-29.53754
2200315625.0,-29.54057
2200315781.25,-29.54608
2200315937.5,-29.53922
2200316093.75,-29.54269
2200316250.0,-29.54296
2200316406.25,-29.53925
2200316562.5,-29.54675
2200316718.75,-29.54275
2200316875.0,-29.54662
2200317031.25,-29.54653
2200317187.5,-29.54312
2200317343.75,-29.54599
2200317500.0,-29.54811
2200317656.25,-29.55383
2200317812.5,-29.54586
2200317968.75,-29.55515
2200318125.0,-29.55051
2200318281.25,-29.55366
2200318437.5,-29.54685
2200318593.75,-29.55643
2200318750.0,-29.54715
2200318906.25,-29.55099
2200319062.5,-29.55397
2200319218.75,-29.55487
2200319375.0,-29.55206
2200319531.25,-29.55435
2200319687.5,-29.55636
2200319843.75,-29.55751
2200320000.0,-29.55736
2200320156.25,-29.55847
2200320312.5,-29.56106
2200320468.75,-29.5611
2200320625.0,-29.55729
2200320781.25,-29.56355
2200320937.5,-29.56114
2200321093.75,-29.5602
2200321250.0,-29.56429
2200321406.25,-29.56747
2200321562.5,-29.5655
2200321718.75,-29.56487
2200321875.0,-29.56968
2200322031.25,-29.56422
2200322187.5,-29.56343
2200322343.75,-29.57216
2200322500.0,-29.56717
2200322656.25,-29.56847
2200322812.5,-29.57015
2200322968.75,-29.57518
2200323125.0,-29.57225
2200323281.25,-29.56678
2200323437.5,-29.57142
2200323593.75,-29.57696
2200323750.0,-29.57441
2200323906.25,-29.57176
2200324062.5,-29.57735
2200324218.75,-29.57447
2200324375.0,-29.57685
2200324531.25,-29.57481
2200324687.5,-29.58057
2200324843.75,-29.57588
2200325000.0,-29.58224
2200325156.25,-29.58006
2200325312.5,-29.57821
2200325468.75,-29.58309
2200325625.0,-29.57697
2200325781.25,-29.58041
2200325937.5,-29.5814
2200326093.75,-29.58452
2200326250.0,-29.58414
2200326406.25,-29.58079
2200326562.5,-29.58282
2200326718.75,-29.58204
2200326875.0,-29.58701
2200327031.25,-29.5902
2200327187.5,-29.58142
2200327343.75,-29.59157
2200327500.0,-29.58856
2200327656.25,-29.59441
2200327812.5,-29.58848
2200327968.75,-29.59091
2200328125.0,-29.58881
2200328281.25,-29.59146
2200328437.5,-29.59319
2200328593.75,-29.59129
2200328750.0,-29.59657
2200328906.25,-29.59781
2200329062.5,-29.5955
2200329218.75,-29.59068
2200329375.0,-29.59847
2200329531.25,-29.60104
2200329687.5,-29.59115
2200329843.75,-29.59652
2200330000.0,-29.60173
2200330156.25,-29.6003
2200330312.5,-29.60681
2200330468.75,-29.60171
2200330625.0,-29.60711
2200330781.25,-29.603
2200330937.5,-29.59666
2200331093.75,-29.61077
2200331250.0,-29.60157
2200331406.25,-29.60471
2200331562.5,-29.60992
2200331718.75,-29.60876
2200331875.0,-29.6113
2200332031.25,-29.6092
2200332187.5,-29.61368
2200332343.75,-29.60933
2200332500.0,-29.60893
2200332656.25,-29.60961
2200332812.5,-29.61005
2200332968.75,-29.61427
2200333125.0,-29.6187
2200333281.25,-29.60529
2200333437.5,-29.61503
2200333593.75,-29.61103
2200333750.0,-29.61479
2200333906.25,-29.61184
2200334062.5,-29.61884
2200334218.75,-29.61591
2200334375.0,-29.6156
2200334531.25,-29.61907
2200334687.5,-29.61998
2200334843.75,-29.61774
2200335000.0,-29.62148
2200335156.25,-29.62052
2200335312.5,-29.62084
2200335468.75,-29.61949
2200335625.0,-29.62163
2200335781.25,-29.62047
2200335937.5,-29.62531
2200336093.75,-29.62519
2200336250.0,-29.62294
2200336406.25,-29.62633
2200336562.5,-29.62647
2200336718.75,-29.62615
2200336875.0,-29.6319
2200337031.25,-29.63003
2200337187.5,-29.6265
2200337343.75,-29.63238
2200337500.0,-29.62725
2200337656.25,-29.62927
2200337812.5,-29.63372
2200337968.75,-29.63205
2200338125.0,-29.63161
2200338281.25,-29.63242
2200338437.5,-29.63473
2200338593.75,-29.6314
2200338750.0,-29.62961
2200338906.25,-29.64041
2200339062.5,-29.63286
2200339218.75,-29.64182
2200339375.0,-29.63904
2200339531.25,-29.63754
2200339687.5,-29.63798
2200339843.75,-29.63787
2200340000.0,-29.64069
2200340156.25,-29.6384
2200340312.5,-29.63588
2200340468.75,-29.64532
2200340625.0,-29.64281
2200340781.25,-29.64355
2200340937.5,-29.64104
2200341093.75,-29.64656
2200341250.0,-29.64547
2200341406.25,-29.64682
2200341562.5,-29.64739
2200341718.75,-29.64992
2200341875.0,-29.64937
2200342031.25,-29.6463
2200342187.5,-29.65287
2200342343.75,-29.64685
2200342500.0,-29.65028
2200342656.25,-29.64551
2200342812.5,-29.65376
2200342968.75,-29.65325
2200343125.0,-29.65464
2200343281.25,-29.65101
2200343437.5,-29.6536
2200343593.75,-29.65551
2200343750.0,-29.65627
2200343906.25,-29.6532
2200344062.5,-29.65799
2200344218.75,-29.65799
2200344375.0,-29.65733
2200344531.25,-29.65664
2200344687.5,-29.65806
2200344843.75,-29.66209
2200345000.0,-29.66227
2200345156.25,-29.65695
2200345312.5,-29.6671
2200345468.75,-29.66463
2200345625.0,-29.66078
2200345781.25,-29.65966
2200345937.5,-29.66883
2200346093.75,-29.66251
2200346250.0,-29.66479
2200346406.25,-29.6669
2200346562.5,-29.6641
2200346718.75,-29.6705
2200346875.0,-29.66703
2200347031.25,-29.66445
2200347187.5,-29.66744
2200347343.75,-29.67173
2200347500.0,-29.66789
2200347656.25,-29.67485
2200347812.5,-29.67405
2200347968.75,-29.67106
2200348125.0,-29.67261
2200348281.25,-29.6777
2200348437.5,-29.67392
2200348593.75,-29.67419
2200348750.0,-29.67267
2200348906.25,-29.6777
2200349062.5,-29.67563
2200349218.75,-29.67422
2200349375.0,-29.67646
2200349531.25,-29.68149
2200349687.5,-29.6809
2200349843.75,-29.68248
2200350000.0,-29.68245
2200350156.25,-29.68368
2200350312.5,-29.68347
2200350468.75,-29.6813
2200350625.0,-29.6852
2200350781.25,-29.68664
2200350937.5,-29.68742
2200351093.75,-29.6862
2200351250.0,-29.68413
2200351406.25,-29.68842
2200351562.5,-29.69247
2200351718.75,-29.68078
2200351875.0,-29.68655
2200352031.25,-29.68742
2200352187.5,-29.68587
2200352343.75,-29.68848
2200352500.0,-29.69216
2200352656.25,-29.69042
2200352812.5,-29.69278
2200352968.75,-29.69269
2200353125.0,-29.69103
2200353281.25,-29.69349
2200353437.5,-29.6967
2200353593.75,-29.69646
2200353750.0,-29.69066
2200353906.25,-29.69612
2200354062.5,-29.70202
2200354218.75,-29.69966
2200354375.0,-29.69441
2200354531.25,-29.69473
2200354687.5,-29.70237
2200354843.75,-29.69869
2200355000.0,-29.70416
2200355156.25,-29.70618
2200355312.5,-29.70132
2200355468.75,-29.7023
2200355625.0,-29.70489
2200355781.25,-29.70433
2200355937.5,-29.70708
2200356093.75,-29.70615
2200356250.0,-29.70785
2200356406.25,-29.70467
2200356562.5,-29.70707
2200356718.75,-29.71033
2200356875.0,-29.70858
2200357031.25,-29.70972
2200357187.5,-29.71185
2200357343.75,-29.70937
2200357500.0,-29.71218
2200357656.25,-29.71123
2200357812.5,-29.70768
2200357968.75,-29.71302
2200358125.0,-29.71132
2200358281.25,-29.71652
2200358437.5,-29.7182
2200358593.75,-29.71451
2200358750.0,-29.71848
2200358906.25,-29.71714
2200359062.5,-29.72165
2200359218.75,-29.71708
2200359375.0,-29.71945
2200359531.25,-29.71984
2200359687.5,-29.7255
2200359843.75,-29.72057
2200360000.0,-29.72047
2200360156.25,-29.72241
2200360312.5,-29.7231
2200360468.75,-29.72197
2200360625.0,-29.72599
2200360781.25,-29.72891
2200360937.5,-29.723
2200361093.75,-29.72728
2200361250.0,-29.72213
2200361406.25,-29.72616
2200361562.5,-29.7271
2200361718.75,-29.73098
2200361875.0,-29.72816
2200362031.25,-29.7279
2200362187.5,-29.72284
2200362343.75,-29.7239
2200362500.0,-29.72967
2200362656.25,-29.72894
2200362812.5,-29.73039
2200362968.75,-29.73068
2200363125.0,-29.73931
2200363281.25,-29.72851
2200363437.5,-29.73452
2200363593.75,-29.7365
2200363750.0,-29.73895
2200363906.25,-29.73981
2200364062.5,-29.73846
2200364218.75,-29.7338
2200364375.0,-29.73553
2200364531.25,-29.73975
2200364687.5,-29.73467
2200364843.75,-29.74066
2200365000.0,-29.74133
2200365156.25,-29.73873
2200365312.5,-29.74102
2200365468.75,-29.7415
2200365625.0,-29.74282
2200365781.25,-29.74449
2200365937.5,-29.74506
2200366093.75,-29.74846
2200366250.0,-29.74359
2200366406.25,-29.74558
2200366562.5,-29.74757
2200366718.75,-29.75071
2200366875.0,-29.74825
2200367031.25,-29.75231
2200367187.5,-29.75085
2200367343.75,-29.75034
2200367500.0,-29.75062
2200367656.25,-29.75362
2200367812.5,-29.75163
2200367968.75,-29.75327
2200368125.0,-29.75515
2200368281.25,-29.75588
2200368437.5,-29.75677
2200368593.75,-29.76038
2200368750.0,-29.75703
2200368906.25,-29.75901
2200369062.5,-29.75534
2200369218.75,-29.76023
2200369375.0,-29.75906
2200369531.25,-29.76061
2200369687.5,-29.75835
2200369843.75,-29.76069
2200370000.0,-29.76212
2200370156.25,-29.76207
2200370312.5,-29.76637
2200370468.75,-29.76385
2200370625.0,-29.76284
2200370781.25,-29.76427
2200370937.5,-29.76291
2200371093.75,-29.76252
2200371250.0,-29.7673
2200371406.25,-29.76878
2200371562.5,-29.76815
2200371718.75,-29.76885
2200371875.0,-29.76693
2200372031.25,-29.77055
2200372187.5,-29.77223
2200372343.75,-29.76876
2200372500.0,-29.77125
2200372656.25,-29.76879
2200372812.5,-29.77227
2200372968.75,-29.77211
2200373125.0,-29.77304
2200373281.25,-29.77693
2200373437.5,-29.77241
2200373593.75,-29.77814
2200373750.0,-29.7744
2200373906.25,-29.77863
2200374062.5,-29.77307
2200374218.75,-29.77776
2200374375.0,-29.77482
2200374531.25,-29.78311
2200374687.5,-29.78114
2200374843.75,-29.77958
2200375000.0,-29.77984
2200375156.25,-29.77939
2200375312.5,-29.78172
2200375468.75,-29.78101
2200375625.0,-29.78175
2200375781.25,-29.78096
2200375937.5,-29.78276
2200376093.75,-29.78507
2200376250.0,-29.78233
2200376406.25,-29.78858
2200376562.5,-29.79043
2200376718.75,-29.79069
2200376875.0,-29.78925
2200377031.25,-29.78938
2200377187.5,-29.79203
2200377343.75,-29.78832
2200377500.0,-29.7955
2200377656.25,-29.79114
2200377812.5,-29.79141
2200377968.75,-29.79421
2200378125.0,-29.79512
2200378281.25,-29.79641
2200378437.5,-29.79498
2200378593.75,-29.79572
2200378750.0,-29.79265
2200378906.25,-29.79483
2200379062.5,-29.79829
2200379218.75,-29.79711
2200379375.0,-29.79894
2200379531.25,-29.79894
2200379687.5,-29.79822
2200379843.75,-29.7991
2200380000.0,-29.80389
2200380156.25,-29.80201
2200380312.5,-29.80078
2200380468.75,-29.80539
2200380625.0,-29.80703
2200380781.25,-29.80623
2200380937.5,-29.80791
2200381093.75,-29.80369
2200381250.0,-29.80234
2200381406.25,-29.80853
2200381562.5,-29.80844
2200381718.75,-29.80805
2200381875.0,-29.81062
2200382031.25,-29.80987
2200382187.5,-29.80716
2200382343.75,-29.81412
2200382500.0,-29.80994
2200382656.25,-29.81265
2200382812.5,-29.81232
2200382968.75,-29.8105
2200383125.0,-29.80951
2200383281.25,-29.81537
2200383437.5,-29.81246
2200383593.75,-29.81333
2200383750.0,-29.81431
2200383906.25,-29.81747
2200384062.5,-29.81662
2200384218.75,-29.81579
2200384375.0,-29.81956
2200384531.25,-29.81668
2200384687.5,-29.82111
2200384843.75,-29.81993
2200385000.0,-29.8217
2200385156.25,-29.81698
2200385312.5,-29.8204
2200385468.75,-29.8243
2200385625.0,-29.82038
2200385781.25,-29.82152
2200385937.5,-29.82655
2200386093.75,-29.82536
2200386250.0,-29.82693
2200386406.25,-29.8241
2200386562.5,-29.82026
2200386718.75,-29.82842
2200386875.0,-29.82648
2200387031.25,-29.82795
2200387187.5,-29.82732
2200387343.75,-29.83171
2200387500.0,-29.83431
2200387656.25,-29.83098
2200387812.5,-29.83188
2200387968.75,-29.83418
2200388125.0,-29.83418
2200388281.25,-29.83434
2200388437.5,-29.83503
2200388593.75,-29.8351
2200388750.0,-29.83844
2200388906.25,-29.83393
2200389062.5,-29.83862
2200389218.75,-29.83278
2200389375.0,-29.83991
2200389531.25,-29.84008
2200389687.5,-29.83605
2200389843.75,-29.84235
2200390000.0,-29.84294
2200390156.25,-29.83912
2200390312.5,-29.84282
2200390468.75,-29.84194
2200390625.0,-29.83999
2200390781.25,-29.8411
2200390937.5,-29.84273
2200391093.75,-29.84343
2200391250.0,-29.8437
2200391406.25,-29.8474
2200391562.5,-29.84522
2200391718.75,-29.84539
2200391875.0,-29.84784
2200392031.25,-29.84697
2200392187.5,-29.85161
2200392343.75,-29.8461
2200392500.0,-29.84832
2200392656.25,-29.85086
2200392812.5,-29.85067
2200392968.75,-29.85331
2200393125.0,-29.85233
2200393281.25,-29.85045
2200393437.5,-29.85298
2200393593.75,-29.85823
2200393750.0,-29.86006
2200393906.25,-29.8617
2200394062.5,-29.85765
2200394218.75,-29.86129
2200394375.0,-29.85712
2200394531.25,-29.85782
2200394687.5,-29.85868
2200394843.75,-29.86215
2200395000.0,-29.8587
2200395156.25,-29.86279
2200395312.5,-29.85522
2200395468.75,-29.85638
2200395625.0,-29.86399
2200395781.25,-29.85709
2200395937.5,-29.85943
2200396093.75,-29.86132
2200396250.0,-29.86432
2200396406.25,-29.86535
2200396562.5,-29.86793
2200396718.75,-29.86635
2200396875.0,-29.8646
2200397031.25,-29.86965
2200397187.5,-29.86569
2200397343.75,-29.86516
2200397500.0,-29.87171
2200397656.25,-29.87114
2200397812.5,-29.87104
2200397968.75,-29.86958
2200398125.0,-29.86962
2200398281.25,-29.87492
2200398437.5,-29.87863
2200398593.75,-29.87078
2200398750.0,-29.87219
2200398906.25,-29.87152
2200399062.5,-29.87715
2200399218.75,-29.8792
2200399375.0,-29.88537
2200399531.25,-29.87823
2200399687.5,-29.87878
2200399843.75,-29.88269
2200400000.0,-29.87583
2200400156.25,-29.88379
2200400312.5,-29.87826
2200400468.75,-29.88197
2200400625.0,-29.88075
2200400781.25,-29.8794
2200400937.5,-29.88327
2200401093.75,-29.88207
2200401250.0,-29.88224
2200401406.25,-29.88824
2200401562.5,-29.88929
2200401718.75,-29.88355
2200401875.0,-29.88903
2200402031.25,-29.89414
2200402187.5,-29.88729
2200402343.75,-29.88363
2200402500.0,-29.89664
2200402656.25,-29.89534
2200402812.5,-29.88936
2200402968.75,-29.88838
2200403125.0,-29.89407
2200403281.25,-29.89087
2200403437.5,-29.89892
2200403593.75,-29.88792
2200403750.0,-29.89942
2200403906.25,-29.90065
2200404062.5,-29.89801
2200404218.75,-29.89687
2200404375.0,-29.89263
2200404531.25,-29.89563
2200404687.5,-29.89929
2200404843.75,-29.90446
2200405000.0,-29.89702
2200405156.25,-29.90268
2200405312.5,-29.89995
2200405468.75,-29.89807
2200405625.0,-29.89839
2200405781.25,-29.90375
2200405937.5,-29.8988
2200406093.75,-29.90584
2200406250.0,-29.9057
2200406406.25,-29.906
2200406562.5,-29.90408
2200406718.75,-29.90788
2200406875.0,-29.90619
2200407031.25,-29.90863
2200407187.5,-29.91031
2200407343.75,-29.90643
2200407500.0,-29.90811
2200407656.25,-29.91049
2200407812.5,-29.91107
2200407968.75,-29.90821
2200408125.0,-29.91322
2200408281.25,-29.90918
2200408437.5,-29.91637
2200408593.75,-29.91352
2200408750.0,-29.91506
2200408906.25,-29.91847
2200409062.5,-29.91604
2200409218.75,-29.91714
2200409375.0,-29.91256
2200409531.25,-29.91906
2200409687.5,-29.91596
2200409843.75,-29.92411
2200410000.0,-29.91806
2200410156.25,-29.92004
2200410312.5,-29.92451
2200410468.75,-29.92466
2200410625.0,-29.91918
2200410781.25,-29.92158
2200410937.5,-29.92372
2200411093.75,-29.92734
2200411250.0,-29.9223
2200411406.25,-29.92769
2200411562.5,-29.92173
2200411718.75,-29.92729
2200411875.0,-29.93287
2200412031.25,-29.93007
2200412187.5,-29.92675
2200412343.75,-29.93268
2200412500.0,-29.92801
2200412656.25,-29.9345
2200412812.5,-29.93027
2200412968.75,-29.93773
2200413125.0,-29.92785
2200413281.25,-29.93119
2200413437.5,-29.93129
2200413593.75,-29.9332
2200413750.0,-29.93402
2200413906.25,-29.93263
2200414062.5,-29.93742
2200414218.75,-29.93879
2200414375.0,-29.93952
2200414531.25,-29.94076
2200414687.5,-29.94048
2200414843.75,-29.93948
2200415000.0,-29.93451
2200415156.25,-29.93389
2200415312.5,-29.9388
2200415468.75,-29.94123
2200415625.0,-29.94495
2200415781.25,-29.9432
2200415937.5,-29.93843
2200416093.75,-29.93875
2200416250.0,-29.94771
2200416406.25,-29.94611
2200416562.5,-29.9441
2200416718.75,-29.95024
2200416875.0,-29.94423
2200417031.25,-29.94404
2200417187.5,-29.94911
2200417343.75,-29.94798
2200417500.0,-29.95127
2200417656.25,-29.94689
2200417812.5,-29.94681
2200417968.75,-29.95243
2200418125.0,-29.94799
2200418281.25,-29.95324
2200418437.5,-29.95367
2200418593.75,-29.95209
2200418750.0,-29.9583
2200418906.25,-29.95052
2200419062.5,-29.95144
2200419218.75,-29.95509
2200419375.0,-29.95628
2200419531.25,-29.95591
2200419687.5,-29.95268
2200419843.75,-29.9638
2200420000.0,-29.95915
2200420156.25,-29.95932
2200420312.5,-29.95646
2200420468.75,-29.95595
2200420625.0,-29.95992
2200420781.25,-29.95998
2200420937.5,-29.96271
2200421093.75,-29.96498
2200421250.0,-29.95934
2200421406.25,-29.96399
2200421562.5,-29.96721
2200421718.75,-29.96487
2200421875.0,-29.96676
2200422031.25,-29.96008
2200422187.5,-29.96442
2200422343.75,-29.96727
2200422500.0,-29.96371
2200422656.25,-29.96618
2200422812.5,-29.97106
2200422968.75,-29.97098
2200423125.0,-29.96608
2200423281.25,-29.96706
2200423437.5,-29.97136
2200423593.75,-29.97483
2200423750.0,-29.97487
2200423906.25,-29.97551
2200424062.5,-29.97884
2200424218.75,-29.97485
2200424375.0,-29.97965
2200424531.25,-29.97637
2200424687.5,-29.97781
2200424843.75,-29.98287
2200425000.0,-29.97327
2200425156.25,-29.97582
2200425312.5,-29.98147
2200425468.75,-29.98078
2200425625.0,-29.98497
2200425781.25,-29.98182
2200425937.5,-29.98311
2200426093.75,-29.97694
2200426250.0,-29.98055
2200426406.25,-29.98325
2200426562.5,-29.98475
2200426718.75,-29.9855
2200426875.0,-29.988
2200427031.25,-29.98283
2200427187.5,-29.98774
2200427343.75,-29.99039
2200427500.0,-29.98989
2200427656.25,-29.99081
2200427812.5,-29.98722
2200427968.75,-29.99044
2200428125.0,-29.98754
2200428281.25,-29.98921
2200428437.5,-29.98267
2200428593.75,-29.9946
2200428750.0,-29.98827
2200428906.25,-29.99654
2200429062.5,-29.99619
2200429218.75,-29.99887
2200429375.0,-30.00108
2200429531.25,-29.99555
2200429687.5,-29.99349
2200429843.75,-29.99727
2200430000.0,-29.99987
2200430156.25,-30.00132
2200430312.5,-29.99779
2200430468.75,-30.00324
2200430625.0,-30.00139
2200430781.25,-30.00107
2200430937.5,-29.99993
2200431093.75,-30.00361
2200431250.0,-30.00624
2200431406.25,-30.00375
2200431562.5,-29.99418
2200431718.75,-30.00692
2200431875.0,-30.00301
2200432031.25,-30.0057
2200432187.5,-30.0054
2200432343.75,-30.00441
2200432500.0,-30.00667
2200432656.25,-30.00884
2200432812.5,-30.01611
2200432968.75,-30.00792
2200433125.0,-30.00663
2200433281.25,-30.00913
2200433437.5,-30.01432
2200433593.75,-30.01171
2200433750.0,-30.01
2200433906.25,-30.01004
2200434062.5,-30.02018
2200434218.75,-30.01829
2200434375.0,-30.01797
2200434531.25,-30.01811
2200434687.5,-30.01638
2200434843.75,-30.01093
2200435000.0,-30.01885
2200435156.25,-30.01748
2200435312.5,-30.01837
2200435468.75,-30.01517
2200435625.0,-30.01595
2200435781.25,-30.02063
2200435937.5,-30.02279
2200436093.75,-30.02231
2200436250.0,-30.02141
2200436406.25,-30.02157
2200436562.5,-30.02097
2200436718.75,-30.02139
2200436875.0,-30.02609
2200437031.25,-30.01989
2200437187.5,-30.02557
2200437343.75,-30.02557
2200437500.0,-30.02442
2200437656.25,-30.02662
2200437812.5,-30.02805
2200437968.75,-30.02617
2200438125.0,-30.02995
2200438281.25,-30.03128
2200438437.5,-30.03276
2200438593.75,-30.03063
2200438750.0,-30.03079
2200438906.25,-30.03087
2200439062.5,-30.03003
2200439218.75,-30.02862
2200439375.0,-30.03704
2200439531.25,-30.03304
2200439687.5,-30.0326
2200439843.75,-30.03898
2200440000.0,-30.03358
2200440156.25,-30.03491
2200440312.5,-30.0341
2200440468.75,-30.04112
2200440625.0,-30.04208
2200440781.25,-30.0378
2200440937.5,-30.03827
2200441093.75,-30.04379
2200441250.0,-30.03726
2200441406.25,-30.04239
2200441562.5,-30.04259
2200441718.75,-30.04319
2200441875.0,-30.04373
2200442031.25,-30.04111
2200442187.5,-30.04142
2200442343.75,-30.04543
2200442500.0,-30.04394
2200442656.25,-30.04585
2200442812.5,-30.04522
2200442968.75,-30.05033
2200443125.0,-30.04735
2200443281.25,-30.04712
2200443437.5,-30.04531
2200443593.75,-30.04502
2200443750.0,-30.05323
2200443906.25,-30.057
2200444062.5,-30.0501
2200444218.75,-30.05527
2200444375.0,-30.05142
2200444531.25,-30.05367
2200444687.5,-30.05429
2200444843.75,-30.05198
2200445000.0,-30.0517
2200445156.25,-30.05203
2200445312.5,-30.05488
2200445468.75,-30.06071
2200445625.0,-30.0606
2200445781.25,-30.05725
2200445937.5,-30.06175
2200446093.75,-30.06253
2200446250.0,-30.05741
2200446406.25,-30.06079
2200446562.5,-30.0596
2200446718.75,-30.06474
2200446875.0,-30.06631
2200447031.25,-30.06679
2200447187.5,-30.06113
2200447343.75,-30.06829
2200447500.0,-30.06893
2200447656.25,-30.0707
2200447812.5,-30.06372
2200447968.75,-30.07136
2200448125.0,-30.07063
2200448281.25,-30.06746
2200448437.5,-30.07006
2200448593.75,-30.0666
2200448750.0,-30.06633
2200448906.25,-30.07013
2200449062.5,-30.07231
2200449218.75,-30.06904
2200449375.0,-30.07462
2200449531.25,-30.07726
2200449687.5,-30.07126
2200449843.75,-30.07083
2200450000.0,-30.07405
2200450156.25,-30.07455
2200450312.5,-30.07853
2200450468.75,-30.07884
2200450625.0,-30.08186
2200450781.25,-30.07013
2200450937.5,-30.07946
2200451093.75,-30.08611
2200451250.0,-30.07742
2200451406.25,-30.07916
2200451562.5,-30.08748
2200451718.75,-30.08482
2200451875.0,-30.08002
2200452031.25,-30.08755
2200452187.5,-30.08255
2200452343.75,-30.07971
2200452500.0,-30.08517
2200452656.25,-30.08622
2200452812.5,-30.0852
2200452968.75,-30.08302
2200453125.0,-30.0852
2200453281.25,-30.08966
2200453437.5,-30.09081
2200453593.75,-30.09031
2200453750.0,-30.09188
2200453906.25,-30.09301
2200454062.5,-30.09307
2200454218.75,-30.09302
2200454375.0,-30.09103
2200454531.25,-30.09226
2200454687.5,-30.09237
2200454843.75,-30.09442
2200455000.0,-30.09113
2200455156.25,-30.09488
2200455312.5,-30.09056
2200455468.75,-30.09984
2200455625.0,-30.09765
2200455781.25,-30.0937
2200455937.5,-30.09658
2200456093.75,-30.09543
2200456250.0,-30.10095
2200456406.25,-30.09939
2200456562.5,-30.10354
2200456718.75,-30.10026
2200456875.0,-30.10015
2200457031.25,-30.10289
2200457187.5,-30.10475
2200457343.75,-30.09982
2200457500.0,-30.10146
2200457656.25,-30.11059
2200457812.5,-30.1048
2200457968.75,-30.10064
2200458125.0,-30.10727
2200458281.25,-30.10313
2200458437.5,-30.10839
2200458593.75,-30.10976
2200458750.0,-30.11276
2200458906.25,-30.10616
2200459062.5,-30.1083
2200459218.75,-30.10851
2200459375.0,-30.11128
2200459531.25,-30.10633
2200459687.5,-30.11063
2200459843.75,-30.11436
2200460000.0,-30.11134
2200460156.25,-30.11868
2200460312.5,-30.1176
2200460468.75,-30.11493
2200460625.0,-30.12111
2200460781.25,-30.1192
2200460937.5,-30.11656
2200461093.75,-30.11985
2200461250.0,-30.11987
2200461406.25,-30.11809
2200461562.5,-30.12346
2200461718.75,-30.11796
2200461875.0,-30.12321
2200462031.25,-30.11956
2200462187.5,-30.11858
2200462343.75,-30.12317
2200462500.0,-30.12326
2200462656.25,-30.1281
2200462812.5,-30.12707
2200462968.75,-30.12062
2200463125.0,-30.12175
2200463281.25,-30.12738
2200463437.5,-30.1241
2200463593.75,-30.12812
2200463750.0,-30.12972
2200463906.25,-30.12594
2200464062.5,-30.13258
2200464218.75,-30.12713
2200464375.0,-30.13227
2200464531.25,-30.1288
2200464687.5,-30.13215
2200464843.75,-30.13674
2200465000.0,-30.13671
2200465156.25,-30.13854
2200465312.5,-30.13478
2200465468.75,-30.13184
2200465625.0,-30.13383
2200465781.25,-30.13572
2200465937.5,-30.13907
2200466093.75,-30.13604
2200466250.0,-30.13727
2200466406.25,-30.1343
2200466562.5,-30.13825
2200466718.75,-30.14145
2200466875.0,-30.13722
2200467031.25,-30.14393
2200467187.5,-30.14525
2200467343.75,-30.14207
2200467500.0,-30.14305
2200467656.25,-30.14237
2200467812.5,-30.14296
2200467968.75,-30.1441
2200468125.0,-30.14077
2200468281.25,-30.14524
2200468437.5,-30.14228
2200468593.75,-30.14342
2200468750.0,-30.14301
2200468906.25,-30.14549
2200469062.5,-30.1483
2200469218.75,-30.15049
2200469375.0,-30.15123
2200469531.25,-30.14929
2200469687.5,-30.1525
2200469843.75,-30.15249
2200470000.0,-30.14726
2200470156.25,-30.15392
2200470312.5,-30.15025
2200470468.75,-30.15428
2200470625.0,-30.1558
2200470781.25,-30.15987
2200470937.5,-30.15664
2200471093.75,-30.15502
2200471250.0,-30.1602
2200471406.25,-30.15546
2200471562.5,-30.15554
2200471718.75,-30.15508
2200471875.0,-30.16101
2200472031.25,-30.16039
2200472187.5,-30.15916
2200472343.75,-30.16282
2200472500.0,-30.16275
2200472656.25,-30.16619
2200472812.5,-30.16264
2200472968.75,-30.16066
2200473125.0,-30.16559
2200473281.25,-30.16981
2200473437.5,-30.16079
2200473593.75,-30.16687
2200473750.0,-30.16714
2200473906.25,-30.16702
2200474062.5,-30.16276
2200474218.75,-30.16442
2200474375.0,-30.16753
2200474531.25,-30.16785
2200474687.5,-30.1721
2200474843.75,-30.17283
2200475000.0,-30.16891
2200475156.25,-30.16876
2200475312.5,-30.17434
2200475468.75,-30.17283
2200475625.0,-30.16925
2200475781.25,-30.1722
2200475937.5,-30.17698
2200476093.75,-30.17404
2200476250.0,-30.17331
2200476406.25,-30.17684
2200476562.5,-30.17457
2200476718.75,-30.17684
2200476875.0,-30.17763
2200477031.25,-30.17665
2200477187.5,-30.17621
2200477343.75,-30.17897
2200477500.0,-30.18141
2200477656.25,-30.18218
2200477812.5,-30.18385
2200477968.75,-30.18466
2200478125.0,-30.18359
2200478281.25,-30.18218
2200478437.5,-30.18565
2200478593.75,-30.18347
2200478750.0,-30.18636
2200478906.25,-30.18479
2200479062.5,-30.1845
2200479218.75,-30.18316
2200479375.0,-30.18612
2200479531.25,-30.18616
2200479687.5,-30.18559
2200479843.75,-30.18952
2200480000.0,-30.19035
2200480156.25,-30.19427
2200480312.5,-30.1877
2200480468.75,-30.18915
2200480625.0,-30.19251
2200480781.25,-30.19486
2200480937.5,-30.19205
2200481093.75,-30.19382
2200481250.0,-30.19229
2200481406.25,-30.19442
2200481562.5,-30.19764
2200481718.75,-30.19299
2200481875.0,-30.19846
2200482031.25,-30.19777
2200482187.5,-30.19184
2200482343.75,-30.19952
2200482500.0,-30.19989
2200482656.25,-30.19941
2200482812.5,-30.19752
2200482968.75,-30.2021
2200483125.0,-30.20249
2200483281.25,-30.19964
2200483437.5,-30.205
2200483593.75,-30.20233
2200483750.0,-30.20428
2200483906.25,-30.20682
2200484062.5,-30.20806
2200484218.75,-30.19939
2200484375.0,-30.20756
2200484531.25,-30.20709
2200484687.5,-30.20775
2200484843.75,-30.21063
2200485000.0,-30.21387
2200485156.25,-30.20894
2200485312.5,-30.21086
2200485468.75,-30.20899
2200485625.0,-30.21257
2200485781.25,-30.21375
2200485937.5,-30.21093
2200486093.75,-30.21392
2200486250.0,-30.21335
2200486406.25,-30.20952
2200486562.5,-30.21147
2200486718.75,-30.21762
2200486875.0,-30.21688
2200487031.25,-30.21844
2200487187.5,-30.2222
2200487343.75,-30.21851
2200487500.0,-30.21665
2200487656.25,-30.22363
2200487812.5,-30.21736
2200487968.75,-30.21688
2200488125.0,-30.22539
2200488281.25,-30.2231
2200488437.5,-30.22573
2200488593.75,-30.22634
2200488750.0,-30.22552
2200488906.25,-30.22186
2200489062.5,-30.22264
2200489218.75,-30.22662
2200489375.0,-30.22507
2200489531.25,-30.22625
2200489687.5,-30.2221
2200489843.75,-30.22881
2200490000.0,-30.2269
2200490156.25,-30.23209
2200490312.5,-30.23018
2200490468.75,-30.22276
2200490625.0,-30.22605
2200490781.25,-30.23184
2200490937.5,-30.23001
2200491093.75,-30.23231
2200491250.0,-30.23271
2200491406.25,-30.23567
2200491562.5,-30.22959
2200491718.75,-30.23666
2200491875.0,-30.23781
2200492031.25,-30.23345
2200492187.5,-30.23518
2200492343.75,-30.23725
2200492500.0,-30.24586
2200492656.25,-30.2372
2200492812.5,-30.24011
2200492968.75,-30.24088
2200493125.0,-30.23853
2200493281.25,-30.24445
2200493437.5,-30.23791
2200493593.75,-30.24239
2200493750.0,-30.24445
2200493906.25,-30.24462
2200494062.5,-30.24499
2200494218.75,-30.24531
2200494375.0,-30.24782
2200494531.25,-30.245
2200494687.5,-30.24563
2200494843.75,-30.24144
2200495000.0,-30.24594
2200495156.25,-30.24533
2200495312.5,-30.2481
2200495468.75,-30.24542
2200495625.0,-30.24767
2200495781.25,-30.25077
2200495937.5,-30.25079
2200496093.75,-30.25226
2200496250.0,-30.25129
2200496406.25,-30.25269
2200496562.5,-30.24946
2200496718.75,-30.25526
2200496875.0,-30.25075
2200497031.25,-30.25667
2200497187.5,-30.2578
2200497343.75,-30.25525
2200497500.0,-30.25908
2200497656.25,-30.25958
2200497812.5,-30.25898
2200497968.75,-30.25721
2200498125.0,-30.26114
2200498281.25,-30.25682
2200498437.5,-30.26183
2200498593.75,-30.25852
2200498750.0,-30.25965
2200498906.25,-30.26337
2200499062.5,-30.26182
2200499218.75,-30.26701
2200499375.0,-30.26631
2200499531.25,-30.26843
2200499687.5,-30.26029
2200499843.75,-30.26559
2200500000.0,-30.26847
2200500156.25,-30.26587
2200500312.5,-30.26546
2200500468.75,-30.26678
2200500625.0,-30.26778
2200500781.25,-30.26772
2200500937.5,-30.27406
2200501093.75,-30.26406
2200501250.0,-30.26919
2200501406.25,-30.27283
2200501562.5,-30.26694
2200501718.75,-30.2753
2200501875.0,-30.27377
2200502031.25,-30.27682
2200502187.5,-30.27361
2200502343.75,-30.27315
2200502500.0,-30.2707
2200502656.25,-30.27426
2200502812.5,-30.27608
2200502968.75,-30.27191
2200503125.0,-30.2801
2200503281.25,-30.27759
2200503437.5,-30.2798
2200503593.75,-30.27888
2200503750.0,-30.27203
2200503906.25,-30.277
2200504062.5,-30.28491
2200504218.75,-30.28534
2200504375.0,-30.28603
2200504531.25,-30.28463
2200504687.5,-30.28653
2200504843.75,-30.28404
2200505000.0,-30.28652
2200505156.25,-30.28548
2200505312.5,-30.28287
2200505468.75,-30.28801
2200505625.0,-30.29117
2200505781.25,-30.28752
2200505937.5,-30.29055
2200506093.75,-30.28961
2200506250.0,-30.28654
2200506406.25,-30.29507
2200506562.5,-30.29191
2200506718.75,-30.28809
2200506875.0,-30.28943
2200507031.25,-30.29089
2200507187.5,-30.29652
2200507343.75,-30.29249
2200507500.0,-30.2991
2200507656.25,-30.29416
2200507812.5,-30.2969
2200507968.75,-30.29527
2200508125.0,-30.29397
2200508281.25,-30.29696
2200508437.5,-30.29781
2200508593.75,-30.29531
2200508750.0,-30.30092
2200508906.25,-30.30021
2200509062.5,-30.29939
2200509218.75,-30.29849
2200509375.0,-30.3026
2200509531.25,-30.29951
2200509687.5,-30.30155
2200509843.75,-30.30751
2200510000.0,-30.29555
2200510156.25,-30.30802
2200510312.5,-30.30876
2200510468.75,-30.30658
2200510625.0,-30.30509
2200510781.25,-30.30478
2200510937.5,-30.30659
2200511093.75,-30.312
2200511250.0,-30.30042
2200511406.25,-30.3057
2200511562.5,-30.31119
2200511718.75,-30.31396
2200511875.0,-30.30907
2200512031.25,-30.31187
2200512187.5,-30.31345
2200512343.75,-30.3116
2200512500.0,-30.31211
2200512656.25,-30.3128
2200512812.5,-30.31358
2200512968.75,-30.31318
2200513125.0,-30.31559
2200513281.25,-30.31255
2200513437.5,-30.31683
2200513593.75,-30.31584
2200513750.0,-30.31383
2200513906.25,-30.31403
2200514062.5,-30.31748
2200514218.75,-30.31588
2200514375.0,-30.31874
2200514531.25,-30.32034
2200514687.5,-30.32435
2200514843.75,-30.32641
2200515000.0,-30.32333
2200515156.25,-30.32379
2200515312.5,-30.31995
2200515468.75,-30.32072
2200515625.0,-30.32485
2200515781.25,-30.3279
2200515937.5,-30.3209
2200516093.75,-30.31892
2200516250.0,-30.32908
2200516406.25,-30.32632
2200516562.5,-30.32689
2200516718.75,-30.32836
2200516875.0,-30.32939
2200517031.25,-30.32777
2200517187.5,-30.3351
2200517343.75,-30.33113
2200517500.0,-30.32994
2200517656.25,-30.33646
2200517812.5,-30.33221
2200517968.75,-30.33277
2200518125.0,-30.33265
2200518281.25,-30.3339
2200518437.5,-30.3363
2200518593.75,-30.33683
2200518750.0,-30.33477
2200518906.25,-30.33978
2200519062.5,-30.33977
2200519218.75,-30.33885
2200519375.0,-30.34063
2200519531.25,-30.33955
2200519687.5,-30.33919
2200519843.75,-30.34279
2200520000.0,-30.33726
2200520156.25,-30.3439
2200520312.5,-30.34629
2200520468.75,-30.33871
2200520625.0,-30.34749
2200520781.25,-30.34378
2200520937.5,-30.34204
2200521093.75,-30.35299
2200521250.0,-30.34911
2200521406.25,-30.34953
2200521562.5,-30.34699
2200521718.75,-30.34354
2200521875.0,-30.3487
2200522031.25,-30.34854
2200522187.5,-30.34717
2200522343.75,-30.3502
2200522500.0,-30.35162
2200522656.25,-30.35349
2200522812.5,-30.34816
2200522968.75,-30.35362
2200523125.0,-30.35044
2200523281.25,-30.35103
2200523437.5,-30.35448
2200523593.75,-30.35535
2200523750.0,-30.35544
2200523906.25,-30.35369
2200524062.5,-30.35422
2200524218.75,-30.35625
2200524375.0,-30.35452
2200524531.25,-30.36068
2200524687.5,-30.35963
2200524843.75,-30.35701
2200525000.0,-30.35696
2200525156.25,-30.35681
2200525312.5,-30.35947
2200525468.75,-30.36881
2200525625.0,-30.35677
2200525781.25,-30.36014
2200525937.5,-30.36661
2200526093.75,-30.365
2200526250.0,-30.36115
2200526406.25,-30.36902
2200526562.5,-30.36107
2200526718.75,-30.36535
2200526875.0,-30.36683
2200527031.25,-30.37166
2200527187.5,-30.36973
2200527343.75,-30.36594
2200527500.0,-30.3708
2200527656.25,-30.36564
2200527812.5,-30.37278
2200527968.75,-30.37401
2200528125.0,-30.37534
2200528281.25,-30.36958
2200528437.5,-30.37214
2200528593.75,-30.37317
2200528750.0,-30.3775
2200528906.25,-30.37604
2200529062.5,-30.37544
2200529218.75,-30.37596
2200529375.0,-30.37778
2200529531.25,-30.38165
2200529687.5,-30.37793
2200529843.75,-30.38136
2200530000.0,-30.3795
2200530156.25,-30.381
2200530312.5,-30.37996
2200530468.75,-30.37221
2200530625.0,-30.38624
2200530781.25,-30.37695
2200530937.5,-30.37959
2200531093.75,-30.3912
2200531250.0,-30.3816
2200531406.25,-30.38821
2200531562.5,-30.38301
2200531718.75,-30.38585
2200531875.0,-30.38013
2200532031.25,-30.38006
2200532187.5,-30.38278
2200532343.75,-30.38761
2200532500.0,-30.38845
2200532656.25,-30.38604
2200532812.5,-30.3916
2200532968.75,-30.38922
2200533125.0,-30.38871
2200533281.25,-30.39425
2200533437.5,-30.38833
2200533593.75,-30.39196
2200533750.0,-30.38638
2200533906.25,-30.39788
2200534062.5,-30.39487
2200534218.75,-30.39539
2200534375.0,-30.39514
2200534531.25,-30.39387
2200534687.5,-30.3923
2200534843.75,-30.39605
2200535000.0,-30.39627
2200535156.25,-30.3969
2200535312.5,-30.39452
2200535468.75,-30.39901
2200535625.0,-30.402
2200535781.25,-30.39913
2200535937.5,-30.39979
2200536093.75,-30.3975
2200536250.0,-30.39758
2200536406.25,-30.40179
2200536562.5,-30.40279
2200536718.75,-30.40545
2200536875.0,-30.40406
2200537031.25,-30.4015
2200537187.5,-30.40207
2200537343.75,-30.40863
2200537500.0,-30.40322
2200537656.25,-30.40624
2200537812.5,-30.41311
2200537968.75,-30.41032
2200538125.0,-30.40486
2200538281.25,-30.40769
2200538437.5,-30.40911
2200538593.75,-30.40588
2200538750.0,-30.40826
2200538906.25,-30.41423
2200539062.5,-30.41341
2200539218.75,-30.41428
2200539375.0,-30.41203
2200539531.25,-30.41308
2200539687.5,-30.41268
2200539843.75,-30.41583
2200540000.0,-30.41453
2200540156.25,-30.41433
2200540312.5,-30.4223
2200540468.75,-30.41442
2200540625.0,-30.41264
2200540781.25,-30.41883
2200540937.5,-30.41689
2200541093.75,-30.42249
2200541250.0,-30.42137
2200541406.25,-30.42271
2200541562.5,-30.42039
2200541718.75,-30.42109
2200541875.0,-30.42064
2200542031.25,-30.41668
2200542187.5,-30.42081
2200542343.75,-30.42799
2200542500.0,-30.42693
2200542656.25,-30.42398
2200542812.5,-30.42195
2200542968.75,-30.42382
2200543125.0,-30.42664
2200543281.25,-30.42436
2200543437.5,-30.42685
2200543593.75,-30.42306
2200543750.0,-30.42872
2200543906.25,-30.42603
2200544062.5,-30.43008
2200544218.75,-30.43194
2200544375.0,-30.42923
2200544531.25,-30.43301
2200544687.5,-30.43417
2200544843.75,-30.43268
2200545000.0,-30.43714
2200545156.25,-30.43678
2200545312.5,-30.42931
2200545468.75,-30.43288
2200545625.0,-30.43715
2200545781.25,-30.44104
2200545937.5,-30.43955
2200546093.75,-30.43897
2200546250.0,-30.43793
2200546406.25,-30.43749
2200546562.5,-30.43887
2200546718.75,-30.44218
2200546875.0,-30.44189
2200547031.25,-30.43885
2200547187.5,-30.44508
2200547343.75,-30.44299
2200547500.0,-30.44392
2200547656.25,-30.4508
2200547812.5,-30.43986
2200547968.75,-30.44696
2200548125.0,-30.44359
2200548281.25,-30.44627
2200548437.5,-30.44945
2200548593.75,-30.44951
2200548750.0,-30.44506
2200548906.25,-30.44766
2200549062.5,-30.45068
2200549218.75,-30.44634
2200549375.0,-30.45211
2200549531.25,-30.45358
2200549687.5,-30.44949
2200549843.75,-30.45322
2200550000.0,-30.45299
2200550156.25,-30.45541
2200550312.5,-30.45584
2200550468.75,-30.45377
2200550625.0,-30.45755
2200550781.25,-30.45965
2200550937.5,-30.45615
2200551093.75,-30.45089
2200551250.0,-30.44846
2200551406.25,-30.46133
2200551562.5,-30.46168
2200551718.75,-30.46044
2200551875.0,-30.4621
2200552031.25,-30.46569
2200552187.5,-30.46127
2200552343.75,-30.46259
2200552500.0,-30.46459
2200552656.25,-30.46452
2200552812.5,-30.46136
2200552968.75,-30.46024
2200553125.0,-30.46046
2200553281.25,-30.47091
2200553437.5,-30.46072
2200553593.75,-30.46825
2200553750.0,-30.46528
2200553906.25,-30.46635
2200554062.5,-30.47169
2200554218.75,-30.46643
2200554375.0,-30.46339
2200554531.25,-30.4693
2200554687.5,-30.47237
2200554843.75,-30.46973
2200555000.0,-30.47307
2200555156.25,-30.46813
2200555312.5,-30.4739
2200555468.75,-30.47239
2200555625.0,-30.47405
2200555781.25,-30.47477
2200555937.5,-30.47294
2200556093.75,-30.47436
2200556250.0,-30.4726
2200556406.25,-30.4767
2200556562.5,-30.47433
2200556718.75,-30.47569
2200556875.0,-30.47777
2200557031.25,-30.47623
2200557187.5,-30.48013
2200557343.75,-30.48598
2200557500.0,-30.47991
2200557656.25,-30.4816
2200557812.5,-30.47874
2200557968.75,-30.4826
2200558125.0,-30.48409
2200558281.25,-30.4828
2200558437.5,-30.47853
2200558593.75,-30.48681
2200558750.0,-30.48529
2200558906.25,-30.48443
2200559062.5,-30.48323
2200559218.75,-30.4935
2200559375.0,-30.4862
2200559531.25,-30.48739
2200559687.5,-30.48686
2200559843.75,-30.48962
2200560000.0,-30.48876
2200560156.25,-30.49145
2200560312.5,-30.48964
2200560468.75,-30.49373
2200560625.0,-30.49426
2200560781.25,-30.49518
2200560937.5,-30.48948
2200561093.75,-30.49671
2200561250.0,-30.49262
2200561406.25,-30.49428
2200561562.5,-30.49279
2200561718.75,-30.49788
2200561875.0,-30.49742
2200562031.25,-30.49669
2200562187.5,-30.49497
2200562343.75,-30.49949
2200562500.0,-30.49898
2200562656.25,-30.4986
2200562812.5,-30.49988
2200562968.75,-30.49358
2200563125.0,-30.497
2200563281.25,-30.5074
2200563437.5,-30.5052
2200563593.75,-30.50201
2200563750.0,-30.50416
2200563906.25,-30.50123
2200564062.5,-30.50865
2200564218.75,-30.5056
2200564375.0,-30.50287
2200564531.25,-30.50551
2200564687.5,-30.50926
2200564843.75,-30.50793
2200565000.0,-30.50572
2200565156.25,-30.51175
2200565312.5,-30.50609
2200565468.75,-30.50453
2200565625.0,-30.51187
2200565781.25,-30.51024
2200565937.5,-30.51123
2200566093.75,-30.51079
2200566250.0,-30.51245
2200566406.25,-30.5167
2200566562.5,-30.51565
2200566718.75,-30.51659
2200566875.0,-30.5138
2200567031.25,-30.51129
2200567187.5,-30.51541
2200567343.75,-30.51879
2200567500.0,-30.51391
2200567656.25,-30.52108
2200567812.5,-30.51907
2200567968.75,-30.5191
2200568125.0,-30.51795
2200568281.25,-30.51369
2200568437.5,-30.51872
2200568593.75,-30.51534
2200568750.0,-30.52186
2200568906.25,-30.52863
2200569062.5,-30.52084
2200569218.75,-30.5256
2200569375.0,-30.52572
2200569531.25,-30.51943
2200569687.5,-30.52004
2200569843.75,-30.52095
2200570000.0,-30.52073
2200570156.25,-30.52644
2200570312.5,-30.5285
2200570468.75,-30.52469
2200570625.0,-30.53113
2200570781.25,-30.53245
2200570937.5,-30.52754
2200571093.75,-30.52884
2200571250.0,-30.53505
2200571406.25,-30.5318
2200571562.5,-30.52878
2200571718.75,-30.53111
2200571875.0,-30.52977
2200572031.25,-30.53555
2200572187.5,-30.53573
2200572343.75,-30.53942
2200572500.0,-30.53873
2200572656.25,-30.53957
2200572812.5,-30.5338
2200572968.75,-30.53461
2200573125.0,-30.53763
2200573281.25,-30.54077
2200573437.5,-30.54115
2200573593.75,-30.53839
2200573750.0,-30.54103
2200573906.25,-30.54109
2200574062.5,-30.54133
2200574218.75,-30.53911
2200574375.0,-30.54445
2200574531.25,-30.54252
2200574687.5,-30.54757
2200574843.75,-30.54317
2200575000.0,-30.54455
2200575156.25,-30.54457
2200575312.5,-30.54486
2200575468.75,-30.54155
2200575625.0,-30.54458
2200575781.25,-30.5517
2200575937.5,-30.545
2200576093.75,-30.55319
2200576250.0,-30.54457
2200576406.25,-30.54607
2200576562.5,-30.54358
2200576718.75,-30.55144
2200576875.0,-30.54982
2200577031.25,-30.55065
2200577187.5,-30.55422
2200577343.75,-30.55176
2200577500.0,-30.55505
2200577656.25,-30.55703
2200577812.5,-30.54869
2200577968.75,-30.55647
2200578125.0,-30.55186
2200578281.25,-30.55272
2200578437.5,-30.556
2200578593.75,-30.55602
2200578750.0,-30.56174
2200578906.25,-30.55931
2200579062.5,-30.55806
2200579218.75,-30.56102
2200579375.0,-30.56156
2200579531.25,-30.56167
2200579687.5,-30.56236
2200579843.75,-30.56026
2200580000.0,-30.56629
2200580156.25,-30.56347
2200580312.5,-30.56224
2200580468.75,-30.55622
2200580625.0,-30.5587
2200580781.25,-30.56399
2200580937.5,-30.56703
2200581093.75,-30.56821
2200581250.0,-30.56722
2200581406.25,-30.56804
2200581562.5,-30.57112
2200581718.75,-30.56271
2200581875.0,-30.56727
2200582031.25,-30.57172
2200582187.5,-30.56972
2200582343.75,-30.57343
2200582500.0,-30.57528
2200582656.25,-30.57459
2200582812.5,-30.57049
2200582968.75,-30.568
2200583125.0,-30.56706
2200583281.25,-30.57645
2200583437.5,-30.57155
2200583593.75,-30.57767
2200583750.0,-30.57876
2200583906.25,-30.57121
2200584062.5,-30.57675
2200584218.75,-30.57789
2200584375.0,-30.58085
2200584531.25,-30.57559
2200584687.5,-30.57563
2200584843.75,-30.57917
2200585000.0,-30.585
2200585156.25,-30.58379
2200585312.5,-30.58073
2200585468.75,-30.58614
2200585625.0,-30.58234
2200585781.25,-30.58468
2200585937.5,-30.58458
2200586093.75,-30.57795
2200586250.0,-30.58691
2200586406.25,-30.58893
2200586562.5,-30.58619
2200586718.75,-30.58809
2200586875.0,-30.58454
2200587031.25,-30.58467
2200587187.5,-30.5887
2200587343.75,-30.58803
2200587500.0,-30.58946
2200587656.25,-30.5913
2200587812.5,-30.5878
2200587968.75,-30.59437
2200588125.0,-30.59319
2200588281.25,-30.59142
2200588437.5,-30.59206
2200588593.75,-30.59604
2200588750.0,-30.58896
2200588906.25,-30.59265
2200589062.5,-30.58894
2200589218.75,-30.59907
2200589375.0,-30.59258
2200589531.25,-30.59317
2200589687.5,-30.60069
2200589843.75,-30.59961
2200590000.0,-30.59805
2200590156.25,-30.59784
2200590312.5,-30.59667
2200590468.75,-30.60002
2200590625.0,-30.60466
2200590781.25,-30.59903
2200590937.5,-30.59854
2200591093.75,-30.60333
2200591250.0,-30.60917
2200591406.25,-30.60545
2200591562.5,-30.60469
2200591718.75,-30.60375
2200591875.0,-30.60842
2200592031.25,-30.60693
2200592187.5,-30.609
2200592343.75,-30.60472
2200592500.0,-30.61047
2200592656.25,-30.61157
2200592812.5,-30.60777
2200592968.75,-30.6105
2200593125.0,-30.60583
2200593281.25,-30.61251
2200593437.5,-30.61375
2200593593.75,-30.6207
2200593750.0,-30.60777
2200593906.25,-30.60982
2200594062.5,-30.6152
2200594218.75,-30.61563
2200594375.0,-30.61841
2200594531.25,-30.61384
2200594687.5,-30.61706
2200594843.75,-30.61672
2200595000.0,-30.61716
2200595156.25,-30.6202
2200595312.5,-30.61712
2200595468.75,-30.61495
2200595625.0,-30.61576
2200595781.25,-30.62166
2200595937.5,-30.62217
2200596093.75,-30.61913
2200596250.0,-30.6214
2200596406.25,-30.62607
2200596562.5,-30.618
2200596718.75,-30.61869
2200596875.0,-30.61987
2200597031.25,-30.6262
2200597187.5,-30.62482
2200597343.75,-30.62794
2200597500.0,-30.62799
2200597656.25,-30.62444
2200597812.5,-30.62667
2200597968.75,-30.63041
2200598125.0,-30.63253
2200598281.25,-30.63081
2200598437.5,-30.62628
2200598593.75,-30.62521
2200598750.0,-30.63217
2200598906.25,-30.6328
2200599062.5,-30.63213
2200599218.75,-30.6327
2200599375.0,-30.63205
2200599531.25,-30.63325
2200599687.5,-30.63674
2200599843.75,-30.6365
2200600000.0,-30.63374
2200600156.25,-30.63268
2200600312.5,-30.63116
2200600468.75,-30.6335
2200600625.0,-30.63994
2200600781.25,-30.64165
2200600937.5,-30.6396
2200601093.75,-30.63772
2200601250.0,-30.63866
2200601406.25,-30.63972
2200601562.5,-30.63324
2200601718.75,-30.64489
2200601875.0,-30.64383
2200602031.25,-30.64192
2200602187.5,-30.64877
2200602343.75,-30.6406
2200602500.0,-30.64387
2200602656.25,-30.64343
2200602812.5,-30.64249
2200602968.75,-30.64739
2200603125.0,-30.64668
2200603281.25,-30.64886
2200603437.5,-30.64725
2200603593.75,-30.64955
2200603750.0,-30.65424
2200603906.25,-30.65168
2200604062.5,-30.64586
2200604218.75,-30.64794
2200604375.0,-30.6458
2200604531.25,-30.65581
2200604687.5,-30.64902
2200604843.75,-30.6521
2200605000.0,-30.65124
2200605156.25,-30.65166
2200605312.5,-30.65379
2200605468.75,-30.65461
2200605625.0,-30.65694
2200605781.25,-30.65714
2200605937.5,-30.6558
2200606093.75,-30.65335
2200606250.0,-30.66012
2200606406.25,-30.65305
2200606562.5,-30.66285
2200606718.75,-30.66222
2200606875.0,-30.66163
2200607031.25,-30.66273
2200607187.5,-30.65695
2200607343.75,-30.66516
2200607500.0,-30.6606
2200607656.25,-30.66385
2200607812.5,-30.66526
2200607968.75,-30.66499
2200608125.0,-30.66738
2200608281.25,-30.668
2200608437.5,-30.66044
2200608593.75,-30.6625
2200608750.0,-30.66715
2200608906.25,-30.669
2200609062.5,-30.66493
2200609218.75,-30.66739
2200609375.0,-30.66505
2200609531.25,-30.66438
2200609687.5,-30.67134
2200609843.75,-30.67302
2200610000.0,-30.67097
2200610156.25,-30.67297
2200610312.5,-30.67212
2200610468.75,-30.67352
2200610625.0,-30.67286
2200610781.25,-30.67317
2200610937.5,-30.67327
2200611093.75,-30.67446
2200611250.0,-30.67367
2200611406.25,-30.67476
2200611562.5,-30.67786
2200611718.75,-30.67081
2200611875.0,-30.68013
2200612031.25,-30.67571
2200612187.5,-30.68034
2200612343.75,-30.68678
2200612500.0,-30.68109
2200612656.25,-30.68592
2200612812.5,-30.68055
2200612968.75,-30.68135
2200613125.0,-30.68779
2200613281.25,-30.6815
2200613437.5,-30.68433
2200613593.75,-30.68169
2200613750.0,-30.68936
2200613906.25,-30.68217
2200614062.5,-30.6932
2200614218.75,-30.6879
2200614375.0,-30.68612
2200614531.25,-30.68686
2200614687.5,-30.68812
2200614843.75,-30.69096
2200615000.0,-30.69094
2200615156.25,-30.6912
2200615312.5,-30.69185
2200615468.75,-30.68999
2200615625.0,-30.69626
2200615781.25,-30.69665
2200615937.5,-30.69878
2200616093.75,-30.69397
2200616250.0,-30.69351
2200616406.25,-30.69373
2200616562.5,-30.69377
2200616718.75,-30.69273
2200616875.0,-30.69476
2200617031.25,-30.69572
2200617187.5,-30.69636
2200617343.75,-30.69569
2200617500.0,-30.6965
2200617656.25,-30.69965
2200617812.5,-30.69732
2200617968.75,-30.69926
2200618125.0,-30.69876
2200618281.25,-30.70623
2200618437.5,-30.70228
2200618593.75,-30.70232
2200618750.0,-30.70173
2200618906.25,-30.70935
2200619062.5,-30.7016
2200619218.75,-30.7054
2200619375.0,-30.70394
2200619531.25,-30.70179
2200619687.5,-30.7063
2200619843.75,-30.70978
2200620000.0,-30.70547
2200620156.25,-30.70855
2200620312.5,-30.70612
2200620468.75,-30.71019
2200620625.0,-30.7091
2200620781.25,-30.70684
2200620937.5,-30.71362
2200621093.75,-30.70752
2200621250.0,-30.70878
2200621406.25,-30.70666
2200621562.5,-30.71296
2200621718.75,-30.71653
2200621875.0,-30.71897
2200622031.25,-30.71574
2200622187.5,-30.7159
2200622343.75,-30.7136
2200622500.0,-30.71837
2200622656.25,-30.71041
2200622812.5,-30.72164
2200622968.75,-30.7183
2200623125.0,-30.72078
2200623281.25,-30.71625
2200623437.5,-30.71864
2200623593.75,-30.71304
2200623750.0,-30.72088
2200623906.25,-30.71899
2200624062.5,-30.71995
2200624218.75,-30.72649
2200624375.0,-30.72767
2200624531.25,-30.72898
2200624687.5,-30.71603
2200624843.75,-30.7274
2200625000.0,-30.71892
2200625156.25,-30.73107
2200625312.5,-30.72679
2200625468.75,-30.72366
2200625625.0,-30.7289
2200625781.25,-30.72863
2200625937.5,-30.72559
2200626093.75,-30.72659
2200626250.0,-30.73378
2200626406.25,-30.73553
2200626562.5,-30.73244
2200626718.75,-30.73088
2200626875.0,-30.73109
2200627031.25,-30.72774
2200627187.5,-30.73632
2200627343.75,-30.74082
2200627500.0,-30.73937
2200627656.25,-30.73396
2200627812.5,-30.73159
2200627968.75,-30.73944
2200628125.0,-30.74105
2200628281.25,-30.73661
2200628437.5,-30.73985
2200628593.75,-30.74175
2200628750.0,-30.74
2200628906.25,-30.73385
2200629062.5,-30.74128
2200629218.75,-30.74217
2200629375.0,-30.73715
2200629531.25,-30.74558
2200629687.5,-30.7361
2200629843.75,-30.73907
2200630000.0,-30.7453
2200630156.25,-30.7424
2200630312.5,-30.74867
2200630468.75,-30.74188
2200630625.0,-30.74307
2200630781.25,-30.74787
2200630937.5,-30.74455
2200631093.75,-30.75093
2200631250.0,-30.74811
2200631406.25,-30.74264
2200631562.5,-30.74643
2200631718.75,-30.74983
2200631875.0,-30.74791
2200632031.25,-30.75383
2200632187.5,-30.74394
2200632343.75,-30.75497
2200632500.0,-30.75417
2200632656.25,-30.75397
2200632812.5,-30.75252
2200632968.75,-30.74868
2200633125.0,-30.75748
2200633281.25,-30.75306
2200633437.5,-30.74933
2200633593.75,-30.75315
2200633750.0,-30.75826
2200633906.25,-30.75137
2200634062.5,-30.76241
2200634218.75,-30.75861
2200634375.0,-30.75099
2200634531.25,-30.76373
2200634687.5,-30.76154
2200634843.75,-30.76071
2200635000.0,-30.76452
2200635156.25,-30.76135
2200635312.5,-30.7628
2200635468.75,-30.76036
2200635625.0,-30.76552
2200635781.25,-30.76307
2200635937.5,-30.76814
2200636093.75,-30.76337
2200636250.0,-30.76263
2200636406.25,-30.76558
2200636562.5,-30.77333
2200636718.75,-30.76636
2200636875.0,-30.76719
2200637031.25,-30.7729
2200637187.5,-30.77667
2200637343.75,-30.7678
2200637500.0,-30.76529
2200637656.25,-30.77249
2200637812.5,-30.76977
2200637968.75,-30.77065
2200638125.0,-30.76641
2200638281.25,-30.77481
2200638437.5,-30.77441
2200638593.75,-30.77322
2200638750.0,-30.77392
2200638906.25,-30.77839
2200639062.5,-30.77818
2200639218.75,-30.77602
2200639375.0,-30.77752
2200639531.25,-30.78246
2200639687.5,-30.78431
2200639843.75,-30.77491
2200640000.0,-30.77942
2200640156.25,-30.78026
2200640312.5,-30.78293
2200640468.75,-30.77829
2200640625.0,-30.77786
2200640781.25,-30.78017
2200640937.5,-30.78035
2200641093.75,-30.78188
2200641250.0,-30.78146
2200641406.25,-30.78149
2200641562.5,-30.77929
2200641718.75,-30.7866
2200641875.0,-30.78502
2200642031.25,-30.77973
2200642187.5,-30.786
2200642343.75,-30.78829
2200642500.0,-30.79012
2200642656.25,-30.79134
2200642812.5,-30.78816
2200642968.75,-30.78694
2200643125.0,-30.7865
2200643281.25,-30.78852
2200643437.5,-30.79346
2200643593.75,-30.78913
2200643750.0,-30.79499
2200643906.25,-30.79112
2200644062.5,-30.79402
2200644218.75,-30.79598
2200644375.0,-30.78793
2200644531.25,-30.79252
2200644687.5,-30.79995
2200644843.75,-30.7998
2200645000.0,-30.79264
2200645156.25,-30.79358
2200645312.5,-30.7972
2200645468.75,-30.79814
2200645625.0,-30.79896
2200645781.25,-30.79709
2200645937.5,-30.79988
2200646093.75,-30.79438
2200646250.0,-30.8018
2200646406.25,-30.80212
2200646562.5,-30.8015
2200646718.75,-30.80278
2200646875.0,-30.80768
2200647031.25,-30.80274
2200647187.5,-30.80249
2200647343.75,-30.80465
2200647500.0,-30.80657
2200647656.25,-30.79924
2200647812.5,-30.80589
2200647968.75,-30.80565
2200648125.0,-30.81063
2200648281.25,-30.80554
2200648437.5,-30.80671
2200648593.75,-30.81488
2200648750.0,-30.80472
2200648906.25,-30.80947
2200649062.5,-30.81313
2200649218.75,-30.81028
2200649375.0,-30.81509
2200649531.25,-30.80841
2200649687.5,-30.81021
2200649843.75,-30.81441
2200650000.0,-30.81545
2200650156.25,-30.81688
2200650312.5,-30.81188
2200650468.75,-30.8156
2200650625.0,-30.82002
2200650781.25,-30.81558
2200650937.5,-30.81103
2200651093.75,-30.81584
2200651250.0,-30.82161
2200651406.25,-30.81795
2200651562.5,-30.8161
2200651718.75,-30.81774
2200651875.0,-30.82323
2200652031.25,-30.82062
2200652187.5,-30.82126
2200652343.75,-30.82271
2200652500.0,-30.82786
2200652656.25,-30.81982
2200652812.5,-30.82205
2200652968.75,-30.82028
2200653125.0,-30.82644
2200653281.25,-30.82997
2200653437.5,-30.82743
2200653593.75,-30.82764
2200653750.0,-30.82493
2200653906.25,-30.83194
2200654062.5,-30.82911
2200654218.75,-30.83263
2200654375.0,-30.82756
2200654531.25,-30.83393
2200654687.5,-30.8338
2200654843.75,-30.82701
2200655000.0,-30.83134
2200655156.25,-30.8317
2200655312.5,-30.83094
2200655468.75,-30.83319
2200655625.0,-30.83101
2200655781.25,-30.83598
2200655937.5,-30.82985
2200656093.75,-30.83812
2200656250.0,-30.8371
2200656406.25,-30.83248
2200656562.5,-30.84019
2200656718.75,-30.83715
2200656875.0,-30.84129
2200657031.25,-30.84052
2200657187.5,-30.84207
2200657343.75,-30.84206
2200657500.0,-30.8444
2200657656.25,-30.84076
2200657812.5,-30.83973
2200657968.75,-30.84691
2200658125.0,-30.84594
2200658281.25,-30.84989
2200658437.5,-30.84422
2200658593.75,-30.84607
2200658750.0,-30.83813
2200658906.25,-30.84509
2200659062.5,-30.84275
2200659218.75,-30.84709
2200659375.0,-30.84934
2200659531.25,-30.85331
2200659687.5,-30.84908
2200659843.75,-30.85186
2200660000.0,-30.84638
2200660156.25,-30.84515
2200660312.5,-30.85378
2200660468.75,-30.85166
2200660625.0,-30.85429
2200660781.25,-30.85452
2200660937.5,-30.85708
2200661093.75,-30.85247
2200661250.0,-30.85629
2200661406.25,-30.85476
2200661562.5,-30.85483
2200661718.75,-30.86197
2200661875.0,-30.85358
2200662031.25,-30.85954
2200662187.5,-30.85816
2200662343.75,-30.85792
2200662500.0,-30.85922
2200662656.25,-30.85778
2200662812.5,-30.86635
2200662968.75,-30.86421
2200663125.0,-30.86033
2200663281.25,-30.8558
2200663437.5,-30.86097
2200663593.75,-30.86248
2200663750.0,-30.86695
2200663906.25,-30.86345
2200664062.5,-30.86049
2200664218.75,-30.86441
2200664375.0,-30.86287
2200664531.25,-30.86174
2200664687.5,-30.86775
2200664843.75,-30.86685
2200665000.0,-30.86606
2200665156.25,-30.86378
2200665312.5,-30.87024
2200665468.75,-30.86481
2200665625.0,-30.86711
2200665781.25,-30.86705
2200665937.5,-30.87211
2200666093.75,-30.87091
2200666250.0,-30.8705
2200666406.25,-30.86952
2200666562.5,-30.87288
2200666718.75,-30.87153
2200666875.0,-30.87477
2200667031.25,-30.87024
2200667187.5,-30.87205
2200667343.75,-30.87412
2200667500.0,-30.87778
2200667656.25,-30.8802
2200667812.5,-30.87571
2200667968.75,-30.87405
2200668125.0,-30.86645
2200668281.25,-30.8745
2200668437.5,-30.87545
2200668593.75,-30.87486
2200668750.0,-30.88179
2200668906.25,-30.87917
2200669062.5,-30.87875
2200669218.75,-30.88177
2200669375.0,-30.8799
2200669531.25,-30.88127
2200669687.5,-30.88169
2200669843.75,-30.88789
2200670000.0,-30.88639
2200670156.25,-30.88519
2200670312.5,-30.88854
2200670468.75,-30.89325
2200670625.0,-30.88581
2200670781.25,-30.88331
2200670937.5,-30.88753
2200671093.75,-30.88404
2200671250.0,-30.88973
2200671406.25,-30.8849
2200671562.5,-30.89069
2200671718.75,-30.89228
2200671875.0,-30.89462
2200672031.25,-30.89383
2200672187.5,-30.8922
2200672343.75,-30.89027
2200672500.0,-30.89341
2200672656.25,-30.89488
2200672812.5,-30.89485
2200672968.75,-30.89819
2200673125.0,-30.89493
2200673281.25,-30.89544
2200673437.5,-30.90206
2200673593.75,-30.89524
2200673750.0,-30.8987
2200673906.25,-30.90336
2200674062.5,-30.89219
2200674218.75,-30.89439
2200674375.0,-30.89594
2200674531.25,-30.89789
2200674687.5,-30.90284
2200674843.75,-30.90771
2200675000.0,-30.90243
2200675156.25,-30.90157
2200675312.5,-30.90199
2200675468.75,-30.90412
2200675625.0,-30.90281
2200675781.25,-30.90441
2200675937.5,-30.90467
2200676093.75,-30.9068
2200676250.0,-30.91013
2200676406.25,-30.90262
2200676562.5,-30.90793
2200676718.75,-30.90668
2200676875.0,-30.9043
2200677031.25,-30.91002
2200677187.5,-30.90773
2200677343.75,-30.91852
2200677500.0,-30.90918
2200677656.25,-30.91115
2200677812.5,-30.9151
2200677968.75,-30.91492
2200678125.0,-30.91422
2200678281.25,-30.91727
2200678437.5,-30.91113
2200678593.75,-30.91406
2200678750.0,-30.91524
2200678906.25,-30.91932
2200679062.5,-30.9197
2200679218.75,-30.91931
2200679375.0,-30.91362
2200679531.25,-30.91623
2200679687.5,-30.92661
2200679843.75,-30.91887
2200680000.0,-30.9222
2200680156.25,-30.9194
2200680312.5,-30.92026
2200680468.75,-30.92159
2200680625.0,-30.92025
2200680781.25,-30.92169
2200680937.5,-30.91735
2200681093.75,-30.92308
2200681250.0,-30.92428
2200681406.25,-30.91958
2200681562.5,-30.92482
2200681718.75,-30.92249
2200681875.0,-30.92707
2200682031.25,-30.92445
2200682187.5,-30.92792
2200682343.75,-30.9278
2200682500.0,-30.9324
2200682656.25,-30.92819
2200682812.5,-30.9285
2200682968.75,-30.9298
2200683125.0,-30.93343
2200683281.25,-30.92965
2200683437.5,-30.93134
2200683593.75,-30.92848
2200683750.0,-30.93169
2200683906.25,-30.93387
2200684062.5,-30.93383
2200684218.75,-30.9367
2200684375.0,-30.93787
2200684531.25,-30.93885
2200684687.5,-30.93924
2200684843.75,-30.93367
2200685000.0,-30.93906
2200685156.25,-30.9379
2200685312.5,-30.9416
2200685468.75,-30.93884
2200685625.0,-30.9426
2200685781.25,-30.93999
2200685937.5,-30.94016
2200686093.75,-30.93746
2200686250.0,-30.94155
2200686406.25,-30.93801
2200686562.5,-30.94127
2200686718.75,-30.94323
2200686875.0,-30.94365
2200687031.25,-30.94017
2200687187.5,-30.9494
2200687343.75,-30.94111
2200687500.0,-30.94871
2200687656.25,-30.94188
2200687812.5,-30.94664
2200687968.75,-30.94903
2200688125.0,-30.95198
2200688281.25,-30.9465
2200688437.5,-30.94718
2200688593.75,-30.94761
2200688750.0,-30.94818
2200688906.25,-30.95187
2200689062.5,-30.94732
2200689218.75,-30.95428
2200689375.0,-30.95944
2200689531.25,-30.95364
2200689687.5,-30.95521
2200689843.75,-30.95882
2200690000.0,-30.95301
2200690156.25,-30.95025
2200690312.5,-30.95315
2200690468.75,-30.95426
2200690625.0,-30.95473
2200690781.25,-30.95792
2200690937.5,-30.95322
2200691093.75,-30.95916
2200691250.0,-30.9567
2200691406.25,-30.95603
2200691562.5,-30.95959
2200691718.75,-30.95886
2200691875.0,-30.96226
2200692031.25,-30.95603
2200692187.5,-30.95991
2200692343.75,-30.96361
2200692500.0,-30.9616
2200692656.25,-30.96557
2200692812.5,-30.96742
2200692968.75,-30.96122
2200693125.0,-30.97077
2200693281.25,-30.9663
2200693437.5,-30.96297
2200693593.75,-30.96291
2200693750.0,-30.97008
2200693906.25,-30.96951
2200694062.5,-30.96889
2200694218.75,-30.97053
2200694375.0,-30.96327
2200694531.25,-30.97068
2200694687.5,-30.97123
2200694843.75,-30.96808
2200695000.0,-30.96789
2200695156.25,-30.97385
2200695312.5,-30.97369
2200695468.75,-30.96906
2200695625.0,-30.96828
2200695781.25,-30.97493
2200695937.5,-30.97478
2200696093.75,-30.97214
2200696250.0,-30.97168
2200696406.25,-30.97474
2200696562.5,-30.97551
2200696718.75,-30.97852
2200696875.0,-30.98495
2200697031.25,-30.97542
2200697187.5,-30.97889
2200697343.75,-30.98212
2200697500.0,-30.9793
2200697656.25,-30.97775
2200697812.5,-30.98127
2200697968.75,-30.98724
2200698125.0,-30.97797
2200698281.25,-30.98519
2200698437.5,-30.98056
2200698593.75,-30.98376
2200698750.0,-30.98808
2200698906.25,-30.98193
2200699062.5,-30.98279
2200699218.75,-30.98806
2200699375.0,-30.98663
2200699531.25,-30.98567
2200699687.5,-30.98707
2200699843.75,-30.99092
2200700000.0,-30.99577
2200700156.25,-30.98935
2200700312.5,-30.99512
2200700468.75,-30.98861
2200700625.0,-30.98433
2200700781.25,-30.99099
2200700937.5,-30.99435
2200701093.75,-30.99592
2200701250.0,-30.9975
2200701406.25,-31.0029
2200701562.5,-30.99917
2200701718.75,-30.99404
2200701875.0,-30.99593
2200702031.25,-30.99897
2200702187.5,-31.00257
2200702343.75,-30.99694
2200702500.0,-31.00174
2200702656.25,-31.00292
2200702812.5,-31.00362
2200702968.75,-30.99998
2200703125.0,-31.0022
2200703281.25,-31.001
2200703437.5,-31.00286
2200703593.75,-31.00637
2200703750.0,-31.00038
2200703906.25,-30.99819
2200704062.5,-31.00605
2200704218.75,-31.00565
2200704375.0,-31.00007
2200704531.25,-31.00958
2200704687.5,-31.00626
2200704843.75,-31.00715
2200705000.0,-31.00638
2200705156.25,-31.00491
2200705312.5,-31.01274
2200705468.75,-31.00948
2200705625.0,-31.00851
2200705781.25,-31.00392
2200705937.5,-31.0107
2200706093.75,-31.01596
2200706250.0,-31.01383
2200706406.25,-31.00761
2200706562.5,-31.01271
2200706718.75,-31.01044
2200706875.0,-31.01367
2200707031.25,-31.01548
2200707187.5,-31.00567
2200707343.75,-31.01502
2200707500.0,-31.02023
2200707656.25,-31.01661
2200707812.5,-31.01129
2200707968.75,-31.01649
2200708125.0,-31.02235
2200708281.25,-31.01732
2200708437.5,-31.02436
2200708593.75,-31.01776
2200708750.0,-31.01574
2200708906.25,-31.01693
2200709062.5,-31.01835
2200709218.75,-31.02713
2200709375.0,-31.02001
2200709531.25,-31.0205
2200709687.5,-31.02437
2200709843.75,-31.02679
2200710000.0,-31.02864
2200710156.25,-31.02534
2200710312.5,-31.03068
2200710468.75,-31.02923
2200710625.0,-31.02861
2200710781.25,-31.01631
2200710937.5,-31.02752
2200711093.75,-31.02465
2200711250.0,-31.02261
2200711406.25,-31.03122
2200711562.5,-31.03488
2200711718.75,-31.03335
2200711875.0,-31.0279
2200712031.25,-31.02301
2200712187.5,-31.0299
2200712343.75,-31.03387
2200712500.0,-31.03708
2200712656.25,-31.03212
2200712812.5,-31.03803
2200712968.75,-31.03508
2200713125.0,-31.03365
2200713281.25,-31.03281
2200713437.5,-31.03485
2200713593.75,-31.03852
2200713750.0,-31.03074
2200713906.25,-31.04063
