537978875.0,-59.37066
537978937.5,-59.40183
537979000.0,-59.49389
537979062.5,-59.25952
537979125.0,-59.41535
537979187.5,-59.3925
537979250.0,-59.43475
537979312.5,-59.40316
537979375.0,-59.50692
537979437.5,-59.47227
537979500.0,-59.56078
537979562.5,-59.48198
537979625.0,-59.45711
537979687.5,-59.36843
537979750.0,-59.43366
537979812.5,-59.44324
537979875.0,-59.45443
537979937.5,-59.44886
537980000.0,-59.42758
537980062.5,-59.50705
537980125.0,-59.34605
537980187.5,-59.39653
537980250.0,-59.40706
537980312.5,-59.37839
537980375.0,-59.41289
537980437.5,-59.4011
537980500.0,-59.44339
537980562.5,-59.42892
537980625.0,-59.40799
537980687.5,-59.31701
537980750.0,-59.51421
537980812.5,-59.34098
537980875.0,-59.42604
537980937.5,-59.52852
537981000.0,-59.33226
537981062.5,-59.39784
537981125.0,-59.58013
537981187.5,-59.39199
537981250.0,-59.40932
537981312.5,-59.35894
537981375.0,-59.46604
537981437.5,-59.33924
537981500.0,-59.41172
537981562.5,-59.44118
537981625.0,-59.35248
537981687.5,-59.45839
537981750.0,-59.4703
537981812.5,-59.32867
537981875.0,-59.33389
537981937.5,-59.34206
537982000.0,-59.41957
537982062.5,-59.39033
537982125.0,-59.5629
537982187.5,-59.51211
537982250.0,-59.3595
537982312.5,-59.36432
537982375.0,-59.35693
537982437.5,-59.40134
537982500.0,-59.38349
537982562.5,-59.37413
537982625.0,-59.34574
537982687.5,-59.47734
537982750.0,-59.43225
537982812.5,-59.38181
537982875.0,-59.4362
537982937.5,-59.34679
537983000.0,-59.42538
537983062.5,-59.4014
537983125.0,-59.52134
537983187.5,-59.36292
537983250.0,-59.38674
537983312.5,-59.46832
537983375.0,-59.40245
537983437.5,-59.39577
537983500.0,-59.41845
537983562.5,-59.45623
537983625.0,-59.41257
537983687.5,-59.40984
537983750.0,-59.54609
537983812.5,-59.39428
537983875.0,-59.47179
537983937.5,-59.4624
537984000.0,-59.27069
537984062.5,-59.39385
537984125.0,-59.29884
537984187.5,-59.42118
537984250.0,-59.35055
537984312.5,-59.37239
537984375.0,-59.31411
537984437.5,-59.3741
537984500.0,-59.33547
537984562.5,-59.35638
537984625.0,-59.37961
537984687.5,-59.4959
537984750.0,-59.47173
537984812.5,-59.36117
537984875.0,-59.35726
537984937.5,-59.39175
537985000.0,-59.40161
537985062.5,-59.31375
537985125.0,-59.41523
537985187.5,-59.43568
537985250.0,-59.40089
537985312.5,-59.39647
537985375.0,-59.38859
537985437.5,-59.42786
537985500.0,-59.29104
537985562.5,-59.34056
537985625.0,-59.40413
537985687.5,-59.37721
537985750.0,-59.46043
537985812.5,-59.35321
537985875.0,-59.29259
537985937.5,-59.41198
537986000.0,-59.41826
537986062.5,-59.44748
537986125.0,-59.35156
537986187.5,-59.41392
537986250.0,-59.46965
537986312.5,-59.38285
537986375.0,-59.34379
537986437.5,-59.45338
537986500.0,-59.27641
537986562.5,-59.41832
537986625.0,-59.22422
537986687.5,-59.33837
537986750.0,-59.25792
537986812.5,-59.33285
537986875.0,-59.34939
537986937.5,-59.37424
537987000.0,-59.34225
537987062.5,-59.35823
537987125.0,-59.4055
537987187.5,-59.37183
537987250.0,-59.38043
537987312.5,-59.33902
537987375.0,-59.3181
537987437.5,-59.47821
537987500.0,-59.37166
537987562.5,-59.24898
537987625.0,-59.42074
537987687.5,-59.32207
537987750.0,-59.32935
537987812.5,-59.43274
537987875.0,-59.46179
537987937.5,-59.35479
537988000.0,-59.25394
537988062.5,-59.41222
537988125.0,-59.34382
537988187.5,-59.49429
537988250.0,-59.30384
537988312.5,-59.29448
537988375.0,-59.38643
537988437.5,-59.25288
537988500.0,-59.36112
537988562.5,-59.32276
537988625.0,-59.3262
537988687.5,-59.40562
537988750.0,-59.30613
537988812.5,-59.37442
537988875.0,-59.44679
537988937.5,-59.27794
537989000.0,-59.32512
537989062.5,-59.3788
537989125.0,-59.40344
537989187.5,-59.40267
537989250.0,-59.32366
537989312.5,-59.25155
537989375.0,-59.3477
537989437.5,-59.32438
537989500.0,-59.305
537989562.5,-59.32945
537989625.0,-59.42639
537989687.5,-59.34384
537989750.0,-59.30546
537989812.5,-59.42282
537989875.0,-59.26796
537989937.5,-59.27962
537990000.0,-59.33876
537990062.5,-59.18929
537990125.0,-59.28977
537990187.5,-59.39671
537990250.0,-59.46363
537990312.5,-59.35929
537990375.0,-59.38439
537990437.5,-59.34446
537990500.0,-59.33436
537990562.5,-59.37016
537990625.0,-59.26655
537990687.5,-59.44825
537990750.0,-59.33155
537990812.5,-59.40421
537990875.0,-59.33582
537990937.5,-59.38723
537991000.0,-59.2766
537991062.5,-59.29827
537991125.0,-59.40781
537991187.5,-59.34125
537991250.0,-59.35088
537991312.5,-59.37207
537991375.0,-59.23906
537991437.5,-59.44602
537991500.0,-59.37713
537991562.5,-59.31324
537991625.0,-59.31824
537991687.5,-59.23631
537991750.0,-59.22226
537991812.5,-59.2935
537991875.0,-59.34201
537991937.5,-59.26404
537992000.0,-59.40604
537992062.5,-59.29266
537992125.0,-59.37804
537992187.5,-59.37104
537992250.0,-59.29314
537992312.5,-59.34777
537992375.0,-59.33678
537992437.5,-59.33829
537992500.0,-59.29374
537992562.5,-59.3345
537992625.0,-59.26476
537992687.5,-59.26136
537992750.0,-59.29015
537992812.5,-59.31054
537992875.0,-59.43993
537992937.5,-59.29168
537993000.0,-59.31121
537993062.5,-59.29027
537993125.0,-59.26902
537993187.5,-59.24069
537993250.0,-59.35879
537993312.5,-59.37196
537993375.0,-59.27302
537993437.5,-59.31307
537993500.0,-59.23393
537993562.5,-59.19446
537993625.0,-59.34927
537993687.5,-59.40244
537993750.0,-59.34466
537993812.5,-59.25032
537993875.0,-59.26036
537993937.5,-59.26245
537994000.0,-59.24516
537994062.5,-59.31229
537994125.0,-59.25985
537994187.5,-59.27414
537994250.0,-59.29415
537994312.5,-59.27991
537994375.0,-59.226
537994437.5,-59.34917
537994500.0,-59.23606
537994562.5,-59.35633
537994625.0,-59.39059
537994687.5,-59.32931
537994750.0,-59.29947
537994812.5,-59.25448
537994875.0,-59.27914
537994937.5,-59.38987
537995000.0,-59.17815
537995062.5,-59.28821
537995125.0,-59.37344
537995187.5,-59.23528
537995250.0,-59.19811
537995312.5,-59.32159
537995375.0,-59.28764
537995437.5,-59.22861
537995500.0,-59.24895
537995562.5,-59.24229
537995625.0,-59.24735
537995687.5,-59.28045
537995750.0,-59.36415
537995812.5,-59.31452
537995875.0,-59.30081
537995937.5,-59.28699
537996000.0,-59.28587
537996062.5,-59.2826
537996125.0,-59.27117
537996187.5,-59.16974
537996250.0,-59.29822
537996312.5,-59.26265
537996375.0,-59.23416
537996437.5,-59.36511
537996500.0,-59.30232
537996562.5,-59.39051
537996625.0,-59.22047
537996687.5,-59.25263
537996750.0,-59.30884
537996812.5,-59.23229
537996875.0,-59.1706
537996937.5,-59.22115
537997000.0,-59.21874
537997062.5,-59.1995
537997125.0,-59.26862
537997187.5,-59.22562
537997250.0,-59.34635
537997312.5,-59.30812
537997375.0,-59.16968
537997437.5,-59.18932
537997500.0,-59.28275
537997562.5,-59.2426
537997625.0,-59.3795
537997687.5,-59.22881
537997750.0,-59.25805
537997812.5,-59.25469
537997875.0,-59.3601
537997937.5,-59.28781
537998000.0,-59.30653
537998062.5,-59.36049
537998125.0,-59.27621
537998187.5,-59.24869
537998250.0,-59.24514
537998312.5,-59.1775
537998375.0,-59.36248
537998437.5,-59.2721
537998500.0,-59.24981
537998562.5,-59.2795
537998625.0,-59.28834
537998687.5,-59.1966
537998750.0,-59.29168
537998812.5,-59.30095
537998875.0,-59.25435
537998937.5,-59.22926
537999000.0,-59.204
537999062.5,-59.2419
537999125.0,-59.18744
537999187.5,-59.1731
537999250.0,-59.18095
537999312.5,-59.20109
537999375.0,-59.24966
537999437.5,-59.36375
537999500.0,-59.25053
537999562.5,-59.32681
537999625.0,-59.29162
537999687.5,-59.18231
537999750.0,-59.2429
537999812.5,-59.23913
537999875.0,-59.33023
537999937.5,-59.28908
538000000.0,-59.18708
538000062.5,-59.26687
538000125.0,-59.27997
538000187.5,-59.28228
538000250.0,-59.25865
538000312.5,-59.19446
538000375.0,-59.27799
538000437.5,-59.29451
538000500.0,-59.2438
538000562.5,-59.3775
538000625.0,-59.21582
538000687.5,-59.19875
538000750.0,-59.25816
538000812.5,-59.28845
538000875.0,-59.21409
538000937.5,-59.29473
538001000.0,-59.33929
538001062.5,-59.1257
538001125.0,-59.2537
538001187.5,-59.22977
538001250.0,-59.31712
538001312.5,-59.19894
538001375.0,-59.20774
538001437.5,-59.18848
538001500.0,-59.13633
538001562.5,-59.14112
538001625.0,-59.21595
538001687.5,-59.27138
538001750.0,-59.16754
538001812.5,-59.18906
538001875.0,-59.18527
538001937.5,-59.30083
538002000.0,-59.27071
538002062.5,-59.15538
538002125.0,-59.04224
538002187.5,-59.24677
538002250.0,-59.18899
538002312.5,-59.18845
538002375.0,-59.21363
538002437.5,-59.15899
538002500.0,-59.22886
538002562.5,-59.24831
538002625.0,-59.23778
538002687.5,-59.19667
538002750.0,-59.24797
538002812.5,-59.16755
538002875.0,-59.26523
538002937.5,-59.33326
538003000.0,-59.19371
538003062.5,-59.29555
538003125.0,-59.16579
538003187.5,-59.18905
538003250.0,-59.17392
538003312.5,-59.1665
538003375.0,-59.20422
538003437.5,-59.20691
538003500.0,-59.2313
538003562.5,-59.22594
538003625.0,-59.23162
538003687.5,-59.28069
538003750.0,-59.25886
538003812.5,-59.19128
538003875.0,-59.29041
538003937.5,-59.28808
538004000.0,-59.14574
538004062.5,-59.23187
538004125.0,-59.21921
538004187.5,-59.30643
538004250.0,-59.21916
538004312.5,-59.24554
538004375.0,-59.15887
538004437.5,-59.29943
538004500.0,-59.22393
538004562.5,-59.17728
538004625.0,-59.2012
538004687.5,-59.19078
538004750.0,-59.26997
538004812.5,-59.1943
538004875.0,-59.14157
538004937.5,-59.1957
538005000.0,-59.1568
538005062.5,-59.16699
538005125.0,-59.21818
538005187.5,-59.16172
538005250.0,-59.16154
538005312.5,-59.16574
538005375.0,-59.13055
538005437.5,-59.22566
538005500.0,-59.18008
538005562.5,-59.23099
538005625.0,-59.15841
538005687.5,-59.22135
538005750.0,-59.12983
538005812.5,-59.36912
538005875.0,-59.24327
538005937.5,-59.23718
538006000.0,-59.14522
538006062.5,-59.0612
538006125.0,-59.21413
538006187.5,-59.12788
538006250.0,-59.27657
538006312.5,-59.1346
538006375.0,-59.20727
538006437.5,-59.18268
538006500.0,-59.18671
538006562.5,-59.25016
538006625.0,-59.29172
538006687.5,-59.21252
538006750.0,-59.2052
538006812.5,-59.04795
538006875.0,-59.17659
538006937.5,-59.18809
538007000.0,-59.20602
538007062.5,-59.20952
538007125.0,-59.08218
538007187.5,-59.15523
538007250.0,-59.11334
538007312.5,-59.08517
538007375.0,-59.29336
538007437.5,-59.22308
538007500.0,-59.16885
538007562.5,-59.23645
538007625.0,-59.16783
538007687.5,-59.08298
538007750.0,-59.19077
538007812.5,-59.11518
538007875.0,-59.15815
538007937.5,-59.26658
538008000.0,-59.10517
538008062.5,-59.19455
538008125.0,-59.15103
538008187.5,-59.18814
538008250.0,-59.20574
538008312.5,-59.19081
538008375.0,-59.19199
538008437.5,-59.15501
538008500.0,-59.22027
538008562.5,-59.19551
538008625.0,-59.13877
538008687.5,-59.07896
538008750.0,-59.17075
538008812.5,-59.23006
538008875.0,-59.11606
538008937.5,-59.19207
538009000.0,-59.1281
538009062.5,-59.25151
538009125.0,-59.16988
538009187.5,-59.09679
538009250.0,-59.11114
538009312.5,-59.10891
538009375.0,-59.03831
538009437.5,-59.1255
538009500.0,-59.15392
538009562.5,-59.21122
538009625.0,-59.04464
538009687.5,-59.15903
538009750.0,-59.21407
538009812.5,-59.16365
538009875.0,-59.08211
538009937.5,-59.13549
538010000.0,-59.15609
538010062.5,-59.13735
538010125.0,-59.05286
538010187.5,-59.06356
538010250.0,-59.22535
538010312.5,-59.27253
538010375.0,-59.20457
538010437.5,-59.21938
538010500.0,-59.07005
538010562.5,-59.12943
538010625.0,-59.0801
538010687.5,-59.11415
538010750.0,-59.10045
538010812.5,-59.17232
538010875.0,-59.18933
538010937.5,-59.07278
538011000.0,-59.14624
538011062.5,-59.08733
538011125.0,-59.15463
538011187.5,-59.18534
538011250.0,-59.1382
538011312.5,-59.16692
538011375.0,-59.22419
538011437.5,-59.182
538011500.0,-59.02844
538011562.5,-59.23795
538011625.0,-59.11929
538011687.5,-59.25259
538011750.0,-59.14399
538011812.5,-59.14043
538011875.0,-59.12223
538011937.5,-59.05585
538012000.0,-59.12904
538012062.5,-59.20861
538012125.0,-59.08256
538012187.5,-59.07377
538012250.0,-59.25088
538012312.5,-59.17889
538012375.0,-59.04492
538012437.5,-59.15561
538012500.0,-59.07985
538012562.5,-59.11901
538012625.0,-59.15475
538012687.5,-59.17367
538012750.0,-59.19842
538012812.5,-59.08307
538012875.0,-59.1252
538012937.5,-59.12022
538013000.0,-59.22893
538013062.5,-59.06097
538013125.0,-59.09544
538013187.5,-59.10056
538013250.0,-59.18431
538013312.5,-59.17372
538013375.0,-59.00143
538013437.5,-59.14616
538013500.0,-59.20763
538013562.5,-59.1511
538013625.0,-59.04264
538013687.5,-59.21813
538013750.0,-59.12745
538013812.5,-59.12554
538013875.0,-59.07582
538013937.5,-59.17162
538014000.0,-59.21286
538014062.5,-59.20544
538014125.0,-59.16342
538014187.5,-59.05139
538014250.0,-59.13847
538014312.5,-59.0582
538014375.0,-59.06738
538014437.5,-59.12516
538014500.0,-59.06244
538014562.5,-59.05323
538014625.0,-59.03883
538014687.5,-58.98103
538014750.0,-59.04033
538014812.5,-59.19022
538014875.0,-59.03002
538014937.5,-59.2458
538015000.0,-59.06956
538015062.5,-59.17181
538015125.0,-59.08017
538015187.5,-59.13292
538015250.0,-59.00819
538015312.5,-59.12052
538015375.0,-59.20693
538015437.5,-59.11274
538015500.0,-59.11875
538015562.5,-59.04718
538015625.0,-59.10034
538015687.5,-59.10791
538015750.0,-59.14265
538015812.5,-59.06246
538015875.0,-59.22946
538015937.5,-59.11602
538016000.0,-59.12243
538016062.5,-59.08821
538016125.0,-59.13314
538016187.5,-59.22542
538016250.0,-59.1068
538016312.5,-59.16906
538016375.0,-59.05995
538016437.5,-59.25124
538016500.0,-59.17321
538016562.5,-59.0634
538016625.0,-59.15849
538016687.5,-59.15633
538016750.0,-59.02488
538016812.5,-59.15453
538016875.0,-59.1371
538016937.5,-59.10498
538017000.0,-59.04106
538017062.5,-59.08955
538017125.0,-59.10411
538017187.5,-58.93707
538017250.0,-59.04087
538017312.5,-59.08863
538017375.0,-59.06944
538017437.5,-59.1986
538017500.0,-59.12454
538017562.5,-59.03149
538017625.0,-59.07435
538017687.5,-59.15504
538017750.0,-59.13089
538017812.5,-59.08198
538017875.0,-58.96389
538017937.5,-59.09036
538018000.0,-59.0462
538018062.5,-59.06035
538018125.0,-59.05729
538018187.5,-59.05742
538018250.0,-59.06161
538018312.5,-59.07058
538018375.0,-59.02826
538018437.5,-59.02803
538018500.0,-59.08873
538018562.5,-59.16897
538018625.0,-58.98297
538018687.5,-59.04171
538018750.0,-59.1416
538018812.5,-59.16361
538018875.0,-59.09208
538018937.5,-58.87419
538019000.0,-59.15902
538019062.5,-59.11584
538019125.0,-59.09321
538019187.5,-59.11646
538019250.0,-59.00207
538019312.5,-59.09146
538019375.0,-59.1318
538019437.5,-59.11244
538019500.0,-59.00027
538019562.5,-59.13035
538019625.0,-59.0835
538019687.5,-59.04829
538019750.0,-59.1626
538019812.5,-59.08819
538019875.0,-59.08922
538019937.5,-59.13741
538020000.0,-59.07132
538020062.5,-58.99791
538020125.0,-59.0748
538020187.5,-59.13529
538020250.0,-58.91618
538020312.5,-59.07869
538020375.0,-59.03551
538020437.5,-59.0065
538020500.0,-59.00813
538020562.5,-59.04763
538020625.0,-58.98766
538020687.5,-58.98409
538020750.0,-59.07789
538020812.5,-59.06354
538020875.0,-59.11514
538020937.5,-58.93687
538021000.0,-59.10196
538021062.5,-59.18162
538021125.0,-58.95823
538021187.5,-59.04142
538021250.0,-59.01954
538021312.5,-59.08822
538021375.0,-58.98322
538021437.5,-59.08434
538021500.0,-59.11522
538021562.5,-59.0924
538021625.0,-59.11557
538021687.5,-59.10682
538021750.0,-59.00991
538021812.5,-58.97252
538021875.0,-59.02379
538021937.5,-58.95351
538022000.0,-59.11713
538022062.5,-58.99642
538022125.0,-59.0214
538022187.5,-59.05206
538022250.0,-59.0094
538022312.5,-58.96831
538022375.0,-59.10305
538022437.5,-59.08936
538022500.0,-58.9613
538022562.5,-59.10634
538022625.0,-59.13327
538022687.5,-59.12759
538022750.0,-59.09178
538022812.5,-59.11699
538022875.0,-59.07155
538022937.5,-59.02213
538023000.0,-59.13167
538023062.5,-59.04982
538023125.0,-58.97839
538023187.5,-59.0298
538023250.0,-59.01324
538023312.5,-58.95639
538023375.0,-59.0961
538023437.5,-59.01079
538023500.0,-59.02894
538023562.5,-58.99514
538023625.0,-59.04222
538023687.5,-59.07896
538023750.0,-58.95416
538023812.5,-59.01411
538023875.0,-59.09785
538023937.5,-58.91876
538024000.0,-59.14522
538024062.5,-58.94386
538024125.0,-58.89545
538024187.5,-59.05318
538024250.0,-59.09493
538024312.5,-59.02245
538024375.0,-59.02357
538024437.5,-59.01428
538024500.0,-59.07986
538024562.5,-59.00129
538024625.0,-59.01758
538024687.5,-58.97425
538024750.0,-59.10654
538024812.5,-59.10983
538024875.0,-58.99721
538024937.5,-59.00901
538025000.0,-58.92626
538025062.5,-59.10007
538025125.0,-59.12956
538025187.5,-59.01451
538025250.0,-58.92481
538025312.5,-58.9352
538025375.0,-58.98248
538025437.5,-58.98536
538025500.0,-58.9843
538025562.5,-58.98624
538025625.0,-59.02575
538025687.5,-58.95428
538025750.0,-58.9902
538025812.5,-59.0013
538025875.0,-58.99707
538025937.5,-59.09262
538026000.0,-58.90134
538026062.5,-59.01011
538026125.0,-59.0562
538026187.5,-58.97618
538026250.0,-59.10879
538026312.5,-59.07022
538026375.0,-59.04673
538026437.5,-58.98099
538026500.0,-58.9719
538026562.5,-59.03044
538026625.0,-58.96014
538026687.5,-59.00768
538026750.0,-59.11956
538026812.5,-58.97469
538026875.0,-59.10968
538026937.5,-58.95504
538027000.0,-59.01263
538027062.5,-59.0016
538027125.0,-59.10218
538027187.5,-59.01694
538027250.0,-58.97926
538027312.5,-58.9765
538027375.0,-59.01675
538027437.5,-59.06475
538027500.0,-59.04635
538027562.5,-58.99356
538027625.0,-58.99895
538027687.5,-58.95864
538027750.0,-58.99103
538027812.5,-58.97895
538027875.0,-58.98568
538027937.5,-58.8802
538028000.0,-58.94623
538028062.5,-58.99499
538028125.0,-59.00888
538028187.5,-59.03442
538028250.0,-59.01878
538028312.5,-58.93319
538028375.0,-58.96765
538028437.5,-59.02623
538028500.0,-58.98318
538028562.5,-58.86119
538028625.0,-59.0461
538028687.5,-59.04438
538028750.0,-59.00782
538028812.5,-58.93987
538028875.0,-58.97795
538028937.5,-58.9548
538029000.0,-59.02198
538029062.5,-58.99233
538029125.0,-58.99324
538029187.5,-58.95938
538029250.0,-58.96542
538029312.5,-58.91167
538029375.0,-58.91237
538029437.5,-59.04092
538029500.0,-59.09181
538029562.5,-58.97581
538029625.0,-58.87086
538029687.5,-58.8724
538029750.0,-59.05547
538029812.5,-58.9742
538029875.0,-59.03499
538029937.5,-58.99845
538030000.0,-58.96503
538030062.5,-59.05465
538030125.0,-58.97579
538030187.5,-58.98471
538030250.0,-58.98023
538030312.5,-59.08707
538030375.0,-59.03976
538030437.5,-58.95601
538030500.0,-59.07175
538030562.5,-59.12737
538030625.0,-58.94223
538030687.5,-58.98786
538030750.0,-59.06228
538030812.5,-58.94981
538030875.0,-58.97839
538030937.5,-58.88129
538031000.0,-58.96088
538031062.5,-59.00626
538031125.0,-58.99874
538031187.5,-58.97725
538031250.0,-58.92395
538031312.5,-58.96016
538031375.0,-58.99504
538031437.5,-58.96901
538031500.0,-59.02093
538031562.5,-58.87431
538031625.0,-59.03481
538031687.5,-58.94427
538031750.0,-58.90186
538031812.5,-58.92995
538031875.0,-58.92954
538031937.5,-58.81853
538032000.0,-58.99152
538032062.5,-58.9523
538032125.0,-58.90725
538032187.5,-58.96393
538032250.0,-58.89215
538032312.5,-58.88695
538032375.0,-58.92868
538032437.5,-58.91711
538032500.0,-58.96486
538032562.5,-58.85194
538032625.0,-58.96886
538032687.5,-58.93267
538032750.0,-58.9692
538032812.5,-59.08162
538032875.0,-59.02073
538032937.5,-58.96862
538033000.0,-58.97566
538033062.5,-58.8873
538033125.0,-58.98512
538033187.5,-59.01505
538033250.0,-58.89525
538033312.5,-58.94331
538033375.0,-58.85468
538033437.5,-58.99859
538033500.0,-58.95741
538033562.5,-59.06933
538033625.0,-58.99223
538033687.5,-58.9474
538033750.0,-59.0718
538033812.5,-59.01367
538033875.0,-58.95555
538033937.5,-58.92001
538034000.0,-58.98036
538034062.5,-58.95437
538034125.0,-59.02689
538034187.5,-58.92815
538034250.0,-58.85445
538034312.5,-58.83398
538034375.0,-58.96159
538034437.5,-59.0153
538034500.0,-58.90298
538034562.5,-58.8983
538034625.0,-59.05445
538034687.5,-58.93
538034750.0,-59.03495
538034812.5,-58.76102
538034875.0,-58.96009
538034937.5,-58.86918
538035000.0,-58.96117
538035062.5,-58.94464
538035125.0,-58.86312
538035187.5,-58.92004
538035250.0,-58.7908
538035312.5,-58.83368
538035375.0,-58.93221
538035437.5,-58.87027
538035500.0,-59.02669
538035562.5,-58.95845
538035625.0,-59.0675
538035687.5,-58.78558
538035750.0,-58.97208
538035812.5,-58.88336
538035875.0,-58.93974
538035937.5,-58.86186
538036000.0,-58.9553
538036062.5,-58.82151
538036125.0,-58.83389
538036187.5,-58.99414
538036250.0,-58.92468
538036312.5,-59.00024
538036375.0,-58.9159
538036437.5,-58.8756
538036500.0,-58.91385
538036562.5,-58.88718
538036625.0,-58.80201
538036687.5,-58.91943
538036750.0,-58.88549
538036812.5,-58.91206
538036875.0,-58.78559
538036937.5,-58.85742
538037000.0,-58.78435
538037062.5,-58.94073
538037125.0,-58.83493
538037187.5,-58.92938
538037250.0,-58.8143
538037312.5,-58.91185
538037375.0,-58.93279
538037437.5,-58.89539
538037500.0,-58.86629
538037562.5,-58.85786
538037625.0,-58.82059
538037687.5,-58.89938
538037750.0,-58.85668
538037812.5,-58.73986
538037875.0,-58.88588
538037937.5,-58.88159
538038000.0,-58.8763
538038062.5,-58.87356
538038125.0,-58.86432
538038187.5,-58.81631
538038250.0,-58.87735
538038312.5,-58.8756
538038375.0,-58.88975
538038437.5,-58.87821
538038500.0,-58.95972
538038562.5,-58.84089
538038625.0,-58.77657
538038687.5,-58.89912
538038750.0,-58.91678
538038812.5,-58.89789
538038875.0,-58.81969
538038937.5,-58.78134
538039000.0,-58.8646
538039062.5,-58.8593
538039125.0,-58.96835
538039187.5,-58.9185
538039250.0,-58.86895
538039312.5,-58.83498
538039375.0,-58.88289
538039437.5,-58.85901
538039500.0,-58.94224
538039562.5,-58.93172
538039625.0,-58.7854
538039687.5,-58.8425
538039750.0,-59.01669
538039812.5,-58.95285
538039875.0,-58.80551
538039937.5,-58.9388
538040000.0,-58.84572
538040062.5,-58.84409
538040125.0,-58.88756
538040187.5,-58.8678
538040250.0,-58.86487
538040312.5,-58.87854
538040375.0,-58.82438
538040437.5,-58.9735
538040500.0,-58.77539
538040562.5,-58.77427
538040625.0,-58.9256
538040687.5,-58.9091
538040750.0,-58.83039
538040812.5,-58.85744
538040875.0,-58.88901
538040937.5,-58.92542
538041000.0,-58.86012
538041062.5,-58.9362
538041125.0,-58.85197
538041187.5,-58.87951
538041250.0,-58.84408
538041312.5,-58.89187
538041375.0,-58.83735
538041437.5,-58.78176
538041500.0,-58.92636
538041562.5,-58.91066
538041625.0,-58.8589
538041687.5,-58.87554
538041750.0,-58.86303
538041812.5,-58.84197
538041875.0,-58.84055
538041937.5,-58.75194
538042000.0,-58.93066
538042062.5,-58.84143
538042125.0,-58.86375
538042187.5,-58.92799
538042250.0,-58.93677
538042312.5,-58.77857
538042375.0,-58.72793
538042437.5,-58.78585
538042500.0,-58.83992
538042562.5,-58.80534
538042625.0,-58.98945
538042687.5,-58.87684
538042750.0,-58.89637
538042812.5,-58.80725
538042875.0,-58.74784
538042937.5,-58.90934
538043000.0,-58.88325
538043062.5,-58.86667
538043125.0,-58.83578
538043187.5,-58.83662
538043250.0,-58.81412
538043312.5,-58.80742
538043375.0,-58.88663
538043437.5,-58.75855
538043500.0,-58.81386
538043562.5,-58.83939
538043625.0,-58.68303
538043687.5,-58.73385
538043750.0,-58.92464
538043812.5,-58.85249
538043875.0,-58.91826
538043937.5,-58.88564
538044000.0,-58.86003
538044062.5,-58.81207
538044125.0,-58.91158
538044187.5,-58.85004
538044250.0,-58.88477
538044312.5,-58.86069
538044375.0,-58.8188
538044437.5,-58.83919
538044500.0,-58.75901
538044562.5,-58.76907
538044625.0,-58.88546
538044687.5,-58.90035
538044750.0,-58.83268
538044812.5,-58.72758
538044875.0,-58.73931
538044937.5,-58.94852
538045000.0,-58.71433
538045062.5,-58.82315
538045125.0,-58.87751
538045187.5,-58.94785
538045250.0,-58.9183
538045312.5,-58.91487
538045375.0,-58.7347
538045437.5,-58.87567
538045500.0,-58.77994
538045562.5,-58.93098
538045625.0,-58.84605
538045687.5,-58.81684
538045750.0,-58.70293
538045812.5,-58.70557
538045875.0,-58.9224
538045937.5,-58.75074
538046000.0,-58.89687
538046062.5,-58.8498
538046125.0,-58.88558
538046187.5,-58.87052
538046250.0,-58.71729
538046312.5,-58.84233
538046375.0,-58.75069
538046437.5,-58.88169
538046500.0,-58.85603
538046562.5,-58.89803
538046625.0,-58.75039
538046687.5,-58.83428
538046750.0,-58.67631
538046812.5,-58.75236
538046875.0,-58.84852
538046937.5,-58.93322
538047000.0,-58.77806
538047062.5,-58.77816
538047125.0,-58.70908
538047187.5,-58.80676
538047250.0,-58.8774
538047312.5,-58.76169
538047375.0,-58.90059
538047437.5,-58.8791
538047500.0,-58.90355
538047562.5,-58.72641
538047625.0,-58.84277
538047687.5,-58.8289
538047750.0,-58.7897
538047812.5,-58.79077
538047875.0,-58.86284
538047937.5,-58.81119
538048000.0,-58.85878
538048062.5,-58.73009
538048125.0,-58.83903
538048187.5,-58.82838
538048250.0,-58.84295
538048312.5,-58.83633
538048375.0,-58.87075
538048437.5,-58.79275
538048500.0,-58.80432
538048562.5,-58.7022
538048625.0,-58.80864
538048687.5,-58.80657
538048750.0,-58.72712
538048812.5,-58.79353
538048875.0,-58.86109
538048937.5,-58.76029
538049000.0,-58.87246
538049062.5,-58.80725
538049125.0,-58.77596
538049187.5,-58.78825
538049250.0,-58.8136
538049312.5,-58.84181
538049375.0,-58.84562
538049437.5,-58.78852
538049500.0,-58.67859
538049562.5,-58.79493
538049625.0,-58.84641
538049687.5,-58.6961
538049750.0,-58.74196
538049812.5,-58.84308
538049875.0,-58.76268
538049937.5,-58.70981
538050000.0,-58.86655
538050062.5,-58.8245
538050125.0,-58.82117
538050187.5,-58.77666
538050250.0,-58.86766
538050312.5,-58.77377
538050375.0,-58.74299
538050437.5,-58.72388
538050500.0,-58.73499
538050562.5,-58.90079
538050625.0,-58.84211
538050687.5,-58.68728
538050750.0,-58.77638
538050812.5,-58.75444
538050875.0,-58.75485
538050937.5,-58.78649
538051000.0,-58.9118
538051062.5,-58.73614
538051125.0,-58.75417
538051187.5,-58.84905
538051250.0,-58.8455
538051312.5,-58.65159
538051375.0,-58.76433
538051437.5,-58.79126
538051500.0,-58.77385
538051562.5,-58.80022
538051625.0,-58.80397
538051687.5,-58.76213
538051750.0,-58.71282
538051812.5,-58.7467
538051875.0,-58.77533
538051937.5,-58.82906
538052000.0,-58.80263
538052062.5,-58.71465
538052125.0,-58.79491
538052187.5,-58.72534
538052250.0,-58.79915
538052312.5,-58.76572
538052375.0,-58.75875
538052437.5,-58.76107
538052500.0,-58.75636
538052562.5,-58.69519
538052625.0,-58.65959
538052687.5,-58.76631
538052750.0,-58.68843
538052812.5,-58.75377
538052875.0,-58.80856
538052937.5,-58.815
538053000.0,-58.70495
538053062.5,-58.8052
538053125.0,-58.72443
538053187.5,-58.6814
538053250.0,-58.76381
538053312.5,-58.76544
538053375.0,-58.81152
538053437.5,-58.82651
538053500.0,-58.7122
538053562.5,-58.90546
538053625.0,-58.74395
538053687.5,-58.8693
538053750.0,-58.65457
538053812.5,-58.73956
538053875.0,-58.74334
538053937.5,-58.77562
538054000.0,-58.78609
538054062.5,-58.73929
538054125.0,-58.59946
538054187.5,-58.60057
538054250.0,-58.89645
538054312.5,-58.71451
538054375.0,-58.78349
538054437.5,-58.74836
538054500.0,-58.86655
538054562.5,-58.77924
538054625.0,-58.7793
538054687.5,-58.77245
538054750.0,-58.80922
538054812.5,-58.62711
538054875.0,-58.71798
538054937.5,-58.73969
538055000.0,-58.70708
538055062.5,-58.68756
538055125.0,-58.72009
538055187.5,-58.6864
538055250.0,-58.67136
538055312.5,-58.75113
538055375.0,-58.83751
538055437.5,-58.72251
538055500.0,-58.74164
538055562.5,-58.67652
538055625.0,-58.56936
538055687.5,-58.81203
538055750.0,-58.58269
538055812.5,-58.72347
538055875.0,-58.7418
538055937.5,-58.67942
538056000.0,-58.81557
538056062.5,-58.72838
538056125.0,-58.61493
538056187.5,-58.81685
538056250.0,-58.7472
538056312.5,-58.75112
538056375.0,-58.62745
538056437.5,-58.77846
538056500.0,-58.74359
538056562.5,-58.68454
538056625.0,-58.6731
538056687.5,-58.68018
538056750.0,-58.75937
538056812.5,-58.76604
538056875.0,-58.78584
538056937.5,-58.76971
538057000.0,-58.72904
538057062.5,-58.67062
538057125.0,-58.73166
538057187.5,-58.605
538057250.0,-58.59285
538057312.5,-58.78675
538057375.0,-58.72601
538057437.5,-58.73144
538057500.0,-58.6833
538057562.5,-58.76996
538057625.0,-58.75637
538057687.5,-58.66648
538057750.0,-58.7709
538057812.5,-58.82514
538057875.0,-58.68806
538057937.5,-58.70551
538058000.0,-58.72915
538058062.5,-58.66145
538058125.0,-58.57748
538058187.5,-58.64833
538058250.0,-58.73847
538058312.5,-58.63718
538058375.0,-58.70775
538058437.5,-58.68044
538058500.0,-58.77354
538058562.5,-58.74308
538058625.0,-58.77026
538058687.5,-58.77839
538058750.0,-58.75722
538058812.5,-58.74958
538058875.0,-58.68515
538058937.5,-58.72788
538059000.0,-58.59937
538059062.5,-58.70699
538059125.0,-58.69729
538059187.5,-58.65049
538059250.0,-58.77478
538059312.5,-58.6623
538059375.0,-58.64519
538059437.5,-58.67417
538059500.0,-58.72739
538059562.5,-58.627
538059625.0,-58.73659
538059687.5,-58.69279
538059750.0,-58.69839
538059812.5,-58.69529
538059875.0,-58.62653
538059937.5,-58.7089
538060000.0,-58.72492
538060062.5,-58.65366
538060125.0,-58.73727
538060187.5,-58.68428
538060250.0,-58.74735
538060312.5,-58.7114
538060375.0,-58.68529
538060437.5,-58.73331
538060500.0,-58.76401
538060562.5,-58.76111
538060625.0,-58.64442
538060687.5,-58.66948
538060750.0,-58.87445
538060812.5,-58.79459
538060875.0,-58.6425
538060937.5,-58.63846
538061000.0,-58.72907
538061062.5,-58.68478
538061125.0,-58.72187
538061187.5,-58.72974
538061250.0,-58.76564
538061312.5,-58.66213
538061375.0,-58.7076
538061437.5,-58.69421
538061500.0,-58.71104
538061562.5,-58.64513
538061625.0,-58.60789
538061687.5,-58.58199
538061750.0,-58.71577
538061812.5,-58.67589
538061875.0,-58.70744
538061937.5,-58.56374
538062000.0,-58.53104
538062062.5,-58.5205
538062125.0,-58.70753
538062187.5,-58.71514
538062250.0,-58.64706
538062312.5,-58.72603
538062375.0,-58.69259
538062437.5,-58.72078
538062500.0,-58.6102
538062562.5,-58.66873
538062625.0,-58.64258
538062687.5,-58.714
538062750.0,-58.67668
538062812.5,-58.73625
538062875.0,-58.65935
538062937.5,-58.64315
538063000.0,-58.6974
538063062.5,-58.70262
538063125.0,-58.6092
538063187.5,-58.64584
538063250.0,-58.66372
538063312.5,-58.66618
538063375.0,-58.53523
538063437.5,-58.6969
538063500.0,-58.73934
538063562.5,-58.61837
538063625.0,-58.61898
538063687.5,-58.69934
538063750.0,-58.69274
538063812.5,-58.65502
538063875.0,-58.65838
538063937.5,-58.67089
538064000.0,-58.65822
538064062.5,-58.63598
538064125.0,-58.58709
538064187.5,-58.63903
538064250.0,-58.70414
538064312.5,-58.60764
538064375.0,-58.68449
538064437.5,-58.70234
538064500.0,-58.6276
538064562.5,-58.64459
538064625.0,-58.64476
538064687.5,-58.57837
538064750.0,-58.7125
538064812.5,-58.64757
538064875.0,-58.62505
538064937.5,-58.61053
538065000.0,-58.74165
538065062.5,-58.70479
538065125.0,-58.70301
538065187.5,-58.59481
538065250.0,-58.6117
538065312.5,-58.5613
538065375.0,-58.71869
538065437.5,-58.72405
538065500.0,-58.63033
538065562.5,-58.69698
538065625.0,-58.63157
538065687.5,-58.62661
538065750.0,-58.57913
538065812.5,-58.6227
538065875.0,-58.64173
538065937.5,-58.62068
538066000.0,-58.5925
538066062.5,-58.69711
538066125.0,-58.69142
538066187.5,-58.57477
538066250.0,-58.49673
538066312.5,-58.58524
538066375.0,-58.62815
538066437.5,-58.60052
538066500.0,-58.52061
538066562.5,-58.59802
538066625.0,-58.64553
538066687.5,-58.66159
538066750.0,-58.5345
538066812.5,-58.59286
538066875.0,-58.68532
538066937.5,-58.56581
538067000.0,-58.62142
538067062.5,-58.56579
538067125.0,-58.62484
538067187.5,-58.58568
538067250.0,-58.70925
538067312.5,-58.61455
538067375.0,-58.5563
538067437.5,-58.72931
538067500.0,-58.55346
538067562.5,-58.56995
538067625.0,-58.57494
538067687.5,-58.65591
538067750.0,-58.56279
538067812.5,-58.66846
538067875.0,-58.54024
538067937.5,-58.66839
538068000.0,-58.60317
538068062.5,-58.50928
538068125.0,-58.60291
538068187.5,-58.61629
538068250.0,-58.70328
538068312.5,-58.71472
538068375.0,-58.55628
538068437.5,-58.5675
538068500.0,-58.61108
538068562.5,-58.53572
538068625.0,-58.6814
538068687.5,-58.67557
538068750.0,-58.48595
538068812.5,-58.64281
538068875.0,-58.77039
538068937.5,-58.60541
538069000.0,-58.66164
538069062.5,-58.63424
538069125.0,-58.59846
538069187.5,-58.54694
538069250.0,-58.68331
538069312.5,-58.5773
538069375.0,-58.56361
538069437.5,-58.65368
538069500.0,-58.60228
538069562.5,-58.59061
538069625.0,-58.56564
538069687.5,-58.5974
538069750.0,-58.64386
538069812.5,-58.56816
538069875.0,-58.54282
538069937.5,-58.57629
538070000.0,-58.54372
538070062.5,-58.67852
538070125.0,-58.53807
538070187.5,-58.52371
538070250.0,-58.51091
538070312.5,-58.56257
538070375.0,-58.51943
538070437.5,-58.53276
538070500.0,-58.58312
538070562.5,-58.558
538070625.0,-58.67737
538070687.5,-58.62513
538070750.0,-58.58606
538070812.5,-58.64603
538070875.0,-58.52537
538070937.5,-58.53666
538071000.0,-58.65365
538071062.5,-58.63268
538071125.0,-58.5324
538071187.5,-58.59935
538071250.0,-58.54319
538071312.5,-58.52475
538071375.0,-58.60438
538071437.5,-58.56941
538071500.0,-58.66319
538071562.5,-58.39912
538071625.0,-58.55483
538071687.5,-58.64558
538071750.0,-58.52264
538071812.5,-58.54834
538071875.0,-58.58831
538071937.5,-58.59678
538072000.0,-58.71146
538072062.5,-58.51968
538072125.0,-58.50395
538072187.5,-58.55857
538072250.0,-58.61263
538072312.5,-58.5513
538072375.0,-58.60891
538072437.5,-58.54548
538072500.0,-58.64196
538072562.5,-58.55202
538072625.0,-58.66259
538072687.5,-58.43941
538072750.0,-58.62301
538072812.5,-58.50153
538072875.0,-58.55269
538072937.5,-58.48161
538073000.0,-58.48746
538073062.5,-58.67229
538073125.0,-58.61374
538073187.5,-58.45469
538073250.0,-58.54016
538073312.5,-58.54639
538073375.0,-58.52651
538073437.5,-58.54189
538073500.0,-58.50177
538073562.5,-58.59551
538073625.0,-58.53978
538073687.5,-58.51273
538073750.0,-58.65384
538073812.5,-58.5595
538073875.0,-58.60249
538073937.5,-58.59579
538074000.0,-58.44831
538074062.5,-58.65545
538074125.0,-58.53637
538074187.5,-58.4872
538074250.0,-58.51129
538074312.5,-58.48274
538074375.0,-58.57742
538074437.5,-58.49921
538074500.0,-58.51538
538074562.5,-58.54991
538074625.0,-58.58814
538074687.5,-58.53614
538074750.0,-58.60006
538074812.5,-58.50388
538074875.0,-58.49228
538074937.5,-58.55027
538075000.0,-58.44083
538075062.5,-58.45527
538075125.0,-58.47772
538075187.5,-58.59678
538075250.0,-58.47961
538075312.5,-58.49239
538075375.0,-58.59703
538075437.5,-58.50156
538075500.0,-58.42719
538075562.5,-58.6352
538075625.0,-58.61651
538075687.5,-58.42553
538075750.0,-58.47766
538075812.5,-58.57456
538075875.0,-58.57056
538075937.5,-58.54156
538076000.0,-58.50049
538076062.5,-58.56351
538076125.0,-58.5648
538076187.5,-58.64787
538076250.0,-58.56899
538076312.5,-58.5746
538076375.0,-58.58052
538076437.5,-58.55964
538076500.0,-58.47995
538076562.5,-58.45763
538076625.0,-58.52642
538076687.5,-58.55547
538076750.0,-58.35698
538076812.5,-58.50283
538076875.0,-58.53197
538076937.5,-58.55186
538077000.0,-58.47097
538077062.5,-58.49849
538077125.0,-58.59409
538077187.5,-58.48879
538077250.0,-58.58132
538077312.5,-58.58392
538077375.0,-58.50665
538077437.5,-58.42849
538077500.0,-58.51986
538077562.5,-58.46632
538077625.0,-58.51259
538077687.5,-58.43748
538077750.0,-58.70983
538077812.5,-58.51732
538077875.0,-58.5233
538077937.5,-58.4515
538078000.0,-58.51805
538078062.5,-58.40802
538078125.0,-58.51712
538078187.5,-58.55083
538078250.0,-58.55645
538078312.5,-58.39562
538078375.0,-58.50651
538078437.5,-58.50839
538078500.0,-58.54594
538078562.5,-58.50732
538078625.0,-58.46139
538078687.5,-58.53376
538078750.0,-58.60696
538078812.5,-58.48093
538078875.0,-58.51384
538078937.5,-58.56684
538079000.0,-58.51073
538079062.5,-58.51459
538079125.0,-58.4888
538079187.5,-58.5289
538079250.0,-58.48679
538079312.5,-58.48624
538079375.0,-58.51087
538079437.5,-58.40461
538079500.0,-58.49814
538079562.5,-58.44848
538079625.0,-58.48023
538079687.5,-58.47618
538079750.0,-58.56454
538079812.5,-58.55695
538079875.0,-58.43112
538079937.5,-58.54184
538080000.0,-58.49291
538080062.5,-58.51714
538080125.0,-58.41219
538080187.5,-58.47778
538080250.0,-58.51253
538080312.5,-58.51224
538080375.0,-58.46808
538080437.5,-58.51548
538080500.0,-58.48935
538080562.5,-58.58191
538080625.0,-58.53234
538080687.5,-58.54123
538080750.0,-58.50962
538080812.5,-58.37514
538080875.0,-58.48341
538080937.5,-58.4574
538081000.0,-58.55668
538081062.5,-58.43243
538081125.0,-58.5714
538081187.5,-58.48923
538081250.0,-58.3755
538081312.5,-58.43495
538081375.0,-58.55614
538081437.5,-58.4208
538081500.0,-58.55217
538081562.5,-58.52489
538081625.0,-58.41239
538081687.5,-58.536
538081750.0,-58.51582
538081812.5,-58.5424
538081875.0,-58.52901
538081937.5,-58.33481
538082000.0,-58.50948
538082062.5,-58.53097
538082125.0,-58.44411
538082187.5,-58.50814
538082250.0,-58.40066
538082312.5,-58.50724
538082375.0,-58.48734
538082437.5,-58.46429
538082500.0,-58.41963
538082562.5,-58.47734
538082625.0,-58.44667
538082687.5,-58.46616
538082750.0,-58.54144
538082812.5,-58.43654
538082875.0,-58.41854
538082937.5,-58.39541
538083000.0,-58.46637
538083062.5,-58.35592
538083125.0,-58.46917
538083187.5,-58.40096
538083250.0,-58.46164
538083312.5,-58.48842
538083375.0,-58.44494
538083437.5,-58.41755
538083500.0,-58.51407
538083562.5,-58.33303
538083625.0,-58.56659
538083687.5,-58.4224
538083750.0,-58.38016
538083812.5,-58.40472
538083875.0,-58.49535
538083937.5,-58.48468
538084000.0,-58.4115
538084062.5,-58.48204
538084125.0,-58.40765
538084187.5,-58.44285
538084250.0,-58.54857
538084312.5,-58.40688
538084375.0,-58.47936
538084437.5,-58.41811
538084500.0,-58.40321
538084562.5,-58.47897
538084625.0,-58.56628
538084687.5,-58.3483
538084750.0,-58.45769
538084812.5,-58.36233
538084875.0,-58.37943
538084937.5,-58.46598
538085000.0,-58.48756
538085062.5,-58.31413
538085125.0,-58.41685
538085187.5,-58.39172
538085250.0,-58.55001
538085312.5,-58.59733
538085375.0,-58.43339
538085437.5,-58.37648
538085500.0,-58.51513
538085562.5,-58.44031
538085625.0,-58.44912
538085687.5,-58.38964
538085750.0,-58.46547
538085812.5,-58.424
538085875.0,-58.46656
538085937.5,-58.54052
538086000.0,-58.43847
538086062.5,-58.45132
538086125.0,-58.49157
538086187.5,-58.44845
538086250.0,-58.3624
538086312.5,-58.45573
538086375.0,-58.34377
538086437.5,-58.41207
538086500.0,-58.42421
538086562.5,-58.29663
538086625.0,-58.44426
538086687.5,-58.47587
538086750.0,-58.54422
538086812.5,-58.35641
538086875.0,-58.43393
538086937.5,-58.47789
538087000.0,-58.35371
538087062.5,-58.53206
538087125.0,-58.34748
538087187.5,-58.45341
538087250.0,-58.39799
538087312.5,-58.51712
538087375.0,-58.44215
538087437.5,-58.41892
538087500.0,-58.47414
538087562.5,-58.46345
538087625.0,-58.37063
538087687.5,-58.49257
538087750.0,-58.40513
538087812.5,-58.50159
538087875.0,-58.34339
538087937.5,-58.38197
538088000.0,-58.42908
538088062.5,-58.34206
538088125.0,-58.37043
538088187.5,-58.40607
538088250.0,-58.31777
538088312.5,-58.42799
538088375.0,-58.54266
538088437.5,-58.42046
538088500.0,-58.40936
538088562.5,-58.50043
538088625.0,-58.36472
538088687.5,-58.39912
538088750.0,-58.36505
538088812.5,-58.3953
538088875.0,-58.40479
538088937.5,-58.47739
538089000.0,-58.37223
538089062.5,-58.42308
538089125.0,-58.42704
538089187.5,-58.48195
538089250.0,-58.39102
538089312.5,-58.42078
538089375.0,-58.35859
538089437.5,-58.33662
538089500.0,-58.41552
538089562.5,-58.44278
538089625.0,-58.40221
538089687.5,-58.32781
538089750.0,-58.51745
538089812.5,-58.44626
538089875.0,-58.29687
538089937.5,-58.33976
538090000.0,-58.49649
538090062.5,-58.41061
538090125.0,-58.34262
538090187.5,-58.49591
538090250.0,-58.29354
538090312.5,-58.43052
538090375.0,-58.38008
538090437.5,-58.33903
538090500.0,-58.4902
538090562.5,-58.35295
538090625.0,-58.38199
538090687.5,-58.44965
538090750.0,-58.38417
538090812.5,-58.32372
538090875.0,-58.34219
538090937.5,-58.40725
538091000.0,-58.40077
538091062.5,-58.34943
538091125.0,-58.41051
538091187.5,-58.43811
538091250.0,-58.35207
538091312.5,-58.37585
538091375.0,-58.38369
538091437.5,-58.36674
538091500.0,-58.3976
538091562.5,-58.40626
538091625.0,-58.3792
538091687.5,-58.41967
538091750.0,-58.34422
538091812.5,-58.43007
538091875.0,-58.34295
538091937.5,-58.39896
538092000.0,-58.44204
538092062.5,-58.37872
538092125.0,-58.33355
538092187.5,-58.39662
538092250.0,-58.44244
538092312.5,-58.38926
538092375.0,-58.41953
538092437.5,-58.47171
538092500.0,-58.27274
538092562.5,-58.258
538092625.0,-58.35251
538092687.5,-58.37222
538092750.0,-58.32608
538092812.5,-58.30212
538092875.0,-58.31883
538092937.5,-58.40329
538093000.0,-58.38419
538093062.5,-58.32939
538093125.0,-58.34944
538093187.5,-58.48224
538093250.0,-58.36257
538093312.5,-58.35241
538093375.0,-58.40421
538093437.5,-58.34371
538093500.0,-58.40512
538093562.5,-58.31837
538093625.0,-58.3746
538093687.5,-58.37667
538093750.0,-58.32962
538093812.5,-58.30372
538093875.0,-58.44184
538093937.5,-58.31047
538094000.0,-58.36903
538094062.5,-58.33602
538094125.0,-58.43474
538094187.5,-58.33538
538094250.0,-58.29902
538094312.5,-58.33051
538094375.0,-58.43927
538094437.5,-58.24384
538094500.0,-58.29087
538094562.5,-58.35326
538094625.0,-58.30606
538094687.5,-58.38384
538094750.0,-58.38095
538094812.5,-58.3294
538094875.0,-58.34287
538094937.5,-58.25611
538095000.0,-58.32564
538095062.5,-58.31334
538095125.0,-58.24644
538095187.5,-58.48491
538095250.0,-58.35835
538095312.5,-58.35684
538095375.0,-58.39256
538095437.5,-58.44973
538095500.0,-58.3106
538095562.5,-58.33509
538095625.0,-58.22768
538095687.5,-58.41254
538095750.0,-58.27859
538095812.5,-58.44937
538095875.0,-58.37713
538095937.5,-58.26706
538096000.0,-58.38486
538096062.5,-58.38656
538096125.0,-58.34075
538096187.5,-58.25891
538096250.0,-58.26932
538096312.5,-58.33789
538096375.0,-58.40185
538096437.5,-58.28352
538096500.0,-58.43107
538096562.5,-58.21075
538096625.0,-58.28611
538096687.5,-58.41391
538096750.0,-58.34681
538096812.5,-58.29928
538096875.0,-58.37878
538096937.5,-58.37128
538097000.0,-58.28209
538097062.5,-58.38348
538097125.0,-58.2776
538097187.5,-58.37518
538097250.0,-58.43365
538097312.5,-58.17253
538097375.0,-58.38025
538097437.5,-58.30085
538097500.0,-58.25678
538097562.5,-58.3528
538097625.0,-58.3424
538097687.5,-58.34907
538097750.0,-58.2988
538097812.5,-58.3138
538097875.0,-58.33911
538097937.5,-58.37107
538098000.0,-58.34484
538098062.5,-58.18098
538098125.0,-58.32473
538098187.5,-58.32304
538098250.0,-58.34099
538098312.5,-58.32441
538098375.0,-58.44849
538098437.5,-58.24687
538098500.0,-58.3694
538098562.5,-58.27179
538098625.0,-58.34194
538098687.5,-58.30716
538098750.0,-58.41533
538098812.5,-58.33877
538098875.0,-58.21859
538098937.5,-58.31948
538099000.0,-58.24279
538099062.5,-58.34984
538099125.0,-58.32573
538099187.5,-58.37634
538099250.0,-58.27261
538099312.5,-58.34235
538099375.0,-58.27952
538099437.5,-58.263
538099500.0,-58.33809
538099562.5,-58.36266
538099625.0,-58.35979
538099687.5,-58.26676
538099750.0,-58.36395
538099812.5,-58.29643
538099875.0,-58.36049
538099937.5,-58.29668
538100000.0,-58.39165
538100062.5,-58.34678
538100125.0,-58.29287
538100187.5,-58.32992
538100250.0,-58.29702
538100312.5,-58.36679
538100375.0,-58.28627
538100437.5,-58.27676
538100500.0,-58.22861
538100562.5,-58.26983
538100625.0,-58.28336
538100687.5,-58.30857
538100750.0,-58.30414
538100812.5,-58.36866
538100875.0,-58.34941
538100937.5,-58.29716
538101000.0,-58.34961
538101062.5,-58.23563
538101125.0,-58.37203
538101187.5,-58.29257
538101250.0,-58.30165
538101312.5,-58.27085
538101375.0,-58.19005
538101437.5,-58.3983
538101500.0,-58.23602
538101562.5,-58.32705
538101625.0,-58.31802
538101687.5,-58.22985
538101750.0,-58.27077
538101812.5,-58.22551
538101875.0,-58.23799
538101937.5,-58.31132
538102000.0,-58.28273
538102062.5,-58.22581
538102125.0,-58.36894
538102187.5,-58.3691
538102250.0,-58.23173
538102312.5,-58.22105
538102375.0,-58.30148
538102437.5,-58.31174
538102500.0,-58.29865
538102562.5,-58.27838
538102625.0,-58.38638
538102687.5,-58.23453
538102750.0,-58.31686
538102812.5,-58.33575
538102875.0,-58.2878
538102937.5,-58.2678
538103000.0,-58.20216
538103062.5,-58.38893
538103125.0,-58.2426
538103187.5,-58.25165
538103250.0,-58.30708
538103312.5,-58.2924
538103375.0,-58.14063
538103437.5,-58.27429
538103500.0,-58.21168
538103562.5,-58.28799
538103625.0,-58.21268
538103687.5,-58.2699
538103750.0,-58.28394
538103812.5,-58.37241
538103875.0,-58.25506
538103937.5,-58.1538
538104000.0,-58.2313
538104062.5,-58.21195
538104125.0,-58.25379
538104187.5,-58.29282
538104250.0,-58.22565
538104312.5,-58.26138
538104375.0,-58.21621
538104437.5,-58.22794
538104500.0,-58.28574
538104562.5,-58.28788
538104625.0,-58.24056
538104687.5,-58.28488
538104750.0,-58.27553
538104812.5,-58.29427
538104875.0,-58.16627
538104937.5,-58.27427
538105000.0,-58.2513
538105062.5,-58.28416
538105125.0,-58.14182
538105187.5,-58.20301
538105250.0,-58.20819
538105312.5,-58.20883
538105375.0,-58.24664
538105437.5,-58.25622
538105500.0,-58.28873
538105562.5,-58.12667
538105625.0,-58.31201
538105687.5,-58.25394
538105750.0,-58.23604
538105812.5,-58.19581
538105875.0,-58.22936
538105937.5,-58.30441
538106000.0,-58.25378
538106062.5,-58.30795
538106125.0,-58.31532
538106187.5,-58.23293
538106250.0,-58.2206
538106312.5,-58.24595
538106375.0,-58.31249
538106437.5,-58.27079
538106500.0,-58.2431
538106562.5,-58.21945
538106625.0,-58.24656
538106687.5,-58.23984
538106750.0,-58.30735
538106812.5,-58.20854
538106875.0,-58.22796
538106937.5,-58.24523
538107000.0,-58.29778
538107062.5,-58.16915
538107125.0,-58.2202
538107187.5,-58.23416
538107250.0,-58.17791
538107312.5,-58.26339
538107375.0,-58.29129
538107437.5,-58.21644
538107500.0,-58.19282
538107562.5,-58.20369
538107625.0,-58.16822
538107687.5,-58.26921
538107750.0,-58.22305
538107812.5,-58.21233
538107875.0,-58.22723
538107937.5,-58.2361
538108000.0,-58.24539
538108062.5,-58.13669
538108125.0,-58.19766
538108187.5,-58.20126
538108250.0,-58.31523
538108312.5,-58.21331
538108375.0,-58.12946
538108437.5,-58.16542
538108500.0,-58.16837
538108562.5,-58.21791
538108625.0,-58.24673
538108687.5,-58.19503
538108750.0,-58.25895
538108812.5,-58.1819
538108875.0,-58.22427
538108937.5,-58.22494
538109000.0,-58.16927
538109062.5,-58.1843
538109125.0,-58.16831
538109187.5,-58.14581
538109250.0,-58.20292
538109312.5,-58.29435
538109375.0,-58.22779
538109437.5,-58.11091
538109500.0,-58.27856
538109562.5,-58.09829
538109625.0,-58.20361
538109687.5,-58.24337
538109750.0,-58.13285
538109812.5,-58.14296
538109875.0,-58.2067
538109937.5,-58.25758
538110000.0,-58.18967
538110062.5,-58.19038
538110125.0,-58.1377
538110187.5,-58.13259
538110250.0,-58.26019
538110312.5,-58.163
538110375.0,-58.15229
538110437.5,-58.12283
538110500.0,-58.23438
538110562.5,-58.19565
538110625.0,-58.26292
538110687.5,-58.23604
538110750.0,-58.21244
538110812.5,-58.14771
538110875.0,-58.21175
538110937.5,-58.27367
538111000.0,-58.03515
538111062.5,-58.13599
538111125.0,-58.17854
538111187.5,-58.15002
538111250.0,-58.16437
538111312.5,-58.19627
538111375.0,-58.03172
538111437.5,-58.10225
538111500.0,-58.2281
538111562.5,-58.19732
538111625.0,-58.1678
538111687.5,-58.15326
538111750.0,-58.18605
538111812.5,-58.13932
538111875.0,-58.26031
538111937.5,-58.23981
538112000.0,-58.17219
538112062.5,-58.18023
538112125.0,-58.04222
538112187.5,-58.18589
538112250.0,-58.10853
538112312.5,-58.12886
538112375.0,-58.22888
538112437.5,-58.11212
538112500.0,-58.23693
538112562.5,-58.18619
538112625.0,-58.21279
538112687.5,-58.19958
538112750.0,-58.12539
538112812.5,-58.19451
538112875.0,-58.18317
538112937.5,-58.15924
538113000.0,-58.16919
538113062.5,-58.15421
538113125.0,-58.14229
538113187.5,-58.1833
538113250.0,-58.13561
538113312.5,-58.15846
538113375.0,-58.1655
538113437.5,-58.21732
538113500.0,-58.11061
538113562.5,-58.14232
538113625.0,-58.17062
538113687.5,-58.15384
538113750.0,-58.19417
538113812.5,-58.15214
538113875.0,-58.13321
538113937.5,-58.11585
538114000.0,-58.17025
538114062.5,-58.10385
538114125.0,-58.1376
538114187.5,-58.17569
538114250.0,-58.16858
538114312.5,-58.1194
538114375.0,-58.09567
538114437.5,-58.26744
538114500.0,-58.11268
538114562.5,-58.20799
538114625.0,-58.26083
538114687.5,-58.14016
538114750.0,-58.24697
538114812.5,-58.2385
538114875.0,-58.11268
538114937.5,-58.20995
538115000.0,-58.21268
538115062.5,-58.07702
538115125.0,-58.12505
538115187.5,-58.20114
538115250.0,-58.09006
538115312.5,-58.08226
538115375.0,-58.17645
538115437.5,-58.07262
538115500.0,-58.03008
538115562.5,-58.09487
538115625.0,-58.18773
538115687.5,-58.13083
538115750.0,-58.14862
538115812.5,-58.04408
538115875.0,-58.12897
538115937.5,-58.13792
538116000.0,-58.11562
538116062.5,-58.19004
538116125.0,-58.09179
538116187.5,-58.04902
538116250.0,-58.06204
538116312.5,-58.21331
538116375.0,-58.15503
538116437.5,-58.20725
538116500.0,-58.14272
538116562.5,-58.10565
538116625.0,-58.14934
538116687.5,-58.07602
538116750.0,-58.06637
538116812.5,-58.26085
538116875.0,-58.17266
538116937.5,-58.18018
538117000.0,-58.15698
538117062.5,-58.10768
538117125.0,-58.13198
538117187.5,-58.1347
538117250.0,-58.11129
538117312.5,-58.14879
538117375.0,-58.10248
538117437.5,-58.06158
538117500.0,-58.07804
538117562.5,-58.18905
538117625.0,-58.20624
538117687.5,-58.11697
538117750.0,-58.15825
538117812.5,-58.07368
538117875.0,-58.13433
538117937.5,-58.12666
538118000.0,-58.15699
538118062.5,-58.10627
538118125.0,-58.12259
538118187.5,-58.06921
538118250.0,-58.06357
538118312.5,-58.18268
538118375.0,-58.0883
538118437.5,-58.10491
538118500.0,-58.1306
538118562.5,-58.04755
538118625.0,-58.10109
538118687.5,-58.15993
538118750.0,-58.14106
538118812.5,-58.14185
538118875.0,-58.0852
538118937.5,-58.06569
538119000.0,-58.03682
538119062.5,-58.17292
538119125.0,-58.23027
538119187.5,-58.19976
538119250.0,-58.18296
538119312.5,-58.12986
538119375.0,-58.12392
538119437.5,-58.0723
538119500.0,-58.10431
538119562.5,-58.09958
538119625.0,-58.09004
538119687.5,-58.14944
538119750.0,-58.09817
538119812.5,-58.0783
538119875.0,-58.03959
538119937.5,-58.00742
538120000.0,-58.08256
538120062.5,-58.09755
538120125.0,-58.15834
538120187.5,-58.02172
538120250.0,-58.11513
538120312.5,-58.0447
538120375.0,-58.06684
538120437.5,-58.0644
538120500.0,-58.13396
538120562.5,-58.07061
538120625.0,-58.09955
538120687.5,-58.10187
538120750.0,-58.08907
538120812.5,-58.10307
538120875.0,-58.08171
538120937.5,-58.09431
538121000.0,-58.10032
538121062.5,-58.09162
538121125.0,-58.04314
538121187.5,-58.13765
538121250.0,-58.17968
538121312.5,-58.09301
538121375.0,-58.07917
538121437.5,-58.10129
538121500.0,-58.05998
538121562.5,-58.10298
538121625.0,-58.10641
538121687.5,-58.09506
538121750.0,-58.01075
538121812.5,-58.08057
538121875.0,-57.99073
538121937.5,-58.05523
538122000.0,-58.08412
538122062.5,-58.18079
538122125.0,-58.07665
538122187.5,-58.05055
538122250.0,-57.96375
538122312.5,-58.23295
538122375.0,-58.05245
538122437.5,-58.08877
538122500.0,-58.09038
538122562.5,-58.05932
538122625.0,-58.14208
538122687.5,-58.03427
538122750.0,-58.10524
538122812.5,-58.03466
538122875.0,-58.06092
538122937.5,-57.99395
538123000.0,-58.00518
538123062.5,-58.12622
538123125.0,-57.96634
538123187.5,-58.07016
538123250.0,-57.94907
538123312.5,-58.09486
538123375.0,-58.09529
538123437.5,-58.07533
538123500.0,-58.09153
538123562.5,-58.02709
538123625.0,-58.1001
538123687.5,-58.11271
538123750.0,-58.08482
538123812.5,-57.99075
538123875.0,-58.10244
538123937.5,-58.02504
538124000.0,-58.1441
538124062.5,-58.05023
538124125.0,-58.10926
538124187.5,-58.03509
538124250.0,-58.08958
538124312.5,-58.0275
538124375.0,-58.10868
538124437.5,-58.05474
538124500.0,-58.0859
538124562.5,-58.03836
538124625.0,-58.05234
538124687.5,-58.03344
538124750.0,-58.1562
538124812.5,-58.11522
538124875.0,-58.02472
538124937.5,-57.976
538125000.0,-57.98213
538125062.5,-57.99278
538125125.0,-58.09056
538125187.5,-58.0934
538125250.0,-58.05037
538125312.5,-58.06635
538125375.0,-58.01131
538125437.5,-58.07464
538125500.0,-58.05575
538125562.5,-58.0332
538125625.0,-58.05694
538125687.5,-58.09916
538125750.0,-58.04382
538125812.5,-58.05814
538125875.0,-58.04626
538125937.5,-57.99519
538126000.0,-58.01474
538126062.5,-57.98424
538126125.0,-58.03728
538126187.5,-58.04678
538126250.0,-58.03872
538126312.5,-58.07333
538126375.0,-58.0768
538126437.5,-58.049
538126500.0,-58.0956
538126562.5,-58.10382
538126625.0,-58.01563
538126687.5,-58.05546
538126750.0,-58.10602
538126812.5,-58.15486
538126875.0,-58.09945
538126937.5,-58.06533
538127000.0,-58.10386
538127062.5,-58.01719
538127125.0,-58.02367
538127187.5,-57.98713
538127250.0,-58.01329
538127312.5,-57.96645
538127375.0,-58.02737
538127437.5,-58.02737
538127500.0,-58.01501
538127562.5,-58.03826
538127625.0,-58.01909
538127687.5,-58.0475
538127750.0,-58.05396
538127812.5,-57.98382
538127875.0,-58.0101
538127937.5,-58.01458
538128000.0,-57.95619
538128062.5,-58.03254
538128125.0,-58.02087
538128187.5,-58.02349
538128250.0,-57.98167
538128312.5,-58.03438
538128375.0,-58.01862
538128437.5,-58.03912
538128500.0,-58.06549
538128562.5,-57.97419
538128625.0,-57.97651
538128687.5,-57.92216
538128750.0,-58.05137
538128812.5,-58.04367
538128875.0,-58.07288
538128937.5,-57.96045
538129000.0,-57.95667
538129062.5,-57.99243
538129125.0,-57.95606
538129187.5,-58.03164
538129250.0,-58.02995
538129312.5,-58.02748
538129375.0,-57.99084
538129437.5,-57.96517
538129500.0,-57.98522
538129562.5,-58.01336
538129625.0,-57.93652
538129687.5,-58.01314
538129750.0,-57.96725
538129812.5,-57.99986
538129875.0,-57.93653
538129937.5,-57.96743
538130000.0,-58.00104
538130062.5,-57.92672
538130125.0,-58.01591
538130187.5,-57.94208
538130250.0,-57.99864
538130312.5,-58.07592
538130375.0,-58.06039
538130437.5,-58.15622
538130500.0,-57.93164
538130562.5,-58.03491
538130625.0,-57.97217
538130687.5,-57.98073
538130750.0,-57.96319
538130812.5,-57.99447
538130875.0,-57.96531
538130937.5,-57.92716
538131000.0,-58.04848
538131062.5,-58.08671
538131125.0,-57.92976
538131187.5,-58.0022
538131250.0,-57.97583
538131312.5,-58.02956
538131375.0,-57.95526
538131437.5,-57.99649
538131500.0,-57.97752
538131562.5,-57.93781
538131625.0,-58.03938
538131687.5,-57.9693
538131750.0,-57.97001
538131812.5,-57.97596
538131875.0,-58.04214
538131937.5,-57.94019
538132000.0,-57.97343
538132062.5,-57.99521
538132125.0,-57.92797
538132187.5,-57.94294
538132250.0,-57.98967
538132312.5,-58.01043
538132375.0,-57.90928
538132437.5,-58.04729
538132500.0,-58.01673
538132562.5,-57.99316
538132625.0,-57.93127
538132687.5,-57.9493
538132750.0,-58.05602
538132812.5,-57.93438
538132875.0,-57.92053
538132937.5,-57.9112
538133000.0,-57.94811
538133062.5,-58.00276
538133125.0,-57.98014
538133187.5,-57.94406
538133250.0,-57.94122
538133312.5,-57.91072
538133375.0,-58.03722
538133437.5,-57.87899
538133500.0,-58.02465
538133562.5,-57.95713
538133625.0,-57.9697
538133687.5,-57.9001
538133750.0,-57.98411
538133812.5,-57.97387
538133875.0,-58.03381
538133937.5,-57.97659
538134000.0,-57.99751
538134062.5,-57.90484
538134125.0,-57.90713
538134187.5,-57.98514
538134250.0,-57.81384
538134312.5,-58.0243
538134375.0,-57.89604
538134437.5,-57.9626
538134500.0,-57.99181
538134562.5,-58.01919
538134625.0,-57.98216
538134687.5,-58.03558
538134750.0,-57.99745
538134812.5,-57.87445
538134875.0,-57.91132
538134937.5,-58.01367
538135000.0,-57.87377
538135062.5,-58.01903
538135125.0,-57.95993
538135187.5,-58.00714
538135250.0,-57.9337
538135312.5,-57.9868
538135375.0,-57.97585
538135437.5,-57.95366
538135500.0,-57.96378
538135562.5,-57.93169
538135625.0,-57.9454
538135687.5,-57.97206
538135750.0,-58.05075
538135812.5,-57.99303
538135875.0,-57.98652
538135937.5,-57.89837
538136000.0,-57.9045
538136062.5,-57.89787
538136125.0,-57.96081
538136187.5,-57.9067
538136250.0,-57.91855
538136312.5,-57.97968
538136375.0,-57.9384
538136437.5,-57.86379
538136500.0,-57.93227
538136562.5,-57.9256
538136625.0,-57.86484
538136687.5,-57.93412
538136750.0,-57.87766
538136812.5,-57.87205
538136875.0,-57.84051
538136937.5,-57.9812
538137000.0,-57.92828
538137062.5,-57.94319
538137125.0,-57.87222
538137187.5,-57.92853
538137250.0,-57.86632
538137312.5,-57.90719
538137375.0,-57.96733
538137437.5,-58.00969
538137500.0,-57.87405
538137562.5,-57.95082
538137625.0,-57.95216
538137687.5,-57.90432
538137750.0,-57.92589
538137812.5,-57.9535
538137875.0,-57.98256
538137937.5,-57.88276
538138000.0,-57.97511
538138062.5,-57.90274
538138125.0,-57.94274
538138187.5,-57.88093
538138250.0,-58.03312
538138312.5,-57.95908
538138375.0,-57.95098
538138437.5,-57.96806
538138500.0,-57.80019
538138562.5,-57.93115
538138625.0,-57.88453
538138687.5,-57.95053
538138750.0,-57.91943
538138812.5,-57.95704
538138875.0,-57.92113
538138937.5,-57.8686
538139000.0,-57.84211
538139062.5,-57.88018
538139125.0,-57.94857
538139187.5,-57.87738
538139250.0,-57.90742
538139312.5,-57.9041
538139375.0,-57.87402
538139437.5,-57.84624
538139500.0,-57.8517
538139562.5,-57.94662
538139625.0,-57.83585
538139687.5,-57.98812
538139750.0,-57.94204
538139812.5,-58.01368
538139875.0,-57.90613
538139937.5,-57.89581
538140000.0,-57.92746
538140062.5,-57.86584
538140125.0,-57.97869
538140187.5,-57.90702
538140250.0,-57.80616
538140312.5,-57.92987
538140375.0,-57.87171
538140437.5,-57.88621
538140500.0,-57.88772
538140562.5,-57.91528
538140625.0,-57.8566
538140687.5,-57.84879
538140750.0,-57.89615
538140812.5,-57.88618
538140875.0,-57.90157
538140937.5,-57.86906
538141000.0,-57.7962
538141062.5,-57.87772
538141125.0,-57.93011
538141187.5,-57.89507
538141250.0,-57.99404
538141312.5,-57.92019
538141375.0,-57.8539
538141437.5,-57.86174
538141500.0,-57.85832
538141562.5,-57.84698
538141625.0,-57.86944
538141687.5,-57.84886
538141750.0,-57.8331
538141812.5,-57.8995
538141875.0,-57.89449
538141937.5,-57.88774
538142000.0,-57.81505
538142062.5,-57.75142
538142125.0,-57.86286
538142187.5,-57.76764
538142250.0,-57.7767
538142312.5,-57.9039
538142375.0,-57.79893
538142437.5,-57.8027
538142500.0,-57.75447
538142562.5,-58.00513
538142625.0,-57.84991
538142687.5,-57.8895
538142750.0,-57.95799
538142812.5,-57.88416
538142875.0,-57.77504
538142937.5,-57.90154
538143000.0,-57.91491
538143062.5,-57.85574
538143125.0,-57.81586
538143187.5,-57.85429
538143250.0,-57.94606
538143312.5,-57.87207
538143375.0,-57.80216
538143437.5,-57.82221
538143500.0,-57.8906
538143562.5,-58.02754
538143625.0,-57.8265
538143687.5,-57.83916
538143750.0,-57.84474
538143812.5,-57.84177
538143875.0,-57.7925
538143937.5,-57.94836
538144000.0,-57.90487
538144062.5,-57.88576
538144125.0,-57.9459
538144187.5,-57.85302
538144250.0,-57.78131
538144312.5,-57.84206
538144375.0,-57.90929
538144437.5,-57.85724
538144500.0,-57.85302
538144562.5,-57.80278
538144625.0,-57.84114
538144687.5,-57.81343
538144750.0,-57.75732
538144812.5,-57.89486
538144875.0,-57.81196
538144937.5,-57.8676
538145000.0,-57.86651
538145062.5,-57.89013
538145125.0,-57.88478
538145187.5,-57.92945
538145250.0,-57.74741
538145312.5,-57.88521
538145375.0,-57.78181
538145437.5,-57.87068
538145500.0,-57.75378
538145562.5,-57.82391
538145625.0,-57.82101
538145687.5,-57.84942
538145750.0,-57.84183
538145812.5,-57.86183
538145875.0,-57.85276
538145937.5,-57.76589
538146000.0,-57.81202
538146062.5,-57.78862
538146125.0,-57.84585
538146187.5,-57.88574
538146250.0,-57.86079
538146312.5,-57.80791
538146375.0,-57.79291
538146437.5,-57.88152
538146500.0,-57.89466
538146562.5,-57.82088
538146625.0,-57.73574
538146687.5,-57.68602
538146750.0,-57.79759
538146812.5,-57.79517
538146875.0,-57.89853
538146937.5,-57.76861
538147000.0,-57.81559
538147062.5,-57.75413
538147125.0,-57.76857
538147187.5,-57.84227
538147250.0,-57.83033
538147312.5,-57.78879
538147375.0,-57.87205
538147437.5,-57.72833
538147500.0,-57.90947
538147562.5,-57.76542
538147625.0,-57.84156
538147687.5,-57.82307
538147750.0,-57.78452
538147812.5,-57.73222
538147875.0,-57.73216
538147937.5,-57.81291
538148000.0,-57.86226
538148062.5,-57.76818
538148125.0,-57.91589
538148187.5,-57.86894
538148250.0,-57.79119
538148312.5,-57.79659
538148375.0,-57.82576
538148437.5,-57.8014
538148500.0,-57.8256
538148562.5,-57.80909
538148625.0,-57.80176
538148687.5,-57.75467
538148750.0,-57.86114
538148812.5,-57.76065
538148875.0,-57.74644
538148937.5,-57.74349
538149000.0,-57.80721
538149062.5,-57.79647
538149125.0,-57.86685
538149187.5,-57.87116
538149250.0,-57.81745
538149312.5,-57.91792
538149375.0,-57.86132
538149437.5,-57.78858
538149500.0,-57.78482
538149562.5,-57.86486
538149625.0,-57.78239
538149687.5,-57.72844
538149750.0,-57.75891
538149812.5,-57.89428
538149875.0,-57.77814
538149937.5,-57.72349
538150000.0,-57.72716
538150062.5,-57.79993
538150125.0,-57.81915
538150187.5,-57.82421
538150250.0,-57.89416
538150312.5,-57.76005
538150375.0,-57.82919
538150437.5,-57.762
538150500.0,-57.82987
538150562.5,-57.79226
538150625.0,-57.87866
538150687.5,-57.79868
538150750.0,-57.72361
538150812.5,-57.67333
538150875.0,-57.77171
538150937.5,-57.82439
538151000.0,-57.72539
538151062.5,-57.75415
538151125.0,-57.83693
538151187.5,-57.81012
538151250.0,-57.75179
538151312.5,-57.82393
538151375.0,-57.84354
538151437.5,-57.73915
538151500.0,-57.77803
538151562.5,-57.83452
538151625.0,-57.69262
538151687.5,-57.77943
538151750.0,-57.74089
538151812.5,-57.77172
538151875.0,-57.63846
538151937.5,-57.74432
538152000.0,-57.69376
538152062.5,-57.6434
538152125.0,-57.72628
538152187.5,-57.69604
538152250.0,-57.76733
538152312.5,-57.79192
538152375.0,-57.76973
538152437.5,-57.73205
538152500.0,-57.74564
538152562.5,-57.63765
538152625.0,-57.81337
538152687.5,-57.79912
538152750.0,-57.79243
538152812.5,-57.73451
538152875.0,-57.77254
538152937.5,-57.8785
538153000.0,-57.73238
538153062.5,-57.86145
538153125.0,-57.62502
538153187.5,-57.76675
538153250.0,-57.70393
538153312.5,-57.8928
538153375.0,-57.77921
538153437.5,-57.69494
538153500.0,-57.81701
538153562.5,-57.61782
538153625.0,-57.68605
538153687.5,-57.75644
538153750.0,-57.71453
538153812.5,-57.8282
538153875.0,-57.55558
538153937.5,-57.70315
538154000.0,-57.69233
538154062.5,-57.83561
538154125.0,-57.80688
538154187.5,-57.74556
538154250.0,-57.81586
538154312.5,-57.73521
538154375.0,-57.71621
538154437.5,-57.79261
538154500.0,-57.75946
538154562.5,-57.73927
538154625.0,-57.78219
538154687.5,-57.71412
538154750.0,-57.71614
538154812.5,-57.70003
538154875.0,-57.70919
538154937.5,-57.72194
538155000.0,-57.74427
538155062.5,-57.76162
538155125.0,-57.77801
538155187.5,-57.74697
538155250.0,-57.68029
538155312.5,-57.65117
538155375.0,-57.7436
538155437.5,-57.68978
538155500.0,-57.68799
538155562.5,-57.71375
538155625.0,-57.70705
538155687.5,-57.70628
538155750.0,-57.786
538155812.5,-57.73678
538155875.0,-57.72318
538155937.5,-57.74477
538156000.0,-57.6899
538156062.5,-57.78476
538156125.0,-57.76518
538156187.5,-57.68319
538156250.0,-57.66862
538156312.5,-57.81172
538156375.0,-57.76657
538156437.5,-57.69646
538156500.0,-57.66159
538156562.5,-57.81087
538156625.0,-57.62823
538156687.5,-57.72065
538156750.0,-57.7971
538156812.5,-57.71867
538156875.0,-57.74564
538156937.5,-57.65848
538157000.0,-57.76118
538157062.5,-57.66738
538157125.0,-57.76213
538157187.5,-57.69812
538157250.0,-57.70213
538157312.5,-57.71526
538157375.0,-57.72471
538157437.5,-57.74552
538157500.0,-57.59725
538157562.5,-57.69764
538157625.0,-57.72372
538157687.5,-57.77765
538157750.0,-57.69613
538157812.5,-57.61533
538157875.0,-57.65642
538157937.5,-57.6676
538158000.0,-57.75994
538158062.5,-57.63261
538158125.0,-57.81619
538158187.5,-57.70633
538158250.0,-57.7232
538158312.5,-57.62635
538158375.0,-57.63147
538158437.5,-57.67619
538158500.0,-57.70928
538158562.5,-57.66758
538158625.0,-57.73193
538158687.5,-57.64679
538158750.0,-57.73237
538158812.5,-57.65914
538158875.0,-57.77725
538158937.5,-57.78561
538159000.0,-57.73972
538159062.5,-57.70828
538159125.0,-57.74277
538159187.5,-57.68082
538159250.0,-57.6904
538159312.5,-57.83443
538159375.0,-57.72152
538159437.5,-57.72348
538159500.0,-57.66157
538159562.5,-57.67789
538159625.0,-57.68182
538159687.5,-57.70639
538159750.0,-57.65259
538159812.5,-57.63701
538159875.0,-57.71778
538159937.5,-57.6252
538160000.0,-57.72129
538160062.5,-57.65364
538160125.0,-57.71916
538160187.5,-57.79408
538160250.0,-57.68538
538160312.5,-57.64567
538160375.0,-57.60936
538160437.5,-57.6356
538160500.0,-57.64133
538160562.5,-57.72652
538160625.0,-57.72038
538160687.5,-57.67384
538160750.0,-57.74046
538160812.5,-57.71614
538160875.0,-57.61498
538160937.5,-57.66201
538161000.0,-57.62264
538161062.5,-57.66409
538161125.0,-57.67382
538161187.5,-57.62053
538161250.0,-57.65952
538161312.5,-57.65474
538161375.0,-57.62222
538161437.5,-57.68739
538161500.0,-57.60536
538161562.5,-57.59982
538161625.0,-57.73491
538161687.5,-57.67863
538161750.0,-57.62825
538161812.5,-57.63298
538161875.0,-57.65797
538161937.5,-57.72644
538162000.0,-57.6158
538162062.5,-57.68333
538162125.0,-57.63712
538162187.5,-57.74622
538162250.0,-57.66948
538162312.5,-57.67899
538162375.0,-57.62087
538162437.5,-57.56941
538162500.0,-57.68829
538162562.5,-57.56589
538162625.0,-57.61721
538162687.5,-57.69554
538162750.0,-57.66948
538162812.5,-57.63978
538162875.0,-57.63508
538162937.5,-57.66025
538163000.0,-57.66045
538163062.5,-57.73324
538163125.0,-57.63085
538163187.5,-57.72517
538163250.0,-57.59663
538163312.5,-57.67269
538163375.0,-57.60591
538163437.5,-57.63735
538163500.0,-57.65434
538163562.5,-57.63211
538163625.0,-57.74263
538163687.5,-57.59617
538163750.0,-57.70893
538163812.5,-57.57148
538163875.0,-57.69851
538163937.5,-57.70063
538164000.0,-57.70788
538164062.5,-57.69112
538164125.0,-57.73283
538164187.5,-57.56812
538164250.0,-57.64359
538164312.5,-57.61868
538164375.0,-57.64245
538164437.5,-57.67147
538164500.0,-57.6986
538164562.5,-57.61893
538164625.0,-57.65949
538164687.5,-57.68456
538164750.0,-57.6466
538164812.5,-57.68646
538164875.0,-57.6572
538164937.5,-57.63227
538165000.0,-57.60691
538165062.5,-57.54959
538165125.0,-57.61339
538165187.5,-57.54182
538165250.0,-57.7064
538165312.5,-57.55898
538165375.0,-57.59082
538165437.5,-57.552
538165500.0,-57.64731
538165562.5,-57.62721
538165625.0,-57.53658
538165687.5,-57.60543
538165750.0,-57.6198
538165812.5,-57.67984
538165875.0,-57.6443
538165937.5,-57.61309
538166000.0,-57.65208
538166062.5,-57.68669
538166125.0,-57.54497
538166187.5,-57.6176
538166250.0,-57.61433
538166312.5,-57.66977
538166375.0,-57.75541
538166437.5,-57.61813
538166500.0,-57.60365
538166562.5,-57.58964
538166625.0,-57.6225
538166687.5,-57.71727
538166750.0,-57.62431
538166812.5,-57.61581
538166875.0,-57.53875
538166937.5,-57.67411
538167000.0,-57.58137
538167062.5,-57.54834
538167125.0,-57.57028
538167187.5,-57.64156
538167250.0,-57.624
538167312.5,-57.69543
538167375.0,-57.59335
538167437.5,-57.57401
538167500.0,-57.65571
538167562.5,-57.6477
538167625.0,-57.66158
538167687.5,-57.55067
538167750.0,-57.62289
538167812.5,-57.55227
538167875.0,-57.60327
538167937.5,-57.60871
538168000.0,-57.57821
538168062.5,-57.52322
538168125.0,-57.66363
538168187.5,-57.55613
538168250.0,-57.64679
538168312.5,-57.61199
538168375.0,-57.64425
538168437.5,-57.55798
538168500.0,-57.58618
538168562.5,-57.59195
538168625.0,-57.54564
538168687.5,-57.62217
538168750.0,-57.47559
538168812.5,-57.6056
538168875.0,-57.61088
538168937.5,-57.66637
538169000.0,-57.57202
538169062.5,-57.50699
538169125.0,-57.66756
538169187.5,-57.58073
538169250.0,-57.6386
538169312.5,-57.55437
538169375.0,-57.63175
538169437.5,-57.57528
538169500.0,-57.63831
538169562.5,-57.49168
538169625.0,-57.72501
538169687.5,-57.48951
538169750.0,-57.63446
538169812.5,-57.55657
538169875.0,-57.56353
538169937.5,-57.57453
538170000.0,-57.63279
538170062.5,-57.50718
538170125.0,-57.57835
538170187.5,-57.64603
538170250.0,-57.6409
538170312.5,-57.64968
538170375.0,-57.55072
538170437.5,-57.55839
538170500.0,-57.56879
538170562.5,-57.53503
538170625.0,-57.48274
538170687.5,-57.56008
538170750.0,-57.57486
538170812.5,-57.54158
538170875.0,-57.53333
538170937.5,-57.48415
538171000.0,-57.61721
538171062.5,-57.60186
538171125.0,-57.54728
538171187.5,-57.60136
538171250.0,-57.58543
538171312.5,-57.59285
538171375.0,-57.54788
538171437.5,-57.48848
538171500.0,-57.5902
538171562.5,-57.57135
538171625.0,-57.63717
538171687.5,-57.50065
538171750.0,-57.49514
538171812.5,-57.52988
538171875.0,-57.51337
538171937.5,-57.48346
538172000.0,-57.52899
538172062.5,-57.59224
538172125.0,-57.58319
538172187.5,-57.59864
538172250.0,-57.56762
538172312.5,-57.45161
538172375.0,-57.48852
538172437.5,-57.50364
538172500.0,-57.54491
538172562.5,-57.53341
538172625.0,-57.6515
538172687.5,-57.60888
538172750.0,-57.57151
538172812.5,-57.57473
538172875.0,-57.61778
538172937.5,-57.46224
538173000.0,-57.59574
538173062.5,-57.52396
538173125.0,-57.49606
538173187.5,-57.54318
538173250.0,-57.52104
538173312.5,-57.49203
538173375.0,-57.60012
538173437.5,-57.63106
538173500.0,-57.48663
538173562.5,-57.65082
538173625.0,-57.45052
538173687.5,-57.52481
538173750.0,-57.53136
538173812.5,-57.51941
538173875.0,-57.561
538173937.5,-57.58203
538174000.0,-57.53491
538174062.5,-57.46915
538174125.0,-57.52684
538174187.5,-57.50219
538174250.0,-57.51796
538174312.5,-57.59498
538174375.0,-57.51158
538174437.5,-57.46246
538174500.0,-57.50111
538174562.5,-57.44343
538174625.0,-57.5601
538174687.5,-57.56812
538174750.0,-57.49911
538174812.5,-57.45627
538174875.0,-57.58506
538174937.5,-57.51151
538175000.0,-57.53005
538175062.5,-57.55133
538175125.0,-57.52274
538175187.5,-57.59478
538175250.0,-57.57
538175312.5,-57.56575
538175375.0,-57.50702
538175437.5,-57.57616
538175500.0,-57.50483
538175562.5,-57.53312
538175625.0,-57.54301
538175687.5,-57.48451
538175750.0,-57.5152
538175812.5,-57.54133
538175875.0,-57.44714
538175937.5,-57.45
538176000.0,-57.56124
538176062.5,-57.47734
538176125.0,-57.4828
538176187.5,-57.49598
538176250.0,-57.43908
538176312.5,-57.50402
538176375.0,-57.53656
538176437.5,-57.55972
538176500.0,-57.46726
538176562.5,-57.46545
538176625.0,-57.48605
538176687.5,-57.51713
538176750.0,-57.50377
538176812.5,-57.48996
538176875.0,-57.47625
538176937.5,-57.49746
538177000.0,-57.46592
538177062.5,-57.49087
538177125.0,-57.50777
538177187.5,-57.5713
538177250.0,-57.4385
538177312.5,-57.47657
538177375.0,-57.45885
538177437.5,-57.51218
538177500.0,-57.50634
538177562.5,-57.50808
538177625.0,-57.59419
538177687.5,-57.55432
538177750.0,-57.61275
538177812.5,-57.53121
538177875.0,-57.48168
538177937.5,-57.57463
538178000.0,-57.49529
538178062.5,-57.4738
538178125.0,-57.46765
538178187.5,-57.5349
538178250.0,-57.45218
538178312.5,-57.38733
538178375.0,-57.52099
538178437.5,-57.44271
538178500.0,-57.46196
538178562.5,-57.48175
538178625.0,-57.46887
538178687.5,-57.48195
538178750.0,-57.54967
538178812.5,-57.47018
538178875.0,-57.57983
538178937.5,-57.48801
538179000.0,-57.45786
538179062.5,-57.44448
538179125.0,-57.57753
538179187.5,-57.49144
538179250.0,-57.53712
538179312.5,-57.42556
538179375.0,-57.45455
538179437.5,-57.45866
538179500.0,-57.45972
538179562.5,-57.54694
538179625.0,-57.45443
538179687.5,-57.46594
538179750.0,-57.43319
538179812.5,-57.42692
538179875.0,-57.47704
538179937.5,-57.45686
538180000.0,-57.43156
538180062.5,-57.43064
538180125.0,-57.44386
538180187.5,-57.55677
538180250.0,-57.39743
538180312.5,-57.48283
538180375.0,-57.43056
538180437.5,-57.40504
538180500.0,-57.43542
538180562.5,-57.434
538180625.0,-57.47975
538180687.5,-57.40556
538180750.0,-57.4894
538180812.5,-57.43299
538180875.0,-57.44041
538180937.5,-57.43174
538181000.0,-57.36324
538181062.5,-57.46815
538181125.0,-57.44573
538181187.5,-57.50818
538181250.0,-57.47888
538181312.5,-57.3955
538181375.0,-57.4368
538181437.5,-57.41747
538181500.0,-57.41798
538181562.5,-57.40896
538181625.0,-57.37349
538181687.5,-57.51711
538181750.0,-57.43214
538181812.5,-57.4736
538181875.0,-57.46981
538181937.5,-57.4591
538182000.0,-57.54617
538182062.5,-57.37863
538182125.0,-57.46022
538182187.5,-57.47777
538182250.0,-57.45691
538182312.5,-57.42816
538182375.0,-57.43386
538182437.5,-57.45168
538182500.0,-57.43764
538182562.5,-57.47942
538182625.0,-57.40668
538182687.5,-57.39134
538182750.0,-57.38148
538182812.5,-57.55398
538182875.0,-57.35402
538182937.5,-57.47611
538183000.0,-57.43262
538183062.5,-57.46739
538183125.0,-57.41528
538183187.5,-57.48172
538183250.0,-57.34905
538183312.5,-57.34359
538183375.0,-57.38114
538183437.5,-57.43158
538183500.0,-57.48662
538183562.5,-57.37357
538183625.0,-57.50473
538183687.5,-57.4296
538183750.0,-57.48853
538183812.5,-57.43124
538183875.0,-57.44539
538183937.5,-57.45659
538184000.0,-57.46142
538184062.5,-57.41943
538184125.0,-57.43727
538184187.5,-57.42139
538184250.0,-57.36754
538184312.5,-57.35843
538184375.0,-57.36271
538184437.5,-57.40564
538184500.0,-57.36198
538184562.5,-57.45735
538184625.0,-57.51719
538184687.5,-57.45907
538184750.0,-57.40614
538184812.5,-57.41175
538184875.0,-57.42719
538184937.5,-57.40415
538185000.0,-57.43339
538185062.5,-57.41228
538185125.0,-57.43446
538185187.5,-57.3918
538185250.0,-57.32669
538185312.5,-57.38718
538185375.0,-57.42944
538185437.5,-57.44728
538185500.0,-57.39758
538185562.5,-57.39566
538185625.0,-57.42917
538185687.5,-57.38997
538185750.0,-57.49438
538185812.5,-57.34438
538185875.0,-57.35801
538185937.5,-57.41318
538186000.0,-57.28402
538186062.5,-57.36287
538186125.0,-57.44225
538186187.5,-57.33209
538186250.0,-57.35668
538186312.5,-57.35579
538186375.0,-57.43246
538186437.5,-57.28659
538186500.0,-57.36994
538186562.5,-57.27789
538186625.0,-57.39751
538186687.5,-57.37167
538186750.0,-57.41044
538186812.5,-57.38652
538186875.0,-57.37587
538186937.5,-57.37974
538187000.0,-57.36479
538187062.5,-57.41301
538187125.0,-57.41618
538187187.5,-57.47549
538187250.0,-57.44738
538187312.5,-57.44073
538187375.0,-57.39471
538187437.5,-57.40323
538187500.0,-57.31518
538187562.5,-57.41841
538187625.0,-57.35324
538187687.5,-57.44796
538187750.0,-57.33761
538187812.5,-57.43291
538187875.0,-57.37024
538187937.5,-57.38516
538188000.0,-57.42189
538188062.5,-57.35674
538188125.0,-57.4682
538188187.5,-57.38298
538188250.0,-57.39406
538188312.5,-57.4893
538188375.0,-57.31199
538188437.5,-57.36772
538188500.0,-57.36709
538188562.5,-57.41304
538188625.0,-57.3579
538188687.5,-57.34867
538188750.0,-57.3936
538188812.5,-57.29251
538188875.0,-57.38245
538188937.5,-57.36003
538189000.0,-57.3706
538189062.5,-57.38658
538189125.0,-57.2835
538189187.5,-57.43213
538189250.0,-57.44573
538189312.5,-57.32659
538189375.0,-57.34959
538189437.5,-57.34653
538189500.0,-57.39935
538189562.5,-57.29667
538189625.0,-57.29085
538189687.5,-57.41944
538189750.0,-57.26942
538189812.5,-57.41166
538189875.0,-57.28912
538189937.5,-57.41343
538190000.0,-57.44115
538190062.5,-57.30275
538190125.0,-57.46054
538190187.5,-57.29037
538190250.0,-57.39754
538190312.5,-57.31451
538190375.0,-57.27266
538190437.5,-57.34576
538190500.0,-57.29118
538190562.5,-57.40551
538190625.0,-57.32666
538190687.5,-57.3343
538190750.0,-57.26305
538190812.5,-57.31146
538190875.0,-57.34667
538190937.5,-57.37373
538191000.0,-57.3264
538191062.5,-57.29281
538191125.0,-57.38529
538191187.5,-57.35053
538191250.0,-57.32342
538191312.5,-57.38474
538191375.0,-57.30963
538191437.5,-57.35368
538191500.0,-57.31917
538191562.5,-57.28554
538191625.0,-57.269
538191687.5,-57.33064
538191750.0,-57.35711
538191812.5,-57.3597
538191875.0,-57.34216
538191937.5,-57.26298
538192000.0,-57.29807
538192062.5,-57.41609
538192125.0,-57.40917
538192187.5,-57.39422
538192250.0,-57.35043
538192312.5,-57.34916
538192375.0,-57.29353
538192437.5,-57.37325
538192500.0,-57.3742
538192562.5,-57.3098
538192625.0,-57.29799
538192687.5,-57.28954
538192750.0,-57.39571
538192812.5,-57.3952
538192875.0,-57.2771
538192937.5,-57.27463
538193000.0,-57.26069
538193062.5,-57.25197
538193125.0,-57.30109
538193187.5,-57.29386
538193250.0,-57.38895
538193312.5,-57.29079
538193375.0,-57.34871
538193437.5,-57.37853
538193500.0,-57.31148
538193562.5,-57.31407
538193625.0,-57.35594
538193687.5,-57.18436
538193750.0,-57.25124
538193812.5,-57.3388
538193875.0,-57.39754
538193937.5,-57.28696
538194000.0,-57.36824
538194062.5,-57.29165
538194125.0,-57.3537
538194187.5,-57.36421
538194250.0,-57.28689
538194312.5,-57.30452
538194375.0,-57.30994
538194437.5,-57.3117
538194500.0,-57.39566
538194562.5,-57.25266
538194625.0,-57.38871
538194687.5,-57.36005
538194750.0,-57.41745
538194812.5,-57.28334
538194875.0,-57.27727
538194937.5,-57.21883
538195000.0,-57.16859
538195062.5,-57.28136
538195125.0,-57.32318
538195187.5,-57.22525
538195250.0,-57.22451
538195312.5,-57.30809
538195375.0,-57.28154
538195437.5,-57.20796
538195500.0,-57.30581
538195562.5,-57.22997
538195625.0,-57.2801
538195687.5,-57.2666
538195750.0,-57.33864
538195812.5,-57.32344
538195875.0,-57.34505
538195937.5,-57.28046
538196000.0,-57.26651
538196062.5,-57.30546
538196125.0,-57.33392
538196187.5,-57.23996
538196250.0,-57.35172
538196312.5,-57.34419
538196375.0,-57.22158
538196437.5,-57.28444
538196500.0,-57.22098
538196562.5,-57.22679
538196625.0,-57.29261
538196687.5,-57.29274
538196750.0,-57.25795
538196812.5,-57.28074
538196875.0,-57.32613
538196937.5,-57.36636
538197000.0,-57.31797
538197062.5,-57.32146
538197125.0,-57.38142
538197187.5,-57.35881
538197250.0,-57.28777
538197312.5,-57.26004
538197375.0,-57.24924
538197437.5,-57.21837
538197500.0,-57.2644
538197562.5,-57.22507
538197625.0,-57.25956
538197687.5,-57.24562
538197750.0,-57.27238
538197812.5,-57.34631
538197875.0,-57.25646
538197937.5,-57.30543
538198000.0,-57.29258
538198062.5,-57.18834
538198125.0,-57.20002
538198187.5,-57.25295
538198250.0,-57.1999
538198312.5,-57.24716
538198375.0,-57.1833
538198437.5,-57.26725
538198500.0,-57.23648
538198562.5,-57.25696
538198625.0,-57.31462
538198687.5,-57.22277
538198750.0,-57.26562
538198812.5,-57.17075
538198875.0,-57.218
538198937.5,-57.29489
538199000.0,-57.26436
538199062.5,-57.24633
538199125.0,-57.34459
538199187.5,-57.27134
538199250.0,-57.2374
538199312.5,-57.20162
538199375.0,-57.25129
538199437.5,-57.31794
538199500.0,-57.2928
538199562.5,-57.30424
538199625.0,-57.24593
538199687.5,-57.14987
538199750.0,-57.27258
538199812.5,-57.3046
538199875.0,-57.33118
538199937.5,-57.28504
538200000.0,-57.22529
538200062.5,-57.26537
538200125.0,-57.31814
538200187.5,-57.11915
538200250.0,-57.23998
538200312.5,-57.22445
538200375.0,-57.21885
538200437.5,-57.22005
538200500.0,-57.17562
538200562.5,-57.22578
538200625.0,-57.2402
538200687.5,-57.29328
538200750.0,-57.22739
538200812.5,-57.08431
538200875.0,-57.1537
538200937.5,-57.21754
538201000.0,-57.26476
538201062.5,-57.23815
538201125.0,-57.22066
538201187.5,-57.19283
538201250.0,-57.20909
538201312.5,-57.21921
538201375.0,-57.15757
538201437.5,-57.26424
538201500.0,-57.26615
538201562.5,-57.19612
538201625.0,-57.23067
538201687.5,-57.24301
538201750.0,-57.19872
538201812.5,-57.27869
538201875.0,-57.22766
538201937.5,-57.18457
538202000.0,-57.23796
538202062.5,-57.21286
538202125.0,-57.31486
538202187.5,-57.16803
538202250.0,-57.20951
538202312.5,-57.28952
538202375.0,-57.26927
538202437.5,-57.17302
538202500.0,-57.20748
538202562.5,-57.15147
538202625.0,-57.31033
538202687.5,-57.21297
538202750.0,-57.21418
538202812.5,-57.21959
538202875.0,-57.19444
538202937.5,-57.23929
538203000.0,-57.13062
538203062.5,-57.1466
538203125.0,-57.2132
538203187.5,-57.2035
538203250.0,-57.20425
538203312.5,-57.26147
538203375.0,-57.24689
538203437.5,-57.18266
538203500.0,-57.21743
538203562.5,-57.15833
538203625.0,-57.19129
538203687.5,-57.20879
538203750.0,-57.14251
538203812.5,-57.19978
538203875.0,-57.22013
538203937.5,-57.22855
538204000.0,-57.18429
538204062.5,-57.22905
538204125.0,-57.1396
538204187.5,-57.12743
538204250.0,-57.2646
538204312.5,-57.18903
538204375.0,-57.18415
538204437.5,-57.1438
538204500.0,-57.17343
538204562.5,-57.23973
538204625.0,-57.25967
538204687.5,-57.21571
538204750.0,-57.19666
538204812.5,-57.27565
538204875.0,-57.19349
538204937.5,-57.20146
538205000.0,-57.26805
538205062.5,-57.24035
538205125.0,-57.28042
538205187.5,-57.19144
538205250.0,-57.12559
538205312.5,-57.17039
538205375.0,-57.24545
538205437.5,-57.20798
538205500.0,-57.21762
538205562.5,-57.22446
538205625.0,-57.2818
538205687.5,-57.17737
538205750.0,-57.09925
538205812.5,-57.20203
538205875.0,-57.1529
538205937.5,-57.14962
538206000.0,-57.15116
538206062.5,-57.18141
538206125.0,-57.18033
538206187.5,-57.1432
538206250.0,-57.25706
538206312.5,-57.28357
538206375.0,-57.16854
538206437.5,-57.11248
538206500.0,-57.23079
538206562.5,-57.13037
538206625.0,-57.2054
538206687.5,-57.13073
538206750.0,-57.16158
538206812.5,-57.23689
538206875.0,-57.10955
538206937.5,-57.20617
538207000.0,-57.231
538207062.5,-57.17916
538207125.0,-57.19703
538207187.5,-57.21809
538207250.0,-57.11396
538207312.5,-57.16153
538207375.0,-57.07096
538207437.5,-57.18576
538207500.0,-57.17605
538207562.5,-57.12667
538207625.0,-57.12545
538207687.5,-57.18725
538207750.0,-57.10157
538207812.5,-57.11809
538207875.0,-57.16728
538207937.5,-57.22692
538208000.0,-57.1211
538208062.5,-57.06536
538208125.0,-57.11112
538208187.5,-57.19032
538208250.0,-57.10073
538208312.5,-57.16741
538208375.0,-57.07052
538208437.5,-57.13123
538208500.0,-57.14253
538208562.5,-57.11124
538208625.0,-57.20405
538208687.5,-57.17656
538208750.0,-57.21843
538208812.5,-57.1478
538208875.0,-57.0712
538208937.5,-57.14914
538209000.0,-57.08657
538209062.5,-57.26175
538209125.0,-57.15911
538209187.5,-57.11909
538209250.0,-57.17514
538209312.5,-57.07007
538209375.0,-57.24512
538209437.5,-57.1582
538209500.0,-57.10015
538209562.5,-57.24117
538209625.0,-57.13142
538209687.5,-57.17327
538209750.0,-57.1037
538209812.5,-57.11621
538209875.0,-57.13806
538209937.5,-57.1482
538210000.0,-57.10289
538210062.5,-57.17544
538210125.0,-57.13001
538210187.5,-57.13441
538210250.0,-57.07038
538210312.5,-57.13062
538210375.0,-57.22408
538210437.5,-57.15162
538210500.0,-57.04833
538210562.5,-57.11367
538210625.0,-57.07865
538210687.5,-57.16299
538210750.0,-57.17026
538210812.5,-57.23199
538210875.0,-57.12682
538210937.5,-57.05924
538211000.0,-57.13752
538211062.5,-57.09969
538211125.0,-57.24487
538211187.5,-57.01682
538211250.0,-57.09071
538211312.5,-57.01121
538211375.0,-57.15388
538211437.5,-57.10312
538211500.0,-57.04187
538211562.5,-57.15824
538211625.0,-57.19686
538211687.5,-57.12548
538211750.0,-57.19428
538211812.5,-57.20277
538211875.0,-57.13642
538211937.5,-56.97622
538212000.0,-57.19575
538212062.5,-57.18538
538212125.0,-57.07652
538212187.5,-57.11203
538212250.0,-57.14416
538212312.5,-57.13616
538212375.0,-57.0548
538212437.5,-57.07816
538212500.0,-57.16588
538212562.5,-57.05843
538212625.0,-57.16202
538212687.5,-57.11074
538212750.0,-57.1284
538212812.5,-57.09985
538212875.0,-57.14104
538212937.5,-57.02642
538213000.0,-57.12687
538213062.5,-57.11397
538213125.0,-57.08234
538213187.5,-57.10586
538213250.0,-57.01698
538213312.5,-57.09094
538213375.0,-57.09703
538213437.5,-57.10952
538213500.0,-57.01906
538213562.5,-57.09759
538213625.0,-57.11703
538213687.5,-57.03773
538213750.0,-57.09532
538213812.5,-57.16101
538213875.0,-57.03664
538213937.5,-57.10754
538214000.0,-57.10973
538214062.5,-57.06878
538214125.0,-57.02296
538214187.5,-57.02051
538214250.0,-57.12067
538214312.5,-57.10147
538214375.0,-57.08582
538214437.5,-57.10626
538214500.0,-56.97442
538214562.5,-57.14907
538214625.0,-57.0874
538214687.5,-57.12254
538214750.0,-57.09829
538214812.5,-57.09641
538214875.0,-57.01265
538214937.5,-57.0778
538215000.0,-57.04916
538215062.5,-57.01353
538215125.0,-57.12711
538215187.5,-57.08846
538215250.0,-56.99739
538215312.5,-57.07642
538215375.0,-57.06164
538215437.5,-57.04803
538215500.0,-57.06359
538215562.5,-57.14191
538215625.0,-57.09024
538215687.5,-57.09967
538215750.0,-57.10403
538215812.5,-57.11676
538215875.0,-57.04257
538215937.5,-57.00054
538216000.0,-57.07023
538216062.5,-57.13829
538216125.0,-57.11353
538216187.5,-56.98599
538216250.0,-56.9682
538216312.5,-57.04514
538216375.0,-57.14262
538216437.5,-57.08485
538216500.0,-56.99119
538216562.5,-57.13686
538216625.0,-57.10161
538216687.5,-57.08921
538216750.0,-57.06362
538216812.5,-57.07403
538216875.0,-57.06503
538216937.5,-57.05294
538217000.0,-57.03245
538217062.5,-57.08062
538217125.0,-57.02591
538217187.5,-57.09467
538217250.0,-57.02201
538217312.5,-57.12199
538217375.0,-57.09559
538217437.5,-57.08891
538217500.0,-57.10923
538217562.5,-57.03809
538217625.0,-57.01566
538217687.5,-57.14425
538217750.0,-57.0428
538217812.5,-56.96737
538217875.0,-57.0414
538217937.5,-56.99133
538218000.0,-57.05663
538218062.5,-57.03319
538218125.0,-56.99387
538218187.5,-57.05159
538218250.0,-57.0525
538218312.5,-57.00929
538218375.0,-56.98919
538218437.5,-57.04373
538218500.0,-56.97616
538218562.5,-56.95269
538218625.0,-57.02768
538218687.5,-57.04875
538218750.0,-56.95979
538218812.5,-57.015
538218875.0,-57.05146
538218937.5,-57.05524
538219000.0,-57.08961
538219062.5,-57.04396
538219125.0,-57.03994
538219187.5,-57.03387
538219250.0,-57.07966
538219312.5,-57.03801
538219375.0,-56.94315
538219437.5,-56.94891
538219500.0,-57.01345
538219562.5,-56.98663
538219625.0,-56.97749
538219687.5,-56.93175
538219750.0,-57.04897
538219812.5,-56.98927
538219875.0,-57.0592
538219937.5,-57.00329
538220000.0,-57.00874
538220062.5,-56.95417
538220125.0,-57.05952
538220187.5,-56.97996
538220250.0,-57.00433
538220312.5,-57.07863
538220375.0,-57.08567
538220437.5,-56.98294
538220500.0,-56.88885
538220562.5,-56.99218
538220625.0,-56.95335
538220687.5,-56.99741
538220750.0,-57.0028
538220812.5,-56.98687
538220875.0,-56.96921
538220937.5,-57.05839
538221000.0,-56.96886
538221062.5,-57.06159
538221125.0,-57.04555
538221187.5,-57.01999
538221250.0,-56.92924
538221312.5,-56.99376
538221375.0,-56.9823
538221437.5,-56.9325
538221500.0,-57.08764
538221562.5,-57.0252
538221625.0,-56.89726
538221687.5,-57.03029
538221750.0,-56.99959
538221812.5,-56.92942
538221875.0,-57.07456
538221937.5,-57.02923
538222000.0,-57.07426
538222062.5,-57.02766
538222125.0,-57.08232
538222187.5,-56.94318
538222250.0,-56.99763
538222312.5,-56.96457
538222375.0,-57.00021
538222437.5,-56.99534
538222500.0,-57.01028
538222562.5,-56.99554
538222625.0,-56.95213
538222687.5,-56.95763
538222750.0,-57.05963
538222812.5,-56.96545
538222875.0,-57.00479
538222937.5,-56.93259
538223000.0,-56.99427
538223062.5,-56.95173
538223125.0,-57.04203
538223187.5,-57.00024
538223250.0,-57.05584
538223312.5,-56.96376
538223375.0,-57.00093
538223437.5,-56.99046
538223500.0,-56.90919
538223562.5,-56.97874
538223625.0,-56.95246
538223687.5,-56.9673
538223750.0,-56.93475
538223812.5,-56.95981
538223875.0,-56.98328
538223937.5,-56.97401
538224000.0,-56.89138
538224062.5,-57.00402
538224125.0,-56.9443
538224187.5,-56.97925
538224250.0,-57.03435
538224312.5,-56.94364
538224375.0,-56.98643
538224437.5,-56.99488
538224500.0,-56.97556
538224562.5,-57.00813
538224625.0,-57.05181
538224687.5,-56.88708
538224750.0,-56.97976
538224812.5,-56.94196
538224875.0,-56.99481
538224937.5,-56.92864
538225000.0,-57.01802
538225062.5,-56.87622
538225125.0,-56.96518
538225187.5,-56.93254
538225250.0,-56.93554
538225312.5,-56.93387
538225375.0,-56.95086
538225437.5,-56.93642
538225500.0,-56.92687
538225562.5,-56.88423
538225625.0,-56.96902
538225687.5,-56.98984
538225750.0,-56.9437
538225812.5,-56.97849
538225875.0,-56.91625
538225937.5,-56.96171
538226000.0,-56.93796
538226062.5,-56.9226
538226125.0,-56.81777
538226187.5,-56.95922
538226250.0,-56.86956
538226312.5,-56.99619
538226375.0,-56.84682
538226437.5,-56.92883
538226500.0,-56.97337
538226562.5,-56.9523
538226625.0,-57.00568
538226687.5,-56.94913
538226750.0,-56.95881
538226812.5,-56.9755
538226875.0,-56.8661
538226937.5,-56.91333
538227000.0,-57.00745
538227062.5,-56.94415
538227125.0,-56.9853
538227187.5,-56.85199
538227250.0,-57.08254
538227312.5,-56.96007
538227375.0,-56.96275
538227437.5,-56.93594
538227500.0,-56.92853
538227562.5,-56.81556
538227625.0,-56.88486
538227687.5,-56.93013
538227750.0,-56.93691
538227812.5,-56.85785
538227875.0,-56.98044
538227937.5,-56.95314
538228000.0,-56.91407
538228062.5,-56.96145
538228125.0,-56.96202
538228187.5,-56.88852
538228250.0,-56.92253
538228312.5,-56.90734
538228375.0,-56.95163
538228437.5,-56.9884
538228500.0,-56.91806
538228562.5,-56.877
538228625.0,-56.89635
538228687.5,-56.91637
538228750.0,-56.92038
538228812.5,-56.95119
538228875.0,-56.93729
538228937.5,-56.98582
538229000.0,-56.89896
538229062.5,-56.88138
538229125.0,-56.94173
538229187.5,-56.80685
538229250.0,-56.86346
538229312.5,-56.88858
538229375.0,-56.9094
538229437.5,-56.88103
538229500.0,-56.89971
538229562.5,-56.98908
538229625.0,-56.96109
538229687.5,-56.92858
538229750.0,-56.9432
538229812.5,-56.92496
538229875.0,-56.88453
538229937.5,-56.93747
538230000.0,-56.96569
538230062.5,-56.82354
538230125.0,-56.90105
538230187.5,-56.84925
538230250.0,-56.95358
538230312.5,-56.90334
538230375.0,-56.90351
538230437.5,-56.8525
538230500.0,-56.88835
538230562.5,-56.92176
538230625.0,-56.95129
538230687.5,-56.92935
538230750.0,-56.89585
538230812.5,-56.90351
538230875.0,-56.90901
538230937.5,-56.90499
538231000.0,-56.82845
538231062.5,-56.84631
538231125.0,-56.8779
538231187.5,-56.8328
538231250.0,-56.87681
538231312.5,-56.84345
538231375.0,-56.86596
538231437.5,-56.92729
538231500.0,-56.84853
538231562.5,-56.90089
538231625.0,-56.88147
538231687.5,-56.87745
538231750.0,-56.87155
538231812.5,-56.87495
538231875.0,-56.84118
538231937.5,-56.9233
538232000.0,-56.79998
538232062.5,-56.86105
538232125.0,-56.89379
538232187.5,-56.87363
538232250.0,-56.74284
538232312.5,-56.8619
538232375.0,-56.88034
538232437.5,-56.75
538232500.0,-56.92202
538232562.5,-56.86668
538232625.0,-56.93271
538232687.5,-56.89686
538232750.0,-56.8174
538232812.5,-56.92771
538232875.0,-56.80235
538232937.5,-56.92422
538233000.0,-56.78642
538233062.5,-56.84282
538233125.0,-56.84915
538233187.5,-56.87415
538233250.0,-56.90885
538233312.5,-56.90927
538233375.0,-56.85669
538233437.5,-56.86232
538233500.0,-56.84554
538233562.5,-56.87984
538233625.0,-56.82783
538233687.5,-56.78838
538233750.0,-56.78128
538233812.5,-56.80976
538233875.0,-56.77824
538233937.5,-56.77017
538234000.0,-56.81233
538234062.5,-56.82726
538234125.0,-56.88985
538234187.5,-56.7924
538234250.0,-56.80754
538234312.5,-56.82262
538234375.0,-56.90186
538234437.5,-56.81887
538234500.0,-56.87263
538234562.5,-56.97984
538234625.0,-56.76255
538234687.5,-56.82516
538234750.0,-56.82078
538234812.5,-56.7701
538234875.0,-56.82938
538234937.5,-56.82301
538235000.0,-56.81439
538235062.5,-56.85849
538235125.0,-56.8778
538235187.5,-56.91067
538235250.0,-56.8243
538235312.5,-56.90635
538235375.0,-56.84965
538235437.5,-56.82323
538235500.0,-56.8434
538235562.5,-56.88491
538235625.0,-56.77574
538235687.5,-56.87607
538235750.0,-56.85218
538235812.5,-56.80861
538235875.0,-56.83158
538235937.5,-56.81327
538236000.0,-56.88148
538236062.5,-56.80513
538236125.0,-56.82789
538236187.5,-56.88197
538236250.0,-56.77522
538236312.5,-56.81536
538236375.0,-56.86083
538236437.5,-56.90219
538236500.0,-56.79402
538236562.5,-56.82375
538236625.0,-56.75659
538236687.5,-56.76312
538236750.0,-56.81165
538236812.5,-56.82278
538236875.0,-56.79597
538236937.5,-56.85988
538237000.0,-56.7355
538237062.5,-56.77329
538237125.0,-56.80472
538237187.5,-56.80319
538237250.0,-56.75287
538237312.5,-56.88663
538237375.0,-56.86666
538237437.5,-56.81351
538237500.0,-56.7818
538237562.5,-56.78096
538237625.0,-56.86183
538237687.5,-56.84678
538237750.0,-56.80349
538237812.5,-56.85079
538237875.0,-56.74727
538237937.5,-56.89871
538238000.0,-56.78703
538238062.5,-56.79932
538238125.0,-56.787
538238187.5,-56.77145
538238250.0,-56.79696
538238312.5,-56.78064
538238375.0,-56.86441
538238437.5,-56.89233
538238500.0,-56.76082
538238562.5,-56.77868
538238625.0,-56.77824
538238687.5,-56.85399
538238750.0,-56.69103
538238812.5,-56.72224
538238875.0,-56.79835
538238937.5,-56.77664
538239000.0,-56.73234
538239062.5,-56.81102
538239125.0,-56.85837
538239187.5,-56.82407
538239250.0,-56.77191
538239312.5,-56.75909
538239375.0,-56.78205
538239437.5,-56.77956
538239500.0,-56.82036
538239562.5,-56.83285
538239625.0,-56.78415
538239687.5,-56.79409
538239750.0,-56.78666
538239812.5,-56.76019
538239875.0,-56.8056
538239937.5,-56.70481
538240000.0,-56.81485
538240062.5,-56.78339
538240125.0,-56.78199
538240187.5,-56.7655
538240250.0,-56.86615
538240312.5,-56.75063
538240375.0,-56.78505
538240437.5,-56.72665
538240500.0,-56.64375
538240562.5,-56.82063
538240625.0,-56.79023
538240687.5,-56.80338
538240750.0,-56.76026
538240812.5,-56.77818
538240875.0,-56.75638
538240937.5,-56.8058
538241000.0,-56.65521
538241062.5,-56.88844
538241125.0,-56.78844
538241187.5,-56.77662
538241250.0,-56.85178
538241312.5,-56.78048
538241375.0,-56.69262
538241437.5,-56.82259
538241500.0,-56.73513
538241562.5,-56.74455
538241625.0,-56.70549
538241687.5,-56.75413
538241750.0,-56.71919
538241812.5,-56.78458
538241875.0,-56.78053
538241937.5,-56.76845
538242000.0,-56.73663
538242062.5,-56.80754
538242125.0,-56.79211
538242187.5,-56.81986
538242250.0,-56.71791
538242312.5,-56.79015
538242375.0,-56.75404
538242437.5,-56.82653
538242500.0,-56.78473
538242562.5,-56.71042
538242625.0,-56.75625
538242687.5,-56.69559
538242750.0,-56.73143
538242812.5,-56.77445
538242875.0,-56.78764
538242937.5,-56.82952
538243000.0,-56.78071
538243062.5,-56.62303
538243125.0,-56.74113
538243187.5,-56.78373
538243250.0,-56.71259
538243312.5,-56.72313
538243375.0,-56.72107
538243437.5,-56.68479
538243500.0,-56.70287
538243562.5,-56.72831
538243625.0,-56.76245
538243687.5,-56.71724
538243750.0,-56.75252
538243812.5,-56.78616
538243875.0,-56.72785
538243937.5,-56.73199
538244000.0,-56.73859
538244062.5,-56.73634
538244125.0,-56.74438
538244187.5,-56.77629
538244250.0,-56.70777
538244312.5,-56.741
538244375.0,-56.77314
538244437.5,-56.73889
538244500.0,-56.71804
538244562.5,-56.84343
538244625.0,-56.63007
538244687.5,-56.76886
538244750.0,-56.76436
538244812.5,-56.71391
538244875.0,-56.74443
538244937.5,-56.70118
538245000.0,-56.7056
538245062.5,-56.67838
538245125.0,-56.71019
538245187.5,-56.75514
538245250.0,-56.72892
538245312.5,-56.71342
538245375.0,-56.72663
538245437.5,-56.7034
538245500.0,-56.73889
538245562.5,-56.60962
538245625.0,-56.75945
538245687.5,-56.7585
538245750.0,-56.73049
538245812.5,-56.74247
538245875.0,-56.68295
538245937.5,-56.6857
538246000.0,-56.7526
538246062.5,-56.70019
538246125.0,-56.7695
538246187.5,-56.65643
538246250.0,-56.59179
538246312.5,-56.66902
538246375.0,-56.65891
538246437.5,-56.69655
538246500.0,-56.63552
538246562.5,-56.69882
538246625.0,-56.76165
538246687.5,-56.69581
538246750.0,-56.73249
538246812.5,-56.59824
538246875.0,-56.6428
538246937.5,-56.73548
538247000.0,-56.77195
538247062.5,-56.60457
538247125.0,-56.79736
538247187.5,-56.71518
538247250.0,-56.69506
538247312.5,-56.65593
538247375.0,-56.69869
538247437.5,-56.75669
538247500.0,-56.68402
538247562.5,-56.74528
538247625.0,-56.64338
538247687.5,-56.63769
538247750.0,-56.7462
538247812.5,-56.67804
538247875.0,-56.70523
538247937.5,-56.72726
538248000.0,-56.69151
538248062.5,-56.69649
538248125.0,-56.72424
538248187.5,-56.735
538248250.0,-56.77835
538248312.5,-56.65869
538248375.0,-56.69678
538248437.5,-56.66294
538248500.0,-56.71212
538248562.5,-56.63351
538248625.0,-56.68848
538248687.5,-56.68874
538248750.0,-56.65498
538248812.5,-56.66321
538248875.0,-56.71087
538248937.5,-56.56583
538249000.0,-56.66908
538249062.5,-56.62715
538249125.0,-56.69084
538249187.5,-56.51303
538249250.0,-56.68219
538249312.5,-56.77082
538249375.0,-56.68975
538249437.5,-56.66087
538249500.0,-56.64595
538249562.5,-56.66953
538249625.0,-56.68691
538249687.5,-56.72483
538249750.0,-56.65777
538249812.5,-56.65854
538249875.0,-56.69765
538249937.5,-56.73153
538250000.0,-56.66749
538250062.5,-56.68471
538250125.0,-56.61073
538250187.5,-56.65446
538250250.0,-56.6939
538250312.5,-56.65778
538250375.0,-56.62993
538250437.5,-56.54557
538250500.0,-56.68307
538250562.5,-56.5426
538250625.0,-56.62817
538250687.5,-56.67683
538250750.0,-56.58657
538250812.5,-56.66027
538250875.0,-56.59513
538250937.5,-56.63059
538251000.0,-56.66747
538251062.5,-56.73821
538251125.0,-56.73177
538251187.5,-56.69067
538251250.0,-56.69207
538251312.5,-56.61694
538251375.0,-56.664
538251437.5,-56.64263
538251500.0,-56.69286
538251562.5,-56.66602
538251625.0,-56.69023
538251687.5,-56.68659
538251750.0,-56.586
538251812.5,-56.6877
538251875.0,-56.65812
538251937.5,-56.65945
538252000.0,-56.63044
538252062.5,-56.59109
538252125.0,-56.63739
538252187.5,-56.5625
538252250.0,-56.61752
538252312.5,-56.63345
538252375.0,-56.7823
538252437.5,-56.63876
538252500.0,-56.62771
538252562.5,-56.58049
538252625.0,-56.59099
538252687.5,-56.59554
538252750.0,-56.64169
538252812.5,-56.71397
538252875.0,-56.60945
538252937.5,-56.59573
538253000.0,-56.67987
538253062.5,-56.60806
538253125.0,-56.65742
538253187.5,-56.57562
538253250.0,-56.62318
538253312.5,-56.62769
538253375.0,-56.67632
538253437.5,-56.68384
538253500.0,-56.70154
538253562.5,-56.61965
538253625.0,-56.53343
538253687.5,-56.58219
538253750.0,-56.61638
538253812.5,-56.54132
538253875.0,-56.59325
538253937.5,-56.68176
538254000.0,-56.55368
538254062.5,-56.56388
538254125.0,-56.6116
538254187.5,-56.54163
538254250.0,-56.49483
538254312.5,-56.60595
538254375.0,-56.60485
538254437.5,-56.62245
538254500.0,-56.56979
538254562.5,-56.55645
538254625.0,-56.68997
538254687.5,-56.64373
538254750.0,-56.62802
538254812.5,-56.62267
538254875.0,-56.5817
538254937.5,-56.60397
538255000.0,-56.68285
538255062.5,-56.55906
538255125.0,-56.7267
538255187.5,-56.56531
538255250.0,-56.59531
538255312.5,-56.56973
538255375.0,-56.50689
538255437.5,-56.63573
538255500.0,-56.65564
538255562.5,-56.64785
538255625.0,-56.52394
538255687.5,-56.60942
538255750.0,-56.57129
538255812.5,-56.62024
538255875.0,-56.62889
538255937.5,-56.58403
538256000.0,-56.62196
538256062.5,-56.6458
538256125.0,-56.48556
538256187.5,-56.71844
538256250.0,-56.60939
538256312.5,-56.62782
538256375.0,-56.58972
538256437.5,-56.59222
538256500.0,-56.62115
538256562.5,-56.70124
538256625.0,-56.63629
538256687.5,-56.51817
538256750.0,-56.57756
538256812.5,-56.61853
538256875.0,-56.61659
538256937.5,-56.60322
538257000.0,-56.54449
538257062.5,-56.56672
538257125.0,-56.50496
538257187.5,-56.55441
538257250.0,-56.66668
538257312.5,-56.50841
538257375.0,-56.5468
538257437.5,-56.54715
538257500.0,-56.59529
538257562.5,-56.51316
538257625.0,-56.53782
538257687.5,-56.46771
538257750.0,-56.50062
538257812.5,-56.5402
538257875.0,-56.60235
538257937.5,-56.52581
538258000.0,-56.53646
538258062.5,-56.55828
538258125.0,-56.55878
538258187.5,-56.62617
538258250.0,-56.51319
538258312.5,-56.5728
538258375.0,-56.60133
538258437.5,-56.6241
538258500.0,-56.49588
538258562.5,-56.53428
538258625.0,-56.57461
538258687.5,-56.60918
538258750.0,-56.5456
538258812.5,-56.56738
538258875.0,-56.51175
538258937.5,-56.59484
538259000.0,-56.5545
538259062.5,-56.56057
538259125.0,-56.63268
538259187.5,-56.56223
538259250.0,-56.48193
538259312.5,-56.5253
538259375.0,-56.58268
538259437.5,-56.46295
538259500.0,-56.60253
538259562.5,-56.62115
538259625.0,-56.5975
538259687.5,-56.53559
538259750.0,-56.48524
538259812.5,-56.55759
538259875.0,-56.53281
538259937.5,-56.55519
538260000.0,-56.52958
538260062.5,-56.4766
538260125.0,-56.48452
538260187.5,-56.56535
538260250.0,-56.5827
538260312.5,-56.59912
538260375.0,-56.56676
538260437.5,-56.55749
538260500.0,-56.53936
538260562.5,-56.54382
538260625.0,-56.56522
538260687.5,-56.53394
538260750.0,-56.53992
538260812.5,-56.5482
538260875.0,-56.55954
538260937.5,-56.50848
538261000.0,-56.55722
538261062.5,-56.48402
538261125.0,-56.58747
538261187.5,-56.54166
538261250.0,-56.52653
538261312.5,-56.45603
538261375.0,-56.55595
538261437.5,-56.49412
538261500.0,-56.47673
538261562.5,-56.55486
538261625.0,-56.45641
538261687.5,-56.53254
538261750.0,-56.55973
538261812.5,-56.55054
538261875.0,-56.49777
538261937.5,-56.46918
538262000.0,-56.43145
538262062.5,-56.59274
538262125.0,-56.58838
538262187.5,-56.53785
538262250.0,-56.52928
538262312.5,-56.46037
538262375.0,-56.47738
538262437.5,-56.44588
538262500.0,-56.42459
538262562.5,-56.516
538262625.0,-56.53901
538262687.5,-56.49494
538262750.0,-56.39498
538262812.5,-56.53564
538262875.0,-56.49123
538262937.5,-56.49254
538263000.0,-56.54004
538263062.5,-56.53364
538263125.0,-56.60853
538263187.5,-56.51818
538263250.0,-56.51025
538263312.5,-56.52667
538263375.0,-56.51507
538263437.5,-56.38774
538263500.0,-56.46212
538263562.5,-56.43639
538263625.0,-56.47003
538263687.5,-56.48671
538263750.0,-56.46757
538263812.5,-56.54382
538263875.0,-56.48727
538263937.5,-56.45913
538264000.0,-56.49074
538264062.5,-56.47025
538264125.0,-56.58134
538264187.5,-56.5032
538264250.0,-56.50882
538264312.5,-56.51774
538264375.0,-56.52759
538264437.5,-56.43822
538264500.0,-56.40395
538264562.5,-56.47289
538264625.0,-56.43712
538264687.5,-56.53796
538264750.0,-56.50508
538264812.5,-56.45045
538264875.0,-56.5622
538264937.5,-56.4298
538265000.0,-56.44765
538265062.5,-56.41381
538265125.0,-56.45802
538265187.5,-56.41268
538265250.0,-56.51731
538265312.5,-56.46688
538265375.0,-56.39431
538265437.5,-56.3968
538265500.0,-56.50478
538265562.5,-56.51622
538265625.0,-56.47721
538265687.5,-56.42282
538265750.0,-56.472
538265812.5,-56.40006
538265875.0,-56.47683
538265937.5,-56.39887
538266000.0,-56.41155
538266062.5,-56.48011
538266125.0,-56.46127
538266187.5,-56.5133
538266250.0,-56.41425
538266312.5,-56.51152
538266375.0,-56.47282
538266437.5,-56.45106
538266500.0,-56.46015
538266562.5,-56.42081
538266625.0,-56.46594
538266687.5,-56.50322
538266750.0,-56.50883
538266812.5,-56.41172
538266875.0,-56.60144
538266937.5,-56.40709
538267000.0,-56.3582
538267062.5,-56.4621
538267125.0,-56.42654
538267187.5,-56.37676
538267250.0,-56.32216
538267312.5,-56.55459
538267375.0,-56.45161
538267437.5,-56.52964
538267500.0,-56.45329
538267562.5,-56.45533
538267625.0,-56.38614
538267687.5,-56.39324
538267750.0,-56.39209
538267812.5,-56.472
538267875.0,-56.48104
538267937.5,-56.37505
538268000.0,-56.40995
538268062.5,-56.40147
538268125.0,-56.4706
538268187.5,-56.40143
538268250.0,-56.49036
538268312.5,-56.44041
538268375.0,-56.4493
538268437.5,-56.47774
538268500.0,-56.50493
538268562.5,-56.40133
538268625.0,-56.35264
538268687.5,-56.29021
538268750.0,-56.44172
538268812.5,-56.41797
538268875.0,-56.42643
538268937.5,-56.4391
538269000.0,-56.4154
538269062.5,-56.41069
538269125.0,-56.47618
538269187.5,-56.48524
538269250.0,-56.41049
538269312.5,-56.41877
538269375.0,-56.471
538269437.5,-56.45644
538269500.0,-56.4291
538269562.5,-56.42218
538269625.0,-56.53038
538269687.5,-56.51519
538269750.0,-56.48376
538269812.5,-56.44006
538269875.0,-56.47148
538269937.5,-56.43518
538270000.0,-56.46439
538270062.5,-56.38191
538270125.0,-56.33684
538270187.5,-56.40632
538270250.0,-56.46492
538270312.5,-56.47555
538270375.0,-56.42426
538270437.5,-56.40039
538270500.0,-56.31351
538270562.5,-56.47109
538270625.0,-56.42513
538270687.5,-56.42765
538270750.0,-56.36031
538270812.5,-56.49092
538270875.0,-56.44134
538270937.5,-56.43119
538271000.0,-56.4168
538271062.5,-56.39829
538271125.0,-56.35456
538271187.5,-56.36274
538271250.0,-56.3819
538271312.5,-56.42342
538271375.0,-56.36716
538271437.5,-56.36314
538271500.0,-56.47758
538271562.5,-56.41924
538271625.0,-56.31721
538271687.5,-56.41201
538271750.0,-56.42785
538271812.5,-56.31812
538271875.0,-56.40098
538271937.5,-56.46045
538272000.0,-56.42413
538272062.5,-56.38553
538272125.0,-56.32461
538272187.5,-56.3947
538272250.0,-56.39351
538272312.5,-56.36616
538272375.0,-56.38915
538272437.5,-56.46114
538272500.0,-56.41107
538272562.5,-56.38721
538272625.0,-56.37034
538272687.5,-56.43084
538272750.0,-56.43854
538272812.5,-56.38331
538272875.0,-56.40495
538272937.5,-56.36657
538273000.0,-56.40716
538273062.5,-56.43435
538273125.0,-56.44069
538273187.5,-56.43147
538273250.0,-56.38531
538273312.5,-56.37204
538273375.0,-56.41746
538273437.5,-56.36378
538273500.0,-56.35432
538273562.5,-56.35853
538273625.0,-56.39874
538273687.5,-56.38574
538273750.0,-56.35499
538273812.5,-56.33555
538273875.0,-56.34376
538273937.5,-56.40339
538274000.0,-56.38066
538274062.5,-56.38824
538274125.0,-56.40654
538274187.5,-56.35363
538274250.0,-56.31331
538274312.5,-56.31306
538274375.0,-56.33408
538274437.5,-56.35875
538274500.0,-56.37251
538274562.5,-56.31756
538274625.0,-56.3617
538274687.5,-56.35778
538274750.0,-56.37319
538274812.5,-56.38254
538274875.0,-56.36931
538274937.5,-56.32187
538275000.0,-56.33561
538275062.5,-56.43043
538275125.0,-56.36382
538275187.5,-56.37484
538275250.0,-56.28979
538275312.5,-56.2935
538275375.0,-56.28439
538275437.5,-56.34505
538275500.0,-56.39257
538275562.5,-56.30815
538275625.0,-56.37481
538275687.5,-56.23487
538275750.0,-56.39138
538275812.5,-56.23294
538275875.0,-56.3239
538275937.5,-56.35005
538276000.0,-56.37216
538276062.5,-56.33349
538276125.0,-56.34175
538276187.5,-56.38519
538276250.0,-56.28006
538276312.5,-56.37961
538276375.0,-56.32288
538276437.5,-56.33221
538276500.0,-56.34273
538276562.5,-56.29168
538276625.0,-56.4116
538276687.5,-56.28397
538276750.0,-56.35004
538276812.5,-56.35923
538276875.0,-56.24068
538276937.5,-56.28685
538277000.0,-56.3088
538277062.5,-56.32206
538277125.0,-56.42234
538277187.5,-56.38192
538277250.0,-56.34166
538277312.5,-56.31165
538277375.0,-56.25957
538277437.5,-56.40375
538277500.0,-56.36196
538277562.5,-56.33285
538277625.0,-56.30599
538277687.5,-56.23399
538277750.0,-56.35206
538277812.5,-56.31097
538277875.0,-56.27074
538277937.5,-56.35654
538278000.0,-56.34183
538278062.5,-56.34245
538278125.0,-56.27346
538278187.5,-56.33788
538278250.0,-56.34079
538278312.5,-56.3372
538278375.0,-56.27022
538278437.5,-56.35744
538278500.0,-56.32938
538278562.5,-56.34011
538278625.0,-56.3154
538278687.5,-56.32321
538278750.0,-56.2159
538278812.5,-56.35836
538278875.0,-56.29441
538278937.5,-56.29226
538279000.0,-56.35564
538279062.5,-56.39795
538279125.0,-56.27509
538279187.5,-56.32629
538279250.0,-56.4171
538279312.5,-56.25842
538279375.0,-56.30597
538279437.5,-56.3287
538279500.0,-56.25433
538279562.5,-56.37522
538279625.0,-56.29251
538279687.5,-56.34052
538279750.0,-56.2761
538279812.5,-56.2683
538279875.0,-56.34969
538279937.5,-56.34261
538280000.0,-56.23721
538280062.5,-56.39428
538280125.0,-56.22108
538280187.5,-56.26691
538280250.0,-56.26242
538280312.5,-56.25114
538280375.0,-56.23244
538280437.5,-56.24382
538280500.0,-56.28373
538280562.5,-56.34036
538280625.0,-56.27791
538280687.5,-56.32021
538280750.0,-56.20342
538280812.5,-56.30048
538280875.0,-56.33156
538280937.5,-56.30532
538281000.0,-56.32017
538281062.5,-56.25256
538281125.0,-56.2645
538281187.5,-56.29657
538281250.0,-56.29071
538281312.5,-56.29889
538281375.0,-56.18965
538281437.5,-56.33897
538281500.0,-56.29394
538281562.5,-56.30509
538281625.0,-56.29448
538281687.5,-56.34991
538281750.0,-56.23627
538281812.5,-56.33992
538281875.0,-56.31504
538281937.5,-56.2262
538282000.0,-56.2774
538282062.5,-56.23654
538282125.0,-56.16844
538282187.5,-56.21746
538282250.0,-56.20866
538282312.5,-56.27213
538282375.0,-56.31749
538282437.5,-56.21835
538282500.0,-56.24477
538282562.5,-56.19613
538282625.0,-56.2222
538282687.5,-56.25617
538282750.0,-56.22616
538282812.5,-56.25711
538282875.0,-56.25282
538282937.5,-56.27325
538283000.0,-56.27795
538283062.5,-56.32503
538283125.0,-56.23872
538283187.5,-56.2514
538283250.0,-56.31659
538283312.5,-56.2376
538283375.0,-56.18904
538283437.5,-56.28051
538283500.0,-56.20455
538283562.5,-56.28444
538283625.0,-56.2188
538283687.5,-56.32522
538283750.0,-56.27102
538283812.5,-56.3435
538283875.0,-56.28177
538283937.5,-56.24339
538284000.0,-56.16591
538284062.5,-56.29073
538284125.0,-56.19158
538284187.5,-56.19954
538284250.0,-56.20126
538284312.5,-56.17735
538284375.0,-56.22599
538284437.5,-56.24005
538284500.0,-56.29813
538284562.5,-56.24297
538284625.0,-56.32285
538284687.5,-56.21962
538284750.0,-56.28447
538284812.5,-56.22174
538284875.0,-56.2061
538284937.5,-56.22371
538285000.0,-56.28348
538285062.5,-56.2129
538285125.0,-56.21187
538285187.5,-56.20883
538285250.0,-56.17125
538285312.5,-56.20761
538285375.0,-56.21262
538285437.5,-56.23137
538285500.0,-56.19557
538285562.5,-56.23226
538285625.0,-56.22616
538285687.5,-56.19735
538285750.0,-56.26992
538285812.5,-56.19717
538285875.0,-56.19048
538285937.5,-56.17469
538286000.0,-56.28258
538286062.5,-56.23586
538286125.0,-56.23309
538286187.5,-56.21133
538286250.0,-56.17871
538286312.5,-56.2446
538286375.0,-56.21823
538286437.5,-56.10287
538286500.0,-56.20148
538286562.5,-56.20557
538286625.0,-56.24278
538286687.5,-56.25982
538286750.0,-56.2265
538286812.5,-56.13521
538286875.0,-56.20919
538286937.5,-56.18296
538287000.0,-56.21251
538287062.5,-56.1624
538287125.0,-56.21472
538287187.5,-56.20273
538287250.0,-56.16899
538287312.5,-56.13843
538287375.0,-56.222
538287437.5,-56.13327
538287500.0,-56.18922
538287562.5,-56.18204
538287625.0,-56.17529
538287687.5,-56.21274
538287750.0,-56.20246
538287812.5,-56.16635
538287875.0,-56.19505
538287937.5,-56.23036
538288000.0,-56.20354
538288062.5,-56.16881
538288125.0,-56.17072
538288187.5,-56.17471
538288250.0,-56.09366
538288312.5,-56.1386
538288375.0,-56.17472
538288437.5,-56.22783
538288500.0,-56.23387
538288562.5,-56.21143
538288625.0,-56.20553
538288687.5,-56.09732
538288750.0,-56.16772
538288812.5,-56.19357
538288875.0,-56.13454
538288937.5,-56.11464
538289000.0,-56.24726
538289062.5,-56.15925
538289125.0,-56.26065
538289187.5,-56.2078
538289250.0,-56.15118
538289312.5,-56.14358
538289375.0,-56.21518
538289437.5,-56.17206
538289500.0,-56.08102
538289562.5,-56.15244
538289625.0,-56.15051
538289687.5,-56.12807
538289750.0,-56.1976
538289812.5,-56.13509
538289875.0,-56.15654
538289937.5,-56.19298
538290000.0,-56.19866
538290062.5,-56.22414
538290125.0,-56.17384
538290187.5,-56.12952
538290250.0,-56.23986
538290312.5,-56.20492
538290375.0,-56.19836
538290437.5,-56.22519
538290500.0,-56.14841
538290562.5,-56.11105
538290625.0,-56.10186
538290687.5,-56.14997
538290750.0,-56.21419
538290812.5,-56.13793
538290875.0,-56.23059
538290937.5,-56.17263
538291000.0,-56.1367
538291062.5,-56.10226
538291125.0,-56.23643
538291187.5,-56.14658
538291250.0,-56.19079
538291312.5,-56.1261
538291375.0,-56.17781
538291437.5,-56.09665
538291500.0,-56.1308
538291562.5,-56.14808
538291625.0,-56.18919
538291687.5,-56.18605
538291750.0,-56.18095
538291812.5,-56.17777
538291875.0,-56.15722
538291937.5,-56.12894
538292000.0,-56.15076
538292062.5,-56.16198
538292125.0,-56.05966
538292187.5,-56.08252
538292250.0,-56.14559
538292312.5,-56.17896
538292375.0,-56.21585
538292437.5,-56.12133
538292500.0,-56.17121
538292562.5,-56.18625
538292625.0,-56.13873
538292687.5,-56.12729
538292750.0,-56.15592
538292812.5,-56.16464
538292875.0,-56.14995
538292937.5,-56.12198
538293000.0,-56.12623
538293062.5,-56.12563
538293125.0,-56.0731
538293187.5,-56.16197
538293250.0,-56.13325
538293312.5,-56.16465
538293375.0,-56.09861
538293437.5,-56.12051
538293500.0,-56.15803
538293562.5,-56.10003
538293625.0,-56.22069
538293687.5,-56.16846
538293750.0,-56.12469
538293812.5,-56.18276
538293875.0,-56.10374
538293937.5,-56.25117
538294000.0,-56.09958
538294062.5,-56.13115
538294125.0,-56.09859
538294187.5,-56.06848
538294250.0,-56.13177
538294312.5,-56.17947
538294375.0,-56.17112
538294437.5,-56.13899
538294500.0,-56.10849
538294562.5,-56.04443
538294625.0,-56.17449
538294687.5,-56.08169
538294750.0,-56.11436
538294812.5,-56.03354
538294875.0,-56.16302
538294937.5,-56.08907
538295000.0,-56.10775
538295062.5,-56.09742
538295125.0,-56.09172
538295187.5,-56.1876
538295250.0,-56.04893
538295312.5,-56.13854
538295375.0,-56.13316
538295437.5,-56.12061
538295500.0,-56.1588
538295562.5,-56.17865
538295625.0,-56.0202
538295687.5,-56.05328
538295750.0,-56.07533
538295812.5,-56.10153
538295875.0,-56.13024
538295937.5,-56.02704
538296000.0,-56.0342
538296062.5,-56.10065
538296125.0,-56.08804
538296187.5,-56.09006
538296250.0,-56.06281
538296312.5,-56.13051
538296375.0,-56.06403
538296437.5,-56.07523
538296500.0,-56.01419
538296562.5,-56.05425
538296625.0,-56.02415
538296687.5,-56.03149
538296750.0,-56.0654
538296812.5,-56.06209
538296875.0,-56.12378
538296937.5,-56.10894
538297000.0,-56.06128
538297062.5,-56.00999
538297125.0,-56.0032
538297187.5,-56.07328
538297250.0,-56.11316
538297312.5,-56.10471
538297375.0,-56.09008
538297437.5,-56.07059
538297500.0,-56.03433
538297562.5,-56.03949
538297625.0,-55.97493
538297687.5,-55.99643
538297750.0,-56.10192
538297812.5,-55.9993
538297875.0,-56.04758
538297937.5,-56.06787
538298000.0,-56.10202
538298062.5,-56.10502
538298125.0,-56.07967
538298187.5,-56.0528
538298250.0,-56.07269
538298312.5,-56.08291
538298375.0,-56.07479
538298437.5,-56.03343
538298500.0,-56.09053
538298562.5,-56.15813
538298625.0,-56.09035
538298687.5,-56.01344
538298750.0,-56.01363
538298812.5,-56.09813
538298875.0,-55.92599
538298937.5,-56.01923
538299000.0,-56.05764
538299062.5,-56.02643
538299125.0,-56.05679
538299187.5,-56.13757
538299250.0,-56.07559
538299312.5,-56.0768
538299375.0,-56.02258
538299437.5,-56.05869
538299500.0,-56.05926
538299562.5,-56.12938
538299625.0,-55.99914
538299687.5,-56.03817
538299750.0,-56.05239
538299812.5,-55.96029
538299875.0,-56.10022
538299937.5,-56.09145
538300000.0,-56.00929
538300062.5,-55.99553
538300125.0,-56.10686
538300187.5,-56.035
538300250.0,-56.02972
538300312.5,-56.07404
538300375.0,-55.99775
538300437.5,-56.06093
538300500.0,-56.05245
538300562.5,-55.966
538300625.0,-56.00185
538300687.5,-56.0813
538300750.0,-55.9981
538300812.5,-55.99303
538300875.0,-56.05377
538300937.5,-56.027
538301000.0,-56.08455
538301062.5,-56.03664
538301125.0,-56.04777
538301187.5,-55.97323
538301250.0,-55.98767
538301312.5,-56.06919
538301375.0,-55.9958
538301437.5,-56.06509
538301500.0,-56.09238
538301562.5,-56.11127
538301625.0,-55.95234
538301687.5,-56.03445
538301750.0,-56.01982
538301812.5,-56.02647
538301875.0,-55.91225
538301937.5,-56.0453
538302000.0,-56.07648
538302062.5,-55.95772
538302125.0,-56.06942
538302187.5,-55.99736
538302250.0,-56.05305
538302312.5,-56.00043
538302375.0,-55.99407
538302437.5,-55.96676
538302500.0,-55.95255
538302562.5,-56.04464
538302625.0,-55.98238
538302687.5,-56.01616
538302750.0,-55.99633
538302812.5,-55.98785
538302875.0,-55.94764
538302937.5,-55.9953
538303000.0,-55.99333
538303062.5,-56.03828
538303125.0,-56.04179
538303187.5,-56.01637
538303250.0,-55.99367
538303312.5,-55.98939
538303375.0,-55.99425
538303437.5,-55.95904
538303500.0,-56.06868
538303562.5,-56.00186
538303625.0,-56.00513
538303687.5,-56.034
538303750.0,-55.98043
538303812.5,-55.98796
538303875.0,-56.08485
538303937.5,-56.0407
538304000.0,-55.9793
538304062.5,-55.92035
538304125.0,-55.98942
538304187.5,-56.03242
538304250.0,-55.96851
538304312.5,-55.96702
538304375.0,-55.95586
538304437.5,-56.02443
538304500.0,-56.049
538304562.5,-55.97753
538304625.0,-55.93993
538304687.5,-55.97346
538304750.0,-55.84136
538304812.5,-56.01604
538304875.0,-55.97868
538304937.5,-55.97639
538305000.0,-55.98115
538305062.5,-56.05576
538305125.0,-56.07592
538305187.5,-55.95774
538305250.0,-55.94514
538305312.5,-55.96362
538305375.0,-55.93434
538305437.5,-55.96432
538305500.0,-56.01966
538305562.5,-56.05735
538305625.0,-55.99409
538305687.5,-56.0122
538305750.0,-55.99102
538305812.5,-55.96946
538305875.0,-55.9567
538305937.5,-55.93748
538306000.0,-55.95236
538306062.5,-55.95942
538306125.0,-55.941
538306187.5,-56.05386
538306250.0,-55.87636
538306312.5,-55.91829
538306375.0,-55.96311
538306437.5,-55.84679
538306500.0,-55.93311
538306562.5,-56.00137
538306625.0,-56.0039
538306687.5,-55.94371
538306750.0,-55.94951
538306812.5,-55.9688
538306875.0,-55.96075
538306937.5,-56.01088
538307000.0,-56.01328
538307062.5,-55.88497
538307125.0,-56.04164
538307187.5,-55.91102
538307250.0,-55.89123
538307312.5,-55.92207
538307375.0,-55.91594
538307437.5,-55.98778
538307500.0,-55.92585
538307562.5,-55.94992
538307625.0,-55.96424
538307687.5,-56.00695
538307750.0,-55.96655
538307812.5,-55.95331
538307875.0,-55.91951
538307937.5,-55.93734
538308000.0,-55.95375
538308062.5,-55.99787
538308125.0,-55.90374
538308187.5,-55.94999
538308250.0,-55.94214
538308312.5,-56.0063
538308375.0,-55.85552
538308437.5,-55.93172
538308500.0,-55.91292
538308562.5,-55.91152
538308625.0,-55.86422
538308687.5,-55.88521
538308750.0,-55.93291
538308812.5,-55.84983
538308875.0,-55.91008
538308937.5,-55.91732
538309000.0,-55.94403
538309062.5,-55.97968
538309125.0,-55.97375
538309187.5,-55.94934
538309250.0,-55.92028
538309312.5,-55.94762
538309375.0,-55.92541
538309437.5,-55.89828
538309500.0,-55.99607
538309562.5,-55.90386
538309625.0,-55.94643
538309687.5,-55.88226
538309750.0,-55.91113
538309812.5,-55.83017
538309875.0,-55.92672
538309937.5,-55.91867
538310000.0,-55.86687
538310062.5,-55.87064
538310125.0,-55.9646
538310187.5,-55.90607
538310250.0,-55.89553
538310312.5,-55.84604
538310375.0,-55.82406
538310437.5,-55.94986
538310500.0,-55.89864
538310562.5,-55.89716
538310625.0,-55.93309
538310687.5,-55.93717
538310750.0,-55.89121
538310812.5,-55.90277
538310875.0,-55.94552
538310937.5,-55.90195
538311000.0,-55.89875
538311062.5,-55.86508
538311125.0,-55.92793
538311187.5,-55.79565
538311250.0,-55.91898
538311312.5,-55.88598
538311375.0,-55.90303
538311437.5,-55.86198
538311500.0,-55.92752
538311562.5,-55.90915
538311625.0,-55.92265
538311687.5,-55.86263
538311750.0,-55.91029
538311812.5,-55.91698
538311875.0,-55.82987
538311937.5,-55.92665
538312000.0,-55.84414
538312062.5,-55.94201
538312125.0,-55.86856
538312187.5,-55.89282
538312250.0,-55.96997
538312312.5,-55.91998
538312375.0,-55.8428
538312437.5,-55.8261
538312500.0,-55.89462
538312562.5,-55.80625
538312625.0,-55.79512
538312687.5,-55.88905
538312750.0,-55.86566
538312812.5,-55.89663
538312875.0,-55.85007
538312937.5,-55.9184
538313000.0,-55.87114
538313062.5,-55.87721
538313125.0,-55.82628
538313187.5,-55.89212
538313250.0,-55.93057
538313312.5,-55.79906
538313375.0,-55.88661
538313437.5,-55.893
538313500.0,-55.91449
538313562.5,-55.88809
538313625.0,-55.74826
538313687.5,-55.85097
538313750.0,-55.86469
538313812.5,-55.8096
538313875.0,-55.83258
538313937.5,-55.87667
538314000.0,-55.8319
538314062.5,-55.81687
538314125.0,-55.86851
538314187.5,-55.86692
538314250.0,-55.85838
538314312.5,-55.89502
538314375.0,-55.82934
538314437.5,-55.8471
538314500.0,-55.85515
538314562.5,-55.78445
538314625.0,-55.90446
538314687.5,-55.826
538314750.0,-55.84976
538314812.5,-55.82166
538314875.0,-55.82063
538314937.5,-55.83334
538315000.0,-55.82169
538315062.5,-55.85794
538315125.0,-55.81203
538315187.5,-55.80192
538315250.0,-55.81226
538315312.5,-55.90779
538315375.0,-55.81758
538315437.5,-55.84308
538315500.0,-55.84262
538315562.5,-55.86277
538315625.0,-55.7676
538315687.5,-55.84373
538315750.0,-55.84013
538315812.5,-55.76618
538315875.0,-55.8534
538315937.5,-55.81321
538316000.0,-55.8551
538316062.5,-55.81404
538316125.0,-55.7979
538316187.5,-55.82521
538316250.0,-55.82443
538316312.5,-55.85155
538316375.0,-55.79327
538316437.5,-55.79747
538316500.0,-55.81887
538316562.5,-55.85398
538316625.0,-55.80651
538316687.5,-55.81319
538316750.0,-55.81841
538316812.5,-55.7739
538316875.0,-55.82681
538316937.5,-55.83535
538317000.0,-55.85274
538317062.5,-55.77181
538317125.0,-55.8184
538317187.5,-55.82123
538317250.0,-55.79161
538317312.5,-55.9416
538317375.0,-55.84126
538317437.5,-55.81836
538317500.0,-55.7127
538317562.5,-55.85822
538317625.0,-55.78269
538317687.5,-55.76353
538317750.0,-55.74702
538317812.5,-55.69526
538317875.0,-55.81487
538317937.5,-55.82312
538318000.0,-55.80845
538318062.5,-55.8266
538318125.0,-55.78203
538318187.5,-55.76471
538318250.0,-55.79509
538318312.5,-55.80856
538318375.0,-55.81987
538318437.5,-55.83746
538318500.0,-55.79711
538318562.5,-55.75987
538318625.0,-55.75701
538318687.5,-55.80599
538318750.0,-55.79341
538318812.5,-55.68382
538318875.0,-55.79392
538318937.5,-55.77279
538319000.0,-55.77145
538319062.5,-55.84439
538319125.0,-55.74813
538319187.5,-55.76252
538319250.0,-55.72854
538319312.5,-55.77904
538319375.0,-55.76929
538319437.5,-55.84971
538319500.0,-55.76561
538319562.5,-55.8446
538319625.0,-55.76665
538319687.5,-55.68299
538319750.0,-55.73325
538319812.5,-55.73877
538319875.0,-55.79126
538319937.5,-55.69434
538320000.0,-55.83753
538320062.5,-55.74118
538320125.0,-55.76089
538320187.5,-55.82808
538320250.0,-55.72476
538320312.5,-55.76399
538320375.0,-55.83489
538320437.5,-55.81538
538320500.0,-55.76427
538320562.5,-55.77338
538320625.0,-55.73272
538320687.5,-55.79673
538320750.0,-55.80108
538320812.5,-55.69724
538320875.0,-55.76785
538320937.5,-55.80437
538321000.0,-55.77165
538321062.5,-55.73552
538321125.0,-55.81718
538321187.5,-55.76946
538321250.0,-55.73033
538321312.5,-55.71871
538321375.0,-55.80217
538321437.5,-55.73748
538321500.0,-55.80756
538321562.5,-55.76168
538321625.0,-55.78018
538321687.5,-55.73438
538321750.0,-55.7883
538321812.5,-55.67281
538321875.0,-55.67701
538321937.5,-55.82107
538322000.0,-55.81117
538322062.5,-55.73064
538322125.0,-55.7612
538322187.5,-55.67716
538322250.0,-55.74043
538322312.5,-55.80658
538322375.0,-55.69121
538322437.5,-55.79878
538322500.0,-55.76611
538322562.5,-55.78396
538322625.0,-55.80573
538322687.5,-55.74114
538322750.0,-55.78181
538322812.5,-55.72054
538322875.0,-55.74816
538322937.5,-55.73695
538323000.0,-55.65656
538323062.5,-55.69751
538323125.0,-55.76432
538323187.5,-55.69709
538323250.0,-55.71571
538323312.5,-55.74279
538323375.0,-55.80516
538323437.5,-55.68096
538323500.0,-55.70847
538323562.5,-55.69602
538323625.0,-55.77115
538323687.5,-55.63359
538323750.0,-55.69331
538323812.5,-55.70176
538323875.0,-55.7659
538323937.5,-55.67683
538324000.0,-55.73216
538324062.5,-55.64613
538324125.0,-55.7578
538324187.5,-55.7083
538324250.0,-55.71562
538324312.5,-55.76781
538324375.0,-55.72203
538324437.5,-55.70768
538324500.0,-55.69648
538324562.5,-55.72089
538324625.0,-55.76842
538324687.5,-55.73701
538324750.0,-55.7276
538324812.5,-55.74908
538324875.0,-55.72713
538324937.5,-55.68735
538325000.0,-55.7346
538325062.5,-55.71921
538325125.0,-55.69725
538325187.5,-55.76457
538325250.0,-55.7521
538325312.5,-55.7489
538325375.0,-55.7172
538325437.5,-55.6982
538325500.0,-55.68929
538325562.5,-55.75094
538325625.0,-55.71853
538325687.5,-55.66613
538325750.0,-55.68387
538325812.5,-55.67964
538325875.0,-55.65446
538325937.5,-55.70713
538326000.0,-55.75565
538326062.5,-55.6885
538326125.0,-55.75772
538326187.5,-55.65856
538326250.0,-55.75562
538326312.5,-55.74884
538326375.0,-55.69556
538326437.5,-55.81021
538326500.0,-55.68068
538326562.5,-55.7448
538326625.0,-55.72622
538326687.5,-55.60255
538326750.0,-55.74824
538326812.5,-55.61084
538326875.0,-55.64201
538326937.5,-55.65373
538327000.0,-55.69246
538327062.5,-55.69373
538327125.0,-55.71634
538327187.5,-55.72821
538327250.0,-55.69828
538327312.5,-55.61414
538327375.0,-55.6824
538327437.5,-55.6233
538327500.0,-55.66723
538327562.5,-55.64054
538327625.0,-55.65823
538327687.5,-55.6954
538327750.0,-55.72185
538327812.5,-55.66139
538327875.0,-55.73928
538327937.5,-55.75018
538328000.0,-55.64578
538328062.5,-55.6655
538328125.0,-55.69072
538328187.5,-55.77121
538328250.0,-55.66177
538328312.5,-55.77629
538328375.0,-55.66026
538328437.5,-55.62904
538328500.0,-55.68113
538328562.5,-55.65689
538328625.0,-55.62718
538328687.5,-55.65083
538328750.0,-55.59317
538328812.5,-55.60189
538328875.0,-55.67789
538328937.5,-55.6916
538329000.0,-55.63167
538329062.5,-55.64636
538329125.0,-55.6357
538329187.5,-55.62136
538329250.0,-55.67891
538329312.5,-55.60267
538329375.0,-55.67373
538329437.5,-55.66645
538329500.0,-55.67029
538329562.5,-55.7169
538329625.0,-55.66763
538329687.5,-55.62595
538329750.0,-55.68748
538329812.5,-55.66344
538329875.0,-55.6755
538329937.5,-55.5951
538330000.0,-55.67569
538330062.5,-55.68729
538330125.0,-55.61822
538330187.5,-55.67705
538330250.0,-55.66612
538330312.5,-55.68157
538330375.0,-55.60952
538330437.5,-55.60732
538330500.0,-55.56488
538330562.5,-55.7094
538330625.0,-55.65574
538330687.5,-55.63161
538330750.0,-55.62224
538330812.5,-55.65458
538330875.0,-55.67881
538330937.5,-55.62317
538331000.0,-55.59495
538331062.5,-55.61903
538331125.0,-55.65313
538331187.5,-55.6847
538331250.0,-55.62915
538331312.5,-55.62099
538331375.0,-55.62035
538331437.5,-55.6333
538331500.0,-55.63374
538331562.5,-55.68214
538331625.0,-55.63801
538331687.5,-55.64236
538331750.0,-55.60398
538331812.5,-55.59471
538331875.0,-55.61417
538331937.5,-55.57567
538332000.0,-55.64573
538332062.5,-55.68651
538332125.0,-55.64322
538332187.5,-55.62753
538332250.0,-55.63568
538332312.5,-55.54455
538332375.0,-55.62379
538332437.5,-55.58696
538332500.0,-55.556
538332562.5,-55.6118
538332625.0,-55.57259
538332687.5,-55.6507
538332750.0,-55.55723
538332812.5,-55.58498
538332875.0,-55.65759
538332937.5,-55.63243
538333000.0,-55.67895
538333062.5,-55.68964
538333125.0,-55.66432
538333187.5,-55.56902
538333250.0,-55.57063
538333312.5,-55.58295
538333375.0,-55.50937
538333437.5,-55.59502
538333500.0,-55.58842
538333562.5,-55.56435
538333625.0,-55.59075
538333687.5,-55.62394
538333750.0,-55.64159
538333812.5,-55.57709
538333875.0,-55.63291
538333937.5,-55.55039
538334000.0,-55.60673
538334062.5,-55.6208
538334125.0,-55.55211
538334187.5,-55.57353
538334250.0,-55.58004
538334312.5,-55.62315
538334375.0,-55.63145
538334437.5,-55.62953
538334500.0,-55.66891
538334562.5,-55.59032
538334625.0,-55.51386
538334687.5,-55.58139
538334750.0,-55.58829
538334812.5,-55.61229
538334875.0,-55.55527
538334937.5,-55.59414
538335000.0,-55.62939
538335062.5,-55.56125
538335125.0,-55.5895
538335187.5,-55.53847
538335250.0,-55.5856
538335312.5,-55.55838
538335375.0,-55.64492
538335437.5,-55.46871
538335500.0,-55.60015
538335562.5,-55.62721
538335625.0,-55.59004
538335687.5,-55.5211
538335750.0,-55.52252
538335812.5,-55.57137
538335875.0,-55.60321
538335937.5,-55.56764
538336000.0,-55.52176
538336062.5,-55.58738
538336125.0,-55.6013
538336187.5,-55.54977
538336250.0,-55.61593
538336312.5,-55.632
538336375.0,-55.60206
538336437.5,-55.62345
538336500.0,-55.53659
538336562.5,-55.56401
538336625.0,-55.49444
538336687.5,-55.54269
538336750.0,-55.50618
538336812.5,-55.55775
538336875.0,-55.63108
538336937.5,-55.52187
538337000.0,-55.55288
538337062.5,-55.59954
538337125.0,-55.52424
538337187.5,-55.50913
538337250.0,-55.50558
538337312.5,-55.58101
538337375.0,-55.58697
538337437.5,-55.56179
538337500.0,-55.52625
538337562.5,-55.49334
538337625.0,-55.53172
538337687.5,-55.46201
538337750.0,-55.47393
538337812.5,-55.44645
538337875.0,-55.53803
538337937.5,-55.5672
538338000.0,-55.52295
538338062.5,-55.48534
538338125.0,-55.61117
538338187.5,-55.52228
538338250.0,-55.54263
538338312.5,-55.47329
538338375.0,-55.49695
538338437.5,-55.57345
538338500.0,-55.54039
538338562.5,-55.51479
538338625.0,-55.54396
538338687.5,-55.48424
538338750.0,-55.54762
538338812.5,-55.48537
538338875.0,-55.53758
538338937.5,-55.49593
538339000.0,-55.50394
538339062.5,-55.48689
538339125.0,-55.45847
538339187.5,-55.47819
538339250.0,-55.54222
538339312.5,-55.47523
538339375.0,-55.50521
538339437.5,-55.54435
538339500.0,-55.49581
538339562.5,-55.50724
538339625.0,-55.57486
538339687.5,-55.51176
538339750.0,-55.53847
538339812.5,-55.51917
538339875.0,-55.53455
538339937.5,-55.49452
538340000.0,-55.54084
538340062.5,-55.52476
538340125.0,-55.565
538340187.5,-55.55511
538340250.0,-55.51176
538340312.5,-55.53098
538340375.0,-55.51744
538340437.5,-55.55328
538340500.0,-55.49703
538340562.5,-55.5213
538340625.0,-55.56023
538340687.5,-55.54063
538340750.0,-55.51511
538340812.5,-55.49706
538340875.0,-55.55834
538340937.5,-55.53171
538341000.0,-55.50362
538341062.5,-55.53352
538341125.0,-55.47882
538341187.5,-55.56057
538341250.0,-55.49966
538341312.5,-55.50971
538341375.0,-55.4914
538341437.5,-55.43065
538341500.0,-55.52616
538341562.5,-55.48794
538341625.0,-55.47312
538341687.5,-55.49588
538341750.0,-55.4676
538341812.5,-55.52324
538341875.0,-55.48843
538341937.5,-55.43938
538342000.0,-55.46239
538342062.5,-55.47461
538342125.0,-55.49986
538342187.5,-55.44875
538342250.0,-55.4671
538342312.5,-55.47274
538342375.0,-55.44014
538342437.5,-55.43195
538342500.0,-55.55393
538342562.5,-55.45446
538342625.0,-55.54576
538342687.5,-55.5969
538342750.0,-55.55004
538342812.5,-55.47357
538342875.0,-55.44125
538342937.5,-55.44747
538343000.0,-55.53977
538343062.5,-55.46099
538343125.0,-55.44928
538343187.5,-55.4447
538343250.0,-55.47553
538343312.5,-55.41278
538343375.0,-55.43011
538343437.5,-55.51864
538343500.0,-55.49133
538343562.5,-55.46556
538343625.0,-55.46126
538343687.5,-55.46971
538343750.0,-55.42755
538343812.5,-55.44468
538343875.0,-55.50936
538343937.5,-55.42994
538344000.0,-55.40962
538344062.5,-55.48021
538344125.0,-55.40788
538344187.5,-55.48327
538344250.0,-55.37033
538344312.5,-55.46395
538344375.0,-55.49223
538344437.5,-55.46376
538344500.0,-55.4478
538344562.5,-55.53535
538344625.0,-55.43533
538344687.5,-55.41997
538344750.0,-55.42141
538344812.5,-55.46092
538344875.0,-55.45055
538344937.5,-55.42167
538345000.0,-55.52693
538345062.5,-55.44195
538345125.0,-55.42118
538345187.5,-55.5104
538345250.0,-55.45876
538345312.5,-55.39495
538345375.0,-55.42216
538345437.5,-55.33253
538345500.0,-55.42278
538345562.5,-55.44118
538345625.0,-55.40137
538345687.5,-55.41679
538345750.0,-55.4523
538345812.5,-55.43204
538345875.0,-55.48865
538345937.5,-55.44345
538346000.0,-55.3832
538346062.5,-55.33096
538346125.0,-55.43129
538346187.5,-55.39817
538346250.0,-55.42521
538346312.5,-55.45823
538346375.0,-55.36835
538346437.5,-55.42388
538346500.0,-55.32918
538346562.5,-55.53009
538346625.0,-55.44278
538346687.5,-55.44573
538346750.0,-55.44891
538346812.5,-55.44223
538346875.0,-55.37705
538346937.5,-55.43231
538347000.0,-55.44911
538347062.5,-55.38589
538347125.0,-55.40638
538347187.5,-55.42078
538347250.0,-55.4186
538347312.5,-55.4604
538347375.0,-55.38219
538347437.5,-55.38212
538347500.0,-55.41433
538347562.5,-55.47577
538347625.0,-55.3363
538347687.5,-55.3991
538347750.0,-55.39787
538347812.5,-55.41117
538347875.0,-55.42933
538347937.5,-55.41863
538348000.0,-55.45716
538348062.5,-55.41923
538348125.0,-55.39795
538348187.5,-55.38649
538348250.0,-55.42586
538348312.5,-55.38643
538348375.0,-55.40627
538348437.5,-55.36732
538348500.0,-55.45129
538348562.5,-55.41472
538348625.0,-55.43089
538348687.5,-55.4044
538348750.0,-55.2589
538348812.5,-55.32859
538348875.0,-55.40527
538348937.5,-55.3326
538349000.0,-55.41513
538349062.5,-55.37601
538349125.0,-55.33529
538349187.5,-55.32168
538349250.0,-55.32187
538349312.5,-55.39849
538349375.0,-55.39354
538349437.5,-55.3642
538349500.0,-55.35057
538349562.5,-55.39869
538349625.0,-55.39925
538349687.5,-55.35429
538349750.0,-55.36056
538349812.5,-55.39909
538349875.0,-55.32621
538349937.5,-55.35828
538350000.0,-55.44396
538350062.5,-55.37432
538350125.0,-55.32722
538350187.5,-55.39302
538350250.0,-55.39875
538350312.5,-55.41071
538350375.0,-55.35425
538350437.5,-55.39937
538350500.0,-55.35844
538350562.5,-55.29284
538350625.0,-55.40554
538350687.5,-55.34211
538350750.0,-55.33622
538350812.5,-55.35162
538350875.0,-55.30586
538350937.5,-55.32222
538351000.0,-55.39553
538351062.5,-55.34578
538351125.0,-55.4208
538351187.5,-55.24224
538351250.0,-55.39978
538351312.5,-55.37859
538351375.0,-55.39133
538351437.5,-55.40685
538351500.0,-55.32222
538351562.5,-55.43895
538351625.0,-55.37939
538351687.5,-55.41712
538351750.0,-55.31606
538351812.5,-55.42294
538351875.0,-55.37131
538351937.5,-55.41336
538352000.0,-55.26861
538352062.5,-55.33847
538352125.0,-55.36151
538352187.5,-55.34369
538352250.0,-55.38585
538352312.5,-55.39292
538352375.0,-55.32219
538352437.5,-55.27678
538352500.0,-55.4492
538352562.5,-55.37608
538352625.0,-55.37267
538352687.5,-55.32221
538352750.0,-55.33733
538352812.5,-55.37381
538352875.0,-55.32141
538352937.5,-55.35204
538353000.0,-55.34552
538353062.5,-55.31631
538353125.0,-55.30978
538353187.5,-55.34219
538353250.0,-55.31207
538353312.5,-55.34241
538353375.0,-55.38354
538353437.5,-55.27825
538353500.0,-55.28354
538353562.5,-55.27352
538353625.0,-55.31243
538353687.5,-55.2909
538353750.0,-55.29786
538353812.5,-55.29638
538353875.0,-55.38094
538353937.5,-55.32055
538354000.0,-55.31335
538354062.5,-55.24712
538354125.0,-55.43184
538354187.5,-55.36172
538354250.0,-55.31209
538354312.5,-55.22827
538354375.0,-55.35064
538354437.5,-55.34641
538354500.0,-55.32848
538354562.5,-55.27635
538354625.0,-55.3415
538354687.5,-55.27301
538354750.0,-55.30978
538354812.5,-55.25791
538354875.0,-55.28455
538354937.5,-55.30357
538355000.0,-55.32403
538355062.5,-55.42506
538355125.0,-55.29983
538355187.5,-55.27506
538355250.0,-55.37651
538355312.5,-55.37035
538355375.0,-55.27473
538355437.5,-55.29461
538355500.0,-55.24974
538355562.5,-55.26007
538355625.0,-55.23838
538355687.5,-55.35589
538355750.0,-55.32823
538355812.5,-55.19087
538355875.0,-55.32036
538355937.5,-55.2567
538356000.0,-55.2715
538356062.5,-55.26371
538356125.0,-55.28006
538356187.5,-55.18848
538356250.0,-55.29915
538356312.5,-55.33094
538356375.0,-55.33815
538356437.5,-55.29585
538356500.0,-55.29989
538356562.5,-55.30485
538356625.0,-55.24108
538356687.5,-55.30479
538356750.0,-55.27077
538356812.5,-55.33003
538356875.0,-55.30236
538356937.5,-55.33937
538357000.0,-55.26929
538357062.5,-55.28141
538357125.0,-55.31152
538357187.5,-55.24947
538357250.0,-55.29776
538357312.5,-55.2416
538357375.0,-55.24711
538357437.5,-55.29292
538357500.0,-55.30143
538357562.5,-55.2326
538357625.0,-55.18547
538357687.5,-55.21447
538357750.0,-55.28399
538357812.5,-55.24349
538357875.0,-55.31282
538357937.5,-55.3576
538358000.0,-55.3088
538358062.5,-55.20734
538358125.0,-55.21616
538358187.5,-55.26769
538358250.0,-55.24912
538358312.5,-55.29331
538358375.0,-55.25567
538358437.5,-55.21978
538358500.0,-55.29282
538358562.5,-55.21321
538358625.0,-55.22594
538358687.5,-55.17446
538358750.0,-55.32058
538358812.5,-55.22398
538358875.0,-55.26632
538358937.5,-55.21669
538359000.0,-55.20192
538359062.5,-55.21567
538359125.0,-55.24974
538359187.5,-55.20646
538359250.0,-55.2197
538359312.5,-55.21534
538359375.0,-55.21288
538359437.5,-55.32734
538359500.0,-55.25613
538359562.5,-55.31905
538359625.0,-55.23181
538359687.5,-55.19988
538359750.0,-55.27391
538359812.5,-55.23465
538359875.0,-55.19933
538359937.5,-55.25094
538360000.0,-55.24282
538360062.5,-55.21767
538360125.0,-55.23804
538360187.5,-55.24319
538360250.0,-55.28669
538360312.5,-55.28962
538360375.0,-55.25578
538360437.5,-55.15025
538360500.0,-55.19781
538360562.5,-55.20076
538360625.0,-55.19346
538360687.5,-55.24998
538360750.0,-55.24612
538360812.5,-55.23954
538360875.0,-55.19431
538360937.5,-55.18423
538361000.0,-55.23185
538361062.5,-55.24485
538361125.0,-55.20901
538361187.5,-55.19406
538361250.0,-55.21746
538361312.5,-55.24091
538361375.0,-55.30387
538361437.5,-55.24409
538361500.0,-55.24916
538361562.5,-55.29706
538361625.0,-55.18343
538361687.5,-55.22961
538361750.0,-55.18568
538361812.5,-55.24675
538361875.0,-55.19271
538361937.5,-55.17186
538362000.0,-55.17574
538362062.5,-55.2463
538362125.0,-55.23656
538362187.5,-55.21671
538362250.0,-55.30236
538362312.5,-55.19719
538362375.0,-55.18428
538362437.5,-55.11012
538362500.0,-55.18817
538362562.5,-55.16462
538362625.0,-55.21541
538362687.5,-55.16741
538362750.0,-55.1813
538362812.5,-55.15419
538362875.0,-55.18116
538362937.5,-55.17976
538363000.0,-55.21936
538363062.5,-55.08091
538363125.0,-55.17087
538363187.5,-55.21637
538363250.0,-55.18501
538363312.5,-55.12215
538363375.0,-55.31967
538363437.5,-55.18126
538363500.0,-55.19222
538363562.5,-55.22467
538363625.0,-55.09957
538363687.5,-55.16582
538363750.0,-55.13457
538363812.5,-55.1062
538363875.0,-55.23898
538363937.5,-55.2157
538364000.0,-55.17469
538364062.5,-55.2209
538364125.0,-55.15071
538364187.5,-55.04243
538364250.0,-55.24454
538364312.5,-55.15119
538364375.0,-55.15601
538364437.5,-55.15016
538364500.0,-55.18467
538364562.5,-55.2258
538364625.0,-55.19119
538364687.5,-55.19484
538364750.0,-55.14781
538364812.5,-55.20524
538364875.0,-55.11499
538364937.5,-55.13282
538365000.0,-55.15634
538365062.5,-55.15387
538365125.0,-55.17088
538365187.5,-55.18294
538365250.0,-55.14865
538365312.5,-55.2093
538365375.0,-55.13942
538365437.5,-55.24854
538365500.0,-55.08357
538365562.5,-55.16559
538365625.0,-55.1441
538365687.5,-55.14553
538365750.0,-55.17089
538365812.5,-55.08178
538365875.0,-55.13978
538365937.5,-55.15514
538366000.0,-55.15146
538366062.5,-55.18312
538366125.0,-55.14837
538366187.5,-55.13418
538366250.0,-55.07753
538366312.5,-55.12232
538366375.0,-55.1368
538366437.5,-55.12902
538366500.0,-55.18686
538366562.5,-55.20985
538366625.0,-55.09768
538366687.5,-55.09793
538366750.0,-55.15066
538366812.5,-55.14743
538366875.0,-55.1409
538366937.5,-55.07857
538367000.0,-55.17803
538367062.5,-55.12318
538367125.0,-55.16609
538367187.5,-55.12429
538367250.0,-55.08831
538367312.5,-55.06369
538367375.0,-55.1168
538367437.5,-55.18717
538367500.0,-55.14722
538367562.5,-55.07189
538367625.0,-55.11774
538367687.5,-55.16814
538367750.0,-55.13984
538367812.5,-55.10556
538367875.0,-55.10824
538367937.5,-55.09144
538368000.0,-55.11715
538368062.5,-55.13203
538368125.0,-55.17778
538368187.5,-55.13039
538368250.0,-55.07048
538368312.5,-55.09558
538368375.0,-55.14578
538368437.5,-55.10301
538368500.0,-55.12687
538368562.5,-55.14155
538368625.0,-55.09893
538368687.5,-55.10695
538368750.0,-55.09114
538368812.5,-55.13553
538368875.0,-55.078
538368937.5,-55.13437
538369000.0,-55.14017
538369062.5,-55.0873
538369125.0,-55.09022
538369187.5,-55.10584
538369250.0,-55.13875
538369312.5,-55.06199
538369375.0,-55.09486
538369437.5,-55.03962
538369500.0,-55.08781
538369562.5,-55.13847
538369625.0,-55.05729
538369687.5,-55.04123
538369750.0,-55.07361
538369812.5,-55.13926
538369875.0,-55.09101
538369937.5,-55.09362
538370000.0,-55.1541
538370062.5,-55.10489
538370125.0,-55.06573
538370187.5,-55.03261
538370250.0,-55.06645
538370312.5,-55.12708
538370375.0,-55.11086
538370437.5,-55.10588
538370500.0,-55.01614
538370562.5,-55.1043
538370625.0,-55.05856
538370687.5,-55.11831
538370750.0,-55.07663
538370812.5,-55.09631
538370875.0,-55.11938
538370937.5,-55.14841
538371000.0,-55.08446
538371062.5,-55.04808
538371125.0,-55.11342
538371187.5,-55.11344
538371250.0,-55.12344
538371312.5,-55.03078
538371375.0,-55.07346
538371437.5,-55.05355
538371500.0,-54.99769
538371562.5,-55.10558
538371625.0,-55.09773
538371687.5,-55.07656
538371750.0,-55.02494
538371812.5,-55.03761
538371875.0,-55.02166
538371937.5,-55.06506
538372000.0,-55.1246
538372062.5,-55.09948
538372125.0,-54.9964
538372187.5,-55.03397
538372250.0,-55.01839
538372312.5,-55.05545
538372375.0,-55.03248
538372437.5,-55.05322
538372500.0,-55.02084
538372562.5,-55.05452
538372625.0,-54.98091
538372687.5,-55.11042
538372750.0,-55.08001
538372812.5,-55.01954
538372875.0,-54.9975
538372937.5,-55.06693
538373000.0,-55.09071
538373062.5,-55.01355
538373125.0,-55.04487
538373187.5,-55.0356
538373250.0,-55.11323
538373312.5,-55.06187
538373375.0,-55.07639
538373437.5,-55.01616
538373500.0,-55.0295
538373562.5,-55.0866
538373625.0,-55.1078
538373687.5,-55.03168
538373750.0,-55.0
538373812.5,-54.97663
538373875.0,-55.02403
538373937.5,-55.06077
538374000.0,-55.07152
538374062.5,-55.04436
538374125.0,-55.05248
538374187.5,-54.99387
538374250.0,-55.05946
538374312.5,-55.02068
538374375.0,-54.96398
538374437.5,-54.99625
538374500.0,-54.98876
538374562.5,-55.0479
538374625.0,-55.0071
538374687.5,-55.02377
538374750.0,-55.08004
538374812.5,-55.02189
538374875.0,-55.01254
538374937.5,-54.99786
538375000.0,-55.08568
538375062.5,-55.03432
538375125.0,-54.99194
538375187.5,-54.99886
538375250.0,-55.04477
538375312.5,-55.05112
538375375.0,-55.05079
538375437.5,-54.93494
538375500.0,-54.97277
538375562.5,-55.00793
538375625.0,-55.03289
538375687.5,-55.00851
538375750.0,-54.95042
538375812.5,-55.02781
538375875.0,-54.97642
538375937.5,-54.96719
538376000.0,-54.99855
538376062.5,-54.99226
538376125.0,-55.07742
538376187.5,-55.06441
538376250.0,-55.05426
538376312.5,-55.03576
538376375.0,-55.02369
538376437.5,-55.02033
538376500.0,-55.02313
538376562.5,-55.00025
538376625.0,-54.89973
538376687.5,-54.96249
538376750.0,-55.01255
538376812.5,-54.95974
538376875.0,-54.94487
538376937.5,-55.03836
538377000.0,-54.97281
538377062.5,-54.93605
538377125.0,-55.03008
538377187.5,-55.03726
538377250.0,-55.02394
538377312.5,-54.98274
538377375.0,-54.95026
538377437.5,-54.93484
538377500.0,-54.95638
538377562.5,-54.97726
538377625.0,-55.01355
538377687.5,-54.98809
538377750.0,-54.94976
538377812.5,-54.98563
538377875.0,-54.95627
538377937.5,-55.00357
538378000.0,-54.96267
538378062.5,-54.96361
538378125.0,-55.0021
538378187.5,-54.99341
538378250.0,-54.91663
538378312.5,-54.99979
538378375.0,-54.91132
538378437.5,-54.94011
538378500.0,-54.93464
538378562.5,-55.01322
538378625.0,-54.9573
538378687.5,-55.00531
538378750.0,-54.95653
538378812.5,-54.92681
538378875.0,-54.96127
538378937.5,-54.94621
538379000.0,-55.00091
538379062.5,-54.92284
538379125.0,-54.92525
538379187.5,-54.97157
538379250.0,-54.9089
538379312.5,-54.95291
538379375.0,-54.95641
538379437.5,-54.9475
538379500.0,-54.94634
538379562.5,-54.95354
538379625.0,-54.92459
538379687.5,-55.02619
538379750.0,-54.96045
538379812.5,-54.94712
538379875.0,-54.93848
538379937.5,-55.00694
538380000.0,-54.90251
538380062.5,-54.99482
538380125.0,-54.98881
538380187.5,-54.94492
538380250.0,-54.94316
538380312.5,-54.90213
538380375.0,-54.94218
538380437.5,-55.03389
538380500.0,-54.95737
538380562.5,-54.81684
538380625.0,-54.98979
538380687.5,-54.92955
538380750.0,-55.03225
538380812.5,-54.92519
538380875.0,-54.98053
538380937.5,-54.93169
538381000.0,-54.90984
538381062.5,-54.85328
538381125.0,-54.90969
538381187.5,-54.94132
538381250.0,-54.88998
538381312.5,-54.93074
538381375.0,-54.91646
538381437.5,-54.95885
538381500.0,-54.93748
538381562.5,-54.83926
538381625.0,-54.9829
538381687.5,-54.94531
538381750.0,-54.88578
538381812.5,-54.8988
538381875.0,-54.91394
538381937.5,-54.91327
538382000.0,-54.91781
538382062.5,-54.91334
538382125.0,-54.91462
538382187.5,-54.92236
538382250.0,-54.86615
538382312.5,-54.90839
538382375.0,-54.93385
538382437.5,-54.98869
538382500.0,-54.944
538382562.5,-54.94156
538382625.0,-54.86775
538382687.5,-54.9024
538382750.0,-54.92907
538382812.5,-54.93521
538382875.0,-54.91956
538382937.5,-54.94438
538383000.0,-54.85951
538383062.5,-54.90086
538383125.0,-54.96943
538383187.5,-54.93119
538383250.0,-54.88873
538383312.5,-54.91434
538383375.0,-54.88072
538383437.5,-54.82951
538383500.0,-54.95192
538383562.5,-54.89938
538383625.0,-54.90184
538383687.5,-54.84618
538383750.0,-54.88218
538383812.5,-54.85722
538383875.0,-54.86364
538383937.5,-54.87642
538384000.0,-54.85717
538384062.5,-54.92659
538384125.0,-54.92389
538384187.5,-54.91142
538384250.0,-54.88663
538384312.5,-54.87725
538384375.0,-54.91486
538384437.5,-54.95605
538384500.0,-54.82333
538384562.5,-54.85808
538384625.0,-54.89399
538384687.5,-54.95502
538384750.0,-54.91158
538384812.5,-54.94135
538384875.0,-54.83524
538384937.5,-54.83195
538385000.0,-54.89947
538385062.5,-54.90691
538385125.0,-54.85419
538385187.5,-54.82467
538385250.0,-54.79232
538385312.5,-54.88578
538385375.0,-54.86763
538385437.5,-54.88683
538385500.0,-54.84349
538385562.5,-54.85601
538385625.0,-54.8713
538385687.5,-54.76529
538385750.0,-54.87503
538385812.5,-54.91487
538385875.0,-54.90251
538385937.5,-54.8382
538386000.0,-54.82937
538386062.5,-54.83855
538386125.0,-54.85042
538386187.5,-54.85606
538386250.0,-54.89537
538386312.5,-54.87126
538386375.0,-54.80251
538386437.5,-54.92916
538386500.0,-54.88655
538386562.5,-54.85315
538386625.0,-54.95791
538386687.5,-54.8905
538386750.0,-54.92341
538386812.5,-54.80864
538386875.0,-54.90076
538386937.5,-54.85773
538387000.0,-54.84696
538387062.5,-54.98442
538387125.0,-54.8587
538387187.5,-54.86026
538387250.0,-54.75492
538387312.5,-54.79635
538387375.0,-54.82473
538387437.5,-54.82487
538387500.0,-54.87039
538387562.5,-54.84626
538387625.0,-54.84108
538387687.5,-54.84705
538387750.0,-54.79298
538387812.5,-54.74824
538387875.0,-54.82747
538387937.5,-54.872
538388000.0,-54.87959
538388062.5,-54.79042
538388125.0,-54.8205
538388187.5,-54.86959
538388250.0,-54.78714
538388312.5,-54.88894
538388375.0,-54.78698
538388437.5,-54.84074
538388500.0,-54.77911
538388562.5,-54.79309
538388625.0,-54.82432
538388687.5,-54.79624
538388750.0,-54.84941
538388812.5,-54.86842
538388875.0,-54.7767
538388937.5,-54.82404
538389000.0,-54.78242
538389062.5,-54.81391
538389125.0,-54.76556
538389187.5,-54.84206
538389250.0,-54.80228
538389312.5,-54.84656
538389375.0,-54.80077
538389437.5,-54.79227
538389500.0,-54.81628
538389562.5,-54.82339
538389625.0,-54.77284
538389687.5,-54.85635
538389750.0,-54.79125
538389812.5,-54.83226
538389875.0,-54.81939
538389937.5,-54.85058
538390000.0,-54.82481
538390062.5,-54.82527
538390125.0,-54.74902
538390187.5,-54.76452
538390250.0,-54.79625
538390312.5,-54.75506
538390375.0,-54.79949
538390437.5,-54.72984
538390500.0,-54.81395
538390562.5,-54.80879
538390625.0,-54.78999
538390687.5,-54.81708
538390750.0,-54.73412
538390812.5,-54.77322
538390875.0,-54.78838
538390937.5,-54.74591
538391000.0,-54.76455
538391062.5,-54.83786
538391125.0,-54.79828
538391187.5,-54.8339
538391250.0,-54.81628
538391312.5,-54.79179
538391375.0,-54.77437
538391437.5,-54.79268
538391500.0,-54.83932
538391562.5,-54.69957
538391625.0,-54.77521
538391687.5,-54.76182
538391750.0,-54.75636
538391812.5,-54.79966
538391875.0,-54.74938
538391937.5,-54.74659
538392000.0,-54.73875
538392062.5,-54.73719
538392125.0,-54.76157
538392187.5,-54.76205
538392250.0,-54.78933
538392312.5,-54.76901
538392375.0,-54.74556
538392437.5,-54.73365
538392500.0,-54.79057
538392562.5,-54.69456
538392625.0,-54.78576
538392687.5,-54.77378
538392750.0,-54.71893
538392812.5,-54.7404
538392875.0,-54.76292
538392937.5,-54.78582
538393000.0,-54.81981
538393062.5,-54.82065
538393125.0,-54.77748
538393187.5,-54.77717
538393250.0,-54.76574
538393312.5,-54.70449
538393375.0,-54.73648
538393437.5,-54.74704
538393500.0,-54.72707
538393562.5,-54.68031
538393625.0,-54.77581
538393687.5,-54.74443
538393750.0,-54.79749
538393812.5,-54.80876
538393875.0,-54.75494
538393937.5,-54.7345
538394000.0,-54.77629
538394062.5,-54.75277
538394125.0,-54.73779
538394187.5,-54.68789
538394250.0,-54.68823
538394312.5,-54.73503
538394375.0,-54.74787
538394437.5,-54.73304
538394500.0,-54.72961
538394562.5,-54.71753
538394625.0,-54.70116
538394687.5,-54.76173
538394750.0,-54.71387
538394812.5,-54.73977
538394875.0,-54.70565
538394937.5,-54.68418
538395000.0,-54.74295
538395062.5,-54.69228
538395125.0,-54.77026
538395187.5,-54.68493
538395250.0,-54.63334
538395312.5,-54.7346
538395375.0,-54.80419
538395437.5,-54.73315
538395500.0,-54.74176
538395562.5,-54.74786
538395625.0,-54.66346
538395687.5,-54.74205
538395750.0,-54.69921
538395812.5,-54.6819
538395875.0,-54.72926
538395937.5,-54.74524
538396000.0,-54.7383
538396062.5,-54.66567
538396125.0,-54.7264
538396187.5,-54.78975
538396250.0,-54.65472
538396312.5,-54.6777
538396375.0,-54.6666
538396437.5,-54.69456
538396500.0,-54.68538
538396562.5,-54.69969
538396625.0,-54.77174
538396687.5,-54.66802
538396750.0,-54.71851
538396812.5,-54.64805
538396875.0,-54.67963
538396937.5,-54.64001
538397000.0,-54.65714
538397062.5,-54.66379
538397125.0,-54.6581
538397187.5,-54.69033
538397250.0,-54.69877
538397312.5,-54.60715
538397375.0,-54.65339
538397437.5,-54.70963
538397500.0,-54.69011
538397562.5,-54.64273
538397625.0,-54.67253
538397687.5,-54.6749
538397750.0,-54.65754
538397812.5,-54.71052
538397875.0,-54.75151
538397937.5,-54.66608
538398000.0,-54.60448
538398062.5,-54.69511
538398125.0,-54.75307
538398187.5,-54.6625
538398250.0,-54.72813
538398312.5,-54.70026
538398375.0,-54.6875
538398437.5,-54.73678
538398500.0,-54.60806
538398562.5,-54.65342
538398625.0,-54.57247
538398687.5,-54.61872
538398750.0,-54.66505
538398812.5,-54.64888
538398875.0,-54.67521
538398937.5,-54.65992
538399000.0,-54.68325
538399062.5,-54.64098
538399125.0,-54.60785
538399187.5,-54.63929
538399250.0,-54.66196
538399312.5,-54.64159
538399375.0,-54.5865
538399437.5,-54.62342
538399500.0,-54.6115
538399562.5,-54.63584
538399625.0,-54.66806
538399687.5,-54.63662
538399750.0,-54.58363
538399812.5,-54.68549
538399875.0,-54.6501
538399937.5,-54.63401
538400000.0,-54.61281
538400062.5,-54.65527
538400125.0,-54.61054
538400187.5,-54.60189
538400250.0,-54.61562
538400312.5,-54.66227
538400375.0,-54.58469
538400437.5,-54.62238
538400500.0,-54.62037
538400562.5,-54.64741
538400625.0,-54.59226
538400687.5,-54.6829
538400750.0,-54.60952
538400812.5,-54.56329
538400875.0,-54.59487
538400937.5,-54.69547
538401000.0,-54.59349
538401062.5,-54.70549
538401125.0,-54.62069
538401187.5,-54.61404
538401250.0,-54.57298
538401312.5,-54.6332
538401375.0,-54.55529
538401437.5,-54.55018
538401500.0,-54.62105
538401562.5,-54.6249
538401625.0,-54.6562
538401687.5,-54.61758
538401750.0,-54.62163
538401812.5,-54.57948
538401875.0,-54.63084
538401937.5,-54.62639
538402000.0,-54.58491
538402062.5,-54.61643
538402125.0,-54.61414
538402187.5,-54.55473
538402250.0,-54.53087
538402312.5,-54.61167
538402375.0,-54.58982
538402437.5,-54.66919
538402500.0,-54.58135
538402562.5,-54.57622
538402625.0,-54.62668
538402687.5,-54.5706
538402750.0,-54.64891
538402812.5,-54.60212
538402875.0,-54.58277
538402937.5,-54.61359
538403000.0,-54.6264
538403062.5,-54.61605
538403125.0,-54.65009
538403187.5,-54.60344
538403250.0,-54.54018
538403312.5,-54.62473
538403375.0,-54.62405
538403437.5,-54.54584
538403500.0,-54.60859
538403562.5,-54.55186
538403625.0,-54.5829
538403687.5,-54.57052
538403750.0,-54.58874
538403812.5,-54.61706
538403875.0,-54.5848
538403937.5,-54.60569
538404000.0,-54.61102
538404062.5,-54.60909
538404125.0,-54.65369
538404187.5,-54.60781
538404250.0,-54.54736
538404312.5,-54.56949
538404375.0,-54.62769
538404437.5,-54.56608
538404500.0,-54.55624
538404562.5,-54.6184
538404625.0,-54.60326
538404687.5,-54.55688
538404750.0,-54.51033
538404812.5,-54.54906
538404875.0,-54.5913
538404937.5,-54.51424
538405000.0,-54.59056
538405062.5,-54.6021
538405125.0,-54.60191
538405187.5,-54.50122
538405250.0,-54.57435
538405312.5,-54.55988
538405375.0,-54.60828
538405437.5,-54.52426
538405500.0,-54.5815
538405562.5,-54.52528
538405625.0,-54.57216
538405687.5,-54.54084
538405750.0,-54.61192
538405812.5,-54.5056
538405875.0,-54.57887
538405937.5,-54.56539
538406000.0,-54.5345
538406062.5,-54.60279
538406125.0,-54.5243
538406187.5,-54.61232
538406250.0,-54.56268
538406312.5,-54.60091
538406375.0,-54.50916
538406437.5,-54.55727
538406500.0,-54.56083
538406562.5,-54.57176
538406625.0,-54.55976
538406687.5,-54.53505
538406750.0,-54.49301
538406812.5,-54.58038
538406875.0,-54.59846
538406937.5,-54.55118
538407000.0,-54.52098
538407062.5,-54.42569
538407125.0,-54.51316
538407187.5,-54.5899
538407250.0,-54.5047
538407312.5,-54.54266
538407375.0,-54.5457
538407437.5,-54.56785
538407500.0,-54.51397
538407562.5,-54.53735
538407625.0,-54.51313
538407687.5,-54.52142
538407750.0,-54.49606
538407812.5,-54.57779
538407875.0,-54.54731
538407937.5,-54.59786
538408000.0,-54.48112
538408062.5,-54.53814
538408125.0,-54.56576
538408187.5,-54.52054
538408250.0,-54.43998
538408312.5,-54.492
538408375.0,-54.49573
538408437.5,-54.53014
538408500.0,-54.54404
538408562.5,-54.46386
538408625.0,-54.57067
538408687.5,-54.555
538408750.0,-54.49905
538408812.5,-54.5322
538408875.0,-54.42548
538408937.5,-54.5286
538409000.0,-54.48921
538409062.5,-54.49242
538409125.0,-54.506
538409187.5,-54.5211
538409250.0,-54.54026
538409312.5,-54.45961
538409375.0,-54.54725
538409437.5,-54.54975
538409500.0,-54.50545
538409562.5,-54.52961
538409625.0,-54.48561
538409687.5,-54.47957
538409750.0,-54.5619
538409812.5,-54.47324
538409875.0,-54.5139
538409937.5,-54.52713
538410000.0,-54.4909
538410062.5,-54.50216
538410125.0,-54.46886
538410187.5,-54.4943
538410250.0,-54.45906
538410312.5,-54.51589
538410375.0,-54.54488
538410437.5,-54.51411
538410500.0,-54.43059
538410562.5,-54.4595
538410625.0,-54.53202
538410687.5,-54.45461
538410750.0,-54.55416
538410812.5,-54.51115
538410875.0,-54.50775
538410937.5,-54.52772
538411000.0,-54.47049
538411062.5,-54.49878
538411125.0,-54.51149
538411187.5,-54.59573
538411250.0,-54.42789
538411312.5,-54.43667
538411375.0,-54.52839
538411437.5,-54.4655
538411500.0,-54.4759
538411562.5,-54.53828
538411625.0,-54.4451
538411687.5,-54.58428
538411750.0,-54.55185
538411812.5,-54.443
538411875.0,-54.41268
538411937.5,-54.42421
538412000.0,-54.49192
538412062.5,-54.47014
538412125.0,-54.47503
538412187.5,-54.50885
538412250.0,-54.46462
538412312.5,-54.45539
538412375.0,-54.4374
538412437.5,-54.46326
538412500.0,-54.44819
538412562.5,-54.41053
538412625.0,-54.51238
538412687.5,-54.49341
538412750.0,-54.43504
538412812.5,-54.45459
538412875.0,-54.46452
538412937.5,-54.38843
538413000.0,-54.50703
538413062.5,-54.52274
538413125.0,-54.44345
538413187.5,-54.4034
538413250.0,-54.45391
538413312.5,-54.41839
538413375.0,-54.48548
538413437.5,-54.49818
538413500.0,-54.43074
538413562.5,-54.46077
538413625.0,-54.43326
538413687.5,-54.47547
538413750.0,-54.39999
538413812.5,-54.47145
538413875.0,-54.45625
538413937.5,-54.38829
538414000.0,-54.43525
538414062.5,-54.4511
538414125.0,-54.38638
538414187.5,-54.43764
538414250.0,-54.39362
538414312.5,-54.46081
538414375.0,-54.45198
538414437.5,-54.39376
538414500.0,-54.44081
538414562.5,-54.43746
538414625.0,-54.45906
538414687.5,-54.41251
538414750.0,-54.41896
538414812.5,-54.42842
538414875.0,-54.47628
538414937.5,-54.46268
538415000.0,-54.44835
538415062.5,-54.47144
538415125.0,-54.40283
538415187.5,-54.36729
538415250.0,-54.41031
538415312.5,-54.44884
538415375.0,-54.40176
538415437.5,-54.42836
538415500.0,-54.44918
538415562.5,-54.34062
538415625.0,-54.48399
538415687.5,-54.41757
538415750.0,-54.42677
538415812.5,-54.41911
538415875.0,-54.42589
538415937.5,-54.4066
538416000.0,-54.38544
538416062.5,-54.47067
538416125.0,-54.43654
538416187.5,-54.38218
538416250.0,-54.4527
538416312.5,-54.38772
538416375.0,-54.3626
538416437.5,-54.4392
538416500.0,-54.37865
538416562.5,-54.44983
538416625.0,-54.33355
538416687.5,-54.37063
538416750.0,-54.40423
538416812.5,-54.44555
538416875.0,-54.4495
538416937.5,-54.41433
538417000.0,-54.42451
538417062.5,-54.34674
538417125.0,-54.34568
538417187.5,-54.35006
538417250.0,-54.36224
538417312.5,-54.38206
538417375.0,-54.41256
538417437.5,-54.32839
538417500.0,-54.35302
538417562.5,-54.39021
538417625.0,-54.35502
538417687.5,-54.35332
538417750.0,-54.32327
538417812.5,-54.35665
538417875.0,-54.43841
538417937.5,-54.38535
538418000.0,-54.35565
538418062.5,-54.41024
538418125.0,-54.40532
538418187.5,-54.36242
538418250.0,-54.30616
538418312.5,-54.31417
538418375.0,-54.33085
538418437.5,-54.40171
538418500.0,-54.32324
538418562.5,-54.35609
538418625.0,-54.32695
538418687.5,-54.34914
538418750.0,-54.2985
538418812.5,-54.37971
538418875.0,-54.36142
538418937.5,-54.41996
538419000.0,-54.34355
538419062.5,-54.33909
538419125.0,-54.36539
538419187.5,-54.38229
538419250.0,-54.35884
538419312.5,-54.35653
538419375.0,-54.31092
538419437.5,-54.36105
538419500.0,-54.36152
538419562.5,-54.34576
538419625.0,-54.32956
538419687.5,-54.3551
538419750.0,-54.34798
538419812.5,-54.3455
538419875.0,-54.35451
538419937.5,-54.34642
538420000.0,-54.30538
538420062.5,-54.37007
538420125.0,-54.31618
538420187.5,-54.30235
538420250.0,-54.34148
538420312.5,-54.32239
538420375.0,-54.32698
538420437.5,-54.29324
538420500.0,-54.31991
538420562.5,-54.29085
538420625.0,-54.33782
538420687.5,-54.2854
538420750.0,-54.31828
538420812.5,-54.38409
538420875.0,-54.40187
538420937.5,-54.33046
538421000.0,-54.277
538421062.5,-54.3652
538421125.0,-54.33161
538421187.5,-54.33484
538421250.0,-54.3054
538421312.5,-54.30666
538421375.0,-54.33151
538421437.5,-54.37691
538421500.0,-54.35165
538421562.5,-54.35672
538421625.0,-54.3543
538421687.5,-54.33139
538421750.0,-54.30044
538421812.5,-54.32527
538421875.0,-54.31181
538421937.5,-54.32042
538422000.0,-54.31444
538422062.5,-54.31611
538422125.0,-54.32669
538422187.5,-54.29274
538422250.0,-54.29235
538422312.5,-54.3011
538422375.0,-54.36088
538422437.5,-54.32354
538422500.0,-54.2389
538422562.5,-54.28602
538422625.0,-54.31993
538422687.5,-54.33099
538422750.0,-54.35439
538422812.5,-54.27127
538422875.0,-54.29638
538422937.5,-54.27269
538423000.0,-54.26044
538423062.5,-54.32971
538423125.0,-54.23891
538423187.5,-54.33569
538423250.0,-54.29587
538423312.5,-54.34048
538423375.0,-54.2902
538423437.5,-54.32598
538423500.0,-54.25218
538423562.5,-54.2707
538423625.0,-54.22904
538423687.5,-54.33868
538423750.0,-54.27502
538423812.5,-54.26801
538423875.0,-54.2738
538423937.5,-54.25702
538424000.0,-54.26277
538424062.5,-54.31533
538424125.0,-54.26253
538424187.5,-54.30098
538424250.0,-54.28995
538424312.5,-54.20021
538424375.0,-54.19845
538424437.5,-54.32424
538424500.0,-54.24879
538424562.5,-54.27863
538424625.0,-54.30551
538424687.5,-54.26425
538424750.0,-54.20351
538424812.5,-54.2677
538424875.0,-54.23581
538424937.5,-54.25187
538425000.0,-54.29444
538425062.5,-54.258
538425125.0,-54.238
538425187.5,-54.29834
538425250.0,-54.21845
538425312.5,-54.22213
538425375.0,-54.33142
538425437.5,-54.2522
538425500.0,-54.29157
538425562.5,-54.31881
538425625.0,-54.18845
538425687.5,-54.28478
538425750.0,-54.25887
538425812.5,-54.29337
538425875.0,-54.3152
538425937.5,-54.27097
538426000.0,-54.23841
538426062.5,-54.1426
538426125.0,-54.28932
538426187.5,-54.29161
538426250.0,-54.24428
538426312.5,-54.2373
538426375.0,-54.23225
538426437.5,-54.27297
538426500.0,-54.27509
538426562.5,-54.21534
538426625.0,-54.22686
538426687.5,-54.24323
538426750.0,-54.21326
538426812.5,-54.202
538426875.0,-54.17691
538426937.5,-54.23961
538427000.0,-54.28578
538427062.5,-54.1653
538427125.0,-54.20512
538427187.5,-54.20256
538427250.0,-54.19615
538427312.5,-54.23943
538427375.0,-54.26131
538427437.5,-54.22252
538427500.0,-54.225
538427562.5,-54.23063
538427625.0,-54.22309
538427687.5,-54.22041
538427750.0,-54.16875
538427812.5,-54.25663
538427875.0,-54.14532
538427937.5,-54.24814
538428000.0,-54.22814
538428062.5,-54.1713
538428125.0,-54.18344
538428187.5,-54.2604
538428250.0,-54.16981
538428312.5,-54.20226
538428375.0,-54.19354
538428437.5,-54.1889
538428500.0,-54.18797
538428562.5,-54.18316
538428625.0,-54.20729
538428687.5,-54.17409
538428750.0,-54.22194
538428812.5,-54.24646
538428875.0,-54.15965
538428937.5,-54.2471
538429000.0,-54.16069
538429062.5,-54.16241
538429125.0,-54.1597
538429187.5,-54.17673
538429250.0,-54.24816
538429312.5,-54.19674
538429375.0,-54.23053
538429437.5,-54.19185
538429500.0,-54.195
538429562.5,-54.2751
538429625.0,-54.15088
538429687.5,-54.17502
538429750.0,-54.22126
538429812.5,-54.20549
538429875.0,-54.21119
538429937.5,-54.15419
538430000.0,-54.13445
538430062.5,-54.12739
538430125.0,-54.18391
538430187.5,-54.15704
538430250.0,-54.12503
538430312.5,-54.17928
538430375.0,-54.14251
538430437.5,-54.15685
538430500.0,-54.13768
538430562.5,-54.1473
538430625.0,-54.11887
538430687.5,-54.17329
538430750.0,-54.2263
538430812.5,-54.21518
538430875.0,-54.14081
538430937.5,-54.17999
538431000.0,-54.18641
538431062.5,-54.13865
538431125.0,-54.23694
538431187.5,-54.11884
538431250.0,-54.20829
538431312.5,-54.17585
538431375.0,-54.313
538431437.5,-54.15909
538431500.0,-54.13086
538431562.5,-54.17652
538431625.0,-54.09634
538431687.5,-54.24289
538431750.0,-54.20452
538431812.5,-54.13744
538431875.0,-54.19154
538431937.5,-54.15424
538432000.0,-54.19359
538432062.5,-54.15839
538432125.0,-54.16291
538432187.5,-54.10237
538432250.0,-54.15184
538432312.5,-54.18002
538432375.0,-54.17677
538432437.5,-54.11213
538432500.0,-54.15175
538432562.5,-54.11008
538432625.0,-54.18716
538432687.5,-54.08292
538432750.0,-54.15466
538432812.5,-54.16733
538432875.0,-54.17878
538432937.5,-54.18899
538433000.0,-54.12793
538433062.5,-54.21549
538433125.0,-54.1048
538433187.5,-54.1184
538433250.0,-54.14086
538433312.5,-54.15992
538433375.0,-54.10973
538433437.5,-54.13388
538433500.0,-54.15728
538433562.5,-54.06758
538433625.0,-54.15798
538433687.5,-54.09195
538433750.0,-54.10693
538433812.5,-54.1199
538433875.0,-54.12427
538433937.5,-54.11042
538434000.0,-54.12403
538434062.5,-54.11839
538434125.0,-54.07084
538434187.5,-54.18134
538434250.0,-54.17567
538434312.5,-54.07701
538434375.0,-54.10337
538434437.5,-54.08735
538434500.0,-54.14077
538434562.5,-54.04647
538434625.0,-54.10701
538434687.5,-54.13641
538434750.0,-54.10737
538434812.5,-54.11423
538434875.0,-54.09896
538434937.5,-54.16299
538435000.0,-54.08406
538435062.5,-54.11449
538435125.0,-54.09328
538435187.5,-54.06573
538435250.0,-54.1461
538435312.5,-54.06763
538435375.0,-54.07168
538435437.5,-54.08086
538435500.0,-54.11253
538435562.5,-54.0638
538435625.0,-54.07922
538435687.5,-54.07784
538435750.0,-54.10975
538435812.5,-54.10472
538435875.0,-54.06697
538435937.5,-54.11735
538436000.0,-54.11601
538436062.5,-54.08707
538436125.0,-54.11225
538436187.5,-54.1156
538436250.0,-54.12634
538436312.5,-54.09203
538436375.0,-54.10247
538436437.5,-54.05316
538436500.0,-54.05715
538436562.5,-54.11444
538436625.0,-54.06697
538436687.5,-54.01584
538436750.0,-54.0728
538436812.5,-54.09211
538436875.0,-54.09864
538436937.5,-54.07962
538437000.0,-54.02602
538437062.5,-54.09768
538437125.0,-54.02555
538437187.5,-54.09764
538437250.0,-54.00698
538437312.5,-54.01923
538437375.0,-54.14746
538437437.5,-54.08843
538437500.0,-54.0628
538437562.5,-54.03822
538437625.0,-54.07539
538437687.5,-54.08462
538437750.0,-54.04577
538437812.5,-54.05908
538437875.0,-54.04663
538437937.5,-54.0273
538438000.0,-54.09308
538438062.5,-54.02299
538438125.0,-54.04231
538438187.5,-54.01397
538438250.0,-54.04076
538438312.5,-54.08921
538438375.0,-54.05212
538438437.5,-54.05426
538438500.0,-54.01096
538438562.5,-54.05402
538438625.0,-54.09117
538438687.5,-53.99576
538438750.0,-54.01925
538438812.5,-54.0918
538438875.0,-53.99166
538438937.5,-54.06443
538439000.0,-54.03415
538439062.5,-54.05658
538439125.0,-54.04404
538439187.5,-54.06741
538439250.0,-54.02028
538439312.5,-53.99147
538439375.0,-53.98202
538439437.5,-54.06334
538439500.0,-54.02166
538439562.5,-54.08252
538439625.0,-54.09324
538439687.5,-54.08821
538439750.0,-54.00314
538439812.5,-54.04646
538439875.0,-54.00375
538439937.5,-54.04245
538440000.0,-54.028
538440062.5,-54.07598
538440125.0,-54.03839
538440187.5,-54.04151
538440250.0,-53.98239
538440312.5,-54.09833
538440375.0,-53.95928
538440437.5,-53.98182
538440500.0,-54.00734
538440562.5,-54.05891
538440625.0,-54.01399
538440687.5,-54.04058
538440750.0,-54.04424
538440812.5,-53.95669
538440875.0,-54.00084
538440937.5,-54.02723
538441000.0,-54.04148
538441062.5,-53.98128
538441125.0,-53.95984
538441187.5,-54.09503
538441250.0,-54.067
538441312.5,-53.97293
538441375.0,-53.99953
538441437.5,-54.03827
538441500.0,-54.034
538441562.5,-53.94227
538441625.0,-54.00057
538441687.5,-54.00714
538441750.0,-53.97598
538441812.5,-53.99201
538441875.0,-54.01941
538441937.5,-53.94756
538442000.0,-54.03405
538442062.5,-53.98499
538442125.0,-53.96784
538442187.5,-54.0108
538442250.0,-53.91653
538442312.5,-53.97064
538442375.0,-53.97135
538442437.5,-54.00439
538442500.0,-53.99009
538442562.5,-53.98477
538442625.0,-53.96774
538442687.5,-53.99107
538442750.0,-53.98475
538442812.5,-53.97778
538442875.0,-53.98697
538442937.5,-53.95376
538443000.0,-53.96822
538443062.5,-53.93093
538443125.0,-53.97107
538443187.5,-54.04527
538443250.0,-53.9921
538443312.5,-53.99425
538443375.0,-53.90856
538443437.5,-53.96854
538443500.0,-53.98502
538443562.5,-53.98918
538443625.0,-53.99508
538443687.5,-53.99081
538443750.0,-53.99548
538443812.5,-53.94243
538443875.0,-53.94444
538443937.5,-53.90661
538444000.0,-53.89656
538444062.5,-53.98352
538444125.0,-54.00642
538444187.5,-53.98845
538444250.0,-53.95807
538444312.5,-53.93495
538444375.0,-53.98635
538444437.5,-53.9238
538444500.0,-53.90656
538444562.5,-53.94391
538444625.0,-53.94276
538444687.5,-53.92455
538444750.0,-53.96663
538444812.5,-53.98529
538444875.0,-53.93554
538444937.5,-53.86423
538445000.0,-53.91873
538445062.5,-53.9244
538445125.0,-53.95521
538445187.5,-53.9016
538445250.0,-53.96124
538445312.5,-53.98187
538445375.0,-53.92506
538445437.5,-53.90434
538445500.0,-53.92412
538445562.5,-53.84919
538445625.0,-53.99824
538445687.5,-53.88013
538445750.0,-54.00941
538445812.5,-53.8915
538445875.0,-54.00821
538445937.5,-53.95883
538446000.0,-53.88942
538446062.5,-53.94505
538446125.0,-53.94009
538446187.5,-53.93016
538446250.0,-53.92948
538446312.5,-53.9587
538446375.0,-53.92927
538446437.5,-53.88851
538446500.0,-53.82535
538446562.5,-53.86117
538446625.0,-53.9704
538446687.5,-53.9734
538446750.0,-53.87208
538446812.5,-53.83049
538446875.0,-53.9439
538446937.5,-53.88518
538447000.0,-53.87774
538447062.5,-53.90965
538447125.0,-53.89281
538447187.5,-53.91189
538447250.0,-53.89819
538447312.5,-53.92887
538447375.0,-53.89426
538447437.5,-53.91587
538447500.0,-53.88485
538447562.5,-53.85661
538447625.0,-53.9151
538447687.5,-53.92699
538447750.0,-53.87991
538447812.5,-53.81633
538447875.0,-53.85007
538447937.5,-53.8291
538448000.0,-53.9497
538448062.5,-53.85077
538448125.0,-53.87344
538448187.5,-53.86713
538448250.0,-53.89767
538448312.5,-53.97014
538448375.0,-53.83536
538448437.5,-53.82597
538448500.0,-53.85046
538448562.5,-53.83347
538448625.0,-53.88296
538448687.5,-53.85855
538448750.0,-53.83559
538448812.5,-53.88162
538448875.0,-53.86196
538448937.5,-53.85113
538449000.0,-53.86598
538449062.5,-53.83083
538449125.0,-53.88007
538449187.5,-53.89765
538449250.0,-53.80362
538449312.5,-53.81011
538449375.0,-53.89177
538449437.5,-53.83808
538449500.0,-53.87536
538449562.5,-53.84342
538449625.0,-53.87145
538449687.5,-53.90585
538449750.0,-53.87924
538449812.5,-53.91246
538449875.0,-53.87166
538449937.5,-53.85963
538450000.0,-53.82829
538450062.5,-53.87213
538450125.0,-53.82222
538450187.5,-53.77872
538450250.0,-53.82227
538450312.5,-53.90138
538450375.0,-53.91219
538450437.5,-53.8137
538450500.0,-53.87889
538450562.5,-53.8432
538450625.0,-53.8259
538450687.5,-53.82813
538450750.0,-53.89927
538450812.5,-53.84218
538450875.0,-53.81261
538450937.5,-53.81359
538451000.0,-53.84872
538451062.5,-53.81579
538451125.0,-53.83203
538451187.5,-53.83341
538451250.0,-53.81257
538451312.5,-53.81889
538451375.0,-53.74901
538451437.5,-53.90715
538451500.0,-53.83905
538451562.5,-53.92712
538451625.0,-53.80633
538451687.5,-53.82955
538451750.0,-53.81861
538451812.5,-53.84395
538451875.0,-53.84681
538451937.5,-53.76268
538452000.0,-53.82872
538452062.5,-53.85963
538452125.0,-53.85696
538452187.5,-53.83273
538452250.0,-53.82636
538452312.5,-53.85123
538452375.0,-53.75826
538452437.5,-53.78335
538452500.0,-53.84636
538452562.5,-53.78912
538452625.0,-53.8337
538452687.5,-53.80698
538452750.0,-53.83099
538452812.5,-53.79919
538452875.0,-53.77499
538452937.5,-53.77523
538453000.0,-53.85188
538453062.5,-53.83933
538453125.0,-53.81421
538453187.5,-53.82044
538453250.0,-53.80403
538453312.5,-53.75235
538453375.0,-53.81432
538453437.5,-53.82034
538453500.0,-53.81921
538453562.5,-53.81517
538453625.0,-53.84198
538453687.5,-53.75968
538453750.0,-53.81783
538453812.5,-53.77386
538453875.0,-53.77822
538453937.5,-53.81026
538454000.0,-53.80167
538454062.5,-53.7595
538454125.0,-53.80861
538454187.5,-53.79617
538454250.0,-53.80803
538454312.5,-53.78719
538454375.0,-53.78461
538454437.5,-53.79965
538454500.0,-53.75885
538454562.5,-53.79082
538454625.0,-53.8006
538454687.5,-53.83408
538454750.0,-53.84188
538454812.5,-53.778
538454875.0,-53.81094
538454937.5,-53.81993
538455000.0,-53.79497
538455062.5,-53.72144
538455125.0,-53.77536
538455187.5,-53.77819
538455250.0,-53.75628
538455312.5,-53.79484
538455375.0,-53.78446
538455437.5,-53.77765
538455500.0,-53.7262
538455562.5,-53.79757
538455625.0,-53.72398
538455687.5,-53.76039
538455750.0,-53.74918
538455812.5,-53.7756
538455875.0,-53.78668
538455937.5,-53.73792
538456000.0,-53.76719
538456062.5,-53.73372
538456125.0,-53.72358
538456187.5,-53.74272
538456250.0,-53.69525
538456312.5,-53.76429
538456375.0,-53.74499
538456437.5,-53.76191
538456500.0,-53.75929
538456562.5,-53.73148
538456625.0,-53.73519
538456687.5,-53.72938
538456750.0,-53.66686
538456812.5,-53.74056
538456875.0,-53.79205
538456937.5,-53.77752
538457000.0,-53.62739
538457062.5,-53.76097
538457125.0,-53.69386
538457187.5,-53.71639
538457250.0,-53.73538
538457312.5,-53.69276
538457375.0,-53.702
538457437.5,-53.79595
538457500.0,-53.73262
538457562.5,-53.77468
538457625.0,-53.68922
538457687.5,-53.73245
538457750.0,-53.69833
538457812.5,-53.72869
538457875.0,-53.65555
538457937.5,-53.70547
538458000.0,-53.70998
538458062.5,-53.68737
538458125.0,-53.73103
538458187.5,-53.67215
538458250.0,-53.70854
538458312.5,-53.72321
538458375.0,-53.68224
538458437.5,-53.66407
538458500.0,-53.73312
538458562.5,-53.73488
538458625.0,-53.65482
538458687.5,-53.76968
538458750.0,-53.68861
538458812.5,-53.67733
538458875.0,-53.79995
538458937.5,-53.67206
538459000.0,-53.75225
538459062.5,-53.69297
538459125.0,-53.68129
538459187.5,-53.73371
538459250.0,-53.72001
538459312.5,-53.69494
538459375.0,-53.72187
538459437.5,-53.7315
538459500.0,-53.69495
538459562.5,-53.68591
538459625.0,-53.70105
538459687.5,-53.72045
538459750.0,-53.68235
538459812.5,-53.643
538459875.0,-53.67313
538459937.5,-53.74206
538460000.0,-53.68629
538460062.5,-53.62661
538460125.0,-53.66828
538460187.5,-53.65591
538460250.0,-53.67096
538460312.5,-53.72472
538460375.0,-53.72197
538460437.5,-53.63294
538460500.0,-53.62467
538460562.5,-53.6562
538460625.0,-53.64495
538460687.5,-53.68984
538460750.0,-53.69093
538460812.5,-53.68263
538460875.0,-53.65149
538460937.5,-53.66332
538461000.0,-53.66576
538461062.5,-53.71689
538461125.0,-53.66012
538461187.5,-53.66358
538461250.0,-53.72358
538461312.5,-53.63154
538461375.0,-53.65
538461437.5,-53.63628
538461500.0,-53.67831
538461562.5,-53.67876
538461625.0,-53.69657
538461687.5,-53.68753
538461750.0,-53.614
538461812.5,-53.71455
538461875.0,-53.68731
538461937.5,-53.67501
538462000.0,-53.68932
538462062.5,-53.59014
538462125.0,-53.66917
538462187.5,-53.65556
538462250.0,-53.66006
538462312.5,-53.63753
538462375.0,-53.60987
538462437.5,-53.68587
538462500.0,-53.58847
538462562.5,-53.68088
538462625.0,-53.6431
538462687.5,-53.64811
538462750.0,-53.58494
538462812.5,-53.67152
538462875.0,-53.66106
538462937.5,-53.68327
538463000.0,-53.67333
538463062.5,-53.60936
538463125.0,-53.60416
538463187.5,-53.58615
538463250.0,-53.64243
538463312.5,-53.57223
538463375.0,-53.6466
538463437.5,-53.56955
538463500.0,-53.652
538463562.5,-53.6283
538463625.0,-53.62021
538463687.5,-53.69808
538463750.0,-53.66088
538463812.5,-53.64498
538463875.0,-53.59735
538463937.5,-53.6352
538464000.0,-53.61632
538464062.5,-53.57282
538464125.0,-53.62673
538464187.5,-53.63383
538464250.0,-53.63578
538464312.5,-53.60872
538464375.0,-53.60382
538464437.5,-53.63791
538464500.0,-53.66607
538464562.5,-53.63757
538464625.0,-53.55437
538464687.5,-53.60713
538464750.0,-53.59826
538464812.5,-53.6785
538464875.0,-53.56945
538464937.5,-53.61908
538465000.0,-53.64299
538465062.5,-53.5813
538465125.0,-53.58258
538465187.5,-53.59212
538465250.0,-53.62479
538465312.5,-53.65654
538465375.0,-53.64371
538465437.5,-53.60998
538465500.0,-53.62408
538465562.5,-53.53864
538465625.0,-53.60015
538465687.5,-53.62557
538465750.0,-53.59378
538465812.5,-53.61951
538465875.0,-53.56481
538465937.5,-53.56403
538466000.0,-53.54329
538466062.5,-53.62183
538466125.0,-53.6438
538466187.5,-53.65865
538466250.0,-53.66614
538466312.5,-53.56623
538466375.0,-53.54633
538466437.5,-53.58414
538466500.0,-53.59383
538466562.5,-53.62647
538466625.0,-53.59859
538466687.5,-53.63779
538466750.0,-53.56143
538466812.5,-53.59032
538466875.0,-53.5997
538466937.5,-53.59345
538467000.0,-53.53421
538467062.5,-53.52923
538467125.0,-53.57222
538467187.5,-53.65617
538467250.0,-53.59687
538467312.5,-53.55621
538467375.0,-53.61358
538467437.5,-53.56075
538467500.0,-53.5312
538467562.5,-53.52598
538467625.0,-53.54989
538467687.5,-53.66652
538467750.0,-53.58162
538467812.5,-53.54658
538467875.0,-53.62193
538467937.5,-53.54942
538468000.0,-53.5244
538468062.5,-53.49753
538468125.0,-53.57967
538468187.5,-53.55286
538468250.0,-53.56681
538468312.5,-53.5305
538468375.0,-53.55573
538468437.5,-53.51828
538468500.0,-53.58841
538468562.5,-53.57816
538468625.0,-53.59366
538468687.5,-53.55722
538468750.0,-53.57331
538468812.5,-53.56473
538468875.0,-53.50496
538468937.5,-53.52177
538469000.0,-53.50583
538469062.5,-53.53296
538469125.0,-53.51321
538469187.5,-53.54588
538469250.0,-53.54186
538469312.5,-53.5634
538469375.0,-53.53528
538469437.5,-53.51458
538469500.0,-53.54178
538469562.5,-53.55057
538469625.0,-53.52247
538469687.5,-53.54278
538469750.0,-53.57515
538469812.5,-53.52327
538469875.0,-53.49998
538469937.5,-53.48314
538470000.0,-53.52647
538470062.5,-53.53443
538470125.0,-53.52186
538470187.5,-53.50213
538470250.0,-53.53904
538470312.5,-53.54404
538470375.0,-53.5112
538470437.5,-53.50153
538470500.0,-53.50445
538470562.5,-53.49857
538470625.0,-53.50225
538470687.5,-53.53923
538470750.0,-53.53939
538470812.5,-53.49148
538470875.0,-53.49418
538470937.5,-53.52539
538471000.0,-53.50149
538471062.5,-53.46535
538471125.0,-53.47733
538471187.5,-53.47306
538471250.0,-53.50228
538471312.5,-53.48947
538471375.0,-53.5299
538471437.5,-53.46025
538471500.0,-53.48844
538471562.5,-53.50812
538471625.0,-53.44938
538471687.5,-53.4996
538471750.0,-53.47441
538471812.5,-53.4645
538471875.0,-53.48129
538471937.5,-53.49587
538472000.0,-53.54585
538472062.5,-53.48372
538472125.0,-53.45003
538472187.5,-53.50719
538472250.0,-53.49256
538472312.5,-53.51358
538472375.0,-53.47633
538472437.5,-53.52195
538472500.0,-53.45297
538472562.5,-53.49077
538472625.0,-53.4907
538472687.5,-53.55734
538472750.0,-53.47115
538472812.5,-53.44943
538472875.0,-53.47371
538472937.5,-53.50496
538473000.0,-53.46346
538473062.5,-53.46334
538473125.0,-53.4699
538473187.5,-53.43528
538473250.0,-53.46615
538473312.5,-53.43744
538473375.0,-53.50024
538473437.5,-53.5141
538473500.0,-53.50211
538473562.5,-53.42832
538473625.0,-53.47405
538473687.5,-53.47993
538473750.0,-53.43255
538473812.5,-53.41258
538473875.0,-53.45723
538473937.5,-53.42249
538474000.0,-53.38612
538474062.5,-53.46754
538474125.0,-53.42908
538474187.5,-53.40566
538474250.0,-53.44254
538474312.5,-53.41724
538474375.0,-53.46717
538474437.5,-53.46368
538474500.0,-53.46362
538474562.5,-53.41925
538474625.0,-53.46997
538474687.5,-53.41949
538474750.0,-53.41971
538474812.5,-53.43573
538474875.0,-53.44278
538474937.5,-53.44548
538475000.0,-53.46465
538475062.5,-53.42685
538475125.0,-53.44174
538475187.5,-53.46541
538475250.0,-53.46688
538475312.5,-53.41062
538475375.0,-53.43109
538475437.5,-53.40551
538475500.0,-53.4376
538475562.5,-53.42955
538475625.0,-53.37035
538475687.5,-53.39259
538475750.0,-53.4403
538475812.5,-53.43328
538475875.0,-53.4531
538475937.5,-53.3888
538476000.0,-53.48352
538476062.5,-53.43048
538476125.0,-53.42581
538476187.5,-53.38051
538476250.0,-53.43392
538476312.5,-53.45193
538476375.0,-53.39628
538476437.5,-53.40767
538476500.0,-53.38869
538476562.5,-53.48752
538476625.0,-53.41018
538476687.5,-53.38762
538476750.0,-53.4007
538476812.5,-53.45816
538476875.0,-53.41597
538476937.5,-53.40598
538477000.0,-53.44916
538477062.5,-53.4286
538477125.0,-53.36544
538477187.5,-53.3628
538477250.0,-53.46677
538477312.5,-53.36001
538477375.0,-53.44483
538477437.5,-53.34967
538477500.0,-53.3803
538477562.5,-53.42618
538477625.0,-53.42989
538477687.5,-53.38803
538477750.0,-53.33657
538477812.5,-53.41866
538477875.0,-53.42699
538477937.5,-53.36339
538478000.0,-53.34679
538478062.5,-53.37787
538478125.0,-53.34857
538478187.5,-53.34858
538478250.0,-53.40403
538478312.5,-53.37728
538478375.0,-53.34425
538478437.5,-53.3507
538478500.0,-53.37247
538478562.5,-53.41838
538478625.0,-53.31425
538478687.5,-53.38733
538478750.0,-53.3534
538478812.5,-53.36607
538478875.0,-53.34376
538478937.5,-53.36612
538479000.0,-53.39407
538479062.5,-53.32483
538479125.0,-53.33554
538479187.5,-53.37657
538479250.0,-53.34523
538479312.5,-53.32438
538479375.0,-53.3382
538479437.5,-53.357
538479500.0,-53.38549
538479562.5,-53.28691
538479625.0,-53.35762
538479687.5,-53.39663
538479750.0,-53.35147
538479812.5,-53.32913
538479875.0,-53.42582
538479937.5,-53.28027
538480000.0,-53.33615
538480062.5,-53.33994
538480125.0,-53.32775
538480187.5,-53.391
538480250.0,-53.40945
538480312.5,-53.37786
538480375.0,-53.32309
538480437.5,-53.36494
538480500.0,-53.35051
538480562.5,-53.33042
538480625.0,-53.33384
538480687.5,-53.31324
538480750.0,-53.33146
538480812.5,-53.34195
538480875.0,-53.37982
538480937.5,-53.379
538481000.0,-53.34944
538481062.5,-53.34496
538481125.0,-53.35102
538481187.5,-53.28893
538481250.0,-53.32598
538481312.5,-53.36101
538481375.0,-53.34386
538481437.5,-53.33001
538481500.0,-53.34524
538481562.5,-53.29308
538481625.0,-53.31783
538481687.5,-53.34968
538481750.0,-53.27879
538481812.5,-53.30356
538481875.0,-53.2683
538481937.5,-53.31212
538482000.0,-53.33599
538482062.5,-53.33297
538482125.0,-53.32841
538482187.5,-53.33342
538482250.0,-53.28994
538482312.5,-53.27253
538482375.0,-53.24989
538482437.5,-53.30812
538482500.0,-53.27785
538482562.5,-53.31327
538482625.0,-53.25573
538482687.5,-53.31233
538482750.0,-53.30629
538482812.5,-53.27883
538482875.0,-53.26325
538482937.5,-53.2781
538483000.0,-53.28711
538483062.5,-53.31561
538483125.0,-53.27013
538483187.5,-53.27665
538483250.0,-53.32605
538483312.5,-53.33635
538483375.0,-53.28678
538483437.5,-53.30278
538483500.0,-53.31201
538483562.5,-53.27377
538483625.0,-53.2386
538483687.5,-53.29005
538483750.0,-53.26223
538483812.5,-53.28728
538483875.0,-53.34335
538483937.5,-53.29139
538484000.0,-53.29479
538484062.5,-53.29271
538484125.0,-53.23866
538484187.5,-53.25898
538484250.0,-53.34132
538484312.5,-53.26679
538484375.0,-53.21325
538484437.5,-53.24491
538484500.0,-53.31533
538484562.5,-53.26891
538484625.0,-53.26025
538484687.5,-53.31549
538484750.0,-53.23042
538484812.5,-53.2618
538484875.0,-53.32307
538484937.5,-53.27261
538485000.0,-53.26489
538485062.5,-53.27122
538485125.0,-53.2332
538485187.5,-53.25431
538485250.0,-53.29975
538485312.5,-53.25065
538485375.0,-53.21738
538485437.5,-53.29667
538485500.0,-53.27623
538485562.5,-53.24456
538485625.0,-53.21359
538485687.5,-53.2261
538485750.0,-53.23302
538485812.5,-53.29537
538485875.0,-53.26093
538485937.5,-53.3012
538486000.0,-53.23927
538486062.5,-53.16121
538486125.0,-53.20881
538486187.5,-53.27711
538486250.0,-53.22711
538486312.5,-53.2011
538486375.0,-53.22934
538486437.5,-53.2408
538486500.0,-53.25272
538486562.5,-53.21764
538486625.0,-53.19597
538486687.5,-53.25222
538486750.0,-53.18568
538486812.5,-53.23338
538486875.0,-53.21833
538486937.5,-53.20319
538487000.0,-53.23937
538487062.5,-53.16089
538487125.0,-53.24712
538487187.5,-53.2349
538487250.0,-53.1377
538487312.5,-53.24374
538487375.0,-53.2164
538487437.5,-53.23629
538487500.0,-53.2359
538487562.5,-53.15329
538487625.0,-53.18488
538487687.5,-53.27722
538487750.0,-53.20618
538487812.5,-53.18978
538487875.0,-53.17418
538487937.5,-53.23736
538488000.0,-53.21062
538488062.5,-53.20938
538488125.0,-53.19843
538488187.5,-53.16287
538488250.0,-53.21597
538488312.5,-53.20308
538488375.0,-53.20844
538488437.5,-53.21474
538488500.0,-53.239
538488562.5,-53.20933
538488625.0,-53.20935
538488687.5,-53.18585
538488750.0,-53.23593
538488812.5,-53.2407
538488875.0,-53.17558
538488937.5,-53.14793
538489000.0,-53.15251
538489062.5,-53.2192
538489125.0,-53.24198
538489187.5,-53.20754
538489250.0,-53.19054
538489312.5,-53.16988
538489375.0,-53.19882
538489437.5,-53.15808
538489500.0,-53.22765
538489562.5,-53.22952
538489625.0,-53.16555
538489687.5,-53.23987
538489750.0,-53.22588
538489812.5,-53.15928
538489875.0,-53.18563
538489937.5,-53.18066
538490000.0,-53.0915
538490062.5,-53.16412
538490125.0,-53.12909
538490187.5,-53.14917
538490250.0,-53.14718
538490312.5,-53.10901
538490375.0,-53.18846
538490437.5,-53.16628
538490500.0,-53.18016
538490562.5,-53.15352
538490625.0,-53.18084
538490687.5,-53.15041
538490750.0,-53.17057
538490812.5,-53.13067
538490875.0,-53.18881
538490937.5,-53.11534
538491000.0,-53.17748
538491062.5,-53.19112
538491125.0,-53.18341
538491187.5,-53.16276
538491250.0,-53.16371
538491312.5,-53.14106
538491375.0,-53.11183
538491437.5,-53.18686
538491500.0,-53.12395
538491562.5,-53.14249
538491625.0,-53.16958
538491687.5,-53.14428
538491750.0,-53.16477
538491812.5,-53.17747
538491875.0,-53.17853
538491937.5,-53.17279
538492000.0,-53.13431
538492062.5,-53.15865
538492125.0,-53.18638
538492187.5,-53.08559
538492250.0,-53.14318
538492312.5,-53.10616
538492375.0,-53.12589
538492437.5,-53.11227
538492500.0,-53.11712
538492562.5,-53.14347
538492625.0,-53.11916
538492687.5,-53.04341
538492750.0,-53.09645
538492812.5,-53.13462
538492875.0,-53.07887
538492937.5,-53.11839
538493000.0,-53.1482
538493062.5,-53.13253
538493125.0,-53.11438
538493187.5,-53.15781
538493250.0,-53.10461
538493312.5,-53.09142
538493375.0,-53.09775
538493437.5,-53.14456
538493500.0,-53.14113
538493562.5,-53.14475
538493625.0,-53.12081
538493687.5,-53.04413
538493750.0,-53.09254
538493812.5,-53.07303
538493875.0,-53.08089
538493937.5,-53.08055
538494000.0,-53.13218
538494062.5,-53.13354
538494125.0,-53.17748
538494187.5,-53.12345
538494250.0,-53.07684
538494312.5,-53.06771
538494375.0,-53.06055
538494437.5,-53.12274
538494500.0,-53.08098
538494562.5,-53.0947
538494625.0,-53.11582
538494687.5,-53.05875
538494750.0,-53.09
538494812.5,-53.08853
538494875.0,-53.06153
538494937.5,-53.07686
538495000.0,-53.09676
538495062.5,-53.01805
538495125.0,-53.0652
538495187.5,-53.09708
538495250.0,-53.06939
538495312.5,-53.08488
538495375.0,-53.0955
538495437.5,-53.08992
538495500.0,-53.04696
538495562.5,-53.01983
538495625.0,-53.06337
538495687.5,-53.08812
538495750.0,-53.04435
538495812.5,-53.07607
538495875.0,-53.01394
538495937.5,-53.0122
538496000.0,-53.06197
538496062.5,-53.11648
538496125.0,-53.10251
538496187.5,-53.0267
538496250.0,-53.03111
538496312.5,-53.03357
538496375.0,-53.05459
538496437.5,-53.05347
538496500.0,-53.07541
538496562.5,-53.01891
538496625.0,-53.042
538496687.5,-53.00811
538496750.0,-53.02844
538496812.5,-53.03156
538496875.0,-53.03951
538496937.5,-53.01031
538497000.0,-53.10033
538497062.5,-53.00051
538497125.0,-53.01767
538497187.5,-53.00023
538497250.0,-53.03884
538497312.5,-53.02013
538497375.0,-53.08569
538497437.5,-53.03044
538497500.0,-53.01221
538497562.5,-53.00675
538497625.0,-53.02335
538497687.5,-53.07421
538497750.0,-53.04829
538497812.5,-53.06208
538497875.0,-53.03553
538497937.5,-53.03166
538498000.0,-52.96542
538498062.5,-53.01937
538498125.0,-52.99745
538498187.5,-53.04483
538498250.0,-53.08127
538498312.5,-53.00585
538498375.0,-53.03813
538498437.5,-53.06736
538498500.0,-53.03209
538498562.5,-53.01694
538498625.0,-53.05915
538498687.5,-53.0103
538498750.0,-53.00108
538498812.5,-52.99502
538498875.0,-53.01134
538498937.5,-52.95844
538499000.0,-53.00755
538499062.5,-53.00259
538499125.0,-53.05383
538499187.5,-53.02666
538499250.0,-53.01316
538499312.5,-53.01105
538499375.0,-53.02808
538499437.5,-52.9691
538499500.0,-52.9963
538499562.5,-53.0148
538499625.0,-52.95947
538499687.5,-52.94139
538499750.0,-53.01411
538499812.5,-52.98255
538499875.0,-52.98808
538499937.5,-53.05629
538500000.0,-52.9944
538500062.5,-52.97131
538500125.0,-52.99968
538500187.5,-53.01077
538500250.0,-53.01073
538500312.5,-53.02569
538500375.0,-52.97343
538500437.5,-52.98862
538500500.0,-53.02055
538500562.5,-52.99843
538500625.0,-53.0087
538500687.5,-52.88766
538500750.0,-53.01943
538500812.5,-52.9574
538500875.0,-52.97014
538500937.5,-52.93476
538501000.0,-52.97043
538501062.5,-52.96804
538501125.0,-52.96659
538501187.5,-52.95241
538501250.0,-53.01176
538501312.5,-52.94451
538501375.0,-52.94405
538501437.5,-52.96975
538501500.0,-52.92521
538501562.5,-52.98522
538501625.0,-52.93718
538501687.5,-52.97589
538501750.0,-52.94516
538501812.5,-52.90824
538501875.0,-52.96392
538501937.5,-52.956
538502000.0,-52.88971
538502062.5,-52.95461
538502125.0,-52.97612
538502187.5,-52.93966
538502250.0,-52.99054
538502312.5,-52.95515
538502375.0,-52.95024
538502437.5,-52.93758
538502500.0,-52.94617
538502562.5,-52.90643
538502625.0,-52.96787
538502687.5,-52.93941
538502750.0,-52.8825
538502812.5,-52.92122
538502875.0,-52.9379
538502937.5,-52.9274
538503000.0,-52.9127
538503062.5,-52.89843
538503125.0,-52.98598
538503187.5,-52.93302
538503250.0,-52.87537
538503312.5,-52.96256
538503375.0,-52.92365
538503437.5,-52.94037
538503500.0,-52.94995
538503562.5,-52.915
538503625.0,-52.94409
538503687.5,-52.94989
538503750.0,-52.89484
538503812.5,-52.90722
538503875.0,-52.92532
538503937.5,-52.91112
538504000.0,-52.85169
538504062.5,-52.9309
538504125.0,-52.90812
538504187.5,-52.93631
538504250.0,-52.94703
538504312.5,-52.89819
538504375.0,-52.92162
538504437.5,-52.91891
538504500.0,-52.93489
538504562.5,-52.87687
538504625.0,-52.87802
538504687.5,-52.9301
538504750.0,-52.95585
538504812.5,-52.86982
538504875.0,-52.87507
538504937.5,-52.88412
538505000.0,-52.92549
538505062.5,-52.88755
538505125.0,-52.90389
538505187.5,-52.87289
538505250.0,-52.88962
538505312.5,-52.91565
538505375.0,-52.9035
538505437.5,-52.89972
538505500.0,-52.89622
538505562.5,-52.86118
538505625.0,-52.90572
538505687.5,-52.89041
538505750.0,-52.91487
538505812.5,-52.93272
538505875.0,-52.88262
538505937.5,-52.89619
538506000.0,-52.85872
538506062.5,-52.88426
538506125.0,-52.87007
538506187.5,-52.90742
538506250.0,-52.84898
538506312.5,-52.88249
538506375.0,-52.86946
538506437.5,-52.89518
538506500.0,-52.86042
538506562.5,-52.90241
538506625.0,-52.89082
538506687.5,-52.84952
538506750.0,-52.83563
538506812.5,-52.87723
538506875.0,-52.81539
538506937.5,-52.86009
538507000.0,-52.88982
538507062.5,-52.86432
538507125.0,-52.87624
538507187.5,-52.87022
538507250.0,-52.83043
538507312.5,-52.88779
538507375.0,-52.81409
538507437.5,-52.89065
538507500.0,-52.90659
538507562.5,-52.91973
538507625.0,-52.83719
538507687.5,-52.84389
538507750.0,-52.90003
538507812.5,-52.84898
538507875.0,-52.87296
538507937.5,-52.80834
538508000.0,-52.80797
538508062.5,-52.75105
538508125.0,-52.82362
538508187.5,-52.85777
538508250.0,-52.90273
538508312.5,-52.84017
538508375.0,-52.85461
538508437.5,-52.8125
538508500.0,-52.84575
538508562.5,-52.84929
538508625.0,-52.77146
538508687.5,-52.80048
538508750.0,-52.85338
538508812.5,-52.79368
538508875.0,-52.87648
538508937.5,-52.80811
538509000.0,-52.83723
538509062.5,-52.81651
538509125.0,-52.86913
538509187.5,-52.81657
538509250.0,-52.85871
538509312.5,-52.79772
538509375.0,-52.8445
538509437.5,-52.84339
538509500.0,-52.83141
538509562.5,-52.75642
538509625.0,-52.8398
538509687.5,-52.8147
538509750.0,-52.79797
538509812.5,-52.87923
538509875.0,-52.75957
538509937.5,-52.83107
538510000.0,-52.83051
538510062.5,-52.87427
538510125.0,-52.84396
538510187.5,-52.7884
538510250.0,-52.81255
538510312.5,-52.77086
538510375.0,-52.81979
538510437.5,-52.79264
538510500.0,-52.7827
538510562.5,-52.7933
538510625.0,-52.7971
538510687.5,-52.79964
538510750.0,-52.73973
538510812.5,-52.75513
538510875.0,-52.77781
538510937.5,-52.81007
538511000.0,-52.82393
538511062.5,-52.77888
538511125.0,-52.7846
538511187.5,-52.78711
538511250.0,-52.75491
538511312.5,-52.81708
538511375.0,-52.78026
538511437.5,-52.76048
538511500.0,-52.77991
538511562.5,-52.78321
538511625.0,-52.71106
538511687.5,-52.79555
538511750.0,-52.76711
538511812.5,-52.72041
538511875.0,-52.78066
538511937.5,-52.75893
538512000.0,-52.74784
538512062.5,-52.78708
538512125.0,-52.7833
538512187.5,-52.74665
538512250.0,-52.7212
538512312.5,-52.76963
538512375.0,-52.73611
538512437.5,-52.67993
538512500.0,-52.77581
538512562.5,-52.76535
538512625.0,-52.75602
538512687.5,-52.71352
538512750.0,-52.71719
538512812.5,-52.7669
538512875.0,-52.77992
538512937.5,-52.72758
538513000.0,-52.80072
538513062.5,-52.76585
538513125.0,-52.753
538513187.5,-52.76245
538513250.0,-52.78698
538513312.5,-52.73031
538513375.0,-52.7475
538513437.5,-52.68743
538513500.0,-52.78694
538513562.5,-52.7387
538513625.0,-52.78428
538513687.5,-52.70801
538513750.0,-52.71283
538513812.5,-52.70753
538513875.0,-52.7243
538513937.5,-52.73509
538514000.0,-52.71519
538514062.5,-52.70563
538514125.0,-52.68254
538514187.5,-52.68072
538514250.0,-52.71851
538514312.5,-52.68216
538514375.0,-52.67708
538514437.5,-52.75684
538514500.0,-52.66632
538514562.5,-52.77336
538514625.0,-52.66353
538514687.5,-52.73739
538514750.0,-52.68552
538514812.5,-52.67702
538514875.0,-52.67269
538514937.5,-52.72402
538515000.0,-52.7251
538515062.5,-52.71946
538515125.0,-52.70609
538515187.5,-52.7206
538515250.0,-52.70262
538515312.5,-52.71475
538515375.0,-52.66287
538515437.5,-52.6693
538515500.0,-52.67998
538515562.5,-52.68056
538515625.0,-52.64196
538515687.5,-52.71223
538515750.0,-52.72466
538515812.5,-52.70357
538515875.0,-52.71135
538515937.5,-52.66457
538516000.0,-52.68536
538516062.5,-52.71736
538516125.0,-52.71406
538516187.5,-52.66163
538516250.0,-52.67958
538516312.5,-52.75202
538516375.0,-52.67786
538516437.5,-52.65805
538516500.0,-52.64346
538516562.5,-52.68046
538516625.0,-52.71298
538516687.5,-52.66705
538516750.0,-52.66339
538516812.5,-52.69726
538516875.0,-52.61842
538516937.5,-52.69058
538517000.0,-52.65056
538517062.5,-52.66596
538517125.0,-52.6637
538517187.5,-52.71642
538517250.0,-52.66649
538517312.5,-52.70203
538517375.0,-52.64592
538517437.5,-52.65275
538517500.0,-52.63657
538517562.5,-52.66705
538517625.0,-52.64754
538517687.5,-52.63879
538517750.0,-52.65269
538517812.5,-52.64224
538517875.0,-52.64429
538517937.5,-52.65862
538518000.0,-52.62647
538518062.5,-52.62735
538518125.0,-52.67881
538518187.5,-52.66467
538518250.0,-52.65714
538518312.5,-52.69527
538518375.0,-52.58437
538518437.5,-52.67068
538518500.0,-52.60205
538518562.5,-52.65503
538518625.0,-52.67126
538518687.5,-52.64895
538518750.0,-52.66391
538518812.5,-52.60153
538518875.0,-52.58588
538518937.5,-52.65786
538519000.0,-52.58666
538519062.5,-52.65755
538519125.0,-52.57856
538519187.5,-52.63384
538519250.0,-52.68704
538519312.5,-52.55769
538519375.0,-52.61753
538519437.5,-52.62244
538519500.0,-52.65897
538519562.5,-52.63245
538519625.0,-52.63829
538519687.5,-52.64544
538519750.0,-52.63064
538519812.5,-52.59642
538519875.0,-52.66608
538519937.5,-52.59656
538520000.0,-52.61927
538520062.5,-52.61842
538520125.0,-52.59614
538520187.5,-52.58644
538520250.0,-52.58986
538520312.5,-52.65955
538520375.0,-52.61668
538520437.5,-52.64219
538520500.0,-52.57034
538520562.5,-52.65481
538520625.0,-52.59911
538520687.5,-52.64061
538520750.0,-52.58551
538520812.5,-52.62105
538520875.0,-52.60236
538520937.5,-52.59818
538521000.0,-52.64486
538521062.5,-52.59708
538521125.0,-52.63848
538521187.5,-52.62565
538521250.0,-52.60284
538521312.5,-52.62559
538521375.0,-52.6073
538521437.5,-52.64998
538521500.0,-52.60112
538521562.5,-52.61401
538521625.0,-52.58568
538521687.5,-52.57953
538521750.0,-52.56608
538521812.5,-52.54525
538521875.0,-52.57799
538521937.5,-52.57024
538522000.0,-52.53523
538522062.5,-52.65949
538522125.0,-52.57766
538522187.5,-52.57845
538522250.0,-52.60375
538522312.5,-52.54185
538522375.0,-52.50569
538522437.5,-52.58942
538522500.0,-52.56366
538522562.5,-52.58288
538522625.0,-52.52727
538522687.5,-52.5974
538522750.0,-52.56522
538522812.5,-52.55096
538522875.0,-52.58527
538522937.5,-52.54538
538523000.0,-52.61876
538523062.5,-52.5655
538523125.0,-52.57323
538523187.5,-52.55041
538523250.0,-52.4922
538523312.5,-52.57383
538523375.0,-52.55926
538523437.5,-52.56694
538523500.0,-52.53788
538523562.5,-52.55003
538523625.0,-52.58983
538523687.5,-52.53056
538523750.0,-52.53025
538523812.5,-52.49748
538523875.0,-52.51119
538523937.5,-52.50262
538524000.0,-52.51782
538524062.5,-52.53535
538524125.0,-52.50536
538524187.5,-52.60596
538524250.0,-52.53855
538524312.5,-52.55862
538524375.0,-52.5412
538524437.5,-52.5109
538524500.0,-52.51379
538524562.5,-52.59901
538524625.0,-52.51247
538524687.5,-52.50348
538524750.0,-52.55853
538524812.5,-52.52625
538524875.0,-52.51571
538524937.5,-52.50318
538525000.0,-52.53354
538525062.5,-52.49298
538525125.0,-52.52156
538525187.5,-52.53646
538525250.0,-52.52975
538525312.5,-52.5175
538525375.0,-52.50148
538525437.5,-52.52291
538525500.0,-52.48489
538525562.5,-52.49528
538525625.0,-52.55627
538525687.5,-52.53326
538525750.0,-52.52074
538525812.5,-52.48404
538525875.0,-52.48793
538525937.5,-52.46049
538526000.0,-52.51847
538526062.5,-52.50457
538526125.0,-52.47151
538526187.5,-52.50583
538526250.0,-52.5183
538526312.5,-52.5225
538526375.0,-52.46255
538526437.5,-52.50492
538526500.0,-52.48453
538526562.5,-52.44709
538526625.0,-52.50596
538526687.5,-52.45014
538526750.0,-52.51007
538526812.5,-52.50787
538526875.0,-52.42625
538526937.5,-52.48452
538527000.0,-52.47937
538527062.5,-52.51299
538527125.0,-52.51731
538527187.5,-52.45784
538527250.0,-52.5035
538527312.5,-52.43863
538527375.0,-52.5189
538527437.5,-52.46225
538527500.0,-52.47549
538527562.5,-52.52216
538527625.0,-52.50608
538527687.5,-52.43852
538527750.0,-52.48742
538527812.5,-52.48327
538527875.0,-52.45661
538527937.5,-52.44133
538528000.0,-52.4848
538528062.5,-52.5024
538528125.0,-52.43832
538528187.5,-52.44583
538528250.0,-52.47893
538528312.5,-52.42309
538528375.0,-52.4631
538528437.5,-52.46255
538528500.0,-52.48447
538528562.5,-52.40248
538528625.0,-52.4225
538528687.5,-52.43777
538528750.0,-52.48093
538528812.5,-52.4048
538528875.0,-52.42523
538528937.5,-52.44813
538529000.0,-52.50304
538529062.5,-52.441
538529125.0,-52.46997
538529187.5,-52.45272
538529250.0,-52.42878
538529312.5,-52.4522
538529375.0,-52.45354
538529437.5,-52.41225
538529500.0,-52.44204
538529562.5,-52.4102
538529625.0,-52.39238
538529687.5,-52.42182
538529750.0,-52.43946
538529812.5,-52.45512
538529875.0,-52.42436
538529937.5,-52.41692
538530000.0,-52.44994
538530062.5,-52.4413
538530125.0,-52.45562
538530187.5,-52.4194
538530250.0,-52.40403
538530312.5,-52.42987
538530375.0,-52.41316
538530437.5,-52.3879
538530500.0,-52.44069
538530562.5,-52.42513
538530625.0,-52.39596
538530687.5,-52.37354
538530750.0,-52.4559
538530812.5,-52.42127
538530875.0,-52.36805
538530937.5,-52.43442
538531000.0,-52.36581
538531062.5,-52.39945
538531125.0,-52.35297
538531187.5,-52.35654
538531250.0,-52.39807
538531312.5,-52.39538
538531375.0,-52.39243
538531437.5,-52.43138
538531500.0,-52.41061
538531562.5,-52.38472
538531625.0,-52.38881
538531687.5,-52.36407
538531750.0,-52.3896
538531812.5,-52.37736
538531875.0,-52.36962
538531937.5,-52.44521
538532000.0,-52.37811
538532062.5,-52.32771
538532125.0,-52.38399
538532187.5,-52.43651
538532250.0,-52.38857
538532312.5,-52.38412
538532375.0,-52.35493
538532437.5,-52.39319
538532500.0,-52.3837
538532562.5,-52.36424
538532625.0,-52.38285
538532687.5,-52.36065
538532750.0,-52.37454
538532812.5,-52.34853
538532875.0,-52.28257
538532937.5,-52.42348
538533000.0,-52.41046
538533062.5,-52.3593
538533125.0,-52.37712
538533187.5,-52.38649
538533250.0,-52.38713
538533312.5,-52.3537
538533375.0,-52.35163
538533437.5,-52.30944
538533500.0,-52.32989
538533562.5,-52.3
538533625.0,-52.30849
538533687.5,-52.36629
538533750.0,-52.35219
538533812.5,-52.35739
538533875.0,-52.32395
538533937.5,-52.35663
538534000.0,-52.33477
538534062.5,-52.31044
538534125.0,-52.28234
538534187.5,-52.31587
538534250.0,-52.33654
538534312.5,-52.30099
538534375.0,-52.30382
538534437.5,-52.35849
538534500.0,-52.305
538534562.5,-52.30394
538534625.0,-52.33705
538534687.5,-52.30732
538534750.0,-52.35068
538534812.5,-52.3399
538534875.0,-52.33408
538534937.5,-52.32901
538535000.0,-52.35026
538535062.5,-52.30146
538535125.0,-52.35777
538535187.5,-52.31068
538535250.0,-52.34208
538535312.5,-52.31651
538535375.0,-52.34953
538535437.5,-52.3158
538535500.0,-52.3274
538535562.5,-52.27769
538535625.0,-52.34384
538535687.5,-52.28413
538535750.0,-52.29024
538535812.5,-52.32485
538535875.0,-52.29881
538535937.5,-52.30962
538536000.0,-52.31425
538536062.5,-52.28389
538536125.0,-52.30729
538536187.5,-52.26989
538536250.0,-52.26928
538536312.5,-52.28474
538536375.0,-52.30389
538536437.5,-52.34637
538536500.0,-52.30685
538536562.5,-52.29233
538536625.0,-52.33945
538536687.5,-52.21792
538536750.0,-52.26834
538536812.5,-52.27729
538536875.0,-52.29465
538536937.5,-52.28359
538537000.0,-52.30276
538537062.5,-52.31298
538537125.0,-52.31295
538537187.5,-52.30019
538537250.0,-52.30542
538537312.5,-52.24443
538537375.0,-52.29743
538537437.5,-52.30235
538537500.0,-52.26114
538537562.5,-52.2387
538537625.0,-52.23175
538537687.5,-52.26594
538537750.0,-52.23956
538537812.5,-52.2599
538537875.0,-52.2264
538537937.5,-52.25121
538538000.0,-52.30246
538538062.5,-52.32985
538538125.0,-52.24264
538538187.5,-52.26147
538538250.0,-52.24237
538538312.5,-52.22597
538538375.0,-52.25379
538538437.5,-52.23738
538538500.0,-52.29426
538538562.5,-52.2485
538538625.0,-52.25583
538538687.5,-52.26622
538538750.0,-52.24279
538538812.5,-52.27761
538538875.0,-52.26739
538538937.5,-52.24199
538539000.0,-52.25086
538539062.5,-52.28926
538539125.0,-52.28617
538539187.5,-52.23798
538539250.0,-52.2056
538539312.5,-52.24828
538539375.0,-52.25035
538539437.5,-52.23047
538539500.0,-52.20489
538539562.5,-52.24674
538539625.0,-52.23661
538539687.5,-52.22939
538539750.0,-52.19725
538539812.5,-52.21909
538539875.0,-52.24467
538539937.5,-52.21642
538540000.0,-52.18989
538540062.5,-52.27807
538540125.0,-52.22964
538540187.5,-52.2014
538540250.0,-52.20332
538540312.5,-52.19303
538540375.0,-52.2025
538540437.5,-52.22828
538540500.0,-52.21169
538540562.5,-52.2084
538540625.0,-52.1966
538540687.5,-52.17605
538540750.0,-52.22114
538540812.5,-52.18178
538540875.0,-52.29089
538540937.5,-52.21023
538541000.0,-52.21576
538541062.5,-52.24978
538541125.0,-52.18003
538541187.5,-52.22583
538541250.0,-52.2567
538541312.5,-52.20808
538541375.0,-52.16994
538541437.5,-52.19799
538541500.0,-52.2099
538541562.5,-52.18584
538541625.0,-52.20902
538541687.5,-52.19836
538541750.0,-52.19181
538541812.5,-52.23603
538541875.0,-52.21956
538541937.5,-52.22957
538542000.0,-52.16857
538542062.5,-52.17906
538542125.0,-52.17437
538542187.5,-52.2327
538542250.0,-52.14452
538542312.5,-52.21471
538542375.0,-52.14495
538542437.5,-52.12764
538542500.0,-52.10948
538542562.5,-52.16077
538542625.0,-52.20695
538542687.5,-52.14067
538542750.0,-52.15401
538542812.5,-52.20866
538542875.0,-52.14614
538542937.5,-52.14185
538543000.0,-52.13374
538543062.5,-52.15383
538543125.0,-52.14101
538543187.5,-52.13748
538543250.0,-52.22776
538543312.5,-52.15384
538543375.0,-52.15289
538543437.5,-52.14478
538543500.0,-52.19606
538543562.5,-52.14446
538543625.0,-52.08768
538543687.5,-52.14695
538543750.0,-52.14145
538543812.5,-52.10777
538543875.0,-52.14356
538543937.5,-52.13307
538544000.0,-52.16842
538544062.5,-52.0926
538544125.0,-52.14926
538544187.5,-52.15733
538544250.0,-52.12363
538544312.5,-52.14613
538544375.0,-52.10078
538544437.5,-52.09586
538544500.0,-52.16377
538544562.5,-52.17162
538544625.0,-52.1703
538544687.5,-52.1405
538544750.0,-52.0956
538544812.5,-52.11851
538544875.0,-52.13341
538544937.5,-52.08929
538545000.0,-52.12382
538545062.5,-52.12673
538545125.0,-52.14884
538545187.5,-52.1146
538545250.0,-52.12365
538545312.5,-52.09544
538545375.0,-52.12223
538545437.5,-52.15267
538545500.0,-52.1119
538545562.5,-52.07909
538545625.0,-52.09425
538545687.5,-52.10313
538545750.0,-52.08207
538545812.5,-52.15527
538545875.0,-52.12271
538545937.5,-52.10894
538546000.0,-52.126
538546062.5,-52.13019
538546125.0,-52.1224
538546187.5,-52.07828
538546250.0,-52.13085
538546312.5,-52.15026
538546375.0,-52.08977
538546437.5,-52.09566
538546500.0,-52.11417
538546562.5,-52.05712
538546625.0,-52.0993
538546687.5,-52.12657
538546750.0,-52.03153
538546812.5,-52.09649
538546875.0,-52.10421
538546937.5,-52.10257
538547000.0,-52.08097
538547062.5,-52.1114
538547125.0,-52.07357
538547187.5,-52.08009
538547250.0,-52.10695
538547312.5,-52.10253
538547375.0,-52.1052
538547437.5,-52.06544
538547500.0,-52.11717
538547562.5,-52.0735
538547625.0,-52.04087
538547687.5,-52.06158
538547750.0,-52.11312
538547812.5,-52.04367
538547875.0,-52.07544
538547937.5,-52.0252
538548000.0,-52.0878
538548062.5,-52.06223
538548125.0,-52.04614
538548187.5,-52.06559
538548250.0,-52.04614
538548312.5,-52.0546
538548375.0,-52.06976
538548437.5,-52.04602
538548500.0,-52.07117
538548562.5,-52.08322
538548625.0,-52.07191
538548687.5,-52.10358
538548750.0,-52.07272
538548812.5,-52.0048
538548875.0,-52.05069
538548937.5,-52.05565
538549000.0,-52.01435
538549062.5,-52.06608
538549125.0,-52.01175
538549187.5,-52.05442
538549250.0,-52.04345
538549312.5,-52.05207
538549375.0,-52.09542
538549437.5,-52.01801
538549500.0,-52.04489
538549562.5,-52.03499
538549625.0,-52.02662
538549687.5,-52.00741
538549750.0,-52.03595
538549812.5,-52.03181
538549875.0,-52.05506
538549937.5,-52.03821
538550000.0,-52.04812
538550062.5,-52.02814
538550125.0,-52.05387
538550187.5,-51.99255
538550250.0,-52.02232
538550312.5,-51.96078
538550375.0,-52.03285
538550437.5,-51.96869
538550500.0,-52.03038
538550562.5,-52.02436
538550625.0,-52.05659
538550687.5,-52.01693
538550750.0,-52.0139
538550812.5,-52.02087
538550875.0,-51.95186
538550937.5,-51.96236
538551000.0,-52.00261
538551062.5,-51.93347
538551125.0,-51.99949
538551187.5,-51.98436
538551250.0,-51.98111
538551312.5,-52.00537
538551375.0,-52.02066
538551437.5,-52.02772
538551500.0,-51.96092
538551562.5,-51.98481
538551625.0,-51.9896
538551687.5,-51.99778
538551750.0,-51.97755
538551812.5,-51.98911
538551875.0,-51.9402
538551937.5,-52.02741
538552000.0,-51.99228
538552062.5,-51.98455
538552125.0,-52.01464
538552187.5,-51.99192
538552250.0,-51.96537
538552312.5,-52.01296
538552375.0,-52.0145
538552437.5,-52.00264
538552500.0,-51.98533
538552562.5,-51.98051
538552625.0,-51.9479
538552687.5,-51.99606
538552750.0,-51.98309
538552812.5,-51.99051
538552875.0,-51.95049
538552937.5,-51.98298
538553000.0,-51.99846
538553062.5,-51.99335
538553125.0,-51.95948
538553187.5,-51.89865
538553250.0,-51.92275
538553312.5,-51.92836
538553375.0,-51.92385
538553437.5,-51.92834
538553500.0,-51.95397
538553562.5,-51.93506
538553625.0,-51.95208
538553687.5,-51.93391
538553750.0,-51.95982
538553812.5,-51.92253
538553875.0,-51.89756
538553937.5,-52.02293
538554000.0,-51.9305
538554062.5,-51.9945
538554125.0,-51.90753
538554187.5,-51.95814
538554250.0,-51.90106
538554312.5,-51.95047
538554375.0,-51.95559
538554437.5,-51.93361
538554500.0,-51.91783
538554562.5,-51.92893
538554625.0,-51.94693
538554687.5,-51.94978
538554750.0,-51.96626
538554812.5,-51.87533
538554875.0,-51.93811
538554937.5,-51.88368
538555000.0,-51.91191
538555062.5,-51.90031
538555125.0,-51.96703
538555187.5,-51.88392
538555250.0,-51.88073
538555312.5,-51.90466
538555375.0,-51.90373
538555437.5,-51.96394
538555500.0,-51.90747
538555562.5,-51.8867
538555625.0,-51.95937
538555687.5,-51.91947
538555750.0,-51.92458
538555812.5,-51.91331
538555875.0,-51.8965
538555937.5,-51.88194
538556000.0,-51.91095
538556062.5,-51.92592
538556125.0,-51.93545
538556187.5,-51.85594
538556250.0,-51.89926
538556312.5,-51.93773
538556375.0,-51.86062
538556437.5,-51.87218
538556500.0,-51.8867
538556562.5,-51.85409
538556625.0,-51.87666
538556687.5,-51.90601
538556750.0,-51.90514
538556812.5,-51.83382
538556875.0,-51.88415
538556937.5,-51.91017
538557000.0,-51.88852
538557062.5,-51.85764
538557125.0,-51.87045
538557187.5,-51.8325
538557250.0,-51.85878
538557312.5,-51.86006
538557375.0,-51.90482
538557437.5,-51.87069
538557500.0,-51.88204
538557562.5,-51.87134
538557625.0,-51.85767
538557687.5,-51.87813
538557750.0,-51.85678
538557812.5,-51.91036
538557875.0,-51.861
538557937.5,-51.84207
538558000.0,-51.88559
538558062.5,-51.86277
538558125.0,-51.82243
538558187.5,-51.85329
538558250.0,-51.89481
538558312.5,-51.8791
538558375.0,-51.85978
538558437.5,-51.8706
538558500.0,-51.88876
538558562.5,-51.87014
538558625.0,-51.83325
538558687.5,-51.82924
538558750.0,-51.82557
538558812.5,-51.87039
538558875.0,-51.8108
538558937.5,-51.84139
538559000.0,-51.86265
538559062.5,-51.86744
538559125.0,-51.8111
538559187.5,-51.81705
538559250.0,-51.822
538559312.5,-51.79045
538559375.0,-51.79953
538559437.5,-51.81372
538559500.0,-51.82403
538559562.5,-51.85646
538559625.0,-51.8362
538559687.5,-51.88884
538559750.0,-51.82591
538559812.5,-51.83058
538559875.0,-51.82222
538559937.5,-51.77214
538560000.0,-51.81243
538560062.5,-51.86589
538560125.0,-51.766
538560187.5,-51.84852
538560250.0,-51.8248
538560312.5,-51.84384
538560375.0,-51.84985
538560437.5,-51.84265
538560500.0,-51.77732
538560562.5,-51.84002
538560625.0,-51.79956
538560687.5,-51.85555
538560750.0,-51.83666
538560812.5,-51.78366
538560875.0,-51.82679
538560937.5,-51.81118
538561000.0,-51.79605
538561062.5,-51.84013
538561125.0,-51.82158
538561187.5,-51.80082
538561250.0,-51.8236
538561312.5,-51.80267
538561375.0,-51.80152
538561437.5,-51.79453
538561500.0,-51.76748
538561562.5,-51.75527
538561625.0,-51.76591
538561687.5,-51.78646
538561750.0,-51.79347
538561812.5,-51.83461
538561875.0,-51.78364
538561937.5,-51.78419
538562000.0,-51.84012
538562062.5,-51.75888
538562125.0,-51.7936
538562187.5,-51.76913
538562250.0,-51.78527
538562312.5,-51.79042
538562375.0,-51.70998
538562437.5,-51.79765
538562500.0,-51.75034
538562562.5,-51.78829
538562625.0,-51.76916
538562687.5,-51.73145
538562750.0,-51.76905
538562812.5,-51.76159
538562875.0,-51.73174
538562937.5,-51.78567
538563000.0,-51.74538
538563062.5,-51.78277
538563125.0,-51.7642
538563187.5,-51.74317
538563250.0,-51.73091
538563312.5,-51.77486
538563375.0,-51.76635
538563437.5,-51.74749
538563500.0,-51.78393
538563562.5,-51.7345
538563625.0,-51.72277
538563687.5,-51.74139
538563750.0,-51.751
538563812.5,-51.73245
538563875.0,-51.72311
538563937.5,-51.79432
538564000.0,-51.75074
538564062.5,-51.7091
538564125.0,-51.75511
538564187.5,-51.74516
538564250.0,-51.69702
538564312.5,-51.72563
538564375.0,-51.74773
538564437.5,-51.74471
538564500.0,-51.72499
538564562.5,-51.7718
538564625.0,-51.74153
538564687.5,-51.75442
538564750.0,-51.72097
538564812.5,-51.75787
538564875.0,-51.7049
538564937.5,-51.7548
538565000.0,-51.72029
538565062.5,-51.66051
538565125.0,-51.73556
538565187.5,-51.68105
538565250.0,-51.72456
538565312.5,-51.74284
538565375.0,-51.6838
538565437.5,-51.72297
538565500.0,-51.70787
538565562.5,-51.68459
538565625.0,-51.71876
538565687.5,-51.73775
538565750.0,-51.66709
538565812.5,-51.69032
538565875.0,-51.73265
538565937.5,-51.72442
538566000.0,-51.68714
538566062.5,-51.76633
538566125.0,-51.68561
538566187.5,-51.73383
538566250.0,-51.71168
538566312.5,-51.67992
538566375.0,-51.70108
538566437.5,-51.71901
538566500.0,-51.66567
538566562.5,-51.70483
538566625.0,-51.71626
538566687.5,-51.71256
538566750.0,-51.69505
538566812.5,-51.71031
538566875.0,-51.69973
538566937.5,-51.60459
538567000.0,-51.68163
538567062.5,-51.66023
538567125.0,-51.71685
538567187.5,-51.66829
538567250.0,-51.63715
538567312.5,-51.68017
538567375.0,-51.70468
538567437.5,-51.68769
538567500.0,-51.63155
538567562.5,-51.64738
538567625.0,-51.57586
538567687.5,-51.67023
538567750.0,-51.6478
538567812.5,-51.70714
538567875.0,-51.65606
538567937.5,-51.66824
538568000.0,-51.64879
538568062.5,-51.64
538568125.0,-51.68055
538568187.5,-51.63286
538568250.0,-51.64164
538568312.5,-51.65178
538568375.0,-51.67905
538568437.5,-51.65216
538568500.0,-51.59845
538568562.5,-51.68045
538568625.0,-51.62567
538568687.5,-51.63252
538568750.0,-51.64815
538568812.5,-51.63718
538568875.0,-51.63305
538568937.5,-51.65395
538569000.0,-51.59895
538569062.5,-51.61068
538569125.0,-51.65273
538569187.5,-51.626
538569250.0,-51.65916
538569312.5,-51.67704
538569375.0,-51.63835
538569437.5,-51.63054
538569500.0,-51.63395
538569562.5,-51.61255
538569625.0,-51.56862
538569687.5,-51.62184
538569750.0,-51.60903
538569812.5,-51.60581
538569875.0,-51.63506
538569937.5,-51.62243
538570000.0,-51.62508
538570062.5,-51.64166
538570125.0,-51.61506
538570187.5,-51.62657
538570250.0,-51.64101
538570312.5,-51.55655
538570375.0,-51.57971
538570437.5,-51.63435
538570500.0,-51.60611
538570562.5,-51.63828
538570625.0,-51.58646
538570687.5,-51.57428
538570750.0,-51.59399
538570812.5,-51.5866
538570875.0,-51.61348
538570937.5,-51.57878
538571000.0,-51.62197
538571062.5,-51.54896
538571125.0,-51.62531
538571187.5,-51.54875
538571250.0,-51.56396
538571312.5,-51.57207
538571375.0,-51.57747
538571437.5,-51.5611
538571500.0,-51.58254
538571562.5,-51.54129
538571625.0,-51.54184
538571687.5,-51.5805
538571750.0,-51.59864
538571812.5,-51.59923
538571875.0,-51.57747
538571937.5,-51.55196
538572000.0,-51.57093
538572062.5,-51.52706
538572125.0,-51.5396
538572187.5,-51.54961
538572250.0,-51.60093
538572312.5,-51.5616
538572375.0,-51.5695
538572437.5,-51.56549
538572500.0,-51.56005
538572562.5,-51.54408
538572625.0,-51.51801
538572687.5,-51.505
538572750.0,-51.57909
538572812.5,-51.53172
538572875.0,-51.5107
538572937.5,-51.53245
538573000.0,-51.52255
538573062.5,-51.5553
538573125.0,-51.53301
538573187.5,-51.53651
538573250.0,-51.56003
538573312.5,-51.5185
538573375.0,-51.58713
538573437.5,-51.54139
538573500.0,-51.53883
538573562.5,-51.61622
538573625.0,-51.53578
538573687.5,-51.60363
538573750.0,-51.56787
538573812.5,-51.49981
538573875.0,-51.54735
538573937.5,-51.55316
538574000.0,-51.5477
538574062.5,-51.55256
538574125.0,-51.5456
538574187.5,-51.49029
538574250.0,-51.46728
538574312.5,-51.54375
538574375.0,-51.4952
538574437.5,-51.54012
538574500.0,-51.49973
538574562.5,-51.53612
538574625.0,-51.49263
538574687.5,-51.4819
538574750.0,-51.46844
538574812.5,-51.49736
538574875.0,-51.49644
538574937.5,-51.46113
538575000.0,-51.4992
538575062.5,-51.53625
538575125.0,-51.50705
538575187.5,-51.48256
538575250.0,-51.49523
538575312.5,-51.46054
538575375.0,-51.5039
538575437.5,-51.51721
538575500.0,-51.53065
538575562.5,-51.4807
538575625.0,-51.52386
538575687.5,-51.54889
538575750.0,-51.51247
538575812.5,-51.47215
538575875.0,-51.45855
538575937.5,-51.49957
538576000.0,-51.45861
538576062.5,-51.49671
538576125.0,-51.45229
538576187.5,-51.4571
538576250.0,-51.46222
538576312.5,-51.53285
538576375.0,-51.48676
538576437.5,-51.42577
538576500.0,-51.4967
538576562.5,-51.46584
538576625.0,-51.48212
538576687.5,-51.50641
538576750.0,-51.459
538576812.5,-51.4956
538576875.0,-51.49105
538576937.5,-51.41544
538577000.0,-51.47097
538577062.5,-51.47683
538577125.0,-51.46882
538577187.5,-51.48479
538577250.0,-51.47184
538577312.5,-51.47765
538577375.0,-51.38626
538577437.5,-51.46299
538577500.0,-51.45641
538577562.5,-51.44385
538577625.0,-51.42442
538577687.5,-51.44693
538577750.0,-51.41776
538577812.5,-51.44578
538577875.0,-51.41862
538577937.5,-51.41436
538578000.0,-51.43097
538578062.5,-51.48314
538578125.0,-51.42328
538578187.5,-51.42929
538578250.0,-51.45536
538578312.5,-51.4468
538578375.0,-51.46033
538578437.5,-51.41422
538578500.0,-51.44485
538578562.5,-51.39597
538578625.0,-51.40943
538578687.5,-51.39646
538578750.0,-51.40569
538578812.5,-51.43426
538578875.0,-51.40364
538578937.5,-51.44438
538579000.0,-51.43748
538579062.5,-51.38916
538579125.0,-51.39295
538579187.5,-51.40216
538579250.0,-51.37303
538579312.5,-51.41043
538579375.0,-51.40488
538579437.5,-51.41507
538579500.0,-51.45099
538579562.5,-51.44096
538579625.0,-51.37704
538579687.5,-51.42336
538579750.0,-51.37434
538579812.5,-51.46007
538579875.0,-51.39028
538579937.5,-51.39494
538580000.0,-51.35069
538580062.5,-51.37446
538580125.0,-51.38549
538580187.5,-51.38168
538580250.0,-51.37327
538580312.5,-51.42836
538580375.0,-51.32156
538580437.5,-51.37522
538580500.0,-51.36838
538580562.5,-51.40547
538580625.0,-51.36108
538580687.5,-51.35083
538580750.0,-51.3824
538580812.5,-51.36786
538580875.0,-51.38547
538580937.5,-51.35598
538581000.0,-51.36609
538581062.5,-51.36713
538581125.0,-51.39224
538581187.5,-51.34294
538581250.0,-51.38882
538581312.5,-51.37327
538581375.0,-51.35582
538581437.5,-51.35955
538581500.0,-51.38712
538581562.5,-51.36056
538581625.0,-51.36477
538581687.5,-51.33537
538581750.0,-51.34835
538581812.5,-51.41101
538581875.0,-51.29821
538581937.5,-51.38953
538582000.0,-51.35122
538582062.5,-51.31983
538582125.0,-51.34049
538582187.5,-51.3107
538582250.0,-51.37489
538582312.5,-51.32519
538582375.0,-51.33568
538582437.5,-51.35329
538582500.0,-51.32634
538582562.5,-51.32834
538582625.0,-51.3077
538582687.5,-51.34486
538582750.0,-51.32996
538582812.5,-51.36013
538582875.0,-51.3105
538582937.5,-51.3464
538583000.0,-51.31646
538583062.5,-51.3427
538583125.0,-51.30603
538583187.5,-51.34597
538583250.0,-51.30122
538583312.5,-51.31001
538583375.0,-51.3695
538583437.5,-51.32193
538583500.0,-51.37246
538583562.5,-51.31146
538583625.0,-51.31995
538583687.5,-51.32837
538583750.0,-51.32243
538583812.5,-51.30983
538583875.0,-51.29797
538583937.5,-51.29916
538584000.0,-51.31762
538584062.5,-51.3082
538584125.0,-51.32171
538584187.5,-51.2869
538584250.0,-51.28418
538584312.5,-51.29446
538584375.0,-51.3029
538584437.5,-51.34735
538584500.0,-51.31633
538584562.5,-51.29457
538584625.0,-51.32141
538584687.5,-51.29762
538584750.0,-51.30106
538584812.5,-51.29514
538584875.0,-51.29323
538584937.5,-51.2539
538585000.0,-51.30206
538585062.5,-51.32697
538585125.0,-51.26132
538585187.5,-51.32106
538585250.0,-51.28954
538585312.5,-51.29274
538585375.0,-51.29844
538585437.5,-51.30104
538585500.0,-51.2961
538585562.5,-51.26319
538585625.0,-51.28909
538585687.5,-51.27776
538585750.0,-51.28846
538585812.5,-51.23536
538585875.0,-51.2357
538585937.5,-51.29985
538586000.0,-51.31025
538586062.5,-51.21055
538586125.0,-51.27132
538586187.5,-51.24892
538586250.0,-51.24161
538586312.5,-51.23862
538586375.0,-51.26779
538586437.5,-51.23775
538586500.0,-51.24379
538586562.5,-51.23167
538586625.0,-51.28222
538586687.5,-51.22846
538586750.0,-51.22173
538586812.5,-51.23243
538586875.0,-51.23375
538586937.5,-51.19583
538587000.0,-51.2271
538587062.5,-51.22106
538587125.0,-51.22036
538587187.5,-51.17857
538587250.0,-51.21344
538587312.5,-51.2612
538587375.0,-51.21863
538587437.5,-51.22766
538587500.0,-51.2775
538587562.5,-51.18769
538587625.0,-51.25723
538587687.5,-51.24947
538587750.0,-51.24405
538587812.5,-51.25889
538587875.0,-51.20057
538587937.5,-51.23278
538588000.0,-51.21263
538588062.5,-51.17181
538588125.0,-51.23496
538588187.5,-51.22307
538588250.0,-51.20414
538588312.5,-51.2439
538588375.0,-51.23269
538588437.5,-51.21517
538588500.0,-51.2133
538588562.5,-51.19927
538588625.0,-51.21815
538588687.5,-51.21374
538588750.0,-51.16727
538588812.5,-51.2003
538588875.0,-51.20952
538588937.5,-51.27391
538589000.0,-51.19204
538589062.5,-51.18646
538589125.0,-51.16272
538589187.5,-51.18729
538589250.0,-51.23404
538589312.5,-51.19323
538589375.0,-51.20152
538589437.5,-51.18831
538589500.0,-51.17231
538589562.5,-51.16234
538589625.0,-51.18061
538589687.5,-51.20968
538589750.0,-51.15124
538589812.5,-51.22449
538589875.0,-51.15409
538589937.5,-51.19967
538590000.0,-51.15349
538590062.5,-51.20711
538590125.0,-51.12082
538590187.5,-51.13916
538590250.0,-51.12629
538590312.5,-51.14299
538590375.0,-51.14323
538590437.5,-51.15688
538590500.0,-51.14552
538590562.5,-51.17773
538590625.0,-51.16599
538590687.5,-51.16469
538590750.0,-51.19024
538590812.5,-51.1799
538590875.0,-51.14338
538590937.5,-51.20551
538591000.0,-51.13653
538591062.5,-51.15703
538591125.0,-51.14764
538591187.5,-51.17161
538591250.0,-51.14956
538591312.5,-51.1662
538591375.0,-51.16992
538591437.5,-51.1274
538591500.0,-51.10283
538591562.5,-51.12514
538591625.0,-51.15166
538591687.5,-51.18442
538591750.0,-51.1394
538591812.5,-51.11843
538591875.0,-51.12492
538591937.5,-51.15208
538592000.0,-51.09802
538592062.5,-51.13507
538592125.0,-51.1708
538592187.5,-51.02154
538592250.0,-51.112
538592312.5,-51.05694
538592375.0,-51.11613
538592437.5,-51.11924
538592500.0,-51.13538
538592562.5,-51.13004
538592625.0,-51.11844
538592687.5,-51.06984
538592750.0,-51.15982
538592812.5,-51.14013
538592875.0,-51.16405
538592937.5,-51.08974
538593000.0,-51.11329
538593062.5,-51.14483
538593125.0,-51.11403
538593187.5,-51.09399
538593250.0,-51.07287
538593312.5,-51.07037
538593375.0,-51.09327
538593437.5,-51.10306
538593500.0,-51.08601
538593562.5,-51.06571
538593625.0,-51.10842
538593687.5,-51.08307
538593750.0,-51.06625
538593812.5,-51.0532
538593875.0,-51.09075
538593937.5,-51.06099
538594000.0,-51.06499
538594062.5,-51.1156
538594125.0,-51.07714
538594187.5,-51.06101
538594250.0,-51.06665
538594312.5,-51.06066
538594375.0,-51.04876
538594437.5,-51.06121
538594500.0,-51.03761
538594562.5,-51.0412
538594625.0,-51.05719
538594687.5,-51.06696
538594750.0,-51.08522
538594812.5,-51.04679
538594875.0,-51.06896
538594937.5,-51.0307
538595000.0,-51.05001
538595062.5,-51.09725
538595125.0,-51.00967
538595187.5,-51.09895
538595250.0,-51.05318
538595312.5,-51.07356
538595375.0,-51.0662
538595437.5,-51.06439
538595500.0,-51.03049
538595562.5,-51.05434
538595625.0,-51.10569
538595687.5,-51.04319
538595750.0,-51.02233
538595812.5,-51.04678
538595875.0,-51.04601
538595937.5,-51.01995
538596000.0,-51.02808
538596062.5,-51.0867
538596125.0,-51.00966
538596187.5,-51.04835
538596250.0,-50.99159
538596312.5,-51.03668
538596375.0,-51.02831
538596437.5,-51.03423
538596500.0,-51.00874
538596562.5,-51.04527
538596625.0,-51.02891
538596687.5,-50.98579
538596750.0,-50.99916
538596812.5,-50.98702
538596875.0,-51.0383
538596937.5,-50.99066
538597000.0,-50.98998
538597062.5,-51.01204
538597125.0,-50.98932
538597187.5,-51.03183
538597250.0,-50.98323
538597312.5,-51.02051
538597375.0,-51.01554
538597437.5,-50.99541
538597500.0,-50.98849
538597562.5,-50.98454
538597625.0,-51.05092
538597687.5,-50.98946
538597750.0,-50.99712
538597812.5,-51.01775
538597875.0,-50.98828
538597937.5,-50.95469
538598000.0,-50.9892
538598062.5,-50.97899
538598125.0,-51.02941
538598187.5,-50.99107
538598250.0,-50.96297
538598312.5,-50.9674
538598375.0,-51.00846
538598437.5,-50.96556
538598500.0,-50.97305
538598562.5,-50.96768
538598625.0,-50.96361
538598687.5,-50.95871
538598750.0,-50.97053
538598812.5,-51.01931
538598875.0,-50.96152
538598937.5,-50.99685
538599000.0,-50.97552
538599062.5,-50.96467
538599125.0,-50.94666
538599187.5,-50.96002
538599250.0,-50.93134
538599312.5,-51.01202
538599375.0,-50.9664
538599437.5,-50.92711
538599500.0,-50.94186
538599562.5,-50.92987
538599625.0,-50.95191
538599687.5,-50.9657
538599750.0,-50.94558
538599812.5,-50.94882
538599875.0,-50.95685
538599937.5,-50.96151
538600000.0,-50.92595
538600062.5,-50.95615
538600125.0,-50.97028
538600187.5,-50.95823
538600250.0,-50.88659
538600312.5,-50.9598
538600375.0,-50.91792
538600437.5,-50.92176
538600500.0,-50.93979
538600562.5,-50.9087
538600625.0,-50.98273
538600687.5,-50.95119
538600750.0,-50.93441
538600812.5,-50.8969
538600875.0,-50.89164
538600937.5,-50.8921
538601000.0,-50.92025
538601062.5,-50.90948
538601125.0,-50.90907
538601187.5,-50.90927
538601250.0,-50.86639
538601312.5,-50.84625
538601375.0,-50.86137
538601437.5,-50.87705
538601500.0,-50.91175
538601562.5,-50.89173
538601625.0,-50.8738
538601687.5,-50.90533
538601750.0,-50.9167
538601812.5,-50.91009
538601875.0,-50.87251
538601937.5,-50.92047
538602000.0,-50.87378
538602062.5,-50.87011
538602125.0,-50.92541
538602187.5,-50.92048
538602250.0,-50.8906
538602312.5,-50.89561
538602375.0,-50.86056
538602437.5,-50.88969
538602500.0,-50.89141
538602562.5,-50.89333
538602625.0,-50.90213
538602687.5,-50.89268
538602750.0,-50.85263
538602812.5,-50.88429
538602875.0,-50.89696
538602937.5,-50.86551
538603000.0,-50.88361
538603062.5,-50.86889
538603125.0,-50.83828
538603187.5,-50.86187
538603250.0,-50.86438
538603312.5,-50.89994
538603375.0,-50.87897
538603437.5,-50.85275
538603500.0,-50.87453
538603562.5,-50.88792
538603625.0,-50.86546
538603687.5,-50.86084
538603750.0,-50.80815
538603812.5,-50.87269
538603875.0,-50.87275
538603937.5,-50.84154
538604000.0,-50.82823
538604062.5,-50.84167
538604125.0,-50.82494
538604187.5,-50.86529
538604250.0,-50.83683
538604312.5,-50.84469
538604375.0,-50.8584
538604437.5,-50.83262
538604500.0,-50.82592
538604562.5,-50.85173
538604625.0,-50.83033
538604687.5,-50.81479
538604750.0,-50.83837
538604812.5,-50.87587
538604875.0,-50.85289
538604937.5,-50.88141
538605000.0,-50.86706
538605062.5,-50.80182
538605125.0,-50.83151
538605187.5,-50.83363
538605250.0,-50.80932
538605312.5,-50.80895
538605375.0,-50.82898
538605437.5,-50.80743
538605500.0,-50.81634
538605562.5,-50.82187
538605625.0,-50.83419
538605687.5,-50.77591
538605750.0,-50.78658
538605812.5,-50.81434
538605875.0,-50.84887
538605937.5,-50.86058
538606000.0,-50.82001
538606062.5,-50.79051
538606125.0,-50.81913
538606187.5,-50.81522
538606250.0,-50.80941
538606312.5,-50.78853
538606375.0,-50.7998
538606437.5,-50.83545
538606500.0,-50.74915
538606562.5,-50.77702
538606625.0,-50.80158
538606687.5,-50.78465
538606750.0,-50.75389
538606812.5,-50.76295
538606875.0,-50.81352
538606937.5,-50.79755
538607000.0,-50.77402
538607062.5,-50.78377
538607125.0,-50.80132
538607187.5,-50.784
538607250.0,-50.76516
538607312.5,-50.76465
538607375.0,-50.81233
538607437.5,-50.76827
538607500.0,-50.76167
538607562.5,-50.73395
538607625.0,-50.78497
538607687.5,-50.7698
538607750.0,-50.71002
538607812.5,-50.75453
538607875.0,-50.73735
538607937.5,-50.75839
538608000.0,-50.74089
538608062.5,-50.75424
538608125.0,-50.77805
538608187.5,-50.72946
538608250.0,-50.75812
538608312.5,-50.71249
538608375.0,-50.77639
538608437.5,-50.74423
538608500.0,-50.79937
538608562.5,-50.74553
538608625.0,-50.68406
538608687.5,-50.74742
538608750.0,-50.77262
538608812.5,-50.75556
538608875.0,-50.74329
538608937.5,-50.74545
538609000.0,-50.73558
538609062.5,-50.77419
538609125.0,-50.72622
538609187.5,-50.69793
538609250.0,-50.73709
538609312.5,-50.70096
538609375.0,-50.73459
538609437.5,-50.73869
538609500.0,-50.75248
538609562.5,-50.70506
538609625.0,-50.67631
538609687.5,-50.71099
538609750.0,-50.70931
538609812.5,-50.7824
538609875.0,-50.74593
538609937.5,-50.74873
538610000.0,-50.7478
538610062.5,-50.69536
538610125.0,-50.70405
538610187.5,-50.66975
538610250.0,-50.70778
538610312.5,-50.72173
538610375.0,-50.7039
538610437.5,-50.62558
538610500.0,-50.68948
538610562.5,-50.68445
538610625.0,-50.70836
538610687.5,-50.67822
538610750.0,-50.65557
538610812.5,-50.67116
538610875.0,-50.70262
538610937.5,-50.69929
538611000.0,-50.66605
538611062.5,-50.70735
538611125.0,-50.66228
538611187.5,-50.71014
538611250.0,-50.63087
538611312.5,-50.71209
538611375.0,-50.72652
538611437.5,-50.66821
538611500.0,-50.6526
538611562.5,-50.66226
538611625.0,-50.68906
538611687.5,-50.66539
538611750.0,-50.65823
538611812.5,-50.63608
538611875.0,-50.62637
538611937.5,-50.67858
538612000.0,-50.67252
538612062.5,-50.66401
538612125.0,-50.6689
538612187.5,-50.65696
538612250.0,-50.69416
538612312.5,-50.64433
538612375.0,-50.68768
538612437.5,-50.63411
538612500.0,-50.68143
538612562.5,-50.63269
538612625.0,-50.62816
538612687.5,-50.65524
538612750.0,-50.62212
538612812.5,-50.64317
538612875.0,-50.64364
538612937.5,-50.64429
538613000.0,-50.65029
538613062.5,-50.61699
538613125.0,-50.63263
538613187.5,-50.657
538613250.0,-50.64164
538613312.5,-50.61222
538613375.0,-50.62841
538613437.5,-50.66164
538613500.0,-50.62993
538613562.5,-50.645
538613625.0,-50.60922
538613687.5,-50.64776
538613750.0,-50.60887
538613812.5,-50.59753
538613875.0,-50.59488
538613937.5,-50.63767
538614000.0,-50.60731
538614062.5,-50.64256
538614125.0,-50.61024
538614187.5,-50.63311
538614250.0,-50.57162
538614312.5,-50.59839
538614375.0,-50.59032
538614437.5,-50.59298
538614500.0,-50.59082
538614562.5,-50.58823
538614625.0,-50.60874
538614687.5,-50.60328
538614750.0,-50.54464
538614812.5,-50.58241
538614875.0,-50.57804
538614937.5,-50.55935
538615000.0,-50.58178
538615062.5,-50.60705
538615125.0,-50.59812
538615187.5,-50.55615
538615250.0,-50.57097
538615312.5,-50.54168
538615375.0,-50.59887
538615437.5,-50.61632
538615500.0,-50.56055
538615562.5,-50.59183
538615625.0,-50.57689
538615687.5,-50.58453
538615750.0,-50.5913
538615812.5,-50.58719
538615875.0,-50.56935
538615937.5,-50.6152
538616000.0,-50.57215
538616062.5,-50.55909
538616125.0,-50.55537
538616187.5,-50.52698
538616250.0,-50.57729
538616312.5,-50.56074
538616375.0,-50.6248
538616437.5,-50.54283
538616500.0,-50.57084
538616562.5,-50.53697
538616625.0,-50.55955
538616687.5,-50.55309
538616750.0,-50.53713
538616812.5,-50.55488
538616875.0,-50.56031
538616937.5,-50.56602
538617000.0,-50.50728
538617062.5,-50.51655
538617125.0,-50.53429
538617187.5,-50.53268
538617250.0,-50.57368
538617312.5,-50.56408
538617375.0,-50.50662
538617437.5,-50.57168
538617500.0,-50.52165
538617562.5,-50.55081
538617625.0,-50.50138
538617687.5,-50.51942
538617750.0,-50.52748
538617812.5,-50.5419
538617875.0,-50.49643
538617937.5,-50.52172
538618000.0,-50.59099
538618062.5,-50.55366
538618125.0,-50.51948
538618187.5,-50.5138
538618250.0,-50.53428
538618312.5,-50.48523
538618375.0,-50.47515
538618437.5,-50.4887
538618500.0,-50.50809
538618562.5,-50.54871
538618625.0,-50.50544
538618687.5,-50.4608
538618750.0,-50.48327
538618812.5,-50.48368
538618875.0,-50.52976
538618937.5,-50.51303
538619000.0,-50.4718
538619062.5,-50.48015
538619125.0,-50.49173
538619187.5,-50.50857
538619250.0,-50.47085
538619312.5,-50.50206
538619375.0,-50.48613
538619437.5,-50.49508
538619500.0,-50.51252
538619562.5,-50.48528
538619625.0,-50.46682
538619687.5,-50.45781
538619750.0,-50.46972
538619812.5,-50.4544
538619875.0,-50.42467
538619937.5,-50.46919
538620000.0,-50.49895
538620062.5,-50.45635
538620125.0,-50.43306
538620187.5,-50.49746
538620250.0,-50.46281
538620312.5,-50.46331
538620375.0,-50.46996
538620437.5,-50.4882
538620500.0,-50.48267
538620562.5,-50.48411
538620625.0,-50.41381
538620687.5,-50.47993
538620750.0,-50.45477
538620812.5,-50.45662
538620875.0,-50.46175
538620937.5,-50.42682
538621000.0,-50.44707
538621062.5,-50.42043
538621125.0,-50.4527
538621187.5,-50.42025
538621250.0,-50.49089
538621312.5,-50.42254
538621375.0,-50.40664
538621437.5,-50.46368
538621500.0,-50.42809
538621562.5,-50.45119
538621625.0,-50.45691
538621687.5,-50.43232
538621750.0,-50.43716
538621812.5,-50.40065
538621875.0,-50.43176
538621937.5,-50.42887
538622000.0,-50.44785
538622062.5,-50.45671
538622125.0,-50.42229
538622187.5,-50.39919
538622250.0,-50.38348
538622312.5,-50.40883
538622375.0,-50.4407
538622437.5,-50.43523
538622500.0,-50.40337
538622562.5,-50.37779
538622625.0,-50.47317
538622687.5,-50.40901
538622750.0,-50.4204
538622812.5,-50.41297
538622875.0,-50.36244
538622937.5,-50.38031
538623000.0,-50.39357
538623062.5,-50.38832
538623125.0,-50.38675
538623187.5,-50.37681
538623250.0,-50.40076
538623312.5,-50.41246
538623375.0,-50.37579
538623437.5,-50.37615
538623500.0,-50.39301
538623562.5,-50.4158
538623625.0,-50.42592
538623687.5,-50.37252
538623750.0,-50.35649
538623812.5,-50.34456
538623875.0,-50.41011
538623937.5,-50.36418
538624000.0,-50.3937
538624062.5,-50.36973
538624125.0,-50.38667
538624187.5,-50.38229
538624250.0,-50.3158
538624312.5,-50.34742
538624375.0,-50.38262
538624437.5,-50.32501
538624500.0,-50.37165
538624562.5,-50.33144
538624625.0,-50.36952
538624687.5,-50.36977
538624750.0,-50.38003
538624812.5,-50.38047
538624875.0,-50.36035
538624937.5,-50.38165
538625000.0,-50.3337
538625062.5,-50.35659
538625125.0,-50.34744
538625187.5,-50.34246
538625250.0,-50.31016
538625312.5,-50.33741
538625375.0,-50.34047
538625437.5,-50.34527
538625500.0,-50.35595
538625562.5,-50.30795
538625625.0,-50.36349
538625687.5,-50.33693
538625750.0,-50.33571
538625812.5,-50.34321
538625875.0,-50.30976
538625937.5,-50.31042
538626000.0,-50.34348
538626062.5,-50.31592
538626125.0,-50.31175
538626187.5,-50.35724
538626250.0,-50.2985
538626312.5,-50.34031
538626375.0,-50.32943
538626437.5,-50.3008
538626500.0,-50.31267
538626562.5,-50.30164
538626625.0,-50.30434
538626687.5,-50.28444
538626750.0,-50.30271
538626812.5,-50.29976
538626875.0,-50.30421
538626937.5,-50.30975
538627000.0,-50.33933
538627062.5,-50.3699
538627125.0,-50.33118
538627187.5,-50.28612
538627250.0,-50.28056
538627312.5,-50.29536
538627375.0,-50.28049
538627437.5,-50.26469
538627500.0,-50.27147
538627562.5,-50.26401
538627625.0,-50.2842
538627687.5,-50.31766
538627750.0,-50.30495
538627812.5,-50.31638
538627875.0,-50.30283
538627937.5,-50.26985
538628000.0,-50.2922
538628062.5,-50.27675
538628125.0,-50.22935
538628187.5,-50.25546
538628250.0,-50.25481
538628312.5,-50.24774
538628375.0,-50.25072
538628437.5,-50.26143
538628500.0,-50.25358
538628562.5,-50.28434
538628625.0,-50.28906
538628687.5,-50.23228
538628750.0,-50.29583
538628812.5,-50.20632
538628875.0,-50.24021
538628937.5,-50.28089
538629000.0,-50.25561
538629062.5,-50.25397
538629125.0,-50.22084
538629187.5,-50.21817
538629250.0,-50.25903
538629312.5,-50.22248
538629375.0,-50.24554
538629437.5,-50.26955
538629500.0,-50.27659
538629562.5,-50.20151
538629625.0,-50.24245
538629687.5,-50.25805
538629750.0,-50.22456
538629812.5,-50.22215
538629875.0,-50.21494
538629937.5,-50.20388
538630000.0,-50.23763
538630062.5,-50.26069
538630125.0,-50.24577
538630187.5,-50.21563
538630250.0,-50.21294
538630312.5,-50.23668
538630375.0,-50.21881
538630437.5,-50.19418
538630500.0,-50.22852
538630562.5,-50.22136
538630625.0,-50.25329
538630687.5,-50.20267
538630750.0,-50.17854
538630812.5,-50.21972
538630875.0,-50.18188
538630937.5,-50.21676
538631000.0,-50.18709
538631062.5,-50.23986
538631125.0,-50.18307
538631187.5,-50.2274
538631250.0,-50.2128
538631312.5,-50.2163
538631375.0,-50.20365
538631437.5,-50.17469
538631500.0,-50.2128
538631562.5,-50.17067
538631625.0,-50.16212
538631687.5,-50.16747
538631750.0,-50.1704
538631812.5,-50.17272
538631875.0,-50.17685
538631937.5,-50.19495
538632000.0,-50.13984
538632062.5,-50.19477
538632125.0,-50.18727
538632187.5,-50.14703
538632250.0,-50.15202
538632312.5,-50.18195
538632375.0,-50.13898
538632437.5,-50.15006
538632500.0,-50.11298
538632562.5,-50.16595
538632625.0,-50.16539
538632687.5,-50.13778
538632750.0,-50.14428
538632812.5,-50.17393
538632875.0,-50.1493
538632937.5,-50.15372
538633000.0,-50.16835
538633062.5,-50.12947
538633125.0,-50.1331
538633187.5,-50.18906
538633250.0,-50.15263
538633312.5,-50.14165
538633375.0,-50.15552
538633437.5,-50.14772
538633500.0,-50.13925
538633562.5,-50.14093
538633625.0,-50.13999
538633687.5,-50.14385
538633750.0,-50.16016
538633812.5,-50.1125
538633875.0,-50.12013
538633937.5,-50.09197
538634000.0,-50.14199
538634062.5,-50.12671
538634125.0,-50.14951
538634187.5,-50.13048
538634250.0,-50.12129
538634312.5,-50.11425
538634375.0,-50.09811
538634437.5,-50.10794
538634500.0,-50.10199
538634562.5,-50.11446
538634625.0,-50.10666
538634687.5,-50.08785
538634750.0,-50.08747
538634812.5,-50.09122
538634875.0,-50.11876
538634937.5,-50.06403
538635000.0,-50.09431
538635062.5,-50.10446
538635125.0,-50.06763
538635187.5,-50.11742
538635250.0,-50.12066
538635312.5,-50.07806
538635375.0,-50.07653
538635437.5,-50.0968
538635500.0,-50.11369
538635562.5,-50.07543
538635625.0,-50.0923
538635687.5,-50.06871
538635750.0,-50.08864
538635812.5,-50.0606
538635875.0,-50.09378
538635937.5,-50.0407
538636000.0,-50.0252
538636062.5,-50.08584
538636125.0,-50.06355
538636187.5,-50.07133
538636250.0,-50.04334
538636312.5,-50.03699
538636375.0,-50.08511
538636437.5,-50.05813
538636500.0,-50.07058
538636562.5,-50.06238
538636625.0,-50.01212
538636687.5,-50.05694
538636750.0,-50.03775
538636812.5,-50.06211
538636875.0,-50.08678
538636937.5,-50.05074
538637000.0,-50.04887
538637062.5,-50.06018
538637125.0,-50.04729
538637187.5,-49.99364
538637250.0,-50.08831
538637312.5,-50.05182
538637375.0,-50.05565
538637437.5,-50.01505
538637500.0,-50.08805
538637562.5,-50.08594
538637625.0,-50.05533
538637687.5,-50.06759
538637750.0,-50.00186
538637812.5,-50.00465
538637875.0,-50.05435
538637937.5,-50.07218
538638000.0,-50.02877
538638062.5,-50.04284
538638125.0,-50.04494
538638187.5,-50.01302
538638250.0,-50.0224
538638312.5,-49.98941
538638375.0,-50.01313
538638437.5,-50.03385
538638500.0,-50.00299
538638562.5,-50.04354
538638625.0,-50.01799
538638687.5,-49.99005
538638750.0,-49.96598
538638812.5,-50.0116
538638875.0,-49.99046
538638937.5,-50.00134
538639000.0,-49.99897
538639062.5,-49.9863
538639125.0,-49.99907
538639187.5,-50.0185
538639250.0,-49.97712
538639312.5,-50.04041
538639375.0,-50.03724
538639437.5,-50.00663
538639500.0,-49.96077
538639562.5,-50.0052
538639625.0,-49.97877
538639687.5,-49.97107
538639750.0,-49.98003
538639812.5,-50.01933
538639875.0,-49.99989
538639937.5,-49.97039
538640000.0,-49.95508
538640062.5,-49.95896
538640125.0,-49.91645
538640187.5,-49.96871
538640250.0,-49.99791
538640312.5,-49.96532
538640375.0,-49.94932
538640437.5,-49.9469
538640500.0,-49.95574
538640562.5,-49.92785
538640625.0,-49.89956
538640687.5,-49.96454
538640750.0,-49.94385
538640812.5,-49.95428
538640875.0,-49.93872
538640937.5,-49.95915
538641000.0,-49.93109
538641062.5,-49.93338
538641125.0,-49.94717
538641187.5,-49.9516
538641250.0,-49.91883
538641312.5,-49.95721
538641375.0,-49.89128
538641437.5,-49.93337
538641500.0,-49.94443
538641562.5,-49.95592
538641625.0,-49.94548
538641687.5,-49.93295
538641750.0,-49.92568
538641812.5,-49.94208
538641875.0,-49.87586
538641937.5,-49.89729
538642000.0,-49.92935
538642062.5,-49.92609
538642125.0,-49.89393
538642187.5,-49.9284
538642250.0,-49.9269
538642312.5,-49.93819
538642375.0,-49.90002
538642437.5,-49.89359
538642500.0,-49.93316
538642562.5,-49.9091
538642625.0,-49.95116
538642687.5,-49.94829
538642750.0,-49.88429
538642812.5,-49.89759
538642875.0,-49.87488
538642937.5,-49.91243
538643000.0,-49.88662
538643062.5,-49.9092
538643125.0,-49.86958
538643187.5,-49.93369
538643250.0,-49.89952
538643312.5,-49.83528
538643375.0,-49.90488
538643437.5,-49.89249
538643500.0,-49.89357
538643562.5,-49.87211
538643625.0,-49.89194
538643687.5,-49.86916
538643750.0,-49.86787
538643812.5,-49.85846
538643875.0,-49.89029
538643937.5,-49.89983
538644000.0,-49.85162
538644062.5,-49.84857
538644125.0,-49.85185
538644187.5,-49.83388
538644250.0,-49.85715
538644312.5,-49.8264
538644375.0,-49.8505
538644437.5,-49.85648
538644500.0,-49.84512
538644562.5,-49.80724
538644625.0,-49.84897
538644687.5,-49.86728
538644750.0,-49.84709
538644812.5,-49.85448
538644875.0,-49.8784
538644937.5,-49.81983
538645000.0,-49.82938
538645062.5,-49.85157
538645125.0,-49.80566
538645187.5,-49.84299
538645250.0,-49.84753
538645312.5,-49.85373
538645375.0,-49.86796
538645437.5,-49.82973
538645500.0,-49.83273
538645562.5,-49.84249
538645625.0,-49.8384
538645687.5,-49.80389
538645750.0,-49.7524
538645812.5,-49.85092
538645875.0,-49.78994
538645937.5,-49.79974
538646000.0,-49.78616
538646062.5,-49.7956
538646125.0,-49.82331
538646187.5,-49.80891
538646250.0,-49.85474
538646312.5,-49.83265
538646375.0,-49.82437
538646437.5,-49.79578
538646500.0,-49.81043
538646562.5,-49.80911
538646625.0,-49.84456
538646687.5,-49.78805
538646750.0,-49.78274
538646812.5,-49.80832
538646875.0,-49.75558
538646937.5,-49.78566
538647000.0,-49.76495
538647062.5,-49.78379
538647125.0,-49.75724
538647187.5,-49.80781
538647250.0,-49.76932
538647312.5,-49.77493
538647375.0,-49.75419
538647437.5,-49.76375
538647500.0,-49.78256
538647562.5,-49.76876
538647625.0,-49.74326
538647687.5,-49.76407
538647750.0,-49.77567
538647812.5,-49.79774
538647875.0,-49.75818
538647937.5,-49.75864
538648000.0,-49.76144
538648062.5,-49.74658
538648125.0,-49.78109
538648187.5,-49.76381
538648250.0,-49.774
538648312.5,-49.77085
538648375.0,-49.77968
538648437.5,-49.72313
538648500.0,-49.76913
538648562.5,-49.754
538648625.0,-49.71798
538648687.5,-49.73327
538648750.0,-49.75334
538648812.5,-49.74458
538648875.0,-49.73812
538648937.5,-49.72713
538649000.0,-49.74921
538649062.5,-49.73831
538649125.0,-49.72971
538649187.5,-49.74327
538649250.0,-49.76614
538649312.5,-49.75053
538649375.0,-49.74311
538649437.5,-49.73477
538649500.0,-49.69135
538649562.5,-49.73381
538649625.0,-49.74115
538649687.5,-49.7407
538649750.0,-49.70929
538649812.5,-49.71569
538649875.0,-49.7194
538649937.5,-49.6772
538650000.0,-49.72852
538650062.5,-49.71881
538650125.0,-49.66607
538650187.5,-49.69353
538650250.0,-49.72382
538650312.5,-49.69469
538650375.0,-49.70288
538650437.5,-49.67078
538650500.0,-49.70013
538650562.5,-49.68202
538650625.0,-49.72287
538650687.5,-49.65927
538650750.0,-49.69584
538650812.5,-49.68413
538650875.0,-49.69789
538650937.5,-49.67098
538651000.0,-49.6964
538651062.5,-49.66035
538651125.0,-49.67144
538651187.5,-49.66696
538651250.0,-49.69133
538651312.5,-49.70367
538651375.0,-49.68613
538651437.5,-49.67608
538651500.0,-49.67557
538651562.5,-49.64547
538651625.0,-49.68548
538651687.5,-49.64066
538651750.0,-49.68311
538651812.5,-49.66464
538651875.0,-49.65916
538651937.5,-49.62868
538652000.0,-49.6537
538652062.5,-49.66352
538652125.0,-49.66061
538652187.5,-49.64932
538652250.0,-49.66132
538652312.5,-49.64129
538652375.0,-49.63234
538652437.5,-49.64188
538652500.0,-49.64416
538652562.5,-49.62514
538652625.0,-49.64421
538652687.5,-49.67379
538652750.0,-49.62405
538652812.5,-49.60863
538652875.0,-49.65831
538652937.5,-49.60431
538653000.0,-49.5997
538653062.5,-49.65366
538653125.0,-49.64128
538653187.5,-49.58597
538653250.0,-49.62798
538653312.5,-49.62812
538653375.0,-49.61801
538653437.5,-49.61064
538653500.0,-49.56995
538653562.5,-49.64009
538653625.0,-49.59917
538653687.5,-49.61452
538653750.0,-49.60365
538653812.5,-49.59776
538653875.0,-49.61075
538653937.5,-49.60786
538654000.0,-49.62716
538654062.5,-49.57179
538654125.0,-49.59665
538654187.5,-49.53797
538654250.0,-49.58619
538654312.5,-49.64635
538654375.0,-49.58321
538654437.5,-49.5784
538654500.0,-49.60946
538654562.5,-49.58953
538654625.0,-49.59423
538654687.5,-49.58272
538654750.0,-49.59617
538654812.5,-49.55837
538654875.0,-49.57844
538654937.5,-49.55784
538655000.0,-49.59527
538655062.5,-49.55955
538655125.0,-49.57519
538655187.5,-49.5527
538655250.0,-49.57679
538655312.5,-49.59848
538655375.0,-49.54769
538655437.5,-49.56231
538655500.0,-49.57179
538655562.5,-49.57357
538655625.0,-49.55327
538655687.5,-49.58683
538655750.0,-49.54566
538655812.5,-49.57558
538655875.0,-49.58028
538655937.5,-49.53545
538656000.0,-49.53267
538656062.5,-49.55106
538656125.0,-49.54641
538656187.5,-49.52749
538656250.0,-49.52869
538656312.5,-49.55087
538656375.0,-49.53885
538656437.5,-49.52035
538656500.0,-49.51368
538656562.5,-49.51186
538656625.0,-49.57442
538656687.5,-49.52869
538656750.0,-49.52851
538656812.5,-49.51389
538656875.0,-49.51853
538656937.5,-49.5622
538657000.0,-49.52318
538657062.5,-49.51875
538657125.0,-49.49123
538657187.5,-49.52017
538657250.0,-49.49263
538657312.5,-49.49069
538657375.0,-49.51152
538657437.5,-49.50776
538657500.0,-49.53694
538657562.5,-49.55325
538657625.0,-49.50227
538657687.5,-49.50571
538657750.0,-49.46693
538657812.5,-49.51854
538657875.0,-49.48729
538657937.5,-49.49958
538658000.0,-49.5027
538658062.5,-49.50309
538658125.0,-49.4848
538658187.5,-49.44749
538658250.0,-49.51823
538658312.5,-49.4574
538658375.0,-49.47347
538658437.5,-49.46604
538658500.0,-49.45768
538658562.5,-49.49302
538658625.0,-49.48641
538658687.5,-49.4911
538658750.0,-49.47235
538658812.5,-49.45613
538658875.0,-49.51201
538658937.5,-49.51306
538659000.0,-49.43719
538659062.5,-49.45037
538659125.0,-49.46903
538659187.5,-49.44081
538659250.0,-49.48581
538659312.5,-49.45262
538659375.0,-49.44658
538659437.5,-49.43519
538659500.0,-49.46516
538659562.5,-49.46956
538659625.0,-49.42406
538659687.5,-49.46048
538659750.0,-49.418
538659812.5,-49.45229
538659875.0,-49.46037
538659937.5,-49.46428
538660000.0,-49.47011
538660062.5,-49.47289
538660125.0,-49.40099
538660187.5,-49.41055
538660250.0,-49.45395
538660312.5,-49.43081
538660375.0,-49.42098
538660437.5,-49.44817
538660500.0,-49.42294
538660562.5,-49.44595
538660625.0,-49.40354
538660687.5,-49.38597
538660750.0,-49.41135
538660812.5,-49.41375
538660875.0,-49.4189
538660937.5,-49.41058
538661000.0,-49.40649
538661062.5,-49.39534
538661125.0,-49.42123
538661187.5,-49.38532
538661250.0,-49.41492
538661312.5,-49.39163
538661375.0,-49.38389
538661437.5,-49.38523
538661500.0,-49.41311
538661562.5,-49.37453
538661625.0,-49.41837
538661687.5,-49.39684
538661750.0,-49.40474
538661812.5,-49.40114
538661875.0,-49.36985
538661937.5,-49.39846
538662000.0,-49.37338
538662062.5,-49.4034
538662125.0,-49.38281
538662187.5,-49.41083
538662250.0,-49.3736
538662312.5,-49.36555
538662375.0,-49.38567
538662437.5,-49.40244
538662500.0,-49.32847
538662562.5,-49.42519
538662625.0,-49.39502
538662687.5,-49.36145
538662750.0,-49.35535
538662812.5,-49.39675
538662875.0,-49.38951
538662937.5,-49.38618
538663000.0,-49.37202
538663062.5,-49.36107
538663125.0,-49.33941
538663187.5,-49.31852
538663250.0,-49.37066
538663312.5,-49.37236
538663375.0,-49.37009
538663437.5,-49.36699
538663500.0,-49.34363
538663562.5,-49.33397
538663625.0,-49.36957
538663687.5,-49.3079
538663750.0,-49.36565
538663812.5,-49.3466
538663875.0,-49.30088
538663937.5,-49.32729
538664000.0,-49.33754
538664062.5,-49.31569
538664125.0,-49.29714
538664187.5,-49.28825
538664250.0,-49.34741
538664312.5,-49.32318
538664375.0,-49.3126
538664437.5,-49.33071
538664500.0,-49.31852
538664562.5,-49.33987
538664625.0,-49.31958
538664687.5,-49.35787
538664750.0,-49.31326
538664812.5,-49.27678
538664875.0,-49.31623
538664937.5,-49.31718
538665000.0,-49.32128
538665062.5,-49.29793
538665125.0,-49.31971
538665187.5,-49.30604
538665250.0,-49.27879
538665312.5,-49.27213
538665375.0,-49.32531
538665437.5,-49.29504
538665500.0,-49.26411
538665562.5,-49.31336
538665625.0,-49.28234
538665687.5,-49.24262
538665750.0,-49.27032
538665812.5,-49.30352
538665875.0,-49.28509
538665937.5,-49.23771
538666000.0,-49.29116
538666062.5,-49.32743
538666125.0,-49.26104
538666187.5,-49.2553
538666250.0,-49.32457
538666312.5,-49.26382
538666375.0,-49.26052
538666437.5,-49.26796
538666500.0,-49.29184
538666562.5,-49.27375
538666625.0,-49.25802
538666687.5,-49.25106
538666750.0,-49.27533
538666812.5,-49.2755
538666875.0,-49.2555
538666937.5,-49.25409
538667000.0,-49.22612
538667062.5,-49.25607
538667125.0,-49.23761
538667187.5,-49.24789
538667250.0,-49.26492
538667312.5,-49.25998
538667375.0,-49.24622
538667437.5,-49.22835
538667500.0,-49.25554
538667562.5,-49.23381
538667625.0,-49.21942
538667687.5,-49.19238
538667750.0,-49.19588
538667812.5,-49.23169
538667875.0,-49.21685
538667937.5,-49.21851
538668000.0,-49.19432
538668062.5,-49.25124
538668125.0,-49.26359
538668187.5,-49.22239
538668250.0,-49.23177
538668312.5,-49.23473
538668375.0,-49.19931
538668437.5,-49.16019
538668500.0,-49.1727
538668562.5,-49.19848
538668625.0,-49.17212
538668687.5,-49.22493
538668750.0,-49.21662
538668812.5,-49.22335
538668875.0,-49.17111
538668937.5,-49.18291
538669000.0,-49.17811
538669062.5,-49.17793
538669125.0,-49.22405
538669187.5,-49.214
538669250.0,-49.19262
538669312.5,-49.18565
538669375.0,-49.18571
538669437.5,-49.19661
538669500.0,-49.18801
538669562.5,-49.15855
538669625.0,-49.16151
538669687.5,-49.19604
538669750.0,-49.17116
538669812.5,-49.16221
538669875.0,-49.16002
538669937.5,-49.18173
538670000.0,-49.17759
538670062.5,-49.18233
538670125.0,-49.15926
538670187.5,-49.13873
538670250.0,-49.17518
538670312.5,-49.14385
538670375.0,-49.16435
538670437.5,-49.17994
538670500.0,-49.14006
538670562.5,-49.13946
538670625.0,-49.13496
538670687.5,-49.13254
538670750.0,-49.1118
538670812.5,-49.13757
538670875.0,-49.12045
538670937.5,-49.12834
538671000.0,-49.11541
538671062.5,-49.1492
538671125.0,-49.09403
538671187.5,-49.13226
538671250.0,-49.13861
538671312.5,-49.1102
538671375.0,-49.13567
538671437.5,-49.12235
538671500.0,-49.17031
538671562.5,-49.08645
538671625.0,-49.09728
538671687.5,-49.13943
538671750.0,-49.08058
538671812.5,-49.11121
538671875.0,-49.10906
538671937.5,-49.09497
538672000.0,-49.10862
538672062.5,-49.10519
538672125.0,-49.12918
538672187.5,-49.10476
538672250.0,-49.0654
538672312.5,-49.09674
538672375.0,-49.09641
538672437.5,-49.06829
538672500.0,-49.09501
538672562.5,-49.09046
538672625.0,-49.11729
538672687.5,-49.06874
538672750.0,-49.10579
538672812.5,-49.08039
538672875.0,-49.046
538672937.5,-49.05266
538673000.0,-49.06979
538673062.5,-49.01847
538673125.0,-49.07838
538673187.5,-49.09612
538673250.0,-49.04377
538673312.5,-49.08205
538673375.0,-49.09203
538673437.5,-49.04664
538673500.0,-49.06557
538673562.5,-49.06508
538673625.0,-49.09197
538673687.5,-49.07061
538673750.0,-49.07735
538673812.5,-49.07098
538673875.0,-49.05288
538673937.5,-49.0918
538674000.0,-49.07306
538674062.5,-49.02724
538674125.0,-49.03532
538674187.5,-49.03416
538674250.0,-49.03711
538674312.5,-49.04414
538674375.0,-49.06134
538674437.5,-49.03758
538674500.0,-49.0402
538674562.5,-49.03872
538674625.0,-49.00776
538674687.5,-49.03628
538674750.0,-49.01886
538674812.5,-49.02397
538674875.0,-49.0051
538674937.5,-49.05078
538675000.0,-49.01191
538675062.5,-49.01366
538675125.0,-49.01939
538675187.5,-49.00307
538675250.0,-49.03161
538675312.5,-48.98598
538675375.0,-49.03049
538675437.5,-49.01584
538675500.0,-49.01415
538675562.5,-49.03403
538675625.0,-49.02186
538675687.5,-49.01392
538675750.0,-48.99082
538675812.5,-48.97352
538675875.0,-49.03326
538675937.5,-49.01582
538676000.0,-49.0072
538676062.5,-49.01706
538676125.0,-48.99009
538676187.5,-48.98448
538676250.0,-49.0171
538676312.5,-48.98871
538676375.0,-48.97029
538676437.5,-48.98067
538676500.0,-48.99953
538676562.5,-48.97041
538676625.0,-48.98336
538676687.5,-48.95546
538676750.0,-48.99697
538676812.5,-48.96715
538676875.0,-48.97116
538676937.5,-48.99638
538677000.0,-48.95309
538677062.5,-48.93558
538677125.0,-48.96987
538677187.5,-48.9686
538677250.0,-48.96376
538677312.5,-48.96385
538677375.0,-48.96056
538677437.5,-48.91192
538677500.0,-48.99419
538677562.5,-48.93288
538677625.0,-48.91602
538677687.5,-48.92157
538677750.0,-48.94508
538677812.5,-48.94886
538677875.0,-48.95292
538677937.5,-48.90977
538678000.0,-48.94221
538678062.5,-48.94186
538678125.0,-48.92363
538678187.5,-48.9288
538678250.0,-48.98729
538678312.5,-48.94039
538678375.0,-48.93166
538678437.5,-48.88087
538678500.0,-48.90239
538678562.5,-48.91478
538678625.0,-48.91648
538678687.5,-48.94844
538678750.0,-48.93502
538678812.5,-48.91302
538678875.0,-48.91964
538678937.5,-48.90301
538679000.0,-48.93298
538679062.5,-48.89249
538679125.0,-48.87715
538679187.5,-48.94189
538679250.0,-48.88211
538679312.5,-48.88984
538679375.0,-48.92412
538679437.5,-48.91182
538679500.0,-48.93506
538679562.5,-48.88094
538679625.0,-48.87078
538679687.5,-48.88519
538679750.0,-48.8889
538679812.5,-48.90964
538679875.0,-48.88429
538679937.5,-48.85441
538680000.0,-48.86952
538680062.5,-48.83942
538680125.0,-48.89218
538680187.5,-48.88958
538680250.0,-48.8833
538680312.5,-48.8851
538680375.0,-48.83328
538680437.5,-48.86465
538680500.0,-48.8601
538680562.5,-48.84572
538680625.0,-48.85649
538680687.5,-48.85907
538680750.0,-48.87978
538680812.5,-48.85323
538680875.0,-48.84388
538680937.5,-48.85421
538681000.0,-48.85564
538681062.5,-48.86951
538681125.0,-48.82878
538681187.5,-48.82036
538681250.0,-48.87988
538681312.5,-48.80772
538681375.0,-48.83147
538681437.5,-48.83739
538681500.0,-48.82943
538681562.5,-48.80854
538681625.0,-48.8193
538681687.5,-48.86583
538681750.0,-48.8475
538681812.5,-48.83347
538681875.0,-48.81358
538681937.5,-48.82183
538682000.0,-48.8265
538682062.5,-48.81388
538682125.0,-48.79677
538682187.5,-48.84402
538682250.0,-48.78578
538682312.5,-48.79412
538682375.0,-48.82466
538682437.5,-48.79208
538682500.0,-48.81823
538682562.5,-48.80544
538682625.0,-48.76338
538682687.5,-48.79039
538682750.0,-48.81627
538682812.5,-48.78327
538682875.0,-48.80985
538682937.5,-48.80144
538683000.0,-48.80769
538683062.5,-48.81826
538683125.0,-48.82953
538683187.5,-48.79358
538683250.0,-48.79385
538683312.5,-48.78722
538683375.0,-48.76986
538683437.5,-48.76188
538683500.0,-48.76761
538683562.5,-48.76927
538683625.0,-48.78141
538683687.5,-48.79267
538683750.0,-48.77471
538683812.5,-48.76216
538683875.0,-48.74557
538683937.5,-48.74893
538684000.0,-48.76059
538684062.5,-48.7388
538684125.0,-48.754
538684187.5,-48.7615
538684250.0,-48.77561
538684312.5,-48.74088
538684375.0,-48.75984
538684437.5,-48.78828
538684500.0,-48.73234
538684562.5,-48.76062
538684625.0,-48.76123
538684687.5,-48.74807
538684750.0,-48.72463
538684812.5,-48.71203
538684875.0,-48.73968
538684937.5,-48.7429
538685000.0,-48.71696
538685062.5,-48.70533
538685125.0,-48.71235
538685187.5,-48.73314
538685250.0,-48.72503
538685312.5,-48.70225
538685375.0,-48.75004
538685437.5,-48.69355
538685500.0,-48.74459
538685562.5,-48.70818
538685625.0,-48.708
538685687.5,-48.70546
538685750.0,-48.66978
538685812.5,-48.72547
538685875.0,-48.70067
538685937.5,-48.68708
538686000.0,-48.69143
538686062.5,-48.68496
538686125.0,-48.66608
538686187.5,-48.73447
538686250.0,-48.69574
538686312.5,-48.70779
538686375.0,-48.67559
538686437.5,-48.71667
538686500.0,-48.67748
538686562.5,-48.65882
538686625.0,-48.67737
538686687.5,-48.66856
538686750.0,-48.68444
538686812.5,-48.67542
538686875.0,-48.68181
538686937.5,-48.69057
538687000.0,-48.69516
538687062.5,-48.64125
538687125.0,-48.65431
538687187.5,-48.67189
538687250.0,-48.65842
538687312.5,-48.62976
538687375.0,-48.64142
538687437.5,-48.67032
538687500.0,-48.67417
538687562.5,-48.63929
538687625.0,-48.65141
538687687.5,-48.64112
538687750.0,-48.63659
538687812.5,-48.63042
538687875.0,-48.64153
538687937.5,-48.62821
538688000.0,-48.65215
538688062.5,-48.62342
538688125.0,-48.62392
538688187.5,-48.64426
538688250.0,-48.64122
538688312.5,-48.63652
538688375.0,-48.64434
538688437.5,-48.64663
538688500.0,-48.62974
538688562.5,-48.64702
538688625.0,-48.61834
538688687.5,-48.63724
538688750.0,-48.63583
538688812.5,-48.59495
538688875.0,-48.61562
538688937.5,-48.63428
538689000.0,-48.59795
538689062.5,-48.60953
538689125.0,-48.61922
538689187.5,-48.62697
538689250.0,-48.60003
538689312.5,-48.62029
538689375.0,-48.59336
538689437.5,-48.59942
538689500.0,-48.59514
538689562.5,-48.58482
538689625.0,-48.59282
538689687.5,-48.57878
538689750.0,-48.60132
538689812.5,-48.57779
538689875.0,-48.56498
538689937.5,-48.63111
538690000.0,-48.58116
538690062.5,-48.54963
538690125.0,-48.60117
538690187.5,-48.56518
538690250.0,-48.55338
538690312.5,-48.54193
538690375.0,-48.56236
538690437.5,-48.56696
538690500.0,-48.56606
538690562.5,-48.55432
538690625.0,-48.57756
538690687.5,-48.58159
538690750.0,-48.5808
538690812.5,-48.53425
538690875.0,-48.53128
538690937.5,-48.53836
538691000.0,-48.57068
538691062.5,-48.53314
538691125.0,-48.54138
538691187.5,-48.54971
538691250.0,-48.57367
538691312.5,-48.54701
538691375.0,-48.53274
538691437.5,-48.54747
538691500.0,-48.53638
538691562.5,-48.52612
538691625.0,-48.55407
538691687.5,-48.51977
538691750.0,-48.54113
538691812.5,-48.51761
538691875.0,-48.53085
538691937.5,-48.54443
538692000.0,-48.52905
538692062.5,-48.53817
538692125.0,-48.52511
538692187.5,-48.528
538692250.0,-48.50354
538692312.5,-48.5205
538692375.0,-48.51978
538692437.5,-48.5129
538692500.0,-48.48622
538692562.5,-48.52555
538692625.0,-48.49657
538692687.5,-48.52655
538692750.0,-48.49166
538692812.5,-48.47593
538692875.0,-48.52312
538692937.5,-48.50525
538693000.0,-48.47721
538693062.5,-48.49102
538693125.0,-48.50247
538693187.5,-48.4768
538693250.0,-48.51079
538693312.5,-48.46516
538693375.0,-48.4822
538693437.5,-48.50053
538693500.0,-48.50869
538693562.5,-48.461
538693625.0,-48.47662
538693687.5,-48.43247
538693750.0,-48.44239
538693812.5,-48.47495
538693875.0,-48.48191
538693937.5,-48.47107
538694000.0,-48.5019
538694062.5,-48.46922
538694125.0,-48.47696
538694187.5,-48.44492
538694250.0,-48.44496
538694312.5,-48.48507
538694375.0,-48.49287
538694437.5,-48.43436
538694500.0,-48.42503
538694562.5,-48.46277
538694625.0,-48.44822
538694687.5,-48.43738
538694750.0,-48.44043
538694812.5,-48.44163
538694875.0,-48.40369
538694937.5,-48.44102
538695000.0,-48.4275
538695062.5,-48.42225
538695125.0,-48.44405
538695187.5,-48.47602
538695250.0,-48.43442
538695312.5,-48.39981
538695375.0,-48.44266
538695437.5,-48.37875
538695500.0,-48.39744
538695562.5,-48.39001
538695625.0,-48.3939
538695687.5,-48.40538
538695750.0,-48.46436
538695812.5,-48.41663
538695875.0,-48.38811
538695937.5,-48.39491
538696000.0,-48.37501
538696062.5,-48.39571
538696125.0,-48.38562
538696187.5,-48.40243
538696250.0,-48.40525
538696312.5,-48.36227
538696375.0,-48.36159
538696437.5,-48.40788
538696500.0,-48.37059
538696562.5,-48.38829
538696625.0,-48.4099
538696687.5,-48.35981
538696750.0,-48.38527
538696812.5,-48.36794
538696875.0,-48.36762
538696937.5,-48.37788
538697000.0,-48.36291
538697062.5,-48.37272
538697125.0,-48.36612
538697187.5,-48.38288
538697250.0,-48.34394
538697312.5,-48.35735
538697375.0,-48.35691
538697437.5,-48.33796
538697500.0,-48.32915
538697562.5,-48.34631
538697625.0,-48.35071
538697687.5,-48.38058
538697750.0,-48.37075
538697812.5,-48.32998
538697875.0,-48.38502
538697937.5,-48.30913
538698000.0,-48.3685
538698062.5,-48.34435
538698125.0,-48.32873
538698187.5,-48.35948
538698250.0,-48.32696
538698312.5,-48.33577
538698375.0,-48.34288
538698437.5,-48.34131
538698500.0,-48.31464
538698562.5,-48.30106
538698625.0,-48.32652
538698687.5,-48.3072
538698750.0,-48.32275
538698812.5,-48.30549
538698875.0,-48.28913
538698937.5,-48.31688
538699000.0,-48.32014
538699062.5,-48.34547
538699125.0,-48.25727
538699187.5,-48.33295
538699250.0,-48.29142
538699312.5,-48.28542
538699375.0,-48.28334
538699437.5,-48.30432
538699500.0,-48.27825
538699562.5,-48.31037
538699625.0,-48.26561
538699687.5,-48.29384
538699750.0,-48.27733
538699812.5,-48.25225
538699875.0,-48.26482
538699937.5,-48.27887
538700000.0,-48.29494
538700062.5,-48.28238
538700125.0,-48.2785
538700187.5,-48.25129
538700250.0,-48.25716
538700312.5,-48.2717
538700375.0,-48.30206
538700437.5,-48.25755
538700500.0,-48.26674
538700562.5,-48.2608
538700625.0,-48.285
538700687.5,-48.24797
538700750.0,-48.25407
538700812.5,-48.2566
538700875.0,-48.24387
538700937.5,-48.22419
538701000.0,-48.27077
538701062.5,-48.24215
538701125.0,-48.25695
538701187.5,-48.27118
538701250.0,-48.24048
538701312.5,-48.22997
538701375.0,-48.22594
538701437.5,-48.23656
538701500.0,-48.2508
538701562.5,-48.23826
538701625.0,-48.2527
538701687.5,-48.20866
538701750.0,-48.23945
538701812.5,-48.22269
538701875.0,-48.25108
538701937.5,-48.22128
538702000.0,-48.2112
538702062.5,-48.23717
538702125.0,-48.21233
538702187.5,-48.22021
538702250.0,-48.20517
538702312.5,-48.19887
538702375.0,-48.21092
538702437.5,-48.17769
538702500.0,-48.22108
538702562.5,-48.20019
538702625.0,-48.18478
538702687.5,-48.17975
538702750.0,-48.17895
538702812.5,-48.19149
538702875.0,-48.14347
538702937.5,-48.19722
538703000.0,-48.16935
538703062.5,-48.18124
538703125.0,-48.18921
538703187.5,-48.18858
538703250.0,-48.16971
538703312.5,-48.17374
538703375.0,-48.19098
538703437.5,-48.16932
538703500.0,-48.15847
538703562.5,-48.12804
538703625.0,-48.14619
538703687.5,-48.17216
538703750.0,-48.16186
538703812.5,-48.16776
538703875.0,-48.18656
538703937.5,-48.16455
538704000.0,-48.1591
538704062.5,-48.17126
538704125.0,-48.17983
538704187.5,-48.13505
538704250.0,-48.11658
538704312.5,-48.1344
538704375.0,-48.12122
538704437.5,-48.11945
538704500.0,-48.14049
538704562.5,-48.13404
538704625.0,-48.12624
538704687.5,-48.14027
538704750.0,-48.10818
538704812.5,-48.11726
538704875.0,-48.12971
538704937.5,-48.12651
538705000.0,-48.14363
538705062.5,-48.12413
538705125.0,-48.13925
538705187.5,-48.14082
538705250.0,-48.11386
538705312.5,-48.10406
538705375.0,-48.08737
538705437.5,-48.12127
538705500.0,-48.12772
538705562.5,-48.10903
538705625.0,-48.10991
538705687.5,-48.08157
538705750.0,-48.0971
538705812.5,-48.0656
538705875.0,-48.08938
538705937.5,-48.10444
538706000.0,-48.09483
538706062.5,-48.08428
538706125.0,-48.09124
538706187.5,-48.04826
538706250.0,-48.09045
538706312.5,-48.07592
538706375.0,-48.09976
538706437.5,-48.096
538706500.0,-48.10555
538706562.5,-48.09676
538706625.0,-48.09093
538706687.5,-48.06429
538706750.0,-48.07409
538706812.5,-48.06403
538706875.0,-48.01261
538706937.5,-48.09292
538707000.0,-48.04187
538707062.5,-48.05894
538707125.0,-48.04578
538707187.5,-48.03585
538707250.0,-48.04243
538707312.5,-48.07507
538707375.0,-48.04753
538707437.5,-48.0587
538707500.0,-48.06042
538707562.5,-48.03756
538707625.0,-48.02788
538707687.5,-48.03427
538707750.0,-48.03526
538707812.5,-48.0632
538707875.0,-48.0353
538707937.5,-48.01554
538708000.0,-48.04695
538708062.5,-48.03247
538708125.0,-48.01012
538708187.5,-48.03714
538708250.0,-47.99419
538708312.5,-47.97242
538708375.0,-48.01752
538708437.5,-48.03628
538708500.0,-47.96545
538708562.5,-48.01303
538708625.0,-47.99946
538708687.5,-47.99978
538708750.0,-48.00509
538708812.5,-47.99626
538708875.0,-47.98125
538708937.5,-47.99263
538709000.0,-48.0036
538709062.5,-47.99864
538709125.0,-47.9854
538709187.5,-47.96884
538709250.0,-47.98759
538709312.5,-47.98351
538709375.0,-47.99059
538709437.5,-47.95944
538709500.0,-47.98995
538709562.5,-47.95901
538709625.0,-47.9538
538709687.5,-47.97394
538709750.0,-47.95792
538709812.5,-47.9597
538709875.0,-47.98855
538709937.5,-47.95179
538710000.0,-47.92095
538710062.5,-47.97737
538710125.0,-47.95324
538710187.5,-47.91228
538710250.0,-47.98652
538710312.5,-47.94056
538710375.0,-47.95599
538710437.5,-47.91711
538710500.0,-47.91837
538710562.5,-47.94097
538710625.0,-47.94579
538710687.5,-47.93794
538710750.0,-47.92658
538710812.5,-47.90342
538710875.0,-47.95071
538710937.5,-47.93116
538711000.0,-47.88531
538711062.5,-47.936
538711125.0,-47.92323
538711187.5,-47.91238
538711250.0,-47.90157
538711312.5,-47.89278
538711375.0,-47.93945
538711437.5,-47.89395
538711500.0,-47.89856
538711562.5,-47.90312
538711625.0,-47.94047
538711687.5,-47.90451
538711750.0,-47.90435
538711812.5,-47.89714
538711875.0,-47.89429
538711937.5,-47.91112
538712000.0,-47.87821
538712062.5,-47.86959
538712125.0,-47.86319
538712187.5,-47.88758
538712250.0,-47.87435
538712312.5,-47.8921
538712375.0,-47.84672
538712437.5,-47.87051
538712500.0,-47.87434
538712562.5,-47.88465
538712625.0,-47.87542
538712687.5,-47.866
538712750.0,-47.876
538712812.5,-47.83175
538712875.0,-47.87021
538712937.5,-47.8386
538713000.0,-47.85887
538713062.5,-47.85548
538713125.0,-47.86368
538713187.5,-47.83909
538713250.0,-47.87156
538713312.5,-47.86448
538713375.0,-47.87241
538713437.5,-47.85645
538713500.0,-47.84934
538713562.5,-47.83361
538713625.0,-47.83124
538713687.5,-47.82722
538713750.0,-47.83103
538713812.5,-47.82727
538713875.0,-47.83309
538713937.5,-47.83323
538714000.0,-47.84991
538714062.5,-47.84021
538714125.0,-47.82804
538714187.5,-47.83258
538714250.0,-47.79417
538714312.5,-47.82205
538714375.0,-47.81107
538714437.5,-47.80142
538714500.0,-47.82052
538714562.5,-47.82902
538714625.0,-47.8207
538714687.5,-47.79075
538714750.0,-47.82751
538714812.5,-47.8143
538714875.0,-47.80627
538714937.5,-47.81189
538715000.0,-47.79404
538715062.5,-47.81101
538715125.0,-47.81147
538715187.5,-47.79848
538715250.0,-47.80404
538715312.5,-47.78853
538715375.0,-47.78688
538715437.5,-47.7932
538715500.0,-47.77486
538715562.5,-47.77121
538715625.0,-47.77967
538715687.5,-47.7885
538715750.0,-47.77402
538715812.5,-47.77263
538715875.0,-47.73684
538715937.5,-47.74267
538716000.0,-47.75976
538716062.5,-47.76916
538716125.0,-47.73124
538716187.5,-47.74733
538716250.0,-47.77642
538716312.5,-47.78776
538716375.0,-47.73679
538716437.5,-47.73251
538716500.0,-47.74821
538716562.5,-47.74707
538716625.0,-47.75051
538716687.5,-47.75167
538716750.0,-47.75663
538716812.5,-47.73728
538716875.0,-47.71659
538716937.5,-47.7093
538717000.0,-47.71442
538717062.5,-47.77842
538717125.0,-47.7461
538717187.5,-47.74664
538717250.0,-47.70461
538717312.5,-47.7329
538717375.0,-47.72728
538717437.5,-47.71858
538717500.0,-47.73078
538717562.5,-47.72062
538717625.0,-47.71985
538717687.5,-47.68681
538717750.0,-47.68546
538717812.5,-47.71791
538717875.0,-47.70359
538717937.5,-47.71285
538718000.0,-47.69635
538718062.5,-47.71061
538718125.0,-47.67677
538718187.5,-47.68091
538718250.0,-47.67083
538718312.5,-47.68468
538718375.0,-47.67421
538718437.5,-47.67008
538718500.0,-47.67082
538718562.5,-47.68862
538718625.0,-47.67791
538718687.5,-47.68931
538718750.0,-47.6458
538718812.5,-47.66719
538718875.0,-47.687
538718937.5,-47.67268
538719000.0,-47.65372
538719062.5,-47.65387
538719125.0,-47.65475
538719187.5,-47.67705
538719250.0,-47.66769
538719312.5,-47.62381
538719375.0,-47.65096
538719437.5,-47.6399
538719500.0,-47.65615
538719562.5,-47.63374
538719625.0,-47.61448
538719687.5,-47.62761
538719750.0,-47.63848
538719812.5,-47.6511
538719875.0,-47.6512
538719937.5,-47.62658
538720000.0,-47.62547
538720062.5,-47.59576
538720125.0,-47.64741
538720187.5,-47.61909
538720250.0,-47.61327
538720312.5,-47.61809
538720375.0,-47.625
538720437.5,-47.61762
538720500.0,-47.59946
538720562.5,-47.61074
538720625.0,-47.62672
538720687.5,-47.62466
538720750.0,-47.59554
538720812.5,-47.63995
538720875.0,-47.57708
538720937.5,-47.63088
538721000.0,-47.59346
538721062.5,-47.606
538721125.0,-47.57721
538721187.5,-47.61697
538721250.0,-47.58132
538721312.5,-47.61332
538721375.0,-47.6021
538721437.5,-47.57351
538721500.0,-47.60695
538721562.5,-47.57904
538721625.0,-47.59519
538721687.5,-47.57529
538721750.0,-47.58854
538721812.5,-47.5431
538721875.0,-47.55959
538721937.5,-47.55326
538722000.0,-47.55984
538722062.5,-47.56382
538722125.0,-47.55576
538722187.5,-47.53867
538722250.0,-47.55032
538722312.5,-47.55493
538722375.0,-47.52968
538722437.5,-47.5377
538722500.0,-47.57417
538722562.5,-47.53865
538722625.0,-47.51609
538722687.5,-47.5374
538722750.0,-47.53862
538722812.5,-47.54218
538722875.0,-47.5691
538722937.5,-47.51925
538723000.0,-47.53248
538723062.5,-47.54776
538723125.0,-47.52088
538723187.5,-47.5117
538723250.0,-47.52886
538723312.5,-47.52557
538723375.0,-47.49171
538723437.5,-47.51445
538723500.0,-47.50362
538723562.5,-47.51975
538723625.0,-47.4868
538723687.5,-47.5301
538723750.0,-47.50447
538723812.5,-47.52425
538723875.0,-47.4798
538723937.5,-47.50001
538724000.0,-47.51082
538724062.5,-47.50653
538724125.0,-47.48732
538724187.5,-47.44185
538724250.0,-47.47517
538724312.5,-47.48714
538724375.0,-47.46227
538724437.5,-47.47662
538724500.0,-47.46652
538724562.5,-47.47561
538724625.0,-47.45147
538724687.5,-47.46157
538724750.0,-47.46188
538724812.5,-47.49443
538724875.0,-47.45219
538724937.5,-47.4635
538725000.0,-47.45382
538725062.5,-47.45457
538725125.0,-47.47879
538725187.5,-47.46149
538725250.0,-47.45771
538725312.5,-47.45014
538725375.0,-47.4723
538725437.5,-47.4205
538725500.0,-47.43216
538725562.5,-47.46061
538725625.0,-47.44364
538725687.5,-47.44251
538725750.0,-47.44815
538725812.5,-47.45456
538725875.0,-47.43814
538725937.5,-47.39808
538726000.0,-47.44848
538726062.5,-47.43282
538726125.0,-47.43274
538726187.5,-47.44688
538726250.0,-47.43814
538726312.5,-47.43746
538726375.0,-47.437
538726437.5,-47.41007
538726500.0,-47.40029
538726562.5,-47.40375
538726625.0,-47.38702
538726687.5,-47.39477
538726750.0,-47.44486
538726812.5,-47.41507
538726875.0,-47.38775
538726937.5,-47.39789
538727000.0,-47.38793
538727062.5,-47.36929
538727125.0,-47.40435
538727187.5,-47.40142
538727250.0,-47.37341
538727312.5,-47.37531
538727375.0,-47.34694
538727437.5,-47.36882
538727500.0,-47.37326
538727562.5,-47.38418
538727625.0,-47.34783
538727687.5,-47.36409
538727750.0,-47.35745
538727812.5,-47.34889
538727875.0,-47.34712
538727937.5,-47.33379
538728000.0,-47.375
538728062.5,-47.35196
538728125.0,-47.34164
538728187.5,-47.36049
538728250.0,-47.35528
538728312.5,-47.38029
538728375.0,-47.34333
538728437.5,-47.33154
538728500.0,-47.37864
538728562.5,-47.34855
538728625.0,-47.32298
538728687.5,-47.33239
538728750.0,-47.33982
538728812.5,-47.33408
538728875.0,-47.30154
538728937.5,-47.35348
538729000.0,-47.3101
538729062.5,-47.34241
538729125.0,-47.31623
538729187.5,-47.31186
538729250.0,-47.32772
538729312.5,-47.30591
538729375.0,-47.30291
538729437.5,-47.31919
538729500.0,-47.31628
538729562.5,-47.32344
538729625.0,-47.30843
538729687.5,-47.268
538729750.0,-47.27547
538729812.5,-47.27278
538729875.0,-47.30364
538729937.5,-47.30764
538730000.0,-47.28864
538730062.5,-47.27043
538730125.0,-47.30267
538730187.5,-47.31204
538730250.0,-47.27718
538730312.5,-47.27874
538730375.0,-47.32586
538730437.5,-47.27083
538730500.0,-47.25996
538730562.5,-47.26402
538730625.0,-47.27088
538730687.5,-47.24645
538730750.0,-47.25662
538730812.5,-47.2698
538730875.0,-47.25486
538730937.5,-47.23263
538731000.0,-47.27122
538731062.5,-47.24892
538731125.0,-47.25648
538731187.5,-47.25673
538731250.0,-47.25702
538731312.5,-47.23276
538731375.0,-47.23116
538731437.5,-47.24306
538731500.0,-47.22888
538731562.5,-47.22878
538731625.0,-47.21098
538731687.5,-47.24303
538731750.0,-47.23438
538731812.5,-47.24278
538731875.0,-47.25717
538731937.5,-47.24028
538732000.0,-47.2302
538732062.5,-47.23364
538732125.0,-47.20962
538732187.5,-47.24458
538732250.0,-47.21172
538732312.5,-47.19531
538732375.0,-47.2034
538732437.5,-47.20219
538732500.0,-47.19734
538732562.5,-47.21462
538732625.0,-47.16479
538732687.5,-47.1973
538732750.0,-47.18273
538732812.5,-47.16531
538732875.0,-47.17986
538732937.5,-47.19849
538733000.0,-47.18925
538733062.5,-47.14007
538733125.0,-47.18898
538733187.5,-47.17713
538733250.0,-47.17078
538733312.5,-47.15036
538733375.0,-47.1774
538733437.5,-47.16003
538733500.0,-47.19384
538733562.5,-47.16207
538733625.0,-47.15325
538733687.5,-47.18453
538733750.0,-47.16594
538733812.5,-47.1525
538733875.0,-47.15375
538733937.5,-47.16027
538734000.0,-47.12931
538734062.5,-47.14884
538734125.0,-47.15073
538734187.5,-47.14015
538734250.0,-47.15412
538734312.5,-47.14797
538734375.0,-47.11794
538734437.5,-47.12435
538734500.0,-47.11843
538734562.5,-47.13265
538734625.0,-47.14429
538734687.5,-47.10619
538734750.0,-47.10918
538734812.5,-47.10751
538734875.0,-47.14908
538734937.5,-47.08179
538735000.0,-47.1136
538735062.5,-47.14393
538735125.0,-47.12691
538735187.5,-47.0959
538735250.0,-47.11167
538735312.5,-47.10358
538735375.0,-47.10656
538735437.5,-47.09087
538735500.0,-47.08879
538735562.5,-47.0894
538735625.0,-47.07919
538735687.5,-47.10905
538735750.0,-47.07333
538735812.5,-47.07846
538735875.0,-47.05774
538735937.5,-47.07325
538736000.0,-47.0906
538736062.5,-47.04026
538736125.0,-47.06705
538736187.5,-47.05252
538736250.0,-47.05686
538736312.5,-47.08628
538736375.0,-47.05842
538736437.5,-47.06787
538736500.0,-47.0495
538736562.5,-47.06636
538736625.0,-47.02739
538736687.5,-47.08509
538736750.0,-47.02905
538736812.5,-47.07947
538736875.0,-47.05236
538736937.5,-47.03073
538737000.0,-47.04606
538737062.5,-47.03719
538737125.0,-47.03796
538737187.5,-47.07062
538737250.0,-47.03057
538737312.5,-47.04752
538737375.0,-47.03704
538737437.5,-47.07001
538737500.0,-47.02188
538737562.5,-47.02938
538737625.0,-47.01861
538737687.5,-47.01462
538737750.0,-47.03046
538737812.5,-47.00927
538737875.0,-47.01303
538737937.5,-47.00692
538738000.0,-46.99506
538738062.5,-47.01979
538738125.0,-47.01644
538738187.5,-46.99781
538738250.0,-47.00887
538738312.5,-46.95807
538738375.0,-47.01796
538738437.5,-47.01751
538738500.0,-46.99648
538738562.5,-46.96349
538738625.0,-46.98507
538738687.5,-46.98701
538738750.0,-46.98283
538738812.5,-46.96507
538738875.0,-47.00019
538738937.5,-46.96932
538739000.0,-46.9489
538739062.5,-46.95501
538739125.0,-46.95582
538739187.5,-46.97138
538739250.0,-46.95089
538739312.5,-46.97079
538739375.0,-46.94974
538739437.5,-46.94379
538739500.0,-46.94648
538739562.5,-46.93627
538739625.0,-46.96408
538739687.5,-46.95198
538739750.0,-46.93855
538739812.5,-46.95212
538739875.0,-46.93311
538739937.5,-46.94754
538740000.0,-46.92519
538740062.5,-46.94017
538740125.0,-46.94747
538740187.5,-46.92307
538740250.0,-46.92828
538740312.5,-46.94094
538740375.0,-46.91477
538740437.5,-46.91827
538740500.0,-46.91292
538740562.5,-46.90128
538740625.0,-46.93226
538740687.5,-46.87533
538740750.0,-46.92153
538740812.5,-46.88974
538740875.0,-46.90594
538740937.5,-46.87619
538741000.0,-46.91502
538741062.5,-46.89257
538741125.0,-46.89648
538741187.5,-46.89294
538741250.0,-46.90047
538741312.5,-46.88981
538741375.0,-46.8638
538741437.5,-46.90547
538741500.0,-46.88644
538741562.5,-46.88919
538741625.0,-46.90561
538741687.5,-46.87333
538741750.0,-46.89611
538741812.5,-46.84739
538741875.0,-46.88701
538741937.5,-46.84029
538742000.0,-46.85901
538742062.5,-46.85597
538742125.0,-46.84172
538742187.5,-46.8704
538742250.0,-46.84818
538742312.5,-46.85118
538742375.0,-46.8485
538742437.5,-46.85475
538742500.0,-46.84705
538742562.5,-46.81633
538742625.0,-46.82454
538742687.5,-46.83984
538742750.0,-46.83513
538742812.5,-46.8615
538742875.0,-46.83343
538742937.5,-46.80991
538743000.0,-46.8231
538743062.5,-46.85378
538743125.0,-46.8355
538743187.5,-46.83207
538743250.0,-46.81774
538743312.5,-46.82243
538743375.0,-46.80145
538743437.5,-46.82131
538743500.0,-46.79915
538743562.5,-46.80958
538743625.0,-46.8021
538743687.5,-46.79773
538743750.0,-46.80313
538743812.5,-46.79422
538743875.0,-46.79902
538743937.5,-46.81461
538744000.0,-46.8134
538744062.5,-46.80298
538744125.0,-46.7576
538744187.5,-46.7718
538744250.0,-46.81038
538744312.5,-46.76493
538744375.0,-46.78239
538744437.5,-46.78837
538744500.0,-46.7787
538744562.5,-46.75927
538744625.0,-46.75161
538744687.5,-46.76776
538744750.0,-46.74368
538744812.5,-46.76535
538744875.0,-46.74051
538744937.5,-46.74883
538745000.0,-46.76267
538745062.5,-46.77401
538745125.0,-46.77718
538745187.5,-46.74128
538745250.0,-46.74192
538745312.5,-46.74342
538745375.0,-46.72882
538745437.5,-46.73749
538745500.0,-46.73361
538745562.5,-46.75537
538745625.0,-46.7408
538745687.5,-46.73823
538745750.0,-46.73065
538745812.5,-46.72247
538745875.0,-46.70742
538745937.5,-46.72864
538746000.0,-46.72201
538746062.5,-46.71181
538746125.0,-46.68624
538746187.5,-46.69771
538746250.0,-46.74122
538746312.5,-46.69864
538746375.0,-46.71285
538746437.5,-46.70453
538746500.0,-46.6875
538746562.5,-46.66688
538746625.0,-46.71713
538746687.5,-46.67549
538746750.0,-46.67379
538746812.5,-46.67113
538746875.0,-46.65026
538746937.5,-46.67101
538747000.0,-46.66214
538747062.5,-46.68269
538747125.0,-46.69773
538747187.5,-46.65956
538747250.0,-46.67714
538747312.5,-46.65355
538747375.0,-46.66302
538747437.5,-46.65798
538747500.0,-46.67743
538747562.5,-46.66103
538747625.0,-46.68594
538747687.5,-46.6391
538747750.0,-46.66691
538747812.5,-46.64629
538747875.0,-46.65411
538747937.5,-46.65327
538748000.0,-46.66378
538748062.5,-46.66592
538748125.0,-46.6433
538748187.5,-46.64552
538748250.0,-46.62447
538748312.5,-46.65289
538748375.0,-46.63334
538748437.5,-46.61935
538748500.0,-46.61716
538748562.5,-46.62734
538748625.0,-46.60134
538748687.5,-46.61292
538748750.0,-46.61141
538748812.5,-46.61393
538748875.0,-46.58836
538748937.5,-46.60666
538749000.0,-46.58688
538749062.5,-46.60336
538749125.0,-46.60726
538749187.5,-46.61217
538749250.0,-46.59262
538749312.5,-46.58233
538749375.0,-46.59544
538749437.5,-46.5861
538749500.0,-46.58036
538749562.5,-46.59051
538749625.0,-46.57848
538749687.5,-46.57191
538749750.0,-46.56303
538749812.5,-46.56041
538749875.0,-46.56326
538749937.5,-46.60195
538750000.0,-46.56208
538750062.5,-46.58505
538750125.0,-46.57836
538750187.5,-46.55796
538750250.0,-46.57645
538750312.5,-46.54319
538750375.0,-46.53537
538750437.5,-46.56965
538750500.0,-46.56827
538750562.5,-46.56059
538750625.0,-46.54442
538750687.5,-46.52234
538750750.0,-46.53889
538750812.5,-46.55126
538750875.0,-46.51888
538750937.5,-46.53139
538751000.0,-46.5523
538751062.5,-46.54124
538751125.0,-46.52799
538751187.5,-46.52063
538751250.0,-46.49756
538751312.5,-46.5228
538751375.0,-46.49748
538751437.5,-46.50937
538751500.0,-46.51199
538751562.5,-46.50305
538751625.0,-46.49018
538751687.5,-46.49501
538751750.0,-46.50211
538751812.5,-46.48021
538751875.0,-46.49426
538751937.5,-46.48964
538752000.0,-46.51332
538752062.5,-46.48735
538752125.0,-46.46969
538752187.5,-46.49257
538752250.0,-46.4865
538752312.5,-46.46529
538752375.0,-46.47959
538752437.5,-46.48644
538752500.0,-46.46135
538752562.5,-46.47527
538752625.0,-46.47655
538752687.5,-46.47215
538752750.0,-46.45843
538752812.5,-46.47845
538752875.0,-46.4556
538752937.5,-46.44561
538753000.0,-46.46088
538753062.5,-46.44559
538753125.0,-46.41674
538753187.5,-46.43155
538753250.0,-46.43155
538753312.5,-46.44253
538753375.0,-46.43752
538753437.5,-46.4303
538753500.0,-46.42658
538753562.5,-46.43147
538753625.0,-46.44651
538753687.5,-46.41389
538753750.0,-46.40611
538753812.5,-46.43381
538753875.0,-46.40499
538753937.5,-46.41756
538754000.0,-46.41474
538754062.5,-46.41188
538754125.0,-46.41989
538754187.5,-46.40663
538754250.0,-46.38583
538754312.5,-46.3949
538754375.0,-46.41129
538754437.5,-46.38862
538754500.0,-46.39718
538754562.5,-46.37208
538754625.0,-46.3806
538754687.5,-46.3822
538754750.0,-46.3871
538754812.5,-46.38697
538754875.0,-46.37735
538754937.5,-46.37104
538755000.0,-46.40187
538755062.5,-46.39631
538755125.0,-46.36123
538755187.5,-46.38832
538755250.0,-46.37905
538755312.5,-46.33737
538755375.0,-46.35283
538755437.5,-46.35703
538755500.0,-46.39587
538755562.5,-46.32746
538755625.0,-46.34426
538755687.5,-46.35908
538755750.0,-46.35943
538755812.5,-46.33424
538755875.0,-46.3289
538755937.5,-46.3367
538756000.0,-46.36997
538756062.5,-46.31142
538756125.0,-46.30307
538756187.5,-46.31556
538756250.0,-46.34616
538756312.5,-46.33535
538756375.0,-46.2916
538756437.5,-46.30999
538756500.0,-46.32929
538756562.5,-46.31421
538756625.0,-46.30664
538756687.5,-46.31762
538756750.0,-46.31303
538756812.5,-46.31396
538756875.0,-46.2882
538756937.5,-46.31805
538757000.0,-46.2957
538757062.5,-46.26195
538757125.0,-46.28183
538757187.5,-46.30565
538757250.0,-46.28334
538757312.5,-46.29802
538757375.0,-46.27178
538757437.5,-46.28207
538757500.0,-46.25676
538757562.5,-46.28128
538757625.0,-46.28859
538757687.5,-46.29276
538757750.0,-46.25974
538757812.5,-46.24093
538757875.0,-46.23698
538757937.5,-46.26059
538758000.0,-46.25199
538758062.5,-46.24077
538758125.0,-46.2563
538758187.5,-46.2655
538758250.0,-46.24354
538758312.5,-46.21028
538758375.0,-46.25259
538758437.5,-46.2426
538758500.0,-46.25585
538758562.5,-46.2319
538758625.0,-46.27238
538758687.5,-46.21067
538758750.0,-46.23234
538758812.5,-46.2464
538758875.0,-46.22336
538758937.5,-46.20815
538759000.0,-46.23985
538759062.5,-46.22751
538759125.0,-46.22498
538759187.5,-46.19399
538759250.0,-46.18486
538759312.5,-46.20884
538759375.0,-46.20089
538759437.5,-46.19672
538759500.0,-46.19493
538759562.5,-46.17571
538759625.0,-46.20567
538759687.5,-46.18331
538759750.0,-46.20671
538759812.5,-46.20553
538759875.0,-46.18403
538759937.5,-46.17695
538760000.0,-46.17757
538760062.5,-46.17121
538760125.0,-46.16654
538760187.5,-46.16918
538760250.0,-46.15536
538760312.5,-46.18744
538760375.0,-46.15066
538760437.5,-46.13696
538760500.0,-46.1702
538760562.5,-46.14642
538760625.0,-46.14007
538760687.5,-46.15625
538760750.0,-46.14088
538760812.5,-46.15191
538760875.0,-46.11584
538760937.5,-46.12416
538761000.0,-46.1349
538761062.5,-46.127
538761125.0,-46.14669
538761187.5,-46.13956
538761250.0,-46.13085
538761312.5,-46.12623
538761375.0,-46.13922
538761437.5,-46.13262
538761500.0,-46.10472
538761562.5,-46.11185
538761625.0,-46.11398
538761687.5,-46.12243
538761750.0,-46.08835
538761812.5,-46.08964
538761875.0,-46.12326
538761937.5,-46.10322
538762000.0,-46.10484
538762062.5,-46.09731
538762125.0,-46.09199
538762187.5,-46.09452
538762250.0,-46.09041
538762312.5,-46.0796
538762375.0,-46.08558
538762437.5,-46.08041
538762500.0,-46.07573
538762562.5,-46.07838
538762625.0,-46.07192
538762687.5,-46.06513
538762750.0,-46.07855
538762812.5,-46.07119
538762875.0,-46.05253
538762937.5,-46.0774
538763000.0,-46.0687
538763062.5,-46.04215
538763125.0,-46.04554
538763187.5,-46.04974
538763250.0,-46.07604
538763312.5,-46.05094
538763375.0,-46.03502
538763437.5,-46.04912
538763500.0,-46.05945
538763562.5,-46.04188
538763625.0,-46.04256
538763687.5,-46.01754
538763750.0,-46.05211
538763812.5,-46.0249
538763875.0,-46.01983
538763937.5,-46.00263
538764000.0,-46.03532
538764062.5,-46.03003
538764125.0,-46.0084
538764187.5,-45.99294
538764250.0,-46.02062
538764312.5,-46.02851
538764375.0,-45.99271
538764437.5,-46.01756
538764500.0,-45.99718
538764562.5,-46.0153
538764625.0,-45.98231
538764687.5,-46.00096
538764750.0,-46.00082
538764812.5,-45.98864
538764875.0,-45.97289
538764937.5,-45.98652
538765000.0,-46.01076
538765062.5,-45.98816
538765125.0,-45.97823
538765187.5,-45.99191
538765250.0,-45.95798
538765312.5,-45.97357
538765375.0,-45.97857
538765437.5,-45.95639
538765500.0,-45.96575
538765562.5,-45.97252
538765625.0,-45.94131
538765687.5,-45.96352
538765750.0,-45.94968
538765812.5,-45.94363
538765875.0,-45.9345
538765937.5,-45.97146
538766000.0,-45.94666
538766062.5,-45.90804
538766125.0,-45.96552
538766187.5,-45.93089
538766250.0,-45.95093
538766312.5,-45.9171
538766375.0,-45.90991
538766437.5,-45.92249
538766500.0,-45.93814
538766562.5,-45.9264
538766625.0,-45.89883
538766687.5,-45.91016
538766750.0,-45.91555
538766812.5,-45.92135
538766875.0,-45.91109
538766937.5,-45.91125
538767000.0,-45.89488
538767062.5,-45.9037
538767125.0,-45.88606
538767187.5,-45.90621
538767250.0,-45.8823
538767312.5,-45.88524
538767375.0,-45.85625
538767437.5,-45.8987
538767500.0,-45.88671
538767562.5,-45.8876
538767625.0,-45.87769
538767687.5,-45.87408
538767750.0,-45.87791
538767812.5,-45.87239
538767875.0,-45.84549
538767937.5,-45.87447
538768000.0,-45.84703
538768062.5,-45.84921
538768125.0,-45.87069
538768187.5,-45.82064
538768250.0,-45.86376
538768312.5,-45.85527
538768375.0,-45.83479
538768437.5,-45.83963
538768500.0,-45.85178
538768562.5,-45.83697
538768625.0,-45.84368
538768687.5,-45.80743
538768750.0,-45.83773
538768812.5,-45.81584
538768875.0,-45.81447
538768937.5,-45.82306
538769000.0,-45.798
538769062.5,-45.80623
538769125.0,-45.81175
538769187.5,-45.80579
538769250.0,-45.81876
538769312.5,-45.79748
538769375.0,-45.8402
538769437.5,-45.80057
538769500.0,-45.78601
538769562.5,-45.80253
538769625.0,-45.82125
538769687.5,-45.77446
538769750.0,-45.78792
538769812.5,-45.78782
538769875.0,-45.78331
538769937.5,-45.76688
538770000.0,-45.77138
538770062.5,-45.76782
538770125.0,-45.75179
538770187.5,-45.76756
538770250.0,-45.76702
538770312.5,-45.76639
538770375.0,-45.74911
538770437.5,-45.75894
538770500.0,-45.73791
538770562.5,-45.73529
538770625.0,-45.755
538770687.5,-45.75785
538770750.0,-45.76434
538770812.5,-45.74792
538770875.0,-45.73164
538770937.5,-45.72934
538771000.0,-45.72107
538771062.5,-45.715
538771125.0,-45.73601
538771187.5,-45.72412
538771250.0,-45.70494
538771312.5,-45.73629
538771375.0,-45.70447
538771437.5,-45.72692
538771500.0,-45.70103
538771562.5,-45.71444
538771625.0,-45.72422
538771687.5,-45.68374
538771750.0,-45.70871
538771812.5,-45.70058
538771875.0,-45.68124
538771937.5,-45.69446
538772000.0,-45.6972
538772062.5,-45.68301
538772125.0,-45.66802
538772187.5,-45.68491
538772250.0,-45.66703
538772312.5,-45.67505
538772375.0,-45.68453
538772437.5,-45.65979
538772500.0,-45.65958
538772562.5,-45.66038
538772625.0,-45.66933
538772687.5,-45.63677
538772750.0,-45.64253
538772812.5,-45.65412
538772875.0,-45.663
538772937.5,-45.63589
538773000.0,-45.62881
538773062.5,-45.64941
538773125.0,-45.63637
538773187.5,-45.63412
538773250.0,-45.64593
538773312.5,-45.62056
538773375.0,-45.64782
538773437.5,-45.61377
538773500.0,-45.63369
538773562.5,-45.62185
538773625.0,-45.64233
538773687.5,-45.61443
538773750.0,-45.61662
538773812.5,-45.60573
538773875.0,-45.61592
538773937.5,-45.61329
538774000.0,-45.60408
538774062.5,-45.59531
538774125.0,-45.60939
538774187.5,-45.58623
538774250.0,-45.59658
538774312.5,-45.6025
538774375.0,-45.57956
538774437.5,-45.58524
538774500.0,-45.57387
538774562.5,-45.59346
538774625.0,-45.57975
538774687.5,-45.58834
538774750.0,-45.59743
538774812.5,-45.54848
538774875.0,-45.56925
538774937.5,-45.57819
538775000.0,-45.55688
538775062.5,-45.55947
538775125.0,-45.56682
538775187.5,-45.5455
538775250.0,-45.52832
538775312.5,-45.55071
538775375.0,-45.51044
538775437.5,-45.56154
538775500.0,-45.5289
538775562.5,-45.52518
538775625.0,-45.52402
538775687.5,-45.52121
538775750.0,-45.51154
538775812.5,-45.54696
538775875.0,-45.54811
538775937.5,-45.51157
538776000.0,-45.5139
538776062.5,-45.49744
538776125.0,-45.52885
538776187.5,-45.51084
538776250.0,-45.47747
538776312.5,-45.51589
538776375.0,-45.51207
538776437.5,-45.52393
538776500.0,-45.48129
538776562.5,-45.51192
538776625.0,-45.49271
538776687.5,-45.49558
538776750.0,-45.49939
538776812.5,-45.47645
538776875.0,-45.46421
538776937.5,-45.486
538777000.0,-45.48701
538777062.5,-45.48442
538777125.0,-45.49676
538777187.5,-45.45939
538777250.0,-45.45947
538777312.5,-45.47149
538777375.0,-45.46283
538777437.5,-45.48537
538777500.0,-45.45484
538777562.5,-45.46103
538777625.0,-45.4265
538777687.5,-45.44787
538777750.0,-45.43958
538777812.5,-45.44344
538777875.0,-45.44016
538777937.5,-45.44006
538778000.0,-45.45132
538778062.5,-45.43278
538778125.0,-45.4314
538778187.5,-45.41384
538778250.0,-45.40956
538778312.5,-45.4045
538778375.0,-45.42443
538778437.5,-45.40762
538778500.0,-45.40354
538778562.5,-45.41782
538778625.0,-45.41095
538778687.5,-45.40232
538778750.0,-45.38721
538778812.5,-45.40788
538778875.0,-45.42749
538778937.5,-45.421
538779000.0,-45.39653
538779062.5,-45.38749
538779125.0,-45.39595
538779187.5,-45.40099
538779250.0,-45.37518
538779312.5,-45.38381
538779375.0,-45.38498
538779437.5,-45.35864
538779500.0,-45.34008
538779562.5,-45.36425
538779625.0,-45.38353
538779687.5,-45.34769
538779750.0,-45.35751
538779812.5,-45.35145
538779875.0,-45.34264
538779937.5,-45.3548
538780000.0,-45.35822
538780062.5,-45.34166
538780125.0,-45.35406
538780187.5,-45.34991
538780250.0,-45.32263
538780312.5,-45.34686
538780375.0,-45.33764
538780437.5,-45.3477
538780500.0,-45.34376
538780562.5,-45.35059
538780625.0,-45.32567
538780687.5,-45.33283
538780750.0,-45.31381
538780812.5,-45.28677
538780875.0,-45.30541
538780937.5,-45.29967
538781000.0,-45.3094
538781062.5,-45.31391
538781125.0,-45.29974
538781187.5,-45.30681
538781250.0,-45.29678
538781312.5,-45.3027
538781375.0,-45.2971
538781437.5,-45.27628
538781500.0,-45.28873
538781562.5,-45.29136
538781625.0,-45.27301
538781687.5,-45.27246
538781750.0,-45.26132
538781812.5,-45.28298
538781875.0,-45.27057
538781937.5,-45.25039
538782000.0,-45.25644
538782062.5,-45.26588
538782125.0,-45.25738
538782187.5,-45.27643
538782250.0,-45.25494
538782312.5,-45.25647
538782375.0,-45.24883
538782437.5,-45.24739
538782500.0,-45.24046
538782562.5,-45.2216
538782625.0,-45.25062
538782687.5,-45.23168
538782750.0,-45.20536
538782812.5,-45.21629
538782875.0,-45.2192
538782937.5,-45.22421
538783000.0,-45.1875
538783062.5,-45.21927
538783125.0,-45.21625
538783187.5,-45.20029
538783250.0,-45.24313
538783312.5,-45.1969
538783375.0,-45.19115
538783437.5,-45.19693
538783500.0,-45.19536
538783562.5,-45.19374
538783625.0,-45.20668
538783687.5,-45.19881
538783750.0,-45.19841
538783812.5,-45.17245
538783875.0,-45.18273
538783937.5,-45.17825
538784000.0,-45.20588
538784062.5,-45.1588
538784125.0,-45.16621
538784187.5,-45.16088
538784250.0,-45.15944
538784312.5,-45.15955
538784375.0,-45.16208
538784437.5,-45.15604
538784500.0,-45.15456
538784562.5,-45.16131
538784625.0,-45.1583
538784687.5,-45.16486
538784750.0,-45.131
538784812.5,-45.15419
538784875.0,-45.12755
538784937.5,-45.13253
538785000.0,-45.09139
538785062.5,-45.12616
538785125.0,-45.11754
538785187.5,-45.11245
538785250.0,-45.12554
538785312.5,-45.10932
538785375.0,-45.11349
538785437.5,-45.08823
538785500.0,-45.10315
538785562.5,-45.11058
538785625.0,-45.09902
538785687.5,-45.10818
538785750.0,-45.09395
538785812.5,-45.10379
538785875.0,-45.09372
538785937.5,-45.08694
538786000.0,-45.0681
538786062.5,-45.09689
538786125.0,-45.08289
538786187.5,-45.08226
538786250.0,-45.0652
538786312.5,-45.06312
538786375.0,-45.05096
538786437.5,-45.06013
538786500.0,-45.05489
538786562.5,-45.03812
538786625.0,-45.07238
538786687.5,-45.03333
538786750.0,-45.03635
538786812.5,-45.02843
538786875.0,-45.04432
538786937.5,-45.03489
538787000.0,-45.0442
538787062.5,-45.04777
538787125.0,-45.03189
538787187.5,-45.03779
538787250.0,-45.02408
538787312.5,-45.01966
538787375.0,-45.0135
538787437.5,-45.03568
538787500.0,-45.00997
538787562.5,-45.01672
538787625.0,-45.00012
538787687.5,-45.02533
538787750.0,-45.01143
538787812.5,-45.01097
538787875.0,-44.99702
538787937.5,-44.99404
538788000.0,-44.98205
538788062.5,-44.9892
538788125.0,-44.98508
538788187.5,-44.98967
538788250.0,-44.98104
538788312.5,-45.00307
538788375.0,-44.98643
538788437.5,-44.98204
538788500.0,-44.9712
538788562.5,-44.96019
538788625.0,-44.95401
538788687.5,-44.95874
538788750.0,-44.97478
538788812.5,-44.96488
538788875.0,-44.92778
538788937.5,-44.97084
538789000.0,-44.9721
538789062.5,-44.9593
538789125.0,-44.95169
538789187.5,-44.93748
538789250.0,-44.93764
538789312.5,-44.92654
538789375.0,-44.91899
538789437.5,-44.94147
538789500.0,-44.91431
538789562.5,-44.92717
538789625.0,-44.91405
538789687.5,-44.90839
538789750.0,-44.91408
538789812.5,-44.91086
538789875.0,-44.92511
538789937.5,-44.89942
538790000.0,-44.90915
538790062.5,-44.91708
538790125.0,-44.88495
538790187.5,-44.8825
538790250.0,-44.89496
538790312.5,-44.88334
538790375.0,-44.90903
538790437.5,-44.89902
538790500.0,-44.87872
538790562.5,-44.85319
538790625.0,-44.86463
538790687.5,-44.88153
538790750.0,-44.86038
538790812.5,-44.88693
538790875.0,-44.87158
538790937.5,-44.86724
538791000.0,-44.84823
538791062.5,-44.85091
538791125.0,-44.8638
538791187.5,-44.84631
538791250.0,-44.83553
538791312.5,-44.83843
538791375.0,-44.84119
538791437.5,-44.8363
538791500.0,-44.82991
538791562.5,-44.84061
538791625.0,-44.83181
538791687.5,-44.81824
538791750.0,-44.827
538791812.5,-44.81715
538791875.0,-44.81648
538791937.5,-44.82016
538792000.0,-44.81448
538792062.5,-44.81328
538792125.0,-44.78967
538792187.5,-44.81325
538792250.0,-44.80852
538792312.5,-44.81339
538792375.0,-44.79622
538792437.5,-44.78596
538792500.0,-44.77773
538792562.5,-44.79757
538792625.0,-44.79384
538792687.5,-44.76479
538792750.0,-44.77899
538792812.5,-44.78638
538792875.0,-44.76299
538792937.5,-44.76353
538793000.0,-44.76223
538793062.5,-44.75688
538793125.0,-44.74849
538793187.5,-44.77279
538793250.0,-44.73231
538793312.5,-44.74764
538793375.0,-44.73348
538793437.5,-44.74047
538793500.0,-44.74226
538793562.5,-44.71868
538793625.0,-44.73446
538793687.5,-44.71773
538793750.0,-44.74237
538793812.5,-44.73834
538793875.0,-44.73626
538793937.5,-44.71696
538794000.0,-44.70535
538794062.5,-44.70477
538794125.0,-44.71863
538794187.5,-44.73172
538794250.0,-44.71837
538794312.5,-44.72823
538794375.0,-44.72186
538794437.5,-44.69689
538794500.0,-44.71042
538794562.5,-44.68696
538794625.0,-44.68748
538794687.5,-44.68325
538794750.0,-44.6785
538794812.5,-44.67387
538794875.0,-44.68016
538794937.5,-44.66645
538795000.0,-44.65828
538795062.5,-44.6736
538795125.0,-44.66038
538795187.5,-44.66948
538795250.0,-44.65282
538795312.5,-44.68153
538795375.0,-44.6495
538795437.5,-44.65181
538795500.0,-44.64832
538795562.5,-44.64242
538795625.0,-44.66114
538795687.5,-44.65001
538795750.0,-44.62719
538795812.5,-44.61174
538795875.0,-44.66157
538795937.5,-44.63639
538796000.0,-44.62288
538796062.5,-44.6194
538796125.0,-44.62721
538796187.5,-44.63248
538796250.0,-44.60896
538796312.5,-44.60489
538796375.0,-44.60228
538796437.5,-44.62044
538796500.0,-44.61336
538796562.5,-44.59884
538796625.0,-44.5992
538796687.5,-44.57951
538796750.0,-44.56614
538796812.5,-44.58794
538796875.0,-44.58987
538796937.5,-44.59851
538797000.0,-44.58368
538797062.5,-44.57826
538797125.0,-44.57616
538797187.5,-44.57035
538797250.0,-44.55893
538797312.5,-44.56168
538797375.0,-44.56713
538797437.5,-44.57426
538797500.0,-44.54677
538797562.5,-44.56546
538797625.0,-44.53973
538797687.5,-44.53333
538797750.0,-44.54066
538797812.5,-44.52892
538797875.0,-44.54652
538797937.5,-44.54247
538798000.0,-44.51906
538798062.5,-44.53184
538798125.0,-44.52595
538798187.5,-44.50578
538798250.0,-44.52806
538798312.5,-44.52518
538798375.0,-44.49291
538798437.5,-44.5054
538798500.0,-44.5164
538798562.5,-44.51126
538798625.0,-44.51078
538798687.5,-44.50529
538798750.0,-44.48279
538798812.5,-44.49758
538798875.0,-44.48602
538798937.5,-44.46716
538799000.0,-44.48814
538799062.5,-44.48532
538799125.0,-44.48824
538799187.5,-44.48775
538799250.0,-44.49712
538799312.5,-44.45286
538799375.0,-44.49109
538799437.5,-44.45042
538799500.0,-44.46003
538799562.5,-44.44814
538799625.0,-44.46025
538799687.5,-44.45896
538799750.0,-44.46117
538799812.5,-44.43311
538799875.0,-44.43488
538799937.5,-44.45097
538800000.0,-44.44302
538800062.5,-44.41971
538800125.0,-44.41244
538800187.5,-44.42872
538800250.0,-44.42579
538800312.5,-44.42526
538800375.0,-44.41251
538800437.5,-44.42943
538800500.0,-44.42023
538800562.5,-44.39852
538800625.0,-44.40108
538800687.5,-44.41099
538800750.0,-44.39094
538800812.5,-44.37882
538800875.0,-44.37834
538800937.5,-44.39363
538801000.0,-44.39467
538801062.5,-44.38319
538801125.0,-44.38514
538801187.5,-44.3645
538801250.0,-44.39707
538801312.5,-44.3711
538801375.0,-44.37165
538801437.5,-44.35236
538801500.0,-44.36503
538801562.5,-44.37619
538801625.0,-44.35682
538801687.5,-44.36261
538801750.0,-44.33063
538801812.5,-44.34521
538801875.0,-44.34857
538801937.5,-44.35201
538802000.0,-44.33113
538802062.5,-44.32988
538802125.0,-44.34533
538802187.5,-44.31609
538802250.0,-44.32715
538802312.5,-44.32211
538802375.0,-44.29208
538802437.5,-44.32679
538802500.0,-44.33266
538802562.5,-44.31572
538802625.0,-44.28535
538802687.5,-44.30861
538802750.0,-44.28722
538802812.5,-44.29877
538802875.0,-44.27784
538802937.5,-44.2818
538803000.0,-44.29062
538803062.5,-44.2851
538803125.0,-44.27877
538803187.5,-44.26835
538803250.0,-44.28224
538803312.5,-44.27183
538803375.0,-44.27809
538803437.5,-44.25835
538803500.0,-44.26426
538803562.5,-44.25152
538803625.0,-44.25636
538803687.5,-44.25811
538803750.0,-44.25159
538803812.5,-44.26704
538803875.0,-44.25811
538803937.5,-44.24268
538804000.0,-44.24127
538804062.5,-44.23346
538804125.0,-44.21637
538804187.5,-44.20831
538804250.0,-44.20899
538804312.5,-44.223
538804375.0,-44.21735
538804437.5,-44.21256
538804500.0,-44.21843
538804562.5,-44.22356
538804625.0,-44.21725
538804687.5,-44.20539
538804750.0,-44.20657
538804812.5,-44.19715
538804875.0,-44.21533
538804937.5,-44.19334
538805000.0,-44.17425
538805062.5,-44.18874
538805125.0,-44.18468
538805187.5,-44.17474
538805250.0,-44.14836
538805312.5,-44.17249
538805375.0,-44.18488
538805437.5,-44.17767
538805500.0,-44.163
538805562.5,-44.16553
538805625.0,-44.16154
538805687.5,-44.14686
538805750.0,-44.16094
538805812.5,-44.15664
538805875.0,-44.15425
538805937.5,-44.14181
538806000.0,-44.13529
538806062.5,-44.15797
538806125.0,-44.13129
538806187.5,-44.12767
538806250.0,-44.11585
538806312.5,-44.11751
538806375.0,-44.12103
538806437.5,-44.13437
538806500.0,-44.11544
538806562.5,-44.09533
538806625.0,-44.11632
538806687.5,-44.10839
538806750.0,-44.10736
538806812.5,-44.09016
538806875.0,-44.10593
538806937.5,-44.10206
538807000.0,-44.10097
538807062.5,-44.07865
538807125.0,-44.09429
538807187.5,-44.07767
538807250.0,-44.07522
538807312.5,-44.07411
538807375.0,-44.07022
538807437.5,-44.04285
538807500.0,-44.06384
538807562.5,-44.05948
538807625.0,-44.06459
538807687.5,-44.02988
538807750.0,-44.05003
538807812.5,-44.05012
538807875.0,-44.05483
538807937.5,-44.02747
538808000.0,-44.05975
538808062.5,-44.02292
538808125.0,-44.04748
538808187.5,-44.02913
538808250.0,-44.02339
538808312.5,-44.03057
538808375.0,-44.03005
538808437.5,-44.00974
538808500.0,-44.0019
538808562.5,-43.9981
538808625.0,-44.00452
538808687.5,-44.0116
538808750.0,-43.99849
538808812.5,-44.01237
538808875.0,-44.0139
538808937.5,-44.00788
538809000.0,-43.98239
538809062.5,-44.01476
538809125.0,-44.00137
538809187.5,-43.98109
538809250.0,-43.99039
538809312.5,-43.97058
538809375.0,-43.96999
538809437.5,-43.98157
538809500.0,-43.97487
538809562.5,-43.94309
538809625.0,-43.96572
538809687.5,-43.93941
538809750.0,-43.96109
538809812.5,-43.93934
538809875.0,-43.95907
538809937.5,-43.95056
538810000.0,-43.94302
538810062.5,-43.92733
538810125.0,-43.92729
538810187.5,-43.92208
538810250.0,-43.91741
538810312.5,-43.90906
538810375.0,-43.92562
538810437.5,-43.91909
538810500.0,-43.91544
538810562.5,-43.9225
538810625.0,-43.9015
538810687.5,-43.90473
538810750.0,-43.92162
538810812.5,-43.91386
538810875.0,-43.89969
538810937.5,-43.89856
538811000.0,-43.89853
538811062.5,-43.89193
538811125.0,-43.87571
538811187.5,-43.86742
538811250.0,-43.85316
538811312.5,-43.8786
538811375.0,-43.87932
538811437.5,-43.8721
538811500.0,-43.85708
538811562.5,-43.84779
538811625.0,-43.85214
538811687.5,-43.83828
538811750.0,-43.84591
538811812.5,-43.82881
538811875.0,-43.845
538811937.5,-43.84856
538812000.0,-43.83725
538812062.5,-43.82638
538812125.0,-43.83822
538812187.5,-43.85008
538812250.0,-43.81268
538812312.5,-43.81616
538812375.0,-43.8157
538812437.5,-43.83557
538812500.0,-43.82917
538812562.5,-43.80526
538812625.0,-43.79303
538812687.5,-43.79562
538812750.0,-43.80783
538812812.5,-43.78043
538812875.0,-43.7909
538812937.5,-43.77901
538813000.0,-43.79128
538813062.5,-43.79591
538813125.0,-43.77534
538813187.5,-43.7918
538813250.0,-43.78883
538813312.5,-43.76382
538813375.0,-43.77692
538813437.5,-43.77888
538813500.0,-43.76778
538813562.5,-43.7589
538813625.0,-43.75172
538813687.5,-43.74826
538813750.0,-43.77095
538813812.5,-43.74804
538813875.0,-43.72646
538813937.5,-43.71992
538814000.0,-43.71826
538814062.5,-43.73629
538814125.0,-43.72425
538814187.5,-43.72412
538814250.0,-43.71613
538814312.5,-43.71709
538814375.0,-43.70712
538814437.5,-43.69408
538814500.0,-43.70798
538814562.5,-43.71047
538814625.0,-43.69199
538814687.5,-43.71013
538814750.0,-43.67832
538814812.5,-43.68647
538814875.0,-43.68858
538814937.5,-43.68943
538815000.0,-43.68135
538815062.5,-43.68402
538815125.0,-43.69189
538815187.5,-43.6862
538815250.0,-43.67527
538815312.5,-43.65722
538815375.0,-43.66291
538815437.5,-43.64891
538815500.0,-43.64759
538815562.5,-43.65571
538815625.0,-43.66167
538815687.5,-43.62499
538815750.0,-43.64516
538815812.5,-43.63524
538815875.0,-43.62042
538815937.5,-43.63358
538816000.0,-43.6176
538816062.5,-43.62696
538816125.0,-43.62005
538816187.5,-43.61272
538816250.0,-43.604
538816312.5,-43.60777
538816375.0,-43.60528
538816437.5,-43.61234
538816500.0,-43.59329
538816562.5,-43.59137
538816625.0,-43.59876
538816687.5,-43.58786
538816750.0,-43.59684
538816812.5,-43.55901
538816875.0,-43.59563
538816937.5,-43.60881
538817000.0,-43.58034
538817062.5,-43.55939
538817125.0,-43.57411
538817187.5,-43.55333
538817250.0,-43.56032
538817312.5,-43.56973
538817375.0,-43.55268
538817437.5,-43.55886
538817500.0,-43.54082
538817562.5,-43.53814
538817625.0,-43.55259
538817687.5,-43.54625
538817750.0,-43.51301
538817812.5,-43.53417
538817875.0,-43.51962
538817937.5,-43.52055
538818000.0,-43.49699
538818062.5,-43.50869
538818125.0,-43.5192
538818187.5,-43.50452
538818250.0,-43.50205
538818312.5,-43.50364
538818375.0,-43.51387
538818437.5,-43.50322
538818500.0,-43.50446
538818562.5,-43.52246
538818625.0,-43.47862
538818687.5,-43.46675
538818750.0,-43.49522
538818812.5,-43.47455
538818875.0,-43.46193
538818937.5,-43.4707
538819000.0,-43.47472
538819062.5,-43.47672
538819125.0,-43.47343
538819187.5,-43.45321
538819250.0,-43.45795
538819312.5,-43.44994
538819375.0,-43.46661
538819437.5,-43.4614
538819500.0,-43.44804
538819562.5,-43.41822
538819625.0,-43.45502
538819687.5,-43.44144
538819750.0,-43.43459
538819812.5,-43.43068
538819875.0,-43.43114
538819937.5,-43.4157
538820000.0,-43.42706
538820062.5,-43.42357
538820125.0,-43.43015
538820187.5,-43.40042
538820250.0,-43.40642
538820312.5,-43.38499
538820375.0,-43.38316
538820437.5,-43.38747
538820500.0,-43.39567
538820562.5,-43.3954
538820625.0,-43.38684
538820687.5,-43.36446
538820750.0,-43.37713
538820812.5,-43.36996
538820875.0,-43.38533
538820937.5,-43.3531
538821000.0,-43.36292
538821062.5,-43.36805
538821125.0,-43.3432
538821187.5,-43.34319
538821250.0,-43.35041
538821312.5,-43.35608
538821375.0,-43.34193
538821437.5,-43.34513
538821500.0,-43.33935
538821562.5,-43.33182
538821625.0,-43.3275
538821687.5,-43.32458
538821750.0,-43.32563
538821812.5,-43.30333
538821875.0,-43.30989
538821937.5,-43.30845
538822000.0,-43.31291
538822062.5,-43.30523
538822125.0,-43.28886
538822187.5,-43.29609
538822250.0,-43.27134
538822312.5,-43.31007
538822375.0,-43.27031
538822437.5,-43.27882
538822500.0,-43.28413
538822562.5,-43.27936
538822625.0,-43.27946
538822687.5,-43.2594
538822750.0,-43.25436
538822812.5,-43.27964
538822875.0,-43.26189
538822937.5,-43.24235
538823000.0,-43.2602
538823062.5,-43.25155
538823125.0,-43.24889
538823187.5,-43.23152
538823250.0,-43.23116
538823312.5,-43.24414
538823375.0,-43.24031
538823437.5,-43.24821
538823500.0,-43.22237
538823562.5,-43.20728
538823625.0,-43.21457
538823687.5,-43.22046
538823750.0,-43.20904
538823812.5,-43.19481
538823875.0,-43.20253
538823937.5,-43.18542
538824000.0,-43.19174
538824062.5,-43.19057
538824125.0,-43.19198
538824187.5,-43.18721
538824250.0,-43.1757
538824312.5,-43.16975
538824375.0,-43.17579
538824437.5,-43.16779
538824500.0,-43.16443
538824562.5,-43.14536
538824625.0,-43.16294
538824687.5,-43.15343
538824750.0,-43.15399
538824812.5,-43.14954
538824875.0,-43.15213
538824937.5,-43.14694
538825000.0,-43.15057
538825062.5,-43.13029
538825125.0,-43.12998
538825187.5,-43.12609
538825250.0,-43.1327
538825312.5,-43.12889
538825375.0,-43.12142
538825437.5,-43.11552
538825500.0,-43.11073
538825562.5,-43.10043
538825625.0,-43.09343
538825687.5,-43.10345
538825750.0,-43.11125
538825812.5,-43.09031
538825875.0,-43.0987
538825937.5,-43.07753
538826000.0,-43.08731
538826062.5,-43.08962
538826125.0,-43.06881
538826187.5,-43.07849
538826250.0,-43.07312
538826312.5,-43.08029
538826375.0,-43.06142
538826437.5,-43.04382
538826500.0,-43.04321
538826562.5,-43.04763
538826625.0,-43.05841
538826687.5,-43.05538
538826750.0,-43.05198
538826812.5,-43.04841
538826875.0,-43.01234
538826937.5,-43.01067
538827000.0,-43.02678
538827062.5,-43.01634
538827125.0,-43.03988
538827187.5,-43.02675
538827250.0,-43.02249
538827312.5,-43.00647
538827375.0,-43.01924
538827437.5,-43.00034
538827500.0,-42.9896
538827562.5,-43.00941
538827625.0,-42.97614
538827687.5,-42.99399
538827750.0,-42.95824
538827812.5,-42.97899
538827875.0,-42.97374
538827937.5,-42.98421
538828000.0,-42.96719
538828062.5,-42.97461
538828125.0,-42.97009
538828187.5,-42.95265
538828250.0,-42.96004
538828312.5,-42.94163
538828375.0,-42.93861
538828437.5,-42.94684
538828500.0,-42.94395
538828562.5,-42.93648
538828625.0,-42.95726
538828687.5,-42.93962
538828750.0,-42.93278
538828812.5,-42.92398
538828875.0,-42.92451
538828937.5,-42.93242
538829000.0,-42.9096
538829062.5,-42.91201
538829125.0,-42.90384
538829187.5,-42.91389
538829250.0,-42.89451
538829312.5,-42.90186
538829375.0,-42.90797
538829437.5,-42.90086
538829500.0,-42.90538
538829562.5,-42.89495
538829625.0,-42.85852
538829687.5,-42.88392
538829750.0,-42.86234
538829812.5,-42.86316
538829875.0,-42.83567
538829937.5,-42.8491
538830000.0,-42.85617
538830062.5,-42.8624
538830125.0,-42.86346
538830187.5,-42.8442
538830250.0,-42.84129
538830312.5,-42.84663
538830375.0,-42.82351
538830437.5,-42.84726
538830500.0,-42.84032
538830562.5,-42.81792
538830625.0,-42.8174
538830687.5,-42.81413
538830750.0,-42.82861
538830812.5,-42.8165
538830875.0,-42.81158
538830937.5,-42.80433
538831000.0,-42.81079
538831062.5,-42.82465
538831125.0,-42.78966
538831187.5,-42.78936
538831250.0,-42.80188
538831312.5,-42.78966
538831375.0,-42.77423
538831437.5,-42.77906
538831500.0,-42.77135
538831562.5,-42.78173
538831625.0,-42.75136
538831687.5,-42.76856
538831750.0,-42.76039
538831812.5,-42.76968
538831875.0,-42.75562
538831937.5,-42.74541
538832000.0,-42.74337
538832062.5,-42.74456
538832125.0,-42.7257
538832187.5,-42.75564
538832250.0,-42.74285
538832312.5,-42.71837
538832375.0,-42.70018
538832437.5,-42.71937
538832500.0,-42.71629
538832562.5,-42.71023
538832625.0,-42.69826
538832687.5,-42.70964
538832750.0,-42.69948
538832812.5,-42.69353
538832875.0,-42.70513
538832937.5,-42.68602
538833000.0,-42.6782
538833062.5,-42.67589
538833125.0,-42.67299
538833187.5,-42.67007
538833250.0,-42.65605
538833312.5,-42.65796
538833375.0,-42.6559
538833437.5,-42.64601
538833500.0,-42.65226
538833562.5,-42.64569
538833625.0,-42.65562
538833687.5,-42.63338
538833750.0,-42.64044
538833812.5,-42.65273
538833875.0,-42.63182
538833937.5,-42.61219
538834000.0,-42.62372
538834062.5,-42.60992
538834125.0,-42.63793
538834187.5,-42.62355
538834250.0,-42.62848
538834312.5,-42.61531
538834375.0,-42.59152
538834437.5,-42.58839
538834500.0,-42.58723
538834562.5,-42.59266
538834625.0,-42.58392
538834687.5,-42.57891
538834750.0,-42.56984
538834812.5,-42.57911
538834875.0,-42.58741
538834937.5,-42.56113
538835000.0,-42.57704
538835062.5,-42.56275
538835125.0,-42.53675
538835187.5,-42.56492
538835250.0,-42.55374
538835312.5,-42.55024
538835375.0,-42.54728
538835437.5,-42.53609
538835500.0,-42.55037
538835562.5,-42.53065
538835625.0,-42.52145
538835687.5,-42.51043
538835750.0,-42.50865
538835812.5,-42.51867
538835875.0,-42.50193
538835937.5,-42.51127
538836000.0,-42.5012
538836062.5,-42.49703
538836125.0,-42.50893
538836187.5,-42.5029
538836250.0,-42.49218
538836312.5,-42.49799
538836375.0,-42.48307
538836437.5,-42.48505
538836500.0,-42.45966
538836562.5,-42.47884
538836625.0,-42.45581
538836687.5,-42.46769
538836750.0,-42.45946
538836812.5,-42.45246
538836875.0,-42.46415
538836937.5,-42.45271
538837000.0,-42.46184
538837062.5,-42.44659
538837125.0,-42.44325
538837187.5,-42.43424
538837250.0,-42.44535
538837312.5,-42.43568
538837375.0,-42.43026
538837437.5,-42.41805
538837500.0,-42.41442
538837562.5,-42.43008
538837625.0,-42.41803
538837687.5,-42.40595
538837750.0,-42.41459
538837812.5,-42.39302
538837875.0,-42.39854
538837937.5,-42.39774
538838000.0,-42.38544
538838062.5,-42.38431
538838125.0,-42.39868
538838187.5,-42.3785
538838250.0,-42.38475
538838312.5,-42.38287
538838375.0,-42.36383
538838437.5,-42.34709
538838500.0,-42.36998
538838562.5,-42.34244
538838625.0,-42.35587
538838687.5,-42.34996
538838750.0,-42.32048
538838812.5,-42.34752
538838875.0,-42.34632
538838937.5,-42.34188
538839000.0,-42.34109
538839062.5,-42.3212
538839125.0,-42.32696
538839187.5,-42.33691
538839250.0,-42.31491
538839312.5,-42.30729
538839375.0,-42.30759
538839437.5,-42.29178
538839500.0,-42.30931
538839562.5,-42.29383
538839625.0,-42.29613
538839687.5,-42.27219
538839750.0,-42.27205
538839812.5,-42.25094
538839875.0,-42.26722
538839937.5,-42.2664
538840000.0,-42.27056
538840062.5,-42.27081
538840125.0,-42.25513
538840187.5,-42.25803
538840250.0,-42.24783
538840312.5,-42.27124
538840375.0,-42.23812
538840437.5,-42.22941
538840500.0,-42.22342
538840562.5,-42.2337
538840625.0,-42.23625
538840687.5,-42.24567
538840750.0,-42.22055
538840812.5,-42.21568
538840875.0,-42.22223
538840937.5,-42.20639
538841000.0,-42.20714
538841062.5,-42.18641
538841125.0,-42.19582
538841187.5,-42.18787
538841250.0,-42.19105
538841312.5,-42.18015
538841375.0,-42.17566
538841437.5,-42.17463
538841500.0,-42.16253
538841562.5,-42.17299
538841625.0,-42.18277
538841687.5,-42.16084
538841750.0,-42.16702
538841812.5,-42.16819
538841875.0,-42.14799
538841937.5,-42.13367
538842000.0,-42.15286
538842062.5,-42.1358
538842125.0,-42.15031
538842187.5,-42.13318
538842250.0,-42.10898
538842312.5,-42.11794
538842375.0,-42.12273
538842437.5,-42.11703
538842500.0,-42.1187
538842562.5,-42.11363
538842625.0,-42.11961
538842687.5,-42.10176
538842750.0,-42.09367
538842812.5,-42.09675
538842875.0,-42.07943
538842937.5,-42.07525
538843000.0,-42.08236
538843062.5,-42.07551
538843125.0,-42.08289
538843187.5,-42.05972
538843250.0,-42.05758
538843312.5,-42.06667
538843375.0,-42.0514
538843437.5,-42.06448
538843500.0,-42.06197
538843562.5,-42.05383
538843625.0,-42.04179
538843687.5,-42.02883
538843750.0,-42.03964
538843812.5,-42.02722
538843875.0,-42.01687
538843937.5,-42.01834
538844000.0,-42.02131
538844062.5,-42.02376
538844125.0,-42.01699
538844187.5,-42.00285
538844250.0,-42.00725
538844312.5,-41.98838
538844375.0,-41.99188
538844437.5,-41.98758
538844500.0,-41.96991
538844562.5,-41.97314
538844625.0,-41.97287
538844687.5,-41.98312
538844750.0,-41.96279
538844812.5,-41.96821
538844875.0,-41.96444
538844937.5,-41.95103
538845000.0,-41.96813
538845062.5,-41.9574
538845125.0,-41.96212
538845187.5,-41.94588
538845250.0,-41.94486
538845312.5,-41.94825
538845375.0,-41.92913
538845437.5,-41.91963
538845500.0,-41.9184
538845562.5,-41.92296
538845625.0,-41.91777
538845687.5,-41.91108
538845750.0,-41.91159
538845812.5,-41.89917
538845875.0,-41.90655
538845937.5,-41.89092
538846000.0,-41.90112
538846062.5,-41.86793
538846125.0,-41.88644
538846187.5,-41.87426
538846250.0,-41.87653
538846312.5,-41.87804
538846375.0,-41.87665
538846437.5,-41.865
538846500.0,-41.85639
538846562.5,-41.84232
538846625.0,-41.84686
538846687.5,-41.84009
538846750.0,-41.8381
538846812.5,-41.83279
538846875.0,-41.83684
538846937.5,-41.83097
538847000.0,-41.82261
538847062.5,-41.83028
538847125.0,-41.82574
538847187.5,-41.79615
538847250.0,-41.80394
538847312.5,-41.80809
538847375.0,-41.78859
538847437.5,-41.79491
538847500.0,-41.80111
538847562.5,-41.78061
538847625.0,-41.78351
538847687.5,-41.77186
538847750.0,-41.7688
538847812.5,-41.77394
538847875.0,-41.77698
538847937.5,-41.76502
538848000.0,-41.76988
538848062.5,-41.76529
538848125.0,-41.75253
538848187.5,-41.74581
538848250.0,-41.73717
538848312.5,-41.75023
538848375.0,-41.73434
538848437.5,-41.73518
538848500.0,-41.71932
538848562.5,-41.72052
538848625.0,-41.71963
538848687.5,-41.7238
538848750.0,-41.69976
538848812.5,-41.71806
538848875.0,-41.6951
538848937.5,-41.71181
538849000.0,-41.69954
538849062.5,-41.69283
538849125.0,-41.68639
538849187.5,-41.68652
538849250.0,-41.67647
538849312.5,-41.67341
538849375.0,-41.67795
538849437.5,-41.67636
538849500.0,-41.657
538849562.5,-41.65594
538849625.0,-41.65762
538849687.5,-41.66097
538849750.0,-41.6416
538849812.5,-41.63354
538849875.0,-41.62634
538849937.5,-41.6456
538850000.0,-41.62844
538850062.5,-41.62896
538850125.0,-41.63749
538850187.5,-41.62913
538850250.0,-41.62601
538850312.5,-41.59684
538850375.0,-41.60678
538850437.5,-41.61165
538850500.0,-41.6131
538850562.5,-41.59991
538850625.0,-41.58474
538850687.5,-41.6013
538850750.0,-41.58713
538850812.5,-41.57585
538850875.0,-41.55857
538850937.5,-41.56587
538851000.0,-41.57048
538851062.5,-41.56082
538851125.0,-41.56043
538851187.5,-41.55714
538851250.0,-41.54343
538851312.5,-41.54294
538851375.0,-41.52525
538851437.5,-41.54377
538851500.0,-41.52352
538851562.5,-41.53559
538851625.0,-41.51657
538851687.5,-41.51044
538851750.0,-41.52037
538851812.5,-41.5117
538851875.0,-41.50282
538851937.5,-41.48157
538852000.0,-41.48495
538852062.5,-41.48244
538852125.0,-41.48302
538852187.5,-41.49089
538852250.0,-41.49312
538852312.5,-41.46964
538852375.0,-41.46761
538852437.5,-41.46416
538852500.0,-41.46341
538852562.5,-41.47256
538852625.0,-41.45708
538852687.5,-41.45459
538852750.0,-41.45105
538852812.5,-41.43296
538852875.0,-41.43089
538852937.5,-41.43311
538853000.0,-41.43862
538853062.5,-41.42999
538853125.0,-41.42761
538853187.5,-41.41706
538853250.0,-41.4112
538853312.5,-41.39799
538853375.0,-41.40477
538853437.5,-41.39619
538853500.0,-41.40248
538853562.5,-41.39176
538853625.0,-41.4021
538853687.5,-41.37378
538853750.0,-41.38417
538853812.5,-41.37915
538853875.0,-41.38451
538853937.5,-41.36538
538854000.0,-41.36022
538854062.5,-41.37466
538854125.0,-41.3563
538854187.5,-41.33587
538854250.0,-41.34735
538854312.5,-41.338
538854375.0,-41.34049
538854437.5,-41.33638
538854500.0,-41.332
538854562.5,-41.31797
538854625.0,-41.32678
538854687.5,-41.31643
538854750.0,-41.32094
538854812.5,-41.29281
538854875.0,-41.30831
538854937.5,-41.28457
538855000.0,-41.28969
538855062.5,-41.27608
538855125.0,-41.27288
538855187.5,-41.28369
538855250.0,-41.27618
538855312.5,-41.27838
538855375.0,-41.26511
538855437.5,-41.26585
538855500.0,-41.25292
538855562.5,-41.25538
538855625.0,-41.25014
538855687.5,-41.2464
538855750.0,-41.24042
538855812.5,-41.2319
538855875.0,-41.23233
538855937.5,-41.22471
538856000.0,-41.23563
538856062.5,-41.21592
538856125.0,-41.21723
538856187.5,-41.21377
538856250.0,-41.22032
538856312.5,-41.19183
538856375.0,-41.20221
538856437.5,-41.19358
538856500.0,-41.20018
538856562.5,-41.19533
538856625.0,-41.18867
538856687.5,-41.17567
538856750.0,-41.17696
538856812.5,-41.18082
538856875.0,-41.15948
538856937.5,-41.17834
538857000.0,-41.15706
538857062.5,-41.16216
538857125.0,-41.15577
538857187.5,-41.14249
538857250.0,-41.14474
538857312.5,-41.13092
538857375.0,-41.12903
538857437.5,-41.12138
538857500.0,-41.10962
538857562.5,-41.13689
538857625.0,-41.11774
538857687.5,-41.12291
538857750.0,-41.10616
538857812.5,-41.11248
538857875.0,-41.1049
538857937.5,-41.0982
538858000.0,-41.08195
538858062.5,-41.07903
538858125.0,-41.0732
538858187.5,-41.0812
538858250.0,-41.07293
538858312.5,-41.06055
538858375.0,-41.0507
538858437.5,-41.05095
538858500.0,-41.04342
538858562.5,-41.04779
538858625.0,-41.04397
538858687.5,-41.04902
538858750.0,-41.03854
538858812.5,-41.01411
538858875.0,-41.03732
538858937.5,-41.03823
538859000.0,-41.0219
538859062.5,-41.02595
538859125.0,-41.0038
538859187.5,-41.0151
538859250.0,-40.98724
538859312.5,-40.9911
538859375.0,-40.99574
538859437.5,-40.98751
538859500.0,-40.98109
538859562.5,-40.98551
538859625.0,-40.97363
538859687.5,-40.97401
538859750.0,-40.97533
538859812.5,-40.96507
538859875.0,-40.95806
538859937.5,-40.95765
538860000.0,-40.94352
538860062.5,-40.93846
538860125.0,-40.9415
538860187.5,-40.93601
538860250.0,-40.92771
538860312.5,-40.92105
538860375.0,-40.91746
538860437.5,-40.92991
538860500.0,-40.91697
538860562.5,-40.91077
538860625.0,-40.89526
538860687.5,-40.89856
538860750.0,-40.91171
538860812.5,-40.87989
538860875.0,-40.88832
538860937.5,-40.87531
538861000.0,-40.87489
538861062.5,-40.87833
538861125.0,-40.86908
538861187.5,-40.86281
538861250.0,-40.84686
538861312.5,-40.85929
538861375.0,-40.8418
538861437.5,-40.8565
538861500.0,-40.8427
538861562.5,-40.82075
538861625.0,-40.83324
538861687.5,-40.83618
538861750.0,-40.81618
538861812.5,-40.82219
538861875.0,-40.82228
538861937.5,-40.81507
538862000.0,-40.79987
538862062.5,-40.80811
538862125.0,-40.79681
538862187.5,-40.79702
538862250.0,-40.79072
538862312.5,-40.7938
538862375.0,-40.77781
538862437.5,-40.77215
538862500.0,-40.76022
538862562.5,-40.76346
538862625.0,-40.75928
538862687.5,-40.75559
538862750.0,-40.74748
538862812.5,-40.74884
538862875.0,-40.74749
538862937.5,-40.73168
538863000.0,-40.72854
538863062.5,-40.73177
538863125.0,-40.72242
538863187.5,-40.7188
538863250.0,-40.709
538863312.5,-40.71396
538863375.0,-40.6947
538863437.5,-40.69054
538863500.0,-40.693
538863562.5,-40.68396
538863625.0,-40.69892
538863687.5,-40.69955
538863750.0,-40.67693
538863812.5,-40.68884
538863875.0,-40.68381
538863937.5,-40.67022
538864000.0,-40.6616
538864062.5,-40.64135
538864125.0,-40.65562
538864187.5,-40.63642
538864250.0,-40.63105
538864312.5,-40.64121
538864375.0,-40.63284
538864437.5,-40.61898
538864500.0,-40.63044
538864562.5,-40.63165
538864625.0,-40.60781
538864687.5,-40.59913
538864750.0,-40.60421
538864812.5,-40.6025
538864875.0,-40.60656
538864937.5,-40.58145
538865000.0,-40.58955
538865062.5,-40.58665
538865125.0,-40.57463
538865187.5,-40.56721
538865250.0,-40.56762
538865312.5,-40.55382
538865375.0,-40.56027
538865437.5,-40.56063
538865500.0,-40.54842
538865562.5,-40.55316
538865625.0,-40.54187
538865687.5,-40.55039
538865750.0,-40.51894
538865812.5,-40.5349
538865875.0,-40.53056
538865937.5,-40.52674
538866000.0,-40.51555
538866062.5,-40.51382
538866125.0,-40.50128
538866187.5,-40.50892
538866250.0,-40.4871
538866312.5,-40.49962
538866375.0,-40.50469
538866437.5,-40.48385
538866500.0,-40.4672
538866562.5,-40.4754
538866625.0,-40.46642
538866687.5,-40.46494
538866750.0,-40.45917
538866812.5,-40.44441
538866875.0,-40.44994
538866937.5,-40.43839
538867000.0,-40.44088
538867062.5,-40.43084
538867125.0,-40.43457
538867187.5,-40.44243
538867250.0,-40.4146
538867312.5,-40.41098
538867375.0,-40.40578
538867437.5,-40.40461
538867500.0,-40.40405
538867562.5,-40.39132
538867625.0,-40.40005
538867687.5,-40.40402
538867750.0,-40.36969
538867812.5,-40.38121
538867875.0,-40.36427
538867937.5,-40.36837
538868000.0,-40.36699
538868062.5,-40.35518
538868125.0,-40.35153
538868187.5,-40.35076
538868250.0,-40.34588
538868312.5,-40.35201
538868375.0,-40.33139
538868437.5,-40.33759
538868500.0,-40.34148
538868562.5,-40.32341
538868625.0,-40.31092
538868687.5,-40.31758
538868750.0,-40.31693
538868812.5,-40.29752
538868875.0,-40.29278
538868937.5,-40.28305
538869000.0,-40.28137
538869062.5,-40.29553
538869125.0,-40.28593
538869187.5,-40.26394
538869250.0,-40.26105
538869312.5,-40.26896
538869375.0,-40.2663
538869437.5,-40.26495
538869500.0,-40.2477
538869562.5,-40.2518
538869625.0,-40.24226
538869687.5,-40.23943
538869750.0,-40.23292
538869812.5,-40.21686
538869875.0,-40.2291
538869937.5,-40.2174
538870000.0,-40.21111
538870062.5,-40.21555
538870125.0,-40.2047
538870187.5,-40.19811
538870250.0,-40.18883
538870312.5,-40.18328
538870375.0,-40.17928
538870437.5,-40.17278
538870500.0,-40.17976
538870562.5,-40.14794
538870625.0,-40.16722
538870687.5,-40.15891
538870750.0,-40.15496
538870812.5,-40.14814
538870875.0,-40.15197
538870937.5,-40.13135
538871000.0,-40.12792
538871062.5,-40.13307
538871125.0,-40.11008
538871187.5,-40.12655
538871250.0,-40.10593
538871312.5,-40.10834
538871375.0,-40.101
538871437.5,-40.10826
538871500.0,-40.09392
538871562.5,-40.0869
538871625.0,-40.09602
538871687.5,-40.07825
538871750.0,-40.06206
538871812.5,-40.06665
538871875.0,-40.0683
538871937.5,-40.05208
538872000.0,-40.04633
538872062.5,-40.04801
538872125.0,-40.05169
538872187.5,-40.04618
538872250.0,-40.03194
538872312.5,-40.0315
538872375.0,-40.02813
538872437.5,-40.01432
538872500.0,-40.02173
538872562.5,-40.01221
538872625.0,-40.01804
538872687.5,-39.99293
538872750.0,-39.99166
538872812.5,-39.99498
538872875.0,-39.99318
538872937.5,-39.97046
538873000.0,-39.97768
538873062.5,-39.97058
538873125.0,-39.95919
538873187.5,-39.95586
538873250.0,-39.95538
538873312.5,-39.95541
538873375.0,-39.94707
538873437.5,-39.94229
538873500.0,-39.94832
538873562.5,-39.94782
538873625.0,-39.93251
538873687.5,-39.92621
538873750.0,-39.91596
538873812.5,-39.92028
538873875.0,-39.90843
538873937.5,-39.88955
538874000.0,-39.89769
538874062.5,-39.88056
538874125.0,-39.89802
538874187.5,-39.88256
538874250.0,-39.87497
538874312.5,-39.88131
538874375.0,-39.86018
538874437.5,-39.87189
538874500.0,-39.85789
538874562.5,-39.86067
538874625.0,-39.8615
538874687.5,-39.83731
538874750.0,-39.84156
538874812.5,-39.82999
538874875.0,-39.83147
538874937.5,-39.82671
538875000.0,-39.80447
538875062.5,-39.80556
538875125.0,-39.80463
538875187.5,-39.81224
538875250.0,-39.78885
538875312.5,-39.78585
538875375.0,-39.79187
538875437.5,-39.77613
538875500.0,-39.77343
538875562.5,-39.77148
538875625.0,-39.78251
538875687.5,-39.75806
538875750.0,-39.757
538875812.5,-39.74412
538875875.0,-39.7536
538875937.5,-39.73969
538876000.0,-39.73471
538876062.5,-39.73211
538876125.0,-39.72708
538876187.5,-39.71019
538876250.0,-39.71293
538876312.5,-39.70691
538876375.0,-39.70963
538876437.5,-39.69981
538876500.0,-39.70051
538876562.5,-39.69526
538876625.0,-39.68466
538876687.5,-39.68225
538876750.0,-39.67265
538876812.5,-39.66954
538876875.0,-39.65986
538876937.5,-39.66454
538877000.0,-39.65686
538877062.5,-39.63316
538877125.0,-39.63923
538877187.5,-39.64485
538877250.0,-39.64156
538877312.5,-39.63398
538877375.0,-39.6239
538877437.5,-39.62561
538877500.0,-39.62335
538877562.5,-39.6173
538877625.0,-39.60489
538877687.5,-39.59886
538877750.0,-39.59354
538877812.5,-39.58867
538877875.0,-39.58471
538877937.5,-39.57623
538878000.0,-39.56652
538878062.5,-39.55978
538878125.0,-39.57014
538878187.5,-39.56722
538878250.0,-39.54483
538878312.5,-39.56159
538878375.0,-39.53972
538878437.5,-39.52225
538878500.0,-39.53223
538878562.5,-39.52613
538878625.0,-39.5323
538878687.5,-39.52612
538878750.0,-39.4982
538878812.5,-39.51599
538878875.0,-39.49849
538878937.5,-39.51167
538879000.0,-39.49892
538879062.5,-39.47958
538879125.0,-39.48581
538879187.5,-39.47092
538879250.0,-39.47616
538879312.5,-39.46914
538879375.0,-39.45486
538879437.5,-39.45937
538879500.0,-39.44299
538879562.5,-39.44503
538879625.0,-39.43287
538879687.5,-39.43468
538879750.0,-39.42964
538879812.5,-39.42437
538879875.0,-39.41845
538879937.5,-39.39642
538880000.0,-39.40086
538880062.5,-39.38532
538880125.0,-39.40962
538880187.5,-39.37548
538880250.0,-39.38594
538880312.5,-39.38326
538880375.0,-39.36939
538880437.5,-39.38375
538880500.0,-39.36451
538880562.5,-39.34613
538880625.0,-39.36097
538880687.5,-39.35911
538880750.0,-39.34361
538880812.5,-39.33338
538880875.0,-39.34336
538880937.5,-39.33189
538881000.0,-39.32412
538881062.5,-39.32875
538881125.0,-39.30853
538881187.5,-39.30175
538881250.0,-39.30553
538881312.5,-39.29311
538881375.0,-39.29066
538881437.5,-39.27754
538881500.0,-39.2809
538881562.5,-39.27608
538881625.0,-39.27888
538881687.5,-39.2518
538881750.0,-39.25483
538881812.5,-39.26112
538881875.0,-39.23999
538881937.5,-39.23539
538882000.0,-39.23683
538882062.5,-39.23528
538882125.0,-39.24155
538882187.5,-39.22987
538882250.0,-39.21892
538882312.5,-39.21265
538882375.0,-39.19143
538882437.5,-39.19725
538882500.0,-39.19753
538882562.5,-39.20013
538882625.0,-39.18449
538882687.5,-39.19353
538882750.0,-39.18213
538882812.5,-39.16396
538882875.0,-39.16144
538882937.5,-39.17183
538883000.0,-39.14848
538883062.5,-39.15053
538883125.0,-39.14025
538883187.5,-39.14227
538883250.0,-39.12923
538883312.5,-39.13111
538883375.0,-39.12357
538883437.5,-39.12147
538883500.0,-39.10803
538883562.5,-39.09988
538883625.0,-39.10317
538883687.5,-39.08734
538883750.0,-39.09158
538883812.5,-39.07052
538883875.0,-39.08569
538883937.5,-39.07052
538884000.0,-39.06475
538884062.5,-39.06414
538884125.0,-39.05314
538884187.5,-39.04936
538884250.0,-39.04931
538884312.5,-39.03846
538884375.0,-39.03057
538884437.5,-39.03841
538884500.0,-39.02546
538884562.5,-39.01025
538884625.0,-39.01171
538884687.5,-39.00277
538884750.0,-39.00209
538884812.5,-38.99253
538884875.0,-38.99587
538884937.5,-38.99693
538885000.0,-38.9747
538885062.5,-38.97002
538885125.0,-38.9756
538885187.5,-38.95613
538885250.0,-38.94279
538885312.5,-38.94422
538885375.0,-38.93303
538885437.5,-38.93993
538885500.0,-38.92942
538885562.5,-38.94019
538885625.0,-38.91397
538885687.5,-38.91565
538885750.0,-38.91016
538885812.5,-38.9095
538885875.0,-38.89153
538885937.5,-38.89317
538886000.0,-38.88654
538886062.5,-38.89385
538886125.0,-38.8801
538886187.5,-38.87561
538886250.0,-38.86011
538886312.5,-38.85864
538886375.0,-38.85625
538886437.5,-38.85357
538886500.0,-38.85307
538886562.5,-38.8381
538886625.0,-38.84083
538886687.5,-38.82051
538886750.0,-38.8284
538886812.5,-38.83263
538886875.0,-38.81591
538886937.5,-38.79631
538887000.0,-38.79512
538887062.5,-38.80274
538887125.0,-38.79924
538887187.5,-38.78656
538887250.0,-38.77289
538887312.5,-38.77417
538887375.0,-38.76242
538887437.5,-38.7535
538887500.0,-38.75909
538887562.5,-38.75053
538887625.0,-38.74356
538887687.5,-38.73854
538887750.0,-38.73022
538887812.5,-38.73285
538887875.0,-38.73018
538887937.5,-38.70488
538888000.0,-38.70656
538888062.5,-38.6961
538888125.0,-38.70078
538888187.5,-38.68716
538888250.0,-38.69051
538888312.5,-38.68806
538888375.0,-38.6734
538888437.5,-38.67482
538888500.0,-38.67095
538888562.5,-38.66187
538888625.0,-38.65522
538888687.5,-38.65135
538888750.0,-38.63708
538888812.5,-38.63719
538888875.0,-38.62538
538888937.5,-38.62587
538889000.0,-38.61679
538889062.5,-38.61766
538889125.0,-38.60342
538889187.5,-38.60016
538889250.0,-38.58553
538889312.5,-38.58284
538889375.0,-38.59132
538889437.5,-38.57769
538889500.0,-38.57896
538889562.5,-38.56796
538889625.0,-38.56278
538889687.5,-38.55142
538889750.0,-38.539
538889812.5,-38.54597
538889875.0,-38.54862
538889937.5,-38.52802
538890000.0,-38.53369
538890062.5,-38.53701
538890125.0,-38.51671
538890187.5,-38.5158
538890250.0,-38.50307
538890312.5,-38.50643
538890375.0,-38.50748
538890437.5,-38.4952
538890500.0,-38.49091
538890562.5,-38.47393
538890625.0,-38.46381
538890687.5,-38.468
538890750.0,-38.45922
538890812.5,-38.45963
538890875.0,-38.43985
538890937.5,-38.44458
538891000.0,-38.45589
538891062.5,-38.43226
538891125.0,-38.42865
538891187.5,-38.4202
538891250.0,-38.40939
538891312.5,-38.40569
538891375.0,-38.40329
538891437.5,-38.39975
538891500.0,-38.39077
538891562.5,-38.38988
538891625.0,-38.37995
538891687.5,-38.37344
538891750.0,-38.36298
538891812.5,-38.3598
538891875.0,-38.37081
538891937.5,-38.35492
538892000.0,-38.34551
538892062.5,-38.33166
538892125.0,-38.33342
538892187.5,-38.32192
538892250.0,-38.32352
538892312.5,-38.32508
538892375.0,-38.31176
538892437.5,-38.31313
538892500.0,-38.30062
538892562.5,-38.29164
538892625.0,-38.28698
538892687.5,-38.28533
538892750.0,-38.27151
538892812.5,-38.26627
538892875.0,-38.27048
538892937.5,-38.25488
538893000.0,-38.24027
538893062.5,-38.24052
538893125.0,-38.24089
538893187.5,-38.22313
538893250.0,-38.22868
538893312.5,-38.21718
538893375.0,-38.20686
538893437.5,-38.20276
538893500.0,-38.19193
538893562.5,-38.20486
538893625.0,-38.19288
538893687.5,-38.17909
538893750.0,-38.18172
538893812.5,-38.1759
538893875.0,-38.16802
538893937.5,-38.16362
538894000.0,-38.14409
538894062.5,-38.14945
538894125.0,-38.14201
538894187.5,-38.13213
538894250.0,-38.14684
538894312.5,-38.13077
538894375.0,-38.12191
538894437.5,-38.11661
538894500.0,-38.10906
538894562.5,-38.10221
538894625.0,-38.08649
538894687.5,-38.08105
538894750.0,-38.08486
538894812.5,-38.07898
538894875.0,-38.06647
538894937.5,-38.06686
538895000.0,-38.05476
538895062.5,-38.05953
538895125.0,-38.05301
538895187.5,-38.03664
538895250.0,-38.03793
538895312.5,-38.02525
538895375.0,-38.02061
538895437.5,-38.02386
538895500.0,-38.00267
538895562.5,-37.99536
538895625.0,-38.0034
538895687.5,-37.99211
538895750.0,-37.98342
538895812.5,-37.97661
538895875.0,-37.98568
538895937.5,-37.95831
538896000.0,-37.95359
538896062.5,-37.9516
538896125.0,-37.94441
538896187.5,-37.94896
538896250.0,-37.93382
538896312.5,-37.92801
538896375.0,-37.92987
538896437.5,-37.91513
538896500.0,-37.91813
538896562.5,-37.90199
538896625.0,-37.90308
538896687.5,-37.8946
538896750.0,-37.89014
538896812.5,-37.87946
538896875.0,-37.87659
538896937.5,-37.88235
538897000.0,-37.86519
538897062.5,-37.84911
538897125.0,-37.84212
538897187.5,-37.83942
538897250.0,-37.84636
538897312.5,-37.83009
538897375.0,-37.82896
538897437.5,-37.83075
538897500.0,-37.82166
538897562.5,-37.80563
538897625.0,-37.80198
538897687.5,-37.79744
538897750.0,-37.79107
538897812.5,-37.78703
538897875.0,-37.77757
538897937.5,-37.7749
538898000.0,-37.76193
538898062.5,-37.76509
538898125.0,-37.75183
538898187.5,-37.74447
538898250.0,-37.73373
538898312.5,-37.73308
538898375.0,-37.72285
538898437.5,-37.71905
538898500.0,-37.7017
538898562.5,-37.70232
538898625.0,-37.70291
538898687.5,-37.69296
538898750.0,-37.68345
538898812.5,-37.67719
538898875.0,-37.67494
538898937.5,-37.66744
538899000.0,-37.65865
538899062.5,-37.65379
538899125.0,-37.65672
538899187.5,-37.64617
538899250.0,-37.63418
538899312.5,-37.6357
538899375.0,-37.6288
538899437.5,-37.62842
538899500.0,-37.60353
538899562.5,-37.59933
538899625.0,-37.59522
538899687.5,-37.60006
538899750.0,-37.59042
538899812.5,-37.58165
538899875.0,-37.57772
538899937.5,-37.55994
538900000.0,-37.56412
538900062.5,-37.55151
538900125.0,-37.5529
538900187.5,-37.54728
538900250.0,-37.52864
538900312.5,-37.5299
538900375.0,-37.51545
538900437.5,-37.51742
538900500.0,-37.50715
538900562.5,-37.49556
538900625.0,-37.49837
538900687.5,-37.48904
538900750.0,-37.48718
538900812.5,-37.47277
538900875.0,-37.46622
538900937.5,-37.46634
538901000.0,-37.46334
538901062.5,-37.45592
538901125.0,-37.45024
538901187.5,-37.43357
538901250.0,-37.43753
538901312.5,-37.42612
538901375.0,-37.43058
538901437.5,-37.43049
538901500.0,-37.40912
538901562.5,-37.40562
538901625.0,-37.39151
538901687.5,-37.38391
538901750.0,-37.38757
538901812.5,-37.37695
538901875.0,-37.36179
538901937.5,-37.36903
538902000.0,-37.36279
538902062.5,-37.35053
538902125.0,-37.35492
538902187.5,-37.33429
538902250.0,-37.32829
538902312.5,-37.31891
538902375.0,-37.32198
538902437.5,-37.31351
538902500.0,-37.3025
538902562.5,-37.30441
538902625.0,-37.29294
538902687.5,-37.28819
538902750.0,-37.28442
538902812.5,-37.27926
538902875.0,-37.26834
538902937.5,-37.25991
538903000.0,-37.26402
538903062.5,-37.23992
538903125.0,-37.24164
538903187.5,-37.23244
538903250.0,-37.224
538903312.5,-37.22478
538903375.0,-37.21325
538903437.5,-37.21173
538903500.0,-37.20554
538903562.5,-37.19698
538903625.0,-37.19321
538903687.5,-37.17862
538903750.0,-37.18227
538903812.5,-37.15955
538903875.0,-37.15171
538903937.5,-37.15301
538904000.0,-37.15745
538904062.5,-37.14712
538904125.0,-37.13975
538904187.5,-37.1291
538904250.0,-37.12721
538904312.5,-37.10722
538904375.0,-37.1111
538904437.5,-37.09889
538904500.0,-37.08595
538904562.5,-37.0863
538904625.0,-37.07899
538904687.5,-37.06776
538904750.0,-37.0587
538904812.5,-37.06786
538904875.0,-37.04637
538904937.5,-37.05747
538905000.0,-37.0393
538905062.5,-37.03838
538905125.0,-37.02285
538905187.5,-37.01082
538905250.0,-37.01208
538905312.5,-37.00699
538905375.0,-37.00531
538905437.5,-37.00122
538905500.0,-36.97635
538905562.5,-36.97309
538905625.0,-36.96398
538905687.5,-36.95847
538905750.0,-36.96084
538905812.5,-36.95145
538905875.0,-36.95242
538905937.5,-36.94497
538906000.0,-36.92991
538906062.5,-36.92123
538906125.0,-36.91967
538906187.5,-36.90802
538906250.0,-36.90479
538906312.5,-36.89426
538906375.0,-36.89762
538906437.5,-36.88272
538906500.0,-36.87831
538906562.5,-36.87442
538906625.0,-36.86414
538906687.5,-36.86145
538906750.0,-36.8475
538906812.5,-36.83976
538906875.0,-36.84378
538906937.5,-36.83591
538907000.0,-36.81749
538907062.5,-36.82166
538907125.0,-36.81451
538907187.5,-36.79767
538907250.0,-36.7952
538907312.5,-36.7934
538907375.0,-36.79134
538907437.5,-36.76615
538907500.0,-36.77021
538907562.5,-36.765
538907625.0,-36.7531
538907687.5,-36.75097
538907750.0,-36.74064
538907812.5,-36.73411
538907875.0,-36.72749
538907937.5,-36.72291
538908000.0,-36.709
538908062.5,-36.70995
538908125.0,-36.69522
538908187.5,-36.70016
538908250.0,-36.68048
538908312.5,-36.68171
538908375.0,-36.6646
538908437.5,-36.67295
538908500.0,-36.66528
538908562.5,-36.65102
538908625.0,-36.63783
538908687.5,-36.63465
538908750.0,-36.63411
538908812.5,-36.62196
538908875.0,-36.61023
538908937.5,-36.61174
538909000.0,-36.60484
538909062.5,-36.59901
538909125.0,-36.58744
538909187.5,-36.57941
538909250.0,-36.57184
538909312.5,-36.56409
538909375.0,-36.56158
538909437.5,-36.55399
538909500.0,-36.54493
538909562.5,-36.53083
538909625.0,-36.5282
538909687.5,-36.52091
538909750.0,-36.50933
538909812.5,-36.51218
538909875.0,-36.50329
538909937.5,-36.49915
538910000.0,-36.48501
538910062.5,-36.48322
538910125.0,-36.47781
538910187.5,-36.46864
538910250.0,-36.46432
538910312.5,-36.4486
538910375.0,-36.44871
538910437.5,-36.43854
538910500.0,-36.42852
538910562.5,-36.42488
538910625.0,-36.41638
538910687.5,-36.41318
538910750.0,-36.40792
538910812.5,-36.39578
538910875.0,-36.38131
538910937.5,-36.3862
538911000.0,-36.37262
538911062.5,-36.3755
538911125.0,-36.35563
538911187.5,-36.34684
538911250.0,-36.34526
538911312.5,-36.34946
538911375.0,-36.32587
538911437.5,-36.32209
538911500.0,-36.31752
538911562.5,-36.31383
538911625.0,-36.29427
538911687.5,-36.29826
538911750.0,-36.29057
538911812.5,-36.27373
538911875.0,-36.28259
538911937.5,-36.26432
538912000.0,-36.26615
538912062.5,-36.25542
538912125.0,-36.24022
538912187.5,-36.24869
538912250.0,-36.23027
538912312.5,-36.2216
538912375.0,-36.21165
538912437.5,-36.19954
538912500.0,-36.19913
538912562.5,-36.19798
538912625.0,-36.18389
538912687.5,-36.18085
538912750.0,-36.16494
538912812.5,-36.166
538912875.0,-36.15686
538912937.5,-36.1454
538913000.0,-36.1382
538913062.5,-36.13064
538913125.0,-36.13218
538913187.5,-36.11347
538913250.0,-36.11483
538913312.5,-36.10122
538913375.0,-36.10253
538913437.5,-36.08697
538913500.0,-36.08446
538913562.5,-36.07687
538913625.0,-36.07104
538913687.5,-36.06617
538913750.0,-36.05185
538913812.5,-36.04971
538913875.0,-36.03948
538913937.5,-36.02954
538914000.0,-36.02339
538914062.5,-36.02381
538914125.0,-36.00705
538914187.5,-36.00419
538914250.0,-35.99033
538914312.5,-35.97903
538914375.0,-35.98558
538914437.5,-35.9763
538914500.0,-35.96731
538914562.5,-35.95173
538914625.0,-35.94785
538914687.5,-35.94741
538914750.0,-35.93235
538914812.5,-35.92587
538914875.0,-35.9181
538914937.5,-35.90983
538915000.0,-35.91151
538915062.5,-35.89965
538915125.0,-35.89175
538915187.5,-35.88503
538915250.0,-35.87346
538915312.5,-35.87674
538915375.0,-35.85352
538915437.5,-35.84695
538915500.0,-35.8523
538915562.5,-35.84074
538915625.0,-35.82884
538915687.5,-35.8263
538915750.0,-35.80893
538915812.5,-35.79881
538915875.0,-35.79232
538915937.5,-35.79674
538916000.0,-35.78082
538916062.5,-35.77895
538916125.0,-35.76662
538916187.5,-35.76109
538916250.0,-35.75164
538916312.5,-35.75025
538916375.0,-35.74745
538916437.5,-35.72992
538916500.0,-35.72626
538916562.5,-35.71416
538916625.0,-35.71088
538916687.5,-35.70631
538916750.0,-35.69263
538916812.5,-35.68533
538916875.0,-35.6808
538916937.5,-35.67138
538917000.0,-35.66618
538917062.5,-35.65097
538917125.0,-35.64764
538917187.5,-35.63808
538917250.0,-35.63153
538917312.5,-35.62759
538917375.0,-35.60951
538917437.5,-35.61052
538917500.0,-35.59401
538917562.5,-35.58139
538917625.0,-35.57882
538917687.5,-35.58189
538917750.0,-35.57153
538917812.5,-35.5622
538917875.0,-35.55284
538917937.5,-35.54099
538918000.0,-35.54389
538918062.5,-35.53085
538918125.0,-35.52051
538918187.5,-35.51456
538918250.0,-35.50589
538918312.5,-35.49841
538918375.0,-35.47871
538918437.5,-35.48563
538918500.0,-35.47124
538918562.5,-35.47198
538918625.0,-35.45982
538918687.5,-35.453
538918750.0,-35.44159
538918812.5,-35.43532
538918875.0,-35.42829
538918937.5,-35.42158
538919000.0,-35.41853
538919062.5,-35.4051
538919125.0,-35.38862
538919187.5,-35.38503
538919250.0,-35.38291
538919312.5,-35.37225
538919375.0,-35.35959
538919437.5,-35.35839
538919500.0,-35.34804
538919562.5,-35.3403
538919625.0,-35.33643
538919687.5,-35.31996
538919750.0,-35.31534
538919812.5,-35.30235
538919875.0,-35.29645
538919937.5,-35.29137
538920000.0,-35.28981
538920062.5,-35.27715
538920125.0,-35.26937
538920187.5,-35.26532
538920250.0,-35.26192
538920312.5,-35.24838
538920375.0,-35.23493
538920437.5,-35.22699
538920500.0,-35.21858
538920562.5,-35.21846
538920625.0,-35.21286
538920687.5,-35.20731
538920750.0,-35.19218
538920812.5,-35.1858
538920875.0,-35.16896
538920937.5,-35.16493
538921000.0,-35.16033
538921062.5,-35.15429
538921125.0,-35.138
538921187.5,-35.12814
538921250.0,-35.12366
538921312.5,-35.11611
538921375.0,-35.11222
538921437.5,-35.10996
538921500.0,-35.10169
538921562.5,-35.08706
538921625.0,-35.07037
538921687.5,-35.06994
538921750.0,-35.06411
538921812.5,-35.05499
538921875.0,-35.04219
538921937.5,-35.04306
538922000.0,-35.02599
538922062.5,-35.02175
538922125.0,-35.00807
538922187.5,-35.00183
538922250.0,-34.99791
538922312.5,-34.99614
538922375.0,-34.98211
538922437.5,-34.97364
538922500.0,-34.96511
538922562.5,-34.9541
538922625.0,-34.95709
538922687.5,-34.93436
538922750.0,-34.92678
538922812.5,-34.92369
538922875.0,-34.91133
538922937.5,-34.90621
538923000.0,-34.89974
538923062.5,-34.88828
538923125.0,-34.87411
538923187.5,-34.87246
538923250.0,-34.86318
538923312.5,-34.8578
538923375.0,-34.84581
538923437.5,-34.83434
538923500.0,-34.83011
538923562.5,-34.8219
538923625.0,-34.81865
538923687.5,-34.80815
538923750.0,-34.79947
538923812.5,-34.79395
538923875.0,-34.78112
538923937.5,-34.7709
538924000.0,-34.76366
538924062.5,-34.7628
538924125.0,-34.75262
538924187.5,-34.73835
538924250.0,-34.7286
538924312.5,-34.7202
538924375.0,-34.71292
538924437.5,-34.71134
538924500.0,-34.70329
538924562.5,-34.69221
538924625.0,-34.67727
538924687.5,-34.67531
538924750.0,-34.67102
538924812.5,-34.65601
538924875.0,-34.65067
538924937.5,-34.63839
538925000.0,-34.63527
538925062.5,-34.6145
538925125.0,-34.61792
538925187.5,-34.60065
538925250.0,-34.59343
538925312.5,-34.59015
538925375.0,-34.58239
538925437.5,-34.57121
538925500.0,-34.56422
538925562.5,-34.55233
538925625.0,-34.54667
538925687.5,-34.5346
538925750.0,-34.5284
538925812.5,-34.52264
538925875.0,-34.5105
538925937.5,-34.5036
538926000.0,-34.49577
538926062.5,-34.48677
538926125.0,-34.47744
538926187.5,-34.46327
538926250.0,-34.46362
538926312.5,-34.45901
538926375.0,-34.4432
538926437.5,-34.43755
538926500.0,-34.42532
538926562.5,-34.41703
538926625.0,-34.41541
538926687.5,-34.39994
538926750.0,-34.38914
538926812.5,-34.38365
538926875.0,-34.38066
538926937.5,-34.36383
538927000.0,-34.35591
538927062.5,-34.35016
538927125.0,-34.33695
538927187.5,-34.33303
538927250.0,-34.31864
538927312.5,-34.31221
538927375.0,-34.30913
538927437.5,-34.29487
538927500.0,-34.28563
538927562.5,-34.27865
538927625.0,-34.27152
538927687.5,-34.26148
538927750.0,-34.24972
538927812.5,-34.23964
538927875.0,-34.23421
538927937.5,-34.22569
538928000.0,-34.21933
538928062.5,-34.21151
538928125.0,-34.20655
538928187.5,-34.19334
538928250.0,-34.17949
538928312.5,-34.17705
538928375.0,-34.15719
538928437.5,-34.16026
538928500.0,-34.15003
538928562.5,-34.13761
538928625.0,-34.12742
538928687.5,-34.12323
538928750.0,-34.10985
538928812.5,-34.10558
538928875.0,-34.09122
538928937.5,-34.08777
538929000.0,-34.07429
538929062.5,-34.06787
538929125.0,-34.06273
538929187.5,-34.04753
538929250.0,-34.04138
538929312.5,-34.03333
538929375.0,-34.02074
538929437.5,-34.01481
538929500.0,-34.00676
538929562.5,-33.99643
538929625.0,-33.99681
538929687.5,-33.98146
538929750.0,-33.96248
538929812.5,-33.96108
538929875.0,-33.95684
538929937.5,-33.94693
538930000.0,-33.93499
538930062.5,-33.92329
538930125.0,-33.91259
538930187.5,-33.90697
538930250.0,-33.90149
538930312.5,-33.88906
538930375.0,-33.885
538930437.5,-33.868
538930500.0,-33.86628
538930562.5,-33.85231
538930625.0,-33.84296
538930687.5,-33.83087
538930750.0,-33.83474
538930812.5,-33.81231
538930875.0,-33.80697
538930937.5,-33.80433
538931000.0,-33.78908
538931062.5,-33.78822
538931125.0,-33.77711
538931187.5,-33.76495
538931250.0,-33.75474
538931312.5,-33.7428
538931375.0,-33.73286
538931437.5,-33.72587
538931500.0,-33.71257
538931562.5,-33.70274
538931625.0,-33.69936
538931687.5,-33.6825
538931750.0,-33.6837
538931812.5,-33.67551
538931875.0,-33.66922
538931937.5,-33.65376
538932000.0,-33.64352
538932062.5,-33.64087
538932125.0,-33.62769
538932187.5,-33.61232
538932250.0,-33.60178
538932312.5,-33.59559
538932375.0,-33.59028
538932437.5,-33.57957
538932500.0,-33.57059
538932562.5,-33.55766
538932625.0,-33.55682
538932687.5,-33.54217
538932750.0,-33.53325
538932812.5,-33.52072
538932875.0,-33.51218
538932937.5,-33.51183
538933000.0,-33.49712
538933062.5,-33.4893
538933125.0,-33.47504
538933187.5,-33.46661
538933250.0,-33.46474
538933312.5,-33.4475
538933375.0,-33.44007
538933437.5,-33.4338
538933500.0,-33.42323
538933562.5,-33.40693
538933625.0,-33.39693
538933687.5,-33.38878
538933750.0,-33.38841
538933812.5,-33.37359
538933875.0,-33.36823
538933937.5,-33.34798
538934000.0,-33.34265
538934062.5,-33.33521
538934125.0,-33.31966
538934187.5,-33.31733
538934250.0,-33.31524
538934312.5,-33.30005
538934375.0,-33.29712
538934437.5,-33.27682
538934500.0,-33.26612
538934562.5,-33.26072
538934625.0,-33.2566
538934687.5,-33.23601
538934750.0,-33.23392
538934812.5,-33.22373
538934875.0,-33.21403
538934937.5,-33.20462
538935000.0,-33.19452
538935062.5,-33.18597
538935125.0,-33.17988
538935187.5,-33.16817
538935250.0,-33.15463
538935312.5,-33.14164
538935375.0,-33.14122
538935437.5,-33.13024
538935500.0,-33.12037
538935562.5,-33.1067
538935625.0,-33.10191
538935687.5,-33.09212
538935750.0,-33.08309
538935812.5,-33.07913
538935875.0,-33.05993
538935937.5,-33.05692
538936000.0,-33.04459
538936062.5,-33.03458
538936125.0,-33.02008
538936187.5,-33.01105
538936250.0,-33.00215
538936312.5,-32.99472
538936375.0,-32.98115
538936437.5,-32.9815
538936500.0,-32.96597
538936562.5,-32.96429
538936625.0,-32.94206
538936687.5,-32.93603
538936750.0,-32.92878
538936812.5,-32.92189
538936875.0,-32.90567
538936937.5,-32.89467
538937000.0,-32.88867
538937062.5,-32.88691
538937125.0,-32.86991
538937187.5,-32.86078
538937250.0,-32.84937
538937312.5,-32.84853
538937375.0,-32.83677
538937437.5,-32.81992
538937500.0,-32.81156
538937562.5,-32.80264
538937625.0,-32.78741
538937687.5,-32.78994
538937750.0,-32.7732
538937812.5,-32.76508
538937875.0,-32.75469
538937937.5,-32.74655
538938000.0,-32.73462
538938062.5,-32.72149
538938125.0,-32.71757
538938187.5,-32.70492
538938250.0,-32.69167
538938312.5,-32.68504
538938375.0,-32.67384
538938437.5,-32.6671
538938500.0,-32.65697
538938562.5,-32.64402
538938625.0,-32.63891
538938687.5,-32.62642
538938750.0,-32.6145
538938812.5,-32.60936
538938875.0,-32.59424
538938937.5,-32.58992
538939000.0,-32.58133
538939062.5,-32.56759
538939125.0,-32.5564
538939187.5,-32.55011
538939250.0,-32.5346
538939312.5,-32.53071
538939375.0,-32.51373
538939437.5,-32.5055
538939500.0,-32.49182
538939562.5,-32.48903
538939625.0,-32.47341
538939687.5,-32.46732
538939750.0,-32.44955
538939812.5,-32.45212
538939875.0,-32.43546
538939937.5,-32.43375
538940000.0,-32.41509
538940062.5,-32.40392
538940125.0,-32.39416
538940187.5,-32.3862
538940250.0,-32.37871
538940312.5,-32.37211
538940375.0,-32.35722
538940437.5,-32.34728
538940500.0,-32.33411
538940562.5,-32.32363
538940625.0,-32.31671
538940687.5,-32.30827
538940750.0,-32.29638
538940812.5,-32.28666
538940875.0,-32.27417
538940937.5,-32.25933
538941000.0,-32.25091
538941062.5,-32.24623
538941125.0,-32.23512
538941187.5,-32.22334
538941250.0,-32.21036
538941312.5,-32.20647
538941375.0,-32.19206
538941437.5,-32.18197
538941500.0,-32.17581
538941562.5,-32.16605
538941625.0,-32.15493
538941687.5,-32.14175
538941750.0,-32.13294
538941812.5,-32.11867
538941875.0,-32.10948
538941937.5,-32.10453
538942000.0,-32.09374
538942062.5,-32.0846
538942125.0,-32.07079
538942187.5,-32.05939
538942250.0,-32.05194
538942312.5,-32.03798
538942375.0,-32.02762
538942437.5,-32.0257
538942500.0,-32.01514
538942562.5,-32.00099
538942625.0,-31.99258
538942687.5,-31.98166
538942750.0,-31.96392
538942812.5,-31.95702
538942875.0,-31.9467
538942937.5,-31.93209
538943000.0,-31.92738
538943062.5,-31.92212
538943125.0,-31.90582
538943187.5,-31.89851
538943250.0,-31.88565
538943312.5,-31.87197
538943375.0,-31.86798
538943437.5,-31.85483
538943500.0,-31.84518
538943562.5,-31.84111
538943625.0,-31.83286
538943687.5,-31.82105
538943750.0,-31.80309
538943812.5,-31.78532
538943875.0,-31.78372
538943937.5,-31.76913
538944000.0,-31.76538
538944062.5,-31.75013
538944125.0,-31.74306
538944187.5,-31.7288
538944250.0,-31.72173
538944312.5,-31.70947
538944375.0,-31.70174
538944437.5,-31.68584
538944500.0,-31.68251
538944562.5,-31.67143
538944625.0,-31.65436
538944687.5,-31.64367
538944750.0,-31.63976
538944812.5,-31.62649
538944875.0,-31.61185
538944937.5,-31.60616
538945000.0,-31.59147
538945062.5,-31.58805
538945125.0,-31.57106
538945187.5,-31.55937
538945250.0,-31.55136
538945312.5,-31.53837
538945375.0,-31.53056
538945437.5,-31.52118
538945500.0,-31.50773
538945562.5,-31.49677
538945625.0,-31.48825
538945687.5,-31.47964
538945750.0,-31.46874
538945812.5,-31.4605
538945875.0,-31.44692
538945937.5,-31.43783
538946000.0,-31.43009
538946062.5,-31.42252
538946125.0,-31.40754
538946187.5,-31.39917
538946250.0,-31.38512
538946312.5,-31.37229
538946375.0,-31.35889
538946437.5,-31.35155
538946500.0,-31.33971
538946562.5,-31.33496
538946625.0,-31.32375
538946687.5,-31.31111
538946750.0,-31.3
538946812.5,-31.29001
538946875.0,-31.28037
538946937.5,-31.2725
538947000.0,-31.25877
538947062.5,-31.24984
538947125.0,-31.23837
538947187.5,-31.22515
538947250.0,-31.21922
538947312.5,-31.20254
538947375.0,-31.19774
538947437.5,-31.18064
538947500.0,-31.17632
538947562.5,-31.1614
538947625.0,-31.15791
538947687.5,-31.14235
538947750.0,-31.13379
538947812.5,-31.12067
538947875.0,-31.11168
538947937.5,-31.09762
538948000.0,-31.09119
538948062.5,-31.08023
538948125.0,-31.06518
538948187.5,-31.05642
538948250.0,-31.04366
538948312.5,-31.03585
538948375.0,-31.02309
538948437.5,-31.01806
538948500.0,-31.00148
538948562.5,-30.99086
538948625.0,-30.9853
538948687.5,-30.96893
538948750.0,-30.96248
538948812.5,-30.95402
538948875.0,-30.93919
538948937.5,-30.93446
538949000.0,-30.91647
538949062.5,-30.91279
538949125.0,-30.89584
538949187.5,-30.88697
538949250.0,-30.87664
538949312.5,-30.86641
538949375.0,-30.8543
538949437.5,-30.85067
538949500.0,-30.83533
538949562.5,-30.82361
538949625.0,-30.81796
538949687.5,-30.80528
538949750.0,-30.79435
538949812.5,-30.77821
538949875.0,-30.76789
538949937.5,-30.76023
538950000.0,-30.75097
538950062.5,-30.73587
538950125.0,-30.72667
538950187.5,-30.71782
538950250.0,-30.70711
538950312.5,-30.6958
538950375.0,-30.68637
538950437.5,-30.67476
538950500.0,-30.66497
538950562.5,-30.65309
538950625.0,-30.64039
538950687.5,-30.63111
538950750.0,-30.6227
538950812.5,-30.61221
538950875.0,-30.59892
538950937.5,-30.59172
538951000.0,-30.57915
538951062.5,-30.5642
538951125.0,-30.55844
538951187.5,-30.53956
538951250.0,-30.53275
538951312.5,-30.52505
538951375.0,-30.51565
538951437.5,-30.50375
538951500.0,-30.48774
538951562.5,-30.47843
538951625.0,-30.47074
538951687.5,-30.46142
538951750.0,-30.44954
538951812.5,-30.43289
538951875.0,-30.42684
538951937.5,-30.41677
538952000.0,-30.4098
538952062.5,-30.39016
538952125.0,-30.38836
538952187.5,-30.37566
538952250.0,-30.36119
538952312.5,-30.34784
538952375.0,-30.33897
538952437.5,-30.32706
538952500.0,-30.32322
538952562.5,-30.31039
538952625.0,-30.29841
538952687.5,-30.28298
538952750.0,-30.27606
538952812.5,-30.26351
538952875.0,-30.25162
538952937.5,-30.24167
538953000.0,-30.23438
538953062.5,-30.22192
538953125.0,-30.21369
538953187.5,-30.19894
538953250.0,-30.18797
538953312.5,-30.17429
538953375.0,-30.16544
538953437.5,-30.15503
538953500.0,-30.14549
538953562.5,-30.13537
538953625.0,-30.12615
538953687.5,-30.11378
538953750.0,-30.10406
538953812.5,-30.09469
538953875.0,-30.08243
538953937.5,-30.06864
538954000.0,-30.06293
538954062.5,-30.04985
538954125.0,-30.04109
538954187.5,-30.0302
538954250.0,-30.01765
538954312.5,-30.00785
538954375.0,-29.99488
538954437.5,-29.98656
538954500.0,-29.97616
538954562.5,-29.96289
538954625.0,-29.95126
538954687.5,-29.94497
538954750.0,-29.93226
538954812.5,-29.92208
538954875.0,-29.91001
538954937.5,-29.89784
538955000.0,-29.89313
538955062.5,-29.88358
538955125.0,-29.8692
538955187.5,-29.85897
538955250.0,-29.84607
538955312.5,-29.83645
538955375.0,-29.82354
538955437.5,-29.81713
538955500.0,-29.80484
538955562.5,-29.7978
538955625.0,-29.7809
538955687.5,-29.77596
538955750.0,-29.76385
538955812.5,-29.75502
538955875.0,-29.73966
538955937.5,-29.72584
538956000.0,-29.71878
538956062.5,-29.71448
538956125.0,-29.69972
538956187.5,-29.68476
538956250.0,-29.68028
538956312.5,-29.67073
538956375.0,-29.65657
538956437.5,-29.6468
538956500.0,-29.63498
538956562.5,-29.62714
538956625.0,-29.61376
538956687.5,-29.60332
538956750.0,-29.59521
538956812.5,-29.58135
538956875.0,-29.57183
538956937.5,-29.56244
538957000.0,-29.54919
538957062.5,-29.54094
538957125.0,-29.53306
538957187.5,-29.51863
538957250.0,-29.50829
538957312.5,-29.50167
538957375.0,-29.48902
538957437.5,-29.47712
538957500.0,-29.4668
538957562.5,-29.45798
538957625.0,-29.44734
538957687.5,-29.43812
538957750.0,-29.4276
538957812.5,-29.41148
538957875.0,-29.40678
538957937.5,-29.39044
538958000.0,-29.38565
538958062.5,-29.37535
538958125.0,-29.36328
538958187.5,-29.35551
538958250.0,-29.34397
538958312.5,-29.3282
538958375.0,-29.31875
538958437.5,-29.30936
538958500.0,-29.30292
538958562.5,-29.29019
538958625.0,-29.28197
538958687.5,-29.27119
538958750.0,-29.26262
538958812.5,-29.2498
538958875.0,-29.24151
538958937.5,-29.22943
538959000.0,-29.22055
538959062.5,-29.20625
538959125.0,-29.19779
538959187.5,-29.18385
538959250.0,-29.17557
538959312.5,-29.16789
538959375.0,-29.16167
538959437.5,-29.14969
538959500.0,-29.13369
538959562.5,-29.12448
538959625.0,-29.11495
538959687.5,-29.10539
538959750.0,-29.09584
538959812.5,-29.08704
538959875.0,-29.07944
538959937.5,-29.06783
538960000.0,-29.0573
538960062.5,-29.04882
538960125.0,-29.03978
538960187.5,-29.02943
538960250.0,-29.018
538960312.5,-29.00789
538960375.0,-28.99845
538960437.5,-28.98789
538960500.0,-28.9749
538960562.5,-28.96905
538960625.0,-28.96081
538960687.5,-28.94993
538960750.0,-28.93711
538960812.5,-28.92559
538960875.0,-28.92073
538960937.5,-28.90751
538961000.0,-28.90099
538961062.5,-28.88863
538961125.0,-28.8778
538961187.5,-28.87054
538961250.0,-28.86217
538961312.5,-28.84827
538961375.0,-28.83938
538961437.5,-28.82716
538961500.0,-28.81737
538961562.5,-28.80985
538961625.0,-28.79782
538961687.5,-28.79146
538961750.0,-28.78298
538961812.5,-28.77282
538961875.0,-28.76248
538961937.5,-28.75351
538962000.0,-28.74387
538962062.5,-28.73685
538962125.0,-28.72127
538962187.5,-28.71268
538962250.0,-28.70455
538962312.5,-28.69935
538962375.0,-28.68874
538962437.5,-28.67835
538962500.0,-28.66406
538962562.5,-28.65834
538962625.0,-28.65014
538962687.5,-28.6408
538962750.0,-28.62995
538962812.5,-28.62127
538962875.0,-28.6128
538962937.5,-28.60384
538963000.0,-28.59294
538963062.5,-28.58273
538963125.0,-28.57585
538963187.5,-28.56624
538963250.0,-28.55489
538963312.5,-28.54668
538963375.0,-28.53906
538963437.5,-28.53123
538963500.0,-28.52136
538963562.5,-28.51107
538963625.0,-28.50376
538963687.5,-28.49633
538963750.0,-28.48648
538963812.5,-28.47465
538963875.0,-28.46383
538963937.5,-28.46048
538964000.0,-28.45087
538964062.5,-28.43794
538964125.0,-28.4306
538964187.5,-28.42056
538964250.0,-28.41337
538964312.5,-28.40738
538964375.0,-28.39288
538964437.5,-28.38692
538964500.0,-28.37548
538964562.5,-28.3742
538964625.0,-28.3596
538964687.5,-28.35223
538964750.0,-28.34699
538964812.5,-28.33669
538964875.0,-28.3253
538964937.5,-28.3175
538965000.0,-28.31019
538965062.5,-28.30204
538965125.0,-28.29334
538965187.5,-28.28139
538965250.0,-28.27929
538965312.5,-28.27136
538965375.0,-28.25937
538965437.5,-28.25198
538965500.0,-28.24102
538965562.5,-28.23407
538965625.0,-28.22965
538965687.5,-28.21979
538965750.0,-28.21135
538965812.5,-28.20059
538965875.0,-28.19526
538965937.5,-28.18256
538966000.0,-28.17807
538966062.5,-28.16591
538966125.0,-28.16313
538966187.5,-28.15353
538966250.0,-28.14798
538966312.5,-28.13545
538966375.0,-28.13178
538966437.5,-28.12177
538966500.0,-28.11735
538966562.5,-28.10693
538966625.0,-28.10345
538966687.5,-28.09024
538966750.0,-28.08534
538966812.5,-28.07731
538966875.0,-28.06828
538966937.5,-28.06301
538967000.0,-28.05902
538967062.5,-28.04847
538967125.0,-28.04098
538967187.5,-28.03595
538967250.0,-28.02411
538967312.5,-28.02045
538967375.0,-28.00956
538967437.5,-28.0025
538967500.0,-27.99598
538967562.5,-27.98673
538967625.0,-27.98672
538967687.5,-27.97568
538967750.0,-27.96696
538967812.5,-27.96467
538967875.0,-27.95283
538967937.5,-27.94529
538968000.0,-27.93934
538968062.5,-27.93663
538968125.0,-27.92721
538968187.5,-27.92163
538968250.0,-27.91319
538968312.5,-27.90367
538968375.0,-27.89825
538968437.5,-27.88746
538968500.0,-27.88335
538968562.5,-27.87734
538968625.0,-27.87006
538968687.5,-27.86622
538968750.0,-27.85898
538968812.5,-27.85253
538968875.0,-27.84632
538968937.5,-27.84092
538969000.0,-27.83332
538969062.5,-27.82219
538969125.0,-27.81845
538969187.5,-27.81322
538969250.0,-27.80599
538969312.5,-27.80427
538969375.0,-27.79383
538969437.5,-27.78961
538969500.0,-27.78335
538969562.5,-27.77528
538969625.0,-27.77273
538969687.5,-27.76493
538969750.0,-27.76203
538969812.5,-27.75286
538969875.0,-27.75008
538969937.5,-27.74326
538970000.0,-27.733
538970062.5,-27.73069
538970125.0,-27.72312
538970187.5,-27.71996
538970250.0,-27.7092
538970312.5,-27.70972
538970375.0,-27.70281
538970437.5,-27.69675
538970500.0,-27.68981
538970562.5,-27.68399
538970625.0,-27.68238
538970687.5,-27.67328
538970750.0,-27.66954
538970812.5,-27.66492
538970875.0,-27.65839
538970937.5,-27.65405
538971000.0,-27.64879
538971062.5,-27.64611
538971125.0,-27.63984
538971187.5,-27.63672
538971250.0,-27.62777
538971312.5,-27.62195
538971375.0,-27.61966
538971437.5,-27.61745
538971500.0,-27.61165
538971562.5,-27.60363
538971625.0,-27.6
538971687.5,-27.59933
538971750.0,-27.59346
538971812.5,-27.58693
538971875.0,-27.58536
538971937.5,-27.58251
538972000.0,-27.57367
538972062.5,-27.56763
538972125.0,-27.56528
538972187.5,-27.56318
538972250.0,-27.55936
538972312.5,-27.55693
538972375.0,-27.55115
538972437.5,-27.54738
538972500.0,-27.54103
538972562.5,-27.53808
538972625.0,-27.53322
538972687.5,-27.53144
538972750.0,-27.52704
538972812.5,-27.5225
538972875.0,-27.51726
538972937.5,-27.51605
538973000.0,-27.5129
538973062.5,-27.51064
538973125.0,-27.50521
538973187.5,-27.50134
538973250.0,-27.49873
538973312.5,-27.49495
538973375.0,-27.49623
538973437.5,-27.48734
538973500.0,-27.48517
538973562.5,-27.48164
538973625.0,-27.48136
538973687.5,-27.47627
538973750.0,-27.47368
538973812.5,-27.46976
538973875.0,-27.46841
538973937.5,-27.46699
538974000.0,-27.46408
538974062.5,-27.45755
538974125.0,-27.45793
538974187.5,-27.45448
538974250.0,-27.45154
538974312.5,-27.44895
538974375.0,-27.4467
538974437.5,-27.44346
538974500.0,-27.44273
538974562.5,-27.43893
538974625.0,-27.43734
538974687.5,-27.43615
538974750.0,-27.43461
538974812.5,-27.43319
538974875.0,-27.42662
538974937.5,-27.42719
538975000.0,-27.42498
538975062.5,-27.42121
538975125.0,-27.42016
538975187.5,-27.42011
538975250.0,-27.42128
538975312.5,-27.41549
538975375.0,-27.41322
538975437.5,-27.41242
538975500.0,-27.41376
538975562.5,-27.41102
538975625.0,-27.40958
538975687.5,-27.40721
538975750.0,-27.40787
538975812.5,-27.40689
538975875.0,-27.4031
538975937.5,-27.40508
538976000.0,-27.40366
538976062.5,-27.40161
538976125.0,-27.40102
538976187.5,-27.4012
538976250.0,-27.39886
538976312.5,-27.39995
538976375.0,-27.39658
538976437.5,-27.39724
538976500.0,-27.39568
538976562.5,-27.39539
538976625.0,-27.39606
538976687.5,-27.39349
538976750.0,-27.39623
538976812.5,-27.39309
538976875.0,-27.39403
538976937.5,-27.39388
538977000.0,-27.39323
538977062.5,-27.39174
538977125.0,-27.39214
538977187.5,-27.39346
538977250.0,-27.39463
538977312.5,-27.39156
538977375.0,-27.39315
538977437.5,-27.39185
538977500.0,-27.39478
538977562.5,-27.39338
538977625.0,-27.39162
538977687.5,-27.39627
538977750.0,-27.39212
538977812.5,-27.39446
538977875.0,-27.39741
538977937.5,-27.39491
538978000.0,-27.39769
538978062.5,-27.39627
538978125.0,-27.39438
538978187.5,-27.40037
538978250.0,-27.40032
538978312.5,-27.40026
538978375.0,-27.39818
538978437.5,-27.4033
538978500.0,-27.40415
538978562.5,-27.40735
538978625.0,-27.40349
538978687.5,-27.40759
538978750.0,-27.40791
538978812.5,-27.40678
538978875.0,-27.41247
538978937.5,-27.41087
538979000.0,-27.41598
538979062.5,-27.41619
538979125.0,-27.4156
538979187.5,-27.41869
538979250.0,-27.41956
538979312.5,-27.42018
538979375.0,-27.42217
538979437.5,-27.42644
538979500.0,-27.42986
538979562.5,-27.42877
538979625.0,-27.42666
538979687.5,-27.43435
538979750.0,-27.43504
538979812.5,-27.43549
538979875.0,-27.43981
538979937.5,-27.43997
538980000.0,-27.44604
538980062.5,-27.44588
538980125.0,-27.44879
538980187.5,-27.45351
538980250.0,-27.45522
538980312.5,-27.45697
538980375.0,-27.45952
538980437.5,-27.46224
538980500.0,-27.46642
538980562.5,-27.4657
538980625.0,-27.46959
538980687.5,-27.47477
538980750.0,-27.47663
538980812.5,-27.47632
538980875.0,-27.48407
538980937.5,-27.48594
538981000.0,-27.48669
538981062.5,-27.48994
538981125.0,-27.49218
538981187.5,-27.49808
538981250.0,-27.50157
538981312.5,-27.50807
538981375.0,-27.50888
538981437.5,-27.51128
538981500.0,-27.51491
538981562.5,-27.5211
538981625.0,-27.52075
538981687.5,-27.5261
538981750.0,-27.52934
538981812.5,-27.53291
538981875.0,-27.53683
538981937.5,-27.54103
538982000.0,-27.54598
538982062.5,-27.55093
538982125.0,-27.55262
538982187.5,-27.55506
538982250.0,-27.56242
538982312.5,-27.562
538982375.0,-27.56673
538982437.5,-27.57161
538982500.0,-27.57607
538982562.5,-27.58317
538982625.0,-27.58829
538982687.5,-27.59182
538982750.0,-27.59428
538982812.5,-27.60194
538982875.0,-27.60353
538982937.5,-27.60918
538983000.0,-27.61584
538983062.5,-27.61687
538983125.0,-27.62188
538983187.5,-27.62884
538983250.0,-27.6339
538983312.5,-27.63872
538983375.0,-27.64499
538983437.5,-27.6471
538983500.0,-27.65401
538983562.5,-27.65938
538983625.0,-27.66309
538983687.5,-27.66841
538983750.0,-27.67296
538983812.5,-27.67674
538983875.0,-27.68837
538983937.5,-27.68862
538984000.0,-27.69463
538984062.5,-27.69967
538984125.0,-27.70844
538984187.5,-27.71045
538984250.0,-27.71771
538984312.5,-27.72243
538984375.0,-27.72446
538984437.5,-27.73117
538984500.0,-27.7369
538984562.5,-27.74633
538984625.0,-27.74655
538984687.5,-27.75515
538984750.0,-27.76558
538984812.5,-27.7686
538984875.0,-27.77107
538984937.5,-27.78094
538985000.0,-27.7857
538985062.5,-27.79382
538985125.0,-27.79687
538985187.5,-27.80421
538985250.0,-27.81104
538985312.5,-27.81765
538985375.0,-27.82254
538985437.5,-27.82926
538985500.0,-27.83718
538985562.5,-27.84165
538985625.0,-27.84656
538985687.5,-27.85432
538985750.0,-27.86219
538985812.5,-27.87134
538985875.0,-27.87205
538985937.5,-27.87847
538986000.0,-27.88524
538986062.5,-27.89703
538986125.0,-27.90084
538986187.5,-27.90756
538986250.0,-27.91564
538986312.5,-27.92223
538986375.0,-27.92978
538986437.5,-27.93466
538986500.0,-27.94294
538986562.5,-27.95138
538986625.0,-27.95446
538986687.5,-27.95946
538986750.0,-27.96842
538986812.5,-27.97557
538986875.0,-27.98452
538986937.5,-27.98775
538987000.0,-27.99922
538987062.5,-28.00754
538987125.0,-28.01311
538987187.5,-28.02357
538987250.0,-28.02684
538987312.5,-28.03627
538987375.0,-28.04215
538987437.5,-28.05086
538987500.0,-28.05691
538987562.5,-28.06605
538987625.0,-28.06969
538987687.5,-28.08124
538987750.0,-28.08661
538987812.5,-28.09343
538987875.0,-28.10779
538987937.5,-28.11118
538988000.0,-28.12092
538988062.5,-28.13069
538988125.0,-28.13699
538988187.5,-28.14182
538988250.0,-28.15289
538988312.5,-28.15964
538988375.0,-28.16558
538988437.5,-28.17596
538988500.0,-28.18133
538988562.5,-28.18946
538988625.0,-28.19732
538988687.5,-28.20689
538988750.0,-28.21244
538988812.5,-28.22436
538988875.0,-28.23169
538988937.5,-28.23828
538989000.0,-28.24811
538989062.5,-28.25652
538989125.0,-28.2663
538989187.5,-28.27351
538989250.0,-28.27729
538989312.5,-28.28839
538989375.0,-28.29454
538989437.5,-28.30859
538989500.0,-28.31769
538989562.5,-28.32273
538989625.0,-28.33343
538989687.5,-28.33871
538989750.0,-28.34701
538989812.5,-28.35375
538989875.0,-28.3639
538989937.5,-28.3743
538990000.0,-28.38482
538990062.5,-28.39046
538990125.0,-28.39775
538990187.5,-28.40982
538990250.0,-28.41602
538990312.5,-28.42871
538990375.0,-28.43837
538990437.5,-28.44254
538990500.0,-28.44862
538990562.5,-28.46269
538990625.0,-28.4722
538990687.5,-28.47826
538990750.0,-28.48896
538990812.5,-28.49906
538990875.0,-28.50867
538990937.5,-28.51558
538991000.0,-28.52353
538991062.5,-28.53765
538991125.0,-28.54506
538991187.5,-28.55173
538991250.0,-28.56439
538991312.5,-28.57041
538991375.0,-28.58321
538991437.5,-28.59397
538991500.0,-28.599
538991562.5,-28.60873
538991625.0,-28.61758
538991687.5,-28.62963
538991750.0,-28.64065
538991812.5,-28.64397
538991875.0,-28.65868
538991937.5,-28.66607
538992000.0,-28.67293
538992062.5,-28.68752
538992125.0,-28.69424
538992187.5,-28.70534
538992250.0,-28.71477
538992312.5,-28.72307
538992375.0,-28.73263
538992437.5,-28.73998
538992500.0,-28.75385
538992562.5,-28.75849
538992625.0,-28.76901
538992687.5,-28.7797
538992750.0,-28.79188
538992812.5,-28.79743
538992875.0,-28.80785
538992937.5,-28.81634
538993000.0,-28.82638
538993062.5,-28.83832
538993125.0,-28.84827
538993187.5,-28.85755
538993250.0,-28.86908
538993312.5,-28.87829
538993375.0,-28.88804
538993437.5,-28.89394
538993500.0,-28.91039
538993562.5,-28.91554
538993625.0,-28.92633
538993687.5,-28.93224
538993750.0,-28.94447
538993812.5,-28.95692
538993875.0,-28.96718
538993937.5,-28.97699
538994000.0,-28.98387
538994062.5,-28.9945
538994125.0,-29.00777
538994187.5,-29.01403
538994250.0,-29.02091
538994312.5,-29.031
538994375.0,-29.04859
538994437.5,-29.05961
538994500.0,-29.06476
538994562.5,-29.07562
538994625.0,-29.0874
538994687.5,-29.09483
538994750.0,-29.10647
538994812.5,-29.11206
538994875.0,-29.12663
538994937.5,-29.13882
538995000.0,-29.14512
538995062.5,-29.15486
538995125.0,-29.16558
538995187.5,-29.17733
538995250.0,-29.1852
538995312.5,-29.19562
538995375.0,-29.20921
538995437.5,-29.21866
538995500.0,-29.22806
538995562.5,-29.2399
538995625.0,-29.246
538995687.5,-29.25907
538995750.0,-29.26753
538995812.5,-29.27736
538995875.0,-29.28438
538995937.5,-29.29957
538996000.0,-29.30997
538996062.5,-29.31852
538996125.0,-29.33262
538996187.5,-29.34207
538996250.0,-29.3535
538996312.5,-29.35973
538996375.0,-29.37141
538996437.5,-29.38319
538996500.0,-29.38927
538996562.5,-29.4015
538996625.0,-29.40974
538996687.5,-29.42185
538996750.0,-29.43131
538996812.5,-29.44829
538996875.0,-29.45428
538996937.5,-29.46504
538997000.0,-29.47871
538997062.5,-29.48718
538997125.0,-29.49627
538997187.5,-29.50478
538997250.0,-29.51677
538997312.5,-29.53015
538997375.0,-29.53703
538997437.5,-29.54782
538997500.0,-29.55979
538997562.5,-29.56844
538997625.0,-29.57867
538997687.5,-29.59133
538997750.0,-29.60161
538997812.5,-29.61186
538997875.0,-29.62543
538997937.5,-29.63429
538998000.0,-29.64189
538998062.5,-29.65726
538998125.0,-29.6653
538998187.5,-29.67121
538998250.0,-29.68554
538998312.5,-29.6987
538998375.0,-29.70716
538998437.5,-29.71988
538998500.0,-29.72873
538998562.5,-29.74093
538998625.0,-29.75226
538998687.5,-29.76145
538998750.0,-29.77141
538998812.5,-29.78484
538998875.0,-29.79167
538998937.5,-29.80764
538999000.0,-29.81021
538999062.5,-29.82426
538999125.0,-29.83538
538999187.5,-29.84722
538999250.0,-29.85836
538999312.5,-29.87181
538999375.0,-29.88362
538999437.5,-29.8936
538999500.0,-29.90036
538999562.5,-29.91302
538999625.0,-29.92229
538999687.5,-29.93247
538999750.0,-29.94014
538999812.5,-29.95468
538999875.0,-29.9695
538999937.5,-29.97895
539000000.0,-29.98673
539000062.5,-29.99563
539000125.0,-30.01062
539000187.5,-30.01517
539000250.0,-30.02632
539000312.5,-30.04184
539000375.0,-30.05058
539000437.5,-30.06286
539000500.0,-30.0711
539000562.5,-30.08121
539000625.0,-30.09534
539000687.5,-30.10676
539000750.0,-30.11451
539000812.5,-30.12773
539000875.0,-30.13469
539000937.5,-30.14637
539001000.0,-30.15772
539001062.5,-30.16791
539001125.0,-30.1784
539001187.5,-30.19297
539001250.0,-30.20068
539001312.5,-30.2077
539001375.0,-30.22031
539001437.5,-30.23345
539001500.0,-30.2422
539001562.5,-30.25621
539001625.0,-30.26267
539001687.5,-30.27974
539001750.0,-30.2896
539001812.5,-30.29606
539001875.0,-30.31098
539001937.5,-30.32134
539002000.0,-30.3297
539002062.5,-30.33997
539002125.0,-30.35136
539002187.5,-30.35825
539002250.0,-30.37333
539002312.5,-30.38062
539002375.0,-30.39162
539002437.5,-30.40256
539002500.0,-30.41523
539002562.5,-30.42864
539002625.0,-30.44061
539002687.5,-30.44608
539002750.0,-30.45311
539002812.5,-30.47188
539002875.0,-30.47921
539002937.5,-30.49056
539003000.0,-30.5014
539003062.5,-30.51372
539003125.0,-30.52667
539003187.5,-30.53661
539003250.0,-30.54202
539003312.5,-30.55358
539003375.0,-30.56631
539003437.5,-30.5831
539003500.0,-30.58686
539003562.5,-30.59614
539003625.0,-30.60729
539003687.5,-30.62035
539003750.0,-30.63143
539003812.5,-30.64393
539003875.0,-30.65209
539003937.5,-30.65906
539004000.0,-30.67657
539004062.5,-30.68681
539004125.0,-30.69429
539004187.5,-30.70429
539004250.0,-30.7195
539004312.5,-30.72396
539004375.0,-30.74139
539004437.5,-30.74706
539004500.0,-30.75712
539004562.5,-30.77021
539004625.0,-30.78463
539004687.5,-30.79268
539004750.0,-30.80717
539004812.5,-30.81554
539004875.0,-30.82803
539004937.5,-30.83256
539005000.0,-30.84647
539005062.5,-30.85492
539005125.0,-30.86926
539005187.5,-30.87841
539005250.0,-30.88498
539005312.5,-30.89936
539005375.0,-30.91312
539005437.5,-30.92358
539005500.0,-30.92978
539005562.5,-30.94009
539005625.0,-30.95381
539005687.5,-30.96164
539005750.0,-30.97556
539005812.5,-30.9814
539005875.0,-30.99513
539005937.5,-31.00637
539006000.0,-31.01612
539006062.5,-31.027
539006125.0,-31.03745
539006187.5,-31.04905
539006250.0,-31.05884
539006312.5,-31.0705
539006375.0,-31.08412
539006437.5,-31.09408
539006500.0,-31.10172
539006562.5,-31.11543
539006625.0,-31.1217
539006687.5,-31.13243
539006750.0,-31.14866
539006812.5,-31.15472
539006875.0,-31.17166
539006937.5,-31.17453
539007000.0,-31.18991
539007062.5,-31.1951
539007125.0,-31.20918
539007187.5,-31.21597
539007250.0,-31.23135
539007312.5,-31.24088
539007375.0,-31.25535
539007437.5,-31.26387
539007500.0,-31.27491
539007562.5,-31.28068
539007625.0,-31.28982
539007687.5,-31.3038
539007750.0,-31.31382
539007812.5,-31.32135
539007875.0,-31.33504
539007937.5,-31.34208
539008000.0,-31.35412
539008062.5,-31.36325
539008125.0,-31.37461
539008187.5,-31.38761
539008250.0,-31.3972
539008312.5,-31.41063
539008375.0,-31.42068
539008437.5,-31.43091
539008500.0,-31.43633
539008562.5,-31.45122
539008625.0,-31.45958
539008687.5,-31.47285
539008750.0,-31.48042
539008812.5,-31.49078
539008875.0,-31.50401
539008937.5,-31.51409
539009000.0,-31.52364
539009062.5,-31.53427
539009125.0,-31.54264
539009187.5,-31.55809
539009250.0,-31.56504
539009312.5,-31.57357
539009375.0,-31.58653
539009437.5,-31.60009
539009500.0,-31.60875
539009562.5,-31.61978
539009625.0,-31.62828
539009687.5,-31.63931
539009750.0,-31.64643
539009812.5,-31.65835
539009875.0,-31.66945
539009937.5,-31.67623
539010000.0,-31.68799
539010062.5,-31.70074
539010125.0,-31.71224
539010187.5,-31.72405
539010250.0,-31.72918
539010312.5,-31.73787
539010375.0,-31.75282
539010437.5,-31.76052
539010500.0,-31.77027
539010562.5,-31.78439
539010625.0,-31.79543
539010687.5,-31.80465
539010750.0,-31.81339
539010812.5,-31.82268
539010875.0,-31.83042
539010937.5,-31.8501
539011000.0,-31.85735
539011062.5,-31.86417
539011125.0,-31.87891
539011187.5,-31.88767
539011250.0,-31.89033
539011312.5,-31.90635
539011375.0,-31.92656
539011437.5,-31.9276
539011500.0,-31.93779
539011562.5,-31.94827
539011625.0,-31.95786
539011687.5,-31.96693
539011750.0,-31.97724
539011812.5,-31.99129
539011875.0,-31.99811
539011937.5,-32.00787
539012000.0,-32.02071
539012062.5,-32.03136
539012125.0,-32.03782
539012187.5,-32.04732
539012250.0,-32.06169
539012312.5,-32.06653
539012375.0,-32.08358
539012437.5,-32.09344
539012500.0,-32.1003
539012562.5,-32.11542
539012625.0,-32.12288
539012687.5,-32.12888
539012750.0,-32.13979
539012812.5,-32.15133
539012875.0,-32.16024
539012937.5,-32.17197
539013000.0,-32.18193
539013062.5,-32.18823
539013125.0,-32.20243
539013187.5,-32.20776
539013250.0,-32.21742
539013312.5,-32.23164
539013375.0,-32.24893
539013437.5,-32.24694
539013500.0,-32.26641
539013562.5,-32.27495
539013625.0,-32.28069
539013687.5,-32.28201
539013750.0,-32.303
539013812.5,-32.31377
539013875.0,-32.32264
539013937.5,-32.33287
539014000.0,-32.34652
539014062.5,-32.35652
539014125.0,-32.36453
539014187.5,-32.37569
539014250.0,-32.38174
539014312.5,-32.39503
539014375.0,-32.3998
539014437.5,-32.40668
539014500.0,-32.42262
539014562.5,-32.43232
539014625.0,-32.44145
539014687.5,-32.44889
539014750.0,-32.46032
539014812.5,-32.47255
539014875.0,-32.48428
539014937.5,-32.49276
539015000.0,-32.5024
539015062.5,-32.51001
539015125.0,-32.51875
539015187.5,-32.53141
539015250.0,-32.54062
539015312.5,-32.54824
539015375.0,-32.56707
539015437.5,-32.57044
539015500.0,-32.57931
539015562.5,-32.58919
539015625.0,-32.59689
539015687.5,-32.60922
539015750.0,-32.62132
539015812.5,-32.62796
539015875.0,-32.64464
539015937.5,-32.64897
539016000.0,-32.66262
539016062.5,-32.67357
539016125.0,-32.67576
539016187.5,-32.6853
539016250.0,-32.69197
539016312.5,-32.70955
539016375.0,-32.72391
539016437.5,-32.72733
539016500.0,-32.7387
539016562.5,-32.7399
539016625.0,-32.75568
539016687.5,-32.76868
539016750.0,-32.77417
539016812.5,-32.78494
539016875.0,-32.79615
539016937.5,-32.8029
539017000.0,-32.81189
539017062.5,-32.819
539017125.0,-32.83493
539017187.5,-32.8398
539017250.0,-32.85201
539017312.5,-32.85962
539017375.0,-32.87153
539017437.5,-32.87707
539017500.0,-32.88966
539017562.5,-32.8972
539017625.0,-32.90933
539017687.5,-32.91643
539017750.0,-32.93376
539017812.5,-32.93597
539017875.0,-32.95094
539017937.5,-32.96026
539018000.0,-32.96684
539018062.5,-32.98027
539018125.0,-32.98586
539018187.5,-32.99086
539018250.0,-33.00346
539018312.5,-33.01476
539018375.0,-33.02686
539018437.5,-33.03893
539018500.0,-33.04219
539018562.5,-33.05649
539018625.0,-33.06456
539018687.5,-33.07683
539018750.0,-33.08428
539018812.5,-33.09167
539018875.0,-33.1035
539018937.5,-33.10651
539019000.0,-33.12409
539019062.5,-33.12676
539019125.0,-33.13829
539019187.5,-33.14773
539019250.0,-33.15684
539019312.5,-33.1758
539019375.0,-33.1767
539019437.5,-33.18968
539019500.0,-33.19729
539019562.5,-33.20454
539019625.0,-33.22073
539019687.5,-33.22493
539019750.0,-33.23228
539019812.5,-33.24376
539019875.0,-33.25684
539019937.5,-33.26134
539020000.0,-33.27715
539020062.5,-33.28093
539020125.0,-33.28593
539020187.5,-33.29988
539020250.0,-33.31421
539020312.5,-33.3251
539020375.0,-33.3296
539020437.5,-33.33667
539020500.0,-33.34737
539020562.5,-33.35054
539020625.0,-33.36142
539020687.5,-33.37434
539020750.0,-33.38779
539020812.5,-33.39368
539020875.0,-33.40421
539020937.5,-33.41237
539021000.0,-33.42413
539021062.5,-33.43341
539021125.0,-33.43709
539021187.5,-33.44572
539021250.0,-33.45215
539021312.5,-33.47191
539021375.0,-33.47479
539021437.5,-33.48618
539021500.0,-33.49679
539021562.5,-33.50369
539021625.0,-33.51862
539021687.5,-33.52
539021750.0,-33.53317
539021812.5,-33.54556
539021875.0,-33.55043
539021937.5,-33.55816
539022000.0,-33.56509
539022062.5,-33.57607
539022125.0,-33.59298
539022187.5,-33.5973
539022250.0,-33.60433
539022312.5,-33.61829
539022375.0,-33.63396
539022437.5,-33.63636
539022500.0,-33.64059
539022562.5,-33.65296
539022625.0,-33.66138
539022687.5,-33.67233
539022750.0,-33.68181
539022812.5,-33.69106
539022875.0,-33.70079
539022937.5,-33.70816
539023000.0,-33.71453
539023062.5,-33.73205
539023125.0,-33.73816
539023187.5,-33.74535
539023250.0,-33.76237
539023312.5,-33.76595
539023375.0,-33.77168
539023437.5,-33.78293
539023500.0,-33.78769
539023562.5,-33.79844
539023625.0,-33.80401
539023687.5,-33.82027
539023750.0,-33.82625
539023812.5,-33.83592
539023875.0,-33.84348
539023937.5,-33.85443
539024000.0,-33.85719
539024062.5,-33.86979
539024125.0,-33.87728
539024187.5,-33.88972
539024250.0,-33.89544
539024312.5,-33.90983
539024375.0,-33.92422
539024437.5,-33.92358
539024500.0,-33.92999
539024562.5,-33.94663
539024625.0,-33.95237
539024687.5,-33.96014
539024750.0,-33.97209
539024812.5,-33.97653
539024875.0,-33.99488
539024937.5,-34.00548
539025000.0,-34.00498
539025062.5,-34.02841
539025125.0,-34.02217
539025187.5,-34.03437
539025250.0,-34.03681
539025312.5,-34.04869
539025375.0,-34.05743
539025437.5,-34.07191
539025500.0,-34.07963
539025562.5,-34.08587
539025625.0,-34.09165
539025687.5,-34.1029
539025750.0,-34.11714
539025812.5,-34.12221
539025875.0,-34.13261
539025937.5,-34.14418
539026000.0,-34.14964
539026062.5,-34.15558
539026125.0,-34.16883
539026187.5,-34.17132
539026250.0,-34.17788
539026312.5,-34.18798
539026375.0,-34.20491
539026437.5,-34.20617
539026500.0,-34.22715
539026562.5,-34.22783
539026625.0,-34.23432
539026687.5,-34.24743
539026750.0,-34.26206
539026812.5,-34.26222
539026875.0,-34.27416
539026937.5,-34.28121
539027000.0,-34.29143
539027062.5,-34.29974
539027125.0,-34.30243
539027187.5,-34.31468
539027250.0,-34.31703
539027312.5,-34.34165
539027375.0,-34.34472
539027437.5,-34.35801
539027500.0,-34.35367
539027562.5,-34.36654
539027625.0,-34.37509
539027687.5,-34.3754
539027750.0,-34.39402
539027812.5,-34.4017
539027875.0,-34.40942
539027937.5,-34.41785
539028000.0,-34.41947
539028062.5,-34.43171
539028125.0,-34.44452
539028187.5,-34.44723
539028250.0,-34.46227
539028312.5,-34.46479
539028375.0,-34.47823
539028437.5,-34.48895
539028500.0,-34.49608
539028562.5,-34.50602
539028625.0,-34.51048
539028687.5,-34.51987
539028750.0,-34.5268
539028812.5,-34.53006
539028875.0,-34.54358
539028937.5,-34.55971
539029000.0,-34.55862
539029062.5,-34.56974
539029125.0,-34.57928
539029187.5,-34.58882
539029250.0,-34.59956
539029312.5,-34.60144
539029375.0,-34.60737
539029437.5,-34.61732
539029500.0,-34.62483
539029562.5,-34.63912
539029625.0,-34.64758
539029687.5,-34.64973
539029750.0,-34.66152
539029812.5,-34.67097
539029875.0,-34.68171
539029937.5,-34.68877
539030000.0,-34.69614
539030062.5,-34.71037
539030125.0,-34.71844
539030187.5,-34.71535
539030250.0,-34.72748
539030312.5,-34.73838
539030375.0,-34.74421
539030437.5,-34.75882
539030500.0,-34.76745
539030562.5,-34.77271
539030625.0,-34.77969
539030687.5,-34.79189
539030750.0,-34.79758
539030812.5,-34.80074
539030875.0,-34.81241
539030937.5,-34.82209
539031000.0,-34.83322
539031062.5,-34.83779
539031125.0,-34.84718
539031187.5,-34.85913
539031250.0,-34.86617
539031312.5,-34.86724
539031375.0,-34.88106
539031437.5,-34.89493
539031500.0,-34.89487
539031562.5,-34.91313
539031625.0,-34.9159
539031687.5,-34.9236
539031750.0,-34.92261
539031812.5,-34.94133
539031875.0,-34.94497
539031937.5,-34.94909
539032000.0,-34.96254
539032062.5,-34.97202
539032125.0,-34.97683
539032187.5,-34.99001
539032250.0,-34.98985
539032312.5,-35.00145
539032375.0,-35.01432
539032437.5,-35.01842
539032500.0,-35.02691
539032562.5,-35.03501
539032625.0,-35.04407
539032687.5,-35.04985
539032750.0,-35.05849
539032812.5,-35.0688
539032875.0,-35.06617
539032937.5,-35.07786
539033000.0,-35.09254
539033062.5,-35.10443
539033125.0,-35.11251
539033187.5,-35.1151
539033250.0,-35.12191
539033312.5,-35.13705
539033375.0,-35.13683
539033437.5,-35.14987
539033500.0,-35.15894
539033562.5,-35.16946
539033625.0,-35.16991
539033687.5,-35.17258
539033750.0,-35.19228
539033812.5,-35.19852
539033875.0,-35.20983
539033937.5,-35.21925
539034000.0,-35.2319
539034062.5,-35.2265
539034125.0,-35.23676
539034187.5,-35.24401
539034250.0,-35.25216
539034312.5,-35.255
539034375.0,-35.26819
539034437.5,-35.27694
539034500.0,-35.29134
539034562.5,-35.2991
539034625.0,-35.29504
539034687.5,-35.30376
539034750.0,-35.31858
539034812.5,-35.32774
539034875.0,-35.33059
539034937.5,-35.32748
539035000.0,-35.34462
539035062.5,-35.35726
539035125.0,-35.36423
539035187.5,-35.37517
539035250.0,-35.38219
539035312.5,-35.38341
539035375.0,-35.39556
539035437.5,-35.40514
539035500.0,-35.40173
539035562.5,-35.41936
539035625.0,-35.42162
539035687.5,-35.43211
539035750.0,-35.44648
539035812.5,-35.44437
539035875.0,-35.44991
539035937.5,-35.46647
539036000.0,-35.46808
539036062.5,-35.47887
539036125.0,-35.49079
539036187.5,-35.48991
539036250.0,-35.50641
539036312.5,-35.51123
539036375.0,-35.52259
539036437.5,-35.52328
539036500.0,-35.53693
539036562.5,-35.54374
539036625.0,-35.55607
539036687.5,-35.55993
539036750.0,-35.56707
539036812.5,-35.5711
539036875.0,-35.58966
539036937.5,-35.58664
539037000.0,-35.59794
539037062.5,-35.60185
539037125.0,-35.61138
539037187.5,-35.623
539037250.0,-35.62777
539037312.5,-35.63231
539037375.0,-35.63673
539037437.5,-35.65255
539037500.0,-35.65277
539037562.5,-35.66784
539037625.0,-35.6733
539037687.5,-35.67857
539037750.0,-35.69733
539037812.5,-35.69652
539037875.0,-35.70455
539037937.5,-35.70997
539038000.0,-35.71518
539038062.5,-35.72985
539038125.0,-35.73774
539038187.5,-35.74275
539038250.0,-35.75082
539038312.5,-35.75716
539038375.0,-35.76266
539038437.5,-35.77155
539038500.0,-35.7785
539038562.5,-35.79114
539038625.0,-35.79461
539038687.5,-35.8054
539038750.0,-35.80848
539038812.5,-35.81634
539038875.0,-35.82457
539038937.5,-35.82655
539039000.0,-35.83857
539039062.5,-35.84395
539039125.0,-35.84709
539039187.5,-35.85855
539039250.0,-35.86579
539039312.5,-35.87073
539039375.0,-35.87891
539039437.5,-35.89298
539039500.0,-35.90533
539039562.5,-35.90892
539039625.0,-35.91623
539039687.5,-35.92784
539039750.0,-35.92786
539039812.5,-35.93979
539039875.0,-35.93782
539039937.5,-35.95029
539040000.0,-35.96186
539040062.5,-35.96594
539040125.0,-35.97533
539040187.5,-35.98886
539040250.0,-35.98714
539040312.5,-36.00029
539040375.0,-36.00253
539040437.5,-36.015
539040500.0,-36.0195
539040562.5,-36.02207
539040625.0,-36.03349
539040687.5,-36.03819
539040750.0,-36.04504
539040812.5,-36.0559
539040875.0,-36.05858
539040937.5,-36.07095
539041000.0,-36.07023
539041062.5,-36.08544
539041125.0,-36.09749
539041187.5,-36.10942
539041250.0,-36.1148
539041312.5,-36.11955
539041375.0,-36.12271
539041437.5,-36.12403
539041500.0,-36.13533
539041562.5,-36.13603
539041625.0,-36.1534
539041687.5,-36.16014
539041750.0,-36.16159
539041812.5,-36.1724
539041875.0,-36.17545
539041937.5,-36.18181
539042000.0,-36.19871
539042062.5,-36.20292
539042125.0,-36.20375
539042187.5,-36.21484
539042250.0,-36.21595
539042312.5,-36.23445
539042375.0,-36.24584
539042437.5,-36.23714
539042500.0,-36.25194
539042562.5,-36.26869
539042625.0,-36.26954
539042687.5,-36.27411
539042750.0,-36.28707
539042812.5,-36.28626
539042875.0,-36.29333
539042937.5,-36.29393
539043000.0,-36.31055
539043062.5,-36.32235
539043125.0,-36.3308
539043187.5,-36.33534
539043250.0,-36.33844
539043312.5,-36.34841
539043375.0,-36.35227
539043437.5,-36.36407
539043500.0,-36.37569
539043562.5,-36.37515
539043625.0,-36.386
539043687.5,-36.38286
539043750.0,-36.39447
539043812.5,-36.40531
539043875.0,-36.40881
539043937.5,-36.42205
539044000.0,-36.42176
539044062.5,-36.43257
539044125.0,-36.43569
539044187.5,-36.44581
539044250.0,-36.45163
539044312.5,-36.45645
539044375.0,-36.47281
539044437.5,-36.48001
539044500.0,-36.46941
539044562.5,-36.48773
539044625.0,-36.49184
539044687.5,-36.50215
539044750.0,-36.51085
539044812.5,-36.51862
539044875.0,-36.5259
539044937.5,-36.5336
539045000.0,-36.54311
539045062.5,-36.54461
539045125.0,-36.55436
539045187.5,-36.55204
539045250.0,-36.56932
539045312.5,-36.57028
539045375.0,-36.57893
539045437.5,-36.59081
539045500.0,-36.59939
539045562.5,-36.59463
539045625.0,-36.6072
539045687.5,-36.60904
539045750.0,-36.62477
539045812.5,-36.62778
539045875.0,-36.64363
539045937.5,-36.65282
539046000.0,-36.6516
539046062.5,-36.65965
539046125.0,-36.65531
539046187.5,-36.67581
539046250.0,-36.67527
539046312.5,-36.6883
539046375.0,-36.68962
539046437.5,-36.68986
539046500.0,-36.70368
539046562.5,-36.71833
539046625.0,-36.71683
539046687.5,-36.73072
539046750.0,-36.74319
539046812.5,-36.73372
539046875.0,-36.75118
539046937.5,-36.75026
539047000.0,-36.76024
539047062.5,-36.76292
539047125.0,-36.78018
539047187.5,-36.77957
539047250.0,-36.79256
539047312.5,-36.79636
539047375.0,-36.80466
539047437.5,-36.8086
539047500.0,-36.81412
539047562.5,-36.81981
539047625.0,-36.82471
539047687.5,-36.83719
539047750.0,-36.84035
539047812.5,-36.85356
539047875.0,-36.85491
539047937.5,-36.86514
539048000.0,-36.87758
539048062.5,-36.87415
539048125.0,-36.88603
539048187.5,-36.88614
539048250.0,-36.8848
539048312.5,-36.9097
539048375.0,-36.90821
539048437.5,-36.90958
539048500.0,-36.9271
539048562.5,-36.93779
539048625.0,-36.93164
539048687.5,-36.94029
539048750.0,-36.95533
539048812.5,-36.95339
539048875.0,-36.96317
539048937.5,-36.96436
539049000.0,-36.97854
539049062.5,-36.9919
539049125.0,-36.99823
539049187.5,-36.99151
539049250.0,-37.00131
539049312.5,-37.01269
539049375.0,-37.01219
539049437.5,-37.02695
539049500.0,-37.03342
539049562.5,-37.04081
539049625.0,-37.03868
539049687.5,-37.05827
539049750.0,-37.06464
539049812.5,-37.06077
539049875.0,-37.07547
539049937.5,-37.07843
539050000.0,-37.09227
539050062.5,-37.08724
539050125.0,-37.09729
539050187.5,-37.10531
539050250.0,-37.10871
539050312.5,-37.11506
539050375.0,-37.12809
539050437.5,-37.13693
539050500.0,-37.13269
539050562.5,-37.13602
539050625.0,-37.14903
539050687.5,-37.15516
539050750.0,-37.16261
539050812.5,-37.17414
539050875.0,-37.18535
539050937.5,-37.18214
539051000.0,-37.19648
539051062.5,-37.19522
539051125.0,-37.19671
539051187.5,-37.20023
539051250.0,-37.21609
539051312.5,-37.21206
539051375.0,-37.23024
539051437.5,-37.23969
539051500.0,-37.23233
539051562.5,-37.2496
539051625.0,-37.25743
539051687.5,-37.25253
539051750.0,-37.27365
539051812.5,-37.27161
539051875.0,-37.28477
539051937.5,-37.2811
539052000.0,-37.30162
539052062.5,-37.30596
539052125.0,-37.31337
539052187.5,-37.31462
539052250.0,-37.32226
539052312.5,-37.33236
539052375.0,-37.33554
539052437.5,-37.34645
539052500.0,-37.34792
539052562.5,-37.36216
539052625.0,-37.35638
539052687.5,-37.35508
539052750.0,-37.36756
539052812.5,-37.3747
539052875.0,-37.38623
539052937.5,-37.38614
539053000.0,-37.39919
539053062.5,-37.41133
539053125.0,-37.41134
539053187.5,-37.41402
539053250.0,-37.42485
539053312.5,-37.42755
539053375.0,-37.44132
539053437.5,-37.44421
539053500.0,-37.45911
539053562.5,-37.45568
539053625.0,-37.4592
539053687.5,-37.47514
539053750.0,-37.47931
539053812.5,-37.48204
539053875.0,-37.48568
539053937.5,-37.4952
539054000.0,-37.50101
539054062.5,-37.50799
539054125.0,-37.5169
539054187.5,-37.51729
539054250.0,-37.52729
539054312.5,-37.5343
539054375.0,-37.5397
539054437.5,-37.54475
539054500.0,-37.55486
539054562.5,-37.5612
539054625.0,-37.56541
539054687.5,-37.57748
539054750.0,-37.58222
539054812.5,-37.58714
539054875.0,-37.59858
539054937.5,-37.58503
539055000.0,-37.60442
539055062.5,-37.60898
539055125.0,-37.61336
539055187.5,-37.62243
539055250.0,-37.62563
539055312.5,-37.64362
539055375.0,-37.64305
539055437.5,-37.65145
539055500.0,-37.65597
539055562.5,-37.66121
539055625.0,-37.66086
539055687.5,-37.66552
539055750.0,-37.68178
539055812.5,-37.67503
539055875.0,-37.68482
539055937.5,-37.69683
539056000.0,-37.70295
539056062.5,-37.70893
539056125.0,-37.71458
539056187.5,-37.72174
539056250.0,-37.72506
539056312.5,-37.7425
539056375.0,-37.73024
539056437.5,-37.7356
539056500.0,-37.75108
539056562.5,-37.75514
539056625.0,-37.76301
539056687.5,-37.78084
539056750.0,-37.78073
539056812.5,-37.78566
539056875.0,-37.79415
539056937.5,-37.79584
539057000.0,-37.7941
539057062.5,-37.80601
539057125.0,-37.82607
539057187.5,-37.8266
539057250.0,-37.82812
539057312.5,-37.82637
539057375.0,-37.84346
539057437.5,-37.85254
539057500.0,-37.85338
539057562.5,-37.85396
539057625.0,-37.85876
539057687.5,-37.86658
539057750.0,-37.87939
539057812.5,-37.87936
539057875.0,-37.88655
539057937.5,-37.89606
539058000.0,-37.9058
539058062.5,-37.90766
539058125.0,-37.91454
539058187.5,-37.92445
539058250.0,-37.9144
539058312.5,-37.92794
539058375.0,-37.9401
539058437.5,-37.93865
539058500.0,-37.96396
539058562.5,-37.95499
539058625.0,-37.96399
539058687.5,-37.9704
539058750.0,-37.98245
539058812.5,-37.97935
539058875.0,-37.98539
539058937.5,-37.9857
539059000.0,-37.99857
539059062.5,-38.00442
539059125.0,-38.00744
539059187.5,-38.0267
539059250.0,-38.01901
539059312.5,-38.03052
539059375.0,-38.02956
539059437.5,-38.04224
539059500.0,-38.04855
539059562.5,-38.05
539059625.0,-38.06224
539059687.5,-38.07019
539059750.0,-38.06503
539059812.5,-38.08958
539059875.0,-38.0915
539059937.5,-38.08577
539060000.0,-38.09866
539060062.5,-38.09149
539060125.0,-38.1034
539060187.5,-38.10854
539060250.0,-38.11417
539060312.5,-38.12325
539060375.0,-38.12954
539060437.5,-38.1301
539060500.0,-38.14198
539060562.5,-38.15507
539060625.0,-38.15409
539060687.5,-38.15996
539060750.0,-38.16824
539060812.5,-38.172
539060875.0,-38.1829
539060937.5,-38.18734
539061000.0,-38.17868
539061062.5,-38.1786
539061125.0,-38.20736
539061187.5,-38.20303
539061250.0,-38.22167
539061312.5,-38.22138
539061375.0,-38.22166
539061437.5,-38.24042
539061500.0,-38.23927
539061562.5,-38.25093
539061625.0,-38.24636
539061687.5,-38.25352
539061750.0,-38.25867
539061812.5,-38.25788
539061875.0,-38.26448
539061937.5,-38.28533
539062000.0,-38.28441
539062062.5,-38.2869
539062125.0,-38.3029
539062187.5,-38.30253
539062250.0,-38.30152
539062312.5,-38.3133
539062375.0,-38.32024
539062437.5,-38.32497
539062500.0,-38.33553
539062562.5,-38.33434
539062625.0,-38.34758
539062687.5,-38.35207
539062750.0,-38.35275
539062812.5,-38.37047
539062875.0,-38.36118
539062937.5,-38.36421
539063000.0,-38.37545
539063062.5,-38.37195
539063125.0,-38.39016
539063187.5,-38.39444
539063250.0,-38.39708
539063312.5,-38.40546
539063375.0,-38.41272
539063437.5,-38.41031
539063500.0,-38.41977
539063562.5,-38.41707
539063625.0,-38.43549
539063687.5,-38.42448
539063750.0,-38.4381
539063812.5,-38.44649
539063875.0,-38.45638
539063937.5,-38.45071
539064000.0,-38.46102
539064062.5,-38.46409
539064125.0,-38.4785
539064187.5,-38.48052
539064250.0,-38.49577
539064312.5,-38.49004
539064375.0,-38.51593
539064437.5,-38.50978
539064500.0,-38.52379
539064562.5,-38.5202
539064625.0,-38.52101
539064687.5,-38.52529
539064750.0,-38.54274
539064812.5,-38.54569
539064875.0,-38.54884
539064937.5,-38.55316
539065000.0,-38.55814
539065062.5,-38.57612
539065125.0,-38.57612
539065187.5,-38.57183
539065250.0,-38.58355
539065312.5,-38.59243
539065375.0,-38.59206
539065437.5,-38.60163
539065500.0,-38.6008
539065562.5,-38.60239
539065625.0,-38.62324
539065687.5,-38.62602
539065750.0,-38.62547
539065812.5,-38.63394
539065875.0,-38.64174
539065937.5,-38.63995
539066000.0,-38.65456
539066062.5,-38.65851
539066125.0,-38.66214
539066187.5,-38.6736
539066250.0,-38.67277
539066312.5,-38.67498
539066375.0,-38.68353
539066437.5,-38.69132
539066500.0,-38.69822
539066562.5,-38.69852
539066625.0,-38.70024
539066687.5,-38.71137
539066750.0,-38.72561
539066812.5,-38.71362
539066875.0,-38.73351
539066937.5,-38.73591
539067000.0,-38.73838
539067062.5,-38.74612
539067125.0,-38.75859
539067187.5,-38.75278
539067250.0,-38.76841
539067312.5,-38.75661
539067375.0,-38.76567
539067437.5,-38.76523
539067500.0,-38.78367
539067562.5,-38.79583
539067625.0,-38.78885
539067687.5,-38.79061
539067750.0,-38.80143
539067812.5,-38.82237
539067875.0,-38.80922
539067937.5,-38.82267
539068000.0,-38.82848
539068062.5,-38.82738
539068125.0,-38.83467
539068187.5,-38.84564
539068250.0,-38.83358
539068312.5,-38.85695
539068375.0,-38.86089
539068437.5,-38.86634
539068500.0,-38.87508
539068562.5,-38.89133
539068625.0,-38.89036
539068687.5,-38.88319
539068750.0,-38.89775
539068812.5,-38.91738
539068875.0,-38.9151
539068937.5,-38.9189
539069000.0,-38.92908
539069062.5,-38.91722
539069125.0,-38.92324
539069187.5,-38.92082
539069250.0,-38.94
539069312.5,-38.95285
539069375.0,-38.9383
539069437.5,-38.95669
539069500.0,-38.96773
539069562.5,-38.96658
539069625.0,-38.97115
539069687.5,-38.97932
539069750.0,-38.98535
539069812.5,-38.99456
539069875.0,-39.0055
539069937.5,-39.00555
539070000.0,-39.00424
539070062.5,-39.01081
539070125.0,-39.01682
539070187.5,-39.01698
539070250.0,-39.02133
539070312.5,-39.03534
539070375.0,-39.03703
539070437.5,-39.05045
539070500.0,-39.06154
539070562.5,-39.05825
539070625.0,-39.06448
539070687.5,-39.07174
539070750.0,-39.07982
539070812.5,-39.08986
539070875.0,-39.08255
539070937.5,-39.09126
539071000.0,-39.08204
539071062.5,-39.09866
539071125.0,-39.1081
539071187.5,-39.12081
539071250.0,-39.12331
539071312.5,-39.12293
539071375.0,-39.12774
539071437.5,-39.13571
539071500.0,-39.13884
539071562.5,-39.15264
539071625.0,-39.15998
539071687.5,-39.15474
539071750.0,-39.15387
539071812.5,-39.16296
539071875.0,-39.18439
539071937.5,-39.1735
539072000.0,-39.17542
539072062.5,-39.18079
539072125.0,-39.19061
539072187.5,-39.1916
539072250.0,-39.20123
539072312.5,-39.19756
539072375.0,-39.21257
539072437.5,-39.20362
539072500.0,-39.22141
539072562.5,-39.22834
539072625.0,-39.24015
539072687.5,-39.24593
539072750.0,-39.24317
539072812.5,-39.24056
539072875.0,-39.25465
539072937.5,-39.26201
539073000.0,-39.26544
539073062.5,-39.27232
539073125.0,-39.27756
539073187.5,-39.28195
539073250.0,-39.27692
539073312.5,-39.29658
539073375.0,-39.2981
539073437.5,-39.29737
539073500.0,-39.309
539073562.5,-39.32629
539073625.0,-39.31483
539073687.5,-39.34288
539073750.0,-39.31725
539073812.5,-39.33767
539073875.0,-39.33657
539073937.5,-39.34075
539074000.0,-39.35464
539074062.5,-39.35521
539074125.0,-39.37318
539074187.5,-39.36472
539074250.0,-39.36436
539074312.5,-39.38143
539074375.0,-39.38246
539074437.5,-39.38569
539074500.0,-39.39479
539074562.5,-39.39645
539074625.0,-39.40243
539074687.5,-39.40568
539074750.0,-39.4135
539074812.5,-39.40425
539074875.0,-39.41972
539074937.5,-39.42723
539075000.0,-39.43876
539075062.5,-39.44012
539075125.0,-39.4518
539075187.5,-39.46406
539075250.0,-39.4577
539075312.5,-39.45649
539075375.0,-39.45713
539075437.5,-39.47624
539075500.0,-39.4702
539075562.5,-39.47288
539075625.0,-39.4798
539075687.5,-39.48724
539075750.0,-39.49681
539075812.5,-39.49887
539075875.0,-39.52382
539075937.5,-39.50961
539076000.0,-39.5309
539076062.5,-39.52194
539076125.0,-39.52235
539076187.5,-39.53201
539076250.0,-39.53309
539076312.5,-39.54331
539076375.0,-39.54217
539076437.5,-39.55613
539076500.0,-39.5633
539076562.5,-39.55581
539076625.0,-39.56926
539076687.5,-39.57656
539076750.0,-39.58497
539076812.5,-39.58545
539076875.0,-39.59093
539076937.5,-39.59679
539077000.0,-39.61248
539077062.5,-39.60781
539077125.0,-39.60849
539077187.5,-39.61229
539077250.0,-39.62361
539077312.5,-39.63666
539077375.0,-39.63032
539077437.5,-39.63
539077500.0,-39.63441
539077562.5,-39.64922
539077625.0,-39.64568
539077687.5,-39.65198
539077750.0,-39.66697
539077812.5,-39.65455
539077875.0,-39.66674
539077937.5,-39.67019
539078000.0,-39.67818
539078062.5,-39.68779
539078125.0,-39.69535
539078187.5,-39.6973
539078250.0,-39.70244
539078312.5,-39.71699
539078375.0,-39.70472
539078437.5,-39.7201
539078500.0,-39.72263
539078562.5,-39.71692
539078625.0,-39.73219
539078687.5,-39.73233
539078750.0,-39.73456
539078812.5,-39.7512
539078875.0,-39.74702
539078937.5,-39.76393
539079000.0,-39.75462
539079062.5,-39.7642
539079125.0,-39.77395
539079187.5,-39.77158
539079250.0,-39.77943
539079312.5,-39.7975
539079375.0,-39.79729
539079437.5,-39.7897
539079500.0,-39.79865
539079562.5,-39.81501
539079625.0,-39.8087
539079687.5,-39.81255
539079750.0,-39.81188
539079812.5,-39.82162
539079875.0,-39.84602
539079937.5,-39.84069
539080000.0,-39.82463
539080062.5,-39.8686
539080125.0,-39.8528
539080187.5,-39.86136
539080250.0,-39.86733
539080312.5,-39.85299
539080375.0,-39.86252
539080437.5,-39.8709
539080500.0,-39.87989
539080562.5,-39.88782
539080625.0,-39.88608
539080687.5,-39.90933
539080750.0,-39.89904
539080812.5,-39.9019
539080875.0,-39.90455
539080937.5,-39.91034
539081000.0,-39.9216
539081062.5,-39.93333
539081125.0,-39.93039
539081187.5,-39.93533
539081250.0,-39.93636
539081312.5,-39.93199
539081375.0,-39.94299
539081437.5,-39.95315
539081500.0,-39.95377
539081562.5,-39.96679
539081625.0,-39.97131
539081687.5,-39.96251
539081750.0,-39.97741
539081812.5,-39.98262
539081875.0,-39.97753
539081937.5,-39.99776
539082000.0,-39.98663
539082062.5,-39.98603
539082125.0,-40.00918
539082187.5,-40.02319
539082250.0,-40.01781
539082312.5,-40.02867
539082375.0,-40.02923
539082437.5,-40.033
539082500.0,-40.02977
539082562.5,-40.05674
539082625.0,-40.05802
539082687.5,-40.05183
539082750.0,-40.06178
539082812.5,-40.06786
539082875.0,-40.06568
539082937.5,-40.07129
539083000.0,-40.08231
539083062.5,-40.08432
539083125.0,-40.08091
539083187.5,-40.09925
539083250.0,-40.1001
539083312.5,-40.11381
539083375.0,-40.10735
539083437.5,-40.11785
539083500.0,-40.13785
539083562.5,-40.1101
539083625.0,-40.13343
539083687.5,-40.12278
539083750.0,-40.13737
539083812.5,-40.12885
539083875.0,-40.14622
539083937.5,-40.15043
539084000.0,-40.15821
539084062.5,-40.16998
539084125.0,-40.15916
539084187.5,-40.16904
539084250.0,-40.17758
539084312.5,-40.18092
539084375.0,-40.18586
539084437.5,-40.17528
539084500.0,-40.18666
539084562.5,-40.21123
539084625.0,-40.20955
539084687.5,-40.20494
539084750.0,-40.22742
539084812.5,-40.22456
539084875.0,-40.22268
539084937.5,-40.22333
539085000.0,-40.23205
539085062.5,-40.2504
539085125.0,-40.24436
539085187.5,-40.25042
539085250.0,-40.24871
539085312.5,-40.24879
539085375.0,-40.25238
539085437.5,-40.26271
539085500.0,-40.26447
539085562.5,-40.28231
539085625.0,-40.2728
539085687.5,-40.28958
539085750.0,-40.29507
539085812.5,-40.29815
539085875.0,-40.29396
539085937.5,-40.29625
539086000.0,-40.32232
539086062.5,-40.31738
539086125.0,-40.32565
539086187.5,-40.30979
539086250.0,-40.33879
539086312.5,-40.33065
539086375.0,-40.35367
539086437.5,-40.33742
539086500.0,-40.35011
539086562.5,-40.35747
539086625.0,-40.36509
539086687.5,-40.35363
539086750.0,-40.35208
539086812.5,-40.3694
539086875.0,-40.37306
539086937.5,-40.38878
539087000.0,-40.38948
539087062.5,-40.38316
539087125.0,-40.39902
539087187.5,-40.40118
539087250.0,-40.40889
539087312.5,-40.41357
539087375.0,-40.40668
539087437.5,-40.42497
539087500.0,-40.41529
539087562.5,-40.43269
539087625.0,-40.44308
539087687.5,-40.43309
539087750.0,-40.44247
539087812.5,-40.43771
539087875.0,-40.44835
539087937.5,-40.45834
539088000.0,-40.45821
539088062.5,-40.46122
539088125.0,-40.46114
539088187.5,-40.47324
539088250.0,-40.46796
539088312.5,-40.47792
539088375.0,-40.48332
539088437.5,-40.48624
539088500.0,-40.49596
539088562.5,-40.48752
539088625.0,-40.50648
539088687.5,-40.51102
539088750.0,-40.50152
539088812.5,-40.51437
539088875.0,-40.52875
539088937.5,-40.53289
539089000.0,-40.54026
539089062.5,-40.53962
539089125.0,-40.5413
539089187.5,-40.54369
539089250.0,-40.54993
539089312.5,-40.55266
539089375.0,-40.55472
539089437.5,-40.56519
539089500.0,-40.56977
539089562.5,-40.56152
539089625.0,-40.57831
539089687.5,-40.59211
539089750.0,-40.58695
539089812.5,-40.59263
539089875.0,-40.59093
539089937.5,-40.5911
539090000.0,-40.59723
539090062.5,-40.60524
539090125.0,-40.60836
539090187.5,-40.60965
539090250.0,-40.63499
539090312.5,-40.63252
539090375.0,-40.61704
539090437.5,-40.64275
539090500.0,-40.63211
539090562.5,-40.64887
539090625.0,-40.64803
539090687.5,-40.64773
539090750.0,-40.66278
539090812.5,-40.66565
539090875.0,-40.67374
539090937.5,-40.67551
539091000.0,-40.6746
539091062.5,-40.68554
539091125.0,-40.6879
539091187.5,-40.68467
539091250.0,-40.68549
539091312.5,-40.70644
539091375.0,-40.7013
539091437.5,-40.71651
539091500.0,-40.70234
539091562.5,-40.71079
539091625.0,-40.72673
539091687.5,-40.73212
539091750.0,-40.73526
539091812.5,-40.73567
539091875.0,-40.74054
539091937.5,-40.73384
539092000.0,-40.74139
539092062.5,-40.75912
539092125.0,-40.74725
539092187.5,-40.75313
539092250.0,-40.7733
539092312.5,-40.77851
539092375.0,-40.76527
539092437.5,-40.77943
539092500.0,-40.78503
539092562.5,-40.78828
539092625.0,-40.79259
539092687.5,-40.78362
539092750.0,-40.80075
539092812.5,-40.80125
539092875.0,-40.80341
539092937.5,-40.81635
539093000.0,-40.8196
539093062.5,-40.83664
539093125.0,-40.82781
539093187.5,-40.83451
539093250.0,-40.83303
539093312.5,-40.82975
539093375.0,-40.85968
539093437.5,-40.85534
539093500.0,-40.85876
539093562.5,-40.86748
539093625.0,-40.85672
539093687.5,-40.87291
539093750.0,-40.87664
539093812.5,-40.86764
539093875.0,-40.88015
539093937.5,-40.89926
539094000.0,-40.88884
539094062.5,-40.89159
539094125.0,-40.89777
539094187.5,-40.91708
539094250.0,-40.89668
539094312.5,-40.91619
539094375.0,-40.91776
539094437.5,-40.91339
539094500.0,-40.91124
539094562.5,-40.93283
539094625.0,-40.92674
539094687.5,-40.93188
539094750.0,-40.93266
539094812.5,-40.94933
539094875.0,-40.93641
539094937.5,-40.96157
539095000.0,-40.95623
539095062.5,-40.96761
539095125.0,-40.9726
539095187.5,-40.97278
539095250.0,-40.96446
539095312.5,-40.97312
539095375.0,-40.98672
539095437.5,-40.98744
539095500.0,-41.00419
539095562.5,-41.01642
539095625.0,-41.01106
539095687.5,-41.01948
539095750.0,-41.01586
539095812.5,-41.02492
539095875.0,-41.0263
539095937.5,-41.02499
539096000.0,-41.03312
539096062.5,-41.03997
539096125.0,-41.04837
539096187.5,-41.05233
539096250.0,-41.04741
539096312.5,-41.06525
539096375.0,-41.06583
539096437.5,-41.06879
539096500.0,-41.07
539096562.5,-41.07339
539096625.0,-41.07587
539096687.5,-41.0779
539096750.0,-41.08747
539096812.5,-41.07973
539096875.0,-41.09871
539096937.5,-41.09593
539097000.0,-41.09077
539097062.5,-41.09729
539097125.0,-41.1248
539097187.5,-41.12307
539097250.0,-41.13199
539097312.5,-41.13169
539097375.0,-41.13778
539097437.5,-41.13447
539097500.0,-41.14458
539097562.5,-41.14105
539097625.0,-41.15816
539097687.5,-41.14549
539097750.0,-41.15016
539097812.5,-41.16367
539097875.0,-41.14968
539097937.5,-41.15973
539098000.0,-41.17111
539098062.5,-41.18373
539098125.0,-41.18049
539098187.5,-41.19622
539098250.0,-41.19138
539098312.5,-41.19499
539098375.0,-41.21512
539098437.5,-41.19516
539098500.0,-41.18691
539098562.5,-41.20931
539098625.0,-41.20633
539098687.5,-41.21121
539098750.0,-41.22009
539098812.5,-41.21628
539098875.0,-41.21618
539098937.5,-41.22526
539099000.0,-41.24048
539099062.5,-41.25323
539099125.0,-41.25274
539099187.5,-41.27342
539099250.0,-41.26592
539099312.5,-41.26534
539099375.0,-41.27188
539099437.5,-41.26426
539099500.0,-41.26401
539099562.5,-41.28897
539099625.0,-41.28144
539099687.5,-41.29895
539099750.0,-41.27888
539099812.5,-41.29663
539099875.0,-41.30212
539099937.5,-41.29911
539100000.0,-41.31305
539100062.5,-41.33046
539100125.0,-41.31944
539100187.5,-41.32318
539100250.0,-41.33932
539100312.5,-41.33941
539100375.0,-41.34208
539100437.5,-41.34084
539100500.0,-41.35276
539100562.5,-41.34758
539100625.0,-41.34061
539100687.5,-41.34053
539100750.0,-41.35694
539100812.5,-41.36798
539100875.0,-41.36605
539100937.5,-41.38024
539101000.0,-41.3758
539101062.5,-41.39251
539101125.0,-41.37381
539101187.5,-41.39159
539101250.0,-41.38734
539101312.5,-41.39164
539101375.0,-41.40137
539101437.5,-41.40397
539101500.0,-41.40855
539101562.5,-41.42085
539101625.0,-41.4275
539101687.5,-41.41964
539101750.0,-41.41991
539101812.5,-41.41741
539101875.0,-41.44128
539101937.5,-41.42703
539102000.0,-41.43101
539102062.5,-41.44264
539102125.0,-41.45668
539102187.5,-41.45118
539102250.0,-41.46234
539102312.5,-41.46119
539102375.0,-41.47179
539102437.5,-41.47766
539102500.0,-41.48868
539102562.5,-41.4847
539102625.0,-41.48994
539102687.5,-41.49788
539102750.0,-41.4829
539102812.5,-41.49162
539102875.0,-41.4999
539102937.5,-41.49912
539103000.0,-41.51425
539103062.5,-41.51734
539103125.0,-41.51551
539103187.5,-41.52946
539103250.0,-41.53527
539103312.5,-41.53467
539103375.0,-41.54837
539103437.5,-41.53549
539103500.0,-41.55411
539103562.5,-41.55529
539103625.0,-41.55257
539103687.5,-41.56681
539103750.0,-41.56865
539103812.5,-41.55539
539103875.0,-41.5715
539103937.5,-41.5802
539104000.0,-41.57304
539104062.5,-41.58245
539104125.0,-41.59713
539104187.5,-41.61442
539104250.0,-41.58615
539104312.5,-41.59805
539104375.0,-41.60205
539104437.5,-41.60328
539104500.0,-41.60512
539104562.5,-41.60579
539104625.0,-41.61371
539104687.5,-41.60649
539104750.0,-41.63303
539104812.5,-41.63016
539104875.0,-41.64437
539104937.5,-41.64002
539105000.0,-41.64739
539105062.5,-41.64826
539105125.0,-41.65723
539105187.5,-41.65861
539105250.0,-41.64866
539105312.5,-41.67527
539105375.0,-41.67804
539105437.5,-41.64962
539105500.0,-41.67832
539105562.5,-41.66961
539105625.0,-41.66508
539105687.5,-41.69303
539105750.0,-41.70155
539105812.5,-41.68938
539105875.0,-41.6986
539105937.5,-41.69953
539106000.0,-41.71343
539106062.5,-41.71509
539106125.0,-41.71556
539106187.5,-41.71646
539106250.0,-41.73151
539106312.5,-41.7224
539106375.0,-41.72984
539106437.5,-41.73525
539106500.0,-41.74964
539106562.5,-41.74796
539106625.0,-41.74702
539106687.5,-41.7412
539106750.0,-41.75856
539106812.5,-41.75317
539106875.0,-41.77613
539106937.5,-41.77464
539107000.0,-41.77811
539107062.5,-41.77853
539107125.0,-41.78583
539107187.5,-41.78883
539107250.0,-41.78272
539107312.5,-41.7804
539107375.0,-41.7987
539107437.5,-41.79757
539107500.0,-41.77927
539107562.5,-41.79568
539107625.0,-41.80759
539107687.5,-41.8134
539107750.0,-41.82218
539107812.5,-41.81326
539107875.0,-41.84006
539107937.5,-41.82005
539108000.0,-41.82827
539108062.5,-41.84111
539108125.0,-41.84417
539108187.5,-41.85093
539108250.0,-41.86258
539108312.5,-41.84771
539108375.0,-41.85627
539108437.5,-41.88343
539108500.0,-41.87678
539108562.5,-41.85755
539108625.0,-41.87828
539108687.5,-41.87057
539108750.0,-41.86255
539108812.5,-41.89091
539108875.0,-41.90472
539108937.5,-41.88115
539109000.0,-41.90863
539109062.5,-41.90919
539109125.0,-41.9141
539109187.5,-41.9238
539109250.0,-41.90644
539109312.5,-41.93005
539109375.0,-41.924
539109437.5,-41.9407
539109500.0,-41.92684
539109562.5,-41.94582
539109625.0,-41.93556
539109687.5,-41.94317
539109750.0,-41.96444
539109812.5,-41.94091
539109875.0,-41.95498
539109937.5,-41.95537
539110000.0,-41.96209
539110062.5,-41.9674
539110125.0,-41.96321
539110187.5,-41.9599
539110250.0,-41.97515
539110312.5,-41.98711
539110375.0,-41.98739
539110437.5,-41.99373
539110500.0,-41.98523
539110562.5,-41.99351
539110625.0,-42.01551
539110687.5,-42.00704
539110750.0,-42.00538
539110812.5,-42.00526
539110875.0,-42.00672
539110937.5,-42.01299
539111000.0,-42.02124
539111062.5,-42.03794
539111125.0,-42.03575
539111187.5,-42.03053
539111250.0,-42.0604
539111312.5,-42.04627
539111375.0,-42.05143
539111437.5,-42.07698
539111500.0,-42.0435
539111562.5,-42.05466
539111625.0,-42.04024
539111687.5,-42.07594
539111750.0,-42.06784
539111812.5,-42.07541
539111875.0,-42.06068
539111937.5,-42.08841
539112000.0,-42.08866
539112062.5,-42.07728
539112125.0,-42.1032
539112187.5,-42.10459
539112250.0,-42.10468
539112312.5,-42.12461
539112375.0,-42.11392
539112437.5,-42.11295
539112500.0,-42.12914
539112562.5,-42.1203
539112625.0,-42.1279
539112687.5,-42.12821
539112750.0,-42.13511
539112812.5,-42.13245
539112875.0,-42.14782
539112937.5,-42.15121
539113000.0,-42.15162
539113062.5,-42.15189
539113125.0,-42.16858
539113187.5,-42.14751
539113250.0,-42.17194
539113312.5,-42.1632
539113375.0,-42.18285
539113437.5,-42.1828
539113500.0,-42.18005
539113562.5,-42.18375
539113625.0,-42.21217
539113687.5,-42.19485
539113750.0,-42.19859
539113812.5,-42.19064
539113875.0,-42.18963
539113937.5,-42.21157
539114000.0,-42.20017
539114062.5,-42.20163
539114125.0,-42.21993
539114187.5,-42.2087
539114250.0,-42.22624
539114312.5,-42.2344
539114375.0,-42.23512
539114437.5,-42.23701
539114500.0,-42.23373
539114562.5,-42.24995
539114625.0,-42.24583
539114687.5,-42.26161
539114750.0,-42.24157
539114812.5,-42.26132
539114875.0,-42.26937
539114937.5,-42.25933
539115000.0,-42.26891
539115062.5,-42.28258
539115125.0,-42.29154
539115187.5,-42.28906
539115250.0,-42.29761
539115312.5,-42.30465
539115375.0,-42.28268
539115437.5,-42.29844
539115500.0,-42.2865
539115562.5,-42.31529
539115625.0,-42.28366
539115687.5,-42.31812
539115750.0,-42.32886
539115812.5,-42.31436
539115875.0,-42.32855
539115937.5,-42.34142
539116000.0,-42.32124
539116062.5,-42.33875
539116125.0,-42.33211
539116187.5,-42.33662
539116250.0,-42.36203
539116312.5,-42.3367
539116375.0,-42.34956
539116437.5,-42.38275
539116500.0,-42.37642
539116562.5,-42.36457
539116625.0,-42.38008
539116687.5,-42.37126
539116750.0,-42.38991
539116812.5,-42.37565
539116875.0,-42.38459
539116937.5,-42.41537
539117000.0,-42.38982
539117062.5,-42.39539
539117125.0,-42.39888
539117187.5,-42.39574
539117250.0,-42.42344
539117312.5,-42.39461
539117375.0,-42.4199
539117437.5,-42.42194
539117500.0,-42.42471
539117562.5,-42.43273
539117625.0,-42.4385
539117687.5,-42.43313
539117750.0,-42.42945
539117812.5,-42.45206
539117875.0,-42.4522
539117937.5,-42.45577
539118000.0,-42.44561
539118062.5,-42.45494
539118125.0,-42.45893
539118187.5,-42.45937
539118250.0,-42.48185
539118312.5,-42.47985
539118375.0,-42.48716
539118437.5,-42.48734
539118500.0,-42.46688
539118562.5,-42.49916
539118625.0,-42.47986
539118687.5,-42.50246
539118750.0,-42.49046
539118812.5,-42.4995
539118875.0,-42.50054
539118937.5,-42.50002
539119000.0,-42.52525
539119062.5,-42.51318
539119125.0,-42.52091
539119187.5,-42.52565
539119250.0,-42.52494
539119312.5,-42.52695
539119375.0,-42.54649
539119437.5,-42.55107
539119500.0,-42.5424
539119562.5,-42.56247
539119625.0,-42.55953
539119687.5,-42.56084
539119750.0,-42.55645
539119812.5,-42.56205
539119875.0,-42.56182
539119937.5,-42.56782
539120000.0,-42.56835
539120062.5,-42.59169
539120125.0,-42.56769
539120187.5,-42.583
539120250.0,-42.59115
539120312.5,-42.60138
539120375.0,-42.58081
539120437.5,-42.59372
539120500.0,-42.59304
539120562.5,-42.62254
539120625.0,-42.61773
539120687.5,-42.62293
539120750.0,-42.62049
539120812.5,-42.63418
539120875.0,-42.61597
539120937.5,-42.63778
539121000.0,-42.63125
539121062.5,-42.63527
539121125.0,-42.63313
539121187.5,-42.63872
539121250.0,-42.64717
539121312.5,-42.63001
539121375.0,-42.65615
539121437.5,-42.65971
539121500.0,-42.68008
539121562.5,-42.65734
539121625.0,-42.65539
539121687.5,-42.65977
539121750.0,-42.68131
539121812.5,-42.67282
539121875.0,-42.68588
539121937.5,-42.67184
539122000.0,-42.68388
539122062.5,-42.69257
539122125.0,-42.68878
539122187.5,-42.70425
539122250.0,-42.7011
539122312.5,-42.7057
539122375.0,-42.71059
539122437.5,-42.70834
539122500.0,-42.71199
539122562.5,-42.70206
539122625.0,-42.72105
539122687.5,-42.72766
539122750.0,-42.70771
539122812.5,-42.7341
539122875.0,-42.74994
539122937.5,-42.74769
539123000.0,-42.75109
539123062.5,-42.74496
539123125.0,-42.74279
539123187.5,-42.76854
539123250.0,-42.74855
539123312.5,-42.76322
539123375.0,-42.77426
539123437.5,-42.75972
539123500.0,-42.78168
539123562.5,-42.76641
539123625.0,-42.80033
539123687.5,-42.78866
539123750.0,-42.79
539123812.5,-42.80188
539123875.0,-42.79851
539123937.5,-42.80398
539124000.0,-42.80537
539124062.5,-42.80851
539124125.0,-42.80077
539124187.5,-42.7951
539124250.0,-42.82011
539124312.5,-42.81353
539124375.0,-42.82609
539124437.5,-42.83097
539124500.0,-42.82999
539124562.5,-42.83784
539124625.0,-42.84507
539124687.5,-42.84827
539124750.0,-42.85165
539124812.5,-42.84699
539124875.0,-42.8687
539124937.5,-42.83459
539125000.0,-42.85722
539125062.5,-42.85862
539125125.0,-42.86378
539125187.5,-42.87778
539125250.0,-42.88829
539125312.5,-42.87384
539125375.0,-42.87873
539125437.5,-42.88839
539125500.0,-42.87902
539125562.5,-42.92062
539125625.0,-42.89905
539125687.5,-42.90604
539125750.0,-42.91389
539125812.5,-42.91822
539125875.0,-42.90534
539125937.5,-42.91369
539126000.0,-42.91996
539126062.5,-42.92467
539126125.0,-42.9148
539126187.5,-42.93236
539126250.0,-42.93009
539126312.5,-42.94305
539126375.0,-42.93116
539126437.5,-42.92777
539126500.0,-42.94489
539126562.5,-42.9462
539126625.0,-42.96597
539126687.5,-42.96318
539126750.0,-42.95556
539126812.5,-42.97063
539126875.0,-42.96968
539126937.5,-42.97135
539127000.0,-42.96624
539127062.5,-42.97795
539127125.0,-42.98273
539127187.5,-43.00306
539127250.0,-42.99405
539127312.5,-43.0203
539127375.0,-42.98087
539127437.5,-42.99954
539127500.0,-43.00745
539127562.5,-43.00896
539127625.0,-43.00958
539127687.5,-43.01649
539127750.0,-43.01089
539127812.5,-43.03357
539127875.0,-43.03935
539127937.5,-43.03511
539128000.0,-43.0278
539128062.5,-43.05814
539128125.0,-43.04034
539128187.5,-43.05408
539128250.0,-43.04573
539128312.5,-43.04976
539128375.0,-43.05747
539128437.5,-43.04531
539128500.0,-43.06647
539128562.5,-43.05695
539128625.0,-43.05996
539128687.5,-43.06601
539128750.0,-43.06514
539128812.5,-43.08406
539128875.0,-43.09775
539128937.5,-43.08923
539129000.0,-43.08014
539129062.5,-43.08908
539129125.0,-43.10076
539129187.5,-43.11071
539129250.0,-43.10134
539129312.5,-43.10709
539129375.0,-43.09617
539129437.5,-43.11458
539129500.0,-43.10343
539129562.5,-43.11671
539129625.0,-43.13858
539129687.5,-43.12389
539129750.0,-43.12589
539129812.5,-43.12979
539129875.0,-43.14061
539129937.5,-43.13362
539130000.0,-43.15539
539130062.5,-43.14353
539130125.0,-43.15259
539130187.5,-43.14951
539130250.0,-43.18641
539130312.5,-43.16568
539130375.0,-43.15551
539130437.5,-43.17915
539130500.0,-43.18251
539130562.5,-43.17099
539130625.0,-43.17785
539130687.5,-43.18887
539130750.0,-43.17824
539130812.5,-43.18454
539130875.0,-43.18587
539130937.5,-43.19655
539131000.0,-43.20289
539131062.5,-43.19468
539131125.0,-43.20875
539131187.5,-43.21937
539131250.0,-43.21101
539131312.5,-43.22016
539131375.0,-43.22488
539131437.5,-43.20799
539131500.0,-43.21545
539131562.5,-43.24137
539131625.0,-43.23126
539131687.5,-43.22306
539131750.0,-43.25333
539131812.5,-43.25097
539131875.0,-43.25438
539131937.5,-43.26645
539132000.0,-43.25568
539132062.5,-43.25277
539132125.0,-43.24937
539132187.5,-43.27114
539132250.0,-43.26335
539132312.5,-43.27832
539132375.0,-43.2789
539132437.5,-43.2785
539132500.0,-43.30017
539132562.5,-43.27912
539132625.0,-43.28441
539132687.5,-43.30589
539132750.0,-43.28611
539132812.5,-43.31002
539132875.0,-43.2852
539132937.5,-43.30011
539133000.0,-43.28524
539133062.5,-43.30746
539133125.0,-43.33654
539133187.5,-43.31707
539133250.0,-43.3228
539133312.5,-43.30688
539133375.0,-43.32079
539133437.5,-43.3354
539133500.0,-43.3536
539133562.5,-43.34531
539133625.0,-43.33931
539133687.5,-43.35677
539133750.0,-43.37008
539133812.5,-43.36018
539133875.0,-43.34998
539133937.5,-43.3693
539134000.0,-43.35827
539134062.5,-43.35585
539134125.0,-43.36396
539134187.5,-43.37981
539134250.0,-43.38525
539134312.5,-43.37788
539134375.0,-43.3769
539134437.5,-43.38345
539134500.0,-43.37786
539134562.5,-43.40494
539134625.0,-43.38606
539134687.5,-43.40718
539134750.0,-43.4065
539134812.5,-43.40261
539134875.0,-43.41446
539134937.5,-43.41611
539135000.0,-43.40869
539135062.5,-43.44255
539135125.0,-43.41843
539135187.5,-43.42787
539135250.0,-43.42868
539135312.5,-43.41727
539135375.0,-43.44788
539135437.5,-43.42122
539135500.0,-43.45929
539135562.5,-43.45682
539135625.0,-43.43791
539135687.5,-43.45014
539135750.0,-43.4644
539135812.5,-43.47274
539135875.0,-43.45892
539135937.5,-43.47046
539136000.0,-43.47177
539136062.5,-43.46871
539136125.0,-43.48698
539136187.5,-43.48466
539136250.0,-43.48315
539136312.5,-43.4766
539136375.0,-43.4901
539136437.5,-43.51996
539136500.0,-43.48911
539136562.5,-43.50953
539136625.0,-43.51425
539136687.5,-43.50558
539136750.0,-43.51665
539136812.5,-43.52579
539136875.0,-43.51574
539136937.5,-43.52459
539137000.0,-43.53047
539137062.5,-43.53893
539137125.0,-43.53333
539137187.5,-43.51006
539137250.0,-43.54196
539137312.5,-43.54747
539137375.0,-43.5295
539137437.5,-43.54782
539137500.0,-43.57898
539137562.5,-43.54007
539137625.0,-43.54924
539137687.5,-43.55447
539137750.0,-43.56424
539137812.5,-43.57224
539137875.0,-43.56472
539137937.5,-43.56117
539138000.0,-43.57802
539138062.5,-43.59466
539138125.0,-43.58432
539138187.5,-43.59003
539138250.0,-43.58323
539138312.5,-43.57768
539138375.0,-43.59661
539138437.5,-43.60531
539138500.0,-43.58248
539138562.5,-43.5916
539138625.0,-43.59423
539138687.5,-43.61824
539138750.0,-43.61288
539138812.5,-43.62618
539138875.0,-43.61233
539138937.5,-43.62418
539139000.0,-43.61875
539139062.5,-43.63495
539139125.0,-43.61855
539139187.5,-43.63957
539139250.0,-43.63736
539139312.5,-43.6284
539139375.0,-43.63602
539139437.5,-43.66034
539139500.0,-43.65796
539139562.5,-43.67168
539139625.0,-43.67644
539139687.5,-43.67388
539139750.0,-43.67017
539139812.5,-43.67725
539139875.0,-43.6733
539139937.5,-43.66549
539140000.0,-43.69821
539140062.5,-43.68568
539140125.0,-43.68261
539140187.5,-43.68433
539140250.0,-43.68343
539140312.5,-43.703
539140375.0,-43.69526
539140437.5,-43.69209
539140500.0,-43.71569
539140562.5,-43.70763
539140625.0,-43.71263
539140687.5,-43.71109
539140750.0,-43.7052
539140812.5,-43.71259
539140875.0,-43.71353
539140937.5,-43.71646
539141000.0,-43.73145
539141062.5,-43.73448
539141125.0,-43.73614
539141187.5,-43.76474
539141250.0,-43.74073
539141312.5,-43.74921
539141375.0,-43.73677
539141437.5,-43.74507
539141500.0,-43.75688
539141562.5,-43.7609
539141625.0,-43.76305
539141687.5,-43.75651
539141750.0,-43.78313
539141812.5,-43.76976
539141875.0,-43.76865
539141937.5,-43.7836
539142000.0,-43.77705
539142062.5,-43.78265
539142125.0,-43.80415
539142187.5,-43.76806
539142250.0,-43.80059
539142312.5,-43.79705
539142375.0,-43.79664
539142437.5,-43.80558
539142500.0,-43.80884
539142562.5,-43.80938
539142625.0,-43.81738
539142687.5,-43.81711
539142750.0,-43.82241
539142812.5,-43.81326
539142875.0,-43.82657
539142937.5,-43.83701
539143000.0,-43.84321
539143062.5,-43.82969
539143125.0,-43.83637
539143187.5,-43.84414
539143250.0,-43.83924
539143312.5,-43.86917
539143375.0,-43.85699
539143437.5,-43.85632
539143500.0,-43.86234
539143562.5,-43.84657
539143625.0,-43.8521
539143687.5,-43.85349
539143750.0,-43.87068
539143812.5,-43.88274
539143875.0,-43.89055
539143937.5,-43.88259
539144000.0,-43.90379
539144062.5,-43.88699
539144125.0,-43.88782
539144187.5,-43.89543
539144250.0,-43.89461
539144312.5,-43.89664
539144375.0,-43.89783
539144437.5,-43.90206
539144500.0,-43.92391
539144562.5,-43.89298
539144625.0,-43.93104
539144687.5,-43.91648
539144750.0,-43.92215
539144812.5,-43.92893
539144875.0,-43.93948
539144937.5,-43.92872
539145000.0,-43.94155
539145062.5,-43.93767
539145125.0,-43.94218
539145187.5,-43.97021
539145250.0,-43.97215
539145312.5,-43.95589
539145375.0,-43.97136
539145437.5,-43.95877
539145500.0,-43.96898
539145562.5,-43.95359
539145625.0,-43.99792
539145687.5,-43.9647
539145750.0,-43.96881
539145812.5,-43.9837
539145875.0,-43.98949
539145937.5,-43.99306
539146000.0,-43.98121
539146062.5,-43.9961
539146125.0,-43.99987
539146187.5,-43.99941
539146250.0,-43.98896
539146312.5,-43.99383
539146375.0,-43.9954
539146437.5,-43.99904
539146500.0,-44.00049
539146562.5,-43.99222
539146625.0,-44.00729
539146687.5,-44.01634
539146750.0,-44.04681
539146812.5,-44.03445
539146875.0,-44.01785
539146937.5,-44.0223
539147000.0,-44.04986
539147062.5,-44.03146
539147125.0,-44.05854
539147187.5,-44.05089
539147250.0,-44.04958
539147312.5,-44.05537
539147375.0,-44.06319
539147437.5,-44.05175
539147500.0,-44.06472
539147562.5,-44.06226
539147625.0,-44.0652
539147687.5,-44.06504
539147750.0,-44.06386
539147812.5,-44.05835
539147875.0,-44.06743
539147937.5,-44.07784
539148000.0,-44.08812
539148062.5,-44.07205
539148125.0,-44.08208
539148187.5,-44.10055
539148250.0,-44.11043
539148312.5,-44.10216
539148375.0,-44.10867
539148437.5,-44.10137
539148500.0,-44.10384
539148562.5,-44.12657
539148625.0,-44.10946
539148687.5,-44.11661
539148750.0,-44.127
539148812.5,-44.12816
539148875.0,-44.13063
539148937.5,-44.14199
539149000.0,-44.14456
539149062.5,-44.14279
539149125.0,-44.14296
539149187.5,-44.13354
539149250.0,-44.1468
539149312.5,-44.14841
539149375.0,-44.16842
539149437.5,-44.15365
539149500.0,-44.17545
539149562.5,-44.16809
539149625.0,-44.18225
539149687.5,-44.16793
539149750.0,-44.1565
539149812.5,-44.17624
539149875.0,-44.15533
539149937.5,-44.176
539150000.0,-44.2003
539150062.5,-44.19436
539150125.0,-44.18797
539150187.5,-44.18401
539150250.0,-44.17988
539150312.5,-44.20341
539150375.0,-44.2174
539150437.5,-44.2033
539150500.0,-44.21064
539150562.5,-44.21126
539150625.0,-44.22523
539150687.5,-44.21612
539150750.0,-44.23597
539150812.5,-44.20764
539150875.0,-44.23791
539150937.5,-44.23476
539151000.0,-44.23104
539151062.5,-44.23262
539151125.0,-44.22304
539151187.5,-44.27743
539151250.0,-44.24119
539151312.5,-44.25725
539151375.0,-44.22783
539151437.5,-44.2486
539151500.0,-44.24866
539151562.5,-44.26866
539151625.0,-44.27244
539151687.5,-44.2612
539151750.0,-44.28443
539151812.5,-44.27348
539151875.0,-44.29683
539151937.5,-44.25614
539152000.0,-44.27654
539152062.5,-44.28918
539152125.0,-44.31732
539152187.5,-44.30334
539152250.0,-44.29658
539152312.5,-44.29201
539152375.0,-44.3044
539152437.5,-44.30325
539152500.0,-44.3047
539152562.5,-44.31152
539152625.0,-44.32853
539152687.5,-44.30174
539152750.0,-44.30688
539152812.5,-44.33391
539152875.0,-44.33709
539152937.5,-44.32803
539153000.0,-44.34937
539153062.5,-44.35497
539153125.0,-44.34454
539153187.5,-44.34606
539153250.0,-44.32822
539153312.5,-44.35333
539153375.0,-44.34528
539153437.5,-44.36256
539153500.0,-44.36583
539153562.5,-44.35534
539153625.0,-44.37335
539153687.5,-44.36535
539153750.0,-44.38858
539153812.5,-44.376
539153875.0,-44.37031
539153937.5,-44.38028
539154000.0,-44.38535
539154062.5,-44.39243
539154125.0,-44.37397
539154187.5,-44.39148
539154250.0,-44.42048
539154312.5,-44.38352
539154375.0,-44.40099
539154437.5,-44.40091
539154500.0,-44.41171
539154562.5,-44.39405
539154625.0,-44.39908
539154687.5,-44.39538
539154750.0,-44.40981
539154812.5,-44.42194
539154875.0,-44.42744
539154937.5,-44.42149
539155000.0,-44.44778
539155062.5,-44.42272
539155125.0,-44.42315
539155187.5,-44.42926
539155250.0,-44.44015
539155312.5,-44.44226
539155375.0,-44.4436
539155437.5,-44.43392
539155500.0,-44.44732
539155562.5,-44.44229
539155625.0,-44.47531
539155687.5,-44.44911
539155750.0,-44.44641
539155812.5,-44.44468
539155875.0,-44.49061
539155937.5,-44.45061
539156000.0,-44.46135
539156062.5,-44.47587
539156125.0,-44.48168
539156187.5,-44.47458
539156250.0,-44.47647
539156312.5,-44.47656
539156375.0,-44.49508
539156437.5,-44.4848
539156500.0,-44.478
539156562.5,-44.53104
539156625.0,-44.50152
539156687.5,-44.50667
539156750.0,-44.53184
539156812.5,-44.48876
539156875.0,-44.53006
539156937.5,-44.52988
539157000.0,-44.51838
539157062.5,-44.53469
539157125.0,-44.52897
539157187.5,-44.55119
539157250.0,-44.53227
539157312.5,-44.53644
539157375.0,-44.54357
539157437.5,-44.52421
539157500.0,-44.54687
539157562.5,-44.55913
539157625.0,-44.53018
539157687.5,-44.54707
539157750.0,-44.54543
539157812.5,-44.56936
539157875.0,-44.5619
539157937.5,-44.58245
539158000.0,-44.55725
539158062.5,-44.58286
539158125.0,-44.55843
539158187.5,-44.58479
539158250.0,-44.58193
539158312.5,-44.57125
539158375.0,-44.61054
539158437.5,-44.57594
539158500.0,-44.61176
539158562.5,-44.58539
539158625.0,-44.60062
539158687.5,-44.60341
539158750.0,-44.61074
539158812.5,-44.60251
539158875.0,-44.61093
539158937.5,-44.58833
539159000.0,-44.61483
539159062.5,-44.61751
539159125.0,-44.61701
539159187.5,-44.63137
539159250.0,-44.6215
539159312.5,-44.60382
539159375.0,-44.63303
539159437.5,-44.65465
539159500.0,-44.64995
539159562.5,-44.63588
539159625.0,-44.64965
539159687.5,-44.64124
539159750.0,-44.65145
539159812.5,-44.66821
539159875.0,-44.6422
539159937.5,-44.64232
539160000.0,-44.65916
539160062.5,-44.67473
539160125.0,-44.65044
539160187.5,-44.66472
539160250.0,-44.66388
539160312.5,-44.66052
539160375.0,-44.66971
539160437.5,-44.68039
539160500.0,-44.69624
539160562.5,-44.70936
539160625.0,-44.67154
539160687.5,-44.68243
539160750.0,-44.70745
539160812.5,-44.68274
539160875.0,-44.68736
539160937.5,-44.70196
539161000.0,-44.72091
539161062.5,-44.70398
539161125.0,-44.72058
539161187.5,-44.71183
539161250.0,-44.70263
539161312.5,-44.73507
539161375.0,-44.7322
539161437.5,-44.7256
539161500.0,-44.7289
539161562.5,-44.7361
539161625.0,-44.7246
539161687.5,-44.7523
539161750.0,-44.741
539161812.5,-44.74506
539161875.0,-44.75739
539161937.5,-44.76369
539162000.0,-44.74884
539162062.5,-44.76409
539162125.0,-44.75035
539162187.5,-44.77714
539162250.0,-44.76769
539162312.5,-44.76487
539162375.0,-44.77431
539162437.5,-44.77651
539162500.0,-44.78846
539162562.5,-44.79548
539162625.0,-44.79025
539162687.5,-44.78856
539162750.0,-44.79715
539162812.5,-44.79858
539162875.0,-44.78845
539162937.5,-44.80299
539163000.0,-44.82182
539163062.5,-44.81298
539163125.0,-44.79792
539163187.5,-44.82244
539163250.0,-44.81128
539163312.5,-44.78974
539163375.0,-44.82379
539163437.5,-44.80499
539163500.0,-44.82984
539163562.5,-44.81668
539163625.0,-44.82403
539163687.5,-44.82167
539163750.0,-44.8349
539163812.5,-44.84568
539163875.0,-44.83245
539163937.5,-44.83662
539164000.0,-44.86035
539164062.5,-44.83527
539164125.0,-44.86427
539164187.5,-44.85409
539164250.0,-44.85084
539164312.5,-44.86839
539164375.0,-44.86355
539164437.5,-44.89692
539164500.0,-44.87847
539164562.5,-44.89018
539164625.0,-44.88174
539164687.5,-44.86384
539164750.0,-44.87637
539164812.5,-44.888
539164875.0,-44.89352
539164937.5,-44.88687
539165000.0,-44.89088
539165062.5,-44.89482
539165125.0,-44.87802
539165187.5,-44.86967
539165250.0,-44.90026
539165312.5,-44.92071
539165375.0,-44.93762
539165437.5,-44.9078
539165500.0,-44.9111
539165562.5,-44.91655
539165625.0,-44.92686
539165687.5,-44.91498
539165750.0,-44.92625
539165812.5,-44.92959
539165875.0,-44.90188
539165937.5,-44.94232
539166000.0,-44.91926
539166062.5,-44.94526
539166125.0,-44.94661
539166187.5,-44.95116
539166250.0,-44.94294
539166312.5,-44.93505
539166375.0,-44.95041
539166437.5,-44.95612
539166500.0,-44.95599
539166562.5,-44.97445
539166625.0,-44.97047
539166687.5,-44.97082
539166750.0,-44.97185
539166812.5,-44.98512
539166875.0,-44.99049
539166937.5,-44.99955
539167000.0,-44.98925
539167062.5,-44.99037
539167125.0,-45.00194
539167187.5,-44.99798
539167250.0,-45.00109
539167312.5,-45.0038
539167375.0,-45.0117
539167437.5,-44.98399
539167500.0,-45.00463
539167562.5,-45.02571
539167625.0,-44.98517
539167687.5,-45.02156
539167750.0,-45.03653
539167812.5,-45.02384
539167875.0,-44.9961
539167937.5,-45.01955
539168000.0,-45.03251
539168062.5,-45.05133
539168125.0,-45.03783
539168187.5,-45.0392
539168250.0,-45.02985
539168312.5,-45.04009
539168375.0,-45.02887
539168437.5,-45.04623
539168500.0,-45.04786
539168562.5,-45.05547
539168625.0,-45.0407
539168687.5,-45.067
539168750.0,-45.04394
539168812.5,-45.05553
539168875.0,-45.06519
539168937.5,-45.0687
539169000.0,-45.06258
539169062.5,-45.08047
539169125.0,-45.0666
539169187.5,-45.06947
539169250.0,-45.086
539169312.5,-45.0988
539169375.0,-45.07619
539169437.5,-45.08469
539169500.0,-45.10518
539169562.5,-45.09872
539169625.0,-45.09188
539169687.5,-45.10033
539169750.0,-45.10196
539169812.5,-45.11005
539169875.0,-45.10714
539169937.5,-45.12187
539170000.0,-45.10932
539170062.5,-45.10959
539170125.0,-45.12964
539170187.5,-45.13975
539170250.0,-45.12893
539170312.5,-45.1647
539170375.0,-45.1363
539170437.5,-45.12428
539170500.0,-45.14283
539170562.5,-45.16618
539170625.0,-45.14345
539170687.5,-45.16055
539170750.0,-45.15746
539170812.5,-45.18242
539170875.0,-45.13473
539170937.5,-45.17668
539171000.0,-45.1561
539171062.5,-45.19054
539171125.0,-45.17267
539171187.5,-45.18011
539171250.0,-45.17772
539171312.5,-45.14408
539171375.0,-45.19881
539171437.5,-45.16998
539171500.0,-45.16608
539171562.5,-45.18598
539171625.0,-45.19753
539171687.5,-45.19927
539171750.0,-45.197
539171812.5,-45.18247
539171875.0,-45.18317
539171937.5,-45.1925
539172000.0,-45.20183
539172062.5,-45.20029
539172125.0,-45.19434
539172187.5,-45.22307
539172250.0,-45.24501
539172312.5,-45.22757
539172375.0,-45.20096
539172437.5,-45.23193
539172500.0,-45.21268
539172562.5,-45.22008
539172625.0,-45.21878
539172687.5,-45.23278
539172750.0,-45.23857
539172812.5,-45.24843
539172875.0,-45.23966
539172937.5,-45.22118
539173000.0,-45.24048
539173062.5,-45.25836
539173125.0,-45.24528
539173187.5,-45.27787
539173250.0,-45.27071
539173312.5,-45.2687
539173375.0,-45.26469
539173437.5,-45.27341
539173500.0,-45.26896
539173562.5,-45.2716
539173625.0,-45.28302
539173687.5,-45.27909
539173750.0,-45.27988
539173812.5,-45.29697
539173875.0,-45.2657
539173937.5,-45.30223
539174000.0,-45.28668
539174062.5,-45.2815
539174125.0,-45.29424
539174187.5,-45.30392
539174250.0,-45.30946
539174312.5,-45.31023
539174375.0,-45.29656
539174437.5,-45.30315
539174500.0,-45.29243
539174562.5,-45.32241
539174625.0,-45.3451
539174687.5,-45.31326
539174750.0,-45.34229
539174812.5,-45.29777
539174875.0,-45.31763
539174937.5,-45.33691
539175000.0,-45.32691
539175062.5,-45.32413
539175125.0,-45.34161
539175187.5,-45.35151
539175250.0,-45.33361
539175312.5,-45.34901
539175375.0,-45.34372
539175437.5,-45.37194
539175500.0,-45.36261
539175562.5,-45.35903
539175625.0,-45.36634
539175687.5,-45.38784
539175750.0,-45.3518
539175812.5,-45.35445
539175875.0,-45.37374
539175937.5,-45.36572
539176000.0,-45.38111
539176062.5,-45.37244
539176125.0,-45.3826
539176187.5,-45.40347
539176250.0,-45.39298
539176312.5,-45.40216
539176375.0,-45.40094
539176437.5,-45.39656
539176500.0,-45.38718
539176562.5,-45.40745
539176625.0,-45.38618
539176687.5,-45.4171
539176750.0,-45.41354
539176812.5,-45.40796
539176875.0,-45.38731
539176937.5,-45.40054
539177000.0,-45.41512
539177062.5,-45.43347
539177125.0,-45.41122
539177187.5,-45.42222
539177250.0,-45.46051
539177312.5,-45.43816
539177375.0,-45.4252
539177437.5,-45.47319
539177500.0,-45.43187
539177562.5,-45.44383
539177625.0,-45.46116
539177687.5,-45.45073
539177750.0,-45.44749
539177812.5,-45.44743
539177875.0,-45.45612
539177937.5,-45.4559
539178000.0,-45.49188
539178062.5,-45.47372
539178125.0,-45.48106
539178187.5,-45.47474
539178250.0,-45.45639
539178312.5,-45.4556
539178375.0,-45.46669
539178437.5,-45.45038
539178500.0,-45.48592
539178562.5,-45.47191
539178625.0,-45.47072
539178687.5,-45.5036
539178750.0,-45.51433
539178812.5,-45.48544
539178875.0,-45.50262
539178937.5,-45.48365
539179000.0,-45.49722
539179062.5,-45.49226
539179125.0,-45.48738
539179187.5,-45.52191
539179250.0,-45.52149
539179312.5,-45.53446
539179375.0,-45.52497
539179437.5,-45.51046
539179500.0,-45.53567
539179562.5,-45.51268
539179625.0,-45.53743
539179687.5,-45.55445
539179750.0,-45.54659
539179812.5,-45.53611
539179875.0,-45.56145
539179937.5,-45.55267
539180000.0,-45.52935
539180062.5,-45.54478
539180125.0,-45.57127
539180187.5,-45.57103
539180250.0,-45.53606
539180312.5,-45.57419
539180375.0,-45.55014
539180437.5,-45.57645
539180500.0,-45.55715
539180562.5,-45.57082
539180625.0,-45.57377
539180687.5,-45.58029
539180750.0,-45.58434
539180812.5,-45.58697
539180875.0,-45.5895
539180937.5,-45.59993
539181000.0,-45.59807
539181062.5,-45.59823
539181125.0,-45.58072
539181187.5,-45.60366
539181250.0,-45.61264
539181312.5,-45.59076
539181375.0,-45.60801
539181437.5,-45.60352
539181500.0,-45.63017
539181562.5,-45.59605
539181625.0,-45.61383
539181687.5,-45.62933
539181750.0,-45.62912
539181812.5,-45.64165
539181875.0,-45.60495
539181937.5,-45.60841
539182000.0,-45.63323
539182062.5,-45.66125
539182125.0,-45.6354
539182187.5,-45.6438
539182250.0,-45.62647
539182312.5,-45.63641
539182375.0,-45.64573
539182437.5,-45.65011
539182500.0,-45.63773
539182562.5,-45.65707
539182625.0,-45.6556
539182687.5,-45.64449
539182750.0,-45.66182
539182812.5,-45.66526
539182875.0,-45.65733
539182937.5,-45.70747
539183000.0,-45.67176
539183062.5,-45.65052
539183125.0,-45.67102
539183187.5,-45.68908
539183250.0,-45.67559
539183312.5,-45.69319
539183375.0,-45.69276
539183437.5,-45.68713
539183500.0,-45.67599
539183562.5,-45.703
539183625.0,-45.71045
539183687.5,-45.68378
539183750.0,-45.69164
539183812.5,-45.69262
539183875.0,-45.68873
539183937.5,-45.69659
539184000.0,-45.70076
539184062.5,-45.69317
539184125.0,-45.72759
539184187.5,-45.70589
539184250.0,-45.71764
539184312.5,-45.72116
539184375.0,-45.71056
539184437.5,-45.73782
539184500.0,-45.74161
539184562.5,-45.73571
539184625.0,-45.74014
539184687.5,-45.73312
539184750.0,-45.76043
539184812.5,-45.75184
539184875.0,-45.74557
539184937.5,-45.74074
539185000.0,-45.76341
539185062.5,-45.74764
539185125.0,-45.78477
539185187.5,-45.75048
539185250.0,-45.77119
539185312.5,-45.74548
539185375.0,-45.76947
539185437.5,-45.75735
539185500.0,-45.78627
539185562.5,-45.79056
539185625.0,-45.77163
539185687.5,-45.7849
539185750.0,-45.78987
539185812.5,-45.78386
539185875.0,-45.79207
539185937.5,-45.80795
539186000.0,-45.78416
539186062.5,-45.77343
539186125.0,-45.80369
539186187.5,-45.7965
539186250.0,-45.8404
539186312.5,-45.81096
539186375.0,-45.80001
539186437.5,-45.80188
539186500.0,-45.80981
539186562.5,-45.80912
539186625.0,-45.83185
539186687.5,-45.83037
539186750.0,-45.85756
539186812.5,-45.85408
539186875.0,-45.83461
539186937.5,-45.84898
539187000.0,-45.82006
539187062.5,-45.81549
539187125.0,-45.82744
539187187.5,-45.84002
539187250.0,-45.82751
539187312.5,-45.86889
539187375.0,-45.85009
539187437.5,-45.83228
539187500.0,-45.85818
539187562.5,-45.85672
539187625.0,-45.84682
539187687.5,-45.80696
539187750.0,-45.84121
539187812.5,-45.87426
539187875.0,-45.88585
539187937.5,-45.88556
539188000.0,-45.84455
539188062.5,-45.8793
539188125.0,-45.88273
539188187.5,-45.89065
539188250.0,-45.88646
539188312.5,-45.92052
539188375.0,-45.87686
539188437.5,-45.89011
539188500.0,-45.88041
539188562.5,-45.91655
539188625.0,-45.92433
539188687.5,-45.90249
539188750.0,-45.94044
539188812.5,-45.90414
539188875.0,-45.91229
539188937.5,-45.90234
539189000.0,-45.91098
539189062.5,-45.91399
539189125.0,-45.93505
539189187.5,-45.94117
539189250.0,-45.92346
539189312.5,-45.90784
539189375.0,-45.94444
539189437.5,-45.93414
539189500.0,-45.94074
539189562.5,-45.95019
539189625.0,-45.93451
539189687.5,-45.93122
539189750.0,-45.95329
539189812.5,-45.9493
539189875.0,-45.95532
539189937.5,-45.94254
539190000.0,-45.98355
539190062.5,-45.95638
539190125.0,-45.96379
539190187.5,-45.97684
539190250.0,-45.96387
539190312.5,-45.95075
539190375.0,-45.95127
539190437.5,-45.98277
539190500.0,-45.96391
539190562.5,-45.98759
539190625.0,-45.9864
539190687.5,-45.98643
539190750.0,-46.00412
539190812.5,-45.98928
539190875.0,-46.0031
539190937.5,-45.98142
539191000.0,-46.01333
539191062.5,-46.01117
539191125.0,-45.97282
539191187.5,-46.00864
539191250.0,-46.01934
539191312.5,-45.98831
539191375.0,-46.03209
539191437.5,-46.04841
539191500.0,-46.00671
539191562.5,-46.01464
539191625.0,-46.02448
539191687.5,-46.02185
539191750.0,-46.04573
539191812.5,-46.03487
539191875.0,-46.0246
539191937.5,-46.02125
539192000.0,-46.04542
539192062.5,-46.02714
539192125.0,-46.07912
539192187.5,-46.05737
539192250.0,-46.04029
539192312.5,-46.05069
539192375.0,-46.04948
539192437.5,-46.0638
539192500.0,-46.0729
539192562.5,-46.04468
539192625.0,-46.08325
539192687.5,-46.07827
539192750.0,-46.06494
539192812.5,-46.04512
539192875.0,-46.07977
539192937.5,-46.09282
539193000.0,-46.08097
539193062.5,-46.10471
539193125.0,-46.064
539193187.5,-46.0805
539193250.0,-46.07967
539193312.5,-46.08514
539193375.0,-46.10145
539193437.5,-46.11019
539193500.0,-46.10775
539193562.5,-46.09913
539193625.0,-46.11208
539193687.5,-46.10648
539193750.0,-46.11882
539193812.5,-46.11908
539193875.0,-46.09511
539193937.5,-46.11664
539194000.0,-46.08502
539194062.5,-46.12966
539194125.0,-46.12166
539194187.5,-46.12581
539194250.0,-46.14621
539194312.5,-46.11106
539194375.0,-46.12829
539194437.5,-46.12961
539194500.0,-46.14753
539194562.5,-46.14346
539194625.0,-46.15507
539194687.5,-46.15696
539194750.0,-46.14869
539194812.5,-46.14267
539194875.0,-46.15988
539194937.5,-46.16409
539195000.0,-46.17896
539195062.5,-46.15792
539195125.0,-46.15685
539195187.5,-46.12761
539195250.0,-46.15977
539195312.5,-46.1685
539195375.0,-46.16794
539195437.5,-46.15994
539195500.0,-46.18681
539195562.5,-46.19457
539195625.0,-46.18077
539195687.5,-46.17418
539195750.0,-46.17293
539195812.5,-46.17163
539195875.0,-46.20706
539195937.5,-46.20834
539196000.0,-46.20601
539196062.5,-46.20639
539196125.0,-46.21261
539196187.5,-46.20942
539196250.0,-46.20916
539196312.5,-46.23923
539196375.0,-46.21808
539196437.5,-46.19674
539196500.0,-46.21693
539196562.5,-46.21027
539196625.0,-46.20036
539196687.5,-46.23596
539196750.0,-46.22154
539196812.5,-46.20488
539196875.0,-46.23119
539196937.5,-46.23295
539197000.0,-46.24265
539197062.5,-46.23868
539197125.0,-46.21841
539197187.5,-46.23116
539197250.0,-46.26411
539197312.5,-46.23972
539197375.0,-46.22423
539197437.5,-46.25149
539197500.0,-46.24577
539197562.5,-46.24308
539197625.0,-46.23354
539197687.5,-46.26733
539197750.0,-46.28203
539197812.5,-46.28102
539197875.0,-46.28795
539197937.5,-46.29578
539198000.0,-46.293
539198062.5,-46.29807
539198125.0,-46.25291
539198187.5,-46.25205
539198250.0,-46.28873
539198312.5,-46.28882
539198375.0,-46.31367
539198437.5,-46.29912
539198500.0,-46.28258
539198562.5,-46.30529
539198625.0,-46.28477
539198687.5,-46.31871
539198750.0,-46.27883
539198812.5,-46.30128
539198875.0,-46.30972
539198937.5,-46.30938
539199000.0,-46.31133
539199062.5,-46.29866
539199125.0,-46.32383
539199187.5,-46.3294
539199250.0,-46.31551
539199312.5,-46.32642
539199375.0,-46.33205
539199437.5,-46.30476
539199500.0,-46.29277
539199562.5,-46.34076
539199625.0,-46.35635
539199687.5,-46.36375
539199750.0,-46.34037
539199812.5,-46.33616
539199875.0,-46.35187
539199937.5,-46.33746
539200000.0,-46.35734
539200062.5,-46.3404
539200125.0,-46.33348
539200187.5,-46.37279
539200250.0,-46.33819
539200312.5,-46.37962
539200375.0,-46.37171
539200437.5,-46.36433
539200500.0,-46.38597
539200562.5,-46.36115
539200625.0,-46.38119
539200687.5,-46.39863
539200750.0,-46.37712
539200812.5,-46.37879
539200875.0,-46.3675
539200937.5,-46.39351
539201000.0,-46.38255
539201062.5,-46.38089
539201125.0,-46.38847
539201187.5,-46.38173
539201250.0,-46.40016
539201312.5,-46.43341
539201375.0,-46.42764
539201437.5,-46.41438
539201500.0,-46.39166
539201562.5,-46.38818
539201625.0,-46.41796
539201687.5,-46.42772
539201750.0,-46.43043
539201812.5,-46.41037
539201875.0,-46.42403
539201937.5,-46.41923
539202000.0,-46.42101
539202062.5,-46.42129
539202125.0,-46.43623
539202187.5,-46.45909
539202250.0,-46.46436
539202312.5,-46.4311
539202375.0,-46.41826
539202437.5,-46.46508
539202500.0,-46.44542
539202562.5,-46.44456
539202625.0,-46.46639
539202687.5,-46.43747
539202750.0,-46.47303
539202812.5,-46.4176
539202875.0,-46.45246
539202937.5,-46.44992
539203000.0,-46.49173
539203062.5,-46.45532
539203125.0,-46.48962
539203187.5,-46.4697
539203250.0,-46.49524
539203312.5,-46.48409
539203375.0,-46.47882
539203437.5,-46.49937
539203500.0,-46.49753
539203562.5,-46.49386
539203625.0,-46.51448
539203687.5,-46.48797
539203750.0,-46.52686
539203812.5,-46.49909
539203875.0,-46.50647
539203937.5,-46.49857
539204000.0,-46.52285
539204062.5,-46.51284
539204125.0,-46.51548
539204187.5,-46.50241
539204250.0,-46.50592
539204312.5,-46.52317
539204375.0,-46.51249
539204437.5,-46.52564
539204500.0,-46.52162
539204562.5,-46.53626
539204625.0,-46.52716
539204687.5,-46.52507
539204750.0,-46.53675
539204812.5,-46.51641
539204875.0,-46.56119
539204937.5,-46.56535
539205000.0,-46.53739
539205062.5,-46.52653
539205125.0,-46.55
539205187.5,-46.5475
539205250.0,-46.5377
539205312.5,-46.55308
539205375.0,-46.56384
539205437.5,-46.54633
539205500.0,-46.56525
539205562.5,-46.60936
539205625.0,-46.58385
539205687.5,-46.58423
539205750.0,-46.58406
539205812.5,-46.57347
539205875.0,-46.59944
539205937.5,-46.58068
539206000.0,-46.61256
539206062.5,-46.60489
539206125.0,-46.58267
539206187.5,-46.58527
539206250.0,-46.59328
539206312.5,-46.55898
539206375.0,-46.57826
539206437.5,-46.60114
539206500.0,-46.59439
539206562.5,-46.60447
539206625.0,-46.61292
539206687.5,-46.59923
539206750.0,-46.62821
539206812.5,-46.63485
539206875.0,-46.59352
539206937.5,-46.62318
539207000.0,-46.61522
539207062.5,-46.63044
539207125.0,-46.63829
539207187.5,-46.61467
539207250.0,-46.62695
539207312.5,-46.63904
539207375.0,-46.63717
539207437.5,-46.60895
539207500.0,-46.66639
539207562.5,-46.64782
539207625.0,-46.64779
539207687.5,-46.64497
539207750.0,-46.64293
539207812.5,-46.64769
539207875.0,-46.65187
539207937.5,-46.64677
539208000.0,-46.65062
539208062.5,-46.6594
539208125.0,-46.65454
539208187.5,-46.66032
539208250.0,-46.65556
539208312.5,-46.64961
539208375.0,-46.64455
539208437.5,-46.64975
539208500.0,-46.66011
539208562.5,-46.66941
539208625.0,-46.6796
539208687.5,-46.63511
539208750.0,-46.68494
539208812.5,-46.67631
539208875.0,-46.68007
539208937.5,-46.7154
539209000.0,-46.67745
539209062.5,-46.68052
539209125.0,-46.68446
539209187.5,-46.68748
539209250.0,-46.75069
539209312.5,-46.70488
539209375.0,-46.71313
539209437.5,-46.73073
539209500.0,-46.73294
539209562.5,-46.71576
539209625.0,-46.71774
539209687.5,-46.73324
539209750.0,-46.72716
539209812.5,-46.74067
539209875.0,-46.73036
539209937.5,-46.7446
539210000.0,-46.73537
539210062.5,-46.73088
539210125.0,-46.71864
539210187.5,-46.76184
539210250.0,-46.73831
539210312.5,-46.75279
539210375.0,-46.75364
539210437.5,-46.75605
539210500.0,-46.75507
539210562.5,-46.74274
539210625.0,-46.79167
539210687.5,-46.75254
539210750.0,-46.76174
539210812.5,-46.73785
539210875.0,-46.74078
539210937.5,-46.77493
539211000.0,-46.75052
539211062.5,-46.74901
539211125.0,-46.75345
539211187.5,-46.7601
539211250.0,-46.76043
539211312.5,-46.78894
539211375.0,-46.78588
539211437.5,-46.76679
539211500.0,-46.77679
539211562.5,-46.80927
539211625.0,-46.74707
539211687.5,-46.78157
539211750.0,-46.77001
539211812.5,-46.80299
539211875.0,-46.78815
539211937.5,-46.8053
539212000.0,-46.79158
539212062.5,-46.80203
539212125.0,-46.80701
539212187.5,-46.81013
539212250.0,-46.80305
539212312.5,-46.83187
539212375.0,-46.8175
539212437.5,-46.79265
539212500.0,-46.79577
539212562.5,-46.81867
539212625.0,-46.82376
539212687.5,-46.84889
539212750.0,-46.81905
539212812.5,-46.82875
539212875.0,-46.84072
539212937.5,-46.84695
539213000.0,-46.85767
539213062.5,-46.80746
539213125.0,-46.84691
539213187.5,-46.84002
539213250.0,-46.83685
539213312.5,-46.83276
539213375.0,-46.82491
539213437.5,-46.85037
539213500.0,-46.87473
539213562.5,-46.86502
539213625.0,-46.8646
539213687.5,-46.84207
539213750.0,-46.86886
539213812.5,-46.85131
539213875.0,-46.88721
539213937.5,-46.89338
539214000.0,-46.90188
539214062.5,-46.88416
539214125.0,-46.85913
539214187.5,-46.85324
539214250.0,-46.86884
539214312.5,-46.85747
539214375.0,-46.892
539214437.5,-46.88358
539214500.0,-46.87194
539214562.5,-46.89214
539214625.0,-46.88517
539214687.5,-46.90896
539214750.0,-46.88959
539214812.5,-46.87555
539214875.0,-46.91984
539214937.5,-46.92743
539215000.0,-46.91697
539215062.5,-46.91192
539215125.0,-46.93431
539215187.5,-46.89586
539215250.0,-46.91112
539215312.5,-46.89893
539215375.0,-46.92718
539215437.5,-46.93223
539215500.0,-46.92546
539215562.5,-46.96458
539215625.0,-46.91824
539215687.5,-46.90143
539215750.0,-46.95596
539215812.5,-46.93652
539215875.0,-46.92532
539215937.5,-46.93902
539216000.0,-46.97003
539216062.5,-46.93673
539216125.0,-46.92625
539216187.5,-46.96185
539216250.0,-46.97141
539216312.5,-46.94783
539216375.0,-46.97269
539216437.5,-46.9724
539216500.0,-46.94475
539216562.5,-46.97324
539216625.0,-46.96153
539216687.5,-46.9937
539216750.0,-46.9649
539216812.5,-46.97821
539216875.0,-46.9698
539216937.5,-46.98936
539217000.0,-46.98019
539217062.5,-46.99695
539217125.0,-46.99564
539217187.5,-46.96595
539217250.0,-46.99027
539217312.5,-46.98014
539217375.0,-47.01559
539217437.5,-47.01077
539217500.0,-47.0318
539217562.5,-47.02915
539217625.0,-47.01341
539217687.5,-47.00751
539217750.0,-47.00202
539217812.5,-47.0081
539217875.0,-47.01983
539217937.5,-46.98441
539218000.0,-47.00188
539218062.5,-47.01478
539218125.0,-47.02638
539218187.5,-47.00919
539218250.0,-47.01744
539218312.5,-47.04191
539218375.0,-47.05594
539218437.5,-47.02671
539218500.0,-47.025
539218562.5,-47.03461
539218625.0,-47.04859
539218687.5,-47.04139
539218750.0,-47.04658
539218812.5,-47.04188
539218875.0,-47.06236
539218937.5,-47.06556
539219000.0,-47.05456
539219062.5,-47.07685
539219125.0,-47.08149
539219187.5,-47.04435
539219250.0,-47.07256
539219312.5,-47.07973
539219375.0,-47.0696
539219437.5,-47.07378
539219500.0,-47.05174
539219562.5,-47.08176
539219625.0,-47.09522
539219687.5,-47.08208
539219750.0,-47.05565
539219812.5,-47.05674
539219875.0,-47.10104
539219937.5,-47.08727
539220000.0,-47.07524
539220062.5,-47.09562
539220125.0,-47.07232
539220187.5,-47.12445
539220250.0,-47.08623
539220312.5,-47.10863
539220375.0,-47.12493
539220437.5,-47.1168
539220500.0,-47.10051
539220562.5,-47.13216
539220625.0,-47.12585
539220687.5,-47.10734
539220750.0,-47.11066
539220812.5,-47.10859
539220875.0,-47.10957
539220937.5,-47.12599
539221000.0,-47.16629
539221062.5,-47.1279
539221125.0,-47.11111
539221187.5,-47.1275
539221250.0,-47.12557
539221312.5,-47.12263
539221375.0,-47.19341
539221437.5,-47.13979
539221500.0,-47.16229
539221562.5,-47.1523
539221625.0,-47.15044
539221687.5,-47.13142
539221750.0,-47.12967
539221812.5,-47.14039
539221875.0,-47.14215
539221937.5,-47.16205
539222000.0,-47.1744
539222062.5,-47.16042
539222125.0,-47.16111
539222187.5,-47.16004
539222250.0,-47.14639
539222312.5,-47.18129
539222375.0,-47.17412
539222437.5,-47.14656
539222500.0,-47.19888
539222562.5,-47.16989
539222625.0,-47.17351
539222687.5,-47.18422
539222750.0,-47.16471
539222812.5,-47.17824
539222875.0,-47.18578
539222937.5,-47.19321
539223000.0,-47.19103
539223062.5,-47.17158
539223125.0,-47.19247
539223187.5,-47.21274
539223250.0,-47.19729
539223312.5,-47.18336
539223375.0,-47.1874
539223437.5,-47.19305
539223500.0,-47.21936
539223562.5,-47.20004
539223625.0,-47.20602
539223687.5,-47.23543
539223750.0,-47.21006
539223812.5,-47.20422
539223875.0,-47.21257
539223937.5,-47.2369
539224000.0,-47.24395
539224062.5,-47.22899
539224125.0,-47.18338
539224187.5,-47.20701
539224250.0,-47.27209
539224312.5,-47.22379
539224375.0,-47.23584
539224437.5,-47.25523
539224500.0,-47.249
539224562.5,-47.24448
539224625.0,-47.24775
539224687.5,-47.2496
539224750.0,-47.25633
539224812.5,-47.26778
539224875.0,-47.24832
539224937.5,-47.23103
539225000.0,-47.26048
539225062.5,-47.26716
539225125.0,-47.26508
539225187.5,-47.2816
539225250.0,-47.28686
539225312.5,-47.27745
539225375.0,-47.26828
539225437.5,-47.27431
539225500.0,-47.28291
539225562.5,-47.28073
539225625.0,-47.29601
539225687.5,-47.29156
539225750.0,-47.28758
539225812.5,-47.30725
539225875.0,-47.28714
539225937.5,-47.29891
539226000.0,-47.28038
539226062.5,-47.3009
539226125.0,-47.30606
539226187.5,-47.2939
539226250.0,-47.28928
539226312.5,-47.27641
539226375.0,-47.32462
539226437.5,-47.30751
539226500.0,-47.30987
539226562.5,-47.30963
539226625.0,-47.30742
539226687.5,-47.33893
539226750.0,-47.3078
539226812.5,-47.32579
539226875.0,-47.31548
539226937.5,-47.33928
539227000.0,-47.33278
539227062.5,-47.35112
539227125.0,-47.33314
539227187.5,-47.32262
539227250.0,-47.33645
539227312.5,-47.34067
539227375.0,-47.32006
539227437.5,-47.3227
539227500.0,-47.31443
539227562.5,-47.32297
539227625.0,-47.36246
539227687.5,-47.34135
539227750.0,-47.36694
539227812.5,-47.35824
539227875.0,-47.33437
539227937.5,-47.35434
539228000.0,-47.3353
539228062.5,-47.36641
539228125.0,-47.3533
539228187.5,-47.36293
539228250.0,-47.36614
539228312.5,-47.36302
539228375.0,-47.37614
539228437.5,-47.3852
539228500.0,-47.38266
539228562.5,-47.38195
539228625.0,-47.39223
539228687.5,-47.38613
539228750.0,-47.39821
539228812.5,-47.39668
539228875.0,-47.3852
539228937.5,-47.39805
539229000.0,-47.36896
539229062.5,-47.37683
539229125.0,-47.41968
539229187.5,-47.39257
539229250.0,-47.38198
539229312.5,-47.40698
539229375.0,-47.39831
539229437.5,-47.43673
539229500.0,-47.42542
539229562.5,-47.41087
539229625.0,-47.43053
539229687.5,-47.42635
539229750.0,-47.41156
539229812.5,-47.39934
539229875.0,-47.40243
539229937.5,-47.42313
539230000.0,-47.41864
539230062.5,-47.4225
539230125.0,-47.41108
539230187.5,-47.42877
539230250.0,-47.44003
539230312.5,-47.42128
539230375.0,-47.44794
539230437.5,-47.45103
539230500.0,-47.44754
539230562.5,-47.42076
539230625.0,-47.43921
539230687.5,-47.46534
539230750.0,-47.46803
539230812.5,-47.48138
539230875.0,-47.45431
539230937.5,-47.49943
539231000.0,-47.46861
539231062.5,-47.47503
539231125.0,-47.46084
539231187.5,-47.50739
539231250.0,-47.46592
539231312.5,-47.49628
539231375.0,-47.5074
539231437.5,-47.42397
539231500.0,-47.47736
539231562.5,-47.48975
539231625.0,-47.48131
539231687.5,-47.4958
539231750.0,-47.49235
539231812.5,-47.48072
539231875.0,-47.48301
539231937.5,-47.52114
539232000.0,-47.52504
539232062.5,-47.49947
539232125.0,-47.50905
539232187.5,-47.49805
539232250.0,-47.51465
539232312.5,-47.51438
539232375.0,-47.51501
539232437.5,-47.51216
539232500.0,-47.50647
539232562.5,-47.53496
539232625.0,-47.52901
539232687.5,-47.49813
539232750.0,-47.53834
539232812.5,-47.52844
539232875.0,-47.52816
539232937.5,-47.50756
539233000.0,-47.52551
539233062.5,-47.51637
539233125.0,-47.52794
539233187.5,-47.55536
539233250.0,-47.52387
539233312.5,-47.54049
539233375.0,-47.5192
539233437.5,-47.58328
539233500.0,-47.53006
539233562.5,-47.53495
539233625.0,-47.56051
539233687.5,-47.55085
539233750.0,-47.52995
539233812.5,-47.57534
539233875.0,-47.55573
539233937.5,-47.53957
539234000.0,-47.56841
539234062.5,-47.56166
539234125.0,-47.57796
539234187.5,-47.57354
539234250.0,-47.5788
539234312.5,-47.55189
539234375.0,-47.56598
539234437.5,-47.58032
539234500.0,-47.58752
539234562.5,-47.60362
539234625.0,-47.62211
539234687.5,-47.60176
539234750.0,-47.60387
539234812.5,-47.60118
539234875.0,-47.59727
539234937.5,-47.57519
539235000.0,-47.61263
539235062.5,-47.56888
539235125.0,-47.62556
539235187.5,-47.6101
539235250.0,-47.62964
539235312.5,-47.57922
539235375.0,-47.64285
539235437.5,-47.63892
539235500.0,-47.61281
539235562.5,-47.65199
539235625.0,-47.62188
539235687.5,-47.6312
539235750.0,-47.61414
539235812.5,-47.64263
539235875.0,-47.63123
539235937.5,-47.63514
539236000.0,-47.66282
539236062.5,-47.63719
539236125.0,-47.65419
539236187.5,-47.64043
539236250.0,-47.62227
539236312.5,-47.62663
539236375.0,-47.64989
539236437.5,-47.63639
539236500.0,-47.66513
539236562.5,-47.65897
539236625.0,-47.6494
539236687.5,-47.63906
539236750.0,-47.65555
539236812.5,-47.66304
539236875.0,-47.67188
539236937.5,-47.65931
539237000.0,-47.65557
539237062.5,-47.65611
539237125.0,-47.68201
539237187.5,-47.67202
539237250.0,-47.70644
539237312.5,-47.66055
539237375.0,-47.67431
539237437.5,-47.64816
539237500.0,-47.69155
539237562.5,-47.69639
539237625.0,-47.66883
539237687.5,-47.66499
539237750.0,-47.71107
539237812.5,-47.67927
539237875.0,-47.73087
539237937.5,-47.70777
539238000.0,-47.68634
539238062.5,-47.70563
539238125.0,-47.72437
539238187.5,-47.71731
539238250.0,-47.74406
539238312.5,-47.73104
539238375.0,-47.67809
539238437.5,-47.73723
539238500.0,-47.70987
539238562.5,-47.72188
539238625.0,-47.72307
539238687.5,-47.71008
539238750.0,-47.71537
539238812.5,-47.69447
539238875.0,-47.69813
539238937.5,-47.7271
539239000.0,-47.75431
539239062.5,-47.71662
539239125.0,-47.73696
539239187.5,-47.74085
539239250.0,-47.74542
539239312.5,-47.70814
539239375.0,-47.7442
539239437.5,-47.72478
539239500.0,-47.73774
539239562.5,-47.78744
539239625.0,-47.74072
539239687.5,-47.75723
539239750.0,-47.78035
539239812.5,-47.76622
539239875.0,-47.76166
539239937.5,-47.78357
539240000.0,-47.76762
539240062.5,-47.73405
539240125.0,-47.79002
539240187.5,-47.78321
539240250.0,-47.76136
539240312.5,-47.7427
539240375.0,-47.76938
539240437.5,-47.75931
539240500.0,-47.77762
539240562.5,-47.77369
539240625.0,-47.79306
539240687.5,-47.75979
539240750.0,-47.79081
539240812.5,-47.81152
539240875.0,-47.79372
539240937.5,-47.78472
539241000.0,-47.82055
539241062.5,-47.80001
539241125.0,-47.80322
539241187.5,-47.77454
539241250.0,-47.80574
539241312.5,-47.80692
539241375.0,-47.82185
539241437.5,-47.76629
539241500.0,-47.81643
539241562.5,-47.79283
539241625.0,-47.80212
539241687.5,-47.79941
539241750.0,-47.82425
539241812.5,-47.81066
539241875.0,-47.82827
539241937.5,-47.81161
539242000.0,-47.80405
539242062.5,-47.85939
539242125.0,-47.84698
539242187.5,-47.81792
539242250.0,-47.8239
539242312.5,-47.82205
539242375.0,-47.83725
539242437.5,-47.8286
539242500.0,-47.85633
539242562.5,-47.85066
539242625.0,-47.85684
539242687.5,-47.83963
539242750.0,-47.88409
539242812.5,-47.85945
539242875.0,-47.87679
539242937.5,-47.83622
539243000.0,-47.86225
539243062.5,-47.86817
539243125.0,-47.88387
539243187.5,-47.85305
539243250.0,-47.87828
539243312.5,-47.86687
539243375.0,-47.87682
539243437.5,-47.87309
539243500.0,-47.90184
539243562.5,-47.87004
539243625.0,-47.8767
539243687.5,-47.88338
539243750.0,-47.87748
539243812.5,-47.87778
539243875.0,-47.87987
539243937.5,-47.92573
539244000.0,-47.90018
539244062.5,-47.88115
539244125.0,-47.9188
539244187.5,-47.90905
539244250.0,-47.91672
539244312.5,-47.8891
539244375.0,-47.92028
539244437.5,-47.91912
539244500.0,-47.88872
539244562.5,-47.90454
539244625.0,-47.90542
539244687.5,-47.9341
539244750.0,-47.92374
539244812.5,-47.9683
539244875.0,-47.91361
539244937.5,-47.92333
539245000.0,-47.91129
539245062.5,-47.8883
539245125.0,-47.95534
539245187.5,-47.93207
539245250.0,-47.96408
539245312.5,-47.94074
539245375.0,-47.9275
539245437.5,-47.93572
539245500.0,-47.93599
539245562.5,-47.96822
539245625.0,-47.94076
539245687.5,-47.92899
539245750.0,-47.94164
539245812.5,-47.97913
539245875.0,-47.95863
539245937.5,-47.97755
539246000.0,-47.96863
539246062.5,-47.98236
539246125.0,-47.93824
539246187.5,-47.97426
539246250.0,-47.97953
539246312.5,-47.94962
539246375.0,-47.9655
539246437.5,-47.95924
539246500.0,-47.97105
539246562.5,-47.96678
539246625.0,-47.94748
539246687.5,-47.99781
539246750.0,-47.97736
539246812.5,-47.96907
539246875.0,-47.98629
539246937.5,-47.95968
539247000.0,-48.00515
539247062.5,-47.98815
539247125.0,-47.99327
539247187.5,-47.97119
539247250.0,-48.03364
539247312.5,-47.95655
539247375.0,-48.00215
539247437.5,-48.01149
539247500.0,-48.03692
539247562.5,-48.00517
539247625.0,-48.01429
539247687.5,-48.01985
539247750.0,-47.97422
539247812.5,-48.02504
539247875.0,-47.98588
539247937.5,-48.00363
539248000.0,-48.02218
539248062.5,-48.02572
539248125.0,-47.98072
539248187.5,-48.04538
539248250.0,-48.00389
539248312.5,-48.03989
539248375.0,-48.04113
539248437.5,-48.05658
539248500.0,-48.02106
539248562.5,-48.03176
539248625.0,-48.0512
539248687.5,-48.03918
539248750.0,-48.03992
539248812.5,-48.04695
539248875.0,-48.0721
539248937.5,-48.064
539249000.0,-48.06644
539249062.5,-48.05204
539249125.0,-48.03645
539249187.5,-48.02584
539249250.0,-48.08228
539249312.5,-48.08136
539249375.0,-48.06735
539249437.5,-48.08321
539249500.0,-48.06966
539249562.5,-48.07022
539249625.0,-48.09862
539249687.5,-48.06598
539249750.0,-48.09403
539249812.5,-48.0683
539249875.0,-48.07067
539249937.5,-48.07891
539250000.0,-48.08836
539250062.5,-48.06731
539250125.0,-48.06586
539250187.5,-48.10099
539250250.0,-48.08977
539250312.5,-48.09968
539250375.0,-48.11219
539250437.5,-48.08727
539250500.0,-48.12643
539250562.5,-48.0852
539250625.0,-48.10393
539250687.5,-48.12407
539250750.0,-48.09529
539250812.5,-48.08804
539250875.0,-48.15326
539250937.5,-48.12798
539251000.0,-48.1305
539251062.5,-48.12776
539251125.0,-48.10438
539251187.5,-48.1461
539251250.0,-48.13516
539251312.5,-48.13869
539251375.0,-48.14767
539251437.5,-48.12715
539251500.0,-48.12928
539251562.5,-48.14766
539251625.0,-48.17317
539251687.5,-48.14335
539251750.0,-48.13079
539251812.5,-48.15211
539251875.0,-48.11791
539251937.5,-48.15069
539252000.0,-48.15068
539252062.5,-48.13155
539252125.0,-48.12183
539252187.5,-48.1553
539252250.0,-48.16756
539252312.5,-48.13397
539252375.0,-48.16623
539252437.5,-48.18354
539252500.0,-48.17137
539252562.5,-48.17538
539252625.0,-48.15349
539252687.5,-48.16549
539252750.0,-48.19484
539252812.5,-48.18084
539252875.0,-48.16697
539252937.5,-48.17203
539253000.0,-48.18812
539253062.5,-48.17476
539253125.0,-48.18293
539253187.5,-48.19965
539253250.0,-48.21186
539253312.5,-48.17972
539253375.0,-48.20172
539253437.5,-48.18519
539253500.0,-48.20115
539253562.5,-48.21
539253625.0,-48.19773
539253687.5,-48.2052
539253750.0,-48.23235
539253812.5,-48.21624
539253875.0,-48.22141
539253937.5,-48.21202
539254000.0,-48.17728
539254062.5,-48.21926
539254125.0,-48.18922
539254187.5,-48.21517
539254250.0,-48.20933
539254312.5,-48.22768
539254375.0,-48.22256
539254437.5,-48.24791
539254500.0,-48.21792
539254562.5,-48.25045
539254625.0,-48.21889
539254687.5,-48.26769
539254750.0,-48.21359
539254812.5,-48.23758
539254875.0,-48.20031
539254937.5,-48.23074
539255000.0,-48.26341
539255062.5,-48.23743
539255125.0,-48.24384
539255187.5,-48.27354
539255250.0,-48.24574
539255312.5,-48.21743
539255375.0,-48.26148
539255437.5,-48.28973
539255500.0,-48.2516
539255562.5,-48.26731
539255625.0,-48.24086
539255687.5,-48.2325
539255750.0,-48.28126
539255812.5,-48.25379
539255875.0,-48.26585
539255937.5,-48.25069
539256000.0,-48.25695
539256062.5,-48.30672
539256125.0,-48.28619
539256187.5,-48.27477
539256250.0,-48.25928
539256312.5,-48.26688
539256375.0,-48.26935
539256437.5,-48.31344
539256500.0,-48.279
539256562.5,-48.27254
539256625.0,-48.28693
539256687.5,-48.27342
539256750.0,-48.29235
539256812.5,-48.28862
539256875.0,-48.30085
539256937.5,-48.28156
539257000.0,-48.33051
539257062.5,-48.31941
539257125.0,-48.31226
539257187.5,-48.29587
539257250.0,-48.3293
539257312.5,-48.32357
539257375.0,-48.31676
539257437.5,-48.32227
539257500.0,-48.33415
539257562.5,-48.30658
539257625.0,-48.31881
539257687.5,-48.33849
539257750.0,-48.32578
539257812.5,-48.34864
539257875.0,-48.31923
539257937.5,-48.30534
539258000.0,-48.30817
539258062.5,-48.33241
539258125.0,-48.34578
539258187.5,-48.33442
539258250.0,-48.30201
539258312.5,-48.35339
539258375.0,-48.33504
539258437.5,-48.34484
539258500.0,-48.3471
539258562.5,-48.36112
539258625.0,-48.37381
539258687.5,-48.38528
539258750.0,-48.34847
539258812.5,-48.38009
539258875.0,-48.34647
539258937.5,-48.32158
539259000.0,-48.35683
539259062.5,-48.37465
539259125.0,-48.35998
539259187.5,-48.3787
539259250.0,-48.42158
539259312.5,-48.3325
539259375.0,-48.39767
539259437.5,-48.33433
539259500.0,-48.34195
539259562.5,-48.37711
539259625.0,-48.37979
539259687.5,-48.38322
539259750.0,-48.39277
539259812.5,-48.35626
539259875.0,-48.39637
539259937.5,-48.41069
539260000.0,-48.41197
539260062.5,-48.41051
539260125.0,-48.42484
539260187.5,-48.40922
539260250.0,-48.40068
539260312.5,-48.41032
539260375.0,-48.41245
539260437.5,-48.40655
539260500.0,-48.44025
539260562.5,-48.44224
539260625.0,-48.40589
539260687.5,-48.40185
539260750.0,-48.38765
539260812.5,-48.41249
539260875.0,-48.39246
539260937.5,-48.44997
539261000.0,-48.42712
539261062.5,-48.43526
539261125.0,-48.44744
539261187.5,-48.43536
539261250.0,-48.46383
539261312.5,-48.44913
539261375.0,-48.43078
539261437.5,-48.44828
539261500.0,-48.46605
539261562.5,-48.41638
539261625.0,-48.44868
539261687.5,-48.42688
539261750.0,-48.43207
539261812.5,-48.46448
539261875.0,-48.44435
539261937.5,-48.42508
539262000.0,-48.46181
539262062.5,-48.44516
539262125.0,-48.46637
539262187.5,-48.4668
539262250.0,-48.46407
539262312.5,-48.47857
539262375.0,-48.47072
539262437.5,-48.48691
539262500.0,-48.45783
539262562.5,-48.44031
539262625.0,-48.4924
539262687.5,-48.49525
539262750.0,-48.47816
539262812.5,-48.48282
539262875.0,-48.45188
539262937.5,-48.47205
539263000.0,-48.50237
539263062.5,-48.47325
539263125.0,-48.52297
539263187.5,-48.50624
539263250.0,-48.51785
539263312.5,-48.46966
539263375.0,-48.49801
539263437.5,-48.513
539263500.0,-48.48348
539263562.5,-48.50011
539263625.0,-48.4928
539263687.5,-48.49392
539263750.0,-48.50813
539263812.5,-48.52772
539263875.0,-48.51496
539263937.5,-48.49866
539264000.0,-48.52231
539264062.5,-48.51146
539264125.0,-48.51609
539264187.5,-48.49492
539264250.0,-48.52816
539264312.5,-48.53118
539264375.0,-48.52245
539264437.5,-48.53558
539264500.0,-48.53374
539264562.5,-48.54734
539264625.0,-48.54921
539264687.5,-48.529
539264750.0,-48.51832
539264812.5,-48.55762
539264875.0,-48.51959
539264937.5,-48.53574
539265000.0,-48.56939
539265062.5,-48.54237
539265125.0,-48.54022
539265187.5,-48.57375
539265250.0,-48.56726
539265312.5,-48.59383
539265375.0,-48.57582
539265437.5,-48.55921
539265500.0,-48.57705
539265562.5,-48.58883
539265625.0,-48.56067
539265687.5,-48.548
539265750.0,-48.58968
539265812.5,-48.57059
539265875.0,-48.56578
539265937.5,-48.57122
539266000.0,-48.57003
539266062.5,-48.60813
539266125.0,-48.55502
539266187.5,-48.60314
539266250.0,-48.58255
539266312.5,-48.60944
539266375.0,-48.59577
539266437.5,-48.62638
539266500.0,-48.57185
539266562.5,-48.60857
539266625.0,-48.61828
539266687.5,-48.58409
539266750.0,-48.58958
539266812.5,-48.58515
539266875.0,-48.59614
539266937.5,-48.6282
539267000.0,-48.60104
539267062.5,-48.62257
539267125.0,-48.61153
539267187.5,-48.61229
539267250.0,-48.60613
539267312.5,-48.59717
539267375.0,-48.62156
539267437.5,-48.57858
539267500.0,-48.63364
539267562.5,-48.60422
539267625.0,-48.61532
539267687.5,-48.6431
539267750.0,-48.63802
539267812.5,-48.62753
539267875.0,-48.6436
539267937.5,-48.62938
539268000.0,-48.63401
539268062.5,-48.63453
539268125.0,-48.62797
539268187.5,-48.6118
539268250.0,-48.64777
539268312.5,-48.60397
539268375.0,-48.66984
539268437.5,-48.64449
539268500.0,-48.6626
539268562.5,-48.67905
539268625.0,-48.65619
539268687.5,-48.64944
539268750.0,-48.66076
539268812.5,-48.62538
539268875.0,-48.65296
539268937.5,-48.65114
539269000.0,-48.6893
539269062.5,-48.66075
539269125.0,-48.68998
539269187.5,-48.65111
539269250.0,-48.67715
539269312.5,-48.65761
539269375.0,-48.68624
539269437.5,-48.66812
539269500.0,-48.66898
539269562.5,-48.68252
539269625.0,-48.69602
539269687.5,-48.70737
539269750.0,-48.69775
539269812.5,-48.68144
539269875.0,-48.73815
539269937.5,-48.69965
539270000.0,-48.71493
539270062.5,-48.66401
539270125.0,-48.68184
539270187.5,-48.70104
539270250.0,-48.69313
539270312.5,-48.70026
539270375.0,-48.71981
539270437.5,-48.70205
539270500.0,-48.71004
539270562.5,-48.74458
539270625.0,-48.73172
539270687.5,-48.73203
539270750.0,-48.69495
539270812.5,-48.6781
539270875.0,-48.71801
539270937.5,-48.76157
539271000.0,-48.74594
539271062.5,-48.73962
539271125.0,-48.70776
539271187.5,-48.71248
539271250.0,-48.71363
539271312.5,-48.71157
539271375.0,-48.76125
539271437.5,-48.7421
539271500.0,-48.74068
539271562.5,-48.72873
539271625.0,-48.74589
539271687.5,-48.76557
539271750.0,-48.73584
539271812.5,-48.76798
539271875.0,-48.79943
539271937.5,-48.74176
539272000.0,-48.76633
539272062.5,-48.74352
539272125.0,-48.78478
539272187.5,-48.76754
539272250.0,-48.76817
539272312.5,-48.75465
539272375.0,-48.73882
539272437.5,-48.76608
539272500.0,-48.74855
539272562.5,-48.76896
539272625.0,-48.7524
539272687.5,-48.78769
539272750.0,-48.76449
539272812.5,-48.75394
539272875.0,-48.77724
539272937.5,-48.77128
539273000.0,-48.77735
539273062.5,-48.77308
539273125.0,-48.79046
539273187.5,-48.79905
539273250.0,-48.81199
539273312.5,-48.80033
539273375.0,-48.76807
539273437.5,-48.8065
539273500.0,-48.78537
539273562.5,-48.8265
539273625.0,-48.81474
539273687.5,-48.78218
539273750.0,-48.75758
539273812.5,-48.77804
539273875.0,-48.82014
539273937.5,-48.81433
539274000.0,-48.81915
539274062.5,-48.80831
539274125.0,-48.85822
539274187.5,-48.82921
539274250.0,-48.80171
539274312.5,-48.84164
539274375.0,-48.82074
539274437.5,-48.83375
539274500.0,-48.80325
539274562.5,-48.83735
539274625.0,-48.83187
539274687.5,-48.82671
539274750.0,-48.82066
539274812.5,-48.8538
539274875.0,-48.83418
539274937.5,-48.83925
539275000.0,-48.8406
539275062.5,-48.88442
539275125.0,-48.85381
539275187.5,-48.85442
539275250.0,-48.86255
539275312.5,-48.84846
539275375.0,-48.8568
539275437.5,-48.84898
539275500.0,-48.81977
539275562.5,-48.87307
539275625.0,-48.84994
539275687.5,-48.87425
539275750.0,-48.87005
539275812.5,-48.85051
539275875.0,-48.86386
539275937.5,-48.85765
539276000.0,-48.84193
539276062.5,-48.88769
539276125.0,-48.86548
539276187.5,-48.86276
539276250.0,-48.87014
539276312.5,-48.84626
539276375.0,-48.8701
539276437.5,-48.87667
539276500.0,-48.86869
539276562.5,-48.87497
539276625.0,-48.89892
539276687.5,-48.89566
539276750.0,-48.8854
539276812.5,-48.87536
539276875.0,-48.8988
539276937.5,-48.89222
539277000.0,-48.89187
539277062.5,-48.88062
539277125.0,-48.89626
539277187.5,-48.90282
539277250.0,-48.93008
539277312.5,-48.90556
539277375.0,-48.87599
539277437.5,-48.91644
539277500.0,-48.92639
539277562.5,-48.91787
539277625.0,-48.91159
539277687.5,-48.94604
539277750.0,-48.92543
539277812.5,-48.9077
539277875.0,-48.9651
539277937.5,-48.90005
539278000.0,-48.92075
539278062.5,-48.91219
539278125.0,-48.91343
539278187.5,-48.95739
539278250.0,-48.93414
539278312.5,-48.93789
539278375.0,-48.95326
539278437.5,-48.96727
539278500.0,-48.92962
539278562.5,-48.95092
539278625.0,-48.95067
539278687.5,-48.93645
539278750.0,-48.96561
539278812.5,-48.88573
539278875.0,-48.94062
539278937.5,-48.93501
539279000.0,-48.95993
539279062.5,-48.95027
539279125.0,-48.98883
539279187.5,-48.96184
539279250.0,-48.97296
539279312.5,-48.94291
539279375.0,-48.97759
539279437.5,-48.99513
539279500.0,-48.99355
539279562.5,-48.93522
539279625.0,-48.98166
539279687.5,-48.95195
539279750.0,-48.99419
539279812.5,-48.96492
539279875.0,-48.96826
539279937.5,-48.98843
539280000.0,-48.98876
539280062.5,-48.98052
539280125.0,-49.01074
539280187.5,-49.01372
539280250.0,-48.99484
539280312.5,-48.9951
539280375.0,-48.97373
539280437.5,-48.96132
539280500.0,-48.99542
539280562.5,-48.95983
539280625.0,-48.99816
539280687.5,-48.98249
539280750.0,-49.00966
539280812.5,-49.03826
539280875.0,-48.97951
539280937.5,-49.00944
539281000.0,-49.00404
539281062.5,-49.02944
539281125.0,-49.01312
539281187.5,-48.99749
539281250.0,-49.01031
539281312.5,-49.0112
539281375.0,-49.00238
539281437.5,-49.04339
539281500.0,-49.01969
539281562.5,-49.01872
539281625.0,-49.01819
539281687.5,-49.04711
539281750.0,-49.02888
539281812.5,-49.03874
539281875.0,-49.02972
539281937.5,-49.00591
539282000.0,-49.05801
539282062.5,-49.05627
539282125.0,-49.04529
539282187.5,-49.03108
539282250.0,-49.05136
539282312.5,-49.0511
539282375.0,-49.04358
539282437.5,-49.07605
539282500.0,-49.05972
539282562.5,-49.07584
539282625.0,-49.02337
539282687.5,-49.05352
539282750.0,-49.05341
539282812.5,-49.05108
539282875.0,-49.04811
539282937.5,-49.0862
539283000.0,-49.03758
539283062.5,-49.07523
539283125.0,-49.08181
539283187.5,-49.07142
539283250.0,-49.09528
539283312.5,-49.08937
539283375.0,-49.03771
539283437.5,-49.08026
539283500.0,-49.09696
539283562.5,-49.08314
539283625.0,-49.08299
539283687.5,-49.03917
539283750.0,-49.08281
539283812.5,-49.08629
539283875.0,-49.11697
539283937.5,-49.09376
539284000.0,-49.09061
539284062.5,-49.09356
539284125.0,-49.0885
539284187.5,-49.0838
539284250.0,-49.09607
539284312.5,-49.11916
539284375.0,-49.10435
539284437.5,-49.12811
539284500.0,-49.08112
539284562.5,-49.12509
539284625.0,-49.11067
539284687.5,-49.09436
539284750.0,-49.10846
539284812.5,-49.14848
539284875.0,-49.12777
539284937.5,-49.10707
539285000.0,-49.09248
539285062.5,-49.12723
539285125.0,-49.14791
539285187.5,-49.13232
539285250.0,-49.11217
539285312.5,-49.14597
539285375.0,-49.12436
539285437.5,-49.1423
539285500.0,-49.13263
539285562.5,-49.15422
539285625.0,-49.13667
539285687.5,-49.13038
539285750.0,-49.15192
539285812.5,-49.16337
539285875.0,-49.17513
539285937.5,-49.12757
539286000.0,-49.16771
539286062.5,-49.14218
539286125.0,-49.16798
539286187.5,-49.17321
539286250.0,-49.19014
539286312.5,-49.1732
539286375.0,-49.20543
539286437.5,-49.14832
539286500.0,-49.15816
539286562.5,-49.15311
539286625.0,-49.16733
539286687.5,-49.17583
539286750.0,-49.15073
539286812.5,-49.16902
539286875.0,-49.15423
539286937.5,-49.17237
539287000.0,-49.18765
539287062.5,-49.19304
539287125.0,-49.18763
539287187.5,-49.16016
539287250.0,-49.19792
539287312.5,-49.20691
539287375.0,-49.21158
539287437.5,-49.20589
539287500.0,-49.18921
539287562.5,-49.2231
539287625.0,-49.16718
539287687.5,-49.17942
539287750.0,-49.21233
539287812.5,-49.19217
539287875.0,-49.20947
539287937.5,-49.21591
539288000.0,-49.19465
539288062.5,-49.23156
539288125.0,-49.19253
539288187.5,-49.20383
539288250.0,-49.23017
539288312.5,-49.23159
539288375.0,-49.19077
539288437.5,-49.2312
539288500.0,-49.21989
539288562.5,-49.23871
539288625.0,-49.22179
539288687.5,-49.21831
539288750.0,-49.21215
539288812.5,-49.23368
539288875.0,-49.24331
539288937.5,-49.24767
539289000.0,-49.1983
539289062.5,-49.21711
539289125.0,-49.24617
539289187.5,-49.2028
539289250.0,-49.24076
539289312.5,-49.25135
539289375.0,-49.22601
539289437.5,-49.22815
539289500.0,-49.22408
539289562.5,-49.23525
539289625.0,-49.24553
539289687.5,-49.25544
539289750.0,-49.22879
539289812.5,-49.26951
539289875.0,-49.2501
539289937.5,-49.29202
539290000.0,-49.25214
539290062.5,-49.23843
539290125.0,-49.2556
539290187.5,-49.27545
539290250.0,-49.29632
539290312.5,-49.28285
539290375.0,-49.24487
539290437.5,-49.26975
539290500.0,-49.29072
539290562.5,-49.27092
539290625.0,-49.27141
539290687.5,-49.28558
539290750.0,-49.27583
539290812.5,-49.2866
539290875.0,-49.28223
539290937.5,-49.30394
539291000.0,-49.30476
539291062.5,-49.31676
539291125.0,-49.29652
539291187.5,-49.27637
539291250.0,-49.31105
539291312.5,-49.28733
539291375.0,-49.30502
539291437.5,-49.30268
539291500.0,-49.30207
539291562.5,-49.28923
539291625.0,-49.29907
539291687.5,-49.31909
539291750.0,-49.3015
539291812.5,-49.32449
539291875.0,-49.30688
539291937.5,-49.32412
539292000.0,-49.31629
539292062.5,-49.32336
539292125.0,-49.30524
539292187.5,-49.30407
539292250.0,-49.29918
539292312.5,-49.34736
539292375.0,-49.3145
539292437.5,-49.31792
539292500.0,-49.33995
539292562.5,-49.34552
539292625.0,-49.34069
539292687.5,-49.30308
539292750.0,-49.33443
539292812.5,-49.29971
539292875.0,-49.33817
539292937.5,-49.36124
539293000.0,-49.307
539293062.5,-49.33315
539293125.0,-49.35172
539293187.5,-49.36175
539293250.0,-49.3885
539293312.5,-49.38667
539293375.0,-49.37009
539293437.5,-49.33162
539293500.0,-49.36513
539293562.5,-49.33018
539293625.0,-49.36978
539293687.5,-49.35165
539293750.0,-49.36699
539293812.5,-49.36026
539293875.0,-49.34314
539293937.5,-49.35703
539294000.0,-49.42881
539294062.5,-49.34008
539294125.0,-49.40748
539294187.5,-49.39215
539294250.0,-49.36668
539294312.5,-49.36155
539294375.0,-49.38373
539294437.5,-49.35009
539294500.0,-49.36525
539294562.5,-49.38038
539294625.0,-49.40454
539294687.5,-49.37549
539294750.0,-49.40462
539294812.5,-49.37577
539294875.0,-49.39732
539294937.5,-49.39045
539295000.0,-49.42064
539295062.5,-49.38361
539295125.0,-49.39692
539295187.5,-49.38869
539295250.0,-49.39409
539295312.5,-49.38224
539295375.0,-49.40883
539295437.5,-49.43422
539295500.0,-49.40607
539295562.5,-49.37024
539295625.0,-49.43854
539295687.5,-49.43041
539295750.0,-49.375
539295812.5,-49.43451
539295875.0,-49.38035
539295937.5,-49.43296
539296000.0,-49.41883
539296062.5,-49.37716
539296125.0,-49.43019
539296187.5,-49.44775
539296250.0,-49.4285
539296312.5,-49.46692
539296375.0,-49.43307
539296437.5,-49.41771
539296500.0,-49.42487
539296562.5,-49.43538
539296625.0,-49.42755
539296687.5,-49.44731
539296750.0,-49.45377
539296812.5,-49.45214
539296875.0,-49.44136
539296937.5,-49.43602
539297000.0,-49.44691
539297062.5,-49.46348
539297125.0,-49.43764
539297187.5,-49.4675
539297250.0,-49.45041
539297312.5,-49.43388
539297375.0,-49.42491
539297437.5,-49.49038
539297500.0,-49.44336
539297562.5,-49.4465
539297625.0,-49.45652
539297687.5,-49.48253
539297750.0,-49.45894
539297812.5,-49.47508
539297875.0,-49.4981
539297937.5,-49.47809
539298000.0,-49.47126
539298062.5,-49.49422
539298125.0,-49.47315
539298187.5,-49.47075
539298250.0,-49.47431
539298312.5,-49.47346
539298375.0,-49.48729
539298437.5,-49.51907
539298500.0,-49.50519
539298562.5,-49.4912
539298625.0,-49.52369
539298687.5,-49.49591
539298750.0,-49.51186
539298812.5,-49.48912
539298875.0,-49.46829
539298937.5,-49.49568
539299000.0,-49.49288
539299062.5,-49.51124
539299125.0,-49.50047
539299187.5,-49.50481
539299250.0,-49.49304
539299312.5,-49.54155
539299375.0,-49.49899
539299437.5,-49.53288
539299500.0,-49.52788
539299562.5,-49.54414
539299625.0,-49.54994
539299687.5,-49.50496
539299750.0,-49.50592
539299812.5,-49.51578
539299875.0,-49.55933
539299937.5,-49.54737
539300000.0,-49.53168
539300062.5,-49.58179
539300125.0,-49.56254
539300187.5,-49.56457
539300250.0,-49.52619
539300312.5,-49.54657
539300375.0,-49.53589
539300437.5,-49.50939
539300500.0,-49.49928
539300562.5,-49.55136
539300625.0,-49.58503
539300687.5,-49.55136
539300750.0,-49.50841
539300812.5,-49.56341
539300875.0,-49.56976
539300937.5,-49.53878
539301000.0,-49.60544
539301062.5,-49.55749
539301125.0,-49.54419
539301187.5,-49.51476
539301250.0,-49.55923
539301312.5,-49.57707
539301375.0,-49.54725
539301437.5,-49.60681
539301500.0,-49.54586
539301562.5,-49.55805
539301625.0,-49.56776
539301687.5,-49.56108
539301750.0,-49.54006
539301812.5,-49.57046
539301875.0,-49.61185
539301937.5,-49.54708
539302000.0,-49.54546
539302062.5,-49.58992
539302125.0,-49.61483
539302187.5,-49.62207
539302250.0,-49.59771
539302312.5,-49.56806
539302375.0,-49.60416
539302437.5,-49.60442
539302500.0,-49.63079
539302562.5,-49.59314
539302625.0,-49.59343
539302687.5,-49.62896
539302750.0,-49.5664
539302812.5,-49.56615
539302875.0,-49.6116
539302937.5,-49.59066
539303000.0,-49.60127
539303062.5,-49.59193
539303125.0,-49.59262
539303187.5,-49.62586
539303250.0,-49.63053
539303312.5,-49.56577
539303375.0,-49.62995
539303437.5,-49.61843
539303500.0,-49.60447
539303562.5,-49.61768
539303625.0,-49.62519
539303687.5,-49.64225
539303750.0,-49.62959
539303812.5,-49.65881
539303875.0,-49.60556
539303937.5,-49.64903
539304000.0,-49.68032
539304062.5,-49.65301
539304125.0,-49.61587
539304187.5,-49.61716
539304250.0,-49.63742
539304312.5,-49.63172
539304375.0,-49.64853
539304437.5,-49.64527
539304500.0,-49.65522
539304562.5,-49.69255
539304625.0,-49.66536
539304687.5,-49.67995
539304750.0,-49.62655
539304812.5,-49.6661
539304875.0,-49.64634
539304937.5,-49.69419
539305000.0,-49.65419
539305062.5,-49.65646
539305125.0,-49.66868
539305187.5,-49.69472
539305250.0,-49.69667
539305312.5,-49.65861
539305375.0,-49.67861
539305437.5,-49.66019
539305500.0,-49.70119
539305562.5,-49.68518
539305625.0,-49.69418
539305687.5,-49.67224
539305750.0,-49.68755
539305812.5,-49.69926
539305875.0,-49.71673
539305937.5,-49.70268
539306000.0,-49.66644
539306062.5,-49.73816
539306125.0,-49.65511
539306187.5,-49.68761
539306250.0,-49.69731
539306312.5,-49.6845
539306375.0,-49.70795
539306437.5,-49.68921
539306500.0,-49.68545
539306562.5,-49.6844
539306625.0,-49.68499
539306687.5,-49.69973
539306750.0,-49.73928
539306812.5,-49.70256
539306875.0,-49.74557
539306937.5,-49.70797
539307000.0,-49.72122
539307062.5,-49.75504
539307125.0,-49.71138
539307187.5,-49.7359
539307250.0,-49.74915
539307312.5,-49.71543
539307375.0,-49.73426
539307437.5,-49.70267
539307500.0,-49.69902
539307562.5,-49.73352
539307625.0,-49.72644
539307687.5,-49.70998
539307750.0,-49.72612
539307812.5,-49.72611
539307875.0,-49.7594
539307937.5,-49.75862
539308000.0,-49.74421
539308062.5,-49.78175
539308125.0,-49.75828
539308187.5,-49.7598
539308250.0,-49.74347
539308312.5,-49.76102
539308375.0,-49.7644
539308437.5,-49.77954
539308500.0,-49.75562
539308562.5,-49.75235
539308625.0,-49.7601
539308687.5,-49.76649
539308750.0,-49.77824
539308812.5,-49.78534
539308875.0,-49.77644
539308937.5,-49.75263
539309000.0,-49.7771
539309062.5,-49.81344
539309125.0,-49.78498
539309187.5,-49.76638
539309250.0,-49.76468
539309312.5,-49.77365
539309375.0,-49.76099
539309437.5,-49.79081
539309500.0,-49.76885
539309562.5,-49.77926
539309625.0,-49.78499
539309687.5,-49.81271
539309750.0,-49.80858
539309812.5,-49.77659
539309875.0,-49.77489
539309937.5,-49.79808
539310000.0,-49.82055
539310062.5,-49.76803
539310125.0,-49.83252
539310187.5,-49.80359
539310250.0,-49.78946
539310312.5,-49.80884
539310375.0,-49.8171
539310437.5,-49.83494
539310500.0,-49.77941
539310562.5,-49.79802
539310625.0,-49.79088
539310687.5,-49.81221
539310750.0,-49.7606
539310812.5,-49.80487
539310875.0,-49.81487
539310937.5,-49.81311
539311000.0,-49.85947
539311062.5,-49.80444
539311125.0,-49.81098
539311187.5,-49.81119
539311250.0,-49.79386
539311312.5,-49.82732
539311375.0,-49.81993
539311437.5,-49.84369
539311500.0,-49.78636
539311562.5,-49.8179
539311625.0,-49.82241
539311687.5,-49.84015
539311750.0,-49.82607
539311812.5,-49.80705
539311875.0,-49.8772
539311937.5,-49.83845
539312000.0,-49.83101
539312062.5,-49.85968
539312125.0,-49.88807
539312187.5,-49.85752
539312250.0,-49.85275
539312312.5,-49.84208
539312375.0,-49.80221
539312437.5,-49.86137
539312500.0,-49.84791
539312562.5,-49.88419
539312625.0,-49.88811
539312687.5,-49.87269
539312750.0,-49.87101
539312812.5,-49.87415
539312875.0,-49.87569
539312937.5,-49.88712
539313000.0,-49.85508
539313062.5,-49.87682
539313125.0,-49.91465
539313187.5,-49.84049
539313250.0,-49.86538
539313312.5,-49.85078
539313375.0,-49.86872
539313437.5,-49.90018
539313500.0,-49.87447
539313562.5,-49.88423
539313625.0,-49.91807
539313687.5,-49.88883
539313750.0,-49.9115
539313812.5,-49.90403
539313875.0,-49.88482
539313937.5,-49.88824
539314000.0,-49.94798
539314062.5,-49.90359
539314125.0,-49.9202
539314187.5,-49.92553
539314250.0,-49.9108
539314312.5,-49.91673
539314375.0,-49.89452
539314437.5,-49.92728
539314500.0,-49.93591
539314562.5,-49.93172
539314625.0,-49.87333
539314687.5,-49.91117
539314750.0,-49.91061
539314812.5,-49.94366
539314875.0,-49.91887
539314937.5,-49.90825
539315000.0,-49.94168
539315062.5,-49.91492
539315125.0,-49.93997
539315187.5,-49.94694
539315250.0,-49.92509
539315312.5,-49.90977
539315375.0,-49.92646
539315437.5,-49.97356
539315500.0,-49.90297
539315562.5,-49.93756
539315625.0,-49.9543
539315687.5,-49.96106
539315750.0,-49.90643
539315812.5,-49.92598
539315875.0,-49.92768
539315937.5,-49.92437
539316000.0,-49.94872
539316062.5,-49.9813
539316125.0,-49.98307
539316187.5,-49.93993
539316250.0,-49.92531
539316312.5,-49.93232
539316375.0,-49.97696
539316437.5,-49.97815
539316500.0,-49.95116
539316562.5,-49.94273
539316625.0,-49.97627
539316687.5,-49.95903
539316750.0,-49.97201
539316812.5,-49.99009
539316875.0,-49.99495
539316937.5,-49.9187
539317000.0,-49.94782
539317062.5,-49.96731
539317125.0,-49.95767
539317187.5,-50.00689
539317250.0,-49.99662
539317312.5,-49.96564
539317375.0,-49.99925
539317437.5,-49.95378
539317500.0,-49.97994
539317562.5,-50.04901
539317625.0,-49.97296
539317687.5,-50.00674
539317750.0,-49.96413
539317812.5,-50.01608
539317875.0,-50.02167
539317937.5,-49.99547
539318000.0,-49.99057
539318062.5,-50.01486
539318125.0,-50.01954
539318187.5,-50.00521
539318250.0,-50.02121
539318312.5,-49.97916
539318375.0,-49.99584
539318437.5,-49.98183
539318500.0,-49.99847
539318562.5,-49.99641
539318625.0,-50.04377
539318687.5,-50.01765
539318750.0,-50.02478
539318812.5,-50.04396
539318875.0,-50.02494
539318937.5,-50.00463
539319000.0,-50.0131
539319062.5,-50.02057
539319125.0,-50.05084
539319187.5,-50.02026
539319250.0,-50.0338
539319312.5,-50.03235
539319375.0,-50.04016
539319437.5,-50.04802
539319500.0,-50.01503
539319562.5,-50.03564
539319625.0,-50.01368
539319687.5,-50.05072
539319750.0,-50.03371
539319812.5,-50.05232
539319875.0,-50.0674
539319937.5,-50.05836
539320000.0,-50.0792
539320062.5,-50.04755
539320125.0,-50.02786
539320187.5,-50.0197
539320250.0,-50.01877
539320312.5,-50.0648
539320375.0,-50.0807
539320437.5,-50.07491
539320500.0,-50.06981
539320562.5,-50.04192
539320625.0,-50.04197
539320687.5,-50.07198
539320750.0,-50.08035
539320812.5,-50.05746
539320875.0,-50.03522
539320937.5,-50.09015
539321000.0,-50.05978
539321062.5,-50.10324
539321125.0,-50.07656
539321187.5,-50.06781
539321250.0,-50.03827
539321312.5,-50.07833
539321375.0,-50.07962
539321437.5,-50.11029
539321500.0,-50.07568
539321562.5,-50.06911
539321625.0,-50.09547
539321687.5,-50.10801
539321750.0,-50.08664
539321812.5,-50.09215
539321875.0,-50.09505
539321937.5,-50.11559
539322000.0,-50.0763
539322062.5,-50.13301
539322125.0,-50.08676
539322187.5,-50.04662
539322250.0,-50.13536
539322312.5,-50.11708
539322375.0,-50.11141
539322437.5,-50.12967
539322500.0,-50.0873
539322562.5,-50.13241
539322625.0,-50.12022
539322687.5,-50.15099
539322750.0,-50.09332
539322812.5,-50.09922
539322875.0,-50.15822
539322937.5,-50.15606
539323000.0,-50.09769
539323062.5,-50.14321
539323125.0,-50.14629
539323187.5,-50.11216
539323250.0,-50.15295
539323312.5,-50.09525
539323375.0,-50.13205
539323437.5,-50.12041
539323500.0,-50.11148
539323562.5,-50.156
539323625.0,-50.14142
539323687.5,-50.12436
539323750.0,-50.14219
539323812.5,-50.14612
539323875.0,-50.13363
539323937.5,-50.16187
539324000.0,-50.13536
539324062.5,-50.12543
539324125.0,-50.1521
539324187.5,-50.17432
539324250.0,-50.15139
539324312.5,-50.17172
539324375.0,-50.11576
539324437.5,-50.14188
539324500.0,-50.1706
539324562.5,-50.1659
539324625.0,-50.17228
539324687.5,-50.14379
539324750.0,-50.11498
539324812.5,-50.166
539324875.0,-50.15079
539324937.5,-50.14075
539325000.0,-50.17592
539325062.5,-50.16986
539325125.0,-50.15527
539325187.5,-50.19051
539325250.0,-50.17815
539325312.5,-50.18786
539325375.0,-50.21869
539325437.5,-50.187
539325500.0,-50.20893
539325562.5,-50.16459
539325625.0,-50.16777
539325687.5,-50.16397
539325750.0,-50.1912
539325812.5,-50.18007
539325875.0,-50.17335
539325937.5,-50.21756
539326000.0,-50.1816
539326062.5,-50.21355
539326125.0,-50.20681
539326187.5,-50.1794
539326250.0,-50.20308
539326312.5,-50.24187
539326375.0,-50.19324
539326437.5,-50.23801
539326500.0,-50.19339
539326562.5,-50.23228
539326625.0,-50.24147
539326687.5,-50.22348
539326750.0,-50.23714
539326812.5,-50.19588
539326875.0,-50.24388
539326937.5,-50.23481
539327000.0,-50.22896
539327062.5,-50.2449
539327125.0,-50.23838
539327187.5,-50.26492
539327250.0,-50.23752
539327312.5,-50.24701
539327375.0,-50.22863
539327437.5,-50.23258
539327500.0,-50.25541
539327562.5,-50.25096
539327625.0,-50.24592
539327687.5,-50.28647
539327750.0,-50.26235
539327812.5,-50.25243
539327875.0,-50.23293
539327937.5,-50.2524
539328000.0,-50.23396
539328062.5,-50.28051
539328125.0,-50.25121
539328187.5,-50.25411
539328250.0,-50.22083
539328312.5,-50.2257
539328375.0,-50.21584
539328437.5,-50.25881
539328500.0,-50.26805
539328562.5,-50.24612
539328625.0,-50.26363
539328687.5,-50.25146
539328750.0,-50.20853
539328812.5,-50.27964
539328875.0,-50.27145
539328937.5,-50.24915
539329000.0,-50.25456
539329062.5,-50.26336
539329125.0,-50.28859
539329187.5,-50.25386
539329250.0,-50.26151
539329312.5,-50.27553
539329375.0,-50.24178
539329437.5,-50.28814
539329500.0,-50.26159
539329562.5,-50.28174
539329625.0,-50.26512
539329687.5,-50.27814
539329750.0,-50.30403
539329812.5,-50.3111
539329875.0,-50.29002
539329937.5,-50.26371
539330000.0,-50.26357
539330062.5,-50.31719
539330125.0,-50.33061
539330187.5,-50.29795
539330250.0,-50.30235
539330312.5,-50.34302
539330375.0,-50.26192
539330437.5,-50.29205
539330500.0,-50.30439
539330562.5,-50.28794
539330625.0,-50.3054
539330687.5,-50.28474
539330750.0,-50.32136
539330812.5,-50.28457
539330875.0,-50.33934
539330937.5,-50.33794
539331000.0,-50.36704
539331062.5,-50.3219
539331125.0,-50.29345
539331187.5,-50.29464
539331250.0,-50.30218
539331312.5,-50.32961
539331375.0,-50.35484
539331437.5,-50.31713
539331500.0,-50.35321
539331562.5,-50.3033
539331625.0,-50.34826
539331687.5,-50.36149
539331750.0,-50.31938
539331812.5,-50.30997
539331875.0,-50.33575
539331937.5,-50.32833
539332000.0,-50.36777
539332062.5,-50.35621
539332125.0,-50.32413
539332187.5,-50.35146
539332250.0,-50.35549
539332312.5,-50.37542
539332375.0,-50.32185
539332437.5,-50.37595
539332500.0,-50.3491
539332562.5,-50.33941
539332625.0,-50.33156
539332687.5,-50.36768
539332750.0,-50.38859
539332812.5,-50.36335
539332875.0,-50.38358
539332937.5,-50.39145
539333000.0,-50.33797
539333062.5,-50.35773
539333125.0,-50.34609
539333187.5,-50.35239
539333250.0,-50.36564
539333312.5,-50.3822
539333375.0,-50.35955
539333437.5,-50.37236
539333500.0,-50.42769
539333562.5,-50.38836
539333625.0,-50.37993
539333687.5,-50.42846
539333750.0,-50.37877
539333812.5,-50.39664
539333875.0,-50.3639
539333937.5,-50.39928
539334000.0,-50.40473
539334062.5,-50.39061
539334125.0,-50.35437
539334187.5,-50.37729
539334250.0,-50.39045
539334312.5,-50.39156
539334375.0,-50.40518
539334437.5,-50.42374
539334500.0,-50.41428
539334562.5,-50.40833
539334625.0,-50.40722
539334687.5,-50.39068
539334750.0,-50.37171
539334812.5,-50.38427
539334875.0,-50.37245
539334937.5,-50.46013
539335000.0,-50.38563
539335062.5,-50.43219
539335125.0,-50.42092
539335187.5,-50.41004
539335250.0,-50.42306
539335312.5,-50.44143
539335375.0,-50.4232
539335437.5,-50.45242
539335500.0,-50.4374
539335562.5,-50.44711
539335625.0,-50.46181
539335687.5,-50.45692
539335750.0,-50.44629
539335812.5,-50.40384
539335875.0,-50.43032
539335937.5,-50.43206
539336000.0,-50.44783
539336062.5,-50.43552
539336125.0,-50.46093
539336187.5,-50.47642
539336250.0,-50.46213
539336312.5,-50.42567
539336375.0,-50.4655
539336437.5,-50.43987
539336500.0,-50.45748
539336562.5,-50.45716
539336625.0,-50.43626
539336687.5,-50.43715
539336750.0,-50.44699
539336812.5,-50.45736
539336875.0,-50.44
539336937.5,-50.4653
539337000.0,-50.44236
539337062.5,-50.47069
539337125.0,-50.486
539337187.5,-50.4677
539337250.0,-50.46881
539337312.5,-50.43919
539337375.0,-50.48337
539337437.5,-50.5341
539337500.0,-50.49981
539337562.5,-50.46862
539337625.0,-50.45559
539337687.5,-50.50881
539337750.0,-50.47198
539337812.5,-50.50706
539337875.0,-50.49157
539337937.5,-50.47726
539338000.0,-50.47551
539338062.5,-50.50859
539338125.0,-50.49513
539338187.5,-50.50604
539338250.0,-50.45417
539338312.5,-50.48637
539338375.0,-50.50488
539338437.5,-50.51566
539338500.0,-50.53188
539338562.5,-50.51072
539338625.0,-50.51526
539338687.5,-50.49689
539338750.0,-50.50378
539338812.5,-50.46236
539338875.0,-50.509
539338937.5,-50.48706
539339000.0,-50.48653
539339062.5,-50.53493
539339125.0,-50.51588
539339187.5,-50.53397
539339250.0,-50.55208
539339312.5,-50.57108
539339375.0,-50.48603
539339437.5,-50.48109
539339500.0,-50.5397
539339562.5,-50.52515
539339625.0,-50.52755
539339687.5,-50.55481
539339750.0,-50.55886
539339812.5,-50.506
539339875.0,-50.56725
539339937.5,-50.47318
539340000.0,-50.54425
539340062.5,-50.55748
539340125.0,-50.52671
539340187.5,-50.51688
539340250.0,-50.54062
539340312.5,-50.51482
539340375.0,-50.5712
539340437.5,-50.55816
539340500.0,-50.54624
539340562.5,-50.55872
539340625.0,-50.53454
539340687.5,-50.58429
539340750.0,-50.53352
539340812.5,-50.54365
539340875.0,-50.60601
539340937.5,-50.58144
539341000.0,-50.53038
539341062.5,-50.56067
539341125.0,-50.55762
539341187.5,-50.57235
539341250.0,-50.55736
539341312.5,-50.59965
539341375.0,-50.56185
539341437.5,-50.5368
539341500.0,-50.54323
539341562.5,-50.56313
539341625.0,-50.64043
539341687.5,-50.57365
539341750.0,-50.57023
539341812.5,-50.605
539341875.0,-50.5472
539341937.5,-50.62757
539342000.0,-50.5937
539342062.5,-50.59693
539342125.0,-50.56802
539342187.5,-50.59962
539342250.0,-50.58618
539342312.5,-50.57771
539342375.0,-50.58273
539342437.5,-50.5861
539342500.0,-50.57191
539342562.5,-50.63835
539342625.0,-50.60086
539342687.5,-50.62097
539342750.0,-50.62293
539342812.5,-50.57335
539342875.0,-50.59915
539342937.5,-50.59385
539343000.0,-50.61155
539343062.5,-50.61391
539343125.0,-50.64954
539343187.5,-50.5892
539343250.0,-50.60555
539343312.5,-50.60112
539343375.0,-50.60981
539343437.5,-50.62708
539343500.0,-50.65981
539343562.5,-50.57961
539343625.0,-50.58981
539343687.5,-50.65172
539343750.0,-50.64414
539343812.5,-50.66092
539343875.0,-50.62285
539343937.5,-50.63666
539344000.0,-50.60714
539344062.5,-50.64796
539344125.0,-50.72687
539344187.5,-50.60746
539344250.0,-50.67197
539344312.5,-50.60565
539344375.0,-50.62625
539344437.5,-50.61201
539344500.0,-50.63361
539344562.5,-50.64259
539344625.0,-50.63963
539344687.5,-50.6412
539344750.0,-50.5876
539344812.5,-50.66489
539344875.0,-50.62971
539344937.5,-50.64376
539345000.0,-50.62385
539345062.5,-50.66241
539345125.0,-50.63894
539345187.5,-50.66778
539345250.0,-50.6963
539345312.5,-50.64222
539345375.0,-50.65065
539345437.5,-50.70237
539345500.0,-50.65071
539345562.5,-50.66113
539345625.0,-50.69735
539345687.5,-50.68903
539345750.0,-50.70179
539345812.5,-50.65511
539345875.0,-50.70358
539345937.5,-50.70477
539346000.0,-50.69855
539346062.5,-50.68745
539346125.0,-50.69312
539346187.5,-50.67761
539346250.0,-50.70109
539346312.5,-50.67555
539346375.0,-50.72258
539346437.5,-50.63219
539346500.0,-50.72741
539346562.5,-50.65651
539346625.0,-50.67103
539346687.5,-50.72748
539346750.0,-50.67799
539346812.5,-50.67846
539346875.0,-50.67953
539346937.5,-50.71217
539347000.0,-50.73709
539347062.5,-50.74785
539347125.0,-50.7137
539347187.5,-50.73728
539347250.0,-50.68357
539347312.5,-50.68613
539347375.0,-50.70411
539347437.5,-50.68867
539347500.0,-50.66443
539347562.5,-50.70266
539347625.0,-50.73469
539347687.5,-50.72013
539347750.0,-50.72903
539347812.5,-50.74091
539347875.0,-50.75168
539347937.5,-50.69634
539348000.0,-50.76145
539348062.5,-50.7039
539348125.0,-50.6907
539348187.5,-50.75781
539348250.0,-50.74362
539348312.5,-50.71017
539348375.0,-50.72735
539348437.5,-50.73136
539348500.0,-50.7174
539348562.5,-50.71157
539348625.0,-50.71493
539348687.5,-50.71573
539348750.0,-50.77462
539348812.5,-50.79432
539348875.0,-50.76845
539348937.5,-50.70961
539349000.0,-50.75517
539349062.5,-50.76416
539349125.0,-50.74731
539349187.5,-50.74418
539349250.0,-50.77697
539349312.5,-50.81185
539349375.0,-50.82198
539349437.5,-50.73768
539349500.0,-50.78692
539349562.5,-50.74809
539349625.0,-50.78182
539349687.5,-50.71984
539349750.0,-50.74759
539349812.5,-50.73555
539349875.0,-50.72983
539349937.5,-50.78102
539350000.0,-50.79007
539350062.5,-50.79859
539350125.0,-50.7941
539350187.5,-50.79609
539350250.0,-50.78337
539350312.5,-50.7947
539350375.0,-50.75793
539350437.5,-50.79999
539350500.0,-50.76625
539350562.5,-50.76646
539350625.0,-50.80391
539350687.5,-50.74735
539350750.0,-50.76496
539350812.5,-50.78251
539350875.0,-50.77666
539350937.5,-50.77443
539351000.0,-50.81659
539351062.5,-50.79653
539351125.0,-50.77423
539351187.5,-50.84118
539351250.0,-50.82439
539351312.5,-50.81845
539351375.0,-50.79049
539351437.5,-50.77916
539351500.0,-50.78163
539351562.5,-50.84702
539351625.0,-50.80024
539351687.5,-50.80836
539351750.0,-50.80882
539351812.5,-50.79904
539351875.0,-50.79735
539351937.5,-50.83507
539352000.0,-50.82337
539352062.5,-50.84688
539352125.0,-50.82233
539352187.5,-50.82025
539352250.0,-50.83767
539352312.5,-50.81979
539352375.0,-50.8272
539352437.5,-50.83104
539352500.0,-50.86126
539352562.5,-50.81628
539352625.0,-50.85246
539352687.5,-50.78915
539352750.0,-50.79303
539352812.5,-50.85849
539352875.0,-50.83648
539352937.5,-50.79233
539353000.0,-50.83994
539353062.5,-50.85258
539353125.0,-50.86347
539353187.5,-50.84212
539353250.0,-50.83743
539353312.5,-50.80803
539353375.0,-50.8585
539353437.5,-50.82698
539353500.0,-50.84861
539353562.5,-50.83813
539353625.0,-50.83177
539353687.5,-50.8473
539353750.0,-50.8434
539353812.5,-50.88985
539353875.0,-50.82347
539353937.5,-50.8416
539354000.0,-50.84651
539354062.5,-50.85811
539354125.0,-50.90514
539354187.5,-50.86113
539354250.0,-50.88874
539354312.5,-50.90317
539354375.0,-50.85686
539354437.5,-50.908
539354500.0,-50.89022
539354562.5,-50.89466
539354625.0,-50.88767
539354687.5,-50.8814
539354750.0,-50.87987
539354812.5,-50.85844
539354875.0,-50.85366
539354937.5,-50.86024
539355000.0,-50.91064
539355062.5,-50.91796
539355125.0,-50.89601
539355187.5,-50.87314
539355250.0,-50.92094
539355312.5,-50.83913
539355375.0,-50.93163
539355437.5,-50.88929
539355500.0,-50.88318
539355562.5,-50.8864
539355625.0,-50.92588
539355687.5,-50.87104
539355750.0,-50.87253
539355812.5,-50.87904
539355875.0,-50.93766
539355937.5,-50.89455
539356000.0,-50.9063
539356062.5,-50.88585
539356125.0,-50.92927
539356187.5,-50.92782
539356250.0,-50.86204
539356312.5,-50.90693
539356375.0,-50.92646
539356437.5,-50.9345
539356500.0,-50.92078
539356562.5,-50.93774
539356625.0,-50.91258
539356687.5,-50.92843
539356750.0,-50.89312
539356812.5,-50.95159
539356875.0,-50.94717
539356937.5,-50.9431
539357000.0,-50.92851
539357062.5,-50.92461
539357125.0,-50.97085
539357187.5,-50.94557
539357250.0,-50.97149
539357312.5,-50.95701
539357375.0,-50.93723
539357437.5,-50.9391
539357500.0,-50.94986
539357562.5,-50.95007
539357625.0,-50.92147
539357687.5,-50.9794
539357750.0,-50.92246
539357812.5,-50.91542
539357875.0,-50.99162
539357937.5,-50.96727
539358000.0,-50.96155
539358062.5,-50.94474
539358125.0,-50.90703
539358187.5,-50.93427
539358250.0,-50.95118
539358312.5,-50.98153
539358375.0,-50.99648
539358437.5,-50.96815
539358500.0,-50.96043
539358562.5,-50.92408
539358625.0,-50.96
539358687.5,-50.94906
539358750.0,-50.97027
539358812.5,-51.00795
539358875.0,-50.99072
539358937.5,-50.94141
539359000.0,-51.00482
539359062.5,-51.00549
539359125.0,-50.99137
539359187.5,-50.99568
539359250.0,-51.0023
539359312.5,-50.97079
539359375.0,-51.00218
539359437.5,-50.94233
539359500.0,-50.95095
539359562.5,-50.97773
539359625.0,-51.02475
539359687.5,-50.98853
539359750.0,-51.01155
539359812.5,-51.02885
539359875.0,-50.93195
539359937.5,-51.00058
539360000.0,-51.02397
539360062.5,-51.00232
539360125.0,-51.03424
539360187.5,-50.98648
539360250.0,-50.94899
539360312.5,-50.98423
539360375.0,-51.00649
539360437.5,-51.03967
539360500.0,-50.96159
539360562.5,-51.02752
539360625.0,-51.01801
539360687.5,-50.99532
539360750.0,-50.99965
539360812.5,-50.99982
539360875.0,-51.05292
539360937.5,-50.99299
539361000.0,-51.02637
539361062.5,-51.04705
539361125.0,-51.0089
539361187.5,-50.98938
539361250.0,-51.03386
539361312.5,-51.03156
539361375.0,-51.01369
539361437.5,-50.97174
539361500.0,-51.01172
539361562.5,-51.03716
539361625.0,-51.03138
539361687.5,-51.0073
539361750.0,-51.04118
539361812.5,-51.03333
539361875.0,-50.98358
539361937.5,-51.07594
539362000.0,-51.06635
539362062.5,-51.00956
539362125.0,-51.04573
539362187.5,-51.10354
539362250.0,-51.0253
539362312.5,-51.01286
539362375.0,-51.00562
539362437.5,-51.04607
539362500.0,-51.04955
539362562.5,-51.00682
539362625.0,-51.02303
539362687.5,-51.0446
539362750.0,-51.06484
539362812.5,-51.02235
539362875.0,-51.06047
539362937.5,-51.0286
539363000.0,-51.07793
539363062.5,-51.06556
539363125.0,-51.09964
539363187.5,-51.03779
539363250.0,-51.06558
539363312.5,-51.06918
539363375.0,-51.08493
539363437.5,-51.06612
539363500.0,-51.11662
539363562.5,-51.08697
539363625.0,-51.08537
539363687.5,-51.00835
539363750.0,-51.09572
539363812.5,-51.05335
539363875.0,-51.09612
539363937.5,-51.08368
539364000.0,-51.09476
539364062.5,-51.10762
539364125.0,-51.06025
539364187.5,-51.10144
539364250.0,-51.1071
539364312.5,-51.10709
539364375.0,-51.11526
539364437.5,-51.14432
539364500.0,-51.1269
539364562.5,-51.1195
539364625.0,-51.0992
539364687.5,-51.07975
539364750.0,-51.13734
539364812.5,-51.09431
539364875.0,-51.14104
539364937.5,-51.12592
539365000.0,-51.09502
539365062.5,-51.11253
539365125.0,-51.08929
539365187.5,-51.11141
539365250.0,-51.12772
539365312.5,-51.14092
539365375.0,-51.07534
539365437.5,-51.10337
539365500.0,-51.08461
539365562.5,-51.11543
539365625.0,-51.10581
539365687.5,-51.11432
539365750.0,-51.12436
539365812.5,-51.10944
539365875.0,-51.10643
539365937.5,-51.10454
539366000.0,-51.15938
539366062.5,-51.13992
539366125.0,-51.11926
539366187.5,-51.12144
539366250.0,-51.13844
539366312.5,-51.13457
539366375.0,-51.1403
539366437.5,-51.13782
539366500.0,-51.1731
539366562.5,-51.09352
539366625.0,-51.14088
539366687.5,-51.11872
539366750.0,-51.16491
539366812.5,-51.10706
539366875.0,-51.1937
539366937.5,-51.13713
539367000.0,-51.15746
539367062.5,-51.12343
539367125.0,-51.20305
539367187.5,-51.18287
539367250.0,-51.18392
539367312.5,-51.10784
539367375.0,-51.13937
539367437.5,-51.1858
539367500.0,-51.13691
539367562.5,-51.18147
539367625.0,-51.13757
539367687.5,-51.1926
539367750.0,-51.17458
539367812.5,-51.18481
539367875.0,-51.1765
539367937.5,-51.17931
539368000.0,-51.19265
539368062.5,-51.16156
539368125.0,-51.17351
539368187.5,-51.18144
539368250.0,-51.15768
539368312.5,-51.17434
539368375.0,-51.20969
539368437.5,-51.16047
539368500.0,-51.18178
539368562.5,-51.14219
539368625.0,-51.17389
539368687.5,-51.2076
539368750.0,-51.22392
539368812.5,-51.20728
539368875.0,-51.24543
539368937.5,-51.18774
539369000.0,-51.17159
539369062.5,-51.23916
539369125.0,-51.24027
539369187.5,-51.19741
539369250.0,-51.22313
539369312.5,-51.22535
539369375.0,-51.16816
539369437.5,-51.1892
539369500.0,-51.20665
539369562.5,-51.16351
539369625.0,-51.19707
539369687.5,-51.23401
539369750.0,-51.17897
539369812.5,-51.22707
539369875.0,-51.20083
539369937.5,-51.2011
539370000.0,-51.22073
539370062.5,-51.18318
539370125.0,-51.19143
539370187.5,-51.21685
539370250.0,-51.23728
539370312.5,-51.20514
539370375.0,-51.22051
539370437.5,-51.26712
539370500.0,-51.26089
539370562.5,-51.20002
539370625.0,-51.23989
539370687.5,-51.24746
539370750.0,-51.2292
539370812.5,-51.2453
539370875.0,-51.22879
539370937.5,-51.25687
539371000.0,-51.23868
539371062.5,-51.25049
539371125.0,-51.26252
539371187.5,-51.23827
539371250.0,-51.24818
539371312.5,-51.23088
539371375.0,-51.26604
539371437.5,-51.25216
539371500.0,-51.2546
539371562.5,-51.24957
539371625.0,-51.26636
539371687.5,-51.25539
539371750.0,-51.25199
539371812.5,-51.29723
539371875.0,-51.20668
539371937.5,-51.32818
539372000.0,-51.25339
539372062.5,-51.21825
539372125.0,-51.245
539372187.5,-51.28066
539372250.0,-51.24548
539372312.5,-51.26854
539372375.0,-51.29147
539372437.5,-51.26706
539372500.0,-51.27866
539372562.5,-51.26421
539372625.0,-51.31723
539372687.5,-51.28128
539372750.0,-51.24936
539372812.5,-51.28624
539372875.0,-51.28083
539372937.5,-51.28615
539373000.0,-51.29379
539373062.5,-51.28583
539373125.0,-51.25409
539373187.5,-51.30334
539373250.0,-51.28292
539373312.5,-51.31113
539373375.0,-51.28409
539373437.5,-51.30795
539373500.0,-51.27821
539373562.5,-51.318
539373625.0,-51.28157
539373687.5,-51.34537
539373750.0,-51.28969
539373812.5,-51.29551
539373875.0,-51.25851
539373937.5,-51.2962
539374000.0,-51.31462
539374062.5,-51.32845
539374125.0,-51.29428
539374187.5,-51.33213
539374250.0,-51.28675
539374312.5,-51.32565
539374375.0,-51.33617
539374437.5,-51.30898
539374500.0,-51.35138
539374562.5,-51.36286
539374625.0,-51.3507
539374687.5,-51.29142
539374750.0,-51.34356
539374812.5,-51.33302
539374875.0,-51.32882
539374937.5,-51.28601
539375000.0,-51.35622
539375062.5,-51.3411
539375125.0,-51.28749
539375187.5,-51.34755
539375250.0,-51.31635
539375312.5,-51.32661
539375375.0,-51.32575
539375437.5,-51.34179
539375500.0,-51.30344
539375562.5,-51.33733
539375625.0,-51.3437
539375687.5,-51.30614
539375750.0,-51.34422
539375812.5,-51.35429
539375875.0,-51.33999
539375937.5,-51.34586
539376000.0,-51.34147
539376062.5,-51.33321
539376125.0,-51.3513
539376187.5,-51.35155
539376250.0,-51.38452
539376312.5,-51.36345
539376375.0,-51.35424
539376437.5,-51.35541
539376500.0,-51.35743
539376562.5,-51.38893
539376625.0,-51.37607
539376687.5,-51.36829
539376750.0,-51.3641
539376812.5,-51.33297
539376875.0,-51.34292
539376937.5,-51.36912
539377000.0,-51.35078
539377062.5,-51.36427
539377125.0,-51.33956
539377187.5,-51.36742
539377250.0,-51.38406
539377312.5,-51.38766
539377375.0,-51.38108
539377437.5,-51.42728
539377500.0,-51.44885
539377562.5,-51.33918
539377625.0,-51.29587
539377687.5,-51.42735
539377750.0,-51.37114
539377812.5,-51.40231
539377875.0,-51.36444
539377937.5,-51.44436
539378000.0,-51.39222
539378062.5,-51.40008
539378125.0,-51.41708
539378187.5,-51.40924
539378250.0,-51.39677
539378312.5,-51.41084
539378375.0,-51.42155
539378437.5,-51.44357
539378500.0,-51.37855
539378562.5,-51.46009
539378625.0,-51.42229
539378687.5,-51.37712
539378750.0,-51.41697
539378812.5,-51.40813
539378875.0,-51.42245
539378937.5,-51.39145
539379000.0,-51.40007
539379062.5,-51.41004
539379125.0,-51.39416
539379187.5,-51.4505
539379250.0,-51.43748
539379312.5,-51.39891
539379375.0,-51.40763
539379437.5,-51.45778
539379500.0,-51.43417
539379562.5,-51.37936
539379625.0,-51.44266
539379687.5,-51.42715
539379750.0,-51.40999
539379812.5,-51.40853
539379875.0,-51.37827
539379937.5,-51.41866
539380000.0,-51.46561
539380062.5,-51.41037
539380125.0,-51.44455
539380187.5,-51.40686
539380250.0,-51.4282
539380312.5,-51.43997
539380375.0,-51.44175
539380437.5,-51.41087
539380500.0,-51.41693
539380562.5,-51.44588
539380625.0,-51.42929
539380687.5,-51.50332
539380750.0,-51.45383
539380812.5,-51.44156
539380875.0,-51.42662
539380937.5,-51.4758
539381000.0,-51.42102
539381062.5,-51.46014
539381125.0,-51.46474
539381187.5,-51.45815
539381250.0,-51.44244
539381312.5,-51.49714
539381375.0,-51.4623
539381437.5,-51.45449
539381500.0,-51.42599
539381562.5,-51.47927
539381625.0,-51.48635
539381687.5,-51.46867
539381750.0,-51.48501
539381812.5,-51.4618
539381875.0,-51.44466
539381937.5,-51.49826
539382000.0,-51.49064
539382062.5,-51.47118
539382125.0,-51.45356
539382187.5,-51.50289
539382250.0,-51.46376
539382312.5,-51.48942
539382375.0,-51.4893
539382437.5,-51.54455
539382500.0,-51.53326
539382562.5,-51.48593
539382625.0,-51.53054
539382687.5,-51.49411
539382750.0,-51.51757
539382812.5,-51.52282
539382875.0,-51.4922
539382937.5,-51.50794
539383000.0,-51.48413
539383062.5,-51.50057
539383125.0,-51.53659
539383187.5,-51.51595
539383250.0,-51.51714
539383312.5,-51.51508
539383375.0,-51.48325
539383437.5,-51.4576
539383500.0,-51.4934
539383562.5,-51.55169
539383625.0,-51.48553
539383687.5,-51.50764
539383750.0,-51.50656
539383812.5,-51.54226
539383875.0,-51.53395
539383937.5,-51.56586
539384000.0,-51.51819
539384062.5,-51.52203
539384125.0,-51.50347
539384187.5,-51.51841
539384250.0,-51.56419
539384312.5,-51.53815
539384375.0,-51.55166
539384437.5,-51.5042
539384500.0,-51.53141
539384562.5,-51.55726
539384625.0,-51.52892
539384687.5,-51.49643
539384750.0,-51.52152
539384812.5,-51.5837
539384875.0,-51.54982
539384937.5,-51.56989
539385000.0,-51.55841
539385062.5,-51.54088
539385125.0,-51.52575
539385187.5,-51.57114
539385250.0,-51.49604
539385312.5,-51.56834
539385375.0,-51.56494
539385437.5,-51.59434
539385500.0,-51.58089
539385562.5,-51.58236
539385625.0,-51.52774
539385687.5,-51.52393
539385750.0,-51.54013
539385812.5,-51.55302
539385875.0,-51.55699
539385937.5,-51.52975
539386000.0,-51.57764
539386062.5,-51.55574
539386125.0,-51.56755
539386187.5,-51.56068
539386250.0,-51.51383
539386312.5,-51.56434
539386375.0,-51.59483
539386437.5,-51.59818
539386500.0,-51.60423
539386562.5,-51.60527
539386625.0,-51.56868
539386687.5,-51.54409
539386750.0,-51.58728
539386812.5,-51.54431
539386875.0,-51.5991
539386937.5,-51.60088
539387000.0,-51.57083
539387062.5,-51.56606
539387125.0,-51.59966
539387187.5,-51.5929
539387250.0,-51.58421
539387312.5,-51.55354
539387375.0,-51.60434
539387437.5,-51.58255
539387500.0,-51.60152
539387562.5,-51.58847
539387625.0,-51.66097
539387687.5,-51.55822
539387750.0,-51.62298
539387812.5,-51.6177
539387875.0,-51.62756
539387937.5,-51.58895
539388000.0,-51.60061
539388062.5,-51.631
539388125.0,-51.60841
539388187.5,-51.55076
539388250.0,-51.5933
539388312.5,-51.59155
539388375.0,-51.6231
539388437.5,-51.55075
539388500.0,-51.6286
539388562.5,-51.62146
539388625.0,-51.57461
539388687.5,-51.65145
539388750.0,-51.5742
539388812.5,-51.64848
539388875.0,-51.66415
539388937.5,-51.64104
539389000.0,-51.6012
539389062.5,-51.61924
539389125.0,-51.58739
539389187.5,-51.64994
539389250.0,-51.65274
539389312.5,-51.62656
539389375.0,-51.62295
539389437.5,-51.64404
539389500.0,-51.56724
539389562.5,-51.65075
539389625.0,-51.67207
539389687.5,-51.6641
539389750.0,-51.64647
539389812.5,-51.69674
539389875.0,-51.61473
539389937.5,-51.67057
539390000.0,-51.6448
539390062.5,-51.64127
539390125.0,-51.62342
539390187.5,-51.61862
539390250.0,-51.6635
539390312.5,-51.67906
539390375.0,-51.61887
539390437.5,-51.63324
539390500.0,-51.67549
539390562.5,-51.61631
539390625.0,-51.66155
539390687.5,-51.62629
539390750.0,-51.66608
539390812.5,-51.6496
539390875.0,-51.65109
539390937.5,-51.70975
539391000.0,-51.67038
539391062.5,-51.66504
539391125.0,-51.65823
539391187.5,-51.66821
539391250.0,-51.65231
539391312.5,-51.63672
539391375.0,-51.68355
539391437.5,-51.6661
539391500.0,-51.69685
539391562.5,-51.67518
539391625.0,-51.67171
539391687.5,-51.6396
539391750.0,-51.66588
539391812.5,-51.66693
539391875.0,-51.61898
539391937.5,-51.70799
539392000.0,-51.66953
539392062.5,-51.71052
539392125.0,-51.6508
539392187.5,-51.67505
539392250.0,-51.63919
539392312.5,-51.67291
539392375.0,-51.7349
539392437.5,-51.71461
539392500.0,-51.6943
539392562.5,-51.72302
539392625.0,-51.6752
539392687.5,-51.68964
539392750.0,-51.7683
539392812.5,-51.68051
539392875.0,-51.7512
539392937.5,-51.70598
539393000.0,-51.73732
539393062.5,-51.67859
539393125.0,-51.77412
539393187.5,-51.72557
539393250.0,-51.71466
539393312.5,-51.71375
539393375.0,-51.73349
539393437.5,-51.70785
539393500.0,-51.73593
539393562.5,-51.72465
539393625.0,-51.73042
539393687.5,-51.70832
539393750.0,-51.7485
539393812.5,-51.78361
539393875.0,-51.71495
539393937.5,-51.72048
539394000.0,-51.73935
539394062.5,-51.70469
539394125.0,-51.75388
539394187.5,-51.75376
539394250.0,-51.77392
539394312.5,-51.74096
539394375.0,-51.74438
539394437.5,-51.69556
539394500.0,-51.75751
539394562.5,-51.74028
539394625.0,-51.74535
539394687.5,-51.7681
539394750.0,-51.75393
539394812.5,-51.72801
539394875.0,-51.77585
539394937.5,-51.76861
539395000.0,-51.76508
539395062.5,-51.72573
539395125.0,-51.76369
539395187.5,-51.77036
539395250.0,-51.74808
539395312.5,-51.77445
539395375.0,-51.69984
539395437.5,-51.7771
539395500.0,-51.7961
539395562.5,-51.77105
539395625.0,-51.78788
539395687.5,-51.76113
539395750.0,-51.76746
539395812.5,-51.71695
539395875.0,-51.76583
539395937.5,-51.72761
539396000.0,-51.80804
539396062.5,-51.72933
539396125.0,-51.77663
539396187.5,-51.73582
539396250.0,-51.79639
539396312.5,-51.7994
539396375.0,-51.78637
539396437.5,-51.78169
539396500.0,-51.81049
539396562.5,-51.81343
539396625.0,-51.78651
539396687.5,-51.7528
539396750.0,-51.76674
539396812.5,-51.7881
539396875.0,-51.77659
539396937.5,-51.75805
539397000.0,-51.77899
539397062.5,-51.80397
539397125.0,-51.77876
539397187.5,-51.77718
539397250.0,-51.74638
539397312.5,-51.75399
539397375.0,-51.83503
539397437.5,-51.77987
539397500.0,-51.81106
539397562.5,-51.83321
539397625.0,-51.78171
539397687.5,-51.88576
539397750.0,-51.77346
539397812.5,-51.80552
539397875.0,-51.80882
539397937.5,-51.78841
539398000.0,-51.79461
539398062.5,-51.85249
539398125.0,-51.81918
539398187.5,-51.75638
539398250.0,-51.8355
539398312.5,-51.84014
539398375.0,-51.8418
539398437.5,-51.83484
539398500.0,-51.79403
539398562.5,-51.75645
539398625.0,-51.84493
539398687.5,-51.79935
539398750.0,-51.79976
539398812.5,-51.84322
539398875.0,-51.82203
539398937.5,-51.83059
539399000.0,-51.84375
539399062.5,-51.81041
539399125.0,-51.81525
539399187.5,-51.822
539399250.0,-51.82811
539399312.5,-51.85415
539399375.0,-51.85026
539399437.5,-51.86925
539399500.0,-51.8707
539399562.5,-51.85841
539399625.0,-51.84163
539399687.5,-51.89795
539399750.0,-51.83078
539399812.5,-51.84789
539399875.0,-51.79766
539399937.5,-51.87721
539400000.0,-51.87881
539400062.5,-51.81362
539400125.0,-51.85128
539400187.5,-51.83044
539400250.0,-51.87246
539400312.5,-51.86708
539400375.0,-51.89346
539400437.5,-51.91141
539400500.0,-51.86407
539400562.5,-51.85497
539400625.0,-51.84311
539400687.5,-51.87309
539400750.0,-51.90063
539400812.5,-51.78983
539400875.0,-51.85811
539400937.5,-51.87145
539401000.0,-51.89042
539401062.5,-51.86218
539401125.0,-51.85952
539401187.5,-51.89061
539401250.0,-51.92167
539401312.5,-51.84806
539401375.0,-51.87154
539401437.5,-51.89813
539401500.0,-51.91372
539401562.5,-51.87928
539401625.0,-51.91404
539401687.5,-51.91373
539401750.0,-51.83721
539401812.5,-51.88129
539401875.0,-51.893
539401937.5,-51.89569
539402000.0,-51.90195
539402062.5,-51.8891
539402125.0,-51.79122
539402187.5,-51.90247
539402250.0,-51.89194
539402312.5,-51.86148
539402375.0,-51.89518
539402437.5,-51.88308
539402500.0,-51.8995
539402562.5,-51.94061
539402625.0,-51.88012
539402687.5,-51.92031
539402750.0,-51.88929
539402812.5,-51.90396
539402875.0,-51.90965
539402937.5,-51.9347
539403000.0,-51.92598
539403062.5,-51.91118
539403125.0,-51.89855
539403187.5,-51.93282
539403250.0,-51.94431
539403312.5,-51.91268
539403375.0,-51.93509
539403437.5,-51.94685
539403500.0,-51.96096
539403562.5,-51.92834
539403625.0,-51.90567
539403687.5,-51.89464
539403750.0,-51.92772
539403812.5,-51.99017
539403875.0,-51.90428
539403937.5,-51.8694
539404000.0,-51.91422
539404062.5,-51.92121
539404125.0,-51.92339
539404187.5,-51.93354
539404250.0,-51.96289
539404312.5,-51.95625
539404375.0,-51.99406
539404437.5,-51.92353
539404500.0,-51.94804
539404562.5,-51.94937
539404625.0,-51.95144
539404687.5,-51.9152
539404750.0,-51.94252
539404812.5,-51.95081
539404875.0,-51.94174
539404937.5,-51.94749
539405000.0,-51.9074
539405062.5,-51.94258
539405125.0,-51.89824
539405187.5,-51.96597
539405250.0,-51.96573
539405312.5,-51.99471
539405375.0,-52.00551
539405437.5,-51.95184
539405500.0,-51.99012
539405562.5,-52.04085
539405625.0,-51.97974
539405687.5,-51.97957
539405750.0,-51.95556
539405812.5,-51.96029
539405875.0,-51.94469
539405937.5,-51.98392
539406000.0,-51.99445
539406062.5,-51.97318
539406125.0,-52.02644
539406187.5,-51.99067
539406250.0,-51.92868
539406312.5,-51.96783
539406375.0,-51.98518
539406437.5,-51.99209
539406500.0,-51.9474
539406562.5,-52.02006
539406625.0,-51.97024
539406687.5,-52.00729
539406750.0,-51.94082
539406812.5,-51.98952
539406875.0,-52.01241
539406937.5,-52.0077
539407000.0,-51.98794
539407062.5,-51.98492
539407125.0,-52.034
539407187.5,-52.02959
539407250.0,-51.95903
539407312.5,-51.97802
539407375.0,-52.00593
539407437.5,-52.021
539407500.0,-52.03007
539407562.5,-52.04295
539407625.0,-51.99206
539407687.5,-52.03504
539407750.0,-51.98801
539407812.5,-52.05581
539407875.0,-52.0447
539407937.5,-51.98843
539408000.0,-52.00203
539408062.5,-51.96794
539408125.0,-52.02894
539408187.5,-52.00074
539408250.0,-52.02615
539408312.5,-52.05283
539408375.0,-52.04198
539408437.5,-52.01197
539408500.0,-52.03896
539408562.5,-51.99767
539408625.0,-51.99021
539408687.5,-52.02999
539408750.0,-52.03905
539408812.5,-52.01292
539408875.0,-51.97478
539408937.5,-52.0284
539409000.0,-52.07999
539409062.5,-52.0219
539409125.0,-52.04908
539409187.5,-52.01428
539409250.0,-52.07652
539409312.5,-52.02276
539409375.0,-52.04887
539409437.5,-52.05177
539409500.0,-52.04803
539409562.5,-51.99855
539409625.0,-52.08358
539409687.5,-52.07215
539409750.0,-52.10485
539409812.5,-52.04295
539409875.0,-52.00894
539409937.5,-52.07289
539410000.0,-52.01863
539410062.5,-52.06121
539410125.0,-52.06597
539410187.5,-52.06527
539410250.0,-52.05545
539410312.5,-52.05021
539410375.0,-52.11029
539410437.5,-52.08911
539410500.0,-52.0483
539410562.5,-52.08577
539410625.0,-52.01995
539410687.5,-52.09115
539410750.0,-52.04974
539410812.5,-52.06371
539410875.0,-52.06794
539410937.5,-52.12995
539411000.0,-52.07399
539411062.5,-52.12331
539411125.0,-52.05403
539411187.5,-52.13251
539411250.0,-52.08551
539411312.5,-52.12017
539411375.0,-52.13717
539411437.5,-52.06361
539411500.0,-52.1167
539411562.5,-52.12006
539411625.0,-52.09755
539411687.5,-52.09911
539411750.0,-52.08994
539411812.5,-52.11492
539411875.0,-52.1004
539411937.5,-52.07556
539412000.0,-52.05676
539412062.5,-52.11418
539412125.0,-52.09754
539412187.5,-52.11166
539412250.0,-52.10324
539412312.5,-52.10754
539412375.0,-52.11322
539412437.5,-52.08789
539412500.0,-52.12831
539412562.5,-52.07911
539412625.0,-52.06475
539412687.5,-52.12426
539412750.0,-52.13631
539412812.5,-52.11044
539412875.0,-52.12437
539412937.5,-52.13761
539413000.0,-52.10067
539413062.5,-52.09084
539413125.0,-52.12929
539413187.5,-52.12112
539413250.0,-52.11245
539413312.5,-52.12976
539413375.0,-52.1375
539413437.5,-52.14536
539413500.0,-52.12983
539413562.5,-52.10454
539413625.0,-52.11386
539413687.5,-52.1196
539413750.0,-52.09602
539413812.5,-52.12903
539413875.0,-52.17372
539413937.5,-52.11769
539414000.0,-52.12171
539414062.5,-52.13673
539414125.0,-52.12806
539414187.5,-52.16238
539414250.0,-52.18253
539414312.5,-52.16952
539414375.0,-52.13781
539414437.5,-52.12046
539414500.0,-52.08525
539414562.5,-52.12713
539414625.0,-52.13287
539414687.5,-52.14937
539414750.0,-52.143
539414812.5,-52.17569
539414875.0,-52.14862
539414937.5,-52.10969
539415000.0,-52.12644
539415062.5,-52.20811
539415125.0,-52.18867
539415187.5,-52.12937
539415250.0,-52.22762
539415312.5,-52.2239
539415375.0,-52.16137
539415437.5,-52.1221
539415500.0,-52.13498
539415562.5,-52.1746
539415625.0,-52.15813
539415687.5,-52.14011
539415750.0,-52.22027
539415812.5,-52.17412
539415875.0,-52.15845
539415937.5,-52.16133
539416000.0,-52.22556
539416062.5,-52.14363
539416125.0,-52.1912
539416187.5,-52.2007
539416250.0,-52.21517
539416312.5,-52.16169
539416375.0,-52.19091
539416437.5,-52.16167
539416500.0,-52.1754
539416562.5,-52.21829
539416625.0,-52.1556
539416687.5,-52.17643
539416750.0,-52.20766
539416812.5,-52.19221
539416875.0,-52.20676
539416937.5,-52.21361
539417000.0,-52.22782
539417062.5,-52.18574
539417125.0,-52.18351
539417187.5,-52.16515
539417250.0,-52.20769
539417312.5,-52.24765
539417375.0,-52.20024
539417437.5,-52.1952
539417500.0,-52.18841
539417562.5,-52.19392
539417625.0,-52.23496
539417687.5,-52.21542
539417750.0,-52.19906
539417812.5,-52.19603
539417875.0,-52.13251
539417937.5,-52.25011
539418000.0,-52.20218
539418062.5,-52.19953
539418125.0,-52.18139
539418187.5,-52.21917
539418250.0,-52.21655
539418312.5,-52.1879
539418375.0,-52.27057
539418437.5,-52.17032
539418500.0,-52.18204
539418562.5,-52.19098
539418625.0,-52.23939
539418687.5,-52.19345
539418750.0,-52.18819
539418812.5,-52.21291
539418875.0,-52.1954
539418937.5,-52.2467
539419000.0,-52.22612
539419062.5,-52.19762
539419125.0,-52.20082
539419187.5,-52.17295
539419250.0,-52.21826
539419312.5,-52.26077
539419375.0,-52.27206
539419437.5,-52.19524
539419500.0,-52.23544
539419562.5,-52.26912
539419625.0,-52.24331
539419687.5,-52.24641
539419750.0,-52.23782
539419812.5,-52.2443
539419875.0,-52.24095
539419937.5,-52.22123
539420000.0,-52.27319
539420062.5,-52.2777
539420125.0,-52.26421
539420187.5,-52.20229
539420250.0,-52.28431
539420312.5,-52.22641
539420375.0,-52.23637
539420437.5,-52.28295
539420500.0,-52.2632
539420562.5,-52.32267
539420625.0,-52.24644
539420687.5,-52.19675
539420750.0,-52.32806
539420812.5,-52.26347
539420875.0,-52.26181
539420937.5,-52.2454
539421000.0,-52.25035
539421062.5,-52.25073
539421125.0,-52.26135
539421187.5,-52.25762
539421250.0,-52.26975
539421312.5,-52.31544
539421375.0,-52.22967
539421437.5,-52.3386
539421500.0,-52.34715
539421562.5,-52.30875
539421625.0,-52.27443
539421687.5,-52.27375
539421750.0,-52.27262
539421812.5,-52.30748
539421875.0,-52.29022
539421937.5,-52.24313
539422000.0,-52.33714
539422062.5,-52.2903
539422125.0,-52.26226
539422187.5,-52.26609
539422250.0,-52.28726
539422312.5,-52.30713
539422375.0,-52.27845
539422437.5,-52.30643
539422500.0,-52.23536
539422562.5,-52.31455
539422625.0,-52.32222
539422687.5,-52.30652
539422750.0,-52.30927
539422812.5,-52.34452
539422875.0,-52.30563
539422937.5,-52.36496
539423000.0,-52.29256
539423062.5,-52.30337
539423125.0,-52.31697
539423187.5,-52.314
539423250.0,-52.37521
539423312.5,-52.31887
539423375.0,-52.29817
539423437.5,-52.31897
539423500.0,-52.30869
539423562.5,-52.31897
539423625.0,-52.24157
539423687.5,-52.32676
539423750.0,-52.32952
539423812.5,-52.2901
539423875.0,-52.33142
539423937.5,-52.29632
539424000.0,-52.2967
539424062.5,-52.31583
539424125.0,-52.30707
539424187.5,-52.34623
539424250.0,-52.28573
539424312.5,-52.33937
539424375.0,-52.32935
539424437.5,-52.35515
539424500.0,-52.32328
539424562.5,-52.33947
539424625.0,-52.33706
539424687.5,-52.30693
539424750.0,-52.35041
539424812.5,-52.35522
539424875.0,-52.31524
539424937.5,-52.34974
539425000.0,-52.38741
539425062.5,-52.36935
539425125.0,-52.35526
539425187.5,-52.35736
539425250.0,-52.32481
539425312.5,-52.41081
539425375.0,-52.37589
539425437.5,-52.35846
539425500.0,-52.36333
539425562.5,-52.42146
539425625.0,-52.35661
539425687.5,-52.39941
539425750.0,-52.3409
539425812.5,-52.34549
539425875.0,-52.35814
539425937.5,-52.3443
539426000.0,-52.3619
539426062.5,-52.34455
539426125.0,-52.36088
539426187.5,-52.36774
539426250.0,-52.36712
539426312.5,-52.40371
539426375.0,-52.3994
539426437.5,-52.36879
539426500.0,-52.36732
539426562.5,-52.36604
539426625.0,-52.33063
539426687.5,-52.41259
539426750.0,-52.36003
539426812.5,-52.4129
539426875.0,-52.37698
539426937.5,-52.36892
539427000.0,-52.42186
539427062.5,-52.42173
539427125.0,-52.3825
539427187.5,-52.35382
539427250.0,-52.43882
539427312.5,-52.41693
539427375.0,-52.38219
539427437.5,-52.39369
539427500.0,-52.38272
539427562.5,-52.36217
539427625.0,-52.38878
539427687.5,-52.43253
539427750.0,-52.39729
539427812.5,-52.42065
539427875.0,-52.42948
539427937.5,-52.41109
539428000.0,-52.41986
539428062.5,-52.39088
539428125.0,-52.42493
539428187.5,-52.42748
539428250.0,-52.41097
539428312.5,-52.416
539428375.0,-52.45209
539428437.5,-52.44699
539428500.0,-52.42105
539428562.5,-52.36961
539428625.0,-52.41078
539428687.5,-52.41551
539428750.0,-52.38603
539428812.5,-52.38929
539428875.0,-52.38197
539428937.5,-52.38848
539429000.0,-52.4517
539429062.5,-52.43055
539429125.0,-52.41054
539429187.5,-52.4313
539429250.0,-52.43123
539429312.5,-52.41528
539429375.0,-52.48619
539429437.5,-52.42941
539429500.0,-52.43458
539429562.5,-52.37614
539429625.0,-52.38303
539429687.5,-52.42662
539429750.0,-52.44375
539429812.5,-52.48824
539429875.0,-52.41753
539429937.5,-52.44615
539430000.0,-52.45433
539430062.5,-52.48468
539430125.0,-52.40943
539430187.5,-52.4395
539430250.0,-52.47946
539430312.5,-52.47812
539430375.0,-52.41999
539430437.5,-52.42601
539430500.0,-52.38773
539430562.5,-52.44551
539430625.0,-52.44291
539430687.5,-52.45333
539430750.0,-52.42383
539430812.5,-52.49725
539430875.0,-52.44614
539430937.5,-52.46589
539431000.0,-52.44212
539431062.5,-52.44768
539431125.0,-52.51111
539431187.5,-52.46053
539431250.0,-52.41749
539431312.5,-52.45187
539431375.0,-52.45244
539431437.5,-52.49608
539431500.0,-52.49557
539431562.5,-52.51195
539431625.0,-52.41639
539431687.5,-52.52199
539431750.0,-52.53691
539431812.5,-52.49934
539431875.0,-52.49902
539431937.5,-52.49739
539432000.0,-52.46043
539432062.5,-52.5118
539432125.0,-52.53021
539432187.5,-52.52193
539432250.0,-52.45118
539432312.5,-52.4879
539432375.0,-52.46206
539432437.5,-52.51329
539432500.0,-52.51107
539432562.5,-52.53349
539432625.0,-52.53724
539432687.5,-52.53686
539432750.0,-52.5211
539432812.5,-52.46192
539432875.0,-52.49039
539432937.5,-52.4839
539433000.0,-52.46789
539433062.5,-52.53127
539433125.0,-52.47547
539433187.5,-52.47995
539433250.0,-52.55194
539433312.5,-52.49076
539433375.0,-52.47982
539433437.5,-52.52234
539433500.0,-52.56282
539433562.5,-52.46786
539433625.0,-52.502
539433687.5,-52.51334
539433750.0,-52.57104
539433812.5,-52.50075
539433875.0,-52.5612
539433937.5,-52.49805
539434000.0,-52.57093
539434062.5,-52.46608
539434125.0,-52.46681
539434187.5,-52.51139
539434250.0,-52.53407
539434312.5,-52.4922
539434375.0,-52.5283
539434437.5,-52.53448
539434500.0,-52.55266
539434562.5,-52.5084
539434625.0,-52.56293
539434687.5,-52.54211
539434750.0,-52.51352
539434812.5,-52.4986
539434875.0,-52.53836
539434937.5,-52.53359
539435000.0,-52.53338
539435062.5,-52.53142
539435125.0,-52.59647
539435187.5,-52.57693
539435250.0,-52.54313
539435312.5,-52.57407
539435375.0,-52.55582
539435437.5,-52.5391
539435500.0,-52.52071
539435562.5,-52.53496
539435625.0,-52.56916
539435687.5,-52.5468
539435750.0,-52.54028
539435812.5,-52.56905
539435875.0,-52.54642
539435937.5,-52.58252
539436000.0,-52.52037
539436062.5,-52.57379
539436125.0,-52.53741
539436187.5,-52.56573
539436250.0,-52.54274
539436312.5,-52.64383
539436375.0,-52.57691
539436437.5,-52.57302
539436500.0,-52.51472
539436562.5,-52.56859
539436625.0,-52.62653
539436687.5,-52.62399
539436750.0,-52.59795
539436812.5,-52.54653
539436875.0,-52.52822
539436937.5,-52.5909
539437000.0,-52.59528
539437062.5,-52.59119
539437125.0,-52.62399
539437187.5,-52.57904
539437250.0,-52.58612
539437312.5,-52.55157
539437375.0,-52.56854
539437437.5,-52.58674
539437500.0,-52.5867
539437562.5,-52.65269
539437625.0,-52.59163
539437687.5,-52.59205
539437750.0,-52.62796
539437812.5,-52.61899
539437875.0,-52.54612
539437937.5,-52.63033
539438000.0,-52.59775
539438062.5,-52.57787
539438125.0,-52.608
539438187.5,-52.62421
539438250.0,-52.62166
539438312.5,-52.51188
539438375.0,-52.61859
539438437.5,-52.61921
539438500.0,-52.56256
539438562.5,-52.59826
539438625.0,-52.59982
539438687.5,-52.66364
539438750.0,-52.55914
539438812.5,-52.61731
539438875.0,-52.62599
539438937.5,-52.63778
539439000.0,-52.60889
539439062.5,-52.64459
539439125.0,-52.64212
539439187.5,-52.61209
539439250.0,-52.59636
539439312.5,-52.56744
539439375.0,-52.61709
539439437.5,-52.64525
539439500.0,-52.60125
539439562.5,-52.66633
539439625.0,-52.63078
539439687.5,-52.61523
539439750.0,-52.60284
539439812.5,-52.56543
539439875.0,-52.6792
539439937.5,-52.65219
539440000.0,-52.65281
539440062.5,-52.62997
539440125.0,-52.691
539440187.5,-52.64936
539440250.0,-52.61485
539440312.5,-52.62518
539440375.0,-52.65457
539440437.5,-52.61159
539440500.0,-52.63402
539440562.5,-52.63878
539440625.0,-52.63018
539440687.5,-52.64722
539440750.0,-52.5998
539440812.5,-52.65742
539440875.0,-52.65741
539440937.5,-52.63642
539441000.0,-52.64873
539441062.5,-52.64511
539441125.0,-52.63735
539441187.5,-52.64376
539441250.0,-52.61193
539441312.5,-52.68027
539441375.0,-52.68669
539441437.5,-52.68932
539441500.0,-52.67343
539441562.5,-52.6679
539441625.0,-52.59667
539441687.5,-52.70198
539441750.0,-52.62307
539441812.5,-52.66759
539441875.0,-52.61819
539441937.5,-52.63803
539442000.0,-52.6732
539442062.5,-52.6605
539442125.0,-52.70878
539442187.5,-52.66898
539442250.0,-52.72602
539442312.5,-52.70188
539442375.0,-52.65042
539442437.5,-52.69208
539442500.0,-52.6547
539442562.5,-52.70672
539442625.0,-52.65044
539442687.5,-52.73249
539442750.0,-52.67579
539442812.5,-52.67335
539442875.0,-52.68858
539442937.5,-52.7225
539443000.0,-52.67348
539443062.5,-52.65678
539443125.0,-52.71011
539443187.5,-52.67343
539443250.0,-52.72781
539443312.5,-52.66216
539443375.0,-52.7396
539443437.5,-52.67566
539443500.0,-52.71489
539443562.5,-52.74793
539443625.0,-52.6778
539443687.5,-52.66336
539443750.0,-52.73269
539443812.5,-52.6905
539443875.0,-52.71473
539443937.5,-52.69237
539444000.0,-52.70938
539444062.5,-52.701
539444125.0,-52.7345
539444187.5,-52.72046
539444250.0,-52.71694
539444312.5,-52.72747
539444375.0,-52.68657
539444437.5,-52.65503
539444500.0,-52.67456
539444562.5,-52.7056
539444625.0,-52.70555
539444687.5,-52.67484
539444750.0,-52.73664
539444812.5,-52.69373
539444875.0,-52.70459
539444937.5,-52.73383
539445000.0,-52.70542
539445062.5,-52.77442
539445125.0,-52.70852
539445187.5,-52.72498
539445250.0,-52.70771
539445312.5,-52.73626
539445375.0,-52.7262
539445437.5,-52.7147
539445500.0,-52.71442
539445562.5,-52.73142
539445625.0,-52.75293
539445687.5,-52.71847
539445750.0,-52.72844
539445812.5,-52.73823
539445875.0,-52.76036
539445937.5,-52.718
539446000.0,-52.82041
539446062.5,-52.76457
539446125.0,-52.7454
539446187.5,-52.74023
539446250.0,-52.75296
539446312.5,-52.72088
539446375.0,-52.72008
539446437.5,-52.77643
539446500.0,-52.75986
539446562.5,-52.76887
539446625.0,-52.7029
539446687.5,-52.81953
539446750.0,-52.78004
539446812.5,-52.76958
539446875.0,-52.79897
539446937.5,-52.73509
539447000.0,-52.74587
539447062.5,-52.79827
539447125.0,-52.75315
539447187.5,-52.75471
539447250.0,-52.80081
539447312.5,-52.77721
539447375.0,-52.79111
539447437.5,-52.81266
539447500.0,-52.79313
539447562.5,-52.79401
539447625.0,-52.79518
539447687.5,-52.73207
539447750.0,-52.75702
539447812.5,-52.77638
539447875.0,-52.75341
539447937.5,-52.80857
539448000.0,-52.75119
539448062.5,-52.72605
539448125.0,-52.78122
539448187.5,-52.7809
539448250.0,-52.75706
539448312.5,-52.80057
539448375.0,-52.793
539448437.5,-52.81845
539448500.0,-52.74963
539448562.5,-52.77389
539448625.0,-52.76686
539448687.5,-52.81948
539448750.0,-52.78386
539448812.5,-52.80855
539448875.0,-52.83936
539448937.5,-52.72945
539449000.0,-52.76582
539449062.5,-52.77458
539449125.0,-52.8263
539449187.5,-52.83979
539449250.0,-52.83868
539449312.5,-52.75454
539449375.0,-52.80439
539449437.5,-52.76464
539449500.0,-52.81985
539449562.5,-52.78169
539449625.0,-52.78413
539449687.5,-52.86443
539449750.0,-52.75801
539449812.5,-52.75922
539449875.0,-52.81884
539449937.5,-52.80661
539450000.0,-52.80115
539450062.5,-52.84729
539450125.0,-52.85425
539450187.5,-52.81753
539450250.0,-52.87054
539450312.5,-52.83326
539450375.0,-52.85452
539450437.5,-52.79905
539450500.0,-52.84763
539450562.5,-52.8252
539450625.0,-52.84367
539450687.5,-52.84528
539450750.0,-52.81836
539450812.5,-52.82777
539450875.0,-52.81264
539450937.5,-52.87471
539451000.0,-52.81832
539451062.5,-52.86061
539451125.0,-52.79851
539451187.5,-52.79574
539451250.0,-52.82042
539451312.5,-52.84514
539451375.0,-52.87461
539451437.5,-52.90398
539451500.0,-52.86119
539451562.5,-52.83343
539451625.0,-52.80462
539451687.5,-52.82815
539451750.0,-52.88855
539451812.5,-52.88952
539451875.0,-52.8773
539451937.5,-52.86344
539452000.0,-52.85516
539452062.5,-52.85434
539452125.0,-52.85151
539452187.5,-52.89757
539452250.0,-52.92259
539452312.5,-52.82924
539452375.0,-52.89681
539452437.5,-52.8593
539452500.0,-52.88383
539452562.5,-52.87922
539452625.0,-52.84177
539452687.5,-52.84281
539452750.0,-52.97309
539452812.5,-52.86102
539452875.0,-52.86664
539452937.5,-52.8847
539453000.0,-52.85434
539453062.5,-52.89729
539453125.0,-52.92068
539453187.5,-52.86196
539453250.0,-52.88099
539453312.5,-52.87918
539453375.0,-52.84383
539453437.5,-52.85938
539453500.0,-52.83689
539453562.5,-52.88224
539453625.0,-52.89668
539453687.5,-52.88313
539453750.0,-52.91393
539453812.5,-52.89505
539453875.0,-52.90451
539453937.5,-52.88522
539454000.0,-52.85278
539454062.5,-52.92024
539454125.0,-52.89789
539454187.5,-52.88985
539454250.0,-52.92043
539454312.5,-52.91116
539454375.0,-52.91139
539454437.5,-52.86307
539454500.0,-52.94738
539454562.5,-52.88438
539454625.0,-52.88224
539454687.5,-52.91628
539454750.0,-52.94532
539454812.5,-52.87195
539454875.0,-52.92461
539454937.5,-52.87668
539455000.0,-52.95343
539455062.5,-52.85889
539455125.0,-52.9637
539455187.5,-52.92417
539455250.0,-52.93428
539455312.5,-52.87539
539455375.0,-52.92049
539455437.5,-52.87422
539455500.0,-52.90014
539455562.5,-52.94345
539455625.0,-52.9346
539455687.5,-52.89382
539455750.0,-52.85828
539455812.5,-52.90472
539455875.0,-52.93015
539455937.5,-52.93866
539456000.0,-52.96978
539456062.5,-52.92244
539456125.0,-52.92181
539456187.5,-52.94351
539456250.0,-53.0241
539456312.5,-52.93811
539456375.0,-52.97493
539456437.5,-52.90639
539456500.0,-52.91782
539456562.5,-52.90681
539456625.0,-52.95657
539456687.5,-52.9191
539456750.0,-52.9547
539456812.5,-52.90406
539456875.0,-52.92937
539456937.5,-52.94596
539457000.0,-52.95437
539457062.5,-52.93001
539457125.0,-53.01871
539457187.5,-52.91286
539457250.0,-52.96843
539457312.5,-53.0333
539457375.0,-52.98051
539457437.5,-52.9408
539457500.0,-52.96363
539457562.5,-52.99366
539457625.0,-52.9442
539457687.5,-52.98015
539457750.0,-52.93317
539457812.5,-52.95254
539457875.0,-52.9627
539457937.5,-52.95574
539458000.0,-52.9044
539458062.5,-53.00868
539458125.0,-52.96856
539458187.5,-52.96685
539458250.0,-52.9612
539458312.5,-52.96105
539458375.0,-52.95264
539458437.5,-52.96031
539458500.0,-53.00368
539458562.5,-52.99889
539458625.0,-52.98086
539458687.5,-52.93067
539458750.0,-52.96856
539458812.5,-53.0013
539458875.0,-52.97631
539458937.5,-52.97034
539459000.0,-53.00797
539459062.5,-52.9627
539459125.0,-52.95066
539459187.5,-53.01339
539459250.0,-53.00684
539459312.5,-52.95662
539459375.0,-52.97961
539459437.5,-52.97352
539459500.0,-53.01731
539459562.5,-52.95933
539459625.0,-53.02364
539459687.5,-52.97154
539459750.0,-52.99833
539459812.5,-53.03716
539459875.0,-52.97792
539459937.5,-52.93869
539460000.0,-52.98958
539460062.5,-52.98762
539460125.0,-52.99486
539460187.5,-53.00938
539460250.0,-52.99347
539460312.5,-53.01521
539460375.0,-53.03802
539460437.5,-53.01421
539460500.0,-52.94001
539460562.5,-52.99051
539460625.0,-52.93005
539460687.5,-53.01054
539460750.0,-52.9935
539460812.5,-53.01793
539460875.0,-53.0066
539460937.5,-53.01878
539461000.0,-52.95814
539461062.5,-53.0344
539461125.0,-53.00858
539461187.5,-52.99981
539461250.0,-53.034
539461312.5,-53.03123
539461375.0,-53.00824
539461437.5,-53.07733
539461500.0,-53.03324
539461562.5,-53.04467
539461625.0,-53.00315
539461687.5,-53.02277
539461750.0,-53.00332
539461812.5,-53.01993
539461875.0,-53.00389
539461937.5,-53.06219
539462000.0,-53.01774
539462062.5,-53.02254
539462125.0,-52.97524
539462187.5,-53.04403
539462250.0,-53.03396
539462312.5,-53.02353
539462375.0,-53.11944
539462437.5,-53.06793
539462500.0,-52.98506
539462562.5,-53.03312
539462625.0,-53.04807
539462687.5,-53.08057
539462750.0,-53.03148
539462812.5,-53.02947
539462875.0,-53.039
539462937.5,-53.01821
539463000.0,-53.0196
539463062.5,-53.06234
539463125.0,-53.03181
539463187.5,-53.07208
539463250.0,-53.08907
539463312.5,-53.10866
539463375.0,-53.02468
539463437.5,-53.03271
539463500.0,-53.09886
539463562.5,-53.09326
539463625.0,-53.05093
539463687.5,-53.07985
539463750.0,-53.06744
539463812.5,-53.08733
539463875.0,-53.08923
539463937.5,-53.09132
539464000.0,-53.07579
539464062.5,-53.03352
539464125.0,-53.11664
539464187.5,-53.06947
539464250.0,-53.10518
539464312.5,-53.00953
539464375.0,-53.07175
539464437.5,-53.04808
539464500.0,-53.10023
539464562.5,-53.04993
539464625.0,-53.12115
539464687.5,-53.05508
539464750.0,-53.10109
539464812.5,-53.07572
539464875.0,-53.08438
539464937.5,-53.10862
539465000.0,-53.09627
539465062.5,-53.04338
539465125.0,-53.10628
539465187.5,-53.09452
539465250.0,-53.09208
539465312.5,-53.02089
539465375.0,-53.10875
539465437.5,-53.14257
539465500.0,-53.04541
539465562.5,-53.10854
539465625.0,-53.07102
539465687.5,-53.05084
539465750.0,-53.13258
539465812.5,-53.09159
539465875.0,-53.07701
539465937.5,-53.13238
539466000.0,-53.02626
539466062.5,-53.11825
539466125.0,-53.0713
539466187.5,-53.06075
539466250.0,-53.07871
539466312.5,-53.14233
539466375.0,-53.13913
539466437.5,-53.09826
539466500.0,-53.11812
539466562.5,-53.10569
539466625.0,-53.13691
539466687.5,-53.09722
539466750.0,-53.17394
539466812.5,-53.13732
539466875.0,-53.11507
539466937.5,-53.11112
539467000.0,-53.1568
539467062.5,-53.09064
539467125.0,-53.15003
539467187.5,-53.09712
539467250.0,-53.12902
539467312.5,-53.12059
539467375.0,-53.13897
539467437.5,-53.10224
539467500.0,-53.13041
539467562.5,-53.14157
539467625.0,-53.11337
539467687.5,-53.09889
539467750.0,-53.12262
539467812.5,-53.10193
539467875.0,-53.14676
539467937.5,-53.13528
539468000.0,-53.1977
539468062.5,-53.13856
539468125.0,-53.18178
539468187.5,-53.10799
539468250.0,-53.10558
539468312.5,-53.1254
539468375.0,-53.17225
539468437.5,-53.15016
539468500.0,-53.07327
539468562.5,-53.14638
539468625.0,-53.1773
539468687.5,-53.12597
539468750.0,-53.12238
539468812.5,-53.18197
539468875.0,-53.1626
539468937.5,-53.18158
539469000.0,-53.13132
539469062.5,-53.19983
539469125.0,-53.11826
539469187.5,-53.15363
539469250.0,-53.18115
539469312.5,-53.14723
539469375.0,-53.14924
539469437.5,-53.1624
539469500.0,-53.21472
539469562.5,-53.15329
539469625.0,-53.10722
539469687.5,-53.18122
539469750.0,-53.20498
539469812.5,-53.20333
539469875.0,-53.18303
539469937.5,-53.10186
539470000.0,-53.17927
539470062.5,-53.18216
539470125.0,-53.18969
539470187.5,-53.15956
539470250.0,-53.20763
539470312.5,-53.19634
539470375.0,-53.20469
539470437.5,-53.15276
539470500.0,-53.18644
539470562.5,-53.16532
539470625.0,-53.16558
539470687.5,-53.18303
539470750.0,-53.21484
539470812.5,-53.21022
539470875.0,-53.24353
539470937.5,-53.1856
539471000.0,-53.26594
539471062.5,-53.21441
539471125.0,-53.21772
539471187.5,-53.18939
539471250.0,-53.15221
539471312.5,-53.15768
539471375.0,-53.13129
539471437.5,-53.15268
539471500.0,-53.19867
539471562.5,-53.12487
539471625.0,-53.23577
539471687.5,-53.21193
539471750.0,-53.22404
539471812.5,-53.21654
539471875.0,-53.20389
539471937.5,-53.20581
539472000.0,-53.18445
539472062.5,-53.13043
539472125.0,-53.18118
539472187.5,-53.17941
539472250.0,-53.23845
539472312.5,-53.2156
539472375.0,-53.24935
539472437.5,-53.15921
539472500.0,-53.23835
539472562.5,-53.25158
539472625.0,-53.20121
539472687.5,-53.20173
539472750.0,-53.21851
539472812.5,-53.26075
539472875.0,-53.21607
539472937.5,-53.23647
539473000.0,-53.28609
539473062.5,-53.23534
539473125.0,-53.23685
539473187.5,-53.18984
539473250.0,-53.25515
539473312.5,-53.22979
539473375.0,-53.17969
539473437.5,-53.20399
539473500.0,-53.23382
539473562.5,-53.20488
539473625.0,-53.26514
539473687.5,-53.23509
539473750.0,-53.21911
539473812.5,-53.24341
539473875.0,-53.29773
539473937.5,-53.19325
539474000.0,-53.22812
539474062.5,-53.24291
539474125.0,-53.20705
539474187.5,-53.26373
539474250.0,-53.24742
539474312.5,-53.20765
539474375.0,-53.24511
539474437.5,-53.23219
539474500.0,-53.25831
539474562.5,-53.2183
539474625.0,-53.23871
539474687.5,-53.23128
539474750.0,-53.25077
539474812.5,-53.27876
539474875.0,-53.25373
539474937.5,-53.22416
539475000.0,-53.28483
539475062.5,-53.26491
539475125.0,-53.28149
539475187.5,-53.26458
539475250.0,-53.2524
539475312.5,-53.25964
539475375.0,-53.32386
539475437.5,-53.25061
539475500.0,-53.20518
539475562.5,-53.27254
539475625.0,-53.20667
539475687.5,-53.26516
539475750.0,-53.22313
539475812.5,-53.27045
539475875.0,-53.26548
539475937.5,-53.24128
539476000.0,-53.25961
539476062.5,-53.22285
539476125.0,-53.28806
539476187.5,-53.22832
539476250.0,-53.27925
539476312.5,-53.282
539476375.0,-53.34506
539476437.5,-53.27205
539476500.0,-53.29071
539476562.5,-53.30182
539476625.0,-53.26775
539476687.5,-53.33209
539476750.0,-53.28132
539476812.5,-53.3472
539476875.0,-53.31973
539476937.5,-53.28502
539477000.0,-53.27939
539477062.5,-53.28907
539477125.0,-53.31639
539477187.5,-53.26682
539477250.0,-53.34136
539477312.5,-53.32061
539477375.0,-53.28829
539477437.5,-53.33768
539477500.0,-53.29144
539477562.5,-53.31893
539477625.0,-53.33995
539477687.5,-53.37154
539477750.0,-53.3906
539477812.5,-53.29715
539477875.0,-53.31049
539477937.5,-53.24748
539478000.0,-53.27287
539478062.5,-53.38689
539478125.0,-53.24488
539478187.5,-53.30707
539478250.0,-53.37509
539478312.5,-53.38735
539478375.0,-53.29946
539478437.5,-53.3298
539478500.0,-53.32508
539478562.5,-53.32692
539478625.0,-53.27729
539478687.5,-53.34151
539478750.0,-53.32355
539478812.5,-53.32759
539478875.0,-53.32372
539478937.5,-53.34365
539479000.0,-53.31825
539479062.5,-53.33337
539479125.0,-53.33257
539479187.5,-53.35233
539479250.0,-53.36241
539479312.5,-53.33094
539479375.0,-53.33208
539479437.5,-53.35417
539479500.0,-53.34789
539479562.5,-53.34863
539479625.0,-53.35872
539479687.5,-53.3166
539479750.0,-53.33015
539479812.5,-53.29543
539479875.0,-53.30531
539479937.5,-53.31518
539480000.0,-53.37673
539480062.5,-53.38358
539480125.0,-53.36371
539480187.5,-53.32661
539480250.0,-53.41055
539480312.5,-53.40612
539480375.0,-53.39136
539480437.5,-53.33369
539480500.0,-53.39411
539480562.5,-53.36557
539480625.0,-53.36813
539480687.5,-53.37247
539480750.0,-53.45396
539480812.5,-53.31173
539480875.0,-53.38036
539480937.5,-53.42073
539481000.0,-53.37297
539481062.5,-53.35212
539481125.0,-53.40566
539481187.5,-53.3715
539481250.0,-53.41677
539481312.5,-53.36905
539481375.0,-53.41731
539481437.5,-53.37542
539481500.0,-53.39556
539481562.5,-53.39855
539481625.0,-53.38485
539481687.5,-53.3974
539481750.0,-53.36201
539481812.5,-53.39158
539481875.0,-53.41282
539481937.5,-53.33089
539482000.0,-53.36219
539482062.5,-53.42863
539482125.0,-53.33681
539482187.5,-53.37844
539482250.0,-53.37185
539482312.5,-53.41109
539482375.0,-53.38107
539482437.5,-53.38641
539482500.0,-53.43703
539482562.5,-53.36747
539482625.0,-53.35929
539482687.5,-53.38518
539482750.0,-53.44845
539482812.5,-53.3618
539482875.0,-53.37342
539482937.5,-53.43639
539483000.0,-53.36841
539483062.5,-53.36483
539483125.0,-53.45829
539483187.5,-53.43863
539483250.0,-53.38423
539483312.5,-53.38353
539483375.0,-53.39772
539483437.5,-53.3834
539483500.0,-53.40602
539483562.5,-53.39033
539483625.0,-53.36288
539483687.5,-53.44797
539483750.0,-53.38711
539483812.5,-53.39746
539483875.0,-53.40384
539483937.5,-53.3877
539484000.0,-53.40269
539484062.5,-53.42665
539484125.0,-53.43569
539484187.5,-53.41603
539484250.0,-53.43942
539484312.5,-53.3586
539484375.0,-53.40982
539484437.5,-53.41161
539484500.0,-53.44958
539484562.5,-53.39204
539484625.0,-53.43756
539484687.5,-53.38733
539484750.0,-53.42422
539484812.5,-53.40817
539484875.0,-53.42396
539484937.5,-53.4883
539485000.0,-53.52477
539485062.5,-53.39271
539485125.0,-53.37478
539485187.5,-53.40613
539485250.0,-53.48746
539485312.5,-53.5322
539485375.0,-53.50918
539485437.5,-53.44724
539485500.0,-53.45421
539485562.5,-53.4817
539485625.0,-53.42271
539485687.5,-53.38779
539485750.0,-53.46536
539485812.5,-53.4454
539485875.0,-53.41577
539485937.5,-53.43359
539486000.0,-53.46838
539486062.5,-53.50454
539486125.0,-53.51149
539486187.5,-53.42896
539486250.0,-53.47335
539486312.5,-53.47193
539486375.0,-53.48745
539486437.5,-53.42974
539486500.0,-53.49142
539486562.5,-53.47979
539486625.0,-53.4231
539486687.5,-53.54261
539486750.0,-53.48999
539486812.5,-53.49432
539486875.0,-53.44537
539486937.5,-53.45197
539487000.0,-53.50048
539487062.5,-53.46075
539487125.0,-53.4759
539487187.5,-53.50188
539487250.0,-53.43108
539487312.5,-53.48129
539487375.0,-53.52858
539487437.5,-53.47373
539487500.0,-53.49247
539487562.5,-53.45814
539487625.0,-53.48466
539487687.5,-53.46708
539487750.0,-53.51065
539487812.5,-53.47689
539487875.0,-53.49814
539487937.5,-53.50774
539488000.0,-53.52499
539488062.5,-53.43452
539488125.0,-53.45856
539488187.5,-53.46297
539488250.0,-53.48137
539488312.5,-53.52193
539488375.0,-53.48254
539488437.5,-53.50307
539488500.0,-53.45458
539488562.5,-53.48033
539488625.0,-53.49811
539488687.5,-53.46582
539488750.0,-53.50382
539488812.5,-53.58236
539488875.0,-53.47743
539488937.5,-53.46309
539489000.0,-53.5322
539489062.5,-53.5196
539489125.0,-53.56491
539489187.5,-53.49306
539489250.0,-53.51381
539489312.5,-53.53583
539489375.0,-53.49371
539489437.5,-53.51914
539489500.0,-53.53041
539489562.5,-53.48067
539489625.0,-53.46892
539489687.5,-53.53782
539489750.0,-53.51596
539489812.5,-53.54464
539489875.0,-53.53722
539489937.5,-53.51438
539490000.0,-53.45918
539490062.5,-53.52147
539490125.0,-53.5925
539490187.5,-53.54825
539490250.0,-53.47184
539490312.5,-53.52809
539490375.0,-53.5084
539490437.5,-53.53011
539490500.0,-53.54246
539490562.5,-53.5874
539490625.0,-53.5487
539490687.5,-53.5379
539490750.0,-53.54398
539490812.5,-53.57028
539490875.0,-53.51027
539490937.5,-53.52637
539491000.0,-53.54384
539491062.5,-53.5654
539491125.0,-53.48336
539491187.5,-53.53848
539491250.0,-53.55535
539491312.5,-53.53266
539491375.0,-53.55941
539491437.5,-53.57103
539491500.0,-53.51573
539491562.5,-53.54787
539491625.0,-53.59146
539491687.5,-53.53942
539491750.0,-53.57737
539491812.5,-53.57177
539491875.0,-53.52414
539491937.5,-53.56852
539492000.0,-53.56481
539492062.5,-53.58278
539492125.0,-53.53983
539492187.5,-53.52357
539492250.0,-53.5508
539492312.5,-53.5542
539492375.0,-53.50846
539492437.5,-53.57982
539492500.0,-53.55909
539492562.5,-53.57673
539492625.0,-53.59092
539492687.5,-53.52789
539492750.0,-53.52637
539492812.5,-53.54759
539492875.0,-53.56472
539492937.5,-53.58958
539493000.0,-53.53104
539493062.5,-53.58769
539493125.0,-53.53033
539493187.5,-53.58969
539493250.0,-53.51486
539493312.5,-53.54765
539493375.0,-53.56323
539493437.5,-53.58865
539493500.0,-53.54206
539493562.5,-53.60846
539493625.0,-53.64102
539493687.5,-53.60732
539493750.0,-53.53477
539493812.5,-53.59069
539493875.0,-53.57044
539493937.5,-53.57774
539494000.0,-53.57657
539494062.5,-53.64045
539494125.0,-53.59072
539494187.5,-53.57806
539494250.0,-53.59914
539494312.5,-53.5904
539494375.0,-53.57935
539494437.5,-53.52657
539494500.0,-53.57109
539494562.5,-53.58319
539494625.0,-53.57073
539494687.5,-53.60065
539494750.0,-53.60299
539494812.5,-53.61459
539494875.0,-53.62274
539494937.5,-53.61327
539495000.0,-53.60421
539495062.5,-53.62092
539495125.0,-53.55111
539495187.5,-53.58264
539495250.0,-53.58978
539495312.5,-53.59254
539495375.0,-53.61855
539495437.5,-53.69004
539495500.0,-53.65162
539495562.5,-53.63027
539495625.0,-53.55812
539495687.5,-53.56818
539495750.0,-53.60635
539495812.5,-53.54182
539495875.0,-53.6202
539495937.5,-53.61232
539496000.0,-53.6746
539496062.5,-53.64536
539496125.0,-53.63995
539496187.5,-53.5936
539496250.0,-53.61215
539496312.5,-53.62895
539496375.0,-53.62151
539496437.5,-53.58398
539496500.0,-53.66655
539496562.5,-53.58684
539496625.0,-53.58105
539496687.5,-53.68493
539496750.0,-53.56823
539496812.5,-53.60411
539496875.0,-53.5654
539496937.5,-53.61369
539497000.0,-53.63449
539497062.5,-53.63439
539497125.0,-53.66536
539497187.5,-53.64117
539497250.0,-53.72071
539497312.5,-53.64501
539497375.0,-53.61082
539497437.5,-53.65064
539497500.0,-53.63972
539497562.5,-53.63948
539497625.0,-53.60999
539497687.5,-53.68248
539497750.0,-53.62289
539497812.5,-53.69819
539497875.0,-53.62705
539497937.5,-53.64967
539498000.0,-53.66846
539498062.5,-53.65438
539498125.0,-53.66193
539498187.5,-53.65504
539498250.0,-53.6452
539498312.5,-53.64134
539498375.0,-53.65068
539498437.5,-53.60716
539498500.0,-53.64763
539498562.5,-53.63148
539498625.0,-53.68376
539498687.5,-53.67667
539498750.0,-53.64708
539498812.5,-53.6572
539498875.0,-53.627
539498937.5,-53.62512
539499000.0,-53.69314
539499062.5,-53.66459
539499125.0,-53.65186
539499187.5,-53.66123
539499250.0,-53.65859
539499312.5,-53.67191
539499375.0,-53.62229
539499437.5,-53.68977
539499500.0,-53.70478
539499562.5,-53.68946
539499625.0,-53.6936
539499687.5,-53.63896
539499750.0,-53.71418
539499812.5,-53.62179
539499875.0,-53.64219
539499937.5,-53.61024
539500000.0,-53.69902
539500062.5,-53.65283
539500125.0,-53.66471
539500187.5,-53.6456
539500250.0,-53.75255
539500312.5,-53.69806
539500375.0,-53.69932
539500437.5,-53.70464
539500500.0,-53.64731
539500562.5,-53.68237
539500625.0,-53.69018
539500687.5,-53.68585
539500750.0,-53.69168
539500812.5,-53.6681
539500875.0,-53.72027
539500937.5,-53.70068
539501000.0,-53.70068
539501062.5,-53.68502
539501125.0,-53.68338
539501187.5,-53.68078
539501250.0,-53.72154
539501312.5,-53.69964
539501375.0,-53.78865
539501437.5,-53.71881
539501500.0,-53.65393
539501562.5,-53.72425
539501625.0,-53.69489
539501687.5,-53.74807
539501750.0,-53.71165
539501812.5,-53.6507
539501875.0,-53.66928
539501937.5,-53.67913
539502000.0,-53.65818
539502062.5,-53.77093
539502125.0,-53.70587
539502187.5,-53.69142
539502250.0,-53.73302
539502312.5,-53.70411
539502375.0,-53.71848
539502437.5,-53.69753
539502500.0,-53.71513
539502562.5,-53.67596
539502625.0,-53.74178
539502687.5,-53.74086
539502750.0,-53.71085
539502812.5,-53.67859
539502875.0,-53.72827
539502937.5,-53.70246
539503000.0,-53.73919
539503062.5,-53.75874
539503125.0,-53.78265
539503187.5,-53.71053
539503250.0,-53.73204
539503312.5,-53.70662
539503375.0,-53.66207
539503437.5,-53.83678
539503500.0,-53.74926
539503562.5,-53.69516
539503625.0,-53.75119
539503687.5,-53.76639
539503750.0,-53.7224
539503812.5,-53.79891
539503875.0,-53.74385
539503937.5,-53.75583
539504000.0,-53.70848
539504062.5,-53.75046
539504125.0,-53.76141
539504187.5,-53.75532
539504250.0,-53.70898
539504312.5,-53.79073
539504375.0,-53.7397
539504437.5,-53.76971
539504500.0,-53.77431
539504562.5,-53.72821
539504625.0,-53.77832
539504687.5,-53.74121
539504750.0,-53.77742
539504812.5,-53.76042
539504875.0,-53.68897
539504937.5,-53.80466
539505000.0,-53.73745
539505062.5,-53.78746
539505125.0,-53.74313
539505187.5,-53.70255
539505250.0,-53.75126
539505312.5,-53.7742
539505375.0,-53.71558
539505437.5,-53.77696
539505500.0,-53.74947
539505562.5,-53.75725
539505625.0,-53.82055
539505687.5,-53.76952
539505750.0,-53.76882
539505812.5,-53.75216
539505875.0,-53.74729
539505937.5,-53.73915
539506000.0,-53.79155
539506062.5,-53.80489
539506125.0,-53.76097
539506187.5,-53.82073
539506250.0,-53.78254
539506312.5,-53.74878
539506375.0,-53.76121
539506437.5,-53.83964
539506500.0,-53.816
539506562.5,-53.80397
539506625.0,-53.78622
539506687.5,-53.81478
539506750.0,-53.77501
539506812.5,-53.73353
539506875.0,-53.78037
539506937.5,-53.82645
539507000.0,-53.7541
539507062.5,-53.79581
539507125.0,-53.82283
539507187.5,-53.87601
539507250.0,-53.83028
539507312.5,-53.84064
539507375.0,-53.82373
539507437.5,-53.79588
539507500.0,-53.73979
539507562.5,-53.76846
539507625.0,-53.80379
539507687.5,-53.85762
539507750.0,-53.83979
539507812.5,-53.8221
539507875.0,-53.84861
539507937.5,-53.79488
539508000.0,-53.78907
539508062.5,-53.83463
539508125.0,-53.80814
539508187.5,-53.85905
539508250.0,-53.73342
539508312.5,-53.83574
539508375.0,-53.83402
539508437.5,-53.7851
539508500.0,-53.79239
539508562.5,-53.83094
539508625.0,-53.84878
539508687.5,-53.82087
539508750.0,-53.81512
539508812.5,-53.84718
539508875.0,-53.80375
539508937.5,-53.77563
539509000.0,-53.79756
539509062.5,-53.77441
539509125.0,-53.81031
539509187.5,-53.81071
539509250.0,-53.85007
539509312.5,-53.7627
539509375.0,-53.81393
539509437.5,-53.82577
539509500.0,-53.88715
539509562.5,-53.80526
539509625.0,-53.83403
539509687.5,-53.81002
539509750.0,-53.88246
539509812.5,-53.85198
539509875.0,-53.82963
539509937.5,-53.7867
539510000.0,-53.89338
539510062.5,-53.86301
539510125.0,-53.80112
539510187.5,-53.80949
539510250.0,-53.83452
539510312.5,-53.87702
539510375.0,-53.83899
539510437.5,-53.83496
539510500.0,-53.81433
539510562.5,-53.8536
539510625.0,-53.8602
539510687.5,-53.86283
539510750.0,-53.8604
539510812.5,-53.90886
539510875.0,-53.89954
539510937.5,-53.87823
539511000.0,-53.83503
539511062.5,-53.81685
539511125.0,-53.82791
539511187.5,-53.86597
539511250.0,-53.828
539511312.5,-53.92947
539511375.0,-53.87458
539511437.5,-53.87454
539511500.0,-53.81947
539511562.5,-53.88171
539511625.0,-53.88187
539511687.5,-53.86585
539511750.0,-53.8825
539511812.5,-53.94593
539511875.0,-53.87284
539511937.5,-53.8549
539512000.0,-53.92378
539512062.5,-53.88624
539512125.0,-53.89101
539512187.5,-53.83456
539512250.0,-53.86298
539512312.5,-53.8798
539512375.0,-53.85145
539512437.5,-53.86425
539512500.0,-53.83488
539512562.5,-53.92617
539512625.0,-53.88412
539512687.5,-53.92375
539512750.0,-53.89865
539512812.5,-53.85477
539512875.0,-53.96166
539512937.5,-53.94559
539513000.0,-53.93329
539513062.5,-53.87701
539513125.0,-53.90829
539513187.5,-53.88636
539513250.0,-53.96164
539513312.5,-53.88525
539513375.0,-53.92317
539513437.5,-53.8623
539513500.0,-53.8982
539513562.5,-53.88155
539513625.0,-53.90326
539513687.5,-53.91901
539513750.0,-53.93915
539513812.5,-53.91142
539513875.0,-53.98749
539513937.5,-53.8565
539514000.0,-53.87151
539514062.5,-53.93016
539514125.0,-53.94407
539514187.5,-53.95631
539514250.0,-53.92057
539514312.5,-53.88714
539514375.0,-53.85326
539514437.5,-53.90929
539514500.0,-53.96897
539514562.5,-53.99097
539514625.0,-53.85896
539514687.5,-53.88428
539514750.0,-53.93889
539514812.5,-53.88296
539514875.0,-53.88469
539514937.5,-53.9689
539515000.0,-53.89491
539515062.5,-53.9309
539515125.0,-53.94536
539515187.5,-53.85369
539515250.0,-53.86439
539515312.5,-53.95067
539515375.0,-53.94139
539515437.5,-53.97924
539515500.0,-53.98331
539515562.5,-53.94152
539515625.0,-53.86007
539515687.5,-53.93657
539515750.0,-53.91703
539515812.5,-53.95463
539515875.0,-53.95982
539515937.5,-53.9228
539516000.0,-53.92929
539516062.5,-53.98845
539516125.0,-53.88314
539516187.5,-53.95321
539516250.0,-53.94056
539516312.5,-53.96022
539516375.0,-54.02304
539516437.5,-53.98409
539516500.0,-53.90792
539516562.5,-53.97035
539516625.0,-53.99147
539516687.5,-53.97192
539516750.0,-53.94581
539516812.5,-53.9558
539516875.0,-53.94956
539516937.5,-54.02189
539517000.0,-53.96253
539517062.5,-53.98613
539517125.0,-53.97886
539517187.5,-53.89636
539517250.0,-53.96823
539517312.5,-53.92917
539517375.0,-53.95912
539517437.5,-53.95446
539517500.0,-53.9965
539517562.5,-53.97655
539517625.0,-53.94184
539517687.5,-53.97636
539517750.0,-53.91708
539517812.5,-53.92363
539517875.0,-53.98951
539517937.5,-53.99905
539518000.0,-53.9652
539518062.5,-53.96267
539518125.0,-53.96769
539518187.5,-53.93962
539518250.0,-54.01287
539518312.5,-53.98248
539518375.0,-53.98573
539518437.5,-53.99223
539518500.0,-53.92361
539518562.5,-53.93086
539518625.0,-53.94188
539518687.5,-54.06448
539518750.0,-53.95592
539518812.5,-53.97727
539518875.0,-53.97122
539518937.5,-53.95369
539519000.0,-53.96634
539519062.5,-53.96436
539519125.0,-54.0229
539519187.5,-53.93277
539519250.0,-53.96217
539519312.5,-53.9917
539519375.0,-54.02856
539519437.5,-54.03939
539519500.0,-54.09582
539519562.5,-53.99116
539519625.0,-54.00907
539519687.5,-53.9999
539519750.0,-54.00092
539519812.5,-53.99997
539519875.0,-53.99471
539519937.5,-53.97165
539520000.0,-54.05864
539520062.5,-54.01439
539520125.0,-54.03162
539520187.5,-54.0987
539520250.0,-54.05789
539520312.5,-54.06554
539520375.0,-53.97251
539520437.5,-53.97441
539520500.0,-53.99688
539520562.5,-53.98777
539520625.0,-54.03033
539520687.5,-54.00408
539520750.0,-54.01305
539520812.5,-53.95131
539520875.0,-54.0125
539520937.5,-54.13601
539521000.0,-54.06807
539521062.5,-53.97823
539521125.0,-53.96252
539521187.5,-54.07487
539521250.0,-54.03586
539521312.5,-54.01905
539521375.0,-54.05191
539521437.5,-53.99025
539521500.0,-54.05668
539521562.5,-54.00793
539521625.0,-54.00063
539521687.5,-54.00653
539521750.0,-53.9968
539521812.5,-54.00868
539521875.0,-53.97178
539521937.5,-54.05745
539522000.0,-53.98954
539522062.5,-54.02497
539522125.0,-54.01096
539522187.5,-54.05303
539522250.0,-54.08006
539522312.5,-54.15219
539522375.0,-53.96503
539522437.5,-53.97053
539522500.0,-54.07746
539522562.5,-54.09435
539522625.0,-54.06534
539522687.5,-54.05266
539522750.0,-54.03357
539522812.5,-54.00801
539522875.0,-54.02345
539522937.5,-54.01458
539523000.0,-54.00191
539523062.5,-54.11282
539523125.0,-54.10334
539523187.5,-54.02041
539523250.0,-54.0561
539523312.5,-54.07096
539523375.0,-54.0731
539523437.5,-54.08869
539523500.0,-54.04161
539523562.5,-54.07092
539523625.0,-54.09938
539523687.5,-54.05051
539523750.0,-54.08744
539523812.5,-54.04925
539523875.0,-54.07987
539523937.5,-54.04936
539524000.0,-54.10206
539524062.5,-54.11366
539524125.0,-54.10014
539524187.5,-54.11606
539524250.0,-54.09319
539524312.5,-54.05747
539524375.0,-54.10345
539524437.5,-54.04329
539524500.0,-54.06711
539524562.5,-54.06583
539524625.0,-54.13197
539524687.5,-54.10786
539524750.0,-54.08084
539524812.5,-54.01423
539524875.0,-54.14433
539524937.5,-54.12685
539525000.0,-54.07578
539525062.5,-54.06247
539525125.0,-54.14348
539525187.5,-54.0451
539525250.0,-54.10513
539525312.5,-54.05011
539525375.0,-54.10747
539525437.5,-54.12194
539525500.0,-54.02042
539525562.5,-54.13844
539525625.0,-54.07607
539525687.5,-54.05866
539525750.0,-54.0847
539525812.5,-54.13354
539525875.0,-54.07555
539525937.5,-54.13784
539526000.0,-54.12247
539526062.5,-54.10259
539526125.0,-54.09701
539526187.5,-54.14776
539526250.0,-54.15528
539526312.5,-54.08139
539526375.0,-54.17255
539526437.5,-54.19237
539526500.0,-54.09981
539526562.5,-54.12458
539526625.0,-54.17203
539526687.5,-54.14436
539526750.0,-54.09052
539526812.5,-54.1461
539526875.0,-54.16507
539526937.5,-54.16006
539527000.0,-54.14175
539527062.5,-54.08592
539527125.0,-54.12803
539527187.5,-54.137
539527250.0,-54.13148
539527312.5,-54.10236
539527375.0,-54.1056
539527437.5,-54.09184
539527500.0,-54.13496
539527562.5,-54.13273
539527625.0,-54.08187
539527687.5,-54.14614
539527750.0,-54.18444
539527812.5,-54.18127
539527875.0,-54.12797
539527937.5,-54.1215
539528000.0,-54.16416
539528062.5,-54.13058
539528125.0,-54.10458
539528187.5,-54.13354
539528250.0,-54.13742
539528312.5,-54.1279
539528375.0,-54.20963
539528437.5,-54.1241
539528500.0,-54.15287
539528562.5,-54.13751
539528625.0,-54.12552
539528687.5,-54.09144
539528750.0,-54.15988
539528812.5,-54.0951
539528875.0,-54.09382
539528937.5,-54.17318
539529000.0,-54.08903
539529062.5,-54.11731
539529125.0,-54.11221
539529187.5,-54.12726
539529250.0,-54.09111
539529312.5,-54.16428
539529375.0,-54.17395
539529437.5,-54.1501
539529500.0,-54.17722
539529562.5,-54.177
539529625.0,-54.18116
539529687.5,-54.20042
539529750.0,-54.20596
539529812.5,-54.18311
539529875.0,-54.18437
539529937.5,-54.0856
539530000.0,-54.11475
539530062.5,-54.10569
539530125.0,-54.12465
539530187.5,-54.18975
539530250.0,-54.15783
539530312.5,-54.17642
539530375.0,-54.20515
539530437.5,-54.20978
539530500.0,-54.17635
539530562.5,-54.1862
539530625.0,-54.16583
539530687.5,-54.18428
539530750.0,-54.13862
539530812.5,-54.16199
539530875.0,-54.1832
539530937.5,-54.14548
539531000.0,-54.22704
539531062.5,-54.21656
539531125.0,-54.14311
539531187.5,-54.18581
539531250.0,-54.17112
539531312.5,-54.16465
539531375.0,-54.14256
539531437.5,-54.25623
539531500.0,-54.19344
539531562.5,-54.17258
539531625.0,-54.16666
539531687.5,-54.16053
539531750.0,-54.18494
539531812.5,-54.18947
539531875.0,-54.15761
539531937.5,-54.23069
539532000.0,-54.18795
539532062.5,-54.16481
539532125.0,-54.1246
539532187.5,-54.18756
539532250.0,-54.22619
539532312.5,-54.21177
539532375.0,-54.23145
539532437.5,-54.17603
539532500.0,-54.19247
539532562.5,-54.18059
539532625.0,-54.16568
539532687.5,-54.23796
539532750.0,-54.16668
539532812.5,-54.18489
539532875.0,-54.21772
539532937.5,-54.23194
539533000.0,-54.21633
539533062.5,-54.23104
539533125.0,-54.19525
539533187.5,-54.20071
539533250.0,-54.21508
539533312.5,-54.22929
539533375.0,-54.19599
539533437.5,-54.15827
539533500.0,-54.24554
539533562.5,-54.26646
539533625.0,-54.22406
539533687.5,-54.1716
539533750.0,-54.19752
539533812.5,-54.25095
539533875.0,-54.24976
539533937.5,-54.27428
539534000.0,-54.22236
539534062.5,-54.20535
539534125.0,-54.17086
539534187.5,-54.23378
539534250.0,-54.17409
539534312.5,-54.23424
539534375.0,-54.20832
539534437.5,-54.28385
539534500.0,-54.1972
539534562.5,-54.16772
539534625.0,-54.25714
539534687.5,-54.23505
539534750.0,-54.28587
539534812.5,-54.20765
539534875.0,-54.1847
539534937.5,-54.31223
539535000.0,-54.25138
539535062.5,-54.25076
539535125.0,-54.29012
539535187.5,-54.21242
539535250.0,-54.20597
539535312.5,-54.2283
539535375.0,-54.2384
539535437.5,-54.2741
539535500.0,-54.2236
539535562.5,-54.31302
539535625.0,-54.25707
539535687.5,-54.18309
539535750.0,-54.24187
539535812.5,-54.25464
539535875.0,-54.22575
539535937.5,-54.23283
539536000.0,-54.27038
539536062.5,-54.25909
539536125.0,-54.30525
539536187.5,-54.26949
539536250.0,-54.23226
539536312.5,-54.29858
539536375.0,-54.23866
539536437.5,-54.26751
539536500.0,-54.23991
539536562.5,-54.2799
539536625.0,-54.19646
539536687.5,-54.24675
539536750.0,-54.26412
539536812.5,-54.238
539536875.0,-54.29355
539536937.5,-54.24806
539537000.0,-54.23993
539537062.5,-54.30094
539537125.0,-54.23846
539537187.5,-54.3059
539537250.0,-54.2081
539537312.5,-54.24947
539537375.0,-54.28576
539537437.5,-54.28475
539537500.0,-54.23265
539537562.5,-54.27835
539537625.0,-54.26551
539537687.5,-54.27568
539537750.0,-54.30102
539537812.5,-54.26958
539537875.0,-54.22519
539537937.5,-54.24877
539538000.0,-54.32737
539538062.5,-54.31627
539538125.0,-54.22002
539538187.5,-54.31159
539538250.0,-54.24398
539538312.5,-54.20275
539538375.0,-54.22511
539538437.5,-54.31909
539538500.0,-54.35471
539538562.5,-54.27175
539538625.0,-54.29998
539538687.5,-54.29292
539538750.0,-54.36642
539538812.5,-54.28009
539538875.0,-54.33033
539538937.5,-54.38028
539539000.0,-54.2675
539539062.5,-54.27314
539539125.0,-54.26482
539539187.5,-54.33315
539539250.0,-54.28232
539539312.5,-54.34389
539539375.0,-54.31628
539539437.5,-54.31965
539539500.0,-54.29222
539539562.5,-54.22365
539539625.0,-54.36883
539539687.5,-54.29523
539539750.0,-54.32825
539539812.5,-54.24167
539539875.0,-54.39559
539539937.5,-54.2788
539540000.0,-54.31552
539540062.5,-54.22428
539540125.0,-54.32269
539540187.5,-54.31145
539540250.0,-54.37191
539540312.5,-54.32779
539540375.0,-54.39436
539540437.5,-54.33491
539540500.0,-54.3205
539540562.5,-54.31607
539540625.0,-54.29383
539540687.5,-54.33944
539540750.0,-54.34558
539540812.5,-54.34277
539540875.0,-54.30326
539540937.5,-54.33117
539541000.0,-54.32557
539541062.5,-54.35846
539541125.0,-54.25446
539541187.5,-54.40515
539541250.0,-54.38258
539541312.5,-54.37083
539541375.0,-54.32489
539541437.5,-54.37713
539541500.0,-54.34406
539541562.5,-54.35481
539541625.0,-54.29716
539541687.5,-54.36534
539541750.0,-54.29281
539541812.5,-54.3605
539541875.0,-54.37253
539541937.5,-54.41185
539542000.0,-54.37555
539542062.5,-54.30313
539542125.0,-54.36894
539542187.5,-54.35651
539542250.0,-54.38034
539542312.5,-54.36085
539542375.0,-54.35954
539542437.5,-54.34897
539542500.0,-54.27494
539542562.5,-54.41845
539542625.0,-54.31742
539542687.5,-54.33094
539542750.0,-54.29523
539542812.5,-54.38689
539542875.0,-54.40452
539542937.5,-54.36953
539543000.0,-54.43914
539543062.5,-54.31551
539543125.0,-54.33611
539543187.5,-54.39513
539543250.0,-54.41016
539543312.5,-54.36197
539543375.0,-54.41146
539543437.5,-54.39057
539543500.0,-54.3927
539543562.5,-54.38259
539543625.0,-54.36655
539543687.5,-54.45374
539543750.0,-54.40195
539543812.5,-54.34466
539543875.0,-54.33289
539543937.5,-54.3461
539544000.0,-54.36552
539544062.5,-54.39914
539544125.0,-54.40946
539544187.5,-54.39437
539544250.0,-54.29884
539544312.5,-54.35626
539544375.0,-54.39991
539544437.5,-54.4193
539544500.0,-54.37577
539544562.5,-54.3473
539544625.0,-54.38723
539544687.5,-54.37521
539544750.0,-54.37776
539544812.5,-54.3975
539544875.0,-54.35151
539544937.5,-54.37889
539545000.0,-54.45875
539545062.5,-54.36407
539545125.0,-54.41036
539545187.5,-54.36219
539545250.0,-54.48342
539545312.5,-54.40453
539545375.0,-54.437
539545437.5,-54.38651
539545500.0,-54.38132
539545562.5,-54.39569
539545625.0,-54.42604
539545687.5,-54.40848
539545750.0,-54.38841
539545812.5,-54.35486
539545875.0,-54.34031
539545937.5,-54.41606
539546000.0,-54.35753
539546062.5,-54.43012
539546125.0,-54.44476
539546187.5,-54.40264
539546250.0,-54.3651
539546312.5,-54.34757
539546375.0,-54.43245
539546437.5,-54.40731
539546500.0,-54.37953
539546562.5,-54.47519
539546625.0,-54.44881
539546687.5,-54.38548
539546750.0,-54.42662
539546812.5,-54.44937
539546875.0,-54.4726
539546937.5,-54.44198
539547000.0,-54.4333
539547062.5,-54.52494
539547125.0,-54.40431
539547187.5,-54.43921
539547250.0,-54.49838
539547312.5,-54.41107
539547375.0,-54.40708
539547437.5,-54.44405
539547500.0,-54.46005
539547562.5,-54.45377
539547625.0,-54.42338
539547687.5,-54.42375
539547750.0,-54.40205
539547812.5,-54.38242
539547875.0,-54.43044
539547937.5,-54.40683
539548000.0,-54.46087
539548062.5,-54.41317
539548125.0,-54.40478
539548187.5,-54.46401
539548250.0,-54.42932
539548312.5,-54.43063
539548375.0,-54.41449
539548437.5,-54.52295
539548500.0,-54.45525
539548562.5,-54.43124
539548625.0,-54.42708
539548687.5,-54.42682
539548750.0,-54.43615
539548812.5,-54.5116
539548875.0,-54.36894
539548937.5,-54.40358
539549000.0,-54.47286
539549062.5,-54.38789
539549125.0,-54.50973
539549187.5,-54.44202
539549250.0,-54.45186
539549312.5,-54.46273
539549375.0,-54.44779
539549437.5,-54.40782
539549500.0,-54.44725
539549562.5,-54.49331
539549625.0,-54.49667
539549687.5,-54.42591
539549750.0,-54.48298
539549812.5,-54.46643
539549875.0,-54.50965
539549937.5,-54.44126
539550000.0,-54.51287
539550062.5,-54.51115
539550125.0,-54.4479
539550187.5,-54.58421
539550250.0,-54.5114
539550312.5,-54.47284
539550375.0,-54.49652
539550437.5,-54.51584
539550500.0,-54.4936
539550562.5,-54.49702
539550625.0,-54.53037
539550687.5,-54.45524
539550750.0,-54.54965
539550812.5,-54.52552
539550875.0,-54.48569
539550937.5,-54.47412
539551000.0,-54.49352
539551062.5,-54.53015
539551125.0,-54.48975
539551187.5,-54.48599
539551250.0,-54.42277
539551312.5,-54.49916
539551375.0,-54.51768
539551437.5,-54.50174
539551500.0,-54.52605
539551562.5,-54.45662
539551625.0,-54.50122
539551687.5,-54.52689
539551750.0,-54.50201
539551812.5,-54.54546
539551875.0,-54.54189
539551937.5,-54.48368
539552000.0,-54.4847
539552062.5,-54.47372
539552125.0,-54.48367
539552187.5,-54.51234
539552250.0,-54.49542
539552312.5,-54.48257
539552375.0,-54.43309
539552437.5,-54.46149
539552500.0,-54.49942
539552562.5,-54.53062
539552625.0,-54.48299
539552687.5,-54.52283
539552750.0,-54.53644
539552812.5,-54.505
539552875.0,-54.53468
539552937.5,-54.51418
539553000.0,-54.51483
539553062.5,-54.58829
539553125.0,-54.47832
539553187.5,-54.49472
539553250.0,-54.49569
539553312.5,-54.49379
539553375.0,-54.46226
539553437.5,-54.49884
539553500.0,-54.47314
539553562.5,-54.50303
539553625.0,-54.55442
539553687.5,-54.44301
539553750.0,-54.53987
539553812.5,-54.49953
539553875.0,-54.47524
539553937.5,-54.52279
539554000.0,-54.56347
539554062.5,-54.49596
539554125.0,-54.5576
539554187.5,-54.52377
539554250.0,-54.52071
539554312.5,-54.4963
539554375.0,-54.541
539554437.5,-54.53377
539554500.0,-54.51925
539554562.5,-54.57621
539554625.0,-54.53329
539554687.5,-54.52916
539554750.0,-54.54391
539554812.5,-54.50647
539554875.0,-54.57233
539554937.5,-54.51569
539555000.0,-54.5279
539555062.5,-54.58327
539555125.0,-54.52945
539555187.5,-54.53846
539555250.0,-54.59173
539555312.5,-54.54548
539555375.0,-54.56837
539555437.5,-54.59003
539555500.0,-54.5291
539555562.5,-54.51809
539555625.0,-54.56914
539555687.5,-54.52029
539555750.0,-54.54742
539555812.5,-54.5316
539555875.0,-54.5493
539555937.5,-54.49201
539556000.0,-54.53791
539556062.5,-54.52829
539556125.0,-54.50623
539556187.5,-54.60583
539556250.0,-54.54396
539556312.5,-54.55773
539556375.0,-54.6194
539556437.5,-54.61884
539556500.0,-54.58121
539556562.5,-54.5395
539556625.0,-54.55131
539556687.5,-54.56722
539556750.0,-54.56489
539556812.5,-54.58993
539556875.0,-54.56355
539556937.5,-54.56602
539557000.0,-54.56983
539557062.5,-54.52205
539557125.0,-54.49157
539557187.5,-54.51511
539557250.0,-54.54832
539557312.5,-54.48593
539557375.0,-54.56876
539557437.5,-54.55174
539557500.0,-54.56707
539557562.5,-54.5449
539557625.0,-54.54392
539557687.5,-54.53887
539557750.0,-54.54684
539557812.5,-54.57819
539557875.0,-54.53724
539557937.5,-54.58422
539558000.0,-54.62088
539558062.5,-54.59355
539558125.0,-54.58146
539558187.5,-54.57725
539558250.0,-54.59753
539558312.5,-54.61085
539558375.0,-54.61362
539558437.5,-54.59573
539558500.0,-54.65082
539558562.5,-54.59945
539558625.0,-54.6039
539558687.5,-54.52567
539558750.0,-54.61829
539558812.5,-54.57914
539558875.0,-54.61493
539558937.5,-54.65076
539559000.0,-54.58038
539559062.5,-54.61182
539559125.0,-54.61021
539559187.5,-54.58239
539559250.0,-54.62175
539559312.5,-54.66169
539559375.0,-54.62
539559437.5,-54.58488
539559500.0,-54.70406
539559562.5,-54.60361
539559625.0,-54.63154
539559687.5,-54.61857
539559750.0,-54.61813
539559812.5,-54.6242
539559875.0,-54.53898
539559937.5,-54.62289
539560000.0,-54.60389
539560062.5,-54.61603
539560125.0,-54.67183
539560187.5,-54.66772
539560250.0,-54.71511
539560312.5,-54.65332
539560375.0,-54.6024
539560437.5,-54.57145
539560500.0,-54.62437
539560562.5,-54.60477
539560625.0,-54.55877
539560687.5,-54.5821
539560750.0,-54.7259
539560812.5,-54.65155
539560875.0,-54.60655
539560937.5,-54.62497
539561000.0,-54.64588
539561062.5,-54.68937
539561125.0,-54.69748
539561187.5,-54.65916
539561250.0,-54.64378
539561312.5,-54.62303
539561375.0,-54.72751
539561437.5,-54.61483
539561500.0,-54.56502
539561562.5,-54.64361
539561625.0,-54.67146
539561687.5,-54.62375
539561750.0,-54.66925
539561812.5,-54.6706
539561875.0,-54.65342
539561937.5,-54.67878
539562000.0,-54.66851
539562062.5,-54.69556
539562125.0,-54.60691
539562187.5,-54.67896
539562250.0,-54.6237
539562312.5,-54.69437
539562375.0,-54.62074
539562437.5,-54.61405
539562500.0,-54.6317
539562562.5,-54.5884
539562625.0,-54.68399
539562687.5,-54.70587
539562750.0,-54.63887
539562812.5,-54.67141
539562875.0,-54.70665
539562937.5,-54.69776
539563000.0,-54.66803
539563062.5,-54.70298
539563125.0,-54.72428
539563187.5,-54.64915
539563250.0,-54.61393
539563312.5,-54.64799
539563375.0,-54.6975
539563437.5,-54.69663
539563500.0,-54.65534
539563562.5,-54.63273
539563625.0,-54.66478
539563687.5,-54.66657
539563750.0,-54.61558
539563812.5,-54.71315
539563875.0,-54.65084
539563937.5,-54.68217
539564000.0,-54.7242
539564062.5,-54.69667
539564125.0,-54.6309
539564187.5,-54.65813
539564250.0,-54.74641
539564312.5,-54.6733
539564375.0,-54.64597
539564437.5,-54.68942
539564500.0,-54.79884
539564562.5,-54.70292
539564625.0,-54.67101
539564687.5,-54.70845
539564750.0,-54.65073
539564812.5,-54.76293
539564875.0,-54.68512
539564937.5,-54.71276
539565000.0,-54.68798
539565062.5,-54.68116
539565125.0,-54.60876
539565187.5,-54.67187
539565250.0,-54.75868
539565312.5,-54.67469
539565375.0,-54.62411
539565437.5,-54.66249
539565500.0,-54.67559
539565562.5,-54.71992
539565625.0,-54.68719
539565687.5,-54.71296
539565750.0,-54.6513
539565812.5,-54.73317
539565875.0,-54.70314
539565937.5,-54.71909
539566000.0,-54.69937
539566062.5,-54.74392
539566125.0,-54.74055
539566187.5,-54.73729
539566250.0,-54.75191
539566312.5,-54.78801
539566375.0,-54.8344
539566437.5,-54.72029
539566500.0,-54.67722
539566562.5,-54.72415
539566625.0,-54.75922
539566687.5,-54.70293
539566750.0,-54.69991
539566812.5,-54.69869
539566875.0,-54.70752
539566937.5,-54.64039
539567000.0,-54.68507
539567062.5,-54.67811
539567125.0,-54.70441
539567187.5,-54.71019
539567250.0,-54.74196
539567312.5,-54.72259
539567375.0,-54.7411
539567437.5,-54.73307
539567500.0,-54.79826
539567562.5,-54.71402
539567625.0,-54.73862
539567687.5,-54.71078
539567750.0,-54.75106
539567812.5,-54.7346
539567875.0,-54.72853
539567937.5,-54.75545
539568000.0,-54.7755
539568062.5,-54.6638
539568125.0,-54.74632
539568187.5,-54.73403
539568250.0,-54.70117
539568312.5,-54.7845
539568375.0,-54.74161
539568437.5,-54.70297
539568500.0,-54.83321
539568562.5,-54.71389
539568625.0,-54.80952
539568687.5,-54.72749
539568750.0,-54.71533
539568812.5,-54.77441
539568875.0,-54.73158
539568937.5,-54.74593
539569000.0,-54.70335
539569062.5,-54.79752
539569125.0,-54.77348
539569187.5,-54.72307
539569250.0,-54.79423
539569312.5,-54.72909
539569375.0,-54.79544
539569437.5,-54.74673
539569500.0,-54.79865
539569562.5,-54.76646
539569625.0,-54.74728
539569687.5,-54.74336
539569750.0,-54.74105
539569812.5,-54.79313
539569875.0,-54.74181
539569937.5,-54.80067
539570000.0,-54.77572
539570062.5,-54.73798
539570125.0,-54.78786
539570187.5,-54.77234
539570250.0,-54.72112
539570312.5,-54.76207
539570375.0,-54.75565
539570437.5,-54.74765
539570500.0,-54.75131
539570562.5,-54.76088
539570625.0,-54.76783
539570687.5,-54.83244
539570750.0,-54.75267
539570812.5,-54.76852
539570875.0,-54.71953
539570937.5,-54.80328
539571000.0,-54.75237
539571062.5,-54.79055
539571125.0,-54.80586
539571187.5,-54.79247
539571250.0,-54.76113
539571312.5,-54.81769
539571375.0,-54.77405
539571437.5,-54.76371
539571500.0,-54.78241
539571562.5,-54.75
539571625.0,-54.78109
539571687.5,-54.75501
539571750.0,-54.70298
539571812.5,-54.80727
539571875.0,-54.75922
539571937.5,-54.7544
539572000.0,-54.8378
539572062.5,-54.70469
539572125.0,-54.83058
539572187.5,-54.78514
539572250.0,-54.8157
539572312.5,-54.80559
539572375.0,-54.83654
539572437.5,-54.82182
539572500.0,-54.76612
539572562.5,-54.81707
539572625.0,-54.79794
539572687.5,-54.83561
539572750.0,-54.7825
539572812.5,-54.73141
539572875.0,-54.80887
539572937.5,-54.82408
539573000.0,-54.71726
539573062.5,-54.82258
539573125.0,-54.75106
539573187.5,-54.77637
539573250.0,-54.77702
539573312.5,-54.80055
539573375.0,-54.85849
539573437.5,-54.83736
539573500.0,-54.83987
539573562.5,-54.78476
539573625.0,-54.87071
539573687.5,-54.79546
539573750.0,-54.79963
539573812.5,-54.84256
539573875.0,-54.80722
539573937.5,-54.85344
539574000.0,-54.80037
539574062.5,-54.86615
539574125.0,-54.81192
539574187.5,-54.78251
539574250.0,-54.82727
539574312.5,-54.96081
539574375.0,-54.84193
539574437.5,-54.78065
539574500.0,-54.80925
539574562.5,-54.86129
539574625.0,-54.84185
539574687.5,-54.78461
539574750.0,-54.7868
539574812.5,-54.83665
539574875.0,-54.80001
539574937.5,-54.89566
539575000.0,-54.81166
539575062.5,-54.74876
539575125.0,-54.83325
539575187.5,-54.80923
539575250.0,-54.81104
539575312.5,-54.83653
539575375.0,-54.83374
539575437.5,-54.85193
539575500.0,-54.79762
539575562.5,-54.90471
539575625.0,-54.78598
539575687.5,-54.85305
539575750.0,-54.9132
539575812.5,-54.84476
539575875.0,-54.87265
539575937.5,-54.84891
539576000.0,-54.78466
539576062.5,-54.86007
539576125.0,-54.86111
539576187.5,-54.83086
539576250.0,-54.81637
539576312.5,-54.86595
539576375.0,-54.81204
539576437.5,-54.88709
539576500.0,-54.81864
539576562.5,-54.84735
539576625.0,-54.92468
539576687.5,-54.88963
539576750.0,-54.82235
539576812.5,-54.90014
539576875.0,-54.91142
539576937.5,-54.83311
539577000.0,-54.88659
539577062.5,-54.85831
539577125.0,-54.92941
539577187.5,-54.89608
539577250.0,-54.86264
539577312.5,-54.8284
539577375.0,-54.87187
539577437.5,-54.85157
539577500.0,-54.86004
539577562.5,-54.86809
539577625.0,-54.8251
539577687.5,-54.82581
539577750.0,-54.90952
539577812.5,-54.91203
539577875.0,-54.85565
539577937.5,-54.85375
539578000.0,-54.87315
539578062.5,-54.80149
539578125.0,-54.87495
539578187.5,-54.86983
539578250.0,-54.8219
539578312.5,-54.84807
539578375.0,-54.85056
539578437.5,-54.86527
539578500.0,-54.89587
539578562.5,-54.85319
539578625.0,-54.86632
539578687.5,-54.88605
539578750.0,-54.90615
539578812.5,-54.92142
539578875.0,-54.89555
539578937.5,-54.86266
539579000.0,-54.86789
539579062.5,-54.8913
539579125.0,-54.90542
539579187.5,-54.91253
539579250.0,-54.88351
539579312.5,-54.90538
539579375.0,-54.93079
539579437.5,-54.9092
539579500.0,-54.85098
539579562.5,-54.90604
539579625.0,-54.87494
539579687.5,-54.87
539579750.0,-54.9319
539579812.5,-54.84788
539579875.0,-54.94346
539579937.5,-54.9044
539580000.0,-54.91486
539580062.5,-54.91121
539580125.0,-54.85344
539580187.5,-54.95441
539580250.0,-54.88594
539580312.5,-54.90934
539580375.0,-54.90216
539580437.5,-54.87622
539580500.0,-54.94672
539580562.5,-54.89548
539580625.0,-54.95638
539580687.5,-54.9681
539580750.0,-54.90691
539580812.5,-54.82027
539580875.0,-54.93739
539580937.5,-54.95557
539581000.0,-54.88246
539581062.5,-54.91489
539581125.0,-54.92924
539581187.5,-54.94483
539581250.0,-54.93857
539581312.5,-54.95659
539581375.0,-54.93031
539581437.5,-54.92672
539581500.0,-54.91112
539581562.5,-54.85277
539581625.0,-54.94547
539581687.5,-54.97563
539581750.0,-54.91785
539581812.5,-54.89228
539581875.0,-55.01947
539581937.5,-54.9314
539582000.0,-54.87759
539582062.5,-54.96936
539582125.0,-54.84635
539582187.5,-54.94264
539582250.0,-54.92607
539582312.5,-55.02442
539582375.0,-54.88245
539582437.5,-54.94164
539582500.0,-54.93109
539582562.5,-54.93135
539582625.0,-54.9109
539582687.5,-54.95798
539582750.0,-54.87904
539582812.5,-54.97149
539582875.0,-54.94406
539582937.5,-54.95094
539583000.0,-54.96894
539583062.5,-54.966
539583125.0,-54.93837
539583187.5,-54.97338
539583250.0,-54.92845
539583312.5,-54.91693
539583375.0,-55.04485
539583437.5,-54.99108
539583500.0,-54.94584
539583562.5,-54.9954
539583625.0,-55.00584
539583687.5,-54.92673
539583750.0,-54.99868
539583812.5,-54.96948
539583875.0,-54.93535
539583937.5,-54.93401
539584000.0,-54.97665
539584062.5,-55.00522
539584125.0,-55.01155
539584187.5,-54.96058
539584250.0,-54.96605
539584312.5,-54.89733
539584375.0,-54.94653
539584437.5,-54.96136
539584500.0,-55.01553
539584562.5,-54.91824
539584625.0,-54.97332
539584687.5,-54.95126
539584750.0,-54.9627
539584812.5,-55.00613
539584875.0,-54.98286
539584937.5,-55.00481
539585000.0,-55.04606
539585062.5,-54.98968
539585125.0,-55.00692
539585187.5,-54.99961
539585250.0,-54.89342
539585312.5,-54.99967
539585375.0,-54.98756
539585437.5,-55.02164
539585500.0,-54.98634
539585562.5,-54.93669
539585625.0,-55.03186
539585687.5,-54.9464
539585750.0,-55.01609
539585812.5,-54.94687
539585875.0,-54.96633
539585937.5,-55.00653
539586000.0,-55.05794
539586062.5,-54.98969
539586125.0,-55.0287
539586187.5,-54.91794
539586250.0,-54.95915
539586312.5,-54.98154
539586375.0,-55.05968
539586437.5,-55.0221
539586500.0,-54.99281
539586562.5,-54.98976
539586625.0,-54.98386
539586687.5,-55.06284
539586750.0,-54.99477
539586812.5,-54.96623
539586875.0,-54.99292
539586937.5,-55.00492
539587000.0,-54.98219
539587062.5,-55.0228
539587125.0,-54.95867
539587187.5,-54.99221
539587250.0,-54.96462
539587312.5,-55.05519
539587375.0,-54.97886
539587437.5,-54.96496
539587500.0,-55.04219
539587562.5,-54.99595
539587625.0,-55.0294
539587687.5,-55.03662
539587750.0,-55.1074
539587812.5,-55.06948
539587875.0,-54.94939
539587937.5,-55.0057
539588000.0,-55.05725
539588062.5,-55.04148
539588125.0,-54.97508
539588187.5,-55.03562
539588250.0,-55.09256
539588312.5,-55.06006
539588375.0,-55.00497
539588437.5,-55.0158
539588500.0,-55.10093
539588562.5,-55.03787
539588625.0,-55.06461
539588687.5,-55.08246
539588750.0,-55.11105
539588812.5,-55.10567
539588875.0,-55.06737
539588937.5,-54.97749
539589000.0,-55.04333
539589062.5,-55.07725
539589125.0,-55.03338
539589187.5,-55.00079
539589250.0,-54.99282
539589312.5,-55.0794
539589375.0,-55.06553
539589437.5,-55.0061
539589500.0,-55.00014
539589562.5,-55.04897
539589625.0,-55.00691
539589687.5,-55.04491
539589750.0,-55.06142
539589812.5,-55.0642
539589875.0,-55.1341
539589937.5,-55.02303
539590000.0,-55.00482
539590062.5,-55.03955
539590125.0,-55.02414
539590187.5,-55.0335
539590250.0,-55.0845
539590312.5,-55.10849
539590375.0,-55.07214
539590437.5,-55.00934
539590500.0,-55.11951
539590562.5,-55.05895
539590625.0,-55.02723
539590687.5,-55.00969
539590750.0,-55.09503
539590812.5,-55.06564
539590875.0,-55.09608
539590937.5,-55.1015
539591000.0,-55.01734
539591062.5,-55.04115
539591125.0,-55.05611
539591187.5,-55.11789
539591250.0,-55.05844
539591312.5,-55.05087
539591375.0,-55.04477
539591437.5,-55.11546
539591500.0,-55.0274
539591562.5,-55.04919
539591625.0,-54.98954
539591687.5,-55.03633
539591750.0,-55.04654
539591812.5,-55.11543
539591875.0,-55.07542
539591937.5,-55.10255
539592000.0,-55.042
539592062.5,-55.08305
539592125.0,-55.06814
539592187.5,-55.10183
539592250.0,-55.01037
539592312.5,-55.07575
539592375.0,-55.0139
539592437.5,-55.09407
539592500.0,-55.09843
539592562.5,-55.10351
539592625.0,-55.08324
539592687.5,-55.09241
539592750.0,-55.07727
539592812.5,-55.1496
539592875.0,-55.17331
539592937.5,-55.02581
539593000.0,-55.09162
539593062.5,-55.06096
539593125.0,-55.02494
539593187.5,-55.03218
539593250.0,-55.11692
539593312.5,-55.15758
539593375.0,-54.99335
539593437.5,-55.11489
539593500.0,-55.09405
539593562.5,-55.05964
539593625.0,-55.05653
539593687.5,-55.10744
539593750.0,-55.08414
539593812.5,-55.09098
539593875.0,-55.116
539593937.5,-55.0703
539594000.0,-55.12888
539594062.5,-55.10223
539594125.0,-55.07252
539594187.5,-55.07962
539594250.0,-55.01268
539594312.5,-55.05856
539594375.0,-55.13517
539594437.5,-55.15866
539594500.0,-55.19009
539594562.5,-55.09249
539594625.0,-55.12285
539594687.5,-55.14593
539594750.0,-55.12975
539594812.5,-55.19575
539594875.0,-55.12236
539594937.5,-55.08781
539595000.0,-55.1293
539595062.5,-55.13347
539595125.0,-55.12129
539595187.5,-55.12325
539595250.0,-55.08773
539595312.5,-55.08229
539595375.0,-55.1385
539595437.5,-55.06895
539595500.0,-55.16334
539595562.5,-55.14996
539595625.0,-55.05893
539595687.5,-55.09651
539595750.0,-55.10524
539595812.5,-55.09004
539595875.0,-55.08479
539595937.5,-55.17535
539596000.0,-55.22384
539596062.5,-55.07758
539596125.0,-55.15804
539596187.5,-55.12563
539596250.0,-55.08849
539596312.5,-55.14685
539596375.0,-55.11934
539596437.5,-55.05439
539596500.0,-55.1627
539596562.5,-55.22284
539596625.0,-55.09063
539596687.5,-55.15257
539596750.0,-55.11404
539596812.5,-55.13326
539596875.0,-55.16324
539596937.5,-55.15563
539597000.0,-55.11899
539597062.5,-55.09012
539597125.0,-55.13577
539597187.5,-55.19804
539597250.0,-55.09083
539597312.5,-55.21266
539597375.0,-55.1366
539597437.5,-55.17239
539597500.0,-55.15549
539597562.5,-55.208
539597625.0,-55.16737
539597687.5,-55.10683
539597750.0,-55.18474
539597812.5,-55.15825
539597875.0,-55.16814
539597937.5,-55.15779
539598000.0,-55.11619
539598062.5,-55.12672
539598125.0,-55.15566
539598187.5,-55.17497
539598250.0,-55.07239
539598312.5,-55.21388
539598375.0,-55.14409
539598437.5,-55.14428
539598500.0,-55.21274
539598562.5,-55.25371
539598625.0,-55.21677
539598687.5,-55.19918
539598750.0,-55.19784
539598812.5,-55.16334
539598875.0,-55.16901
539598937.5,-55.22103
539599000.0,-55.19725
539599062.5,-55.19035
539599125.0,-55.19896
539599187.5,-55.23965
539599250.0,-55.19205
539599312.5,-55.20307
539599375.0,-55.1682
539599437.5,-55.19505
539599500.0,-55.19098
539599562.5,-55.13633
539599625.0,-55.25009
539599687.5,-55.26008
539599750.0,-55.14996
539599812.5,-55.1285
539599875.0,-55.09166
539599937.5,-55.23888
539600000.0,-55.15186
539600062.5,-55.17847
539600125.0,-55.21386
539600187.5,-55.21032
539600250.0,-55.20699
539600312.5,-55.14663
539600375.0,-55.19699
539600437.5,-55.23418
539600500.0,-55.16359
539600562.5,-55.26283
539600625.0,-55.18405
539600687.5,-55.11735
539600750.0,-55.15602
539600812.5,-55.20731
539600875.0,-55.21557
539600937.5,-55.19067
539601000.0,-55.18713
539601062.5,-55.21147
539601125.0,-55.18463
539601187.5,-55.21258
539601250.0,-55.2375
539601312.5,-55.19624
539601375.0,-55.20296
539601437.5,-55.27449
539601500.0,-55.26334
539601562.5,-55.20181
539601625.0,-55.25612
539601687.5,-55.19087
539601750.0,-55.24488
539601812.5,-55.23341
539601875.0,-55.25502
539601937.5,-55.20513
539602000.0,-55.24671
539602062.5,-55.20465
539602125.0,-55.16587
539602187.5,-55.23491
539602250.0,-55.18991
539602312.5,-55.20287
539602375.0,-55.27168
539602437.5,-55.23204
539602500.0,-55.18129
539602562.5,-55.27966
539602625.0,-55.20109
539602687.5,-55.19421
539602750.0,-55.22908
539602812.5,-55.23045
539602875.0,-55.20719
539602937.5,-55.22567
539603000.0,-55.24796
539603062.5,-55.23966
539603125.0,-55.19802
539603187.5,-55.16909
539603250.0,-55.28854
539603312.5,-55.26672
539603375.0,-55.21941
539603437.5,-55.25094
539603500.0,-55.18984
539603562.5,-55.21064
539603625.0,-55.2637
539603687.5,-55.25407
539603750.0,-55.23226
539603812.5,-55.3093
539603875.0,-55.29731
539603937.5,-55.11977
539604000.0,-55.14662
539604062.5,-55.18335
539604125.0,-55.25943
539604187.5,-55.2426
539604250.0,-55.29354
539604312.5,-55.30908
539604375.0,-55.27544
539604437.5,-55.25621
539604500.0,-55.12246
539604562.5,-55.2289
539604625.0,-55.35886
539604687.5,-55.25357
539604750.0,-55.31146
539604812.5,-55.30263
539604875.0,-55.26958
539604937.5,-55.23792
539605000.0,-55.2245
539605062.5,-55.29246
539605125.0,-55.25247
539605187.5,-55.27412
539605250.0,-55.27491
539605312.5,-55.2754
539605375.0,-55.28736
539605437.5,-55.25534
539605500.0,-55.25708
539605562.5,-55.29136
539605625.0,-55.31433
539605687.5,-55.24919
539605750.0,-55.21666
539605812.5,-55.27823
539605875.0,-55.28296
539605937.5,-55.27414
539606000.0,-55.26764
539606062.5,-55.3726
539606125.0,-55.2962
539606187.5,-55.24669
539606250.0,-55.29133
539606312.5,-55.27577
539606375.0,-55.22915
539606437.5,-55.27251
539606500.0,-55.22646
539606562.5,-55.26085
539606625.0,-55.2602
539606687.5,-55.28482
539606750.0,-55.28761
539606812.5,-55.25261
539606875.0,-55.26231
539606937.5,-55.32435
539607000.0,-55.265
539607062.5,-55.27687
539607125.0,-55.32677
539607187.5,-55.28539
539607250.0,-55.31306
539607312.5,-55.35966
539607375.0,-55.29663
539607437.5,-55.34232
539607500.0,-55.24178
539607562.5,-55.26641
539607625.0,-55.31823
539607687.5,-55.32718
539607750.0,-55.39838
539607812.5,-55.31045
539607875.0,-55.26761
539607937.5,-55.25096
539608000.0,-55.34423
539608062.5,-55.27168
539608125.0,-55.27173
539608187.5,-55.35028
539608250.0,-55.28029
539608312.5,-55.34957
539608375.0,-55.35024
539608437.5,-55.2537
539608500.0,-55.3454
539608562.5,-55.32426
539608625.0,-55.29948
539608687.5,-55.35258
539608750.0,-55.34899
539608812.5,-55.283
539608875.0,-55.26918
539608937.5,-55.32302
539609000.0,-55.26342
539609062.5,-55.30824
539609125.0,-55.42821
539609187.5,-55.34837
539609250.0,-55.32279
539609312.5,-55.27439
539609375.0,-55.29329
539609437.5,-55.29737
539609500.0,-55.4126
539609562.5,-55.39315
539609625.0,-55.28784
539609687.5,-55.34901
539609750.0,-55.2639
539609812.5,-55.32079
539609875.0,-55.30592
539609937.5,-55.32423
539610000.0,-55.34421
539610062.5,-55.38972
539610125.0,-55.25846
539610187.5,-55.34237
539610250.0,-55.33226
539610312.5,-55.28212
539610375.0,-55.35033
539610437.5,-55.37038
539610500.0,-55.29148
539610562.5,-55.2944
539610625.0,-55.41317
539610687.5,-55.37937
539610750.0,-55.33577
539610812.5,-55.29143
539610875.0,-55.38932
539610937.5,-55.37877
539611000.0,-55.37257
539611062.5,-55.29878
539611125.0,-55.38094
539611187.5,-55.32959
539611250.0,-55.28788
539611312.5,-55.3568
539611375.0,-55.32451
539611437.5,-55.25937
539611500.0,-55.34864
539611562.5,-55.25883
539611625.0,-55.3896
539611687.5,-55.33075
539611750.0,-55.3078
539611812.5,-55.3047
539611875.0,-55.29993
539611937.5,-55.35295
539612000.0,-55.32143
539612062.5,-55.39095
539612125.0,-55.3396
539612187.5,-55.36531
539612250.0,-55.38048
539612312.5,-55.35025
539612375.0,-55.42593
539612437.5,-55.32897
539612500.0,-55.3457
539612562.5,-55.35378
539612625.0,-55.36423
539612687.5,-55.37623
539612750.0,-55.26258
539612812.5,-55.36982
539612875.0,-55.31155
539612937.5,-55.37868
539613000.0,-55.33799
539613062.5,-55.42091
539613125.0,-55.37539
539613187.5,-55.33989
539613250.0,-55.38621
539613312.5,-55.33085
539613375.0,-55.36211
539613437.5,-55.35677
539613500.0,-55.38908
539613562.5,-55.34772
539613625.0,-55.40598
539613687.5,-55.46966
539613750.0,-55.34153
539613812.5,-55.35766
539613875.0,-55.33631
539613937.5,-55.37896
539614000.0,-55.39438
539614062.5,-55.42202
539614125.0,-55.44664
539614187.5,-55.35902
539614250.0,-55.31028
539614312.5,-55.48201
539614375.0,-55.37407
539614437.5,-55.34695
539614500.0,-55.35892
539614562.5,-55.45974
539614625.0,-55.33451
539614687.5,-55.46733
539614750.0,-55.37419
539614812.5,-55.34505
539614875.0,-55.32643
539614937.5,-55.33532
539615000.0,-55.4249
539615062.5,-55.43501
539615125.0,-55.33606
539615187.5,-55.40816
539615250.0,-55.41593
539615312.5,-55.38698
539615375.0,-55.40017
539615437.5,-55.38825
539615500.0,-55.41284
539615562.5,-55.38948
539615625.0,-55.41827
539615687.5,-55.42502
539615750.0,-55.34996
539615812.5,-55.37933
539615875.0,-55.39195
539615937.5,-55.46331
539616000.0,-55.43195
539616062.5,-55.40186
539616125.0,-55.37679
539616187.5,-55.38055
539616250.0,-55.41456
539616312.5,-55.35421
539616375.0,-55.4199
539616437.5,-55.46588
539616500.0,-55.38464
539616562.5,-55.35397
539616625.0,-55.38243
539616687.5,-55.41932
539616750.0,-55.3998
539616812.5,-55.36512
539616875.0,-55.40742
539616937.5,-55.41372
539617000.0,-55.36309
539617062.5,-55.44286
539617125.0,-55.41041
539617187.5,-55.39284
539617250.0,-55.34959
539617312.5,-55.35423
539617375.0,-55.35592
539617437.5,-55.40911
539617500.0,-55.45895
539617562.5,-55.43671
539617625.0,-55.43311
539617687.5,-55.35637
539617750.0,-55.44009
539617812.5,-55.45609
539617875.0,-55.31958
539617937.5,-55.40052
539618000.0,-55.46965
539618062.5,-55.38285
539618125.0,-55.48989
539618187.5,-55.46388
539618250.0,-55.43703
539618312.5,-55.44725
539618375.0,-55.40049
539618437.5,-55.46674
539618500.0,-55.48433
539618562.5,-55.42945
539618625.0,-55.46237
539618687.5,-55.43217
539618750.0,-55.45844
539618812.5,-55.48417
539618875.0,-55.46435
539618937.5,-55.49242
539619000.0,-55.4514
539619062.5,-55.41778
539619125.0,-55.43007
539619187.5,-55.4579
539619250.0,-55.46813
539619312.5,-55.52869
539619375.0,-55.39732
539619437.5,-55.55207
539619500.0,-55.52123
539619562.5,-55.43535
539619625.0,-55.54022
539619687.5,-55.50814
539619750.0,-55.45455
539619812.5,-55.5012
539619875.0,-55.45702
539619937.5,-55.49078
539620000.0,-55.44569
539620062.5,-55.4809
539620125.0,-55.44974
539620187.5,-55.46672
539620250.0,-55.49571
539620312.5,-55.43762
539620375.0,-55.45631
539620437.5,-55.53932
539620500.0,-55.45756
539620562.5,-55.47765
539620625.0,-55.47033
539620687.5,-55.3634
539620750.0,-55.50519
539620812.5,-55.48142
539620875.0,-55.47578
539620937.5,-55.41579
539621000.0,-55.46419
539621062.5,-55.44075
539621125.0,-55.43205
539621187.5,-55.42189
539621250.0,-55.46553
539621312.5,-55.56167
539621375.0,-55.51396
539621437.5,-55.46263
539621500.0,-55.48952
539621562.5,-55.47185
539621625.0,-55.54462
539621687.5,-55.52459
539621750.0,-55.45354
539621812.5,-55.445
539621875.0,-55.49551
539621937.5,-55.57064
539622000.0,-55.37772
539622062.5,-55.51343
539622125.0,-55.53931
539622187.5,-55.48149
539622250.0,-55.45471
539622312.5,-55.45769
539622375.0,-55.51648
539622437.5,-55.48079
539622500.0,-55.51012
539622562.5,-55.44292
539622625.0,-55.52752
539622687.5,-55.53216
539622750.0,-55.51058
539622812.5,-55.51715
539622875.0,-55.43237
539622937.5,-55.47999
539623000.0,-55.4794
539623062.5,-55.45856
539623125.0,-55.44531
539623187.5,-55.56602
539623250.0,-55.46457
539623312.5,-55.47421
539623375.0,-55.50214
539623437.5,-55.54482
539623500.0,-55.55391
539623562.5,-55.52386
539623625.0,-55.44496
539623687.5,-55.48535
539623750.0,-55.50054
539623812.5,-55.48247
539623875.0,-55.58079
539623937.5,-55.51983
539624000.0,-55.4913
539624062.5,-55.49133
539624125.0,-55.51816
539624187.5,-55.57371
539624250.0,-55.52366
539624312.5,-55.49744
539624375.0,-55.55183
539624437.5,-55.49032
539624500.0,-55.46112
539624562.5,-55.51939
539624625.0,-55.56826
539624687.5,-55.5253
539624750.0,-55.48646
539624812.5,-55.54242
539624875.0,-55.55235
539624937.5,-55.63
539625000.0,-55.52999
539625062.5,-55.54155
539625125.0,-55.54003
539625187.5,-55.63349
539625250.0,-55.50601
539625312.5,-55.48975
539625375.0,-55.5713
539625437.5,-55.5451
539625500.0,-55.46323
539625562.5,-55.57679
539625625.0,-55.53081
539625687.5,-55.53236
539625750.0,-55.58949
539625812.5,-55.53957
539625875.0,-55.52645
539625937.5,-55.51758
539626000.0,-55.52591
539626062.5,-55.60175
539626125.0,-55.47362
539626187.5,-55.53571
539626250.0,-55.6235
539626312.5,-55.58484
539626375.0,-55.52946
539626437.5,-55.49327
539626500.0,-55.56878
539626562.5,-55.61931
539626625.0,-55.50447
539626687.5,-55.58008
539626750.0,-55.63859
539626812.5,-55.50676
539626875.0,-55.60651
539626937.5,-55.52573
539627000.0,-55.59334
539627062.5,-55.5075
539627125.0,-55.54787
539627187.5,-55.56464
539627250.0,-55.49474
539627312.5,-55.59504
539627375.0,-55.47616
539627437.5,-55.54024
539627500.0,-55.50152
539627562.5,-55.58802
539627625.0,-55.57543
539627687.5,-55.61401
539627750.0,-55.62854
539627812.5,-55.49926
539627875.0,-55.56639
539627937.5,-55.61386
539628000.0,-55.57528
539628062.5,-55.64592
539628125.0,-55.50618
539628187.5,-55.54565
539628250.0,-55.61955
539628312.5,-55.59258
539628375.0,-55.50706
539628437.5,-55.5753
539628500.0,-55.57647
539628562.5,-55.56617
539628625.0,-55.56109
539628687.5,-55.57995
539628750.0,-55.58154
539628812.5,-55.5948
539628875.0,-55.52765
539628937.5,-55.53838
539629000.0,-55.59518
539629062.5,-55.57045
539629125.0,-55.61533
539629187.5,-55.62434
539629250.0,-55.61136
539629312.5,-55.55458
539629375.0,-55.56911
539629437.5,-55.62222
539629500.0,-55.57507
539629562.5,-55.58846
539629625.0,-55.67191
539629687.5,-55.55168
539629750.0,-55.59774
539629812.5,-55.62471
539629875.0,-55.57005
539629937.5,-55.53061
539630000.0,-55.58096
539630062.5,-55.53667
539630125.0,-55.51566
539630187.5,-55.56741
539630250.0,-55.58475
539630312.5,-55.5369
539630375.0,-55.59266
539630437.5,-55.65396
539630500.0,-55.56226
539630562.5,-55.57227
539630625.0,-55.6083
539630687.5,-55.62525
539630750.0,-55.60402
539630812.5,-55.60136
539630875.0,-55.61013
539630937.5,-55.5446
539631000.0,-55.50235
539631062.5,-55.60524
539631125.0,-55.59357
539631187.5,-55.63161
539631250.0,-55.60274
539631312.5,-55.62715
539631375.0,-55.65612
539631437.5,-55.62005
539631500.0,-55.62424
539631562.5,-55.62558
539631625.0,-55.55182
539631687.5,-55.64255
539631750.0,-55.64307
539631812.5,-55.66751
539631875.0,-55.58671
539631937.5,-55.63259
539632000.0,-55.60065
539632062.5,-55.64399
539632125.0,-55.66001
539632187.5,-55.58334
539632250.0,-55.66383
539632312.5,-55.62932
539632375.0,-55.57774
539632437.5,-55.6311
539632500.0,-55.63781
539632562.5,-55.62098
539632625.0,-55.65046
539632687.5,-55.68504
539632750.0,-55.57827
539632812.5,-55.72364
539632875.0,-55.6011
539632937.5,-55.6531
539633000.0,-55.69838
539633062.5,-55.62306
539633125.0,-55.64295
539633187.5,-55.61401
539633250.0,-55.63864
539633312.5,-55.5687
539633375.0,-55.61238
539633437.5,-55.64424
539633500.0,-55.64775
539633562.5,-55.7208
539633625.0,-55.68599
539633687.5,-55.60757
539633750.0,-55.70028
539633812.5,-55.61486
539633875.0,-55.65139
539633937.5,-55.70278
539634000.0,-55.69169
539634062.5,-55.65921
539634125.0,-55.65698
539634187.5,-55.71294
539634250.0,-55.62222
539634312.5,-55.60839
539634375.0,-55.66857
539634437.5,-55.68192
539634500.0,-55.62869
539634562.5,-55.74638
539634625.0,-55.59612
539634687.5,-55.63567
539634750.0,-55.6297
539634812.5,-55.6609
539634875.0,-55.64812
539634937.5,-55.67669
539635000.0,-55.64009
539635062.5,-55.7109
539635125.0,-55.75737
539635187.5,-55.65538
539635250.0,-55.61817
539635312.5,-55.65263
539635375.0,-55.70639
539635437.5,-55.63644
539635500.0,-55.6286
539635562.5,-55.68636
539635625.0,-55.71324
539635687.5,-55.64974
539635750.0,-55.59388
539635812.5,-55.68229
539635875.0,-55.65762
539635937.5,-55.67249
539636000.0,-55.69108
539636062.5,-55.63962
539636125.0,-55.61485
539636187.5,-55.71135
539636250.0,-55.69865
539636312.5,-55.66189
539636375.0,-55.64507
539636437.5,-55.66785
539636500.0,-55.69274
539636562.5,-55.67385
539636625.0,-55.73195
539636687.5,-55.65641
539636750.0,-55.77209
539636812.5,-55.67807
539636875.0,-55.69493
539636937.5,-55.71179
539637000.0,-55.73827
539637062.5,-55.72081
539637125.0,-55.71819
539637187.5,-55.69723
539637250.0,-55.64074
539637312.5,-55.7011
539637375.0,-55.61065
539637437.5,-55.66618
539637500.0,-55.75395
539637562.5,-55.66294
539637625.0,-55.69453
539637687.5,-55.73061
539637750.0,-55.68852
539637812.5,-55.72815
539637875.0,-55.72109
539637937.5,-55.72746
539638000.0,-55.70797
539638062.5,-55.63791
539638125.0,-55.72464
539638187.5,-55.66731
539638250.0,-55.68195
539638312.5,-55.68798
539638375.0,-55.62536
539638437.5,-55.70158
539638500.0,-55.68032
539638562.5,-55.67391
539638625.0,-55.66898
539638687.5,-55.72077
539638750.0,-55.73941
539638812.5,-55.74656
539638875.0,-55.66724
539638937.5,-55.75234
539639000.0,-55.71199
539639062.5,-55.71266
539639125.0,-55.64323
539639187.5,-55.77822
539639250.0,-55.68377
539639312.5,-55.6377
539639375.0,-55.7846
539639437.5,-55.69466
539639500.0,-55.74214
539639562.5,-55.7501
539639625.0,-55.78521
539639687.5,-55.7094
539639750.0,-55.74834
539639812.5,-55.71259
539639875.0,-55.79895
539639937.5,-55.74849
539640000.0,-55.71218
539640062.5,-55.69359
539640125.0,-55.72656
539640187.5,-55.70075
539640250.0,-55.76213
539640312.5,-55.68761
539640375.0,-55.69859
539640437.5,-55.67922
539640500.0,-55.71721
539640562.5,-55.76656
539640625.0,-55.71616
539640687.5,-55.74463
539640750.0,-55.68558
539640812.5,-55.68398
539640875.0,-55.74953
539640937.5,-55.80275
539641000.0,-55.6831
539641062.5,-55.69054
539641125.0,-55.75604
539641187.5,-55.71064
539641250.0,-55.77574
539641312.5,-55.71775
539641375.0,-55.75888
539641437.5,-55.70329
539641500.0,-55.77537
539641562.5,-55.77338
539641625.0,-55.76884
539641687.5,-55.75574
539641750.0,-55.74563
539641812.5,-55.77983
539641875.0,-55.71731
539641937.5,-55.81392
539642000.0,-55.77192
539642062.5,-55.77538
539642125.0,-55.74422
539642187.5,-55.79091
539642250.0,-55.75707
539642312.5,-55.75295
539642375.0,-55.7023
539642437.5,-55.8002
539642500.0,-55.79443
539642562.5,-55.74838
539642625.0,-55.76953
539642687.5,-55.76187
539642750.0,-55.78201
539642812.5,-55.767
539642875.0,-55.74271
539642937.5,-55.73614
539643000.0,-55.7734
539643062.5,-55.72541
539643125.0,-55.74461
539643187.5,-55.7755
539643250.0,-55.78676
539643312.5,-55.78742
539643375.0,-55.72186
539643437.5,-55.76786
539643500.0,-55.76797
539643562.5,-55.77491
539643625.0,-55.75204
539643687.5,-55.81416
539643750.0,-55.7808
539643812.5,-55.8345
539643875.0,-55.76139
539643937.5,-55.86734
539644000.0,-55.786
539644062.5,-55.81575
539644125.0,-55.73352
539644187.5,-55.7333
539644250.0,-55.80685
539644312.5,-55.66089
539644375.0,-55.76455
539644437.5,-55.80117
539644500.0,-55.79704
539644562.5,-55.75122
539644625.0,-55.77345
539644687.5,-55.79763
539644750.0,-55.68977
539644812.5,-55.82145
539644875.0,-55.81042
539644937.5,-55.77426
539645000.0,-55.77729
539645062.5,-55.84092
539645125.0,-55.80062
539645187.5,-55.75299
539645250.0,-55.84757
539645312.5,-55.84654
539645375.0,-55.76986
539645437.5,-55.87357
539645500.0,-55.76726
539645562.5,-55.80741
539645625.0,-55.81654
539645687.5,-55.79256
539645750.0,-55.71746
539645812.5,-55.82982
539645875.0,-55.71335
539645937.5,-55.76981
539646000.0,-55.84018
539646062.5,-55.82373
539646125.0,-55.87335
539646187.5,-55.78269
539646250.0,-55.80561
539646312.5,-55.82911
539646375.0,-55.81977
539646437.5,-55.7526
539646500.0,-55.8243
539646562.5,-55.86222
539646625.0,-55.80975
539646687.5,-55.85209
539646750.0,-55.80518
539646812.5,-55.78855
539646875.0,-55.82162
539646937.5,-55.75627
539647000.0,-55.84212
539647062.5,-55.82172
539647125.0,-55.80349
539647187.5,-55.81974
539647250.0,-55.89941
539647312.5,-55.8504
539647375.0,-55.80056
539647437.5,-55.79712
539647500.0,-55.81536
539647562.5,-55.79517
539647625.0,-55.838
539647687.5,-55.77864
539647750.0,-55.76882
539647812.5,-55.76609
539647875.0,-55.91405
539647937.5,-55.90601
539648000.0,-55.87146
539648062.5,-55.85577
539648125.0,-55.81729
539648187.5,-55.77335
539648250.0,-55.86419
539648312.5,-55.83444
539648375.0,-55.92641
539648437.5,-55.92278
539648500.0,-55.84801
539648562.5,-55.81447
539648625.0,-55.92159
539648687.5,-55.84769
539648750.0,-55.81441
539648812.5,-55.84343
539648875.0,-55.89563
539648937.5,-55.82727
539649000.0,-55.86224
539649062.5,-55.81852
539649125.0,-55.87143
539649187.5,-55.84251
539649250.0,-55.82372
539649312.5,-55.7849
539649375.0,-55.8028
539649437.5,-55.7781
539649500.0,-55.85144
539649562.5,-55.86137
539649625.0,-55.86114
539649687.5,-55.85716
539649750.0,-55.84581
539649812.5,-55.81489
539649875.0,-55.85661
539649937.5,-55.81586
539650000.0,-55.88226
539650062.5,-55.90654
539650125.0,-55.82607
539650187.5,-55.86045
539650250.0,-55.84037
539650312.5,-55.73632
539650375.0,-55.90343
539650437.5,-55.88906
539650500.0,-55.91761
539650562.5,-55.87015
539650625.0,-55.93359
539650687.5,-55.88541
539650750.0,-55.80965
539650812.5,-55.87271
539650875.0,-55.88089
539650937.5,-55.84976
539651000.0,-55.79723
539651062.5,-55.88577
539651125.0,-55.88189
539651187.5,-55.86808
539651250.0,-55.845
539651312.5,-55.79037
539651375.0,-55.83368
539651437.5,-55.85767
539651500.0,-55.87265
539651562.5,-55.75619
539651625.0,-55.92975
539651687.5,-55.79314
539651750.0,-55.8605
539651812.5,-55.8979
539651875.0,-55.86451
539651937.5,-55.82429
539652000.0,-55.87003
539652062.5,-55.89197
539652125.0,-55.96331
539652187.5,-55.86342
539652250.0,-55.94495
539652312.5,-55.85252
539652375.0,-55.8451
539652437.5,-55.84622
539652500.0,-55.93483
539652562.5,-55.83673
539652625.0,-55.94429
539652687.5,-55.88703
539652750.0,-55.91721
539652812.5,-55.89993
539652875.0,-55.92485
539652937.5,-55.86706
539653000.0,-55.84351
539653062.5,-55.88803
539653125.0,-55.86304
539653187.5,-55.92017
539653250.0,-55.94236
539653312.5,-55.88453
539653375.0,-55.93892
539653437.5,-55.95152
539653500.0,-55.9173
539653562.5,-55.89981
539653625.0,-55.96655
539653687.5,-55.9975
539653750.0,-55.89072
539653812.5,-55.89714
539653875.0,-55.87804
539653937.5,-55.83244
539654000.0,-55.85522
539654062.5,-55.91854
539654125.0,-55.89193
539654187.5,-55.89213
539654250.0,-55.88561
539654312.5,-55.96913
539654375.0,-55.89514
539654437.5,-55.89287
539654500.0,-55.91777
539654562.5,-55.89539
539654625.0,-56.03185
539654687.5,-55.94902
539654750.0,-55.94165
539654812.5,-55.9864
539654875.0,-55.91859
539654937.5,-55.90462
539655000.0,-55.91431
539655062.5,-55.97802
539655125.0,-55.98103
539655187.5,-55.94202
539655250.0,-55.83975
539655312.5,-55.89396
539655375.0,-55.85468
539655437.5,-55.94004
539655500.0,-55.92519
539655562.5,-55.95312
539655625.0,-55.96359
539655687.5,-55.93786
539655750.0,-55.9341
539655812.5,-55.91457
539655875.0,-55.99038
539655937.5,-56.00494
539656000.0,-55.83495
539656062.5,-55.89851
539656125.0,-55.97929
539656187.5,-56.04524
539656250.0,-55.86687
539656312.5,-55.94445
539656375.0,-55.98474
539656437.5,-55.96493
539656500.0,-55.8265
539656562.5,-55.91611
539656625.0,-55.93002
539656687.5,-55.96332
539656750.0,-55.91341
539656812.5,-56.0063
539656875.0,-55.82851
539656937.5,-55.9338
539657000.0,-56.07011
539657062.5,-55.90168
539657125.0,-55.9412
539657187.5,-55.97399
539657250.0,-55.93719
539657312.5,-56.00092
539657375.0,-55.96367
539657437.5,-55.8926
539657500.0,-55.96486
539657562.5,-55.94848
539657625.0,-55.85447
539657687.5,-56.01491
539657750.0,-56.00814
539657812.5,-55.8825
539657875.0,-55.98478
539657937.5,-56.07088
539658000.0,-55.94503
539658062.5,-55.90269
539658125.0,-55.96901
539658187.5,-55.94335
539658250.0,-55.89603
539658312.5,-56.02931
539658375.0,-55.98291
539658437.5,-56.00276
539658500.0,-55.99992
539658562.5,-56.00481
539658625.0,-55.90836
539658687.5,-55.98845
539658750.0,-56.00102
539658812.5,-55.98121
539658875.0,-56.01299
539658937.5,-56.01181
539659000.0,-55.98166
539659062.5,-55.95017
539659125.0,-55.99204
539659187.5,-56.04662
539659250.0,-55.92232
539659312.5,-56.00541
539659375.0,-55.91694
539659437.5,-55.93458
539659500.0,-55.92929
539659562.5,-56.00348
539659625.0,-55.96475
539659687.5,-55.96914
539659750.0,-56.01337
539659812.5,-55.9654
539659875.0,-55.94696
539659937.5,-55.93339
539660000.0,-55.94381
539660062.5,-56.00303
539660125.0,-55.94903
539660187.5,-56.0296
539660250.0,-56.02493
539660312.5,-56.00663
539660375.0,-55.92174
539660437.5,-55.94817
539660500.0,-55.94088
539660562.5,-55.97932
539660625.0,-56.00794
539660687.5,-56.05521
539660750.0,-55.98394
539660812.5,-56.0345
539660875.0,-56.00145
539660937.5,-55.97575
539661000.0,-55.99593
539661062.5,-55.95566
539661125.0,-55.99907
539661187.5,-56.00006
539661250.0,-56.01725
539661312.5,-55.94107
539661375.0,-55.99463
539661437.5,-56.03534
539661500.0,-56.00974
539661562.5,-55.96152
539661625.0,-56.02317
539661687.5,-56.01491
539661750.0,-55.93865
539661812.5,-56.03156
539661875.0,-55.93264
539661937.5,-55.97388
539662000.0,-55.99554
539662062.5,-56.06868
539662125.0,-55.95194
539662187.5,-56.00634
539662250.0,-55.9529
539662312.5,-56.06338
539662375.0,-55.99314
539662437.5,-55.99166
539662500.0,-56.03673
539662562.5,-56.0218
539662625.0,-55.94609
539662687.5,-56.04353
539662750.0,-56.0341
539662812.5,-56.11543
539662875.0,-55.92178
539662937.5,-56.07546
539663000.0,-56.01675
539663062.5,-55.98992
539663125.0,-55.9919
539663187.5,-56.06569
539663250.0,-56.07528
539663312.5,-56.03076
539663375.0,-55.99817
539663437.5,-55.9707
539663500.0,-56.0317
539663562.5,-55.9741
539663625.0,-56.02614
539663687.5,-56.04268
539663750.0,-55.95914
539663812.5,-56.05527
539663875.0,-56.02175
539663937.5,-55.98054
539664000.0,-56.07101
539664062.5,-55.95104
539664125.0,-55.99283
539664187.5,-56.06696
539664250.0,-56.05347
539664312.5,-56.0775
539664375.0,-56.03719
539664437.5,-56.0283
539664500.0,-56.09881
539664562.5,-56.00377
539664625.0,-56.07069
539664687.5,-55.98603
539664750.0,-56.06979
539664812.5,-56.09565
539664875.0,-56.02218
539664937.5,-56.03974
539665000.0,-56.05793
539665062.5,-55.98041
539665125.0,-56.07298
539665187.5,-56.04775
539665250.0,-55.99579
539665312.5,-55.98593
539665375.0,-56.0078
539665437.5,-55.99621
539665500.0,-56.08302
539665562.5,-56.05154
539665625.0,-56.04713
539665687.5,-56.11828
539665750.0,-55.94643
539665812.5,-56.08461
539665875.0,-56.13013
539665937.5,-56.15726
539666000.0,-56.09904
539666062.5,-56.08664
539666125.0,-56.12687
539666187.5,-56.10366
539666250.0,-56.09221
539666312.5,-56.12579
539666375.0,-56.03562
539666437.5,-56.12575
539666500.0,-56.08409
539666562.5,-56.09214
539666625.0,-56.02161
539666687.5,-56.05424
539666750.0,-56.10316
539666812.5,-56.09766
539666875.0,-55.98013
539666937.5,-56.02446
539667000.0,-56.0722
539667062.5,-56.06742
539667125.0,-56.11002
539667187.5,-56.05738
539667250.0,-56.11792
539667312.5,-56.10235
539667375.0,-56.06101
539667437.5,-56.14758
539667500.0,-56.12999
539667562.5,-56.16355
539667625.0,-56.04116
539667687.5,-56.06345
539667750.0,-56.06635
539667812.5,-56.06891
539667875.0,-56.12923
539667937.5,-56.09145
539668000.0,-56.03947
539668062.5,-56.07409
539668125.0,-56.01987
539668187.5,-56.02701
539668250.0,-56.0558
539668312.5,-56.04044
539668375.0,-56.13233
539668437.5,-56.09996
539668500.0,-56.06432
539668562.5,-56.07384
539668625.0,-56.08829
539668687.5,-56.08899
539668750.0,-56.09083
539668812.5,-56.04496
539668875.0,-56.12605
539668937.5,-56.15042
539669000.0,-56.11436
539669062.5,-56.04076
539669125.0,-56.07513
539669187.5,-56.11747
539669250.0,-56.12731
539669312.5,-56.11515
539669375.0,-56.06395
539669437.5,-56.16856
539669500.0,-56.01296
539669562.5,-56.0868
539669625.0,-56.04121
539669687.5,-56.11283
539669750.0,-56.01754
539669812.5,-56.11483
539669875.0,-56.08897
539669937.5,-56.12946
539670000.0,-56.13702
539670062.5,-56.04918
539670125.0,-56.13588
539670187.5,-56.08855
539670250.0,-56.08703
539670312.5,-56.17105
539670375.0,-56.06799
539670437.5,-56.11384
539670500.0,-56.05879
539670562.5,-56.03329
539670625.0,-56.10936
539670687.5,-56.13943
539670750.0,-56.08104
539670812.5,-56.08168
539670875.0,-56.07742
539670937.5,-56.16108
539671000.0,-56.15114
539671062.5,-56.12216
539671125.0,-56.0889
539671187.5,-56.14155
539671250.0,-56.06377
539671312.5,-56.12884
539671375.0,-56.1345
539671437.5,-56.14128
539671500.0,-56.18645
539671562.5,-56.13803
539671625.0,-56.19308
539671687.5,-56.1078
539671750.0,-56.15978
539671812.5,-56.09193
539671875.0,-56.06286
539671937.5,-56.07263
539672000.0,-56.07631
539672062.5,-56.12913
539672125.0,-56.10783
539672187.5,-56.0868
539672250.0,-56.16881
539672312.5,-56.08393
539672375.0,-56.15061
539672437.5,-56.17192
539672500.0,-56.1004
539672562.5,-56.10784
539672625.0,-56.19275
539672687.5,-56.12437
539672750.0,-56.14112
539672812.5,-56.08473
539672875.0,-56.08601
539672937.5,-56.10708
539673000.0,-56.09933
539673062.5,-56.15453
539673125.0,-56.13054
539673187.5,-56.13274
539673250.0,-56.13893
539673312.5,-56.19623
539673375.0,-56.07349
539673437.5,-56.16368
539673500.0,-56.15928
539673562.5,-56.10318
539673625.0,-56.04992
539673687.5,-56.17424
539673750.0,-56.12626
539673812.5,-56.12744
539673875.0,-56.11557
539673937.5,-56.07156
539674000.0,-56.19711
539674062.5,-56.1212
539674125.0,-56.14842
539674187.5,-56.17682
539674250.0,-56.1334
539674312.5,-56.15546
539674375.0,-56.16892
539674437.5,-56.24453
539674500.0,-56.1031
539674562.5,-56.12817
539674625.0,-56.13333
539674687.5,-56.19424
539674750.0,-56.1088
539674812.5,-56.16127
539674875.0,-56.19594
539674937.5,-56.17158
539675000.0,-56.08303
539675062.5,-56.11417
539675125.0,-56.20728
539675187.5,-56.1772
539675250.0,-56.22039
539675312.5,-56.08656
539675375.0,-56.19688
539675437.5,-56.23689
539675500.0,-56.16481
539675562.5,-56.21312
539675625.0,-56.19034
539675687.5,-56.17628
539675750.0,-56.20617
539675812.5,-56.12614
539675875.0,-56.18951
539675937.5,-56.149
539676000.0,-56.20602
539676062.5,-56.20345
539676125.0,-56.16285
539676187.5,-56.1582
539676250.0,-56.14861
539676312.5,-56.16537
539676375.0,-56.20068
539676437.5,-56.20912
539676500.0,-56.19494
539676562.5,-56.19562
539676625.0,-56.17791
539676687.5,-56.14786
539676750.0,-56.24742
539676812.5,-56.1438
539676875.0,-56.16381
539676937.5,-56.09914
539677000.0,-56.2341
539677062.5,-56.23558
539677125.0,-56.2314
539677187.5,-56.2016
539677250.0,-56.1325
539677312.5,-56.1472
539677375.0,-56.16131
539677437.5,-56.20955
539677500.0,-56.19042
539677562.5,-56.15971
539677625.0,-56.26243
539677687.5,-56.07819
539677750.0,-56.25473
539677812.5,-56.23664
539677875.0,-56.19728
539677937.5,-56.27926
539678000.0,-56.14241
539678062.5,-56.15509
539678125.0,-56.21806
539678187.5,-56.20576
539678250.0,-56.16493
539678312.5,-56.2305
539678375.0,-56.24994
539678437.5,-56.16367
539678500.0,-56.20004
539678562.5,-56.19591
539678625.0,-56.23739
539678687.5,-56.1574
539678750.0,-56.25922
539678812.5,-56.20217
539678875.0,-56.25983
539678937.5,-56.23851
539679000.0,-56.19542
539679062.5,-56.26867
539679125.0,-56.23681
539679187.5,-56.21614
539679250.0,-56.21795
539679312.5,-56.18934
539679375.0,-56.20874
539679437.5,-56.21161
539679500.0,-56.20271
539679562.5,-56.20986
539679625.0,-56.26415
539679687.5,-56.22375
539679750.0,-56.19386
539679812.5,-56.17689
539679875.0,-56.15118
539679937.5,-56.2552
539680000.0,-56.29424
539680062.5,-56.19678
539680125.0,-56.17544
539680187.5,-56.19729
539680250.0,-56.2896
539680312.5,-56.2383
539680375.0,-56.12623
539680437.5,-56.27927
539680500.0,-56.30208
539680562.5,-56.18835
539680625.0,-56.28895
539680687.5,-56.26373
539680750.0,-56.26576
539680812.5,-56.29487
539680875.0,-56.29416
539680937.5,-56.10182
539681000.0,-56.2621
539681062.5,-56.27153
539681125.0,-56.25592
539681187.5,-56.35495
539681250.0,-56.21661
539681312.5,-56.22655
539681375.0,-56.21356
539681437.5,-56.18039
539681500.0,-56.28834
539681562.5,-56.22676
539681625.0,-56.23476
539681687.5,-56.22158
539681750.0,-56.2715
539681812.5,-56.24992
539681875.0,-56.30037
539681937.5,-56.25821
539682000.0,-56.20636
539682062.5,-56.20839
539682125.0,-56.22551
539682187.5,-56.22566
539682250.0,-56.29865
539682312.5,-56.2145
539682375.0,-56.31922
539682437.5,-56.27286
539682500.0,-56.27441
539682562.5,-56.27018
539682625.0,-56.28469
539682687.5,-56.36317
539682750.0,-56.30968
539682812.5,-56.21617
539682875.0,-56.17732
539682937.5,-56.33902
539683000.0,-56.26689
539683062.5,-56.29196
539683125.0,-56.21682
539683187.5,-56.22811
539683250.0,-56.21631
539683312.5,-56.25877
539683375.0,-56.23363
539683437.5,-56.20073
539683500.0,-56.3514
539683562.5,-56.28737
539683625.0,-56.38415
539683687.5,-56.26498
539683750.0,-56.29429
539683812.5,-56.41767
539683875.0,-56.27441
539683937.5,-56.25386
539684000.0,-56.22297
539684062.5,-56.19283
539684125.0,-56.25675
539684187.5,-56.31396
539684250.0,-56.25439
539684312.5,-56.23675
539684375.0,-56.26493
539684437.5,-56.29899
539684500.0,-56.30367
539684562.5,-56.28245
539684625.0,-56.31244
539684687.5,-56.33804
539684750.0,-56.30071
539684812.5,-56.3252
539684875.0,-56.27415
539684937.5,-56.36409
539685000.0,-56.30721
539685062.5,-56.31001
539685125.0,-56.34517
539685187.5,-56.3987
539685250.0,-56.24733
539685312.5,-56.2532
539685375.0,-56.25636
539685437.5,-56.2546
539685500.0,-56.26023
539685562.5,-56.25258
539685625.0,-56.33927
539685687.5,-56.31898
539685750.0,-56.38654
539685812.5,-56.20488
539685875.0,-56.25571
539685937.5,-56.31164
539686000.0,-56.30881
539686062.5,-56.33831
539686125.0,-56.28284
539686187.5,-56.32864
539686250.0,-56.20789
539686312.5,-56.29651
539686375.0,-56.31285
539686437.5,-56.24504
539686500.0,-56.32649
539686562.5,-56.31086
539686625.0,-56.22797
539686687.5,-56.41331
539686750.0,-56.40724
539686812.5,-56.27562
539686875.0,-56.28411
539686937.5,-56.28785
539687000.0,-56.27481
539687062.5,-56.35093
539687125.0,-56.26919
539687187.5,-56.30409
539687250.0,-56.24957
539687312.5,-56.28078
539687375.0,-56.32994
539687437.5,-56.30058
539687500.0,-56.31707
539687562.5,-56.27627
539687625.0,-56.28087
539687687.5,-56.31742
539687750.0,-56.33571
539687812.5,-56.35307
539687875.0,-56.34634
539687937.5,-56.36588
539688000.0,-56.31264
539688062.5,-56.20181
539688125.0,-56.36102
539688187.5,-56.35283
539688250.0,-56.42332
539688312.5,-56.29231
539688375.0,-56.26122
539688437.5,-56.30807
539688500.0,-56.2696
539688562.5,-56.24767
539688625.0,-56.32464
539688687.5,-56.30172
539688750.0,-56.28774
539688812.5,-56.41742
539688875.0,-56.26844
539688937.5,-56.27798
539689000.0,-56.27644
539689062.5,-56.33404
539689125.0,-56.3341
539689187.5,-56.28952
539689250.0,-56.41838
539689312.5,-56.29328
539689375.0,-56.34716
539689437.5,-56.37538
539689500.0,-56.37655
539689562.5,-56.3202
539689625.0,-56.38491
539689687.5,-56.43451
539689750.0,-56.34885
539689812.5,-56.32123
539689875.0,-56.30335
539689937.5,-56.36185
539690000.0,-56.31602
539690062.5,-56.32938
539690125.0,-56.42268
539690187.5,-56.37239
539690250.0,-56.30238
539690312.5,-56.35083
539690375.0,-56.4325
539690437.5,-56.31926
539690500.0,-56.4852
539690562.5,-56.35929
539690625.0,-56.27191
539690687.5,-56.32483
539690750.0,-56.37188
539690812.5,-56.36998
539690875.0,-56.32392
539690937.5,-56.37955
539691000.0,-56.36483
539691062.5,-56.27086
539691125.0,-56.34462
539691187.5,-56.42639
539691250.0,-56.33535
539691312.5,-56.31801
539691375.0,-56.3862
539691437.5,-56.30156
539691500.0,-56.30365
539691562.5,-56.34861
539691625.0,-56.36408
539691687.5,-56.29023
539691750.0,-56.28701
539691812.5,-56.39915
539691875.0,-56.44307
539691937.5,-56.46957
539692000.0,-56.35373
539692062.5,-56.29194
539692125.0,-56.28474
539692187.5,-56.39808
539692250.0,-56.5161
539692312.5,-56.44093
539692375.0,-56.3807
539692437.5,-56.38792
539692500.0,-56.3359
539692562.5,-56.3548
539692625.0,-56.37666
539692687.5,-56.34758
539692750.0,-56.3687
539692812.5,-56.32994
539692875.0,-56.35419
539692937.5,-56.39214
539693000.0,-56.371
539693062.5,-56.39548
539693125.0,-56.32662
539693187.5,-56.35035
539693250.0,-56.41009
539693312.5,-56.44907
539693375.0,-56.48678
539693437.5,-56.43864
539693500.0,-56.37325
539693562.5,-56.39683
539693625.0,-56.36062
539693687.5,-56.38824
539693750.0,-56.40167
539693812.5,-56.398
539693875.0,-56.35679
539693937.5,-56.38822
539694000.0,-56.39595
539694062.5,-56.37801
539694125.0,-56.4245
539694187.5,-56.44371
539694250.0,-56.40033
539694312.5,-56.46567
539694375.0,-56.34715
539694437.5,-56.38336
539694500.0,-56.40727
539694562.5,-56.38795
539694625.0,-56.49042
539694687.5,-56.35491
539694750.0,-56.45894
539694812.5,-56.411
539694875.0,-56.40373
539694937.5,-56.44643
539695000.0,-56.4371
539695062.5,-56.46807
539695125.0,-56.44214
539695187.5,-56.44068
539695250.0,-56.43166
539695312.5,-56.42035
539695375.0,-56.39779
539695437.5,-56.31632
539695500.0,-56.4535
539695562.5,-56.51134
539695625.0,-56.40371
539695687.5,-56.44486
539695750.0,-56.43465
539695812.5,-56.39832
539695875.0,-56.36737
539695937.5,-56.43025
539696000.0,-56.56255
539696062.5,-56.42551
539696125.0,-56.4763
539696187.5,-56.4181
539696250.0,-56.41686
539696312.5,-56.43895
539696375.0,-56.54799
539696437.5,-56.42271
539696500.0,-56.36628
539696562.5,-56.4432
539696625.0,-56.36964
539696687.5,-56.43877
539696750.0,-56.40071
539696812.5,-56.42086
539696875.0,-56.43532
539696937.5,-56.42663
539697000.0,-56.4491
539697062.5,-56.39822
539697125.0,-56.50526
539697187.5,-56.50938
539697250.0,-56.4346
539697312.5,-56.43378
539697375.0,-56.49079
539697437.5,-56.43319
539697500.0,-56.5435
539697562.5,-56.48161
539697625.0,-56.37641
539697687.5,-56.43554
539697750.0,-56.39096
539697812.5,-56.3791
539697875.0,-56.50274
539697937.5,-56.47651
539698000.0,-56.51493
539698062.5,-56.44677
539698125.0,-56.44152
539698187.5,-56.35397
539698250.0,-56.46403
539698312.5,-56.3775
539698375.0,-56.49318
539698437.5,-56.50837
539698500.0,-56.4475
539698562.5,-56.43872
539698625.0,-56.40623
539698687.5,-56.47815
539698750.0,-56.47181
539698812.5,-56.44856
539698875.0,-56.56271
539698937.5,-56.38282
539699000.0,-56.43876
539699062.5,-56.37323
539699125.0,-56.49081
539699187.5,-56.44617
539699250.0,-56.3844
539699312.5,-56.40181
539699375.0,-56.39909
539699437.5,-56.42028
539699500.0,-56.47164
539699562.5,-56.42834
539699625.0,-56.4717
539699687.5,-56.52334
539699750.0,-56.47911
539699812.5,-56.47467
539699875.0,-56.48238
539699937.5,-56.42458
539700000.0,-56.46192
539700062.5,-56.45116
539700125.0,-56.53448
539700187.5,-56.43719
539700250.0,-56.50719
539700312.5,-56.56426
539700375.0,-56.44906
539700437.5,-56.49396
539700500.0,-56.45941
539700562.5,-56.45546
539700625.0,-56.52509
539700687.5,-56.45739
539700750.0,-56.50257
539700812.5,-56.48159
539700875.0,-56.48672
539700937.5,-56.43903
539701000.0,-56.37056
539701062.5,-56.47264
539701125.0,-56.46469
539701187.5,-56.54628
539701250.0,-56.50852
539701312.5,-56.44886
539701375.0,-56.51342
539701437.5,-56.48949
539701500.0,-56.47849
539701562.5,-56.4353
539701625.0,-56.54551
539701687.5,-56.47982
539701750.0,-56.53898
539701812.5,-56.47987
539701875.0,-56.54778
539701937.5,-56.46569
539702000.0,-56.5124
539702062.5,-56.42388
539702125.0,-56.49496
539702187.5,-56.49077
539702250.0,-56.4967
539702312.5,-56.51005
539702375.0,-56.45541
539702437.5,-56.52727
539702500.0,-56.5468
539702562.5,-56.54283
539702625.0,-56.44738
539702687.5,-56.48607
539702750.0,-56.5457
539702812.5,-56.50326
539702875.0,-56.45305
539702937.5,-56.52247
539703000.0,-56.4645
539703062.5,-56.50064
539703125.0,-56.50911
539703187.5,-56.52857
539703250.0,-56.47552
539703312.5,-56.53858
539703375.0,-56.49393
539703437.5,-56.47213
539703500.0,-56.49172
539703562.5,-56.51587
539703625.0,-56.47621
539703687.5,-56.46728
539703750.0,-56.5218
539703812.5,-56.5514
539703875.0,-56.52648
539703937.5,-56.44866
539704000.0,-56.4684
539704062.5,-56.46401
539704125.0,-56.56634
539704187.5,-56.46131
539704250.0,-56.48231
539704312.5,-56.49082
539704375.0,-56.57796
539704437.5,-56.47181
539704500.0,-56.60405
539704562.5,-56.46327
539704625.0,-56.4876
539704687.5,-56.50015
539704750.0,-56.50379
539704812.5,-56.5022
539704875.0,-56.55022
539704937.5,-56.56731
539705000.0,-56.54615
539705062.5,-56.59946
539705125.0,-56.51743
539705187.5,-56.60399
539705250.0,-56.56798
539705312.5,-56.51016
539705375.0,-56.60937
539705437.5,-56.49538
539705500.0,-56.56773
539705562.5,-56.53894
539705625.0,-56.61268
539705687.5,-56.59966
539705750.0,-56.50952
539705812.5,-56.54208
539705875.0,-56.59459
539705937.5,-56.52623
539706000.0,-56.53225
539706062.5,-56.53438
539706125.0,-56.52332
539706187.5,-56.55247
539706250.0,-56.59465
539706312.5,-56.53592
539706375.0,-56.54665
539706437.5,-56.52843
539706500.0,-56.61601
539706562.5,-56.43119
539706625.0,-56.5811
539706687.5,-56.54713
539706750.0,-56.61396
539706812.5,-56.51201
539706875.0,-56.51604
539706937.5,-56.56023
539707000.0,-56.50951
539707062.5,-56.52451
539707125.0,-56.52808
539707187.5,-56.57489
539707250.0,-56.54084
539707312.5,-56.63998
539707375.0,-56.54333
539707437.5,-56.55752
539707500.0,-56.59503
539707562.5,-56.61017
539707625.0,-56.57149
539707687.5,-56.53722
539707750.0,-56.50832
539707812.5,-56.54637
539707875.0,-56.52707
539707937.5,-56.57598
539708000.0,-56.62057
539708062.5,-56.61563
539708125.0,-56.56138
539708187.5,-56.61884
539708250.0,-56.56373
539708312.5,-56.66686
539708375.0,-56.64426
539708437.5,-56.59542
539708500.0,-56.55735
539708562.5,-56.56662
539708625.0,-56.56641
539708687.5,-56.58411
539708750.0,-56.51762
539708812.5,-56.73316
539708875.0,-56.55114
539708937.5,-56.5794
539709000.0,-56.64228
539709062.5,-56.55721
539709125.0,-56.67785
539709187.5,-56.64904
539709250.0,-56.53398
539709312.5,-56.56472
539709375.0,-56.57259
539709437.5,-56.62925
539709500.0,-56.5251
539709562.5,-56.59428
539709625.0,-56.54399
539709687.5,-56.61983
539709750.0,-56.61375
539709812.5,-56.63578
539709875.0,-56.55101
539709937.5,-56.66789
539710000.0,-56.56416
539710062.5,-56.59352
539710125.0,-56.57043
539710187.5,-56.59902
539710250.0,-56.5753
539710312.5,-56.61295
539710375.0,-56.57184
539710437.5,-56.58839
539710500.0,-56.5738
539710562.5,-56.54198
539710625.0,-56.58867
539710687.5,-56.54684
539710750.0,-56.6211
539710812.5,-56.60526
539710875.0,-56.58533
539710937.5,-56.54779
539711000.0,-56.64647
539711062.5,-56.62252
539711125.0,-56.55109
539711187.5,-56.57454
539711250.0,-56.67325
539711312.5,-56.56216
539711375.0,-56.50914
539711437.5,-56.58482
539711500.0,-56.66374
539711562.5,-56.62862
539711625.0,-56.65909
539711687.5,-56.63464
539711750.0,-56.55708
539711812.5,-56.61442
539711875.0,-56.48021
539711937.5,-56.56105
539712000.0,-56.60653
539712062.5,-56.5084
539712125.0,-56.58307
539712187.5,-56.61813
539712250.0,-56.61298
539712312.5,-56.66748
539712375.0,-56.70112
539712437.5,-56.61451
539712500.0,-56.50224
539712562.5,-56.67845
539712625.0,-56.60627
539712687.5,-56.66418
539712750.0,-56.62532
539712812.5,-56.59151
539712875.0,-56.57452
539712937.5,-56.64701
539713000.0,-56.67137
539713062.5,-56.68755
539713125.0,-56.60297
539713187.5,-56.61345
539713250.0,-56.69023
539713312.5,-56.68099
539713375.0,-56.56023
539713437.5,-56.58089
539713500.0,-56.538
539713562.5,-56.58026
539713625.0,-56.68137
539713687.5,-56.68733
539713750.0,-56.56077
539713812.5,-56.61019
539713875.0,-56.57256
539713937.5,-56.61805
539714000.0,-56.64916
539714062.5,-56.59348
539714125.0,-56.65012
539714187.5,-56.6782
539714250.0,-56.64785
539714312.5,-56.62926
539714375.0,-56.66048
539714437.5,-56.64605
539714500.0,-56.68273
539714562.5,-56.72049
539714625.0,-56.57085
539714687.5,-56.59871
539714750.0,-56.71219
539714812.5,-56.66275
539714875.0,-56.67164
539714937.5,-56.63621
539715000.0,-56.65926
539715062.5,-56.65102
539715125.0,-56.68903
539715187.5,-56.68111
539715250.0,-56.61755
539715312.5,-56.6524
539715375.0,-56.60697
539715437.5,-56.62933
539715500.0,-56.63467
539715562.5,-56.57796
539715625.0,-56.63073
539715687.5,-56.60654
539715750.0,-56.61691
539715812.5,-56.66256
539715875.0,-56.57316
539715937.5,-56.69658
539716000.0,-56.71126
539716062.5,-56.58205
539716125.0,-56.6529
539716187.5,-56.58507
539716250.0,-56.67009
539716312.5,-56.6425
539716375.0,-56.69885
539716437.5,-56.71682
539716500.0,-56.61822
539716562.5,-56.60971
539716625.0,-56.71079
539716687.5,-56.66618
539716750.0,-56.6741
539716812.5,-56.69928
539716875.0,-56.72403
539716937.5,-56.64363
539717000.0,-56.63871
539717062.5,-56.73465
539717125.0,-56.64077
539717187.5,-56.69878
539717250.0,-56.61946
539717312.5,-56.60289
539717375.0,-56.68718
539717437.5,-56.6319
539717500.0,-56.66941
539717562.5,-56.65767
539717625.0,-56.71057
539717687.5,-56.59047
539717750.0,-56.66686
539717812.5,-56.74712
539717875.0,-56.70446
539717937.5,-56.64412
539718000.0,-56.72202
539718062.5,-56.67926
539718125.0,-56.74317
539718187.5,-56.64413
539718250.0,-56.70635
539718312.5,-56.6812
539718375.0,-56.71411
539718437.5,-56.61474
539718500.0,-56.75181
539718562.5,-56.76597
539718625.0,-56.67891
539718687.5,-56.66428
539718750.0,-56.71446
539718812.5,-56.68037
539718875.0,-56.66685
539718937.5,-56.69727
539719000.0,-56.74846
539719062.5,-56.73798
539719125.0,-56.67524
539719187.5,-56.68166
539719250.0,-56.74096
539719312.5,-56.6665
539719375.0,-56.7233
539719437.5,-56.72175
539719500.0,-56.73149
539719562.5,-56.67398
539719625.0,-56.72218
539719687.5,-56.70692
539719750.0,-56.71982
539719812.5,-56.67862
539719875.0,-56.67043
539719937.5,-56.76917
539720000.0,-56.71746
539720062.5,-56.74726
539720125.0,-56.64992
539720187.5,-56.61399
539720250.0,-56.69175
539720312.5,-56.67678
539720375.0,-56.72355
539720437.5,-56.81852
539720500.0,-56.66184
539720562.5,-56.70786
539720625.0,-56.71178
539720687.5,-56.67287
539720750.0,-56.76831
539720812.5,-56.65639
539720875.0,-56.75378
539720937.5,-56.81565
539721000.0,-56.6462
539721062.5,-56.6907
539721125.0,-56.73457
539721187.5,-56.77897
539721250.0,-56.72443
539721312.5,-56.80157
539721375.0,-56.7276
539721437.5,-56.68324
539721500.0,-56.67042
539721562.5,-56.77557
539721625.0,-56.647
539721687.5,-56.7637
539721750.0,-56.6518
539721812.5,-56.70856
539721875.0,-56.73506
539721937.5,-56.70448
539722000.0,-56.64067
539722062.5,-56.81422
539722125.0,-56.80824
539722187.5,-56.77522
539722250.0,-56.7075
539722312.5,-56.77002
539722375.0,-56.70319
539722437.5,-56.66058
539722500.0,-56.69287
539722562.5,-56.83487
539722625.0,-56.66126
539722687.5,-56.71826
539722750.0,-56.77773
539722812.5,-56.75871
539722875.0,-56.82204
539722937.5,-56.68022
539723000.0,-56.76087
539723062.5,-56.78756
539723125.0,-56.78618
539723187.5,-56.7608
539723250.0,-56.75752
539723312.5,-56.71375
539723375.0,-56.71503
539723437.5,-56.68851
539723500.0,-56.7426
539723562.5,-56.76509
539723625.0,-56.67186
539723687.5,-56.79891
539723750.0,-56.76181
539723812.5,-56.68514
539723875.0,-56.76709
539723937.5,-56.79036
539724000.0,-56.73804
539724062.5,-56.69918
539724125.0,-56.74656
539724187.5,-56.75766
539724250.0,-56.83653
539724312.5,-56.6683
539724375.0,-56.70332
539724437.5,-56.80398
539724500.0,-56.63606
539724562.5,-56.81065
539724625.0,-56.76799
539724687.5,-56.66612
539724750.0,-56.77063
539724812.5,-56.85694
539724875.0,-56.74619
539724937.5,-56.76581
539725000.0,-56.72523
539725062.5,-56.74833
539725125.0,-56.81299
539725187.5,-56.76372
539725250.0,-56.81797
539725312.5,-56.66447
539725375.0,-56.69802
539725437.5,-56.78858
539725500.0,-56.69329
539725562.5,-56.78406
539725625.0,-56.83222
539725687.5,-56.80372
539725750.0,-56.86221
539725812.5,-56.73222
539725875.0,-56.77475
539725937.5,-56.71878
539726000.0,-56.82132
539726062.5,-56.79456
539726125.0,-56.78084
539726187.5,-56.70681
539726250.0,-56.75615
539726312.5,-56.82139
539726375.0,-56.72913
539726437.5,-56.83712
539726500.0,-56.68498
539726562.5,-56.83096
539726625.0,-56.87244
539726687.5,-56.80399
539726750.0,-56.78823
539726812.5,-56.73808
539726875.0,-56.72393
539726937.5,-56.78072
539727000.0,-56.75305
539727062.5,-56.80106
539727125.0,-56.76316
539727187.5,-56.71053
539727250.0,-56.85477
539727312.5,-56.7392
539727375.0,-56.81876
539727437.5,-56.83104
539727500.0,-56.7635
539727562.5,-56.74152
539727625.0,-56.69654
539727687.5,-56.8108
539727750.0,-56.76355
539727812.5,-56.85104
539727875.0,-56.7862
539727937.5,-56.81313
539728000.0,-56.88034
539728062.5,-56.82581
539728125.0,-56.82722
539728187.5,-56.9319
539728250.0,-56.77653
539728312.5,-56.9001
539728375.0,-56.83959
539728437.5,-56.75605
539728500.0,-56.77706
539728562.5,-56.7673
539728625.0,-56.88424
539728687.5,-56.84008
539728750.0,-56.80719
539728812.5,-56.80462
539728875.0,-56.82413
539728937.5,-56.65987
539729000.0,-56.90869
539729062.5,-56.74558
539729125.0,-56.80838
539729187.5,-56.73971
539729250.0,-56.82462
539729312.5,-56.80691
539729375.0,-56.84749
539729437.5,-56.8507
539729500.0,-56.83401
539729562.5,-56.8175
539729625.0,-56.75896
539729687.5,-56.84425
539729750.0,-56.84209
539729812.5,-56.85304
539729875.0,-56.89761
539729937.5,-56.79448
539730000.0,-56.84873
539730062.5,-56.77078
539730125.0,-56.83678
539730187.5,-56.79675
539730250.0,-56.80974
539730312.5,-56.88824
539730375.0,-56.74365
539730437.5,-56.72354
539730500.0,-56.84115
539730562.5,-56.84467
539730625.0,-56.88942
539730687.5,-56.7496
539730750.0,-56.79035
539730812.5,-56.88113
539730875.0,-56.79743
539730937.5,-56.86807
539731000.0,-56.74976
539731062.5,-56.84931
539731125.0,-56.88618
539731187.5,-56.87965
539731250.0,-56.77754
539731312.5,-56.81613
539731375.0,-56.8122
539731437.5,-56.88967
539731500.0,-56.75886
539731562.5,-56.81532
539731625.0,-56.79854
539731687.5,-56.86974
539731750.0,-56.88836
539731812.5,-56.79176
539731875.0,-56.76749
539731937.5,-56.85478
539732000.0,-56.87059
539732062.5,-56.77312
539732125.0,-56.85384
539732187.5,-56.89488
539732250.0,-56.76833
539732312.5,-56.8465
539732375.0,-56.76366
539732437.5,-56.83078
539732500.0,-56.88097
539732562.5,-56.78319
539732625.0,-56.84892
539732687.5,-56.83131
539732750.0,-56.7904
539732812.5,-56.87132
539732875.0,-56.76208
539732937.5,-56.7698
539733000.0,-56.89131
539733062.5,-56.84249
539733125.0,-56.86171
539733187.5,-56.84416
539733250.0,-56.87032
539733312.5,-56.84361
539733375.0,-56.90758
539733437.5,-56.89927
539733500.0,-56.90559
539733562.5,-56.85781
539733625.0,-56.84417
539733687.5,-56.94069
539733750.0,-56.95705
539733812.5,-56.82196
539733875.0,-56.92345
539733937.5,-56.90535
539734000.0,-56.89417
539734062.5,-56.85811
539734125.0,-56.9173
539734187.5,-56.92671
539734250.0,-57.02259
539734312.5,-56.95456
539734375.0,-56.86215
539734437.5,-56.6888
539734500.0,-56.88843
539734562.5,-56.83658
539734625.0,-56.77581
539734687.5,-56.8326
539734750.0,-56.87337
539734812.5,-56.91805
539734875.0,-56.82186
539734937.5,-56.91117
539735000.0,-56.91536
539735062.5,-56.83564
539735125.0,-56.84831
539735187.5,-56.81463
539735250.0,-56.86631
539735312.5,-56.9552
539735375.0,-56.89188
539735437.5,-56.91398
539735500.0,-56.94714
539735562.5,-56.90327
539735625.0,-56.83072
539735687.5,-56.94991
539735750.0,-56.85199
539735812.5,-56.81717
539735875.0,-56.86409
539735937.5,-56.87548
539736000.0,-56.91251
539736062.5,-56.88377
539736125.0,-56.89744
539736187.5,-56.90344
539736250.0,-56.93251
539736312.5,-56.90216
539736375.0,-56.97126
539736437.5,-56.79647
539736500.0,-56.93073
539736562.5,-56.95987
539736625.0,-56.88659
539736687.5,-56.97065
539736750.0,-56.94239
539736812.5,-56.91894
539736875.0,-56.85321
539736937.5,-56.86489
539737000.0,-56.88869
539737062.5,-56.85505
539737125.0,-56.85645
539737187.5,-56.81793
539737250.0,-56.93273
539737312.5,-56.93659
539737375.0,-56.94374
539737437.5,-56.85424
539737500.0,-56.88429
539737562.5,-56.96362
539737625.0,-56.91759
539737687.5,-56.88235
539737750.0,-56.96822
539737812.5,-56.91768
539737875.0,-56.91766
539737937.5,-56.98685
539738000.0,-56.92588
539738062.5,-56.96098
539738125.0,-56.83224
539738187.5,-56.9088
539738250.0,-56.92654
539738312.5,-56.89457
539738375.0,-56.86121
539738437.5,-57.00463
539738500.0,-56.94577
539738562.5,-56.87352
539738625.0,-57.09758
539738687.5,-56.84046
539738750.0,-56.86111
539738812.5,-56.95726
539738875.0,-56.96652
539738937.5,-56.88074
539739000.0,-56.96009
539739062.5,-56.98404
539739125.0,-56.98534
539739187.5,-56.8755
539739250.0,-56.9685
539739312.5,-56.98148
539739375.0,-56.94002
539739437.5,-56.98029
539739500.0,-56.99787
539739562.5,-56.88869
539739625.0,-56.92945
539739687.5,-56.93058
539739750.0,-56.90467
539739812.5,-56.90626
539739875.0,-56.9457
539739937.5,-56.9077
539740000.0,-56.99056
539740062.5,-56.97961
539740125.0,-56.96683
539740187.5,-56.9682
539740250.0,-57.02005
539740312.5,-56.83303
539740375.0,-56.86076
539740437.5,-56.96554
539740500.0,-56.97606
539740562.5,-56.87491
539740625.0,-56.85205
539740687.5,-56.94698
539740750.0,-56.93383
539740812.5,-57.0083
539740875.0,-56.8918
539740937.5,-56.87451
539741000.0,-56.93995
539741062.5,-56.97904
539741125.0,-56.85653
539741187.5,-56.91391
539741250.0,-56.92106
539741312.5,-56.92545
539741375.0,-56.90129
539741437.5,-56.99601
539741500.0,-57.01176
539741562.5,-56.99075
539741625.0,-56.84958
539741687.5,-57.07277
539741750.0,-56.89934
539741812.5,-56.94505
539741875.0,-57.01185
539741937.5,-56.95143
539742000.0,-56.96984
539742062.5,-56.9306
539742125.0,-56.95321
539742187.5,-57.03684
539742250.0,-56.92029
539742312.5,-56.98963
539742375.0,-56.87507
539742437.5,-56.94816
539742500.0,-56.90326
539742562.5,-56.89801
539742625.0,-56.97058
539742687.5,-57.04628
539742750.0,-56.97735
539742812.5,-56.96036
539742875.0,-56.96532
539742937.5,-56.95038
539743000.0,-56.91628
539743062.5,-56.95341
539743125.0,-57.03434
539743187.5,-56.88522
539743250.0,-56.97005
539743312.5,-56.99454
539743375.0,-56.96914
539743437.5,-56.98944
539743500.0,-56.9701
539743562.5,-57.04007
539743625.0,-56.91158
539743687.5,-56.93682
539743750.0,-56.97966
539743812.5,-56.91928
539743875.0,-56.98
539743937.5,-56.9085
539744000.0,-57.08123
539744062.5,-56.98935
539744125.0,-56.88918
539744187.5,-57.0252
539744250.0,-56.98921
539744312.5,-57.05602
539744375.0,-57.05894
539744437.5,-57.0006
539744500.0,-56.99752
539744562.5,-57.07342
539744625.0,-56.89562
539744687.5,-57.04381
539744750.0,-57.00144
539744812.5,-56.98356
539744875.0,-56.93011
539744937.5,-56.93283
539745000.0,-56.98928
539745062.5,-57.03331
539745125.0,-57.04742
539745187.5,-57.0016
539745250.0,-57.04619
539745312.5,-57.03536
539745375.0,-57.02807
539745437.5,-56.99477
539745500.0,-57.03645
539745562.5,-57.04269
539745625.0,-56.95041
539745687.5,-56.94924
539745750.0,-56.96972
539745812.5,-57.02752
539745875.0,-57.11711
539745937.5,-56.87705
539746000.0,-56.91895
539746062.5,-57.01813
539746125.0,-57.02657
539746187.5,-56.96301
539746250.0,-57.03295
539746312.5,-57.10494
539746375.0,-57.04489
539746437.5,-57.04333
539746500.0,-56.98677
539746562.5,-56.94218
539746625.0,-57.03913
539746687.5,-57.05693
539746750.0,-57.03773
539746812.5,-57.0487
539746875.0,-57.02362
539746937.5,-56.9311
539747000.0,-56.95241
539747062.5,-57.03931
539747125.0,-57.04136
539747187.5,-57.05068
539747250.0,-57.03828
539747312.5,-57.04401
539747375.0,-57.02446
539747437.5,-57.02109
539747500.0,-57.03412
539747562.5,-56.96623
539747625.0,-56.96283
539747687.5,-56.9709
539747750.0,-56.97618
539747812.5,-56.96067
539747875.0,-57.04867
539747937.5,-57.0739
539748000.0,-56.99994
539748062.5,-57.04155
539748125.0,-56.95868
539748187.5,-57.06809
539748250.0,-57.01173
539748312.5,-57.04142
539748375.0,-57.04317
539748437.5,-57.03173
539748500.0,-56.99214
539748562.5,-57.03984
539748625.0,-57.01095
539748687.5,-57.08113
539748750.0,-57.04282
539748812.5,-56.98539
539748875.0,-57.02196
539748937.5,-56.98853
539749000.0,-57.04284
539749062.5,-57.09999
539749125.0,-57.08494
539749187.5,-56.98576
539749250.0,-56.99871
539749312.5,-57.05417
539749375.0,-57.00608
539749437.5,-56.96813
539749500.0,-57.06255
539749562.5,-57.03517
539749625.0,-56.94035
539749687.5,-57.04239
539749750.0,-57.09784
539749812.5,-57.03508
539749875.0,-56.98913
539749937.5,-56.9928
539750000.0,-57.08789
539750062.5,-57.15778
539750125.0,-57.05545
539750187.5,-56.99156
539750250.0,-57.01428
539750312.5,-57.01725
539750375.0,-57.06803
539750437.5,-57.04662
539750500.0,-57.0016
539750562.5,-57.02333
539750625.0,-57.07265
539750687.5,-56.98893
539750750.0,-57.05448
539750812.5,-57.0122
539750875.0,-57.06252
539750937.5,-57.11806
539751000.0,-57.0977
539751062.5,-57.0234
539751125.0,-57.06186
539751187.5,-57.08701
539751250.0,-57.03658
539751312.5,-57.01856
539751375.0,-57.04822
539751437.5,-57.15119
539751500.0,-57.02027
539751562.5,-57.06958
539751625.0,-57.15247
539751687.5,-57.07632
539751750.0,-57.08831
539751812.5,-57.01419
539751875.0,-57.12176
539751937.5,-57.03733
539752000.0,-57.07476
539752062.5,-57.07984
539752125.0,-57.06654
539752187.5,-57.03405
539752250.0,-57.04941
539752312.5,-57.11327
539752375.0,-57.08027
539752437.5,-57.04549
539752500.0,-57.02986
539752562.5,-57.06278
539752625.0,-57.11083
539752687.5,-57.05338
539752750.0,-57.10374
539752812.5,-57.08967
539752875.0,-57.02293
539752937.5,-57.04015
539753000.0,-57.07893
539753062.5,-57.05879
539753125.0,-57.03396
539753187.5,-57.15356
539753250.0,-57.04755
539753312.5,-57.04973
539753375.0,-57.10609
539753437.5,-57.12893
539753500.0,-57.10736
539753562.5,-57.06641
539753625.0,-57.05833
539753687.5,-57.07858
539753750.0,-57.02195
539753812.5,-57.10653
539753875.0,-56.95718
539753937.5,-57.03571
539754000.0,-57.15311
539754062.5,-57.06152
539754125.0,-57.10008
539754187.5,-56.9886
539754250.0,-57.06887
539754312.5,-57.05389
539754375.0,-57.07049
539754437.5,-57.11699
539754500.0,-57.14639
539754562.5,-57.11191
539754625.0,-57.0434
539754687.5,-57.07465
539754750.0,-57.04654
539754812.5,-57.07977
539754875.0,-57.12232
539754937.5,-57.05028
539755000.0,-57.13977
539755062.5,-57.11233
539755125.0,-57.13941
539755187.5,-57.13261
539755250.0,-57.15271
539755312.5,-57.14855
539755375.0,-57.11038
539755437.5,-57.04663
539755500.0,-57.09993
539755562.5,-57.16083
539755625.0,-57.17776
539755687.5,-57.15872
539755750.0,-57.06519
539755812.5,-57.03085
539755875.0,-57.09953
539755937.5,-57.06488
539756000.0,-57.00132
539756062.5,-57.0664
539756125.0,-57.15013
539756187.5,-57.09546
539756250.0,-57.17065
539756312.5,-57.05564
539756375.0,-57.19897
539756437.5,-57.12605
539756500.0,-57.07717
539756562.5,-57.16918
539756625.0,-57.08716
539756687.5,-57.1072
539756750.0,-57.02432
539756812.5,-57.17617
539756875.0,-57.15075
539756937.5,-57.09552
539757000.0,-57.07418
539757062.5,-57.1011
539757125.0,-57.20159
539757187.5,-57.13956
539757250.0,-57.07611
539757312.5,-57.06081
539757375.0,-57.20322
539757437.5,-57.12524
539757500.0,-57.20422
539757562.5,-57.10933
539757625.0,-57.12498
539757687.5,-57.16284
539757750.0,-57.09281
539757812.5,-57.15921
539757875.0,-57.14547
539757937.5,-57.17221
539758000.0,-57.17218
539758062.5,-57.11724
539758125.0,-57.07164
539758187.5,-57.04943
539758250.0,-57.11164
539758312.5,-57.26408
539758375.0,-57.13727
539758437.5,-57.21937
539758500.0,-57.23349
539758562.5,-57.08786
539758625.0,-57.13013
539758687.5,-57.20021
539758750.0,-57.23136
539758812.5,-57.09228
539758875.0,-57.11435
539758937.5,-57.13705
539759000.0,-57.11163
539759062.5,-57.15211
539759125.0,-57.19997
539759187.5,-57.18349
539759250.0,-57.22628
539759312.5,-57.20832
539759375.0,-57.1834
539759437.5,-57.18265
539759500.0,-57.2459
539759562.5,-57.19366
539759625.0,-57.09641
539759687.5,-57.13445
539759750.0,-57.2025
539759812.5,-57.17997
539759875.0,-57.16002
539759937.5,-57.15209
539760000.0,-57.12347
539760062.5,-57.14275
539760125.0,-57.13333
539760187.5,-57.18813
539760250.0,-57.21601
539760312.5,-57.10688
539760375.0,-57.08798
539760437.5,-57.15117
539760500.0,-57.06517
539760562.5,-57.1581
539760625.0,-57.21478
539760687.5,-57.19067
539760750.0,-57.12927
539760812.5,-57.12909
539760875.0,-57.14404
539760937.5,-57.20857
539761000.0,-57.17223
539761062.5,-57.16239
539761125.0,-57.16899
539761187.5,-57.15176
539761250.0,-57.14021
539761312.5,-57.23074
539761375.0,-57.17307
539761437.5,-57.08065
539761500.0,-57.22445
539761562.5,-57.234
539761625.0,-57.19438
539761687.5,-57.20621
539761750.0,-57.22987
539761812.5,-57.26077
539761875.0,-57.23119
539761937.5,-57.15977
539762000.0,-57.13265
539762062.5,-57.15608
539762125.0,-57.18044
539762187.5,-57.20061
539762250.0,-57.20227
539762312.5,-57.24095
539762375.0,-57.20995
539762437.5,-57.17463
539762500.0,-57.20597
539762562.5,-57.27794
539762625.0,-57.08967
539762687.5,-57.15015
539762750.0,-57.19609
539762812.5,-57.17404
539762875.0,-57.04289
539762937.5,-57.21082
539763000.0,-57.21749
539763062.5,-57.1343
539763125.0,-57.12312
539763187.5,-57.15915
539763250.0,-57.17662
539763312.5,-57.22012
539763375.0,-57.22198
539763437.5,-57.21535
539763500.0,-57.25964
539763562.5,-57.21766
539763625.0,-57.17473
539763687.5,-57.18576
539763750.0,-57.16256
539763812.5,-57.25416
539763875.0,-57.21534
539763937.5,-57.18795
539764000.0,-57.19027
539764062.5,-57.30895
539764125.0,-57.20446
539764187.5,-57.21315
539764250.0,-57.18013
539764312.5,-57.14926
539764375.0,-57.16623
539764437.5,-57.14818
539764500.0,-57.1948
539764562.5,-57.12158
539764625.0,-57.17542
539764687.5,-57.19418
539764750.0,-57.20389
539764812.5,-57.2357
539764875.0,-57.29003
539764937.5,-57.2169
539765000.0,-57.25027
539765062.5,-57.26331
539765125.0,-57.21625
539765187.5,-57.25315
539765250.0,-57.18982
539765312.5,-57.13311
539765375.0,-57.23623
539765437.5,-57.26926
539765500.0,-57.24269
539765562.5,-57.30743
539765625.0,-57.18793
539765687.5,-57.23895
539765750.0,-57.22321
539765812.5,-57.15285
539765875.0,-57.20858
539765937.5,-57.16033
539766000.0,-57.25659
539766062.5,-57.2076
539766125.0,-57.19246
539766187.5,-57.28711
539766250.0,-57.25537
539766312.5,-57.20307
539766375.0,-57.31005
539766437.5,-57.33498
539766500.0,-57.23943
539766562.5,-57.24137
539766625.0,-57.22224
539766687.5,-57.16927
539766750.0,-57.2744
539766812.5,-57.27789
539766875.0,-57.20191
539766937.5,-57.29765
539767000.0,-57.19082
539767062.5,-57.35504
539767125.0,-57.25438
539767187.5,-57.22152
539767250.0,-57.23132
539767312.5,-57.20489
539767375.0,-57.26276
539767437.5,-57.23226
539767500.0,-57.23918
539767562.5,-57.22922
539767625.0,-57.15173
539767687.5,-57.24773
539767750.0,-57.14899
539767812.5,-57.23291
539767875.0,-57.19774
539767937.5,-57.25031
539768000.0,-57.30854
539768062.5,-57.26891
539768125.0,-57.1319
539768187.5,-57.20779
539768250.0,-57.09533
539768312.5,-57.20478
539768375.0,-57.25355
539768437.5,-57.28687
539768500.0,-57.37948
539768562.5,-57.37314
539768625.0,-57.35891
539768687.5,-57.28334
539768750.0,-57.20785
539768812.5,-57.26713
539768875.0,-57.27916
539768937.5,-57.23848
539769000.0,-57.29678
539769062.5,-57.22919
539769125.0,-57.18904
539769187.5,-57.31073
539769250.0,-57.28713
539769312.5,-57.22694
539769375.0,-57.16146
539769437.5,-57.17769
539769500.0,-57.09692
539769562.5,-57.29776
539769625.0,-57.23696
539769687.5,-57.28714
539769750.0,-57.21068
539769812.5,-57.24024
539769875.0,-57.22353
539769937.5,-57.23127
539770000.0,-57.28402
539770062.5,-57.3196
539770125.0,-57.30754
539770187.5,-57.27137
539770250.0,-57.26126
539770312.5,-57.22693
539770375.0,-57.29927
539770437.5,-57.29986
539770500.0,-57.25267
539770562.5,-57.24852
539770625.0,-57.21665
539770687.5,-57.26363
539770750.0,-57.21572
539770812.5,-57.22815
539770875.0,-57.27383
539770937.5,-57.27193
539771000.0,-57.31576
539771062.5,-57.25463
539771125.0,-57.22163
539771187.5,-57.34276
539771250.0,-57.2628
539771312.5,-57.25452
539771375.0,-57.27348
539771437.5,-57.28148
539771500.0,-57.19333
539771562.5,-57.26267
539771625.0,-57.18924
539771687.5,-57.28903
539771750.0,-57.19997
539771812.5,-57.29535
539771875.0,-57.24252
539771937.5,-57.23139
539772000.0,-57.24475
539772062.5,-57.23443
539772125.0,-57.22263
539772187.5,-57.28423
539772250.0,-57.27547
539772312.5,-57.21448
539772375.0,-57.29305
539772437.5,-57.27812
539772500.0,-57.25576
539772562.5,-57.3784
539772625.0,-57.30574
539772687.5,-57.27167
539772750.0,-57.31554
539772812.5,-57.36219
539772875.0,-57.26169
539772937.5,-57.30542
539773000.0,-57.30645
539773062.5,-57.27796
539773125.0,-57.30029
539773187.5,-57.30625
539773250.0,-57.24812
539773312.5,-57.29779
539773375.0,-57.31119
539773437.5,-57.29933
539773500.0,-57.37263
539773562.5,-57.37721
539773625.0,-57.30246
539773687.5,-57.41462
539773750.0,-57.25544
539773812.5,-57.30146
539773875.0,-57.37941
539773937.5,-57.35411
539774000.0,-57.34885
539774062.5,-57.4114
539774125.0,-57.28048
539774187.5,-57.28875
539774250.0,-57.31248
539774312.5,-57.30101
539774375.0,-57.29921
539774437.5,-57.32777
539774500.0,-57.3257
539774562.5,-57.27799
539774625.0,-57.26242
539774687.5,-57.26979
539774750.0,-57.35586
539774812.5,-57.34799
539774875.0,-57.30071
539774937.5,-57.24847
539775000.0,-57.31833
539775062.5,-57.29634
539775125.0,-57.24745
539775187.5,-57.31014
539775250.0,-57.39196
539775312.5,-57.33688
539775375.0,-57.23215
539775437.5,-57.29163
539775500.0,-57.26781
539775562.5,-57.33303
539775625.0,-57.20164
539775687.5,-57.28224
539775750.0,-57.37718
539775812.5,-57.35826
539775875.0,-57.39957
539775937.5,-57.39389
539776000.0,-57.32732
539776062.5,-57.34154
539776125.0,-57.28724
539776187.5,-57.37054
539776250.0,-57.29265
539776312.5,-57.37376
539776375.0,-57.23194
539776437.5,-57.25117
539776500.0,-57.31462
539776562.5,-57.20921
539776625.0,-57.31672
539776687.5,-57.25985
539776750.0,-57.27019
539776812.5,-57.34581
539776875.0,-57.31805
539776937.5,-57.30125
539777000.0,-57.37228
539777062.5,-57.29718
539777125.0,-57.38458
539777187.5,-57.33773
539777250.0,-57.3893
539777312.5,-57.3131
539777375.0,-57.39442
539777437.5,-57.29503
539777500.0,-57.35762
539777562.5,-57.389
539777625.0,-57.30694
539777687.5,-57.38925
539777750.0,-57.32929
539777812.5,-57.31082
539777875.0,-57.34318
539777937.5,-57.30594
539778000.0,-57.37981
539778062.5,-57.33864
539778125.0,-57.38214
539778187.5,-57.3931
539778250.0,-57.35237
539778312.5,-57.37605
539778375.0,-57.38509
539778437.5,-57.31238
539778500.0,-57.29698
539778562.5,-57.35113
539778625.0,-57.31492
539778687.5,-57.35035
539778750.0,-57.35866
539778812.5,-57.28682
539778875.0,-57.33178
539778937.5,-57.39644
539779000.0,-57.41648
539779062.5,-57.38358
539779125.0,-57.35734
539779187.5,-57.30095
539779250.0,-57.37741
539779312.5,-57.35607
539779375.0,-57.2781
539779437.5,-57.35989
539779500.0,-57.41047
539779562.5,-57.28237
539779625.0,-57.46017
539779687.5,-57.33104
539779750.0,-57.42356
539779812.5,-57.45195
539779875.0,-57.36589
539779937.5,-57.3363
539780000.0,-57.27119
539780062.5,-57.32697
539780125.0,-57.41374
539780187.5,-57.36169
539780250.0,-57.42529
539780312.5,-57.28708
539780375.0,-57.41754
539780437.5,-57.39922
539780500.0,-57.32148
539780562.5,-57.3438
539780625.0,-57.47489
539780687.5,-57.3932
539780750.0,-57.36314
539780812.5,-57.32694
539780875.0,-57.46195
539780937.5,-57.36765
539781000.0,-57.29192
539781062.5,-57.35292
539781125.0,-57.38652
539781187.5,-57.40088
539781250.0,-57.36842
539781312.5,-57.44745
539781375.0,-57.42841
539781437.5,-57.36798
539781500.0,-57.3136
539781562.5,-57.41295
539781625.0,-57.38462
539781687.5,-57.36386
539781750.0,-57.4865
539781812.5,-57.46958
539781875.0,-57.41122
539781937.5,-57.35051
539782000.0,-57.31968
539782062.5,-57.37363
539782125.0,-57.38552
539782187.5,-57.41701
539782250.0,-57.29647
539782312.5,-57.43324
539782375.0,-57.45082
539782437.5,-57.38464
539782500.0,-57.38622
539782562.5,-57.40574
539782625.0,-57.46742
539782687.5,-57.38775
539782750.0,-57.35047
539782812.5,-57.40968
539782875.0,-57.37545
539782937.5,-57.49653
539783000.0,-57.2977
539783062.5,-57.4946
539783125.0,-57.38498
539783187.5,-57.43472
539783250.0,-57.46148
539783312.5,-57.36534
539783375.0,-57.37057
539783437.5,-57.44934
539783500.0,-57.4215
539783562.5,-57.37199
539783625.0,-57.36781
539783687.5,-57.38299
539783750.0,-57.29127
539783812.5,-57.36843
539783875.0,-57.4304
539783937.5,-57.38291
539784000.0,-57.46363
539784062.5,-57.42378
539784125.0,-57.54958
539784187.5,-57.38552
539784250.0,-57.45016
539784312.5,-57.341
539784375.0,-57.44527
539784437.5,-57.47404
539784500.0,-57.34457
539784562.5,-57.35862
539784625.0,-57.3574
539784687.5,-57.37181
539784750.0,-57.48197
539784812.5,-57.42694
539784875.0,-57.40392
539784937.5,-57.38693
539785000.0,-57.44629
539785062.5,-57.35521
539785125.0,-57.36196
539785187.5,-57.44764
539785250.0,-57.41674
539785312.5,-57.49507
539785375.0,-57.50731
539785437.5,-57.43698
539785500.0,-57.45056
539785562.5,-57.47706
539785625.0,-57.42265
539785687.5,-57.46836
539785750.0,-57.39782
539785812.5,-57.53307
539785875.0,-57.37873
539785937.5,-57.48712
539786000.0,-57.43251
539786062.5,-57.52384
539786125.0,-57.45419
539786187.5,-57.45079
539786250.0,-57.5083
539786312.5,-57.42769
539786375.0,-57.52523
539786437.5,-57.52153
539786500.0,-57.38986
539786562.5,-57.4375
539786625.0,-57.48322
539786687.5,-57.45891
539786750.0,-57.48215
539786812.5,-57.44835
539786875.0,-57.46091
539786937.5,-57.42635
539787000.0,-57.43534
539787062.5,-57.38867
539787125.0,-57.54195
539787187.5,-57.43953
539787250.0,-57.47658
539787312.5,-57.48083
539787375.0,-57.48334
539787437.5,-57.4334
539787500.0,-57.43257
539787562.5,-57.41658
539787625.0,-57.50207
539787687.5,-57.45918
539787750.0,-57.39831
539787812.5,-57.4785
539787875.0,-57.4363
539787937.5,-57.49611
539788000.0,-57.44975
539788062.5,-57.44595
539788125.0,-57.44695
539788187.5,-57.39552
539788250.0,-57.47639
539788312.5,-57.40114
539788375.0,-57.5
539788437.5,-57.4724
539788500.0,-57.43696
539788562.5,-57.44286
539788625.0,-57.51973
539788687.5,-57.47531
539788750.0,-57.49971
539788812.5,-57.46812
539788875.0,-57.47893
539788937.5,-57.46724
539789000.0,-57.43552
539789062.5,-57.5248
539789125.0,-57.42373
539789187.5,-57.45329
539789250.0,-57.48951
539789312.5,-57.4798
539789375.0,-57.43901
539789437.5,-57.45142
539789500.0,-57.56739
539789562.5,-57.41238
539789625.0,-57.49945
539789687.5,-57.44461
539789750.0,-57.49292
539789812.5,-57.5162
539789875.0,-57.48882
539789937.5,-57.54359
539790000.0,-57.49348
539790062.5,-57.53549
539790125.0,-57.48745
539790187.5,-57.43327
539790250.0,-57.42095
539790312.5,-57.4772
539790375.0,-57.51363
539790437.5,-57.41077
539790500.0,-57.43144
539790562.5,-57.42009
539790625.0,-57.49023
539790687.5,-57.47531
539790750.0,-57.45575
539790812.5,-57.39831
539790875.0,-57.49705
539790937.5,-57.45301
539791000.0,-57.49441
539791062.5,-57.47015
539791125.0,-57.56169
539791187.5,-57.41215
539791250.0,-57.47426
539791312.5,-57.52588
539791375.0,-57.50105
539791437.5,-57.56507
539791500.0,-57.48446
539791562.5,-57.54952
539791625.0,-57.50246
539791687.5,-57.578
539791750.0,-57.43258
539791812.5,-57.44336
539791875.0,-57.41495
539791937.5,-57.43744
539792000.0,-57.45961
539792062.5,-57.48942
539792125.0,-57.54079
539792187.5,-57.55851
539792250.0,-57.56384
539792312.5,-57.45241
539792375.0,-57.54425
539792437.5,-57.61846
539792500.0,-57.52937
539792562.5,-57.55476
539792625.0,-57.44532
539792687.5,-57.58379
539792750.0,-57.49869
539792812.5,-57.55786
539792875.0,-57.55706
539792937.5,-57.53269
539793000.0,-57.529
539793062.5,-57.53873
539793125.0,-57.46114
539793187.5,-57.52021
539793250.0,-57.56107
539793312.5,-57.4698
539793375.0,-57.44922
539793437.5,-57.54712
539793500.0,-57.59138
539793562.5,-57.43448
539793625.0,-57.491
539793687.5,-57.54071
539793750.0,-57.5068
539793812.5,-57.53835
539793875.0,-57.56189
539793937.5,-57.45713
539794000.0,-57.51263
539794062.5,-57.51694
539794125.0,-57.58226
539794187.5,-57.59521
539794250.0,-57.46492
539794312.5,-57.45344
539794375.0,-57.54317
539794437.5,-57.54378
539794500.0,-57.56461
539794562.5,-57.6224
539794625.0,-57.50574
539794687.5,-57.48813
539794750.0,-57.54185
539794812.5,-57.60513
539794875.0,-57.49257
539794937.5,-57.60101
539795000.0,-57.55104
539795062.5,-57.50337
539795125.0,-57.60977
539795187.5,-57.51425
539795250.0,-57.52439
539795312.5,-57.45251
539795375.0,-57.54037
539795437.5,-57.58279
539795500.0,-57.50971
539795562.5,-57.55406
539795625.0,-57.61127
539795687.5,-57.613
539795750.0,-57.52614
539795812.5,-57.63128
539795875.0,-57.55141
539795937.5,-57.55971
539796000.0,-57.62928
539796062.5,-57.5729
539796125.0,-57.50041
539796187.5,-57.54609
539796250.0,-57.63298
539796312.5,-57.54203
539796375.0,-57.58003
539796437.5,-57.47902
539796500.0,-57.53664
539796562.5,-57.58102
539796625.0,-57.51505
539796687.5,-57.56552
539796750.0,-57.6017
539796812.5,-57.54314
539796875.0,-57.54945
539796937.5,-57.6442
539797000.0,-57.59904
539797062.5,-57.52385
539797125.0,-57.5221
539797187.5,-57.60519
539797250.0,-57.5563
539797312.5,-57.52889
539797375.0,-57.57295
539797437.5,-57.63564
539797500.0,-57.6242
539797562.5,-57.64876
539797625.0,-57.61646
539797687.5,-57.57998
539797750.0,-57.56052
539797812.5,-57.50395
539797875.0,-57.51768
539797937.5,-57.54171
539798000.0,-57.5756
539798062.5,-57.54719
539798125.0,-57.59895
539798187.5,-57.56118
539798250.0,-57.61582
539798312.5,-57.54008
539798375.0,-57.46703
539798437.5,-57.59726
539798500.0,-57.57402
539798562.5,-57.51903
539798625.0,-57.58685
539798687.5,-57.51645
539798750.0,-57.57742
539798812.5,-57.60799
539798875.0,-57.519
539798937.5,-57.47676
539799000.0,-57.59938
539799062.5,-57.51918
539799125.0,-57.56357
539799187.5,-57.63971
539799250.0,-57.64214
539799312.5,-57.56942
539799375.0,-57.54777
539799437.5,-57.61779
539799500.0,-57.59605
539799562.5,-57.56674
539799625.0,-57.6061
539799687.5,-57.57432
539799750.0,-57.57212
539799812.5,-57.70399
539799875.0,-57.68967
539799937.5,-57.60345
539800000.0,-57.55414
539800062.5,-57.58543
539800125.0,-57.73663
539800187.5,-57.48119
539800250.0,-57.58659
539800312.5,-57.54138
539800375.0,-57.62136
539800437.5,-57.54563
539800500.0,-57.5852
539800562.5,-57.50841
539800625.0,-57.64379
539800687.5,-57.58089
539800750.0,-57.59578
539800812.5,-57.60376
539800875.0,-57.57029
539800937.5,-57.64055
539801000.0,-57.55005
539801062.5,-57.61368
539801125.0,-57.56141
539801187.5,-57.58039
539801250.0,-57.5698
539801312.5,-57.56392
539801375.0,-57.54255
539801437.5,-57.66372
539801500.0,-57.62423
539801562.5,-57.57015
539801625.0,-57.63072
539801687.5,-57.59852
539801750.0,-57.6763
539801812.5,-57.57062
539801875.0,-57.57291
539801937.5,-57.56661
539802000.0,-57.61688
539802062.5,-57.50904
539802125.0,-57.62735
539802187.5,-57.53498
539802250.0,-57.61749
539802312.5,-57.61193
539802375.0,-57.72747
539802437.5,-57.50576
539802500.0,-57.82632
539802562.5,-57.55297
539802625.0,-57.57446
539802687.5,-57.63414
539802750.0,-57.575
539802812.5,-57.59201
539802875.0,-57.65258
539802937.5,-57.54335
539803000.0,-57.59885
539803062.5,-57.60411
539803125.0,-57.56139
539803187.5,-57.59014
539803250.0,-57.54451
539803312.5,-57.67027
539803375.0,-57.66549
539803437.5,-57.49573
539803500.0,-57.70018
539803562.5,-57.61359
539803625.0,-57.69526
539803687.5,-57.59284
539803750.0,-57.59481
539803812.5,-57.5786
539803875.0,-57.61195
539803937.5,-57.57377
539804000.0,-57.56285
539804062.5,-57.57524
539804125.0,-57.63727
539804187.5,-57.71695
539804250.0,-57.56834
539804312.5,-57.5936
539804375.0,-57.5708
539804437.5,-57.72793
539804500.0,-57.66322
539804562.5,-57.52174
539804625.0,-57.6389
539804687.5,-57.77652
539804750.0,-57.63423
539804812.5,-57.70203
539804875.0,-57.74433
539804937.5,-57.64113
539805000.0,-57.57512
539805062.5,-57.60428
539805125.0,-57.66804
539805187.5,-57.62046
539805250.0,-57.71051
539805312.5,-57.64777
539805375.0,-57.63967
539805437.5,-57.62052
539805500.0,-57.72936
539805562.5,-57.63605
539805625.0,-57.68402
539805687.5,-57.78663
539805750.0,-57.64824
539805812.5,-57.56543
539805875.0,-57.53717
539805937.5,-57.59129
539806000.0,-57.71938
539806062.5,-57.65437
539806125.0,-57.66871
539806187.5,-57.64844
539806250.0,-57.7336
539806312.5,-57.66181
539806375.0,-57.65564
539806437.5,-57.69579
539806500.0,-57.57984
539806562.5,-57.65678
539806625.0,-57.61134
539806687.5,-57.68574
539806750.0,-57.59911
539806812.5,-57.64014
539806875.0,-57.5985
539806937.5,-57.63181
539807000.0,-57.64363
539807062.5,-57.66582
539807125.0,-57.69852
539807187.5,-57.65546
539807250.0,-57.68101
539807312.5,-57.63074
539807375.0,-57.64061
539807437.5,-57.71389
539807500.0,-57.64872
539807562.5,-57.6763
539807625.0,-57.66552
539807687.5,-57.59626
539807750.0,-57.65427
539807812.5,-57.74418
539807875.0,-57.73687
539807937.5,-57.62132
539808000.0,-57.6712
539808062.5,-57.61
539808125.0,-57.59153
539808187.5,-57.74053
539808250.0,-57.68919
539808312.5,-57.70731
539808375.0,-57.6757
539808437.5,-57.64595
539808500.0,-57.70852
539808562.5,-57.64328
539808625.0,-57.64371
539808687.5,-57.58728
539808750.0,-57.62667
539808812.5,-57.71128
539808875.0,-57.66917
539808937.5,-57.67997
539809000.0,-57.57571
539809062.5,-57.69529
539809125.0,-57.69756
539809187.5,-57.69129
539809250.0,-57.69861
539809312.5,-57.57257
539809375.0,-57.60684
539809437.5,-57.59765
539809500.0,-57.66098
539809562.5,-57.61363
539809625.0,-57.68518
539809687.5,-57.57658
539809750.0,-57.78587
539809812.5,-57.81146
539809875.0,-57.7607
539809937.5,-57.63198
539810000.0,-57.66703
539810062.5,-57.62543
539810125.0,-57.71395
539810187.5,-57.71607
539810250.0,-57.78442
539810312.5,-57.66146
539810375.0,-57.67574
539810437.5,-57.71935
539810500.0,-57.63333
539810562.5,-57.68083
539810625.0,-57.69157
539810687.5,-57.55051
539810750.0,-57.74846
539810812.5,-57.76145
539810875.0,-57.73298
539810937.5,-57.66447
539811000.0,-57.77604
539811062.5,-57.64711
539811125.0,-57.7817
539811187.5,-57.69976
539811250.0,-57.62104
539811312.5,-57.75341
539811375.0,-57.66812
539811437.5,-57.79666
539811500.0,-57.64868
539811562.5,-57.7098
539811625.0,-57.71791
539811687.5,-57.71135
539811750.0,-57.68217
539811812.5,-57.66945
539811875.0,-57.78915
539811937.5,-57.78698
539812000.0,-57.69988
539812062.5,-57.65548
539812125.0,-57.72816
539812187.5,-57.77774
539812250.0,-57.72063
539812312.5,-57.69807
539812375.0,-57.74539
539812437.5,-57.58532
539812500.0,-57.73305
539812562.5,-57.65775
539812625.0,-57.69615
539812687.5,-57.77069
539812750.0,-57.74894
539812812.5,-57.69914
539812875.0,-57.69716
539812937.5,-57.79262
539813000.0,-57.70175
539813062.5,-57.81303
539813125.0,-57.66892
539813187.5,-57.72742
539813250.0,-57.8048
539813312.5,-57.76551
539813375.0,-57.68655
539813437.5,-57.73195
539813500.0,-57.73044
539813562.5,-57.65902
539813625.0,-57.67779
539813687.5,-57.78961
539813750.0,-57.61842
539813812.5,-57.69752
539813875.0,-57.81091
539813937.5,-57.69864
539814000.0,-57.68333
539814062.5,-57.68361
539814125.0,-57.75009
539814187.5,-57.68349
539814250.0,-57.77705
539814312.5,-57.71888
539814375.0,-57.6344
539814437.5,-57.73507
539814500.0,-57.78911
539814562.5,-57.74099
539814625.0,-57.685
539814687.5,-57.71096
539814750.0,-57.75928
539814812.5,-57.70896
539814875.0,-57.72583
539814937.5,-57.69419
539815000.0,-57.7452
539815062.5,-57.69216
539815125.0,-57.65133
539815187.5,-57.73957
539815250.0,-57.69217
539815312.5,-57.72779
539815375.0,-57.81108
539815437.5,-57.73801
539815500.0,-57.73706
539815562.5,-57.82164
539815625.0,-57.67279
539815687.5,-57.68438
539815750.0,-57.71705
539815812.5,-57.67352
539815875.0,-57.81493
539815937.5,-57.75416
539816000.0,-57.7031
539816062.5,-57.85305
539816125.0,-57.78839
539816187.5,-57.74076
539816250.0,-57.7244
539816312.5,-57.70072
539816375.0,-57.75067
539816437.5,-57.75608
539816500.0,-57.72953
539816562.5,-57.78918
539816625.0,-57.8046
539816687.5,-57.77056
539816750.0,-57.78936
539816812.5,-57.88028
539816875.0,-57.7891
539816937.5,-57.72125
539817000.0,-57.80857
539817062.5,-57.78357
539817125.0,-57.66121
539817187.5,-57.72567
539817250.0,-57.75363
539817312.5,-57.84169
539817375.0,-57.74643
539817437.5,-57.78552
539817500.0,-57.79399
539817562.5,-57.74515
539817625.0,-57.76058
539817687.5,-57.75895
539817750.0,-57.76945
539817812.5,-57.8161
539817875.0,-57.73342
539817937.5,-57.73708
539818000.0,-57.68404
539818062.5,-57.78772
539818125.0,-57.90158
539818187.5,-57.75989
539818250.0,-57.79495
539818312.5,-57.8319
539818375.0,-57.75204
539818437.5,-57.69484
539818500.0,-57.8507
539818562.5,-57.81073
539818625.0,-57.7137
539818687.5,-57.90829
539818750.0,-57.92401
539818812.5,-57.81884
539818875.0,-57.78745
539818937.5,-57.74576
539819000.0,-57.81205
539819062.5,-57.76556
539819125.0,-57.69561
539819187.5,-57.78943
539819250.0,-57.78929
539819312.5,-57.8233
539819375.0,-57.82588
539819437.5,-57.67602
539819500.0,-57.82537
539819562.5,-57.79995
539819625.0,-57.72236
539819687.5,-57.80735
539819750.0,-57.78896
539819812.5,-57.82268
539819875.0,-57.73919
539819937.5,-57.81235
539820000.0,-57.76531
539820062.5,-57.81441
539820125.0,-57.90068
539820187.5,-57.78762
539820250.0,-57.78906
539820312.5,-57.81882
539820375.0,-57.73364
539820437.5,-57.74881
539820500.0,-57.81902
539820562.5,-57.82703
539820625.0,-57.78009
539820687.5,-57.8144
539820750.0,-57.85265
539820812.5,-57.76678
539820875.0,-57.83089
539820937.5,-57.7924
539821000.0,-57.77653
539821062.5,-57.79612
539821125.0,-57.89224
539821187.5,-57.79338
539821250.0,-57.85719
539821312.5,-57.85643
539821375.0,-57.9287
539821437.5,-57.77819
539821500.0,-57.84381
539821562.5,-57.83221
539821625.0,-57.73251
539821687.5,-57.78691
539821750.0,-57.72933
539821812.5,-57.84185
539821875.0,-57.74648
539821937.5,-57.7693
539822000.0,-57.6643
539822062.5,-57.80105
539822125.0,-57.80545
539822187.5,-57.8765
539822250.0,-57.84022
539822312.5,-57.83236
539822375.0,-57.83138
539822437.5,-57.92762
539822500.0,-57.83253
539822562.5,-57.92294
539822625.0,-57.78426
539822687.5,-57.71777
539822750.0,-57.80898
539822812.5,-57.78043
539822875.0,-57.84601
539822937.5,-57.87367
539823000.0,-57.8469
539823062.5,-57.83215
539823125.0,-57.86205
539823187.5,-57.78159
539823250.0,-57.82623
539823312.5,-57.84715
539823375.0,-57.77015
539823437.5,-57.75777
539823500.0,-57.78327
539823562.5,-57.81015
539823625.0,-57.76568
539823687.5,-57.69408
539823750.0,-57.82402
539823812.5,-57.77902
539823875.0,-57.87939
539823937.5,-57.80933
539824000.0,-57.85575
539824062.5,-57.87507
539824125.0,-57.75914
539824187.5,-57.85172
539824250.0,-57.9637
539824312.5,-57.89502
539824375.0,-57.91273
539824437.5,-57.83918
539824500.0,-57.71943
539824562.5,-57.89064
539824625.0,-57.83667
539824687.5,-57.88169
539824750.0,-57.82922
539824812.5,-57.94244
539824875.0,-57.77753
539824937.5,-57.85976
539825000.0,-57.78413
539825062.5,-57.87571
539825125.0,-57.79308
539825187.5,-57.818
539825250.0,-57.74108
539825312.5,-57.85829
539825375.0,-57.86428
539825437.5,-57.8633
539825500.0,-57.84171
539825562.5,-57.81324
539825625.0,-57.85127
539825687.5,-57.84499
539825750.0,-57.84205
539825812.5,-57.81364
539825875.0,-57.89609
539825937.5,-57.77896
539826000.0,-57.82164
539826062.5,-57.76176
539826125.0,-57.83829
539826187.5,-57.78564
539826250.0,-57.74162
539826312.5,-57.85244
539826375.0,-57.8351
539826437.5,-57.81218
539826500.0,-57.89331
539826562.5,-57.82028
539826625.0,-57.81448
539826687.5,-57.8717
539826750.0,-57.83817
539826812.5,-57.8506
539826875.0,-57.91553
539826937.5,-57.7664
539827000.0,-57.87328
539827062.5,-57.89856
539827125.0,-57.84798
539827187.5,-57.89854
539827250.0,-57.84228
539827312.5,-57.89383
539827375.0,-57.86396
539827437.5,-57.83394
539827500.0,-57.82924
539827562.5,-57.89041
539827625.0,-57.78682
539827687.5,-57.7979
539827750.0,-57.84941
539827812.5,-57.88532
539827875.0,-57.88314
539827937.5,-57.83339
539828000.0,-57.77734
539828062.5,-57.83598
539828125.0,-57.88568
539828187.5,-57.80924
539828250.0,-57.86992
539828312.5,-57.92313
539828375.0,-57.89793
539828437.5,-57.902
539828500.0,-57.86324
539828562.5,-57.86473
539828625.0,-57.92149
539828687.5,-57.81236
539828750.0,-57.7876
539828812.5,-57.89999
539828875.0,-57.89113
539828937.5,-57.85148
539829000.0,-57.84765
539829062.5,-57.97717
539829125.0,-57.84298
539829187.5,-57.8301
539829250.0,-57.8722
539829312.5,-57.91914
539829375.0,-57.86943
539829437.5,-57.85498
539829500.0,-57.9177
539829562.5,-57.92515
539829625.0,-57.81479
539829687.5,-57.97016
539829750.0,-57.9813
539829812.5,-57.89592
539829875.0,-57.86167
539829937.5,-57.93595
539830000.0,-57.85002
539830062.5,-57.74371
539830125.0,-57.79918
539830187.5,-57.92365
539830250.0,-57.97056
539830312.5,-57.91045
539830375.0,-57.91076
539830437.5,-57.96687
539830500.0,-57.88704
539830562.5,-57.97302
539830625.0,-57.904
539830687.5,-57.87381
539830750.0,-57.94387
539830812.5,-57.82853
539830875.0,-57.94621
539830937.5,-57.84917
539831000.0,-57.86037
539831062.5,-57.92399
539831125.0,-57.98626
539831187.5,-57.87571
539831250.0,-57.95915
539831312.5,-57.85107
539831375.0,-57.87182
539831437.5,-57.97625
539831500.0,-57.9837
539831562.5,-57.89533
539831625.0,-57.94784
539831687.5,-57.9411
539831750.0,-57.89508
539831812.5,-57.94814
539831875.0,-57.93429
539831937.5,-57.90541
539832000.0,-57.8835
539832062.5,-57.94456
539832125.0,-57.91114
539832187.5,-57.9108
539832250.0,-57.94854
539832312.5,-57.87094
539832375.0,-57.90633
539832437.5,-57.93262
539832500.0,-57.93756
539832562.5,-57.89435
539832625.0,-57.9616
539832687.5,-57.8863
539832750.0,-57.92878
539832812.5,-57.8676
539832875.0,-57.8762
539832937.5,-57.84758
539833000.0,-57.98439
539833062.5,-57.88918
539833125.0,-57.97672
539833187.5,-57.90227
539833250.0,-57.95282
539833312.5,-57.9124
539833375.0,-57.94833
539833437.5,-57.92385
539833500.0,-57.96271
539833562.5,-57.86623
539833625.0,-57.96874
539833687.5,-57.95391
539833750.0,-57.93102
539833812.5,-58.00731
539833875.0,-57.91745
539833937.5,-57.92777
539834000.0,-57.97853
539834062.5,-57.89407
539834125.0,-57.89262
539834187.5,-57.8968
539834250.0,-57.95751
539834312.5,-57.96704
539834375.0,-57.9328
539834437.5,-57.93226
539834500.0,-57.84495
539834562.5,-57.85915
539834625.0,-57.92528
539834687.5,-57.9407
539834750.0,-57.98084
539834812.5,-57.89268
539834875.0,-58.00718
539834937.5,-57.95875
539835000.0,-58.00081
539835062.5,-57.84961
539835125.0,-58.00552
539835187.5,-58.01768
539835250.0,-57.86891
539835312.5,-57.96498
539835375.0,-57.9146
539835437.5,-58.0325
539835500.0,-57.91032
539835562.5,-57.96058
539835625.0,-57.95167
539835687.5,-57.94613
539835750.0,-57.85308
539835812.5,-57.94528
539835875.0,-57.94793
539835937.5,-57.88635
539836000.0,-57.98309
539836062.5,-58.05968
539836125.0,-57.9515
539836187.5,-57.99235
539836250.0,-57.88612
539836312.5,-57.91877
539836375.0,-57.93301
539836437.5,-58.0362
539836500.0,-57.90509
539836562.5,-57.94687
539836625.0,-57.89822
539836687.5,-57.94248
539836750.0,-58.04396
539836812.5,-58.05128
539836875.0,-57.91882
539836937.5,-57.9621
539837000.0,-57.96489
539837062.5,-57.93857
539837125.0,-57.9959
539837187.5,-57.88788
539837250.0,-57.85128
539837312.5,-58.00494
539837375.0,-58.1215
539837437.5,-58.03363
539837500.0,-57.93905
539837562.5,-58.10944
539837625.0,-57.90269
539837687.5,-58.04333
539837750.0,-58.03054
539837812.5,-57.96345
539837875.0,-57.98762
539837937.5,-57.99465
539838000.0,-57.95236
539838062.5,-57.90741
539838125.0,-57.93137
539838187.5,-57.98067
539838250.0,-57.94529
539838312.5,-57.97192
539838375.0,-57.94169
539838437.5,-57.98771
539838500.0,-58.01662
539838562.5,-57.85966
539838625.0,-57.90636
539838687.5,-58.04089
539838750.0,-57.93033
539838812.5,-57.93697
539838875.0,-57.93812
539838937.5,-58.07052
539839000.0,-57.98413
539839062.5,-58.01963
539839125.0,-57.9338
539839187.5,-57.94118
539839250.0,-58.02392
539839312.5,-57.91841
539839375.0,-57.99365
539839437.5,-58.01742
539839500.0,-58.00619
539839562.5,-57.89779
539839625.0,-57.82246
539839687.5,-58.04517
539839750.0,-57.98545
539839812.5,-57.94536
539839875.0,-57.96234
539839937.5,-57.96188
539840000.0,-57.98739
539840062.5,-57.92446
539840125.0,-57.91038
539840187.5,-57.99995
539840250.0,-57.95422
539840312.5,-57.90899
539840375.0,-57.98904
539840437.5,-58.02286
539840500.0,-58.05285
539840562.5,-58.02818
539840625.0,-57.93298
539840687.5,-58.04132
539840750.0,-58.00492
539840812.5,-58.14659
539840875.0,-57.99648
539840937.5,-58.03075
539841000.0,-58.08749
539841062.5,-57.89265
539841125.0,-58.03753
539841187.5,-57.99691
539841250.0,-58.0682
539841312.5,-58.03334
539841375.0,-57.97986
539841437.5,-58.0974
539841500.0,-57.97478
539841562.5,-57.92084
539841625.0,-57.96765
539841687.5,-58.07508
539841750.0,-58.11272
539841812.5,-58.05247
539841875.0,-58.09309
539841937.5,-57.94313
539842000.0,-58.05539
539842062.5,-57.97742
539842125.0,-58.07603
539842187.5,-58.08215
539842250.0,-58.01334
539842312.5,-58.06305
539842375.0,-58.08669
539842437.5,-58.00123
539842500.0,-58.01002
539842562.5,-58.0318
539842625.0,-58.03243
539842687.5,-58.09812
539842750.0,-58.02091
539842812.5,-58.02368
539842875.0,-58.09221
539842937.5,-58.03018
539843000.0,-57.99903
539843062.5,-58.08495
539843125.0,-58.0087
539843187.5,-57.92771
539843250.0,-58.0693
539843312.5,-58.09227
539843375.0,-57.98771
539843437.5,-58.10778
539843500.0,-58.03935
539843562.5,-58.05478
539843625.0,-57.95097
539843687.5,-57.98504
539843750.0,-58.04856
539843812.5,-58.04692
539843875.0,-57.99513
539843937.5,-58.04411
539844000.0,-57.97813
539844062.5,-58.01064
539844125.0,-58.04203
539844187.5,-57.98888
539844250.0,-58.08772
539844312.5,-58.03356
539844375.0,-58.01685
539844437.5,-58.00021
539844500.0,-57.91462
539844562.5,-58.11401
539844625.0,-58.00267
539844687.5,-58.03715
539844750.0,-58.05974
539844812.5,-57.96612
539844875.0,-58.0765
539844937.5,-58.09992
539845000.0,-57.93977
539845062.5,-58.06868
539845125.0,-58.0606
539845187.5,-58.02678
539845250.0,-58.09855
539845312.5,-58.06937
539845375.0,-57.97308
539845437.5,-58.03271
539845500.0,-58.07244
539845562.5,-58.09163
539845625.0,-58.08728
539845687.5,-58.074
539845750.0,-58.02936
539845812.5,-58.00565
539845875.0,-58.10759
539845937.5,-58.03942
539846000.0,-57.95009
539846062.5,-58.03905
539846125.0,-58.1687
539846187.5,-58.01596
539846250.0,-58.04785
539846312.5,-58.0958
539846375.0,-58.02354
539846437.5,-58.01003
539846500.0,-58.08537
539846562.5,-58.09381
539846625.0,-58.12146
539846687.5,-58.05643
539846750.0,-58.0435
539846812.5,-57.91647
539846875.0,-58.05153
539846937.5,-58.0991
539847000.0,-58.07471
539847062.5,-58.07298
539847125.0,-58.05399
539847187.5,-58.11135
539847250.0,-58.16504
539847312.5,-58.03535
539847375.0,-58.17294
539847437.5,-57.96167
539847500.0,-57.97891
539847562.5,-57.98868
539847625.0,-58.05552
539847687.5,-58.06539
539847750.0,-58.02381
539847812.5,-58.17809
539847875.0,-58.0462
539847937.5,-58.06102
539848000.0,-58.03658
539848062.5,-58.08502
539848125.0,-58.10609
539848187.5,-58.01192
539848250.0,-58.06384
539848312.5,-58.15956
539848375.0,-58.03865
539848437.5,-58.12582
539848500.0,-58.09403
539848562.5,-58.01153
539848625.0,-58.04063
539848687.5,-58.00032
539848750.0,-58.02058
539848812.5,-58.1066
539848875.0,-58.07928
539848937.5,-58.08793
539849000.0,-58.15596
539849062.5,-58.12973
539849125.0,-58.07498
539849187.5,-58.09829
539849250.0,-58.00044
539849312.5,-58.11848
539849375.0,-58.13417
539849437.5,-58.11611
539849500.0,-58.07476
539849562.5,-58.05515
539849625.0,-58.04744
539849687.5,-58.1175
539849750.0,-58.18823
539849812.5,-58.09909
539849875.0,-58.12479
539849937.5,-58.09869
539850000.0,-58.09853
539850062.5,-58.04235
539850125.0,-58.21271
539850187.5,-58.08516
539850250.0,-58.09083
539850312.5,-58.11718
539850375.0,-58.08741
539850437.5,-58.07636
539850500.0,-58.0498
539850562.5,-58.0854
539850625.0,-58.05513
539850687.5,-58.08368
539850750.0,-58.02467
539850812.5,-58.17553
539850875.0,-58.14763
539850937.5,-58.20037
539851000.0,-58.02928
539851062.5,-58.09394
539851125.0,-58.07913
539851187.5,-58.12629
539851250.0,-58.1203
539851312.5,-58.00793
539851375.0,-58.06874
539851437.5,-58.11244
539851500.0,-58.10083
539851562.5,-58.08353
539851625.0,-58.18867
539851687.5,-58.1041
539851750.0,-58.13823
539851812.5,-58.14208
539851875.0,-58.01754
539851937.5,-58.04058
539852000.0,-58.10773
539852062.5,-58.14622
539852125.0,-58.15843
539852187.5,-58.18829
539852250.0,-58.10705
539852312.5,-58.0747
539852375.0,-58.08382
539852437.5,-58.11546
539852500.0,-58.20398
539852562.5,-58.12764
539852625.0,-58.13218
539852687.5,-58.14804
539852750.0,-58.16559
539852812.5,-58.13829
539852875.0,-58.18335
539852937.5,-58.04835
539853000.0,-58.1106
539853062.5,-58.14066
539853125.0,-58.19531
539853187.5,-58.08766
539853250.0,-58.07531
539853312.5,-58.00859
539853375.0,-58.17348
539853437.5,-58.19748
539853500.0,-58.02131
539853562.5,-58.10774
539853625.0,-58.20825
539853687.5,-58.27372
539853750.0,-58.1038
539853812.5,-58.14981
539853875.0,-58.24334
539853937.5,-58.14437
539854000.0,-58.23886
539854062.5,-58.23718
539854125.0,-58.13023
539854187.5,-58.11167
539854250.0,-58.15182
539854312.5,-58.14319
539854375.0,-58.00743
539854437.5,-58.10211
539854500.0,-58.26023
539854562.5,-58.11108
539854625.0,-58.13658
539854687.5,-58.21797
539854750.0,-58.13527
539854812.5,-58.17622
539854875.0,-58.14359
539854937.5,-58.1971
539855000.0,-58.0609
539855062.5,-58.25206
539855125.0,-58.25935
539855187.5,-58.18702
539855250.0,-58.16743
539855312.5,-58.06516
539855375.0,-58.18975
539855437.5,-58.18492
539855500.0,-58.12196
539855562.5,-58.14418
539855625.0,-58.22511
539855687.5,-58.11494
539855750.0,-58.17064
539855812.5,-58.16282
539855875.0,-58.17084
539855937.5,-58.15816
539856000.0,-58.18683
539856062.5,-58.16587
539856125.0,-58.15236
539856187.5,-58.19231
539856250.0,-58.15545
539856312.5,-58.12473
539856375.0,-58.09021
539856437.5,-58.1972
539856500.0,-58.09628
539856562.5,-58.19815
539856625.0,-58.15744
539856687.5,-58.21066
539856750.0,-58.19146
539856812.5,-58.04705
539856875.0,-58.14361
539856937.5,-58.18052
539857000.0,-58.14941
539857062.5,-58.16069
539857125.0,-58.25821
539857187.5,-58.14133
539857250.0,-58.16205
539857312.5,-58.11186
539857375.0,-58.17685
539857437.5,-58.15401
539857500.0,-58.15789
539857562.5,-58.09904
539857625.0,-58.13453
539857687.5,-58.20639
539857750.0,-58.03682
539857812.5,-58.13217
539857875.0,-58.17801
539857937.5,-58.06609
539858000.0,-58.21811
539858062.5,-58.16206
539858125.0,-58.16603
539858187.5,-58.25241
539858250.0,-58.19981
539858312.5,-58.25915
539858375.0,-58.21053
539858437.5,-58.17868
539858500.0,-58.15185
539858562.5,-58.19282
539858625.0,-58.15359
539858687.5,-58.14795
539858750.0,-58.07609
539858812.5,-58.26899
539858875.0,-58.19244
539858937.5,-58.08858
539859000.0,-58.22514
539859062.5,-58.33966
539859125.0,-58.24377
539859187.5,-58.19434
539859250.0,-58.18331
539859312.5,-58.1611
539859375.0,-58.20034
539859437.5,-58.1103
539859500.0,-58.23792
539859562.5,-58.07916
539859625.0,-58.12811
539859687.5,-58.20112
539859750.0,-58.08058
539859812.5,-58.12217
539859875.0,-58.16669
539859937.5,-58.13482
539860000.0,-58.14213
539860062.5,-58.19307
539860125.0,-58.17292
539860187.5,-58.19126
539860250.0,-58.27223
539860312.5,-58.15008
539860375.0,-58.25282
539860437.5,-58.19588
539860500.0,-58.11654
539860562.5,-58.25717
539860625.0,-58.27349
539860687.5,-58.21725
539860750.0,-58.11652
539860812.5,-58.07705
539860875.0,-58.18566
539860937.5,-58.12512
539861000.0,-58.21439
539861062.5,-58.13736
539861125.0,-58.19446
539861187.5,-58.19373
539861250.0,-58.15845
539861312.5,-58.29676
539861375.0,-58.20201
539861437.5,-58.18425
539861500.0,-58.16035
539861562.5,-58.16151
539861625.0,-58.20973
539861687.5,-58.20131
539861750.0,-58.25575
539861812.5,-58.16545
539861875.0,-58.30167
539861937.5,-58.17406
539862000.0,-58.31311
539862062.5,-58.15611
539862125.0,-58.19279
539862187.5,-58.20441
539862250.0,-58.2569
539862312.5,-58.16472
539862375.0,-58.27111
539862437.5,-58.21221
539862500.0,-58.23128
539862562.5,-58.22455
539862625.0,-58.19486
539862687.5,-58.22401
539862750.0,-58.19263
539862812.5,-58.13216
539862875.0,-58.24112
539862937.5,-58.10339
539863000.0,-58.21931
539863062.5,-58.29766
539863125.0,-58.25261
539863187.5,-58.23442
539863250.0,-58.22809
539863312.5,-58.22546
539863375.0,-58.3115
539863437.5,-58.21983
539863500.0,-58.21478
539863562.5,-58.28788
539863625.0,-58.22513
539863687.5,-58.17262
539863750.0,-58.26902
539863812.5,-58.2411
539863875.0,-58.22187
539863937.5,-58.28503
539864000.0,-58.23522
539864062.5,-58.15889
539864125.0,-58.30864
539864187.5,-58.33059
539864250.0,-58.20023
539864312.5,-58.1954
539864375.0,-58.20499
539864437.5,-58.22161
539864500.0,-58.19983
539864562.5,-58.17336
539864625.0,-58.09007
539864687.5,-58.20826
539864750.0,-58.26564
539864812.5,-58.27958
539864875.0,-58.2365
539864937.5,-58.24318
539865000.0,-58.30528
539865062.5,-58.33211
539865125.0,-58.36851
539865187.5,-58.30923
539865250.0,-58.17268
539865312.5,-58.17998
539865375.0,-58.1828
539865437.5,-58.18142
539865500.0,-58.20611
539865562.5,-58.15689
539865625.0,-58.14365
539865687.5,-58.14548
539865750.0,-58.2812
539865812.5,-58.24671
539865875.0,-58.22377
539865937.5,-58.22432
539866000.0,-58.34375
539866062.5,-58.27581
539866125.0,-58.22239
539866187.5,-58.28992
539866250.0,-58.17194
539866312.5,-58.25928
539866375.0,-58.27068
539866437.5,-58.27308
539866500.0,-58.31047
539866562.5,-58.20863
539866625.0,-58.28553
539866687.5,-58.3784
539866750.0,-58.17394
539866812.5,-58.31133
539866875.0,-58.21598
539866937.5,-58.19715
539867000.0,-58.1917
539867062.5,-58.19563
539867125.0,-58.18374
539867187.5,-58.21236
539867250.0,-58.14692
539867312.5,-58.21353
539867375.0,-58.24613
539867437.5,-58.24273
539867500.0,-58.27809
539867562.5,-58.25383
539867625.0,-58.28411
539867687.5,-58.20955
539867750.0,-58.14647
539867812.5,-58.27369
539867875.0,-58.30621
539867937.5,-58.22776
539868000.0,-58.19513
539868062.5,-58.27062
539868125.0,-58.23575
539868187.5,-58.25494
539868250.0,-58.29875
539868312.5,-58.23206
539868375.0,-58.33959
539868437.5,-58.23949
539868500.0,-58.25506
539868562.5,-58.29641
539868625.0,-58.28176
539868687.5,-58.313
539868750.0,-58.34435
539868812.5,-58.33744
539868875.0,-58.21621
539868937.5,-58.25892
539869000.0,-58.27991
539869062.5,-58.3773
539869125.0,-58.32091
539869187.5,-58.26644
539869250.0,-58.26224
539869312.5,-58.25467
539869375.0,-58.26321
539869437.5,-58.24508
539869500.0,-58.33104
539869562.5,-58.30462
539869625.0,-58.37648
539869687.5,-58.21313
539869750.0,-58.23021
539869812.5,-58.26328
539869875.0,-58.23768
539869937.5,-58.19312
539870000.0,-58.32864
539870062.5,-58.27099
539870125.0,-58.37266
539870187.5,-58.2606
539870250.0,-58.30912
539870312.5,-58.32378
539870375.0,-58.34505
539870437.5,-58.3231
539870500.0,-58.29435
539870562.5,-58.3775
539870625.0,-58.29216
539870687.5,-58.20851
539870750.0,-58.19615
539870812.5,-58.25616
539870875.0,-58.21066
539870937.5,-58.31466
539871000.0,-58.2172
539871062.5,-58.30944
539871125.0,-58.21609
539871187.5,-58.35591
539871250.0,-58.36655
539871312.5,-58.29007
539871375.0,-58.32334
539871437.5,-58.27304
539871500.0,-58.29379
539871562.5,-58.37651
539871625.0,-58.37341
539871687.5,-58.30284
539871750.0,-58.18462
539871812.5,-58.3031
539871875.0,-58.29244
539871937.5,-58.24804
539872000.0,-58.30501
539872062.5,-58.35726
539872125.0,-58.40788
539872187.5,-58.28912
539872250.0,-58.30302
539872312.5,-58.34986
539872375.0,-58.29642
539872437.5,-58.29078
539872500.0,-58.28067
539872562.5,-58.30029
539872625.0,-58.40963
539872687.5,-58.30415
539872750.0,-58.29442
539872812.5,-58.32695
539872875.0,-58.18444
539872937.5,-58.36042
539873000.0,-58.30544
539873062.5,-58.3395
539873125.0,-58.35538
539873187.5,-58.30295
539873250.0,-58.24891
539873312.5,-58.22908
539873375.0,-58.3104
539873437.5,-58.24669
539873500.0,-58.34595
539873562.5,-58.27663
539873625.0,-58.25645
539873687.5,-58.36057
539873750.0,-58.33344
539873812.5,-58.28609
539873875.0,-58.34441
539873937.5,-58.35503
539874000.0,-58.35386
539874062.5,-58.32776
539874125.0,-58.25949
539874187.5,-58.31176
539874250.0,-58.29491
539874312.5,-58.29965
539874375.0,-58.31536
539874437.5,-58.38389
539874500.0,-58.33188
539874562.5,-58.34429
539874625.0,-58.29541
539874687.5,-58.26992
539874750.0,-58.33768
539874812.5,-58.31245
539874875.0,-58.27749
539874937.5,-58.32929
539875000.0,-58.29289
539875062.5,-58.27776
539875125.0,-58.31521
539875187.5,-58.31557
539875250.0,-58.39563
539875312.5,-58.43105
539875375.0,-58.44654
539875437.5,-58.35714
539875500.0,-58.30572
539875562.5,-58.3099
539875625.0,-58.29353
539875687.5,-58.29644
539875750.0,-58.24478
539875812.5,-58.37399
539875875.0,-58.43335
539875937.5,-58.31125
539876000.0,-58.29322
539876062.5,-58.40397
539876125.0,-58.33157
539876187.5,-58.41715
539876250.0,-58.3204
539876312.5,-58.29633
539876375.0,-58.33695
539876437.5,-58.30986
539876500.0,-58.36842
539876562.5,-58.42131
539876625.0,-58.3456
539876687.5,-58.34565
539876750.0,-58.26654
539876812.5,-58.38014
539876875.0,-58.36488
539876937.5,-58.34667
539877000.0,-58.32129
539877062.5,-58.36775
539877125.0,-58.29242
539877187.5,-58.32366
539877250.0,-58.39595
539877312.5,-58.23142
539877375.0,-58.36557
539877437.5,-58.33124
539877500.0,-58.40019
539877562.5,-58.40748
539877625.0,-58.40294
539877687.5,-58.3798
539877750.0,-58.30606
539877812.5,-58.32974
539877875.0,-58.29788
539877937.5,-58.25817
539878000.0,-58.27231
539878062.5,-58.34106
539878125.0,-58.34669
539878187.5,-58.2584
539878250.0,-58.36052
539878312.5,-58.46149
539878375.0,-58.31668
539878437.5,-58.30165
539878500.0,-58.33159
539878562.5,-58.36443
539878625.0,-58.3242
539878687.5,-58.37675
539878750.0,-58.25389
539878812.5,-58.39423
539878875.0,-58.44246
539878937.5,-58.29117
539879000.0,-58.46341
539879062.5,-58.3773
539879125.0,-58.31452
539879187.5,-58.48031
539879250.0,-58.30479
539879312.5,-58.31176
539879375.0,-58.44258
539879437.5,-58.35251
539879500.0,-58.4509
539879562.5,-58.40509
539879625.0,-58.33552
539879687.5,-58.38221
539879750.0,-58.46744
539879812.5,-58.3112
539879875.0,-58.44413
539879937.5,-58.37822
539880000.0,-58.41845
539880062.5,-58.39281
539880125.0,-58.37079
539880187.5,-58.56077
539880250.0,-58.35494
539880312.5,-58.39536
539880375.0,-58.34396
539880437.5,-58.32903
539880500.0,-58.41784
539880562.5,-58.43181
539880625.0,-58.37515
539880687.5,-58.45358
539880750.0,-58.40101
539880812.5,-58.35786
539880875.0,-58.33264
539880937.5,-58.2355
539881000.0,-58.35126
539881062.5,-58.34401
539881125.0,-58.46336
539881187.5,-58.37798
539881250.0,-58.4007
539881312.5,-58.43989
539881375.0,-58.42527
539881437.5,-58.34993
539881500.0,-58.39972
539881562.5,-58.34679
539881625.0,-58.43593
539881687.5,-58.37843
539881750.0,-58.33603
539881812.5,-58.41028
539881875.0,-58.46774
539881937.5,-58.50822
539882000.0,-58.32772
539882062.5,-58.3457
539882125.0,-58.42928
539882187.5,-58.46056
539882250.0,-58.42801
539882312.5,-58.38681
539882375.0,-58.48843
539882437.5,-58.47504
539882500.0,-58.36967
539882562.5,-58.36234
539882625.0,-58.36084
539882687.5,-58.41506
539882750.0,-58.37379
539882812.5,-58.40414
539882875.0,-58.33437
539882937.5,-58.45326
539883000.0,-58.47191
539883062.5,-58.31383
539883125.0,-58.43701
539883187.5,-58.46316
539883250.0,-58.39761
539883312.5,-58.50359
539883375.0,-58.39851
539883437.5,-58.43436
539883500.0,-58.47583
539883562.5,-58.37024
539883625.0,-58.45475
539883687.5,-58.43364
539883750.0,-58.29519
539883812.5,-58.50927
539883875.0,-58.54408
539883937.5,-58.37172
539884000.0,-58.40073
539884062.5,-58.47527
539884125.0,-58.43519
539884187.5,-58.43446
539884250.0,-58.38516
539884312.5,-58.4763
539884375.0,-58.50746
539884437.5,-58.34342
539884500.0,-58.37922
539884562.5,-58.45768
539884625.0,-58.52483
539884687.5,-58.33932
539884750.0,-58.35597
539884812.5,-58.41216
539884875.0,-58.39631
539884937.5,-58.44809
539885000.0,-58.35997
539885062.5,-58.41895
539885125.0,-58.53183
539885187.5,-58.51202
539885250.0,-58.37804
539885312.5,-58.52706
539885375.0,-58.44864
539885437.5,-58.47687
539885500.0,-58.54367
539885562.5,-58.46585
539885625.0,-58.40886
539885687.5,-58.36048
539885750.0,-58.37281
539885812.5,-58.34847
539885875.0,-58.38386
539885937.5,-58.42719
539886000.0,-58.51573
539886062.5,-58.38148
539886125.0,-58.52996
539886187.5,-58.42295
539886250.0,-58.37177
539886312.5,-58.53564
539886375.0,-58.39597
539886437.5,-58.42767
539886500.0,-58.30435
539886562.5,-58.44202
539886625.0,-58.3955
539886687.5,-58.48206
539886750.0,-58.47344
539886812.5,-58.42602
539886875.0,-58.422
539886937.5,-58.41219
539887000.0,-58.37322
539887062.5,-58.39777
539887125.0,-58.44184
539887187.5,-58.36044
539887250.0,-58.38316
539887312.5,-58.42904
539887375.0,-58.50214
539887437.5,-58.39905
539887500.0,-58.42774
539887562.5,-58.51558
539887625.0,-58.42252
539887687.5,-58.42708
539887750.0,-58.50954
539887812.5,-58.40396
539887875.0,-58.51099
539887937.5,-58.44165
539888000.0,-58.38263
539888062.5,-58.42604
539888125.0,-58.41208
539888187.5,-58.35357
539888250.0,-58.5377
539888312.5,-58.40938
539888375.0,-58.53629
539888437.5,-58.50227
539888500.0,-58.44618
539888562.5,-58.45599
539888625.0,-58.52602
539888687.5,-58.38961
539888750.0,-58.47486
539888812.5,-58.49716
539888875.0,-58.48515
539888937.5,-58.44139
539889000.0,-58.40248
539889062.5,-58.48691
539889125.0,-58.46763
539889187.5,-58.39198
539889250.0,-58.43351
539889312.5,-58.4377
539889375.0,-58.35406
539889437.5,-58.43755
539889500.0,-58.54251
539889562.5,-58.46799
539889625.0,-58.48804
539889687.5,-58.45413
539889750.0,-58.46359
539889812.5,-58.49054
539889875.0,-58.46155
539889937.5,-58.48371
539890000.0,-58.40797
539890062.5,-58.52952
539890125.0,-58.57547
539890187.5,-58.49273
539890250.0,-58.46472
539890312.5,-58.53109
539890375.0,-58.45704
539890437.5,-58.47721
539890500.0,-58.43149
539890562.5,-58.47676
539890625.0,-58.43848
539890687.5,-58.49335
539890750.0,-58.52029
539890812.5,-58.43483
539890875.0,-58.4775
539890937.5,-58.57663
539891000.0,-58.43041
539891062.5,-58.54747
539891125.0,-58.59888
539891187.5,-58.40616
539891250.0,-58.34822
539891312.5,-58.54628
539891375.0,-58.44709
539891437.5,-58.53931
539891500.0,-58.45699
539891562.5,-58.58366
539891625.0,-58.54637
539891687.5,-58.44831
539891750.0,-58.4761
539891812.5,-58.40629
539891875.0,-58.49877
539891937.5,-58.41099
539892000.0,-58.41949
539892062.5,-58.44194
539892125.0,-58.58923
539892187.5,-58.54061
539892250.0,-58.42707
539892312.5,-58.53735
539892375.0,-58.48016
539892437.5,-58.50155
539892500.0,-58.48239
539892562.5,-58.50283
539892625.0,-58.43452
539892687.5,-58.47583
539892750.0,-58.51476
539892812.5,-58.4795
539892875.0,-58.56261
539892937.5,-58.47693
539893000.0,-58.63363
539893062.5,-58.47699
539893125.0,-58.53376
539893187.5,-58.5128
539893250.0,-58.45199
539893312.5,-58.51503
539893375.0,-58.47107
539893437.5,-58.52067
539893500.0,-58.63171
539893562.5,-58.43165
539893625.0,-58.58833
539893687.5,-58.49794
539893750.0,-58.45583
539893812.5,-58.53639
539893875.0,-58.37648
539893937.5,-58.51645
539894000.0,-58.47229
539894062.5,-58.55173
539894125.0,-58.49812
539894187.5,-58.4824
539894250.0,-58.51509
539894312.5,-58.4238
539894375.0,-58.61407
539894437.5,-58.46385
539894500.0,-58.55666
539894562.5,-58.52968
539894625.0,-58.47994
539894687.5,-58.52732
539894750.0,-58.52017
539894812.5,-58.4771
539894875.0,-58.44095
539894937.5,-58.61426
539895000.0,-58.642
539895062.5,-58.51342
539895125.0,-58.65207
539895187.5,-58.48032
539895250.0,-58.602
539895312.5,-58.47048
539895375.0,-58.53201
539895437.5,-58.63634
539895500.0,-58.57511
539895562.5,-58.51159
539895625.0,-58.58189
539895687.5,-58.51068
539895750.0,-58.60469
539895812.5,-58.42833
539895875.0,-58.53859
539895937.5,-58.57651
539896000.0,-58.55327
539896062.5,-58.60327
539896125.0,-58.51545
539896187.5,-58.48853
539896250.0,-58.62376
539896312.5,-58.5593
539896375.0,-58.55653
539896437.5,-58.51361
539896500.0,-58.45627
539896562.5,-58.45887
539896625.0,-58.52254
539896687.5,-58.49672
539896750.0,-58.57401
539896812.5,-58.57114
539896875.0,-58.4446
539896937.5,-58.6488
539897000.0,-58.71423
539897062.5,-58.60459
539897125.0,-58.68321
539897187.5,-58.5472
539897250.0,-58.61139
539897312.5,-58.46334
539897375.0,-58.59695
539897437.5,-58.54483
539897500.0,-58.58014
539897562.5,-58.60744
539897625.0,-58.49699
539897687.5,-58.63127
539897750.0,-58.65054
539897812.5,-58.51764
539897875.0,-58.53257
539897937.5,-58.5343
539898000.0,-58.56784
539898062.5,-58.56205
539898125.0,-58.58287
539898187.5,-58.57521
539898250.0,-58.60303
539898312.5,-58.56694
539898375.0,-58.55207
539898437.5,-58.584
539898500.0,-58.55568
539898562.5,-58.56372
539898625.0,-58.56671
539898687.5,-58.43292
539898750.0,-58.70079
539898812.5,-58.50466
539898875.0,-58.60632
539898937.5,-58.64217
539899000.0,-58.42134
539899062.5,-58.60712
539899125.0,-58.60548
539899187.5,-58.52924
539899250.0,-58.55403
539899312.5,-58.61076
539899375.0,-58.55008
539899437.5,-58.6112
539899500.0,-58.58635
539899562.5,-58.65301
539899625.0,-58.58945
539899687.5,-58.46189
539899750.0,-58.65966
539899812.5,-58.61264
539899875.0,-58.5391
539899937.5,-58.59875
539900000.0,-58.53316
539900062.5,-58.54168
539900125.0,-58.56996
539900187.5,-58.53297
539900250.0,-58.68039
539900312.5,-58.59564
539900375.0,-58.69607
539900437.5,-58.63474
539900500.0,-58.55793
539900562.5,-58.54242
539900625.0,-58.57794
539900687.5,-58.68138
539900750.0,-58.52877
539900812.5,-58.55854
539900875.0,-58.73069
539900937.5,-58.54845
539901000.0,-58.52901
539901062.5,-58.59865
539901125.0,-58.69798
539901187.5,-58.57883
539901250.0,-58.56216
539901312.5,-58.58341
539901375.0,-58.58435
539901437.5,-58.56525
539901500.0,-58.59718
539901562.5,-58.50013
539901625.0,-58.59547
539901687.5,-58.46877
539901750.0,-58.59754
539901812.5,-58.62321
539901875.0,-58.53314
539901937.5,-58.58668
539902000.0,-58.57079
539902062.5,-58.57684
539902125.0,-58.60606
539902187.5,-58.644
539902250.0,-58.55136
539902312.5,-58.59787
539902375.0,-58.56398
539902437.5,-58.55551
539902500.0,-58.5812
539902562.5,-58.5731
539902625.0,-58.67171
539902687.5,-58.71018
539902750.0,-58.62986
539902812.5,-58.65372
539902875.0,-58.56835
539902937.5,-58.6342
539903000.0,-58.62651
539903062.5,-58.62386
539903125.0,-58.61795
539903187.5,-58.66824
539903250.0,-58.50169
539903312.5,-58.54726
539903375.0,-58.56704
539903437.5,-58.65369
539903500.0,-58.69157
539903562.5,-58.61623
539903625.0,-58.69833
539903687.5,-58.62554
539903750.0,-58.60482
539903812.5,-58.58449
539903875.0,-58.55273
539903937.5,-58.59956
539904000.0,-58.64879
539904062.5,-58.73583
539904125.0,-58.58976
539904187.5,-58.71423
539904250.0,-58.62834
539904312.5,-58.61926
539904375.0,-58.60574
539904437.5,-58.63863
539904500.0,-58.57376
539904562.5,-58.52706
539904625.0,-58.58526
539904687.5,-58.51357
539904750.0,-58.70827
539904812.5,-58.66953
539904875.0,-58.59104
539904937.5,-58.61262
539905000.0,-58.48331
539905062.5,-58.61837
539905125.0,-58.61059
539905187.5,-58.70974
539905250.0,-58.59547
539905312.5,-58.73398
539905375.0,-58.66953
539905437.5,-58.64408
539905500.0,-58.58759
539905562.5,-58.72546
539905625.0,-58.60456
539905687.5,-58.62646
539905750.0,-58.57495
539905812.5,-58.59055
539905875.0,-58.56613
539905937.5,-58.47971
539906000.0,-58.65865
539906062.5,-58.67453
539906125.0,-58.66133
539906187.5,-58.53241
539906250.0,-58.57849
539906312.5,-58.55471
539906375.0,-58.59863
539906437.5,-58.70981
539906500.0,-58.64737
539906562.5,-58.50645
539906625.0,-58.6559
539906687.5,-58.57299
539906750.0,-58.63097
539906812.5,-58.70494
539906875.0,-58.57667
539906937.5,-58.62154
539907000.0,-58.69394
539907062.5,-58.51148
539907125.0,-58.57483
539907187.5,-58.65702
539907250.0,-58.6953
539907312.5,-58.52369
539907375.0,-58.58703
539907437.5,-58.55239
539907500.0,-58.61739
539907562.5,-58.67276
539907625.0,-58.56007
539907687.5,-58.68156
539907750.0,-58.62452
539907812.5,-58.65471
539907875.0,-58.68816
539907937.5,-58.57878
539908000.0,-58.70022
539908062.5,-58.584
539908125.0,-58.68279
539908187.5,-58.5549
539908250.0,-58.63468
539908312.5,-58.57856
539908375.0,-58.61746
539908437.5,-58.58112
539908500.0,-58.67052
539908562.5,-58.67737
539908625.0,-58.64106
539908687.5,-58.66425
539908750.0,-58.61038
539908812.5,-58.6253
539908875.0,-58.62203
539908937.5,-58.67578
539909000.0,-58.68994
539909062.5,-58.65142
539909125.0,-58.65758
539909187.5,-58.72381
539909250.0,-58.74953
539909312.5,-58.60137
539909375.0,-58.6238
539909437.5,-58.67064
539909500.0,-58.70389
539909562.5,-58.70395
539909625.0,-58.6182
539909687.5,-58.61049
539909750.0,-58.68607
539909812.5,-58.68013
539909875.0,-58.7286
539909937.5,-58.59151
539910000.0,-58.75116
539910062.5,-58.73851
539910125.0,-58.64864
539910187.5,-58.63861
539910250.0,-58.61823
539910312.5,-58.6783
539910375.0,-58.61634
539910437.5,-58.69137
539910500.0,-58.64353
539910562.5,-58.70562
539910625.0,-58.76947
539910687.5,-58.65344
539910750.0,-58.61784
539910812.5,-58.59198
539910875.0,-58.64229
539910937.5,-58.70754
539911000.0,-58.66191
539911062.5,-58.69054
539911125.0,-58.67627
539911187.5,-58.70019
539911250.0,-58.63288
539911312.5,-58.68166
539911375.0,-58.62035
539911437.5,-58.66159
539911500.0,-58.79203
539911562.5,-58.74907
539911625.0,-58.77022
539911687.5,-58.67226
539911750.0,-58.62051
539911812.5,-58.64821
539911875.0,-58.65594
539911937.5,-58.6468
539912000.0,-58.70163
539912062.5,-58.70197
539912125.0,-58.63908
539912187.5,-58.71445
539912250.0,-58.72485
539912312.5,-58.64754
539912375.0,-58.70252
539912437.5,-58.64389
539912500.0,-58.76024
539912562.5,-58.64428
539912625.0,-58.66414
539912687.5,-58.71704
539912750.0,-58.65663
539912812.5,-58.64911
539912875.0,-58.75983
539912937.5,-58.66272
539913000.0,-58.62843
539913062.5,-58.67265
539913125.0,-58.63385
539913187.5,-58.7173
539913250.0,-58.80386
539913312.5,-58.74322
539913375.0,-58.69582
539913437.5,-58.7115
539913500.0,-58.7431
539913562.5,-58.60199
539913625.0,-58.67922
539913687.5,-58.69582
539913750.0,-58.73775
539913812.5,-58.74057
539913875.0,-58.73169
539913937.5,-58.69093
539914000.0,-58.72703
539914062.5,-58.70366
539914125.0,-58.68583
539914187.5,-58.65908
539914250.0,-58.66852
539914312.5,-58.66996
539914375.0,-58.7212
539914437.5,-58.67362
539914500.0,-58.72988
539914562.5,-58.74411
539914625.0,-58.68107
539914687.5,-58.68743
539914750.0,-58.60969
539914812.5,-58.63682
539914875.0,-58.71561
539914937.5,-58.72653
539915000.0,-58.78513
539915062.5,-58.69458
539915125.0,-58.77024
539915187.5,-58.74475
539915250.0,-58.69165
539915312.5,-58.66592
539915375.0,-58.77479
539915437.5,-58.72457
539915500.0,-58.79961
539915562.5,-58.75643
539915625.0,-58.76158
539915687.5,-58.69846
539915750.0,-58.80918
539915812.5,-58.71764
539915875.0,-58.69154
539915937.5,-58.68832
539916000.0,-58.7365
539916062.5,-58.7821
539916125.0,-58.68636
539916187.5,-58.71801
539916250.0,-58.66231
539916312.5,-58.72291
539916375.0,-58.66758
539916437.5,-58.69212
539916500.0,-58.72132
539916562.5,-58.70153
539916625.0,-58.64394
539916687.5,-58.6642
539916750.0,-58.76263
539916812.5,-58.70098
539916875.0,-58.74057
539916937.5,-58.708
539917000.0,-58.59371
539917062.5,-58.70261
539917125.0,-58.7197
539917187.5,-58.66376
539917250.0,-58.74951
539917312.5,-58.66817
539917375.0,-58.68879
539917437.5,-58.86015
539917500.0,-58.71649
539917562.5,-58.67469
539917625.0,-58.69657
539917687.5,-58.68455
539917750.0,-58.74568
539917812.5,-58.66314
539917875.0,-58.83377
539917937.5,-58.71075
539918000.0,-58.72395
539918062.5,-58.74542
539918125.0,-58.4907
539918187.5,-58.63833
539918250.0,-58.72925
539918312.5,-58.78064
539918375.0,-58.67325
539918437.5,-58.79673
539918500.0,-58.70452
539918562.5,-58.72176
539918625.0,-58.86588
539918687.5,-58.78401
539918750.0,-58.80744
539918812.5,-58.859
539918875.0,-58.73081
539918937.5,-58.74838
539919000.0,-58.73029
539919062.5,-58.80384
539919125.0,-58.58538
539919187.5,-58.67752
539919250.0,-58.80951
539919312.5,-58.80129
539919375.0,-58.80268
539919437.5,-58.76984
539919500.0,-58.78004
539919562.5,-58.69984
539919625.0,-58.76742
539919687.5,-58.80999
539919750.0,-58.75264
539919812.5,-58.62012
539919875.0,-58.7281
539919937.5,-58.69933
539920000.0,-58.72965
539920062.5,-58.7571
539920125.0,-58.83883
539920187.5,-58.72366
539920250.0,-58.676
539920312.5,-58.74013
539920375.0,-58.8434
539920437.5,-58.63959
539920500.0,-58.7198
539920562.5,-58.79858
539920625.0,-58.70816
539920687.5,-58.77053
539920750.0,-58.80267
539920812.5,-58.80333
539920875.0,-58.81337
539920937.5,-58.82336
539921000.0,-58.84258
539921062.5,-58.73501
539921125.0,-58.67911
539921187.5,-58.72965
539921250.0,-58.70283
539921312.5,-58.77037
539921375.0,-58.66887
539921437.5,-58.7605
539921500.0,-58.8181
539921562.5,-58.71373
539921625.0,-58.90661
539921687.5,-58.71973
539921750.0,-58.75075
539921812.5,-58.74924
539921875.0,-58.71006
539921937.5,-58.74285
539922000.0,-58.83437
539922062.5,-58.81249
539922125.0,-58.66956
539922187.5,-58.74537
539922250.0,-58.78484
539922312.5,-58.71443
539922375.0,-58.76497
539922437.5,-58.73639
539922500.0,-58.77322
539922562.5,-58.79344
539922625.0,-58.76906
539922687.5,-58.69662
539922750.0,-58.69014
539922812.5,-58.80838
539922875.0,-58.74366
539922937.5,-58.76316
539923000.0,-58.73426
539923062.5,-58.77945
539923125.0,-58.80145
539923187.5,-58.78552
539923250.0,-58.7821
539923312.5,-58.74986
539923375.0,-58.77813
539923437.5,-58.8092
539923500.0,-58.79663
539923562.5,-58.65874
539923625.0,-58.7954
539923687.5,-58.77599
539923750.0,-58.92669
539923812.5,-58.72074
539923875.0,-58.82605
539923937.5,-58.77847
539924000.0,-58.87312
539924062.5,-58.78025
539924125.0,-58.72709
539924187.5,-58.75007
539924250.0,-58.93401
539924312.5,-58.80507
539924375.0,-58.78398
539924437.5,-58.73116
539924500.0,-58.86924
539924562.5,-58.83702
539924625.0,-58.77654
539924687.5,-58.81911
539924750.0,-58.79944
539924812.5,-58.72139
539924875.0,-58.85168
539924937.5,-58.77964
539925000.0,-58.84648
539925062.5,-58.77454
539925125.0,-58.7338
539925187.5,-58.87912
539925250.0,-58.79942
539925312.5,-58.78791
539925375.0,-58.79747
539925437.5,-58.80941
539925500.0,-58.79358
539925562.5,-58.8058
539925625.0,-58.81005
539925687.5,-58.6564
539925750.0,-58.79322
539925812.5,-58.70353
539925875.0,-58.86476
539925937.5,-58.66415
539926000.0,-58.82
539926062.5,-58.82018
539926125.0,-58.77887
539926187.5,-58.87478
539926250.0,-58.77522
539926312.5,-58.76618
539926375.0,-58.78021
539926437.5,-58.83233
539926500.0,-58.80647
539926562.5,-58.82917
539926625.0,-58.86605
539926687.5,-58.79818
539926750.0,-58.75468
539926812.5,-58.88052
539926875.0,-58.76768
539926937.5,-58.83143
539927000.0,-58.7674
539927062.5,-58.81228
539927125.0,-58.80053
539927187.5,-58.80449
539927250.0,-58.84706
539927312.5,-58.87924
539927375.0,-58.81984
539927437.5,-58.88963
539927500.0,-58.77811
539927562.5,-58.85835
539927625.0,-58.89566
539927687.5,-58.81328
539927750.0,-58.88414
539927812.5,-58.81763
539927875.0,-58.81012
539927937.5,-58.84962
539928000.0,-58.90503
539928062.5,-58.79453
539928125.0,-58.8545
539928187.5,-58.81772
539928250.0,-58.75394
539928312.5,-58.86063
539928375.0,-58.81092
539928437.5,-58.8496
539928500.0,-58.80048
539928562.5,-58.81609
539928625.0,-58.82506
539928687.5,-58.8559
539928750.0,-58.77879
539928812.5,-58.84895
539928875.0,-58.97023
539928937.5,-58.86375
539929000.0,-58.87923
539929062.5,-58.8687
539929125.0,-58.85236
539929187.5,-58.89211
539929250.0,-58.70752
539929312.5,-58.85012
539929375.0,-58.86997
539929437.5,-58.76773
539929500.0,-58.74671
539929562.5,-58.74249
539929625.0,-58.82148
539929687.5,-58.90979
539929750.0,-58.7999
539929812.5,-58.81534
539929875.0,-58.7769
539929937.5,-58.81694
539930000.0,-58.84143
539930062.5,-58.86371
539930125.0,-58.88833
539930187.5,-58.85574
539930250.0,-58.81956
539930312.5,-58.78325
539930375.0,-58.846
539930437.5,-58.82332
539930500.0,-58.75589
539930562.5,-58.89077
539930625.0,-58.77044
539930687.5,-58.87931
539930750.0,-58.84696
539930812.5,-58.9988
539930875.0,-58.8166
539930937.5,-58.7669
539931000.0,-58.9191
539931062.5,-58.79056
539931125.0,-58.89768
539931187.5,-58.91806
539931250.0,-58.83117
539931312.5,-58.80055
539931375.0,-58.78644
539931437.5,-58.90274
539931500.0,-58.84606
539931562.5,-58.79293
539931625.0,-58.83558
539931687.5,-58.78495
539931750.0,-58.76327
539931812.5,-58.78023
539931875.0,-58.81572
539931937.5,-58.84703
539932000.0,-58.96967
539932062.5,-58.90798
539932125.0,-58.84715
539932187.5,-58.88599
539932250.0,-58.87145
539932312.5,-58.85302
539932375.0,-58.99706
539932437.5,-58.96492
539932500.0,-58.95374
539932562.5,-58.73527
539932625.0,-58.91629
539932687.5,-58.91828
539932750.0,-58.91413
539932812.5,-58.90323
539932875.0,-58.91559
539932937.5,-58.92147
539933000.0,-58.87255
539933062.5,-58.8674
539933125.0,-58.93542
539933187.5,-58.98607
539933250.0,-58.91267
539933312.5,-58.93232
539933375.0,-58.86135
539933437.5,-58.83246
539933500.0,-58.92823
539933562.5,-58.86693
539933625.0,-58.77097
539933687.5,-58.8295
539933750.0,-58.84538
539933812.5,-58.84586
539933875.0,-58.77254
539933937.5,-58.87554
539934000.0,-58.85781
539934062.5,-58.87381
539934125.0,-58.89366
539934187.5,-58.92081
539934250.0,-58.8714
539934312.5,-58.83773
539934375.0,-58.83837
539934437.5,-58.83669
539934500.0,-58.82011
539934562.5,-58.92416
539934625.0,-58.81646
539934687.5,-58.91056
539934750.0,-58.86076
539934812.5,-58.93748
539934875.0,-58.81417
539934937.5,-58.87599
539935000.0,-58.87922
539935062.5,-59.01467
539935125.0,-58.87088
539935187.5,-58.78858
539935250.0,-58.8338
539935312.5,-58.87098
539935375.0,-58.77407
539935437.5,-58.81311
539935500.0,-58.86151
539935562.5,-58.77068
539935625.0,-58.8777
539935687.5,-58.79082
539935750.0,-58.87212
539935812.5,-58.87778
539935875.0,-58.89135
539935937.5,-58.8333
539936000.0,-58.89194
539936062.5,-58.98084
539936125.0,-58.87189
539936187.5,-58.85688
539936250.0,-58.85217
539936312.5,-58.93927
539936375.0,-58.84768
539936437.5,-58.90018
539936500.0,-58.87603
539936562.5,-58.93813
539936625.0,-58.88538
539936687.5,-58.92446
539936750.0,-58.85894
539936812.5,-58.97565
539936875.0,-58.85059
539936937.5,-58.9421
539937000.0,-58.91648
539937062.5,-58.93275
539937125.0,-58.92336
539937187.5,-58.81936
539937250.0,-59.03587
539937312.5,-59.03721
539937375.0,-58.95265
539937437.5,-58.88916
539937500.0,-58.9483
539937562.5,-58.83091
539937625.0,-58.82485
539937687.5,-59.00272
539937750.0,-58.92974
539937812.5,-58.85341
539937875.0,-59.01872
539937937.5,-58.94904
539938000.0,-58.80108
539938062.5,-58.90098
539938125.0,-58.86347
539938187.5,-58.88346
539938250.0,-58.99777
539938312.5,-58.89203
539938375.0,-58.95359
539938437.5,-58.84649
539938500.0,-58.986
539938562.5,-58.87742
539938625.0,-58.93097
539938687.5,-59.00932
539938750.0,-58.92762
539938812.5,-58.88595
539938875.0,-58.85917
539938937.5,-59.02774
539939000.0,-58.90503
539939062.5,-58.85999
539939125.0,-59.05718
539939187.5,-58.88417
539939250.0,-58.90828
539939312.5,-58.88228
539939375.0,-58.87255
539939437.5,-58.76243
539939500.0,-58.98642
539939562.5,-58.96602
539939625.0,-58.92379
539939687.5,-58.97956
539939750.0,-58.86025
539939812.5,-58.87271
539939875.0,-58.92049
539939937.5,-58.97623
539940000.0,-58.93189
539940062.5,-58.99776
539940125.0,-58.84529
539940187.5,-58.86219
539940250.0,-58.90372
539940312.5,-58.95461
539940375.0,-58.96954
539940437.5,-58.94698
539940500.0,-58.96773
539940562.5,-59.01657
539940625.0,-58.90529
539940687.5,-58.9411
539940750.0,-58.9231
539940812.5,-59.06453
539940875.0,-58.97422
539940937.5,-58.90457
539941000.0,-58.99715
539941062.5,-58.94609
539941125.0,-58.90137
539941187.5,-58.88559
539941250.0,-58.9136
539941312.5,-58.98016
539941375.0,-58.94868
539941437.5,-58.78755
539941500.0,-58.96889
539941562.5,-58.97091
539941625.0,-58.92561
539941687.5,-58.8332
539941750.0,-58.9906
539941812.5,-59.10634
539941875.0,-58.82159
539941937.5,-58.91383
539942000.0,-59.00108
539942062.5,-58.9996
539942125.0,-58.98727
539942187.5,-58.92565
539942250.0,-59.04724
539942312.5,-58.97064
539942375.0,-58.89237
539942437.5,-59.00099
539942500.0,-58.855
539942562.5,-58.90239
539942625.0,-59.05017
539942687.5,-58.90999
539942750.0,-58.88363
539942812.5,-58.92701
539942875.0,-58.83992
539942937.5,-58.88475
539943000.0,-58.92136
539943062.5,-58.87624
539943125.0,-58.8417
539943187.5,-59.0644
539943250.0,-58.90531
539943312.5,-58.82537
539943375.0,-59.06477
539943437.5,-59.00242
539943500.0,-59.00441
539943562.5,-58.8698
539943625.0,-58.93721
539943687.5,-59.05339
539943750.0,-58.9634
539943812.5,-58.97258
539943875.0,-58.89021
539943937.5,-58.96296
539944000.0,-59.01427
539944062.5,-58.90883
539944125.0,-59.03693
539944187.5,-58.97879
539944250.0,-59.06048
539944312.5,-58.97377
539944375.0,-59.01538
539944437.5,-58.94323
539944500.0,-59.01485
539944562.5,-58.99664
539944625.0,-58.93002
539944687.5,-58.88577
539944750.0,-58.96115
539944812.5,-58.88016
539944875.0,-58.94963
539944937.5,-59.03137
539945000.0,-58.98628
539945062.5,-58.97527
539945125.0,-59.02662
539945187.5,-59.05249
539945250.0,-59.00828
539945312.5,-58.95775
539945375.0,-58.95515
539945437.5,-58.89479
539945500.0,-59.08326
539945562.5,-59.06119
539945625.0,-58.99493
539945687.5,-58.90237
539945750.0,-58.92559
539945812.5,-58.8963
539945875.0,-58.93554
539945937.5,-59.00301
539946000.0,-58.97388
539946062.5,-58.82553
539946125.0,-59.05057
539946187.5,-59.06933
539946250.0,-59.02308
539946312.5,-59.09197
539946375.0,-59.05247
539946437.5,-58.97561
539946500.0,-58.95808
539946562.5,-58.88172
539946625.0,-59.05762
539946687.5,-59.06567
539946750.0,-58.95966
539946812.5,-58.98947
539946875.0,-59.07251
539946937.5,-59.02492
539947000.0,-58.9375
539947062.5,-58.95728
539947125.0,-59.02786
539947187.5,-59.01328
539947250.0,-59.04636
539947312.5,-58.9711
539947375.0,-58.9873
539947437.5,-58.96704
539947500.0,-59.11152
539947562.5,-58.94291
539947625.0,-59.05113
539947687.5,-58.96589
539947750.0,-58.9155
539947812.5,-59.01009
539947875.0,-59.05884
539947937.5,-59.02691
539948000.0,-59.02934
539948062.5,-59.01424
539948125.0,-58.98005
539948187.5,-59.003
539948250.0,-58.84699
539948312.5,-59.11493
539948375.0,-58.88086
539948437.5,-58.89377
539948500.0,-58.9239
539948562.5,-58.9823
539948625.0,-59.0866
539948687.5,-59.08127
539948750.0,-59.0126
539948812.5,-59.07914
539948875.0,-58.99205
539948937.5,-58.9763
539949000.0,-59.07166
539949062.5,-59.07295
539949125.0,-58.94802
539949187.5,-59.05996
539949250.0,-58.95006
539949312.5,-59.05738
539949375.0,-58.99802
539949437.5,-59.10495
539949500.0,-59.02243
539949562.5,-59.03584
539949625.0,-59.064
539949687.5,-59.03854
539949750.0,-59.07207
539949812.5,-58.95144
539949875.0,-59.02097
539949937.5,-58.97585
539950000.0,-58.92301
539950062.5,-59.09738
539950125.0,-59.11106
539950187.5,-59.03242
539950250.0,-59.06974
539950312.5,-59.12823
539950375.0,-59.09204
539950437.5,-59.08425
539950500.0,-59.054
539950562.5,-59.07751
539950625.0,-58.94436
539950687.5,-59.10137
539950750.0,-59.10591
539950812.5,-59.10068
539950875.0,-59.11282
539950937.5,-58.96856
539951000.0,-59.05224
539951062.5,-59.02068
539951125.0,-59.14115
539951187.5,-59.04039
539951250.0,-59.10078
539951312.5,-59.02788
539951375.0,-58.94806
539951437.5,-59.01019
539951500.0,-59.03475
539951562.5,-59.06016
539951625.0,-58.99511
539951687.5,-59.0182
539951750.0,-59.08953
539951812.5,-59.16052
539951875.0,-59.01918
539951937.5,-59.03302
539952000.0,-59.12717
539952062.5,-58.95727
539952125.0,-59.14076
539952187.5,-59.02053
539952250.0,-59.12429
539952312.5,-59.05444
539952375.0,-59.04978
539952437.5,-59.09383
539952500.0,-59.00567
539952562.5,-59.05406
539952625.0,-59.05389
539952687.5,-59.09231
539952750.0,-59.04051
539952812.5,-59.09378
539952875.0,-59.17516
539952937.5,-58.93914
539953000.0,-59.082
539953062.5,-59.03917
539953125.0,-59.02769
539953187.5,-59.0522
539953250.0,-59.00344
539953312.5,-59.07446
539953375.0,-59.01151
539953437.5,-59.09446
539953500.0,-58.93964
539953562.5,-59.00916
539953625.0,-59.06322
539953687.5,-58.97591
539953750.0,-58.99363
539953812.5,-59.12711
539953875.0,-59.10129
539953937.5,-59.02075
539954000.0,-59.06758
539954062.5,-59.02041
539954125.0,-59.06473
539954187.5,-59.10542
539954250.0,-59.04261
539954312.5,-59.05053
539954375.0,-59.01522
539954437.5,-59.04549
539954500.0,-59.04316
539954562.5,-59.14229
539954625.0,-59.00439
539954687.5,-59.10194
539954750.0,-59.08545
539954812.5,-59.07461
539954875.0,-59.03558
539954937.5,-59.13255
539955000.0,-59.06717
539955062.5,-58.97578
539955125.0,-59.06458
539955187.5,-59.11902
539955250.0,-58.98249
539955312.5,-59.16144
539955375.0,-59.03721
539955437.5,-59.11538
539955500.0,-59.16338
539955562.5,-59.07471
539955625.0,-59.06197
539955687.5,-59.1159
539955750.0,-59.0731
539955812.5,-59.14264
539955875.0,-59.0308
539955937.5,-59.05877
539956000.0,-59.00821
539956062.5,-59.14236
539956125.0,-59.15017
539956187.5,-59.05426
539956250.0,-59.01598
539956312.5,-59.13524
539956375.0,-59.04236
539956437.5,-59.0291
539956500.0,-59.08767
539956562.5,-59.04005
539956625.0,-59.08558
539956687.5,-59.16407
539956750.0,-58.95697
539956812.5,-59.11444
539956875.0,-58.96451
539956937.5,-58.97784
539957000.0,-59.07969
539957062.5,-59.01373
539957125.0,-58.99126
539957187.5,-58.98849
539957250.0,-58.92065
539957312.5,-59.07167
539957375.0,-59.08601
539957437.5,-59.28006
539957500.0,-59.12201
539957562.5,-59.12354
539957625.0,-59.27541
539957687.5,-59.15812
539957750.0,-59.24701
539957812.5,-59.17583
539957875.0,-59.04129
539957937.5,-59.05893
539958000.0,-59.04538
539958062.5,-59.03258
539958125.0,-59.07653
539958187.5,-59.05683
539958250.0,-59.09506
539958312.5,-59.04235
539958375.0,-59.09155
539958437.5,-59.0408
539958500.0,-59.04087
539958562.5,-58.9724
539958625.0,-59.12952
539958687.5,-58.97722
539958750.0,-59.04966
539958812.5,-59.10415
539958875.0,-59.05347
539958937.5,-59.12973
539959000.0,-59.13866
539959062.5,-59.1249
539959125.0,-59.08958
539959187.5,-59.04542
539959250.0,-59.10154
539959312.5,-58.99741
539959375.0,-59.1852
539959437.5,-59.06428
539959500.0,-59.14249
539959562.5,-59.06295
539959625.0,-59.13371
539959687.5,-59.10936
539959750.0,-59.18849
539959812.5,-59.10461
539959875.0,-59.13067
539959937.5,-59.09082
539960000.0,-59.06022
539960062.5,-59.07427
539960125.0,-59.08359
539960187.5,-59.08988
539960250.0,-59.16943
539960312.5,-59.07292
539960375.0,-59.08981
539960437.5,-59.12596
539960500.0,-59.13219
539960562.5,-59.12238
539960625.0,-59.21223
539960687.5,-59.08692
539960750.0,-59.06009
539960812.5,-59.24874
539960875.0,-59.13811
539960937.5,-59.08224
539961000.0,-59.07526
539961062.5,-59.13343
539961125.0,-59.10072
539961187.5,-59.12238
539961250.0,-59.17601
539961312.5,-59.18786
539961375.0,-59.08557
539961437.5,-59.16459
539961500.0,-59.16368
539961562.5,-58.99953
539961625.0,-59.10041
539961687.5,-59.12257
539961750.0,-59.08258
539961812.5,-59.10342
539961875.0,-59.09209
539961937.5,-59.16433
539962000.0,-59.12734
539962062.5,-59.13281
539962125.0,-59.08154
539962187.5,-59.24013
539962250.0,-59.03225
539962312.5,-59.14918
539962375.0,-59.12243
539962437.5,-59.04892
539962500.0,-59.14854
539962562.5,-59.16246
539962625.0,-59.17812
539962687.5,-59.10707
539962750.0,-59.22874
539962812.5,-59.2092
539962875.0,-59.20142
539962937.5,-58.97598
539963000.0,-59.20338
539963062.5,-59.18549
539963125.0,-59.0937
539963187.5,-59.16145
539963250.0,-59.23878
539963312.5,-59.20506
539963375.0,-59.17057
539963437.5,-59.21035
539963500.0,-59.05243
539963562.5,-59.07614
539963625.0,-59.14437
539963687.5,-59.20159
539963750.0,-59.12882
539963812.5,-59.13849
539963875.0,-59.10256
539963937.5,-59.09563
539964000.0,-59.29211
539964062.5,-59.0518
539964125.0,-59.25053
539964187.5,-59.06048
539964250.0,-59.09749
539964312.5,-59.12983
539964375.0,-59.19005
539964437.5,-59.17004
539964500.0,-59.16675
539964562.5,-59.08231
539964625.0,-59.21128
539964687.5,-59.03992
539964750.0,-59.0777
539964812.5,-59.09415
539964875.0,-59.22745
539964937.5,-59.22755
539965000.0,-59.14273
539965062.5,-59.0473
539965125.0,-59.28382
539965187.5,-59.05563
539965250.0,-59.19279
539965312.5,-59.21236
539965375.0,-59.20119
539965437.5,-59.10929
539965500.0,-59.07729
539965562.5,-59.12604
539965625.0,-59.01176
539965687.5,-59.10486
539965750.0,-59.22097
539965812.5,-59.19706
539965875.0,-59.16914
539965937.5,-59.14284
539966000.0,-59.15352
539966062.5,-59.09185
539966125.0,-59.09616
539966187.5,-59.23862
539966250.0,-59.08203
539966312.5,-59.32125
539966375.0,-59.15548
539966437.5,-59.11943
539966500.0,-59.06165
539966562.5,-59.18155
539966625.0,-59.20419
539966687.5,-59.08292
539966750.0,-59.28004
539966812.5,-59.14314
539966875.0,-59.32166
539966937.5,-59.13916
539967000.0,-59.10457
539967062.5,-59.20728
539967125.0,-59.09124
539967187.5,-59.15674
539967250.0,-59.15752
539967312.5,-59.14886
539967375.0,-59.2324
539967437.5,-59.13934
539967500.0,-59.12062
539967562.5,-59.15595
539967625.0,-59.20611
539967687.5,-59.14527
539967750.0,-59.16968
539967812.5,-59.13466
539967875.0,-59.11697
539967937.5,-59.1475
539968000.0,-59.15598
539968062.5,-59.18537
539968125.0,-59.22089
539968187.5,-59.14877
539968250.0,-59.26108
539968312.5,-59.12088
539968375.0,-59.16486
539968437.5,-59.16573
539968500.0,-59.11222
539968562.5,-59.08965
539968625.0,-59.0961
539968687.5,-59.16087
539968750.0,-59.22216
539968812.5,-59.17693
539968875.0,-59.19006
539968937.5,-59.24378
539969000.0,-59.22696
539969062.5,-59.3039
539969125.0,-59.1427
539969187.5,-59.36909
539969250.0,-59.16528
539969312.5,-59.11255
539969375.0,-59.13027
539969437.5,-59.22823
539969500.0,-59.25029
539969562.5,-59.31819
539969625.0,-59.15303
539969687.5,-59.17977
539969750.0,-59.1816
539969812.5,-59.13481
539969875.0,-59.13627
539969937.5,-59.20716
539970000.0,-59.22391
539970062.5,-59.14582
539970125.0,-59.12753
539970187.5,-59.1293
539970250.0,-59.16782
539970312.5,-59.15586
539970375.0,-59.21571
539970437.5,-59.15492
539970500.0,-59.10409
539970562.5,-59.23822
539970625.0,-59.25064
539970687.5,-59.28793
539970750.0,-59.35641
539970812.5,-59.20585
539970875.0,-59.24709
539970937.5,-59.23794
539971000.0,-59.23095
539971062.5,-59.18581
539971125.0,-59.17063
539971187.5,-59.07814
539971250.0,-59.26846
539971312.5,-59.15323
539971375.0,-59.22057
539971437.5,-59.15599
539971500.0,-59.1602
539971562.5,-59.08267
539971625.0,-59.13522
539971687.5,-59.20242
539971750.0,-59.32233
539971812.5,-59.20422
539971875.0,-59.15609
539971937.5,-59.25423
539972000.0,-59.21629
539972062.5,-59.12813
539972125.0,-59.23231
539972187.5,-59.20921
539972250.0,-59.23991
539972312.5,-59.1667
539972375.0,-59.19049
539972437.5,-59.2645
539972500.0,-59.24998
539972562.5,-59.1598
539972625.0,-59.27228
539972687.5,-59.13415
539972750.0,-59.1891
539972812.5,-59.29506
539972875.0,-59.26551
539972937.5,-59.26546
539973000.0,-59.20424
539973062.5,-59.22421
539973125.0,-59.1571
539973187.5,-59.23082
539973250.0,-59.26952
539973312.5,-59.31782
539973375.0,-59.19337
539973437.5,-59.19412
539973500.0,-59.10833
539973562.5,-59.20251
539973625.0,-59.21915
539973687.5,-59.25351
539973750.0,-59.25814
539973812.5,-59.27259
539973875.0,-59.24457
539973937.5,-59.25083
539974000.0,-59.19001
539974062.5,-59.15154
539974125.0,-59.26303
539974187.5,-59.20332
539974250.0,-59.28146
539974312.5,-59.29631
539974375.0,-59.27811
539974437.5,-59.2328
539974500.0,-59.24145
539974562.5,-59.27375
539974625.0,-59.25245
539974687.5,-59.1557
539974750.0,-59.20292
539974812.5,-59.19387
539974875.0,-59.23678
539974937.5,-59.18385
539975000.0,-59.28422
539975062.5,-59.29377
539975125.0,-59.26399
539975187.5,-59.17079
539975250.0,-59.21102
539975312.5,-59.26262
539975375.0,-59.33036
539975437.5,-59.23922
539975500.0,-59.25071
539975562.5,-59.31603
539975625.0,-59.19241
539975687.5,-59.29206
539975750.0,-59.22477
539975812.5,-59.32922
539975875.0,-59.17764
539975937.5,-59.22464
539976000.0,-59.21688
539976062.5,-59.16277
539976125.0,-59.1575
539976187.5,-59.2875
539976250.0,-59.27098
539976312.5,-59.16925
539976375.0,-59.35675
539976437.5,-59.25512
539976500.0,-59.27533
539976562.5,-59.23774
539976625.0,-59.23472
539976687.5,-59.18441
539976750.0,-59.35231
539976812.5,-59.18335
539976875.0,-59.16633
539976937.5,-59.27903
539977000.0,-59.29239
539977062.5,-59.1209
539977125.0,-59.26634
539977187.5,-59.35555
539977250.0,-59.20362
539977312.5,-59.33622
539977375.0,-59.15577
539977437.5,-59.19168
539977500.0,-59.33001
539977562.5,-59.14118
539977625.0,-59.13605
539977687.5,-59.21049
539977750.0,-59.23914
539977812.5,-59.29224
539977875.0,-59.14916
539977937.5,-59.13055
539978000.0,-59.21033
539978062.5,-59.30496
539978125.0,-59.27343
539978187.5,-59.32469
539978250.0,-59.24057
539978312.5,-59.16669
539978375.0,-59.31811
539978437.5,-59.25397
539978500.0,-59.33037
539978562.5,-59.24384
539978625.0,-59.26619
539978687.5,-59.31571
539978750.0,-59.30285
539978812.5,-59.24607
539978875.0,-59.19979
