2492245156.25,-33.39817
2492245312.5,-33.40364
2492245468.75,-33.39954
2492245625.0,-33.40341
2492245781.25,-33.39011
2492245937.5,-33.39771
2492246093.75,-33.40153
2492246250.0,-33.40011
2492246406.25,-33.40348
2492246562.5,-33.39964
2492246718.75,-33.39517
2492246875.0,-33.40015
2492247031.25,-33.39561
2492247187.5,-33.39399
2492247343.75,-33.3999
2492247500.0,-33.39949
2492247656.25,-33.39983
2492247812.5,-33.39539
2492247968.75,-33.39093
2492248125.0,-33.40053
2492248281.25,-33.38524
2492248437.5,-33.38579
2492248593.75,-33.39082
2492248750.0,-33.39255
2492248906.25,-33.398
2492249062.5,-33.39272
2492249218.75,-33.38614
2492249375.0,-33.39061
2492249531.25,-33.39371
2492249687.5,-33.39379
2492249843.75,-33.387
2492250000.0,-33.39453
2492250156.25,-33.39227
2492250312.5,-33.38718
2492250468.75,-33.3921
2492250625.0,-33.38467
2492250781.25,-33.38565
2492250937.5,-33.3877
2492251093.75,-33.38927
2492251250.0,-33.39223
2492251406.25,-33.38851
2492251562.5,-33.38626
2492251718.75,-33.38913
2492251875.0,-33.38075
2492252031.25,-33.38416
2492252187.5,-33.38521
2492252343.75,-33.37854
2492252500.0,-33.37824
2492252656.25,-33.38512
2492252812.5,-33.37775
2492252968.75,-33.37833
2492253125.0,-33.37457
2492253281.25,-33.37365
2492253437.5,-33.37704
2492253593.75,-33.38508
2492253750.0,-33.37002
2492253906.25,-33.37323
2492254062.5,-33.37956
2492254218.75,-33.37926
2492254375.0,-33.38153
2492254531.25,-33.37979
2492254687.5,-33.37911
2492254843.75,-33.37934
2492255000.0,-33.37267
2492255156.25,-33.38318
2492255312.5,-33.37578
2492255468.75,-33.37518
2492255625.0,-33.38085
2492255781.25,-33.38203
2492255937.5,-33.3744
2492256093.75,-33.37686
2492256250.0,-33.38005
2492256406.25,-33.37603
2492256562.5,-33.3755
2492256718.75,-33.37647
2492256875.0,-33.36736
2492257031.25,-33.3647
2492257187.5,-33.3626
2492257343.75,-33.36538
2492257500.0,-33.37361
2492257656.25,-33.37538
2492257812.5,-33.3686
2492257968.75,-33.37563
2492258125.0,-33.37751
2492258281.25,-33.36535
2492258437.5,-33.363
2492258593.75,-33.37016
2492258750.0,-33.36863
2492258906.25,-33.36239
2492259062.5,-33.37445
2492259218.75,-33.36713
2492259375.0,-33.366
2492259531.25,-33.36488
2492259687.5,-33.36094
2492259843.75,-33.36957
2492260000.0,-33.35569
2492260156.25,-33.36652
2492260312.5,-33.36089
2492260468.75,-33.36391
2492260625.0,-33.36113
2492260781.25,-33.3529
2492260937.5,-33.35647
2492261093.75,-33.35801
2492261250.0,-33.36613
2492261406.25,-33.3585
2492261562.5,-33.36855
2492261718.75,-33.36422
2492261875.0,-33.35801
2492262031.25,-33.36476
2492262187.5,-33.3671
2492262343.75,-33.35686
2492262500.0,-33.35729
2492262656.25,-33.35486
2492262812.5,-33.36308
2492262968.75,-33.36449
2492263125.0,-33.35818
2492263281.25,-33.36208
2492263437.5,-33.3575
2492263593.75,-33.34787
2492263750.0,-33.35763
2492263906.25,-33.35379
2492264062.5,-33.36092
2492264218.75,-33.35954
2492264375.0,-33.35272
2492264531.25,-33.35413
2492264687.5,-33.35069
2492264843.75,-33.36499
2492265000.0,-33.35273
2492265156.25,-33.35564
2492265312.5,-33.34895
2492265468.75,-33.3494
2492265625.0,-33.35258
2492265781.25,-33.35265
2492265937.5,-33.35255
2492266093.75,-33.34644
2492266250.0,-33.35044
2492266406.25,-33.34821
2492266562.5,-33.3522
2492266718.75,-33.35693
2492266875.0,-33.34721
2492267031.25,-33.3447
2492267187.5,-33.34292
2492267343.75,-33.35117
2492267500.0,-33.34987
2492267656.25,-33.35248
2492267812.5,-33.34212
2492267968.75,-33.34775
2492268125.0,-33.35087
2492268281.25,-33.34613
2492268437.5,-33.34584
2492268593.75,-33.35047
2492268750.0,-33.34526
2492268906.25,-33.34856
2492269062.5,-33.34084
2492269218.75,-33.34624
2492269375.0,-33.34896
2492269531.25,-33.33652
2492269687.5,-33.33964
2492269843.75,-33.34118
2492270000.0,-33.34048
2492270156.25,-33.34511
2492270312.5,-33.34354
2492270468.75,-33.32835
2492270625.0,-33.34495
2492270781.25,-33.3385
2492270937.5,-33.33848
2492271093.75,-33.35016
2492271250.0,-33.34014
2492271406.25,-33.3337
2492271562.5,-33.33244
2492271718.75,-33.34332
2492271875.0,-33.34649
2492272031.25,-33.34468
2492272187.5,-33.33914
2492272343.75,-33.33792
2492272500.0,-33.33214
2492272656.25,-33.33821
2492272812.5,-33.3334
2492272968.75,-33.33174
2492273125.0,-33.33116
2492273281.25,-33.33298
2492273437.5,-33.34125
2492273593.75,-33.32941
2492273750.0,-33.33097
2492273906.25,-33.32952
2492274062.5,-33.33945
2492274218.75,-33.33522
2492274375.0,-33.33503
2492274531.25,-33.3369
2492274687.5,-33.33848
2492274843.75,-33.3358
2492275000.0,-33.33381
2492275156.25,-33.32154
2492275312.5,-33.33232
2492275468.75,-33.32867
2492275625.0,-33.33517
2492275781.25,-33.32195
2492275937.5,-33.32997
2492276093.75,-33.32369
2492276250.0,-33.33041
2492276406.25,-33.32724
2492276562.5,-33.33021
2492276718.75,-33.32204
2492276875.0,-33.32338
2492277031.25,-33.31951
2492277187.5,-33.32932
2492277343.75,-33.32456
2492277500.0,-33.32578
2492277656.25,-33.32847
2492277812.5,-33.32793
2492277968.75,-33.31943
2492278125.0,-33.32795
2492278281.25,-33.32731
2492278437.5,-33.31945
2492278593.75,-33.31849
2492278750.0,-33.31917
2492278906.25,-33.32061
2492279062.5,-33.31961
2492279218.75,-33.32154
2492279375.0,-33.32343
2492279531.25,-33.32176
2492279687.5,-33.323
2492279843.75,-33.32027
2492280000.0,-33.32415
2492280156.25,-33.32239
2492280312.5,-33.31887
2492280468.75,-33.31746
2492280625.0,-33.31451
2492280781.25,-33.3134
2492280937.5,-33.31043
2492281093.75,-33.31955
2492281250.0,-33.31522
2492281406.25,-33.31335
2492281562.5,-33.31442
2492281718.75,-33.31106
2492281875.0,-33.31882
2492282031.25,-33.31215
2492282187.5,-33.31074
2492282343.75,-33.31575
2492282500.0,-33.31651
2492282656.25,-33.3132
2492282812.5,-33.3144
2492282968.75,-33.30975
2492283125.0,-33.3167
2492283281.25,-33.30822
2492283437.5,-33.31744
2492283593.75,-33.30177
2492283750.0,-33.31058
2492283906.25,-33.31036
2492284062.5,-33.31059
2492284218.75,-33.31433
2492284375.0,-33.31287
2492284531.25,-33.30392
2492284687.5,-33.30978
2492284843.75,-33.30816
2492285000.0,-33.30989
2492285156.25,-33.31155
2492285312.5,-33.31185
2492285468.75,-33.30464
2492285625.0,-33.3102
2492285781.25,-33.30462
2492285937.5,-33.29851
2492286093.75,-33.30206
2492286250.0,-33.30439
2492286406.25,-33.30592
2492286562.5,-33.30569
2492286718.75,-33.30368
2492286875.0,-33.29951
2492287031.25,-33.29825
2492287187.5,-33.29823
2492287343.75,-33.29754
2492287500.0,-33.30445
2492287656.25,-33.30409
2492287812.5,-33.30149
2492287968.75,-33.29968
2492288125.0,-33.29767
2492288281.25,-33.29677
2492288437.5,-33.29857
2492288593.75,-33.3014
2492288750.0,-33.30013
2492288906.25,-33.30303
2492289062.5,-33.29787
2492289218.75,-33.30376
2492289375.0,-33.29291
2492289531.25,-33.29667
2492289687.5,-33.29579
2492289843.75,-33.2986
2492290000.0,-33.29961
2492290156.25,-33.295
2492290312.5,-33.30383
2492290468.75,-33.294
2492290625.0,-33.29596
2492290781.25,-33.28768
2492290937.5,-33.29084
2492291093.75,-33.29346
2492291250.0,-33.27975
2492291406.25,-33.2844
2492291562.5,-33.29072
2492291718.75,-33.29088
2492291875.0,-33.29813
2492292031.25,-33.28835
2492292187.5,-33.2836
2492292343.75,-33.28872
2492292500.0,-33.28606
2492292656.25,-33.28902
2492292812.5,-33.2926
2492292968.75,-33.27985
2492293125.0,-33.29457
2492293281.25,-33.28284
2492293437.5,-33.29115
2492293593.75,-33.28699
2492293750.0,-33.28674
2492293906.25,-33.28655
2492294062.5,-33.29242
2492294218.75,-33.28122
2492294375.0,-33.28527
2492294531.25,-33.27879
2492294687.5,-33.27737
2492294843.75,-33.28532
2492295000.0,-33.27843
2492295156.25,-33.29182
2492295312.5,-33.28504
2492295468.75,-33.27584
2492295625.0,-33.29107
2492295781.25,-33.28418
2492295937.5,-33.27371
2492296093.75,-33.27696
2492296250.0,-33.28052
2492296406.25,-33.28983
2492296562.5,-33.27669
2492296718.75,-33.27153
2492296875.0,-33.27822
2492297031.25,-33.28219
2492297187.5,-33.27832
2492297343.75,-33.26845
2492297500.0,-33.27258
2492297656.25,-33.27693
2492297812.5,-33.27678
2492297968.75,-33.27534
2492298125.0,-33.28296
2492298281.25,-33.27517
2492298437.5,-33.2767
2492298593.75,-33.27406
2492298750.0,-33.27809
2492298906.25,-33.2803
2492299062.5,-33.27828
2492299218.75,-33.26936
2492299375.0,-33.28165
2492299531.25,-33.27936
2492299687.5,-33.26854
2492299843.75,-33.27249
2492300000.0,-33.262
2492300156.25,-33.27095
2492300312.5,-33.27096
2492300468.75,-33.2679
2492300625.0,-33.27027
2492300781.25,-33.27564
2492300937.5,-33.26521
2492301093.75,-33.25984
2492301250.0,-33.27041
2492301406.25,-33.27435
2492301562.5,-33.26361
2492301718.75,-33.27005
2492301875.0,-33.27125
2492302031.25,-33.26693
2492302187.5,-33.27022
2492302343.75,-33.26583
2492302500.0,-33.26715
2492302656.25,-33.2603
2492302812.5,-33.26637
2492302968.75,-33.27021
2492303125.0,-33.26932
2492303281.25,-33.26096
2492303437.5,-33.26277
2492303593.75,-33.25904
2492303750.0,-33.26362
2492303906.25,-33.26196
2492304062.5,-33.25129
2492304218.75,-33.26183
2492304375.0,-33.25846
2492304531.25,-33.26091
2492304687.5,-33.25645
2492304843.75,-33.26345
2492305000.0,-33.26418
2492305156.25,-33.26221
2492305312.5,-33.25406
2492305468.75,-33.25416
2492305625.0,-33.26373
2492305781.25,-33.2588
2492305937.5,-33.25743
2492306093.75,-33.26111
2492306250.0,-33.2566
2492306406.25,-33.25436
2492306562.5,-33.25399
2492306718.75,-33.25354
2492306875.0,-33.24934
2492307031.25,-33.25623
2492307187.5,-33.24948
2492307343.75,-33.25056
2492307500.0,-33.25286
2492307656.25,-33.2538
2492307812.5,-33.25002
2492307968.75,-33.25911
2492308125.0,-33.25725
2492308281.25,-33.25377
2492308437.5,-33.24326
2492308593.75,-33.2532
2492308750.0,-33.2528
2492308906.25,-33.24358
2492309062.5,-33.2535
2492309218.75,-33.25212
2492309375.0,-33.24466
2492309531.25,-33.25224
2492309687.5,-33.24328
2492309843.75,-33.24439
2492310000.0,-33.23608
2492310156.25,-33.24671
2492310312.5,-33.24459
2492310468.75,-33.2472
2492310625.0,-33.24477
2492310781.25,-33.23947
2492310937.5,-33.24968
2492311093.75,-33.24718
2492311250.0,-33.23775
2492311406.25,-33.24862
2492311562.5,-33.24343
2492311718.75,-33.23701
2492311875.0,-33.24004
2492312031.25,-33.24201
2492312187.5,-33.24675
2492312343.75,-33.24654
2492312500.0,-33.24467
2492312656.25,-33.24191
2492312812.5,-33.23513
2492312968.75,-33.23815
2492313125.0,-33.24041
2492313281.25,-33.23932
2492313437.5,-33.23937
2492313593.75,-33.24493
2492313750.0,-33.23796
2492313906.25,-33.23777
2492314062.5,-33.24245
2492314218.75,-33.23583
2492314375.0,-33.24121
2492314531.25,-33.23643
2492314687.5,-33.24375
2492314843.75,-33.23803
2492315000.0,-33.24093
2492315156.25,-33.23137
2492315312.5,-33.23119
2492315468.75,-33.23531
2492315625.0,-33.23481
2492315781.25,-33.22984
2492315937.5,-33.23313
2492316093.75,-33.22594
2492316250.0,-33.22223
2492316406.25,-33.23651
2492316562.5,-33.23615
2492316718.75,-33.23069
2492316875.0,-33.23731
2492317031.25,-33.23391
2492317187.5,-33.23446
2492317343.75,-33.22419
2492317500.0,-33.23332
2492317656.25,-33.2319
2492317812.5,-33.22846
2492317968.75,-33.23077
2492318125.0,-33.22785
2492318281.25,-33.22676
2492318437.5,-33.23645
2492318593.75,-33.22325
2492318750.0,-33.2263
2492318906.25,-33.22684
2492319062.5,-33.22578
2492319218.75,-33.22525
2492319375.0,-33.226
2492319531.25,-33.22472
2492319687.5,-33.22359
2492319843.75,-33.22916
2492320000.0,-33.2216
2492320156.25,-33.22718
2492320312.5,-33.22954
2492320468.75,-33.21825
2492320625.0,-33.22003
2492320781.25,-33.21555
2492320937.5,-33.22491
2492321093.75,-33.22112
2492321250.0,-33.2169
2492321406.25,-33.22481
2492321562.5,-33.20922
2492321718.75,-33.22462
2492321875.0,-33.21498
2492322031.25,-33.21738
2492322187.5,-33.22311
2492322343.75,-33.22333
2492322500.0,-33.22297
2492322656.25,-33.22079
2492322812.5,-33.21422
2492322968.75,-33.20737
2492323125.0,-33.20817
2492323281.25,-33.21597
2492323437.5,-33.21354
2492323593.75,-33.22252
2492323750.0,-33.21129
2492323906.25,-33.21444
2492324062.5,-33.21389
2492324218.75,-33.21692
2492324375.0,-33.21695
2492324531.25,-33.21099
2492324687.5,-33.20606
2492324843.75,-33.21234
2492325000.0,-33.21644
2492325156.25,-33.21366
2492325312.5,-33.20961
2492325468.75,-33.21928
2492325625.0,-33.21227
2492325781.25,-33.21233
2492325937.5,-33.20824
2492326093.75,-33.20877
2492326250.0,-33.21264
2492326406.25,-33.20682
2492326562.5,-33.20228
2492326718.75,-33.20945
2492326875.0,-33.2047
2492327031.25,-33.20446
2492327187.5,-33.20834
2492327343.75,-33.20308
2492327500.0,-33.20952
2492327656.25,-33.20496
2492327812.5,-33.19768
2492327968.75,-33.20302
2492328125.0,-33.1995
2492328281.25,-33.20683
2492328437.5,-33.20335
2492328593.75,-33.19216
2492328750.0,-33.20429
2492328906.25,-33.20158
2492329062.5,-33.20561
2492329218.75,-33.19564
2492329375.0,-33.19812
2492329531.25,-33.19394
2492329687.5,-33.19772
2492329843.75,-33.19685
2492330000.0,-33.20518
2492330156.25,-33.20319
2492330312.5,-33.19943
2492330468.75,-33.19928
2492330625.0,-33.20567
2492330781.25,-33.1966
2492330937.5,-33.19229
2492331093.75,-33.20401
2492331250.0,-33.19316
2492331406.25,-33.19225
2492331562.5,-33.20006
2492331718.75,-33.191
2492331875.0,-33.18469
2492332031.25,-33.19513
2492332187.5,-33.19594
2492332343.75,-33.20212
2492332500.0,-33.19696
2492332656.25,-33.18941
2492332812.5,-33.18155
2492332968.75,-33.19434
2492333125.0,-33.19079
2492333281.25,-33.19521
2492333437.5,-33.19217
2492333593.75,-33.18567
2492333750.0,-33.19168
2492333906.25,-33.19069
2492334062.5,-33.19255
2492334218.75,-33.19185
2492334375.0,-33.19481
2492334531.25,-33.19043
2492334687.5,-33.19115
2492334843.75,-33.18851
2492335000.0,-33.18558
2492335156.25,-33.18515
2492335312.5,-33.19116
2492335468.75,-33.1848
2492335625.0,-33.18151
2492335781.25,-33.17925
2492335937.5,-33.18569
2492336093.75,-33.19237
2492336250.0,-33.17964
2492336406.25,-33.18782
2492336562.5,-33.19055
2492336718.75,-33.18063
2492336875.0,-33.18151
2492337031.25,-33.17994
2492337187.5,-33.18657
2492337343.75,-33.18248
2492337500.0,-33.18473
2492337656.25,-33.17421
2492337812.5,-33.17889
2492337968.75,-33.17749
2492338125.0,-33.18495
2492338281.25,-33.18178
2492338437.5,-33.18286
2492338593.75,-33.18025
2492338750.0,-33.17627
2492338906.25,-33.17468
2492339062.5,-33.17766
2492339218.75,-33.17525
2492339375.0,-33.17645
2492339531.25,-33.17813
2492339687.5,-33.18081
2492339843.75,-33.1759
2492340000.0,-33.17999
2492340156.25,-33.18485
2492340312.5,-33.17205
2492340468.75,-33.17995
2492340625.0,-33.17716
2492340781.25,-33.17737
2492340937.5,-33.17971
2492341093.75,-33.17622
2492341250.0,-33.16916
2492341406.25,-33.17086
2492341562.5,-33.17519
2492341718.75,-33.17274
2492341875.0,-33.16236
2492342031.25,-33.16959
2492342187.5,-33.17001
2492342343.75,-33.17171
2492342500.0,-33.16459
2492342656.25,-33.16756
2492342812.5,-33.17369
2492342968.75,-33.17081
2492343125.0,-33.16722
2492343281.25,-33.16825
2492343437.5,-33.16803
2492343593.75,-33.16395
2492343750.0,-33.16496
2492343906.25,-33.15911
2492344062.5,-33.17259
2492344218.75,-33.16087
2492344375.0,-33.17025
2492344531.25,-33.1689
2492344687.5,-33.16576
2492344843.75,-33.15974
2492345000.0,-33.1651
2492345156.25,-33.16774
2492345312.5,-33.16075
2492345468.75,-33.15788
2492345625.0,-33.16014
2492345781.25,-33.16899
2492345937.5,-33.16388
2492346093.75,-33.1572
2492346250.0,-33.17506
2492346406.25,-33.16321
2492346562.5,-33.1596
2492346718.75,-33.15686
2492346875.0,-33.15702
2492347031.25,-33.15343
2492347187.5,-33.15657
2492347343.75,-33.15487
2492347500.0,-33.15185
2492347656.25,-33.15913
2492347812.5,-33.15855
2492347968.75,-33.16212
2492348125.0,-33.14977
2492348281.25,-33.15386
2492348437.5,-33.15855
2492348593.75,-33.15511
2492348750.0,-33.15774
2492348906.25,-33.15005
2492349062.5,-33.16026
2492349218.75,-33.15495
2492349375.0,-33.15364
2492349531.25,-33.15591
2492349687.5,-33.15197
2492349843.75,-33.15154
2492350000.0,-33.1552
2492350156.25,-33.14281
2492350312.5,-33.15415
2492350468.75,-33.14836
2492350625.0,-33.14889
2492350781.25,-33.15265
2492350937.5,-33.14927
2492351093.75,-33.15284
2492351250.0,-33.14905
2492351406.25,-33.14735
2492351562.5,-33.14827
2492351718.75,-33.15055
2492351875.0,-33.14495
2492352031.25,-33.14929
2492352187.5,-33.14912
2492352343.75,-33.14259
2492352500.0,-33.14827
2492352656.25,-33.14834
2492352812.5,-33.14133
2492352968.75,-33.13601
2492353125.0,-33.14354
2492353281.25,-33.14772
2492353437.5,-33.14101
2492353593.75,-33.14613
2492353750.0,-33.13856
2492353906.25,-33.13408
2492354062.5,-33.14484
2492354218.75,-33.13656
2492354375.0,-33.14165
2492354531.25,-33.14252
2492354687.5,-33.14416
2492354843.75,-33.14295
2492355000.0,-33.13318
2492355156.25,-33.13716
2492355312.5,-33.12735
2492355468.75,-33.13728
2492355625.0,-33.13808
2492355781.25,-33.1353
2492355937.5,-33.13868
2492356093.75,-33.13687
2492356250.0,-33.13529
2492356406.25,-33.13812
2492356562.5,-33.13396
2492356718.75,-33.14063
2492356875.0,-33.13391
2492357031.25,-33.13169
2492357187.5,-33.13258
2492357343.75,-33.13457
2492357500.0,-33.13001
2492357656.25,-33.13577
2492357812.5,-33.12787
2492357968.75,-33.12777
2492358125.0,-33.13377
2492358281.25,-33.1356
2492358437.5,-33.12624
2492358593.75,-33.12997
2492358750.0,-33.12918
2492358906.25,-33.12844
2492359062.5,-33.1382
2492359218.75,-33.13128
2492359375.0,-33.13143
2492359531.25,-33.12658
2492359687.5,-33.12672
2492359843.75,-33.13403
2492360000.0,-33.12875
2492360156.25,-33.12024
2492360312.5,-33.13161
2492360468.75,-33.11935
2492360625.0,-33.12233
2492360781.25,-33.13013
2492360937.5,-33.13676
2492361093.75,-33.12325
2492361250.0,-33.12531
2492361406.25,-33.12472
2492361562.5,-33.12623
2492361718.75,-33.12275
2492361875.0,-33.12426
2492362031.25,-33.12094
2492362187.5,-33.11244
2492362343.75,-33.12398
2492362500.0,-33.12312
2492362656.25,-33.1174
2492362812.5,-33.12071
2492362968.75,-33.11803
2492363125.0,-33.12263
2492363281.25,-33.12101
2492363437.5,-33.12212
2492363593.75,-33.11497
2492363750.0,-33.11676
2492363906.25,-33.11548
2492364062.5,-33.115
2492364218.75,-33.11658
2492364375.0,-33.1195
2492364531.25,-33.11071
2492364687.5,-33.11469
2492364843.75,-33.11393
2492365000.0,-33.11969
2492365156.25,-33.10884
2492365312.5,-33.1134
2492365468.75,-33.11115
2492365625.0,-33.11301
2492365781.25,-33.1176
2492365937.5,-33.11281
2492366093.75,-33.11022
2492366250.0,-33.11099
2492366406.25,-33.12151
2492366562.5,-33.11329
2492366718.75,-33.11842
2492366875.0,-33.11421
2492367031.25,-33.11329
2492367187.5,-33.11615
2492367343.75,-33.10672
2492367500.0,-33.10584
2492367656.25,-33.10553
2492367812.5,-33.10526
2492367968.75,-33.10984
2492368125.0,-33.11047
2492368281.25,-33.10449
2492368437.5,-33.11069
2492368593.75,-33.1125
2492368750.0,-33.10382
2492368906.25,-33.10822
2492369062.5,-33.10484
2492369218.75,-33.11137
2492369375.0,-33.1034
2492369531.25,-33.10359
2492369687.5,-33.09762
2492369843.75,-33.10181
2492370000.0,-33.10137
2492370156.25,-33.10201
2492370312.5,-33.10385
2492370468.75,-33.09967
2492370625.0,-33.10878
2492370781.25,-33.10739
2492370937.5,-33.09546
2492371093.75,-33.09735
2492371250.0,-33.09778
2492371406.25,-33.0934
2492371562.5,-33.10108
2492371718.75,-33.09674
2492371875.0,-33.10343
2492372031.25,-33.09869
2492372187.5,-33.10714
2492372343.75,-33.10428
2492372500.0,-33.09732
2492372656.25,-33.09533
2492372812.5,-33.09171
2492372968.75,-33.09697
2492373125.0,-33.09159
2492373281.25,-33.09184
2492373437.5,-33.0944
2492373593.75,-33.08292
2492373750.0,-33.09127
2492373906.25,-33.09981
2492374062.5,-33.09748
2492374218.75,-33.09142
2492374375.0,-33.09632
2492374531.25,-33.09343
2492374687.5,-33.09349
2492374843.75,-33.08981
2492375000.0,-33.0879
2492375156.25,-33.08355
2492375312.5,-33.09512
2492375468.75,-33.09069
2492375625.0,-33.08963
2492375781.25,-33.09378
2492375937.5,-33.093
2492376093.75,-33.08603
2492376250.0,-33.09272
2492376406.25,-33.08986
2492376562.5,-33.08579
2492376718.75,-33.08741
2492376875.0,-33.0831
2492377031.25,-33.08689
2492377187.5,-33.08829
2492377343.75,-33.0865
2492377500.0,-33.09369
2492377656.25,-33.0794
2492377812.5,-33.07939
2492377968.75,-33.08261
2492378125.0,-33.07944
2492378281.25,-33.08346
2492378437.5,-33.08472
2492378593.75,-33.08233
2492378750.0,-33.08192
2492378906.25,-33.07754
2492379062.5,-33.08522
2492379218.75,-33.07841
2492379375.0,-33.08775
2492379531.25,-33.08431
2492379687.5,-33.0843
2492379843.75,-33.08766
2492380000.0,-33.08603
2492380156.25,-33.08507
2492380312.5,-33.07061
2492380468.75,-33.08389
2492380625.0,-33.07935
2492380781.25,-33.0765
2492380937.5,-33.08116
2492381093.75,-33.07895
2492381250.0,-33.07277
2492381406.25,-33.07516
2492381562.5,-33.07886
2492381718.75,-33.07919
2492381875.0,-33.07853
2492382031.25,-33.0768
2492382187.5,-33.07368
2492382343.75,-33.07593
2492382500.0,-33.06739
2492382656.25,-33.0766
2492382812.5,-33.07251
2492382968.75,-33.08265
2492383125.0,-33.06815
2492383281.25,-33.07936
2492383437.5,-33.0738
2492383593.75,-33.07334
2492383750.0,-33.06853
2492383906.25,-33.0738
2492384062.5,-33.07363
2492384218.75,-33.06038
2492384375.0,-33.07371
2492384531.25,-33.06479
2492384687.5,-33.06995
2492384843.75,-33.06554
2492385000.0,-33.07117
2492385156.25,-33.06857
2492385312.5,-33.06703
2492385468.75,-33.0687
2492385625.0,-33.06293
2492385781.25,-33.0651
2492385937.5,-33.063
2492386093.75,-33.06408
2492386250.0,-33.06767
2492386406.25,-33.06737
2492386562.5,-33.06091
2492386718.75,-33.06684
2492386875.0,-33.05944
2492387031.25,-33.06496
2492387187.5,-33.06533
2492387343.75,-33.059
2492387500.0,-33.06096
2492387656.25,-33.05355
2492387812.5,-33.06255
2492387968.75,-33.0648
2492388125.0,-33.05413
2492388281.25,-33.06947
2492388437.5,-33.0584
2492388593.75,-33.06085
2492388750.0,-33.05644
2492388906.25,-33.05046
2492389062.5,-33.05698
2492389218.75,-33.06093
2492389375.0,-33.06099
2492389531.25,-33.05321
2492389687.5,-33.05428
2492389843.75,-33.05738
2492390000.0,-33.0537
2492390156.25,-33.05306
2492390312.5,-33.05698
2492390468.75,-33.05702
2492390625.0,-33.05142
2492390781.25,-33.05775
2492390937.5,-33.05291
2492391093.75,-33.04576
2492391250.0,-33.05916
2492391406.25,-33.05416
2492391562.5,-33.0461
2492391718.75,-33.05115
2492391875.0,-33.05427
2492392031.25,-33.04854
2492392187.5,-33.05153
2492392343.75,-33.04477
2492392500.0,-33.05331
2492392656.25,-33.0493
2492392812.5,-33.04677
2492392968.75,-33.04601
2492393125.0,-33.04552
2492393281.25,-33.04361
2492393437.5,-33.05755
2492393593.75,-33.0474
2492393750.0,-33.04349
2492393906.25,-33.04795
2492394062.5,-33.04155
2492394218.75,-33.04877
2492394375.0,-33.04035
2492394531.25,-33.04428
2492394687.5,-33.03754
2492394843.75,-33.04291
2492395000.0,-33.04994
2492395156.25,-33.03698
2492395312.5,-33.04172
2492395468.75,-33.03917
2492395625.0,-33.03516
2492395781.25,-33.04822
2492395937.5,-33.038
2492396093.75,-33.03938
2492396250.0,-33.03586
2492396406.25,-33.03515
2492396562.5,-33.03632
2492396718.75,-33.0412
2492396875.0,-33.03843
2492397031.25,-33.0372
2492397187.5,-33.04482
2492397343.75,-33.03901
2492397500.0,-33.03794
2492397656.25,-33.03271
2492397812.5,-33.03401
2492397968.75,-33.0354
2492398125.0,-33.03601
2492398281.25,-33.02927
2492398437.5,-33.03695
2492398593.75,-33.03706
2492398750.0,-33.04113
2492398906.25,-33.03099
2492399062.5,-33.02829
2492399218.75,-33.03424
2492399375.0,-33.0344
2492399531.25,-33.03566
2492399687.5,-33.02459
2492399843.75,-33.03336
2492400000.0,-33.03987
2492400156.25,-33.0244
2492400312.5,-33.02734
2492400468.75,-33.0338
2492400625.0,-33.02786
2492400781.25,-33.0283
2492400937.5,-33.03001
2492401093.75,-33.02885
2492401250.0,-33.03222
2492401406.25,-33.03018
2492401562.5,-33.02576
2492401718.75,-33.02481
2492401875.0,-33.02859
2492402031.25,-33.02936
2492402187.5,-33.03011
2492402343.75,-33.01863
2492402500.0,-33.02465
2492402656.25,-33.02933
2492402812.5,-33.01731
2492402968.75,-33.02287
2492403125.0,-33.02412
2492403281.25,-33.02384
2492403437.5,-33.02232
2492403593.75,-33.01323
2492403750.0,-33.02523
2492403906.25,-33.00838
2492404062.5,-33.016
2492404218.75,-33.01652
2492404375.0,-33.02054
2492404531.25,-33.02338
2492404687.5,-33.0225
2492404843.75,-33.01794
2492405000.0,-33.03113
2492405156.25,-33.01425
2492405312.5,-33.01606
2492405468.75,-33.0104
2492405625.0,-33.01795
2492405781.25,-33.02069
2492405937.5,-33.01591
2492406093.75,-33.01438
2492406250.0,-33.01656
2492406406.25,-33.00735
2492406562.5,-33.01787
2492406718.75,-33.00338
2492406875.0,-33.00994
2492407031.25,-33.01307
2492407187.5,-33.00409
2492407343.75,-33.0115
2492407500.0,-33.01828
2492407656.25,-33.00816
2492407812.5,-33.00997
2492407968.75,-33.00794
2492408125.0,-33.00999
2492408281.25,-33.00203
2492408437.5,-33.01492
2492408593.75,-33.01341
2492408750.0,-33.00504
2492408906.25,-33.00862
2492409062.5,-33.00772
2492409218.75,-33.00904
2492409375.0,-33.00677
2492409531.25,-33.00653
2492409687.5,-33.00579
2492409843.75,-33.0059
2492410000.0,-33.00445
2492410156.25,-33.00057
2492410312.5,-33.00162
2492410468.75,-33.00706
2492410625.0,-33.00296
2492410781.25,-33.00409
2492410937.5,-33.0024
2492411093.75,-33.00755
2492411250.0,-33.00204
2492411406.25,-33.00639
2492411562.5,-33.00525
2492411718.75,-33.00355
2492411875.0,-33.00486
2492412031.25,-32.99781
2492412187.5,-33.00122
2492412343.75,-33.00152
2492412500.0,-33.00783
2492412656.25,-32.99979
2492412812.5,-32.99218
2492412968.75,-32.99389
2492413125.0,-32.99971
2492413281.25,-32.98973
2492413437.5,-32.99297
2492413593.75,-33.00218
2492413750.0,-33.00305
2492413906.25,-32.98989
2492414062.5,-32.99583
2492414218.75,-32.99597
2492414375.0,-32.9938
2492414531.25,-32.99857
2492414687.5,-32.99977
2492414843.75,-33.00065
2492415000.0,-32.99049
2492415156.25,-32.98571
2492415312.5,-32.9968
2492415468.75,-32.98989
2492415625.0,-32.98434
2492415781.25,-32.99028
2492415937.5,-32.99565
2492416093.75,-32.99066
2492416250.0,-32.99963
2492416406.25,-32.98595
2492416562.5,-32.98969
2492416718.75,-32.99429
2492416875.0,-32.9899
2492417031.25,-32.98783
2492417187.5,-32.98437
2492417343.75,-32.99013
2492417500.0,-32.9919
2492417656.25,-32.98887
2492417812.5,-32.99403
2492417968.75,-32.98921
2492418125.0,-32.99085
2492418281.25,-32.99033
2492418437.5,-32.98272
2492418593.75,-32.97958
2492418750.0,-32.98312
2492418906.25,-32.98431
2492419062.5,-32.9879
2492419218.75,-32.98593
2492419375.0,-32.98574
2492419531.25,-32.9815
2492419687.5,-32.97946
2492419843.75,-32.98426
2492420000.0,-32.977
2492420156.25,-32.98273
2492420312.5,-32.98288
2492420468.75,-32.98626
2492420625.0,-32.97891
2492420781.25,-32.97509
2492420937.5,-32.97254
2492421093.75,-32.97859
2492421250.0,-32.9739
2492421406.25,-32.9818
2492421562.5,-32.97661
2492421718.75,-32.97667
2492421875.0,-32.98108
2492422031.25,-32.98004
2492422187.5,-32.97837
2492422343.75,-32.97625
2492422500.0,-32.97861
2492422656.25,-32.97409
2492422812.5,-32.98141
2492422968.75,-32.9838
2492423125.0,-32.97668
2492423281.25,-32.97232
2492423437.5,-32.97126
2492423593.75,-32.9759
2492423750.0,-32.96997
2492423906.25,-32.97213
2492424062.5,-32.9664
2492424218.75,-32.97758
2492424375.0,-32.96764
2492424531.25,-32.98341
2492424687.5,-32.96978
2492424843.75,-32.96538
2492425000.0,-32.96134
2492425156.25,-32.96807
2492425312.5,-32.96897
2492425468.75,-32.9713
2492425625.0,-32.97287
2492425781.25,-32.97071
2492425937.5,-32.97076
2492426093.75,-32.96542
2492426250.0,-32.96262
2492426406.25,-32.96381
2492426562.5,-32.96554
2492426718.75,-32.96913
2492426875.0,-32.96279
2492427031.25,-32.96433
2492427187.5,-32.96512
2492427343.75,-32.96297
2492427500.0,-32.96017
2492427656.25,-32.96614
2492427812.5,-32.96225
2492427968.75,-32.95939
2492428125.0,-32.95935
2492428281.25,-32.95692
2492428437.5,-32.96326
2492428593.75,-32.9597
2492428750.0,-32.95845
2492428906.25,-32.95802
2492429062.5,-32.95775
2492429218.75,-32.96711
2492429375.0,-32.95581
2492429531.25,-32.95995
2492429687.5,-32.95676
2492429843.75,-32.95527
2492430000.0,-32.95564
2492430156.25,-32.95816
2492430312.5,-32.95073
2492430468.75,-32.95617
2492430625.0,-32.94711
2492430781.25,-32.96559
2492430937.5,-32.95987
2492431093.75,-32.95627
2492431250.0,-32.94744
2492431406.25,-32.95452
2492431562.5,-32.94705
2492431718.75,-32.96093
2492431875.0,-32.94944
2492432031.25,-32.94823
2492432187.5,-32.95281
2492432343.75,-32.94962
2492432500.0,-32.94444
2492432656.25,-32.95444
2492432812.5,-32.95158
2492432968.75,-32.9565
2492433125.0,-32.94379
2492433281.25,-32.94996
2492433437.5,-32.94279
2492433593.75,-32.95209
2492433750.0,-32.94239
2492433906.25,-32.95448
2492434062.5,-32.94507
2492434218.75,-32.9432
2492434375.0,-32.94033
2492434531.25,-32.9477
2492434687.5,-32.94621
2492434843.75,-32.94444
2492435000.0,-32.94941
2492435156.25,-32.94267
2492435312.5,-32.95547
2492435468.75,-32.94633
2492435625.0,-32.94937
2492435781.25,-32.9376
2492435937.5,-32.9402
2492436093.75,-32.94126
2492436250.0,-32.94387
2492436406.25,-32.94575
2492436562.5,-32.94236
2492436718.75,-32.94179
2492436875.0,-32.94173
2492437031.25,-32.93375
2492437187.5,-32.94715
2492437343.75,-32.94263
2492437500.0,-32.94142
2492437656.25,-32.92918
2492437812.5,-32.94342
2492437968.75,-32.93111
2492438125.0,-32.938
2492438281.25,-32.94344
2492438437.5,-32.93955
2492438593.75,-32.93609
2492438750.0,-32.94456
2492438906.25,-32.93584
2492439062.5,-32.9416
2492439218.75,-32.92974
2492439375.0,-32.93594
2492439531.25,-32.93484
2492439687.5,-32.93255
2492439843.75,-32.93439
2492440000.0,-32.93468
2492440156.25,-32.93538
2492440312.5,-32.93274
2492440468.75,-32.9341
2492440625.0,-32.93098
2492440781.25,-32.93074
2492440937.5,-32.926
2492441093.75,-32.91744
2492441250.0,-32.93328
2492441406.25,-32.93462
2492441562.5,-32.92732
2492441718.75,-32.93486
2492441875.0,-32.92231
2492442031.25,-32.92904
2492442187.5,-32.92615
2492442343.75,-32.92716
2492442500.0,-32.92671
2492442656.25,-32.92092
2492442812.5,-32.92612
2492442968.75,-32.92834
2492443125.0,-32.9288
2492443281.25,-32.9255
2492443437.5,-32.92492
2492443593.75,-32.91742
2492443750.0,-32.91446
2492443906.25,-32.92717
2492444062.5,-32.92277
2492444218.75,-32.91511
2492444375.0,-32.92382
2492444531.25,-32.92464
2492444687.5,-32.91992
2492444843.75,-32.92187
2492445000.0,-32.91578
2492445156.25,-32.91851
2492445312.5,-32.91661
2492445468.75,-32.92022
2492445625.0,-32.91342
2492445781.25,-32.91388
2492445937.5,-32.92297
2492446093.75,-32.91747
2492446250.0,-32.91683
2492446406.25,-32.92
2492446562.5,-32.90986
2492446718.75,-32.91492
2492446875.0,-32.91587
2492447031.25,-32.9155
2492447187.5,-32.91282
2492447343.75,-32.91532
2492447500.0,-32.91644
2492447656.25,-32.9174
2492447812.5,-32.91748
2492447968.75,-32.91375
2492448125.0,-32.90805
2492448281.25,-32.91053
2492448437.5,-32.91123
2492448593.75,-32.90934
2492448750.0,-32.90546
2492448906.25,-32.91567
2492449062.5,-32.91174
2492449218.75,-32.90952
2492449375.0,-32.9088
2492449531.25,-32.90518
2492449687.5,-32.91002
2492449843.75,-32.91276
2492450000.0,-32.91584
2492450156.25,-32.90345
2492450312.5,-32.90599
2492450468.75,-32.90025
2492450625.0,-32.90551
2492450781.25,-32.908
2492450937.5,-32.90629
2492451093.75,-32.9093
2492451250.0,-32.90788
2492451406.25,-32.89782
2492451562.5,-32.90523
2492451718.75,-32.90819
2492451875.0,-32.90236
2492452031.25,-32.89517
2492452187.5,-32.90469
2492452343.75,-32.90255
2492452500.0,-32.89996
2492452656.25,-32.89364
2492452812.5,-32.90287
2492452968.75,-32.89749
2492453125.0,-32.89935
2492453281.25,-32.89793
2492453437.5,-32.8965
2492453593.75,-32.89552
2492453750.0,-32.90158
2492453906.25,-32.90298
2492454062.5,-32.8903
2492454218.75,-32.89735
2492454375.0,-32.89635
2492454531.25,-32.89642
2492454687.5,-32.8941
2492454843.75,-32.89564
2492455000.0,-32.897
2492455156.25,-32.89396
2492455312.5,-32.89257
2492455468.75,-32.90119
2492455625.0,-32.89437
2492455781.25,-32.89312
2492455937.5,-32.88865
2492456093.75,-32.89976
2492456250.0,-32.89583
2492456406.25,-32.89522
2492456562.5,-32.90327
2492456718.75,-32.88727
2492456875.0,-32.89287
2492457031.25,-32.88697
2492457187.5,-32.89355
2492457343.75,-32.89507
2492457500.0,-32.89127
2492457656.25,-32.89386
2492457812.5,-32.88804
2492457968.75,-32.89544
2492458125.0,-32.88825
2492458281.25,-32.88877
2492458437.5,-32.88719
2492458593.75,-32.88956
2492458750.0,-32.88659
2492458906.25,-32.8853
2492459062.5,-32.88382
2492459218.75,-32.88868
2492459375.0,-32.89364
2492459531.25,-32.88945
2492459687.5,-32.88577
2492459843.75,-32.88546
2492460000.0,-32.88373
2492460156.25,-32.88182
2492460312.5,-32.87417
2492460468.75,-32.87836
2492460625.0,-32.87907
2492460781.25,-32.88355
2492460937.5,-32.87397
2492461093.75,-32.87589
2492461250.0,-32.87523
2492461406.25,-32.87729
2492461562.5,-32.87819
2492461718.75,-32.87728
2492461875.0,-32.88097
2492462031.25,-32.87288
2492462187.5,-32.87677
2492462343.75,-32.87117
2492462500.0,-32.87299
2492462656.25,-32.87391
2492462812.5,-32.87859
2492462968.75,-32.87891
2492463125.0,-32.87542
2492463281.25,-32.87877
2492463437.5,-32.88129
2492463593.75,-32.87269
2492463750.0,-32.87313
2492463906.25,-32.87673
2492464062.5,-32.87254
2492464218.75,-32.87137
2492464375.0,-32.86976
2492464531.25,-32.88066
2492464687.5,-32.8753
2492464843.75,-32.87624
2492465000.0,-32.87727
2492465156.25,-32.86934
2492465312.5,-32.87441
2492465468.75,-32.86832
2492465625.0,-32.87006
2492465781.25,-32.86959
2492465937.5,-32.868
2492466093.75,-32.86499
2492466250.0,-32.86966
2492466406.25,-32.8681
2492466562.5,-32.86351
2492466718.75,-32.86475
2492466875.0,-32.87011
2492467031.25,-32.8728
2492467187.5,-32.85853
2492467343.75,-32.85818
2492467500.0,-32.86625
2492467656.25,-32.86434
2492467812.5,-32.85874
2492467968.75,-32.86833
2492468125.0,-32.86739
2492468281.25,-32.8591
2492468437.5,-32.86217
2492468593.75,-32.86109
2492468750.0,-32.86616
2492468906.25,-32.85841
2492469062.5,-32.85894
2492469218.75,-32.86999
2492469375.0,-32.85863
2492469531.25,-32.85891
2492469687.5,-32.86268
2492469843.75,-32.86285
2492470000.0,-32.85852
2492470156.25,-32.85384
2492470312.5,-32.85324
2492470468.75,-32.85902
2492470625.0,-32.84494
2492470781.25,-32.85313
2492470937.5,-32.85544
2492471093.75,-32.85792
2492471250.0,-32.8539
2492471406.25,-32.85101
2492471562.5,-32.84937
2492471718.75,-32.85092
2492471875.0,-32.85424
2492472031.25,-32.8511
2492472187.5,-32.85125
2492472343.75,-32.85367
2492472500.0,-32.85122
2492472656.25,-32.84809
2492472812.5,-32.85261
2492472968.75,-32.84825
2492473125.0,-32.85264
2492473281.25,-32.84561
2492473437.5,-32.84774
2492473593.75,-32.84971
2492473750.0,-32.84944
2492473906.25,-32.84214
2492474062.5,-32.84404
2492474218.75,-32.84481
2492474375.0,-32.85003
2492474531.25,-32.84487
2492474687.5,-32.85764
2492474843.75,-32.8447
2492475000.0,-32.84191
2492475156.25,-32.84479
2492475312.5,-32.84384
2492475468.75,-32.84463
2492475625.0,-32.84261
2492475781.25,-32.8382
2492475937.5,-32.84367
2492476093.75,-32.842
2492476250.0,-32.8425
2492476406.25,-32.84034
2492476562.5,-32.84621
2492476718.75,-32.85056
2492476875.0,-32.84294
2492477031.25,-32.84347
2492477187.5,-32.842
2492477343.75,-32.84053
2492477500.0,-32.84277
2492477656.25,-32.84021
2492477812.5,-32.83382
2492477968.75,-32.84261
2492478125.0,-32.834
2492478281.25,-32.84068
2492478437.5,-32.8326
2492478593.75,-32.83738
2492478750.0,-32.84144
2492478906.25,-32.83292
2492479062.5,-32.83408
2492479218.75,-32.83679
2492479375.0,-32.83458
2492479531.25,-32.83878
2492479687.5,-32.83817
2492479843.75,-32.83911
2492480000.0,-32.82946
2492480156.25,-32.83912
2492480312.5,-32.83534
2492480468.75,-32.8288
2492480625.0,-32.83182
2492480781.25,-32.83383
2492480937.5,-32.83065
2492481093.75,-32.83675
2492481250.0,-32.82823
2492481406.25,-32.82139
2492481562.5,-32.82731
2492481718.75,-32.83305
2492481875.0,-32.83098
2492482031.25,-32.83287
2492482187.5,-32.82899
2492482343.75,-32.82132
2492482500.0,-32.82421
2492482656.25,-32.82497
2492482812.5,-32.83843
2492482968.75,-32.81917
2492483125.0,-32.82648
2492483281.25,-32.82301
2492483437.5,-32.82922
2492483593.75,-32.83087
2492483750.0,-32.82592
2492483906.25,-32.82683
2492484062.5,-32.8203
2492484218.75,-32.81976
2492484375.0,-32.82659
2492484531.25,-32.82743
2492484687.5,-32.8248
2492484843.75,-32.82204
2492485000.0,-32.81882
2492485156.25,-32.82261
2492485312.5,-32.82341
2492485468.75,-32.82518
2492485625.0,-32.82068
2492485781.25,-32.81745
2492485937.5,-32.82407
2492486093.75,-32.81012
2492486250.0,-32.81418
2492486406.25,-32.81272
2492486562.5,-32.82066
2492486718.75,-32.81977
2492486875.0,-32.8268
2492487031.25,-32.81513
2492487187.5,-32.80822
2492487343.75,-32.81203
2492487500.0,-32.81858
2492487656.25,-32.81694
2492487812.5,-32.81733
2492487968.75,-32.80785
2492488125.0,-32.81889
2492488281.25,-32.80777
2492488437.5,-32.81312
2492488593.75,-32.81167
2492488750.0,-32.81001
2492488906.25,-32.80685
2492489062.5,-32.80802
2492489218.75,-32.81114
2492489375.0,-32.80655
2492489531.25,-32.80346
2492489687.5,-32.80895
2492489843.75,-32.80232
2492490000.0,-32.80165
2492490156.25,-32.80785
2492490312.5,-32.80673
2492490468.75,-32.80784
2492490625.0,-32.80911
2492490781.25,-32.80859
2492490937.5,-32.80568
2492491093.75,-32.80415
2492491250.0,-32.80955
2492491406.25,-32.80214
2492491562.5,-32.80497
2492491718.75,-32.80632
2492491875.0,-32.80556
2492492031.25,-32.80086
2492492187.5,-32.80555
2492492343.75,-32.80312
2492492500.0,-32.80309
2492492656.25,-32.79518
2492492812.5,-32.80442
2492492968.75,-32.79977
2492493125.0,-32.80247
2492493281.25,-32.79235
2492493437.5,-32.79615
2492493593.75,-32.80603
2492493750.0,-32.80066
2492493906.25,-32.79446
2492494062.5,-32.80422
2492494218.75,-32.79758
2492494375.0,-32.80365
2492494531.25,-32.79512
2492494687.5,-32.79496
2492494843.75,-32.79559
2492495000.0,-32.79763
2492495156.25,-32.7905
2492495312.5,-32.79736
2492495468.75,-32.79235
2492495625.0,-32.79645
2492495781.25,-32.79654
2492495937.5,-32.791
2492496093.75,-32.78764
2492496250.0,-32.79211
2492496406.25,-32.79418
2492496562.5,-32.79646
2492496718.75,-32.78161
2492496875.0,-32.80173
2492497031.25,-32.78942
2492497187.5,-32.7925
2492497343.75,-32.78765
2492497500.0,-32.78872
2492497656.25,-32.79251
2492497812.5,-32.791
2492497968.75,-32.78922
2492498125.0,-32.79292
2492498281.25,-32.79536
2492498437.5,-32.79137
2492498593.75,-32.78304
2492498750.0,-32.78577
2492498906.25,-32.7903
2492499062.5,-32.78555
2492499218.75,-32.78632
2492499375.0,-32.78383
2492499531.25,-32.78735
2492499687.5,-32.78283
2492499843.75,-32.78345
2492500000.0,-32.78317
2492500156.25,-32.78198
2492500312.5,-32.78361
2492500468.75,-32.7848
2492500625.0,-32.78457
2492500781.25,-32.78263
2492500937.5,-32.78391
2492501093.75,-32.78116
2492501250.0,-32.78228
2492501406.25,-32.77499
2492501562.5,-32.77879
2492501718.75,-32.7802
2492501875.0,-32.77938
2492502031.25,-32.77596
2492502187.5,-32.77996
2492502343.75,-32.7786
2492502500.0,-32.78005
2492502656.25,-32.7772
2492502812.5,-32.78062
2492502968.75,-32.77329
2492503125.0,-32.77476
2492503281.25,-32.77898
2492503437.5,-32.77771
2492503593.75,-32.76883
2492503750.0,-32.77121
2492503906.25,-32.7731
2492504062.5,-32.7697
2492504218.75,-32.77262
2492504375.0,-32.77351
2492504531.25,-32.76719
2492504687.5,-32.77717
2492504843.75,-32.77502
2492505000.0,-32.77103
2492505156.25,-32.77359
2492505312.5,-32.76112
2492505468.75,-32.76505
2492505625.0,-32.77206
2492505781.25,-32.76749
2492505937.5,-32.76436
2492506093.75,-32.77243
2492506250.0,-32.76671
2492506406.25,-32.76611
2492506562.5,-32.76327
2492506718.75,-32.76928
2492506875.0,-32.76674
2492507031.25,-32.76215
2492507187.5,-32.76056
2492507343.75,-32.77118
2492507500.0,-32.76043
2492507656.25,-32.76331
2492507812.5,-32.76501
2492507968.75,-32.76732
2492508125.0,-32.75991
2492508281.25,-32.76571
2492508437.5,-32.76778
2492508593.75,-32.7578
2492508750.0,-32.76416
2492508906.25,-32.76754
2492509062.5,-32.76289
2492509218.75,-32.75983
2492509375.0,-32.75608
2492509531.25,-32.75966
2492509687.5,-32.75813
2492509843.75,-32.75779
2492510000.0,-32.756
2492510156.25,-32.75826
2492510312.5,-32.75871
2492510468.75,-32.75577
2492510625.0,-32.76088
2492510781.25,-32.75542
2492510937.5,-32.75318
2492511093.75,-32.76296
2492511250.0,-32.75654
2492511406.25,-32.7528
2492511562.5,-32.75775
2492511718.75,-32.75455
2492511875.0,-32.75088
2492512031.25,-32.75172
2492512187.5,-32.74704
2492512343.75,-32.75377
2492512500.0,-32.75277
2492512656.25,-32.75809
2492512812.5,-32.75546
2492512968.75,-32.75191
2492513125.0,-32.75113
2492513281.25,-32.75311
2492513437.5,-32.74926
2492513593.75,-32.75142
2492513750.0,-32.74612
2492513906.25,-32.74984
2492514062.5,-32.74637
2492514218.75,-32.75214
2492514375.0,-32.75504
2492514531.25,-32.75142
2492514687.5,-32.74944
2492514843.75,-32.74189
2492515000.0,-32.74677
2492515156.25,-32.74517
2492515312.5,-32.75361
2492515468.75,-32.73827
2492515625.0,-32.74098
2492515781.25,-32.741
2492515937.5,-32.74098
2492516093.75,-32.74524
2492516250.0,-32.74064
2492516406.25,-32.74055
2492516562.5,-32.73976
2492516718.75,-32.73931
2492516875.0,-32.74904
2492517031.25,-32.74248
2492517187.5,-32.73955
2492517343.75,-32.74104
2492517500.0,-32.74213
2492517656.25,-32.74528
2492517812.5,-32.74425
2492517968.75,-32.73689
2492518125.0,-32.74705
2492518281.25,-32.74158
2492518437.5,-32.74318
2492518593.75,-32.73939
2492518750.0,-32.73547
2492518906.25,-32.73651
2492519062.5,-32.73603
2492519218.75,-32.7391
2492519375.0,-32.73709
2492519531.25,-32.73521
2492519687.5,-32.72709
2492519843.75,-32.73374
2492520000.0,-32.72984
2492520156.25,-32.73507
2492520312.5,-32.72605
2492520468.75,-32.72261
2492520625.0,-32.7365
2492520781.25,-32.7323
2492520937.5,-32.73458
2492521093.75,-32.72987
2492521250.0,-32.73321
2492521406.25,-32.72935
2492521562.5,-32.72976
2492521718.75,-32.73217
2492521875.0,-32.72502
2492522031.25,-32.73174
2492522187.5,-32.728
2492522343.75,-32.72971
2492522500.0,-32.72976
2492522656.25,-32.7231
2492522812.5,-32.72802
2492522968.75,-32.72384
2492523125.0,-32.72826
2492523281.25,-32.72926
2492523437.5,-32.72882
2492523593.75,-32.72792
2492523750.0,-32.72926
2492523906.25,-32.72704
2492524062.5,-32.72693
2492524218.75,-32.73093
2492524375.0,-32.72594
2492524531.25,-32.72002
2492524687.5,-32.72888
2492524843.75,-32.71893
2492525000.0,-32.71844
2492525156.25,-32.71624
2492525312.5,-32.71664
2492525468.75,-32.71751
2492525625.0,-32.72287
2492525781.25,-32.71529
2492525937.5,-32.71431
2492526093.75,-32.71904
2492526250.0,-32.72887
2492526406.25,-32.70802
2492526562.5,-32.71379
2492526718.75,-32.71855
2492526875.0,-32.71455
2492527031.25,-32.71396
2492527187.5,-32.71271
2492527343.75,-32.71908
2492527500.0,-32.70584
2492527656.25,-32.70657
2492527812.5,-32.71096
2492527968.75,-32.71389
2492528125.0,-32.71757
2492528281.25,-32.71398
2492528437.5,-32.71502
2492528593.75,-32.70534
2492528750.0,-32.71884
2492528906.25,-32.71223
2492529062.5,-32.70832
2492529218.75,-32.7103
2492529375.0,-32.713
2492529531.25,-32.71312
2492529687.5,-32.70512
2492529843.75,-32.70781
2492530000.0,-32.70903
2492530156.25,-32.70449
2492530312.5,-32.70986
2492530468.75,-32.70913
2492530625.0,-32.70754
2492530781.25,-32.70193
2492530937.5,-32.70634
2492531093.75,-32.69878
2492531250.0,-32.70964
2492531406.25,-32.70533
2492531562.5,-32.70693
2492531718.75,-32.70202
2492531875.0,-32.70281
2492532031.25,-32.70443
2492532187.5,-32.70078
2492532343.75,-32.69961
2492532500.0,-32.70406
2492532656.25,-32.69945
2492532812.5,-32.70746
2492532968.75,-32.70391
2492533125.0,-32.69616
2492533281.25,-32.69414
2492533437.5,-32.69762
2492533593.75,-32.70119
2492533750.0,-32.69477
2492533906.25,-32.69507
2492534062.5,-32.69831
2492534218.75,-32.69581
2492534375.0,-32.69564
2492534531.25,-32.69777
2492534687.5,-32.69054
2492534843.75,-32.69618
2492535000.0,-32.69307
2492535156.25,-32.6933
2492535312.5,-32.68829
2492535468.75,-32.69261
2492535625.0,-32.69064
2492535781.25,-32.69747
2492535937.5,-32.68828
2492536093.75,-32.69213
2492536250.0,-32.70093
2492536406.25,-32.68664
2492536562.5,-32.69258
2492536718.75,-32.69498
2492536875.0,-32.68476
2492537031.25,-32.68866
2492537187.5,-32.69025
2492537343.75,-32.69093
2492537500.0,-32.69161
2492537656.25,-32.68393
2492537812.5,-32.68417
2492537968.75,-32.68684
2492538125.0,-32.69403
2492538281.25,-32.68851
2492538437.5,-32.69036
2492538593.75,-32.68519
2492538750.0,-32.68938
2492538906.25,-32.68767
2492539062.5,-32.68791
2492539218.75,-32.68862
2492539375.0,-32.68023
2492539531.25,-32.68969
2492539687.5,-32.68723
2492539843.75,-32.68573
2492540000.0,-32.68145
2492540156.25,-32.68728
2492540312.5,-32.67654
2492540468.75,-32.68225
2492540625.0,-32.68063
2492540781.25,-32.68001
2492540937.5,-32.6804
2492541093.75,-32.6776
2492541250.0,-32.68234
2492541406.25,-32.67617
2492541562.5,-32.67639
2492541718.75,-32.67748
2492541875.0,-32.67462
2492542031.25,-32.67326
2492542187.5,-32.68133
2492542343.75,-32.6794
2492542500.0,-32.67418
2492542656.25,-32.67876
2492542812.5,-32.67175
2492542968.75,-32.67053
2492543125.0,-32.67694
2492543281.25,-32.67448
2492543437.5,-32.66766
2492543593.75,-32.6754
2492543750.0,-32.67188
2492543906.25,-32.67738
2492544062.5,-32.67502
2492544218.75,-32.67054
2492544375.0,-32.67153
2492544531.25,-32.67156
2492544687.5,-32.67324
2492544843.75,-32.67959
2492545000.0,-32.67435
2492545156.25,-32.66552
2492545312.5,-32.67066
2492545468.75,-32.66344
2492545625.0,-32.67598
2492545781.25,-32.67188
2492545937.5,-32.66428
2492546093.75,-32.66342
2492546250.0,-32.66123
2492546406.25,-32.66757
2492546562.5,-32.66386
2492546718.75,-32.66976
2492546875.0,-32.665
2492547031.25,-32.66643
2492547187.5,-32.66328
2492547343.75,-32.66617
2492547500.0,-32.66945
2492547656.25,-32.66662
2492547812.5,-32.65679
2492547968.75,-32.66835
2492548125.0,-32.66019
2492548281.25,-32.66591
2492548437.5,-32.66443
2492548593.75,-32.65691
2492548750.0,-32.66351
2492548906.25,-32.66492
2492549062.5,-32.65986
2492549218.75,-32.66079
2492549375.0,-32.65335
2492549531.25,-32.65767
2492549687.5,-32.66206
2492549843.75,-32.65479
2492550000.0,-32.65975
2492550156.25,-32.6579
2492550312.5,-32.65928
2492550468.75,-32.65573
2492550625.0,-32.65511
2492550781.25,-32.65824
2492550937.5,-32.66426
2492551093.75,-32.65897
2492551250.0,-32.65082
2492551406.25,-32.65057
2492551562.5,-32.65388
2492551718.75,-32.65307
2492551875.0,-32.65215
2492552031.25,-32.64795
2492552187.5,-32.65647
2492552343.75,-32.64846
2492552500.0,-32.64203
2492552656.25,-32.65632
2492552812.5,-32.65384
2492552968.75,-32.65042
2492553125.0,-32.65347
2492553281.25,-32.64819
2492553437.5,-32.64368
2492553593.75,-32.65059
2492553750.0,-32.64421
2492553906.25,-32.64172
2492554062.5,-32.63811
2492554218.75,-32.65596
2492554375.0,-32.64691
2492554531.25,-32.64936
2492554687.5,-32.64493
2492554843.75,-32.6469
2492555000.0,-32.65383
2492555156.25,-32.64639
2492555312.5,-32.65546
2492555468.75,-32.6394
2492555625.0,-32.64371
2492555781.25,-32.64857
2492555937.5,-32.63443
2492556093.75,-32.64287
2492556250.0,-32.64252
2492556406.25,-32.63579
2492556562.5,-32.63637
2492556718.75,-32.63907
2492556875.0,-32.63971
2492557031.25,-32.64672
2492557187.5,-32.63209
2492557343.75,-32.63937
2492557500.0,-32.63965
2492557656.25,-32.64164
2492557812.5,-32.64217
2492557968.75,-32.63518
2492558125.0,-32.63515
2492558281.25,-32.62712
2492558437.5,-32.63568
2492558593.75,-32.62998
2492558750.0,-32.63017
2492558906.25,-32.64555
2492559062.5,-32.63113
2492559218.75,-32.63848
2492559375.0,-32.63591
2492559531.25,-32.63372
2492559687.5,-32.62836
2492559843.75,-32.62993
2492560000.0,-32.63164
2492560156.25,-32.63367
2492560312.5,-32.62815
2492560468.75,-32.62273
2492560625.0,-32.62858
2492560781.25,-32.63144
2492560937.5,-32.62759
2492561093.75,-32.62945
2492561250.0,-32.62828
2492561406.25,-32.62592
2492561562.5,-32.62431
2492561718.75,-32.63689
2492561875.0,-32.63633
2492562031.25,-32.62877
2492562187.5,-32.62332
2492562343.75,-32.62247
2492562500.0,-32.61961
2492562656.25,-32.62611
2492562812.5,-32.62164
2492562968.75,-32.62668
2492563125.0,-32.62425
2492563281.25,-32.62862
2492563437.5,-32.61694
2492563593.75,-32.62014
2492563750.0,-32.62662
2492563906.25,-32.6209
2492564062.5,-32.62288
2492564218.75,-32.61939
2492564375.0,-32.61946
2492564531.25,-32.61491
2492564687.5,-32.6214
2492564843.75,-32.62033
2492565000.0,-32.61536
2492565156.25,-32.61932
2492565312.5,-32.61597
2492565468.75,-32.62849
2492565625.0,-32.62088
2492565781.25,-32.61229
2492565937.5,-32.61227
2492566093.75,-32.61367
2492566250.0,-32.61389
2492566406.25,-32.6097
2492566562.5,-32.6144
2492566718.75,-32.60975
2492566875.0,-32.61493
2492567031.25,-32.6134
2492567187.5,-32.61163
2492567343.75,-32.61808
2492567500.0,-32.61286
2492567656.25,-32.61281
2492567812.5,-32.61576
2492567968.75,-32.61362
2492568125.0,-32.61961
2492568281.25,-32.61413
2492568437.5,-32.60466
2492568593.75,-32.60778
2492568750.0,-32.60499
2492568906.25,-32.61121
2492569062.5,-32.61303
2492569218.75,-32.60534
2492569375.0,-32.60794
2492569531.25,-32.60594
2492569687.5,-32.60675
2492569843.75,-32.60964
2492570000.0,-32.60317
2492570156.25,-32.61125
2492570312.5,-32.60656
2492570468.75,-32.60207
2492570625.0,-32.60812
2492570781.25,-32.60435
2492570937.5,-32.6074
2492571093.75,-32.60321
2492571250.0,-32.59833
2492571406.25,-32.60474
2492571562.5,-32.60678
2492571718.75,-32.59802
2492571875.0,-32.59478
2492572031.25,-32.59904
2492572187.5,-32.59813
2492572343.75,-32.60778
2492572500.0,-32.60444
2492572656.25,-32.6019
2492572812.5,-32.59726
2492572968.75,-32.59403
2492573125.0,-32.59587
2492573281.25,-32.59044
2492573437.5,-32.60059
2492573593.75,-32.60252
2492573750.0,-32.59496
2492573906.25,-32.59264
2492574062.5,-32.60681
2492574218.75,-32.59628
2492574375.0,-32.59539
2492574531.25,-32.59418
2492574687.5,-32.59043
2492574843.75,-32.58855
2492575000.0,-32.59084
2492575156.25,-32.59348
2492575312.5,-32.59614
2492575468.75,-32.59323
2492575625.0,-32.58813
2492575781.25,-32.59304
2492575937.5,-32.59304
2492576093.75,-32.59094
2492576250.0,-32.59278
2492576406.25,-32.58686
2492576562.5,-32.5858
2492576718.75,-32.58652
2492576875.0,-32.5828
2492577031.25,-32.58616
2492577187.5,-32.59284
2492577343.75,-32.59105
2492577500.0,-32.58516
2492577656.25,-32.58796
2492577812.5,-32.58781
2492577968.75,-32.59065
2492578125.0,-32.58675
2492578281.25,-32.5885
2492578437.5,-32.58918
2492578593.75,-32.57938
2492578750.0,-32.58149
2492578906.25,-32.58079
2492579062.5,-32.58099
2492579218.75,-32.5864
2492579375.0,-32.58006
2492579531.25,-32.58425
2492579687.5,-32.58274
2492579843.75,-32.58505
2492580000.0,-32.58076
2492580156.25,-32.57304
2492580312.5,-32.57776
2492580468.75,-32.57977
2492580625.0,-32.58121
2492580781.25,-32.57439
2492580937.5,-32.57587
2492581093.75,-32.58065
2492581250.0,-32.58138
2492581406.25,-32.57784
2492581562.5,-32.57045
2492581718.75,-32.5682
2492581875.0,-32.57007
2492582031.25,-32.57936
2492582187.5,-32.577
2492582343.75,-32.57835
2492582500.0,-32.56669
2492582656.25,-32.57308
2492582812.5,-32.56982
2492582968.75,-32.57526
2492583125.0,-32.57448
2492583281.25,-32.56763
2492583437.5,-32.57886
2492583593.75,-32.57085
2492583750.0,-32.57462
2492583906.25,-32.5714
2492584062.5,-32.56896
2492584218.75,-32.57779
2492584375.0,-32.56189
2492584531.25,-32.56834
2492584687.5,-32.56417
2492584843.75,-32.56656
2492585000.0,-32.56693
2492585156.25,-32.5704
2492585312.5,-32.56032
2492585468.75,-32.57347
2492585625.0,-32.56884
2492585781.25,-32.56347
2492585937.5,-32.57123
2492586093.75,-32.56757
2492586250.0,-32.5678
2492586406.25,-32.56214
2492586562.5,-32.56279
2492586718.75,-32.56286
2492586875.0,-32.56267
2492587031.25,-32.56044
2492587187.5,-32.55959
2492587343.75,-32.56496
2492587500.0,-32.55886
2492587656.25,-32.56129
2492587812.5,-32.56175
2492587968.75,-32.56262
2492588125.0,-32.56081
2492588281.25,-32.56276
2492588437.5,-32.55893
2492588593.75,-32.56473
2492588750.0,-32.5594
2492588906.25,-32.55735
2492589062.5,-32.55414
2492589218.75,-32.55861
2492589375.0,-32.55287
2492589531.25,-32.55476
2492589687.5,-32.55899
2492589843.75,-32.55691
2492590000.0,-32.55584
2492590156.25,-32.551
2492590312.5,-32.55726
2492590468.75,-32.54868
2492590625.0,-32.54724
2492590781.25,-32.54847
2492590937.5,-32.55298
2492591093.75,-32.548
2492591250.0,-32.55676
2492591406.25,-32.55277
2492591562.5,-32.54692
2492591718.75,-32.55135
2492591875.0,-32.55266
2492592031.25,-32.55144
2492592187.5,-32.55118
2492592343.75,-32.55075
2492592500.0,-32.55599
2492592656.25,-32.54632
2492592812.5,-32.54321
2492592968.75,-32.54546
2492593125.0,-32.55109
2492593281.25,-32.54781
2492593437.5,-32.55759
2492593593.75,-32.54056
2492593750.0,-32.53935
2492593906.25,-32.54065
2492594062.5,-32.54041
2492594218.75,-32.535
2492594375.0,-32.54363
2492594531.25,-32.54258
2492594687.5,-32.54324
2492594843.75,-32.54185
2492595000.0,-32.5471
2492595156.25,-32.54668
2492595312.5,-32.53459
2492595468.75,-32.54242
2492595625.0,-32.54412
2492595781.25,-32.54668
2492595937.5,-32.53662
2492596093.75,-32.54121
2492596250.0,-32.53992
2492596406.25,-32.53952
2492596562.5,-32.54044
2492596718.75,-32.5355
2492596875.0,-32.53843
2492597031.25,-32.53167
2492597187.5,-32.53762
2492597343.75,-32.53317
2492597500.0,-32.53271
2492597656.25,-32.53482
2492597812.5,-32.5329
2492597968.75,-32.53198
2492598125.0,-32.53311
2492598281.25,-32.53387
2492598437.5,-32.53514
2492598593.75,-32.53286
2492598750.0,-32.53396
2492598906.25,-32.53647
2492599062.5,-32.53198
2492599218.75,-32.52911
2492599375.0,-32.53375
2492599531.25,-32.53123
2492599687.5,-32.53215
2492599843.75,-32.52549
2492600000.0,-32.52894
2492600156.25,-32.52451
2492600312.5,-32.52443
2492600468.75,-32.5248
2492600625.0,-32.52454
2492600781.25,-32.52578
2492600937.5,-32.52205
2492601093.75,-32.52499
2492601250.0,-32.51752
2492601406.25,-32.51632
2492601562.5,-32.52601
2492601718.75,-32.52728
2492601875.0,-32.52618
2492602031.25,-32.52155
2492602187.5,-32.52288
2492602343.75,-32.52407
2492602500.0,-32.5214
2492602656.25,-32.51138
2492602812.5,-32.51903
2492602968.75,-32.5204
2492603125.0,-32.52219
2492603281.25,-32.51472
2492603437.5,-32.52013
2492603593.75,-32.52511
2492603750.0,-32.52066
2492603906.25,-32.52264
2492604062.5,-32.51537
2492604218.75,-32.51748
2492604375.0,-32.52209
2492604531.25,-32.51873
2492604687.5,-32.50894
2492604843.75,-32.52008
2492605000.0,-32.51736
2492605156.25,-32.50904
2492605312.5,-32.51464
2492605468.75,-32.50776
2492605625.0,-32.51135
2492605781.25,-32.51083
2492605937.5,-32.51339
2492606093.75,-32.50956
2492606250.0,-32.51921
2492606406.25,-32.51027
2492606562.5,-32.50819
2492606718.75,-32.51474
2492606875.0,-32.50759
2492607031.25,-32.50514
2492607187.5,-32.50655
2492607343.75,-32.50914
2492607500.0,-32.51153
2492607656.25,-32.50721
2492607812.5,-32.5103
2492607968.75,-32.51165
2492608125.0,-32.50783
2492608281.25,-32.51368
2492608437.5,-32.50534
2492608593.75,-32.50571
2492608750.0,-32.50026
2492608906.25,-32.50322
2492609062.5,-32.50323
2492609218.75,-32.50411
2492609375.0,-32.51558
2492609531.25,-32.50429
2492609687.5,-32.49758
2492609843.75,-32.51044
2492610000.0,-32.49589
2492610156.25,-32.50155
2492610312.5,-32.49872
2492610468.75,-32.50738
2492610625.0,-32.50625
2492610781.25,-32.50479
2492610937.5,-32.49984
2492611093.75,-32.50549
2492611250.0,-32.49866
2492611406.25,-32.49648
2492611562.5,-32.50538
2492611718.75,-32.50507
2492611875.0,-32.49607
2492612031.25,-32.49331
2492612187.5,-32.50442
2492612343.75,-32.49237
2492612500.0,-32.50023
2492612656.25,-32.49538
2492612812.5,-32.50251
2492612968.75,-32.49387
2492613125.0,-32.50109
2492613281.25,-32.4943
2492613437.5,-32.49623
2492613593.75,-32.48805
2492613750.0,-32.49585
2492613906.25,-32.50003
2492614062.5,-32.4908
2492614218.75,-32.49044
2492614375.0,-32.48724
2492614531.25,-32.4931
2492614687.5,-32.48816
2492614843.75,-32.48761
2492615000.0,-32.49172
2492615156.25,-32.48753
2492615312.5,-32.49093
2492615468.75,-32.48886
2492615625.0,-32.48824
2492615781.25,-32.48695
2492615937.5,-32.48904
2492616093.75,-32.48798
2492616250.0,-32.48008
2492616406.25,-32.48202
2492616562.5,-32.48387
2492616718.75,-32.4818
2492616875.0,-32.48814
2492617031.25,-32.48428
2492617187.5,-32.48601
2492617343.75,-32.48518
2492617500.0,-32.48433
2492617656.25,-32.48336
2492617812.5,-32.48164
2492617968.75,-32.48459
2492618125.0,-32.48183
2492618281.25,-32.48394
2492618437.5,-32.4795
2492618593.75,-32.48233
2492618750.0,-32.48427
2492618906.25,-32.48915
2492619062.5,-32.47693
2492619218.75,-32.47596
2492619375.0,-32.48158
2492619531.25,-32.47517
2492619687.5,-32.4859
2492619843.75,-32.48126
2492620000.0,-32.47735
2492620156.25,-32.47123
2492620312.5,-32.47856
2492620468.75,-32.47585
2492620625.0,-32.47504
2492620781.25,-32.47385
2492620937.5,-32.47612
2492621093.75,-32.47882
2492621250.0,-32.47175
2492621406.25,-32.47364
2492621562.5,-32.47945
2492621718.75,-32.47469
2492621875.0,-32.46983
2492622031.25,-32.47044
2492622187.5,-32.46831
2492622343.75,-32.46909
2492622500.0,-32.47625
2492622656.25,-32.47021
2492622812.5,-32.46527
2492622968.75,-32.45855
2492623125.0,-32.47262
2492623281.25,-32.4635
2492623437.5,-32.4653
2492623593.75,-32.47075
2492623750.0,-32.46309
2492623906.25,-32.46639
2492624062.5,-32.47221
2492624218.75,-32.46372
2492624375.0,-32.45982
2492624531.25,-32.45812
2492624687.5,-32.46786
2492624843.75,-32.45539
2492625000.0,-32.46712
2492625156.25,-32.46899
2492625312.5,-32.4658
2492625468.75,-32.46505
2492625625.0,-32.46291
2492625781.25,-32.46292
2492625937.5,-32.46131
2492626093.75,-32.46506
2492626250.0,-32.46091
2492626406.25,-32.45211
2492626562.5,-32.47093
2492626718.75,-32.46297
2492626875.0,-32.46134
2492627031.25,-32.46034
2492627187.5,-32.46377
2492627343.75,-32.46299
2492627500.0,-32.45654
2492627656.25,-32.45617
2492627812.5,-32.45583
2492627968.75,-32.45315
2492628125.0,-32.45302
2492628281.25,-32.45966
2492628437.5,-32.45703
2492628593.75,-32.45516
2492628750.0,-32.45181
2492628906.25,-32.45138
2492629062.5,-32.45839
2492629218.75,-32.45206
2492629375.0,-32.45192
2492629531.25,-32.45409
2492629687.5,-32.45441
2492629843.75,-32.45469
2492630000.0,-32.45893
2492630156.25,-32.45139
2492630312.5,-32.4449
2492630468.75,-32.45297
2492630625.0,-32.44701
2492630781.25,-32.45232
2492630937.5,-32.45244
2492631093.75,-32.44874
2492631250.0,-32.4495
2492631406.25,-32.44744
2492631562.5,-32.44865
2492631718.75,-32.44739
2492631875.0,-32.43964
2492632031.25,-32.44566
2492632187.5,-32.44575
2492632343.75,-32.44367
2492632500.0,-32.44848
2492632656.25,-32.44402
2492632812.5,-32.44883
2492632968.75,-32.44538
2492633125.0,-32.4479
2492633281.25,-32.44195
2492633437.5,-32.44562
2492633593.75,-32.44316
2492633750.0,-32.4409
2492633906.25,-32.44305
2492634062.5,-32.44605
2492634218.75,-32.43508
2492634375.0,-32.43867
2492634531.25,-32.43496
2492634687.5,-32.43719
2492634843.75,-32.4329
2492635000.0,-32.43484
2492635156.25,-32.43606
2492635312.5,-32.43974
2492635468.75,-32.43753
2492635625.0,-32.43798
2492635781.25,-32.43556
2492635937.5,-32.43753
2492636093.75,-32.42786
2492636250.0,-32.43456
2492636406.25,-32.43343
2492636562.5,-32.43334
2492636718.75,-32.43439
2492636875.0,-32.43129
2492637031.25,-32.42971
2492637187.5,-32.42775
2492637343.75,-32.44017
2492637500.0,-32.43062
2492637656.25,-32.42542
2492637812.5,-32.43408
2492637968.75,-32.42813
2492638125.0,-32.4318
2492638281.25,-32.43262
2492638437.5,-32.43412
2492638593.75,-32.43124
2492638750.0,-32.43047
2492638906.25,-32.43085
2492639062.5,-32.43486
2492639218.75,-32.42684
2492639375.0,-32.42436
2492639531.25,-32.42567
2492639687.5,-32.42686
2492639843.75,-32.42859
2492640000.0,-32.4236
2492640156.25,-32.42437
2492640312.5,-32.42406
2492640468.75,-32.42556
2492640625.0,-32.42264
2492640781.25,-32.42107
2492640937.5,-32.4312
2492641093.75,-32.42871
2492641250.0,-32.4217
2492641406.25,-32.41984
2492641562.5,-32.4161
2492641718.75,-32.42382
2492641875.0,-32.42353
2492642031.25,-32.41299
2492642187.5,-32.42448
2492642343.75,-32.42315
2492642500.0,-32.41391
2492642656.25,-32.42575
2492642812.5,-32.41949
2492642968.75,-32.41497
2492643125.0,-32.41654
2492643281.25,-32.42053
2492643437.5,-32.42196
2492643593.75,-32.42091
2492643750.0,-32.41555
2492643906.25,-32.41758
2492644062.5,-32.41479
2492644218.75,-32.41621
2492644375.0,-32.41335
2492644531.25,-32.41806
2492644687.5,-32.40945
2492644843.75,-32.41201
2492645000.0,-32.41374
2492645156.25,-32.40559
2492645312.5,-32.40644
2492645468.75,-32.41459
2492645625.0,-32.41418
2492645781.25,-32.40123
2492645937.5,-32.41191
2492646093.75,-32.41061
2492646250.0,-32.41488
2492646406.25,-32.40912
2492646562.5,-32.4045
2492646718.75,-32.40806
2492646875.0,-32.4101
2492647031.25,-32.4086
2492647187.5,-32.41277
2492647343.75,-32.40236
2492647500.0,-32.40873
2492647656.25,-32.40036
2492647812.5,-32.40776
2492647968.75,-32.40559
2492648125.0,-32.40479
2492648281.25,-32.40147
2492648437.5,-32.3978
2492648593.75,-32.40273
2492648750.0,-32.40515
2492648906.25,-32.40599
2492649062.5,-32.39581
2492649218.75,-32.40273
2492649375.0,-32.39738
2492649531.25,-32.39508
2492649687.5,-32.40376
2492649843.75,-32.40246
2492650000.0,-32.39574
2492650156.25,-32.40148
2492650312.5,-32.40837
2492650468.75,-32.3982
2492650625.0,-32.40486
2492650781.25,-32.39572
2492650937.5,-32.39732
2492651093.75,-32.3943
2492651250.0,-32.39788
2492651406.25,-32.39655
2492651562.5,-32.39421
2492651718.75,-32.40106
2492651875.0,-32.39054
2492652031.25,-32.39215
2492652187.5,-32.39377
2492652343.75,-32.39473
2492652500.0,-32.39899
2492652656.25,-32.39366
2492652812.5,-32.3946
2492652968.75,-32.39101
2492653125.0,-32.38723
2492653281.25,-32.39064
2492653437.5,-32.38851
2492653593.75,-32.38745
2492653750.0,-32.38791
2492653906.25,-32.39372
2492654062.5,-32.38691
2492654218.75,-32.39304
2492654375.0,-32.38252
2492654531.25,-32.37759
2492654687.5,-32.39031
2492654843.75,-32.38522
2492655000.0,-32.3924
2492655156.25,-32.38459
2492655312.5,-32.38186
2492655468.75,-32.38943
2492655625.0,-32.38294
2492655781.25,-32.38124
2492655937.5,-32.3843
2492656093.75,-32.3785
2492656250.0,-32.38237
2492656406.25,-32.3779
2492656562.5,-32.38126
2492656718.75,-32.38465
2492656875.0,-32.38294
2492657031.25,-32.38319
2492657187.5,-32.38733
2492657343.75,-32.37747
2492657500.0,-32.3785
2492657656.25,-32.38017
2492657812.5,-32.37738
2492657968.75,-32.37851
2492658125.0,-32.37237
2492658281.25,-32.36347
2492658437.5,-32.37306
2492658593.75,-32.37506
2492658750.0,-32.37403
2492658906.25,-32.37749
2492659062.5,-32.38266
2492659218.75,-32.37338
2492659375.0,-32.36721
2492659531.25,-32.37188
2492659687.5,-32.37062
2492659843.75,-32.37227
2492660000.0,-32.36825
2492660156.25,-32.37315
2492660312.5,-32.37277
2492660468.75,-32.37264
2492660625.0,-32.36776
2492660781.25,-32.37251
2492660937.5,-32.37534
2492661093.75,-32.36352
2492661250.0,-32.37116
2492661406.25,-32.37149
2492661562.5,-32.36622
2492661718.75,-32.3644
2492661875.0,-32.37059
2492662031.25,-32.36568
2492662187.5,-32.37372
2492662343.75,-32.36533
2492662500.0,-32.36545
2492662656.25,-32.3637
2492662812.5,-32.36169
2492662968.75,-32.37132
2492663125.0,-32.36693
2492663281.25,-32.36186
2492663437.5,-32.36121
2492663593.75,-32.36132
2492663750.0,-32.37202
2492663906.25,-32.36364
2492664062.5,-32.36039
2492664218.75,-32.36079
2492664375.0,-32.36347
2492664531.25,-32.36093
2492664687.5,-32.35389
2492664843.75,-32.3606
2492665000.0,-32.35625
2492665156.25,-32.35679
2492665312.5,-32.3636
2492665468.75,-32.36375
2492665625.0,-32.36246
2492665781.25,-32.35623
2492665937.5,-32.35869
2492666093.75,-32.36189
2492666250.0,-32.35859
2492666406.25,-32.35195
2492666562.5,-32.35325
2492666718.75,-32.35761
2492666875.0,-32.35236
2492667031.25,-32.34673
2492667187.5,-32.3572
2492667343.75,-32.34856
2492667500.0,-32.35774
2492667656.25,-32.34995
2492667812.5,-32.35589
2492667968.75,-32.35069
2492668125.0,-32.35053
2492668281.25,-32.35227
2492668437.5,-32.35625
2492668593.75,-32.351
2492668750.0,-32.34824
2492668906.25,-32.34853
2492669062.5,-32.3492
2492669218.75,-32.34493
2492669375.0,-32.34295
2492669531.25,-32.34092
2492669687.5,-32.3542
2492669843.75,-32.34448
2492670000.0,-32.34386
2492670156.25,-32.3466
2492670312.5,-32.34276
2492670468.75,-32.34473
2492670625.0,-32.33376
2492670781.25,-32.34919
2492670937.5,-32.34921
2492671093.75,-32.33712
2492671250.0,-32.34119
2492671406.25,-32.3411
2492671562.5,-32.34557
2492671718.75,-32.34478
2492671875.0,-32.34215
2492672031.25,-32.3487
2492672187.5,-32.34494
2492672343.75,-32.33364
2492672500.0,-32.33888
2492672656.25,-32.3444
2492672812.5,-32.33974
2492672968.75,-32.3478
2492673125.0,-32.33683
2492673281.25,-32.3305
2492673437.5,-32.33915
2492673593.75,-32.33667
2492673750.0,-32.32933
2492673906.25,-32.34289
2492674062.5,-32.33285
2492674218.75,-32.33588
2492674375.0,-32.33622
2492674531.25,-32.33312
2492674687.5,-32.33273
2492674843.75,-32.33676
2492675000.0,-32.33447
2492675156.25,-32.3377
2492675312.5,-32.33407
2492675468.75,-32.33135
2492675625.0,-32.33376
2492675781.25,-32.32442
2492675937.5,-32.33447
2492676093.75,-32.3283
2492676250.0,-32.32785
2492676406.25,-32.3265
2492676562.5,-32.32628
2492676718.75,-32.32843
2492676875.0,-32.32655
2492677031.25,-32.32272
2492677187.5,-32.32357
2492677343.75,-32.32953
2492677500.0,-32.3231
2492677656.25,-32.31825
2492677812.5,-32.32404
2492677968.75,-32.33125
2492678125.0,-32.3303
2492678281.25,-32.31927
2492678437.5,-32.32853
2492678593.75,-32.32269
2492678750.0,-32.32552
2492678906.25,-32.31503
2492679062.5,-32.32467
2492679218.75,-32.32139
2492679375.0,-32.33235
2492679531.25,-32.31882
2492679687.5,-32.3166
2492679843.75,-32.32226
2492680000.0,-32.32377
2492680156.25,-32.31616
2492680312.5,-32.32434
2492680468.75,-32.3191
2492680625.0,-32.31661
2492680781.25,-32.31923
2492680937.5,-32.31495
2492681093.75,-32.31482
2492681250.0,-32.31218
2492681406.25,-32.32624
2492681562.5,-32.31843
2492681718.75,-32.32016
2492681875.0,-32.3169
2492682031.25,-32.315
2492682187.5,-32.31834
2492682343.75,-32.30786
2492682500.0,-32.31522
2492682656.25,-32.31226
2492682812.5,-32.31427
2492682968.75,-32.31496
2492683125.0,-32.31111
2492683281.25,-32.30983
2492683437.5,-32.31163
2492683593.75,-32.30953
2492683750.0,-32.30552
2492683906.25,-32.31218
2492684062.5,-32.31002
2492684218.75,-32.31283
2492684375.0,-32.30921
2492684531.25,-32.30968
2492684687.5,-32.30922
2492684843.75,-32.31004
2492685000.0,-32.30705
2492685156.25,-32.30987
2492685312.5,-32.30557
2492685468.75,-32.30916
2492685625.0,-32.30837
2492685781.25,-32.30716
2492685937.5,-32.30304
2492686093.75,-32.30396
2492686250.0,-32.30899
2492686406.25,-32.30334
2492686562.5,-32.29683
2492686718.75,-32.30626
2492686875.0,-32.30447
2492687031.25,-32.29878
2492687187.5,-32.30214
2492687343.75,-32.3019
2492687500.0,-32.29483
2492687656.25,-32.29026
2492687812.5,-32.29995
2492687968.75,-32.3009
2492688125.0,-32.29688
2492688281.25,-32.30361
2492688437.5,-32.30467
2492688593.75,-32.30278
2492688750.0,-32.29718
2492688906.25,-32.30225
2492689062.5,-32.29333
2492689218.75,-32.29588
2492689375.0,-32.29551
2492689531.25,-32.29023
2492689687.5,-32.29299
2492689843.75,-32.29934
2492690000.0,-32.29547
2492690156.25,-32.28786
2492690312.5,-32.29096
2492690468.75,-32.29232
2492690625.0,-32.29287
2492690781.25,-32.29754
2492690937.5,-32.29678
2492691093.75,-32.28849
2492691250.0,-32.28613
2492691406.25,-32.29054
2492691562.5,-32.28988
2492691718.75,-32.28656
2492691875.0,-32.28354
2492692031.25,-32.2952
2492692187.5,-32.28268
2492692343.75,-32.28287
2492692500.0,-32.28308
2492692656.25,-32.29064
2492692812.5,-32.29237
2492692968.75,-32.2846
2492693125.0,-32.28508
2492693281.25,-32.2842
2492693437.5,-32.28346
2492693593.75,-32.28751
2492693750.0,-32.2879
2492693906.25,-32.28554
2492694062.5,-32.28601
2492694218.75,-32.28289
2492694375.0,-32.28113
2492694531.25,-32.28277
2492694687.5,-32.28456
2492694843.75,-32.28302
2492695000.0,-32.28096
2492695156.25,-32.2823
2492695312.5,-32.2789
2492695468.75,-32.28222
2492695625.0,-32.27774
2492695781.25,-32.28189
2492695937.5,-32.27786
2492696093.75,-32.28497
2492696250.0,-32.27306
2492696406.25,-32.27264
2492696562.5,-32.28573
2492696718.75,-32.2789
2492696875.0,-32.27417
2492697031.25,-32.27149
2492697187.5,-32.27567
2492697343.75,-32.27266
2492697500.0,-32.2729
2492697656.25,-32.27699
2492697812.5,-32.27064
2492697968.75,-32.26826
2492698125.0,-32.27013
2492698281.25,-32.27599
2492698437.5,-32.26772
2492698593.75,-32.27598
2492698750.0,-32.26682
2492698906.25,-32.26861
2492699062.5,-32.27208
2492699218.75,-32.26668
2492699375.0,-32.26694
2492699531.25,-32.26261
2492699687.5,-32.26083
2492699843.75,-32.27032
2492700000.0,-32.26968
2492700156.25,-32.26348
2492700312.5,-32.27187
2492700468.75,-32.26395
2492700625.0,-32.26727
2492700781.25,-32.26233
2492700937.5,-32.26361
2492701093.75,-32.26621
2492701250.0,-32.26372
2492701406.25,-32.26429
2492701562.5,-32.26561
2492701718.75,-32.26551
2492701875.0,-32.26102
2492702031.25,-32.26044
2492702187.5,-32.2614
2492702343.75,-32.26435
2492702500.0,-32.26346
2492702656.25,-32.26682
2492702812.5,-32.25946
2492702968.75,-32.26085
2492703125.0,-32.26537
2492703281.25,-32.25988
2492703437.5,-32.25942
2492703593.75,-32.25575
2492703750.0,-32.2463
2492703906.25,-32.25365
2492704062.5,-32.25845
2492704218.75,-32.26087
2492704375.0,-32.25302
2492704531.25,-32.26268
2492704687.5,-32.2568
2492704843.75,-32.25724
2492705000.0,-32.25293
2492705156.25,-32.2509
2492705312.5,-32.25711
2492705468.75,-32.24775
2492705625.0,-32.24836
2492705781.25,-32.25259
2492705937.5,-32.24947
2492706093.75,-32.24547
2492706250.0,-32.24987
2492706406.25,-32.25311
2492706562.5,-32.24925
2492706718.75,-32.25117
2492706875.0,-32.24136
2492707031.25,-32.24807
2492707187.5,-32.24502
2492707343.75,-32.24725
2492707500.0,-32.24424
2492707656.25,-32.24126
2492707812.5,-32.24907
2492707968.75,-32.25718
2492708125.0,-32.23699
2492708281.25,-32.24683
2492708437.5,-32.24648
2492708593.75,-32.2431
2492708750.0,-32.2422
2492708906.25,-32.24715
2492709062.5,-32.245
2492709218.75,-32.23086
2492709375.0,-32.23966
2492709531.25,-32.23306
2492709687.5,-32.24742
2492709843.75,-32.24493
2492710000.0,-32.24323
2492710156.25,-32.24458
2492710312.5,-32.23234
2492710468.75,-32.24212
2492710625.0,-32.23514
2492710781.25,-32.23549
2492710937.5,-32.24237
2492711093.75,-32.23551
2492711250.0,-32.23938
2492711406.25,-32.23246
2492711562.5,-32.23706
2492711718.75,-32.24049
2492711875.0,-32.23892
2492712031.25,-32.23999
2492712187.5,-32.23608
2492712343.75,-32.23764
2492712500.0,-32.23454
2492712656.25,-32.23344
2492712812.5,-32.23529
2492712968.75,-32.2298
2492713125.0,-32.23647
2492713281.25,-32.23186
2492713437.5,-32.2272
2492713593.75,-32.2358
2492713750.0,-32.22662
2492713906.25,-32.22752
2492714062.5,-32.22868
2492714218.75,-32.23679
2492714375.0,-32.23371
2492714531.25,-32.22758
2492714687.5,-32.23436
2492714843.75,-32.22957
2492715000.0,-32.22825
2492715156.25,-32.22308
2492715312.5,-32.22678
2492715468.75,-32.22306
2492715625.0,-32.22366
2492715781.25,-32.22831
2492715937.5,-32.22747
2492716093.75,-32.22707
2492716250.0,-32.22698
2492716406.25,-32.22821
2492716562.5,-32.22313
2492716718.75,-32.22395
2492716875.0,-32.233
2492717031.25,-32.22378
2492717187.5,-32.22167
2492717343.75,-32.22414
2492717500.0,-32.21711
2492717656.25,-32.21793
2492717812.5,-32.22097
2492717968.75,-32.2244
2492718125.0,-32.21793
2492718281.25,-32.22369
2492718437.5,-32.22123
2492718593.75,-32.21037
2492718750.0,-32.22273
2492718906.25,-32.21839
2492719062.5,-32.21495
2492719218.75,-32.21243
2492719375.0,-32.21332
2492719531.25,-32.21441
2492719687.5,-32.20918
2492719843.75,-32.21949
2492720000.0,-32.21128
2492720156.25,-32.20623
2492720312.5,-32.20969
2492720468.75,-32.21335
2492720625.0,-32.21717
2492720781.25,-32.20825
2492720937.5,-32.21368
2492721093.75,-32.21075
2492721250.0,-32.20537
2492721406.25,-32.2093
2492721562.5,-32.20787
2492721718.75,-32.20508
2492721875.0,-32.2106
2492722031.25,-32.20899
2492722187.5,-32.2085
2492722343.75,-32.21319
2492722500.0,-32.20657
2492722656.25,-32.20635
2492722812.5,-32.20943
2492722968.75,-32.2078
2492723125.0,-32.20416
2492723281.25,-32.20356
2492723437.5,-32.20476
2492723593.75,-32.20541
2492723750.0,-32.20493
2492723906.25,-32.20774
2492724062.5,-32.20002
2492724218.75,-32.20398
2492724375.0,-32.20327
2492724531.25,-32.19881
2492724687.5,-32.19527
2492724843.75,-32.20034
2492725000.0,-32.20214
2492725156.25,-32.20405
2492725312.5,-32.20151
2492725468.75,-32.201
2492725625.0,-32.19925
2492725781.25,-32.1965
2492725937.5,-32.19533
2492726093.75,-32.2002
2492726250.0,-32.19388
2492726406.25,-32.2007
2492726562.5,-32.19603
2492726718.75,-32.20013
2492726875.0,-32.19258
2492727031.25,-32.2007
2492727187.5,-32.20414
2492727343.75,-32.2002
2492727500.0,-32.20082
2492727656.25,-32.19273
2492727812.5,-32.19158
2492727968.75,-32.19959
2492728125.0,-32.19006
2492728281.25,-32.19426
2492728437.5,-32.19088
2492728593.75,-32.19067
2492728750.0,-32.19023
2492728906.25,-32.18779
2492729062.5,-32.18668
2492729218.75,-32.18378
2492729375.0,-32.18681
2492729531.25,-32.19599
2492729687.5,-32.18207
2492729843.75,-32.18673
2492730000.0,-32.18843
2492730156.25,-32.18855
2492730312.5,-32.18406
2492730468.75,-32.18613
2492730625.0,-32.18612
2492730781.25,-32.18224
2492730937.5,-32.18604
2492731093.75,-32.17933
2492731250.0,-32.18837
2492731406.25,-32.18314
2492731562.5,-32.18494
2492731718.75,-32.17348
2492731875.0,-32.18247
2492732031.25,-32.18516
2492732187.5,-32.17657
2492732343.75,-32.18015
2492732500.0,-32.17895
2492732656.25,-32.18134
2492732812.5,-32.17941
2492732968.75,-32.18269
2492733125.0,-32.17985
2492733281.25,-32.18212
2492733437.5,-32.17933
2492733593.75,-32.17539
2492733750.0,-32.17662
2492733906.25,-32.18243
2492734062.5,-32.17773
2492734218.75,-32.18263
2492734375.0,-32.17437
2492734531.25,-32.1745
2492734687.5,-32.17387
2492734843.75,-32.17111
2492735000.0,-32.17522
2492735156.25,-32.1721
2492735312.5,-32.16559
2492735468.75,-32.17719
2492735625.0,-32.16764
2492735781.25,-32.16722
2492735937.5,-32.17396
2492736093.75,-32.17622
2492736250.0,-32.17197
2492736406.25,-32.17357
2492736562.5,-32.16734
2492736718.75,-32.16367
2492736875.0,-32.16871
2492737031.25,-32.17091
2492737187.5,-32.1688
2492737343.75,-32.16896
2492737500.0,-32.15616
2492737656.25,-32.16744
2492737812.5,-32.16301
2492737968.75,-32.16522
2492738125.0,-32.16304
2492738281.25,-32.16704
2492738437.5,-32.17045
2492738593.75,-32.16479
2492738750.0,-32.16391
2492738906.25,-32.16468
2492739062.5,-32.1646
2492739218.75,-32.16236
2492739375.0,-32.15622
2492739531.25,-32.16027
2492739687.5,-32.16207
2492739843.75,-32.15675
2492740000.0,-32.15815
2492740156.25,-32.16493
2492740312.5,-32.16135
2492740468.75,-32.15921
2492740625.0,-32.15909
2492740781.25,-32.15646
2492740937.5,-32.16103
2492741093.75,-32.16365
2492741250.0,-32.15261
2492741406.25,-32.15665
2492741562.5,-32.15397
2492741718.75,-32.15487
2492741875.0,-32.15431
2492742031.25,-32.15513
2492742187.5,-32.15236
2492742343.75,-32.16229
2492742500.0,-32.15092
2492742656.25,-32.15231
2492742812.5,-32.15961
2492742968.75,-32.1474
2492743125.0,-32.15369
2492743281.25,-32.14988
2492743437.5,-32.15371
2492743593.75,-32.14564
2492743750.0,-32.153
2492743906.25,-32.14927
2492744062.5,-32.15322
2492744218.75,-32.1513
2492744375.0,-32.14591
2492744531.25,-32.14645
2492744687.5,-32.1469
2492744843.75,-32.15054
2492745000.0,-32.14936
2492745156.25,-32.14977
2492745312.5,-32.14621
2492745468.75,-32.14508
2492745625.0,-32.14347
2492745781.25,-32.15045
2492745937.5,-32.14322
2492746093.75,-32.14338
2492746250.0,-32.14241
2492746406.25,-32.13832
2492746562.5,-32.14192
2492746718.75,-32.14348
2492746875.0,-32.14656
2492747031.25,-32.1385
2492747187.5,-32.14658
2492747343.75,-32.13809
2492747500.0,-32.14237
2492747656.25,-32.13412
2492747812.5,-32.14001
2492747968.75,-32.14572
2492748125.0,-32.13545
2492748281.25,-32.13335
2492748437.5,-32.13909
2492748593.75,-32.13425
2492748750.0,-32.13565
2492748906.25,-32.12967
2492749062.5,-32.13408
2492749218.75,-32.13807
2492749375.0,-32.13332
2492749531.25,-32.12623
2492749687.5,-32.13925
2492749843.75,-32.13261
2492750000.0,-32.1306
2492750156.25,-32.13446
2492750312.5,-32.12908
2492750468.75,-32.13015
2492750625.0,-32.14104
2492750781.25,-32.13341
2492750937.5,-32.13272
2492751093.75,-32.13114
2492751250.0,-32.13161
2492751406.25,-32.12804
2492751562.5,-32.13779
2492751718.75,-32.12556
2492751875.0,-32.1314
2492752031.25,-32.13016
2492752187.5,-32.12775
2492752343.75,-32.1262
2492752500.0,-32.12533
2492752656.25,-32.12733
2492752812.5,-32.12506
2492752968.75,-32.12395
2492753125.0,-32.12765
2492753281.25,-32.12499
2492753437.5,-32.12879
2492753593.75,-32.12974
2492753750.0,-32.12069
2492753906.25,-32.12527
2492754062.5,-32.12561
2492754218.75,-32.11757
2492754375.0,-32.11712
2492754531.25,-32.12144
2492754687.5,-32.1221
2492754843.75,-32.12975
2492755000.0,-32.11957
2492755156.25,-32.11974
2492755312.5,-32.11571
2492755468.75,-32.11985
2492755625.0,-32.11942
2492755781.25,-32.11889
2492755937.5,-32.11467
2492756093.75,-32.1096
2492756250.0,-32.1185
2492756406.25,-32.11562
2492756562.5,-32.11913
2492756718.75,-32.11394
2492756875.0,-32.12106
2492757031.25,-32.10918
2492757187.5,-32.11663
2492757343.75,-32.11591
2492757500.0,-32.11107
2492757656.25,-32.1131
2492757812.5,-32.11885
2492757968.75,-32.10941
2492758125.0,-32.11234
2492758281.25,-32.11427
2492758437.5,-32.10784
2492758593.75,-32.11739
2492758750.0,-32.11667
2492758906.25,-32.11402
2492759062.5,-32.10786
2492759218.75,-32.11017
2492759375.0,-32.10905
2492759531.25,-32.10492
2492759687.5,-32.10337
2492759843.75,-32.10114
2492760000.0,-32.10192
2492760156.25,-32.10893
2492760312.5,-32.10779
2492760468.75,-32.10168
2492760625.0,-32.10818
2492760781.25,-32.10664
2492760937.5,-32.09288
2492761093.75,-32.09402
2492761250.0,-32.10387
2492761406.25,-32.10609
2492761562.5,-32.09699
2492761718.75,-32.09602
2492761875.0,-32.10197
2492762031.25,-32.10729
2492762187.5,-32.09996
2492762343.75,-32.10051
2492762500.0,-32.09803
2492762656.25,-32.09495
2492762812.5,-32.10719
2492762968.75,-32.0966
2492763125.0,-32.09692
2492763281.25,-32.10013
2492763437.5,-32.09381
2492763593.75,-32.09211
2492763750.0,-32.0996
2492763906.25,-32.09201
2492764062.5,-32.09561
2492764218.75,-32.09584
2492764375.0,-32.09904
2492764531.25,-32.09257
2492764687.5,-32.0916
2492764843.75,-32.09497
2492765000.0,-32.09455
2492765156.25,-32.08743
2492765312.5,-32.09181
2492765468.75,-32.08604
2492765625.0,-32.09006
2492765781.25,-32.08979
2492765937.5,-32.09201
2492766093.75,-32.09496
2492766250.0,-32.08881
2492766406.25,-32.08969
2492766562.5,-32.09254
2492766718.75,-32.08695
2492766875.0,-32.08765
2492767031.25,-32.08091
2492767187.5,-32.08869
2492767343.75,-32.07997
2492767500.0,-32.09232
2492767656.25,-32.08728
2492767812.5,-32.08462
2492767968.75,-32.0845
2492768125.0,-32.0859
2492768281.25,-32.08595
2492768437.5,-32.09086
2492768593.75,-32.08556
2492768750.0,-32.08148
2492768906.25,-32.08281
2492769062.5,-32.08168
2492769218.75,-32.08022
2492769375.0,-32.08791
2492769531.25,-32.08466
2492769687.5,-32.0742
2492769843.75,-32.07839
2492770000.0,-32.08107
2492770156.25,-32.07578
2492770312.5,-32.07598
2492770468.75,-32.07326
2492770625.0,-32.07383
2492770781.25,-32.08129
2492770937.5,-32.07033
2492771093.75,-32.08221
2492771250.0,-32.07371
2492771406.25,-32.07927
2492771562.5,-32.07587
2492771718.75,-32.07512
2492771875.0,-32.06906
2492772031.25,-32.07413
2492772187.5,-32.07132
2492772343.75,-32.06814
2492772500.0,-32.07628
2492772656.25,-32.0752
2492772812.5,-32.07563
2492772968.75,-32.06895
2492773125.0,-32.06802
2492773281.25,-32.06805
2492773437.5,-32.0729
2492773593.75,-32.07232
2492773750.0,-32.0678
2492773906.25,-32.06695
2492774062.5,-32.06034
2492774218.75,-32.07017
2492774375.0,-32.0709
2492774531.25,-32.06593
2492774687.5,-32.06969
2492774843.75,-32.06725
2492775000.0,-32.07123
2492775156.25,-32.06688
2492775312.5,-32.06619
2492775468.75,-32.06541
2492775625.0,-32.06025
2492775781.25,-32.06211
2492775937.5,-32.06175
2492776093.75,-32.06181
2492776250.0,-32.06435
2492776406.25,-32.06367
2492776562.5,-32.05788
2492776718.75,-32.05645
2492776875.0,-32.05581
2492777031.25,-32.05762
2492777187.5,-32.06074
2492777343.75,-32.06361
2492777500.0,-32.06565
2492777656.25,-32.06039
2492777812.5,-32.05529
2492777968.75,-32.06209
2492778125.0,-32.05758
2492778281.25,-32.05283
2492778437.5,-32.06247
2492778593.75,-32.05965
2492778750.0,-32.05123
2492778906.25,-32.05825
2492779062.5,-32.05255
2492779218.75,-32.0503
2492779375.0,-32.05257
2492779531.25,-32.06034
2492779687.5,-32.05315
2492779843.75,-32.0572
2492780000.0,-32.05288
2492780156.25,-32.05193
2492780312.5,-32.0523
2492780468.75,-32.04485
2492780625.0,-32.05388
2492780781.25,-32.04919
2492780937.5,-32.05249
2492781093.75,-32.05643
2492781250.0,-32.04276
2492781406.25,-32.04983
2492781562.5,-32.04646
2492781718.75,-32.04908
2492781875.0,-32.04551
2492782031.25,-32.04677
2492782187.5,-32.04756
2492782343.75,-32.04163
2492782500.0,-32.04068
2492782656.25,-32.04513
2492782812.5,-32.04376
2492782968.75,-32.03964
2492783125.0,-32.04518
2492783281.25,-32.04762
2492783437.5,-32.04142
2492783593.75,-32.04086
2492783750.0,-32.04732
2492783906.25,-32.04415
2492784062.5,-32.04281
2492784218.75,-32.04169
2492784375.0,-32.03916
2492784531.25,-32.03909
2492784687.5,-32.03569
2492784843.75,-32.04042
2492785000.0,-32.03677
2492785156.25,-32.04539
2492785312.5,-32.03156
2492785468.75,-32.03008
2492785625.0,-32.0321
2492785781.25,-32.03407
2492785937.5,-32.0377
2492786093.75,-32.03167
2492786250.0,-32.03471
2492786406.25,-32.02742
2492786562.5,-32.03398
2492786718.75,-32.03136
2492786875.0,-32.04016
2492787031.25,-32.03316
2492787187.5,-32.03245
2492787343.75,-32.032
2492787500.0,-32.03507
2492787656.25,-32.02575
2492787812.5,-32.03369
2492787968.75,-32.02796
2492788125.0,-32.03173
2492788281.25,-32.02581
2492788437.5,-32.02885
2492788593.75,-32.02281
2492788750.0,-32.02824
2492788906.25,-32.03004
2492789062.5,-32.0288
2492789218.75,-32.02197
2492789375.0,-32.03083
2492789531.25,-32.0273
2492789687.5,-32.01447
2492789843.75,-32.02979
2492790000.0,-32.02818
2492790156.25,-32.02055
2492790312.5,-32.01978
2492790468.75,-32.02251
2492790625.0,-32.01973
2492790781.25,-32.0229
2492790937.5,-32.01677
2492791093.75,-32.0129
2492791250.0,-32.02103
2492791406.25,-32.01814
2492791562.5,-32.02369
2492791718.75,-32.02592
2492791875.0,-32.02147
2492792031.25,-32.0207
2492792187.5,-32.01628
2492792343.75,-32.0172
2492792500.0,-32.02635
2492792656.25,-32.02513
2492792812.5,-32.01908
2492792968.75,-32.01854
2492793125.0,-32.0124
2492793281.25,-32.01864
2492793437.5,-32.01434
2492793593.75,-32.02299
2492793750.0,-32.01188
2492793906.25,-32.01068
2492794062.5,-32.01337
2492794218.75,-32.0172
2492794375.0,-32.01505
2492794531.25,-32.01633
2492794687.5,-32.01484
2492794843.75,-32.01518
2492795000.0,-32.0081
2492795156.25,-32.0099
2492795312.5,-32.01303
2492795468.75,-32.01247
2492795625.0,-32.01495
2492795781.25,-32.00848
2492795937.5,-32.00698
2492796093.75,-32.01103
2492796250.0,-32.00973
2492796406.25,-32.00727
2492796562.5,-32.00331
2492796718.75,-32.00563
2492796875.0,-32.00932
2492797031.25,-32.00322
2492797187.5,-32.01231
2492797343.75,-32.00922
2492797500.0,-32.00495
2492797656.25,-32.00737
2492797812.5,-32.00789
2492797968.75,-32.00557
2492798125.0,-31.99955
2492798281.25,-31.99627
2492798437.5,-31.99887
2492798593.75,-32.00784
2492798750.0,-31.9944
2492798906.25,-31.99873
2492799062.5,-32.00223
2492799218.75,-32.00455
2492799375.0,-31.9986
2492799531.25,-32.00303
2492799687.5,-32.00066
2492799843.75,-31.99545
2492800000.0,-31.99968
2492800156.25,-32.00493
2492800312.5,-31.99867
2492800468.75,-31.99736
2492800625.0,-31.99443
2492800781.25,-31.99138
2492800937.5,-31.99126
2492801093.75,-31.99883
2492801250.0,-31.99685
2492801406.25,-31.99046
2492801562.5,-31.99508
2492801718.75,-31.99293
2492801875.0,-31.9946
2492802031.25,-31.99331
2492802187.5,-31.99452
2492802343.75,-31.99128
2492802500.0,-31.99413
2492802656.25,-31.98717
2492802812.5,-31.99401
2492802968.75,-31.99054
2492803125.0,-31.9892
2492803281.25,-31.98618
2492803437.5,-31.9973
2492803593.75,-31.99518
2492803750.0,-31.9917
2492803906.25,-31.98494
2492804062.5,-31.98738
2492804218.75,-31.9781
2492804375.0,-31.98481
2492804531.25,-31.99273
2492804687.5,-31.98327
2492804843.75,-31.98634
2492805000.0,-31.98584
2492805156.25,-31.98644
2492805312.5,-31.98571
2492805468.75,-31.98127
2492805625.0,-31.98293
2492805781.25,-31.98342
2492805937.5,-31.98607
2492806093.75,-31.98321
2492806250.0,-31.98739
2492806406.25,-31.97881
2492806562.5,-31.97873
2492806718.75,-31.9798
2492806875.0,-31.97761
2492807031.25,-31.98274
2492807187.5,-31.9802
2492807343.75,-31.97585
2492807500.0,-31.97739
2492807656.25,-31.97345
2492807812.5,-31.97387
2492807968.75,-31.97313
2492808125.0,-31.97491
2492808281.25,-31.9754
2492808437.5,-31.97176
2492808593.75,-31.97695
2492808750.0,-31.9763
2492808906.25,-31.97563
2492809062.5,-31.97262
2492809218.75,-31.97174
2492809375.0,-31.97344
2492809531.25,-31.97134
2492809687.5,-31.96715
2492809843.75,-31.96995
2492810000.0,-31.96634
2492810156.25,-31.9635
2492810312.5,-31.97047
2492810468.75,-31.96851
2492810625.0,-31.97026
2492810781.25,-31.97223
2492810937.5,-31.9661
2492811093.75,-31.96641
2492811250.0,-31.96615
2492811406.25,-31.96111
2492811562.5,-31.96516
2492811718.75,-31.96256
2492811875.0,-31.964
2492812031.25,-31.96662
2492812187.5,-31.96324
2492812343.75,-31.96632
2492812500.0,-31.96096
2492812656.25,-31.96197
2492812812.5,-31.9649
2492812968.75,-31.96034
2492813125.0,-31.95366
2492813281.25,-31.95904
2492813437.5,-31.95915
2492813593.75,-31.96309
2492813750.0,-31.96109
2492813906.25,-31.95409
2492814062.5,-31.95262
2492814218.75,-31.95613
2492814375.0,-31.95735
2492814531.25,-31.95428
2492814687.5,-31.96087
2492814843.75,-31.96101
2492815000.0,-31.96012
2492815156.25,-31.95328
2492815312.5,-31.96158
2492815468.75,-31.95176
2492815625.0,-31.95224
2492815781.25,-31.95188
2492815937.5,-31.95261
2492816093.75,-31.95497
2492816250.0,-31.95446
2492816406.25,-31.95474
2492816562.5,-31.95201
2492816718.75,-31.95894
2492816875.0,-31.94979
2492817031.25,-31.94729
2492817187.5,-31.95214
2492817343.75,-31.94612
2492817500.0,-31.9488
2492817656.25,-31.94752
2492817812.5,-31.94934
2492817968.75,-31.9493
2492818125.0,-31.9433
2492818281.25,-31.94643
2492818437.5,-31.95059
2492818593.75,-31.93591
2492818750.0,-31.94329
2492818906.25,-31.94505
2492819062.5,-31.94507
2492819218.75,-31.94029
2492819375.0,-31.94618
2492819531.25,-31.9445
2492819687.5,-31.93935
2492819843.75,-31.94366
2492820000.0,-31.94466
2492820156.25,-31.9425
2492820312.5,-31.94865
2492820468.75,-31.94604
2492820625.0,-31.94061
2492820781.25,-31.94545
2492820937.5,-31.93899
2492821093.75,-31.93738
2492821250.0,-31.93824
2492821406.25,-31.94072
2492821562.5,-31.94323
2492821718.75,-31.94399
2492821875.0,-31.93176
2492822031.25,-31.93994
2492822187.5,-31.94269
2492822343.75,-31.94197
2492822500.0,-31.93811
2492822656.25,-31.9351
2492822812.5,-31.9351
2492822968.75,-31.92711
2492823125.0,-31.9297
2492823281.25,-31.9349
2492823437.5,-31.93272
2492823593.75,-31.93343
2492823750.0,-31.92773
2492823906.25,-31.93414
2492824062.5,-31.92908
2492824218.75,-31.93196
2492824375.0,-31.93137
2492824531.25,-31.92712
2492824687.5,-31.93188
2492824843.75,-31.9329
2492825000.0,-31.92394
2492825156.25,-31.92879
2492825312.5,-31.92774
2492825468.75,-31.93415
2492825625.0,-31.92254
2492825781.25,-31.93331
2492825937.5,-31.92114
2492826093.75,-31.92931
2492826250.0,-31.92792
2492826406.25,-31.93125
2492826562.5,-31.92506
2492826718.75,-31.91736
2492826875.0,-31.92212
2492827031.25,-31.9253
2492827187.5,-31.92494
2492827343.75,-31.91812
2492827500.0,-31.92253
2492827656.25,-31.917
2492827812.5,-31.91992
2492827968.75,-31.92031
2492828125.0,-31.92335
2492828281.25,-31.92257
2492828437.5,-31.91501
2492828593.75,-31.91442
2492828750.0,-31.91964
2492828906.25,-31.9228
2492829062.5,-31.91696
2492829218.75,-31.91251
2492829375.0,-31.91988
2492829531.25,-31.92281
2492829687.5,-31.91618
2492829843.75,-31.9167
2492830000.0,-31.91662
2492830156.25,-31.91899
2492830312.5,-31.90947
2492830468.75,-31.91278
2492830625.0,-31.9095
2492830781.25,-31.91185
2492830937.5,-31.91192
2492831093.75,-31.90783
2492831250.0,-31.90881
2492831406.25,-31.9107
2492831562.5,-31.90931
2492831718.75,-31.91356
2492831875.0,-31.91094
2492832031.25,-31.90639
2492832187.5,-31.90962
2492832343.75,-31.91802
2492832500.0,-31.91224
2492832656.25,-31.90454
2492832812.5,-31.90022
2492832968.75,-31.90828
2492833125.0,-31.90436
2492833281.25,-31.90693
2492833437.5,-31.90799
2492833593.75,-31.90649
2492833750.0,-31.90691
2492833906.25,-31.89878
2492834062.5,-31.90894
2492834218.75,-31.90454
2492834375.0,-31.90421
2492834531.25,-31.90305
2492834687.5,-31.89961
2492834843.75,-31.90241
2492835000.0,-31.90094
2492835156.25,-31.90456
2492835312.5,-31.9047
2492835468.75,-31.89831
2492835625.0,-31.89672
2492835781.25,-31.89428
2492835937.5,-31.89409
2492836093.75,-31.89939
2492836250.0,-31.89365
2492836406.25,-31.89713
2492836562.5,-31.89915
2492836718.75,-31.9001
2492836875.0,-31.89711
2492837031.25,-31.90009
2492837187.5,-31.89568
2492837343.75,-31.89415
2492837500.0,-31.89739
2492837656.25,-31.8898
2492837812.5,-31.89412
2492837968.75,-31.89189
2492838125.0,-31.8874
2492838281.25,-31.89679
2492838437.5,-31.8963
2492838593.75,-31.89271
2492838750.0,-31.88815
2492838906.25,-31.89025
2492839062.5,-31.88697
2492839218.75,-31.88666
2492839375.0,-31.88357
2492839531.25,-31.88991
2492839687.5,-31.88248
2492839843.75,-31.88664
2492840000.0,-31.89049
2492840156.25,-31.88691
2492840312.5,-31.88842
2492840468.75,-31.89031
2492840625.0,-31.88432
2492840781.25,-31.87889
2492840937.5,-31.88803
2492841093.75,-31.88176
2492841250.0,-31.8856
2492841406.25,-31.88727
2492841562.5,-31.88295
2492841718.75,-31.87953
2492841875.0,-31.88468
2492842031.25,-31.88947
2492842187.5,-31.88336
2492842343.75,-31.88385
2492842500.0,-31.87839
2492842656.25,-31.87521
2492842812.5,-31.88023
2492842968.75,-31.87979
2492843125.0,-31.8752
2492843281.25,-31.8786
2492843437.5,-31.87738
2492843593.75,-31.87805
2492843750.0,-31.87516
2492843906.25,-31.87216
2492844062.5,-31.87495
2492844218.75,-31.87317
2492844375.0,-31.88013
2492844531.25,-31.86801
2492844687.5,-31.87491
2492844843.75,-31.86869
2492845000.0,-31.87918
2492845156.25,-31.87683
2492845312.5,-31.87353
2492845468.75,-31.87222
2492845625.0,-31.86863
2492845781.25,-31.8833
2492845937.5,-31.86767
2492846093.75,-31.8695
2492846250.0,-31.86789
2492846406.25,-31.86931
2492846562.5,-31.86258
2492846718.75,-31.87144
2492846875.0,-31.87146
2492847031.25,-31.8688
2492847187.5,-31.8715
2492847343.75,-31.86144
2492847500.0,-31.86531
2492847656.25,-31.8635
2492847812.5,-31.86629
2492847968.75,-31.86532
2492848125.0,-31.86335
2492848281.25,-31.86454
2492848437.5,-31.86475
2492848593.75,-31.86802
2492848750.0,-31.85776
2492848906.25,-31.86535
2492849062.5,-31.86576
2492849218.75,-31.85706
2492849375.0,-31.86475
2492849531.25,-31.85894
2492849687.5,-31.85982
2492849843.75,-31.85782
2492850000.0,-31.8666
2492850156.25,-31.85528
2492850312.5,-31.856
2492850468.75,-31.85619
2492850625.0,-31.85797
2492850781.25,-31.85587
2492850937.5,-31.85709
2492851093.75,-31.86042
2492851250.0,-31.8674
2492851406.25,-31.85653
2492851562.5,-31.85912
2492851718.75,-31.85808
2492851875.0,-31.86328
2492852031.25,-31.85306
2492852187.5,-31.85324
2492852343.75,-31.84904
2492852500.0,-31.85675
2492852656.25,-31.85549
2492852812.5,-31.85721
2492852968.75,-31.85681
2492853125.0,-31.84857
2492853281.25,-31.85269
2492853437.5,-31.84843
2492853593.75,-31.84493
2492853750.0,-31.8484
2492853906.25,-31.85125
2492854062.5,-31.84985
2492854218.75,-31.84626
2492854375.0,-31.84401
2492854531.25,-31.84791
2492854687.5,-31.84554
2492854843.75,-31.84852
2492855000.0,-31.84629
2492855156.25,-31.83843
2492855312.5,-31.84642
2492855468.75,-31.84226
2492855625.0,-31.84148
2492855781.25,-31.84085
2492855937.5,-31.84596
2492856093.75,-31.84525
2492856250.0,-31.84672
2492856406.25,-31.83837
2492856562.5,-31.8454
2492856718.75,-31.84596
2492856875.0,-31.83953
2492857031.25,-31.83912
2492857187.5,-31.83394
2492857343.75,-31.84329
2492857500.0,-31.83805
2492857656.25,-31.84464
2492857812.5,-31.83496
2492857968.75,-31.82973
2492858125.0,-31.83093
2492858281.25,-31.83909
2492858437.5,-31.84598
2492858593.75,-31.83851
2492858750.0,-31.83639
2492858906.25,-31.83727
2492859062.5,-31.83311
2492859218.75,-31.83454
2492859375.0,-31.8264
2492859531.25,-31.83577
2492859687.5,-31.82669
2492859843.75,-31.83525
2492860000.0,-31.82753
2492860156.25,-31.82275
2492860312.5,-31.83025
2492860468.75,-31.83334
2492860625.0,-31.83227
2492860781.25,-31.82428
2492860937.5,-31.83328
2492861093.75,-31.82716
2492861250.0,-31.83504
2492861406.25,-31.8252
2492861562.5,-31.83061
2492861718.75,-31.82666
2492861875.0,-31.82807
2492862031.25,-31.82743
2492862187.5,-31.83022
2492862343.75,-31.82688
2492862500.0,-31.82964
2492862656.25,-31.8327
2492862812.5,-31.82399
2492862968.75,-31.82034
2492863125.0,-31.82789
2492863281.25,-31.82499
2492863437.5,-31.81866
2492863593.75,-31.82615
2492863750.0,-31.82577
2492863906.25,-31.82387
2492864062.5,-31.82255
2492864218.75,-31.82062
2492864375.0,-31.82198
2492864531.25,-31.81782
2492864687.5,-31.81899
2492864843.75,-31.8209
2492865000.0,-31.81686
2492865156.25,-31.81975
2492865312.5,-31.81935
2492865468.75,-31.81768
2492865625.0,-31.81523
2492865781.25,-31.81503
2492865937.5,-31.8179
2492866093.75,-31.8142
2492866250.0,-31.81109
2492866406.25,-31.80979
2492866562.5,-31.81229
2492866718.75,-31.81479
2492866875.0,-31.81506
2492867031.25,-31.81166
2492867187.5,-31.80939
2492867343.75,-31.80968
2492867500.0,-31.80945
2492867656.25,-31.80632
2492867812.5,-31.81025
2492867968.75,-31.80977
2492868125.0,-31.81071
2492868281.25,-31.80966
2492868437.5,-31.80487
2492868593.75,-31.80743
2492868750.0,-31.8067
2492868906.25,-31.81344
2492869062.5,-31.81387
2492869218.75,-31.81322
2492869375.0,-31.80029
2492869531.25,-31.80602
2492869687.5,-31.80424
2492869843.75,-31.79827
2492870000.0,-31.80384
2492870156.25,-31.80017
2492870312.5,-31.79842
2492870468.75,-31.80295
2492870625.0,-31.80084
2492870781.25,-31.8017
2492870937.5,-31.79771
2492871093.75,-31.79865
2492871250.0,-31.80312
2492871406.25,-31.80008
2492871562.5,-31.7968
2492871718.75,-31.79486
2492871875.0,-31.80096
2492872031.25,-31.79627
2492872187.5,-31.80077
2492872343.75,-31.79316
2492872500.0,-31.79909
2492872656.25,-31.79886
2492872812.5,-31.79449
2492872968.75,-31.79715
2492873125.0,-31.79329
2492873281.25,-31.79705
2492873437.5,-31.78994
2492873593.75,-31.79192
2492873750.0,-31.80016
2492873906.25,-31.79241
2492874062.5,-31.78732
2492874218.75,-31.78828
2492874375.0,-31.78546
2492874531.25,-31.78581
2492874687.5,-31.78615
2492874843.75,-31.79293
2492875000.0,-31.78683
2492875156.25,-31.79078
2492875312.5,-31.79083
2492875468.75,-31.79239
2492875625.0,-31.78323
2492875781.25,-31.78384
2492875937.5,-31.78923
2492876093.75,-31.78228
2492876250.0,-31.78424
2492876406.25,-31.78201
2492876562.5,-31.78116
2492876718.75,-31.78383
2492876875.0,-31.78071
2492877031.25,-31.7814
2492877187.5,-31.78002
2492877343.75,-31.77816
2492877500.0,-31.78406
2492877656.25,-31.78306
2492877812.5,-31.77728
2492877968.75,-31.78259
2492878125.0,-31.7846
2492878281.25,-31.78403
2492878437.5,-31.78267
2492878593.75,-31.77337
2492878750.0,-31.77612
2492878906.25,-31.7804
2492879062.5,-31.77819
2492879218.75,-31.78075
2492879375.0,-31.77963
2492879531.25,-31.774
2492879687.5,-31.77566
2492879843.75,-31.7811
2492880000.0,-31.77617
2492880156.25,-31.76913
2492880312.5,-31.77486
2492880468.75,-31.7718
2492880625.0,-31.77392
2492880781.25,-31.77269
2492880937.5,-31.77407
2492881093.75,-31.77245
2492881250.0,-31.77235
2492881406.25,-31.77252
2492881562.5,-31.76307
2492881718.75,-31.7698
2492881875.0,-31.77527
2492882031.25,-31.77378
2492882187.5,-31.76782
2492882343.75,-31.76848
2492882500.0,-31.77461
2492882656.25,-31.76393
2492882812.5,-31.76897
2492882968.75,-31.76372
2492883125.0,-31.76708
2492883281.25,-31.7633
2492883437.5,-31.76892
2492883593.75,-31.76784
2492883750.0,-31.76737
2492883906.25,-31.7655
2492884062.5,-31.7626
2492884218.75,-31.7667
2492884375.0,-31.7634
2492884531.25,-31.76074
2492884687.5,-31.75643
2492884843.75,-31.76474
2492885000.0,-31.77022
2492885156.25,-31.76299
2492885312.5,-31.76126
2492885468.75,-31.76611
2492885625.0,-31.75789
2492885781.25,-31.75828
2492885937.5,-31.75282
2492886093.75,-31.75555
2492886250.0,-31.75849
2492886406.25,-31.76027
2492886562.5,-31.75699
2492886718.75,-31.75458
2492886875.0,-31.75374
2492887031.25,-31.75298
2492887187.5,-31.75814
2492887343.75,-31.75266
2492887500.0,-31.75217
2492887656.25,-31.75162
2492887812.5,-31.75395
2492887968.75,-31.75494
2492888125.0,-31.74928
2492888281.25,-31.75623
2492888437.5,-31.75038
2492888593.75,-31.74936
2492888750.0,-31.75511
2492888906.25,-31.74865
2492889062.5,-31.74872
2492889218.75,-31.74406
2492889375.0,-31.75116
2492889531.25,-31.75304
2492889687.5,-31.74598
2492889843.75,-31.74669
2492890000.0,-31.74912
2492890156.25,-31.74393
2492890312.5,-31.74959
2492890468.75,-31.74431
2492890625.0,-31.74751
2492890781.25,-31.74374
2492890937.5,-31.74181
2492891093.75,-31.74692
2492891250.0,-31.74381
2492891406.25,-31.74479
2492891562.5,-31.74466
2492891718.75,-31.75234
2492891875.0,-31.7402
2492892031.25,-31.74058
2492892187.5,-31.74039
2492892343.75,-31.74283
2492892500.0,-31.74519
2492892656.25,-31.74151
2492892812.5,-31.73265
2492892968.75,-31.73879
2492893125.0,-31.73344
2492893281.25,-31.73771
2492893437.5,-31.73843
2492893593.75,-31.73292
2492893750.0,-31.7394
2492893906.25,-31.73291
2492894062.5,-31.73064
2492894218.75,-31.729
2492894375.0,-31.73679
2492894531.25,-31.72595
2492894687.5,-31.7331
2492894843.75,-31.73752
2492895000.0,-31.73432
2492895156.25,-31.73625
2492895312.5,-31.72897
2492895468.75,-31.72989
2492895625.0,-31.7257
2492895781.25,-31.7305
2492895937.5,-31.73165
2492896093.75,-31.72889
2492896250.0,-31.72867
2492896406.25,-31.73041
2492896562.5,-31.73354
2492896718.75,-31.73177
2492896875.0,-31.72348
2492897031.25,-31.73092
2492897187.5,-31.72615
2492897343.75,-31.72987
2492897500.0,-31.72583
2492897656.25,-31.72214
2492897812.5,-31.72769
2492897968.75,-31.73172
2492898125.0,-31.72674
2492898281.25,-31.72228
2492898437.5,-31.71713
2492898593.75,-31.72272
2492898750.0,-31.7217
2492898906.25,-31.72383
2492899062.5,-31.72215
2492899218.75,-31.72226
2492899375.0,-31.72264
2492899531.25,-31.72483
2492899687.5,-31.72047
2492899843.75,-31.71836
2492900000.0,-31.71801
2492900156.25,-31.71278
2492900312.5,-31.71961
2492900468.75,-31.71652
2492900625.0,-31.71354
2492900781.25,-31.71708
2492900937.5,-31.71816
2492901093.75,-31.7121
2492901250.0,-31.7136
2492901406.25,-31.71908
2492901562.5,-31.71545
2492901718.75,-31.71856
2492901875.0,-31.71378
2492902031.25,-31.70794
2492902187.5,-31.71234
2492902343.75,-31.71813
2492902500.0,-31.71654
2492902656.25,-31.70608
2492902812.5,-31.70901
2492902968.75,-31.70864
2492903125.0,-31.71704
2492903281.25,-31.71028
2492903437.5,-31.71217
2492903593.75,-31.70936
2492903750.0,-31.70079
2492903906.25,-31.70974
2492904062.5,-31.71339
2492904218.75,-31.70554
2492904375.0,-31.70567
2492904531.25,-31.70553
2492904687.5,-31.71312
2492904843.75,-31.70552
2492905000.0,-31.70504
2492905156.25,-31.70425
2492905312.5,-31.7022
2492905468.75,-31.70177
2492905625.0,-31.7082
2492905781.25,-31.69868
2492905937.5,-31.70391
2492906093.75,-31.69911
2492906250.0,-31.70703
2492906406.25,-31.69733
2492906562.5,-31.6973
2492906718.75,-31.69401
2492906875.0,-31.70297
2492907031.25,-31.69921
2492907187.5,-31.69471
2492907343.75,-31.70014
2492907500.0,-31.69448
2492907656.25,-31.69498
2492907812.5,-31.70132
2492907968.75,-31.69771
2492908125.0,-31.69685
2492908281.25,-31.69566
2492908437.5,-31.6946
2492908593.75,-31.69378
2492908750.0,-31.6968
2492908906.25,-31.68878
2492909062.5,-31.69885
2492909218.75,-31.68921
2492909375.0,-31.69174
2492909531.25,-31.69172
2492909687.5,-31.68783
2492909843.75,-31.69136
2492910000.0,-31.68863
2492910156.25,-31.6923
2492910312.5,-31.68936
2492910468.75,-31.69134
2492910625.0,-31.68746
2492910781.25,-31.69174
2492910937.5,-31.68849
2492911093.75,-31.68663
2492911250.0,-31.68182
2492911406.25,-31.69099
2492911562.5,-31.68761
2492911718.75,-31.68771
2492911875.0,-31.68365
2492912031.25,-31.68723
2492912187.5,-31.68078
2492912343.75,-31.68123
2492912500.0,-31.68651
2492912656.25,-31.68419
2492912812.5,-31.67891
2492912968.75,-31.67965
2492913125.0,-31.67785
2492913281.25,-31.68604
2492913437.5,-31.68103
2492913593.75,-31.68745
2492913750.0,-31.68098
2492913906.25,-31.67576
2492914062.5,-31.6814
2492914218.75,-31.67332
2492914375.0,-31.67741
2492914531.25,-31.67921
2492914687.5,-31.67735
2492914843.75,-31.67819
2492915000.0,-31.67262
2492915156.25,-31.67475
2492915312.5,-31.67317
2492915468.75,-31.67744
2492915625.0,-31.67321
2492915781.25,-31.67059
2492915937.5,-31.6742
2492916093.75,-31.67645
2492916250.0,-31.671
2492916406.25,-31.67149
2492916562.5,-31.67741
2492916718.75,-31.67393
2492916875.0,-31.67608
2492917031.25,-31.67756
2492917187.5,-31.67155
2492917343.75,-31.67159
2492917500.0,-31.66725
2492917656.25,-31.66878
2492917812.5,-31.66713
2492917968.75,-31.66923
2492918125.0,-31.66598
2492918281.25,-31.67061
2492918437.5,-31.67531
2492918593.75,-31.66275
2492918750.0,-31.66531
2492918906.25,-31.66222
2492919062.5,-31.66498
2492919218.75,-31.66009
2492919375.0,-31.66759
2492919531.25,-31.66524
2492919687.5,-31.65907
2492919843.75,-31.66481
2492920000.0,-31.66317
2492920156.25,-31.66015
2492920312.5,-31.65942
2492920468.75,-31.66035
2492920625.0,-31.66095
2492920781.25,-31.65754
2492920937.5,-31.65831
2492921093.75,-31.66747
2492921250.0,-31.65664
2492921406.25,-31.65935
2492921562.5,-31.65773
2492921718.75,-31.65882
2492921875.0,-31.65734
2492922031.25,-31.65986
2492922187.5,-31.65852
2492922343.75,-31.65505
2492922500.0,-31.65175
2492922656.25,-31.64456
2492922812.5,-31.65292
2492922968.75,-31.65675
2492923125.0,-31.65424
2492923281.25,-31.65265
2492923437.5,-31.65986
2492923593.75,-31.65194
2492923750.0,-31.64545
2492923906.25,-31.65041
2492924062.5,-31.64814
2492924218.75,-31.6442
2492924375.0,-31.65043
2492924531.25,-31.6493
2492924687.5,-31.64658
2492924843.75,-31.64326
2492925000.0,-31.64706
2492925156.25,-31.65035
2492925312.5,-31.65238
2492925468.75,-31.64554
2492925625.0,-31.64971
2492925781.25,-31.64865
2492925937.5,-31.64684
2492926093.75,-31.64668
2492926250.0,-31.65085
2492926406.25,-31.6487
2492926562.5,-31.64341
2492926718.75,-31.63691
2492926875.0,-31.64711
2492927031.25,-31.63942
2492927187.5,-31.64321
2492927343.75,-31.64028
2492927500.0,-31.64387
2492927656.25,-31.64316
2492927812.5,-31.63916
2492927968.75,-31.64068
2492928125.0,-31.64087
2492928281.25,-31.63693
2492928437.5,-31.63963
2492928593.75,-31.64124
2492928750.0,-31.63523
2492928906.25,-31.63236
2492929062.5,-31.63262
2492929218.75,-31.63398
2492929375.0,-31.6362
2492929531.25,-31.63193
2492929687.5,-31.6372
2492929843.75,-31.63292
2492930000.0,-31.6314
2492930156.25,-31.63472
2492930312.5,-31.63804
2492930468.75,-31.63165
2492930625.0,-31.62796
2492930781.25,-31.63392
2492930937.5,-31.63422
2492931093.75,-31.6312
2492931250.0,-31.62981
2492931406.25,-31.63329
2492931562.5,-31.63247
2492931718.75,-31.63165
2492931875.0,-31.63199
2492932031.25,-31.62771
2492932187.5,-31.62456
2492932343.75,-31.63144
2492932500.0,-31.62465
2492932656.25,-31.62891
2492932812.5,-31.63146
2492932968.75,-31.62716
2492933125.0,-31.62572
2492933281.25,-31.62494
2492933437.5,-31.6222
2492933593.75,-31.61869
2492933750.0,-31.61877
2492933906.25,-31.62435
2492934062.5,-31.61449
2492934218.75,-31.62255
2492934375.0,-31.62125
2492934531.25,-31.61254
2492934687.5,-31.61863
2492934843.75,-31.61927
2492935000.0,-31.61816
2492935156.25,-31.62048
2492935312.5,-31.61919
2492935468.75,-31.62132
2492935625.0,-31.61752
2492935781.25,-31.61998
2492935937.5,-31.62101
2492936093.75,-31.61511
2492936250.0,-31.61372
2492936406.25,-31.61895
2492936562.5,-31.61087
2492936718.75,-31.61794
2492936875.0,-31.61007
2492937031.25,-31.6143
2492937187.5,-31.61206
2492937343.75,-31.61328
2492937500.0,-31.6189
2492937656.25,-31.61279
2492937812.5,-31.6148
2492937968.75,-31.60742
2492938125.0,-31.61304
2492938281.25,-31.61018
2492938437.5,-31.61183
2492938593.75,-31.61334
2492938750.0,-31.61273
2492938906.25,-31.60543
2492939062.5,-31.61447
2492939218.75,-31.61025
2492939375.0,-31.60305
2492939531.25,-31.5993
2492939687.5,-31.60944
2492939843.75,-31.61139
2492940000.0,-31.60338
2492940156.25,-31.60545
2492940312.5,-31.60758
2492940468.75,-31.60096
2492940625.0,-31.59779
2492940781.25,-31.60273
2492940937.5,-31.60526
2492941093.75,-31.60355
2492941250.0,-31.60267
2492941406.25,-31.60119
2492941562.5,-31.60258
2492941718.75,-31.6072
2492941875.0,-31.59796
2492942031.25,-31.60029
2492942187.5,-31.59613
2492942343.75,-31.59928
2492942500.0,-31.59979
2492942656.25,-31.59289
2492942812.5,-31.59649
2492942968.75,-31.60224
2492943125.0,-31.59739
2492943281.25,-31.59266
2492943437.5,-31.59661
2492943593.75,-31.5949
2492943750.0,-31.59472
2492943906.25,-31.59225
2492944062.5,-31.58969
2492944218.75,-31.59477
2492944375.0,-31.59757
2492944531.25,-31.59321
2492944687.5,-31.58913
2492944843.75,-31.59404
2492945000.0,-31.59475
2492945156.25,-31.58539
2492945312.5,-31.58736
2492945468.75,-31.58425
2492945625.0,-31.58964
2492945781.25,-31.58839
2492945937.5,-31.58431
2492946093.75,-31.587
2492946250.0,-31.58852
2492946406.25,-31.58717
2492946562.5,-31.58938
2492946718.75,-31.59479
2492946875.0,-31.58939
2492947031.25,-31.5886
2492947187.5,-31.58172
2492947343.75,-31.58256
2492947500.0,-31.5872
2492947656.25,-31.57949
2492947812.5,-31.5839
2492947968.75,-31.57819
2492948125.0,-31.57958
2492948281.25,-31.58065
2492948437.5,-31.5815
2492948593.75,-31.58319
2492948750.0,-31.58021
2492948906.25,-31.57224
2492949062.5,-31.57846
2492949218.75,-31.5736
2492949375.0,-31.57526
2492949531.25,-31.5801
2492949687.5,-31.57977
2492949843.75,-31.58175
2492950000.0,-31.57983
2492950156.25,-31.57177
2492950312.5,-31.57399
2492950468.75,-31.57131
2492950625.0,-31.58195
2492950781.25,-31.57664
2492950937.5,-31.56993
2492951093.75,-31.57548
2492951250.0,-31.5729
2492951406.25,-31.57445
2492951562.5,-31.5687
2492951718.75,-31.56789
2492951875.0,-31.57351
2492952031.25,-31.57246
2492952187.5,-31.57027
2492952343.75,-31.56844
2492952500.0,-31.56796
2492952656.25,-31.56783
2492952812.5,-31.57335
2492952968.75,-31.57161
2492953125.0,-31.56778
2492953281.25,-31.56721
2492953437.5,-31.56473
2492953593.75,-31.56737
2492953750.0,-31.5679
2492953906.25,-31.56045
2492954062.5,-31.56684
2492954218.75,-31.56255
2492954375.0,-31.55984
2492954531.25,-31.55738
2492954687.5,-31.56646
2492954843.75,-31.55614
2492955000.0,-31.56327
2492955156.25,-31.56411
2492955312.5,-31.55877
2492955468.75,-31.56301
2492955625.0,-31.55958
2492955781.25,-31.56043
2492955937.5,-31.55591
2492956093.75,-31.56349
2492956250.0,-31.56148
2492956406.25,-31.56199
2492956562.5,-31.5571
2492956718.75,-31.55849
2492956875.0,-31.55533
2492957031.25,-31.55392
2492957187.5,-31.55404
2492957343.75,-31.55582
2492957500.0,-31.55781
2492957656.25,-31.55548
2492957812.5,-31.55583
2492957968.75,-31.5495
2492958125.0,-31.55185
2492958281.25,-31.54791
2492958437.5,-31.55539
2492958593.75,-31.54523
2492958750.0,-31.54918
2492958906.25,-31.55298
2492959062.5,-31.5493
2492959218.75,-31.54898
2492959375.0,-31.5512
2492959531.25,-31.54605
2492959687.5,-31.54694
2492959843.75,-31.54849
2492960000.0,-31.54613
2492960156.25,-31.54782
2492960312.5,-31.54419
2492960468.75,-31.54507
2492960625.0,-31.54514
2492960781.25,-31.55033
2492960937.5,-31.54543
2492961093.75,-31.54278
2492961250.0,-31.54838
2492961406.25,-31.54168
2492961562.5,-31.54113
2492961718.75,-31.54568
2492961875.0,-31.54574
2492962031.25,-31.53969
2492962187.5,-31.54121
2492962343.75,-31.5435
2492962500.0,-31.54395
2492962656.25,-31.54346
2492962812.5,-31.53735
2492962968.75,-31.53896
2492963125.0,-31.54438
2492963281.25,-31.53841
2492963437.5,-31.53499
2492963593.75,-31.54262
2492963750.0,-31.54139
2492963906.25,-31.53819
2492964062.5,-31.53163
2492964218.75,-31.54465
2492964375.0,-31.53545
2492964531.25,-31.53699
2492964687.5,-31.53767
2492964843.75,-31.52853
2492965000.0,-31.53078
2492965156.25,-31.53811
2492965312.5,-31.53151
2492965468.75,-31.53689
2492965625.0,-31.53065
2492965781.25,-31.52873
2492965937.5,-31.52544
2492966093.75,-31.53036
2492966250.0,-31.53287
2492966406.25,-31.52794
2492966562.5,-31.52545
2492966718.75,-31.52485
2492966875.0,-31.53104
2492967031.25,-31.52766
2492967187.5,-31.52973
2492967343.75,-31.52758
2492967500.0,-31.52155
2492967656.25,-31.52494
2492967812.5,-31.52901
2492967968.75,-31.52387
2492968125.0,-31.53189
2492968281.25,-31.53355
2492968437.5,-31.5207
2492968593.75,-31.52058
2492968750.0,-31.52463
2492968906.25,-31.52284
2492969062.5,-31.51685
2492969218.75,-31.52114
2492969375.0,-31.51587
2492969531.25,-31.52261
2492969687.5,-31.51863
2492969843.75,-31.51347
2492970000.0,-31.516
2492970156.25,-31.51887
2492970312.5,-31.51485
2492970468.75,-31.51437
2492970625.0,-31.51624
2492970781.25,-31.51727
2492970937.5,-31.52303
2492971093.75,-31.51602
2492971250.0,-31.5107
2492971406.25,-31.51631
2492971562.5,-31.51344
2492971718.75,-31.51111
2492971875.0,-31.51388
2492972031.25,-31.51388
2492972187.5,-31.51624
2492972343.75,-31.51731
2492972500.0,-31.51591
2492972656.25,-31.50871
2492972812.5,-31.51227
2492972968.75,-31.51525
2492973125.0,-31.51372
2492973281.25,-31.51021
2492973437.5,-31.51052
2492973593.75,-31.50414
2492973750.0,-31.51375
2492973906.25,-31.51145
2492974062.5,-31.50566
2492974218.75,-31.50819
2492974375.0,-31.50868
2492974531.25,-31.50568
2492974687.5,-31.50333
2492974843.75,-31.50784
2492975000.0,-31.50239
2492975156.25,-31.50363
2492975312.5,-31.50295
2492975468.75,-31.50679
2492975625.0,-31.50455
2492975781.25,-31.50082
2492975937.5,-31.5065
2492976093.75,-31.5013
2492976250.0,-31.49811
2492976406.25,-31.50177
2492976562.5,-31.49515
2492976718.75,-31.50526
2492976875.0,-31.50476
2492977031.25,-31.49528
2492977187.5,-31.49878
2492977343.75,-31.49983
2492977500.0,-31.50167
2492977656.25,-31.49586
2492977812.5,-31.49367
2492977968.75,-31.48666
2492978125.0,-31.49457
2492978281.25,-31.49228
2492978437.5,-31.49611
2492978593.75,-31.48641
2492978750.0,-31.49727
2492978906.25,-31.48849
2492979062.5,-31.49167
2492979218.75,-31.49285
2492979375.0,-31.49248
2492979531.25,-31.48733
2492979687.5,-31.48651
2492979843.75,-31.48588
2492980000.0,-31.49482
2492980156.25,-31.48734
2492980312.5,-31.49034
2492980468.75,-31.48633
2492980625.0,-31.49079
2492980781.25,-31.49161
2492980937.5,-31.48261
2492981093.75,-31.48509
2492981250.0,-31.48548
2492981406.25,-31.48443
2492981562.5,-31.48476
2492981718.75,-31.47977
2492981875.0,-31.48706
2492982031.25,-31.48076
2492982187.5,-31.47646
2492982343.75,-31.48548
2492982500.0,-31.48388
2492982656.25,-31.4748
2492982812.5,-31.47797
2492982968.75,-31.48172
2492983125.0,-31.4768
2492983281.25,-31.47927
2492983437.5,-31.4764
2492983593.75,-31.47814
2492983750.0,-31.48522
2492983906.25,-31.48153
2492984062.5,-31.47657
2492984218.75,-31.47941
2492984375.0,-31.48066
2492984531.25,-31.47708
2492984687.5,-31.47962
2492984843.75,-31.47506
2492985000.0,-31.4773
2492985156.25,-31.47132
2492985312.5,-31.47263
2492985468.75,-31.48162
2492985625.0,-31.47151
2492985781.25,-31.47401
2492985937.5,-31.47037
2492986093.75,-31.46947
2492986250.0,-31.4742
2492986406.25,-31.47034
2492986562.5,-31.47283
2492986718.75,-31.47673
2492986875.0,-31.47013
2492987031.25,-31.46117
2492987187.5,-31.46609
2492987343.75,-31.46686
2492987500.0,-31.47333
2492987656.25,-31.47001
2492987812.5,-31.46984
2492987968.75,-31.468
2492988125.0,-31.46297
2492988281.25,-31.46502
2492988437.5,-31.46707
2492988593.75,-31.46556
2492988750.0,-31.46642
2492988906.25,-31.46154
2492989062.5,-31.45605
2492989218.75,-31.46286
2492989375.0,-31.45552
2492989531.25,-31.46395
2492989687.5,-31.45977
2492989843.75,-31.46437
2492990000.0,-31.4615
2492990156.25,-31.46461
2492990312.5,-31.4582
2492990468.75,-31.45734
2492990625.0,-31.46269
2492990781.25,-31.45685
2492990937.5,-31.45482
2492991093.75,-31.45904
2492991250.0,-31.4593
2492991406.25,-31.46014
2492991562.5,-31.45869
2492991718.75,-31.45715
2492991875.0,-31.45206
2492992031.25,-31.4575
2492992187.5,-31.45139
2492992343.75,-31.45332
2492992500.0,-31.45144
2492992656.25,-31.45329
2492992812.5,-31.45074
2492992968.75,-31.4494
2492993125.0,-31.45595
2492993281.25,-31.44963
2492993437.5,-31.44906
2492993593.75,-31.45244
2492993750.0,-31.44862
2492993906.25,-31.44967
2492994062.5,-31.44754
2492994218.75,-31.44497
2492994375.0,-31.44449
2492994531.25,-31.44775
2492994687.5,-31.44952
2492994843.75,-31.44595
2492995000.0,-31.44845
2492995156.25,-31.44822
2492995312.5,-31.44589
2492995468.75,-31.4478
2492995625.0,-31.44596
2492995781.25,-31.44607
2492995937.5,-31.43919
2492996093.75,-31.44349
2492996250.0,-31.44651
2492996406.25,-31.44242
2492996562.5,-31.4471
2492996718.75,-31.44575
2492996875.0,-31.43893
2492997031.25,-31.44159
2492997187.5,-31.43687
2492997343.75,-31.43684
2492997500.0,-31.43694
2492997656.25,-31.43945
2492997812.5,-31.44014
2492997968.75,-31.44264
2492998125.0,-31.44132
2492998281.25,-31.43477
2492998437.5,-31.43769
2492998593.75,-31.43971
2492998750.0,-31.42594
2492998906.25,-31.43342
2492999062.5,-31.43721
2492999218.75,-31.43286
2492999375.0,-31.42916
2492999531.25,-31.43657
2492999687.5,-31.43396
2492999843.75,-31.43037
2493000000.0,-31.43112
2493000156.25,-31.43222
2493000312.5,-31.43436
2493000468.75,-31.42744
2493000625.0,-31.42504
2493000781.25,-31.42685
2493000937.5,-31.42991
2493001093.75,-31.4324
2493001250.0,-31.42022
2493001406.25,-31.42166
2493001562.5,-31.43207
2493001718.75,-31.42934
2493001875.0,-31.42877
2493002031.25,-31.42544
2493002187.5,-31.42508
2493002343.75,-31.42768
2493002500.0,-31.42106
2493002656.25,-31.42469
2493002812.5,-31.42172
2493002968.75,-31.42516
2493003125.0,-31.42197
2493003281.25,-31.42118
2493003437.5,-31.41296
2493003593.75,-31.41801
2493003750.0,-31.42594
2493003906.25,-31.42082
2493004062.5,-31.42179
2493004218.75,-31.41728
2493004375.0,-31.41944
2493004531.25,-31.41511
2493004687.5,-31.41953
2493004843.75,-31.42088
2493005000.0,-31.41745
2493005156.25,-31.41617
2493005312.5,-31.41861
2493005468.75,-31.40756
2493005625.0,-31.41815
2493005781.25,-31.41219
2493005937.5,-31.41566
2493006093.75,-31.41916
2493006250.0,-31.41592
2493006406.25,-31.41355
2493006562.5,-31.40955
2493006718.75,-31.41261
2493006875.0,-31.41367
2493007031.25,-31.41218
2493007187.5,-31.41165
2493007343.75,-31.408
2493007500.0,-31.41178
2493007656.25,-31.40592
2493007812.5,-31.40612
2493007968.75,-31.40624
2493008125.0,-31.40875
2493008281.25,-31.41262
2493008437.5,-31.4069
2493008593.75,-31.40345
2493008750.0,-31.40567
2493008906.25,-31.40156
2493009062.5,-31.41199
2493009218.75,-31.40395
2493009375.0,-31.40265
2493009531.25,-31.40021
2493009687.5,-31.40111
2493009843.75,-31.40577
2493010000.0,-31.40207
2493010156.25,-31.40476
2493010312.5,-31.39962
2493010468.75,-31.39937
2493010625.0,-31.40032
2493010781.25,-31.39635
2493010937.5,-31.3993
2493011093.75,-31.39872
2493011250.0,-31.40078
2493011406.25,-31.4008
2493011562.5,-31.4007
2493011718.75,-31.40285
2493011875.0,-31.40345
2493012031.25,-31.39911
2493012187.5,-31.39837
2493012343.75,-31.39385
2493012500.0,-31.39859
2493012656.25,-31.3909
2493012812.5,-31.39518
2493012968.75,-31.39144
2493013125.0,-31.39007
2493013281.25,-31.39147
2493013437.5,-31.38925
2493013593.75,-31.39273
2493013750.0,-31.39081
2493013906.25,-31.39324
2493014062.5,-31.38917
2493014218.75,-31.39078
2493014375.0,-31.38975
2493014531.25,-31.39182
2493014687.5,-31.38944
2493014843.75,-31.39067
2493015000.0,-31.38333
2493015156.25,-31.38187
2493015312.5,-31.38124
2493015468.75,-31.38594
2493015625.0,-31.38759
2493015781.25,-31.38584
2493015937.5,-31.38407
2493016093.75,-31.38681
2493016250.0,-31.38301
2493016406.25,-31.38478
2493016562.5,-31.38281
2493016718.75,-31.37731
2493016875.0,-31.37894
2493017031.25,-31.38289
2493017187.5,-31.38265
2493017343.75,-31.38648
2493017500.0,-31.37979
2493017656.25,-31.3866
2493017812.5,-31.38062
2493017968.75,-31.3828
2493018125.0,-31.3718
2493018281.25,-31.37965
2493018437.5,-31.37441
2493018593.75,-31.37363
2493018750.0,-31.37585
2493018906.25,-31.37435
2493019062.5,-31.37431
2493019218.75,-31.37891
2493019375.0,-31.37646
2493019531.25,-31.37061
2493019687.5,-31.37548
2493019843.75,-31.37567
2493020000.0,-31.37568
2493020156.25,-31.36928
2493020312.5,-31.37274
2493020468.75,-31.37233
2493020625.0,-31.37102
2493020781.25,-31.37636
2493020937.5,-31.36751
2493021093.75,-31.36938
2493021250.0,-31.36958
2493021406.25,-31.36535
2493021562.5,-31.37229
2493021718.75,-31.37264
2493021875.0,-31.36849
2493022031.25,-31.3662
2493022187.5,-31.36959
2493022343.75,-31.36882
2493022500.0,-31.36188
2493022656.25,-31.36451
2493022812.5,-31.3579
2493022968.75,-31.36114
2493023125.0,-31.35999
2493023281.25,-31.3651
2493023437.5,-31.36067
2493023593.75,-31.3624
2493023750.0,-31.36301
2493023906.25,-31.35466
2493024062.5,-31.36126
2493024218.75,-31.35886
2493024375.0,-31.36273
2493024531.25,-31.35652
2493024687.5,-31.36063
2493024843.75,-31.36161
2493025000.0,-31.35226
2493025156.25,-31.35871
2493025312.5,-31.35507
2493025468.75,-31.35474
2493025625.0,-31.35197
2493025781.25,-31.35553
2493025937.5,-31.35648
2493026093.75,-31.35747
2493026250.0,-31.35802
2493026406.25,-31.35213
2493026562.5,-31.35589
2493026718.75,-31.35688
2493026875.0,-31.35737
2493027031.25,-31.35709
2493027187.5,-31.35061
2493027343.75,-31.34856
2493027500.0,-31.35668
2493027656.25,-31.34237
2493027812.5,-31.34687
2493027968.75,-31.35105
2493028125.0,-31.35117
2493028281.25,-31.35322
2493028437.5,-31.35015
2493028593.75,-31.3468
2493028750.0,-31.34772
2493028906.25,-31.34524
2493029062.5,-31.34673
2493029218.75,-31.34616
2493029375.0,-31.3498
2493029531.25,-31.35257
2493029687.5,-31.34395
2493029843.75,-31.3457
2493030000.0,-31.34163
2493030156.25,-31.34892
2493030312.5,-31.34156
2493030468.75,-31.34533
2493030625.0,-31.34325
2493030781.25,-31.34011
2493030937.5,-31.3421
2493031093.75,-31.3407
2493031250.0,-31.34023
2493031406.25,-31.3383
2493031562.5,-31.34212
2493031718.75,-31.34677
2493031875.0,-31.33819
2493032031.25,-31.33488
2493032187.5,-31.33578
2493032343.75,-31.33709
2493032500.0,-31.34312
2493032656.25,-31.33857
2493032812.5,-31.3393
2493032968.75,-31.33151
2493033125.0,-31.33738
2493033281.25,-31.32904
2493033437.5,-31.33274
2493033593.75,-31.33384
2493033750.0,-31.33059
2493033906.25,-31.32605
2493034062.5,-31.32665
2493034218.75,-31.33169
2493034375.0,-31.33588
2493034531.25,-31.33268
2493034687.5,-31.32729
2493034843.75,-31.32794
2493035000.0,-31.32805
2493035156.25,-31.33376
2493035312.5,-31.32971
2493035468.75,-31.33231
2493035625.0,-31.33093
2493035781.25,-31.32652
2493035937.5,-31.3282
2493036093.75,-31.32863
2493036250.0,-31.32133
2493036406.25,-31.32521
2493036562.5,-31.32755
2493036718.75,-31.32451
2493036875.0,-31.31852
2493037031.25,-31.32232
2493037187.5,-31.31547
2493037343.75,-31.32201
2493037500.0,-31.31937
2493037656.25,-31.32183
2493037812.5,-31.32201
2493037968.75,-31.32266
2493038125.0,-31.31895
2493038281.25,-31.32236
2493038437.5,-31.31325
2493038593.75,-31.32612
2493038750.0,-31.31725
2493038906.25,-31.32055
2493039062.5,-31.31214
2493039218.75,-31.3159
2493039375.0,-31.30868
2493039531.25,-31.31302
2493039687.5,-31.31612
2493039843.75,-31.31109
2493040000.0,-31.31604
2493040156.25,-31.31349
2493040312.5,-31.32018
2493040468.75,-31.3114
2493040625.0,-31.3109
2493040781.25,-31.30462
2493040937.5,-31.31264
2493041093.75,-31.31109
2493041250.0,-31.3148
2493041406.25,-31.31156
2493041562.5,-31.30834
2493041718.75,-31.31147
2493041875.0,-31.30736
2493042031.25,-31.30649
2493042187.5,-31.30763
2493042343.75,-31.3083
2493042500.0,-31.31093
2493042656.25,-31.30687
2493042812.5,-31.30577
2493042968.75,-31.30493
2493043125.0,-31.30478
2493043281.25,-31.30637
2493043437.5,-31.30169
2493043593.75,-31.30533
2493043750.0,-31.30566
2493043906.25,-31.30699
2493044062.5,-31.2998
2493044218.75,-31.30811
2493044375.0,-31.30291
2493044531.25,-31.29947
2493044687.5,-31.30165
2493044843.75,-31.29539
2493045000.0,-31.30055
2493045156.25,-31.30097
2493045312.5,-31.29656
2493045468.75,-31.30371
2493045625.0,-31.30141
2493045781.25,-31.29649
2493045937.5,-31.29457
2493046093.75,-31.29357
2493046250.0,-31.29673
2493046406.25,-31.29594
2493046562.5,-31.29047
2493046718.75,-31.29255
2493046875.0,-31.29948
2493047031.25,-31.29313
2493047187.5,-31.28899
2493047343.75,-31.29579
2493047500.0,-31.29177
2493047656.25,-31.29682
2493047812.5,-31.29061
2493047968.75,-31.29172
2493048125.0,-31.29143
2493048281.25,-31.29105
2493048437.5,-31.28972
2493048593.75,-31.28904
2493048750.0,-31.28842
2493048906.25,-31.28972
2493049062.5,-31.29317
2493049218.75,-31.28378
2493049375.0,-31.28396
2493049531.25,-31.2888
2493049687.5,-31.27853
2493049843.75,-31.28978
2493050000.0,-31.28647
2493050156.25,-31.28293
2493050312.5,-31.28288
2493050468.75,-31.2868
2493050625.0,-31.28429
2493050781.25,-31.28753
2493050937.5,-31.28486
2493051093.75,-31.27764
2493051250.0,-31.28138
2493051406.25,-31.28407
2493051562.5,-31.27706
2493051718.75,-31.2781
2493051875.0,-31.27941
2493052031.25,-31.27488
2493052187.5,-31.27986
2493052343.75,-31.278
2493052500.0,-31.27571
2493052656.25,-31.2787
2493052812.5,-31.2702
2493052968.75,-31.27441
2493053125.0,-31.27425
2493053281.25,-31.27765
2493053437.5,-31.2731
2493053593.75,-31.27312
2493053750.0,-31.27097
2493053906.25,-31.27762
2493054062.5,-31.26892
2493054218.75,-31.27301
2493054375.0,-31.27285
2493054531.25,-31.2666
2493054687.5,-31.27236
2493054843.75,-31.27201
2493055000.0,-31.26483
2493055156.25,-31.27327
2493055312.5,-31.27158
2493055468.75,-31.27463
2493055625.0,-31.26271
2493055781.25,-31.27303
2493055937.5,-31.26403
2493056093.75,-31.27198
2493056250.0,-31.26823
2493056406.25,-31.26903
2493056562.5,-31.26674
2493056718.75,-31.26516
2493056875.0,-31.2556
2493057031.25,-31.26884
2493057187.5,-31.26516
2493057343.75,-31.26078
2493057500.0,-31.26608
2493057656.25,-31.26351
2493057812.5,-31.26159
2493057968.75,-31.26143
2493058125.0,-31.26039
2493058281.25,-31.25812
2493058437.5,-31.25898
2493058593.75,-31.25808
2493058750.0,-31.24581
2493058906.25,-31.25446
2493059062.5,-31.25506
2493059218.75,-31.2532
2493059375.0,-31.25878
2493059531.25,-31.25167
2493059687.5,-31.25566
2493059843.75,-31.25352
2493060000.0,-31.25187
2493060156.25,-31.25831
2493060312.5,-31.25312
2493060468.75,-31.24467
2493060625.0,-31.2549
2493060781.25,-31.25131
2493060937.5,-31.24679
2493061093.75,-31.2439
2493061250.0,-31.24837
2493061406.25,-31.25382
2493061562.5,-31.24403
2493061718.75,-31.24804
2493061875.0,-31.24922
2493062031.25,-31.24845
2493062187.5,-31.24415
2493062343.75,-31.25017
2493062500.0,-31.2487
2493062656.25,-31.24715
2493062812.5,-31.25395
2493062968.75,-31.25243
2493063125.0,-31.24692
2493063281.25,-31.25038
2493063437.5,-31.24583
2493063593.75,-31.24896
2493063750.0,-31.24231
2493063906.25,-31.2387
2493064062.5,-31.24097
2493064218.75,-31.24253
2493064375.0,-31.23708
2493064531.25,-31.23725
2493064687.5,-31.24134
2493064843.75,-31.23984
2493065000.0,-31.24098
2493065156.25,-31.24106
2493065312.5,-31.24035
2493065468.75,-31.24024
2493065625.0,-31.23744
2493065781.25,-31.23656
2493065937.5,-31.23215
2493066093.75,-31.23646
2493066250.0,-31.2344
2493066406.25,-31.2382
2493066562.5,-31.23574
2493066718.75,-31.23506
2493066875.0,-31.23312
2493067031.25,-31.23602
2493067187.5,-31.23397
2493067343.75,-31.23249
2493067500.0,-31.23214
2493067656.25,-31.23288
2493067812.5,-31.22818
2493067968.75,-31.23236
2493068125.0,-31.2278
2493068281.25,-31.22992
2493068437.5,-31.22758
2493068593.75,-31.23129
2493068750.0,-31.22987
2493068906.25,-31.2226
2493069062.5,-31.22632
2493069218.75,-31.22835
2493069375.0,-31.22811
2493069531.25,-31.22898
2493069687.5,-31.22721
2493069843.75,-31.22694
2493070000.0,-31.22444
2493070156.25,-31.2268
2493070312.5,-31.22293
2493070468.75,-31.22541
2493070625.0,-31.22557
2493070781.25,-31.22189
2493070937.5,-31.22828
2493071093.75,-31.21635
2493071250.0,-31.22767
2493071406.25,-31.2149
2493071562.5,-31.22
2493071718.75,-31.21933
2493071875.0,-31.21293
2493072031.25,-31.22023
2493072187.5,-31.21903
2493072343.75,-31.21742
2493072500.0,-31.21538
2493072656.25,-31.21441
2493072812.5,-31.21438
2493072968.75,-31.21509
2493073125.0,-31.21428
2493073281.25,-31.21753
2493073437.5,-31.20948
2493073593.75,-31.21366
2493073750.0,-31.21803
2493073906.25,-31.20808
2493074062.5,-31.21586
2493074218.75,-31.21099
2493074375.0,-31.20689
2493074531.25,-31.20983
2493074687.5,-31.21675
2493074843.75,-31.20848
2493075000.0,-31.2145
2493075156.25,-31.20586
2493075312.5,-31.21437
2493075468.75,-31.21328
2493075625.0,-31.20523
2493075781.25,-31.2101
2493075937.5,-31.20686
2493076093.75,-31.20438
2493076250.0,-31.1999
2493076406.25,-31.20372
2493076562.5,-31.20615
2493076718.75,-31.20708
2493076875.0,-31.20735
2493077031.25,-31.20355
2493077187.5,-31.20716
2493077343.75,-31.20253
2493077500.0,-31.20222
2493077656.25,-31.20778
2493077812.5,-31.20556
2493077968.75,-31.19703
2493078125.0,-31.20162
2493078281.25,-31.19802
2493078437.5,-31.19803
2493078593.75,-31.20384
2493078750.0,-31.19578
2493078906.25,-31.19877
2493079062.5,-31.19635
2493079218.75,-31.2017
2493079375.0,-31.19884
2493079531.25,-31.19921
2493079687.5,-31.19343
2493079843.75,-31.19711
2493080000.0,-31.19437
2493080156.25,-31.1955
2493080312.5,-31.19394
2493080468.75,-31.18559
2493080625.0,-31.19255
2493080781.25,-31.19166
2493080937.5,-31.18922
2493081093.75,-31.19451
2493081250.0,-31.18715
2493081406.25,-31.19188
2493081562.5,-31.19641
2493081718.75,-31.18588
2493081875.0,-31.18869
2493082031.25,-31.1937
2493082187.5,-31.18812
2493082343.75,-31.1874
2493082500.0,-31.18628
2493082656.25,-31.18469
2493082812.5,-31.18283
2493082968.75,-31.1888
2493083125.0,-31.18557
2493083281.25,-31.18039
2493083437.5,-31.1876
2493083593.75,-31.18585
2493083750.0,-31.1821
2493083906.25,-31.18765
2493084062.5,-31.18416
2493084218.75,-31.18089
2493084375.0,-31.18433
2493084531.25,-31.18436
2493084687.5,-31.17974
2493084843.75,-31.1798
2493085000.0,-31.18548
2493085156.25,-31.18111
2493085312.5,-31.17937
2493085468.75,-31.18119
2493085625.0,-31.17699
2493085781.25,-31.17381
2493085937.5,-31.18067
2493086093.75,-31.17689
2493086250.0,-31.1781
2493086406.25,-31.17945
2493086562.5,-31.17143
2493086718.75,-31.17352
2493086875.0,-31.17266
2493087031.25,-31.17368
2493087187.5,-31.17336
2493087343.75,-31.16971
2493087500.0,-31.17777
2493087656.25,-31.16919
2493087812.5,-31.18191
2493087968.75,-31.16611
2493088125.0,-31.17128
2493088281.25,-31.1694
2493088437.5,-31.17066
2493088593.75,-31.17448
2493088750.0,-31.16549
2493088906.25,-31.16864
2493089062.5,-31.16753
2493089218.75,-31.17289
2493089375.0,-31.16584
2493089531.25,-31.17019
2493089687.5,-31.17149
2493089843.75,-31.15634
2493090000.0,-31.17162
2493090156.25,-31.16386
2493090312.5,-31.16714
2493090468.75,-31.16651
2493090625.0,-31.16533
2493090781.25,-31.16189
2493090937.5,-31.1611
2493091093.75,-31.1631
2493091250.0,-31.15997
2493091406.25,-31.1582
2493091562.5,-31.15989
2493091718.75,-31.16236
2493091875.0,-31.15788
2493092031.25,-31.15569
2493092187.5,-31.15948
2493092343.75,-31.16124
2493092500.0,-31.15467
2493092656.25,-31.15192
2493092812.5,-31.15871
2493092968.75,-31.15837
2493093125.0,-31.15454
2493093281.25,-31.1532
2493093437.5,-31.15447
2493093593.75,-31.15674
2493093750.0,-31.15828
2493093906.25,-31.15129
2493094062.5,-31.14977
2493094218.75,-31.15034
2493094375.0,-31.15235
2493094531.25,-31.14668
2493094687.5,-31.15183
2493094843.75,-31.1473
2493095000.0,-31.14684
2493095156.25,-31.14999
2493095312.5,-31.14868
2493095468.75,-31.14451
2493095625.0,-31.14546
2493095781.25,-31.14328
2493095937.5,-31.1459
2493096093.75,-31.14996
2493096250.0,-31.14635
2493096406.25,-31.1416
2493096562.5,-31.14256
2493096718.75,-31.14209
2493096875.0,-31.14685
2493097031.25,-31.14641
2493097187.5,-31.14576
2493097343.75,-31.14204
2493097500.0,-31.13921
2493097656.25,-31.14317
2493097812.5,-31.13873
2493097968.75,-31.14068
2493098125.0,-31.13801
2493098281.25,-31.12953
2493098437.5,-31.13405
2493098593.75,-31.13848
2493098750.0,-31.1356
2493098906.25,-31.13783
2493099062.5,-31.14179
2493099218.75,-31.13804
2493099375.0,-31.14073
2493099531.25,-31.13588
2493099687.5,-31.12909
2493099843.75,-31.13297
2493100000.0,-31.13367
2493100156.25,-31.13241
2493100312.5,-31.13426
2493100468.75,-31.13266
2493100625.0,-31.138
2493100781.25,-31.1297
2493100937.5,-31.13164
2493101093.75,-31.13532
2493101250.0,-31.13061
2493101406.25,-31.13285
2493101562.5,-31.12384
2493101718.75,-31.13395
2493101875.0,-31.13314
2493102031.25,-31.13075
2493102187.5,-31.12172
2493102343.75,-31.13177
2493102500.0,-31.12351
2493102656.25,-31.12394
2493102812.5,-31.12412
2493102968.75,-31.1267
2493103125.0,-31.1298
2493103281.25,-31.12449
2493103437.5,-31.12034
2493103593.75,-31.12604
2493103750.0,-31.12974
2493103906.25,-31.1263
2493104062.5,-31.12747
2493104218.75,-31.12278
2493104375.0,-31.12086
2493104531.25,-31.12457
2493104687.5,-31.12501
2493104843.75,-31.11498
2493105000.0,-31.11966
2493105156.25,-31.123
2493105312.5,-31.11967
2493105468.75,-31.11974
2493105625.0,-31.11823
2493105781.25,-31.11484
2493105937.5,-31.12047
2493106093.75,-31.11541
2493106250.0,-31.11924
2493106406.25,-31.11399
2493106562.5,-31.11689
2493106718.75,-31.11651
2493106875.0,-31.11403
2493107031.25,-31.11413
2493107187.5,-31.1111
2493107343.75,-31.11425
2493107500.0,-31.10526
2493107656.25,-31.10923
2493107812.5,-31.11287
2493107968.75,-31.11085
2493108125.0,-31.11243
2493108281.25,-31.11322
2493108437.5,-31.11144
2493108593.75,-31.10947
2493108750.0,-31.10931
2493108906.25,-31.10595
2493109062.5,-31.10691
2493109218.75,-31.10615
2493109375.0,-31.10745
2493109531.25,-31.10744
2493109687.5,-31.10672
2493109843.75,-31.10509
2493110000.0,-31.10249
2493110156.25,-31.1089
2493110312.5,-31.10402
2493110468.75,-31.0937
2493110625.0,-31.10082
2493110781.25,-31.10252
2493110937.5,-31.10662
2493111093.75,-31.1033
2493111250.0,-31.1071
2493111406.25,-31.10032
2493111562.5,-31.09865
2493111718.75,-31.09634
2493111875.0,-31.10081
2493112031.25,-31.09762
2493112187.5,-31.10104
2493112343.75,-31.09309
2493112500.0,-31.0948
2493112656.25,-31.09535
2493112812.5,-31.09955
2493112968.75,-31.10007
2493113125.0,-31.08944
2493113281.25,-31.09396
2493113437.5,-31.09244
2493113593.75,-31.08786
2493113750.0,-31.09597
2493113906.25,-31.09236
2493114062.5,-31.09659
2493114218.75,-31.08716
2493114375.0,-31.09411
2493114531.25,-31.09007
2493114687.5,-31.0896
2493114843.75,-31.09426
2493115000.0,-31.09138
2493115156.25,-31.09404
2493115312.5,-31.08363
2493115468.75,-31.0829
2493115625.0,-31.08388
2493115781.25,-31.08665
2493115937.5,-31.08736
2493116093.75,-31.08947
2493116250.0,-31.0884
2493116406.25,-31.08883
2493116562.5,-31.0847
2493116718.75,-31.0873
2493116875.0,-31.08818
2493117031.25,-31.07685
2493117187.5,-31.07905
2493117343.75,-31.08169
2493117500.0,-31.08313
2493117656.25,-31.08575
2493117812.5,-31.08211
2493117968.75,-31.08266
2493118125.0,-31.07459
2493118281.25,-31.07985
2493118437.5,-31.0777
2493118593.75,-31.07859
2493118750.0,-31.07553
2493118906.25,-31.07907
2493119062.5,-31.08259
2493119218.75,-31.07405
2493119375.0,-31.0764
2493119531.25,-31.07944
2493119687.5,-31.07701
2493119843.75,-31.07344
2493120000.0,-31.0691
2493120156.25,-31.06853
2493120312.5,-31.06919
2493120468.75,-31.0793
2493120625.0,-31.07166
2493120781.25,-31.06429
2493120937.5,-31.06575
2493121093.75,-31.07982
2493121250.0,-31.06984
2493121406.25,-31.06814
2493121562.5,-31.07352
2493121718.75,-31.06484
2493121875.0,-31.06913
2493122031.25,-31.06699
2493122187.5,-31.06639
2493122343.75,-31.06717
2493122500.0,-31.06172
2493122656.25,-31.06608
2493122812.5,-31.0694
2493122968.75,-31.0641
2493123125.0,-31.07155
2493123281.25,-31.06534
2493123437.5,-31.06327
2493123593.75,-31.06455
2493123750.0,-31.06029
2493123906.25,-31.06392
2493124062.5,-31.05331
2493124218.75,-31.06381
2493124375.0,-31.05487
2493124531.25,-31.05794
2493124687.5,-31.06281
2493124843.75,-31.06197
2493125000.0,-31.05814
2493125156.25,-31.0611
2493125312.5,-31.05279
2493125468.75,-31.05029
2493125625.0,-31.05296
2493125781.25,-31.0543
2493125937.5,-31.05507
2493126093.75,-31.05704
2493126250.0,-31.05549
2493126406.25,-31.05226
2493126562.5,-31.06112
2493126718.75,-31.06357
2493126875.0,-31.05107
2493127031.25,-31.04695
2493127187.5,-31.05382
2493127343.75,-31.05292
2493127500.0,-31.04954
2493127656.25,-31.05068
2493127812.5,-31.05609
2493127968.75,-31.04445
2493128125.0,-31.04805
2493128281.25,-31.05357
2493128437.5,-31.04867
2493128593.75,-31.04777
2493128750.0,-31.04803
2493128906.25,-31.04834
2493129062.5,-31.04779
2493129218.75,-31.04664
2493129375.0,-31.04295
2493129531.25,-31.05184
2493129687.5,-31.04377
2493129843.75,-31.04236
2493130000.0,-31.04653
2493130156.25,-31.04607
2493130312.5,-31.04066
2493130468.75,-31.03848
2493130625.0,-31.03772
2493130781.25,-31.04296
2493130937.5,-31.04122
2493131093.75,-31.03664
2493131250.0,-31.03958
2493131406.25,-31.0401
2493131562.5,-31.03924
2493131718.75,-31.03893
2493131875.0,-31.03687
2493132031.25,-31.04136
2493132187.5,-31.03589
2493132343.75,-31.03645
2493132500.0,-31.03383
2493132656.25,-31.03972
2493132812.5,-31.03619
2493132968.75,-31.03397
2493133125.0,-31.03357
2493133281.25,-31.03095
2493133437.5,-31.03477
2493133593.75,-31.03686
2493133750.0,-31.02849
2493133906.25,-31.0385
2493134062.5,-31.02985
2493134218.75,-31.02934
2493134375.0,-31.0349
2493134531.25,-31.03419
2493134687.5,-31.03221
2493134843.75,-31.0283
2493135000.0,-31.02959
2493135156.25,-31.02901
2493135312.5,-31.02621
2493135468.75,-31.02239
2493135625.0,-31.02724
2493135781.25,-31.02712
2493135937.5,-31.02527
2493136093.75,-31.02468
2493136250.0,-31.02566
2493136406.25,-31.02406
2493136562.5,-31.02294
2493136718.75,-31.01648
2493136875.0,-31.02316
2493137031.25,-31.02225
2493137187.5,-31.02631
2493137343.75,-31.02066
2493137500.0,-31.01711
2493137656.25,-31.02483
2493137812.5,-31.02103
2493137968.75,-31.02014
2493138125.0,-31.01901
2493138281.25,-31.01378
2493138437.5,-31.01924
2493138593.75,-31.01468
2493138750.0,-31.01508
2493138906.25,-31.01433
2493139062.5,-31.01304
2493139218.75,-31.01733
2493139375.0,-31.01703
2493139531.25,-31.01506
2493139687.5,-31.01081
2493139843.75,-31.00841
2493140000.0,-31.01639
2493140156.25,-31.01283
2493140312.5,-31.0122
2493140468.75,-31.01225
2493140625.0,-31.01286
2493140781.25,-31.01429
2493140937.5,-31.01366
2493141093.75,-31.01376
2493141250.0,-31.00696
2493141406.25,-31.00462
2493141562.5,-31.00783
2493141718.75,-31.00362
2493141875.0,-31.01037
2493142031.25,-31.00573
2493142187.5,-31.00546
2493142343.75,-31.01003
2493142500.0,-31.00582
2493142656.25,-31.00338
2493142812.5,-30.99883
2493142968.75,-31.00364
2493143125.0,-31.00377
2493143281.25,-31.00192
2493143437.5,-31.00175
2493143593.75,-30.9959
2493143750.0,-30.99416
2493143906.25,-30.99685
2493144062.5,-31.00342
2493144218.75,-30.99588
2493144375.0,-31.00081
2493144531.25,-30.99429
2493144687.5,-31.00023
2493144843.75,-31.00046
2493145000.0,-30.99407
2493145156.25,-30.99859
2493145312.5,-30.99773
2493145468.75,-30.9979
2493145625.0,-30.99804
2493145781.25,-30.99321
2493145937.5,-30.99187
2493146093.75,-30.99267
2493146250.0,-30.9988
2493146406.25,-30.99794
2493146562.5,-31.00234
2493146718.75,-30.99492
2493146875.0,-30.98887
2493147031.25,-30.99057
2493147187.5,-30.99163
2493147343.75,-30.98357
2493147500.0,-30.98646
2493147656.25,-30.99339
2493147812.5,-30.98526
2493147968.75,-30.992
2493148125.0,-30.98951
2493148281.25,-30.98642
2493148437.5,-30.98749
2493148593.75,-30.98376
2493148750.0,-30.98811
2493148906.25,-30.9881
2493149062.5,-30.98423
2493149218.75,-30.98238
2493149375.0,-30.98717
2493149531.25,-30.98577
2493149687.5,-30.9822
2493149843.75,-30.97549
2493150000.0,-30.98135
2493150156.25,-30.9812
2493150312.5,-30.98522
2493150468.75,-30.97754
2493150625.0,-30.97743
2493150781.25,-30.97873
2493150937.5,-30.97914
2493151093.75,-30.97782
2493151250.0,-30.97385
2493151406.25,-30.97797
2493151562.5,-30.97419
2493151718.75,-30.97569
2493151875.0,-30.97622
2493152031.25,-30.97588
2493152187.5,-30.97668
2493152343.75,-30.96923
2493152500.0,-30.97268
2493152656.25,-30.97657
2493152812.5,-30.97416
2493152968.75,-30.97613
2493153125.0,-30.97276
2493153281.25,-30.97135
2493153437.5,-30.96555
2493153593.75,-30.97037
2493153750.0,-30.96646
2493153906.25,-30.96869
2493154062.5,-30.97524
2493154218.75,-30.96927
2493154375.0,-30.97443
2493154531.25,-30.97098
2493154687.5,-30.96699
2493154843.75,-30.96911
2493155000.0,-30.96324
2493155156.25,-30.97125
2493155312.5,-30.96518
2493155468.75,-30.96637
2493155625.0,-30.96468
2493155781.25,-30.96536
2493155937.5,-30.96956
2493156093.75,-30.96248
2493156250.0,-30.96237
2493156406.25,-30.9619
2493156562.5,-30.96141
2493156718.75,-30.96482
2493156875.0,-30.95562
2493157031.25,-30.95208
2493157187.5,-30.96301
2493157343.75,-30.96361
2493157500.0,-30.96158
2493157656.25,-30.95474
2493157812.5,-30.95548
2493157968.75,-30.96182
2493158125.0,-30.9539
2493158281.25,-30.95385
2493158437.5,-30.95214
2493158593.75,-30.9539
2493158750.0,-30.95772
2493158906.25,-30.9523
2493159062.5,-30.95699
2493159218.75,-30.95519
2493159375.0,-30.95301
2493159531.25,-30.95053
2493159687.5,-30.95266
2493159843.75,-30.94757
2493160000.0,-30.95258
2493160156.25,-30.95457
2493160312.5,-30.95008
2493160468.75,-30.95104
2493160625.0,-30.95104
2493160781.25,-30.94902
2493160937.5,-30.94735
2493161093.75,-30.94644
2493161250.0,-30.9421
2493161406.25,-30.94484
2493161562.5,-30.94136
2493161718.75,-30.94602
2493161875.0,-30.9481
2493162031.25,-30.94423
2493162187.5,-30.94351
2493162343.75,-30.94838
2493162500.0,-30.94219
2493162656.25,-30.93813
2493162812.5,-30.93455
2493162968.75,-30.94371
2493163125.0,-30.94431
2493163281.25,-30.94743
2493163437.5,-30.93896
2493163593.75,-30.93373
2493163750.0,-30.94008
2493163906.25,-30.93713
2493164062.5,-30.93821
2493164218.75,-30.93751
2493164375.0,-30.94067
2493164531.25,-30.93426
2493164687.5,-30.94019
2493164843.75,-30.93655
2493165000.0,-30.9349
2493165156.25,-30.9391
2493165312.5,-30.93647
2493165468.75,-30.93617
2493165625.0,-30.93778
2493165781.25,-30.93514
2493165937.5,-30.93712
2493166093.75,-30.93155
2493166250.0,-30.92903
2493166406.25,-30.93438
2493166562.5,-30.92639
2493166718.75,-30.92704
2493166875.0,-30.92918
2493167031.25,-30.92738
2493167187.5,-30.92333
2493167343.75,-30.92882
2493167500.0,-30.92914
2493167656.25,-30.92856
2493167812.5,-30.92674
2493167968.75,-30.92567
2493168125.0,-30.92555
2493168281.25,-30.93165
2493168437.5,-30.93314
2493168593.75,-30.92569
2493168750.0,-30.92134
2493168906.25,-30.91618
2493169062.5,-30.92482
2493169218.75,-30.92696
2493169375.0,-30.92421
2493169531.25,-30.9188
2493169687.5,-30.92546
2493169843.75,-30.92036
2493170000.0,-30.91786
2493170156.25,-30.91979
2493170312.5,-30.925
2493170468.75,-30.92244
2493170625.0,-30.91976
2493170781.25,-30.91409
2493170937.5,-30.9155
2493171093.75,-30.92091
2493171250.0,-30.91454
2493171406.25,-30.91525
2493171562.5,-30.91479
2493171718.75,-30.91183
2493171875.0,-30.91341
2493172031.25,-30.92198
2493172187.5,-30.91499
2493172343.75,-30.90695
2493172500.0,-30.90669
2493172656.25,-30.91622
2493172812.5,-30.9101
2493172968.75,-30.91335
2493173125.0,-30.91176
2493173281.25,-30.90863
2493173437.5,-30.91143
2493173593.75,-30.91237
2493173750.0,-30.90452
2493173906.25,-30.91537
2493174062.5,-30.91006
2493174218.75,-30.90863
2493174375.0,-30.9052
2493174531.25,-30.90365
2493174687.5,-30.90786
2493174843.75,-30.90241
2493175000.0,-30.90731
2493175156.25,-30.90501
2493175312.5,-30.9036
2493175468.75,-30.90328
2493175625.0,-30.90289
2493175781.25,-30.90118
2493175937.5,-30.90532
2493176093.75,-30.89294
2493176250.0,-30.89886
2493176406.25,-30.90062
2493176562.5,-30.90208
2493176718.75,-30.90259
2493176875.0,-30.90078
2493177031.25,-30.89453
2493177187.5,-30.89318
2493177343.75,-30.90106
2493177500.0,-30.90047
2493177656.25,-30.89895
2493177812.5,-30.89667
2493177968.75,-30.89445
2493178125.0,-30.89828
2493178281.25,-30.89615
2493178437.5,-30.89004
2493178593.75,-30.89466
2493178750.0,-30.8909
2493178906.25,-30.89117
2493179062.5,-30.89359
2493179218.75,-30.89403
2493179375.0,-30.8969
2493179531.25,-30.88838
2493179687.5,-30.88903
2493179843.75,-30.89188
2493180000.0,-30.88801
2493180156.25,-30.89227
2493180312.5,-30.89063
2493180468.75,-30.89124
2493180625.0,-30.88846
2493180781.25,-30.89416
2493180937.5,-30.89359
2493181093.75,-30.8845
2493181250.0,-30.884
2493181406.25,-30.87967
2493181562.5,-30.88553
2493181718.75,-30.89369
2493181875.0,-30.88774
2493182031.25,-30.88397
2493182187.5,-30.88516
2493182343.75,-30.88249
2493182500.0,-30.8801
2493182656.25,-30.8767
2493182812.5,-30.88724
2493182968.75,-30.88265
2493183125.0,-30.87934
2493183281.25,-30.88594
2493183437.5,-30.87681
2493183593.75,-30.87876
2493183750.0,-30.87937
2493183906.25,-30.87989
2493184062.5,-30.87695
2493184218.75,-30.87292
2493184375.0,-30.87866
2493184531.25,-30.87403
2493184687.5,-30.87097
2493184843.75,-30.87418
2493185000.0,-30.87658
2493185156.25,-30.87353
2493185312.5,-30.87172
2493185468.75,-30.87212
2493185625.0,-30.87417
2493185781.25,-30.86859
2493185937.5,-30.87297
2493186093.75,-30.87084
2493186250.0,-30.8741
2493186406.25,-30.87105
2493186562.5,-30.8706
2493186718.75,-30.86634
2493186875.0,-30.86427
2493187031.25,-30.87146
2493187187.5,-30.86038
2493187343.75,-30.86177
2493187500.0,-30.86895
2493187656.25,-30.87435
2493187812.5,-30.86549
2493187968.75,-30.86222
2493188125.0,-30.86409
2493188281.25,-30.86557
2493188437.5,-30.86386
2493188593.75,-30.85908
2493188750.0,-30.86447
2493188906.25,-30.8605
2493189062.5,-30.8641
2493189218.75,-30.86206
2493189375.0,-30.85904
2493189531.25,-30.85966
2493189687.5,-30.85913
2493189843.75,-30.85873
2493190000.0,-30.85792
2493190156.25,-30.85548
2493190312.5,-30.86247
2493190468.75,-30.85959
2493190625.0,-30.85838
2493190781.25,-30.85372
2493190937.5,-30.85578
2493191093.75,-30.86546
2493191250.0,-30.85764
2493191406.25,-30.84473
2493191562.5,-30.85299
2493191718.75,-30.85375
2493191875.0,-30.85155
2493192031.25,-30.85106
2493192187.5,-30.85374
2493192343.75,-30.84804
2493192500.0,-30.85113
2493192656.25,-30.84677
2493192812.5,-30.85028
2493192968.75,-30.85261
2493193125.0,-30.85103
2493193281.25,-30.85018
2493193437.5,-30.84717
2493193593.75,-30.84545
2493193750.0,-30.8479
2493193906.25,-30.84527
2493194062.5,-30.84213
2493194218.75,-30.84578
2493194375.0,-30.83946
2493194531.25,-30.83928
2493194687.5,-30.84904
2493194843.75,-30.84733
2493195000.0,-30.84146
2493195156.25,-30.84481
2493195312.5,-30.8445
2493195468.75,-30.83772
2493195625.0,-30.84229
2493195781.25,-30.83951
2493195937.5,-30.84792
2493196093.75,-30.83917
2493196250.0,-30.83587
2493196406.25,-30.83624
2493196562.5,-30.82602
2493196718.75,-30.83447
2493196875.0,-30.84104
2493197031.25,-30.83362
2493197187.5,-30.84026
2493197343.75,-30.83604
2493197500.0,-30.83405
2493197656.25,-30.83403
2493197812.5,-30.83293
2493197968.75,-30.83282
2493198125.0,-30.83289
2493198281.25,-30.83094
2493198437.5,-30.83459
2493198593.75,-30.8285
2493198750.0,-30.83606
2493198906.25,-30.83165
2493199062.5,-30.83233
2493199218.75,-30.82703
2493199375.0,-30.82502
2493199531.25,-30.82938
2493199687.5,-30.82863
2493199843.75,-30.82381
2493200000.0,-30.82578
2493200156.25,-30.82999
2493200312.5,-30.82814
2493200468.75,-30.82669
2493200625.0,-30.8238
2493200781.25,-30.82113
2493200937.5,-30.82582
2493201093.75,-30.82152
2493201250.0,-30.82078
2493201406.25,-30.83066
2493201562.5,-30.82247
2493201718.75,-30.82496
2493201875.0,-30.82124
2493202031.25,-30.81607
2493202187.5,-30.81948
2493202343.75,-30.81292
2493202500.0,-30.82019
2493202656.25,-30.81855
2493202812.5,-30.81749
2493202968.75,-30.81499
2493203125.0,-30.82332
2493203281.25,-30.81657
2493203437.5,-30.81085
2493203593.75,-30.81792
2493203750.0,-30.81177
2493203906.25,-30.81772
2493204062.5,-30.8147
2493204218.75,-30.81566
2493204375.0,-30.81937
2493204531.25,-30.81523
2493204687.5,-30.81123
2493204843.75,-30.81011
2493205000.0,-30.81175
2493205156.25,-30.81197
2493205312.5,-30.81725
2493205468.75,-30.79982
2493205625.0,-30.81283
2493205781.25,-30.81243
2493205937.5,-30.80952
2493206093.75,-30.80615
2493206250.0,-30.80737
2493206406.25,-30.80263
2493206562.5,-30.81006
2493206718.75,-30.80939
2493206875.0,-30.80846
2493207031.25,-30.79706
2493207187.5,-30.80946
2493207343.75,-30.80365
2493207500.0,-30.80467
2493207656.25,-30.80046
2493207812.5,-30.79996
2493207968.75,-30.80375
2493208125.0,-30.80213
2493208281.25,-30.80422
2493208437.5,-30.80639
2493208593.75,-30.80033
2493208750.0,-30.8015
2493208906.25,-30.79768
2493209062.5,-30.80027
2493209218.75,-30.79959
2493209375.0,-30.79895
2493209531.25,-30.8017
2493209687.5,-30.7909
2493209843.75,-30.79419
2493210000.0,-30.79353
2493210156.25,-30.79691
2493210312.5,-30.79514
2493210468.75,-30.7923
2493210625.0,-30.79259
2493210781.25,-30.7913
2493210937.5,-30.80015
2493211093.75,-30.79593
2493211250.0,-30.79006
2493211406.25,-30.78426
2493211562.5,-30.79061
2493211718.75,-30.79555
2493211875.0,-30.79789
2493212031.25,-30.78459
2493212187.5,-30.78965
2493212343.75,-30.78685
2493212500.0,-30.7868
2493212656.25,-30.78545
2493212812.5,-30.78578
2493212968.75,-30.78719
2493213125.0,-30.78557
2493213281.25,-30.78877
2493213437.5,-30.78421
2493213593.75,-30.78815
2493213750.0,-30.78609
2493213906.25,-30.7808
2493214062.5,-30.78355
2493214218.75,-30.77889
2493214375.0,-30.77981
2493214531.25,-30.78438
2493214687.5,-30.78855
2493214843.75,-30.78744
2493215000.0,-30.77959
2493215156.25,-30.77579
2493215312.5,-30.77746
2493215468.75,-30.77825
2493215625.0,-30.77993
2493215781.25,-30.77665
2493215937.5,-30.77463
2493216093.75,-30.77789
2493216250.0,-30.77526
2493216406.25,-30.77574
2493216562.5,-30.77605
2493216718.75,-30.77796
2493216875.0,-30.78155
2493217031.25,-30.77555
2493217187.5,-30.77178
2493217343.75,-30.771
2493217500.0,-30.76814
2493217656.25,-30.76749
2493217812.5,-30.77149
2493217968.75,-30.77085
2493218125.0,-30.76755
2493218281.25,-30.76981
2493218437.5,-30.7708
2493218593.75,-30.76314
2493218750.0,-30.76894
2493218906.25,-30.76733
2493219062.5,-30.76786
2493219218.75,-30.76612
2493219375.0,-30.77176
2493219531.25,-30.76556
2493219687.5,-30.76353
2493219843.75,-30.7659
2493220000.0,-30.76551
2493220156.25,-30.76719
2493220312.5,-30.76315
2493220468.75,-30.76153
2493220625.0,-30.76437
2493220781.25,-30.76432
2493220937.5,-30.7615
2493221093.75,-30.75783
2493221250.0,-30.75885
2493221406.25,-30.75898
2493221562.5,-30.75806
2493221718.75,-30.76402
2493221875.0,-30.75941
2493222031.25,-30.75953
2493222187.5,-30.76066
2493222343.75,-30.75217
2493222500.0,-30.75721
2493222656.25,-30.75576
2493222812.5,-30.75423
2493222968.75,-30.75703
2493223125.0,-30.75246
2493223281.25,-30.75508
2493223437.5,-30.75442
2493223593.75,-30.75387
2493223750.0,-30.75894
2493223906.25,-30.75156
2493224062.5,-30.75597
2493224218.75,-30.74957
2493224375.0,-30.7527
2493224531.25,-30.7472
2493224687.5,-30.74479
2493224843.75,-30.75293
2493225000.0,-30.74653
2493225156.25,-30.75202
2493225312.5,-30.74973
2493225468.75,-30.74582
2493225625.0,-30.74637
2493225781.25,-30.74169
2493225937.5,-30.74579
2493226093.75,-30.74603
2493226250.0,-30.74859
2493226406.25,-30.74796
2493226562.5,-30.74758
2493226718.75,-30.74554
2493226875.0,-30.7422
2493227031.25,-30.74068
2493227187.5,-30.74269
2493227343.75,-30.7401
2493227500.0,-30.7417
2493227656.25,-30.73842
2493227812.5,-30.74272
2493227968.75,-30.73791
2493228125.0,-30.73601
2493228281.25,-30.74214
2493228437.5,-30.73477
2493228593.75,-30.7379
2493228750.0,-30.7364
2493228906.25,-30.73671
2493229062.5,-30.73222
2493229218.75,-30.73281
2493229375.0,-30.73601
2493229531.25,-30.72798
2493229687.5,-30.73181
2493229843.75,-30.73127
2493230000.0,-30.73118
2493230156.25,-30.72923
2493230312.5,-30.74084
2493230468.75,-30.73062
2493230625.0,-30.7311
2493230781.25,-30.73295
2493230937.5,-30.72809
2493231093.75,-30.72717
2493231250.0,-30.73207
2493231406.25,-30.7317
2493231562.5,-30.7324
2493231718.75,-30.73303
2493231875.0,-30.72732
2493232031.25,-30.72737
2493232187.5,-30.72618
2493232343.75,-30.72772
2493232500.0,-30.72125
2493232656.25,-30.72242
2493232812.5,-30.72688
2493232968.75,-30.72098
2493233125.0,-30.7253
2493233281.25,-30.72192
2493233437.5,-30.72401
2493233593.75,-30.71482
2493233750.0,-30.71592
2493233906.25,-30.71869
2493234062.5,-30.72139
2493234218.75,-30.71701
2493234375.0,-30.71709
2493234531.25,-30.71121
2493234687.5,-30.71574
2493234843.75,-30.71968
2493235000.0,-30.7178
2493235156.25,-30.71174
2493235312.5,-30.71196
2493235468.75,-30.71898
2493235625.0,-30.71262
2493235781.25,-30.71975
2493235937.5,-30.71617
2493236093.75,-30.71243
2493236250.0,-30.70973
2493236406.25,-30.70992
2493236562.5,-30.70893
2493236718.75,-30.71254
2493236875.0,-30.70668
2493237031.25,-30.71353
2493237187.5,-30.7035
2493237343.75,-30.70775
2493237500.0,-30.71091
2493237656.25,-30.7121
2493237812.5,-30.70486
2493237968.75,-30.70969
2493238125.0,-30.7053
2493238281.25,-30.70481
2493238437.5,-30.70881
2493238593.75,-30.70198
2493238750.0,-30.70136
2493238906.25,-30.70291
2493239062.5,-30.70233
2493239218.75,-30.69971
2493239375.0,-30.70555
2493239531.25,-30.70313
2493239687.5,-30.70404
2493239843.75,-30.69894
2493240000.0,-30.69836
2493240156.25,-30.69303
2493240312.5,-30.70104
2493240468.75,-30.70013
2493240625.0,-30.70328
2493240781.25,-30.69176
2493240937.5,-30.69101
2493241093.75,-30.69852
2493241250.0,-30.69311
2493241406.25,-30.69622
2493241562.5,-30.69296
2493241718.75,-30.6951
2493241875.0,-30.69511
2493242031.25,-30.69188
2493242187.5,-30.69251
2493242343.75,-30.69232
2493242500.0,-30.68904
2493242656.25,-30.69909
2493242812.5,-30.69245
2493242968.75,-30.69121
2493243125.0,-30.6877
2493243281.25,-30.68565
2493243437.5,-30.69482
2493243593.75,-30.68607
2493243750.0,-30.69216
2493243906.25,-30.68936
2493244062.5,-30.68558
2493244218.75,-30.68514
2493244375.0,-30.68678
2493244531.25,-30.68793
2493244687.5,-30.68844
2493244843.75,-30.68643
2493245000.0,-30.68234
2493245156.25,-30.68304
2493245312.5,-30.68326
2493245468.75,-30.68196
2493245625.0,-30.68193
2493245781.25,-30.68554
2493245937.5,-30.69114
2493246093.75,-30.68016
2493246250.0,-30.67453
2493246406.25,-30.67723
2493246562.5,-30.68148
2493246718.75,-30.67647
2493246875.0,-30.67838
2493247031.25,-30.67124
2493247187.5,-30.67286
2493247343.75,-30.68128
2493247500.0,-30.67731
2493247656.25,-30.68061
2493247812.5,-30.67768
2493247968.75,-30.67955
2493248125.0,-30.67746
2493248281.25,-30.68038
2493248437.5,-30.67603
2493248593.75,-30.67834
2493248750.0,-30.67484
2493248906.25,-30.67477
2493249062.5,-30.66814
2493249218.75,-30.67289
2493249375.0,-30.67209
2493249531.25,-30.67061
2493249687.5,-30.66669
2493249843.75,-30.66631
2493250000.0,-30.66834
2493250156.25,-30.66459
2493250312.5,-30.66677
2493250468.75,-30.6673
2493250625.0,-30.67255
2493250781.25,-30.66855
2493250937.5,-30.66945
2493251093.75,-30.66945
2493251250.0,-30.66575
2493251406.25,-30.66557
2493251562.5,-30.66344
2493251718.75,-30.66004
2493251875.0,-30.66321
2493252031.25,-30.65913
2493252187.5,-30.66349
2493252343.75,-30.66093
2493252500.0,-30.66212
2493252656.25,-30.65925
2493252812.5,-30.65776
2493252968.75,-30.66175
2493253125.0,-30.66054
2493253281.25,-30.6621
2493253437.5,-30.66226
2493253593.75,-30.65759
2493253750.0,-30.65877
2493253906.25,-30.66409
2493254062.5,-30.65551
2493254218.75,-30.65205
2493254375.0,-30.65117
2493254531.25,-30.65389
2493254687.5,-30.65649
2493254843.75,-30.649
2493255000.0,-30.65255
2493255156.25,-30.65104
2493255312.5,-30.65078
2493255468.75,-30.64976
2493255625.0,-30.65673
2493255781.25,-30.64399
2493255937.5,-30.64574
2493256093.75,-30.65121
2493256250.0,-30.6475
2493256406.25,-30.64957
2493256562.5,-30.64968
2493256718.75,-30.64688
2493256875.0,-30.64657
2493257031.25,-30.64677
2493257187.5,-30.64767
2493257343.75,-30.64959
2493257500.0,-30.65133
2493257656.25,-30.64758
2493257812.5,-30.64535
2493257968.75,-30.64632
2493258125.0,-30.64199
2493258281.25,-30.64111
2493258437.5,-30.6448
2493258593.75,-30.64191
2493258750.0,-30.64367
2493258906.25,-30.63865
2493259062.5,-30.64018
2493259218.75,-30.6405
2493259375.0,-30.64342
2493259531.25,-30.64045
2493259687.5,-30.63708
2493259843.75,-30.64123
2493260000.0,-30.63867
2493260156.25,-30.63576
2493260312.5,-30.63512
2493260468.75,-30.63437
2493260625.0,-30.6389
2493260781.25,-30.63361
2493260937.5,-30.63447
2493261093.75,-30.63219
2493261250.0,-30.63433
2493261406.25,-30.6298
2493261562.5,-30.63135
2493261718.75,-30.62479
2493261875.0,-30.63232
2493262031.25,-30.62963
2493262187.5,-30.63007
2493262343.75,-30.62778
2493262500.0,-30.63139
2493262656.25,-30.62928
2493262812.5,-30.63062
2493262968.75,-30.62703
2493263125.0,-30.62964
2493263281.25,-30.62479
2493263437.5,-30.62536
2493263593.75,-30.62109
2493263750.0,-30.62935
2493263906.25,-30.62498
2493264062.5,-30.62033
2493264218.75,-30.62202
2493264375.0,-30.62039
2493264531.25,-30.62461
2493264687.5,-30.62475
2493264843.75,-30.61959
2493265000.0,-30.62172
2493265156.25,-30.61858
2493265312.5,-30.61849
2493265468.75,-30.61634
2493265625.0,-30.62097
2493265781.25,-30.61714
2493265937.5,-30.62141
2493266093.75,-30.62251
2493266250.0,-30.61832
2493266406.25,-30.61375
2493266562.5,-30.61893
2493266718.75,-30.61182
2493266875.0,-30.62124
2493267031.25,-30.6132
2493267187.5,-30.6134
2493267343.75,-30.61185
2493267500.0,-30.61292
2493267656.25,-30.61547
2493267812.5,-30.61857
2493267968.75,-30.613
2493268125.0,-30.61536
2493268281.25,-30.61226
2493268437.5,-30.60997
2493268593.75,-30.61235
2493268750.0,-30.60815
2493268906.25,-30.61063
2493269062.5,-30.61584
2493269218.75,-30.61086
2493269375.0,-30.60979
2493269531.25,-30.60584
2493269687.5,-30.60575
2493269843.75,-30.606
2493270000.0,-30.60822
2493270156.25,-30.60457
2493270312.5,-30.60883
2493270468.75,-30.60327
2493270625.0,-30.59761
2493270781.25,-30.59882
2493270937.5,-30.5998
2493271093.75,-30.60304
2493271250.0,-30.60206
2493271406.25,-30.59964
2493271562.5,-30.59776
2493271718.75,-30.6008
2493271875.0,-30.60082
2493272031.25,-30.59828
2493272187.5,-30.60055
2493272343.75,-30.59897
2493272500.0,-30.5943
2493272656.25,-30.59924
2493272812.5,-30.59828
2493272968.75,-30.59499
2493273125.0,-30.59505
2493273281.25,-30.59444
2493273437.5,-30.59409
2493273593.75,-30.58705
2493273750.0,-30.59176
2493273906.25,-30.59467
2493274062.5,-30.59526
2493274218.75,-30.59164
2493274375.0,-30.59093
2493274531.25,-30.59331
2493274687.5,-30.59032
2493274843.75,-30.58668
2493275000.0,-30.59215
2493275156.25,-30.58694
2493275312.5,-30.58918
2493275468.75,-30.58757
2493275625.0,-30.58857
2493275781.25,-30.58668
2493275937.5,-30.58498
2493276093.75,-30.5921
2493276250.0,-30.59045
2493276406.25,-30.5859
2493276562.5,-30.58944
2493276718.75,-30.58245
2493276875.0,-30.58477
2493277031.25,-30.58172
2493277187.5,-30.58507
2493277343.75,-30.58325
2493277500.0,-30.58114
2493277656.25,-30.57545
2493277812.5,-30.57787
2493277968.75,-30.57804
2493278125.0,-30.57435
2493278281.25,-30.58215
2493278437.5,-30.57811
2493278593.75,-30.57975
2493278750.0,-30.57777
2493278906.25,-30.57767
2493279062.5,-30.57782
2493279218.75,-30.58177
2493279375.0,-30.57255
2493279531.25,-30.57216
2493279687.5,-30.57063
2493279843.75,-30.5741
2493280000.0,-30.57558
2493280156.25,-30.57336
2493280312.5,-30.56813
2493280468.75,-30.57201
2493280625.0,-30.57446
2493280781.25,-30.57456
2493280937.5,-30.56895
2493281093.75,-30.57115
2493281250.0,-30.56745
2493281406.25,-30.56469
2493281562.5,-30.56615
2493281718.75,-30.56782
2493281875.0,-30.56863
2493282031.25,-30.5641
2493282187.5,-30.57123
2493282343.75,-30.56397
2493282500.0,-30.56503
2493282656.25,-30.56776
2493282812.5,-30.56503
2493282968.75,-30.5639
2493283125.0,-30.56816
2493283281.25,-30.56128
2493283437.5,-30.55671
2493283593.75,-30.56125
2493283750.0,-30.55966
2493283906.25,-30.55775
2493284062.5,-30.55836
2493284218.75,-30.55652
2493284375.0,-30.56157
2493284531.25,-30.56247
2493284687.5,-30.55399
2493284843.75,-30.55165
2493285000.0,-30.55647
2493285156.25,-30.55291
2493285312.5,-30.5571
2493285468.75,-30.55826
2493285625.0,-30.56124
2493285781.25,-30.55447
2493285937.5,-30.55404
2493286093.75,-30.55488
2493286250.0,-30.54645
2493286406.25,-30.55408
2493286562.5,-30.5531
2493286718.75,-30.55352
2493286875.0,-30.55354
2493287031.25,-30.55344
2493287187.5,-30.55323
2493287343.75,-30.54726
2493287500.0,-30.54773
2493287656.25,-30.55232
2493287812.5,-30.54627
2493287968.75,-30.54645
2493288125.0,-30.54614
2493288281.25,-30.54379
2493288437.5,-30.54904
2493288593.75,-30.54534
2493288750.0,-30.54492
2493288906.25,-30.54081
2493289062.5,-30.54467
2493289218.75,-30.54427
2493289375.0,-30.53741
2493289531.25,-30.54623
2493289687.5,-30.54248
2493289843.75,-30.54049
2493290000.0,-30.54196
2493290156.25,-30.53898
2493290312.5,-30.53406
2493290468.75,-30.53589
2493290625.0,-30.54132
2493290781.25,-30.5347
2493290937.5,-30.53449
2493291093.75,-30.53169
2493291250.0,-30.53651
2493291406.25,-30.5369
2493291562.5,-30.5372
2493291718.75,-30.53324
2493291875.0,-30.53647
2493292031.25,-30.53838
2493292187.5,-30.53705
2493292343.75,-30.53408
2493292500.0,-30.53146
2493292656.25,-30.53932
2493292812.5,-30.53117
2493292968.75,-30.52697
2493293125.0,-30.53256
2493293281.25,-30.52918
2493293437.5,-30.53054
2493293593.75,-30.52843
2493293750.0,-30.52671
2493293906.25,-30.52765
2493294062.5,-30.52584
2493294218.75,-30.52156
2493294375.0,-30.52713
2493294531.25,-30.52687
2493294687.5,-30.51965
2493294843.75,-30.51834
2493295000.0,-30.52691
2493295156.25,-30.52416
2493295312.5,-30.5273
2493295468.75,-30.52342
2493295625.0,-30.51795
2493295781.25,-30.5202
2493295937.5,-30.52031
2493296093.75,-30.52184
2493296250.0,-30.51944
2493296406.25,-30.52281
2493296562.5,-30.51713
2493296718.75,-30.52092
2493296875.0,-30.52318
2493297031.25,-30.51827
2493297187.5,-30.51903
2493297343.75,-30.51706
2493297500.0,-30.52311
2493297656.25,-30.51786
2493297812.5,-30.51225
2493297968.75,-30.51414
2493298125.0,-30.51399
2493298281.25,-30.5127
2493298437.5,-30.51578
2493298593.75,-30.51991
2493298750.0,-30.51389
2493298906.25,-30.5104
2493299062.5,-30.51967
2493299218.75,-30.51253
2493299375.0,-30.50998
2493299531.25,-30.50413
2493299687.5,-30.50224
2493299843.75,-30.51236
2493300000.0,-30.51253
2493300156.25,-30.50877
2493300312.5,-30.51225
2493300468.75,-30.50723
2493300625.0,-30.50968
2493300781.25,-30.50891
2493300937.5,-30.50831
2493301093.75,-30.51096
2493301250.0,-30.50156
2493301406.25,-30.50542
2493301562.5,-30.50461
2493301718.75,-30.50624
2493301875.0,-30.50188
2493302031.25,-30.49896
2493302187.5,-30.50607
2493302343.75,-30.50455
2493302500.0,-30.50502
2493302656.25,-30.50245
2493302812.5,-30.49527
2493302968.75,-30.49944
2493303125.0,-30.49496
2493303281.25,-30.49865
2493303437.5,-30.49603
2493303593.75,-30.50056
2493303750.0,-30.49711
2493303906.25,-30.4944
2493304062.5,-30.4951
2493304218.75,-30.4926
2493304375.0,-30.49834
2493304531.25,-30.49659
2493304687.5,-30.49545
2493304843.75,-30.49343
2493305000.0,-30.49516
2493305156.25,-30.48934
2493305312.5,-30.49195
2493305468.75,-30.4915
2493305625.0,-30.48946
2493305781.25,-30.48967
2493305937.5,-30.48713
2493306093.75,-30.49161
2493306250.0,-30.48799
2493306406.25,-30.489
2493306562.5,-30.48789
2493306718.75,-30.48726
2493306875.0,-30.4933
2493307031.25,-30.48752
2493307187.5,-30.48392
2493307343.75,-30.47832
2493307500.0,-30.4866
2493307656.25,-30.48736
2493307812.5,-30.48816
2493307968.75,-30.48359
2493308125.0,-30.48342
2493308281.25,-30.47908
2493308437.5,-30.47945
2493308593.75,-30.48123
2493308750.0,-30.47897
2493308906.25,-30.48333
2493309062.5,-30.47956
2493309218.75,-30.47893
2493309375.0,-30.4817
2493309531.25,-30.47798
2493309687.5,-30.47466
2493309843.75,-30.48149
2493310000.0,-30.47843
2493310156.25,-30.47941
2493310312.5,-30.47805
2493310468.75,-30.46961
2493310625.0,-30.46965
2493310781.25,-30.47457
2493310937.5,-30.47284
2493311093.75,-30.47325
2493311250.0,-30.47179
2493311406.25,-30.467
2493311562.5,-30.46977
2493311718.75,-30.47118
2493311875.0,-30.46798
2493312031.25,-30.4707
2493312187.5,-30.47401
2493312343.75,-30.47267
2493312500.0,-30.46767
2493312656.25,-30.46517
2493312812.5,-30.46306
2493312968.75,-30.4708
2493313125.0,-30.4624
2493313281.25,-30.45748
2493313437.5,-30.46097
2493313593.75,-30.4655
2493313750.0,-30.46444
2493313906.25,-30.45967
2493314062.5,-30.46473
2493314218.75,-30.46276
2493314375.0,-30.46126
2493314531.25,-30.4635
2493314687.5,-30.45786
2493314843.75,-30.4557
2493315000.0,-30.45646
2493315156.25,-30.46173
2493315312.5,-30.46385
2493315468.75,-30.4581
2493315625.0,-30.45488
2493315781.25,-30.46105
2493315937.5,-30.45887
2493316093.75,-30.45774
2493316250.0,-30.46051
2493316406.25,-30.45824
2493316562.5,-30.45534
2493316718.75,-30.45107
2493316875.0,-30.45569
2493317031.25,-30.45504
2493317187.5,-30.44977
2493317343.75,-30.45015
2493317500.0,-30.44687
2493317656.25,-30.44831
2493317812.5,-30.4524
2493317968.75,-30.45116
2493318125.0,-30.44995
2493318281.25,-30.44878
2493318437.5,-30.44884
2493318593.75,-30.44546
2493318750.0,-30.45088
2493318906.25,-30.44744
2493319062.5,-30.44625
2493319218.75,-30.44299
2493319375.0,-30.44334
2493319531.25,-30.44569
2493319687.5,-30.44506
2493319843.75,-30.44462
2493320000.0,-30.44386
2493320156.25,-30.44393
2493320312.5,-30.43968
2493320468.75,-30.44658
2493320625.0,-30.43981
2493320781.25,-30.4411
2493320937.5,-30.44189
2493321093.75,-30.44141
2493321250.0,-30.43797
2493321406.25,-30.43953
2493321562.5,-30.43902
2493321718.75,-30.43377
2493321875.0,-30.43941
2493322031.25,-30.43878
2493322187.5,-30.43521
2493322343.75,-30.43387
2493322500.0,-30.43854
2493322656.25,-30.43537
2493322812.5,-30.4348
2493322968.75,-30.42835
2493323125.0,-30.43472
2493323281.25,-30.43663
2493323437.5,-30.43568
2493323593.75,-30.4323
2493323750.0,-30.43426
2493323906.25,-30.42758
2493324062.5,-30.43645
2493324218.75,-30.42962
2493324375.0,-30.4314
2493324531.25,-30.43021
2493324687.5,-30.42667
2493324843.75,-30.43086
2493325000.0,-30.42846
2493325156.25,-30.42899
2493325312.5,-30.42482
2493325468.75,-30.42812
2493325625.0,-30.41759
2493325781.25,-30.42644
2493325937.5,-30.4218
2493326093.75,-30.42768
2493326250.0,-30.42446
2493326406.25,-30.42567
2493326562.5,-30.41844
2493326718.75,-30.42128
2493326875.0,-30.42263
2493327031.25,-30.41848
2493327187.5,-30.41622
2493327343.75,-30.41519
2493327500.0,-30.41908
2493327656.25,-30.42148
2493327812.5,-30.42118
2493327968.75,-30.41412
2493328125.0,-30.42173
2493328281.25,-30.41662
2493328437.5,-30.41686
2493328593.75,-30.41909
2493328750.0,-30.41589
2493328906.25,-30.41245
2493329062.5,-30.41247
2493329218.75,-30.41571
2493329375.0,-30.41249
2493329531.25,-30.41017
2493329687.5,-30.40916
2493329843.75,-30.41224
2493330000.0,-30.40586
2493330156.25,-30.40821
2493330312.5,-30.40374
2493330468.75,-30.41069
2493330625.0,-30.40873
2493330781.25,-30.41068
2493330937.5,-30.4126
2493331093.75,-30.40338
2493331250.0,-30.40451
2493331406.25,-30.40197
2493331562.5,-30.40665
2493331718.75,-30.40758
2493331875.0,-30.40157
2493332031.25,-30.40551
2493332187.5,-30.40391
2493332343.75,-30.40363
2493332500.0,-30.40616
2493332656.25,-30.40127
2493332812.5,-30.3989
2493332968.75,-30.40158
2493333125.0,-30.39759
2493333281.25,-30.39517
2493333437.5,-30.39775
2493333593.75,-30.3937
2493333750.0,-30.4038
2493333906.25,-30.40078
2493334062.5,-30.39549
2493334218.75,-30.39355
2493334375.0,-30.3948
2493334531.25,-30.39875
2493334687.5,-30.39264
2493334843.75,-30.38914
2493335000.0,-30.39411
2493335156.25,-30.39594
2493335312.5,-30.39582
2493335468.75,-30.39651
2493335625.0,-30.38757
2493335781.25,-30.38693
2493335937.5,-30.39453
2493336093.75,-30.38789
2493336250.0,-30.3892
2493336406.25,-30.38717
2493336562.5,-30.38732
2493336718.75,-30.39168
2493336875.0,-30.38487
2493337031.25,-30.39
2493337187.5,-30.38408
2493337343.75,-30.38703
2493337500.0,-30.38654
2493337656.25,-30.38996
2493337812.5,-30.38221
2493337968.75,-30.38533
2493338125.0,-30.387
2493338281.25,-30.38096
2493338437.5,-30.38449
2493338593.75,-30.38498
2493338750.0,-30.38578
2493338906.25,-30.37967
2493339062.5,-30.38296
2493339218.75,-30.37983
2493339375.0,-30.37678
2493339531.25,-30.37731
2493339687.5,-30.37942
2493339843.75,-30.37863
2493340000.0,-30.37769
2493340156.25,-30.3767
2493340312.5,-30.37088
2493340468.75,-30.37377
2493340625.0,-30.37847
2493340781.25,-30.37834
2493340937.5,-30.37799
2493341093.75,-30.37481
2493341250.0,-30.37549
2493341406.25,-30.37096
2493341562.5,-30.37579
2493341718.75,-30.37644
2493341875.0,-30.36744
2493342031.25,-30.36847
2493342187.5,-30.37591
2493342343.75,-30.3673
2493342500.0,-30.36403
2493342656.25,-30.3709
2493342812.5,-30.36996
2493342968.75,-30.37378
2493343125.0,-30.3662
2493343281.25,-30.36648
2493343437.5,-30.36615
2493343593.75,-30.37059
2493343750.0,-30.36728
2493343906.25,-30.36605
2493344062.5,-30.36856
2493344218.75,-30.3696
2493344375.0,-30.36071
2493344531.25,-30.36712
2493344687.5,-30.3624
2493344843.75,-30.36613
2493345000.0,-30.36552
2493345156.25,-30.36343
2493345312.5,-30.35718
2493345468.75,-30.36024
2493345625.0,-30.35709
2493345781.25,-30.35943
2493345937.5,-30.35683
2493346093.75,-30.35651
2493346250.0,-30.35759
2493346406.25,-30.35538
2493346562.5,-30.35408
2493346718.75,-30.35348
2493346875.0,-30.35584
2493347031.25,-30.3493
2493347187.5,-30.35822
2493347343.75,-30.35053
2493347500.0,-30.35504
2493347656.25,-30.35564
2493347812.5,-30.35081
2493347968.75,-30.3504
2493348125.0,-30.35653
2493348281.25,-30.35555
2493348437.5,-30.34451
2493348593.75,-30.35358
2493348750.0,-30.34801
2493348906.25,-30.34349
2493349062.5,-30.35003
2493349218.75,-30.34237
2493349375.0,-30.34534
2493349531.25,-30.35021
2493349687.5,-30.34644
2493349843.75,-30.34883
2493350000.0,-30.34053
2493350156.25,-30.35115
2493350312.5,-30.34184
2493350468.75,-30.34823
2493350625.0,-30.34574
2493350781.25,-30.3473
2493350937.5,-30.33995
2493351093.75,-30.3379
2493351250.0,-30.335
2493351406.25,-30.33833
2493351562.5,-30.34031
2493351718.75,-30.34449
2493351875.0,-30.33771
2493352031.25,-30.33646
2493352187.5,-30.33243
2493352343.75,-30.34015
2493352500.0,-30.33624
2493352656.25,-30.33247
2493352812.5,-30.33252
2493352968.75,-30.33524
2493353125.0,-30.33229
2493353281.25,-30.34139
2493353437.5,-30.33483
2493353593.75,-30.3306
2493353750.0,-30.32982
2493353906.25,-30.32722
2493354062.5,-30.32724
2493354218.75,-30.32565
2493354375.0,-30.33147
2493354531.25,-30.33255
2493354687.5,-30.33304
2493354843.75,-30.33028
2493355000.0,-30.3282
2493355156.25,-30.32773
2493355312.5,-30.32977
2493355468.75,-30.32866
2493355625.0,-30.32933
2493355781.25,-30.32125
2493355937.5,-30.32922
2493356093.75,-30.32053
2493356250.0,-30.32339
2493356406.25,-30.32725
2493356562.5,-30.32772
2493356718.75,-30.32097
2493356875.0,-30.31651
2493357031.25,-30.31859
2493357187.5,-30.32715
2493357343.75,-30.32142
2493357500.0,-30.32005
2493357656.25,-30.31737
2493357812.5,-30.31962
2493357968.75,-30.31768
2493358125.0,-30.3194
2493358281.25,-30.31767
2493358437.5,-30.3226
2493358593.75,-30.31639
2493358750.0,-30.3144
2493358906.25,-30.31413
2493359062.5,-30.31729
2493359218.75,-30.31162
2493359375.0,-30.31307
2493359531.25,-30.31432
2493359687.5,-30.30667
2493359843.75,-30.31265
2493360000.0,-30.31155
2493360156.25,-30.31162
2493360312.5,-30.31087
2493360468.75,-30.31527
2493360625.0,-30.3059
2493360781.25,-30.30861
2493360937.5,-30.31078
2493361093.75,-30.30587
2493361250.0,-30.3073
2493361406.25,-30.30593
2493361562.5,-30.31019
2493361718.75,-30.30465
2493361875.0,-30.30417
2493362031.25,-30.30739
2493362187.5,-30.30424
2493362343.75,-30.30234
2493362500.0,-30.3075
2493362656.25,-30.30203
2493362812.5,-30.30441
2493362968.75,-30.30069
2493363125.0,-30.30107
2493363281.25,-30.30045
2493363437.5,-30.29861
2493363593.75,-30.30206
2493363750.0,-30.29298
2493363906.25,-30.30169
2493364062.5,-30.29748
2493364218.75,-30.2986
2493364375.0,-30.29741
2493364531.25,-30.29591
2493364687.5,-30.29433
2493364843.75,-30.2967
2493365000.0,-30.29119
2493365156.25,-30.29377
2493365312.5,-30.29943
2493365468.75,-30.29537
2493365625.0,-30.29166
2493365781.25,-30.3003
2493365937.5,-30.29132
2493366093.75,-30.28751
2493366250.0,-30.2878
2493366406.25,-30.29352
2493366562.5,-30.28707
2493366718.75,-30.28777
2493366875.0,-30.29132
2493367031.25,-30.28939
2493367187.5,-30.28514
2493367343.75,-30.28743
2493367500.0,-30.28902
2493367656.25,-30.28506
2493367812.5,-30.28798
2493367968.75,-30.29116
2493368125.0,-30.28526
2493368281.25,-30.28107
2493368437.5,-30.28902
2493368593.75,-30.28331
2493368750.0,-30.28242
2493368906.25,-30.27794
2493369062.5,-30.2864
2493369218.75,-30.28266
2493369375.0,-30.28098
2493369531.25,-30.27454
2493369687.5,-30.2757
2493369843.75,-30.27835
2493370000.0,-30.28149
2493370156.25,-30.28359
2493370312.5,-30.28097
2493370468.75,-30.27689
2493370625.0,-30.27701
2493370781.25,-30.27531
2493370937.5,-30.27495
2493371093.75,-30.27825
2493371250.0,-30.27155
2493371406.25,-30.2754
2493371562.5,-30.27903
2493371718.75,-30.26956
2493371875.0,-30.26988
2493372031.25,-30.27238
2493372187.5,-30.27552
2493372343.75,-30.27374
2493372500.0,-30.26565
2493372656.25,-30.26791
2493372812.5,-30.27011
2493372968.75,-30.26513
2493373125.0,-30.26889
2493373281.25,-30.26928
2493373437.5,-30.26361
2493373593.75,-30.26599
2493373750.0,-30.26377
2493373906.25,-30.26537
2493374062.5,-30.26374
2493374218.75,-30.26781
2493374375.0,-30.26417
2493374531.25,-30.25801
2493374687.5,-30.26008
2493374843.75,-30.26158
2493375000.0,-30.2613
2493375156.25,-30.26382
2493375312.5,-30.26095
2493375468.75,-30.25692
2493375625.0,-30.25892
2493375781.25,-30.25709
2493375937.5,-30.25944
2493376093.75,-30.26218
2493376250.0,-30.2569
2493376406.25,-30.25956
2493376562.5,-30.25905
2493376718.75,-30.25682
2493376875.0,-30.26105
2493377031.25,-30.25165
2493377187.5,-30.25566
2493377343.75,-30.25031
2493377500.0,-30.25453
2493377656.25,-30.25221
2493377812.5,-30.25389
2493377968.75,-30.24822
2493378125.0,-30.25321
2493378281.25,-30.2554
2493378437.5,-30.24297
2493378593.75,-30.25209
2493378750.0,-30.25059
2493378906.25,-30.24813
2493379062.5,-30.25266
2493379218.75,-30.2465
2493379375.0,-30.24785
2493379531.25,-30.25029
2493379687.5,-30.24521
2493379843.75,-30.24815
2493380000.0,-30.24587
2493380156.25,-30.23978
2493380312.5,-30.2413
2493380468.75,-30.24361
2493380625.0,-30.2418
2493380781.25,-30.24727
2493380937.5,-30.24308
2493381093.75,-30.24289
2493381250.0,-30.24299
2493381406.25,-30.24655
2493381562.5,-30.24632
2493381718.75,-30.24019
2493381875.0,-30.23999
2493382031.25,-30.23656
2493382187.5,-30.23679
2493382343.75,-30.23298
2493382500.0,-30.23266
2493382656.25,-30.23833
2493382812.5,-30.23334
2493382968.75,-30.23257
2493383125.0,-30.23545
2493383281.25,-30.23402
2493383437.5,-30.23292
2493383593.75,-30.23239
2493383750.0,-30.23344
2493383906.25,-30.23179
2493384062.5,-30.23152
2493384218.75,-30.23089
2493384375.0,-30.2377
2493384531.25,-30.22613
2493384687.5,-30.23162
2493384843.75,-30.22674
2493385000.0,-30.23108
2493385156.25,-30.23403
2493385312.5,-30.22369
2493385468.75,-30.22448
2493385625.0,-30.23182
2493385781.25,-30.22595
2493385937.5,-30.22865
2493386093.75,-30.22568
2493386250.0,-30.22212
2493386406.25,-30.2206
2493386562.5,-30.21944
2493386718.75,-30.22211
2493386875.0,-30.22479
2493387031.25,-30.21923
2493387187.5,-30.21842
2493387343.75,-30.22412
2493387500.0,-30.22501
2493387656.25,-30.21847
2493387812.5,-30.21965
2493387968.75,-30.22125
2493388125.0,-30.21955
2493388281.25,-30.21705
2493388437.5,-30.21113
2493388593.75,-30.21925
2493388750.0,-30.2173
2493388906.25,-30.21394
2493389062.5,-30.21178
2493389218.75,-30.21555
2493389375.0,-30.2158
2493389531.25,-30.21004
2493389687.5,-30.2148
2493389843.75,-30.2075
2493390000.0,-30.21529
2493390156.25,-30.21532
2493390312.5,-30.2081
2493390468.75,-30.21204
2493390625.0,-30.21351
2493390781.25,-30.20951
2493390937.5,-30.20691
2493391093.75,-30.20693
2493391250.0,-30.20695
2493391406.25,-30.20664
2493391562.5,-30.20918
2493391718.75,-30.20517
2493391875.0,-30.20358
2493392031.25,-30.20417
2493392187.5,-30.20847
2493392343.75,-30.2022
2493392500.0,-30.20467
2493392656.25,-30.20194
2493392812.5,-30.20116
2493392968.75,-30.19954
2493393125.0,-30.20169
2493393281.25,-30.20149
2493393437.5,-30.20052
2493393593.75,-30.20527
2493393750.0,-30.20117
2493393906.25,-30.19641
2493394062.5,-30.19836
2493394218.75,-30.19853
2493394375.0,-30.19797
2493394531.25,-30.19597
2493394687.5,-30.19291
2493394843.75,-30.1923
2493395000.0,-30.19489
2493395156.25,-30.19743
2493395312.5,-30.20001
2493395468.75,-30.19355
2493395625.0,-30.19229
2493395781.25,-30.19196
2493395937.5,-30.18751
2493396093.75,-30.18959
2493396250.0,-30.18949
2493396406.25,-30.18875
2493396562.5,-30.1874
2493396718.75,-30.18241
2493396875.0,-30.18726
2493397031.25,-30.18566
2493397187.5,-30.19055
2493397343.75,-30.18699
2493397500.0,-30.18071
2493397656.25,-30.18586
2493397812.5,-30.18169
2493397968.75,-30.18598
2493398125.0,-30.18438
2493398281.25,-30.18363
2493398437.5,-30.18474
2493398593.75,-30.1852
2493398750.0,-30.18359
2493398906.25,-30.1824
2493399062.5,-30.18287
2493399218.75,-30.17989
2493399375.0,-30.18195
2493399531.25,-30.17977
2493399687.5,-30.18113
2493399843.75,-30.18222
2493400000.0,-30.18074
2493400156.25,-30.17907
2493400312.5,-30.17701
2493400468.75,-30.17016
2493400625.0,-30.17673
2493400781.25,-30.17192
2493400937.5,-30.17107
2493401093.75,-30.17284
2493401250.0,-30.17671
2493401406.25,-30.17212
2493401562.5,-30.16864
2493401718.75,-30.1719
2493401875.0,-30.16894
2493402031.25,-30.17106
2493402187.5,-30.16528
2493402343.75,-30.17538
2493402500.0,-30.16669
2493402656.25,-30.16935
2493402812.5,-30.1728
2493402968.75,-30.16753
2493403125.0,-30.1655
2493403281.25,-30.16669
2493403437.5,-30.1733
2493403593.75,-30.1637
2493403750.0,-30.15992
2493403906.25,-30.16545
2493404062.5,-30.16468
2493404218.75,-30.16472
2493404375.0,-30.164
2493404531.25,-30.16582
2493404687.5,-30.1615
2493404843.75,-30.16252
2493405000.0,-30.16065
2493405156.25,-30.16518
2493405312.5,-30.16277
2493405468.75,-30.16297
2493405625.0,-30.1552
2493405781.25,-30.16381
2493405937.5,-30.16007
2493406093.75,-30.15947
2493406250.0,-30.15576
2493406406.25,-30.15951
2493406562.5,-30.16146
2493406718.75,-30.15207
2493406875.0,-30.15283
2493407031.25,-30.15046
2493407187.5,-30.15582
2493407343.75,-30.14885
2493407500.0,-30.16037
2493407656.25,-30.1517
2493407812.5,-30.15199
2493407968.75,-30.15722
2493408125.0,-30.15167
2493408281.25,-30.15127
2493408437.5,-30.15053
2493408593.75,-30.14757
2493408750.0,-30.14987
2493408906.25,-30.1455
2493409062.5,-30.14892
2493409218.75,-30.14423
2493409375.0,-30.14751
2493409531.25,-30.14789
2493409687.5,-30.14456
2493409843.75,-30.14779
2493410000.0,-30.14725
2493410156.25,-30.14606
2493410312.5,-30.14276
2493410468.75,-30.14029
2493410625.0,-30.1439
2493410781.25,-30.13885
2493410937.5,-30.13723
2493411093.75,-30.14423
2493411250.0,-30.13894
2493411406.25,-30.13946
2493411562.5,-30.14247
2493411718.75,-30.13406
2493411875.0,-30.13567
2493412031.25,-30.13922
2493412187.5,-30.1407
2493412343.75,-30.1366
2493412500.0,-30.13397
2493412656.25,-30.136
2493412812.5,-30.13885
2493412968.75,-30.13216
2493413125.0,-30.13658
2493413281.25,-30.13187
2493413437.5,-30.12681
2493413593.75,-30.13128
2493413750.0,-30.1333
2493413906.25,-30.13363
2493414062.5,-30.13032
2493414218.75,-30.12849
2493414375.0,-30.13118
2493414531.25,-30.13271
2493414687.5,-30.12977
2493414843.75,-30.13148
2493415000.0,-30.13353
2493415156.25,-30.12313
2493415312.5,-30.12797
2493415468.75,-30.12477
2493415625.0,-30.12369
2493415781.25,-30.12662
2493415937.5,-30.12162
2493416093.75,-30.12459
2493416250.0,-30.12283
2493416406.25,-30.12581
2493416562.5,-30.12079
2493416718.75,-30.12212
2493416875.0,-30.11769
2493417031.25,-30.11951
2493417187.5,-30.12614
2493417343.75,-30.11645
2493417500.0,-30.11833
2493417656.25,-30.11732
2493417812.5,-30.11692
2493417968.75,-30.1153
2493418125.0,-30.11613
2493418281.25,-30.1109
2493418437.5,-30.11581
2493418593.75,-30.11757
2493418750.0,-30.11635
2493418906.25,-30.11087
2493419062.5,-30.11988
2493419218.75,-30.1141
2493419375.0,-30.10736
2493419531.25,-30.10814
2493419687.5,-30.10951
2493419843.75,-30.11606
2493420000.0,-30.1098
2493420156.25,-30.10954
2493420312.5,-30.11068
2493420468.75,-30.10508
2493420625.0,-30.10949
2493420781.25,-30.10856
2493420937.5,-30.10814
2493421093.75,-30.10037
2493421250.0,-30.10969
2493421406.25,-30.10593
2493421562.5,-30.10595
2493421718.75,-30.10316
2493421875.0,-30.10612
2493422031.25,-30.10325
2493422187.5,-30.09624
2493422343.75,-30.10018
2493422500.0,-30.1033
2493422656.25,-30.10123
2493422812.5,-30.10046
2493422968.75,-30.10052
2493423125.0,-30.10444
2493423281.25,-30.09994
2493423437.5,-30.09344
2493423593.75,-30.10191
2493423750.0,-30.09565
2493423906.25,-30.09689
2493424062.5,-30.1003
2493424218.75,-30.09777
2493424375.0,-30.09732
2493424531.25,-30.09494
2493424687.5,-30.0915
2493424843.75,-30.09679
2493425000.0,-30.09631
2493425156.25,-30.08865
2493425312.5,-30.0921
2493425468.75,-30.09514
2493425625.0,-30.09245
2493425781.25,-30.088
2493425937.5,-30.08915
2493426093.75,-30.08603
2493426250.0,-30.08658
2493426406.25,-30.09063
2493426562.5,-30.08792
2493426718.75,-30.08971
2493426875.0,-30.08372
2493427031.25,-30.08744
2493427187.5,-30.08974
2493427343.75,-30.08844
2493427500.0,-30.08138
2493427656.25,-30.08773
2493427812.5,-30.08499
2493427968.75,-30.07915
2493428125.0,-30.08242
2493428281.25,-30.0804
2493428437.5,-30.08396
2493428593.75,-30.079
2493428750.0,-30.08034
2493428906.25,-30.08023
2493429062.5,-30.08134
2493429218.75,-30.07842
2493429375.0,-30.08002
2493429531.25,-30.08148
2493429687.5,-30.08049
2493429843.75,-30.07377
2493430000.0,-30.07791
2493430156.25,-30.07834
2493430312.5,-30.07029
2493430468.75,-30.07364
2493430625.0,-30.07844
2493430781.25,-30.07235
2493430937.5,-30.07309
2493431093.75,-30.08135
2493431250.0,-30.07171
2493431406.25,-30.0718
2493431562.5,-30.07135
2493431718.75,-30.06863
2493431875.0,-30.06676
2493432031.25,-30.07331
2493432187.5,-30.06841
2493432343.75,-30.07056
2493432500.0,-30.06816
2493432656.25,-30.06655
2493432812.5,-30.06562
2493432968.75,-30.06612
2493433125.0,-30.07032
2493433281.25,-30.06973
2493433437.5,-30.06417
2493433593.75,-30.06423
2493433750.0,-30.06163
2493433906.25,-30.06373
2493434062.5,-30.06202
2493434218.75,-30.06565
2493434375.0,-30.06205
2493434531.25,-30.06135
2493434687.5,-30.06014
2493434843.75,-30.05989
2493435000.0,-30.05939
2493435156.25,-30.05859
2493435312.5,-30.0564
2493435468.75,-30.05523
2493435625.0,-30.06
2493435781.25,-30.05418
2493435937.5,-30.0593
2493436093.75,-30.05508
2493436250.0,-30.05126
2493436406.25,-30.05065
2493436562.5,-30.0529
2493436718.75,-30.05053
2493436875.0,-30.05244
2493437031.25,-30.05228
2493437187.5,-30.05232
2493437343.75,-30.05285
2493437500.0,-30.05775
2493437656.25,-30.04712
2493437812.5,-30.05119
2493437968.75,-30.05207
2493438125.0,-30.05267
2493438281.25,-30.05041
2493438437.5,-30.04952
2493438593.75,-30.04388
2493438750.0,-30.05105
2493438906.25,-30.04876
2493439062.5,-30.04157
2493439218.75,-30.04627
2493439375.0,-30.04541
2493439531.25,-30.04276
2493439687.5,-30.04311
2493439843.75,-30.04208
2493440000.0,-30.04011
2493440156.25,-30.04615
2493440312.5,-30.03947
2493440468.75,-30.04237
2493440625.0,-30.0435
2493440781.25,-30.03772
2493440937.5,-30.03831
2493441093.75,-30.04109
2493441250.0,-30.0363
2493441406.25,-30.04022
2493441562.5,-30.03622
2493441718.75,-30.03076
2493441875.0,-30.03349
2493442031.25,-30.03415
2493442187.5,-30.03319
2493442343.75,-30.03454
2493442500.0,-30.03415
2493442656.25,-30.02556
2493442812.5,-30.03287
2493442968.75,-30.03501
2493443125.0,-30.03022
2493443281.25,-30.033
2493443437.5,-30.02887
2493443593.75,-30.03313
2493443750.0,-30.02409
2493443906.25,-30.02716
2493444062.5,-30.03144
2493444218.75,-30.0293
2493444375.0,-30.02865
2493444531.25,-30.02679
2493444687.5,-30.02787
2493444843.75,-30.01741
2493445000.0,-30.02323
2493445156.25,-30.02156
2493445312.5,-30.02179
2493445468.75,-30.0254
2493445625.0,-30.02329
2493445781.25,-30.02144
2493445937.5,-30.01863
2493446093.75,-30.02105
2493446250.0,-30.01604
2493446406.25,-30.02116
2493446562.5,-30.02269
2493446718.75,-30.01711
2493446875.0,-30.02268
2493447031.25,-30.02014
2493447187.5,-30.02338
2493447343.75,-30.02103
2493447500.0,-30.01865
2493447656.25,-30.01498
2493447812.5,-30.0135
2493447968.75,-30.01155
2493448125.0,-30.01407
2493448281.25,-30.0118
2493448437.5,-30.01682
2493448593.75,-30.01375
2493448750.0,-30.01225
2493448906.25,-30.01415
2493449062.5,-30.0149
2493449218.75,-30.013
2493449375.0,-30.01119
2493449531.25,-30.00608
2493449687.5,-30.00761
2493449843.75,-30.00503
2493450000.0,-30.00729
2493450156.25,-30.00917
2493450312.5,-30.00625
2493450468.75,-30.00285
2493450625.0,-30.00664
2493450781.25,-30.00815
2493450937.5,-30.0105
2493451093.75,-30.00253
2493451250.0,-30.00242
2493451406.25,-30.00557
2493451562.5,-29.99953
2493451718.75,-30.00223
2493451875.0,-30.00085
2493452031.25,-30.00251
2493452187.5,-30.00258
2493452343.75,-30.00068
2493452500.0,-29.99797
2493452656.25,-29.99681
2493452812.5,-29.99415
2493452968.75,-29.99887
2493453125.0,-29.99814
2493453281.25,-29.99726
2493453437.5,-30.00026
2493453593.75,-29.99672
2493453750.0,-29.9949
2493453906.25,-29.99542
2493454062.5,-29.9953
2493454218.75,-29.99518
2493454375.0,-29.99039
2493454531.25,-29.98786
2493454687.5,-29.98969
2493454843.75,-29.99176
2493455000.0,-29.9897
2493455156.25,-29.99013
2493455312.5,-29.98626
2493455468.75,-29.99586
2493455625.0,-29.98363
2493455781.25,-29.98969
2493455937.5,-29.98962
2493456093.75,-29.988
2493456250.0,-29.9882
2493456406.25,-29.99069
2493456562.5,-29.98329
2493456718.75,-29.98415
2493456875.0,-29.98263
2493457031.25,-29.98509
2493457187.5,-29.97951
2493457343.75,-29.98441
2493457500.0,-29.97789
2493457656.25,-29.98105
2493457812.5,-29.9795
2493457968.75,-29.98311
2493458125.0,-29.97901
2493458281.25,-29.98085
2493458437.5,-29.98224
2493458593.75,-29.97979
2493458750.0,-29.9802
2493458906.25,-29.97596
2493459062.5,-29.97566
2493459218.75,-29.98207
2493459375.0,-29.97916
2493459531.25,-29.97638
2493459687.5,-29.97657
2493459843.75,-29.97331
2493460000.0,-29.97351
2493460156.25,-29.9705
2493460312.5,-29.97288
2493460468.75,-29.97419
2493460625.0,-29.96931
2493460781.25,-29.96939
2493460937.5,-29.96605
2493461093.75,-29.96949
2493461250.0,-29.97256
2493461406.25,-29.96551
2493461562.5,-29.96686
2493461718.75,-29.96695
2493461875.0,-29.97117
2493462031.25,-29.97237
2493462187.5,-29.9681
2493462343.75,-29.9657
2493462500.0,-29.96783
2493462656.25,-29.96581
2493462812.5,-29.9583
2493462968.75,-29.95818
2493463125.0,-29.95967
2493463281.25,-29.96099
2493463437.5,-29.96185
2493463593.75,-29.96366
2493463750.0,-29.96025
2493463906.25,-29.95982
2493464062.5,-29.95834
2493464218.75,-29.96185
2493464375.0,-29.95989
2493464531.25,-29.95995
2493464687.5,-29.95461
2493464843.75,-29.96034
2493465000.0,-29.96082
2493465156.25,-29.95513
2493465312.5,-29.95471
2493465468.75,-29.95136
2493465625.0,-29.95464
2493465781.25,-29.95682
2493465937.5,-29.95362
2493466093.75,-29.95107
2493466250.0,-29.9484
2493466406.25,-29.95217
2493466562.5,-29.9481
2493466718.75,-29.95348
2493466875.0,-29.94763
2493467031.25,-29.94968
2493467187.5,-29.95256
2493467343.75,-29.94556
2493467500.0,-29.95227
2493467656.25,-29.95092
2493467812.5,-29.94637
2493467968.75,-29.95147
2493468125.0,-29.94554
2493468281.25,-29.9404
2493468437.5,-29.94889
2493468593.75,-29.94349
2493468750.0,-29.94506
2493468906.25,-29.94378
2493469062.5,-29.93827
2493469218.75,-29.94218
2493469375.0,-29.94152
2493469531.25,-29.94104
2493469687.5,-29.93797
2493469843.75,-29.93832
2493470000.0,-29.93786
2493470156.25,-29.94348
2493470312.5,-29.93345
2493470468.75,-29.93878
2493470625.0,-29.93529
2493470781.25,-29.93688
2493470937.5,-29.94024
2493471093.75,-29.93448
2493471250.0,-29.92899
2493471406.25,-29.93366
2493471562.5,-29.92946
2493471718.75,-29.93426
2493471875.0,-29.93085
2493472031.25,-29.94044
2493472187.5,-29.92755
2493472343.75,-29.93016
2493472500.0,-29.92754
2493472656.25,-29.93006
2493472812.5,-29.93264
2493472968.75,-29.93313
2493473125.0,-29.92642
2493473281.25,-29.93211
2493473437.5,-29.92717
2493473593.75,-29.92839
2493473750.0,-29.92738
2493473906.25,-29.92769
2493474062.5,-29.92788
2493474218.75,-29.92472
2493474375.0,-29.92468
2493474531.25,-29.9226
2493474687.5,-29.92607
2493474843.75,-29.9237
2493475000.0,-29.91764
2493475156.25,-29.92209
2493475312.5,-29.91828
2493475468.75,-29.9201
2493475625.0,-29.91629
2493475781.25,-29.92136
2493475937.5,-29.91611
2493476093.75,-29.91674
2493476250.0,-29.91832
2493476406.25,-29.91813
2493476562.5,-29.91251
2493476718.75,-29.90853
2493476875.0,-29.91569
2493477031.25,-29.9137
2493477187.5,-29.91341
2493477343.75,-29.91704
2493477500.0,-29.91099
2493477656.25,-29.91463
2493477812.5,-29.90749
2493477968.75,-29.91116
2493478125.0,-29.91163
2493478281.25,-29.91215
2493478437.5,-29.90882
2493478593.75,-29.90666
2493478750.0,-29.9099
2493478906.25,-29.91506
2493479062.5,-29.91185
2493479218.75,-29.90771
2493479375.0,-29.90752
2493479531.25,-29.90761
2493479687.5,-29.90535
2493479843.75,-29.90433
2493480000.0,-29.90745
2493480156.25,-29.90886
2493480312.5,-29.90097
2493480468.75,-29.90066
2493480625.0,-29.89992
2493480781.25,-29.90207
2493480937.5,-29.89566
2493481093.75,-29.90487
2493481250.0,-29.9023
2493481406.25,-29.90202
2493481562.5,-29.8966
2493481718.75,-29.89736
2493481875.0,-29.90153
2493482031.25,-29.89868
2493482187.5,-29.89444
2493482343.75,-29.90008
2493482500.0,-29.89428
2493482656.25,-29.90026
2493482812.5,-29.89864
2493482968.75,-29.89696
2493483125.0,-29.8903
2493483281.25,-29.90015
2493483437.5,-29.88841
2493483593.75,-29.8856
2493483750.0,-29.89331
2493483906.25,-29.8941
2493484062.5,-29.88863
2493484218.75,-29.89223
2493484375.0,-29.88851
2493484531.25,-29.88736
2493484687.5,-29.89198
2493484843.75,-29.88559
2493485000.0,-29.88368
2493485156.25,-29.88513
2493485312.5,-29.88738
2493485468.75,-29.88408
2493485625.0,-29.8857
2493485781.25,-29.88642
2493485937.5,-29.88381
2493486093.75,-29.88477
2493486250.0,-29.88094
2493486406.25,-29.88577
2493486562.5,-29.88248
2493486718.75,-29.88348
2493486875.0,-29.87513
2493487031.25,-29.8755
2493487187.5,-29.8791
2493487343.75,-29.88108
2493487500.0,-29.87491
2493487656.25,-29.87341
2493487812.5,-29.87887
2493487968.75,-29.87773
2493488125.0,-29.87632
2493488281.25,-29.87357
2493488437.5,-29.87621
2493488593.75,-29.87444
2493488750.0,-29.87458
2493488906.25,-29.87437
2493489062.5,-29.87926
2493489218.75,-29.8698
2493489375.0,-29.87311
2493489531.25,-29.87339
2493489687.5,-29.87392
2493489843.75,-29.86925
2493490000.0,-29.86806
2493490156.25,-29.87253
2493490312.5,-29.86415
2493490468.75,-29.87049
2493490625.0,-29.86733
2493490781.25,-29.8698
2493490937.5,-29.86799
2493491093.75,-29.86761
2493491250.0,-29.86398
2493491406.25,-29.86558
2493491562.5,-29.8633
2493491718.75,-29.86564
2493491875.0,-29.86619
2493492031.25,-29.86897
2493492187.5,-29.86265
2493492343.75,-29.86134
2493492500.0,-29.85849
2493492656.25,-29.86504
2493492812.5,-29.86098
2493492968.75,-29.86228
2493493125.0,-29.85703
2493493281.25,-29.86115
2493493437.5,-29.85748
2493493593.75,-29.86005
2493493750.0,-29.85808
2493493906.25,-29.85395
2493494062.5,-29.85274
2493494218.75,-29.8559
2493494375.0,-29.85564
2493494531.25,-29.85712
2493494687.5,-29.85409
2493494843.75,-29.85381
2493495000.0,-29.85179
2493495156.25,-29.85215
2493495312.5,-29.84807
2493495468.75,-29.85167
2493495625.0,-29.84661
2493495781.25,-29.84991
2493495937.5,-29.84513
2493496093.75,-29.85065
2493496250.0,-29.84701
2493496406.25,-29.84611
2493496562.5,-29.84639
2493496718.75,-29.84777
2493496875.0,-29.84461
2493497031.25,-29.84793
2493497187.5,-29.84568
2493497343.75,-29.84552
2493497500.0,-29.84511
2493497656.25,-29.84015
2493497812.5,-29.84894
2493497968.75,-29.84296
2493498125.0,-29.83962
2493498281.25,-29.84322
2493498437.5,-29.8429
2493498593.75,-29.8397
2493498750.0,-29.8339
2493498906.25,-29.83917
2493499062.5,-29.84075
2493499218.75,-29.83797
2493499375.0,-29.83959
2493499531.25,-29.83452
2493499687.5,-29.83886
2493499843.75,-29.84085
2493500000.0,-29.83749
2493500156.25,-29.83617
2493500312.5,-29.83601
2493500468.75,-29.83004
2493500625.0,-29.83253
2493500781.25,-29.83
2493500937.5,-29.83633
2493501093.75,-29.82831
2493501250.0,-29.83141
2493501406.25,-29.82782
2493501562.5,-29.82758
2493501718.75,-29.83083
2493501875.0,-29.83086
2493502031.25,-29.82535
2493502187.5,-29.82373
2493502343.75,-29.82369
2493502500.0,-29.81984
2493502656.25,-29.82531
2493502812.5,-29.8225
2493502968.75,-29.82382
2493503125.0,-29.81763
2493503281.25,-29.82184
2493503437.5,-29.82165
2493503593.75,-29.82251
2493503750.0,-29.82473
2493503906.25,-29.82099
2493504062.5,-29.81962
2493504218.75,-29.81934
2493504375.0,-29.81785
2493504531.25,-29.81758
2493504687.5,-29.81414
2493504843.75,-29.81831
2493505000.0,-29.81649
2493505156.25,-29.81812
2493505312.5,-29.82276
2493505468.75,-29.81248
2493505625.0,-29.81468
2493505781.25,-29.81182
2493505937.5,-29.81419
2493506093.75,-29.81439
2493506250.0,-29.8139
2493506406.25,-29.81023
2493506562.5,-29.81057
2493506718.75,-29.81416
2493506875.0,-29.81629
2493507031.25,-29.80834
2493507187.5,-29.80757
2493507343.75,-29.80895
2493507500.0,-29.81029
2493507656.25,-29.80665
2493507812.5,-29.80602
2493507968.75,-29.80855
2493508125.0,-29.80665
2493508281.25,-29.80325
2493508437.5,-29.80622
2493508593.75,-29.80786
2493508750.0,-29.80083
2493508906.25,-29.80698
2493509062.5,-29.80462
2493509218.75,-29.8012
2493509375.0,-29.80283
2493509531.25,-29.80223
2493509687.5,-29.80342
2493509843.75,-29.80459
2493510000.0,-29.79578
2493510156.25,-29.80094
2493510312.5,-29.79823
2493510468.75,-29.79197
2493510625.0,-29.79543
2493510781.25,-29.79656
2493510937.5,-29.79452
2493511093.75,-29.79888
2493511250.0,-29.7929
2493511406.25,-29.79091
2493511562.5,-29.79182
2493511718.75,-29.79169
2493511875.0,-29.79167
2493512031.25,-29.79326
2493512187.5,-29.79637
2493512343.75,-29.79546
2493512500.0,-29.78715
2493512656.25,-29.79009
2493512812.5,-29.79048
2493512968.75,-29.78987
2493513125.0,-29.78925
2493513281.25,-29.78151
2493513437.5,-29.7847
2493513593.75,-29.78722
2493513750.0,-29.78537
2493513906.25,-29.78927
2493514062.5,-29.78459
2493514218.75,-29.78481
2493514375.0,-29.78139
2493514531.25,-29.782
2493514687.5,-29.78243
2493514843.75,-29.78054
2493515000.0,-29.78069
2493515156.25,-29.77767
2493515312.5,-29.7816
2493515468.75,-29.78271
2493515625.0,-29.77855
2493515781.25,-29.77964
2493515937.5,-29.78026
2493516093.75,-29.78281
2493516250.0,-29.77792
2493516406.25,-29.77326
2493516562.5,-29.77527
2493516718.75,-29.77505
2493516875.0,-29.77305
2493517031.25,-29.77811
2493517187.5,-29.77504
2493517343.75,-29.77412
2493517500.0,-29.77421
2493517656.25,-29.76792
2493517812.5,-29.77298
2493517968.75,-29.76763
2493518125.0,-29.77213
2493518281.25,-29.77121
2493518437.5,-29.76919
2493518593.75,-29.76981
2493518750.0,-29.76891
2493518906.25,-29.76721
2493519062.5,-29.76274
2493519218.75,-29.76537
2493519375.0,-29.77501
2493519531.25,-29.76751
2493519687.5,-29.76299
2493519843.75,-29.77146
2493520000.0,-29.76997
2493520156.25,-29.76822
2493520312.5,-29.76644
2493520468.75,-29.75939
2493520625.0,-29.76392
2493520781.25,-29.76625
2493520937.5,-29.75881
2493521093.75,-29.75481
2493521250.0,-29.76149
2493521406.25,-29.76036
2493521562.5,-29.75616
2493521718.75,-29.75477
2493521875.0,-29.75803
2493522031.25,-29.75434
2493522187.5,-29.75586
2493522343.75,-29.75767
2493522500.0,-29.75716
2493522656.25,-29.75554
2493522812.5,-29.75341
2493522968.75,-29.75691
2493523125.0,-29.75072
2493523281.25,-29.75264
2493523437.5,-29.75755
2493523593.75,-29.7541
2493523750.0,-29.75492
2493523906.25,-29.75211
2493524062.5,-29.74657
2493524218.75,-29.75184
2493524375.0,-29.74968
2493524531.25,-29.74511
2493524687.5,-29.74899
2493524843.75,-29.74705
2493525000.0,-29.74637
2493525156.25,-29.74568
2493525312.5,-29.73873
2493525468.75,-29.74625
2493525625.0,-29.74842
2493525781.25,-29.74317
2493525937.5,-29.74612
2493526093.75,-29.74209
2493526250.0,-29.74346
2493526406.25,-29.74213
2493526562.5,-29.74127
2493526718.75,-29.74147
2493526875.0,-29.74142
2493527031.25,-29.73883
2493527187.5,-29.74101
2493527343.75,-29.73672
2493527500.0,-29.73969
2493527656.25,-29.73848
2493527812.5,-29.73687
2493527968.75,-29.73573
2493528125.0,-29.73755
2493528281.25,-29.73672
2493528437.5,-29.74187
2493528593.75,-29.72931
2493528750.0,-29.73183
2493528906.25,-29.73528
2493529062.5,-29.73349
2493529218.75,-29.7347
2493529375.0,-29.73539
2493529531.25,-29.73511
2493529687.5,-29.72804
2493529843.75,-29.72802
2493530000.0,-29.72784
2493530156.25,-29.72988
2493530312.5,-29.73324
2493530468.75,-29.72711
2493530625.0,-29.73094
2493530781.25,-29.72561
2493530937.5,-29.72148
2493531093.75,-29.72619
2493531250.0,-29.72469
2493531406.25,-29.72256
2493531562.5,-29.72155
2493531718.75,-29.72168
2493531875.0,-29.7257
2493532031.25,-29.7198
2493532187.5,-29.72174
2493532343.75,-29.71682
2493532500.0,-29.72215
2493532656.25,-29.71853
2493532812.5,-29.72131
2493532968.75,-29.71813
2493533125.0,-29.71531
2493533281.25,-29.71778
2493533437.5,-29.72099
2493533593.75,-29.7092
2493533750.0,-29.71687
2493533906.25,-29.71867
2493534062.5,-29.71722
2493534218.75,-29.71426
2493534375.0,-29.7103
2493534531.25,-29.71158
2493534687.5,-29.71097
2493534843.75,-29.71833
2493535000.0,-29.71452
2493535156.25,-29.71355
2493535312.5,-29.71158
2493535468.75,-29.70996
2493535625.0,-29.70629
2493535781.25,-29.71014
2493535937.5,-29.70868
2493536093.75,-29.70892
2493536250.0,-29.70705
2493536406.25,-29.70595
2493536562.5,-29.70731
2493536718.75,-29.70564
2493536875.0,-29.70376
2493537031.25,-29.69846
2493537187.5,-29.70217
2493537343.75,-29.7008
2493537500.0,-29.70223
2493537656.25,-29.69848
2493537812.5,-29.70253
2493537968.75,-29.69763
2493538125.0,-29.69854
2493538281.25,-29.69979
2493538437.5,-29.70141
2493538593.75,-29.69733
2493538750.0,-29.69842
2493538906.25,-29.69538
2493539062.5,-29.69436
2493539218.75,-29.69706
2493539375.0,-29.69984
2493539531.25,-29.69753
2493539687.5,-29.69702
2493539843.75,-29.69307
2493540000.0,-29.69237
2493540156.25,-29.69118
2493540312.5,-29.68823
2493540468.75,-29.68826
2493540625.0,-29.69234
2493540781.25,-29.692
2493540937.5,-29.69217
2493541093.75,-29.69133
2493541250.0,-29.68906
2493541406.25,-29.69063
2493541562.5,-29.68554
2493541718.75,-29.689
2493541875.0,-29.69167
2493542031.25,-29.68533
2493542187.5,-29.6897
2493542343.75,-29.68179
2493542500.0,-29.68536
2493542656.25,-29.68854
2493542812.5,-29.68918
2493542968.75,-29.68542
2493543125.0,-29.68538
2493543281.25,-29.67979
2493543437.5,-29.68433
2493543593.75,-29.68417
2493543750.0,-29.68051
2493543906.25,-29.67915
2493544062.5,-29.68515
2493544218.75,-29.68115
2493544375.0,-29.67798
2493544531.25,-29.67767
2493544687.5,-29.67495
2493544843.75,-29.67885
2493545000.0,-29.6785
2493545156.25,-29.6786
2493545312.5,-29.67463
2493545468.75,-29.67295
2493545625.0,-29.67717
2493545781.25,-29.67226
2493545937.5,-29.67105
2493546093.75,-29.68011
2493546250.0,-29.67457
2493546406.25,-29.66863
2493546562.5,-29.67105
2493546718.75,-29.66841
2493546875.0,-29.66661
2493547031.25,-29.66899
2493547187.5,-29.67407
2493547343.75,-29.66706
2493547500.0,-29.66547
2493547656.25,-29.66902
2493547812.5,-29.66494
2493547968.75,-29.66552
2493548125.0,-29.67088
2493548281.25,-29.66838
2493548437.5,-29.66641
2493548593.75,-29.66799
2493548750.0,-29.6608
2493548906.25,-29.66381
2493549062.5,-29.65816
2493549218.75,-29.65774
2493549375.0,-29.6603
2493549531.25,-29.66266
2493549687.5,-29.65745
2493549843.75,-29.65887
2493550000.0,-29.65725
2493550156.25,-29.65702
2493550312.5,-29.65125
2493550468.75,-29.65939
2493550625.0,-29.65206
2493550781.25,-29.65381
2493550937.5,-29.65318
2493551093.75,-29.65581
2493551250.0,-29.65033
2493551406.25,-29.6578
2493551562.5,-29.65445
2493551718.75,-29.65285
2493551875.0,-29.65071
2493552031.25,-29.65105
2493552187.5,-29.64991
2493552343.75,-29.64986
2493552500.0,-29.65212
2493552656.25,-29.64767
2493552812.5,-29.64514
2493552968.75,-29.64581
2493553125.0,-29.64846
2493553281.25,-29.64998
2493553437.5,-29.64421
2493553593.75,-29.64432
2493553750.0,-29.64407
2493553906.25,-29.6436
2493554062.5,-29.64251
2493554218.75,-29.64835
2493554375.0,-29.63417
2493554531.25,-29.64277
2493554687.5,-29.63866
2493554843.75,-29.64332
2493555000.0,-29.64286
2493555156.25,-29.63965
2493555312.5,-29.63607
2493555468.75,-29.63794
2493555625.0,-29.63683
2493555781.25,-29.63981
2493555937.5,-29.63721
2493556093.75,-29.63538
2493556250.0,-29.63624
2493556406.25,-29.63697
2493556562.5,-29.63392
2493556718.75,-29.63218
2493556875.0,-29.63544
2493557031.25,-29.63157
2493557187.5,-29.62968
2493557343.75,-29.63184
2493557500.0,-29.6321
2493557656.25,-29.62982
2493557812.5,-29.62805
2493557968.75,-29.63049
2493558125.0,-29.6288
2493558281.25,-29.62901
2493558437.5,-29.62723
2493558593.75,-29.62794
2493558750.0,-29.63022
2493558906.25,-29.62969
2493559062.5,-29.62372
2493559218.75,-29.62539
2493559375.0,-29.62425
2493559531.25,-29.62297
2493559687.5,-29.62438
2493559843.75,-29.62325
2493560000.0,-29.62831
2493560156.25,-29.62305
2493560312.5,-29.62161
2493560468.75,-29.62198
2493560625.0,-29.62095
2493560781.25,-29.62207
2493560937.5,-29.62184
2493561093.75,-29.61611
2493561250.0,-29.6174
2493561406.25,-29.6208
2493561562.5,-29.62404
2493561718.75,-29.61136
2493561875.0,-29.61523
2493562031.25,-29.61798
2493562187.5,-29.61617
2493562343.75,-29.61593
2493562500.0,-29.6161
2493562656.25,-29.61263
2493562812.5,-29.61279
2493562968.75,-29.60742
2493563125.0,-29.60753
2493563281.25,-29.61199
2493563437.5,-29.61438
2493563593.75,-29.60653
2493563750.0,-29.60859
2493563906.25,-29.60974
2493564062.5,-29.61068
2493564218.75,-29.6071
2493564375.0,-29.61276
2493564531.25,-29.60412
2493564687.5,-29.60529
2493564843.75,-29.60668
2493565000.0,-29.60857
2493565156.25,-29.60423
2493565312.5,-29.60102
2493565468.75,-29.59903
2493565625.0,-29.59968
2493565781.25,-29.60164
2493565937.5,-29.6018
2493566093.75,-29.59831
2493566250.0,-29.59932
2493566406.25,-29.60394
2493566562.5,-29.59883
2493566718.75,-29.60048
2493566875.0,-29.5941
2493567031.25,-29.59978
2493567187.5,-29.59542
2493567343.75,-29.59518
2493567500.0,-29.59699
2493567656.25,-29.58911
2493567812.5,-29.59847
2493567968.75,-29.59718
2493568125.0,-29.59186
2493568281.25,-29.5958
2493568437.5,-29.58986
2493568593.75,-29.59225
2493568750.0,-29.58775
2493568906.25,-29.58357
2493569062.5,-29.59216
2493569218.75,-29.5914
2493569375.0,-29.58732
2493569531.25,-29.58581
2493569687.5,-29.59212
2493569843.75,-29.59411
2493570000.0,-29.58642
2493570156.25,-29.58354
2493570312.5,-29.58307
2493570468.75,-29.58736
2493570625.0,-29.58801
2493570781.25,-29.58775
2493570937.5,-29.58117
2493571093.75,-29.5815
2493571250.0,-29.58484
2493571406.25,-29.57873
2493571562.5,-29.57506
2493571718.75,-29.57597
2493571875.0,-29.57751
2493572031.25,-29.57902
2493572187.5,-29.57194
2493572343.75,-29.57642
2493572500.0,-29.57447
2493572656.25,-29.57585
2493572812.5,-29.57603
2493572968.75,-29.57568
2493573125.0,-29.57313
2493573281.25,-29.57311
2493573437.5,-29.57578
2493573593.75,-29.57362
2493573750.0,-29.57565
2493573906.25,-29.57053
2493574062.5,-29.57061
2493574218.75,-29.57125
2493574375.0,-29.56844
2493574531.25,-29.57022
2493574687.5,-29.57745
2493574843.75,-29.56898
2493575000.0,-29.56627
2493575156.25,-29.56476
2493575312.5,-29.57156
2493575468.75,-29.57134
2493575625.0,-29.56193
2493575781.25,-29.56514
2493575937.5,-29.56375
2493576093.75,-29.56256
2493576250.0,-29.56944
2493576406.25,-29.5623
2493576562.5,-29.56213
2493576718.75,-29.56065
2493576875.0,-29.55744
2493577031.25,-29.56065
2493577187.5,-29.55906
2493577343.75,-29.55863
2493577500.0,-29.56139
2493577656.25,-29.55876
2493577812.5,-29.5533
2493577968.75,-29.55569
2493578125.0,-29.55455
2493578281.25,-29.55397
2493578437.5,-29.55424
2493578593.75,-29.55643
2493578750.0,-29.55451
2493578906.25,-29.55424
2493579062.5,-29.55424
2493579218.75,-29.55379
2493579375.0,-29.55777
2493579531.25,-29.55124
2493579687.5,-29.55519
2493579843.75,-29.5463
2493580000.0,-29.55033
2493580156.25,-29.55105
2493580312.5,-29.55138
2493580468.75,-29.5502
2493580625.0,-29.54787
2493580781.25,-29.54642
2493580937.5,-29.55008
2493581093.75,-29.54382
2493581250.0,-29.54594
2493581406.25,-29.55175
2493581562.5,-29.54824
2493581718.75,-29.54428
2493581875.0,-29.5447
2493582031.25,-29.54712
2493582187.5,-29.54062
2493582343.75,-29.54222
2493582500.0,-29.53754
2493582656.25,-29.54038
2493582812.5,-29.54131
2493582968.75,-29.54349
2493583125.0,-29.53928
2493583281.25,-29.53792
2493583437.5,-29.53418
2493583593.75,-29.53353
2493583750.0,-29.53502
2493583906.25,-29.53667
2493584062.5,-29.53497
2493584218.75,-29.53445
2493584375.0,-29.53167
2493584531.25,-29.52936
2493584687.5,-29.53501
2493584843.75,-29.53235
2493585000.0,-29.53451
2493585156.25,-29.5293
2493585312.5,-29.53176
2493585468.75,-29.53366
2493585625.0,-29.53204
2493585781.25,-29.53031
2493585937.5,-29.52288
2493586093.75,-29.5356
2493586250.0,-29.52901
2493586406.25,-29.52801
2493586562.5,-29.52893
2493586718.75,-29.5257
2493586875.0,-29.52188
2493587031.25,-29.52404
2493587187.5,-29.5229
2493587343.75,-29.52131
2493587500.0,-29.52082
2493587656.25,-29.52047
2493587812.5,-29.52712
2493587968.75,-29.51883
2493588125.0,-29.52075
2493588281.25,-29.52061
2493588437.5,-29.52184
2493588593.75,-29.51423
2493588750.0,-29.51788
2493588906.25,-29.52303
2493589062.5,-29.52102
2493589218.75,-29.51701
2493589375.0,-29.51306
2493589531.25,-29.51452
2493589687.5,-29.51678
2493589843.75,-29.51523
2493590000.0,-29.51399
2493590156.25,-29.5127
2493590312.5,-29.51071
2493590468.75,-29.51126
2493590625.0,-29.51066
2493590781.25,-29.50571
2493590937.5,-29.51546
2493591093.75,-29.50815
2493591250.0,-29.51176
2493591406.25,-29.51074
2493591562.5,-29.50875
2493591718.75,-29.50635
2493591875.0,-29.50763
2493592031.25,-29.50445
2493592187.5,-29.50328
2493592343.75,-29.50489
2493592500.0,-29.50167
2493592656.25,-29.50937
2493592812.5,-29.50476
2493592968.75,-29.50555
2493593125.0,-29.50368
2493593281.25,-29.50646
2493593437.5,-29.50402
2493593593.75,-29.49973
2493593750.0,-29.49376
2493593906.25,-29.49527
2493594062.5,-29.49759
2493594218.75,-29.49471
2493594375.0,-29.49618
2493594531.25,-29.49655
2493594687.5,-29.49971
2493594843.75,-29.49539
2493595000.0,-29.49816
2493595156.25,-29.49386
2493595312.5,-29.49814
2493595468.75,-29.49301
2493595625.0,-29.49624
2493595781.25,-29.49249
2493595937.5,-29.49035
2493596093.75,-29.48958
2493596250.0,-29.48645
2493596406.25,-29.49045
2493596562.5,-29.49076
2493596718.75,-29.49292
2493596875.0,-29.49337
2493597031.25,-29.48406
2493597187.5,-29.48736
2493597343.75,-29.48591
2493597500.0,-29.48911
2493597656.25,-29.49044
2493597812.5,-29.48716
2493597968.75,-29.49203
2493598125.0,-29.48437
2493598281.25,-29.48198
2493598437.5,-29.48541
2493598593.75,-29.48617
2493598750.0,-29.48947
2493598906.25,-29.47782
2493599062.5,-29.48187
2493599218.75,-29.47721
2493599375.0,-29.48372
2493599531.25,-29.48154
2493599687.5,-29.48052
2493599843.75,-29.48264
2493600000.0,-29.47676
2493600156.25,-29.4763
2493600312.5,-29.47841
2493600468.75,-29.47719
2493600625.0,-29.47416
2493600781.25,-29.47765
2493600937.5,-29.4749
2493601093.75,-29.47592
2493601250.0,-29.47235
2493601406.25,-29.47337
2493601562.5,-29.47263
2493601718.75,-29.46879
2493601875.0,-29.46921
2493602031.25,-29.46772
2493602187.5,-29.47219
2493602343.75,-29.46887
2493602500.0,-29.47042
2493602656.25,-29.46777
2493602812.5,-29.47126
2493602968.75,-29.46943
2493603125.0,-29.47293
2493603281.25,-29.46792
2493603437.5,-29.47086
2493603593.75,-29.46227
2493603750.0,-29.4662
2493603906.25,-29.46219
2493604062.5,-29.46433
2493604218.75,-29.46318
2493604375.0,-29.45952
2493604531.25,-29.46394
2493604687.5,-29.46
2493604843.75,-29.46041
2493605000.0,-29.45989
2493605156.25,-29.45591
2493605312.5,-29.46254
2493605468.75,-29.46126
2493605625.0,-29.45814
2493605781.25,-29.45535
2493605937.5,-29.46104
2493606093.75,-29.45451
2493606250.0,-29.45724
2493606406.25,-29.45407
2493606562.5,-29.45118
2493606718.75,-29.4523
2493606875.0,-29.45295
2493607031.25,-29.45329
2493607187.5,-29.44885
2493607343.75,-29.44796
2493607500.0,-29.44802
2493607656.25,-29.45093
2493607812.5,-29.45263
2493607968.75,-29.45251
2493608125.0,-29.44622
2493608281.25,-29.44966
2493608437.5,-29.44839
2493608593.75,-29.44016
2493608750.0,-29.44365
2493608906.25,-29.45031
2493609062.5,-29.44147
2493609218.75,-29.44935
2493609375.0,-29.44232
2493609531.25,-29.44143
2493609687.5,-29.44645
2493609843.75,-29.444
2493610000.0,-29.44093
2493610156.25,-29.44019
2493610312.5,-29.44156
2493610468.75,-29.44155
2493610625.0,-29.43889
2493610781.25,-29.43546
2493610937.5,-29.44343
2493611093.75,-29.43897
2493611250.0,-29.43588
2493611406.25,-29.43477
2493611562.5,-29.43468
2493611718.75,-29.44182
2493611875.0,-29.43035
2493612031.25,-29.44071
2493612187.5,-29.4311
2493612343.75,-29.42892
2493612500.0,-29.42985
2493612656.25,-29.42912
2493612812.5,-29.43258
2493612968.75,-29.42951
2493613125.0,-29.42999
2493613281.25,-29.42697
2493613437.5,-29.42428
2493613593.75,-29.42846
2493613750.0,-29.42723
2493613906.25,-29.42501
2493614062.5,-29.42792
2493614218.75,-29.42119
2493614375.0,-29.42527
2493614531.25,-29.42282
2493614687.5,-29.42295
2493614843.75,-29.42322
2493615000.0,-29.42616
2493615156.25,-29.42397
2493615312.5,-29.42095
2493615468.75,-29.42107
2493615625.0,-29.42067
2493615781.25,-29.42486
2493615937.5,-29.42521
2493616093.75,-29.41799
2493616250.0,-29.42061
2493616406.25,-29.41844
2493616562.5,-29.41383
2493616718.75,-29.42105
2493616875.0,-29.41327
2493617031.25,-29.42269
2493617187.5,-29.41294
2493617343.75,-29.4179
2493617500.0,-29.41234
2493617656.25,-29.41473
2493617812.5,-29.41224
2493617968.75,-29.4099
2493618125.0,-29.41674
2493618281.25,-29.40765
2493618437.5,-29.41314
2493618593.75,-29.40979
2493618750.0,-29.40801
2493618906.25,-29.40573
2493619062.5,-29.40662
2493619218.75,-29.40395
2493619375.0,-29.40217
2493619531.25,-29.40635
2493619687.5,-29.40651
2493619843.75,-29.40268
2493620000.0,-29.40518
2493620156.25,-29.40455
2493620312.5,-29.40302
2493620468.75,-29.40777
2493620625.0,-29.40351
2493620781.25,-29.401
2493620937.5,-29.39711
2493621093.75,-29.40063
2493621250.0,-29.40148
2493621406.25,-29.39943
2493621562.5,-29.39685
2493621718.75,-29.40123
2493621875.0,-29.39897
2493622031.25,-29.3977
2493622187.5,-29.39309
2493622343.75,-29.39819
2493622500.0,-29.39722
2493622656.25,-29.39649
2493622812.5,-29.39599
2493622968.75,-29.39446
2493623125.0,-29.39808
2493623281.25,-29.38977
2493623437.5,-29.39512
2493623593.75,-29.39476
2493623750.0,-29.39577
2493623906.25,-29.38967
2493624062.5,-29.39118
2493624218.75,-29.38659
2493624375.0,-29.38449
2493624531.25,-29.38986
2493624687.5,-29.38075
2493624843.75,-29.39168
2493625000.0,-29.38405
2493625156.25,-29.38539
2493625312.5,-29.39014
2493625468.75,-29.38992
2493625625.0,-29.38551
2493625781.25,-29.38506
2493625937.5,-29.38557
2493626093.75,-29.38628
2493626250.0,-29.3821
2493626406.25,-29.38047
2493626562.5,-29.38417
2493626718.75,-29.37997
2493626875.0,-29.37786
2493627031.25,-29.38068
2493627187.5,-29.38136
2493627343.75,-29.37841
2493627500.0,-29.37395
2493627656.25,-29.379
2493627812.5,-29.37177
2493627968.75,-29.37758
2493628125.0,-29.37411
2493628281.25,-29.37181
2493628437.5,-29.37066
2493628593.75,-29.37191
2493628750.0,-29.37112
2493628906.25,-29.37113
2493629062.5,-29.37437
2493629218.75,-29.373
2493629375.0,-29.36707
2493629531.25,-29.3733
2493629687.5,-29.36972
2493629843.75,-29.36455
2493630000.0,-29.36918
2493630156.25,-29.36526
2493630312.5,-29.36789
2493630468.75,-29.36429
2493630625.0,-29.36516
2493630781.25,-29.3664
2493630937.5,-29.36433
2493631093.75,-29.36063
2493631250.0,-29.35724
2493631406.25,-29.36077
2493631562.5,-29.36592
2493631718.75,-29.35885
2493631875.0,-29.36228
2493632031.25,-29.36259
2493632187.5,-29.36187
2493632343.75,-29.358
2493632500.0,-29.35502
2493632656.25,-29.35834
2493632812.5,-29.35647
2493632968.75,-29.35384
2493633125.0,-29.35732
2493633281.25,-29.35218
2493633437.5,-29.35313
2493633593.75,-29.34756
2493633750.0,-29.35751
2493633906.25,-29.3557
2493634062.5,-29.3512
2493634218.75,-29.35119
2493634375.0,-29.35501
2493634531.25,-29.35157
2493634687.5,-29.35023
2493634843.75,-29.35423
2493635000.0,-29.34781
2493635156.25,-29.34488
2493635312.5,-29.34741
2493635468.75,-29.35279
2493635625.0,-29.35114
2493635781.25,-29.34884
2493635937.5,-29.34506
2493636093.75,-29.34552
2493636250.0,-29.34291
2493636406.25,-29.34214
2493636562.5,-29.34557
2493636718.75,-29.34129
2493636875.0,-29.34333
2493637031.25,-29.34342
2493637187.5,-29.3427
2493637343.75,-29.33906
2493637500.0,-29.34205
2493637656.25,-29.3422
2493637812.5,-29.33803
2493637968.75,-29.33761
2493638125.0,-29.33853
2493638281.25,-29.3353
2493638437.5,-29.3353
2493638593.75,-29.33493
2493638750.0,-29.34081
2493638906.25,-29.33291
2493639062.5,-29.33266
2493639218.75,-29.33739
2493639375.0,-29.33415
2493639531.25,-29.3282
2493639687.5,-29.3372
2493639843.75,-29.33231
2493640000.0,-29.33126
2493640156.25,-29.33476
2493640312.5,-29.33192
2493640468.75,-29.33012
2493640625.0,-29.32815
2493640781.25,-29.3272
2493640937.5,-29.33385
2493641093.75,-29.32378
2493641250.0,-29.32494
2493641406.25,-29.32152
2493641562.5,-29.32374
2493641718.75,-29.32281
2493641875.0,-29.32192
2493642031.25,-29.32721
2493642187.5,-29.32663
2493642343.75,-29.32143
2493642500.0,-29.32102
2493642656.25,-29.31795
2493642812.5,-29.3156
2493642968.75,-29.31715
2493643125.0,-29.3186
2493643281.25,-29.31712
2493643437.5,-29.31736
2493643593.75,-29.31531
2493643750.0,-29.31487
2493643906.25,-29.31711
2493644062.5,-29.31593
2493644218.75,-29.31853
2493644375.0,-29.31449
2493644531.25,-29.31051
2493644687.5,-29.31495
2493644843.75,-29.31208
2493645000.0,-29.31097
2493645156.25,-29.31236
2493645312.5,-29.31242
2493645468.75,-29.3072
2493645625.0,-29.3067
2493645781.25,-29.30994
2493645937.5,-29.30336
2493646093.75,-29.3079
2493646250.0,-29.30392
2493646406.25,-29.30737
2493646562.5,-29.30872
2493646718.75,-29.30584
2493646875.0,-29.30704
2493647031.25,-29.30944
2493647187.5,-29.30591
2493647343.75,-29.30667
2493647500.0,-29.30814
2493647656.25,-29.30032
2493647812.5,-29.29773
2493647968.75,-29.30227
2493648125.0,-29.29702
2493648281.25,-29.30171
2493648437.5,-29.29724
2493648593.75,-29.29926
2493648750.0,-29.30029
2493648906.25,-29.29778
2493649062.5,-29.29856
2493649218.75,-29.30016
2493649375.0,-29.28706
2493649531.25,-29.29273
2493649687.5,-29.29697
2493649843.75,-29.29517
2493650000.0,-29.29456
2493650156.25,-29.28879
2493650312.5,-29.29179
2493650468.75,-29.28818
2493650625.0,-29.285
2493650781.25,-29.29612
2493650937.5,-29.2942
2493651093.75,-29.28345
2493651250.0,-29.28876
2493651406.25,-29.28881
2493651562.5,-29.28834
2493651718.75,-29.28414
2493651875.0,-29.29083
2493652031.25,-29.28282
2493652187.5,-29.28415
2493652343.75,-29.28263
2493652500.0,-29.2851
2493652656.25,-29.28261
2493652812.5,-29.27935
2493652968.75,-29.28304
2493653125.0,-29.28267
2493653281.25,-29.28033
2493653437.5,-29.2814
2493653593.75,-29.28297
2493653750.0,-29.28339
2493653906.25,-29.28053
2493654062.5,-29.28241
2493654218.75,-29.27713
2493654375.0,-29.28036
2493654531.25,-29.27936
2493654687.5,-29.27797
2493654843.75,-29.27466
2493655000.0,-29.27218
2493655156.25,-29.27211
2493655312.5,-29.27545
2493655468.75,-29.2698
2493655625.0,-29.27505
2493655781.25,-29.26603
2493655937.5,-29.27422
2493656093.75,-29.26528
2493656250.0,-29.26597
2493656406.25,-29.27072
2493656562.5,-29.27214
2493656718.75,-29.27389
2493656875.0,-29.27234
2493657031.25,-29.26761
2493657187.5,-29.26377
2493657343.75,-29.26889
2493657500.0,-29.26475
2493657656.25,-29.26597
2493657812.5,-29.26756
2493657968.75,-29.26682
2493658125.0,-29.26814
2493658281.25,-29.26468
2493658437.5,-29.26665
2493658593.75,-29.26455
2493658750.0,-29.2638
2493658906.25,-29.26377
2493659062.5,-29.2609
2493659218.75,-29.2602
2493659375.0,-29.26015
2493659531.25,-29.25984
2493659687.5,-29.25986
2493659843.75,-29.2527
2493660000.0,-29.25518
2493660156.25,-29.26026
2493660312.5,-29.25318
2493660468.75,-29.25988
2493660625.0,-29.25467
2493660781.25,-29.25599
2493660937.5,-29.26025
2493661093.75,-29.24837
2493661250.0,-29.25216
2493661406.25,-29.25022
2493661562.5,-29.24762
2493661718.75,-29.24979
2493661875.0,-29.25032
2493662031.25,-29.24696
2493662187.5,-29.25222
2493662343.75,-29.24962
2493662500.0,-29.24708
2493662656.25,-29.24909
2493662812.5,-29.24429
2493662968.75,-29.24719
2493663125.0,-29.24221
2493663281.25,-29.24716
2493663437.5,-29.24078
2493663593.75,-29.24284
2493663750.0,-29.24476
2493663906.25,-29.24363
2493664062.5,-29.2379
2493664218.75,-29.23463
2493664375.0,-29.24438
2493664531.25,-29.2392
2493664687.5,-29.24073
2493664843.75,-29.23728
2493665000.0,-29.23857
2493665156.25,-29.23759
2493665312.5,-29.23666
2493665468.75,-29.2372
2493665625.0,-29.23694
2493665781.25,-29.23387
2493665937.5,-29.23298
2493666093.75,-29.23422
2493666250.0,-29.23373
2493666406.25,-29.23265
2493666562.5,-29.23104
2493666718.75,-29.23505
2493666875.0,-29.2345
2493667031.25,-29.22636
2493667187.5,-29.223
2493667343.75,-29.22934
2493667500.0,-29.22754
2493667656.25,-29.23
2493667812.5,-29.22057
2493667968.75,-29.2309
2493668125.0,-29.22862
2493668281.25,-29.22591
2493668437.5,-29.22301
2493668593.75,-29.22263
2493668750.0,-29.21806
2493668906.25,-29.22322
2493669062.5,-29.21959
2493669218.75,-29.22156
2493669375.0,-29.22377
2493669531.25,-29.22169
2493669687.5,-29.22058
2493669843.75,-29.21785
2493670000.0,-29.22139
2493670156.25,-29.2219
2493670312.5,-29.2168
2493670468.75,-29.2168
2493670625.0,-29.21616
2493670781.25,-29.21901
2493670937.5,-29.21669
2493671093.75,-29.21542
2493671250.0,-29.21279
2493671406.25,-29.21101
2493671562.5,-29.21364
2493671718.75,-29.21215
2493671875.0,-29.21216
2493672031.25,-29.20831
2493672187.5,-29.21019
2493672343.75,-29.20955
2493672500.0,-29.20928
2493672656.25,-29.20848
2493672812.5,-29.20701
2493672968.75,-29.20646
2493673125.0,-29.2082
2493673281.25,-29.20744
2493673437.5,-29.21041
2493673593.75,-29.20977
2493673750.0,-29.20449
2493673906.25,-29.20204
2493674062.5,-29.20111
2493674218.75,-29.20252
2493674375.0,-29.20119
2493674531.25,-29.20752
2493674687.5,-29.2009
2493674843.75,-29.19916
2493675000.0,-29.20369
2493675156.25,-29.20092
2493675312.5,-29.19784
2493675468.75,-29.19855
2493675625.0,-29.19669
2493675781.25,-29.20031
2493675937.5,-29.19837
2493676093.75,-29.1929
2493676250.0,-29.1949
2493676406.25,-29.19341
2493676562.5,-29.19302
2493676718.75,-29.19451
2493676875.0,-29.19015
2493677031.25,-29.1953
2493677187.5,-29.19296
2493677343.75,-29.18846
2493677500.0,-29.19496
2493677656.25,-29.19125
2493677812.5,-29.18673
2493677968.75,-29.18763
2493678125.0,-29.19308
2493678281.25,-29.18698
2493678437.5,-29.18889
2493678593.75,-29.18836
2493678750.0,-29.18853
2493678906.25,-29.18628
2493679062.5,-29.18873
2493679218.75,-29.18354
2493679375.0,-29.18064
2493679531.25,-29.18124
2493679687.5,-29.18523
2493679843.75,-29.18391
2493680000.0,-29.18176
2493680156.25,-29.18421
2493680312.5,-29.18212
2493680468.75,-29.17918
2493680625.0,-29.18317
2493680781.25,-29.17898
2493680937.5,-29.17411
2493681093.75,-29.17623
2493681250.0,-29.1734
2493681406.25,-29.17083
2493681562.5,-29.17442
2493681718.75,-29.17937
2493681875.0,-29.17592
2493682031.25,-29.17492
2493682187.5,-29.17076
2493682343.75,-29.17404
2493682500.0,-29.17055
2493682656.25,-29.17087
2493682812.5,-29.16975
2493682968.75,-29.17026
2493683125.0,-29.16336
2493683281.25,-29.17061
2493683437.5,-29.16943
2493683593.75,-29.16697
2493683750.0,-29.1652
2493683906.25,-29.16879
2493684062.5,-29.16428
2493684218.75,-29.16827
2493684375.0,-29.16265
2493684531.25,-29.16502
2493684687.5,-29.17003
2493684843.75,-29.16975
2493685000.0,-29.16061
2493685156.25,-29.16043
2493685312.5,-29.15815
2493685468.75,-29.15861
2493685625.0,-29.16253
2493685781.25,-29.1595
2493685937.5,-29.15846
2493686093.75,-29.16141
2493686250.0,-29.15582
2493686406.25,-29.15806
2493686562.5,-29.15771
2493686718.75,-29.16128
2493686875.0,-29.15812
2493687031.25,-29.15503
2493687187.5,-29.15699
2493687343.75,-29.15285
2493687500.0,-29.15858
2493687656.25,-29.15192
2493687812.5,-29.15104
2493687968.75,-29.14919
2493688125.0,-29.15482
2493688281.25,-29.14653
2493688437.5,-29.14761
2493688593.75,-29.15053
2493688750.0,-29.14784
2493688906.25,-29.14761
2493689062.5,-29.14745
2493689218.75,-29.14848
2493689375.0,-29.14864
2493689531.25,-29.15119
2493689687.5,-29.14616
2493689843.75,-29.14697
2493690000.0,-29.14528
2493690156.25,-29.1437
2493690312.5,-29.14472
2493690468.75,-29.14453
2493690625.0,-29.14187
2493690781.25,-29.13496
2493690937.5,-29.13877
2493691093.75,-29.13819
2493691250.0,-29.14134
2493691406.25,-29.13757
2493691562.5,-29.13748
2493691718.75,-29.14513
2493691875.0,-29.13579
2493692031.25,-29.14121
2493692187.5,-29.13765
2493692343.75,-29.13108
2493692500.0,-29.13282
2493692656.25,-29.13636
2493692812.5,-29.13461
2493692968.75,-29.12748
2493693125.0,-29.13041
2493693281.25,-29.13333
2493693437.5,-29.12804
2493693593.75,-29.13363
2493693750.0,-29.12748
2493693906.25,-29.13261
2493694062.5,-29.12927
2493694218.75,-29.12816
2493694375.0,-29.13117
2493694531.25,-29.1257
2493694687.5,-29.12771
2493694843.75,-29.12371
2493695000.0,-29.12335
2493695156.25,-29.12604
2493695312.5,-29.12376
2493695468.75,-29.12515
2493695625.0,-29.12579
2493695781.25,-29.12258
2493695937.5,-29.12165
2493696093.75,-29.11944
2493696250.0,-29.12069
2493696406.25,-29.12304
2493696562.5,-29.12087
2493696718.75,-29.11879
2493696875.0,-29.12267
2493697031.25,-29.11818
2493697187.5,-29.11754
2493697343.75,-29.11495
2493697500.0,-29.11513
2493697656.25,-29.11172
2493697812.5,-29.11514
2493697968.75,-29.10787
2493698125.0,-29.1149
2493698281.25,-29.11351
2493698437.5,-29.11243
2493698593.75,-29.11347
2493698750.0,-29.10945
2493698906.25,-29.11525
2493699062.5,-29.1046
2493699218.75,-29.10971
2493699375.0,-29.1023
2493699531.25,-29.10929
2493699687.5,-29.10842
2493699843.75,-29.10742
2493700000.0,-29.1091
2493700156.25,-29.11154
2493700312.5,-29.10608
2493700468.75,-29.10449
2493700625.0,-29.10207
2493700781.25,-29.10382
2493700937.5,-29.10214
2493701093.75,-29.10406
2493701250.0,-29.10518
2493701406.25,-29.099
2493701562.5,-29.10312
2493701718.75,-29.09504
2493701875.0,-29.09972
2493702031.25,-29.09673
2493702187.5,-29.09612
2493702343.75,-29.09543
2493702500.0,-29.09791
2493702656.25,-29.08691
2493702812.5,-29.09688
2493702968.75,-29.0977
2493703125.0,-29.09342
2493703281.25,-29.0913
2493703437.5,-29.09449
2493703593.75,-29.09352
2493703750.0,-29.09326
2493703906.25,-29.08957
2493704062.5,-29.09269
2493704218.75,-29.08755
2493704375.0,-29.08397
2493704531.25,-29.08909
2493704687.5,-29.08758
2493704843.75,-29.08403
2493705000.0,-29.08915
2493705156.25,-29.08784
2493705312.5,-29.08433
2493705468.75,-29.08644
2493705625.0,-29.08393
2493705781.25,-29.08626
2493705937.5,-29.08529
2493706093.75,-29.08156
2493706250.0,-29.0835
2493706406.25,-29.0773
2493706562.5,-29.07905
2493706718.75,-29.081
2493706875.0,-29.0812
2493707031.25,-29.07793
2493707187.5,-29.07422
2493707343.75,-29.07595
2493707500.0,-29.07707
2493707656.25,-29.07485
2493707812.5,-29.0702
2493707968.75,-29.0792
2493708125.0,-29.07546
2493708281.25,-29.07631
2493708437.5,-29.07272
2493708593.75,-29.07229
2493708750.0,-29.07185
2493708906.25,-29.07172
2493709062.5,-29.07203
2493709218.75,-29.07048
2493709375.0,-29.06882
2493709531.25,-29.07113
2493709687.5,-29.07467
2493709843.75,-29.0687
2493710000.0,-29.07159
2493710156.25,-29.06903
2493710312.5,-29.06725
2493710468.75,-29.06616
2493710625.0,-29.06857
2493710781.25,-29.06394
2493710937.5,-29.06531
2493711093.75,-29.05952
2493711250.0,-29.063
2493711406.25,-29.06242
2493711562.5,-29.06573
2493711718.75,-29.05867
2493711875.0,-29.05657
2493712031.25,-29.065
2493712187.5,-29.05587
2493712343.75,-29.05995
2493712500.0,-29.05906
2493712656.25,-29.05626
2493712812.5,-29.05819
2493712968.75,-29.05716
2493713125.0,-29.06018
2493713281.25,-29.05883
2493713437.5,-29.05598
2493713593.75,-29.0528
2493713750.0,-29.05488
2493713906.25,-29.05325
2493714062.5,-29.05276
2493714218.75,-29.05282
2493714375.0,-29.05185
2493714531.25,-29.04601
2493714687.5,-29.04729
2493714843.75,-29.05396
2493715000.0,-29.04861
2493715156.25,-29.04687
2493715312.5,-29.04826
2493715468.75,-29.0429
2493715625.0,-29.04622
2493715781.25,-29.04961
2493715937.5,-29.04179
2493716093.75,-29.04301
2493716250.0,-29.04114
2493716406.25,-29.04569
2493716562.5,-29.04188
2493716718.75,-29.03976
2493716875.0,-29.03924
2493717031.25,-29.04154
2493717187.5,-29.04285
2493717343.75,-29.04313
2493717500.0,-29.03943
2493717656.25,-29.03781
2493717812.5,-29.04235
2493717968.75,-29.04425
2493718125.0,-29.03559
2493718281.25,-29.03257
2493718437.5,-29.03188
2493718593.75,-29.03819
2493718750.0,-29.03182
2493718906.25,-29.03607
2493719062.5,-29.03252
2493719218.75,-29.03342
2493719375.0,-29.03408
2493719531.25,-29.03144
2493719687.5,-29.03097
2493719843.75,-29.02814
2493720000.0,-29.02917
2493720156.25,-29.03064
2493720312.5,-29.02496
2493720468.75,-29.02517
2493720625.0,-29.02782
2493720781.25,-29.02911
2493720937.5,-29.02276
2493721093.75,-29.02257
2493721250.0,-29.02296
2493721406.25,-29.02353
2493721562.5,-29.0222
2493721718.75,-29.01949
2493721875.0,-29.01784
2493722031.25,-29.02381
2493722187.5,-29.02322
2493722343.75,-29.01664
2493722500.0,-29.01762
2493722656.25,-29.01719
2493722812.5,-29.01564
2493722968.75,-29.02149
2493723125.0,-29.01512
2493723281.25,-29.02026
2493723437.5,-29.01627
2493723593.75,-29.01406
2493723750.0,-29.01561
2493723906.25,-29.0141
2493724062.5,-29.0164
2493724218.75,-29.01144
2493724375.0,-29.00912
2493724531.25,-29.0149
2493724687.5,-29.01182
2493724843.75,-29.00885
2493725000.0,-29.00735
2493725156.25,-29.00872
2493725312.5,-29.00762
2493725468.75,-29.00769
2493725625.0,-29.00734
2493725781.25,-29.00754
2493725937.5,-29.01126
2493726093.75,-29.00195
2493726250.0,-29.00631
2493726406.25,-29.00341
2493726562.5,-29.00426
2493726718.75,-29.00258
2493726875.0,-29.00146
2493727031.25,-29.00229
2493727187.5,-29.00512
2493727343.75,-29.00028
2493727500.0,-29.00171
2493727656.25,-29.00078
2493727812.5,-28.99962
2493727968.75,-28.99668
2493728125.0,-28.99958
2493728281.25,-29.00059
2493728437.5,-28.99736
2493728593.75,-28.99718
2493728750.0,-28.99907
2493728906.25,-28.99623
2493729062.5,-28.99322
2493729218.75,-28.99096
2493729375.0,-28.99704
2493729531.25,-28.99502
2493729687.5,-28.99305
2493729843.75,-28.99135
2493730000.0,-28.99191
2493730156.25,-28.98971
2493730312.5,-28.98699
2493730468.75,-28.98981
2493730625.0,-28.99526
2493730781.25,-28.9902
2493730937.5,-28.98209
2493731093.75,-28.99063
2493731250.0,-28.98501
2493731406.25,-28.98345
2493731562.5,-28.98207
2493731718.75,-28.98909
2493731875.0,-28.98774
2493732031.25,-28.97627
2493732187.5,-28.98246
2493732343.75,-28.98157
2493732500.0,-28.98417
2493732656.25,-28.97785
2493732812.5,-28.97915
2493732968.75,-28.97898
2493733125.0,-28.97853
2493733281.25,-28.97992
2493733437.5,-28.98277
2493733593.75,-28.97862
2493733750.0,-28.97793
2493733906.25,-28.97359
2493734062.5,-28.97565
2493734218.75,-28.97848
2493734375.0,-28.97371
2493734531.25,-28.97567
2493734687.5,-28.97471
2493734843.75,-28.97531
2493735000.0,-28.97161
2493735156.25,-28.96847
2493735312.5,-28.97171
2493735468.75,-28.96856
2493735625.0,-28.9674
2493735781.25,-28.97118
2493735937.5,-28.96501
2493736093.75,-28.96956
2493736250.0,-28.9657
2493736406.25,-28.96325
2493736562.5,-28.96643
2493736718.75,-28.96633
2493736875.0,-28.96676
2493737031.25,-28.96465
2493737187.5,-28.96631
2493737343.75,-28.96011
2493737500.0,-28.96437
2493737656.25,-28.96333
2493737812.5,-28.95891
2493737968.75,-28.95792
2493738125.0,-28.95835
2493738281.25,-28.96145
2493738437.5,-28.95761
2493738593.75,-28.95629
2493738750.0,-28.95774
2493738906.25,-28.95808
2493739062.5,-28.96142
2493739218.75,-28.94852
2493739375.0,-28.95405
2493739531.25,-28.95807
2493739687.5,-28.95187
2493739843.75,-28.95187
2493740000.0,-28.95675
2493740156.25,-28.94934
2493740312.5,-28.94986
2493740468.75,-28.95463
2493740625.0,-28.94536
2493740781.25,-28.95131
2493740937.5,-28.95246
2493741093.75,-28.94589
2493741250.0,-28.94246
2493741406.25,-28.94941
2493741562.5,-28.94361
2493741718.75,-28.94662
2493741875.0,-28.94705
2493742031.25,-28.93921
2493742187.5,-28.94512
2493742343.75,-28.94245
2493742500.0,-28.94086
2493742656.25,-28.94311
2493742812.5,-28.94529
2493742968.75,-28.944
2493743125.0,-28.94351
2493743281.25,-28.93827
2493743437.5,-28.93393
2493743593.75,-28.93866
2493743750.0,-28.9411
2493743906.25,-28.93722
2493744062.5,-28.93652
2493744218.75,-28.93647
2493744375.0,-28.9367
2493744531.25,-28.93813
2493744687.5,-28.9347
2493744843.75,-28.9356
2493745000.0,-28.93298
2493745156.25,-28.93419
2493745312.5,-28.93428
2493745468.75,-28.93548
2493745625.0,-28.92791
2493745781.25,-28.93329
2493745937.5,-28.92738
2493746093.75,-28.92691
2493746250.0,-28.92881
2493746406.25,-28.92804
2493746562.5,-28.92662
2493746718.75,-28.92932
2493746875.0,-28.92765
2493747031.25,-28.9287
2493747187.5,-28.92753
2493747343.75,-28.92904
2493747500.0,-28.92341
2493747656.25,-28.92241
2493747812.5,-28.92062
2493747968.75,-28.91816
2493748125.0,-28.9205
2493748281.25,-28.92217
2493748437.5,-28.9241
2493748593.75,-28.91742
2493748750.0,-28.92093
2493748906.25,-28.92107
2493749062.5,-28.91876
2493749218.75,-28.91788
2493749375.0,-28.91581
2493749531.25,-28.90695
2493749687.5,-28.9165
2493749843.75,-28.91367
2493750000.0,-28.91292
2493750156.25,-28.91146
2493750312.5,-28.91356
2493750468.75,-28.91369
2493750625.0,-28.9079
2493750781.25,-28.90957
2493750937.5,-28.90881
2493751093.75,-28.90677
2493751250.0,-28.91146
2493751406.25,-28.90742
2493751562.5,-28.90742
2493751718.75,-28.90943
2493751875.0,-28.90394
2493752031.25,-28.90722
2493752187.5,-28.90622
2493752343.75,-28.90693
2493752500.0,-28.90796
2493752656.25,-28.90821
2493752812.5,-28.90257
2493752968.75,-28.90561
2493753125.0,-28.90026
2493753281.25,-28.9002
2493753437.5,-28.89998
2493753593.75,-28.90272
2493753750.0,-28.89975
2493753906.25,-28.90025
2493754062.5,-28.90148
2493754218.75,-28.90169
2493754375.0,-28.89783
2493754531.25,-28.89289
2493754687.5,-28.89475
2493754843.75,-28.89549
2493755000.0,-28.89935
2493755156.25,-28.89468
2493755312.5,-28.89263
2493755468.75,-28.88683
2493755625.0,-28.89167
2493755781.25,-28.89122
2493755937.5,-28.89104
2493756093.75,-28.89235
2493756250.0,-28.88718
2493756406.25,-28.88945
2493756562.5,-28.88846
2493756718.75,-28.88583
2493756875.0,-28.88141
2493757031.25,-28.88782
2493757187.5,-28.88975
2493757343.75,-28.88326
2493757500.0,-28.88332
2493757656.25,-28.87927
2493757812.5,-28.88062
2493757968.75,-28.87934
2493758125.0,-28.87831
2493758281.25,-28.88151
2493758437.5,-28.88528
2493758593.75,-28.88247
2493758750.0,-28.87769
2493758906.25,-28.88026
2493759062.5,-28.87909
2493759218.75,-28.87498
2493759375.0,-28.88092
2493759531.25,-28.87412
2493759687.5,-28.87519
2493759843.75,-28.87522
2493760000.0,-28.87313
2493760156.25,-28.87625
2493760312.5,-28.87525
2493760468.75,-28.87481
2493760625.0,-28.86963
2493760781.25,-28.86863
2493760937.5,-28.86985
2493761093.75,-28.86823
2493761250.0,-28.86908
2493761406.25,-28.87222
2493761562.5,-28.87115
2493761718.75,-28.86604
2493761875.0,-28.87144
2493762031.25,-28.86813
2493762187.5,-28.86645
2493762343.75,-28.866
2493762500.0,-28.86534
2493762656.25,-28.86633
2493762812.5,-28.8654
2493762968.75,-28.86194
2493763125.0,-28.86186
2493763281.25,-28.85509
2493763437.5,-28.8582
2493763593.75,-28.86113
2493763750.0,-28.86252
2493763906.25,-28.85864
2493764062.5,-28.85647
2493764218.75,-28.86062
2493764375.0,-28.85997
2493764531.25,-28.85988
2493764687.5,-28.85717
2493764843.75,-28.84949
2493765000.0,-28.857
2493765156.25,-28.85407
2493765312.5,-28.85803
2493765468.75,-28.85586
2493765625.0,-28.8548
2493765781.25,-28.85128
2493765937.5,-28.85514
2493766093.75,-28.84791
2493766250.0,-28.85123
2493766406.25,-28.85409
2493766562.5,-28.85255
2493766718.75,-28.84807
2493766875.0,-28.85026
2493767031.25,-28.8457
2493767187.5,-28.85021
2493767343.75,-28.84555
2493767500.0,-28.84356
2493767656.25,-28.84185
2493767812.5,-28.84615
2493767968.75,-28.8427
2493768125.0,-28.84645
2493768281.25,-28.84407
2493768437.5,-28.84279
2493768593.75,-28.84229
2493768750.0,-28.83733
2493768906.25,-28.8378
2493769062.5,-28.8363
2493769218.75,-28.8364
2493769375.0,-28.83765
2493769531.25,-28.84052
2493769687.5,-28.83683
2493769843.75,-28.83587
2493770000.0,-28.83285
2493770156.25,-28.83496
2493770312.5,-28.83717
2493770468.75,-28.8361
2493770625.0,-28.83394
2493770781.25,-28.83187
2493770937.5,-28.83016
2493771093.75,-28.82757
2493771250.0,-28.83425
2493771406.25,-28.83355
2493771562.5,-28.83517
2493771718.75,-28.82704
2493771875.0,-28.82756
2493772031.25,-28.82712
2493772187.5,-28.82966
2493772343.75,-28.82855
2493772500.0,-28.82357
2493772656.25,-28.82385
2493772812.5,-28.8238
2493772968.75,-28.82621
2493773125.0,-28.82446
2493773281.25,-28.82223
2493773437.5,-28.82503
2493773593.75,-28.82211
2493773750.0,-28.82047
2493773906.25,-28.82068
2493774062.5,-28.81766
2493774218.75,-28.82012
2493774375.0,-28.82194
2493774531.25,-28.82502
2493774687.5,-28.82056
2493774843.75,-28.81344
2493775000.0,-28.81897
2493775156.25,-28.81462
2493775312.5,-28.81564
2493775468.75,-28.81384
2493775625.0,-28.81521
2493775781.25,-28.8137
2493775937.5,-28.81601
2493776093.75,-28.80963
2493776250.0,-28.81448
2493776406.25,-28.81212
2493776562.5,-28.80947
2493776718.75,-28.80604
2493776875.0,-28.80509
2493777031.25,-28.81074
2493777187.5,-28.80721
2493777343.75,-28.80646
2493777500.0,-28.8076
2493777656.25,-28.80516
2493777812.5,-28.80549
2493777968.75,-28.79835
2493778125.0,-28.80397
2493778281.25,-28.80247
2493778437.5,-28.80252
2493778593.75,-28.80398
2493778750.0,-28.79996
2493778906.25,-28.80006
2493779062.5,-28.80255
2493779218.75,-28.8013
2493779375.0,-28.80163
2493779531.25,-28.79757
2493779687.5,-28.79813
2493779843.75,-28.79504
2493780000.0,-28.79812
2493780156.25,-28.79646
2493780312.5,-28.80043
2493780468.75,-28.79141
2493780625.0,-28.79656
2493780781.25,-28.79245
2493780937.5,-28.79285
2493781093.75,-28.79267
2493781250.0,-28.79046
2493781406.25,-28.79121
2493781562.5,-28.78735
2493781718.75,-28.79019
2493781875.0,-28.7864
2493782031.25,-28.7882
2493782187.5,-28.78978
2493782343.75,-28.78684
2493782500.0,-28.78637
2493782656.25,-28.78569
2493782812.5,-28.78905
2493782968.75,-28.78821
2493783125.0,-28.78413
2493783281.25,-28.78322
2493783437.5,-28.782
2493783593.75,-28.78726
2493783750.0,-28.78202
2493783906.25,-28.78366
2493784062.5,-28.77952
2493784218.75,-28.77944
2493784375.0,-28.7784
2493784531.25,-28.77466
2493784687.5,-28.78106
2493784843.75,-28.77896
2493785000.0,-28.77773
2493785156.25,-28.77703
2493785312.5,-28.77719
2493785468.75,-28.77626
2493785625.0,-28.77503
2493785781.25,-28.77452
2493785937.5,-28.77733
2493786093.75,-28.77117
2493786250.0,-28.77057
2493786406.25,-28.77658
2493786562.5,-28.7785
2493786718.75,-28.76599
2493786875.0,-28.77418
2493787031.25,-28.76813
2493787187.5,-28.76519
2493787343.75,-28.76751
2493787500.0,-28.77041
2493787656.25,-28.76651
2493787812.5,-28.76346
2493787968.75,-28.76692
2493788125.0,-28.76572
2493788281.25,-28.76307
2493788437.5,-28.7657
2493788593.75,-28.76339
2493788750.0,-28.76052
2493788906.25,-28.76493
2493789062.5,-28.76145
2493789218.75,-28.76271
2493789375.0,-28.75786
2493789531.25,-28.75706
2493789687.5,-28.76482
2493789843.75,-28.76057
2493790000.0,-28.75826
2493790156.25,-28.75351
2493790312.5,-28.76122
2493790468.75,-28.75581
2493790625.0,-28.75043
2493790781.25,-28.75385
2493790937.5,-28.75221
2493791093.75,-28.74835
2493791250.0,-28.74729
2493791406.25,-28.75126
2493791562.5,-28.75652
2493791718.75,-28.74788
2493791875.0,-28.74382
2493792031.25,-28.75278
2493792187.5,-28.75369
2493792343.75,-28.74958
2493792500.0,-28.74854
2493792656.25,-28.74217
2493792812.5,-28.74765
2493792968.75,-28.74397
2493793125.0,-28.74916
2493793281.25,-28.7445
2493793437.5,-28.73722
2493793593.75,-28.7445
2493793750.0,-28.74357
2493793906.25,-28.7411
2493794062.5,-28.74257
2493794218.75,-28.74103
2493794375.0,-28.73524
2493794531.25,-28.74116
2493794687.5,-28.74036
2493794843.75,-28.73672
2493795000.0,-28.73504
2493795156.25,-28.74031
2493795312.5,-28.73654
2493795468.75,-28.7352
2493795625.0,-28.73195
2493795781.25,-28.73235
2493795937.5,-28.73179
2493796093.75,-28.73119
2493796250.0,-28.73324
2493796406.25,-28.73142
2493796562.5,-28.72889
2493796718.75,-28.73054
2493796875.0,-28.73142
2493797031.25,-28.72432
2493797187.5,-28.72124
2493797343.75,-28.72429
2493797500.0,-28.7262
2493797656.25,-28.72488
2493797812.5,-28.72538
2493797968.75,-28.72535
2493798125.0,-28.72894
2493798281.25,-28.72751
2493798437.5,-28.73263
2493798593.75,-28.71807
2493798750.0,-28.72142
2493798906.25,-28.72128
2493799062.5,-28.71856
2493799218.75,-28.72298
2493799375.0,-28.71932
2493799531.25,-28.71981
2493799687.5,-28.71848
2493799843.75,-28.72104
2493800000.0,-28.71615
2493800156.25,-28.7166
2493800312.5,-28.71451
2493800468.75,-28.71528
2493800625.0,-28.72124
2493800781.25,-28.71644
2493800937.5,-28.70992
2493801093.75,-28.71163
2493801250.0,-28.70966
2493801406.25,-28.71556
2493801562.5,-28.70981
2493801718.75,-28.70898
2493801875.0,-28.71455
2493802031.25,-28.71088
2493802187.5,-28.7096
2493802343.75,-28.70813
2493802500.0,-28.70514
2493802656.25,-28.70317
2493802812.5,-28.70802
2493802968.75,-28.70559
2493803125.0,-28.70349
2493803281.25,-28.70376
2493803437.5,-28.70528
2493803593.75,-28.70258
2493803750.0,-28.69841
2493803906.25,-28.70495
2493804062.5,-28.70388
2493804218.75,-28.69729
2493804375.0,-28.69523
2493804531.25,-28.6994
2493804687.5,-28.69916
2493804843.75,-28.7002
2493805000.0,-28.70049
2493805156.25,-28.69807
2493805312.5,-28.69236
2493805468.75,-28.69374
2493805625.0,-28.69676
2493805781.25,-28.69374
2493805937.5,-28.69493
2493806093.75,-28.69516
2493806250.0,-28.69418
2493806406.25,-28.69534
2493806562.5,-28.68946
2493806718.75,-28.69579
2493806875.0,-28.69361
2493807031.25,-28.68677
2493807187.5,-28.68993
2493807343.75,-28.68683
2493807500.0,-28.6846
2493807656.25,-28.68268
2493807812.5,-28.68811
2493807968.75,-28.68426
2493808125.0,-28.68731
2493808281.25,-28.68879
2493808437.5,-28.68258
2493808593.75,-28.68112
2493808750.0,-28.68242
2493808906.25,-28.68217
2493809062.5,-28.68361
2493809218.75,-28.68035
2493809375.0,-28.68069
2493809531.25,-28.68168
2493809687.5,-28.6794
2493809843.75,-28.67592
2493810000.0,-28.67756
2493810156.25,-28.67739
2493810312.5,-28.6772
2493810468.75,-28.67671
2493810625.0,-28.67703
2493810781.25,-28.67617
2493810937.5,-28.67063
2493811093.75,-28.67579
2493811250.0,-28.67509
2493811406.25,-28.66853
2493811562.5,-28.67625
2493811718.75,-28.67071
2493811875.0,-28.66956
2493812031.25,-28.67143
2493812187.5,-28.66593
2493812343.75,-28.67052
2493812500.0,-28.67152
2493812656.25,-28.66608
2493812812.5,-28.66958
2493812968.75,-28.66566
2493813125.0,-28.66494
2493813281.25,-28.66459
2493813437.5,-28.66673
2493813593.75,-28.66797
2493813750.0,-28.66473
2493813906.25,-28.65635
2493814062.5,-28.66014
2493814218.75,-28.66486
2493814375.0,-28.66039
2493814531.25,-28.65796
2493814687.5,-28.65777
2493814843.75,-28.6585
2493815000.0,-28.65425
2493815156.25,-28.65629
2493815312.5,-28.65689
2493815468.75,-28.65251
2493815625.0,-28.65126
2493815781.25,-28.6552
2493815937.5,-28.65394
2493816093.75,-28.65156
2493816250.0,-28.6521
2493816406.25,-28.65072
2493816562.5,-28.65324
2493816718.75,-28.65473
2493816875.0,-28.64688
2493817031.25,-28.65074
2493817187.5,-28.64917
2493817343.75,-28.64757
2493817500.0,-28.64675
2493817656.25,-28.64281
2493817812.5,-28.64542
2493817968.75,-28.64658
2493818125.0,-28.64529
2493818281.25,-28.64479
2493818437.5,-28.64752
2493818593.75,-28.64337
2493818750.0,-28.63971
2493818906.25,-28.64021
2493819062.5,-28.63518
2493819218.75,-28.63898
2493819375.0,-28.6396
2493819531.25,-28.63943
2493819687.5,-28.6384
2493819843.75,-28.63697
2493820000.0,-28.63611
2493820156.25,-28.63644
2493820312.5,-28.63684
2493820468.75,-28.63741
2493820625.0,-28.63503
2493820781.25,-28.63248
2493820937.5,-28.6345
2493821093.75,-28.63267
2493821250.0,-28.63258
2493821406.25,-28.63028
2493821562.5,-28.63437
2493821718.75,-28.63155
2493821875.0,-28.62849
2493822031.25,-28.62551
2493822187.5,-28.62827
2493822343.75,-28.62824
2493822500.0,-28.62665
2493822656.25,-28.62686
2493822812.5,-28.62476
2493822968.75,-28.62749
2493823125.0,-28.62432
2493823281.25,-28.62409
2493823437.5,-28.62546
2493823593.75,-28.62518
2493823750.0,-28.62674
2493823906.25,-28.62797
2493824062.5,-28.62081
2493824218.75,-28.61818
2493824375.0,-28.62285
2493824531.25,-28.62001
2493824687.5,-28.61652
2493824843.75,-28.6234
2493825000.0,-28.61712
2493825156.25,-28.61409
2493825312.5,-28.61662
2493825468.75,-28.6156
2493825625.0,-28.61702
2493825781.25,-28.61594
2493825937.5,-28.61468
2493826093.75,-28.61073
2493826250.0,-28.61293
2493826406.25,-28.61192
2493826562.5,-28.61407
2493826718.75,-28.60953
2493826875.0,-28.61283
2493827031.25,-28.61275
2493827187.5,-28.61098
2493827343.75,-28.61109
2493827500.0,-28.61056
2493827656.25,-28.60626
2493827812.5,-28.6088
2493827968.75,-28.60931
2493828125.0,-28.60158
2493828281.25,-28.60072
2493828437.5,-28.60725
2493828593.75,-28.60317
2493828750.0,-28.60715
2493828906.25,-28.60194
2493829062.5,-28.60048
2493829218.75,-28.60076
2493829375.0,-28.59817
2493829531.25,-28.6038
2493829687.5,-28.60237
2493829843.75,-28.59716
2493830000.0,-28.59883
2493830156.25,-28.59838
2493830312.5,-28.59439
2493830468.75,-28.59556
2493830625.0,-28.59729
2493830781.25,-28.59541
2493830937.5,-28.59244
2493831093.75,-28.59261
2493831250.0,-28.58978
2493831406.25,-28.59072
2493831562.5,-28.59564
2493831718.75,-28.58764
2493831875.0,-28.58696
2493832031.25,-28.59278
2493832187.5,-28.58832
2493832343.75,-28.58947
2493832500.0,-28.58408
2493832656.25,-28.58615
2493832812.5,-28.58465
2493832968.75,-28.58626
2493833125.0,-28.58672
2493833281.25,-28.5849
2493833437.5,-28.58587
2493833593.75,-28.57835
2493833750.0,-28.58208
2493833906.25,-28.58047
2493834062.5,-28.57952
2493834218.75,-28.57426
2493834375.0,-28.58026
2493834531.25,-28.57974
2493834687.5,-28.57828
2493834843.75,-28.5741
2493835000.0,-28.57836
2493835156.25,-28.57778
2493835312.5,-28.57302
2493835468.75,-28.57322
2493835625.0,-28.57238
2493835781.25,-28.57846
2493835937.5,-28.57486
2493836093.75,-28.57402
2493836250.0,-28.57071
2493836406.25,-28.57497
2493836562.5,-28.57283
2493836718.75,-28.5687
2493836875.0,-28.56818
2493837031.25,-28.56761
2493837187.5,-28.56616
2493837343.75,-28.56516
2493837500.0,-28.56362
2493837656.25,-28.56345
2493837812.5,-28.57043
2493837968.75,-28.56432
2493838125.0,-28.5642
2493838281.25,-28.56402
2493838437.5,-28.561
2493838593.75,-28.56421
2493838750.0,-28.56321
2493838906.25,-28.56225
2493839062.5,-28.56359
2493839218.75,-28.55858
2493839375.0,-28.55817
2493839531.25,-28.56248
2493839687.5,-28.55431
2493839843.75,-28.55839
2493840000.0,-28.55226
2493840156.25,-28.55626
2493840312.5,-28.55698
2493840468.75,-28.54998
2493840625.0,-28.55847
2493840781.25,-28.55296
2493840937.5,-28.55588
2493841093.75,-28.55038
2493841250.0,-28.55225
2493841406.25,-28.55054
2493841562.5,-28.55432
2493841718.75,-28.54928
2493841875.0,-28.54662
2493842031.25,-28.54668
2493842187.5,-28.549
2493842343.75,-28.54619
2493842500.0,-28.54506
2493842656.25,-28.54723
2493842812.5,-28.54629
2493842968.75,-28.54071
2493843125.0,-28.54558
2493843281.25,-28.54234
2493843437.5,-28.54407
2493843593.75,-28.54307
2493843750.0,-28.54207
2493843906.25,-28.54024
2493844062.5,-28.53707
2493844218.75,-28.53947
2493844375.0,-28.53912
2493844531.25,-28.53665
2493844687.5,-28.53787
2493844843.75,-28.53824
2493845000.0,-28.53764
2493845156.25,-28.54314
2493845312.5,-28.54094
2493845468.75,-28.53276
2493845625.0,-28.53498
2493845781.25,-28.53568
2493845937.5,-28.5371
2493846093.75,-28.53291
2493846250.0,-28.53088
2493846406.25,-28.5302
2493846562.5,-28.52788
2493846718.75,-28.52954
2493846875.0,-28.52834
2493847031.25,-28.52826
2493847187.5,-28.52674
2493847343.75,-28.52079
2493847500.0,-28.52729
2493847656.25,-28.5243
2493847812.5,-28.52719
2493847968.75,-28.5236
2493848125.0,-28.52271
2493848281.25,-28.52557
2493848437.5,-28.51858
2493848593.75,-28.52073
2493848750.0,-28.52421
2493848906.25,-28.52244
2493849062.5,-28.51728
2493849218.75,-28.51893
2493849375.0,-28.5189
2493849531.25,-28.52004
2493849687.5,-28.51572
2493849843.75,-28.51939
2493850000.0,-28.51941
2493850156.25,-28.51774
2493850312.5,-28.52101
2493850468.75,-28.51575
2493850625.0,-28.51512
2493850781.25,-28.51487
2493850937.5,-28.51579
2493851093.75,-28.50921
2493851250.0,-28.51326
2493851406.25,-28.50931
2493851562.5,-28.51555
2493851718.75,-28.51152
2493851875.0,-28.51431
2493852031.25,-28.50846
2493852187.5,-28.50518
2493852343.75,-28.51128
2493852500.0,-28.50855
2493852656.25,-28.50433
2493852812.5,-28.50186
2493852968.75,-28.50468
2493853125.0,-28.5028
2493853281.25,-28.50126
2493853437.5,-28.50592
2493853593.75,-28.49941
2493853750.0,-28.50071
2493853906.25,-28.50166
2493854062.5,-28.4976
2493854218.75,-28.49936
2493854375.0,-28.49677
2493854531.25,-28.49956
2493854687.5,-28.49516
2493854843.75,-28.49866
2493855000.0,-28.49924
2493855156.25,-28.49771
2493855312.5,-28.50039
2493855468.75,-28.49584
2493855625.0,-28.49873
2493855781.25,-28.49531
2493855937.5,-28.49409
2493856093.75,-28.49321
2493856250.0,-28.49487
2493856406.25,-28.49084
2493856562.5,-28.48897
2493856718.75,-28.48797
2493856875.0,-28.49366
2493857031.25,-28.48997
2493857187.5,-28.4914
2493857343.75,-28.48682
2493857500.0,-28.4895
2493857656.25,-28.48807
2493857812.5,-28.48333
2493857968.75,-28.48202
2493858125.0,-28.4811
2493858281.25,-28.4862
2493858437.5,-28.48204
2493858593.75,-28.48015
2493858750.0,-28.48102
2493858906.25,-28.48261
2493859062.5,-28.48044
2493859218.75,-28.48016
2493859375.0,-28.47938
2493859531.25,-28.47246
2493859687.5,-28.48026
2493859843.75,-28.48052
2493860000.0,-28.47737
2493860156.25,-28.48282
2493860312.5,-28.47783
2493860468.75,-28.47671
2493860625.0,-28.47207
2493860781.25,-28.46873
2493860937.5,-28.47328
2493861093.75,-28.47455
2493861250.0,-28.47348
2493861406.25,-28.46885
2493861562.5,-28.4694
2493861718.75,-28.46952
2493861875.0,-28.46925
2493862031.25,-28.46692
2493862187.5,-28.46612
2493862343.75,-28.47096
2493862500.0,-28.46182
2493862656.25,-28.4608
2493862812.5,-28.46667
2493862968.75,-28.46784
2493863125.0,-28.46375
2493863281.25,-28.46502
2493863437.5,-28.46318
2493863593.75,-28.46212
2493863750.0,-28.46343
2493863906.25,-28.45848
2493864062.5,-28.46036
2493864218.75,-28.46199
2493864375.0,-28.45787
2493864531.25,-28.45816
2493864687.5,-28.45459
2493864843.75,-28.45005
2493865000.0,-28.45707
2493865156.25,-28.4529
2493865312.5,-28.45976
2493865468.75,-28.4578
2493865625.0,-28.45456
2493865781.25,-28.45441
2493865937.5,-28.45365
2493866093.75,-28.45359
2493866250.0,-28.45222
2493866406.25,-28.44592
2493866562.5,-28.45175
2493866718.75,-28.44763
2493866875.0,-28.44719
2493867031.25,-28.4462
2493867187.5,-28.44974
2493867343.75,-28.43662
2493867500.0,-28.4441
2493867656.25,-28.44489
2493867812.5,-28.44797
2493867968.75,-28.44877
2493868125.0,-28.44563
2493868281.25,-28.44054
2493868437.5,-28.44261
2493868593.75,-28.44473
2493868750.0,-28.44095
2493868906.25,-28.44106
2493869062.5,-28.4398
2493869218.75,-28.44112
2493869375.0,-28.43922
2493869531.25,-28.43986
2493869687.5,-28.43437
2493869843.75,-28.43078
2493870000.0,-28.43611
2493870156.25,-28.43136
2493870312.5,-28.43637
2493870468.75,-28.43384
2493870625.0,-28.43255
2493870781.25,-28.43049
2493870937.5,-28.43086
2493871093.75,-28.43597
2493871250.0,-28.43179
2493871406.25,-28.43359
2493871562.5,-28.42699
2493871718.75,-28.42693
2493871875.0,-28.42805
2493872031.25,-28.4266
2493872187.5,-28.43037
2493872343.75,-28.42403
2493872500.0,-28.42623
2493872656.25,-28.42467
2493872812.5,-28.42381
2493872968.75,-28.42566
2493873125.0,-28.4204
2493873281.25,-28.4203
2493873437.5,-28.41994
2493873593.75,-28.41792
2493873750.0,-28.41545
2493873906.25,-28.41594
2493874062.5,-28.41919
2493874218.75,-28.4185
2493874375.0,-28.41746
2493874531.25,-28.41975
2493874687.5,-28.4115
2493874843.75,-28.41462
2493875000.0,-28.41699
2493875156.25,-28.41841
2493875312.5,-28.41781
2493875468.75,-28.41209
2493875625.0,-28.41555
2493875781.25,-28.41364
2493875937.5,-28.40855
2493876093.75,-28.41578
2493876250.0,-28.4101
2493876406.25,-28.40982
2493876562.5,-28.40781
2493876718.75,-28.41183
2493876875.0,-28.40625
2493877031.25,-28.41072
2493877187.5,-28.40297
2493877343.75,-28.40519
2493877500.0,-28.40894
2493877656.25,-28.40196
2493877812.5,-28.40002
2493877968.75,-28.40435
2493878125.0,-28.40577
2493878281.25,-28.39664
2493878437.5,-28.39857
2493878593.75,-28.40309
2493878750.0,-28.39813
2493878906.25,-28.39614
2493879062.5,-28.39846
2493879218.75,-28.39651
2493879375.0,-28.39569
2493879531.25,-28.39852
2493879687.5,-28.39581
2493879843.75,-28.39585
2493880000.0,-28.39094
2493880156.25,-28.39411
2493880312.5,-28.39227
2493880468.75,-28.39396
2493880625.0,-28.39258
2493880781.25,-28.39409
2493880937.5,-28.38936
2493881093.75,-28.38706
2493881250.0,-28.38951
2493881406.25,-28.38936
2493881562.5,-28.38986
2493881718.75,-28.38648
2493881875.0,-28.38736
2493882031.25,-28.38265
2493882187.5,-28.38013
2493882343.75,-28.37948
2493882500.0,-28.38937
2493882656.25,-28.37964
2493882812.5,-28.38728
2493882968.75,-28.38453
2493883125.0,-28.37835
2493883281.25,-28.37963
2493883437.5,-28.38082
2493883593.75,-28.37453
2493883750.0,-28.37768
2493883906.25,-28.37904
2493884062.5,-28.37829
2493884218.75,-28.37658
2493884375.0,-28.37302
2493884531.25,-28.37703
2493884687.5,-28.38088
2493884843.75,-28.37695
2493885000.0,-28.36975
2493885156.25,-28.37468
2493885312.5,-28.36732
2493885468.75,-28.37416
2493885625.0,-28.37471
2493885781.25,-28.36543
2493885937.5,-28.36918
2493886093.75,-28.37302
2493886250.0,-28.36909
2493886406.25,-28.36662
2493886562.5,-28.37026
2493886718.75,-28.36609
2493886875.0,-28.36518
2493887031.25,-28.36297
2493887187.5,-28.36202
2493887343.75,-28.36311
2493887500.0,-28.36213
2493887656.25,-28.36204
2493887812.5,-28.36589
2493887968.75,-28.36088
2493888125.0,-28.36631
2493888281.25,-28.36279
2493888437.5,-28.35756
2493888593.75,-28.35851
2493888750.0,-28.35481
2493888906.25,-28.35708
2493889062.5,-28.35561
2493889218.75,-28.35309
2493889375.0,-28.3569
2493889531.25,-28.35633
2493889687.5,-28.35773
2493889843.75,-28.35511
2493890000.0,-28.35316
2493890156.25,-28.35394
2493890312.5,-28.35143
2493890468.75,-28.35274
2493890625.0,-28.34936
2493890781.25,-28.3525
2493890937.5,-28.3463
2493891093.75,-28.35268
2493891250.0,-28.34575
2493891406.25,-28.34289
2493891562.5,-28.34513
2493891718.75,-28.34568
2493891875.0,-28.34625
2493892031.25,-28.34645
2493892187.5,-28.34261
2493892343.75,-28.34392
2493892500.0,-28.33956
2493892656.25,-28.34497
2493892812.5,-28.34091
2493892968.75,-28.34511
2493893125.0,-28.3403
2493893281.25,-28.33661
2493893437.5,-28.33815
2493893593.75,-28.3394
2493893750.0,-28.33653
2493893906.25,-28.3328
2493894062.5,-28.33773
2493894218.75,-28.33893
2493894375.0,-28.33727
2493894531.25,-28.33615
2493894687.5,-28.33106
2493894843.75,-28.33262
2493895000.0,-28.3328
2493895156.25,-28.33174
2493895312.5,-28.32883
2493895468.75,-28.3324
2493895625.0,-28.32621
2493895781.25,-28.32573
2493895937.5,-28.33023
2493896093.75,-28.33043
2493896250.0,-28.32808
2493896406.25,-28.32833
2493896562.5,-28.32327
2493896718.75,-28.32533
2493896875.0,-28.32341
2493897031.25,-28.32436
2493897187.5,-28.32488
2493897343.75,-28.32443
2493897500.0,-28.32545
2493897656.25,-28.32199
2493897812.5,-28.32049
2493897968.75,-28.3209
2493898125.0,-28.31855
2493898281.25,-28.31912
2493898437.5,-28.31782
2493898593.75,-28.31526
2493898750.0,-28.31573
2493898906.25,-28.31531
2493899062.5,-28.31119
2493899218.75,-28.31407
2493899375.0,-28.31311
2493899531.25,-28.31554
2493899687.5,-28.30907
2493899843.75,-28.30931
2493900000.0,-28.31146
2493900156.25,-28.30956
2493900312.5,-28.30805
2493900468.75,-28.30396
2493900625.0,-28.30945
2493900781.25,-28.30833
2493900937.5,-28.30272
2493901093.75,-28.30692
2493901250.0,-28.31098
2493901406.25,-28.30665
2493901562.5,-28.30256
2493901718.75,-28.3027
2493901875.0,-28.30861
2493902031.25,-28.30345
2493902187.5,-28.30393
2493902343.75,-28.3065
2493902500.0,-28.30031
2493902656.25,-28.30162
2493902812.5,-28.29804
2493902968.75,-28.29877
2493903125.0,-28.29727
2493903281.25,-28.29478
2493903437.5,-28.29764
2493903593.75,-28.29668
2493903750.0,-28.29398
2493903906.25,-28.29491
2493904062.5,-28.29706
2493904218.75,-28.29387
2493904375.0,-28.29677
2493904531.25,-28.29157
2493904687.5,-28.29146
2493904843.75,-28.29048
2493905000.0,-28.29184
2493905156.25,-28.29361
2493905312.5,-28.28947
2493905468.75,-28.28928
2493905625.0,-28.28672
2493905781.25,-28.28574
2493905937.5,-28.29296
2493906093.75,-28.28532
2493906250.0,-28.2908
2493906406.25,-28.28827
2493906562.5,-28.28702
2493906718.75,-28.27965
2493906875.0,-28.28332
2493907031.25,-28.28457
2493907187.5,-28.28154
2493907343.75,-28.27978
2493907500.0,-28.27837
2493907656.25,-28.28093
2493907812.5,-28.27852
2493907968.75,-28.27613
2493908125.0,-28.27542
2493908281.25,-28.27768
2493908437.5,-28.27527
2493908593.75,-28.2777
2493908750.0,-28.27625
2493908906.25,-28.27425
2493909062.5,-28.27008
2493909218.75,-28.26863
2493909375.0,-28.27335
2493909531.25,-28.26974
2493909687.5,-28.26961
2493909843.75,-28.27095
2493910000.0,-28.26781
2493910156.25,-28.27127
2493910312.5,-28.26768
2493910468.75,-28.26859
2493910625.0,-28.2701
2493910781.25,-28.27096
2493910937.5,-28.27036
2493911093.75,-28.26391
2493911250.0,-28.26862
2493911406.25,-28.26283
2493911562.5,-28.26136
2493911718.75,-28.2642
2493911875.0,-28.25998
2493912031.25,-28.2604
2493912187.5,-28.26283
2493912343.75,-28.25794
2493912500.0,-28.25743
2493912656.25,-28.26238
2493912812.5,-28.25775
2493912968.75,-28.26
2493913125.0,-28.25584
2493913281.25,-28.25478
2493913437.5,-28.25612
2493913593.75,-28.25197
2493913750.0,-28.25272
2493913906.25,-28.25516
2493914062.5,-28.25779
2493914218.75,-28.25044
2493914375.0,-28.25306
2493914531.25,-28.25144
2493914687.5,-28.24746
2493914843.75,-28.25107
2493915000.0,-28.24901
2493915156.25,-28.24913
2493915312.5,-28.24774
2493915468.75,-28.24651
2493915625.0,-28.24537
2493915781.25,-28.24379
2493915937.5,-28.24533
2493916093.75,-28.24508
2493916250.0,-28.24208
2493916406.25,-28.24078
2493916562.5,-28.24603
2493916718.75,-28.24309
2493916875.0,-28.24383
2493917031.25,-28.2404
2493917187.5,-28.23878
2493917343.75,-28.23386
2493917500.0,-28.23973
2493917656.25,-28.23882
2493917812.5,-28.23874
2493917968.75,-28.23822
2493918125.0,-28.23549
2493918281.25,-28.23138
2493918437.5,-28.23147
2493918593.75,-28.23304
2493918750.0,-28.23228
2493918906.25,-28.2317
2493919062.5,-28.22923
2493919218.75,-28.22905
2493919375.0,-28.23323
2493919531.25,-28.22933
2493919687.5,-28.23088
2493919843.75,-28.22499
2493920000.0,-28.22789
2493920156.25,-28.22016
2493920312.5,-28.22549
2493920468.75,-28.22903
2493920625.0,-28.22451
2493920781.25,-28.22444
2493920937.5,-28.22393
2493921093.75,-28.22349
2493921250.0,-28.22148
2493921406.25,-28.2181
2493921562.5,-28.22035
2493921718.75,-28.21917
2493921875.0,-28.2167
2493922031.25,-28.21534
2493922187.5,-28.21676
2493922343.75,-28.21796
2493922500.0,-28.21489
2493922656.25,-28.21432
2493922812.5,-28.21942
2493922968.75,-28.21398
2493923125.0,-28.21434
2493923281.25,-28.21344
2493923437.5,-28.21256
2493923593.75,-28.214
2493923750.0,-28.21426
2493923906.25,-28.20774
2493924062.5,-28.2173
2493924218.75,-28.21049
2493924375.0,-28.21259
2493924531.25,-28.20693
2493924687.5,-28.2076
2493924843.75,-28.20488
2493925000.0,-28.21048
2493925156.25,-28.20718
2493925312.5,-28.20725
2493925468.75,-28.20649
2493925625.0,-28.20523
2493925781.25,-28.20485
2493925937.5,-28.20539
2493926093.75,-28.20112
2493926250.0,-28.19956
2493926406.25,-28.20097
2493926562.5,-28.20057
2493926718.75,-28.20292
2493926875.0,-28.19839
2493927031.25,-28.19861
2493927187.5,-28.20001
2493927343.75,-28.19564
2493927500.0,-28.19487
2493927656.25,-28.1963
2493927812.5,-28.19246
2493927968.75,-28.18958
2493928125.0,-28.19474
2493928281.25,-28.19226
2493928437.5,-28.19026
2493928593.75,-28.18996
2493928750.0,-28.18621
2493928906.25,-28.18812
2493929062.5,-28.18806
2493929218.75,-28.19211
2493929375.0,-28.18758
2493929531.25,-28.18612
2493929687.5,-28.19183
2493929843.75,-28.18383
2493930000.0,-28.1874
2493930156.25,-28.18834
2493930312.5,-28.18488
2493930468.75,-28.18279
2493930625.0,-28.18337
2493930781.25,-28.18098
2493930937.5,-28.18206
2493931093.75,-28.17726
2493931250.0,-28.18036
2493931406.25,-28.18008
2493931562.5,-28.17607
2493931718.75,-28.17691
2493931875.0,-28.18023
2493932031.25,-28.17514
2493932187.5,-28.17637
2493932343.75,-28.17842
2493932500.0,-28.17779
2493932656.25,-28.1718
2493932812.5,-28.17292
2493932968.75,-28.17577
2493933125.0,-28.17003
2493933281.25,-28.16894
2493933437.5,-28.16723
2493933593.75,-28.16766
2493933750.0,-28.16787
2493933906.25,-28.17223
2493934062.5,-28.17082
2493934218.75,-28.16728
2493934375.0,-28.1654
2493934531.25,-28.1629
2493934687.5,-28.16121
2493934843.75,-28.16738
2493935000.0,-28.16363
2493935156.25,-28.16086
2493935312.5,-28.16305
2493935468.75,-28.15993
2493935625.0,-28.16028
2493935781.25,-28.1582
2493935937.5,-28.16114
2493936093.75,-28.15993
2493936250.0,-28.15549
2493936406.25,-28.16138
2493936562.5,-28.16141
2493936718.75,-28.1596
2493936875.0,-28.15868
2493937031.25,-28.15931
2493937187.5,-28.15418
2493937343.75,-28.15651
2493937500.0,-28.1562
2493937656.25,-28.14888
2493937812.5,-28.1505
2493937968.75,-28.15121
2493938125.0,-28.147
2493938281.25,-28.15035
2493938437.5,-28.15229
2493938593.75,-28.14965
2493938750.0,-28.15045
2493938906.25,-28.14906
2493939062.5,-28.1502
2493939218.75,-28.14355
2493939375.0,-28.1444
2493939531.25,-28.14411
2493939687.5,-28.14585
2493939843.75,-28.1427
2493940000.0,-28.14711
2493940156.25,-28.14236
2493940312.5,-28.14182
2493940468.75,-28.1455
2493940625.0,-28.14775
2493940781.25,-28.13921
2493940937.5,-28.14085
2493941093.75,-28.1414
2493941250.0,-28.14038
2493941406.25,-28.13605
2493941562.5,-28.1361
2493941718.75,-28.13597
2493941875.0,-28.13664
2493942031.25,-28.13296
2493942187.5,-28.13016
2493942343.75,-28.13375
2493942500.0,-28.13394
2493942656.25,-28.13054
2493942812.5,-28.13226
2493942968.75,-28.13091
2493943125.0,-28.12994
2493943281.25,-28.12932
2493943437.5,-28.12923
2493943593.75,-28.12559
2493943750.0,-28.12689
2493943906.25,-28.13094
2493944062.5,-28.12752
2493944218.75,-28.12459
2493944375.0,-28.12215
2493944531.25,-28.1238
2493944687.5,-28.12236
2493944843.75,-28.11993
2493945000.0,-28.1231
2493945156.25,-28.12038
2493945312.5,-28.12174
2493945468.75,-28.1211
2493945625.0,-28.11904
2493945781.25,-28.11922
2493945937.5,-28.1173
2493946093.75,-28.11355
2493946250.0,-28.11879
2493946406.25,-28.11469
2493946562.5,-28.11238
2493946718.75,-28.11463
2493946875.0,-28.11377
2493947031.25,-28.11234
2493947187.5,-28.11393
2493947343.75,-28.11125
2493947500.0,-28.11912
2493947656.25,-28.1151
2493947812.5,-28.1055
2493947968.75,-28.10925
2493948125.0,-28.10666
2493948281.25,-28.1071
2493948437.5,-28.10822
2493948593.75,-28.10467
2493948750.0,-28.10864
2493948906.25,-28.10629
2493949062.5,-28.10757
2493949218.75,-28.10576
2493949375.0,-28.10843
2493949531.25,-28.1005
2493949687.5,-28.10043
2493949843.75,-28.09978
2493950000.0,-28.10351
2493950156.25,-28.09688
2493950312.5,-28.10531
2493950468.75,-28.0993
2493950625.0,-28.09731
2493950781.25,-28.09875
2493950937.5,-28.0977
2493951093.75,-28.09286
2493951250.0,-28.09546
2493951406.25,-28.09324
2493951562.5,-28.09697
2493951718.75,-28.08473
2493951875.0,-28.09256
2493952031.25,-28.09067
2493952187.5,-28.09239
2493952343.75,-28.08856
2493952500.0,-28.08479
2493952656.25,-28.08899
2493952812.5,-28.0853
2493952968.75,-28.08935
2493953125.0,-28.08927
2493953281.25,-28.08202
2493953437.5,-28.08869
2493953593.75,-28.08417
2493953750.0,-28.08085
2493953906.25,-28.08617
2493954062.5,-28.08005
2493954218.75,-28.08262
2493954375.0,-28.07943
2493954531.25,-28.08228
2493954687.5,-28.08043
2493954843.75,-28.08035
2493955000.0,-28.07833
2493955156.25,-28.08178
2493955312.5,-28.07705
2493955468.75,-28.07794
2493955625.0,-28.07827
2493955781.25,-28.07605
2493955937.5,-28.07428
2493956093.75,-28.07751
2493956250.0,-28.07208
2493956406.25,-28.06902
2493956562.5,-28.07171
2493956718.75,-28.06616
2493956875.0,-28.06765
2493957031.25,-28.06734
2493957187.5,-28.07062
2493957343.75,-28.0699
2493957500.0,-28.06718
2493957656.25,-28.06796
2493957812.5,-28.06632
2493957968.75,-28.06633
2493958125.0,-28.0688
2493958281.25,-28.06731
2493958437.5,-28.06736
2493958593.75,-28.06556
2493958750.0,-28.06649
2493958906.25,-28.06269
2493959062.5,-28.06451
2493959218.75,-28.06183
2493959375.0,-28.05855
2493959531.25,-28.05837
2493959687.5,-28.06009
2493959843.75,-28.05984
2493960000.0,-28.05837
2493960156.25,-28.05573
2493960312.5,-28.05998
2493960468.75,-28.05867
2493960625.0,-28.05544
2493960781.25,-28.0543
2493960937.5,-28.05562
2493961093.75,-28.05813
2493961250.0,-28.05328
2493961406.25,-28.049
2493961562.5,-28.0515
2493961718.75,-28.05201
2493961875.0,-28.05708
2493962031.25,-28.05097
2493962187.5,-28.04626
2493962343.75,-28.04753
2493962500.0,-28.04316
2493962656.25,-28.04433
2493962812.5,-28.04277
2493962968.75,-28.04222
2493963125.0,-28.0448
2493963281.25,-28.04615
2493963437.5,-28.04293
2493963593.75,-28.04122
2493963750.0,-28.03854
2493963906.25,-28.04106
2493964062.5,-28.03642
2493964218.75,-28.03575
2493964375.0,-28.03816
2493964531.25,-28.03976
2493964687.5,-28.0363
2493964843.75,-28.03877
2493965000.0,-28.03596
2493965156.25,-28.03724
2493965312.5,-28.03529
2493965468.75,-28.03491
2493965625.0,-28.03551
2493965781.25,-28.03343
2493965937.5,-28.0343
2493966093.75,-28.02888
2493966250.0,-28.03187
2493966406.25,-28.02959
2493966562.5,-28.0295
2493966718.75,-28.0331
2493966875.0,-28.0294
2493967031.25,-28.03091
2493967187.5,-28.03093
2493967343.75,-28.02553
2493967500.0,-28.02676
2493967656.25,-28.02737
2493967812.5,-28.02519
2493967968.75,-28.02496
2493968125.0,-28.02098
2493968281.25,-28.01944
2493968437.5,-28.02039
2493968593.75,-28.02203
2493968750.0,-28.02045
2493968906.25,-28.01859
2493969062.5,-28.0225
2493969218.75,-28.02315
2493969375.0,-28.01688
2493969531.25,-28.01213
2493969687.5,-28.01972
2493969843.75,-28.01628
2493970000.0,-28.01079
2493970156.25,-28.01563
2493970312.5,-28.01632
2493970468.75,-28.01838
2493970625.0,-28.01095
2493970781.25,-28.00965
2493970937.5,-28.01052
2493971093.75,-28.01198
2493971250.0,-28.00988
2493971406.25,-28.0107
2493971562.5,-28.01283
2493971718.75,-28.01079
2493971875.0,-28.00327
2493972031.25,-28.0067
2493972187.5,-28.00594
2493972343.75,-28.00423
2493972500.0,-28.00481
2493972656.25,-28.006
2493972812.5,-28.00428
2493972968.75,-27.99891
2493973125.0,-27.99868
2493973281.25,-28.00024
2493973437.5,-27.99842
2493973593.75,-27.99982
2493973750.0,-27.9994
2493973906.25,-27.9977
2493974062.5,-28.00137
2493974218.75,-27.99477
2493974375.0,-27.99869
2493974531.25,-27.99453
2493974687.5,-27.99445
2493974843.75,-27.99776
2493975000.0,-27.99483
2493975156.25,-27.99384
2493975312.5,-27.99045
2493975468.75,-27.99433
2493975625.0,-27.99469
2493975781.25,-27.99463
2493975937.5,-27.9886
2493976093.75,-27.98732
2493976250.0,-27.98767
2493976406.25,-27.98817
2493976562.5,-27.98777
2493976718.75,-27.98191
2493976875.0,-27.98416
2493977031.25,-27.98277
2493977187.5,-27.98509
2493977343.75,-27.98028
2493977500.0,-27.98483
2493977656.25,-27.98345
2493977812.5,-27.97905
2493977968.75,-27.98252
2493978125.0,-27.9833
2493978281.25,-27.97941
2493978437.5,-27.98114
2493978593.75,-27.97673
2493978750.0,-27.97137
2493978906.25,-27.97803
2493979062.5,-27.97205
2493979218.75,-27.98082
2493979375.0,-27.97795
2493979531.25,-27.97206
2493979687.5,-27.97002
2493979843.75,-27.97077
2493980000.0,-27.97078
2493980156.25,-27.96716
2493980312.5,-27.97002
2493980468.75,-27.96865
2493980625.0,-27.96728
2493980781.25,-27.9694
2493980937.5,-27.97465
2493981093.75,-27.96498
2493981250.0,-27.96786
2493981406.25,-27.96687
2493981562.5,-27.96383
2493981718.75,-27.9656
2493981875.0,-27.96386
2493982031.25,-27.96208
2493982187.5,-27.96143
2493982343.75,-27.96087
2493982500.0,-27.96289
2493982656.25,-27.96141
2493982812.5,-27.95951
2493982968.75,-27.96115
2493983125.0,-27.95939
2493983281.25,-27.96061
2493983437.5,-27.96062
2493983593.75,-27.9596
2493983750.0,-27.95625
2493983906.25,-27.95603
2493984062.5,-27.95312
2493984218.75,-27.95339
2493984375.0,-27.9538
2493984531.25,-27.95125
2493984687.5,-27.95345
2493984843.75,-27.95048
2493985000.0,-27.95153
2493985156.25,-27.95046
2493985312.5,-27.94785
2493985468.75,-27.95031
2493985625.0,-27.94873
2493985781.25,-27.95063
2493985937.5,-27.94763
2493986093.75,-27.94819
2493986250.0,-27.94596
2493986406.25,-27.94235
2493986562.5,-27.94422
2493986718.75,-27.94268
2493986875.0,-27.94008
2493987031.25,-27.94201
2493987187.5,-27.93762
2493987343.75,-27.93856
2493987500.0,-27.94091
2493987656.25,-27.93795
2493987812.5,-27.93498
2493987968.75,-27.93765
2493988125.0,-27.93657
2493988281.25,-27.93699
2493988437.5,-27.93616
2493988593.75,-27.93722
2493988750.0,-27.93317
2493988906.25,-27.93349
2493989062.5,-27.93353
2493989218.75,-27.93525
2493989375.0,-27.93088
2493989531.25,-27.93354
2493989687.5,-27.93257
2493989843.75,-27.93127
2493990000.0,-27.92976
2493990156.25,-27.92842
2493990312.5,-27.92637
2493990468.75,-27.92415
2493990625.0,-27.92884
2493990781.25,-27.9272
2493990937.5,-27.9263
2493991093.75,-27.92296
2493991250.0,-27.92573
2493991406.25,-27.92161
2493991562.5,-27.92174
2493991718.75,-27.92472
2493991875.0,-27.91995
2493992031.25,-27.91928
2493992187.5,-27.92106
2493992343.75,-27.92169
2493992500.0,-27.91449
2493992656.25,-27.91734
2493992812.5,-27.92138
2493992968.75,-27.91825
2493993125.0,-27.91397
2493993281.25,-27.9177
2493993437.5,-27.91578
2493993593.75,-27.91297
2493993750.0,-27.91241
2493993906.25,-27.91041
2493994062.5,-27.90571
2493994218.75,-27.91308
2493994375.0,-27.91358
2493994531.25,-27.91153
2493994687.5,-27.90915
2493994843.75,-27.90764
2493995000.0,-27.90699
2493995156.25,-27.90715
2493995312.5,-27.90682
2493995468.75,-27.90438
2493995625.0,-27.90566
2493995781.25,-27.9024
2493995937.5,-27.90066
2493996093.75,-27.90404
2493996250.0,-27.90122
2493996406.25,-27.89905
2493996562.5,-27.89556
2493996718.75,-27.90159
2493996875.0,-27.89886
2493997031.25,-27.89424
2493997187.5,-27.89924
2493997343.75,-27.89845
2493997500.0,-27.89881
2493997656.25,-27.89599
2493997812.5,-27.89596
2493997968.75,-27.89371
2493998125.0,-27.89054
2493998281.25,-27.89134
2493998437.5,-27.89576
2493998593.75,-27.89099
2493998750.0,-27.89008
2493998906.25,-27.88774
2493999062.5,-27.89063
2493999218.75,-27.88746
2493999375.0,-27.89019
2493999531.25,-27.88917
2493999687.5,-27.89117
2493999843.75,-27.88417
2494000000.0,-27.88592
2494000156.25,-27.88313
2494000312.5,-27.88402
2494000468.75,-27.88168
2494000625.0,-27.8848
2494000781.25,-27.88186
2494000937.5,-27.87933
2494001093.75,-27.87977
2494001250.0,-27.88466
2494001406.25,-27.88017
2494001562.5,-27.87808
2494001718.75,-27.88029
2494001875.0,-27.87774
2494002031.25,-27.876
2494002187.5,-27.87508
2494002343.75,-27.87664
2494002500.0,-27.87691
2494002656.25,-27.87369
2494002812.5,-27.86995
2494002968.75,-27.8704
2494003125.0,-27.87232
2494003281.25,-27.87219
2494003437.5,-27.8694
2494003593.75,-27.86974
2494003750.0,-27.87344
2494003906.25,-27.86952
2494004062.5,-27.86587
2494004218.75,-27.86459
2494004375.0,-27.86857
2494004531.25,-27.86645
2494004687.5,-27.8671
2494004843.75,-27.86123
2494005000.0,-27.8644
2494005156.25,-27.86402
2494005312.5,-27.86205
2494005468.75,-27.86301
2494005625.0,-27.86252
2494005781.25,-27.86222
2494005937.5,-27.85524
2494006093.75,-27.85988
2494006250.0,-27.86191
2494006406.25,-27.85806
2494006562.5,-27.85587
2494006718.75,-27.85557
2494006875.0,-27.85764
2494007031.25,-27.84982
2494007187.5,-27.85586
2494007343.75,-27.8562
2494007500.0,-27.84883
2494007656.25,-27.85627
2494007812.5,-27.8501
2494007968.75,-27.84796
2494008125.0,-27.85036
2494008281.25,-27.8458
2494008437.5,-27.84657
2494008593.75,-27.84723
2494008750.0,-27.84926
2494008906.25,-27.84977
2494009062.5,-27.84522
2494009218.75,-27.8397
2494009375.0,-27.84346
2494009531.25,-27.84453
2494009687.5,-27.84248
2494009843.75,-27.84204
2494010000.0,-27.84166
2494010156.25,-27.84206
2494010312.5,-27.83954
2494010468.75,-27.84357
2494010625.0,-27.83814
2494010781.25,-27.83952
2494010937.5,-27.83545
2494011093.75,-27.8391
2494011250.0,-27.83226
2494011406.25,-27.83467
2494011562.5,-27.83462
2494011718.75,-27.83174
2494011875.0,-27.8334
2494012031.25,-27.82934
2494012187.5,-27.8297
2494012343.75,-27.83102
2494012500.0,-27.82878
2494012656.25,-27.82881
2494012812.5,-27.83315
2494012968.75,-27.82471
2494013125.0,-27.82367
2494013281.25,-27.83179
2494013437.5,-27.82686
2494013593.75,-27.82685
2494013750.0,-27.82521
2494013906.25,-27.82454
2494014062.5,-27.81948
2494014218.75,-27.82293
2494014375.0,-27.82213
2494014531.25,-27.82274
2494014687.5,-27.8234
2494014843.75,-27.81807
2494015000.0,-27.81842
2494015156.25,-27.81764
2494015312.5,-27.81979
2494015468.75,-27.81873
2494015625.0,-27.81923
2494015781.25,-27.81807
2494015937.5,-27.81792
2494016093.75,-27.81654
2494016250.0,-27.81608
2494016406.25,-27.81583
2494016562.5,-27.81406
2494016718.75,-27.81707
2494016875.0,-27.81419
2494017031.25,-27.813
2494017187.5,-27.80738
2494017343.75,-27.80724
2494017500.0,-27.80909
2494017656.25,-27.80903
2494017812.5,-27.80819
2494017968.75,-27.80472
2494018125.0,-27.80359
2494018281.25,-27.80822
2494018437.5,-27.80479
2494018593.75,-27.79896
2494018750.0,-27.80367
2494018906.25,-27.80315
2494019062.5,-27.80103
2494019218.75,-27.80583
2494019375.0,-27.8053
2494019531.25,-27.80205
2494019687.5,-27.80162
2494019843.75,-27.79665
2494020000.0,-27.7962
2494020156.25,-27.79796
2494020312.5,-27.79693
2494020468.75,-27.79341
2494020625.0,-27.79376
2494020781.25,-27.79656
2494020937.5,-27.79927
2494021093.75,-27.7937
2494021250.0,-27.79226
2494021406.25,-27.79132
2494021562.5,-27.79425
2494021718.75,-27.78594
2494021875.0,-27.79034
2494022031.25,-27.7838
2494022187.5,-27.78758
2494022343.75,-27.78777
2494022500.0,-27.78805
2494022656.25,-27.79079
2494022812.5,-27.78649
2494022968.75,-27.7863
2494023125.0,-27.78253
2494023281.25,-27.78516
2494023437.5,-27.78307
2494023593.75,-27.77917
2494023750.0,-27.77985
2494023906.25,-27.77851
2494024062.5,-27.78275
2494024218.75,-27.77588
2494024375.0,-27.7769
2494024531.25,-27.7808
2494024687.5,-27.77227
2494024843.75,-27.77665
2494025000.0,-27.77441
2494025156.25,-27.77687
2494025312.5,-27.77399
2494025468.75,-27.77209
2494025625.0,-27.773
2494025781.25,-27.7719
2494025937.5,-27.77233
2494026093.75,-27.77152
2494026250.0,-27.76919
2494026406.25,-27.76664
2494026562.5,-27.76981
2494026718.75,-27.76629
2494026875.0,-27.76932
2494027031.25,-27.7661
2494027187.5,-27.76897
2494027343.75,-27.76862
2494027500.0,-27.76813
2494027656.25,-27.76452
2494027812.5,-27.76363
2494027968.75,-27.76237
2494028125.0,-27.76231
2494028281.25,-27.76558
2494028437.5,-27.75925
2494028593.75,-27.76028
2494028750.0,-27.75533
2494028906.25,-27.75817
2494029062.5,-27.75771
2494029218.75,-27.75654
2494029375.0,-27.75928
2494029531.25,-27.75875
2494029687.5,-27.75235
2494029843.75,-27.7555
2494030000.0,-27.7561
2494030156.25,-27.75213
2494030312.5,-27.75049
2494030468.75,-27.75345
2494030625.0,-27.75204
2494030781.25,-27.74971
2494030937.5,-27.74874
2494031093.75,-27.74797
2494031250.0,-27.75328
2494031406.25,-27.75008
2494031562.5,-27.74615
2494031718.75,-27.74644
2494031875.0,-27.74495
2494032031.25,-27.74317
2494032187.5,-27.74186
2494032343.75,-27.73886
2494032500.0,-27.7414
2494032656.25,-27.73575
2494032812.5,-27.74311
2494032968.75,-27.74195
2494033125.0,-27.74137
2494033281.25,-27.74228
2494033437.5,-27.74081
2494033593.75,-27.73745
2494033750.0,-27.73494
2494033906.25,-27.74026
2494034062.5,-27.73246
2494034218.75,-27.73389
2494034375.0,-27.73751
2494034531.25,-27.73156
2494034687.5,-27.73398
2494034843.75,-27.73205
2494035000.0,-27.73145
2494035156.25,-27.72585
2494035312.5,-27.73045
2494035468.75,-27.73119
2494035625.0,-27.72649
2494035781.25,-27.72705
2494035937.5,-27.72728
2494036093.75,-27.72632
2494036250.0,-27.7215
2494036406.25,-27.72188
2494036562.5,-27.72354
2494036718.75,-27.72132
2494036875.0,-27.72594
2494037031.25,-27.71877
2494037187.5,-27.71816
2494037343.75,-27.72072
2494037500.0,-27.71753
2494037656.25,-27.72326
2494037812.5,-27.71616
2494037968.75,-27.72098
2494038125.0,-27.71741
2494038281.25,-27.71641
2494038437.5,-27.71662
2494038593.75,-27.71514
2494038750.0,-27.71166
2494038906.25,-27.71054
2494039062.5,-27.71719
2494039218.75,-27.71166
2494039375.0,-27.71453
2494039531.25,-27.71025
2494039687.5,-27.7129
2494039843.75,-27.7068
2494040000.0,-27.71191
2494040156.25,-27.70759
2494040312.5,-27.70754
2494040468.75,-27.70908
2494040625.0,-27.70948
2494040781.25,-27.70357
2494040937.5,-27.70617
2494041093.75,-27.70347
2494041250.0,-27.70471
2494041406.25,-27.70045
2494041562.5,-27.70583
2494041718.75,-27.70313
2494041875.0,-27.70096
2494042031.25,-27.70236
2494042187.5,-27.69965
2494042343.75,-27.69899
2494042500.0,-27.69655
2494042656.25,-27.6925
2494042812.5,-27.69475
2494042968.75,-27.69405
2494043125.0,-27.69379
2494043281.25,-27.69317
2494043437.5,-27.69703
2494043593.75,-27.69412
2494043750.0,-27.69
2494043906.25,-27.69365
2494044062.5,-27.6925
2494044218.75,-27.69086
2494044375.0,-27.68773
2494044531.25,-27.69034
2494044687.5,-27.68844
2494044843.75,-27.68938
2494045000.0,-27.6914
2494045156.25,-27.69029
2494045312.5,-27.67898
2494045468.75,-27.68923
2494045625.0,-27.68474
2494045781.25,-27.68675
2494045937.5,-27.68455
2494046093.75,-27.67981
2494046250.0,-27.68257
2494046406.25,-27.67666
2494046562.5,-27.68024
2494046718.75,-27.68119
2494046875.0,-27.67847
2494047031.25,-27.67631
2494047187.5,-27.67696
2494047343.75,-27.67573
2494047500.0,-27.673
2494047656.25,-27.67783
2494047812.5,-27.6763
2494047968.75,-27.67022
2494048125.0,-27.67386
2494048281.25,-27.67286
2494048437.5,-27.67354
2494048593.75,-27.67117
2494048750.0,-27.67601
2494048906.25,-27.6711
2494049062.5,-27.6667
2494049218.75,-27.66863
2494049375.0,-27.66917
2494049531.25,-27.66565
2494049687.5,-27.6636
2494049843.75,-27.6688
2494050000.0,-27.66712
2494050156.25,-27.66586
2494050312.5,-27.66231
2494050468.75,-27.66409
2494050625.0,-27.65936
2494050781.25,-27.66085
2494050937.5,-27.65885
2494051093.75,-27.66048
2494051250.0,-27.65397
2494051406.25,-27.65796
2494051562.5,-27.65601
2494051718.75,-27.65722
2494051875.0,-27.65567
2494052031.25,-27.65901
2494052187.5,-27.65269
2494052343.75,-27.6545
2494052500.0,-27.65061
2494052656.25,-27.65288
2494052812.5,-27.65475
2494052968.75,-27.65419
2494053125.0,-27.64768
2494053281.25,-27.64911
2494053437.5,-27.65
2494053593.75,-27.64557
2494053750.0,-27.64436
2494053906.25,-27.64541
2494054062.5,-27.64573
2494054218.75,-27.64479
2494054375.0,-27.64633
2494054531.25,-27.64753
2494054687.5,-27.64215
2494054843.75,-27.64205
2494055000.0,-27.64322
2494055156.25,-27.64125
2494055312.5,-27.64319
2494055468.75,-27.63789
2494055625.0,-27.64016
2494055781.25,-27.64092
2494055937.5,-27.6406
2494056093.75,-27.63994
2494056250.0,-27.63789
2494056406.25,-27.63102
2494056562.5,-27.63698
2494056718.75,-27.6311
2494056875.0,-27.63173
2494057031.25,-27.63101
2494057187.5,-27.63412
2494057343.75,-27.6354
2494057500.0,-27.63424
2494057656.25,-27.63099
2494057812.5,-27.63013
2494057968.75,-27.62996
2494058125.0,-27.6271
2494058281.25,-27.63035
2494058437.5,-27.62224
2494058593.75,-27.62514
2494058750.0,-27.62309
2494058906.25,-27.63129
2494059062.5,-27.6244
2494059218.75,-27.62484
2494059375.0,-27.62072
2494059531.25,-27.62278
2494059687.5,-27.62437
2494059843.75,-27.61983
2494060000.0,-27.6213
2494060156.25,-27.61678
2494060312.5,-27.61947
2494060468.75,-27.62115
2494060625.0,-27.61484
2494060781.25,-27.61803
2494060937.5,-27.61595
2494061093.75,-27.61674
2494061250.0,-27.6123
2494061406.25,-27.61294
2494061562.5,-27.60899
2494061718.75,-27.60696
2494061875.0,-27.6143
2494062031.25,-27.60945
2494062187.5,-27.60494
2494062343.75,-27.61119
2494062500.0,-27.6094
2494062656.25,-27.60936
2494062812.5,-27.6036
2494062968.75,-27.60933
2494063125.0,-27.59832
2494063281.25,-27.60453
2494063437.5,-27.60485
2494063593.75,-27.60371
2494063750.0,-27.60295
2494063906.25,-27.60313
2494064062.5,-27.60094
2494064218.75,-27.59722
2494064375.0,-27.59779
2494064531.25,-27.59795
2494064687.5,-27.60005
2494064843.75,-27.59877
2494065000.0,-27.59805
2494065156.25,-27.59842
2494065312.5,-27.60077
2494065468.75,-27.59262
2494065625.0,-27.59015
2494065781.25,-27.59309
2494065937.5,-27.59262
2494066093.75,-27.59318
2494066250.0,-27.59325
2494066406.25,-27.59085
2494066562.5,-27.59173
2494066718.75,-27.59139
2494066875.0,-27.58935
2494067031.25,-27.58781
2494067187.5,-27.58725
2494067343.75,-27.58924
2494067500.0,-27.58647
2494067656.25,-27.58483
2494067812.5,-27.58477
2494067968.75,-27.58605
2494068125.0,-27.58438
2494068281.25,-27.58487
2494068437.5,-27.58206
2494068593.75,-27.58085
2494068750.0,-27.57809
2494068906.25,-27.5808
2494069062.5,-27.57986
2494069218.75,-27.58032
2494069375.0,-27.57738
2494069531.25,-27.57947
2494069687.5,-27.57711
2494069843.75,-27.57664
2494070000.0,-27.57731
2494070156.25,-27.57422
2494070312.5,-27.57243
2494070468.75,-27.57178
2494070625.0,-27.57103
2494070781.25,-27.56951
2494070937.5,-27.57149
2494071093.75,-27.56901
2494071250.0,-27.56746
2494071406.25,-27.56942
2494071562.5,-27.56766
2494071718.75,-27.56886
2494071875.0,-27.56696
2494072031.25,-27.56728
2494072187.5,-27.56479
2494072343.75,-27.56099
2494072500.0,-27.5649
2494072656.25,-27.56048
2494072812.5,-27.56236
2494072968.75,-27.56162
2494073125.0,-27.55783
2494073281.25,-27.55849
2494073437.5,-27.55899
2494073593.75,-27.55872
2494073750.0,-27.55853
2494073906.25,-27.56215
2494074062.5,-27.55693
2494074218.75,-27.55288
2494074375.0,-27.55092
2494074531.25,-27.55804
2494074687.5,-27.55297
2494074843.75,-27.55464
2494075000.0,-27.55794
2494075156.25,-27.55074
2494075312.5,-27.5545
2494075468.75,-27.54814
2494075625.0,-27.54866
2494075781.25,-27.55287
2494075937.5,-27.54717
2494076093.75,-27.54162
2494076250.0,-27.54688
2494076406.25,-27.5495
2494076562.5,-27.54564
2494076718.75,-27.54469
2494076875.0,-27.54299
2494077031.25,-27.54354
2494077187.5,-27.53989
2494077343.75,-27.5423
2494077500.0,-27.54296
2494077656.25,-27.54104
2494077812.5,-27.53564
2494077968.75,-27.54152
2494078125.0,-27.53597
2494078281.25,-27.53936
2494078437.5,-27.53784
2494078593.75,-27.53253
2494078750.0,-27.53548
2494078906.25,-27.53267
2494079062.5,-27.5393
2494079218.75,-27.54034
2494079375.0,-27.53086
2494079531.25,-27.53322
2494079687.5,-27.52689
2494079843.75,-27.52917
2494080000.0,-27.52841
2494080156.25,-27.52983
2494080312.5,-27.52435
2494080468.75,-27.52653
2494080625.0,-27.52816
2494080781.25,-27.52582
2494080937.5,-27.52817
2494081093.75,-27.52148
2494081250.0,-27.52554
2494081406.25,-27.52332
2494081562.5,-27.52448
2494081718.75,-27.52163
2494081875.0,-27.52338
2494082031.25,-27.52127
2494082187.5,-27.51935
2494082343.75,-27.51467
2494082500.0,-27.51828
2494082656.25,-27.52101
2494082812.5,-27.5187
2494082968.75,-27.51243
2494083125.0,-27.51792
2494083281.25,-27.51601
2494083437.5,-27.5154
2494083593.75,-27.51205
2494083750.0,-27.51324
2494083906.25,-27.51188
2494084062.5,-27.50975
2494084218.75,-27.51099
2494084375.0,-27.50871
2494084531.25,-27.50703
2494084687.5,-27.51362
2494084843.75,-27.50421
2494085000.0,-27.50882
2494085156.25,-27.50489
2494085312.5,-27.50529
2494085468.75,-27.50704
2494085625.0,-27.49989
2494085781.25,-27.50558
2494085937.5,-27.50386
2494086093.75,-27.50226
2494086250.0,-27.5001
2494086406.25,-27.50269
2494086562.5,-27.50036
2494086718.75,-27.49672
2494086875.0,-27.49436
2494087031.25,-27.49613
2494087187.5,-27.49838
2494087343.75,-27.49497
2494087500.0,-27.49567
2494087656.25,-27.49335
2494087812.5,-27.49079
2494087968.75,-27.49088
2494088125.0,-27.48687
2494088281.25,-27.49234
2494088437.5,-27.48949
2494088593.75,-27.49231
2494088750.0,-27.4901
2494088906.25,-27.48905
2494089062.5,-27.48647
2494089218.75,-27.48128
2494089375.0,-27.48969
2494089531.25,-27.48599
2494089687.5,-27.48605
2494089843.75,-27.4862
2494090000.0,-27.48199
2494090156.25,-27.48235
2494090312.5,-27.48127
2494090468.75,-27.48397
2494090625.0,-27.4797
2494090781.25,-27.48067
2494090937.5,-27.48064
2494091093.75,-27.47851
2494091250.0,-27.47893
2494091406.25,-27.4778
2494091562.5,-27.47673
2494091718.75,-27.47601
2494091875.0,-27.47671
2494092031.25,-27.47599
2494092187.5,-27.47275
2494092343.75,-27.47647
2494092500.0,-27.47705
2494092656.25,-27.47506
2494092812.5,-27.4711
2494092968.75,-27.46697
2494093125.0,-27.47252
2494093281.25,-27.47127
2494093437.5,-27.46621
2494093593.75,-27.46516
2494093750.0,-27.47046
2494093906.25,-27.46884
2494094062.5,-27.46618
2494094218.75,-27.46485
2494094375.0,-27.46663
2494094531.25,-27.46403
2494094687.5,-27.4659
2494094843.75,-27.45929
2494095000.0,-27.46084
2494095156.25,-27.45979
2494095312.5,-27.45853
2494095468.75,-27.4623
2494095625.0,-27.4589
2494095781.25,-27.46111
2494095937.5,-27.45172
2494096093.75,-27.45797
2494096250.0,-27.45599
2494096406.25,-27.45389
2494096562.5,-27.4534
2494096718.75,-27.45102
2494096875.0,-27.44993
2494097031.25,-27.45292
2494097187.5,-27.45193
2494097343.75,-27.44681
2494097500.0,-27.44689
2494097656.25,-27.45131
2494097812.5,-27.44987
2494097968.75,-27.4492
2494098125.0,-27.44601
2494098281.25,-27.4442
2494098437.5,-27.44689
2494098593.75,-27.44343
2494098750.0,-27.44516
2494098906.25,-27.44156
2494099062.5,-27.43659
2494099218.75,-27.43937
2494099375.0,-27.44051
2494099531.25,-27.44008
2494099687.5,-27.43951
2494099843.75,-27.43974
2494100000.0,-27.44059
2494100156.25,-27.44019
2494100312.5,-27.43759
2494100468.75,-27.43806
2494100625.0,-27.43346
2494100781.25,-27.43384
2494100937.5,-27.43627
2494101093.75,-27.43076
2494101250.0,-27.43228
2494101406.25,-27.43555
2494101562.5,-27.431
2494101718.75,-27.42783
2494101875.0,-27.43417
2494102031.25,-27.42885
2494102187.5,-27.42647
2494102343.75,-27.43082
2494102500.0,-27.42962
2494102656.25,-27.42608
2494102812.5,-27.42513
2494102968.75,-27.42279
2494103125.0,-27.4257
2494103281.25,-27.42213
2494103437.5,-27.42303
2494103593.75,-27.41995
2494103750.0,-27.42151
2494103906.25,-27.41808
2494104062.5,-27.4203
2494104218.75,-27.42176
2494104375.0,-27.4174
2494104531.25,-27.41831
2494104687.5,-27.416
2494104843.75,-27.41579
2494105000.0,-27.42037
2494105156.25,-27.41415
2494105312.5,-27.41501
2494105468.75,-27.41359
2494105625.0,-27.41127
2494105781.25,-27.41302
2494105937.5,-27.41243
2494106093.75,-27.40823
2494106250.0,-27.40844
2494106406.25,-27.40832
2494106562.5,-27.40981
2494106718.75,-27.41025
2494106875.0,-27.40773
2494107031.25,-27.40846
2494107187.5,-27.40465
2494107343.75,-27.40138
2494107500.0,-27.40499
2494107656.25,-27.40434
2494107812.5,-27.40303
2494107968.75,-27.3988
2494108125.0,-27.40065
2494108281.25,-27.39981
2494108437.5,-27.40215
2494108593.75,-27.39734
2494108750.0,-27.39842
2494108906.25,-27.3972
2494109062.5,-27.39634
2494109218.75,-27.39782
2494109375.0,-27.39128
2494109531.25,-27.39976
2494109687.5,-27.39368
2494109843.75,-27.38832
2494110000.0,-27.39087
2494110156.25,-27.39304
2494110312.5,-27.38842
2494110468.75,-27.38767
2494110625.0,-27.39018
2494110781.25,-27.3865
2494110937.5,-27.38884
2494111093.75,-27.38741
2494111250.0,-27.38896
2494111406.25,-27.38731
2494111562.5,-27.38568
2494111718.75,-27.3816
2494111875.0,-27.38358
2494112031.25,-27.38514
2494112187.5,-27.38271
2494112343.75,-27.3795
2494112500.0,-27.3816
2494112656.25,-27.37908
2494112812.5,-27.37864
2494112968.75,-27.378
2494113125.0,-27.37622
2494113281.25,-27.38003
2494113437.5,-27.37623
2494113593.75,-27.37794
2494113750.0,-27.37439
2494113906.25,-27.37655
2494114062.5,-27.37419
2494114218.75,-27.37093
2494114375.0,-27.37365
2494114531.25,-27.37313
2494114687.5,-27.36976
2494114843.75,-27.36955
2494115000.0,-27.36949
2494115156.25,-27.36874
2494115312.5,-27.37044
2494115468.75,-27.36591
2494115625.0,-27.36506
2494115781.25,-27.36371
2494115937.5,-27.36811
2494116093.75,-27.3619
2494116250.0,-27.36513
2494116406.25,-27.36566
2494116562.5,-27.36165
2494116718.75,-27.3616
2494116875.0,-27.35915
2494117031.25,-27.35778
2494117187.5,-27.3645
2494117343.75,-27.35894
2494117500.0,-27.35585
2494117656.25,-27.363
2494117812.5,-27.35657
2494117968.75,-27.35484
2494118125.0,-27.35133
2494118281.25,-27.35597
2494118437.5,-27.35153
2494118593.75,-27.35339
2494118750.0,-27.35361
2494118906.25,-27.35012
2494119062.5,-27.34965
2494119218.75,-27.34935
2494119375.0,-27.34755
2494119531.25,-27.35014
2494119687.5,-27.34815
2494119843.75,-27.34915
2494120000.0,-27.34678
2494120156.25,-27.34242
2494120312.5,-27.34621
2494120468.75,-27.34368
2494120625.0,-27.34383
2494120781.25,-27.34509
2494120937.5,-27.33913
2494121093.75,-27.34087
2494121250.0,-27.34176
2494121406.25,-27.33853
2494121562.5,-27.34086
2494121718.75,-27.34031
2494121875.0,-27.33553
2494122031.25,-27.33794
2494122187.5,-27.33567
2494122343.75,-27.33588
2494122500.0,-27.33693
2494122656.25,-27.33182
2494122812.5,-27.33751
2494122968.75,-27.33167
2494123125.0,-27.3331
2494123281.25,-27.3325
2494123437.5,-27.32905
2494123593.75,-27.32584
2494123750.0,-27.3265
2494123906.25,-27.32952
2494124062.5,-27.32671
2494124218.75,-27.3257
2494124375.0,-27.32622
2494124531.25,-27.32577
2494124687.5,-27.32616
2494124843.75,-27.32063
2494125000.0,-27.32278
2494125156.25,-27.3241
2494125312.5,-27.32329
2494125468.75,-27.31973
2494125625.0,-27.32423
2494125781.25,-27.31802
2494125937.5,-27.32016
2494126093.75,-27.31574
2494126250.0,-27.31862
2494126406.25,-27.31807
2494126562.5,-27.31519
2494126718.75,-27.31735
2494126875.0,-27.3155
2494127031.25,-27.31615
2494127187.5,-27.31567
2494127343.75,-27.30911
2494127500.0,-27.30723
2494127656.25,-27.30675
2494127812.5,-27.31182
2494127968.75,-27.3082
2494128125.0,-27.30768
2494128281.25,-27.30655
2494128437.5,-27.30758
2494128593.75,-27.30548
2494128750.0,-27.30485
2494128906.25,-27.30702
2494129062.5,-27.30297
2494129218.75,-27.30322
2494129375.0,-27.3075
2494129531.25,-27.29812
2494129687.5,-27.3001
2494129843.75,-27.3015
2494130000.0,-27.2959
2494130156.25,-27.29908
2494130312.5,-27.30161
2494130468.75,-27.29711
2494130625.0,-27.29705
2494130781.25,-27.29243
2494130937.5,-27.29272
2494131093.75,-27.29618
2494131250.0,-27.29485
2494131406.25,-27.2933
2494131562.5,-27.29443
2494131718.75,-27.29228
2494131875.0,-27.29166
2494132031.25,-27.29201
2494132187.5,-27.28391
2494132343.75,-27.28938
2494132500.0,-27.29175
2494132656.25,-27.29226
2494132812.5,-27.28822
2494132968.75,-27.28913
2494133125.0,-27.28715
2494133281.25,-27.2835
2494133437.5,-27.28662
2494133593.75,-27.28248
2494133750.0,-27.28346
2494133906.25,-27.27787
2494134062.5,-27.28415
2494134218.75,-27.28057
2494134375.0,-27.2809
2494134531.25,-27.28011
2494134687.5,-27.27662
2494134843.75,-27.2721
2494135000.0,-27.27504
2494135156.25,-27.27014
2494135312.5,-27.27039
2494135468.75,-27.2752
2494135625.0,-27.26801
2494135781.25,-27.27249
2494135937.5,-27.27257
2494136093.75,-27.26764
2494136250.0,-27.27146
2494136406.25,-27.26742
2494136562.5,-27.26757
2494136718.75,-27.26718
2494136875.0,-27.26756
2494137031.25,-27.26288
2494137187.5,-27.26453
2494137343.75,-27.26511
2494137500.0,-27.26534
2494137656.25,-27.26438
2494137812.5,-27.25884
2494137968.75,-27.26304
2494138125.0,-27.26272
2494138281.25,-27.2619
2494138437.5,-27.26079
2494138593.75,-27.2588
2494138750.0,-27.25932
2494138906.25,-27.25793
2494139062.5,-27.26151
2494139218.75,-27.25828
2494139375.0,-27.25776
2494139531.25,-27.25549
2494139687.5,-27.25543
2494139843.75,-27.25558
2494140000.0,-27.2501
2494140156.25,-27.25311
2494140312.5,-27.25137
2494140468.75,-27.25019
2494140625.0,-27.25413
2494140781.25,-27.25401
2494140937.5,-27.2474
2494141093.75,-27.24767
2494141250.0,-27.24874
2494141406.25,-27.25082
2494141562.5,-27.2459
2494141718.75,-27.24865
2494141875.0,-27.24598
2494142031.25,-27.24382
2494142187.5,-27.24341
2494142343.75,-27.24096
2494142500.0,-27.24096
2494142656.25,-27.24158
2494142812.5,-27.24162
2494142968.75,-27.24235
2494143125.0,-27.23683
2494143281.25,-27.23643
2494143437.5,-27.23676
2494143593.75,-27.23861
2494143750.0,-27.23286
2494143906.25,-27.23196
2494144062.5,-27.23299
2494144218.75,-27.23369
2494144375.0,-27.23193
2494144531.25,-27.23438
2494144687.5,-27.23299
2494144843.75,-27.22717
2494145000.0,-27.23343
2494145156.25,-27.22917
2494145312.5,-27.22878
2494145468.75,-27.22734
2494145625.0,-27.22805
2494145781.25,-27.22344
2494145937.5,-27.22761
2494146093.75,-27.22562
2494146250.0,-27.2249
2494146406.25,-27.2205
2494146562.5,-27.22088
2494146718.75,-27.21758
2494146875.0,-27.22394
2494147031.25,-27.22486
2494147187.5,-27.22036
2494147343.75,-27.2167
2494147500.0,-27.21509
2494147656.25,-27.2141
2494147812.5,-27.21816
2494147968.75,-27.21424
2494148125.0,-27.21552
2494148281.25,-27.21345
2494148437.5,-27.21319
2494148593.75,-27.21332
2494148750.0,-27.21466
2494148906.25,-27.21047
2494149062.5,-27.21303
2494149218.75,-27.20968
2494149375.0,-27.2122
2494149531.25,-27.20488
2494149687.5,-27.21012
2494149843.75,-27.20378
2494150000.0,-27.20981
2494150156.25,-27.20815
2494150312.5,-27.2031
2494150468.75,-27.20614
2494150625.0,-27.20213
2494150781.25,-27.20166
2494150937.5,-27.19623
2494151093.75,-27.20285
2494151250.0,-27.1978
2494151406.25,-27.19691
2494151562.5,-27.19905
2494151718.75,-27.19971
2494151875.0,-27.19754
2494152031.25,-27.19526
2494152187.5,-27.19634
2494152343.75,-27.19392
2494152500.0,-27.19363
2494152656.25,-27.19212
2494152812.5,-27.18761
2494152968.75,-27.19082
2494153125.0,-27.1928
2494153281.25,-27.18942
2494153437.5,-27.18763
2494153593.75,-27.19097
2494153750.0,-27.19377
2494153906.25,-27.19062
2494154062.5,-27.18832
2494154218.75,-27.18608
2494154375.0,-27.18597
2494154531.25,-27.18431
2494154687.5,-27.18217
2494154843.75,-27.18233
2494155000.0,-27.18
2494155156.25,-27.18218
2494155312.5,-27.18098
2494155468.75,-27.18146
2494155625.0,-27.18173
2494155781.25,-27.17871
2494155937.5,-27.17376
2494156093.75,-27.17511
2494156250.0,-27.17492
2494156406.25,-27.17538
2494156562.5,-27.17323
2494156718.75,-27.17287
2494156875.0,-27.17366
2494157031.25,-27.17214
2494157187.5,-27.17179
2494157343.75,-27.17097
2494157500.0,-27.17209
2494157656.25,-27.16973
2494157812.5,-27.16783
2494157968.75,-27.16616
2494158125.0,-27.17004
2494158281.25,-27.1683
2494158437.5,-27.1654
2494158593.75,-27.16605
2494158750.0,-27.16881
2494158906.25,-27.16572
2494159062.5,-27.16452
2494159218.75,-27.16461
2494159375.0,-27.16685
2494159531.25,-27.16252
2494159687.5,-27.15969
2494159843.75,-27.15644
2494160000.0,-27.1592
2494160156.25,-27.1616
2494160312.5,-27.15748
2494160468.75,-27.15821
2494160625.0,-27.15447
2494160781.25,-27.15123
2494160937.5,-27.15307
2494161093.75,-27.15685
2494161250.0,-27.15213
2494161406.25,-27.15035
2494161562.5,-27.14963
2494161718.75,-27.15001
2494161875.0,-27.14925
2494162031.25,-27.14784
2494162187.5,-27.14892
2494162343.75,-27.14719
2494162500.0,-27.14545
2494162656.25,-27.14347
2494162812.5,-27.1454
2494162968.75,-27.1424
2494163125.0,-27.14577
2494163281.25,-27.14219
2494163437.5,-27.14338
2494163593.75,-27.14129
2494163750.0,-27.14403
2494163906.25,-27.1404
2494164062.5,-27.14093
2494164218.75,-27.13683
2494164375.0,-27.1346
2494164531.25,-27.13474
2494164687.5,-27.13719
2494164843.75,-27.13642
2494165000.0,-27.13769
2494165156.25,-27.13249
2494165312.5,-27.13199
2494165468.75,-27.13683
2494165625.0,-27.13044
2494165781.25,-27.13159
2494165937.5,-27.1283
2494166093.75,-27.1311
2494166250.0,-27.12623
2494166406.25,-27.13037
2494166562.5,-27.13132
2494166718.75,-27.12634
2494166875.0,-27.1254
2494167031.25,-27.12531
2494167187.5,-27.12201
2494167343.75,-27.12372
2494167500.0,-27.12363
2494167656.25,-27.12468
2494167812.5,-27.12543
2494167968.75,-27.12495
2494168125.0,-27.12405
2494168281.25,-27.12131
2494168437.5,-27.11985
2494168593.75,-27.11679
2494168750.0,-27.11772
2494168906.25,-27.11699
2494169062.5,-27.11794
2494169218.75,-27.11708
2494169375.0,-27.11094
2494169531.25,-27.11269
2494169687.5,-27.11197
2494169843.75,-27.11512
2494170000.0,-27.11173
2494170156.25,-27.11073
2494170312.5,-27.10869
2494170468.75,-27.11089
2494170625.0,-27.10887
2494170781.25,-27.10867
2494170937.5,-27.10867
2494171093.75,-27.10444
2494171250.0,-27.10515
2494171406.25,-27.10294
2494171562.5,-27.10741
2494171718.75,-27.10539
2494171875.0,-27.10324
2494172031.25,-27.10264
2494172187.5,-27.10168
2494172343.75,-27.10024
2494172500.0,-27.10056
2494172656.25,-27.10177
2494172812.5,-27.10002
2494172968.75,-27.09848
2494173125.0,-27.09764
2494173281.25,-27.09523
2494173437.5,-27.09336
2494173593.75,-27.09261
2494173750.0,-27.0927
2494173906.25,-27.09647
2494174062.5,-27.09299
2494174218.75,-27.09225
2494174375.0,-27.0928
2494174531.25,-27.08959
2494174687.5,-27.09048
2494174843.75,-27.09153
2494175000.0,-27.09146
2494175156.25,-27.08321
2494175312.5,-27.0878
2494175468.75,-27.08498
2494175625.0,-27.08934
2494175781.25,-27.08568
2494175937.5,-27.08702
2494176093.75,-27.08027
2494176250.0,-27.08223
2494176406.25,-27.08314
2494176562.5,-27.08221
2494176718.75,-27.07731
2494176875.0,-27.07824
2494177031.25,-27.0759
2494177187.5,-27.07656
2494177343.75,-27.07261
2494177500.0,-27.07371
2494177656.25,-27.07332
2494177812.5,-27.07586
2494177968.75,-27.07549
2494178125.0,-27.06993
2494178281.25,-27.07481
2494178437.5,-27.07384
2494178593.75,-27.07191
2494178750.0,-27.07104
2494178906.25,-27.07387
2494179062.5,-27.06717
2494179218.75,-27.07011
2494179375.0,-27.06748
2494179531.25,-27.06907
2494179687.5,-27.06733
2494179843.75,-27.06625
2494180000.0,-27.06207
2494180156.25,-27.06602
2494180312.5,-27.06494
2494180468.75,-27.05887
2494180625.0,-27.06082
2494180781.25,-27.06298
2494180937.5,-27.06307
2494181093.75,-27.05534
2494181250.0,-27.05753
2494181406.25,-27.05596
2494181562.5,-27.0574
2494181718.75,-27.05828
2494181875.0,-27.05552
2494182031.25,-27.05596
2494182187.5,-27.05508
2494182343.75,-27.05471
2494182500.0,-27.05322
2494182656.25,-27.05111
2494182812.5,-27.05
2494182968.75,-27.04808
2494183125.0,-27.04602
2494183281.25,-27.04995
2494183437.5,-27.04646
2494183593.75,-27.04953
2494183750.0,-27.04716
2494183906.25,-27.04588
2494184062.5,-27.04178
2494184218.75,-27.04419
2494184375.0,-27.04217
2494184531.25,-27.04025
2494184687.5,-27.04142
2494184843.75,-27.04181
2494185000.0,-27.04156
2494185156.25,-27.04317
2494185312.5,-27.03977
2494185468.75,-27.04106
2494185625.0,-27.04095
2494185781.25,-27.03482
2494185937.5,-27.03853
2494186093.75,-27.03233
2494186250.0,-27.03627
2494186406.25,-27.03534
2494186562.5,-27.03339
2494186718.75,-27.03316
2494186875.0,-27.03218
2494187031.25,-27.03011
2494187187.5,-27.02789
2494187343.75,-27.02902
2494187500.0,-27.03002
2494187656.25,-27.02575
2494187812.5,-27.02823
2494187968.75,-27.02601
2494188125.0,-27.02328
2494188281.25,-27.02527
2494188437.5,-27.02356
2494188593.75,-27.02477
2494188750.0,-27.02112
2494188906.25,-27.02205
2494189062.5,-27.022
2494189218.75,-27.01795
2494189375.0,-27.0165
2494189531.25,-27.01787
2494189687.5,-27.01953
2494189843.75,-27.0186
2494190000.0,-27.01853
2494190156.25,-27.01832
2494190312.5,-27.01359
2494190468.75,-27.01228
2494190625.0,-27.01471
2494190781.25,-27.00962
2494190937.5,-27.01126
2494191093.75,-27.01128
2494191250.0,-27.01103
2494191406.25,-27.00799
2494191562.5,-27.00521
2494191718.75,-27.00745
2494191875.0,-27.00766
2494192031.25,-27.00268
2494192187.5,-27.0046
2494192343.75,-27.00574
2494192500.0,-27.00611
2494192656.25,-27.00617
2494192812.5,-27.0026
2494192968.75,-27.00394
2494193125.0,-27.00226
2494193281.25,-26.998
2494193437.5,-26.99789
2494193593.75,-27.00012
2494193750.0,-27.00146
2494193906.25,-26.99396
2494194062.5,-26.9953
2494194218.75,-26.99691
2494194375.0,-26.99385
2494194531.25,-26.99326
2494194687.5,-26.99333
2494194843.75,-26.99202
2494195000.0,-26.99134
2494195156.25,-26.988
2494195312.5,-26.99159
2494195468.75,-26.98719
2494195625.0,-26.98557
2494195781.25,-26.9855
2494195937.5,-26.98796
2494196093.75,-26.98389
2494196250.0,-26.98831
2494196406.25,-26.9837
2494196562.5,-26.98694
2494196718.75,-26.9873
2494196875.0,-26.98326
2494197031.25,-26.98098
2494197187.5,-26.98292
2494197343.75,-26.98465
2494197500.0,-26.98063
2494197656.25,-26.97655
2494197812.5,-26.9774
2494197968.75,-26.97969
2494198125.0,-26.97556
2494198281.25,-26.97716
2494198437.5,-26.97844
2494198593.75,-26.97472
2494198750.0,-26.97142
2494198906.25,-26.97459
2494199062.5,-26.9704
2494199218.75,-26.97188
2494199375.0,-26.97315
2494199531.25,-26.97258
2494199687.5,-26.97008
2494199843.75,-26.96977
2494200000.0,-26.96924
2494200156.25,-26.96865
2494200312.5,-26.96416
2494200468.75,-26.96636
2494200625.0,-26.96004
2494200781.25,-26.9611
2494200937.5,-26.96379
2494201093.75,-26.96508
2494201250.0,-26.96173
2494201406.25,-26.96377
2494201562.5,-26.95755
2494201718.75,-26.95975
2494201875.0,-26.95697
2494202031.25,-26.95763
2494202187.5,-26.95643
2494202343.75,-26.95714
2494202500.0,-26.95665
2494202656.25,-26.95746
2494202812.5,-26.95358
2494202968.75,-26.95324
2494203125.0,-26.95559
2494203281.25,-26.94994
2494203437.5,-26.95008
2494203593.75,-26.95191
2494203750.0,-26.94706
2494203906.25,-26.94765
2494204062.5,-26.94802
2494204218.75,-26.94511
2494204375.0,-26.94782
2494204531.25,-26.94262
2494204687.5,-26.9445
2494204843.75,-26.93986
2494205000.0,-26.94126
2494205156.25,-26.94081
2494205312.5,-26.93854
2494205468.75,-26.93883
2494205625.0,-26.94103
2494205781.25,-26.93732
2494205937.5,-26.93815
2494206093.75,-26.94146
2494206250.0,-26.93867
2494206406.25,-26.94028
2494206562.5,-26.93644
2494206718.75,-26.93684
2494206875.0,-26.93723
2494207031.25,-26.93373
2494207187.5,-26.92758
2494207343.75,-26.9282
2494207500.0,-26.93313
2494207656.25,-26.92934
2494207812.5,-26.92624
2494207968.75,-26.93114
2494208125.0,-26.92777
2494208281.25,-26.92578
2494208437.5,-26.93062
2494208593.75,-26.92627
2494208750.0,-26.92338
2494208906.25,-26.92511
2494209062.5,-26.92413
2494209218.75,-26.92397
2494209375.0,-26.91851
2494209531.25,-26.91904
2494209687.5,-26.92141
2494209843.75,-26.91976
2494210000.0,-26.92237
2494210156.25,-26.91934
2494210312.5,-26.91295
2494210468.75,-26.91824
2494210625.0,-26.91675
2494210781.25,-26.91724
2494210937.5,-26.91262
2494211093.75,-26.91581
2494211250.0,-26.91328
2494211406.25,-26.90798
2494211562.5,-26.9083
2494211718.75,-26.90953
2494211875.0,-26.91068
2494212031.25,-26.9083
2494212187.5,-26.90925
2494212343.75,-26.90762
2494212500.0,-26.90604
2494212656.25,-26.9049
2494212812.5,-26.90605
2494212968.75,-26.89986
2494213125.0,-26.90205
2494213281.25,-26.9044
2494213437.5,-26.90207
2494213593.75,-26.90062
2494213750.0,-26.89896
2494213906.25,-26.89746
2494214062.5,-26.89811
2494214218.75,-26.905
2494214375.0,-26.8976
2494214531.25,-26.8932
2494214687.5,-26.89672
2494214843.75,-26.89331
2494215000.0,-26.89846
2494215156.25,-26.89066
2494215312.5,-26.89465
2494215468.75,-26.89429
2494215625.0,-26.89498
2494215781.25,-26.89027
2494215937.5,-26.8875
2494216093.75,-26.88906
2494216250.0,-26.88972
2494216406.25,-26.88724
2494216562.5,-26.8879
2494216718.75,-26.88653
2494216875.0,-26.88515
2494217031.25,-26.88389
2494217187.5,-26.88395
2494217343.75,-26.88562
2494217500.0,-26.88428
2494217656.25,-26.88502
2494217812.5,-26.88082
2494217968.75,-26.88049
2494218125.0,-26.87832
2494218281.25,-26.88034
2494218437.5,-26.87944
2494218593.75,-26.8778
2494218750.0,-26.87695
2494218906.25,-26.87642
2494219062.5,-26.87393
2494219218.75,-26.87469
2494219375.0,-26.8746
2494219531.25,-26.87249
2494219687.5,-26.87212
2494219843.75,-26.8694
2494220000.0,-26.8684
2494220156.25,-26.87057
2494220312.5,-26.86815
2494220468.75,-26.87431
2494220625.0,-26.86794
2494220781.25,-26.86662
2494220937.5,-26.86505
2494221093.75,-26.8688
2494221250.0,-26.86552
2494221406.25,-26.8634
2494221562.5,-26.86281
2494221718.75,-26.8597
2494221875.0,-26.8599
2494222031.25,-26.86105
2494222187.5,-26.86024
2494222343.75,-26.85774
2494222500.0,-26.85933
2494222656.25,-26.85815
2494222812.5,-26.85323
2494222968.75,-26.85289
2494223125.0,-26.85431
2494223281.25,-26.85299
2494223437.5,-26.85457
2494223593.75,-26.85729
2494223750.0,-26.84892
2494223906.25,-26.85006
2494224062.5,-26.84955
2494224218.75,-26.84828
2494224375.0,-26.84669
2494224531.25,-26.84923
2494224687.5,-26.8473
2494224843.75,-26.84706
2494225000.0,-26.84498
2494225156.25,-26.84394
2494225312.5,-26.84706
2494225468.75,-26.84671
2494225625.0,-26.84693
2494225781.25,-26.84484
2494225937.5,-26.84031
2494226093.75,-26.83955
2494226250.0,-26.84109
2494226406.25,-26.83588
2494226562.5,-26.83906
2494226718.75,-26.83973
2494226875.0,-26.8374
2494227031.25,-26.83536
2494227187.5,-26.83593
2494227343.75,-26.83497
2494227500.0,-26.83194
2494227656.25,-26.83439
2494227812.5,-26.83189
2494227968.75,-26.83122
2494228125.0,-26.8331
2494228281.25,-26.82828
2494228437.5,-26.8282
2494228593.75,-26.82953
2494228750.0,-26.82631
2494228906.25,-26.82803
2494229062.5,-26.82598
2494229218.75,-26.82494
2494229375.0,-26.82734
2494229531.25,-26.82386
2494229687.5,-26.82334
2494229843.75,-26.81998
2494230000.0,-26.82178
2494230156.25,-26.82164
2494230312.5,-26.81877
2494230468.75,-26.82275
2494230625.0,-26.81553
2494230781.25,-26.81571
2494230937.5,-26.81684
2494231093.75,-26.81782
2494231250.0,-26.81529
2494231406.25,-26.81531
2494231562.5,-26.81538
2494231718.75,-26.81299
2494231875.0,-26.81456
2494232031.25,-26.81003
2494232187.5,-26.80915
2494232343.75,-26.80873
2494232500.0,-26.80648
2494232656.25,-26.80824
2494232812.5,-26.80251
2494232968.75,-26.80699
2494233125.0,-26.80342
2494233281.25,-26.80898
2494233437.5,-26.80831
2494233593.75,-26.80249
2494233750.0,-26.80352
2494233906.25,-26.80267
2494234062.5,-26.80038
2494234218.75,-26.79917
2494234375.0,-26.79738
2494234531.25,-26.79938
2494234687.5,-26.80146
2494234843.75,-26.79849
2494235000.0,-26.79604
2494235156.25,-26.79883
2494235312.5,-26.79735
2494235468.75,-26.7946
2494235625.0,-26.7924
2494235781.25,-26.79591
2494235937.5,-26.79012
2494236093.75,-26.79068
2494236250.0,-26.78808
2494236406.25,-26.79278
2494236562.5,-26.78971
2494236718.75,-26.78878
2494236875.0,-26.78766
2494237031.25,-26.78716
2494237187.5,-26.78474
2494237343.75,-26.78599
2494237500.0,-26.78832
2494237656.25,-26.78304
2494237812.5,-26.782
2494237968.75,-26.78434
2494238125.0,-26.78022
2494238281.25,-26.77733
2494238437.5,-26.7809
2494238593.75,-26.78291
2494238750.0,-26.77877
2494238906.25,-26.77382
2494239062.5,-26.77636
2494239218.75,-26.77401
2494239375.0,-26.77597
2494239531.25,-26.77188
2494239687.5,-26.77142
2494239843.75,-26.76974
2494240000.0,-26.77469
2494240156.25,-26.7715
2494240312.5,-26.76902
2494240468.75,-26.76966
2494240625.0,-26.7657
2494240781.25,-26.76736
2494240937.5,-26.76746
2494241093.75,-26.76652
2494241250.0,-26.76815
2494241406.25,-26.76662
2494241562.5,-26.76363
2494241718.75,-26.76545
2494241875.0,-26.76253
2494242031.25,-26.76446
2494242187.5,-26.76339
2494242343.75,-26.76155
2494242500.0,-26.75774
2494242656.25,-26.76035
2494242812.5,-26.75867
2494242968.75,-26.75414
2494243125.0,-26.75584
2494243281.25,-26.75453
2494243437.5,-26.75396
2494243593.75,-26.75418
2494243750.0,-26.75398
2494243906.25,-26.75309
2494244062.5,-26.75446
2494244218.75,-26.74974
2494244375.0,-26.75371
2494244531.25,-26.74656
2494244687.5,-26.75111
2494244843.75,-26.74763
2494245000.0,-26.75089
2494245156.25,-26.75101
2494245312.5,-26.74695
2494245468.75,-26.74518
2494245625.0,-26.74428
2494245781.25,-26.74372
2494245937.5,-26.74259
2494246093.75,-26.74359
2494246250.0,-26.7391
2494246406.25,-26.74111
2494246562.5,-26.73912
2494246718.75,-26.73864
2494246875.0,-26.73509
2494247031.25,-26.74043
2494247187.5,-26.73717
2494247343.75,-26.7359
2494247500.0,-26.73429
2494247656.25,-26.73676
2494247812.5,-26.7362
2494247968.75,-26.73543
2494248125.0,-26.72835
2494248281.25,-26.73212
2494248437.5,-26.73189
2494248593.75,-26.72771
2494248750.0,-26.73091
2494248906.25,-26.72789
2494249062.5,-26.72824
2494249218.75,-26.72853
2494249375.0,-26.72591
2494249531.25,-26.72344
2494249687.5,-26.7219
2494249843.75,-26.7219
2494250000.0,-26.72156
2494250156.25,-26.72442
2494250312.5,-26.72165
2494250468.75,-26.72014
2494250625.0,-26.71696
2494250781.25,-26.71736
2494250937.5,-26.71863
2494251093.75,-26.71623
2494251250.0,-26.71932
2494251406.25,-26.71577
2494251562.5,-26.71632
2494251718.75,-26.71633
2494251875.0,-26.71607
2494252031.25,-26.71297
2494252187.5,-26.70987
2494252343.75,-26.71095
2494252500.0,-26.71163
2494252656.25,-26.70978
2494252812.5,-26.71206
2494252968.75,-26.71036
2494253125.0,-26.70973
2494253281.25,-26.70781
2494253437.5,-26.70863
2494253593.75,-26.70252
2494253750.0,-26.70635
2494253906.25,-26.70162
2494254062.5,-26.70247
2494254218.75,-26.70567
2494254375.0,-26.70229
2494254531.25,-26.69808
2494254687.5,-26.70267
2494254843.75,-26.6992
2494255000.0,-26.69999
2494255156.25,-26.7002
2494255312.5,-26.69711
2494255468.75,-26.69309
2494255625.0,-26.69464
2494255781.25,-26.68998
2494255937.5,-26.69641
2494256093.75,-26.69794
2494256250.0,-26.69016
2494256406.25,-26.68915
2494256562.5,-26.69282
2494256718.75,-26.68793
2494256875.0,-26.68792
2494257031.25,-26.68633
2494257187.5,-26.68713
2494257343.75,-26.68796
2494257500.0,-26.68717
2494257656.25,-26.68589
2494257812.5,-26.68344
2494257968.75,-26.68443
2494258125.0,-26.68322
2494258281.25,-26.67981
2494258437.5,-26.68233
2494258593.75,-26.68048
2494258750.0,-26.6781
2494258906.25,-26.67757
2494259062.5,-26.67773
2494259218.75,-26.67832
2494259375.0,-26.67279
2494259531.25,-26.67191
2494259687.5,-26.67176
2494259843.75,-26.67567
2494260000.0,-26.67224
2494260156.25,-26.67171
2494260312.5,-26.67281
2494260468.75,-26.67019
2494260625.0,-26.67068
2494260781.25,-26.6682
2494260937.5,-26.67027
2494261093.75,-26.66714
2494261250.0,-26.66589
2494261406.25,-26.66295
2494261562.5,-26.66561
2494261718.75,-26.66196
2494261875.0,-26.66175
2494262031.25,-26.66301
2494262187.5,-26.66148
2494262343.75,-26.66318
2494262500.0,-26.66082
2494262656.25,-26.66088
2494262812.5,-26.65595
2494262968.75,-26.65785
2494263125.0,-26.65632
2494263281.25,-26.65319
2494263437.5,-26.65752
2494263593.75,-26.65178
2494263750.0,-26.6551
2494263906.25,-26.6509
2494264062.5,-26.65218
2494264218.75,-26.65148
2494264375.0,-26.65127
2494264531.25,-26.64804
2494264687.5,-26.65124
2494264843.75,-26.64759
2494265000.0,-26.64695
2494265156.25,-26.64305
2494265312.5,-26.64749
2494265468.75,-26.64459
2494265625.0,-26.64649
2494265781.25,-26.64492
2494265937.5,-26.64229
2494266093.75,-26.64345
2494266250.0,-26.63946
2494266406.25,-26.64058
2494266562.5,-26.64222
2494266718.75,-26.63916
2494266875.0,-26.63931
2494267031.25,-26.63623
2494267187.5,-26.6377
2494267343.75,-26.63612
2494267500.0,-26.63581
2494267656.25,-26.63594
2494267812.5,-26.63455
2494267968.75,-26.6333
2494268125.0,-26.63145
2494268281.25,-26.6299
2494268437.5,-26.63222
2494268593.75,-26.63013
2494268750.0,-26.62908
2494268906.25,-26.6298
2494269062.5,-26.62882
2494269218.75,-26.62604
2494269375.0,-26.62458
2494269531.25,-26.62682
2494269687.5,-26.62234
2494269843.75,-26.62582
2494270000.0,-26.62394
2494270156.25,-26.62242
2494270312.5,-26.62176
2494270468.75,-26.62154
2494270625.0,-26.61988
2494270781.25,-26.61734
2494270937.5,-26.61766
2494271093.75,-26.61522
2494271250.0,-26.61858
2494271406.25,-26.61384
2494271562.5,-26.61316
2494271718.75,-26.61215
2494271875.0,-26.61031
2494272031.25,-26.60998
2494272187.5,-26.61134
2494272343.75,-26.61318
2494272500.0,-26.60793
2494272656.25,-26.611
2494272812.5,-26.60675
2494272968.75,-26.61055
2494273125.0,-26.60703
2494273281.25,-26.60529
2494273437.5,-26.60531
2494273593.75,-26.60437
2494273750.0,-26.59948
2494273906.25,-26.60447
2494274062.5,-26.6011
2494274218.75,-26.60284
2494274375.0,-26.59972
2494274531.25,-26.5989
2494274687.5,-26.60251
2494274843.75,-26.59906
2494275000.0,-26.59495
2494275156.25,-26.596
2494275312.5,-26.59744
2494275468.75,-26.5951
2494275625.0,-26.59645
2494275781.25,-26.59255
2494275937.5,-26.59686
2494276093.75,-26.59291
2494276250.0,-26.5939
2494276406.25,-26.59218
2494276562.5,-26.58907
2494276718.75,-26.58751
2494276875.0,-26.58852
2494277031.25,-26.58827
2494277187.5,-26.58613
2494277343.75,-26.58794
2494277500.0,-26.5825
2494277656.25,-26.584
2494277812.5,-26.58213
2494277968.75,-26.58262
2494278125.0,-26.58246
2494278281.25,-26.5805
2494278437.5,-26.58122
2494278593.75,-26.5791
2494278750.0,-26.58159
2494278906.25,-26.57881
2494279062.5,-26.57665
2494279218.75,-26.5778
2494279375.0,-26.57721
2494279531.25,-26.577
2494279687.5,-26.57059
2494279843.75,-26.56811
2494280000.0,-26.57106
2494280156.25,-26.57152
2494280312.5,-26.57193
2494280468.75,-26.57369
2494280625.0,-26.56916
2494280781.25,-26.56573
2494280937.5,-26.5639
2494281093.75,-26.5652
2494281250.0,-26.56256
2494281406.25,-26.5655
2494281562.5,-26.56539
2494281718.75,-26.56223
2494281875.0,-26.56564
2494282031.25,-26.562
2494282187.5,-26.563
2494282343.75,-26.55915
2494282500.0,-26.5594
2494282656.25,-26.56055
2494282812.5,-26.56
2494282968.75,-26.55849
2494283125.0,-26.55249
2494283281.25,-26.55545
2494283437.5,-26.55465
2494283593.75,-26.55608
2494283750.0,-26.55518
2494283906.25,-26.55345
2494284062.5,-26.55098
2494284218.75,-26.55483
2494284375.0,-26.5478
2494284531.25,-26.55086
2494284687.5,-26.54935
2494284843.75,-26.546
2494285000.0,-26.54567
2494285156.25,-26.54842
2494285312.5,-26.54351
2494285468.75,-26.54705
2494285625.0,-26.54444
2494285781.25,-26.54254
2494285937.5,-26.54245
2494286093.75,-26.54182
2494286250.0,-26.53917
2494286406.25,-26.53732
2494286562.5,-26.53744
2494286718.75,-26.53863
2494286875.0,-26.53357
2494287031.25,-26.53317
2494287187.5,-26.53328
2494287343.75,-26.53951
2494287500.0,-26.5381
2494287656.25,-26.53246
2494287812.5,-26.53216
2494287968.75,-26.53094
2494288125.0,-26.53104
2494288281.25,-26.52941
2494288437.5,-26.52885
2494288593.75,-26.52805
2494288750.0,-26.52837
2494288906.25,-26.52395
2494289062.5,-26.52764
2494289218.75,-26.52592
2494289375.0,-26.5223
2494289531.25,-26.52505
2494289687.5,-26.51926
2494289843.75,-26.52354
2494290000.0,-26.52277
2494290156.25,-26.52007
2494290312.5,-26.51904
2494290468.75,-26.51873
2494290625.0,-26.51927
2494290781.25,-26.51859
2494290937.5,-26.51863
2494291093.75,-26.51451
2494291250.0,-26.51433
2494291406.25,-26.51351
2494291562.5,-26.51416
2494291718.75,-26.5125
2494291875.0,-26.51383
2494292031.25,-26.51081
2494292187.5,-26.51111
2494292343.75,-26.50698
2494292500.0,-26.50679
2494292656.25,-26.50755
2494292812.5,-26.50877
2494292968.75,-26.50847
2494293125.0,-26.5064
2494293281.25,-26.50213
2494293437.5,-26.50192
2494293593.75,-26.50542
2494293750.0,-26.50577
2494293906.25,-26.50427
2494294062.5,-26.50207
2494294218.75,-26.49904
2494294375.0,-26.50163
2494294531.25,-26.49799
2494294687.5,-26.49797
2494294843.75,-26.49903
2494295000.0,-26.49521
2494295156.25,-26.49295
2494295312.5,-26.49485
2494295468.75,-26.4938
2494295625.0,-26.49208
2494295781.25,-26.49271
2494295937.5,-26.49217
2494296093.75,-26.48984
2494296250.0,-26.49214
2494296406.25,-26.48556
2494296562.5,-26.48747
2494296718.75,-26.48761
2494296875.0,-26.48693
2494297031.25,-26.48797
2494297187.5,-26.48564
2494297343.75,-26.4842
2494297500.0,-26.48195
2494297656.25,-26.48388
2494297812.5,-26.48134
2494297968.75,-26.4825
2494298125.0,-26.47709
2494298281.25,-26.47863
2494298437.5,-26.48096
2494298593.75,-26.47624
2494298750.0,-26.47623
2494298906.25,-26.47589
2494299062.5,-26.47636
2494299218.75,-26.47384
2494299375.0,-26.47482
2494299531.25,-26.47145
2494299687.5,-26.47287
2494299843.75,-26.47374
2494300000.0,-26.47062
2494300156.25,-26.47289
2494300312.5,-26.47141
2494300468.75,-26.46984
2494300625.0,-26.46659
2494300781.25,-26.46496
2494300937.5,-26.46814
2494301093.75,-26.46207
2494301250.0,-26.4646
2494301406.25,-26.46247
2494301562.5,-26.46232
2494301718.75,-26.46108
2494301875.0,-26.46072
2494302031.25,-26.4629
2494302187.5,-26.45883
2494302343.75,-26.45713
2494302500.0,-26.45683
2494302656.25,-26.45636
2494302812.5,-26.45566
2494302968.75,-26.4537
2494303125.0,-26.45432
2494303281.25,-26.4525
2494303437.5,-26.45253
2494303593.75,-26.4523
2494303750.0,-26.44966
2494303906.25,-26.45073
2494304062.5,-26.45219
2494304218.75,-26.45072
2494304375.0,-26.44615
2494304531.25,-26.45081
2494304687.5,-26.44816
2494304843.75,-26.44695
2494305000.0,-26.4445
2494305156.25,-26.44468
2494305312.5,-26.44261
2494305468.75,-26.44376
2494305625.0,-26.44017
2494305781.25,-26.44068
2494305937.5,-26.44073
2494306093.75,-26.44051
2494306250.0,-26.44168
2494306406.25,-26.43997
2494306562.5,-26.4374
2494306718.75,-26.43479
2494306875.0,-26.43269
2494307031.25,-26.43508
2494307187.5,-26.43139
2494307343.75,-26.43543
2494307500.0,-26.43146
2494307656.25,-26.43051
2494307812.5,-26.42819
2494307968.75,-26.43055
2494308125.0,-26.43024
2494308281.25,-26.42875
2494308437.5,-26.42852
2494308593.75,-26.42596
2494308750.0,-26.42571
2494308906.25,-26.42341
2494309062.5,-26.42577
2494309218.75,-26.42082
2494309375.0,-26.42525
2494309531.25,-26.42228
2494309687.5,-26.41575
2494309843.75,-26.41747
2494310000.0,-26.42327
2494310156.25,-26.4206
2494310312.5,-26.41691
2494310468.75,-26.41734
2494310625.0,-26.41607
2494310781.25,-26.41681
2494310937.5,-26.41517
2494311093.75,-26.41087
2494311250.0,-26.41218
2494311406.25,-26.41277
2494311562.5,-26.41203
2494311718.75,-26.41244
2494311875.0,-26.41383
2494312031.25,-26.41125
2494312187.5,-26.4048
2494312343.75,-26.40436
2494312500.0,-26.40351
2494312656.25,-26.40642
2494312812.5,-26.40186
2494312968.75,-26.40522
2494313125.0,-26.40015
2494313281.25,-26.40229
2494313437.5,-26.39729
2494313593.75,-26.39941
2494313750.0,-26.39773
2494313906.25,-26.39988
2494314062.5,-26.40119
2494314218.75,-26.39675
2494314375.0,-26.39578
2494314531.25,-26.39867
2494314687.5,-26.39491
2494314843.75,-26.39621
2494315000.0,-26.39165
2494315156.25,-26.38882
2494315312.5,-26.39011
2494315468.75,-26.39346
2494315625.0,-26.39078
2494315781.25,-26.39445
2494315937.5,-26.3877
2494316093.75,-26.38968
2494316250.0,-26.39123
2494316406.25,-26.38656
2494316562.5,-26.38291
2494316718.75,-26.38302
2494316875.0,-26.3841
2494317031.25,-26.38081
2494317187.5,-26.38228
2494317343.75,-26.38138
2494317500.0,-26.37845
2494317656.25,-26.37953
2494317812.5,-26.3816
2494317968.75,-26.37714
2494318125.0,-26.38379
2494318281.25,-26.38119
2494318437.5,-26.37422
2494318593.75,-26.37821
2494318750.0,-26.37877
2494318906.25,-26.37475
2494319062.5,-26.37151
2494319218.75,-26.37176
2494319375.0,-26.37155
2494319531.25,-26.36975
2494319687.5,-26.36799
2494319843.75,-26.36657
2494320000.0,-26.36848
2494320156.25,-26.36708
2494320312.5,-26.36867
2494320468.75,-26.36624
2494320625.0,-26.36755
2494320781.25,-26.36501
2494320937.5,-26.36249
2494321093.75,-26.35968
2494321250.0,-26.35864
2494321406.25,-26.36439
2494321562.5,-26.35941
2494321718.75,-26.35831
2494321875.0,-26.35379
2494322031.25,-26.3576
2494322187.5,-26.35706
2494322343.75,-26.35579
2494322500.0,-26.35139
2494322656.25,-26.35373
2494322812.5,-26.35121
2494322968.75,-26.35074
2494323125.0,-26.35025
2494323281.25,-26.3491
2494323437.5,-26.35078
2494323593.75,-26.34595
2494323750.0,-26.35009
2494323906.25,-26.34698
2494324062.5,-26.34526
2494324218.75,-26.34259
2494324375.0,-26.34553
2494324531.25,-26.34411
2494324687.5,-26.3454
2494324843.75,-26.34281
2494325000.0,-26.34101
2494325156.25,-26.33999
2494325312.5,-26.33953
2494325468.75,-26.33745
2494325625.0,-26.33729
2494325781.25,-26.33783
2494325937.5,-26.33477
2494326093.75,-26.33845
2494326250.0,-26.33419
2494326406.25,-26.33065
2494326562.5,-26.33348
2494326718.75,-26.33261
2494326875.0,-26.33449
2494327031.25,-26.32553
2494327187.5,-26.32729
2494327343.75,-26.32664
2494327500.0,-26.3293
2494327656.25,-26.32723
2494327812.5,-26.33078
2494327968.75,-26.32439
2494328125.0,-26.32698
2494328281.25,-26.32411
2494328437.5,-26.3256
2494328593.75,-26.31984
2494328750.0,-26.32383
2494328906.25,-26.32124
2494329062.5,-26.32009
2494329218.75,-26.31834
2494329375.0,-26.31745
2494329531.25,-26.32055
2494329687.5,-26.31816
2494329843.75,-26.31766
2494330000.0,-26.31579
2494330156.25,-26.3134
2494330312.5,-26.3134
2494330468.75,-26.31538
2494330625.0,-26.31139
2494330781.25,-26.31403
2494330937.5,-26.31167
2494331093.75,-26.31152
2494331250.0,-26.30911
2494331406.25,-26.30992
2494331562.5,-26.30654
2494331718.75,-26.30768
2494331875.0,-26.30865
2494332031.25,-26.30657
2494332187.5,-26.30671
2494332343.75,-26.30732
2494332500.0,-26.30483
2494332656.25,-26.30302
2494332812.5,-26.30021
2494332968.75,-26.29827
2494333125.0,-26.29943
2494333281.25,-26.29857
2494333437.5,-26.2964
2494333593.75,-26.29837
2494333750.0,-26.30241
2494333906.25,-26.295
2494334062.5,-26.29638
2494334218.75,-26.29465
2494334375.0,-26.29704
2494334531.25,-26.29154
2494334687.5,-26.29168
2494334843.75,-26.29084
2494335000.0,-26.28902
2494335156.25,-26.29057
2494335312.5,-26.28762
2494335468.75,-26.28416
2494335625.0,-26.28798
2494335781.25,-26.28476
2494335937.5,-26.28077
2494336093.75,-26.28393
2494336250.0,-26.28265
2494336406.25,-26.28198
2494336562.5,-26.28123
2494336718.75,-26.27954
2494336875.0,-26.2797
2494337031.25,-26.28089
2494337187.5,-26.27829
2494337343.75,-26.2789
2494337500.0,-26.27578
2494337656.25,-26.2751
2494337812.5,-26.27425
2494337968.75,-26.27404
2494338125.0,-26.26978
2494338281.25,-26.27634
2494338437.5,-26.26793
2494338593.75,-26.2714
2494338750.0,-26.2718
2494338906.25,-26.27127
2494339062.5,-26.26921
2494339218.75,-26.27105
2494339375.0,-26.26754
2494339531.25,-26.26337
2494339687.5,-26.26595
2494339843.75,-26.26231
2494340000.0,-26.26391
2494340156.25,-26.26566
2494340312.5,-26.26372
2494340468.75,-26.25972
2494340625.0,-26.26121
2494340781.25,-26.25958
2494340937.5,-26.26228
2494341093.75,-26.25768
2494341250.0,-26.25484
2494341406.25,-26.25578
2494341562.5,-26.25497
2494341718.75,-26.25808
2494341875.0,-26.25082
2494342031.25,-26.25269
2494342187.5,-26.25165
2494342343.75,-26.25201
2494342500.0,-26.25215
2494342656.25,-26.25461
2494342812.5,-26.24727
2494342968.75,-26.24759
2494343125.0,-26.24434
2494343281.25,-26.24275
2494343437.5,-26.24696
2494343593.75,-26.24186
2494343750.0,-26.24263
2494343906.25,-26.24525
2494344062.5,-26.23911
2494344218.75,-26.24077
2494344375.0,-26.24126
2494344531.25,-26.23614
2494344687.5,-26.24054
2494344843.75,-26.23909
2494345000.0,-26.2385
2494345156.25,-26.23789
2494345312.5,-26.23744
2494345468.75,-26.23559
2494345625.0,-26.23391
2494345781.25,-26.23705
2494345937.5,-26.23314
2494346093.75,-26.23299
2494346250.0,-26.23169
2494346406.25,-26.2307
2494346562.5,-26.23048
2494346718.75,-26.22748
2494346875.0,-26.22822
2494347031.25,-26.2275
2494347187.5,-26.22514
2494347343.75,-26.22692
2494347500.0,-26.22343
2494347656.25,-26.22181
2494347812.5,-26.22527
2494347968.75,-26.21764
2494348125.0,-26.21619
2494348281.25,-26.21871
2494348437.5,-26.22004
2494348593.75,-26.21605
2494348750.0,-26.21547
2494348906.25,-26.21656
2494349062.5,-26.21636
2494349218.75,-26.21414
2494349375.0,-26.21461
2494349531.25,-26.21248
2494349687.5,-26.21595
2494349843.75,-26.21185
2494350000.0,-26.20887
2494350156.25,-26.21382
2494350312.5,-26.20978
2494350468.75,-26.20634
2494350625.0,-26.20966
2494350781.25,-26.20887
2494350937.5,-26.20613
2494351093.75,-26.20578
2494351250.0,-26.2034
2494351406.25,-26.20831
2494351562.5,-26.20357
2494351718.75,-26.2042
2494351875.0,-26.20224
2494352031.25,-26.198
2494352187.5,-26.20064
2494352343.75,-26.1995
2494352500.0,-26.19618
2494352656.25,-26.19793
2494352812.5,-26.19659
2494352968.75,-26.19308
2494353125.0,-26.194
2494353281.25,-26.1952
2494353437.5,-26.19431
2494353593.75,-26.19345
2494353750.0,-26.19448
2494353906.25,-26.18971
2494354062.5,-26.19217
2494354218.75,-26.18538
2494354375.0,-26.18782
2494354531.25,-26.18822
2494354687.5,-26.18516
2494354843.75,-26.18489
2494355000.0,-26.18518
2494355156.25,-26.18067
2494355312.5,-26.17997
2494355468.75,-26.18443
2494355625.0,-26.18175
2494355781.25,-26.18087
2494355937.5,-26.17894
2494356093.75,-26.17653
2494356250.0,-26.17817
2494356406.25,-26.17808
2494356562.5,-26.17226
2494356718.75,-26.17603
2494356875.0,-26.17655
2494357031.25,-26.17448
2494357187.5,-26.17472
2494357343.75,-26.16979
2494357500.0,-26.17379
2494357656.25,-26.17168
2494357812.5,-26.16995
2494357968.75,-26.16884
2494358125.0,-26.16797
2494358281.25,-26.1695
2494358437.5,-26.16821
2494358593.75,-26.16366
2494358750.0,-26.16652
2494358906.25,-26.16434
2494359062.5,-26.16091
2494359218.75,-26.16523
2494359375.0,-26.1598
2494359531.25,-26.15902
2494359687.5,-26.1614
2494359843.75,-26.15901
2494360000.0,-26.15639
2494360156.25,-26.15912
2494360312.5,-26.1563
2494360468.75,-26.15637
2494360625.0,-26.15226
2494360781.25,-26.15631
2494360937.5,-26.1529
2494361093.75,-26.15405
2494361250.0,-26.15088
2494361406.25,-26.15272
2494361562.5,-26.1494
2494361718.75,-26.14989
2494361875.0,-26.14641
2494362031.25,-26.14664
2494362187.5,-26.15012
2494362343.75,-26.14561
2494362500.0,-26.14627
2494362656.25,-26.14198
2494362812.5,-26.1459
2494362968.75,-26.14353
2494363125.0,-26.14311
2494363281.25,-26.14355
2494363437.5,-26.14015
2494363593.75,-26.13704
2494363750.0,-26.14092
2494363906.25,-26.13786
2494364062.5,-26.13632
2494364218.75,-26.13344
2494364375.0,-26.1366
2494364531.25,-26.13452
2494364687.5,-26.13216
2494364843.75,-26.13427
2494365000.0,-26.13227
2494365156.25,-26.13016
2494365312.5,-26.13157
2494365468.75,-26.13225
2494365625.0,-26.12854
2494365781.25,-26.12785
2494365937.5,-26.1303
2494366093.75,-26.1252
2494366250.0,-26.12538
2494366406.25,-26.12378
2494366562.5,-26.1204
2494366718.75,-26.1209
2494366875.0,-26.12194
2494367031.25,-26.1227
2494367187.5,-26.12224
2494367343.75,-26.12069
2494367500.0,-26.11966
2494367656.25,-26.11748
2494367812.5,-26.11831
2494367968.75,-26.11478
2494368125.0,-26.11912
2494368281.25,-26.11541
2494368437.5,-26.1148
2494368593.75,-26.1127
2494368750.0,-26.1123
2494368906.25,-26.11142
2494369062.5,-26.11141
2494369218.75,-26.10758
2494369375.0,-26.10822
2494369531.25,-26.10878
2494369687.5,-26.10814
2494369843.75,-26.10654
2494370000.0,-26.10182
2494370156.25,-26.10452
2494370312.5,-26.10279
2494370468.75,-26.1047
2494370625.0,-26.10271
2494370781.25,-26.10516
2494370937.5,-26.10193
2494371093.75,-26.10026
2494371250.0,-26.09903
2494371406.25,-26.09485
2494371562.5,-26.09675
2494371718.75,-26.097
2494371875.0,-26.09427
2494372031.25,-26.09248
2494372187.5,-26.0951
2494372343.75,-26.09532
2494372500.0,-26.09222
2494372656.25,-26.09388
2494372812.5,-26.08987
2494372968.75,-26.08911
2494373125.0,-26.09069
2494373281.25,-26.08729
2494373437.5,-26.08507
2494373593.75,-26.08447
2494373750.0,-26.08462
2494373906.25,-26.08246
2494374062.5,-26.08312
2494374218.75,-26.08367
2494374375.0,-26.08069
2494374531.25,-26.08098
2494374687.5,-26.08135
2494374843.75,-26.08024
2494375000.0,-26.07819
2494375156.25,-26.076
2494375312.5,-26.07857
2494375468.75,-26.0756
2494375625.0,-26.07514
2494375781.25,-26.07388
2494375937.5,-26.07363
2494376093.75,-26.07277
2494376250.0,-26.07306
2494376406.25,-26.0707
2494376562.5,-26.07297
2494376718.75,-26.07155
2494376875.0,-26.06958
2494377031.25,-26.06511
2494377187.5,-26.06725
2494377343.75,-26.06685
2494377500.0,-26.06482
2494377656.25,-26.06313
2494377812.5,-26.06479
2494377968.75,-26.06406
2494378125.0,-26.06093
2494378281.25,-26.06194
2494378437.5,-26.06125
2494378593.75,-26.06035
2494378750.0,-26.05914
2494378906.25,-26.05474
2494379062.5,-26.05496
2494379218.75,-26.05672
2494379375.0,-26.05489
2494379531.25,-26.05635
2494379687.5,-26.05311
2494379843.75,-26.05125
2494380000.0,-26.0496
2494380156.25,-26.05028
2494380312.5,-26.05084
2494380468.75,-26.04772
2494380625.0,-26.05114
2494380781.25,-26.04745
2494380937.5,-26.0471
2494381093.75,-26.04991
2494381250.0,-26.04508
2494381406.25,-26.04472
2494381562.5,-26.04337
2494381718.75,-26.04274
2494381875.0,-26.04158
2494382031.25,-26.0419
2494382187.5,-26.04088
2494382343.75,-26.03873
2494382500.0,-26.03858
2494382656.25,-26.04005
2494382812.5,-26.03673
2494382968.75,-26.0342
2494383125.0,-26.03715
2494383281.25,-26.03652
2494383437.5,-26.03326
2494383593.75,-26.03295
2494383750.0,-26.03155
2494383906.25,-26.029
2494384062.5,-26.02937
2494384218.75,-26.02901
2494384375.0,-26.02775
2494384531.25,-26.02995
2494384687.5,-26.02839
2494384843.75,-26.02215
2494385000.0,-26.02493
2494385156.25,-26.02443
2494385312.5,-26.02364
2494385468.75,-26.02306
2494385625.0,-26.02313
2494385781.25,-26.02254
2494385937.5,-26.01802
2494386093.75,-26.0161
2494386250.0,-26.01776
2494386406.25,-26.01489
2494386562.5,-26.01653
2494386718.75,-26.01627
2494386875.0,-26.01542
2494387031.25,-26.01548
2494387187.5,-26.01579
2494387343.75,-26.01335
2494387500.0,-26.01326
2494387656.25,-26.00987
2494387812.5,-26.00824
2494387968.75,-26.01215
2494388125.0,-26.00665
2494388281.25,-26.00687
2494388437.5,-26.00785
2494388593.75,-26.00674
2494388750.0,-26.00422
2494388906.25,-26.00454
2494389062.5,-26.00124
2494389218.75,-26.00231
2494389375.0,-25.99855
2494389531.25,-26.00064
2494389687.5,-25.9988
2494389843.75,-25.99627
2494390000.0,-25.99855
2494390156.25,-25.99654
2494390312.5,-25.99579
2494390468.75,-25.99595
2494390625.0,-25.99408
2494390781.25,-25.99493
2494390937.5,-25.99054
2494391093.75,-25.9957
2494391250.0,-25.99326
2494391406.25,-25.99199
2494391562.5,-25.99106
2494391718.75,-25.98645
2494391875.0,-25.98841
2494392031.25,-25.98143
2494392187.5,-25.98614
2494392343.75,-25.98504
2494392500.0,-25.98351
2494392656.25,-25.98393
2494392812.5,-25.98205
2494392968.75,-25.97952
2494393125.0,-25.98563
2494393281.25,-25.98075
2494393437.5,-25.97884
2494393593.75,-25.97986
2494393750.0,-25.97926
2494393906.25,-25.97965
2494394062.5,-25.97269
2494394218.75,-25.97655
2494394375.0,-25.97528
2494394531.25,-25.97237
2494394687.5,-25.97072
2494394843.75,-25.97
2494395000.0,-25.97211
2494395156.25,-25.972
2494395312.5,-25.97062
2494395468.75,-25.9696
2494395625.0,-25.97051
2494395781.25,-25.96548
2494395937.5,-25.96972
2494396093.75,-25.96679
2494396250.0,-25.96475
2494396406.25,-25.96489
2494396562.5,-25.96311
2494396718.75,-25.96203
2494396875.0,-25.96292
2494397031.25,-25.95876
2494397187.5,-25.95642
2494397343.75,-25.96009
2494397500.0,-25.9576
2494397656.25,-25.95988
2494397812.5,-25.95267
2494397968.75,-25.95424
2494398125.0,-25.95087
2494398281.25,-25.95324
2494398437.5,-25.94867
2494398593.75,-25.95544
2494398750.0,-25.94774
2494398906.25,-25.9471
2494399062.5,-25.94961
2494399218.75,-25.94928
2494399375.0,-25.94725
2494399531.25,-25.9461
2494399687.5,-25.94426
2494399843.75,-25.94407
2494400000.0,-25.94321
2494400156.25,-25.94034
2494400312.5,-25.94338
2494400468.75,-25.94225
2494400625.0,-25.93788
2494400781.25,-25.94098
2494400937.5,-25.94016
2494401093.75,-25.93858
2494401250.0,-25.93314
2494401406.25,-25.94004
2494401562.5,-25.93558
2494401718.75,-25.93369
2494401875.0,-25.93274
2494402031.25,-25.93406
2494402187.5,-25.93314
2494402343.75,-25.92853
2494402500.0,-25.932
2494402656.25,-25.92927
2494402812.5,-25.92727
2494402968.75,-25.926
2494403125.0,-25.92897
2494403281.25,-25.9263
2494403437.5,-25.92479
2494403593.75,-25.92303
2494403750.0,-25.93036
2494403906.25,-25.92176
2494404062.5,-25.92164
2494404218.75,-25.92007
2494404375.0,-25.92217
2494404531.25,-25.91886
2494404687.5,-25.91951
2494404843.75,-25.91828
2494405000.0,-25.91591
2494405156.25,-25.9151
2494405312.5,-25.91682
2494405468.75,-25.91489
2494405625.0,-25.91287
2494405781.25,-25.91628
2494405937.5,-25.91524
2494406093.75,-25.90935
2494406250.0,-25.90729
2494406406.25,-25.91125
2494406562.5,-25.90866
2494406718.75,-25.90735
2494406875.0,-25.90947
2494407031.25,-25.90572
2494407187.5,-25.9065
2494407343.75,-25.90269
2494407500.0,-25.90527
2494407656.25,-25.89892
2494407812.5,-25.90019
2494407968.75,-25.90138
2494408125.0,-25.89691
2494408281.25,-25.89978
2494408437.5,-25.89832
2494408593.75,-25.89787
2494408750.0,-25.89757
2494408906.25,-25.89571
2494409062.5,-25.89603
2494409218.75,-25.89592
2494409375.0,-25.89463
2494409531.25,-25.89154
2494409687.5,-25.89322
2494409843.75,-25.8917
2494410000.0,-25.89266
2494410156.25,-25.88786
2494410312.5,-25.89407
2494410468.75,-25.88765
2494410625.0,-25.88728
2494410781.25,-25.88656
2494410937.5,-25.8841
2494411093.75,-25.88277
2494411250.0,-25.88559
2494411406.25,-25.88246
2494411562.5,-25.88226
2494411718.75,-25.87791
2494411875.0,-25.88084
2494412031.25,-25.8794
2494412187.5,-25.88027
2494412343.75,-25.87908
2494412500.0,-25.87575
2494412656.25,-25.87419
2494412812.5,-25.87226
2494412968.75,-25.87308
2494413125.0,-25.87272
2494413281.25,-25.87044
2494413437.5,-25.8717
2494413593.75,-25.87035
2494413750.0,-25.87162
2494413906.25,-25.86563
2494414062.5,-25.87127
2494414218.75,-25.86719
2494414375.0,-25.8662
2494414531.25,-25.86548
2494414687.5,-25.86552
2494414843.75,-25.86019
2494415000.0,-25.86178
2494415156.25,-25.86142
2494415312.5,-25.85945
2494415468.75,-25.86002
2494415625.0,-25.85671
2494415781.25,-25.86029
2494415937.5,-25.8577
2494416093.75,-25.85567
2494416250.0,-25.8562
2494416406.25,-25.85464
2494416562.5,-25.85409
2494416718.75,-25.85387
2494416875.0,-25.85265
2494417031.25,-25.85534
2494417187.5,-25.85118
2494417343.75,-25.85036
2494417500.0,-25.85058
2494417656.25,-25.84546
2494417812.5,-25.84807
2494417968.75,-25.8468
2494418125.0,-25.8439
2494418281.25,-25.84524
2494418437.5,-25.84438
2494418593.75,-25.84156
2494418750.0,-25.84268
2494418906.25,-25.84012
2494419062.5,-25.83869
2494419218.75,-25.83843
2494419375.0,-25.84119
2494419531.25,-25.8378
2494419687.5,-25.83797
2494419843.75,-25.83575
2494420000.0,-25.83355
2494420156.25,-25.83517
2494420312.5,-25.83443
2494420468.75,-25.83258
2494420625.0,-25.83335
2494420781.25,-25.82937
2494420937.5,-25.83105
2494421093.75,-25.83115
2494421250.0,-25.82689
2494421406.25,-25.82563
2494421562.5,-25.82917
2494421718.75,-25.82503
2494421875.0,-25.8279
2494422031.25,-25.82429
2494422187.5,-25.82504
2494422343.75,-25.82623
2494422500.0,-25.82236
2494422656.25,-25.81987
2494422812.5,-25.81919
2494422968.75,-25.81836
2494423125.0,-25.81856
2494423281.25,-25.81488
2494423437.5,-25.81753
2494423593.75,-25.81454
2494423750.0,-25.8124
2494423906.25,-25.81532
2494424062.5,-25.80976
2494424218.75,-25.81218
2494424375.0,-25.80978
2494424531.25,-25.8124
2494424687.5,-25.81092
2494424843.75,-25.80921
2494425000.0,-25.80664
2494425156.25,-25.80954
2494425312.5,-25.8075
2494425468.75,-25.80537
2494425625.0,-25.80447
2494425781.25,-25.80466
2494425937.5,-25.80382
2494426093.75,-25.7979
2494426250.0,-25.79796
2494426406.25,-25.80055
2494426562.5,-25.79867
2494426718.75,-25.79801
2494426875.0,-25.79717
2494427031.25,-25.79696
2494427187.5,-25.79455
2494427343.75,-25.79032
2494427500.0,-25.79181
2494427656.25,-25.79171
2494427812.5,-25.79197
2494427968.75,-25.78803
2494428125.0,-25.79043
2494428281.25,-25.78893
2494428437.5,-25.78737
2494428593.75,-25.79087
2494428750.0,-25.78886
2494428906.25,-25.78207
2494429062.5,-25.78547
2494429218.75,-25.78318
2494429375.0,-25.78213
2494429531.25,-25.77977
2494429687.5,-25.78045
2494429843.75,-25.78224
2494430000.0,-25.78192
2494430156.25,-25.77999
2494430312.5,-25.77792
2494430468.75,-25.77678
2494430625.0,-25.77696
2494430781.25,-25.77473
2494430937.5,-25.77246
2494431093.75,-25.77443
2494431250.0,-25.77311
2494431406.25,-25.77229
2494431562.5,-25.77163
2494431718.75,-25.76905
2494431875.0,-25.77178
2494432031.25,-25.76939
2494432187.5,-25.76741
2494432343.75,-25.76602
2494432500.0,-25.7643
2494432656.25,-25.76612
2494432812.5,-25.76753
2494432968.75,-25.76496
2494433125.0,-25.76447
2494433281.25,-25.76376
2494433437.5,-25.76174
2494433593.75,-25.75874
2494433750.0,-25.75924
2494433906.25,-25.75432
2494434062.5,-25.75871
2494434218.75,-25.75598
2494434375.0,-25.75546
2494434531.25,-25.75491
2494434687.5,-25.75453
2494434843.75,-25.75465
2494435000.0,-25.75182
2494435156.25,-25.75396
2494435312.5,-25.75178
2494435468.75,-25.74801
2494435625.0,-25.74838
2494435781.25,-25.75045
2494435937.5,-25.74596
2494436093.75,-25.74472
2494436250.0,-25.74978
2494436406.25,-25.74948
2494436562.5,-25.74266
2494436718.75,-25.74224
2494436875.0,-25.7433
2494437031.25,-25.74011
2494437187.5,-25.73793
2494437343.75,-25.73711
2494437500.0,-25.73844
2494437656.25,-25.73592
2494437812.5,-25.73734
2494437968.75,-25.73574
2494438125.0,-25.73267
2494438281.25,-25.73476
2494438437.5,-25.73471
2494438593.75,-25.73365
2494438750.0,-25.73191
2494438906.25,-25.73434
2494439062.5,-25.73074
2494439218.75,-25.73219
2494439375.0,-25.72513
2494439531.25,-25.72853
2494439687.5,-25.72477
2494439843.75,-25.72505
2494440000.0,-25.72396
2494440156.25,-25.72459
2494440312.5,-25.72523
2494440468.75,-25.72181
2494440625.0,-25.71757
2494440781.25,-25.71648
2494440937.5,-25.71968
2494441093.75,-25.72046
2494441250.0,-25.7211
2494441406.25,-25.71597
2494441562.5,-25.71728
2494441718.75,-25.71717
2494441875.0,-25.71443
2494442031.25,-25.71363
2494442187.5,-25.71141
2494442343.75,-25.70975
2494442500.0,-25.70959
2494442656.25,-25.7122
2494442812.5,-25.70757
2494442968.75,-25.70657
2494443125.0,-25.71129
2494443281.25,-25.70424
2494443437.5,-25.70296
2494443593.75,-25.70527
2494443750.0,-25.70072
2494443906.25,-25.70301
2494444062.5,-25.70359
2494444218.75,-25.70457
2494444375.0,-25.69652
2494444531.25,-25.70125
2494444687.5,-25.69565
2494444843.75,-25.6957
2494445000.0,-25.69561
2494445156.25,-25.69563
2494445312.5,-25.69081
2494445468.75,-25.69038
2494445625.0,-25.69519
2494445781.25,-25.69375
2494445937.5,-25.68854
2494446093.75,-25.69418
2494446250.0,-25.69113
2494446406.25,-25.68498
2494446562.5,-25.68828
2494446718.75,-25.68495
2494446875.0,-25.68093
2494447031.25,-25.68254
2494447187.5,-25.68511
2494447343.75,-25.68192
2494447500.0,-25.68303
2494447656.25,-25.68462
2494447812.5,-25.68273
2494447968.75,-25.67938
2494448125.0,-25.67938
2494448281.25,-25.67734
2494448437.5,-25.67957
2494448593.75,-25.67572
2494448750.0,-25.67335
2494448906.25,-25.67639
2494449062.5,-25.67639
2494449218.75,-25.67423
2494449375.0,-25.66864
2494449531.25,-25.67055
2494449687.5,-25.67029
2494449843.75,-25.66961
2494450000.0,-25.66796
2494450156.25,-25.6672
2494450312.5,-25.66682
2494450468.75,-25.66283
2494450625.0,-25.66369
2494450781.25,-25.66469
2494450937.5,-25.66467
2494451093.75,-25.66243
2494451250.0,-25.66462
2494451406.25,-25.65836
2494451562.5,-25.65969
2494451718.75,-25.65749
2494451875.0,-25.6577
2494452031.25,-25.65812
2494452187.5,-25.65594
2494452343.75,-25.6559
2494452500.0,-25.65625
2494452656.25,-25.64992
2494452812.5,-25.65243
2494452968.75,-25.64839
2494453125.0,-25.64811
2494453281.25,-25.64807
2494453437.5,-25.65124
2494453593.75,-25.64598
2494453750.0,-25.65043
2494453906.25,-25.64736
2494454062.5,-25.64544
2494454218.75,-25.64515
2494454375.0,-25.64724
2494454531.25,-25.64152
2494454687.5,-25.64149
2494454843.75,-25.64467
2494455000.0,-25.6371
2494455156.25,-25.64071
2494455312.5,-25.63822
2494455468.75,-25.63723
2494455625.0,-25.63721
2494455781.25,-25.63457
2494455937.5,-25.63514
2494456093.75,-25.63073
2494456250.0,-25.63302
2494456406.25,-25.6347
2494456562.5,-25.63264
2494456718.75,-25.62855
2494456875.0,-25.63064
2494457031.25,-25.63078
2494457187.5,-25.63018
2494457343.75,-25.62823
2494457500.0,-25.6277
2494457656.25,-25.62759
2494457812.5,-25.62636
2494457968.75,-25.62589
2494458125.0,-25.62572
2494458281.25,-25.62049
2494458437.5,-25.62233
2494458593.75,-25.62274
2494458750.0,-25.61968
2494458906.25,-25.61895
2494459062.5,-25.61749
2494459218.75,-25.61673
2494459375.0,-25.61675
2494459531.25,-25.61592
2494459687.5,-25.61166
2494459843.75,-25.61396
2494460000.0,-25.61154
2494460156.25,-25.6114
2494460312.5,-25.60981
2494460468.75,-25.61104
2494460625.0,-25.60718
2494460781.25,-25.60729
2494460937.5,-25.60788
2494461093.75,-25.60582
2494461250.0,-25.60883
2494461406.25,-25.60473
2494461562.5,-25.60555
2494461718.75,-25.60185
2494461875.0,-25.60008
2494462031.25,-25.60118
2494462187.5,-25.59947
2494462343.75,-25.59813
2494462500.0,-25.59917
2494462656.25,-25.59694
2494462812.5,-25.59823
2494462968.75,-25.59499
2494463125.0,-25.59583
2494463281.25,-25.59258
2494463437.5,-25.59339
2494463593.75,-25.59256
2494463750.0,-25.59059
2494463906.25,-25.59091
2494464062.5,-25.59104
2494464218.75,-25.58817
2494464375.0,-25.587
2494464531.25,-25.58881
2494464687.5,-25.58677
2494464843.75,-25.58596
2494465000.0,-25.58283
2494465156.25,-25.58517
2494465312.5,-25.5837
2494465468.75,-25.57949
2494465625.0,-25.58128
2494465781.25,-25.57684
2494465937.5,-25.57909
2494466093.75,-25.58058
2494466250.0,-25.57658
2494466406.25,-25.57633
2494466562.5,-25.57434
2494466718.75,-25.5758
2494466875.0,-25.57307
2494467031.25,-25.57184
2494467187.5,-25.57151
2494467343.75,-25.57038
2494467500.0,-25.57332
2494467656.25,-25.5706
2494467812.5,-25.56701
2494467968.75,-25.56668
2494468125.0,-25.56641
2494468281.25,-25.56663
2494468437.5,-25.56274
2494468593.75,-25.56384
2494468750.0,-25.56573
2494468906.25,-25.56204
2494469062.5,-25.56066
2494469218.75,-25.56117
2494469375.0,-25.55609
2494469531.25,-25.55921
2494469687.5,-25.56215
2494469843.75,-25.55623
2494470000.0,-25.5528
2494470156.25,-25.55673
2494470312.5,-25.55334
2494470468.75,-25.55578
2494470625.0,-25.55397
2494470781.25,-25.54964
2494470937.5,-25.55093
2494471093.75,-25.55169
2494471250.0,-25.55046
2494471406.25,-25.54932
2494471562.5,-25.54854
2494471718.75,-25.54878
2494471875.0,-25.54355
2494472031.25,-25.54448
2494472187.5,-25.54387
2494472343.75,-25.53972
2494472500.0,-25.54522
2494472656.25,-25.54074
2494472812.5,-25.54075
2494472968.75,-25.53843
2494473125.0,-25.53537
2494473281.25,-25.5346
2494473437.5,-25.5357
2494473593.75,-25.53325
2494473750.0,-25.5337
2494473906.25,-25.53497
2494474062.5,-25.53129
2494474218.75,-25.53191
2494474375.0,-25.53124
2494474531.25,-25.5307
2494474687.5,-25.52862
2494474843.75,-25.52499
2494475000.0,-25.52666
2494475156.25,-25.5286
2494475312.5,-25.52729
2494475468.75,-25.52378
2494475625.0,-25.52674
2494475781.25,-25.52397
2494475937.5,-25.52295
2494476093.75,-25.52329
2494476250.0,-25.52026
2494476406.25,-25.52028
2494476562.5,-25.51818
2494476718.75,-25.51739
2494476875.0,-25.51501
2494477031.25,-25.51723
2494477187.5,-25.5139
2494477343.75,-25.51394
2494477500.0,-25.51732
2494477656.25,-25.51108
2494477812.5,-25.50976
2494477968.75,-25.51164
2494478125.0,-25.50715
2494478281.25,-25.50709
2494478437.5,-25.50733
2494478593.75,-25.50617
2494478750.0,-25.50595
2494478906.25,-25.50801
2494479062.5,-25.50443
2494479218.75,-25.50644
2494479375.0,-25.5057
2494479531.25,-25.50465
2494479687.5,-25.49894
2494479843.75,-25.49952
2494480000.0,-25.50286
2494480156.25,-25.49841
2494480312.5,-25.49896
2494480468.75,-25.49657
2494480625.0,-25.49502
2494480781.25,-25.4969
2494480937.5,-25.4946
2494481093.75,-25.49197
2494481250.0,-25.49298
2494481406.25,-25.49162
2494481562.5,-25.49166
2494481718.75,-25.49227
2494481875.0,-25.48891
2494482031.25,-25.48643
2494482187.5,-25.48894
2494482343.75,-25.48643
2494482500.0,-25.48475
2494482656.25,-25.48533
2494482812.5,-25.48207
2494482968.75,-25.48525
2494483125.0,-25.4783
2494483281.25,-25.48034
2494483437.5,-25.48132
2494483593.75,-25.47812
2494483750.0,-25.4748
2494483906.25,-25.47653
2494484062.5,-25.47337
2494484218.75,-25.47447
2494484375.0,-25.47709
2494484531.25,-25.4754
2494484687.5,-25.47314
2494484843.75,-25.47492
2494485000.0,-25.47173
2494485156.25,-25.47099
2494485312.5,-25.46639
2494485468.75,-25.46538
2494485625.0,-25.46411
2494485781.25,-25.46446
2494485937.5,-25.46378
2494486093.75,-25.46502
2494486250.0,-25.46514
2494486406.25,-25.46384
2494486562.5,-25.46422
2494486718.75,-25.46434
2494486875.0,-25.45971
2494487031.25,-25.45794
2494487187.5,-25.45906
2494487343.75,-25.45521
2494487500.0,-25.45651
2494487656.25,-25.45585
2494487812.5,-25.45815
2494487968.75,-25.45055
2494488125.0,-25.45342
2494488281.25,-25.45268
2494488437.5,-25.45228
2494488593.75,-25.45131
2494488750.0,-25.45001
2494488906.25,-25.44892
2494489062.5,-25.44764
2494489218.75,-25.44766
2494489375.0,-25.44815
2494489531.25,-25.44594
2494489687.5,-25.44387
2494489843.75,-25.44318
2494490000.0,-25.44275
2494490156.25,-25.43914
2494490312.5,-25.44009
2494490468.75,-25.44024
2494490625.0,-25.43877
2494490781.25,-25.43765
2494490937.5,-25.43756
2494491093.75,-25.43315
2494491250.0,-25.43279
2494491406.25,-25.43276
2494491562.5,-25.43457
2494491718.75,-25.43547
2494491875.0,-25.43219
2494492031.25,-25.4279
2494492187.5,-25.42815
2494492343.75,-25.43049
2494492500.0,-25.42462
2494492656.25,-25.42839
2494492812.5,-25.42716
2494492968.75,-25.42778
2494493125.0,-25.42484
2494493281.25,-25.42209
2494493437.5,-25.42351
2494493593.75,-25.42117
2494493750.0,-25.42322
2494493906.25,-25.41817
2494494062.5,-25.41814
2494494218.75,-25.42251
2494494375.0,-25.41973
2494494531.25,-25.41614
2494494687.5,-25.41784
2494494843.75,-25.41342
2494495000.0,-25.41521
2494495156.25,-25.41345
2494495312.5,-25.41054
2494495468.75,-25.40527
2494495625.0,-25.4083
2494495781.25,-25.41437
2494495937.5,-25.40758
2494496093.75,-25.40754
2494496250.0,-25.40645
2494496406.25,-25.40591
2494496562.5,-25.40585
2494496718.75,-25.40313
2494496875.0,-25.40365
2494497031.25,-25.40332
2494497187.5,-25.40079
2494497343.75,-25.39946
2494497500.0,-25.40144
2494497656.25,-25.39879
2494497812.5,-25.39534
2494497968.75,-25.39742
2494498125.0,-25.39813
2494498281.25,-25.39267
2494498437.5,-25.39204
2494498593.75,-25.39262
2494498750.0,-25.38844
2494498906.25,-25.39262
2494499062.5,-25.39228
2494499218.75,-25.38783
2494499375.0,-25.38728
2494499531.25,-25.3882
2494499687.5,-25.38847
2494499843.75,-25.38456
2494500000.0,-25.38247
2494500156.25,-25.38213
2494500312.5,-25.38308
2494500468.75,-25.38316
2494500625.0,-25.38209
2494500781.25,-25.38233
2494500937.5,-25.37786
2494501093.75,-25.37886
2494501250.0,-25.37738
2494501406.25,-25.37824
2494501562.5,-25.37466
2494501718.75,-25.37417
2494501875.0,-25.37176
2494502031.25,-25.37231
2494502187.5,-25.37333
2494502343.75,-25.3735
2494502500.0,-25.36782
2494502656.25,-25.36884
2494502812.5,-25.36619
2494502968.75,-25.36863
2494503125.0,-25.36817
2494503281.25,-25.3665
2494503437.5,-25.36703
2494503593.75,-25.36356
2494503750.0,-25.36278
2494503906.25,-25.35992
2494504062.5,-25.36246
2494504218.75,-25.35847
2494504375.0,-25.36021
2494504531.25,-25.35435
2494504687.5,-25.35319
2494504843.75,-25.35718
2494505000.0,-25.35559
2494505156.25,-25.35224
2494505312.5,-25.35634
2494505468.75,-25.3543
2494505625.0,-25.34986
2494505781.25,-25.3524
2494505937.5,-25.35147
2494506093.75,-25.34783
2494506250.0,-25.3494
2494506406.25,-25.34664
2494506562.5,-25.3487
2494506718.75,-25.34698
2494506875.0,-25.3432
2494507031.25,-25.34348
2494507187.5,-25.34279
2494507343.75,-25.34269
2494507500.0,-25.34184
2494507656.25,-25.34169
2494507812.5,-25.34071
2494507968.75,-25.33612
2494508125.0,-25.33944
2494508281.25,-25.33466
2494508437.5,-25.33893
2494508593.75,-25.33181
2494508750.0,-25.33065
2494508906.25,-25.33155
2494509062.5,-25.33029
2494509218.75,-25.33406
2494509375.0,-25.32808
2494509531.25,-25.33001
2494509687.5,-25.32848
2494509843.75,-25.32764
2494510000.0,-25.3258
2494510156.25,-25.32756
2494510312.5,-25.32374
2494510468.75,-25.32519
2494510625.0,-25.32345
2494510781.25,-25.31944
2494510937.5,-25.32237
2494511093.75,-25.31947
2494511250.0,-25.31918
2494511406.25,-25.31856
2494511562.5,-25.32085
2494511718.75,-25.31775
2494511875.0,-25.31776
2494512031.25,-25.3141
2494512187.5,-25.3134
2494512343.75,-25.31256
2494512500.0,-25.311
2494512656.25,-25.31011
2494512812.5,-25.31392
2494512968.75,-25.3073
2494513125.0,-25.306
2494513281.25,-25.30892
2494513437.5,-25.30371
2494513593.75,-25.30451
2494513750.0,-25.30222
2494513906.25,-25.30332
2494514062.5,-25.30284
2494514218.75,-25.3029
2494514375.0,-25.30017
2494514531.25,-25.29911
2494514687.5,-25.29803
2494514843.75,-25.29862
2494515000.0,-25.29947
2494515156.25,-25.29691
2494515312.5,-25.29504
2494515468.75,-25.29554
2494515625.0,-25.29447
2494515781.25,-25.29135
2494515937.5,-25.2926
2494516093.75,-25.29285
2494516250.0,-25.28987
2494516406.25,-25.28785
2494516562.5,-25.28737
2494516718.75,-25.28759
2494516875.0,-25.28683
2494517031.25,-25.28225
2494517187.5,-25.28555
2494517343.75,-25.28353
2494517500.0,-25.28401
2494517656.25,-25.27976
2494517812.5,-25.27856
2494517968.75,-25.28242
2494518125.0,-25.27949
2494518281.25,-25.28232
2494518437.5,-25.27663
2494518593.75,-25.27654
2494518750.0,-25.27502
2494518906.25,-25.27641
2494519062.5,-25.27287
2494519218.75,-25.27458
2494519375.0,-25.27074
2494519531.25,-25.27167
2494519687.5,-25.26735
2494519843.75,-25.26989
2494520000.0,-25.26849
2494520156.25,-25.26872
2494520312.5,-25.26682
2494520468.75,-25.26341
2494520625.0,-25.26572
2494520781.25,-25.26327
2494520937.5,-25.25794
2494521093.75,-25.26306
2494521250.0,-25.26163
2494521406.25,-25.26057
2494521562.5,-25.25993
2494521718.75,-25.2602
2494521875.0,-25.25671
2494522031.25,-25.2565
2494522187.5,-25.25561
2494522343.75,-25.25817
2494522500.0,-25.25303
2494522656.25,-25.25352
2494522812.5,-25.25462
2494522968.75,-25.24997
2494523125.0,-25.24889
2494523281.25,-25.2514
2494523437.5,-25.2448
2494523593.75,-25.24626
2494523750.0,-25.24533
2494523906.25,-25.24032
2494524062.5,-25.24558
2494524218.75,-25.24189
2494524375.0,-25.2408
2494524531.25,-25.24186
2494524687.5,-25.24261
2494524843.75,-25.24104
2494525000.0,-25.23932
2494525156.25,-25.23897
2494525312.5,-25.23839
2494525468.75,-25.2377
2494525625.0,-25.23512
2494525781.25,-25.23406
2494525937.5,-25.23283
2494526093.75,-25.23445
2494526250.0,-25.23137
2494526406.25,-25.22955
2494526562.5,-25.22998
2494526718.75,-25.22841
2494526875.0,-25.22735
2494527031.25,-25.22786
2494527187.5,-25.22801
2494527343.75,-25.22396
2494527500.0,-25.22359
2494527656.25,-25.22361
2494527812.5,-25.22142
2494527968.75,-25.22389
2494528125.0,-25.2212
2494528281.25,-25.2208
2494528437.5,-25.21885
2494528593.75,-25.21761
2494528750.0,-25.2188
2494528906.25,-25.21774
2494529062.5,-25.21498
2494529218.75,-25.21355
2494529375.0,-25.21555
2494529531.25,-25.21281
2494529687.5,-25.21323
2494529843.75,-25.21009
2494530000.0,-25.2107
2494530156.25,-25.20924
2494530312.5,-25.20925
2494530468.75,-25.20483
2494530625.0,-25.20361
2494530781.25,-25.20496
2494530937.5,-25.20554
2494531093.75,-25.20308
2494531250.0,-25.20424
2494531406.25,-25.20271
2494531562.5,-25.19836
2494531718.75,-25.2007
2494531875.0,-25.19842
2494532031.25,-25.19834
2494532187.5,-25.19642
2494532343.75,-25.19788
2494532500.0,-25.1937
2494532656.25,-25.19285
2494532812.5,-25.19269
2494532968.75,-25.19425
2494533125.0,-25.19315
2494533281.25,-25.19171
2494533437.5,-25.18897
2494533593.75,-25.18418
2494533750.0,-25.18586
2494533906.25,-25.18668
2494534062.5,-25.18633
2494534218.75,-25.18698
2494534375.0,-25.18291
2494534531.25,-25.1822
2494534687.5,-25.18451
2494534843.75,-25.18094
2494535000.0,-25.18249
2494535156.25,-25.17844
2494535312.5,-25.17686
2494535468.75,-25.17639
2494535625.0,-25.17455
2494535781.25,-25.17431
2494535937.5,-25.17335
2494536093.75,-25.17308
2494536250.0,-25.17114
2494536406.25,-25.1737
2494536562.5,-25.17273
2494536718.75,-25.16964
2494536875.0,-25.1669
2494537031.25,-25.1693
2494537187.5,-25.16951
2494537343.75,-25.16807
2494537500.0,-25.16503
2494537656.25,-25.1652
2494537812.5,-25.16387
2494537968.75,-25.16309
2494538125.0,-25.1656
2494538281.25,-25.16025
2494538437.5,-25.15933
2494538593.75,-25.15712
2494538750.0,-25.15538
2494538906.25,-25.1587
2494539062.5,-25.15717
2494539218.75,-25.15143
2494539375.0,-25.15309
2494539531.25,-25.15162
2494539687.5,-25.15344
2494539843.75,-25.15054
2494540000.0,-25.15242
2494540156.25,-25.14969
2494540312.5,-25.14725
2494540468.75,-25.14787
2494540625.0,-25.14565
2494540781.25,-25.14377
2494540937.5,-25.14607
2494541093.75,-25.14236
2494541250.0,-25.1419
2494541406.25,-25.1412
2494541562.5,-25.13884
2494541718.75,-25.14113
2494541875.0,-25.1404
2494542031.25,-25.1378
2494542187.5,-25.1358
2494542343.75,-25.13628
2494542500.0,-25.13747
2494542656.25,-25.13387
2494542812.5,-25.13263
2494542968.75,-25.13197
2494543125.0,-25.13234
2494543281.25,-25.13455
2494543437.5,-25.13015
2494543593.75,-25.12592
2494543750.0,-25.12617
2494543906.25,-25.12772
2494544062.5,-25.12814
2494544218.75,-25.12637
2494544375.0,-25.12503
2494544531.25,-25.11991
2494544687.5,-25.12247
2494544843.75,-25.11966
2494545000.0,-25.12181
2494545156.25,-25.11826
2494545312.5,-25.12042
2494545468.75,-25.11753
2494545625.0,-25.11572
2494545781.25,-25.11597
2494545937.5,-25.11476
2494546093.75,-25.11408
2494546250.0,-25.11223
2494546406.25,-25.11205
2494546562.5,-25.11248
2494546718.75,-25.10981
2494546875.0,-25.11069
2494547031.25,-25.10827
2494547187.5,-25.10795
2494547343.75,-25.1051
2494547500.0,-25.10336
2494547656.25,-25.10722
2494547812.5,-25.1035
2494547968.75,-25.10528
2494548125.0,-25.10434
2494548281.25,-25.10385
2494548437.5,-25.10152
2494548593.75,-25.10033
2494548750.0,-25.09715
2494548906.25,-25.09931
2494549062.5,-25.09503
2494549218.75,-25.0931
2494549375.0,-25.09737
2494549531.25,-25.09277
2494549687.5,-25.09143
2494549843.75,-25.09167
2494550000.0,-25.08909
2494550156.25,-25.09176
2494550312.5,-25.09048
2494550468.75,-25.0864
2494550625.0,-25.08938
2494550781.25,-25.08665
2494550937.5,-25.08506
2494551093.75,-25.08361
2494551250.0,-25.0818
2494551406.25,-25.08593
2494551562.5,-25.08083
2494551718.75,-25.0751
2494551875.0,-25.07946
2494552031.25,-25.07542
2494552187.5,-25.08018
2494552343.75,-25.0764
2494552500.0,-25.07524
2494552656.25,-25.07238
2494552812.5,-25.07386
2494552968.75,-25.07632
2494553125.0,-25.07256
2494553281.25,-25.07359
2494553437.5,-25.07211
2494553593.75,-25.06884
2494553750.0,-25.06663
2494553906.25,-25.07007
2494554062.5,-25.0691
2494554218.75,-25.06565
2494554375.0,-25.0652
2494554531.25,-25.06416
2494554687.5,-25.06095
2494554843.75,-25.06238
2494555000.0,-25.06005
2494555156.25,-25.06025
2494555312.5,-25.05872
2494555468.75,-25.06012
2494555625.0,-25.05742
2494555781.25,-25.05682
2494555937.5,-25.05938
2494556093.75,-25.05408
2494556250.0,-25.05246
2494556406.25,-25.05235
2494556562.5,-25.05334
2494556718.75,-25.05202
2494556875.0,-25.05167
2494557031.25,-25.04763
2494557187.5,-25.04807
2494557343.75,-25.04583
2494557500.0,-25.04538
2494557656.25,-25.04535
2494557812.5,-25.04674
2494557968.75,-25.04319
2494558125.0,-25.04417
2494558281.25,-25.04167
2494558437.5,-25.04195
2494558593.75,-25.04075
2494558750.0,-25.03801
2494558906.25,-25.03868
2494559062.5,-25.03608
2494559218.75,-25.03698
2494559375.0,-25.0378
2494559531.25,-25.03101
2494559687.5,-25.03205
2494559843.75,-25.02765
2494560000.0,-25.03238
2494560156.25,-25.02853
2494560312.5,-25.0284
2494560468.75,-25.02863
2494560625.0,-25.02918
2494560781.25,-25.02829
2494560937.5,-25.02707
2494561093.75,-25.02273
2494561250.0,-25.02634
2494561406.25,-25.0227
2494561562.5,-25.02266
2494561718.75,-25.01985
2494561875.0,-25.02232
2494562031.25,-25.01651
2494562187.5,-25.01813
2494562343.75,-25.0165
2494562500.0,-25.01945
2494562656.25,-25.01336
2494562812.5,-25.01571
2494562968.75,-25.01481
2494563125.0,-25.00944
2494563281.25,-25.00946
2494563437.5,-25.008
2494563593.75,-25.01156
2494563750.0,-25.00707
2494563906.25,-25.00917
2494564062.5,-25.00692
2494564218.75,-25.00513
2494564375.0,-25.00399
2494564531.25,-25.00558
2494564687.5,-25.00214
2494564843.75,-25.00197
2494565000.0,-25.00073
2494565156.25,-25.00341
2494565312.5,-24.99949
2494565468.75,-24.9957
2494565625.0,-24.99697
2494565781.25,-24.99587
2494565937.5,-24.99627
2494566093.75,-24.99512
2494566250.0,-24.99401
2494566406.25,-24.9923
2494566562.5,-24.99304
2494566718.75,-24.99129
2494566875.0,-24.98943
2494567031.25,-24.98881
2494567187.5,-24.98629
2494567343.75,-24.98676
2494567500.0,-24.98856
2494567656.25,-24.98515
2494567812.5,-24.98314
2494567968.75,-24.98491
2494568125.0,-24.98314
2494568281.25,-24.98125
2494568437.5,-24.98062
2494568593.75,-24.98081
2494568750.0,-24.97697
2494568906.25,-24.98115
2494569062.5,-24.97869
2494569218.75,-24.9779
2494569375.0,-24.97653
2494569531.25,-24.97293
2494569687.5,-24.97285
2494569843.75,-24.9705
2494570000.0,-24.97294
2494570156.25,-24.96848
2494570312.5,-24.96722
2494570468.75,-24.96486
2494570625.0,-24.96502
2494570781.25,-24.96908
2494570937.5,-24.96765
2494571093.75,-24.96436
2494571250.0,-24.96259
2494571406.25,-24.96168
2494571562.5,-24.96103
2494571718.75,-24.95957
2494571875.0,-24.96135
2494572031.25,-24.95901
2494572187.5,-24.95728
2494572343.75,-24.95448
2494572500.0,-24.95676
2494572656.25,-24.95384
2494572812.5,-24.95366
2494572968.75,-24.95387
2494573125.0,-24.95539
2494573281.25,-24.95218
2494573437.5,-24.95228
2494573593.75,-24.95039
2494573750.0,-24.94534
2494573906.25,-24.94877
2494574062.5,-24.94551
2494574218.75,-24.94716
2494574375.0,-24.94569
2494574531.25,-24.9441
2494574687.5,-24.94291
2494574843.75,-24.94088
2494575000.0,-24.93811
2494575156.25,-24.94033
2494575312.5,-24.93703
2494575468.75,-24.93548
2494575625.0,-24.93785
2494575781.25,-24.93711
2494575937.5,-24.93716
2494576093.75,-24.93204
2494576250.0,-24.93393
2494576406.25,-24.93488
2494576562.5,-24.9304
2494576718.75,-24.93075
2494576875.0,-24.92973
2494577031.25,-24.92985
2494577187.5,-24.92608
2494577343.75,-24.92612
2494577500.0,-24.927
2494577656.25,-24.92204
2494577812.5,-24.92452
2494577968.75,-24.92117
2494578125.0,-24.92076
2494578281.25,-24.92136
2494578437.5,-24.9235
2494578593.75,-24.91943
2494578750.0,-24.91514
2494578906.25,-24.91521
2494579062.5,-24.91596
2494579218.75,-24.91788
2494579375.0,-24.91947
2494579531.25,-24.9136
2494579687.5,-24.91551
2494579843.75,-24.91057
2494580000.0,-24.90903
2494580156.25,-24.91229
2494580312.5,-24.91124
2494580468.75,-24.90474
2494580625.0,-24.90761
2494580781.25,-24.90767
2494580937.5,-24.90377
2494581093.75,-24.9059
2494581250.0,-24.90388
2494581406.25,-24.90376
2494581562.5,-24.90038
2494581718.75,-24.90102
2494581875.0,-24.89945
2494582031.25,-24.89807
2494582187.5,-24.89606
2494582343.75,-24.89357
2494582500.0,-24.89361
2494582656.25,-24.89524
2494582812.5,-24.89272
2494582968.75,-24.89409
2494583125.0,-24.8923
2494583281.25,-24.89125
2494583437.5,-24.88779
2494583593.75,-24.88864
2494583750.0,-24.88687
2494583906.25,-24.88618
2494584062.5,-24.88568
2494584218.75,-24.88765
2494584375.0,-24.88325
2494584531.25,-24.88548
2494584687.5,-24.8816
2494584843.75,-24.88054
2494585000.0,-24.88487
2494585156.25,-24.87554
2494585312.5,-24.87945
2494585468.75,-24.87755
2494585625.0,-24.87645
2494585781.25,-24.87406
2494585937.5,-24.87537
2494586093.75,-24.87329
2494586250.0,-24.87288
2494586406.25,-24.86849
2494586562.5,-24.86935
2494586718.75,-24.87267
2494586875.0,-24.86681
2494587031.25,-24.86529
2494587187.5,-24.86604
2494587343.75,-24.86326
2494587500.0,-24.86373
2494587656.25,-24.86584
2494587812.5,-24.86431
2494587968.75,-24.85985
2494588125.0,-24.85965
2494588281.25,-24.86075
2494588437.5,-24.86061
2494588593.75,-24.85672
2494588750.0,-24.85883
2494588906.25,-24.85225
2494589062.5,-24.85373
2494589218.75,-24.85432
2494589375.0,-24.85303
2494589531.25,-24.85318
2494589687.5,-24.85146
2494589843.75,-24.85213
2494590000.0,-24.84919
2494590156.25,-24.84721
2494590312.5,-24.84569
2494590468.75,-24.84719
2494590625.0,-24.84524
2494590781.25,-24.84675
2494590937.5,-24.84214
2494591093.75,-24.84153
2494591250.0,-24.84656
2494591406.25,-24.84167
2494591562.5,-24.83828
2494591718.75,-24.83752
2494591875.0,-24.83755
2494592031.25,-24.8354
2494592187.5,-24.83555
2494592343.75,-24.8363
2494592500.0,-24.83257
2494592656.25,-24.83558
2494592812.5,-24.83141
2494592968.75,-24.82858
2494593125.0,-24.83018
2494593281.25,-24.82737
2494593437.5,-24.82314
2494593593.75,-24.82958
2494593750.0,-24.82632
2494593906.25,-24.82604
2494594062.5,-24.8226
2494594218.75,-24.82178
2494594375.0,-24.82228
2494594531.25,-24.82095
2494594687.5,-24.81901
2494594843.75,-24.81836
2494595000.0,-24.81835
2494595156.25,-24.81651
2494595312.5,-24.81594
2494595468.75,-24.8152
2494595625.0,-24.81258
2494595781.25,-24.81416
2494595937.5,-24.8124
2494596093.75,-24.81234
2494596250.0,-24.81162
2494596406.25,-24.81033
2494596562.5,-24.80704
2494596718.75,-24.80907
2494596875.0,-24.80656
2494597031.25,-24.80845
2494597187.5,-24.80361
2494597343.75,-24.80097
2494597500.0,-24.8029
2494597656.25,-24.80189
2494597812.5,-24.79924
2494597968.75,-24.79912
2494598125.0,-24.79621
2494598281.25,-24.79736
2494598437.5,-24.79805
2494598593.75,-24.79688
2494598750.0,-24.79401
2494598906.25,-24.79501
2494599062.5,-24.7916
2494599218.75,-24.79187
2494599375.0,-24.79125
2494599531.25,-24.78941
2494599687.5,-24.78607
2494599843.75,-24.7865
2494600000.0,-24.786
2494600156.25,-24.78551
2494600312.5,-24.78872
2494600468.75,-24.78402
2494600625.0,-24.78431
2494600781.25,-24.78236
2494600937.5,-24.78263
2494601093.75,-24.78163
2494601250.0,-24.78121
2494601406.25,-24.78077
2494601562.5,-24.77898
2494601718.75,-24.77698
2494601875.0,-24.77662
2494602031.25,-24.77304
2494602187.5,-24.77108
2494602343.75,-24.77304
2494602500.0,-24.7719
2494602656.25,-24.77423
2494602812.5,-24.77006
2494602968.75,-24.76901
2494603125.0,-24.76983
2494603281.25,-24.76941
2494603437.5,-24.76716
2494603593.75,-24.76557
2494603750.0,-24.763
2494603906.25,-24.76312
2494604062.5,-24.76425
2494604218.75,-24.76171
2494604375.0,-24.76253
2494604531.25,-24.76075
2494604687.5,-24.76031
2494604843.75,-24.75884
2494605000.0,-24.75621
2494605156.25,-24.75702
2494605312.5,-24.75395
2494605468.75,-24.75424
2494605625.0,-24.7525
2494605781.25,-24.74895
2494605937.5,-24.74838
2494606093.75,-24.74987
2494606250.0,-24.74665
2494606406.25,-24.74735
2494606562.5,-24.74596
2494606718.75,-24.74575
2494606875.0,-24.74516
2494607031.25,-24.74326
2494607187.5,-24.74235
2494607343.75,-24.74167
2494607500.0,-24.74223
2494607656.25,-24.74142
2494607812.5,-24.74024
2494607968.75,-24.73622
2494608125.0,-24.73706
2494608281.25,-24.73807
2494608437.5,-24.73402
2494608593.75,-24.73445
2494608750.0,-24.73361
2494608906.25,-24.73143
2494609062.5,-24.72987
2494609218.75,-24.73203
2494609375.0,-24.73327
2494609531.25,-24.73335
2494609687.5,-24.72368
2494609843.75,-24.72605
2494610000.0,-24.72456
2494610156.25,-24.72301
2494610312.5,-24.72426
2494610468.75,-24.72236
2494610625.0,-24.72291
2494610781.25,-24.71958
2494610937.5,-24.72006
2494611093.75,-24.72055
2494611250.0,-24.71827
2494611406.25,-24.7187
2494611562.5,-24.71406
2494611718.75,-24.71621
2494611875.0,-24.71363
2494612031.25,-24.71272
2494612187.5,-24.71366
2494612343.75,-24.71458
2494612500.0,-24.70732
2494612656.25,-24.70938
2494612812.5,-24.71124
2494612968.75,-24.70543
2494613125.0,-24.7068
2494613281.25,-24.70777
2494613437.5,-24.70442
2494613593.75,-24.70211
2494613750.0,-24.70221
2494613906.25,-24.70197
2494614062.5,-24.70248
2494614218.75,-24.6988
2494614375.0,-24.69853
2494614531.25,-24.69701
2494614687.5,-24.69503
2494614843.75,-24.69645
2494615000.0,-24.69326
2494615156.25,-24.69439
2494615312.5,-24.69318
2494615468.75,-24.68795
2494615625.0,-24.69188
2494615781.25,-24.68852
2494615937.5,-24.68864
2494616093.75,-24.68642
2494616250.0,-24.68768
2494616406.25,-24.68783
2494616562.5,-24.68657
2494616718.75,-24.68128
2494616875.0,-24.68254
2494617031.25,-24.68148
2494617187.5,-24.68166
2494617343.75,-24.67969
2494617500.0,-24.68125
2494617656.25,-24.67774
2494617812.5,-24.67877
2494617968.75,-24.67929
2494618125.0,-24.6764
2494618281.25,-24.67669
2494618437.5,-24.67105
2494618593.75,-24.67436
2494618750.0,-24.67234
2494618906.25,-24.67538
2494619062.5,-24.66749
2494619218.75,-24.66997
2494619375.0,-24.67056
2494619531.25,-24.66299
2494619687.5,-24.66739
2494619843.75,-24.664
2494620000.0,-24.66632
2494620156.25,-24.66248
2494620312.5,-24.65969
2494620468.75,-24.66199
2494620625.0,-24.66247
2494620781.25,-24.65755
2494620937.5,-24.65924
2494621093.75,-24.65667
2494621250.0,-24.65691
2494621406.25,-24.65454
2494621562.5,-24.65574
2494621718.75,-24.65357
2494621875.0,-24.64962
2494622031.25,-24.652
2494622187.5,-24.65066
2494622343.75,-24.64932
2494622500.0,-24.64876
2494622656.25,-24.64886
2494622812.5,-24.64544
2494622968.75,-24.64709
2494623125.0,-24.64485
2494623281.25,-24.64305
2494623437.5,-24.63871
2494623593.75,-24.64224
2494623750.0,-24.64214
2494623906.25,-24.6393
2494624062.5,-24.63772
2494624218.75,-24.63464
2494624375.0,-24.63642
2494624531.25,-24.63578
2494624687.5,-24.63408
2494624843.75,-24.6347
2494625000.0,-24.6318
2494625156.25,-24.63075
2494625312.5,-24.62704
2494625468.75,-24.63202
2494625625.0,-24.62868
2494625781.25,-24.62824
2494625937.5,-24.62661
2494626093.75,-24.62447
2494626250.0,-24.62561
2494626406.25,-24.6237
2494626562.5,-24.62012
2494626718.75,-24.62245
2494626875.0,-24.62129
2494627031.25,-24.62099
2494627187.5,-24.62095
2494627343.75,-24.61883
2494627500.0,-24.62051
2494627656.25,-24.6158
2494627812.5,-24.61212
2494627968.75,-24.61215
2494628125.0,-24.61324
2494628281.25,-24.6118
2494628437.5,-24.61188
2494628593.75,-24.6104
2494628750.0,-24.60907
2494628906.25,-24.60769
2494629062.5,-24.60648
2494629218.75,-24.6067
2494629375.0,-24.60401
2494629531.25,-24.60148
2494629687.5,-24.6009
2494629843.75,-24.60203
2494630000.0,-24.5999
2494630156.25,-24.60023
2494630312.5,-24.5976
2494630468.75,-24.59702
2494630625.0,-24.59511
2494630781.25,-24.59518
2494630937.5,-24.59493
2494631093.75,-24.59303
2494631250.0,-24.59235
2494631406.25,-24.59062
2494631562.5,-24.5881
2494631718.75,-24.58784
2494631875.0,-24.59181
2494632031.25,-24.58858
2494632187.5,-24.58808
2494632343.75,-24.58439
2494632500.0,-24.58628
2494632656.25,-24.58484
2494632812.5,-24.58396
2494632968.75,-24.58169
2494633125.0,-24.58212
2494633281.25,-24.58224
2494633437.5,-24.57754
2494633593.75,-24.58022
2494633750.0,-24.57623
2494633906.25,-24.57501
2494634062.5,-24.57413
2494634218.75,-24.57694
2494634375.0,-24.57041
2494634531.25,-24.57141
2494634687.5,-24.56983
2494634843.75,-24.5705
2494635000.0,-24.56897
2494635156.25,-24.56797
2494635312.5,-24.5675
2494635468.75,-24.56566
2494635625.0,-24.56597
2494635781.25,-24.56287
2494635937.5,-24.56283
2494636093.75,-24.56312
2494636250.0,-24.56119
2494636406.25,-24.55882
2494636562.5,-24.55726
2494636718.75,-24.55688
2494636875.0,-24.55498
2494637031.25,-24.55656
2494637187.5,-24.55433
2494637343.75,-24.55291
2494637500.0,-24.55367
2494637656.25,-24.55134
2494637812.5,-24.55399
2494637968.75,-24.55206
2494638125.0,-24.54906
2494638281.25,-24.54864
2494638437.5,-24.54892
2494638593.75,-24.55008
2494638750.0,-24.54438
2494638906.25,-24.54286
2494639062.5,-24.54327
2494639218.75,-24.54189
2494639375.0,-24.54092
2494639531.25,-24.54
2494639687.5,-24.54034
2494639843.75,-24.53841
2494640000.0,-24.54151
2494640156.25,-24.53798
2494640312.5,-24.53628
2494640468.75,-24.53219
2494640625.0,-24.53179
2494640781.25,-24.53397
2494640937.5,-24.53244
2494641093.75,-24.53029
2494641250.0,-24.52752
2494641406.25,-24.53022
2494641562.5,-24.52804
2494641718.75,-24.52692
2494641875.0,-24.52297
2494642031.25,-24.52559
2494642187.5,-24.51899
2494642343.75,-24.52105
2494642500.0,-24.52038
2494642656.25,-24.51819
2494642812.5,-24.519
2494642968.75,-24.51808
2494643125.0,-24.5188
2494643281.25,-24.51719
2494643437.5,-24.51723
2494643593.75,-24.51435
2494643750.0,-24.51362
2494643906.25,-24.50978
2494644062.5,-24.51118
2494644218.75,-24.50958
2494644375.0,-24.50925
2494644531.25,-24.51021
2494644687.5,-24.50623
2494644843.75,-24.50732
2494645000.0,-24.50719
2494645156.25,-24.50337
2494645312.5,-24.5013
2494645468.75,-24.50272
2494645625.0,-24.50083
2494645781.25,-24.50245
2494645937.5,-24.49806
2494646093.75,-24.49821
2494646250.0,-24.49849
2494646406.25,-24.49703
2494646562.5,-24.49618
2494646718.75,-24.49483
2494646875.0,-24.49349
2494647031.25,-24.49457
2494647187.5,-24.48973
2494647343.75,-24.49151
2494647500.0,-24.49043
2494647656.25,-24.48986
2494647812.5,-24.48842
2494647968.75,-24.48516
2494648125.0,-24.484
2494648281.25,-24.48566
2494648437.5,-24.48043
2494648593.75,-24.48246
2494648750.0,-24.48138
2494648906.25,-24.48145
2494649062.5,-24.47827
2494649218.75,-24.48161
2494649375.0,-24.47913
2494649531.25,-24.47705
2494649687.5,-24.4741
2494649843.75,-24.47467
2494650000.0,-24.47332
2494650156.25,-24.47515
2494650312.5,-24.47066
2494650468.75,-24.47054
2494650625.0,-24.47358
2494650781.25,-24.46931
2494650937.5,-24.46933
2494651093.75,-24.46798
2494651250.0,-24.46832
2494651406.25,-24.46412
2494651562.5,-24.46415
2494651718.75,-24.46194
2494651875.0,-24.46092
2494652031.25,-24.46368
2494652187.5,-24.46028
2494652343.75,-24.45882
2494652500.0,-24.45891
2494652656.25,-24.45794
2494652812.5,-24.4565
2494652968.75,-24.45529
2494653125.0,-24.45294
2494653281.25,-24.45099
2494653437.5,-24.45253
2494653593.75,-24.44917
2494653750.0,-24.4509
2494653906.25,-24.44866
2494654062.5,-24.44625
2494654218.75,-24.44774
2494654375.0,-24.44233
2494654531.25,-24.44245
2494654687.5,-24.44332
2494654843.75,-24.44371
2494655000.0,-24.44177
2494655156.25,-24.44102
2494655312.5,-24.44169
2494655468.75,-24.44007
2494655625.0,-24.43589
2494655781.25,-24.43552
2494655937.5,-24.43515
2494656093.75,-24.43328
2494656250.0,-24.43371
2494656406.25,-24.43088
2494656562.5,-24.43297
2494656718.75,-24.42981
2494656875.0,-24.43126
2494657031.25,-24.4291
2494657187.5,-24.43063
2494657343.75,-24.42865
2494657500.0,-24.42352
2494657656.25,-24.42457
2494657812.5,-24.42333
2494657968.75,-24.42467
2494658125.0,-24.42247
2494658281.25,-24.41792
2494658437.5,-24.42106
2494658593.75,-24.41816
2494658750.0,-24.41528
2494658906.25,-24.41499
2494659062.5,-24.41618
2494659218.75,-24.41483
2494659375.0,-24.41175
2494659531.25,-24.41387
2494659687.5,-24.41256
2494659843.75,-24.40931
2494660000.0,-24.41084
2494660156.25,-24.40893
2494660312.5,-24.40776
2494660468.75,-24.40715
2494660625.0,-24.40567
2494660781.25,-24.40526
2494660937.5,-24.4023
2494661093.75,-24.40313
2494661250.0,-24.40403
2494661406.25,-24.39771
2494661562.5,-24.40279
2494661718.75,-24.39947
2494661875.0,-24.39869
2494662031.25,-24.39515
2494662187.5,-24.39383
2494662343.75,-24.39273
2494662500.0,-24.39375
2494662656.25,-24.39152
2494662812.5,-24.39089
2494662968.75,-24.39329
2494663125.0,-24.39093
2494663281.25,-24.38986
2494663437.5,-24.38485
2494663593.75,-24.38473
2494663750.0,-24.38499
2494663906.25,-24.38513
2494664062.5,-24.38535
2494664218.75,-24.38049
2494664375.0,-24.38191
2494664531.25,-24.38203
2494664687.5,-24.38169
2494664843.75,-24.37801
2494665000.0,-24.37616
2494665156.25,-24.37465
2494665312.5,-24.37421
2494665468.75,-24.37485
2494665625.0,-24.37343
2494665781.25,-24.37246
2494665937.5,-24.37076
2494666093.75,-24.37101
2494666250.0,-24.36923
2494666406.25,-24.36759
2494666562.5,-24.36827
2494666718.75,-24.36558
2494666875.0,-24.36479
2494667031.25,-24.3632
2494667187.5,-24.36235
2494667343.75,-24.36548
2494667500.0,-24.36141
2494667656.25,-24.36064
2494667812.5,-24.36209
2494667968.75,-24.35575
2494668125.0,-24.35346
2494668281.25,-24.35595
2494668437.5,-24.35477
2494668593.75,-24.3559
2494668750.0,-24.35298
2494668906.25,-24.35206
2494669062.5,-24.3494
2494669218.75,-24.34783
2494669375.0,-24.34854
2494669531.25,-24.35002
2494669687.5,-24.34664
2494669843.75,-24.34687
2494670000.0,-24.34295
2494670156.25,-24.34346
2494670312.5,-24.34368
2494670468.75,-24.34327
2494670625.0,-24.3415
2494670781.25,-24.34037
2494670937.5,-24.33816
2494671093.75,-24.33807
2494671250.0,-24.33686
2494671406.25,-24.33743
2494671562.5,-24.33614
2494671718.75,-24.33414
2494671875.0,-24.33389
2494672031.25,-24.33087
2494672187.5,-24.32854
2494672343.75,-24.32986
2494672500.0,-24.32814
2494672656.25,-24.32788
2494672812.5,-24.3251
2494672968.75,-24.32559
2494673125.0,-24.32699
2494673281.25,-24.32235
2494673437.5,-24.32383
2494673593.75,-24.32085
2494673750.0,-24.31701
2494673906.25,-24.31819
2494674062.5,-24.3164
2494674218.75,-24.3196
2494674375.0,-24.31521
2494674531.25,-24.31644
2494674687.5,-24.31701
2494674843.75,-24.31455
2494675000.0,-24.3126
2494675156.25,-24.31135
2494675312.5,-24.3084
2494675468.75,-24.30583
2494675625.0,-24.30874
2494675781.25,-24.30541
2494675937.5,-24.304
2494676093.75,-24.30492
2494676250.0,-24.30414
2494676406.25,-24.30213
2494676562.5,-24.30212
2494676718.75,-24.3
2494676875.0,-24.29979
2494677031.25,-24.30014
2494677187.5,-24.29716
2494677343.75,-24.29818
2494677500.0,-24.29567
2494677656.25,-24.29662
2494677812.5,-24.29641
2494677968.75,-24.29136
2494678125.0,-24.29219
2494678281.25,-24.29097
2494678437.5,-24.2873
2494678593.75,-24.2892
2494678750.0,-24.28814
2494678906.25,-24.28655
2494679062.5,-24.28524
2494679218.75,-24.28667
2494679375.0,-24.28123
2494679531.25,-24.28457
2494679687.5,-24.28161
2494679843.75,-24.28326
2494680000.0,-24.2794
2494680156.25,-24.27632
2494680312.5,-24.27725
2494680468.75,-24.27806
2494680625.0,-24.27451
2494680781.25,-24.2777
2494680937.5,-24.27622
2494681093.75,-24.27246
2494681250.0,-24.27155
2494681406.25,-24.27236
2494681562.5,-24.26732
2494681718.75,-24.26609
2494681875.0,-24.26577
2494682031.25,-24.26411
2494682187.5,-24.2661
2494682343.75,-24.26415
2494682500.0,-24.26466
2494682656.25,-24.26311
2494682812.5,-24.26221
2494682968.75,-24.26044
2494683125.0,-24.25763
2494683281.25,-24.25741
2494683437.5,-24.25817
2494683593.75,-24.25621
2494683750.0,-24.2543
2494683906.25,-24.25231
2494684062.5,-24.25378
2494684218.75,-24.25105
2494684375.0,-24.24957
2494684531.25,-24.25237
2494684687.5,-24.25256
2494684843.75,-24.24867
2494685000.0,-24.24829
2494685156.25,-24.2455
2494685312.5,-24.2465
2494685468.75,-24.24251
2494685625.0,-24.24397
2494685781.25,-24.24133
2494685937.5,-24.24036
2494686093.75,-24.24098
2494686250.0,-24.23898
2494686406.25,-24.23668
2494686562.5,-24.23682
2494686718.75,-24.23675
2494686875.0,-24.23517
2494687031.25,-24.23375
2494687187.5,-24.2333
2494687343.75,-24.23145
2494687500.0,-24.22993
2494687656.25,-24.22981
2494687812.5,-24.22569
2494687968.75,-24.2265
2494688125.0,-24.22886
2494688281.25,-24.22515
2494688437.5,-24.22754
2494688593.75,-24.22238
2494688750.0,-24.22172
2494688906.25,-24.22149
2494689062.5,-24.21901
2494689218.75,-24.21795
2494689375.0,-24.21678
2494689531.25,-24.21673
2494689687.5,-24.2129
2494689843.75,-24.21524
2494690000.0,-24.21295
2494690156.25,-24.21232
2494690312.5,-24.21037
2494690468.75,-24.21098
2494690625.0,-24.21159
2494690781.25,-24.20849
2494690937.5,-24.20778
2494691093.75,-24.20804
2494691250.0,-24.20468
2494691406.25,-24.20756
2494691562.5,-24.20574
2494691718.75,-24.20369
2494691875.0,-24.20065
2494692031.25,-24.20136
2494692187.5,-24.19877
2494692343.75,-24.20355
2494692500.0,-24.19832
2494692656.25,-24.19578
2494692812.5,-24.19835
2494692968.75,-24.19774
2494693125.0,-24.19179
2494693281.25,-24.19294
2494693437.5,-24.19089
2494693593.75,-24.19181
2494693750.0,-24.18968
2494693906.25,-24.1901
2494694062.5,-24.18742
2494694218.75,-24.18689
2494694375.0,-24.18336
2494694531.25,-24.18208
2494694687.5,-24.18508
2494694843.75,-24.18408
2494695000.0,-24.17982
2494695156.25,-24.18139
2494695312.5,-24.17826
2494695468.75,-24.17621
2494695625.0,-24.17818
2494695781.25,-24.17501
2494695937.5,-24.17181
2494696093.75,-24.17451
2494696250.0,-24.17136
2494696406.25,-24.17233
2494696562.5,-24.17337
2494696718.75,-24.16626
2494696875.0,-24.1695
2494697031.25,-24.16976
2494697187.5,-24.1661
2494697343.75,-24.1637
2494697500.0,-24.16522
2494697656.25,-24.16482
2494697812.5,-24.16162
2494697968.75,-24.16259
2494698125.0,-24.16259
2494698281.25,-24.1615
2494698437.5,-24.15928
2494698593.75,-24.16008
2494698750.0,-24.15771
2494698906.25,-24.15558
2494699062.5,-24.15159
2494699218.75,-24.1541
2494699375.0,-24.15067
2494699531.25,-24.15229
2494699687.5,-24.14856
2494699843.75,-24.14934
2494700000.0,-24.14792
2494700156.25,-24.14771
2494700312.5,-24.14674
2494700468.75,-24.14616
2494700625.0,-24.14448
2494700781.25,-24.14312
2494700937.5,-24.14097
2494701093.75,-24.14276
2494701250.0,-24.14097
2494701406.25,-24.13838
2494701562.5,-24.13866
2494701718.75,-24.13678
2494701875.0,-24.13628
2494702031.25,-24.13575
2494702187.5,-24.13252
2494702343.75,-24.13213
2494702500.0,-24.13264
2494702656.25,-24.13133
2494702812.5,-24.12833
2494702968.75,-24.12951
2494703125.0,-24.12953
2494703281.25,-24.12654
2494703437.5,-24.1251
2494703593.75,-24.12504
2494703750.0,-24.12536
2494703906.25,-24.11942
2494704062.5,-24.12227
2494704218.75,-24.12268
2494704375.0,-24.12429
2494704531.25,-24.11787
2494704687.5,-24.11582
2494704843.75,-24.11523
2494705000.0,-24.116
2494705156.25,-24.11259
2494705312.5,-24.11426
2494705468.75,-24.1131
2494705625.0,-24.11163
2494705781.25,-24.10952
2494705937.5,-24.10801
2494706093.75,-24.10865
2494706250.0,-24.10398
2494706406.25,-24.1059
2494706562.5,-24.10357
2494706718.75,-24.102
2494706875.0,-24.10112
2494707031.25,-24.10222
2494707187.5,-24.10052
2494707343.75,-24.10047
2494707500.0,-24.09896
2494707656.25,-24.09715
2494707812.5,-24.09353
2494707968.75,-24.0941
2494708125.0,-24.09205
2494708281.25,-24.09272
2494708437.5,-24.09276
2494708593.75,-24.09162
2494708750.0,-24.08995
2494708906.25,-24.08942
2494709062.5,-24.08948
2494709218.75,-24.08728
2494709375.0,-24.08583
2494709531.25,-24.0833
2494709687.5,-24.08503
2494709843.75,-24.08208
2494710000.0,-24.08171
2494710156.25,-24.0808
2494710312.5,-24.07985
2494710468.75,-24.07771
2494710625.0,-24.07813
2494710781.25,-24.0776
2494710937.5,-24.07636
2494711093.75,-24.07369
2494711250.0,-24.07401
2494711406.25,-24.07006
2494711562.5,-24.07237
2494711718.75,-24.07013
2494711875.0,-24.0691
2494712031.25,-24.06918
2494712187.5,-24.06674
2494712343.75,-24.06662
2494712500.0,-24.0652
2494712656.25,-24.06391
2494712812.5,-24.06476
2494712968.75,-24.06176
2494713125.0,-24.06013
2494713281.25,-24.06106
2494713437.5,-24.05806
2494713593.75,-24.05705
2494713750.0,-24.05685
2494713906.25,-24.05827
2494714062.5,-24.05611
2494714218.75,-24.05309
2494714375.0,-24.05384
2494714531.25,-24.04884
2494714687.5,-24.04944
2494714843.75,-24.0495
2494715000.0,-24.04926
2494715156.25,-24.04762
2494715312.5,-24.04818
2494715468.75,-24.04499
2494715625.0,-24.04114
2494715781.25,-24.04291
2494715937.5,-24.04108
2494716093.75,-24.03983
2494716250.0,-24.0421
2494716406.25,-24.0385
2494716562.5,-24.03944
2494716718.75,-24.03564
2494716875.0,-24.03765
2494717031.25,-24.03622
2494717187.5,-24.03568
2494717343.75,-24.03218
2494717500.0,-24.03011
2494717656.25,-24.03062
2494717812.5,-24.02772
2494717968.75,-24.02842
2494718125.0,-24.02747
2494718281.25,-24.02509
2494718437.5,-24.02407
2494718593.75,-24.02303
2494718750.0,-24.0226
2494718906.25,-24.02062
2494719062.5,-24.01848
2494719218.75,-24.01709
2494719375.0,-24.02086
2494719531.25,-24.01909
2494719687.5,-24.01525
2494719843.75,-24.01661
2494720000.0,-24.0144
2494720156.25,-24.01502
2494720312.5,-24.01274
2494720468.75,-24.01247
2494720625.0,-24.00894
2494720781.25,-24.01089
2494720937.5,-24.01012
2494721093.75,-24.00896
2494721250.0,-24.0067
2494721406.25,-24.0071
2494721562.5,-24.00459
2494721718.75,-24.00253
2494721875.0,-24.0046
2494722031.25,-24.00137
2494722187.5,-23.99925
2494722343.75,-23.99771
2494722500.0,-23.9974
2494722656.25,-23.99668
2494722812.5,-23.99499
2494722968.75,-23.99312
2494723125.0,-23.99467
2494723281.25,-23.99294
2494723437.5,-23.99287
2494723593.75,-23.99096
2494723750.0,-23.98991
2494723906.25,-23.98726
2494724062.5,-23.9906
2494724218.75,-23.98559
2494724375.0,-23.98634
2494724531.25,-23.9852
2494724687.5,-23.98409
2494724843.75,-23.98236
2494725000.0,-23.98077
2494725156.25,-23.97735
2494725312.5,-23.97721
2494725468.75,-23.97962
2494725625.0,-23.9768
2494725781.25,-23.97434
2494725937.5,-23.97582
2494726093.75,-23.97542
2494726250.0,-23.97431
2494726406.25,-23.97155
2494726562.5,-23.96911
2494726718.75,-23.96927
2494726875.0,-23.9695
2494727031.25,-23.96778
2494727187.5,-23.96503
2494727343.75,-23.96462
2494727500.0,-23.96266
2494727656.25,-23.96155
2494727812.5,-23.96363
2494727968.75,-23.96241
2494728125.0,-23.96004
2494728281.25,-23.96068
2494728437.5,-23.95669
2494728593.75,-23.955
2494728750.0,-23.95521
2494728906.25,-23.95601
2494729062.5,-23.95284
2494729218.75,-23.95098
2494729375.0,-23.94942
2494729531.25,-23.94797
2494729687.5,-23.94963
2494729843.75,-23.95064
2494730000.0,-23.94544
2494730156.25,-23.94674
2494730312.5,-23.94488
2494730468.75,-23.94683
2494730625.0,-23.94107
2494730781.25,-23.94359
2494730937.5,-23.94151
2494731093.75,-23.94026
2494731250.0,-23.93866
2494731406.25,-23.93589
2494731562.5,-23.93653
2494731718.75,-23.93449
2494731875.0,-23.93736
2494732031.25,-23.93658
2494732187.5,-23.93417
2494732343.75,-23.93418
2494732500.0,-23.92945
2494732656.25,-23.93184
2494732812.5,-23.92859
2494732968.75,-23.92725
2494733125.0,-23.92405
2494733281.25,-23.92801
2494733437.5,-23.9242
2494733593.75,-23.92223
2494733750.0,-23.92006
2494733906.25,-23.92104
2494734062.5,-23.92071
2494734218.75,-23.92042
2494734375.0,-23.91737
2494734531.25,-23.91811
2494734687.5,-23.91784
2494734843.75,-23.91273
2494735000.0,-23.91521
2494735156.25,-23.91411
2494735312.5,-23.90996
2494735468.75,-23.91232
2494735625.0,-23.90948
2494735781.25,-23.90957
2494735937.5,-23.90778
2494736093.75,-23.90491
2494736250.0,-23.9067
2494736406.25,-23.90691
2494736562.5,-23.90387
2494736718.75,-23.90224
2494736875.0,-23.9032
2494737031.25,-23.89855
2494737187.5,-23.89956
2494737343.75,-23.89948
2494737500.0,-23.89484
2494737656.25,-23.89456
2494737812.5,-23.89559
2494737968.75,-23.89354
2494738125.0,-23.89511
2494738281.25,-23.88718
2494738437.5,-23.89032
2494738593.75,-23.88727
2494738750.0,-23.88608
2494738906.25,-23.88867
2494739062.5,-23.89031
2494739218.75,-23.88523
2494739375.0,-23.884
2494739531.25,-23.88208
2494739687.5,-23.88113
2494739843.75,-23.87964
2494740000.0,-23.88179
2494740156.25,-23.87656
2494740312.5,-23.87564
2494740468.75,-23.87763
2494740625.0,-23.8759
2494740781.25,-23.87397
2494740937.5,-23.87283
2494741093.75,-23.87291
2494741250.0,-23.87067
2494741406.25,-23.86982
2494741562.5,-23.86993
2494741718.75,-23.86738
2494741875.0,-23.86499
2494742031.25,-23.86666
2494742187.5,-23.86534
2494742343.75,-23.86295
2494742500.0,-23.86224
2494742656.25,-23.86062
2494742812.5,-23.85991
2494742968.75,-23.85835
2494743125.0,-23.8581
2494743281.25,-23.85607
2494743437.5,-23.8532
2494743593.75,-23.85331
2494743750.0,-23.85403
2494743906.25,-23.85338
2494744062.5,-23.85081
2494744218.75,-23.84729
2494744375.0,-23.84973
2494744531.25,-23.84825
2494744687.5,-23.84802
2494744843.75,-23.84695
2494745000.0,-23.84379
2494745156.25,-23.84398
2494745312.5,-23.84517
2494745468.75,-23.84102
2494745625.0,-23.84119
2494745781.25,-23.83842
2494745937.5,-23.83816
2494746093.75,-23.83642
2494746250.0,-23.83441
2494746406.25,-23.83474
2494746562.5,-23.83604
2494746718.75,-23.83506
2494746875.0,-23.83279
2494747031.25,-23.83089
2494747187.5,-23.83136
2494747343.75,-23.82855
2494747500.0,-23.82689
2494747656.25,-23.82573
2494747812.5,-23.82677
2494747968.75,-23.82145
2494748125.0,-23.82323
2494748281.25,-23.82232
2494748437.5,-23.82243
2494748593.75,-23.82038
2494748750.0,-23.81714
2494748906.25,-23.82117
2494749062.5,-23.81667
2494749218.75,-23.81599
2494749375.0,-23.81631
2494749531.25,-23.8142
2494749687.5,-23.81334
2494749843.75,-23.81092
2494750000.0,-23.81082
2494750156.25,-23.81137
2494750312.5,-23.80918
2494750468.75,-23.80944
2494750625.0,-23.806
2494750781.25,-23.80447
2494750937.5,-23.79967
2494751093.75,-23.80298
2494751250.0,-23.8015
2494751406.25,-23.80059
2494751562.5,-23.79895
2494751718.75,-23.7994
2494751875.0,-23.79926
2494752031.25,-23.79594
2494752187.5,-23.79577
2494752343.75,-23.79353
2494752500.0,-23.79152
2494752656.25,-23.7899
2494752812.5,-23.79101
2494752968.75,-23.79112
2494753125.0,-23.79018
2494753281.25,-23.79024
2494753437.5,-23.78887
2494753593.75,-23.78553
2494753750.0,-23.78693
2494753906.25,-23.77987
2494754062.5,-23.78357
2494754218.75,-23.7827
2494754375.0,-23.77798
2494754531.25,-23.78075
2494754687.5,-23.77863
2494754843.75,-23.77691
2494755000.0,-23.77714
2494755156.25,-23.77424
2494755312.5,-23.77605
2494755468.75,-23.77221
2494755625.0,-23.77001
2494755781.25,-23.77028
2494755937.5,-23.76979
2494756093.75,-23.7675
2494756250.0,-23.7669
2494756406.25,-23.76815
2494756562.5,-23.76242
2494756718.75,-23.76578
2494756875.0,-23.76536
2494757031.25,-23.76189
2494757187.5,-23.76253
2494757343.75,-23.76299
2494757500.0,-23.75977
2494757656.25,-23.75927
2494757812.5,-23.75582
2494757968.75,-23.75278
2494758125.0,-23.75604
2494758281.25,-23.75436
2494758437.5,-23.75327
2494758593.75,-23.75201
2494758750.0,-23.74924
2494758906.25,-23.74531
2494759062.5,-23.75079
2494759218.75,-23.74708
2494759375.0,-23.74541
2494759531.25,-23.74528
2494759687.5,-23.7433
2494759843.75,-23.74216
2494760000.0,-23.74415
2494760156.25,-23.73703
2494760312.5,-23.73989
2494760468.75,-23.73712
2494760625.0,-23.73837
2494760781.25,-23.73441
2494760937.5,-23.73624
2494761093.75,-23.73725
2494761250.0,-23.73217
2494761406.25,-23.73488
2494761562.5,-23.73203
2494761718.75,-23.73093
2494761875.0,-23.72711
2494762031.25,-23.72726
2494762187.5,-23.72598
2494762343.75,-23.72641
2494762500.0,-23.72636
2494762656.25,-23.72153
2494762812.5,-23.7215
2494762968.75,-23.72114
2494763125.0,-23.7186
2494763281.25,-23.7191
2494763437.5,-23.71993
2494763593.75,-23.71772
2494763750.0,-23.71581
2494763906.25,-23.71433
2494764062.5,-23.71376
2494764218.75,-23.71336
2494764375.0,-23.7099
2494764531.25,-23.71019
2494764687.5,-23.70947
2494764843.75,-23.70788
2494765000.0,-23.70911
2494765156.25,-23.70341
2494765312.5,-23.70608
2494765468.75,-23.70524
2494765625.0,-23.70543
2494765781.25,-23.70401
2494765937.5,-23.69972
2494766093.75,-23.69883
2494766250.0,-23.69925
2494766406.25,-23.69938
2494766562.5,-23.6986
2494766718.75,-23.6945
2494766875.0,-23.69433
2494767031.25,-23.69155
2494767187.5,-23.69127
2494767343.75,-23.68984
2494767500.0,-23.688
2494767656.25,-23.69123
2494767812.5,-23.69057
2494767968.75,-23.6857
2494768125.0,-23.68532
2494768281.25,-23.68387
2494768437.5,-23.68173
2494768593.75,-23.68143
2494768750.0,-23.67949
2494768906.25,-23.68003
2494769062.5,-23.67824
2494769218.75,-23.67524
2494769375.0,-23.67754
2494769531.25,-23.67488
2494769687.5,-23.67436
2494769843.75,-23.67503
2494770000.0,-23.67166
2494770156.25,-23.67151
2494770312.5,-23.67154
2494770468.75,-23.6688
2494770625.0,-23.66736
2494770781.25,-23.66663
2494770937.5,-23.66489
2494771093.75,-23.66641
2494771250.0,-23.66314
2494771406.25,-23.6609
2494771562.5,-23.66267
2494771718.75,-23.66138
2494771875.0,-23.65844
2494772031.25,-23.65825
2494772187.5,-23.65726
2494772343.75,-23.65634
2494772500.0,-23.65514
2494772656.25,-23.65253
2494772812.5,-23.65492
2494772968.75,-23.6552
2494773125.0,-23.64876
2494773281.25,-23.64989
2494773437.5,-23.64861
2494773593.75,-23.64608
2494773750.0,-23.64457
2494773906.25,-23.64321
2494774062.5,-23.64578
2494774218.75,-23.64366
2494774375.0,-23.64268
2494774531.25,-23.64113
2494774687.5,-23.6399
2494774843.75,-23.63755
2494775000.0,-23.6362
2494775156.25,-23.63634
2494775312.5,-23.63474
2494775468.75,-23.6333
2494775625.0,-23.6312
2494775781.25,-23.63226
2494775937.5,-23.63056
2494776093.75,-23.62754
2494776250.0,-23.62655
2494776406.25,-23.62921
2494776562.5,-23.62693
2494776718.75,-23.62399
2494776875.0,-23.62782
2494777031.25,-23.6226
2494777187.5,-23.62082
2494777343.75,-23.61996
2494777500.0,-23.62059
2494777656.25,-23.61647
2494777812.5,-23.61805
2494777968.75,-23.61668
2494778125.0,-23.61377
2494778281.25,-23.61207
2494778437.5,-23.61435
2494778593.75,-23.61259
2494778750.0,-23.61069
2494778906.25,-23.6119
2494779062.5,-23.60895
2494779218.75,-23.60629
2494779375.0,-23.60502
2494779531.25,-23.6042
2494779687.5,-23.60485
2494779843.75,-23.60749
2494780000.0,-23.60502
2494780156.25,-23.6034
2494780312.5,-23.5997
2494780468.75,-23.59788
2494780625.0,-23.59756
2494780781.25,-23.59491
2494780937.5,-23.59363
2494781093.75,-23.59377
2494781250.0,-23.59458
2494781406.25,-23.59162
2494781562.5,-23.59196
2494781718.75,-23.59024
2494781875.0,-23.58947
2494782031.25,-23.59052
2494782187.5,-23.58713
2494782343.75,-23.58398
2494782500.0,-23.58368
2494782656.25,-23.58315
2494782812.5,-23.5847
2494782968.75,-23.58172
2494783125.0,-23.58237
2494783281.25,-23.5824
2494783437.5,-23.57702
2494783593.75,-23.57893
2494783750.0,-23.5774
2494783906.25,-23.57623
2494784062.5,-23.57414
2494784218.75,-23.57288
2494784375.0,-23.57437
2494784531.25,-23.56892
2494784687.5,-23.56825
2494784843.75,-23.56738
2494785000.0,-23.56883
2494785156.25,-23.56842
2494785312.5,-23.56487
2494785468.75,-23.56213
2494785625.0,-23.56421
2494785781.25,-23.5611
2494785937.5,-23.56269
2494786093.75,-23.55711
2494786250.0,-23.55941
2494786406.25,-23.55692
2494786562.5,-23.55499
2494786718.75,-23.55217
2494786875.0,-23.5512
2494787031.25,-23.55303
2494787187.5,-23.55357
2494787343.75,-23.54939
2494787500.0,-23.54992
2494787656.25,-23.54867
2494787812.5,-23.54796
2494787968.75,-23.54398
2494788125.0,-23.54473
2494788281.25,-23.54238
2494788437.5,-23.54392
2494788593.75,-23.54
2494788750.0,-23.54313
2494788906.25,-23.53776
2494789062.5,-23.53662
2494789218.75,-23.53689
2494789375.0,-23.53915
2494789531.25,-23.53624
2494789687.5,-23.53276
2494789843.75,-23.53337
2494790000.0,-23.52987
2494790156.25,-23.53166
2494790312.5,-23.52771
2494790468.75,-23.52681
2494790625.0,-23.52661
2494790781.25,-23.52476
2494790937.5,-23.52617
2494791093.75,-23.52264
2494791250.0,-23.52486
2494791406.25,-23.52087
2494791562.5,-23.52009
2494791718.75,-23.5195
2494791875.0,-23.51841
2494792031.25,-23.51533
2494792187.5,-23.51636
2494792343.75,-23.51261
2494792500.0,-23.51562
2494792656.25,-23.51049
2494792812.5,-23.51229
2494792968.75,-23.51089
2494793125.0,-23.51002
2494793281.25,-23.50803
2494793437.5,-23.50559
2494793593.75,-23.50432
2494793750.0,-23.50242
2494793906.25,-23.50149
2494794062.5,-23.49916
2494794218.75,-23.50113
2494794375.0,-23.50111
2494794531.25,-23.50139
2494794687.5,-23.49819
2494794843.75,-23.49774
2494795000.0,-23.49521
2494795156.25,-23.49437
2494795312.5,-23.49407
2494795468.75,-23.49144
2494795625.0,-23.49095
2494795781.25,-23.48905
2494795937.5,-23.48703
2494796093.75,-23.4905
2494796250.0,-23.48952
2494796406.25,-23.48784
2494796562.5,-23.48399
2494796718.75,-23.4848
2494796875.0,-23.48302
2494797031.25,-23.48414
2494797187.5,-23.47929
2494797343.75,-23.48035
2494797500.0,-23.47567
2494797656.25,-23.47573
2494797812.5,-23.47602
2494797968.75,-23.47214
2494798125.0,-23.4746
2494798281.25,-23.4699
2494798437.5,-23.47272
2494798593.75,-23.47261
2494798750.0,-23.4694
2494798906.25,-23.46721
2494799062.5,-23.46638
2494799218.75,-23.46327
2494799375.0,-23.46323
2494799531.25,-23.46138
2494799687.5,-23.46439
2494799843.75,-23.46415
2494800000.0,-23.45926
2494800156.25,-23.45895
2494800312.5,-23.4593
2494800468.75,-23.45626
2494800625.0,-23.45628
2494800781.25,-23.45614
2494800937.5,-23.45263
2494801093.75,-23.45324
2494801250.0,-23.44919
2494801406.25,-23.45284
2494801562.5,-23.4467
2494801718.75,-23.448
2494801875.0,-23.44631
2494802031.25,-23.44536
2494802187.5,-23.44597
2494802343.75,-23.44229
2494802500.0,-23.44178
2494802656.25,-23.44167
2494802812.5,-23.43874
2494802968.75,-23.43941
2494803125.0,-23.43826
2494803281.25,-23.43548
2494803437.5,-23.43477
2494803593.75,-23.43687
2494803750.0,-23.43531
2494803906.25,-23.43343
2494804062.5,-23.43179
2494804218.75,-23.43172
2494804375.0,-23.42628
2494804531.25,-23.42716
2494804687.5,-23.42657
2494804843.75,-23.42801
2494805000.0,-23.42609
2494805156.25,-23.42272
2494805312.5,-23.42181
2494805468.75,-23.42145
2494805625.0,-23.42002
2494805781.25,-23.41754
2494805937.5,-23.41903
2494806093.75,-23.41692
2494806250.0,-23.41721
2494806406.25,-23.41546
2494806562.5,-23.41464
2494806718.75,-23.41032
2494806875.0,-23.40955
2494807031.25,-23.40776
2494807187.5,-23.41011
2494807343.75,-23.40674
2494807500.0,-23.40671
2494807656.25,-23.40434
2494807812.5,-23.40356
2494807968.75,-23.40417
2494808125.0,-23.40198
2494808281.25,-23.39894
2494808437.5,-23.4004
2494808593.75,-23.39855
2494808750.0,-23.39732
2494808906.25,-23.39578
2494809062.5,-23.39467
2494809218.75,-23.39477
2494809375.0,-23.39489
2494809531.25,-23.39095
2494809687.5,-23.39012
2494809843.75,-23.38852
2494810000.0,-23.38623
2494810156.25,-23.38503
2494810312.5,-23.38516
2494810468.75,-23.38719
2494810625.0,-23.38536
2494810781.25,-23.38003
2494810937.5,-23.38239
2494811093.75,-23.38228
2494811250.0,-23.3787
2494811406.25,-23.37932
2494811562.5,-23.37701
2494811718.75,-23.37692
2494811875.0,-23.37637
2494812031.25,-23.37206
2494812187.5,-23.37285
2494812343.75,-23.37231
2494812500.0,-23.36901
2494812656.25,-23.36976
2494812812.5,-23.36606
2494812968.75,-23.36767
2494813125.0,-23.36455
2494813281.25,-23.36461
2494813437.5,-23.36225
2494813593.75,-23.36189
2494813750.0,-23.36259
2494813906.25,-23.36189
2494814062.5,-23.35781
2494814218.75,-23.35762
2494814375.0,-23.3551
2494814531.25,-23.35509
2494814687.5,-23.35525
2494814843.75,-23.35368
2494815000.0,-23.35231
2494815156.25,-23.35095
2494815312.5,-23.35126
2494815468.75,-23.34926
2494815625.0,-23.34564
2494815781.25,-23.34577
2494815937.5,-23.3445
2494816093.75,-23.34448
2494816250.0,-23.34014
2494816406.25,-23.34489
2494816562.5,-23.3427
2494816718.75,-23.34022
2494816875.0,-23.34057
2494817031.25,-23.33653
2494817187.5,-23.33395
2494817343.75,-23.3374
2494817500.0,-23.33244
2494817656.25,-23.33356
2494817812.5,-23.3307
2494817968.75,-23.32941
2494818125.0,-23.32934
2494818281.25,-23.32709
2494818437.5,-23.32766
2494818593.75,-23.32492
2494818750.0,-23.32295
2494818906.25,-23.327
2494819062.5,-23.32414
2494819218.75,-23.32225
2494819375.0,-23.32202
2494819531.25,-23.32098
2494819687.5,-23.31669
2494819843.75,-23.31863
2494820000.0,-23.31533
2494820156.25,-23.31544
2494820312.5,-23.31222
2494820468.75,-23.31253
2494820625.0,-23.31059
2494820781.25,-23.30964
2494820937.5,-23.30836
2494821093.75,-23.30838
2494821250.0,-23.30528
2494821406.25,-23.30533
2494821562.5,-23.30772
2494821718.75,-23.30281
2494821875.0,-23.30306
2494822031.25,-23.30305
2494822187.5,-23.29957
2494822343.75,-23.29919
2494822500.0,-23.29814
2494822656.25,-23.29556
2494822812.5,-23.29594
2494822968.75,-23.29221
2494823125.0,-23.29517
2494823281.25,-23.2944
2494823437.5,-23.29078
2494823593.75,-23.29103
2494823750.0,-23.28652
2494823906.25,-23.28731
2494824062.5,-23.28839
2494824218.75,-23.28868
2494824375.0,-23.28532
2494824531.25,-23.2836
2494824687.5,-23.28174
2494824843.75,-23.28045
2494825000.0,-23.28145
2494825156.25,-23.27946
2494825312.5,-23.27861
2494825468.75,-23.27511
2494825625.0,-23.27374
2494825781.25,-23.27464
2494825937.5,-23.27261
2494826093.75,-23.27275
2494826250.0,-23.26974
2494826406.25,-23.27021
2494826562.5,-23.26609
2494826718.75,-23.26487
2494826875.0,-23.26752
2494827031.25,-23.26294
2494827187.5,-23.26401
2494827343.75,-23.26171
2494827500.0,-23.26124
2494827656.25,-23.26188
2494827812.5,-23.25973
2494827968.75,-23.25712
2494828125.0,-23.25701
2494828281.25,-23.25713
2494828437.5,-23.25317
2494828593.75,-23.25267
2494828750.0,-23.25478
2494828906.25,-23.252
2494829062.5,-23.24896
2494829218.75,-23.24894
2494829375.0,-23.24548
2494829531.25,-23.24654
2494829687.5,-23.24312
2494829843.75,-23.24108
2494830000.0,-23.24416
2494830156.25,-23.24058
2494830312.5,-23.24035
2494830468.75,-23.2379
2494830625.0,-23.23934
2494830781.25,-23.23892
2494830937.5,-23.23582
2494831093.75,-23.23487
2494831250.0,-23.23466
2494831406.25,-23.23202
2494831562.5,-23.23291
2494831718.75,-23.2308
2494831875.0,-23.23008
2494832031.25,-23.22693
2494832187.5,-23.22764
2494832343.75,-23.22793
2494832500.0,-23.22536
2494832656.25,-23.22175
2494832812.5,-23.22243
2494832968.75,-23.22184
2494833125.0,-23.22167
2494833281.25,-23.22034
2494833437.5,-23.21549
2494833593.75,-23.21907
2494833750.0,-23.21519
2494833906.25,-23.21617
2494834062.5,-23.21437
2494834218.75,-23.21096
2494834375.0,-23.2129
2494834531.25,-23.21
2494834687.5,-23.20811
2494834843.75,-23.20794
2494835000.0,-23.20501
2494835156.25,-23.20688
2494835312.5,-23.20425
2494835468.75,-23.20614
2494835625.0,-23.20021
2494835781.25,-23.20198
2494835937.5,-23.20019
2494836093.75,-23.19833
2494836250.0,-23.19657
2494836406.25,-23.19662
2494836562.5,-23.19418
2494836718.75,-23.19629
2494836875.0,-23.19147
2494837031.25,-23.19187
2494837187.5,-23.19002
2494837343.75,-23.19036
2494837500.0,-23.18941
2494837656.25,-23.18754
2494837812.5,-23.18549
2494837968.75,-23.18533
2494838125.0,-23.18523
2494838281.25,-23.18222
2494838437.5,-23.18122
2494838593.75,-23.17825
2494838750.0,-23.17855
2494838906.25,-23.17878
2494839062.5,-23.17427
2494839218.75,-23.17751
2494839375.0,-23.17423
2494839531.25,-23.17322
2494839687.5,-23.17009
2494839843.75,-23.17247
2494840000.0,-23.16764
2494840156.25,-23.16919
2494840312.5,-23.1661
2494840468.75,-23.16419
2494840625.0,-23.16583
2494840781.25,-23.16448
2494840937.5,-23.1623
2494841093.75,-23.16179
2494841250.0,-23.15664
2494841406.25,-23.15792
2494841562.5,-23.1596
2494841718.75,-23.15814
2494841875.0,-23.15613
2494842031.25,-23.15471
2494842187.5,-23.15584
2494842343.75,-23.15272
2494842500.0,-23.14846
2494842656.25,-23.14939
2494842812.5,-23.14744
2494842968.75,-23.1497
2494843125.0,-23.14645
2494843281.25,-23.14599
2494843437.5,-23.14505
2494843593.75,-23.14184
2494843750.0,-23.14169
2494843906.25,-23.14143
2494844062.5,-23.13696
2494844218.75,-23.13919
2494844375.0,-23.13653
2494844531.25,-23.13659
2494844687.5,-23.13433
2494844843.75,-23.13375
2494845000.0,-23.13142
2494845156.25,-23.13342
2494845312.5,-23.13151
2494845468.75,-23.12827
2494845625.0,-23.1261
2494845781.25,-23.12752
2494845937.5,-23.12665
2494846093.75,-23.12293
2494846250.0,-23.12196
2494846406.25,-23.12436
2494846562.5,-23.12337
2494846718.75,-23.12029
2494846875.0,-23.12034
2494847031.25,-23.11594
2494847187.5,-23.11424
2494847343.75,-23.11575
2494847500.0,-23.11549
2494847656.25,-23.11333
2494847812.5,-23.10899
2494847968.75,-23.11142
2494848125.0,-23.10893
2494848281.25,-23.10608
2494848437.5,-23.10564
2494848593.75,-23.10347
2494848750.0,-23.10515
2494848906.25,-23.10496
2494849062.5,-23.10361
2494849218.75,-23.10177
2494849375.0,-23.10127
2494849531.25,-23.09856
2494849687.5,-23.09813
2494849843.75,-23.09624
2494850000.0,-23.09202
2494850156.25,-23.09179
2494850312.5,-23.09214
2494850468.75,-23.09222
2494850625.0,-23.09041
2494850781.25,-23.08818
2494850937.5,-23.0884
2494851093.75,-23.08771
2494851250.0,-23.08553
2494851406.25,-23.08484
2494851562.5,-23.0846
2494851718.75,-23.08354
2494851875.0,-23.08163
2494852031.25,-23.08006
2494852187.5,-23.07916
2494852343.75,-23.07717
2494852500.0,-23.07863
2494852656.25,-23.07224
2494852812.5,-23.07421
2494852968.75,-23.07133
2494853125.0,-23.0717
2494853281.25,-23.07275
2494853437.5,-23.06892
2494853593.75,-23.06647
2494853750.0,-23.06643
2494853906.25,-23.06504
2494854062.5,-23.06403
2494854218.75,-23.06182
2494854375.0,-23.06186
2494854531.25,-23.06266
2494854687.5,-23.0621
2494854843.75,-23.05863
2494855000.0,-23.06165
2494855156.25,-23.05781
2494855312.5,-23.05453
2494855468.75,-23.05338
2494855625.0,-23.05204
2494855781.25,-23.05287
2494855937.5,-23.0534
2494856093.75,-23.04927
2494856250.0,-23.04941
2494856406.25,-23.04947
2494856562.5,-23.04597
2494856718.75,-23.04504
2494856875.0,-23.04154
2494857031.25,-23.04184
2494857187.5,-23.04247
2494857343.75,-23.03979
2494857500.0,-23.04169
2494857656.25,-23.03925
2494857812.5,-23.03612
2494857968.75,-23.03537
2494858125.0,-23.03547
2494858281.25,-23.03337
2494858437.5,-23.03317
2494858593.75,-23.03265
2494858750.0,-23.03096
2494858906.25,-23.02808
2494859062.5,-23.02546
2494859218.75,-23.02721
2494859375.0,-23.02509
2494859531.25,-23.02292
2494859687.5,-23.02478
2494859843.75,-23.02275
2494860000.0,-23.02148
2494860156.25,-23.02099
2494860312.5,-23.01808
2494860468.75,-23.01471
2494860625.0,-23.01715
2494860781.25,-23.01527
2494860937.5,-23.01322
2494861093.75,-23.01281
2494861250.0,-23.01313
2494861406.25,-23.01034
2494861562.5,-23.00856
2494861718.75,-23.00936
2494861875.0,-23.00819
2494862031.25,-23.00554
2494862187.5,-23.00404
2494862343.75,-23.00658
2494862500.0,-22.99998
2494862656.25,-23.00055
2494862812.5,-22.99963
2494862968.75,-22.9966
2494863125.0,-22.99557
2494863281.25,-22.99807
2494863437.5,-22.9956
2494863593.75,-22.99421
2494863750.0,-22.99289
2494863906.25,-22.99251
2494864062.5,-22.9908
2494864218.75,-22.98944
2494864375.0,-22.98586
2494864531.25,-22.98516
2494864687.5,-22.98489
2494864843.75,-22.98698
2494865000.0,-22.98399
2494865156.25,-22.98512
2494865312.5,-22.97943
2494865468.75,-22.97998
2494865625.0,-22.97913
2494865781.25,-22.9768
2494865937.5,-22.97649
2494866093.75,-22.97688
2494866250.0,-22.97332
2494866406.25,-22.97336
2494866562.5,-22.97178
2494866718.75,-22.96789
2494866875.0,-22.96963
2494867031.25,-22.96797
2494867187.5,-22.96614
2494867343.75,-22.96352
2494867500.0,-22.9663
2494867656.25,-22.96448
2494867812.5,-22.96259
2494867968.75,-22.96015
2494868125.0,-22.9583
2494868281.25,-22.96127
2494868437.5,-22.95829
2494868593.75,-22.95573
2494868750.0,-22.95404
2494868906.25,-22.95429
2494869062.5,-22.95189
2494869218.75,-22.9498
2494869375.0,-22.94973
2494869531.25,-22.94581
2494869687.5,-22.94962
2494869843.75,-22.94786
2494870000.0,-22.94487
2494870156.25,-22.94205
2494870312.5,-22.94352
2494870468.75,-22.94083
2494870625.0,-22.94034
2494870781.25,-22.93845
2494870937.5,-22.93706
2494871093.75,-22.9358
2494871250.0,-22.93606
2494871406.25,-22.93497
2494871562.5,-22.93369
2494871718.75,-22.93409
2494871875.0,-22.93023
2494872031.25,-22.92992
2494872187.5,-22.9265
2494872343.75,-22.92671
2494872500.0,-22.92588
2494872656.25,-22.92388
2494872812.5,-22.92433
2494872968.75,-22.92111
2494873125.0,-22.92123
2494873281.25,-22.91945
2494873437.5,-22.91837
2494873593.75,-22.9174
2494873750.0,-22.91481
2494873906.25,-22.91636
2494874062.5,-22.91573
2494874218.75,-22.91421
2494874375.0,-22.91258
2494874531.25,-22.91306
2494874687.5,-22.90766
2494874843.75,-22.90677
2494875000.0,-22.90792
2494875156.25,-22.90564
2494875312.5,-22.90344
2494875468.75,-22.90407
2494875625.0,-22.90373
2494875781.25,-22.90009
2494875937.5,-22.9021
2494876093.75,-22.89692
2494876250.0,-22.89849
2494876406.25,-22.8944
2494876562.5,-22.89817
2494876718.75,-22.89481
2494876875.0,-22.89295
2494877031.25,-22.89178
2494877187.5,-22.89363
2494877343.75,-22.89149
2494877500.0,-22.8893
2494877656.25,-22.88578
2494877812.5,-22.88672
2494877968.75,-22.88527
2494878125.0,-22.88407
2494878281.25,-22.88246
2494878437.5,-22.8852
2494878593.75,-22.87963
2494878750.0,-22.8805
2494878906.25,-22.88002
2494879062.5,-22.87638
2494879218.75,-22.87678
2494879375.0,-22.87547
2494879531.25,-22.87309
2494879687.5,-22.87146
2494879843.75,-22.87187
2494880000.0,-22.8707
2494880156.25,-22.86661
2494880312.5,-22.86795
2494880468.75,-22.86478
2494880625.0,-22.86426
2494880781.25,-22.86534
2494880937.5,-22.8641
2494881093.75,-22.8594
2494881250.0,-22.86013
2494881406.25,-22.8593
2494881562.5,-22.85791
2494881718.75,-22.85599
2494881875.0,-22.85398
2494882031.25,-22.85336
2494882187.5,-22.85206
2494882343.75,-22.8518
2494882500.0,-22.84693
2494882656.25,-22.84796
2494882812.5,-22.85055
2494882968.75,-22.84619
2494883125.0,-22.84392
2494883281.25,-22.84535
2494883437.5,-22.84486
2494883593.75,-22.84088
2494883750.0,-22.83903
2494883906.25,-22.83906
2494884062.5,-22.83714
2494884218.75,-22.83734
2494884375.0,-22.83687
2494884531.25,-22.8353
2494884687.5,-22.83487
2494884843.75,-22.83176
2494885000.0,-22.83115
2494885156.25,-22.83055
2494885312.5,-22.82864
2494885468.75,-22.82845
2494885625.0,-22.82463
2494885781.25,-22.82684
2494885937.5,-22.82455
2494886093.75,-22.82324
2494886250.0,-22.82273
2494886406.25,-22.82213
2494886562.5,-22.82082
2494886718.75,-22.81448
2494886875.0,-22.81649
2494887031.25,-22.81699
2494887187.5,-22.8151
2494887343.75,-22.8146
2494887500.0,-22.81063
2494887656.25,-22.81171
2494887812.5,-22.81126
2494887968.75,-22.80704
2494888125.0,-22.80597
2494888281.25,-22.80832
2494888437.5,-22.80324
2494888593.75,-22.80255
2494888750.0,-22.80147
2494888906.25,-22.79947
2494889062.5,-22.80019
2494889218.75,-22.80111
2494889375.0,-22.79829
2494889531.25,-22.79839
2494889687.5,-22.79528
2494889843.75,-22.79635
2494890000.0,-22.79446
2494890156.25,-22.78951
2494890312.5,-22.79023
2494890468.75,-22.78996
2494890625.0,-22.78771
2494890781.25,-22.78705
2494890937.5,-22.7842
2494891093.75,-22.78449
2494891250.0,-22.78336
2494891406.25,-22.78132
2494891562.5,-22.7794
2494891718.75,-22.7807
2494891875.0,-22.77965
2494892031.25,-22.77698
2494892187.5,-22.77591
2494892343.75,-22.77455
2494892500.0,-22.77179
2494892656.25,-22.77518
2494892812.5,-22.77072
2494892968.75,-22.76876
2494893125.0,-22.76821
2494893281.25,-22.76665
2494893437.5,-22.76534
2494893593.75,-22.76361
2494893750.0,-22.76491
2494893906.25,-22.76419
2494894062.5,-22.75904
2494894218.75,-22.76099
2494894375.0,-22.7585
2494894531.25,-22.75828
2494894687.5,-22.75599
2494894843.75,-22.75461
2494895000.0,-22.75348
2494895156.25,-22.75343
2494895312.5,-22.75023
2494895468.75,-22.75092
2494895625.0,-22.74805
2494895781.25,-22.74788
2494895937.5,-22.74685
2494896093.75,-22.74657
2494896250.0,-22.74506
2494896406.25,-22.74236
2494896562.5,-22.74298
2494896718.75,-22.74163
2494896875.0,-22.74027
2494897031.25,-22.73711
2494897187.5,-22.73904
2494897343.75,-22.73647
2494897500.0,-22.73601
2494897656.25,-22.73285
2494897812.5,-22.73168
2494897968.75,-22.73113
2494898125.0,-22.73053
2494898281.25,-22.73197
2494898437.5,-22.72848
2494898593.75,-22.72464
2494898750.0,-22.72596
2494898906.25,-22.72496
2494899062.5,-22.72346
2494899218.75,-22.71954
2494899375.0,-22.72093
2494899531.25,-22.71975
2494899687.5,-22.71651
2494899843.75,-22.71734
2494900000.0,-22.7149
2494900156.25,-22.71434
2494900312.5,-22.71408
2494900468.75,-22.71077
2494900625.0,-22.70992
2494900781.25,-22.70818
2494900937.5,-22.70915
2494901093.75,-22.70989
2494901250.0,-22.70501
2494901406.25,-22.70281
2494901562.5,-22.70444
2494901718.75,-22.69924
2494901875.0,-22.70027
2494902031.25,-22.69777
2494902187.5,-22.69892
2494902343.75,-22.69931
2494902500.0,-22.69654
2494902656.25,-22.69363
2494902812.5,-22.6951
2494902968.75,-22.69308
2494903125.0,-22.69138
2494903281.25,-22.6889
2494903437.5,-22.68919
2494903593.75,-22.68869
2494903750.0,-22.68559
2494903906.25,-22.68618
2494904062.5,-22.68378
2494904218.75,-22.68284
2494904375.0,-22.68304
2494904531.25,-22.68076
2494904687.5,-22.68146
2494904843.75,-22.67632
2494905000.0,-22.67523
2494905156.25,-22.67611
2494905312.5,-22.67468
2494905468.75,-22.67336
2494905625.0,-22.6717
2494905781.25,-22.6693
2494905937.5,-22.6673
2494906093.75,-22.66784
2494906250.0,-22.66803
2494906406.25,-22.66435
2494906562.5,-22.66329
2494906718.75,-22.66498
2494906875.0,-22.65926
2494907031.25,-22.66031
2494907187.5,-22.65746
2494907343.75,-22.65846
2494907500.0,-22.6578
2494907656.25,-22.65613
2494907812.5,-22.65509
2494907968.75,-22.6524
2494908125.0,-22.65431
2494908281.25,-22.6519
2494908437.5,-22.64933
2494908593.75,-22.64867
2494908750.0,-22.64549
2494908906.25,-22.64673
2494909062.5,-22.64561
2494909218.75,-22.64346
2494909375.0,-22.64313
2494909531.25,-22.63949
2494909687.5,-22.64019
2494909843.75,-22.63737
2494910000.0,-22.63618
2494910156.25,-22.63585
2494910312.5,-22.63392
2494910468.75,-22.63326
2494910625.0,-22.63319
2494910781.25,-22.62918
2494910937.5,-22.62863
2494911093.75,-22.62993
2494911250.0,-22.62749
2494911406.25,-22.62852
2494911562.5,-22.62695
2494911718.75,-22.62511
2494911875.0,-22.62261
2494912031.25,-22.62097
2494912187.5,-22.62045
2494912343.75,-22.61696
2494912500.0,-22.61639
2494912656.25,-22.61628
2494912812.5,-22.61588
2494912968.75,-22.61675
2494913125.0,-22.61209
2494913281.25,-22.61147
2494913437.5,-22.60729
2494913593.75,-22.60814
2494913750.0,-22.60863
2494913906.25,-22.60556
2494914062.5,-22.60502
2494914218.75,-22.60526
2494914375.0,-22.60329
2494914531.25,-22.60199
2494914687.5,-22.60057
2494914843.75,-22.59796
2494915000.0,-22.59829
2494915156.25,-22.59826
2494915312.5,-22.59398
2494915468.75,-22.59539
2494915625.0,-22.59184
2494915781.25,-22.59127
2494915937.5,-22.59269
2494916093.75,-22.58879
2494916250.0,-22.58759
2494916406.25,-22.58692
2494916562.5,-22.58319
2494916718.75,-22.58359
2494916875.0,-22.58232
2494917031.25,-22.58442
2494917187.5,-22.58294
2494917343.75,-22.57852
2494917500.0,-22.57611
2494917656.25,-22.57639
2494917812.5,-22.57583
2494917968.75,-22.57561
2494918125.0,-22.56992
2494918281.25,-22.57266
2494918437.5,-22.57199
2494918593.75,-22.57125
2494918750.0,-22.56791
2494918906.25,-22.56832
2494919062.5,-22.56712
2494919218.75,-22.5659
2494919375.0,-22.56581
2494919531.25,-22.56081
2494919687.5,-22.56011
2494919843.75,-22.55958
2494920000.0,-22.55845
2494920156.25,-22.55615
2494920312.5,-22.55313
2494920468.75,-22.55463
2494920625.0,-22.55336
2494920781.25,-22.55206
2494920937.5,-22.5517
2494921093.75,-22.55018
2494921250.0,-22.55011
2494921406.25,-22.5481
2494921562.5,-22.54714
2494921718.75,-22.54381
2494921875.0,-22.54264
2494922031.25,-22.54247
2494922187.5,-22.54311
2494922343.75,-22.53872
2494922500.0,-22.54121
2494922656.25,-22.53683
2494922812.5,-22.53759
2494922968.75,-22.53293
2494923125.0,-22.533
2494923281.25,-22.53322
2494923437.5,-22.53305
2494923593.75,-22.52983
2494923750.0,-22.52968
2494923906.25,-22.5267
2494924062.5,-22.52706
2494924218.75,-22.52701
2494924375.0,-22.52182
2494924531.25,-22.52407
2494924687.5,-22.52119
2494924843.75,-22.51929
2494925000.0,-22.52162
2494925156.25,-22.51865
2494925312.5,-22.51937
2494925468.75,-22.51648
2494925625.0,-22.51477
2494925781.25,-22.51272
2494925937.5,-22.50926
2494926093.75,-22.51024
2494926250.0,-22.50902
2494926406.25,-22.50809
2494926562.5,-22.5055
2494926718.75,-22.505
2494926875.0,-22.50604
2494927031.25,-22.50521
2494927187.5,-22.50346
2494927343.75,-22.49767
2494927500.0,-22.50014
2494927656.25,-22.49662
2494927812.5,-22.49526
2494927968.75,-22.49734
2494928125.0,-22.49467
2494928281.25,-22.49398
2494928437.5,-22.49242
2494928593.75,-22.49007
2494928750.0,-22.48903
2494928906.25,-22.48689
2494929062.5,-22.48566
2494929218.75,-22.48723
2494929375.0,-22.48477
2494929531.25,-22.48439
2494929687.5,-22.48282
2494929843.75,-22.48178
2494930000.0,-22.47872
2494930156.25,-22.47949
2494930312.5,-22.47753
2494930468.75,-22.47537
2494930625.0,-22.47466
2494930781.25,-22.47418
2494930937.5,-22.47136
2494931093.75,-22.47012
2494931250.0,-22.46828
2494931406.25,-22.46817
2494931562.5,-22.46656
2494931718.75,-22.46675
2494931875.0,-22.46481
2494932031.25,-22.46401
2494932187.5,-22.46387
2494932343.75,-22.46056
2494932500.0,-22.46076
2494932656.25,-22.4595
2494932812.5,-22.4566
2494932968.75,-22.45651
2494933125.0,-22.45354
2494933281.25,-22.45323
2494933437.5,-22.45002
2494933593.75,-22.45103
2494933750.0,-22.4521
2494933906.25,-22.45083
2494934062.5,-22.44896
2494934218.75,-22.446
2494934375.0,-22.44658
2494934531.25,-22.44662
2494934687.5,-22.44208
2494934843.75,-22.43991
2494935000.0,-22.44156
2494935156.25,-22.43972
2494935312.5,-22.43763
2494935468.75,-22.43394
2494935625.0,-22.43434
2494935781.25,-22.43359
2494935937.5,-22.4334
2494936093.75,-22.43044
2494936250.0,-22.429
2494936406.25,-22.42921
2494936562.5,-22.42803
2494936718.75,-22.42603
2494936875.0,-22.42525
2494937031.25,-22.42307
2494937187.5,-22.42216
2494937343.75,-22.4193
2494937500.0,-22.42082
2494937656.25,-22.41845
2494937812.5,-22.4173
2494937968.75,-22.41691
2494938125.0,-22.41457
2494938281.25,-22.414
2494938437.5,-22.41318
2494938593.75,-22.41164
2494938750.0,-22.41042
2494938906.25,-22.4092
2494939062.5,-22.40414
2494939218.75,-22.40707
2494939375.0,-22.40412
2494939531.25,-22.40369
2494939687.5,-22.40153
2494939843.75,-22.39812
2494940000.0,-22.4009
2494940156.25,-22.3961
2494940312.5,-22.39618
2494940468.75,-22.39862
2494940625.0,-22.39477
2494940781.25,-22.39317
2494940937.5,-22.39247
2494941093.75,-22.38979
2494941250.0,-22.38936
2494941406.25,-22.3911
2494941562.5,-22.38585
2494941718.75,-22.38688
2494941875.0,-22.3835
2494942031.25,-22.38302
2494942187.5,-22.3803
2494942343.75,-22.37958
2494942500.0,-22.37978
2494942656.25,-22.37731
2494942812.5,-22.37521
2494942968.75,-22.37625
2494943125.0,-22.37566
2494943281.25,-22.37465
2494943437.5,-22.37125
2494943593.75,-22.37246
2494943750.0,-22.36986
2494943906.25,-22.36922
2494944062.5,-22.3657
2494944218.75,-22.36702
2494944375.0,-22.36424
2494944531.25,-22.36368
2494944687.5,-22.36115
2494944843.75,-22.36041
2494945000.0,-22.35877
2494945156.25,-22.35758
2494945312.5,-22.35821
2494945468.75,-22.35622
2494945625.0,-22.35393
2494945781.25,-22.35357
2494945937.5,-22.35145
2494946093.75,-22.35084
2494946250.0,-22.35005
2494946406.25,-22.34682
2494946562.5,-22.34631
2494946718.75,-22.34318
2494946875.0,-22.34333
2494947031.25,-22.34256
2494947187.5,-22.34255
2494947343.75,-22.34095
2494947500.0,-22.34083
2494947656.25,-22.33737
2494947812.5,-22.3343
2494947968.75,-22.33322
2494948125.0,-22.33426
2494948281.25,-22.33237
2494948437.5,-22.33231
2494948593.75,-22.33093
2494948750.0,-22.32919
2494948906.25,-22.32835
2494949062.5,-22.32754
2494949218.75,-22.32435
2494949375.0,-22.32468
2494949531.25,-22.32398
2494949687.5,-22.32146
2494949843.75,-22.32004
2494950000.0,-22.31956
2494950156.25,-22.31657
2494950312.5,-22.31463
2494950468.75,-22.31643
2494950625.0,-22.3147
2494950781.25,-22.3133
2494950937.5,-22.31213
2494951093.75,-22.30968
2494951250.0,-22.3103
2494951406.25,-22.30762
2494951562.5,-22.30553
2494951718.75,-22.30336
2494951875.0,-22.30477
2494952031.25,-22.30222
2494952187.5,-22.29994
2494952343.75,-22.30118
2494952500.0,-22.2998
2494952656.25,-22.29949
2494952812.5,-22.29439
2494952968.75,-22.29268
2494953125.0,-22.29469
2494953281.25,-22.29176
2494953437.5,-22.29297
2494953593.75,-22.29049
2494953750.0,-22.2881
2494953906.25,-22.2872
2494954062.5,-22.28694
2494954218.75,-22.2839
2494954375.0,-22.28203
2494954531.25,-22.28433
2494954687.5,-22.28205
2494954843.75,-22.27947
2494955000.0,-22.27732
2494955156.25,-22.27798
2494955312.5,-22.2752
2494955468.75,-22.27647
2494955625.0,-22.27516
2494955781.25,-22.27216
2494955937.5,-22.27044
2494956093.75,-22.26958
2494956250.0,-22.26929
2494956406.25,-22.26602
2494956562.5,-22.26477
2494956718.75,-22.26505
2494956875.0,-22.26066
2494957031.25,-22.26073
2494957187.5,-22.26074
2494957343.75,-22.25981
2494957500.0,-22.25787
2494957656.25,-22.25795
2494957812.5,-22.25701
2494957968.75,-22.25626
2494958125.0,-22.2525
2494958281.25,-22.2496
2494958437.5,-22.25053
2494958593.75,-22.24946
2494958750.0,-22.24683
2494958906.25,-22.24468
2494959062.5,-22.2441
2494959218.75,-22.24262
2494959375.0,-22.24246
2494959531.25,-22.24087
2494959687.5,-22.23863
2494959843.75,-22.23923
2494960000.0,-22.23793
2494960156.25,-22.23494
2494960312.5,-22.23304
2494960468.75,-22.23406
2494960625.0,-22.23306
2494960781.25,-22.23242
2494960937.5,-22.23129
2494961093.75,-22.2271
2494961250.0,-22.22964
2494961406.25,-22.22593
2494961562.5,-22.22473
2494961718.75,-22.22296
2494961875.0,-22.22246
2494962031.25,-22.2211
2494962187.5,-22.21974
2494962343.75,-22.21974
2494962500.0,-22.2173
2494962656.25,-22.21601
2494962812.5,-22.21495
2494962968.75,-22.21313
2494963125.0,-22.21041
2494963281.25,-22.20925
2494963437.5,-22.21133
2494963593.75,-22.20997
2494963750.0,-22.20482
2494963906.25,-22.20528
2494964062.5,-22.20319
2494964218.75,-22.20315
2494964375.0,-22.1986
2494964531.25,-22.19914
2494964687.5,-22.19785
2494964843.75,-22.19884
2494965000.0,-22.19845
2494965156.25,-22.19602
2494965312.5,-22.19413
2494965468.75,-22.19386
2494965625.0,-22.19154
2494965781.25,-22.18994
2494965937.5,-22.18872
2494966093.75,-22.18684
2494966250.0,-22.18711
2494966406.25,-22.18223
2494966562.5,-22.18274
2494966718.75,-22.18328
2494966875.0,-22.18011
2494967031.25,-22.1822
2494967187.5,-22.17768
2494967343.75,-22.17445
2494967500.0,-22.17543
2494967656.25,-22.17555
2494967812.5,-22.1733
2494967968.75,-22.17209
2494968125.0,-22.16896
2494968281.25,-22.16704
2494968437.5,-22.16644
2494968593.75,-22.16653
2494968750.0,-22.16636
2494968906.25,-22.1629
2494969062.5,-22.16333
2494969218.75,-22.16051
2494969375.0,-22.15976
2494969531.25,-22.15723
2494969687.5,-22.15935
2494969843.75,-22.15736
2494970000.0,-22.15528
2494970156.25,-22.15392
2494970312.5,-22.15433
2494970468.75,-22.15076
2494970625.0,-22.14954
2494970781.25,-22.14842
2494970937.5,-22.1467
2494971093.75,-22.14606
2494971250.0,-22.14426
2494971406.25,-22.14315
2494971562.5,-22.14409
2494971718.75,-22.14032
2494971875.0,-22.14048
2494972031.25,-22.14096
2494972187.5,-22.13741
2494972343.75,-22.13725
2494972500.0,-22.13412
2494972656.25,-22.13264
2494972812.5,-22.13401
2494972968.75,-22.13051
2494973125.0,-22.12968
2494973281.25,-22.12841
2494973437.5,-22.12676
2494973593.75,-22.12445
2494973750.0,-22.12277
2494973906.25,-22.12306
2494974062.5,-22.12118
2494974218.75,-22.11906
2494974375.0,-22.12217
2494974531.25,-22.11772
2494974687.5,-22.11675
2494974843.75,-22.11466
2494975000.0,-22.11435
2494975156.25,-22.11252
2494975312.5,-22.11073
2494975468.75,-22.11296
2494975625.0,-22.11046
2494975781.25,-22.10749
2494975937.5,-22.10776
2494976093.75,-22.10505
2494976250.0,-22.10146
2494976406.25,-22.10122
2494976562.5,-22.10081
2494976718.75,-22.0965
2494976875.0,-22.09864
2494977031.25,-22.09777
2494977187.5,-22.0961
2494977343.75,-22.09523
2494977500.0,-22.09333
2494977656.25,-22.09371
2494977812.5,-22.08873
2494977968.75,-22.09114
2494978125.0,-22.08731
2494978281.25,-22.08526
2494978437.5,-22.08554
2494978593.75,-22.08534
2494978750.0,-22.08428
2494978906.25,-22.0814
2494979062.5,-22.08069
2494979218.75,-22.08121
2494979375.0,-22.07717
2494979531.25,-22.07599
2494979687.5,-22.07679
2494979843.75,-22.07235
2494980000.0,-22.06995
2494980156.25,-22.07139
2494980312.5,-22.06881
2494980468.75,-22.06821
2494980625.0,-22.06665
2494980781.25,-22.0663
2494980937.5,-22.06602
2494981093.75,-22.06161
2494981250.0,-22.0617
2494981406.25,-22.06057
2494981562.5,-22.05821
2494981718.75,-22.0584
2494981875.0,-22.05503
2494982031.25,-22.05604
2494982187.5,-22.05493
2494982343.75,-22.05199
2494982500.0,-22.04936
2494982656.25,-22.04907
2494982812.5,-22.05068
2494982968.75,-22.04691
2494983125.0,-22.04507
2494983281.25,-22.04383
2494983437.5,-22.044
2494983593.75,-22.04379
2494983750.0,-22.0429
2494983906.25,-22.03801
2494984062.5,-22.03702
2494984218.75,-22.03798
2494984375.0,-22.03316
2494984531.25,-22.03475
2494984687.5,-22.0327
2494984843.75,-22.03232
2494985000.0,-22.02938
2494985156.25,-22.02967
2494985312.5,-22.02845
2494985468.75,-22.0263
2494985625.0,-22.02402
2494985781.25,-22.02427
2494985937.5,-22.02317
2494986093.75,-22.02245
2494986250.0,-22.02073
2494986406.25,-22.01864
2494986562.5,-22.01692
2494986718.75,-22.0156
2494986875.0,-22.01474
2494987031.25,-22.01567
2494987187.5,-22.01346
2494987343.75,-22.0106
2494987500.0,-22.01045
2494987656.25,-22.00892
2494987812.5,-22.00553
2494987968.75,-22.00751
2494988125.0,-22.00433
2494988281.25,-22.003
2494988437.5,-22.00016
2494988593.75,-22.00004
2494988750.0,-22.00174
2494988906.25,-21.9971
2494989062.5,-21.9972
2494989218.75,-21.99491
2494989375.0,-21.99411
2494989531.25,-21.99225
2494989687.5,-21.99074
2494989843.75,-21.98987
2494990000.0,-21.98854
2494990156.25,-21.98592
2494990312.5,-21.98303
2494990468.75,-21.98391
2494990625.0,-21.98326
2494990781.25,-21.98261
2494990937.5,-21.98234
2494991093.75,-21.97983
2494991250.0,-21.97689
2494991406.25,-21.97568
2494991562.5,-21.97698
2494991718.75,-21.97265
2494991875.0,-21.97202
2494992031.25,-21.97167
2494992187.5,-21.96951
2494992343.75,-21.96768
2494992500.0,-21.96853
2494992656.25,-21.96629
2494992812.5,-21.96696
2494992968.75,-21.96421
2494993125.0,-21.96036
2494993281.25,-21.96062
2494993437.5,-21.96003
2494993593.75,-21.95579
2494993750.0,-21.95926
2494993906.25,-21.95404
2494994062.5,-21.95363
2494994218.75,-21.95407
2494994375.0,-21.95251
2494994531.25,-21.95181
2494994687.5,-21.94887
2494994843.75,-21.94888
2494995000.0,-21.94446
2494995156.25,-21.94624
2494995312.5,-21.94382
2494995468.75,-21.94291
2494995625.0,-21.94294
2494995781.25,-21.94039
2494995937.5,-21.93779
2494996093.75,-21.93647
2494996250.0,-21.93625
2494996406.25,-21.93636
2494996562.5,-21.93319
2494996718.75,-21.9318
2494996875.0,-21.92987
2494997031.25,-21.92943
2494997187.5,-21.92929
2494997343.75,-21.92589
2494997500.0,-21.92666
2494997656.25,-21.9258
2494997812.5,-21.9227
2494997968.75,-21.92285
2494998125.0,-21.92153
2494998281.25,-21.91762
2494998437.5,-21.91976
2494998593.75,-21.91453
2494998750.0,-21.91612
2494998906.25,-21.91369
2494999062.5,-21.91133
2494999218.75,-21.91045
2494999375.0,-21.91041
2494999531.25,-21.9094
2494999687.5,-21.90693
2494999843.75,-21.90491
2495000000.0,-21.90202
2495000156.25,-21.90311
2495000312.5,-21.90201
2495000468.75,-21.90053
2495000625.0,-21.89651
2495000781.25,-21.89626
2495000937.5,-21.89769
2495001093.75,-21.89427
2495001250.0,-21.89429
2495001406.25,-21.89141
2495001562.5,-21.89138
2495001718.75,-21.88956
2495001875.0,-21.8862
2495002031.25,-21.8876
2495002187.5,-21.88709
2495002343.75,-21.88397
2495002500.0,-21.88423
2495002656.25,-21.88198
2495002812.5,-21.87911
2495002968.75,-21.87656
2495003125.0,-21.87755
2495003281.25,-21.87565
2495003437.5,-21.87476
2495003593.75,-21.87456
2495003750.0,-21.87334
2495003906.25,-21.87324
2495004062.5,-21.8696
2495004218.75,-21.86871
2495004375.0,-21.86638
2495004531.25,-21.86715
2495004687.5,-21.86452
2495004843.75,-21.86288
2495005000.0,-21.86135
2495005156.25,-21.86058
2495005312.5,-21.85579
2495005468.75,-21.85932
2495005625.0,-21.85634
2495005781.25,-21.85493
2495005937.5,-21.85673
2495006093.75,-21.8515
2495006250.0,-21.85141
2495006406.25,-21.85133
2495006562.5,-21.84654
2495006718.75,-21.84763
2495006875.0,-21.84581
2495007031.25,-21.8451
2495007187.5,-21.84413
2495007343.75,-21.84082
2495007500.0,-21.84153
2495007656.25,-21.83749
2495007812.5,-21.83832
2495007968.75,-21.83759
2495008125.0,-21.83633
2495008281.25,-21.83148
2495008437.5,-21.83162
2495008593.75,-21.83058
2495008750.0,-21.82937
2495008906.25,-21.82625
2495009062.5,-21.82644
2495009218.75,-21.82502
2495009375.0,-21.82174
2495009531.25,-21.82257
2495009687.5,-21.82296
2495009843.75,-21.8207
2495010000.0,-21.82016
2495010156.25,-21.81595
2495010312.5,-21.8179
2495010468.75,-21.81599
2495010625.0,-21.81287
2495010781.25,-21.80969
2495010937.5,-21.81125
2495011093.75,-21.80835
2495011250.0,-21.80959
2495011406.25,-21.807
2495011562.5,-21.80807
2495011718.75,-21.80681
2495011875.0,-21.80227
2495012031.25,-21.80202
2495012187.5,-21.80167
2495012343.75,-21.80009
2495012500.0,-21.79806
2495012656.25,-21.79606
2495012812.5,-21.79391
2495012968.75,-21.79262
2495013125.0,-21.79157
2495013281.25,-21.79059
2495013437.5,-21.79023
2495013593.75,-21.78629
2495013750.0,-21.78728
2495013906.25,-21.78498
2495014062.5,-21.78413
2495014218.75,-21.78206
2495014375.0,-21.78208
2495014531.25,-21.77941
2495014687.5,-21.77768
2495014843.75,-21.7768
2495015000.0,-21.77616
2495015156.25,-21.77348
2495015312.5,-21.77269
2495015468.75,-21.77295
2495015625.0,-21.77082
2495015781.25,-21.76773
2495015937.5,-21.76642
2495016093.75,-21.76732
2495016250.0,-21.76682
2495016406.25,-21.76553
2495016562.5,-21.76067
2495016718.75,-21.76174
2495016875.0,-21.76097
2495017031.25,-21.75731
2495017187.5,-21.75813
2495017343.75,-21.75469
2495017500.0,-21.75426
2495017656.25,-21.75229
2495017812.5,-21.75076
2495017968.75,-21.75032
2495018125.0,-21.74942
2495018281.25,-21.74621
2495018437.5,-21.74602
2495018593.75,-21.74546
2495018750.0,-21.74196
2495018906.25,-21.7453
2495019062.5,-21.74385
2495019218.75,-21.73812
2495019375.0,-21.73793
2495019531.25,-21.73648
2495019687.5,-21.73678
2495019843.75,-21.73256
2495020000.0,-21.73425
2495020156.25,-21.73128
2495020312.5,-21.73156
2495020468.75,-21.73024
2495020625.0,-21.72548
2495020781.25,-21.72582
2495020937.5,-21.72439
2495021093.75,-21.72429
2495021250.0,-21.72407
2495021406.25,-21.72064
2495021562.5,-21.72183
2495021718.75,-21.71681
2495021875.0,-21.71618
2495022031.25,-21.71876
2495022187.5,-21.71421
2495022343.75,-21.71389
2495022500.0,-21.712
2495022656.25,-21.71251
2495022812.5,-21.70947
2495022968.75,-21.70783
2495023125.0,-21.70587
2495023281.25,-21.70423
2495023437.5,-21.70256
2495023593.75,-21.70173
2495023750.0,-21.70078
2495023906.25,-21.69858
2495024062.5,-21.69911
2495024218.75,-21.69782
2495024375.0,-21.69637
2495024531.25,-21.69634
2495024687.5,-21.693
2495024843.75,-21.69347
2495025000.0,-21.6917
2495025156.25,-21.68704
2495025312.5,-21.68704
2495025468.75,-21.68393
2495025625.0,-21.68482
2495025781.25,-21.68293
2495025937.5,-21.68184
2495026093.75,-21.68068
2495026250.0,-21.67898
2495026406.25,-21.67972
2495026562.5,-21.67662
2495026718.75,-21.67363
2495026875.0,-21.6758
2495027031.25,-21.6694
2495027187.5,-21.67139
2495027343.75,-21.66971
2495027500.0,-21.66868
2495027656.25,-21.66508
2495027812.5,-21.66438
2495027968.75,-21.66636
2495028125.0,-21.66291
2495028281.25,-21.66149
2495028437.5,-21.65968
2495028593.75,-21.65847
2495028750.0,-21.65566
2495028906.25,-21.65646
2495029062.5,-21.65567
2495029218.75,-21.65322
2495029375.0,-21.65295
2495029531.25,-21.64924
2495029687.5,-21.64704
2495029843.75,-21.64714
2495030000.0,-21.64432
2495030156.25,-21.64547
2495030312.5,-21.64397
2495030468.75,-21.64207
2495030625.0,-21.63789
2495030781.25,-21.63968
2495030937.5,-21.6369
2495031093.75,-21.63514
2495031250.0,-21.63581
2495031406.25,-21.63568
2495031562.5,-21.63043
2495031718.75,-21.6307
2495031875.0,-21.63004
2495032031.25,-21.62922
2495032187.5,-21.6269
2495032343.75,-21.62483
2495032500.0,-21.62495
2495032656.25,-21.6237
2495032812.5,-21.62185
2495032968.75,-21.62271
2495033125.0,-21.61883
2495033281.25,-21.61915
2495033437.5,-21.61776
2495033593.75,-21.61555
2495033750.0,-21.61417
2495033906.25,-21.61228
2495034062.5,-21.60956
2495034218.75,-21.60999
2495034375.0,-21.60687
2495034531.25,-21.60468
2495034687.5,-21.60575
2495034843.75,-21.60266
2495035000.0,-21.60413
2495035156.25,-21.60098
2495035312.5,-21.59949
2495035468.75,-21.59625
2495035625.0,-21.59557
2495035781.25,-21.59696
2495035937.5,-21.59356
2495036093.75,-21.59245
2495036250.0,-21.59188
2495036406.25,-21.59154
2495036562.5,-21.58961
2495036718.75,-21.58837
2495036875.0,-21.58515
2495037031.25,-21.58425
2495037187.5,-21.58254
2495037343.75,-21.58193
2495037500.0,-21.58228
2495037656.25,-21.57844
2495037812.5,-21.57899
2495037968.75,-21.575
2495038125.0,-21.57518
2495038281.25,-21.57278
2495038437.5,-21.57236
2495038593.75,-21.57086
2495038750.0,-21.56876
2495038906.25,-21.56667
2495039062.5,-21.56588
2495039218.75,-21.56653
2495039375.0,-21.56552
2495039531.25,-21.56177
2495039687.5,-21.56139
2495039843.75,-21.55924
2495040000.0,-21.55701
2495040156.25,-21.55503
2495040312.5,-21.55543
2495040468.75,-21.55311
2495040625.0,-21.55348
2495040781.25,-21.5517
2495040937.5,-21.55033
2495041093.75,-21.54847
2495041250.0,-21.54772
2495041406.25,-21.54651
2495041562.5,-21.54249
2495041718.75,-21.54462
2495041875.0,-21.54328
2495042031.25,-21.53901
2495042187.5,-21.54102
2495042343.75,-21.53601
2495042500.0,-21.53583
2495042656.25,-21.53614
2495042812.5,-21.53238
2495042968.75,-21.53366
2495043125.0,-21.53159
2495043281.25,-21.52795
2495043437.5,-21.52633
2495043593.75,-21.52588
2495043750.0,-21.52512
2495043906.25,-21.52377
2495044062.5,-21.52145
2495044218.75,-21.51981
2495044375.0,-21.5183
2495044531.25,-21.51804
2495044687.5,-21.51744
2495044843.75,-21.51678
2495045000.0,-21.5166
2495045156.25,-21.51486
2495045312.5,-21.50974
2495045468.75,-21.51031
2495045625.0,-21.50822
2495045781.25,-21.50522
2495045937.5,-21.50489
2495046093.75,-21.50423
2495046250.0,-21.50353
2495046406.25,-21.50046
2495046562.5,-21.49983
2495046718.75,-21.49925
2495046875.0,-21.49842
2495047031.25,-21.49624
2495047187.5,-21.4946
2495047343.75,-21.49339
2495047500.0,-21.49171
2495047656.25,-21.49128
2495047812.5,-21.49096
2495047968.75,-21.48822
2495048125.0,-21.48577
2495048281.25,-21.48527
2495048437.5,-21.48373
2495048593.75,-21.48294
2495048750.0,-21.48168
2495048906.25,-21.48166
2495049062.5,-21.47839
2495049218.75,-21.47789
2495049375.0,-21.47592
2495049531.25,-21.47472
2495049687.5,-21.47217
2495049843.75,-21.47122
2495050000.0,-21.47144
2495050156.25,-21.4694
2495050312.5,-21.46714
2495050468.75,-21.46734
2495050625.0,-21.46242
2495050781.25,-21.4644
2495050937.5,-21.46252
2495051093.75,-21.45863
2495051250.0,-21.45874
2495051406.25,-21.45873
2495051562.5,-21.45542
2495051718.75,-21.45346
2495051875.0,-21.45357
2495052031.25,-21.45328
2495052187.5,-21.45003
2495052343.75,-21.45013
2495052500.0,-21.44734
2495052656.25,-21.44631
2495052812.5,-21.44324
2495052968.75,-21.44377
2495053125.0,-21.44041
2495053281.25,-21.43971
2495053437.5,-21.44073
2495053593.75,-21.43842
2495053750.0,-21.43784
2495053906.25,-21.4373
2495054062.5,-21.43318
2495054218.75,-21.43233
2495054375.0,-21.43354
2495054531.25,-21.42939
2495054687.5,-21.4275
2495054843.75,-21.42749
2495055000.0,-21.426
2495055156.25,-21.42357
2495055312.5,-21.42321
2495055468.75,-21.42238
2495055625.0,-21.41961
2495055781.25,-21.41982
2495055937.5,-21.41651
2495056093.75,-21.41385
2495056250.0,-21.41514
2495056406.25,-21.41321
2495056562.5,-21.41192
2495056718.75,-21.41043
2495056875.0,-21.40722
2495057031.25,-21.40813
2495057187.5,-21.40489
2495057343.75,-21.40381
2495057500.0,-21.40329
2495057656.25,-21.40038
2495057812.5,-21.40079
2495057968.75,-21.39999
2495058125.0,-21.39722
2495058281.25,-21.3962
2495058437.5,-21.39527
2495058593.75,-21.39298
2495058750.0,-21.39285
2495058906.25,-21.38995
2495059062.5,-21.38889
2495059218.75,-21.38829
2495059375.0,-21.38568
2495059531.25,-21.38169
2495059687.5,-21.38367
2495059843.75,-21.3816
2495060000.0,-21.37907
2495060156.25,-21.38049
2495060312.5,-21.37626
2495060468.75,-21.37511
2495060625.0,-21.37488
2495060781.25,-21.37341
2495060937.5,-21.37344
2495061093.75,-21.37021
2495061250.0,-21.36884
2495061406.25,-21.36911
2495061562.5,-21.36838
2495061718.75,-21.3653
2495061875.0,-21.36534
2495062031.25,-21.36406
2495062187.5,-21.36234
2495062343.75,-21.35963
2495062500.0,-21.35918
2495062656.25,-21.35555
2495062812.5,-21.35648
2495062968.75,-21.3541
2495063125.0,-21.35186
2495063281.25,-21.35025
2495063437.5,-21.34832
2495063593.75,-21.34784
2495063750.0,-21.34542
2495063906.25,-21.34566
2495064062.5,-21.34454
2495064218.75,-21.34304
2495064375.0,-21.34286
2495064531.25,-21.34216
2495064687.5,-21.33884
2495064843.75,-21.33493
2495065000.0,-21.33513
2495065156.25,-21.33432
2495065312.5,-21.33292
2495065468.75,-21.33169
2495065625.0,-21.32964
2495065781.25,-21.32838
2495065937.5,-21.32705
2495066093.75,-21.32563
2495066250.0,-21.32305
2495066406.25,-21.32386
2495066562.5,-21.32114
2495066718.75,-21.31977
2495066875.0,-21.31865
2495067031.25,-21.31568
2495067187.5,-21.31623
2495067343.75,-21.31704
2495067500.0,-21.31348
2495067656.25,-21.31072
2495067812.5,-21.3114
2495067968.75,-21.30798
2495068125.0,-21.30792
2495068281.25,-21.30667
2495068437.5,-21.30414
2495068593.75,-21.30348
2495068750.0,-21.30174
2495068906.25,-21.30143
2495069062.5,-21.2975
2495069218.75,-21.29643
2495069375.0,-21.29567
2495069531.25,-21.29313
2495069687.5,-21.29404
2495069843.75,-21.28989
2495070000.0,-21.29195
2495070156.25,-21.29075
2495070312.5,-21.2871
2495070468.75,-21.28418
2495070625.0,-21.28587
2495070781.25,-21.28329
2495070937.5,-21.28202
2495071093.75,-21.28059
2495071250.0,-21.27962
2495071406.25,-21.27826
2495071562.5,-21.27521
2495071718.75,-21.27538
2495071875.0,-21.27197
2495072031.25,-21.27458
2495072187.5,-21.27157
2495072343.75,-21.26676
2495072500.0,-21.2692
2495072656.25,-21.26527
2495072812.5,-21.26301
2495072968.75,-21.26303
2495073125.0,-21.26051
2495073281.25,-21.26122
2495073437.5,-21.25773
2495073593.75,-21.25459
2495073750.0,-21.25552
2495073906.25,-21.25571
2495074062.5,-21.25558
2495074218.75,-21.252
2495074375.0,-21.25259
2495074531.25,-21.25043
2495074687.5,-21.24791
2495074843.75,-21.24644
2495075000.0,-21.24601
2495075156.25,-21.24364
2495075312.5,-21.24304
2495075468.75,-21.24008
2495075625.0,-21.24034
2495075781.25,-21.23805
2495075937.5,-21.23524
2495076093.75,-21.23596
2495076250.0,-21.2331
2495076406.25,-21.22894
2495076562.5,-21.22988
2495076718.75,-21.23186
2495076875.0,-21.22606
2495077031.25,-21.22653
2495077187.5,-21.22577
2495077343.75,-21.22451
2495077500.0,-21.22367
2495077656.25,-21.22257
2495077812.5,-21.21979
2495077968.75,-21.21785
2495078125.0,-21.21655
2495078281.25,-21.21409
2495078437.5,-21.21488
2495078593.75,-21.21017
2495078750.0,-21.20943
2495078906.25,-21.20883
2495079062.5,-21.20603
2495079218.75,-21.20652
2495079375.0,-21.20463
2495079531.25,-21.20371
2495079687.5,-21.20276
2495079843.75,-21.20157
2495080000.0,-21.20128
2495080156.25,-21.19837
2495080312.5,-21.19678
2495080468.75,-21.19554
2495080625.0,-21.19229
2495080781.25,-21.19221
2495080937.5,-21.19134
2495081093.75,-21.18913
2495081250.0,-21.18733
2495081406.25,-21.18668
2495081562.5,-21.18565
2495081718.75,-21.18352
2495081875.0,-21.18122
2495082031.25,-21.18023
2495082187.5,-21.18265
2495082343.75,-21.17776
2495082500.0,-21.17436
2495082656.25,-21.17507
2495082812.5,-21.17327
2495082968.75,-21.171
2495083125.0,-21.17024
2495083281.25,-21.16733
2495083437.5,-21.16632
2495083593.75,-21.16522
2495083750.0,-21.16389
2495083906.25,-21.16427
2495084062.5,-21.1618
2495084218.75,-21.16187
2495084375.0,-21.1572
2495084531.25,-21.15579
2495084687.5,-21.15746
2495084843.75,-21.15448
2495085000.0,-21.15361
2495085156.25,-21.15385
2495085312.5,-21.15129
2495085468.75,-21.14977
2495085625.0,-21.14575
2495085781.25,-21.14688
2495085937.5,-21.14501
2495086093.75,-21.14351
2495086250.0,-21.14314
2495086406.25,-21.14079
2495086562.5,-21.13894
2495086718.75,-21.13867
2495086875.0,-21.13591
2495087031.25,-21.13502
2495087187.5,-21.13286
2495087343.75,-21.13185
2495087500.0,-21.12958
2495087656.25,-21.12782
2495087812.5,-21.12834
2495087968.75,-21.12817
2495088125.0,-21.12506
2495088281.25,-21.12247
2495088437.5,-21.12201
2495088593.75,-21.12065
2495088750.0,-21.11888
2495088906.25,-21.11729
2495089062.5,-21.11543
2495089218.75,-21.11384
2495089375.0,-21.1128
2495089531.25,-21.1114
2495089687.5,-21.10921
2495089843.75,-21.10913
2495090000.0,-21.10522
2495090156.25,-21.10591
2495090312.5,-21.1053
2495090468.75,-21.10341
2495090625.0,-21.1027
2495090781.25,-21.09924
2495090937.5,-21.10108
2495091093.75,-21.09772
2495091250.0,-21.09344
2495091406.25,-21.09581
2495091562.5,-21.09269
2495091718.75,-21.09058
2495091875.0,-21.0898
2495092031.25,-21.08669
2495092187.5,-21.08871
2495092343.75,-21.08539
2495092500.0,-21.08616
2495092656.25,-21.08279
2495092812.5,-21.08127
2495092968.75,-21.0797
2495093125.0,-21.07982
2495093281.25,-21.0783
2495093437.5,-21.07506
2495093593.75,-21.07602
2495093750.0,-21.07399
2495093906.25,-21.07247
2495094062.5,-21.06857
2495094218.75,-21.06753
2495094375.0,-21.06571
2495094531.25,-21.06656
2495094687.5,-21.064
2495094843.75,-21.06343
2495095000.0,-21.05918
2495095156.25,-21.05843
2495095312.5,-21.05906
2495095468.75,-21.0545
2495095625.0,-21.055
2495095781.25,-21.05379
2495095937.5,-21.05332
2495096093.75,-21.05007
2495096250.0,-21.04917
2495096406.25,-21.04938
2495096562.5,-21.04618
2495096718.75,-21.04518
2495096875.0,-21.04368
2495097031.25,-21.041
2495097187.5,-21.0397
2495097343.75,-21.04035
2495097500.0,-21.03807
2495097656.25,-21.03611
2495097812.5,-21.03435
2495097968.75,-21.03434
2495098125.0,-21.02891
2495098281.25,-21.02776
2495098437.5,-21.03134
2495098593.75,-21.02652
2495098750.0,-21.02576
2495098906.25,-21.0237
2495099062.5,-21.02121
2495099218.75,-21.02069
2495099375.0,-21.01941
2495099531.25,-21.01812
2495099687.5,-21.01756
2495099843.75,-21.01559
2495100000.0,-21.01488
2495100156.25,-21.0106
2495100312.5,-21.01296
2495100468.75,-21.00929
2495100625.0,-21.00825
2495100781.25,-21.0085
2495100937.5,-21.00668
2495101093.75,-21.00384
2495101250.0,-21.00293
2495101406.25,-21.00004
2495101562.5,-20.99882
2495101718.75,-20.99792
2495101875.0,-20.99468
2495102031.25,-20.99622
2495102187.5,-20.99425
2495102343.75,-20.99191
2495102500.0,-20.99035
2495102656.25,-20.99165
2495102812.5,-20.98623
2495102968.75,-20.98536
2495103125.0,-20.98574
2495103281.25,-20.9831
2495103437.5,-20.98236
2495103593.75,-20.98063
2495103750.0,-20.98107
2495103906.25,-20.97709
2495104062.5,-20.97662
2495104218.75,-20.97574
2495104375.0,-20.97256
2495104531.25,-20.97256
2495104687.5,-20.971
2495104843.75,-20.96858
2495105000.0,-20.96749
2495105156.25,-20.96609
2495105312.5,-20.9655
2495105468.75,-20.96339
2495105625.0,-20.96197
2495105781.25,-20.96042
2495105937.5,-20.96001
2495106093.75,-20.95678
2495106250.0,-20.95438
2495106406.25,-20.95583
2495106562.5,-20.95435
2495106718.75,-20.95073
2495106875.0,-20.9493
2495107031.25,-20.95011
2495107187.5,-20.94538
2495107343.75,-20.94549
2495107500.0,-20.94174
2495107656.25,-20.94168
2495107812.5,-20.94336
2495107968.75,-20.94059
2495108125.0,-20.94093
2495108281.25,-20.93504
2495108437.5,-20.93453
2495108593.75,-20.93224
2495108750.0,-20.93084
2495108906.25,-20.92937
2495109062.5,-20.92887
2495109218.75,-20.92659
2495109375.0,-20.92615
2495109531.25,-20.92571
2495109687.5,-20.92276
2495109843.75,-20.9227
2495110000.0,-20.92111
2495110156.25,-20.91854
2495110312.5,-20.91745
2495110468.75,-20.91593
2495110625.0,-20.91584
2495110781.25,-20.91303
2495110937.5,-20.912
2495111093.75,-20.91062
2495111250.0,-20.9101
2495111406.25,-20.90768
2495111562.5,-20.90581
2495111718.75,-20.90348
2495111875.0,-20.90338
2495112031.25,-20.90145
2495112187.5,-20.89863
2495112343.75,-20.89683
2495112500.0,-20.89729
2495112656.25,-20.89552
2495112812.5,-20.89315
2495112968.75,-20.89358
2495113125.0,-20.89288
2495113281.25,-20.89013
2495113437.5,-20.88763
2495113593.75,-20.8866
2495113750.0,-20.88442
2495113906.25,-20.88288
2495114062.5,-20.88288
2495114218.75,-20.88133
2495114375.0,-20.87879
2495114531.25,-20.87791
2495114687.5,-20.87663
2495114843.75,-20.87347
2495115000.0,-20.87391
2495115156.25,-20.87085
2495115312.5,-20.87116
2495115468.75,-20.86729
2495115625.0,-20.86877
2495115781.25,-20.8665
2495115937.5,-20.86617
2495116093.75,-20.86031
2495116250.0,-20.8609
2495116406.25,-20.86135
2495116562.5,-20.85675
2495116718.75,-20.85637
2495116875.0,-20.85609
2495117031.25,-20.85379
2495117187.5,-20.85274
2495117343.75,-20.85269
2495117500.0,-20.84848
2495117656.25,-20.84745
2495117812.5,-20.84745
2495117968.75,-20.84616
2495118125.0,-20.84461
2495118281.25,-20.8425
2495118437.5,-20.84025
2495118593.75,-20.83902
2495118750.0,-20.83697
2495118906.25,-20.83626
2495119062.5,-20.83413
2495119218.75,-20.83142
2495119375.0,-20.8332
2495119531.25,-20.83033
2495119687.5,-20.82979
2495119843.75,-20.82655
2495120000.0,-20.8266
2495120156.25,-20.82354
2495120312.5,-20.82097
2495120468.75,-20.82104
2495120625.0,-20.81989
2495120781.25,-20.81798
2495120937.5,-20.81772
2495121093.75,-20.81529
2495121250.0,-20.81354
2495121406.25,-20.81189
2495121562.5,-20.81096
2495121718.75,-20.8086
2495121875.0,-20.80886
2495122031.25,-20.80705
2495122187.5,-20.80314
2495122343.75,-20.80328
2495122500.0,-20.8006
2495122656.25,-20.79827
2495122812.5,-20.80011
2495122968.75,-20.79941
2495123125.0,-20.79486
2495123281.25,-20.79309
2495123437.5,-20.79287
2495123593.75,-20.79345
2495123750.0,-20.78935
2495123906.25,-20.78863
2495124062.5,-20.78653
2495124218.75,-20.78647
2495124375.0,-20.78172
2495124531.25,-20.78276
2495124687.5,-20.78095
2495124843.75,-20.78081
2495125000.0,-20.77924
2495125156.25,-20.77518
2495125312.5,-20.77245
2495125468.75,-20.7725
2495125625.0,-20.77234
2495125781.25,-20.77299
2495125937.5,-20.77041
2495126093.75,-20.76735
2495126250.0,-20.76484
2495126406.25,-20.76361
2495126562.5,-20.76403
2495126718.75,-20.76029
2495126875.0,-20.76007
2495127031.25,-20.75978
2495127187.5,-20.75778
2495127343.75,-20.75552
2495127500.0,-20.75463
2495127656.25,-20.75257
2495127812.5,-20.75081
2495127968.75,-20.75047
2495128125.0,-20.74632
2495128281.25,-20.74465
2495128437.5,-20.7466
2495128593.75,-20.74404
2495128750.0,-20.74335
2495128906.25,-20.74106
2495129062.5,-20.7395
2495129218.75,-20.73636
2495129375.0,-20.73558
2495129531.25,-20.73415
2495129687.5,-20.73369
2495129843.75,-20.73105
2495130000.0,-20.73173
2495130156.25,-20.72813
2495130312.5,-20.72634
2495130468.75,-20.72761
2495130625.0,-20.72679
2495130781.25,-20.72323
2495130937.5,-20.72155
2495131093.75,-20.7204
2495131250.0,-20.71508
2495131406.25,-20.71537
2495131562.5,-20.71536
2495131718.75,-20.71379
2495131875.0,-20.7125
2495132031.25,-20.71113
2495132187.5,-20.70884
2495132343.75,-20.70894
2495132500.0,-20.70571
2495132656.25,-20.7034
2495132812.5,-20.70154
2495132968.75,-20.70244
2495133125.0,-20.69905
2495133281.25,-20.69923
2495133437.5,-20.69786
2495133593.75,-20.69438
2495133750.0,-20.69389
2495133906.25,-20.69036
2495134062.5,-20.68972
2495134218.75,-20.6913
2495134375.0,-20.68765
2495134531.25,-20.68539
2495134687.5,-20.68469
2495134843.75,-20.68402
2495135000.0,-20.68255
2495135156.25,-20.68215
2495135312.5,-20.67918
2495135468.75,-20.67927
2495135625.0,-20.67555
2495135781.25,-20.6748
2495135937.5,-20.67327
2495136093.75,-20.67192
2495136250.0,-20.66893
2495136406.25,-20.66725
2495136562.5,-20.66659
2495136718.75,-20.665
2495136875.0,-20.66528
2495137031.25,-20.66265
2495137187.5,-20.66146
2495137343.75,-20.65765
2495137500.0,-20.65645
2495137656.25,-20.65684
2495137812.5,-20.65412
2495137968.75,-20.65166
2495138125.0,-20.65181
2495138281.25,-20.65004
2495138437.5,-20.64698
2495138593.75,-20.64632
2495138750.0,-20.64609
2495138906.25,-20.64487
2495139062.5,-20.64165
2495139218.75,-20.63957
2495139375.0,-20.63942
2495139531.25,-20.63666
2495139687.5,-20.63532
2495139843.75,-20.63393
2495140000.0,-20.63214
2495140156.25,-20.63214
2495140312.5,-20.63256
2495140468.75,-20.62766
2495140625.0,-20.62802
2495140781.25,-20.62648
2495140937.5,-20.62298
2495141093.75,-20.62425
2495141250.0,-20.62056
2495141406.25,-20.61912
2495141562.5,-20.61584
2495141718.75,-20.61699
2495141875.0,-20.61361
2495142031.25,-20.61398
2495142187.5,-20.61362
2495142343.75,-20.61087
2495142500.0,-20.60876
2495142656.25,-20.60841
2495142812.5,-20.60551
2495142968.75,-20.60151
2495143125.0,-20.60101
2495143281.25,-20.6017
2495143437.5,-20.60119
2495143593.75,-20.59846
2495143750.0,-20.59725
2495143906.25,-20.59367
2495144062.5,-20.59398
2495144218.75,-20.59178
2495144375.0,-20.59015
2495144531.25,-20.58886
2495144687.5,-20.58822
2495144843.75,-20.58505
2495145000.0,-20.58574
2495145156.25,-20.58218
2495145312.5,-20.5808
2495145468.75,-20.57979
2495145625.0,-20.57713
2495145781.25,-20.57784
2495145937.5,-20.57648
2495146093.75,-20.57397
2495146250.0,-20.57298
2495146406.25,-20.57013
2495146562.5,-20.56695
2495146718.75,-20.56901
2495146875.0,-20.56775
2495147031.25,-20.56613
2495147187.5,-20.56359
2495147343.75,-20.56081
2495147500.0,-20.5599
2495147656.25,-20.55791
2495147812.5,-20.5581
2495147968.75,-20.5538
2495148125.0,-20.55463
2495148281.25,-20.55397
2495148437.5,-20.54903
2495148593.75,-20.5475
2495148750.0,-20.54638
2495148906.25,-20.54584
2495149062.5,-20.54569
2495149218.75,-20.54224
2495149375.0,-20.54189
2495149531.25,-20.53939
2495149687.5,-20.53877
2495149843.75,-20.53628
2495150000.0,-20.53499
2495150156.25,-20.53308
2495150312.5,-20.53312
2495150468.75,-20.5311
2495150625.0,-20.52862
2495150781.25,-20.5271
2495150937.5,-20.52764
2495151093.75,-20.52556
2495151250.0,-20.52226
2495151406.25,-20.51989
2495151562.5,-20.5195
2495151718.75,-20.51715
2495151875.0,-20.51853
2495152031.25,-20.51387
2495152187.5,-20.51307
2495152343.75,-20.5105
2495152500.0,-20.50998
2495152656.25,-20.5094
2495152812.5,-20.50743
2495152968.75,-20.50654
2495153125.0,-20.50382
2495153281.25,-20.50291
2495153437.5,-20.50139
2495153593.75,-20.50111
2495153750.0,-20.4969
2495153906.25,-20.49577
2495154062.5,-20.49514
2495154218.75,-20.49541
2495154375.0,-20.49262
2495154531.25,-20.4908
2495154687.5,-20.48904
2495154843.75,-20.48708
2495155000.0,-20.48638
2495155156.25,-20.48453
2495155312.5,-20.48259
2495155468.75,-20.48201
2495155625.0,-20.47915
2495155781.25,-20.47666
2495155937.5,-20.47684
2495156093.75,-20.47505
2495156250.0,-20.47491
2495156406.25,-20.4723
2495156562.5,-20.47064
2495156718.75,-20.46837
2495156875.0,-20.46822
2495157031.25,-20.46642
2495157187.5,-20.46538
2495157343.75,-20.46219
2495157500.0,-20.46098
2495157656.25,-20.46063
2495157812.5,-20.45907
2495157968.75,-20.45637
2495158125.0,-20.45426
2495158281.25,-20.45488
2495158437.5,-20.45034
2495158593.75,-20.4514
2495158750.0,-20.44837
2495158906.25,-20.44831
2495159062.5,-20.44853
2495159218.75,-20.44559
2495159375.0,-20.44301
2495159531.25,-20.43976
2495159687.5,-20.4392
2495159843.75,-20.437
2495160000.0,-20.43574
2495160156.25,-20.43534
2495160312.5,-20.43223
2495160468.75,-20.43143
2495160625.0,-20.43074
2495160781.25,-20.428
2495160937.5,-20.42866
2495161093.75,-20.42679
2495161250.0,-20.42389
2495161406.25,-20.42153
2495161562.5,-20.42045
2495161718.75,-20.41754
2495161875.0,-20.41864
2495162031.25,-20.41643
2495162187.5,-20.41301
2495162343.75,-20.41115
2495162500.0,-20.41257
2495162656.25,-20.4101
2495162812.5,-20.40984
2495162968.75,-20.4057
2495163125.0,-20.40411
2495163281.25,-20.40306
2495163437.5,-20.40285
2495163593.75,-20.40093
2495163750.0,-20.39924
2495163906.25,-20.39907
2495164062.5,-20.39767
2495164218.75,-20.3952
2495164375.0,-20.39278
2495164531.25,-20.39154
2495164687.5,-20.39113
2495164843.75,-20.38799
2495165000.0,-20.38721
2495165156.25,-20.38429
2495165312.5,-20.38368
2495165468.75,-20.37927
2495165625.0,-20.38026
2495165781.25,-20.37942
2495165937.5,-20.37751
2495166093.75,-20.37619
2495166250.0,-20.37372
2495166406.25,-20.37296
2495166562.5,-20.37215
2495166718.75,-20.36901
2495166875.0,-20.36802
2495167031.25,-20.36712
2495167187.5,-20.36304
2495167343.75,-20.36285
2495167500.0,-20.36283
2495167656.25,-20.35935
2495167812.5,-20.35639
2495167968.75,-20.35692
2495168125.0,-20.35405
2495168281.25,-20.35417
2495168437.5,-20.35192
2495168593.75,-20.3501
2495168750.0,-20.34839
2495168906.25,-20.3496
2495169062.5,-20.3469
2495169218.75,-20.344
2495169375.0,-20.3414
2495169531.25,-20.34112
2495169687.5,-20.33895
2495169843.75,-20.33833
2495170000.0,-20.33835
2495170156.25,-20.335
2495170312.5,-20.33364
2495170468.75,-20.33161
2495170625.0,-20.33057
2495170781.25,-20.32826
2495170937.5,-20.32759
2495171093.75,-20.3254
2495171250.0,-20.32277
2495171406.25,-20.32286
2495171562.5,-20.32052
2495171718.75,-20.31889
2495171875.0,-20.31795
2495172031.25,-20.31592
2495172187.5,-20.31486
2495172343.75,-20.31269
2495172500.0,-20.31232
2495172656.25,-20.31007
2495172812.5,-20.30799
2495172968.75,-20.30684
2495173125.0,-20.30558
2495173281.25,-20.30423
2495173437.5,-20.30282
2495173593.75,-20.2998
2495173750.0,-20.29885
2495173906.25,-20.2977
2495174062.5,-20.29832
2495174218.75,-20.29051
2495174375.0,-20.29236
2495174531.25,-20.28996
2495174687.5,-20.28931
2495174843.75,-20.28801
2495175000.0,-20.28808
2495175156.25,-20.284
2495175312.5,-20.28251
2495175468.75,-20.28196
2495175625.0,-20.28115
2495175781.25,-20.27743
2495175937.5,-20.27626
2495176093.75,-20.27432
2495176250.0,-20.27361
2495176406.25,-20.27235
2495176562.5,-20.27097
2495176718.75,-20.26942
2495176875.0,-20.26869
2495177031.25,-20.26486
2495177187.5,-20.26335
2495177343.75,-20.26089
2495177500.0,-20.26155
2495177656.25,-20.25878
2495177812.5,-20.25709
2495177968.75,-20.2551
2495178125.0,-20.25494
2495178281.25,-20.25334
2495178437.5,-20.25168
2495178593.75,-20.25015
2495178750.0,-20.24918
2495178906.25,-20.2487
2495179062.5,-20.24441
2495179218.75,-20.24413
2495179375.0,-20.24334
2495179531.25,-20.23852
2495179687.5,-20.23821
2495179843.75,-20.23767
2495180000.0,-20.23456
2495180156.25,-20.233
2495180312.5,-20.2328
2495180468.75,-20.22974
2495180625.0,-20.23098
2495180781.25,-20.22912
2495180937.5,-20.22633
2495181093.75,-20.22348
2495181250.0,-20.22343
2495181406.25,-20.22289
2495181562.5,-20.21948
2495181718.75,-20.21897
2495181875.0,-20.2166
2495182031.25,-20.2146
2495182187.5,-20.21298
2495182343.75,-20.21293
2495182500.0,-20.21202
2495182656.25,-20.20812
2495182812.5,-20.20826
2495182968.75,-20.20449
2495183125.0,-20.20378
2495183281.25,-20.20356
2495183437.5,-20.20188
2495183593.75,-20.19988
2495183750.0,-20.19753
2495183906.25,-20.1963
2495184062.5,-20.19513
2495184218.75,-20.19219
2495184375.0,-20.19103
2495184531.25,-20.18952
2495184687.5,-20.18644
2495184843.75,-20.18704
2495185000.0,-20.18411
2495185156.25,-20.18308
2495185312.5,-20.18114
2495185468.75,-20.18104
2495185625.0,-20.17912
2495185781.25,-20.17641
2495185937.5,-20.17382
2495186093.75,-20.1728
2495186250.0,-20.17437
2495186406.25,-20.16986
2495186562.5,-20.16927
2495186718.75,-20.16802
2495186875.0,-20.16578
2495187031.25,-20.16526
2495187187.5,-20.16179
2495187343.75,-20.16119
2495187500.0,-20.15974
2495187656.25,-20.15689
2495187812.5,-20.15526
2495187968.75,-20.15338
2495188125.0,-20.15126
2495188281.25,-20.15049
2495188437.5,-20.15082
2495188593.75,-20.14906
2495188750.0,-20.14743
2495188906.25,-20.14636
2495189062.5,-20.14227
2495189218.75,-20.14151
2495189375.0,-20.1401
2495189531.25,-20.13884
2495189687.5,-20.13605
2495189843.75,-20.13371
2495190000.0,-20.13391
2495190156.25,-20.13205
2495190312.5,-20.13084
2495190468.75,-20.12879
2495190625.0,-20.12843
2495190781.25,-20.12536
2495190937.5,-20.12518
2495191093.75,-20.12174
2495191250.0,-20.12185
2495191406.25,-20.11948
2495191562.5,-20.11771
2495191718.75,-20.11817
2495191875.0,-20.11372
2495192031.25,-20.11403
2495192187.5,-20.11088
2495192343.75,-20.11039
2495192500.0,-20.10934
2495192656.25,-20.10687
2495192812.5,-20.10501
2495192968.75,-20.10346
2495193125.0,-20.1014
2495193281.25,-20.09982
2495193437.5,-20.09774
2495193593.75,-20.09728
2495193750.0,-20.09563
2495193906.25,-20.09373
2495194062.5,-20.09143
2495194218.75,-20.09044
2495194375.0,-20.08854
2495194531.25,-20.08838
2495194687.5,-20.08464
2495194843.75,-20.08564
2495195000.0,-20.08232
2495195156.25,-20.08003
2495195312.5,-20.07801
2495195468.75,-20.07712
2495195625.0,-20.07748
2495195781.25,-20.07328
2495195937.5,-20.07232
2495196093.75,-20.07006
2495196250.0,-20.0685
2495196406.25,-20.06626
2495196562.5,-20.06452
2495196718.75,-20.06545
2495196875.0,-20.06148
2495197031.25,-20.06253
2495197187.5,-20.05985
2495197343.75,-20.05743
2495197500.0,-20.05701
2495197656.25,-20.05485
2495197812.5,-20.05193
2495197968.75,-20.05112
2495198125.0,-20.04875
2495198281.25,-20.0485
2495198437.5,-20.0478
2495198593.75,-20.04541
2495198750.0,-20.04233
2495198906.25,-20.04359
2495199062.5,-20.04016
2495199218.75,-20.03773
2495199375.0,-20.03746
2495199531.25,-20.03603
2495199687.5,-20.03397
2495199843.75,-20.03292
2495200000.0,-20.03126
2495200156.25,-20.02807
2495200312.5,-20.02732
2495200468.75,-20.02569
2495200625.0,-20.02413
2495200781.25,-20.0226
2495200937.5,-20.0205
2495201093.75,-20.02081
2495201250.0,-20.01669
2495201406.25,-20.01508
2495201562.5,-20.01327
2495201718.75,-20.01248
2495201875.0,-20.01057
2495202031.25,-20.00878
2495202187.5,-20.00794
2495202343.75,-20.00626
2495202500.0,-20.00331
2495202656.25,-20.00259
2495202812.5,-20.00159
2495202968.75,-19.99976
2495203125.0,-19.99758
2495203281.25,-19.99761
2495203437.5,-19.99544
2495203593.75,-19.99231
2495203750.0,-19.98989
2495203906.25,-19.99035
2495204062.5,-19.9872
2495204218.75,-19.98688
2495204375.0,-19.98517
2495204531.25,-19.9832
2495204687.5,-19.98169
2495204843.75,-19.98131
2495205000.0,-19.97775
2495205156.25,-19.97664
2495205312.5,-19.97305
2495205468.75,-19.9738
2495205625.0,-19.97188
2495205781.25,-19.9717
2495205937.5,-19.96848
2495206093.75,-19.96629
2495206250.0,-19.96611
2495206406.25,-19.96282
2495206562.5,-19.96172
2495206718.75,-19.96087
2495206875.0,-19.95896
2495207031.25,-19.95765
2495207187.5,-19.9566
2495207343.75,-19.95392
2495207500.0,-19.95193
2495207656.25,-19.95099
2495207812.5,-19.94805
2495207968.75,-19.94915
2495208125.0,-19.94678
2495208281.25,-19.9451
2495208437.5,-19.94346
2495208593.75,-19.94168
2495208750.0,-19.93869
2495208906.25,-19.93789
2495209062.5,-19.9359
2495209218.75,-19.9345
2495209375.0,-19.93412
2495209531.25,-19.93211
2495209687.5,-19.92928
2495209843.75,-19.92944
2495210000.0,-19.9286
2495210156.25,-19.92525
2495210312.5,-19.9234
2495210468.75,-19.92297
2495210625.0,-19.92041
2495210781.25,-19.91963
2495210937.5,-19.91657
2495211093.75,-19.91516
2495211250.0,-19.91232
2495211406.25,-19.90947
2495211562.5,-19.90797
2495211718.75,-19.90798
2495211875.0,-19.90623
2495212031.25,-19.90592
2495212187.5,-19.90383
2495212343.75,-19.90187
2495212500.0,-19.89995
2495212656.25,-19.89676
2495212812.5,-19.8969
2495212968.75,-19.89612
2495213125.0,-19.89419
2495213281.25,-19.89139
2495213437.5,-19.89051
2495213593.75,-19.88793
2495213750.0,-19.88699
2495213906.25,-19.88601
2495214062.5,-19.88204
2495214218.75,-19.88174
2495214375.0,-19.8816
2495214531.25,-19.87877
2495214687.5,-19.87884
2495214843.75,-19.87484
2495215000.0,-19.8741
2495215156.25,-19.87188
2495215312.5,-19.87185
2495215468.75,-19.86978
2495215625.0,-19.86883
2495215781.25,-19.86608
2495215937.5,-19.86423
2495216093.75,-19.86173
2495216250.0,-19.86038
2495216406.25,-19.85985
2495216562.5,-19.85766
2495216718.75,-19.85427
2495216875.0,-19.85276
2495217031.25,-19.85213
2495217187.5,-19.85182
2495217343.75,-19.8485
2495217500.0,-19.84729
2495217656.25,-19.84368
2495217812.5,-19.84434
2495217968.75,-19.84186
2495218125.0,-19.84101
2495218281.25,-19.83896
2495218437.5,-19.83769
2495218593.75,-19.83681
2495218750.0,-19.83344
2495218906.25,-19.83341
2495219062.5,-19.83079
2495219218.75,-19.82855
2495219375.0,-19.82709
2495219531.25,-19.82527
2495219687.5,-19.82342
2495219843.75,-19.82161
2495220000.0,-19.81969
2495220156.25,-19.82018
2495220312.5,-19.81889
2495220468.75,-19.81569
2495220625.0,-19.81293
2495220781.25,-19.81283
2495220937.5,-19.81058
2495221093.75,-19.8108
2495221250.0,-19.8085
2495221406.25,-19.80796
2495221562.5,-19.80392
2495221718.75,-19.80192
2495221875.0,-19.80124
2495222031.25,-19.79967
2495222187.5,-19.79684
2495222343.75,-19.79543
2495222500.0,-19.79435
2495222656.25,-19.79358
2495222812.5,-19.79259
2495222968.75,-19.79058
2495223125.0,-19.78727
2495223281.25,-19.78493
2495223437.5,-19.78561
2495223593.75,-19.78202
2495223750.0,-19.78167
2495223906.25,-19.77845
2495224062.5,-19.77679
2495224218.75,-19.77586
2495224375.0,-19.77556
2495224531.25,-19.77154
2495224687.5,-19.76995
2495224843.75,-19.7709
2495225000.0,-19.7664
2495225156.25,-19.76762
2495225312.5,-19.76571
2495225468.75,-19.7613
2495225625.0,-19.76222
2495225781.25,-19.7589
2495225937.5,-19.75926
2495226093.75,-19.75817
2495226250.0,-19.75515
2495226406.25,-19.75087
2495226562.5,-19.75064
2495226718.75,-19.74909
2495226875.0,-19.74868
2495227031.25,-19.74494
2495227187.5,-19.74235
2495227343.75,-19.74273
2495227500.0,-19.74109
2495227656.25,-19.73891
2495227812.5,-19.73681
2495227968.75,-19.73635
2495228125.0,-19.73472
2495228281.25,-19.73234
2495228437.5,-19.7316
2495228593.75,-19.72864
2495228750.0,-19.72652
2495228906.25,-19.72611
2495229062.5,-19.72321
2495229218.75,-19.72229
2495229375.0,-19.71935
2495229531.25,-19.71792
2495229687.5,-19.71539
2495229843.75,-19.71613
2495230000.0,-19.71432
2495230156.25,-19.71282
2495230312.5,-19.71202
2495230468.75,-19.70918
2495230625.0,-19.70712
2495230781.25,-19.70658
2495230937.5,-19.70432
2495231093.75,-19.70275
2495231250.0,-19.69929
2495231406.25,-19.70064
2495231562.5,-19.69895
2495231718.75,-19.696
2495231875.0,-19.6948
2495232031.25,-19.69268
2495232187.5,-19.69129
2495232343.75,-19.68822
2495232500.0,-19.68696
2495232656.25,-19.68624
2495232812.5,-19.68406
2495232968.75,-19.68298
2495233125.0,-19.67986
2495233281.25,-19.67907
2495233437.5,-19.67706
2495233593.75,-19.67527
2495233750.0,-19.67448
2495233906.25,-19.67338
2495234062.5,-19.67072
2495234218.75,-19.66704
2495234375.0,-19.66779
2495234531.25,-19.66532
2495234687.5,-19.66424
2495234843.75,-19.66162
2495235000.0,-19.65983
2495235156.25,-19.65996
2495235312.5,-19.65758
2495235468.75,-19.65577
2495235625.0,-19.65331
2495235781.25,-19.65261
2495235937.5,-19.64972
2495236093.75,-19.64935
2495236250.0,-19.64661
2495236406.25,-19.64444
2495236562.5,-19.64266
2495236718.75,-19.64275
2495236875.0,-19.64085
2495237031.25,-19.63703
2495237187.5,-19.63904
2495237343.75,-19.63561
2495237500.0,-19.63405
2495237656.25,-19.63175
2495237812.5,-19.63094
2495237968.75,-19.62984
2495238125.0,-19.62732
2495238281.25,-19.62526
2495238437.5,-19.62212
2495238593.75,-19.61888
2495238750.0,-19.62047
2495238906.25,-19.61698
2495239062.5,-19.61731
2495239218.75,-19.61475
2495239375.0,-19.61282
2495239531.25,-19.61247
2495239687.5,-19.61049
2495239843.75,-19.60886
2495240000.0,-19.60821
2495240156.25,-19.6048
2495240312.5,-19.6041
2495240468.75,-19.60291
2495240625.0,-19.59922
2495240781.25,-19.59871
2495240937.5,-19.59542
2495241093.75,-19.5942
2495241250.0,-19.59281
2495241406.25,-19.59094
2495241562.5,-19.5891
2495241718.75,-19.58803
2495241875.0,-19.58656
2495242031.25,-19.58411
2495242187.5,-19.5834
2495242343.75,-19.58076
2495242500.0,-19.57981
2495242656.25,-19.57753
2495242812.5,-19.57514
2495242968.75,-19.57455
2495243125.0,-19.57333
2495243281.25,-19.57106
2495243437.5,-19.5682
2495243593.75,-19.56682
2495243750.0,-19.56564
2495243906.25,-19.56449
2495244062.5,-19.56139
2495244218.75,-19.55972
2495244375.0,-19.55926
2495244531.25,-19.55753
2495244687.5,-19.5561
2495244843.75,-19.55346
2495245000.0,-19.55107
2495245156.25,-19.5509
2495245312.5,-19.54881
2495245468.75,-19.54724
2495245625.0,-19.54734
2495245781.25,-19.54438
2495245937.5,-19.54113
2495246093.75,-19.53968
2495246250.0,-19.53853
2495246406.25,-19.53688
2495246562.5,-19.53496
2495246718.75,-19.53321
2495246875.0,-19.53078
2495247031.25,-19.5274
2495247187.5,-19.52673
2495247343.75,-19.52783
2495247500.0,-19.52511
2495247656.25,-19.52303
2495247812.5,-19.52342
2495247968.75,-19.51791
2495248125.0,-19.51784
2495248281.25,-19.51448
2495248437.5,-19.51368
2495248593.75,-19.51219
2495248750.0,-19.51015
2495248906.25,-19.50791
2495249062.5,-19.50811
2495249218.75,-19.50635
2495249375.0,-19.50287
2495249531.25,-19.50199
2495249687.5,-19.50081
2495249843.75,-19.49738
2495250000.0,-19.49832
2495250156.25,-19.49626
2495250312.5,-19.49302
2495250468.75,-19.49322
2495250625.0,-19.49101
2495250781.25,-19.48863
2495250937.5,-19.48628
2495251093.75,-19.48519
2495251250.0,-19.48382
2495251406.25,-19.48175
2495251562.5,-19.47993
2495251718.75,-19.47942
2495251875.0,-19.47757
2495252031.25,-19.47383
2495252187.5,-19.47279
2495252343.75,-19.47036
2495252500.0,-19.47053
2495252656.25,-19.4682
2495252812.5,-19.4647
2495252968.75,-19.46541
2495253125.0,-19.46234
2495253281.25,-19.46416
2495253437.5,-19.45855
2495253593.75,-19.45564
2495253750.0,-19.45642
2495253906.25,-19.45467
2495254062.5,-19.45086
2495254218.75,-19.45091
2495254375.0,-19.44805
2495254531.25,-19.44837
2495254687.5,-19.44513
2495254843.75,-19.4427
2495255000.0,-19.44197
2495255156.25,-19.44101
2495255312.5,-19.43975
2495255468.75,-19.43676
2495255625.0,-19.43686
2495255781.25,-19.43301
2495255937.5,-19.43179
2495256093.75,-19.42989
2495256250.0,-19.42807
2495256406.25,-19.42756
2495256562.5,-19.42487
2495256718.75,-19.42312
2495256875.0,-19.42012
2495257031.25,-19.41848
2495257187.5,-19.4185
2495257343.75,-19.4162
2495257500.0,-19.41493
2495257656.25,-19.41268
2495257812.5,-19.41082
2495257968.75,-19.40807
2495258125.0,-19.41017
2495258281.25,-19.40564
2495258437.5,-19.40471
2495258593.75,-19.40222
2495258750.0,-19.40067
2495258906.25,-19.39886
2495259062.5,-19.3988
2495259218.75,-19.39605
2495259375.0,-19.39451
2495259531.25,-19.39203
2495259687.5,-19.39007
2495259843.75,-19.38844
2495260000.0,-19.38628
2495260156.25,-19.38538
2495260312.5,-19.3854
2495260468.75,-19.38339
2495260625.0,-19.38022
2495260781.25,-19.3772
2495260937.5,-19.37466
2495261093.75,-19.37618
2495261250.0,-19.37162
2495261406.25,-19.37272
2495261562.5,-19.3714
2495261718.75,-19.36658
2495261875.0,-19.36668
2495262031.25,-19.36549
2495262187.5,-19.36202
2495262343.75,-19.36313
2495262500.0,-19.36015
2495262656.25,-19.35691
2495262812.5,-19.35515
2495262968.75,-19.35305
2495263125.0,-19.35175
2495263281.25,-19.35099
2495263437.5,-19.34891
2495263593.75,-19.34768
2495263750.0,-19.34554
2495263906.25,-19.34499
2495264062.5,-19.34255
2495264218.75,-19.33966
2495264375.0,-19.33894
2495264531.25,-19.33615
2495264687.5,-19.33538
2495264843.75,-19.33392
2495265000.0,-19.32919
2495265156.25,-19.32945
2495265312.5,-19.32803
2495265468.75,-19.32512
2495265625.0,-19.3249
2495265781.25,-19.32277
2495265937.5,-19.32092
2495266093.75,-19.31933
2495266250.0,-19.3178
2495266406.25,-19.3157
2495266562.5,-19.31404
2495266718.75,-19.31164
2495266875.0,-19.31132
2495267031.25,-19.30853
2495267187.5,-19.30583
2495267343.75,-19.30441
2495267500.0,-19.30271
2495267656.25,-19.30077
2495267812.5,-19.29887
2495267968.75,-19.29821
2495268125.0,-19.29569
2495268281.25,-19.29535
2495268437.5,-19.29174
2495268593.75,-19.29086
2495268750.0,-19.28975
2495268906.25,-19.28787
2495269062.5,-19.28682
2495269218.75,-19.28383
2495269375.0,-19.28224
2495269531.25,-19.27993
2495269687.5,-19.27851
2495269843.75,-19.2791
2495270000.0,-19.27538
2495270156.25,-19.27313
2495270312.5,-19.27297
2495270468.75,-19.26901
2495270625.0,-19.26668
2495270781.25,-19.26586
2495270937.5,-19.26452
2495271093.75,-19.26219
2495271250.0,-19.26077
2495271406.25,-19.25919
2495271562.5,-19.25778
2495271718.75,-19.25579
2495271875.0,-19.2552
2495272031.25,-19.25342
2495272187.5,-19.25121
2495272343.75,-19.25112
2495272500.0,-19.24681
2495272656.25,-19.24588
2495272812.5,-19.2449
2495272968.75,-19.24212
2495273125.0,-19.24174
2495273281.25,-19.23867
2495273437.5,-19.23705
2495273593.75,-19.23589
2495273750.0,-19.23421
2495273906.25,-19.2312
2495274062.5,-19.23041
2495274218.75,-19.22736
2495274375.0,-19.22655
2495274531.25,-19.22447
2495274687.5,-19.22235
2495274843.75,-19.2202
2495275000.0,-19.21883
2495275156.25,-19.218
2495275312.5,-19.21545
2495275468.75,-19.21412
2495275625.0,-19.21149
2495275781.25,-19.20942
2495275937.5,-19.20775
2495276093.75,-19.20625
2495276250.0,-19.20474
2495276406.25,-19.20421
2495276562.5,-19.2018
2495276718.75,-19.19929
2495276875.0,-19.19734
2495277031.25,-19.19772
2495277187.5,-19.19336
2495277343.75,-19.1924
2495277500.0,-19.19147
2495277656.25,-19.18802
2495277812.5,-19.18619
2495277968.75,-19.18652
2495278125.0,-19.1823
2495278281.25,-19.18262
2495278437.5,-19.18049
2495278593.75,-19.17814
2495278750.0,-19.17652
2495278906.25,-19.17586
2495279062.5,-19.17347
2495279218.75,-19.1709
2495279375.0,-19.16869
2495279531.25,-19.16895
2495279687.5,-19.16587
2495279843.75,-19.16391
2495280000.0,-19.16096
2495280156.25,-19.1593
2495280312.5,-19.16074
2495280468.75,-19.15554
2495280625.0,-19.15635
2495280781.25,-19.15398
2495280937.5,-19.15065
2495281093.75,-19.1494
2495281250.0,-19.1493
2495281406.25,-19.14576
2495281562.5,-19.14466
2495281718.75,-19.14143
2495281875.0,-19.14153
2495282031.25,-19.13999
2495282187.5,-19.13854
2495282343.75,-19.13622
2495282500.0,-19.13416
2495282656.25,-19.13185
2495282812.5,-19.13073
2495282968.75,-19.12969
2495283125.0,-19.127
2495283281.25,-19.12573
2495283437.5,-19.1243
2495283593.75,-19.12338
2495283750.0,-19.11895
2495283906.25,-19.11929
2495284062.5,-19.11735
2495284218.75,-19.1156
2495284375.0,-19.11366
2495284531.25,-19.11078
2495284687.5,-19.10911
2495284843.75,-19.10759
2495285000.0,-19.10575
2495285156.25,-19.10441
2495285312.5,-19.10344
2495285468.75,-19.09912
2495285625.0,-19.09928
2495285781.25,-19.09623
2495285937.5,-19.09415
2495286093.75,-19.09285
2495286250.0,-19.09119
2495286406.25,-19.09108
2495286562.5,-19.08767
2495286718.75,-19.0865
2495286875.0,-19.08543
2495287031.25,-19.08427
2495287187.5,-19.08021
2495287343.75,-19.07833
2495287500.0,-19.0745
2495287656.25,-19.07366
2495287812.5,-19.07385
2495287968.75,-19.07091
2495288125.0,-19.06911
2495288281.25,-19.06611
2495288437.5,-19.06488
2495288593.75,-19.06459
2495288750.0,-19.06286
2495288906.25,-19.05974
2495289062.5,-19.05963
2495289218.75,-19.05715
2495289375.0,-19.05681
2495289531.25,-19.05304
2495289687.5,-19.05075
2495289843.75,-19.04953
2495290000.0,-19.04726
2495290156.25,-19.04633
2495290312.5,-19.04347
2495290468.75,-19.04229
2495290625.0,-19.04111
2495290781.25,-19.03857
2495290937.5,-19.03675
2495291093.75,-19.03436
2495291250.0,-19.03352
2495291406.25,-19.03189
2495291562.5,-19.02969
2495291718.75,-19.02767
2495291875.0,-19.02754
2495292031.25,-19.02513
2495292187.5,-19.02246
2495292343.75,-19.01964
2495292500.0,-19.01978
2495292656.25,-19.0174
2495292812.5,-19.01769
2495292968.75,-19.01514
2495293125.0,-19.01317
2495293281.25,-19.01226
2495293437.5,-19.00828
2495293593.75,-19.00611
2495293750.0,-19.00606
2495293906.25,-19.00222
2495294062.5,-19.002
2495294218.75,-18.99663
2495294375.0,-18.99837
2495294531.25,-18.99602
2495294687.5,-18.99449
2495294843.75,-18.99189
2495295000.0,-18.99191
2495295156.25,-18.98816
2495295312.5,-18.9879
2495295468.75,-18.98662
2495295625.0,-18.98354
2495295781.25,-18.98211
2495295937.5,-18.98006
2495296093.75,-18.97897
2495296250.0,-18.97513
2495296406.25,-18.97433
2495296562.5,-18.97289
2495296718.75,-18.9695
2495296875.0,-18.96926
2495297031.25,-18.96674
2495297187.5,-18.96415
2495297343.75,-18.96169
2495297500.0,-18.96049
2495297656.25,-18.95975
2495297812.5,-18.95871
2495297968.75,-18.95671
2495298125.0,-18.95528
2495298281.25,-18.95215
2495298437.5,-18.94985
2495298593.75,-18.94758
2495298750.0,-18.94661
2495298906.25,-18.94385
2495299062.5,-18.94362
2495299218.75,-18.94325
2495299375.0,-18.94
2495299531.25,-18.93835
2495299687.5,-18.93648
2495299843.75,-18.93353
2495300000.0,-18.93176
2495300156.25,-18.93065
2495300312.5,-18.92873
2495300468.75,-18.92883
2495300625.0,-18.92504
2495300781.25,-18.92457
2495300937.5,-18.92153
2495301093.75,-18.92119
2495301250.0,-18.91845
2495301406.25,-18.91578
2495301562.5,-18.91528
2495301718.75,-18.9129
2495301875.0,-18.90965
2495302031.25,-18.9079
2495302187.5,-18.90632
2495302343.75,-18.90566
2495302500.0,-18.90341
2495302656.25,-18.90283
2495302812.5,-18.89898
2495302968.75,-18.89781
2495303125.0,-18.89627
2495303281.25,-18.89371
2495303437.5,-18.89185
2495303593.75,-18.89101
2495303750.0,-18.88896
2495303906.25,-18.88628
2495304062.5,-18.8851
2495304218.75,-18.88284
2495304375.0,-18.88104
2495304531.25,-18.87911
2495304687.5,-18.87731
2495304843.75,-18.8744
2495305000.0,-18.87362
2495305156.25,-18.87094
2495305312.5,-18.86955
2495305468.75,-18.86722
2495305625.0,-18.86649
2495305781.25,-18.86392
2495305937.5,-18.86369
2495306093.75,-18.86397
2495306250.0,-18.85916
2495306406.25,-18.85815
2495306562.5,-18.85798
2495306718.75,-18.85499
2495306875.0,-18.85332
2495307031.25,-18.84967
2495307187.5,-18.85073
2495307343.75,-18.84645
2495307500.0,-18.84597
2495307656.25,-18.8426
2495307812.5,-18.84168
2495307968.75,-18.84104
2495308125.0,-18.83649
2495308281.25,-18.8355
2495308437.5,-18.83462
2495308593.75,-18.83278
2495308750.0,-18.8319
2495308906.25,-18.82871
2495309062.5,-18.82693
2495309218.75,-18.82645
2495309375.0,-18.82347
2495309531.25,-18.81997
2495309687.5,-18.82094
2495309843.75,-18.81729
2495310000.0,-18.81549
2495310156.25,-18.8139
2495310312.5,-18.81191
2495310468.75,-18.80923
2495310625.0,-18.80799
2495310781.25,-18.80545
2495310937.5,-18.80596
2495311093.75,-18.80104
2495311250.0,-18.80009
2495311406.25,-18.79809
2495311562.5,-18.79748
2495311718.75,-18.79551
2495311875.0,-18.79337
2495312031.25,-18.79178
2495312187.5,-18.79084
2495312343.75,-18.78877
2495312500.0,-18.78618
2495312656.25,-18.78472
2495312812.5,-18.78285
2495312968.75,-18.77962
2495313125.0,-18.77927
2495313281.25,-18.77663
2495313437.5,-18.77375
2495313593.75,-18.77223
2495313750.0,-18.77033
2495313906.25,-18.76928
2495314062.5,-18.76727
2495314218.75,-18.76601
2495314375.0,-18.76315
2495314531.25,-18.7621
2495314687.5,-18.75949
2495314843.75,-18.75884
2495315000.0,-18.7557
2495315156.25,-18.75511
2495315312.5,-18.7522
2495315468.75,-18.75043
2495315625.0,-18.74882
2495315781.25,-18.74703
2495315937.5,-18.74624
2495316093.75,-18.74444
2495316250.0,-18.74199
2495316406.25,-18.74054
2495316562.5,-18.73771
2495316718.75,-18.73637
2495316875.0,-18.7319
2495317031.25,-18.73194
2495317187.5,-18.72972
2495317343.75,-18.72883
2495317500.0,-18.72741
2495317656.25,-18.72786
2495317812.5,-18.72424
2495317968.75,-18.72132
2495318125.0,-18.71908
2495318281.25,-18.71886
2495318437.5,-18.71689
2495318593.75,-18.71508
2495318750.0,-18.71219
2495318906.25,-18.71138
2495319062.5,-18.7084
2495319218.75,-18.70501
2495319375.0,-18.70516
2495319531.25,-18.70291
2495319687.5,-18.70003
2495319843.75,-18.69837
2495320000.0,-18.69746
2495320156.25,-18.6955
2495320312.5,-18.69143
2495320468.75,-18.69217
2495320625.0,-18.68866
2495320781.25,-18.68855
2495320937.5,-18.68731
2495321093.75,-18.68368
2495321250.0,-18.6827
2495321406.25,-18.67966
2495321562.5,-18.67971
2495321718.75,-18.6761
2495321875.0,-18.67513
2495322031.25,-18.67305
2495322187.5,-18.67051
2495322343.75,-18.66951
2495322500.0,-18.66534
2495322656.25,-18.66431
2495322812.5,-18.66347
2495322968.75,-18.66199
2495323125.0,-18.66012
2495323281.25,-18.65752
2495323437.5,-18.65543
2495323593.75,-18.65545
2495323750.0,-18.65302
2495323906.25,-18.65232
2495324062.5,-18.64905
2495324218.75,-18.64483
2495324375.0,-18.64542
2495324531.25,-18.64383
2495324687.5,-18.64308
2495324843.75,-18.64106
2495325000.0,-18.63605
2495325156.25,-18.63396
2495325312.5,-18.63382
2495325468.75,-18.6323
2495325625.0,-18.63033
2495325781.25,-18.62899
2495325937.5,-18.62581
2495326093.75,-18.62531
2495326250.0,-18.62176
2495326406.25,-18.62001
2495326562.5,-18.61812
2495326718.75,-18.61523
2495326875.0,-18.61517
2495327031.25,-18.61396
2495327187.5,-18.61154
2495327343.75,-18.60899
2495327500.0,-18.6079
2495327656.25,-18.60535
2495327812.5,-18.60263
2495327968.75,-18.60044
2495328125.0,-18.60021
2495328281.25,-18.59813
2495328437.5,-18.5985
2495328593.75,-18.59311
2495328750.0,-18.5937
2495328906.25,-18.59157
2495329062.5,-18.5884
2495329218.75,-18.58685
2495329375.0,-18.58503
2495329531.25,-18.58368
2495329687.5,-18.58145
2495329843.75,-18.57962
2495330000.0,-18.57616
2495330156.25,-18.57565
2495330312.5,-18.57248
2495330468.75,-18.5711
2495330625.0,-18.57006
2495330781.25,-18.56849
2495330937.5,-18.56556
2495331093.75,-18.56307
2495331250.0,-18.56086
2495331406.25,-18.56119
2495331562.5,-18.55803
2495331718.75,-18.55609
2495331875.0,-18.55354
2495332031.25,-18.55363
2495332187.5,-18.55066
2495332343.75,-18.55021
2495332500.0,-18.54798
2495332656.25,-18.54422
2495332812.5,-18.54405
2495332968.75,-18.54068
2495333125.0,-18.5413
2495333281.25,-18.53749
2495333437.5,-18.53619
2495333593.75,-18.53266
2495333750.0,-18.53331
2495333906.25,-18.53024
2495334062.5,-18.52986
2495334218.75,-18.52632
2495334375.0,-18.52361
2495334531.25,-18.52092
2495334687.5,-18.52137
2495334843.75,-18.5188
2495335000.0,-18.51858
2495335156.25,-18.51475
2495335312.5,-18.51302
2495335468.75,-18.5101
2495335625.0,-18.5085
2495335781.25,-18.5061
2495335937.5,-18.50527
2495336093.75,-18.50381
2495336250.0,-18.50056
2495336406.25,-18.50065
2495336562.5,-18.498
2495336718.75,-18.49687
2495336875.0,-18.49317
2495337031.25,-18.4914
2495337187.5,-18.48989
2495337343.75,-18.48853
2495337500.0,-18.4852
2495337656.25,-18.48436
2495337812.5,-18.4831
2495337968.75,-18.48005
2495338125.0,-18.47779
2495338281.25,-18.47774
2495338437.5,-18.47595
2495338593.75,-18.47313
2495338750.0,-18.47123
2495338906.25,-18.46939
2495339062.5,-18.46797
2495339218.75,-18.46555
2495339375.0,-18.46335
2495339531.25,-18.46036
2495339687.5,-18.45924
2495339843.75,-18.45856
2495340000.0,-18.45559
2495340156.25,-18.45316
2495340312.5,-18.452
2495340468.75,-18.44897
2495340625.0,-18.44731
2495340781.25,-18.44694
2495340937.5,-18.44448
2495341093.75,-18.44052
2495341250.0,-18.44017
2495341406.25,-18.4394
2495341562.5,-18.43765
2495341718.75,-18.43476
2495341875.0,-18.43301
2495342031.25,-18.43165
2495342187.5,-18.43053
2495342343.75,-18.4264
2495342500.0,-18.42515
2495342656.25,-18.4255
2495342812.5,-18.42321
2495342968.75,-18.41935
2495343125.0,-18.41906
2495343281.25,-18.41549
2495343437.5,-18.41387
2495343593.75,-18.41245
2495343750.0,-18.41099
2495343906.25,-18.40868
2495344062.5,-18.4076
2495344218.75,-18.40378
2495344375.0,-18.40276
2495344531.25,-18.39981
2495344687.5,-18.39882
2495344843.75,-18.39762
2495345000.0,-18.39489
2495345156.25,-18.39235
2495345312.5,-18.39111
2495345468.75,-18.3886
2495345625.0,-18.3879
2495345781.25,-18.38467
2495345937.5,-18.38314
2495346093.75,-18.38033
2495346250.0,-18.37898
2495346406.25,-18.37581
2495346562.5,-18.37479
2495346718.75,-18.37283
2495346875.0,-18.3701
2495347031.25,-18.36704
2495347187.5,-18.3687
2495347343.75,-18.36732
2495347500.0,-18.36526
2495347656.25,-18.3623
2495347812.5,-18.35802
2495347968.75,-18.3581
2495348125.0,-18.35473
2495348281.25,-18.35454
2495348437.5,-18.35246
2495348593.75,-18.35041
2495348750.0,-18.34695
2495348906.25,-18.34593
2495349062.5,-18.34543
2495349218.75,-18.3422
2495349375.0,-18.34117
2495349531.25,-18.3403
2495349687.5,-18.33739
2495349843.75,-18.33631
2495350000.0,-18.33274
2495350156.25,-18.33071
2495350312.5,-18.32818
2495350468.75,-18.32781
2495350625.0,-18.32499
2495350781.25,-18.32422
2495350937.5,-18.32053
2495351093.75,-18.3196
2495351250.0,-18.31926
2495351406.25,-18.31502
2495351562.5,-18.31486
2495351718.75,-18.31094
2495351875.0,-18.31019
2495352031.25,-18.30747
2495352187.5,-18.30563
2495352343.75,-18.3032
2495352500.0,-18.30228
2495352656.25,-18.29935
2495352812.5,-18.29847
2495352968.75,-18.29716
2495353125.0,-18.29504
2495353281.25,-18.29339
2495353437.5,-18.2908
2495353593.75,-18.28761
2495353750.0,-18.28415
2495353906.25,-18.28396
2495354062.5,-18.28161
2495354218.75,-18.28095
2495354375.0,-18.27779
2495354531.25,-18.27662
2495354687.5,-18.27357
2495354843.75,-18.27339
2495355000.0,-18.26962
2495355156.25,-18.26849
2495355312.5,-18.26743
2495355468.75,-18.26401
2495355625.0,-18.26383
2495355781.25,-18.26076
2495355937.5,-18.25866
2495356093.75,-18.25661
2495356250.0,-18.25525
2495356406.25,-18.25439
2495356562.5,-18.25166
2495356718.75,-18.24882
2495356875.0,-18.24779
2495357031.25,-18.2462
2495357187.5,-18.2431
2495357343.75,-18.24205
2495357500.0,-18.23916
2495357656.25,-18.23701
2495357812.5,-18.23672
2495357968.75,-18.23305
2495358125.0,-18.2318
2495358281.25,-18.23065
2495358437.5,-18.22962
2495358593.75,-18.22658
2495358750.0,-18.2243
2495358906.25,-18.22232
2495359062.5,-18.21974
2495359218.75,-18.21975
2495359375.0,-18.21723
2495359531.25,-18.21474
2495359687.5,-18.21275
2495359843.75,-18.21173
2495360000.0,-18.20825
2495360156.25,-18.20725
2495360312.5,-18.20289
2495360468.75,-18.20225
2495360625.0,-18.20051
2495360781.25,-18.19937
2495360937.5,-18.19671
2495361093.75,-18.1948
2495361250.0,-18.19213
2495361406.25,-18.19062
2495361562.5,-18.18921
2495361718.75,-18.18786
2495361875.0,-18.18474
2495362031.25,-18.18343
2495362187.5,-18.18001
2495362343.75,-18.17845
2495362500.0,-18.17768
2495362656.25,-18.17626
2495362812.5,-18.17518
2495362968.75,-18.1704
2495363125.0,-18.16918
2495363281.25,-18.16788
2495363437.5,-18.16593
2495363593.75,-18.16412
2495363750.0,-18.16156
2495363906.25,-18.16017
2495364062.5,-18.15767
2495364218.75,-18.15569
2495364375.0,-18.15446
2495364531.25,-18.15235
2495364687.5,-18.15002
2495364843.75,-18.14865
2495365000.0,-18.14697
2495365156.25,-18.14369
2495365312.5,-18.14176
2495365468.75,-18.14013
2495365625.0,-18.13813
2495365781.25,-18.13543
2495365937.5,-18.13539
2495366093.75,-18.13223
2495366250.0,-18.13009
2495366406.25,-18.12828
2495366562.5,-18.12722
2495366718.75,-18.12488
2495366875.0,-18.12243
2495367031.25,-18.11959
2495367187.5,-18.11875
2495367343.75,-18.11522
2495367500.0,-18.11437
2495367656.25,-18.11312
2495367812.5,-18.10882
2495367968.75,-18.10799
2495368125.0,-18.10527
2495368281.25,-18.10577
2495368437.5,-18.10288
2495368593.75,-18.09923
2495368750.0,-18.09857
2495368906.25,-18.09744
2495369062.5,-18.09417
2495369218.75,-18.09345
2495369375.0,-18.09118
2495369531.25,-18.08969
2495369687.5,-18.08619
2495369843.75,-18.08508
2495370000.0,-18.08337
2495370156.25,-18.08155
2495370312.5,-18.0801
2495370468.75,-18.07649
2495370625.0,-18.07448
2495370781.25,-18.07456
2495370937.5,-18.06935
2495371093.75,-18.06871
2495371250.0,-18.0672
2495371406.25,-18.06314
2495371562.5,-18.06444
2495371718.75,-18.06055
2495371875.0,-18.05933
2495372031.25,-18.05673
2495372187.5,-18.05494
2495372343.75,-18.0532
2495372500.0,-18.05258
2495372656.25,-18.04755
2495372812.5,-18.04748
2495372968.75,-18.04544
2495373125.0,-18.0439
2495373281.25,-18.04103
2495373437.5,-18.03806
2495373593.75,-18.03648
2495373750.0,-18.03488
2495373906.25,-18.03396
2495374062.5,-18.03017
2495374218.75,-18.02839
2495374375.0,-18.02724
2495374531.25,-18.02543
2495374687.5,-18.02159
2495374843.75,-18.02021
2495375000.0,-18.01941
2495375156.25,-18.01601
2495375312.5,-18.01458
2495375468.75,-18.01378
2495375625.0,-18.01201
2495375781.25,-18.01006
2495375937.5,-18.00657
2495376093.75,-18.00606
2495376250.0,-18.00207
2495376406.25,-18.00125
2495376562.5,-17.99954
2495376718.75,-17.99678
2495376875.0,-17.99551
2495377031.25,-17.99359
2495377187.5,-17.99233
2495377343.75,-17.98848
2495377500.0,-17.98754
2495377656.25,-17.98712
2495377812.5,-17.98355
2495377968.75,-17.9803
2495378125.0,-17.97939
2495378281.25,-17.97876
2495378437.5,-17.97599
2495378593.75,-17.97294
2495378750.0,-17.97168
2495378906.25,-17.96805
2495379062.5,-17.96651
2495379218.75,-17.96501
2495379375.0,-17.96268
2495379531.25,-17.96152
2495379687.5,-17.95924
2495379843.75,-17.95696
2495380000.0,-17.9559
2495380156.25,-17.95435
2495380312.5,-17.95104
2495380468.75,-17.94968
2495380625.0,-17.94623
2495380781.25,-17.94615
2495380937.5,-17.94301
2495381093.75,-17.94125
2495381250.0,-17.93921
2495381406.25,-17.93674
2495381562.5,-17.93485
2495381718.75,-17.93214
2495381875.0,-17.93158
2495382031.25,-17.92824
2495382187.5,-17.92632
2495382343.75,-17.92579
2495382500.0,-17.9217
2495382656.25,-17.92067
2495382812.5,-17.91684
2495382968.75,-17.91741
2495383125.0,-17.91521
2495383281.25,-17.91361
2495383437.5,-17.91109
2495383593.75,-17.90865
2495383750.0,-17.90792
2495383906.25,-17.90484
2495384062.5,-17.9028
2495384218.75,-17.901
2495384375.0,-17.90021
2495384531.25,-17.89615
2495384687.5,-17.89567
2495384843.75,-17.89182
2495385000.0,-17.8921
2495385156.25,-17.88806
2495385312.5,-17.88535
2495385468.75,-17.88442
2495385625.0,-17.88248
2495385781.25,-17.88093
2495385937.5,-17.87958
2495386093.75,-17.87628
2495386250.0,-17.87481
2495386406.25,-17.8732
2495386562.5,-17.87082
2495386718.75,-17.8678
2495386875.0,-17.8671
2495387031.25,-17.86307
2495387187.5,-17.86258
2495387343.75,-17.86018
2495387500.0,-17.85873
2495387656.25,-17.8542
2495387812.5,-17.85437
2495387968.75,-17.85301
2495388125.0,-17.85092
2495388281.25,-17.849
2495388437.5,-17.84666
2495388593.75,-17.84413
2495388750.0,-17.84219
2495388906.25,-17.84004
2495389062.5,-17.83813
2495389218.75,-17.83639
2495389375.0,-17.83419
2495389531.25,-17.83164
2495389687.5,-17.83033
2495389843.75,-17.82826
2495390000.0,-17.82607
2495390156.25,-17.82213
2495390312.5,-17.82178
2495390468.75,-17.81911
2495390625.0,-17.8174
2495390781.25,-17.81724
2495390937.5,-17.8135
2495391093.75,-17.81134
2495391250.0,-17.81043
2495391406.25,-17.80675
2495391562.5,-17.8061
2495391718.75,-17.80502
2495391875.0,-17.79986
2495392031.25,-17.79945
2495392187.5,-17.79548
2495392343.75,-17.79488
2495392500.0,-17.79351
2495392656.25,-17.79074
2495392812.5,-17.78949
2495392968.75,-17.78687
2495393125.0,-17.78561
2495393281.25,-17.78292
2495393437.5,-17.77975
2495393593.75,-17.77868
2495393750.0,-17.77642
2495393906.25,-17.77627
2495394062.5,-17.77406
2495394218.75,-17.76953
2495394375.0,-17.76911
2495394531.25,-17.76589
2495394687.5,-17.76389
2495394843.75,-17.76342
2495395000.0,-17.76055
2495395156.25,-17.75919
2495395312.5,-17.75577
2495395468.75,-17.7543
2495395625.0,-17.75239
2495395781.25,-17.75075
2495395937.5,-17.74908
2495396093.75,-17.74699
2495396250.0,-17.74481
2495396406.25,-17.74202
2495396562.5,-17.7398
2495396718.75,-17.73833
2495396875.0,-17.73771
2495397031.25,-17.73271
2495397187.5,-17.73202
2495397343.75,-17.72964
2495397500.0,-17.72812
2495397656.25,-17.72625
2495397812.5,-17.72463
2495397968.75,-17.72056
2495398125.0,-17.72075
2495398281.25,-17.72033
2495398437.5,-17.71536
2495398593.75,-17.71394
2495398750.0,-17.71021
2495398906.25,-17.70864
2495399062.5,-17.70723
2495399218.75,-17.70528
2495399375.0,-17.70146
2495399531.25,-17.70243
2495399687.5,-17.69869
2495399843.75,-17.69738
2495400000.0,-17.69522
2495400156.25,-17.69381
2495400312.5,-17.69033
2495400468.75,-17.68861
2495400625.0,-17.68595
2495400781.25,-17.68402
2495400937.5,-17.68375
2495401093.75,-17.68076
2495401250.0,-17.67939
2495401406.25,-17.67722
2495401562.5,-17.67459
2495401718.75,-17.67266
2495401875.0,-17.66991
2495402031.25,-17.66807
2495402187.5,-17.6661
2495402343.75,-17.66473
2495402500.0,-17.66196
2495402656.25,-17.65965
2495402812.5,-17.65719
2495402968.75,-17.65585
2495403125.0,-17.65446
2495403281.25,-17.65124
2495403437.5,-17.65025
2495403593.75,-17.64807
2495403750.0,-17.644
2495403906.25,-17.64302
2495404062.5,-17.64122
2495404218.75,-17.63786
2495404375.0,-17.6381
2495404531.25,-17.63629
2495404687.5,-17.63349
2495404843.75,-17.6312
2495405000.0,-17.62852
2495405156.25,-17.62837
2495405312.5,-17.62542
2495405468.75,-17.62296
2495405625.0,-17.62019
2495405781.25,-17.61921
2495405937.5,-17.61697
2495406093.75,-17.61439
2495406250.0,-17.61225
2495406406.25,-17.60925
2495406562.5,-17.60793
2495406718.75,-17.60658
2495406875.0,-17.60261
2495407031.25,-17.60181
2495407187.5,-17.5985
2495407343.75,-17.59849
2495407500.0,-17.5954
2495407656.25,-17.59306
2495407812.5,-17.59125
2495407968.75,-17.59058
2495408125.0,-17.58712
2495408281.25,-17.58564
2495408437.5,-17.5836
2495408593.75,-17.58218
2495408750.0,-17.57793
2495408906.25,-17.57722
2495409062.5,-17.57461
2495409218.75,-17.57459
2495409375.0,-17.57132
2495409531.25,-17.56988
2495409687.5,-17.56723
2495409843.75,-17.56433
2495410000.0,-17.56322
2495410156.25,-17.56088
2495410312.5,-17.55796
2495410468.75,-17.55557
2495410625.0,-17.55441
2495410781.25,-17.55087
2495410937.5,-17.55038
2495411093.75,-17.54788
2495411250.0,-17.54654
2495411406.25,-17.54275
2495411562.5,-17.54084
2495411718.75,-17.5395
2495411875.0,-17.53698
2495412031.25,-17.53463
2495412187.5,-17.53395
2495412343.75,-17.53102
2495412500.0,-17.52877
2495412656.25,-17.52679
2495412812.5,-17.52614
2495412968.75,-17.52072
2495413125.0,-17.52072
2495413281.25,-17.51681
2495413437.5,-17.51685
2495413593.75,-17.51369
2495413750.0,-17.51449
2495413906.25,-17.5091
2495414062.5,-17.50811
2495414218.75,-17.5064
2495414375.0,-17.50405
2495414531.25,-17.50122
2495414687.5,-17.50048
2495414843.75,-17.49661
2495415000.0,-17.49509
2495415156.25,-17.49336
2495415312.5,-17.49119
2495415468.75,-17.48886
2495415625.0,-17.4874
2495415781.25,-17.48463
2495415937.5,-17.48181
2495416093.75,-17.48016
2495416250.0,-17.47852
2495416406.25,-17.4773
2495416562.5,-17.47452
2495416718.75,-17.47359
2495416875.0,-17.4689
2495417031.25,-17.46786
2495417187.5,-17.46588
2495417343.75,-17.4641
2495417500.0,-17.46178
2495417656.25,-17.46035
2495417812.5,-17.45761
2495417968.75,-17.45508
2495418125.0,-17.45373
2495418281.25,-17.45096
2495418437.5,-17.44784
2495418593.75,-17.44763
2495418750.0,-17.44615
2495418906.25,-17.44154
2495419062.5,-17.44059
2495419218.75,-17.4379
2495419375.0,-17.43624
2495419531.25,-17.43564
2495419687.5,-17.43168
2495419843.75,-17.4297
2495420000.0,-17.42658
2495420156.25,-17.42637
2495420312.5,-17.42482
2495420468.75,-17.42233
2495420625.0,-17.4187
2495420781.25,-17.41836
2495420937.5,-17.41447
2495421093.75,-17.41448
2495421250.0,-17.41054
2495421406.25,-17.40915
2495421562.5,-17.40675
2495421718.75,-17.40451
2495421875.0,-17.40183
2495422031.25,-17.40017
2495422187.5,-17.3979
2495422343.75,-17.39607
2495422500.0,-17.39469
2495422656.25,-17.39277
2495422812.5,-17.38944
2495422968.75,-17.38689
2495423125.0,-17.38541
2495423281.25,-17.3824
2495423437.5,-17.3814
2495423593.75,-17.38013
2495423750.0,-17.37778
2495423906.25,-17.37677
2495424062.5,-17.37325
2495424218.75,-17.36956
2495424375.0,-17.36792
2495424531.25,-17.36583
2495424687.5,-17.36545
2495424843.75,-17.36214
2495425000.0,-17.35965
2495425156.25,-17.35825
2495425312.5,-17.35609
2495425468.75,-17.35441
2495425625.0,-17.35155
2495425781.25,-17.35094
2495425937.5,-17.34747
2495426093.75,-17.34655
2495426250.0,-17.34424
2495426406.25,-17.34171
2495426562.5,-17.33925
2495426718.75,-17.33656
2495426875.0,-17.33395
2495427031.25,-17.33278
2495427187.5,-17.3308
2495427343.75,-17.32827
2495427500.0,-17.32575
2495427656.25,-17.32324
2495427812.5,-17.32297
2495427968.75,-17.31968
2495428125.0,-17.31912
2495428281.25,-17.31561
2495428437.5,-17.31369
2495428593.75,-17.3117
2495428750.0,-17.30968
2495428906.25,-17.30635
2495429062.5,-17.30539
2495429218.75,-17.30312
2495429375.0,-17.29965
2495429531.25,-17.29929
2495429687.5,-17.29749
2495429843.75,-17.29428
2495430000.0,-17.2911
2495430156.25,-17.2894
2495430312.5,-17.28723
2495430468.75,-17.28629
2495430625.0,-17.2836
2495430781.25,-17.28062
2495430937.5,-17.27936
2495431093.75,-17.27769
2495431250.0,-17.27616
2495431406.25,-17.27369
2495431562.5,-17.27128
2495431718.75,-17.26884
2495431875.0,-17.26497
2495432031.25,-17.26399
2495432187.5,-17.26266
2495432343.75,-17.26023
2495432500.0,-17.25758
2495432656.25,-17.25494
2495432812.5,-17.25371
2495432968.75,-17.25008
2495433125.0,-17.24891
2495433281.25,-17.24787
2495433437.5,-17.24399
2495433593.75,-17.24215
2495433750.0,-17.2411
2495433906.25,-17.23941
2495434062.5,-17.23727
2495434218.75,-17.23462
2495434375.0,-17.23114
2495434531.25,-17.23031
2495434687.5,-17.22703
2495434843.75,-17.22497
2495435000.0,-17.22396
2495435156.25,-17.22152
2495435312.5,-17.21785
2495435468.75,-17.21663
2495435625.0,-17.21455
2495435781.25,-17.21134
2495435937.5,-17.20894
2495436093.75,-17.20755
2495436250.0,-17.20614
2495436406.25,-17.20402
2495436562.5,-17.20113
2495436718.75,-17.19953
2495436875.0,-17.1985
2495437031.25,-17.19503
2495437187.5,-17.19498
2495437343.75,-17.19253
2495437500.0,-17.18884
2495437656.25,-17.18669
2495437812.5,-17.18511
2495437968.75,-17.18088
2495438125.0,-17.17941
2495438281.25,-17.17749
2495438437.5,-17.17459
2495438593.75,-17.17291
2495438750.0,-17.17168
2495438906.25,-17.16937
2495439062.5,-17.16573
2495439218.75,-17.16557
2495439375.0,-17.16266
2495439531.25,-17.16015
2495439687.5,-17.15919
2495439843.75,-17.1552
2495440000.0,-17.15348
2495440156.25,-17.14989
2495440312.5,-17.15103
2495440468.75,-17.14735
2495440625.0,-17.14606
2495440781.25,-17.14319
2495440937.5,-17.14164
2495441093.75,-17.13837
2495441250.0,-17.137
2495441406.25,-17.13531
2495441562.5,-17.13297
2495441718.75,-17.12981
2495441875.0,-17.1268
2495442031.25,-17.12548
2495442187.5,-17.12457
2495442343.75,-17.12118
2495442500.0,-17.11979
2495442656.25,-17.11686
2495442812.5,-17.1162
2495442968.75,-17.11336
2495443125.0,-17.11019
2495443281.25,-17.10884
2495443437.5,-17.10622
2495443593.75,-17.10211
2495443750.0,-17.10155
2495443906.25,-17.10045
2495444062.5,-17.09745
2495444218.75,-17.09604
2495444375.0,-17.092
2495444531.25,-17.09168
2495444687.5,-17.08845
2495444843.75,-17.08576
2495445000.0,-17.08525
2495445156.25,-17.08225
2495445312.5,-17.0804
2495445468.75,-17.07895
2495445625.0,-17.07532
2495445781.25,-17.07353
2495445937.5,-17.07123
2495446093.75,-17.06958
2495446250.0,-17.06594
2495446406.25,-17.0648
2495446562.5,-17.06298
2495446718.75,-17.0614
2495446875.0,-17.05862
2495447031.25,-17.05652
2495447187.5,-17.05276
2495447343.75,-17.05022
2495447500.0,-17.0496
2495447656.25,-17.04812
2495447812.5,-17.0439
2495447968.75,-17.04333
2495448125.0,-17.03968
2495448281.25,-17.03844
2495448437.5,-17.03617
2495448593.75,-17.03354
2495448750.0,-17.03241
2495448906.25,-17.03018
2495449062.5,-17.02661
2495449218.75,-17.02663
2495449375.0,-17.02363
2495449531.25,-17.02006
2495449687.5,-17.01844
2495449843.75,-17.01566
2495450000.0,-17.0142
2495450156.25,-17.01265
2495450312.5,-17.00942
2495450468.75,-17.00858
2495450625.0,-17.00559
2495450781.25,-17.00322
2495450937.5,-17.00192
2495451093.75,-16.99935
2495451250.0,-16.9966
2495451406.25,-16.99321
2495451562.5,-16.99229
2495451718.75,-16.98977
2495451875.0,-16.98963
2495452031.25,-16.98509
2495452187.5,-16.98292
2495452343.75,-16.98106
2495452500.0,-16.97962
2495452656.25,-16.97673
2495452812.5,-16.97406
2495452968.75,-16.97203
2495453125.0,-16.971
2495453281.25,-16.96764
2495453437.5,-16.96596
2495453593.75,-16.96424
2495453750.0,-16.9616
2495453906.25,-16.95928
2495454062.5,-16.9567
2495454218.75,-16.95518
2495454375.0,-16.9523
2495454531.25,-16.95023
2495454687.5,-16.94678
2495454843.75,-16.94586
2495455000.0,-16.94401
2495455156.25,-16.94047
2495455312.5,-16.94062
2495455468.75,-16.93623
2495455625.0,-16.93507
2495455781.25,-16.93187
2495455937.5,-16.92912
2495456093.75,-16.92971
2495456250.0,-16.92747
2495456406.25,-16.92319
2495456562.5,-16.9206
2495456718.75,-16.91911
2495456875.0,-16.91625
2495457031.25,-16.91492
2495457187.5,-16.91184
2495457343.75,-16.90969
2495457500.0,-16.90762
2495457656.25,-16.90598
2495457812.5,-16.90287
2495457968.75,-16.90109
2495458125.0,-16.89878
2495458281.25,-16.89701
2495458437.5,-16.8946
2495458593.75,-16.89307
2495458750.0,-16.89094
2495458906.25,-16.88842
2495459062.5,-16.88556
2495459218.75,-16.88348
2495459375.0,-16.88103
2495459531.25,-16.87967
2495459687.5,-16.87738
2495459843.75,-16.87509
2495460000.0,-16.87274
2495460156.25,-16.86994
2495460312.5,-16.86767
2495460468.75,-16.86624
2495460625.0,-16.86308
2495460781.25,-16.86093
2495460937.5,-16.86034
2495461093.75,-16.85602
2495461250.0,-16.85366
2495461406.25,-16.85369
2495461562.5,-16.85149
2495461718.75,-16.84834
2495461875.0,-16.84555
2495462031.25,-16.8435
2495462187.5,-16.84031
2495462343.75,-16.83835
2495462500.0,-16.83643
2495462656.25,-16.83496
2495462812.5,-16.83268
2495462968.75,-16.82997
2495463125.0,-16.8281
2495463281.25,-16.82584
2495463437.5,-16.82269
2495463593.75,-16.82128
2495463750.0,-16.81898
2495463906.25,-16.81524
2495464062.5,-16.81496
2495464218.75,-16.81476
2495464375.0,-16.80882
2495464531.25,-16.80724
2495464687.5,-16.80456
2495464843.75,-16.80504
2495465000.0,-16.80165
2495465156.25,-16.79882
2495465312.5,-16.79597
2495465468.75,-16.7932
2495465625.0,-16.79203
2495465781.25,-16.791
2495465937.5,-16.78808
2495466093.75,-16.78456
2495466250.0,-16.78281
2495466406.25,-16.7808
2495466562.5,-16.77801
2495466718.75,-16.77574
2495466875.0,-16.77411
2495467031.25,-16.77254
2495467187.5,-16.769
2495467343.75,-16.76833
2495467500.0,-16.76513
2495467656.25,-16.76223
2495467812.5,-16.76049
2495467968.75,-16.75959
2495468125.0,-16.75693
2495468281.25,-16.75269
2495468437.5,-16.75017
2495468593.75,-16.7486
2495468750.0,-16.747
2495468906.25,-16.74599
2495469062.5,-16.74295
2495469218.75,-16.73959
2495469375.0,-16.73735
2495469531.25,-16.73449
2495469687.5,-16.73388
2495469843.75,-16.73094
2495470000.0,-16.72889
2495470156.25,-16.7255
2495470312.5,-16.72397
2495470468.75,-16.72188
2495470625.0,-16.7197
2495470781.25,-16.71771
2495470937.5,-16.71545
2495471093.75,-16.71451
2495471250.0,-16.71076
2495471406.25,-16.70798
2495471562.5,-16.70704
2495471718.75,-16.70477
2495471875.0,-16.70159
2495472031.25,-16.69943
2495472187.5,-16.69933
2495472343.75,-16.69468
2495472500.0,-16.69324
2495472656.25,-16.69199
2495472812.5,-16.68895
2495472968.75,-16.68557
2495473125.0,-16.68368
2495473281.25,-16.68218
2495473437.5,-16.67926
2495473593.75,-16.67614
2495473750.0,-16.67489
2495473906.25,-16.67342
2495474062.5,-16.6706
2495474218.75,-16.66706
2495474375.0,-16.66545
2495474531.25,-16.66254
2495474687.5,-16.66063
2495474843.75,-16.65903
2495475000.0,-16.65602
2495475156.25,-16.65386
2495475312.5,-16.65207
2495475468.75,-16.6492
2495475625.0,-16.64691
2495475781.25,-16.6452
2495475937.5,-16.64319
2495476093.75,-16.64175
2495476250.0,-16.63925
2495476406.25,-16.6363
2495476562.5,-16.63368
2495476718.75,-16.63115
2495476875.0,-16.62954
2495477031.25,-16.62733
2495477187.5,-16.62562
2495477343.75,-16.62284
2495477500.0,-16.6209
2495477656.25,-16.61753
2495477812.5,-16.61552
2495477968.75,-16.61286
2495478125.0,-16.61199
2495478281.25,-16.60657
2495478437.5,-16.60712
2495478593.75,-16.6035
2495478750.0,-16.60214
2495478906.25,-16.60035
2495479062.5,-16.59695
2495479218.75,-16.59503
2495479375.0,-16.59177
2495479531.25,-16.58976
2495479687.5,-16.58844
2495479843.75,-16.58554
2495480000.0,-16.5821
2495480156.25,-16.57998
2495480312.5,-16.5806
2495480468.75,-16.57654
2495480625.0,-16.57574
2495480781.25,-16.57213
2495480937.5,-16.57047
2495481093.75,-16.56589
2495481250.0,-16.56596
2495481406.25,-16.56189
2495481562.5,-16.56034
2495481718.75,-16.55842
2495481875.0,-16.55591
2495482031.25,-16.55286
2495482187.5,-16.55214
2495482343.75,-16.54949
2495482500.0,-16.54579
2495482656.25,-16.54435
2495482812.5,-16.54276
2495482968.75,-16.54004
2495483125.0,-16.53903
2495483281.25,-16.53564
2495483437.5,-16.53288
2495483593.75,-16.53109
2495483750.0,-16.52802
2495483906.25,-16.52552
2495484062.5,-16.52386
2495484218.75,-16.52027
2495484375.0,-16.51842
2495484531.25,-16.51501
2495484687.5,-16.51546
2495484843.75,-16.51209
2495485000.0,-16.51025
2495485156.25,-16.50811
2495485312.5,-16.50512
2495485468.75,-16.50321
2495485625.0,-16.50083
2495485781.25,-16.49685
2495485937.5,-16.49519
2495486093.75,-16.49345
2495486250.0,-16.49096
2495486406.25,-16.48922
2495486562.5,-16.48672
2495486718.75,-16.48628
2495486875.0,-16.48279
2495487031.25,-16.4805
2495487187.5,-16.4782
2495487343.75,-16.47522
2495487500.0,-16.4718
2495487656.25,-16.47031
2495487812.5,-16.46902
2495487968.75,-16.46581
2495488125.0,-16.46467
2495488281.25,-16.46155
2495488437.5,-16.46027
2495488593.75,-16.45761
2495488750.0,-16.45484
2495488906.25,-16.45243
2495489062.5,-16.44883
2495489218.75,-16.44774
2495489375.0,-16.44467
2495489531.25,-16.44167
2495489687.5,-16.44156
2495489843.75,-16.43848
2495490000.0,-16.43469
2495490156.25,-16.43324
2495490312.5,-16.43101
2495490468.75,-16.42996
2495490625.0,-16.42715
2495490781.25,-16.42383
2495490937.5,-16.42248
2495491093.75,-16.41979
2495491250.0,-16.41796
2495491406.25,-16.41449
2495491562.5,-16.41324
2495491718.75,-16.4094
2495491875.0,-16.4081
2495492031.25,-16.40604
2495492187.5,-16.40331
2495492343.75,-16.40052
2495492500.0,-16.39873
2495492656.25,-16.39535
2495492812.5,-16.394
2495492968.75,-16.39157
2495493125.0,-16.38981
2495493281.25,-16.3864
2495493437.5,-16.38599
2495493593.75,-16.38228
2495493750.0,-16.37947
2495493906.25,-16.3762
2495494062.5,-16.37589
2495494218.75,-16.37283
2495494375.0,-16.36989
2495494531.25,-16.36809
2495494687.5,-16.36587
2495494843.75,-16.36425
2495495000.0,-16.36053
2495495156.25,-16.36052
2495495312.5,-16.35635
2495495468.75,-16.35436
2495495625.0,-16.35324
2495495781.25,-16.3485
2495495937.5,-16.34528
2495496093.75,-16.34478
2495496250.0,-16.34191
2495496406.25,-16.34061
2495496562.5,-16.33847
2495496718.75,-16.33515
2495496875.0,-16.3337
2495497031.25,-16.33066
2495497187.5,-16.32952
2495497343.75,-16.32561
2495497500.0,-16.32343
2495497656.25,-16.32188
2495497812.5,-16.31857
2495497968.75,-16.3168
2495498125.0,-16.31426
2495498281.25,-16.31173
2495498437.5,-16.31012
2495498593.75,-16.30708
2495498750.0,-16.30627
2495498906.25,-16.30293
2495499062.5,-16.30064
2495499218.75,-16.29815
2495499375.0,-16.29455
2495499531.25,-16.29347
2495499687.5,-16.29118
2495499843.75,-16.28895
2495500000.0,-16.2865
2495500156.25,-16.2844
2495500312.5,-16.28234
2495500468.75,-16.27864
2495500625.0,-16.27674
2495500781.25,-16.27524
2495500937.5,-16.27277
2495501093.75,-16.26954
2495501250.0,-16.26751
2495501406.25,-16.26621
2495501562.5,-16.26331
2495501718.75,-16.26108
2495501875.0,-16.25852
2495502031.25,-16.25509
2495502187.5,-16.25315
2495502343.75,-16.25209
2495502500.0,-16.24916
2495502656.25,-16.24636
2495502812.5,-16.24465
2495502968.75,-16.24195
2495503125.0,-16.23964
2495503281.25,-16.2364
2495503437.5,-16.23431
2495503593.75,-16.23179
2495503750.0,-16.22968
2495503906.25,-16.22885
2495504062.5,-16.22512
2495504218.75,-16.22214
2495504375.0,-16.22015
2495504531.25,-16.21808
2495504687.5,-16.21502
2495504843.75,-16.21227
2495505000.0,-16.2105
2495505156.25,-16.20859
2495505312.5,-16.20551
2495505468.75,-16.2028
2495505625.0,-16.20061
2495505781.25,-16.19978
2495505937.5,-16.1963
2495506093.75,-16.19401
2495506250.0,-16.19151
2495506406.25,-16.18929
2495506562.5,-16.18641
2495506718.75,-16.184
2495506875.0,-16.18191
2495507031.25,-16.17908
2495507187.5,-16.17904
2495507343.75,-16.17624
2495507500.0,-16.17132
2495507656.25,-16.17124
2495507812.5,-16.16755
2495507968.75,-16.16489
2495508125.0,-16.16448
2495508281.25,-16.16018
2495508437.5,-16.15745
2495508593.75,-16.15599
2495508750.0,-16.15421
2495508906.25,-16.15095
2495509062.5,-16.15023
2495509218.75,-16.14543
2495509375.0,-16.14228
2495509531.25,-16.14112
2495509687.5,-16.1392
2495509843.75,-16.13744
2495510000.0,-16.13448
2495510156.25,-16.13159
2495510312.5,-16.13008
2495510468.75,-16.12797
2495510625.0,-16.12646
2495510781.25,-16.12242
2495510937.5,-16.12147
2495511093.75,-16.119
2495511250.0,-16.11572
2495511406.25,-16.11331
2495511562.5,-16.11045
2495511718.75,-16.10779
2495511875.0,-16.10612
2495512031.25,-16.10408
2495512187.5,-16.10177
2495512343.75,-16.09908
2495512500.0,-16.09528
2495512656.25,-16.09355
2495512812.5,-16.09213
2495512968.75,-16.09016
2495513125.0,-16.08687
2495513281.25,-16.08418
2495513437.5,-16.08084
2495513593.75,-16.0794
2495513750.0,-16.07699
2495513906.25,-16.07463
2495514062.5,-16.07256
2495514218.75,-16.0703
2495514375.0,-16.06812
2495514531.25,-16.06479
2495514687.5,-16.06314
2495514843.75,-16.06038
2495515000.0,-16.05895
2495515156.25,-16.05606
2495515312.5,-16.05518
2495515468.75,-16.05074
2495515625.0,-16.04831
2495515781.25,-16.04594
2495515937.5,-16.04247
2495516093.75,-16.03886
2495516250.0,-16.03958
2495516406.25,-16.03698
2495516562.5,-16.03423
2495516718.75,-16.03105
2495516875.0,-16.03104
2495517031.25,-16.02794
2495517187.5,-16.02503
2495517343.75,-16.02167
2495517500.0,-16.01897
2495517656.25,-16.01853
2495517812.5,-16.01367
2495517968.75,-16.01247
2495518125.0,-16.01036
2495518281.25,-16.0087
2495518437.5,-16.00442
2495518593.75,-16.00283
2495518750.0,-16.00165
2495518906.25,-15.99921
2495519062.5,-15.99425
2495519218.75,-15.99434
2495519375.0,-15.99129
2495519531.25,-15.98875
2495519687.5,-15.98528
2495519843.75,-15.98453
2495520000.0,-15.9815
2495520156.25,-15.97771
2495520312.5,-15.97658
2495520468.75,-15.9739
2495520625.0,-15.97147
2495520781.25,-15.96897
2495520937.5,-15.96788
2495521093.75,-15.9651
2495521250.0,-15.96114
2495521406.25,-15.95929
2495521562.5,-15.95694
2495521718.75,-15.95498
2495521875.0,-15.95215
2495522031.25,-15.94882
2495522187.5,-15.94657
2495522343.75,-15.94383
2495522500.0,-15.94268
2495522656.25,-15.9403
2495522812.5,-15.93821
2495522968.75,-15.93481
2495523125.0,-15.93321
2495523281.25,-15.93064
2495523437.5,-15.92694
2495523593.75,-15.9258
2495523750.0,-15.92311
2495523906.25,-15.91939
2495524062.5,-15.91805
2495524218.75,-15.91672
2495524375.0,-15.9133
2495524531.25,-15.91062
2495524687.5,-15.90808
2495524843.75,-15.90422
2495525000.0,-15.90442
2495525156.25,-15.90123
2495525312.5,-15.89751
2495525468.75,-15.89532
2495525625.0,-15.89328
2495525781.25,-15.89085
2495525937.5,-15.88794
2495526093.75,-15.88486
2495526250.0,-15.88325
2495526406.25,-15.88101
2495526562.5,-15.87902
2495526718.75,-15.87644
2495526875.0,-15.87271
2495527031.25,-15.87192
2495527187.5,-15.8682
2495527343.75,-15.86672
2495527500.0,-15.86463
2495527656.25,-15.8616
2495527812.5,-15.85817
2495527968.75,-15.85609
2495528125.0,-15.85472
2495528281.25,-15.85192
2495528437.5,-15.849
2495528593.75,-15.84685
2495528750.0,-15.84458
2495528906.25,-15.84275
2495529062.5,-15.83951
2495529218.75,-15.8362
2495529375.0,-15.83433
2495529531.25,-15.83293
2495529687.5,-15.83112
2495529843.75,-15.82963
2495530000.0,-15.82432
2495530156.25,-15.82192
2495530312.5,-15.81974
2495530468.75,-15.81826
2495530625.0,-15.81569
2495530781.25,-15.81379
2495530937.5,-15.81001
2495531093.75,-15.80742
2495531250.0,-15.80554
2495531406.25,-15.80204
2495531562.5,-15.80208
2495531718.75,-15.79881
2495531875.0,-15.79485
2495532031.25,-15.79276
2495532187.5,-15.79066
2495532343.75,-15.78927
2495532500.0,-15.78664
2495532656.25,-15.78247
2495532812.5,-15.78056
2495532968.75,-15.77938
2495533125.0,-15.77532
2495533281.25,-15.77367
2495533437.5,-15.77075
2495533593.75,-15.7695
2495533750.0,-15.76633
2495533906.25,-15.7641
2495534062.5,-15.76108
2495534218.75,-15.75953
2495534375.0,-15.7556
2495534531.25,-15.75444
2495534687.5,-15.75089
2495534843.75,-15.74885
2495535000.0,-15.74739
2495535156.25,-15.74501
2495535312.5,-15.74181
2495535468.75,-15.73876
2495535625.0,-15.73694
2495535781.25,-15.73449
2495535937.5,-15.73148
2495536093.75,-15.72913
2495536250.0,-15.7261
2495536406.25,-15.72475
2495536562.5,-15.72341
2495536718.75,-15.71913
2495536875.0,-15.71721
2495537031.25,-15.71475
2495537187.5,-15.71259
2495537343.75,-15.71035
2495537500.0,-15.7073
2495537656.25,-15.70396
2495537812.5,-15.70129
2495537968.75,-15.69824
2495538125.0,-15.6959
2495538281.25,-15.695
2495538437.5,-15.69139
2495538593.75,-15.69127
2495538750.0,-15.68668
2495538906.25,-15.68395
2495539062.5,-15.68215
2495539218.75,-15.68084
2495539375.0,-15.6775
2495539531.25,-15.67443
2495539687.5,-15.67213
2495539843.75,-15.6703
2495540000.0,-15.66659
2495540156.25,-15.66499
2495540312.5,-15.6622
2495540468.75,-15.65884
2495540625.0,-15.65827
2495540781.25,-15.65483
2495540937.5,-15.65216
2495541093.75,-15.65006
2495541250.0,-15.64693
2495541406.25,-15.64478
2495541562.5,-15.64195
2495541718.75,-15.64058
2495541875.0,-15.63808
2495542031.25,-15.63413
2495542187.5,-15.63306
2495542343.75,-15.63087
2495542500.0,-15.62668
2495542656.25,-15.62511
2495542812.5,-15.62249
2495542968.75,-15.62036
2495543125.0,-15.61675
2495543281.25,-15.61535
2495543437.5,-15.61269
2495543593.75,-15.61019
2495543750.0,-15.60743
2495543906.25,-15.60492
2495544062.5,-15.6026
2495544218.75,-15.6004
2495544375.0,-15.59679
2495544531.25,-15.59461
2495544687.5,-15.59208
2495544843.75,-15.58997
2495545000.0,-15.58745
2495545156.25,-15.58505
2495545312.5,-15.58211
2495545468.75,-15.58073
2495545625.0,-15.57703
2495545781.25,-15.57601
2495545937.5,-15.57134
2495546093.75,-15.57034
2495546250.0,-15.56793
2495546406.25,-15.56407
2495546562.5,-15.56091
2495546718.75,-15.55968
2495546875.0,-15.55721
2495547031.25,-15.55358
2495547187.5,-15.55296
2495547343.75,-15.55059
2495547500.0,-15.54712
2495547656.25,-15.5456
2495547812.5,-15.54184
2495547968.75,-15.53862
2495548125.0,-15.53717
2495548281.25,-15.53338
2495548437.5,-15.53198
2495548593.75,-15.53028
2495548750.0,-15.52736
2495548906.25,-15.52477
2495549062.5,-15.52153
2495549218.75,-15.51837
2495549375.0,-15.51622
2495549531.25,-15.51578
2495549687.5,-15.51184
2495549843.75,-15.50908
2495550000.0,-15.50831
2495550156.25,-15.50477
2495550312.5,-15.50265
2495550468.75,-15.49926
2495550625.0,-15.4979
2495550781.25,-15.49544
2495550937.5,-15.49105
2495551093.75,-15.4893
2495551250.0,-15.48767
2495551406.25,-15.48336
2495551562.5,-15.48296
2495551718.75,-15.47879
2495551875.0,-15.47685
2495552031.25,-15.47398
2495552187.5,-15.47018
2495552343.75,-15.46955
2495552500.0,-15.46612
2495552656.25,-15.46405
2495552812.5,-15.46165
2495552968.75,-15.4587
2495553125.0,-15.45698
2495553281.25,-15.45367
2495553437.5,-15.45125
2495553593.75,-15.44881
2495553750.0,-15.44504
2495553906.25,-15.44411
2495554062.5,-15.44065
2495554218.75,-15.43852
2495554375.0,-15.43614
2495554531.25,-15.43386
2495554687.5,-15.43112
2495554843.75,-15.42888
2495555000.0,-15.42535
2495555156.25,-15.42269
2495555312.5,-15.4219
2495555468.75,-15.41909
2495555625.0,-15.41625
2495555781.25,-15.41422
2495555937.5,-15.41161
2495556093.75,-15.40881
2495556250.0,-15.40598
2495556406.25,-15.40265
2495556562.5,-15.40152
2495556718.75,-15.3979
2495556875.0,-15.39573
2495557031.25,-15.39236
2495557187.5,-15.391
2495557343.75,-15.38744
2495557500.0,-15.38579
2495557656.25,-15.38212
2495557812.5,-15.37971
2495557968.75,-15.3788
2495558125.0,-15.37413
2495558281.25,-15.37284
2495558437.5,-15.37002
2495558593.75,-15.36805
2495558750.0,-15.36372
2495558906.25,-15.36264
2495559062.5,-15.35932
2495559218.75,-15.35665
2495559375.0,-15.35498
2495559531.25,-15.35321
2495559687.5,-15.34871
2495559843.75,-15.34667
2495560000.0,-15.34299
2495560156.25,-15.34249
2495560312.5,-15.34028
2495560468.75,-15.33745
2495560625.0,-15.33314
2495560781.25,-15.33062
2495560937.5,-15.32891
2495561093.75,-15.32557
2495561250.0,-15.32407
2495561406.25,-15.32201
2495561562.5,-15.31933
2495561718.75,-15.31616
2495561875.0,-15.31374
2495562031.25,-15.31072
2495562187.5,-15.30838
2495562343.75,-15.30735
2495562500.0,-15.30336
2495562656.25,-15.30209
2495562812.5,-15.29894
2495562968.75,-15.29572
2495563125.0,-15.2926
2495563281.25,-15.29051
2495563437.5,-15.28802
2495563593.75,-15.28541
2495563750.0,-15.28267
2495563906.25,-15.27962
2495564062.5,-15.27723
2495564218.75,-15.27537
2495564375.0,-15.27262
2495564531.25,-15.26969
2495564687.5,-15.26698
2495564843.75,-15.26468
2495565000.0,-15.26198
2495565156.25,-15.25909
2495565312.5,-15.25895
2495565468.75,-15.25491
2495565625.0,-15.25206
2495565781.25,-15.24926
2495565937.5,-15.24804
2495566093.75,-15.24453
2495566250.0,-15.24193
2495566406.25,-15.23991
2495566562.5,-15.23608
2495566718.75,-15.23462
2495566875.0,-15.23133
2495567031.25,-15.22845
2495567187.5,-15.22675
2495567343.75,-15.22207
2495567500.0,-15.22073
2495567656.25,-15.21771
2495567812.5,-15.21698
2495567968.75,-15.21428
2495568125.0,-15.21049
2495568281.25,-15.20724
2495568437.5,-15.20589
2495568593.75,-15.20289
2495568750.0,-15.20137
2495568906.25,-15.19705
2495569062.5,-15.19589
2495569218.75,-15.19289
2495569375.0,-15.18979
2495569531.25,-15.18698
2495569687.5,-15.18464
2495569843.75,-15.1832
2495570000.0,-15.17975
2495570156.25,-15.17726
2495570312.5,-15.17483
2495570468.75,-15.17261
2495570625.0,-15.16864
2495570781.25,-15.168
2495570937.5,-15.16472
2495571093.75,-15.16154
2495571250.0,-15.15859
2495571406.25,-15.15692
2495571562.5,-15.15364
2495571718.75,-15.15118
2495571875.0,-15.14941
2495572031.25,-15.14557
2495572187.5,-15.1431
2495572343.75,-15.14126
2495572500.0,-15.13866
2495572656.25,-15.13594
2495572812.5,-15.13269
2495572968.75,-15.13058
2495573125.0,-15.1269
2495573281.25,-15.12547
2495573437.5,-15.12252
2495573593.75,-15.12106
2495573750.0,-15.11737
2495573906.25,-15.11437
2495574062.5,-15.11287
2495574218.75,-15.1107
2495574375.0,-15.10742
2495574531.25,-15.10347
2495574687.5,-15.10144
2495574843.75,-15.09872
2495575000.0,-15.09585
2495575156.25,-15.09456
2495575312.5,-15.09091
2495575468.75,-15.08886
2495575625.0,-15.08575
2495575781.25,-15.08275
2495575937.5,-15.08202
2495576093.75,-15.07756
2495576250.0,-15.07572
2495576406.25,-15.07341
2495576562.5,-15.06992
2495576718.75,-15.06798
2495576875.0,-15.0648
2495577031.25,-15.06332
2495577187.5,-15.05839
2495577343.75,-15.05771
2495577500.0,-15.05577
2495577656.25,-15.05114
2495577812.5,-15.04903
2495577968.75,-15.04668
2495578125.0,-15.04398
2495578281.25,-15.04137
2495578437.5,-15.03899
2495578593.75,-15.03636
2495578750.0,-15.03315
2495578906.25,-15.03171
2495579062.5,-15.0285
2495579218.75,-15.0261
2495579375.0,-15.02343
2495579531.25,-15.02092
2495579687.5,-15.01789
2495579843.75,-15.01589
2495580000.0,-15.01311
2495580156.25,-15.01041
2495580312.5,-15.0072
2495580468.75,-15.00552
2495580625.0,-15.00274
2495580781.25,-15.0007
2495580937.5,-14.99701
2495581093.75,-14.9951
2495581250.0,-14.9928
2495581406.25,-14.98894
2495581562.5,-14.98614
2495581718.75,-14.98456
2495581875.0,-14.98197
2495582031.25,-14.97865
2495582187.5,-14.97567
2495582343.75,-14.97259
2495582500.0,-14.97022
2495582656.25,-14.96809
2495582812.5,-14.96652
2495582968.75,-14.96293
2495583125.0,-14.95995
2495583281.25,-14.95762
2495583437.5,-14.95471
2495583593.75,-14.9524
2495583750.0,-14.94859
2495583906.25,-14.94668
2495584062.5,-14.94423
2495584218.75,-14.94198
2495584375.0,-14.93942
2495584531.25,-14.93645
2495584687.5,-14.93428
2495584843.75,-14.93178
2495585000.0,-14.92863
2495585156.25,-14.92563
2495585312.5,-14.92303
2495585468.75,-14.92096
2495585625.0,-14.91754
2495585781.25,-14.91512
2495585937.5,-14.9125
2495586093.75,-14.90965
2495586250.0,-14.90753
2495586406.25,-14.90517
2495586562.5,-14.90228
2495586718.75,-14.90076
2495586875.0,-14.89729
2495587031.25,-14.89354
2495587187.5,-14.89182
2495587343.75,-14.88997
2495587500.0,-14.88586
2495587656.25,-14.88401
2495587812.5,-14.88143
2495587968.75,-14.87863
2495588125.0,-14.87642
2495588281.25,-14.87376
2495588437.5,-14.87103
2495588593.75,-14.8678
2495588750.0,-14.86473
2495588906.25,-14.86208
2495589062.5,-14.85914
2495589218.75,-14.85725
2495589375.0,-14.85494
2495589531.25,-14.85141
2495589687.5,-14.84915
2495589843.75,-14.84598
2495590000.0,-14.84398
2495590156.25,-14.84086
2495590312.5,-14.83846
2495590468.75,-14.83595
2495590625.0,-14.83212
2495590781.25,-14.8309
2495590937.5,-14.82787
2495591093.75,-14.82542
2495591250.0,-14.82262
2495591406.25,-14.81928
2495591562.5,-14.81632
2495591718.75,-14.81447
2495591875.0,-14.81217
2495592031.25,-14.80902
2495592187.5,-14.80655
2495592343.75,-14.80514
2495592500.0,-14.80123
2495592656.25,-14.79786
2495592812.5,-14.79591
2495592968.75,-14.79368
2495593125.0,-14.78996
2495593281.25,-14.78836
2495593437.5,-14.78446
2495593593.75,-14.7817
2495593750.0,-14.77887
2495593906.25,-14.77731
2495594062.5,-14.77363
2495594218.75,-14.77042
2495594375.0,-14.76998
2495594531.25,-14.7669
2495594687.5,-14.76352
2495594843.75,-14.7613
2495595000.0,-14.75841
2495595156.25,-14.75588
2495595312.5,-14.75243
2495595468.75,-14.74992
2495595625.0,-14.74751
2495595781.25,-14.74469
2495595937.5,-14.74153
2495596093.75,-14.73933
2495596250.0,-14.73718
2495596406.25,-14.73509
2495596562.5,-14.73119
2495596718.75,-14.72954
2495596875.0,-14.72649
2495597031.25,-14.72285
2495597187.5,-14.72025
2495597343.75,-14.71773
2495597500.0,-14.716
2495597656.25,-14.71406
2495597812.5,-14.7095
2495597968.75,-14.70744
2495598125.0,-14.70527
2495598281.25,-14.7023
2495598437.5,-14.69919
2495598593.75,-14.69653
2495598750.0,-14.69462
2495598906.25,-14.69137
2495599062.5,-14.6877
2495599218.75,-14.6867
2495599375.0,-14.68296
2495599531.25,-14.68085
2495599687.5,-14.67796
2495599843.75,-14.67477
2495600000.0,-14.67245
2495600156.25,-14.67026
2495600312.5,-14.66775
2495600468.75,-14.66514
2495600625.0,-14.66178
2495600781.25,-14.65924
2495600937.5,-14.65632
2495601093.75,-14.65269
2495601250.0,-14.6504
2495601406.25,-14.64736
2495601562.5,-14.64541
2495601718.75,-14.64307
2495601875.0,-14.64046
2495602031.25,-14.63773
2495602187.5,-14.6344
2495602343.75,-14.63251
2495602500.0,-14.63057
2495602656.25,-14.62597
2495602812.5,-14.62375
2495602968.75,-14.62094
2495603125.0,-14.61869
2495603281.25,-14.61526
2495603437.5,-14.61328
2495603593.75,-14.60936
2495603750.0,-14.60678
2495603906.25,-14.60593
2495604062.5,-14.60235
2495604218.75,-14.59877
2495604375.0,-14.59664
2495604531.25,-14.59414
2495604687.5,-14.59063
2495604843.75,-14.58901
2495605000.0,-14.58527
2495605156.25,-14.58244
2495605312.5,-14.57879
2495605468.75,-14.5777
2495605625.0,-14.57455
2495605781.25,-14.57127
2495605937.5,-14.56982
2495606093.75,-14.56671
2495606250.0,-14.56457
2495606406.25,-14.5596
2495606562.5,-14.55775
2495606718.75,-14.55683
2495606875.0,-14.55332
2495607031.25,-14.54852
2495607187.5,-14.54796
2495607343.75,-14.54508
2495607500.0,-14.54243
2495607656.25,-14.54058
2495607812.5,-14.5377
2495607968.75,-14.53324
2495608125.0,-14.531
2495608281.25,-14.52815
2495608437.5,-14.52571
2495608593.75,-14.52343
2495608750.0,-14.52044
2495608906.25,-14.51787
2495609062.5,-14.5153
2495609218.75,-14.51218
2495609375.0,-14.50992
2495609531.25,-14.50646
2495609687.5,-14.50373
2495609843.75,-14.49981
2495610000.0,-14.49896
2495610156.25,-14.49623
2495610312.5,-14.49223
2495610468.75,-14.49099
2495610625.0,-14.48772
2495610781.25,-14.48448
2495610937.5,-14.48149
2495611093.75,-14.47994
2495611250.0,-14.47666
2495611406.25,-14.47383
2495611562.5,-14.47124
2495611718.75,-14.46692
2495611875.0,-14.46644
2495612031.25,-14.46242
2495612187.5,-14.46011
2495612343.75,-14.45943
2495612500.0,-14.45566
2495612656.25,-14.45192
2495612812.5,-14.44955
2495612968.75,-14.4468
2495613125.0,-14.44431
2495613281.25,-14.44184
2495613437.5,-14.43788
2495613593.75,-14.43568
2495613750.0,-14.43271
2495613906.25,-14.4306
2495614062.5,-14.42579
2495614218.75,-14.42476
2495614375.0,-14.42296
2495614531.25,-14.42014
2495614687.5,-14.4154
2495614843.75,-14.41334
2495615000.0,-14.41167
2495615156.25,-14.40789
2495615312.5,-14.40583
2495615468.75,-14.40276
2495615625.0,-14.39912
2495615781.25,-14.39644
2495615937.5,-14.39402
2495616093.75,-14.39166
2495616250.0,-14.38907
2495616406.25,-14.38557
2495616562.5,-14.38354
2495616718.75,-14.38129
2495616875.0,-14.37765
2495617031.25,-14.37509
2495617187.5,-14.37262
2495617343.75,-14.36905
2495617500.0,-14.36634
2495617656.25,-14.36486
2495617812.5,-14.36045
2495617968.75,-14.35854
2495618125.0,-14.35666
2495618281.25,-14.35258
2495618437.5,-14.35006
2495618593.75,-14.34726
2495618750.0,-14.34462
2495618906.25,-14.34316
2495619062.5,-14.33883
2495619218.75,-14.3362
2495619375.0,-14.33462
2495619531.25,-14.33088
2495619687.5,-14.32793
2495619843.75,-14.32426
2495620000.0,-14.32292
2495620156.25,-14.32027
2495620312.5,-14.31812
2495620468.75,-14.31418
2495620625.0,-14.31237
2495620781.25,-14.30852
2495620937.5,-14.3061
2495621093.75,-14.30324
2495621250.0,-14.29988
2495621406.25,-14.29757
2495621562.5,-14.29477
2495621718.75,-14.29209
2495621875.0,-14.28875
2495622031.25,-14.28579
2495622187.5,-14.28362
2495622343.75,-14.28098
2495622500.0,-14.27875
2495622656.25,-14.27622
2495622812.5,-14.27296
2495622968.75,-14.27083
2495623125.0,-14.26776
2495623281.25,-14.264
2495623437.5,-14.26142
2495623593.75,-14.25797
2495623750.0,-14.25589
2495623906.25,-14.25385
2495624062.5,-14.24955
2495624218.75,-14.24786
2495624375.0,-14.24498
2495624531.25,-14.24159
2495624687.5,-14.23892
2495624843.75,-14.23707
2495625000.0,-14.23436
2495625156.25,-14.23095
2495625312.5,-14.22786
2495625468.75,-14.22489
2495625625.0,-14.22239
2495625781.25,-14.21951
2495625937.5,-14.21741
2495626093.75,-14.21466
2495626250.0,-14.21169
2495626406.25,-14.2086
2495626562.5,-14.20517
2495626718.75,-14.20368
2495626875.0,-14.20067
2495627031.25,-14.19819
2495627187.5,-14.19504
2495627343.75,-14.19124
2495627500.0,-14.18922
2495627656.25,-14.1864
2495627812.5,-14.18379
2495627968.75,-14.18027
2495628125.0,-14.17804
2495628281.25,-14.17546
2495628437.5,-14.17192
2495628593.75,-14.17062
2495628750.0,-14.16615
2495628906.25,-14.16349
2495629062.5,-14.1621
2495629218.75,-14.15894
2495629375.0,-14.15579
2495629531.25,-14.15276
2495629687.5,-14.14964
2495629843.75,-14.14742
2495630000.0,-14.14297
2495630156.25,-14.14107
2495630312.5,-14.13895
2495630468.75,-14.13703
2495630625.0,-14.13344
2495630781.25,-14.13146
2495630937.5,-14.12712
2495631093.75,-14.12472
2495631250.0,-14.12138
2495631406.25,-14.11838
2495631562.5,-14.11525
2495631718.75,-14.11351
2495631875.0,-14.11093
2495632031.25,-14.10883
2495632187.5,-14.10512
2495632343.75,-14.10277
2495632500.0,-14.09972
2495632656.25,-14.09751
2495632812.5,-14.09455
2495632968.75,-14.0913
2495633125.0,-14.08728
2495633281.25,-14.08522
2495633437.5,-14.08317
2495633593.75,-14.08088
2495633750.0,-14.07704
2495633906.25,-14.07495
2495634062.5,-14.07104
2495634218.75,-14.06881
2495634375.0,-14.06591
2495634531.25,-14.06323
2495634687.5,-14.06001
2495634843.75,-14.05708
2495635000.0,-14.05351
2495635156.25,-14.05134
2495635312.5,-14.04862
2495635468.75,-14.04599
2495635625.0,-14.04298
2495635781.25,-14.0414
2495635937.5,-14.03718
2495636093.75,-14.03524
2495636250.0,-14.03273
2495636406.25,-14.02919
2495636562.5,-14.02563
2495636718.75,-14.02328
2495636875.0,-14.02103
2495637031.25,-14.01841
2495637187.5,-14.01442
2495637343.75,-14.01211
2495637500.0,-14.00932
2495637656.25,-14.00647
2495637812.5,-14.00324
2495637968.75,-14.00041
2495638125.0,-13.99846
2495638281.25,-13.995
2495638437.5,-13.9925
2495638593.75,-13.98848
2495638750.0,-13.9873
2495638906.25,-13.98403
2495639062.5,-13.9811
2495639218.75,-13.97804
2495639375.0,-13.97552
2495639531.25,-13.97183
2495639687.5,-13.96908
2495639843.75,-13.96619
2495640000.0,-13.96433
2495640156.25,-13.96043
2495640312.5,-13.95779
2495640468.75,-13.95523
2495640625.0,-13.95199
2495640781.25,-13.94976
2495640937.5,-13.94679
2495641093.75,-13.94464
2495641250.0,-13.94062
2495641406.25,-13.93893
2495641562.5,-13.93503
2495641718.75,-13.93273
2495641875.0,-13.92962
2495642031.25,-13.92743
2495642187.5,-13.92414
2495642343.75,-13.92158
2495642500.0,-13.91791
2495642656.25,-13.91563
2495642812.5,-13.91352
2495642968.75,-13.90951
2495643125.0,-13.90642
2495643281.25,-13.9033
2495643437.5,-13.90175
2495643593.75,-13.89845
2495643750.0,-13.89613
2495643906.25,-13.89349
2495644062.5,-13.89001
2495644218.75,-13.88742
2495644375.0,-13.88447
2495644531.25,-13.88016
2495644687.5,-13.87901
2495644843.75,-13.87666
2495645000.0,-13.8732
2495645156.25,-13.86969
2495645312.5,-13.86755
2495645468.75,-13.86503
2495645625.0,-13.86058
2495645781.25,-13.8586
2495645937.5,-13.85541
2495646093.75,-13.8542
2495646250.0,-13.85026
2495646406.25,-13.84736
2495646562.5,-13.84466
2495646718.75,-13.84038
2495646875.0,-13.83839
2495647031.25,-13.83545
2495647187.5,-13.83264
2495647343.75,-13.83008
2495647500.0,-13.82725
2495647656.25,-13.8246
2495647812.5,-13.82246
2495647968.75,-13.81904
2495648125.0,-13.81569
2495648281.25,-13.81249
2495648437.5,-13.81016
2495648593.75,-13.80768
2495648750.0,-13.80491
2495648906.25,-13.80195
2495649062.5,-13.79829
2495649218.75,-13.7956
2495649375.0,-13.7924
2495649531.25,-13.78966
2495649687.5,-13.78726
2495649843.75,-13.78383
2495650000.0,-13.78165
2495650156.25,-13.77824
2495650312.5,-13.77633
2495650468.75,-13.77336
2495650625.0,-13.76953
2495650781.25,-13.76746
2495650937.5,-13.76396
2495651093.75,-13.76148
2495651250.0,-13.75815
2495651406.25,-13.7552
2495651562.5,-13.75205
2495651718.75,-13.74941
2495651875.0,-13.74657
2495652031.25,-13.74454
2495652187.5,-13.74018
2495652343.75,-13.73774
2495652500.0,-13.7344
2495652656.25,-13.73266
2495652812.5,-13.73002
2495652968.75,-13.72666
2495653125.0,-13.72385
2495653281.25,-13.72076
2495653437.5,-13.71844
2495653593.75,-13.71431
2495653750.0,-13.71237
2495653906.25,-13.71001
2495654062.5,-13.70691
2495654218.75,-13.70326
2495654375.0,-13.70062
2495654531.25,-13.69704
2495654687.5,-13.69498
2495654843.75,-13.69305
2495655000.0,-13.68962
2495655156.25,-13.68608
2495655312.5,-13.68325
2495655468.75,-13.68107
2495655625.0,-13.67754
2495655781.25,-13.67475
2495655937.5,-13.6716
2495656093.75,-13.66833
2495656250.0,-13.66648
2495656406.25,-13.66133
2495656562.5,-13.66014
2495656718.75,-13.65808
2495656875.0,-13.65421
2495657031.25,-13.65191
2495657187.5,-13.64941
2495657343.75,-13.64633
2495657500.0,-13.64303
2495657656.25,-13.64013
2495657812.5,-13.63684
2495657968.75,-13.63407
2495658125.0,-13.6309
2495658281.25,-13.62831
2495658437.5,-13.6257
2495658593.75,-13.6225
2495658750.0,-13.62077
2495658906.25,-13.61672
2495659062.5,-13.61373
2495659218.75,-13.61134
2495659375.0,-13.60828
2495659531.25,-13.60607
2495659687.5,-13.60252
2495659843.75,-13.59967
2495660000.0,-13.59772
2495660156.25,-13.59452
2495660312.5,-13.59106
2495660468.75,-13.58884
2495660625.0,-13.58464
2495660781.25,-13.58171
2495660937.5,-13.57884
2495661093.75,-13.57548
2495661250.0,-13.57456
2495661406.25,-13.57045
2495661562.5,-13.56772
2495661718.75,-13.56454
2495661875.0,-13.56166
2495662031.25,-13.55893
2495662187.5,-13.55632
2495662343.75,-13.55293
2495662500.0,-13.55015
2495662656.25,-13.54768
2495662812.5,-13.54428
2495662968.75,-13.54036
2495663125.0,-13.53823
2495663281.25,-13.53503
2495663437.5,-13.53286
2495663593.75,-13.52896
2495663750.0,-13.52709
2495663906.25,-13.52387
2495664062.5,-13.52139
2495664218.75,-13.51786
2495664375.0,-13.51507
2495664531.25,-13.51135
2495664687.5,-13.50985
2495664843.75,-13.50583
2495665000.0,-13.50361
2495665156.25,-13.5019
2495665312.5,-13.49793
2495665468.75,-13.49458
2495665625.0,-13.49196
2495665781.25,-13.48874
2495665937.5,-13.48601
2495666093.75,-13.48444
2495666250.0,-13.47912
2495666406.25,-13.47694
2495666562.5,-13.47409
2495666718.75,-13.47232
2495666875.0,-13.46746
2495667031.25,-13.46466
2495667187.5,-13.46217
2495667343.75,-13.46053
2495667500.0,-13.45618
2495667656.25,-13.45358
2495667812.5,-13.45083
2495667968.75,-13.44797
2495668125.0,-13.44433
2495668281.25,-13.44176
2495668437.5,-13.43962
2495668593.75,-13.43709
2495668750.0,-13.43336
2495668906.25,-13.43002
2495669062.5,-13.42642
2495669218.75,-13.42369
2495669375.0,-13.42115
2495669531.25,-13.41869
2495669687.5,-13.4153
2495669843.75,-13.41256
2495670000.0,-13.41016
2495670156.25,-13.40649
2495670312.5,-13.40322
2495670468.75,-13.40057
2495670625.0,-13.39655
2495670781.25,-13.39453
2495670937.5,-13.39168
2495671093.75,-13.3891
2495671250.0,-13.38556
2495671406.25,-13.38338
2495671562.5,-13.37993
2495671718.75,-13.37745
2495671875.0,-13.37407
2495672031.25,-13.37133
2495672187.5,-13.36889
2495672343.75,-13.36609
2495672500.0,-13.36221
2495672656.25,-13.35849
2495672812.5,-13.3572
2495672968.75,-13.35355
2495673125.0,-13.35055
2495673281.25,-13.34719
2495673437.5,-13.34528
2495673593.75,-13.34206
2495673750.0,-13.33994
2495673906.25,-13.33552
2495674062.5,-13.33371
2495674218.75,-13.33006
2495674375.0,-13.32786
2495674531.25,-13.32489
2495674687.5,-13.32025
2495674843.75,-13.31859
2495675000.0,-13.31646
2495675156.25,-13.31254
2495675312.5,-13.30939
2495675468.75,-13.30703
2495675625.0,-13.30393
2495675781.25,-13.2995
2495675937.5,-13.29821
2495676093.75,-13.29552
2495676250.0,-13.29231
2495676406.25,-13.28811
2495676562.5,-13.28525
2495676718.75,-13.28332
2495676875.0,-13.28032
2495677031.25,-13.2775
2495677187.5,-13.27361
2495677343.75,-13.27196
2495677500.0,-13.26752
2495677656.25,-13.2661
2495677812.5,-13.26165
2495677968.75,-13.25903
2495678125.0,-13.25712
2495678281.25,-13.25338
2495678437.5,-13.25015
2495678593.75,-13.2472
2495678750.0,-13.24528
2495678906.25,-13.24299
2495679062.5,-13.23836
2495679218.75,-13.23503
2495679375.0,-13.23223
2495679531.25,-13.22924
2495679687.5,-13.22674
2495679843.75,-13.22268
2495680000.0,-13.2202
2495680156.25,-13.21761
2495680312.5,-13.21364
2495680468.75,-13.21313
2495680625.0,-13.20933
2495680781.25,-13.2066
2495680937.5,-13.20311
2495681093.75,-13.20034
2495681250.0,-13.19639
2495681406.25,-13.19463
2495681562.5,-13.1915
2495681718.75,-13.18826
2495681875.0,-13.18486
2495682031.25,-13.18263
2495682187.5,-13.17875
2495682343.75,-13.17675
2495682500.0,-13.17283
2495682656.25,-13.17016
2495682812.5,-13.16727
2495682968.75,-13.16468
2495683125.0,-13.16094
2495683281.25,-13.15728
2495683437.5,-13.15508
2495683593.75,-13.15246
2495683750.0,-13.14934
2495683906.25,-13.14604
2495684062.5,-13.14324
2495684218.75,-13.14026
2495684375.0,-13.13792
2495684531.25,-13.1351
2495684687.5,-13.13074
2495684843.75,-13.12862
2495685000.0,-13.12563
2495685156.25,-13.12199
2495685312.5,-13.12004
2495685468.75,-13.11664
2495685625.0,-13.11332
2495685781.25,-13.11023
2495685937.5,-13.1078
2495686093.75,-13.10557
2495686250.0,-13.10164
2495686406.25,-13.09795
2495686562.5,-13.09667
2495686718.75,-13.09315
2495686875.0,-13.08923
2495687031.25,-13.0859
2495687187.5,-13.08403
2495687343.75,-13.08048
2495687500.0,-13.07763
2495687656.25,-13.07392
2495687812.5,-13.07119
2495687968.75,-13.06863
2495688125.0,-13.06646
2495688281.25,-13.06404
2495688437.5,-13.05999
2495688593.75,-13.05688
2495688750.0,-13.05354
2495688906.25,-13.0501
2495689062.5,-13.04713
2495689218.75,-13.0444
2495689375.0,-13.04211
2495689531.25,-13.03966
2495689687.5,-13.03594
2495689843.75,-13.03255
2495690000.0,-13.03027
2495690156.25,-13.02702
2495690312.5,-13.02402
2495690468.75,-13.0205
2495690625.0,-13.0175
2495690781.25,-13.01453
2495690937.5,-13.0122
2495691093.75,-13.00752
2495691250.0,-13.00627
2495691406.25,-13.0021
2495691562.5,-12.99959
2495691718.75,-12.99754
2495691875.0,-12.99503
2495692031.25,-12.99076
2495692187.5,-12.98836
2495692343.75,-12.98551
2495692500.0,-12.98049
2495692656.25,-12.97878
2495692812.5,-12.97587
2495692968.75,-12.97248
2495693125.0,-12.96986
2495693281.25,-12.96705
2495693437.5,-12.96524
2495693593.75,-12.96001
2495693750.0,-12.95787
2495693906.25,-12.95468
2495694062.5,-12.95245
2495694218.75,-12.94909
2495694375.0,-12.94476
2495694531.25,-12.9429
2495694687.5,-12.94072
2495694843.75,-12.93657
2495695000.0,-12.93391
2495695156.25,-12.9308
2495695312.5,-12.92804
2495695468.75,-12.92487
2495695625.0,-12.9218
2495695781.25,-12.91852
2495695937.5,-12.91509
2495696093.75,-12.91278
2495696250.0,-12.91016
2495696406.25,-12.9072
2495696562.5,-12.90386
2495696718.75,-12.90073
2495696875.0,-12.89683
2495697031.25,-12.895
2495697187.5,-12.89222
2495697343.75,-12.88807
2495697500.0,-12.885
2495697656.25,-12.88272
2495697812.5,-12.87993
2495697968.75,-12.87575
2495698125.0,-12.87266
2495698281.25,-12.87092
2495698437.5,-12.86781
2495698593.75,-12.86465
2495698750.0,-12.86065
2495698906.25,-12.85887
2495699062.5,-12.85536
2495699218.75,-12.85147
2495699375.0,-12.84908
2495699531.25,-12.84595
2495699687.5,-12.84334
2495699843.75,-12.8396
2495700000.0,-12.83701
2495700156.25,-12.83408
2495700312.5,-12.83131
2495700468.75,-12.82902
2495700625.0,-12.82506
2495700781.25,-12.82175
2495700937.5,-12.81986
2495701093.75,-12.81553
2495701250.0,-12.81358
2495701406.25,-12.80965
2495701562.5,-12.80747
2495701718.75,-12.80323
2495701875.0,-12.8009
2495702031.25,-12.79794
2495702187.5,-12.79438
2495702343.75,-12.79181
2495702500.0,-12.78807
2495702656.25,-12.78653
2495702812.5,-12.78226
2495702968.75,-12.77911
2495703125.0,-12.77662
2495703281.25,-12.77349
2495703437.5,-12.77091
2495703593.75,-12.76769
2495703750.0,-12.76394
2495703906.25,-12.76181
2495704062.5,-12.75833
2495704218.75,-12.75548
2495704375.0,-12.75263
2495704531.25,-12.74875
2495704687.5,-12.74702
2495704843.75,-12.74332
2495705000.0,-12.74104
2495705156.25,-12.73822
2495705312.5,-12.73388
2495705468.75,-12.73169
2495705625.0,-12.72815
2495705781.25,-12.72542
2495705937.5,-12.72239
2495706093.75,-12.71806
2495706250.0,-12.71575
2495706406.25,-12.71289
2495706562.5,-12.71024
2495706718.75,-12.70601
2495706875.0,-12.70383
2495707031.25,-12.7002
2495707187.5,-12.69826
2495707343.75,-12.69433
2495707500.0,-12.69201
2495707656.25,-12.68844
2495707812.5,-12.68439
2495707968.75,-12.68243
2495708125.0,-12.67904
2495708281.25,-12.67696
2495708437.5,-12.67267
2495708593.75,-12.66974
2495708750.0,-12.6659
2495708906.25,-12.66434
2495709062.5,-12.66087
2495709218.75,-12.65828
2495709375.0,-12.65602
2495709531.25,-12.65157
2495709687.5,-12.64852
2495709843.75,-12.64536
2495710000.0,-12.64281
2495710156.25,-12.64025
2495710312.5,-12.63737
2495710468.75,-12.63455
2495710625.0,-12.63085
2495710781.25,-12.62756
2495710937.5,-12.62477
2495711093.75,-12.62132
2495711250.0,-12.61815
2495711406.25,-12.61491
2495711562.5,-12.612
2495711718.75,-12.60982
2495711875.0,-12.60717
2495712031.25,-12.603
2495712187.5,-12.60099
2495712343.75,-12.59737
2495712500.0,-12.59382
2495712656.25,-12.5917
2495712812.5,-12.58904
2495712968.75,-12.58452
2495713125.0,-12.58171
2495713281.25,-12.57894
2495713437.5,-12.5758
2495713593.75,-12.5718
2495713750.0,-12.56953
2495713906.25,-12.56538
2495714062.5,-12.56341
2495714218.75,-12.5612
2495714375.0,-12.55701
2495714531.25,-12.55347
2495714687.5,-12.55103
2495714843.75,-12.54762
2495715000.0,-12.54537
2495715156.25,-12.54241
2495715312.5,-12.53905
2495715468.75,-12.53652
2495715625.0,-12.5321
2495715781.25,-12.52964
2495715937.5,-12.52689
2495716093.75,-12.52349
2495716250.0,-12.52118
2495716406.25,-12.51833
2495716562.5,-12.51537
2495716718.75,-12.51102
2495716875.0,-12.50868
2495717031.25,-12.5063
2495717187.5,-12.50226
2495717343.75,-12.49884
2495717500.0,-12.49607
2495717656.25,-12.49304
2495717812.5,-12.49047
2495717968.75,-12.48756
2495718125.0,-12.48355
2495718281.25,-12.48051
2495718437.5,-12.47834
2495718593.75,-12.4748
2495718750.0,-12.47143
2495718906.25,-12.46778
2495719062.5,-12.46489
2495719218.75,-12.46266
2495719375.0,-12.45939
2495719531.25,-12.45676
2495719687.5,-12.45306
2495719843.75,-12.45014
2495720000.0,-12.44699
2495720156.25,-12.44384
2495720312.5,-12.44097
2495720468.75,-12.43851
2495720625.0,-12.43536
2495720781.25,-12.43242
2495720937.5,-12.42911
2495721093.75,-12.42662
2495721250.0,-12.42359
2495721406.25,-12.41946
2495721562.5,-12.41641
2495721718.75,-12.41299
2495721875.0,-12.41126
2495722031.25,-12.40745
2495722187.5,-12.40418
2495722343.75,-12.40037
2495722500.0,-12.39816
2495722656.25,-12.39479
2495722812.5,-12.39174
2495722968.75,-12.38879
2495723125.0,-12.38551
2495723281.25,-12.38326
2495723437.5,-12.37871
2495723593.75,-12.37689
2495723750.0,-12.37385
2495723906.25,-12.37173
2495724062.5,-12.36663
2495724218.75,-12.36468
2495724375.0,-12.36084
2495724531.25,-12.3586
2495724687.5,-12.35506
2495724843.75,-12.35181
2495725000.0,-12.34854
2495725156.25,-12.34597
2495725312.5,-12.34291
2495725468.75,-12.3387
2495725625.0,-12.33642
2495725781.25,-12.33369
2495725937.5,-12.33019
2495726093.75,-12.3267
2495726250.0,-12.32413
2495726406.25,-12.32089
2495726562.5,-12.31705
2495726718.75,-12.31462
2495726875.0,-12.31148
2495727031.25,-12.3075
2495727187.5,-12.30597
2495727343.75,-12.3033
2495727500.0,-12.29885
2495727656.25,-12.29613
2495727812.5,-12.29285
2495727968.75,-12.28933
2495728125.0,-12.28743
2495728281.25,-12.2829
2495728437.5,-12.28009
2495728593.75,-12.27745
2495728750.0,-12.27421
2495728906.25,-12.27111
2495729062.5,-12.26864
2495729218.75,-12.26649
2495729375.0,-12.26263
2495729531.25,-12.25849
2495729687.5,-12.25637
2495729843.75,-12.25312
2495730000.0,-12.25023
2495730156.25,-12.24738
2495730312.5,-12.24396
2495730468.75,-12.24118
2495730625.0,-12.23736
2495730781.25,-12.23516
2495730937.5,-12.2316
2495731093.75,-12.22833
2495731250.0,-12.22499
2495731406.25,-12.22256
2495731562.5,-12.21916
2495731718.75,-12.21533
2495731875.0,-12.21285
2495732031.25,-12.21032
2495732187.5,-12.20669
2495732343.75,-12.20357
2495732500.0,-12.20158
2495732656.25,-12.19737
2495732812.5,-12.19461
2495732968.75,-12.19139
2495733125.0,-12.18935
2495733281.25,-12.18623
2495733437.5,-12.18154
2495733593.75,-12.17845
2495733750.0,-12.1762
2495733906.25,-12.17312
2495734062.5,-12.1698
2495734218.75,-12.16659
2495734375.0,-12.1637
2495734531.25,-12.16063
2495734687.5,-12.15752
2495734843.75,-12.15437
2495735000.0,-12.15077
2495735156.25,-12.14855
2495735312.5,-12.14539
2495735468.75,-12.14126
2495735625.0,-12.13859
2495735781.25,-12.13638
2495735937.5,-12.13302
2495736093.75,-12.12955
2495736250.0,-12.12513
2495736406.25,-12.12278
2495736562.5,-12.12035
2495736718.75,-12.11783
2495736875.0,-12.114
2495737031.25,-12.1122
2495737187.5,-12.10708
2495737343.75,-12.10548
2495737500.0,-12.1006
2495737656.25,-12.09864
2495737812.5,-12.09592
2495737968.75,-12.09269
2495738125.0,-12.089
2495738281.25,-12.0873
2495738437.5,-12.08312
2495738593.75,-12.07993
2495738750.0,-12.07667
2495738906.25,-12.07332
2495739062.5,-12.06972
2495739218.75,-12.06709
2495739375.0,-12.06472
2495739531.25,-12.06209
2495739687.5,-12.05784
2495739843.75,-12.05443
2495740000.0,-12.0518
2495740156.25,-12.04967
2495740312.5,-12.04564
2495740468.75,-12.04265
2495740625.0,-12.03973
2495740781.25,-12.03639
2495740937.5,-12.03291
2495741093.75,-12.03058
2495741250.0,-12.02737
2495741406.25,-12.02442
2495741562.5,-12.02038
2495741718.75,-12.01778
2495741875.0,-12.01466
2495742031.25,-12.01234
2495742187.5,-12.00858
2495742343.75,-12.00433
2495742500.0,-12.00232
2495742656.25,-11.99952
2495742812.5,-11.99598
2495742968.75,-11.9926
2495743125.0,-11.99014
2495743281.25,-11.9863
2495743437.5,-11.9834
2495743593.75,-11.98
2495743750.0,-11.97788
2495743906.25,-11.97422
2495744062.5,-11.97179
2495744218.75,-11.96691
2495744375.0,-11.96456
2495744531.25,-11.9623
2495744687.5,-11.95882
2495744843.75,-11.95512
2495745000.0,-11.95282
2495745156.25,-11.94959
2495745312.5,-11.94634
2495745468.75,-11.94463
2495745625.0,-11.93967
2495745781.25,-11.9374
2495745937.5,-11.93326
2495746093.75,-11.9304
2495746250.0,-11.92742
2495746406.25,-11.92556
2495746562.5,-11.9211
2495746718.75,-11.91854
2495746875.0,-11.9156
2495747031.25,-11.91239
2495747187.5,-11.90984
2495747343.75,-11.90566
2495747500.0,-11.90271
2495747656.25,-11.89968
2495747812.5,-11.89635
2495747968.75,-11.89357
2495748125.0,-11.88993
2495748281.25,-11.88729
2495748437.5,-11.88428
2495748593.75,-11.88049
2495748750.0,-11.87759
2495748906.25,-11.87501
2495749062.5,-11.87113
2495749218.75,-11.8688
2495749375.0,-11.8653
2495749531.25,-11.86209
2495749687.5,-11.85892
2495749843.75,-11.85652
2495750000.0,-11.85293
2495750156.25,-11.84985
2495750312.5,-11.84658
2495750468.75,-11.84418
2495750625.0,-11.84123
2495750781.25,-11.83674
2495750937.5,-11.8338
2495751093.75,-11.83029
2495751250.0,-11.82812
2495751406.25,-11.82441
2495751562.5,-11.82192
2495751718.75,-11.81835
2495751875.0,-11.81592
2495752031.25,-11.81244
2495752187.5,-11.80968
2495752343.75,-11.80663
2495752500.0,-11.80353
2495752656.25,-11.79949
2495752812.5,-11.79663
2495752968.75,-11.7934
2495753125.0,-11.79078
2495753281.25,-11.78771
2495753437.5,-11.78488
2495753593.75,-11.78256
2495753750.0,-11.77917
2495753906.25,-11.77582
2495754062.5,-11.77235
2495754218.75,-11.76908
2495754375.0,-11.76583
2495754531.25,-11.76249
2495754687.5,-11.76025
2495754843.75,-11.75699
2495755000.0,-11.75352
2495755156.25,-11.75065
2495755312.5,-11.74644
2495755468.75,-11.74409
2495755625.0,-11.74133
2495755781.25,-11.7377
2495755937.5,-11.7353
2495756093.75,-11.73267
2495756250.0,-11.72822
2495756406.25,-11.72618
2495756562.5,-11.72247
2495756718.75,-11.71948
2495756875.0,-11.71632
2495757031.25,-11.71298
2495757187.5,-11.70978
2495757343.75,-11.70834
2495757500.0,-11.70363
2495757656.25,-11.7015
2495757812.5,-11.69864
2495757968.75,-11.69481
2495758125.0,-11.6913
2495758281.25,-11.68711
2495758437.5,-11.68526
2495758593.75,-11.68231
2495758750.0,-11.67936
2495758906.25,-11.67646
2495759062.5,-11.67264
2495759218.75,-11.67015
2495759375.0,-11.66629
2495759531.25,-11.66297
2495759687.5,-11.66027
2495759843.75,-11.6576
2495760000.0,-11.65417
2495760156.25,-11.65023
2495760312.5,-11.64798
2495760468.75,-11.64452
2495760625.0,-11.64119
2495760781.25,-11.6386
2495760937.5,-11.63624
2495761093.75,-11.63248
2495761250.0,-11.62969
2495761406.25,-11.6257
2495761562.5,-11.62252
2495761718.75,-11.61926
2495761875.0,-11.61665
2495762031.25,-11.61345
2495762187.5,-11.6103
2495762343.75,-11.60745
2495762500.0,-11.60476
2495762656.25,-11.60092
2495762812.5,-11.59802
2495762968.75,-11.59519
2495763125.0,-11.59229
2495763281.25,-11.58919
2495763437.5,-11.58605
2495763593.75,-11.58324
2495763750.0,-11.57943
2495763906.25,-11.57574
2495764062.5,-11.57314
2495764218.75,-11.57068
2495764375.0,-11.56737
2495764531.25,-11.56459
2495764687.5,-11.56122
2495764843.75,-11.55765
2495765000.0,-11.55417
2495765156.25,-11.55059
2495765312.5,-11.54879
2495765468.75,-11.54469
2495765625.0,-11.54271
2495765781.25,-11.53916
2495765937.5,-11.53601
2495766093.75,-11.53288
2495766250.0,-11.52894
2495766406.25,-11.52563
2495766562.5,-11.52265
2495766718.75,-11.5204
2495766875.0,-11.51672
2495767031.25,-11.51449
2495767187.5,-11.51109
2495767343.75,-11.50675
2495767500.0,-11.50458
2495767656.25,-11.50268
2495767812.5,-11.49884
2495767968.75,-11.49608
2495768125.0,-11.49237
2495768281.25,-11.48912
2495768437.5,-11.48633
2495768593.75,-11.48307
2495768750.0,-11.47982
2495768906.25,-11.47626
2495769062.5,-11.47334
2495769218.75,-11.47032
2495769375.0,-11.46672
2495769531.25,-11.46371
2495769687.5,-11.46159
2495769843.75,-11.45811
2495770000.0,-11.45446
2495770156.25,-11.4516
2495770312.5,-11.44851
2495770468.75,-11.44597
2495770625.0,-11.44298
2495770781.25,-11.44033
2495770937.5,-11.43663
2495771093.75,-11.43305
2495771250.0,-11.42999
2495771406.25,-11.42689
2495771562.5,-11.42396
2495771718.75,-11.42032
2495771875.0,-11.41805
2495772031.25,-11.41465
2495772187.5,-11.41189
2495772343.75,-11.40856
2495772500.0,-11.40606
2495772656.25,-11.40293
2495772812.5,-11.39825
2495772968.75,-11.39633
2495773125.0,-11.39336
2495773281.25,-11.38972
2495773437.5,-11.38708
2495773593.75,-11.38338
2495773750.0,-11.37983
2495773906.25,-11.37659
2495774062.5,-11.37388
2495774218.75,-11.37151
2495774375.0,-11.3679
2495774531.25,-11.36552
2495774687.5,-11.36179
2495774843.75,-11.35916
2495775000.0,-11.3555
2495775156.25,-11.35288
2495775312.5,-11.34935
2495775468.75,-11.3463
2495775625.0,-11.34296
2495775781.25,-11.3393
2495775937.5,-11.33612
2495776093.75,-11.33357
2495776250.0,-11.33019
2495776406.25,-11.32723
2495776562.5,-11.32444
2495776718.75,-11.32182
2495776875.0,-11.31883
2495777031.25,-11.31504
2495777187.5,-11.31218
2495777343.75,-11.30915
2495777500.0,-11.30524
2495777656.25,-11.30298
2495777812.5,-11.30009
2495777968.75,-11.29695
2495778125.0,-11.29366
2495778281.25,-11.29122
2495778437.5,-11.28875
2495778593.75,-11.28397
2495778750.0,-11.28076
2495778906.25,-11.27968
2495779062.5,-11.27514
2495779218.75,-11.27263
2495779375.0,-11.26826
2495779531.25,-11.26551
2495779687.5,-11.26284
2495779843.75,-11.26022
2495780000.0,-11.25634
2495780156.25,-11.25292
2495780312.5,-11.24916
2495780468.75,-11.24628
2495780625.0,-11.24321
2495780781.25,-11.24082
2495780937.5,-11.23795
2495781093.75,-11.23532
2495781250.0,-11.23134
2495781406.25,-11.2291
2495781562.5,-11.22558
2495781718.75,-11.22176
2495781875.0,-11.21906
2495782031.25,-11.21568
2495782187.5,-11.21219
2495782343.75,-11.21044
2495782500.0,-11.20632
2495782656.25,-11.20442
2495782812.5,-11.20096
2495782968.75,-11.19831
2495783125.0,-11.19435
2495783281.25,-11.19086
2495783437.5,-11.1889
2495783593.75,-11.18531
2495783750.0,-11.18224
2495783906.25,-11.17985
2495784062.5,-11.17607
2495784218.75,-11.1729
2495784375.0,-11.16999
2495784531.25,-11.16675
2495784687.5,-11.16355
2495784843.75,-11.16024
2495785000.0,-11.15759
2495785156.25,-11.15462
2495785312.5,-11.15078
2495785468.75,-11.14833
2495785625.0,-11.1455
2495785781.25,-11.14125
2495785937.5,-11.13855
2495786093.75,-11.13589
2495786250.0,-11.13269
2495786406.25,-11.12983
2495786562.5,-11.12574
2495786718.75,-11.12259
2495786875.0,-11.12062
2495787031.25,-11.11681
2495787187.5,-11.11448
2495787343.75,-11.11049
2495787500.0,-11.10742
2495787656.25,-11.10551
2495787812.5,-11.10103
2495787968.75,-11.09944
2495788125.0,-11.09558
2495788281.25,-11.09258
2495788437.5,-11.0907
2495788593.75,-11.08576
2495788750.0,-11.08335
2495788906.25,-11.07979
2495789062.5,-11.07723
2495789218.75,-11.07324
2495789375.0,-11.07076
2495789531.25,-11.06801
2495789687.5,-11.06498
2495789843.75,-11.06131
2495790000.0,-11.05761
2495790156.25,-11.05507
2495790312.5,-11.05275
2495790468.75,-11.0491
2495790625.0,-11.04599
2495790781.25,-11.04254
2495790937.5,-11.04062
2495791093.75,-11.03741
2495791250.0,-11.03452
2495791406.25,-11.03035
2495791562.5,-11.02812
2495791718.75,-11.02408
2495791875.0,-11.0218
2495792031.25,-11.01843
2495792187.5,-11.01598
2495792343.75,-11.01261
2495792500.0,-11.00927
2495792656.25,-11.00562
2495792812.5,-11.00349
2495792968.75,-11.00015
2495793125.0,-10.99766
2495793281.25,-10.9945
2495793437.5,-10.99085
2495793593.75,-10.98693
2495793750.0,-10.98516
2495793906.25,-10.98255
2495794062.5,-10.97904
2495794218.75,-10.97524
2495794375.0,-10.9727
2495794531.25,-10.96916
2495794687.5,-10.96674
2495794843.75,-10.964
2495795000.0,-10.96041
2495795156.25,-10.95875
2495795312.5,-10.95465
2495795468.75,-10.95168
2495795625.0,-10.94902
2495795781.25,-10.94514
2495795937.5,-10.94256
2495796093.75,-10.93878
2495796250.0,-10.93536
2495796406.25,-10.9327
2495796562.5,-10.92924
2495796718.75,-10.92652
2495796875.0,-10.92358
2495797031.25,-10.9208
2495797187.5,-10.91796
2495797343.75,-10.91513
2495797500.0,-10.91177
2495797656.25,-10.90877
2495797812.5,-10.90535
2495797968.75,-10.90254
2495798125.0,-10.89972
2495798281.25,-10.89562
2495798437.5,-10.89307
2495798593.75,-10.88979
2495798750.0,-10.88691
2495798906.25,-10.88393
2495799062.5,-10.88065
2495799218.75,-10.87799
2495799375.0,-10.87451
2495799531.25,-10.87189
2495799687.5,-10.86862
2495799843.75,-10.86551
2495800000.0,-10.86265
2495800156.25,-10.85957
2495800312.5,-10.85654
2495800468.75,-10.85411
2495800625.0,-10.85006
2495800781.25,-10.84716
2495800937.5,-10.84412
2495801093.75,-10.84148
2495801250.0,-10.83754
2495801406.25,-10.8355
2495801562.5,-10.83226
2495801718.75,-10.8291
2495801875.0,-10.82572
2495802031.25,-10.8224
2495802187.5,-10.81923
2495802343.75,-10.816
2495802500.0,-10.81383
2495802656.25,-10.81113
2495802812.5,-10.80699
2495802968.75,-10.80466
2495803125.0,-10.80123
2495803281.25,-10.79858
2495803437.5,-10.79567
2495803593.75,-10.7929
2495803750.0,-10.78964
2495803906.25,-10.78657
2495804062.5,-10.78407
2495804218.75,-10.78009
2495804375.0,-10.77769
2495804531.25,-10.77409
2495804687.5,-10.77231
2495804843.75,-10.76906
2495805000.0,-10.76523
2495805156.25,-10.76165
2495805312.5,-10.75893
2495805468.75,-10.75611
2495805625.0,-10.75375
2495805781.25,-10.75057
2495805937.5,-10.74656
2495806093.75,-10.74327
2495806250.0,-10.74129
2495806406.25,-10.73739
2495806562.5,-10.73594
2495806718.75,-10.73166
2495806875.0,-10.72943
2495807031.25,-10.72604
2495807187.5,-10.72287
2495807343.75,-10.72018
2495807500.0,-10.71684
2495807656.25,-10.71388
2495807812.5,-10.71043
2495807968.75,-10.70776
2495808125.0,-10.70496
2495808281.25,-10.70177
2495808437.5,-10.69862
2495808593.75,-10.69577
2495808750.0,-10.69321
2495808906.25,-10.68985
2495809062.5,-10.68643
2495809218.75,-10.68424
2495809375.0,-10.68127
2495809531.25,-10.6779
2495809687.5,-10.67409
2495809843.75,-10.67217
2495810000.0,-10.66862
2495810156.25,-10.66585
2495810312.5,-10.66252
2495810468.75,-10.65951
2495810625.0,-10.65584
2495810781.25,-10.65332
2495810937.5,-10.65014
2495811093.75,-10.64857
2495811250.0,-10.64488
2495811406.25,-10.6421
2495811562.5,-10.63824
2495811718.75,-10.6352
2495811875.0,-10.63302
2495812031.25,-10.63046
2495812187.5,-10.62626
2495812343.75,-10.62358
2495812500.0,-10.62034
2495812656.25,-10.61827
2495812812.5,-10.61585
2495812968.75,-10.61206
2495813125.0,-10.60896
2495813281.25,-10.60629
2495813437.5,-10.60263
2495813593.75,-10.59979
2495813750.0,-10.59678
2495813906.25,-10.59389
2495814062.5,-10.59046
2495814218.75,-10.58732
2495814375.0,-10.58521
2495814531.25,-10.58189
2495814687.5,-10.57868
2495814843.75,-10.57565
2495815000.0,-10.57341
2495815156.25,-10.57006
2495815312.5,-10.56729
2495815468.75,-10.56424
2495815625.0,-10.56065
2495815781.25,-10.55893
2495815937.5,-10.55549
2495816093.75,-10.55157
2495816250.0,-10.54909
2495816406.25,-10.54622
2495816562.5,-10.54302
2495816718.75,-10.53955
2495816875.0,-10.53607
2495817031.25,-10.53416
2495817187.5,-10.53107
2495817343.75,-10.52889
2495817500.0,-10.52598
2495817656.25,-10.52225
2495817812.5,-10.51928
2495817968.75,-10.51589
2495818125.0,-10.51358
2495818281.25,-10.50972
2495818437.5,-10.50807
2495818593.75,-10.50506
2495818750.0,-10.50231
2495818906.25,-10.49871
2495819062.5,-10.49627
2495819218.75,-10.49334
2495819375.0,-10.48856
2495819531.25,-10.48655
2495819687.5,-10.48382
2495819843.75,-10.48038
2495820000.0,-10.478
2495820156.25,-10.47561
2495820312.5,-10.47353
2495820468.75,-10.46989
2495820625.0,-10.46571
2495820781.25,-10.46232
2495820937.5,-10.46041
2495821093.75,-10.45703
2495821250.0,-10.45499
2495821406.25,-10.45123
2495821562.5,-10.44854
2495821718.75,-10.44542
2495821875.0,-10.44265
2495822031.25,-10.43948
2495822187.5,-10.43618
2495822343.75,-10.43345
2495822500.0,-10.4315
2495822656.25,-10.42737
2495822812.5,-10.42531
2495822968.75,-10.4215
2495823125.0,-10.41883
2495823281.25,-10.41611
2495823437.5,-10.41333
2495823593.75,-10.40988
2495823750.0,-10.40728
2495823906.25,-10.40449
2495824062.5,-10.40055
2495824218.75,-10.39759
2495824375.0,-10.39511
2495824531.25,-10.39243
2495824687.5,-10.38915
2495824843.75,-10.38651
2495825000.0,-10.38372
2495825156.25,-10.37979
2495825312.5,-10.3777
2495825468.75,-10.37543
2495825625.0,-10.37335
2495825781.25,-10.36818
2495825937.5,-10.36629
2495826093.75,-10.36282
2495826250.0,-10.3602
2495826406.25,-10.35678
2495826562.5,-10.35417
2495826718.75,-10.35173
2495826875.0,-10.34795
2495827031.25,-10.34514
2495827187.5,-10.34324
2495827343.75,-10.34017
2495827500.0,-10.33669
2495827656.25,-10.33362
2495827812.5,-10.33135
2495827968.75,-10.32863
2495828125.0,-10.32523
2495828281.25,-10.3231
2495828437.5,-10.32001
2495828593.75,-10.31665
2495828750.0,-10.31363
2495828906.25,-10.31113
2495829062.5,-10.30845
2495829218.75,-10.3046
2495829375.0,-10.3018
2495829531.25,-10.29982
2495829687.5,-10.2962
2495829843.75,-10.29332
2495830000.0,-10.29119
2495830156.25,-10.28778
2495830312.5,-10.2846
2495830468.75,-10.2822
2495830625.0,-10.27922
2495830781.25,-10.27641
2495830937.5,-10.27275
2495831093.75,-10.27003
2495831250.0,-10.268
2495831406.25,-10.26432
2495831562.5,-10.26131
2495831718.75,-10.25864
2495831875.0,-10.25632
2495832031.25,-10.25346
2495832187.5,-10.24983
2495832343.75,-10.24755
2495832500.0,-10.24434
2495832656.25,-10.24117
2495832812.5,-10.23798
2495832968.75,-10.23567
2495833125.0,-10.23202
2495833281.25,-10.23077
2495833437.5,-10.22781
2495833593.75,-10.22446
2495833750.0,-10.2208
2495833906.25,-10.21903
2495834062.5,-10.21597
2495834218.75,-10.212
2495834375.0,-10.2098
2495834531.25,-10.20758
2495834687.5,-10.20431
2495834843.75,-10.20145
2495835000.0,-10.19909
2495835156.25,-10.1951
2495835312.5,-10.19254
2495835468.75,-10.18964
2495835625.0,-10.18689
2495835781.25,-10.18407
2495835937.5,-10.18131
2495836093.75,-10.17919
2495836250.0,-10.17614
2495836406.25,-10.17338
2495836562.5,-10.16986
2495836718.75,-10.1669
2495836875.0,-10.16377
2495837031.25,-10.16188
2495837187.5,-10.1591
2495837343.75,-10.15705
2495837500.0,-10.15334
2495837656.25,-10.15007
2495837812.5,-10.14796
2495837968.75,-10.14431
2495838125.0,-10.14119
2495838281.25,-10.13924
2495838437.5,-10.13674
2495838593.75,-10.1333
2495838750.0,-10.13019
2495838906.25,-10.12789
2495839062.5,-10.12488
2495839218.75,-10.12134
2495839375.0,-10.11962
2495839531.25,-10.11693
2495839687.5,-10.11475
2495839843.75,-10.11171
2495840000.0,-10.10789
2495840156.25,-10.10611
2495840312.5,-10.1021
2495840468.75,-10.09967
2495840625.0,-10.09688
2495840781.25,-10.09437
2495840937.5,-10.09107
2495841093.75,-10.08871
2495841250.0,-10.08532
2495841406.25,-10.08333
2495841562.5,-10.0799
2495841718.75,-10.07669
2495841875.0,-10.0752
2495842031.25,-10.07162
2495842187.5,-10.06785
2495842343.75,-10.066
2495842500.0,-10.06339
2495842656.25,-10.06048
2495842812.5,-10.0583
2495842968.75,-10.05467
2495843125.0,-10.05128
2495843281.25,-10.0492
2495843437.5,-10.04633
2495843593.75,-10.0427
2495843750.0,-10.04031
2495843906.25,-10.0385
2495844062.5,-10.03513
2495844218.75,-10.03317
2495844375.0,-10.03063
2495844531.25,-10.02736
2495844687.5,-10.02445
2495844843.75,-10.02143
2495845000.0,-10.01886
2495845156.25,-10.0161
2495845312.5,-10.01275
2495845468.75,-10.00969
2495845625.0,-10.00738
2495845781.25,-10.00485
2495845937.5,-10.00247
2495846093.75,-9.998959
2495846250.0,-9.996549
2495846406.25,-9.994082
2495846562.5,-9.99054
2495846718.75,-9.988246
2495846875.0,-9.985595
2495847031.25,-9.983195
2495847187.5,-9.979536
2495847343.75,-9.97799
2495847500.0,-9.974419
2495847656.25,-9.971465
2495847812.5,-9.969322
2495847968.75,-9.965868
2495848125.0,-9.963051
2495848281.25,-9.961374
2495848437.5,-9.95814
2495848593.75,-9.954718
2495848750.0,-9.95246
2495848906.25,-9.950074
2495849062.5,-9.947369
2495849218.75,-9.944692
2495849375.0,-9.94244
2495849531.25,-9.939295
2495849687.5,-9.936254
2495849843.75,-9.93358
2495850000.0,-9.931432
2495850156.25,-9.928715
2495850312.5,-9.925465
2495850468.75,-9.922832
2495850625.0,-9.92012
2495850781.25,-9.917004
2495850937.5,-9.914733
2495851093.75,-9.911869
2495851250.0,-9.909106
2495851406.25,-9.906735
2495851562.5,-9.904244
2495851718.75,-9.900229
2495851875.0,-9.898174
2495852031.25,-9.895581
2495852187.5,-9.893281
2495852343.75,-9.890569
2495852500.0,-9.886765
2495852656.25,-9.884895
2495852812.5,-9.882351
2495852968.75,-9.87946
2495853125.0,-9.876987
2495853281.25,-9.873899
2495853437.5,-9.871531
2495853593.75,-9.868681
2495853750.0,-9.86571
2495853906.25,-9.863543
2495854062.5,-9.861
2495854218.75,-9.857825
2495854375.0,-9.855259
2495854531.25,-9.852389
2495854687.5,-9.850274
2495854843.75,-9.84702
2495855000.0,-9.844956
2495855156.25,-9.842219
2495855312.5,-9.839425
2495855468.75,-9.836413
2495855625.0,-9.83357
2495855781.25,-9.830885
2495855937.5,-9.827747
2495856093.75,-9.825802
2495856250.0,-9.82333
2495856406.25,-9.820608
2495856562.5,-9.817733
2495856718.75,-9.815435
2495856875.0,-9.813088
2495857031.25,-9.810924
2495857187.5,-9.808012
2495857343.75,-9.80532
2495857500.0,-9.80244
2495857656.25,-9.800027
2495857812.5,-9.797436
2495857968.75,-9.794427
2495858125.0,-9.791774
2495858281.25,-9.789204
2495858437.5,-9.786766
2495858593.75,-9.783138
2495858750.0,-9.781643
2495858906.25,-9.778301
2495859062.5,-9.77592
2495859218.75,-9.773046
2495859375.0,-9.771372
2495859531.25,-9.769383
2495859687.5,-9.765676
2495859843.75,-9.76347
2495860000.0,-9.760077
2495860156.25,-9.758434
2495860312.5,-9.755397
2495860468.75,-9.752683
2495860625.0,-9.750174
2495860781.25,-9.747434
2495860937.5,-9.745142
2495861093.75,-9.742499
2495861250.0,-9.739301
2495861406.25,-9.73724
2495861562.5,-9.733656
2495861718.75,-9.731603
2495861875.0,-9.729709
2495862031.25,-9.726644
2495862187.5,-9.72389
2495862343.75,-9.721462
2495862500.0,-9.719313
2495862656.25,-9.716643
2495862812.5,-9.713765
2495862968.75,-9.711017
2495863125.0,-9.708865
2495863281.25,-9.706069
2495863437.5,-9.703333
2495863593.75,-9.700517
2495863750.0,-9.697989
2495863906.25,-9.695819
2495864062.5,-9.693789
2495864218.75,-9.690033
2495864375.0,-9.688488
2495864531.25,-9.686213
2495864687.5,-9.682158
2495864843.75,-9.680253
2495865000.0,-9.677629
2495865156.25,-9.675407
2495865312.5,-9.671584
2495865468.75,-9.669928
2495865625.0,-9.667251
2495865781.25,-9.665219
2495865937.5,-9.662173
2495866093.75,-9.659574
2495866250.0,-9.65769
2495866406.25,-9.654492
2495866562.5,-9.651928
2495866718.75,-9.650212
2495866875.0,-9.648065
2495867031.25,-9.644568
2495867187.5,-9.642693
2495867343.75,-9.639724
2495867500.0,-9.637855
2495867656.25,-9.634414
2495867812.5,-9.632071
2495867968.75,-9.63047
2495868125.0,-9.627165
2495868281.25,-9.624567
2495868437.5,-9.622536
2495868593.75,-9.619225
2495868750.0,-9.617451
2495868906.25,-9.614468
2495869062.5,-9.612442
2495869218.75,-9.609932
2495869375.0,-9.607224
2495869531.25,-9.605488
2495869687.5,-9.602201
2495869843.75,-9.600644
2495870000.0,-9.598059
2495870156.25,-9.594358
2495870312.5,-9.592252
2495870468.75,-9.589828
2495870625.0,-9.58753
2495870781.25,-9.585329
2495870937.5,-9.58252
2495871093.75,-9.580749
2495871250.0,-9.578366
2495871406.25,-9.575076
2495871562.5,-9.572775
2495871718.75,-9.570962
2495871875.0,-9.568289
2495872031.25,-9.566062
2495872187.5,-9.562973
2495872343.75,-9.561422
2495872500.0,-9.557917
2495872656.25,-9.555126
2495872812.5,-9.553175
2495872968.75,-9.551363
2495873125.0,-9.548935
2495873281.25,-9.545824
2495873437.5,-9.543527
2495873593.75,-9.5408
2495873750.0,-9.538798
2495873906.25,-9.53599
2495874062.5,-9.533966
2495874218.75,-9.531858
2495874375.0,-9.52835
2495874531.25,-9.526398
2495874687.5,-9.524674
2495874843.75,-9.5219
2495875000.0,-9.519805
2495875156.25,-9.516696
2495875312.5,-9.515443
2495875468.75,-9.511715
2495875625.0,-9.510322
2495875781.25,-9.507328
2495875937.5,-9.504788
2495876093.75,-9.502048
2495876250.0,-9.500084
2495876406.25,-9.498334
2495876562.5,-9.495442
2495876718.75,-9.49329
2495876875.0,-9.489629
2495877031.25,-9.488234
2495877187.5,-9.48557
2495877343.75,-9.483794
2495877500.0,-9.48152
2495877656.25,-9.478329
2495877812.5,-9.475534
2495877968.75,-9.474935
2495878125.0,-9.471599
2495878281.25,-9.469251
2495878437.5,-9.46616
2495878593.75,-9.464641
2495878750.0,-9.46235
2495878906.25,-9.459815
2495879062.5,-9.457407
2495879218.75,-9.454782
2495879375.0,-9.453084
2495879531.25,-9.449706
2495879687.5,-9.44834
2495879843.75,-9.44617
2495880000.0,-9.443908
2495880156.25,-9.441841
2495880312.5,-9.438919
2495880468.75,-9.436291
2495880625.0,-9.434765
2495880781.25,-9.431607
2495880937.5,-9.430202
2495881093.75,-9.427333
2495881250.0,-9.425733
2495881406.25,-9.421861
2495881562.5,-9.420118
2495881718.75,-9.418029
2495881875.0,-9.415201
2495882031.25,-9.412427
2495882187.5,-9.411362
2495882343.75,-9.40952
2495882500.0,-9.40677
2495882656.25,-9.403551
2495882812.5,-9.401602
2495882968.75,-9.399698
2495883125.0,-9.396403
2495883281.25,-9.395049
2495883437.5,-9.39223
2495883593.75,-9.390243
2495883750.0,-9.387782
2495883906.25,-9.386382
2495884062.5,-9.383796
2495884218.75,-9.38134
2495884375.0,-9.378651
2495884531.25,-9.377041
2495884687.5,-9.374629
2495884843.75,-9.372229
2495885000.0,-9.36998
2495885156.25,-9.367615
2495885312.5,-9.365653
2495885468.75,-9.363527
2495885625.0,-9.361083
2495885781.25,-9.358984
2495885937.5,-9.357469
2495886093.75,-9.355135
2495886250.0,-9.352835
2495886406.25,-9.349825
2495886562.5,-9.348652
2495886718.75,-9.3452
2495886875.0,-9.343652
2495887031.25,-9.341919
2495887187.5,-9.338936
2495887343.75,-9.337409
2495887500.0,-9.333887
2495887656.25,-9.331721
2495887812.5,-9.330796
2495887968.75,-9.328073
2495888125.0,-9.32655
2495888281.25,-9.323165
2495888437.5,-9.321505
2495888593.75,-9.318785
2495888750.0,-9.316898
2495888906.25,-9.314451
2495889062.5,-9.312943
2495889218.75,-9.309506
2495889375.0,-9.308394
2495889531.25,-9.306003
2495889687.5,-9.303675
2495889843.75,-9.302014
2495890000.0,-9.299989
2495890156.25,-9.297057
2495890312.5,-9.294755
2495890468.75,-9.293722
2495890625.0,-9.290856
2495890781.25,-9.288667
2495890937.5,-9.286906
2495891093.75,-9.284445
2495891250.0,-9.282342
2495891406.25,-9.280378
2495891562.5,-9.278275
2495891718.75,-9.27579
2495891875.0,-9.274647
2495892031.25,-9.27165
2495892187.5,-9.269209
2495892343.75,-9.267723
2495892500.0,-9.26434
2495892656.25,-9.262881
2495892812.5,-9.260727
2495892968.75,-9.258864
2495893125.0,-9.256051
2495893281.25,-9.254686
2495893437.5,-9.252953
2495893593.75,-9.250587
2495893750.0,-9.248309
2495893906.25,-9.246305
2495894062.5,-9.244502
2495894218.75,-9.242402
2495894375.0,-9.239249
2495894531.25,-9.237768
2495894687.5,-9.235889
2495894843.75,-9.234225
2495895000.0,-9.2322
2495895156.25,-9.229933
2495895312.5,-9.227282
2495895468.75,-9.225623
2495895625.0,-9.223706
2495895781.25,-9.221683
2495895937.5,-9.21905
2495896093.75,-9.217389
2495896250.0,-9.215354
2495896406.25,-9.212628
2495896562.5,-9.211358
2495896718.75,-9.209267
2495896875.0,-9.206798
2495897031.25,-9.204739
2495897187.5,-9.202881
2495897343.75,-9.200975
2495897500.0,-9.199102
2495897656.25,-9.197002
2495897812.5,-9.195209
2495897968.75,-9.192957
2495898125.0,-9.190968
2495898281.25,-9.188924
2495898437.5,-9.186875
2495898593.75,-9.185143
2495898750.0,-9.183316
2495898906.25,-9.181108
2495899062.5,-9.178692
2495899218.75,-9.177783
2495899375.0,-9.174901
2495899531.25,-9.172717
2495899687.5,-9.170512
2495899843.75,-9.168617
2495900000.0,-9.166677
2495900156.25,-9.164835
2495900312.5,-9.162856
2495900468.75,-9.160795
2495900625.0,-9.158993
2495900781.25,-9.157402
2495900937.5,-9.154537
2495901093.75,-9.153039
2495901250.0,-9.151101
2495901406.25,-9.14878
2495901562.5,-9.147235
2495901718.75,-9.14534
2495901875.0,-9.143907
2495902031.25,-9.140874
2495902187.5,-9.139322
2495902343.75,-9.136966
2495902500.0,-9.134943
2495902656.25,-9.133287
2495902812.5,-9.132139
2495902968.75,-9.130265
2495903125.0,-9.12736
2495903281.25,-9.12613
2495903437.5,-9.123816
2495903593.75,-9.122041
2495903750.0,-9.119348
2495903906.25,-9.117534
2495904062.5,-9.116446
2495904218.75,-9.114371
2495904375.0,-9.113196
2495904531.25,-9.110864
2495904687.5,-9.108516
2495904843.75,-9.107109
2495905000.0,-9.105069
2495905156.25,-9.103132
2495905312.5,-9.101521
2495905468.75,-9.099618
2495905625.0,-9.097788
2495905781.25,-9.096255
2495905937.5,-9.094727
2495906093.75,-9.091845
2495906250.0,-9.08982
2495906406.25,-9.088487
2495906562.5,-9.086614
2495906718.75,-9.08492
2495906875.0,-9.082174
2495907031.25,-9.081367
2495907187.5,-9.07898
2495907343.75,-9.076103
2495907500.0,-9.075144
2495907656.25,-9.073564
2495907812.5,-9.072052
2495907968.75,-9.070215
2495908125.0,-9.068187
2495908281.25,-9.065926
2495908437.5,-9.065293
2495908593.75,-9.06291
2495908750.0,-9.061666
2495908906.25,-9.059281
2495909062.5,-9.056138
2495909218.75,-9.05551
2495909375.0,-9.053218
2495909531.25,-9.052254
2495909687.5,-9.049908
2495909843.75,-9.048591
2495910000.0,-9.046451
2495910156.25,-9.045213
2495910312.5,-9.041551
2495910468.75,-9.041108
2495910625.0,-9.039272
2495910781.25,-9.037333
2495910937.5,-9.035664
2495911093.75,-9.034029
2495911250.0,-9.032772
2495911406.25,-9.030805
2495911562.5,-9.028674
2495911718.75,-9.02722
2495911875.0,-9.024789
2495912031.25,-9.023325
2495912187.5,-9.022081
2495912343.75,-9.019656
2495912500.0,-9.018088
2495912656.25,-9.016994
2495912812.5,-9.01467
2495912968.75,-9.013523
2495913125.0,-9.011401
2495913281.25,-9.009387
2495913437.5,-9.007404
2495913593.75,-9.005889
2495913750.0,-9.004733
2495913906.25,-9.003513
2495914062.5,-9.000882
2495914218.75,-8.999909
2495914375.0,-8.998606
2495914531.25,-8.995481
2495914687.5,-8.995707
2495914843.75,-8.992894
2495915000.0,-8.991258
2495915156.25,-8.989791
2495915312.5,-8.987768
2495915468.75,-8.986427
2495915625.0,-8.984853
2495915781.25,-8.982464
2495915937.5,-8.981066
2495916093.75,-8.979641
2495916250.0,-8.977422
2495916406.25,-8.976438
2495916562.5,-8.974482
2495916718.75,-8.972232
2495916875.0,-8.971151
2495917031.25,-8.969803
2495917187.5,-8.967894
2495917343.75,-8.966241
2495917500.0,-8.964836
2495917656.25,-8.964297
2495917812.5,-8.962051
2495917968.75,-8.960784
2495918125.0,-8.959005
2495918281.25,-8.957216
2495918437.5,-8.955172
2495918593.75,-8.953826
2495918750.0,-8.951679
2495918906.25,-8.950491
2495919062.5,-8.948273
2495919218.75,-8.94752
2495919375.0,-8.944988
2495919531.25,-8.944197
2495919687.5,-8.943344
2495919843.75,-8.940953
2495920000.0,-8.939931
2495920156.25,-8.938115
2495920312.5,-8.937063
2495920468.75,-8.934943
2495920625.0,-8.932841
2495920781.25,-8.931667
2495920937.5,-8.929691
2495921093.75,-8.928692
2495921250.0,-8.926555
2495921406.25,-8.925379
2495921562.5,-8.924038
2495921718.75,-8.922292
2495921875.0,-8.921214
2495922031.25,-8.919807
2495922187.5,-8.917932
2495922343.75,-8.916817
2495922500.0,-8.915339
2495922656.25,-8.914001
2495922812.5,-8.912653
2495922968.75,-8.910639
2495923125.0,-8.908895
2495923281.25,-8.908072
2495923437.5,-8.906614
2495923593.75,-8.904316
2495923750.0,-8.903003
2495923906.25,-8.902413
2495924062.5,-8.900079
2495924218.75,-8.899228
2495924375.0,-8.897873
2495924531.25,-8.895797
2495924687.5,-8.894158
2495924843.75,-8.892704
2495925000.0,-8.891897
2495925156.25,-8.889744
2495925312.5,-8.889205
2495925468.75,-8.887981
2495925625.0,-8.88666
2495925781.25,-8.88487
2495925937.5,-8.88312
2495926093.75,-8.881717
2495926250.0,-8.879698
2495926406.25,-8.878214
2495926562.5,-8.877228
2495926718.75,-8.875849
2495926875.0,-8.87432
2495927031.25,-8.873755
2495927187.5,-8.872526
2495927343.75,-8.870224
2495927500.0,-8.86959
2495927656.25,-8.86835
2495927812.5,-8.866602
2495927968.75,-8.864798
2495928125.0,-8.864066
2495928281.25,-8.862735
2495928437.5,-8.86086
2495928593.75,-8.859226
2495928750.0,-8.859179
2495928906.25,-8.85657
2495929062.5,-8.855341
2495929218.75,-8.853785
2495929375.0,-8.852748
2495929531.25,-8.851427
2495929687.5,-8.850098
2495929843.75,-8.848601
2495930000.0,-8.847348
2495930156.25,-8.846463
2495930312.5,-8.844696
2495930468.75,-8.843002
2495930625.0,-8.842671
2495930781.25,-8.841101
2495930937.5,-8.840336
2495931093.75,-8.837943
2495931250.0,-8.836392
2495931406.25,-8.836498
2495931562.5,-8.834463
2495931718.75,-8.833061
2495931875.0,-8.831656
2495932031.25,-8.830306
2495932187.5,-8.830726
2495932343.75,-8.828366
2495932500.0,-8.827468
2495932656.25,-8.825336
2495932812.5,-8.824363
2495932968.75,-8.823475
2495933125.0,-8.82183
2495933281.25,-8.820405
2495933437.5,-8.819712
2495933593.75,-8.817512
2495933750.0,-8.817323
2495933906.25,-8.81583
2495934062.5,-8.813862
2495934218.75,-8.813304
2495934375.0,-8.811518
2495934531.25,-8.809718
2495934687.5,-8.809861
2495934843.75,-8.809104
2495935000.0,-8.80773
2495935156.25,-8.805281
2495935312.5,-8.804759
2495935468.75,-8.803773
2495935625.0,-8.802428
2495935781.25,-8.801586
2495935937.5,-8.799852
2495936093.75,-8.798525
2495936250.0,-8.797645
2495936406.25,-8.796366
2495936562.5,-8.795882
2495936718.75,-8.794209
2495936875.0,-8.792929
2495937031.25,-8.791086
2495937187.5,-8.790244
2495937343.75,-8.789781
2495937500.0,-8.78891
2495937656.25,-8.787458
2495937812.5,-8.786043
2495937968.75,-8.785041
2495938125.0,-8.784175
2495938281.25,-8.782613
2495938437.5,-8.782784
2495938593.75,-8.780945
2495938750.0,-8.779221
2495938906.25,-8.777983
2495939062.5,-8.777442
2495939218.75,-8.776792
2495939375.0,-8.775092
2495939531.25,-8.773841
2495939687.5,-8.773376
2495939843.75,-8.771008
2495940000.0,-8.771186
2495940156.25,-8.769771
2495940312.5,-8.768981
2495940468.75,-8.767454
2495940625.0,-8.766424
2495940781.25,-8.766411
2495940937.5,-8.764647
2495941093.75,-8.763809
2495941250.0,-8.762656
2495941406.25,-8.761382
2495941562.5,-8.759589
2495941718.75,-8.759773
2495941875.0,-8.758077
2495942031.25,-8.757351
2495942187.5,-8.755951
2495942343.75,-8.755445
2495942500.0,-8.75459
2495942656.25,-8.753057
2495942812.5,-8.752202
2495942968.75,-8.751103
2495943125.0,-8.749794
2495943281.25,-8.749308
2495943437.5,-8.748235
2495943593.75,-8.747369
2495943750.0,-8.746533
2495943906.25,-8.745873
2495944062.5,-8.744537
2495944218.75,-8.74351
2495944375.0,-8.741783
2495944531.25,-8.741985
2495944687.5,-8.740993
2495944843.75,-8.739936
2495945000.0,-8.738922
2495945156.25,-8.738071
2495945312.5,-8.737195
2495945468.75,-8.735824
2495945625.0,-8.734771
2495945781.25,-8.733968
2495945937.5,-8.733581
2495946093.75,-8.732766
2495946250.0,-8.730822
2495946406.25,-8.729882
2495946562.5,-8.729266
2495946718.75,-8.728049
2495946875.0,-8.727468
2495947031.25,-8.727538
2495947187.5,-8.726002
2495947343.75,-8.725583
2495947500.0,-8.724761
2495947656.25,-8.724037
2495947812.5,-8.722515
2495947968.75,-8.7214
2495948125.0,-8.720906
2495948281.25,-8.720081
2495948437.5,-8.718801
2495948593.75,-8.717984
2495948750.0,-8.718135
2495948906.25,-8.717215
2495949062.5,-8.71627
2495949218.75,-8.715205
2495949375.0,-8.714349
2495949531.25,-8.712869
2495949687.5,-8.712532
2495949843.75,-8.711877
2495950000.0,-8.711078
2495950156.25,-8.710202
2495950312.5,-8.709996
2495950468.75,-8.708789
2495950625.0,-8.7079
2495950781.25,-8.706684
2495950937.5,-8.705173
2495951093.75,-8.705289
2495951250.0,-8.704446
2495951406.25,-8.704206
2495951562.5,-8.703133
2495951718.75,-8.701457
2495951875.0,-8.701365
2495952031.25,-8.700298
2495952187.5,-8.700455
2495952343.75,-8.700446
2495952500.0,-8.698689
2495952656.25,-8.698101
2495952812.5,-8.697493
2495952968.75,-8.696252
2495953125.0,-8.696537
2495953281.25,-8.694145
2495953437.5,-8.694864
2495953593.75,-8.693562
2495953750.0,-8.691759
2495953906.25,-8.692813
2495954062.5,-8.691511
2495954218.75,-8.689922
2495954375.0,-8.690141
2495954531.25,-8.689446
2495954687.5,-8.688845
2495954843.75,-8.688731
2495955000.0,-8.687856
2495955156.25,-8.686749
2495955312.5,-8.686279
2495955468.75,-8.685214
2495955625.0,-8.684519
2495955781.25,-8.685008
2495955937.5,-8.683706
2495956093.75,-8.682396
2495956250.0,-8.682492
2495956406.25,-8.681428
2495956562.5,-8.679804
2495956718.75,-8.68062
2495956875.0,-8.679987
2495957031.25,-8.67959
2495957187.5,-8.677972
2495957343.75,-8.677931
2495957500.0,-8.677936
2495957656.25,-8.677283
2495957812.5,-8.676672
2495957968.75,-8.675403
2495958125.0,-8.675086
2495958281.25,-8.67503
2495958437.5,-8.673425
2495958593.75,-8.673395
2495958750.0,-8.672282
2495958906.25,-8.671872
2495959062.5,-8.671523
2495959218.75,-8.670289
2495959375.0,-8.670743
2495959531.25,-8.670012
2495959687.5,-8.670206
2495959843.75,-8.669591
2495960000.0,-8.66819
2495960156.25,-8.667246
2495960312.5,-8.667459
2495960468.75,-8.667111
2495960625.0,-8.666135
2495960781.25,-8.666386
2495960937.5,-8.665435
2495961093.75,-8.664703
2495961250.0,-8.664238
2495961406.25,-8.663543
2495961562.5,-8.663182
2495961718.75,-8.663011
2495961875.0,-8.661903
2495962031.25,-8.661672
2495962187.5,-8.661736
2495962343.75,-8.660913
2495962500.0,-8.660299
2495962656.25,-8.660164
2495962812.5,-8.659214
2495962968.75,-8.658754
2495963125.0,-8.658933
2495963281.25,-8.658213
2495963437.5,-8.65687
2495963593.75,-8.65722
2495963750.0,-8.656618
2495963906.25,-8.656855
2495964062.5,-8.656013
2495964218.75,-8.655325
2495964375.0,-8.655085
2495964531.25,-8.654723
2495964687.5,-8.654647
2495964843.75,-8.653725
2495965000.0,-8.653904
2495965156.25,-8.653276
2495965312.5,-8.652667
2495965468.75,-8.652573
2495965625.0,-8.652175
2495965781.25,-8.651614
2495965937.5,-8.651292
2495966093.75,-8.651186
2495966250.0,-8.650973
2495966406.25,-8.650127
2495966562.5,-8.650662
2495966718.75,-8.649107
2495966875.0,-8.648931
2495967031.25,-8.649188
2495967187.5,-8.648761
2495967343.75,-8.648823
2495967500.0,-8.647653
2495967656.25,-8.648317
2495967812.5,-8.647054
2495967968.75,-8.646976
2495968125.0,-8.646186
2495968281.25,-8.646041
2495968437.5,-8.646067
2495968593.75,-8.645482
2495968750.0,-8.645703
2495968906.25,-8.6455
2495969062.5,-8.645468
2495969218.75,-8.644835
2495969375.0,-8.644404
2495969531.25,-8.64445
2495969687.5,-8.643683
2495969843.75,-8.643889
2495970000.0,-8.64287
2495970156.25,-8.642653
2495970312.5,-8.642343
2495970468.75,-8.642675
2495970625.0,-8.643184
2495970781.25,-8.642017
2495970937.5,-8.642391
2495971093.75,-8.642094
2495971250.0,-8.642307
2495971406.25,-8.640747
2495971562.5,-8.64101
2495971718.75,-8.640967
2495971875.0,-8.640733
2495972031.25,-8.640617
2495972187.5,-8.640562
2495972343.75,-8.640371
2495972500.0,-8.640575
2495972656.25,-8.638837
2495972812.5,-8.639232
2495972968.75,-8.639606
2495973125.0,-8.63892
2495973281.25,-8.639485
2495973437.5,-8.639672
2495973593.75,-8.638379
2495973750.0,-8.63862
2495973906.25,-8.638543
2495974062.5,-8.638071
2495974218.75,-8.637788
2495974375.0,-8.638057
2495974531.25,-8.638337
2495974687.5,-8.637689
2495974843.75,-8.638068
2495975000.0,-8.6373
2495975156.25,-8.637435
2495975312.5,-8.636943
2495975468.75,-8.637114
2495975625.0,-8.636786
2495975781.25,-8.637925
2495975937.5,-8.637158
2495976093.75,-8.637165
2495976250.0,-8.636452
2495976406.25,-8.636864
2495976562.5,-8.636415
2495976718.75,-8.636236
2495976875.0,-8.636685
2495977031.25,-8.636257
2495977187.5,-8.636928
2495977343.75,-8.636107
2495977500.0,-8.635719
2495977656.25,-8.636602
2495977812.5,-8.63668
2495977968.75,-8.635968
2495978125.0,-8.636672
2495978281.25,-8.635722
2495978437.5,-8.636377
2495978593.75,-8.636771
2495978750.0,-8.635859
2495978906.25,-8.636548
2495979062.5,-8.635981
2495979218.75,-8.637377
2495979375.0,-8.636231
2495979531.25,-8.635839
2495979687.5,-8.63605
2495979843.75,-8.636988
2495980000.0,-8.636642
2495980156.25,-8.636264
2495980312.5,-8.63677
2495980468.75,-8.636706
2495980625.0,-8.636947
2495980781.25,-8.636588
2495980937.5,-8.635872
2495981093.75,-8.636118
2495981250.0,-8.636685
2495981406.25,-8.636954
2495981562.5,-8.636358
2495981718.75,-8.636134
2495981875.0,-8.635918
2495982031.25,-8.636763
2495982187.5,-8.63722
2495982343.75,-8.637248
2495982500.0,-8.637641
2495982656.25,-8.637084
2495982812.5,-8.637595
2495982968.75,-8.637472
2495983125.0,-8.638155
2495983281.25,-8.638063
2495983437.5,-8.637217
2495983593.75,-8.638546
2495983750.0,-8.637732
2495983906.25,-8.638663
2495984062.5,-8.638331
2495984218.75,-8.637537
2495984375.0,-8.639079
2495984531.25,-8.639289
2495984687.5,-8.638803
2495984843.75,-8.639786
2495985000.0,-8.639132
2495985156.25,-8.639928
2495985312.5,-8.640254
2495985468.75,-8.640793
2495985625.0,-8.640799
2495985781.25,-8.640141
2495985937.5,-8.641055
2495986093.75,-8.641082
2495986250.0,-8.641752
2495986406.25,-8.642079
2495986562.5,-8.642197
2495986718.75,-8.642188
2495986875.0,-8.641884
2495987031.25,-8.642516
2495987187.5,-8.642365
2495987343.75,-8.642815
2495987500.0,-8.643081
2495987656.25,-8.64322
2495987812.5,-8.642985
2495987968.75,-8.643865
2495988125.0,-8.643655
2495988281.25,-8.644632
2495988437.5,-8.644578
2495988593.75,-8.644171
2495988750.0,-8.645399
2495988906.25,-8.645238
2495989062.5,-8.644921
2495989218.75,-8.645966
2495989375.0,-8.646144
2495989531.25,-8.647194
2495989687.5,-8.646886
2495989843.75,-8.647317
2495990000.0,-8.647846
2495990156.25,-8.648089
2495990312.5,-8.64887
2495990468.75,-8.649088
2495990625.0,-8.64858
2495990781.25,-8.649629
2495990937.5,-8.649399
2495991093.75,-8.649986
2495991250.0,-8.650587
2495991406.25,-8.650184
2495991562.5,-8.650821
2495991718.75,-8.650817
2495991875.0,-8.651516
2495992031.25,-8.651781
2495992187.5,-8.652688
2495992343.75,-8.652905
2495992500.0,-8.652721
2495992656.25,-8.654363
2495992812.5,-8.654116
2495992968.75,-8.655703
2495993125.0,-8.654618
2495993281.25,-8.655454
2495993437.5,-8.654953
2495993593.75,-8.655786
2495993750.0,-8.656323
2495993906.25,-8.657475
2495994062.5,-8.65763
2495994218.75,-8.657884
2495994375.0,-8.658449
2495994531.25,-8.658395
2495994687.5,-8.659775
2495994843.75,-8.659089
2495995000.0,-8.659463
2495995156.25,-8.660109
2495995312.5,-8.66104
2495995468.75,-8.661714
2495995625.0,-8.661752
2495995781.25,-8.662089
2495995937.5,-8.662917
2495996093.75,-8.663697
2495996250.0,-8.663709
2495996406.25,-8.664393
2495996562.5,-8.66433
2495996718.75,-8.664658
2495996875.0,-8.666509
2495997031.25,-8.666404
2495997187.5,-8.667105
2495997343.75,-8.667022
2495997500.0,-8.66798
2495997656.25,-8.668262
2495997812.5,-8.668247
2495997968.75,-8.669629
2495998125.0,-8.670821
2495998281.25,-8.670557
2495998437.5,-8.671455
2495998593.75,-8.671537
2495998750.0,-8.672059
2495998906.25,-8.672634
2495999062.5,-8.673376
2495999218.75,-8.673287
2495999375.0,-8.674933
2495999531.25,-8.675396
2495999687.5,-8.675543
2495999843.75,-8.676103
2496000000.0,-8.676478
2496000156.25,-8.677592
2496000312.5,-8.677604
2496000468.75,-8.678986
2496000625.0,-8.679412
2496000781.25,-8.679923
2496000937.5,-8.680504
2496001093.75,-8.681392
2496001250.0,-8.681626
2496001406.25,-8.681937
2496001562.5,-8.68311
2496001718.75,-8.683571
2496001875.0,-8.684682
2496002031.25,-8.684176
2496002187.5,-8.685955
2496002343.75,-8.686281
2496002500.0,-8.686707
2496002656.25,-8.687552
2496002812.5,-8.688373
2496002968.75,-8.689159
2496003125.0,-8.689817
2496003281.25,-8.689813
2496003437.5,-8.690582
2496003593.75,-8.692166
2496003750.0,-8.692497
2496003906.25,-8.693442
2496004062.5,-8.693921
2496004218.75,-8.69465
2496004375.0,-8.695312
2496004531.25,-8.696
2496004687.5,-8.696486
2496004843.75,-8.697378
2496005000.0,-8.698132
2496005156.25,-8.698239
2496005312.5,-8.699531
2496005468.75,-8.700395
2496005625.0,-8.700761
2496005781.25,-8.70182
2496005937.5,-8.701608
2496006093.75,-8.702858
2496006250.0,-8.704196
2496006406.25,-8.704351
2496006562.5,-8.705689
2496006718.75,-8.706254
2496006875.0,-8.706819
2496007031.25,-8.70894
2496007187.5,-8.708696
2496007343.75,-8.709776
2496007500.0,-8.709956
2496007656.25,-8.711735
2496007812.5,-8.711852
2496007968.75,-8.713104
2496008125.0,-8.71319
2496008281.25,-8.714207
2496008437.5,-8.715084
2496008593.75,-8.716759
2496008750.0,-8.716908
2496008906.25,-8.717788
2496009062.5,-8.719026
2496009218.75,-8.719645
2496009375.0,-8.720419
2496009531.25,-8.720542
2496009687.5,-8.72096
2496009843.75,-8.722548
2496010000.0,-8.723065
2496010156.25,-8.725225
2496010312.5,-8.725815
2496010468.75,-8.726521
2496010625.0,-8.726669
2496010781.25,-8.727293
2496010937.5,-8.728549
2496011093.75,-8.730531
2496011250.0,-8.730864
2496011406.25,-8.731913
2496011562.5,-8.733331
2496011718.75,-8.733639
2496011875.0,-8.734841
2496012031.25,-8.735157
2496012187.5,-8.736749
2496012343.75,-8.737082
2496012500.0,-8.737622
2496012656.25,-8.739463
2496012812.5,-8.739804
2496012968.75,-8.741103
2496013125.0,-8.742701
2496013281.25,-8.74215
2496013437.5,-8.743009
2496013593.75,-8.744061
2496013750.0,-8.745501
2496013906.25,-8.745954
2496014062.5,-8.747556
2496014218.75,-8.748717
2496014375.0,-8.749642
2496014531.25,-8.751348
2496014687.5,-8.751593
2496014843.75,-8.752909
2496015000.0,-8.753107
2496015156.25,-8.754245
2496015312.5,-8.756267
2496015468.75,-8.756956
2496015625.0,-8.757627
2496015781.25,-8.758771
2496015937.5,-8.759122
2496016093.75,-8.760884
2496016250.0,-8.761611
2496016406.25,-8.763281
2496016562.5,-8.763631
2496016718.75,-8.764266
2496016875.0,-8.765274
2496017031.25,-8.767024
2496017187.5,-8.768451
2496017343.75,-8.769426
2496017500.0,-8.769551
2496017656.25,-8.771575
2496017812.5,-8.772467
2496017968.75,-8.774096
2496018125.0,-8.773988
2496018281.25,-8.775425
2496018437.5,-8.776283
2496018593.75,-8.777515
2496018750.0,-8.778854
2496018906.25,-8.780288
2496019062.5,-8.78068
2496019218.75,-8.782313
2496019375.0,-8.783747
2496019531.25,-8.784562
2496019687.5,-8.784965
2496019843.75,-8.786453
2496020000.0,-8.786824
2496020156.25,-8.788758
2496020312.5,-8.791041
2496020468.75,-8.791244
2496020625.0,-8.792106
2496020781.25,-8.793376
2496020937.5,-8.793942
2496021093.75,-8.795241
2496021250.0,-8.796327
2496021406.25,-8.797107
2496021562.5,-8.799405
2496021718.75,-8.800959
2496021875.0,-8.800963
2496022031.25,-8.802525
2496022187.5,-8.804118
2496022343.75,-8.80473
2496022500.0,-8.806486
2496022656.25,-8.808189
2496022812.5,-8.808894
2496022968.75,-8.809648
2496023125.0,-8.810392
2496023281.25,-8.811699
2496023437.5,-8.813068
2496023593.75,-8.814081
2496023750.0,-8.815366
2496023906.25,-8.817795
2496024062.5,-8.818843
2496024218.75,-8.820035
2496024375.0,-8.820462
2496024531.25,-8.821507
2496024687.5,-8.82263
2496024843.75,-8.824175
2496025000.0,-8.825562
2496025156.25,-8.827374
2496025312.5,-8.828526
2496025468.75,-8.829065
2496025625.0,-8.831172
2496025781.25,-8.832505
2496025937.5,-8.833269
2496026093.75,-8.834269
2496026250.0,-8.835707
2496026406.25,-8.837251
2496026562.5,-8.83863
2496026718.75,-8.839402
2496026875.0,-8.840671
2496027031.25,-8.842224
2496027187.5,-8.844149
2496027343.75,-8.844849
2496027500.0,-8.846177
2496027656.25,-8.848025
2496027812.5,-8.84938
2496027968.75,-8.849991
2496028125.0,-8.851283
2496028281.25,-8.853242
2496028437.5,-8.85391
2496028593.75,-8.855912
2496028750.0,-8.856878
2496028906.25,-8.857948
2496029062.5,-8.859975
2496029218.75,-8.861321
2496029375.0,-8.862278
2496029531.25,-8.863742
2496029687.5,-8.864749
2496029843.75,-8.866185
2496030000.0,-8.867741
2496030156.25,-8.869727
2496030312.5,-8.871286
2496030468.75,-8.872821
2496030625.0,-8.873851
2496030781.25,-8.875205
2496030937.5,-8.876141
2496031093.75,-8.877472
2496031250.0,-8.878957
2496031406.25,-8.879763
2496031562.5,-8.882081
2496031718.75,-8.883825
2496031875.0,-8.884704
2496032031.25,-8.886085
2496032187.5,-8.887978
2496032343.75,-8.888608
2496032500.0,-8.890686
2496032656.25,-8.89116
2496032812.5,-8.893902
2496032968.75,-8.894931
2496033125.0,-8.89605
2496033281.25,-8.897947
2496033437.5,-8.899016
2496033593.75,-8.900679
2496033750.0,-8.901667
2496033906.25,-8.903867
2496034062.5,-8.904825
2496034218.75,-8.906794
2496034375.0,-8.908306
2496034531.25,-8.909172
2496034687.5,-8.910967
2496034843.75,-8.912379
2496035000.0,-8.913691
2496035156.25,-8.914958
2496035312.5,-8.917332
2496035468.75,-8.918069
2496035625.0,-8.92003
2496035781.25,-8.921286
2496035937.5,-8.923337
2496036093.75,-8.924128
2496036250.0,-8.926232
2496036406.25,-8.926828
2496036562.5,-8.929251
2496036718.75,-8.93095
2496036875.0,-8.932163
2496037031.25,-8.933783
2496037187.5,-8.934299
2496037343.75,-8.936878
2496037500.0,-8.937173
2496037656.25,-8.939857
2496037812.5,-8.941195
2496037968.75,-8.942807
2496038125.0,-8.944815
2496038281.25,-8.946801
2496038437.5,-8.947753
2496038593.75,-8.950027
2496038750.0,-8.951133
2496038906.25,-8.952197
2496039062.5,-8.953961
2496039218.75,-8.955479
2496039375.0,-8.956934
2496039531.25,-8.958443
2496039687.5,-8.960002
2496039843.75,-8.962191
2496040000.0,-8.963258
2496040156.25,-8.965184
2496040312.5,-8.96729
2496040468.75,-8.969102
2496040625.0,-8.969608
2496040781.25,-8.972077
2496040937.5,-8.973478
2496041093.75,-8.975813
2496041250.0,-8.976521
2496041406.25,-8.977822
2496041562.5,-8.979255
2496041718.75,-8.981765
2496041875.0,-8.983121
2496042031.25,-8.98539
2496042187.5,-8.985901
2496042343.75,-8.988056
2496042500.0,-8.989491
2496042656.25,-8.991166
2496042812.5,-8.99307
2496042968.75,-8.994162
2496043125.0,-8.996525
2496043281.25,-8.997781
2496043437.5,-8.999911
2496043593.75,-9.001458
2496043750.0,-9.003155
2496043906.25,-9.004967
2496044062.5,-9.006274
2496044218.75,-9.0076
2496044375.0,-9.010028
2496044531.25,-9.011835
2496044687.5,-9.013092
2496044843.75,-9.015368
2496045000.0,-9.017181
2496045156.25,-9.018849
2496045312.5,-9.019464
2496045468.75,-9.021625
2496045625.0,-9.023205
2496045781.25,-9.024723
2496045937.5,-9.027278
2496046093.75,-9.028577
2496046250.0,-9.030623
2496046406.25,-9.031936
2496046562.5,-9.033648
2496046718.75,-9.036221
2496046875.0,-9.03771
2496047031.25,-9.039338
2496047187.5,-9.041033
2496047343.75,-9.042356
2496047500.0,-9.044341
2496047656.25,-9.046947
2496047812.5,-9.047373
2496047968.75,-9.049739
2496048125.0,-9.052004
2496048281.25,-9.053414
2496048437.5,-9.055816
2496048593.75,-9.057056
2496048750.0,-9.059356
2496048906.25,-9.060651
2496049062.5,-9.062226
2496049218.75,-9.064128
2496049375.0,-9.066036
2496049531.25,-9.067614
2496049687.5,-9.069636
2496049843.75,-9.07154
2496050000.0,-9.073714
2496050156.25,-9.075848
2496050312.5,-9.077246
2496050468.75,-9.078505
2496050625.0,-9.080511
2496050781.25,-9.082461
2496050937.5,-9.084436
2496051093.75,-9.086203
2496051250.0,-9.08855
2496051406.25,-9.089415
2496051562.5,-9.091895
2496051718.75,-9.093145
2496051875.0,-9.095574
2496052031.25,-9.097516
2496052187.5,-9.099066
2496052343.75,-9.10189
2496052500.0,-9.102602
2496052656.25,-9.105064
2496052812.5,-9.107873
2496052968.75,-9.108517
2496053125.0,-9.110382
2496053281.25,-9.112788
2496053437.5,-9.113934
2496053593.75,-9.116489
2496053750.0,-9.117869
2496053906.25,-9.119964
2496054062.5,-9.122083
2496054218.75,-9.12368
2496054375.0,-9.126609
2496054531.25,-9.127222
2496054687.5,-9.130374
2496054843.75,-9.131598
2496055000.0,-9.133318
2496055156.25,-9.135216
2496055312.5,-9.137415
2496055468.75,-9.139017
2496055625.0,-9.141125
2496055781.25,-9.143152
2496055937.5,-9.145288
2496056093.75,-9.147623
2496056250.0,-9.149248
2496056406.25,-9.15141
2496056562.5,-9.152734
2496056718.75,-9.155129
2496056875.0,-9.156589
2496057031.25,-9.158669
2496057187.5,-9.160705
2496057343.75,-9.163379
2496057500.0,-9.164394
2496057656.25,-9.16624
2496057812.5,-9.168144
2496057968.75,-9.170166
2496058125.0,-9.172933
2496058281.25,-9.175174
2496058437.5,-9.176644
2496058593.75,-9.178042
2496058750.0,-9.180123
2496058906.25,-9.18225
2496059062.5,-9.18471
2496059218.75,-9.186665
2496059375.0,-9.188252
2496059531.25,-9.190269
2496059687.5,-9.192882
2496059843.75,-9.194346
2496060000.0,-9.196654
2496060156.25,-9.19831
2496060312.5,-9.201169
2496060468.75,-9.203713
2496060625.0,-9.204801
2496060781.25,-9.206908
2496060937.5,-9.209313
2496061093.75,-9.211148
2496061250.0,-9.213219
2496061406.25,-9.215075
2496061562.5,-9.216911
2496061718.75,-9.218889
2496061875.0,-9.221772
2496062031.25,-9.223375
2496062187.5,-9.224967
2496062343.75,-9.227166
2496062500.0,-9.229332
2496062656.25,-9.231389
2496062812.5,-9.234017
2496062968.75,-9.235897
2496063125.0,-9.236646
2496063281.25,-9.239326
2496063437.5,-9.241026
2496063593.75,-9.243855
2496063750.0,-9.24544
2496063906.25,-9.247289
2496064062.5,-9.250662
2496064218.75,-9.252679
2496064375.0,-9.254577
2496064531.25,-9.256638
2496064687.5,-9.258406
2496064843.75,-9.260836
2496065000.0,-9.262509
2496065156.25,-9.265691
2496065312.5,-9.266752
2496065468.75,-9.269035
2496065625.0,-9.271737
2496065781.25,-9.273995
2496065937.5,-9.275373
2496066093.75,-9.277906
2496066250.0,-9.279977
2496066406.25,-9.28235
2496066562.5,-9.284053
2496066718.75,-9.286199
2496066875.0,-9.289602
2496067031.25,-9.291292
2496067187.5,-9.293047
2496067343.75,-9.29537
2496067500.0,-9.29743
2496067656.25,-9.299161
2496067812.5,-9.301187
2496067968.75,-9.304341
2496068125.0,-9.305902
2496068281.25,-9.308037
2496068437.5,-9.31063
2496068593.75,-9.312775
2496068750.0,-9.314726
2496068906.25,-9.317338
2496069062.5,-9.31915
2496069218.75,-9.321702
2496069375.0,-9.323809
2496069531.25,-9.325713
2496069687.5,-9.328171
2496069843.75,-9.330636
2496070000.0,-9.332942
2496070156.25,-9.334129
2496070312.5,-9.336402
2496070468.75,-9.339076
2496070625.0,-9.341452
2496070781.25,-9.342911
2496070937.5,-9.345636
2496071093.75,-9.347654
2496071250.0,-9.349957
2496071406.25,-9.35163
2496071562.5,-9.354201
2496071718.75,-9.356446
2496071875.0,-9.357554
2496072031.25,-9.361237
2496072187.5,-9.363144
2496072343.75,-9.365705
2496072500.0,-9.368499
2496072656.25,-9.3704
2496072812.5,-9.372693
2496072968.75,-9.374745
2496073125.0,-9.377214
2496073281.25,-9.379274
2496073437.5,-9.38063
2496073593.75,-9.383305
2496073750.0,-9.386499
2496073906.25,-9.387837
2496074062.5,-9.390432
2496074218.75,-9.392751
2496074375.0,-9.395187
2496074531.25,-9.396996
2496074687.5,-9.399693
2496074843.75,-9.402419
2496075000.0,-9.404297
2496075156.25,-9.406591
2496075312.5,-9.409566
2496075468.75,-9.411142
2496075625.0,-9.413309
2496075781.25,-9.415869
2496075937.5,-9.417338
2496076093.75,-9.419854
2496076250.0,-9.422078
2496076406.25,-9.424253
2496076562.5,-9.426853
2496076718.75,-9.428995
2496076875.0,-9.431655
2496077031.25,-9.43379
2496077187.5,-9.436164
2496077343.75,-9.43903
2496077500.0,-9.440625
2496077656.25,-9.443182
2496077812.5,-9.446253
2496077968.75,-9.447792
2496078125.0,-9.449731
2496078281.25,-9.45256
2496078437.5,-9.455404
2496078593.75,-9.456616
2496078750.0,-9.459649
2496078906.25,-9.462101
2496079062.5,-9.464648
2496079218.75,-9.466365
2496079375.0,-9.468661
2496079531.25,-9.470728
2496079687.5,-9.474257
2496079843.75,-9.476307
2496080000.0,-9.478726
2496080156.25,-9.480762
2496080312.5,-9.482811
2496080468.75,-9.485331
2496080625.0,-9.488177
2496080781.25,-9.489318
2496080937.5,-9.492884
2496081093.75,-9.494471
2496081250.0,-9.496759
2496081406.25,-9.499874
2496081562.5,-9.501947
2496081718.75,-9.504512
2496081875.0,-9.507079
2496082031.25,-9.509492
2496082187.5,-9.512314
2496082343.75,-9.514341
2496082500.0,-9.517132
2496082656.25,-9.518737
2496082812.5,-9.521605
2496082968.75,-9.524158
2496083125.0,-9.525929
2496083281.25,-9.527756
2496083437.5,-9.53121
2496083593.75,-9.533589
2496083750.0,-9.536042
2496083906.25,-9.538729
2496084062.5,-9.540681
2496084218.75,-9.542997
2496084375.0,-9.5455
2496084531.25,-9.547756
2496084687.5,-9.550787
2496084843.75,-9.552997
2496085000.0,-9.555595
2496085156.25,-9.557644
2496085312.5,-9.560489
2496085468.75,-9.562898
2496085625.0,-9.564576
2496085781.25,-9.567173
2496085937.5,-9.569839
2496086093.75,-9.572892
2496086250.0,-9.574347
2496086406.25,-9.577691
2496086562.5,-9.579984
2496086718.75,-9.582199
2496086875.0,-9.584533
2496087031.25,-9.587291
2496087187.5,-9.589186
2496087343.75,-9.592469
2496087500.0,-9.594573
2496087656.25,-9.595908
2496087812.5,-9.599201
2496087968.75,-9.601427
2496088125.0,-9.604615
2496088281.25,-9.606429
2496088437.5,-9.609557
2496088593.75,-9.612033
2496088750.0,-9.614081
2496088906.25,-9.61681
2496089062.5,-9.618818
2496089218.75,-9.62144
2496089375.0,-9.624371
2496089531.25,-9.626633
2496089687.5,-9.629991
2496089843.75,-9.63163
2496090000.0,-9.634853
2496090156.25,-9.636378
2496090312.5,-9.639684
2496090468.75,-9.641973
2496090625.0,-9.645295
2496090781.25,-9.646389
2496090937.5,-9.648706
2496091093.75,-9.651805
2496091250.0,-9.654833
2496091406.25,-9.656829
2496091562.5,-9.660074
2496091718.75,-9.662183
2496091875.0,-9.664281
2496092031.25,-9.668345
2496092187.5,-9.669751
2496092343.75,-9.672209
2496092500.0,-9.674496
2496092656.25,-9.677629
2496092812.5,-9.680407
2496092968.75,-9.682273
2496093125.0,-9.685504
2496093281.25,-9.687821
2496093437.5,-9.690856
2496093593.75,-9.693239
2496093750.0,-9.69522
2496093906.25,-9.697927
2496094062.5,-9.701479
2496094218.75,-9.702402
2496094375.0,-9.705998
2496094531.25,-9.708271
2496094687.5,-9.710773
2496094843.75,-9.713736
2496095000.0,-9.715584
2496095156.25,-9.718886
2496095312.5,-9.720483
2496095468.75,-9.723325
2496095625.0,-9.726764
2496095781.25,-9.728863
2496095937.5,-9.731981
2496096093.75,-9.733498
2496096250.0,-9.736169
2496096406.25,-9.739246
2496096562.5,-9.741935
2496096718.75,-9.743846
2496096875.0,-9.74649
2496097031.25,-9.748878
2496097187.5,-9.751739
2496097343.75,-9.754807
2496097500.0,-9.756916
2496097656.25,-9.759692
2496097812.5,-9.761721
2496097968.75,-9.765855
2496098125.0,-9.767443
2496098281.25,-9.769188
2496098437.5,-9.772389
2496098593.75,-9.775661
2496098750.0,-9.776701
2496098906.25,-9.780674
2496099062.5,-9.782903
2496099218.75,-9.785864
2496099375.0,-9.788612
2496099531.25,-9.790943
2496099687.5,-9.794548
2496099843.75,-9.795779
2496100000.0,-9.798315
2496100156.25,-9.801764
2496100312.5,-9.803744
2496100468.75,-9.807502
2496100625.0,-9.808804
2496100781.25,-9.812427
2496100937.5,-9.813963
2496101093.75,-9.817739
2496101250.0,-9.820676
2496101406.25,-9.822739
2496101562.5,-9.825769
2496101718.75,-9.827942
2496101875.0,-9.831493
2496102031.25,-9.833649
2496102187.5,-9.836016
2496102343.75,-9.838653
2496102500.0,-9.841447
2496102656.25,-9.844769
2496102812.5,-9.846034
2496102968.75,-9.848471
2496103125.0,-9.851841
2496103281.25,-9.854427
2496103437.5,-9.857405
2496103593.75,-9.859685
2496103750.0,-9.863527
2496103906.25,-9.865771
2496104062.5,-9.868357
2496104218.75,-9.87012
2496104375.0,-9.873396
2496104531.25,-9.876493
2496104687.5,-9.878276
2496104843.75,-9.881076
2496105000.0,-9.883569
2496105156.25,-9.886294
2496105312.5,-9.889194
2496105468.75,-9.892269
2496105625.0,-9.895536
2496105781.25,-9.897388
2496105937.5,-9.899833
2496106093.75,-9.902187
2496106250.0,-9.904845
2496106406.25,-9.907805
2496106562.5,-9.910385
2496106718.75,-9.91349
2496106875.0,-9.9163
2496107031.25,-9.919376
2496107187.5,-9.92164
2496107343.75,-9.924662
2496107500.0,-9.927285
2496107656.25,-9.930421
2496107812.5,-9.932439
2496107968.75,-9.935539
2496108125.0,-9.938298
2496108281.25,-9.940134
2496108437.5,-9.94392
2496108593.75,-9.945948
2496108750.0,-9.949117
2496108906.25,-9.952175
2496109062.5,-9.953944
2496109218.75,-9.957221
2496109375.0,-9.959423
2496109531.25,-9.962343
2496109687.5,-9.965352
2496109843.75,-9.968258
2496110000.0,-9.970482
2496110156.25,-9.972859
2496110312.5,-9.976751
2496110468.75,-9.978729
2496110625.0,-9.98192
2496110781.25,-9.983245
2496110937.5,-9.986753
2496111093.75,-9.989165
2496111250.0,-9.992805
2496111406.25,-9.995977
2496111562.5,-9.998656
2496111718.75,-10.00038
2496111875.0,-10.00373
2496112031.25,-10.00664
2496112187.5,-10.00947
2496112343.75,-10.01183
2496112500.0,-10.01348
2496112656.25,-10.01745
2496112812.5,-10.01982
2496112968.75,-10.02374
2496113125.0,-10.02574
2496113281.25,-10.02821
2496113437.5,-10.03134
2496113593.75,-10.03459
2496113750.0,-10.03612
2496113906.25,-10.03899
2496114062.5,-10.04161
2496114218.75,-10.04508
2496114375.0,-10.0478
2496114531.25,-10.05046
2496114687.5,-10.05374
2496114843.75,-10.05691
2496115000.0,-10.05865
2496115156.25,-10.06177
2496115312.5,-10.0642
2496115468.75,-10.06639
2496115625.0,-10.06985
2496115781.25,-10.07321
2496115937.5,-10.07583
2496116093.75,-10.07856
2496116250.0,-10.08107
2496116406.25,-10.08433
2496116562.5,-10.08711
2496116718.75,-10.08969
2496116875.0,-10.09288
2496117031.25,-10.09584
2496117187.5,-10.09871
2496117343.75,-10.10159
2496117500.0,-10.10363
2496117656.25,-10.10676
2496117812.5,-10.10955
2496117968.75,-10.11204
2496118125.0,-10.11507
2496118281.25,-10.11764
2496118437.5,-10.12113
2496118593.75,-10.12354
2496118750.0,-10.12657
2496118906.25,-10.12914
2496119062.5,-10.13122
2496119218.75,-10.13513
2496119375.0,-10.137
2496119531.25,-10.14018
2496119687.5,-10.14387
2496119843.75,-10.14642
2496120000.0,-10.14912
2496120156.25,-10.15155
2496120312.5,-10.15435
2496120468.75,-10.15735
2496120625.0,-10.15997
2496120781.25,-10.16283
2496120937.5,-10.16549
2496121093.75,-10.16853
2496121250.0,-10.17155
2496121406.25,-10.17394
2496121562.5,-10.1778
2496121718.75,-10.18004
2496121875.0,-10.18265
2496122031.25,-10.1851
2496122187.5,-10.18875
2496122343.75,-10.19178
2496122500.0,-10.19371
2496122656.25,-10.19672
2496122812.5,-10.19999
2496122968.75,-10.20276
2496123125.0,-10.20638
2496123281.25,-10.20816
2496123437.5,-10.21227
2496123593.75,-10.2132
2496123750.0,-10.21677
2496123906.25,-10.21974
2496124062.5,-10.22252
2496124218.75,-10.22621
2496124375.0,-10.2293
2496124531.25,-10.23167
2496124687.5,-10.23354
2496124843.75,-10.23681
2496125000.0,-10.24007
2496125156.25,-10.24287
2496125312.5,-10.24552
2496125468.75,-10.24879
2496125625.0,-10.25182
2496125781.25,-10.25398
2496125937.5,-10.2566
2496126093.75,-10.26018
2496126250.0,-10.26329
2496126406.25,-10.26511
2496126562.5,-10.26825
2496126718.75,-10.27163
2496126875.0,-10.27367
2496127031.25,-10.27746
2496127187.5,-10.28033
2496127343.75,-10.2834
2496127500.0,-10.28682
2496127656.25,-10.28953
2496127812.5,-10.29173
2496127968.75,-10.29462
2496128125.0,-10.29728
2496128281.25,-10.30107
2496128437.5,-10.30281
2496128593.75,-10.30632
2496128750.0,-10.30884
2496128906.25,-10.31206
2496129062.5,-10.31527
2496129218.75,-10.31705
2496129375.0,-10.3195
2496129531.25,-10.32355
2496129687.5,-10.32693
2496129843.75,-10.33006
2496130000.0,-10.33172
2496130156.25,-10.33505
2496130312.5,-10.33741
2496130468.75,-10.34137
2496130625.0,-10.34411
2496130781.25,-10.34675
2496130937.5,-10.3498
2496131093.75,-10.35261
2496131250.0,-10.35528
2496131406.25,-10.35744
2496131562.5,-10.36112
2496131718.75,-10.36388
2496131875.0,-10.36702
2496132031.25,-10.37068
2496132187.5,-10.37284
2496132343.75,-10.37613
2496132500.0,-10.38008
2496132656.25,-10.38214
2496132812.5,-10.38455
2496132968.75,-10.38751
2496133125.0,-10.39107
2496133281.25,-10.39398
2496133437.5,-10.39592
2496133593.75,-10.39928
2496133750.0,-10.40203
2496133906.25,-10.4054
2496134062.5,-10.40818
2496134218.75,-10.41051
2496134375.0,-10.41419
2496134531.25,-10.41715
2496134687.5,-10.41899
2496134843.75,-10.42265
2496135000.0,-10.42499
2496135156.25,-10.4286
2496135312.5,-10.43181
2496135468.75,-10.43499
2496135625.0,-10.43662
2496135781.25,-10.44001
2496135937.5,-10.44293
2496136093.75,-10.44633
2496136250.0,-10.4493
2496136406.25,-10.45229
2496136562.5,-10.45492
2496136718.75,-10.45764
2496136875.0,-10.46086
2496137031.25,-10.46402
2496137187.5,-10.46702
2496137343.75,-10.47027
2496137500.0,-10.47298
2496137656.25,-10.4756
2496137812.5,-10.47842
2496137968.75,-10.48232
2496138125.0,-10.48469
2496138281.25,-10.48648
2496138437.5,-10.49079
2496138593.75,-10.4933
2496138750.0,-10.49674
2496138906.25,-10.50029
2496139062.5,-10.50223
2496139218.75,-10.5054
2496139375.0,-10.50806
2496139531.25,-10.51122
2496139687.5,-10.51374
2496139843.75,-10.51687
2496140000.0,-10.52065
2496140156.25,-10.52388
2496140312.5,-10.5256
2496140468.75,-10.52891
2496140625.0,-10.53185
2496140781.25,-10.53562
2496140937.5,-10.53742
2496141093.75,-10.54059
2496141250.0,-10.5439
2496141406.25,-10.54719
2496141562.5,-10.5499
2496141718.75,-10.55276
2496141875.0,-10.55543
2496142031.25,-10.55877
2496142187.5,-10.56201
2496142343.75,-10.56465
2496142500.0,-10.56724
2496142656.25,-10.57012
2496142812.5,-10.57345
2496142968.75,-10.57661
2496143125.0,-10.57941
2496143281.25,-10.58301
2496143437.5,-10.58532
2496143593.75,-10.58841
2496143750.0,-10.59198
2496143906.25,-10.59489
2496144062.5,-10.59818
2496144218.75,-10.6
2496144375.0,-10.60402
2496144531.25,-10.60589
2496144687.5,-10.60938
2496144843.75,-10.61162
2496145000.0,-10.61519
2496145156.25,-10.61752
2496145312.5,-10.62111
2496145468.75,-10.62338
2496145625.0,-10.62715
2496145781.25,-10.63003
2496145937.5,-10.63353
2496146093.75,-10.63555
2496146250.0,-10.63839
2496146406.25,-10.6428
2496146562.5,-10.64496
2496146718.75,-10.64744
2496146875.0,-10.65083
2496147031.25,-10.65347
2496147187.5,-10.65674
2496147343.75,-10.66062
2496147500.0,-10.66351
2496147656.25,-10.6658
2496147812.5,-10.66988
2496147968.75,-10.67175
2496148125.0,-10.67492
2496148281.25,-10.67687
2496148437.5,-10.681
2496148593.75,-10.68402
2496148750.0,-10.68713
2496148906.25,-10.69005
2496149062.5,-10.6928
2496149218.75,-10.69636
2496149375.0,-10.69962
2496149531.25,-10.70207
2496149687.5,-10.70485
2496149843.75,-10.70722
2496150000.0,-10.71066
2496150156.25,-10.71388
2496150312.5,-10.71661
2496150468.75,-10.72035
2496150625.0,-10.72316
2496150781.25,-10.727
2496150937.5,-10.72998
2496151093.75,-10.73288
2496151250.0,-10.73517
2496151406.25,-10.73849
2496151562.5,-10.74021
2496151718.75,-10.7441
2496151875.0,-10.74811
2496152031.25,-10.7505
2496152187.5,-10.75383
2496152343.75,-10.75595
2496152500.0,-10.75992
2496152656.25,-10.76252
2496152812.5,-10.76574
2496152968.75,-10.76771
2496153125.0,-10.77136
2496153281.25,-10.77479
2496153437.5,-10.77725
2496153593.75,-10.78113
2496153750.0,-10.78335
2496153906.25,-10.78727
2496154062.5,-10.78912
2496154218.75,-10.79341
2496154375.0,-10.79533
2496154531.25,-10.79952
2496154687.5,-10.80157
2496154843.75,-10.80392
2496155000.0,-10.80863
2496155156.25,-10.81071
2496155312.5,-10.81378
2496155468.75,-10.81745
2496155625.0,-10.81945
2496155781.25,-10.82369
2496155937.5,-10.82624
2496156093.75,-10.82911
2496156250.0,-10.83268
2496156406.25,-10.83531
2496156562.5,-10.83857
2496156718.75,-10.84113
2496156875.0,-10.84413
2496157031.25,-10.84742
2496157187.5,-10.84999
2496157343.75,-10.85367
2496157500.0,-10.85636
2496157656.25,-10.85988
2496157812.5,-10.86298
2496157968.75,-10.8655
2496158125.0,-10.8692
2496158281.25,-10.87106
2496158437.5,-10.87451
2496158593.75,-10.87756
2496158750.0,-10.88054
2496158906.25,-10.88383
2496159062.5,-10.88641
2496159218.75,-10.88983
2496159375.0,-10.89273
2496159531.25,-10.8968
2496159687.5,-10.89904
2496159843.75,-10.90321
2496160000.0,-10.90526
2496160156.25,-10.90822
2496160312.5,-10.91151
2496160468.75,-10.91426
2496160625.0,-10.9172
2496160781.25,-10.92047
2496160937.5,-10.92419
2496161093.75,-10.92717
2496161250.0,-10.92975
2496161406.25,-10.93262
2496161562.5,-10.93536
2496161718.75,-10.93814
2496161875.0,-10.94199
2496162031.25,-10.9448
2496162187.5,-10.94839
2496162343.75,-10.95094
2496162500.0,-10.9546
2496162656.25,-10.95714
2496162812.5,-10.96058
2496162968.75,-10.96396
2496163125.0,-10.96651
2496163281.25,-10.97017
2496163437.5,-10.97205
2496163593.75,-10.97505
2496163750.0,-10.9787
2496163906.25,-10.98205
2496164062.5,-10.98465
2496164218.75,-10.98822
2496164375.0,-10.99018
2496164531.25,-10.99409
2496164687.5,-10.99691
2496164843.75,-11.00098
2496165000.0,-11.00316
2496165156.25,-11.00584
2496165312.5,-11.00937
2496165468.75,-11.01222
2496165625.0,-11.01519
2496165781.25,-11.01817
2496165937.5,-11.02235
2496166093.75,-11.02545
2496166250.0,-11.02668
2496166406.25,-11.03034
2496166562.5,-11.03378
2496166718.75,-11.03658
2496166875.0,-11.04041
2496167031.25,-11.04213
2496167187.5,-11.04558
2496167343.75,-11.0491
2496167500.0,-11.05202
2496167656.25,-11.05528
2496167812.5,-11.05877
2496167968.75,-11.06139
2496168125.0,-11.06428
2496168281.25,-11.06865
2496168437.5,-11.07037
2496168593.75,-11.07346
2496168750.0,-11.07684
2496168906.25,-11.07941
2496169062.5,-11.08262
2496169218.75,-11.08615
2496169375.0,-11.08828
2496169531.25,-11.0921
2496169687.5,-11.0956
2496169843.75,-11.09853
2496170000.0,-11.10104
2496170156.25,-11.10441
2496170312.5,-11.10713
2496170468.75,-11.1107
2496170625.0,-11.11371
2496170781.25,-11.11674
2496170937.5,-11.11948
2496171093.75,-11.12213
2496171250.0,-11.12534
2496171406.25,-11.12884
2496171562.5,-11.13169
2496171718.75,-11.13491
2496171875.0,-11.13799
2496172031.25,-11.14087
2496172187.5,-11.14441
2496172343.75,-11.14707
2496172500.0,-11.15037
2496172656.25,-11.15374
2496172812.5,-11.15655
2496172968.75,-11.15978
2496173125.0,-11.16276
2496173281.25,-11.16491
2496173437.5,-11.16896
2496173593.75,-11.17117
2496173750.0,-11.17544
2496173906.25,-11.17775
2496174062.5,-11.18167
2496174218.75,-11.18444
2496174375.0,-11.18782
2496174531.25,-11.19113
2496174687.5,-11.19331
2496174843.75,-11.19675
2496175000.0,-11.20016
2496175156.25,-11.20318
2496175312.5,-11.20653
2496175468.75,-11.20951
2496175625.0,-11.21247
2496175781.25,-11.21551
2496175937.5,-11.21742
2496176093.75,-11.22148
2496176250.0,-11.22418
2496176406.25,-11.22767
2496176562.5,-11.23013
2496176718.75,-11.23469
2496176875.0,-11.23585
2496177031.25,-11.23946
2496177187.5,-11.24334
2496177343.75,-11.24579
2496177500.0,-11.24961
2496177656.25,-11.25233
2496177812.5,-11.25487
2496177968.75,-11.25838
2496178125.0,-11.26164
2496178281.25,-11.26464
2496178437.5,-11.26728
2496178593.75,-11.27071
2496178750.0,-11.27346
2496178906.25,-11.27771
2496179062.5,-11.28043
2496179218.75,-11.28244
2496179375.0,-11.28591
2496179531.25,-11.28942
2496179687.5,-11.29163
2496179843.75,-11.29587
2496180000.0,-11.29872
2496180156.25,-11.30179
2496180312.5,-11.30506
2496180468.75,-11.30777
2496180625.0,-11.31114
2496180781.25,-11.31443
2496180937.5,-11.31784
2496181093.75,-11.31986
2496181250.0,-11.32331
2496181406.25,-11.32572
2496181562.5,-11.32965
2496181718.75,-11.33286
2496181875.0,-11.33647
2496182031.25,-11.33846
2496182187.5,-11.34196
2496182343.75,-11.34413
2496182500.0,-11.34781
2496182656.25,-11.35109
2496182812.5,-11.35509
2496182968.75,-11.35768
2496183125.0,-11.35997
2496183281.25,-11.36405
2496183437.5,-11.36669
2496183593.75,-11.36985
2496183750.0,-11.37307
2496183906.25,-11.37559
2496184062.5,-11.37964
2496184218.75,-11.38188
2496184375.0,-11.38518
2496184531.25,-11.38892
2496184687.5,-11.39105
2496184843.75,-11.39409
2496185000.0,-11.39685
2496185156.25,-11.40056
2496185312.5,-11.40305
2496185468.75,-11.40684
2496185625.0,-11.40981
2496185781.25,-11.41307
2496185937.5,-11.41614
2496186093.75,-11.41874
2496186250.0,-11.42138
2496186406.25,-11.42549
2496186562.5,-11.42827
2496186718.75,-11.43181
2496186875.0,-11.43411
2496187031.25,-11.43765
2496187187.5,-11.44155
2496187343.75,-11.44411
2496187500.0,-11.44704
2496187656.25,-11.45025
2496187812.5,-11.45316
2496187968.75,-11.45689
2496188125.0,-11.45951
2496188281.25,-11.46314
2496188437.5,-11.46655
2496188593.75,-11.46879
2496188750.0,-11.47219
2496188906.25,-11.47448
2496189062.5,-11.47794
2496189218.75,-11.48123
2496189375.0,-11.48462
2496189531.25,-11.48766
2496189687.5,-11.49092
2496189843.75,-11.49297
2496190000.0,-11.49704
2496190156.25,-11.49972
2496190312.5,-11.5029
2496190468.75,-11.50667
2496190625.0,-11.50829
2496190781.25,-11.51304
2496190937.5,-11.51612
2496191093.75,-11.51913
2496191250.0,-11.52218
2496191406.25,-11.5252
2496191562.5,-11.52754
2496191718.75,-11.53185
2496191875.0,-11.5344
2496192031.25,-11.5377
2496192187.5,-11.54033
2496192343.75,-11.54353
2496192500.0,-11.54768
2496192656.25,-11.55058
2496192812.5,-11.55285
2496192968.75,-11.55667
2496193125.0,-11.55936
2496193281.25,-11.56196
2496193437.5,-11.5659
2496193593.75,-11.56838
2496193750.0,-11.57182
2496193906.25,-11.57448
2496194062.5,-11.57813
2496194218.75,-11.58087
2496194375.0,-11.58484
2496194531.25,-11.58745
2496194687.5,-11.58974
2496194843.75,-11.5932
2496195000.0,-11.5964
2496195156.25,-11.59869
2496195312.5,-11.60273
2496195468.75,-11.6048
2496195625.0,-11.60887
2496195781.25,-11.61222
2496195937.5,-11.61382
2496196093.75,-11.61776
2496196250.0,-11.62079
2496196406.25,-11.62402
2496196562.5,-11.62705
2496196718.75,-11.63035
2496196875.0,-11.63282
2496197031.25,-11.63664
2496197187.5,-11.63915
2496197343.75,-11.64209
2496197500.0,-11.64544
2496197656.25,-11.64866
2496197812.5,-11.65115
2496197968.75,-11.65498
2496198125.0,-11.65881
2496198281.25,-11.6604
2496198437.5,-11.66432
2496198593.75,-11.66722
2496198750.0,-11.67185
2496198906.25,-11.67376
2496199062.5,-11.67733
2496199218.75,-11.67978
2496199375.0,-11.68446
2496199531.25,-11.68586
2496199687.5,-11.69003
2496199843.75,-11.69221
2496200000.0,-11.69567
2496200156.25,-11.69899
2496200312.5,-11.70155
2496200468.75,-11.70537
2496200625.0,-11.70858
2496200781.25,-11.71128
2496200937.5,-11.71425
2496201093.75,-11.71775
2496201250.0,-11.72093
2496201406.25,-11.72281
2496201562.5,-11.72673
2496201718.75,-11.72981
2496201875.0,-11.73301
2496202031.25,-11.73607
2496202187.5,-11.73889
2496202343.75,-11.74246
2496202500.0,-11.74532
2496202656.25,-11.74827
2496202812.5,-11.75129
2496202968.75,-11.75525
2496203125.0,-11.75726
2496203281.25,-11.76068
2496203437.5,-11.7646
2496203593.75,-11.76706
2496203750.0,-11.77062
2496203906.25,-11.77379
2496204062.5,-11.7755
2496204218.75,-11.77943
2496204375.0,-11.78206
2496204531.25,-11.78596
2496204687.5,-11.78856
2496204843.75,-11.79177
2496205000.0,-11.79489
2496205156.25,-11.79793
2496205312.5,-11.801
2496205468.75,-11.80401
2496205625.0,-11.80762
2496205781.25,-11.81035
2496205937.5,-11.81374
2496206093.75,-11.81662
2496206250.0,-11.81949
2496206406.25,-11.82273
2496206562.5,-11.82572
2496206718.75,-11.82849
2496206875.0,-11.83128
2496207031.25,-11.83482
2496207187.5,-11.8383
2496207343.75,-11.8422
2496207500.0,-11.84461
2496207656.25,-11.84736
2496207812.5,-11.85173
2496207968.75,-11.85345
2496208125.0,-11.85746
2496208281.25,-11.86025
2496208437.5,-11.86308
2496208593.75,-11.866
2496208750.0,-11.86996
2496208906.25,-11.87244
2496209062.5,-11.87464
2496209218.75,-11.87835
2496209375.0,-11.8818
2496209531.25,-11.885
2496209687.5,-11.88746
2496209843.75,-11.89134
2496210000.0,-11.89395
2496210156.25,-11.89732
2496210312.5,-11.89995
2496210468.75,-11.9035
2496210625.0,-11.90586
2496210781.25,-11.90946
2496210937.5,-11.91221
2496211093.75,-11.91599
2496211250.0,-11.91852
2496211406.25,-11.92186
2496211562.5,-11.92437
2496211718.75,-11.92784
2496211875.0,-11.93093
2496212031.25,-11.93463
2496212187.5,-11.93798
2496212343.75,-11.94011
2496212500.0,-11.94429
2496212656.25,-11.94663
2496212812.5,-11.94942
2496212968.75,-11.95333
2496213125.0,-11.95607
2496213281.25,-11.95881
2496213437.5,-11.96134
2496213593.75,-11.96453
2496213750.0,-11.96769
2496213906.25,-11.97109
2496214062.5,-11.97499
2496214218.75,-11.97823
2496214375.0,-11.98062
2496214531.25,-11.9846
2496214687.5,-11.98655
2496214843.75,-11.99026
2496215000.0,-11.99367
2496215156.25,-11.99627
2496215312.5,-11.9993
2496215468.75,-12.00231
2496215625.0,-12.00585
2496215781.25,-12.00863
2496215937.5,-12.01156
2496216093.75,-12.01539
2496216250.0,-12.01855
2496216406.25,-12.02132
2496216562.5,-12.02393
2496216718.75,-12.02603
2496216875.0,-12.02977
2496217031.25,-12.03269
2496217187.5,-12.03623
2496217343.75,-12.03965
2496217500.0,-12.04189
2496217656.25,-12.04564
2496217812.5,-12.04782
2496217968.75,-12.05252
2496218125.0,-12.05493
2496218281.25,-12.05866
2496218437.5,-12.06109
2496218593.75,-12.06536
2496218750.0,-12.06684
2496218906.25,-12.06975
2496219062.5,-12.07393
2496219218.75,-12.0765
2496219375.0,-12.07945
2496219531.25,-12.08333
2496219687.5,-12.08558
2496219843.75,-12.08935
2496220000.0,-12.09214
2496220156.25,-12.09509
2496220312.5,-12.09815
2496220468.75,-12.10137
2496220625.0,-12.10402
2496220781.25,-12.10799
2496220937.5,-12.11073
2496221093.75,-12.11333
2496221250.0,-12.11697
2496221406.25,-12.12058
2496221562.5,-12.12308
2496221718.75,-12.12564
2496221875.0,-12.12963
2496222031.25,-12.13268
2496222187.5,-12.13487
2496222343.75,-12.13793
2496222500.0,-12.14134
2496222656.25,-12.14408
2496222812.5,-12.14775
2496222968.75,-12.1517
2496223125.0,-12.15415
2496223281.25,-12.15668
2496223437.5,-12.16036
2496223593.75,-12.16317
2496223750.0,-12.16673
2496223906.25,-12.16965
2496224062.5,-12.17207
2496224218.75,-12.17554
2496224375.0,-12.17847
2496224531.25,-12.18143
2496224687.5,-12.18474
2496224843.75,-12.18816
2496225000.0,-12.18996
2496225156.25,-12.19359
2496225312.5,-12.19626
2496225468.75,-12.19977
2496225625.0,-12.20365
2496225781.25,-12.20653
2496225937.5,-12.20913
2496226093.75,-12.21276
2496226250.0,-12.21525
2496226406.25,-12.21858
2496226562.5,-12.22156
2496226718.75,-12.22449
2496226875.0,-12.22776
2496227031.25,-12.23071
2496227187.5,-12.23358
2496227343.75,-12.23711
2496227500.0,-12.24064
2496227656.25,-12.24228
2496227812.5,-12.24623
2496227968.75,-12.24911
2496228125.0,-12.25296
2496228281.25,-12.2556
2496228437.5,-12.25861
2496228593.75,-12.26233
2496228750.0,-12.26544
2496228906.25,-12.26763
2496229062.5,-12.27012
2496229218.75,-12.27384
2496229375.0,-12.27723
2496229531.25,-12.28053
2496229687.5,-12.28301
2496229843.75,-12.28542
2496230000.0,-12.28904
2496230156.25,-12.29289
2496230312.5,-12.29541
2496230468.75,-12.29918
2496230625.0,-12.30107
2496230781.25,-12.30411
2496230937.5,-12.30828
2496231093.75,-12.31034
2496231250.0,-12.31465
2496231406.25,-12.31804
2496231562.5,-12.32002
2496231718.75,-12.32394
2496231875.0,-12.3264
2496232031.25,-12.32936
2496232187.5,-12.33207
2496232343.75,-12.33553
2496232500.0,-12.33756
2496232656.25,-12.34131
2496232812.5,-12.34462
2496232968.75,-12.3475
2496233125.0,-12.35071
2496233281.25,-12.3534
2496233437.5,-12.35696
2496233593.75,-12.35988
2496233750.0,-12.36241
2496233906.25,-12.36581
2496234062.5,-12.36819
2496234218.75,-12.37211
2496234375.0,-12.37506
2496234531.25,-12.37836
2496234687.5,-12.38072
2496234843.75,-12.38457
2496235000.0,-12.38783
2496235156.25,-12.38992
2496235312.5,-12.39378
2496235468.75,-12.39709
2496235625.0,-12.40029
2496235781.25,-12.40399
2496235937.5,-12.40622
2496236093.75,-12.40875
2496236250.0,-12.41211
2496236406.25,-12.41516
2496236562.5,-12.4177
2496236718.75,-12.42132
2496236875.0,-12.42433
2496237031.25,-12.42717
2496237187.5,-12.43028
2496237343.75,-12.43338
2496237500.0,-12.4365
2496237656.25,-12.43958
2496237812.5,-12.44307
2496237968.75,-12.44537
2496238125.0,-12.44877
2496238281.25,-12.45011
2496238437.5,-12.45416
2496238593.75,-12.45742
2496238750.0,-12.4607
2496238906.25,-12.46466
2496239062.5,-12.46761
2496239218.75,-12.46979
2496239375.0,-12.47223
2496239531.25,-12.4773
2496239687.5,-12.4793
2496239843.75,-12.48207
2496240000.0,-12.48506
2496240156.25,-12.48888
2496240312.5,-12.49146
2496240468.75,-12.49447
2496240625.0,-12.49759
2496240781.25,-12.50166
2496240937.5,-12.50367
2496241093.75,-12.50666
2496241250.0,-12.50924
2496241406.25,-12.51323
2496241562.5,-12.51543
2496241718.75,-12.51903
2496241875.0,-12.52142
2496242031.25,-12.52547
2496242187.5,-12.52806
2496242343.75,-12.5319
2496242500.0,-12.53548
2496242656.25,-12.53659
2496242812.5,-12.5414
2496242968.75,-12.54334
2496243125.0,-12.54691
2496243281.25,-12.54947
2496243437.5,-12.55207
2496243593.75,-12.5554
2496243750.0,-12.55801
2496243906.25,-12.56125
2496244062.5,-12.56442
2496244218.75,-12.56716
2496244375.0,-12.57079
2496244531.25,-12.57331
2496244687.5,-12.57668
2496244843.75,-12.58003
2496245000.0,-12.58244
2496245156.25,-12.5859
2496245312.5,-12.58915
2496245468.75,-12.59131
2496245625.0,-12.59508
2496245781.25,-12.59865
2496245937.5,-12.60109
2496246093.75,-12.60335
2496246250.0,-12.60648
2496246406.25,-12.61075
2496246562.5,-12.61395
2496246718.75,-12.61649
2496246875.0,-12.61907
2496247031.25,-12.6238
2496247187.5,-12.62532
2496247343.75,-12.62829
2496247500.0,-12.63112
2496247656.25,-12.63411
2496247812.5,-12.63767
2496247968.75,-12.64135
2496248125.0,-12.64379
2496248281.25,-12.64662
2496248437.5,-12.64965
2496248593.75,-12.65333
2496248750.0,-12.65562
2496248906.25,-12.65854
2496249062.5,-12.66276
2496249218.75,-12.66403
2496249375.0,-12.66793
2496249531.25,-12.67111
2496249687.5,-12.67426
2496249843.75,-12.67746
2496250000.0,-12.68087
2496250156.25,-12.6839
2496250312.5,-12.68608
2496250468.75,-12.68866
2496250625.0,-12.69194
2496250781.25,-12.69491
2496250937.5,-12.69914
2496251093.75,-12.7017
2496251250.0,-12.70504
2496251406.25,-12.70786
2496251562.5,-12.71103
2496251718.75,-12.71299
2496251875.0,-12.71531
2496252031.25,-12.71997
2496252187.5,-12.72317
2496252343.75,-12.72638
2496252500.0,-12.72862
2496252656.25,-12.73221
2496252812.5,-12.73557
2496252968.75,-12.73827
2496253125.0,-12.74113
2496253281.25,-12.74366
2496253437.5,-12.74718
2496253593.75,-12.74982
2496253750.0,-12.75305
2496253906.25,-12.7561
2496254062.5,-12.75951
2496254218.75,-12.76174
2496254375.0,-12.76409
2496254531.25,-12.76765
2496254687.5,-12.77123
2496254843.75,-12.77302
2496255000.0,-12.77598
2496255156.25,-12.77972
2496255312.5,-12.78299
2496255468.75,-12.7859
2496255625.0,-12.78952
2496255781.25,-12.79221
2496255937.5,-12.79412
2496256093.75,-12.79815
2496256250.0,-12.80132
2496256406.25,-12.80408
2496256562.5,-12.80766
2496256718.75,-12.80923
2496256875.0,-12.81341
2496257031.25,-12.81645
2496257187.5,-12.81885
2496257343.75,-12.82243
2496257500.0,-12.82421
2496257656.25,-12.82905
2496257812.5,-12.83159
2496257968.75,-12.83352
2496258125.0,-12.83785
2496258281.25,-12.84011
2496258437.5,-12.84366
2496258593.75,-12.84597
2496258750.0,-12.84942
2496258906.25,-12.85242
2496259062.5,-12.85515
2496259218.75,-12.8587
2496259375.0,-12.8617
2496259531.25,-12.8645
2496259687.5,-12.8671
2496259843.75,-12.87082
2496260000.0,-12.87344
2496260156.25,-12.87586
2496260312.5,-12.87935
2496260468.75,-12.88348
2496260625.0,-12.88454
2496260781.25,-12.8882
2496260937.5,-12.89174
2496261093.75,-12.8944
2496261250.0,-12.89731
2496261406.25,-12.89985
2496261562.5,-12.90401
2496261718.75,-12.90598
2496261875.0,-12.90976
2496262031.25,-12.91225
2496262187.5,-12.9147
2496262343.75,-12.91907
2496262500.0,-12.92081
2496262656.25,-12.92429
2496262812.5,-12.92814
2496262968.75,-12.9314
2496263125.0,-12.93307
2496263281.25,-12.93744
2496263437.5,-12.9406
2496263593.75,-12.94252
2496263750.0,-12.94517
2496263906.25,-12.94796
2496264062.5,-12.95124
2496264218.75,-12.95465
2496264375.0,-12.95754
2496264531.25,-12.96035
2496264687.5,-12.96326
2496264843.75,-12.96541
2496265000.0,-12.96915
2496265156.25,-12.97268
2496265312.5,-12.9756
2496265468.75,-12.97826
2496265625.0,-12.98119
2496265781.25,-12.98482
2496265937.5,-12.9879
2496266093.75,-12.99098
2496266250.0,-12.99306
2496266406.25,-12.9965
2496266562.5,-12.99906
2496266718.75,-13.00279
2496266875.0,-13.00601
2496267031.25,-13.0088
2496267187.5,-13.01063
2496267343.75,-13.01346
2496267500.0,-13.01708
2496267656.25,-13.01913
2496267812.5,-13.02416
2496267968.75,-13.02628
2496268125.0,-13.02897
2496268281.25,-13.03115
2496268437.5,-13.03453
2496268593.75,-13.03866
2496268750.0,-13.04028
2496268906.25,-13.0434
2496269062.5,-13.04746
2496269218.75,-13.05003
2496269375.0,-13.05306
2496269531.25,-13.05521
2496269687.5,-13.05857
2496269843.75,-13.06233
2496270000.0,-13.0651
2496270156.25,-13.06725
2496270312.5,-13.07059
2496270468.75,-13.07396
2496270625.0,-13.07652
2496270781.25,-13.07986
2496270937.5,-13.08199
2496271093.75,-13.08463
2496271250.0,-13.08836
2496271406.25,-13.09206
2496271562.5,-13.09459
2496271718.75,-13.09772
2496271875.0,-13.1006
2496272031.25,-13.10422
2496272187.5,-13.10684
2496272343.75,-13.10938
2496272500.0,-13.11212
2496272656.25,-13.11542
2496272812.5,-13.11942
2496272968.75,-13.12147
2496273125.0,-13.12382
2496273281.25,-13.1275
2496273437.5,-13.13114
2496273593.75,-13.13436
2496273750.0,-13.13705
2496273906.25,-13.13934
2496274062.5,-13.14273
2496274218.75,-13.14541
2496274375.0,-13.14816
2496274531.25,-13.15083
2496274687.5,-13.15507
2496274843.75,-13.15728
2496275000.0,-13.16062
2496275156.25,-13.1642
2496275312.5,-13.16578
2496275468.75,-13.16934
2496275625.0,-13.17139
2496275781.25,-13.1745
2496275937.5,-13.17792
2496276093.75,-13.18092
2496276250.0,-13.18392
2496276406.25,-13.18671
2496276562.5,-13.18941
2496276718.75,-13.19212
2496276875.0,-13.19598
2496277031.25,-13.19852
2496277187.5,-13.20182
2496277343.75,-13.20491
2496277500.0,-13.20774
2496277656.25,-13.21044
2496277812.5,-13.21353
2496277968.75,-13.21682
2496278125.0,-13.21803
2496278281.25,-13.22211
2496278437.5,-13.22461
2496278593.75,-13.22882
2496278750.0,-13.23199
2496278906.25,-13.2351
2496279062.5,-13.23642
2496279218.75,-13.24015
2496279375.0,-13.24301
2496279531.25,-13.24626
2496279687.5,-13.24977
2496279843.75,-13.25153
2496280000.0,-13.255
2496280156.25,-13.25846
2496280312.5,-13.2609
2496280468.75,-13.26344
2496280625.0,-13.26644
2496280781.25,-13.26943
2496280937.5,-13.27291
2496281093.75,-13.27531
2496281250.0,-13.27791
2496281406.25,-13.28141
2496281562.5,-13.28374
2496281718.75,-13.2876
2496281875.0,-13.29026
2496282031.25,-13.29293
2496282187.5,-13.29622
2496282343.75,-13.29841
2496282500.0,-13.30241
2496282656.25,-13.30587
2496282812.5,-13.30744
2496282968.75,-13.3113
2496283125.0,-13.31367
2496283281.25,-13.31722
2496283437.5,-13.31991
2496283593.75,-13.3228
2496283750.0,-13.32592
2496283906.25,-13.32877
2496284062.5,-13.33147
2496284218.75,-13.33451
2496284375.0,-13.33705
2496284531.25,-13.33963
2496284687.5,-13.34468
2496284843.75,-13.34643
2496285000.0,-13.34921
2496285156.25,-13.35153
2496285312.5,-13.35558
2496285468.75,-13.3582
2496285625.0,-13.36009
2496285781.25,-13.36329
2496285937.5,-13.36623
2496286093.75,-13.37021
2496286250.0,-13.37333
2496286406.25,-13.37527
2496286562.5,-13.37764
2496286718.75,-13.38182
2496286875.0,-13.38392
2496287031.25,-13.38738
2496287187.5,-13.39013
2496287343.75,-13.39346
2496287500.0,-13.3953
2496287656.25,-13.39883
2496287812.5,-13.40084
2496287968.75,-13.4058
2496288125.0,-13.40829
2496288281.25,-13.41034
2496288437.5,-13.41347
2496288593.75,-13.41673
2496288750.0,-13.41942
2496288906.25,-13.42314
2496289062.5,-13.42572
2496289218.75,-13.42767
2496289375.0,-13.43071
2496289531.25,-13.43332
2496289687.5,-13.43657
2496289843.75,-13.44012
2496290000.0,-13.44313
2496290156.25,-13.44592
2496290312.5,-13.44882
2496290468.75,-13.4516
2496290625.0,-13.45471
2496290781.25,-13.45756
2496290937.5,-13.46104
2496291093.75,-13.46382
2496291250.0,-13.46625
2496291406.25,-13.46974
2496291562.5,-13.47137
2496291718.75,-13.47581
2496291875.0,-13.47875
2496292031.25,-13.48163
2496292187.5,-13.48303
2496292343.75,-13.48603
2496292500.0,-13.4893
2496292656.25,-13.49288
2496292812.5,-13.49532
2496292968.75,-13.49853
2496293125.0,-13.50181
2496293281.25,-13.50365
2496293437.5,-13.50627
2496293593.75,-13.51069
2496293750.0,-13.51181
2496293906.25,-13.51648
2496294062.5,-13.51844
2496294218.75,-13.52216
2496294375.0,-13.52466
2496294531.25,-13.527
2496294687.5,-13.53092
2496294843.75,-13.53334
2496295000.0,-13.53557
2496295156.25,-13.53913
2496295312.5,-13.54151
2496295468.75,-13.54527
2496295625.0,-13.5476
2496295781.25,-13.54923
2496295937.5,-13.55304
2496296093.75,-13.55594
2496296250.0,-13.55929
2496296406.25,-13.56211
2496296562.5,-13.56328
2496296718.75,-13.569
2496296875.0,-13.57038
2496297031.25,-13.57361
2496297187.5,-13.5766
2496297343.75,-13.57948
2496297500.0,-13.58317
2496297656.25,-13.58581
2496297812.5,-13.58829
2496297968.75,-13.59113
2496298125.0,-13.59434
2496298281.25,-13.59663
2496298437.5,-13.601
2496298593.75,-13.60203
2496298750.0,-13.60577
2496298906.25,-13.60839
2496299062.5,-13.61075
2496299218.75,-13.61523
2496299375.0,-13.61643
2496299531.25,-13.62155
2496299687.5,-13.624
2496299843.75,-13.6258
2496300000.0,-13.62948
2496300156.25,-13.63117
2496300312.5,-13.63432
2496300468.75,-13.63809
2496300625.0,-13.64046
2496300781.25,-13.64343
2496300937.5,-13.64663
2496301093.75,-13.64875
2496301250.0,-13.65127
2496301406.25,-13.65502
2496301562.5,-13.65738
2496301718.75,-13.66163
2496301875.0,-13.66331
2496302031.25,-13.66654
2496302187.5,-13.66887
2496302343.75,-13.67194
2496302500.0,-13.67503
2496302656.25,-13.67788
2496302812.5,-13.68044
2496302968.75,-13.68316
2496303125.0,-13.68696
2496303281.25,-13.68807
2496303437.5,-13.6922
2496303593.75,-13.69545
2496303750.0,-13.69855
2496303906.25,-13.701
2496304062.5,-13.70382
2496304218.75,-13.70677
2496304375.0,-13.70917
2496304531.25,-13.71205
2496304687.5,-13.71465
2496304843.75,-13.71864
2496305000.0,-13.72044
2496305156.25,-13.72356
2496305312.5,-13.72656
2496305468.75,-13.72959
2496305625.0,-13.7317
2496305781.25,-13.7352
2496305937.5,-13.73768
2496306093.75,-13.74135
2496306250.0,-13.74334
2496306406.25,-13.74659
2496306562.5,-13.74909
2496306718.75,-13.75233
2496306875.0,-13.75549
2496307031.25,-13.75749
2496307187.5,-13.76141
2496307343.75,-13.76359
2496307500.0,-13.76719
2496307656.25,-13.76951
2496307812.5,-13.7729
2496307968.75,-13.77387
2496308125.0,-13.77683
2496308281.25,-13.78097
2496308437.5,-13.78314
2496308593.75,-13.7863
2496308750.0,-13.78922
2496308906.25,-13.79199
2496309062.5,-13.79547
2496309218.75,-13.79753
2496309375.0,-13.80145
2496309531.25,-13.80369
2496309687.5,-13.80635
2496309843.75,-13.81013
2496310000.0,-13.81261
2496310156.25,-13.81498
2496310312.5,-13.81835
2496310468.75,-13.82102
2496310625.0,-13.82266
2496310781.25,-13.82654
2496310937.5,-13.82845
2496311093.75,-13.83279
2496311250.0,-13.83589
2496311406.25,-13.83881
2496311562.5,-13.84068
2496311718.75,-13.843
2496311875.0,-13.84715
2496312031.25,-13.8489
2496312187.5,-13.85172
2496312343.75,-13.85548
2496312500.0,-13.85791
2496312656.25,-13.86129
2496312812.5,-13.8651
2496312968.75,-13.86641
2496313125.0,-13.86986
2496313281.25,-13.87035
2496313437.5,-13.87456
2496313593.75,-13.87775
2496313750.0,-13.88046
2496313906.25,-13.88441
2496314062.5,-13.88566
2496314218.75,-13.88918
2496314375.0,-13.89237
2496314531.25,-13.89469
2496314687.5,-13.89808
2496314843.75,-13.90136
2496315000.0,-13.90349
2496315156.25,-13.90646
2496315312.5,-13.90979
2496315468.75,-13.9124
2496315625.0,-13.91391
2496315781.25,-13.91714
2496315937.5,-13.92182
2496316093.75,-13.92324
2496316250.0,-13.92735
2496316406.25,-13.92956
2496316562.5,-13.93162
2496316718.75,-13.9342
2496316875.0,-13.9377
2496317031.25,-13.94116
2496317187.5,-13.94343
2496317343.75,-13.9463
2496317500.0,-13.94945
2496317656.25,-13.95139
2496317812.5,-13.95452
2496317968.75,-13.95641
2496318125.0,-13.95998
2496318281.25,-13.96244
2496318437.5,-13.96629
2496318593.75,-13.96877
2496318750.0,-13.9709
2496318906.25,-13.97427
2496319062.5,-13.97762
2496319218.75,-13.98046
2496319375.0,-13.98301
2496319531.25,-13.98555
2496319687.5,-13.99004
2496319843.75,-13.99279
2496320000.0,-13.99393
2496320156.25,-13.99687
2496320312.5,-13.99846
2496320468.75,-14.00146
2496320625.0,-14.00512
2496320781.25,-14.00708
2496320937.5,-14.0107
2496321093.75,-14.01434
2496321250.0,-14.01656
2496321406.25,-14.02019
2496321562.5,-14.02315
2496321718.75,-14.02559
2496321875.0,-14.0282
2496322031.25,-14.03063
2496322187.5,-14.03285
2496322343.75,-14.03658
2496322500.0,-14.03946
2496322656.25,-14.04147
2496322812.5,-14.04588
2496322968.75,-14.04788
2496323125.0,-14.05046
2496323281.25,-14.0535
2496323437.5,-14.05538
2496323593.75,-14.05883
2496323750.0,-14.06111
2496323906.25,-14.06468
2496324062.5,-14.06716
2496324218.75,-14.06939
2496324375.0,-14.07333
2496324531.25,-14.07553
2496324687.5,-14.07821
2496324843.75,-14.08068
2496325000.0,-14.08366
2496325156.25,-14.08672
2496325312.5,-14.08941
2496325468.75,-14.09195
2496325625.0,-14.09528
2496325781.25,-14.09738
2496325937.5,-14.09998
2496326093.75,-14.10332
2496326250.0,-14.10674
2496326406.25,-14.10787
2496326562.5,-14.11261
2496326718.75,-14.11548
2496326875.0,-14.11779
2496327031.25,-14.12021
2496327187.5,-14.12275
2496327343.75,-14.12576
2496327500.0,-14.12854
2496327656.25,-14.13135
2496327812.5,-14.13496
2496327968.75,-14.13724
2496328125.0,-14.13967
2496328281.25,-14.14219
2496328437.5,-14.14604
2496328593.75,-14.1496
2496328750.0,-14.15121
2496328906.25,-14.15293
2496329062.5,-14.15656
2496329218.75,-14.15909
2496329375.0,-14.16226
2496329531.25,-14.16564
2496329687.5,-14.16698
2496329843.75,-14.17098
2496330000.0,-14.17271
2496330156.25,-14.17656
2496330312.5,-14.17947
2496330468.75,-14.18108
2496330625.0,-14.18501
2496330781.25,-14.18707
2496330937.5,-14.18918
2496331093.75,-14.19302
2496331250.0,-14.19444
2496331406.25,-14.19839
2496331562.5,-14.2016
2496331718.75,-14.20433
2496331875.0,-14.20576
2496332031.25,-14.20932
2496332187.5,-14.21152
2496332343.75,-14.21558
2496332500.0,-14.21813
2496332656.25,-14.22018
2496332812.5,-14.2238
2496332968.75,-14.22607
2496333125.0,-14.22857
2496333281.25,-14.23073
2496333437.5,-14.23517
2496333593.75,-14.23569
2496333750.0,-14.2401
2496333906.25,-14.24332
2496334062.5,-14.24415
2496334218.75,-14.24759
2496334375.0,-14.25058
2496334531.25,-14.25313
2496334687.5,-14.25574
2496334843.75,-14.26034
2496335000.0,-14.26166
2496335156.25,-14.26562
2496335312.5,-14.26728
2496335468.75,-14.27086
2496335625.0,-14.2726
2496335781.25,-14.27581
2496335937.5,-14.27872
2496336093.75,-14.28142
2496336250.0,-14.28478
2496336406.25,-14.28694
2496336562.5,-14.28961
2496336718.75,-14.29103
2496336875.0,-14.29568
2496337031.25,-14.29794
2496337187.5,-14.30116
2496337343.75,-14.30333
2496337500.0,-14.30527
2496337656.25,-14.30811
2496337812.5,-14.31258
2496337968.75,-14.31379
2496338125.0,-14.31696
2496338281.25,-14.32014
2496338437.5,-14.32216
2496338593.75,-14.32513
2496338750.0,-14.32771
2496338906.25,-14.3314
2496339062.5,-14.33377
2496339218.75,-14.33644
2496339375.0,-14.33932
2496339531.25,-14.34263
2496339687.5,-14.34477
2496339843.75,-14.34711
2496340000.0,-14.3504
2496340156.25,-14.353
2496340312.5,-14.35589
2496340468.75,-14.35797
2496340625.0,-14.36071
2496340781.25,-14.36489
2496340937.5,-14.36733
2496341093.75,-14.36865
2496341250.0,-14.37352
2496341406.25,-14.37543
2496341562.5,-14.37833
2496341718.75,-14.38182
2496341875.0,-14.38402
2496342031.25,-14.38604
2496342187.5,-14.38865
2496342343.75,-14.39194
2496342500.0,-14.39419
2496342656.25,-14.39858
2496342812.5,-14.39835
2496342968.75,-14.40279
2496343125.0,-14.40631
2496343281.25,-14.40678
2496343437.5,-14.41117
2496343593.75,-14.4135
2496343750.0,-14.41555
2496343906.25,-14.41821
2496344062.5,-14.42282
2496344218.75,-14.42457
2496344375.0,-14.42793
2496344531.25,-14.42895
2496344687.5,-14.43191
2496344843.75,-14.43518
2496345000.0,-14.43788
2496345156.25,-14.44129
2496345312.5,-14.44423
2496345468.75,-14.44623
2496345625.0,-14.44893
2496345781.25,-14.45144
2496345937.5,-14.45444
2496346093.75,-14.45723
2496346250.0,-14.45988
2496346406.25,-14.46374
2496346562.5,-14.46639
2496346718.75,-14.4669
2496346875.0,-14.47144
2496347031.25,-14.47394
2496347187.5,-14.47627
2496347343.75,-14.4789
2496347500.0,-14.48126
2496347656.25,-14.48519
2496347812.5,-14.48676
2496347968.75,-14.49034
2496348125.0,-14.49254
2496348281.25,-14.49539
2496348437.5,-14.49846
2496348593.75,-14.50108
2496348750.0,-14.50437
2496348906.25,-14.50663
2496349062.5,-14.50882
2496349218.75,-14.51223
2496349375.0,-14.51352
2496349531.25,-14.51687
2496349687.5,-14.52059
2496349843.75,-14.52202
2496350000.0,-14.52515
2496350156.25,-14.52733
2496350312.5,-14.52981
2496350468.75,-14.53261
2496350625.0,-14.53606
2496350781.25,-14.5383
2496350937.5,-14.54199
2496351093.75,-14.54372
2496351250.0,-14.54652
2496351406.25,-14.54936
2496351562.5,-14.55086
2496351718.75,-14.55467
2496351875.0,-14.55684
2496352031.25,-14.56029
2496352187.5,-14.56307
2496352343.75,-14.56522
2496352500.0,-14.56777
2496352656.25,-14.57164
2496352812.5,-14.57479
2496352968.75,-14.57677
2496353125.0,-14.5799
2496353281.25,-14.58187
2496353437.5,-14.58401
2496353593.75,-14.58697
2496353750.0,-14.58952
2496353906.25,-14.5928
2496354062.5,-14.59572
2496354218.75,-14.59795
2496354375.0,-14.60104
2496354531.25,-14.6029
2496354687.5,-14.60636
2496354843.75,-14.60962
2496355000.0,-14.61185
2496355156.25,-14.61496
2496355312.5,-14.61726
2496355468.75,-14.61976
2496355625.0,-14.6216
2496355781.25,-14.62543
2496355937.5,-14.62789
2496356093.75,-14.63041
2496356250.0,-14.63362
2496356406.25,-14.63612
2496356562.5,-14.6392
2496356718.75,-14.64149
2496356875.0,-14.64434
2496357031.25,-14.64602
2496357187.5,-14.64948
2496357343.75,-14.65218
2496357500.0,-14.65475
2496357656.25,-14.6587
2496357812.5,-14.65987
2496357968.75,-14.66234
2496358125.0,-14.66537
2496358281.25,-14.66968
2496358437.5,-14.67131
2496358593.75,-14.67254
2496358750.0,-14.67656
2496358906.25,-14.67819
2496359062.5,-14.68089
2496359218.75,-14.68408
2496359375.0,-14.68682
2496359531.25,-14.68979
2496359687.5,-14.69196
2496359843.75,-14.69419
2496360000.0,-14.69708
2496360156.25,-14.70016
2496360312.5,-14.70347
2496360468.75,-14.70619
2496360625.0,-14.70792
2496360781.25,-14.71113
2496360937.5,-14.7134
2496361093.75,-14.71637
2496361250.0,-14.71961
2496361406.25,-14.72162
2496361562.5,-14.72509
2496361718.75,-14.72725
2496361875.0,-14.72924
2496362031.25,-14.73362
2496362187.5,-14.73638
2496362343.75,-14.73724
2496362500.0,-14.74014
2496362656.25,-14.74299
2496362812.5,-14.74595
2496362968.75,-14.74738
2496363125.0,-14.75106
2496363281.25,-14.75402
2496363437.5,-14.75671
2496363593.75,-14.75869
2496363750.0,-14.76254
2496363906.25,-14.76482
2496364062.5,-14.7671
2496364218.75,-14.76936
2496364375.0,-14.7729
2496364531.25,-14.77418
2496364687.5,-14.77832
2496364843.75,-14.78041
2496365000.0,-14.78244
2496365156.25,-14.78572
2496365312.5,-14.79035
2496365468.75,-14.79037
2496365625.0,-14.79353
2496365781.25,-14.79665
2496365937.5,-14.79888
2496366093.75,-14.80275
2496366250.0,-14.80298
2496366406.25,-14.80673
2496366562.5,-14.80965
2496366718.75,-14.81138
2496366875.0,-14.81435
2496367031.25,-14.818
2496367187.5,-14.81975
2496367343.75,-14.82131
2496367500.0,-14.82544
2496367656.25,-14.82789
2496367812.5,-14.83079
2496367968.75,-14.8339
2496368125.0,-14.8358
2496368281.25,-14.83947
2496368437.5,-14.84173
2496368593.75,-14.84412
2496368750.0,-14.84705
2496368906.25,-14.84932
2496369062.5,-14.85261
2496369218.75,-14.85485
2496369375.0,-14.85666
2496369531.25,-14.8596
2496369687.5,-14.86353
2496369843.75,-14.86569
2496370000.0,-14.86839
2496370156.25,-14.87148
2496370312.5,-14.87246
2496370468.75,-14.87588
2496370625.0,-14.87837
2496370781.25,-14.8813
2496370937.5,-14.88262
2496371093.75,-14.88668
2496371250.0,-14.89034
2496371406.25,-14.89218
2496371562.5,-14.89469
2496371718.75,-14.89715
2496371875.0,-14.90012
2496372031.25,-14.90186
2496372187.5,-14.904
2496372343.75,-14.90748
2496372500.0,-14.90775
2496372656.25,-14.91141
2496372812.5,-14.91545
2496372968.75,-14.91841
2496373125.0,-14.92076
2496373281.25,-14.92342
2496373437.5,-14.92573
2496373593.75,-14.92798
2496373750.0,-14.93177
2496373906.25,-14.93476
2496374062.5,-14.93568
2496374218.75,-14.93875
2496374375.0,-14.9423
2496374531.25,-14.94305
2496374687.5,-14.94718
2496374843.75,-14.94884
2496375000.0,-14.95173
2496375156.25,-14.95528
2496375312.5,-14.95719
2496375468.75,-14.9616
2496375625.0,-14.96339
2496375781.25,-14.96599
2496375937.5,-14.96855
2496376093.75,-14.97145
2496376250.0,-14.97336
2496376406.25,-14.97638
2496376562.5,-14.97785
2496376718.75,-14.98067
2496376875.0,-14.98457
2496377031.25,-14.98644
2496377187.5,-14.98865
2496377343.75,-14.99052
2496377500.0,-14.99464
2496377656.25,-14.99683
2496377812.5,-14.99977
2496377968.75,-15.00162
2496378125.0,-15.00426
2496378281.25,-15.0076
2496378437.5,-15.00984
2496378593.75,-15.01221
2496378750.0,-15.01541
2496378906.25,-15.01694
2496379062.5,-15.01945
2496379218.75,-15.02246
2496379375.0,-15.02487
2496379531.25,-15.0285
2496379687.5,-15.03
2496379843.75,-15.03334
2496380000.0,-15.03515
2496380156.25,-15.03834
2496380312.5,-15.04134
2496380468.75,-15.04332
2496380625.0,-15.04638
2496380781.25,-15.04874
2496380937.5,-15.05026
2496381093.75,-15.05504
2496381250.0,-15.05602
2496381406.25,-15.05958
2496381562.5,-15.06213
2496381718.75,-15.06442
2496381875.0,-15.06734
2496382031.25,-15.07012
2496382187.5,-15.07362
2496382343.75,-15.07506
2496382500.0,-15.0779
2496382656.25,-15.08125
2496382812.5,-15.08219
2496382968.75,-15.08573
2496383125.0,-15.08821
2496383281.25,-15.09073
2496383437.5,-15.09274
2496383593.75,-15.09451
2496383750.0,-15.09803
2496383906.25,-15.10201
2496384062.5,-15.10295
2496384218.75,-15.1064
2496384375.0,-15.10884
2496384531.25,-15.11076
2496384687.5,-15.11332
2496384843.75,-15.11609
2496385000.0,-15.11845
2496385156.25,-15.1206
2496385312.5,-15.124
2496385468.75,-15.12553
2496385625.0,-15.12871
2496385781.25,-15.13208
2496385937.5,-15.13403
2496386093.75,-15.13725
2496386250.0,-15.13943
2496386406.25,-15.14254
2496386562.5,-15.14481
2496386718.75,-15.14816
2496386875.0,-15.14962
2496387031.25,-15.15328
2496387187.5,-15.15506
2496387343.75,-15.15647
2496387500.0,-15.16043
2496387656.25,-15.16228
2496387812.5,-15.16531
2496387968.75,-15.16813
2496388125.0,-15.1706
2496388281.25,-15.17303
2496388437.5,-15.17607
2496388593.75,-15.1784
2496388750.0,-15.18146
2496388906.25,-15.18348
2496389062.5,-15.18626
2496389218.75,-15.18944
2496389375.0,-15.19105
2496389531.25,-15.19349
2496389687.5,-15.19597
2496389843.75,-15.19842
2496390000.0,-15.20097
2496390156.25,-15.20381
2496390312.5,-15.20681
2496390468.75,-15.20942
2496390625.0,-15.21188
2496390781.25,-15.21376
2496390937.5,-15.2173
2496391093.75,-15.22024
2496391250.0,-15.22318
2496391406.25,-15.2242
2496391562.5,-15.22767
2496391718.75,-15.23013
2496391875.0,-15.23171
2496392031.25,-15.23548
2496392187.5,-15.23829
2496392343.75,-15.24023
2496392500.0,-15.24365
2496392656.25,-15.24435
2496392812.5,-15.24743
2496392968.75,-15.2508
2496393125.0,-15.25257
2496393281.25,-15.25389
2496393437.5,-15.25799
2496393593.75,-15.25967
2496393750.0,-15.26247
2496393906.25,-15.26671
2496394062.5,-15.26912
2496394218.75,-15.27071
2496394375.0,-15.27282
2496394531.25,-15.27571
2496394687.5,-15.27929
2496394843.75,-15.28146
2496395000.0,-15.28311
2496395156.25,-15.28664
2496395312.5,-15.28702
2496395468.75,-15.29229
2496395625.0,-15.29433
2496395781.25,-15.29698
2496395937.5,-15.29879
2496396093.75,-15.3005
2496396250.0,-15.30434
2496396406.25,-15.30646
2496396562.5,-15.31007
2496396718.75,-15.31233
2496396875.0,-15.31422
2496397031.25,-15.31618
2496397187.5,-15.31837
2496397343.75,-15.32285
2496397500.0,-15.32355
2496397656.25,-15.3276
2496397812.5,-15.33048
2496397968.75,-15.33231
2496398125.0,-15.33504
2496398281.25,-15.33733
2496398437.5,-15.34039
2496398593.75,-15.34173
2496398750.0,-15.34411
2496398906.25,-15.34767
2496399062.5,-15.34996
2496399218.75,-15.35117
2496399375.0,-15.35509
2496399531.25,-15.35825
2496399687.5,-15.35992
2496399843.75,-15.36237
2496400000.0,-15.36455
2496400156.25,-15.36695
2496400312.5,-15.36858
2496400468.75,-15.37272
2496400625.0,-15.37518
2496400781.25,-15.37851
2496400937.5,-15.37998
2496401093.75,-15.38344
2496401250.0,-15.38517
2496401406.25,-15.38837
2496401562.5,-15.39007
2496401718.75,-15.39229
2496401875.0,-15.39614
2496402031.25,-15.39863
2496402187.5,-15.40118
2496402343.75,-15.40324
2496402500.0,-15.40519
2496402656.25,-15.40766
2496402812.5,-15.41044
2496402968.75,-15.41317
2496403125.0,-15.41526
2496403281.25,-15.41747
2496403437.5,-15.42093
2496403593.75,-15.4245
2496403750.0,-15.426
2496403906.25,-15.42863
2496404062.5,-15.43026
2496404218.75,-15.43251
2496404375.0,-15.43575
2496404531.25,-15.43832
2496404687.5,-15.44164
2496404843.75,-15.44404
2496405000.0,-15.44635
2496405156.25,-15.44864
2496405312.5,-15.45109
2496405468.75,-15.45326
2496405625.0,-15.4562
2496405781.25,-15.4586
2496405937.5,-15.4617
2496406093.75,-15.46356
2496406250.0,-15.46635
2496406406.25,-15.46979
2496406562.5,-15.47087
2496406718.75,-15.47455
2496406875.0,-15.47741
2496407031.25,-15.47963
2496407187.5,-15.48282
2496407343.75,-15.48372
2496407500.0,-15.48617
2496407656.25,-15.48844
2496407812.5,-15.4912
2496407968.75,-15.49386
2496408125.0,-15.49697
2496408281.25,-15.49924
2496408437.5,-15.50144
2496408593.75,-15.50359
2496408750.0,-15.50623
2496408906.25,-15.50836
2496409062.5,-15.51198
2496409218.75,-15.51303
2496409375.0,-15.51577
2496409531.25,-15.51983
2496409687.5,-15.52157
2496409843.75,-15.5226
2496410000.0,-15.52566
2496410156.25,-15.52889
2496410312.5,-15.53261
2496410468.75,-15.53418
2496410625.0,-15.53552
2496410781.25,-15.53826
2496410937.5,-15.54164
2496411093.75,-15.54402
2496411250.0,-15.5469
2496411406.25,-15.54945
2496411562.5,-15.55253
2496411718.75,-15.55511
2496411875.0,-15.55626
2496412031.25,-15.55833
2496412187.5,-15.562
2496412343.75,-15.56446
2496412500.0,-15.56619
2496412656.25,-15.5696
2496412812.5,-15.57206
2496412968.75,-15.57521
2496413125.0,-15.57804
2496413281.25,-15.57868
2496413437.5,-15.58101
2496413593.75,-15.5827
2496413750.0,-15.58702
2496413906.25,-15.58931
2496414062.5,-15.59163
2496414218.75,-15.59317
2496414375.0,-15.59585
2496414531.25,-15.59875
2496414687.5,-15.602
2496414843.75,-15.60492
2496415000.0,-15.60752
2496415156.25,-15.60892
2496415312.5,-15.61145
2496415468.75,-15.6145
2496415625.0,-15.61657
2496415781.25,-15.61832
2496415937.5,-15.62077
2496416093.75,-15.62263
2496416250.0,-15.62685
2496416406.25,-15.62847
2496416562.5,-15.63225
2496416718.75,-15.63409
2496416875.0,-15.63632
2496417031.25,-15.63979
2496417187.5,-15.6412
2496417343.75,-15.64299
2496417500.0,-15.64573
2496417656.25,-15.64876
2496417812.5,-15.65098
2496417968.75,-15.65339
2496418125.0,-15.65691
2496418281.25,-15.65961
2496418437.5,-15.66152
2496418593.75,-15.66341
2496418750.0,-15.6661
2496418906.25,-15.66972
2496419062.5,-15.6711
2496419218.75,-15.67337
2496419375.0,-15.67607
2496419531.25,-15.67759
2496419687.5,-15.68004
2496419843.75,-15.68484
2496420000.0,-15.68573
2496420156.25,-15.68926
2496420312.5,-15.69145
2496420468.75,-15.69324
2496420625.0,-15.69541
2496420781.25,-15.69827
2496420937.5,-15.69996
2496421093.75,-15.7027
2496421250.0,-15.70548
2496421406.25,-15.70793
2496421562.5,-15.70978
2496421718.75,-15.71349
2496421875.0,-15.71553
2496422031.25,-15.7186
2496422187.5,-15.72056
2496422343.75,-15.72262
2496422500.0,-15.7244
2496422656.25,-15.72742
2496422812.5,-15.73031
2496422968.75,-15.73167
2496423125.0,-15.73445
2496423281.25,-15.73696
2496423437.5,-15.739
2496423593.75,-15.74154
2496423750.0,-15.7448
2496423906.25,-15.74803
2496424062.5,-15.74993
2496424218.75,-15.75186
2496424375.0,-15.75386
2496424531.25,-15.75784
2496424687.5,-15.75955
2496424843.75,-15.76176
2496425000.0,-15.76384
2496425156.25,-15.76741
2496425312.5,-15.76891
2496425468.75,-15.7726
2496425625.0,-15.77336
2496425781.25,-15.77588
2496425937.5,-15.77817
2496426093.75,-15.7807
2496426250.0,-15.78368
2496426406.25,-15.78588
2496426562.5,-15.78886
2496426718.75,-15.79087
2496426875.0,-15.79329
2496427031.25,-15.79657
2496427187.5,-15.79767
2496427343.75,-15.80075
2496427500.0,-15.80352
2496427656.25,-15.8064
2496427812.5,-15.80832
2496427968.75,-15.81084
2496428125.0,-15.8134
2496428281.25,-15.81491
2496428437.5,-15.81854
2496428593.75,-15.81968
2496428750.0,-15.82323
2496428906.25,-15.82599
2496429062.5,-15.82754
2496429218.75,-15.83027
2496429375.0,-15.8327
2496429531.25,-15.83583
2496429687.5,-15.83817
2496429843.75,-15.84015
2496430000.0,-15.84195
2496430156.25,-15.84464
2496430312.5,-15.84783
2496430468.75,-15.85087
2496430625.0,-15.85259
2496430781.25,-15.85559
2496430937.5,-15.85662
2496431093.75,-15.8591
2496431250.0,-15.86235
2496431406.25,-15.86473
2496431562.5,-15.86693
2496431718.75,-15.86949
2496431875.0,-15.87196
2496432031.25,-15.87402
2496432187.5,-15.87811
2496432343.75,-15.87868
2496432500.0,-15.881
2496432656.25,-15.88463
2496432812.5,-15.88558
2496432968.75,-15.88918
2496433125.0,-15.89116
2496433281.25,-15.89265
2496433437.5,-15.89678
2496433593.75,-15.89794
2496433750.0,-15.90023
2496433906.25,-15.90393
2496434062.5,-15.90669
2496434218.75,-15.90759
2496434375.0,-15.91061
2496434531.25,-15.91204
2496434687.5,-15.91472
2496434843.75,-15.91698
2496435000.0,-15.92006
2496435156.25,-15.92306
2496435312.5,-15.92576
2496435468.75,-15.92737
2496435625.0,-15.93049
2496435781.25,-15.93161
2496435937.5,-15.93526
2496436093.75,-15.93673
2496436250.0,-15.93872
2496436406.25,-15.94102
2496436562.5,-15.94361
2496436718.75,-15.94601
2496436875.0,-15.94983
2496437031.25,-15.95129
2496437187.5,-15.95277
2496437343.75,-15.95615
2496437500.0,-15.95818
2496437656.25,-15.96176
2496437812.5,-15.96332
2496437968.75,-15.96707
2496438125.0,-15.96762
2496438281.25,-15.97047
2496438437.5,-15.97321
2496438593.75,-15.97526
2496438750.0,-15.97823
2496438906.25,-15.98141
2496439062.5,-15.98343
2496439218.75,-15.98508
2496439375.0,-15.98784
2496439531.25,-15.98818
2496439687.5,-15.99175
2496439843.75,-15.9953
2496440000.0,-15.998
2496440156.25,-16.00025
2496440312.5,-16.00193
2496440468.75,-16.00407
2496440625.0,-16.00635
2496440781.25,-16.00877
2496440937.5,-16.01185
2496441093.75,-16.0148
2496441250.0,-16.01628
2496441406.25,-16.01981
2496441562.5,-16.02148
2496441718.75,-16.02334
2496441875.0,-16.02516
2496442031.25,-16.0274
2496442187.5,-16.03083
2496442343.75,-16.03191
2496442500.0,-16.03638
2496442656.25,-16.03732
2496442812.5,-16.04
2496442968.75,-16.04369
2496443125.0,-16.04417
2496443281.25,-16.04804
2496443437.5,-16.04967
2496443593.75,-16.05167
2496443750.0,-16.05543
2496443906.25,-16.05657
2496444062.5,-16.05909
2496444218.75,-16.06164
2496444375.0,-16.06339
2496444531.25,-16.06596
2496444687.5,-16.06907
2496444843.75,-16.07154
2496445000.0,-16.07257
2496445156.25,-16.07611
2496445312.5,-16.07866
2496445468.75,-16.08102
2496445625.0,-16.08263
2496445781.25,-16.08562
2496445937.5,-16.08676
2496446093.75,-16.09039
2496446250.0,-16.09335
2496446406.25,-16.09457
2496446562.5,-16.09662
2496446718.75,-16.10028
2496446875.0,-16.10251
2496447031.25,-16.10391
2496447187.5,-16.10758
2496447343.75,-16.10874
2496447500.0,-16.11117
2496447656.25,-16.11359
2496447812.5,-16.11595
2496447968.75,-16.11898
2496448125.0,-16.12038
2496448281.25,-16.12463
2496448437.5,-16.12663
2496448593.75,-16.12806
2496448750.0,-16.13161
2496448906.25,-16.13361
2496449062.5,-16.13487
2496449218.75,-16.13795
2496449375.0,-16.13978
2496449531.25,-16.14272
2496449687.5,-16.14431
2496449843.75,-16.14713
2496450000.0,-16.14971
2496450156.25,-16.15164
2496450312.5,-16.15488
2496450468.75,-16.15742
2496450625.0,-16.15812
2496450781.25,-16.16233
2496450937.5,-16.16401
2496451093.75,-16.16626
2496451250.0,-16.16814
2496451406.25,-16.17177
2496451562.5,-16.17302
2496451718.75,-16.17565
2496451875.0,-16.17875
2496452031.25,-16.18027
2496452187.5,-16.18285
2496452343.75,-16.18454
2496452500.0,-16.18852
2496452656.25,-16.18878
2496452812.5,-16.19202
2496452968.75,-16.19552
2496453125.0,-16.19695
2496453281.25,-16.19887
2496453437.5,-16.20097
2496453593.75,-16.20515
2496453750.0,-16.20729
2496453906.25,-16.20881
2496454062.5,-16.21161
2496454218.75,-16.2139
2496454375.0,-16.2162
2496454531.25,-16.21818
2496454687.5,-16.22243
2496454843.75,-16.2224
2496455000.0,-16.22434
2496455156.25,-16.22805
2496455312.5,-16.22837
2496455468.75,-16.23226
2496455625.0,-16.23352
2496455781.25,-16.23792
2496455937.5,-16.23854
2496456093.75,-16.24266
2496456250.0,-16.2449
2496456406.25,-16.24709
2496456562.5,-16.24881
2496456718.75,-16.25109
2496456875.0,-16.25329
2496457031.25,-16.25566
2496457187.5,-16.25789
2496457343.75,-16.26156
2496457500.0,-16.26267
2496457656.25,-16.26493
2496457812.5,-16.2667
2496457968.75,-16.26837
2496458125.0,-16.27224
2496458281.25,-16.27519
2496458437.5,-16.27694
2496458593.75,-16.27926
2496458750.0,-16.28329
2496458906.25,-16.2836
2496459062.5,-16.28696
2496459218.75,-16.28963
2496459375.0,-16.29106
2496459531.25,-16.29285
2496459687.5,-16.29604
2496459843.75,-16.29892
2496460000.0,-16.30096
2496460156.25,-16.3015
2496460312.5,-16.30569
2496460468.75,-16.30767
2496460625.0,-16.31055
2496460781.25,-16.31273
2496460937.5,-16.31419
2496461093.75,-16.31723
2496461250.0,-16.32037
2496461406.25,-16.32102
2496461562.5,-16.32452
2496461718.75,-16.32675
2496461875.0,-16.32852
2496462031.25,-16.3306
2496462187.5,-16.33417
2496462343.75,-16.33518
2496462500.0,-16.33772
2496462656.25,-16.34016
2496462812.5,-16.34174
2496462968.75,-16.34499
2496463125.0,-16.34741
2496463281.25,-16.34896
2496463437.5,-16.35137
2496463593.75,-16.35316
2496463750.0,-16.35649
2496463906.25,-16.35924
2496464062.5,-16.35967
2496464218.75,-16.36405
2496464375.0,-16.36466
2496464531.25,-16.36798
2496464687.5,-16.37001
2496464843.75,-16.3741
2496465000.0,-16.37364
2496465156.25,-16.3778
2496465312.5,-16.37969
2496465468.75,-16.38143
2496465625.0,-16.38378
2496465781.25,-16.38673
2496465937.5,-16.38775
2496466093.75,-16.39143
2496466250.0,-16.39346
2496466406.25,-16.39463
2496466562.5,-16.39843
2496466718.75,-16.39958
2496466875.0,-16.40196
2496467031.25,-16.40589
2496467187.5,-16.40686
2496467343.75,-16.41041
2496467500.0,-16.41117
2496467656.25,-16.41441
2496467812.5,-16.4152
2496467968.75,-16.41972
2496468125.0,-16.42136
2496468281.25,-16.42376
2496468437.5,-16.42581
2496468593.75,-16.42856
2496468750.0,-16.4315
2496468906.25,-16.43209
2496469062.5,-16.43562
2496469218.75,-16.43701
2496469375.0,-16.43883
2496469531.25,-16.44192
2496469687.5,-16.4449
2496469843.75,-16.44661
2496470000.0,-16.44848
2496470156.25,-16.45197
2496470312.5,-16.4526
2496470468.75,-16.45553
2496470625.0,-16.4581
2496470781.25,-16.45945
2496470937.5,-16.46226
2496471093.75,-16.46419
2496471250.0,-16.46624
2496471406.25,-16.46935
2496471562.5,-16.47095
2496471718.75,-16.4736
2496471875.0,-16.47639
2496472031.25,-16.47967
2496472187.5,-16.48019
2496472343.75,-16.48387
2496472500.0,-16.48591
2496472656.25,-16.48782
2496472812.5,-16.49121
2496472968.75,-16.49263
2496473125.0,-16.496
2496473281.25,-16.49638
2496473437.5,-16.49981
2496473593.75,-16.50124
2496473750.0,-16.50408
2496473906.25,-16.50721
2496474062.5,-16.50893
2496474218.75,-16.51067
2496474375.0,-16.51273
2496474531.25,-16.51472
2496474687.5,-16.51899
2496474843.75,-16.51994
2496475000.0,-16.5237
2496475156.25,-16.52372
2496475312.5,-16.52796
2496475468.75,-16.52885
2496475625.0,-16.53221
2496475781.25,-16.53401
2496475937.5,-16.53682
2496476093.75,-16.53932
2496476250.0,-16.54059
2496476406.25,-16.54379
2496476562.5,-16.54525
2496476718.75,-16.54662
2496476875.0,-16.54993
2496477031.25,-16.55098
2496477187.5,-16.5542
2496477343.75,-16.55598
2496477500.0,-16.55829
2496477656.25,-16.561
2496477812.5,-16.56382
2496477968.75,-16.56572
2496478125.0,-16.56787
2496478281.25,-16.57101
2496478437.5,-16.57392
2496478593.75,-16.57549
2496478750.0,-16.57685
2496478906.25,-16.57954
2496479062.5,-16.58121
2496479218.75,-16.58415
2496479375.0,-16.58617
2496479531.25,-16.58836
2496479687.5,-16.59183
2496479843.75,-16.59295
2496480000.0,-16.59492
2496480156.25,-16.59749
2496480312.5,-16.59973
2496480468.75,-16.60303
2496480625.0,-16.6033
2496480781.25,-16.60616
2496480937.5,-16.60849
2496481093.75,-16.61214
2496481250.0,-16.61436
2496481406.25,-16.61483
2496481562.5,-16.61712
2496481718.75,-16.62008
2496481875.0,-16.62223
2496482031.25,-16.62487
2496482187.5,-16.62801
2496482343.75,-16.62963
2496482500.0,-16.63089
2496482656.25,-16.63337
2496482812.5,-16.63634
2496482968.75,-16.63886
2496483125.0,-16.64043
2496483281.25,-16.6434
2496483437.5,-16.64499
2496483593.75,-16.64687
2496483750.0,-16.64962
2496483906.25,-16.65181
2496484062.5,-16.65536
2496484218.75,-16.65747
2496484375.0,-16.65769
2496484531.25,-16.66148
2496484687.5,-16.66253
2496484843.75,-16.66617
2496485000.0,-16.66928
2496485156.25,-16.67009
2496485312.5,-16.67281
2496485468.75,-16.67469
2496485625.0,-16.67718
2496485781.25,-16.67996
2496485937.5,-16.68197
2496486093.75,-16.68475
2496486250.0,-16.68527
2496486406.25,-16.68765
2496486562.5,-16.68952
2496486718.75,-16.69355
2496486875.0,-16.69426
2496487031.25,-16.69703
2496487187.5,-16.69922
2496487343.75,-16.70062
2496487500.0,-16.70307
2496487656.25,-16.70656
2496487812.5,-16.7072
2496487968.75,-16.71107
2496488125.0,-16.71384
2496488281.25,-16.71602
2496488437.5,-16.71773
2496488593.75,-16.71875
2496488750.0,-16.72213
2496488906.25,-16.72241
2496489062.5,-16.72713
2496489218.75,-16.72803
2496489375.0,-16.73039
2496489531.25,-16.73328
2496489687.5,-16.73438
2496489843.75,-16.73684
2496490000.0,-16.73964
2496490156.25,-16.74218
2496490312.5,-16.74406
2496490468.75,-16.74706
2496490625.0,-16.74901
2496490781.25,-16.7507
2496490937.5,-16.75318
2496491093.75,-16.75584
2496491250.0,-16.75859
2496491406.25,-16.75924
2496491562.5,-16.76193
2496491718.75,-16.76338
2496491875.0,-16.76666
2496492031.25,-16.76888
2496492187.5,-16.77171
2496492343.75,-16.77397
2496492500.0,-16.77526
2496492656.25,-16.77843
2496492812.5,-16.77944
2496492968.75,-16.78224
2496493125.0,-16.78492
2496493281.25,-16.78703
2496493437.5,-16.79014
2496493593.75,-16.79164
2496493750.0,-16.79371
2496493906.25,-16.79559
2496494062.5,-16.79878
2496494218.75,-16.79906
2496494375.0,-16.80245
2496494531.25,-16.80529
2496494687.5,-16.80769
2496494843.75,-16.80829
2496495000.0,-16.81183
2496495156.25,-16.8138
2496495312.5,-16.81615
2496495468.75,-16.81719
2496495625.0,-16.82204
2496495781.25,-16.82202
2496495937.5,-16.82487
2496496093.75,-16.82594
2496496250.0,-16.8283
2496496406.25,-16.83149
2496496562.5,-16.83377
2496496718.75,-16.83408
2496496875.0,-16.83751
2496497031.25,-16.84038
2496497187.5,-16.84155
2496497343.75,-16.84344
2496497500.0,-16.84616
2496497656.25,-16.8486
2496497812.5,-16.85224
2496497968.75,-16.85377
2496498125.0,-16.85553
2496498281.25,-16.85782
2496498437.5,-16.86048
2496498593.75,-16.86247
2496498750.0,-16.865
2496498906.25,-16.86692
2496499062.5,-16.87013
2496499218.75,-16.87165
2496499375.0,-16.87216
2496499531.25,-16.87527
2496499687.5,-16.87743
2496499843.75,-16.88083
2496500000.0,-16.88247
2496500156.25,-16.88491
2496500312.5,-16.88581
2496500468.75,-16.88884
2496500625.0,-16.89021
2496500781.25,-16.89366
2496500937.5,-16.89652
2496501093.75,-16.89923
2496501250.0,-16.89931
2496501406.25,-16.90221
2496501562.5,-16.90409
2496501718.75,-16.90762
2496501875.0,-16.90707
2496502031.25,-16.91057
2496502187.5,-16.91305
2496502343.75,-16.91558
2496502500.0,-16.91726
2496502656.25,-16.91851
2496502812.5,-16.92255
2496502968.75,-16.92459
2496503125.0,-16.92685
2496503281.25,-16.92842
2496503437.5,-16.92866
2496503593.75,-16.93322
2496503750.0,-16.9356
2496503906.25,-16.93719
2496504062.5,-16.93969
2496504218.75,-16.94185
2496504375.0,-16.94276
2496504531.25,-16.94534
2496504687.5,-16.94917
2496504843.75,-16.95054
2496505000.0,-16.95315
2496505156.25,-16.95562
2496505312.5,-16.95716
2496505468.75,-16.95998
2496505625.0,-16.95987
2496505781.25,-16.96489
2496505937.5,-16.96562
2496506093.75,-16.96951
2496506250.0,-16.9695
2496506406.25,-16.97253
2496506562.5,-16.97387
2496506718.75,-16.97626
2496506875.0,-16.97903
2496507031.25,-16.98294
2496507187.5,-16.98465
2496507343.75,-16.98489
2496507500.0,-16.98731
2496507656.25,-16.99034
2496507812.5,-16.99226
2496507968.75,-16.99455
2496508125.0,-16.99603
2496508281.25,-16.99938
2496508437.5,-17.00118
2496508593.75,-17.0037
2496508750.0,-17.00471
2496508906.25,-17.0069
2496509062.5,-17.00906
2496509218.75,-17.01185
2496509375.0,-17.01438
2496509531.25,-17.01637
2496509687.5,-17.02069
2496509843.75,-17.02166
2496510000.0,-17.02284
2496510156.25,-17.02476
2496510312.5,-17.02612
2496510468.75,-17.02851
2496510625.0,-17.03141
2496510781.25,-17.03282
2496510937.5,-17.03605
2496511093.75,-17.03896
2496511250.0,-17.0409
2496511406.25,-17.04296
2496511562.5,-17.04518
2496511718.75,-17.04668
2496511875.0,-17.05061
2496512031.25,-17.05041
2496512187.5,-17.05405
2496512343.75,-17.05554
2496512500.0,-17.05866
2496512656.25,-17.0594
2496512812.5,-17.06127
2496512968.75,-17.06353
2496513125.0,-17.06708
2496513281.25,-17.06801
2496513437.5,-17.07049
2496513593.75,-17.07399
2496513750.0,-17.07447
2496513906.25,-17.07676
2496514062.5,-17.07948
2496514218.75,-17.08192
2496514375.0,-17.08246
2496514531.25,-17.08564
2496514687.5,-17.08817
2496514843.75,-17.09006
2496515000.0,-17.0934
2496515156.25,-17.09438
2496515312.5,-17.09628
2496515468.75,-17.09818
2496515625.0,-17.10144
2496515781.25,-17.10308
2496515937.5,-17.10463
2496516093.75,-17.10764
2496516250.0,-17.10836
2496516406.25,-17.11275
2496516562.5,-17.11376
2496516718.75,-17.11493
2496516875.0,-17.11818
2496517031.25,-17.12212
2496517187.5,-17.12147
2496517343.75,-17.12592
2496517500.0,-17.12614
2496517656.25,-17.12995
2496517812.5,-17.13134
2496517968.75,-17.13353
2496518125.0,-17.1358
2496518281.25,-17.1394
2496518437.5,-17.13916
2496518593.75,-17.14168
2496518750.0,-17.14354
2496518906.25,-17.14708
2496519062.5,-17.14705
2496519218.75,-17.15004
2496519375.0,-17.15248
2496519531.25,-17.15484
2496519687.5,-17.15561
2496519843.75,-17.15932
2496520000.0,-17.15996
2496520156.25,-17.16453
2496520312.5,-17.16632
2496520468.75,-17.16809
2496520625.0,-17.17031
2496520781.25,-17.17265
2496520937.5,-17.17553
2496521093.75,-17.17674
2496521250.0,-17.178
2496521406.25,-17.18107
2496521562.5,-17.18312
2496521718.75,-17.18475
2496521875.0,-17.18837
2496522031.25,-17.18986
2496522187.5,-17.19139
2496522343.75,-17.19519
2496522500.0,-17.19572
2496522656.25,-17.19759
2496522812.5,-17.20097
2496522968.75,-17.20254
2496523125.0,-17.20485
2496523281.25,-17.2079
2496523437.5,-17.20746
2496523593.75,-17.2103
2496523750.0,-17.21221
2496523906.25,-17.21467
2496524062.5,-17.21801
2496524218.75,-17.21912
2496524375.0,-17.22058
2496524531.25,-17.22234
2496524687.5,-17.22552
2496524843.75,-17.22674
2496525000.0,-17.22895
2496525156.25,-17.23136
2496525312.5,-17.23458
2496525468.75,-17.23635
2496525625.0,-17.23882
2496525781.25,-17.24021
2496525937.5,-17.24322
2496526093.75,-17.24507
2496526250.0,-17.24632
2496526406.25,-17.24963
2496526562.5,-17.25107
2496526718.75,-17.25384
2496526875.0,-17.25556
2496527031.25,-17.25808
2496527187.5,-17.25928
2496527343.75,-17.2635
2496527500.0,-17.26435
2496527656.25,-17.26633
2496527812.5,-17.26966
2496527968.75,-17.27117
2496528125.0,-17.27182
2496528281.25,-17.27427
2496528437.5,-17.2778
2496528593.75,-17.27898
2496528750.0,-17.28134
2496528906.25,-17.2849
2496529062.5,-17.2853
2496529218.75,-17.28673
2496529375.0,-17.29069
2496529531.25,-17.29138
2496529687.5,-17.29425
2496529843.75,-17.29576
2496530000.0,-17.29891
2496530156.25,-17.29998
2496530312.5,-17.30293
2496530468.75,-17.30452
2496530625.0,-17.30638
2496530781.25,-17.3098
2496530937.5,-17.31165
2496531093.75,-17.3126
2496531250.0,-17.31555
2496531406.25,-17.31804
2496531562.5,-17.31909
2496531718.75,-17.32168
2496531875.0,-17.3239
2496532031.25,-17.32589
2496532187.5,-17.32697
2496532343.75,-17.33022
2496532500.0,-17.33381
2496532656.25,-17.33447
2496532812.5,-17.33686
2496532968.75,-17.3383
2496533125.0,-17.33936
2496533281.25,-17.342
2496533437.5,-17.34457
2496533593.75,-17.34672
2496533750.0,-17.34942
2496533906.25,-17.35105
2496534062.5,-17.35466
2496534218.75,-17.35467
2496534375.0,-17.3577
2496534531.25,-17.36011
2496534687.5,-17.3636
2496534843.75,-17.36414
2496535000.0,-17.36638
2496535156.25,-17.36708
2496535312.5,-17.37124
2496535468.75,-17.37259
2496535625.0,-17.37503
2496535781.25,-17.37745
2496535937.5,-17.37963
2496536093.75,-17.38027
2496536250.0,-17.38289
2496536406.25,-17.38435
2496536562.5,-17.38872
2496536718.75,-17.3891
2496536875.0,-17.39083
2496537031.25,-17.39368
2496537187.5,-17.39468
2496537343.75,-17.39814
2496537500.0,-17.39985
2496537656.25,-17.40233
2496537812.5,-17.40477
2496537968.75,-17.40525
2496538125.0,-17.40848
2496538281.25,-17.41335
2496538437.5,-17.41231
2496538593.75,-17.41369
2496538750.0,-17.4161
2496538906.25,-17.41924
2496539062.5,-17.42167
2496539218.75,-17.42276
2496539375.0,-17.42525
2496539531.25,-17.42764
2496539687.5,-17.42859
2496539843.75,-17.42949
2496540000.0,-17.43296
2496540156.25,-17.43609
2496540312.5,-17.43707
2496540468.75,-17.43986
2496540625.0,-17.44187
2496540781.25,-17.44385
2496540937.5,-17.44547
2496541093.75,-17.44848
2496541250.0,-17.45007
2496541406.25,-17.45172
2496541562.5,-17.4533
2496541718.75,-17.45714
2496541875.0,-17.45804
2496542031.25,-17.46017
2496542187.5,-17.46254
2496542343.75,-17.4648
2496542500.0,-17.46746
2496542656.25,-17.46789
2496542812.5,-17.47178
2496542968.75,-17.4742
2496543125.0,-17.47472
2496543281.25,-17.47868
2496543437.5,-17.4809
2496543593.75,-17.48107
2496543750.0,-17.48237
2496543906.25,-17.48496
2496544062.5,-17.48736
2496544218.75,-17.4901
2496544375.0,-17.49117
2496544531.25,-17.49473
2496544687.5,-17.49531
2496544843.75,-17.49669
2496545000.0,-17.5001
2496545156.25,-17.50244
2496545312.5,-17.50533
2496545468.75,-17.50532
2496545625.0,-17.50867
2496545781.25,-17.50996
2496545937.5,-17.51277
2496546093.75,-17.516
2496546250.0,-17.51565
2496546406.25,-17.51779
2496546562.5,-17.52101
2496546718.75,-17.52278
2496546875.0,-17.5255
2496547031.25,-17.52776
2496547187.5,-17.52924
2496547343.75,-17.52998
2496547500.0,-17.53335
2496547656.25,-17.53581
2496547812.5,-17.53835
2496547968.75,-17.53981
2496548125.0,-17.54064
2496548281.25,-17.54467
2496548437.5,-17.54602
2496548593.75,-17.54713
2496548750.0,-17.55053
2496548906.25,-17.55288
2496549062.5,-17.5571
2496549218.75,-17.55601
2496549375.0,-17.55934
2496549531.25,-17.55896
2496549687.5,-17.56351
2496549843.75,-17.5652
2496550000.0,-17.56677
2496550156.25,-17.57063
2496550312.5,-17.57121
2496550468.75,-17.57397
2496550625.0,-17.57614
2496550781.25,-17.5761
2496550937.5,-17.58148
2496551093.75,-17.5828
2496551250.0,-17.58377
2496551406.25,-17.58567
2496551562.5,-17.5883
2496551718.75,-17.59004
2496551875.0,-17.59269
2496552031.25,-17.59339
2496552187.5,-17.59519
2496552343.75,-17.59694
2496552500.0,-17.60041
2496552656.25,-17.60272
2496552812.5,-17.60359
2496552968.75,-17.60618
2496553125.0,-17.60847
2496553281.25,-17.61094
2496553437.5,-17.61194
2496553593.75,-17.61437
2496553750.0,-17.61633
2496553906.25,-17.61912
2496554062.5,-17.62023
2496554218.75,-17.6221
2496554375.0,-17.62598
2496554531.25,-17.6264
2496554687.5,-17.62868
2496554843.75,-17.63183
2496555000.0,-17.63399
2496555156.25,-17.63482
2496555312.5,-17.63715
2496555468.75,-17.64007
2496555625.0,-17.64072
2496555781.25,-17.64261
2496555937.5,-17.64565
2496556093.75,-17.64788
2496556250.0,-17.64889
2496556406.25,-17.65084
2496556562.5,-17.6519
2496556718.75,-17.65614
2496556875.0,-17.65574
2496557031.25,-17.65979
2496557187.5,-17.66108
2496557343.75,-17.66231
2496557500.0,-17.66538
2496557656.25,-17.66781
2496557812.5,-17.6694
2496557968.75,-17.6722
2496558125.0,-17.67392
2496558281.25,-17.6758
2496558437.5,-17.67799
2496558593.75,-17.6809
2496558750.0,-17.68163
2496558906.25,-17.68286
2496559062.5,-17.68576
2496559218.75,-17.6867
2496559375.0,-17.69098
2496559531.25,-17.69211
2496559687.5,-17.69481
2496559843.75,-17.69667
2496560000.0,-17.69675
2496560156.25,-17.69912
2496560312.5,-17.7018
2496560468.75,-17.70356
2496560625.0,-17.70498
2496560781.25,-17.70947
2496560937.5,-17.71135
2496561093.75,-17.71244
2496561250.0,-17.71589
2496561406.25,-17.71642
2496561562.5,-17.71849
2496561718.75,-17.72025
2496561875.0,-17.72176
2496562031.25,-17.72462
2496562187.5,-17.72638
2496562343.75,-17.72927
2496562500.0,-17.73158
2496562656.25,-17.73353
2496562812.5,-17.73318
2496562968.75,-17.73679
2496563125.0,-17.73979
2496563281.25,-17.74105
2496563437.5,-17.74386
2496563593.75,-17.74564
2496563750.0,-17.74601
2496563906.25,-17.74941
2496564062.5,-17.75158
2496564218.75,-17.75393
2496564375.0,-17.75489
2496564531.25,-17.75607
2496564687.5,-17.75934
2496564843.75,-17.76097
2496565000.0,-17.76399
2496565156.25,-17.76623
2496565312.5,-17.76642
2496565468.75,-17.77056
2496565625.0,-17.77061
2496565781.25,-17.77396
2496565937.5,-17.77591
2496566093.75,-17.77867
2496566250.0,-17.78056
2496566406.25,-17.78146
2496566562.5,-17.78421
2496566718.75,-17.78596
2496566875.0,-17.78736
2496567031.25,-17.79083
2496567187.5,-17.79287
2496567343.75,-17.79363
2496567500.0,-17.79631
2496567656.25,-17.79802
2496567812.5,-17.79982
2496567968.75,-17.80192
2496568125.0,-17.80345
2496568281.25,-17.80713
2496568437.5,-17.80946
2496568593.75,-17.81031
2496568750.0,-17.81249
2496568906.25,-17.81343
2496569062.5,-17.81816
2496569218.75,-17.81808
2496569375.0,-17.81926
2496569531.25,-17.82262
2496569687.5,-17.82525
2496569843.75,-17.82552
2496570000.0,-17.82845
2496570156.25,-17.82951
2496570312.5,-17.8322
2496570468.75,-17.83565
2496570625.0,-17.83658
2496570781.25,-17.83955
2496570937.5,-17.84044
2496571093.75,-17.84269
2496571250.0,-17.84557
2496571406.25,-17.84717
2496571562.5,-17.84906
2496571718.75,-17.84982
2496571875.0,-17.85172
2496572031.25,-17.85514
2496572187.5,-17.85631
2496572343.75,-17.85812
2496572500.0,-17.85996
2496572656.25,-17.86193
2496572812.5,-17.86422
2496572968.75,-17.86656
2496573125.0,-17.86686
2496573281.25,-17.87155
2496573437.5,-17.8719
2496573593.75,-17.87606
2496573750.0,-17.87795
2496573906.25,-17.87927
2496574062.5,-17.8809
2496574218.75,-17.88076
2496574375.0,-17.88472
2496574531.25,-17.88634
2496574687.5,-17.88762
2496574843.75,-17.89083
2496575000.0,-17.89265
2496575156.25,-17.89282
2496575312.5,-17.89856
2496575468.75,-17.89888
2496575625.0,-17.90158
2496575781.25,-17.90353
2496575937.5,-17.90492
2496576093.75,-17.90682
2496576250.0,-17.90746
2496576406.25,-17.91116
2496576562.5,-17.91324
2496576718.75,-17.91402
2496576875.0,-17.91679
2496577031.25,-17.91799
2496577187.5,-17.92052
2496577343.75,-17.92234
2496577500.0,-17.92529
2496577656.25,-17.92718
2496577812.5,-17.92987
2496577968.75,-17.93059
2496578125.0,-17.93268
2496578281.25,-17.935
2496578437.5,-17.93798
2496578593.75,-17.93971
2496578750.0,-17.93915
2496578906.25,-17.94288
2496579062.5,-17.94377
2496579218.75,-17.94881
2496579375.0,-17.9501
2496579531.25,-17.95025
2496579687.5,-17.95164
2496579843.75,-17.95465
2496580000.0,-17.95634
2496580156.25,-17.95891
2496580312.5,-17.95899
2496580468.75,-17.96185
2496580625.0,-17.96419
2496580781.25,-17.96761
2496580937.5,-17.96955
2496581093.75,-17.97099
2496581250.0,-17.97163
2496581406.25,-17.97381
2496581562.5,-17.97613
2496581718.75,-17.97831
2496581875.0,-17.98101
2496582031.25,-17.9829
2496582187.5,-17.98419
2496582343.75,-17.98631
2496582500.0,-17.98739
2496582656.25,-17.99225
2496582812.5,-17.99198
2496582968.75,-17.99367
2496583125.0,-17.99605
2496583281.25,-17.99923
2496583437.5,-17.99895
2496583593.75,-18.00144
2496583750.0,-18.0048
2496583906.25,-18.00486
2496584062.5,-18.00673
2496584218.75,-18.01114
2496584375.0,-18.01153
2496584531.25,-18.01419
2496584687.5,-18.01643
2496584843.75,-18.01798
2496585000.0,-18.01968
2496585156.25,-18.02205
2496585312.5,-18.02419
2496585468.75,-18.0253
2496585625.0,-18.02874
2496585781.25,-18.02964
2496585937.5,-18.03175
2496586093.75,-18.03329
2496586250.0,-18.03691
2496586406.25,-18.03675
2496586562.5,-18.0406
2496586718.75,-18.03996
2496586875.0,-18.04518
2496587031.25,-18.04609
2496587187.5,-18.04851
2496587343.75,-18.04936
2496587500.0,-18.05101
2496587656.25,-18.0538
2496587812.5,-18.05482
2496587968.75,-18.05878
2496588125.0,-18.05915
2496588281.25,-18.06255
2496588437.5,-18.0634
2496588593.75,-18.06484
2496588750.0,-18.06816
2496588906.25,-18.07
2496589062.5,-18.07188
2496589218.75,-18.07217
2496589375.0,-18.07556
2496589531.25,-18.07746
2496589687.5,-18.08083
2496589843.75,-18.08257
2496590000.0,-18.08299
2496590156.25,-18.08562
2496590312.5,-18.08764
2496590468.75,-18.08846
2496590625.0,-18.09119
2496590781.25,-18.09204
2496590937.5,-18.09446
2496591093.75,-18.09782
2496591250.0,-18.09902
2496591406.25,-18.09981
2496591562.5,-18.10354
2496591718.75,-18.10564
2496591875.0,-18.10652
2496592031.25,-18.10865
2496592187.5,-18.10961
2496592343.75,-18.11267
2496592500.0,-18.11486
2496592656.25,-18.11568
2496592812.5,-18.11839
2496592968.75,-18.12143
2496593125.0,-18.12238
2496593281.25,-18.12332
2496593437.5,-18.12628
2496593593.75,-18.12857
2496593750.0,-18.129
2496593906.25,-18.13352
2496594062.5,-18.13419
2496594218.75,-18.13781
2496594375.0,-18.13914
2496594531.25,-18.14027
2496594687.5,-18.14247
2496594843.75,-18.14529
2496595000.0,-18.14652
2496595156.25,-18.1465
2496595312.5,-18.15043
2496595468.75,-18.15207
2496595625.0,-18.15472
2496595781.25,-18.15496
2496595937.5,-18.15698
2496596093.75,-18.15891
2496596250.0,-18.16265
2496596406.25,-18.1637
2496596562.5,-18.1654
2496596718.75,-18.16612
2496596875.0,-18.1695
2496597031.25,-18.17129
2496597187.5,-18.17367
2496597343.75,-18.17576
2496597500.0,-18.17472
2496597656.25,-18.17866
2496597812.5,-18.17985
2496597968.75,-18.18294
2496598125.0,-18.18397
2496598281.25,-18.18765
2496598437.5,-18.1888
2496598593.75,-18.18971
2496598750.0,-18.19345
2496598906.25,-18.19642
2496599062.5,-18.19562
2496599218.75,-18.19858
2496599375.0,-18.19849
2496599531.25,-18.20227
2496599687.5,-18.20536
2496599843.75,-18.20624
2496600000.0,-18.20827
2496600156.25,-18.20863
2496600312.5,-18.21127
2496600468.75,-18.21367
2496600625.0,-18.21595
2496600781.25,-18.21867
2496600937.5,-18.22013
2496601093.75,-18.22135
2496601250.0,-18.22416
2496601406.25,-18.2256
2496601562.5,-18.22789
2496601718.75,-18.23039
2496601875.0,-18.2304
2496602031.25,-18.23312
2496602187.5,-18.23597
2496602343.75,-18.2381
2496602500.0,-18.2386
2496602656.25,-18.24
2496602812.5,-18.24417
2496602968.75,-18.24404
2496603125.0,-18.24709
2496603281.25,-18.24995
2496603437.5,-18.25289
2496603593.75,-18.25172
2496603750.0,-18.25277
2496603906.25,-18.25819
2496604062.5,-18.26069
2496604218.75,-18.25954
2496604375.0,-18.26138
2496604531.25,-18.2658
2496604687.5,-18.26483
2496604843.75,-18.26848
2496605000.0,-18.2698
2496605156.25,-18.2716
2496605312.5,-18.27409
2496605468.75,-18.27656
2496605625.0,-18.2782
2496605781.25,-18.27933
2496605937.5,-18.28257
2496606093.75,-18.2827
2496606250.0,-18.28443
2496606406.25,-18.2875
2496606562.5,-18.28777
2496606718.75,-18.2918
2496606875.0,-18.29259
2496607031.25,-18.29476
2496607187.5,-18.29611
2496607343.75,-18.29913
2496607500.0,-18.30125
2496607656.25,-18.30257
2496607812.5,-18.30502
2496607968.75,-18.30694
2496608125.0,-18.30748
2496608281.25,-18.31084
2496608437.5,-18.31258
2496608593.75,-18.31466
2496608750.0,-18.31552
2496608906.25,-18.31989
2496609062.5,-18.31894
2496609218.75,-18.32239
2496609375.0,-18.32335
2496609531.25,-18.32681
2496609687.5,-18.32774
2496609843.75,-18.33089
2496610000.0,-18.33078
2496610156.25,-18.334
2496610312.5,-18.33513
2496610468.75,-18.33757
2496610625.0,-18.33885
2496610781.25,-18.34253
2496610937.5,-18.34396
2496611093.75,-18.34504
2496611250.0,-18.34718
2496611406.25,-18.34825
2496611562.5,-18.35099
2496611718.75,-18.35338
2496611875.0,-18.35439
2496612031.25,-18.35686
2496612187.5,-18.35849
2496612343.75,-18.35923
2496612500.0,-18.36275
2496612656.25,-18.36419
2496612812.5,-18.36671
2496612968.75,-18.3685
2496613125.0,-18.37049
2496613281.25,-18.37174
2496613437.5,-18.37306
2496613593.75,-18.37534
2496613750.0,-18.37665
2496613906.25,-18.37795
2496614062.5,-18.38172
2496614218.75,-18.38427
2496614375.0,-18.38352
2496614531.25,-18.38668
2496614687.5,-18.38809
2496614843.75,-18.39076
2496615000.0,-18.39386
2496615156.25,-18.39571
2496615312.5,-18.39603
2496615468.75,-18.39859
2496615625.0,-18.40108
2496615781.25,-18.40098
2496615937.5,-18.40515
2496616093.75,-18.40553
2496616250.0,-18.40858
2496616406.25,-18.40902
2496616562.5,-18.41099
2496616718.75,-18.41456
2496616875.0,-18.41564
2496617031.25,-18.41839
2496617187.5,-18.4193
2496617343.75,-18.42367
2496617500.0,-18.42253
2496617656.25,-18.42567
2496617812.5,-18.42702
2496617968.75,-18.4293
2496618125.0,-18.43057
2496618281.25,-18.4338
2496618437.5,-18.43486
2496618593.75,-18.43609
2496618750.0,-18.43676
2496618906.25,-18.44062
2496619062.5,-18.44186
2496619218.75,-18.44217
2496619375.0,-18.44731
2496619531.25,-18.44712
2496619687.5,-18.44905
2496619843.75,-18.45158
2496620000.0,-18.45411
2496620156.25,-18.45658
2496620312.5,-18.45819
2496620468.75,-18.45828
2496620625.0,-18.46157
2496620781.25,-18.46392
2496620937.5,-18.46505
2496621093.75,-18.46734
2496621250.0,-18.46873
2496621406.25,-18.47047
2496621562.5,-18.47267
2496621718.75,-18.47368
2496621875.0,-18.47545
2496622031.25,-18.47797
2496622187.5,-18.4798
2496622343.75,-18.48185
2496622500.0,-18.48338
2496622656.25,-18.48491
2496622812.5,-18.48788
2496622968.75,-18.49137
2496623125.0,-18.49089
2496623281.25,-18.49214
2496623437.5,-18.49297
2496623593.75,-18.49685
2496623750.0,-18.49755
2496623906.25,-18.49888
2496624062.5,-18.50141
2496624218.75,-18.50357
2496624375.0,-18.50527
2496624531.25,-18.5084
2496624687.5,-18.50839
2496624843.75,-18.51319
2496625000.0,-18.51342
2496625156.25,-18.51581
2496625312.5,-18.51634
2496625468.75,-18.52033
2496625625.0,-18.52054
2496625781.25,-18.52315
2496625937.5,-18.52455
2496626093.75,-18.52626
2496626250.0,-18.52868
2496626406.25,-18.52972
2496626562.5,-18.53327
2496626718.75,-18.53407
2496626875.0,-18.53733
2496627031.25,-18.53897
2496627187.5,-18.54057
2496627343.75,-18.54315
2496627500.0,-18.5439
2496627656.25,-18.54635
2496627812.5,-18.54877
2496627968.75,-18.55081
2496628125.0,-18.55088
2496628281.25,-18.55376
2496628437.5,-18.55578
2496628593.75,-18.55631
2496628750.0,-18.55937
2496628906.25,-18.56043
2496629062.5,-18.56224
2496629218.75,-18.5654
2496629375.0,-18.56704
2496629531.25,-18.56831
2496629687.5,-18.57008
2496629843.75,-18.57175
2496630000.0,-18.57436
2496630156.25,-18.57657
2496630312.5,-18.57613
2496630468.75,-18.57811
2496630625.0,-18.5818
2496630781.25,-18.58353
2496630937.5,-18.58448
2496631093.75,-18.58663
2496631250.0,-18.5895
2496631406.25,-18.58859
2496631562.5,-18.5911
2496631718.75,-18.59379
2496631875.0,-18.59696
2496632031.25,-18.59758
2496632187.5,-18.59913
2496632343.75,-18.6017
2496632500.0,-18.60363
2496632656.25,-18.60546
2496632812.5,-18.60632
2496632968.75,-18.60976
2496633125.0,-18.61184
2496633281.25,-18.61367
2496633437.5,-18.61308
2496633593.75,-18.61617
2496633750.0,-18.61879
2496633906.25,-18.61951
2496634062.5,-18.62363
2496634218.75,-18.62375
2496634375.0,-18.62562
2496634531.25,-18.62981
2496634687.5,-18.6306
2496634843.75,-18.63367
2496635000.0,-18.63329
2496635156.25,-18.6361
2496635312.5,-18.6378
2496635468.75,-18.6399
2496635625.0,-18.6405
2496635781.25,-18.64316
2496635937.5,-18.64519
2496636093.75,-18.64633
2496636250.0,-18.64715
2496636406.25,-18.65017
2496636562.5,-18.65188
2496636718.75,-18.65449
2496636875.0,-18.65598
2496637031.25,-18.6586
2496637187.5,-18.65968
2496637343.75,-18.66242
2496637500.0,-18.66279
2496637656.25,-18.66601
2496637812.5,-18.66596
2496637968.75,-18.66722
2496638125.0,-18.67052
2496638281.25,-18.67249
2496638437.5,-18.67409
2496638593.75,-18.6747
2496638750.0,-18.67778
2496638906.25,-18.67942
2496639062.5,-18.6823
2496639218.75,-18.68448
2496639375.0,-18.68551
2496639531.25,-18.68788
2496639687.5,-18.68921
2496639843.75,-18.69089
2496640000.0,-18.69237
2496640156.25,-18.69477
2496640312.5,-18.69599
2496640468.75,-18.69864
2496640625.0,-18.69977
2496640781.25,-18.7026
2496640937.5,-18.70312
2496641093.75,-18.70526
2496641250.0,-18.70732
2496641406.25,-18.70858
2496641562.5,-18.71071
2496641718.75,-18.71282
2496641875.0,-18.71446
2496642031.25,-18.71665
2496642187.5,-18.71934
2496642343.75,-18.72032
2496642500.0,-18.72307
2496642656.25,-18.72407
2496642812.5,-18.7258
2496642968.75,-18.72854
2496643125.0,-18.72864
2496643281.25,-18.73138
2496643437.5,-18.73372
2496643593.75,-18.73438
2496643750.0,-18.73667
2496643906.25,-18.73868
2496644062.5,-18.74036
2496644218.75,-18.74316
2496644375.0,-18.74398
2496644531.25,-18.74462
2496644687.5,-18.74811
2496644843.75,-18.75017
2496645000.0,-18.75144
2496645156.25,-18.75169
2496645312.5,-18.75508
2496645468.75,-18.7576
2496645625.0,-18.75916
2496645781.25,-18.75995
2496645937.5,-18.76344
2496646093.75,-18.76328
2496646250.0,-18.76662
2496646406.25,-18.76815
2496646562.5,-18.76912
2496646718.75,-18.77186
2496646875.0,-18.77295
2496647031.25,-18.7767
2496647187.5,-18.77626
2496647343.75,-18.77862
2496647500.0,-18.78237
2496647656.25,-18.7829
2496647812.5,-18.78341
2496647968.75,-18.78551
2496648125.0,-18.7893
2496648281.25,-18.78984
2496648437.5,-18.79164
2496648593.75,-18.7924
2496648750.0,-18.79626
2496648906.25,-18.79715
2496649062.5,-18.79902
2496649218.75,-18.79933
2496649375.0,-18.80165
2496649531.25,-18.80413
2496649687.5,-18.80703
2496649843.75,-18.80889
2496650000.0,-18.8102
2496650156.25,-18.81201
2496650312.5,-18.81521
2496650468.75,-18.81533
2496650625.0,-18.8165
2496650781.25,-18.82135
2496650937.5,-18.82109
2496651093.75,-18.82234
2496651250.0,-18.82604
2496651406.25,-18.82755
2496651562.5,-18.82895
2496651718.75,-18.83095
2496651875.0,-18.83247
2496652031.25,-18.83223
2496652187.5,-18.83667
2496652343.75,-18.83708
2496652500.0,-18.84098
2496652656.25,-18.84256
2496652812.5,-18.84222
2496652968.75,-18.84609
2496653125.0,-18.84757
2496653281.25,-18.84775
2496653437.5,-18.84991
2496653593.75,-18.85165
2496653750.0,-18.85253
2496653906.25,-18.85576
2496654062.5,-18.8581
2496654218.75,-18.85955
2496654375.0,-18.85963
2496654531.25,-18.86221
2496654687.5,-18.86469
2496654843.75,-18.8664
2496655000.0,-18.86898
2496655156.25,-18.8705
2496655312.5,-18.87211
2496655468.75,-18.8746
2496655625.0,-18.8754
2496655781.25,-18.87902
2496655937.5,-18.87985
2496656093.75,-18.8807
2496656250.0,-18.88215
2496656406.25,-18.88445
2496656562.5,-18.88713
2496656718.75,-18.8884
2496656875.0,-18.88913
2496657031.25,-18.89219
2496657187.5,-18.89326
2496657343.75,-18.89613
2496657500.0,-18.89724
2496657656.25,-18.899
2496657812.5,-18.90114
2496657968.75,-18.90346
2496658125.0,-18.90252
2496658281.25,-18.90505
2496658437.5,-18.90833
2496658593.75,-18.91147
2496658750.0,-18.90982
2496658906.25,-18.9134
2496659062.5,-18.91562
2496659218.75,-18.91724
2496659375.0,-18.9185
2496659531.25,-18.92156
2496659687.5,-18.92299
2496659843.75,-18.92415
2496660000.0,-18.92609
2496660156.25,-18.92751
2496660312.5,-18.93004
2496660468.75,-18.93085
2496660625.0,-18.9342
2496660781.25,-18.93492
2496660937.5,-18.93777
2496661093.75,-18.9402
2496661250.0,-18.94144
2496661406.25,-18.9419
2496661562.5,-18.94436
2496661718.75,-18.94535
2496661875.0,-18.948
2496662031.25,-18.94817
2496662187.5,-18.95113
2496662343.75,-18.95314
2496662500.0,-18.95539
2496662656.25,-18.95694
2496662812.5,-18.95776
2496662968.75,-18.96091
2496663125.0,-18.96335
2496663281.25,-18.96456
2496663437.5,-18.96579
2496663593.75,-18.96843
2496663750.0,-18.97143
2496663906.25,-18.97169
2496664062.5,-18.9743
2496664218.75,-18.97408
2496664375.0,-18.97784
2496664531.25,-18.9797
2496664687.5,-18.97973
2496664843.75,-18.9821
2496665000.0,-18.98437
2496665156.25,-18.98637
2496665312.5,-18.98758
2496665468.75,-18.98892
2496665625.0,-18.9904
2496665781.25,-18.99244
2496665937.5,-18.99419
2496666093.75,-18.99559
2496666250.0,-18.99823
2496666406.25,-18.99885
2496666562.5,-19.00277
2496666718.75,-19.0028
2496666875.0,-19.00459
2496667031.25,-19.00668
2496667187.5,-19.00869
2496667343.75,-19.01022
2496667500.0,-19.01155
2496667656.25,-19.01437
2496667812.5,-19.01655
2496667968.75,-19.01856
2496668125.0,-19.01901
2496668281.25,-19.02078
2496668437.5,-19.02122
2496668593.75,-19.02491
2496668750.0,-19.02687
2496668906.25,-19.02788
2496669062.5,-19.03024
2496669218.75,-19.03243
2496669375.0,-19.03252
2496669531.25,-19.03501
2496669687.5,-19.03855
2496669843.75,-19.03769
2496670000.0,-19.04129
2496670156.25,-19.04334
2496670312.5,-19.04496
2496670468.75,-19.04519
2496670625.0,-19.04854
2496670781.25,-19.04897
2496670937.5,-19.0514
2496671093.75,-19.0546
2496671250.0,-19.05558
2496671406.25,-19.05776
2496671562.5,-19.05849
2496671718.75,-19.06166
2496671875.0,-19.06264
2496672031.25,-19.06371
2496672187.5,-19.06634
2496672343.75,-19.06658
2496672500.0,-19.07126
2496672656.25,-19.071
2496672812.5,-19.07296
2496672968.75,-19.07518
2496673125.0,-19.07705
2496673281.25,-19.07815
2496673437.5,-19.08056
2496673593.75,-19.08263
2496673750.0,-19.08484
2496673906.25,-19.08468
2496674062.5,-19.08721
2496674218.75,-19.08923
2496674375.0,-19.09081
2496674531.25,-19.09326
2496674687.5,-19.09474
2496674843.75,-19.09663
2496675000.0,-19.09885
2496675156.25,-19.09974
2496675312.5,-19.09976
2496675468.75,-19.10155
2496675625.0,-19.10437
2496675781.25,-19.10775
2496675937.5,-19.1099
2496676093.75,-19.10849
2496676250.0,-19.11173
2496676406.25,-19.11258
2496676562.5,-19.11516
2496676718.75,-19.11474
2496676875.0,-19.11841
2496677031.25,-19.12022
2496677187.5,-19.12139
2496677343.75,-19.1234
2496677500.0,-19.1231
2496677656.25,-19.12879
2496677812.5,-19.13
2496677968.75,-19.12967
2496678125.0,-19.13309
2496678281.25,-19.13465
2496678437.5,-19.13677
2496678593.75,-19.13923
2496678750.0,-19.14029
2496678906.25,-19.14295
2496679062.5,-19.14355
2496679218.75,-19.14416
2496679375.0,-19.14552
2496679531.25,-19.14842
2496679687.5,-19.15049
2496679843.75,-19.15241
2496680000.0,-19.15573
2496680156.25,-19.15446
2496680312.5,-19.15759
2496680468.75,-19.15932
2496680625.0,-19.16138
2496680781.25,-19.1634
2496680937.5,-19.16539
2496681093.75,-19.16563
2496681250.0,-19.16735
2496681406.25,-19.17031
2496681562.5,-19.17245
2496681718.75,-19.17422
2496681875.0,-19.1768
2496682031.25,-19.17836
2496682187.5,-19.17735
2496682343.75,-19.17954
2496682500.0,-19.18262
2496682656.25,-19.18489
2496682812.5,-19.1851
2496682968.75,-19.18832
2496683125.0,-19.1891
2496683281.25,-19.19225
2496683437.5,-19.19333
2496683593.75,-19.19298
2496683750.0,-19.19639
2496683906.25,-19.19951
2496684062.5,-19.19932
2496684218.75,-19.202
2496684375.0,-19.2026
2496684531.25,-19.2052
2496684687.5,-19.20585
2496684843.75,-19.20912
2496685000.0,-19.21149
2496685156.25,-19.21203
2496685312.5,-19.21434
2496685468.75,-19.21585
2496685625.0,-19.2194
2496685781.25,-19.2193
2496685937.5,-19.21975
2496686093.75,-19.22299
2496686250.0,-19.22444
2496686406.25,-19.22681
2496686562.5,-19.22715
2496686718.75,-19.23125
2496686875.0,-19.23132
2496687031.25,-19.23275
2496687187.5,-19.235
2496687343.75,-19.23515
2496687500.0,-19.23782
2496687656.25,-19.24077
2496687812.5,-19.24201
2496687968.75,-19.24336
2496688125.0,-19.24317
2496688281.25,-19.24636
2496688437.5,-19.24879
2496688593.75,-19.25175
2496688750.0,-19.25195
2496688906.25,-19.2541
2496689062.5,-19.25591
2496689218.75,-19.25795
2496689375.0,-19.25848
2496689531.25,-19.2616
2496689687.5,-19.26138
2496689843.75,-19.26429
2496690000.0,-19.26652
2496690156.25,-19.26782
2496690312.5,-19.27023
2496690468.75,-19.27207
2496690625.0,-19.27374
2496690781.25,-19.27538
2496690937.5,-19.27739
2496691093.75,-19.27827
2496691250.0,-19.27956
2496691406.25,-19.28302
2496691562.5,-19.28346
2496691718.75,-19.28651
2496691875.0,-19.28832
2496692031.25,-19.28941
2496692187.5,-19.29034
2496692343.75,-19.29147
2496692500.0,-19.29349
2496692656.25,-19.29502
2496692812.5,-19.29819
2496692968.75,-19.29927
2496693125.0,-19.30061
2496693281.25,-19.30309
2496693437.5,-19.30376
2496693593.75,-19.30641
2496693750.0,-19.30686
2496693906.25,-19.3091
2496694062.5,-19.31145
2496694218.75,-19.31285
2496694375.0,-19.31507
2496694531.25,-19.31799
2496694687.5,-19.3195
2496694843.75,-19.32068
2496695000.0,-19.32117
2496695156.25,-19.32231
2496695312.5,-19.32586
2496695468.75,-19.32821
2496695625.0,-19.32897
2496695781.25,-19.33154
2496695937.5,-19.33221
2496696093.75,-19.33481
2496696250.0,-19.33644
2496696406.25,-19.33963
2496696562.5,-19.33977
2496696718.75,-19.3396
2496696875.0,-19.34443
2496697031.25,-19.3427
2496697187.5,-19.34737
2496697343.75,-19.34899
2496697500.0,-19.34956
2496697656.25,-19.35148
2496697812.5,-19.35291
2496697968.75,-19.35454
2496698125.0,-19.35625
2496698281.25,-19.35866
2496698437.5,-19.35977
2496698593.75,-19.36073
2496698750.0,-19.36218
2496698906.25,-19.36579
2496699062.5,-19.36558
2496699218.75,-19.36715
2496699375.0,-19.36974
2496699531.25,-19.37259
2496699687.5,-19.37351
2496699843.75,-19.37394
2496700000.0,-19.37728
2496700156.25,-19.37963
2496700312.5,-19.38042
2496700468.75,-19.38074
2496700625.0,-19.38396
2496700781.25,-19.38687
2496700937.5,-19.38707
2496701093.75,-19.38696
2496701250.0,-19.39034
2496701406.25,-19.39337
2496701562.5,-19.39493
2496701718.75,-19.39499
2496701875.0,-19.39839
2496702031.25,-19.3988
2496702187.5,-19.40186
2496702343.75,-19.40464
2496702500.0,-19.40382
2496702656.25,-19.40539
2496702812.5,-19.40935
2496702968.75,-19.40993
2496703125.0,-19.41097
2496703281.25,-19.41318
2496703437.5,-19.41495
2496703593.75,-19.41544
2496703750.0,-19.41821
2496703906.25,-19.41881
2496704062.5,-19.42168
2496704218.75,-19.4236
2496704375.0,-19.42555
2496704531.25,-19.42655
2496704687.5,-19.42933
2496704843.75,-19.4294
2496705000.0,-19.42918
2496705156.25,-19.43373
2496705312.5,-19.43451
2496705468.75,-19.43677
2496705625.0,-19.43895
2496705781.25,-19.43931
2496705937.5,-19.44083
2496706093.75,-19.44428
2496706250.0,-19.44509
2496706406.25,-19.44788
2496706562.5,-19.44912
2496706718.75,-19.45135
2496706875.0,-19.45213
2496707031.25,-19.45358
2496707187.5,-19.4569
2496707343.75,-19.45652
2496707500.0,-19.45796
2496707656.25,-19.46049
2496707812.5,-19.4628
2496707968.75,-19.46447
2496708125.0,-19.46604
2496708281.25,-19.46899
2496708437.5,-19.46908
2496708593.75,-19.47074
2496708750.0,-19.47321
2496708906.25,-19.47417
2496709062.5,-19.47652
2496709218.75,-19.47789
2496709375.0,-19.47743
2496709531.25,-19.48283
2496709687.5,-19.48112
2496709843.75,-19.48428
2496710000.0,-19.48691
2496710156.25,-19.48689
2496710312.5,-19.48986
2496710468.75,-19.49104
2496710625.0,-19.49367
2496710781.25,-19.49536
2496710937.5,-19.49536
2496711093.75,-19.49746
2496711250.0,-19.49909
2496711406.25,-19.50171
2496711562.5,-19.50208
2496711718.75,-19.50487
2496711875.0,-19.50636
2496712031.25,-19.50849
2496712187.5,-19.51055
2496712343.75,-19.51024
2496712500.0,-19.51414
2496712656.25,-19.51635
2496712812.5,-19.51604
2496712968.75,-19.51797
2496713125.0,-19.5194
2496713281.25,-19.52127
2496713437.5,-19.52295
2496713593.75,-19.52595
2496713750.0,-19.52755
2496713906.25,-19.52771
2496714062.5,-19.52964
2496714218.75,-19.53135
2496714375.0,-19.53697
2496714531.25,-19.53556
2496714687.5,-19.5357
2496714843.75,-19.53922
2496715000.0,-19.54129
2496715156.25,-19.54201
2496715312.5,-19.54489
2496715468.75,-19.54465
2496715625.0,-19.54764
2496715781.25,-19.54954
2496715937.5,-19.55048
2496716093.75,-19.55294
2496716250.0,-19.55449
2496716406.25,-19.55497
2496716562.5,-19.55576
2496716718.75,-19.55986
2496716875.0,-19.55922
2496717031.25,-19.56181
2496717187.5,-19.56361
2496717343.75,-19.56594
2496717500.0,-19.5652
2496717656.25,-19.56862
2496717812.5,-19.57182
2496717968.75,-19.57342
2496718125.0,-19.57452
2496718281.25,-19.5752
2496718437.5,-19.57823
2496718593.75,-19.57953
2496718750.0,-19.57849
2496718906.25,-19.58202
2496719062.5,-19.5851
2496719218.75,-19.58582
2496719375.0,-19.58797
2496719531.25,-19.58864
2496719687.5,-19.59249
2496719843.75,-19.59154
2496720000.0,-19.59404
2496720156.25,-19.59694
2496720312.5,-19.59611
2496720468.75,-19.59941
2496720625.0,-19.60127
2496720781.25,-19.60103
2496720937.5,-19.60496
2496721093.75,-19.6054
2496721250.0,-19.60792
2496721406.25,-19.60915
2496721562.5,-19.61139
2496721718.75,-19.61296
2496721875.0,-19.6142
2496722031.25,-19.61559
2496722187.5,-19.61859
2496722343.75,-19.61694
2496722500.0,-19.62242
2496722656.25,-19.62328
2496722812.5,-19.62426
2496722968.75,-19.62499
2496723125.0,-19.62776
2496723281.25,-19.63068
2496723437.5,-19.63172
2496723593.75,-19.63253
2496723750.0,-19.63397
2496723906.25,-19.63714
2496724062.5,-19.63692
2496724218.75,-19.64054
2496724375.0,-19.64121
2496724531.25,-19.64282
2496724687.5,-19.64615
2496724843.75,-19.64635
2496725000.0,-19.64853
2496725156.25,-19.64971
2496725312.5,-19.65064
2496725468.75,-19.65442
2496725625.0,-19.65365
2496725781.25,-19.65711
2496725937.5,-19.659
2496726093.75,-19.6598
2496726250.0,-19.66125
2496726406.25,-19.6636
2496726562.5,-19.66593
2496726718.75,-19.66791
2496726875.0,-19.66787
2496727031.25,-19.67127
2496727187.5,-19.67288
2496727343.75,-19.67493
2496727500.0,-19.6742
2496727656.25,-19.67655
2496727812.5,-19.67616
2496727968.75,-19.67795
2496728125.0,-19.68137
2496728281.25,-19.68259
2496728437.5,-19.68457
2496728593.75,-19.68566
2496728750.0,-19.68851
2496728906.25,-19.68787
2496729062.5,-19.69067
2496729218.75,-19.69449
2496729375.0,-19.69409
2496729531.25,-19.69729
2496729687.5,-19.69769
2496729843.75,-19.7007
2496730000.0,-19.70058
2496730156.25,-19.70278
2496730312.5,-19.70606
2496730468.75,-19.70503
2496730625.0,-19.70597
2496730781.25,-19.71028
2496730937.5,-19.71049
2496731093.75,-19.71268
2496731250.0,-19.7137
2496731406.25,-19.7152
2496731562.5,-19.7188
2496731718.75,-19.71866
2496731875.0,-19.72116
2496732031.25,-19.72274
2496732187.5,-19.72389
2496732343.75,-19.72423
2496732500.0,-19.72761
2496732656.25,-19.73214
2496732812.5,-19.73022
2496732968.75,-19.73279
2496733125.0,-19.73598
2496733281.25,-19.73536
2496733437.5,-19.7384
2496733593.75,-19.73926
2496733750.0,-19.74117
2496733906.25,-19.74431
2496734062.5,-19.74566
2496734218.75,-19.74854
2496734375.0,-19.74705
2496734531.25,-19.74873
2496734687.5,-19.75129
2496734843.75,-19.75302
2496735000.0,-19.75391
2496735156.25,-19.75636
2496735312.5,-19.75625
2496735468.75,-19.75844
2496735625.0,-19.76131
2496735781.25,-19.76246
2496735937.5,-19.76409
2496736093.75,-19.76625
2496736250.0,-19.76729
2496736406.25,-19.76858
2496736562.5,-19.77037
2496736718.75,-19.77219
2496736875.0,-19.77479
2496737031.25,-19.77544
2496737187.5,-19.77763
2496737343.75,-19.77901
2496737500.0,-19.78116
2496737656.25,-19.78346
2496737812.5,-19.78307
2496737968.75,-19.78681
2496738125.0,-19.78729
2496738281.25,-19.79158
2496738437.5,-19.79077
2496738593.75,-19.79235
2496738750.0,-19.79428
2496738906.25,-19.79439
2496739062.5,-19.79692
2496739218.75,-19.79867
2496739375.0,-19.80098
2496739531.25,-19.80135
2496739687.5,-19.80334
2496739843.75,-19.80522
2496740000.0,-19.80947
2496740156.25,-19.80965
2496740312.5,-19.81074
2496740468.75,-19.81206
2496740625.0,-19.81551
2496740781.25,-19.81626
2496740937.5,-19.81707
2496741093.75,-19.81977
2496741250.0,-19.81983
2496741406.25,-19.82302
2496741562.5,-19.82477
2496741718.75,-19.82673
2496741875.0,-19.82665
2496742031.25,-19.82758
2496742187.5,-19.83082
2496742343.75,-19.83094
2496742500.0,-19.83392
2496742656.25,-19.83547
2496742812.5,-19.83671
2496742968.75,-19.83745
2496743125.0,-19.83966
2496743281.25,-19.84176
2496743437.5,-19.84332
2496743593.75,-19.84411
2496743750.0,-19.84784
2496743906.25,-19.84818
2496744062.5,-19.85022
2496744218.75,-19.85397
2496744375.0,-19.85369
2496744531.25,-19.85604
2496744687.5,-19.85686
2496744843.75,-19.85775
2496745000.0,-19.86036
2496745156.25,-19.86201
2496745312.5,-19.86308
2496745468.75,-19.86477
2496745625.0,-19.86511
2496745781.25,-19.86679
2496745937.5,-19.8713
2496746093.75,-19.87027
2496746250.0,-19.8724
2496746406.25,-19.87314
2496746562.5,-19.8767
2496746718.75,-19.87718
2496746875.0,-19.87983
2496747031.25,-19.88032
2496747187.5,-19.88185
2496747343.75,-19.88498
2496747500.0,-19.8851
2496747656.25,-19.88716
2496747812.5,-19.88783
2496747968.75,-19.89231
2496748125.0,-19.89232
2496748281.25,-19.89341
2496748437.5,-19.89536
2496748593.75,-19.89619
2496748750.0,-19.89931
2496748906.25,-19.90133
2496749062.5,-19.89967
2496749218.75,-19.90569
2496749375.0,-19.90609
2496749531.25,-19.90731
2496749687.5,-19.90878
2496749843.75,-19.91098
2496750000.0,-19.91166
2496750156.25,-19.91437
2496750312.5,-19.9143
2496750468.75,-19.91756
2496750625.0,-19.91779
2496750781.25,-19.92037
2496750937.5,-19.92204
2496751093.75,-19.92186
2496751250.0,-19.92469
2496751406.25,-19.92583
2496751562.5,-19.92811
2496751718.75,-19.9291
2496751875.0,-19.92956
2496752031.25,-19.9338
2496752187.5,-19.93546
2496752343.75,-19.93554
2496752500.0,-19.93695
2496752656.25,-19.9399
2496752812.5,-19.94251
2496752968.75,-19.94201
2496753125.0,-19.94328
2496753281.25,-19.94701
2496753437.5,-19.94739
2496753593.75,-19.94912
2496753750.0,-19.95084
2496753906.25,-19.95299
2496754062.5,-19.95522
2496754218.75,-19.95513
2496754375.0,-19.95745
2496754531.25,-19.95763
2496754687.5,-19.95848
2496754843.75,-19.96076
2496755000.0,-19.96357
2496755156.25,-19.96542
2496755312.5,-19.96723
2496755468.75,-19.9696
2496755625.0,-19.96949
2496755781.25,-19.97228
2496755937.5,-19.97379
2496756093.75,-19.97509
2496756250.0,-19.97607
2496756406.25,-19.97788
2496756562.5,-19.98133
2496756718.75,-19.98237
2496756875.0,-19.98281
2496757031.25,-19.98415
2496757187.5,-19.98521
2496757343.75,-19.98909
2496757500.0,-19.98994
2496757656.25,-19.9902
2496757812.5,-19.99486
2496757968.75,-19.99356
2496758125.0,-19.99626
2496758281.25,-19.99666
2496758437.5,-20.00006
2496758593.75,-20.00008
2496758750.0,-20.00315
2496758906.25,-20.00367
2496759062.5,-20.00563
2496759218.75,-20.00759
2496759375.0,-20.00953
2496759531.25,-20.01173
2496759687.5,-20.0122
2496759843.75,-20.0165
2496760000.0,-20.01409
2496760156.25,-20.0162
2496760312.5,-20.01941
2496760468.75,-20.02147
2496760625.0,-20.02237
2496760781.25,-20.02345
2496760937.5,-20.02461
2496761093.75,-20.02641
2496761250.0,-20.02869
2496761406.25,-20.02898
2496761562.5,-20.03154
2496761718.75,-20.03303
2496761875.0,-20.03385
2496762031.25,-20.03752
2496762187.5,-20.03852
2496762343.75,-20.03936
2496762500.0,-20.0401
2496762656.25,-20.04101
2496762812.5,-20.04438
2496762968.75,-20.04486
2496763125.0,-20.04575
2496763281.25,-20.04922
2496763437.5,-20.04922
2496763593.75,-20.05054
2496763750.0,-20.05507
2496763906.25,-20.05511
2496764062.5,-20.05722
2496764218.75,-20.06005
2496764375.0,-20.06011
2496764531.25,-20.06285
2496764687.5,-20.06254
2496764843.75,-20.06331
2496765000.0,-20.06739
2496765156.25,-20.06829
2496765312.5,-20.06932
2496765468.75,-20.07141
2496765625.0,-20.07254
2496765781.25,-20.07528
2496765937.5,-20.07682
2496766093.75,-20.07723
2496766250.0,-20.07775
2496766406.25,-20.08084
2496766562.5,-20.08379
2496766718.75,-20.0846
2496766875.0,-20.08592
2496767031.25,-20.08665
2496767187.5,-20.0913
2496767343.75,-20.09167
2496767500.0,-20.09112
2496767656.25,-20.09406
2496767812.5,-20.09476
2496767968.75,-20.09621
2496768125.0,-20.09931
2496768281.25,-20.10214
2496768437.5,-20.10105
2496768593.75,-20.10417
2496768750.0,-20.10333
2496768906.25,-20.10652
2496769062.5,-20.10937
2496769218.75,-20.11026
2496769375.0,-20.11144
2496769531.25,-20.11282
2496769687.5,-20.11373
2496769843.75,-20.11501
2496770000.0,-20.11951
2496770156.25,-20.11893
2496770312.5,-20.12068
2496770468.75,-20.12097
2496770625.0,-20.1253
2496770781.25,-20.12649
2496770937.5,-20.12831
2496771093.75,-20.12716
2496771250.0,-20.13062
2496771406.25,-20.13173
2496771562.5,-20.13238
2496771718.75,-20.13458
2496771875.0,-20.13636
2496772031.25,-20.13733
2496772187.5,-20.1389
2496772343.75,-20.1431
2496772500.0,-20.1448
2496772656.25,-20.14479
2496772812.5,-20.14648
2496772968.75,-20.14968
2496773125.0,-20.14788
2496773281.25,-20.1509
2496773437.5,-20.15136
2496773593.75,-20.15495
2496773750.0,-20.15819
2496773906.25,-20.15688
2496774062.5,-20.15921
2496774218.75,-20.1606
2496774375.0,-20.1602
2496774531.25,-20.16263
2496774687.5,-20.16219
2496774843.75,-20.16737
2496775000.0,-20.16852
2496775156.25,-20.16952
2496775312.5,-20.17381
2496775468.75,-20.17102
2496775625.0,-20.17572
2496775781.25,-20.17536
2496775937.5,-20.1768
2496776093.75,-20.17848
2496776250.0,-20.18072
2496776406.25,-20.18299
2496776562.5,-20.18527
2496776718.75,-20.18655
2496776875.0,-20.18875
2496777031.25,-20.18844
2496777187.5,-20.19043
2496777343.75,-20.19191
2496777500.0,-20.19254
2496777656.25,-20.19696
2496777812.5,-20.19574
2496777968.75,-20.19861
2496778125.0,-20.19963
2496778281.25,-20.20108
2496778437.5,-20.20321
2496778593.75,-20.20358
2496778750.0,-20.20622
2496778906.25,-20.20786
2496779062.5,-20.20786
2496779218.75,-20.21123
2496779375.0,-20.21199
2496779531.25,-20.2127
2496779687.5,-20.21575
2496779843.75,-20.21588
2496780000.0,-20.21786
2496780156.25,-20.22287
2496780312.5,-20.2223
2496780468.75,-20.2239
2496780625.0,-20.22519
2496780781.25,-20.22696
2496780937.5,-20.22869
2496781093.75,-20.22908
2496781250.0,-20.23153
2496781406.25,-20.2331
2496781562.5,-20.23388
2496781718.75,-20.23466
2496781875.0,-20.23848
2496782031.25,-20.2387
2496782187.5,-20.23951
2496782343.75,-20.24411
2496782500.0,-20.24437
2496782656.25,-20.24512
2496782812.5,-20.24782
2496782968.75,-20.24753
2496783125.0,-20.25135
2496783281.25,-20.2517
2496783437.5,-20.25332
2496783593.75,-20.25438
2496783750.0,-20.25699
2496783906.25,-20.25887
2496784062.5,-20.25937
2496784218.75,-20.26125
2496784375.0,-20.26398
2496784531.25,-20.26354
2496784687.5,-20.26417
2496784843.75,-20.26795
2496785000.0,-20.27012
2496785156.25,-20.26939
2496785312.5,-20.27092
2496785468.75,-20.27454
2496785625.0,-20.2745
2496785781.25,-20.27698
2496785937.5,-20.27796
2496786093.75,-20.28045
2496786250.0,-20.28171
2496786406.25,-20.28227
2496786562.5,-20.28266
2496786718.75,-20.2855
2496786875.0,-20.28746
2496787031.25,-20.28919
2496787187.5,-20.28936
2496787343.75,-20.2899
2496787500.0,-20.29257
2496787656.25,-20.29455
2496787812.5,-20.29639
2496787968.75,-20.29842
2496788125.0,-20.30052
2496788281.25,-20.30075
2496788437.5,-20.30381
2496788593.75,-20.30382
2496788750.0,-20.30668
2496788906.25,-20.30775
2496789062.5,-20.30875
2496789218.75,-20.31095
2496789375.0,-20.3127
2496789531.25,-20.31239
2496789687.5,-20.31511
2496789843.75,-20.3175
2496790000.0,-20.31917
2496790156.25,-20.31992
2496790312.5,-20.32156
2496790468.75,-20.32203
2496790625.0,-20.32444
2496790781.25,-20.32831
2496790937.5,-20.32611
2496791093.75,-20.32875
2496791250.0,-20.33323
2496791406.25,-20.33546
2496791562.5,-20.33545
2496791718.75,-20.3341
2496791875.0,-20.33719
2496792031.25,-20.33804
2496792187.5,-20.34074
2496792343.75,-20.34082
2496792500.0,-20.34439
2496792656.25,-20.34388
2496792812.5,-20.34653
2496792968.75,-20.34922
2496793125.0,-20.35053
2496793281.25,-20.35065
2496793437.5,-20.35241
2496793593.75,-20.35511
2496793750.0,-20.35558
2496793906.25,-20.35925
2496794062.5,-20.35966
2496794218.75,-20.36144
2496794375.0,-20.36239
2496794531.25,-20.363
2496794687.5,-20.36684
2496794843.75,-20.36592
2496795000.0,-20.36838
2496795156.25,-20.37192
2496795312.5,-20.37336
2496795468.75,-20.37364
2496795625.0,-20.37507
2496795781.25,-20.37652
2496795937.5,-20.3766
2496796093.75,-20.37629
2496796250.0,-20.38002
2496796406.25,-20.38215
2496796562.5,-20.38554
2496796718.75,-20.38748
2496796875.0,-20.38502
2496797031.25,-20.38824
2496797187.5,-20.38976
2496797343.75,-20.39222
2496797500.0,-20.39091
2496797656.25,-20.39511
2496797812.5,-20.39753
2496797968.75,-20.39705
2496798125.0,-20.40058
2496798281.25,-20.40112
2496798437.5,-20.40182
2496798593.75,-20.4051
2496798750.0,-20.40408
2496798906.25,-20.40764
2496799062.5,-20.40832
2496799218.75,-20.4112
2496799375.0,-20.41179
2496799531.25,-20.41263
2496799687.5,-20.41459
2496799843.75,-20.4187
2496800000.0,-20.41878
2496800156.25,-20.41843
2496800312.5,-20.4221
2496800468.75,-20.42234
2496800625.0,-20.42359
2496800781.25,-20.42533
2496800937.5,-20.42589
2496801093.75,-20.42767
2496801250.0,-20.42868
2496801406.25,-20.43032
2496801562.5,-20.4322
2496801718.75,-20.43605
2496801875.0,-20.43638
2496802031.25,-20.43722
2496802187.5,-20.43769
2496802343.75,-20.44016
2496802500.0,-20.44348
2496802656.25,-20.44348
2496802812.5,-20.44603
2496802968.75,-20.44699
2496803125.0,-20.44773
2496803281.25,-20.45094
2496803437.5,-20.45245
2496803593.75,-20.45557
2496803750.0,-20.45414
2496803906.25,-20.45683
2496804062.5,-20.45877
2496804218.75,-20.45862
2496804375.0,-20.46149
2496804531.25,-20.46296
2496804687.5,-20.46455
2496804843.75,-20.46515
2496805000.0,-20.46647
2496805156.25,-20.4702
2496805312.5,-20.4697
2496805468.75,-20.47285
2496805625.0,-20.47318
2496805781.25,-20.47423
2496805937.5,-20.47552
2496806093.75,-20.47683
2496806250.0,-20.4799
2496806406.25,-20.47949
2496806562.5,-20.4813
2496806718.75,-20.48521
2496806875.0,-20.48448
2496807031.25,-20.48808
2496807187.5,-20.48824
2496807343.75,-20.48983
2496807500.0,-20.49047
2496807656.25,-20.49343
2496807812.5,-20.494
2496807968.75,-20.49516
2496808125.0,-20.49748
2496808281.25,-20.49868
2496808437.5,-20.50078
2496808593.75,-20.50058
2496808750.0,-20.50158
2496808906.25,-20.50504
2496809062.5,-20.50586
2496809218.75,-20.5073
2496809375.0,-20.50909
2496809531.25,-20.51128
2496809687.5,-20.51303
2496809843.75,-20.51381
2496810000.0,-20.51559
2496810156.25,-20.51762
2496810312.5,-20.51834
2496810468.75,-20.52026
2496810625.0,-20.52223
2496810781.25,-20.52182
2496810937.5,-20.52449
2496811093.75,-20.52704
2496811250.0,-20.52763
2496811406.25,-20.53052
2496811562.5,-20.53016
2496811718.75,-20.53297
2496811875.0,-20.53447
2496812031.25,-20.53621
2496812187.5,-20.53776
2496812343.75,-20.53779
2496812500.0,-20.54101
2496812656.25,-20.54206
2496812812.5,-20.54221
2496812968.75,-20.54483
2496813125.0,-20.54558
2496813281.25,-20.54793
2496813437.5,-20.55095
2496813593.75,-20.55062
2496813750.0,-20.55267
2496813906.25,-20.55354
2496814062.5,-20.55586
2496814218.75,-20.5562
2496814375.0,-20.55775
2496814531.25,-20.56028
2496814687.5,-20.56038
2496814843.75,-20.56388
2496815000.0,-20.56571
2496815156.25,-20.56502
2496815312.5,-20.56808
2496815468.75,-20.56906
2496815625.0,-20.56985
2496815781.25,-20.57273
2496815937.5,-20.57476
2496816093.75,-20.57605
2496816250.0,-20.57528
2496816406.25,-20.57774
2496816562.5,-20.58033
2496816718.75,-20.58176
2496816875.0,-20.58255
2496817031.25,-20.5829
2496817187.5,-20.58534
2496817343.75,-20.58573
2496817500.0,-20.59001
2496817656.25,-20.5916
2496817812.5,-20.59357
2496817968.75,-20.59313
2496818125.0,-20.59548
2496818281.25,-20.59573
2496818437.5,-20.59898
2496818593.75,-20.60035
2496818750.0,-20.60027
2496818906.25,-20.6005
2496819062.5,-20.60299
2496819218.75,-20.60476
2496819375.0,-20.60757
2496819531.25,-20.60746
2496819687.5,-20.61085
2496819843.75,-20.61065
2496820000.0,-20.61279
2496820156.25,-20.61692
2496820312.5,-20.61632
2496820468.75,-20.61563
2496820625.0,-20.61945
2496820781.25,-20.62242
2496820937.5,-20.62198
2496821093.75,-20.6226
2496821250.0,-20.62472
2496821406.25,-20.62431
2496821562.5,-20.63015
2496821718.75,-20.62951
2496821875.0,-20.63154
2496822031.25,-20.63412
2496822187.5,-20.63473
2496822343.75,-20.63791
2496822500.0,-20.63707
2496822656.25,-20.63875
2496822812.5,-20.63943
2496822968.75,-20.64304
2496823125.0,-20.64352
2496823281.25,-20.64684
2496823437.5,-20.64584
2496823593.75,-20.64698
2496823750.0,-20.65025
2496823906.25,-20.65151
2496824062.5,-20.65337
2496824218.75,-20.65372
2496824375.0,-20.65451
2496824531.25,-20.65668
2496824687.5,-20.6594
2496824843.75,-20.66047
2496825000.0,-20.66183
2496825156.25,-20.66451
2496825312.5,-20.66206
2496825468.75,-20.66524
2496825625.0,-20.66673
2496825781.25,-20.66913
2496825937.5,-20.67027
2496826093.75,-20.67136
2496826250.0,-20.67077
2496826406.25,-20.67337
2496826562.5,-20.67485
2496826718.75,-20.67732
2496826875.0,-20.68208
2496827031.25,-20.67792
2496827187.5,-20.68087
2496827343.75,-20.68412
2496827500.0,-20.68597
2496827656.25,-20.68497
2496827812.5,-20.68741
2496827968.75,-20.69103
2496828125.0,-20.69153
2496828281.25,-20.6901
2496828437.5,-20.69494
2496828593.75,-20.69361
2496828750.0,-20.69508
2496828906.25,-20.69847
2496829062.5,-20.70157
2496829218.75,-20.70166
2496829375.0,-20.7022
2496829531.25,-20.70522
2496829687.5,-20.70488
2496829843.75,-20.7074
2496830000.0,-20.70807
2496830156.25,-20.71093
2496830312.5,-20.71263
2496830468.75,-20.71377
2496830625.0,-20.71336
2496830781.25,-20.7177
2496830937.5,-20.7169
2496831093.75,-20.71766
2496831250.0,-20.72196
2496831406.25,-20.72217
2496831562.5,-20.72231
2496831718.75,-20.72742
2496831875.0,-20.72519
2496832031.25,-20.72894
2496832187.5,-20.73099
2496832343.75,-20.7297
2496832500.0,-20.73333
2496832656.25,-20.7344
2496832812.5,-20.73686
2496832968.75,-20.73952
2496833125.0,-20.73561
2496833281.25,-20.74177
2496833437.5,-20.74169
2496833593.75,-20.74368
2496833750.0,-20.7452
2496833906.25,-20.7471
2496834062.5,-20.74682
2496834218.75,-20.74677
2496834375.0,-20.75145
2496834531.25,-20.75226
2496834687.5,-20.75488
2496834843.75,-20.75497
2496835000.0,-20.75601
2496835156.25,-20.75725
2496835312.5,-20.7599
2496835468.75,-20.76059
2496835625.0,-20.76242
2496835781.25,-20.76482
2496835937.5,-20.76608
2496836093.75,-20.7675
2496836250.0,-20.76943
2496836406.25,-20.76956
2496836562.5,-20.77083
2496836718.75,-20.77416
2496836875.0,-20.77685
2496837031.25,-20.77435
2496837187.5,-20.77739
2496837343.75,-20.77805
2496837500.0,-20.78082
2496837656.25,-20.78349
2496837812.5,-20.78414
2496837968.75,-20.78334
2496838125.0,-20.78512
2496838281.25,-20.78669
2496838437.5,-20.78918
2496838593.75,-20.79011
2496838750.0,-20.79207
2496838906.25,-20.79417
2496839062.5,-20.79598
2496839218.75,-20.79866
2496839375.0,-20.79847
2496839531.25,-20.79899
2496839687.5,-20.79924
2496839843.75,-20.80246
2496840000.0,-20.8053
2496840156.25,-20.80456
2496840312.5,-20.80601
2496840468.75,-20.80946
2496840625.0,-20.81005
2496840781.25,-20.81313
2496840937.5,-20.81455
2496841093.75,-20.81497
2496841250.0,-20.81576
2496841406.25,-20.81628
2496841562.5,-20.8198
2496841718.75,-20.82099
2496841875.0,-20.81952
2496842031.25,-20.82275
2496842187.5,-20.82472
2496842343.75,-20.82531
2496842500.0,-20.82848
2496842656.25,-20.82965
2496842812.5,-20.83041
2496842968.75,-20.83197
2496843125.0,-20.83199
2496843281.25,-20.83532
2496843437.5,-20.83712
2496843593.75,-20.83506
2496843750.0,-20.83877
2496843906.25,-20.83981
2496844062.5,-20.84247
2496844218.75,-20.84371
2496844375.0,-20.84562
2496844531.25,-20.84738
2496844687.5,-20.84731
2496844843.75,-20.84956
2496845000.0,-20.85166
2496845156.25,-20.85163
2496845312.5,-20.85377
2496845468.75,-20.85512
2496845625.0,-20.85789
2496845781.25,-20.85761
2496845937.5,-20.85909
2496846093.75,-20.86159
2496846250.0,-20.86198
2496846406.25,-20.86607
2496846562.5,-20.86634
2496846718.75,-20.86873
2496846875.0,-20.86745
2496847031.25,-20.8688
2496847187.5,-20.87255
2496847343.75,-20.87411
2496847500.0,-20.87404
2496847656.25,-20.87675
2496847812.5,-20.8759
2496847968.75,-20.87754
2496848125.0,-20.88167
2496848281.25,-20.8825
2496848437.5,-20.8832
2496848593.75,-20.88406
2496848750.0,-20.88458
2496848906.25,-20.88787
2496849062.5,-20.88863
2496849218.75,-20.89071
2496849375.0,-20.89161
2496849531.25,-20.8945
2496849687.5,-20.8959
2496849843.75,-20.89387
2496850000.0,-20.89713
2496850156.25,-20.90084
2496850312.5,-20.90256
2496850468.75,-20.90397
2496850625.0,-20.90429
2496850781.25,-20.90597
2496850937.5,-20.90728
2496851093.75,-20.90915
2496851250.0,-20.90783
2496851406.25,-20.91047
2496851562.5,-20.91067
2496851718.75,-20.91356
2496851875.0,-20.91396
2496852031.25,-20.9185
2496852187.5,-20.91848
2496852343.75,-20.91988
2496852500.0,-20.92078
2496852656.25,-20.9219
2496852812.5,-20.92441
2496852968.75,-20.92583
2496853125.0,-20.92805
2496853281.25,-20.92949
2496853437.5,-20.93015
2496853593.75,-20.92965
2496853750.0,-20.93223
2496853906.25,-20.93526
2496854062.5,-20.93709
2496854218.75,-20.93711
2496854375.0,-20.93869
2496854531.25,-20.94072
2496854687.5,-20.94323
2496854843.75,-20.94101
2496855000.0,-20.94502
2496855156.25,-20.94528
2496855312.5,-20.94691
2496855468.75,-20.94968
2496855625.0,-20.95048
2496855781.25,-20.95373
2496855937.5,-20.95346
2496856093.75,-20.95447
2496856250.0,-20.95708
2496856406.25,-20.95873
2496856562.5,-20.96028
2496856718.75,-20.96051
2496856875.0,-20.96203
2496857031.25,-20.96411
2496857187.5,-20.96352
2496857343.75,-20.96737
2496857500.0,-20.96992
2496857656.25,-20.97025
2496857812.5,-20.97048
2496857968.75,-20.97223
2496858125.0,-20.97313
2496858281.25,-20.97425
2496858437.5,-20.97629
2496858593.75,-20.9775
2496858750.0,-20.97965
2496858906.25,-20.97909
2496859062.5,-20.98304
2496859218.75,-20.98451
2496859375.0,-20.98718
2496859531.25,-20.98688
2496859687.5,-20.98775
2496859843.75,-20.98766
2496860000.0,-20.9912
2496860156.25,-20.99235
2496860312.5,-20.99504
2496860468.75,-20.99495
2496860625.0,-20.99597
2496860781.25,-20.99706
2496860937.5,-20.99863
2496861093.75,-21.00255
2496861250.0,-21.00477
2496861406.25,-21.00338
2496861562.5,-21.00534
2496861718.75,-21.00741
2496861875.0,-21.00927
2496862031.25,-21.01151
2496862187.5,-21.01164
2496862343.75,-21.01282
2496862500.0,-21.01489
2496862656.25,-21.0147
2496862812.5,-21.0175
2496862968.75,-21.01862
2496863125.0,-21.01904
2496863281.25,-21.02083
2496863437.5,-21.02459
2496863593.75,-21.02435
2496863750.0,-21.02544
2496863906.25,-21.02706
2496864062.5,-21.02891
2496864218.75,-21.03099
2496864375.0,-21.03232
2496864531.25,-21.03187
2496864687.5,-21.03238
2496864843.75,-21.03727
2496865000.0,-21.0372
2496865156.25,-21.04082
2496865312.5,-21.03834
2496865468.75,-21.039
2496865625.0,-21.04295
2496865781.25,-21.0451
2496865937.5,-21.04568
2496866093.75,-21.04754
2496866250.0,-21.04797
2496866406.25,-21.04951
2496866562.5,-21.05186
2496866718.75,-21.05305
2496866875.0,-21.05341
2496867031.25,-21.0554
2496867187.5,-21.05776
2496867343.75,-21.05893
2496867500.0,-21.05935
2496867656.25,-21.06124
2496867812.5,-21.06241
2496867968.75,-21.06394
2496868125.0,-21.0649
2496868281.25,-21.06827
2496868437.5,-21.06904
2496868593.75,-21.0704
2496868750.0,-21.07203
2496868906.25,-21.07187
2496869062.5,-21.07594
2496869218.75,-21.07759
2496869375.0,-21.07972
2496869531.25,-21.07858
2496869687.5,-21.08029
2496869843.75,-21.08195
2496870000.0,-21.08329
2496870156.25,-21.08567
2496870312.5,-21.08587
2496870468.75,-21.08636
2496870625.0,-21.08995
2496870781.25,-21.08867
2496870937.5,-21.0923
2496871093.75,-21.0948
2496871250.0,-21.0946
2496871406.25,-21.09425
2496871562.5,-21.0979
2496871718.75,-21.09834
2496871875.0,-21.10189
2496872031.25,-21.10263
2496872187.5,-21.10375
2496872343.75,-21.10507
2496872500.0,-21.10753
2496872656.25,-21.1081
2496872812.5,-21.10754
2496872968.75,-21.11109
2496873125.0,-21.11216
2496873281.25,-21.11327
2496873437.5,-21.11433
2496873593.75,-21.11666
2496873750.0,-21.11606
2496873906.25,-21.11621
2496874062.5,-21.11872
2496874218.75,-21.12252
2496874375.0,-21.12178
2496874531.25,-21.12444
2496874687.5,-21.12454
2496874843.75,-21.12699
2496875000.0,-21.12869
2496875156.25,-21.13003
2496875312.5,-21.13077
2496875468.75,-21.1322
2496875625.0,-21.13643
2496875781.25,-21.13544
2496875937.5,-21.13623
2496876093.75,-21.13776
2496876250.0,-21.14164
2496876406.25,-21.14194
2496876562.5,-21.14454
2496876718.75,-21.14443
2496876875.0,-21.1451
2496877031.25,-21.14721
2496877187.5,-21.14762
2496877343.75,-21.15
2496877500.0,-21.15238
2496877656.25,-21.15277
2496877812.5,-21.15482
2496877968.75,-21.15654
2496878125.0,-21.15723
2496878281.25,-21.15866
2496878437.5,-21.16061
2496878593.75,-21.16181
2496878750.0,-21.16421
2496878906.25,-21.16383
2496879062.5,-21.1656
2496879218.75,-21.16766
2496879375.0,-21.16736
2496879531.25,-21.16836
2496879687.5,-21.17078
2496879843.75,-21.17209
2496880000.0,-21.17297
2496880156.25,-21.17627
2496880312.5,-21.17727
2496880468.75,-21.17908
2496880625.0,-21.17946
2496880781.25,-21.18034
2496880937.5,-21.18353
2496881093.75,-21.18662
2496881250.0,-21.186
2496881406.25,-21.18659
2496881562.5,-21.18617
2496881718.75,-21.19025
2496881875.0,-21.19057
2496882031.25,-21.19374
2496882187.5,-21.19469
2496882343.75,-21.19785
2496882500.0,-21.19808
2496882656.25,-21.19759
2496882812.5,-21.20048
2496882968.75,-21.19968
2496883125.0,-21.20109
2496883281.25,-21.20361
2496883437.5,-21.20439
2496883593.75,-21.20684
2496883750.0,-21.20958
2496883906.25,-21.21109
2496884062.5,-21.21085
2496884218.75,-21.21343
2496884375.0,-21.2154
2496884531.25,-21.21627
2496884687.5,-21.21686
2496884843.75,-21.21804
2496885000.0,-21.21813
2496885156.25,-21.22067
2496885312.5,-21.22202
2496885468.75,-21.22413
2496885625.0,-21.22484
2496885781.25,-21.22833
2496885937.5,-21.22741
2496886093.75,-21.22776
2496886250.0,-21.23084
2496886406.25,-21.23252
2496886562.5,-21.23116
2496886718.75,-21.23563
2496886875.0,-21.23601
2496887031.25,-21.23723
2496887187.5,-21.23841
2496887343.75,-21.24129
2496887500.0,-21.24161
2496887656.25,-21.24178
2496887812.5,-21.24515
2496887968.75,-21.24635
2496888125.0,-21.24677
2496888281.25,-21.24915
2496888437.5,-21.24747
2496888593.75,-21.25048
2496888750.0,-21.25274
2496888906.25,-21.25404
2496889062.5,-21.2561
2496889218.75,-21.25745
2496889375.0,-21.26057
2496889531.25,-21.26155
2496889687.5,-21.26212
2496889843.75,-21.26415
2496890000.0,-21.26509
2496890156.25,-21.26698
2496890312.5,-21.2679
2496890468.75,-21.26972
2496890625.0,-21.26917
2496890781.25,-21.27216
2496890937.5,-21.27036
2496891093.75,-21.27315
2496891250.0,-21.27638
2496891406.25,-21.27727
2496891562.5,-21.27707
2496891718.75,-21.28135
2496891875.0,-21.28241
2496892031.25,-21.28347
2496892187.5,-21.28358
2496892343.75,-21.28616
2496892500.0,-21.2886
2496892656.25,-21.28765
2496892812.5,-21.28948
2496892968.75,-21.2911
2496893125.0,-21.29142
2496893281.25,-21.2935
2496893437.5,-21.29644
2496893593.75,-21.29659
2496893750.0,-21.29569
2496893906.25,-21.30032
2496894062.5,-21.30164
2496894218.75,-21.3007
2496894375.0,-21.30349
2496894531.25,-21.30478
2496894687.5,-21.30656
2496894843.75,-21.30953
2496895000.0,-21.31187
2496895156.25,-21.31169
2496895312.5,-21.3124
2496895468.75,-21.31311
2496895625.0,-21.31273
2496895781.25,-21.31557
2496895937.5,-21.318
2496896093.75,-21.3198
2496896250.0,-21.3195
2496896406.25,-21.32246
2496896562.5,-21.32404
2496896718.75,-21.32693
2496896875.0,-21.32451
2496897031.25,-21.32989
2496897187.5,-21.32793
2496897343.75,-21.32892
2496897500.0,-21.33172
2496897656.25,-21.33265
2496897812.5,-21.33314
2496897968.75,-21.33511
2496898125.0,-21.33858
2496898281.25,-21.338
2496898437.5,-21.33991
2496898593.75,-21.34073
2496898750.0,-21.34313
2496898906.25,-21.34567
2496899062.5,-21.34789
2496899218.75,-21.34457
2496899375.0,-21.3471
2496899531.25,-21.3506
2496899687.5,-21.35102
2496899843.75,-21.352
2496900000.0,-21.35363
2496900156.25,-21.35497
2496900312.5,-21.35511
2496900468.75,-21.3572
2496900625.0,-21.36
2496900781.25,-21.35999
2496900937.5,-21.36168
2496901093.75,-21.36356
2496901250.0,-21.36734
2496901406.25,-21.36451
2496901562.5,-21.36894
2496901718.75,-21.36922
2496901875.0,-21.37104
2496902031.25,-21.37186
2496902187.5,-21.37373
2496902343.75,-21.37601
2496902500.0,-21.37771
2496902656.25,-21.37879
2496902812.5,-21.37771
2496902968.75,-21.37958
2496903125.0,-21.38157
2496903281.25,-21.38275
2496903437.5,-21.38546
2496903593.75,-21.3851
2496903750.0,-21.38897
2496903906.25,-21.39172
2496904062.5,-21.38899
2496904218.75,-21.3916
2496904375.0,-21.3929
2496904531.25,-21.393
2496904687.5,-21.39558
2496904843.75,-21.39617
2496905000.0,-21.39734
2496905156.25,-21.40255
2496905312.5,-21.40169
2496905468.75,-21.40326
2496905625.0,-21.40524
2496905781.25,-21.40552
2496905937.5,-21.40957
2496906093.75,-21.4072
2496906250.0,-21.41161
2496906406.25,-21.41103
2496906562.5,-21.41055
2496906718.75,-21.41378
2496906875.0,-21.41489
2496907031.25,-21.41747
2496907187.5,-21.41724
2496907343.75,-21.41653
2496907500.0,-21.41929
2496907656.25,-21.41996
2496907812.5,-21.42326
2496907968.75,-21.4245
2496908125.0,-21.42732
2496908281.25,-21.42616
2496908437.5,-21.42845
2496908593.75,-21.43036
2496908750.0,-21.4312
2496908906.25,-21.4324
2496909062.5,-21.43541
2496909218.75,-21.43598
2496909375.0,-21.43668
2496909531.25,-21.43823
2496909687.5,-21.43829
2496909843.75,-21.4417
2496910000.0,-21.4441
2496910156.25,-21.44326
2496910312.5,-21.44626
2496910468.75,-21.44658
2496910625.0,-21.44489
2496910781.25,-21.45175
2496910937.5,-21.45063
2496911093.75,-21.45197
2496911250.0,-21.45314
2496911406.25,-21.45794
2496911562.5,-21.45434
2496911718.75,-21.45805
2496911875.0,-21.45891
2496912031.25,-21.45988
2496912187.5,-21.46146
2496912343.75,-21.46266
2496912500.0,-21.46375
2496912656.25,-21.4644
2496912812.5,-21.46821
2496912968.75,-21.46889
2496913125.0,-21.46952
2496913281.25,-21.4723
2496913437.5,-21.47078
2496913593.75,-21.47365
2496913750.0,-21.47464
2496913906.25,-21.47862
2496914062.5,-21.47864
2496914218.75,-21.48003
2496914375.0,-21.47922
2496914531.25,-21.48311
2496914687.5,-21.48076
2496914843.75,-21.48545
2496915000.0,-21.48752
2496915156.25,-21.487
2496915312.5,-21.48908
2496915468.75,-21.49115
2496915625.0,-21.49113
2496915781.25,-21.49379
2496915937.5,-21.49437
2496916093.75,-21.49609
2496916250.0,-21.49588
2496916406.25,-21.49896
2496916562.5,-21.49982
2496916718.75,-21.50013
2496916875.0,-21.50314
2496917031.25,-21.50498
2496917187.5,-21.50574
2496917343.75,-21.50623
2496917500.0,-21.51079
2496917656.25,-21.51013
2496917812.5,-21.51026
2496917968.75,-21.51213
2496918125.0,-21.51474
2496918281.25,-21.51483
2496918437.5,-21.5169
2496918593.75,-21.51531
2496918750.0,-21.52114
2496918906.25,-21.51938
2496919062.5,-21.52111
2496919218.75,-21.52364
2496919375.0,-21.52473
2496919531.25,-21.52684
2496919687.5,-21.52932
2496919843.75,-21.52856
2496920000.0,-21.5293
2496920156.25,-21.53338
2496920312.5,-21.5307
2496920468.75,-21.53358
2496920625.0,-21.53665
2496920781.25,-21.53666
2496920937.5,-21.53728
2496921093.75,-21.54052
2496921250.0,-21.54182
2496921406.25,-21.54068
2496921562.5,-21.54389
2496921718.75,-21.54372
2496921875.0,-21.5487
2496922031.25,-21.55109
2496922187.5,-21.54865
2496922343.75,-21.54946
2496922500.0,-21.54896
2496922656.25,-21.55464
2496922812.5,-21.55492
2496922968.75,-21.55574
2496923125.0,-21.55699
2496923281.25,-21.55688
2496923437.5,-21.56069
2496923593.75,-21.56211
2496923750.0,-21.56299
2496923906.25,-21.5618
2496924062.5,-21.56592
2496924218.75,-21.56905
2496924375.0,-21.5683
2496924531.25,-21.56986
2496924687.5,-21.57196
2496924843.75,-21.57138
2496925000.0,-21.57494
2496925156.25,-21.57846
2496925312.5,-21.57736
2496925468.75,-21.57792
2496925625.0,-21.57971
2496925781.25,-21.5813
2496925937.5,-21.5807
2496926093.75,-21.58386
2496926250.0,-21.58446
2496926406.25,-21.58655
2496926562.5,-21.58882
2496926718.75,-21.58805
2496926875.0,-21.58885
2496927031.25,-21.59291
2496927187.5,-21.59278
2496927343.75,-21.59299
2496927500.0,-21.59635
2496927656.25,-21.5972
2496927812.5,-21.60045
2496927968.75,-21.59966
2496928125.0,-21.60195
2496928281.25,-21.60036
2496928437.5,-21.60239
2496928593.75,-21.60311
2496928750.0,-21.60839
2496928906.25,-21.60618
2496929062.5,-21.61176
2496929218.75,-21.6104
2496929375.0,-21.61202
2496929531.25,-21.6139
2496929687.5,-21.61528
2496929843.75,-21.61492
2496930000.0,-21.61469
2496930156.25,-21.6182
2496930312.5,-21.62015
2496930468.75,-21.6214
2496930625.0,-21.62366
2496930781.25,-21.62402
2496930937.5,-21.62572
2496931093.75,-21.6255
2496931250.0,-21.62988
2496931406.25,-21.6291
2496931562.5,-21.63217
2496931718.75,-21.62984
2496931875.0,-21.63261
2496932031.25,-21.63405
2496932187.5,-21.63643
2496932343.75,-21.63654
2496932500.0,-21.63674
2496932656.25,-21.6407
2496932812.5,-21.64014
2496932968.75,-21.64309
2496933125.0,-21.64292
2496933281.25,-21.64615
2496933437.5,-21.64652
2496933593.75,-21.64821
2496933750.0,-21.65015
2496933906.25,-21.65103
2496934062.5,-21.65273
2496934218.75,-21.65213
2496934375.0,-21.65596
2496934531.25,-21.6547
2496934687.5,-21.65707
2496934843.75,-21.65973
2496935000.0,-21.65969
2496935156.25,-21.6605
2496935312.5,-21.66257
2496935468.75,-21.66213
2496935625.0,-21.66537
2496935781.25,-21.66789
2496935937.5,-21.668
2496936093.75,-21.6702
2496936250.0,-21.6705
2496936406.25,-21.67301
2496936562.5,-21.6736
2496936718.75,-21.67561
2496936875.0,-21.67703
2496937031.25,-21.6764
2496937187.5,-21.67912
2496937343.75,-21.67977
2496937500.0,-21.68056
2496937656.25,-21.68586
2496937812.5,-21.68363
2496937968.75,-21.68531
2496938125.0,-21.68572
2496938281.25,-21.68782
2496938437.5,-21.69007
2496938593.75,-21.69081
2496938750.0,-21.69049
2496938906.25,-21.69104
2496939062.5,-21.69545
2496939218.75,-21.69446
2496939375.0,-21.69671
2496939531.25,-21.69945
2496939687.5,-21.69882
2496939843.75,-21.70194
2496940000.0,-21.70036
2496940156.25,-21.7054
2496940312.5,-21.70446
2496940468.75,-21.70745
2496940625.0,-21.70872
2496940781.25,-21.71059
2496940937.5,-21.71065
2496941093.75,-21.71514
2496941250.0,-21.71445
2496941406.25,-21.71577
2496941562.5,-21.71796
2496941718.75,-21.7157
2496941875.0,-21.71846
2496942031.25,-21.7204
2496942187.5,-21.72234
2496942343.75,-21.72446
2496942500.0,-21.72582
2496942656.25,-21.72799
2496942812.5,-21.72731
2496942968.75,-21.72892
2496943125.0,-21.73042
2496943281.25,-21.73257
2496943437.5,-21.73197
2496943593.75,-21.73576
2496943750.0,-21.73555
2496943906.25,-21.73409
2496944062.5,-21.73769
2496944218.75,-21.73875
2496944375.0,-21.74164
2496944531.25,-21.74232
2496944687.5,-21.74222
2496944843.75,-21.74535
2496945000.0,-21.74474
2496945156.25,-21.74652
2496945312.5,-21.74667
2496945468.75,-21.75095
2496945625.0,-21.75159
2496945781.25,-21.75275
2496945937.5,-21.75377
2496946093.75,-21.75301
2496946250.0,-21.75492
2496946406.25,-21.75736
2496946562.5,-21.75896
2496946718.75,-21.75904
2496946875.0,-21.7613
2496947031.25,-21.76435
2496947187.5,-21.7626
2496947343.75,-21.7648
2496947500.0,-21.76443
2496947656.25,-21.76954
2496947812.5,-21.7706
2496947968.75,-21.77131
2496948125.0,-21.77342
2496948281.25,-21.77483
2496948437.5,-21.77286
2496948593.75,-21.77608
2496948750.0,-21.77812
2496948906.25,-21.78035
2496949062.5,-21.77689
2496949218.75,-21.78391
2496949375.0,-21.78324
2496949531.25,-21.78288
2496949687.5,-21.78647
2496949843.75,-21.78552
2496950000.0,-21.78805
2496950156.25,-21.7889
2496950312.5,-21.79006
2496950468.75,-21.79358
2496950625.0,-21.79535
2496950781.25,-21.79481
2496950937.5,-21.79693
2496951093.75,-21.79596
2496951250.0,-21.79797
2496951406.25,-21.79922
2496951562.5,-21.80041
2496951718.75,-21.80264
2496951875.0,-21.80412
2496952031.25,-21.80556
2496952187.5,-21.80598
2496952343.75,-21.80988
2496952500.0,-21.80864
2496952656.25,-21.81185
2496952812.5,-21.81156
2496952968.75,-21.81425
2496953125.0,-21.8162
2496953281.25,-21.81516
2496953437.5,-21.81839
2496953593.75,-21.81926
2496953750.0,-21.81891
2496953906.25,-21.81921
2496954062.5,-21.82153
2496954218.75,-21.82519
2496954375.0,-21.82362
2496954531.25,-21.82769
2496954687.5,-21.82842
2496954843.75,-21.82845
2496955000.0,-21.83208
2496955156.25,-21.8317
2496955312.5,-21.83181
2496955468.75,-21.83435
2496955625.0,-21.83591
2496955781.25,-21.83863
2496955937.5,-21.83791
2496956093.75,-21.83992
2496956250.0,-21.84157
2496956406.25,-21.84155
2496956562.5,-21.84211
2496956718.75,-21.84493
2496956875.0,-21.84795
2496957031.25,-21.84732
2496957187.5,-21.84988
2496957343.75,-21.85091
2496957500.0,-21.85293
2496957656.25,-21.85147
2496957812.5,-21.85578
2496957968.75,-21.85476
2496958125.0,-21.85748
2496958281.25,-21.86006
2496958437.5,-21.85961
2496958593.75,-21.86281
2496958750.0,-21.86185
2496958906.25,-21.86221
2496959062.5,-21.86598
2496959218.75,-21.86597
2496959375.0,-21.86901
2496959531.25,-21.87092
2496959687.5,-21.87001
2496959843.75,-21.87199
2496960000.0,-21.8751
2496960156.25,-21.87586
2496960312.5,-21.8739
2496960468.75,-21.87747
2496960625.0,-21.87781
2496960781.25,-21.87872
2496960937.5,-21.88007
2496961093.75,-21.87984
2496961250.0,-21.8833
2496961406.25,-21.88621
2496961562.5,-21.88785
2496961718.75,-21.8879
2496961875.0,-21.88935
2496962031.25,-21.89075
2496962187.5,-21.89131
2496962343.75,-21.89414
2496962500.0,-21.89413
2496962656.25,-21.89524
2496962812.5,-21.89722
2496962968.75,-21.89902
2496963125.0,-21.89863
2496963281.25,-21.90072
2496963437.5,-21.9031
2496963593.75,-21.9029
2496963750.0,-21.90418
2496963906.25,-21.90496
2496964062.5,-21.9061
2496964218.75,-21.91073
2496964375.0,-21.9092
2496964531.25,-21.91215
2496964687.5,-21.91244
2496964843.75,-21.91412
2496965000.0,-21.91574
2496965156.25,-21.91484
2496965312.5,-21.91648
2496965468.75,-21.91859
2496965625.0,-21.92028
2496965781.25,-21.92173
2496965937.5,-21.92203
2496966093.75,-21.92281
2496966250.0,-21.92529
2496966406.25,-21.92593
2496966562.5,-21.92743
2496966718.75,-21.92851
2496966875.0,-21.9302
2496967031.25,-21.93308
2496967187.5,-21.93337
2496967343.75,-21.9337
2496967500.0,-21.93625
2496967656.25,-21.93778
2496967812.5,-21.93913
2496967968.75,-21.93887
2496968125.0,-21.94112
2496968281.25,-21.94327
2496968437.5,-21.9441
2496968593.75,-21.94507
2496968750.0,-21.94633
2496968906.25,-21.94763
2496969062.5,-21.94791
2496969218.75,-21.94755
2496969375.0,-21.9526
2496969531.25,-21.95199
2496969687.5,-21.95322
2496969843.75,-21.95495
2496970000.0,-21.95513
2496970156.25,-21.95827
2496970312.5,-21.95916
2496970468.75,-21.95887
2496970625.0,-21.96326
2496970781.25,-21.96111
2496970937.5,-21.96323
2496971093.75,-21.96766
2496971250.0,-21.96623
2496971406.25,-21.96992
2496971562.5,-21.96975
2496971718.75,-21.9719
2496971875.0,-21.97133
2496972031.25,-21.97288
2496972187.5,-21.97483
2496972343.75,-21.97461
2496972500.0,-21.97654
2496972656.25,-21.98058
2496972812.5,-21.98038
2496972968.75,-21.9814
2496973125.0,-21.98209
2496973281.25,-21.98715
2496973437.5,-21.98301
2496973593.75,-21.98666
2496973750.0,-21.9887
2496973906.25,-21.98948
2496974062.5,-21.98976
2496974218.75,-21.98872
2496974375.0,-21.99438
2496974531.25,-21.99359
2496974687.5,-21.99463
2496974843.75,-21.99538
2496975000.0,-21.9962
2496975156.25,-21.99945
2496975312.5,-22.00043
2496975468.75,-22.00232
2496975625.0,-22.00261
2496975781.25,-22.0041
2496975937.5,-22.00766
2496976093.75,-22.00632
2496976250.0,-22.01101
2496976406.25,-22.00918
2496976562.5,-22.01047
2496976718.75,-22.01199
2496976875.0,-22.01293
2496977031.25,-22.01272
2496977187.5,-22.01639
2496977343.75,-22.01661
2496977500.0,-22.0206
2496977656.25,-22.02144
2496977812.5,-22.02363
2496977968.75,-22.021
2496978125.0,-22.02421
2496978281.25,-22.02455
2496978437.5,-22.02579
2496978593.75,-22.02693
2496978750.0,-22.02819
2496978906.25,-22.03036
2496979062.5,-22.03327
2496979218.75,-22.03304
2496979375.0,-22.03312
2496979531.25,-22.03572
2496979687.5,-22.03708
2496979843.75,-22.03652
2496980000.0,-22.03763
2496980156.25,-22.04178
2496980312.5,-22.04169
2496980468.75,-22.04277
2496980625.0,-22.04482
2496980781.25,-22.0457
2496980937.5,-22.04595
2496981093.75,-22.04602
2496981250.0,-22.05113
2496981406.25,-22.05107
2496981562.5,-22.05269
2496981718.75,-22.05391
2496981875.0,-22.05518
2496982031.25,-22.05475
2496982187.5,-22.05761
2496982343.75,-22.05719
2496982500.0,-22.06151
2496982656.25,-22.06138
2496982812.5,-22.06272
2496982968.75,-22.06414
2496983125.0,-22.06452
2496983281.25,-22.06605
2496983437.5,-22.06814
2496983593.75,-22.07045
2496983750.0,-22.06951
2496983906.25,-22.07111
2496984062.5,-22.0727
2496984218.75,-22.07374
2496984375.0,-22.07531
2496984531.25,-22.07801
2496984687.5,-22.07929
2496984843.75,-22.07909
2496985000.0,-22.08233
2496985156.25,-22.08176
2496985312.5,-22.08305
2496985468.75,-22.0836
2496985625.0,-22.08393
2496985781.25,-22.08786
2496985937.5,-22.08797
2496986093.75,-22.09153
2496986250.0,-22.09028
2496986406.25,-22.09089
2496986562.5,-22.0923
2496986718.75,-22.09445
2496986875.0,-22.09546
2496987031.25,-22.09752
2496987187.5,-22.09799
2496987343.75,-22.09959
2496987500.0,-22.09886
2496987656.25,-22.10486
2496987812.5,-22.10332
2496987968.75,-22.10474
2496988125.0,-22.10625
2496988281.25,-22.10713
2496988437.5,-22.10898
2496988593.75,-22.11054
2496988750.0,-22.11012
2496988906.25,-22.11495
2496989062.5,-22.11031
2496989218.75,-22.11288
2496989375.0,-22.11694
2496989531.25,-22.11494
2496989687.5,-22.11852
2496989843.75,-22.1184
2496990000.0,-22.12077
2496990156.25,-22.12323
2496990312.5,-22.12214
2496990468.75,-22.12429
2496990625.0,-22.1253
2496990781.25,-22.12964
2496990937.5,-22.12945
2496991093.75,-22.12974
2496991250.0,-22.13212
2496991406.25,-22.13049
2496991562.5,-22.13381
2496991718.75,-22.13568
2496991875.0,-22.13677
2496992031.25,-22.13969
2496992187.5,-22.13913
2496992343.75,-22.14254
2496992500.0,-22.14136
2496992656.25,-22.14068
2496992812.5,-22.14428
2496992968.75,-22.14288
2496993125.0,-22.14738
2496993281.25,-22.1486
2496993437.5,-22.15036
2496993593.75,-22.15078
2496993750.0,-22.15318
2496993906.25,-22.15333
2496994062.5,-22.1552
2496994218.75,-22.15644
2496994375.0,-22.15715
2496994531.25,-22.15893
2496994687.5,-22.15974
2496994843.75,-22.16199
2496995000.0,-22.16261
2496995156.25,-22.16373
2496995312.5,-22.16462
2496995468.75,-22.1665
2496995625.0,-22.1679
2496995781.25,-22.17052
2496995937.5,-22.1712
2496996093.75,-22.17027
2496996250.0,-22.17307
2496996406.25,-22.17441
2496996562.5,-22.17532
2496996718.75,-22.17583
2496996875.0,-22.17817
2496997031.25,-22.17871
2496997187.5,-22.1805
2496997343.75,-22.18245
2496997500.0,-22.18234
2496997656.25,-22.18368
2496997812.5,-22.18401
2496997968.75,-22.18647
2496998125.0,-22.18845
2496998281.25,-22.19095
2496998437.5,-22.19082
2496998593.75,-22.19036
2496998750.0,-22.19236
2496998906.25,-22.19366
2496999062.5,-22.19647
2496999218.75,-22.19637
2496999375.0,-22.19788
2496999531.25,-22.19986
2496999687.5,-22.2015
2496999843.75,-22.20437
2497000000.0,-22.2032
2497000156.25,-22.2037
2497000312.5,-22.20522
2497000468.75,-22.20791
2497000625.0,-22.20564
2497000781.25,-22.20948
2497000937.5,-22.21086
2497001093.75,-22.21094
2497001250.0,-22.21195
2497001406.25,-22.21399
2497001562.5,-22.21626
2497001718.75,-22.21741
2497001875.0,-22.21538
2497002031.25,-22.2192
2497002187.5,-22.21857
2497002343.75,-22.22001
2497002500.0,-22.22331
2497002656.25,-22.22648
2497002812.5,-22.22412
2497002968.75,-22.22591
2497003125.0,-22.22958
2497003281.25,-22.2296
2497003437.5,-22.23176
2497003593.75,-22.23388
2497003750.0,-22.23326
2497003906.25,-22.23434
2497004062.5,-22.23771
2497004218.75,-22.23817
2497004375.0,-22.23832
2497004531.25,-22.24101
2497004687.5,-22.24245
2497004843.75,-22.2417
2497005000.0,-22.24181
2497005156.25,-22.24406
2497005312.5,-22.24815
2497005468.75,-22.2463
2497005625.0,-22.24898
2497005781.25,-22.24917
2497005937.5,-22.25084
2497006093.75,-22.25128
2497006250.0,-22.25221
2497006406.25,-22.25536
2497006562.5,-22.25623
2497006718.75,-22.25713
2497006875.0,-22.25651
2497007031.25,-22.26033
2497007187.5,-22.26097
2497007343.75,-22.26081
2497007500.0,-22.26423
2497007656.25,-22.26463
2497007812.5,-22.26658
2497007968.75,-22.26677
2497008125.0,-22.26703
2497008281.25,-22.27048
2497008437.5,-22.27104
2497008593.75,-22.27047
2497008750.0,-22.27246
2497008906.25,-22.27388
2497009062.5,-22.27608
2497009218.75,-22.27791
2497009375.0,-22.28012
2497009531.25,-22.27956
2497009687.5,-22.28039
2497009843.75,-22.28405
2497010000.0,-22.28109
2497010156.25,-22.2869
2497010312.5,-22.286
2497010468.75,-22.2855
2497010625.0,-22.28919
2497010781.25,-22.28823
2497010937.5,-22.29213
2497011093.75,-22.29173
2497011250.0,-22.29345
2497011406.25,-22.29603
2497011562.5,-22.29729
2497011718.75,-22.29941
2497011875.0,-22.29851
2497012031.25,-22.30066
2497012187.5,-22.3016
2497012343.75,-22.30323
2497012500.0,-22.30114
2497012656.25,-22.30473
2497012812.5,-22.30664
2497012968.75,-22.30914
2497013125.0,-22.30988
2497013281.25,-22.30961
2497013437.5,-22.30964
2497013593.75,-22.31436
2497013750.0,-22.31423
2497013906.25,-22.31674
2497014062.5,-22.31572
2497014218.75,-22.31659
2497014375.0,-22.31733
2497014531.25,-22.32256
2497014687.5,-22.32211
2497014843.75,-22.323
2497015000.0,-22.32177
2497015156.25,-22.32427
2497015312.5,-22.32768
2497015468.75,-22.32637
2497015625.0,-22.32762
2497015781.25,-22.33147
2497015937.5,-22.33065
2497016093.75,-22.33262
2497016250.0,-22.33297
2497016406.25,-22.33722
2497016562.5,-22.33721
2497016718.75,-22.34089
2497016875.0,-22.34164
2497017031.25,-22.34111
2497017187.5,-22.34188
2497017343.75,-22.34386
2497017500.0,-22.34342
2497017656.25,-22.34471
2497017812.5,-22.34681
2497017968.75,-22.34666
2497018125.0,-22.3484
2497018281.25,-22.35177
2497018437.5,-22.3527
2497018593.75,-22.35175
2497018750.0,-22.35335
2497018906.25,-22.35717
2497019062.5,-22.35713
2497019218.75,-22.35463
2497019375.0,-22.35837
2497019531.25,-22.35953
2497019687.5,-22.36197
2497019843.75,-22.36184
2497020000.0,-22.36613
2497020156.25,-22.36678
2497020312.5,-22.36478
2497020468.75,-22.36705
2497020625.0,-22.36664
2497020781.25,-22.36785
2497020937.5,-22.37103
2497021093.75,-22.3744
2497021250.0,-22.37123
2497021406.25,-22.37416
2497021562.5,-22.37639
2497021718.75,-22.37632
2497021875.0,-22.37711
2497022031.25,-22.38078
2497022187.5,-22.38247
2497022343.75,-22.38357
2497022500.0,-22.38373
2497022656.25,-22.38508
2497022812.5,-22.38731
2497022968.75,-22.38611
2497023125.0,-22.387
2497023281.25,-22.38785
2497023437.5,-22.3914
2497023593.75,-22.39314
2497023750.0,-22.39226
2497023906.25,-22.39476
2497024062.5,-22.39541
2497024218.75,-22.39567
2497024375.0,-22.39805
2497024531.25,-22.39977
2497024687.5,-22.40298
2497024843.75,-22.40019
2497025000.0,-22.40334
2497025156.25,-22.40728
2497025312.5,-22.40614
2497025468.75,-22.40781
2497025625.0,-22.40948
2497025781.25,-22.40989
2497025937.5,-22.4101
2497026093.75,-22.41069
2497026250.0,-22.4137
2497026406.25,-22.41475
2497026562.5,-22.41793
2497026718.75,-22.41693
2497026875.0,-22.41902
2497027031.25,-22.41931
2497027187.5,-22.41865
2497027343.75,-22.42181
2497027500.0,-22.42256
2497027656.25,-22.42488
2497027812.5,-22.42296
2497027968.75,-22.4257
2497028125.0,-22.42909
2497028281.25,-22.42951
2497028437.5,-22.43123
2497028593.75,-22.43164
2497028750.0,-22.43398
2497028906.25,-22.43398
2497029062.5,-22.43619
2497029218.75,-22.43419
2497029375.0,-22.43853
2497029531.25,-22.43728
2497029687.5,-22.43907
2497029843.75,-22.44065
2497030000.0,-22.44414
2497030156.25,-22.44316
2497030312.5,-22.44483
2497030468.75,-22.44747
2497030625.0,-22.44951
2497030781.25,-22.4497
2497030937.5,-22.45012
2497031093.75,-22.45403
2497031250.0,-22.45153
2497031406.25,-22.45265
2497031562.5,-22.45712
2497031718.75,-22.45779
2497031875.0,-22.45828
2497032031.25,-22.45733
2497032187.5,-22.46074
2497032343.75,-22.46076
2497032500.0,-22.4629
2497032656.25,-22.46489
2497032812.5,-22.4643
2497032968.75,-22.4667
2497033125.0,-22.46781
2497033281.25,-22.46973
2497033437.5,-22.46888
2497033593.75,-22.47084
2497033750.0,-22.47341
2497033906.25,-22.47587
2497034062.5,-22.47655
2497034218.75,-22.47633
2497034375.0,-22.47598
2497034531.25,-22.47754
2497034687.5,-22.47884
2497034843.75,-22.48124
2497035000.0,-22.48362
2497035156.25,-22.48321
2497035312.5,-22.48423
2497035468.75,-22.48656
2497035625.0,-22.48699
2497035781.25,-22.48661
2497035937.5,-22.48984
2497036093.75,-22.49131
2497036250.0,-22.49308
2497036406.25,-22.49199
2497036562.5,-22.49513
2497036718.75,-22.49585
2497036875.0,-22.49759
2497037031.25,-22.49832
2497037187.5,-22.49848
2497037343.75,-22.49945
2497037500.0,-22.50076
2497037656.25,-22.50294
2497037812.5,-22.50435
2497037968.75,-22.50705
2497038125.0,-22.50521
2497038281.25,-22.50646
2497038437.5,-22.50944
2497038593.75,-22.51048
2497038750.0,-22.50963
2497038906.25,-22.51301
2497039062.5,-22.51495
2497039218.75,-22.5155
2497039375.0,-22.51991
2497039531.25,-22.51829
2497039687.5,-22.51952
2497039843.75,-22.5202
2497040000.0,-22.52138
2497040156.25,-22.52095
2497040312.5,-22.52587
2497040468.75,-22.52609
2497040625.0,-22.52399
2497040781.25,-22.52711
2497040937.5,-22.52879
2497041093.75,-22.52981
2497041250.0,-22.53242
2497041406.25,-22.53304
2497041562.5,-22.53325
2497041718.75,-22.53489
2497041875.0,-22.53528
2497042031.25,-22.53942
2497042187.5,-22.54027
2497042343.75,-22.53773
2497042500.0,-22.54206
2497042656.25,-22.54463
2497042812.5,-22.5436
2497042968.75,-22.5432
2497043125.0,-22.54475
2497043281.25,-22.54836
2497043437.5,-22.54699
2497043593.75,-22.5502
2497043750.0,-22.55066
2497043906.25,-22.55144
2497044062.5,-22.55416
2497044218.75,-22.5555
2497044375.0,-22.55498
2497044531.25,-22.55594
2497044687.5,-22.55781
2497044843.75,-22.5603
2497045000.0,-22.55807
2497045156.25,-22.56041
2497045312.5,-22.56177
2497045468.75,-22.56579
2497045625.0,-22.56566
2497045781.25,-22.56632
2497045937.5,-22.56756
2497046093.75,-22.56726
2497046250.0,-22.56907
2497046406.25,-22.57165
2497046562.5,-22.57182
2497046718.75,-22.57369
2497046875.0,-22.57671
2497047031.25,-22.57542
2497047187.5,-22.57929
2497047343.75,-22.57995
2497047500.0,-22.58079
2497047656.25,-22.58068
2497047812.5,-22.57823
2497047968.75,-22.58336
2497048125.0,-22.58462
2497048281.25,-22.58328
2497048437.5,-22.58952
2497048593.75,-22.58364
2497048750.0,-22.59052
2497048906.25,-22.59142
2497049062.5,-22.59114
2497049218.75,-22.59552
2497049375.0,-22.59519
2497049531.25,-22.59488
2497049687.5,-22.5956
2497049843.75,-22.59886
2497050000.0,-22.60102
2497050156.25,-22.59984
2497050312.5,-22.60088
2497050468.75,-22.60236
2497050625.0,-22.60545
2497050781.25,-22.60578
2497050937.5,-22.60736
2497051093.75,-22.60625
2497051250.0,-22.60756
2497051406.25,-22.61083
2497051562.5,-22.61023
2497051718.75,-22.61222
2497051875.0,-22.61289
2497052031.25,-22.61469
2497052187.5,-22.61495
2497052343.75,-22.61972
2497052500.0,-22.61878
2497052656.25,-22.62018
2497052812.5,-22.61948
2497052968.75,-22.62107
2497053125.0,-22.6213
2497053281.25,-22.62569
2497053437.5,-22.62597
2497053593.75,-22.62677
2497053750.0,-22.62932
2497053906.25,-22.63017
2497054062.5,-22.62875
2497054218.75,-22.63291
2497054375.0,-22.63559
2497054531.25,-22.63419
2497054687.5,-22.63593
2497054843.75,-22.63695
2497055000.0,-22.63787
2497055156.25,-22.64025
2497055312.5,-22.64134
2497055468.75,-22.64101
2497055625.0,-22.64388
2497055781.25,-22.64305
2497055937.5,-22.64563
2497056093.75,-22.64493
2497056250.0,-22.64927
2497056406.25,-22.64795
2497056562.5,-22.64902
2497056718.75,-22.65196
2497056875.0,-22.65458
2497057031.25,-22.6539
2497057187.5,-22.65493
2497057343.75,-22.65672
2497057500.0,-22.65961
2497057656.25,-22.66143
2497057812.5,-22.66034
2497057968.75,-22.66172
2497058125.0,-22.66219
2497058281.25,-22.66349
2497058437.5,-22.66634
2497058593.75,-22.66647
2497058750.0,-22.66816
2497058906.25,-22.66609
2497059062.5,-22.66691
2497059218.75,-22.67052
2497059375.0,-22.67217
2497059531.25,-22.67368
2497059687.5,-22.67604
2497059843.75,-22.67734
2497060000.0,-22.6746
2497060156.25,-22.67768
2497060312.5,-22.67809
2497060468.75,-22.68024
2497060625.0,-22.68005
2497060781.25,-22.68308
2497060937.5,-22.68429
2497061093.75,-22.68686
2497061250.0,-22.6848
2497061406.25,-22.68623
2497061562.5,-22.68895
2497061718.75,-22.68858
2497061875.0,-22.69153
2497062031.25,-22.69521
2497062187.5,-22.6904
2497062343.75,-22.69347
2497062500.0,-22.69583
2497062656.25,-22.69758
2497062812.5,-22.69597
2497062968.75,-22.69827
2497063125.0,-22.69854
2497063281.25,-22.70242
2497063437.5,-22.70366
2497063593.75,-22.7005
2497063750.0,-22.70463
2497063906.25,-22.70465
2497064062.5,-22.7077
2497064218.75,-22.71066
2497064375.0,-22.70755
2497064531.25,-22.71234
2497064687.5,-22.71323
2497064843.75,-22.71413
2497065000.0,-22.71611
2497065156.25,-22.71587
2497065312.5,-22.71651
2497065468.75,-22.72059
2497065625.0,-22.7191
2497065781.25,-22.71967
2497065937.5,-22.72069
2497066093.75,-22.72433
2497066250.0,-22.72482
2497066406.25,-22.72396
2497066562.5,-22.72597
2497066718.75,-22.73083
2497066875.0,-22.72928
2497067031.25,-22.73018
2497067187.5,-22.73205
2497067343.75,-22.73307
2497067500.0,-22.73566
2497067656.25,-22.73628
2497067812.5,-22.73586
2497067968.75,-22.73703
2497068125.0,-22.73786
2497068281.25,-22.74139
2497068437.5,-22.74353
2497068593.75,-22.74122
2497068750.0,-22.74488
2497068906.25,-22.74454
2497069062.5,-22.74534
2497069218.75,-22.74966
2497069375.0,-22.74788
2497069531.25,-22.75093
2497069687.5,-22.75117
2497069843.75,-22.7513
2497070000.0,-22.75625
2497070156.25,-22.75714
2497070312.5,-22.75589
2497070468.75,-22.75663
2497070625.0,-22.75709
2497070781.25,-22.76076
2497070937.5,-22.76033
2497071093.75,-22.76291
2497071250.0,-22.76456
2497071406.25,-22.7637
2497071562.5,-22.76495
2497071718.75,-22.7667
2497071875.0,-22.76629
2497072031.25,-22.77013
2497072187.5,-22.7707
2497072343.75,-22.77099
2497072500.0,-22.77134
2497072656.25,-22.7731
2497072812.5,-22.77509
2497072968.75,-22.77858
2497073125.0,-22.77693
2497073281.25,-22.77726
2497073437.5,-22.77914
2497073593.75,-22.78178
2497073750.0,-22.78269
2497073906.25,-22.78395
2497074062.5,-22.78278
2497074218.75,-22.78406
2497074375.0,-22.78555
2497074531.25,-22.78905
2497074687.5,-22.78825
2497074843.75,-22.78951
2497075000.0,-22.79106
2497075156.25,-22.79152
2497075312.5,-22.79276
2497075468.75,-22.79484
2497075625.0,-22.79563
2497075781.25,-22.79735
2497075937.5,-22.79818
2497076093.75,-22.79712
2497076250.0,-22.79806
2497076406.25,-22.80378
2497076562.5,-22.80345
2497076718.75,-22.8035
2497076875.0,-22.80473
2497077031.25,-22.80553
2497077187.5,-22.80773
2497077343.75,-22.80761
2497077500.0,-22.81239
2497077656.25,-22.80751
2497077812.5,-22.81022
2497077968.75,-22.81453
2497078125.0,-22.81461
2497078281.25,-22.81648
2497078437.5,-22.81625
2497078593.75,-22.81737
2497078750.0,-22.81967
2497078906.25,-22.81964
2497079062.5,-22.82123
2497079218.75,-22.82265
2497079375.0,-22.82512
2497079531.25,-22.8271
2497079687.5,-22.82804
2497079843.75,-22.82989
2497080000.0,-22.8281
2497080156.25,-22.83004
2497080312.5,-22.83129
2497080468.75,-22.83154
2497080625.0,-22.83356
2497080781.25,-22.83382
2497080937.5,-22.8367
2497081093.75,-22.83811
2497081250.0,-22.83835
2497081406.25,-22.8395
2497081562.5,-22.83651
2497081718.75,-22.83918
2497081875.0,-22.8445
2497082031.25,-22.84448
2497082187.5,-22.84663
2497082343.75,-22.84626
2497082500.0,-22.84914
2497082656.25,-22.84809
2497082812.5,-22.85133
2497082968.75,-22.85289
2497083125.0,-22.85158
2497083281.25,-22.85484
2497083437.5,-22.85501
2497083593.75,-22.85643
2497083750.0,-22.85731
2497083906.25,-22.85554
2497084062.5,-22.85809
2497084218.75,-22.86227
2497084375.0,-22.86161
2497084531.25,-22.86078
2497084687.5,-22.86413
2497084843.75,-22.86454
2497085000.0,-22.86676
2497085156.25,-22.86628
2497085312.5,-22.86732
2497085468.75,-22.86947
2497085625.0,-22.86966
2497085781.25,-22.87156
2497085937.5,-22.87453
2497086093.75,-22.87389
2497086250.0,-22.87497
2497086406.25,-22.87707
2497086562.5,-22.87917
2497086718.75,-22.87918
2497086875.0,-22.88146
2497087031.25,-22.88198
2497087187.5,-22.88431
2497087343.75,-22.88501
2497087500.0,-22.88544
2497087656.25,-22.88568
2497087812.5,-22.88898
2497087968.75,-22.8895
2497088125.0,-22.88971
2497088281.25,-22.8918
2497088437.5,-22.89418
2497088593.75,-22.89286
2497088750.0,-22.89779
2497088906.25,-22.89419
2497089062.5,-22.89531
2497089218.75,-22.89773
2497089375.0,-22.89964
2497089531.25,-22.90156
2497089687.5,-22.90018
2497089843.75,-22.9042
2497090000.0,-22.90544
2497090156.25,-22.9076
2497090312.5,-22.90733
2497090468.75,-22.90925
2497090625.0,-22.90843
2497090781.25,-22.91225
2497090937.5,-22.91091
2497091093.75,-22.91289
2497091250.0,-22.91346
2497091406.25,-22.91478
2497091562.5,-22.91593
2497091718.75,-22.91888
2497091875.0,-22.91879
2497092031.25,-22.91792
2497092187.5,-22.92029
2497092343.75,-22.92067
2497092500.0,-22.92323
2497092656.25,-22.92579
2497092812.5,-22.92508
2497092968.75,-22.92689
2497093125.0,-22.9269
2497093281.25,-22.92777
2497093437.5,-22.92971
2497093593.75,-22.92997
2497093750.0,-22.93052
2497093906.25,-22.9328
2497094062.5,-22.9336
2497094218.75,-22.93715
2497094375.0,-22.93694
2497094531.25,-22.93746
2497094687.5,-22.93967
2497094843.75,-22.94017
2497095000.0,-22.94149
2497095156.25,-22.94137
2497095312.5,-22.94433
2497095468.75,-22.94595
2497095625.0,-22.94671
2497095781.25,-22.9463
2497095937.5,-22.95066
2497096093.75,-22.9516
2497096250.0,-22.95289
2497096406.25,-22.95084
2497096562.5,-22.95291
2497096718.75,-22.9539
2497096875.0,-22.9545
2497097031.25,-22.95635
2497097187.5,-22.95821
2497097343.75,-22.96018
2497097500.0,-22.96164
2497097656.25,-22.96153
2497097812.5,-22.96416
2497097968.75,-22.96297
2497098125.0,-22.96697
2497098281.25,-22.96374
2497098437.5,-22.96649
2497098593.75,-22.97017
2497098750.0,-22.97172
2497098906.25,-22.96951
2497099062.5,-22.97274
2497099218.75,-22.97577
2497099375.0,-22.97249
2497099531.25,-22.97455
2497099687.5,-22.97672
2497099843.75,-22.97784
2497100000.0,-22.97795
2497100156.25,-22.98077
2497100312.5,-22.98128
2497100468.75,-22.98042
2497100625.0,-22.98518
2497100781.25,-22.98461
2497100937.5,-22.9869
2497101093.75,-22.98704
2497101250.0,-22.98877
2497101406.25,-22.98993
2497101562.5,-22.99129
2497101718.75,-22.99269
2497101875.0,-22.99243
2497102031.25,-22.99328
2497102187.5,-22.99561
2497102343.75,-22.9985
2497102500.0,-22.99559
2497102656.25,-22.9974
2497102812.5,-22.99795
2497102968.75,-23.00101
2497103125.0,-23.00401
2497103281.25,-23.00357
2497103437.5,-23.00313
2497103593.75,-23.00452
2497103750.0,-23.00658
2497103906.25,-23.00864
2497104062.5,-23.00893
2497104218.75,-23.01148
2497104375.0,-23.01256
2497104531.25,-23.01447
2497104687.5,-23.01547
2497104843.75,-23.01643
2497105000.0,-23.01403
2497105156.25,-23.01722
2497105312.5,-23.0191
2497105468.75,-23.01873
2497105625.0,-23.02045
2497105781.25,-23.02176
2497105937.5,-23.02426
2497106093.75,-23.02646
2497106250.0,-23.02689
2497106406.25,-23.02586
2497106562.5,-23.02953
2497106718.75,-23.02807
2497106875.0,-23.03026
2497107031.25,-23.03177
2497107187.5,-23.03191
2497107343.75,-23.03587
2497107500.0,-23.03507
2497107656.25,-23.0377
2497107812.5,-23.03739
2497107968.75,-23.03585
2497108125.0,-23.03806
2497108281.25,-23.03991
2497108437.5,-23.04045
2497108593.75,-23.03992
2497108750.0,-23.04296
2497108906.25,-23.04484
2497109062.5,-23.04566
2497109218.75,-23.04826
2497109375.0,-23.04882
2497109531.25,-23.04893
2497109687.5,-23.05077
2497109843.75,-23.05294
2497110000.0,-23.05316
2497110156.25,-23.0548
2497110312.5,-23.05241
2497110468.75,-23.05913
2497110625.0,-23.05776
2497110781.25,-23.05901
2497110937.5,-23.0603
2497111093.75,-23.06086
2497111250.0,-23.0616
2497111406.25,-23.06137
2497111562.5,-23.06493
2497111718.75,-23.06218
2497111875.0,-23.06802
2497112031.25,-23.06713
2497112187.5,-23.07037
2497112343.75,-23.0685
2497112500.0,-23.07096
2497112656.25,-23.07364
2497112812.5,-23.07455
2497112968.75,-23.07575
2497113125.0,-23.07525
2497113281.25,-23.07787
2497113437.5,-23.07954
2497113593.75,-23.07814
2497113750.0,-23.07973
2497113906.25,-23.0797
2497114062.5,-23.08361
2497114218.75,-23.0826
2497114375.0,-23.08485
2497114531.25,-23.08613
2497114687.5,-23.08665
2497114843.75,-23.08929
2497115000.0,-23.08944
2497115156.25,-23.09209
2497115312.5,-23.09109
2497115468.75,-23.09186
2497115625.0,-23.0927
2497115781.25,-23.09387
2497115937.5,-23.09611
2497116093.75,-23.0985
2497116250.0,-23.0985
2497116406.25,-23.10018
2497116562.5,-23.10257
2497116718.75,-23.10195
2497116875.0,-23.10406
2497117031.25,-23.10464
2497117187.5,-23.10407
2497117343.75,-23.10606
2497117500.0,-23.10697
2497117656.25,-23.10853
2497117812.5,-23.11045
2497117968.75,-23.1122
2497118125.0,-23.11516
2497118281.25,-23.11643
2497118437.5,-23.11676
2497118593.75,-23.11389
2497118750.0,-23.11498
2497118906.25,-23.11805
2497119062.5,-23.1207
2497119218.75,-23.12086
2497119375.0,-23.12063
2497119531.25,-23.12095
2497119687.5,-23.12317
2497119843.75,-23.12416
2497120000.0,-23.12605
2497120156.25,-23.12901
2497120312.5,-23.1296
2497120468.75,-23.13217
2497120625.0,-23.13061
2497120781.25,-23.13309
2497120937.5,-23.13214
2497121093.75,-23.1323
2497121250.0,-23.13452
2497121406.25,-23.13682
2497121562.5,-23.13841
2497121718.75,-23.13761
2497121875.0,-23.14054
2497122031.25,-23.13975
2497122187.5,-23.1426
2497122343.75,-23.14197
2497122500.0,-23.14359
2497122656.25,-23.14352
2497122812.5,-23.14734
2497122968.75,-23.14842
2497123125.0,-23.14851
2497123281.25,-23.15154
2497123437.5,-23.15091
2497123593.75,-23.15483
2497123750.0,-23.15486
2497123906.25,-23.1571
2497124062.5,-23.15601
2497124218.75,-23.15572
2497124375.0,-23.15892
2497124531.25,-23.16028
2497124687.5,-23.16079
2497124843.75,-23.16105
2497125000.0,-23.16331
2497125156.25,-23.16487
2497125312.5,-23.16545
2497125468.75,-23.16735
2497125625.0,-23.16862
2497125781.25,-23.16791
2497125937.5,-23.1721
2497126093.75,-23.17108
2497126250.0,-23.17295
2497126406.25,-23.1731
2497126562.5,-23.17392
2497126718.75,-23.17613
2497126875.0,-23.17567
2497127031.25,-23.17702
2497127187.5,-23.17925
2497127343.75,-23.1799
2497127500.0,-23.18113
2497127656.25,-23.18225
2497127812.5,-23.1847
2497127968.75,-23.18548
2497128125.0,-23.18626
2497128281.25,-23.18604
2497128437.5,-23.18941
2497128593.75,-23.1878
2497128750.0,-23.19053
2497128906.25,-23.18976
2497129062.5,-23.18957
2497129218.75,-23.19152
2497129375.0,-23.1938
2497129531.25,-23.19515
2497129687.5,-23.1962
2497129843.75,-23.19818
2497130000.0,-23.19926
2497130156.25,-23.20072
2497130312.5,-23.20308
2497130468.75,-23.2023
2497130625.0,-23.20251
2497130781.25,-23.20622
2497130937.5,-23.20479
2497131093.75,-23.20742
2497131250.0,-23.20865
2497131406.25,-23.20892
2497131562.5,-23.21097
2497131718.75,-23.21209
2497131875.0,-23.21369
2497132031.25,-23.21535
2497132187.5,-23.21656
2497132343.75,-23.21564
2497132500.0,-23.21803
2497132656.25,-23.2169
2497132812.5,-23.2197
2497132968.75,-23.22262
2497133125.0,-23.22055
2497133281.25,-23.22102
2497133437.5,-23.22125
2497133593.75,-23.22303
2497133750.0,-23.22624
2497133906.25,-23.22877
2497134062.5,-23.22896
2497134218.75,-23.23153
2497134375.0,-23.23174
2497134531.25,-23.23061
2497134687.5,-23.23253
2497134843.75,-23.2332
2497135000.0,-23.23565
2497135156.25,-23.23647
2497135312.5,-23.23977
2497135468.75,-23.23528
2497135625.0,-23.24024
2497135781.25,-23.24012
2497135937.5,-23.24113
2497136093.75,-23.24459
2497136250.0,-23.24453
2497136406.25,-23.24504
2497136562.5,-23.24707
2497136718.75,-23.25035
2497136875.0,-23.2501
2497137031.25,-23.25178
2497137187.5,-23.25074
2497137343.75,-23.25161
2497137500.0,-23.25349
2497137656.25,-23.25551
2497137812.5,-23.25661
2497137968.75,-23.25592
2497138125.0,-23.25706
2497138281.25,-23.25851
2497138437.5,-23.26089
2497138593.75,-23.2627
2497138750.0,-23.26118
2497138906.25,-23.26591
2497139062.5,-23.26783
2497139218.75,-23.2666
2497139375.0,-23.26559
2497139531.25,-23.26867
2497139687.5,-23.26936
2497139843.75,-23.26921
2497140000.0,-23.27343
2497140156.25,-23.27122
2497140312.5,-23.27284
2497140468.75,-23.27373
2497140625.0,-23.2753
2497140781.25,-23.27752
2497140937.5,-23.27837
2497141093.75,-23.28184
2497141250.0,-23.27879
2497141406.25,-23.28172
2497141562.5,-23.28121
2497141718.75,-23.28448
2497141875.0,-23.28597
2497142031.25,-23.28584
2497142187.5,-23.28927
2497142343.75,-23.29112
2497142500.0,-23.28951
2497142656.25,-23.2899
2497142812.5,-23.29222
2497142968.75,-23.29248
2497143125.0,-23.29228
2497143281.25,-23.2954
2497143437.5,-23.29665
2497143593.75,-23.29789
2497143750.0,-23.29805
2497143906.25,-23.30027
2497144062.5,-23.30037
2497144218.75,-23.3031
2497144375.0,-23.30254
2497144531.25,-23.30603
2497144687.5,-23.30341
2497144843.75,-23.30541
2497145000.0,-23.30744
2497145156.25,-23.3108
2497145312.5,-23.30933
2497145468.75,-23.31019
2497145625.0,-23.31061
2497145781.25,-23.31557
2497145937.5,-23.31351
2497146093.75,-23.31592
2497146250.0,-23.31502
2497146406.25,-23.31918
2497146562.5,-23.31692
2497146718.75,-23.32023
2497146875.0,-23.31649
2497147031.25,-23.32146
2497147187.5,-23.32373
2497147343.75,-23.3229
2497147500.0,-23.32667
2497147656.25,-23.32432
2497147812.5,-23.32912
2497147968.75,-23.32867
2497148125.0,-23.32623
2497148281.25,-23.33183
2497148437.5,-23.33083
2497148593.75,-23.33282
2497148750.0,-23.33492
2497148906.25,-23.33418
2497149062.5,-23.33808
2497149218.75,-23.33705
2497149375.0,-23.33638
2497149531.25,-23.34266
2497149687.5,-23.33943
2497149843.75,-23.34468
2497150000.0,-23.34497
2497150156.25,-23.34589
2497150312.5,-23.34254
2497150468.75,-23.34727
2497150625.0,-23.34878
2497150781.25,-23.34911
2497150937.5,-23.35149
2497151093.75,-23.35134
2497151250.0,-23.35337
2497151406.25,-23.35244
2497151562.5,-23.35694
2497151718.75,-23.35658
2497151875.0,-23.35617
2497152031.25,-23.35873
2497152187.5,-23.35693
2497152343.75,-23.35617
2497152500.0,-23.36013
2497152656.25,-23.36483
2497152812.5,-23.36374
2497152968.75,-23.36618
2497153125.0,-23.36382
2497153281.25,-23.36735
2497153437.5,-23.36552
2497153593.75,-23.37059
2497153750.0,-23.36953
2497153906.25,-23.36942
2497154062.5,-23.3732
2497154218.75,-23.37436
2497154375.0,-23.37252
2497154531.25,-23.37732
2497154687.5,-23.37724
2497154843.75,-23.3772
2497155000.0,-23.37903
2497155156.25,-23.38039
2497155312.5,-23.3825
2497155468.75,-23.38245
2497155625.0,-23.38292
2497155781.25,-23.38404
2497155937.5,-23.38352
2497156093.75,-23.38907
2497156250.0,-23.38789
2497156406.25,-23.38952
2497156562.5,-23.39054
2497156718.75,-23.39225
2497156875.0,-23.39195
2497157031.25,-23.39525
2497157187.5,-23.393
2497157343.75,-23.3963
2497157500.0,-23.39686
2497157656.25,-23.39828
2497157812.5,-23.39915
2497157968.75,-23.40131
2497158125.0,-23.39749
2497158281.25,-23.40122
2497158437.5,-23.40244
2497158593.75,-23.40518
2497158750.0,-23.40599
2497158906.25,-23.40499
2497159062.5,-23.40799
2497159218.75,-23.4083
2497159375.0,-23.40998
2497159531.25,-23.41096
2497159687.5,-23.41252
2497159843.75,-23.41198
2497160000.0,-23.41275
2497160156.25,-23.41705
2497160312.5,-23.41524
2497160468.75,-23.41609
2497160625.0,-23.41579
2497160781.25,-23.41941
2497160937.5,-23.41954
2497161093.75,-23.42142
2497161250.0,-23.42208
2497161406.25,-23.42504
2497161562.5,-23.42678
2497161718.75,-23.42551
2497161875.0,-23.42468
2497162031.25,-23.42976
2497162187.5,-23.42857
2497162343.75,-23.43135
2497162500.0,-23.4307
2497162656.25,-23.43423
2497162812.5,-23.43284
2497162968.75,-23.43202
2497163125.0,-23.43403
2497163281.25,-23.43727
2497163437.5,-23.43689
2497163593.75,-23.44102
2497163750.0,-23.44227
2497163906.25,-23.44119
2497164062.5,-23.44302
2497164218.75,-23.44269
2497164375.0,-23.44493
2497164531.25,-23.4448
2497164687.5,-23.44512
2497164843.75,-23.44734
2497165000.0,-23.45111
2497165156.25,-23.45145
2497165312.5,-23.4519
2497165468.75,-23.45167
2497165625.0,-23.45616
2497165781.25,-23.45409
2497165937.5,-23.45434
2497166093.75,-23.45585
2497166250.0,-23.45936
2497166406.25,-23.45867
2497166562.5,-23.46007
2497166718.75,-23.46186
2497166875.0,-23.46343
2497167031.25,-23.46362
2497167187.5,-23.46335
2497167343.75,-23.46848
2497167500.0,-23.468
2497167656.25,-23.467
2497167812.5,-23.47062
2497167968.75,-23.47133
2497168125.0,-23.47286
2497168281.25,-23.47491
2497168437.5,-23.47389
2497168593.75,-23.47865
2497168750.0,-23.47809
2497168906.25,-23.4769
2497169062.5,-23.47688
2497169218.75,-23.47989
2497169375.0,-23.47824
2497169531.25,-23.4791
2497169687.5,-23.48351
2497169843.75,-23.48329
2497170000.0,-23.48639
2497170156.25,-23.48671
2497170312.5,-23.4865
2497170468.75,-23.48868
2497170625.0,-23.48943
2497170781.25,-23.48813
2497170937.5,-23.49051
2497171093.75,-23.4925
2497171250.0,-23.49441
2497171406.25,-23.49851
2497171562.5,-23.49565
2497171718.75,-23.49429
2497171875.0,-23.49782
2497172031.25,-23.498
2497172187.5,-23.49885
2497172343.75,-23.5025
2497172500.0,-23.50257
2497172656.25,-23.50464
2497172812.5,-23.50736
2497172968.75,-23.50608
2497173125.0,-23.50638
2497173281.25,-23.50803
2497173437.5,-23.51123
2497173593.75,-23.51126
2497173750.0,-23.50992
2497173906.25,-23.51029
2497174062.5,-23.51439
2497174218.75,-23.51286
2497174375.0,-23.51601
2497174531.25,-23.51764
2497174687.5,-23.51805
2497174843.75,-23.52045
2497175000.0,-23.51981
2497175156.25,-23.52025
2497175312.5,-23.52298
2497175468.75,-23.52451
2497175625.0,-23.52567
2497175781.25,-23.52454
2497175937.5,-23.52408
2497176093.75,-23.5281
2497176250.0,-23.52891
2497176406.25,-23.52839
2497176562.5,-23.53045
2497176718.75,-23.53147
2497176875.0,-23.53234
2497177031.25,-23.53541
2497177187.5,-23.53551
2497177343.75,-23.53878
2497177500.0,-23.53817
2497177656.25,-23.54075
2497177812.5,-23.53843
2497177968.75,-23.53999
2497178125.0,-23.54447
2497178281.25,-23.5453
2497178437.5,-23.544
2497178593.75,-23.54485
2497178750.0,-23.54708
2497178906.25,-23.54695
2497179062.5,-23.54973
2497179218.75,-23.55013
2497179375.0,-23.54984
2497179531.25,-23.55109
2497179687.5,-23.55357
2497179843.75,-23.55448
2497180000.0,-23.55514
2497180156.25,-23.55621
2497180312.5,-23.55872
2497180468.75,-23.55971
2497180625.0,-23.55958
2497180781.25,-23.55714
2497180937.5,-23.5614
2497181093.75,-23.56226
2497181250.0,-23.56274
2497181406.25,-23.5646
2497181562.5,-23.56771
2497181718.75,-23.56822
2497181875.0,-23.56773
2497182031.25,-23.57082
2497182187.5,-23.57066
2497182343.75,-23.57099
2497182500.0,-23.57235
2497182656.25,-23.57672
2497182812.5,-23.57348
2497182968.75,-23.57551
2497183125.0,-23.57851
2497183281.25,-23.57705
2497183437.5,-23.5783
2497183593.75,-23.58155
2497183750.0,-23.58015
2497183906.25,-23.58604
2497184062.5,-23.58354
2497184218.75,-23.58317
2497184375.0,-23.58405
2497184531.25,-23.58776
2497184687.5,-23.58714
2497184843.75,-23.58725
2497185000.0,-23.58891
2497185156.25,-23.59039
2497185312.5,-23.59485
2497185468.75,-23.59148
2497185625.0,-23.59488
2497185781.25,-23.59749
2497185937.5,-23.59739
2497186093.75,-23.59522
2497186250.0,-23.59705
2497186406.25,-23.59813
2497186562.5,-23.59812
2497186718.75,-23.60031
2497186875.0,-23.60141
2497187031.25,-23.60157
2497187187.5,-23.60361
2497187343.75,-23.60502
2497187500.0,-23.60605
2497187656.25,-23.60643
2497187812.5,-23.60931
2497187968.75,-23.61072
2497188125.0,-23.60885
2497188281.25,-23.61313
2497188437.5,-23.61191
2497188593.75,-23.61539
2497188750.0,-23.61786
2497188906.25,-23.61809
2497189062.5,-23.61834
2497189218.75,-23.61812
2497189375.0,-23.62373
2497189531.25,-23.62326
2497189687.5,-23.62068
2497189843.75,-23.62485
2497190000.0,-23.62458
2497190156.25,-23.62498
2497190312.5,-23.6281
2497190468.75,-23.62689
2497190625.0,-23.6274
2497190781.25,-23.63002
2497190937.5,-23.63104
2497191093.75,-23.63048
2497191250.0,-23.63339
2497191406.25,-23.6328
2497191562.5,-23.63437
2497191718.75,-23.63508
2497191875.0,-23.63739
2497192031.25,-23.63738
2497192187.5,-23.64147
2497192343.75,-23.64262
2497192500.0,-23.63905
2497192656.25,-23.64232
2497192812.5,-23.64075
2497192968.75,-23.64307
2497193125.0,-23.64768
2497193281.25,-23.64654
2497193437.5,-23.64847
2497193593.75,-23.65179
2497193750.0,-23.64851
2497193906.25,-23.65107
2497194062.5,-23.65055
2497194218.75,-23.65319
2497194375.0,-23.65464
2497194531.25,-23.65611
2497194687.5,-23.65563
2497194843.75,-23.65671
2497195000.0,-23.65802
2497195156.25,-23.65944
2497195312.5,-23.6619
2497195468.75,-23.65985
2497195625.0,-23.66181
2497195781.25,-23.66666
2497195937.5,-23.66384
2497196093.75,-23.66464
2497196250.0,-23.66854
2497196406.25,-23.6692
2497196562.5,-23.66959
2497196718.75,-23.66919
2497196875.0,-23.67096
2497197031.25,-23.67342
2497197187.5,-23.67384
2497197343.75,-23.67752
2497197500.0,-23.67467
2497197656.25,-23.67828
2497197812.5,-23.67943
2497197968.75,-23.67951
2497198125.0,-23.67963
2497198281.25,-23.68163
2497198437.5,-23.68166
2497198593.75,-23.6824
2497198750.0,-23.68348
2497198906.25,-23.68408
2497199062.5,-23.68731
2497199218.75,-23.68999
2497199375.0,-23.68928
2497199531.25,-23.69233
2497199687.5,-23.69126
2497199843.75,-23.6926
2497200000.0,-23.69575
2497200156.25,-23.69459
2497200312.5,-23.69471
2497200468.75,-23.69675
2497200625.0,-23.69676
2497200781.25,-23.70003
2497200937.5,-23.6992
2497201093.75,-23.70146
2497201250.0,-23.7017
2497201406.25,-23.70363
2497201562.5,-23.70159
2497201718.75,-23.70485
2497201875.0,-23.7036
2497202031.25,-23.70579
2497202187.5,-23.71058
2497202343.75,-23.70873
2497202500.0,-23.70875
2497202656.25,-23.71184
2497202812.5,-23.71216
2497202968.75,-23.7119
2497203125.0,-23.71587
2497203281.25,-23.71436
2497203437.5,-23.71836
2497203593.75,-23.71712
2497203750.0,-23.72159
2497203906.25,-23.72105
2497204062.5,-23.7219
2497204218.75,-23.72042
2497204375.0,-23.72404
2497204531.25,-23.72537
2497204687.5,-23.72894
2497204843.75,-23.72753
2497205000.0,-23.72418
2497205156.25,-23.7301
2497205312.5,-23.73027
2497205468.75,-23.72932
2497205625.0,-23.73188
2497205781.25,-23.73445
2497205937.5,-23.73378
2497206093.75,-23.73572
2497206250.0,-23.73698
2497206406.25,-23.73678
2497206562.5,-23.73799
2497206718.75,-23.73779
2497206875.0,-23.74013
2497207031.25,-23.74043
2497207187.5,-23.74332
2497207343.75,-23.74354
2497207500.0,-23.74785
2497207656.25,-23.74663
2497207812.5,-23.74528
2497207968.75,-23.74857
2497208125.0,-23.75034
2497208281.25,-23.75144
2497208437.5,-23.75031
2497208593.75,-23.75234
2497208750.0,-23.75313
2497208906.25,-23.75306
2497209062.5,-23.75665
2497209218.75,-23.75673
2497209375.0,-23.75576
2497209531.25,-23.75945
2497209687.5,-23.7594
2497209843.75,-23.76202
2497210000.0,-23.76096
2497210156.25,-23.76093
2497210312.5,-23.76574
2497210468.75,-23.76369
2497210625.0,-23.7641
2497210781.25,-23.76583
2497210937.5,-23.76682
2497211093.75,-23.76938
2497211250.0,-23.77131
2497211406.25,-23.77028
2497211562.5,-23.77256
2497211718.75,-23.77217
2497211875.0,-23.77555
2497212031.25,-23.77577
2497212187.5,-23.77699
2497212343.75,-23.77874
2497212500.0,-23.77776
2497212656.25,-23.77868
2497212812.5,-23.77973
2497212968.75,-23.78004
2497213125.0,-23.78384
2497213281.25,-23.78473
2497213437.5,-23.78445
2497213593.75,-23.78839
2497213750.0,-23.78616
2497213906.25,-23.78842
2497214062.5,-23.79076
2497214218.75,-23.79051
2497214375.0,-23.79241
2497214531.25,-23.78854
2497214687.5,-23.79587
2497214843.75,-23.79248
2497215000.0,-23.79439
2497215156.25,-23.79765
2497215312.5,-23.79833
2497215468.75,-23.79888
2497215625.0,-23.79936
2497215781.25,-23.80165
2497215937.5,-23.79995
2497216093.75,-23.80261
2497216250.0,-23.80126
2497216406.25,-23.80481
2497216562.5,-23.80655
2497216718.75,-23.80857
2497216875.0,-23.81026
2497217031.25,-23.80938
2497217187.5,-23.81148
2497217343.75,-23.81355
2497217500.0,-23.81352
2497217656.25,-23.81523
2497217812.5,-23.81468
2497217968.75,-23.81771
2497218125.0,-23.81555
2497218281.25,-23.8192
2497218437.5,-23.81678
2497218593.75,-23.81994
2497218750.0,-23.8198
2497218906.25,-23.81936
2497219062.5,-23.82228
2497219218.75,-23.82588
2497219375.0,-23.82509
2497219531.25,-23.82656
2497219687.5,-23.82759
2497219843.75,-23.82935
2497220000.0,-23.82817
2497220156.25,-23.83106
2497220312.5,-23.83137
2497220468.75,-23.83277
2497220625.0,-23.83252
2497220781.25,-23.83221
2497220937.5,-23.83825
2497221093.75,-23.83633
2497221250.0,-23.83534
2497221406.25,-23.83898
2497221562.5,-23.84049
2497221718.75,-23.84143
2497221875.0,-23.84315
2497222031.25,-23.84237
2497222187.5,-23.84312
2497222343.75,-23.84494
2497222500.0,-23.84664
2497222656.25,-23.84735
2497222812.5,-23.84859
2497222968.75,-23.85116
2497223125.0,-23.85088
2497223281.25,-23.85085
2497223437.5,-23.84925
2497223593.75,-23.85478
2497223750.0,-23.85645
2497223906.25,-23.85526
2497224062.5,-23.85745
2497224218.75,-23.85767
2497224375.0,-23.85886
2497224531.25,-23.85907
2497224687.5,-23.86274
2497224843.75,-23.8589
2497225000.0,-23.86201
2497225156.25,-23.86373
2497225312.5,-23.86558
2497225468.75,-23.86501
2497225625.0,-23.8668
2497225781.25,-23.86763
2497225937.5,-23.8729
2497226093.75,-23.87004
2497226250.0,-23.87231
2497226406.25,-23.87243
2497226562.5,-23.87506
2497226718.75,-23.87362
2497226875.0,-23.87354
2497227031.25,-23.87688
2497227187.5,-23.87703
2497227343.75,-23.8776
2497227500.0,-23.87947
2497227656.25,-23.88224
2497227812.5,-23.88202
2497227968.75,-23.88096
2497228125.0,-23.88437
2497228281.25,-23.8876
2497228437.5,-23.88701
2497228593.75,-23.88839
2497228750.0,-23.88776
2497228906.25,-23.88874
2497229062.5,-23.89193
2497229218.75,-23.88977
2497229375.0,-23.89351
2497229531.25,-23.89534
2497229687.5,-23.89562
2497229843.75,-23.89686
2497230000.0,-23.89456
2497230156.25,-23.89807
2497230312.5,-23.89685
2497230468.75,-23.90041
2497230625.0,-23.90085
2497230781.25,-23.90068
2497230937.5,-23.90428
2497231093.75,-23.90652
2497231250.0,-23.90444
2497231406.25,-23.9049
2497231562.5,-23.9091
2497231718.75,-23.91037
2497231875.0,-23.91057
2497232031.25,-23.91146
2497232187.5,-23.91055
2497232343.75,-23.91553
2497232500.0,-23.91432
2497232656.25,-23.91596
2497232812.5,-23.91674
2497232968.75,-23.91537
2497233125.0,-23.91707
2497233281.25,-23.91783
2497233437.5,-23.91993
2497233593.75,-23.92308
2497233750.0,-23.92175
2497233906.25,-23.9245
2497234062.5,-23.92438
2497234218.75,-23.92601
2497234375.0,-23.92579
2497234531.25,-23.9291
2497234687.5,-23.92974
2497234843.75,-23.93035
2497235000.0,-23.92898
2497235156.25,-23.93094
2497235312.5,-23.93351
2497235468.75,-23.93084
2497235625.0,-23.93131
2497235781.25,-23.93547
2497235937.5,-23.93733
2497236093.75,-23.93543
2497236250.0,-23.94047
2497236406.25,-23.94186
2497236562.5,-23.94151
2497236718.75,-23.94156
2497236875.0,-23.93926
2497237031.25,-23.94227
2497237187.5,-23.94579
2497237343.75,-23.94515
2497237500.0,-23.94743
2497237656.25,-23.94529
2497237812.5,-23.94811
2497237968.75,-23.94841
2497238125.0,-23.95192
2497238281.25,-23.95178
2497238437.5,-23.95411
2497238593.75,-23.95425
2497238750.0,-23.95535
2497238906.25,-23.95603
2497239062.5,-23.95939
2497239218.75,-23.95962
2497239375.0,-23.96079
2497239531.25,-23.95992
2497239687.5,-23.95803
2497239843.75,-23.96596
2497240000.0,-23.96413
2497240156.25,-23.964
2497240312.5,-23.96478
2497240468.75,-23.96709
2497240625.0,-23.96647
2497240781.25,-23.96796
2497240937.5,-23.97153
2497241093.75,-23.97037
2497241250.0,-23.97077
2497241406.25,-23.97181
2497241562.5,-23.9722
2497241718.75,-23.97721
2497241875.0,-23.97538
2497242031.25,-23.97753
2497242187.5,-23.97765
2497242343.75,-23.97939
2497242500.0,-23.9804
2497242656.25,-23.98307
2497242812.5,-23.98146
2497242968.75,-23.98228
2497243125.0,-23.98565
2497243281.25,-23.98507
2497243437.5,-23.98514
2497243593.75,-23.98875
2497243750.0,-23.98889
2497243906.25,-23.99127
2497244062.5,-23.98803
2497244218.75,-23.99102
2497244375.0,-23.98967
2497244531.25,-23.99431
2497244687.5,-23.99325
2497244843.75,-23.99482
2497245000.0,-23.99423
2497245156.25,-23.99865
