1906358593.75,-36.39259
1906358750.0,-36.40472
1906358906.25,-36.40734
1906359062.5,-36.40109
1906359218.75,-36.39803
1906359375.0,-36.40405
1906359531.25,-36.3954
1906359687.5,-36.40446
1906359843.75,-36.40459
1906360000.0,-36.39875
1906360156.25,-36.39622
1906360312.5,-36.41303
1906360468.75,-36.40237
1906360625.0,-36.39565
1906360781.25,-36.3999
1906360937.5,-36.40618
1906361093.75,-36.39625
1906361250.0,-36.40526
1906361406.25,-36.39831
1906361562.5,-36.40171
1906361718.75,-36.39426
1906361875.0,-36.39248
1906362031.25,-36.39811
1906362187.5,-36.39938
1906362343.75,-36.40214
1906362500.0,-36.40981
1906362656.25,-36.3835
1906362812.5,-36.38701
1906362968.75,-36.39148
1906363125.0,-36.38657
1906363281.25,-36.38973
1906363437.5,-36.4062
1906363593.75,-36.38757
1906363750.0,-36.39642
1906363906.25,-36.39187
1906364062.5,-36.39134
1906364218.75,-36.39758
1906364375.0,-36.39112
1906364531.25,-36.39411
1906364687.5,-36.3854
1906364843.75,-36.39523
1906365000.0,-36.39227
1906365156.25,-36.37886
1906365312.5,-36.38118
1906365468.75,-36.37373
1906365625.0,-36.38435
1906365781.25,-36.37691
1906365937.5,-36.38056
1906366093.75,-36.38806
1906366250.0,-36.38749
1906366406.25,-36.39021
1906366562.5,-36.38523
1906366718.75,-36.38176
1906366875.0,-36.37894
1906367031.25,-36.37875
1906367187.5,-36.38435
1906367343.75,-36.39026
1906367500.0,-36.37392
1906367656.25,-36.37502
1906367812.5,-36.38905
1906367968.75,-36.38373
1906368125.0,-36.38033
1906368281.25,-36.3842
1906368437.5,-36.38035
1906368593.75,-36.39035
1906368750.0,-36.37991
1906368906.25,-36.37428
1906369062.5,-36.3806
1906369218.75,-36.37109
1906369375.0,-36.36925
1906369531.25,-36.3784
1906369687.5,-36.3751
1906369843.75,-36.37174
1906370000.0,-36.37245
1906370156.25,-36.36988
1906370312.5,-36.37794
1906370468.75,-36.3767
1906370625.0,-36.36348
1906370781.25,-36.37346
1906370937.5,-36.37087
1906371093.75,-36.36949
1906371250.0,-36.37178
1906371406.25,-36.37748
1906371562.5,-36.36962
1906371718.75,-36.36129
1906371875.0,-36.36736
1906372031.25,-36.36656
1906372187.5,-36.36964
1906372343.75,-36.37227
1906372500.0,-36.36884
1906372656.25,-36.36382
1906372812.5,-36.37645
1906372968.75,-36.37365
1906373125.0,-36.37132
1906373281.25,-36.37235
1906373437.5,-36.37054
1906373593.75,-36.37814
1906373750.0,-36.36227
1906373906.25,-36.36965
1906374062.5,-36.35606
1906374218.75,-36.37291
1906374375.0,-36.37152
1906374531.25,-36.36164
1906374687.5,-36.36866
1906374843.75,-36.36155
1906375000.0,-36.36233
1906375156.25,-36.36543
1906375312.5,-36.36503
1906375468.75,-36.37305
1906375625.0,-36.35844
1906375781.25,-36.36222
1906375937.5,-36.35239
1906376093.75,-36.36671
1906376250.0,-36.36457
1906376406.25,-36.36952
1906376562.5,-36.35781
1906376718.75,-36.36053
1906376875.0,-36.36159
1906377031.25,-36.36214
1906377187.5,-36.36597
1906377343.75,-36.35988
1906377500.0,-36.3555
1906377656.25,-36.35397
1906377812.5,-36.3552
1906377968.75,-36.35054
1906378125.0,-36.36626
1906378281.25,-36.36211
1906378437.5,-36.35844
1906378593.75,-36.35646
1906378750.0,-36.35019
1906378906.25,-36.3493
1906379062.5,-36.35808
1906379218.75,-36.35812
1906379375.0,-36.3555
1906379531.25,-36.35326
1906379687.5,-36.35045
1906379843.75,-36.35582
1906380000.0,-36.35097
1906380156.25,-36.35521
1906380312.5,-36.361
1906380468.75,-36.35465
1906380625.0,-36.35177
1906380781.25,-36.35044
1906380937.5,-36.35316
1906381093.75,-36.35414
1906381250.0,-36.34652
1906381406.25,-36.34771
1906381562.5,-36.3471
1906381718.75,-36.35887
1906381875.0,-36.35563
1906382031.25,-36.34817
1906382187.5,-36.35612
1906382343.75,-36.34006
1906382500.0,-36.34278
1906382656.25,-36.34101
1906382812.5,-36.34586
1906382968.75,-36.34646
1906383125.0,-36.34736
1906383281.25,-36.34493
1906383437.5,-36.33487
1906383593.75,-36.34194
1906383750.0,-36.3351
1906383906.25,-36.35199
1906384062.5,-36.34472
1906384218.75,-36.34558
1906384375.0,-36.33977
1906384531.25,-36.32696
1906384687.5,-36.34769
1906384843.75,-36.34819
1906385000.0,-36.34189
1906385156.25,-36.3386
1906385312.5,-36.3429
1906385468.75,-36.33826
1906385625.0,-36.34397
1906385781.25,-36.33245
1906385937.5,-36.33411
1906386093.75,-36.33921
1906386250.0,-36.34622
1906386406.25,-36.33561
1906386562.5,-36.332
1906386718.75,-36.33801
1906386875.0,-36.33437
1906387031.25,-36.33275
1906387187.5,-36.3444
1906387343.75,-36.32808
1906387500.0,-36.34987
1906387656.25,-36.32913
1906387812.5,-36.33177
1906387968.75,-36.34585
1906388125.0,-36.32749
1906388281.25,-36.33599
1906388437.5,-36.32934
1906388593.75,-36.33715
1906388750.0,-36.32861
1906388906.25,-36.33247
1906389062.5,-36.33742
1906389218.75,-36.33194
1906389375.0,-36.32835
1906389531.25,-36.3317
1906389687.5,-36.33352
1906389843.75,-36.32856
1906390000.0,-36.33515
1906390156.25,-36.3229
1906390312.5,-36.33207
1906390468.75,-36.32615
1906390625.0,-36.33591
1906390781.25,-36.33218
1906390937.5,-36.32363
1906391093.75,-36.33279
1906391250.0,-36.31377
1906391406.25,-36.32337
1906391562.5,-36.32365
1906391718.75,-36.32915
1906391875.0,-36.32333
1906392031.25,-36.31871
1906392187.5,-36.32395
1906392343.75,-36.32447
1906392500.0,-36.32534
1906392656.25,-36.32476
1906392812.5,-36.33319
1906392968.75,-36.31024
1906393125.0,-36.32038
1906393281.25,-36.31904
1906393437.5,-36.31513
1906393593.75,-36.31907
1906393750.0,-36.32016
1906393906.25,-36.32102
1906394062.5,-36.30114
1906394218.75,-36.31453
1906394375.0,-36.32116
1906394531.25,-36.31292
1906394687.5,-36.32365
1906394843.75,-36.30708
1906395000.0,-36.31518
1906395156.25,-36.31806
1906395312.5,-36.31289
1906395468.75,-36.32009
1906395625.0,-36.31425
1906395781.25,-36.32827
1906395937.5,-36.31008
1906396093.75,-36.30251
1906396250.0,-36.32421
1906396406.25,-36.31509
1906396562.5,-36.31363
1906396718.75,-36.31428
1906396875.0,-36.32232
1906397031.25,-36.31129
1906397187.5,-36.31643
1906397343.75,-36.31311
1906397500.0,-36.31142
1906397656.25,-36.30956
1906397812.5,-36.30984
1906397968.75,-36.31518
1906398125.0,-36.31563
1906398281.25,-36.30714
1906398437.5,-36.30767
1906398593.75,-36.30981
1906398750.0,-36.31009
1906398906.25,-36.3014
1906399062.5,-36.30422
1906399218.75,-36.30698
1906399375.0,-36.30835
1906399531.25,-36.30577
1906399687.5,-36.30723
1906399843.75,-36.29727
1906400000.0,-36.30653
1906400156.25,-36.30466
1906400312.5,-36.30352
1906400468.75,-36.29998
1906400625.0,-36.30389
1906400781.25,-36.31529
1906400937.5,-36.31028
1906401093.75,-36.30183
1906401250.0,-36.30183
1906401406.25,-36.31528
1906401562.5,-36.30195
1906401718.75,-36.29338
1906401875.0,-36.30325
1906402031.25,-36.31752
1906402187.5,-36.31254
1906402343.75,-36.2969
1906402500.0,-36.28976
1906402656.25,-36.30952
1906402812.5,-36.30648
1906402968.75,-36.29971
1906403125.0,-36.28975
1906403281.25,-36.29879
1906403437.5,-36.29352
1906403593.75,-36.29466
1906403750.0,-36.29163
1906403906.25,-36.29112
1906404062.5,-36.28933
1906404218.75,-36.29469
1906404375.0,-36.29274
1906404531.25,-36.29316
1906404687.5,-36.3063
1906404843.75,-36.29242
1906405000.0,-36.29931
1906405156.25,-36.2821
1906405312.5,-36.30165
1906405468.75,-36.2972
1906405625.0,-36.29356
1906405781.25,-36.29638
1906405937.5,-36.28785
1906406093.75,-36.29709
1906406250.0,-36.30048
1906406406.25,-36.29638
1906406562.5,-36.29119
1906406718.75,-36.28391
1906406875.0,-36.29313
1906407031.25,-36.28053
1906407187.5,-36.29487
1906407343.75,-36.28599
1906407500.0,-36.29209
1906407656.25,-36.28147
1906407812.5,-36.28058
1906407968.75,-36.28022
1906408125.0,-36.29315
1906408281.25,-36.2967
1906408437.5,-36.28255
1906408593.75,-36.27722
1906408750.0,-36.28526
1906408906.25,-36.28285
1906409062.5,-36.29369
1906409218.75,-36.28996
1906409375.0,-36.27379
1906409531.25,-36.27367
1906409687.5,-36.28589
1906409843.75,-36.29294
1906410000.0,-36.28815
1906410156.25,-36.27676
1906410312.5,-36.27882
1906410468.75,-36.2807
1906410625.0,-36.28032
1906410781.25,-36.27766
1906410937.5,-36.28099
1906411093.75,-36.27379
1906411250.0,-36.28304
1906411406.25,-36.26515
1906411562.5,-36.27993
1906411718.75,-36.26815
1906411875.0,-36.26997
1906412031.25,-36.28147
1906412187.5,-36.27541
1906412343.75,-36.28599
1906412500.0,-36.27346
1906412656.25,-36.27499
1906412812.5,-36.27714
1906412968.75,-36.27001
1906413125.0,-36.27015
1906413281.25,-36.28054
1906413437.5,-36.28274
1906413593.75,-36.27657
1906413750.0,-36.26907
1906413906.25,-36.26898
1906414062.5,-36.27015
1906414218.75,-36.27669
1906414375.0,-36.26865
1906414531.25,-36.27177
1906414687.5,-36.26895
1906414843.75,-36.27141
1906415000.0,-36.2753
1906415156.25,-36.27294
1906415312.5,-36.26588
1906415468.75,-36.26591
1906415625.0,-36.27522
1906415781.25,-36.26318
1906415937.5,-36.2739
1906416093.75,-36.25626
1906416250.0,-36.26605
1906416406.25,-36.26871
1906416562.5,-36.26758
1906416718.75,-36.26099
1906416875.0,-36.26872
1906417031.25,-36.2609
1906417187.5,-36.27193
1906417343.75,-36.25982
1906417500.0,-36.26607
1906417656.25,-36.26265
1906417812.5,-36.26133
1906417968.75,-36.25529
1906418125.0,-36.25393
1906418281.25,-36.26198
1906418437.5,-36.25531
1906418593.75,-36.25385
1906418750.0,-36.26019
1906418906.25,-36.24253
1906419062.5,-36.25909
1906419218.75,-36.26203
1906419375.0,-36.25138
1906419531.25,-36.26506
1906419687.5,-36.27076
1906419843.75,-36.26735
1906420000.0,-36.26965
1906420156.25,-36.26207
1906420312.5,-36.25242
1906420468.75,-36.2541
1906420625.0,-36.26749
1906420781.25,-36.25048
1906420937.5,-36.25965
1906421093.75,-36.25426
1906421250.0,-36.2538
1906421406.25,-36.24472
1906421562.5,-36.25442
1906421718.75,-36.25935
1906421875.0,-36.24759
1906422031.25,-36.25756
1906422187.5,-36.24935
1906422343.75,-36.2451
1906422500.0,-36.24599
1906422656.25,-36.25254
1906422812.5,-36.25031
1906422968.75,-36.23885
1906423125.0,-36.25519
1906423281.25,-36.24053
1906423437.5,-36.2532
1906423593.75,-36.2492
1906423750.0,-36.24126
1906423906.25,-36.2556
1906424062.5,-36.2464
1906424218.75,-36.24366
1906424375.0,-36.24003
1906424531.25,-36.25014
1906424687.5,-36.24844
1906424843.75,-36.25032
1906425000.0,-36.24508
1906425156.25,-36.25203
1906425312.5,-36.24587
1906425468.75,-36.25177
1906425625.0,-36.23394
1906425781.25,-36.24372
1906425937.5,-36.23984
1906426093.75,-36.24582
1906426250.0,-36.24841
1906426406.25,-36.22305
1906426562.5,-36.24322
1906426718.75,-36.2402
1906426875.0,-36.24461
1906427031.25,-36.2368
1906427187.5,-36.23783
1906427343.75,-36.24623
1906427500.0,-36.23191
1906427656.25,-36.23832
1906427812.5,-36.2359
1906427968.75,-36.24201
1906428125.0,-36.23931
1906428281.25,-36.23789
1906428437.5,-36.23334
1906428593.75,-36.23328
1906428750.0,-36.23307
1906428906.25,-36.23224
1906429062.5,-36.23261
1906429218.75,-36.23655
1906429375.0,-36.2343
1906429531.25,-36.23631
1906429687.5,-36.23391
1906429843.75,-36.23095
1906430000.0,-36.22856
1906430156.25,-36.22757
1906430312.5,-36.24559
1906430468.75,-36.2216
1906430625.0,-36.22765
1906430781.25,-36.22722
1906430937.5,-36.22539
1906431093.75,-36.22814
1906431250.0,-36.23146
1906431406.25,-36.22339
1906431562.5,-36.22173
1906431718.75,-36.22795
1906431875.0,-36.22752
1906432031.25,-36.23665
1906432187.5,-36.22878
1906432343.75,-36.23229
1906432500.0,-36.22781
1906432656.25,-36.22164
1906432812.5,-36.2208
1906432968.75,-36.23279
1906433125.0,-36.22442
1906433281.25,-36.21854
1906433437.5,-36.21761
1906433593.75,-36.21862
1906433750.0,-36.21505
1906433906.25,-36.21893
1906434062.5,-36.22615
1906434218.75,-36.21169
1906434375.0,-36.20826
1906434531.25,-36.21703
1906434687.5,-36.21523
1906434843.75,-36.22768
1906435000.0,-36.21841
1906435156.25,-36.22937
1906435312.5,-36.21532
1906435468.75,-36.21646
1906435625.0,-36.21632
1906435781.25,-36.22805
1906435937.5,-36.21265
1906436093.75,-36.22389
1906436250.0,-36.21023
1906436406.25,-36.221
1906436562.5,-36.21029
1906436718.75,-36.21146
1906436875.0,-36.21327
1906437031.25,-36.21779
1906437187.5,-36.21505
1906437343.75,-36.21874
1906437500.0,-36.21637
1906437656.25,-36.21222
1906437812.5,-36.21108
1906437968.75,-36.22022
1906438125.0,-36.20983
1906438281.25,-36.2111
1906438437.5,-36.21664
1906438593.75,-36.22169
1906438750.0,-36.21584
1906438906.25,-36.21462
1906439062.5,-36.20514
1906439218.75,-36.21594
1906439375.0,-36.20483
1906439531.25,-36.21203
1906439687.5,-36.20544
1906439843.75,-36.20617
1906440000.0,-36.21412
1906440156.25,-36.20734
1906440312.5,-36.20094
1906440468.75,-36.21163
1906440625.0,-36.20707
1906440781.25,-36.206
1906440937.5,-36.21033
1906441093.75,-36.20742
1906441250.0,-36.20519
1906441406.25,-36.20273
1906441562.5,-36.203
1906441718.75,-36.21097
1906441875.0,-36.20407
1906442031.25,-36.20605
1906442187.5,-36.20812
1906442343.75,-36.2017
1906442500.0,-36.19603
1906442656.25,-36.20523
1906442812.5,-36.20179
1906442968.75,-36.20742
1906443125.0,-36.20511
1906443281.25,-36.19054
1906443437.5,-36.20521
1906443593.75,-36.20398
1906443750.0,-36.1963
1906443906.25,-36.2038
1906444062.5,-36.20319
1906444218.75,-36.20034
1906444375.0,-36.1937
1906444531.25,-36.20413
1906444687.5,-36.1992
1906444843.75,-36.19218
1906445000.0,-36.19835
1906445156.25,-36.19081
1906445312.5,-36.19367
1906445468.75,-36.19603
1906445625.0,-36.19368
1906445781.25,-36.18936
1906445937.5,-36.19511
1906446093.75,-36.19385
1906446250.0,-36.18786
1906446406.25,-36.2005
1906446562.5,-36.18246
1906446718.75,-36.18532
1906446875.0,-36.19312
1906447031.25,-36.18378
1906447187.5,-36.19348
1906447343.75,-36.19379
1906447500.0,-36.19262
1906447656.25,-36.19125
1906447812.5,-36.1986
1906447968.75,-36.18992
1906448125.0,-36.18363
1906448281.25,-36.17207
1906448437.5,-36.18594
1906448593.75,-36.18167
1906448750.0,-36.19242
1906448906.25,-36.18235
1906449062.5,-36.18822
1906449218.75,-36.18454
1906449375.0,-36.17728
1906449531.25,-36.18959
1906449687.5,-36.17851
1906449843.75,-36.18123
1906450000.0,-36.18364
1906450156.25,-36.17869
1906450312.5,-36.18393
1906450468.75,-36.18216
1906450625.0,-36.17935
1906450781.25,-36.18035
1906450937.5,-36.18642
1906451093.75,-36.17463
1906451250.0,-36.16933
1906451406.25,-36.17391
1906451562.5,-36.18287
1906451718.75,-36.17788
1906451875.0,-36.18034
1906452031.25,-36.18258
1906452187.5,-36.17312
1906452343.75,-36.18134
1906452500.0,-36.18123
1906452656.25,-36.17245
1906452812.5,-36.18866
1906452968.75,-36.1828
1906453125.0,-36.17189
1906453281.25,-36.17548
1906453437.5,-36.17833
1906453593.75,-36.16937
1906453750.0,-36.16659
1906453906.25,-36.17329
1906454062.5,-36.17912
1906454218.75,-36.17651
1906454375.0,-36.16744
1906454531.25,-36.17155
1906454687.5,-36.18137
1906454843.75,-36.17178
1906455000.0,-36.16931
1906455156.25,-36.16148
1906455312.5,-36.17026
1906455468.75,-36.16474
1906455625.0,-36.16996
1906455781.25,-36.1584
1906455937.5,-36.17079
1906456093.75,-36.17097
1906456250.0,-36.16941
1906456406.25,-36.16274
1906456562.5,-36.16662
1906456718.75,-36.16262
1906456875.0,-36.16882
1906457031.25,-36.16201
1906457187.5,-36.17022
1906457343.75,-36.17631
1906457500.0,-36.16788
1906457656.25,-36.16945
1906457812.5,-36.1533
1906457968.75,-36.16544
1906458125.0,-36.15395
1906458281.25,-36.16824
1906458437.5,-36.1627
1906458593.75,-36.1604
1906458750.0,-36.17008
1906458906.25,-36.1664
1906459062.5,-36.1664
1906459218.75,-36.16064
1906459375.0,-36.15944
1906459531.25,-36.16602
1906459687.5,-36.15605
1906459843.75,-36.1519
1906460000.0,-36.15799
1906460156.25,-36.162
1906460312.5,-36.16956
1906460468.75,-36.15773
1906460625.0,-36.16835
1906460781.25,-36.16066
1906460937.5,-36.15927
1906461093.75,-36.14308
1906461250.0,-36.15945
1906461406.25,-36.15258
1906461562.5,-36.1475
1906461718.75,-36.15387
1906461875.0,-36.15605
1906462031.25,-36.15428
1906462187.5,-36.15256
1906462343.75,-36.16033
1906462500.0,-36.14587
1906462656.25,-36.14543
1906462812.5,-36.15664
1906462968.75,-36.15694
1906463125.0,-36.15345
1906463281.25,-36.15493
1906463437.5,-36.14973
1906463593.75,-36.15558
1906463750.0,-36.15406
1906463906.25,-36.15036
1906464062.5,-36.15179
1906464218.75,-36.13831
1906464375.0,-36.15346
1906464531.25,-36.14801
1906464687.5,-36.14713
1906464843.75,-36.1433
1906465000.0,-36.14985
1906465156.25,-36.13728
1906465312.5,-36.1449
1906465468.75,-36.1496
1906465625.0,-36.1455
1906465781.25,-36.14523
1906465937.5,-36.14361
1906466093.75,-36.14486
1906466250.0,-36.14249
1906466406.25,-36.14636
1906466562.5,-36.13486
1906466718.75,-36.14506
1906466875.0,-36.15326
1906467031.25,-36.14901
1906467187.5,-36.14687
1906467343.75,-36.14036
1906467500.0,-36.14008
1906467656.25,-36.145
1906467812.5,-36.13634
1906467968.75,-36.14316
1906468125.0,-36.14061
1906468281.25,-36.13736
1906468437.5,-36.13649
1906468593.75,-36.13625
1906468750.0,-36.1413
1906468906.25,-36.14303
1906469062.5,-36.13131
1906469218.75,-36.13796
1906469375.0,-36.13898
1906469531.25,-36.13192
1906469687.5,-36.12943
1906469843.75,-36.13666
1906470000.0,-36.12828
1906470156.25,-36.13625
1906470312.5,-36.1356
1906470468.75,-36.14394
1906470625.0,-36.13274
1906470781.25,-36.13326
1906470937.5,-36.13826
1906471093.75,-36.12933
1906471250.0,-36.13814
1906471406.25,-36.12892
1906471562.5,-36.13328
1906471718.75,-36.13828
1906471875.0,-36.12454
1906472031.25,-36.13522
1906472187.5,-36.12301
1906472343.75,-36.12666
1906472500.0,-36.12043
1906472656.25,-36.129
1906472812.5,-36.12831
1906472968.75,-36.12027
1906473125.0,-36.13773
1906473281.25,-36.1252
1906473437.5,-36.13086
1906473593.75,-36.12764
1906473750.0,-36.11641
1906473906.25,-36.13725
1906474062.5,-36.11744
1906474218.75,-36.1293
1906474375.0,-36.1249
1906474531.25,-36.12255
1906474687.5,-36.12894
1906474843.75,-36.12946
1906475000.0,-36.11933
1906475156.25,-36.1166
1906475312.5,-36.12605
1906475468.75,-36.11366
1906475625.0,-36.11709
1906475781.25,-36.10541
1906475937.5,-36.11638
1906476093.75,-36.10874
1906476250.0,-36.11684
1906476406.25,-36.11931
1906476562.5,-36.1136
1906476718.75,-36.12237
1906476875.0,-36.11262
1906477031.25,-36.12039
1906477187.5,-36.11788
1906477343.75,-36.12183
1906477500.0,-36.11833
1906477656.25,-36.12032
1906477812.5,-36.11559
1906477968.75,-36.10598
1906478125.0,-36.11668
1906478281.25,-36.11469
1906478437.5,-36.11087
1906478593.75,-36.1184
1906478750.0,-36.10746
1906478906.25,-36.11912
1906479062.5,-36.11768
1906479218.75,-36.11376
1906479375.0,-36.10817
1906479531.25,-36.10921
1906479687.5,-36.10867
1906479843.75,-36.10755
1906480000.0,-36.12082
1906480156.25,-36.10885
1906480312.5,-36.11255
1906480468.75,-36.11281
1906480625.0,-36.10114
1906480781.25,-36.11669
1906480937.5,-36.11343
1906481093.75,-36.11172
1906481250.0,-36.10412
1906481406.25,-36.11052
1906481562.5,-36.10532
1906481718.75,-36.11228
1906481875.0,-36.10716
1906482031.25,-36.1067
1906482187.5,-36.1087
1906482343.75,-36.10214
1906482500.0,-36.10263
1906482656.25,-36.10344
1906482812.5,-36.10561
1906482968.75,-36.09896
1906483125.0,-36.09311
1906483281.25,-36.10437
1906483437.5,-36.11122
1906483593.75,-36.10397
1906483750.0,-36.10705
1906483906.25,-36.0879
1906484062.5,-36.10777
1906484218.75,-36.09469
1906484375.0,-36.10384
1906484531.25,-36.09562
1906484687.5,-36.09671
1906484843.75,-36.10034
1906485000.0,-36.10401
1906485156.25,-36.1033
1906485312.5,-36.09845
1906485468.75,-36.10014
1906485625.0,-36.09935
1906485781.25,-36.09658
1906485937.5,-36.08854
1906486093.75,-36.09267
1906486250.0,-36.0995
1906486406.25,-36.09735
1906486562.5,-36.08683
1906486718.75,-36.09237
1906486875.0,-36.09694
1906487031.25,-36.08047
1906487187.5,-36.08879
1906487343.75,-36.10092
1906487500.0,-36.08648
1906487656.25,-36.09023
1906487812.5,-36.10104
1906487968.75,-36.09362
1906488125.0,-36.09382
1906488281.25,-36.10082
1906488437.5,-36.08381
1906488593.75,-36.09756
1906488750.0,-36.08702
1906488906.25,-36.0929
1906489062.5,-36.08133
1906489218.75,-36.08043
1906489375.0,-36.08807
1906489531.25,-36.09103
1906489687.5,-36.08789
1906489843.75,-36.09126
1906490000.0,-36.08481
1906490156.25,-36.07721
1906490312.5,-36.09556
1906490468.75,-36.08339
1906490625.0,-36.09077
1906490781.25,-36.08561
1906490937.5,-36.08216
1906491093.75,-36.08361
1906491250.0,-36.08548
1906491406.25,-36.07747
1906491562.5,-36.09085
1906491718.75,-36.08771
1906491875.0,-36.07612
1906492031.25,-36.08446
1906492187.5,-36.07806
1906492343.75,-36.07368
1906492500.0,-36.08598
1906492656.25,-36.08726
1906492812.5,-36.08507
1906492968.75,-36.06977
1906493125.0,-36.07145
1906493281.25,-36.07328
1906493437.5,-36.08039
1906493593.75,-36.07611
1906493750.0,-36.07339
1906493906.25,-36.077
1906494062.5,-36.07156
1906494218.75,-36.07301
1906494375.0,-36.07196
1906494531.25,-36.06313
1906494687.5,-36.07122
1906494843.75,-36.07782
1906495000.0,-36.07003
1906495156.25,-36.07489
1906495312.5,-36.07814
1906495468.75,-36.07528
1906495625.0,-36.06483
1906495781.25,-36.0705
1906495937.5,-36.08417
1906496093.75,-36.07135
1906496250.0,-36.06853
1906496406.25,-36.07343
1906496562.5,-36.0705
1906496718.75,-36.06786
1906496875.0,-36.05847
1906497031.25,-36.06997
1906497187.5,-36.06602
1906497343.75,-36.05976
1906497500.0,-36.07063
1906497656.25,-36.06343
1906497812.5,-36.05947
1906497968.75,-36.06551
1906498125.0,-36.07173
1906498281.25,-36.0737
1906498437.5,-36.06411
1906498593.75,-36.07669
1906498750.0,-36.0763
1906498906.25,-36.06365
1906499062.5,-36.05994
1906499218.75,-36.06272
1906499375.0,-36.0731
1906499531.25,-36.06177
1906499687.5,-36.06164
1906499843.75,-36.07404
1906500000.0,-36.06441
1906500156.25,-36.05625
1906500312.5,-36.05881
1906500468.75,-36.05946
1906500625.0,-36.06595
1906500781.25,-36.05837
1906500937.5,-36.06683
1906501093.75,-36.06657
1906501250.0,-36.05954
1906501406.25,-36.05799
1906501562.5,-36.05563
1906501718.75,-36.05464
1906501875.0,-36.06016
1906502031.25,-36.05956
1906502187.5,-36.04953
1906502343.75,-36.05559
1906502500.0,-36.05182
1906502656.25,-36.05581
1906502812.5,-36.05397
1906502968.75,-36.06208
1906503125.0,-36.05349
1906503281.25,-36.04744
1906503437.5,-36.05203
1906503593.75,-36.05746
1906503750.0,-36.05634
1906503906.25,-36.05558
1906504062.5,-36.0463
1906504218.75,-36.05667
1906504375.0,-36.05212
1906504531.25,-36.03838
1906504687.5,-36.0397
1906504843.75,-36.04334
1906505000.0,-36.04045
1906505156.25,-36.05463
1906505312.5,-36.05584
1906505468.75,-36.0386
1906505625.0,-36.04807
1906505781.25,-36.04744
1906505937.5,-36.04695
1906506093.75,-36.03939
1906506250.0,-36.04425
1906506406.25,-36.04638
1906506562.5,-36.04982
1906506718.75,-36.0438
1906506875.0,-36.04031
1906507031.25,-36.04044
1906507187.5,-36.04858
1906507343.75,-36.04328
1906507500.0,-36.03833
1906507656.25,-36.04403
1906507812.5,-36.04316
1906507968.75,-36.04531
1906508125.0,-36.04855
1906508281.25,-36.04571
1906508437.5,-36.03608
1906508593.75,-36.04342
1906508750.0,-36.04367
1906508906.25,-36.04242
1906509062.5,-36.03206
1906509218.75,-36.02932
1906509375.0,-36.04051
1906509531.25,-36.02929
1906509687.5,-36.03358
1906509843.75,-36.03837
1906510000.0,-36.03527
1906510156.25,-36.05214
1906510312.5,-36.04145
1906510468.75,-36.03114
1906510625.0,-36.04026
1906510781.25,-36.0233
1906510937.5,-36.02572
1906511093.75,-36.02974
1906511250.0,-36.03682
1906511406.25,-36.02541
1906511562.5,-36.03392
1906511718.75,-36.04594
1906511875.0,-36.0314
1906512031.25,-36.03539
1906512187.5,-36.02447
1906512343.75,-36.02427
1906512500.0,-36.04559
1906512656.25,-36.02976
1906512812.5,-36.02766
1906512968.75,-36.02598
1906513125.0,-36.02729
1906513281.25,-36.0372
1906513437.5,-36.03478
1906513593.75,-36.02798
1906513750.0,-36.03916
1906513906.25,-36.02223
1906514062.5,-36.02037
1906514218.75,-36.02959
1906514375.0,-36.02958
1906514531.25,-36.03604
1906514687.5,-36.02372
1906514843.75,-36.02802
1906515000.0,-36.01918
1906515156.25,-36.01663
1906515312.5,-36.02401
1906515468.75,-36.01921
1906515625.0,-36.03366
1906515781.25,-36.01298
1906515937.5,-36.02137
1906516093.75,-36.03305
1906516250.0,-36.02221
1906516406.25,-36.02218
1906516562.5,-36.00648
1906516718.75,-36.01548
1906516875.0,-36.0149
1906517031.25,-36.0209
1906517187.5,-36.01878
1906517343.75,-36.01902
1906517500.0,-36.00937
1906517656.25,-36.02013
1906517812.5,-36.02369
1906517968.75,-36.02285
1906518125.0,-36.01842
1906518281.25,-36.02306
1906518437.5,-36.01892
1906518593.75,-36.02121
1906518750.0,-36.00643
1906518906.25,-36.01569
1906519062.5,-36.01761
1906519218.75,-36.02147
1906519375.0,-36.018
1906519531.25,-36.01445
1906519687.5,-36.02425
1906519843.75,-36.0159
1906520000.0,-36.00866
1906520156.25,-36.00713
1906520312.5,-36.01648
1906520468.75,-36.00292
1906520625.0,-36.00937
1906520781.25,-36.01344
1906520937.5,-36.01594
1906521093.75,-36.009
1906521250.0,-36.00227
1906521406.25,-36.00411
1906521562.5,-36.00784
1906521718.75,-36.00932
1906521875.0,-36.0137
1906522031.25,-36.00039
1906522187.5,-36.0078
1906522343.75,-36.00475
1906522500.0,-35.9991
1906522656.25,-36.00805
1906522812.5,-36.00264
1906522968.75,-36.00064
1906523125.0,-36.0032
1906523281.25,-36.01411
1906523437.5,-35.99841
1906523593.75,-36.00104
1906523750.0,-35.99262
1906523906.25,-36.00497
1906524062.5,-35.9982
1906524218.75,-35.99751
1906524375.0,-36.01324
1906524531.25,-36.00581
1906524687.5,-36.00223
1906524843.75,-36.00295
1906525000.0,-36.00595
1906525156.25,-36.00928
1906525312.5,-35.98635
1906525468.75,-35.99879
1906525625.0,-36.00572
1906525781.25,-35.99434
1906525937.5,-36.00183
1906526093.75,-35.99796
1906526250.0,-35.98304
1906526406.25,-36.00069
1906526562.5,-35.9974
1906526718.75,-35.99332
1906526875.0,-35.9988
1906527031.25,-35.9964
1906527187.5,-35.9899
1906527343.75,-35.99039
1906527500.0,-35.99393
1906527656.25,-35.99313
1906527812.5,-35.99681
1906527968.75,-35.99664
1906528125.0,-35.98626
1906528281.25,-35.98901
1906528437.5,-35.99858
1906528593.75,-36.00399
1906528750.0,-35.98397
1906528906.25,-35.98801
1906529062.5,-35.99815
1906529218.75,-35.99108
1906529375.0,-35.99372
1906529531.25,-35.99956
1906529687.5,-35.98976
1906529843.75,-35.9929
1906530000.0,-35.99039
1906530156.25,-35.99177
1906530312.5,-35.9726
1906530468.75,-35.99181
1906530625.0,-35.98171
1906530781.25,-35.97572
1906530937.5,-35.97346
1906531093.75,-35.98405
1906531250.0,-35.97932
1906531406.25,-35.98766
1906531562.5,-35.98458
1906531718.75,-35.98647
1906531875.0,-35.97845
1906532031.25,-35.97707
1906532187.5,-35.99015
1906532343.75,-35.97663
1906532500.0,-35.97224
1906532656.25,-35.98287
1906532812.5,-35.98225
1906532968.75,-35.98741
1906533125.0,-35.98107
1906533281.25,-35.98169
1906533437.5,-35.98641
1906533593.75,-35.97008
1906533750.0,-35.98079
1906533906.25,-35.98616
1906534062.5,-35.98036
1906534218.75,-35.97794
1906534375.0,-35.97089
1906534531.25,-35.98564
1906534687.5,-35.97433
1906534843.75,-35.97054
1906535000.0,-35.98021
1906535156.25,-35.97735
1906535312.5,-35.98298
1906535468.75,-35.97623
1906535625.0,-35.97236
1906535781.25,-35.97387
1906535937.5,-35.96505
1906536093.75,-35.96517
1906536250.0,-35.96856
1906536406.25,-35.95911
1906536562.5,-35.95885
1906536718.75,-35.9799
1906536875.0,-35.97739
1906537031.25,-35.95723
1906537187.5,-35.96362
1906537343.75,-35.96877
1906537500.0,-35.96097
1906537656.25,-35.96276
1906537812.5,-35.96231
1906537968.75,-35.96698
1906538125.0,-35.97253
1906538281.25,-35.97593
1906538437.5,-35.96774
1906538593.75,-35.96798
1906538750.0,-35.96375
1906538906.25,-35.96391
1906539062.5,-35.95975
1906539218.75,-35.96366
1906539375.0,-35.96951
1906539531.25,-35.95926
1906539687.5,-35.9581
1906539843.75,-35.96751
1906540000.0,-35.95622
1906540156.25,-35.96474
1906540312.5,-35.96103
1906540468.75,-35.95838
1906540625.0,-35.95702
1906540781.25,-35.96705
1906540937.5,-35.96025
1906541093.75,-35.95908
1906541250.0,-35.95502
1906541406.25,-35.9585
1906541562.5,-35.95324
1906541718.75,-35.95966
1906541875.0,-35.94812
1906542031.25,-35.95629
1906542187.5,-35.9541
1906542343.75,-35.95489
1906542500.0,-35.9563
1906542656.25,-35.95499
1906542812.5,-35.95487
1906542968.75,-35.95986
1906543125.0,-35.95618
1906543281.25,-35.95177
1906543437.5,-35.94864
1906543593.75,-35.95631
1906543750.0,-35.95142
1906543906.25,-35.95585
1906544062.5,-35.95773
1906544218.75,-35.95037
1906544375.0,-35.95577
1906544531.25,-35.95531
1906544687.5,-35.9551
1906544843.75,-35.95335
1906545000.0,-35.94743
1906545156.25,-35.95129
1906545312.5,-35.94818
1906545468.75,-35.94434
1906545625.0,-35.94473
1906545781.25,-35.94505
1906545937.5,-35.94859
1906546093.75,-35.95262
1906546250.0,-35.94516
1906546406.25,-35.95353
1906546562.5,-35.9447
1906546718.75,-35.94675
1906546875.0,-35.94335
1906547031.25,-35.94423
1906547187.5,-35.94029
1906547343.75,-35.9456
1906547500.0,-35.9404
1906547656.25,-35.94136
1906547812.5,-35.94051
1906547968.75,-35.94114
1906548125.0,-35.94233
1906548281.25,-35.93977
1906548437.5,-35.94493
1906548593.75,-35.9473
1906548750.0,-35.93576
1906548906.25,-35.94643
1906549062.5,-35.93617
1906549218.75,-35.94045
1906549375.0,-35.93657
1906549531.25,-35.93403
1906549687.5,-35.93314
1906549843.75,-35.94634
1906550000.0,-35.93702
1906550156.25,-35.93737
1906550312.5,-35.94275
1906550468.75,-35.93862
1906550625.0,-35.93815
1906550781.25,-35.95047
1906550937.5,-35.92408
1906551093.75,-35.93535
1906551250.0,-35.94491
1906551406.25,-35.93673
1906551562.5,-35.9309
1906551718.75,-35.93344
1906551875.0,-35.93182
1906552031.25,-35.92757
1906552187.5,-35.92704
1906552343.75,-35.93671
1906552500.0,-35.93002
1906552656.25,-35.93214
1906552812.5,-35.93317
1906552968.75,-35.91599
1906553125.0,-35.93032
1906553281.25,-35.94188
1906553437.5,-35.92905
1906553593.75,-35.93735
1906553750.0,-35.93354
1906553906.25,-35.91824
1906554062.5,-35.92032
1906554218.75,-35.92237
1906554375.0,-35.92879
1906554531.25,-35.92411
1906554687.5,-35.9246
1906554843.75,-35.92165
1906555000.0,-35.92368
1906555156.25,-35.92251
1906555312.5,-35.92227
1906555468.75,-35.92498
1906555625.0,-35.92367
1906555781.25,-35.92237
1906555937.5,-35.92056
1906556093.75,-35.93012
1906556250.0,-35.92962
1906556406.25,-35.93935
1906556562.5,-35.90433
1906556718.75,-35.92957
1906556875.0,-35.92989
1906557031.25,-35.91539
1906557187.5,-35.92203
1906557343.75,-35.9299
1906557500.0,-35.9227
1906557656.25,-35.91695
1906557812.5,-35.92264
1906557968.75,-35.91084
1906558125.0,-35.92337
1906558281.25,-35.91972
1906558437.5,-35.91592
1906558593.75,-35.9234
1906558750.0,-35.91188
1906558906.25,-35.9127
1906559062.5,-35.90786
1906559218.75,-35.90419
1906559375.0,-35.91448
1906559531.25,-35.91645
1906559687.5,-35.91725
1906559843.75,-35.91077
1906560000.0,-35.90866
1906560156.25,-35.91402
1906560312.5,-35.91194
1906560468.75,-35.90464
1906560625.0,-35.90438
1906560781.25,-35.90427
1906560937.5,-35.91632
1906561093.75,-35.90722
1906561250.0,-35.91606
1906561406.25,-35.90797
1906561562.5,-35.91059
1906561718.75,-35.91859
1906561875.0,-35.89452
1906562031.25,-35.90628
1906562187.5,-35.911
1906562343.75,-35.91617
1906562500.0,-35.91035
1906562656.25,-35.90555
1906562812.5,-35.91332
1906562968.75,-35.90576
1906563125.0,-35.90429
1906563281.25,-35.90666
1906563437.5,-35.9011
1906563593.75,-35.90242
1906563750.0,-35.9024
1906563906.25,-35.90471
1906564062.5,-35.90999
1906564218.75,-35.91261
1906564375.0,-35.90531
1906564531.25,-35.89124
1906564687.5,-35.89797
1906564843.75,-35.89638
1906565000.0,-35.90059
1906565156.25,-35.90232
1906565312.5,-35.90332
1906565468.75,-35.90654
1906565625.0,-35.89699
1906565781.25,-35.90393
1906565937.5,-35.89936
1906566093.75,-35.89579
1906566250.0,-35.88975
1906566406.25,-35.90112
1906566562.5,-35.89294
1906566718.75,-35.90262
1906566875.0,-35.89545
1906567031.25,-35.90306
1906567187.5,-35.8945
1906567343.75,-35.89004
1906567500.0,-35.89235
1906567656.25,-35.88865
1906567812.5,-35.8825
1906567968.75,-35.89393
1906568125.0,-35.89059
1906568281.25,-35.8984
1906568437.5,-35.89661
1906568593.75,-35.89216
1906568750.0,-35.89645
1906568906.25,-35.87893
1906569062.5,-35.88577
1906569218.75,-35.89073
1906569375.0,-35.89817
1906569531.25,-35.89548
1906569687.5,-35.87919
1906569843.75,-35.88716
1906570000.0,-35.88721
1906570156.25,-35.88029
1906570312.5,-35.88363
1906570468.75,-35.89404
1906570625.0,-35.87967
1906570781.25,-35.88161
1906570937.5,-35.88243
1906571093.75,-35.88472
1906571250.0,-35.87753
1906571406.25,-35.87706
1906571562.5,-35.8877
1906571718.75,-35.87282
1906571875.0,-35.87565
1906572031.25,-35.87659
1906572187.5,-35.86982
1906572343.75,-35.87885
1906572500.0,-35.88946
1906572656.25,-35.87769
1906572812.5,-35.8933
1906572968.75,-35.88123
1906573125.0,-35.87124
1906573281.25,-35.87405
1906573437.5,-35.87698
1906573593.75,-35.87503
1906573750.0,-35.88116
1906573906.25,-35.87542
1906574062.5,-35.87997
1906574218.75,-35.88811
1906574375.0,-35.87683
1906574531.25,-35.87738
1906574687.5,-35.87986
1906574843.75,-35.88015
1906575000.0,-35.87029
1906575156.25,-35.87577
1906575312.5,-35.87704
1906575468.75,-35.87447
1906575625.0,-35.86958
1906575781.25,-35.87562
1906575937.5,-35.87485
1906576093.75,-35.86726
1906576250.0,-35.86359
1906576406.25,-35.87051
1906576562.5,-35.87574
1906576718.75,-35.86744
1906576875.0,-35.86077
1906577031.25,-35.87322
1906577187.5,-35.87117
1906577343.75,-35.86806
1906577500.0,-35.8649
1906577656.25,-35.87074
1906577812.5,-35.86518
1906577968.75,-35.86142
1906578125.0,-35.87115
1906578281.25,-35.85799
1906578437.5,-35.86513
1906578593.75,-35.856
1906578750.0,-35.86422
1906578906.25,-35.85913
1906579062.5,-35.86434
1906579218.75,-35.86373
1906579375.0,-35.86986
1906579531.25,-35.86715
1906579687.5,-35.85603
1906579843.75,-35.86305
1906580000.0,-35.85921
1906580156.25,-35.86679
1906580312.5,-35.85189
1906580468.75,-35.87074
1906580625.0,-35.85172
1906580781.25,-35.86786
1906580937.5,-35.85619
1906581093.75,-35.85654
1906581250.0,-35.86056
1906581406.25,-35.85312
1906581562.5,-35.86312
1906581718.75,-35.85543
1906581875.0,-35.85675
1906582031.25,-35.85834
1906582187.5,-35.85535
1906582343.75,-35.85084
1906582500.0,-35.85142
1906582656.25,-35.8573
1906582812.5,-35.85264
1906582968.75,-35.85102
1906583125.0,-35.85926
1906583281.25,-35.85704
1906583437.5,-35.85555
1906583593.75,-35.85572
1906583750.0,-35.84602
1906583906.25,-35.85358
1906584062.5,-35.85786
1906584218.75,-35.85364
1906584375.0,-35.86107
1906584531.25,-35.85751
1906584687.5,-35.85651
1906584843.75,-35.85244
1906585000.0,-35.83898
1906585156.25,-35.84913
1906585312.5,-35.846
1906585468.75,-35.84698
1906585625.0,-35.83956
1906585781.25,-35.84788
1906585937.5,-35.85493
1906586093.75,-35.84426
1906586250.0,-35.84934
1906586406.25,-35.84859
1906586562.5,-35.84945
1906586718.75,-35.83577
1906586875.0,-35.85052
1906587031.25,-35.85162
1906587187.5,-35.84208
1906587343.75,-35.83234
1906587500.0,-35.84073
1906587656.25,-35.84433
1906587812.5,-35.84484
1906587968.75,-35.84233
1906588125.0,-35.83332
1906588281.25,-35.84105
1906588437.5,-35.83688
1906588593.75,-35.8418
1906588750.0,-35.84987
1906588906.25,-35.84171
1906589062.5,-35.83629
1906589218.75,-35.84773
1906589375.0,-35.84523
1906589531.25,-35.83138
1906589687.5,-35.83761
1906589843.75,-35.83887
1906590000.0,-35.83091
1906590156.25,-35.83241
1906590312.5,-35.84264
1906590468.75,-35.83362
1906590625.0,-35.82498
1906590781.25,-35.83509
1906590937.5,-35.84139
1906591093.75,-35.83537
1906591250.0,-35.8287
1906591406.25,-35.83073
1906591562.5,-35.8332
1906591718.75,-35.82567
1906591875.0,-35.82205
1906592031.25,-35.83274
1906592187.5,-35.82243
1906592343.75,-35.82627
1906592500.0,-35.82978
1906592656.25,-35.81975
1906592812.5,-35.82306
1906592968.75,-35.83183
1906593125.0,-35.82742
1906593281.25,-35.83237
1906593437.5,-35.83585
1906593593.75,-35.82209
1906593750.0,-35.82764
1906593906.25,-35.8276
1906594062.5,-35.83679
1906594218.75,-35.81934
1906594375.0,-35.83335
1906594531.25,-35.8296
1906594687.5,-35.8168
1906594843.75,-35.8252
1906595000.0,-35.83381
1906595156.25,-35.819
1906595312.5,-35.82382
1906595468.75,-35.82764
1906595625.0,-35.81699
1906595781.25,-35.82661
1906595937.5,-35.82461
1906596093.75,-35.81898
1906596250.0,-35.80898
1906596406.25,-35.82249
1906596562.5,-35.81767
1906596718.75,-35.81831
1906596875.0,-35.82325
1906597031.25,-35.82029
1906597187.5,-35.81143
1906597343.75,-35.81477
1906597500.0,-35.81518
1906597656.25,-35.81063
1906597812.5,-35.81231
1906597968.75,-35.81198
1906598125.0,-35.81355
1906598281.25,-35.80402
1906598437.5,-35.80391
1906598593.75,-35.81965
1906598750.0,-35.8152
1906598906.25,-35.81805
1906599062.5,-35.81739
1906599218.75,-35.8157
1906599375.0,-35.81826
1906599531.25,-35.81408
1906599687.5,-35.81084
1906599843.75,-35.80465
1906600000.0,-35.81065
1906600156.25,-35.81517
1906600312.5,-35.80966
1906600468.75,-35.81592
1906600625.0,-35.80984
1906600781.25,-35.81491
1906600937.5,-35.80261
1906601093.75,-35.82104
1906601250.0,-35.81047
1906601406.25,-35.80568
1906601562.5,-35.80704
1906601718.75,-35.81232
1906601875.0,-35.81702
1906602031.25,-35.8152
1906602187.5,-35.79458
1906602343.75,-35.80062
1906602500.0,-35.79945
1906602656.25,-35.80585
1906602812.5,-35.80073
1906602968.75,-35.80171
1906603125.0,-35.79562
1906603281.25,-35.79869
1906603437.5,-35.80092
1906603593.75,-35.80513
1906603750.0,-35.80021
1906603906.25,-35.80763
1906604062.5,-35.80761
1906604218.75,-35.79284
1906604375.0,-35.79572
1906604531.25,-35.80497
1906604687.5,-35.80475
1906604843.75,-35.79454
1906605000.0,-35.80283
1906605156.25,-35.79547
1906605312.5,-35.7998
1906605468.75,-35.80372
1906605625.0,-35.78967
1906605781.25,-35.78852
1906605937.5,-35.79754
1906606093.75,-35.79379
1906606250.0,-35.79087
1906606406.25,-35.79248
1906606562.5,-35.80301
1906606718.75,-35.78926
1906606875.0,-35.78828
1906607031.25,-35.78453
1906607187.5,-35.78693
1906607343.75,-35.79947
1906607500.0,-35.78625
1906607656.25,-35.78793
1906607812.5,-35.79255
1906607968.75,-35.78711
1906608125.0,-35.79684
1906608281.25,-35.78897
1906608437.5,-35.78937
1906608593.75,-35.78605
1906608750.0,-35.77598
1906608906.25,-35.78241
1906609062.5,-35.78889
1906609218.75,-35.78871
1906609375.0,-35.7871
1906609531.25,-35.79165
1906609687.5,-35.7874
1906609843.75,-35.78605
1906610000.0,-35.78788
1906610156.25,-35.78682
1906610312.5,-35.78357
1906610468.75,-35.79173
1906610625.0,-35.77764
1906610781.25,-35.78783
1906610937.5,-35.77416
1906611093.75,-35.78904
1906611250.0,-35.7828
1906611406.25,-35.7689
1906611562.5,-35.78983
1906611718.75,-35.77254
1906611875.0,-35.78991
1906612031.25,-35.77716
1906612187.5,-35.77814
1906612343.75,-35.78086
1906612500.0,-35.77053
1906612656.25,-35.77291
1906612812.5,-35.78633
1906612968.75,-35.77382
1906613125.0,-35.77758
1906613281.25,-35.77585
1906613437.5,-35.78156
1906613593.75,-35.7786
1906613750.0,-35.7754
1906613906.25,-35.77037
1906614062.5,-35.7793
1906614218.75,-35.77487
1906614375.0,-35.7843
1906614531.25,-35.7804
1906614687.5,-35.78106
1906614843.75,-35.78075
1906615000.0,-35.7752
1906615156.25,-35.7789
1906615312.5,-35.78068
1906615468.75,-35.77091
1906615625.0,-35.7709
1906615781.25,-35.77212
1906615937.5,-35.76668
1906616093.75,-35.77041
1906616250.0,-35.76359
1906616406.25,-35.77623
1906616562.5,-35.75937
1906616718.75,-35.76757
1906616875.0,-35.76517
1906617031.25,-35.76678
1906617187.5,-35.75918
1906617343.75,-35.76424
1906617500.0,-35.76638
1906617656.25,-35.76906
1906617812.5,-35.76976
1906617968.75,-35.76283
1906618125.0,-35.76957
1906618281.25,-35.76213
1906618437.5,-35.77319
1906618593.75,-35.7677
1906618750.0,-35.75878
1906618906.25,-35.75832
1906619062.5,-35.76585
1906619218.75,-35.75871
1906619375.0,-35.75618
1906619531.25,-35.75896
1906619687.5,-35.76472
1906619843.75,-35.7626
1906620000.0,-35.76094
1906620156.25,-35.75254
1906620312.5,-35.75657
1906620468.75,-35.76023
1906620625.0,-35.76231
1906620781.25,-35.75645
1906620937.5,-35.7494
1906621093.75,-35.76253
1906621250.0,-35.76064
1906621406.25,-35.76221
1906621562.5,-35.75792
1906621718.75,-35.76454
1906621875.0,-35.7516
1906622031.25,-35.75389
1906622187.5,-35.74849
1906622343.75,-35.74675
1906622500.0,-35.75663
1906622656.25,-35.74921
1906622812.5,-35.74538
1906622968.75,-35.74935
1906623125.0,-35.75103
1906623281.25,-35.7516
1906623437.5,-35.75189
1906623593.75,-35.76538
1906623750.0,-35.75525
1906623906.25,-35.75145
1906624062.5,-35.75682
1906624218.75,-35.75625
1906624375.0,-35.74937
1906624531.25,-35.75852
1906624687.5,-35.75383
1906624843.75,-35.74888
1906625000.0,-35.74837
1906625156.25,-35.73894
1906625312.5,-35.75406
1906625468.75,-35.74665
1906625625.0,-35.7488
1906625781.25,-35.74069
1906625937.5,-35.7523
1906626093.75,-35.74747
1906626250.0,-35.74725
1906626406.25,-35.75134
1906626562.5,-35.7526
1906626718.75,-35.74625
1906626875.0,-35.73912
1906627031.25,-35.74192
1906627187.5,-35.7461
1906627343.75,-35.74073
1906627500.0,-35.73811
1906627656.25,-35.73341
1906627812.5,-35.74159
1906627968.75,-35.73684
1906628125.0,-35.74544
1906628281.25,-35.73531
1906628437.5,-35.73963
1906628593.75,-35.74284
1906628750.0,-35.73597
1906628906.25,-35.74357
1906629062.5,-35.73919
1906629218.75,-35.73526
1906629375.0,-35.73103
1906629531.25,-35.7406
1906629687.5,-35.73561
1906629843.75,-35.73489
1906630000.0,-35.73426
1906630156.25,-35.73594
1906630312.5,-35.72718
1906630468.75,-35.72646
1906630625.0,-35.74061
1906630781.25,-35.73141
1906630937.5,-35.72334
1906631093.75,-35.73052
1906631250.0,-35.73251
1906631406.25,-35.72731
1906631562.5,-35.72827
1906631718.75,-35.73524
1906631875.0,-35.73149
1906632031.25,-35.73085
1906632187.5,-35.73198
1906632343.75,-35.72311
1906632500.0,-35.73113
1906632656.25,-35.73082
1906632812.5,-35.72276
1906632968.75,-35.72341
1906633125.0,-35.72564
1906633281.25,-35.72463
1906633437.5,-35.72637
1906633593.75,-35.72169
1906633750.0,-35.72693
1906633906.25,-35.71973
1906634062.5,-35.71647
1906634218.75,-35.72655
1906634375.0,-35.72583
1906634531.25,-35.73062
1906634687.5,-35.71615
1906634843.75,-35.71981
1906635000.0,-35.71975
1906635156.25,-35.72781
1906635312.5,-35.72395
1906635468.75,-35.72119
1906635625.0,-35.72858
1906635781.25,-35.71455
1906635937.5,-35.71425
1906636093.75,-35.71801
1906636250.0,-35.72721
1906636406.25,-35.71927
1906636562.5,-35.71373
1906636718.75,-35.71688
1906636875.0,-35.7089
1906637031.25,-35.71519
1906637187.5,-35.72076
1906637343.75,-35.71976
1906637500.0,-35.71904
1906637656.25,-35.711
1906637812.5,-35.7221
1906637968.75,-35.71407
1906638125.0,-35.72449
1906638281.25,-35.71744
1906638437.5,-35.71378
1906638593.75,-35.71371
1906638750.0,-35.7078
1906638906.25,-35.71799
1906639062.5,-35.71985
1906639218.75,-35.7123
1906639375.0,-35.7125
1906639531.25,-35.71121
1906639687.5,-35.71884
1906639843.75,-35.71352
1906640000.0,-35.70867
1906640156.25,-35.70919
1906640312.5,-35.7099
1906640468.75,-35.71297
1906640625.0,-35.70985
1906640781.25,-35.70713
1906640937.5,-35.69865
1906641093.75,-35.71281
1906641250.0,-35.70841
1906641406.25,-35.70235
1906641562.5,-35.70379
1906641718.75,-35.70703
1906641875.0,-35.70794
1906642031.25,-35.70753
1906642187.5,-35.71128
1906642343.75,-35.69681
1906642500.0,-35.70264
1906642656.25,-35.70672
1906642812.5,-35.70635
1906642968.75,-35.70708
1906643125.0,-35.70792
1906643281.25,-35.70464
1906643437.5,-35.69721
1906643593.75,-35.69661
1906643750.0,-35.69775
1906643906.25,-35.6951
1906644062.5,-35.70635
1906644218.75,-35.69721
1906644375.0,-35.70136
1906644531.25,-35.70066
1906644687.5,-35.70156
1906644843.75,-35.69803
1906645000.0,-35.69795
1906645156.25,-35.70586
1906645312.5,-35.69876
1906645468.75,-35.69374
1906645625.0,-35.698
1906645781.25,-35.68628
1906645937.5,-35.69843
1906646093.75,-35.69404
1906646250.0,-35.69368
1906646406.25,-35.68756
1906646562.5,-35.69566
1906646718.75,-35.69019
1906646875.0,-35.68975
1906647031.25,-35.6937
1906647187.5,-35.69036
1906647343.75,-35.68764
1906647500.0,-35.69264
1906647656.25,-35.68977
1906647812.5,-35.68195
1906647968.75,-35.69016
1906648125.0,-35.69009
1906648281.25,-35.68756
1906648437.5,-35.68835
1906648593.75,-35.68756
1906648750.0,-35.70499
1906648906.25,-35.6923
1906649062.5,-35.69314
1906649218.75,-35.68966
1906649375.0,-35.68907
1906649531.25,-35.68723
1906649687.5,-35.67825
1906649843.75,-35.68905
1906650000.0,-35.68554
1906650156.25,-35.66975
1906650312.5,-35.68684
1906650468.75,-35.68355
1906650625.0,-35.67839
1906650781.25,-35.67907
1906650937.5,-35.67955
1906651093.75,-35.67236
1906651250.0,-35.68322
1906651406.25,-35.67469
1906651562.5,-35.68105
1906651718.75,-35.67605
1906651875.0,-35.68103
1906652031.25,-35.67135
1906652187.5,-35.67386
1906652343.75,-35.67976
1906652500.0,-35.67662
1906652656.25,-35.67543
1906652812.5,-35.6761
1906652968.75,-35.67917
1906653125.0,-35.67925
1906653281.25,-35.68538
1906653437.5,-35.68194
1906653593.75,-35.66875
1906653750.0,-35.68238
1906653906.25,-35.67441
1906654062.5,-35.6762
1906654218.75,-35.68171
1906654375.0,-35.65976
1906654531.25,-35.67535
1906654687.5,-35.67326
1906654843.75,-35.66829
1906655000.0,-35.67051
1906655156.25,-35.6798
1906655312.5,-35.67107
1906655468.75,-35.67414
1906655625.0,-35.66861
1906655781.25,-35.66811
1906655937.5,-35.66294
1906656093.75,-35.65927
1906656250.0,-35.67171
1906656406.25,-35.67249
1906656562.5,-35.66458
1906656718.75,-35.66506
1906656875.0,-35.66534
1906657031.25,-35.66586
1906657187.5,-35.65804
1906657343.75,-35.66236
1906657500.0,-35.66521
1906657656.25,-35.67521
1906657812.5,-35.64965
1906657968.75,-35.66824
1906658125.0,-35.66253
1906658281.25,-35.66276
1906658437.5,-35.66605
1906658593.75,-35.65847
1906658750.0,-35.66227
1906658906.25,-35.66166
1906659062.5,-35.659
1906659218.75,-35.66111
1906659375.0,-35.65102
1906659531.25,-35.65913
1906659687.5,-35.66233
1906659843.75,-35.6591
1906660000.0,-35.65428
1906660156.25,-35.66062
1906660312.5,-35.65648
1906660468.75,-35.66463
1906660625.0,-35.65578
1906660781.25,-35.64953
1906660937.5,-35.6516
1906661093.75,-35.65911
1906661250.0,-35.63988
1906661406.25,-35.65466
1906661562.5,-35.64786
1906661718.75,-35.65424
1906661875.0,-35.66367
1906662031.25,-35.65484
1906662187.5,-35.65164
1906662343.75,-35.6459
1906662500.0,-35.664
1906662656.25,-35.64915
1906662812.5,-35.65008
1906662968.75,-35.65756
1906663125.0,-35.65635
1906663281.25,-35.64897
1906663437.5,-35.6602
1906663593.75,-35.65366
1906663750.0,-35.64687
1906663906.25,-35.64975
1906664062.5,-35.64801
1906664218.75,-35.6483
1906664375.0,-35.64392
1906664531.25,-35.64646
1906664687.5,-35.65213
1906664843.75,-35.64124
1906665000.0,-35.64556
1906665156.25,-35.65069
1906665312.5,-35.64702
1906665468.75,-35.65334
1906665625.0,-35.63739
1906665781.25,-35.64558
1906665937.5,-35.6379
1906666093.75,-35.63675
1906666250.0,-35.64661
1906666406.25,-35.64001
1906666562.5,-35.65277
1906666718.75,-35.63697
1906666875.0,-35.65018
1906667031.25,-35.63654
1906667187.5,-35.63006
1906667343.75,-35.63491
1906667500.0,-35.62856
1906667656.25,-35.64042
1906667812.5,-35.64075
1906667968.75,-35.63619
1906668125.0,-35.64235
1906668281.25,-35.63964
1906668437.5,-35.6376
1906668593.75,-35.63547
1906668750.0,-35.6394
1906668906.25,-35.62952
1906669062.5,-35.63494
1906669218.75,-35.63555
1906669375.0,-35.63498
1906669531.25,-35.63231
1906669687.5,-35.63567
1906669843.75,-35.63725
1906670000.0,-35.6195
1906670156.25,-35.63961
1906670312.5,-35.6332
1906670468.75,-35.62292
1906670625.0,-35.61213
1906670781.25,-35.63221
1906670937.5,-35.63249
1906671093.75,-35.62538
1906671250.0,-35.63823
1906671406.25,-35.62613
1906671562.5,-35.62228
1906671718.75,-35.62651
1906671875.0,-35.63099
1906672031.25,-35.62382
1906672187.5,-35.61835
1906672343.75,-35.62173
1906672500.0,-35.62458
1906672656.25,-35.63459
1906672812.5,-35.62296
1906672968.75,-35.62293
1906673125.0,-35.62176
1906673281.25,-35.63158
1906673437.5,-35.62795
1906673593.75,-35.62202
1906673750.0,-35.62319
1906673906.25,-35.61947
1906674062.5,-35.63039
1906674218.75,-35.62243
1906674375.0,-35.62002
1906674531.25,-35.61726
1906674687.5,-35.62328
1906674843.75,-35.62336
1906675000.0,-35.61905
1906675156.25,-35.62248
1906675312.5,-35.61936
1906675468.75,-35.62148
1906675625.0,-35.61842
1906675781.25,-35.60881
1906675937.5,-35.61238
1906676093.75,-35.62354
1906676250.0,-35.62269
1906676406.25,-35.60847
1906676562.5,-35.61841
1906676718.75,-35.60899
1906676875.0,-35.61366
1906677031.25,-35.60854
1906677187.5,-35.60454
1906677343.75,-35.61562
1906677500.0,-35.61702
1906677656.25,-35.60681
1906677812.5,-35.6184
1906677968.75,-35.61269
1906678125.0,-35.6022
1906678281.25,-35.60666
1906678437.5,-35.60893
1906678593.75,-35.6114
1906678750.0,-35.60681
1906678906.25,-35.60373
1906679062.5,-35.60826
1906679218.75,-35.61447
1906679375.0,-35.60571
1906679531.25,-35.60973
1906679687.5,-35.60974
1906679843.75,-35.61528
1906680000.0,-35.61095
1906680156.25,-35.61247
1906680312.5,-35.60761
1906680468.75,-35.61084
1906680625.0,-35.60122
1906680781.25,-35.59556
1906680937.5,-35.6054
1906681093.75,-35.60378
1906681250.0,-35.60433
1906681406.25,-35.60238
1906681562.5,-35.60017
1906681718.75,-35.60716
1906681875.0,-35.6006
1906682031.25,-35.59928
1906682187.5,-35.60646
1906682343.75,-35.59852
1906682500.0,-35.60846
1906682656.25,-35.598
1906682812.5,-35.60275
1906682968.75,-35.5956
1906683125.0,-35.59185
1906683281.25,-35.60442
1906683437.5,-35.59129
1906683593.75,-35.60261
1906683750.0,-35.59426
1906683906.25,-35.59518
1906684062.5,-35.59528
1906684218.75,-35.59008
1906684375.0,-35.58863
1906684531.25,-35.58965
1906684687.5,-35.59925
1906684843.75,-35.59198
1906685000.0,-35.60363
1906685156.25,-35.59929
1906685312.5,-35.58966
1906685468.75,-35.58729
1906685625.0,-35.59263
1906685781.25,-35.58521
1906685937.5,-35.58921
1906686093.75,-35.58204
1906686250.0,-35.58754
1906686406.25,-35.59051
1906686562.5,-35.58425
1906686718.75,-35.58673
1906686875.0,-35.58923
1906687031.25,-35.5859
1906687187.5,-35.58345
1906687343.75,-35.58707
1906687500.0,-35.58847
1906687656.25,-35.58781
1906687812.5,-35.57949
1906687968.75,-35.5798
1906688125.0,-35.59426
1906688281.25,-35.58338
1906688437.5,-35.58178
1906688593.75,-35.58005
1906688750.0,-35.57995
1906688906.25,-35.58683
1906689062.5,-35.58508
1906689218.75,-35.56976
1906689375.0,-35.58117
1906689531.25,-35.58491
1906689687.5,-35.57587
1906689843.75,-35.57776
1906690000.0,-35.58307
1906690156.25,-35.57967
1906690312.5,-35.57462
1906690468.75,-35.56985
1906690625.0,-35.58278
1906690781.25,-35.57802
1906690937.5,-35.58209
1906691093.75,-35.57377
1906691250.0,-35.57244
1906691406.25,-35.58324
1906691562.5,-35.5843
1906691718.75,-35.57946
1906691875.0,-35.57176
1906692031.25,-35.57495
1906692187.5,-35.56792
1906692343.75,-35.56978
1906692500.0,-35.57248
1906692656.25,-35.56645
1906692812.5,-35.57536
1906692968.75,-35.57878
1906693125.0,-35.56842
1906693281.25,-35.5658
1906693437.5,-35.5721
1906693593.75,-35.5699
1906693750.0,-35.56881
1906693906.25,-35.5683
1906694062.5,-35.56995
1906694218.75,-35.56762
1906694375.0,-35.57492
1906694531.25,-35.57357
1906694687.5,-35.56411
1906694843.75,-35.56034
1906695000.0,-35.56101
1906695156.25,-35.56735
1906695312.5,-35.56227
1906695468.75,-35.56266
1906695625.0,-35.56292
1906695781.25,-35.56252
1906695937.5,-35.5702
1906696093.75,-35.55368
1906696250.0,-35.57053
1906696406.25,-35.56376
1906696562.5,-35.56004
1906696718.75,-35.56073
1906696875.0,-35.55919
1906697031.25,-35.56847
1906697187.5,-35.55618
1906697343.75,-35.56131
1906697500.0,-35.56304
1906697656.25,-35.55508
1906697812.5,-35.56193
1906697968.75,-35.55611
1906698125.0,-35.56404
1906698281.25,-35.55612
1906698437.5,-35.55336
1906698593.75,-35.56015
1906698750.0,-35.56397
1906698906.25,-35.56028
1906699062.5,-35.56066
1906699218.75,-35.55714
1906699375.0,-35.55325
1906699531.25,-35.55165
1906699687.5,-35.55353
1906699843.75,-35.55286
1906700000.0,-35.55221
1906700156.25,-35.55347
1906700312.5,-35.55774
1906700468.75,-35.54491
1906700625.0,-35.55193
1906700781.25,-35.5444
1906700937.5,-35.55667
1906701093.75,-35.55244
1906701250.0,-35.54963
1906701406.25,-35.55383
1906701562.5,-35.54312
1906701718.75,-35.54269
1906701875.0,-35.54774
1906702031.25,-35.55584
1906702187.5,-35.54776
1906702343.75,-35.54332
1906702500.0,-35.54774
1906702656.25,-35.54494
1906702812.5,-35.55333
1906702968.75,-35.54343
1906703125.0,-35.54153
1906703281.25,-35.55012
1906703437.5,-35.54992
1906703593.75,-35.53755
1906703750.0,-35.54631
1906703906.25,-35.53977
1906704062.5,-35.53738
1906704218.75,-35.54524
1906704375.0,-35.54688
1906704531.25,-35.53821
1906704687.5,-35.53938
1906704843.75,-35.5355
1906705000.0,-35.53531
1906705156.25,-35.53645
1906705312.5,-35.54153
1906705468.75,-35.52996
1906705625.0,-35.53761
1906705781.25,-35.54472
1906705937.5,-35.53936
1906706093.75,-35.55591
1906706250.0,-35.54086
1906706406.25,-35.53711
1906706562.5,-35.54017
1906706718.75,-35.53781
1906706875.0,-35.53751
1906707031.25,-35.54065
1906707187.5,-35.53563
1906707343.75,-35.52623
1906707500.0,-35.53718
1906707656.25,-35.53059
1906707812.5,-35.5278
1906707968.75,-35.53616
1906708125.0,-35.53867
1906708281.25,-35.53115
1906708437.5,-35.52467
1906708593.75,-35.53313
1906708750.0,-35.52999
1906708906.25,-35.52818
1906709062.5,-35.52618
1906709218.75,-35.52554
1906709375.0,-35.5265
1906709531.25,-35.52803
1906709687.5,-35.52611
1906709843.75,-35.52856
1906710000.0,-35.53281
1906710156.25,-35.52589
1906710312.5,-35.51903
1906710468.75,-35.50979
1906710625.0,-35.51966
1906710781.25,-35.53272
1906710937.5,-35.52068
1906711093.75,-35.52009
1906711250.0,-35.53168
1906711406.25,-35.51852
1906711562.5,-35.5298
1906711718.75,-35.52832
1906711875.0,-35.52779
1906712031.25,-35.52781
1906712187.5,-35.51657
1906712343.75,-35.52691
1906712500.0,-35.52067
1906712656.25,-35.5279
1906712812.5,-35.5173
1906712968.75,-35.51355
1906713125.0,-35.51866
1906713281.25,-35.51619
1906713437.5,-35.52492
1906713593.75,-35.51063
1906713750.0,-35.51247
1906713906.25,-35.5246
1906714062.5,-35.51674
1906714218.75,-35.51849
1906714375.0,-35.52006
1906714531.25,-35.52452
1906714687.5,-35.51628
1906714843.75,-35.5128
1906715000.0,-35.51051
1906715156.25,-35.51312
1906715312.5,-35.51738
1906715468.75,-35.51181
1906715625.0,-35.50665
1906715781.25,-35.50713
1906715937.5,-35.51435
1906716093.75,-35.50935
1906716250.0,-35.51045
1906716406.25,-35.50611
1906716562.5,-35.5093
1906716718.75,-35.5097
1906716875.0,-35.51615
1906717031.25,-35.5171
1906717187.5,-35.50354
1906717343.75,-35.50206
1906717500.0,-35.5191
1906717656.25,-35.50878
1906717812.5,-35.50919
1906717968.75,-35.49971
1906718125.0,-35.50221
1906718281.25,-35.49776
1906718437.5,-35.50895
1906718593.75,-35.51346
1906718750.0,-35.49765
1906718906.25,-35.50615
1906719062.5,-35.49826
1906719218.75,-35.49625
1906719375.0,-35.50182
1906719531.25,-35.49929
1906719687.5,-35.49757
1906719843.75,-35.49364
1906720000.0,-35.50565
1906720156.25,-35.50982
1906720312.5,-35.50027
1906720468.75,-35.4983
1906720625.0,-35.49934
1906720781.25,-35.50338
1906720937.5,-35.49793
1906721093.75,-35.50191
1906721250.0,-35.49804
1906721406.25,-35.4882
1906721562.5,-35.49853
1906721718.75,-35.50158
1906721875.0,-35.49973
1906722031.25,-35.49577
1906722187.5,-35.49173
1906722343.75,-35.49368
1906722500.0,-35.48835
1906722656.25,-35.50415
1906722812.5,-35.48344
1906722968.75,-35.48888
1906723125.0,-35.49644
1906723281.25,-35.49002
1906723437.5,-35.49457
1906723593.75,-35.49152
1906723750.0,-35.49809
1906723906.25,-35.48999
1906724062.5,-35.48848
1906724218.75,-35.48573
1906724375.0,-35.49027
1906724531.25,-35.48929
1906724687.5,-35.48915
1906724843.75,-35.48816
1906725000.0,-35.49716
1906725156.25,-35.49051
1906725312.5,-35.49017
1906725468.75,-35.49162
1906725625.0,-35.48413
1906725781.25,-35.49646
1906725937.5,-35.48836
1906726093.75,-35.48438
1906726250.0,-35.48449
1906726406.25,-35.47244
1906726562.5,-35.48195
1906726718.75,-35.47993
1906726875.0,-35.48585
1906727031.25,-35.48554
1906727187.5,-35.4788
1906727343.75,-35.48344
1906727500.0,-35.48697
1906727656.25,-35.48201
1906727812.5,-35.48038
1906727968.75,-35.4761
1906728125.0,-35.47992
1906728281.25,-35.47799
1906728437.5,-35.47903
1906728593.75,-35.47696
1906728750.0,-35.4865
1906728906.25,-35.48224
1906729062.5,-35.47848
1906729218.75,-35.47486
1906729375.0,-35.48104
1906729531.25,-35.47567
1906729687.5,-35.47931
1906729843.75,-35.47122
1906730000.0,-35.47866
1906730156.25,-35.48308
1906730312.5,-35.48359
1906730468.75,-35.48318
1906730625.0,-35.47097
1906730781.25,-35.47532
1906730937.5,-35.47816
1906731093.75,-35.46053
1906731250.0,-35.47528
1906731406.25,-35.47512
1906731562.5,-35.45692
1906731718.75,-35.46578
1906731875.0,-35.47196
1906732031.25,-35.47488
1906732187.5,-35.46733
1906732343.75,-35.46335
1906732500.0,-35.46299
1906732656.25,-35.47183
1906732812.5,-35.4668
1906732968.75,-35.47073
1906733125.0,-35.47529
1906733281.25,-35.46912
1906733437.5,-35.46262
1906733593.75,-35.4599
1906733750.0,-35.45877
1906733906.25,-35.46422
1906734062.5,-35.46082
1906734218.75,-35.46017
1906734375.0,-35.46531
1906734531.25,-35.46622
1906734687.5,-35.46696
1906734843.75,-35.46742
1906735000.0,-35.46265
1906735156.25,-35.46224
1906735312.5,-35.45981
1906735468.75,-35.46733
1906735625.0,-35.45913
1906735781.25,-35.4574
1906735937.5,-35.45635
1906736093.75,-35.46099
1906736250.0,-35.46841
1906736406.25,-35.45656
1906736562.5,-35.45261
1906736718.75,-35.46036
1906736875.0,-35.45425
1906737031.25,-35.46053
1906737187.5,-35.44669
1906737343.75,-35.45101
1906737500.0,-35.45294
1906737656.25,-35.45437
1906737812.5,-35.45786
1906737968.75,-35.45404
1906738125.0,-35.44242
1906738281.25,-35.4498
1906738437.5,-35.45325
1906738593.75,-35.44388
1906738750.0,-35.44226
1906738906.25,-35.45369
1906739062.5,-35.45583
1906739218.75,-35.45239
1906739375.0,-35.45354
1906739531.25,-35.45257
1906739687.5,-35.44717
1906739843.75,-35.4497
1906740000.0,-35.4484
1906740156.25,-35.44492
1906740312.5,-35.44269
1906740468.75,-35.43646
1906740625.0,-35.44987
1906740781.25,-35.4462
1906740937.5,-35.44534
1906741093.75,-35.45133
1906741250.0,-35.44996
1906741406.25,-35.44041
1906741562.5,-35.43623
1906741718.75,-35.44283
1906741875.0,-35.446
1906742031.25,-35.43255
1906742187.5,-35.43958
1906742343.75,-35.44298
1906742500.0,-35.43203
1906742656.25,-35.43438
1906742812.5,-35.44736
1906742968.75,-35.44364
1906743125.0,-35.4315
1906743281.25,-35.44015
1906743437.5,-35.44868
1906743593.75,-35.44444
1906743750.0,-35.44561
1906743906.25,-35.4354
1906744062.5,-35.44235
1906744218.75,-35.44005
1906744375.0,-35.43538
1906744531.25,-35.4406
1906744687.5,-35.43687
1906744843.75,-35.44363
1906745000.0,-35.42962
1906745156.25,-35.43699
1906745312.5,-35.43399
1906745468.75,-35.4311
1906745625.0,-35.43055
1906745781.25,-35.4258
1906745937.5,-35.43821
1906746093.75,-35.43157
1906746250.0,-35.43092
1906746406.25,-35.44012
1906746562.5,-35.43392
1906746718.75,-35.43491
1906746875.0,-35.4172
1906747031.25,-35.42398
1906747187.5,-35.42611
1906747343.75,-35.43649
1906747500.0,-35.43476
1906747656.25,-35.42857
1906747812.5,-35.4298
1906747968.75,-35.42849
1906748125.0,-35.41987
1906748281.25,-35.42695
1906748437.5,-35.42438
1906748593.75,-35.42765
1906748750.0,-35.4323
1906748906.25,-35.42286
1906749062.5,-35.42632
1906749218.75,-35.41661
1906749375.0,-35.42207
1906749531.25,-35.42958
1906749687.5,-35.41113
1906749843.75,-35.4266
1906750000.0,-35.425
1906750156.25,-35.4188
1906750312.5,-35.41561
1906750468.75,-35.42477
1906750625.0,-35.41891
1906750781.25,-35.42485
1906750937.5,-35.41307
1906751093.75,-35.42543
1906751250.0,-35.41046
1906751406.25,-35.42696
1906751562.5,-35.41755
1906751718.75,-35.42615
1906751875.0,-35.41218
1906752031.25,-35.42678
1906752187.5,-35.40704
1906752343.75,-35.41882
1906752500.0,-35.40957
1906752656.25,-35.42087
1906752812.5,-35.41933
1906752968.75,-35.41747
1906753125.0,-35.40461
1906753281.25,-35.4097
1906753437.5,-35.40342
1906753593.75,-35.4146
1906753750.0,-35.40925
1906753906.25,-35.40734
1906754062.5,-35.41433
1906754218.75,-35.40336
1906754375.0,-35.40641
1906754531.25,-35.40701
1906754687.5,-35.41758
1906754843.75,-35.40141
1906755000.0,-35.4077
1906755156.25,-35.40578
1906755312.5,-35.40162
1906755468.75,-35.41467
1906755625.0,-35.40039
1906755781.25,-35.40732
1906755937.5,-35.40907
1906756093.75,-35.40364
1906756250.0,-35.40618
1906756406.25,-35.40976
1906756562.5,-35.40474
1906756718.75,-35.40857
1906756875.0,-35.39898
1906757031.25,-35.40992
1906757187.5,-35.39545
1906757343.75,-35.40764
1906757500.0,-35.40764
1906757656.25,-35.39268
1906757812.5,-35.39597
1906757968.75,-35.40277
1906758125.0,-35.40364
1906758281.25,-35.40839
1906758437.5,-35.39716
1906758593.75,-35.39276
1906758750.0,-35.40055
1906758906.25,-35.39401
1906759062.5,-35.39761
1906759218.75,-35.39773
1906759375.0,-35.38976
1906759531.25,-35.39274
1906759687.5,-35.38911
1906759843.75,-35.39426
1906760000.0,-35.38739
1906760156.25,-35.3841
1906760312.5,-35.3856
1906760468.75,-35.39114
1906760625.0,-35.39007
1906760781.25,-35.38797
1906760937.5,-35.38511
1906761093.75,-35.39278
1906761250.0,-35.39316
1906761406.25,-35.39682
1906761562.5,-35.39189
1906761718.75,-35.38578
1906761875.0,-35.39038
1906762031.25,-35.39408
1906762187.5,-35.39654
1906762343.75,-35.38728
1906762500.0,-35.38963
1906762656.25,-35.39252
1906762812.5,-35.39328
1906762968.75,-35.38784
1906763125.0,-35.38263
1906763281.25,-35.39387
1906763437.5,-35.38752
1906763593.75,-35.39229
1906763750.0,-35.38755
1906763906.25,-35.38575
1906764062.5,-35.38507
1906764218.75,-35.39128
1906764375.0,-35.37516
1906764531.25,-35.37149
1906764687.5,-35.38366
1906764843.75,-35.38651
1906765000.0,-35.38197
1906765156.25,-35.37374
1906765312.5,-35.37545
1906765468.75,-35.38213
1906765625.0,-35.38671
1906765781.25,-35.38207
1906765937.5,-35.37992
1906766093.75,-35.37738
1906766250.0,-35.38541
1906766406.25,-35.37703
1906766562.5,-35.38538
1906766718.75,-35.3749
1906766875.0,-35.38757
1906767031.25,-35.38253
1906767187.5,-35.36553
1906767343.75,-35.38108
1906767500.0,-35.37608
1906767656.25,-35.38401
1906767812.5,-35.38165
1906767968.75,-35.37187
1906768125.0,-35.36445
1906768281.25,-35.37242
1906768437.5,-35.37369
1906768593.75,-35.36921
1906768750.0,-35.37988
1906768906.25,-35.36494
1906769062.5,-35.37798
1906769218.75,-35.39169
1906769375.0,-35.36742
1906769531.25,-35.35899
1906769687.5,-35.37273
1906769843.75,-35.36597
1906770000.0,-35.37878
1906770156.25,-35.35603
1906770312.5,-35.36478
1906770468.75,-35.36941
1906770625.0,-35.36845
1906770781.25,-35.35978
1906770937.5,-35.3737
1906771093.75,-35.36686
1906771250.0,-35.36394
1906771406.25,-35.36312
1906771562.5,-35.37558
1906771718.75,-35.36842
1906771875.0,-35.36267
1906772031.25,-35.36889
1906772187.5,-35.36145
1906772343.75,-35.37223
1906772500.0,-35.36572
1906772656.25,-35.36612
1906772812.5,-35.37617
1906772968.75,-35.36053
1906773125.0,-35.36222
1906773281.25,-35.35723
1906773437.5,-35.36134
1906773593.75,-35.35941
1906773750.0,-35.35685
1906773906.25,-35.35987
1906774062.5,-35.3543
1906774218.75,-35.34987
1906774375.0,-35.36467
1906774531.25,-35.36419
1906774687.5,-35.34906
1906774843.75,-35.36341
1906775000.0,-35.35851
1906775156.25,-35.35086
1906775312.5,-35.35535
1906775468.75,-35.35258
1906775625.0,-35.35247
1906775781.25,-35.34182
1906775937.5,-35.35273
1906776093.75,-35.3571
1906776250.0,-35.34391
1906776406.25,-35.34063
1906776562.5,-35.3526
1906776718.75,-35.35238
1906776875.0,-35.33601
1906777031.25,-35.34903
1906777187.5,-35.3473
1906777343.75,-35.3466
1906777500.0,-35.35115
1906777656.25,-35.34829
1906777812.5,-35.34182
1906777968.75,-35.35203
1906778125.0,-35.34355
1906778281.25,-35.35362
1906778437.5,-35.33696
1906778593.75,-35.34375
1906778750.0,-35.35748
1906778906.25,-35.35233
1906779062.5,-35.33966
1906779218.75,-35.34882
1906779375.0,-35.35103
1906779531.25,-35.32971
1906779687.5,-35.33898
1906779843.75,-35.34324
1906780000.0,-35.34161
1906780156.25,-35.33664
1906780312.5,-35.33702
1906780468.75,-35.33873
1906780625.0,-35.34098
1906780781.25,-35.33321
1906780937.5,-35.34247
1906781093.75,-35.33948
1906781250.0,-35.34191
1906781406.25,-35.33602
1906781562.5,-35.33931
1906781718.75,-35.33381
1906781875.0,-35.33304
1906782031.25,-35.33448
1906782187.5,-35.33727
1906782343.75,-35.33969
1906782500.0,-35.34145
1906782656.25,-35.33861
1906782812.5,-35.33304
1906782968.75,-35.33081
1906783125.0,-35.33602
1906783281.25,-35.33013
1906783437.5,-35.32572
1906783593.75,-35.33302
1906783750.0,-35.338
1906783906.25,-35.32609
1906784062.5,-35.33092
1906784218.75,-35.33207
1906784375.0,-35.33421
1906784531.25,-35.3265
1906784687.5,-35.33073
1906784843.75,-35.33301
1906785000.0,-35.32695
1906785156.25,-35.31874
1906785312.5,-35.32405
1906785468.75,-35.33499
1906785625.0,-35.33746
1906785781.25,-35.32244
1906785937.5,-35.33472
1906786093.75,-35.32497
1906786250.0,-35.32556
1906786406.25,-35.32591
1906786562.5,-35.3237
1906786718.75,-35.32598
1906786875.0,-35.318
1906787031.25,-35.32317
1906787187.5,-35.3224
1906787343.75,-35.32357
1906787500.0,-35.32236
1906787656.25,-35.32458
1906787812.5,-35.31862
1906787968.75,-35.3188
1906788125.0,-35.31847
1906788281.25,-35.32507
1906788437.5,-35.32019
1906788593.75,-35.31973
1906788750.0,-35.32755
1906788906.25,-35.31664
1906789062.5,-35.31954
1906789218.75,-35.32262
1906789375.0,-35.31473
1906789531.25,-35.31615
1906789687.5,-35.30926
1906789843.75,-35.31964
1906790000.0,-35.31052
1906790156.25,-35.31253
1906790312.5,-35.31002
1906790468.75,-35.31176
1906790625.0,-35.32121
1906790781.25,-35.30165
1906790937.5,-35.32024
1906791093.75,-35.3143
1906791250.0,-35.31758
1906791406.25,-35.3057
1906791562.5,-35.30466
1906791718.75,-35.30466
1906791875.0,-35.31895
1906792031.25,-35.31326
1906792187.5,-35.30982
1906792343.75,-35.31246
1906792500.0,-35.31472
1906792656.25,-35.30991
1906792812.5,-35.30398
1906792968.75,-35.30745
1906793125.0,-35.30331
1906793281.25,-35.29759
1906793437.5,-35.30251
1906793593.75,-35.30801
1906793750.0,-35.30357
1906793906.25,-35.30516
1906794062.5,-35.30282
1906794218.75,-35.30721
1906794375.0,-35.29975
1906794531.25,-35.29934
1906794687.5,-35.30602
1906794843.75,-35.31091
1906795000.0,-35.30391
1906795156.25,-35.30303
1906795312.5,-35.30919
1906795468.75,-35.29453
1906795625.0,-35.29584
1906795781.25,-35.28667
1906795937.5,-35.30728
1906796093.75,-35.29953
1906796250.0,-35.29776
1906796406.25,-35.30174
1906796562.5,-35.28839
1906796718.75,-35.29943
1906796875.0,-35.29229
1906797031.25,-35.29974
1906797187.5,-35.29469
1906797343.75,-35.29794
1906797500.0,-35.2913
1906797656.25,-35.29179
1906797812.5,-35.28862
1906797968.75,-35.29892
1906798125.0,-35.29913
1906798281.25,-35.28872
1906798437.5,-35.28278
1906798593.75,-35.28964
1906798750.0,-35.28857
1906798906.25,-35.28945
1906799062.5,-35.28822
1906799218.75,-35.29483
1906799375.0,-35.29482
1906799531.25,-35.28609
1906799687.5,-35.29804
1906799843.75,-35.28219
1906800000.0,-35.28574
1906800156.25,-35.2879
1906800312.5,-35.28939
1906800468.75,-35.28994
1906800625.0,-35.28635
1906800781.25,-35.2929
1906800937.5,-35.28939
1906801093.75,-35.29626
1906801250.0,-35.27998
1906801406.25,-35.28792
1906801562.5,-35.29078
1906801718.75,-35.29173
1906801875.0,-35.27792
1906802031.25,-35.28141
1906802187.5,-35.27935
1906802343.75,-35.27841
1906802500.0,-35.28424
1906802656.25,-35.27942
1906802812.5,-35.28063
1906802968.75,-35.28376
1906803125.0,-35.27853
1906803281.25,-35.283
1906803437.5,-35.2827
1906803593.75,-35.27909
1906803750.0,-35.28881
1906803906.25,-35.2804
1906804062.5,-35.27928
1906804218.75,-35.27382
1906804375.0,-35.28703
1906804531.25,-35.27598
1906804687.5,-35.27328
1906804843.75,-35.27943
1906805000.0,-35.27714
1906805156.25,-35.26587
1906805312.5,-35.26888
1906805468.75,-35.27852
1906805625.0,-35.26629
1906805781.25,-35.27563
1906805937.5,-35.27771
1906806093.75,-35.27622
1906806250.0,-35.26431
1906806406.25,-35.26771
1906806562.5,-35.28027
1906806718.75,-35.28056
1906806875.0,-35.26062
1906807031.25,-35.26484
1906807187.5,-35.2723
1906807343.75,-35.25743
1906807500.0,-35.27588
1906807656.25,-35.269
1906807812.5,-35.27986
1906807968.75,-35.26094
1906808125.0,-35.25664
1906808281.25,-35.25866
1906808437.5,-35.26794
1906808593.75,-35.26149
1906808750.0,-35.26414
1906808906.25,-35.26863
1906809062.5,-35.25944
1906809218.75,-35.26694
1906809375.0,-35.26979
1906809531.25,-35.26484
1906809687.5,-35.26384
1906809843.75,-35.26589
1906810000.0,-35.26028
1906810156.25,-35.26328
1906810312.5,-35.26344
1906810468.75,-35.26484
1906810625.0,-35.25838
1906810781.25,-35.25978
1906810937.5,-35.25654
1906811093.75,-35.24932
1906811250.0,-35.2566
1906811406.25,-35.26737
1906811562.5,-35.25817
1906811718.75,-35.25998
1906811875.0,-35.24604
1906812031.25,-35.25356
1906812187.5,-35.25716
1906812343.75,-35.25026
1906812500.0,-35.25146
1906812656.25,-35.25351
1906812812.5,-35.26213
1906812968.75,-35.24686
1906813125.0,-35.25396
1906813281.25,-35.25171
1906813437.5,-35.2578
1906813593.75,-35.24879
1906813750.0,-35.24778
1906813906.25,-35.24689
1906814062.5,-35.25027
1906814218.75,-35.25131
1906814375.0,-35.25921
1906814531.25,-35.24934
1906814687.5,-35.24802
1906814843.75,-35.25225
1906815000.0,-35.24338
1906815156.25,-35.2406
1906815312.5,-35.24636
1906815468.75,-35.25293
1906815625.0,-35.24303
1906815781.25,-35.24719
1906815937.5,-35.24897
1906816093.75,-35.24823
1906816250.0,-35.25492
1906816406.25,-35.24582
1906816562.5,-35.24453
1906816718.75,-35.24816
1906816875.0,-35.24289
1906817031.25,-35.24189
1906817187.5,-35.2337
1906817343.75,-35.23612
1906817500.0,-35.24847
1906817656.25,-35.24391
1906817812.5,-35.23664
1906817968.75,-35.24245
1906818125.0,-35.24739
1906818281.25,-35.24492
1906818437.5,-35.24138
1906818593.75,-35.23716
1906818750.0,-35.24593
1906818906.25,-35.24493
1906819062.5,-35.23257
1906819218.75,-35.23514
1906819375.0,-35.23719
1906819531.25,-35.23068
1906819687.5,-35.24056
1906819843.75,-35.23456
1906820000.0,-35.23884
1906820156.25,-35.24697
1906820312.5,-35.23189
1906820468.75,-35.23879
1906820625.0,-35.22884
1906820781.25,-35.23348
1906820937.5,-35.23451
1906821093.75,-35.23631
1906821250.0,-35.23267
1906821406.25,-35.22449
1906821562.5,-35.22942
1906821718.75,-35.23895
1906821875.0,-35.22934
1906822031.25,-35.2288
1906822187.5,-35.22916
1906822343.75,-35.22404
1906822500.0,-35.226
1906822656.25,-35.22655
1906822812.5,-35.23306
1906822968.75,-35.22833
1906823125.0,-35.22831
1906823281.25,-35.22942
1906823437.5,-35.22971
1906823593.75,-35.22525
1906823750.0,-35.21939
1906823906.25,-35.22165
1906824062.5,-35.22795
1906824218.75,-35.2246
1906824375.0,-35.22705
1906824531.25,-35.21725
1906824687.5,-35.22088
1906824843.75,-35.22363
1906825000.0,-35.22566
1906825156.25,-35.214
1906825312.5,-35.21759
1906825468.75,-35.21698
1906825625.0,-35.21543
1906825781.25,-35.20665
1906825937.5,-35.21415
1906826093.75,-35.22266
1906826250.0,-35.22051
1906826406.25,-35.21347
1906826562.5,-35.22886
1906826718.75,-35.21722
1906826875.0,-35.21814
1906827031.25,-35.21191
1906827187.5,-35.2207
1906827343.75,-35.20099
1906827500.0,-35.21796
1906827656.25,-35.21247
1906827812.5,-35.21899
1906827968.75,-35.21197
1906828125.0,-35.21238
1906828281.25,-35.20811
1906828437.5,-35.21954
1906828593.75,-35.2177
1906828750.0,-35.20517
1906828906.25,-35.21452
1906829062.5,-35.20769
1906829218.75,-35.21539
1906829375.0,-35.20578
1906829531.25,-35.21005
1906829687.5,-35.21303
1906829843.75,-35.2183
1906830000.0,-35.20208
1906830156.25,-35.21228
1906830312.5,-35.21291
1906830468.75,-35.20736
1906830625.0,-35.20556
1906830781.25,-35.19987
1906830937.5,-35.2033
1906831093.75,-35.21021
1906831250.0,-35.19864
1906831406.25,-35.20884
1906831562.5,-35.19759
1906831718.75,-35.20572
1906831875.0,-35.20618
1906832031.25,-35.20409
1906832187.5,-35.19864
1906832343.75,-35.20363
1906832500.0,-35.20426
1906832656.25,-35.2016
1906832812.5,-35.19868
1906832968.75,-35.21022
1906833125.0,-35.1965
1906833281.25,-35.20979
1906833437.5,-35.19505
1906833593.75,-35.20818
1906833750.0,-35.20028
1906833906.25,-35.1907
1906834062.5,-35.18967
1906834218.75,-35.20573
1906834375.0,-35.19148
1906834531.25,-35.19996
1906834687.5,-35.19387
1906834843.75,-35.20288
1906835000.0,-35.18821
1906835156.25,-35.18558
1906835312.5,-35.18983
1906835468.75,-35.19795
1906835625.0,-35.19346
1906835781.25,-35.18449
1906835937.5,-35.18693
1906836093.75,-35.18782
1906836250.0,-35.18847
1906836406.25,-35.1853
1906836562.5,-35.17868
1906836718.75,-35.19574
1906836875.0,-35.18806
1906837031.25,-35.18054
1906837187.5,-35.18726
1906837343.75,-35.19085
1906837500.0,-35.18473
1906837656.25,-35.18873
1906837812.5,-35.19107
1906837968.75,-35.18143
1906838125.0,-35.19225
1906838281.25,-35.18903
1906838437.5,-35.17256
1906838593.75,-35.17368
1906838750.0,-35.18698
1906838906.25,-35.18112
1906839062.5,-35.18902
1906839218.75,-35.19501
1906839375.0,-35.18467
1906839531.25,-35.17049
1906839687.5,-35.17445
1906839843.75,-35.17728
1906840000.0,-35.17181
1906840156.25,-35.17846
1906840312.5,-35.17426
1906840468.75,-35.17623
1906840625.0,-35.18039
1906840781.25,-35.17871
1906840937.5,-35.18006
1906841093.75,-35.18378
1906841250.0,-35.17689
1906841406.25,-35.17813
1906841562.5,-35.18031
1906841718.75,-35.17381
1906841875.0,-35.18105
1906842031.25,-35.17093
1906842187.5,-35.16208
1906842343.75,-35.17337
1906842500.0,-35.16763
1906842656.25,-35.17701
1906842812.5,-35.17633
1906842968.75,-35.18203
1906843125.0,-35.17035
1906843281.25,-35.1673
1906843437.5,-35.16522
1906843593.75,-35.15963
1906843750.0,-35.17407
1906843906.25,-35.1696
1906844062.5,-35.17353
1906844218.75,-35.16425
1906844375.0,-35.17005
1906844531.25,-35.16273
1906844687.5,-35.161
1906844843.75,-35.17065
1906845000.0,-35.16608
1906845156.25,-35.17856
1906845312.5,-35.16859
1906845468.75,-35.16119
1906845625.0,-35.15929
1906845781.25,-35.1624
1906845937.5,-35.16093
1906846093.75,-35.1695
1906846250.0,-35.15748
1906846406.25,-35.1617
1906846562.5,-35.16552
1906846718.75,-35.15703
1906846875.0,-35.16544
1906847031.25,-35.16682
1906847187.5,-35.16101
1906847343.75,-35.16403
1906847500.0,-35.16118
1906847656.25,-35.14664
1906847812.5,-35.15749
1906847968.75,-35.15738
1906848125.0,-35.15808
1906848281.25,-35.15337
1906848437.5,-35.16136
1906848593.75,-35.15426
1906848750.0,-35.15548
1906848906.25,-35.15682
1906849062.5,-35.15464
1906849218.75,-35.14766
1906849375.0,-35.14899
1906849531.25,-35.15701
1906849687.5,-35.15275
1906849843.75,-35.15942
1906850000.0,-35.14808
1906850156.25,-35.15824
1906850312.5,-35.14743
1906850468.75,-35.15988
1906850625.0,-35.15753
1906850781.25,-35.15187
1906850937.5,-35.14839
1906851093.75,-35.13967
1906851250.0,-35.14427
1906851406.25,-35.14754
1906851562.5,-35.14572
1906851718.75,-35.15253
1906851875.0,-35.13638
1906852031.25,-35.15633
1906852187.5,-35.14529
1906852343.75,-35.14754
1906852500.0,-35.14762
1906852656.25,-35.1398
1906852812.5,-35.14695
1906852968.75,-35.14731
1906853125.0,-35.14201
1906853281.25,-35.14834
1906853437.5,-35.1481
1906853593.75,-35.14475
1906853750.0,-35.14558
1906853906.25,-35.13594
1906854062.5,-35.13333
1906854218.75,-35.15472
1906854375.0,-35.14096
1906854531.25,-35.14561
1906854687.5,-35.14611
1906854843.75,-35.1379
1906855000.0,-35.13664
1906855156.25,-35.13927
1906855312.5,-35.13082
1906855468.75,-35.14268
1906855625.0,-35.14283
1906855781.25,-35.13912
1906855937.5,-35.13322
1906856093.75,-35.13566
1906856250.0,-35.13494
1906856406.25,-35.14026
1906856562.5,-35.13551
1906856718.75,-35.13922
1906856875.0,-35.13191
1906857031.25,-35.12934
1906857187.5,-35.14436
1906857343.75,-35.13255
1906857500.0,-35.14135
1906857656.25,-35.13487
1906857812.5,-35.13348
1906857968.75,-35.13445
1906858125.0,-35.13363
1906858281.25,-35.13522
1906858437.5,-35.12699
1906858593.75,-35.13165
1906858750.0,-35.12857
1906858906.25,-35.14023
1906859062.5,-35.13081
1906859218.75,-35.13294
1906859375.0,-35.12502
1906859531.25,-35.12089
1906859687.5,-35.12191
1906859843.75,-35.11937
1906860000.0,-35.12311
1906860156.25,-35.1283
1906860312.5,-35.1321
1906860468.75,-35.12588
1906860625.0,-35.12686
1906860781.25,-35.11592
1906860937.5,-35.12907
1906861093.75,-35.11467
1906861250.0,-35.11424
1906861406.25,-35.12125
1906861562.5,-35.11623
1906861718.75,-35.12153
1906861875.0,-35.12541
1906862031.25,-35.12786
1906862187.5,-35.10916
1906862343.75,-35.12117
1906862500.0,-35.12471
1906862656.25,-35.11827
1906862812.5,-35.12143
1906862968.75,-35.11877
1906863125.0,-35.11306
1906863281.25,-35.12077
1906863437.5,-35.11786
1906863593.75,-35.11532
1906863750.0,-35.11689
1906863906.25,-35.1204
1906864062.5,-35.1119
1906864218.75,-35.11375
1906864375.0,-35.11235
1906864531.25,-35.10629
1906864687.5,-35.11279
1906864843.75,-35.10477
1906865000.0,-35.11054
1906865156.25,-35.11081
1906865312.5,-35.10432
1906865468.75,-35.10475
1906865625.0,-35.10398
1906865781.25,-35.10706
1906865937.5,-35.11983
1906866093.75,-35.10577
1906866250.0,-35.10748
1906866406.25,-35.10468
1906866562.5,-35.1053
1906866718.75,-35.10803
1906866875.0,-35.10288
1906867031.25,-35.09075
1906867187.5,-35.10193
1906867343.75,-35.10178
1906867500.0,-35.09899
1906867656.25,-35.10702
1906867812.5,-35.10733
1906867968.75,-35.10461
1906868125.0,-35.10367
1906868281.25,-35.09852
1906868437.5,-35.10377
1906868593.75,-35.10395
1906868750.0,-35.10291
1906868906.25,-35.10198
1906869062.5,-35.10641
1906869218.75,-35.09671
1906869375.0,-35.09049
1906869531.25,-35.1055
1906869687.5,-35.09449
1906869843.75,-35.09929
1906870000.0,-35.09583
1906870156.25,-35.09336
1906870312.5,-35.09057
1906870468.75,-35.09544
1906870625.0,-35.09159
1906870781.25,-35.08745
1906870937.5,-35.08544
1906871093.75,-35.09494
1906871250.0,-35.09422
1906871406.25,-35.09758
1906871562.5,-35.09377
1906871718.75,-35.09742
1906871875.0,-35.09735
1906872031.25,-35.10338
1906872187.5,-35.09958
1906872343.75,-35.09454
1906872500.0,-35.09367
1906872656.25,-35.0927
1906872812.5,-35.08823
1906872968.75,-35.09154
1906873125.0,-35.07543
1906873281.25,-35.09393
1906873437.5,-35.09201
1906873593.75,-35.0901
1906873750.0,-35.08462
1906873906.25,-35.09302
1906874062.5,-35.08893
1906874218.75,-35.08399
1906874375.0,-35.08819
1906874531.25,-35.08964
1906874687.5,-35.08545
1906874843.75,-35.09276
1906875000.0,-35.08477
1906875156.25,-35.08194
1906875312.5,-35.08765
1906875468.75,-35.08853
1906875625.0,-35.08125
1906875781.25,-35.08609
1906875937.5,-35.08334
1906876093.75,-35.07419
1906876250.0,-35.08652
1906876406.25,-35.07741
1906876562.5,-35.07508
1906876718.75,-35.07465
1906876875.0,-35.08136
1906877031.25,-35.07975
1906877187.5,-35.07729
1906877343.75,-35.08097
1906877500.0,-35.07307
1906877656.25,-35.07694
1906877812.5,-35.07898
1906877968.75,-35.08017
1906878125.0,-35.07462
1906878281.25,-35.07097
1906878437.5,-35.08367
1906878593.75,-35.07552
1906878750.0,-35.07541
1906878906.25,-35.07208
1906879062.5,-35.07486
1906879218.75,-35.07128
1906879375.0,-35.07052
1906879531.25,-35.08064
1906879687.5,-35.07695
1906879843.75,-35.07221
1906880000.0,-35.07176
1906880156.25,-35.07829
1906880312.5,-35.07678
1906880468.75,-35.06668
1906880625.0,-35.06643
1906880781.25,-35.06765
1906880937.5,-35.07476
1906881093.75,-35.06693
1906881250.0,-35.06749
1906881406.25,-35.06997
1906881562.5,-35.07251
1906881718.75,-35.05848
1906881875.0,-35.06737
1906882031.25,-35.07561
1906882187.5,-35.05832
1906882343.75,-35.05572
1906882500.0,-35.06091
1906882656.25,-35.05785
1906882812.5,-35.05301
1906882968.75,-35.06187
1906883125.0,-35.06755
1906883281.25,-35.06694
1906883437.5,-35.06848
1906883593.75,-35.05059
1906883750.0,-35.06415
1906883906.25,-35.06264
1906884062.5,-35.05874
1906884218.75,-35.0466
1906884375.0,-35.06657
1906884531.25,-35.0675
1906884687.5,-35.05901
1906884843.75,-35.05048
1906885000.0,-35.04903
1906885156.25,-35.05725
1906885312.5,-35.05838
1906885468.75,-35.05833
1906885625.0,-35.05312
1906885781.25,-35.05955
1906885937.5,-35.05241
1906886093.75,-35.05357
1906886250.0,-35.04931
1906886406.25,-35.04921
1906886562.5,-35.05103
1906886718.75,-35.05019
1906886875.0,-35.04802
1906887031.25,-35.0489
1906887187.5,-35.04911
1906887343.75,-35.05292
1906887500.0,-35.05581
1906887656.25,-35.05034
1906887812.5,-35.04609
1906887968.75,-35.05383
1906888125.0,-35.05799
1906888281.25,-35.04991
1906888437.5,-35.05117
1906888593.75,-35.04532
1906888750.0,-35.04381
1906888906.25,-35.04379
1906889062.5,-35.04824
1906889218.75,-35.04319
1906889375.0,-35.03366
1906889531.25,-35.03894
1906889687.5,-35.04699
1906889843.75,-35.04207
1906890000.0,-35.04654
1906890156.25,-35.04331
1906890312.5,-35.03284
1906890468.75,-35.04167
1906890625.0,-35.0406
1906890781.25,-35.03786
1906890937.5,-35.0408
1906891093.75,-35.03861
1906891250.0,-35.04099
1906891406.25,-35.04066
1906891562.5,-35.04991
1906891718.75,-35.04342
1906891875.0,-35.04266
1906892031.25,-35.04207
1906892187.5,-35.04128
1906892343.75,-35.0351
1906892500.0,-35.03318
1906892656.25,-35.03159
1906892812.5,-35.03191
1906892968.75,-35.03185
1906893125.0,-35.03408
1906893281.25,-35.02712
1906893437.5,-35.03354
1906893593.75,-35.0409
1906893750.0,-35.03543
1906893906.25,-35.03403
1906894062.5,-35.02982
1906894218.75,-35.03279
1906894375.0,-35.03567
1906894531.25,-35.0279
1906894687.5,-35.03493
1906894843.75,-35.02596
1906895000.0,-35.02697
1906895156.25,-35.0298
1906895312.5,-35.03928
1906895468.75,-35.02474
1906895625.0,-35.02058
1906895781.25,-35.02969
1906895937.5,-35.02734
1906896093.75,-35.02005
1906896250.0,-35.02654
1906896406.25,-35.02864
1906896562.5,-35.02003
1906896718.75,-35.02446
1906896875.0,-35.0189
1906897031.25,-35.01657
1906897187.5,-35.03271
1906897343.75,-35.0329
1906897500.0,-35.0248
1906897656.25,-35.02991
1906897812.5,-35.02098
1906897968.75,-35.03038
1906898125.0,-35.02788
1906898281.25,-35.02263
1906898437.5,-35.01201
1906898593.75,-35.01871
1906898750.0,-35.02052
1906898906.25,-35.02509
1906899062.5,-35.01955
1906899218.75,-35.01561
1906899375.0,-35.01965
1906899531.25,-35.01464
1906899687.5,-35.00885
1906899843.75,-35.01622
1906900000.0,-35.01427
1906900156.25,-35.01504
1906900312.5,-35.01528
1906900468.75,-35.01682
1906900625.0,-35.00914
1906900781.25,-35.01055
1906900937.5,-35.02007
1906901093.75,-35.01017
1906901250.0,-35.00802
1906901406.25,-35.00833
1906901562.5,-35.00851
1906901718.75,-35.00874
1906901875.0,-35.01527
1906902031.25,-35.01392
1906902187.5,-35.00166
1906902343.75,-35.01369
1906902500.0,-35.00205
1906902656.25,-35.00574
1906902812.5,-35.01844
1906902968.75,-35.00892
1906903125.0,-35.00994
1906903281.25,-34.99978
1906903437.5,-35.0095
1906903593.75,-35.0089
1906903750.0,-35.0056
1906903906.25,-35.0058
1906904062.5,-35.0122
1906904218.75,-35.00729
1906904375.0,-34.99986
1906904531.25,-35.00129
1906904687.5,-35.00317
1906904843.75,-35.00388
1906905000.0,-35.01014
1906905156.25,-35.00093
1906905312.5,-34.99887
1906905468.75,-35.0124
1906905625.0,-35.00007
1906905781.25,-34.99912
1906905937.5,-35.01179
1906906093.75,-34.99907
1906906250.0,-34.99912
1906906406.25,-34.99331
1906906562.5,-34.99318
1906906718.75,-34.99791
1906906875.0,-34.99264
1906907031.25,-35.00203
1906907187.5,-34.98815
1906907343.75,-34.9997
1906907500.0,-34.99979
1906907656.25,-34.98637
1906907812.5,-34.99143
1906907968.75,-34.98945
1906908125.0,-34.99485
1906908281.25,-34.99749
1906908437.5,-34.98151
1906908593.75,-34.98554
1906908750.0,-34.99636
1906908906.25,-34.99733
1906909062.5,-34.99693
1906909218.75,-35.00237
1906909375.0,-34.99213
1906909531.25,-34.98886
1906909687.5,-34.97785
1906909843.75,-34.99118
1906910000.0,-34.99414
1906910156.25,-34.98711
1906910312.5,-34.98715
1906910468.75,-34.97877
1906910625.0,-34.98626
1906910781.25,-34.97692
1906910937.5,-34.99551
1906911093.75,-34.98439
1906911250.0,-34.98503
1906911406.25,-34.98401
1906911562.5,-34.98326
1906911718.75,-34.9814
1906911875.0,-34.98102
1906912031.25,-34.98531
1906912187.5,-34.97321
1906912343.75,-34.97652
1906912500.0,-34.97786
1906912656.25,-34.98582
1906912812.5,-34.97449
1906912968.75,-34.97516
1906913125.0,-34.97599
1906913281.25,-34.98665
1906913437.5,-34.97985
1906913593.75,-34.97594
1906913750.0,-34.9824
1906913906.25,-34.9786
1906914062.5,-34.97189
1906914218.75,-34.96548
1906914375.0,-34.97321
1906914531.25,-34.98398
1906914687.5,-34.96844
1906914843.75,-34.97157
1906915000.0,-34.97588
1906915156.25,-34.9812
1906915312.5,-34.97718
1906915468.75,-34.96211
1906915625.0,-34.9717
1906915781.25,-34.97161
1906915937.5,-34.97652
1906916093.75,-34.9716
1906916250.0,-34.9761
1906916406.25,-34.96538
1906916562.5,-34.96392
1906916718.75,-34.96657
1906916875.0,-34.96618
1906917031.25,-34.96312
1906917187.5,-34.96373
1906917343.75,-34.96594
1906917500.0,-34.97038
1906917656.25,-34.96694
1906917812.5,-34.96859
1906917968.75,-34.95865
1906918125.0,-34.96511
1906918281.25,-34.9586
1906918437.5,-34.96514
1906918593.75,-34.96799
1906918750.0,-34.9632
1906918906.25,-34.96048
1906919062.5,-34.96795
1906919218.75,-34.94905
1906919375.0,-34.96953
1906919531.25,-34.96826
1906919687.5,-34.9669
1906919843.75,-34.96683
1906920000.0,-34.95889
1906920156.25,-34.95795
1906920312.5,-34.95309
1906920468.75,-34.95681
1906920625.0,-34.95759
1906920781.25,-34.95772
1906920937.5,-34.96022
1906921093.75,-34.95993
1906921250.0,-34.95296
1906921406.25,-34.95687
1906921562.5,-34.95922
1906921718.75,-34.95595
1906921875.0,-34.95853
1906922031.25,-34.95189
1906922187.5,-34.94838
1906922343.75,-34.95359
1906922500.0,-34.94904
1906922656.25,-34.93779
1906922812.5,-34.95287
1906922968.75,-34.95208
1906923125.0,-34.94545
1906923281.25,-34.9499
1906923437.5,-34.9425
1906923593.75,-34.95381
1906923750.0,-34.94577
1906923906.25,-34.94503
1906924062.5,-34.93827
1906924218.75,-34.94335
1906924375.0,-34.949
1906924531.25,-34.94598
1906924687.5,-34.94726
1906924843.75,-34.94693
1906925000.0,-34.94927
1906925156.25,-34.9557
1906925312.5,-34.94
1906925468.75,-34.93548
1906925625.0,-34.94056
1906925781.25,-34.94043
1906925937.5,-34.93539
1906926093.75,-34.94205
1906926250.0,-34.94413
1906926406.25,-34.93289
1906926562.5,-34.93736
1906926718.75,-34.93932
1906926875.0,-34.94891
1906927031.25,-34.93524
1906927187.5,-34.9417
1906927343.75,-34.93671
1906927500.0,-34.93462
1906927656.25,-34.9414
1906927812.5,-34.9315
1906927968.75,-34.92719
1906928125.0,-34.92838
1906928281.25,-34.94023
1906928437.5,-34.93312
1906928593.75,-34.92563
1906928750.0,-34.92889
1906928906.25,-34.9377
1906929062.5,-34.93311
1906929218.75,-34.92259
1906929375.0,-34.93179
1906929531.25,-34.93296
1906929687.5,-34.93097
1906929843.75,-34.93071
1906930000.0,-34.927
1906930156.25,-34.92845
1906930312.5,-34.92834
1906930468.75,-34.92991
1906930625.0,-34.92305
1906930781.25,-34.92315
1906930937.5,-34.92607
1906931093.75,-34.93387
1906931250.0,-34.92274
1906931406.25,-34.93299
1906931562.5,-34.91917
1906931718.75,-34.92571
1906931875.0,-34.92002
1906932031.25,-34.92545
1906932187.5,-34.92421
1906932343.75,-34.92341
1906932500.0,-34.92857
1906932656.25,-34.92981
1906932812.5,-34.92469
1906932968.75,-34.92168
1906933125.0,-34.90899
1906933281.25,-34.92288
1906933437.5,-34.92868
1906933593.75,-34.91895
1906933750.0,-34.92464
1906933906.25,-34.9216
1906934062.5,-34.91654
1906934218.75,-34.91693
1906934375.0,-34.91611
1906934531.25,-34.92155
1906934687.5,-34.91332
1906934843.75,-34.91719
1906935000.0,-34.91929
1906935156.25,-34.91561
1906935312.5,-34.91777
1906935468.75,-34.91609
1906935625.0,-34.9223
1906935781.25,-34.90536
1906935937.5,-34.91125
1906936093.75,-34.91667
1906936250.0,-34.9152
1906936406.25,-34.90949
1906936562.5,-34.91697
1906936718.75,-34.91062
1906936875.0,-34.91538
1906937031.25,-34.90809
1906937187.5,-34.90672
1906937343.75,-34.90771
1906937500.0,-34.91394
1906937656.25,-34.9057
1906937812.5,-34.91467
1906937968.75,-34.90693
1906938125.0,-34.91216
1906938281.25,-34.90524
1906938437.5,-34.90912
1906938593.75,-34.9102
1906938750.0,-34.90806
1906938906.25,-34.90913
1906939062.5,-34.90614
1906939218.75,-34.89621
1906939375.0,-34.90168
1906939531.25,-34.90527
1906939687.5,-34.90559
1906939843.75,-34.89896
1906940000.0,-34.90932
1906940156.25,-34.90084
1906940312.5,-34.91219
1906940468.75,-34.90454
1906940625.0,-34.8985
1906940781.25,-34.9032
1906940937.5,-34.90507
1906941093.75,-34.90018
1906941250.0,-34.90771
1906941406.25,-34.90017
1906941562.5,-34.90283
1906941718.75,-34.88565
1906941875.0,-34.89462
1906942031.25,-34.89704
1906942187.5,-34.89068
1906942343.75,-34.89635
1906942500.0,-34.89846
1906942656.25,-34.89422
1906942812.5,-34.88916
1906942968.75,-34.89412
1906943125.0,-34.89923
1906943281.25,-34.89547
1906943437.5,-34.88914
1906943593.75,-34.88697
1906943750.0,-34.89069
1906943906.25,-34.88195
1906944062.5,-34.89584
1906944218.75,-34.89
1906944375.0,-34.89684
1906944531.25,-34.88776
1906944687.5,-34.89996
1906944843.75,-34.89432
1906945000.0,-34.88972
1906945156.25,-34.88282
1906945312.5,-34.88886
1906945468.75,-34.87917
1906945625.0,-34.88325
1906945781.25,-34.88442
1906945937.5,-34.89893
1906946093.75,-34.89017
1906946250.0,-34.88772
1906946406.25,-34.88017
1906946562.5,-34.88651
1906946718.75,-34.88395
1906946875.0,-34.87619
1906947031.25,-34.88922
1906947187.5,-34.88153
1906947343.75,-34.87764
1906947500.0,-34.87568
1906947656.25,-34.87691
1906947812.5,-34.87941
1906947968.75,-34.88427
1906948125.0,-34.87811
1906948281.25,-34.87769
1906948437.5,-34.88259
1906948593.75,-34.87983
1906948750.0,-34.87629
1906948906.25,-34.88258
1906949062.5,-34.88145
1906949218.75,-34.87766
1906949375.0,-34.87014
1906949531.25,-34.88545
1906949687.5,-34.87669
1906949843.75,-34.87757
1906950000.0,-34.87839
1906950156.25,-34.87175
1906950312.5,-34.87376
1906950468.75,-34.8819
1906950625.0,-34.86756
1906950781.25,-34.88031
1906950937.5,-34.86932
1906951093.75,-34.87369
1906951250.0,-34.87449
1906951406.25,-34.87458
1906951562.5,-34.86427
1906951718.75,-34.87493
1906951875.0,-34.86426
1906952031.25,-34.88393
1906952187.5,-34.8632
1906952343.75,-34.86222
1906952500.0,-34.86447
1906952656.25,-34.86488
1906952812.5,-34.87242
1906952968.75,-34.86588
1906953125.0,-34.85503
1906953281.25,-34.86751
1906953437.5,-34.87432
1906953593.75,-34.8589
1906953750.0,-34.86152
1906953906.25,-34.86253
1906954062.5,-34.86846
1906954218.75,-34.86351
1906954375.0,-34.85958
1906954531.25,-34.86454
1906954687.5,-34.8628
1906954843.75,-34.86097
1906955000.0,-34.85944
1906955156.25,-34.85812
1906955312.5,-34.859
1906955468.75,-34.85831
1906955625.0,-34.85474
1906955781.25,-34.86559
1906955937.5,-34.8641
1906956093.75,-34.86286
1906956250.0,-34.86219
1906956406.25,-34.85394
1906956562.5,-34.86212
1906956718.75,-34.85611
1906956875.0,-34.85326
1906957031.25,-34.85431
1906957187.5,-34.85914
1906957343.75,-34.85024
1906957500.0,-34.85389
1906957656.25,-34.8455
1906957812.5,-34.85775
1906957968.75,-34.85482
1906958125.0,-34.8478
1906958281.25,-34.84997
1906958437.5,-34.85254
1906958593.75,-34.85323
1906958750.0,-34.85286
1906958906.25,-34.84446
1906959062.5,-34.85027
1906959218.75,-34.84926
1906959375.0,-34.85744
1906959531.25,-34.85055
1906959687.5,-34.84168
1906959843.75,-34.85397
1906960000.0,-34.84454
1906960156.25,-34.84962
1906960312.5,-34.84365
1906960468.75,-34.85277
1906960625.0,-34.84273
1906960781.25,-34.83393
1906960937.5,-34.84812
1906961093.75,-34.84031
1906961250.0,-34.84347
1906961406.25,-34.83556
1906961562.5,-34.8404
1906961718.75,-34.8393
1906961875.0,-34.84268
1906962031.25,-34.84121
1906962187.5,-34.83775
1906962343.75,-34.84166
1906962500.0,-34.8347
1906962656.25,-34.83901
1906962812.5,-34.84304
1906962968.75,-34.83903
1906963125.0,-34.83762
1906963281.25,-34.84863
1906963437.5,-34.83731
1906963593.75,-34.83939
1906963750.0,-34.83032
1906963906.25,-34.83168
1906964062.5,-34.83097
1906964218.75,-34.83654
1906964375.0,-34.82896
1906964531.25,-34.83083
1906964687.5,-34.8414
1906964843.75,-34.82955
1906965000.0,-34.83105
1906965156.25,-34.83297
1906965312.5,-34.82966
1906965468.75,-34.82963
1906965625.0,-34.82373
1906965781.25,-34.83576
1906965937.5,-34.83296
1906966093.75,-34.83387
1906966250.0,-34.82208
1906966406.25,-34.8313
1906966562.5,-34.82824
1906966718.75,-34.82584
1906966875.0,-34.82499
1906967031.25,-34.82366
1906967187.5,-34.82514
1906967343.75,-34.82964
1906967500.0,-34.82643
1906967656.25,-34.83012
1906967812.5,-34.82671
1906967968.75,-34.82858
1906968125.0,-34.82725
1906968281.25,-34.82066
1906968437.5,-34.82309
1906968593.75,-34.81915
1906968750.0,-34.81771
1906968906.25,-34.81118
1906969062.5,-34.82196
1906969218.75,-34.82553
1906969375.0,-34.82345
1906969531.25,-34.81914
1906969687.5,-34.82624
1906969843.75,-34.82309
1906970000.0,-34.82441
1906970156.25,-34.82335
1906970312.5,-34.81952
1906970468.75,-34.82082
1906970625.0,-34.81861
1906970781.25,-34.81998
1906970937.5,-34.81411
1906971093.75,-34.81457
1906971250.0,-34.81124
1906971406.25,-34.80915
1906971562.5,-34.81703
1906971718.75,-34.81065
1906971875.0,-34.81196
1906972031.25,-34.80806
1906972187.5,-34.8156
1906972343.75,-34.81062
1906972500.0,-34.81393
1906972656.25,-34.80892
1906972812.5,-34.81609
1906972968.75,-34.81295
1906973125.0,-34.81311
1906973281.25,-34.79968
1906973437.5,-34.80858
1906973593.75,-34.80066
1906973750.0,-34.80829
1906973906.25,-34.80777
1906974062.5,-34.80713
1906974218.75,-34.81081
1906974375.0,-34.80766
1906974531.25,-34.80285
1906974687.5,-34.80353
1906974843.75,-34.8069
1906975000.0,-34.8093
1906975156.25,-34.80598
1906975312.5,-34.80421
1906975468.75,-34.79868
1906975625.0,-34.80797
1906975781.25,-34.79534
1906975937.5,-34.79588
1906976093.75,-34.79619
1906976250.0,-34.79143
1906976406.25,-34.79987
1906976562.5,-34.79662
1906976718.75,-34.8022
1906976875.0,-34.80525
1906977031.25,-34.79606
1906977187.5,-34.79332
1906977343.75,-34.79194
1906977500.0,-34.79657
1906977656.25,-34.79698
1906977812.5,-34.79547
1906977968.75,-34.79731
1906978125.0,-34.80304
1906978281.25,-34.80031
1906978437.5,-34.79447
1906978593.75,-34.79243
1906978750.0,-34.78695
1906978906.25,-34.79608
1906979062.5,-34.78364
1906979218.75,-34.79696
1906979375.0,-34.78902
1906979531.25,-34.7893
1906979687.5,-34.79107
1906979843.75,-34.79317
1906980000.0,-34.78568
1906980156.25,-34.78379
1906980312.5,-34.79117
1906980468.75,-34.79395
1906980625.0,-34.78812
1906980781.25,-34.78504
1906980937.5,-34.78551
1906981093.75,-34.79506
1906981250.0,-34.78724
1906981406.25,-34.78352
1906981562.5,-34.78872
1906981718.75,-34.79586
1906981875.0,-34.78468
1906982031.25,-34.77862
1906982187.5,-34.79214
1906982343.75,-34.77681
1906982500.0,-34.78163
1906982656.25,-34.78313
1906982812.5,-34.78559
1906982968.75,-34.78881
1906983125.0,-34.78274
1906983281.25,-34.7851
1906983437.5,-34.77892
1906983593.75,-34.7791
1906983750.0,-34.77597
1906983906.25,-34.78261
1906984062.5,-34.77727
1906984218.75,-34.7724
1906984375.0,-34.77684
1906984531.25,-34.77631
1906984687.5,-34.77915
1906984843.75,-34.78545
1906985000.0,-34.77655
1906985156.25,-34.77931
1906985312.5,-34.77915
1906985468.75,-34.77329
1906985625.0,-34.7693
1906985781.25,-34.77305
1906985937.5,-34.77181
1906986093.75,-34.77451
1906986250.0,-34.76258
1906986406.25,-34.77087
1906986562.5,-34.78003
1906986718.75,-34.76873
1906986875.0,-34.77366
1906987031.25,-34.76802
1906987187.5,-34.76555
1906987343.75,-34.77874
1906987500.0,-34.77651
1906987656.25,-34.7714
1906987812.5,-34.7689
1906987968.75,-34.75103
1906988125.0,-34.76386
1906988281.25,-34.77081
1906988437.5,-34.76616
1906988593.75,-34.77338
1906988750.0,-34.77096
1906988906.25,-34.76374
1906989062.5,-34.76175
1906989218.75,-34.76156
1906989375.0,-34.75505
1906989531.25,-34.75898
1906989687.5,-34.75761
1906989843.75,-34.77023
1906990000.0,-34.76629
1906990156.25,-34.76261
1906990312.5,-34.75169
1906990468.75,-34.76099
1906990625.0,-34.76804
1906990781.25,-34.76019
1906990937.5,-34.75243
1906991093.75,-34.75696
1906991250.0,-34.75822
1906991406.25,-34.7592
1906991562.5,-34.76006
1906991718.75,-34.75814
1906991875.0,-34.75496
1906992031.25,-34.75283
1906992187.5,-34.75749
1906992343.75,-34.75752
1906992500.0,-34.74654
1906992656.25,-34.75715
1906992812.5,-34.7541
1906992968.75,-34.75425
1906993125.0,-34.75894
1906993281.25,-34.74991
1906993437.5,-34.74167
1906993593.75,-34.74907
1906993750.0,-34.75209
1906993906.25,-34.74516
1906994062.5,-34.75051
1906994218.75,-34.74445
1906994375.0,-34.7444
1906994531.25,-34.74316
1906994687.5,-34.74309
1906994843.75,-34.74965
1906995000.0,-34.75137
1906995156.25,-34.74475
1906995312.5,-34.75468
1906995468.75,-34.75317
1906995625.0,-34.74698
1906995781.25,-34.74154
1906995937.5,-34.7436
1906996093.75,-34.74326
1906996250.0,-34.73253
1906996406.25,-34.74939
1906996562.5,-34.74073
1906996718.75,-34.73752
1906996875.0,-34.74532
1906997031.25,-34.74124
1906997187.5,-34.7418
1906997343.75,-34.73309
1906997500.0,-34.72997
1906997656.25,-34.73509
1906997812.5,-34.73558
1906997968.75,-34.73579
1906998125.0,-34.73559
1906998281.25,-34.73462
1906998437.5,-34.73746
1906998593.75,-34.73739
1906998750.0,-34.73248
1906998906.25,-34.73737
1906999062.5,-34.73227
1906999218.75,-34.73788
1906999375.0,-34.72967
1906999531.25,-34.7383
1906999687.5,-34.73162
1906999843.75,-34.73863
1907000000.0,-34.73408
1907000156.25,-34.72769
1907000312.5,-34.73151
1907000468.75,-34.73874
1907000625.0,-34.73386
1907000781.25,-34.73057
1907000937.5,-34.73362
1907001093.75,-34.72884
1907001250.0,-34.72757
1907001406.25,-34.72099
1907001562.5,-34.73393
1907001718.75,-34.73151
1907001875.0,-34.72539
1907002031.25,-34.72301
1907002187.5,-34.72427
1907002343.75,-34.7299
1907002500.0,-34.7285
1907002656.25,-34.72741
1907002812.5,-34.72672
1907002968.75,-34.72074
1907003125.0,-34.7267
1907003281.25,-34.72245
1907003437.5,-34.73043
1907003593.75,-34.72681
1907003750.0,-34.72802
1907003906.25,-34.72301
1907004062.5,-34.71813
1907004218.75,-34.71857
1907004375.0,-34.72706
1907004531.25,-34.72071
1907004687.5,-34.72198
1907004843.75,-34.71999
1907005000.0,-34.7201
1907005156.25,-34.72335
1907005312.5,-34.71463
1907005468.75,-34.71519
1907005625.0,-34.72033
1907005781.25,-34.71037
1907005937.5,-34.71316
1907006093.75,-34.71801
1907006250.0,-34.71236
1907006406.25,-34.71766
1907006562.5,-34.72116
1907006718.75,-34.71162
1907006875.0,-34.70742
1907007031.25,-34.697
1907007187.5,-34.71453
1907007343.75,-34.70676
1907007500.0,-34.70774
1907007656.25,-34.70905
1907007812.5,-34.70671
1907007968.75,-34.70346
1907008125.0,-34.71627
1907008281.25,-34.72174
1907008437.5,-34.70612
1907008593.75,-34.71571
1907008750.0,-34.70792
1907008906.25,-34.70728
1907009062.5,-34.69578
1907009218.75,-34.70876
1907009375.0,-34.70797
1907009531.25,-34.70768
1907009687.5,-34.69926
1907009843.75,-34.70189
1907010000.0,-34.70105
1907010156.25,-34.70185
1907010312.5,-34.6987
1907010468.75,-34.70578
1907010625.0,-34.7022
1907010781.25,-34.69595
1907010937.5,-34.70753
1907011093.75,-34.69548
1907011250.0,-34.70551
1907011406.25,-34.70181
1907011562.5,-34.70243
1907011718.75,-34.70033
1907011875.0,-34.69384
1907012031.25,-34.69194
1907012187.5,-34.69593
1907012343.75,-34.69748
1907012500.0,-34.68959
1907012656.25,-34.69574
1907012812.5,-34.69634
1907012968.75,-34.69485
1907013125.0,-34.69418
1907013281.25,-34.68974
1907013437.5,-34.69944
1907013593.75,-34.69378
1907013750.0,-34.69233
1907013906.25,-34.69785
1907014062.5,-34.68729
1907014218.75,-34.6885
1907014375.0,-34.6908
1907014531.25,-34.68797
1907014687.5,-34.69297
1907014843.75,-34.68913
1907015000.0,-34.68241
1907015156.25,-34.68406
1907015312.5,-34.6915
1907015468.75,-34.68824
1907015625.0,-34.69037
1907015781.25,-34.68954
1907015937.5,-34.69013
1907016093.75,-34.69487
1907016250.0,-34.68192
1907016406.25,-34.68437
1907016562.5,-34.67765
1907016718.75,-34.69059
1907016875.0,-34.68531
1907017031.25,-34.68475
1907017187.5,-34.68253
1907017343.75,-34.68494
1907017500.0,-34.68342
1907017656.25,-34.68361
1907017812.5,-34.68397
1907017968.75,-34.67867
1907018125.0,-34.68422
1907018281.25,-34.68642
1907018437.5,-34.6813
1907018593.75,-34.68036
1907018750.0,-34.67181
1907018906.25,-34.67932
1907019062.5,-34.67719
1907019218.75,-34.67821
1907019375.0,-34.67493
1907019531.25,-34.67004
1907019687.5,-34.67919
1907019843.75,-34.67866
1907020000.0,-34.68068
1907020156.25,-34.6824
1907020312.5,-34.67903
1907020468.75,-34.66666
1907020625.0,-34.67547
1907020781.25,-34.67194
1907020937.5,-34.6876
1907021093.75,-34.67586
1907021250.0,-34.67284
1907021406.25,-34.671
1907021562.5,-34.67259
1907021718.75,-34.67705
1907021875.0,-34.66488
1907022031.25,-34.67021
1907022187.5,-34.66866
1907022343.75,-34.66402
1907022500.0,-34.65787
1907022656.25,-34.67124
1907022812.5,-34.67356
1907022968.75,-34.67321
1907023125.0,-34.66436
1907023281.25,-34.6637
1907023437.5,-34.66683
1907023593.75,-34.67522
1907023750.0,-34.65819
1907023906.25,-34.66889
1907024062.5,-34.66656
1907024218.75,-34.67325
1907024375.0,-34.66632
1907024531.25,-34.66589
1907024687.5,-34.66064
1907024843.75,-34.65898
1907025000.0,-34.65943
1907025156.25,-34.66046
1907025312.5,-34.65971
1907025468.75,-34.66341
1907025625.0,-34.66052
1907025781.25,-34.65889
1907025937.5,-34.65641
1907026093.75,-34.6594
1907026250.0,-34.65717
1907026406.25,-34.65443
1907026562.5,-34.65357
1907026718.75,-34.65813
1907026875.0,-34.658
1907027031.25,-34.6589
1907027187.5,-34.64919
1907027343.75,-34.66086
1907027500.0,-34.6553
1907027656.25,-34.65186
1907027812.5,-34.65105
1907027968.75,-34.64879
1907028125.0,-34.64249
1907028281.25,-34.65255
1907028437.5,-34.64882
1907028593.75,-34.64938
1907028750.0,-34.65231
1907028906.25,-34.64911
1907029062.5,-34.64858
1907029218.75,-34.64704
1907029375.0,-34.65063
1907029531.25,-34.64836
1907029687.5,-34.64457
1907029843.75,-34.6524
1907030000.0,-34.65079
1907030156.25,-34.65287
1907030312.5,-34.64086
1907030468.75,-34.6523
1907030625.0,-34.64863
1907030781.25,-34.64584
1907030937.5,-34.6422
1907031093.75,-34.6453
1907031250.0,-34.64983
1907031406.25,-34.64215
1907031562.5,-34.63837
1907031718.75,-34.64352
1907031875.0,-34.63508
1907032031.25,-34.64582
1907032187.5,-34.64099
1907032343.75,-34.63953
1907032500.0,-34.63526
1907032656.25,-34.63227
1907032812.5,-34.64985
1907032968.75,-34.641
1907033125.0,-34.6371
1907033281.25,-34.63423
1907033437.5,-34.63594
1907033593.75,-34.63128
1907033750.0,-34.63923
1907033906.25,-34.63458
1907034062.5,-34.63495
1907034218.75,-34.64351
1907034375.0,-34.62463
1907034531.25,-34.62976
1907034687.5,-34.63609
1907034843.75,-34.63096
1907035000.0,-34.62997
1907035156.25,-34.63864
1907035312.5,-34.63074
1907035468.75,-34.63598
1907035625.0,-34.63399
1907035781.25,-34.62476
1907035937.5,-34.62513
1907036093.75,-34.6277
1907036250.0,-34.63077
1907036406.25,-34.63358
1907036562.5,-34.62415
1907036718.75,-34.62276
1907036875.0,-34.6336
1907037031.25,-34.6233
1907037187.5,-34.62228
1907037343.75,-34.62057
1907037500.0,-34.62282
1907037656.25,-34.61908
1907037812.5,-34.6234
1907037968.75,-34.62221
1907038125.0,-34.61977
1907038281.25,-34.61879
1907038437.5,-34.62704
1907038593.75,-34.6219
1907038750.0,-34.61973
1907038906.25,-34.61803
1907039062.5,-34.616
1907039218.75,-34.62277
1907039375.0,-34.62563
1907039531.25,-34.61926
1907039687.5,-34.62567
1907039843.75,-34.63253
1907040000.0,-34.62263
1907040156.25,-34.6125
1907040312.5,-34.61393
1907040468.75,-34.62075
1907040625.0,-34.61599
1907040781.25,-34.61208
1907040937.5,-34.61196
1907041093.75,-34.61859
1907041250.0,-34.61587
1907041406.25,-34.61317
1907041562.5,-34.61209
1907041718.75,-34.61327
1907041875.0,-34.61502
1907042031.25,-34.61205
1907042187.5,-34.61076
1907042343.75,-34.60419
1907042500.0,-34.61723
1907042656.25,-34.60858
1907042812.5,-34.60292
1907042968.75,-34.6138
1907043125.0,-34.61068
1907043281.25,-34.60841
1907043437.5,-34.60308
1907043593.75,-34.60845
1907043750.0,-34.6012
1907043906.25,-34.60549
1907044062.5,-34.6083
1907044218.75,-34.60255
1907044375.0,-34.60306
1907044531.25,-34.60812
1907044687.5,-34.60499
1907044843.75,-34.6101
1907045000.0,-34.60385
1907045156.25,-34.59773
1907045312.5,-34.59943
1907045468.75,-34.60672
1907045625.0,-34.59426
1907045781.25,-34.60131
1907045937.5,-34.59818
1907046093.75,-34.59858
1907046250.0,-34.59971
1907046406.25,-34.59802
1907046562.5,-34.5937
1907046718.75,-34.59587
1907046875.0,-34.59556
1907047031.25,-34.60219
1907047187.5,-34.59751
1907047343.75,-34.59106
1907047500.0,-34.59374
1907047656.25,-34.59712
1907047812.5,-34.59502
1907047968.75,-34.59562
1907048125.0,-34.59038
1907048281.25,-34.59396
1907048437.5,-34.59071
1907048593.75,-34.59338
1907048750.0,-34.59739
1907048906.25,-34.59247
1907049062.5,-34.59497
1907049218.75,-34.59045
1907049375.0,-34.59294
1907049531.25,-34.58727
1907049687.5,-34.59505
1907049843.75,-34.59188
1907050000.0,-34.58915
1907050156.25,-34.59555
1907050312.5,-34.58536
1907050468.75,-34.58167
1907050625.0,-34.58405
1907050781.25,-34.58306
1907050937.5,-34.58625
1907051093.75,-34.58501
1907051250.0,-34.58399
1907051406.25,-34.58996
1907051562.5,-34.58175
1907051718.75,-34.59207
1907051875.0,-34.58008
1907052031.25,-34.58145
1907052187.5,-34.58355
1907052343.75,-34.58163
1907052500.0,-34.57846
1907052656.25,-34.57928
1907052812.5,-34.58282
1907052968.75,-34.58515
1907053125.0,-34.58375
1907053281.25,-34.58138
1907053437.5,-34.57547
1907053593.75,-34.57832
1907053750.0,-34.57903
1907053906.25,-34.57483
1907054062.5,-34.56919
1907054218.75,-34.57527
1907054375.0,-34.57099
1907054531.25,-34.57166
1907054687.5,-34.5688
1907054843.75,-34.57689
1907055000.0,-34.56337
1907055156.25,-34.57013
1907055312.5,-34.57486
1907055468.75,-34.57354
1907055625.0,-34.56895
1907055781.25,-34.57528
1907055937.5,-34.57002
1907056093.75,-34.57265
1907056250.0,-34.5675
1907056406.25,-34.57299
1907056562.5,-34.56863
1907056718.75,-34.56871
1907056875.0,-34.56162
1907057031.25,-34.56968
1907057187.5,-34.56835
1907057343.75,-34.56087
1907057500.0,-34.55511
1907057656.25,-34.56439
1907057812.5,-34.56221
1907057968.75,-34.56065
1907058125.0,-34.56643
1907058281.25,-34.57294
1907058437.5,-34.56276
1907058593.75,-34.56624
1907058750.0,-34.56009
1907058906.25,-34.56622
1907059062.5,-34.56134
1907059218.75,-34.56227
1907059375.0,-34.55291
1907059531.25,-34.55585
1907059687.5,-34.56106
1907059843.75,-34.55965
1907060000.0,-34.55802
1907060156.25,-34.5554
1907060312.5,-34.55689
1907060468.75,-34.55613
1907060625.0,-34.55056
1907060781.25,-34.55986
1907060937.5,-34.55257
1907061093.75,-34.55244
1907061250.0,-34.55175
1907061406.25,-34.56279
1907061562.5,-34.55316
1907061718.75,-34.55787
1907061875.0,-34.55602
1907062031.25,-34.55054
1907062187.5,-34.5514
1907062343.75,-34.55891
1907062500.0,-34.5513
1907062656.25,-34.55112
1907062812.5,-34.55021
1907062968.75,-34.54848
1907063125.0,-34.54621
1907063281.25,-34.54598
1907063437.5,-34.55117
1907063593.75,-34.54327
1907063750.0,-34.54795
1907063906.25,-34.55121
1907064062.5,-34.54557
1907064218.75,-34.54279
1907064375.0,-34.54537
1907064531.25,-34.54348
1907064687.5,-34.54934
1907064843.75,-34.54506
1907065000.0,-34.54059
1907065156.25,-34.54583
1907065312.5,-34.53582
1907065468.75,-34.54159
1907065625.0,-34.54158
1907065781.25,-34.53946
1907065937.5,-34.54188
1907066093.75,-34.54205
1907066250.0,-34.53673
1907066406.25,-34.54645
1907066562.5,-34.53739
1907066718.75,-34.54058
1907066875.0,-34.54494
1907067031.25,-34.54158
1907067187.5,-34.54152
1907067343.75,-34.53234
1907067500.0,-34.54645
1907067656.25,-34.53407
1907067812.5,-34.53753
1907067968.75,-34.53261
1907068125.0,-34.53542
1907068281.25,-34.5284
1907068437.5,-34.53915
1907068593.75,-34.53553
1907068750.0,-34.53555
1907068906.25,-34.53021
1907069062.5,-34.53157
1907069218.75,-34.52399
1907069375.0,-34.53226
1907069531.25,-34.53156
1907069687.5,-34.52655
1907069843.75,-34.53271
1907070000.0,-34.5383
1907070156.25,-34.52911
1907070312.5,-34.534
1907070468.75,-34.5304
1907070625.0,-34.52362
1907070781.25,-34.5264
1907070937.5,-34.53394
1907071093.75,-34.52537
1907071250.0,-34.52802
1907071406.25,-34.52337
1907071562.5,-34.52698
1907071718.75,-34.52721
1907071875.0,-34.52798
1907072031.25,-34.52486
1907072187.5,-34.52254
1907072343.75,-34.52183
1907072500.0,-34.51859
1907072656.25,-34.52745
1907072812.5,-34.53149
1907072968.75,-34.52289
1907073125.0,-34.51484
1907073281.25,-34.51609
1907073437.5,-34.52102
1907073593.75,-34.52135
1907073750.0,-34.52553
1907073906.25,-34.52757
1907074062.5,-34.51012
1907074218.75,-34.51109
1907074375.0,-34.51431
1907074531.25,-34.51389
1907074687.5,-34.51946
1907074843.75,-34.51318
1907075000.0,-34.51882
1907075156.25,-34.51176
1907075312.5,-34.51791
1907075468.75,-34.51944
1907075625.0,-34.512
1907075781.25,-34.51649
1907075937.5,-34.51362
1907076093.75,-34.51308
1907076250.0,-34.51116
1907076406.25,-34.51409
1907076562.5,-34.5009
1907076718.75,-34.50755
1907076875.0,-34.50812
1907077031.25,-34.51879
1907077187.5,-34.51368
1907077343.75,-34.49932
1907077500.0,-34.50957
1907077656.25,-34.50874
1907077812.5,-34.51722
1907077968.75,-34.50654
1907078125.0,-34.50292
1907078281.25,-34.50679
1907078437.5,-34.50976
1907078593.75,-34.50246
1907078750.0,-34.49913
1907078906.25,-34.49496
1907079062.5,-34.50476
1907079218.75,-34.5065
1907079375.0,-34.50433
1907079531.25,-34.50378
1907079687.5,-34.49641
1907079843.75,-34.50357
1907080000.0,-34.49368
1907080156.25,-34.49826
1907080312.5,-34.49766
1907080468.75,-34.50203
1907080625.0,-34.49643
1907080781.25,-34.50301
1907080937.5,-34.49503
1907081093.75,-34.49379
1907081250.0,-34.49422
1907081406.25,-34.49935
1907081562.5,-34.49348
1907081718.75,-34.49411
1907081875.0,-34.48557
1907082031.25,-34.48896
1907082187.5,-34.49637
1907082343.75,-34.49974
1907082500.0,-34.49455
1907082656.25,-34.48943
1907082812.5,-34.49345
1907082968.75,-34.4944
1907083125.0,-34.48749
1907083281.25,-34.49624
1907083437.5,-34.48954
1907083593.75,-34.48022
1907083750.0,-34.4837
1907083906.25,-34.48335
1907084062.5,-34.48951
1907084218.75,-34.48615
1907084375.0,-34.49085
1907084531.25,-34.47953
1907084687.5,-34.48574
1907084843.75,-34.47749
1907085000.0,-34.48425
1907085156.25,-34.47944
1907085312.5,-34.48574
1907085468.75,-34.47937
1907085625.0,-34.48574
1907085781.25,-34.48553
1907085937.5,-34.48693
1907086093.75,-34.47673
1907086250.0,-34.47708
1907086406.25,-34.47441
1907086562.5,-34.48306
1907086718.75,-34.4814
1907086875.0,-34.48126
1907087031.25,-34.48068
1907087187.5,-34.48474
1907087343.75,-34.47753
1907087500.0,-34.48108
1907087656.25,-34.47395
1907087812.5,-34.4788
1907087968.75,-34.47734
1907088125.0,-34.47027
1907088281.25,-34.48123
1907088437.5,-34.47766
1907088593.75,-34.47951
1907088750.0,-34.47467
1907088906.25,-34.47165
1907089062.5,-34.47396
1907089218.75,-34.47472
1907089375.0,-34.46037
1907089531.25,-34.47681
1907089687.5,-34.47207
1907089843.75,-34.47397
1907090000.0,-34.46666
1907090156.25,-34.47352
1907090312.5,-34.46852
1907090468.75,-34.4702
1907090625.0,-34.46238
1907090781.25,-34.47108
1907090937.5,-34.47387
1907091093.75,-34.4743
1907091250.0,-34.46557
1907091406.25,-34.46537
1907091562.5,-34.47005
1907091718.75,-34.46241
1907091875.0,-34.47116
1907092031.25,-34.46473
1907092187.5,-34.4612
1907092343.75,-34.46376
1907092500.0,-34.46506
1907092656.25,-34.4707
1907092812.5,-34.46572
1907092968.75,-34.45968
1907093125.0,-34.45966
1907093281.25,-34.46431
1907093437.5,-34.4617
1907093593.75,-34.46506
1907093750.0,-34.45544
1907093906.25,-34.46178
1907094062.5,-34.46311
1907094218.75,-34.46212
1907094375.0,-34.45231
1907094531.25,-34.46276
1907094687.5,-34.45908
1907094843.75,-34.4576
1907095000.0,-34.45675
1907095156.25,-34.45204
1907095312.5,-34.45793
1907095468.75,-34.4578
1907095625.0,-34.45592
1907095781.25,-34.4597
1907095937.5,-34.45228
1907096093.75,-34.45705
1907096250.0,-34.44952
1907096406.25,-34.44474
1907096562.5,-34.45068
1907096718.75,-34.44583
1907096875.0,-34.45067
1907097031.25,-34.44382
1907097187.5,-34.45006
1907097343.75,-34.44936
1907097500.0,-34.44441
1907097656.25,-34.44482
1907097812.5,-34.44676
1907097968.75,-34.45277
1907098125.0,-34.44982
1907098281.25,-34.44109
1907098437.5,-34.44558
1907098593.75,-34.44801
1907098750.0,-34.44096
1907098906.25,-34.45493
1907099062.5,-34.44252
1907099218.75,-34.44847
1907099375.0,-34.44754
1907099531.25,-34.45189
1907099687.5,-34.44473
1907099843.75,-34.44427
1907100000.0,-34.44356
1907100156.25,-34.43624
1907100312.5,-34.4427
1907100468.75,-34.4408
1907100625.0,-34.43993
1907100781.25,-34.43356
1907100937.5,-34.44166
1907101093.75,-34.43819
1907101250.0,-34.43546
1907101406.25,-34.43866
1907101562.5,-34.4413
1907101718.75,-34.43259
1907101875.0,-34.43694
1907102031.25,-34.44366
1907102187.5,-34.42718
1907102343.75,-34.44198
1907102500.0,-34.43079
1907102656.25,-34.43717
1907102812.5,-34.43683
1907102968.75,-34.42627
1907103125.0,-34.42935
1907103281.25,-34.43082
1907103437.5,-34.43673
1907103593.75,-34.41891
1907103750.0,-34.42278
1907103906.25,-34.43114
1907104062.5,-34.4312
1907104218.75,-34.42593
1907104375.0,-34.4371
1907104531.25,-34.42925
1907104687.5,-34.42809
1907104843.75,-34.42903
1907105000.0,-34.42764
1907105156.25,-34.4277
1907105312.5,-34.43321
1907105468.75,-34.42378
1907105625.0,-34.42545
1907105781.25,-34.41979
1907105937.5,-34.41989
1907106093.75,-34.42491
1907106250.0,-34.42746
1907106406.25,-34.42006
1907106562.5,-34.417
1907106718.75,-34.42491
1907106875.0,-34.42606
1907107031.25,-34.42283
1907107187.5,-34.42321
1907107343.75,-34.40715
1907107500.0,-34.41985
1907107656.25,-34.41862
1907107812.5,-34.41209
1907107968.75,-34.40967
1907108125.0,-34.42494
1907108281.25,-34.42516
1907108437.5,-34.41961
1907108593.75,-34.4207
1907108750.0,-34.41908
1907108906.25,-34.41954
1907109062.5,-34.41699
1907109218.75,-34.41648
1907109375.0,-34.41989
1907109531.25,-34.40731
1907109687.5,-34.41613
1907109843.75,-34.41179
1907110000.0,-34.4128
1907110156.25,-34.40739
1907110312.5,-34.40892
1907110468.75,-34.40641
1907110625.0,-34.42066
1907110781.25,-34.41374
1907110937.5,-34.41358
1907111093.75,-34.42289
1907111250.0,-34.40556
1907111406.25,-34.40513
1907111562.5,-34.4087
1907111718.75,-34.40625
1907111875.0,-34.40575
1907112031.25,-34.40432
1907112187.5,-34.4092
1907112343.75,-34.40781
1907112500.0,-34.40537
1907112656.25,-34.40383
1907112812.5,-34.39985
1907112968.75,-34.40607
1907113125.0,-34.40242
1907113281.25,-34.4044
1907113437.5,-34.39141
1907113593.75,-34.40251
1907113750.0,-34.39522
1907113906.25,-34.40174
1907114062.5,-34.41083
1907114218.75,-34.39638
1907114375.0,-34.4097
1907114531.25,-34.39796
1907114687.5,-34.40073
1907114843.75,-34.40025
1907115000.0,-34.39774
1907115156.25,-34.39245
1907115312.5,-34.40278
1907115468.75,-34.39136
1907115625.0,-34.38803
1907115781.25,-34.3929
1907115937.5,-34.39743
1907116093.75,-34.39459
1907116250.0,-34.39363
1907116406.25,-34.39053
1907116562.5,-34.39004
1907116718.75,-34.39099
1907116875.0,-34.39154
1907117031.25,-34.39186
1907117187.5,-34.39427
1907117343.75,-34.39791
1907117500.0,-34.38626
1907117656.25,-34.38696
1907117812.5,-34.39759
1907117968.75,-34.38485
1907118125.0,-34.39159
1907118281.25,-34.38972
1907118437.5,-34.37986
1907118593.75,-34.38773
1907118750.0,-34.39348
1907118906.25,-34.38647
1907119062.5,-34.38551
1907119218.75,-34.37866
1907119375.0,-34.38078
1907119531.25,-34.38358
1907119687.5,-34.38958
1907119843.75,-34.3852
1907120000.0,-34.37352
1907120156.25,-34.38424
1907120312.5,-34.38591
1907120468.75,-34.38564
1907120625.0,-34.38406
1907120781.25,-34.3783
1907120937.5,-34.38191
1907121093.75,-34.38143
1907121250.0,-34.37819
1907121406.25,-34.3788
1907121562.5,-34.38387
1907121718.75,-34.37962
1907121875.0,-34.37586
1907122031.25,-34.37869
1907122187.5,-34.37621
1907122343.75,-34.38011
1907122500.0,-34.36998
1907122656.25,-34.3742
1907122812.5,-34.36925
1907122968.75,-34.37218
1907123125.0,-34.37159
1907123281.25,-34.36723
1907123437.5,-34.37742
1907123593.75,-34.3734
1907123750.0,-34.37367
1907123906.25,-34.36781
1907124062.5,-34.37377
1907124218.75,-34.36462
1907124375.0,-34.37015
1907124531.25,-34.3685
1907124687.5,-34.37841
1907124843.75,-34.36385
1907125000.0,-34.36623
1907125156.25,-34.3661
1907125312.5,-34.36539
1907125468.75,-34.36895
1907125625.0,-34.3764
1907125781.25,-34.36647
1907125937.5,-34.35867
1907126093.75,-34.36048
1907126250.0,-34.36195
1907126406.25,-34.36111
1907126562.5,-34.36571
1907126718.75,-34.36607
1907126875.0,-34.36274
1907127031.25,-34.35737
1907127187.5,-34.35869
1907127343.75,-34.35581
1907127500.0,-34.36272
1907127656.25,-34.36282
1907127812.5,-34.36146
1907127968.75,-34.36277
1907128125.0,-34.35713
1907128281.25,-34.35352
1907128437.5,-34.35441
1907128593.75,-34.35224
1907128750.0,-34.35626
1907128906.25,-34.36192
1907129062.5,-34.35797
1907129218.75,-34.36023
1907129375.0,-34.35471
1907129531.25,-34.34919
1907129687.5,-34.35442
1907129843.75,-34.35269
1907130000.0,-34.34949
1907130156.25,-34.34915
1907130312.5,-34.34898
1907130468.75,-34.35386
1907130625.0,-34.34912
1907130781.25,-34.34566
1907130937.5,-34.35168
1907131093.75,-34.34039
1907131250.0,-34.34612
1907131406.25,-34.36038
1907131562.5,-34.34732
1907131718.75,-34.34325
1907131875.0,-34.34696
1907132031.25,-34.34205
1907132187.5,-34.34743
1907132343.75,-34.34159
1907132500.0,-34.3436
1907132656.25,-34.34145
1907132812.5,-34.34817
1907132968.75,-34.34147
1907133125.0,-34.34684
1907133281.25,-34.34097
1907133437.5,-34.34
1907133593.75,-34.34431
1907133750.0,-34.34201
1907133906.25,-34.33739
1907134062.5,-34.34547
1907134218.75,-34.33904
1907134375.0,-34.32744
1907134531.25,-34.34024
1907134687.5,-34.33128
1907134843.75,-34.33586
1907135000.0,-34.33991
1907135156.25,-34.33407
1907135312.5,-34.32678
1907135468.75,-34.34193
1907135625.0,-34.3369
1907135781.25,-34.33064
1907135937.5,-34.33134
1907136093.75,-34.33202
1907136250.0,-34.33401
1907136406.25,-34.33409
1907136562.5,-34.33514
1907136718.75,-34.33186
1907136875.0,-34.32158
1907137031.25,-34.32697
1907137187.5,-34.32848
1907137343.75,-34.33237
1907137500.0,-34.32758
1907137656.25,-34.33206
1907137812.5,-34.32575
1907137968.75,-34.32979
1907138125.0,-34.33001
1907138281.25,-34.32885
1907138437.5,-34.33217
1907138593.75,-34.32842
1907138750.0,-34.32737
1907138906.25,-34.32075
1907139062.5,-34.33208
1907139218.75,-34.33076
1907139375.0,-34.3174
1907139531.25,-34.31822
1907139687.5,-34.31435
1907139843.75,-34.32119
1907140000.0,-34.31674
1907140156.25,-34.32571
1907140312.5,-34.32062
1907140468.75,-34.32376
1907140625.0,-34.32365
1907140781.25,-34.31261
1907140937.5,-34.32129
1907141093.75,-34.32249
1907141250.0,-34.31696
1907141406.25,-34.31866
1907141562.5,-34.3242
1907141718.75,-34.31461
1907141875.0,-34.3196
1907142031.25,-34.31019
1907142187.5,-34.31618
1907142343.75,-34.3204
1907142500.0,-34.31356
1907142656.25,-34.31004
1907142812.5,-34.31704
1907142968.75,-34.31297
1907143125.0,-34.31639
1907143281.25,-34.31761
1907143437.5,-34.315
1907143593.75,-34.3161
1907143750.0,-34.30877
1907143906.25,-34.31347
1907144062.5,-34.30746
1907144218.75,-34.31151
1907144375.0,-34.31123
1907144531.25,-34.30843
1907144687.5,-34.30648
1907144843.75,-34.31142
1907145000.0,-34.29966
1907145156.25,-34.31108
1907145312.5,-34.30986
1907145468.75,-34.30338
1907145625.0,-34.31866
1907145781.25,-34.30024
1907145937.5,-34.30589
1907146093.75,-34.29599
1907146250.0,-34.30237
1907146406.25,-34.29935
1907146562.5,-34.30398
1907146718.75,-34.30481
1907146875.0,-34.29667
1907147031.25,-34.30112
1907147187.5,-34.29735
1907147343.75,-34.29785
1907147500.0,-34.30714
1907147656.25,-34.29791
1907147812.5,-34.30047
1907147968.75,-34.29506
1907148125.0,-34.29481
1907148281.25,-34.29996
1907148437.5,-34.29183
1907148593.75,-34.29904
1907148750.0,-34.30096
1907148906.25,-34.30036
1907149062.5,-34.29724
1907149218.75,-34.29496
1907149375.0,-34.29259
1907149531.25,-34.2867
1907149687.5,-34.29095
1907149843.75,-34.28983
1907150000.0,-34.29565
1907150156.25,-34.2907
1907150312.5,-34.29522
1907150468.75,-34.29535
1907150625.0,-34.28766
1907150781.25,-34.28196
1907150937.5,-34.28466
1907151093.75,-34.28646
1907151250.0,-34.28238
1907151406.25,-34.28536
1907151562.5,-34.29055
1907151718.75,-34.28363
1907151875.0,-34.28119
1907152031.25,-34.28951
1907152187.5,-34.28326
1907152343.75,-34.28258
1907152500.0,-34.2814
1907152656.25,-34.29258
1907152812.5,-34.27843
1907152968.75,-34.28051
1907153125.0,-34.28616
1907153281.25,-34.27718
1907153437.5,-34.28146
1907153593.75,-34.28108
1907153750.0,-34.27908
1907153906.25,-34.28278
1907154062.5,-34.2802
1907154218.75,-34.28981
1907154375.0,-34.28093
1907154531.25,-34.28548
1907154687.5,-34.27382
1907154843.75,-34.27552
1907155000.0,-34.27377
1907155156.25,-34.27446
1907155312.5,-34.27499
1907155468.75,-34.2722
1907155625.0,-34.276
1907155781.25,-34.27375
1907155937.5,-34.27605
1907156093.75,-34.27281
1907156250.0,-34.27685
1907156406.25,-34.27695
1907156562.5,-34.27644
1907156718.75,-34.26788
1907156875.0,-34.2756
1907157031.25,-34.27031
1907157187.5,-34.26732
1907157343.75,-34.26497
1907157500.0,-34.26788
1907157656.25,-34.26409
1907157812.5,-34.26882
1907157968.75,-34.27231
1907158125.0,-34.2592
1907158281.25,-34.26003
1907158437.5,-34.26281
1907158593.75,-34.2608
1907158750.0,-34.26318
1907158906.25,-34.26965
1907159062.5,-34.26563
1907159218.75,-34.25291
1907159375.0,-34.26139
1907159531.25,-34.25961
1907159687.5,-34.26466
1907159843.75,-34.25748
1907160000.0,-34.26466
1907160156.25,-34.26282
1907160312.5,-34.25572
1907160468.75,-34.25541
1907160625.0,-34.2593
1907160781.25,-34.25984
1907160937.5,-34.25401
1907161093.75,-34.26397
1907161250.0,-34.25537
1907161406.25,-34.2624
1907161562.5,-34.24657
1907161718.75,-34.24721
1907161875.0,-34.25809
1907162031.25,-34.25005
1907162187.5,-34.26193
1907162343.75,-34.25561
1907162500.0,-34.25436
1907162656.25,-34.25863
1907162812.5,-34.26134
1907162968.75,-34.24419
1907163125.0,-34.25161
1907163281.25,-34.24724
1907163437.5,-34.25797
1907163593.75,-34.24994
1907163750.0,-34.24754
1907163906.25,-34.24812
1907164062.5,-34.25092
1907164218.75,-34.24663
1907164375.0,-34.25087
1907164531.25,-34.25466
1907164687.5,-34.25125
1907164843.75,-34.2497
1907165000.0,-34.25048
1907165156.25,-34.24908
1907165312.5,-34.24667
1907165468.75,-34.24368
1907165625.0,-34.24651
1907165781.25,-34.24685
1907165937.5,-34.24936
1907166093.75,-34.23994
1907166250.0,-34.24446
1907166406.25,-34.23664
1907166562.5,-34.24198
1907166718.75,-34.24054
1907166875.0,-34.24744
1907167031.25,-34.23888
1907167187.5,-34.24562
1907167343.75,-34.2368
1907167500.0,-34.24535
1907167656.25,-34.24073
1907167812.5,-34.23443
1907167968.75,-34.24522
1907168125.0,-34.23765
1907168281.25,-34.23322
1907168437.5,-34.23545
1907168593.75,-34.238
1907168750.0,-34.23636
1907168906.25,-34.23843
1907169062.5,-34.24067
1907169218.75,-34.23687
1907169375.0,-34.23207
1907169531.25,-34.23502
1907169687.5,-34.23358
1907169843.75,-34.22496
1907170000.0,-34.22905
1907170156.25,-34.23332
1907170312.5,-34.22901
1907170468.75,-34.22812
1907170625.0,-34.22767
1907170781.25,-34.22013
1907170937.5,-34.22234
1907171093.75,-34.22926
1907171250.0,-34.22269
1907171406.25,-34.22586
1907171562.5,-34.2239
1907171718.75,-34.22304
1907171875.0,-34.21852
1907172031.25,-34.22686
1907172187.5,-34.22028
1907172343.75,-34.22094
1907172500.0,-34.22505
1907172656.25,-34.21824
1907172812.5,-34.22434
1907172968.75,-34.22541
1907173125.0,-34.22654
1907173281.25,-34.22351
1907173437.5,-34.21929
1907173593.75,-34.21547
1907173750.0,-34.22313
1907173906.25,-34.21794
1907174062.5,-34.21648
1907174218.75,-34.22042
1907174375.0,-34.2193
1907174531.25,-34.21801
1907174687.5,-34.22103
1907174843.75,-34.21353
1907175000.0,-34.21513
1907175156.25,-34.21502
1907175312.5,-34.22243
1907175468.75,-34.21373
1907175625.0,-34.21458
1907175781.25,-34.21527
1907175937.5,-34.21758
1907176093.75,-34.20778
1907176250.0,-34.20998
1907176406.25,-34.21114
1907176562.5,-34.21025
1907176718.75,-34.21082
1907176875.0,-34.20116
1907177031.25,-34.20734
1907177187.5,-34.2103
1907177343.75,-34.20385
1907177500.0,-34.21001
1907177656.25,-34.21417
1907177812.5,-34.20589
1907177968.75,-34.20272
1907178125.0,-34.20952
1907178281.25,-34.20151
1907178437.5,-34.20957
1907178593.75,-34.20302
1907178750.0,-34.20683
1907178906.25,-34.20956
1907179062.5,-34.20024
1907179218.75,-34.20649
1907179375.0,-34.20467
1907179531.25,-34.20116
1907179687.5,-34.20959
1907179843.75,-34.21165
1907180000.0,-34.19825
1907180156.25,-34.19818
1907180312.5,-34.19981
1907180468.75,-34.20077
1907180625.0,-34.20382
1907180781.25,-34.20602
1907180937.5,-34.19381
1907181093.75,-34.19708
1907181250.0,-34.19994
1907181406.25,-34.19947
1907181562.5,-34.19576
1907181718.75,-34.1952
1907181875.0,-34.20399
1907182031.25,-34.18678
1907182187.5,-34.19608
1907182343.75,-34.18989
1907182500.0,-34.19423
1907182656.25,-34.18899
1907182812.5,-34.19932
1907182968.75,-34.19701
1907183125.0,-34.19387
1907183281.25,-34.18813
1907183437.5,-34.19892
1907183593.75,-34.18692
1907183750.0,-34.19045
1907183906.25,-34.18765
1907184062.5,-34.1887
1907184218.75,-34.18309
1907184375.0,-34.18383
1907184531.25,-34.19209
1907184687.5,-34.19154
1907184843.75,-34.18507
1907185000.0,-34.1859
1907185156.25,-34.18934
1907185312.5,-34.18134
1907185468.75,-34.18185
1907185625.0,-34.18335
1907185781.25,-34.18425
1907185937.5,-34.18188
1907186093.75,-34.18116
1907186250.0,-34.17881
1907186406.25,-34.18319
1907186562.5,-34.18639
1907186718.75,-34.17754
1907186875.0,-34.17713
1907187031.25,-34.1741
1907187187.5,-34.18269
1907187343.75,-34.18487
1907187500.0,-34.1738
1907187656.25,-34.17703
1907187812.5,-34.17175
1907187968.75,-34.18138
1907188125.0,-34.17938
1907188281.25,-34.17264
1907188437.5,-34.17015
1907188593.75,-34.17615
1907188750.0,-34.17624
1907188906.25,-34.16877
1907189062.5,-34.18027
1907189218.75,-34.1781
1907189375.0,-34.16616
1907189531.25,-34.17436
1907189687.5,-34.17034
1907189843.75,-34.17542
1907190000.0,-34.16904
1907190156.25,-34.16419
1907190312.5,-34.16634
1907190468.75,-34.16917
1907190625.0,-34.15767
1907190781.25,-34.1725
1907190937.5,-34.16358
1907191093.75,-34.16379
1907191250.0,-34.16761
1907191406.25,-34.17079
1907191562.5,-34.16624
1907191718.75,-34.16083
1907191875.0,-34.1624
1907192031.25,-34.16761
1907192187.5,-34.16637
1907192343.75,-34.16622
1907192500.0,-34.16729
1907192656.25,-34.1603
1907192812.5,-34.16429
1907192968.75,-34.16183
1907193125.0,-34.15713
1907193281.25,-34.15664
1907193437.5,-34.16213
1907193593.75,-34.15699
1907193750.0,-34.15422
1907193906.25,-34.16512
1907194062.5,-34.16175
1907194218.75,-34.15685
1907194375.0,-34.153
1907194531.25,-34.15176
1907194687.5,-34.16779
1907194843.75,-34.1619
1907195000.0,-34.15434
1907195156.25,-34.15341
1907195312.5,-34.14992
1907195468.75,-34.15852
1907195625.0,-34.15252
1907195781.25,-34.15219
1907195937.5,-34.14993
1907196093.75,-34.15328
1907196250.0,-34.14937
1907196406.25,-34.14579
1907196562.5,-34.14833
1907196718.75,-34.14721
1907196875.0,-34.14933
1907197031.25,-34.15176
1907197187.5,-34.14793
1907197343.75,-34.14841
1907197500.0,-34.1488
1907197656.25,-34.14751
1907197812.5,-34.14351
1907197968.75,-34.14693
1907198125.0,-34.14082
1907198281.25,-34.1462
1907198437.5,-34.14067
1907198593.75,-34.13538
1907198750.0,-34.13734
1907198906.25,-34.14642
1907199062.5,-34.1416
1907199218.75,-34.13824
1907199375.0,-34.14481
1907199531.25,-34.13034
1907199687.5,-34.14544
1907199843.75,-34.1394
1907200000.0,-34.13944
1907200156.25,-34.13276
1907200312.5,-34.13186
1907200468.75,-34.14318
1907200625.0,-34.14137
1907200781.25,-34.13593
1907200937.5,-34.13406
1907201093.75,-34.13395
1907201250.0,-34.13231
1907201406.25,-34.13576
1907201562.5,-34.13224
1907201718.75,-34.13139
1907201875.0,-34.13285
1907202031.25,-34.13679
1907202187.5,-34.13677
1907202343.75,-34.12568
1907202500.0,-34.13127
1907202656.25,-34.1374
1907202812.5,-34.13182
1907202968.75,-34.1282
1907203125.0,-34.14018
1907203281.25,-34.12585
1907203437.5,-34.12831
1907203593.75,-34.12933
1907203750.0,-34.1306
1907203906.25,-34.11733
1907204062.5,-34.12669
1907204218.75,-34.13322
1907204375.0,-34.13047
1907204531.25,-34.12567
1907204687.5,-34.1246
1907204843.75,-34.11843
1907205000.0,-34.12634
1907205156.25,-34.12307
1907205312.5,-34.1191
1907205468.75,-34.11741
1907205625.0,-34.11881
1907205781.25,-34.12452
1907205937.5,-34.12374
1907206093.75,-34.12459
1907206250.0,-34.12379
1907206406.25,-34.11746
1907206562.5,-34.11855
1907206718.75,-34.11393
1907206875.0,-34.11802
1907207031.25,-34.11774
1907207187.5,-34.11375
1907207343.75,-34.11254
1907207500.0,-34.11796
1907207656.25,-34.10759
1907207812.5,-34.1213
1907207968.75,-34.12083
1907208125.0,-34.11813
1907208281.25,-34.11053
1907208437.5,-34.11287
1907208593.75,-34.11249
1907208750.0,-34.11492
1907208906.25,-34.10952
1907209062.5,-34.11287
1907209218.75,-34.10717
1907209375.0,-34.11556
1907209531.25,-34.10421
1907209687.5,-34.11968
1907209843.75,-34.1059
1907210000.0,-34.10958
1907210156.25,-34.1036
1907210312.5,-34.11164
1907210468.75,-34.10818
1907210625.0,-34.10837
1907210781.25,-34.09743
1907210937.5,-34.09995
1907211093.75,-34.10495
1907211250.0,-34.10402
1907211406.25,-34.10332
1907211562.5,-34.11045
1907211718.75,-34.1048
1907211875.0,-34.10279
1907212031.25,-34.10797
1907212187.5,-34.10551
1907212343.75,-34.10095
1907212500.0,-34.1002
1907212656.25,-34.09907
1907212812.5,-34.09603
1907212968.75,-34.09671
1907213125.0,-34.10149
1907213281.25,-34.09225
1907213437.5,-34.09899
1907213593.75,-34.09389
1907213750.0,-34.09991
1907213906.25,-34.10075
1907214062.5,-34.10135
1907214218.75,-34.10336
1907214375.0,-34.0872
1907214531.25,-34.10209
1907214687.5,-34.09493
1907214843.75,-34.09327
1907215000.0,-34.09309
1907215156.25,-34.08773
1907215312.5,-34.0899
1907215468.75,-34.09818
1907215625.0,-34.09135
1907215781.25,-34.08997
1907215937.5,-34.09399
1907216093.75,-34.09681
1907216250.0,-34.09283
1907216406.25,-34.09648
1907216562.5,-34.08858
1907216718.75,-34.09277
1907216875.0,-34.09182
1907217031.25,-34.08921
1907217187.5,-34.08829
1907217343.75,-34.09313
1907217500.0,-34.10064
1907217656.25,-34.09014
1907217812.5,-34.09127
1907217968.75,-34.08054
1907218125.0,-34.09078
1907218281.25,-34.08227
1907218437.5,-34.08361
1907218593.75,-34.08144
1907218750.0,-34.07889
1907218906.25,-34.0789
1907219062.5,-34.08164
1907219218.75,-34.08212
1907219375.0,-34.07946
1907219531.25,-34.08053
1907219687.5,-34.07196
1907219843.75,-34.0781
1907220000.0,-34.08058
1907220156.25,-34.07799
1907220312.5,-34.07838
1907220468.75,-34.07551
1907220625.0,-34.08321
1907220781.25,-34.07748
1907220937.5,-34.08084
1907221093.75,-34.07161
1907221250.0,-34.07668
1907221406.25,-34.07034
1907221562.5,-34.07728
1907221718.75,-34.0651
1907221875.0,-34.06957
1907222031.25,-34.0691
1907222187.5,-34.06905
1907222343.75,-34.07463
1907222500.0,-34.06236
1907222656.25,-34.07169
1907222812.5,-34.07406
1907222968.75,-34.06887
1907223125.0,-34.06727
1907223281.25,-34.07011
1907223437.5,-34.07089
1907223593.75,-34.0673
1907223750.0,-34.06787
1907223906.25,-34.07218
1907224062.5,-34.06842
1907224218.75,-34.06202
1907224375.0,-34.05178
1907224531.25,-34.06556
1907224687.5,-34.07178
1907224843.75,-34.06826
1907225000.0,-34.05885
1907225156.25,-34.05539
1907225312.5,-34.06252
1907225468.75,-34.06416
1907225625.0,-34.06211
1907225781.25,-34.05847
1907225937.5,-34.06245
1907226093.75,-34.06233
1907226250.0,-34.06711
1907226406.25,-34.06241
1907226562.5,-34.05233
1907226718.75,-34.05569
1907226875.0,-34.05379
1907227031.25,-34.05822
1907227187.5,-34.0579
1907227343.75,-34.05554
1907227500.0,-34.05392
1907227656.25,-34.05277
1907227812.5,-34.05745
1907227968.75,-34.05796
1907228125.0,-34.05389
1907228281.25,-34.05333
1907228437.5,-34.05147
1907228593.75,-34.05192
1907228750.0,-34.05873
1907228906.25,-34.05309
1907229062.5,-34.05952
1907229218.75,-34.0518
1907229375.0,-34.04836
1907229531.25,-34.05016
1907229687.5,-34.04333
1907229843.75,-34.04954
1907230000.0,-34.04915
1907230156.25,-34.04245
1907230312.5,-34.04865
1907230468.75,-34.04101
1907230625.0,-34.04867
1907230781.25,-34.04374
1907230937.5,-34.04218
1907231093.75,-34.04376
1907231250.0,-34.04023
1907231406.25,-34.04948
1907231562.5,-34.03926
1907231718.75,-34.04792
1907231875.0,-34.04555
1907232031.25,-34.03507
1907232187.5,-34.03822
1907232343.75,-34.04345
1907232500.0,-34.03699
1907232656.25,-34.033
1907232812.5,-34.04629
1907232968.75,-34.04104
1907233125.0,-34.04164
1907233281.25,-34.03852
1907233437.5,-34.0307
1907233593.75,-34.03997
1907233750.0,-34.04007
1907233906.25,-34.03874
1907234062.5,-34.03294
1907234218.75,-34.03684
1907234375.0,-34.03336
1907234531.25,-34.03288
1907234687.5,-34.03563
1907234843.75,-34.02457
1907235000.0,-34.03172
1907235156.25,-34.03098
1907235312.5,-34.03338
1907235468.75,-34.03975
1907235625.0,-34.02899
1907235781.25,-34.02616
1907235937.5,-34.02386
1907236093.75,-34.02713
1907236250.0,-34.02304
1907236406.25,-34.02937
1907236562.5,-34.02747
1907236718.75,-34.02742
1907236875.0,-34.02522
1907237031.25,-34.02734
1907237187.5,-34.02311
1907237343.75,-34.02726
1907237500.0,-34.02322
1907237656.25,-34.02169
1907237812.5,-34.02502
1907237968.75,-34.02018
1907238125.0,-34.02576
1907238281.25,-34.02599
1907238437.5,-34.02233
1907238593.75,-34.01489
1907238750.0,-34.0259
1907238906.25,-34.02085
1907239062.5,-34.01592
1907239218.75,-34.01141
1907239375.0,-34.01935
1907239531.25,-34.01829
1907239687.5,-34.01531
1907239843.75,-34.01736
1907240000.0,-34.01907
1907240156.25,-34.01358
1907240312.5,-34.01619
1907240468.75,-34.01115
1907240625.0,-34.00817
1907240781.25,-34.00824
1907240937.5,-34.01629
1907241093.75,-34.01746
1907241250.0,-34.01646
1907241406.25,-34.02029
1907241562.5,-34.01033
1907241718.75,-34.01357
1907241875.0,-34.00916
1907242031.25,-34.00588
1907242187.5,-34.00984
1907242343.75,-34.00506
1907242500.0,-34.00872
1907242656.25,-34.00585
1907242812.5,-34.01288
1907242968.75,-34.00805
1907243125.0,-34.00555
1907243281.25,-34.013
1907243437.5,-34.0019
1907243593.75,-34.0061
1907243750.0,-34.01003
1907243906.25,-34.00555
1907244062.5,-34.00778
1907244218.75,-34.00341
1907244375.0,-33.99853
1907244531.25,-34.00549
1907244687.5,-33.99959
1907244843.75,-33.9979
1907245000.0,-34.00209
1907245156.25,-33.99636
1907245312.5,-33.99847
1907245468.75,-33.99721
1907245625.0,-33.99682
1907245781.25,-33.99958
1907245937.5,-34.00463
1907246093.75,-33.99795
1907246250.0,-33.99906
1907246406.25,-33.98767
1907246562.5,-33.99041
1907246718.75,-33.99728
1907246875.0,-33.99272
1907247031.25,-33.99633
1907247187.5,-33.99784
1907247343.75,-33.99202
1907247500.0,-33.99091
1907247656.25,-33.99763
1907247812.5,-33.99495
1907247968.75,-33.98917
1907248125.0,-33.99144
1907248281.25,-33.99228
1907248437.5,-33.99436
1907248593.75,-33.98674
1907248750.0,-33.9879
1907248906.25,-33.98495
1907249062.5,-33.98703
1907249218.75,-33.98274
1907249375.0,-33.98616
1907249531.25,-33.99301
1907249687.5,-33.98896
1907249843.75,-33.98143
1907250000.0,-33.99292
1907250156.25,-33.98539
1907250312.5,-33.98563
1907250468.75,-33.97972
1907250625.0,-33.98334
1907250781.25,-33.97914
1907250937.5,-33.98717
1907251093.75,-33.98568
1907251250.0,-33.97791
1907251406.25,-33.98163
1907251562.5,-33.9883
1907251718.75,-33.98448
1907251875.0,-33.97641
1907252031.25,-33.98223
1907252187.5,-33.97211
1907252343.75,-33.98338
1907252500.0,-33.97528
1907252656.25,-33.9676
1907252812.5,-33.97356
1907252968.75,-33.97121
1907253125.0,-33.97331
1907253281.25,-33.97487
1907253437.5,-33.97899
1907253593.75,-33.97057
1907253750.0,-33.9663
1907253906.25,-33.97385
1907254062.5,-33.98136
1907254218.75,-33.98013
1907254375.0,-33.97152
1907254531.25,-33.97862
1907254687.5,-33.96759
1907254843.75,-33.96574
1907255000.0,-33.97174
1907255156.25,-33.96429
1907255312.5,-33.97097
1907255468.75,-33.96237
1907255625.0,-33.96378
1907255781.25,-33.95844
1907255937.5,-33.97152
1907256093.75,-33.96352
1907256250.0,-33.96955
1907256406.25,-33.96439
1907256562.5,-33.96511
1907256718.75,-33.96352
1907256875.0,-33.95735
1907257031.25,-33.96493
1907257187.5,-33.96648
1907257343.75,-33.96838
1907257500.0,-33.95741
1907257656.25,-33.95137
1907257812.5,-33.95922
1907257968.75,-33.96215
1907258125.0,-33.95475
1907258281.25,-33.96357
1907258437.5,-33.96029
1907258593.75,-33.96836
1907258750.0,-33.95665
1907258906.25,-33.95506
1907259062.5,-33.95497
1907259218.75,-33.95551
1907259375.0,-33.95315
1907259531.25,-33.9557
1907259687.5,-33.95112
1907259843.75,-33.9499
1907260000.0,-33.9521
1907260156.25,-33.94584
1907260312.5,-33.95961
1907260468.75,-33.94376
1907260625.0,-33.94322
1907260781.25,-33.95596
1907260937.5,-33.95232
1907261093.75,-33.94808
1907261250.0,-33.95393
1907261406.25,-33.94877
1907261562.5,-33.95191
1907261718.75,-33.94414
1907261875.0,-33.95189
1907262031.25,-33.94411
1907262187.5,-33.95543
1907262343.75,-33.94311
1907262500.0,-33.93932
1907262656.25,-33.93216
1907262812.5,-33.94534
1907262968.75,-33.93992
1907263125.0,-33.94552
1907263281.25,-33.94785
1907263437.5,-33.9486
1907263593.75,-33.952
1907263750.0,-33.94007
1907263906.25,-33.94245
1907264062.5,-33.94234
1907264218.75,-33.94365
1907264375.0,-33.95032
1907264531.25,-33.94257
1907264687.5,-33.93768
1907264843.75,-33.94778
1907265000.0,-33.93768
1907265156.25,-33.94301
1907265312.5,-33.94052
1907265468.75,-33.93341
1907265625.0,-33.9378
1907265781.25,-33.93936
1907265937.5,-33.93766
1907266093.75,-33.92974
1907266250.0,-33.93385
1907266406.25,-33.93427
1907266562.5,-33.93112
1907266718.75,-33.93671
1907266875.0,-33.93478
1907267031.25,-33.93454
1907267187.5,-33.93446
1907267343.75,-33.92563
1907267500.0,-33.92546
1907267656.25,-33.93421
1907267812.5,-33.92498
1907267968.75,-33.92544
1907268125.0,-33.92659
1907268281.25,-33.93161
1907268437.5,-33.92942
1907268593.75,-33.926
1907268750.0,-33.92302
1907268906.25,-33.92702
1907269062.5,-33.92439
1907269218.75,-33.91786
1907269375.0,-33.92229
1907269531.25,-33.92867
1907269687.5,-33.92921
1907269843.75,-33.91846
1907270000.0,-33.9256
1907270156.25,-33.91709
1907270312.5,-33.92526
1907270468.75,-33.92207
1907270625.0,-33.91846
1907270781.25,-33.91773
1907270937.5,-33.91591
1907271093.75,-33.91906
1907271250.0,-33.91957
1907271406.25,-33.91977
1907271562.5,-33.91572
1907271718.75,-33.91538
1907271875.0,-33.91608
1907272031.25,-33.92391
1907272187.5,-33.91259
1907272343.75,-33.9164
1907272500.0,-33.9169
1907272656.25,-33.91576
1907272812.5,-33.90926
1907272968.75,-33.91145
1907273125.0,-33.90619
1907273281.25,-33.91447
1907273437.5,-33.91027
1907273593.75,-33.91508
1907273750.0,-33.90837
1907273906.25,-33.90917
1907274062.5,-33.91177
1907274218.75,-33.90338
1907274375.0,-33.90885
1907274531.25,-33.90554
1907274687.5,-33.90554
1907274843.75,-33.9036
1907275000.0,-33.91629
1907275156.25,-33.91246
1907275312.5,-33.91169
1907275468.75,-33.90282
1907275625.0,-33.90429
1907275781.25,-33.90427
1907275937.5,-33.89819
1907276093.75,-33.90706
1907276250.0,-33.90219
1907276406.25,-33.90561
1907276562.5,-33.90063
1907276718.75,-33.89634
1907276875.0,-33.90854
1907277031.25,-33.90326
1907277187.5,-33.89795
1907277343.75,-33.89944
1907277500.0,-33.8983
1907277656.25,-33.90286
1907277812.5,-33.89728
1907277968.75,-33.89785
1907278125.0,-33.89975
1907278281.25,-33.89929
1907278437.5,-33.89399
1907278593.75,-33.88833
1907278750.0,-33.89388
1907278906.25,-33.88761
1907279062.5,-33.89757
1907279218.75,-33.89072
1907279375.0,-33.8941
1907279531.25,-33.88736
1907279687.5,-33.89042
1907279843.75,-33.89239
1907280000.0,-33.89257
1907280156.25,-33.88439
1907280312.5,-33.89547
1907280468.75,-33.89364
1907280625.0,-33.88905
1907280781.25,-33.89109
1907280937.5,-33.88502
1907281093.75,-33.88411
1907281250.0,-33.88498
1907281406.25,-33.88701
1907281562.5,-33.88493
1907281718.75,-33.88935
1907281875.0,-33.88701
1907282031.25,-33.87821
1907282187.5,-33.88669
1907282343.75,-33.88306
1907282500.0,-33.87941
1907282656.25,-33.88166
1907282812.5,-33.87864
1907282968.75,-33.88543
1907283125.0,-33.88204
1907283281.25,-33.88122
1907283437.5,-33.88469
1907283593.75,-33.8777
1907283750.0,-33.87827
1907283906.25,-33.88017
1907284062.5,-33.87481
1907284218.75,-33.87826
1907284375.0,-33.88721
1907284531.25,-33.8817
1907284687.5,-33.87278
1907284843.75,-33.87703
1907285000.0,-33.87025
1907285156.25,-33.86941
1907285312.5,-33.87697
1907285468.75,-33.86646
1907285625.0,-33.8702
1907285781.25,-33.8793
1907285937.5,-33.86883
1907286093.75,-33.87373
1907286250.0,-33.86889
1907286406.25,-33.86852
1907286562.5,-33.86836
1907286718.75,-33.86496
1907286875.0,-33.86955
1907287031.25,-33.8698
1907287187.5,-33.86283
1907287343.75,-33.87439
1907287500.0,-33.86974
1907287656.25,-33.8617
1907287812.5,-33.86575
1907287968.75,-33.86264
1907288125.0,-33.86508
1907288281.25,-33.8641
1907288437.5,-33.86335
1907288593.75,-33.86411
1907288750.0,-33.85936
1907288906.25,-33.86335
1907289062.5,-33.86329
1907289218.75,-33.8668
1907289375.0,-33.86327
1907289531.25,-33.8634
1907289687.5,-33.85465
1907289843.75,-33.85954
1907290000.0,-33.86322
1907290156.25,-33.85194
1907290312.5,-33.85364
1907290468.75,-33.85521
1907290625.0,-33.86127
1907290781.25,-33.86276
1907290937.5,-33.86057
1907291093.75,-33.85926
1907291250.0,-33.8557
1907291406.25,-33.85041
1907291562.5,-33.85295
1907291718.75,-33.86172
1907291875.0,-33.85158
1907292031.25,-33.85347
1907292187.5,-33.85505
1907292343.75,-33.8488
1907292500.0,-33.85347
1907292656.25,-33.8493
1907292812.5,-33.85272
1907292968.75,-33.85932
1907293125.0,-33.85117
1907293281.25,-33.84492
1907293437.5,-33.85542
1907293593.75,-33.84618
1907293750.0,-33.84745
1907293906.25,-33.85111
1907294062.5,-33.84834
1907294218.75,-33.8454
1907294375.0,-33.84325
1907294531.25,-33.83694
1907294687.5,-33.84457
1907294843.75,-33.84845
1907295000.0,-33.84559
1907295156.25,-33.84287
1907295312.5,-33.84138
1907295468.75,-33.8423
1907295625.0,-33.85217
1907295781.25,-33.84182
1907295937.5,-33.83935
1907296093.75,-33.83741
1907296250.0,-33.85016
1907296406.25,-33.83689
1907296562.5,-33.8343
1907296718.75,-33.83368
1907296875.0,-33.82833
1907297031.25,-33.84154
1907297187.5,-33.83725
1907297343.75,-33.83131
1907297500.0,-33.84113
1907297656.25,-33.83214
1907297812.5,-33.83038
1907297968.75,-33.83038
1907298125.0,-33.83563
1907298281.25,-33.83317
1907298437.5,-33.83746
1907298593.75,-33.83234
1907298750.0,-33.83706
1907298906.25,-33.82947
1907299062.5,-33.82334
1907299218.75,-33.82282
1907299375.0,-33.83029
1907299531.25,-33.83311
1907299687.5,-33.8271
1907299843.75,-33.8274
1907300000.0,-33.82661
1907300156.25,-33.82404
1907300312.5,-33.82839
1907300468.75,-33.82132
1907300625.0,-33.82567
1907300781.25,-33.82122
1907300937.5,-33.82517
1907301093.75,-33.82215
1907301250.0,-33.82306
1907301406.25,-33.82319
1907301562.5,-33.81501
1907301718.75,-33.82497
1907301875.0,-33.81858
1907302031.25,-33.81623
1907302187.5,-33.82412
1907302343.75,-33.81976
1907302500.0,-33.82066
1907302656.25,-33.82355
1907302812.5,-33.82521
1907302968.75,-33.82299
1907303125.0,-33.82481
1907303281.25,-33.82281
1907303437.5,-33.8236
1907303593.75,-33.81868
1907303750.0,-33.80606
1907303906.25,-33.81779
1907304062.5,-33.81585
1907304218.75,-33.81156
1907304375.0,-33.81016
1907304531.25,-33.81881
1907304687.5,-33.81401
1907304843.75,-33.80671
1907305000.0,-33.80381
1907305156.25,-33.81392
1907305312.5,-33.8196
1907305468.75,-33.80831
1907305625.0,-33.80909
1907305781.25,-33.80924
1907305937.5,-33.80595
1907306093.75,-33.80749
1907306250.0,-33.80519
1907306406.25,-33.80634
1907306562.5,-33.80574
1907306718.75,-33.8135
1907306875.0,-33.80058
1907307031.25,-33.8042
1907307187.5,-33.81001
1907307343.75,-33.8082
1907307500.0,-33.80364
1907307656.25,-33.80894
1907307812.5,-33.80629
1907307968.75,-33.79961
1907308125.0,-33.79885
1907308281.25,-33.8031
1907308437.5,-33.80173
1907308593.75,-33.79887
1907308750.0,-33.80069
1907308906.25,-33.79743
1907309062.5,-33.79134
1907309218.75,-33.79438
1907309375.0,-33.80067
1907309531.25,-33.80556
1907309687.5,-33.8017
1907309843.75,-33.80113
1907310000.0,-33.80624
1907310156.25,-33.79542
1907310312.5,-33.7965
1907310468.75,-33.79846
1907310625.0,-33.7922
1907310781.25,-33.7927
1907310937.5,-33.80077
1907311093.75,-33.79425
1907311250.0,-33.80037
1907311406.25,-33.78823
1907311562.5,-33.78517
1907311718.75,-33.79549
1907311875.0,-33.79313
1907312031.25,-33.78806
1907312187.5,-33.7896
1907312343.75,-33.77849
1907312500.0,-33.79218
1907312656.25,-33.78581
1907312812.5,-33.78595
1907312968.75,-33.7824
1907313125.0,-33.78198
1907313281.25,-33.7854
1907313437.5,-33.78088
1907313593.75,-33.78459
1907313750.0,-33.77581
1907313906.25,-33.78408
1907314062.5,-33.77424
1907314218.75,-33.78085
1907314375.0,-33.78655
1907314531.25,-33.78357
1907314687.5,-33.78378
1907314843.75,-33.78337
1907315000.0,-33.77153
1907315156.25,-33.78318
1907315312.5,-33.77517
1907315468.75,-33.77379
1907315625.0,-33.77482
1907315781.25,-33.77734
1907315937.5,-33.78411
1907316093.75,-33.78154
1907316250.0,-33.77617
1907316406.25,-33.77803
1907316562.5,-33.77781
1907316718.75,-33.77739
1907316875.0,-33.78021
1907317031.25,-33.77198
1907317187.5,-33.76965
1907317343.75,-33.77682
1907317500.0,-33.77625
1907317656.25,-33.76848
1907317812.5,-33.77083
1907317968.75,-33.77088
1907318125.0,-33.77101
1907318281.25,-33.76432
1907318437.5,-33.76659
1907318593.75,-33.76503
1907318750.0,-33.76563
1907318906.25,-33.76463
1907319062.5,-33.76981
1907319218.75,-33.76822
1907319375.0,-33.76011
1907319531.25,-33.75937
1907319687.5,-33.7634
1907319843.75,-33.76506
1907320000.0,-33.76079
1907320156.25,-33.7581
1907320312.5,-33.75873
1907320468.75,-33.76448
1907320625.0,-33.7645
1907320781.25,-33.75438
1907320937.5,-33.76222
1907321093.75,-33.75707
1907321250.0,-33.76282
1907321406.25,-33.76373
1907321562.5,-33.76569
1907321718.75,-33.75531
1907321875.0,-33.75236
1907322031.25,-33.7557
1907322187.5,-33.76225
1907322343.75,-33.75549
1907322500.0,-33.76619
1907322656.25,-33.75129
1907322812.5,-33.75991
1907322968.75,-33.74945
1907323125.0,-33.75885
1907323281.25,-33.75714
1907323437.5,-33.74987
1907323593.75,-33.75494
1907323750.0,-33.75053
1907323906.25,-33.75256
1907324062.5,-33.75049
1907324218.75,-33.7439
1907324375.0,-33.75009
1907324531.25,-33.74491
1907324687.5,-33.74871
1907324843.75,-33.74359
1907325000.0,-33.748
1907325156.25,-33.7486
1907325312.5,-33.74549
1907325468.75,-33.74771
1907325625.0,-33.74585
1907325781.25,-33.73823
1907325937.5,-33.74401
1907326093.75,-33.73975
1907326250.0,-33.74823
1907326406.25,-33.73798
1907326562.5,-33.74087
1907326718.75,-33.74256
1907326875.0,-33.74084
1907327031.25,-33.74318
1907327187.5,-33.73608
1907327343.75,-33.73837
1907327500.0,-33.73111
1907327656.25,-33.74212
1907327812.5,-33.73847
1907327968.75,-33.74223
1907328125.0,-33.73124
1907328281.25,-33.74584
1907328437.5,-33.73857
1907328593.75,-33.73494
1907328750.0,-33.73575
1907328906.25,-33.73785
1907329062.5,-33.73857
1907329218.75,-33.73516
1907329375.0,-33.73787
1907329531.25,-33.72947
1907329687.5,-33.73067
1907329843.75,-33.73384
1907330000.0,-33.73489
1907330156.25,-33.72968
1907330312.5,-33.72766
1907330468.75,-33.736
1907330625.0,-33.72623
1907330781.25,-33.72879
1907330937.5,-33.73122
1907331093.75,-33.73314
1907331250.0,-33.72515
1907331406.25,-33.72486
1907331562.5,-33.72724
1907331718.75,-33.72483
1907331875.0,-33.7191
1907332031.25,-33.71976
1907332187.5,-33.72345
1907332343.75,-33.72232
1907332500.0,-33.72502
1907332656.25,-33.7241
1907332812.5,-33.72482
1907332968.75,-33.72403
1907333125.0,-33.72058
1907333281.25,-33.72261
1907333437.5,-33.72018
1907333593.75,-33.72027
1907333750.0,-33.71178
1907333906.25,-33.72165
1907334062.5,-33.72894
1907334218.75,-33.71658
1907334375.0,-33.71352
1907334531.25,-33.71694
1907334687.5,-33.72548
1907334843.75,-33.71272
1907335000.0,-33.71775
1907335156.25,-33.71684
1907335312.5,-33.70832
1907335468.75,-33.71573
1907335625.0,-33.71807
1907335781.25,-33.71336
1907335937.5,-33.70762
1907336093.75,-33.71403
1907336250.0,-33.71457
1907336406.25,-33.71857
1907336562.5,-33.70709
1907336718.75,-33.70454
1907336875.0,-33.71077
1907337031.25,-33.70971
1907337187.5,-33.7034
1907337343.75,-33.70394
1907337500.0,-33.70563
1907337656.25,-33.70235
1907337812.5,-33.70295
1907337968.75,-33.71006
1907338125.0,-33.70374
1907338281.25,-33.71135
1907338437.5,-33.70681
1907338593.75,-33.69734
1907338750.0,-33.70511
1907338906.25,-33.70625
1907339062.5,-33.70113
1907339218.75,-33.69885
1907339375.0,-33.70308
1907339531.25,-33.70316
1907339687.5,-33.70107
1907339843.75,-33.69532
1907340000.0,-33.69875
1907340156.25,-33.70113
1907340312.5,-33.69979
1907340468.75,-33.70033
1907340625.0,-33.68693
1907340781.25,-33.68902
1907340937.5,-33.69221
1907341093.75,-33.69691
1907341250.0,-33.70064
1907341406.25,-33.69529
1907341562.5,-33.69725
1907341718.75,-33.69299
1907341875.0,-33.69264
1907342031.25,-33.6921
1907342187.5,-33.69138
1907342343.75,-33.69237
1907342500.0,-33.68853
1907342656.25,-33.68814
1907342812.5,-33.69105
1907342968.75,-33.69178
1907343125.0,-33.68091
1907343281.25,-33.68369
1907343437.5,-33.68498
1907343593.75,-33.68988
1907343750.0,-33.68036
1907343906.25,-33.68264
1907344062.5,-33.68835
1907344218.75,-33.68759
1907344375.0,-33.6798
1907344531.25,-33.67762
1907344687.5,-33.68268
1907344843.75,-33.67773
1907345000.0,-33.67695
1907345156.25,-33.68825
1907345312.5,-33.68557
1907345468.75,-33.67923
1907345625.0,-33.67858
1907345781.25,-33.67406
1907345937.5,-33.68249
1907346093.75,-33.6809
1907346250.0,-33.6855
1907346406.25,-33.68383
1907346562.5,-33.68454
1907346718.75,-33.67657
1907346875.0,-33.67657
1907347031.25,-33.67289
1907347187.5,-33.67379
1907347343.75,-33.67562
1907347500.0,-33.66789
1907347656.25,-33.67135
1907347812.5,-33.67418
1907347968.75,-33.67584
1907348125.0,-33.67958
1907348281.25,-33.67261
1907348437.5,-33.67506
1907348593.75,-33.66765
1907348750.0,-33.66814
1907348906.25,-33.67308
1907349062.5,-33.67641
1907349218.75,-33.66662
1907349375.0,-33.66288
1907349531.25,-33.66835
1907349687.5,-33.67545
1907349843.75,-33.66965
1907350000.0,-33.66565
1907350156.25,-33.66907
1907350312.5,-33.66544
1907350468.75,-33.67088
1907350625.0,-33.66928
1907350781.25,-33.66567
1907350937.5,-33.66898
1907351093.75,-33.66557
1907351250.0,-33.66867
1907351406.25,-33.66823
1907351562.5,-33.66366
1907351718.75,-33.65886
1907351875.0,-33.65919
1907352031.25,-33.66206
1907352187.5,-33.66066
1907352343.75,-33.65873
1907352500.0,-33.66076
1907352656.25,-33.65703
1907352812.5,-33.66602
1907352968.75,-33.65384
1907353125.0,-33.65396
1907353281.25,-33.65152
1907353437.5,-33.66073
1907353593.75,-33.65466
1907353750.0,-33.6483
1907353906.25,-33.65487
1907354062.5,-33.65499
1907354218.75,-33.65073
1907354375.0,-33.65051
1907354531.25,-33.6511
1907354687.5,-33.65155
1907354843.75,-33.65429
1907355000.0,-33.65707
1907355156.25,-33.64814
1907355312.5,-33.63811
1907355468.75,-33.6531
1907355625.0,-33.64863
1907355781.25,-33.65303
1907355937.5,-33.64663
1907356093.75,-33.64217
1907356250.0,-33.64838
1907356406.25,-33.64301
1907356562.5,-33.65582
1907356718.75,-33.64983
1907356875.0,-33.64796
1907357031.25,-33.64798
1907357187.5,-33.6418
1907357343.75,-33.64375
1907357500.0,-33.64814
1907357656.25,-33.64097
1907357812.5,-33.64042
1907357968.75,-33.63458
1907358125.0,-33.64627
1907358281.25,-33.64883
1907358437.5,-33.6292
1907358593.75,-33.64009
1907358750.0,-33.63974
1907358906.25,-33.63715
1907359062.5,-33.63964
1907359218.75,-33.63678
1907359375.0,-33.63161
1907359531.25,-33.63901
1907359687.5,-33.63826
1907359843.75,-33.63599
1907360000.0,-33.63647
1907360156.25,-33.6254
1907360312.5,-33.63142
1907360468.75,-33.63539
1907360625.0,-33.62972
1907360781.25,-33.63173
1907360937.5,-33.63322
1907361093.75,-33.63443
1907361250.0,-33.6334
1907361406.25,-33.6334
1907361562.5,-33.62752
1907361718.75,-33.62562
1907361875.0,-33.62756
1907362031.25,-33.62635
1907362187.5,-33.63055
1907362343.75,-33.62939
1907362500.0,-33.62959
1907362656.25,-33.63405
1907362812.5,-33.62278
1907362968.75,-33.63026
1907363125.0,-33.62584
1907363281.25,-33.62332
1907363437.5,-33.62442
1907363593.75,-33.62811
1907363750.0,-33.62296
1907363906.25,-33.62706
1907364062.5,-33.61737
1907364218.75,-33.61819
1907364375.0,-33.62048
1907364531.25,-33.6162
1907364687.5,-33.62091
1907364843.75,-33.61893
1907365000.0,-33.61475
1907365156.25,-33.61871
1907365312.5,-33.61275
1907365468.75,-33.61792
1907365625.0,-33.61664
1907365781.25,-33.6191
1907365937.5,-33.61345
1907366093.75,-33.61892
1907366250.0,-33.62091
1907366406.25,-33.61184
1907366562.5,-33.61234
1907366718.75,-33.61102
1907366875.0,-33.61488
1907367031.25,-33.61353
1907367187.5,-33.62255
1907367343.75,-33.60363
1907367500.0,-33.61002
1907367656.25,-33.61654
1907367812.5,-33.60823
1907367968.75,-33.60552
1907368125.0,-33.61229
1907368281.25,-33.60857
1907368437.5,-33.5974
1907368593.75,-33.60364
1907368750.0,-33.60238
1907368906.25,-33.60499
1907369062.5,-33.60373
1907369218.75,-33.60699
1907369375.0,-33.6102
1907369531.25,-33.60438
1907369687.5,-33.6069
1907369843.75,-33.6058
1907370000.0,-33.60419
1907370156.25,-33.60302
1907370312.5,-33.60134
1907370468.75,-33.60473
1907370625.0,-33.59682
1907370781.25,-33.60424
1907370937.5,-33.60152
1907371093.75,-33.59732
1907371250.0,-33.59344
1907371406.25,-33.60294
1907371562.5,-33.59832
1907371718.75,-33.59459
1907371875.0,-33.59053
1907372031.25,-33.5947
1907372187.5,-33.59594
1907372343.75,-33.59237
1907372500.0,-33.59292
1907372656.25,-33.59391
1907372812.5,-33.59631
1907372968.75,-33.59218
1907373125.0,-33.59373
1907373281.25,-33.5942
1907373437.5,-33.58374
1907373593.75,-33.59306
1907373750.0,-33.59195
1907373906.25,-33.5998
1907374062.5,-33.58764
1907374218.75,-33.58163
1907374375.0,-33.58676
1907374531.25,-33.58545
1907374687.5,-33.57304
1907374843.75,-33.58616
1907375000.0,-33.59034
1907375156.25,-33.58847
1907375312.5,-33.58598
1907375468.75,-33.58116
1907375625.0,-33.58009
1907375781.25,-33.58331
1907375937.5,-33.57431
1907376093.75,-33.58367
1907376250.0,-33.58207
1907376406.25,-33.57484
1907376562.5,-33.58194
1907376718.75,-33.58224
1907376875.0,-33.57539
1907377031.25,-33.58255
1907377187.5,-33.58282
1907377343.75,-33.56963
1907377500.0,-33.57657
1907377656.25,-33.57526
1907377812.5,-33.57333
1907377968.75,-33.5708
1907378125.0,-33.57349
1907378281.25,-33.57073
1907378437.5,-33.5826
1907378593.75,-33.5744
1907378750.0,-33.57291
1907378906.25,-33.57787
1907379062.5,-33.57262
1907379218.75,-33.57632
1907379375.0,-33.56959
1907379531.25,-33.5781
1907379687.5,-33.57589
1907379843.75,-33.56969
1907380000.0,-33.56622
1907380156.25,-33.56522
1907380312.5,-33.56699
1907380468.75,-33.56761
1907380625.0,-33.56416
1907380781.25,-33.56325
1907380937.5,-33.56569
1907381093.75,-33.56747
1907381250.0,-33.57236
1907381406.25,-33.56745
1907381562.5,-33.55518
1907381718.75,-33.56712
1907381875.0,-33.5644
1907382031.25,-33.56312
1907382187.5,-33.5622
1907382343.75,-33.56034
1907382500.0,-33.56372
1907382656.25,-33.5649
1907382812.5,-33.55576
1907382968.75,-33.56133
1907383125.0,-33.55654
1907383281.25,-33.56129
1907383437.5,-33.55832
1907383593.75,-33.55519
1907383750.0,-33.55549
1907383906.25,-33.56069
1907384062.5,-33.54984
1907384218.75,-33.55751
1907384375.0,-33.55536
1907384531.25,-33.55594
1907384687.5,-33.55175
1907384843.75,-33.55431
1907385000.0,-33.54953
1907385156.25,-33.55602
1907385312.5,-33.55392
1907385468.75,-33.5546
1907385625.0,-33.55045
1907385781.25,-33.55413
1907385937.5,-33.54977
1907386093.75,-33.55182
1907386250.0,-33.55444
1907386406.25,-33.54372
1907386562.5,-33.54583
1907386718.75,-33.54989
1907386875.0,-33.55106
1907387031.25,-33.54501
1907387187.5,-33.53966
1907387343.75,-33.54927
1907387500.0,-33.54587
1907387656.25,-33.5423
1907387812.5,-33.54164
1907387968.75,-33.54654
1907388125.0,-33.53939
1907388281.25,-33.54329
1907388437.5,-33.54289
1907388593.75,-33.53785
1907388750.0,-33.53643
1907388906.25,-33.53493
1907389062.5,-33.54161
1907389218.75,-33.53498
1907389375.0,-33.5376
1907389531.25,-33.5346
1907389687.5,-33.53827
1907389843.75,-33.53631
1907390000.0,-33.53354
1907390156.25,-33.52953
1907390312.5,-33.53135
1907390468.75,-33.52925
1907390625.0,-33.54016
1907390781.25,-33.53072
1907390937.5,-33.53274
1907391093.75,-33.54198
1907391250.0,-33.53341
1907391406.25,-33.52525
1907391562.5,-33.52827
1907391718.75,-33.52965
1907391875.0,-33.52707
1907392031.25,-33.53539
1907392187.5,-33.52786
1907392343.75,-33.52894
1907392500.0,-33.52503
1907392656.25,-33.52792
1907392812.5,-33.52473
1907392968.75,-33.5321
1907393125.0,-33.52473
1907393281.25,-33.52241
1907393437.5,-33.52466
1907393593.75,-33.51746
1907393750.0,-33.52022
1907393906.25,-33.52157
1907394062.5,-33.5249
1907394218.75,-33.52762
1907394375.0,-33.52118
1907394531.25,-33.52072
1907394687.5,-33.5267
1907394843.75,-33.5258
1907395000.0,-33.52119
1907395156.25,-33.52361
1907395312.5,-33.52062
1907395468.75,-33.51357
1907395625.0,-33.51832
1907395781.25,-33.5233
1907395937.5,-33.51822
1907396093.75,-33.51638
1907396250.0,-33.51955
1907396406.25,-33.52377
1907396562.5,-33.51965
1907396718.75,-33.51463
1907396875.0,-33.52149
1907397031.25,-33.52016
1907397187.5,-33.51115
1907397343.75,-33.5156
1907397500.0,-33.51798
1907397656.25,-33.5124
1907397812.5,-33.50521
1907397968.75,-33.51063
1907398125.0,-33.50887
1907398281.25,-33.50571
1907398437.5,-33.50491
1907398593.75,-33.50334
1907398750.0,-33.50635
1907398906.25,-33.50028
1907399062.5,-33.51265
1907399218.75,-33.50623
1907399375.0,-33.5066
1907399531.25,-33.50613
1907399687.5,-33.50295
1907399843.75,-33.50784
1907400000.0,-33.50375
1907400156.25,-33.49772
1907400312.5,-33.49559
1907400468.75,-33.50241
1907400625.0,-33.49891
1907400781.25,-33.49702
1907400937.5,-33.5045
1907401093.75,-33.50382
1907401250.0,-33.49599
1907401406.25,-33.49481
1907401562.5,-33.50427
1907401718.75,-33.50592
1907401875.0,-33.49401
1907402031.25,-33.49566
1907402187.5,-33.49184
1907402343.75,-33.50022
1907402500.0,-33.49738
1907402656.25,-33.49417
1907402812.5,-33.49121
1907402968.75,-33.48997
1907403125.0,-33.49371
1907403281.25,-33.48824
1907403437.5,-33.49837
1907403593.75,-33.49488
1907403750.0,-33.49085
1907403906.25,-33.4898
1907404062.5,-33.48531
1907404218.75,-33.48798
1907404375.0,-33.48595
1907404531.25,-33.48409
1907404687.5,-33.4863
1907404843.75,-33.48561
1907405000.0,-33.49002
1907405156.25,-33.48317
1907405312.5,-33.48662
1907405468.75,-33.49058
1907405625.0,-33.48604
1907405781.25,-33.4858
1907405937.5,-33.48222
1907406093.75,-33.48271
1907406250.0,-33.48409
1907406406.25,-33.47767
1907406562.5,-33.47797
1907406718.75,-33.4815
1907406875.0,-33.47614
1907407031.25,-33.47947
1907407187.5,-33.4795
1907407343.75,-33.48045
1907407500.0,-33.48498
1907407656.25,-33.47987
1907407812.5,-33.47417
1907407968.75,-33.47177
1907408125.0,-33.4752
1907408281.25,-33.48054
1907408437.5,-33.47369
1907408593.75,-33.47791
1907408750.0,-33.47055
1907408906.25,-33.46917
1907409062.5,-33.4723
1907409218.75,-33.47269
1907409375.0,-33.4725
1907409531.25,-33.47162
1907409687.5,-33.46922
1907409843.75,-33.46936
1907410000.0,-33.46639
1907410156.25,-33.47476
1907410312.5,-33.46484
1907410468.75,-33.46875
1907410625.0,-33.46385
1907410781.25,-33.46838
1907410937.5,-33.47379
1907411093.75,-33.46599
1907411250.0,-33.46718
1907411406.25,-33.47066
1907411562.5,-33.46125
1907411718.75,-33.46656
1907411875.0,-33.46577
1907412031.25,-33.46131
1907412187.5,-33.46507
1907412343.75,-33.4653
1907412500.0,-33.46463
1907412656.25,-33.46422
1907412812.5,-33.46239
1907412968.75,-33.46611
1907413125.0,-33.46502
1907413281.25,-33.45408
1907413437.5,-33.45844
1907413593.75,-33.45766
1907413750.0,-33.45852
1907413906.25,-33.45123
1907414062.5,-33.45811
1907414218.75,-33.45135
1907414375.0,-33.44888
1907414531.25,-33.45203
1907414687.5,-33.4588
1907414843.75,-33.45283
1907415000.0,-33.45662
1907415156.25,-33.45687
1907415312.5,-33.45525
1907415468.75,-33.44397
1907415625.0,-33.45341
1907415781.25,-33.4561
1907415937.5,-33.4473
1907416093.75,-33.44721
1907416250.0,-33.4533
1907416406.25,-33.4566
1907416562.5,-33.44803
1907416718.75,-33.44941
1907416875.0,-33.44785
1907417031.25,-33.45034
1907417187.5,-33.45042
1907417343.75,-33.44666
1907417500.0,-33.44637
1907417656.25,-33.4422
1907417812.5,-33.45504
1907417968.75,-33.44646
1907418125.0,-33.44122
1907418281.25,-33.43883
1907418437.5,-33.43823
1907418593.75,-33.44172
1907418750.0,-33.44128
1907418906.25,-33.44146
1907419062.5,-33.43958
1907419218.75,-33.43596
1907419375.0,-33.43518
1907419531.25,-33.44022
1907419687.5,-33.44011
1907419843.75,-33.44477
1907420000.0,-33.43662
1907420156.25,-33.43945
1907420312.5,-33.43918
1907420468.75,-33.43744
1907420625.0,-33.43756
1907420781.25,-33.43832
1907420937.5,-33.43032
1907421093.75,-33.43103
1907421250.0,-33.4382
1907421406.25,-33.4334
1907421562.5,-33.42857
1907421718.75,-33.43896
1907421875.0,-33.42796
1907422031.25,-33.43183
1907422187.5,-33.42832
1907422343.75,-33.4277
1907422500.0,-33.43232
1907422656.25,-33.42952
1907422812.5,-33.42761
1907422968.75,-33.42699
1907423125.0,-33.42377
1907423281.25,-33.42216
1907423437.5,-33.41953
1907423593.75,-33.4171
1907423750.0,-33.42459
1907423906.25,-33.43102
1907424062.5,-33.4268
1907424218.75,-33.42838
1907424375.0,-33.42135
1907424531.25,-33.42322
1907424687.5,-33.41867
1907424843.75,-33.42928
1907425000.0,-33.42255
1907425156.25,-33.42493
1907425312.5,-33.42043
1907425468.75,-33.41456
1907425625.0,-33.42077
1907425781.25,-33.41974
1907425937.5,-33.41961
1907426093.75,-33.42334
1907426250.0,-33.41046
1907426406.25,-33.41988
1907426562.5,-33.41236
1907426718.75,-33.41162
1907426875.0,-33.41575
1907427031.25,-33.40739
1907427187.5,-33.41061
1907427343.75,-33.41413
1907427500.0,-33.4151
1907427656.25,-33.41103
1907427812.5,-33.41054
1907427968.75,-33.41218
1907428125.0,-33.41311
1907428281.25,-33.40839
1907428437.5,-33.41508
1907428593.75,-33.40963
1907428750.0,-33.4066
1907428906.25,-33.40694
1907429062.5,-33.40523
1907429218.75,-33.40634
1907429375.0,-33.40852
1907429531.25,-33.40591
1907429687.5,-33.40686
1907429843.75,-33.40826
1907430000.0,-33.40982
1907430156.25,-33.40263
1907430312.5,-33.40237
1907430468.75,-33.40447
1907430625.0,-33.40862
1907430781.25,-33.39816
1907430937.5,-33.40389
1907431093.75,-33.41116
1907431250.0,-33.40063
1907431406.25,-33.40299
1907431562.5,-33.40165
1907431718.75,-33.39456
1907431875.0,-33.39728
1907432031.25,-33.39571
1907432187.5,-33.39452
1907432343.75,-33.39412
1907432500.0,-33.39972
1907432656.25,-33.39452
1907432812.5,-33.39673
1907432968.75,-33.39966
1907433125.0,-33.39413
1907433281.25,-33.39603
1907433437.5,-33.39908
1907433593.75,-33.39524
1907433750.0,-33.38849
1907433906.25,-33.39658
1907434062.5,-33.39068
1907434218.75,-33.38617
1907434375.0,-33.38639
1907434531.25,-33.38434
1907434687.5,-33.38855
1907434843.75,-33.38836
1907435000.0,-33.37917
1907435156.25,-33.3888
1907435312.5,-33.39356
1907435468.75,-33.38915
1907435625.0,-33.38002
1907435781.25,-33.3868
1907435937.5,-33.38544
1907436093.75,-33.38142
1907436250.0,-33.38507
1907436406.25,-33.39231
1907436562.5,-33.37513
1907436718.75,-33.37651
1907436875.0,-33.38285
1907437031.25,-33.36997
1907437187.5,-33.3827
1907437343.75,-33.38048
1907437500.0,-33.37836
1907437656.25,-33.38
1907437812.5,-33.37853
1907437968.75,-33.37486
1907438125.0,-33.37916
1907438281.25,-33.38318
1907438437.5,-33.37085
1907438593.75,-33.37349
1907438750.0,-33.37827
1907438906.25,-33.37208
1907439062.5,-33.37799
1907439218.75,-33.36785
1907439375.0,-33.37037
1907439531.25,-33.38179
1907439687.5,-33.37148
1907439843.75,-33.3726
1907440000.0,-33.37079
1907440156.25,-33.37516
1907440312.5,-33.37125
1907440468.75,-33.36766
1907440625.0,-33.3661
1907440781.25,-33.36108
1907440937.5,-33.3671
1907441093.75,-33.36658
1907441250.0,-33.36504
1907441406.25,-33.36587
1907441562.5,-33.36028
1907441718.75,-33.3611
1907441875.0,-33.36295
1907442031.25,-33.36245
1907442187.5,-33.36824
1907442343.75,-33.36128
1907442500.0,-33.36084
1907442656.25,-33.36324
1907442812.5,-33.35559
1907442968.75,-33.35651
1907443125.0,-33.35862
1907443281.25,-33.35817
1907443437.5,-33.36415
1907443593.75,-33.35308
1907443750.0,-33.35507
1907443906.25,-33.35584
1907444062.5,-33.35939
1907444218.75,-33.35556
1907444375.0,-33.36411
1907444531.25,-33.35582
1907444687.5,-33.35165
1907444843.75,-33.35484
1907445000.0,-33.35703
1907445156.25,-33.35762
1907445312.5,-33.35121
1907445468.75,-33.35373
1907445625.0,-33.35758
1907445781.25,-33.34367
1907445937.5,-33.34565
1907446093.75,-33.34813
1907446250.0,-33.35006
1907446406.25,-33.34381
1907446562.5,-33.35153
1907446718.75,-33.34827
1907446875.0,-33.3508
1907447031.25,-33.34759
1907447187.5,-33.35109
1907447343.75,-33.3494
1907447500.0,-33.35004
1907447656.25,-33.35165
1907447812.5,-33.34274
1907447968.75,-33.34426
1907448125.0,-33.34304
1907448281.25,-33.34029
1907448437.5,-33.34527
1907448593.75,-33.34562
1907448750.0,-33.34218
1907448906.25,-33.35162
1907449062.5,-33.34312
1907449218.75,-33.34054
1907449375.0,-33.33413
1907449531.25,-33.33675
1907449687.5,-33.34097
1907449843.75,-33.33833
1907450000.0,-33.34024
1907450156.25,-33.3429
1907450312.5,-33.33022
1907450468.75,-33.33887
1907450625.0,-33.34088
1907450781.25,-33.34291
1907450937.5,-33.32938
1907451093.75,-33.33113
1907451250.0,-33.33686
1907451406.25,-33.33292
1907451562.5,-33.33074
1907451718.75,-33.32653
1907451875.0,-33.33541
1907452031.25,-33.31969
1907452187.5,-33.32504
1907452343.75,-33.33122
1907452500.0,-33.32377
1907452656.25,-33.33275
1907452812.5,-33.32412
1907452968.75,-33.32829
1907453125.0,-33.32871
1907453281.25,-33.32886
1907453437.5,-33.32156
1907453593.75,-33.32434
1907453750.0,-33.32787
1907453906.25,-33.32735
1907454062.5,-33.3199
1907454218.75,-33.31888
1907454375.0,-33.32753
1907454531.25,-33.32947
1907454687.5,-33.32514
1907454843.75,-33.32298
1907455000.0,-33.32091
1907455156.25,-33.32442
1907455312.5,-33.32549
1907455468.75,-33.31366
1907455625.0,-33.32404
1907455781.25,-33.31245
1907455937.5,-33.32122
1907456093.75,-33.31785
1907456250.0,-33.3152
1907456406.25,-33.3195
1907456562.5,-33.31701
1907456718.75,-33.30946
1907456875.0,-33.31193
1907457031.25,-33.31947
1907457187.5,-33.30992
1907457343.75,-33.31478
1907457500.0,-33.31216
1907457656.25,-33.30956
1907457812.5,-33.31474
1907457968.75,-33.31105
1907458125.0,-33.31381
1907458281.25,-33.31152
1907458437.5,-33.30407
1907458593.75,-33.30618
1907458750.0,-33.3118
1907458906.25,-33.30186
1907459062.5,-33.29879
1907459218.75,-33.30633
1907459375.0,-33.31155
1907459531.25,-33.30365
1907459687.5,-33.29942
1907459843.75,-33.29683
1907460000.0,-33.30569
1907460156.25,-33.30406
1907460312.5,-33.30156
1907460468.75,-33.2998
1907460625.0,-33.30212
1907460781.25,-33.30093
1907460937.5,-33.30035
1907461093.75,-33.30832
1907461250.0,-33.29946
1907461406.25,-33.29198
1907461562.5,-33.30194
1907461718.75,-33.29789
1907461875.0,-33.29843
1907462031.25,-33.2986
1907462187.5,-33.30569
1907462343.75,-33.29777
1907462500.0,-33.29906
1907462656.25,-33.29489
1907462812.5,-33.29567
1907462968.75,-33.28971
1907463125.0,-33.29507
1907463281.25,-33.2919
1907463437.5,-33.29388
1907463593.75,-33.28746
1907463750.0,-33.29502
1907463906.25,-33.28947
1907464062.5,-33.28819
1907464218.75,-33.28355
1907464375.0,-33.28828
1907464531.25,-33.29045
1907464687.5,-33.28678
1907464843.75,-33.29251
1907465000.0,-33.28024
1907465156.25,-33.27699
1907465312.5,-33.28783
1907465468.75,-33.28511
1907465625.0,-33.28519
1907465781.25,-33.28122
1907465937.5,-33.28524
1907466093.75,-33.27997
1907466250.0,-33.29293
1907466406.25,-33.27497
1907466562.5,-33.27882
1907466718.75,-33.27742
1907466875.0,-33.28149
1907467031.25,-33.2777
1907467187.5,-33.28754
1907467343.75,-33.28041
1907467500.0,-33.27813
1907467656.25,-33.27758
1907467812.5,-33.27632
1907467968.75,-33.27571
1907468125.0,-33.26815
1907468281.25,-33.27297
1907468437.5,-33.27781
1907468593.75,-33.27866
1907468750.0,-33.2756
1907468906.25,-33.27356
1907469062.5,-33.27528
1907469218.75,-33.27068
1907469375.0,-33.26661
1907469531.25,-33.26516
1907469687.5,-33.27311
1907469843.75,-33.26837
1907470000.0,-33.27868
1907470156.25,-33.26746
1907470312.5,-33.27089
1907470468.75,-33.26718
1907470625.0,-33.26848
1907470781.25,-33.26394
1907470937.5,-33.27165
1907471093.75,-33.2621
1907471250.0,-33.26128
1907471406.25,-33.26728
1907471562.5,-33.26354
1907471718.75,-33.268
1907471875.0,-33.26769
1907472031.25,-33.25518
1907472187.5,-33.26027
1907472343.75,-33.25891
1907472500.0,-33.26231
1907472656.25,-33.26046
1907472812.5,-33.26255
1907472968.75,-33.26577
1907473125.0,-33.25509
1907473281.25,-33.25903
1907473437.5,-33.25862
1907473593.75,-33.25141
1907473750.0,-33.25975
1907473906.25,-33.26352
1907474062.5,-33.25514
1907474218.75,-33.2524
1907474375.0,-33.25646
1907474531.25,-33.26034
1907474687.5,-33.24905
1907474843.75,-33.25623
1907475000.0,-33.24906
1907475156.25,-33.25612
1907475312.5,-33.25283
1907475468.75,-33.2526
1907475625.0,-33.25699
1907475781.25,-33.25391
1907475937.5,-33.24947
1907476093.75,-33.25274
1907476250.0,-33.25381
1907476406.25,-33.24675
1907476562.5,-33.24844
1907476718.75,-33.24353
1907476875.0,-33.24118
1907477031.25,-33.24791
1907477187.5,-33.24504
1907477343.75,-33.24728
1907477500.0,-33.2409
1907477656.25,-33.24185
1907477812.5,-33.24731
1907477968.75,-33.24319
1907478125.0,-33.24419
1907478281.25,-33.24657
1907478437.5,-33.23554
1907478593.75,-33.24343
1907478750.0,-33.23747
1907478906.25,-33.23896
1907479062.5,-33.23981
1907479218.75,-33.24333
1907479375.0,-33.24119
1907479531.25,-33.23258
1907479687.5,-33.23581
1907479843.75,-33.23402
1907480000.0,-33.23706
1907480156.25,-33.23537
1907480312.5,-33.23662
1907480468.75,-33.23717
1907480625.0,-33.23277
1907480781.25,-33.2365
1907480937.5,-33.23158
1907481093.75,-33.23347
1907481250.0,-33.23187
1907481406.25,-33.23139
1907481562.5,-33.2322
1907481718.75,-33.23255
1907481875.0,-33.22943
1907482031.25,-33.23134
1907482187.5,-33.23487
1907482343.75,-33.2287
1907482500.0,-33.22285
1907482656.25,-33.2235
1907482812.5,-33.22721
1907482968.75,-33.23305
1907483125.0,-33.22409
1907483281.25,-33.22431
1907483437.5,-33.22215
1907483593.75,-33.22289
1907483750.0,-33.22527
1907483906.25,-33.22616
1907484062.5,-33.22088
1907484218.75,-33.22036
1907484375.0,-33.2278
1907484531.25,-33.22091
1907484687.5,-33.22314
1907484843.75,-33.21595
1907485000.0,-33.21245
1907485156.25,-33.21782
1907485312.5,-33.21746
1907485468.75,-33.21466
1907485625.0,-33.22475
1907485781.25,-33.21246
1907485937.5,-33.22316
1907486093.75,-33.21249
1907486250.0,-33.21124
1907486406.25,-33.21803
1907486562.5,-33.21159
1907486718.75,-33.21828
1907486875.0,-33.21931
1907487031.25,-33.21802
1907487187.5,-33.20874
1907487343.75,-33.21156
1907487500.0,-33.20836
1907487656.25,-33.21384
1907487812.5,-33.20813
1907487968.75,-33.21416
1907488125.0,-33.20847
1907488281.25,-33.20393
1907488437.5,-33.20315
1907488593.75,-33.20208
1907488750.0,-33.20266
1907488906.25,-33.20737
1907489062.5,-33.20457
1907489218.75,-33.2043
1907489375.0,-33.21292
1907489531.25,-33.20226
1907489687.5,-33.20305
1907489843.75,-33.20316
1907490000.0,-33.20268
1907490156.25,-33.20008
1907490312.5,-33.20388
1907490468.75,-33.19641
1907490625.0,-33.20454
1907490781.25,-33.20199
1907490937.5,-33.20378
1907491093.75,-33.20231
1907491250.0,-33.19746
1907491406.25,-33.19437
1907491562.5,-33.2077
1907491718.75,-33.20574
1907491875.0,-33.1972
1907492031.25,-33.19727
1907492187.5,-33.19813
1907492343.75,-33.20354
1907492500.0,-33.19611
1907492656.25,-33.19148
1907492812.5,-33.1962
1907492968.75,-33.19152
1907493125.0,-33.18741
1907493281.25,-33.19378
1907493437.5,-33.18517
1907493593.75,-33.19721
1907493750.0,-33.18647
1907493906.25,-33.1894
1907494062.5,-33.19071
1907494218.75,-33.18835
1907494375.0,-33.19065
1907494531.25,-33.19364
1907494687.5,-33.18807
1907494843.75,-33.17883
1907495000.0,-33.18564
1907495156.25,-33.18523
1907495312.5,-33.18652
1907495468.75,-33.18256
1907495625.0,-33.17864
1907495781.25,-33.17939
1907495937.5,-33.18938
1907496093.75,-33.18169
1907496250.0,-33.1805
1907496406.25,-33.18193
1907496562.5,-33.18407
1907496718.75,-33.18608
1907496875.0,-33.18323
1907497031.25,-33.1765
1907497187.5,-33.17831
1907497343.75,-33.16949
1907497500.0,-33.17754
1907497656.25,-33.17572
1907497812.5,-33.17487
1907497968.75,-33.17448
1907498125.0,-33.17718
1907498281.25,-33.17325
1907498437.5,-33.17332
1907498593.75,-33.17085
1907498750.0,-33.17119
1907498906.25,-33.16706
1907499062.5,-33.16885
1907499218.75,-33.17403
1907499375.0,-33.17077
1907499531.25,-33.16993
1907499687.5,-33.1728
1907499843.75,-33.1632
1907500000.0,-33.17264
1907500156.25,-33.17292
1907500312.5,-33.16215
1907500468.75,-33.16774
1907500625.0,-33.17286
1907500781.25,-33.16766
1907500937.5,-33.16889
1907501093.75,-33.15718
1907501250.0,-33.15858
1907501406.25,-33.15881
1907501562.5,-33.16161
1907501718.75,-33.16179
1907501875.0,-33.16604
1907502031.25,-33.1673
1907502187.5,-33.15521
1907502343.75,-33.1579
1907502500.0,-33.16095
1907502656.25,-33.15842
1907502812.5,-33.15504
1907502968.75,-33.14741
1907503125.0,-33.15525
1907503281.25,-33.15646
1907503437.5,-33.15919
1907503593.75,-33.1616
1907503750.0,-33.15277
1907503906.25,-33.15942
1907504062.5,-33.15925
1907504218.75,-33.15244
1907504375.0,-33.14866
1907504531.25,-33.15611
1907504687.5,-33.14726
1907504843.75,-33.14543
1907505000.0,-33.15052
1907505156.25,-33.15331
1907505312.5,-33.14945
1907505468.75,-33.14679
1907505625.0,-33.14312
1907505781.25,-33.15028
1907505937.5,-33.14459
1907506093.75,-33.14635
1907506250.0,-33.13932
1907506406.25,-33.14281
1907506562.5,-33.14578
1907506718.75,-33.14312
1907506875.0,-33.14465
1907507031.25,-33.14451
1907507187.5,-33.14165
1907507343.75,-33.13976
1907507500.0,-33.14026
1907507656.25,-33.14252
1907507812.5,-33.13731
1907507968.75,-33.1365
1907508125.0,-33.13862
1907508281.25,-33.13925
1907508437.5,-33.14272
1907508593.75,-33.13294
1907508750.0,-33.14058
1907508906.25,-33.13882
1907509062.5,-33.13357
1907509218.75,-33.12963
1907509375.0,-33.137
1907509531.25,-33.12806
1907509687.5,-33.13731
1907509843.75,-33.13285
1907510000.0,-33.13187
1907510156.25,-33.13212
1907510312.5,-33.13817
1907510468.75,-33.13379
1907510625.0,-33.13532
1907510781.25,-33.12543
1907510937.5,-33.13033
1907511093.75,-33.1281
1907511250.0,-33.1269
1907511406.25,-33.1275
1907511562.5,-33.12616
1907511718.75,-33.13294
1907511875.0,-33.12756
1907512031.25,-33.1225
1907512187.5,-33.12613
1907512343.75,-33.12256
1907512500.0,-33.12788
1907512656.25,-33.12786
1907512812.5,-33.12637
1907512968.75,-33.11991
1907513125.0,-33.12467
1907513281.25,-33.11618
1907513437.5,-33.12457
1907513593.75,-33.12769
1907513750.0,-33.12547
1907513906.25,-33.11245
1907514062.5,-33.11944
1907514218.75,-33.11563
1907514375.0,-33.11512
1907514531.25,-33.12492
1907514687.5,-33.11974
1907514843.75,-33.11274
1907515000.0,-33.1151
1907515156.25,-33.12183
1907515312.5,-33.11323
1907515468.75,-33.11101
1907515625.0,-33.11387
1907515781.25,-33.11417
1907515937.5,-33.11419
1907516093.75,-33.11405
1907516250.0,-33.10574
1907516406.25,-33.11241
1907516562.5,-33.10803
1907516718.75,-33.11022
1907516875.0,-33.10812
1907517031.25,-33.10907
1907517187.5,-33.10904
1907517343.75,-33.10787
1907517500.0,-33.11212
1907517656.25,-33.10448
1907517812.5,-33.11129
1907517968.75,-33.11466
1907518125.0,-33.10091
1907518281.25,-33.10921
1907518437.5,-33.10642
1907518593.75,-33.10273
1907518750.0,-33.10214
1907518906.25,-33.10381
1907519062.5,-33.10099
1907519218.75,-33.10049
1907519375.0,-33.10081
1907519531.25,-33.10283
1907519687.5,-33.09411
1907519843.75,-33.09706
1907520000.0,-33.10392
1907520156.25,-33.09795
1907520312.5,-33.09235
1907520468.75,-33.10017
1907520625.0,-33.09565
1907520781.25,-33.09711
1907520937.5,-33.0914
1907521093.75,-33.09192
1907521250.0,-33.09505
1907521406.25,-33.08933
1907521562.5,-33.09496
1907521718.75,-33.09321
1907521875.0,-33.08753
1907522031.25,-33.09227
1907522187.5,-33.08871
1907522343.75,-33.09116
1907522500.0,-33.09138
1907522656.25,-33.08989
1907522812.5,-33.0905
1907522968.75,-33.08327
1907523125.0,-33.08778
1907523281.25,-33.08802
1907523437.5,-33.08666
1907523593.75,-33.08469
1907523750.0,-33.08028
1907523906.25,-33.08361
1907524062.5,-33.08467
1907524218.75,-33.08532
1907524375.0,-33.08675
1907524531.25,-33.08829
1907524687.5,-33.0859
1907524843.75,-33.0793
1907525000.0,-33.07823
1907525156.25,-33.08737
1907525312.5,-33.0813
1907525468.75,-33.07139
1907525625.0,-33.08725
1907525781.25,-33.07469
1907525937.5,-33.07698
1907526093.75,-33.08049
1907526250.0,-33.07868
1907526406.25,-33.07793
1907526562.5,-33.07651
1907526718.75,-33.07141
1907526875.0,-33.07731
1907527031.25,-33.06824
1907527187.5,-33.07152
1907527343.75,-33.0722
1907527500.0,-33.06902
1907527656.25,-33.07235
1907527812.5,-33.07301
1907527968.75,-33.07673
1907528125.0,-33.06978
1907528281.25,-33.06894
1907528437.5,-33.06949
1907528593.75,-33.07
1907528750.0,-33.07056
1907528906.25,-33.06477
1907529062.5,-33.06594
1907529218.75,-33.0648
1907529375.0,-33.06773
1907529531.25,-33.06381
1907529687.5,-33.06574
1907529843.75,-33.06328
1907530000.0,-33.06611
1907530156.25,-33.06781
1907530312.5,-33.07279
1907530468.75,-33.06601
1907530625.0,-33.06133
1907530781.25,-33.06384
1907530937.5,-33.05216
1907531093.75,-33.05637
1907531250.0,-33.05693
1907531406.25,-33.05643
1907531562.5,-33.06226
1907531718.75,-33.06086
1907531875.0,-33.06378
1907532031.25,-33.05723
1907532187.5,-33.05922
1907532343.75,-33.04931
1907532500.0,-33.05758
1907532656.25,-33.05967
1907532812.5,-33.06096
1907532968.75,-33.05725
1907533125.0,-33.0534
1907533281.25,-33.05549
1907533437.5,-33.05788
1907533593.75,-33.04888
1907533750.0,-33.04845
1907533906.25,-33.04588
1907534062.5,-33.05545
1907534218.75,-33.04781
1907534375.0,-33.05335
1907534531.25,-33.05112
1907534687.5,-33.05418
1907534843.75,-33.04536
1907535000.0,-33.05164
1907535156.25,-33.04966
1907535312.5,-33.05064
1907535468.75,-33.04463
1907535625.0,-33.05251
1907535781.25,-33.04773
1907535937.5,-33.04299
1907536093.75,-33.04108
1907536250.0,-33.03941
1907536406.25,-33.0448
1907536562.5,-33.03716
1907536718.75,-33.03961
1907536875.0,-33.04218
1907537031.25,-33.03664
1907537187.5,-33.03897
1907537343.75,-33.04272
1907537500.0,-33.03022
1907537656.25,-33.03848
1907537812.5,-33.04313
1907537968.75,-33.04114
1907538125.0,-33.03932
1907538281.25,-33.03036
1907538437.5,-33.02668
1907538593.75,-33.03191
1907538750.0,-33.02671
1907538906.25,-33.02997
1907539062.5,-33.0427
1907539218.75,-33.03489
1907539375.0,-33.0322
1907539531.25,-33.03049
1907539687.5,-33.0308
1907539843.75,-33.03527
1907540000.0,-33.02995
1907540156.25,-33.02927
1907540312.5,-33.0283
1907540468.75,-33.03044
1907540625.0,-33.02992
1907540781.25,-33.02925
1907540937.5,-33.03054
1907541093.75,-33.02505
1907541250.0,-33.02833
1907541406.25,-33.02133
1907541562.5,-33.02045
1907541718.75,-33.02461
1907541875.0,-33.02454
1907542031.25,-33.01344
1907542187.5,-33.021
1907542343.75,-33.02435
1907542500.0,-33.02315
1907542656.25,-33.01506
1907542812.5,-33.02007
1907542968.75,-33.01892
1907543125.0,-33.0267
1907543281.25,-33.01753
1907543437.5,-33.01642
1907543593.75,-33.01595
1907543750.0,-33.01316
1907543906.25,-33.01848
1907544062.5,-33.01704
1907544218.75,-33.01416
1907544375.0,-33.01666
1907544531.25,-33.01369
1907544687.5,-33.01162
1907544843.75,-33.01987
1907545000.0,-33.01298
1907545156.25,-33.00524
1907545312.5,-33.01101
1907545468.75,-33.00907
1907545625.0,-33.01453
1907545781.25,-33.00905
1907545937.5,-33.00859
1907546093.75,-33.00599
1907546250.0,-33.01476
1907546406.25,-33.01168
1907546562.5,-33.00339
1907546718.75,-33.00727
1907546875.0,-33.01006
1907547031.25,-33.00764
1907547187.5,-33.01014
1907547343.75,-33.00533
1907547500.0,-33.01085
1907547656.25,-32.99305
1907547812.5,-33.00756
1907547968.75,-33.00078
1907548125.0,-33.00127
1907548281.25,-32.99405
1907548437.5,-32.99479
1907548593.75,-32.99255
1907548750.0,-33.00291
1907548906.25,-33.00175
1907549062.5,-32.99551
1907549218.75,-32.99448
1907549375.0,-32.99765
1907549531.25,-33.0011
1907549687.5,-32.99329
1907549843.75,-33.00214
1907550000.0,-32.99322
1907550156.25,-32.99122
1907550312.5,-32.99318
1907550468.75,-32.99242
1907550625.0,-32.98755
1907550781.25,-32.99438
1907550937.5,-32.99222
1907551093.75,-32.9933
1907551250.0,-32.9934
1907551406.25,-32.99208
1907551562.5,-32.98994
1907551718.75,-32.98939
1907551875.0,-32.99117
1907552031.25,-32.99131
1907552187.5,-32.99044
1907552343.75,-32.9875
1907552500.0,-32.9868
1907552656.25,-32.98649
1907552812.5,-32.98771
1907552968.75,-32.98085
1907553125.0,-32.98139
1907553281.25,-32.98607
1907553437.5,-32.98768
1907553593.75,-32.9837
1907553750.0,-32.98561
1907553906.25,-32.98159
1907554062.5,-32.98748
1907554218.75,-32.97455
1907554375.0,-32.97443
1907554531.25,-32.97763
1907554687.5,-32.97521
1907554843.75,-32.97612
1907555000.0,-32.98063
1907555156.25,-32.97309
1907555312.5,-32.98121
1907555468.75,-32.97608
1907555625.0,-32.9773
1907555781.25,-32.96888
1907555937.5,-32.97111
1907556093.75,-32.97604
1907556250.0,-32.96656
1907556406.25,-32.97306
1907556562.5,-32.96984
1907556718.75,-32.97395
1907556875.0,-32.96821
1907557031.25,-32.97621
1907557187.5,-32.97835
1907557343.75,-32.9688
1907557500.0,-32.97372
1907557656.25,-32.97142
1907557812.5,-32.96734
1907557968.75,-32.97008
1907558125.0,-32.96366
1907558281.25,-32.96906
1907558437.5,-32.96248
1907558593.75,-32.96662
1907558750.0,-32.96322
1907558906.25,-32.9645
1907559062.5,-32.96042
1907559218.75,-32.9655
1907559375.0,-32.96186
1907559531.25,-32.95122
1907559687.5,-32.96698
1907559843.75,-32.95597
1907560000.0,-32.95313
1907560156.25,-32.95922
1907560312.5,-32.9553
1907560468.75,-32.95991
1907560625.0,-32.95863
1907560781.25,-32.95732
1907560937.5,-32.95395
1907561093.75,-32.95583
1907561250.0,-32.96137
1907561406.25,-32.9574
1907561562.5,-32.95754
1907561718.75,-32.94833
1907561875.0,-32.95682
1907562031.25,-32.95735
1907562187.5,-32.95696
1907562343.75,-32.94464
1907562500.0,-32.93847
1907562656.25,-32.95075
1907562812.5,-32.95258
1907562968.75,-32.94678
1907563125.0,-32.95056
1907563281.25,-32.94127
1907563437.5,-32.94695
1907563593.75,-32.95569
1907563750.0,-32.93889
1907563906.25,-32.95023
1907564062.5,-32.95156
1907564218.75,-32.94121
1907564375.0,-32.93941
1907564531.25,-32.94699
1907564687.5,-32.94004
1907564843.75,-32.94688
1907565000.0,-32.94439
1907565156.25,-32.9441
1907565312.5,-32.94278
1907565468.75,-32.94341
1907565625.0,-32.94576
1907565781.25,-32.94085
1907565937.5,-32.93454
1907566093.75,-32.93915
1907566250.0,-32.93919
1907566406.25,-32.93337
1907566562.5,-32.93936
1907566718.75,-32.93994
1907566875.0,-32.94012
1907567031.25,-32.93696
1907567187.5,-32.93599
1907567343.75,-32.93623
1907567500.0,-32.94049
1907567656.25,-32.92878
1907567812.5,-32.93067
1907567968.75,-32.92696
1907568125.0,-32.93192
1907568281.25,-32.92681
1907568437.5,-32.92323
1907568593.75,-32.92435
1907568750.0,-32.93116
1907568906.25,-32.92779
1907569062.5,-32.92869
1907569218.75,-32.92118
1907569375.0,-32.92224
1907569531.25,-32.92109
1907569687.5,-32.92565
1907569843.75,-32.91381
1907570000.0,-32.92897
1907570156.25,-32.92197
1907570312.5,-32.92387
1907570468.75,-32.92051
1907570625.0,-32.91423
1907570781.25,-32.91949
1907570937.5,-32.9188
1907571093.75,-32.92747
1907571250.0,-32.92667
1907571406.25,-32.91468
1907571562.5,-32.91711
1907571718.75,-32.92116
1907571875.0,-32.92391
1907572031.25,-32.91579
1907572187.5,-32.91669
1907572343.75,-32.91557
1907572500.0,-32.91856
1907572656.25,-32.91509
1907572812.5,-32.91326
1907572968.75,-32.91546
1907573125.0,-32.91569
1907573281.25,-32.91243
1907573437.5,-32.91656
1907573593.75,-32.91195
1907573750.0,-32.91207
1907573906.25,-32.90541
1907574062.5,-32.91137
1907574218.75,-32.91245
1907574375.0,-32.90424
1907574531.25,-32.9164
1907574687.5,-32.911
1907574843.75,-32.91599
1907575000.0,-32.90875
1907575156.25,-32.90674
1907575312.5,-32.90898
1907575468.75,-32.90921
1907575625.0,-32.90861
1907575781.25,-32.90147
1907575937.5,-32.89972
1907576093.75,-32.90273
1907576250.0,-32.90542
1907576406.25,-32.89938
1907576562.5,-32.89939
1907576718.75,-32.90223
1907576875.0,-32.89961
1907577031.25,-32.89804
1907577187.5,-32.90491
1907577343.75,-32.89936
1907577500.0,-32.89578
1907577656.25,-32.89914
1907577812.5,-32.90019
1907577968.75,-32.88923
1907578125.0,-32.89782
1907578281.25,-32.89359
1907578437.5,-32.89696
1907578593.75,-32.89088
1907578750.0,-32.89606
1907578906.25,-32.8914
1907579062.5,-32.89119
1907579218.75,-32.8905
1907579375.0,-32.89858
1907579531.25,-32.88951
1907579687.5,-32.89089
1907579843.75,-32.89955
1907580000.0,-32.89455
1907580156.25,-32.88947
1907580312.5,-32.88938
1907580468.75,-32.88639
1907580625.0,-32.88593
1907580781.25,-32.89121
1907580937.5,-32.88879
1907581093.75,-32.88424
1907581250.0,-32.881
1907581406.25,-32.88057
1907581562.5,-32.88535
1907581718.75,-32.88655
1907581875.0,-32.87463
1907582031.25,-32.88292
1907582187.5,-32.87607
1907582343.75,-32.88173
1907582500.0,-32.8721
1907582656.25,-32.88136
1907582812.5,-32.87817
1907582968.75,-32.88071
1907583125.0,-32.87908
1907583281.25,-32.8776
1907583437.5,-32.87518
1907583593.75,-32.87407
1907583750.0,-32.87753
1907583906.25,-32.86915
1907584062.5,-32.87611
1907584218.75,-32.87554
1907584375.0,-32.8671
1907584531.25,-32.87246
1907584687.5,-32.87101
1907584843.75,-32.87048
1907585000.0,-32.86477
1907585156.25,-32.86864
1907585312.5,-32.8685
1907585468.75,-32.8623
1907585625.0,-32.86564
1907585781.25,-32.86858
1907585937.5,-32.86779
1907586093.75,-32.8627
1907586250.0,-32.86606
1907586406.25,-32.87011
1907586562.5,-32.86691
1907586718.75,-32.86554
1907586875.0,-32.86412
1907587031.25,-32.85992
1907587187.5,-32.8655
1907587343.75,-32.86149
1907587500.0,-32.86353
1907587656.25,-32.86209
1907587812.5,-32.86123
1907587968.75,-32.85802
1907588125.0,-32.86285
1907588281.25,-32.85246
1907588437.5,-32.85817
1907588593.75,-32.85616
1907588750.0,-32.85636
1907588906.25,-32.86559
1907589062.5,-32.85725
1907589218.75,-32.86517
1907589375.0,-32.85234
1907589531.25,-32.85506
1907589687.5,-32.85178
1907589843.75,-32.85651
1907590000.0,-32.85427
1907590156.25,-32.8542
1907590312.5,-32.85107
1907590468.75,-32.85619
1907590625.0,-32.85191
1907590781.25,-32.85622
1907590937.5,-32.84784
1907591093.75,-32.84695
1907591250.0,-32.83825
1907591406.25,-32.85143
1907591562.5,-32.85307
1907591718.75,-32.85265
1907591875.0,-32.85508
1907592031.25,-32.8371
1907592187.5,-32.84242
1907592343.75,-32.85056
1907592500.0,-32.84356
1907592656.25,-32.84224
1907592812.5,-32.84078
1907592968.75,-32.84052
1907593125.0,-32.84542
1907593281.25,-32.84131
1907593437.5,-32.8321
1907593593.75,-32.84134
1907593750.0,-32.83741
1907593906.25,-32.842
1907594062.5,-32.83847
1907594218.75,-32.84312
1907594375.0,-32.83269
1907594531.25,-32.83521
1907594687.5,-32.83113
1907594843.75,-32.83703
1907595000.0,-32.83808
1907595156.25,-32.83231
1907595312.5,-32.83722
1907595468.75,-32.83315
1907595625.0,-32.83379
1907595781.25,-32.83191
1907595937.5,-32.82803
1907596093.75,-32.83515
1907596250.0,-32.82965
1907596406.25,-32.83555
1907596562.5,-32.83612
1907596718.75,-32.8281
1907596875.0,-32.83447
1907597031.25,-32.8344
1907597187.5,-32.82872
1907597343.75,-32.8316
1907597500.0,-32.83167
1907597656.25,-32.82442
1907597812.5,-32.82644
1907597968.75,-32.82504
1907598125.0,-32.82633
1907598281.25,-32.82538
1907598437.5,-32.82483
1907598593.75,-32.82315
1907598750.0,-32.82407
1907598906.25,-32.82378
1907599062.5,-32.82472
1907599218.75,-32.81374
1907599375.0,-32.82112
1907599531.25,-32.81895
1907599687.5,-32.82119
1907599843.75,-32.81773
1907600000.0,-32.81873
1907600156.25,-32.81487
1907600312.5,-32.81935
1907600468.75,-32.81886
1907600625.0,-32.81652
1907600781.25,-32.81767
1907600937.5,-32.81956
1907601093.75,-32.81215
1907601250.0,-32.80783
1907601406.25,-32.81219
1907601562.5,-32.81315
1907601718.75,-32.80756
1907601875.0,-32.81276
1907602031.25,-32.80501
1907602187.5,-32.81412
1907602343.75,-32.8091
1907602500.0,-32.81564
1907602656.25,-32.80465
1907602812.5,-32.81023
1907602968.75,-32.80797
1907603125.0,-32.80662
1907603281.25,-32.80602
1907603437.5,-32.8086
1907603593.75,-32.80734
1907603750.0,-32.80764
1907603906.25,-32.80093
1907604062.5,-32.80625
1907604218.75,-32.79274
1907604375.0,-32.80206
1907604531.25,-32.80663
1907604687.5,-32.80713
1907604843.75,-32.803
1907605000.0,-32.80463
1907605156.25,-32.79536
1907605312.5,-32.80056
1907605468.75,-32.79446
1907605625.0,-32.79071
1907605781.25,-32.79745
1907605937.5,-32.80495
1907606093.75,-32.79954
1907606250.0,-32.79815
1907606406.25,-32.79761
1907606562.5,-32.79243
1907606718.75,-32.79684
1907606875.0,-32.79042
1907607031.25,-32.79053
1907607187.5,-32.78741
1907607343.75,-32.792
1907607500.0,-32.7854
1907607656.25,-32.79517
1907607812.5,-32.79151
1907607968.75,-32.79007
1907608125.0,-32.78653
1907608281.25,-32.78886
1907608437.5,-32.7888
1907608593.75,-32.78231
1907608750.0,-32.77943
1907608906.25,-32.79218
1907609062.5,-32.78664
1907609218.75,-32.79296
1907609375.0,-32.7873
1907609531.25,-32.78537
1907609687.5,-32.77923
1907609843.75,-32.78613
1907610000.0,-32.78698
1907610156.25,-32.77819
1907610312.5,-32.77938
1907610468.75,-32.77633
1907610625.0,-32.78323
1907610781.25,-32.78221
1907610937.5,-32.78275
1907611093.75,-32.77811
1907611250.0,-32.78366
1907611406.25,-32.77234
1907611562.5,-32.77744
1907611718.75,-32.77837
1907611875.0,-32.77922
1907612031.25,-32.7745
1907612187.5,-32.77984
1907612343.75,-32.76733
1907612500.0,-32.77909
1907612656.25,-32.77716
1907612812.5,-32.77456
1907612968.75,-32.77558
1907613125.0,-32.77238
1907613281.25,-32.77619
1907613437.5,-32.77132
1907613593.75,-32.76951
1907613750.0,-32.76499
1907613906.25,-32.76897
1907614062.5,-32.76835
1907614218.75,-32.76923
1907614375.0,-32.76373
1907614531.25,-32.76696
1907614687.5,-32.76654
1907614843.75,-32.76338
1907615000.0,-32.76239
1907615156.25,-32.76476
1907615312.5,-32.75704
1907615468.75,-32.7634
1907615625.0,-32.75948
1907615781.25,-32.76374
1907615937.5,-32.76045
1907616093.75,-32.76166
1907616250.0,-32.75888
1907616406.25,-32.7597
1907616562.5,-32.7529
1907616718.75,-32.75196
1907616875.0,-32.76199
1907617031.25,-32.76155
1907617187.5,-32.75367
1907617343.75,-32.76412
1907617500.0,-32.75933
1907617656.25,-32.7557
1907617812.5,-32.76303
1907617968.75,-32.75191
1907618125.0,-32.75285
1907618281.25,-32.75177
1907618437.5,-32.7546
1907618593.75,-32.74981
1907618750.0,-32.75508
1907618906.25,-32.7481
1907619062.5,-32.74633
1907619218.75,-32.75296
1907619375.0,-32.75401
1907619531.25,-32.75061
1907619687.5,-32.74557
1907619843.75,-32.74653
1907620000.0,-32.7458
1907620156.25,-32.74705
1907620312.5,-32.74437
1907620468.75,-32.74125
1907620625.0,-32.74477
1907620781.25,-32.74891
1907620937.5,-32.73798
1907621093.75,-32.74405
1907621250.0,-32.7436
1907621406.25,-32.74499
1907621562.5,-32.74192
1907621718.75,-32.73875
1907621875.0,-32.73996
1907622031.25,-32.73856
1907622187.5,-32.73965
1907622343.75,-32.74074
1907622500.0,-32.74072
1907622656.25,-32.73727
1907622812.5,-32.74101
1907622968.75,-32.7388
1907623125.0,-32.73406
1907623281.25,-32.73212
1907623437.5,-32.73211
1907623593.75,-32.73793
1907623750.0,-32.73906
1907623906.25,-32.734
1907624062.5,-32.73001
1907624218.75,-32.72874
1907624375.0,-32.72803
1907624531.25,-32.72539
1907624687.5,-32.73839
1907624843.75,-32.73572
1907625000.0,-32.72721
1907625156.25,-32.73637
1907625312.5,-32.72202
1907625468.75,-32.72531
1907625625.0,-32.71399
1907625781.25,-32.73212
1907625937.5,-32.72144
1907626093.75,-32.72947
1907626250.0,-32.72696
1907626406.25,-32.72334
1907626562.5,-32.72161
1907626718.75,-32.72166
1907626875.0,-32.72229
1907627031.25,-32.72855
1907627187.5,-32.7236
1907627343.75,-32.71829
1907627500.0,-32.72302
1907627656.25,-32.72657
1907627812.5,-32.71138
1907627968.75,-32.7145
1907628125.0,-32.71754
1907628281.25,-32.71866
1907628437.5,-32.71589
1907628593.75,-32.71927
1907628750.0,-32.71764
1907628906.25,-32.7163
1907629062.5,-32.71265
1907629218.75,-32.71343
1907629375.0,-32.7102
1907629531.25,-32.7203
1907629687.5,-32.71903
1907629843.75,-32.71661
1907630000.0,-32.7124
1907630156.25,-32.70716
1907630312.5,-32.71362
1907630468.75,-32.70937
1907630625.0,-32.70716
1907630781.25,-32.70926
1907630937.5,-32.70718
1907631093.75,-32.7094
1907631250.0,-32.71133
1907631406.25,-32.70496
1907631562.5,-32.70764
1907631718.75,-32.7044
1907631875.0,-32.70119
1907632031.25,-32.70984
1907632187.5,-32.70681
1907632343.75,-32.70527
1907632500.0,-32.70125
1907632656.25,-32.70582
1907632812.5,-32.69949
1907632968.75,-32.69742
1907633125.0,-32.70465
1907633281.25,-32.69693
1907633437.5,-32.69715
1907633593.75,-32.70416
1907633750.0,-32.69554
1907633906.25,-32.70255
1907634062.5,-32.69199
1907634218.75,-32.68999
1907634375.0,-32.69573
1907634531.25,-32.69553
1907634687.5,-32.68983
1907634843.75,-32.68875
1907635000.0,-32.69727
1907635156.25,-32.68687
1907635312.5,-32.69656
1907635468.75,-32.69086
1907635625.0,-32.69322
1907635781.25,-32.69173
1907635937.5,-32.69174
1907636093.75,-32.68263
1907636250.0,-32.68455
1907636406.25,-32.68697
1907636562.5,-32.68349
1907636718.75,-32.68671
1907636875.0,-32.68615
1907637031.25,-32.69042
1907637187.5,-32.68393
1907637343.75,-32.68797
1907637500.0,-32.68099
1907637656.25,-32.68779
1907637812.5,-32.67773
1907637968.75,-32.67775
1907638125.0,-32.67709
1907638281.25,-32.68116
1907638437.5,-32.67498
1907638593.75,-32.68231
1907638750.0,-32.68026
1907638906.25,-32.67941
1907639062.5,-32.68039
1907639218.75,-32.67899
1907639375.0,-32.67949
1907639531.25,-32.66908
1907639687.5,-32.68163
1907639843.75,-32.67728
1907640000.0,-32.6723
1907640156.25,-32.67659
1907640312.5,-32.67294
1907640468.75,-32.6684
1907640625.0,-32.67879
1907640781.25,-32.67898
1907640937.5,-32.67064
1907641093.75,-32.67736
1907641250.0,-32.6742
1907641406.25,-32.66955
1907641562.5,-32.66671
1907641718.75,-32.66701
1907641875.0,-32.66881
1907642031.25,-32.67353
1907642187.5,-32.66375
1907642343.75,-32.66315
1907642500.0,-32.66268
1907642656.25,-32.66485
1907642812.5,-32.6641
1907642968.75,-32.66507
1907643125.0,-32.66625
1907643281.25,-32.66267
1907643437.5,-32.65545
1907643593.75,-32.66214
1907643750.0,-32.65967
1907643906.25,-32.65635
1907644062.5,-32.6594
1907644218.75,-32.66233
1907644375.0,-32.66297
1907644531.25,-32.66442
1907644687.5,-32.65493
1907644843.75,-32.65679
1907645000.0,-32.65578
1907645156.25,-32.65393
1907645312.5,-32.65131
1907645468.75,-32.66039
1907645625.0,-32.64893
1907645781.25,-32.65494
1907645937.5,-32.64957
1907646093.75,-32.65194
1907646250.0,-32.65019
1907646406.25,-32.64043
1907646562.5,-32.65222
1907646718.75,-32.64832
1907646875.0,-32.6532
1907647031.25,-32.64588
1907647187.5,-32.64435
1907647343.75,-32.64627
1907647500.0,-32.6398
1907647656.25,-32.64677
1907647812.5,-32.64413
1907647968.75,-32.64431
1907648125.0,-32.6506
1907648281.25,-32.64988
1907648437.5,-32.63992
1907648593.75,-32.64402
1907648750.0,-32.64447
1907648906.25,-32.64631
1907649062.5,-32.64248
1907649218.75,-32.63711
1907649375.0,-32.64132
1907649531.25,-32.64593
1907649687.5,-32.63385
1907649843.75,-32.64151
1907650000.0,-32.6316
1907650156.25,-32.64323
1907650312.5,-32.63708
1907650468.75,-32.64179
1907650625.0,-32.6362
1907650781.25,-32.63896
1907650937.5,-32.63989
1907651093.75,-32.63496
1907651250.0,-32.64088
1907651406.25,-32.62684
1907651562.5,-32.64084
1907651718.75,-32.62526
1907651875.0,-32.63473
1907652031.25,-32.63364
1907652187.5,-32.62423
1907652343.75,-32.63314
1907652500.0,-32.63922
1907652656.25,-32.62531
1907652812.5,-32.62861
1907652968.75,-32.62568
1907653125.0,-32.62233
1907653281.25,-32.62891
1907653437.5,-32.62748
1907653593.75,-32.62791
1907653750.0,-32.62857
1907653906.25,-32.626
1907654062.5,-32.61948
1907654218.75,-32.62117
1907654375.0,-32.62635
1907654531.25,-32.62393
1907654687.5,-32.61455
1907654843.75,-32.62289
1907655000.0,-32.62301
1907655156.25,-32.6235
1907655312.5,-32.62273
1907655468.75,-32.61803
1907655625.0,-32.61527
1907655781.25,-32.61665
1907655937.5,-32.61397
1907656093.75,-32.61727
1907656250.0,-32.61214
1907656406.25,-32.61827
1907656562.5,-32.61602
1907656718.75,-32.6114
1907656875.0,-32.61173
1907657031.25,-32.61057
1907657187.5,-32.61276
1907657343.75,-32.60971
1907657500.0,-32.61139
1907657656.25,-32.61623
1907657812.5,-32.61483
1907657968.75,-32.60517
1907658125.0,-32.60204
1907658281.25,-32.60454
1907658437.5,-32.60904
1907658593.75,-32.60461
1907658750.0,-32.60798
1907658906.25,-32.60832
1907659062.5,-32.60896
1907659218.75,-32.6073
1907659375.0,-32.60352
1907659531.25,-32.60289
1907659687.5,-32.60239
1907659843.75,-32.60817
1907660000.0,-32.59921
1907660156.25,-32.60584
1907660312.5,-32.59828
1907660468.75,-32.60467
1907660625.0,-32.60142
1907660781.25,-32.60003
1907660937.5,-32.59822
1907661093.75,-32.59502
1907661250.0,-32.5949
1907661406.25,-32.60208
1907661562.5,-32.59518
1907661718.75,-32.59652
1907661875.0,-32.59982
1907662031.25,-32.59505
1907662187.5,-32.59364
1907662343.75,-32.59985
1907662500.0,-32.59562
1907662656.25,-32.58439
1907662812.5,-32.58895
1907662968.75,-32.59725
1907663125.0,-32.58797
1907663281.25,-32.59162
1907663437.5,-32.59318
1907663593.75,-32.58113
1907663750.0,-32.58393
1907663906.25,-32.59385
1907664062.5,-32.592
1907664218.75,-32.5793
1907664375.0,-32.58622
1907664531.25,-32.58643
1907664687.5,-32.58704
1907664843.75,-32.58657
1907665000.0,-32.58595
1907665156.25,-32.58478
1907665312.5,-32.57987
1907665468.75,-32.57978
1907665625.0,-32.58525
1907665781.25,-32.57991
1907665937.5,-32.57458
1907666093.75,-32.58253
1907666250.0,-32.57913
1907666406.25,-32.57777
1907666562.5,-32.57279
1907666718.75,-32.58318
1907666875.0,-32.57652
1907667031.25,-32.57985
1907667187.5,-32.57842
1907667343.75,-32.57499
1907667500.0,-32.57665
1907667656.25,-32.56867
1907667812.5,-32.5766
1907667968.75,-32.5727
1907668125.0,-32.5736
1907668281.25,-32.57582
1907668437.5,-32.56717
1907668593.75,-32.56727
1907668750.0,-32.57266
1907668906.25,-32.56853
1907669062.5,-32.56725
1907669218.75,-32.5695
1907669375.0,-32.56951
1907669531.25,-32.57137
1907669687.5,-32.57119
1907669843.75,-32.56744
1907670000.0,-32.56964
1907670156.25,-32.55717
1907670312.5,-32.56297
1907670468.75,-32.56194
1907670625.0,-32.56495
1907670781.25,-32.56708
1907670937.5,-32.56731
1907671093.75,-32.55779
1907671250.0,-32.56121
1907671406.25,-32.56325
1907671562.5,-32.56057
1907671718.75,-32.56212
1907671875.0,-32.55113
1907672031.25,-32.55984
1907672187.5,-32.56256
1907672343.75,-32.559
1907672500.0,-32.5495
1907672656.25,-32.55565
1907672812.5,-32.5602
1907672968.75,-32.55552
1907673125.0,-32.55293
1907673281.25,-32.55518
1907673437.5,-32.55355
1907673593.75,-32.55192
1907673750.0,-32.54733
1907673906.25,-32.55241
1907674062.5,-32.55046
1907674218.75,-32.55056
1907674375.0,-32.54488
1907674531.25,-32.54623
1907674687.5,-32.55318
1907674843.75,-32.55261
1907675000.0,-32.54921
1907675156.25,-32.5449
1907675312.5,-32.54778
1907675468.75,-32.54755
1907675625.0,-32.54744
1907675781.25,-32.54578
1907675937.5,-32.53757
1907676093.75,-32.54458
1907676250.0,-32.54487
1907676406.25,-32.54434
1907676562.5,-32.53849
1907676718.75,-32.54218
1907676875.0,-32.54104
1907677031.25,-32.5337
1907677187.5,-32.53954
1907677343.75,-32.53991
1907677500.0,-32.54112
1907677656.25,-32.535
1907677812.5,-32.53967
1907677968.75,-32.53126
1907678125.0,-32.53469
1907678281.25,-32.53901
1907678437.5,-32.5328
1907678593.75,-32.53582
1907678750.0,-32.53919
1907678906.25,-32.53394
1907679062.5,-32.52948
1907679218.75,-32.52982
1907679375.0,-32.53105
1907679531.25,-32.52788
1907679687.5,-32.52877
1907679843.75,-32.53671
1907680000.0,-32.52539
1907680156.25,-32.53153
1907680312.5,-32.53283
1907680468.75,-32.52835
1907680625.0,-32.52624
1907680781.25,-32.52912
1907680937.5,-32.52242
1907681093.75,-32.53554
1907681250.0,-32.5249
1907681406.25,-32.5253
1907681562.5,-32.52143
1907681718.75,-32.51929
1907681875.0,-32.53247
1907682031.25,-32.52823
1907682187.5,-32.52459
1907682343.75,-32.51699
1907682500.0,-32.52531
1907682656.25,-32.52324
1907682812.5,-32.51657
1907682968.75,-32.51174
1907683125.0,-32.51687
1907683281.25,-32.52104
1907683437.5,-32.5126
1907683593.75,-32.51517
1907683750.0,-32.50988
1907683906.25,-32.51295
1907684062.5,-32.51078
1907684218.75,-32.50903
1907684375.0,-32.5129
1907684531.25,-32.51432
1907684687.5,-32.51215
1907684843.75,-32.52353
1907685000.0,-32.50883
1907685156.25,-32.50906
1907685312.5,-32.50964
1907685468.75,-32.51779
1907685625.0,-32.50809
1907685781.25,-32.50949
1907685937.5,-32.50563
1907686093.75,-32.50769
1907686250.0,-32.50605
1907686406.25,-32.50614
1907686562.5,-32.51024
1907686718.75,-32.50476
1907686875.0,-32.50836
1907687031.25,-32.50009
1907687187.5,-32.50036
1907687343.75,-32.5077
1907687500.0,-32.49835
1907687656.25,-32.50205
1907687812.5,-32.50493
1907687968.75,-32.50274
1907688125.0,-32.50481
1907688281.25,-32.49703
1907688437.5,-32.4922
1907688593.75,-32.49997
1907688750.0,-32.4981
1907688906.25,-32.49792
1907689062.5,-32.49433
1907689218.75,-32.49655
1907689375.0,-32.48732
1907689531.25,-32.49152
1907689687.5,-32.49355
1907689843.75,-32.49426
1907690000.0,-32.49826
1907690156.25,-32.49403
1907690312.5,-32.48962
1907690468.75,-32.49124
1907690625.0,-32.49335
1907690781.25,-32.49261
1907690937.5,-32.49401
1907691093.75,-32.48824
1907691250.0,-32.48204
1907691406.25,-32.49189
1907691562.5,-32.48496
1907691718.75,-32.48536
1907691875.0,-32.48579
1907692031.25,-32.4884
1907692187.5,-32.48402
1907692343.75,-32.4844
1907692500.0,-32.48132
1907692656.25,-32.4827
1907692812.5,-32.48049
1907692968.75,-32.47558
1907693125.0,-32.47939
1907693281.25,-32.47564
1907693437.5,-32.47815
1907693593.75,-32.48256
1907693750.0,-32.4847
1907693906.25,-32.47975
1907694062.5,-32.47522
1907694218.75,-32.47982
1907694375.0,-32.47483
1907694531.25,-32.47239
1907694687.5,-32.47853
1907694843.75,-32.47271
1907695000.0,-32.47701
1907695156.25,-32.47392
1907695312.5,-32.47087
1907695468.75,-32.4752
1907695625.0,-32.47563
1907695781.25,-32.46443
1907695937.5,-32.46894
1907696093.75,-32.47295
1907696250.0,-32.47184
1907696406.25,-32.46297
1907696562.5,-32.46468
1907696718.75,-32.47214
1907696875.0,-32.46476
1907697031.25,-32.46141
1907697187.5,-32.4661
1907697343.75,-32.46849
1907697500.0,-32.46633
1907697656.25,-32.46097
1907697812.5,-32.4576
1907697968.75,-32.46297
1907698125.0,-32.46087
1907698281.25,-32.46191
1907698437.5,-32.45945
1907698593.75,-32.46258
1907698750.0,-32.45856
1907698906.25,-32.459
1907699062.5,-32.46125
1907699218.75,-32.45789
1907699375.0,-32.45433
1907699531.25,-32.45776
1907699687.5,-32.45432
1907699843.75,-32.4546
1907700000.0,-32.45229
1907700156.25,-32.45365
1907700312.5,-32.45525
1907700468.75,-32.45118
1907700625.0,-32.44822
1907700781.25,-32.45155
1907700937.5,-32.45178
1907701093.75,-32.45109
1907701250.0,-32.45085
1907701406.25,-32.44815
1907701562.5,-32.45022
1907701718.75,-32.45095
1907701875.0,-32.44931
1907702031.25,-32.44276
1907702187.5,-32.45177
1907702343.75,-32.44955
1907702500.0,-32.44697
1907702656.25,-32.443
1907702812.5,-32.44668
1907702968.75,-32.4477
1907703125.0,-32.44477
1907703281.25,-32.44388
1907703437.5,-32.43824
1907703593.75,-32.43675
1907703750.0,-32.43667
1907703906.25,-32.43254
1907704062.5,-32.44368
1907704218.75,-32.44262
1907704375.0,-32.43779
1907704531.25,-32.44597
1907704687.5,-32.43757
1907704843.75,-32.43616
1907705000.0,-32.4321
1907705156.25,-32.43216
1907705312.5,-32.43529
1907705468.75,-32.43898
1907705625.0,-32.43449
1907705781.25,-32.43907
1907705937.5,-32.43312
1907706093.75,-32.42845
1907706250.0,-32.42835
1907706406.25,-32.43789
1907706562.5,-32.43056
1907706718.75,-32.43137
1907706875.0,-32.43263
1907707031.25,-32.42431
1907707187.5,-32.43612
1907707343.75,-32.42508
1907707500.0,-32.43139
1907707656.25,-32.42267
1907707812.5,-32.43006
1907707968.75,-32.42588
1907708125.0,-32.42721
1907708281.25,-32.42868
1907708437.5,-32.42826
1907708593.75,-32.42486
1907708750.0,-32.42339
1907708906.25,-32.42064
1907709062.5,-32.42384
1907709218.75,-32.41972
1907709375.0,-32.41846
1907709531.25,-32.41868
1907709687.5,-32.41235
1907709843.75,-32.42014
1907710000.0,-32.41693
1907710156.25,-32.4124
1907710312.5,-32.41868
1907710468.75,-32.41906
1907710625.0,-32.41299
1907710781.25,-32.41545
1907710937.5,-32.41935
1907711093.75,-32.40763
1907711250.0,-32.40773
1907711406.25,-32.40773
1907711562.5,-32.4045
1907711718.75,-32.40714
1907711875.0,-32.40578
1907712031.25,-32.41063
1907712187.5,-32.40409
1907712343.75,-32.4084
1907712500.0,-32.40665
1907712656.25,-32.40462
1907712812.5,-32.40557
1907712968.75,-32.40796
1907713125.0,-32.40438
1907713281.25,-32.4073
1907713437.5,-32.40719
1907713593.75,-32.41092
1907713750.0,-32.40864
1907713906.25,-32.41021
1907714062.5,-32.40548
1907714218.75,-32.39568
1907714375.0,-32.39664
1907714531.25,-32.40125
1907714687.5,-32.39441
1907714843.75,-32.39579
1907715000.0,-32.39578
1907715156.25,-32.39932
1907715312.5,-32.40403
1907715468.75,-32.39829
1907715625.0,-32.39441
1907715781.25,-32.39505
1907715937.5,-32.39533
1907716093.75,-32.39102
1907716250.0,-32.39769
1907716406.25,-32.39326
1907716562.5,-32.38232
1907716718.75,-32.39412
1907716875.0,-32.39503
1907717031.25,-32.38939
1907717187.5,-32.39626
1907717343.75,-32.3953
1907717500.0,-32.38956
1907717656.25,-32.38801
1907717812.5,-32.38994
1907717968.75,-32.39035
1907718125.0,-32.38334
1907718281.25,-32.38523
1907718437.5,-32.38659
1907718593.75,-32.38049
1907718750.0,-32.38739
1907718906.25,-32.38379
1907719062.5,-32.38253
1907719218.75,-32.37861
1907719375.0,-32.38428
1907719531.25,-32.38203
1907719687.5,-32.37836
1907719843.75,-32.38348
1907720000.0,-32.3804
1907720156.25,-32.37246
1907720312.5,-32.38056
1907720468.75,-32.37731
1907720625.0,-32.37652
1907720781.25,-32.36983
1907720937.5,-32.37822
1907721093.75,-32.37525
1907721250.0,-32.37757
1907721406.25,-32.3773
1907721562.5,-32.37515
1907721718.75,-32.37201
1907721875.0,-32.37167
1907722031.25,-32.37112
1907722187.5,-32.36778
1907722343.75,-32.37058
1907722500.0,-32.37053
1907722656.25,-32.36942
1907722812.5,-32.37491
1907722968.75,-32.36922
1907723125.0,-32.36888
1907723281.25,-32.37272
1907723437.5,-32.36723
1907723593.75,-32.36792
1907723750.0,-32.37069
1907723906.25,-32.36141
1907724062.5,-32.36228
1907724218.75,-32.36452
1907724375.0,-32.36242
1907724531.25,-32.36443
1907724687.5,-32.3643
1907724843.75,-32.36495
1907725000.0,-32.35318
1907725156.25,-32.36301
1907725312.5,-32.35761
1907725468.75,-32.35859
1907725625.0,-32.3602
1907725781.25,-32.35538
1907725937.5,-32.3536
1907726093.75,-32.35275
1907726250.0,-32.35513
1907726406.25,-32.35388
1907726562.5,-32.35398
1907726718.75,-32.35479
1907726875.0,-32.35403
1907727031.25,-32.34859
1907727187.5,-32.35588
1907727343.75,-32.35452
1907727500.0,-32.34545
1907727656.25,-32.35036
1907727812.5,-32.35109
1907727968.75,-32.35279
1907728125.0,-32.35334
1907728281.25,-32.3445
1907728437.5,-32.35106
1907728593.75,-32.3484
1907728750.0,-32.34571
1907728906.25,-32.34927
1907729062.5,-32.34726
1907729218.75,-32.34315
1907729375.0,-32.3465
1907729531.25,-32.34875
1907729687.5,-32.34335
1907729843.75,-32.33868
1907730000.0,-32.34209
1907730156.25,-32.34445
1907730312.5,-32.33965
1907730468.75,-32.34111
1907730625.0,-32.3411
1907730781.25,-32.34093
1907730937.5,-32.34151
1907731093.75,-32.33962
1907731250.0,-32.32946
1907731406.25,-32.33633
1907731562.5,-32.33875
1907731718.75,-32.32941
1907731875.0,-32.33801
1907732031.25,-32.33904
1907732187.5,-32.33441
1907732343.75,-32.33027
1907732500.0,-32.33561
1907732656.25,-32.33157
1907732812.5,-32.33479
1907732968.75,-32.33499
1907733125.0,-32.33007
1907733281.25,-32.32929
1907733437.5,-32.32775
1907733593.75,-32.32524
1907733750.0,-32.33393
1907733906.25,-32.32644
1907734062.5,-32.32379
1907734218.75,-32.32065
1907734375.0,-32.32499
1907734531.25,-32.32627
1907734687.5,-32.32632
1907734843.75,-32.32138
1907735000.0,-32.3236
1907735156.25,-32.32501
1907735312.5,-32.32312
1907735468.75,-32.32286
1907735625.0,-32.32303
1907735781.25,-32.3219
1907735937.5,-32.32019
1907736093.75,-32.31456
1907736250.0,-32.31835
1907736406.25,-32.30979
1907736562.5,-32.31669
1907736718.75,-32.3183
1907736875.0,-32.31946
1907737031.25,-32.32645
1907737187.5,-32.31682
1907737343.75,-32.31287
1907737500.0,-32.31043
1907737656.25,-32.31022
1907737812.5,-32.30838
1907737968.75,-32.31825
1907738125.0,-32.31691
1907738281.25,-32.31403
1907738437.5,-32.31389
1907738593.75,-32.30579
1907738750.0,-32.30986
1907738906.25,-32.31387
1907739062.5,-32.30944
1907739218.75,-32.31195
1907739375.0,-32.30887
1907739531.25,-32.30767
1907739687.5,-32.30777
1907739843.75,-32.29709
1907740000.0,-32.30618
1907740156.25,-32.30956
1907740312.5,-32.29999
1907740468.75,-32.30833
1907740625.0,-32.29818
1907740781.25,-32.30669
1907740937.5,-32.30362
1907741093.75,-32.30243
1907741250.0,-32.30288
1907741406.25,-32.29591
1907741562.5,-32.2991
1907741718.75,-32.29537
1907741875.0,-32.29832
1907742031.25,-32.2949
1907742187.5,-32.28904
1907742343.75,-32.3008
1907742500.0,-32.2908
1907742656.25,-32.29848
1907742812.5,-32.29451
1907742968.75,-32.2974
1907743125.0,-32.29432
1907743281.25,-32.29302
1907743437.5,-32.29445
1907743593.75,-32.29482
1907743750.0,-32.29717
1907743906.25,-32.28508
1907744062.5,-32.28849
1907744218.75,-32.29057
1907744375.0,-32.29224
1907744531.25,-32.28522
1907744687.5,-32.28666
1907744843.75,-32.28955
1907745000.0,-32.28259
1907745156.25,-32.28652
1907745312.5,-32.27954
1907745468.75,-32.28741
1907745625.0,-32.2816
1907745781.25,-32.27681
1907745937.5,-32.29382
1907746093.75,-32.27582
1907746250.0,-32.27842
1907746406.25,-32.27793
1907746562.5,-32.28017
1907746718.75,-32.27155
1907746875.0,-32.28404
1907747031.25,-32.28003
1907747187.5,-32.28493
1907747343.75,-32.28073
1907747500.0,-32.27697
1907747656.25,-32.27587
1907747812.5,-32.27353
1907747968.75,-32.27686
1907748125.0,-32.27984
1907748281.25,-32.27406
1907748437.5,-32.27256
1907748593.75,-32.26858
1907748750.0,-32.27633
1907748906.25,-32.27272
1907749062.5,-32.27296
1907749218.75,-32.26701
1907749375.0,-32.27237
1907749531.25,-32.26771
1907749687.5,-32.26955
1907749843.75,-32.26897
1907750000.0,-32.26953
1907750156.25,-32.26489
1907750312.5,-32.26321
1907750468.75,-32.26483
1907750625.0,-32.26831
1907750781.25,-32.26293
1907750937.5,-32.26077
1907751093.75,-32.26221
1907751250.0,-32.26117
1907751406.25,-32.26353
1907751562.5,-32.25967
1907751718.75,-32.25586
1907751875.0,-32.26638
1907752031.25,-32.25677
1907752187.5,-32.25734
1907752343.75,-32.25608
1907752500.0,-32.25974
1907752656.25,-32.25031
1907752812.5,-32.25781
1907752968.75,-32.25595
1907753125.0,-32.25925
1907753281.25,-32.25452
1907753437.5,-32.25724
1907753593.75,-32.25392
1907753750.0,-32.2527
1907753906.25,-32.25187
1907754062.5,-32.25836
1907754218.75,-32.25166
1907754375.0,-32.244
1907754531.25,-32.25601
1907754687.5,-32.24484
1907754843.75,-32.248
1907755000.0,-32.25144
1907755156.25,-32.24166
1907755312.5,-32.24268
1907755468.75,-32.2491
1907755625.0,-32.24943
1907755781.25,-32.25032
1907755937.5,-32.24149
1907756093.75,-32.24144
1907756250.0,-32.24161
1907756406.25,-32.24251
1907756562.5,-32.24202
1907756718.75,-32.24482
1907756875.0,-32.2386
1907757031.25,-32.23902
1907757187.5,-32.23442
1907757343.75,-32.24915
1907757500.0,-32.23457
1907757656.25,-32.23867
1907757812.5,-32.23654
1907757968.75,-32.23648
1907758125.0,-32.23615
1907758281.25,-32.23162
1907758437.5,-32.23557
1907758593.75,-32.23608
1907758750.0,-32.23636
1907758906.25,-32.23627
1907759062.5,-32.22965
1907759218.75,-32.23108
1907759375.0,-32.22333
1907759531.25,-32.23512
1907759687.5,-32.2377
1907759843.75,-32.22861
1907760000.0,-32.22477
1907760156.25,-32.22617
1907760312.5,-32.22144
1907760468.75,-32.22013
1907760625.0,-32.23109
1907760781.25,-32.22699
1907760937.5,-32.22403
1907761093.75,-32.21904
1907761250.0,-32.224
1907761406.25,-32.22486
1907761562.5,-32.2221
1907761718.75,-32.21957
1907761875.0,-32.22008
1907762031.25,-32.22479
1907762187.5,-32.22125
1907762343.75,-32.22432
1907762500.0,-32.21441
1907762656.25,-32.21128
1907762812.5,-32.21651
1907762968.75,-32.21844
1907763125.0,-32.21806
1907763281.25,-32.21899
1907763437.5,-32.21255
1907763593.75,-32.21773
1907763750.0,-32.20576
1907763906.25,-32.21144
1907764062.5,-32.21185
1907764218.75,-32.20739
1907764375.0,-32.20997
1907764531.25,-32.21096
1907764687.5,-32.21037
1907764843.75,-32.2158
1907765000.0,-32.20964
1907765156.25,-32.20809
1907765312.5,-32.21105
1907765468.75,-32.20454
1907765625.0,-32.20161
1907765781.25,-32.20908
1907765937.5,-32.1989
1907766093.75,-32.20223
1907766250.0,-32.20731
1907766406.25,-32.20138
1907766562.5,-32.20789
1907766718.75,-32.2091
1907766875.0,-32.20226
1907767031.25,-32.20478
1907767187.5,-32.203
1907767343.75,-32.20106
1907767500.0,-32.19732
1907767656.25,-32.20261
1907767812.5,-32.19757
1907767968.75,-32.20152
1907768125.0,-32.1976
1907768281.25,-32.20478
1907768437.5,-32.19743
1907768593.75,-32.19569
1907768750.0,-32.19107
1907768906.25,-32.19369
1907769062.5,-32.19128
1907769218.75,-32.18787
1907769375.0,-32.19449
1907769531.25,-32.19375
1907769687.5,-32.19528
1907769843.75,-32.18439
1907770000.0,-32.18926
1907770156.25,-32.18933
1907770312.5,-32.18486
1907770468.75,-32.19022
1907770625.0,-32.18999
1907770781.25,-32.18947
1907770937.5,-32.19026
1907771093.75,-32.18896
1907771250.0,-32.18527
1907771406.25,-32.18042
1907771562.5,-32.18085
1907771718.75,-32.17928
1907771875.0,-32.18198
1907772031.25,-32.18129
1907772187.5,-32.18017
1907772343.75,-32.17305
1907772500.0,-32.1857
1907772656.25,-32.18404
1907772812.5,-32.18158
1907772968.75,-32.18651
1907773125.0,-32.17371
1907773281.25,-32.17351
1907773437.5,-32.1824
1907773593.75,-32.17305
1907773750.0,-32.17568
1907773906.25,-32.1732
1907774062.5,-32.17811
1907774218.75,-32.16671
1907774375.0,-32.16974
1907774531.25,-32.17264
1907774687.5,-32.17108
1907774843.75,-32.16575
1907775000.0,-32.17039
1907775156.25,-32.17235
1907775312.5,-32.16309
1907775468.75,-32.16655
1907775625.0,-32.16549
1907775781.25,-32.17101
1907775937.5,-32.16463
1907776093.75,-32.16835
1907776250.0,-32.16614
1907776406.25,-32.17186
1907776562.5,-32.16233
1907776718.75,-32.16304
1907776875.0,-32.17288
1907777031.25,-32.15757
1907777187.5,-32.15886
1907777343.75,-32.16339
1907777500.0,-32.16074
1907777656.25,-32.1627
1907777812.5,-32.15952
1907777968.75,-32.15644
1907778125.0,-32.16161
1907778281.25,-32.1548
1907778437.5,-32.15693
1907778593.75,-32.1607
1907778750.0,-32.16159
1907778906.25,-32.15295
1907779062.5,-32.16125
1907779218.75,-32.15047
1907779375.0,-32.15053
1907779531.25,-32.15021
1907779687.5,-32.14907
1907779843.75,-32.15522
1907780000.0,-32.15661
1907780156.25,-32.15217
1907780312.5,-32.15178
1907780468.75,-32.14794
1907780625.0,-32.14618
1907780781.25,-32.147
1907780937.5,-32.15237
1907781093.75,-32.14709
1907781250.0,-32.14435
1907781406.25,-32.14455
1907781562.5,-32.15503
1907781718.75,-32.14137
1907781875.0,-32.13992
1907782031.25,-32.14187
1907782187.5,-32.14492
1907782343.75,-32.14427
1907782500.0,-32.14213
1907782656.25,-32.14429
1907782812.5,-32.1458
1907782968.75,-32.14053
1907783125.0,-32.13715
1907783281.25,-32.14042
1907783437.5,-32.13208
1907783593.75,-32.1347
1907783750.0,-32.13521
1907783906.25,-32.13904
1907784062.5,-32.13778
1907784218.75,-32.13734
1907784375.0,-32.13056
1907784531.25,-32.13194
1907784687.5,-32.13607
1907784843.75,-32.13387
1907785000.0,-32.13008
1907785156.25,-32.1309
1907785312.5,-32.12669
1907785468.75,-32.13302
1907785625.0,-32.13271
1907785781.25,-32.12748
1907785937.5,-32.13157
1907786093.75,-32.12489
1907786250.0,-32.1231
1907786406.25,-32.12651
1907786562.5,-32.1308
1907786718.75,-32.1307
1907786875.0,-32.13213
1907787031.25,-32.12894
1907787187.5,-32.12189
1907787343.75,-32.11908
1907787500.0,-32.11763
1907787656.25,-32.12876
1907787812.5,-32.12352
1907787968.75,-32.13051
1907788125.0,-32.11731
1907788281.25,-32.1186
1907788437.5,-32.11674
1907788593.75,-32.12002
1907788750.0,-32.11426
1907788906.25,-32.11724
1907789062.5,-32.11668
1907789218.75,-32.10881
1907789375.0,-32.11719
1907789531.25,-32.1149
1907789687.5,-32.1148
1907789843.75,-32.10816
1907790000.0,-32.11289
1907790156.25,-32.11071
1907790312.5,-32.11543
1907790468.75,-32.11349
1907790625.0,-32.10635
1907790781.25,-32.11006
1907790937.5,-32.11042
1907791093.75,-32.10662
1907791250.0,-32.11147
1907791406.25,-32.10786
1907791562.5,-32.11326
1907791718.75,-32.1014
1907791875.0,-32.11338
1907792031.25,-32.10475
1907792187.5,-32.10963
1907792343.75,-32.10089
1907792500.0,-32.0996
1907792656.25,-32.10385
1907792812.5,-32.10283
1907792968.75,-32.10219
1907793125.0,-32.10542
1907793281.25,-32.10411
1907793437.5,-32.09922
1907793593.75,-32.10025
1907793750.0,-32.09735
1907793906.25,-32.09583
1907794062.5,-32.10296
1907794218.75,-32.10112
1907794375.0,-32.10127
1907794531.25,-32.09995
1907794687.5,-32.10172
1907794843.75,-32.09405
1907795000.0,-32.09655
1907795156.25,-32.09559
1907795312.5,-32.08888
1907795468.75,-32.09013
1907795625.0,-32.08821
1907795781.25,-32.08551
1907795937.5,-32.0879
1907796093.75,-32.08983
1907796250.0,-32.09342
1907796406.25,-32.09182
1907796562.5,-32.09093
1907796718.75,-32.09072
1907796875.0,-32.08728
1907797031.25,-32.08667
1907797187.5,-32.08822
1907797343.75,-32.08576
1907797500.0,-32.08203
1907797656.25,-32.08723
1907797812.5,-32.08387
1907797968.75,-32.08219
1907798125.0,-32.07987
1907798281.25,-32.08129
1907798437.5,-32.08424
1907798593.75,-32.08035
1907798750.0,-32.08364
1907798906.25,-32.0856
1907799062.5,-32.0801
1907799218.75,-32.0764
1907799375.0,-32.08113
1907799531.25,-32.07922
1907799687.5,-32.07595
1907799843.75,-32.07755
1907800000.0,-32.0766
1907800156.25,-32.0738
1907800312.5,-32.07182
1907800468.75,-32.07524
1907800625.0,-32.07772
1907800781.25,-32.07155
1907800937.5,-32.07586
1907801093.75,-32.06789
1907801250.0,-32.06604
1907801406.25,-32.0731
1907801562.5,-32.07596
1907801718.75,-32.06438
1907801875.0,-32.06885
1907802031.25,-32.06606
1907802187.5,-32.06238
1907802343.75,-32.063
1907802500.0,-32.06129
1907802656.25,-32.06699
1907802812.5,-32.06457
1907802968.75,-32.06581
1907803125.0,-32.061
1907803281.25,-32.05605
1907803437.5,-32.06291
1907803593.75,-32.06213
1907803750.0,-32.05514
1907803906.25,-32.0588
1907804062.5,-32.05812
1907804218.75,-32.05758
1907804375.0,-32.06133
1907804531.25,-32.05503
1907804687.5,-32.05746
1907804843.75,-32.05889
1907805000.0,-32.05563
1907805156.25,-32.05535
1907805312.5,-32.04951
1907805468.75,-32.05534
1907805625.0,-32.05105
1907805781.25,-32.05338
1907805937.5,-32.04886
1907806093.75,-32.04776
1907806250.0,-32.05154
1907806406.25,-32.04921
1907806562.5,-32.04876
1907806718.75,-32.04869
1907806875.0,-32.05084
1907807031.25,-32.05537
1907807187.5,-32.05259
1907807343.75,-32.0449
1907807500.0,-32.04184
1907807656.25,-32.04559
1907807812.5,-32.04942
1907807968.75,-32.04894
1907808125.0,-32.04515
1907808281.25,-32.04147
1907808437.5,-32.04145
1907808593.75,-32.04356
1907808750.0,-32.03937
1907808906.25,-32.04354
1907809062.5,-32.04053
1907809218.75,-32.03603
1907809375.0,-32.04181
1907809531.25,-32.03466
1907809687.5,-32.03844
1907809843.75,-32.03898
1907810000.0,-32.03403
1907810156.25,-32.03763
1907810312.5,-32.03743
1907810468.75,-32.03737
1907810625.0,-32.03191
1907810781.25,-32.03558
1907810937.5,-32.03339
1907811093.75,-32.03766
1907811250.0,-32.0349
1907811406.25,-32.02755
1907811562.5,-32.03579
1907811718.75,-32.03138
1907811875.0,-32.03353
1907812031.25,-32.03188
1907812187.5,-32.02493
1907812343.75,-32.02541
1907812500.0,-32.02785
1907812656.25,-32.02874
1907812812.5,-32.02666
1907812968.75,-32.02366
1907813125.0,-32.02345
1907813281.25,-32.02729
1907813437.5,-32.02359
1907813593.75,-32.02097
1907813750.0,-32.01871
1907813906.25,-32.02436
1907814062.5,-32.02213
1907814218.75,-32.02293
1907814375.0,-32.01805
1907814531.25,-32.01725
1907814687.5,-32.00833
1907814843.75,-32.0134
1907815000.0,-32.01476
1907815156.25,-32.00671
1907815312.5,-32.01847
1907815468.75,-32.01349
1907815625.0,-32.01171
1907815781.25,-32.01494
1907815937.5,-32.01358
1907816093.75,-32.00917
1907816250.0,-32.01387
1907816406.25,-32.01828
1907816562.5,-32.01093
1907816718.75,-32.0078
1907816875.0,-32.00668
1907817031.25,-32.00787
1907817187.5,-32.00095
1907817343.75,-32.00536
1907817500.0,-32.00589
1907817656.25,-32.00066
1907817812.5,-32.00944
1907817968.75,-32.00142
1907818125.0,-32.00303
1907818281.25,-32.0049
1907818437.5,-31.99817
1907818593.75,-32.00451
1907818750.0,-31.99708
1907818906.25,-31.9922
1907819062.5,-31.99649
1907819218.75,-32.00193
1907819375.0,-32.00178
1907819531.25,-31.99728
1907819687.5,-31.99772
1907819843.75,-32.00043
1907820000.0,-31.99855
1907820156.25,-31.99274
1907820312.5,-31.99955
1907820468.75,-31.99352
1907820625.0,-31.99118
1907820781.25,-31.99172
1907820937.5,-31.98776
1907821093.75,-31.99453
1907821250.0,-31.98984
1907821406.25,-31.99689
1907821562.5,-31.99047
1907821718.75,-31.99806
1907821875.0,-31.99382
1907822031.25,-31.99574
1907822187.5,-31.99314
1907822343.75,-31.99054
1907822500.0,-31.98813
1907822656.25,-31.9908
1907822812.5,-31.99103
1907822968.75,-31.98873
1907823125.0,-31.98157
1907823281.25,-31.98359
1907823437.5,-31.98567
1907823593.75,-31.98215
1907823750.0,-31.98072
1907823906.25,-31.97722
1907824062.5,-31.97792
1907824218.75,-31.97712
1907824375.0,-31.9792
1907824531.25,-31.97964
1907824687.5,-31.98265
1907824843.75,-31.9778
1907825000.0,-31.9745
1907825156.25,-31.97808
1907825312.5,-31.9813
1907825468.75,-31.98139
1907825625.0,-31.97582
1907825781.25,-31.9732
1907825937.5,-31.97271
1907826093.75,-31.97432
1907826250.0,-31.97471
1907826406.25,-31.97093
1907826562.5,-31.97672
1907826718.75,-31.97265
1907826875.0,-31.97115
1907827031.25,-31.96847
1907827187.5,-31.96869
1907827343.75,-31.97288
1907827500.0,-31.96947
1907827656.25,-31.9631
1907827812.5,-31.96334
1907827968.75,-31.96401
1907828125.0,-31.97121
1907828281.25,-31.95404
1907828437.5,-31.96924
1907828593.75,-31.96175
1907828750.0,-31.96784
1907828906.25,-31.96128
1907829062.5,-31.96091
1907829218.75,-31.96113
1907829375.0,-31.95232
1907829531.25,-31.95566
1907829687.5,-31.95961
1907829843.75,-31.95899
1907830000.0,-31.96056
1907830156.25,-31.96036
1907830312.5,-31.96115
1907830468.75,-31.9587
1907830625.0,-31.95637
1907830781.25,-31.95733
1907830937.5,-31.95275
1907831093.75,-31.95606
1907831250.0,-31.95524
1907831406.25,-31.95413
1907831562.5,-31.95877
1907831718.75,-31.94792
1907831875.0,-31.94865
1907832031.25,-31.95265
1907832187.5,-31.94691
1907832343.75,-31.9529
1907832500.0,-31.95381
1907832656.25,-31.95203
1907832812.5,-31.94724
1907832968.75,-31.94585
1907833125.0,-31.94317
1907833281.25,-31.94795
1907833437.5,-31.94543
1907833593.75,-31.94999
1907833750.0,-31.94249
1907833906.25,-31.93948
1907834062.5,-31.94319
1907834218.75,-31.93867
1907834375.0,-31.94058
1907834531.25,-31.93886
1907834687.5,-31.93859
1907834843.75,-31.93517
1907835000.0,-31.94077
1907835156.25,-31.93924
1907835312.5,-31.93186
1907835468.75,-31.94045
1907835625.0,-31.93491
1907835781.25,-31.93466
1907835937.5,-31.9352
1907836093.75,-31.93431
1907836250.0,-31.94009
1907836406.25,-31.93413
1907836562.5,-31.92976
1907836718.75,-31.9306
1907836875.0,-31.93143
1907837031.25,-31.93117
1907837187.5,-31.92624
1907837343.75,-31.93343
1907837500.0,-31.9235
1907837656.25,-31.93208
1907837812.5,-31.92941
1907837968.75,-31.9258
1907838125.0,-31.92917
1907838281.25,-31.92506
1907838437.5,-31.92732
1907838593.75,-31.93088
1907838750.0,-31.92305
1907838906.25,-31.92763
1907839062.5,-31.92169
1907839218.75,-31.92451
1907839375.0,-31.91289
1907839531.25,-31.92182
1907839687.5,-31.91972
1907839843.75,-31.91947
1907840000.0,-31.92328
1907840156.25,-31.91777
1907840312.5,-31.91482
1907840468.75,-31.91353
1907840625.0,-31.92204
1907840781.25,-31.91837
1907840937.5,-31.91453
1907841093.75,-31.91487
1907841250.0,-31.916
1907841406.25,-31.91475
1907841562.5,-31.9073
1907841718.75,-31.90819
1907841875.0,-31.91133
1907842031.25,-31.91356
1907842187.5,-31.9045
1907842343.75,-31.90751
1907842500.0,-31.90544
1907842656.25,-31.90742
1907842812.5,-31.90553
1907842968.75,-31.9075
1907843125.0,-31.90322
1907843281.25,-31.90332
1907843437.5,-31.90824
1907843593.75,-31.9094
1907843750.0,-31.90387
1907843906.25,-31.90079
1907844062.5,-31.90374
1907844218.75,-31.90625
1907844375.0,-31.89799
1907844531.25,-31.89526
1907844687.5,-31.8994
1907844843.75,-31.89758
1907845000.0,-31.89526
1907845156.25,-31.89864
1907845312.5,-31.89468
1907845468.75,-31.90252
1907845625.0,-31.8932
1907845781.25,-31.89721
1907845937.5,-31.89192
1907846093.75,-31.89998
1907846250.0,-31.89546
1907846406.25,-31.89279
1907846562.5,-31.90066
1907846718.75,-31.89437
1907846875.0,-31.89119
1907847031.25,-31.89117
1907847187.5,-31.8884
1907847343.75,-31.88366
1907847500.0,-31.8884
1907847656.25,-31.88968
1907847812.5,-31.88667
1907847968.75,-31.88732
1907848125.0,-31.88988
1907848281.25,-31.8847
1907848437.5,-31.88411
1907848593.75,-31.8874
1907848750.0,-31.88562
1907848906.25,-31.88517
1907849062.5,-31.8859
1907849218.75,-31.88661
1907849375.0,-31.88078
1907849531.25,-31.87641
1907849687.5,-31.87331
1907849843.75,-31.87972
1907850000.0,-31.87858
1907850156.25,-31.88112
1907850312.5,-31.8822
1907850468.75,-31.87657
1907850625.0,-31.87379
1907850781.25,-31.88065
1907850937.5,-31.87451
1907851093.75,-31.87497
1907851250.0,-31.87314
1907851406.25,-31.87011
1907851562.5,-31.87221
1907851718.75,-31.86653
1907851875.0,-31.87337
1907852031.25,-31.86939
1907852187.5,-31.87364
1907852343.75,-31.86759
1907852500.0,-31.86622
1907852656.25,-31.8693
1907852812.5,-31.86601
1907852968.75,-31.86506
1907853125.0,-31.85986
1907853281.25,-31.86063
1907853437.5,-31.86176
1907853593.75,-31.86187
1907853750.0,-31.86533
1907853906.25,-31.86275
1907854062.5,-31.86508
1907854218.75,-31.86403
1907854375.0,-31.86339
1907854531.25,-31.86663
1907854687.5,-31.85523
1907854843.75,-31.85249
1907855000.0,-31.86048
1907855156.25,-31.85809
1907855312.5,-31.86035
1907855468.75,-31.85827
1907855625.0,-31.85785
1907855781.25,-31.85983
1907855937.5,-31.85306
1907856093.75,-31.85086
1907856250.0,-31.85153
1907856406.25,-31.85253
1907856562.5,-31.85679
1907856718.75,-31.85068
1907856875.0,-31.85043
1907857031.25,-31.84751
1907857187.5,-31.85245
1907857343.75,-31.84759
1907857500.0,-31.84697
1907857656.25,-31.84975
1907857812.5,-31.84585
1907857968.75,-31.85374
1907858125.0,-31.84579
1907858281.25,-31.85033
1907858437.5,-31.84879
1907858593.75,-31.85056
1907858750.0,-31.85151
1907858906.25,-31.84486
1907859062.5,-31.83751
1907859218.75,-31.84248
1907859375.0,-31.8464
1907859531.25,-31.83632
1907859687.5,-31.84692
1907859843.75,-31.841
1907860000.0,-31.84066
1907860156.25,-31.84464
1907860312.5,-31.84037
1907860468.75,-31.84419
1907860625.0,-31.84156
1907860781.25,-31.84195
1907860937.5,-31.83549
1907861093.75,-31.83659
1907861250.0,-31.83642
1907861406.25,-31.83327
1907861562.5,-31.83409
1907861718.75,-31.8273
1907861875.0,-31.83385
1907862031.25,-31.8227
1907862187.5,-31.83577
1907862343.75,-31.82871
1907862500.0,-31.82588
1907862656.25,-31.82946
1907862812.5,-31.83122
1907862968.75,-31.82376
1907863125.0,-31.82283
1907863281.25,-31.82212
1907863437.5,-31.83074
1907863593.75,-31.82426
1907863750.0,-31.83242
1907863906.25,-31.82195
1907864062.5,-31.82472
1907864218.75,-31.82055
1907864375.0,-31.82253
1907864531.25,-31.82264
1907864687.5,-31.82118
1907864843.75,-31.81845
1907865000.0,-31.81704
1907865156.25,-31.82017
1907865312.5,-31.81894
1907865468.75,-31.8187
1907865625.0,-31.81783
1907865781.25,-31.81758
1907865937.5,-31.81109
1907866093.75,-31.81771
1907866250.0,-31.80804
1907866406.25,-31.81249
1907866562.5,-31.80751
1907866718.75,-31.81495
1907866875.0,-31.80609
1907867031.25,-31.81334
1907867187.5,-31.80888
1907867343.75,-31.80863
1907867500.0,-31.80905
1907867656.25,-31.80278
1907867812.5,-31.80415
1907867968.75,-31.803
1907868125.0,-31.8087
1907868281.25,-31.80456
1907868437.5,-31.80793
1907868593.75,-31.8128
1907868750.0,-31.80208
1907868906.25,-31.80399
1907869062.5,-31.80841
1907869218.75,-31.81054
1907869375.0,-31.80539
1907869531.25,-31.80438
1907869687.5,-31.79678
1907869843.75,-31.80079
1907870000.0,-31.79935
1907870156.25,-31.79921
1907870312.5,-31.79552
1907870468.75,-31.80094
1907870625.0,-31.79664
1907870781.25,-31.79469
1907870937.5,-31.7967
1907871093.75,-31.79689
1907871250.0,-31.79899
1907871406.25,-31.7911
1907871562.5,-31.79354
1907871718.75,-31.79482
1907871875.0,-31.78934
1907872031.25,-31.7849
1907872187.5,-31.79198
1907872343.75,-31.78931
1907872500.0,-31.78857
1907872656.25,-31.78788
1907872812.5,-31.78235
1907872968.75,-31.78794
1907873125.0,-31.78817
1907873281.25,-31.7889
1907873437.5,-31.79034
1907873593.75,-31.78208
1907873750.0,-31.7817
1907873906.25,-31.78142
1907874062.5,-31.77836
1907874218.75,-31.78726
1907874375.0,-31.78343
1907874531.25,-31.78573
1907874687.5,-31.78307
1907874843.75,-31.77957
1907875000.0,-31.77664
1907875156.25,-31.78491
1907875312.5,-31.77784
1907875468.75,-31.77274
1907875625.0,-31.77997
1907875781.25,-31.77417
1907875937.5,-31.77281
1907876093.75,-31.7715
1907876250.0,-31.78027
1907876406.25,-31.7684
1907876562.5,-31.78104
1907876718.75,-31.77532
1907876875.0,-31.76993
1907877031.25,-31.77136
1907877187.5,-31.76135
1907877343.75,-31.77148
1907877500.0,-31.77111
1907877656.25,-31.77051
1907877812.5,-31.76362
1907877968.75,-31.7662
1907878125.0,-31.76854
1907878281.25,-31.76596
1907878437.5,-31.76799
1907878593.75,-31.76283
1907878750.0,-31.76615
1907878906.25,-31.7574
1907879062.5,-31.76018
1907879218.75,-31.75872
1907879375.0,-31.76262
1907879531.25,-31.7672
1907879687.5,-31.76162
1907879843.75,-31.75826
1907880000.0,-31.75831
1907880156.25,-31.75641
1907880312.5,-31.75557
1907880468.75,-31.76054
1907880625.0,-31.75522
1907880781.25,-31.75853
1907880937.5,-31.75389
1907881093.75,-31.74889
1907881250.0,-31.75421
1907881406.25,-31.75832
1907881562.5,-31.74883
1907881718.75,-31.75095
1907881875.0,-31.74966
1907882031.25,-31.75283
1907882187.5,-31.75392
1907882343.75,-31.75178
1907882500.0,-31.74701
1907882656.25,-31.74367
1907882812.5,-31.74926
1907882968.75,-31.74768
1907883125.0,-31.74709
1907883281.25,-31.75109
1907883437.5,-31.74817
1907883593.75,-31.75252
1907883750.0,-31.74058
1907883906.25,-31.74335
1907884062.5,-31.73862
1907884218.75,-31.74569
1907884375.0,-31.74131
1907884531.25,-31.7417
1907884687.5,-31.74712
1907884843.75,-31.74368
1907885000.0,-31.74134
1907885156.25,-31.73735
1907885312.5,-31.73861
1907885468.75,-31.74181
1907885625.0,-31.74242
1907885781.25,-31.74037
1907885937.5,-31.73394
1907886093.75,-31.73673
1907886250.0,-31.73793
1907886406.25,-31.73709
1907886562.5,-31.73239
1907886718.75,-31.73404
1907886875.0,-31.73607
1907887031.25,-31.73038
1907887187.5,-31.73105
1907887343.75,-31.73241
1907887500.0,-31.72917
1907887656.25,-31.72013
1907887812.5,-31.73289
1907887968.75,-31.72665
1907888125.0,-31.72758
1907888281.25,-31.72921
1907888437.5,-31.72717
1907888593.75,-31.72097
1907888750.0,-31.72443
1907888906.25,-31.72562
1907889062.5,-31.7223
1907889218.75,-31.72835
1907889375.0,-31.71895
1907889531.25,-31.72839
1907889687.5,-31.72416
1907889843.75,-31.72174
1907890000.0,-31.72101
1907890156.25,-31.71835
1907890312.5,-31.71229
1907890468.75,-31.71965
1907890625.0,-31.72352
1907890781.25,-31.71869
1907890937.5,-31.71281
1907891093.75,-31.71309
1907891250.0,-31.71813
1907891406.25,-31.71315
1907891562.5,-31.7202
1907891718.75,-31.71586
1907891875.0,-31.70953
1907892031.25,-31.70934
1907892187.5,-31.71346
1907892343.75,-31.7058
1907892500.0,-31.70673
1907892656.25,-31.71152
1907892812.5,-31.70686
1907892968.75,-31.71117
1907893125.0,-31.70503
1907893281.25,-31.70624
1907893437.5,-31.70716
1907893593.75,-31.70373
1907893750.0,-31.70414
1907893906.25,-31.69878
1907894062.5,-31.7084
1907894218.75,-31.69982
1907894375.0,-31.70164
1907894531.25,-31.69881
1907894687.5,-31.70396
1907894843.75,-31.70052
1907895000.0,-31.69974
1907895156.25,-31.702
1907895312.5,-31.70064
1907895468.75,-31.69906
1907895625.0,-31.6983
1907895781.25,-31.69539
1907895937.5,-31.69912
1907896093.75,-31.69546
1907896250.0,-31.69073
1907896406.25,-31.69302
1907896562.5,-31.68713
1907896718.75,-31.69733
1907896875.0,-31.69728
1907897031.25,-31.69514
1907897187.5,-31.68937
1907897343.75,-31.68911
1907897500.0,-31.68941
1907897656.25,-31.69224
1907897812.5,-31.68675
1907897968.75,-31.67955
1907898125.0,-31.69055
1907898281.25,-31.68572
1907898437.5,-31.67433
1907898593.75,-31.67865
1907898750.0,-31.68174
1907898906.25,-31.68061
1907899062.5,-31.68365
1907899218.75,-31.68566
1907899375.0,-31.68365
1907899531.25,-31.68195
1907899687.5,-31.67255
1907899843.75,-31.68037
1907900000.0,-31.67893
1907900156.25,-31.67935
1907900312.5,-31.68043
1907900468.75,-31.67329
1907900625.0,-31.67309
1907900781.25,-31.6743
1907900937.5,-31.67504
1907901093.75,-31.67579
1907901250.0,-31.67343
1907901406.25,-31.67342
1907901562.5,-31.67281
1907901718.75,-31.67335
1907901875.0,-31.67452
1907902031.25,-31.6666
1907902187.5,-31.67566
1907902343.75,-31.66723
1907902500.0,-31.6647
1907902656.25,-31.66522
1907902812.5,-31.66624
1907902968.75,-31.66714
1907903125.0,-31.66094
1907903281.25,-31.66797
1907903437.5,-31.66409
1907903593.75,-31.66504
1907903750.0,-31.65882
1907903906.25,-31.66538
1907904062.5,-31.66071
1907904218.75,-31.66495
1907904375.0,-31.65473
1907904531.25,-31.65808
1907904687.5,-31.65898
1907904843.75,-31.65992
1907905000.0,-31.66254
1907905156.25,-31.65784
1907905312.5,-31.65978
1907905468.75,-31.66129
1907905625.0,-31.65528
1907905781.25,-31.65633
1907905937.5,-31.65722
1907906093.75,-31.65463
1907906250.0,-31.65903
1907906406.25,-31.65448
1907906562.5,-31.64972
1907906718.75,-31.65443
1907906875.0,-31.64858
1907907031.25,-31.65749
1907907187.5,-31.64349
1907907343.75,-31.65079
1907907500.0,-31.65325
1907907656.25,-31.64846
1907907812.5,-31.64748
1907907968.75,-31.64642
1907908125.0,-31.64909
1907908281.25,-31.641
1907908437.5,-31.64282
1907908593.75,-31.64254
1907908750.0,-31.63837
1907908906.25,-31.64949
1907909062.5,-31.64312
1907909218.75,-31.64376
1907909375.0,-31.63885
1907909531.25,-31.64377
1907909687.5,-31.6407
1907909843.75,-31.64142
1907910000.0,-31.64244
1907910156.25,-31.64514
1907910312.5,-31.63733
1907910468.75,-31.6325
1907910625.0,-31.63427
1907910781.25,-31.63345
1907910937.5,-31.63622
1907911093.75,-31.63542
1907911250.0,-31.63154
1907911406.25,-31.63215
1907911562.5,-31.63217
1907911718.75,-31.63344
1907911875.0,-31.62657
1907912031.25,-31.62853
1907912187.5,-31.62788
1907912343.75,-31.63309
1907912500.0,-31.62647
1907912656.25,-31.62838
1907912812.5,-31.62561
1907912968.75,-31.63203
1907913125.0,-31.62654
1907913281.25,-31.62517
1907913437.5,-31.62181
1907913593.75,-31.62189
1907913750.0,-31.62576
1907913906.25,-31.61901
1907914062.5,-31.6202
1907914218.75,-31.62112
1907914375.0,-31.61867
1907914531.25,-31.62357
1907914687.5,-31.61956
1907914843.75,-31.62049
1907915000.0,-31.62329
1907915156.25,-31.61855
1907915312.5,-31.61947
1907915468.75,-31.61537
1907915625.0,-31.60889
1907915781.25,-31.61596
1907915937.5,-31.61345
1907916093.75,-31.61266
1907916250.0,-31.61335
1907916406.25,-31.60987
1907916562.5,-31.60919
1907916718.75,-31.60977
1907916875.0,-31.6128
1907917031.25,-31.6037
1907917187.5,-31.61178
1907917343.75,-31.6012
1907917500.0,-31.61183
1907917656.25,-31.60452
1907917812.5,-31.60442
1907917968.75,-31.60212
1907918125.0,-31.61115
1907918281.25,-31.60458
1907918437.5,-31.60578
1907918593.75,-31.59906
1907918750.0,-31.60368
1907918906.25,-31.59886
1907919062.5,-31.60338
1907919218.75,-31.60514
1907919375.0,-31.59982
1907919531.25,-31.60024
1907919687.5,-31.60036
1907919843.75,-31.59082
1907920000.0,-31.59933
1907920156.25,-31.59531
1907920312.5,-31.59714
1907920468.75,-31.59169
1907920625.0,-31.59703
1907920781.25,-31.59551
1907920937.5,-31.5923
1907921093.75,-31.59044
1907921250.0,-31.59611
1907921406.25,-31.59099
1907921562.5,-31.58997
1907921718.75,-31.59414
1907921875.0,-31.58585
1907922031.25,-31.58393
1907922187.5,-31.58862
1907922343.75,-31.58993
1907922500.0,-31.58983
1907922656.25,-31.58784
1907922812.5,-31.58602
1907922968.75,-31.58555
1907923125.0,-31.59009
1907923281.25,-31.58231
1907923437.5,-31.57914
1907923593.75,-31.58719
1907923750.0,-31.58315
1907923906.25,-31.58707
1907924062.5,-31.58325
1907924218.75,-31.57999
1907924375.0,-31.58196
1907924531.25,-31.58513
1907924687.5,-31.57053
1907924843.75,-31.57801
1907925000.0,-31.57634
1907925156.25,-31.57395
1907925312.5,-31.57457
1907925468.75,-31.57555
1907925625.0,-31.57649
1907925781.25,-31.57009
1907925937.5,-31.57345
1907926093.75,-31.572
1907926250.0,-31.56944
1907926406.25,-31.57024
1907926562.5,-31.57049
1907926718.75,-31.57019
1907926875.0,-31.57393
1907927031.25,-31.56869
1907927187.5,-31.56382
1907927343.75,-31.56546
1907927500.0,-31.5674
1907927656.25,-31.56857
1907927812.5,-31.56761
1907927968.75,-31.56496
1907928125.0,-31.55989
1907928281.25,-31.56109
1907928437.5,-31.55776
1907928593.75,-31.55953
1907928750.0,-31.56081
1907928906.25,-31.56189
1907929062.5,-31.56638
1907929218.75,-31.56263
1907929375.0,-31.5533
1907929531.25,-31.56103
1907929687.5,-31.55837
1907929843.75,-31.55339
1907930000.0,-31.55854
1907930156.25,-31.5559
1907930312.5,-31.55965
1907930468.75,-31.55468
1907930625.0,-31.55026
1907930781.25,-31.55908
1907930937.5,-31.55466
1907931093.75,-31.55363
1907931250.0,-31.54964
1907931406.25,-31.54907
1907931562.5,-31.54563
1907931718.75,-31.54818
1907931875.0,-31.54837
1907932031.25,-31.54895
1907932187.5,-31.54483
1907932343.75,-31.54461
1907932500.0,-31.55086
1907932656.25,-31.5418
1907932812.5,-31.5462
1907932968.75,-31.54842
1907933125.0,-31.54658
1907933281.25,-31.53918
1907933437.5,-31.54013
1907933593.75,-31.53753
1907933750.0,-31.5416
1907933906.25,-31.5394
1907934062.5,-31.54043
1907934218.75,-31.53603
1907934375.0,-31.54123
1907934531.25,-31.5304
1907934687.5,-31.5354
1907934843.75,-31.539
1907935000.0,-31.53562
1907935156.25,-31.53333
1907935312.5,-31.53159
1907935468.75,-31.5291
1907935625.0,-31.53125
1907935781.25,-31.53701
1907935937.5,-31.53436
1907936093.75,-31.53496
1907936250.0,-31.53058
1907936406.25,-31.53134
1907936562.5,-31.53527
1907936718.75,-31.52334
1907936875.0,-31.52799
1907937031.25,-31.53119
1907937187.5,-31.52688
1907937343.75,-31.52619
1907937500.0,-31.52585
1907937656.25,-31.5253
1907937812.5,-31.51929
1907937968.75,-31.52131
1907938125.0,-31.51955
1907938281.25,-31.51924
1907938437.5,-31.51903
1907938593.75,-31.51792
1907938750.0,-31.51603
1907938906.25,-31.52145
1907939062.5,-31.51283
1907939218.75,-31.52099
1907939375.0,-31.52005
1907939531.25,-31.51155
1907939687.5,-31.50878
1907939843.75,-31.51465
1907940000.0,-31.51932
1907940156.25,-31.51882
1907940312.5,-31.51246
1907940468.75,-31.5099
1907940625.0,-31.51269
1907940781.25,-31.51187
1907940937.5,-31.50211
1907941093.75,-31.5079
1907941250.0,-31.50832
1907941406.25,-31.50791
1907941562.5,-31.504
1907941718.75,-31.50893
1907941875.0,-31.5094
1907942031.25,-31.50352
1907942187.5,-31.50748
1907942343.75,-31.50722
1907942500.0,-31.51159
1907942656.25,-31.50247
1907942812.5,-31.50776
1907942968.75,-31.5046
1907943125.0,-31.50229
1907943281.25,-31.50699
1907943437.5,-31.50028
1907943593.75,-31.50048
1907943750.0,-31.49671
1907943906.25,-31.49446
1907944062.5,-31.49953
1907944218.75,-31.50127
1907944375.0,-31.4985
1907944531.25,-31.49838
1907944687.5,-31.4918
1907944843.75,-31.49581
1907945000.0,-31.49055
1907945156.25,-31.49667
1907945312.5,-31.49663
1907945468.75,-31.4938
1907945625.0,-31.48907
1907945781.25,-31.49053
1907945937.5,-31.48571
1907946093.75,-31.48758
1907946250.0,-31.48813
1907946406.25,-31.49191
1907946562.5,-31.49226
1907946718.75,-31.4916
1907946875.0,-31.48772
1907947031.25,-31.48622
1907947187.5,-31.48239
1907947343.75,-31.48834
1907947500.0,-31.47965
1907947656.25,-31.486
1907947812.5,-31.48281
1907947968.75,-31.47764
1907948125.0,-31.48053
1907948281.25,-31.47998
1907948437.5,-31.48011
1907948593.75,-31.48663
1907948750.0,-31.48226
1907948906.25,-31.47905
1907949062.5,-31.47624
1907949218.75,-31.47342
1907949375.0,-31.47959
1907949531.25,-31.48087
1907949687.5,-31.47642
1907949843.75,-31.47531
1907950000.0,-31.47686
1907950156.25,-31.47192
1907950312.5,-31.47448
1907950468.75,-31.47256
1907950625.0,-31.47313
1907950781.25,-31.46614
1907950937.5,-31.4703
1907951093.75,-31.46871
1907951250.0,-31.46956
1907951406.25,-31.46548
1907951562.5,-31.46228
1907951718.75,-31.46969
1907951875.0,-31.46595
1907952031.25,-31.4727
1907952187.5,-31.46731
1907952343.75,-31.46529
1907952500.0,-31.47064
1907952656.25,-31.46029
1907952812.5,-31.45908
1907952968.75,-31.46596
1907953125.0,-31.46187
1907953281.25,-31.46643
1907953437.5,-31.45732
1907953593.75,-31.45952
1907953750.0,-31.45762
1907953906.25,-31.46007
1907954062.5,-31.46179
1907954218.75,-31.45557
1907954375.0,-31.458
1907954531.25,-31.45592
1907954687.5,-31.45812
1907954843.75,-31.45813
1907955000.0,-31.44926
1907955156.25,-31.45325
1907955312.5,-31.45072
1907955468.75,-31.44789
1907955625.0,-31.45479
1907955781.25,-31.45302
1907955937.5,-31.44583
1907956093.75,-31.44952
1907956250.0,-31.44678
1907956406.25,-31.44453
1907956562.5,-31.44221
1907956718.75,-31.44986
1907956875.0,-31.44513
1907957031.25,-31.4371
1907957187.5,-31.44871
1907957343.75,-31.44134
1907957500.0,-31.44694
1907957656.25,-31.43437
1907957812.5,-31.44111
1907957968.75,-31.44112
1907958125.0,-31.43921
1907958281.25,-31.43746
1907958437.5,-31.44364
1907958593.75,-31.43787
1907958750.0,-31.43287
1907958906.25,-31.43634
1907959062.5,-31.43586
1907959218.75,-31.4323
1907959375.0,-31.43536
1907959531.25,-31.42876
1907959687.5,-31.42836
1907959843.75,-31.437
1907960000.0,-31.43322
1907960156.25,-31.43443
1907960312.5,-31.42799
1907960468.75,-31.43111
1907960625.0,-31.43655
1907960781.25,-31.4273
1907960937.5,-31.43161
1907961093.75,-31.42517
1907961250.0,-31.42253
1907961406.25,-31.4213
1907961562.5,-31.42139
1907961718.75,-31.42475
1907961875.0,-31.4215
1907962031.25,-31.42413
1907962187.5,-31.42319
1907962343.75,-31.42145
1907962500.0,-31.4192
1907962656.25,-31.42532
1907962812.5,-31.42136
1907962968.75,-31.42258
1907963125.0,-31.41688
1907963281.25,-31.42236
1907963437.5,-31.41854
1907963593.75,-31.42322
1907963750.0,-31.41808
1907963906.25,-31.41735
1907964062.5,-31.41359
1907964218.75,-31.41356
1907964375.0,-31.41363
1907964531.25,-31.41221
1907964687.5,-31.41376
1907964843.75,-31.41167
1907965000.0,-31.41238
1907965156.25,-31.4072
1907965312.5,-31.40892
1907965468.75,-31.40944
1907965625.0,-31.40723
1907965781.25,-31.40702
1907965937.5,-31.40817
1907966093.75,-31.40774
1907966250.0,-31.40564
1907966406.25,-31.39702
1907966562.5,-31.40117
1907966718.75,-31.40448
1907966875.0,-31.4116
1907967031.25,-31.40229
1907967187.5,-31.40514
1907967343.75,-31.4048
1907967500.0,-31.40084
1907967656.25,-31.40331
1907967812.5,-31.40108
1907967968.75,-31.39622
1907968125.0,-31.39733
1907968281.25,-31.40245
1907968437.5,-31.3986
1907968593.75,-31.3964
1907968750.0,-31.39244
1907968906.25,-31.39696
1907969062.5,-31.3979
1907969218.75,-31.39292
1907969375.0,-31.39746
1907969531.25,-31.38444
1907969687.5,-31.39623
1907969843.75,-31.39198
1907970000.0,-31.3922
1907970156.25,-31.38905
1907970312.5,-31.38815
1907970468.75,-31.38722
1907970625.0,-31.38277
1907970781.25,-31.3836
1907970937.5,-31.38588
1907971093.75,-31.39213
1907971250.0,-31.39126
1907971406.25,-31.39265
1907971562.5,-31.38202
1907971718.75,-31.38088
1907971875.0,-31.38071
1907972031.25,-31.38442
1907972187.5,-31.37667
1907972343.75,-31.37792
1907972500.0,-31.38207
1907972656.25,-31.37222
1907972812.5,-31.37781
1907972968.75,-31.38253
1907973125.0,-31.37877
1907973281.25,-31.38354
1907973437.5,-31.37046
1907973593.75,-31.374
1907973750.0,-31.37889
1907973906.25,-31.37745
1907974062.5,-31.37167
1907974218.75,-31.36789
1907974375.0,-31.37087
1907974531.25,-31.37255
1907974687.5,-31.37088
1907974843.75,-31.36861
1907975000.0,-31.36577
1907975156.25,-31.37018
1907975312.5,-31.36537
1907975468.75,-31.36496
1907975625.0,-31.3649
1907975781.25,-31.36627
1907975937.5,-31.36533
1907976093.75,-31.36926
1907976250.0,-31.36258
1907976406.25,-31.36141
1907976562.5,-31.36096
1907976718.75,-31.36294
1907976875.0,-31.35813
1907977031.25,-31.36084
1907977187.5,-31.35648
1907977343.75,-31.36324
1907977500.0,-31.36303
1907977656.25,-31.36087
1907977812.5,-31.35949
1907977968.75,-31.35442
1907978125.0,-31.35998
1907978281.25,-31.35766
1907978437.5,-31.35556
1907978593.75,-31.35403
1907978750.0,-31.35911
1907978906.25,-31.35378
1907979062.5,-31.35234
1907979218.75,-31.35383
1907979375.0,-31.35494
1907979531.25,-31.35316
1907979687.5,-31.34517
1907979843.75,-31.35062
1907980000.0,-31.34936
1907980156.25,-31.34967
1907980312.5,-31.34843
1907980468.75,-31.34983
1907980625.0,-31.34401
1907980781.25,-31.34649
1907980937.5,-31.34269
1907981093.75,-31.34125
1907981250.0,-31.34381
1907981406.25,-31.34186
1907981562.5,-31.34775
1907981718.75,-31.33885
1907981875.0,-31.34339
1907982031.25,-31.33965
1907982187.5,-31.3372
1907982343.75,-31.33735
1907982500.0,-31.33823
1907982656.25,-31.33786
1907982812.5,-31.33343
1907982968.75,-31.33546
1907983125.0,-31.34144
1907983281.25,-31.33315
1907983437.5,-31.33261
1907983593.75,-31.3305
1907983750.0,-31.32861
1907983906.25,-31.33217
1907984062.5,-31.33333
1907984218.75,-31.32966
1907984375.0,-31.32605
1907984531.25,-31.33146
1907984687.5,-31.33175
1907984843.75,-31.32658
1907985000.0,-31.32489
1907985156.25,-31.32632
1907985312.5,-31.32228
1907985468.75,-31.31941
1907985625.0,-31.33093
1907985781.25,-31.32453
1907985937.5,-31.32207
1907986093.75,-31.32107
1907986250.0,-31.3301
1907986406.25,-31.31911
1907986562.5,-31.31703
1907986718.75,-31.31308
1907986875.0,-31.3197
1907987031.25,-31.31869
1907987187.5,-31.31883
1907987343.75,-31.31554
1907987500.0,-31.31054
1907987656.25,-31.31443
1907987812.5,-31.31146
1907987968.75,-31.31416
1907988125.0,-31.31102
1907988281.25,-31.31288
1907988437.5,-31.30576
1907988593.75,-31.31764
1907988750.0,-31.30729
1907988906.25,-31.31113
1907989062.5,-31.31385
1907989218.75,-31.31401
1907989375.0,-31.31019
1907989531.25,-31.31247
1907989687.5,-31.3093
1907989843.75,-31.30208
1907990000.0,-31.30141
1907990156.25,-31.3105
1907990312.5,-31.30524
1907990468.75,-31.30483
1907990625.0,-31.31101
1907990781.25,-31.3009
1907990937.5,-31.2987
1907991093.75,-31.30054
1907991250.0,-31.29798
1907991406.25,-31.29829
1907991562.5,-31.29363
1907991718.75,-31.2986
1907991875.0,-31.29775
1907992031.25,-31.29357
1907992187.5,-31.29692
1907992343.75,-31.29505
1907992500.0,-31.29691
1907992656.25,-31.29218
1907992812.5,-31.29577
1907992968.75,-31.29371
1907993125.0,-31.29173
1907993281.25,-31.29905
1907993437.5,-31.29921
1907993593.75,-31.29242
1907993750.0,-31.29771
1907993906.25,-31.29432
1907994062.5,-31.29191
1907994218.75,-31.29229
1907994375.0,-31.28868
1907994531.25,-31.28528
1907994687.5,-31.28498
1907994843.75,-31.28218
1907995000.0,-31.28267
1907995156.25,-31.28551
1907995312.5,-31.28382
1907995468.75,-31.28599
1907995625.0,-31.28126
1907995781.25,-31.27915
1907995937.5,-31.28193
1907996093.75,-31.27939
1907996250.0,-31.27674
1907996406.25,-31.28029
1907996562.5,-31.27865
1907996718.75,-31.27689
1907996875.0,-31.28063
1907997031.25,-31.28232
1907997187.5,-31.27864
1907997343.75,-31.27554
1907997500.0,-31.27009
1907997656.25,-31.27727
1907997812.5,-31.27407
1907997968.75,-31.27106
1907998125.0,-31.27198
1907998281.25,-31.27074
1907998437.5,-31.27219
1907998593.75,-31.27182
1907998750.0,-31.27129
1907998906.25,-31.26976
1907999062.5,-31.26657
1907999218.75,-31.26575
1907999375.0,-31.26562
1907999531.25,-31.26571
1907999687.5,-31.26533
1907999843.75,-31.26649
1908000000.0,-31.26595
1908000156.25,-31.26615
1908000312.5,-31.26436
1908000468.75,-31.26221
1908000625.0,-31.25677
1908000781.25,-31.25908
1908000937.5,-31.25725
1908001093.75,-31.25849
1908001250.0,-31.25784
1908001406.25,-31.25909
1908001562.5,-31.25863
1908001718.75,-31.26544
1908001875.0,-31.25507
1908002031.25,-31.25756
1908002187.5,-31.25395
1908002343.75,-31.25375
1908002500.0,-31.25048
1908002656.25,-31.24907
1908002812.5,-31.25688
1908002968.75,-31.24802
1908003125.0,-31.24907
1908003281.25,-31.25141
1908003437.5,-31.24638
1908003593.75,-31.25325
1908003750.0,-31.24582
1908003906.25,-31.24706
1908004062.5,-31.24623
1908004218.75,-31.24981
1908004375.0,-31.2492
1908004531.25,-31.24197
1908004687.5,-31.24879
1908004843.75,-31.24606
1908005000.0,-31.23961
1908005156.25,-31.24284
1908005312.5,-31.244
1908005468.75,-31.24326
1908005625.0,-31.23779
1908005781.25,-31.24323
1908005937.5,-31.23907
1908006093.75,-31.23916
1908006250.0,-31.23889
1908006406.25,-31.24109
1908006562.5,-31.23811
1908006718.75,-31.23396
1908006875.0,-31.2318
1908007031.25,-31.23326
1908007187.5,-31.23377
1908007343.75,-31.23504
1908007500.0,-31.23086
1908007656.25,-31.23324
1908007812.5,-31.22801
1908007968.75,-31.22455
1908008125.0,-31.23039
1908008281.25,-31.22811
1908008437.5,-31.22773
1908008593.75,-31.22846
1908008750.0,-31.22229
1908008906.25,-31.22914
1908009062.5,-31.22286
1908009218.75,-31.22818
1908009375.0,-31.22707
1908009531.25,-31.226
1908009687.5,-31.22144
1908009843.75,-31.21993
1908010000.0,-31.22147
1908010156.25,-31.21665
1908010312.5,-31.22186
1908010468.75,-31.22099
1908010625.0,-31.22132
1908010781.25,-31.21908
1908010937.5,-31.22001
1908011093.75,-31.21457
1908011250.0,-31.21234
1908011406.25,-31.20945
1908011562.5,-31.21446
1908011718.75,-31.21132
1908011875.0,-31.2203
1908012031.25,-31.21536
1908012187.5,-31.21164
1908012343.75,-31.21041
1908012500.0,-31.21163
1908012656.25,-31.20926
1908012812.5,-31.21044
1908012968.75,-31.20922
1908013125.0,-31.21005
1908013281.25,-31.20441
1908013437.5,-31.20588
1908013593.75,-31.20837
1908013750.0,-31.20893
1908013906.25,-31.20497
1908014062.5,-31.20447
1908014218.75,-31.20511
1908014375.0,-31.19844
1908014531.25,-31.20249
1908014687.5,-31.2013
1908014843.75,-31.19881
1908015000.0,-31.20099
1908015156.25,-31.19725
1908015312.5,-31.19321
1908015468.75,-31.19877
1908015625.0,-31.19916
1908015781.25,-31.18837
1908015937.5,-31.19187
1908016093.75,-31.19256
1908016250.0,-31.19862
1908016406.25,-31.1966
1908016562.5,-31.19402
1908016718.75,-31.19223
1908016875.0,-31.19464
1908017031.25,-31.18883
1908017187.5,-31.18505
1908017343.75,-31.19212
1908017500.0,-31.18568
1908017656.25,-31.19085
1908017812.5,-31.18674
1908017968.75,-31.18798
1908018125.0,-31.18158
1908018281.25,-31.18251
1908018437.5,-31.18449
1908018593.75,-31.18299
1908018750.0,-31.18764
1908018906.25,-31.18297
1908019062.5,-31.17805
1908019218.75,-31.17992
1908019375.0,-31.18016
1908019531.25,-31.18239
1908019687.5,-31.18225
1908019843.75,-31.1773
1908020000.0,-31.17708
1908020156.25,-31.17573
1908020312.5,-31.17608
1908020468.75,-31.16434
1908020625.0,-31.17587
1908020781.25,-31.17963
1908020937.5,-31.18048
1908021093.75,-31.17777
1908021250.0,-31.17128
1908021406.25,-31.16985
1908021562.5,-31.17098
1908021718.75,-31.17213
1908021875.0,-31.1673
1908022031.25,-31.17365
1908022187.5,-31.16849
1908022343.75,-31.1731
1908022500.0,-31.16632
1908022656.25,-31.16985
1908022812.5,-31.16851
1908022968.75,-31.16865
1908023125.0,-31.15854
1908023281.25,-31.16244
1908023437.5,-31.16408
1908023593.75,-31.16662
1908023750.0,-31.15912
1908023906.25,-31.16123
1908024062.5,-31.15852
1908024218.75,-31.1592
1908024375.0,-31.15338
1908024531.25,-31.16002
1908024687.5,-31.15685
1908024843.75,-31.1497
1908025000.0,-31.16178
1908025156.25,-31.15963
1908025312.5,-31.16123
1908025468.75,-31.15824
1908025625.0,-31.15769
1908025781.25,-31.15471
1908025937.5,-31.1536
1908026093.75,-31.15546
1908026250.0,-31.15114
1908026406.25,-31.15235
1908026562.5,-31.14957
1908026718.75,-31.14952
1908026875.0,-31.14738
1908027031.25,-31.14993
1908027187.5,-31.14924
1908027343.75,-31.15007
1908027500.0,-31.14543
1908027656.25,-31.14828
1908027812.5,-31.15059
1908027968.75,-31.14349
1908028125.0,-31.14619
1908028281.25,-31.13885
1908028437.5,-31.13783
1908028593.75,-31.13781
1908028750.0,-31.1368
1908028906.25,-31.13956
1908029062.5,-31.14097
1908029218.75,-31.14056
1908029375.0,-31.14124
1908029531.25,-31.13936
1908029687.5,-31.14155
1908029843.75,-31.13468
1908030000.0,-31.13585
1908030156.25,-31.13059
1908030312.5,-31.12982
1908030468.75,-31.1329
1908030625.0,-31.13558
1908030781.25,-31.13287
1908030937.5,-31.13329
1908031093.75,-31.13721
1908031250.0,-31.1251
1908031406.25,-31.13175
1908031562.5,-31.1282
1908031718.75,-31.12876
1908031875.0,-31.12729
1908032031.25,-31.12906
1908032187.5,-31.1315
1908032343.75,-31.12913
1908032500.0,-31.12185
1908032656.25,-31.12032
1908032812.5,-31.12535
1908032968.75,-31.11943
1908033125.0,-31.12618
1908033281.25,-31.11697
1908033437.5,-31.12436
1908033593.75,-31.12437
1908033750.0,-31.11435
1908033906.25,-31.11794
1908034062.5,-31.11663
1908034218.75,-31.11772
1908034375.0,-31.11573
1908034531.25,-31.12033
1908034687.5,-31.11956
1908034843.75,-31.11425
1908035000.0,-31.11749
1908035156.25,-31.10513
1908035312.5,-31.11096
1908035468.75,-31.10972
1908035625.0,-31.11121
1908035781.25,-31.1138
1908035937.5,-31.11058
1908036093.75,-31.10484
1908036250.0,-31.11254
1908036406.25,-31.1063
1908036562.5,-31.10767
1908036718.75,-31.10895
1908036875.0,-31.10597
1908037031.25,-31.09956
1908037187.5,-31.10425
1908037343.75,-31.1063
1908037500.0,-31.1029
1908037656.25,-31.10093
1908037812.5,-31.10353
1908037968.75,-31.10179
1908038125.0,-31.09642
1908038281.25,-31.10172
1908038437.5,-31.09897
1908038593.75,-31.1006
1908038750.0,-31.10151
1908038906.25,-31.09371
1908039062.5,-31.0973
1908039218.75,-31.09417
1908039375.0,-31.09858
1908039531.25,-31.099
1908039687.5,-31.09288
1908039843.75,-31.09507
1908040000.0,-31.08968
1908040156.25,-31.09661
1908040312.5,-31.08548
1908040468.75,-31.08926
1908040625.0,-31.09101
1908040781.25,-31.09212
1908040937.5,-31.08599
1908041093.75,-31.08594
1908041250.0,-31.08273
1908041406.25,-31.08048
1908041562.5,-31.08756
1908041718.75,-31.08596
1908041875.0,-31.08589
1908042031.25,-31.08093
1908042187.5,-31.08059
1908042343.75,-31.08313
1908042500.0,-31.08683
1908042656.25,-31.08045
1908042812.5,-31.07716
1908042968.75,-31.07951
1908043125.0,-31.07995
1908043281.25,-31.07788
1908043437.5,-31.08135
1908043593.75,-31.07246
1908043750.0,-31.07575
1908043906.25,-31.07534
1908044062.5,-31.07194
1908044218.75,-31.0778
1908044375.0,-31.07574
1908044531.25,-31.06485
1908044687.5,-31.07185
1908044843.75,-31.07194
1908045000.0,-31.07034
1908045156.25,-31.0723
1908045312.5,-31.06333
1908045468.75,-31.06607
1908045625.0,-31.06725
1908045781.25,-31.06915
1908045937.5,-31.06427
1908046093.75,-31.06954
1908046250.0,-31.06288
1908046406.25,-31.06771
1908046562.5,-31.06516
1908046718.75,-31.0606
1908046875.0,-31.06047
1908047031.25,-31.05556
1908047187.5,-31.06444
1908047343.75,-31.05398
1908047500.0,-31.05589
1908047656.25,-31.05223
1908047812.5,-31.06033
1908047968.75,-31.05346
1908048125.0,-31.05519
1908048281.25,-31.05472
1908048437.5,-31.05498
1908048593.75,-31.04921
1908048750.0,-31.0603
1908048906.25,-31.05155
1908049062.5,-31.05266
1908049218.75,-31.0583
1908049375.0,-31.05079
1908049531.25,-31.05603
1908049687.5,-31.05056
1908049843.75,-31.04546
1908050000.0,-31.04727
1908050156.25,-31.05189
1908050312.5,-31.04131
1908050468.75,-31.05106
1908050625.0,-31.04713
1908050781.25,-31.0438
1908050937.5,-31.0443
1908051093.75,-31.04609
1908051250.0,-31.03953
1908051406.25,-31.03851
1908051562.5,-31.04248
1908051718.75,-31.04361
1908051875.0,-31.04069
1908052031.25,-31.03641
1908052187.5,-31.03823
1908052343.75,-31.04345
1908052500.0,-31.04162
1908052656.25,-31.03879
1908052812.5,-31.03371
1908052968.75,-31.03625
1908053125.0,-31.03342
1908053281.25,-31.03473
1908053437.5,-31.0334
1908053593.75,-31.03106
1908053750.0,-31.03312
1908053906.25,-31.03074
1908054062.5,-31.03176
1908054218.75,-31.03357
1908054375.0,-31.02898
1908054531.25,-31.02792
1908054687.5,-31.02634
1908054843.75,-31.02286
1908055000.0,-31.03343
1908055156.25,-31.027
1908055312.5,-31.02619
1908055468.75,-31.02392
1908055625.0,-31.01856
1908055781.25,-31.0222
1908055937.5,-31.01843
1908056093.75,-31.0174
1908056250.0,-31.02106
1908056406.25,-31.02029
1908056562.5,-31.0271
1908056718.75,-31.01752
1908056875.0,-31.0161
1908057031.25,-31.01811
1908057187.5,-31.01966
1908057343.75,-31.01524
1908057500.0,-31.01118
1908057656.25,-31.01379
1908057812.5,-31.01391
1908057968.75,-31.01458
1908058125.0,-31.01246
1908058281.25,-31.0123
1908058437.5,-31.01113
1908058593.75,-31.0049
1908058750.0,-31.00882
1908058906.25,-31.01093
1908059062.5,-31.00762
1908059218.75,-31.00776
1908059375.0,-31.01326
1908059531.25,-31.00761
1908059687.5,-30.99749
1908059843.75,-30.99999
1908060000.0,-31.00734
1908060156.25,-31.00282
1908060312.5,-31.00709
1908060468.75,-31.0008
1908060625.0,-31.00133
1908060781.25,-31.00352
1908060937.5,-31.00487
1908061093.75,-31.00213
1908061250.0,-31.0012
1908061406.25,-31.00408
1908061562.5,-31.0003
1908061718.75,-30.99786
1908061875.0,-30.99545
1908062031.25,-30.9975
1908062187.5,-30.99693
1908062343.75,-30.99729
1908062500.0,-30.99468
1908062656.25,-30.99817
1908062812.5,-30.99684
1908062968.75,-30.98513
1908063125.0,-30.9848
1908063281.25,-30.98897
1908063437.5,-30.99415
1908063593.75,-30.98969
1908063750.0,-30.99012
1908063906.25,-30.9895
1908064062.5,-30.98625
1908064218.75,-30.98471
1908064375.0,-30.98657
1908064531.25,-30.98491
1908064687.5,-30.9845
1908064843.75,-30.98282
1908065000.0,-30.98257
1908065156.25,-30.98024
1908065312.5,-30.98206
1908065468.75,-30.98181
1908065625.0,-30.97719
1908065781.25,-30.98166
1908065937.5,-30.97436
1908066093.75,-30.98266
1908066250.0,-30.97697
1908066406.25,-30.97309
1908066562.5,-30.97316
1908066718.75,-30.97734
1908066875.0,-30.97919
1908067031.25,-30.97771
1908067187.5,-30.97719
1908067343.75,-30.97442
1908067500.0,-30.96809
1908067656.25,-30.97478
1908067812.5,-30.97452
1908067968.75,-30.96781
1908068125.0,-30.97125
1908068281.25,-30.96683
1908068437.5,-30.96795
1908068593.75,-30.96844
1908068750.0,-30.96766
1908068906.25,-30.96706
1908069062.5,-30.96348
1908069218.75,-30.96653
1908069375.0,-30.96709
1908069531.25,-30.96233
1908069687.5,-30.96799
1908069843.75,-30.96387
1908070000.0,-30.96372
1908070156.25,-30.96184
1908070312.5,-30.96111
1908070468.75,-30.96066
1908070625.0,-30.95671
1908070781.25,-30.96037
1908070937.5,-30.9566
1908071093.75,-30.95993
1908071250.0,-30.95555
1908071406.25,-30.95773
1908071562.5,-30.95963
1908071718.75,-30.96081
1908071875.0,-30.95198
1908072031.25,-30.95251
1908072187.5,-30.95088
1908072343.75,-30.95517
1908072500.0,-30.94272
1908072656.25,-30.9431
1908072812.5,-30.95017
1908072968.75,-30.94039
1908073125.0,-30.95004
1908073281.25,-30.94333
1908073437.5,-30.9504
1908073593.75,-30.94635
1908073750.0,-30.9495
1908073906.25,-30.94002
1908074062.5,-30.94373
1908074218.75,-30.94361
1908074375.0,-30.93716
1908074531.25,-30.94076
1908074687.5,-30.93729
1908074843.75,-30.93812
1908075000.0,-30.94021
1908075156.25,-30.93963
1908075312.5,-30.93865
1908075468.75,-30.9388
1908075625.0,-30.93436
1908075781.25,-30.93557
1908075937.5,-30.9343
1908076093.75,-30.9354
1908076250.0,-30.93227
1908076406.25,-30.9294
1908076562.5,-30.93112
1908076718.75,-30.93241
1908076875.0,-30.92994
1908077031.25,-30.92814
1908077187.5,-30.9291
1908077343.75,-30.92555
1908077500.0,-30.92289
1908077656.25,-30.92758
1908077812.5,-30.92831
1908077968.75,-30.92446
1908078125.0,-30.9225
1908078281.25,-30.92386
1908078437.5,-30.92473
1908078593.75,-30.92097
1908078750.0,-30.9167
1908078906.25,-30.92405
1908079062.5,-30.92354
1908079218.75,-30.92037
1908079375.0,-30.91492
1908079531.25,-30.9169
1908079687.5,-30.91936
1908079843.75,-30.92107
1908080000.0,-30.91958
1908080156.25,-30.91644
1908080312.5,-30.91288
1908080468.75,-30.9081
1908080625.0,-30.91723
1908080781.25,-30.9169
1908080937.5,-30.91492
1908081093.75,-30.91628
1908081250.0,-30.90994
1908081406.25,-30.91984
1908081562.5,-30.91348
1908081718.75,-30.90548
1908081875.0,-30.90866
1908082031.25,-30.9088
1908082187.5,-30.90413
1908082343.75,-30.90772
1908082500.0,-30.90652
1908082656.25,-30.90298
1908082812.5,-30.90748
1908082968.75,-30.90618
1908083125.0,-30.90398
1908083281.25,-30.90511
1908083437.5,-30.90479
1908083593.75,-30.89874
1908083750.0,-30.90152
1908083906.25,-30.89714
1908084062.5,-30.89827
1908084218.75,-30.90205
1908084375.0,-30.89596
1908084531.25,-30.89863
1908084687.5,-30.90312
1908084843.75,-30.89687
1908085000.0,-30.89622
1908085156.25,-30.89609
1908085312.5,-30.8921
1908085468.75,-30.89729
1908085625.0,-30.89346
1908085781.25,-30.89176
1908085937.5,-30.89405
1908086093.75,-30.8889
1908086250.0,-30.88691
1908086406.25,-30.88606
1908086562.5,-30.89013
1908086718.75,-30.88199
1908086875.0,-30.88927
1908087031.25,-30.88468
1908087187.5,-30.88698
1908087343.75,-30.88733
1908087500.0,-30.88219
1908087656.25,-30.88036
1908087812.5,-30.88422
1908087968.75,-30.88052
1908088125.0,-30.88273
1908088281.25,-30.87991
1908088437.5,-30.87503
1908088593.75,-30.87821
1908088750.0,-30.87863
1908088906.25,-30.88027
1908089062.5,-30.87433
1908089218.75,-30.88053
1908089375.0,-30.87885
1908089531.25,-30.87221
1908089687.5,-30.87234
1908089843.75,-30.87826
1908090000.0,-30.87209
1908090156.25,-30.86808
1908090312.5,-30.87359
1908090468.75,-30.87415
1908090625.0,-30.86909
1908090781.25,-30.86702
1908090937.5,-30.86421
1908091093.75,-30.8615
1908091250.0,-30.86845
1908091406.25,-30.86775
1908091562.5,-30.86282
1908091718.75,-30.86354
1908091875.0,-30.86165
1908092031.25,-30.86402
1908092187.5,-30.86497
1908092343.75,-30.86793
1908092500.0,-30.86078
1908092656.25,-30.86566
1908092812.5,-30.86237
1908092968.75,-30.85937
1908093125.0,-30.85814
1908093281.25,-30.85948
1908093437.5,-30.85434
1908093593.75,-30.85732
1908093750.0,-30.85674
1908093906.25,-30.85587
1908094062.5,-30.85302
1908094218.75,-30.85583
1908094375.0,-30.84864
1908094531.25,-30.84964
1908094687.5,-30.85262
1908094843.75,-30.85055
1908095000.0,-30.85387
1908095156.25,-30.84607
1908095312.5,-30.84441
1908095468.75,-30.84807
1908095625.0,-30.84442
1908095781.25,-30.84516
1908095937.5,-30.84711
1908096093.75,-30.84236
1908096250.0,-30.84465
1908096406.25,-30.84639
1908096562.5,-30.84757
1908096718.75,-30.84157
1908096875.0,-30.8349
1908097031.25,-30.85009
1908097187.5,-30.84177
1908097343.75,-30.8453
1908097500.0,-30.83971
1908097656.25,-30.84503
1908097812.5,-30.83517
1908097968.75,-30.84357
1908098125.0,-30.8402
1908098281.25,-30.83336
1908098437.5,-30.83312
1908098593.75,-30.83632
1908098750.0,-30.83436
1908098906.25,-30.83434
1908099062.5,-30.83743
1908099218.75,-30.83393
1908099375.0,-30.82806
1908099531.25,-30.83467
1908099687.5,-30.82813
1908099843.75,-30.82792
1908100000.0,-30.83079
1908100156.25,-30.82608
1908100312.5,-30.82965
1908100468.75,-30.82447
1908100625.0,-30.82224
1908100781.25,-30.81938
1908100937.5,-30.8252
1908101093.75,-30.82147
1908101250.0,-30.82654
1908101406.25,-30.82519
1908101562.5,-30.82594
1908101718.75,-30.82028
1908101875.0,-30.82275
1908102031.25,-30.82079
1908102187.5,-30.81741
1908102343.75,-30.82201
1908102500.0,-30.81793
1908102656.25,-30.81749
1908102812.5,-30.81366
1908102968.75,-30.81767
1908103125.0,-30.81462
1908103281.25,-30.81775
1908103437.5,-30.80772
1908103593.75,-30.81203
1908103750.0,-30.8124
1908103906.25,-30.81097
1908104062.5,-30.80817
1908104218.75,-30.80289
1908104375.0,-30.81312
1908104531.25,-30.8044
1908104687.5,-30.81189
1908104843.75,-30.80467
1908105000.0,-30.8086
1908105156.25,-30.80518
1908105312.5,-30.80238
1908105468.75,-30.80309
1908105625.0,-30.80246
1908105781.25,-30.80101
1908105937.5,-30.79964
1908106093.75,-30.79799
1908106250.0,-30.79912
1908106406.25,-30.80051
1908106562.5,-30.80525
1908106718.75,-30.79709
1908106875.0,-30.79696
1908107031.25,-30.79591
1908107187.5,-30.80063
1908107343.75,-30.7931
1908107500.0,-30.79101
1908107656.25,-30.7954
1908107812.5,-30.79757
1908107968.75,-30.79135
1908108125.0,-30.79708
1908108281.25,-30.79305
1908108437.5,-30.78704
1908108593.75,-30.78825
1908108750.0,-30.79409
1908108906.25,-30.78476
1908109062.5,-30.79324
1908109218.75,-30.79085
1908109375.0,-30.78777
1908109531.25,-30.7835
1908109687.5,-30.78753
1908109843.75,-30.78784
1908110000.0,-30.78279
1908110156.25,-30.78089
1908110312.5,-30.78177
1908110468.75,-30.77655
1908110625.0,-30.78173
1908110781.25,-30.78677
1908110937.5,-30.77861
1908111093.75,-30.77679
1908111250.0,-30.77423
1908111406.25,-30.77655
1908111562.5,-30.78079
1908111718.75,-30.77885
1908111875.0,-30.77913
1908112031.25,-30.77889
1908112187.5,-30.77321
1908112343.75,-30.77207
1908112500.0,-30.77177
1908112656.25,-30.77265
1908112812.5,-30.76803
1908112968.75,-30.77327
1908113125.0,-30.7732
1908113281.25,-30.76535
1908113437.5,-30.77297
1908113593.75,-30.76637
1908113750.0,-30.76563
1908113906.25,-30.76581
1908114062.5,-30.76701
1908114218.75,-30.76338
1908114375.0,-30.76332
1908114531.25,-30.76379
1908114687.5,-30.75886
1908114843.75,-30.76263
1908115000.0,-30.76056
1908115156.25,-30.7593
1908115312.5,-30.7569
1908115468.75,-30.75903
1908115625.0,-30.76046
1908115781.25,-30.7569
1908115937.5,-30.7556
1908116093.75,-30.75883
1908116250.0,-30.75705
1908116406.25,-30.75307
1908116562.5,-30.75345
1908116718.75,-30.75454
1908116875.0,-30.75392
1908117031.25,-30.75492
1908117187.5,-30.74619
1908117343.75,-30.74669
1908117500.0,-30.7488
1908117656.25,-30.74735
1908117812.5,-30.74847
1908117968.75,-30.74545
1908118125.0,-30.74982
1908118281.25,-30.75275
1908118437.5,-30.74656
1908118593.75,-30.74786
1908118750.0,-30.74683
1908118906.25,-30.74047
1908119062.5,-30.74571
1908119218.75,-30.74496
1908119375.0,-30.73832
1908119531.25,-30.74202
1908119687.5,-30.74162
1908119843.75,-30.73829
1908120000.0,-30.74262
1908120156.25,-30.73778
1908120312.5,-30.73777
1908120468.75,-30.73652
1908120625.0,-30.73998
1908120781.25,-30.73769
1908120937.5,-30.73836
1908121093.75,-30.73479
1908121250.0,-30.73423
1908121406.25,-30.73278
1908121562.5,-30.72605
1908121718.75,-30.73004
1908121875.0,-30.73455
1908122031.25,-30.72655
1908122187.5,-30.72689
1908122343.75,-30.72916
1908122500.0,-30.73296
1908122656.25,-30.72924
1908122812.5,-30.72834
1908122968.75,-30.7229
1908123125.0,-30.72608
1908123281.25,-30.72569
1908123437.5,-30.72146
1908123593.75,-30.72432
1908123750.0,-30.71888
1908123906.25,-30.723
1908124062.5,-30.72275
1908124218.75,-30.71602
1908124375.0,-30.71427
1908124531.25,-30.71611
1908124687.5,-30.71114
1908124843.75,-30.71381
1908125000.0,-30.71822
1908125156.25,-30.71795
1908125312.5,-30.71333
1908125468.75,-30.71105
1908125625.0,-30.71669
1908125781.25,-30.71013
1908125937.5,-30.7109
1908126093.75,-30.71113
1908126250.0,-30.70654
1908126406.25,-30.71636
1908126562.5,-30.71099
1908126718.75,-30.71194
1908126875.0,-30.70354
1908127031.25,-30.70523
1908127187.5,-30.70841
1908127343.75,-30.70405
1908127500.0,-30.70807
1908127656.25,-30.70057
1908127812.5,-30.7021
1908127968.75,-30.70652
1908128125.0,-30.70694
1908128281.25,-30.70673
1908128437.5,-30.70048
1908128593.75,-30.69647
1908128750.0,-30.70047
1908128906.25,-30.69779
1908129062.5,-30.69923
1908129218.75,-30.69838
1908129375.0,-30.69563
1908129531.25,-30.70228
1908129687.5,-30.6928
1908129843.75,-30.69829
1908130000.0,-30.69674
1908130156.25,-30.69087
1908130312.5,-30.69527
1908130468.75,-30.68888
1908130625.0,-30.68883
1908130781.25,-30.69456
1908130937.5,-30.68913
1908131093.75,-30.6822
1908131250.0,-30.69275
1908131406.25,-30.69242
1908131562.5,-30.68688
1908131718.75,-30.6882
1908131875.0,-30.68233
1908132031.25,-30.68677
1908132187.5,-30.68578
1908132343.75,-30.68531
1908132500.0,-30.67871
1908132656.25,-30.67741
1908132812.5,-30.67679
1908132968.75,-30.6784
1908133125.0,-30.67996
1908133281.25,-30.68133
1908133437.5,-30.67441
1908133593.75,-30.67937
1908133750.0,-30.67397
1908133906.25,-30.67821
1908134062.5,-30.6741
1908134218.75,-30.67334
1908134375.0,-30.67817
1908134531.25,-30.67296
1908134687.5,-30.66797
1908134843.75,-30.67329
1908135000.0,-30.6689
1908135156.25,-30.66905
1908135312.5,-30.66972
1908135468.75,-30.66745
1908135625.0,-30.67121
1908135781.25,-30.67
1908135937.5,-30.66379
1908136093.75,-30.66849
1908136250.0,-30.66645
1908136406.25,-30.66104
1908136562.5,-30.6652
1908136718.75,-30.66865
1908136875.0,-30.66294
1908137031.25,-30.65844
1908137187.5,-30.66553
1908137343.75,-30.66215
1908137500.0,-30.65796
1908137656.25,-30.65958
1908137812.5,-30.65921
1908137968.75,-30.65771
1908138125.0,-30.66034
1908138281.25,-30.65581
1908138437.5,-30.65139
1908138593.75,-30.65303
1908138750.0,-30.65716
1908138906.25,-30.6512
1908139062.5,-30.65278
1908139218.75,-30.64784
1908139375.0,-30.6551
1908139531.25,-30.65237
1908139687.5,-30.6502
1908139843.75,-30.64638
1908140000.0,-30.64242
1908140156.25,-30.64691
1908140312.5,-30.64683
1908140468.75,-30.64348
1908140625.0,-30.6439
1908140781.25,-30.64328
1908140937.5,-30.64178
1908141093.75,-30.64353
1908141250.0,-30.64236
1908141406.25,-30.63734
1908141562.5,-30.64663
1908141718.75,-30.64408
1908141875.0,-30.63883
1908142031.25,-30.64131
1908142187.5,-30.63827
1908142343.75,-30.63696
1908142500.0,-30.63837
1908142656.25,-30.63726
1908142812.5,-30.63259
1908142968.75,-30.64327
1908143125.0,-30.62861
1908143281.25,-30.63604
1908143437.5,-30.63566
1908143593.75,-30.63144
1908143750.0,-30.6283
1908143906.25,-30.62953
1908144062.5,-30.62771
1908144218.75,-30.63029
1908144375.0,-30.62853
1908144531.25,-30.63316
1908144687.5,-30.62618
1908144843.75,-30.62494
1908145000.0,-30.62577
1908145156.25,-30.62547
1908145312.5,-30.62815
1908145468.75,-30.62419
1908145625.0,-30.62255
1908145781.25,-30.62304
1908145937.5,-30.61864
1908146093.75,-30.62136
1908146250.0,-30.62303
1908146406.25,-30.61993
1908146562.5,-30.61388
1908146718.75,-30.61806
1908146875.0,-30.61648
1908147031.25,-30.61382
1908147187.5,-30.62479
1908147343.75,-30.61899
1908147500.0,-30.60804
1908147656.25,-30.61085
1908147812.5,-30.61563
1908147968.75,-30.61122
1908148125.0,-30.61028
1908148281.25,-30.61125
1908148437.5,-30.61125
1908148593.75,-30.60949
1908148750.0,-30.6055
1908148906.25,-30.60805
1908149062.5,-30.60491
1908149218.75,-30.60878
1908149375.0,-30.60495
1908149531.25,-30.6038
1908149687.5,-30.6031
1908149843.75,-30.60641
1908150000.0,-30.60153
1908150156.25,-30.59907
1908150312.5,-30.60182
1908150468.75,-30.59417
1908150625.0,-30.60454
1908150781.25,-30.59864
1908150937.5,-30.59985
1908151093.75,-30.59624
1908151250.0,-30.59239
1908151406.25,-30.59455
1908151562.5,-30.59226
1908151718.75,-30.58815
1908151875.0,-30.59046
1908152031.25,-30.59393
1908152187.5,-30.59556
1908152343.75,-30.59564
1908152500.0,-30.59329
1908152656.25,-30.58858
1908152812.5,-30.59214
1908152968.75,-30.5876
1908153125.0,-30.58831
1908153281.25,-30.59214
1908153437.5,-30.58201
1908153593.75,-30.58477
1908153750.0,-30.59152
1908153906.25,-30.58436
1908154062.5,-30.58844
1908154218.75,-30.58211
1908154375.0,-30.58514
1908154531.25,-30.58792
1908154687.5,-30.58019
1908154843.75,-30.57954
1908155000.0,-30.57788
1908155156.25,-30.5788
1908155312.5,-30.5777
1908155468.75,-30.57707
1908155625.0,-30.57809
1908155781.25,-30.57369
1908155937.5,-30.57493
1908156093.75,-30.57296
1908156250.0,-30.57831
1908156406.25,-30.5737
1908156562.5,-30.57352
1908156718.75,-30.56926
1908156875.0,-30.57026
1908157031.25,-30.57958
1908157187.5,-30.56745
1908157343.75,-30.57622
1908157500.0,-30.56487
1908157656.25,-30.56586
1908157812.5,-30.57152
1908157968.75,-30.5639
1908158125.0,-30.57234
1908158281.25,-30.56357
1908158437.5,-30.56226
1908158593.75,-30.56251
1908158750.0,-30.56101
1908158906.25,-30.55989
1908159062.5,-30.55766
1908159218.75,-30.56182
1908159375.0,-30.561
1908159531.25,-30.55884
1908159687.5,-30.56075
1908159843.75,-30.55764
1908160000.0,-30.55572
1908160156.25,-30.55961
1908160312.5,-30.55611
1908160468.75,-30.55139
1908160625.0,-30.55285
1908160781.25,-30.5536
1908160937.5,-30.55104
1908161093.75,-30.55358
1908161250.0,-30.55005
1908161406.25,-30.54915
1908161562.5,-30.54615
1908161718.75,-30.54846
1908161875.0,-30.54767
1908162031.25,-30.54672
1908162187.5,-30.54157
1908162343.75,-30.54339
1908162500.0,-30.55033
1908162656.25,-30.54577
1908162812.5,-30.54732
1908162968.75,-30.5393
1908163125.0,-30.54166
1908163281.25,-30.53951
1908163437.5,-30.53698
1908163593.75,-30.54211
1908163750.0,-30.53702
1908163906.25,-30.53722
1908164062.5,-30.53958
1908164218.75,-30.54027
1908164375.0,-30.53387
1908164531.25,-30.54034
1908164687.5,-30.53832
1908164843.75,-30.53089
1908165000.0,-30.5353
1908165156.25,-30.53004
1908165312.5,-30.53578
1908165468.75,-30.5262
1908165625.0,-30.53538
1908165781.25,-30.52783
1908165937.5,-30.52991
1908166093.75,-30.52754
1908166250.0,-30.52864
1908166406.25,-30.53143
1908166562.5,-30.52727
1908166718.75,-30.52814
1908166875.0,-30.52286
1908167031.25,-30.51839
1908167187.5,-30.52593
1908167343.75,-30.52791
1908167500.0,-30.51999
1908167656.25,-30.5229
1908167812.5,-30.52288
1908167968.75,-30.51992
1908168125.0,-30.51598
1908168281.25,-30.51772
1908168437.5,-30.51613
1908168593.75,-30.5163
1908168750.0,-30.5191
1908168906.25,-30.51627
1908169062.5,-30.5205
1908169218.75,-30.51617
1908169375.0,-30.51115
1908169531.25,-30.50938
1908169687.5,-30.51247
1908169843.75,-30.50855
1908170000.0,-30.51502
1908170156.25,-30.50962
1908170312.5,-30.51373
1908170468.75,-30.5103
1908170625.0,-30.51108
1908170781.25,-30.50998
1908170937.5,-30.51203
1908171093.75,-30.50529
1908171250.0,-30.50608
1908171406.25,-30.50533
1908171562.5,-30.50032
1908171718.75,-30.50445
1908171875.0,-30.50661
1908172031.25,-30.5017
1908172187.5,-30.49944
1908172343.75,-30.50273
1908172500.0,-30.50213
1908172656.25,-30.4936
1908172812.5,-30.49935
1908172968.75,-30.49413
1908173125.0,-30.49941
1908173281.25,-30.49636
1908173437.5,-30.49641
1908173593.75,-30.49061
1908173750.0,-30.49901
1908173906.25,-30.48968
1908174062.5,-30.49306
1908174218.75,-30.49031
1908174375.0,-30.49373
1908174531.25,-30.48882
1908174687.5,-30.49088
1908174843.75,-30.48529
1908175000.0,-30.48803
1908175156.25,-30.4865
1908175312.5,-30.48575
1908175468.75,-30.48848
1908175625.0,-30.48228
1908175781.25,-30.48631
1908175937.5,-30.48612
1908176093.75,-30.4819
1908176250.0,-30.4825
1908176406.25,-30.48378
1908176562.5,-30.47782
1908176718.75,-30.47773
1908176875.0,-30.47819
1908177031.25,-30.47593
1908177187.5,-30.47288
1908177343.75,-30.47171
1908177500.0,-30.47734
1908177656.25,-30.47392
1908177812.5,-30.47137
1908177968.75,-30.47624
1908178125.0,-30.47551
1908178281.25,-30.47296
1908178437.5,-30.47356
1908178593.75,-30.46742
1908178750.0,-30.47395
1908178906.25,-30.46643
1908179062.5,-30.46753
1908179218.75,-30.46791
1908179375.0,-30.46899
1908179531.25,-30.46528
1908179687.5,-30.46708
1908179843.75,-30.46501
1908180000.0,-30.46794
1908180156.25,-30.46459
1908180312.5,-30.45571
1908180468.75,-30.461
1908180625.0,-30.45479
1908180781.25,-30.4655
1908180937.5,-30.45716
1908181093.75,-30.45843
1908181250.0,-30.45738
1908181406.25,-30.45644
1908181562.5,-30.45229
1908181718.75,-30.45725
1908181875.0,-30.45012
1908182031.25,-30.45914
1908182187.5,-30.45299
1908182343.75,-30.45119
1908182500.0,-30.45307
1908182656.25,-30.44791
1908182812.5,-30.44821
1908182968.75,-30.45419
1908183125.0,-30.44909
1908183281.25,-30.45151
1908183437.5,-30.44584
1908183593.75,-30.45052
1908183750.0,-30.44571
1908183906.25,-30.44598
1908184062.5,-30.45171
1908184218.75,-30.4464
1908184375.0,-30.44895
1908184531.25,-30.44483
1908184687.5,-30.44222
1908184843.75,-30.43867
1908185000.0,-30.43785
1908185156.25,-30.43643
1908185312.5,-30.44052
1908185468.75,-30.43365
1908185625.0,-30.43918
1908185781.25,-30.43857
1908185937.5,-30.43988
1908186093.75,-30.43569
1908186250.0,-30.43598
1908186406.25,-30.43733
1908186562.5,-30.43781
1908186718.75,-30.43504
1908186875.0,-30.43173
1908187031.25,-30.4281
1908187187.5,-30.43197
1908187343.75,-30.42797
1908187500.0,-30.42764
1908187656.25,-30.42757
1908187812.5,-30.421
1908187968.75,-30.42733
1908188125.0,-30.42913
1908188281.25,-30.42714
1908188437.5,-30.42416
1908188593.75,-30.42746
1908188750.0,-30.42532
1908188906.25,-30.41961
1908189062.5,-30.42172
1908189218.75,-30.41754
1908189375.0,-30.42315
1908189531.25,-30.41926
1908189687.5,-30.41504
1908189843.75,-30.42212
1908190000.0,-30.41614
1908190156.25,-30.41803
1908190312.5,-30.42037
1908190468.75,-30.41764
1908190625.0,-30.41337
1908190781.25,-30.41455
1908190937.5,-30.41445
1908191093.75,-30.40748
1908191250.0,-30.40606
1908191406.25,-30.40924
1908191562.5,-30.40942
1908191718.75,-30.41328
1908191875.0,-30.40963
1908192031.25,-30.40461
1908192187.5,-30.41225
1908192343.75,-30.40734
1908192500.0,-30.40586
1908192656.25,-30.40695
1908192812.5,-30.40283
1908192968.75,-30.40305
1908193125.0,-30.40293
1908193281.25,-30.40699
1908193437.5,-30.39398
1908193593.75,-30.39491
1908193750.0,-30.40074
1908193906.25,-30.39911
1908194062.5,-30.39636
1908194218.75,-30.40036
1908194375.0,-30.39586
1908194531.25,-30.40167
1908194687.5,-30.39297
1908194843.75,-30.38926
1908195000.0,-30.39082
1908195156.25,-30.39456
1908195312.5,-30.397
1908195468.75,-30.38971
1908195625.0,-30.39574
1908195781.25,-30.39287
1908195937.5,-30.38774
1908196093.75,-30.38848
1908196250.0,-30.39389
1908196406.25,-30.38772
1908196562.5,-30.37969
1908196718.75,-30.38633
1908196875.0,-30.38551
1908197031.25,-30.38499
1908197187.5,-30.38004
1908197343.75,-30.3815
1908197500.0,-30.37968
1908197656.25,-30.37698
1908197812.5,-30.38383
1908197968.75,-30.38085
1908198125.0,-30.37929
1908198281.25,-30.3768
1908198437.5,-30.37648
1908198593.75,-30.37349
1908198750.0,-30.37739
1908198906.25,-30.37743
1908199062.5,-30.37583
1908199218.75,-30.37408
1908199375.0,-30.37308
1908199531.25,-30.3725
1908199687.5,-30.36996
1908199843.75,-30.36628
1908200000.0,-30.36931
1908200156.25,-30.3746
1908200312.5,-30.36947
1908200468.75,-30.36272
1908200625.0,-30.36436
1908200781.25,-30.36546
1908200937.5,-30.36625
1908201093.75,-30.37223
1908201250.0,-30.36354
1908201406.25,-30.36423
1908201562.5,-30.36399
1908201718.75,-30.36165
1908201875.0,-30.36001
1908202031.25,-30.36214
1908202187.5,-30.35952
1908202343.75,-30.36145
1908202500.0,-30.36304
1908202656.25,-30.35287
1908202812.5,-30.35802
1908202968.75,-30.36244
1908203125.0,-30.35996
1908203281.25,-30.35478
1908203437.5,-30.35417
1908203593.75,-30.3543
1908203750.0,-30.35405
1908203906.25,-30.35536
1908204062.5,-30.35062
1908204218.75,-30.34592
1908204375.0,-30.341
1908204531.25,-30.3493
1908204687.5,-30.3419
1908204843.75,-30.34254
1908205000.0,-30.34892
1908205156.25,-30.34373
1908205312.5,-30.34587
1908205468.75,-30.34341
1908205625.0,-30.34198
1908205781.25,-30.33966
1908205937.5,-30.35075
1908206093.75,-30.33933
1908206250.0,-30.34434
1908206406.25,-30.33947
1908206562.5,-30.34238
1908206718.75,-30.33835
1908206875.0,-30.34115
1908207031.25,-30.33363
1908207187.5,-30.33768
1908207343.75,-30.34181
1908207500.0,-30.33741
1908207656.25,-30.34128
1908207812.5,-30.33677
1908207968.75,-30.33228
1908208125.0,-30.33213
1908208281.25,-30.3311
1908208437.5,-30.32716
1908208593.75,-30.33242
1908208750.0,-30.32863
1908208906.25,-30.32711
1908209062.5,-30.32417
1908209218.75,-30.32903
1908209375.0,-30.3221
1908209531.25,-30.32139
1908209687.5,-30.32476
1908209843.75,-30.3228
1908210000.0,-30.3245
1908210156.25,-30.31979
1908210312.5,-30.32265
1908210468.75,-30.32093
1908210625.0,-30.32263
1908210781.25,-30.32049
1908210937.5,-30.31692
1908211093.75,-30.31611
1908211250.0,-30.31877
1908211406.25,-30.31704
1908211562.5,-30.32045
1908211718.75,-30.31543
1908211875.0,-30.31631
1908212031.25,-30.31169
1908212187.5,-30.31076
1908212343.75,-30.31002
1908212500.0,-30.31132
1908212656.25,-30.31542
1908212812.5,-30.30972
1908212968.75,-30.31476
1908213125.0,-30.30992
1908213281.25,-30.30979
1908213437.5,-30.30983
1908213593.75,-30.30826
1908213750.0,-30.30387
1908213906.25,-30.30478
1908214062.5,-30.31124
1908214218.75,-30.31081
1908214375.0,-30.30207
1908214531.25,-30.29806
1908214687.5,-30.30654
1908214843.75,-30.30143
1908215000.0,-30.2926
1908215156.25,-30.2936
1908215312.5,-30.30212
1908215468.75,-30.29792
1908215625.0,-30.29786
1908215781.25,-30.29728
1908215937.5,-30.29882
1908216093.75,-30.29085
1908216250.0,-30.29561
1908216406.25,-30.28581
1908216562.5,-30.28782
1908216718.75,-30.28988
1908216875.0,-30.28607
1908217031.25,-30.28859
1908217187.5,-30.28795
1908217343.75,-30.28157
1908217500.0,-30.28855
1908217656.25,-30.28651
1908217812.5,-30.28801
1908217968.75,-30.28902
1908218125.0,-30.28694
1908218281.25,-30.28751
1908218437.5,-30.28341
1908218593.75,-30.28196
1908218750.0,-30.28385
1908218906.25,-30.27906
1908219062.5,-30.27681
1908219218.75,-30.27783
1908219375.0,-30.28248
1908219531.25,-30.27728
1908219687.5,-30.28295
1908219843.75,-30.28203
1908220000.0,-30.27536
1908220156.25,-30.27214
1908220312.5,-30.2732
1908220468.75,-30.2691
1908220625.0,-30.27066
1908220781.25,-30.27511
1908220937.5,-30.27064
1908221093.75,-30.27014
1908221250.0,-30.27146
1908221406.25,-30.26565
1908221562.5,-30.27142
1908221718.75,-30.26509
1908221875.0,-30.2652
1908222031.25,-30.27065
1908222187.5,-30.27501
1908222343.75,-30.26038
1908222500.0,-30.26554
1908222656.25,-30.26211
1908222812.5,-30.26003
1908222968.75,-30.26074
1908223125.0,-30.26271
1908223281.25,-30.25665
1908223437.5,-30.25982
1908223593.75,-30.26141
1908223750.0,-30.25994
1908223906.25,-30.25956
1908224062.5,-30.25646
1908224218.75,-30.25457
1908224375.0,-30.25085
1908224531.25,-30.26081
1908224687.5,-30.25652
1908224843.75,-30.25192
1908225000.0,-30.25129
1908225156.25,-30.25357
1908225312.5,-30.25237
1908225468.75,-30.25216
1908225625.0,-30.25309
1908225781.25,-30.24915
1908225937.5,-30.24913
1908226093.75,-30.24796
1908226250.0,-30.24536
1908226406.25,-30.25287
1908226562.5,-30.24689
1908226718.75,-30.24141
1908226875.0,-30.2461
1908227031.25,-30.24011
1908227187.5,-30.2404
1908227343.75,-30.24208
1908227500.0,-30.23993
1908227656.25,-30.235
1908227812.5,-30.23878
1908227968.75,-30.23786
1908228125.0,-30.2312
1908228281.25,-30.2358
1908228437.5,-30.23137
1908228593.75,-30.23021
1908228750.0,-30.23691
1908228906.25,-30.23066
1908229062.5,-30.2295
1908229218.75,-30.2334
1908229375.0,-30.2382
1908229531.25,-30.22828
1908229687.5,-30.23245
1908229843.75,-30.23038
1908230000.0,-30.22439
1908230156.25,-30.22414
1908230312.5,-30.22395
1908230468.75,-30.2275
1908230625.0,-30.22785
1908230781.25,-30.22498
1908230937.5,-30.22036
1908231093.75,-30.2209
1908231250.0,-30.22505
1908231406.25,-30.22198
1908231562.5,-30.21869
1908231718.75,-30.22016
1908231875.0,-30.22462
1908232031.25,-30.21515
1908232187.5,-30.21275
1908232343.75,-30.21865
1908232500.0,-30.21877
1908232656.25,-30.21533
1908232812.5,-30.21533
1908232968.75,-30.21521
1908233125.0,-30.21162
1908233281.25,-30.21432
1908233437.5,-30.21291
1908233593.75,-30.21215
1908233750.0,-30.21196
1908233906.25,-30.20491
1908234062.5,-30.20868
1908234218.75,-30.20832
1908234375.0,-30.20738
1908234531.25,-30.20355
1908234687.5,-30.20454
1908234843.75,-30.20833
1908235000.0,-30.20664
1908235156.25,-30.20842
1908235312.5,-30.20021
1908235468.75,-30.20248
1908235625.0,-30.20297
1908235781.25,-30.20439
1908235937.5,-30.20475
1908236093.75,-30.20093
1908236250.0,-30.19823
1908236406.25,-30.19934
1908236562.5,-30.19537
1908236718.75,-30.19705
1908236875.0,-30.19526
1908237031.25,-30.19717
1908237187.5,-30.19543
1908237343.75,-30.19506
1908237500.0,-30.19417
1908237656.25,-30.19199
1908237812.5,-30.18767
1908237968.75,-30.18569
1908238125.0,-30.18282
1908238281.25,-30.19125
1908238437.5,-30.18672
1908238593.75,-30.18601
1908238750.0,-30.18728
1908238906.25,-30.18931
1908239062.5,-30.18949
1908239218.75,-30.18547
1908239375.0,-30.18192
1908239531.25,-30.18269
1908239687.5,-30.18105
1908239843.75,-30.18211
1908240000.0,-30.18334
1908240156.25,-30.17544
1908240312.5,-30.18026
1908240468.75,-30.18221
1908240625.0,-30.17706
1908240781.25,-30.17389
1908240937.5,-30.17594
1908241093.75,-30.1701
1908241250.0,-30.17154
1908241406.25,-30.17388
1908241562.5,-30.17433
1908241718.75,-30.17013
1908241875.0,-30.17141
1908242031.25,-30.16664
1908242187.5,-30.17074
1908242343.75,-30.16791
1908242500.0,-30.16364
1908242656.25,-30.16945
1908242812.5,-30.17215
1908242968.75,-30.16237
1908243125.0,-30.16669
1908243281.25,-30.16339
1908243437.5,-30.16296
1908243593.75,-30.16282
1908243750.0,-30.16352
1908243906.25,-30.15605
1908244062.5,-30.15835
1908244218.75,-30.16006
1908244375.0,-30.15819
1908244531.25,-30.15902
1908244687.5,-30.15801
1908244843.75,-30.15258
1908245000.0,-30.15918
1908245156.25,-30.15756
1908245312.5,-30.15291
1908245468.75,-30.15301
1908245625.0,-30.15515
1908245781.25,-30.15383
1908245937.5,-30.14894
1908246093.75,-30.15224
1908246250.0,-30.15018
1908246406.25,-30.14747
1908246562.5,-30.14547
1908246718.75,-30.14786
1908246875.0,-30.13979
1908247031.25,-30.15005
1908247187.5,-30.14192
1908247343.75,-30.14829
1908247500.0,-30.14379
1908247656.25,-30.14467
1908247812.5,-30.13806
1908247968.75,-30.14386
1908248125.0,-30.14487
1908248281.25,-30.14294
1908248437.5,-30.1411
1908248593.75,-30.13782
1908248750.0,-30.13777
1908248906.25,-30.13868
1908249062.5,-30.13459
1908249218.75,-30.12829
1908249375.0,-30.13231
1908249531.25,-30.13461
1908249687.5,-30.13342
1908249843.75,-30.13367
1908250000.0,-30.13232
1908250156.25,-30.12665
1908250312.5,-30.13447
1908250468.75,-30.12426
1908250625.0,-30.12774
1908250781.25,-30.12537
1908250937.5,-30.12561
1908251093.75,-30.12694
1908251250.0,-30.12978
1908251406.25,-30.12505
1908251562.5,-30.12025
1908251718.75,-30.12848
1908251875.0,-30.12094
1908252031.25,-30.12395
1908252187.5,-30.12005
1908252343.75,-30.1181
1908252500.0,-30.11811
1908252656.25,-30.12117
1908252812.5,-30.12553
1908252968.75,-30.11972
1908253125.0,-30.11624
1908253281.25,-30.12187
1908253437.5,-30.1168
1908253593.75,-30.11409
1908253750.0,-30.11749
1908253906.25,-30.11304
1908254062.5,-30.11411
1908254218.75,-30.11034
1908254375.0,-30.10721
1908254531.25,-30.10586
1908254687.5,-30.10734
1908254843.75,-30.10468
1908255000.0,-30.1072
1908255156.25,-30.1128
1908255312.5,-30.10703
1908255468.75,-30.10205
1908255625.0,-30.10765
1908255781.25,-30.10497
1908255937.5,-30.10178
1908256093.75,-30.10283
1908256250.0,-30.09999
1908256406.25,-30.10135
1908256562.5,-30.09742
1908256718.75,-30.10308
1908256875.0,-30.09738
1908257031.25,-30.09669
1908257187.5,-30.09508
1908257343.75,-30.09954
1908257500.0,-30.09793
1908257656.25,-30.09307
1908257812.5,-30.09163
1908257968.75,-30.09258
1908258125.0,-30.09298
1908258281.25,-30.09636
1908258437.5,-30.08952
1908258593.75,-30.09186
1908258750.0,-30.08588
1908258906.25,-30.0907
1908259062.5,-30.08805
1908259218.75,-30.08911
1908259375.0,-30.0879
1908259531.25,-30.08983
1908259687.5,-30.08714
1908259843.75,-30.08861
1908260000.0,-30.08605
1908260156.25,-30.08484
1908260312.5,-30.08569
1908260468.75,-30.07889
1908260625.0,-30.08824
1908260781.25,-30.0754
1908260937.5,-30.07832
1908261093.75,-30.07969
1908261250.0,-30.08168
1908261406.25,-30.07757
1908261562.5,-30.07576
1908261718.75,-30.07624
1908261875.0,-30.07496
1908262031.25,-30.07487
1908262187.5,-30.07214
1908262343.75,-30.07414
1908262500.0,-30.07258
1908262656.25,-30.06959
1908262812.5,-30.07609
1908262968.75,-30.06602
1908263125.0,-30.06894
1908263281.25,-30.06955
1908263437.5,-30.06774
1908263593.75,-30.06528
1908263750.0,-30.06613
1908263906.25,-30.0633
1908264062.5,-30.06524
1908264218.75,-30.07275
1908264375.0,-30.06342
1908264531.25,-30.06671
1908264687.5,-30.05709
1908264843.75,-30.05373
1908265000.0,-30.05781
1908265156.25,-30.05859
1908265312.5,-30.05764
1908265468.75,-30.05567
1908265625.0,-30.05977
1908265781.25,-30.05409
1908265937.5,-30.05639
1908266093.75,-30.0514
1908266250.0,-30.05285
1908266406.25,-30.05819
1908266562.5,-30.05254
1908266718.75,-30.04727
1908266875.0,-30.04737
1908267031.25,-30.04878
1908267187.5,-30.0544
1908267343.75,-30.04518
1908267500.0,-30.04724
1908267656.25,-30.0449
1908267812.5,-30.04194
1908267968.75,-30.05002
1908268125.0,-30.04483
1908268281.25,-30.03988
1908268437.5,-30.04653
1908268593.75,-30.03994
1908268750.0,-30.04142
1908268906.25,-30.0383
1908269062.5,-30.04385
1908269218.75,-30.03689
1908269375.0,-30.03555
1908269531.25,-30.03827
1908269687.5,-30.04118
1908269843.75,-30.0381
1908270000.0,-30.0345
1908270156.25,-30.03452
1908270312.5,-30.03366
1908270468.75,-30.03246
1908270625.0,-30.03349
1908270781.25,-30.02936
1908270937.5,-30.03091
1908271093.75,-30.02835
1908271250.0,-30.02342
1908271406.25,-30.03021
1908271562.5,-30.02445
1908271718.75,-30.03106
1908271875.0,-30.02683
1908272031.25,-30.02171
1908272187.5,-30.02213
1908272343.75,-30.0263
1908272500.0,-30.01874
1908272656.25,-30.02301
1908272812.5,-30.01865
1908272968.75,-30.01808
1908273125.0,-30.01802
1908273281.25,-30.01821
1908273437.5,-30.0184
1908273593.75,-30.01518
1908273750.0,-30.01847
1908273906.25,-30.01377
1908274062.5,-30.01479
1908274218.75,-30.01264
1908274375.0,-30.00931
1908274531.25,-30.01486
1908274687.5,-30.01348
1908274843.75,-30.01113
1908275000.0,-30.00234
1908275156.25,-30.00763
1908275312.5,-30.01243
1908275468.75,-30.00553
1908275625.0,-30.0081
1908275781.25,-30.00584
1908275937.5,-30.00365
1908276093.75,-30.00429
1908276250.0,-30.00102
1908276406.25,-30.00041
1908276562.5,-30.00297
1908276718.75,-30.00634
1908276875.0,-29.99968
1908277031.25,-29.99959
1908277187.5,-29.99911
1908277343.75,-29.99835
1908277500.0,-29.99389
1908277656.25,-29.99739
1908277812.5,-29.99526
1908277968.75,-29.99292
1908278125.0,-29.99442
1908278281.25,-29.99545
1908278437.5,-29.99777
1908278593.75,-29.99133
1908278750.0,-29.98998
1908278906.25,-29.99277
1908279062.5,-29.99136
1908279218.75,-29.98609
1908279375.0,-29.98665
1908279531.25,-29.99451
1908279687.5,-29.98904
1908279843.75,-29.98394
1908280000.0,-29.98564
1908280156.25,-29.98503
1908280312.5,-29.98068
1908280468.75,-29.98463
1908280625.0,-29.98143
1908280781.25,-29.98213
1908280937.5,-29.97995
1908281093.75,-29.98098
1908281250.0,-29.97812
1908281406.25,-29.97915
1908281562.5,-29.97888
1908281718.75,-29.97679
1908281875.0,-29.97909
1908282031.25,-29.97875
1908282187.5,-29.97846
1908282343.75,-29.97371
1908282500.0,-29.9706
1908282656.25,-29.96904
1908282812.5,-29.9694
1908282968.75,-29.97379
1908283125.0,-29.97049
1908283281.25,-29.97131
1908283437.5,-29.96821
1908283593.75,-29.96837
1908283750.0,-29.96607
1908283906.25,-29.96774
1908284062.5,-29.96415
1908284218.75,-29.96887
1908284375.0,-29.95953
1908284531.25,-29.95827
1908284687.5,-29.96214
1908284843.75,-29.96301
1908285000.0,-29.95927
1908285156.25,-29.95876
1908285312.5,-29.96402
1908285468.75,-29.96379
1908285625.0,-29.9591
1908285781.25,-29.96202
1908285937.5,-29.95693
1908286093.75,-29.95586
1908286250.0,-29.95533
1908286406.25,-29.95732
1908286562.5,-29.94864
1908286718.75,-29.95481
1908286875.0,-29.95531
1908287031.25,-29.9542
1908287187.5,-29.9484
1908287343.75,-29.94812
1908287500.0,-29.94793
1908287656.25,-29.94856
1908287812.5,-29.9468
1908287968.75,-29.95058
1908288125.0,-29.9457
1908288281.25,-29.95156
1908288437.5,-29.94328
1908288593.75,-29.94323
1908288750.0,-29.94328
1908288906.25,-29.93781
1908289062.5,-29.93919
1908289218.75,-29.93864
1908289375.0,-29.93686
1908289531.25,-29.9365
1908289687.5,-29.94122
1908289843.75,-29.93921
1908290000.0,-29.93158
1908290156.25,-29.93372
1908290312.5,-29.93358
1908290468.75,-29.93623
1908290625.0,-29.9337
1908290781.25,-29.93301
1908290937.5,-29.93193
1908291093.75,-29.93215
1908291250.0,-29.9304
1908291406.25,-29.93228
1908291562.5,-29.92831
1908291718.75,-29.92704
1908291875.0,-29.93463
1908292031.25,-29.92608
1908292187.5,-29.93141
1908292343.75,-29.92631
1908292500.0,-29.926
1908292656.25,-29.92249
1908292812.5,-29.92143
1908292968.75,-29.92564
1908293125.0,-29.91668
1908293281.25,-29.92083
1908293437.5,-29.91422
1908293593.75,-29.92273
1908293750.0,-29.91866
1908293906.25,-29.92031
1908294062.5,-29.92268
1908294218.75,-29.90843
1908294375.0,-29.91241
1908294531.25,-29.91275
1908294687.5,-29.91127
1908294843.75,-29.91143
1908295000.0,-29.91268
1908295156.25,-29.91222
1908295312.5,-29.9095
1908295468.75,-29.90903
1908295625.0,-29.90307
1908295781.25,-29.90701
1908295937.5,-29.90161
1908296093.75,-29.91127
1908296250.0,-29.90178
1908296406.25,-29.90437
1908296562.5,-29.90491
1908296718.75,-29.8998
1908296875.0,-29.90671
1908297031.25,-29.90552
1908297187.5,-29.90516
1908297343.75,-29.89882
1908297500.0,-29.89825
1908297656.25,-29.89622
1908297812.5,-29.89864
1908297968.75,-29.89434
1908298125.0,-29.89362
1908298281.25,-29.89605
1908298437.5,-29.89337
1908298593.75,-29.88912
1908298750.0,-29.89186
1908298906.25,-29.89314
1908299062.5,-29.89039
1908299218.75,-29.89225
1908299375.0,-29.8871
1908299531.25,-29.8898
1908299687.5,-29.88835
1908299843.75,-29.88923
1908300000.0,-29.88602
1908300156.25,-29.88596
1908300312.5,-29.88345
1908300468.75,-29.8867
1908300625.0,-29.8781
1908300781.25,-29.88598
1908300937.5,-29.88226
1908301093.75,-29.88015
1908301250.0,-29.88435
1908301406.25,-29.87384
1908301562.5,-29.87699
1908301718.75,-29.87908
1908301875.0,-29.87631
1908302031.25,-29.87413
1908302187.5,-29.87991
1908302343.75,-29.87375
1908302500.0,-29.87593
1908302656.25,-29.88033
1908302812.5,-29.87023
1908302968.75,-29.87475
1908303125.0,-29.86551
1908303281.25,-29.87103
1908303437.5,-29.86921
1908303593.75,-29.87108
1908303750.0,-29.8702
1908303906.25,-29.86743
1908304062.5,-29.8693
1908304218.75,-29.86436
1908304375.0,-29.86538
1908304531.25,-29.86748
1908304687.5,-29.86457
1908304843.75,-29.85875
1908305000.0,-29.86661
1908305156.25,-29.86073
1908305312.5,-29.86229
1908305468.75,-29.86082
1908305625.0,-29.86056
1908305781.25,-29.86197
1908305937.5,-29.85814
1908306093.75,-29.85667
1908306250.0,-29.85734
1908306406.25,-29.85647
1908306562.5,-29.85443
1908306718.75,-29.85315
1908306875.0,-29.85064
1908307031.25,-29.8513
1908307187.5,-29.8498
1908307343.75,-29.85249
1908307500.0,-29.85491
1908307656.25,-29.8493
1908307812.5,-29.84911
1908307968.75,-29.84926
1908308125.0,-29.84792
1908308281.25,-29.84822
1908308437.5,-29.84795
1908308593.75,-29.84366
1908308750.0,-29.84599
1908308906.25,-29.83946
1908309062.5,-29.83686
1908309218.75,-29.84412
1908309375.0,-29.8406
1908309531.25,-29.83903
1908309687.5,-29.84018
1908309843.75,-29.83938
1908310000.0,-29.8384
1908310156.25,-29.84056
1908310312.5,-29.83911
1908310468.75,-29.8384
1908310625.0,-29.83671
1908310781.25,-29.83412
1908310937.5,-29.83383
1908311093.75,-29.831
1908311250.0,-29.83449
1908311406.25,-29.82743
1908311562.5,-29.83199
1908311718.75,-29.82771
1908311875.0,-29.83398
1908312031.25,-29.83043
1908312187.5,-29.82826
1908312343.75,-29.82765
1908312500.0,-29.82769
1908312656.25,-29.82772
1908312812.5,-29.82236
1908312968.75,-29.81967
1908313125.0,-29.82196
1908313281.25,-29.81885
1908313437.5,-29.81865
1908313593.75,-29.8196
1908313750.0,-29.81656
1908313906.25,-29.81322
1908314062.5,-29.81847
1908314218.75,-29.81301
1908314375.0,-29.81551
1908314531.25,-29.82016
1908314687.5,-29.81536
1908314843.75,-29.81448
1908315000.0,-29.81065
1908315156.25,-29.81166
1908315312.5,-29.81244
1908315468.75,-29.8069
1908315625.0,-29.80996
1908315781.25,-29.80526
1908315937.5,-29.80667
1908316093.75,-29.80059
1908316250.0,-29.80225
1908316406.25,-29.80002
1908316562.5,-29.80551
1908316718.75,-29.80695
1908316875.0,-29.80618
1908317031.25,-29.80365
1908317187.5,-29.80092
1908317343.75,-29.80106
1908317500.0,-29.80055
1908317656.25,-29.79606
1908317812.5,-29.7983
1908317968.75,-29.79689
1908318125.0,-29.79148
1908318281.25,-29.7967
1908318437.5,-29.79507
1908318593.75,-29.79601
1908318750.0,-29.79112
1908318906.25,-29.78774
1908319062.5,-29.78917
1908319218.75,-29.79036
1908319375.0,-29.79374
1908319531.25,-29.78525
1908319687.5,-29.78831
1908319843.75,-29.78278
1908320000.0,-29.78969
1908320156.25,-29.78635
1908320312.5,-29.78607
1908320468.75,-29.78884
1908320625.0,-29.78474
1908320781.25,-29.78477
1908320937.5,-29.77865
1908321093.75,-29.78313
1908321250.0,-29.77774
1908321406.25,-29.7785
1908321562.5,-29.78406
1908321718.75,-29.78135
1908321875.0,-29.77662
1908322031.25,-29.77704
1908322187.5,-29.77617
1908322343.75,-29.77527
1908322500.0,-29.77723
1908322656.25,-29.76855
1908322812.5,-29.77145
1908322968.75,-29.77005
1908323125.0,-29.77266
1908323281.25,-29.76694
1908323437.5,-29.77361
1908323593.75,-29.76774
1908323750.0,-29.76876
1908323906.25,-29.7685
1908324062.5,-29.76594
1908324218.75,-29.76639
1908324375.0,-29.76548
1908324531.25,-29.7604
1908324687.5,-29.76271
1908324843.75,-29.76333
1908325000.0,-29.7683
1908325156.25,-29.75947
1908325312.5,-29.76298
1908325468.75,-29.76225
1908325625.0,-29.75581
1908325781.25,-29.76049
1908325937.5,-29.75442
1908326093.75,-29.75711
1908326250.0,-29.754
1908326406.25,-29.75462
1908326562.5,-29.75589
1908326718.75,-29.75543
1908326875.0,-29.74887
1908327031.25,-29.75095
1908327187.5,-29.75132
1908327343.75,-29.75171
1908327500.0,-29.74969
1908327656.25,-29.74965
1908327812.5,-29.74805
1908327968.75,-29.74744
1908328125.0,-29.74063
1908328281.25,-29.74426
1908328437.5,-29.74178
1908328593.75,-29.74359
1908328750.0,-29.73676
1908328906.25,-29.74723
1908329062.5,-29.73948
1908329218.75,-29.73928
1908329375.0,-29.74008
1908329531.25,-29.74268
1908329687.5,-29.74195
1908329843.75,-29.73557
1908330000.0,-29.73917
1908330156.25,-29.73518
1908330312.5,-29.7333
1908330468.75,-29.73641
1908330625.0,-29.73456
1908330781.25,-29.73303
1908330937.5,-29.73524
1908331093.75,-29.72936
1908331250.0,-29.73069
1908331406.25,-29.72838
1908331562.5,-29.7324
1908331718.75,-29.73485
1908331875.0,-29.72856
1908332031.25,-29.72086
1908332187.5,-29.7264
1908332343.75,-29.72185
1908332500.0,-29.73017
1908332656.25,-29.72616
1908332812.5,-29.72338
1908332968.75,-29.72104
1908333125.0,-29.71771
1908333281.25,-29.72006
1908333437.5,-29.71776
1908333593.75,-29.71668
1908333750.0,-29.71541
1908333906.25,-29.71777
1908334062.5,-29.71416
1908334218.75,-29.71229
1908334375.0,-29.71788
1908334531.25,-29.71633
1908334687.5,-29.71444
1908334843.75,-29.70942
1908335000.0,-29.70706
1908335156.25,-29.71492
1908335312.5,-29.71429
1908335468.75,-29.71062
1908335625.0,-29.70785
1908335781.25,-29.70773
1908335937.5,-29.70524
1908336093.75,-29.69961
1908336250.0,-29.70877
1908336406.25,-29.71121
1908336562.5,-29.70252
1908336718.75,-29.70026
1908336875.0,-29.70614
1908337031.25,-29.70329
1908337187.5,-29.69956
1908337343.75,-29.70146
1908337500.0,-29.69712
1908337656.25,-29.69698
1908337812.5,-29.69659
1908337968.75,-29.69666
1908338125.0,-29.69755
1908338281.25,-29.69004
1908338437.5,-29.69513
1908338593.75,-29.6947
1908338750.0,-29.70018
1908338906.25,-29.69223
1908339062.5,-29.68793
1908339218.75,-29.69216
1908339375.0,-29.68785
1908339531.25,-29.69395
1908339687.5,-29.68945
1908339843.75,-29.68746
1908340000.0,-29.68242
1908340156.25,-29.68641
1908340312.5,-29.68322
1908340468.75,-29.68306
1908340625.0,-29.68713
1908340781.25,-29.67772
1908340937.5,-29.6802
1908341093.75,-29.67665
1908341250.0,-29.67802
1908341406.25,-29.68071
1908341562.5,-29.67501
1908341718.75,-29.67763
1908341875.0,-29.67779
1908342031.25,-29.68089
1908342187.5,-29.67471
1908342343.75,-29.67794
1908342500.0,-29.67377
1908342656.25,-29.67599
1908342812.5,-29.67209
1908342968.75,-29.67393
1908343125.0,-29.67029
1908343281.25,-29.66803
1908343437.5,-29.67007
1908343593.75,-29.66439
1908343750.0,-29.66825
1908343906.25,-29.6678
1908344062.5,-29.66638
1908344218.75,-29.66862
1908344375.0,-29.66839
1908344531.25,-29.6605
1908344687.5,-29.66209
1908344843.75,-29.66376
1908345000.0,-29.66054
1908345156.25,-29.65878
1908345312.5,-29.65844
1908345468.75,-29.65748
1908345625.0,-29.66153
1908345781.25,-29.65678
1908345937.5,-29.65633
1908346093.75,-29.65356
1908346250.0,-29.65202
1908346406.25,-29.65527
1908346562.5,-29.65606
1908346718.75,-29.65716
1908346875.0,-29.65125
1908347031.25,-29.65468
1908347187.5,-29.65038
1908347343.75,-29.64924
1908347500.0,-29.64608
1908347656.25,-29.6511
1908347812.5,-29.65051
1908347968.75,-29.64446
1908348125.0,-29.6441
1908348281.25,-29.6433
1908348437.5,-29.64961
1908348593.75,-29.6373
1908348750.0,-29.63824
1908348906.25,-29.64371
1908349062.5,-29.63888
1908349218.75,-29.63966
1908349375.0,-29.63738
1908349531.25,-29.64235
1908349687.5,-29.63596
1908349843.75,-29.63545
1908350000.0,-29.63828
1908350156.25,-29.63273
1908350312.5,-29.63576
1908350468.75,-29.62833
1908350625.0,-29.63032
1908350781.25,-29.63738
1908350937.5,-29.62774
1908351093.75,-29.63406
1908351250.0,-29.63175
1908351406.25,-29.62747
1908351562.5,-29.62554
1908351718.75,-29.62388
1908351875.0,-29.62609
1908352031.25,-29.62002
1908352187.5,-29.61818
1908352343.75,-29.62593
1908352500.0,-29.62742
1908352656.25,-29.62106
1908352812.5,-29.62548
1908352968.75,-29.62158
1908353125.0,-29.61704
1908353281.25,-29.61906
1908353437.5,-29.61814
1908353593.75,-29.61646
1908353750.0,-29.61785
1908353906.25,-29.61427
1908354062.5,-29.61726
1908354218.75,-29.61677
1908354375.0,-29.61381
1908354531.25,-29.61312
1908354687.5,-29.61146
1908354843.75,-29.61199
1908355000.0,-29.60843
1908355156.25,-29.61115
1908355312.5,-29.60656
1908355468.75,-29.60622
1908355625.0,-29.60815
1908355781.25,-29.60798
1908355937.5,-29.60924
1908356093.75,-29.60533
1908356250.0,-29.60604
1908356406.25,-29.60383
1908356562.5,-29.60123
1908356718.75,-29.59817
1908356875.0,-29.59743
1908357031.25,-29.59825
1908357187.5,-29.59352
1908357343.75,-29.59773
1908357500.0,-29.60014
1908357656.25,-29.59877
1908357812.5,-29.59632
1908357968.75,-29.59618
1908358125.0,-29.59972
1908358281.25,-29.59136
1908358437.5,-29.59348
1908358593.75,-29.59253
1908358750.0,-29.5888
1908358906.25,-29.58436
1908359062.5,-29.58416
1908359218.75,-29.59284
1908359375.0,-29.58933
1908359531.25,-29.59226
1908359687.5,-29.58443
1908359843.75,-29.58535
1908360000.0,-29.58482
1908360156.25,-29.58569
1908360312.5,-29.58754
1908360468.75,-29.58176
1908360625.0,-29.58095
1908360781.25,-29.57667
1908360937.5,-29.58277
1908361093.75,-29.57753
1908361250.0,-29.576
1908361406.25,-29.57632
1908361562.5,-29.57857
1908361718.75,-29.57598
1908361875.0,-29.57039
1908362031.25,-29.57491
1908362187.5,-29.57046
1908362343.75,-29.57504
1908362500.0,-29.56872
1908362656.25,-29.57162
1908362812.5,-29.5701
1908362968.75,-29.57307
1908363125.0,-29.57145
1908363281.25,-29.56768
1908363437.5,-29.56531
1908363593.75,-29.5639
1908363750.0,-29.56539
1908363906.25,-29.56738
1908364062.5,-29.55998
1908364218.75,-29.55979
1908364375.0,-29.55877
1908364531.25,-29.56454
1908364687.5,-29.55874
1908364843.75,-29.5608
1908365000.0,-29.56345
1908365156.25,-29.55646
1908365312.5,-29.55781
1908365468.75,-29.55481
1908365625.0,-29.55791
1908365781.25,-29.55315
1908365937.5,-29.55401
1908366093.75,-29.55307
1908366250.0,-29.55076
1908366406.25,-29.5528
1908366562.5,-29.55347
1908366718.75,-29.55009
1908366875.0,-29.55215
1908367031.25,-29.549
1908367187.5,-29.55082
1908367343.75,-29.54588
1908367500.0,-29.54505
1908367656.25,-29.54448
1908367812.5,-29.54275
1908367968.75,-29.53893
1908368125.0,-29.54172
1908368281.25,-29.54308
1908368437.5,-29.54119
1908368593.75,-29.53735
1908368750.0,-29.53592
1908368906.25,-29.53942
1908369062.5,-29.53393
1908369218.75,-29.53505
1908369375.0,-29.53541
1908369531.25,-29.53936
1908369687.5,-29.53425
1908369843.75,-29.53844
1908370000.0,-29.52933
1908370156.25,-29.53261
1908370312.5,-29.52986
1908370468.75,-29.52836
1908370625.0,-29.52674
1908370781.25,-29.52853
1908370937.5,-29.52921
1908371093.75,-29.52221
1908371250.0,-29.52611
1908371406.25,-29.52688
1908371562.5,-29.52353
1908371718.75,-29.52978
1908371875.0,-29.52318
1908372031.25,-29.52032
1908372187.5,-29.52085
1908372343.75,-29.51916
1908372500.0,-29.51908
1908372656.25,-29.52081
1908372812.5,-29.52167
1908372968.75,-29.51668
1908373125.0,-29.5225
1908373281.25,-29.51553
1908373437.5,-29.51599
1908373593.75,-29.51577
1908373750.0,-29.51666
1908373906.25,-29.51315
1908374062.5,-29.5129
1908374218.75,-29.50838
1908374375.0,-29.51368
1908374531.25,-29.50987
1908374687.5,-29.50641
1908374843.75,-29.50666
1908375000.0,-29.50246
1908375156.25,-29.50485
1908375312.5,-29.50925
1908375468.75,-29.5052
1908375625.0,-29.50499
1908375781.25,-29.50509
1908375937.5,-29.50173
1908376093.75,-29.50444
1908376250.0,-29.50085
1908376406.25,-29.49844
1908376562.5,-29.4977
1908376718.75,-29.49377
1908376875.0,-29.49907
1908377031.25,-29.4978
1908377187.5,-29.49432
1908377343.75,-29.49347
1908377500.0,-29.4994
1908377656.25,-29.4913
1908377812.5,-29.49033
1908377968.75,-29.48746
1908378125.0,-29.49318
1908378281.25,-29.48948
1908378437.5,-29.49162
1908378593.75,-29.48664
1908378750.0,-29.48886
1908378906.25,-29.48645
1908379062.5,-29.48298
1908379218.75,-29.48477
1908379375.0,-29.48269
1908379531.25,-29.48749
1908379687.5,-29.48289
1908379843.75,-29.48383
1908380000.0,-29.48339
1908380156.25,-29.48277
1908380312.5,-29.48308
1908380468.75,-29.4826
1908380625.0,-29.4785
1908380781.25,-29.47781
1908380937.5,-29.47603
1908381093.75,-29.47429
1908381250.0,-29.47434
1908381406.25,-29.47305
1908381562.5,-29.4759
1908381718.75,-29.47133
1908381875.0,-29.46919
1908382031.25,-29.47016
1908382187.5,-29.47372
1908382343.75,-29.47325
1908382500.0,-29.46495
1908382656.25,-29.46932
1908382812.5,-29.46745
1908382968.75,-29.46437
1908383125.0,-29.46589
1908383281.25,-29.46479
1908383437.5,-29.46282
1908383593.75,-29.46116
1908383750.0,-29.45923
1908383906.25,-29.45984
1908384062.5,-29.46272
1908384218.75,-29.46242
1908384375.0,-29.45781
1908384531.25,-29.45744
1908384687.5,-29.45583
1908384843.75,-29.45375
1908385000.0,-29.45485
1908385156.25,-29.45376
1908385312.5,-29.45379
1908385468.75,-29.45335
1908385625.0,-29.45158
1908385781.25,-29.44946
1908385937.5,-29.4519
1908386093.75,-29.44772
1908386250.0,-29.44859
1908386406.25,-29.45072
1908386562.5,-29.44718
1908386718.75,-29.45017
1908386875.0,-29.44646
1908387031.25,-29.44273
1908387187.5,-29.44139
1908387343.75,-29.44446
1908387500.0,-29.43825
1908387656.25,-29.44129
1908387812.5,-29.43778
1908387968.75,-29.43938
1908388125.0,-29.43638
1908388281.25,-29.44098
1908388437.5,-29.43468
1908388593.75,-29.43522
1908388750.0,-29.43264
1908388906.25,-29.43106
1908389062.5,-29.43171
1908389218.75,-29.43288
1908389375.0,-29.43218
1908389531.25,-29.42942
1908389687.5,-29.42856
1908389843.75,-29.42945
1908390000.0,-29.4303
1908390156.25,-29.4304
1908390312.5,-29.42077
1908390468.75,-29.42477
1908390625.0,-29.4214
1908390781.25,-29.42343
1908390937.5,-29.42372
1908391093.75,-29.42218
1908391250.0,-29.42201
1908391406.25,-29.42443
1908391562.5,-29.42156
1908391718.75,-29.42052
1908391875.0,-29.41937
1908392031.25,-29.41419
1908392187.5,-29.41588
1908392343.75,-29.42069
1908392500.0,-29.41826
1908392656.25,-29.4175
1908392812.5,-29.41377
1908392968.75,-29.409
1908393125.0,-29.4104
1908393281.25,-29.41192
1908393437.5,-29.40917
1908393593.75,-29.40786
1908393750.0,-29.41366
1908393906.25,-29.41108
1908394062.5,-29.40676
1908394218.75,-29.40082
1908394375.0,-29.40525
1908394531.25,-29.40344
1908394687.5,-29.40489
1908394843.75,-29.40168
1908395000.0,-29.40598
1908395156.25,-29.40026
1908395312.5,-29.40222
1908395468.75,-29.39711
1908395625.0,-29.40156
1908395781.25,-29.39979
1908395937.5,-29.39716
1908396093.75,-29.39316
1908396250.0,-29.39735
1908396406.25,-29.39221
1908396562.5,-29.39565
1908396718.75,-29.39439
1908396875.0,-29.3906
1908397031.25,-29.38889
1908397187.5,-29.38878
1908397343.75,-29.38868
1908397500.0,-29.39243
1908397656.25,-29.38845
1908397812.5,-29.38755
1908397968.75,-29.38567
1908398125.0,-29.38485
1908398281.25,-29.38764
1908398437.5,-29.38437
1908398593.75,-29.38054
1908398750.0,-29.37974
1908398906.25,-29.38022
1908399062.5,-29.37988
1908399218.75,-29.38021
1908399375.0,-29.38229
1908399531.25,-29.37717
1908399687.5,-29.37582
1908399843.75,-29.37207
1908400000.0,-29.3741
1908400156.25,-29.37492
1908400312.5,-29.37146
1908400468.75,-29.3721
1908400625.0,-29.37521
1908400781.25,-29.37571
1908400937.5,-29.36728
1908401093.75,-29.36969
1908401250.0,-29.36913
1908401406.25,-29.36992
1908401562.5,-29.36598
1908401718.75,-29.36975
1908401875.0,-29.36415
1908402031.25,-29.36479
1908402187.5,-29.36159
1908402343.75,-29.36534
1908402500.0,-29.36324
1908402656.25,-29.36573
1908402812.5,-29.3609
1908402968.75,-29.35679
1908403125.0,-29.35863
1908403281.25,-29.35866
1908403437.5,-29.36413
1908403593.75,-29.35889
1908403750.0,-29.35386
1908403906.25,-29.3506
1908404062.5,-29.35321
1908404218.75,-29.35326
1908404375.0,-29.35228
1908404531.25,-29.35113
1908404687.5,-29.3523
1908404843.75,-29.34922
1908405000.0,-29.34886
1908405156.25,-29.34933
1908405312.5,-29.34584
1908405468.75,-29.34302
1908405625.0,-29.34336
1908405781.25,-29.34871
1908405937.5,-29.34262
1908406093.75,-29.34663
1908406250.0,-29.34367
1908406406.25,-29.34244
1908406562.5,-29.34047
1908406718.75,-29.34343
1908406875.0,-29.34304
1908407031.25,-29.34535
1908407187.5,-29.3406
1908407343.75,-29.33965
1908407500.0,-29.33857
1908407656.25,-29.33979
1908407812.5,-29.33465
1908407968.75,-29.33455
1908408125.0,-29.33638
1908408281.25,-29.33607
1908408437.5,-29.33198
1908408593.75,-29.33102
1908408750.0,-29.32964
1908408906.25,-29.3267
1908409062.5,-29.33215
1908409218.75,-29.32577
1908409375.0,-29.32211
1908409531.25,-29.33062
1908409687.5,-29.32599
1908409843.75,-29.32468
1908410000.0,-29.31846
1908410156.25,-29.32543
1908410312.5,-29.32357
1908410468.75,-29.32185
1908410625.0,-29.32493
1908410781.25,-29.31901
1908410937.5,-29.31731
1908411093.75,-29.31785
1908411250.0,-29.31821
1908411406.25,-29.31761
1908411562.5,-29.31606
1908411718.75,-29.31546
1908411875.0,-29.31671
1908412031.25,-29.31424
1908412187.5,-29.31427
1908412343.75,-29.30972
1908412500.0,-29.30885
1908412656.25,-29.31559
1908412812.5,-29.31046
1908412968.75,-29.30445
1908413125.0,-29.30531
1908413281.25,-29.30951
1908413437.5,-29.30252
1908413593.75,-29.30791
1908413750.0,-29.30634
1908413906.25,-29.30147
1908414062.5,-29.30446
1908414218.75,-29.29657
1908414375.0,-29.3052
1908414531.25,-29.29906
1908414687.5,-29.29733
1908414843.75,-29.30009
1908415000.0,-29.29885
1908415156.25,-29.29602
1908415312.5,-29.29576
1908415468.75,-29.29656
1908415625.0,-29.29195
1908415781.25,-29.29118
1908415937.5,-29.28983
1908416093.75,-29.29428
1908416250.0,-29.29012
1908416406.25,-29.288
1908416562.5,-29.28886
1908416718.75,-29.28894
1908416875.0,-29.2847
1908417031.25,-29.28613
1908417187.5,-29.28306
1908417343.75,-29.28306
1908417500.0,-29.28329
1908417656.25,-29.27935
1908417812.5,-29.28041
1908417968.75,-29.28119
1908418125.0,-29.28081
1908418281.25,-29.27637
1908418437.5,-29.28078
1908418593.75,-29.27796
1908418750.0,-29.27533
1908418906.25,-29.27679
1908419062.5,-29.27157
1908419218.75,-29.2779
1908419375.0,-29.2748
1908419531.25,-29.27376
1908419687.5,-29.26659
1908419843.75,-29.27317
1908420000.0,-29.27089
1908420156.25,-29.2715
1908420312.5,-29.26682
1908420468.75,-29.2657
1908420625.0,-29.26697
1908420781.25,-29.26792
1908420937.5,-29.26652
1908421093.75,-29.26581
1908421250.0,-29.26479
1908421406.25,-29.26272
1908421562.5,-29.26165
1908421718.75,-29.2563
1908421875.0,-29.25892
1908422031.25,-29.26413
1908422187.5,-29.26005
1908422343.75,-29.25544
1908422500.0,-29.25742
1908422656.25,-29.25929
1908422812.5,-29.25543
1908422968.75,-29.25718
1908423125.0,-29.25308
1908423281.25,-29.25073
1908423437.5,-29.25303
1908423593.75,-29.24981
1908423750.0,-29.2513
1908423906.25,-29.25159
1908424062.5,-29.24999
1908424218.75,-29.24689
1908424375.0,-29.24964
1908424531.25,-29.24406
1908424687.5,-29.24742
1908424843.75,-29.24084
1908425000.0,-29.2422
1908425156.25,-29.24
1908425312.5,-29.23564
1908425468.75,-29.24261
1908425625.0,-29.23936
1908425781.25,-29.24005
1908425937.5,-29.23742
1908426093.75,-29.23975
1908426250.0,-29.23756
1908426406.25,-29.23493
1908426562.5,-29.23417
1908426718.75,-29.23511
1908426875.0,-29.23807
1908427031.25,-29.23213
1908427187.5,-29.22965
1908427343.75,-29.23009
1908427500.0,-29.23114
1908427656.25,-29.2311
1908427812.5,-29.2325
1908427968.75,-29.22736
1908428125.0,-29.22617
1908428281.25,-29.22349
1908428437.5,-29.2259
1908428593.75,-29.22507
1908428750.0,-29.2246
1908428906.25,-29.22473
1908429062.5,-29.21845
1908429218.75,-29.21997
1908429375.0,-29.21673
1908429531.25,-29.21976
1908429687.5,-29.22054
1908429843.75,-29.21736
1908430000.0,-29.21615
1908430156.25,-29.21731
1908430312.5,-29.21395
1908430468.75,-29.20865
1908430625.0,-29.21225
1908430781.25,-29.21463
1908430937.5,-29.21027
1908431093.75,-29.21312
1908431250.0,-29.20712
1908431406.25,-29.21194
1908431562.5,-29.21008
1908431718.75,-29.20791
1908431875.0,-29.20422
1908432031.25,-29.21214
1908432187.5,-29.20577
1908432343.75,-29.202
1908432500.0,-29.20263
1908432656.25,-29.20216
1908432812.5,-29.20254
1908432968.75,-29.20014
1908433125.0,-29.19891
1908433281.25,-29.1989
1908433437.5,-29.19887
1908433593.75,-29.19788
1908433750.0,-29.19683
1908433906.25,-29.19055
1908434062.5,-29.19887
1908434218.75,-29.19223
1908434375.0,-29.19218
1908434531.25,-29.18915
1908434687.5,-29.19535
1908434843.75,-29.19139
1908435000.0,-29.18929
1908435156.25,-29.18548
1908435312.5,-29.19089
1908435468.75,-29.18811
1908435625.0,-29.18778
1908435781.25,-29.18624
1908435937.5,-29.18325
1908436093.75,-29.18341
1908436250.0,-29.18715
1908436406.25,-29.18299
1908436562.5,-29.18595
1908436718.75,-29.18033
1908436875.0,-29.17792
1908437031.25,-29.17672
1908437187.5,-29.17775
1908437343.75,-29.1765
1908437500.0,-29.17566
1908437656.25,-29.18012
1908437812.5,-29.17307
1908437968.75,-29.17182
1908438125.0,-29.17138
1908438281.25,-29.1712
1908438437.5,-29.17092
1908438593.75,-29.16936
1908438750.0,-29.17043
1908438906.25,-29.17023
1908439062.5,-29.1724
1908439218.75,-29.16743
1908439375.0,-29.1669
1908439531.25,-29.16467
1908439687.5,-29.16173
1908439843.75,-29.16298
1908440000.0,-29.16389
1908440156.25,-29.16429
1908440312.5,-29.16281
1908440468.75,-29.16245
1908440625.0,-29.15498
1908440781.25,-29.15895
1908440937.5,-29.16013
1908441093.75,-29.15561
1908441250.0,-29.15992
1908441406.25,-29.16176
1908441562.5,-29.15105
1908441718.75,-29.15203
1908441875.0,-29.15282
1908442031.25,-29.15201
1908442187.5,-29.15144
1908442343.75,-29.15244
1908442500.0,-29.14884
1908442656.25,-29.15026
1908442812.5,-29.14767
1908442968.75,-29.14716
1908443125.0,-29.15006
1908443281.25,-29.14635
1908443437.5,-29.14343
1908443593.75,-29.1429
1908443750.0,-29.14402
1908443906.25,-29.13994
1908444062.5,-29.1412
1908444218.75,-29.13785
1908444375.0,-29.14141
1908444531.25,-29.13943
1908444687.5,-29.13747
1908444843.75,-29.13571
1908445000.0,-29.13738
1908445156.25,-29.13486
1908445312.5,-29.14016
1908445468.75,-29.13369
1908445625.0,-29.13426
1908445781.25,-29.1323
1908445937.5,-29.1315
1908446093.75,-29.13003
1908446250.0,-29.13175
1908446406.25,-29.12751
1908446562.5,-29.12727
1908446718.75,-29.12401
1908446875.0,-29.1261
1908447031.25,-29.12476
1908447187.5,-29.12428
1908447343.75,-29.12333
1908447500.0,-29.12509
1908447656.25,-29.12518
1908447812.5,-29.11914
1908447968.75,-29.11891
1908448125.0,-29.11736
1908448281.25,-29.12246
1908448437.5,-29.11646
1908448593.75,-29.1208
1908448750.0,-29.11732
1908448906.25,-29.11617
1908449062.5,-29.11458
1908449218.75,-29.11949
1908449375.0,-29.11295
1908449531.25,-29.1102
1908449687.5,-29.1122
1908449843.75,-29.11197
1908450000.0,-29.10816
1908450156.25,-29.10977
1908450312.5,-29.10762
1908450468.75,-29.10961
1908450625.0,-29.11399
1908450781.25,-29.10971
1908450937.5,-29.1002
1908451093.75,-29.10118
1908451250.0,-29.10442
1908451406.25,-29.10183
1908451562.5,-29.10052
1908451718.75,-29.10136
1908451875.0,-29.09852
1908452031.25,-29.09789
1908452187.5,-29.10131
1908452343.75,-29.10032
1908452500.0,-29.09459
1908452656.25,-29.09048
1908452812.5,-29.09281
1908452968.75,-29.09317
1908453125.0,-29.09499
1908453281.25,-29.09268
1908453437.5,-29.09061
1908453593.75,-29.0897
1908453750.0,-29.08735
1908453906.25,-29.09254
1908454062.5,-29.08825
1908454218.75,-29.08643
1908454375.0,-29.0829
1908454531.25,-29.08451
1908454687.5,-29.07969
1908454843.75,-29.08502
1908455000.0,-29.07846
1908455156.25,-29.0822
1908455312.5,-29.08127
1908455468.75,-29.07786
1908455625.0,-29.08627
1908455781.25,-29.07442
1908455937.5,-29.08065
1908456093.75,-29.07433
1908456250.0,-29.07292
1908456406.25,-29.07681
1908456562.5,-29.07463
1908456718.75,-29.07202
1908456875.0,-29.0707
1908457031.25,-29.06856
1908457187.5,-29.07079
1908457343.75,-29.06734
1908457500.0,-29.06635
1908457656.25,-29.06075
1908457812.5,-29.06299
1908457968.75,-29.06711
1908458125.0,-29.06354
1908458281.25,-29.06322
1908458437.5,-29.06141
1908458593.75,-29.06347
1908458750.0,-29.06186
1908458906.25,-29.0602
1908459062.5,-29.0598
1908459218.75,-29.05944
1908459375.0,-29.06199
1908459531.25,-29.05952
1908459687.5,-29.05935
1908459843.75,-29.05584
1908460000.0,-29.05671
1908460156.25,-29.05446
1908460312.5,-29.05632
1908460468.75,-29.05124
1908460625.0,-29.05386
1908460781.25,-29.05039
1908460937.5,-29.04891
1908461093.75,-29.04886
1908461250.0,-29.04317
1908461406.25,-29.05311
1908461562.5,-29.04917
1908461718.75,-29.04611
1908461875.0,-29.04269
1908462031.25,-29.04022
1908462187.5,-29.0447
1908462343.75,-29.04407
1908462500.0,-29.04089
1908462656.25,-29.04005
1908462812.5,-29.03693
1908462968.75,-29.03465
1908463125.0,-29.04078
1908463281.25,-29.04103
1908463437.5,-29.03557
1908463593.75,-29.03958
1908463750.0,-29.0364
1908463906.25,-29.0316
1908464062.5,-29.03104
1908464218.75,-29.0297
1908464375.0,-29.03254
1908464531.25,-29.03228
1908464687.5,-29.03024
1908464843.75,-29.02961
1908465000.0,-29.02268
1908465156.25,-29.02968
1908465312.5,-29.02314
1908465468.75,-29.02501
1908465625.0,-29.02625
1908465781.25,-29.0248
1908465937.5,-29.02257
1908466093.75,-29.02066
1908466250.0,-29.02473
1908466406.25,-29.01957
1908466562.5,-29.01668
1908466718.75,-29.01326
1908466875.0,-29.02092
1908467031.25,-29.02066
1908467187.5,-29.0158
1908467343.75,-29.01645
1908467500.0,-29.01617
1908467656.25,-29.01359
1908467812.5,-29.01053
1908467968.75,-29.01227
1908468125.0,-29.01133
1908468281.25,-29.01039
1908468437.5,-29.00733
1908468593.75,-29.01187
1908468750.0,-29.00686
1908468906.25,-29.00589
1908469062.5,-29.00681
1908469218.75,-29.00625
1908469375.0,-29.00281
1908469531.25,-29.00257
1908469687.5,-28.99987
1908469843.75,-29.00176
1908470000.0,-29.00363
1908470156.25,-28.99927
1908470312.5,-28.99617
1908470468.75,-28.99394
1908470625.0,-28.99793
1908470781.25,-28.99834
1908470937.5,-28.99402
1908471093.75,-28.99175
1908471250.0,-28.99503
1908471406.25,-28.98992
1908471562.5,-28.99034
1908471718.75,-28.99406
1908471875.0,-28.99122
1908472031.25,-28.98895
1908472187.5,-28.9893
1908472343.75,-28.98977
1908472500.0,-28.99046
1908472656.25,-28.98613
1908472812.5,-28.98232
1908472968.75,-28.98275
1908473125.0,-28.98272
1908473281.25,-28.98161
1908473437.5,-28.97914
1908473593.75,-28.98183
1908473750.0,-28.97955
1908473906.25,-28.97399
1908474062.5,-28.98311
1908474218.75,-28.97936
1908474375.0,-28.97548
1908474531.25,-28.97676
1908474687.5,-28.97808
1908474843.75,-28.97455
1908475000.0,-28.97332
1908475156.25,-28.97262
1908475312.5,-28.97654
1908475468.75,-28.96914
1908475625.0,-28.96762
1908475781.25,-28.96874
1908475937.5,-28.96654
1908476093.75,-28.96307
1908476250.0,-28.96693
1908476406.25,-28.96316
1908476562.5,-28.96548
1908476718.75,-28.96174
1908476875.0,-28.96132
1908477031.25,-28.96493
1908477187.5,-28.95948
1908477343.75,-28.96271
1908477500.0,-28.96339
1908477656.25,-28.95542
1908477812.5,-28.96306
1908477968.75,-28.95508
1908478125.0,-28.95748
1908478281.25,-28.95469
1908478437.5,-28.9523
1908478593.75,-28.95384
1908478750.0,-28.95498
1908478906.25,-28.95636
1908479062.5,-28.9458
1908479218.75,-28.94876
1908479375.0,-28.95161
1908479531.25,-28.95069
1908479687.5,-28.95032
1908479843.75,-28.9456
1908480000.0,-28.94418
1908480156.25,-28.94129
1908480312.5,-28.94333
1908480468.75,-28.94302
1908480625.0,-28.93759
1908480781.25,-28.93991
1908480937.5,-28.93725
1908481093.75,-28.93609
1908481250.0,-28.93982
1908481406.25,-28.9391
1908481562.5,-28.93864
1908481718.75,-28.93587
1908481875.0,-28.93695
1908482031.25,-28.93266
1908482187.5,-28.93523
1908482343.75,-28.9285
1908482500.0,-28.93593
1908482656.25,-28.92829
1908482812.5,-28.9287
1908482968.75,-28.9273
1908483125.0,-28.926
1908483281.25,-28.9297
1908483437.5,-28.92669
1908483593.75,-28.92468
1908483750.0,-28.92679
1908483906.25,-28.92677
1908484062.5,-28.92438
1908484218.75,-28.92401
1908484375.0,-28.92008
1908484531.25,-28.92374
1908484687.5,-28.92476
1908484843.75,-28.91994
1908485000.0,-28.92006
1908485156.25,-28.91776
1908485312.5,-28.91503
1908485468.75,-28.91688
1908485625.0,-28.91815
1908485781.25,-28.91256
1908485937.5,-28.91098
1908486093.75,-28.90887
1908486250.0,-28.9109
1908486406.25,-28.91189
1908486562.5,-28.90856
1908486718.75,-28.90876
1908486875.0,-28.90368
1908487031.25,-28.90704
1908487187.5,-28.90905
1908487343.75,-28.90071
1908487500.0,-28.90257
1908487656.25,-28.90291
1908487812.5,-28.90594
1908487968.75,-28.89935
1908488125.0,-28.89561
1908488281.25,-28.89952
1908488437.5,-28.90118
1908488593.75,-28.89699
1908488750.0,-28.89848
1908488906.25,-28.89598
1908489062.5,-28.89449
1908489218.75,-28.89845
1908489375.0,-28.89443
1908489531.25,-28.89236
1908489687.5,-28.89168
1908489843.75,-28.89172
1908490000.0,-28.8913
1908490156.25,-28.88662
1908490312.5,-28.89064
1908490468.75,-28.8888
1908490625.0,-28.8889
1908490781.25,-28.87949
1908490937.5,-28.88592
1908491093.75,-28.88956
1908491250.0,-28.87847
1908491406.25,-28.88193
1908491562.5,-28.87899
1908491718.75,-28.87971
1908491875.0,-28.87978
1908492031.25,-28.8798
1908492187.5,-28.87845
1908492343.75,-28.87399
1908492500.0,-28.87266
1908492656.25,-28.87513
1908492812.5,-28.87193
1908492968.75,-28.87222
1908493125.0,-28.87048
1908493281.25,-28.87222
1908493437.5,-28.86993
1908493593.75,-28.87222
1908493750.0,-28.87062
1908493906.25,-28.86731
1908494062.5,-28.86769
1908494218.75,-28.86518
1908494375.0,-28.86806
1908494531.25,-28.86165
1908494687.5,-28.86357
1908494843.75,-28.86301
1908495000.0,-28.86165
1908495156.25,-28.85944
1908495312.5,-28.85962
1908495468.75,-28.85559
1908495625.0,-28.85982
1908495781.25,-28.86132
1908495937.5,-28.85677
1908496093.75,-28.85135
1908496250.0,-28.85636
1908496406.25,-28.85525
1908496562.5,-28.85332
1908496718.75,-28.85236
1908496875.0,-28.84511
1908497031.25,-28.85005
1908497187.5,-28.85088
1908497343.75,-28.84739
1908497500.0,-28.84657
1908497656.25,-28.84748
1908497812.5,-28.84457
1908497968.75,-28.8463
1908498125.0,-28.84565
1908498281.25,-28.84344
1908498437.5,-28.84277
1908498593.75,-28.843
1908498750.0,-28.84146
1908498906.25,-28.84076
1908499062.5,-28.83818
1908499218.75,-28.83999
1908499375.0,-28.83561
1908499531.25,-28.83892
1908499687.5,-28.83935
1908499843.75,-28.83714
1908500000.0,-28.83177
1908500156.25,-28.83581
1908500312.5,-28.83723
1908500468.75,-28.83012
1908500625.0,-28.8316
1908500781.25,-28.82915
1908500937.5,-28.83406
1908501093.75,-28.82614
1908501250.0,-28.82985
1908501406.25,-28.82911
1908501562.5,-28.8236
1908501718.75,-28.82493
1908501875.0,-28.82239
1908502031.25,-28.82759
1908502187.5,-28.81915
1908502343.75,-28.82102
1908502500.0,-28.82159
1908502656.25,-28.82239
1908502812.5,-28.82267
1908502968.75,-28.81542
1908503125.0,-28.81635
1908503281.25,-28.81704
1908503437.5,-28.81685
1908503593.75,-28.81451
1908503750.0,-28.8122
1908503906.25,-28.81269
1908504062.5,-28.80968
1908504218.75,-28.80867
1908504375.0,-28.81081
1908504531.25,-28.80552
1908504687.5,-28.80721
1908504843.75,-28.8069
1908505000.0,-28.8064
1908505156.25,-28.80605
1908505312.5,-28.80484
1908505468.75,-28.79936
1908505625.0,-28.80001
1908505781.25,-28.80222
1908505937.5,-28.79783
1908506093.75,-28.79617
1908506250.0,-28.79999
1908506406.25,-28.79926
1908506562.5,-28.79542
1908506718.75,-28.79268
1908506875.0,-28.79914
1908507031.25,-28.79215
1908507187.5,-28.79823
1908507343.75,-28.79654
1908507500.0,-28.79108
1908507656.25,-28.79146
1908507812.5,-28.79011
1908507968.75,-28.79294
1908508125.0,-28.78696
1908508281.25,-28.78785
1908508437.5,-28.7848
1908508593.75,-28.78345
1908508750.0,-28.78504
1908508906.25,-28.78226
1908509062.5,-28.78309
1908509218.75,-28.78201
1908509375.0,-28.78247
1908509531.25,-28.78307
1908509687.5,-28.77865
1908509843.75,-28.77518
1908510000.0,-28.77802
1908510156.25,-28.77831
1908510312.5,-28.77601
1908510468.75,-28.77573
1908510625.0,-28.76985
1908510781.25,-28.77822
1908510937.5,-28.77303
1908511093.75,-28.77134
1908511250.0,-28.7684
1908511406.25,-28.76492
1908511562.5,-28.77237
1908511718.75,-28.77326
1908511875.0,-28.77115
1908512031.25,-28.76743
1908512187.5,-28.76294
1908512343.75,-28.76274
1908512500.0,-28.76081
1908512656.25,-28.7632
1908512812.5,-28.76241
1908512968.75,-28.7632
1908513125.0,-28.76025
1908513281.25,-28.75959
1908513437.5,-28.75756
1908513593.75,-28.76096
1908513750.0,-28.75583
1908513906.25,-28.75459
1908514062.5,-28.75518
1908514218.75,-28.75233
1908514375.0,-28.75459
1908514531.25,-28.75564
1908514687.5,-28.74957
1908514843.75,-28.75036
1908515000.0,-28.75223
1908515156.25,-28.75099
1908515312.5,-28.75031
1908515468.75,-28.7483
1908515625.0,-28.74621
1908515781.25,-28.74694
1908515937.5,-28.74547
1908516093.75,-28.74121
1908516250.0,-28.74325
1908516406.25,-28.74184
1908516562.5,-28.74678
1908516718.75,-28.74006
1908516875.0,-28.73852
1908517031.25,-28.73641
1908517187.5,-28.73548
1908517343.75,-28.73696
1908517500.0,-28.73695
1908517656.25,-28.73897
1908517812.5,-28.73961
1908517968.75,-28.73358
1908518125.0,-28.73307
1908518281.25,-28.73566
1908518437.5,-28.73131
1908518593.75,-28.7307
1908518750.0,-28.72965
1908518906.25,-28.7238
1908519062.5,-28.72354
1908519218.75,-28.7249
1908519375.0,-28.72106
1908519531.25,-28.72453
1908519687.5,-28.71846
1908519843.75,-28.7236
1908520000.0,-28.72336
1908520156.25,-28.71881
1908520312.5,-28.7207
1908520468.75,-28.71769
1908520625.0,-28.71997
1908520781.25,-28.71692
1908520937.5,-28.71803
1908521093.75,-28.71246
1908521250.0,-28.71588
1908521406.25,-28.71555
1908521562.5,-28.71137
1908521718.75,-28.71214
1908521875.0,-28.71008
1908522031.25,-28.71188
1908522187.5,-28.71034
1908522343.75,-28.70687
1908522500.0,-28.70399
1908522656.25,-28.70832
1908522812.5,-28.70882
1908522968.75,-28.70012
1908523125.0,-28.70426
1908523281.25,-28.70456
1908523437.5,-28.70257
1908523593.75,-28.70132
1908523750.0,-28.70009
1908523906.25,-28.69879
1908524062.5,-28.7007
1908524218.75,-28.70042
1908524375.0,-28.69494
1908524531.25,-28.69687
1908524687.5,-28.69486
1908524843.75,-28.69492
1908525000.0,-28.69568
1908525156.25,-28.69017
1908525312.5,-28.69236
1908525468.75,-28.69239
1908525625.0,-28.68864
1908525781.25,-28.68972
1908525937.5,-28.68963
1908526093.75,-28.68922
1908526250.0,-28.68383
1908526406.25,-28.68405
1908526562.5,-28.68367
1908526718.75,-28.68084
1908526875.0,-28.68533
1908527031.25,-28.68388
1908527187.5,-28.68302
1908527343.75,-28.67837
1908527500.0,-28.67967
1908527656.25,-28.67957
1908527812.5,-28.67699
1908527968.75,-28.67633
1908528125.0,-28.6808
1908528281.25,-28.67347
1908528437.5,-28.67163
1908528593.75,-28.67325
1908528750.0,-28.672
1908528906.25,-28.66791
1908529062.5,-28.67144
1908529218.75,-28.67456
1908529375.0,-28.67084
1908529531.25,-28.66778
1908529687.5,-28.66597
1908529843.75,-28.66556
1908530000.0,-28.66263
1908530156.25,-28.66686
1908530312.5,-28.66152
1908530468.75,-28.66229
1908530625.0,-28.66128
1908530781.25,-28.65967
1908530937.5,-28.65972
1908531093.75,-28.65781
1908531250.0,-28.65791
1908531406.25,-28.65847
1908531562.5,-28.65693
1908531718.75,-28.65232
1908531875.0,-28.65283
1908532031.25,-28.65824
1908532187.5,-28.65011
1908532343.75,-28.65132
1908532500.0,-28.65043
1908532656.25,-28.65154
1908532812.5,-28.64666
1908532968.75,-28.64367
1908533125.0,-28.6466
1908533281.25,-28.64523
1908533437.5,-28.64902
1908533593.75,-28.64598
1908533750.0,-28.6411
1908533906.25,-28.64115
1908534062.5,-28.64454
1908534218.75,-28.63886
1908534375.0,-28.64202
1908534531.25,-28.63928
1908534687.5,-28.63855
1908534843.75,-28.63754
1908535000.0,-28.63602
1908535156.25,-28.63417
1908535312.5,-28.63424
1908535468.75,-28.63338
1908535625.0,-28.63514
1908535781.25,-28.63383
1908535937.5,-28.63185
1908536093.75,-28.6288
1908536250.0,-28.62751
1908536406.25,-28.62883
1908536562.5,-28.62422
1908536718.75,-28.62915
1908536875.0,-28.62656
1908537031.25,-28.62523
1908537187.5,-28.62404
1908537343.75,-28.62306
1908537500.0,-28.61732
1908537656.25,-28.62343
1908537812.5,-28.62123
1908537968.75,-28.62291
1908538125.0,-28.62044
1908538281.25,-28.61963
1908538437.5,-28.6184
1908538593.75,-28.61612
1908538750.0,-28.61516
1908538906.25,-28.61537
1908539062.5,-28.61291
1908539218.75,-28.61373
1908539375.0,-28.6061
1908539531.25,-28.61258
1908539687.5,-28.61227
1908539843.75,-28.60687
1908540000.0,-28.60995
1908540156.25,-28.60656
1908540312.5,-28.60312
1908540468.75,-28.60804
1908540625.0,-28.59962
1908540781.25,-28.60334
1908540937.5,-28.60061
1908541093.75,-28.60146
1908541250.0,-28.60387
1908541406.25,-28.59622
1908541562.5,-28.59692
1908541718.75,-28.59731
1908541875.0,-28.59565
1908542031.25,-28.593
1908542187.5,-28.59606
1908542343.75,-28.59466
1908542500.0,-28.58875
1908542656.25,-28.58837
1908542812.5,-28.59027
1908542968.75,-28.59007
1908543125.0,-28.58535
1908543281.25,-28.58804
1908543437.5,-28.58666
1908543593.75,-28.58889
1908543750.0,-28.58649
1908543906.25,-28.58936
1908544062.5,-28.58693
1908544218.75,-28.58877
1908544375.0,-28.58385
1908544531.25,-28.58071
1908544687.5,-28.58004
1908544843.75,-28.57969
1908545000.0,-28.5779
1908545156.25,-28.58139
1908545312.5,-28.57011
1908545468.75,-28.58134
1908545625.0,-28.57281
1908545781.25,-28.57604
1908545937.5,-28.57489
1908546093.75,-28.57226
1908546250.0,-28.57437
1908546406.25,-28.57032
1908546562.5,-28.57246
1908546718.75,-28.57217
1908546875.0,-28.56934
1908547031.25,-28.56898
1908547187.5,-28.5688
1908547343.75,-28.56428
1908547500.0,-28.56644
1908547656.25,-28.56194
1908547812.5,-28.56446
1908547968.75,-28.56289
1908548125.0,-28.56044
1908548281.25,-28.55687
1908548437.5,-28.56048
1908548593.75,-28.55947
1908548750.0,-28.55777
1908548906.25,-28.5525
1908549062.5,-28.55647
1908549218.75,-28.5576
1908549375.0,-28.55522
1908549531.25,-28.55196
1908549687.5,-28.55317
1908549843.75,-28.54798
1908550000.0,-28.55006
1908550156.25,-28.55087
1908550312.5,-28.54943
1908550468.75,-28.54984
1908550625.0,-28.546
1908550781.25,-28.54486
1908550937.5,-28.54457
1908551093.75,-28.54208
1908551250.0,-28.54572
1908551406.25,-28.54278
1908551562.5,-28.5437
1908551718.75,-28.53887
1908551875.0,-28.54184
1908552031.25,-28.53681
1908552187.5,-28.53377
1908552343.75,-28.53559
1908552500.0,-28.53374
1908552656.25,-28.53459
1908552812.5,-28.5321
1908552968.75,-28.52953
1908553125.0,-28.52968
1908553281.25,-28.5326
1908553437.5,-28.53351
1908553593.75,-28.53046
1908553750.0,-28.52805
1908553906.25,-28.52408
1908554062.5,-28.5251
1908554218.75,-28.52777
1908554375.0,-28.52544
1908554531.25,-28.52463
1908554687.5,-28.5225
1908554843.75,-28.51703
1908555000.0,-28.52374
1908555156.25,-28.5185
1908555312.5,-28.51969
1908555468.75,-28.5215
1908555625.0,-28.52
1908555781.25,-28.51434
1908555937.5,-28.51556
1908556093.75,-28.51174
1908556250.0,-28.51486
1908556406.25,-28.51291
1908556562.5,-28.51283
1908556718.75,-28.51255
1908556875.0,-28.51015
1908557031.25,-28.51264
1908557187.5,-28.50735
1908557343.75,-28.50991
1908557500.0,-28.50598
1908557656.25,-28.50786
1908557812.5,-28.50607
1908557968.75,-28.50518
1908558125.0,-28.50297
1908558281.25,-28.50428
1908558437.5,-28.50365
1908558593.75,-28.50209
1908558750.0,-28.49758
1908558906.25,-28.49753
1908559062.5,-28.49626
1908559218.75,-28.49595
1908559375.0,-28.50099
1908559531.25,-28.49571
1908559687.5,-28.49592
1908559843.75,-28.49447
1908560000.0,-28.49163
1908560156.25,-28.48873
1908560312.5,-28.48882
1908560468.75,-28.49037
1908560625.0,-28.48863
1908560781.25,-28.48815
1908560937.5,-28.48413
1908561093.75,-28.48618
1908561250.0,-28.48686
1908561406.25,-28.48659
1908561562.5,-28.48294
1908561718.75,-28.48243
1908561875.0,-28.48128
1908562031.25,-28.4809
1908562187.5,-28.47705
1908562343.75,-28.47564
1908562500.0,-28.48353
1908562656.25,-28.48112
1908562812.5,-28.47498
1908562968.75,-28.47192
1908563125.0,-28.47329
1908563281.25,-28.47353
1908563437.5,-28.4743
1908563593.75,-28.47318
1908563750.0,-28.47227
1908563906.25,-28.46848
1908564062.5,-28.46418
1908564218.75,-28.46432
1908564375.0,-28.46567
1908564531.25,-28.46692
1908564687.5,-28.46502
1908564843.75,-28.46516
1908565000.0,-28.46423
1908565156.25,-28.4623
1908565312.5,-28.46058
1908565468.75,-28.45687
1908565625.0,-28.46057
1908565781.25,-28.4605
1908565937.5,-28.45423
1908566093.75,-28.45708
1908566250.0,-28.45485
1908566406.25,-28.45363
1908566562.5,-28.45535
1908566718.75,-28.45217
1908566875.0,-28.45196
1908567031.25,-28.4551
1908567187.5,-28.44997
1908567343.75,-28.4523
1908567500.0,-28.44779
1908567656.25,-28.44608
1908567812.5,-28.44671
1908567968.75,-28.44492
1908568125.0,-28.44761
1908568281.25,-28.44353
1908568437.5,-28.44348
1908568593.75,-28.44259
1908568750.0,-28.44232
1908568906.25,-28.44043
1908569062.5,-28.43918
1908569218.75,-28.43885
1908569375.0,-28.43902
1908569531.25,-28.43733
1908569687.5,-28.4357
1908569843.75,-28.43483
1908570000.0,-28.43721
1908570156.25,-28.43452
1908570312.5,-28.43124
1908570468.75,-28.43529
1908570625.0,-28.43181
1908570781.25,-28.43247
1908570937.5,-28.4304
1908571093.75,-28.42438
1908571250.0,-28.42735
1908571406.25,-28.42727
1908571562.5,-28.42498
1908571718.75,-28.42364
1908571875.0,-28.41851
1908572031.25,-28.42457
1908572187.5,-28.42264
1908572343.75,-28.42026
1908572500.0,-28.41889
1908572656.25,-28.41501
1908572812.5,-28.41782
1908572968.75,-28.41628
1908573125.0,-28.415
1908573281.25,-28.41626
1908573437.5,-28.41282
1908573593.75,-28.41545
1908573750.0,-28.41363
1908573906.25,-28.40889
1908574062.5,-28.40728
1908574218.75,-28.41093
1908574375.0,-28.40561
1908574531.25,-28.4061
1908574687.5,-28.40705
1908574843.75,-28.40445
1908575000.0,-28.40289
1908575156.25,-28.39957
1908575312.5,-28.40313
1908575468.75,-28.40413
1908575625.0,-28.40018
1908575781.25,-28.40343
1908575937.5,-28.39722
1908576093.75,-28.39565
1908576250.0,-28.39709
1908576406.25,-28.39731
1908576562.5,-28.39584
1908576718.75,-28.39126
1908576875.0,-28.3965
1908577031.25,-28.39169
1908577187.5,-28.38744
1908577343.75,-28.39126
1908577500.0,-28.38936
1908577656.25,-28.39081
1908577812.5,-28.38581
1908577968.75,-28.38666
1908578125.0,-28.38715
1908578281.25,-28.38434
1908578437.5,-28.38381
1908578593.75,-28.3822
1908578750.0,-28.37924
1908578906.25,-28.3815
1908579062.5,-28.37678
1908579218.75,-28.38297
1908579375.0,-28.38084
1908579531.25,-28.3797
1908579687.5,-28.3764
1908579843.75,-28.38054
1908580000.0,-28.37405
1908580156.25,-28.37549
1908580312.5,-28.37258
1908580468.75,-28.37333
1908580625.0,-28.37266
1908580781.25,-28.37617
1908580937.5,-28.37151
1908581093.75,-28.36353
1908581250.0,-28.37031
1908581406.25,-28.36941
1908581562.5,-28.36344
1908581718.75,-28.36434
1908581875.0,-28.3598
1908582031.25,-28.36429
1908582187.5,-28.36904
1908582343.75,-28.35814
1908582500.0,-28.35766
1908582656.25,-28.35922
1908582812.5,-28.36677
1908582968.75,-28.3618
1908583125.0,-28.3583
1908583281.25,-28.35251
1908583437.5,-28.35275
1908583593.75,-28.35374
1908583750.0,-28.35454
1908583906.25,-28.35364
1908584062.5,-28.35159
1908584218.75,-28.35496
1908584375.0,-28.34891
1908584531.25,-28.34934
1908584687.5,-28.34561
1908584843.75,-28.35139
1908585000.0,-28.34203
1908585156.25,-28.34726
1908585312.5,-28.34555
1908585468.75,-28.3425
1908585625.0,-28.34354
1908585781.25,-28.34268
1908585937.5,-28.34143
1908586093.75,-28.33601
1908586250.0,-28.33611
1908586406.25,-28.33753
1908586562.5,-28.33336
1908586718.75,-28.33357
1908586875.0,-28.33384
1908587031.25,-28.33334
1908587187.5,-28.32977
1908587343.75,-28.3324
1908587500.0,-28.32907
1908587656.25,-28.32898
1908587812.5,-28.32689
1908587968.75,-28.32792
1908588125.0,-28.3293
1908588281.25,-28.32789
1908588437.5,-28.32395
1908588593.75,-28.32568
1908588750.0,-28.32535
1908588906.25,-28.32189
1908589062.5,-28.322
1908589218.75,-28.31936
1908589375.0,-28.32068
1908589531.25,-28.31739
1908589687.5,-28.31508
1908589843.75,-28.31628
1908590000.0,-28.31562
1908590156.25,-28.3106
1908590312.5,-28.31662
1908590468.75,-28.31351
1908590625.0,-28.30923
1908590781.25,-28.31276
1908590937.5,-28.31069
1908591093.75,-28.30735
1908591250.0,-28.30828
1908591406.25,-28.30709
1908591562.5,-28.30819
1908591718.75,-28.30477
1908591875.0,-28.30408
1908592031.25,-28.30875
1908592187.5,-28.3051
1908592343.75,-28.30306
1908592500.0,-28.29975
1908592656.25,-28.29853
1908592812.5,-28.30048
1908592968.75,-28.29952
1908593125.0,-28.29736
1908593281.25,-28.29835
1908593437.5,-28.29588
1908593593.75,-28.29707
1908593750.0,-28.29363
1908593906.25,-28.29134
1908594062.5,-28.28857
1908594218.75,-28.29333
1908594375.0,-28.28819
1908594531.25,-28.28915
1908594687.5,-28.28556
1908594843.75,-28.2842
1908595000.0,-28.28405
1908595156.25,-28.28533
1908595312.5,-28.28297
1908595468.75,-28.28108
1908595625.0,-28.28083
1908595781.25,-28.2857
1908595937.5,-28.2794
1908596093.75,-28.27966
1908596250.0,-28.2807
1908596406.25,-28.27959
1908596562.5,-28.27771
1908596718.75,-28.27262
1908596875.0,-28.27537
1908597031.25,-28.27919
1908597187.5,-28.2699
1908597343.75,-28.2744
1908597500.0,-28.27359
1908597656.25,-28.27228
1908597812.5,-28.2709
1908597968.75,-28.27054
1908598125.0,-28.26419
1908598281.25,-28.26805
1908598437.5,-28.26643
1908598593.75,-28.26512
1908598750.0,-28.26733
1908598906.25,-28.2633
1908599062.5,-28.26089
1908599218.75,-28.26064
1908599375.0,-28.25838
1908599531.25,-28.25937
1908599687.5,-28.25912
1908599843.75,-28.2558
1908600000.0,-28.25669
1908600156.25,-28.25926
1908600312.5,-28.25557
1908600468.75,-28.25508
1908600625.0,-28.25445
1908600781.25,-28.25735
1908600937.5,-28.24966
1908601093.75,-28.25342
1908601250.0,-28.24834
1908601406.25,-28.24548
1908601562.5,-28.25001
1908601718.75,-28.24846
1908601875.0,-28.24315
1908602031.25,-28.24728
1908602187.5,-28.24186
1908602343.75,-28.23921
1908602500.0,-28.24578
1908602656.25,-28.24115
1908602812.5,-28.24277
1908602968.75,-28.23546
1908603125.0,-28.23749
1908603281.25,-28.23727
1908603437.5,-28.23826
1908603593.75,-28.24095
1908603750.0,-28.23652
1908603906.25,-28.23031
1908604062.5,-28.23531
1908604218.75,-28.23085
1908604375.0,-28.23232
1908604531.25,-28.23147
1908604687.5,-28.22894
1908604843.75,-28.22545
1908605000.0,-28.22929
1908605156.25,-28.22094
1908605312.5,-28.22479
1908605468.75,-28.22824
1908605625.0,-28.22134
1908605781.25,-28.22022
1908605937.5,-28.22356
1908606093.75,-28.22107
1908606250.0,-28.22407
1908606406.25,-28.2231
1908606562.5,-28.21492
1908606718.75,-28.21833
1908606875.0,-28.21685
1908607031.25,-28.21276
1908607187.5,-28.21462
1908607343.75,-28.21215
1908607500.0,-28.21444
1908607656.25,-28.20803
1908607812.5,-28.2093
1908607968.75,-28.20849
1908608125.0,-28.20939
1908608281.25,-28.20435
1908608437.5,-28.20345
1908608593.75,-28.20399
1908608750.0,-28.20843
1908608906.25,-28.20333
1908609062.5,-28.20033
1908609218.75,-28.20043
1908609375.0,-28.20083
1908609531.25,-28.19837
1908609687.5,-28.19468
1908609843.75,-28.19645
1908610000.0,-28.20032
1908610156.25,-28.20137
1908610312.5,-28.19414
1908610468.75,-28.19366
1908610625.0,-28.19371
1908610781.25,-28.19317
1908610937.5,-28.19108
1908611093.75,-28.18977
1908611250.0,-28.19048
1908611406.25,-28.18593
1908611562.5,-28.18894
1908611718.75,-28.18653
1908611875.0,-28.18633
1908612031.25,-28.17951
1908612187.5,-28.18388
1908612343.75,-28.18064
1908612500.0,-28.18493
1908612656.25,-28.17887
1908612812.5,-28.17657
1908612968.75,-28.17817
1908613125.0,-28.17979
1908613281.25,-28.1753
1908613437.5,-28.17436
1908613593.75,-28.17179
1908613750.0,-28.17636
1908613906.25,-28.16883
1908614062.5,-28.17363
1908614218.75,-28.17478
1908614375.0,-28.16796
1908614531.25,-28.1705
1908614687.5,-28.16401
1908614843.75,-28.16934
1908615000.0,-28.16573
1908615156.25,-28.16962
1908615312.5,-28.16579
1908615468.75,-28.16564
1908615625.0,-28.15848
1908615781.25,-28.15951
1908615937.5,-28.15926
1908616093.75,-28.15997
1908616250.0,-28.15955
1908616406.25,-28.15546
1908616562.5,-28.15907
1908616718.75,-28.15259
1908616875.0,-28.15019
1908617031.25,-28.15396
1908617187.5,-28.14742
1908617343.75,-28.15147
1908617500.0,-28.14861
1908617656.25,-28.15209
1908617812.5,-28.1512
1908617968.75,-28.14646
1908618125.0,-28.14972
1908618281.25,-28.14527
1908618437.5,-28.1438
1908618593.75,-28.14619
1908618750.0,-28.14519
1908618906.25,-28.14002
1908619062.5,-28.14079
1908619218.75,-28.14363
1908619375.0,-28.13708
1908619531.25,-28.13913
1908619687.5,-28.13875
1908619843.75,-28.13769
1908620000.0,-28.13606
1908620156.25,-28.13348
1908620312.5,-28.13291
1908620468.75,-28.13202
1908620625.0,-28.12929
1908620781.25,-28.13083
1908620937.5,-28.13191
1908621093.75,-28.12598
1908621250.0,-28.13212
1908621406.25,-28.1313
1908621562.5,-28.12681
1908621718.75,-28.12584
1908621875.0,-28.12769
1908622031.25,-28.1247
1908622187.5,-28.12041
1908622343.75,-28.11924
1908622500.0,-28.12015
1908622656.25,-28.12429
1908622812.5,-28.11792
1908622968.75,-28.11715
1908623125.0,-28.11461
1908623281.25,-28.11493
1908623437.5,-28.11566
1908623593.75,-28.11748
1908623750.0,-28.11523
1908623906.25,-28.11227
1908624062.5,-28.11269
1908624218.75,-28.11511
1908624375.0,-28.11027
1908624531.25,-28.10467
1908624687.5,-28.10853
1908624843.75,-28.10812
1908625000.0,-28.10462
1908625156.25,-28.1049
1908625312.5,-28.10503
1908625468.75,-28.10648
1908625625.0,-28.1043
1908625781.25,-28.10369
1908625937.5,-28.09836
1908626093.75,-28.09999
1908626250.0,-28.09649
1908626406.25,-28.09495
1908626562.5,-28.09986
1908626718.75,-28.09254
1908626875.0,-28.09393
1908627031.25,-28.09321
1908627187.5,-28.08857
1908627343.75,-28.09338
1908627500.0,-28.09217
1908627656.25,-28.09494
1908627812.5,-28.09059
1908627968.75,-28.08898
1908628125.0,-28.08743
1908628281.25,-28.08879
1908628437.5,-28.0847
1908628593.75,-28.08181
1908628750.0,-28.08061
1908628906.25,-28.0796
1908629062.5,-28.08322
1908629218.75,-28.08427
1908629375.0,-28.07801
1908629531.25,-28.07627
1908629687.5,-28.07827
1908629843.75,-28.0742
1908630000.0,-28.07937
1908630156.25,-28.07641
1908630312.5,-28.07505
1908630468.75,-28.06877
1908630625.0,-28.07211
1908630781.25,-28.06923
1908630937.5,-28.0676
1908631093.75,-28.06973
1908631250.0,-28.07049
1908631406.25,-28.06816
1908631562.5,-28.06826
1908631718.75,-28.06729
1908631875.0,-28.05948
1908632031.25,-28.06367
1908632187.5,-28.06303
1908632343.75,-28.06227
1908632500.0,-28.06388
1908632656.25,-28.05359
1908632812.5,-28.06184
1908632968.75,-28.06272
1908633125.0,-28.0562
1908633281.25,-28.05791
1908633437.5,-28.0574
1908633593.75,-28.05833
1908633750.0,-28.05586
1908633906.25,-28.05421
1908634062.5,-28.04941
1908634218.75,-28.05564
1908634375.0,-28.04876
1908634531.25,-28.04794
1908634687.5,-28.04734
1908634843.75,-28.04777
1908635000.0,-28.04464
1908635156.25,-28.04596
1908635312.5,-28.04506
1908635468.75,-28.03961
1908635625.0,-28.04304
1908635781.25,-28.04086
1908635937.5,-28.03572
1908636093.75,-28.0391
1908636250.0,-28.03991
1908636406.25,-28.03519
1908636562.5,-28.03662
1908636718.75,-28.03721
1908636875.0,-28.03314
1908637031.25,-28.03451
1908637187.5,-28.03182
1908637343.75,-28.02873
1908637500.0,-28.03009
1908637656.25,-28.03065
1908637812.5,-28.02904
1908637968.75,-28.02905
1908638125.0,-28.02462
1908638281.25,-28.02602
1908638437.5,-28.02015
1908638593.75,-28.02178
1908638750.0,-28.02064
1908638906.25,-28.02611
1908639062.5,-28.02094
1908639218.75,-28.01678
1908639375.0,-28.02293
1908639531.25,-28.01517
1908639687.5,-28.01642
1908639843.75,-28.01497
1908640000.0,-28.01239
1908640156.25,-28.01281
1908640312.5,-28.01251
1908640468.75,-28.01647
1908640625.0,-28.00576
1908640781.25,-28.01009
1908640937.5,-28.01132
1908641093.75,-28.00951
1908641250.0,-28.0068
1908641406.25,-28.00862
1908641562.5,-28.00355
1908641718.75,-28.00314
1908641875.0,-28.00557
1908642031.25,-28.00472
1908642187.5,-28.00184
1908642343.75,-28.00019
1908642500.0,-27.99741
1908642656.25,-27.99916
1908642812.5,-27.99564
1908642968.75,-27.99622
1908643125.0,-27.99566
1908643281.25,-27.99242
1908643437.5,-27.99118
1908643593.75,-27.99396
1908643750.0,-27.99005
1908643906.25,-27.98829
1908644062.5,-27.99223
1908644218.75,-27.9852
1908644375.0,-27.98423
1908644531.25,-27.98933
1908644687.5,-27.98478
1908644843.75,-27.98423
1908645000.0,-27.98877
1908645156.25,-27.98259
1908645312.5,-27.98186
1908645468.75,-27.97828
1908645625.0,-27.98052
1908645781.25,-27.97777
1908645937.5,-27.97828
1908646093.75,-27.97855
1908646250.0,-27.97615
1908646406.25,-27.97486
1908646562.5,-27.97733
1908646718.75,-27.97404
1908646875.0,-27.96945
1908647031.25,-27.97155
1908647187.5,-27.96801
1908647343.75,-27.97065
1908647500.0,-27.96898
1908647656.25,-27.96659
1908647812.5,-27.96419
1908647968.75,-27.96301
1908648125.0,-27.96707
1908648281.25,-27.96212
1908648437.5,-27.96074
1908648593.75,-27.96121
1908648750.0,-27.96148
1908648906.25,-27.96194
1908649062.5,-27.95894
1908649218.75,-27.9568
1908649375.0,-27.9582
1908649531.25,-27.9559
1908649687.5,-27.95728
1908649843.75,-27.94979
1908650000.0,-27.95449
1908650156.25,-27.95037
1908650312.5,-27.95494
1908650468.75,-27.94913
1908650625.0,-27.95008
1908650781.25,-27.95014
1908650937.5,-27.95016
1908651093.75,-27.94238
1908651250.0,-27.9446
1908651406.25,-27.94557
1908651562.5,-27.94528
1908651718.75,-27.94415
1908651875.0,-27.94154
1908652031.25,-27.941
1908652187.5,-27.93916
1908652343.75,-27.93658
1908652500.0,-27.94269
1908652656.25,-27.93661
1908652812.5,-27.93438
1908652968.75,-27.9357
1908653125.0,-27.9344
1908653281.25,-27.93568
1908653437.5,-27.93302
1908653593.75,-27.92996
1908653750.0,-27.93246
1908653906.25,-27.9285
1908654062.5,-27.92689
1908654218.75,-27.92823
1908654375.0,-27.92751
1908654531.25,-27.92419
1908654687.5,-27.92359
1908654843.75,-27.92725
1908655000.0,-27.92394
1908655156.25,-27.92147
1908655312.5,-27.92284
1908655468.75,-27.92362
1908655625.0,-27.91608
1908655781.25,-27.91601
1908655937.5,-27.91794
1908656093.75,-27.91437
1908656250.0,-27.91711
1908656406.25,-27.91281
1908656562.5,-27.91496
1908656718.75,-27.9123
1908656875.0,-27.90598
1908657031.25,-27.90742
1908657187.5,-27.90838
1908657343.75,-27.90497
1908657500.0,-27.90888
1908657656.25,-27.90253
1908657812.5,-27.90894
1908657968.75,-27.90118
1908658125.0,-27.90248
1908658281.25,-27.9024
1908658437.5,-27.89747
1908658593.75,-27.90013
1908658750.0,-27.90367
1908658906.25,-27.89515
1908659062.5,-27.90196
1908659218.75,-27.89458
1908659375.0,-27.8928
1908659531.25,-27.89618
1908659687.5,-27.89263
1908659843.75,-27.89184
1908660000.0,-27.89484
1908660156.25,-27.88805
1908660312.5,-27.88614
1908660468.75,-27.89003
1908660625.0,-27.88891
1908660781.25,-27.88787
1908660937.5,-27.8876
1908661093.75,-27.88764
1908661250.0,-27.88807
1908661406.25,-27.88335
1908661562.5,-27.87796
1908661718.75,-27.87264
1908661875.0,-27.88084
1908662031.25,-27.87767
1908662187.5,-27.87657
1908662343.75,-27.87754
1908662500.0,-27.87787
1908662656.25,-27.87411
1908662812.5,-27.87442
1908662968.75,-27.87379
1908663125.0,-27.87254
1908663281.25,-27.8737
1908663437.5,-27.8691
1908663593.75,-27.86907
1908663750.0,-27.86787
1908663906.25,-27.86508
1908664062.5,-27.8633
1908664218.75,-27.86416
1908664375.0,-27.86211
1908664531.25,-27.86584
1908664687.5,-27.8604
1908664843.75,-27.85803
1908665000.0,-27.86318
1908665156.25,-27.85808
1908665312.5,-27.86149
1908665468.75,-27.85596
1908665625.0,-27.85614
1908665781.25,-27.85607
1908665937.5,-27.85398
1908666093.75,-27.85428
1908666250.0,-27.85521
1908666406.25,-27.85038
1908666562.5,-27.84714
1908666718.75,-27.8477
1908666875.0,-27.84519
1908667031.25,-27.84417
1908667187.5,-27.8473
1908667343.75,-27.84345
1908667500.0,-27.83959
1908667656.25,-27.8417
1908667812.5,-27.83955
1908667968.75,-27.83858
1908668125.0,-27.8414
1908668281.25,-27.83777
1908668437.5,-27.84475
1908668593.75,-27.83658
1908668750.0,-27.83631
1908668906.25,-27.83255
1908669062.5,-27.83251
1908669218.75,-27.83069
1908669375.0,-27.83273
1908669531.25,-27.82872
1908669687.5,-27.83202
1908669843.75,-27.82744
1908670000.0,-27.82944
1908670156.25,-27.82609
1908670312.5,-27.82863
1908670468.75,-27.82562
1908670625.0,-27.8212
1908670781.25,-27.82428
1908670937.5,-27.81954
1908671093.75,-27.8229
1908671250.0,-27.82281
1908671406.25,-27.81584
1908671562.5,-27.81799
1908671718.75,-27.81549
1908671875.0,-27.81864
1908672031.25,-27.81494
1908672187.5,-27.81758
1908672343.75,-27.81346
1908672500.0,-27.81149
1908672656.25,-27.81077
1908672812.5,-27.81078
1908672968.75,-27.80859
1908673125.0,-27.81096
1908673281.25,-27.80547
1908673437.5,-27.80477
1908673593.75,-27.80656
1908673750.0,-27.80533
1908673906.25,-27.80467
1908674062.5,-27.80042
1908674218.75,-27.80003
1908674375.0,-27.80065
1908674531.25,-27.80312
1908674687.5,-27.80235
1908674843.75,-27.79699
1908675000.0,-27.79707
1908675156.25,-27.79674
1908675312.5,-27.7968
1908675468.75,-27.79199
1908675625.0,-27.79409
1908675781.25,-27.79619
1908675937.5,-27.79099
1908676093.75,-27.795
1908676250.0,-27.7897
1908676406.25,-27.78677
1908676562.5,-27.78613
1908676718.75,-27.78683
1908676875.0,-27.78438
1908677031.25,-27.78515
1908677187.5,-27.7821
1908677343.75,-27.78343
1908677500.0,-27.78098
1908677656.25,-27.78375
1908677812.5,-27.78323
1908677968.75,-27.7843
1908678125.0,-27.7772
1908678281.25,-27.77509
1908678437.5,-27.77673
1908678593.75,-27.76959
1908678750.0,-27.77538
1908678906.25,-27.77313
1908679062.5,-27.77162
1908679218.75,-27.77069
1908679375.0,-27.76774
1908679531.25,-27.76765
1908679687.5,-27.76329
1908679843.75,-27.7627
1908680000.0,-27.76827
1908680156.25,-27.76518
1908680312.5,-27.76759
1908680468.75,-27.76113
1908680625.0,-27.76253
1908680781.25,-27.76361
1908680937.5,-27.75666
1908681093.75,-27.76247
1908681250.0,-27.75932
1908681406.25,-27.75676
1908681562.5,-27.7573
1908681718.75,-27.75558
1908681875.0,-27.75439
1908682031.25,-27.75585
1908682187.5,-27.75285
1908682343.75,-27.75014
1908682500.0,-27.74907
1908682656.25,-27.75009
1908682812.5,-27.74986
1908682968.75,-27.7497
1908683125.0,-27.74396
1908683281.25,-27.74582
1908683437.5,-27.74804
1908683593.75,-27.74412
1908683750.0,-27.74385
1908683906.25,-27.74327
1908684062.5,-27.74152
1908684218.75,-27.73653
1908684375.0,-27.7393
1908684531.25,-27.73463
1908684687.5,-27.72793
1908684843.75,-27.73552
1908685000.0,-27.73202
1908685156.25,-27.73008
1908685312.5,-27.73385
1908685468.75,-27.73414
1908685625.0,-27.72968
1908685781.25,-27.72987
1908685937.5,-27.73147
1908686093.75,-27.71987
1908686250.0,-27.72507
1908686406.25,-27.72581
1908686562.5,-27.72652
1908686718.75,-27.72501
1908686875.0,-27.72339
1908687031.25,-27.72107
1908687187.5,-27.71873
1908687343.75,-27.7196
1908687500.0,-27.71652
1908687656.25,-27.72092
1908687812.5,-27.71585
1908687968.75,-27.71204
1908688125.0,-27.71309
1908688281.25,-27.71609
1908688437.5,-27.7128
1908688593.75,-27.71417
1908688750.0,-27.71237
1908688906.25,-27.70722
1908689062.5,-27.71063
1908689218.75,-27.70668
1908689375.0,-27.70527
1908689531.25,-27.7049
1908689687.5,-27.70621
1908689843.75,-27.70579
1908690000.0,-27.70522
1908690156.25,-27.7049
1908690312.5,-27.70231
1908690468.75,-27.70286
1908690625.0,-27.69715
1908690781.25,-27.70046
1908690937.5,-27.69618
1908691093.75,-27.69437
1908691250.0,-27.69477
1908691406.25,-27.69048
1908691562.5,-27.69285
1908691718.75,-27.69159
1908691875.0,-27.69141
1908692031.25,-27.68715
1908692187.5,-27.69084
1908692343.75,-27.68695
1908692500.0,-27.69165
1908692656.25,-27.68383
1908692812.5,-27.68375
1908692968.75,-27.68719
1908693125.0,-27.68307
1908693281.25,-27.6829
1908693437.5,-27.67832
1908693593.75,-27.68007
1908693750.0,-27.6812
1908693906.25,-27.67767
1908694062.5,-27.67934
1908694218.75,-27.67481
1908694375.0,-27.6765
1908694531.25,-27.67562
1908694687.5,-27.67299
1908694843.75,-27.66806
1908695000.0,-27.67503
1908695156.25,-27.6716
1908695312.5,-27.66958
1908695468.75,-27.66698
1908695625.0,-27.66793
1908695781.25,-27.6658
1908695937.5,-27.66742
1908696093.75,-27.66464
1908696250.0,-27.66536
1908696406.25,-27.66231
1908696562.5,-27.65763
1908696718.75,-27.66041
1908696875.0,-27.6592
1908697031.25,-27.6605
1908697187.5,-27.65546
1908697343.75,-27.65594
1908697500.0,-27.65707
1908697656.25,-27.65201
1908697812.5,-27.65741
1908697968.75,-27.64893
1908698125.0,-27.65147
1908698281.25,-27.65195
1908698437.5,-27.64901
1908698593.75,-27.64908
1908698750.0,-27.64737
1908698906.25,-27.64494
1908699062.5,-27.64849
1908699218.75,-27.64464
1908699375.0,-27.643
1908699531.25,-27.64314
1908699687.5,-27.63643
1908699843.75,-27.64129
1908700000.0,-27.64387
1908700156.25,-27.63682
1908700312.5,-27.63292
1908700468.75,-27.63533
1908700625.0,-27.63377
1908700781.25,-27.62976
1908700937.5,-27.63714
1908701093.75,-27.63137
1908701250.0,-27.63099
1908701406.25,-27.63029
1908701562.5,-27.63089
1908701718.75,-27.62343
1908701875.0,-27.62787
1908702031.25,-27.62687
1908702187.5,-27.62572
1908702343.75,-27.62185
1908702500.0,-27.62229
1908702656.25,-27.62045
1908702812.5,-27.62433
1908702968.75,-27.61863
1908703125.0,-27.61919
1908703281.25,-27.61867
1908703437.5,-27.61769
1908703593.75,-27.61576
1908703750.0,-27.61722
1908703906.25,-27.61137
1908704062.5,-27.61172
1908704218.75,-27.61403
1908704375.0,-27.61083
1908704531.25,-27.61065
1908704687.5,-27.61191
1908704843.75,-27.60737
1908705000.0,-27.60511
1908705156.25,-27.60544
1908705312.5,-27.60733
1908705468.75,-27.60366
1908705625.0,-27.60128
1908705781.25,-27.60419
1908705937.5,-27.60142
1908706093.75,-27.60144
1908706250.0,-27.5982
1908706406.25,-27.59876
1908706562.5,-27.59539
1908706718.75,-27.59901
1908706875.0,-27.59709
1908707031.25,-27.59694
1908707187.5,-27.59129
1908707343.75,-27.5924
1908707500.0,-27.59465
1908707656.25,-27.58862
1908707812.5,-27.58579
1908707968.75,-27.58512
1908708125.0,-27.58895
1908708281.25,-27.58771
1908708437.5,-27.58755
1908708593.75,-27.58188
1908708750.0,-27.581
1908708906.25,-27.5806
1908709062.5,-27.58196
1908709218.75,-27.57732
1908709375.0,-27.57539
1908709531.25,-27.57921
1908709687.5,-27.57563
1908709843.75,-27.57676
1908710000.0,-27.57314
1908710156.25,-27.57541
1908710312.5,-27.57548
1908710468.75,-27.5689
1908710625.0,-27.56721
1908710781.25,-27.56905
1908710937.5,-27.56838
1908711093.75,-27.56847
1908711250.0,-27.56501
1908711406.25,-27.56529
1908711562.5,-27.56487
1908711718.75,-27.56447
1908711875.0,-27.5638
1908712031.25,-27.56042
1908712187.5,-27.56321
1908712343.75,-27.55825
1908712500.0,-27.5629
1908712656.25,-27.55729
1908712812.5,-27.55313
1908712968.75,-27.55752
1908713125.0,-27.55543
1908713281.25,-27.55353
1908713437.5,-27.55165
1908713593.75,-27.55284
1908713750.0,-27.54971
1908713906.25,-27.55267
1908714062.5,-27.55245
1908714218.75,-27.54712
1908714375.0,-27.54571
1908714531.25,-27.54891
1908714687.5,-27.54396
1908714843.75,-27.5442
1908715000.0,-27.54381
1908715156.25,-27.54121
1908715312.5,-27.54218
1908715468.75,-27.53758
1908715625.0,-27.539
1908715781.25,-27.53848
1908715937.5,-27.53891
1908716093.75,-27.53378
1908716250.0,-27.53569
1908716406.25,-27.5368
1908716562.5,-27.53335
1908716718.75,-27.53364
1908716875.0,-27.52725
1908717031.25,-27.52725
1908717187.5,-27.53158
1908717343.75,-27.52493
1908717500.0,-27.52581
1908717656.25,-27.52709
1908717812.5,-27.52327
1908717968.75,-27.52337
1908718125.0,-27.52057
1908718281.25,-27.52123
1908718437.5,-27.52557
1908718593.75,-27.52098
1908718750.0,-27.52042
1908718906.25,-27.51413
1908719062.5,-27.51587
1908719218.75,-27.51414
1908719375.0,-27.51545
1908719531.25,-27.51162
1908719687.5,-27.51215
1908719843.75,-27.51034
1908720000.0,-27.51158
1908720156.25,-27.50985
1908720312.5,-27.51003
1908720468.75,-27.50871
1908720625.0,-27.50413
1908720781.25,-27.50822
1908720937.5,-27.50127
1908721093.75,-27.50426
1908721250.0,-27.50027
1908721406.25,-27.50217
1908721562.5,-27.49933
1908721718.75,-27.50017
1908721875.0,-27.49655
1908722031.25,-27.50333
1908722187.5,-27.49424
1908722343.75,-27.49482
1908722500.0,-27.49518
1908722656.25,-27.49207
1908722812.5,-27.49419
1908722968.75,-27.49001
1908723125.0,-27.49074
1908723281.25,-27.48944
1908723437.5,-27.48831
1908723593.75,-27.48906
1908723750.0,-27.48807
1908723906.25,-27.48257
1908724062.5,-27.48443
1908724218.75,-27.48173
1908724375.0,-27.48398
1908724531.25,-27.48031
1908724687.5,-27.4824
1908724843.75,-27.48
1908725000.0,-27.47933
1908725156.25,-27.47621
1908725312.5,-27.47455
1908725468.75,-27.47264
1908725625.0,-27.47445
1908725781.25,-27.47531
1908725937.5,-27.47235
1908726093.75,-27.47448
1908726250.0,-27.46847
1908726406.25,-27.46895
1908726562.5,-27.46609
1908726718.75,-27.46535
1908726875.0,-27.46071
1908727031.25,-27.46757
1908727187.5,-27.46438
1908727343.75,-27.461
1908727500.0,-27.46097
1908727656.25,-27.46263
1908727812.5,-27.45964
1908727968.75,-27.45956
1908728125.0,-27.45538
1908728281.25,-27.45791
1908728437.5,-27.45874
1908728593.75,-27.45205
1908728750.0,-27.45248
1908728906.25,-27.45421
1908729062.5,-27.45096
1908729218.75,-27.44688
1908729375.0,-27.45434
1908729531.25,-27.44912
1908729687.5,-27.44808
1908729843.75,-27.44898
1908730000.0,-27.44587
1908730156.25,-27.44254
1908730312.5,-27.44237
1908730468.75,-27.44245
1908730625.0,-27.43866
1908730781.25,-27.4394
1908730937.5,-27.44022
1908731093.75,-27.43827
1908731250.0,-27.43559
1908731406.25,-27.43328
1908731562.5,-27.4344
1908731718.75,-27.43253
1908731875.0,-27.43094
1908732031.25,-27.4326
1908732187.5,-27.42788
1908732343.75,-27.42914
1908732500.0,-27.43068
1908732656.25,-27.42763
1908732812.5,-27.4273
1908732968.75,-27.42336
1908733125.0,-27.42339
1908733281.25,-27.41849
1908733437.5,-27.4223
1908733593.75,-27.42106
1908733750.0,-27.42298
1908733906.25,-27.41582
1908734062.5,-27.41882
1908734218.75,-27.41707
1908734375.0,-27.41489
1908734531.25,-27.41547
1908734687.5,-27.41658
1908734843.75,-27.41439
1908735000.0,-27.40965
1908735156.25,-27.4129
1908735312.5,-27.40989
1908735468.75,-27.40719
1908735625.0,-27.41016
1908735781.25,-27.40816
1908735937.5,-27.41157
1908736093.75,-27.40258
1908736250.0,-27.40463
1908736406.25,-27.40605
1908736562.5,-27.40615
1908736718.75,-27.39972
1908736875.0,-27.40005
1908737031.25,-27.40315
1908737187.5,-27.39981
1908737343.75,-27.39996
1908737500.0,-27.39296
1908737656.25,-27.39526
1908737812.5,-27.3938
1908737968.75,-27.39286
1908738125.0,-27.39135
1908738281.25,-27.39281
1908738437.5,-27.38976
1908738593.75,-27.38692
1908738750.0,-27.38765
1908738906.25,-27.38749
1908739062.5,-27.3862
1908739218.75,-27.38347
1908739375.0,-27.38236
1908739531.25,-27.38575
1908739687.5,-27.38246
1908739843.75,-27.3832
1908740000.0,-27.38063
1908740156.25,-27.38148
1908740312.5,-27.3779
1908740468.75,-27.37284
1908740625.0,-27.37439
1908740781.25,-27.37212
1908740937.5,-27.37166
1908741093.75,-27.37162
1908741250.0,-27.36731
1908741406.25,-27.37255
1908741562.5,-27.37289
1908741718.75,-27.36816
1908741875.0,-27.36268
1908742031.25,-27.36743
1908742187.5,-27.36461
1908742343.75,-27.36569
1908742500.0,-27.36294
1908742656.25,-27.36498
1908742812.5,-27.36156
1908742968.75,-27.3621
1908743125.0,-27.36088
1908743281.25,-27.35804
1908743437.5,-27.35628
1908743593.75,-27.35677
1908743750.0,-27.35153
1908743906.25,-27.35287
1908744062.5,-27.35532
1908744218.75,-27.35074
1908744375.0,-27.35132
1908744531.25,-27.34878
1908744687.5,-27.34483
1908744843.75,-27.34916
1908745000.0,-27.34469
1908745156.25,-27.34651
1908745312.5,-27.3395
1908745468.75,-27.34361
1908745625.0,-27.34266
1908745781.25,-27.33971
1908745937.5,-27.34078
1908746093.75,-27.33907
1908746250.0,-27.33692
1908746406.25,-27.33794
1908746562.5,-27.33519
1908746718.75,-27.33816
1908746875.0,-27.33143
1908747031.25,-27.33025
1908747187.5,-27.32966
1908747343.75,-27.33105
1908747500.0,-27.33026
1908747656.25,-27.32757
1908747812.5,-27.32617
1908747968.75,-27.32812
1908748125.0,-27.32655
1908748281.25,-27.32257
1908748437.5,-27.32536
1908748593.75,-27.32182
1908748750.0,-27.32202
1908748906.25,-27.31902
1908749062.5,-27.32357
1908749218.75,-27.31825
1908749375.0,-27.3178
1908749531.25,-27.31668
1908749687.5,-27.31693
1908749843.75,-27.31608
1908750000.0,-27.31303
1908750156.25,-27.30992
1908750312.5,-27.31375
1908750468.75,-27.30995
1908750625.0,-27.3072
1908750781.25,-27.31085
1908750937.5,-27.31017
1908751093.75,-27.30753
1908751250.0,-27.30658
1908751406.25,-27.3039
1908751562.5,-27.30472
1908751718.75,-27.30196
1908751875.0,-27.30258
1908752031.25,-27.30079
1908752187.5,-27.30181
1908752343.75,-27.29777
1908752500.0,-27.29332
1908752656.25,-27.29473
1908752812.5,-27.29465
1908752968.75,-27.29236
1908753125.0,-27.29305
1908753281.25,-27.29113
1908753437.5,-27.29352
1908753593.75,-27.29144
1908753750.0,-27.28715
1908753906.25,-27.28548
1908754062.5,-27.28742
1908754218.75,-27.28361
1908754375.0,-27.28209
1908754531.25,-27.28445
1908754687.5,-27.28037
1908754843.75,-27.2792
1908755000.0,-27.28278
1908755156.25,-27.27894
1908755312.5,-27.27937
1908755468.75,-27.27481
1908755625.0,-27.27518
1908755781.25,-27.27627
1908755937.5,-27.27101
1908756093.75,-27.27227
1908756250.0,-27.27139
1908756406.25,-27.27124
1908756562.5,-27.26972
1908756718.75,-27.26922
1908756875.0,-27.26424
1908757031.25,-27.26373
1908757187.5,-27.26498
1908757343.75,-27.26457
1908757500.0,-27.26261
1908757656.25,-27.26258
1908757812.5,-27.25805
1908757968.75,-27.26106
1908758125.0,-27.26009
1908758281.25,-27.25692
1908758437.5,-27.26005
1908758593.75,-27.25747
1908758750.0,-27.25538
1908758906.25,-27.25302
1908759062.5,-27.25349
1908759218.75,-27.25704
1908759375.0,-27.25087
1908759531.25,-27.25278
1908759687.5,-27.24713
1908759843.75,-27.24628
1908760000.0,-27.2463
1908760156.25,-27.24755
1908760312.5,-27.24244
1908760468.75,-27.24406
1908760625.0,-27.23989
1908760781.25,-27.24465
1908760937.5,-27.23954
1908761093.75,-27.23849
1908761250.0,-27.23584
1908761406.25,-27.23466
1908761562.5,-27.23613
1908761718.75,-27.23887
1908761875.0,-27.23161
1908762031.25,-27.23277
1908762187.5,-27.2317
1908762343.75,-27.23059
1908762500.0,-27.22667
1908762656.25,-27.22571
1908762812.5,-27.22947
1908762968.75,-27.22817
1908763125.0,-27.22632
1908763281.25,-27.22269
1908763437.5,-27.22239
1908763593.75,-27.2218
1908763750.0,-27.22219
1908763906.25,-27.21853
1908764062.5,-27.2188
1908764218.75,-27.21857
1908764375.0,-27.21761
1908764531.25,-27.22129
1908764687.5,-27.21527
1908764843.75,-27.21539
1908765000.0,-27.21214
1908765156.25,-27.21348
1908765312.5,-27.20872
1908765468.75,-27.20809
1908765625.0,-27.20927
1908765781.25,-27.20738
1908765937.5,-27.20695
1908766093.75,-27.20231
1908766250.0,-27.20371
1908766406.25,-27.2029
1908766562.5,-27.20311
1908766718.75,-27.2009
1908766875.0,-27.2013
1908767031.25,-27.19917
1908767187.5,-27.20024
1908767343.75,-27.19783
1908767500.0,-27.19689
1908767656.25,-27.19325
1908767812.5,-27.1977
1908767968.75,-27.19127
1908768125.0,-27.19275
1908768281.25,-27.18706
1908768437.5,-27.19183
1908768593.75,-27.19226
1908768750.0,-27.18841
1908768906.25,-27.18649
1908769062.5,-27.18468
1908769218.75,-27.18168
1908769375.0,-27.18194
1908769531.25,-27.18236
1908769687.5,-27.1815
1908769843.75,-27.18082
1908770000.0,-27.18065
1908770156.25,-27.17589
1908770312.5,-27.17631
1908770468.75,-27.17681
1908770625.0,-27.17488
1908770781.25,-27.17656
1908770937.5,-27.17679
1908771093.75,-27.17272
1908771250.0,-27.17402
1908771406.25,-27.17209
1908771562.5,-27.16983
1908771718.75,-27.16592
1908771875.0,-27.16832
1908772031.25,-27.16304
1908772187.5,-27.16379
1908772343.75,-27.16275
1908772500.0,-27.16565
1908772656.25,-27.15842
1908772812.5,-27.15831
1908772968.75,-27.16031
1908773125.0,-27.15715
1908773281.25,-27.15968
1908773437.5,-27.15392
1908773593.75,-27.15458
1908773750.0,-27.15224
1908773906.25,-27.15467
1908774062.5,-27.15481
1908774218.75,-27.15013
1908774375.0,-27.14691
1908774531.25,-27.14941
1908774687.5,-27.14551
1908774843.75,-27.15084
1908775000.0,-27.14375
1908775156.25,-27.14793
1908775312.5,-27.14286
1908775468.75,-27.1416
1908775625.0,-27.14084
1908775781.25,-27.14127
1908775937.5,-27.14101
1908776093.75,-27.13562
1908776250.0,-27.13582
1908776406.25,-27.13718
1908776562.5,-27.13292
1908776718.75,-27.13225
1908776875.0,-27.13246
1908777031.25,-27.1325
1908777187.5,-27.12711
1908777343.75,-27.13147
1908777500.0,-27.12872
1908777656.25,-27.12593
1908777812.5,-27.12606
1908777968.75,-27.12561
1908778125.0,-27.1277
1908778281.25,-27.12611
1908778437.5,-27.11864
1908778593.75,-27.12319
1908778750.0,-27.11837
1908778906.25,-27.11992
1908779062.5,-27.11966
1908779218.75,-27.11706
1908779375.0,-27.11731
1908779531.25,-27.11609
1908779687.5,-27.1148
1908779843.75,-27.11452
1908780000.0,-27.11456
1908780156.25,-27.11091
1908780312.5,-27.10874
1908780468.75,-27.11392
1908780625.0,-27.10803
1908780781.25,-27.10749
1908780937.5,-27.10691
1908781093.75,-27.10254
1908781250.0,-27.10592
1908781406.25,-27.10316
1908781562.5,-27.10109
1908781718.75,-27.10128
1908781875.0,-27.10043
1908782031.25,-27.09792
1908782187.5,-27.09785
1908782343.75,-27.09812
1908782500.0,-27.09599
1908782656.25,-27.09552
1908782812.5,-27.09668
1908782968.75,-27.09513
1908783125.0,-27.08917
1908783281.25,-27.09081
1908783437.5,-27.08759
1908783593.75,-27.08687
1908783750.0,-27.08982
1908783906.25,-27.08326
1908784062.5,-27.08628
1908784218.75,-27.08302
1908784375.0,-27.08313
1908784531.25,-27.07863
1908784687.5,-27.08039
1908784843.75,-27.07835
1908785000.0,-27.07893
1908785156.25,-27.07724
1908785312.5,-27.07843
1908785468.75,-27.07384
1908785625.0,-27.07461
1908785781.25,-27.06971
1908785937.5,-27.06912
1908786093.75,-27.06948
1908786250.0,-27.06854
1908786406.25,-27.07054
1908786562.5,-27.06783
1908786718.75,-27.0687
1908786875.0,-27.06426
1908787031.25,-27.06377
1908787187.5,-27.06569
1908787343.75,-27.06084
1908787500.0,-27.05825
1908787656.25,-27.0601
1908787812.5,-27.05679
1908787968.75,-27.06018
1908788125.0,-27.05862
1908788281.25,-27.05442
1908788437.5,-27.05623
1908788593.75,-27.05091
1908788750.0,-27.05368
1908788906.25,-27.05207
1908789062.5,-27.05087
1908789218.75,-27.04559
1908789375.0,-27.04611
1908789531.25,-27.04271
1908789687.5,-27.04756
1908789843.75,-27.04675
1908790000.0,-27.04295
1908790156.25,-27.04125
1908790312.5,-27.03882
1908790468.75,-27.0398
1908790625.0,-27.04096
1908790781.25,-27.03836
1908790937.5,-27.03534
1908791093.75,-27.03671
1908791250.0,-27.03207
1908791406.25,-27.03461
1908791562.5,-27.03417
1908791718.75,-27.03339
1908791875.0,-27.03296
1908792031.25,-27.02654
1908792187.5,-27.03241
1908792343.75,-27.02796
1908792500.0,-27.02858
1908792656.25,-27.02552
1908792812.5,-27.02439
1908792968.75,-27.02414
1908793125.0,-27.01813
1908793281.25,-27.02129
1908793437.5,-27.01728
1908793593.75,-27.01985
1908793750.0,-27.01785
1908793906.25,-27.01645
1908794062.5,-27.01554
1908794218.75,-27.01457
1908794375.0,-27.0146
1908794531.25,-27.00995
1908794687.5,-27.01269
1908794843.75,-27.01257
1908795000.0,-27.01
1908795156.25,-27.00824
1908795312.5,-27.0075
1908795468.75,-27.00915
1908795625.0,-27.00888
1908795781.25,-27.00421
1908795937.5,-27.00016
1908796093.75,-27.00125
1908796250.0,-27.0025
1908796406.25,-26.99962
1908796562.5,-26.99463
1908796718.75,-26.99671
1908796875.0,-26.9986
1908797031.25,-26.99591
1908797187.5,-26.99497
1908797343.75,-26.99124
1908797500.0,-26.99106
1908797656.25,-26.99144
1908797812.5,-26.994
1908797968.75,-26.98912
1908798125.0,-26.98409
1908798281.25,-26.99107
1908798437.5,-26.98516
1908798593.75,-26.98484
1908798750.0,-26.98356
1908798906.25,-26.98196
1908799062.5,-26.97799
1908799218.75,-26.98119
1908799375.0,-26.97977
1908799531.25,-26.98055
1908799687.5,-26.97774
1908799843.75,-26.9781
1908800000.0,-26.97618
1908800156.25,-26.97217
1908800312.5,-26.97308
1908800468.75,-26.97183
1908800625.0,-26.97004
1908800781.25,-26.97184
1908800937.5,-26.96774
1908801093.75,-26.96764
1908801250.0,-26.96571
1908801406.25,-26.96673
1908801562.5,-26.96452
1908801718.75,-26.96457
1908801875.0,-26.96254
1908802031.25,-26.96256
1908802187.5,-26.95939
1908802343.75,-26.95924
1908802500.0,-26.95503
1908802656.25,-26.95887
1908802812.5,-26.95474
1908802968.75,-26.95522
1908803125.0,-26.95381
1908803281.25,-26.94993
1908803437.5,-26.94771
1908803593.75,-26.95014
1908803750.0,-26.9517
1908803906.25,-26.94659
1908804062.5,-26.94357
1908804218.75,-26.94515
1908804375.0,-26.94183
1908804531.25,-26.94514
1908804687.5,-26.94701
1908804843.75,-26.94233
1908805000.0,-26.94052
1908805156.25,-26.93901
1908805312.5,-26.94003
1908805468.75,-26.9364
1908805625.0,-26.93639
1908805781.25,-26.93589
1908805937.5,-26.93251
1908806093.75,-26.93462
1908806250.0,-26.93248
1908806406.25,-26.928
1908806562.5,-26.92896
1908806718.75,-26.92678
1908806875.0,-26.92906
1908807031.25,-26.92526
1908807187.5,-26.92435
1908807343.75,-26.92553
1908807500.0,-26.92273
1908807656.25,-26.92393
1908807812.5,-26.92085
1908807968.75,-26.92274
1908808125.0,-26.91783
1908808281.25,-26.91939
1908808437.5,-26.91777
1908808593.75,-26.91831
1908808750.0,-26.91197
1908808906.25,-26.91455
1908809062.5,-26.91438
1908809218.75,-26.91252
1908809375.0,-26.91298
1908809531.25,-26.91114
1908809687.5,-26.90656
1908809843.75,-26.91001
1908810000.0,-26.9053
1908810156.25,-26.90391
1908810312.5,-26.90313
1908810468.75,-26.90531
1908810625.0,-26.90093
1908810781.25,-26.90143
1908810937.5,-26.89491
1908811093.75,-26.9013
1908811250.0,-26.89455
1908811406.25,-26.89692
1908811562.5,-26.89291
1908811718.75,-26.89134
1908811875.0,-26.8937
1908812031.25,-26.89312
1908812187.5,-26.89145
1908812343.75,-26.88902
1908812500.0,-26.8881
1908812656.25,-26.88817
1908812812.5,-26.88369
1908812968.75,-26.88272
1908813125.0,-26.88337
1908813281.25,-26.88411
1908813437.5,-26.88272
1908813593.75,-26.8813
1908813750.0,-26.87893
1908813906.25,-26.8778
1908814062.5,-26.87766
1908814218.75,-26.87631
1908814375.0,-26.87468
1908814531.25,-26.87384
1908814687.5,-26.87365
1908814843.75,-26.87155
1908815000.0,-26.86977
1908815156.25,-26.86797
1908815312.5,-26.87016
1908815468.75,-26.86868
1908815625.0,-26.86497
1908815781.25,-26.86504
1908815937.5,-26.86228
1908816093.75,-26.86551
1908816250.0,-26.86581
1908816406.25,-26.85851
1908816562.5,-26.85888
1908816718.75,-26.85839
1908816875.0,-26.85601
1908817031.25,-26.85586
1908817187.5,-26.85324
1908817343.75,-26.85314
1908817500.0,-26.8573
1908817656.25,-26.85662
1908817812.5,-26.84963
1908817968.75,-26.85246
1908818125.0,-26.85115
1908818281.25,-26.84795
1908818437.5,-26.84789
1908818593.75,-26.84921
1908818750.0,-26.84591
1908818906.25,-26.84586
1908819062.5,-26.84213
1908819218.75,-26.8415
1908819375.0,-26.84354
1908819531.25,-26.83813
1908819687.5,-26.8395
1908819843.75,-26.83873
1908820000.0,-26.83696
1908820156.25,-26.83414
1908820312.5,-26.83381
1908820468.75,-26.83232
1908820625.0,-26.83056
1908820781.25,-26.82739
1908820937.5,-26.82742
1908821093.75,-26.82932
1908821250.0,-26.82622
1908821406.25,-26.82602
1908821562.5,-26.82525
1908821718.75,-26.82585
1908821875.0,-26.82348
1908822031.25,-26.82704
1908822187.5,-26.81948
1908822343.75,-26.81868
1908822500.0,-26.81936
1908822656.25,-26.81949
1908822812.5,-26.81606
1908822968.75,-26.81744
1908823125.0,-26.81429
1908823281.25,-26.8102
1908823437.5,-26.81385
1908823593.75,-26.81093
1908823750.0,-26.81115
1908823906.25,-26.80912
1908824062.5,-26.80861
1908824218.75,-26.80864
1908824375.0,-26.80383
1908824531.25,-26.80746
1908824687.5,-26.80338
1908824843.75,-26.80291
1908825000.0,-26.79926
1908825156.25,-26.80106
1908825312.5,-26.7963
1908825468.75,-26.79667
1908825625.0,-26.79745
1908825781.25,-26.79673
1908825937.5,-26.79259
1908826093.75,-26.78738
1908826250.0,-26.79127
1908826406.25,-26.79214
1908826562.5,-26.78984
1908826718.75,-26.78918
1908826875.0,-26.78777
1908827031.25,-26.78679
1908827187.5,-26.78478
1908827343.75,-26.78421
1908827500.0,-26.78391
1908827656.25,-26.78263
1908827812.5,-26.77831
1908827968.75,-26.78059
1908828125.0,-26.77753
1908828281.25,-26.7776
1908828437.5,-26.78007
1908828593.75,-26.77641
1908828750.0,-26.7735
1908828906.25,-26.77446
1908829062.5,-26.77209
1908829218.75,-26.76963
1908829375.0,-26.7731
1908829531.25,-26.76956
1908829687.5,-26.76954
1908829843.75,-26.77091
1908830000.0,-26.76409
1908830156.25,-26.76394
1908830312.5,-26.76588
1908830468.75,-26.76209
1908830625.0,-26.76453
1908830781.25,-26.76309
1908830937.5,-26.76083
1908831093.75,-26.75842
1908831250.0,-26.75999
1908831406.25,-26.75865
1908831562.5,-26.7531
1908831718.75,-26.75183
1908831875.0,-26.75174
1908832031.25,-26.7484
1908832187.5,-26.74892
1908832343.75,-26.74852
1908832500.0,-26.74915
1908832656.25,-26.74806
1908832812.5,-26.74887
1908832968.75,-26.74261
1908833125.0,-26.74118
1908833281.25,-26.74213
1908833437.5,-26.74051
1908833593.75,-26.73808
1908833750.0,-26.73759
1908833906.25,-26.73845
1908834062.5,-26.73663
1908834218.75,-26.7344
1908834375.0,-26.73596
1908834531.25,-26.73375
1908834687.5,-26.7353
1908834843.75,-26.73026
1908835000.0,-26.73124
1908835156.25,-26.72854
1908835312.5,-26.72924
1908835468.75,-26.72746
1908835625.0,-26.72392
1908835781.25,-26.72342
1908835937.5,-26.72275
1908836093.75,-26.72021
1908836250.0,-26.72286
1908836406.25,-26.71811
1908836562.5,-26.72078
1908836718.75,-26.719
1908836875.0,-26.71696
1908837031.25,-26.71484
1908837187.5,-26.71479
1908837343.75,-26.71327
1908837500.0,-26.71275
1908837656.25,-26.71287
1908837812.5,-26.71176
1908837968.75,-26.70997
1908838125.0,-26.70861
1908838281.25,-26.70694
1908838437.5,-26.70703
1908838593.75,-26.709
1908838750.0,-26.70519
1908838906.25,-26.70257
1908839062.5,-26.69729
1908839218.75,-26.70144
1908839375.0,-26.69737
1908839531.25,-26.70106
1908839687.5,-26.69859
1908839843.75,-26.69375
1908840000.0,-26.69516
1908840156.25,-26.69213
1908840312.5,-26.69302
1908840468.75,-26.69292
1908840625.0,-26.69111
1908840781.25,-26.68992
1908840937.5,-26.68679
1908841093.75,-26.68906
1908841250.0,-26.69015
1908841406.25,-26.68563
1908841562.5,-26.68198
1908841718.75,-26.68197
1908841875.0,-26.68104
1908842031.25,-26.67999
1908842187.5,-26.67657
1908842343.75,-26.67665
1908842500.0,-26.67472
1908842656.25,-26.6736
1908842812.5,-26.67228
1908842968.75,-26.67362
1908843125.0,-26.67315
1908843281.25,-26.67298
1908843437.5,-26.67266
1908843593.75,-26.67082
1908843750.0,-26.66607
1908843906.25,-26.66593
1908844062.5,-26.66501
1908844218.75,-26.66543
1908844375.0,-26.66376
1908844531.25,-26.66479
1908844687.5,-26.66377
1908844843.75,-26.6602
1908845000.0,-26.6589
1908845156.25,-26.65921
1908845312.5,-26.65702
1908845468.75,-26.65739
1908845625.0,-26.65816
1908845781.25,-26.65448
1908845937.5,-26.65252
1908846093.75,-26.65374
1908846250.0,-26.64708
1908846406.25,-26.64679
1908846562.5,-26.64404
1908846718.75,-26.64441
1908846875.0,-26.64832
1908847031.25,-26.64406
1908847187.5,-26.64034
1908847343.75,-26.64667
1908847500.0,-26.64012
1908847656.25,-26.63917
1908847812.5,-26.64322
1908847968.75,-26.63741
1908848125.0,-26.64002
1908848281.25,-26.63757
1908848437.5,-26.63284
1908848593.75,-26.63233
1908848750.0,-26.6322
1908848906.25,-26.63168
1908849062.5,-26.63173
1908849218.75,-26.62835
1908849375.0,-26.627
1908849531.25,-26.62959
1908849687.5,-26.6239
1908849843.75,-26.62918
1908850000.0,-26.62233
1908850156.25,-26.6224
1908850312.5,-26.62102
1908850468.75,-26.62086
1908850625.0,-26.62153
1908850781.25,-26.61644
1908850937.5,-26.61374
1908851093.75,-26.61445
1908851250.0,-26.61482
1908851406.25,-26.61657
1908851562.5,-26.6114
1908851718.75,-26.61121
1908851875.0,-26.60913
1908852031.25,-26.60623
1908852187.5,-26.60852
1908852343.75,-26.60928
1908852500.0,-26.60522
1908852656.25,-26.60318
1908852812.5,-26.60316
1908852968.75,-26.60167
1908853125.0,-26.59953
1908853281.25,-26.59676
1908853437.5,-26.60163
1908853593.75,-26.59873
1908853750.0,-26.59684
1908853906.25,-26.59417
1908854062.5,-26.59395
1908854218.75,-26.59424
1908854375.0,-26.59083
1908854531.25,-26.59462
1908854687.5,-26.59017
1908854843.75,-26.59049
1908855000.0,-26.58782
1908855156.25,-26.58637
1908855312.5,-26.58828
1908855468.75,-26.58406
1908855625.0,-26.58648
1908855781.25,-26.58672
1908855937.5,-26.58243
1908856093.75,-26.58135
1908856250.0,-26.57829
1908856406.25,-26.57277
1908856562.5,-26.57899
1908856718.75,-26.5739
1908856875.0,-26.57506
1908857031.25,-26.57479
1908857187.5,-26.56812
1908857343.75,-26.57233
1908857500.0,-26.56737
1908857656.25,-26.56879
1908857812.5,-26.57139
1908857968.75,-26.56988
1908858125.0,-26.56599
1908858281.25,-26.56324
1908858437.5,-26.56437
1908858593.75,-26.55888
1908858750.0,-26.56303
1908858906.25,-26.5596
1908859062.5,-26.56073
1908859218.75,-26.55785
1908859375.0,-26.55588
1908859531.25,-26.55745
1908859687.5,-26.5563
1908859843.75,-26.55583
1908860000.0,-26.55202
1908860156.25,-26.55503
1908860312.5,-26.54892
1908860468.75,-26.54937
1908860625.0,-26.54796
1908860781.25,-26.54733
1908860937.5,-26.54484
1908861093.75,-26.5452
1908861250.0,-26.54203
1908861406.25,-26.54398
1908861562.5,-26.54465
1908861718.75,-26.53847
1908861875.0,-26.53861
1908862031.25,-26.53759
1908862187.5,-26.53476
1908862343.75,-26.53224
1908862500.0,-26.53314
1908862656.25,-26.53148
1908862812.5,-26.53201
1908862968.75,-26.53032
1908863125.0,-26.53239
1908863281.25,-26.52862
1908863437.5,-26.52624
1908863593.75,-26.52489
1908863750.0,-26.52204
1908863906.25,-26.52084
1908864062.5,-26.52446
1908864218.75,-26.51857
1908864375.0,-26.52102
1908864531.25,-26.52018
1908864687.5,-26.51925
1908864843.75,-26.5145
1908865000.0,-26.51492
1908865156.25,-26.51425
1908865312.5,-26.51226
1908865468.75,-26.5125
1908865625.0,-26.5084
1908865781.25,-26.5093
1908865937.5,-26.51135
1908866093.75,-26.51014
1908866250.0,-26.50591
1908866406.25,-26.50682
1908866562.5,-26.50769
1908866718.75,-26.50013
1908866875.0,-26.50179
1908867031.25,-26.49756
1908867187.5,-26.50266
1908867343.75,-26.50103
1908867500.0,-26.49693
1908867656.25,-26.49497
1908867812.5,-26.49107
1908867968.75,-26.49297
1908868125.0,-26.4918
1908868281.25,-26.49162
1908868437.5,-26.49189
1908868593.75,-26.48914
1908868750.0,-26.48783
1908868906.25,-26.48743
1908869062.5,-26.48704
1908869218.75,-26.48782
1908869375.0,-26.48391
1908869531.25,-26.48463
1908869687.5,-26.48349
1908869843.75,-26.47852
1908870000.0,-26.47932
1908870156.25,-26.47794
1908870312.5,-26.4763
1908870468.75,-26.47639
1908870625.0,-26.47146
1908870781.25,-26.47523
1908870937.5,-26.47144
1908871093.75,-26.47272
1908871250.0,-26.47031
1908871406.25,-26.46841
1908871562.5,-26.46676
1908871718.75,-26.46522
1908871875.0,-26.46198
1908872031.25,-26.46129
1908872187.5,-26.46441
1908872343.75,-26.46165
1908872500.0,-26.45932
1908872656.25,-26.45848
1908872812.5,-26.46025
1908872968.75,-26.45994
1908873125.0,-26.45536
1908873281.25,-26.45501
1908873437.5,-26.45226
1908873593.75,-26.45525
1908873750.0,-26.44706
1908873906.25,-26.45255
1908874062.5,-26.44918
1908874218.75,-26.45062
1908874375.0,-26.44604
1908874531.25,-26.44784
1908874687.5,-26.44437
1908874843.75,-26.4428
1908875000.0,-26.4434
1908875156.25,-26.44398
1908875312.5,-26.44101
1908875468.75,-26.43656
1908875625.0,-26.43732
1908875781.25,-26.43928
1908875937.5,-26.43708
1908876093.75,-26.43232
1908876250.0,-26.43154
1908876406.25,-26.42953
1908876562.5,-26.43139
1908876718.75,-26.43104
1908876875.0,-26.43061
1908877031.25,-26.42885
1908877187.5,-26.42699
1908877343.75,-26.42459
1908877500.0,-26.42644
1908877656.25,-26.42216
1908877812.5,-26.42282
1908877968.75,-26.42114
1908878125.0,-26.42109
1908878281.25,-26.41937
1908878437.5,-26.41876
1908878593.75,-26.4164
1908878750.0,-26.41612
1908878906.25,-26.4178
1908879062.5,-26.41492
1908879218.75,-26.41166
1908879375.0,-26.40924
1908879531.25,-26.40911
1908879687.5,-26.4106
1908879843.75,-26.40883
1908880000.0,-26.40674
1908880156.25,-26.40587
1908880312.5,-26.40162
1908880468.75,-26.4042
1908880625.0,-26.39928
1908880781.25,-26.399
1908880937.5,-26.39801
1908881093.75,-26.39988
1908881250.0,-26.39832
1908881406.25,-26.39933
1908881562.5,-26.39529
1908881718.75,-26.39401
1908881875.0,-26.39476
1908882031.25,-26.39174
1908882187.5,-26.39196
1908882343.75,-26.39061
1908882500.0,-26.38783
1908882656.25,-26.38438
1908882812.5,-26.38647
1908882968.75,-26.38417
1908883125.0,-26.38192
1908883281.25,-26.38315
1908883437.5,-26.38132
1908883593.75,-26.38191
1908883750.0,-26.38072
1908883906.25,-26.37915
1908884062.5,-26.37185
1908884218.75,-26.37145
1908884375.0,-26.37264
1908884531.25,-26.37033
1908884687.5,-26.36883
1908884843.75,-26.36912
1908885000.0,-26.36806
1908885156.25,-26.36921
1908885312.5,-26.36545
1908885468.75,-26.36327
1908885625.0,-26.36459
1908885781.25,-26.36238
1908885937.5,-26.36286
1908886093.75,-26.36115
1908886250.0,-26.36209
1908886406.25,-26.35699
1908886562.5,-26.35854
1908886718.75,-26.35782
1908886875.0,-26.35584
1908887031.25,-26.35508
1908887187.5,-26.35444
1908887343.75,-26.34923
1908887500.0,-26.35304
1908887656.25,-26.34971
1908887812.5,-26.34784
1908887968.75,-26.34942
1908888125.0,-26.34677
1908888281.25,-26.34665
1908888437.5,-26.34556
1908888593.75,-26.34351
1908888750.0,-26.34075
1908888906.25,-26.34387
1908889062.5,-26.33948
1908889218.75,-26.33874
1908889375.0,-26.33717
1908889531.25,-26.33665
1908889687.5,-26.33373
1908889843.75,-26.3342
1908890000.0,-26.3319
1908890156.25,-26.32942
1908890312.5,-26.32926
1908890468.75,-26.33029
1908890625.0,-26.33069
1908890781.25,-26.3259
1908890937.5,-26.32173
1908891093.75,-26.32574
1908891250.0,-26.32508
1908891406.25,-26.32214
1908891562.5,-26.32067
1908891718.75,-26.32034
1908891875.0,-26.317
1908892031.25,-26.31727
1908892187.5,-26.31339
1908892343.75,-26.31699
1908892500.0,-26.31455
1908892656.25,-26.31175
1908892812.5,-26.31244
1908892968.75,-26.31307
1908893125.0,-26.31332
1908893281.25,-26.31019
1908893437.5,-26.30787
1908893593.75,-26.30792
1908893750.0,-26.30862
1908893906.25,-26.30149
1908894062.5,-26.30214
1908894218.75,-26.3004
1908894375.0,-26.30138
1908894531.25,-26.30092
1908894687.5,-26.29781
1908894843.75,-26.29681
1908895000.0,-26.29608
1908895156.25,-26.29444
1908895312.5,-26.29407
1908895468.75,-26.28919
1908895625.0,-26.29378
1908895781.25,-26.28899
1908895937.5,-26.29083
1908896093.75,-26.28567
1908896250.0,-26.28568
1908896406.25,-26.28539
1908896562.5,-26.28238
1908896718.75,-26.28316
1908896875.0,-26.28208
1908897031.25,-26.28097
1908897187.5,-26.27947
1908897343.75,-26.27825
1908897500.0,-26.27656
1908897656.25,-26.27385
1908897812.5,-26.27805
1908897968.75,-26.27386
1908898125.0,-26.27088
1908898281.25,-26.27223
1908898437.5,-26.26938
1908898593.75,-26.26633
1908898750.0,-26.26573
1908898906.25,-26.26954
1908899062.5,-26.26669
1908899218.75,-26.26403
1908899375.0,-26.25767
1908899531.25,-26.26459
1908899687.5,-26.26021
1908899843.75,-26.26311
1908900000.0,-26.25847
1908900156.25,-26.25827
1908900312.5,-26.25592
1908900468.75,-26.2549
1908900625.0,-26.25289
1908900781.25,-26.2551
1908900937.5,-26.25115
1908901093.75,-26.25089
1908901250.0,-26.24693
1908901406.25,-26.24756
1908901562.5,-26.24855
1908901718.75,-26.24236
1908901875.0,-26.24719
1908902031.25,-26.24388
1908902187.5,-26.23906
1908902343.75,-26.24257
1908902500.0,-26.23488
1908902656.25,-26.23587
1908902812.5,-26.23902
1908902968.75,-26.23662
1908903125.0,-26.23417
1908903281.25,-26.23347
1908903437.5,-26.23112
1908903593.75,-26.23145
1908903750.0,-26.22898
1908903906.25,-26.23052
1908904062.5,-26.22684
1908904218.75,-26.22408
1908904375.0,-26.2264
1908904531.25,-26.22171
1908904687.5,-26.22375
1908904843.75,-26.22168
1908905000.0,-26.21948
1908905156.25,-26.21487
1908905312.5,-26.21923
1908905468.75,-26.21748
1908905625.0,-26.21383
1908905781.25,-26.21291
1908905937.5,-26.21284
1908906093.75,-26.21354
1908906250.0,-26.21127
1908906406.25,-26.2094
1908906562.5,-26.20665
1908906718.75,-26.21084
1908906875.0,-26.20448
1908907031.25,-26.20582
1908907187.5,-26.20779
1908907343.75,-26.2042
1908907500.0,-26.20198
1908907656.25,-26.20395
1908907812.5,-26.20144
1908907968.75,-26.19634
1908908125.0,-26.19814
1908908281.25,-26.19809
1908908437.5,-26.19322
1908908593.75,-26.19539
1908908750.0,-26.19235
1908908906.25,-26.19186
1908909062.5,-26.19329
1908909218.75,-26.18908
1908909375.0,-26.18898
1908909531.25,-26.18669
1908909687.5,-26.1883
1908909843.75,-26.1834
1908910000.0,-26.18678
1908910156.25,-26.18093
1908910312.5,-26.17954
1908910468.75,-26.17872
1908910625.0,-26.18286
1908910781.25,-26.17824
1908910937.5,-26.17438
1908911093.75,-26.17281
1908911250.0,-26.1758
1908911406.25,-26.17281
1908911562.5,-26.16912
1908911718.75,-26.17324
1908911875.0,-26.17214
1908912031.25,-26.16902
1908912187.5,-26.16497
1908912343.75,-26.1691
1908912500.0,-26.16642
1908912656.25,-26.16476
1908912812.5,-26.1642
1908912968.75,-26.1621
1908913125.0,-26.16016
1908913281.25,-26.15528
1908913437.5,-26.15478
1908913593.75,-26.15538
1908913750.0,-26.15401
1908913906.25,-26.151
1908914062.5,-26.15119
1908914218.75,-26.15067
1908914375.0,-26.14916
1908914531.25,-26.14677
1908914687.5,-26.14792
1908914843.75,-26.14811
1908915000.0,-26.14688
1908915156.25,-26.14408
1908915312.5,-26.14473
1908915468.75,-26.13923
1908915625.0,-26.14381
1908915781.25,-26.13591
1908915937.5,-26.13763
1908916093.75,-26.13877
1908916250.0,-26.13528
1908916406.25,-26.13402
1908916562.5,-26.1332
1908916718.75,-26.13033
1908916875.0,-26.13309
1908917031.25,-26.12965
1908917187.5,-26.12979
1908917343.75,-26.12926
1908917500.0,-26.12835
1908917656.25,-26.12358
1908917812.5,-26.12344
1908917968.75,-26.12143
1908918125.0,-26.12005
1908918281.25,-26.11859
1908918437.5,-26.12114
1908918593.75,-26.12156
1908918750.0,-26.11684
1908918906.25,-26.11664
1908919062.5,-26.11247
1908919218.75,-26.11162
1908919375.0,-26.11213
1908919531.25,-26.10908
1908919687.5,-26.11021
1908919843.75,-26.1125
1908920000.0,-26.1053
1908920156.25,-26.1072
1908920312.5,-26.10564
1908920468.75,-26.10633
1908920625.0,-26.10328
1908920781.25,-26.10328
1908920937.5,-26.10042
1908921093.75,-26.10032
1908921250.0,-26.09907
1908921406.25,-26.09476
1908921562.5,-26.0962
1908921718.75,-26.09445
1908921875.0,-26.09257
1908922031.25,-26.0928
1908922187.5,-26.08661
1908922343.75,-26.08849
1908922500.0,-26.08855
1908922656.25,-26.08505
1908922812.5,-26.0882
1908922968.75,-26.08436
1908923125.0,-26.08473
1908923281.25,-26.08188
1908923437.5,-26.08218
1908923593.75,-26.08134
1908923750.0,-26.07924
1908923906.25,-26.07504
1908924062.5,-26.07969
1908924218.75,-26.07557
1908924375.0,-26.07386
1908924531.25,-26.07329
1908924687.5,-26.07279
1908924843.75,-26.07158
1908925000.0,-26.06945
1908925156.25,-26.06791
1908925312.5,-26.0671
1908925468.75,-26.06426
1908925625.0,-26.06793
1908925781.25,-26.06182
1908925937.5,-26.0629
1908926093.75,-26.0604
1908926250.0,-26.06199
1908926406.25,-26.05929
1908926562.5,-26.06044
1908926718.75,-26.05581
1908926875.0,-26.055
1908927031.25,-26.05221
1908927187.5,-26.05224
1908927343.75,-26.04587
1908927500.0,-26.0516
1908927656.25,-26.04869
1908927812.5,-26.04918
1908927968.75,-26.04853
1908928125.0,-26.04566
1908928281.25,-26.0426
1908928437.5,-26.04531
1908928593.75,-26.04244
1908928750.0,-26.04046
1908928906.25,-26.04082
1908929062.5,-26.03768
1908929218.75,-26.03982
1908929375.0,-26.03398
1908929531.25,-26.03547
1908929687.5,-26.03273
1908929843.75,-26.03109
1908930000.0,-26.02971
1908930156.25,-26.03081
1908930312.5,-26.02881
1908930468.75,-26.0261
1908930625.0,-26.02522
1908930781.25,-26.02339
1908930937.5,-26.02591
1908931093.75,-26.02116
1908931250.0,-26.02015
1908931406.25,-26.01853
1908931562.5,-26.01821
1908931718.75,-26.0191
1908931875.0,-26.01535
1908932031.25,-26.01271
1908932187.5,-26.00892
1908932343.75,-26.01536
1908932500.0,-26.01394
1908932656.25,-26.00633
1908932812.5,-26.01015
1908932968.75,-26.01085
1908933125.0,-26.00591
1908933281.25,-26.00566
1908933437.5,-26.00652
1908933593.75,-26.00082
1908933750.0,-26.00003
1908933906.25,-25.99887
1908934062.5,-25.99819
1908934218.75,-26.00332
1908934375.0,-25.99685
1908934531.25,-25.99921
1908934687.5,-25.99377
1908934843.75,-25.99338
1908935000.0,-25.99257
1908935156.25,-25.99084
1908935312.5,-25.99119
1908935468.75,-25.989
1908935625.0,-25.98686
1908935781.25,-25.98597
1908935937.5,-25.9856
1908936093.75,-25.98744
1908936250.0,-25.98355
1908936406.25,-25.98185
1908936562.5,-25.98135
1908936718.75,-25.98138
1908936875.0,-25.97947
1908937031.25,-25.97623
1908937187.5,-25.97558
1908937343.75,-25.97736
1908937500.0,-25.97239
1908937656.25,-25.97288
1908937812.5,-25.97153
1908937968.75,-25.96813
1908938125.0,-25.97036
1908938281.25,-25.96674
1908938437.5,-25.9689
1908938593.75,-25.96561
1908938750.0,-25.96351
1908938906.25,-25.96094
1908939062.5,-25.96231
1908939218.75,-25.96158
1908939375.0,-25.95905
1908939531.25,-25.96066
1908939687.5,-25.95717
1908939843.75,-25.95522
1908940000.0,-25.95359
1908940156.25,-25.95544
1908940312.5,-25.95017
1908940468.75,-25.94971
1908940625.0,-25.95313
1908940781.25,-25.94608
1908940937.5,-25.94605
1908941093.75,-25.94892
1908941250.0,-25.94623
1908941406.25,-25.94358
1908941562.5,-25.94057
1908941718.75,-25.94251
1908941875.0,-25.94295
1908942031.25,-25.94306
1908942187.5,-25.93527
1908942343.75,-25.93653
1908942500.0,-25.93506
1908942656.25,-25.93227
1908942812.5,-25.9341
1908942968.75,-25.93173
1908943125.0,-25.93087
1908943281.25,-25.9276
1908943437.5,-25.9272
1908943593.75,-25.92321
1908943750.0,-25.92307
1908943906.25,-25.92204
1908944062.5,-25.92157
1908944218.75,-25.91837
1908944375.0,-25.91802
1908944531.25,-25.92014
1908944687.5,-25.91887
1908944843.75,-25.91953
1908945000.0,-25.91149
1908945156.25,-25.91197
1908945312.5,-25.91492
1908945468.75,-25.91089
1908945625.0,-25.91037
1908945781.25,-25.91368
1908945937.5,-25.90772
1908946093.75,-25.90793
1908946250.0,-25.90517
1908946406.25,-25.90647
1908946562.5,-25.90271
1908946718.75,-25.90195
1908946875.0,-25.89909
1908947031.25,-25.90068
1908947187.5,-25.89938
1908947343.75,-25.89725
1908947500.0,-25.89916
1908947656.25,-25.89495
1908947812.5,-25.89488
1908947968.75,-25.89252
1908948125.0,-25.89102
1908948281.25,-25.89067
1908948437.5,-25.89092
1908948593.75,-25.88741
1908948750.0,-25.88621
1908948906.25,-25.88542
1908949062.5,-25.88466
1908949218.75,-25.88392
1908949375.0,-25.88446
1908949531.25,-25.88178
1908949687.5,-25.87898
1908949843.75,-25.87421
1908950000.0,-25.87638
1908950156.25,-25.87848
1908950312.5,-25.87578
1908950468.75,-25.87242
1908950625.0,-25.87176
1908950781.25,-25.86991
1908950937.5,-25.871
1908951093.75,-25.86802
1908951250.0,-25.86915
1908951406.25,-25.8617
1908951562.5,-25.8635
1908951718.75,-25.86275
1908951875.0,-25.8625
1908952031.25,-25.861
1908952187.5,-25.86119
1908952343.75,-25.86071
1908952500.0,-25.85632
1908952656.25,-25.8573
1908952812.5,-25.85283
1908952968.75,-25.8523
1908953125.0,-25.85394
1908953281.25,-25.84999
1908953437.5,-25.85124
1908953593.75,-25.85043
1908953750.0,-25.84664
1908953906.25,-25.84792
1908954062.5,-25.84439
1908954218.75,-25.84634
1908954375.0,-25.84301
1908954531.25,-25.83903
1908954687.5,-25.84079
1908954843.75,-25.83834
1908955000.0,-25.84142
1908955156.25,-25.83983
1908955312.5,-25.8378
1908955468.75,-25.83353
1908955625.0,-25.83185
1908955781.25,-25.8293
1908955937.5,-25.83169
1908956093.75,-25.82762
1908956250.0,-25.83138
1908956406.25,-25.82879
1908956562.5,-25.82681
1908956718.75,-25.82408
1908956875.0,-25.82537
1908957031.25,-25.82196
1908957187.5,-25.82113
1908957343.75,-25.82124
1908957500.0,-25.8181
1908957656.25,-25.81736
1908957812.5,-25.81713
1908957968.75,-25.81412
1908958125.0,-25.81369
1908958281.25,-25.8095
1908958437.5,-25.80869
1908958593.75,-25.81122
1908958750.0,-25.80634
1908958906.25,-25.80566
1908959062.5,-25.80583
1908959218.75,-25.80615
1908959375.0,-25.80466
1908959531.25,-25.80229
1908959687.5,-25.80086
1908959843.75,-25.79893
1908960000.0,-25.79802
1908960156.25,-25.797
1908960312.5,-25.79727
1908960468.75,-25.79575
1908960625.0,-25.79182
1908960781.25,-25.79266
1908960937.5,-25.7897
1908961093.75,-25.78916
1908961250.0,-25.78809
1908961406.25,-25.7887
1908961562.5,-25.78965
1908961718.75,-25.78781
1908961875.0,-25.78414
1908962031.25,-25.78396
1908962187.5,-25.78046
1908962343.75,-25.78115
1908962500.0,-25.77786
1908962656.25,-25.77886
1908962812.5,-25.77487
1908962968.75,-25.77857
1908963125.0,-25.77483
1908963281.25,-25.77188
1908963437.5,-25.7695
1908963593.75,-25.76961
1908963750.0,-25.77001
1908963906.25,-25.76744
1908964062.5,-25.76501
1908964218.75,-25.76907
1908964375.0,-25.76232
1908964531.25,-25.7612
1908964687.5,-25.76365
1908964843.75,-25.7606
1908965000.0,-25.75954
1908965156.25,-25.75632
1908965312.5,-25.75813
1908965468.75,-25.75583
1908965625.0,-25.75081
1908965781.25,-25.75282
1908965937.5,-25.74981
1908966093.75,-25.74858
1908966250.0,-25.74875
1908966406.25,-25.74618
1908966562.5,-25.74758
1908966718.75,-25.74597
1908966875.0,-25.74422
1908967031.25,-25.74422
1908967187.5,-25.74395
1908967343.75,-25.74116
1908967500.0,-25.73997
1908967656.25,-25.73828
1908967812.5,-25.7358
1908967968.75,-25.73619
1908968125.0,-25.7308
1908968281.25,-25.73434
1908968437.5,-25.73117
1908968593.75,-25.73068
1908968750.0,-25.73161
1908968906.25,-25.73011
1908969062.5,-25.723
1908969218.75,-25.72541
1908969375.0,-25.72253
1908969531.25,-25.7239
1908969687.5,-25.72484
1908969843.75,-25.71918
1908970000.0,-25.72031
1908970156.25,-25.71513
1908970312.5,-25.71663
1908970468.75,-25.71716
1908970625.0,-25.71386
1908970781.25,-25.71604
1908970937.5,-25.71308
1908971093.75,-25.71322
1908971250.0,-25.7101
1908971406.25,-25.7091
1908971562.5,-25.70708
1908971718.75,-25.7068
1908971875.0,-25.70514
1908972031.25,-25.70264
1908972187.5,-25.70202
1908972343.75,-25.70268
1908972500.0,-25.69907
1908972656.25,-25.69796
1908972812.5,-25.69608
1908972968.75,-25.69887
1908973125.0,-25.69557
1908973281.25,-25.69214
1908973437.5,-25.69599
1908973593.75,-25.69065
1908973750.0,-25.68958
1908973906.25,-25.68892
1908974062.5,-25.68966
1908974218.75,-25.68855
1908974375.0,-25.68123
1908974531.25,-25.68275
1908974687.5,-25.68222
1908974843.75,-25.68285
1908975000.0,-25.68041
1908975156.25,-25.68048
1908975312.5,-25.67674
1908975468.75,-25.67622
1908975625.0,-25.6763
1908975781.25,-25.67136
1908975937.5,-25.6729
1908976093.75,-25.67019
1908976250.0,-25.66809
1908976406.25,-25.66835
1908976562.5,-25.668
1908976718.75,-25.66557
1908976875.0,-25.66213
1908977031.25,-25.66348
1908977187.5,-25.66259
1908977343.75,-25.65865
1908977500.0,-25.66052
1908977656.25,-25.65658
1908977812.5,-25.65645
1908977968.75,-25.65423
1908978125.0,-25.65612
1908978281.25,-25.6521
1908978437.5,-25.65352
1908978593.75,-25.65366
1908978750.0,-25.64929
1908978906.25,-25.64906
1908979062.5,-25.64334
1908979218.75,-25.64617
1908979375.0,-25.64455
1908979531.25,-25.64351
1908979687.5,-25.6445
1908979843.75,-25.64476
1908980000.0,-25.64128
1908980156.25,-25.63696
1908980312.5,-25.63987
1908980468.75,-25.6356
1908980625.0,-25.63256
1908980781.25,-25.63496
1908980937.5,-25.63421
1908981093.75,-25.63063
1908981250.0,-25.6289
1908981406.25,-25.63
1908981562.5,-25.62742
1908981718.75,-25.62503
1908981875.0,-25.62387
1908982031.25,-25.62494
1908982187.5,-25.62326
1908982343.75,-25.62216
1908982500.0,-25.61906
1908982656.25,-25.62127
1908982812.5,-25.61451
1908982968.75,-25.61683
1908983125.0,-25.61514
1908983281.25,-25.61596
1908983437.5,-25.61168
1908983593.75,-25.61033
1908983750.0,-25.60961
1908983906.25,-25.60898
1908984062.5,-25.60467
1908984218.75,-25.60687
1908984375.0,-25.60451
1908984531.25,-25.60283
1908984687.5,-25.60341
1908984843.75,-25.60076
1908985000.0,-25.59988
1908985156.25,-25.59731
1908985312.5,-25.59706
1908985468.75,-25.59621
1908985625.0,-25.59551
1908985781.25,-25.59392
1908985937.5,-25.5889
1908986093.75,-25.59352
1908986250.0,-25.59125
1908986406.25,-25.59204
1908986562.5,-25.58893
1908986718.75,-25.58576
1908986875.0,-25.58624
1908987031.25,-25.58249
1908987187.5,-25.58582
1908987343.75,-25.58318
1908987500.0,-25.58232
1908987656.25,-25.57669
1908987812.5,-25.57722
1908987968.75,-25.57296
1908988125.0,-25.57424
1908988281.25,-25.57453
1908988437.5,-25.57207
1908988593.75,-25.57277
1908988750.0,-25.568
1908988906.25,-25.5696
1908989062.5,-25.56508
1908989218.75,-25.56426
1908989375.0,-25.56319
1908989531.25,-25.56056
1908989687.5,-25.56199
1908989843.75,-25.56193
1908990000.0,-25.56134
1908990156.25,-25.55746
1908990312.5,-25.55904
1908990468.75,-25.55817
1908990625.0,-25.55355
1908990781.25,-25.55222
1908990937.5,-25.55339
1908991093.75,-25.55035
1908991250.0,-25.55302
1908991406.25,-25.54881
1908991562.5,-25.54919
1908991718.75,-25.54451
1908991875.0,-25.54464
1908992031.25,-25.54342
1908992187.5,-25.54149
1908992343.75,-25.53924
1908992500.0,-25.53952
1908992656.25,-25.53825
1908992812.5,-25.5352
1908992968.75,-25.53398
1908993125.0,-25.53379
1908993281.25,-25.53194
1908993437.5,-25.53096
1908993593.75,-25.52816
1908993750.0,-25.52868
1908993906.25,-25.52825
1908994062.5,-25.52671
1908994218.75,-25.52501
1908994375.0,-25.5258
1908994531.25,-25.52161
1908994687.5,-25.5239
1908994843.75,-25.52069
1908995000.0,-25.51736
1908995156.25,-25.52029
1908995312.5,-25.51412
1908995468.75,-25.5155
1908995625.0,-25.51443
1908995781.25,-25.50994
1908995937.5,-25.50968
1908996093.75,-25.51037
1908996250.0,-25.51172
1908996406.25,-25.50901
1908996562.5,-25.50902
1908996718.75,-25.50611
1908996875.0,-25.50508
1908997031.25,-25.50312
1908997187.5,-25.50115
1908997343.75,-25.49797
1908997500.0,-25.49792
1908997656.25,-25.49944
1908997812.5,-25.49653
1908997968.75,-25.4965
1908998125.0,-25.49243
1908998281.25,-25.49113
1908998437.5,-25.48895
1908998593.75,-25.48921
1908998750.0,-25.4877
1908998906.25,-25.48584
1908999062.5,-25.48535
1908999218.75,-25.48468
1908999375.0,-25.48283
1908999531.25,-25.48192
1908999687.5,-25.48267
1908999843.75,-25.4818
1909000000.0,-25.47649
1909000156.25,-25.47727
1909000312.5,-25.47476
1909000468.75,-25.47587
1909000625.0,-25.47137
1909000781.25,-25.4734
1909000937.5,-25.47125
1909001093.75,-25.4694
1909001250.0,-25.46929
1909001406.25,-25.46277
1909001562.5,-25.46388
1909001718.75,-25.46383
1909001875.0,-25.46447
1909002031.25,-25.45969
1909002187.5,-25.46056
1909002343.75,-25.45963
1909002500.0,-25.45822
1909002656.25,-25.45884
1909002812.5,-25.45337
1909002968.75,-25.45355
1909003125.0,-25.45286
1909003281.25,-25.45196
1909003437.5,-25.45236
1909003593.75,-25.45057
1909003750.0,-25.44886
1909003906.25,-25.44693
1909004062.5,-25.44493
1909004218.75,-25.44192
1909004375.0,-25.44406
1909004531.25,-25.44053
1909004687.5,-25.44209
1909004843.75,-25.43791
1909005000.0,-25.43414
1909005156.25,-25.43537
1909005312.5,-25.43165
1909005468.75,-25.43323
1909005625.0,-25.43388
1909005781.25,-25.43143
1909005937.5,-25.4301
1909006093.75,-25.42961
1909006250.0,-25.42675
1909006406.25,-25.4251
1909006562.5,-25.42397
1909006718.75,-25.42449
1909006875.0,-25.42202
1909007031.25,-25.42179
1909007187.5,-25.41781
1909007343.75,-25.42099
1909007500.0,-25.41703
1909007656.25,-25.41617
1909007812.5,-25.41056
1909007968.75,-25.41419
1909008125.0,-25.41178
1909008281.25,-25.40951
1909008437.5,-25.40952
1909008593.75,-25.4088
1909008750.0,-25.40755
1909008906.25,-25.40632
1909009062.5,-25.40584
1909009218.75,-25.40639
1909009375.0,-25.4023
1909009531.25,-25.40337
1909009687.5,-25.40055
1909009843.75,-25.39961
1909010000.0,-25.39618
1909010156.25,-25.39591
1909010312.5,-25.39534
1909010468.75,-25.39103
1909010625.0,-25.39226
1909010781.25,-25.38999
1909010937.5,-25.39112
1909011093.75,-25.38806
1909011250.0,-25.38903
1909011406.25,-25.38662
1909011562.5,-25.38349
1909011718.75,-25.38264
1909011875.0,-25.38358
1909012031.25,-25.378
1909012187.5,-25.3798
1909012343.75,-25.37898
1909012500.0,-25.37577
1909012656.25,-25.37634
1909012812.5,-25.37566
1909012968.75,-25.37131
1909013125.0,-25.37264
1909013281.25,-25.36943
1909013437.5,-25.3714
1909013593.75,-25.36888
1909013750.0,-25.36685
1909013906.25,-25.36474
1909014062.5,-25.36481
1909014218.75,-25.36246
1909014375.0,-25.35979
1909014531.25,-25.35957
1909014687.5,-25.35877
1909014843.75,-25.35864
1909015000.0,-25.35608
1909015156.25,-25.35226
1909015312.5,-25.35193
1909015468.75,-25.35043
1909015625.0,-25.3531
1909015781.25,-25.34911
1909015937.5,-25.34679
1909016093.75,-25.34954
1909016250.0,-25.34602
1909016406.25,-25.34451
1909016562.5,-25.34211
1909016718.75,-25.34121
1909016875.0,-25.34152
1909017031.25,-25.33544
1909017187.5,-25.33601
1909017343.75,-25.33366
1909017500.0,-25.33385
1909017656.25,-25.33447
1909017812.5,-25.33295
1909017968.75,-25.33131
1909018125.0,-25.32936
1909018281.25,-25.33224
1909018437.5,-25.32676
1909018593.75,-25.32434
1909018750.0,-25.32443
1909018906.25,-25.3228
1909019062.5,-25.32189
1909019218.75,-25.31949
1909019375.0,-25.31865
1909019531.25,-25.31684
1909019687.5,-25.31656
1909019843.75,-25.31777
1909020000.0,-25.31607
1909020156.25,-25.31302
1909020312.5,-25.31199
1909020468.75,-25.30983
1909020625.0,-25.30779
1909020781.25,-25.30886
1909020937.5,-25.30566
1909021093.75,-25.30593
1909021250.0,-25.30239
1909021406.25,-25.30125
1909021562.5,-25.30299
1909021718.75,-25.3006
1909021875.0,-25.29791
1909022031.25,-25.29805
1909022187.5,-25.29697
1909022343.75,-25.29591
1909022500.0,-25.29351
1909022656.25,-25.29206
1909022812.5,-25.29247
1909022968.75,-25.29214
1909023125.0,-25.28455
1909023281.25,-25.28811
1909023437.5,-25.28525
1909023593.75,-25.28266
1909023750.0,-25.28378
1909023906.25,-25.28034
1909024062.5,-25.28148
1909024218.75,-25.27828
1909024375.0,-25.27779
1909024531.25,-25.27579
1909024687.5,-25.27441
1909024843.75,-25.27287
1909025000.0,-25.27285
1909025156.25,-25.26865
1909025312.5,-25.27132
1909025468.75,-25.26773
1909025625.0,-25.26492
1909025781.25,-25.26748
1909025937.5,-25.26472
1909026093.75,-25.26619
1909026250.0,-25.26174
1909026406.25,-25.25865
1909026562.5,-25.25662
1909026718.75,-25.2589
1909026875.0,-25.25949
1909027031.25,-25.25229
1909027187.5,-25.25409
1909027343.75,-25.25553
1909027500.0,-25.25284
1909027656.25,-25.25213
1909027812.5,-25.24905
1909027968.75,-25.24639
1909028125.0,-25.24673
1909028281.25,-25.24437
1909028437.5,-25.24368
1909028593.75,-25.24323
1909028750.0,-25.24228
1909028906.25,-25.24199
1909029062.5,-25.2355
1909029218.75,-25.23731
1909029375.0,-25.23451
1909029531.25,-25.23479
1909029687.5,-25.23412
1909029843.75,-25.22827
1909030000.0,-25.23108
1909030156.25,-25.22803
1909030312.5,-25.22872
1909030468.75,-25.22628
1909030625.0,-25.22283
1909030781.25,-25.22379
1909030937.5,-25.22382
1909031093.75,-25.22056
1909031250.0,-25.21763
1909031406.25,-25.21969
1909031562.5,-25.21707
1909031718.75,-25.21648
1909031875.0,-25.21618
1909032031.25,-25.21376
1909032187.5,-25.21426
1909032343.75,-25.21297
1909032500.0,-25.20693
1909032656.25,-25.20921
1909032812.5,-25.20784
1909032968.75,-25.20529
1909033125.0,-25.20522
1909033281.25,-25.20326
1909033437.5,-25.20347
1909033593.75,-25.20063
1909033750.0,-25.20108
1909033906.25,-25.20105
1909034062.5,-25.19662
1909034218.75,-25.19438
1909034375.0,-25.19685
1909034531.25,-25.19301
1909034687.5,-25.19017
1909034843.75,-25.19091
1909035000.0,-25.18881
1909035156.25,-25.18598
1909035312.5,-25.18684
1909035468.75,-25.18567
1909035625.0,-25.18228
1909035781.25,-25.18323
1909035937.5,-25.18192
1909036093.75,-25.17851
1909036250.0,-25.1813
1909036406.25,-25.17738
1909036562.5,-25.17414
1909036718.75,-25.17725
1909036875.0,-25.17363
1909037031.25,-25.17172
1909037187.5,-25.17222
1909037343.75,-25.16948
1909037500.0,-25.16815
1909037656.25,-25.17014
1909037812.5,-25.16584
1909037968.75,-25.16311
1909038125.0,-25.16491
1909038281.25,-25.16324
1909038437.5,-25.16232
1909038593.75,-25.15865
1909038750.0,-25.15839
1909038906.25,-25.15674
1909039062.5,-25.15425
1909039218.75,-25.15472
1909039375.0,-25.15217
1909039531.25,-25.14984
1909039687.5,-25.15105
1909039843.75,-25.14537
1909040000.0,-25.14674
1909040156.25,-25.14574
1909040312.5,-25.14748
1909040468.75,-25.14405
1909040625.0,-25.14116
1909040781.25,-25.14212
1909040937.5,-25.13805
1909041093.75,-25.13856
1909041250.0,-25.13408
1909041406.25,-25.13424
1909041562.5,-25.13216
1909041718.75,-25.13388
1909041875.0,-25.13154
1909042031.25,-25.1303
1909042187.5,-25.12771
1909042343.75,-25.12777
1909042500.0,-25.12688
1909042656.25,-25.12438
1909042812.5,-25.11937
1909042968.75,-25.12137
1909043125.0,-25.12154
1909043281.25,-25.11858
1909043437.5,-25.11985
1909043593.75,-25.11646
1909043750.0,-25.11639
1909043906.25,-25.11032
1909044062.5,-25.11338
1909044218.75,-25.11085
1909044375.0,-25.11187
1909044531.25,-25.11173
1909044687.5,-25.10743
1909044843.75,-25.10296
1909045000.0,-25.10584
1909045156.25,-25.10437
1909045312.5,-25.10285
1909045468.75,-25.10133
1909045625.0,-25.1002
1909045781.25,-25.09574
1909045937.5,-25.09627
1909046093.75,-25.09495
1909046250.0,-25.09533
1909046406.25,-25.09262
1909046562.5,-25.09174
1909046718.75,-25.08983
1909046875.0,-25.08632
1909047031.25,-25.08686
1909047187.5,-25.08592
1909047343.75,-25.08089
1909047500.0,-25.0841
1909047656.25,-25.0822
1909047812.5,-25.07956
1909047968.75,-25.07934
1909048125.0,-25.07687
1909048281.25,-25.07507
1909048437.5,-25.0759
1909048593.75,-25.07245
1909048750.0,-25.07349
1909048906.25,-25.07259
1909049062.5,-25.07246
1909049218.75,-25.06845
1909049375.0,-25.07035
1909049531.25,-25.06593
1909049687.5,-25.06615
1909049843.75,-25.06419
1909050000.0,-25.06007
1909050156.25,-25.06034
1909050312.5,-25.05699
1909050468.75,-25.05844
1909050625.0,-25.05618
1909050781.25,-25.05668
1909050937.5,-25.05389
1909051093.75,-25.05329
1909051250.0,-25.04895
1909051406.25,-25.04866
1909051562.5,-25.04502
1909051718.75,-25.04645
1909051875.0,-25.04387
1909052031.25,-25.0463
1909052187.5,-25.04369
1909052343.75,-25.04124
1909052500.0,-25.03833
1909052656.25,-25.03797
1909052812.5,-25.0392
1909052968.75,-25.03461
1909053125.0,-25.03695
1909053281.25,-25.03384
1909053437.5,-25.03235
1909053593.75,-25.03088
1909053750.0,-25.02937
1909053906.25,-25.02839
1909054062.5,-25.02517
1909054218.75,-25.02576
1909054375.0,-25.02233
1909054531.25,-25.02353
1909054687.5,-25.02374
1909054843.75,-25.01849
1909055000.0,-25.01891
1909055156.25,-25.01582
1909055312.5,-25.01715
1909055468.75,-25.01496
1909055625.0,-25.01722
1909055781.25,-25.01278
1909055937.5,-25.01085
1909056093.75,-25.0071
1909056250.0,-25.00797
1909056406.25,-25.00722
1909056562.5,-25.00354
1909056718.75,-25.00401
1909056875.0,-25.00524
1909057031.25,-25.00402
1909057187.5,-24.9987
1909057343.75,-24.99949
1909057500.0,-24.99596
1909057656.25,-24.99769
1909057812.5,-24.99822
1909057968.75,-24.99318
1909058125.0,-24.99229
1909058281.25,-24.98884
1909058437.5,-24.99045
1909058593.75,-24.98658
1909058750.0,-24.98513
1909058906.25,-24.98613
1909059062.5,-24.98168
1909059218.75,-24.983
1909059375.0,-24.98154
1909059531.25,-24.97922
1909059687.5,-24.98116
1909059843.75,-24.97821
1909060000.0,-24.97432
1909060156.25,-24.97104
1909060312.5,-24.9736
1909060468.75,-24.97268
1909060625.0,-24.97165
1909060781.25,-24.97005
1909060937.5,-24.96556
1909061093.75,-24.96954
1909061250.0,-24.96529
1909061406.25,-24.96599
1909061562.5,-24.96464
1909061718.75,-24.96249
1909061875.0,-24.96075
1909062031.25,-24.96029
1909062187.5,-24.95801
1909062343.75,-24.95391
1909062500.0,-24.9549
1909062656.25,-24.95357
1909062812.5,-24.95117
1909062968.75,-24.95236
1909063125.0,-24.95013
1909063281.25,-24.94756
1909063437.5,-24.94917
1909063593.75,-24.94748
1909063750.0,-24.94431
1909063906.25,-24.94095
1909064062.5,-24.93963
1909064218.75,-24.9402
1909064375.0,-24.93711
1909064531.25,-24.9404
1909064687.5,-24.93397
1909064843.75,-24.9319
1909065000.0,-24.93191
1909065156.25,-24.92979
1909065312.5,-24.92614
1909065468.75,-24.92907
1909065625.0,-24.92467
1909065781.25,-24.92783
1909065937.5,-24.92356
1909066093.75,-24.9248
1909066250.0,-24.92021
1909066406.25,-24.92282
1909066562.5,-24.92169
1909066718.75,-24.91807
1909066875.0,-24.91716
1909067031.25,-24.91551
1909067187.5,-24.9147
1909067343.75,-24.91185
1909067500.0,-24.91223
1909067656.25,-24.90921
1909067812.5,-24.90565
1909067968.75,-24.90714
1909068125.0,-24.90412
1909068281.25,-24.90239
1909068437.5,-24.90334
1909068593.75,-24.90279
1909068750.0,-24.89957
1909068906.25,-24.89687
1909069062.5,-24.90119
1909069218.75,-24.89832
1909069375.0,-24.89624
1909069531.25,-24.89672
1909069687.5,-24.8924
1909069843.75,-24.89012
1909070000.0,-24.89139
1909070156.25,-24.89081
1909070312.5,-24.88825
1909070468.75,-24.88799
1909070625.0,-24.88323
1909070781.25,-24.88222
1909070937.5,-24.8787
1909071093.75,-24.88286
1909071250.0,-24.87737
1909071406.25,-24.87739
1909071562.5,-24.87762
1909071718.75,-24.87472
1909071875.0,-24.87181
1909072031.25,-24.87048
1909072187.5,-24.87121
1909072343.75,-24.87194
1909072500.0,-24.86765
1909072656.25,-24.86645
1909072812.5,-24.86328
1909072968.75,-24.86389
1909073125.0,-24.85834
1909073281.25,-24.86041
1909073437.5,-24.86276
1909073593.75,-24.85469
1909073750.0,-24.85468
1909073906.25,-24.85653
1909074062.5,-24.85474
1909074218.75,-24.85219
1909074375.0,-24.85106
1909074531.25,-24.85376
1909074687.5,-24.84898
1909074843.75,-24.84933
1909075000.0,-24.84918
1909075156.25,-24.84476
1909075312.5,-24.84583
1909075468.75,-24.84604
1909075625.0,-24.84197
1909075781.25,-24.83874
1909075937.5,-24.83616
1909076093.75,-24.83586
1909076250.0,-24.83542
1909076406.25,-24.83248
1909076562.5,-24.83534
1909076718.75,-24.82927
1909076875.0,-24.83035
1909077031.25,-24.82985
1909077187.5,-24.8277
1909077343.75,-24.82508
1909077500.0,-24.82368
1909077656.25,-24.82158
1909077812.5,-24.82016
1909077968.75,-24.82107
1909078125.0,-24.81803
1909078281.25,-24.81717
1909078437.5,-24.81592
1909078593.75,-24.815
1909078750.0,-24.81443
1909078906.25,-24.81305
1909079062.5,-24.81067
1909079218.75,-24.80938
1909079375.0,-24.80827
1909079531.25,-24.8071
1909079687.5,-24.8051
1909079843.75,-24.80311
1909080000.0,-24.80206
1909080156.25,-24.80235
1909080312.5,-24.79838
1909080468.75,-24.79809
1909080625.0,-24.7983
1909080781.25,-24.79571
1909080937.5,-24.79514
1909081093.75,-24.78999
1909081250.0,-24.78977
1909081406.25,-24.78873
1909081562.5,-24.78904
1909081718.75,-24.7862
1909081875.0,-24.78611
1909082031.25,-24.78366
1909082187.5,-24.78484
1909082343.75,-24.78238
1909082500.0,-24.78223
1909082656.25,-24.77814
1909082812.5,-24.77821
1909082968.75,-24.77742
1909083125.0,-24.77531
1909083281.25,-24.77148
1909083437.5,-24.77045
1909083593.75,-24.77148
1909083750.0,-24.7674
1909083906.25,-24.76877
1909084062.5,-24.76717
1909084218.75,-24.76613
1909084375.0,-24.76553
1909084531.25,-24.76217
1909084687.5,-24.76026
1909084843.75,-24.75871
1909085000.0,-24.75562
1909085156.25,-24.76079
1909085312.5,-24.75522
1909085468.75,-24.75521
1909085625.0,-24.75293
1909085781.25,-24.74997
1909085937.5,-24.7508
1909086093.75,-24.75172
1909086250.0,-24.74764
1909086406.25,-24.74737
1909086562.5,-24.7464
1909086718.75,-24.74353
1909086875.0,-24.74448
1909087031.25,-24.73944
1909087187.5,-24.74155
1909087343.75,-24.73775
1909087500.0,-24.73563
1909087656.25,-24.73646
1909087812.5,-24.73611
1909087968.75,-24.73158
1909088125.0,-24.73381
1909088281.25,-24.73135
1909088437.5,-24.72738
1909088593.75,-24.72821
1909088750.0,-24.72393
1909088906.25,-24.72496
1909089062.5,-24.72183
1909089218.75,-24.72213
1909089375.0,-24.7207
1909089531.25,-24.72062
1909089687.5,-24.71699
1909089843.75,-24.71542
1909090000.0,-24.71374
1909090156.25,-24.71449
1909090312.5,-24.71069
1909090468.75,-24.70854
1909090625.0,-24.70664
1909090781.25,-24.70652
1909090937.5,-24.70547
1909091093.75,-24.70564
1909091250.0,-24.70435
1909091406.25,-24.69987
1909091562.5,-24.70368
1909091718.75,-24.69909
1909091875.0,-24.69874
1909092031.25,-24.69408
1909092187.5,-24.69514
1909092343.75,-24.69268
1909092500.0,-24.69216
1909092656.25,-24.68884
1909092812.5,-24.6894
1909092968.75,-24.68765
1909093125.0,-24.68568
1909093281.25,-24.69005
1909093437.5,-24.684
1909093593.75,-24.68077
1909093750.0,-24.68478
1909093906.25,-24.67718
1909094062.5,-24.67746
1909094218.75,-24.67763
1909094375.0,-24.67609
1909094531.25,-24.67387
1909094687.5,-24.67239
1909094843.75,-24.67111
1909095000.0,-24.67102
1909095156.25,-24.66832
1909095312.5,-24.67015
1909095468.75,-24.664
1909095625.0,-24.66559
1909095781.25,-24.66276
1909095937.5,-24.65961
1909096093.75,-24.66136
1909096250.0,-24.66051
1909096406.25,-24.65678
1909096562.5,-24.65398
1909096718.75,-24.65226
1909096875.0,-24.65129
1909097031.25,-24.65417
1909097187.5,-24.65016
1909097343.75,-24.64957
1909097500.0,-24.65122
1909097656.25,-24.64709
1909097812.5,-24.64369
1909097968.75,-24.64355
1909098125.0,-24.64211
1909098281.25,-24.64082
1909098437.5,-24.63887
1909098593.75,-24.63658
1909098750.0,-24.63396
1909098906.25,-24.63389
1909099062.5,-24.63251
1909099218.75,-24.63133
1909099375.0,-24.62955
1909099531.25,-24.63008
1909099687.5,-24.62709
1909099843.75,-24.62444
1909100000.0,-24.62647
1909100156.25,-24.62334
1909100312.5,-24.62246
1909100468.75,-24.62195
1909100625.0,-24.6212
1909100781.25,-24.61664
1909100937.5,-24.61683
1909101093.75,-24.61511
1909101250.0,-24.61338
1909101406.25,-24.61086
1909101562.5,-24.61019
1909101718.75,-24.6103
1909101875.0,-24.60923
1909102031.25,-24.60687
1909102187.5,-24.60583
1909102343.75,-24.60439
1909102500.0,-24.60114
1909102656.25,-24.60242
1909102812.5,-24.59987
1909102968.75,-24.59987
1909103125.0,-24.59929
1909103281.25,-24.59664
1909103437.5,-24.59486
1909103593.75,-24.59481
1909103750.0,-24.5923
1909103906.25,-24.59
1909104062.5,-24.59011
1909104218.75,-24.5896
1909104375.0,-24.58558
1909104531.25,-24.58555
1909104687.5,-24.58406
1909104843.75,-24.5795
1909105000.0,-24.57881
1909105156.25,-24.58002
1909105312.5,-24.57765
1909105468.75,-24.57406
1909105625.0,-24.57713
1909105781.25,-24.57185
1909105937.5,-24.56956
1909106093.75,-24.56993
1909106250.0,-24.57089
1909106406.25,-24.56779
1909106562.5,-24.56772
1909106718.75,-24.56471
1909106875.0,-24.5636
1909107031.25,-24.55948
1909107187.5,-24.56199
1909107343.75,-24.55868
1909107500.0,-24.55764
1909107656.25,-24.5566
1909107812.5,-24.55395
1909107968.75,-24.55657
1909108125.0,-24.55611
1909108281.25,-24.54995
1909108437.5,-24.54981
1909108593.75,-24.54893
1909108750.0,-24.5464
1909108906.25,-24.54673
1909109062.5,-24.54517
1909109218.75,-24.54041
1909109375.0,-24.54066
1909109531.25,-24.53851
1909109687.5,-24.53951
1909109843.75,-24.53535
1909110000.0,-24.53653
1909110156.25,-24.53351
1909110312.5,-24.52911
1909110468.75,-24.53201
1909110625.0,-24.52974
1909110781.25,-24.52684
1909110937.5,-24.52896
1909111093.75,-24.52833
1909111250.0,-24.52672
1909111406.25,-24.52063
1909111562.5,-24.52051
1909111718.75,-24.52061
1909111875.0,-24.5198
1909112031.25,-24.51638
1909112187.5,-24.5167
1909112343.75,-24.51521
1909112500.0,-24.51362
1909112656.25,-24.5098
1909112812.5,-24.50973
1909112968.75,-24.50885
1909113125.0,-24.50779
1909113281.25,-24.50814
1909113437.5,-24.50243
1909113593.75,-24.50674
1909113750.0,-24.50541
1909113906.25,-24.49925
1909114062.5,-24.49901
1909114218.75,-24.49824
1909114375.0,-24.49412
1909114531.25,-24.49388
1909114687.5,-24.49313
1909114843.75,-24.49143
1909115000.0,-24.49034
1909115156.25,-24.48907
1909115312.5,-24.48895
1909115468.75,-24.48815
1909115625.0,-24.48557
1909115781.25,-24.48419
1909115937.5,-24.4832
1909116093.75,-24.48043
1909116250.0,-24.47731
1909116406.25,-24.47398
1909116562.5,-24.47609
1909116718.75,-24.47452
1909116875.0,-24.47281
1909117031.25,-24.47222
1909117187.5,-24.47131
1909117343.75,-24.46909
1909117500.0,-24.46834
1909117656.25,-24.46484
1909117812.5,-24.46527
1909117968.75,-24.46283
1909118125.0,-24.46265
1909118281.25,-24.45885
1909118437.5,-24.4584
1909118593.75,-24.45711
1909118750.0,-24.4561
1909118906.25,-24.45436
1909119062.5,-24.4533
1909119218.75,-24.45322
1909119375.0,-24.44456
1909119531.25,-24.44803
1909119687.5,-24.44747
1909119843.75,-24.4478
1909120000.0,-24.44593
1909120156.25,-24.44298
1909120312.5,-24.44217
1909120468.75,-24.43949
1909120625.0,-24.43719
1909120781.25,-24.44012
1909120937.5,-24.43616
1909121093.75,-24.43202
1909121250.0,-24.43188
1909121406.25,-24.43196
1909121562.5,-24.43004
1909121718.75,-24.42636
1909121875.0,-24.42684
1909122031.25,-24.42539
1909122187.5,-24.42395
1909122343.75,-24.42232
1909122500.0,-24.42089
1909122656.25,-24.42125
1909122812.5,-24.41984
1909122968.75,-24.41819
1909123125.0,-24.41536
1909123281.25,-24.41438
1909123437.5,-24.41078
1909123593.75,-24.41153
1909123750.0,-24.40955
1909123906.25,-24.40939
1909124062.5,-24.40837
1909124218.75,-24.40397
1909124375.0,-24.40645
1909124531.25,-24.4005
1909124687.5,-24.39996
1909124843.75,-24.39909
1909125000.0,-24.39897
1909125156.25,-24.39817
1909125312.5,-24.39757
1909125468.75,-24.39553
1909125625.0,-24.39163
1909125781.25,-24.3909
1909125937.5,-24.39242
1909126093.75,-24.39059
1909126250.0,-24.38575
1909126406.25,-24.38442
1909126562.5,-24.38362
1909126718.75,-24.38049
1909126875.0,-24.3815
1909127031.25,-24.37789
1909127187.5,-24.37861
1909127343.75,-24.37597
1909127500.0,-24.37718
1909127656.25,-24.37693
1909127812.5,-24.37263
1909127968.75,-24.36952
1909128125.0,-24.36812
1909128281.25,-24.36979
1909128437.5,-24.36533
1909128593.75,-24.36509
1909128750.0,-24.36298
1909128906.25,-24.36201
1909129062.5,-24.35943
1909129218.75,-24.36117
1909129375.0,-24.3585
1909129531.25,-24.35564
1909129687.5,-24.35281
1909129843.75,-24.35376
1909130000.0,-24.35485
1909130156.25,-24.35127
1909130312.5,-24.35061
1909130468.75,-24.34863
1909130625.0,-24.34536
1909130781.25,-24.34446
1909130937.5,-24.3454
1909131093.75,-24.34091
1909131250.0,-24.34184
1909131406.25,-24.34022
1909131562.5,-24.33942
1909131718.75,-24.33508
1909131875.0,-24.33534
1909132031.25,-24.33143
1909132187.5,-24.33195
1909132343.75,-24.33297
1909132500.0,-24.32986
1909132656.25,-24.32755
1909132812.5,-24.32507
1909132968.75,-24.32479
1909133125.0,-24.32289
1909133281.25,-24.32183
1909133437.5,-24.31974
1909133593.75,-24.31862
1909133750.0,-24.31914
1909133906.25,-24.31821
1909134062.5,-24.31388
1909134218.75,-24.31454
1909134375.0,-24.31146
1909134531.25,-24.309
1909134687.5,-24.30871
1909134843.75,-24.30842
1909135000.0,-24.30645
1909135156.25,-24.30635
1909135312.5,-24.3009
1909135468.75,-24.30219
1909135625.0,-24.30031
1909135781.25,-24.29967
1909135937.5,-24.2978
1909136093.75,-24.29759
1909136250.0,-24.29368
1909136406.25,-24.29318
1909136562.5,-24.29064
1909136718.75,-24.29164
1909136875.0,-24.28717
1909137031.25,-24.28947
1909137187.5,-24.28702
1909137343.75,-24.28531
1909137500.0,-24.28209
1909137656.25,-24.28071
1909137812.5,-24.27794
1909137968.75,-24.27851
1909138125.0,-24.27591
1909138281.25,-24.27669
1909138437.5,-24.2743
1909138593.75,-24.27412
1909138750.0,-24.27283
1909138906.25,-24.27084
1909139062.5,-24.26715
1909139218.75,-24.26701
1909139375.0,-24.26831
1909139531.25,-24.26586
1909139687.5,-24.26493
1909139843.75,-24.26126
1909140000.0,-24.25971
1909140156.25,-24.26071
1909140312.5,-24.25537
1909140468.75,-24.25897
1909140625.0,-24.25404
1909140781.25,-24.24983
1909140937.5,-24.2528
1909141093.75,-24.25114
1909141250.0,-24.2487
1909141406.25,-24.24778
1909141562.5,-24.24497
1909141718.75,-24.24514
1909141875.0,-24.24177
1909142031.25,-24.24026
1909142187.5,-24.24177
1909142343.75,-24.238
1909142500.0,-24.23532
1909142656.25,-24.23362
1909142812.5,-24.23565
1909142968.75,-24.23112
1909143125.0,-24.22889
1909143281.25,-24.22997
1909143437.5,-24.22765
1909143593.75,-24.22497
1909143750.0,-24.22635
1909143906.25,-24.22183
1909144062.5,-24.22268
1909144218.75,-24.21905
1909144375.0,-24.21912
1909144531.25,-24.21688
1909144687.5,-24.21522
1909144843.75,-24.21416
1909145000.0,-24.21346
1909145156.25,-24.21313
1909145312.5,-24.20934
1909145468.75,-24.21147
1909145625.0,-24.20777
1909145781.25,-24.20496
1909145937.5,-24.20429
1909146093.75,-24.20386
1909146250.0,-24.20367
1909146406.25,-24.19854
1909146562.5,-24.19785
1909146718.75,-24.19681
1909146875.0,-24.19704
1909147031.25,-24.19568
1909147187.5,-24.19208
1909147343.75,-24.19218
1909147500.0,-24.19039
1909147656.25,-24.18519
1909147812.5,-24.18559
1909147968.75,-24.18593
1909148125.0,-24.18148
1909148281.25,-24.18551
1909148437.5,-24.17961
1909148593.75,-24.1782
1909148750.0,-24.17605
1909148906.25,-24.17735
1909149062.5,-24.17708
1909149218.75,-24.17364
1909149375.0,-24.17213
1909149531.25,-24.17083
1909149687.5,-24.16924
1909149843.75,-24.16929
1909150000.0,-24.16481
1909150156.25,-24.16455
1909150312.5,-24.16246
1909150468.75,-24.16214
1909150625.0,-24.1606
1909150781.25,-24.15509
1909150937.5,-24.15613
1909151093.75,-24.15503
1909151250.0,-24.15219
1909151406.25,-24.15145
1909151562.5,-24.15085
1909151718.75,-24.15071
1909151875.0,-24.14843
1909152031.25,-24.14626
1909152187.5,-24.1462
1909152343.75,-24.14348
1909152500.0,-24.14204
1909152656.25,-24.13946
1909152812.5,-24.14045
1909152968.75,-24.13968
1909153125.0,-24.13718
1909153281.25,-24.13655
1909153437.5,-24.13445
1909153593.75,-24.13113
1909153750.0,-24.13354
1909153906.25,-24.13109
1909154062.5,-24.12796
1909154218.75,-24.12589
1909154375.0,-24.12525
1909154531.25,-24.12209
1909154687.5,-24.12389
1909154843.75,-24.12194
1909155000.0,-24.11733
1909155156.25,-24.11549
1909155312.5,-24.11497
1909155468.75,-24.11597
1909155625.0,-24.11238
1909155781.25,-24.113
1909155937.5,-24.10912
1909156093.75,-24.10588
1909156250.0,-24.1056
1909156406.25,-24.10653
1909156562.5,-24.10314
1909156718.75,-24.10507
1909156875.0,-24.10117
1909157031.25,-24.10114
1909157187.5,-24.09888
1909157343.75,-24.09835
1909157500.0,-24.096
1909157656.25,-24.09353
1909157812.5,-24.09245
1909157968.75,-24.09293
1909158125.0,-24.0878
1909158281.25,-24.08873
1909158437.5,-24.08685
1909158593.75,-24.08501
1909158750.0,-24.08393
1909158906.25,-24.08299
1909159062.5,-24.07908
1909159218.75,-24.07982
1909159375.0,-24.0767
1909159531.25,-24.07468
1909159687.5,-24.07336
1909159843.75,-24.07235
1909160000.0,-24.07312
1909160156.25,-24.06836
1909160312.5,-24.06842
1909160468.75,-24.0663
1909160625.0,-24.06555
1909160781.25,-24.06316
1909160937.5,-24.06003
1909161093.75,-24.05964
1909161250.0,-24.05814
1909161406.25,-24.05813
1909161562.5,-24.05779
1909161718.75,-24.05579
1909161875.0,-24.05208
1909162031.25,-24.05131
1909162187.5,-24.05107
1909162343.75,-24.05035
1909162500.0,-24.04532
1909162656.25,-24.04619
1909162812.5,-24.04477
1909162968.75,-24.0447
1909163125.0,-24.04218
1909163281.25,-24.04041
1909163437.5,-24.04094
1909163593.75,-24.03901
1909163750.0,-24.03542
1909163906.25,-24.03468
1909164062.5,-24.03138
1909164218.75,-24.03147
1909164375.0,-24.03174
1909164531.25,-24.02846
1909164687.5,-24.02716
1909164843.75,-24.02766
1909165000.0,-24.02543
1909165156.25,-24.02454
1909165312.5,-24.02181
1909165468.75,-24.01841
1909165625.0,-24.02078
1909165781.25,-24.01856
1909165937.5,-24.01736
1909166093.75,-24.01447
1909166250.0,-24.01256
1909166406.25,-24.01152
1909166562.5,-24.00816
1909166718.75,-24.00665
1909166875.0,-24.00537
1909167031.25,-24.00414
1909167187.5,-24.00487
1909167343.75,-23.99886
1909167500.0,-23.99998
1909167656.25,-24.00106
1909167812.5,-23.99563
1909167968.75,-23.99508
1909168125.0,-23.9953
1909168281.25,-23.99099
1909168437.5,-23.99137
1909168593.75,-23.98852
1909168750.0,-23.98596
1909168906.25,-23.98826
1909169062.5,-23.98242
1909169218.75,-23.98483
1909169375.0,-23.98077
1909169531.25,-23.98233
1909169687.5,-23.9792
1909169843.75,-23.97727
1909170000.0,-23.97353
1909170156.25,-23.97523
1909170312.5,-23.97011
1909170468.75,-23.97159
1909170625.0,-23.96751
1909170781.25,-23.96774
1909170937.5,-23.96535
1909171093.75,-23.96411
1909171250.0,-23.96452
1909171406.25,-23.96443
1909171562.5,-23.96237
1909171718.75,-23.95863
1909171875.0,-23.95847
1909172031.25,-23.9553
1909172187.5,-23.95478
1909172343.75,-23.95181
1909172500.0,-23.95026
1909172656.25,-23.94919
1909172812.5,-23.94798
1909172968.75,-23.94603
1909173125.0,-23.94423
1909173281.25,-23.94195
1909173437.5,-23.94182
1909173593.75,-23.93893
1909173750.0,-23.93997
1909173906.25,-23.93711
1909174062.5,-23.93333
1909174218.75,-23.9344
1909174375.0,-23.9353
1909174531.25,-23.93221
1909174687.5,-23.93082
1909174843.75,-23.93024
1909175000.0,-23.92956
1909175156.25,-23.92601
1909175312.5,-23.92681
1909175468.75,-23.92308
1909175625.0,-23.92241
1909175781.25,-23.91921
1909175937.5,-23.91975
1909176093.75,-23.91592
1909176250.0,-23.91535
1909176406.25,-23.91236
1909176562.5,-23.9129
1909176718.75,-23.91325
1909176875.0,-23.90732
1909177031.25,-23.90796
1909177187.5,-23.90596
1909177343.75,-23.90587
1909177500.0,-23.90178
1909177656.25,-23.90324
1909177812.5,-23.90095
1909177968.75,-23.89679
1909178125.0,-23.89619
1909178281.25,-23.89631
1909178437.5,-23.89294
1909178593.75,-23.89394
1909178750.0,-23.88918
1909178906.25,-23.88923
1909179062.5,-23.88912
1909179218.75,-23.88754
1909179375.0,-23.88581
1909179531.25,-23.88149
1909179687.5,-23.88452
1909179843.75,-23.88193
1909180000.0,-23.87894
1909180156.25,-23.87579
1909180312.5,-23.87368
1909180468.75,-23.87564
1909180625.0,-23.87278
1909180781.25,-23.87396
1909180937.5,-23.87246
1909181093.75,-23.86875
1909181250.0,-23.86662
1909181406.25,-23.86758
1909181562.5,-23.86232
1909181718.75,-23.86129
1909181875.0,-23.85811
1909182031.25,-23.85745
1909182187.5,-23.85852
1909182343.75,-23.85594
1909182500.0,-23.85423
1909182656.25,-23.8555
1909182812.5,-23.85541
1909182968.75,-23.84948
1909183125.0,-23.84868
1909183281.25,-23.84861
1909183437.5,-23.84666
1909183593.75,-23.8431
1909183750.0,-23.84333
1909183906.25,-23.84019
1909184062.5,-23.83856
1909184218.75,-23.84035
1909184375.0,-23.83704
1909184531.25,-23.83569
1909184687.5,-23.83375
1909184843.75,-23.83251
1909185000.0,-23.8321
1909185156.25,-23.83002
1909185312.5,-23.82845
1909185468.75,-23.82535
1909185625.0,-23.82414
1909185781.25,-23.82195
1909185937.5,-23.8198
1909186093.75,-23.8195
1909186250.0,-23.81662
1909186406.25,-23.81526
1909186562.5,-23.8147
1909186718.75,-23.81377
1909186875.0,-23.81233
1909187031.25,-23.8096
1909187187.5,-23.8099
1909187343.75,-23.8056
1909187500.0,-23.80694
1909187656.25,-23.8026
1909187812.5,-23.80366
1909187968.75,-23.80137
1909188125.0,-23.80162
1909188281.25,-23.79969
1909188437.5,-23.79758
1909188593.75,-23.79423
1909188750.0,-23.79389
1909188906.25,-23.79351
1909189062.5,-23.79215
1909189218.75,-23.78931
1909189375.0,-23.78883
1909189531.25,-23.7844
1909189687.5,-23.78562
1909189843.75,-23.78184
1909190000.0,-23.78246
1909190156.25,-23.78116
1909190312.5,-23.77712
1909190468.75,-23.77428
1909190625.0,-23.77585
1909190781.25,-23.77414
1909190937.5,-23.7731
1909191093.75,-23.77092
1909191250.0,-23.76799
1909191406.25,-23.76699
1909191562.5,-23.76664
1909191718.75,-23.76566
1909191875.0,-23.76502
1909192031.25,-23.76095
1909192187.5,-23.76044
1909192343.75,-23.7598
1909192500.0,-23.75712
1909192656.25,-23.75883
1909192812.5,-23.75352
1909192968.75,-23.75233
1909193125.0,-23.75056
1909193281.25,-23.74777
1909193437.5,-23.74631
1909193593.75,-23.74611
1909193750.0,-23.74451
1909193906.25,-23.74241
1909194062.5,-23.74141
1909194218.75,-23.74115
1909194375.0,-23.73849
1909194531.25,-23.7363
1909194687.5,-23.73413
1909194843.75,-23.73283
1909195000.0,-23.73005
1909195156.25,-23.73165
1909195312.5,-23.72747
1909195468.75,-23.72628
1909195625.0,-23.7253
1909195781.25,-23.72435
1909195937.5,-23.72351
1909196093.75,-23.72104
1909196250.0,-23.7219
1909196406.25,-23.72036
1909196562.5,-23.71572
1909196718.75,-23.71538
1909196875.0,-23.71487
1909197031.25,-23.71237
1909197187.5,-23.7109
1909197343.75,-23.70938
1909197500.0,-23.71028
1909197656.25,-23.70885
1909197812.5,-23.70348
1909197968.75,-23.70337
1909198125.0,-23.70094
1909198281.25,-23.70243
1909198437.5,-23.69837
1909198593.75,-23.69619
1909198750.0,-23.69795
1909198906.25,-23.69341
1909199062.5,-23.69184
1909199218.75,-23.68934
1909199375.0,-23.68875
1909199531.25,-23.6855
1909199687.5,-23.68736
1909199843.75,-23.68659
1909200000.0,-23.68486
1909200156.25,-23.68351
1909200312.5,-23.68093
1909200468.75,-23.67796
1909200625.0,-23.67664
1909200781.25,-23.67456
1909200937.5,-23.67416
1909201093.75,-23.67376
1909201250.0,-23.67121
1909201406.25,-23.67226
1909201562.5,-23.66862
1909201718.75,-23.66372
1909201875.0,-23.66396
1909202031.25,-23.66269
1909202187.5,-23.66008
1909202343.75,-23.65927
1909202500.0,-23.66022
1909202656.25,-23.658
1909202812.5,-23.65402
1909202968.75,-23.65416
1909203125.0,-23.65384
1909203281.25,-23.64991
1909203437.5,-23.64899
1909203593.75,-23.64918
1909203750.0,-23.64484
1909203906.25,-23.64244
1909204062.5,-23.64324
1909204218.75,-23.64218
1909204375.0,-23.64071
1909204531.25,-23.63915
1909204687.5,-23.63811
1909204843.75,-23.63282
1909205000.0,-23.63149
1909205156.25,-23.63192
1909205312.5,-23.63254
1909205468.75,-23.62836
1909205625.0,-23.62529
1909205781.25,-23.62477
1909205937.5,-23.62184
1909206093.75,-23.62127
1909206250.0,-23.62055
1909206406.25,-23.61836
1909206562.5,-23.61949
1909206718.75,-23.61718
1909206875.0,-23.61545
1909207031.25,-23.61098
1909207187.5,-23.61045
1909207343.75,-23.60724
1909207500.0,-23.60935
1909207656.25,-23.60427
1909207812.5,-23.60276
1909207968.75,-23.60355
1909208125.0,-23.60214
1909208281.25,-23.60269
1909208437.5,-23.59857
1909208593.75,-23.59679
1909208750.0,-23.59548
1909208906.25,-23.59177
1909209062.5,-23.59208
1909209218.75,-23.59033
1909209375.0,-23.58905
1909209531.25,-23.58629
1909209687.5,-23.58827
1909209843.75,-23.5863
1909210000.0,-23.58228
1909210156.25,-23.5833
1909210312.5,-23.57953
1909210468.75,-23.57744
1909210625.0,-23.57557
1909210781.25,-23.57532
1909210937.5,-23.57321
1909211093.75,-23.57091
1909211250.0,-23.57128
1909211406.25,-23.56843
1909211562.5,-23.5678
1909211718.75,-23.56369
1909211875.0,-23.56566
1909212031.25,-23.56225
1909212187.5,-23.5612
1909212343.75,-23.55574
1909212500.0,-23.55575
1909212656.25,-23.55696
1909212812.5,-23.55454
1909212968.75,-23.55084
1909213125.0,-23.55098
1909213281.25,-23.55067
1909213437.5,-23.54597
1909213593.75,-23.54904
1909213750.0,-23.54619
1909213906.25,-23.54262
1909214062.5,-23.54235
1909214218.75,-23.54072
1909214375.0,-23.53779
1909214531.25,-23.53823
1909214687.5,-23.53452
1909214843.75,-23.53417
1909215000.0,-23.532
1909215156.25,-23.52939
1909215312.5,-23.52788
1909215468.75,-23.52488
1909215625.0,-23.52321
1909215781.25,-23.52596
1909215937.5,-23.52137
1909216093.75,-23.52271
1909216250.0,-23.5207
1909216406.25,-23.51835
1909216562.5,-23.52152
1909216718.75,-23.51221
1909216875.0,-23.51227
1909217031.25,-23.51287
1909217187.5,-23.51186
1909217343.75,-23.50983
1909217500.0,-23.50728
1909217656.25,-23.50381
1909217812.5,-23.50314
1909217968.75,-23.50216
1909218125.0,-23.50052
1909218281.25,-23.49896
1909218437.5,-23.49704
1909218593.75,-23.49657
1909218750.0,-23.4939
1909218906.25,-23.49298
1909219062.5,-23.49068
1909219218.75,-23.49085
1909219375.0,-23.48786
1909219531.25,-23.48666
1909219687.5,-23.4854
1909219843.75,-23.48359
1909220000.0,-23.48226
1909220156.25,-23.48013
1909220312.5,-23.47967
1909220468.75,-23.4756
1909220625.0,-23.47644
1909220781.25,-23.47299
1909220937.5,-23.47209
1909221093.75,-23.47191
1909221250.0,-23.47094
1909221406.25,-23.46427
1909221562.5,-23.46783
1909221718.75,-23.46473
1909221875.0,-23.46345
1909222031.25,-23.46189
1909222187.5,-23.46134
1909222343.75,-23.45749
1909222500.0,-23.45575
1909222656.25,-23.45582
1909222812.5,-23.45407
1909222968.75,-23.45031
1909223125.0,-23.45113
1909223281.25,-23.44792
1909223437.5,-23.44824
1909223593.75,-23.44605
1909223750.0,-23.44436
1909223906.25,-23.44116
1909224062.5,-23.44036
1909224218.75,-23.44077
1909224375.0,-23.43574
1909224531.25,-23.43603
1909224687.5,-23.43475
1909224843.75,-23.43131
1909225000.0,-23.43092
1909225156.25,-23.43009
1909225312.5,-23.42704
1909225468.75,-23.42692
1909225625.0,-23.42416
1909225781.25,-23.42456
1909225937.5,-23.41985
1909226093.75,-23.41901
1909226250.0,-23.42054
1909226406.25,-23.41568
1909226562.5,-23.41238
1909226718.75,-23.41515
1909226875.0,-23.41109
1909227031.25,-23.40916
1909227187.5,-23.40618
1909227343.75,-23.40612
1909227500.0,-23.40604
1909227656.25,-23.40521
1909227812.5,-23.40399
1909227968.75,-23.40179
1909228125.0,-23.39976
1909228281.25,-23.39831
1909228437.5,-23.39715
1909228593.75,-23.39228
1909228750.0,-23.39421
1909228906.25,-23.39157
1909229062.5,-23.39021
1909229218.75,-23.38793
1909229375.0,-23.38656
1909229531.25,-23.38399
1909229687.5,-23.38262
1909229843.75,-23.38018
1909230000.0,-23.38185
1909230156.25,-23.37845
1909230312.5,-23.37754
1909230468.75,-23.37473
1909230625.0,-23.3765
1909230781.25,-23.37114
1909230937.5,-23.36974
1909231093.75,-23.36994
1909231250.0,-23.3671
1909231406.25,-23.36524
1909231562.5,-23.36154
1909231718.75,-23.36165
1909231875.0,-23.35863
1909232031.25,-23.35928
1909232187.5,-23.36038
1909232343.75,-23.35636
1909232500.0,-23.3572
1909232656.25,-23.3542
1909232812.5,-23.35154
1909232968.75,-23.35134
1909233125.0,-23.34808
1909233281.25,-23.34661
1909233437.5,-23.34555
1909233593.75,-23.34482
1909233750.0,-23.34248
1909233906.25,-23.34002
1909234062.5,-23.33644
1909234218.75,-23.33626
1909234375.0,-23.33414
1909234531.25,-23.33635
1909234687.5,-23.33349
1909234843.75,-23.32763
1909235000.0,-23.33143
1909235156.25,-23.32735
1909235312.5,-23.32574
1909235468.75,-23.32398
1909235625.0,-23.32171
1909235781.25,-23.32014
1909235937.5,-23.31864
1909236093.75,-23.31894
1909236250.0,-23.31796
1909236406.25,-23.31367
1909236562.5,-23.31193
1909236718.75,-23.31021
1909236875.0,-23.30828
1909237031.25,-23.30905
1909237187.5,-23.30487
1909237343.75,-23.30308
1909237500.0,-23.30605
1909237656.25,-23.30192
1909237812.5,-23.30196
1909237968.75,-23.29648
1909238125.0,-23.29801
1909238281.25,-23.2985
1909238437.5,-23.29333
1909238593.75,-23.29023
1909238750.0,-23.28774
1909238906.25,-23.28649
1909239062.5,-23.28398
1909239218.75,-23.28727
1909239375.0,-23.28386
1909239531.25,-23.28337
1909239687.5,-23.27905
1909239843.75,-23.27853
1909240000.0,-23.27475
1909240156.25,-23.2763
1909240312.5,-23.27503
1909240468.75,-23.27102
1909240625.0,-23.27026
1909240781.25,-23.26483
1909240937.5,-23.26625
1909241093.75,-23.26705
1909241250.0,-23.26603
1909241406.25,-23.26119
1909241562.5,-23.25839
1909241718.75,-23.25776
1909241875.0,-23.25685
1909242031.25,-23.25629
1909242187.5,-23.25252
1909242343.75,-23.2531
1909242500.0,-23.24886
1909242656.25,-23.24835
1909242812.5,-23.2471
1909242968.75,-23.24617
1909243125.0,-23.24364
1909243281.25,-23.24134
1909243437.5,-23.24137
1909243593.75,-23.23701
1909243750.0,-23.23864
1909243906.25,-23.23557
1909244062.5,-23.23454
1909244218.75,-23.23204
1909244375.0,-23.23104
1909244531.25,-23.23024
1909244687.5,-23.22972
1909244843.75,-23.22777
1909245000.0,-23.22421
1909245156.25,-23.22199
1909245312.5,-23.22149
1909245468.75,-23.21812
1909245625.0,-23.21731
1909245781.25,-23.21566
1909245937.5,-23.21343
1909246093.75,-23.21266
1909246250.0,-23.2137
1909246406.25,-23.20839
1909246562.5,-23.20977
1909246718.75,-23.20574
1909246875.0,-23.20462
1909247031.25,-23.20185
1909247187.5,-23.20251
1909247343.75,-23.20008
1909247500.0,-23.20198
1909247656.25,-23.20099
1909247812.5,-23.19725
1909247968.75,-23.19293
1909248125.0,-23.19193
1909248281.25,-23.18973
1909248437.5,-23.19226
1909248593.75,-23.18574
1909248750.0,-23.1848
1909248906.25,-23.18371
1909249062.5,-23.18244
1909249218.75,-23.18123
1909249375.0,-23.17912
1909249531.25,-23.17608
1909249687.5,-23.17455
1909249843.75,-23.17394
1909250000.0,-23.17196
1909250156.25,-23.16961
1909250312.5,-23.16987
1909250468.75,-23.16611
1909250625.0,-23.1653
1909250781.25,-23.16491
1909250937.5,-23.1627
1909251093.75,-23.16085
1909251250.0,-23.15736
1909251406.25,-23.16065
1909251562.5,-23.15667
1909251718.75,-23.15587
1909251875.0,-23.15084
1909252031.25,-23.15057
1909252187.5,-23.15104
1909252343.75,-23.15088
1909252500.0,-23.14588
1909252656.25,-23.14641
1909252812.5,-23.14417
1909252968.75,-23.14105
1909253125.0,-23.14075
1909253281.25,-23.13768
1909253437.5,-23.13644
1909253593.75,-23.13205
1909253750.0,-23.13298
1909253906.25,-23.13157
1909254062.5,-23.13157
1909254218.75,-23.1295
1909254375.0,-23.12597
1909254531.25,-23.12536
1909254687.5,-23.12239
1909254843.75,-23.12325
1909255000.0,-23.12113
1909255156.25,-23.11813
1909255312.5,-23.11625
1909255468.75,-23.11523
1909255625.0,-23.11404
1909255781.25,-23.11207
1909255937.5,-23.1111
1909256093.75,-23.10826
1909256250.0,-23.10541
1909256406.25,-23.10557
1909256562.5,-23.1027
1909256718.75,-23.10256
1909256875.0,-23.09893
1909257031.25,-23.09766
1909257187.5,-23.099
1909257343.75,-23.09323
1909257500.0,-23.09441
1909257656.25,-23.09226
1909257812.5,-23.09134
1909257968.75,-23.08922
1909258125.0,-23.08756
1909258281.25,-23.08203
1909258437.5,-23.08697
1909258593.75,-23.08212
1909258750.0,-23.07975
1909258906.25,-23.07867
1909259062.5,-23.07648
1909259218.75,-23.07266
1909259375.0,-23.07249
1909259531.25,-23.07162
1909259687.5,-23.0696
1909259843.75,-23.06703
1909260000.0,-23.06754
1909260156.25,-23.06285
1909260312.5,-23.06593
1909260468.75,-23.0615
1909260625.0,-23.05966
1909260781.25,-23.0601
1909260937.5,-23.05768
1909261093.75,-23.05589
1909261250.0,-23.05273
1909261406.25,-23.05178
1909261562.5,-23.04882
1909261718.75,-23.04997
1909261875.0,-23.04519
1909262031.25,-23.04521
1909262187.5,-23.04107
1909262343.75,-23.04367
1909262500.0,-23.04128
1909262656.25,-23.04038
1909262812.5,-23.03614
1909262968.75,-23.0346
1909263125.0,-23.03248
1909263281.25,-23.03092
1909263437.5,-23.03054
1909263593.75,-23.03097
1909263750.0,-23.02732
1909263906.25,-23.02584
1909264062.5,-23.02339
1909264218.75,-23.02168
1909264375.0,-23.02078
1909264531.25,-23.01758
1909264687.5,-23.01797
1909264843.75,-23.0166
1909265000.0,-23.01344
1909265156.25,-23.01368
1909265312.5,-23.00994
1909265468.75,-23.0068
1909265625.0,-23.0043
1909265781.25,-23.00708
1909265937.5,-23.00338
1909266093.75,-23.00177
1909266250.0,-22.99959
1909266406.25,-22.99852
1909266562.5,-22.99491
1909266718.75,-22.99569
1909266875.0,-22.99158
1909267031.25,-22.99136
1909267187.5,-22.98909
1909267343.75,-22.98828
1909267500.0,-22.98715
1909267656.25,-22.9855
1909267812.5,-22.98223
1909267968.75,-22.98127
1909268125.0,-22.98095
1909268281.25,-22.9762
1909268437.5,-22.97518
1909268593.75,-22.9739
1909268750.0,-22.9731
1909268906.25,-22.97204
1909269062.5,-22.96745
1909269218.75,-22.96865
1909269375.0,-22.96614
1909269531.25,-22.96414
1909269687.5,-22.96386
1909269843.75,-22.9611
1909270000.0,-22.95798
1909270156.25,-22.9584
1909270312.5,-22.95778
1909270468.75,-22.95661
1909270625.0,-22.95542
1909270781.25,-22.95425
1909270937.5,-22.94784
1909271093.75,-22.9475
1909271250.0,-22.94712
1909271406.25,-22.94437
1909271562.5,-22.94364
1909271718.75,-22.94155
1909271875.0,-22.94178
1909272031.25,-22.93999
1909272187.5,-22.93542
1909272343.75,-22.93532
1909272500.0,-22.93185
1909272656.25,-22.93273
1909272812.5,-22.9306
1909272968.75,-22.92775
1909273125.0,-22.92782
1909273281.25,-22.9234
1909273437.5,-22.92361
1909273593.75,-22.92354
1909273750.0,-22.92066
1909273906.25,-22.91621
1909274062.5,-22.91682
1909274218.75,-22.91438
1909274375.0,-22.91316
1909274531.25,-22.91075
1909274687.5,-22.90868
1909274843.75,-22.90704
1909275000.0,-22.90582
1909275156.25,-22.90414
1909275312.5,-22.90027
1909275468.75,-22.89891
1909275625.0,-22.89845
1909275781.25,-22.89823
1909275937.5,-22.89534
1909276093.75,-22.8949
1909276250.0,-22.89278
1909276406.25,-22.89146
1909276562.5,-22.88964
1909276718.75,-22.88616
1909276875.0,-22.88717
1909277031.25,-22.88449
1909277187.5,-22.88227
1909277343.75,-22.88102
1909277500.0,-22.8818
1909277656.25,-22.87731
1909277812.5,-22.87667
1909277968.75,-22.87719
1909278125.0,-22.87348
1909278281.25,-22.87111
1909278437.5,-22.8699
1909278593.75,-22.86779
1909278750.0,-22.86385
1909278906.25,-22.86342
1909279062.5,-22.86073
1909279218.75,-22.85982
1909279375.0,-22.85834
1909279531.25,-22.85714
1909279687.5,-22.85721
1909279843.75,-22.85457
1909280000.0,-22.85237
1909280156.25,-22.85028
1909280312.5,-22.84978
1909280468.75,-22.84777
1909280625.0,-22.84562
1909280781.25,-22.84322
1909280937.5,-22.84278
1909281093.75,-22.83968
1909281250.0,-22.83785
1909281406.25,-22.8363
1909281562.5,-22.8342
1909281718.75,-22.83265
1909281875.0,-22.8324
1909282031.25,-22.82936
1909282187.5,-22.82687
1909282343.75,-22.82735
1909282500.0,-22.82439
1909282656.25,-22.82379
1909282812.5,-22.82177
1909282968.75,-22.8219
1909283125.0,-22.81921
1909283281.25,-22.8146
1909283437.5,-22.81487
1909283593.75,-22.81387
1909283750.0,-22.81342
1909283906.25,-22.80987
1909284062.5,-22.80584
1909284218.75,-22.80332
1909284375.0,-22.80234
1909284531.25,-22.80329
1909284687.5,-22.8011
1909284843.75,-22.79923
1909285000.0,-22.79857
1909285156.25,-22.79745
1909285312.5,-22.79225
1909285468.75,-22.79189
1909285625.0,-22.79232
1909285781.25,-22.79183
1909285937.5,-22.78947
1909286093.75,-22.78439
1909286250.0,-22.78597
1909286406.25,-22.7824
1909286562.5,-22.78059
1909286718.75,-22.7772
1909286875.0,-22.77719
1909287031.25,-22.77642
1909287187.5,-22.77082
1909287343.75,-22.77061
1909287500.0,-22.77057
1909287656.25,-22.76862
1909287812.5,-22.76688
1909287968.75,-22.76508
1909288125.0,-22.76268
1909288281.25,-22.76122
1909288437.5,-22.75939
1909288593.75,-22.75643
1909288750.0,-22.75578
1909288906.25,-22.75373
1909289062.5,-22.75428
1909289218.75,-22.75225
1909289375.0,-22.74963
1909289531.25,-22.74798
1909289687.5,-22.74482
1909289843.75,-22.74473
1909290000.0,-22.74308
1909290156.25,-22.74323
1909290312.5,-22.73999
1909290468.75,-22.7374
1909290625.0,-22.73622
1909290781.25,-22.73383
1909290937.5,-22.73132
1909291093.75,-22.73076
1909291250.0,-22.72815
1909291406.25,-22.72844
1909291562.5,-22.7262
1909291718.75,-22.72437
1909291875.0,-22.72154
1909292031.25,-22.71804
1909292187.5,-22.71937
1909292343.75,-22.71443
1909292500.0,-22.71446
1909292656.25,-22.71343
1909292812.5,-22.71134
1909292968.75,-22.71034
1909293125.0,-22.70732
1909293281.25,-22.70538
1909293437.5,-22.70385
1909293593.75,-22.70481
1909293750.0,-22.69999
1909293906.25,-22.69863
1909294062.5,-22.69741
1909294218.75,-22.69584
1909294375.0,-22.69184
1909294531.25,-22.69329
1909294687.5,-22.6927
1909294843.75,-22.68874
1909295000.0,-22.68811
1909295156.25,-22.68555
1909295312.5,-22.68398
1909295468.75,-22.68179
1909295625.0,-22.68092
1909295781.25,-22.68171
1909295937.5,-22.67632
1909296093.75,-22.67366
1909296250.0,-22.67486
1909296406.25,-22.67348
1909296562.5,-22.6703
1909296718.75,-22.66903
1909296875.0,-22.66893
1909297031.25,-22.66513
1909297187.5,-22.66347
1909297343.75,-22.66349
1909297500.0,-22.65975
1909297656.25,-22.6575
1909297812.5,-22.65799
1909297968.75,-22.65481
1909298125.0,-22.65167
1909298281.25,-22.65162
1909298437.5,-22.65167
1909298593.75,-22.64713
1909298750.0,-22.64487
1909298906.25,-22.64303
1909299062.5,-22.64016
1909299218.75,-22.64229
1909299375.0,-22.63832
1909299531.25,-22.63806
1909299687.5,-22.63706
1909299843.75,-22.6343
1909300000.0,-22.63279
1909300156.25,-22.62827
1909300312.5,-22.62608
1909300468.75,-22.62771
1909300625.0,-22.62561
1909300781.25,-22.62395
1909300937.5,-22.62118
1909301093.75,-22.6215
1909301250.0,-22.61659
1909301406.25,-22.61587
1909301562.5,-22.61516
1909301718.75,-22.61332
1909301875.0,-22.61269
1909302031.25,-22.60751
1909302187.5,-22.60764
1909302343.75,-22.60625
1909302500.0,-22.603
1909302656.25,-22.60132
1909302812.5,-22.59841
1909302968.75,-22.60145
1909303125.0,-22.59637
1909303281.25,-22.5948
1909303437.5,-22.59431
1909303593.75,-22.59356
1909303750.0,-22.58982
1909303906.25,-22.5886
1909304062.5,-22.58758
1909304218.75,-22.58562
1909304375.0,-22.58395
1909304531.25,-22.5822
1909304687.5,-22.57948
1909304843.75,-22.5764
1909305000.0,-22.5768
1909305156.25,-22.5745
1909305312.5,-22.57343
1909305468.75,-22.57144
1909305625.0,-22.56861
1909305781.25,-22.56704
1909305937.5,-22.56633
1909306093.75,-22.56541
1909306250.0,-22.56176
1909306406.25,-22.56097
1909306562.5,-22.55856
1909306718.75,-22.55816
1909306875.0,-22.55519
1909307031.25,-22.55217
1909307187.5,-22.55343
1909307343.75,-22.54986
1909307500.0,-22.54803
1909307656.25,-22.54704
1909307812.5,-22.54307
1909307968.75,-22.5421
1909308125.0,-22.54108
1909308281.25,-22.53916
1909308437.5,-22.53595
1909308593.75,-22.53571
1909308750.0,-22.53392
1909308906.25,-22.53266
1909309062.5,-22.53294
1909309218.75,-22.52825
1909309375.0,-22.52981
1909309531.25,-22.52512
1909309687.5,-22.52304
1909309843.75,-22.51936
1909310000.0,-22.52064
1909310156.25,-22.51846
1909310312.5,-22.51631
1909310468.75,-22.5159
1909310625.0,-22.51348
1909310781.25,-22.51177
1909310937.5,-22.50847
1909311093.75,-22.5088
1909311250.0,-22.50491
1909311406.25,-22.50183
1909311562.5,-22.5043
1909311718.75,-22.50294
1909311875.0,-22.49863
1909312031.25,-22.49524
1909312187.5,-22.49569
1909312343.75,-22.49229
1909312500.0,-22.49252
1909312656.25,-22.4891
1909312812.5,-22.48809
1909312968.75,-22.48644
1909313125.0,-22.48371
1909313281.25,-22.48348
1909313437.5,-22.48045
1909313593.75,-22.47988
1909313750.0,-22.47747
1909313906.25,-22.47459
1909314062.5,-22.47526
1909314218.75,-22.47185
1909314375.0,-22.47173
1909314531.25,-22.46831
1909314687.5,-22.46681
1909314843.75,-22.46666
1909315000.0,-22.46436
1909315156.25,-22.46216
1909315312.5,-22.46104
1909315468.75,-22.4582
1909315625.0,-22.45653
1909315781.25,-22.45477
1909315937.5,-22.45497
1909316093.75,-22.45043
1909316250.0,-22.44809
1909316406.25,-22.44738
1909316562.5,-22.44568
1909316718.75,-22.44421
1909316875.0,-22.44139
1909317031.25,-22.44163
1909317187.5,-22.439
1909317343.75,-22.4388
1909317500.0,-22.43649
1909317656.25,-22.43301
1909317812.5,-22.43188
1909317968.75,-22.42902
1909318125.0,-22.42893
1909318281.25,-22.42686
1909318437.5,-22.42459
1909318593.75,-22.42299
1909318750.0,-22.41829
1909318906.25,-22.42123
1909319062.5,-22.4183
1909319218.75,-22.41612
1909319375.0,-22.41642
1909319531.25,-22.41167
1909319687.5,-22.40941
1909319843.75,-22.40976
1909320000.0,-22.40539
1909320156.25,-22.40747
1909320312.5,-22.40198
1909320468.75,-22.4025
1909320625.0,-22.39998
1909320781.25,-22.39561
1909320937.5,-22.39603
1909321093.75,-22.39404
1909321250.0,-22.39429
1909321406.25,-22.3911
1909321562.5,-22.38977
1909321718.75,-22.38537
1909321875.0,-22.38421
1909322031.25,-22.38331
1909322187.5,-22.38378
1909322343.75,-22.37769
1909322500.0,-22.38009
1909322656.25,-22.37553
1909322812.5,-22.37385
1909322968.75,-22.37312
1909323125.0,-22.3713
1909323281.25,-22.3697
1909323437.5,-22.36595
1909323593.75,-22.36807
1909323750.0,-22.36754
1909323906.25,-22.36211
1909324062.5,-22.36287
1909324218.75,-22.35805
1909324375.0,-22.35625
1909324531.25,-22.35437
1909324687.5,-22.35266
1909324843.75,-22.35049
1909325000.0,-22.34767
1909325156.25,-22.34584
1909325312.5,-22.34564
1909325468.75,-22.34546
1909325625.0,-22.3412
1909325781.25,-22.34097
1909325937.5,-22.33891
1909326093.75,-22.33558
1909326250.0,-22.33538
1909326406.25,-22.33402
1909326562.5,-22.3327
1909326718.75,-22.33144
1909326875.0,-22.32705
1909327031.25,-22.32659
1909327187.5,-22.32459
1909327343.75,-22.32159
1909327500.0,-22.31961
1909327656.25,-22.31812
1909327812.5,-22.31798
1909327968.75,-22.31514
1909328125.0,-22.31246
1909328281.25,-22.31316
1909328437.5,-22.30934
1909328593.75,-22.31082
1909328750.0,-22.30692
1909328906.25,-22.30304
1909329062.5,-22.30393
1909329218.75,-22.30159
1909329375.0,-22.29819
1909329531.25,-22.29547
1909329687.5,-22.29408
1909329843.75,-22.29318
1909330000.0,-22.29419
1909330156.25,-22.28698
1909330312.5,-22.28685
1909330468.75,-22.28491
1909330625.0,-22.28498
1909330781.25,-22.28246
1909330937.5,-22.28173
1909331093.75,-22.27686
1909331250.0,-22.27532
1909331406.25,-22.27622
1909331562.5,-22.2729
1909331718.75,-22.27094
1909331875.0,-22.27062
1909332031.25,-22.26818
1909332187.5,-22.26485
1909332343.75,-22.26569
1909332500.0,-22.26168
1909332656.25,-22.26022
1909332812.5,-22.25952
1909332968.75,-22.25831
1909333125.0,-22.25504
1909333281.25,-22.25439
1909333437.5,-22.2513
1909333593.75,-22.25024
1909333750.0,-22.24851
1909333906.25,-22.2488
1909334062.5,-22.24515
1909334218.75,-22.24462
1909334375.0,-22.24277
1909334531.25,-22.23971
1909334687.5,-22.23509
1909334843.75,-22.23516
1909335000.0,-22.23292
1909335156.25,-22.23303
1909335312.5,-22.2282
1909335468.75,-22.22712
1909335625.0,-22.22557
1909335781.25,-22.22265
1909335937.5,-22.2219
1909336093.75,-22.22344
1909336250.0,-22.21963
1909336406.25,-22.21804
1909336562.5,-22.21379
1909336718.75,-22.21307
1909336875.0,-22.20965
1909337031.25,-22.21096
1909337187.5,-22.20814
1909337343.75,-22.20614
1909337500.0,-22.20287
1909337656.25,-22.20406
1909337812.5,-22.20043
1909337968.75,-22.19826
1909338125.0,-22.19791
1909338281.25,-22.19463
1909338437.5,-22.19325
1909338593.75,-22.19177
1909338750.0,-22.1897
1909338906.25,-22.18974
1909339062.5,-22.1878
1909339218.75,-22.18162
1909339375.0,-22.18436
1909339531.25,-22.17918
1909339687.5,-22.18051
1909339843.75,-22.17722
1909340000.0,-22.17527
1909340156.25,-22.17519
1909340312.5,-22.17278
1909340468.75,-22.17097
1909340625.0,-22.16727
1909340781.25,-22.16656
1909340937.5,-22.16202
1909341093.75,-22.16274
1909341250.0,-22.16236
1909341406.25,-22.15812
1909341562.5,-22.15723
1909341718.75,-22.15504
1909341875.0,-22.15313
1909342031.25,-22.15041
1909342187.5,-22.14912
1909342343.75,-22.14621
1909342500.0,-22.14623
1909342656.25,-22.14543
1909342812.5,-22.1416
1909342968.75,-22.14087
1909343125.0,-22.1378
1909343281.25,-22.13905
1909343437.5,-22.13466
1909343593.75,-22.13581
1909343750.0,-22.12897
1909343906.25,-22.12985
1909344062.5,-22.12835
1909344218.75,-22.12701
1909344375.0,-22.12694
1909344531.25,-22.12121
1909344687.5,-22.12042
1909344843.75,-22.11639
1909345000.0,-22.11665
1909345156.25,-22.11497
1909345312.5,-22.11194
1909345468.75,-22.11097
1909345625.0,-22.10996
1909345781.25,-22.10559
1909345937.5,-22.10732
1909346093.75,-22.10458
1909346250.0,-22.0993
1909346406.25,-22.10029
1909346562.5,-22.09777
1909346718.75,-22.09681
1909346875.0,-22.09353
1909347031.25,-22.0925
1909347187.5,-22.0923
1909347343.75,-22.09023
1909347500.0,-22.08709
1909347656.25,-22.08585
1909347812.5,-22.08481
1909347968.75,-22.07962
1909348125.0,-22.07873
1909348281.25,-22.07818
1909348437.5,-22.07853
1909348593.75,-22.07492
1909348750.0,-22.07553
1909348906.25,-22.07066
1909349062.5,-22.06995
1909349218.75,-22.06674
1909349375.0,-22.06581
1909349531.25,-22.06471
1909349687.5,-22.06268
1909349843.75,-22.06032
1909350000.0,-22.05773
1909350156.25,-22.05721
1909350312.5,-22.05275
1909350468.75,-22.05033
1909350625.0,-22.04856
1909350781.25,-22.04897
1909350937.5,-22.04691
1909351093.75,-22.04344
1909351250.0,-22.04394
1909351406.25,-22.04251
1909351562.5,-22.03951
1909351718.75,-22.03836
1909351875.0,-22.03495
1909352031.25,-22.03249
1909352187.5,-22.03385
1909352343.75,-22.02868
1909352500.0,-22.02926
1909352656.25,-22.02684
1909352812.5,-22.0246
1909352968.75,-22.02248
1909353125.0,-22.02089
1909353281.25,-22.01999
1909353437.5,-22.01866
1909353593.75,-22.01694
1909353750.0,-22.01396
1909353906.25,-22.01369
1909354062.5,-22.01175
1909354218.75,-22.00716
1909354375.0,-22.00525
1909354531.25,-22.00276
1909354687.5,-22.00112
1909354843.75,-21.99865
1909355000.0,-21.99938
1909355156.25,-21.99765
1909355312.5,-21.99501
1909355468.75,-21.99351
1909355625.0,-21.98922
1909355781.25,-21.98829
1909355937.5,-21.98632
1909356093.75,-21.98796
1909356250.0,-21.9844
1909356406.25,-21.984
1909356562.5,-21.97964
1909356718.75,-21.97938
1909356875.0,-21.97675
1909357031.25,-21.97735
1909357187.5,-21.97434
1909357343.75,-21.97187
1909357500.0,-21.96729
1909357656.25,-21.96653
1909357812.5,-21.96376
1909357968.75,-21.96471
1909358125.0,-21.95889
1909358281.25,-21.95814
1909358437.5,-21.95504
1909358593.75,-21.95536
1909358750.0,-21.95428
1909358906.25,-21.95256
1909359062.5,-21.95068
1909359218.75,-21.9461
1909359375.0,-21.94963
1909359531.25,-21.94382
1909359687.5,-21.94259
1909359843.75,-21.94012
1909360000.0,-21.9424
1909360156.25,-21.93732
1909360312.5,-21.93661
1909360468.75,-21.93361
1909360625.0,-21.93291
1909360781.25,-21.92809
1909360937.5,-21.92735
1909361093.75,-21.92553
1909361250.0,-21.92577
1909361406.25,-21.92296
1909361562.5,-21.91899
1909361718.75,-21.91667
1909361875.0,-21.91667
1909362031.25,-21.91624
1909362187.5,-21.91284
1909362343.75,-21.91023
1909362500.0,-21.90743
1909362656.25,-21.90662
1909362812.5,-21.90737
1909362968.75,-21.90452
1909363125.0,-21.9004
1909363281.25,-21.89902
1909363437.5,-21.89854
1909363593.75,-21.89593
1909363750.0,-21.89441
1909363906.25,-21.89184
1909364062.5,-21.88933
1909364218.75,-21.88867
1909364375.0,-21.88571
1909364531.25,-21.88198
1909364687.5,-21.8831
1909364843.75,-21.87867
1909365000.0,-21.87936
1909365156.25,-21.87725
1909365312.5,-21.87551
1909365468.75,-21.87269
1909365625.0,-21.87002
1909365781.25,-21.86903
1909365937.5,-21.8684
1909366093.75,-21.86545
1909366250.0,-21.8639
1909366406.25,-21.8607
1909366562.5,-21.86138
1909366718.75,-21.85816
1909366875.0,-21.85616
1909367031.25,-21.85503
1909367187.5,-21.85402
1909367343.75,-21.85074
1909367500.0,-21.84928
1909367656.25,-21.8456
1909367812.5,-21.84451
1909367968.75,-21.84264
1909368125.0,-21.8399
1909368281.25,-21.83962
1909368437.5,-21.83985
1909368593.75,-21.83718
1909368750.0,-21.83484
1909368906.25,-21.83171
1909369062.5,-21.82783
1909369218.75,-21.82896
1909369375.0,-21.827
1909369531.25,-21.82404
1909369687.5,-21.82238
1909369843.75,-21.81927
1909370000.0,-21.81782
1909370156.25,-21.8167
1909370312.5,-21.81418
1909370468.75,-21.81314
1909370625.0,-21.81132
1909370781.25,-21.80865
1909370937.5,-21.8068
1909371093.75,-21.80466
1909371250.0,-21.80236
1909371406.25,-21.80331
1909371562.5,-21.79894
1909371718.75,-21.79789
1909371875.0,-21.79378
1909372031.25,-21.79508
1909372187.5,-21.79161
1909372343.75,-21.79105
1909372500.0,-21.78617
1909372656.25,-21.78576
1909372812.5,-21.7808
1909372968.75,-21.78263
1909373125.0,-21.77979
1909373281.25,-21.77862
1909373437.5,-21.77468
1909373593.75,-21.77709
1909373750.0,-21.77152
1909373906.25,-21.77249
1909374062.5,-21.76572
1909374218.75,-21.76629
1909374375.0,-21.76537
1909374531.25,-21.76172
1909374687.5,-21.76136
1909374843.75,-21.76083
1909375000.0,-21.75961
1909375156.25,-21.75296
1909375312.5,-21.75294
1909375468.75,-21.75247
1909375625.0,-21.74952
1909375781.25,-21.74566
1909375937.5,-21.74707
1909376093.75,-21.745
1909376250.0,-21.74194
1909376406.25,-21.7389
1909376562.5,-21.74052
1909376718.75,-21.73684
1909376875.0,-21.73556
1909377031.25,-21.7344
1909377187.5,-21.73216
1909377343.75,-21.72965
1909377500.0,-21.72655
1909377656.25,-21.72509
1909377812.5,-21.72443
1909377968.75,-21.7217
1909378125.0,-21.71922
1909378281.25,-21.71795
1909378437.5,-21.71542
1909378593.75,-21.71278
1909378750.0,-21.71168
1909378906.25,-21.70744
1909379062.5,-21.70824
1909379218.75,-21.70513
1909379375.0,-21.70509
1909379531.25,-21.70274
1909379687.5,-21.70098
1909379843.75,-21.70002
1909380000.0,-21.69613
1909380156.25,-21.69207
1909380312.5,-21.69088
1909380468.75,-21.68863
1909380625.0,-21.68579
1909380781.25,-21.68569
1909380937.5,-21.68662
1909381093.75,-21.6848
1909381250.0,-21.68253
1909381406.25,-21.6785
1909381562.5,-21.67618
1909381718.75,-21.67432
1909381875.0,-21.67285
1909382031.25,-21.67299
1909382187.5,-21.66875
1909382343.75,-21.66697
1909382500.0,-21.66562
1909382656.25,-21.66254
1909382812.5,-21.66075
1909382968.75,-21.65914
1909383125.0,-21.65509
1909383281.25,-21.65701
1909383437.5,-21.65267
1909383593.75,-21.65157
1909383750.0,-21.64938
1909383906.25,-21.64658
1909384062.5,-21.64469
1909384218.75,-21.64419
1909384375.0,-21.64159
1909384531.25,-21.63908
1909384687.5,-21.63837
1909384843.75,-21.63799
1909385000.0,-21.63414
1909385156.25,-21.63278
1909385312.5,-21.63009
1909385468.75,-21.62914
1909385625.0,-21.62731
1909385781.25,-21.62265
1909385937.5,-21.62261
1909386093.75,-21.62118
1909386250.0,-21.61962
1909386406.25,-21.61878
1909386562.5,-21.61403
1909386718.75,-21.61434
1909386875.0,-21.60973
1909387031.25,-21.60773
1909387187.5,-21.60782
1909387343.75,-21.60544
1909387500.0,-21.60381
1909387656.25,-21.59956
1909387812.5,-21.59825
1909387968.75,-21.5991
1909388125.0,-21.59658
1909388281.25,-21.59226
1909388437.5,-21.59082
1909388593.75,-21.58872
1909388750.0,-21.5883
1909388906.25,-21.5845
1909389062.5,-21.58388
1909389218.75,-21.57978
1909389375.0,-21.57967
1909389531.25,-21.57711
1909389687.5,-21.57622
1909389843.75,-21.57441
1909390000.0,-21.572
1909390156.25,-21.5701
1909390312.5,-21.56836
1909390468.75,-21.56593
1909390625.0,-21.56431
1909390781.25,-21.56309
1909390937.5,-21.56146
1909391093.75,-21.55727
1909391250.0,-21.55882
1909391406.25,-21.55568
1909391562.5,-21.55415
1909391718.75,-21.55257
1909391875.0,-21.55005
1909392031.25,-21.54559
1909392187.5,-21.54644
1909392343.75,-21.54369
1909392500.0,-21.54297
1909392656.25,-21.53961
1909392812.5,-21.53754
1909392968.75,-21.53526
1909393125.0,-21.5336
1909393281.25,-21.53082
1909393437.5,-21.52979
1909393593.75,-21.52804
1909393750.0,-21.52526
1909393906.25,-21.52139
1909394062.5,-21.52226
1909394218.75,-21.51868
1909394375.0,-21.5156
1909394531.25,-21.51774
1909394687.5,-21.51318
1909394843.75,-21.51345
1909395000.0,-21.50954
1909395156.25,-21.50799
1909395312.5,-21.50503
1909395468.75,-21.50363
1909395625.0,-21.50053
1909395781.25,-21.49813
1909395937.5,-21.49901
1909396093.75,-21.49611
1909396250.0,-21.49516
1909396406.25,-21.49155
1909396562.5,-21.49014
1909396718.75,-21.48835
1909396875.0,-21.48771
1909397031.25,-21.48517
1909397187.5,-21.48047
1909397343.75,-21.47993
1909397500.0,-21.47876
1909397656.25,-21.47531
1909397812.5,-21.4742
1909397968.75,-21.47526
1909398125.0,-21.46964
1909398281.25,-21.46884
1909398437.5,-21.4661
1909398593.75,-21.46358
1909398750.0,-21.46215
1909398906.25,-21.46098
1909399062.5,-21.45775
1909399218.75,-21.45866
1909399375.0,-21.45391
1909399531.25,-21.45132
1909399687.5,-21.45078
1909399843.75,-21.44797
1909400000.0,-21.44667
1909400156.25,-21.44501
1909400312.5,-21.44255
1909400468.75,-21.44033
1909400625.0,-21.4405
1909400781.25,-21.43671
1909400937.5,-21.43513
1909401093.75,-21.43256
1909401250.0,-21.43099
1909401406.25,-21.42801
1909401562.5,-21.42768
1909401718.75,-21.42489
1909401875.0,-21.42354
1909402031.25,-21.42244
1909402187.5,-21.42027
1909402343.75,-21.41686
1909402500.0,-21.41413
1909402656.25,-21.41222
1909402812.5,-21.41337
1909402968.75,-21.409
1909403125.0,-21.40974
1909403281.25,-21.4062
1909403437.5,-21.40468
1909403593.75,-21.40198
1909403750.0,-21.39715
1909403906.25,-21.39753
1909404062.5,-21.39612
1909404218.75,-21.39318
1909404375.0,-21.39308
1909404531.25,-21.38905
1909404687.5,-21.3876
1909404843.75,-21.38469
1909405000.0,-21.38313
1909405156.25,-21.3812
1909405312.5,-21.38017
1909405468.75,-21.38029
1909405625.0,-21.3752
1909405781.25,-21.37497
1909405937.5,-21.37136
1909406093.75,-21.36966
1909406250.0,-21.36812
1909406406.25,-21.36538
1909406562.5,-21.36482
1909406718.75,-21.36148
1909406875.0,-21.35943
1909407031.25,-21.35765
1909407187.5,-21.35441
1909407343.75,-21.35386
1909407500.0,-21.35017
1909407656.25,-21.3487
1909407812.5,-21.34687
1909407968.75,-21.34717
1909408125.0,-21.34454
1909408281.25,-21.34074
1909408437.5,-21.33954
1909408593.75,-21.33829
1909408750.0,-21.33587
1909408906.25,-21.33452
1909409062.5,-21.33207
1909409218.75,-21.32727
1909409375.0,-21.32792
1909409531.25,-21.32422
1909409687.5,-21.32258
1909409843.75,-21.32266
1909410000.0,-21.31928
1909410156.25,-21.3173
1909410312.5,-21.31459
1909410468.75,-21.31302
1909410625.0,-21.31157
1909410781.25,-21.3091
1909410937.5,-21.30608
1909411093.75,-21.30409
1909411250.0,-21.30395
1909411406.25,-21.30267
1909411562.5,-21.30051
1909411718.75,-21.29765
1909411875.0,-21.29674
1909412031.25,-21.29436
1909412187.5,-21.29286
1909412343.75,-21.28882
1909412500.0,-21.28723
1909412656.25,-21.28536
1909412812.5,-21.2822
1909412968.75,-21.28155
1909413125.0,-21.27974
1909413281.25,-21.27758
1909413437.5,-21.2759
1909413593.75,-21.27421
1909413750.0,-21.2724
1909413906.25,-21.26801
1909414062.5,-21.26895
1909414218.75,-21.26691
1909414375.0,-21.26264
1909414531.25,-21.26098
1909414687.5,-21.25803
1909414843.75,-21.25751
1909415000.0,-21.25569
1909415156.25,-21.25454
1909415312.5,-21.25001
1909415468.75,-21.24782
1909415625.0,-21.24829
1909415781.25,-21.24542
1909415937.5,-21.24416
1909416093.75,-21.24109
1909416250.0,-21.23993
1909416406.25,-21.23797
1909416562.5,-21.23377
1909416718.75,-21.23382
1909416875.0,-21.22938
1909417031.25,-21.22997
1909417187.5,-21.22858
1909417343.75,-21.22652
1909417500.0,-21.22216
1909417656.25,-21.21956
1909417812.5,-21.21963
1909417968.75,-21.21751
1909418125.0,-21.21524
1909418281.25,-21.2127
1909418437.5,-21.21118
1909418593.75,-21.20816
1909418750.0,-21.20937
1909418906.25,-21.20449
1909419062.5,-21.20274
1909419218.75,-21.20096
1909419375.0,-21.19896
1909419531.25,-21.1945
1909419687.5,-21.19587
1909419843.75,-21.19291
1909420000.0,-21.19143
1909420156.25,-21.18912
1909420312.5,-21.18651
1909420468.75,-21.18651
1909420625.0,-21.18327
1909420781.25,-21.17906
1909420937.5,-21.1769
1909421093.75,-21.17702
1909421250.0,-21.17211
1909421406.25,-21.17339
1909421562.5,-21.17036
1909421718.75,-21.16927
1909421875.0,-21.1667
1909422031.25,-21.16243
1909422187.5,-21.16323
1909422343.75,-21.16048
1909422500.0,-21.1582
1909422656.25,-21.15776
1909422812.5,-21.15205
1909422968.75,-21.15163
1909423125.0,-21.15022
1909423281.25,-21.14592
1909423437.5,-21.14406
1909423593.75,-21.14497
1909423750.0,-21.14157
1909423906.25,-21.13924
1909424062.5,-21.13727
1909424218.75,-21.13442
1909424375.0,-21.13308
1909424531.25,-21.13043
1909424687.5,-21.12884
1909424843.75,-21.12806
1909425000.0,-21.12623
1909425156.25,-21.12179
1909425312.5,-21.12062
1909425468.75,-21.11811
1909425625.0,-21.11766
1909425781.25,-21.11391
1909425937.5,-21.11252
1909426093.75,-21.1112
1909426250.0,-21.1095
1909426406.25,-21.10693
1909426562.5,-21.10274
1909426718.75,-21.10216
1909426875.0,-21.1016
1909427031.25,-21.09819
1909427187.5,-21.09861
1909427343.75,-21.0936
1909427500.0,-21.09251
1909427656.25,-21.09076
1909427812.5,-21.08926
1909427968.75,-21.08571
1909428125.0,-21.08492
1909428281.25,-21.08232
1909428437.5,-21.07792
1909428593.75,-21.08023
1909428750.0,-21.07502
1909428906.25,-21.07336
1909429062.5,-21.07368
1909429218.75,-21.07
1909429375.0,-21.06868
1909429531.25,-21.06468
1909429687.5,-21.06409
1909429843.75,-21.06308
1909430000.0,-21.0604
1909430156.25,-21.05558
1909430312.5,-21.05467
1909430468.75,-21.05317
1909430625.0,-21.05153
1909430781.25,-21.04998
1909430937.5,-21.04625
1909431093.75,-21.04512
1909431250.0,-21.04468
1909431406.25,-21.04097
1909431562.5,-21.03863
1909431718.75,-21.03752
1909431875.0,-21.03489
1909432031.25,-21.03397
1909432187.5,-21.03191
1909432343.75,-21.03059
1909432500.0,-21.02636
1909432656.25,-21.02565
1909432812.5,-21.0209
1909432968.75,-21.02027
1909433125.0,-21.01741
1909433281.25,-21.01529
1909433437.5,-21.01356
1909433593.75,-21.01125
1909433750.0,-21.01028
1909433906.25,-21.00907
1909434062.5,-21.00362
1909434218.75,-21.00429
1909434375.0,-21.00184
1909434531.25,-21.00167
1909434687.5,-20.99855
1909434843.75,-20.99697
1909435000.0,-20.99403
1909435156.25,-20.99105
1909435312.5,-20.98941
1909435468.75,-20.98838
1909435625.0,-20.98578
1909435781.25,-20.98327
1909435937.5,-20.98173
1909436093.75,-20.97864
1909436250.0,-20.97734
1909436406.25,-20.97337
1909436562.5,-20.97262
1909436718.75,-20.9726
1909436875.0,-20.96907
1909437031.25,-20.96717
1909437187.5,-20.96651
1909437343.75,-20.96432
1909437500.0,-20.96055
1909437656.25,-20.95742
1909437812.5,-20.95664
1909437968.75,-20.95384
1909438125.0,-20.95218
1909438281.25,-20.95117
1909438437.5,-20.94871
1909438593.75,-20.94508
1909438750.0,-20.94454
1909438906.25,-20.94159
1909439062.5,-20.94066
1909439218.75,-20.93797
1909439375.0,-20.93603
1909439531.25,-20.93358
1909439687.5,-20.93108
1909439843.75,-20.92877
1909440000.0,-20.92825
1909440156.25,-20.92552
1909440312.5,-20.92295
1909440468.75,-20.91966
1909440625.0,-20.91938
1909440781.25,-20.91549
1909440937.5,-20.91559
1909441093.75,-20.91377
1909441250.0,-20.91064
1909441406.25,-20.90885
1909441562.5,-20.90469
1909441718.75,-20.90601
1909441875.0,-20.90231
1909442031.25,-20.8999
1909442187.5,-20.89779
1909442343.75,-20.89573
1909442500.0,-20.89212
1909442656.25,-20.89179
1909442812.5,-20.88969
1909442968.75,-20.88739
1909443125.0,-20.88631
1909443281.25,-20.88162
1909443437.5,-20.87953
1909443593.75,-20.87983
1909443750.0,-20.87721
1909443906.25,-20.87329
1909444062.5,-20.87048
1909444218.75,-20.87062
1909444375.0,-20.86871
1909444531.25,-20.86755
1909444687.5,-20.86515
1909444843.75,-20.86174
1909445000.0,-20.86053
1909445156.25,-20.85694
1909445312.5,-20.85554
1909445468.75,-20.85478
1909445625.0,-20.85149
1909445781.25,-20.85078
1909445937.5,-20.84791
1909446093.75,-20.84534
1909446250.0,-20.84402
1909446406.25,-20.84266
1909446562.5,-20.83882
1909446718.75,-20.8356
1909446875.0,-20.83432
1909447031.25,-20.83352
1909447187.5,-20.82877
1909447343.75,-20.82844
1909447500.0,-20.82586
1909447656.25,-20.82477
1909447812.5,-20.82098
1909447968.75,-20.82019
1909448125.0,-20.81798
1909448281.25,-20.81595
1909448437.5,-20.81271
1909448593.75,-20.81244
1909448750.0,-20.80859
1909448906.25,-20.80888
1909449062.5,-20.80779
1909449218.75,-20.80466
1909449375.0,-20.80216
1909449531.25,-20.79861
1909449687.5,-20.79607
1909449843.75,-20.79388
1909450000.0,-20.79304
1909450156.25,-20.78896
1909450312.5,-20.79046
1909450468.75,-20.78571
1909450625.0,-20.78446
1909450781.25,-20.78281
1909450937.5,-20.78062
1909451093.75,-20.77798
1909451250.0,-20.77636
1909451406.25,-20.77394
1909451562.5,-20.77133
1909451718.75,-20.7678
1909451875.0,-20.76716
1909452031.25,-20.76541
1909452187.5,-20.76259
1909452343.75,-20.76148
1909452500.0,-20.75973
1909452656.25,-20.75732
1909452812.5,-20.75642
1909452968.75,-20.75204
1909453125.0,-20.75074
1909453281.25,-20.75045
1909453437.5,-20.74712
1909453593.75,-20.74514
1909453750.0,-20.74272
1909453906.25,-20.73916
1909454062.5,-20.73851
1909454218.75,-20.73504
1909454375.0,-20.73068
1909454531.25,-20.731
1909454687.5,-20.7289
1909454843.75,-20.7272
1909455000.0,-20.72564
1909455156.25,-20.72207
1909455312.5,-20.72089
1909455468.75,-20.71807
1909455625.0,-20.71798
1909455781.25,-20.71429
1909455937.5,-20.71208
1909456093.75,-20.71107
1909456250.0,-20.70694
1909456406.25,-20.70434
1909456562.5,-20.70442
1909456718.75,-20.70032
1909456875.0,-20.70033
1909457031.25,-20.69699
1909457187.5,-20.69495
1909457343.75,-20.69382
1909457500.0,-20.69129
1909457656.25,-20.68846
1909457812.5,-20.68761
1909457968.75,-20.68545
1909458125.0,-20.68162
1909458281.25,-20.6819
1909458437.5,-20.67827
1909458593.75,-20.67515
1909458750.0,-20.67268
1909458906.25,-20.67014
1909459062.5,-20.66888
1909459218.75,-20.66623
1909459375.0,-20.66437
1909459531.25,-20.66442
1909459687.5,-20.65954
1909459843.75,-20.65701
1909460000.0,-20.65589
1909460156.25,-20.65398
1909460312.5,-20.6509
1909460468.75,-20.65172
1909460625.0,-20.6481
1909460781.25,-20.64636
1909460937.5,-20.64398
1909461093.75,-20.64138
1909461250.0,-20.63935
1909461406.25,-20.63585
1909461562.5,-20.63447
1909461718.75,-20.6327
1909461875.0,-20.6312
1909462031.25,-20.62875
1909462187.5,-20.62638
1909462343.75,-20.62362
1909462500.0,-20.62268
1909462656.25,-20.62003
1909462812.5,-20.61779
1909462968.75,-20.61339
1909463125.0,-20.61366
1909463281.25,-20.60951
1909463437.5,-20.60908
1909463593.75,-20.6055
1909463750.0,-20.60681
1909463906.25,-20.60264
1909464062.5,-20.59954
1909464218.75,-20.5992
1909464375.0,-20.59588
1909464531.25,-20.59518
1909464687.5,-20.59143
1909464843.75,-20.58909
1909465000.0,-20.58852
1909465156.25,-20.58673
1909465312.5,-20.58368
1909465468.75,-20.5796
1909465625.0,-20.57872
1909465781.25,-20.57726
1909465937.5,-20.57622
1909466093.75,-20.57222
1909466250.0,-20.56923
1909466406.25,-20.56819
1909466562.5,-20.56708
1909466718.75,-20.56445
1909466875.0,-20.56112
1909467031.25,-20.5587
1909467187.5,-20.55852
1909467343.75,-20.55482
1909467500.0,-20.55263
1909467656.25,-20.55008
1909467812.5,-20.54704
1909467968.75,-20.54673
1909468125.0,-20.54506
1909468281.25,-20.54203
1909468437.5,-20.53923
1909468593.75,-20.53781
1909468750.0,-20.536
1909468906.25,-20.53313
1909469062.5,-20.53301
1909469218.75,-20.52967
1909469375.0,-20.52612
1909469531.25,-20.52479
1909469687.5,-20.5238
1909469843.75,-20.52032
1909470000.0,-20.51696
1909470156.25,-20.51391
1909470312.5,-20.51492
1909470468.75,-20.51298
1909470625.0,-20.50846
1909470781.25,-20.50625
1909470937.5,-20.50393
1909471093.75,-20.50424
1909471250.0,-20.50129
1909471406.25,-20.49919
1909471562.5,-20.49581
1909471718.75,-20.49315
1909471875.0,-20.49136
1909472031.25,-20.48851
1909472187.5,-20.48734
1909472343.75,-20.4854
1909472500.0,-20.48218
1909472656.25,-20.48215
1909472812.5,-20.47981
1909472968.75,-20.47853
1909473125.0,-20.47514
1909473281.25,-20.47318
1909473437.5,-20.46959
1909473593.75,-20.46832
1909473750.0,-20.46686
1909473906.25,-20.4632
1909474062.5,-20.46167
1909474218.75,-20.45864
1909474375.0,-20.45792
1909474531.25,-20.45329
1909474687.5,-20.45396
1909474843.75,-20.44973
1909475000.0,-20.45035
1909475156.25,-20.44662
1909475312.5,-20.44481
1909475468.75,-20.44322
1909475625.0,-20.44125
1909475781.25,-20.43583
1909475937.5,-20.43406
1909476093.75,-20.43445
1909476250.0,-20.43112
1909476406.25,-20.42806
1909476562.5,-20.42847
1909476718.75,-20.42581
1909476875.0,-20.42234
1909477031.25,-20.41921
1909477187.5,-20.41797
1909477343.75,-20.41572
1909477500.0,-20.41366
1909477656.25,-20.41159
1909477812.5,-20.40893
1909477968.75,-20.40487
1909478125.0,-20.40393
1909478281.25,-20.40261
1909478437.5,-20.40118
1909478593.75,-20.39842
1909478750.0,-20.39818
1909478906.25,-20.3933
1909479062.5,-20.39178
1909479218.75,-20.38947
1909479375.0,-20.38774
1909479531.25,-20.38437
1909479687.5,-20.3827
1909479843.75,-20.37998
1909480000.0,-20.37949
1909480156.25,-20.3752
1909480312.5,-20.37327
1909480468.75,-20.36917
1909480625.0,-20.36831
1909480781.25,-20.3675
1909480937.5,-20.36558
1909481093.75,-20.36295
1909481250.0,-20.36016
1909481406.25,-20.35713
1909481562.5,-20.3565
1909481718.75,-20.35399
1909481875.0,-20.35288
1909482031.25,-20.34974
1909482187.5,-20.3479
1909482343.75,-20.34275
1909482500.0,-20.34143
1909482656.25,-20.34231
1909482812.5,-20.33767
1909482968.75,-20.33508
1909483125.0,-20.33433
1909483281.25,-20.33237
1909483437.5,-20.32996
1909483593.75,-20.32627
1909483750.0,-20.32573
1909483906.25,-20.32491
1909484062.5,-20.3196
1909484218.75,-20.31757
1909484375.0,-20.31664
1909484531.25,-20.31492
1909484687.5,-20.30942
1909484843.75,-20.30893
1909485000.0,-20.30649
1909485156.25,-20.30497
1909485312.5,-20.30302
1909485468.75,-20.30048
1909485625.0,-20.29733
1909485781.25,-20.29435
1909485937.5,-20.29479
1909486093.75,-20.29118
1909486250.0,-20.28907
1909486406.25,-20.28617
1909486562.5,-20.28397
1909486718.75,-20.28329
1909486875.0,-20.27986
1909487031.25,-20.27848
1909487187.5,-20.27744
1909487343.75,-20.27397
1909487500.0,-20.27155
1909487656.25,-20.27065
1909487812.5,-20.26702
1909487968.75,-20.26458
1909488125.0,-20.26224
1909488281.25,-20.26131
1909488437.5,-20.25629
1909488593.75,-20.25467
1909488750.0,-20.25345
1909488906.25,-20.25136
1909489062.5,-20.2492
1909489218.75,-20.24698
1909489375.0,-20.24476
1909489531.25,-20.24203
1909489687.5,-20.23846
1909489843.75,-20.23657
1909490000.0,-20.23497
1909490156.25,-20.23363
1909490312.5,-20.23003
1909490468.75,-20.22865
1909490625.0,-20.22652
1909490781.25,-20.22531
1909490937.5,-20.22312
1909491093.75,-20.21962
1909491250.0,-20.21793
1909491406.25,-20.21586
1909491562.5,-20.21385
1909491718.75,-20.21318
1909491875.0,-20.20837
1909492031.25,-20.20765
1909492187.5,-20.20323
1909492343.75,-20.20207
1909492500.0,-20.19991
1909492656.25,-20.19821
1909492812.5,-20.19484
1909492968.75,-20.19219
1909493125.0,-20.19025
1909493281.25,-20.18803
1909493437.5,-20.18532
1909493593.75,-20.18304
1909493750.0,-20.18199
1909493906.25,-20.1784
1909494062.5,-20.17734
1909494218.75,-20.17763
1909494375.0,-20.17167
1909494531.25,-20.17044
1909494687.5,-20.16957
1909494843.75,-20.1683
1909495000.0,-20.16261
1909495156.25,-20.16234
1909495312.5,-20.15894
1909495468.75,-20.157
1909495625.0,-20.15579
1909495781.25,-20.15285
1909495937.5,-20.14922
1909496093.75,-20.14843
1909496250.0,-20.14625
1909496406.25,-20.14353
1909496562.5,-20.14017
1909496718.75,-20.13895
1909496875.0,-20.13731
1909497031.25,-20.13387
1909497187.5,-20.13167
1909497343.75,-20.13001
1909497500.0,-20.12684
1909497656.25,-20.12358
1909497812.5,-20.1241
1909497968.75,-20.12006
1909498125.0,-20.11899
1909498281.25,-20.11657
1909498437.5,-20.11514
1909498593.75,-20.11015
1909498750.0,-20.10821
1909498906.25,-20.107
1909499062.5,-20.10364
1909499218.75,-20.10167
1909499375.0,-20.09936
1909499531.25,-20.09602
1909499687.5,-20.09417
1909499843.75,-20.09371
1909500000.0,-20.09001
1909500156.25,-20.08691
1909500312.5,-20.08764
1909500468.75,-20.08421
1909500625.0,-20.08307
1909500781.25,-20.08001
1909500937.5,-20.07821
1909501093.75,-20.07764
1909501250.0,-20.0725
1909501406.25,-20.07012
1909501562.5,-20.06912
1909501718.75,-20.06654
1909501875.0,-20.06417
1909502031.25,-20.06068
1909502187.5,-20.06019
1909502343.75,-20.05921
1909502500.0,-20.05363
1909502656.25,-20.05168
1909502812.5,-20.05075
1909502968.75,-20.04869
1909503125.0,-20.04704
1909503281.25,-20.04288
1909503437.5,-20.03992
1909503593.75,-20.03822
1909503750.0,-20.03692
1909503906.25,-20.03306
1909504062.5,-20.032
1909504218.75,-20.02852
1909504375.0,-20.02529
1909504531.25,-20.02262
1909504687.5,-20.0218
1909504843.75,-20.01947
1909505000.0,-20.01853
1909505156.25,-20.01517
1909505312.5,-20.01242
1909505468.75,-20.01067
1909505625.0,-20.00858
1909505781.25,-20.00583
1909505937.5,-20.0043
1909506093.75,-20.00084
1909506250.0,-19.99957
1909506406.25,-19.99689
1909506562.5,-19.99587
1909506718.75,-19.9923
1909506875.0,-19.99119
1909507031.25,-19.98833
1909507187.5,-19.98591
1909507343.75,-19.98376
1909507500.0,-19.98207
1909507656.25,-19.97972
1909507812.5,-19.97692
1909507968.75,-19.97418
1909508125.0,-19.97103
1909508281.25,-19.96793
1909508437.5,-19.9663
1909508593.75,-19.96596
1909508750.0,-19.96377
1909508906.25,-19.96105
1909509062.5,-19.9576
1909509218.75,-19.95618
1909509375.0,-19.95432
1909509531.25,-19.9524
1909509687.5,-19.94972
1909509843.75,-19.94565
1909510000.0,-19.94491
1909510156.25,-19.94155
1909510312.5,-19.93678
1909510468.75,-19.93683
1909510625.0,-19.93452
1909510781.25,-19.93327
1909510937.5,-19.9296
1909511093.75,-19.92749
1909511250.0,-19.92685
1909511406.25,-19.92392
1909511562.5,-19.92073
1909511718.75,-19.91769
1909511875.0,-19.91619
1909512031.25,-19.91278
1909512187.5,-19.90964
1909512343.75,-19.91022
1909512500.0,-19.90771
1909512656.25,-19.90521
1909512812.5,-19.90334
1909512968.75,-19.90016
1909513125.0,-19.89765
1909513281.25,-19.89664
1909513437.5,-19.89438
1909513593.75,-19.89133
1909513750.0,-19.88699
1909513906.25,-19.88508
1909514062.5,-19.88388
1909514218.75,-19.88281
1909514375.0,-19.87866
1909514531.25,-19.87759
1909514687.5,-19.87574
1909514843.75,-19.87162
1909515000.0,-19.86887
1909515156.25,-19.86727
1909515312.5,-19.86547
1909515468.75,-19.86341
1909515625.0,-19.86229
1909515781.25,-19.85671
1909515937.5,-19.85702
1909516093.75,-19.85358
1909516250.0,-19.85246
1909516406.25,-19.85006
1909516562.5,-19.84695
1909516718.75,-19.84625
1909516875.0,-19.84256
1909517031.25,-19.83974
1909517187.5,-19.8379
1909517343.75,-19.83426
1909517500.0,-19.83211
1909517656.25,-19.83019
1909517812.5,-19.82952
1909517968.75,-19.8253
1909518125.0,-19.8229
1909518281.25,-19.82101
1909518437.5,-19.81927
1909518593.75,-19.81633
1909518750.0,-19.8149
1909518906.25,-19.8121
1909519062.5,-19.81044
1909519218.75,-19.80782
1909519375.0,-19.80368
1909519531.25,-19.80198
1909519687.5,-19.79847
1909519843.75,-19.79733
1909520000.0,-19.79542
1909520156.25,-19.79383
1909520312.5,-19.79102
1909520468.75,-19.78916
1909520625.0,-19.78764
1909520781.25,-19.78421
1909520937.5,-19.78116
1909521093.75,-19.77927
1909521250.0,-19.77735
1909521406.25,-19.77509
1909521562.5,-19.77386
1909521718.75,-19.77147
1909521875.0,-19.76809
1909522031.25,-19.76516
1909522187.5,-19.76344
1909522343.75,-19.762
1909522500.0,-19.75872
1909522656.25,-19.756
1909522812.5,-19.75395
1909522968.75,-19.75234
1909523125.0,-19.74859
1909523281.25,-19.74813
1909523437.5,-19.7424
1909523593.75,-19.74133
1909523750.0,-19.73924
1909523906.25,-19.73625
1909524062.5,-19.73567
1909524218.75,-19.73122
1909524375.0,-19.72933
1909524531.25,-19.72756
1909524687.5,-19.72531
1909524843.75,-19.72318
1909525000.0,-19.71932
1909525156.25,-19.71788
1909525312.5,-19.71442
1909525468.75,-19.71442
1909525625.0,-19.71075
1909525781.25,-19.70961
1909525937.5,-19.70671
1909526093.75,-19.70457
1909526250.0,-19.70164
1909526406.25,-19.69752
1909526562.5,-19.69748
1909526718.75,-19.69367
1909526875.0,-19.69049
1909527031.25,-19.69044
1909527187.5,-19.68779
1909527343.75,-19.68403
1909527500.0,-19.68209
1909527656.25,-19.68118
1909527812.5,-19.6763
1909527968.75,-19.67553
1909528125.0,-19.67307
1909528281.25,-19.66981
1909528437.5,-19.66738
1909528593.75,-19.66552
1909528750.0,-19.66355
1909528906.25,-19.66249
1909529062.5,-19.65892
1909529218.75,-19.65545
1909529375.0,-19.65472
1909529531.25,-19.65078
1909529687.5,-19.64923
1909529843.75,-19.64697
1909530000.0,-19.64478
1909530156.25,-19.64145
1909530312.5,-19.63968
1909530468.75,-19.63768
1909530625.0,-19.63527
1909530781.25,-19.63342
1909530937.5,-19.62874
1909531093.75,-19.62895
1909531250.0,-19.6248
1909531406.25,-19.6229
1909531562.5,-19.62104
1909531718.75,-19.61844
1909531875.0,-19.61625
1909532031.25,-19.61152
1909532187.5,-19.6108
1909532343.75,-19.6092
1909532500.0,-19.6062
1909532656.25,-19.60397
1909532812.5,-19.60269
1909532968.75,-19.59916
1909533125.0,-19.59762
1909533281.25,-19.59524
1909533437.5,-19.59108
1909533593.75,-19.58973
1909533750.0,-19.58858
1909533906.25,-19.58609
1909534062.5,-19.58235
1909534218.75,-19.57822
1909534375.0,-19.5772
1909534531.25,-19.57314
1909534687.5,-19.57232
1909534843.75,-19.56865
1909535000.0,-19.56575
1909535156.25,-19.5643
1909535312.5,-19.56269
1909535468.75,-19.56107
1909535625.0,-19.55799
1909535781.25,-19.55481
1909535937.5,-19.55337
1909536093.75,-19.55111
1909536250.0,-19.54911
1909536406.25,-19.5458
1909536562.5,-19.54282
1909536718.75,-19.54082
1909536875.0,-19.53838
1909537031.25,-19.53797
1909537187.5,-19.53454
1909537343.75,-19.53111
1909537500.0,-19.52931
1909537656.25,-19.52767
1909537812.5,-19.52235
1909537968.75,-19.52325
1909538125.0,-19.51857
1909538281.25,-19.5173
1909538437.5,-19.51362
1909538593.75,-19.51309
1909538750.0,-19.51008
1909538906.25,-19.50806
1909539062.5,-19.50453
1909539218.75,-19.50371
1909539375.0,-19.49971
1909539531.25,-19.49698
1909539687.5,-19.49512
1909539843.75,-19.49142
1909540000.0,-19.49039
1909540156.25,-19.48898
1909540312.5,-19.48635
1909540468.75,-19.48431
1909540625.0,-19.48139
1909540781.25,-19.47837
1909540937.5,-19.47693
1909541093.75,-19.47376
1909541250.0,-19.4726
1909541406.25,-19.46873
1909541562.5,-19.46714
1909541718.75,-19.4662
1909541875.0,-19.46317
1909542031.25,-19.45786
1909542187.5,-19.45789
1909542343.75,-19.45404
1909542500.0,-19.45058
1909542656.25,-19.45018
1909542812.5,-19.44796
1909542968.75,-19.44605
1909543125.0,-19.44372
1909543281.25,-19.43981
1909543437.5,-19.43767
1909543593.75,-19.43518
1909543750.0,-19.43121
1909543906.25,-19.43145
1909544062.5,-19.42723
1909544218.75,-19.42591
1909544375.0,-19.42373
1909544531.25,-19.42007
1909544687.5,-19.41838
1909544843.75,-19.41582
1909545000.0,-19.41425
1909545156.25,-19.40905
1909545312.5,-19.40928
1909545468.75,-19.40567
1909545625.0,-19.40132
1909545781.25,-19.40005
1909545937.5,-19.39825
1909546093.75,-19.39587
1909546250.0,-19.39522
1909546406.25,-19.39059
1909546562.5,-19.38814
1909546718.75,-19.38563
1909546875.0,-19.38437
1909547031.25,-19.38122
1909547187.5,-19.37925
1909547343.75,-19.3771
1909547500.0,-19.37417
1909547656.25,-19.37175
1909547812.5,-19.36831
1909547968.75,-19.36639
1909548125.0,-19.36397
1909548281.25,-19.36173
1909548437.5,-19.35876
1909548593.75,-19.35672
1909548750.0,-19.35323
1909548906.25,-19.35238
1909549062.5,-19.35076
1909549218.75,-19.34622
1909549375.0,-19.34536
1909549531.25,-19.34223
1909549687.5,-19.34036
1909549843.75,-19.33833
1909550000.0,-19.33459
1909550156.25,-19.3322
1909550312.5,-19.32997
1909550468.75,-19.32835
1909550625.0,-19.32462
1909550781.25,-19.32356
1909550937.5,-19.32021
1909551093.75,-19.31677
1909551250.0,-19.31689
1909551406.25,-19.3132
1909551562.5,-19.31104
1909551718.75,-19.30769
1909551875.0,-19.30673
1909552031.25,-19.30425
1909552187.5,-19.29891
1909552343.75,-19.2977
1909552500.0,-19.29512
1909552656.25,-19.29334
1909552812.5,-19.29146
1909552968.75,-19.28764
1909553125.0,-19.28622
1909553281.25,-19.28353
1909553437.5,-19.28101
1909553593.75,-19.27775
1909553750.0,-19.2758
1909553906.25,-19.27272
1909554062.5,-19.27
1909554218.75,-19.26735
1909554375.0,-19.26639
1909554531.25,-19.26213
1909554687.5,-19.26044
1909554843.75,-19.2583
1909555000.0,-19.25684
1909555156.25,-19.25244
1909555312.5,-19.24989
1909555468.75,-19.24936
1909555625.0,-19.24602
1909555781.25,-19.24376
1909555937.5,-19.24055
1909556093.75,-19.23887
1909556250.0,-19.23454
1909556406.25,-19.23389
1909556562.5,-19.23135
1909556718.75,-19.22815
1909556875.0,-19.22651
1909557031.25,-19.22358
1909557187.5,-19.22223
1909557343.75,-19.22009
1909557500.0,-19.21601
1909557656.25,-19.2152
1909557812.5,-19.21096
1909557968.75,-19.20931
1909558125.0,-19.20701
1909558281.25,-19.20364
1909558437.5,-19.20201
1909558593.75,-19.19937
1909558750.0,-19.19706
1909558906.25,-19.19475
1909559062.5,-19.19172
1909559218.75,-19.19007
1909559375.0,-19.18792
1909559531.25,-19.1829
1909559687.5,-19.18137
1909559843.75,-19.17911
1909560000.0,-19.17601
1909560156.25,-19.17479
1909560312.5,-19.17206
1909560468.75,-19.16896
1909560625.0,-19.1659
1909560781.25,-19.16558
1909560937.5,-19.16228
1909561093.75,-19.15904
1909561250.0,-19.15822
1909561406.25,-19.1534
1909561562.5,-19.15186
1909561718.75,-19.14961
1909561875.0,-19.146
1909562031.25,-19.14293
1909562187.5,-19.14185
1909562343.75,-19.13789
1909562500.0,-19.13625
1909562656.25,-19.13461
1909562812.5,-19.13132
1909562968.75,-19.12929
1909563125.0,-19.12581
1909563281.25,-19.12366
1909563437.5,-19.12248
1909563593.75,-19.11944
1909563750.0,-19.11712
1909563906.25,-19.11408
1909564062.5,-19.1125
1909564218.75,-19.10856
1909564375.0,-19.10506
1909564531.25,-19.10501
1909564687.5,-19.102
1909564843.75,-19.09885
1909565000.0,-19.0965
1909565156.25,-19.09281
1909565312.5,-19.09175
1909565468.75,-19.08909
1909565625.0,-19.08567
1909565781.25,-19.0831
1909565937.5,-19.08074
1909566093.75,-19.07807
1909566250.0,-19.07599
1909566406.25,-19.07339
1909566562.5,-19.0703
1909566718.75,-19.06811
1909566875.0,-19.06587
1909567031.25,-19.06481
1909567187.5,-19.06079
1909567343.75,-19.05832
1909567500.0,-19.0587
1909567656.25,-19.05465
1909567812.5,-19.05072
1909567968.75,-19.0489
1909568125.0,-19.04662
1909568281.25,-19.04355
1909568437.5,-19.04085
1909568593.75,-19.03714
1909568750.0,-19.03526
1909568906.25,-19.03296
1909569062.5,-19.03076
1909569218.75,-19.02802
1909569375.0,-19.02573
1909569531.25,-19.02109
1909569687.5,-19.02084
1909569843.75,-19.01706
1909570000.0,-19.01447
1909570156.25,-19.01353
1909570312.5,-19.0102
1909570468.75,-19.00914
1909570625.0,-19.00593
1909570781.25,-19.00161
1909570937.5,-19.00103
1909571093.75,-18.99802
1909571250.0,-18.99498
1909571406.25,-18.99249
1909571562.5,-18.98972
1909571718.75,-18.98731
1909571875.0,-18.98555
1909572031.25,-18.98301
1909572187.5,-18.97943
1909572343.75,-18.97791
1909572500.0,-18.97353
1909572656.25,-18.97385
1909572812.5,-18.97021
1909572968.75,-18.96669
1909573125.0,-18.9653
1909573281.25,-18.96066
1909573437.5,-18.95959
1909573593.75,-18.95653
1909573750.0,-18.95365
1909573906.25,-18.95159
1909574062.5,-18.94863
1909574218.75,-18.94804
1909574375.0,-18.94449
1909574531.25,-18.94219
1909574687.5,-18.93995
1909574843.75,-18.93799
1909575000.0,-18.93411
1909575156.25,-18.93113
1909575312.5,-18.93002
1909575468.75,-18.92718
1909575625.0,-18.92469
1909575781.25,-18.92127
1909575937.5,-18.91771
1909576093.75,-18.91655
1909576250.0,-18.91345
1909576406.25,-18.91078
1909576562.5,-18.90912
1909576718.75,-18.90525
1909576875.0,-18.90316
1909577031.25,-18.89932
1909577187.5,-18.89758
1909577343.75,-18.89672
1909577500.0,-18.89343
1909577656.25,-18.89076
1909577812.5,-18.88787
1909577968.75,-18.88724
1909578125.0,-18.8832
1909578281.25,-18.87935
1909578437.5,-18.8786
1909578593.75,-18.87515
1909578750.0,-18.87272
1909578906.25,-18.87001
1909579062.5,-18.86701
1909579218.75,-18.86476
1909579375.0,-18.86122
1909579531.25,-18.8596
1909579687.5,-18.85576
1909579843.75,-18.85415
1909580000.0,-18.85201
1909580156.25,-18.8493
1909580312.5,-18.84567
1909580468.75,-18.84452
1909580625.0,-18.84189
1909580781.25,-18.83832
1909580937.5,-18.83618
1909581093.75,-18.83345
1909581250.0,-18.83149
1909581406.25,-18.82943
1909581562.5,-18.82603
1909581718.75,-18.82269
1909581875.0,-18.82033
1909582031.25,-18.81805
1909582187.5,-18.81422
1909582343.75,-18.81378
1909582500.0,-18.8113
1909582656.25,-18.80862
1909582812.5,-18.80396
1909582968.75,-18.8031
1909583125.0,-18.80034
1909583281.25,-18.79867
1909583437.5,-18.79661
1909583593.75,-18.793
1909583750.0,-18.78923
1909583906.25,-18.78741
1909584062.5,-18.78507
1909584218.75,-18.78417
1909584375.0,-18.77863
1909584531.25,-18.77667
1909584687.5,-18.77398
1909584843.75,-18.77151
1909585000.0,-18.76904
1909585156.25,-18.76635
1909585312.5,-18.76375
1909585468.75,-18.76205
1909585625.0,-18.75817
1909585781.25,-18.75673
1909585937.5,-18.75393
1909586093.75,-18.75197
1909586250.0,-18.74944
1909586406.25,-18.74502
1909586562.5,-18.74509
1909586718.75,-18.74084
1909586875.0,-18.73926
1909587031.25,-18.7358
1909587187.5,-18.73328
1909587343.75,-18.73109
1909587500.0,-18.72762
1909587656.25,-18.72501
1909587812.5,-18.7221
1909587968.75,-18.72028
1909588125.0,-18.7168
1909588281.25,-18.71512
1909588437.5,-18.71317
1909588593.75,-18.70888
1909588750.0,-18.70737
1909588906.25,-18.70479
1909589062.5,-18.70155
1909589218.75,-18.69888
1909589375.0,-18.69698
1909589531.25,-18.69243
1909589687.5,-18.69159
1909589843.75,-18.68845
1909590000.0,-18.68703
1909590156.25,-18.6834
1909590312.5,-18.68117
1909590468.75,-18.67743
1909590625.0,-18.6749
1909590781.25,-18.67288
1909590937.5,-18.66927
1909591093.75,-18.66668
1909591250.0,-18.66278
1909591406.25,-18.66395
1909591562.5,-18.6608
1909591718.75,-18.65692
1909591875.0,-18.65438
1909592031.25,-18.65105
1909592187.5,-18.64891
1909592343.75,-18.64701
1909592500.0,-18.64346
1909592656.25,-18.64029
1909592812.5,-18.63635
1909592968.75,-18.63496
1909593125.0,-18.63504
1909593281.25,-18.63005
1909593437.5,-18.62803
1909593593.75,-18.62381
1909593750.0,-18.6218
1909593906.25,-18.61979
1909594062.5,-18.6188
1909594218.75,-18.61493
1909594375.0,-18.61266
1909594531.25,-18.60945
1909594687.5,-18.60736
1909594843.75,-18.60485
1909595000.0,-18.6013
1909595156.25,-18.59868
1909595312.5,-18.59654
1909595468.75,-18.59263
1909595625.0,-18.59133
1909595781.25,-18.58867
1909595937.5,-18.58558
1909596093.75,-18.58292
1909596250.0,-18.57888
1909596406.25,-18.57809
1909596562.5,-18.57614
1909596718.75,-18.57368
1909596875.0,-18.57052
1909597031.25,-18.56735
1909597187.5,-18.56496
1909597343.75,-18.56325
1909597500.0,-18.55927
1909597656.25,-18.55632
1909597812.5,-18.55544
1909597968.75,-18.55249
1909598125.0,-18.54872
1909598281.25,-18.54582
1909598437.5,-18.54237
1909598593.75,-18.54088
1909598750.0,-18.53789
1909598906.25,-18.53518
1909599062.5,-18.5316
1909599218.75,-18.52979
1909599375.0,-18.52704
1909599531.25,-18.52451
1909599687.5,-18.52235
1909599843.75,-18.51897
1909600000.0,-18.5173
1909600156.25,-18.51418
1909600312.5,-18.51067
1909600468.75,-18.50858
1909600625.0,-18.50547
1909600781.25,-18.5041
1909600937.5,-18.50038
1909601093.75,-18.49967
1909601250.0,-18.49487
1909601406.25,-18.49271
1909601562.5,-18.48907
1909601718.75,-18.48631
1909601875.0,-18.48501
1909602031.25,-18.48193
1909602187.5,-18.47804
1909602343.75,-18.47721
1909602500.0,-18.47324
1909602656.25,-18.47193
1909602812.5,-18.46977
1909602968.75,-18.46548
1909603125.0,-18.46386
1909603281.25,-18.45958
1909603437.5,-18.45737
1909603593.75,-18.45674
1909603750.0,-18.45271
1909603906.25,-18.45037
1909604062.5,-18.44632
1909604218.75,-18.44537
1909604375.0,-18.4434
1909604531.25,-18.43973
1909604687.5,-18.43657
1909604843.75,-18.43477
1909605000.0,-18.43222
1909605156.25,-18.42799
1909605312.5,-18.42537
1909605468.75,-18.42436
1909605625.0,-18.42272
1909605781.25,-18.41871
1909605937.5,-18.41524
1909606093.75,-18.4111
1909606250.0,-18.40908
1909606406.25,-18.4077
1909606562.5,-18.40611
1909606718.75,-18.40111
1909606875.0,-18.39886
1909607031.25,-18.39746
1909607187.5,-18.39467
1909607343.75,-18.39042
1909607500.0,-18.38849
1909607656.25,-18.38548
1909607812.5,-18.38365
1909607968.75,-18.3799
1909608125.0,-18.37695
1909608281.25,-18.37486
1909608437.5,-18.37186
1909608593.75,-18.36966
1909608750.0,-18.36767
1909608906.25,-18.36303
1909609062.5,-18.36273
1909609218.75,-18.35891
1909609375.0,-18.35676
1909609531.25,-18.35426
1909609687.5,-18.35254
1909609843.75,-18.34777
1909610000.0,-18.3456
1909610156.25,-18.34176
1909610312.5,-18.33906
1909610468.75,-18.33771
1909610625.0,-18.33534
1909610781.25,-18.33178
1909610937.5,-18.32773
1909611093.75,-18.32627
1909611250.0,-18.32334
1909611406.25,-18.32091
1909611562.5,-18.31889
1909611718.75,-18.31324
1909611875.0,-18.31299
1909612031.25,-18.30785
1909612187.5,-18.30612
1909612343.75,-18.30557
1909612500.0,-18.3008
1909612656.25,-18.29988
1909612812.5,-18.29608
1909612968.75,-18.29451
1909613125.0,-18.28993
1909613281.25,-18.28855
1909613437.5,-18.28452
1909613593.75,-18.28444
1909613750.0,-18.27996
1909613906.25,-18.27595
1909614062.5,-18.2732
1909614218.75,-18.27131
1909614375.0,-18.2704
1909614531.25,-18.26609
1909614687.5,-18.2646
1909614843.75,-18.26061
1909615000.0,-18.25879
1909615156.25,-18.25681
1909615312.5,-18.2533
1909615468.75,-18.24936
1909615625.0,-18.24773
1909615781.25,-18.24405
1909615937.5,-18.2423
1909616093.75,-18.23948
1909616250.0,-18.23576
1909616406.25,-18.23572
1909616562.5,-18.22989
1909616718.75,-18.22884
1909616875.0,-18.22713
1909617031.25,-18.22255
1909617187.5,-18.2211
1909617343.75,-18.21564
1909617500.0,-18.21634
1909617656.25,-18.21346
1909617812.5,-18.20871
1909617968.75,-18.20565
1909618125.0,-18.20366
1909618281.25,-18.20208
1909618437.5,-18.19991
1909618593.75,-18.19499
1909618750.0,-18.19337
1909618906.25,-18.18919
1909619062.5,-18.18717
1909619218.75,-18.18628
1909619375.0,-18.18181
1909619531.25,-18.17923
1909619687.5,-18.17707
1909619843.75,-18.17428
1909620000.0,-18.17245
1909620156.25,-18.16981
1909620312.5,-18.16481
1909620468.75,-18.1625
1909620625.0,-18.16056
1909620781.25,-18.15775
1909620937.5,-18.15374
1909621093.75,-18.15263
1909621250.0,-18.14851
1909621406.25,-18.14626
1909621562.5,-18.14412
1909621718.75,-18.1406
1909621875.0,-18.13731
1909622031.25,-18.13497
1909622187.5,-18.13029
1909622343.75,-18.12888
1909622500.0,-18.1269
1909622656.25,-18.12474
1909622812.5,-18.12254
1909622968.75,-18.11757
1909623125.0,-18.11546
1909623281.25,-18.11316
1909623437.5,-18.10974
1909623593.75,-18.10633
1909623750.0,-18.10555
1909623906.25,-18.10198
1909624062.5,-18.09861
1909624218.75,-18.09724
1909624375.0,-18.09437
1909624531.25,-18.09028
1909624687.5,-18.08783
1909624843.75,-18.08535
1909625000.0,-18.0834
1909625156.25,-18.08018
1909625312.5,-18.07825
1909625468.75,-18.07415
1909625625.0,-18.07217
1909625781.25,-18.0691
1909625937.5,-18.06623
1909626093.75,-18.06134
1909626250.0,-18.06083
1909626406.25,-18.05913
1909626562.5,-18.05549
1909626718.75,-18.05211
1909626875.0,-18.04916
1909627031.25,-18.04533
1909627187.5,-18.04312
1909627343.75,-18.04049
1909627500.0,-18.03813
1909627656.25,-18.03518
1909627812.5,-18.03297
1909627968.75,-18.02896
1909628125.0,-18.02559
1909628281.25,-18.02329
1909628437.5,-18.02158
1909628593.75,-18.01972
1909628750.0,-18.01627
1909628906.25,-18.01301
1909629062.5,-18.01104
1909629218.75,-18.00865
1909629375.0,-18.00515
1909629531.25,-18.00237
1909629687.5,-17.99895
1909629843.75,-17.9966
1909630000.0,-17.99323
1909630156.25,-17.99037
1909630312.5,-17.98723
1909630468.75,-17.98357
1909630625.0,-17.98216
1909630781.25,-17.97956
1909630937.5,-17.97702
1909631093.75,-17.9732
1909631250.0,-17.97027
1909631406.25,-17.96778
1909631562.5,-17.96515
1909631718.75,-17.96136
1909631875.0,-17.95878
1909632031.25,-17.95605
1909632187.5,-17.95422
1909632343.75,-17.95104
1909632500.0,-17.94772
1909632656.25,-17.94644
1909632812.5,-17.94233
1909632968.75,-17.94046
1909633125.0,-17.93763
1909633281.25,-17.93471
1909633437.5,-17.92996
1909633593.75,-17.92995
1909633750.0,-17.92522
1909633906.25,-17.92311
1909634062.5,-17.92038
1909634218.75,-17.91599
1909634375.0,-17.91428
1909634531.25,-17.91218
1909634687.5,-17.90875
1909634843.75,-17.90652
1909635000.0,-17.90301
1909635156.25,-17.90025
1909635312.5,-17.8977
1909635468.75,-17.89439
1909635625.0,-17.89285
1909635781.25,-17.8886
1909635937.5,-17.88737
1909636093.75,-17.88306
1909636250.0,-17.88167
1909636406.25,-17.8782
1909636562.5,-17.87543
1909636718.75,-17.87339
1909636875.0,-17.86981
1909637031.25,-17.86671
1909637187.5,-17.86561
1909637343.75,-17.86138
1909637500.0,-17.8578
1909637656.25,-17.8571
1909637812.5,-17.85347
1909637968.75,-17.84821
1909638125.0,-17.84611
1909638281.25,-17.84492
1909638437.5,-17.84318
1909638593.75,-17.83891
1909638750.0,-17.83607
1909638906.25,-17.83316
1909639062.5,-17.82927
1909639218.75,-17.82702
1909639375.0,-17.82454
1909639531.25,-17.82079
1909639687.5,-17.81889
1909639843.75,-17.81574
1909640000.0,-17.81346
1909640156.25,-17.81058
1909640312.5,-17.80727
1909640468.75,-17.80497
1909640625.0,-17.80201
1909640781.25,-17.79791
1909640937.5,-17.79554
1909641093.75,-17.79314
1909641250.0,-17.79056
1909641406.25,-17.78702
1909641562.5,-17.78391
1909641718.75,-17.78063
1909641875.0,-17.77771
1909642031.25,-17.7752
1909642187.5,-17.7735
1909642343.75,-17.77077
1909642500.0,-17.76742
1909642656.25,-17.76456
1909642812.5,-17.76337
1909642968.75,-17.75904
1909643125.0,-17.75629
1909643281.25,-17.7526
1909643437.5,-17.75057
1909643593.75,-17.7467
1909643750.0,-17.74418
1909643906.25,-17.74109
1909644062.5,-17.73741
1909644218.75,-17.73571
1909644375.0,-17.73209
1909644531.25,-17.72902
1909644687.5,-17.72757
1909644843.75,-17.72427
1909645000.0,-17.72211
1909645156.25,-17.71733
1909645312.5,-17.71456
1909645468.75,-17.71275
1909645625.0,-17.71046
1909645781.25,-17.70687
1909645937.5,-17.70438
1909646093.75,-17.7015
1909646250.0,-17.6979
1909646406.25,-17.69589
1909646562.5,-17.69176
1909646718.75,-17.68849
1909646875.0,-17.68873
1909647031.25,-17.68419
1909647187.5,-17.68184
1909647343.75,-17.67708
1909647500.0,-17.67596
1909647656.25,-17.67284
1909647812.5,-17.67049
1909647968.75,-17.66633
1909648125.0,-17.66359
1909648281.25,-17.66065
1909648437.5,-17.65889
1909648593.75,-17.6564
1909648750.0,-17.65271
1909648906.25,-17.65062
1909649062.5,-17.647
1909649218.75,-17.6433
1909649375.0,-17.64087
1909649531.25,-17.6383
1909649687.5,-17.63486
1909649843.75,-17.63188
1909650000.0,-17.62986
1909650156.25,-17.6277
1909650312.5,-17.62283
1909650468.75,-17.61996
1909650625.0,-17.61849
1909650781.25,-17.61456
1909650937.5,-17.6108
1909651093.75,-17.60949
1909651250.0,-17.60465
1909651406.25,-17.60372
1909651562.5,-17.6018
1909651718.75,-17.59759
1909651875.0,-17.59341
1909652031.25,-17.59266
1909652187.5,-17.58837
1909652343.75,-17.58486
1909652500.0,-17.58388
1909652656.25,-17.58072
1909652812.5,-17.57878
1909652968.75,-17.57494
1909653125.0,-17.57165
1909653281.25,-17.56974
1909653437.5,-17.56607
1909653593.75,-17.56349
1909653750.0,-17.5604
1909653906.25,-17.55668
1909654062.5,-17.55569
1909654218.75,-17.55083
1909654375.0,-17.54777
1909654531.25,-17.54418
1909654687.5,-17.54108
1909654843.75,-17.53995
1909655000.0,-17.53601
1909655156.25,-17.53297
1909655312.5,-17.53074
1909655468.75,-17.52692
1909655625.0,-17.52502
1909655781.25,-17.52282
1909655937.5,-17.5193
1909656093.75,-17.51572
1909656250.0,-17.51343
1909656406.25,-17.50984
1909656562.5,-17.50799
1909656718.75,-17.50462
1909656875.0,-17.50114
1909657031.25,-17.49913
1909657187.5,-17.49458
1909657343.75,-17.49131
1909657500.0,-17.48831
1909657656.25,-17.48706
1909657812.5,-17.4845
1909657968.75,-17.48051
1909658125.0,-17.47742
1909658281.25,-17.47482
1909658437.5,-17.47152
1909658593.75,-17.46924
1909658750.0,-17.46613
1909658906.25,-17.46315
1909659062.5,-17.46007
1909659218.75,-17.45777
1909659375.0,-17.45605
1909659531.25,-17.45221
1909659687.5,-17.44922
1909659843.75,-17.44479
1909660000.0,-17.44154
1909660156.25,-17.43958
1909660312.5,-17.43669
1909660468.75,-17.43437
1909660625.0,-17.43049
1909660781.25,-17.42797
1909660937.5,-17.42532
1909661093.75,-17.42204
1909661250.0,-17.41925
1909661406.25,-17.41641
1909661562.5,-17.41294
1909661718.75,-17.41074
1909661875.0,-17.40734
1909662031.25,-17.40386
1909662187.5,-17.40231
1909662343.75,-17.39822
1909662500.0,-17.39669
1909662656.25,-17.39244
1909662812.5,-17.3893
1909662968.75,-17.38666
1909663125.0,-17.38351
1909663281.25,-17.37976
1909663437.5,-17.37827
1909663593.75,-17.37495
1909663750.0,-17.37178
1909663906.25,-17.36957
1909664062.5,-17.3653
1909664218.75,-17.36321
1909664375.0,-17.36005
1909664531.25,-17.35669
1909664687.5,-17.35365
1909664843.75,-17.35075
1909665000.0,-17.34746
1909665156.25,-17.34594
1909665312.5,-17.34225
1909665468.75,-17.33926
1909665625.0,-17.33529
1909665781.25,-17.33334
1909665937.5,-17.33076
1909666093.75,-17.32664
1909666250.0,-17.32401
1909666406.25,-17.32203
1909666562.5,-17.31758
1909666718.75,-17.31485
1909666875.0,-17.31225
1909667031.25,-17.30826
1909667187.5,-17.30633
1909667343.75,-17.30503
1909667500.0,-17.29994
1909667656.25,-17.29714
1909667812.5,-17.29496
1909667968.75,-17.29133
1909668125.0,-17.28818
1909668281.25,-17.28692
1909668437.5,-17.28339
1909668593.75,-17.28005
1909668750.0,-17.27763
1909668906.25,-17.27411
1909669062.5,-17.27129
1909669218.75,-17.26804
1909669375.0,-17.2649
1909669531.25,-17.2627
1909669687.5,-17.25879
1909669843.75,-17.25628
1909670000.0,-17.25406
1909670156.25,-17.25057
1909670312.5,-17.24617
1909670468.75,-17.24385
1909670625.0,-17.2417
1909670781.25,-17.23845
1909670937.5,-17.23362
1909671093.75,-17.23251
1909671250.0,-17.22811
1909671406.25,-17.22629
1909671562.5,-17.2219
1909671718.75,-17.22082
1909671875.0,-17.21676
1909672031.25,-17.21405
1909672187.5,-17.21155
1909672343.75,-17.20716
1909672500.0,-17.204
1909672656.25,-17.20246
1909672812.5,-17.199
1909672968.75,-17.19669
1909673125.0,-17.19328
1909673281.25,-17.18998
1909673437.5,-17.18739
1909673593.75,-17.18365
1909673750.0,-17.18102
1909673906.25,-17.17879
1909674062.5,-17.17644
1909674218.75,-17.17059
1909674375.0,-17.16894
1909674531.25,-17.16646
1909674687.5,-17.16424
1909674843.75,-17.16006
1909675000.0,-17.1567
1909675156.25,-17.1531
1909675312.5,-17.15087
1909675468.75,-17.14741
1909675625.0,-17.14483
1909675781.25,-17.14209
1909675937.5,-17.13877
1909676093.75,-17.13651
1909676250.0,-17.13236
1909676406.25,-17.12926
1909676562.5,-17.12596
1909676718.75,-17.12352
1909676875.0,-17.1204
1909677031.25,-17.11773
1909677187.5,-17.11496
1909677343.75,-17.11085
1909677500.0,-17.10859
1909677656.25,-17.10579
1909677812.5,-17.10266
1909677968.75,-17.09943
1909678125.0,-17.09537
1909678281.25,-17.09285
1909678437.5,-17.09
1909678593.75,-17.0885
1909678750.0,-17.08296
1909678906.25,-17.08069
1909679062.5,-17.07847
1909679218.75,-17.0749
1909679375.0,-17.07089
1909679531.25,-17.06896
1909679687.5,-17.06595
1909679843.75,-17.06244
1909680000.0,-17.06028
1909680156.25,-17.05721
1909680312.5,-17.05352
1909680468.75,-17.05019
1909680625.0,-17.04649
1909680781.25,-17.04388
1909680937.5,-17.04109
1909681093.75,-17.03846
1909681250.0,-17.03505
1909681406.25,-17.03199
1909681562.5,-17.0276
1909681718.75,-17.02599
1909681875.0,-17.0239
1909682031.25,-17.02011
1909682187.5,-17.01729
1909682343.75,-17.01473
1909682500.0,-17.01123
1909682656.25,-17.00942
1909682812.5,-17.00421
1909682968.75,-17.00211
1909683125.0,-16.99966
1909683281.25,-16.9946
1909683437.5,-16.99254
1909683593.75,-16.99018
1909683750.0,-16.98749
1909683906.25,-16.98274
1909684062.5,-16.98143
1909684218.75,-16.97636
1909684375.0,-16.97453
1909684531.25,-16.97044
1909684687.5,-16.96912
1909684843.75,-16.96419
1909685000.0,-16.96261
1909685156.25,-16.95887
1909685312.5,-16.95714
1909685468.75,-16.95261
1909685625.0,-16.94934
1909685781.25,-16.94578
1909685937.5,-16.94295
1909686093.75,-16.94004
1909686250.0,-16.93766
1909686406.25,-16.93432
1909686562.5,-16.9314
1909686718.75,-16.92821
1909686875.0,-16.9244
1909687031.25,-16.92141
1909687187.5,-16.91949
1909687343.75,-16.91502
1909687500.0,-16.91248
1909687656.25,-16.90959
1909687812.5,-16.90754
1909687968.75,-16.90319
1909688125.0,-16.89973
1909688281.25,-16.8976
1909688437.5,-16.89341
1909688593.75,-16.89016
1909688750.0,-16.88859
1909688906.25,-16.88489
1909689062.5,-16.88217
1909689218.75,-16.87926
1909689375.0,-16.8755
1909689531.25,-16.87339
1909689687.5,-16.8684
1909689843.75,-16.86567
1909690000.0,-16.86429
1909690156.25,-16.85912
1909690312.5,-16.85691
1909690468.75,-16.85339
1909690625.0,-16.85039
1909690781.25,-16.84809
1909690937.5,-16.84571
1909691093.75,-16.84246
1909691250.0,-16.83982
1909691406.25,-16.83626
1909691562.5,-16.83174
1909691718.75,-16.82993
1909691875.0,-16.82532
1909692031.25,-16.82234
1909692187.5,-16.8196
1909692343.75,-16.81561
1909692500.0,-16.81333
1909692656.25,-16.81101
1909692812.5,-16.80804
1909692968.75,-16.80413
1909693125.0,-16.80181
1909693281.25,-16.79841
1909693437.5,-16.7949
1909693593.75,-16.79096
1909693750.0,-16.78809
1909693906.25,-16.7856
1909694062.5,-16.78178
1909694218.75,-16.7791
1909694375.0,-16.77514
1909694531.25,-16.77352
1909694687.5,-16.77036
1909694843.75,-16.7669
1909695000.0,-16.76261
1909695156.25,-16.76072
1909695312.5,-16.75916
1909695468.75,-16.7548
1909695625.0,-16.75203
1909695781.25,-16.74926
1909695937.5,-16.74535
1909696093.75,-16.7404
1909696250.0,-16.73928
1909696406.25,-16.73573
1909696562.5,-16.73136
1909696718.75,-16.72938
1909696875.0,-16.72598
1909697031.25,-16.72412
1909697187.5,-16.7205
1909697343.75,-16.71639
1909697500.0,-16.71523
1909697656.25,-16.71116
1909697812.5,-16.70942
1909697968.75,-16.70471
1909698125.0,-16.7027
1909698281.25,-16.69761
1909698437.5,-16.69527
1909698593.75,-16.6915
1909698750.0,-16.68901
1909698906.25,-16.68488
1909699062.5,-16.68366
1909699218.75,-16.67923
1909699375.0,-16.67637
1909699531.25,-16.67265
1909699687.5,-16.66883
1909699843.75,-16.66682
1909700000.0,-16.66314
1909700156.25,-16.66003
1909700312.5,-16.65612
1909700468.75,-16.6528
1909700625.0,-16.65088
1909700781.25,-16.64802
1909700937.5,-16.64416
1909701093.75,-16.64116
1909701250.0,-16.63833
1909701406.25,-16.63504
1909701562.5,-16.63211
1909701718.75,-16.62858
1909701875.0,-16.62486
1909702031.25,-16.62184
1909702187.5,-16.61898
1909702343.75,-16.61708
1909702500.0,-16.61388
1909702656.25,-16.60899
1909702812.5,-16.60557
1909702968.75,-16.60402
1909703125.0,-16.60191
1909703281.25,-16.5971
1909703437.5,-16.59512
1909703593.75,-16.59161
1909703750.0,-16.58814
1909703906.25,-16.5831
1909704062.5,-16.58055
1909704218.75,-16.57883
1909704375.0,-16.57634
1909704531.25,-16.57183
1909704687.5,-16.56785
1909704843.75,-16.56544
1909705000.0,-16.56077
1909705156.25,-16.55955
1909705312.5,-16.55651
1909705468.75,-16.55316
1909705625.0,-16.5493
1909705781.25,-16.54668
1909705937.5,-16.54338
1909706093.75,-16.5405
1909706250.0,-16.53608
1909706406.25,-16.53275
1909706562.5,-16.53167
1909706718.75,-16.52658
1909706875.0,-16.52283
1909707031.25,-16.52134
1909707187.5,-16.51789
1909707343.75,-16.51458
1909707500.0,-16.51231
1909707656.25,-16.50972
1909707812.5,-16.50446
1909707968.75,-16.50137
1909708125.0,-16.49821
1909708281.25,-16.49652
1909708437.5,-16.49194
1909708593.75,-16.48874
1909708750.0,-16.48588
1909708906.25,-16.48195
1909709062.5,-16.47974
1909709218.75,-16.47603
1909709375.0,-16.47259
1909709531.25,-16.46921
1909709687.5,-16.46683
1909709843.75,-16.46334
1909710000.0,-16.46057
1909710156.25,-16.45618
1909710312.5,-16.45349
1909710468.75,-16.45129
1909710625.0,-16.44825
1909710781.25,-16.44566
1909710937.5,-16.44132
1909711093.75,-16.4381
1909711250.0,-16.43468
1909711406.25,-16.43219
1909711562.5,-16.42879
1909711718.75,-16.42582
1909711875.0,-16.42184
1909712031.25,-16.4188
1909712187.5,-16.41579
1909712343.75,-16.4114
1909712500.0,-16.40886
1909712656.25,-16.40704
1909712812.5,-16.40327
1909712968.75,-16.40011
1909713125.0,-16.39773
1909713281.25,-16.39205
1909713437.5,-16.38871
1909713593.75,-16.38481
1909713750.0,-16.38363
1909713906.25,-16.38019
1909714062.5,-16.37694
1909714218.75,-16.37266
1909714375.0,-16.36919
1909714531.25,-16.36806
1909714687.5,-16.36398
1909714843.75,-16.3612
1909715000.0,-16.35818
1909715156.25,-16.35497
1909715312.5,-16.35109
1909715468.75,-16.34757
1909715625.0,-16.34469
1909715781.25,-16.34149
1909715937.5,-16.33825
1909716093.75,-16.33555
1909716250.0,-16.33167
1909716406.25,-16.32895
1909716562.5,-16.32496
1909716718.75,-16.32193
1909716875.0,-16.31768
1909717031.25,-16.31632
1909717187.5,-16.31237
1909717343.75,-16.30898
1909717500.0,-16.30572
1909717656.25,-16.30129
1909717812.5,-16.29976
1909717968.75,-16.2973
1909718125.0,-16.29258
1909718281.25,-16.28909
1909718437.5,-16.28656
1909718593.75,-16.28278
1909718750.0,-16.27852
1909718906.25,-16.27727
1909719062.5,-16.27275
1909719218.75,-16.26966
1909719375.0,-16.26741
1909719531.25,-16.2639
1909719687.5,-16.26081
1909719843.75,-16.25619
1909720000.0,-16.25376
1909720156.25,-16.25105
1909720312.5,-16.24743
1909720468.75,-16.2438
1909720625.0,-16.24179
1909720781.25,-16.23848
1909720937.5,-16.23319
1909721093.75,-16.23147
1909721250.0,-16.2268
1909721406.25,-16.2245
1909721562.5,-16.22093
1909721718.75,-16.21846
1909721875.0,-16.21394
1909722031.25,-16.21158
1909722187.5,-16.20756
1909722343.75,-16.2051
1909722500.0,-16.20118
1909722656.25,-16.19959
1909722812.5,-16.19549
1909722968.75,-16.19188
1909723125.0,-16.18846
1909723281.25,-16.18535
1909723437.5,-16.18333
1909723593.75,-16.17916
1909723750.0,-16.17592
1909723906.25,-16.17344
1909724062.5,-16.16875
1909724218.75,-16.16565
1909724375.0,-16.16333
1909724531.25,-16.16005
1909724687.5,-16.15607
1909724843.75,-16.15313
1909725000.0,-16.14849
1909725156.25,-16.14502
1909725312.5,-16.14188
1909725468.75,-16.13931
1909725625.0,-16.13562
1909725781.25,-16.13342
1909725937.5,-16.13016
1909726093.75,-16.12663
1909726250.0,-16.12208
1909726406.25,-16.11927
1909726562.5,-16.11605
1909726718.75,-16.11349
1909726875.0,-16.10883
1909727031.25,-16.10577
1909727187.5,-16.104
1909727343.75,-16.09947
1909727500.0,-16.09603
1909727656.25,-16.09226
1909727812.5,-16.08881
1909727968.75,-16.088
1909728125.0,-16.08253
1909728281.25,-16.08042
1909728437.5,-16.07655
1909728593.75,-16.07317
1909728750.0,-16.07075
1909728906.25,-16.0667
1909729062.5,-16.06338
1909729218.75,-16.06092
1909729375.0,-16.05718
1909729531.25,-16.05391
1909729687.5,-16.0505
1909729843.75,-16.04614
1909730000.0,-16.04315
1909730156.25,-16.04047
1909730312.5,-16.03765
1909730468.75,-16.03329
1909730625.0,-16.0302
1909730781.25,-16.02687
1909730937.5,-16.02443
1909731093.75,-16.01994
1909731250.0,-16.01844
1909731406.25,-16.0127
1909731562.5,-16.01046
1909731718.75,-16.00635
1909731875.0,-16.00312
1909732031.25,-16.0003
1909732187.5,-15.99747
1909732343.75,-15.99462
1909732500.0,-15.99024
1909732656.25,-15.98776
1909732812.5,-15.98301
1909732968.75,-15.98048
1909733125.0,-15.97804
1909733281.25,-15.97373
1909733437.5,-15.97061
1909733593.75,-15.96749
1909733750.0,-15.96344
1909733906.25,-15.96092
1909734062.5,-15.95668
1909734218.75,-15.9537
1909734375.0,-15.9517
1909734531.25,-15.94685
1909734687.5,-15.94492
1909734843.75,-15.94092
1909735000.0,-15.93826
1909735156.25,-15.93375
1909735312.5,-15.93049
1909735468.75,-15.92869
1909735625.0,-15.92332
1909735781.25,-15.92008
1909735937.5,-15.91763
1909736093.75,-15.91371
1909736250.0,-15.91001
1909736406.25,-15.90597
1909736562.5,-15.90319
1909736718.75,-15.89973
1909736875.0,-15.89676
1909737031.25,-15.8933
1909737187.5,-15.89003
1909737343.75,-15.88803
1909737500.0,-15.88338
1909737656.25,-15.88074
1909737812.5,-15.87626
1909737968.75,-15.87347
1909738125.0,-15.87016
1909738281.25,-15.86744
1909738437.5,-15.86364
1909738593.75,-15.86093
1909738750.0,-15.85731
1909738906.25,-15.85315
1909739062.5,-15.85
1909739218.75,-15.84685
1909739375.0,-15.84281
1909739531.25,-15.83981
1909739687.5,-15.83781
1909739843.75,-15.83407
1909740000.0,-15.8304
1909740156.25,-15.82763
1909740312.5,-15.82379
1909740468.75,-15.81986
1909740625.0,-15.81744
1909740781.25,-15.81266
1909740937.5,-15.8107
1909741093.75,-15.8075
1909741250.0,-15.80252
1909741406.25,-15.79871
1909741562.5,-15.79774
1909741718.75,-15.79381
1909741875.0,-15.79012
1909742031.25,-15.78605
1909742187.5,-15.78224
1909742343.75,-15.77939
1909742500.0,-15.77699
1909742656.25,-15.77235
1909742812.5,-15.76944
1909742968.75,-15.7651
1909743125.0,-15.76429
1909743281.25,-15.75946
1909743437.5,-15.75558
1909743593.75,-15.75194
1909743750.0,-15.74945
1909743906.25,-15.74599
1909744062.5,-15.74292
1909744218.75,-15.73851
1909744375.0,-15.73567
1909744531.25,-15.73171
1909744687.5,-15.72946
1909744843.75,-15.72473
1909745000.0,-15.72212
1909745156.25,-15.71943
1909745312.5,-15.71498
1909745468.75,-15.71174
1909745625.0,-15.70765
1909745781.25,-15.70464
1909745937.5,-15.70213
1909746093.75,-15.69847
1909746250.0,-15.69531
1909746406.25,-15.69075
1909746562.5,-15.68798
1909746718.75,-15.684
1909746875.0,-15.6806
1909747031.25,-15.6778
1909747187.5,-15.67517
1909747343.75,-15.67081
1909747500.0,-15.66728
1909747656.25,-15.66578
1909747812.5,-15.66023
1909747968.75,-15.65749
1909748125.0,-15.65417
1909748281.25,-15.65029
1909748437.5,-15.64705
1909748593.75,-15.64412
1909748750.0,-15.64028
1909748906.25,-15.63693
1909749062.5,-15.63357
1909749218.75,-15.63172
1909749375.0,-15.6261
1909749531.25,-15.62222
1909749687.5,-15.61871
1909749843.75,-15.61714
1909750000.0,-15.61276
1909750156.25,-15.61041
1909750312.5,-15.6061
1909750468.75,-15.60292
1909750625.0,-15.59886
1909750781.25,-15.59572
1909750937.5,-15.59227
1909751093.75,-15.59096
1909751250.0,-15.58598
1909751406.25,-15.58245
1909751562.5,-15.57927
1909751718.75,-15.57556
1909751875.0,-15.57187
1909752031.25,-15.56956
1909752187.5,-15.56481
1909752343.75,-15.56258
1909752500.0,-15.5579
1909752656.25,-15.55464
1909752812.5,-15.55087
1909752968.75,-15.54855
1909753125.0,-15.54445
1909753281.25,-15.54101
1909753437.5,-15.53736
1909753593.75,-15.53286
1909753750.0,-15.53078
1909753906.25,-15.52764
1909754062.5,-15.52315
1909754218.75,-15.52018
1909754375.0,-15.51698
1909754531.25,-15.51385
1909754687.5,-15.50999
1909754843.75,-15.50661
1909755000.0,-15.50417
1909755156.25,-15.50025
1909755312.5,-15.49672
1909755468.75,-15.49359
1909755625.0,-15.4891
1909755781.25,-15.4856
1909755937.5,-15.48288
1909756093.75,-15.47986
1909756250.0,-15.47507
1909756406.25,-15.4737
1909756562.5,-15.46935
1909756718.75,-15.46451
1909756875.0,-15.46145
1909757031.25,-15.45849
1909757187.5,-15.4552
1909757343.75,-15.45159
1909757500.0,-15.44737
1909757656.25,-15.4453
1909757812.5,-15.44079
1909757968.75,-15.43829
1909758125.0,-15.43345
1909758281.25,-15.43174
1909758437.5,-15.42804
1909758593.75,-15.42542
1909758750.0,-15.42014
1909758906.25,-15.41673
1909759062.5,-15.41441
1909759218.75,-15.40929
1909759375.0,-15.40721
1909759531.25,-15.40338
1909759687.5,-15.39949
1909759843.75,-15.39577
1909760000.0,-15.39271
1909760156.25,-15.38988
1909760312.5,-15.38546
1909760468.75,-15.38225
1909760625.0,-15.37912
1909760781.25,-15.37496
1909760937.5,-15.3718
1909761093.75,-15.36808
1909761250.0,-15.36449
1909761406.25,-15.36071
1909761562.5,-15.35805
1909761718.75,-15.35392
1909761875.0,-15.35107
1909762031.25,-15.34731
1909762187.5,-15.34339
1909762343.75,-15.34034
1909762500.0,-15.33658
1909762656.25,-15.33224
1909762812.5,-15.32975
1909762968.75,-15.32549
1909763125.0,-15.32324
1909763281.25,-15.31921
1909763437.5,-15.31672
1909763593.75,-15.31401
1909763750.0,-15.30967
1909763906.25,-15.30521
1909764062.5,-15.30245
1909764218.75,-15.2982
1909764375.0,-15.29563
1909764531.25,-15.29202
1909764687.5,-15.28794
1909764843.75,-15.2845
1909765000.0,-15.28197
1909765156.25,-15.27769
1909765312.5,-15.27294
1909765468.75,-15.27078
1909765625.0,-15.26655
1909765781.25,-15.26291
1909765937.5,-15.26062
1909766093.75,-15.25715
1909766250.0,-15.2535
1909766406.25,-15.25001
1909766562.5,-15.24598
1909766718.75,-15.24275
1909766875.0,-15.24091
1909767031.25,-15.23607
1909767187.5,-15.23241
1909767343.75,-15.2287
1909767500.0,-15.22503
1909767656.25,-15.22295
1909767812.5,-15.21778
1909767968.75,-15.2144
1909768125.0,-15.21059
1909768281.25,-15.20716
1909768437.5,-15.20427
1909768593.75,-15.20044
1909768750.0,-15.19798
1909768906.25,-15.1938
1909769062.5,-15.19011
1909769218.75,-15.18604
1909769375.0,-15.18302
1909769531.25,-15.17933
1909769687.5,-15.17598
1909769843.75,-15.17158
1909770000.0,-15.16941
1909770156.25,-15.16517
1909770312.5,-15.16203
1909770468.75,-15.1574
1909770625.0,-15.15462
1909770781.25,-15.15204
1909770937.5,-15.14639
1909771093.75,-15.145
1909771250.0,-15.14148
1909771406.25,-15.13707
1909771562.5,-15.13355
1909771718.75,-15.13031
1909771875.0,-15.12524
1909772031.25,-15.12214
1909772187.5,-15.11889
1909772343.75,-15.11508
1909772500.0,-15.11314
1909772656.25,-15.10954
1909772812.5,-15.10623
1909772968.75,-15.10225
1909773125.0,-15.09839
1909773281.25,-15.09452
1909773437.5,-15.09057
1909773593.75,-15.08773
1909773750.0,-15.08374
1909773906.25,-15.08033
1909774062.5,-15.07615
1909774218.75,-15.07374
1909774375.0,-15.06941
1909774531.25,-15.06513
1909774687.5,-15.06362
1909774843.75,-15.05787
1909775000.0,-15.05532
1909775156.25,-15.05189
1909775312.5,-15.049
1909775468.75,-15.04485
1909775625.0,-15.04253
1909775781.25,-15.03797
1909775937.5,-15.03302
1909776093.75,-15.0308
1909776250.0,-15.02623
1909776406.25,-15.02438
1909776562.5,-15.02005
1909776718.75,-15.01622
1909776875.0,-15.01329
1909777031.25,-15.00928
1909777187.5,-15.00536
1909777343.75,-15.00095
1909777500.0,-14.99854
1909777656.25,-14.99569
1909777812.5,-14.99136
1909777968.75,-14.9889
1909778125.0,-14.98427
1909778281.25,-14.98141
1909778437.5,-14.97734
1909778593.75,-14.97348
1909778750.0,-14.97058
1909778906.25,-14.96706
1909779062.5,-14.96306
1909779218.75,-14.95963
1909779375.0,-14.95651
1909779531.25,-14.95175
1909779687.5,-14.94759
1909779843.75,-14.94473
1909780000.0,-14.94103
1909780156.25,-14.93783
1909780312.5,-14.93429
1909780468.75,-14.93158
1909780625.0,-14.92827
1909780781.25,-14.92444
1909780937.5,-14.92013
1909781093.75,-14.91598
1909781250.0,-14.91312
1909781406.25,-14.90903
1909781562.5,-14.90503
1909781718.75,-14.90277
1909781875.0,-14.89785
1909782031.25,-14.89545
1909782187.5,-14.89085
1909782343.75,-14.88667
1909782500.0,-14.8844
1909782656.25,-14.88078
1909782812.5,-14.87743
1909782968.75,-14.8745
1909783125.0,-14.87005
1909783281.25,-14.86608
1909783437.5,-14.86242
1909783593.75,-14.85858
1909783750.0,-14.85522
1909783906.25,-14.85147
1909784062.5,-14.84669
1909784218.75,-14.84492
1909784375.0,-14.84193
1909784531.25,-14.83749
1909784687.5,-14.83333
1909784843.75,-14.83002
1909785000.0,-14.82659
1909785156.25,-14.82354
1909785312.5,-14.81958
1909785468.75,-14.8152
1909785625.0,-14.81312
1909785781.25,-14.80922
1909785937.5,-14.80517
1909786093.75,-14.80055
1909786250.0,-14.79865
1909786406.25,-14.79461
1909786562.5,-14.7913
1909786718.75,-14.7874
1909786875.0,-14.78327
1909787031.25,-14.78098
1909787187.5,-14.77626
1909787343.75,-14.77269
1909787500.0,-14.76966
1909787656.25,-14.76402
1909787812.5,-14.7605
1909787968.75,-14.75877
1909788125.0,-14.75392
1909788281.25,-14.75181
1909788437.5,-14.74784
1909788593.75,-14.7431
1909788750.0,-14.73941
1909788906.25,-14.73645
1909789062.5,-14.73219
1909789218.75,-14.72883
1909789375.0,-14.72582
1909789531.25,-14.72189
1909789687.5,-14.71861
1909789843.75,-14.71481
1909790000.0,-14.71072
1909790156.25,-14.70727
1909790312.5,-14.70413
1909790468.75,-14.70001
1909790625.0,-14.69688
1909790781.25,-14.69351
1909790937.5,-14.68938
1909791093.75,-14.6861
1909791250.0,-14.68198
1909791406.25,-14.67969
1909791562.5,-14.6747
1909791718.75,-14.67055
1909791875.0,-14.66781
1909792031.25,-14.66498
1909792187.5,-14.66048
1909792343.75,-14.65734
1909792500.0,-14.6529
1909792656.25,-14.65006
1909792812.5,-14.64488
1909792968.75,-14.6412
1909793125.0,-14.63756
1909793281.25,-14.63546
1909793437.5,-14.63089
1909793593.75,-14.6285
1909793750.0,-14.62507
1909793906.25,-14.62036
1909794062.5,-14.61757
1909794218.75,-14.61294
1909794375.0,-14.60926
1909794531.25,-14.6067
1909794687.5,-14.60303
1909794843.75,-14.59794
1909795000.0,-14.59572
1909795156.25,-14.59068
1909795312.5,-14.58667
1909795468.75,-14.58412
1909795625.0,-14.58014
1909795781.25,-14.57671
1909795937.5,-14.57297
1909796093.75,-14.56954
1909796250.0,-14.56579
1909796406.25,-14.5625
1909796562.5,-14.5585
1909796718.75,-14.55417
1909796875.0,-14.55126
1909797031.25,-14.54709
1909797187.5,-14.54383
1909797343.75,-14.53901
1909797500.0,-14.53595
1909797656.25,-14.53338
1909797812.5,-14.52871
1909797968.75,-14.5247
1909798125.0,-14.52099
1909798281.25,-14.51835
1909798437.5,-14.5141
1909798593.75,-14.51055
1909798750.0,-14.50732
1909798906.25,-14.50274
1909799062.5,-14.49958
1909799218.75,-14.49601
1909799375.0,-14.49156
1909799531.25,-14.48884
1909799687.5,-14.48485
1909799843.75,-14.48121
1909800000.0,-14.47648
1909800156.25,-14.47515
1909800312.5,-14.47045
1909800468.75,-14.46566
1909800625.0,-14.46262
1909800781.25,-14.45888
1909800937.5,-14.4565
1909801093.75,-14.45281
1909801250.0,-14.44842
1909801406.25,-14.44468
1909801562.5,-14.44124
1909801718.75,-14.43736
1909801875.0,-14.43491
1909802031.25,-14.42962
1909802187.5,-14.42685
1909802343.75,-14.42283
1909802500.0,-14.41944
1909802656.25,-14.41491
1909802812.5,-14.412
1909802968.75,-14.40757
1909803125.0,-14.40438
1909803281.25,-14.39988
1909803437.5,-14.39725
1909803593.75,-14.3931
1909803750.0,-14.38957
1909803906.25,-14.38593
1909804062.5,-14.38121
1909804218.75,-14.37884
1909804375.0,-14.37455
1909804531.25,-14.3705
1909804687.5,-14.36725
1909804843.75,-14.3632
1909805000.0,-14.3598
1909805156.25,-14.35627
1909805312.5,-14.35262
1909805468.75,-14.34921
1909805625.0,-14.34566
1909805781.25,-14.34151
1909805937.5,-14.33747
1909806093.75,-14.33412
1909806250.0,-14.33008
1909806406.25,-14.32711
1909806562.5,-14.32262
1909806718.75,-14.31929
1909806875.0,-14.31507
1909807031.25,-14.31211
1909807187.5,-14.30837
1909807343.75,-14.30422
1909807500.0,-14.30009
1909807656.25,-14.29649
1909807812.5,-14.29356
1909807968.75,-14.28893
1909808125.0,-14.2853
1909808281.25,-14.28219
1909808437.5,-14.27872
1909808593.75,-14.27487
1909808750.0,-14.27063
1909808906.25,-14.2669
1909809062.5,-14.26285
1909809218.75,-14.26029
1909809375.0,-14.2558
1909809531.25,-14.25188
1909809687.5,-14.24911
1909809843.75,-14.2454
1909810000.0,-14.24094
1909810156.25,-14.23765
1909810312.5,-14.23361
1909810468.75,-14.23091
1909810625.0,-14.22638
1909810781.25,-14.22323
1909810937.5,-14.21834
1909811093.75,-14.21498
1909811250.0,-14.21091
1909811406.25,-14.20798
1909811562.5,-14.20406
1909811718.75,-14.20162
1909811875.0,-14.19724
1909812031.25,-14.19326
1909812187.5,-14.18936
1909812343.75,-14.18643
1909812500.0,-14.1817
1909812656.25,-14.17824
1909812812.5,-14.17317
1909812968.75,-14.17072
1909813125.0,-14.16708
1909813281.25,-14.16356
1909813437.5,-14.15924
1909813593.75,-14.15535
1909813750.0,-14.15073
1909813906.25,-14.14798
1909814062.5,-14.14466
1909814218.75,-14.14071
1909814375.0,-14.13675
1909814531.25,-14.13276
1909814687.5,-14.13014
1909814843.75,-14.12407
1909815000.0,-14.12197
1909815156.25,-14.11765
1909815312.5,-14.11464
1909815468.75,-14.11065
1909815625.0,-14.10696
1909815781.25,-14.10325
1909815937.5,-14.10002
1909816093.75,-14.09613
1909816250.0,-14.0918
1909816406.25,-14.0885
1909816562.5,-14.08379
1909816718.75,-14.08026
1909816875.0,-14.07739
1909817031.25,-14.07355
1909817187.5,-14.06996
1909817343.75,-14.06476
1909817500.0,-14.06176
1909817656.25,-14.05911
1909817812.5,-14.05435
1909817968.75,-14.05088
1909818125.0,-14.04706
1909818281.25,-14.04339
1909818437.5,-14.03947
1909818593.75,-14.03553
1909818750.0,-14.03174
1909818906.25,-14.02829
1909819062.5,-14.02393
1909819218.75,-14.02114
1909819375.0,-14.01779
1909819531.25,-14.01304
1909819687.5,-14.01066
1909819843.75,-14.00616
1909820000.0,-14.00232
1909820156.25,-13.99946
1909820312.5,-13.99556
1909820468.75,-13.98988
1909820625.0,-13.98675
1909820781.25,-13.98289
1909820937.5,-13.97928
1909821093.75,-13.97594
1909821250.0,-13.973
1909821406.25,-13.96911
1909821562.5,-13.96394
1909821718.75,-13.96159
1909821875.0,-13.95755
1909822031.25,-13.95341
1909822187.5,-13.95035
1909822343.75,-13.94562
1909822500.0,-13.94142
1909822656.25,-13.93828
1909822812.5,-13.93508
1909822968.75,-13.93058
1909823125.0,-13.92708
1909823281.25,-13.92472
1909823437.5,-13.91951
1909823593.75,-13.91557
1909823750.0,-13.91149
1909823906.25,-13.90898
1909824062.5,-13.9042
1909824218.75,-13.9006
1909824375.0,-13.89718
1909824531.25,-13.89243
1909824687.5,-13.88927
1909824843.75,-13.88578
1909825000.0,-13.88147
1909825156.25,-13.87824
1909825312.5,-13.87481
1909825468.75,-13.87082
1909825625.0,-13.86685
1909825781.25,-13.86388
1909825937.5,-13.8598
1909826093.75,-13.85612
1909826250.0,-13.85198
1909826406.25,-13.84759
1909826562.5,-13.84451
1909826718.75,-13.83955
1909826875.0,-13.83654
1909827031.25,-13.83336
1909827187.5,-13.82968
1909827343.75,-13.82574
1909827500.0,-13.82129
1909827656.25,-13.81758
1909827812.5,-13.81351
1909827968.75,-13.81043
1909828125.0,-13.80612
1909828281.25,-13.80292
1909828437.5,-13.79918
1909828593.75,-13.79444
1909828750.0,-13.7907
1909828906.25,-13.78905
1909829062.5,-13.78404
1909829218.75,-13.77962
1909829375.0,-13.77687
1909829531.25,-13.77259
1909829687.5,-13.76882
1909829843.75,-13.76427
1909830000.0,-13.7611
1909830156.25,-13.75713
1909830312.5,-13.7536
1909830468.75,-13.7498
1909830625.0,-13.74612
1909830781.25,-13.74145
1909830937.5,-13.73796
1909831093.75,-13.73509
1909831250.0,-13.73073
1909831406.25,-13.72716
1909831562.5,-13.72382
1909831718.75,-13.719
1909831875.0,-13.71599
1909832031.25,-13.71181
1909832187.5,-13.70782
1909832343.75,-13.70378
1909832500.0,-13.70017
1909832656.25,-13.69718
1909832812.5,-13.69256
1909832968.75,-13.68895
1909833125.0,-13.68483
1909833281.25,-13.68092
1909833437.5,-13.67792
1909833593.75,-13.67375
1909833750.0,-13.67017
1909833906.25,-13.66621
1909834062.5,-13.66244
1909834218.75,-13.65878
1909834375.0,-13.65385
1909834531.25,-13.65089
1909834687.5,-13.64694
1909834843.75,-13.64178
1909835000.0,-13.63884
1909835156.25,-13.636
1909835312.5,-13.63197
1909835468.75,-13.62855
1909835625.0,-13.62387
1909835781.25,-13.62098
1909835937.5,-13.61644
1909836093.75,-13.61295
1909836250.0,-13.60925
1909836406.25,-13.60621
1909836562.5,-13.60222
1909836718.75,-13.59857
1909836875.0,-13.59337
1909837031.25,-13.59031
1909837187.5,-13.58555
1909837343.75,-13.58301
1909837500.0,-13.57869
1909837656.25,-13.57553
1909837812.5,-13.57098
1909837968.75,-13.56787
1909838125.0,-13.5632
1909838281.25,-13.55949
1909838437.5,-13.55634
1909838593.75,-13.5516
1909838750.0,-13.5478
1909838906.25,-13.54476
1909839062.5,-13.54055
1909839218.75,-13.53733
1909839375.0,-13.53265
1909839531.25,-13.52894
1909839687.5,-13.52632
1909839843.75,-13.52176
1909840000.0,-13.5169
1909840156.25,-13.51412
1909840312.5,-13.51098
1909840468.75,-13.50654
1909840625.0,-13.50245
1909840781.25,-13.49878
1909840937.5,-13.49487
1909841093.75,-13.49066
1909841250.0,-13.48672
1909841406.25,-13.48335
1909841562.5,-13.48004
1909841718.75,-13.47574
1909841875.0,-13.47181
1909842031.25,-13.46807
1909842187.5,-13.46489
1909842343.75,-13.4603
1909842500.0,-13.4567
1909842656.25,-13.45312
1909842812.5,-13.45019
1909842968.75,-13.44547
1909843125.0,-13.44189
1909843281.25,-13.43685
1909843437.5,-13.43354
1909843593.75,-13.42977
1909843750.0,-13.42626
1909843906.25,-13.42162
1909844062.5,-13.41821
1909844218.75,-13.41488
1909844375.0,-13.41096
1909844531.25,-13.40727
1909844687.5,-13.40345
1909844843.75,-13.39964
1909845000.0,-13.39569
1909845156.25,-13.39214
1909845312.5,-13.38808
1909845468.75,-13.38387
1909845625.0,-13.38044
1909845781.25,-13.37653
1909845937.5,-13.37245
1909846093.75,-13.36881
1909846250.0,-13.3649
1909846406.25,-13.36172
1909846562.5,-13.35742
1909846718.75,-13.35417
1909846875.0,-13.34984
1909847031.25,-13.34661
1909847187.5,-13.3416
1909847343.75,-13.33801
1909847500.0,-13.33418
1909847656.25,-13.33149
1909847812.5,-13.32609
1909847968.75,-13.32243
1909848125.0,-13.31956
1909848281.25,-13.31569
1909848437.5,-13.31058
1909848593.75,-13.30606
1909848750.0,-13.30424
1909848906.25,-13.30019
1909849062.5,-13.29566
1909849218.75,-13.29253
1909849375.0,-13.28836
1909849531.25,-13.28408
1909849687.5,-13.28128
1909849843.75,-13.27671
1909850000.0,-13.27307
1909850156.25,-13.269
1909850312.5,-13.26563
1909850468.75,-13.2613
1909850625.0,-13.25695
1909850781.25,-13.25379
1909850937.5,-13.24959
1909851093.75,-13.24572
1909851250.0,-13.24241
1909851406.25,-13.23786
1909851562.5,-13.23521
1909851718.75,-13.23011
1909851875.0,-13.22684
1909852031.25,-13.22287
1909852187.5,-13.21878
1909852343.75,-13.21508
1909852500.0,-13.21145
1909852656.25,-13.20759
1909852812.5,-13.20289
1909852968.75,-13.20021
1909853125.0,-13.19556
1909853281.25,-13.19152
1909853437.5,-13.18856
1909853593.75,-13.18561
1909853750.0,-13.18134
1909853906.25,-13.17701
1909854062.5,-13.17341
1909854218.75,-13.16893
1909854375.0,-13.1658
1909854531.25,-13.16205
1909854687.5,-13.15769
1909854843.75,-13.15448
1909855000.0,-13.15022
1909855156.25,-13.14635
1909855312.5,-13.14304
1909855468.75,-13.13881
1909855625.0,-13.13482
1909855781.25,-13.13096
1909855937.5,-13.12713
1909856093.75,-13.1244
1909856250.0,-13.11968
1909856406.25,-13.11564
1909856562.5,-13.1119
1909856718.75,-13.10802
1909856875.0,-13.10522
1909857031.25,-13.10031
1909857187.5,-13.09631
1909857343.75,-13.0926
1909857500.0,-13.08926
1909857656.25,-13.08508
1909857812.5,-13.08093
1909857968.75,-13.07683
1909858125.0,-13.07293
1909858281.25,-13.06928
1909858437.5,-13.06554
1909858593.75,-13.06142
1909858750.0,-13.05781
1909858906.25,-13.05427
1909859062.5,-13.05077
1909859218.75,-13.04709
1909859375.0,-13.04316
1909859531.25,-13.03829
1909859687.5,-13.03523
1909859843.75,-13.03181
1909860000.0,-13.02726
1909860156.25,-13.02412
1909860312.5,-13.01976
1909860468.75,-13.01567
1909860625.0,-13.01301
1909860781.25,-13.00813
1909860937.5,-13.00486
1909861093.75,-13.00064
1909861250.0,-12.99734
1909861406.25,-12.99296
1909861562.5,-12.98946
1909861718.75,-12.98575
1909861875.0,-12.98122
1909862031.25,-12.97707
1909862187.5,-12.97307
1909862343.75,-12.96861
1909862500.0,-12.96702
1909862656.25,-12.96217
1909862812.5,-12.95856
1909862968.75,-12.95351
1909863125.0,-12.95079
1909863281.25,-12.94622
1909863437.5,-12.94279
1909863593.75,-12.93909
1909863750.0,-12.93465
1909863906.25,-12.93113
1909864062.5,-12.92727
1909864218.75,-12.92379
1909864375.0,-12.91937
1909864531.25,-12.9152
1909864687.5,-12.91163
1909864843.75,-12.90864
1909865000.0,-12.90446
1909865156.25,-12.90054
1909865312.5,-12.8981
1909865468.75,-12.89256
1909865625.0,-12.88999
1909865781.25,-12.88475
1909865937.5,-12.88092
1909866093.75,-12.8777
1909866250.0,-12.87349
1909866406.25,-12.87002
1909866562.5,-12.86536
1909866718.75,-12.86252
1909866875.0,-12.85866
1909867031.25,-12.85497
1909867187.5,-12.85167
1909867343.75,-12.84715
1909867500.0,-12.84243
1909867656.25,-12.83904
1909867812.5,-12.83435
1909867968.75,-12.83078
1909868125.0,-12.82744
1909868281.25,-12.82472
1909868437.5,-12.81898
1909868593.75,-12.81593
1909868750.0,-12.8115
1909868906.25,-12.80805
1909869062.5,-12.8044
1909869218.75,-12.79989
1909869375.0,-12.79642
1909869531.25,-12.79314
1909869687.5,-12.78868
1909869843.75,-12.78554
1909870000.0,-12.78102
1909870156.25,-12.77715
1909870312.5,-12.77372
1909870468.75,-12.76905
1909870625.0,-12.76572
1909870781.25,-12.76276
1909870937.5,-12.75977
1909871093.75,-12.75564
1909871250.0,-12.75075
1909871406.25,-12.74766
1909871562.5,-12.74305
1909871718.75,-12.73886
1909871875.0,-12.73545
1909872031.25,-12.73148
1909872187.5,-12.72784
1909872343.75,-12.72415
1909872500.0,-12.72015
1909872656.25,-12.71673
1909872812.5,-12.7125
1909872968.75,-12.7085
1909873125.0,-12.70584
1909873281.25,-12.7004
1909873437.5,-12.69681
1909873593.75,-12.69278
1909873750.0,-12.68855
1909873906.25,-12.68556
1909874062.5,-12.68208
1909874218.75,-12.6777
1909874375.0,-12.67469
1909874531.25,-12.67144
1909874687.5,-12.66695
1909874843.75,-12.66307
1909875000.0,-12.65906
1909875156.25,-12.65384
1909875312.5,-12.65097
1909875468.75,-12.64688
1909875625.0,-12.64336
1909875781.25,-12.63923
1909875937.5,-12.63645
1909876093.75,-12.63087
1909876250.0,-12.62864
1909876406.25,-12.62478
1909876562.5,-12.62089
1909876718.75,-12.61633
1909876875.0,-12.61216
1909877031.25,-12.60976
1909877187.5,-12.60568
1909877343.75,-12.60133
1909877500.0,-12.5972
1909877656.25,-12.59388
1909877812.5,-12.58938
1909877968.75,-12.58611
1909878125.0,-12.58221
1909878281.25,-12.57851
1909878437.5,-12.57414
1909878593.75,-12.57039
1909878750.0,-12.56706
1909878906.25,-12.56382
1909879062.5,-12.55839
1909879218.75,-12.55494
1909879375.0,-12.55154
1909879531.25,-12.54722
1909879687.5,-12.5441
1909879843.75,-12.53966
1909880000.0,-12.53656
1909880156.25,-12.53206
1909880312.5,-12.52749
1909880468.75,-12.52514
1909880625.0,-12.52128
1909880781.25,-12.51686
1909880937.5,-12.51306
1909881093.75,-12.5089
1909881250.0,-12.5063
1909881406.25,-12.50157
1909881562.5,-12.49737
1909881718.75,-12.49406
1909881875.0,-12.49121
1909882031.25,-12.48633
1909882187.5,-12.48272
1909882343.75,-12.47914
1909882500.0,-12.47484
1909882656.25,-12.47093
1909882812.5,-12.4667
1909882968.75,-12.46426
1909883125.0,-12.4604
1909883281.25,-12.45581
1909883437.5,-12.45232
1909883593.75,-12.44938
1909883750.0,-12.44503
1909883906.25,-12.44108
1909884062.5,-12.43711
1909884218.75,-12.43364
1909884375.0,-12.43036
1909884531.25,-12.4261
1909884687.5,-12.42305
1909884843.75,-12.418
1909885000.0,-12.41393
1909885156.25,-12.4102
1909885312.5,-12.40622
1909885468.75,-12.40285
1909885625.0,-12.3987
1909885781.25,-12.39463
1909885937.5,-12.39155
1909886093.75,-12.38813
1909886250.0,-12.38429
1909886406.25,-12.37994
1909886562.5,-12.37705
1909886718.75,-12.37111
1909886875.0,-12.36824
1909887031.25,-12.3649
1909887187.5,-12.36166
1909887343.75,-12.35715
1909887500.0,-12.35341
1909887656.25,-12.34957
1909887812.5,-12.34529
1909887968.75,-12.3416
1909888125.0,-12.33776
1909888281.25,-12.33407
1909888437.5,-12.33049
1909888593.75,-12.32705
1909888750.0,-12.32336
1909888906.25,-12.31883
1909889062.5,-12.31536
1909889218.75,-12.31111
1909889375.0,-12.3076
1909889531.25,-12.30382
1909889687.5,-12.30035
1909889843.75,-12.2965
1909890000.0,-12.29268
1909890156.25,-12.28871
1909890312.5,-12.28459
1909890468.75,-12.28104
1909890625.0,-12.27732
1909890781.25,-12.27256
1909890937.5,-12.26934
1909891093.75,-12.26605
1909891250.0,-12.26166
1909891406.25,-12.25924
1909891562.5,-12.2546
1909891718.75,-12.25092
1909891875.0,-12.24682
1909892031.25,-12.24307
1909892187.5,-12.23936
1909892343.75,-12.23666
1909892500.0,-12.23128
1909892656.25,-12.22811
1909892812.5,-12.22479
1909892968.75,-12.22046
1909893125.0,-12.21666
1909893281.25,-12.21225
1909893437.5,-12.20916
1909893593.75,-12.20513
1909893750.0,-12.20087
1909893906.25,-12.19809
1909894062.5,-12.19416
1909894218.75,-12.19014
1909894375.0,-12.18684
1909894531.25,-12.18325
1909894687.5,-12.17887
1909894843.75,-12.17497
1909895000.0,-12.17182
1909895156.25,-12.16794
1909895312.5,-12.16484
1909895468.75,-12.15925
1909895625.0,-12.15654
1909895781.25,-12.15187
1909895937.5,-12.14889
1909896093.75,-12.14469
1909896250.0,-12.14157
1909896406.25,-12.13706
1909896562.5,-12.1336
1909896718.75,-12.1299
1909896875.0,-12.12622
1909897031.25,-12.1225
1909897187.5,-12.11924
1909897343.75,-12.11464
1909897500.0,-12.11136
1909897656.25,-12.10802
1909897812.5,-12.10393
1909897968.75,-12.10005
1909898125.0,-12.09661
1909898281.25,-12.09266
1909898437.5,-12.08806
1909898593.75,-12.08539
1909898750.0,-12.08112
1909898906.25,-12.07794
1909899062.5,-12.07388
1909899218.75,-12.06983
1909899375.0,-12.06673
1909899531.25,-12.06354
1909899687.5,-12.05875
1909899843.75,-12.05439
1909900000.0,-12.05103
1909900156.25,-12.04806
1909900312.5,-12.04444
1909900468.75,-12.03976
1909900625.0,-12.03666
1909900781.25,-12.03279
1909900937.5,-12.02848
1909901093.75,-12.0248
1909901250.0,-12.02097
1909901406.25,-12.01763
1909901562.5,-12.01449
1909901718.75,-12.0108
1909901875.0,-12.00635
1909902031.25,-12.00284
1909902187.5,-11.99924
1909902343.75,-11.99554
1909902500.0,-11.99208
1909902656.25,-11.98737
1909902812.5,-11.98448
1909902968.75,-11.98135
1909903125.0,-11.97666
1909903281.25,-11.97393
1909903437.5,-11.96917
1909903593.75,-11.96456
1909903750.0,-11.96146
1909903906.25,-11.95882
1909904062.5,-11.95452
1909904218.75,-11.95085
1909904375.0,-11.94714
1909904531.25,-11.94383
1909904687.5,-11.93964
1909904843.75,-11.93497
1909905000.0,-11.93259
1909905156.25,-11.92815
1909905312.5,-11.92514
1909905468.75,-11.92151
1909905625.0,-11.91747
1909905781.25,-11.91403
1909905937.5,-11.91005
1909906093.75,-11.90614
1909906250.0,-11.90279
1909906406.25,-11.89822
1909906562.5,-11.89523
1909906718.75,-11.89119
1909906875.0,-11.88762
1909907031.25,-11.88411
1909907187.5,-11.88033
1909907343.75,-11.87716
1909907500.0,-11.8731
1909907656.25,-11.87003
1909907812.5,-11.86583
1909907968.75,-11.8623
1909908125.0,-11.85871
1909908281.25,-11.85455
1909908437.5,-11.85095
1909908593.75,-11.84853
1909908750.0,-11.84286
1909908906.25,-11.83936
1909909062.5,-11.83611
1909909218.75,-11.83252
1909909375.0,-11.82933
1909909531.25,-11.82507
1909909687.5,-11.82115
1909909843.75,-11.81753
1909910000.0,-11.8143
1909910156.25,-11.81031
1909910312.5,-11.80667
1909910468.75,-11.80362
1909910625.0,-11.79967
1909910781.25,-11.79549
1909910937.5,-11.79257
1909911093.75,-11.78814
1909911250.0,-11.7855
1909911406.25,-11.78091
1909911562.5,-11.77727
1909911718.75,-11.77367
1909911875.0,-11.76962
1909912031.25,-11.7662
1909912187.5,-11.76316
1909912343.75,-11.75945
1909912500.0,-11.75542
1909912656.25,-11.75159
1909912812.5,-11.74804
1909912968.75,-11.74465
1909913125.0,-11.74099
1909913281.25,-11.73721
1909913437.5,-11.73413
1909913593.75,-11.72967
1909913750.0,-11.72649
1909913906.25,-11.72243
1909914062.5,-11.71905
1909914218.75,-11.71572
1909914375.0,-11.71201
1909914531.25,-11.70868
1909914687.5,-11.70521
1909914843.75,-11.70189
1909915000.0,-11.69686
1909915156.25,-11.69407
1909915312.5,-11.69061
1909915468.75,-11.68657
1909915625.0,-11.68316
1909915781.25,-11.67962
1909915937.5,-11.67497
1909916093.75,-11.67275
1909916250.0,-11.66949
1909916406.25,-11.66484
1909916562.5,-11.66102
1909916718.75,-11.65722
1909916875.0,-11.65354
1909917031.25,-11.6502
1909917187.5,-11.6474
1909917343.75,-11.6443
1909917500.0,-11.63988
1909917656.25,-11.63606
1909917812.5,-11.63348
1909917968.75,-11.62925
1909918125.0,-11.62597
1909918281.25,-11.62093
1909918437.5,-11.61769
1909918593.75,-11.61459
1909918750.0,-11.61102
1909918906.25,-11.60782
1909919062.5,-11.60474
1909919218.75,-11.60056
1909919375.0,-11.59692
1909919531.25,-11.59324
1909919687.5,-11.58925
1909919843.75,-11.58649
1909920000.0,-11.58275
1909920156.25,-11.57896
1909920312.5,-11.57525
1909920468.75,-11.57208
1909920625.0,-11.56786
1909920781.25,-11.56374
1909920937.5,-11.56214
1909921093.75,-11.55738
1909921250.0,-11.55346
1909921406.25,-11.55031
1909921562.5,-11.54705
1909921718.75,-11.5428
1909921875.0,-11.53916
1909922031.25,-11.53685
1909922187.5,-11.53269
1909922343.75,-11.52966
1909922500.0,-11.52606
1909922656.25,-11.52335
1909922812.5,-11.51907
1909922968.75,-11.51641
1909923125.0,-11.51145
1909923281.25,-11.50827
1909923437.5,-11.50361
1909923593.75,-11.50138
1909923750.0,-11.4972
1909923906.25,-11.49441
1909924062.5,-11.49088
1909924218.75,-11.48722
1909924375.0,-11.48324
1909924531.25,-11.47987
1909924687.5,-11.47689
1909924843.75,-11.47186
1909925000.0,-11.46938
1909925156.25,-11.46569
1909925312.5,-11.4624
1909925468.75,-11.45868
1909925625.0,-11.45534
1909925781.25,-11.45124
1909925937.5,-11.44807
1909926093.75,-11.44422
1909926250.0,-11.44173
1909926406.25,-11.43801
1909926562.5,-11.43501
1909926718.75,-11.43138
1909926875.0,-11.42749
1909927031.25,-11.42402
1909927187.5,-11.4205
1909927343.75,-11.41702
1909927500.0,-11.413
1909927656.25,-11.41031
1909927812.5,-11.40619
1909927968.75,-11.40305
1909928125.0,-11.39951
1909928281.25,-11.39643
1909928437.5,-11.39365
1909928593.75,-11.38925
1909928750.0,-11.38539
1909928906.25,-11.38202
1909929062.5,-11.37865
1909929218.75,-11.37612
1909929375.0,-11.37172
1909929531.25,-11.36813
1909929687.5,-11.36545
1909929843.75,-11.36006
1909930000.0,-11.35807
1909930156.25,-11.35561
1909930312.5,-11.35152
1909930468.75,-11.34784
1909930625.0,-11.34426
1909930781.25,-11.34099
1909930937.5,-11.33781
1909931093.75,-11.33364
1909931250.0,-11.33106
1909931406.25,-11.32708
1909931562.5,-11.32359
1909931718.75,-11.32063
1909931875.0,-11.31707
1909932031.25,-11.31436
1909932187.5,-11.31036
1909932343.75,-11.30649
1909932500.0,-11.30299
1909932656.25,-11.3
1909932812.5,-11.29627
1909932968.75,-11.29293
1909933125.0,-11.28888
1909933281.25,-11.28594
1909933437.5,-11.28242
1909933593.75,-11.27954
1909933750.0,-11.27595
1909933906.25,-11.27251
1909934062.5,-11.26937
1909934218.75,-11.26572
1909934375.0,-11.26245
1909934531.25,-11.25962
1909934687.5,-11.2557
1909934843.75,-11.2535
1909935000.0,-11.24844
1909935156.25,-11.24539
1909935312.5,-11.24226
1909935468.75,-11.23884
1909935625.0,-11.235
1909935781.25,-11.23183
1909935937.5,-11.22996
1909936093.75,-11.22524
1909936250.0,-11.22255
1909936406.25,-11.2189
1909936562.5,-11.215
1909936718.75,-11.21254
1909936875.0,-11.20877
1909937031.25,-11.20596
1909937187.5,-11.2019
1909937343.75,-11.1988
1909937500.0,-11.19543
1909937656.25,-11.19171
1909937812.5,-11.18864
1909937968.75,-11.18545
1909938125.0,-11.18207
1909938281.25,-11.17848
1909938437.5,-11.17563
1909938593.75,-11.17209
1909938750.0,-11.16897
1909938906.25,-11.16584
1909939062.5,-11.16149
1909939218.75,-11.1591
1909939375.0,-11.15605
1909939531.25,-11.15296
1909939687.5,-11.14972
1909939843.75,-11.14631
1909940000.0,-11.1421
1909940156.25,-11.13772
1909940312.5,-11.13486
1909940468.75,-11.13283
1909940625.0,-11.12899
1909940781.25,-11.12593
1909940937.5,-11.12342
1909941093.75,-11.11923
1909941250.0,-11.11596
1909941406.25,-11.11299
1909941562.5,-11.10981
1909941718.75,-11.10568
1909941875.0,-11.10289
1909942031.25,-11.10051
1909942187.5,-11.09667
1909942343.75,-11.09411
1909942500.0,-11.09062
1909942656.25,-11.08742
1909942812.5,-11.08373
1909942968.75,-11.07963
1909943125.0,-11.07784
1909943281.25,-11.074
1909943437.5,-11.07055
1909943593.75,-11.06749
1909943750.0,-11.06464
1909943906.25,-11.0617
1909944062.5,-11.05684
1909944218.75,-11.05381
1909944375.0,-11.05134
1909944531.25,-11.04842
1909944687.5,-11.0452
1909944843.75,-11.04139
1909945000.0,-11.03911
1909945156.25,-11.03602
1909945312.5,-11.03179
1909945468.75,-11.02902
1909945625.0,-11.02523
1909945781.25,-11.0219
1909945937.5,-11.02009
1909946093.75,-11.01598
1909946250.0,-11.0132
1909946406.25,-11.01085
1909946562.5,-11.00581
1909946718.75,-11.00428
1909946875.0,-11.00013
1909947031.25,-10.99652
1909947187.5,-10.99368
1909947343.75,-10.99072
1909947500.0,-10.98854
1909947656.25,-10.98458
1909947812.5,-10.98191
1909947968.75,-10.97832
1909948125.0,-10.97469
1909948281.25,-10.9719
1909948437.5,-10.96921
1909948593.75,-10.96566
1909948750.0,-10.96356
1909948906.25,-10.95933
1909949062.5,-10.9561
1909949218.75,-10.95262
1909949375.0,-10.94992
1909949531.25,-10.94642
1909949687.5,-10.94355
1909949843.75,-10.94096
1909950000.0,-10.93754
1909950156.25,-10.93506
1909950312.5,-10.93037
1909950468.75,-10.92824
1909950625.0,-10.92488
1909950781.25,-10.92248
1909950937.5,-10.91859
1909951093.75,-10.9162
1909951250.0,-10.91294
1909951406.25,-10.91009
1909951562.5,-10.90712
1909951718.75,-10.90323
1909951875.0,-10.90077
1909952031.25,-10.89775
1909952187.5,-10.89431
1909952343.75,-10.89181
1909952500.0,-10.88853
1909952656.25,-10.88531
1909952812.5,-10.88228
1909952968.75,-10.87972
1909953125.0,-10.87686
1909953281.25,-10.87332
1909953437.5,-10.86984
1909953593.75,-10.86639
1909953750.0,-10.86377
1909953906.25,-10.86129
1909954062.5,-10.85755
1909954218.75,-10.85464
1909954375.0,-10.85248
1909954531.25,-10.84942
1909954687.5,-10.84594
1909954843.75,-10.84271
1909955000.0,-10.8408
1909955156.25,-10.83713
1909955312.5,-10.83426
1909955468.75,-10.83076
1909955625.0,-10.82722
1909955781.25,-10.82515
1909955937.5,-10.82174
1909956093.75,-10.81923
1909956250.0,-10.8156
1909956406.25,-10.81333
1909956562.5,-10.81082
1909956718.75,-10.80769
1909956875.0,-10.80467
1909957031.25,-10.8019
1909957187.5,-10.79822
1909957343.75,-10.79492
1909957500.0,-10.79269
1909957656.25,-10.78967
1909957812.5,-10.78627
1909957968.75,-10.7843
1909958125.0,-10.78141
1909958281.25,-10.77768
1909958437.5,-10.77398
1909958593.75,-10.77114
1909958750.0,-10.76896
1909958906.25,-10.76572
1909959062.5,-10.76303
1909959218.75,-10.75975
1909959375.0,-10.75743
1909959531.25,-10.75452
1909959687.5,-10.75078
1909959843.75,-10.74837
1909960000.0,-10.74528
1909960156.25,-10.74241
1909960312.5,-10.73943
1909960468.75,-10.73651
1909960625.0,-10.73472
1909960781.25,-10.73128
1909960937.5,-10.72805
1909961093.75,-10.72598
1909961250.0,-10.72229
1909961406.25,-10.71994
1909961562.5,-10.7176
1909961718.75,-10.71437
1909961875.0,-10.71187
1909962031.25,-10.70799
1909962187.5,-10.70534
1909962343.75,-10.70221
1909962500.0,-10.70037
1909962656.25,-10.69727
1909962812.5,-10.69469
1909962968.75,-10.69184
1909963125.0,-10.68844
1909963281.25,-10.68606
1909963437.5,-10.6829
1909963593.75,-10.68009
1909963750.0,-10.67739
1909963906.25,-10.67538
1909964062.5,-10.67132
1909964218.75,-10.66833
1909964375.0,-10.66678
1909964531.25,-10.66314
1909964687.5,-10.66102
1909964843.75,-10.65867
1909965000.0,-10.6551
1909965156.25,-10.65197
1909965312.5,-10.65007
1909965468.75,-10.64779
1909965625.0,-10.6441
1909965781.25,-10.64281
1909965937.5,-10.63907
1909966093.75,-10.63618
1909966250.0,-10.63378
1909966406.25,-10.63117
1909966562.5,-10.6282
1909966718.75,-10.62541
1909966875.0,-10.62196
1909967031.25,-10.62017
1909967187.5,-10.61678
1909967343.75,-10.61392
1909967500.0,-10.61158
1909967656.25,-10.60847
1909967812.5,-10.60574
1909967968.75,-10.60371
1909968125.0,-10.60125
1909968281.25,-10.59764
1909968437.5,-10.59508
1909968593.75,-10.59296
1909968750.0,-10.58978
1909968906.25,-10.58769
1909969062.5,-10.58468
1909969218.75,-10.58217
1909969375.0,-10.57968
1909969531.25,-10.57696
1909969687.5,-10.57448
1909969843.75,-10.57104
1909970000.0,-10.56924
1909970156.25,-10.5675
1909970312.5,-10.56353
1909970468.75,-10.5613
1909970625.0,-10.55894
1909970781.25,-10.55594
1909970937.5,-10.5539
1909971093.75,-10.55167
1909971250.0,-10.54833
1909971406.25,-10.54641
1909971562.5,-10.54319
1909971718.75,-10.54069
1909971875.0,-10.53831
1909972031.25,-10.53517
1909972187.5,-10.53303
1909972343.75,-10.53005
1909972500.0,-10.5269
1909972656.25,-10.52445
1909972812.5,-10.52225
1909972968.75,-10.51937
1909973125.0,-10.51795
1909973281.25,-10.51513
1909973437.5,-10.51291
1909973593.75,-10.5103
1909973750.0,-10.50771
1909973906.25,-10.50418
1909974062.5,-10.50145
1909974218.75,-10.49945
1909974375.0,-10.4973
1909974531.25,-10.49468
1909974687.5,-10.49268
1909974843.75,-10.48988
1909975000.0,-10.48734
1909975156.25,-10.48467
1909975312.5,-10.48211
1909975468.75,-10.47906
1909975625.0,-10.47681
1909975781.25,-10.47423
1909975937.5,-10.4724
1909976093.75,-10.46985
1909976250.0,-10.46719
1909976406.25,-10.465
1909976562.5,-10.46234
1909976718.75,-10.46028
1909976875.0,-10.45774
1909977031.25,-10.45509
1909977187.5,-10.45235
1909977343.75,-10.45028
1909977500.0,-10.44777
1909977656.25,-10.4458
1909977812.5,-10.44307
1909977968.75,-10.44151
1909978125.0,-10.43897
1909978281.25,-10.43575
1909978437.5,-10.43353
1909978593.75,-10.43088
1909978750.0,-10.42854
1909978906.25,-10.42639
1909979062.5,-10.42416
1909979218.75,-10.42232
1909979375.0,-10.41908
1909979531.25,-10.41815
1909979687.5,-10.41522
1909979843.75,-10.41315
1909980000.0,-10.41036
1909980156.25,-10.40805
1909980312.5,-10.4057
1909980468.75,-10.40298
1909980625.0,-10.40131
1909980781.25,-10.39837
1909980937.5,-10.39618
1909981093.75,-10.39362
1909981250.0,-10.39182
1909981406.25,-10.3902
1909981562.5,-10.38745
1909981718.75,-10.38468
1909981875.0,-10.38188
1909982031.25,-10.38021
1909982187.5,-10.37752
1909982343.75,-10.37518
1909982500.0,-10.37371
1909982656.25,-10.37027
1909982812.5,-10.36924
1909982968.75,-10.36636
1909983125.0,-10.36449
1909983281.25,-10.36162
1909983437.5,-10.35945
1909983593.75,-10.35757
1909983750.0,-10.35495
1909983906.25,-10.35274
1909984062.5,-10.35087
1909984218.75,-10.34924
1909984375.0,-10.34595
1909984531.25,-10.34415
1909984687.5,-10.34261
1909984843.75,-10.33996
1909985000.0,-10.33799
1909985156.25,-10.33533
1909985312.5,-10.33343
1909985468.75,-10.33194
1909985625.0,-10.32903
1909985781.25,-10.32727
1909985937.5,-10.32433
1909986093.75,-10.32235
1909986250.0,-10.32047
1909986406.25,-10.31857
1909986562.5,-10.31636
1909986718.75,-10.31435
1909986875.0,-10.31266
1909987031.25,-10.30894
1909987187.5,-10.30682
1909987343.75,-10.30529
1909987500.0,-10.30317
1909987656.25,-10.30122
1909987812.5,-10.2988
1909987968.75,-10.29699
1909988125.0,-10.29502
1909988281.25,-10.29332
1909988437.5,-10.29072
1909988593.75,-10.28893
1909988750.0,-10.28679
1909988906.25,-10.28514
1909989062.5,-10.28315
1909989218.75,-10.28072
1909989375.0,-10.27874
1909989531.25,-10.27668
1909989687.5,-10.27493
1909989843.75,-10.2726
1909990000.0,-10.27081
1909990156.25,-10.26856
1909990312.5,-10.2673
1909990468.75,-10.26468
1909990625.0,-10.26303
1909990781.25,-10.26068
1909990937.5,-10.25849
1909991093.75,-10.25719
1909991250.0,-10.2545
1909991406.25,-10.25247
1909991562.5,-10.25101
1909991718.75,-10.24911
1909991875.0,-10.24718
1909992031.25,-10.24489
1909992187.5,-10.24305
1909992343.75,-10.24053
1909992500.0,-10.23903
1909992656.25,-10.23626
1909992812.5,-10.23552
1909992968.75,-10.23274
1909993125.0,-10.23169
1909993281.25,-10.22996
1909993437.5,-10.22753
1909993593.75,-10.22531
1909993750.0,-10.22363
1909993906.25,-10.22242
1909994062.5,-10.21927
1909994218.75,-10.21771
1909994375.0,-10.21624
1909994531.25,-10.21466
1909994687.5,-10.21246
1909994843.75,-10.2105
1909995000.0,-10.20945
1909995156.25,-10.20758
1909995312.5,-10.20551
1909995468.75,-10.204
1909995625.0,-10.20216
1909995781.25,-10.20026
1909995937.5,-10.19854
1909996093.75,-10.19571
1909996250.0,-10.19391
1909996406.25,-10.19221
1909996562.5,-10.19061
1909996718.75,-10.18844
1909996875.0,-10.18808
1909997031.25,-10.18598
1909997187.5,-10.18368
1909997343.75,-10.18216
1909997500.0,-10.18059
1909997656.25,-10.17875
1909997812.5,-10.17659
1909997968.75,-10.17485
1909998125.0,-10.17352
1909998281.25,-10.1719
1909998437.5,-10.16949
1909998593.75,-10.16787
1909998750.0,-10.16639
1909998906.25,-10.16403
1909999062.5,-10.16307
1909999218.75,-10.16082
1909999375.0,-10.15952
1909999531.25,-10.15823
1909999687.5,-10.15647
1909999843.75,-10.15394
1910000000.0,-10.15318
1910000156.25,-10.15181
1910000312.5,-10.14948
1910000468.75,-10.14799
1910000625.0,-10.14638
1910000781.25,-10.14505
1910000937.5,-10.14401
1910001093.75,-10.14121
1910001250.0,-10.14001
1910001406.25,-10.13821
1910001562.5,-10.1368
1910001718.75,-10.13559
1910001875.0,-10.13375
1910002031.25,-10.13196
1910002187.5,-10.13007
1910002343.75,-10.12904
1910002500.0,-10.12733
1910002656.25,-10.12601
1910002812.5,-10.12469
1910002968.75,-10.12307
1910003125.0,-10.12105
1910003281.25,-10.11969
1910003437.5,-10.11827
1910003593.75,-10.11723
1910003750.0,-10.11538
1910003906.25,-10.11427
1910004062.5,-10.11187
1910004218.75,-10.10996
1910004375.0,-10.10913
1910004531.25,-10.10682
1910004687.5,-10.10593
1910004843.75,-10.10462
1910005000.0,-10.10398
1910005156.25,-10.10198
1910005312.5,-10.0997
1910005468.75,-10.09906
1910005625.0,-10.09722
1910005781.25,-10.09611
1910005937.5,-10.09445
1910006093.75,-10.09285
1910006250.0,-10.09159
1910006406.25,-10.09066
1910006562.5,-10.08847
1910006718.75,-10.08666
1910006875.0,-10.0858
1910007031.25,-10.08503
1910007187.5,-10.08301
1910007343.75,-10.08148
1910007500.0,-10.08075
1910007656.25,-10.07862
1910007812.5,-10.07911
1910007968.75,-10.0767
1910008125.0,-10.0743
1910008281.25,-10.07359
1910008437.5,-10.07217
1910008593.75,-10.07067
1910008750.0,-10.06981
1910008906.25,-10.06758
1910009062.5,-10.06728
1910009218.75,-10.06596
1910009375.0,-10.06449
1910009531.25,-10.06324
1910009687.5,-10.06197
1910009843.75,-10.06103
1910010000.0,-10.05889
1910010156.25,-10.05761
1910010312.5,-10.05714
1910010468.75,-10.05549
1910010625.0,-10.05439
1910010781.25,-10.05279
1910010937.5,-10.05069
1910011093.75,-10.05044
1910011250.0,-10.04919
1910011406.25,-10.04828
1910011562.5,-10.04667
1910011718.75,-10.04539
1910011875.0,-10.04568
1910012031.25,-10.04288
1910012187.5,-10.04246
1910012343.75,-10.04104
1910012500.0,-10.04001
1910012656.25,-10.03843
1910012812.5,-10.03722
1910012968.75,-10.03655
1910013125.0,-10.03505
1910013281.25,-10.03464
1910013437.5,-10.03323
1910013593.75,-10.03133
1910013750.0,-10.03005
1910013906.25,-10.0299
1910014062.5,-10.02792
1910014218.75,-10.02739
1910014375.0,-10.02661
1910014531.25,-10.02443
1910014687.5,-10.02369
1910014843.75,-10.02252
1910015000.0,-10.0218
1910015156.25,-10.02069
1910015312.5,-10.02047
1910015468.75,-10.01867
1910015625.0,-10.01748
1910015781.25,-10.01639
1910015937.5,-10.01521
1910016093.75,-10.0147
1910016250.0,-10.01377
1910016406.25,-10.01335
1910016562.5,-10.01143
1910016718.75,-10.01003
1910016875.0,-10.00982
1910017031.25,-10.00779
1910017187.5,-10.00735
1910017343.75,-10.0063
1910017500.0,-10.00521
1910017656.25,-10.00476
1910017812.5,-10.00369
1910017968.75,-10.00321
1910018125.0,-10.00175
1910018281.25,-10.00111
1910018437.5,-9.999516
1910018593.75,-9.997964
1910018750.0,-9.997118
1910018906.25,-9.996733
1910019062.5,-9.996104
1910019218.75,-9.995196
1910019375.0,-9.994442
1910019531.25,-9.993777
1910019687.5,-9.991756
1910019843.75,-9.991248
1910020000.0,-9.990696
1910020156.25,-9.989454
1910020312.5,-9.98894
1910020468.75,-9.987514
1910020625.0,-9.987014
1910020781.25,-9.986237
1910020937.5,-9.985757
1910021093.75,-9.984575
1910021250.0,-9.984013
1910021406.25,-9.982802
1910021562.5,-9.982031
1910021718.75,-9.981924
1910021875.0,-9.981013
1910022031.25,-9.979744
1910022187.5,-9.979214
1910022343.75,-9.977643
1910022500.0,-9.977553
1910022656.25,-9.976629
1910022812.5,-9.976041
1910022968.75,-9.97554
1910023125.0,-9.974772
1910023281.25,-9.973817
1910023437.5,-9.973897
1910023593.75,-9.972903
1910023750.0,-9.971633
1910023906.25,-9.971276
1910024062.5,-9.970337
1910024218.75,-9.970363
1910024375.0,-9.968355
1910024531.25,-9.969287
1910024687.5,-9.968113
1910024843.75,-9.967649
1910025000.0,-9.966876
1910025156.25,-9.965717
1910025312.5,-9.964847
1910025468.75,-9.964659
1910025625.0,-9.963328
1910025781.25,-9.963171
1910025937.5,-9.962506
1910026093.75,-9.961907
1910026250.0,-9.961354
1910026406.25,-9.961165
1910026562.5,-9.960084
1910026718.75,-9.958965
1910026875.0,-9.958498
1910027031.25,-9.958327
1910027187.5,-9.958309
1910027343.75,-9.957792
1910027500.0,-9.956626
1910027656.25,-9.956719
1910027812.5,-9.955922
1910027968.75,-9.95462
1910028125.0,-9.955006
1910028281.25,-9.954633
1910028437.5,-9.954
1910028593.75,-9.953373
1910028750.0,-9.952601
1910028906.25,-9.952272
1910029062.5,-9.951874
1910029218.75,-9.951761
1910029375.0,-9.950799
1910029531.25,-9.950428
1910029687.5,-9.949564
1910029843.75,-9.948941
1910030000.0,-9.949035
1910030156.25,-9.948286
1910030312.5,-9.947819
1910030468.75,-9.947607
1910030625.0,-9.947206
1910030781.25,-9.946827
1910030937.5,-9.946466
1910031093.75,-9.946242
1910031250.0,-9.945726
1910031406.25,-9.944782
1910031562.5,-9.945538
1910031718.75,-9.943629
1910031875.0,-9.944715
1910032031.25,-9.943999
1910032187.5,-9.943501
1910032343.75,-9.943862
1910032500.0,-9.943238
1910032656.25,-9.942664
1910032812.5,-9.941638
1910032968.75,-9.941882
1910033125.0,-9.941908
1910033281.25,-9.94095
1910033437.5,-9.941061
1910033593.75,-9.940125
1910033750.0,-9.939972
1910033906.25,-9.939716
1910034062.5,-9.939711
1910034218.75,-9.939084
1910034375.0,-9.939451
1910034531.25,-9.937997
1910034687.5,-9.93889
1910034843.75,-9.938223
1910035000.0,-9.937702
1910035156.25,-9.938459
1910035312.5,-9.937992
1910035468.75,-9.938502
1910035625.0,-9.937569
1910035781.25,-9.937452
1910035937.5,-9.937152
1910036093.75,-9.936969
1910036250.0,-9.937228
1910036406.25,-9.937236
1910036562.5,-9.93617
1910036718.75,-9.936423
1910036875.0,-9.936784
1910037031.25,-9.935349
1910037187.5,-9.936107
1910037343.75,-9.935982
1910037500.0,-9.935644
1910037656.25,-9.935901
1910037812.5,-9.93561
1910037968.75,-9.935466
1910038125.0,-9.935308
1910038281.25,-9.934986
1910038437.5,-9.935607
1910038593.75,-9.935072
1910038750.0,-9.934551
1910038906.25,-9.934546
1910039062.5,-9.9352
1910039218.75,-9.934477
1910039375.0,-9.934262
1910039531.25,-9.935335
1910039687.5,-9.934996
1910039843.75,-9.934511
1910040000.0,-9.934509
1910040156.25,-9.934138
1910040312.5,-9.934447
1910040468.75,-9.934745
1910040625.0,-9.934591
1910040781.25,-9.934407
1910040937.5,-9.934632
1910041093.75,-9.934688
1910041250.0,-9.934232
1910041406.25,-9.934844
1910041562.5,-9.935296
1910041718.75,-9.934721
1910041875.0,-9.935396
1910042031.25,-9.934784
1910042187.5,-9.934803
1910042343.75,-9.934822
1910042500.0,-9.935107
1910042656.25,-9.934615
1910042812.5,-9.935534
1910042968.75,-9.935208
1910043125.0,-9.93597
1910043281.25,-9.935943
1910043437.5,-9.936217
1910043593.75,-9.93597
1910043750.0,-9.936522
1910043906.25,-9.936036
1910044062.5,-9.935973
1910044218.75,-9.936489
1910044375.0,-9.936918
1910044531.25,-9.937366
1910044687.5,-9.937884
1910044843.75,-9.937342
1910045000.0,-9.937664
1910045156.25,-9.937816
1910045312.5,-9.937882
1910045468.75,-9.937833
1910045625.0,-9.938646
1910045781.25,-9.93922
1910045937.5,-9.939296
1910046093.75,-9.93831
1910046250.0,-9.938839
1910046406.25,-9.939713
1910046562.5,-9.940025
1910046718.75,-9.940477
1910046875.0,-9.940663
1910047031.25,-9.941272
1910047187.5,-9.941198
1910047343.75,-9.942344
1910047500.0,-9.942055
1910047656.25,-9.942538
1910047812.5,-9.942851
1910047968.75,-9.942971
1910048125.0,-9.943711
1910048281.25,-9.943861
1910048437.5,-9.944634
1910048593.75,-9.944437
1910048750.0,-9.944562
1910048906.25,-9.945359
1910049062.5,-9.945915
1910049218.75,-9.945798
1910049375.0,-9.945977
1910049531.25,-9.94682
1910049687.5,-9.947203
1910049843.75,-9.947686
1910050000.0,-9.948399
1910050156.25,-9.948142
1910050312.5,-9.949051
1910050468.75,-9.949238
1910050625.0,-9.949612
1910050781.25,-9.950026
1910050937.5,-9.950741
1910051093.75,-9.950953
1910051250.0,-9.951756
1910051406.25,-9.951935
1910051562.5,-9.951635
1910051718.75,-9.95343
1910051875.0,-9.95363
1910052031.25,-9.953846
1910052187.5,-9.954914
1910052343.75,-9.954882
1910052500.0,-9.955137
1910052656.25,-9.956136
1910052812.5,-9.956996
1910052968.75,-9.957337
1910053125.0,-9.95801
1910053281.25,-9.958247
1910053437.5,-9.958255
1910053593.75,-9.95857
1910053750.0,-9.959836
1910053906.25,-9.9607
1910054062.5,-9.960472
1910054218.75,-9.962257
1910054375.0,-9.96173
1910054531.25,-9.962576
1910054687.5,-9.963573
1910054843.75,-9.964188
1910055000.0,-9.964305
1910055156.25,-9.964933
1910055312.5,-9.966873
1910055468.75,-9.966977
1910055625.0,-9.966944
1910055781.25,-9.967181
1910055937.5,-9.968941
1910056093.75,-9.969319
1910056250.0,-9.970894
1910056406.25,-9.970622
1910056562.5,-9.97124
1910056718.75,-9.971893
1910056875.0,-9.973175
1910057031.25,-9.973563
1910057187.5,-9.974534
1910057343.75,-9.974936
1910057500.0,-9.976068
1910057656.25,-9.977496
1910057812.5,-9.97753
1910057968.75,-9.9776
1910058125.0,-9.978646
1910058281.25,-9.979523
1910058437.5,-9.98072
1910058593.75,-9.980867
1910058750.0,-9.981913
1910058906.25,-9.98313
1910059062.5,-9.984198
1910059218.75,-9.984324
1910059375.0,-9.984413
1910059531.25,-9.98646
1910059687.5,-9.986767
1910059843.75,-9.987637
1910060000.0,-9.98862
1910060156.25,-9.989811
1910060312.5,-9.989433
1910060468.75,-9.990673
1910060625.0,-9.991852
1910060781.25,-9.992733
1910060937.5,-9.994011
1910061093.75,-9.99455
1910061250.0,-9.995317
1910061406.25,-9.996282
1910061562.5,-9.997596
1910061718.75,-9.998082
1910061875.0,-9.998981
1910062031.25,-9.999935
1910062187.5,-10.00115
1910062343.75,-10.0019
1910062500.0,-10.00257
1910062656.25,-10.00346
1910062812.5,-10.00441
1910062968.75,-10.00622
1910063125.0,-10.00626
1910063281.25,-10.00782
1910063437.5,-10.00921
1910063593.75,-10.00989
1910063750.0,-10.01033
1910063906.25,-10.01239
1910064062.5,-10.01278
1910064218.75,-10.01413
1910064375.0,-10.01468
1910064531.25,-10.01653
1910064687.5,-10.01665
1910064843.75,-10.01833
1910065000.0,-10.0187
1910065156.25,-10.01941
1910065312.5,-10.02137
1910065468.75,-10.02188
1910065625.0,-10.02342
1910065781.25,-10.02403
1910065937.5,-10.02519
1910066093.75,-10.02637
1910066250.0,-10.02681
1910066406.25,-10.02795
1910066562.5,-10.02939
1910066718.75,-10.03146
1910066875.0,-10.03168
1910067031.25,-10.03286
1910067187.5,-10.0346
1910067343.75,-10.0348
1910067500.0,-10.03632
1910067656.25,-10.03714
1910067812.5,-10.03878
1910067968.75,-10.04006
1910068125.0,-10.04121
1910068281.25,-10.04245
1910068437.5,-10.04365
1910068593.75,-10.0446
1910068750.0,-10.04541
1910068906.25,-10.04752
1910069062.5,-10.04873
1910069218.75,-10.05018
1910069375.0,-10.05081
1910069531.25,-10.05266
1910069687.5,-10.05295
1910069843.75,-10.05531
1910070000.0,-10.05544
1910070156.25,-10.05756
1910070312.5,-10.05867
1910070468.75,-10.0592
1910070625.0,-10.061
1910070781.25,-10.06291
1910070937.5,-10.06361
1910071093.75,-10.06535
1910071250.0,-10.06603
1910071406.25,-10.0681
1910071562.5,-10.06846
1910071718.75,-10.06961
1910071875.0,-10.07103
1910072031.25,-10.07315
1910072187.5,-10.0739
1910072343.75,-10.07506
1910072500.0,-10.07648
1910072656.25,-10.0778
1910072812.5,-10.07964
1910072968.75,-10.08133
1910073125.0,-10.08202
1910073281.25,-10.08346
1910073437.5,-10.0847
1910073593.75,-10.08593
1910073750.0,-10.0881
1910073906.25,-10.08822
1910074062.5,-10.09141
1910074218.75,-10.09225
1910074375.0,-10.09411
1910074531.25,-10.09568
1910074687.5,-10.09599
1910074843.75,-10.09789
1910075000.0,-10.09821
1910075156.25,-10.10036
1910075312.5,-10.10065
1910075468.75,-10.10439
1910075625.0,-10.10495
1910075781.25,-10.10563
1910075937.5,-10.10821
1910076093.75,-10.10983
1910076250.0,-10.11069
1910076406.25,-10.11285
1910076562.5,-10.11352
1910076718.75,-10.11586
1910076875.0,-10.11722
1910077031.25,-10.11885
1910077187.5,-10.12046
1910077343.75,-10.12136
1910077500.0,-10.12338
1910077656.25,-10.12444
1910077812.5,-10.12596
1910077968.75,-10.12708
1910078125.0,-10.12891
1910078281.25,-10.1307
1910078437.5,-10.13281
1910078593.75,-10.13379
1910078750.0,-10.13587
1910078906.25,-10.13754
1910079062.5,-10.13936
1910079218.75,-10.14009
1910079375.0,-10.14203
1910079531.25,-10.143
1910079687.5,-10.14503
1910079843.75,-10.1469
1910080000.0,-10.149
1910080156.25,-10.15096
1910080312.5,-10.15216
1910080468.75,-10.15273
1910080625.0,-10.15486
1910080781.25,-10.15601
1910080937.5,-10.15818
1910081093.75,-10.15974
1910081250.0,-10.16221
1910081406.25,-10.16379
1910081562.5,-10.16428
1910081718.75,-10.16633
1910081875.0,-10.16881
1910082031.25,-10.17114
1910082187.5,-10.172
1910082343.75,-10.17416
1910082500.0,-10.17561
1910082656.25,-10.17782
1910082812.5,-10.17868
1910082968.75,-10.18066
1910083125.0,-10.18174
1910083281.25,-10.1844
1910083437.5,-10.18573
1910083593.75,-10.18805
1910083750.0,-10.18945
1910083906.25,-10.19109
1910084062.5,-10.19324
1910084218.75,-10.19498
1910084375.0,-10.19607
1910084531.25,-10.19922
1910084687.5,-10.19973
1910084843.75,-10.20228
1910085000.0,-10.2037
1910085156.25,-10.20641
1910085312.5,-10.20763
1910085468.75,-10.20931
1910085625.0,-10.2109
1910085781.25,-10.21296
1910085937.5,-10.21458
1910086093.75,-10.21691
1910086250.0,-10.21863
1910086406.25,-10.22107
1910086562.5,-10.22289
1910086718.75,-10.22426
1910086875.0,-10.22659
1910087031.25,-10.2285
1910087187.5,-10.22904
1910087343.75,-10.23213
1910087500.0,-10.23387
1910087656.25,-10.23539
1910087812.5,-10.23762
1910087968.75,-10.23833
1910088125.0,-10.24195
1910088281.25,-10.24336
1910088437.5,-10.24611
1910088593.75,-10.24765
1910088750.0,-10.24969
1910088906.25,-10.25114
1910089062.5,-10.25325
1910089218.75,-10.25541
1910089375.0,-10.25764
1910089531.25,-10.25914
1910089687.5,-10.26115
1910089843.75,-10.26281
1910090000.0,-10.26519
1910090156.25,-10.26662
1910090312.5,-10.26837
1910090468.75,-10.27102
1910090625.0,-10.27357
1910090781.25,-10.27526
1910090937.5,-10.27749
1910091093.75,-10.27951
1910091250.0,-10.28101
1910091406.25,-10.28375
1910091562.5,-10.28529
1910091718.75,-10.28682
1910091875.0,-10.28992
1910092031.25,-10.29162
1910092187.5,-10.29335
1910092343.75,-10.29575
1910092500.0,-10.29801
1910092656.25,-10.29951
1910092812.5,-10.30255
1910092968.75,-10.30444
1910093125.0,-10.30626
1910093281.25,-10.30769
1910093437.5,-10.31046
1910093593.75,-10.31189
1910093750.0,-10.31438
1910093906.25,-10.31654
1910094062.5,-10.31943
1910094218.75,-10.32141
1910094375.0,-10.32273
1910094531.25,-10.32518
1910094687.5,-10.3272
1910094843.75,-10.3287
1910095000.0,-10.33119
1910095156.25,-10.33336
1910095312.5,-10.33598
1910095468.75,-10.33859
1910095625.0,-10.33986
1910095781.25,-10.34349
1910095937.5,-10.34521
1910096093.75,-10.34656
1910096250.0,-10.34947
1910096406.25,-10.3513
1910096562.5,-10.35358
1910096718.75,-10.35606
1910096875.0,-10.35908
1910097031.25,-10.3599
1910097187.5,-10.36214
1910097343.75,-10.36474
1910097500.0,-10.36648
1910097656.25,-10.36906
1910097812.5,-10.37076
1910097968.75,-10.37356
1910098125.0,-10.37626
1910098281.25,-10.37849
1910098437.5,-10.38054
1910098593.75,-10.38266
1910098750.0,-10.38565
1910098906.25,-10.38724
1910099062.5,-10.38941
1910099218.75,-10.39263
1910099375.0,-10.39381
1910099531.25,-10.39598
1910099687.5,-10.39877
1910099843.75,-10.40179
1910100000.0,-10.40356
1910100156.25,-10.40616
1910100312.5,-10.40829
1910100468.75,-10.41081
1910100625.0,-10.41228
1910100781.25,-10.4149
1910100937.5,-10.41724
1910101093.75,-10.41949
1910101250.0,-10.42228
1910101406.25,-10.42458
1910101562.5,-10.42746
1910101718.75,-10.42886
1910101875.0,-10.43148
1910102031.25,-10.4347
1910102187.5,-10.43606
1910102343.75,-10.43873
1910102500.0,-10.44122
1910102656.25,-10.44382
1910102812.5,-10.44551
1910102968.75,-10.44807
1910103125.0,-10.45025
1910103281.25,-10.45294
1910103437.5,-10.45559
1910103593.75,-10.45813
1910103750.0,-10.46052
1910103906.25,-10.4626
1910104062.5,-10.46552
1910104218.75,-10.46685
1910104375.0,-10.47063
1910104531.25,-10.47359
1910104687.5,-10.47489
1910104843.75,-10.4777
1910105000.0,-10.47998
1910105156.25,-10.48228
1910105312.5,-10.48521
1910105468.75,-10.48839
1910105625.0,-10.49015
1910105781.25,-10.49368
1910105937.5,-10.49555
1910106093.75,-10.4975
1910106250.0,-10.50032
1910106406.25,-10.503
1910106562.5,-10.50525
1910106718.75,-10.50793
1910106875.0,-10.51045
1910107031.25,-10.51283
1910107187.5,-10.51582
1910107343.75,-10.51781
1910107500.0,-10.5208
1910107656.25,-10.52294
1910107812.5,-10.52545
1910107968.75,-10.5277
1910108125.0,-10.53079
1910108281.25,-10.53253
1910108437.5,-10.53555
1910108593.75,-10.53788
1910108750.0,-10.54112
1910108906.25,-10.54383
1910109062.5,-10.54587
1910109218.75,-10.54834
1910109375.0,-10.55075
1910109531.25,-10.55448
1910109687.5,-10.55617
1910109843.75,-10.55966
1910110000.0,-10.56201
1910110156.25,-10.56425
1910110312.5,-10.5674
1910110468.75,-10.56938
1910110625.0,-10.57233
1910110781.25,-10.57448
1910110937.5,-10.57742
1910111093.75,-10.58012
1910111250.0,-10.58268
1910111406.25,-10.58548
1910111562.5,-10.58749
1910111718.75,-10.59075
1910111875.0,-10.59408
1910112031.25,-10.59553
1910112187.5,-10.59804
1910112343.75,-10.60205
1910112500.0,-10.6042
1910112656.25,-10.60763
1910112812.5,-10.60901
1910112968.75,-10.6124
1910113125.0,-10.6152
1910113281.25,-10.61758
1910113437.5,-10.62001
1910113593.75,-10.62295
1910113750.0,-10.62584
1910113906.25,-10.62906
1910114062.5,-10.63083
1910114218.75,-10.63419
1910114375.0,-10.6366
1910114531.25,-10.63904
1910114687.5,-10.64251
1910114843.75,-10.645
1910115000.0,-10.64785
1910115156.25,-10.6499
1910115312.5,-10.65258
1910115468.75,-10.65547
1910115625.0,-10.65813
1910115781.25,-10.66111
1910115937.5,-10.66378
1910116093.75,-10.66599
1910116250.0,-10.66916
1910116406.25,-10.67177
1910116562.5,-10.67559
1910116718.75,-10.67808
1910116875.0,-10.68054
1910117031.25,-10.68303
1910117187.5,-10.68655
1910117343.75,-10.68867
1910117500.0,-10.69169
1910117656.25,-10.69475
1910117812.5,-10.69724
1910117968.75,-10.7005
1910118125.0,-10.7031
1910118281.25,-10.70649
1910118437.5,-10.70868
1910118593.75,-10.71193
1910118750.0,-10.71454
1910118906.25,-10.71646
1910119062.5,-10.71963
1910119218.75,-10.72318
1910119375.0,-10.72598
1910119531.25,-10.72873
1910119687.5,-10.73081
1910119843.75,-10.73397
1910120000.0,-10.73694
1910120156.25,-10.74055
1910120312.5,-10.74334
1910120468.75,-10.74619
1910120625.0,-10.74907
1910120781.25,-10.75118
1910120937.5,-10.7545
1910121093.75,-10.75715
1910121250.0,-10.75944
1910121406.25,-10.76306
1910121562.5,-10.76596
1910121718.75,-10.76898
1910121875.0,-10.77227
1910122031.25,-10.77519
1910122187.5,-10.77724
1910122343.75,-10.78038
1910122500.0,-10.78296
1910122656.25,-10.78637
1910122812.5,-10.78925
1910122968.75,-10.793
1910123125.0,-10.79544
1910123281.25,-10.79791
1910123437.5,-10.80051
1910123593.75,-10.80467
1910123750.0,-10.80619
1910123906.25,-10.81013
1910124062.5,-10.8123
1910124218.75,-10.81619
1910124375.0,-10.81909
1910124531.25,-10.82282
1910124687.5,-10.82521
1910124843.75,-10.82787
1910125000.0,-10.83161
1910125156.25,-10.83343
1910125312.5,-10.83667
1910125468.75,-10.83978
1910125625.0,-10.84223
1910125781.25,-10.84579
1910125937.5,-10.84838
1910126093.75,-10.85087
1910126250.0,-10.85503
1910126406.25,-10.85762
1910126562.5,-10.86067
1910126718.75,-10.86454
1910126875.0,-10.86753
1910127031.25,-10.8704
1910127187.5,-10.87287
1910127343.75,-10.8757
1910127500.0,-10.87866
1910127656.25,-10.88207
1910127812.5,-10.88528
1910127968.75,-10.88887
1910128125.0,-10.89098
1910128281.25,-10.89437
1910128437.5,-10.89738
1910128593.75,-10.90005
1910128750.0,-10.90422
1910128906.25,-10.90657
1910129062.5,-10.90976
1910129218.75,-10.91307
1910129375.0,-10.91698
1910129531.25,-10.91899
1910129687.5,-10.92305
1910129843.75,-10.92531
1910130000.0,-10.92847
1910130156.25,-10.93091
1910130312.5,-10.93475
1910130468.75,-10.93836
1910130625.0,-10.9416
1910130781.25,-10.94435
1910130937.5,-10.947
1910131093.75,-10.95067
1910131250.0,-10.9535
1910131406.25,-10.95712
1910131562.5,-10.95857
1910131718.75,-10.96247
1910131875.0,-10.966
1910132031.25,-10.96906
1910132187.5,-10.9717
1910132343.75,-10.97512
1910132500.0,-10.97835
1910132656.25,-10.98167
1910132812.5,-10.98396
1910132968.75,-10.98711
1910133125.0,-10.99066
1910133281.25,-10.9943
1910133437.5,-10.99726
1910133593.75,-11.00015
1910133750.0,-11.00349
1910133906.25,-11.00634
1910134062.5,-11.01002
1910134218.75,-11.01281
1910134375.0,-11.01606
1910134531.25,-11.01973
1910134687.5,-11.02187
1910134843.75,-11.02607
1910135000.0,-11.02964
1910135156.25,-11.03184
1910135312.5,-11.03477
1910135468.75,-11.03734
1910135625.0,-11.04131
1910135781.25,-11.04469
1910135937.5,-11.04801
1910136093.75,-11.05078
1910136250.0,-11.05521
1910136406.25,-11.05824
1910136562.5,-11.06138
1910136718.75,-11.06469
1910136875.0,-11.06726
1910137031.25,-11.07007
1910137187.5,-11.07398
1910137343.75,-11.07663
1910137500.0,-11.08039
1910137656.25,-11.08378
1910137812.5,-11.08609
1910137968.75,-11.08958
1910138125.0,-11.09329
1910138281.25,-11.09561
1910138437.5,-11.09939
1910138593.75,-11.10303
1910138750.0,-11.10609
1910138906.25,-11.10939
1910139062.5,-11.11295
1910139218.75,-11.11583
1910139375.0,-11.11917
1910139531.25,-11.12269
1910139687.5,-11.12539
1910139843.75,-11.12915
1910140000.0,-11.13257
1910140156.25,-11.13606
1910140312.5,-11.13927
1910140468.75,-11.14189
1910140625.0,-11.14584
1910140781.25,-11.14907
1910140937.5,-11.15121
1910141093.75,-11.15536
1910141250.0,-11.15831
1910141406.25,-11.16224
1910141562.5,-11.165
1910141718.75,-11.16841
1910141875.0,-11.17123
1910142031.25,-11.17549
1910142187.5,-11.17912
1910142343.75,-11.18151
1910142500.0,-11.18535
1910142656.25,-11.18832
1910142812.5,-11.19168
1910142968.75,-11.19464
1910143125.0,-11.19781
1910143281.25,-11.20146
1910143437.5,-11.20508
1910143593.75,-11.20863
1910143750.0,-11.21222
1910143906.25,-11.21529
1910144062.5,-11.21773
1910144218.75,-11.2211
1910144375.0,-11.22486
1910144531.25,-11.22823
1910144687.5,-11.232
1910144843.75,-11.23536
1910145000.0,-11.23863
1910145156.25,-11.24241
1910145312.5,-11.2446
1910145468.75,-11.24856
1910145625.0,-11.25187
1910145781.25,-11.25558
1910145937.5,-11.25929
1910146093.75,-11.26191
1910146250.0,-11.26557
1910146406.25,-11.269
1910146562.5,-11.27241
1910146718.75,-11.27551
1910146875.0,-11.27881
1910147031.25,-11.2817
1910147187.5,-11.28599
1910147343.75,-11.28904
1910147500.0,-11.29312
1910147656.25,-11.29529
1910147812.5,-11.29922
1910147968.75,-11.30289
1910148125.0,-11.30628
1910148281.25,-11.30976
1910148437.5,-11.31306
1910148593.75,-11.31714
1910148750.0,-11.31934
1910148906.25,-11.32352
1910149062.5,-11.32706
1910149218.75,-11.33065
1910149375.0,-11.334
1910149531.25,-11.33647
1910149687.5,-11.3403
1910149843.75,-11.34326
1910150000.0,-11.34744
1910150156.25,-11.35058
1910150312.5,-11.35442
1910150468.75,-11.35725
1910150625.0,-11.36118
1910150781.25,-11.36445
1910150937.5,-11.36753
1910151093.75,-11.37137
1910151250.0,-11.37433
1910151406.25,-11.37756
1910151562.5,-11.382
1910151718.75,-11.38502
1910151875.0,-11.38846
1910152031.25,-11.39244
1910152187.5,-11.39527
1910152343.75,-11.39947
1910152500.0,-11.40159
1910152656.25,-11.40614
1910152812.5,-11.40874
1910152968.75,-11.41246
1910153125.0,-11.41764
1910153281.25,-11.41984
1910153437.5,-11.42293
1910153593.75,-11.42552
1910153750.0,-11.43039
1910153906.25,-11.4333
1910154062.5,-11.43794
1910154218.75,-11.44107
1910154375.0,-11.44405
1910154531.25,-11.44851
1910154687.5,-11.45154
1910154843.75,-11.45446
1910155000.0,-11.45793
1910155156.25,-11.46163
1910155312.5,-11.46582
1910155468.75,-11.46848
1910155625.0,-11.47215
1910155781.25,-11.47563
1910155937.5,-11.47932
1910156093.75,-11.4828
1910156250.0,-11.48664
1910156406.25,-11.48882
1910156562.5,-11.49336
1910156718.75,-11.49678
1910156875.0,-11.50041
1910157031.25,-11.50335
1910157187.5,-11.50751
1910157343.75,-11.51105
1910157500.0,-11.51409
1910157656.25,-11.51817
1910157812.5,-11.52147
1910157968.75,-11.52425
1910158125.0,-11.52866
1910158281.25,-11.5323
1910158437.5,-11.53581
1910158593.75,-11.53876
1910158750.0,-11.54212
1910158906.25,-11.5456
1910159062.5,-11.55047
1910159218.75,-11.55381
1910159375.0,-11.55684
1910159531.25,-11.56062
1910159687.5,-11.56398
1910159843.75,-11.56673
1910160000.0,-11.57033
1910160156.25,-11.5752
1910160312.5,-11.57824
1910160468.75,-11.58209
1910160625.0,-11.5854
1910160781.25,-11.58873
1910160937.5,-11.59204
1910161093.75,-11.59523
1910161250.0,-11.59865
1910161406.25,-11.60378
1910161562.5,-11.60585
1910161718.75,-11.61043
1910161875.0,-11.61414
1910162031.25,-11.61718
1910162187.5,-11.62064
1910162343.75,-11.62455
1910162500.0,-11.62824
1910162656.25,-11.63162
1910162812.5,-11.63504
1910162968.75,-11.63903
1910163125.0,-11.64244
1910163281.25,-11.64612
1910163437.5,-11.65025
1910163593.75,-11.65278
1910163750.0,-11.65705
1910163906.25,-11.6606
1910164062.5,-11.66413
1910164218.75,-11.66804
1910164375.0,-11.6711
1910164531.25,-11.67535
1910164687.5,-11.67946
1910164843.75,-11.68216
1910165000.0,-11.68508
1910165156.25,-11.68957
1910165312.5,-11.69353
1910165468.75,-11.69704
1910165625.0,-11.70058
1910165781.25,-11.70469
1910165937.5,-11.70732
1910166093.75,-11.71097
1910166250.0,-11.71406
1910166406.25,-11.71844
1910166562.5,-11.72242
1910166718.75,-11.7251
1910166875.0,-11.7291
1910167031.25,-11.73312
1910167187.5,-11.73711
1910167343.75,-11.73946
1910167500.0,-11.74437
1910167656.25,-11.74764
1910167812.5,-11.75146
1910167968.75,-11.7539
1910168125.0,-11.75792
1910168281.25,-11.76212
1910168437.5,-11.76573
1910168593.75,-11.76964
1910168750.0,-11.77323
1910168906.25,-11.7767
1910169062.5,-11.78014
1910169218.75,-11.78334
1910169375.0,-11.78654
1910169531.25,-11.79167
1910169687.5,-11.79458
1910169843.75,-11.79904
1910170000.0,-11.80286
1910170156.25,-11.80576
1910170312.5,-11.80988
1910170468.75,-11.81311
1910170625.0,-11.81718
1910170781.25,-11.82007
1910170937.5,-11.82412
1910171093.75,-11.828
1910171250.0,-11.83135
1910171406.25,-11.83507
1910171562.5,-11.83852
1910171718.75,-11.84236
1910171875.0,-11.84514
1910172031.25,-11.84988
1910172187.5,-11.85341
1910172343.75,-11.85672
1910172500.0,-11.86065
1910172656.25,-11.86529
1910172812.5,-11.86827
1910172968.75,-11.8716
1910173125.0,-11.87511
1910173281.25,-11.87909
1910173437.5,-11.88299
1910173593.75,-11.88701
1910173750.0,-11.88974
1910173906.25,-11.89342
1910174062.5,-11.89766
1910174218.75,-11.90023
1910174375.0,-11.90488
1910174531.25,-11.90885
1910174687.5,-11.91239
1910174843.75,-11.9159
1910175000.0,-11.91982
1910175156.25,-11.92414
1910175312.5,-11.92777
1910175468.75,-11.9307
1910175625.0,-11.9348
1910175781.25,-11.93773
1910175937.5,-11.94186
1910176093.75,-11.94548
1910176250.0,-11.94967
1910176406.25,-11.9531
1910176562.5,-11.95655
1910176718.75,-11.96076
1910176875.0,-11.96402
1910177031.25,-11.96782
1910177187.5,-11.97124
1910177343.75,-11.97521
1910177500.0,-11.9788
1910177656.25,-11.982
1910177812.5,-11.98601
1910177968.75,-11.9896
1910178125.0,-11.99411
1910178281.25,-11.99759
1910178437.5,-12.00094
1910178593.75,-12.00472
1910178750.0,-12.00924
1910178906.25,-12.01156
1910179062.5,-12.01624
1910179218.75,-12.0206
1910179375.0,-12.02417
1910179531.25,-12.02735
1910179687.5,-12.03118
1910179843.75,-12.0342
1910180000.0,-12.03797
1910180156.25,-12.04227
1910180312.5,-12.04566
1910180468.75,-12.05058
1910180625.0,-12.05345
1910180781.25,-12.05682
1910180937.5,-12.06039
1910181093.75,-12.06441
1910181250.0,-12.06752
1910181406.25,-12.07236
1910181562.5,-12.07648
1910181718.75,-12.08017
1910181875.0,-12.08251
1910182031.25,-12.0866
1910182187.5,-12.09012
1910182343.75,-12.09444
1910182500.0,-12.09748
1910182656.25,-12.10143
1910182812.5,-12.10539
1910182968.75,-12.10904
1910183125.0,-12.114
1910183281.25,-12.11684
1910183437.5,-12.12054
1910183593.75,-12.12448
1910183750.0,-12.12799
1910183906.25,-12.13184
1910184062.5,-12.13487
1910184218.75,-12.13967
1910184375.0,-12.14337
1910184531.25,-12.14613
1910184687.5,-12.15069
1910184843.75,-12.15438
1910185000.0,-12.15765
1910185156.25,-12.16168
1910185312.5,-12.16548
1910185468.75,-12.16926
1910185625.0,-12.17317
1910185781.25,-12.17715
1910185937.5,-12.18129
1910186093.75,-12.18452
1910186250.0,-12.18833
1910186406.25,-12.1917
1910186562.5,-12.19607
1910186718.75,-12.19915
1910186875.0,-12.20345
1910187031.25,-12.20788
1910187187.5,-12.21107
1910187343.75,-12.21511
1910187500.0,-12.21862
1910187656.25,-12.22135
1910187812.5,-12.22524
1910187968.75,-12.22919
1910188125.0,-12.23343
1910188281.25,-12.23775
1910188437.5,-12.24085
1910188593.75,-12.24446
1910188750.0,-12.24781
1910188906.25,-12.25187
1910189062.5,-12.25593
1910189218.75,-12.26083
1910189375.0,-12.26423
1910189531.25,-12.26767
1910189687.5,-12.27166
1910189843.75,-12.27513
1910190000.0,-12.27896
1910190156.25,-12.28273
1910190312.5,-12.28599
1910190468.75,-12.29098
1910190625.0,-12.2943
1910190781.25,-12.29831
1910190937.5,-12.30231
1910191093.75,-12.30501
1910191250.0,-12.3089
1910191406.25,-12.31251
1910191562.5,-12.31724
1910191718.75,-12.32059
1910191875.0,-12.32354
1910192031.25,-12.32821
1910192187.5,-12.33228
1910192343.75,-12.33527
1910192500.0,-12.33958
1910192656.25,-12.34274
1910192812.5,-12.34708
1910192968.75,-12.3507
1910193125.0,-12.35366
1910193281.25,-12.35894
1910193437.5,-12.36263
1910193593.75,-12.36648
1910193750.0,-12.37062
1910193906.25,-12.37403
1910194062.5,-12.37734
1910194218.75,-12.38033
1910194375.0,-12.3847
1910194531.25,-12.3886
1910194687.5,-12.39295
1910194843.75,-12.39712
1910195000.0,-12.40021
1910195156.25,-12.40434
1910195312.5,-12.40811
1910195468.75,-12.41132
1910195625.0,-12.4159
1910195781.25,-12.41939
1910195937.5,-12.42288
1910196093.75,-12.42626
1910196250.0,-12.43094
1910196406.25,-12.43495
1910196562.5,-12.43809
1910196718.75,-12.44178
1910196875.0,-12.44578
1910197031.25,-12.44944
1910197187.5,-12.45376
1910197343.75,-12.45629
1910197500.0,-12.46092
1910197656.25,-12.46423
1910197812.5,-12.46849
1910197968.75,-12.4733
1910198125.0,-12.47555
1910198281.25,-12.48118
1910198437.5,-12.48392
1910198593.75,-12.48806
1910198750.0,-12.4908
1910198906.25,-12.49521
1910199062.5,-12.49951
1910199218.75,-12.50307
1910199375.0,-12.50636
1910199531.25,-12.51051
1910199687.5,-12.51563
1910199843.75,-12.51784
1910200000.0,-12.52251
1910200156.25,-12.5256
1910200312.5,-12.53066
1910200468.75,-12.53335
1910200625.0,-12.53756
1910200781.25,-12.54163
1910200937.5,-12.54512
1910201093.75,-12.54882
1910201250.0,-12.55336
1910201406.25,-12.55643
1910201562.5,-12.56022
1910201718.75,-12.56336
1910201875.0,-12.56784
1910202031.25,-12.57176
1910202187.5,-12.57551
1910202343.75,-12.57973
1910202500.0,-12.58353
1910202656.25,-12.58777
1910202812.5,-12.59122
1910202968.75,-12.59422
1910203125.0,-12.59865
1910203281.25,-12.60236
1910203437.5,-12.60661
1910203593.75,-12.61039
1910203750.0,-12.6143
1910203906.25,-12.61742
1910204062.5,-12.62093
1910204218.75,-12.62515
1910204375.0,-12.62839
1910204531.25,-12.63248
1910204687.5,-12.63617
1910204843.75,-12.64049
1910205000.0,-12.64422
1910205156.25,-12.64817
1910205312.5,-12.65169
1910205468.75,-12.65602
1910205625.0,-12.65852
1910205781.25,-12.66335
1910205937.5,-12.66784
1910206093.75,-12.67053
1910206250.0,-12.67502
1910206406.25,-12.67879
1910206562.5,-12.68302
1910206718.75,-12.68625
1910206875.0,-12.69021
1910207031.25,-12.69459
1910207187.5,-12.69755
1910207343.75,-12.70267
1910207500.0,-12.7062
1910207656.25,-12.70892
1910207812.5,-12.71374
1910207968.75,-12.71658
1910208125.0,-12.72055
1910208281.25,-12.72508
1910208437.5,-12.72779
1910208593.75,-12.73238
1910208750.0,-12.73624
1910208906.25,-12.74009
1910209062.5,-12.74457
1910209218.75,-12.74799
1910209375.0,-12.75064
1910209531.25,-12.75569
1910209687.5,-12.75825
1910209843.75,-12.76219
1910210000.0,-12.76667
1910210156.25,-12.77176
1910210312.5,-12.77398
1910210468.75,-12.77794
1910210625.0,-12.78226
1910210781.25,-12.78607
1910210937.5,-12.79009
1910211093.75,-12.7938
1910211250.0,-12.79698
1910211406.25,-12.8017
1910211562.5,-12.80502
1910211718.75,-12.80936
1910211875.0,-12.81278
1910212031.25,-12.81677
1910212187.5,-12.82043
1910212343.75,-12.82409
1910212500.0,-12.82802
1910212656.25,-12.83095
1910212812.5,-12.83598
1910212968.75,-12.84043
1910213125.0,-12.84372
1910213281.25,-12.84793
1910213437.5,-12.85164
1910213593.75,-12.85478
1910213750.0,-12.85899
1910213906.25,-12.86223
1910214062.5,-12.86715
1910214218.75,-12.86982
1910214375.0,-12.87537
1910214531.25,-12.87802
1910214687.5,-12.8822
1910214843.75,-12.88533
1910215000.0,-12.89049
1910215156.25,-12.89289
1910215312.5,-12.89721
1910215468.75,-12.9014
1910215625.0,-12.9055
1910215781.25,-12.90851
1910215937.5,-12.91287
1910216093.75,-12.91648
1910216250.0,-12.9206
1910216406.25,-12.92344
1910216562.5,-12.92822
1910216718.75,-12.93269
1910216875.0,-12.93513
1910217031.25,-12.93922
1910217187.5,-12.94291
1910217343.75,-12.94681
1910217500.0,-12.95121
1910217656.25,-12.95447
1910217812.5,-12.95874
1910217968.75,-12.96283
1910218125.0,-12.96575
1910218281.25,-12.96919
1910218437.5,-12.97355
1910218593.75,-12.97799
1910218750.0,-12.98186
1910218906.25,-12.98506
1910219062.5,-12.98902
1910219218.75,-12.99378
1910219375.0,-12.99734
1910219531.25,-13.00033
1910219687.5,-13.00521
1910219843.75,-13.00836
1910220000.0,-13.01173
1910220156.25,-13.01628
1910220312.5,-13.01988
1910220468.75,-13.02354
1910220625.0,-13.02809
1910220781.25,-13.03268
1910220937.5,-13.03558
1910221093.75,-13.03863
1910221250.0,-13.04282
1910221406.25,-13.04761
1910221562.5,-13.05139
1910221718.75,-13.05545
1910221875.0,-13.05846
1910222031.25,-13.06256
1910222187.5,-13.06558
1910222343.75,-13.06957
1910222500.0,-13.07416
1910222656.25,-13.07783
1910222812.5,-13.0818
1910222968.75,-13.08525
1910223125.0,-13.08863
1910223281.25,-13.0929
1910223437.5,-13.09613
1910223593.75,-13.09998
1910223750.0,-13.10389
1910223906.25,-13.10779
1910224062.5,-13.1114
1910224218.75,-13.11575
1910224375.0,-13.11877
1910224531.25,-13.12342
1910224687.5,-13.12731
1910224843.75,-13.13052
1910225000.0,-13.1347
1910225156.25,-13.13797
1910225312.5,-13.14259
1910225468.75,-13.14714
1910225625.0,-13.14945
1910225781.25,-13.15388
1910225937.5,-13.15733
1910226093.75,-13.16126
1910226250.0,-13.16537
1910226406.25,-13.16913
1910226562.5,-13.17197
1910226718.75,-13.17649
1910226875.0,-13.17995
1910227031.25,-13.18409
1910227187.5,-13.18843
1910227343.75,-13.19182
1910227500.0,-13.19531
1910227656.25,-13.19983
1910227812.5,-13.20394
1910227968.75,-13.20837
1910228125.0,-13.21115
1910228281.25,-13.21522
1910228437.5,-13.22033
1910228593.75,-13.22325
1910228750.0,-13.2271
1910228906.25,-13.23033
1910229062.5,-13.23451
1910229218.75,-13.23791
1910229375.0,-13.24171
1910229531.25,-13.2445
1910229687.5,-13.24958
1910229843.75,-13.2538
1910230000.0,-13.25693
1910230156.25,-13.2612
1910230312.5,-13.26545
1910230468.75,-13.26893
1910230625.0,-13.27235
1910230781.25,-13.27633
1910230937.5,-13.28126
1910231093.75,-13.28475
1910231250.0,-13.28798
1910231406.25,-13.29211
1910231562.5,-13.29541
1910231718.75,-13.29913
1910231875.0,-13.30315
1910232031.25,-13.30739
1910232187.5,-13.30998
1910232343.75,-13.3143
1910232500.0,-13.31892
1910232656.25,-13.32203
1910232812.5,-13.32595
1910232968.75,-13.33036
1910233125.0,-13.33391
1910233281.25,-13.33738
1910233437.5,-13.34132
1910233593.75,-13.34435
1910233750.0,-13.34771
1910233906.25,-13.35299
1910234062.5,-13.35658
1910234218.75,-13.3594
1910234375.0,-13.36406
1910234531.25,-13.3687
1910234687.5,-13.37141
1910234843.75,-13.37545
1910235000.0,-13.37957
1910235156.25,-13.38309
1910235312.5,-13.387
1910235468.75,-13.3905
1910235625.0,-13.39452
1910235781.25,-13.39813
1910235937.5,-13.40301
1910236093.75,-13.40598
1910236250.0,-13.41012
1910236406.25,-13.41298
1910236562.5,-13.41839
1910236718.75,-13.42249
1910236875.0,-13.426
1910237031.25,-13.42928
1910237187.5,-13.43333
1910237343.75,-13.4364
1910237500.0,-13.44088
1910237656.25,-13.44413
1910237812.5,-13.44831
1910237968.75,-13.45198
1910238125.0,-13.45492
1910238281.25,-13.45929
1910238437.5,-13.46305
1910238593.75,-13.46756
1910238750.0,-13.47103
1910238906.25,-13.47419
1910239062.5,-13.47781
1910239218.75,-13.48318
1910239375.0,-13.48649
1910239531.25,-13.48909
1910239687.5,-13.49345
1910239843.75,-13.49744
1910240000.0,-13.50172
1910240156.25,-13.50487
1910240312.5,-13.50925
1910240468.75,-13.51353
1910240625.0,-13.51607
1910240781.25,-13.52042
1910240937.5,-13.52439
1910241093.75,-13.52781
1910241250.0,-13.53126
1910241406.25,-13.5353
1910241562.5,-13.5393
1910241718.75,-13.54292
1910241875.0,-13.54639
1910242031.25,-13.55032
1910242187.5,-13.55351
1910242343.75,-13.558
1910242500.0,-13.56126
1910242656.25,-13.56536
1910242812.5,-13.57055
1910242968.75,-13.57338
1910243125.0,-13.57756
1910243281.25,-13.58072
1910243437.5,-13.58371
1910243593.75,-13.58727
1910243750.0,-13.59261
1910243906.25,-13.59606
1910244062.5,-13.59951
1910244218.75,-13.60343
1910244375.0,-13.60748
1910244531.25,-13.61167
1910244687.5,-13.61468
1910244843.75,-13.61997
1910245000.0,-13.62216
1910245156.25,-13.6261
1910245312.5,-13.63122
1910245468.75,-13.6351
1910245625.0,-13.63815
1910245781.25,-13.64197
1910245937.5,-13.64574
1910246093.75,-13.65019
1910246250.0,-13.65311
1910246406.25,-13.65665
1910246562.5,-13.66074
1910246718.75,-13.66386
1910246875.0,-13.6679
1910247031.25,-13.67233
1910247187.5,-13.67552
1910247343.75,-13.6806
1910247500.0,-13.68383
1910247656.25,-13.68655
1910247812.5,-13.69077
1910247968.75,-13.69497
1910248125.0,-13.69849
1910248281.25,-13.70288
1910248437.5,-13.70635
1910248593.75,-13.70895
1910248750.0,-13.71426
1910248906.25,-13.71815
1910249062.5,-13.72196
1910249218.75,-13.7248
1910249375.0,-13.72811
1910249531.25,-13.73267
1910249687.5,-13.73661
1910249843.75,-13.74019
1910250000.0,-13.74456
1910250156.25,-13.74753
1910250312.5,-13.75169
1910250468.75,-13.75561
1910250625.0,-13.75968
1910250781.25,-13.76342
1910250937.5,-13.76646
1910251093.75,-13.77048
1910251250.0,-13.77461
1910251406.25,-13.77793
1910251562.5,-13.78097
1910251718.75,-13.78538
1910251875.0,-13.78939
1910252031.25,-13.79195
1910252187.5,-13.79672
1910252343.75,-13.80078
1910252500.0,-13.80419
1910252656.25,-13.80784
1910252812.5,-13.81218
1910252968.75,-13.81716
1910253125.0,-13.81959
1910253281.25,-13.82284
1910253437.5,-13.82693
1910253593.75,-13.83078
1910253750.0,-13.83447
1910253906.25,-13.83828
1910254062.5,-13.84326
1910254218.75,-13.84521
1910254375.0,-13.84933
1910254531.25,-13.8542
1910254687.5,-13.85802
1910254843.75,-13.8614
1910255000.0,-13.86603
1910255156.25,-13.86778
1910255312.5,-13.87168
1910255468.75,-13.8764
1910255625.0,-13.88011
1910255781.25,-13.88306
1910255937.5,-13.88662
1910256093.75,-13.89104
1910256250.0,-13.8948
1910256406.25,-13.89793
1910256562.5,-13.90264
1910256718.75,-13.90566
1910256875.0,-13.91022
1910257031.25,-13.91343
1910257187.5,-13.91686
1910257343.75,-13.92152
1910257500.0,-13.92438
1910257656.25,-13.92883
1910257812.5,-13.93296
1910257968.75,-13.93458
1910258125.0,-13.94055
1910258281.25,-13.94379
1910258437.5,-13.94781
1910258593.75,-13.95173
1910258750.0,-13.95491
1910258906.25,-13.95828
1910259062.5,-13.96274
1910259218.75,-13.96594
1910259375.0,-13.96915
1910259531.25,-13.97388
1910259687.5,-13.97767
1910259843.75,-13.98174
1910260000.0,-13.98427
1910260156.25,-13.98856
1910260312.5,-13.99308
1910260468.75,-13.99655
1910260625.0,-14.00049
1910260781.25,-14.00386
1910260937.5,-14.00716
1910261093.75,-14.01022
1910261250.0,-14.01421
1910261406.25,-14.01781
1910261562.5,-14.02286
1910261718.75,-14.02602
1910261875.0,-14.02967
1910262031.25,-14.03469
1910262187.5,-14.03752
1910262343.75,-14.04062
1910262500.0,-14.04366
1910262656.25,-14.04935
1910262812.5,-14.05236
1910262968.75,-14.05606
1910263125.0,-14.05958
1910263281.25,-14.06355
1910263437.5,-14.06746
1910263593.75,-14.07083
1910263750.0,-14.07504
1910263906.25,-14.07774
1910264062.5,-14.08296
1910264218.75,-14.08614
1910264375.0,-14.09052
1910264531.25,-14.09384
1910264687.5,-14.09764
1910264843.75,-14.1002
1910265000.0,-14.10503
1910265156.25,-14.10893
1910265312.5,-14.11207
1910265468.75,-14.116
1910265625.0,-14.11843
1910265781.25,-14.12259
1910265937.5,-14.12682
1910266093.75,-14.1304
1910266250.0,-14.13436
1910266406.25,-14.13801
1910266562.5,-14.14177
1910266718.75,-14.14576
1910266875.0,-14.14873
1910267031.25,-14.15236
1910267187.5,-14.15729
1910267343.75,-14.16106
1910267500.0,-14.16425
1910267656.25,-14.16778
1910267812.5,-14.17145
1910267968.75,-14.17484
1910268125.0,-14.17844
1910268281.25,-14.18231
1910268437.5,-14.18677
1910268593.75,-14.19008
1910268750.0,-14.19327
1910268906.25,-14.19755
1910269062.5,-14.20178
1910269218.75,-14.20413
1910269375.0,-14.2085
1910269531.25,-14.21215
1910269687.5,-14.21591
1910269843.75,-14.22107
1910270000.0,-14.2236
1910270156.25,-14.22748
1910270312.5,-14.23032
1910270468.75,-14.23447
1910270625.0,-14.23865
1910270781.25,-14.24202
1910270937.5,-14.24554
1910271093.75,-14.24873
1910271250.0,-14.25259
1910271406.25,-14.25644
1910271562.5,-14.25966
1910271718.75,-14.26468
1910271875.0,-14.26854
1910272031.25,-14.27198
1910272187.5,-14.2763
1910272343.75,-14.27844
1910272500.0,-14.28238
1910272656.25,-14.2862
1910272812.5,-14.29039
1910272968.75,-14.29476
1910273125.0,-14.29784
1910273281.25,-14.30167
1910273437.5,-14.30578
1910273593.75,-14.30863
1910273750.0,-14.31213
1910273906.25,-14.31573
1910274062.5,-14.31995
1910274218.75,-14.32366
1910274375.0,-14.32719
1910274531.25,-14.33089
1910274687.5,-14.33533
1910274843.75,-14.33809
1910275000.0,-14.34097
1910275156.25,-14.34565
1910275312.5,-14.34856
1910275468.75,-14.35246
1910275625.0,-14.35558
1910275781.25,-14.36004
1910275937.5,-14.364
1910276093.75,-14.36779
1910276250.0,-14.37079
1910276406.25,-14.37515
1910276562.5,-14.37922
1910276718.75,-14.38192
1910276875.0,-14.3861
1910277031.25,-14.38925
1910277187.5,-14.39325
1910277343.75,-14.3962
1910277500.0,-14.40036
1910277656.25,-14.4039
1910277812.5,-14.40766
1910277968.75,-14.41104
1910278125.0,-14.41579
1910278281.25,-14.41939
1910278437.5,-14.42181
1910278593.75,-14.42652
1910278750.0,-14.43008
1910278906.25,-14.43395
1910279062.5,-14.43724
1910279218.75,-14.44073
1910279375.0,-14.44443
1910279531.25,-14.44856
1910279687.5,-14.45196
1910279843.75,-14.45583
1910280000.0,-14.45888
1910280156.25,-14.46271
1910280312.5,-14.46652
1910280468.75,-14.46996
1910280625.0,-14.47284
1910280781.25,-14.47808
1910280937.5,-14.48092
1910281093.75,-14.48396
1910281250.0,-14.48845
1910281406.25,-14.4912
1910281562.5,-14.49537
1910281718.75,-14.49819
1910281875.0,-14.5029
1910282031.25,-14.50624
1910282187.5,-14.5107
1910282343.75,-14.51387
1910282500.0,-14.51681
1910282656.25,-14.52117
1910282812.5,-14.52431
1910282968.75,-14.52798
1910283125.0,-14.53171
1910283281.25,-14.53574
1910283437.5,-14.5391
1910283593.75,-14.54348
1910283750.0,-14.54651
1910283906.25,-14.5504
1910284062.5,-14.55463
1910284218.75,-14.55802
1910284375.0,-14.56199
1910284531.25,-14.56589
1910284687.5,-14.56911
1910284843.75,-14.57353
1910285000.0,-14.57615
1910285156.25,-14.57976
1910285312.5,-14.58464
1910285468.75,-14.58715
1910285625.0,-14.58984
1910285781.25,-14.59443
1910285937.5,-14.59714
1910286093.75,-14.60231
1910286250.0,-14.60566
1910286406.25,-14.60903
1910286562.5,-14.61235
1910286718.75,-14.61468
1910286875.0,-14.61884
1910287031.25,-14.62362
1910287187.5,-14.62644
1910287343.75,-14.63101
1910287500.0,-14.63441
1910287656.25,-14.63864
1910287812.5,-14.64099
1910287968.75,-14.64492
1910288125.0,-14.64826
1910288281.25,-14.65214
1910288437.5,-14.65577
1910288593.75,-14.66092
1910288750.0,-14.66416
1910288906.25,-14.66688
1910289062.5,-14.67027
1910289218.75,-14.67332
1910289375.0,-14.67789
1910289531.25,-14.68186
1910289687.5,-14.68495
1910289843.75,-14.68858
1910290000.0,-14.6918
1910290156.25,-14.69622
1910290312.5,-14.69997
1910290468.75,-14.70158
1910290625.0,-14.70692
1910290781.25,-14.7096
1910290937.5,-14.71424
1910291093.75,-14.7176
1910291250.0,-14.72058
1910291406.25,-14.72602
1910291562.5,-14.72755
1910291718.75,-14.73314
1910291875.0,-14.7358
1910292031.25,-14.73905
1910292187.5,-14.74216
1910292343.75,-14.74635
1910292500.0,-14.75
1910292656.25,-14.75323
1910292812.5,-14.75715
1910292968.75,-14.76156
1910293125.0,-14.76509
1910293281.25,-14.76759
1910293437.5,-14.77111
1910293593.75,-14.77504
1910293750.0,-14.77927
1910293906.25,-14.78276
1910294062.5,-14.78568
1910294218.75,-14.79072
1910294375.0,-14.79274
1910294531.25,-14.79676
1910294687.5,-14.80032
1910294843.75,-14.80469
1910295000.0,-14.80727
1910295156.25,-14.81158
1910295312.5,-14.81415
1910295468.75,-14.8197
1910295625.0,-14.82262
1910295781.25,-14.82563
1910295937.5,-14.8293
1910296093.75,-14.83339
1910296250.0,-14.83654
1910296406.25,-14.84004
1910296562.5,-14.84352
1910296718.75,-14.848
1910296875.0,-14.85082
1910297031.25,-14.85509
1910297187.5,-14.85802
1910297343.75,-14.86081
1910297500.0,-14.86533
1910297656.25,-14.86936
1910297812.5,-14.87285
1910297968.75,-14.8764
1910298125.0,-14.87922
1910298281.25,-14.8832
1910298437.5,-14.88669
1910298593.75,-14.88964
1910298750.0,-14.89253
1910298906.25,-14.89808
1910299062.5,-14.90139
1910299218.75,-14.90422
1910299375.0,-14.90747
1910299531.25,-14.91137
1910299687.5,-14.91475
1910299843.75,-14.91827
1910300000.0,-14.92233
1910300156.25,-14.92623
1910300312.5,-14.92929
1910300468.75,-14.93242
1910300625.0,-14.93665
1910300781.25,-14.94092
1910300937.5,-14.94385
1910301093.75,-14.94752
1910301250.0,-14.94932
1910301406.25,-14.95501
1910301562.5,-14.95896
1910301718.75,-14.96081
1910301875.0,-14.96481
1910302031.25,-14.96924
1910302187.5,-14.97058
1910302343.75,-14.97603
1910302500.0,-14.97783
1910302656.25,-14.98331
1910302812.5,-14.98612
1910302968.75,-14.98985
1910303125.0,-14.99303
1910303281.25,-14.99671
1910303437.5,-15.00094
1910303593.75,-15.00283
1910303750.0,-15.00703
1910303906.25,-15.01082
1910304062.5,-15.01468
1910304218.75,-15.01896
1910304375.0,-15.02182
1910304531.25,-15.02469
1910304687.5,-15.02946
1910304843.75,-15.03243
1910305000.0,-15.0363
1910305156.25,-15.03982
1910305312.5,-15.04364
1910305468.75,-15.0465
1910305625.0,-15.05056
1910305781.25,-15.05409
1910305937.5,-15.05701
1910306093.75,-15.0612
1910306250.0,-15.06366
1910306406.25,-15.06693
1910306562.5,-15.07214
1910306718.75,-15.0757
1910306875.0,-15.0783
1910307031.25,-15.08311
1910307187.5,-15.08516
1910307343.75,-15.0892
1910307500.0,-15.09304
1910307656.25,-15.09618
1910307812.5,-15.09861
1910307968.75,-15.10278
1910308125.0,-15.1079
1910308281.25,-15.11019
1910308437.5,-15.11361
1910308593.75,-15.11718
1910308750.0,-15.12153
1910308906.25,-15.12393
1910309062.5,-15.12727
1910309218.75,-15.13106
1910309375.0,-15.13551
1910309531.25,-15.13808
1910309687.5,-15.14152
1910309843.75,-15.14545
1910310000.0,-15.14906
1910310156.25,-15.15236
1910310312.5,-15.15635
1910310468.75,-15.15969
1910310625.0,-15.16233
1910310781.25,-15.16525
1910310937.5,-15.17078
1910311093.75,-15.17419
1910311250.0,-15.17694
1910311406.25,-15.18059
1910311562.5,-15.18373
1910311718.75,-15.18682
1910311875.0,-15.19087
1910312031.25,-15.19531
1910312187.5,-15.19839
1910312343.75,-15.20136
1910312500.0,-15.20502
1910312656.25,-15.20835
1910312812.5,-15.21072
1910312968.75,-15.21558
1910313125.0,-15.21927
1910313281.25,-15.22283
1910313437.5,-15.22507
1910313593.75,-15.22919
1910313750.0,-15.23385
1910313906.25,-15.23624
1910314062.5,-15.23986
1910314218.75,-15.24425
1910314375.0,-15.24725
1910314531.25,-15.25007
1910314687.5,-15.25333
1910314843.75,-15.2571
1910315000.0,-15.26065
1910315156.25,-15.26473
1910315312.5,-15.26833
1910315468.75,-15.27115
1910315625.0,-15.27476
1910315781.25,-15.27962
1910315937.5,-15.28334
1910316093.75,-15.2853
1910316250.0,-15.28863
1910316406.25,-15.29194
1910316562.5,-15.29648
1910316718.75,-15.29846
1910316875.0,-15.30286
1910317031.25,-15.30649
1910317187.5,-15.30938
1910317343.75,-15.31267
1910317500.0,-15.31672
1910317656.25,-15.32078
1910317812.5,-15.32247
1910317968.75,-15.32684
1910318125.0,-15.33167
1910318281.25,-15.33475
1910318437.5,-15.33779
1910318593.75,-15.34238
1910318750.0,-15.34423
1910318906.25,-15.3484
1910319062.5,-15.35153
1910319218.75,-15.35447
1910319375.0,-15.35862
1910319531.25,-15.36069
1910319687.5,-15.36557
1910319843.75,-15.36782
1910320000.0,-15.37221
1910320156.25,-15.37564
1910320312.5,-15.37894
1910320468.75,-15.38239
1910320625.0,-15.38641
1910320781.25,-15.38999
1910320937.5,-15.39283
1910321093.75,-15.3964
1910321250.0,-15.40038
1910321406.25,-15.40261
1910321562.5,-15.4073
1910321718.75,-15.41047
1910321875.0,-15.41319
1910322031.25,-15.41683
1910322187.5,-15.42124
1910322343.75,-15.4245
1910322500.0,-15.42746
1910322656.25,-15.43146
1910322812.5,-15.43438
1910322968.75,-15.43755
1910323125.0,-15.44178
1910323281.25,-15.44428
1910323437.5,-15.44712
1910323593.75,-15.45196
1910323750.0,-15.45593
1910323906.25,-15.46051
1910324062.5,-15.46304
1910324218.75,-15.46426
1910324375.0,-15.46905
1910324531.25,-15.47221
1910324687.5,-15.47581
1910324843.75,-15.47917
1910325000.0,-15.48281
1910325156.25,-15.48704
1910325312.5,-15.48945
1910325468.75,-15.49318
1910325625.0,-15.49644
1910325781.25,-15.50027
1910325937.5,-15.50339
1910326093.75,-15.50682
1910326250.0,-15.51055
1910326406.25,-15.51427
1910326562.5,-15.51656
1910326718.75,-15.52064
1910326875.0,-15.52383
1910327031.25,-15.52743
1910327187.5,-15.53011
1910327343.75,-15.53445
1910327500.0,-15.53771
1910327656.25,-15.53969
1910327812.5,-15.54416
1910327968.75,-15.54803
1910328125.0,-15.55136
1910328281.25,-15.55414
1910328437.5,-15.55663
1910328593.75,-15.56077
1910328750.0,-15.56462
1910328906.25,-15.56733
1910329062.5,-15.57213
1910329218.75,-15.57488
1910329375.0,-15.57835
1910329531.25,-15.58206
1910329687.5,-15.58627
1910329843.75,-15.58892
1910330000.0,-15.59113
1910330156.25,-15.59536
1910330312.5,-15.59926
1910330468.75,-15.60212
1910330625.0,-15.60596
1910330781.25,-15.61046
1910330937.5,-15.61425
1910331093.75,-15.61632
1910331250.0,-15.61997
1910331406.25,-15.62379
1910331562.5,-15.62548
1910331718.75,-15.62964
1910331875.0,-15.63221
1910332031.25,-15.63703
1910332187.5,-15.63987
1910332343.75,-15.64286
1910332500.0,-15.64669
1910332656.25,-15.65008
1910332812.5,-15.65256
1910332968.75,-15.65622
1910333125.0,-15.66106
1910333281.25,-15.66321
1910333437.5,-15.66724
1910333593.75,-15.67036
1910333750.0,-15.67354
1910333906.25,-15.67603
1910334062.5,-15.68038
1910334218.75,-15.68376
1910334375.0,-15.68685
1910334531.25,-15.69191
1910334687.5,-15.69529
1910334843.75,-15.69798
1910335000.0,-15.70032
1910335156.25,-15.70371
1910335312.5,-15.70798
1910335468.75,-15.71174
1910335625.0,-15.71597
1910335781.25,-15.7184
1910335937.5,-15.7204
1910336093.75,-15.72348
1910336250.0,-15.72765
1910336406.25,-15.73088
1910336562.5,-15.73584
1910336718.75,-15.73804
1910336875.0,-15.74069
1910337031.25,-15.74466
1910337187.5,-15.74798
1910337343.75,-15.75182
1910337500.0,-15.75518
1910337656.25,-15.75751
1910337812.5,-15.76099
1910337968.75,-15.7652
1910338125.0,-15.76889
1910338281.25,-15.77249
1910338437.5,-15.7752
1910338593.75,-15.77806
1910338750.0,-15.78095
1910338906.25,-15.78545
1910339062.5,-15.78863
1910339218.75,-15.79186
1910339375.0,-15.79536
1910339531.25,-15.79918
1910339687.5,-15.80301
1910339843.75,-15.80588
1910340000.0,-15.80858
1910340156.25,-15.81214
1910340312.5,-15.81474
1910340468.75,-15.81963
1910340625.0,-15.82178
1910340781.25,-15.82579
1910340937.5,-15.82971
1910341093.75,-15.83168
1910341250.0,-15.83556
1910341406.25,-15.8381
1910341562.5,-15.842
1910341718.75,-15.84439
1910341875.0,-15.84867
1910342031.25,-15.85297
1910342187.5,-15.85638
1910342343.75,-15.85906
1910342500.0,-15.8619
1910342656.25,-15.86612
1910342812.5,-15.86895
1910342968.75,-15.87273
1910343125.0,-15.87561
1910343281.25,-15.87917
1910343437.5,-15.88174
1910343593.75,-15.88523
1910343750.0,-15.88783
1910343906.25,-15.89282
1910344062.5,-15.89533
1910344218.75,-15.90008
1910344375.0,-15.90144
1910344531.25,-15.90569
1910344687.5,-15.90911
1910344843.75,-15.91266
1910345000.0,-15.91507
1910345156.25,-15.91878
1910345312.5,-15.92209
1910345468.75,-15.92497
1910345625.0,-15.92868
1910345781.25,-15.93293
1910345937.5,-15.93755
1910346093.75,-15.93925
1910346250.0,-15.9432
1910346406.25,-15.94625
1910346562.5,-15.94905
1910346718.75,-15.95294
1910346875.0,-15.95597
1910347031.25,-15.95899
1910347187.5,-15.96244
1910347343.75,-15.96421
1910347500.0,-15.9696
1910347656.25,-15.97261
1910347812.5,-15.97517
1910347968.75,-15.97835
1910348125.0,-15.98317
1910348281.25,-15.98539
1910348437.5,-15.98897
1910348593.75,-15.99218
1910348750.0,-15.99603
1910348906.25,-15.99877
1910349062.5,-16.0022
1910349218.75,-16.0047
1910349375.0,-16.00973
1910349531.25,-16.01141
1910349687.5,-16.01569
1910349843.75,-16.01833
1910350000.0,-16.02287
1910350156.25,-16.02605
1910350312.5,-16.02845
1910350468.75,-16.03249
1910350625.0,-16.03393
1910350781.25,-16.03904
1910350937.5,-16.04062
1910351093.75,-16.04489
1910351250.0,-16.04907
1910351406.25,-16.05198
1910351562.5,-16.05365
1910351718.75,-16.05863
1910351875.0,-16.06109
1910352031.25,-16.0642
1910352187.5,-16.06829
1910352343.75,-16.0712
1910352500.0,-16.07501
1910352656.25,-16.07785
1910352812.5,-16.08212
1910352968.75,-16.08445
1910353125.0,-16.08745
1910353281.25,-16.09076
1910353437.5,-16.09528
1910353593.75,-16.09827
1910353750.0,-16.1006
1910353906.25,-16.1051
1910354062.5,-16.10828
1910354218.75,-16.11068
1910354375.0,-16.11367
1910354531.25,-16.11799
1910354687.5,-16.12116
1910354843.75,-16.12474
1910355000.0,-16.12641
1910355156.25,-16.13033
1910355312.5,-16.13293
1910355468.75,-16.13747
1910355625.0,-16.14041
1910355781.25,-16.14284
1910355937.5,-16.14586
1910356093.75,-16.14879
1910356250.0,-16.15279
1910356406.25,-16.15789
1910356562.5,-16.16015
1910356718.75,-16.16232
1910356875.0,-16.16644
1910357031.25,-16.1694
1910357187.5,-16.1727
1910357343.75,-16.17801
1910357500.0,-16.17948
1910357656.25,-16.18317
1910357812.5,-16.18582
1910357968.75,-16.18983
1910358125.0,-16.1932
1910358281.25,-16.19687
1910358437.5,-16.19909
1910358593.75,-16.20316
1910358750.0,-16.2073
1910358906.25,-16.20908
1910359062.5,-16.21236
1910359218.75,-16.2161
1910359375.0,-16.21789
1910359531.25,-16.22185
1910359687.5,-16.22546
1910359843.75,-16.22832
1910360000.0,-16.23172
1910360156.25,-16.23522
1910360312.5,-16.23767
1910360468.75,-16.24154
1910360625.0,-16.24474
1910360781.25,-16.24928
1910360937.5,-16.25032
1910361093.75,-16.25469
1910361250.0,-16.2572
1910361406.25,-16.26083
1910361562.5,-16.26398
1910361718.75,-16.26698
1910361875.0,-16.27005
1910362031.25,-16.27364
1910362187.5,-16.27645
1910362343.75,-16.28002
1910362500.0,-16.28313
1910362656.25,-16.28572
1910362812.5,-16.29034
1910362968.75,-16.29419
1910363125.0,-16.29707
1910363281.25,-16.29927
1910363437.5,-16.30337
1910363593.75,-16.3063
1910363750.0,-16.30919
1910363906.25,-16.31229
1910364062.5,-16.31517
1910364218.75,-16.31932
1910364375.0,-16.32252
1910364531.25,-16.32501
1910364687.5,-16.32801
1910364843.75,-16.33123
1910365000.0,-16.33542
1910365156.25,-16.33788
1910365312.5,-16.3407
1910365468.75,-16.34421
1910365625.0,-16.34813
1910365781.25,-16.35169
1910365937.5,-16.35361
1910366093.75,-16.35749
1910366250.0,-16.36058
1910366406.25,-16.36266
1910366562.5,-16.36661
1910366718.75,-16.37095
1910366875.0,-16.37421
1910367031.25,-16.37653
1910367187.5,-16.38022
1910367343.75,-16.38308
1910367500.0,-16.3862
1910367656.25,-16.38904
1910367812.5,-16.39367
1910367968.75,-16.39599
1910368125.0,-16.4003
1910368281.25,-16.4022
1910368437.5,-16.40511
1910368593.75,-16.40832
1910368750.0,-16.41114
1910368906.25,-16.41411
1910369062.5,-16.41733
1910369218.75,-16.42011
1910369375.0,-16.42474
1910369531.25,-16.42808
1910369687.5,-16.43082
1910369843.75,-16.43385
1910370000.0,-16.43809
1910370156.25,-16.44029
1910370312.5,-16.44298
1910370468.75,-16.44653
1910370625.0,-16.45041
1910370781.25,-16.45283
1910370937.5,-16.45641
1910371093.75,-16.46047
1910371250.0,-16.46232
1910371406.25,-16.46623
1910371562.5,-16.46968
1910371718.75,-16.47166
1910371875.0,-16.47479
1910372031.25,-16.47877
1910372187.5,-16.48217
1910372343.75,-16.48393
1910372500.0,-16.48684
1910372656.25,-16.49151
1910372812.5,-16.49453
1910372968.75,-16.49601
1910373125.0,-16.50159
1910373281.25,-16.50465
1910373437.5,-16.50634
1910373593.75,-16.51064
1910373750.0,-16.51494
1910373906.25,-16.51652
1910374062.5,-16.5205
1910374218.75,-16.52309
1910374375.0,-16.5257
1910374531.25,-16.53025
1910374687.5,-16.53248
1910374843.75,-16.5362
1910375000.0,-16.54071
1910375156.25,-16.54166
1910375312.5,-16.54474
1910375468.75,-16.54731
1910375625.0,-16.55015
1910375781.25,-16.55398
1910375937.5,-16.55861
1910376093.75,-16.56171
1910376250.0,-16.56307
1910376406.25,-16.56838
1910376562.5,-16.57164
1910376718.75,-16.57322
1910376875.0,-16.5769
1910377031.25,-16.58172
1910377187.5,-16.58386
1910377343.75,-16.58606
1910377500.0,-16.59068
1910377656.25,-16.59283
1910377812.5,-16.59679
1910377968.75,-16.59868
1910378125.0,-16.60141
1910378281.25,-16.60512
1910378437.5,-16.60778
1910378593.75,-16.61114
1910378750.0,-16.61458
1910378906.25,-16.61759
1910379062.5,-16.62232
1910379218.75,-16.62332
1910379375.0,-16.62782
1910379531.25,-16.63038
1910379687.5,-16.63231
1910379843.75,-16.63667
1910380000.0,-16.6405
1910380156.25,-16.64493
1910380312.5,-16.64564
1910380468.75,-16.6485
1910380625.0,-16.65249
1910380781.25,-16.6558
1910380937.5,-16.65975
1910381093.75,-16.66219
1910381250.0,-16.66599
1910381406.25,-16.66806
1910381562.5,-16.67085
1910381718.75,-16.67488
1910381875.0,-16.67818
1910382031.25,-16.68174
1910382187.5,-16.68482
1910382343.75,-16.68706
1910382500.0,-16.68912
1910382656.25,-16.69362
1910382812.5,-16.69572
1910382968.75,-16.69849
1910383125.0,-16.70192
1910383281.25,-16.70603
1910383437.5,-16.70848
1910383593.75,-16.71163
1910383750.0,-16.7149
1910383906.25,-16.71948
1910384062.5,-16.72184
1910384218.75,-16.72448
1910384375.0,-16.7287
1910384531.25,-16.7296
1910384687.5,-16.7333
1910384843.75,-16.73711
1910385000.0,-16.73994
1910385156.25,-16.74309
1910385312.5,-16.74476
1910385468.75,-16.74964
1910385625.0,-16.75049
1910385781.25,-16.75646
1910385937.5,-16.75923
1910386093.75,-16.76262
1910386250.0,-16.76473
1910386406.25,-16.76777
1910386562.5,-16.77234
1910386718.75,-16.77367
1910386875.0,-16.77714
1910387031.25,-16.78072
1910387187.5,-16.78326
1910387343.75,-16.78699
1910387500.0,-16.79086
1910387656.25,-16.79329
1910387812.5,-16.79663
1910387968.75,-16.7995
1910388125.0,-16.80096
1910388281.25,-16.80443
1910388437.5,-16.80813
1910388593.75,-16.81162
1910388750.0,-16.81569
1910388906.25,-16.81766
1910389062.5,-16.82055
1910389218.75,-16.8242
1910389375.0,-16.82671
1910389531.25,-16.8293
1910389687.5,-16.83393
1910389843.75,-16.83648
1910390000.0,-16.84041
1910390156.25,-16.84289
1910390312.5,-16.84637
1910390468.75,-16.85026
1910390625.0,-16.85143
1910390781.25,-16.85481
1910390937.5,-16.8588
1910391093.75,-16.85935
1910391250.0,-16.86484
1910391406.25,-16.86718
1910391562.5,-16.87073
1910391718.75,-16.87335
1910391875.0,-16.87662
1910392031.25,-16.87813
1910392187.5,-16.88416
1910392343.75,-16.88513
1910392500.0,-16.8879
1910392656.25,-16.89036
1910392812.5,-16.89503
1910392968.75,-16.89886
1910393125.0,-16.90097
1910393281.25,-16.90454
1910393437.5,-16.90788
1910393593.75,-16.91056
1910393750.0,-16.91153
1910393906.25,-16.9166
1910394062.5,-16.91892
1910394218.75,-16.9221
1910394375.0,-16.92531
1910394531.25,-16.92786
1910394687.5,-16.93198
1910394843.75,-16.93558
1910395000.0,-16.93824
1910395156.25,-16.94144
1910395312.5,-16.94387
1910395468.75,-16.94701
1910395625.0,-16.95058
1910395781.25,-16.95264
1910395937.5,-16.95508
1910396093.75,-16.95934
1910396250.0,-16.9619
1910396406.25,-16.96508
1910396562.5,-16.96817
1910396718.75,-16.97174
1910396875.0,-16.97445
1910397031.25,-16.97827
1910397187.5,-16.98101
1910397343.75,-16.98346
1910397500.0,-16.98627
1910397656.25,-16.98915
1910397812.5,-16.99241
1910397968.75,-16.99503
1910398125.0,-16.9982
1910398281.25,-17.00175
1910398437.5,-17.0044
1910398593.75,-17.007
1910398750.0,-17.01055
1910398906.25,-17.01426
1910399062.5,-17.01725
1910399218.75,-17.02073
1910399375.0,-17.02465
1910399531.25,-17.02491
1910399687.5,-17.02887
1910399843.75,-17.03132
1910400000.0,-17.03563
1910400156.25,-17.03748
1910400312.5,-17.04121
1910400468.75,-17.04449
1910400625.0,-17.04783
1910400781.25,-17.04885
1910400937.5,-17.0533
1910401093.75,-17.05885
1910401250.0,-17.06019
1910401406.25,-17.06333
1910401562.5,-17.06552
1910401718.75,-17.06795
1910401875.0,-17.07067
1910402031.25,-17.07504
1910402187.5,-17.07769
1910402343.75,-17.08107
1910402500.0,-17.08349
1910402656.25,-17.08666
1910402812.5,-17.09004
1910402968.75,-17.09265
1910403125.0,-17.09616
1910403281.25,-17.09958
1910403437.5,-17.10278
1910403593.75,-17.10529
1910403750.0,-17.10788
1910403906.25,-17.11094
1910404062.5,-17.11486
1910404218.75,-17.1159
1910404375.0,-17.11902
1910404531.25,-17.12302
1910404687.5,-17.12651
1910404843.75,-17.12955
1910405000.0,-17.13111
1910405156.25,-17.13525
1910405312.5,-17.13867
1910405468.75,-17.14138
1910405625.0,-17.14462
1910405781.25,-17.14671
1910405937.5,-17.15022
1910406093.75,-17.15314
1910406250.0,-17.15542
1910406406.25,-17.1592
1910406562.5,-17.16196
1910406718.75,-17.16398
1910406875.0,-17.16772
1910407031.25,-17.17
1910407187.5,-17.17321
1910407343.75,-17.17699
1910407500.0,-17.18067
1910407656.25,-17.18136
1910407812.5,-17.187
1910407968.75,-17.18879
1910408125.0,-17.19057
1910408281.25,-17.19501
1910408437.5,-17.19729
1910408593.75,-17.19928
1910408750.0,-17.20363
1910408906.25,-17.20684
1910409062.5,-17.20983
1910409218.75,-17.21274
1910409375.0,-17.21637
1910409531.25,-17.21835
1910409687.5,-17.22036
1910409843.75,-17.22376
1910410000.0,-17.2276
1910410156.25,-17.23182
1910410312.5,-17.23403
1910410468.75,-17.23734
1910410625.0,-17.23889
1910410781.25,-17.24301
1910410937.5,-17.24509
1910411093.75,-17.24937
1910411250.0,-17.25126
1910411406.25,-17.25501
1910411562.5,-17.25762
1910411718.75,-17.26041
1910411875.0,-17.2637
1910412031.25,-17.26551
1910412187.5,-17.2704
1910412343.75,-17.27282
1910412500.0,-17.27443
1910412656.25,-17.279
1910412812.5,-17.28148
1910412968.75,-17.28399
1910413125.0,-17.28746
1910413281.25,-17.29096
1910413437.5,-17.29223
1910413593.75,-17.29576
1910413750.0,-17.29829
1910413906.25,-17.30151
1910414062.5,-17.30614
1910414218.75,-17.30711
1910414375.0,-17.31198
1910414531.25,-17.31371
1910414687.5,-17.31671
1910414843.75,-17.31956
1910415000.0,-17.3244
1910415156.25,-17.32465
1910415312.5,-17.32973
1910415468.75,-17.33107
1910415625.0,-17.33472
1910415781.25,-17.33678
1910415937.5,-17.34059
1910416093.75,-17.34335
1910416250.0,-17.34721
1910416406.25,-17.34902
1910416562.5,-17.35197
1910416718.75,-17.35595
1910416875.0,-17.35779
1910417031.25,-17.36061
1910417187.5,-17.36341
1910417343.75,-17.36776
1910417500.0,-17.36981
1910417656.25,-17.37337
1910417812.5,-17.37632
1910417968.75,-17.37852
1910418125.0,-17.38187
1910418281.25,-17.38409
1910418437.5,-17.38814
1910418593.75,-17.3924
1910418750.0,-17.39393
1910418906.25,-17.3969
1910419062.5,-17.40025
1910419218.75,-17.40269
1910419375.0,-17.40637
1910419531.25,-17.40743
1910419687.5,-17.41099
1910419843.75,-17.41388
1910420000.0,-17.41683
1910420156.25,-17.42065
1910420312.5,-17.42322
1910420468.75,-17.42691
1910420625.0,-17.4283
1910420781.25,-17.42936
1910420937.5,-17.43515
1910421093.75,-17.43874
1910421250.0,-17.4403
1910421406.25,-17.44277
1910421562.5,-17.44572
1910421718.75,-17.44943
1910421875.0,-17.45236
1910422031.25,-17.45376
1910422187.5,-17.45681
1910422343.75,-17.46182
1910422500.0,-17.46434
1910422656.25,-17.46498
1910422812.5,-17.47118
1910422968.75,-17.47216
1910423125.0,-17.4768
1910423281.25,-17.47723
1910423437.5,-17.48145
1910423593.75,-17.48346
1910423750.0,-17.48606
1910423906.25,-17.49074
1910424062.5,-17.49402
1910424218.75,-17.49587
1910424375.0,-17.4983
1910424531.25,-17.50295
1910424687.5,-17.50432
1910424843.75,-17.50723
1910425000.0,-17.5116
1910425156.25,-17.51368
1910425312.5,-17.51564
1910425468.75,-17.51963
1910425625.0,-17.5209
1910425781.25,-17.5244
1910425937.5,-17.52982
1910426093.75,-17.53043
1910426250.0,-17.53257
1910426406.25,-17.53582
1910426562.5,-17.53924
1910426718.75,-17.54202
1910426875.0,-17.54297
1910427031.25,-17.54829
1910427187.5,-17.55236
1910427343.75,-17.55323
1910427500.0,-17.55593
1910427656.25,-17.55983
1910427812.5,-17.56214
1910427968.75,-17.56572
1910428125.0,-17.56867
1910428281.25,-17.57135
1910428437.5,-17.57431
1910428593.75,-17.57762
1910428750.0,-17.57831
1910428906.25,-17.58229
1910429062.5,-17.58472
1910429218.75,-17.58919
1910429375.0,-17.59207
1910429531.25,-17.59346
1910429687.5,-17.59711
1910429843.75,-17.60088
1910430000.0,-17.60354
1910430156.25,-17.60752
1910430312.5,-17.60847
1910430468.75,-17.61143
1910430625.0,-17.61431
1910430781.25,-17.61775
1910430937.5,-17.62074
1910431093.75,-17.62317
1910431250.0,-17.62674
1910431406.25,-17.62803
1910431562.5,-17.63122
1910431718.75,-17.635
1910431875.0,-17.639
1910432031.25,-17.64103
1910432187.5,-17.64516
1910432343.75,-17.64639
1910432500.0,-17.64938
1910432656.25,-17.6521
1910432812.5,-17.65384
1910432968.75,-17.65739
1910433125.0,-17.66118
1910433281.25,-17.66442
1910433437.5,-17.66662
1910433593.75,-17.66925
1910433750.0,-17.67349
1910433906.25,-17.6761
1910434062.5,-17.67712
1910434218.75,-17.68139
1910434375.0,-17.68433
1910434531.25,-17.68686
1910434687.5,-17.68972
1910434843.75,-17.69255
1910435000.0,-17.69587
1910435156.25,-17.69763
1910435312.5,-17.70065
1910435468.75,-17.7029
1910435625.0,-17.70606
1910435781.25,-17.7098
1910435937.5,-17.71249
1910436093.75,-17.71531
1910436250.0,-17.71931
1910436406.25,-17.72206
1910436562.5,-17.72369
1910436718.75,-17.72611
1910436875.0,-17.72907
1910437031.25,-17.73285
1910437187.5,-17.7356
1910437343.75,-17.73746
1910437500.0,-17.73954
1910437656.25,-17.74454
1910437812.5,-17.74771
1910437968.75,-17.74912
1910438125.0,-17.7509
1910438281.25,-17.75469
1910438437.5,-17.75604
1910438593.75,-17.76109
1910438750.0,-17.76352
1910438906.25,-17.76649
1910439062.5,-17.77002
1910439218.75,-17.77241
1910439375.0,-17.77411
1910439531.25,-17.77768
1910439687.5,-17.78029
1910439843.75,-17.78242
1910440000.0,-17.78559
1910440156.25,-17.78833
1910440312.5,-17.7924
1910440468.75,-17.79464
1910440625.0,-17.79751
1910440781.25,-17.80088
1910440937.5,-17.80231
1910441093.75,-17.80697
1910441250.0,-17.81048
1910441406.25,-17.81112
1910441562.5,-17.81365
1910441718.75,-17.81655
1910441875.0,-17.82019
1910442031.25,-17.82225
1910442187.5,-17.82447
1910442343.75,-17.82962
1910442500.0,-17.83346
1910442656.25,-17.83335
1910442812.5,-17.83545
1910442968.75,-17.83979
1910443125.0,-17.84258
1910443281.25,-17.84541
1910443437.5,-17.8478
1910443593.75,-17.85135
1910443750.0,-17.85446
1910443906.25,-17.85669
1910444062.5,-17.85954
1910444218.75,-17.86201
1910444375.0,-17.86632
1910444531.25,-17.86747
1910444687.5,-17.86996
1910444843.75,-17.87362
1910445000.0,-17.87632
1910445156.25,-17.87977
1910445312.5,-17.88422
1910445468.75,-17.88444
1910445625.0,-17.88793
1910445781.25,-17.89059
1910445937.5,-17.89349
1910446093.75,-17.8961
1910446250.0,-17.89844
1910446406.25,-17.90178
1910446562.5,-17.90531
1910446718.75,-17.90681
1910446875.0,-17.91136
1910447031.25,-17.91282
1910447187.5,-17.91622
1910447343.75,-17.91775
1910447500.0,-17.92155
1910447656.25,-17.92378
1910447812.5,-17.92869
1910447968.75,-17.92931
1910448125.0,-17.93351
1910448281.25,-17.93561
1910448437.5,-17.93769
1910448593.75,-17.94118
1910448750.0,-17.94382
1910448906.25,-17.94608
1910449062.5,-17.94837
1910449218.75,-17.95271
1910449375.0,-17.95444
1910449531.25,-17.9579
1910449687.5,-17.96124
1910449843.75,-17.96437
1910450000.0,-17.96656
1910450156.25,-17.96836
1910450312.5,-17.97201
1910450468.75,-17.9748
1910450625.0,-17.97766
1910450781.25,-17.97964
1910450937.5,-17.98215
1910451093.75,-17.98351
1910451250.0,-17.98847
1910451406.25,-17.99256
1910451562.5,-17.99604
1910451718.75,-17.99689
1910451875.0,-17.99976
1910452031.25,-18.00222
1910452187.5,-18.00532
1910452343.75,-18.00667
1910452500.0,-18.01219
1910452656.25,-18.01186
1910452812.5,-18.01513
1910452968.75,-18.01866
1910453125.0,-18.02272
1910453281.25,-18.02564
1910453437.5,-18.02826
1910453593.75,-18.03077
1910453750.0,-18.03174
1910453906.25,-18.03609
1910454062.5,-18.0382
1910454218.75,-18.04166
1910454375.0,-18.04334
1910454531.25,-18.0482
1910454687.5,-18.04955
1910454843.75,-18.05204
1910455000.0,-18.05564
1910455156.25,-18.0583
1910455312.5,-18.06152
1910455468.75,-18.06468
1910455625.0,-18.06592
1910455781.25,-18.07067
1910455937.5,-18.07096
1910456093.75,-18.07339
1910456250.0,-18.07742
1910456406.25,-18.07969
1910456562.5,-18.08428
1910456718.75,-18.0846
1910456875.0,-18.08879
1910457031.25,-18.09185
1910457187.5,-18.09403
1910457343.75,-18.097
1910457500.0,-18.09948
1910457656.25,-18.10336
1910457812.5,-18.10447
1910457968.75,-18.10727
1910458125.0,-18.11005
1910458281.25,-18.1146
1910458437.5,-18.1152
1910458593.75,-18.11774
1910458750.0,-18.12193
1910458906.25,-18.12623
1910459062.5,-18.1289
1910459218.75,-18.12952
1910459375.0,-18.13237
1910459531.25,-18.13475
1910459687.5,-18.13875
1910459843.75,-18.14259
1910460000.0,-18.14288
1910460156.25,-18.14648
1910460312.5,-18.14849
1910460468.75,-18.1516
1910460625.0,-18.1538
1910460781.25,-18.15775
1910460937.5,-18.15922
1910461093.75,-18.16204
1910461250.0,-18.1652
1910461406.25,-18.16682
1910461562.5,-18.1721
1910461718.75,-18.17453
1910461875.0,-18.17585
1910462031.25,-18.17959
1910462187.5,-18.18317
1910462343.75,-18.18458
1910462500.0,-18.18559
1910462656.25,-18.19012
1910462812.5,-18.19313
1910462968.75,-18.1953
1910463125.0,-18.19736
1910463281.25,-18.20311
1910463437.5,-18.20376
1910463593.75,-18.207
1910463750.0,-18.20822
1910463906.25,-18.21077
1910464062.5,-18.21397
1910464218.75,-18.21709
1910464375.0,-18.21946
1910464531.25,-18.223
1910464687.5,-18.22452
1910464843.75,-18.22879
1910465000.0,-18.23079
1910465156.25,-18.23371
1910465312.5,-18.23582
1910465468.75,-18.23831
1910465625.0,-18.24125
1910465781.25,-18.24516
1910465937.5,-18.24768
1910466093.75,-18.25056
1910466250.0,-18.25217
1910466406.25,-18.25668
1910466562.5,-18.25817
1910466718.75,-18.26063
1910466875.0,-18.26275
1910467031.25,-18.26554
1910467187.5,-18.26954
1910467343.75,-18.27178
1910467500.0,-18.27392
1910467656.25,-18.27708
1910467812.5,-18.27955
1910467968.75,-18.28177
1910468125.0,-18.28617
1910468281.25,-18.28718
1910468437.5,-18.29082
1910468593.75,-18.29315
1910468750.0,-18.2955
1910468906.25,-18.29802
1910469062.5,-18.30096
1910469218.75,-18.3042
1910469375.0,-18.30679
1910469531.25,-18.30869
1910469687.5,-18.31168
1910469843.75,-18.31439
1910470000.0,-18.31818
1910470156.25,-18.32001
1910470312.5,-18.32408
1910470468.75,-18.32456
1910470625.0,-18.32732
1910470781.25,-18.33073
1910470937.5,-18.33361
1910471093.75,-18.3369
1910471250.0,-18.3399
1910471406.25,-18.3432
1910471562.5,-18.34548
1910471718.75,-18.34686
1910471875.0,-18.34919
1910472031.25,-18.35064
1910472187.5,-18.35483
1910472343.75,-18.35888
1910472500.0,-18.36123
1910472656.25,-18.36332
1910472812.5,-18.36575
1910472968.75,-18.36837
1910473125.0,-18.37089
1910473281.25,-18.37414
1910473437.5,-18.37448
1910473593.75,-18.37952
1910473750.0,-18.38101
1910473906.25,-18.38329
1910474062.5,-18.38787
1910474218.75,-18.39038
1910474375.0,-18.39335
1910474531.25,-18.39514
1910474687.5,-18.3977
1910474843.75,-18.4005
1910475000.0,-18.40336
1910475156.25,-18.40542
1910475312.5,-18.40857
1910475468.75,-18.41265
1910475625.0,-18.41433
1910475781.25,-18.41703
1910475937.5,-18.41862
1910476093.75,-18.42168
1910476250.0,-18.42549
1910476406.25,-18.42734
1910476562.5,-18.43071
1910476718.75,-18.43328
1910476875.0,-18.43721
1910477031.25,-18.43939
1910477187.5,-18.4405
1910477343.75,-18.44358
1910477500.0,-18.44758
1910477656.25,-18.44922
1910477812.5,-18.45167
1910477968.75,-18.4538
1910478125.0,-18.45643
1910478281.25,-18.45906
1910478437.5,-18.46268
1910478593.75,-18.46266
1910478750.0,-18.46912
1910478906.25,-18.47022
1910479062.5,-18.47339
1910479218.75,-18.47519
1910479375.0,-18.47836
1910479531.25,-18.48004
1910479687.5,-18.48349
1910479843.75,-18.48682
1910480000.0,-18.4883
1910480156.25,-18.49114
1910480312.5,-18.49351
1910480468.75,-18.49677
1910480625.0,-18.49983
1910480781.25,-18.50119
1910480937.5,-18.50301
1910481093.75,-18.50683
1910481250.0,-18.50952
1910481406.25,-18.51202
1910481562.5,-18.51606
1910481718.75,-18.51716
1910481875.0,-18.52009
1910482031.25,-18.52303
1910482187.5,-18.52487
1910482343.75,-18.52875
1910482500.0,-18.53242
1910482656.25,-18.53331
1910482812.5,-18.5358
1910482968.75,-18.53828
1910483125.0,-18.54103
1910483281.25,-18.54383
1910483437.5,-18.54564
1910483593.75,-18.54893
1910483750.0,-18.55115
1910483906.25,-18.55447
1910484062.5,-18.55685
1910484218.75,-18.55982
1910484375.0,-18.56412
1910484531.25,-18.56532
1910484687.5,-18.56683
1910484843.75,-18.57154
1910485000.0,-18.57259
1910485156.25,-18.5759
1910485312.5,-18.57803
1910485468.75,-18.58069
1910485625.0,-18.58385
1910485781.25,-18.58692
1910485937.5,-18.58829
1910486093.75,-18.59044
1910486250.0,-18.59376
1910486406.25,-18.59603
1910486562.5,-18.59958
1910486718.75,-18.60039
1910486875.0,-18.60378
1910487031.25,-18.60681
1910487187.5,-18.61001
1910487343.75,-18.61173
1910487500.0,-18.61458
1910487656.25,-18.61782
1910487812.5,-18.62052
1910487968.75,-18.62314
1910488125.0,-18.62538
1910488281.25,-18.62734
1910488437.5,-18.63096
1910488593.75,-18.6331
1910488750.0,-18.63379
1910488906.25,-18.6402
1910489062.5,-18.64173
1910489218.75,-18.64229
1910489375.0,-18.6459
1910489531.25,-18.65028
1910489687.5,-18.65203
1910489843.75,-18.65394
1910490000.0,-18.65744
1910490156.25,-18.65992
1910490312.5,-18.66198
1910490468.75,-18.66515
1910490625.0,-18.66751
1910490781.25,-18.66922
1910490937.5,-18.67192
1910491093.75,-18.67451
1910491250.0,-18.67745
1910491406.25,-18.68102
1910491562.5,-18.68268
1910491718.75,-18.68522
1910491875.0,-18.68841
1910492031.25,-18.69072
1910492187.5,-18.69478
1910492343.75,-18.69604
1910492500.0,-18.6994
1910492656.25,-18.70193
1910492812.5,-18.70459
1910492968.75,-18.70637
1910493125.0,-18.70953
1910493281.25,-18.71316
1910493437.5,-18.71337
1910493593.75,-18.7171
1910493750.0,-18.72053
1910493906.25,-18.72105
1910494062.5,-18.72323
1910494218.75,-18.72572
1910494375.0,-18.72917
1910494531.25,-18.73325
1910494687.5,-18.73472
1910494843.75,-18.73612
1910495000.0,-18.74145
1910495156.25,-18.74257
1910495312.5,-18.74539
1910495468.75,-18.74708
1910495625.0,-18.75027
1910495781.25,-18.7529
1910495937.5,-18.75443
1910496093.75,-18.75863
1910496250.0,-18.75927
1910496406.25,-18.76418
1910496562.5,-18.76526
1910496718.75,-18.76884
1910496875.0,-18.77068
1910497031.25,-18.77437
1910497187.5,-18.77634
1910497343.75,-18.77965
1910497500.0,-18.78101
1910497656.25,-18.78443
1910497812.5,-18.78685
1910497968.75,-18.78944
1910498125.0,-18.79132
1910498281.25,-18.79422
1910498437.5,-18.79677
1910498593.75,-18.79812
1910498750.0,-18.80311
1910498906.25,-18.80524
1910499062.5,-18.80668
1910499218.75,-18.80888
1910499375.0,-18.81139
1910499531.25,-18.81686
1910499687.5,-18.81553
1910499843.75,-18.82028
1910500000.0,-18.82352
1910500156.25,-18.82496
1910500312.5,-18.82738
1910500468.75,-18.83116
1910500625.0,-18.83149
1910500781.25,-18.83365
1910500937.5,-18.84016
1910501093.75,-18.84081
1910501250.0,-18.84277
1910501406.25,-18.84677
1910501562.5,-18.84732
1910501718.75,-18.8524
1910501875.0,-18.85396
1910502031.25,-18.85297
1910502187.5,-18.85792
1910502343.75,-18.85962
1910502500.0,-18.86427
1910502656.25,-18.86562
1910502812.5,-18.86901
1910502968.75,-18.87154
1910503125.0,-18.8749
1910503281.25,-18.87564
1910503437.5,-18.87767
1910503593.75,-18.88289
1910503750.0,-18.88404
1910503906.25,-18.88695
1910504062.5,-18.8881
1910504218.75,-18.8907
1910504375.0,-18.89484
1910504531.25,-18.89815
1910504687.5,-18.89966
1910504843.75,-18.90263
1910505000.0,-18.90446
1910505156.25,-18.90943
1910505312.5,-18.90942
1910505468.75,-18.91227
1910505625.0,-18.91488
1910505781.25,-18.91695
1910505937.5,-18.92113
1910506093.75,-18.9204
1910506250.0,-18.92474
1910506406.25,-18.9278
1910506562.5,-18.92978
1910506718.75,-18.93369
1910506875.0,-18.93304
1910507031.25,-18.93654
1910507187.5,-18.93982
1910507343.75,-18.94305
1910507500.0,-18.94597
1910507656.25,-18.94845
1910507812.5,-18.95079
1910507968.75,-18.95418
1910508125.0,-18.9558
1910508281.25,-18.95894
1910508437.5,-18.9611
1910508593.75,-18.96485
1910508750.0,-18.96558
1910508906.25,-18.96667
1910509062.5,-18.97051
1910509218.75,-18.97436
1910509375.0,-18.97536
1910509531.25,-18.97678
1910509687.5,-18.98051
1910509843.75,-18.98196
1910510000.0,-18.98698
1910510156.25,-18.98748
1910510312.5,-18.99027
1910510468.75,-18.99207
1910510625.0,-18.99624
1910510781.25,-18.99829
1910510937.5,-19.00002
1910511093.75,-19.00433
1910511250.0,-19.00701
1910511406.25,-19.0082
1910511562.5,-19.01217
1910511718.75,-19.01416
1910511875.0,-19.0158
1910512031.25,-19.01905
1910512187.5,-19.01949
1910512343.75,-19.02228
1910512500.0,-19.02585
1910512656.25,-19.02911
1910512812.5,-19.03091
1910512968.75,-19.03303
1910513125.0,-19.03576
1910513281.25,-19.03818
1910513437.5,-19.04165
1910513593.75,-19.04329
1910513750.0,-19.04674
1910513906.25,-19.04869
1910514062.5,-19.0515
1910514218.75,-19.05487
1910514375.0,-19.05557
1910514531.25,-19.05844
1910514687.5,-19.06076
1910514843.75,-19.06277
1910515000.0,-19.06647
1910515156.25,-19.06766
1910515312.5,-19.07085
1910515468.75,-19.07344
1910515625.0,-19.07669
1910515781.25,-19.07635
1910515937.5,-19.0811
1910516093.75,-19.08342
1910516250.0,-19.0866
1910516406.25,-19.08965
1910516562.5,-19.09031
1910516718.75,-19.09293
1910516875.0,-19.09622
1910517031.25,-19.09821
1910517187.5,-19.10162
1910517343.75,-19.10472
1910517500.0,-19.10559
1910517656.25,-19.10744
1910517812.5,-19.11207
1910517968.75,-19.11392
1910518125.0,-19.11582
1910518281.25,-19.11824
1910518437.5,-19.12019
1910518593.75,-19.12515
1910518750.0,-19.12518
1910518906.25,-19.12813
1910519062.5,-19.13178
1910519218.75,-19.13379
1910519375.0,-19.13613
1910519531.25,-19.13873
1910519687.5,-19.14157
1910519843.75,-19.14428
1910520000.0,-19.14487
1910520156.25,-19.14766
1910520312.5,-19.15201
1910520468.75,-19.15363
1910520625.0,-19.15675
1910520781.25,-19.16022
1910520937.5,-19.16056
1910521093.75,-19.16443
1910521250.0,-19.16618
1910521406.25,-19.16726
1910521562.5,-19.17197
1910521718.75,-19.17329
1910521875.0,-19.17764
1910522031.25,-19.17997
1910522187.5,-19.18064
1910522343.75,-19.18451
1910522500.0,-19.1839
1910522656.25,-19.18834
1910522812.5,-19.19093
1910522968.75,-19.19345
1910523125.0,-19.19546
1910523281.25,-19.1982
1910523437.5,-19.20205
1910523593.75,-19.20196
1910523750.0,-19.20461
1910523906.25,-19.20729
1910524062.5,-19.20944
1910524218.75,-19.21297
1910524375.0,-19.21492
1910524531.25,-19.21777
1910524687.5,-19.22177
1910524843.75,-19.22285
1910525000.0,-19.2262
1910525156.25,-19.22712
1910525312.5,-19.23017
1910525468.75,-19.23192
1910525625.0,-19.23597
1910525781.25,-19.24018
1910525937.5,-19.24143
1910526093.75,-19.24183
1910526250.0,-19.24562
1910526406.25,-19.24697
1910526562.5,-19.25037
1910526718.75,-19.25138
1910526875.0,-19.25533
1910527031.25,-19.25925
1910527187.5,-19.25951
1910527343.75,-19.26168
1910527500.0,-19.26508
1910527656.25,-19.26713
1910527812.5,-19.26853
1910527968.75,-19.27305
1910528125.0,-19.2726
1910528281.25,-19.27804
1910528437.5,-19.27965
1910528593.75,-19.28311
1910528750.0,-19.28448
1910528906.25,-19.28688
1910529062.5,-19.28887
1910529218.75,-19.29096
1910529375.0,-19.29403
1910529531.25,-19.29625
1910529687.5,-19.29962
1910529843.75,-19.3002
1910530000.0,-19.30463
1910530156.25,-19.3069
1910530312.5,-19.30882
1910530468.75,-19.30921
1910530625.0,-19.3121
1910530781.25,-19.31508
1910530937.5,-19.31852
1910531093.75,-19.32149
1910531250.0,-19.32499
1910531406.25,-19.32617
1910531562.5,-19.32905
1910531718.75,-19.33026
1910531875.0,-19.33591
1910532031.25,-19.33562
1910532187.5,-19.33967
1910532343.75,-19.3419
1910532500.0,-19.3426
1910532656.25,-19.34643
1910532812.5,-19.34697
1910532968.75,-19.35057
1910533125.0,-19.35062
1910533281.25,-19.35527
1910533437.5,-19.35764
1910533593.75,-19.36091
1910533750.0,-19.36319
1910533906.25,-19.36353
1910534062.5,-19.36561
1910534218.75,-19.37075
1910534375.0,-19.37151
1910534531.25,-19.37595
1910534687.5,-19.37712
1910534843.75,-19.38015
1910535000.0,-19.38165
1910535156.25,-19.38384
1910535312.5,-19.38547
1910535468.75,-19.38835
1910535625.0,-19.39111
1910535781.25,-19.3947
1910535937.5,-19.39626
1910536093.75,-19.39977
1910536250.0,-19.40042
1910536406.25,-19.40523
1910536562.5,-19.40711
1910536718.75,-19.40938
1910536875.0,-19.41165
1910537031.25,-19.41491
1910537187.5,-19.41616
1910537343.75,-19.41864
1910537500.0,-19.42202
1910537656.25,-19.42564
1910537812.5,-19.42562
1910537968.75,-19.42699
1910538125.0,-19.42994
1910538281.25,-19.43226
1910538437.5,-19.43511
1910538593.75,-19.43706
1910538750.0,-19.43827
1910538906.25,-19.44233
1910539062.5,-19.44341
1910539218.75,-19.44793
1910539375.0,-19.45033
1910539531.25,-19.45045
1910539687.5,-19.45446
1910539843.75,-19.45842
1910540000.0,-19.4599
1910540156.25,-19.46135
1910540312.5,-19.46472
1910540468.75,-19.46605
1910540625.0,-19.46867
1910540781.25,-19.47039
1910540937.5,-19.47311
1910541093.75,-19.47656
1910541250.0,-19.47736
1910541406.25,-19.47992
1910541562.5,-19.48381
1910541718.75,-19.48639
1910541875.0,-19.48924
1910542031.25,-19.49116
1910542187.5,-19.49366
1910542343.75,-19.49442
1910542500.0,-19.49563
1910542656.25,-19.50147
1910542812.5,-19.50166
1910542968.75,-19.50544
1910543125.0,-19.50869
1910543281.25,-19.50959
1910543437.5,-19.51171
1910543593.75,-19.51458
1910543750.0,-19.51814
1910543906.25,-19.51822
1910544062.5,-19.52216
1910544218.75,-19.52406
1910544375.0,-19.52655
1910544531.25,-19.52902
1910544687.5,-19.53251
1910544843.75,-19.53513
1910545000.0,-19.53576
1910545156.25,-19.53784
1910545312.5,-19.5413
1910545468.75,-19.54294
1910545625.0,-19.54597
1910545781.25,-19.54958
1910545937.5,-19.55079
1910546093.75,-19.55318
1910546250.0,-19.55525
1910546406.25,-19.55714
1910546562.5,-19.56103
1910546718.75,-19.56197
1910546875.0,-19.56444
1910547031.25,-19.56653
1910547187.5,-19.56829
1910547343.75,-19.57216
1910547500.0,-19.5763
1910547656.25,-19.57554
1910547812.5,-19.57844
1910547968.75,-19.58176
1910548125.0,-19.58329
1910548281.25,-19.58579
1910548437.5,-19.58824
1910548593.75,-19.59064
1910548750.0,-19.59173
1910548906.25,-19.5962
1910549062.5,-19.59915
1910549218.75,-19.5992
1910549375.0,-19.60358
1910549531.25,-19.60437
1910549687.5,-19.60812
1910549843.75,-19.61001
1910550000.0,-19.6123
1910550156.25,-19.61723
1910550312.5,-19.61761
1910550468.75,-19.62024
1910550625.0,-19.62209
1910550781.25,-19.6255
1910550937.5,-19.62732
1910551093.75,-19.62895
1910551250.0,-19.63163
1910551406.25,-19.63454
1910551562.5,-19.63613
1910551718.75,-19.63758
1910551875.0,-19.64224
1910552031.25,-19.6442
1910552187.5,-19.64633
1910552343.75,-19.64778
1910552500.0,-19.65007
1910552656.25,-19.65223
1910552812.5,-19.65531
1910552968.75,-19.65704
1910553125.0,-19.65959
1910553281.25,-19.66218
1910553437.5,-19.66543
1910553593.75,-19.66573
1910553750.0,-19.67088
1910553906.25,-19.67389
1910554062.5,-19.67146
1910554218.75,-19.67647
1910554375.0,-19.67848
1910554531.25,-19.68213
1910554687.5,-19.68388
1910554843.75,-19.68549
1910555000.0,-19.68766
1910555156.25,-19.69067
1910555312.5,-19.69271
1910555468.75,-19.6968
1910555625.0,-19.6977
1910555781.25,-19.70073
1910555937.5,-19.70278
1910556093.75,-19.70443
1910556250.0,-19.7061
1910556406.25,-19.70909
1910556562.5,-19.71141
1910556718.75,-19.71426
1910556875.0,-19.71724
1910557031.25,-19.71683
1910557187.5,-19.72112
1910557343.75,-19.72357
1910557500.0,-19.72736
1910557656.25,-19.7276
1910557812.5,-19.73029
1910557968.75,-19.73359
1910558125.0,-19.73489
1910558281.25,-19.73797
1910558437.5,-19.73932
1910558593.75,-19.7425
1910558750.0,-19.74583
1910558906.25,-19.74562
1910559062.5,-19.74725
1910559218.75,-19.75063
1910559375.0,-19.75361
1910559531.25,-19.75473
1910559687.5,-19.7584
1910559843.75,-19.76136
1910560000.0,-19.76377
1910560156.25,-19.76327
1910560312.5,-19.76794
1910560468.75,-19.76927
1910560625.0,-19.77358
1910560781.25,-19.77549
1910560937.5,-19.77748
1910561093.75,-19.78034
1910561250.0,-19.78215
1910561406.25,-19.78429
1910561562.5,-19.78606
1910561718.75,-19.78785
1910561875.0,-19.78956
1910562031.25,-19.79435
1910562187.5,-19.79688
1910562343.75,-19.79829
1910562500.0,-19.79973
1910562656.25,-19.80311
1910562812.5,-19.80528
1910562968.75,-19.80658
1910563125.0,-19.808
1910563281.25,-19.81083
1910563437.5,-19.81443
1910563593.75,-19.81599
1910563750.0,-19.81846
1910563906.25,-19.81995
1910564062.5,-19.82451
1910564218.75,-19.82596
1910564375.0,-19.82631
1910564531.25,-19.83154
1910564687.5,-19.83283
1910564843.75,-19.83436
1910565000.0,-19.83624
1910565156.25,-19.83944
1910565312.5,-19.84276
1910565468.75,-19.84485
1910565625.0,-19.84581
1910565781.25,-19.84781
1910565937.5,-19.8514
1910566093.75,-19.85357
1910566250.0,-19.85633
1910566406.25,-19.85779
1910566562.5,-19.8604
1910566718.75,-19.8636
1910566875.0,-19.86422
1910567031.25,-19.86678
1910567187.5,-19.86988
1910567343.75,-19.87296
1910567500.0,-19.87462
1910567656.25,-19.8766
1910567812.5,-19.87837
1910567968.75,-19.88212
1910568125.0,-19.8831
1910568281.25,-19.88572
1910568437.5,-19.88915
1910568593.75,-19.89001
1910568750.0,-19.89249
1910568906.25,-19.894
1910569062.5,-19.89869
1910569218.75,-19.90129
1910569375.0,-19.9019
1910569531.25,-19.90302
1910569687.5,-19.90629
1910569843.75,-19.90998
1910570000.0,-19.91166
1910570156.25,-19.91299
1910570312.5,-19.91701
1910570468.75,-19.91957
1910570625.0,-19.9208
1910570781.25,-19.92314
1910570937.5,-19.92526
1910571093.75,-19.92785
1910571250.0,-19.93011
1910571406.25,-19.9318
1910571562.5,-19.933
1910571718.75,-19.93825
1910571875.0,-19.94151
1910572031.25,-19.9407
1910572187.5,-19.94375
1910572343.75,-19.94699
1910572500.0,-19.947
1910572656.25,-19.95127
1910572812.5,-19.95393
1910572968.75,-19.95603
1910573125.0,-19.9565
1910573281.25,-19.96069
1910573437.5,-19.96282
1910573593.75,-19.96387
1910573750.0,-19.96587
1910573906.25,-19.96769
1910574062.5,-19.97095
1910574218.75,-19.97397
1910574375.0,-19.97682
1910574531.25,-19.97774
1910574687.5,-19.97911
1910574843.75,-19.9823
1910575000.0,-19.98432
1910575156.25,-19.98668
1910575312.5,-19.98952
1910575468.75,-19.99054
1910575625.0,-19.99651
1910575781.25,-19.99747
1910575937.5,-19.9973
1910576093.75,-20.00196
1910576250.0,-20.0015
1910576406.25,-20.00456
1910576562.5,-20.0078
1910576718.75,-20.00895
1910576875.0,-20.01294
1910577031.25,-20.01639
1910577187.5,-20.01609
1910577343.75,-20.02021
1910577500.0,-20.02181
1910577656.25,-20.02294
1910577812.5,-20.02553
1910577968.75,-20.0287
1910578125.0,-20.03062
1910578281.25,-20.03259
1910578437.5,-20.03265
1910578593.75,-20.03832
1910578750.0,-20.03746
1910578906.25,-20.04105
1910579062.5,-20.04646
1910579218.75,-20.04526
1910579375.0,-20.04947
1910579531.25,-20.05059
1910579687.5,-20.05289
1910579843.75,-20.05568
1910580000.0,-20.05661
1910580156.25,-20.05918
1910580312.5,-20.06114
1910580468.75,-20.06441
1910580625.0,-20.0677
1910580781.25,-20.0671
1910580937.5,-20.07063
1910581093.75,-20.07357
1910581250.0,-20.07488
1910581406.25,-20.07795
1910581562.5,-20.0791
1910581718.75,-20.08225
1910581875.0,-20.08266
1910582031.25,-20.08719
1910582187.5,-20.08945
1910582343.75,-20.09094
1910582500.0,-20.09517
1910582656.25,-20.09534
1910582812.5,-20.09803
1910582968.75,-20.09872
1910583125.0,-20.10184
1910583281.25,-20.10629
1910583437.5,-20.10655
1910583593.75,-20.10747
1910583750.0,-20.11033
1910583906.25,-20.11604
1910584062.5,-20.11694
1910584218.75,-20.11735
1910584375.0,-20.12136
1910584531.25,-20.12267
1910584687.5,-20.12413
1910584843.75,-20.13024
1910585000.0,-20.12943
1910585156.25,-20.13091
1910585312.5,-20.13531
1910585468.75,-20.13503
1910585625.0,-20.13767
1910585781.25,-20.14052
1910585937.5,-20.14444
1910586093.75,-20.14664
1910586250.0,-20.14716
1910586406.25,-20.15028
1910586562.5,-20.15374
1910586718.75,-20.15273
1910586875.0,-20.15611
1910587031.25,-20.15762
1910587187.5,-20.16043
1910587343.75,-20.16363
1910587500.0,-20.16525
1910587656.25,-20.169
1910587812.5,-20.1687
1910587968.75,-20.1718
1910588125.0,-20.17412
1910588281.25,-20.17719
1910588437.5,-20.17893
1910588593.75,-20.18233
1910588750.0,-20.18223
1910588906.25,-20.18649
1910589062.5,-20.19003
1910589218.75,-20.18896
1910589375.0,-20.19271
1910589531.25,-20.19419
1910589687.5,-20.19828
1910589843.75,-20.20026
1910590000.0,-20.20225
1910590156.25,-20.20471
1910590312.5,-20.20405
1910590468.75,-20.20803
1910590625.0,-20.21183
1910590781.25,-20.21254
1910590937.5,-20.21447
1910591093.75,-20.21792
1910591250.0,-20.22019
1910591406.25,-20.22239
1910591562.5,-20.22444
1910591718.75,-20.22622
1910591875.0,-20.2277
1910592031.25,-20.23002
1910592187.5,-20.23289
1910592343.75,-20.23573
1910592500.0,-20.23627
1910592656.25,-20.23992
1910592812.5,-20.24241
1910592968.75,-20.24408
1910593125.0,-20.2464
1910593281.25,-20.24848
1910593437.5,-20.25147
1910593593.75,-20.25237
1910593750.0,-20.2539
1910593906.25,-20.25754
1910594062.5,-20.25971
1910594218.75,-20.26278
1910594375.0,-20.26478
1910594531.25,-20.26576
1910594687.5,-20.26644
1910594843.75,-20.27107
1910595000.0,-20.272
1910595156.25,-20.27551
1910595312.5,-20.27792
1910595468.75,-20.27888
1910595625.0,-20.2823
1910595781.25,-20.28183
1910595937.5,-20.28602
1910596093.75,-20.28746
1910596250.0,-20.29079
1910596406.25,-20.2932
1910596562.5,-20.29639
1910596718.75,-20.29805
1910596875.0,-20.30044
1910597031.25,-20.29924
1910597187.5,-20.30225
1910597343.75,-20.30575
1910597500.0,-20.30654
1910597656.25,-20.31057
1910597812.5,-20.31365
1910597968.75,-20.31543
1910598125.0,-20.31651
1910598281.25,-20.31739
1910598437.5,-20.32263
1910598593.75,-20.32262
1910598750.0,-20.32529
1910598906.25,-20.32877
1910599062.5,-20.33049
1910599218.75,-20.33191
1910599375.0,-20.33456
1910599531.25,-20.33745
1910599687.5,-20.3379
1910599843.75,-20.33871
1910600000.0,-20.34403
1910600156.25,-20.3463
1910600312.5,-20.34699
1910600468.75,-20.34957
1910600625.0,-20.35382
1910600781.25,-20.35437
1910600937.5,-20.35584
1910601093.75,-20.35975
1910601250.0,-20.36098
1910601406.25,-20.36325
1910601562.5,-20.36445
1910601718.75,-20.36617
1910601875.0,-20.3695
1910602031.25,-20.37167
1910602187.5,-20.37317
1910602343.75,-20.37657
1910602500.0,-20.37699
1910602656.25,-20.38058
1910602812.5,-20.38107
1910602968.75,-20.38558
1910603125.0,-20.38863
1910603281.25,-20.38902
1910603437.5,-20.39171
1910603593.75,-20.39229
1910603750.0,-20.39585
1910603906.25,-20.3976
1910604062.5,-20.40158
1910604218.75,-20.40172
1910604375.0,-20.40352
1910604531.25,-20.4072
1910604687.5,-20.40897
1910604843.75,-20.41134
1910605000.0,-20.4122
1910605156.25,-20.41514
1910605312.5,-20.41862
1910605468.75,-20.41871
1910605625.0,-20.42064
1910605781.25,-20.42531
1910605937.5,-20.42732
1910606093.75,-20.42933
1910606250.0,-20.4311
1910606406.25,-20.4322
1910606562.5,-20.43429
1910606718.75,-20.43685
1910606875.0,-20.43795
1910607031.25,-20.4416
1910607187.5,-20.4432
1910607343.75,-20.44731
1910607500.0,-20.44695
1910607656.25,-20.4513
1910607812.5,-20.45228
1910607968.75,-20.45573
1910608125.0,-20.45449
1910608281.25,-20.45847
1910608437.5,-20.46103
1910608593.75,-20.46344
1910608750.0,-20.46607
1910608906.25,-20.46719
1910609062.5,-20.46919
1910609218.75,-20.47167
1910609375.0,-20.47316
1910609531.25,-20.47671
1910609687.5,-20.4799
1910609843.75,-20.48061
1910610000.0,-20.4831
1910610156.25,-20.48474
1910610312.5,-20.48722
1910610468.75,-20.48969
1910610625.0,-20.49129
1910610781.25,-20.49379
1910610937.5,-20.49717
1910611093.75,-20.49998
1910611250.0,-20.49962
1910611406.25,-20.50327
1910611562.5,-20.5042
1910611718.75,-20.50579
1910611875.0,-20.50988
1910612031.25,-20.51164
1910612187.5,-20.51599
1910612343.75,-20.51518
1910612500.0,-20.51679
1910612656.25,-20.51902
1910612812.5,-20.52049
1910612968.75,-20.52406
1910613125.0,-20.52682
1910613281.25,-20.52923
1910613437.5,-20.53139
1910613593.75,-20.53256
1910613750.0,-20.53448
1910613906.25,-20.53611
1910614062.5,-20.53951
1910614218.75,-20.54121
1910614375.0,-20.54368
1910614531.25,-20.54697
1910614687.5,-20.54762
1910614843.75,-20.55021
1910615000.0,-20.55217
1910615156.25,-20.5535
1910615312.5,-20.5564
1910615468.75,-20.55676
1910615625.0,-20.55852
1910615781.25,-20.56361
1910615937.5,-20.5644
1910616093.75,-20.56724
1910616250.0,-20.56821
1910616406.25,-20.57065
1910616562.5,-20.57544
1910616718.75,-20.57641
1910616875.0,-20.57669
1910617031.25,-20.58023
1910617187.5,-20.58302
1910617343.75,-20.58475
1910617500.0,-20.58652
1910617656.25,-20.5885
1910617812.5,-20.59048
1910617968.75,-20.59203
1910618125.0,-20.59464
1910618281.25,-20.59539
1910618437.5,-20.59964
1910618593.75,-20.60297
1910618750.0,-20.60458
1910618906.25,-20.60629
1910619062.5,-20.60872
1910619218.75,-20.60991
1910619375.0,-20.6114
1910619531.25,-20.61558
1910619687.5,-20.61842
1910619843.75,-20.61959
1910620000.0,-20.61947
1910620156.25,-20.62403
1910620312.5,-20.62622
1910620468.75,-20.62614
1910620625.0,-20.62887
1910620781.25,-20.62964
1910620937.5,-20.63383
1910621093.75,-20.63601
1910621250.0,-20.63841
1910621406.25,-20.64081
1910621562.5,-20.64301
1910621718.75,-20.64549
1910621875.0,-20.64721
1910622031.25,-20.6484
1910622187.5,-20.65145
1910622343.75,-20.6527
1910622500.0,-20.65568
1910622656.25,-20.6566
1910622812.5,-20.66036
1910622968.75,-20.66049
1910623125.0,-20.66381
1910623281.25,-20.66797
1910623437.5,-20.66735
1910623593.75,-20.67157
1910623750.0,-20.67381
1910623906.25,-20.6748
1910624062.5,-20.67499
1910624218.75,-20.6812
1910624375.0,-20.68143
1910624531.25,-20.68262
1910624687.5,-20.68433
1910624843.75,-20.6869
1910625000.0,-20.6867
1910625156.25,-20.69209
1910625312.5,-20.69244
1910625468.75,-20.69583
1910625625.0,-20.69724
1910625781.25,-20.69821
1910625937.5,-20.70086
1910626093.75,-20.7038
1910626250.0,-20.70665
1910626406.25,-20.70865
1910626562.5,-20.71016
1910626718.75,-20.71344
1910626875.0,-20.71433
1910627031.25,-20.7183
1910627187.5,-20.72037
1910627343.75,-20.72175
1910627500.0,-20.72349
1910627656.25,-20.72541
1910627812.5,-20.72623
1910627968.75,-20.73026
1910628125.0,-20.731
1910628281.25,-20.73252
1910628437.5,-20.73724
1910628593.75,-20.73868
1910628750.0,-20.74029
1910628906.25,-20.73966
1910629062.5,-20.74465
1910629218.75,-20.74631
1910629375.0,-20.74933
1910629531.25,-20.75162
1910629687.5,-20.75181
1910629843.75,-20.75387
1910630000.0,-20.75663
1910630156.25,-20.75942
1910630312.5,-20.76142
1910630468.75,-20.76219
1910630625.0,-20.76584
1910630781.25,-20.76561
1910630937.5,-20.76839
1910631093.75,-20.7743
1910631250.0,-20.77479
1910631406.25,-20.7761
1910631562.5,-20.7781
1910631718.75,-20.78018
1910631875.0,-20.78232
1910632031.25,-20.78322
1910632187.5,-20.78568
1910632343.75,-20.78747
1910632500.0,-20.78957
1910632656.25,-20.79193
1910632812.5,-20.79427
1910632968.75,-20.79707
1910633125.0,-20.79834
1910633281.25,-20.802
1910633437.5,-20.80198
1910633593.75,-20.80582
1910633750.0,-20.80763
1910633906.25,-20.8101
1910634062.5,-20.81173
1910634218.75,-20.81425
1910634375.0,-20.8162
1910634531.25,-20.81753
1910634687.5,-20.82118
1910634843.75,-20.82144
1910635000.0,-20.82555
1910635156.25,-20.82585
1910635312.5,-20.82899
1910635468.75,-20.83076
1910635625.0,-20.83142
1910635781.25,-20.83446
1910635937.5,-20.83712
1910636093.75,-20.83849
1910636250.0,-20.84121
1910636406.25,-20.84076
1910636562.5,-20.84519
1910636718.75,-20.84648
1910636875.0,-20.85087
1910637031.25,-20.85066
1910637187.5,-20.85382
1910637343.75,-20.85397
1910637500.0,-20.8574
1910637656.25,-20.86022
1910637812.5,-20.86256
1910637968.75,-20.86418
1910638125.0,-20.86435
1910638281.25,-20.86884
1910638437.5,-20.86858
1910638593.75,-20.87314
1910638750.0,-20.8742
1910638906.25,-20.8766
1910639062.5,-20.87899
1910639218.75,-20.87896
1910639375.0,-20.88269
1910639531.25,-20.88334
1910639687.5,-20.88708
1910639843.75,-20.88914
1910640000.0,-20.89375
1910640156.25,-20.89297
1910640312.5,-20.8939
1910640468.75,-20.89867
1910640625.0,-20.89828
1910640781.25,-20.90195
1910640937.5,-20.90331
1910641093.75,-20.90686
1910641250.0,-20.90671
1910641406.25,-20.90923
1910641562.5,-20.91041
1910641718.75,-20.91168
1910641875.0,-20.91624
1910642031.25,-20.91659
1910642187.5,-20.92066
1910642343.75,-20.92252
1910642500.0,-20.92428
1910642656.25,-20.92686
1910642812.5,-20.92778
1910642968.75,-20.93022
1910643125.0,-20.93024
1910643281.25,-20.93525
1910643437.5,-20.93603
1910643593.75,-20.93749
1910643750.0,-20.93982
1910643906.25,-20.94306
1910644062.5,-20.94397
1910644218.75,-20.94581
1910644375.0,-20.94743
1910644531.25,-20.94977
1910644687.5,-20.95239
1910644843.75,-20.95653
1910645000.0,-20.95584
1910645156.25,-20.95868
1910645312.5,-20.96142
1910645468.75,-20.96132
1910645625.0,-20.96411
1910645781.25,-20.96684
1910645937.5,-20.96746
1910646093.75,-20.97194
1910646250.0,-20.97359
1910646406.25,-20.97425
1910646562.5,-20.9771
1910646718.75,-20.98034
1910646875.0,-20.98084
1910647031.25,-20.98218
1910647187.5,-20.98653
1910647343.75,-20.98919
1910647500.0,-20.99156
1910647656.25,-20.99237
1910647812.5,-20.99422
1910647968.75,-20.99703
1910648125.0,-20.99679
1910648281.25,-21.0006
1910648437.5,-21.00186
1910648593.75,-21.00416
1910648750.0,-21.00615
1910648906.25,-21.00902
1910649062.5,-21.00984
1910649218.75,-21.01296
1910649375.0,-21.01474
1910649531.25,-21.01675
1910649687.5,-21.01769
1910649843.75,-21.02068
1910650000.0,-21.02235
1910650156.25,-21.02372
1910650312.5,-21.02694
1910650468.75,-21.02967
1910650625.0,-21.03067
1910650781.25,-21.0319
1910650937.5,-21.03507
1910651093.75,-21.03842
1910651250.0,-21.04076
1910651406.25,-21.03973
1910651562.5,-21.04337
1910651718.75,-21.04414
1910651875.0,-21.04673
1910652031.25,-21.04886
1910652187.5,-21.05126
1910652343.75,-21.05364
1910652500.0,-21.05396
1910652656.25,-21.05679
1910652812.5,-21.06008
1910652968.75,-21.06192
1910653125.0,-21.06333
1910653281.25,-21.06663
1910653437.5,-21.06564
1910653593.75,-21.0679
1910653750.0,-21.07212
1910653906.25,-21.07524
1910654062.5,-21.07522
1910654218.75,-21.07787
1910654375.0,-21.07972
1910654531.25,-21.08021
1910654687.5,-21.08309
1910654843.75,-21.08684
1910655000.0,-21.08896
1910655156.25,-21.08961
1910655312.5,-21.09274
1910655468.75,-21.09385
1910655625.0,-21.09732
1910655781.25,-21.09695
1910655937.5,-21.10012
1910656093.75,-21.10181
1910656250.0,-21.10572
1910656406.25,-21.10376
1910656562.5,-21.10785
1910656718.75,-21.11228
1910656875.0,-21.11358
1910657031.25,-21.11446
1910657187.5,-21.11714
1910657343.75,-21.1178
1910657500.0,-21.12124
1910657656.25,-21.12367
1910657812.5,-21.12502
1910657968.75,-21.12825
1910658125.0,-21.12904
1910658281.25,-21.12799
1910658437.5,-21.13324
1910658593.75,-21.13613
1910658750.0,-21.13696
1910658906.25,-21.13975
1910659062.5,-21.14182
1910659218.75,-21.14372
1910659375.0,-21.14486
1910659531.25,-21.14714
1910659687.5,-21.14753
1910659843.75,-21.15036
1910660000.0,-21.15172
1910660156.25,-21.15331
1910660312.5,-21.15801
1910660468.75,-21.15896
1910660625.0,-21.16097
1910660781.25,-21.16437
1910660937.5,-21.16352
1910661093.75,-21.16656
1910661250.0,-21.16936
1910661406.25,-21.17087
1910661562.5,-21.17131
1910661718.75,-21.17455
1910661875.0,-21.18042
1910662031.25,-21.17867
1910662187.5,-21.18131
1910662343.75,-21.18219
1910662500.0,-21.1848
1910662656.25,-21.18467
1910662812.5,-21.19088
1910662968.75,-21.19083
1910663125.0,-21.19362
1910663281.25,-21.19525
1910663437.5,-21.19721
1910663593.75,-21.19979
1910663750.0,-21.2016
1910663906.25,-21.20401
1910664062.5,-21.20666
1910664218.75,-21.20701
1910664375.0,-21.20991
1910664531.25,-21.21162
1910664687.5,-21.21379
1910664843.75,-21.21518
1910665000.0,-21.21696
1910665156.25,-21.21929
1910665312.5,-21.22048
1910665468.75,-21.22438
1910665625.0,-21.22435
1910665781.25,-21.22785
1910665937.5,-21.22984
1910666093.75,-21.23014
1910666250.0,-21.23223
1910666406.25,-21.23576
1910666562.5,-21.23847
1910666718.75,-21.23996
1910666875.0,-21.24101
1910667031.25,-21.2424
1910667187.5,-21.24533
1910667343.75,-21.24617
1910667500.0,-21.24918
1910667656.25,-21.25115
1910667812.5,-21.25427
1910667968.75,-21.25533
1910668125.0,-21.25695
1910668281.25,-21.26096
1910668437.5,-21.262
1910668593.75,-21.26384
1910668750.0,-21.26605
1910668906.25,-21.26581
1910669062.5,-21.26985
1910669218.75,-21.27317
1910669375.0,-21.27395
1910669531.25,-21.27655
1910669687.5,-21.27784
1910669843.75,-21.2789
1910670000.0,-21.28048
1910670156.25,-21.28337
1910670312.5,-21.28418
1910670468.75,-21.28836
1910670625.0,-21.289
1910670781.25,-21.29187
1910670937.5,-21.29175
1910671093.75,-21.29557
1910671250.0,-21.29655
1910671406.25,-21.29914
1910671562.5,-21.30301
1910671718.75,-21.30627
1910671875.0,-21.30466
1910672031.25,-21.30737
1910672187.5,-21.30696
1910672343.75,-21.30914
1910672500.0,-21.31357
1910672656.25,-21.31364
1910672812.5,-21.31701
1910672968.75,-21.31885
1910673125.0,-21.32129
1910673281.25,-21.32504
1910673437.5,-21.32536
1910673593.75,-21.32635
1910673750.0,-21.32855
1910673906.25,-21.33206
1910674062.5,-21.33311
1910674218.75,-21.33574
1910674375.0,-21.33728
1910674531.25,-21.33826
1910674687.5,-21.34062
1910674843.75,-21.34302
1910675000.0,-21.34634
1910675156.25,-21.34564
1910675312.5,-21.34732
1910675468.75,-21.35231
1910675625.0,-21.35212
1910675781.25,-21.35622
1910675937.5,-21.3559
1910676093.75,-21.35981
1910676250.0,-21.36233
1910676406.25,-21.36267
1910676562.5,-21.3651
1910676718.75,-21.36691
1910676875.0,-21.36849
1910677031.25,-21.36938
1910677187.5,-21.37177
1910677343.75,-21.37485
1910677500.0,-21.37483
1910677656.25,-21.37926
1910677812.5,-21.37938
1910677968.75,-21.37999
1910678125.0,-21.38283
1910678281.25,-21.38705
1910678437.5,-21.38939
1910678593.75,-21.38912
1910678750.0,-21.39247
1910678906.25,-21.39545
1910679062.5,-21.39786
1910679218.75,-21.39736
1910679375.0,-21.40104
1910679531.25,-21.40156
1910679687.5,-21.40299
1910679843.75,-21.4063
1910680000.0,-21.40641
1910680156.25,-21.41004
1910680312.5,-21.41209
1910680468.75,-21.41402
1910680625.0,-21.41578
1910680781.25,-21.41734
1910680937.5,-21.41896
1910681093.75,-21.42169
1910681250.0,-21.42383
1910681406.25,-21.42578
1910681562.5,-21.42708
1910681718.75,-21.42919
1910681875.0,-21.43063
1910682031.25,-21.43503
1910682187.5,-21.43563
1910682343.75,-21.43934
1910682500.0,-21.43916
1910682656.25,-21.44128
1910682812.5,-21.4413
1910682968.75,-21.44494
1910683125.0,-21.44758
1910683281.25,-21.45018
1910683437.5,-21.45095
1910683593.75,-21.45285
1910683750.0,-21.45581
1910683906.25,-21.45955
1910684062.5,-21.45791
1910684218.75,-21.46087
1910684375.0,-21.46341
1910684531.25,-21.46548
1910684687.5,-21.46876
1910684843.75,-21.46948
1910685000.0,-21.4721
1910685156.25,-21.47604
1910685312.5,-21.47568
1910685468.75,-21.47515
1910685625.0,-21.4782
1910685781.25,-21.48234
1910685937.5,-21.4838
1910686093.75,-21.48266
1910686250.0,-21.48657
1910686406.25,-21.48713
1910686562.5,-21.49109
1910686718.75,-21.49285
1910686875.0,-21.49317
1910687031.25,-21.49543
1910687187.5,-21.49904
1910687343.75,-21.4987
1910687500.0,-21.50147
1910687656.25,-21.50414
1910687812.5,-21.50507
1910687968.75,-21.50746
1910688125.0,-21.50864
1910688281.25,-21.51196
1910688437.5,-21.51326
1910688593.75,-21.51502
1910688750.0,-21.51426
1910688906.25,-21.51938
1910689062.5,-21.52043
1910689218.75,-21.52454
1910689375.0,-21.52428
1910689531.25,-21.52734
1910689687.5,-21.52967
1910689843.75,-21.53061
1910690000.0,-21.53299
1910690156.25,-21.53496
1910690312.5,-21.53773
1910690468.75,-21.53954
1910690625.0,-21.54104
1910690781.25,-21.54421
1910690937.5,-21.54458
1910691093.75,-21.54542
1910691250.0,-21.54939
1910691406.25,-21.54944
1910691562.5,-21.5546
1910691718.75,-21.55445
1910691875.0,-21.55569
1910692031.25,-21.55995
1910692187.5,-21.55951
1910692343.75,-21.56096
1910692500.0,-21.56439
1910692656.25,-21.56862
1910692812.5,-21.56757
1910692968.75,-21.56965
1910693125.0,-21.57116
1910693281.25,-21.57543
1910693437.5,-21.57472
1910693593.75,-21.57785
1910693750.0,-21.58009
1910693906.25,-21.58311
1910694062.5,-21.58255
1910694218.75,-21.58517
1910694375.0,-21.58601
1910694531.25,-21.58964
1910694687.5,-21.5907
1910694843.75,-21.59575
1910695000.0,-21.5963
1910695156.25,-21.59748
1910695312.5,-21.59671
1910695468.75,-21.60139
1910695625.0,-21.60216
1910695781.25,-21.60151
1910695937.5,-21.60579
1910696093.75,-21.60928
1910696250.0,-21.61144
1910696406.25,-21.61169
1910696562.5,-21.61251
1910696718.75,-21.61572
1910696875.0,-21.61816
1910697031.25,-21.62068
1910697187.5,-21.62177
1910697343.75,-21.62231
1910697500.0,-21.62734
1910697656.25,-21.62642
1910697812.5,-21.62883
1910697968.75,-21.63201
1910698125.0,-21.63401
1910698281.25,-21.63644
1910698437.5,-21.63696
1910698593.75,-21.64007
1910698750.0,-21.64077
1910698906.25,-21.64534
1910699062.5,-21.64536
1910699218.75,-21.64591
1910699375.0,-21.65079
1910699531.25,-21.65076
1910699687.5,-21.65203
1910699843.75,-21.65448
1910700000.0,-21.65767
1910700156.25,-21.65738
1910700312.5,-21.6589
1910700468.75,-21.66281
1910700625.0,-21.66238
1910700781.25,-21.66715
1910700937.5,-21.6669
1910701093.75,-21.67157
1910701250.0,-21.67109
1910701406.25,-21.67312
1910701562.5,-21.67691
1910701718.75,-21.67505
1910701875.0,-21.68022
1910702031.25,-21.68171
1910702187.5,-21.68474
1910702343.75,-21.68574
1910702500.0,-21.68552
1910702656.25,-21.68877
1910702812.5,-21.68917
1910702968.75,-21.6937
1910703125.0,-21.69387
1910703281.25,-21.6967
1910703437.5,-21.70029
1910703593.75,-21.69829
1910703750.0,-21.70055
1910703906.25,-21.70461
1910704062.5,-21.70422
1910704218.75,-21.70683
1910704375.0,-21.70833
1910704531.25,-21.7118
1910704687.5,-21.71316
1910704843.75,-21.71645
1910705000.0,-21.71626
1910705156.25,-21.71906
1910705312.5,-21.72198
1910705468.75,-21.7225
1910705625.0,-21.72342
1910705781.25,-21.72722
1910705937.5,-21.72919
1910706093.75,-21.73041
1910706250.0,-21.73336
1910706406.25,-21.73372
1910706562.5,-21.73564
1910706718.75,-21.73731
1910706875.0,-21.74156
1910707031.25,-21.74455
1910707187.5,-21.74434
1910707343.75,-21.74607
1910707500.0,-21.74956
1910707656.25,-21.74806
1910707812.5,-21.75305
1910707968.75,-21.75373
1910708125.0,-21.75602
1910708281.25,-21.7576
1910708437.5,-21.75858
1910708593.75,-21.76096
1910708750.0,-21.76216
1910708906.25,-21.76245
1910709062.5,-21.7663
1910709218.75,-21.7676
1910709375.0,-21.77189
1910709531.25,-21.77138
1910709687.5,-21.7728
1910709843.75,-21.7764
1910710000.0,-21.77978
1910710156.25,-21.78132
1910710312.5,-21.78199
1910710468.75,-21.78394
1910710625.0,-21.78862
1910710781.25,-21.78705
1910710937.5,-21.78829
1910711093.75,-21.79186
1910711250.0,-21.79453
1910711406.25,-21.79345
1910711562.5,-21.79677
1910711718.75,-21.79974
1910711875.0,-21.80015
1910712031.25,-21.80326
1910712187.5,-21.80483
1910712343.75,-21.80694
1910712500.0,-21.80672
1910712656.25,-21.8098
1910712812.5,-21.81245
1910712968.75,-21.81539
1910713125.0,-21.81643
1910713281.25,-21.81818
1910713437.5,-21.8196
1910713593.75,-21.81934
1910713750.0,-21.8236
1910713906.25,-21.82629
1910714062.5,-21.82817
1910714218.75,-21.829
1910714375.0,-21.83055
1910714531.25,-21.83296
1910714687.5,-21.83521
1910714843.75,-21.83508
1910715000.0,-21.83662
1910715156.25,-21.84075
1910715312.5,-21.84447
1910715468.75,-21.84331
1910715625.0,-21.84547
1910715781.25,-21.84411
1910715937.5,-21.84989
1910716093.75,-21.85059
1910716250.0,-21.85283
1910716406.25,-21.85541
1910716562.5,-21.85989
1910716718.75,-21.86043
1910716875.0,-21.86216
1910717031.25,-21.8632
1910717187.5,-21.86417
1910717343.75,-21.86611
1910717500.0,-21.87225
1910717656.25,-21.87084
1910717812.5,-21.87278
1910717968.75,-21.87254
1910718125.0,-21.87573
1910718281.25,-21.8771
1910718437.5,-21.87921
1910718593.75,-21.87844
1910718750.0,-21.88223
1910718906.25,-21.88425
1910719062.5,-21.88464
1910719218.75,-21.88916
1910719375.0,-21.89086
1910719531.25,-21.89097
1910719687.5,-21.89536
1910719843.75,-21.89605
1910720000.0,-21.89783
1910720156.25,-21.90131
1910720312.5,-21.9017
1910720468.75,-21.90399
1910720625.0,-21.90704
1910720781.25,-21.90429
1910720937.5,-21.90804
1910721093.75,-21.91174
1910721250.0,-21.91372
1910721406.25,-21.91467
1910721562.5,-21.91381
1910721718.75,-21.91977
1910721875.0,-21.92313
1910722031.25,-21.92343
1910722187.5,-21.92402
1910722343.75,-21.92527
1910722500.0,-21.92725
1910722656.25,-21.93181
1910722812.5,-21.93309
1910722968.75,-21.93324
1910723125.0,-21.9341
1910723281.25,-21.93663
1910723437.5,-21.93988
1910723593.75,-21.94047
1910723750.0,-21.94362
1910723906.25,-21.94514
1910724062.5,-21.94782
1910724218.75,-21.94996
1910724375.0,-21.95158
1910724531.25,-21.95344
1910724687.5,-21.95527
1910724843.75,-21.95473
1910725000.0,-21.95764
1910725156.25,-21.9592
1910725312.5,-21.96115
1910725468.75,-21.96257
1910725625.0,-21.96618
1910725781.25,-21.96691
1910725937.5,-21.96979
1910726093.75,-21.97062
1910726250.0,-21.9735
1910726406.25,-21.97348
1910726562.5,-21.97677
1910726718.75,-21.97772
1910726875.0,-21.97853
1910727031.25,-21.98137
1910727187.5,-21.98365
1910727343.75,-21.98338
1910727500.0,-21.98907
1910727656.25,-21.9899
1910727812.5,-21.99112
1910727968.75,-21.99372
1910728125.0,-21.99456
1910728281.25,-21.99637
1910728437.5,-21.99908
1910728593.75,-22.00001
1910728750.0,-22.00144
1910728906.25,-22.0024
1910729062.5,-22.00635
1910729218.75,-22.00741
1910729375.0,-22.00857
1910729531.25,-22.01094
1910729687.5,-22.01364
1910729843.75,-22.01562
1910730000.0,-22.01639
1910730156.25,-22.01691
1910730312.5,-22.01934
1910730468.75,-22.02159
1910730625.0,-22.02379
1910730781.25,-22.0258
1910730937.5,-22.02954
1910731093.75,-22.03009
1910731250.0,-22.03125
1910731406.25,-22.03345
1910731562.5,-22.03501
1910731718.75,-22.03642
1910731875.0,-22.03765
1910732031.25,-22.04058
1910732187.5,-22.04316
1910732343.75,-22.04568
1910732500.0,-22.04631
1910732656.25,-22.0495
1910732812.5,-22.0483
1910732968.75,-22.05092
1910733125.0,-22.0533
1910733281.25,-22.05523
1910733437.5,-22.05656
1910733593.75,-22.06083
1910733750.0,-22.06054
1910733906.25,-22.06337
1910734062.5,-22.06375
1910734218.75,-22.06473
1910734375.0,-22.06742
1910734531.25,-22.07017
1910734687.5,-22.07051
1910734843.75,-22.07338
1910735000.0,-22.07496
1910735156.25,-22.0789
1910735312.5,-22.08131
1910735468.75,-22.08009
1910735625.0,-22.08508
1910735781.25,-22.08283
1910735937.5,-22.0878
1910736093.75,-22.08924
1910736250.0,-22.09038
1910736406.25,-22.09114
1910736562.5,-22.09609
1910736718.75,-22.09631
1910736875.0,-22.09806
1910737031.25,-22.09873
1910737187.5,-22.10052
1910737343.75,-22.10277
1910737500.0,-22.10507
1910737656.25,-22.10717
1910737812.5,-22.10928
1910737968.75,-22.11136
1910738125.0,-22.11252
1910738281.25,-22.11559
1910738437.5,-22.11547
1910738593.75,-22.11797
1910738750.0,-22.12019
1910738906.25,-22.12111
1910739062.5,-22.125
1910739218.75,-22.12472
1910739375.0,-22.12654
1910739531.25,-22.12913
1910739687.5,-22.12923
1910739843.75,-22.1326
1910740000.0,-22.13304
1910740156.25,-22.13579
1910740312.5,-22.13625
1910740468.75,-22.13983
1910740625.0,-22.14046
1910740781.25,-22.1422
1910740937.5,-22.14359
1910741093.75,-22.14418
1910741250.0,-22.14935
1910741406.25,-22.15394
1910741562.5,-22.15104
1910741718.75,-22.1547
1910741875.0,-22.15486
1910742031.25,-22.1581
1910742187.5,-22.15905
1910742343.75,-22.16039
1910742500.0,-22.1646
1910742656.25,-22.16379
1910742812.5,-22.1668
1910742968.75,-22.16521
1910743125.0,-22.16761
1910743281.25,-22.17008
1910743437.5,-22.17393
1910743593.75,-22.17571
1910743750.0,-22.17679
1910743906.25,-22.1792
1910744062.5,-22.18007
1910744218.75,-22.18287
1910744375.0,-22.18696
1910744531.25,-22.18734
1910744687.5,-22.18938
1910744843.75,-22.19077
1910745000.0,-22.19097
1910745156.25,-22.1932
1910745312.5,-22.19663
1910745468.75,-22.19871
1910745625.0,-22.19607
1910745781.25,-22.20144
1910745937.5,-22.20342
1910746093.75,-22.20498
1910746250.0,-22.20529
1910746406.25,-22.20658
1910746562.5,-22.20948
1910746718.75,-22.21201
1910746875.0,-22.21303
1910747031.25,-22.21588
1910747187.5,-22.21797
1910747343.75,-22.21505
1910747500.0,-22.2212
1910747656.25,-22.22433
1910747812.5,-22.22516
1910747968.75,-22.22734
1910748125.0,-22.22845
1910748281.25,-22.23106
1910748437.5,-22.23172
1910748593.75,-22.23229
1910748750.0,-22.23377
1910748906.25,-22.23624
1910749062.5,-22.23949
1910749218.75,-22.23944
1910749375.0,-22.24145
1910749531.25,-22.2439
1910749687.5,-22.24517
1910749843.75,-22.24719
1910750000.0,-22.24764
1910750156.25,-22.25308
1910750312.5,-22.25349
1910750468.75,-22.25607
1910750625.0,-22.25846
1910750781.25,-22.25955
1910750937.5,-22.25995
1910751093.75,-22.26365
1910751250.0,-22.26384
1910751406.25,-22.26471
1910751562.5,-22.27077
1910751718.75,-22.26926
1910751875.0,-22.27017
1910752031.25,-22.27474
1910752187.5,-22.27392
1910752343.75,-22.2781
1910752500.0,-22.27729
1910752656.25,-22.27985
1910752812.5,-22.28092
1910752968.75,-22.28447
1910753125.0,-22.2842
1910753281.25,-22.28793
1910753437.5,-22.28915
1910753593.75,-22.29027
1910753750.0,-22.29342
1910753906.25,-22.29489
1910754062.5,-22.29864
1910754218.75,-22.29706
1910754375.0,-22.29826
1910754531.25,-22.30174
1910754687.5,-22.30412
1910754843.75,-22.30483
1910755000.0,-22.30632
1910755156.25,-22.31042
1910755312.5,-22.30959
1910755468.75,-22.31306
1910755625.0,-22.31416
1910755781.25,-22.31664
1910755937.5,-22.31804
1910756093.75,-22.31894
1910756250.0,-22.31847
1910756406.25,-22.32109
1910756562.5,-22.32412
1910756718.75,-22.32574
1910756875.0,-22.32648
1910757031.25,-22.33071
1910757187.5,-22.33123
1910757343.75,-22.33402
1910757500.0,-22.33477
1910757656.25,-22.33523
1910757812.5,-22.33899
1910757968.75,-22.34077
1910758125.0,-22.34277
1910758281.25,-22.34428
1910758437.5,-22.34516
1910758593.75,-22.35151
1910758750.0,-22.34941
1910758906.25,-22.35235
1910759062.5,-22.35215
1910759218.75,-22.35482
1910759375.0,-22.35707
1910759531.25,-22.35851
1910759687.5,-22.36113
1910759843.75,-22.36195
1910760000.0,-22.36412
1910760156.25,-22.36512
1910760312.5,-22.36569
1910760468.75,-22.37016
1910760625.0,-22.3707
1910760781.25,-22.37273
1910760937.5,-22.37401
1910761093.75,-22.37674
1910761250.0,-22.37767
1910761406.25,-22.3799
1910761562.5,-22.38083
1910761718.75,-22.38344
1910761875.0,-22.38626
1910762031.25,-22.38686
1910762187.5,-22.38949
1910762343.75,-22.39082
1910762500.0,-22.39321
1910762656.25,-22.39279
1910762812.5,-22.39764
1910762968.75,-22.39845
1910763125.0,-22.40014
1910763281.25,-22.40129
1910763437.5,-22.40316
1910763593.75,-22.40611
1910763750.0,-22.404
1910763906.25,-22.40964
1910764062.5,-22.40901
1910764218.75,-22.41169
1910764375.0,-22.41213
1910764531.25,-22.41528
1910764687.5,-22.41524
1910764843.75,-22.41814
1910765000.0,-22.42062
1910765156.25,-22.4216
1910765312.5,-22.42478
1910765468.75,-22.42503
1910765625.0,-22.42609
1910765781.25,-22.43011
1910765937.5,-22.43065
1910766093.75,-22.43156
1910766250.0,-22.43522
1910766406.25,-22.43842
1910766562.5,-22.4398
1910766718.75,-22.44176
1910766875.0,-22.4409
1910767031.25,-22.44497
1910767187.5,-22.44527
1910767343.75,-22.44528
1910767500.0,-22.44902
1910767656.25,-22.45161
1910767812.5,-22.45135
1910767968.75,-22.45385
1910768125.0,-22.45457
1910768281.25,-22.45839
1910768437.5,-22.45968
1910768593.75,-22.46131
1910768750.0,-22.46307
1910768906.25,-22.46424
1910769062.5,-22.46766
1910769218.75,-22.46793
1910769375.0,-22.47103
1910769531.25,-22.47205
1910769687.5,-22.47258
1910769843.75,-22.47618
1910770000.0,-22.47851
1910770156.25,-22.47864
1910770312.5,-22.48181
1910770468.75,-22.47999
1910770625.0,-22.4854
1910770781.25,-22.4854
1910770937.5,-22.48598
1910771093.75,-22.48852
1910771250.0,-22.49314
1910771406.25,-22.49324
1910771562.5,-22.49458
1910771718.75,-22.49629
1910771875.0,-22.49836
1910772031.25,-22.49932
1910772187.5,-22.49891
1910772343.75,-22.50299
1910772500.0,-22.50289
1910772656.25,-22.50823
1910772812.5,-22.50775
1910772968.75,-22.5076
1910773125.0,-22.5108
1910773281.25,-22.51337
1910773437.5,-22.51308
1910773593.75,-22.5159
1910773750.0,-22.51931
1910773906.25,-22.52062
1910774062.5,-22.52276
1910774218.75,-22.52299
1910774375.0,-22.52616
1910774531.25,-22.5267
1910774687.5,-22.53023
1910774843.75,-22.53056
1910775000.0,-22.53128
1910775156.25,-22.53461
1910775312.5,-22.53333
1910775468.75,-22.53902
1910775625.0,-22.54026
1910775781.25,-22.54207
1910775937.5,-22.54006
1910776093.75,-22.54477
1910776250.0,-22.54502
1910776406.25,-22.54946
1910776562.5,-22.5491
1910776718.75,-22.55061
1910776875.0,-22.55264
1910777031.25,-22.55626
1910777187.5,-22.55571
1910777343.75,-22.55869
1910777500.0,-22.56109
1910777656.25,-22.5612
1910777812.5,-22.5642
1910777968.75,-22.56404
1910778125.0,-22.56764
1910778281.25,-22.56813
1910778437.5,-22.57085
1910778593.75,-22.57099
1910778750.0,-22.57156
1910778906.25,-22.57668
1910779062.5,-22.5762
1910779218.75,-22.58108
1910779375.0,-22.58144
1910779531.25,-22.58403
1910779687.5,-22.58475
1910779843.75,-22.58647
1910780000.0,-22.58808
1910780156.25,-22.59191
1910780312.5,-22.59239
1910780468.75,-22.59274
1910780625.0,-22.5963
1910780781.25,-22.59513
1910780937.5,-22.59876
1910781093.75,-22.60031
1910781250.0,-22.60192
1910781406.25,-22.60158
1910781562.5,-22.60765
1910781718.75,-22.60703
1910781875.0,-22.60958
1910782031.25,-22.61094
1910782187.5,-22.61325
1910782343.75,-22.61523
1910782500.0,-22.61557
1910782656.25,-22.61784
1910782812.5,-22.62064
1910782968.75,-22.62131
1910783125.0,-22.62005
1910783281.25,-22.62488
1910783437.5,-22.62456
1910783593.75,-22.62788
1910783750.0,-22.62855
1910783906.25,-22.63228
1910784062.5,-22.63263
1910784218.75,-22.63585
1910784375.0,-22.63549
1910784531.25,-22.63932
1910784687.5,-22.63974
1910784843.75,-22.6381
1910785000.0,-22.64478
1910785156.25,-22.6479
1910785312.5,-22.64761
1910785468.75,-22.64806
1910785625.0,-22.64807
1910785781.25,-22.65188
1910785937.5,-22.65312
1910786093.75,-22.65556
1910786250.0,-22.65681
1910786406.25,-22.65787
1910786562.5,-22.66018
1910786718.75,-22.66371
1910786875.0,-22.66262
1910787031.25,-22.66607
1910787187.5,-22.66652
1910787343.75,-22.66953
1910787500.0,-22.67135
1910787656.25,-22.66993
1910787812.5,-22.67473
1910787968.75,-22.67446
1910788125.0,-22.67864
1910788281.25,-22.68024
1910788437.5,-22.68123
1910788593.75,-22.68246
1910788750.0,-22.68331
1910788906.25,-22.68651
1910789062.5,-22.68698
1910789218.75,-22.69138
1910789375.0,-22.68986
1910789531.25,-22.69388
1910789687.5,-22.69411
1910789843.75,-22.69756
1910790000.0,-22.69748
1910790156.25,-22.69995
1910790312.5,-22.70122
1910790468.75,-22.70296
1910790625.0,-22.70429
1910790781.25,-22.70928
1910790937.5,-22.70776
1910791093.75,-22.71167
1910791250.0,-22.71199
1910791406.25,-22.71532
1910791562.5,-22.71809
1910791718.75,-22.71814
1910791875.0,-22.71581
1910792031.25,-22.71904
1910792187.5,-22.72261
1910792343.75,-22.72686
1910792500.0,-22.72523
1910792656.25,-22.7275
1910792812.5,-22.72941
1910792968.75,-22.73001
1910793125.0,-22.73193
1910793281.25,-22.73287
1910793437.5,-22.73371
1910793593.75,-22.73661
1910793750.0,-22.73845
1910793906.25,-22.73908
1910794062.5,-22.74388
1910794218.75,-22.74405
1910794375.0,-22.74759
1910794531.25,-22.74528
1910794687.5,-22.7506
1910794843.75,-22.75132
1910795000.0,-22.75274
1910795156.25,-22.75554
1910795312.5,-22.75745
1910795468.75,-22.75882
1910795625.0,-22.76169
1910795781.25,-22.76064
1910795937.5,-22.76345
1910796093.75,-22.76716
1910796250.0,-22.76805
1910796406.25,-22.76607
1910796562.5,-22.7696
1910796718.75,-22.76999
1910796875.0,-22.77156
1910797031.25,-22.77476
1910797187.5,-22.77645
1910797343.75,-22.77818
1910797500.0,-22.778
1910797656.25,-22.78054
1910797812.5,-22.78308
1910797968.75,-22.78309
1910798125.0,-22.78839
1910798281.25,-22.78811
1910798437.5,-22.79108
1910798593.75,-22.7916
1910798750.0,-22.79174
1910798906.25,-22.79612
1910799062.5,-22.79792
1910799218.75,-22.79931
1910799375.0,-22.79997
1910799531.25,-22.80219
1910799687.5,-22.80293
1910799843.75,-22.80449
1910800000.0,-22.8092
1910800156.25,-22.80954
1910800312.5,-22.80943
1910800468.75,-22.81185
1910800625.0,-22.81354
1910800781.25,-22.81569
1910800937.5,-22.81632
1910801093.75,-22.81879
1910801250.0,-22.81988
1910801406.25,-22.82273
1910801562.5,-22.82415
1910801718.75,-22.82619
1910801875.0,-22.82623
1910802031.25,-22.82948
1910802187.5,-22.83106
1910802343.75,-22.83254
1910802500.0,-22.83236
1910802656.25,-22.83684
1910802812.5,-22.83754
1910802968.75,-22.83902
1910803125.0,-22.83911
1910803281.25,-22.84166
1910803437.5,-22.84246
1910803593.75,-22.84481
1910803750.0,-22.84587
1910803906.25,-22.8502
1910804062.5,-22.84941
1910804218.75,-22.85105
1910804375.0,-22.85414
1910804531.25,-22.85508
1910804687.5,-22.85894
1910804843.75,-22.86048
1910805000.0,-22.85927
1910805156.25,-22.86241
1910805312.5,-22.86286
1910805468.75,-22.86791
1910805625.0,-22.86598
1910805781.25,-22.86802
1910805937.5,-22.86946
1910806093.75,-22.87245
1910806250.0,-22.8768
1910806406.25,-22.87423
1910806562.5,-22.87762
1910806718.75,-22.87813
1910806875.0,-22.88359
1910807031.25,-22.88311
1910807187.5,-22.88254
1910807343.75,-22.88868
1910807500.0,-22.8885
1910807656.25,-22.88989
1910807812.5,-22.89168
1910807968.75,-22.89325
1910808125.0,-22.89399
1910808281.25,-22.89748
1910808437.5,-22.8981
1910808593.75,-22.9006
1910808750.0,-22.90235
1910808906.25,-22.90472
1910809062.5,-22.90356
1910809218.75,-22.90585
1910809375.0,-22.90738
1910809531.25,-22.91048
1910809687.5,-22.90961
1910809843.75,-22.91257
1910810000.0,-22.91423
1910810156.25,-22.91709
1910810312.5,-22.9186
1910810468.75,-22.91731
1910810625.0,-22.92185
1910810781.25,-22.92256
1910810937.5,-22.92488
1910811093.75,-22.92737
1910811250.0,-22.92897
1910811406.25,-22.92868
1910811562.5,-22.93258
1910811718.75,-22.93188
1910811875.0,-22.93271
1910812031.25,-22.93682
1910812187.5,-22.93655
1910812343.75,-22.93944
1910812500.0,-22.94159
1910812656.25,-22.94408
1910812812.5,-22.94731
1910812968.75,-22.94656
1910813125.0,-22.94735
1910813281.25,-22.94798
1910813437.5,-22.95194
1910813593.75,-22.95422
1910813750.0,-22.95149
1910813906.25,-22.95508
1910814062.5,-22.95939
1910814218.75,-22.95836
1910814375.0,-22.95995
1910814531.25,-22.96197
1910814687.5,-22.96533
1910814843.75,-22.9685
1910815000.0,-22.96788
1910815156.25,-22.96895
1910815312.5,-22.97303
1910815468.75,-22.97257
1910815625.0,-22.97354
1910815781.25,-22.97773
1910815937.5,-22.97775
1910816093.75,-22.97841
1910816250.0,-22.98112
1910816406.25,-22.98355
1910816562.5,-22.98399
1910816718.75,-22.98783
1910816875.0,-22.98778
1910817031.25,-22.98977
1910817187.5,-22.9936
1910817343.75,-22.99343
1910817500.0,-22.99293
1910817656.25,-22.99622
1910817812.5,-22.99802
1910817968.75,-22.99966
1910818125.0,-23.00077
1910818281.25,-23.00661
1910818437.5,-23.00307
1910818593.75,-23.00465
1910818750.0,-23.00556
1910818906.25,-23.00818
1910819062.5,-23.00887
1910819218.75,-23.01119
1910819375.0,-23.01469
1910819531.25,-23.01315
1910819687.5,-23.01597
1910819843.75,-23.0214
1910820000.0,-23.02025
1910820156.25,-23.02268
1910820312.5,-23.02516
1910820468.75,-23.02458
1910820625.0,-23.02887
1910820781.25,-23.02996
1910820937.5,-23.02875
1910821093.75,-23.03395
1910821250.0,-23.03273
1910821406.25,-23.03603
1910821562.5,-23.03744
1910821718.75,-23.03745
1910821875.0,-23.04031
1910822031.25,-23.0432
1910822187.5,-23.04346
1910822343.75,-23.04548
1910822500.0,-23.04759
1910822656.25,-23.05009
1910822812.5,-23.04966
1910822968.75,-23.0513
1910823125.0,-23.05448
1910823281.25,-23.05461
1910823437.5,-23.05763
1910823593.75,-23.05905
1910823750.0,-23.05874
1910823906.25,-23.06315
1910824062.5,-23.06551
1910824218.75,-23.06364
1910824375.0,-23.06588
1910824531.25,-23.06908
1910824687.5,-23.06841
1910824843.75,-23.07028
1910825000.0,-23.07272
1910825156.25,-23.07286
1910825312.5,-23.0776
1910825468.75,-23.07823
1910825625.0,-23.0794
1910825781.25,-23.08246
1910825937.5,-23.08288
1910826093.75,-23.08657
1910826250.0,-23.08586
1910826406.25,-23.09022
1910826562.5,-23.09089
1910826718.75,-23.09175
1910826875.0,-23.09183
1910827031.25,-23.0956
1910827187.5,-23.09638
1910827343.75,-23.09895
1910827500.0,-23.09892
1910827656.25,-23.0998
1910827812.5,-23.10405
1910827968.75,-23.10717
1910828125.0,-23.10408
1910828281.25,-23.10738
1910828437.5,-23.10919
1910828593.75,-23.11243
1910828750.0,-23.11202
1910828906.25,-23.11428
1910829062.5,-23.11437
1910829218.75,-23.11464
1910829375.0,-23.12051
1910829531.25,-23.1192
1910829687.5,-23.12252
1910829843.75,-23.1233
1910830000.0,-23.12685
1910830156.25,-23.12781
1910830312.5,-23.12957
1910830468.75,-23.12891
1910830625.0,-23.12955
1910830781.25,-23.13589
1910830937.5,-23.13616
1910831093.75,-23.13419
1910831250.0,-23.13947
1910831406.25,-23.14011
1910831562.5,-23.14174
1910831718.75,-23.14547
1910831875.0,-23.1444
1910832031.25,-23.1464
1910832187.5,-23.14776
1910832343.75,-23.15058
1910832500.0,-23.14963
1910832656.25,-23.15564
1910832812.5,-23.15616
1910832968.75,-23.15608
1910833125.0,-23.16029
1910833281.25,-23.15932
1910833437.5,-23.1622
1910833593.75,-23.16371
1910833750.0,-23.16477
1910833906.25,-23.16738
1910834062.5,-23.167
1910834218.75,-23.168
1910834375.0,-23.16951
1910834531.25,-23.17307
1910834687.5,-23.17471
1910834843.75,-23.17497
1910835000.0,-23.17832
1910835156.25,-23.17982
1910835312.5,-23.18239
1910835468.75,-23.18203
1910835625.0,-23.18497
1910835781.25,-23.18435
1910835937.5,-23.18891
1910836093.75,-23.18889
1910836250.0,-23.19074
1910836406.25,-23.1921
1910836562.5,-23.19105
1910836718.75,-23.19582
1910836875.0,-23.19701
1910837031.25,-23.19867
1910837187.5,-23.19968
1910837343.75,-23.20282
1910837500.0,-23.20271
1910837656.25,-23.20312
1910837812.5,-23.20635
1910837968.75,-23.20689
1910838125.0,-23.21183
1910838281.25,-23.20927
1910838437.5,-23.21169
1910838593.75,-23.21547
1910838750.0,-23.21855
1910838906.25,-23.21629
1910839062.5,-23.22092
1910839218.75,-23.21955
1910839375.0,-23.22245
1910839531.25,-23.22634
1910839687.5,-23.22751
1910839843.75,-23.22677
1910840000.0,-23.22959
1910840156.25,-23.22893
1910840312.5,-23.23251
1910840468.75,-23.2331
1910840625.0,-23.23909
1910840781.25,-23.23707
1910840937.5,-23.24027
1910841093.75,-23.24112
1910841250.0,-23.24436
1910841406.25,-23.24307
1910841562.5,-23.24508
1910841718.75,-23.24564
1910841875.0,-23.24832
1910842031.25,-23.24977
1910842187.5,-23.25304
1910842343.75,-23.25364
1910842500.0,-23.25496
1910842656.25,-23.25771
1910842812.5,-23.26031
1910842968.75,-23.25987
1910843125.0,-23.26153
1910843281.25,-23.26323
1910843437.5,-23.26607
1910843593.75,-23.26713
1910843750.0,-23.27034
1910843906.25,-23.26892
1910844062.5,-23.27159
1910844218.75,-23.27128
1910844375.0,-23.27367
1910844531.25,-23.274
1910844687.5,-23.27699
1910844843.75,-23.27872
1910845000.0,-23.28301
1910845156.25,-23.28286
1910845312.5,-23.28552
1910845468.75,-23.28798
1910845625.0,-23.28465
1910845781.25,-23.28969
1910845937.5,-23.28869
1910846093.75,-23.2918
1910846250.0,-23.29416
1910846406.25,-23.29398
1910846562.5,-23.29484
1910846718.75,-23.29836
1910846875.0,-23.30021
1910847031.25,-23.30012
1910847187.5,-23.30435
1910847343.75,-23.30303
1910847500.0,-23.3081
1910847656.25,-23.30743
1910847812.5,-23.31031
1910847968.75,-23.30966
1910848125.0,-23.31254
1910848281.25,-23.31466
1910848437.5,-23.31556
1910848593.75,-23.31907
1910848750.0,-23.32012
1910848906.25,-23.31897
1910849062.5,-23.32321
1910849218.75,-23.32475
1910849375.0,-23.32546
1910849531.25,-23.32757
1910849687.5,-23.32867
1910849843.75,-23.33156
1910850000.0,-23.3332
1910850156.25,-23.33452
1910850312.5,-23.33393
1910850468.75,-23.33736
1910850625.0,-23.34067
1910850781.25,-23.33954
1910850937.5,-23.34129
1910851093.75,-23.34365
1910851250.0,-23.34567
1910851406.25,-23.34361
1910851562.5,-23.35003
1910851718.75,-23.35157
1910851875.0,-23.35321
1910852031.25,-23.35115
1910852187.5,-23.35397
1910852343.75,-23.35471
1910852500.0,-23.35773
1910852656.25,-23.35874
1910852812.5,-23.36099
1910852968.75,-23.36488
1910853125.0,-23.36326
1910853281.25,-23.36539
1910853437.5,-23.36795
1910853593.75,-23.36898
1910853750.0,-23.36934
1910853906.25,-23.3716
1910854062.5,-23.37364
1910854218.75,-23.37413
1910854375.0,-23.37772
1910854531.25,-23.37841
1910854687.5,-23.38138
1910854843.75,-23.38286
1910855000.0,-23.38293
1910855156.25,-23.38658
1910855312.5,-23.38441
1910855468.75,-23.38552
1910855625.0,-23.38856
1910855781.25,-23.39003
1910855937.5,-23.39292
1910856093.75,-23.39451
1910856250.0,-23.39732
1910856406.25,-23.39834
1910856562.5,-23.39701
1910856718.75,-23.40009
1910856875.0,-23.40485
1910857031.25,-23.40252
1910857187.5,-23.40274
1910857343.75,-23.40653
1910857500.0,-23.4098
1910857656.25,-23.4118
1910857812.5,-23.41288
1910857968.75,-23.41171
1910858125.0,-23.41425
1910858281.25,-23.41472
1910858437.5,-23.41771
1910858593.75,-23.42196
1910858750.0,-23.42166
1910858906.25,-23.42028
1910859062.5,-23.42305
1910859218.75,-23.42537
1910859375.0,-23.42813
1910859531.25,-23.42761
1910859687.5,-23.43257
1910859843.75,-23.43273
1910860000.0,-23.43472
1910860156.25,-23.43378
1910860312.5,-23.43618
1910860468.75,-23.43684
1910860625.0,-23.44078
1910860781.25,-23.44027
1910860937.5,-23.44183
1910861093.75,-23.44681
1910861250.0,-23.44571
1910861406.25,-23.44721
1910861562.5,-23.44975
1910861718.75,-23.45209
1910861875.0,-23.4529
1910862031.25,-23.4551
1910862187.5,-23.45667
1910862343.75,-23.455
1910862500.0,-23.45848
1910862656.25,-23.46214
1910862812.5,-23.46307
1910862968.75,-23.46336
1910863125.0,-23.46368
1910863281.25,-23.46869
1910863437.5,-23.46998
1910863593.75,-23.46788
1910863750.0,-23.47425
1910863906.25,-23.474
1910864062.5,-23.4752
1910864218.75,-23.47822
1910864375.0,-23.47888
1910864531.25,-23.47961
1910864687.5,-23.4813
1910864843.75,-23.48277
1910865000.0,-23.48419
1910865156.25,-23.48804
1910865312.5,-23.48601
1910865468.75,-23.48768
1910865625.0,-23.49328
1910865781.25,-23.49214
1910865937.5,-23.4933
1910866093.75,-23.49474
1910866250.0,-23.49693
1910866406.25,-23.4992
1910866562.5,-23.49899
1910866718.75,-23.50075
1910866875.0,-23.50395
1910867031.25,-23.50479
1910867187.5,-23.50494
1910867343.75,-23.50823
1910867500.0,-23.50859
1910867656.25,-23.51114
1910867812.5,-23.51253
1910867968.75,-23.51294
1910868125.0,-23.51685
1910868281.25,-23.51703
1910868437.5,-23.52071
1910868593.75,-23.51863
1910868750.0,-23.52315
1910868906.25,-23.52462
1910869062.5,-23.52679
1910869218.75,-23.52807
1910869375.0,-23.52624
1910869531.25,-23.52884
1910869687.5,-23.53201
1910869843.75,-23.53228
1910870000.0,-23.5332
1910870156.25,-23.53772
1910870312.5,-23.53925
1910870468.75,-23.53926
1910870625.0,-23.54052
1910870781.25,-23.5397
1910870937.5,-23.54384
1910871093.75,-23.54738
1910871250.0,-23.54756
1910871406.25,-23.55035
1910871562.5,-23.55003
1910871718.75,-23.55181
1910871875.0,-23.55417
1910872031.25,-23.55413
1910872187.5,-23.55515
1910872343.75,-23.55864
1910872500.0,-23.56151
1910872656.25,-23.55942
1910872812.5,-23.56472
1910872968.75,-23.5625
1910873125.0,-23.56722
1910873281.25,-23.56707
1910873437.5,-23.57108
1910873593.75,-23.56941
1910873750.0,-23.57172
1910873906.25,-23.57409
1910874062.5,-23.5753
1910874218.75,-23.57861
1910874375.0,-23.57795
1910874531.25,-23.57796
1910874687.5,-23.58299
1910874843.75,-23.58355
1910875000.0,-23.58479
1910875156.25,-23.58631
1910875312.5,-23.58672
1910875468.75,-23.5879
1910875625.0,-23.5896
1910875781.25,-23.59052
1910875937.5,-23.59045
1910876093.75,-23.59427
1910876250.0,-23.60007
1910876406.25,-23.59503
1910876562.5,-23.59784
1910876718.75,-23.60041
1910876875.0,-23.60159
1910877031.25,-23.60196
1910877187.5,-23.60561
1910877343.75,-23.60911
1910877500.0,-23.60848
1910877656.25,-23.60766
1910877812.5,-23.61289
1910877968.75,-23.6148
1910878125.0,-23.61378
1910878281.25,-23.61553
1910878437.5,-23.61966
1910878593.75,-23.62078
1910878750.0,-23.62038
1910878906.25,-23.6195
1910879062.5,-23.62398
1910879218.75,-23.62518
1910879375.0,-23.62845
1910879531.25,-23.62905
1910879687.5,-23.62634
1910879843.75,-23.6311
1910880000.0,-23.63308
1910880156.25,-23.63465
1910880312.5,-23.63578
1910880468.75,-23.63666
1910880625.0,-23.63849
1910880781.25,-23.63953
1910880937.5,-23.64151
1910881093.75,-23.64374
1910881250.0,-23.6447
1910881406.25,-23.64619
1910881562.5,-23.64909
1910881718.75,-23.65083
1910881875.0,-23.65417
1910882031.25,-23.65571
1910882187.5,-23.65878
1910882343.75,-23.65658
1910882500.0,-23.65794
1910882656.25,-23.65881
1910882812.5,-23.66202
1910882968.75,-23.66167
1910883125.0,-23.66472
1910883281.25,-23.66378
1910883437.5,-23.66688
1910883593.75,-23.67026
1910883750.0,-23.67075
1910883906.25,-23.6713
1910884062.5,-23.67369
1910884218.75,-23.67412
1910884375.0,-23.67569
1910884531.25,-23.67775
1910884687.5,-23.68024
1910884843.75,-23.681
1910885000.0,-23.68266
1910885156.25,-23.68611
1910885312.5,-23.68777
1910885468.75,-23.68943
1910885625.0,-23.68954
1910885781.25,-23.68724
1910885937.5,-23.69433
1910886093.75,-23.69417
1910886250.0,-23.69413
1910886406.25,-23.69576
1910886562.5,-23.69782
1910886718.75,-23.69806
1910886875.0,-23.70251
1910887031.25,-23.70131
1910887187.5,-23.70288
1910887343.75,-23.70488
1910887500.0,-23.70715
1910887656.25,-23.71034
1910887812.5,-23.7074
1910887968.75,-23.71062
1910888125.0,-23.7111
1910888281.25,-23.71624
1910888437.5,-23.71642
1910888593.75,-23.71578
1910888750.0,-23.7213
1910888906.25,-23.71816
1910889062.5,-23.7241
1910889218.75,-23.72308
1910889375.0,-23.72284
1910889531.25,-23.72791
1910889687.5,-23.72711
1910889843.75,-23.72718
1910890000.0,-23.73223
1910890156.25,-23.73257
1910890312.5,-23.73368
1910890468.75,-23.73554
1910890625.0,-23.73922
1910890781.25,-23.7365
1910890937.5,-23.7418
1910891093.75,-23.74133
1910891250.0,-23.74386
1910891406.25,-23.74487
1910891562.5,-23.74604
1910891718.75,-23.74747
1910891875.0,-23.74713
1910892031.25,-23.75372
1910892187.5,-23.75145
1910892343.75,-23.75504
1910892500.0,-23.7558
1910892656.25,-23.7585
1910892812.5,-23.75827
1910892968.75,-23.76207
1910893125.0,-23.76266
1910893281.25,-23.76462
1910893437.5,-23.76521
1910893593.75,-23.76763
1910893750.0,-23.76751
1910893906.25,-23.77439
1910894062.5,-23.76968
1910894218.75,-23.77171
1910894375.0,-23.77308
1910894531.25,-23.77399
1910894687.5,-23.77802
1910894843.75,-23.7789
1910895000.0,-23.7794
1910895156.25,-23.78161
1910895312.5,-23.7814
1910895468.75,-23.78298
1910895625.0,-23.78649
1910895781.25,-23.79052
1910895937.5,-23.78995
1910896093.75,-23.78856
1910896250.0,-23.79146
1910896406.25,-23.79515
1910896562.5,-23.79779
1910896718.75,-23.7931
1910896875.0,-23.80071
1910897031.25,-23.80025
1910897187.5,-23.80018
1910897343.75,-23.80171
1910897500.0,-23.80682
1910897656.25,-23.80544
1910897812.5,-23.80769
1910897968.75,-23.81079
1910898125.0,-23.81
1910898281.25,-23.81273
1910898437.5,-23.8138
1910898593.75,-23.81347
1910898750.0,-23.81639
1910898906.25,-23.82005
1910899062.5,-23.82054
1910899218.75,-23.82148
1910899375.0,-23.82147
1910899531.25,-23.82496
1910899687.5,-23.82762
1910899843.75,-23.82968
1910900000.0,-23.82687
1910900156.25,-23.82791
1910900312.5,-23.83001
1910900468.75,-23.83366
1910900625.0,-23.83608
1910900781.25,-23.83724
1910900937.5,-23.84109
1910901093.75,-23.83674
1910901250.0,-23.84204
1910901406.25,-23.84183
1910901562.5,-23.84228
1910901718.75,-23.84647
1910901875.0,-23.84509
1910902031.25,-23.84663
1910902187.5,-23.84914
1910902343.75,-23.85078
1910902500.0,-23.8554
1910902656.25,-23.85522
1910902812.5,-23.85639
1910902968.75,-23.85575
1910903125.0,-23.85677
1910903281.25,-23.86192
1910903437.5,-23.85913
1910903593.75,-23.86317
1910903750.0,-23.86657
1910903906.25,-23.86554
1910904062.5,-23.86892
1910904218.75,-23.86995
1910904375.0,-23.86888
1910904531.25,-23.87389
1910904687.5,-23.87294
1910904843.75,-23.87441
1910905000.0,-23.87618
1910905156.25,-23.87784
1910905312.5,-23.8813
1910905468.75,-23.88055
1910905625.0,-23.88296
1910905781.25,-23.88401
1910905937.5,-23.88662
1910906093.75,-23.88857
1910906250.0,-23.89153
1910906406.25,-23.89003
1910906562.5,-23.894
1910906718.75,-23.8921
1910906875.0,-23.89366
1910907031.25,-23.89622
1910907187.5,-23.90099
1910907343.75,-23.89886
1910907500.0,-23.90027
1910907656.25,-23.90204
1910907812.5,-23.90619
1910907968.75,-23.90551
1910908125.0,-23.90743
1910908281.25,-23.90845
1910908437.5,-23.91079
1910908593.75,-23.91415
1910908750.0,-23.91167
1910908906.25,-23.91501
1910909062.5,-23.91531
1910909218.75,-23.91745
1910909375.0,-23.91866
1910909531.25,-23.91727
1910909687.5,-23.92203
1910909843.75,-23.92222
1910910000.0,-23.92439
1910910156.25,-23.92519
1910910312.5,-23.92905
1910910468.75,-23.9294
1910910625.0,-23.93087
1910910781.25,-23.93303
1910910937.5,-23.93307
1910911093.75,-23.93576
1910911250.0,-23.93482
1910911406.25,-23.93873
1910911562.5,-23.94001
1910911718.75,-23.94011
1910911875.0,-23.94304
1910912031.25,-23.94147
1910912187.5,-23.94541
1910912343.75,-23.95031
1910912500.0,-23.9468
1910912656.25,-23.95149
1910912812.5,-23.94965
1910912968.75,-23.95164
1910913125.0,-23.95405
1910913281.25,-23.95745
1910913437.5,-23.95744
1910913593.75,-23.95971
1910913750.0,-23.96226
1910913906.25,-23.96371
1910914062.5,-23.96578
1910914218.75,-23.96532
1910914375.0,-23.96708
1910914531.25,-23.96731
1910914687.5,-23.96971
1910914843.75,-23.96939
1910915000.0,-23.97084
1910915156.25,-23.97549
1910915312.5,-23.97469
1910915468.75,-23.97688
1910915625.0,-23.97794
1910915781.25,-23.98079
1910915937.5,-23.98445
1910916093.75,-23.98518
1910916250.0,-23.98629
1910916406.25,-23.98714
1910916562.5,-23.98928
1910916718.75,-23.98838
1910916875.0,-23.99251
1910917031.25,-23.99083
1910917187.5,-23.99343
1910917343.75,-23.99558
1910917500.0,-23.99552
1910917656.25,-23.99612
1910917812.5,-23.99996
1910917968.75,-23.9995
1910918125.0,-24.00395
1910918281.25,-24.00254
1910918437.5,-24.00589
1910918593.75,-24.00539
1910918750.0,-24.0077
1910918906.25,-24.01141
1910919062.5,-24.01168
1910919218.75,-24.01322
1910919375.0,-24.01151
1910919531.25,-24.01611
1910919687.5,-24.0174
1910919843.75,-24.01667
1910920000.0,-24.02103
1910920156.25,-24.02292
1910920312.5,-24.02186
1910920468.75,-24.0233
1910920625.0,-24.02391
1910920781.25,-24.02767
1910920937.5,-24.02775
1910921093.75,-24.03012
1910921250.0,-24.02976
1910921406.25,-24.03419
1910921562.5,-24.03432
1910921718.75,-24.03917
1910921875.0,-24.03714
1910922031.25,-24.03971
1910922187.5,-24.03926
1910922343.75,-24.04243
1910922500.0,-24.04526
1910922656.25,-24.04672
1910922812.5,-24.04665
1910922968.75,-24.04799
1910923125.0,-24.05215
1910923281.25,-24.05017
1910923437.5,-24.04905
1910923593.75,-24.05489
1910923750.0,-24.05643
1910923906.25,-24.05848
1910924062.5,-24.05751
1910924218.75,-24.0588
1910924375.0,-24.0622
1910924531.25,-24.06267
1910924687.5,-24.06283
1910924843.75,-24.06522
1910925000.0,-24.06751
1910925156.25,-24.07044
1910925312.5,-24.06829
1910925468.75,-24.07323
1910925625.0,-24.0746
1910925781.25,-24.07544
1910925937.5,-24.07468
1910926093.75,-24.0766
1910926250.0,-24.07764
1910926406.25,-24.08002
1910926562.5,-24.08166
1910926718.75,-24.08208
1910926875.0,-24.08525
1910927031.25,-24.08607
1910927187.5,-24.08704
1910927343.75,-24.08633
1910927500.0,-24.09009
1910927656.25,-24.09487
1910927812.5,-24.09231
1910927968.75,-24.09443
1910928125.0,-24.09644
1910928281.25,-24.09914
1910928437.5,-24.10219
1910928593.75,-24.099
1910928750.0,-24.10206
1910928906.25,-24.10594
1910929062.5,-24.10421
1910929218.75,-24.10834
1910929375.0,-24.11132
1910929531.25,-24.11006
1910929687.5,-24.11113
1910929843.75,-24.11265
1910930000.0,-24.11226
1910930156.25,-24.11506
1910930312.5,-24.11681
1910930468.75,-24.1178
1910930625.0,-24.12049
1910930781.25,-24.1218
1910930937.5,-24.12395
1910931093.75,-24.12259
1910931250.0,-24.12361
1910931406.25,-24.1253
1910931562.5,-24.12959
1910931718.75,-24.12966
1910931875.0,-24.13213
1910932031.25,-24.13222
1910932187.5,-24.13304
1910932343.75,-24.13783
1910932500.0,-24.13761
1910932656.25,-24.1393
1910932812.5,-24.13707
1910932968.75,-24.14039
1910933125.0,-24.14205
1910933281.25,-24.14267
1910933437.5,-24.14516
1910933593.75,-24.14826
1910933750.0,-24.14852
1910933906.25,-24.14981
1910934062.5,-24.15201
1910934218.75,-24.15423
1910934375.0,-24.15377
1910934531.25,-24.15813
1910934687.5,-24.1564
1910934843.75,-24.16128
1910935000.0,-24.15916
1910935156.25,-24.16253
1910935312.5,-24.16655
1910935468.75,-24.16387
1910935625.0,-24.1674
1910935781.25,-24.16836
1910935937.5,-24.16893
1910936093.75,-24.1697
1910936250.0,-24.17145
1910936406.25,-24.17439
1910936562.5,-24.17459
1910936718.75,-24.17659
1910936875.0,-24.17987
1910937031.25,-24.1789
1910937187.5,-24.18227
1910937343.75,-24.18128
1910937500.0,-24.18661
1910937656.25,-24.18584
1910937812.5,-24.18806
1910937968.75,-24.18734
1910938125.0,-24.19069
1910938281.25,-24.19034
1910938437.5,-24.19205
1910938593.75,-24.19633
1910938750.0,-24.19467
1910938906.25,-24.197
1910939062.5,-24.1984
1910939218.75,-24.1989
1910939375.0,-24.19967
1910939531.25,-24.20181
1910939687.5,-24.20511
1910939843.75,-24.20385
1910940000.0,-24.20607
1910940156.25,-24.20868
1910940312.5,-24.20946
1910940468.75,-24.20839
1910940625.0,-24.21183
1910940781.25,-24.2121
1910940937.5,-24.21502
1910941093.75,-24.21519
1910941250.0,-24.21996
1910941406.25,-24.21904
1910941562.5,-24.22392
1910941718.75,-24.22419
1910941875.0,-24.22632
1910942031.25,-24.22578
1910942187.5,-24.22827
1910942343.75,-24.22822
1910942500.0,-24.22873
1910942656.25,-24.23038
1910942812.5,-24.23395
1910942968.75,-24.23862
1910943125.0,-24.2382
1910943281.25,-24.23656
1910943437.5,-24.23858
1910943593.75,-24.24322
1910943750.0,-24.23977
1910943906.25,-24.24269
1910944062.5,-24.24517
1910944218.75,-24.24715
1910944375.0,-24.2484
1910944531.25,-24.24849
1910944687.5,-24.25146
1910944843.75,-24.25153
1910945000.0,-24.25278
1910945156.25,-24.25427
1910945312.5,-24.25658
1910945468.75,-24.25784
1910945625.0,-24.25974
1910945781.25,-24.26124
1910945937.5,-24.26225
1910946093.75,-24.26228
1910946250.0,-24.266
1910946406.25,-24.26614
1910946562.5,-24.27049
1910946718.75,-24.26826
1910946875.0,-24.27206
1910947031.25,-24.27403
1910947187.5,-24.27531
1910947343.75,-24.27463
1910947500.0,-24.27738
1910947656.25,-24.27737
1910947812.5,-24.27915
1910947968.75,-24.28098
1910948125.0,-24.28128
1910948281.25,-24.28362
1910948437.5,-24.28312
1910948593.75,-24.2883
1910948750.0,-24.28889
1910948906.25,-24.29023
1910949062.5,-24.29181
1910949218.75,-24.2922
1910949375.0,-24.29649
1910949531.25,-24.29619
1910949687.5,-24.29682
1910949843.75,-24.29703
1910950000.0,-24.30024
1910950156.25,-24.29832
1910950312.5,-24.29979
1910950468.75,-24.30356
1910950625.0,-24.30256
1910950781.25,-24.30766
1910950937.5,-24.30911
1910951093.75,-24.3094
1910951250.0,-24.31102
1910951406.25,-24.31256
1910951562.5,-24.31262
1910951718.75,-24.31401
1910951875.0,-24.31667
1910952031.25,-24.31455
1910952187.5,-24.31899
1910952343.75,-24.3198
1910952500.0,-24.32098
1910952656.25,-24.32535
1910952812.5,-24.32448
1910952968.75,-24.32696
1910953125.0,-24.32883
1910953281.25,-24.32567
1910953437.5,-24.33074
1910953593.75,-24.3352
1910953750.0,-24.33469
1910953906.25,-24.33504
1910954062.5,-24.33805
1910954218.75,-24.33706
1910954375.0,-24.34188
1910954531.25,-24.33865
1910954687.5,-24.34377
1910954843.75,-24.34284
1910955000.0,-24.34543
1910955156.25,-24.34514
1910955312.5,-24.34897
1910955468.75,-24.35024
1910955625.0,-24.34945
1910955781.25,-24.35545
1910955937.5,-24.35396
1910956093.75,-24.35642
1910956250.0,-24.35748
1910956406.25,-24.35797
1910956562.5,-24.35862
1910956718.75,-24.35831
1910956875.0,-24.36393
1910957031.25,-24.36302
1910957187.5,-24.3646
1910957343.75,-24.36627
1910957500.0,-24.36774
1910957656.25,-24.36889
1910957812.5,-24.37167
1910957968.75,-24.37206
1910958125.0,-24.37139
1910958281.25,-24.37959
1910958437.5,-24.37613
1910958593.75,-24.37763
1910958750.0,-24.38194
1910958906.25,-24.38324
1910959062.5,-24.38293
1910959218.75,-24.38495
1910959375.0,-24.38383
1910959531.25,-24.38706
1910959687.5,-24.38638
1910959843.75,-24.38521
1910960000.0,-24.38988
1910960156.25,-24.39305
1910960312.5,-24.3918
1910960468.75,-24.39388
1910960625.0,-24.39395
1910960781.25,-24.39928
1910960937.5,-24.40084
1910961093.75,-24.40057
1910961250.0,-24.40232
1910961406.25,-24.4038
1910961562.5,-24.40639
1910961718.75,-24.40652
1910961875.0,-24.40911
1910962031.25,-24.40835
1910962187.5,-24.40952
1910962343.75,-24.4108
1910962500.0,-24.41472
1910962656.25,-24.41774
1910962812.5,-24.41771
1910962968.75,-24.41439
1910963125.0,-24.41927
1910963281.25,-24.42168
1910963437.5,-24.42213
1910963593.75,-24.42052
1910963750.0,-24.42454
1910963906.25,-24.42521
1910964062.5,-24.42603
1910964218.75,-24.42784
1910964375.0,-24.42803
1910964531.25,-24.43148
1910964687.5,-24.43128
1910964843.75,-24.43301
1910965000.0,-24.43869
1910965156.25,-24.43545
1910965312.5,-24.44099
1910965468.75,-24.44214
1910965625.0,-24.44291
1910965781.25,-24.44353
1910965937.5,-24.44587
1910966093.75,-24.44575
1910966250.0,-24.44703
1910966406.25,-24.44672
1910966562.5,-24.44841
1910966718.75,-24.45113
1910966875.0,-24.45435
1910967031.25,-24.45385
1910967187.5,-24.45642
1910967343.75,-24.45528
1910967500.0,-24.45963
1910967656.25,-24.46009
1910967812.5,-24.46393
1910967968.75,-24.46085
1910968125.0,-24.46716
1910968281.25,-24.46585
1910968437.5,-24.46484
1910968593.75,-24.46681
1910968750.0,-24.4689
1910968906.25,-24.47098
1910969062.5,-24.47426
1910969218.75,-24.47325
1910969375.0,-24.47737
1910969531.25,-24.4778
1910969687.5,-24.47876
1910969843.75,-24.47901
1910970000.0,-24.48046
1910970156.25,-24.48193
1910970312.5,-24.48291
1910970468.75,-24.4836
1910970625.0,-24.48526
1910970781.25,-24.48711
1910970937.5,-24.48931
1910971093.75,-24.49112
1910971250.0,-24.49278
1910971406.25,-24.49083
1910971562.5,-24.49639
1910971718.75,-24.49634
1910971875.0,-24.49891
1910972031.25,-24.49795
1910972187.5,-24.50081
1910972343.75,-24.50399
1910972500.0,-24.50361
1910972656.25,-24.50431
1910972812.5,-24.50846
1910972968.75,-24.5062
1910973125.0,-24.50886
1910973281.25,-24.5088
1910973437.5,-24.50868
1910973593.75,-24.51372
1910973750.0,-24.51452
1910973906.25,-24.5164
1910974062.5,-24.51787
1910974218.75,-24.52143
1910974375.0,-24.51837
1910974531.25,-24.52247
1910974687.5,-24.52444
1910974843.75,-24.52319
1910975000.0,-24.52353
1910975156.25,-24.52718
1910975312.5,-24.52835
1910975468.75,-24.53126
1910975625.0,-24.53318
1910975781.25,-24.53439
1910975937.5,-24.53357
1910976093.75,-24.53712
1910976250.0,-24.53564
1910976406.25,-24.54074
1910976562.5,-24.53989
1910976718.75,-24.54087
1910976875.0,-24.54195
1910977031.25,-24.54471
1910977187.5,-24.54685
1910977343.75,-24.54586
1910977500.0,-24.55001
1910977656.25,-24.55031
1910977812.5,-24.55291
1910977968.75,-24.55097
1910978125.0,-24.55471
1910978281.25,-24.55756
1910978437.5,-24.55603
1910978593.75,-24.55587
1910978750.0,-24.55949
1910978906.25,-24.56182
1910979062.5,-24.5626
1910979218.75,-24.56327
1910979375.0,-24.5649
1910979531.25,-24.56435
1910979687.5,-24.56813
1910979843.75,-24.56791
1910980000.0,-24.5708
1910980156.25,-24.57243
1910980312.5,-24.57309
1910980468.75,-24.57754
1910980625.0,-24.57609
1910980781.25,-24.57674
1910980937.5,-24.57942
1910981093.75,-24.58104
1910981250.0,-24.58021
1910981406.25,-24.58457
1910981562.5,-24.58483
1910981718.75,-24.58447
1910981875.0,-24.58767
1910982031.25,-24.58969
1910982187.5,-24.59156
1910982343.75,-24.59395
1910982500.0,-24.59314
1910982656.25,-24.59503
1910982812.5,-24.5978
1910982968.75,-24.59641
1910983125.0,-24.59647
1910983281.25,-24.60029
1910983437.5,-24.60195
1910983593.75,-24.60382
1910983750.0,-24.60358
1910983906.25,-24.60344
1910984062.5,-24.60659
1910984218.75,-24.60788
1910984375.0,-24.60991
1910984531.25,-24.6104
1910984687.5,-24.61352
1910984843.75,-24.61147
1910985000.0,-24.61586
1910985156.25,-24.61814
1910985312.5,-24.6185
1910985468.75,-24.61879
1910985625.0,-24.62055
1910985781.25,-24.62218
1910985937.5,-24.62524
1910986093.75,-24.62489
1910986250.0,-24.62538
1910986406.25,-24.62755
1910986562.5,-24.62762
1910986718.75,-24.63003
1910986875.0,-24.63209
1910987031.25,-24.63133
1910987187.5,-24.63473
1910987343.75,-24.63698
1910987500.0,-24.63841
1910987656.25,-24.63932
1910987812.5,-24.63986
1910987968.75,-24.64079
1910988125.0,-24.64649
1910988281.25,-24.64431
1910988437.5,-24.6443
1910988593.75,-24.64703
1910988750.0,-24.64791
1910988906.25,-24.65029
1910989062.5,-24.64976
1910989218.75,-24.65259
1910989375.0,-24.6574
1910989531.25,-24.6567
1910989687.5,-24.65575
1910989843.75,-24.65726
1910990000.0,-24.65811
1910990156.25,-24.66234
1910990312.5,-24.65953
1910990468.75,-24.66142
1910990625.0,-24.66441
1910990781.25,-24.66534
1910990937.5,-24.66602
1910991093.75,-24.66916
1910991250.0,-24.66777
1910991406.25,-24.67072
1910991562.5,-24.6699
1910991718.75,-24.67338
1910991875.0,-24.67652
1910992031.25,-24.67659
1910992187.5,-24.67811
1910992343.75,-24.68015
1910992500.0,-24.6803
1910992656.25,-24.68345
1910992812.5,-24.68147
1910992968.75,-24.68727
1910993125.0,-24.68824
1910993281.25,-24.68806
1910993437.5,-24.68871
1910993593.75,-24.69075
1910993750.0,-24.69351
1910993906.25,-24.69322
1910994062.5,-24.69492
1910994218.75,-24.696
1910994375.0,-24.6972
1910994531.25,-24.69914
1910994687.5,-24.70166
1910994843.75,-24.70068
1910995000.0,-24.70583
1910995156.25,-24.70533
1910995312.5,-24.70581
1910995468.75,-24.70511
1910995625.0,-24.70813
1910995781.25,-24.71062
1910995937.5,-24.71174
1910996093.75,-24.71244
1910996250.0,-24.71408
1910996406.25,-24.71693
1910996562.5,-24.71804
1910996718.75,-24.71848
1910996875.0,-24.7198
1910997031.25,-24.71933
1910997187.5,-24.72323
1910997343.75,-24.7219
1910997500.0,-24.72498
1910997656.25,-24.72383
1910997812.5,-24.72833
1910997968.75,-24.72722
1910998125.0,-24.72842
1910998281.25,-24.73125
1910998437.5,-24.73399
1910998593.75,-24.73543
1910998750.0,-24.73363
1910998906.25,-24.73823
1910999062.5,-24.7374
1910999218.75,-24.73889
1910999375.0,-24.74012
1910999531.25,-24.74211
1910999687.5,-24.74513
1910999843.75,-24.74589
1911000000.0,-24.7455
1911000156.25,-24.74879
1911000312.5,-24.7503
1911000468.75,-24.75307
1911000625.0,-24.75374
1911000781.25,-24.75438
1911000937.5,-24.75568
1911001093.75,-24.75504
1911001250.0,-24.76015
1911001406.25,-24.75658
1911001562.5,-24.75875
1911001718.75,-24.76343
1911001875.0,-24.76157
1911002031.25,-24.76416
1911002187.5,-24.76487
1911002343.75,-24.77032
1911002500.0,-24.76845
1911002656.25,-24.76836
1911002812.5,-24.77227
1911002968.75,-24.77146
1911003125.0,-24.77359
1911003281.25,-24.77171
1911003437.5,-24.77586
1911003593.75,-24.78048
1911003750.0,-24.77993
1911003906.25,-24.7794
1911004062.5,-24.78336
1911004218.75,-24.78247
1911004375.0,-24.78524
1911004531.25,-24.78454
1911004687.5,-24.7901
1911004843.75,-24.78848
1911005000.0,-24.79035
1911005156.25,-24.79282
1911005312.5,-24.79238
1911005468.75,-24.79199
1911005625.0,-24.79542
1911005781.25,-24.79902
1911005937.5,-24.79958
1911006093.75,-24.80003
1911006250.0,-24.80405
1911006406.25,-24.79965
1911006562.5,-24.80596
1911006718.75,-24.80785
1911006875.0,-24.80502
1911007031.25,-24.80386
1911007187.5,-24.80936
1911007343.75,-24.81036
1911007500.0,-24.8143
1911007656.25,-24.81095
1911007812.5,-24.8133
1911007968.75,-24.81639
1911008125.0,-24.81588
1911008281.25,-24.81619
1911008437.5,-24.8159
1911008593.75,-24.82051
1911008750.0,-24.82351
1911008906.25,-24.82506
1911009062.5,-24.82469
1911009218.75,-24.82629
1911009375.0,-24.82919
1911009531.25,-24.83023
1911009687.5,-24.83068
1911009843.75,-24.83302
1911010000.0,-24.8317
1911010156.25,-24.83632
1911010312.5,-24.83629
1911010468.75,-24.83454
1911010625.0,-24.83784
1911010781.25,-24.84001
1911010937.5,-24.84011
1911011093.75,-24.84086
1911011250.0,-24.8453
1911011406.25,-24.84732
1911011562.5,-24.84938
1911011718.75,-24.84768
1911011875.0,-24.84799
1911012031.25,-24.85239
1911012187.5,-24.85173
1911012343.75,-24.85129
1911012500.0,-24.8534
1911012656.25,-24.85594
1911012812.5,-24.85858
1911012968.75,-24.85998
1911013125.0,-24.85837
1911013281.25,-24.86095
1911013437.5,-24.8623
1911013593.75,-24.86333
1911013750.0,-24.86572
1911013906.25,-24.86549
1911014062.5,-24.86641
1911014218.75,-24.86905
1911014375.0,-24.87099
1911014531.25,-24.8731
1911014687.5,-24.87296
1911014843.75,-24.87399
1911015000.0,-24.87485
1911015156.25,-24.87619
1911015312.5,-24.87841
1911015468.75,-24.88091
1911015625.0,-24.87934
1911015781.25,-24.88029
1911015937.5,-24.88195
1911016093.75,-24.88856
1911016250.0,-24.88731
1911016406.25,-24.88849
1911016562.5,-24.88783
1911016718.75,-24.89295
1911016875.0,-24.89005
1911017031.25,-24.89589
1911017187.5,-24.89494
1911017343.75,-24.89503
1911017500.0,-24.90014
1911017656.25,-24.8985
1911017812.5,-24.90101
1911017968.75,-24.90295
1911018125.0,-24.90269
1911018281.25,-24.90511
1911018437.5,-24.90512
1911018593.75,-24.90581
1911018750.0,-24.91029
1911018906.25,-24.90886
1911019062.5,-24.91042
1911019218.75,-24.91567
1911019375.0,-24.91263
1911019531.25,-24.91263
1911019687.5,-24.91497
1911019843.75,-24.91801
1911020000.0,-24.9195
1911020156.25,-24.92374
1911020312.5,-24.92363
1911020468.75,-24.92269
1911020625.0,-24.92446
1911020781.25,-24.9245
1911020937.5,-24.92688
1911021093.75,-24.92545
1911021250.0,-24.93083
1911021406.25,-24.93569
1911021562.5,-24.93358
1911021718.75,-24.93742
1911021875.0,-24.93474
1911022031.25,-24.9376
1911022187.5,-24.93851
1911022343.75,-24.93767
1911022500.0,-24.93998
1911022656.25,-24.94225
1911022812.5,-24.94664
1911022968.75,-24.94756
1911023125.0,-24.94659
1911023281.25,-24.94731
1911023437.5,-24.94945
1911023593.75,-24.95061
1911023750.0,-24.95107
1911023906.25,-24.95365
1911024062.5,-24.95189
1911024218.75,-24.95529
1911024375.0,-24.95873
1911024531.25,-24.95564
1911024687.5,-24.95881
1911024843.75,-24.96074
1911025000.0,-24.96119
1911025156.25,-24.96112
1911025312.5,-24.96604
1911025468.75,-24.9665
1911025625.0,-24.96772
1911025781.25,-24.96986
1911025937.5,-24.97029
1911026093.75,-24.96986
1911026250.0,-24.97369
1911026406.25,-24.97264
1911026562.5,-24.97687
1911026718.75,-24.976
1911026875.0,-24.97879
1911027031.25,-24.98037
1911027187.5,-24.98146
1911027343.75,-24.98545
1911027500.0,-24.98172
1911027656.25,-24.98592
1911027812.5,-24.98421
1911027968.75,-24.98511
1911028125.0,-24.98899
1911028281.25,-24.99082
1911028437.5,-24.99084
1911028593.75,-24.99302
1911028750.0,-24.99368
1911028906.25,-24.99693
1911029062.5,-24.99407
1911029218.75,-24.99779
1911029375.0,-24.9989
1911029531.25,-25.00024
1911029687.5,-25.00052
1911029843.75,-25.00245
1911030000.0,-25.00224
1911030156.25,-25.00309
1911030312.5,-25.00775
1911030468.75,-25.00686
1911030625.0,-25.0116
1911030781.25,-25.00912
1911030937.5,-25.01658
1911031093.75,-25.01595
1911031250.0,-25.01128
1911031406.25,-25.01642
1911031562.5,-25.018
1911031718.75,-25.01881
1911031875.0,-25.02011
1911032031.25,-25.02228
1911032187.5,-25.02295
1911032343.75,-25.02346
1911032500.0,-25.02738
1911032656.25,-25.02647
1911032812.5,-25.03087
1911032968.75,-25.02932
1911033125.0,-25.03222
1911033281.25,-25.03226
1911033437.5,-25.03482
1911033593.75,-25.03413
1911033750.0,-25.03836
1911033906.25,-25.03939
1911034062.5,-25.03832
1911034218.75,-25.04123
1911034375.0,-25.04182
1911034531.25,-25.04227
1911034687.5,-25.04299
1911034843.75,-25.04185
1911035000.0,-25.04749
1911035156.25,-25.04979
1911035312.5,-25.04675
1911035468.75,-25.04875
1911035625.0,-25.05284
1911035781.25,-25.05454
1911035937.5,-25.05284
1911036093.75,-25.05672
1911036250.0,-25.05737
1911036406.25,-25.05732
1911036562.5,-25.05979
1911036718.75,-25.06343
1911036875.0,-25.06319
1911037031.25,-25.06406
1911037187.5,-25.06284
1911037343.75,-25.06558
1911037500.0,-25.06685
1911037656.25,-25.07
1911037812.5,-25.06712
1911037968.75,-25.07368
1911038125.0,-25.07045
1911038281.25,-25.07867
1911038437.5,-25.07754
1911038593.75,-25.07383
1911038750.0,-25.07923
1911038906.25,-25.07839
1911039062.5,-25.07844
1911039218.75,-25.08357
1911039375.0,-25.08392
1911039531.25,-25.08396
1911039687.5,-25.08621
1911039843.75,-25.0893
1911040000.0,-25.09277
1911040156.25,-25.08784
1911040312.5,-25.09253
1911040468.75,-25.09404
1911040625.0,-25.09354
1911040781.25,-25.09049
1911040937.5,-25.0968
1911041093.75,-25.09787
1911041250.0,-25.10155
1911041406.25,-25.10463
1911041562.5,-25.09978
1911041718.75,-25.10308
1911041875.0,-25.10471
1911042031.25,-25.1046
1911042187.5,-25.1062
1911042343.75,-25.10865
1911042500.0,-25.11124
1911042656.25,-25.11408
1911042812.5,-25.11312
1911042968.75,-25.11235
1911043125.0,-25.11517
1911043281.25,-25.11691
1911043437.5,-25.11844
1911043593.75,-25.11715
1911043750.0,-25.11951
1911043906.25,-25.12047
1911044062.5,-25.12542
1911044218.75,-25.12268
1911044375.0,-25.1231
1911044531.25,-25.12731
1911044687.5,-25.12809
1911044843.75,-25.12811
1911045000.0,-25.13243
1911045156.25,-25.13288
1911045312.5,-25.13308
1911045468.75,-25.1317
1911045625.0,-25.13449
1911045781.25,-25.13744
1911045937.5,-25.13924
1911046093.75,-25.13491
1911046250.0,-25.14269
1911046406.25,-25.14366
1911046562.5,-25.14213
1911046718.75,-25.14512
1911046875.0,-25.14562
1911047031.25,-25.14682
1911047187.5,-25.14882
1911047343.75,-25.14998
1911047500.0,-25.15351
1911047656.25,-25.15251
1911047812.5,-25.15309
1911047968.75,-25.15333
1911048125.0,-25.15404
1911048281.25,-25.15768
1911048437.5,-25.15707
1911048593.75,-25.1602
1911048750.0,-25.15985
1911048906.25,-25.16539
1911049062.5,-25.16334
1911049218.75,-25.16424
1911049375.0,-25.16489
1911049531.25,-25.16989
1911049687.5,-25.17032
1911049843.75,-25.16803
1911050000.0,-25.17151
1911050156.25,-25.17148
1911050312.5,-25.17435
1911050468.75,-25.17328
1911050625.0,-25.17855
1911050781.25,-25.18196
1911050937.5,-25.18002
1911051093.75,-25.18166
1911051250.0,-25.18682
1911051406.25,-25.18346
1911051562.5,-25.18557
1911051718.75,-25.18694
1911051875.0,-25.18745
1911052031.25,-25.18628
1911052187.5,-25.192
1911052343.75,-25.19167
1911052500.0,-25.19421
1911052656.25,-25.19288
1911052812.5,-25.19321
1911052968.75,-25.19902
1911053125.0,-25.19746
1911053281.25,-25.20067
1911053437.5,-25.1987
1911053593.75,-25.20284
1911053750.0,-25.20039
1911053906.25,-25.20655
1911054062.5,-25.20457
1911054218.75,-25.21016
1911054375.0,-25.2077
1911054531.25,-25.20993
1911054687.5,-25.21039
1911054843.75,-25.213
1911055000.0,-25.21327
1911055156.25,-25.21433
1911055312.5,-25.21438
1911055468.75,-25.21934
1911055625.0,-25.21941
1911055781.25,-25.22102
1911055937.5,-25.22024
1911056093.75,-25.22166
1911056250.0,-25.22296
1911056406.25,-25.22464
1911056562.5,-25.2278
1911056718.75,-25.23185
1911056875.0,-25.22857
1911057031.25,-25.23332
1911057187.5,-25.23174
1911057343.75,-25.23324
1911057500.0,-25.23497
1911057656.25,-25.23362
1911057812.5,-25.23666
1911057968.75,-25.23901
1911058125.0,-25.24087
1911058281.25,-25.24321
1911058437.5,-25.23971
1911058593.75,-25.24481
1911058750.0,-25.24495
1911058906.25,-25.24446
1911059062.5,-25.24594
1911059218.75,-25.24938
1911059375.0,-25.25034
1911059531.25,-25.25136
1911059687.5,-25.25194
1911059843.75,-25.25098
1911060000.0,-25.25266
1911060156.25,-25.25331
1911060312.5,-25.25543
1911060468.75,-25.26033
1911060625.0,-25.25686
1911060781.25,-25.26338
1911060937.5,-25.26531
1911061093.75,-25.26533
1911061250.0,-25.26346
1911061406.25,-25.26706
1911061562.5,-25.26889
1911061718.75,-25.27124
1911061875.0,-25.26932
1911062031.25,-25.27202
1911062187.5,-25.27412
1911062343.75,-25.27379
1911062500.0,-25.27792
1911062656.25,-25.27677
1911062812.5,-25.27994
1911062968.75,-25.27734
1911063125.0,-25.27972
1911063281.25,-25.28369
1911063437.5,-25.28502
1911063593.75,-25.28253
1911063750.0,-25.28599
1911063906.25,-25.28843
1911064062.5,-25.28719
1911064218.75,-25.28738
1911064375.0,-25.2925
1911064531.25,-25.29243
1911064687.5,-25.29177
1911064843.75,-25.29368
1911065000.0,-25.29472
1911065156.25,-25.298
1911065312.5,-25.30027
1911065468.75,-25.29739
1911065625.0,-25.29726
1911065781.25,-25.30276
1911065937.5,-25.30444
1911066093.75,-25.30675
1911066250.0,-25.30596
1911066406.25,-25.30929
1911066562.5,-25.30636
1911066718.75,-25.30817
1911066875.0,-25.31253
1911067031.25,-25.31075
1911067187.5,-25.31384
1911067343.75,-25.31744
1911067500.0,-25.31678
1911067656.25,-25.31919
1911067812.5,-25.3201
1911067968.75,-25.32268
1911068125.0,-25.32267
1911068281.25,-25.32554
1911068437.5,-25.32298
1911068593.75,-25.32419
1911068750.0,-25.32555
1911068906.25,-25.32646
1911069062.5,-25.32944
1911069218.75,-25.32915
1911069375.0,-25.33287
1911069531.25,-25.33422
1911069687.5,-25.33276
1911069843.75,-25.33562
1911070000.0,-25.33657
1911070156.25,-25.33724
1911070312.5,-25.33909
1911070468.75,-25.34117
1911070625.0,-25.34062
1911070781.25,-25.34341
1911070937.5,-25.34315
1911071093.75,-25.34306
1911071250.0,-25.34673
1911071406.25,-25.34785
1911071562.5,-25.3505
1911071718.75,-25.35129
1911071875.0,-25.35113
1911072031.25,-25.35268
1911072187.5,-25.35351
1911072343.75,-25.35567
1911072500.0,-25.3576
1911072656.25,-25.35682
1911072812.5,-25.36205
1911072968.75,-25.36238
1911073125.0,-25.36311
1911073281.25,-25.36401
1911073437.5,-25.36563
1911073593.75,-25.36508
1911073750.0,-25.36724
1911073906.25,-25.36922
1911074062.5,-25.37063
1911074218.75,-25.3725
1911074375.0,-25.37149
1911074531.25,-25.37497
1911074687.5,-25.37484
1911074843.75,-25.37741
1911075000.0,-25.37765
1911075156.25,-25.37742
1911075312.5,-25.38285
1911075468.75,-25.38273
1911075625.0,-25.38393
1911075781.25,-25.38479
1911075937.5,-25.38463
1911076093.75,-25.38174
1911076250.0,-25.38233
1911076406.25,-25.38844
1911076562.5,-25.39213
1911076718.75,-25.39253
1911076875.0,-25.39005
1911077031.25,-25.39412
1911077187.5,-25.39662
1911077343.75,-25.39643
1911077500.0,-25.399
1911077656.25,-25.39701
1911077812.5,-25.39897
1911077968.75,-25.4023
1911078125.0,-25.40466
1911078281.25,-25.40344
1911078437.5,-25.40543
1911078593.75,-25.40641
1911078750.0,-25.40944
1911078906.25,-25.40622
1911079062.5,-25.40796
1911079218.75,-25.40874
1911079375.0,-25.41518
1911079531.25,-25.41365
1911079687.5,-25.41522
1911079843.75,-25.41732
1911080000.0,-25.41879
1911080156.25,-25.41756
1911080312.5,-25.42074
1911080468.75,-25.42299
1911080625.0,-25.42192
1911080781.25,-25.42438
1911080937.5,-25.42564
1911081093.75,-25.4266
1911081250.0,-25.42735
1911081406.25,-25.42854
1911081562.5,-25.42851
1911081718.75,-25.43251
1911081875.0,-25.43254
1911082031.25,-25.43208
1911082187.5,-25.43642
1911082343.75,-25.43631
1911082500.0,-25.43958
1911082656.25,-25.44028
1911082812.5,-25.44222
1911082968.75,-25.445
1911083125.0,-25.4428
1911083281.25,-25.44758
1911083437.5,-25.447
1911083593.75,-25.44811
1911083750.0,-25.44662
1911083906.25,-25.44809
1911084062.5,-25.45054
1911084218.75,-25.45147
1911084375.0,-25.45587
1911084531.25,-25.45625
1911084687.5,-25.45679
1911084843.75,-25.45537
1911085000.0,-25.45628
1911085156.25,-25.45785
1911085312.5,-25.46307
1911085468.75,-25.46202
1911085625.0,-25.46437
1911085781.25,-25.46526
1911085937.5,-25.46579
1911086093.75,-25.46977
1911086250.0,-25.46411
1911086406.25,-25.46996
1911086562.5,-25.47021
1911086718.75,-25.47062
1911086875.0,-25.47514
1911087031.25,-25.47193
1911087187.5,-25.4781
1911087343.75,-25.47817
1911087500.0,-25.47966
1911087656.25,-25.47795
1911087812.5,-25.47947
1911087968.75,-25.48536
1911088125.0,-25.48477
1911088281.25,-25.48111
1911088437.5,-25.48684
1911088593.75,-25.48548
1911088750.0,-25.49045
1911088906.25,-25.48721
1911089062.5,-25.49083
1911089218.75,-25.49172
1911089375.0,-25.49311
1911089531.25,-25.49464
1911089687.5,-25.49719
1911089843.75,-25.50141
1911090000.0,-25.50033
1911090156.25,-25.49965
1911090312.5,-25.50396
1911090468.75,-25.50185
1911090625.0,-25.50563
1911090781.25,-25.50432
1911090937.5,-25.50591
1911091093.75,-25.50704
1911091250.0,-25.51125
1911091406.25,-25.51012
1911091562.5,-25.50978
1911091718.75,-25.51442
1911091875.0,-25.51301
1911092031.25,-25.51697
1911092187.5,-25.52002
1911092343.75,-25.51659
1911092500.0,-25.51771
1911092656.25,-25.51935
1911092812.5,-25.52175
1911092968.75,-25.51953
1911093125.0,-25.52094
1911093281.25,-25.52556
1911093437.5,-25.52737
1911093593.75,-25.53098
1911093750.0,-25.53177
1911093906.25,-25.53223
1911094062.5,-25.53098
1911094218.75,-25.53655
1911094375.0,-25.5313
1911094531.25,-25.53191
1911094687.5,-25.53666
1911094843.75,-25.53614
1911095000.0,-25.53778
1911095156.25,-25.54308
1911095312.5,-25.54197
1911095468.75,-25.54384
1911095625.0,-25.54376
1911095781.25,-25.54545
1911095937.5,-25.54615
1911096093.75,-25.5481
1911096250.0,-25.54831
1911096406.25,-25.54967
1911096562.5,-25.54862
1911096718.75,-25.5483
1911096875.0,-25.55622
1911097031.25,-25.55598
1911097187.5,-25.5562
1911097343.75,-25.55628
1911097500.0,-25.55902
1911097656.25,-25.55995
1911097812.5,-25.5608
1911097968.75,-25.56603
1911098125.0,-25.56166
1911098281.25,-25.56477
1911098437.5,-25.56519
1911098593.75,-25.56465
1911098750.0,-25.56846
1911098906.25,-25.56936
1911099062.5,-25.56736
1911099218.75,-25.57247
1911099375.0,-25.57273
1911099531.25,-25.57559
1911099687.5,-25.57657
1911099843.75,-25.57756
1911100000.0,-25.57718
1911100156.25,-25.58243
1911100312.5,-25.58245
1911100468.75,-25.58123
1911100625.0,-25.58415
1911100781.25,-25.58383
1911100937.5,-25.58705
1911101093.75,-25.58781
1911101250.0,-25.58519
1911101406.25,-25.5893
1911101562.5,-25.59025
1911101718.75,-25.59063
1911101875.0,-25.59392
1911102031.25,-25.59606
1911102187.5,-25.59579
1911102343.75,-25.59989
1911102500.0,-25.59779
1911102656.25,-25.59839
1911102812.5,-25.6034
1911102968.75,-25.60237
1911103125.0,-25.60222
1911103281.25,-25.60266
1911103437.5,-25.60846
1911103593.75,-25.60559
1911103750.0,-25.60915
1911103906.25,-25.61214
1911104062.5,-25.60999
1911104218.75,-25.61295
1911104375.0,-25.61196
1911104531.25,-25.61582
1911104687.5,-25.61577
1911104843.75,-25.61524
1911105000.0,-25.61722
1911105156.25,-25.61944
1911105312.5,-25.62088
1911105468.75,-25.62375
1911105625.0,-25.62585
1911105781.25,-25.62174
1911105937.5,-25.62817
1911106093.75,-25.62467
1911106250.0,-25.62797
1911106406.25,-25.63088
1911106562.5,-25.63035
1911106718.75,-25.62846
1911106875.0,-25.63596
1911107031.25,-25.63548
1911107187.5,-25.63433
1911107343.75,-25.63498
1911107500.0,-25.64045
1911107656.25,-25.64053
1911107812.5,-25.63994
1911107968.75,-25.64263
1911108125.0,-25.64459
1911108281.25,-25.64432
1911108437.5,-25.64315
1911108593.75,-25.64863
1911108750.0,-25.64828
1911108906.25,-25.65046
1911109062.5,-25.6501
1911109218.75,-25.65346
1911109375.0,-25.65582
1911109531.25,-25.65553
1911109687.5,-25.65412
1911109843.75,-25.65725
1911110000.0,-25.65643
1911110156.25,-25.65936
1911110312.5,-25.6584
1911110468.75,-25.6582
1911110625.0,-25.65974
1911110781.25,-25.66806
1911110937.5,-25.66262
1911111093.75,-25.66776
1911111250.0,-25.6693
1911111406.25,-25.67141
1911111562.5,-25.67081
1911111718.75,-25.67136
1911111875.0,-25.67544
1911112031.25,-25.67474
1911112187.5,-25.67487
1911112343.75,-25.67636
1911112500.0,-25.67941
1911112656.25,-25.68034
1911112812.5,-25.68029
1911112968.75,-25.68236
1911113125.0,-25.68201
1911113281.25,-25.6827
1911113437.5,-25.68273
1911113593.75,-25.686
1911113750.0,-25.68724
1911113906.25,-25.68643
1911114062.5,-25.69059
1911114218.75,-25.68946
1911114375.0,-25.6911
1911114531.25,-25.6897
1911114687.5,-25.6922
1911114843.75,-25.69276
1911115000.0,-25.69744
1911115156.25,-25.69697
1911115312.5,-25.69818
1911115468.75,-25.70539
1911115625.0,-25.69889
1911115781.25,-25.70489
1911115937.5,-25.70196
1911116093.75,-25.70515
1911116250.0,-25.7051
1911116406.25,-25.70959
1911116562.5,-25.7101
1911116718.75,-25.71157
1911116875.0,-25.71062
1911117031.25,-25.71235
1911117187.5,-25.71172
1911117343.75,-25.71303
1911117500.0,-25.71727
1911117656.25,-25.71877
1911117812.5,-25.72332
1911117968.75,-25.72015
1911118125.0,-25.72356
1911118281.25,-25.72432
1911118437.5,-25.72455
1911118593.75,-25.72766
1911118750.0,-25.72515
1911118906.25,-25.72733
1911119062.5,-25.72757
1911119218.75,-25.72936
1911119375.0,-25.73476
1911119531.25,-25.73455
1911119687.5,-25.73328
1911119843.75,-25.73633
1911120000.0,-25.73805
1911120156.25,-25.73641
1911120312.5,-25.73893
1911120468.75,-25.73841
1911120625.0,-25.74133
1911120781.25,-25.74249
1911120937.5,-25.74494
1911121093.75,-25.74567
1911121250.0,-25.74483
1911121406.25,-25.74743
1911121562.5,-25.74869
1911121718.75,-25.74664
1911121875.0,-25.75031
1911122031.25,-25.75378
1911122187.5,-25.75558
1911122343.75,-25.75295
1911122500.0,-25.75272
1911122656.25,-25.75687
1911122812.5,-25.75477
1911122968.75,-25.75833
1911123125.0,-25.75916
1911123281.25,-25.76333
1911123437.5,-25.76469
1911123593.75,-25.7634
1911123750.0,-25.76535
1911123906.25,-25.76865
1911124062.5,-25.76711
1911124218.75,-25.76791
1911124375.0,-25.77314
1911124531.25,-25.77024
1911124687.5,-25.7703
1911124843.75,-25.77224
1911125000.0,-25.77426
1911125156.25,-25.77728
1911125312.5,-25.77703
1911125468.75,-25.77938
1911125625.0,-25.77594
1911125781.25,-25.78068
1911125937.5,-25.78152
1911126093.75,-25.78144
1911126250.0,-25.78291
1911126406.25,-25.78538
1911126562.5,-25.78779
1911126718.75,-25.78705
1911126875.0,-25.78912
1911127031.25,-25.79198
1911127187.5,-25.79305
1911127343.75,-25.7918
1911127500.0,-25.79594
1911127656.25,-25.79735
1911127812.5,-25.79461
1911127968.75,-25.79269
1911128125.0,-25.7962
1911128281.25,-25.79881
1911128437.5,-25.80134
1911128593.75,-25.80405
1911128750.0,-25.80643
1911128906.25,-25.80553
1911129062.5,-25.80548
1911129218.75,-25.80672
1911129375.0,-25.80758
1911129531.25,-25.80889
1911129687.5,-25.81043
1911129843.75,-25.81129
1911130000.0,-25.81422
1911130156.25,-25.81393
1911130312.5,-25.81606
1911130468.75,-25.81857
1911130625.0,-25.81929
1911130781.25,-25.81936
1911130937.5,-25.81988
1911131093.75,-25.82056
1911131250.0,-25.8248
1911131406.25,-25.82721
1911131562.5,-25.82628
1911131718.75,-25.82868
1911131875.0,-25.82887
1911132031.25,-25.82853
1911132187.5,-25.82939
1911132343.75,-25.83117
1911132500.0,-25.83315
1911132656.25,-25.83492
1911132812.5,-25.83687
1911132968.75,-25.83553
1911133125.0,-25.83994
1911133281.25,-25.83589
1911133437.5,-25.83988
1911133593.75,-25.83851
1911133750.0,-25.84244
1911133906.25,-25.8443
1911134062.5,-25.84473
1911134218.75,-25.85182
1911134375.0,-25.84905
1911134531.25,-25.84866
1911134687.5,-25.85125
1911134843.75,-25.85258
1911135000.0,-25.85186
1911135156.25,-25.85202
1911135312.5,-25.85657
1911135468.75,-25.85719
1911135625.0,-25.85758
1911135781.25,-25.85499
1911135937.5,-25.85757
1911136093.75,-25.86266
1911136250.0,-25.86293
1911136406.25,-25.86068
1911136562.5,-25.86307
1911136718.75,-25.86434
1911136875.0,-25.86742
1911137031.25,-25.86963
1911137187.5,-25.86732
1911137343.75,-25.87167
1911137500.0,-25.87115
1911137656.25,-25.87092
1911137812.5,-25.87408
1911137968.75,-25.87868
1911138125.0,-25.87747
1911138281.25,-25.8787
1911138437.5,-25.87712
1911138593.75,-25.87731
1911138750.0,-25.88109
1911138906.25,-25.88153
1911139062.5,-25.8823
1911139218.75,-25.88462
1911139375.0,-25.88321
1911139531.25,-25.88778
1911139687.5,-25.88936
1911139843.75,-25.88928
1911140000.0,-25.89249
1911140156.25,-25.89081
1911140312.5,-25.89183
1911140468.75,-25.89564
1911140625.0,-25.8954
1911140781.25,-25.89737
1911140937.5,-25.89704
1911141093.75,-25.89633
1911141250.0,-25.89966
1911141406.25,-25.9029
1911141562.5,-25.90208
1911141718.75,-25.90392
1911141875.0,-25.90632
1911142031.25,-25.90466
1911142187.5,-25.90663
1911142343.75,-25.90753
1911142500.0,-25.90904
1911142656.25,-25.91254
1911142812.5,-25.91276
1911142968.75,-25.91448
1911143125.0,-25.92007
1911143281.25,-25.91529
1911143437.5,-25.91555
1911143593.75,-25.92003
1911143750.0,-25.92029
1911143906.25,-25.92277
1911144062.5,-25.92046
1911144218.75,-25.92193
1911144375.0,-25.92432
1911144531.25,-25.92569
1911144687.5,-25.9245
1911144843.75,-25.92706
1911145000.0,-25.92574
1911145156.25,-25.92893
1911145312.5,-25.93027
1911145468.75,-25.93203
1911145625.0,-25.93425
1911145781.25,-25.93462
1911145937.5,-25.93621
1911146093.75,-25.94037
1911146250.0,-25.9344
1911146406.25,-25.9406
1911146562.5,-25.94301
1911146718.75,-25.94226
1911146875.0,-25.94271
1911147031.25,-25.94252
1911147187.5,-25.94333
1911147343.75,-25.94818
1911147500.0,-25.94893
1911147656.25,-25.95174
1911147812.5,-25.95064
1911147968.75,-25.95174
1911148125.0,-25.95466
1911148281.25,-25.95483
1911148437.5,-25.95528
1911148593.75,-25.95694
1911148750.0,-25.95525
1911148906.25,-25.95572
1911149062.5,-25.96102
1911149218.75,-25.96306
1911149375.0,-25.95948
1911149531.25,-25.96483
1911149687.5,-25.96208
1911149843.75,-25.96824
1911150000.0,-25.96698
1911150156.25,-25.97245
1911150312.5,-25.96761
1911150468.75,-25.97176
1911150625.0,-25.97203
1911150781.25,-25.97413
1911150937.5,-25.97714
1911151093.75,-25.97213
1911151250.0,-25.97478
1911151406.25,-25.97492
1911151562.5,-25.9794
1911151718.75,-25.97623
1911151875.0,-25.98509
1911152031.25,-25.98353
1911152187.5,-25.98219
1911152343.75,-25.986
1911152500.0,-25.9847
1911152656.25,-25.9876
1911152812.5,-25.98895
1911152968.75,-25.99021
1911153125.0,-25.99309
1911153281.25,-25.99279
1911153437.5,-25.99222
1911153593.75,-25.99103
1911153750.0,-25.9929
1911153906.25,-25.99677
1911154062.5,-25.9993
1911154218.75,-25.99718
1911154375.0,-26.00174
1911154531.25,-26.0037
1911154687.5,-26.0033
1911154843.75,-26.00557
1911155000.0,-26.00167
1911155156.25,-26.00667
1911155312.5,-26.0066
1911155468.75,-26.01107
1911155625.0,-26.0132
1911155781.25,-26.00938
1911155937.5,-26.01134
1911156093.75,-26.01161
1911156250.0,-26.01477
1911156406.25,-26.01684
1911156562.5,-26.01703
1911156718.75,-26.01553
1911156875.0,-26.01811
1911157031.25,-26.01854
1911157187.5,-26.01924
1911157343.75,-26.02275
1911157500.0,-26.02323
1911157656.25,-26.0225
1911157812.5,-26.02506
1911157968.75,-26.02665
1911158125.0,-26.0296
1911158281.25,-26.0283
1911158437.5,-26.03093
1911158593.75,-26.03099
1911158750.0,-26.03724
1911158906.25,-26.0355
1911159062.5,-26.03618
1911159218.75,-26.03733
1911159375.0,-26.03966
1911159531.25,-26.0389
1911159687.5,-26.04072
1911159843.75,-26.04145
1911160000.0,-26.04486
1911160156.25,-26.04164
1911160312.5,-26.04555
1911160468.75,-26.04505
1911160625.0,-26.04685
1911160781.25,-26.04968
1911160937.5,-26.05041
1911161093.75,-26.0521
1911161250.0,-26.05392
1911161406.25,-26.05421
1911161562.5,-26.05674
1911161718.75,-26.05549
1911161875.0,-26.05591
1911162031.25,-26.0586
1911162187.5,-26.0597
1911162343.75,-26.0578
1911162500.0,-26.06462
1911162656.25,-26.06197
1911162812.5,-26.06741
1911162968.75,-26.06306
1911163125.0,-26.06325
1911163281.25,-26.0656
1911163437.5,-26.06996
1911163593.75,-26.06823
1911163750.0,-26.06745
1911163906.25,-26.07248
1911164062.5,-26.07316
1911164218.75,-26.07249
1911164375.0,-26.07867
1911164531.25,-26.07561
1911164687.5,-26.0771
1911164843.75,-26.07956
1911165000.0,-26.07909
1911165156.25,-26.08083
1911165312.5,-26.08334
1911165468.75,-26.08404
1911165625.0,-26.08863
1911165781.25,-26.08575
1911165937.5,-26.08893
1911166093.75,-26.09132
1911166250.0,-26.08943
1911166406.25,-26.09061
1911166562.5,-26.09344
1911166718.75,-26.09457
1911166875.0,-26.09691
1911167031.25,-26.09656
1911167187.5,-26.09749
1911167343.75,-26.10035
1911167500.0,-26.09393
1911167656.25,-26.09879
1911167812.5,-26.10216
1911167968.75,-26.10389
1911168125.0,-26.10012
1911168281.25,-26.10423
1911168437.5,-26.1051
1911168593.75,-26.10874
1911168750.0,-26.10999
1911168906.25,-26.10954
1911169062.5,-26.11124
1911169218.75,-26.11011
1911169375.0,-26.11103
1911169531.25,-26.11515
1911169687.5,-26.11726
1911169843.75,-26.11655
1911170000.0,-26.11475
1911170156.25,-26.12203
1911170312.5,-26.12
1911170468.75,-26.12321
1911170625.0,-26.12212
1911170781.25,-26.1223
1911170937.5,-26.12317
1911171093.75,-26.12814
1911171250.0,-26.12708
1911171406.25,-26.12496
1911171562.5,-26.1307
1911171718.75,-26.12932
1911171875.0,-26.13158
1911172031.25,-26.13157
1911172187.5,-26.13404
1911172343.75,-26.13385
1911172500.0,-26.13204
1911172656.25,-26.1373
1911172812.5,-26.14071
1911172968.75,-26.13969
1911173125.0,-26.14161
1911173281.25,-26.14176
1911173437.5,-26.14251
1911173593.75,-26.146
1911173750.0,-26.14569
1911173906.25,-26.14594
1911174062.5,-26.14857
1911174218.75,-26.15006
1911174375.0,-26.15289
1911174531.25,-26.15138
1911174687.5,-26.14898
1911174843.75,-26.15292
1911175000.0,-26.15379
1911175156.25,-26.15535
1911175312.5,-26.15831
1911175468.75,-26.1575
1911175625.0,-26.16039
1911175781.25,-26.15917
1911175937.5,-26.16311
1911176093.75,-26.16141
1911176250.0,-26.16441
1911176406.25,-26.1641
1911176562.5,-26.16669
1911176718.75,-26.16731
1911176875.0,-26.16801
1911177031.25,-26.17081
1911177187.5,-26.1756
1911177343.75,-26.17423
1911177500.0,-26.17452
1911177656.25,-26.17709
1911177812.5,-26.17587
1911177968.75,-26.17825
1911178125.0,-26.17681
1911178281.25,-26.1807
1911178437.5,-26.17962
1911178593.75,-26.18259
1911178750.0,-26.1831
1911178906.25,-26.18168
1911179062.5,-26.18362
1911179218.75,-26.18497
1911179375.0,-26.18653
1911179531.25,-26.19031
1911179687.5,-26.18961
1911179843.75,-26.19098
1911180000.0,-26.19109
1911180156.25,-26.1924
1911180312.5,-26.1911
1911180468.75,-26.19882
1911180625.0,-26.19692
1911180781.25,-26.19699
1911180937.5,-26.20056
1911181093.75,-26.20192
1911181250.0,-26.20002
1911181406.25,-26.20088
1911181562.5,-26.20301
1911181718.75,-26.20356
1911181875.0,-26.20525
1911182031.25,-26.20452
1911182187.5,-26.20642
1911182343.75,-26.20933
1911182500.0,-26.2095
1911182656.25,-26.21296
1911182812.5,-26.21127
1911182968.75,-26.21565
1911183125.0,-26.21588
1911183281.25,-26.21776
1911183437.5,-26.21772
1911183593.75,-26.21975
1911183750.0,-26.21762
1911183906.25,-26.22145
1911184062.5,-26.22395
1911184218.75,-26.22141
1911184375.0,-26.22633
1911184531.25,-26.22488
1911184687.5,-26.22598
1911184843.75,-26.23055
1911185000.0,-26.22936
1911185156.25,-26.23024
1911185312.5,-26.23174
1911185468.75,-26.23392
1911185625.0,-26.23555
1911185781.25,-26.23623
1911185937.5,-26.24036
1911186093.75,-26.23567
1911186250.0,-26.23876
1911186406.25,-26.24124
1911186562.5,-26.23695
1911186718.75,-26.24205
1911186875.0,-26.24382
1911187031.25,-26.24561
1911187187.5,-26.24325
1911187343.75,-26.2517
1911187500.0,-26.246
1911187656.25,-26.24516
1911187812.5,-26.25221
1911187968.75,-26.25154
1911188125.0,-26.25293
1911188281.25,-26.25183
1911188437.5,-26.25219
1911188593.75,-26.25767
1911188750.0,-26.25767
1911188906.25,-26.25968
1911189062.5,-26.25723
1911189218.75,-26.2609
1911189375.0,-26.25994
1911189531.25,-26.26287
1911189687.5,-26.26524
1911189843.75,-26.26262
1911190000.0,-26.26514
1911190156.25,-26.26761
1911190312.5,-26.26907
1911190468.75,-26.27
1911190625.0,-26.2694
1911190781.25,-26.27206
1911190937.5,-26.27573
1911191093.75,-26.2706
1911191250.0,-26.26913
1911191406.25,-26.27773
1911191562.5,-26.27551
1911191718.75,-26.27993
1911191875.0,-26.28012
1911192031.25,-26.28197
1911192187.5,-26.28471
1911192343.75,-26.28397
1911192500.0,-26.28435
1911192656.25,-26.28673
1911192812.5,-26.28586
1911192968.75,-26.28905
1911193125.0,-26.28985
1911193281.25,-26.29129
1911193437.5,-26.2903
1911193593.75,-26.28959
1911193750.0,-26.29515
1911193906.25,-26.29221
1911194062.5,-26.29634
1911194218.75,-26.29422
1911194375.0,-26.29939
1911194531.25,-26.29814
1911194687.5,-26.29984
1911194843.75,-26.30127
1911195000.0,-26.30105
1911195156.25,-26.30503
1911195312.5,-26.30389
1911195468.75,-26.30274
1911195625.0,-26.30519
1911195781.25,-26.30765
1911195937.5,-26.31252
1911196093.75,-26.30756
1911196250.0,-26.31121
1911196406.25,-26.31548
1911196562.5,-26.31593
1911196718.75,-26.31357
1911196875.0,-26.31805
1911197031.25,-26.31601
1911197187.5,-26.31562
1911197343.75,-26.31973
1911197500.0,-26.32432
1911197656.25,-26.31947
1911197812.5,-26.32374
1911197968.75,-26.32574
1911198125.0,-26.3262
1911198281.25,-26.32401
1911198437.5,-26.33005
1911198593.75,-26.32585
1911198750.0,-26.33305
1911198906.25,-26.33179
1911199062.5,-26.33114
1911199218.75,-26.33446
1911199375.0,-26.33261
1911199531.25,-26.33621
1911199687.5,-26.33884
1911199843.75,-26.33576
1911200000.0,-26.33744
1911200156.25,-26.34323
1911200312.5,-26.34279
1911200468.75,-26.34282
1911200625.0,-26.34135
1911200781.25,-26.34314
1911200937.5,-26.34539
1911201093.75,-26.3465
1911201250.0,-26.35152
1911201406.25,-26.35057
1911201562.5,-26.35192
1911201718.75,-26.34866
1911201875.0,-26.35587
1911202031.25,-26.35734
1911202187.5,-26.35456
1911202343.75,-26.35474
1911202500.0,-26.35623
1911202656.25,-26.3576
1911202812.5,-26.36119
1911202968.75,-26.36025
1911203125.0,-26.36069
1911203281.25,-26.3631
1911203437.5,-26.36077
1911203593.75,-26.36283
1911203750.0,-26.36307
1911203906.25,-26.36707
1911204062.5,-26.37033
1911204218.75,-26.36804
1911204375.0,-26.37065
1911204531.25,-26.37022
1911204687.5,-26.37192
1911204843.75,-26.37233
1911205000.0,-26.37534
1911205156.25,-26.3757
1911205312.5,-26.38272
1911205468.75,-26.3793
1911205625.0,-26.38088
1911205781.25,-26.38148
1911205937.5,-26.38095
1911206093.75,-26.38121
1911206250.0,-26.38489
1911206406.25,-26.38347
1911206562.5,-26.38751
1911206718.75,-26.38672
1911206875.0,-26.38631
1911207031.25,-26.38872
1911207187.5,-26.39494
1911207343.75,-26.39253
1911207500.0,-26.39184
1911207656.25,-26.39491
1911207812.5,-26.3975
1911207968.75,-26.39521
1911208125.0,-26.3976
1911208281.25,-26.39829
1911208437.5,-26.4013
1911208593.75,-26.40314
1911208750.0,-26.4063
1911208906.25,-26.40348
1911209062.5,-26.40516
1911209218.75,-26.40644
1911209375.0,-26.40984
1911209531.25,-26.40859
1911209687.5,-26.40763
1911209843.75,-26.40945
1911210000.0,-26.41194
1911210156.25,-26.41305
1911210312.5,-26.41552
1911210468.75,-26.41522
1911210625.0,-26.41584
1911210781.25,-26.41743
1911210937.5,-26.41777
1911211093.75,-26.42373
1911211250.0,-26.42212
1911211406.25,-26.42277
1911211562.5,-26.42457
1911211718.75,-26.42491
1911211875.0,-26.42897
1911212031.25,-26.42779
1911212187.5,-26.42696
1911212343.75,-26.42728
1911212500.0,-26.42914
1911212656.25,-26.4265
1911212812.5,-26.43135
1911212968.75,-26.43307
1911213125.0,-26.43618
1911213281.25,-26.43671
1911213437.5,-26.43736
1911213593.75,-26.43736
1911213750.0,-26.43799
1911213906.25,-26.44058
1911214062.5,-26.43894
1911214218.75,-26.44336
1911214375.0,-26.4452
1911214531.25,-26.44461
1911214687.5,-26.44868
1911214843.75,-26.4493
1911215000.0,-26.44832
1911215156.25,-26.44777
1911215312.5,-26.4469
1911215468.75,-26.45229
1911215625.0,-26.4506
1911215781.25,-26.45399
1911215937.5,-26.45618
1911216093.75,-26.45883
1911216250.0,-26.45649
1911216406.25,-26.45695
1911216562.5,-26.45902
1911216718.75,-26.4598
1911216875.0,-26.46423
1911217031.25,-26.46106
1911217187.5,-26.46248
1911217343.75,-26.46119
1911217500.0,-26.46701
1911217656.25,-26.46788
1911217812.5,-26.47024
1911217968.75,-26.46863
1911218125.0,-26.47236
1911218281.25,-26.46884
1911218437.5,-26.47151
1911218593.75,-26.47594
1911218750.0,-26.47901
1911218906.25,-26.47326
1911219062.5,-26.47848
1911219218.75,-26.47801
1911219375.0,-26.47983
1911219531.25,-26.47755
1911219687.5,-26.48334
1911219843.75,-26.48406
1911220000.0,-26.48345
1911220156.25,-26.48399
1911220312.5,-26.48699
1911220468.75,-26.48319
1911220625.0,-26.48793
1911220781.25,-26.48734
1911220937.5,-26.49362
1911221093.75,-26.49523
1911221250.0,-26.48909
1911221406.25,-26.49332
1911221562.5,-26.49741
1911221718.75,-26.49526
1911221875.0,-26.4936
1911222031.25,-26.49958
1911222187.5,-26.50062
1911222343.75,-26.49718
1911222500.0,-26.49894
1911222656.25,-26.50565
1911222812.5,-26.50199
1911222968.75,-26.50589
1911223125.0,-26.505
1911223281.25,-26.50689
1911223437.5,-26.509
1911223593.75,-26.50595
1911223750.0,-26.51203
1911223906.25,-26.51347
1911224062.5,-26.51316
1911224218.75,-26.51449
1911224375.0,-26.51418
1911224531.25,-26.51741
1911224687.5,-26.51424
1911224843.75,-26.52006
1911225000.0,-26.51645
1911225156.25,-26.51625
1911225312.5,-26.52033
1911225468.75,-26.52755
1911225625.0,-26.52571
1911225781.25,-26.52507
1911225937.5,-26.52435
1911226093.75,-26.52761
1911226250.0,-26.53001
1911226406.25,-26.53102
1911226562.5,-26.52946
1911226718.75,-26.53569
1911226875.0,-26.53429
1911227031.25,-26.53302
1911227187.5,-26.53656
1911227343.75,-26.53781
1911227500.0,-26.53801
1911227656.25,-26.53886
1911227812.5,-26.54033
1911227968.75,-26.53866
1911228125.0,-26.54239
1911228281.25,-26.54029
1911228437.5,-26.54417
1911228593.75,-26.54544
1911228750.0,-26.54791
1911228906.25,-26.5479
1911229062.5,-26.54843
1911229218.75,-26.54938
1911229375.0,-26.5505
1911229531.25,-26.55049
1911229687.5,-26.54983
1911229843.75,-26.55471
1911230000.0,-26.55666
1911230156.25,-26.55663
1911230312.5,-26.5595
1911230468.75,-26.56204
1911230625.0,-26.55813
1911230781.25,-26.55989
1911230937.5,-26.56117
1911231093.75,-26.56333
1911231250.0,-26.56437
1911231406.25,-26.56684
1911231562.5,-26.57058
1911231718.75,-26.56754
1911231875.0,-26.56635
1911232031.25,-26.56957
1911232187.5,-26.57205
1911232343.75,-26.57287
1911232500.0,-26.57048
1911232656.25,-26.57336
1911232812.5,-26.57599
1911232968.75,-26.57417
1911233125.0,-26.57531
1911233281.25,-26.58254
1911233437.5,-26.58357
1911233593.75,-26.58289
1911233750.0,-26.584
1911233906.25,-26.58591
1911234062.5,-26.58411
1911234218.75,-26.58756
1911234375.0,-26.59056
1911234531.25,-26.5866
1911234687.5,-26.58762
1911234843.75,-26.59124
1911235000.0,-26.59045
1911235156.25,-26.59189
1911235312.5,-26.59287
1911235468.75,-26.59373
1911235625.0,-26.59621
1911235781.25,-26.59718
1911235937.5,-26.59828
1911236093.75,-26.59937
1911236250.0,-26.59886
1911236406.25,-26.59907
1911236562.5,-26.60265
1911236718.75,-26.6029
1911236875.0,-26.60576
1911237031.25,-26.60777
1911237187.5,-26.60587
1911237343.75,-26.60496
1911237500.0,-26.60782
1911237656.25,-26.60796
1911237812.5,-26.61034
1911237968.75,-26.61391
1911238125.0,-26.61114
1911238281.25,-26.61839
1911238437.5,-26.61832
1911238593.75,-26.61496
1911238750.0,-26.61584
1911238906.25,-26.61637
1911239062.5,-26.61959
1911239218.75,-26.61816
1911239375.0,-26.62158
1911239531.25,-26.6237
1911239687.5,-26.62346
1911239843.75,-26.62671
1911240000.0,-26.62744
1911240156.25,-26.62661
1911240312.5,-26.63242
1911240468.75,-26.62955
1911240625.0,-26.63112
1911240781.25,-26.6291
1911240937.5,-26.6304
1911241093.75,-26.63182
1911241250.0,-26.63339
1911241406.25,-26.63721
1911241562.5,-26.63317
1911241718.75,-26.63739
1911241875.0,-26.64021
1911242031.25,-26.64329
1911242187.5,-26.64208
1911242343.75,-26.64269
1911242500.0,-26.64331
1911242656.25,-26.64308
1911242812.5,-26.64597
1911242968.75,-26.64542
1911243125.0,-26.65151
1911243281.25,-26.6483
1911243437.5,-26.65115
1911243593.75,-26.65161
1911243750.0,-26.65118
1911243906.25,-26.65572
1911244062.5,-26.6546
1911244218.75,-26.65252
1911244375.0,-26.65364
1911244531.25,-26.66067
1911244687.5,-26.65841
1911244843.75,-26.6615
1911245000.0,-26.66069
1911245156.25,-26.66302
1911245312.5,-26.66519
1911245468.75,-26.66443
1911245625.0,-26.66472
1911245781.25,-26.66901
1911245937.5,-26.66653
1911246093.75,-26.67016
1911246250.0,-26.67077
1911246406.25,-26.672
1911246562.5,-26.67365
1911246718.75,-26.66994
1911246875.0,-26.67376
1911247031.25,-26.6767
1911247187.5,-26.67676
1911247343.75,-26.67954
1911247500.0,-26.68636
1911247656.25,-26.67978
1911247812.5,-26.6801
1911247968.75,-26.67955
1911248125.0,-26.68271
1911248281.25,-26.68495
1911248437.5,-26.68736
1911248593.75,-26.68884
1911248750.0,-26.68665
1911248906.25,-26.68566
1911249062.5,-26.69172
1911249218.75,-26.69136
1911249375.0,-26.69045
1911249531.25,-26.69158
1911249687.5,-26.69618
1911249843.75,-26.69431
1911250000.0,-26.69928
1911250156.25,-26.69525
1911250312.5,-26.70199
1911250468.75,-26.69769
1911250625.0,-26.6965
1911250781.25,-26.70123
1911250937.5,-26.70437
1911251093.75,-26.70106
1911251250.0,-26.70353
1911251406.25,-26.70657
1911251562.5,-26.70221
1911251718.75,-26.70913
1911251875.0,-26.71077
1911252031.25,-26.71235
1911252187.5,-26.71311
1911252343.75,-26.71335
1911252500.0,-26.71212
1911252656.25,-26.71591
1911252812.5,-26.71462
1911252968.75,-26.71724
1911253125.0,-26.71723
1911253281.25,-26.72162
1911253437.5,-26.72246
1911253593.75,-26.7187
1911253750.0,-26.71937
1911253906.25,-26.72591
1911254062.5,-26.72285
1911254218.75,-26.72452
1911254375.0,-26.72776
1911254531.25,-26.72618
1911254687.5,-26.72854
1911254843.75,-26.72974
1911255000.0,-26.72989
1911255156.25,-26.73217
1911255312.5,-26.73103
1911255468.75,-26.73519
1911255625.0,-26.73355
1911255781.25,-26.74026
1911255937.5,-26.73857
1911256093.75,-26.74264
1911256250.0,-26.74055
1911256406.25,-26.74089
1911256562.5,-26.74373
1911256718.75,-26.74392
1911256875.0,-26.74078
1911257031.25,-26.74459
1911257187.5,-26.74708
1911257343.75,-26.7488
1911257500.0,-26.74645
1911257656.25,-26.74847
1911257812.5,-26.75107
1911257968.75,-26.75235
1911258125.0,-26.7512
1911258281.25,-26.75215
1911258437.5,-26.75325
1911258593.75,-26.75885
1911258750.0,-26.75844
1911258906.25,-26.75977
1911259062.5,-26.75742
1911259218.75,-26.76014
1911259375.0,-26.76065
1911259531.25,-26.76421
1911259687.5,-26.76481
1911259843.75,-26.76283
1911260000.0,-26.76604
1911260156.25,-26.76737
1911260312.5,-26.7715
1911260468.75,-26.77209
1911260625.0,-26.76899
1911260781.25,-26.76871
1911260937.5,-26.77287
1911261093.75,-26.77468
1911261250.0,-26.77304
1911261406.25,-26.77464
1911261562.5,-26.77481
1911261718.75,-26.77771
1911261875.0,-26.7796
1911262031.25,-26.77907
1911262187.5,-26.78316
1911262343.75,-26.7832
1911262500.0,-26.78635
1911262656.25,-26.78391
1911262812.5,-26.78292
1911262968.75,-26.78512
1911263125.0,-26.79093
1911263281.25,-26.78743
1911263437.5,-26.79039
1911263593.75,-26.7873
1911263750.0,-26.79191
1911263906.25,-26.79079
1911264062.5,-26.79544
1911264218.75,-26.79814
1911264375.0,-26.79713
1911264531.25,-26.79631
1911264687.5,-26.79759
1911264843.75,-26.79816
1911265000.0,-26.80213
1911265156.25,-26.80197
1911265312.5,-26.80099
1911265468.75,-26.80573
1911265625.0,-26.80684
1911265781.25,-26.80644
1911265937.5,-26.80487
1911266093.75,-26.80671
1911266250.0,-26.80774
1911266406.25,-26.81388
1911266562.5,-26.80824
1911266718.75,-26.81068
1911266875.0,-26.81494
1911267031.25,-26.81753
1911267187.5,-26.81486
1911267343.75,-26.81305
1911267500.0,-26.81675
1911267656.25,-26.81894
1911267812.5,-26.82107
1911267968.75,-26.81927
1911268125.0,-26.82058
1911268281.25,-26.82181
1911268437.5,-26.82708
1911268593.75,-26.82582
1911268750.0,-26.82811
1911268906.25,-26.82304
1911269062.5,-26.82993
1911269218.75,-26.83035
1911269375.0,-26.82846
1911269531.25,-26.83124
1911269687.5,-26.83248
1911269843.75,-26.83529
1911270000.0,-26.83883
1911270156.25,-26.83628
1911270312.5,-26.83954
1911270468.75,-26.83934
1911270625.0,-26.83846
1911270781.25,-26.84136
1911270937.5,-26.84103
1911271093.75,-26.84534
1911271250.0,-26.83976
1911271406.25,-26.84509
1911271562.5,-26.84721
1911271718.75,-26.84936
1911271875.0,-26.84676
1911272031.25,-26.84516
1911272187.5,-26.85242
1911272343.75,-26.85172
1911272500.0,-26.85402
1911272656.25,-26.84966
1911272812.5,-26.85515
1911272968.75,-26.85409
1911273125.0,-26.85838
1911273281.25,-26.85607
1911273437.5,-26.85828
1911273593.75,-26.85857
1911273750.0,-26.86147
1911273906.25,-26.86093
1911274062.5,-26.86541
1911274218.75,-26.86275
1911274375.0,-26.86434
1911274531.25,-26.86515
1911274687.5,-26.86607
1911274843.75,-26.86831
1911275000.0,-26.86677
1911275156.25,-26.86856
1911275312.5,-26.87034
1911275468.75,-26.87363
1911275625.0,-26.87807
1911275781.25,-26.87338
1911275937.5,-26.87693
1911276093.75,-26.87786
1911276250.0,-26.87666
1911276406.25,-26.88053
1911276562.5,-26.87994
1911276718.75,-26.88131
1911276875.0,-26.88442
1911277031.25,-26.88036
1911277187.5,-26.88485
1911277343.75,-26.88473
1911277500.0,-26.88539
1911277656.25,-26.88882
1911277812.5,-26.89245
1911277968.75,-26.89003
1911278125.0,-26.8912
1911278281.25,-26.89292
1911278437.5,-26.89544
1911278593.75,-26.89398
1911278750.0,-26.89775
1911278906.25,-26.89882
1911279062.5,-26.8971
1911279218.75,-26.89799
1911279375.0,-26.89953
1911279531.25,-26.90127
1911279687.5,-26.89941
1911279843.75,-26.90014
1911280000.0,-26.90597
1911280156.25,-26.90441
1911280312.5,-26.90306
1911280468.75,-26.9074
1911280625.0,-26.90685
1911280781.25,-26.91139
1911280937.5,-26.91145
1911281093.75,-26.91227
1911281250.0,-26.91017
1911281406.25,-26.91339
1911281562.5,-26.91603
1911281718.75,-26.91644
1911281875.0,-26.91709
1911282031.25,-26.91986
1911282187.5,-26.9193
1911282343.75,-26.91982
1911282500.0,-26.92101
1911282656.25,-26.92212
1911282812.5,-26.92526
1911282968.75,-26.92625
1911283125.0,-26.92496
1911283281.25,-26.92514
1911283437.5,-26.92896
1911283593.75,-26.927
1911283750.0,-26.92666
1911283906.25,-26.93118
1911284062.5,-26.93329
1911284218.75,-26.93272
1911284375.0,-26.93254
1911284531.25,-26.93603
1911284687.5,-26.9355
1911284843.75,-26.93523
1911285000.0,-26.9409
1911285156.25,-26.94019
1911285312.5,-26.93877
1911285468.75,-26.94016
1911285625.0,-26.94141
1911285781.25,-26.94235
1911285937.5,-26.94429
1911286093.75,-26.94583
1911286250.0,-26.94484
1911286406.25,-26.94815
1911286562.5,-26.94765
1911286718.75,-26.94581
1911286875.0,-26.94968
1911287031.25,-26.95187
1911287187.5,-26.95268
1911287343.75,-26.95322
1911287500.0,-26.95514
1911287656.25,-26.95512
1911287812.5,-26.95924
1911287968.75,-26.96009
1911288125.0,-26.96074
1911288281.25,-26.96424
1911288437.5,-26.96522
1911288593.75,-26.96288
1911288750.0,-26.96158
1911288906.25,-26.96486
1911289062.5,-26.96703
1911289218.75,-26.96792
1911289375.0,-26.96948
1911289531.25,-26.96817
1911289687.5,-26.97273
1911289843.75,-26.96936
1911290000.0,-26.96974
1911290156.25,-26.97434
1911290312.5,-26.97495
1911290468.75,-26.97863
1911290625.0,-26.97678
1911290781.25,-26.97582
1911290937.5,-26.97844
1911291093.75,-26.97555
1911291250.0,-26.9796
1911291406.25,-26.98387
1911291562.5,-26.98044
1911291718.75,-26.98285
1911291875.0,-26.98967
1911292031.25,-26.98761
1911292187.5,-26.98634
1911292343.75,-26.99002
1911292500.0,-26.98937
1911292656.25,-26.98832
1911292812.5,-26.98861
1911292968.75,-26.99453
1911293125.0,-26.98938
1911293281.25,-26.99286
1911293437.5,-26.9946
1911293593.75,-27.00022
1911293750.0,-26.99739
1911293906.25,-26.99725
1911294062.5,-26.99718
1911294218.75,-26.99879
1911294375.0,-27.00289
1911294531.25,-27.00359
1911294687.5,-27.00482
1911294843.75,-27.00477
1911295000.0,-27.00899
1911295156.25,-27.00871
1911295312.5,-27.00786
1911295468.75,-27.01267
1911295625.0,-27.00904
1911295781.25,-27.01165
1911295937.5,-27.01313
1911296093.75,-27.01177
1911296250.0,-27.01518
1911296406.25,-27.01539
1911296562.5,-27.01373
1911296718.75,-27.01723
1911296875.0,-27.01669
1911297031.25,-27.02285
1911297187.5,-27.01823
1911297343.75,-27.02145
1911297500.0,-27.02349
1911297656.25,-27.01964
1911297812.5,-27.02258
1911297968.75,-27.02677
1911298125.0,-27.02597
1911298281.25,-27.03185
1911298437.5,-27.02902
1911298593.75,-27.02756
1911298750.0,-27.03214
1911298906.25,-27.03149
1911299062.5,-27.03411
1911299218.75,-27.03739
1911299375.0,-27.03486
1911299531.25,-27.03606
1911299687.5,-27.0411
1911299843.75,-27.03835
1911300000.0,-27.04173
1911300156.25,-27.04147
1911300312.5,-27.04117
1911300468.75,-27.04398
1911300625.0,-27.04036
1911300781.25,-27.04258
1911300937.5,-27.04499
1911301093.75,-27.04474
1911301250.0,-27.04972
1911301406.25,-27.04822
1911301562.5,-27.04804
1911301718.75,-27.0513
1911301875.0,-27.05278
1911302031.25,-27.05223
1911302187.5,-27.0538
1911302343.75,-27.05662
1911302500.0,-27.05564
1911302656.25,-27.05851
1911302812.5,-27.05923
1911302968.75,-27.05815
1911303125.0,-27.05906
1911303281.25,-27.06339
1911303437.5,-27.06733
1911303593.75,-27.06306
1911303750.0,-27.06229
1911303906.25,-27.06786
1911304062.5,-27.06736
1911304218.75,-27.06718
1911304375.0,-27.07015
1911304531.25,-27.0673
1911304687.5,-27.07278
1911304843.75,-27.07299
1911305000.0,-27.07143
1911305156.25,-27.07446
1911305312.5,-27.07635
1911305468.75,-27.0777
1911305625.0,-27.076
1911305781.25,-27.07861
1911305937.5,-27.08413
1911306093.75,-27.08105
1911306250.0,-27.0804
1911306406.25,-27.08266
1911306562.5,-27.08426
1911306718.75,-27.08375
1911306875.0,-27.08611
1911307031.25,-27.08725
1911307187.5,-27.08766
1911307343.75,-27.09247
1911307500.0,-27.09112
1911307656.25,-27.0922
1911307812.5,-27.09302
1911307968.75,-27.09066
1911308125.0,-27.09258
1911308281.25,-27.09507
1911308437.5,-27.09743
1911308593.75,-27.10056
1911308750.0,-27.09908
1911308906.25,-27.0962
1911309062.5,-27.10215
1911309218.75,-27.09852
1911309375.0,-27.10069
1911309531.25,-27.10246
1911309687.5,-27.10137
1911309843.75,-27.10778
1911310000.0,-27.10692
1911310156.25,-27.1086
1911310312.5,-27.10825
1911310468.75,-27.11026
1911310625.0,-27.10811
1911310781.25,-27.11142
1911310937.5,-27.11187
1911311093.75,-27.11573
1911311250.0,-27.11701
1911311406.25,-27.11395
1911311562.5,-27.11679
1911311718.75,-27.11839
1911311875.0,-27.11688
1911312031.25,-27.121
1911312187.5,-27.12377
1911312343.75,-27.12616
1911312500.0,-27.1232
1911312656.25,-27.11971
1911312812.5,-27.12357
1911312968.75,-27.12805
1911313125.0,-27.13128
1911313281.25,-27.12911
1911313437.5,-27.12706
1911313593.75,-27.13451
1911313750.0,-27.13112
1911313906.25,-27.13161
1911314062.5,-27.13312
1911314218.75,-27.13808
1911314375.0,-27.13526
1911314531.25,-27.13543
1911314687.5,-27.13496
1911314843.75,-27.14086
1911315000.0,-27.13912
1911315156.25,-27.14073
1911315312.5,-27.14248
1911315468.75,-27.14167
1911315625.0,-27.14176
1911315781.25,-27.14461
1911315937.5,-27.14621
1911316093.75,-27.147
1911316250.0,-27.14887
1911316406.25,-27.14589
1911316562.5,-27.14913
1911316718.75,-27.15221
1911316875.0,-27.15061
1911317031.25,-27.15346
1911317187.5,-27.15659
1911317343.75,-27.15498
1911317500.0,-27.15465
1911317656.25,-27.15958
1911317812.5,-27.15983
1911317968.75,-27.15627
1911318125.0,-27.16058
1911318281.25,-27.15944
1911318437.5,-27.16273
1911318593.75,-27.16261
1911318750.0,-27.16281
1911318906.25,-27.1678
1911319062.5,-27.16583
1911319218.75,-27.1714
1911319375.0,-27.17081
1911319531.25,-27.17168
1911319687.5,-27.1722
1911319843.75,-27.17338
1911320000.0,-27.1768
1911320156.25,-27.17314
1911320312.5,-27.17196
1911320468.75,-27.17541
1911320625.0,-27.17753
1911320781.25,-27.17434
1911320937.5,-27.18102
1911321093.75,-27.18065
1911321250.0,-27.1774
1911321406.25,-27.18258
1911321562.5,-27.18275
1911321718.75,-27.18322
1911321875.0,-27.18213
1911322031.25,-27.19021
1911322187.5,-27.18605
1911322343.75,-27.18919
1911322500.0,-27.18513
1911322656.25,-27.19148
1911322812.5,-27.19092
1911322968.75,-27.19431
1911323125.0,-27.19475
1911323281.25,-27.19776
1911323437.5,-27.19042
1911323593.75,-27.19686
1911323750.0,-27.20163
1911323906.25,-27.20022
1911324062.5,-27.20091
1911324218.75,-27.19902
1911324375.0,-27.19999
1911324531.25,-27.20309
1911324687.5,-27.20286
1911324843.75,-27.20525
1911325000.0,-27.20856
1911325156.25,-27.20443
1911325312.5,-27.20785
1911325468.75,-27.20725
1911325625.0,-27.2154
1911325781.25,-27.21591
1911325937.5,-27.20991
1911326093.75,-27.21546
1911326250.0,-27.2138
1911326406.25,-27.2179
1911326562.5,-27.21595
1911326718.75,-27.21461
1911326875.0,-27.21919
1911327031.25,-27.21776
1911327187.5,-27.22034
1911327343.75,-27.2261
1911327500.0,-27.22429
1911327656.25,-27.21953
1911327812.5,-27.22725
1911327968.75,-27.224
1911328125.0,-27.22649
1911328281.25,-27.22936
1911328437.5,-27.22483
1911328593.75,-27.22747
1911328750.0,-27.23371
1911328906.25,-27.23291
1911329062.5,-27.2317
1911329218.75,-27.23548
1911329375.0,-27.23713
1911329531.25,-27.23306
1911329687.5,-27.24056
1911329843.75,-27.23787
1911330000.0,-27.24054
1911330156.25,-27.24148
1911330312.5,-27.24086
1911330468.75,-27.23803
1911330625.0,-27.24273
1911330781.25,-27.24327
1911330937.5,-27.247
1911331093.75,-27.24637
1911331250.0,-27.24602
1911331406.25,-27.24829
1911331562.5,-27.24577
1911331718.75,-27.25314
1911331875.0,-27.25229
1911332031.25,-27.25206
1911332187.5,-27.25311
1911332343.75,-27.25508
1911332500.0,-27.2538
1911332656.25,-27.25471
1911332812.5,-27.25668
1911332968.75,-27.25796
1911333125.0,-27.2567
1911333281.25,-27.25947
1911333437.5,-27.26179
1911333593.75,-27.26482
1911333750.0,-27.26235
1911333906.25,-27.26376
1911334062.5,-27.26544
1911334218.75,-27.26366
1911334375.0,-27.26955
1911334531.25,-27.27253
1911334687.5,-27.26989
1911334843.75,-27.27186
1911335000.0,-27.27262
1911335156.25,-27.27356
1911335312.5,-27.27564
1911335468.75,-27.27474
1911335625.0,-27.27487
1911335781.25,-27.27589
1911335937.5,-27.28041
1911336093.75,-27.27976
1911336250.0,-27.27837
1911336406.25,-27.28261
1911336562.5,-27.28395
1911336718.75,-27.28345
1911336875.0,-27.28202
1911337031.25,-27.2857
1911337187.5,-27.28904
1911337343.75,-27.28561
1911337500.0,-27.28777
1911337656.25,-27.28691
1911337812.5,-27.29245
1911337968.75,-27.29214
1911338125.0,-27.29054
1911338281.25,-27.28989
1911338437.5,-27.29764
1911338593.75,-27.29566
1911338750.0,-27.29616
1911338906.25,-27.29996
1911339062.5,-27.29904
1911339218.75,-27.29775
1911339375.0,-27.3004
1911339531.25,-27.30208
1911339687.5,-27.304
1911339843.75,-27.30767
1911340000.0,-27.30367
1911340156.25,-27.30523
1911340312.5,-27.31136
1911340468.75,-27.30695
1911340625.0,-27.30768
1911340781.25,-27.30839
1911340937.5,-27.31462
1911341093.75,-27.30986
1911341250.0,-27.31238
1911341406.25,-27.31688
1911341562.5,-27.31396
1911341718.75,-27.31309
1911341875.0,-27.31547
1911342031.25,-27.31754
1911342187.5,-27.32027
1911342343.75,-27.31781
1911342500.0,-27.32175
1911342656.25,-27.32089
1911342812.5,-27.32131
1911342968.75,-27.32607
1911343125.0,-27.32307
1911343281.25,-27.32609
1911343437.5,-27.32901
1911343593.75,-27.32359
1911343750.0,-27.32974
1911343906.25,-27.33064
1911344062.5,-27.32896
1911344218.75,-27.33145
1911344375.0,-27.32886
1911344531.25,-27.33434
1911344687.5,-27.33481
1911344843.75,-27.33602
1911345000.0,-27.33738
1911345156.25,-27.33756
1911345312.5,-27.33963
1911345468.75,-27.33884
1911345625.0,-27.33959
1911345781.25,-27.34106
1911345937.5,-27.34305
1911346093.75,-27.3421
1911346250.0,-27.34626
1911346406.25,-27.34971
1911346562.5,-27.34806
1911346718.75,-27.34748
1911346875.0,-27.34735
1911347031.25,-27.35049
1911347187.5,-27.35414
1911347343.75,-27.35089
1911347500.0,-27.35216
1911347656.25,-27.35434
1911347812.5,-27.35621
1911347968.75,-27.35419
1911348125.0,-27.35682
1911348281.25,-27.36016
1911348437.5,-27.36262
1911348593.75,-27.3588
1911348750.0,-27.36128
1911348906.25,-27.3634
1911349062.5,-27.36062
1911349218.75,-27.36295
1911349375.0,-27.36573
1911349531.25,-27.3653
1911349687.5,-27.36498
1911349843.75,-27.36631
1911350000.0,-27.36798
1911350156.25,-27.36989
1911350312.5,-27.37429
1911350468.75,-27.37384
1911350625.0,-27.37083
1911350781.25,-27.37498
1911350937.5,-27.37684
1911351093.75,-27.37585
1911351250.0,-27.37817
1911351406.25,-27.37643
1911351562.5,-27.37814
1911351718.75,-27.38163
1911351875.0,-27.38204
1911352031.25,-27.38169
1911352187.5,-27.3813
1911352343.75,-27.38355
1911352500.0,-27.38587
1911352656.25,-27.38691
1911352812.5,-27.38817
1911352968.75,-27.38749
1911353125.0,-27.3896
1911353281.25,-27.39079
1911353437.5,-27.39058
1911353593.75,-27.39229
1911353750.0,-27.39215
1911353906.25,-27.39037
1911354062.5,-27.39861
1911354218.75,-27.39894
1911354375.0,-27.3984
1911354531.25,-27.39566
1911354687.5,-27.39952
1911354843.75,-27.40106
1911355000.0,-27.40313
1911355156.25,-27.4028
1911355312.5,-27.40306
1911355468.75,-27.4021
1911355625.0,-27.40677
1911355781.25,-27.40484
1911355937.5,-27.40877
1911356093.75,-27.40884
1911356250.0,-27.40557
1911356406.25,-27.41191
1911356562.5,-27.41235
1911356718.75,-27.41331
1911356875.0,-27.41339
1911357031.25,-27.4139
1911357187.5,-27.41537
1911357343.75,-27.41628
1911357500.0,-27.41669
1911357656.25,-27.42081
1911357812.5,-27.41753
1911357968.75,-27.42258
1911358125.0,-27.42495
1911358281.25,-27.42
1911358437.5,-27.42061
1911358593.75,-27.42907
