6539969375.0,-42.80085
6539970312.5,-42.82645
6539971250.0,-42.81162
6539972187.5,-42.83545
6539973125.0,-42.81973
6539974062.5,-42.83086
6539975000.0,-42.82941
6539975937.5,-42.8012
6539976875.0,-42.82225
6539977812.5,-42.834
6539978750.0,-42.82438
6539979687.5,-42.83163
6539980625.0,-42.80893
6539981562.5,-42.81931
6539982500.0,-42.8258
6539983437.5,-42.83308
6539984375.0,-42.83096
6539985312.5,-42.84766
6539986250.0,-42.80793
6539987187.5,-42.84384
6539988125.0,-42.82985
6539989062.5,-42.81824
6539990000.0,-42.8184
6539990937.5,-42.80385
6539991875.0,-42.81633
6539992812.5,-42.82577
6539993750.0,-42.8085
6539994687.5,-42.84268
6539995625.0,-42.81206
6539996562.5,-42.79886
6539997500.0,-42.83514
6539998437.5,-42.7813
6539999375.0,-42.81297
6540000312.5,-42.82363
6540001250.0,-42.82006
6540002187.5,-42.82014
6540003125.0,-42.83442
6540004062.5,-42.81353
6540005000.0,-42.81112
6540005937.5,-42.80516
6540006875.0,-42.80122
6540007812.5,-42.81603
6540008750.0,-42.81346
6540009687.5,-42.80433
6540010625.0,-42.82621
6540011562.5,-42.83536
6540012500.0,-42.82897
6540013437.5,-42.81005
6540014375.0,-42.8096
6540015312.5,-42.81206
6540016250.0,-42.80732
6540017187.5,-42.81077
6540018125.0,-42.82399
6540019062.5,-42.84344
6540020000.0,-42.80859
6540020937.5,-42.80422
6540021875.0,-42.83669
6540022812.5,-42.82921
6540023750.0,-42.79438
6540024687.5,-42.79665
6540025625.0,-42.82478
6540026562.5,-42.81796
6540027500.0,-42.80398
6540028437.5,-42.80817
6540029375.0,-42.82227
6540030312.5,-42.80892
6540031250.0,-42.818
6540032187.5,-42.81573
6540033125.0,-42.80993
6540034062.5,-42.82602
6540035000.0,-42.79898
6540035937.5,-42.805
6540036875.0,-42.80778
6540037812.5,-42.81305
6540038750.0,-42.82378
6540039687.5,-42.81783
6540040625.0,-42.80941
6540041562.5,-42.80098
6540042500.0,-42.8073
6540043437.5,-42.79028
6540044375.0,-42.80579
6540045312.5,-42.8119
6540046250.0,-42.80204
6540047187.5,-42.78999
6540048125.0,-42.79922
6540049062.5,-42.81281
6540050000.0,-42.82271
6540050937.5,-42.81468
6540051875.0,-42.80146
6540052812.5,-42.80535
6540053750.0,-42.81023
6540054687.5,-42.79596
6540055625.0,-42.80619
6540056562.5,-42.7958
6540057500.0,-42.79798
6540058437.5,-42.80846
6540059375.0,-42.80917
6540060312.5,-42.78384
6540061250.0,-42.80541
6540062187.5,-42.79943
6540063125.0,-42.81333
6540064062.5,-42.80394
6540065000.0,-42.80858
6540065937.5,-42.80262
6540066875.0,-42.79735
6540067812.5,-42.80062
6540068750.0,-42.8269
6540069687.5,-42.79172
6540070625.0,-42.78405
6540071562.5,-42.77868
6540072500.0,-42.81005
6540073437.5,-42.78512
6540074375.0,-42.79564
6540075312.5,-42.80499
6540076250.0,-42.77374
6540077187.5,-42.77605
6540078125.0,-42.79832
6540079062.5,-42.77672
6540080000.0,-42.80512
6540080937.5,-42.79885
6540081875.0,-42.75171
6540082812.5,-42.79607
6540083750.0,-42.80166
6540084687.5,-42.78773
6540085625.0,-42.78628
6540086562.5,-42.80082
6540087500.0,-42.78163
6540088437.5,-42.79316
6540089375.0,-42.77333
6540090312.5,-42.82706
6540091250.0,-42.79143
6540092187.5,-42.75613
6540093125.0,-42.79031
6540094062.5,-42.79054
6540095000.0,-42.75982
6540095937.5,-42.78624
6540096875.0,-42.767
6540097812.5,-42.77239
6540098750.0,-42.78385
6540099687.5,-42.78009
6540100625.0,-42.76373
6540101562.5,-42.7991
6540102500.0,-42.77728
6540103437.5,-42.78472
6540104375.0,-42.78891
6540105312.5,-42.76994
6540106250.0,-42.79998
6540107187.5,-42.78958
6540108125.0,-42.80314
6540109062.5,-42.7793
6540110000.0,-42.77097
6540110937.5,-42.78809
6540111875.0,-42.78286
6540112812.5,-42.75673
6540113750.0,-42.76915
6540114687.5,-42.79049
6540115625.0,-42.77355
6540116562.5,-42.81106
6540117500.0,-42.79882
6540118437.5,-42.78262
6540119375.0,-42.75545
6540120312.5,-42.79292
6540121250.0,-42.76158
6540122187.5,-42.77785
6540123125.0,-42.77542
6540124062.5,-42.7637
6540125000.0,-42.76759
6540125937.5,-42.80272
6540126875.0,-42.78663
6540127812.5,-42.76048
6540128750.0,-42.75906
6540129687.5,-42.76992
6540130625.0,-42.79322
6540131562.5,-42.78544
6540132500.0,-42.77087
6540133437.5,-42.78366
6540134375.0,-42.76683
6540135312.5,-42.77201
6540136250.0,-42.76807
6540137187.5,-42.7629
6540138125.0,-42.75466
6540139062.5,-42.77659
6540140000.0,-42.7824
6540140937.5,-42.76202
6540141875.0,-42.74126
6540142812.5,-42.78996
6540143750.0,-42.75999
6540144687.5,-42.74681
6540145625.0,-42.78493
6540146562.5,-42.77074
6540147500.0,-42.78016
6540148437.5,-42.7592
6540149375.0,-42.78362
6540150312.5,-42.7687
6540151250.0,-42.78584
6540152187.5,-42.77316
6540153125.0,-42.76268
6540154062.5,-42.76572
6540155000.0,-42.79293
6540155937.5,-42.7458
6540156875.0,-42.77719
6540157812.5,-42.76945
6540158750.0,-42.77553
6540159687.5,-42.76805
6540160625.0,-42.7588
6540161562.5,-42.76085
6540162500.0,-42.76297
6540163437.5,-42.76043
6540164375.0,-42.76994
6540165312.5,-42.74715
6540166250.0,-42.77813
6540167187.5,-42.74893
6540168125.0,-42.76257
6540169062.5,-42.75014
6540170000.0,-42.76982
6540170937.5,-42.76915
6540171875.0,-42.78168
6540172812.5,-42.75549
6540173750.0,-42.73735
6540174687.5,-42.75951
6540175625.0,-42.74759
6540176562.5,-42.76204
6540177500.0,-42.76217
6540178437.5,-42.75784
6540179375.0,-42.77832
6540180312.5,-42.78069
6540181250.0,-42.7518
6540182187.5,-42.77108
6540183125.0,-42.74597
6540184062.5,-42.77749
6540185000.0,-42.75863
6540185937.5,-42.76863
6540186875.0,-42.74967
6540187812.5,-42.75005
6540188750.0,-42.75935
6540189687.5,-42.76027
6540190625.0,-42.75241
6540191562.5,-42.76236
6540192500.0,-42.7566
6540193437.5,-42.75206
6540194375.0,-42.74434
6540195312.5,-42.74199
6540196250.0,-42.73094
6540197187.5,-42.76252
6540198125.0,-42.77131
6540199062.5,-42.7586
6540200000.0,-42.74938
6540200937.5,-42.76271
6540201875.0,-42.79575
6540202812.5,-42.74628
6540203750.0,-42.72752
6540204687.5,-42.74062
6540205625.0,-42.7409
6540206562.5,-42.75452
6540207500.0,-42.7317
6540208437.5,-42.76563
6540209375.0,-42.72827
6540210312.5,-42.7341
6540211250.0,-42.75083
6540212187.5,-42.74298
6540213125.0,-42.75517
6540214062.5,-42.75733
6540215000.0,-42.76106
6540215937.5,-42.74643
6540216875.0,-42.74129
6540217812.5,-42.74736
6540218750.0,-42.75788
6540219687.5,-42.7636
6540220625.0,-42.74599
6540221562.5,-42.74274
6540222500.0,-42.7454
6540223437.5,-42.73137
6540224375.0,-42.743
6540225312.5,-42.72393
6540226250.0,-42.72736
6540227187.5,-42.74149
6540228125.0,-42.72684
6540229062.5,-42.73446
6540230000.0,-42.74636
6540230937.5,-42.73687
6540231875.0,-42.72196
6540232812.5,-42.74616
6540233750.0,-42.73034
6540234687.5,-42.74459
6540235625.0,-42.72808
6540236562.5,-42.72511
6540237500.0,-42.7588
6540238437.5,-42.73643
6540239375.0,-42.72571
6540240312.5,-42.75335
6540241250.0,-42.72867
6540242187.5,-42.73237
6540243125.0,-42.76914
6540244062.5,-42.71721
6540245000.0,-42.74154
6540245937.5,-42.74274
6540246875.0,-42.73636
6540247812.5,-42.7433
6540248750.0,-42.71986
6540249687.5,-42.73421
6540250625.0,-42.73309
6540251562.5,-42.71553
6540252500.0,-42.74265
6540253437.5,-42.72029
6540254375.0,-42.73137
6540255312.5,-42.73664
6540256250.0,-42.73793
6540257187.5,-42.7301
6540258125.0,-42.71788
6540259062.5,-42.72726
6540260000.0,-42.72431
6540260937.5,-42.73529
6540261875.0,-42.72238
6540262812.5,-42.7351
6540263750.0,-42.73456
6540264687.5,-42.7313
6540265625.0,-42.71174
6540266562.5,-42.73287
6540267500.0,-42.72657
6540268437.5,-42.70887
6540269375.0,-42.72987
6540270312.5,-42.73316
6540271250.0,-42.70512
6540272187.5,-42.71358
6540273125.0,-42.72382
6540274062.5,-42.73335
6540275000.0,-42.71583
6540275937.5,-42.72244
6540276875.0,-42.74083
6540277812.5,-42.71517
6540278750.0,-42.74462
6540279687.5,-42.70988
6540280625.0,-42.7131
6540281562.5,-42.73842
6540282500.0,-42.73845
6540283437.5,-42.71421
6540284375.0,-42.72194
6540285312.5,-42.70586
6540286250.0,-42.73144
6540287187.5,-42.73803
6540288125.0,-42.72181
6540289062.5,-42.71653
6540290000.0,-42.72178
6540290937.5,-42.74123
6540291875.0,-42.71223
6540292812.5,-42.72197
6540293750.0,-42.71037
6540294687.5,-42.7257
6540295625.0,-42.74195
6540296562.5,-42.69849
6540297500.0,-42.70209
6540298437.5,-42.70206
6540299375.0,-42.73945
6540300312.5,-42.7294
6540301250.0,-42.71975
6540302187.5,-42.69613
6540303125.0,-42.71952
6540304062.5,-42.69519
6540305000.0,-42.71493
6540305937.5,-42.72565
6540306875.0,-42.73669
6540307812.5,-42.71752
6540308750.0,-42.69972
6540309687.5,-42.70748
6540310625.0,-42.74934
6540311562.5,-42.71715
6540312500.0,-42.7094
6540313437.5,-42.7189
6540314375.0,-42.69508
6540315312.5,-42.71991
6540316250.0,-42.704
6540317187.5,-42.70127
6540318125.0,-42.72057
6540319062.5,-42.72355
6540320000.0,-42.71015
6540320937.5,-42.73579
6540321875.0,-42.68436
6540322812.5,-42.72552
6540323750.0,-42.70375
6540324687.5,-42.69628
6540325625.0,-42.73927
6540326562.5,-42.72504
6540327500.0,-42.72606
6540328437.5,-42.71076
6540329375.0,-42.69865
6540330312.5,-42.70067
6540331250.0,-42.72881
6540332187.5,-42.70805
6540333125.0,-42.69773
6540334062.5,-42.70523
6540335000.0,-42.71349
6540335937.5,-42.69352
6540336875.0,-42.72507
6540337812.5,-42.70192
6540338750.0,-42.70323
6540339687.5,-42.68286
6540340625.0,-42.70615
6540341562.5,-42.69565
6540342500.0,-42.70993
6540343437.5,-42.69114
6540344375.0,-42.70032
6540345312.5,-42.72187
6540346250.0,-42.7189
6540347187.5,-42.70836
6540348125.0,-42.68886
6540349062.5,-42.70079
6540350000.0,-42.68226
6540350937.5,-42.69207
6540351875.0,-42.67508
6540352812.5,-42.70453
6540353750.0,-42.71301
6540354687.5,-42.71207
6540355625.0,-42.69765
6540356562.5,-42.67699
6540357500.0,-42.69299
6540358437.5,-42.72787
6540359375.0,-42.70892
6540360312.5,-42.68789
6540361250.0,-42.70303
6540362187.5,-42.69279
6540363125.0,-42.68095
6540364062.5,-42.68723
6540365000.0,-42.69275
6540365937.5,-42.71498
6540366875.0,-42.70835
6540367812.5,-42.66703
6540368750.0,-42.69444
6540369687.5,-42.69347
6540370625.0,-42.71805
6540371562.5,-42.68386
6540372500.0,-42.70232
6540373437.5,-42.66521
6540374375.0,-42.70105
6540375312.5,-42.69739
6540376250.0,-42.71472
6540377187.5,-42.70333
6540378125.0,-42.67653
6540379062.5,-42.68917
6540380000.0,-42.68232
6540380937.5,-42.6931
6540381875.0,-42.7005
6540382812.5,-42.66988
6540383750.0,-42.69173
6540384687.5,-42.66604
6540385625.0,-42.69604
6540386562.5,-42.70578
6540387500.0,-42.70789
6540388437.5,-42.70424
6540389375.0,-42.67984
6540390312.5,-42.68242
6540391250.0,-42.68491
6540392187.5,-42.69317
6540393125.0,-42.67204
6540394062.5,-42.66468
6540395000.0,-42.66498
6540395937.5,-42.65289
6540396875.0,-42.69648
6540397812.5,-42.69002
6540398750.0,-42.68882
6540399687.5,-42.68559
6540400625.0,-42.70219
6540401562.5,-42.69075
6540402500.0,-42.67563
6540403437.5,-42.66655
6540404375.0,-42.66747
6540405312.5,-42.67984
6540406250.0,-42.68848
6540407187.5,-42.68198
6540408125.0,-42.66964
6540409062.5,-42.68869
6540410000.0,-42.68236
6540410937.5,-42.67901
6540411875.0,-42.66941
6540412812.5,-42.66719
6540413750.0,-42.68829
6540414687.5,-42.69324
6540415625.0,-42.69408
6540416562.5,-42.67376
6540417500.0,-42.66189
6540418437.5,-42.68911
6540419375.0,-42.65338
6540420312.5,-42.68387
6540421250.0,-42.65228
6540422187.5,-42.67259
6540423125.0,-42.67541
6540424062.5,-42.68296
6540425000.0,-42.6577
6540425937.5,-42.67537
6540426875.0,-42.69697
6540427812.5,-42.68446
6540428750.0,-42.69029
6540429687.5,-42.66647
6540430625.0,-42.67533
6540431562.5,-42.67717
6540432500.0,-42.67024
6540433437.5,-42.67553
6540434375.0,-42.6711
6540435312.5,-42.68618
6540436250.0,-42.68675
6540437187.5,-42.66829
6540438125.0,-42.66267
6540439062.5,-42.66433
6540440000.0,-42.65139
6540440937.5,-42.67885
6540441875.0,-42.67031
6540442812.5,-42.67062
6540443750.0,-42.65655
6540444687.5,-42.67533
6540445625.0,-42.64547
6540446562.5,-42.64274
6540447500.0,-42.67242
6540448437.5,-42.65424
6540449375.0,-42.67338
6540450312.5,-42.68679
6540451250.0,-42.66714
6540452187.5,-42.64262
6540453125.0,-42.66584
6540454062.5,-42.6833
6540455000.0,-42.67256
6540455937.5,-42.66956
6540456875.0,-42.66216
6540457812.5,-42.6731
6540458750.0,-42.66213
6540459687.5,-42.643
6540460625.0,-42.65527
6540461562.5,-42.6866
6540462500.0,-42.6447
6540463437.5,-42.65511
6540464375.0,-42.65209
6540465312.5,-42.6895
6540466250.0,-42.66537
6540467187.5,-42.64793
6540468125.0,-42.67137
6540469062.5,-42.66666
6540470000.0,-42.65276
6540470937.5,-42.66105
6540471875.0,-42.66903
6540472812.5,-42.64322
6540473750.0,-42.65948
6540474687.5,-42.66515
6540475625.0,-42.64962
6540476562.5,-42.64527
6540477500.0,-42.6567
6540478437.5,-42.66037
6540479375.0,-42.64427
6540480312.5,-42.6431
6540481250.0,-42.63008
6540482187.5,-42.67751
6540483125.0,-42.62496
6540484062.5,-42.62099
6540485000.0,-42.66426
6540485937.5,-42.66368
6540486875.0,-42.67025
6540487812.5,-42.65508
6540488750.0,-42.63749
6540489687.5,-42.67564
6540490625.0,-42.66107
6540491562.5,-42.6433
6540492500.0,-42.64987
6540493437.5,-42.66565
6540494375.0,-42.67384
6540495312.5,-42.65473
6540496250.0,-42.66437
6540497187.5,-42.64761
6540498125.0,-42.65958
6540499062.5,-42.63999
6540500000.0,-42.64249
6540500937.5,-42.63657
6540501875.0,-42.66085
6540502812.5,-42.65608
6540503750.0,-42.65274
6540504687.5,-42.69827
6540505625.0,-42.65574
6540506562.5,-42.67114
6540507500.0,-42.6545
6540508437.5,-42.64287
6540509375.0,-42.64898
6540510312.5,-42.66659
6540511250.0,-42.65055
6540512187.5,-42.6726
6540513125.0,-42.66287
6540514062.5,-42.64073
6540515000.0,-42.64375
6540515937.5,-42.64159
6540516875.0,-42.67149
6540517812.5,-42.65154
6540518750.0,-42.6251
6540519687.5,-42.63457
6540520625.0,-42.66905
6540521562.5,-42.63031
6540522500.0,-42.64997
6540523437.5,-42.64725
6540524375.0,-42.65118
6540525312.5,-42.64297
6540526250.0,-42.62895
6540527187.5,-42.63407
6540528125.0,-42.6531
6540529062.5,-42.6097
6540530000.0,-42.63759
6540530937.5,-42.63698
6540531875.0,-42.62385
6540532812.5,-42.64865
6540533750.0,-42.62243
6540534687.5,-42.65844
6540535625.0,-42.64954
6540536562.5,-42.64273
6540537500.0,-42.65117
6540538437.5,-42.64417
6540539375.0,-42.6335
6540540312.5,-42.64446
6540541250.0,-42.62646
6540542187.5,-42.6372
6540543125.0,-42.62243
6540544062.5,-42.63513
6540545000.0,-42.61151
6540545937.5,-42.62998
6540546875.0,-42.64995
6540547812.5,-42.63435
6540548750.0,-42.6184
6540549687.5,-42.61643
6540550625.0,-42.6174
6540551562.5,-42.6399
6540552500.0,-42.63503
6540553437.5,-42.62566
6540554375.0,-42.61408
6540555312.5,-42.61618
6540556250.0,-42.62482
6540557187.5,-42.62378
6540558125.0,-42.63322
6540559062.5,-42.62808
6540560000.0,-42.63496
6540560937.5,-42.61836
6540561875.0,-42.64177
6540562812.5,-42.64795
6540563750.0,-42.65274
6540564687.5,-42.61461
6540565625.0,-42.61732
6540566562.5,-42.60312
6540567500.0,-42.62897
6540568437.5,-42.62222
6540569375.0,-42.63829
6540570312.5,-42.61767
6540571250.0,-42.64383
6540572187.5,-42.64014
6540573125.0,-42.61143
6540574062.5,-42.60077
6540575000.0,-42.62207
6540575937.5,-42.62837
6540576875.0,-42.60547
6540577812.5,-42.64067
6540578750.0,-42.62171
6540579687.5,-42.61665
6540580625.0,-42.634
6540581562.5,-42.6156
6540582500.0,-42.62962
6540583437.5,-42.62814
6540584375.0,-42.64038
6540585312.5,-42.62326
6540586250.0,-42.63473
6540587187.5,-42.62101
6540588125.0,-42.63845
6540589062.5,-42.61615
6540590000.0,-42.59888
6540590937.5,-42.62957
6540591875.0,-42.61536
6540592812.5,-42.63688
6540593750.0,-42.60255
6540594687.5,-42.62276
6540595625.0,-42.61469
6540596562.5,-42.6336
6540597500.0,-42.61116
6540598437.5,-42.60933
6540599375.0,-42.60103
6540600312.5,-42.61892
6540601250.0,-42.5685
6540602187.5,-42.59226
6540603125.0,-42.59965
6540604062.5,-42.61149
6540605000.0,-42.60838
6540605937.5,-42.61883
6540606875.0,-42.61214
6540607812.5,-42.60545
6540608750.0,-42.63118
6540609687.5,-42.62653
6540610625.0,-42.58644
6540611562.5,-42.62656
6540612500.0,-42.57643
6540613437.5,-42.62011
6540614375.0,-42.60335
6540615312.5,-42.59993
6540616250.0,-42.60444
6540617187.5,-42.60639
6540618125.0,-42.60537
6540619062.5,-42.62991
6540620000.0,-42.60244
6540620937.5,-42.60227
6540621875.0,-42.60257
6540622812.5,-42.60947
6540623750.0,-42.62871
6540624687.5,-42.60476
6540625625.0,-42.60647
6540626562.5,-42.60728
6540627500.0,-42.61008
6540628437.5,-42.59095
6540629375.0,-42.60537
6540630312.5,-42.61303
6540631250.0,-42.59436
6540632187.5,-42.60649
6540633125.0,-42.59837
6540634062.5,-42.62268
6540635000.0,-42.60033
6540635937.5,-42.59996
6540636875.0,-42.57854
6540637812.5,-42.60466
6540638750.0,-42.58324
6540639687.5,-42.59706
6540640625.0,-42.59627
6540641562.5,-42.58115
6540642500.0,-42.58998
6540643437.5,-42.59739
6540644375.0,-42.59317
6540645312.5,-42.60778
6540646250.0,-42.60673
6540647187.5,-42.59365
6540648125.0,-42.59653
6540649062.5,-42.59952
6540650000.0,-42.61166
6540650937.5,-42.61377
6540651875.0,-42.57454
6540652812.5,-42.58111
6540653750.0,-42.60587
6540654687.5,-42.58437
6540655625.0,-42.59336
6540656562.5,-42.59824
6540657500.0,-42.59542
6540658437.5,-42.56491
6540659375.0,-42.5894
6540660312.5,-42.58577
6540661250.0,-42.6001
6540662187.5,-42.59472
6540663125.0,-42.56668
6540664062.5,-42.56322
6540665000.0,-42.61533
6540665937.5,-42.58964
6540666875.0,-42.59694
6540667812.5,-42.57676
6540668750.0,-42.58852
6540669687.5,-42.5709
6540670625.0,-42.59913
6540671562.5,-42.60093
6540672500.0,-42.5733
6540673437.5,-42.60739
6540674375.0,-42.58258
6540675312.5,-42.59344
6540676250.0,-42.59587
6540677187.5,-42.61595
6540678125.0,-42.59534
6540679062.5,-42.57322
6540680000.0,-42.59002
6540680937.5,-42.5807
6540681875.0,-42.57013
6540682812.5,-42.58534
6540683750.0,-42.58014
6540684687.5,-42.59776
6540685625.0,-42.56306
6540686562.5,-42.58677
6540687500.0,-42.57805
6540688437.5,-42.58735
6540689375.0,-42.59561
6540690312.5,-42.56955
6540691250.0,-42.58133
6540692187.5,-42.59269
6540693125.0,-42.57894
6540694062.5,-42.58466
6540695000.0,-42.57675
6540695937.5,-42.58909
6540696875.0,-42.54653
6540697812.5,-42.56986
6540698750.0,-42.59098
6540699687.5,-42.60072
6540700625.0,-42.59372
6540701562.5,-42.60156
6540702500.0,-42.58448
6540703437.5,-42.56895
6540704375.0,-42.57055
6540705312.5,-42.55681
6540706250.0,-42.59274
6540707187.5,-42.58661
6540708125.0,-42.57273
6540709062.5,-42.54728
6540710000.0,-42.57834
6540710937.5,-42.57724
6540711875.0,-42.56535
6540712812.5,-42.57829
6540713750.0,-42.5629
6540714687.5,-42.58649
6540715625.0,-42.55469
6540716562.5,-42.55886
6540717500.0,-42.56491
6540718437.5,-42.55956
6540719375.0,-42.59603
6540720312.5,-42.56773
6540721250.0,-42.56901
6540722187.5,-42.58977
6540723125.0,-42.55467
6540724062.5,-42.57071
6540725000.0,-42.57384
6540725937.5,-42.57941
6540726875.0,-42.54586
6540727812.5,-42.55301
6540728750.0,-42.55884
6540729687.5,-42.53625
6540730625.0,-42.57133
6540731562.5,-42.55912
6540732500.0,-42.55948
6540733437.5,-42.59726
6540734375.0,-42.56305
6540735312.5,-42.57139
6540736250.0,-42.54631
6540737187.5,-42.57099
6540738125.0,-42.55949
6540739062.5,-42.56633
6540740000.0,-42.53286
6540740937.5,-42.55258
6540741875.0,-42.5737
6540742812.5,-42.56114
6540743750.0,-42.56374
6540744687.5,-42.56561
6540745625.0,-42.54861
6540746562.5,-42.5706
6540747500.0,-42.56335
6540748437.5,-42.55931
6540749375.0,-42.58399
6540750312.5,-42.57746
6540751250.0,-42.5511
6540752187.5,-42.56537
6540753125.0,-42.55244
6540754062.5,-42.55585
6540755000.0,-42.55289
6540755937.5,-42.58909
6540756875.0,-42.55669
6540757812.5,-42.5527
6540758750.0,-42.54477
6540759687.5,-42.56783
6540760625.0,-42.55527
6540761562.5,-42.5526
6540762500.0,-42.54835
6540763437.5,-42.5683
6540764375.0,-42.54495
6540765312.5,-42.55857
6540766250.0,-42.55519
6540767187.5,-42.54911
6540768125.0,-42.54071
6540769062.5,-42.5607
6540770000.0,-42.57276
6540770937.5,-42.56729
6540771875.0,-42.55667
6540772812.5,-42.549
6540773750.0,-42.52407
6540774687.5,-42.56107
6540775625.0,-42.52771
6540776562.5,-42.57299
6540777500.0,-42.53645
6540778437.5,-42.55047
6540779375.0,-42.55619
6540780312.5,-42.53771
6540781250.0,-42.55081
6540782187.5,-42.55649
6540783125.0,-42.55083
6540784062.5,-42.56691
6540785000.0,-42.53548
6540785937.5,-42.56843
6540786875.0,-42.51451
6540787812.5,-42.54252
6540788750.0,-42.53488
6540789687.5,-42.548
6540790625.0,-42.55059
6540791562.5,-42.53696
6540792500.0,-42.53256
6540793437.5,-42.56086
6540794375.0,-42.55058
6540795312.5,-42.53727
6540796250.0,-42.55244
6540797187.5,-42.54211
6540798125.0,-42.54993
6540799062.5,-42.53767
6540800000.0,-42.55633
6540800937.5,-42.54798
6540801875.0,-42.53139
6540802812.5,-42.54417
6540803750.0,-42.53181
6540804687.5,-42.55732
6540805625.0,-42.56042
6540806562.5,-42.54641
6540807500.0,-42.51862
6540808437.5,-42.53189
6540809375.0,-42.54098
6540810312.5,-42.52959
6540811250.0,-42.52322
6540812187.5,-42.55488
6540813125.0,-42.51925
6540814062.5,-42.52315
6540815000.0,-42.52619
6540815937.5,-42.54014
6540816875.0,-42.54439
6540817812.5,-42.56044
6540818750.0,-42.52843
6540819687.5,-42.54649
6540820625.0,-42.55499
6540821562.5,-42.52807
6540822500.0,-42.53531
6540823437.5,-42.53077
6540824375.0,-42.52563
6540825312.5,-42.52711
6540826250.0,-42.52657
6540827187.5,-42.5412
6540828125.0,-42.5286
6540829062.5,-42.5592
6540830000.0,-42.54287
6540830937.5,-42.52233
6540831875.0,-42.52902
6540832812.5,-42.52914
6540833750.0,-42.54134
6540834687.5,-42.52932
6540835625.0,-42.52315
6540836562.5,-42.5299
6540837500.0,-42.5397
6540838437.5,-42.5268
6540839375.0,-42.52317
6540840312.5,-42.52956
6540841250.0,-42.51723
6540842187.5,-42.53565
6540843125.0,-42.54593
6540844062.5,-42.54391
6540845000.0,-42.53163
6540845937.5,-42.53161
6540846875.0,-42.53809
6540847812.5,-42.51176
6540848750.0,-42.51326
6540849687.5,-42.52444
6540850625.0,-42.51886
6540851562.5,-42.52236
6540852500.0,-42.5523
6540853437.5,-42.52363
6540854375.0,-42.51066
6540855312.5,-42.5142
6540856250.0,-42.52435
6540857187.5,-42.50807
6540858125.0,-42.52451
6540859062.5,-42.51744
6540860000.0,-42.55149
6540860937.5,-42.52516
6540861875.0,-42.49413
6540862812.5,-42.51712
6540863750.0,-42.53415
6540864687.5,-42.51178
6540865625.0,-42.55267
6540866562.5,-42.51461
6540867500.0,-42.52509
6540868437.5,-42.53325
6540869375.0,-42.52182
6540870312.5,-42.51732
6540871250.0,-42.51602
6540872187.5,-42.52555
6540873125.0,-42.51109
6540874062.5,-42.51946
6540875000.0,-42.51247
6540875937.5,-42.509
6540876875.0,-42.52671
6540877812.5,-42.5118
6540878750.0,-42.52528
6540879687.5,-42.50941
6540880625.0,-42.5044
6540881562.5,-42.50162
6540882500.0,-42.52779
6540883437.5,-42.52175
6540884375.0,-42.51823
6540885312.5,-42.5127
6540886250.0,-42.52504
6540887187.5,-42.51916
6540888125.0,-42.51255
6540889062.5,-42.50354
6540890000.0,-42.50462
6540890937.5,-42.47958
6540891875.0,-42.51959
6540892812.5,-42.49566
6540893750.0,-42.49962
6540894687.5,-42.50118
6540895625.0,-42.52898
6540896562.5,-42.53174
6540897500.0,-42.49839
6540898437.5,-42.50129
6540899375.0,-42.50142
6540900312.5,-42.51915
6540901250.0,-42.51662
6540902187.5,-42.50657
6540903125.0,-42.48922
6540904062.5,-42.50882
6540905000.0,-42.49152
6540905937.5,-42.51307
6540906875.0,-42.48826
6540907812.5,-42.52279
6540908750.0,-42.50661
6540909687.5,-42.4802
6540910625.0,-42.51492
6540911562.5,-42.53203
6540912500.0,-42.49696
6540913437.5,-42.49554
6540914375.0,-42.49475
6540915312.5,-42.50531
6540916250.0,-42.51659
6540917187.5,-42.48958
6540918125.0,-42.50892
6540919062.5,-42.52011
6540920000.0,-42.52931
6540920937.5,-42.49135
6540921875.0,-42.50692
6540922812.5,-42.51218
6540923750.0,-42.50042
6540924687.5,-42.51162
6540925625.0,-42.50448
6540926562.5,-42.4836
6540927500.0,-42.49764
6540928437.5,-42.49294
6540929375.0,-42.49891
6540930312.5,-42.50434
6540931250.0,-42.50892
6540932187.5,-42.48857
6540933125.0,-42.508
6540934062.5,-42.49828
6540935000.0,-42.48652
6540935937.5,-42.4758
6540936875.0,-42.49937
6540937812.5,-42.5095
6540938750.0,-42.48228
6540939687.5,-42.49614
6540940625.0,-42.49418
6540941562.5,-42.50376
6540942500.0,-42.51692
6540943437.5,-42.48107
6540944375.0,-42.49473
6540945312.5,-42.49013
6540946250.0,-42.47387
6540947187.5,-42.45766
6540948125.0,-42.50706
6540949062.5,-42.50486
6540950000.0,-42.49772
6540950937.5,-42.47878
6540951875.0,-42.50789
6540952812.5,-42.46967
6540953750.0,-42.48614
6540954687.5,-42.48276
6540955625.0,-42.4818
6540956562.5,-42.47178
6540957500.0,-42.48942
6540958437.5,-42.47258
6540959375.0,-42.5092
6540960312.5,-42.49119
6540961250.0,-42.49403
6540962187.5,-42.49152
6540963125.0,-42.49519
6540964062.5,-42.46874
6540965000.0,-42.48539
6540965937.5,-42.47967
6540966875.0,-42.47715
6540967812.5,-42.48315
6540968750.0,-42.47271
6540969687.5,-42.49331
6540970625.0,-42.50838
6540971562.5,-42.4802
6540972500.0,-42.48869
6540973437.5,-42.47218
6540974375.0,-42.5022
6540975312.5,-42.47053
6540976250.0,-42.47503
6540977187.5,-42.46227
6540978125.0,-42.4814
6540979062.5,-42.47242
6540980000.0,-42.48327
6540980937.5,-42.47936
6540981875.0,-42.48735
6540982812.5,-42.50133
6540983750.0,-42.49231
6540984687.5,-42.47514
6540985625.0,-42.46209
6540986562.5,-42.4509
6540987500.0,-42.47541
6540988437.5,-42.49349
6540989375.0,-42.49412
6540990312.5,-42.46793
6540991250.0,-42.46607
6540992187.5,-42.47539
6540993125.0,-42.45385
6540994062.5,-42.49708
6540995000.0,-42.46883
6540995937.5,-42.47807
6540996875.0,-42.46001
6540997812.5,-42.47171
6540998750.0,-42.47943
6540999687.5,-42.46814
6541000625.0,-42.48745
6541001562.5,-42.45726
6541002500.0,-42.47436
6541003437.5,-42.47342
6541004375.0,-42.45943
6541005312.5,-42.44779
6541006250.0,-42.486
6541007187.5,-42.4706
6541008125.0,-42.48088
6541009062.5,-42.46257
6541010000.0,-42.4688
6541010937.5,-42.47111
6541011875.0,-42.48365
6541012812.5,-42.47282
6541013750.0,-42.46077
6541014687.5,-42.48479
6541015625.0,-42.48215
6541016562.5,-42.45178
6541017500.0,-42.44842
6541018437.5,-42.47181
6541019375.0,-42.47309
6541020312.5,-42.46882
6541021250.0,-42.46801
6541022187.5,-42.44552
6541023125.0,-42.47029
6541024062.5,-42.42756
6541025000.0,-42.50274
6541025937.5,-42.47448
6541026875.0,-42.46784
6541027812.5,-42.46391
6541028750.0,-42.46015
6541029687.5,-42.46755
6541030625.0,-42.46469
6541031562.5,-42.46629
6541032500.0,-42.46277
6541033437.5,-42.45141
6541034375.0,-42.4634
6541035312.5,-42.4403
6541036250.0,-42.46073
6541037187.5,-42.45483
6541038125.0,-42.45079
6541039062.5,-42.47287
6541040000.0,-42.45885
6541040937.5,-42.44751
6541041875.0,-42.46599
6541042812.5,-42.46233
6541043750.0,-42.44376
6541044687.5,-42.43214
6541045625.0,-42.45977
6541046562.5,-42.44196
6541047500.0,-42.43735
6541048437.5,-42.43802
6541049375.0,-42.43055
6541050312.5,-42.45852
6541051250.0,-42.45016
6541052187.5,-42.45951
6541053125.0,-42.4341
6541054062.5,-42.46093
6541055000.0,-42.44273
6541055937.5,-42.45389
6541056875.0,-42.42274
6541057812.5,-42.44979
6541058750.0,-42.43595
6541059687.5,-42.44587
6541060625.0,-42.46766
6541061562.5,-42.45961
6541062500.0,-42.44484
6541063437.5,-42.46252
6541064375.0,-42.47775
6541065312.5,-42.41954
6541066250.0,-42.4348
6541067187.5,-42.43097
6541068125.0,-42.45334
6541069062.5,-42.46531
6541070000.0,-42.42978
6541070937.5,-42.45466
6541071875.0,-42.44015
6541072812.5,-42.44394
6541073750.0,-42.43465
6541074687.5,-42.45223
6541075625.0,-42.44889
6541076562.5,-42.4361
6541077500.0,-42.44774
6541078437.5,-42.43484
6541079375.0,-42.43922
6541080312.5,-42.43629
6541081250.0,-42.46171
6541082187.5,-42.42652
6541083125.0,-42.47774
6541084062.5,-42.451
6541085000.0,-42.44826
6541085937.5,-42.43109
6541086875.0,-42.44844
6541087812.5,-42.43863
6541088750.0,-42.4413
6541089687.5,-42.42627
6541090625.0,-42.45075
6541091562.5,-42.45901
6541092500.0,-42.45255
6541093437.5,-42.43054
6541094375.0,-42.43917
6541095312.5,-42.4437
6541096250.0,-42.41287
6541097187.5,-42.43775
6541098125.0,-42.42967
6541099062.5,-42.42058
6541100000.0,-42.43122
6541100937.5,-42.41887
6541101875.0,-42.41907
6541102812.5,-42.44798
6541103750.0,-42.44761
6541104687.5,-42.43247
6541105625.0,-42.43378
6541106562.5,-42.4309
6541107500.0,-42.42689
6541108437.5,-42.42542
6541109375.0,-42.44039
6541110312.5,-42.39847
6541111250.0,-42.46015
6541112187.5,-42.45005
6541113125.0,-42.41187
6541114062.5,-42.4214
6541115000.0,-42.40438
6541115937.5,-42.43681
6541116875.0,-42.43937
6541117812.5,-42.41731
6541118750.0,-42.42193
6541119687.5,-42.41852
6541120625.0,-42.43773
6541121562.5,-42.44675
6541122500.0,-42.42271
6541123437.5,-42.42636
6541124375.0,-42.42455
6541125312.5,-42.41454
6541126250.0,-42.42109
6541127187.5,-42.42392
6541128125.0,-42.44281
6541129062.5,-42.40289
6541130000.0,-42.42859
6541130937.5,-42.42999
6541131875.0,-42.44481
6541132812.5,-42.42666
6541133750.0,-42.41842
6541134687.5,-42.41955
6541135625.0,-42.4369
6541136562.5,-42.41785
6541137500.0,-42.40973
6541138437.5,-42.40417
6541139375.0,-42.40958
6541140312.5,-42.40801
6541141250.0,-42.42523
6541142187.5,-42.42743
6541143125.0,-42.40174
6541144062.5,-42.4259
6541145000.0,-42.4024
6541145937.5,-42.41341
6541146875.0,-42.4048
6541147812.5,-42.43882
6541148750.0,-42.42154
6541149687.5,-42.41738
6541150625.0,-42.39724
6541151562.5,-42.41745
6541152500.0,-42.43754
6541153437.5,-42.41342
6541154375.0,-42.43624
6541155312.5,-42.42912
6541156250.0,-42.41489
6541157187.5,-42.43565
6541158125.0,-42.39063
6541159062.5,-42.40036
6541160000.0,-42.42388
6541160937.5,-42.41494
6541161875.0,-42.41654
6541162812.5,-42.41072
6541163750.0,-42.41292
6541164687.5,-42.41056
6541165625.0,-42.41479
6541166562.5,-42.40131
6541167500.0,-42.41454
6541168437.5,-42.41073
6541169375.0,-42.41626
6541170312.5,-42.40695
6541171250.0,-42.43195
6541172187.5,-42.41269
6541173125.0,-42.41732
6541174062.5,-42.40068
6541175000.0,-42.40628
6541175937.5,-42.41178
6541176875.0,-42.40124
6541177812.5,-42.40331
6541178750.0,-42.41126
6541179687.5,-42.40981
6541180625.0,-42.39586
6541181562.5,-42.42721
6541182500.0,-42.42889
6541183437.5,-42.40446
6541184375.0,-42.39558
6541185312.5,-42.39537
6541186250.0,-42.40887
6541187187.5,-42.40782
6541188125.0,-42.40623
6541189062.5,-42.41031
6541190000.0,-42.3977
6541190937.5,-42.40234
6541191875.0,-42.38811
6541192812.5,-42.38337
6541193750.0,-42.41034
6541194687.5,-42.41051
6541195625.0,-42.37509
6541196562.5,-42.40607
6541197500.0,-42.38335
6541198437.5,-42.39981
6541199375.0,-42.38628
6541200312.5,-42.3843
6541201250.0,-42.39259
6541202187.5,-42.39051
6541203125.0,-42.38805
6541204062.5,-42.39488
6541205000.0,-42.3932
6541205937.5,-42.38075
6541206875.0,-42.37558
6541207812.5,-42.39467
6541208750.0,-42.39064
6541209687.5,-42.39553
6541210625.0,-42.37836
6541211562.5,-42.39734
6541212500.0,-42.37922
6541213437.5,-42.41847
6541214375.0,-42.42887
6541215312.5,-42.3983
6541216250.0,-42.41325
6541217187.5,-42.4189
6541218125.0,-42.37637
6541219062.5,-42.40134
6541220000.0,-42.40179
6541220937.5,-42.39301
6541221875.0,-42.40793
6541222812.5,-42.4025
6541223750.0,-42.38936
6541224687.5,-42.40382
6541225625.0,-42.40991
6541226562.5,-42.38668
6541227500.0,-42.39248
6541228437.5,-42.39753
6541229375.0,-42.38621
6541230312.5,-42.35657
6541231250.0,-42.3827
6541232187.5,-42.39146
6541233125.0,-42.40539
6541234062.5,-42.37984
6541235000.0,-42.39075
6541235937.5,-42.37789
6541236875.0,-42.39238
6541237812.5,-42.40895
6541238750.0,-42.39108
6541239687.5,-42.38128
6541240625.0,-42.38548
6541241562.5,-42.38915
6541242500.0,-42.3568
6541243437.5,-42.38396
6541244375.0,-42.41043
6541245312.5,-42.38649
6541246250.0,-42.36627
6541247187.5,-42.35732
6541248125.0,-42.37256
6541249062.5,-42.38255
6541250000.0,-42.38108
6541250937.5,-42.38133
6541251875.0,-42.38718
6541252812.5,-42.36966
6541253750.0,-42.39401
6541254687.5,-42.37533
6541255625.0,-42.38527
6541256562.5,-42.37862
6541257500.0,-42.3844
6541258437.5,-42.39685
6541259375.0,-42.37796
6541260312.5,-42.38916
6541261250.0,-42.3741
6541262187.5,-42.364
6541263125.0,-42.3948
6541264062.5,-42.38117
6541265000.0,-42.36701
6541265937.5,-42.38427
6541266875.0,-42.3745
6541267812.5,-42.38696
6541268750.0,-42.36655
6541269687.5,-42.37357
6541270625.0,-42.36866
6541271562.5,-42.37317
6541272500.0,-42.38869
6541273437.5,-42.37783
6541274375.0,-42.3782
6541275312.5,-42.38486
6541276250.0,-42.38723
6541277187.5,-42.36349
6541278125.0,-42.36012
6541279062.5,-42.35995
6541280000.0,-42.37028
6541280937.5,-42.38773
6541281875.0,-42.35807
6541282812.5,-42.37358
6541283750.0,-42.35964
6541284687.5,-42.35953
6541285625.0,-42.36935
6541286562.5,-42.36533
6541287500.0,-42.34755
6541288437.5,-42.39176
6541289375.0,-42.37965
6541290312.5,-42.38089
6541291250.0,-42.34716
6541292187.5,-42.35116
6541293125.0,-42.37914
6541294062.5,-42.37498
6541295000.0,-42.33764
6541295937.5,-42.35326
6541296875.0,-42.34343
6541297812.5,-42.35973
6541298750.0,-42.37848
6541299687.5,-42.36441
6541300625.0,-42.37143
6541301562.5,-42.3785
6541302500.0,-42.38298
6541303437.5,-42.35107
6541304375.0,-42.33752
6541305312.5,-42.39282
6541306250.0,-42.35979
6541307187.5,-42.33532
6541308125.0,-42.35738
6541309062.5,-42.37342
6541310000.0,-42.37565
6541310937.5,-42.34893
6541311875.0,-42.37547
6541312812.5,-42.35928
6541313750.0,-42.35983
6541314687.5,-42.35351
6541315625.0,-42.35837
6541316562.5,-42.37828
6541317500.0,-42.37069
6541318437.5,-42.38668
6541319375.0,-42.34871
6541320312.5,-42.33815
6541321250.0,-42.35644
6541322187.5,-42.33544
6541323125.0,-42.3676
6541324062.5,-42.34743
6541325000.0,-42.35844
6541325937.5,-42.37079
6541326875.0,-42.37022
6541327812.5,-42.35497
6541328750.0,-42.34282
6541329687.5,-42.35619
6541330625.0,-42.33769
6541331562.5,-42.36178
6541332500.0,-42.36326
6541333437.5,-42.35724
6541334375.0,-42.35971
6541335312.5,-42.34944
6541336250.0,-42.32741
6541337187.5,-42.33391
6541338125.0,-42.36936
6541339062.5,-42.34913
6541340000.0,-42.35948
6541340937.5,-42.36617
6541341875.0,-42.33806
6541342812.5,-42.33934
6541343750.0,-42.36763
6541344687.5,-42.34903
6541345625.0,-42.34686
6541346562.5,-42.33467
6541347500.0,-42.35073
6541348437.5,-42.37193
6541349375.0,-42.32839
6541350312.5,-42.32096
6541351250.0,-42.35972
6541352187.5,-42.32953
6541353125.0,-42.33558
6541354062.5,-42.33808
6541355000.0,-42.33694
6541355937.5,-42.32491
6541356875.0,-42.36378
6541357812.5,-42.37249
6541358750.0,-42.33535
6541359687.5,-42.37359
6541360625.0,-42.34473
6541361562.5,-42.32407
6541362500.0,-42.33312
6541363437.5,-42.34276
6541364375.0,-42.34681
6541365312.5,-42.30942
6541366250.0,-42.34458
6541367187.5,-42.342
6541368125.0,-42.33975
6541369062.5,-42.33527
6541370000.0,-42.32697
6541370937.5,-42.3441
6541371875.0,-42.3624
6541372812.5,-42.37014
6541373750.0,-42.34247
6541374687.5,-42.33356
6541375625.0,-42.35126
6541376562.5,-42.33311
6541377500.0,-42.33553
6541378437.5,-42.34445
6541379375.0,-42.34152
6541380312.5,-42.33604
6541381250.0,-42.35313
6541382187.5,-42.34402
6541383125.0,-42.34181
6541384062.5,-42.33545
6541385000.0,-42.35342
6541385937.5,-42.323
6541386875.0,-42.33495
6541387812.5,-42.32517
6541388750.0,-42.33521
6541389687.5,-42.33744
6541390625.0,-42.32362
6541391562.5,-42.32438
6541392500.0,-42.30944
6541393437.5,-42.35734
6541394375.0,-42.32856
6541395312.5,-42.31923
6541396250.0,-42.32302
6541397187.5,-42.3267
6541398125.0,-42.34712
6541399062.5,-42.33448
6541400000.0,-42.28893
6541400937.5,-42.34577
6541401875.0,-42.33445
6541402812.5,-42.31706
6541403750.0,-42.31729
6541404687.5,-42.30407
6541405625.0,-42.30926
6541406562.5,-42.31778
6541407500.0,-42.31098
6541408437.5,-42.33737
6541409375.0,-42.33551
6541410312.5,-42.31846
6541411250.0,-42.35073
6541412187.5,-42.33654
6541413125.0,-42.32117
6541414062.5,-42.32461
6541415000.0,-42.33313
6541415937.5,-42.3304
6541416875.0,-42.30802
6541417812.5,-42.31905
6541418750.0,-42.31146
6541419687.5,-42.31783
6541420625.0,-42.31358
6541421562.5,-42.31152
6541422500.0,-42.32369
6541423437.5,-42.32792
6541424375.0,-42.32589
6541425312.5,-42.31264
6541426250.0,-42.28564
6541427187.5,-42.32674
6541428125.0,-42.29928
6541429062.5,-42.30113
6541430000.0,-42.31293
6541430937.5,-42.29023
6541431875.0,-42.31109
6541432812.5,-42.31001
6541433750.0,-42.33312
6541434687.5,-42.33986
6541435625.0,-42.31104
6541436562.5,-42.31333
6541437500.0,-42.31367
6541438437.5,-42.28647
6541439375.0,-42.31363
6541440312.5,-42.33585
6541441250.0,-42.32864
6541442187.5,-42.31853
6541443125.0,-42.31453
6541444062.5,-42.30208
6541445000.0,-42.31004
6541445937.5,-42.30906
6541446875.0,-42.31078
6541447812.5,-42.30967
6541448750.0,-42.3078
6541449687.5,-42.30962
6541450625.0,-42.29782
6541451562.5,-42.30778
6541452500.0,-42.30512
6541453437.5,-42.30298
6541454375.0,-42.31509
6541455312.5,-42.32349
6541456250.0,-42.33089
6541457187.5,-42.2942
6541458125.0,-42.32053
6541459062.5,-42.31617
6541460000.0,-42.31554
6541460937.5,-42.30221
6541461875.0,-42.29557
6541462812.5,-42.29567
6541463750.0,-42.31107
6541464687.5,-42.3004
6541465625.0,-42.29741
6541466562.5,-42.30215
6541467500.0,-42.31021
6541468437.5,-42.28051
6541469375.0,-42.29779
6541470312.5,-42.28497
6541471250.0,-42.27586
6541472187.5,-42.28243
6541473125.0,-42.29131
6541474062.5,-42.29206
6541475000.0,-42.30521
6541475937.5,-42.29355
6541476875.0,-42.29786
6541477812.5,-42.31596
6541478750.0,-42.28246
6541479687.5,-42.27564
6541480625.0,-42.30529
6541481562.5,-42.30371
6541482500.0,-42.29636
6541483437.5,-42.29271
6541484375.0,-42.29189
6541485312.5,-42.28994
6541486250.0,-42.30531
6541487187.5,-42.31288
6541488125.0,-42.27559
6541489062.5,-42.28301
6541490000.0,-42.27627
6541490937.5,-42.30309
6541491875.0,-42.28015
6541492812.5,-42.29025
6541493750.0,-42.27771
6541494687.5,-42.28035
6541495625.0,-42.28556
6541496562.5,-42.28531
6541497500.0,-42.27399
6541498437.5,-42.28814
6541499375.0,-42.28196
6541500312.5,-42.27958
6541501250.0,-42.2733
6541502187.5,-42.28417
6541503125.0,-42.29099
6541504062.5,-42.29078
6541505000.0,-42.29789
6541505937.5,-42.30568
6541506875.0,-42.27927
6541507812.5,-42.2989
6541508750.0,-42.28617
6541509687.5,-42.28501
6541510625.0,-42.29323
6541511562.5,-42.28685
6541512500.0,-42.28401
6541513437.5,-42.28142
6541514375.0,-42.28942
6541515312.5,-42.29258
6541516250.0,-42.28132
6541517187.5,-42.2688
6541518125.0,-42.29724
6541519062.5,-42.27013
6541520000.0,-42.26617
6541520937.5,-42.27479
6541521875.0,-42.2803
6541522812.5,-42.26513
6541523750.0,-42.27886
6541524687.5,-42.27223
6541525625.0,-42.26444
6541526562.5,-42.30147
6541527500.0,-42.2815
6541528437.5,-42.30617
6541529375.0,-42.29447
6541530312.5,-42.27707
6541531250.0,-42.27035
6541532187.5,-42.27691
6541533125.0,-42.26908
6541534062.5,-42.26286
6541535000.0,-42.28325
6541535937.5,-42.2809
6541536875.0,-42.26908
6541537812.5,-42.29453
6541538750.0,-42.26406
6541539687.5,-42.26669
6541540625.0,-42.27504
6541541562.5,-42.28519
6541542500.0,-42.26906
6541543437.5,-42.24609
6541544375.0,-42.27327
6541545312.5,-42.26524
6541546250.0,-42.27693
6541547187.5,-42.26275
6541548125.0,-42.25583
6541549062.5,-42.27524
6541550000.0,-42.26135
6541550937.5,-42.27123
6541551875.0,-42.26089
6541552812.5,-42.24708
6541553750.0,-42.26329
6541554687.5,-42.26871
6541555625.0,-42.24213
6541556562.5,-42.26405
6541557500.0,-42.28102
6541558437.5,-42.27459
6541559375.0,-42.26558
6541560312.5,-42.25501
6541561250.0,-42.27721
6541562187.5,-42.26235
6541563125.0,-42.27893
6541564062.5,-42.27758
6541565000.0,-42.2607
6541565937.5,-42.26178
6541566875.0,-42.25142
6541567812.5,-42.28139
6541568750.0,-42.27714
6541569687.5,-42.26561
6541570625.0,-42.26218
6541571562.5,-42.24969
6541572500.0,-42.25288
6541573437.5,-42.26765
6541574375.0,-42.24224
6541575312.5,-42.25219
6541576250.0,-42.23668
6541577187.5,-42.2858
6541578125.0,-42.27141
6541579062.5,-42.23924
6541580000.0,-42.2723
6541580937.5,-42.2569
6541581875.0,-42.24247
6541582812.5,-42.24583
6541583750.0,-42.25647
6541584687.5,-42.27349
6541585625.0,-42.2665
6541586562.5,-42.27068
6541587500.0,-42.25077
6541588437.5,-42.25494
6541589375.0,-42.2543
6541590312.5,-42.25943
6541591250.0,-42.25057
6541592187.5,-42.25231
6541593125.0,-42.26004
6541594062.5,-42.26344
6541595000.0,-42.24967
6541595937.5,-42.23838
6541596875.0,-42.24413
6541597812.5,-42.25705
6541598750.0,-42.23705
6541599687.5,-42.256
6541600625.0,-42.24877
6541601562.5,-42.2487
6541602500.0,-42.25289
6541603437.5,-42.21654
6541604375.0,-42.26622
6541605312.5,-42.24691
6541606250.0,-42.24883
6541607187.5,-42.24051
6541608125.0,-42.24894
6541609062.5,-42.24524
6541610000.0,-42.26924
6541610937.5,-42.24942
6541611875.0,-42.25178
6541612812.5,-42.23955
6541613750.0,-42.24054
6541614687.5,-42.248
6541615625.0,-42.24698
6541616562.5,-42.23059
6541617500.0,-42.24358
6541618437.5,-42.23203
6541619375.0,-42.23517
6541620312.5,-42.2705
6541621250.0,-42.24726
6541622187.5,-42.23467
6541623125.0,-42.21006
6541624062.5,-42.23273
6541625000.0,-42.24471
6541625937.5,-42.21454
6541626875.0,-42.25064
6541627812.5,-42.24164
6541628750.0,-42.22723
6541629687.5,-42.25639
6541630625.0,-42.25803
6541631562.5,-42.24868
6541632500.0,-42.23771
6541633437.5,-42.25149
6541634375.0,-42.23486
6541635312.5,-42.22788
6541636250.0,-42.24073
6541637187.5,-42.24443
6541638125.0,-42.23461
6541639062.5,-42.23651
6541640000.0,-42.22458
6541640937.5,-42.23843
6541641875.0,-42.23019
6541642812.5,-42.24725
6541643750.0,-42.24757
6541644687.5,-42.25517
6541645625.0,-42.2655
6541646562.5,-42.24442
6541647500.0,-42.22374
6541648437.5,-42.22461
6541649375.0,-42.23042
6541650312.5,-42.2376
6541651250.0,-42.25599
6541652187.5,-42.2392
6541653125.0,-42.23174
6541654062.5,-42.24247
6541655000.0,-42.23855
6541655937.5,-42.24937
6541656875.0,-42.24006
6541657812.5,-42.22269
6541658750.0,-42.20684
6541659687.5,-42.22552
6541660625.0,-42.23502
6541661562.5,-42.24274
6541662500.0,-42.23456
6541663437.5,-42.21695
6541664375.0,-42.21606
6541665312.5,-42.25096
6541666250.0,-42.22189
6541667187.5,-42.2221
6541668125.0,-42.21912
6541669062.5,-42.22987
6541670000.0,-42.21613
6541670937.5,-42.21925
6541671875.0,-42.22617
6541672812.5,-42.22432
6541673750.0,-42.21606
6541674687.5,-42.2394
6541675625.0,-42.23434
6541676562.5,-42.21088
6541677500.0,-42.23024
6541678437.5,-42.22178
6541679375.0,-42.21948
6541680312.5,-42.23692
6541681250.0,-42.19942
6541682187.5,-42.2243
6541683125.0,-42.22033
6541684062.5,-42.21756
6541685000.0,-42.24076
6541685937.5,-42.24114
6541686875.0,-42.20565
6541687812.5,-42.20919
6541688750.0,-42.22685
6541689687.5,-42.22509
6541690625.0,-42.22695
6541691562.5,-42.21354
6541692500.0,-42.23306
6541693437.5,-42.21418
6541694375.0,-42.22752
6541695312.5,-42.2284
6541696250.0,-42.20741
6541697187.5,-42.21448
6541698125.0,-42.19987
6541699062.5,-42.22493
6541700000.0,-42.22902
6541700937.5,-42.22209
6541701875.0,-42.21031
6541702812.5,-42.21699
6541703750.0,-42.21354
6541704687.5,-42.22797
6541705625.0,-42.20764
6541706562.5,-42.23265
6541707500.0,-42.18672
6541708437.5,-42.23123
6541709375.0,-42.20798
6541710312.5,-42.19764
6541711250.0,-42.20615
6541712187.5,-42.20361
6541713125.0,-42.23278
6541714062.5,-42.2158
6541715000.0,-42.1955
6541715937.5,-42.2253
6541716875.0,-42.20385
6541717812.5,-42.2043
6541718750.0,-42.20581
6541719687.5,-42.21034
6541720625.0,-42.20016
6541721562.5,-42.19515
6541722500.0,-42.22698
6541723437.5,-42.18236
6541724375.0,-42.19233
6541725312.5,-42.19947
6541726250.0,-42.21195
6541727187.5,-42.19819
6541728125.0,-42.19593
6541729062.5,-42.20918
6541730000.0,-42.19822
6541730937.5,-42.20267
6541731875.0,-42.19526
6541732812.5,-42.19124
6541733750.0,-42.20704
6541734687.5,-42.21494
6541735625.0,-42.18479
6541736562.5,-42.2128
6541737500.0,-42.19083
6541738437.5,-42.18235
6541739375.0,-42.18168
6541740312.5,-42.20388
6541741250.0,-42.19097
6541742187.5,-42.19256
6541743125.0,-42.20131
6541744062.5,-42.19341
6541745000.0,-42.20015
6541745937.5,-42.21101
6541746875.0,-42.21334
6541747812.5,-42.2219
6541748750.0,-42.20666
6541749687.5,-42.21204
6541750625.0,-42.1925
6541751562.5,-42.19958
6541752500.0,-42.18703
6541753437.5,-42.19624
6541754375.0,-42.2086
6541755312.5,-42.20757
6541756250.0,-42.17762
6541757187.5,-42.21168
6541758125.0,-42.17668
6541759062.5,-42.17881
6541760000.0,-42.18237
6541760937.5,-42.20368
6541761875.0,-42.17307
6541762812.5,-42.19718
6541763750.0,-42.21887
6541764687.5,-42.18293
6541765625.0,-42.21738
6541766562.5,-42.19968
6541767500.0,-42.16695
6541768437.5,-42.20581
6541769375.0,-42.18181
6541770312.5,-42.1853
6541771250.0,-42.18827
6541772187.5,-42.19734
6541773125.0,-42.19093
6541774062.5,-42.19556
6541775000.0,-42.17574
6541775937.5,-42.1739
6541776875.0,-42.17424
6541777812.5,-42.18603
6541778750.0,-42.20263
6541779687.5,-42.18121
6541780625.0,-42.18082
6541781562.5,-42.17248
6541782500.0,-42.19753
6541783437.5,-42.1912
6541784375.0,-42.19386
6541785312.5,-42.19271
6541786250.0,-42.18332
6541787187.5,-42.19249
6541788125.0,-42.17936
6541789062.5,-42.1763
6541790000.0,-42.16477
6541790937.5,-42.19215
6541791875.0,-42.20621
6541792812.5,-42.18066
6541793750.0,-42.1678
6541794687.5,-42.16763
6541795625.0,-42.17654
6541796562.5,-42.18884
6541797500.0,-42.17886
6541798437.5,-42.19518
6541799375.0,-42.17722
6541800312.5,-42.18657
6541801250.0,-42.20022
6541802187.5,-42.17223
6541803125.0,-42.2
6541804062.5,-42.18943
6541805000.0,-42.18871
6541805937.5,-42.18575
6541806875.0,-42.1881
6541807812.5,-42.16185
6541808750.0,-42.17497
6541809687.5,-42.18935
6541810625.0,-42.18024
6541811562.5,-42.19112
6541812500.0,-42.18974
6541813437.5,-42.1753
6541814375.0,-42.15958
6541815312.5,-42.17531
6541816250.0,-42.20203
6541817187.5,-42.16897
6541818125.0,-42.15226
6541819062.5,-42.17373
6541820000.0,-42.16711
6541820937.5,-42.17531
6541821875.0,-42.15719
6541822812.5,-42.19748
6541823750.0,-42.18274
6541824687.5,-42.19271
6541825625.0,-42.17354
6541826562.5,-42.18106
6541827500.0,-42.17431
6541828437.5,-42.16099
6541829375.0,-42.15379
6541830312.5,-42.16895
6541831250.0,-42.15159
6541832187.5,-42.17465
6541833125.0,-42.15146
6541834062.5,-42.13566
6541835000.0,-42.15977
6541835937.5,-42.14865
6541836875.0,-42.17076
6541837812.5,-42.183
6541838750.0,-42.15221
6541839687.5,-42.16585
6541840625.0,-42.14742
6541841562.5,-42.15776
6541842500.0,-42.16031
6541843437.5,-42.16799
6541844375.0,-42.16007
6541845312.5,-42.16588
6541846250.0,-42.16524
6541847187.5,-42.16899
6541848125.0,-42.13855
6541849062.5,-42.15847
6541850000.0,-42.16687
6541850937.5,-42.17192
6541851875.0,-42.16309
6541852812.5,-42.14925
6541853750.0,-42.14048
6541854687.5,-42.15497
6541855625.0,-42.1688
6541856562.5,-42.17226
6541857500.0,-42.18547
6541858437.5,-42.15911
6541859375.0,-42.15279
6541860312.5,-42.15224
6541861250.0,-42.17121
6541862187.5,-42.18132
6541863125.0,-42.16056
6541864062.5,-42.16635
6541865000.0,-42.16721
6541865937.5,-42.14619
6541866875.0,-42.13956
6541867812.5,-42.1528
6541868750.0,-42.14692
6541869687.5,-42.12899
6541870625.0,-42.15829
6541871562.5,-42.14119
6541872500.0,-42.18093
6541873437.5,-42.14331
6541874375.0,-42.17369
6541875312.5,-42.13773
6541876250.0,-42.14003
6541877187.5,-42.13831
6541878125.0,-42.16568
6541879062.5,-42.14883
6541880000.0,-42.14186
6541880937.5,-42.14838
6541881875.0,-42.13802
6541882812.5,-42.15265
6541883750.0,-42.13508
6541884687.5,-42.16142
6541885625.0,-42.14553
6541886562.5,-42.15068
6541887500.0,-42.14375
6541888437.5,-42.15133
6541889375.0,-42.14498
6541890312.5,-42.14568
6541891250.0,-42.143
6541892187.5,-42.11799
6541893125.0,-42.15563
6541894062.5,-42.12674
6541895000.0,-42.13796
6541895937.5,-42.15277
6541896875.0,-42.12157
6541897812.5,-42.13067
6541898750.0,-42.14366
6541899687.5,-42.14696
6541900625.0,-42.13768
6541901562.5,-42.13314
6541902500.0,-42.13864
6541903437.5,-42.12658
6541904375.0,-42.15714
6541905312.5,-42.12585
6541906250.0,-42.13822
6541907187.5,-42.13431
6541908125.0,-42.11687
6541909062.5,-42.12342
6541910000.0,-42.12988
6541910937.5,-42.12722
6541911875.0,-42.14389
6541912812.5,-42.12017
6541913750.0,-42.12325
6541914687.5,-42.1412
6541915625.0,-42.11484
6541916562.5,-42.12203
6541917500.0,-42.13838
6541918437.5,-42.12745
6541919375.0,-42.14994
6541920312.5,-42.13292
6541921250.0,-42.11904
6541922187.5,-42.12851
6541923125.0,-42.12408
6541924062.5,-42.11974
6541925000.0,-42.11032
6541925937.5,-42.13827
6541926875.0,-42.13186
6541927812.5,-42.12944
6541928750.0,-42.14188
6541929687.5,-42.13089
6541930625.0,-42.13868
6541931562.5,-42.13588
6541932500.0,-42.14499
6541933437.5,-42.1354
6541934375.0,-42.11792
6541935312.5,-42.15087
6541936250.0,-42.12791
6541937187.5,-42.14294
6541938125.0,-42.10905
6541939062.5,-42.12498
6541940000.0,-42.11149
6541940937.5,-42.12037
6541941875.0,-42.10271
6541942812.5,-42.11008
6541943750.0,-42.10026
6541944687.5,-42.12134
6541945625.0,-42.13517
6541946562.5,-42.12412
6541947500.0,-42.12946
6541948437.5,-42.0946
6541949375.0,-42.13962
6541950312.5,-42.1387
6541951250.0,-42.1209
6541952187.5,-42.12744
6541953125.0,-42.10805
6541954062.5,-42.13419
6541955000.0,-42.12653
6541955937.5,-42.13758
6541956875.0,-42.11724
6541957812.5,-42.1298
6541958750.0,-42.10593
6541959687.5,-42.10626
6541960625.0,-42.09512
6541961562.5,-42.10677
6541962500.0,-42.11989
6541963437.5,-42.11109
6541964375.0,-42.12483
6541965312.5,-42.10548
6541966250.0,-42.11917
6541967187.5,-42.10758
6541968125.0,-42.12741
6541969062.5,-42.08508
6541970000.0,-42.10531
6541970937.5,-42.10641
6541971875.0,-42.11336
6541972812.5,-42.11418
6541973750.0,-42.12006
6541974687.5,-42.10738
6541975625.0,-42.10553
6541976562.5,-42.10913
6541977500.0,-42.11599
6541978437.5,-42.09726
6541979375.0,-42.11794
6541980312.5,-42.10751
6541981250.0,-42.11063
6541982187.5,-42.09947
6541983125.0,-42.11048
6541984062.5,-42.11721
6541985000.0,-42.11452
6541985937.5,-42.1102
6541986875.0,-42.10339
6541987812.5,-42.10996
6541988750.0,-42.09852
6541989687.5,-42.10892
6541990625.0,-42.09771
6541991562.5,-42.08857
6541992500.0,-42.08478
6541993437.5,-42.10598
6541994375.0,-42.09791
6541995312.5,-42.0896
6541996250.0,-42.11443
6541997187.5,-42.09862
6541998125.0,-42.08582
6541999062.5,-42.08913
6542000000.0,-42.11798
6542000937.5,-42.07587
6542001875.0,-42.09618
6542002812.5,-42.08173
6542003750.0,-42.08223
6542004687.5,-42.09624
6542005625.0,-42.09662
6542006562.5,-42.08684
6542007500.0,-42.09695
6542008437.5,-42.09154
6542009375.0,-42.10058
6542010312.5,-42.09962
6542011250.0,-42.10452
6542012187.5,-42.10561
6542013125.0,-42.09311
6542014062.5,-42.10223
6542015000.0,-42.09565
6542015937.5,-42.11327
6542016875.0,-42.09713
6542017812.5,-42.09144
6542018750.0,-42.08901
6542019687.5,-42.10381
6542020625.0,-42.11272
6542021562.5,-42.08899
6542022500.0,-42.07714
6542023437.5,-42.08552
6542024375.0,-42.09584
6542025312.5,-42.09525
6542026250.0,-42.07313
6542027187.5,-42.10094
6542028125.0,-42.074
6542029062.5,-42.06977
6542030000.0,-42.11189
6542030937.5,-42.08717
6542031875.0,-42.09403
6542032812.5,-42.10265
6542033750.0,-42.08157
6542034687.5,-42.09008
6542035625.0,-42.08212
6542036562.5,-42.08358
6542037500.0,-42.07716
6542038437.5,-42.08088
6542039375.0,-42.0887
6542040312.5,-42.08272
6542041250.0,-42.08647
6542042187.5,-42.07895
6542043125.0,-42.07705
6542044062.5,-42.09938
6542045000.0,-42.09592
6542045937.5,-42.10355
6542046875.0,-42.08505
6542047812.5,-42.0775
6542048750.0,-42.09493
6542049687.5,-42.07831
6542050625.0,-42.10903
6542051562.5,-42.09108
6542052500.0,-42.10422
6542053437.5,-42.07854
6542054375.0,-42.06739
6542055312.5,-42.06797
6542056250.0,-42.07216
6542057187.5,-42.09119
6542058125.0,-42.07798
6542059062.5,-42.05997
6542060000.0,-42.05983
6542060937.5,-42.06934
6542061875.0,-42.07094
6542062812.5,-42.0899
6542063750.0,-42.08358
6542064687.5,-42.08116
6542065625.0,-42.05905
6542066562.5,-42.07668
6542067500.0,-42.09386
6542068437.5,-42.08726
6542069375.0,-42.06505
6542070312.5,-42.075
6542071250.0,-42.08705
6542072187.5,-42.07191
6542073125.0,-42.0851
6542074062.5,-42.0848
6542075000.0,-42.06691
6542075937.5,-42.10208
6542076875.0,-42.06111
6542077812.5,-42.06794
6542078750.0,-42.07753
6542079687.5,-42.07051
6542080625.0,-42.07483
6542081562.5,-42.0505
6542082500.0,-42.07852
6542083437.5,-42.07471
6542084375.0,-42.08315
6542085312.5,-42.07516
6542086250.0,-42.08789
6542087187.5,-42.0641
6542088125.0,-42.0711
6542089062.5,-42.04041
6542090000.0,-42.05845
6542090937.5,-42.07634
6542091875.0,-42.05906
6542092812.5,-42.03742
6542093750.0,-42.0522
6542094687.5,-42.0704
6542095625.0,-42.04821
6542096562.5,-42.05615
6542097500.0,-42.0648
6542098437.5,-42.06456
6542099375.0,-42.08095
6542100312.5,-42.08233
6542101250.0,-42.06975
6542102187.5,-42.06693
6542103125.0,-42.06389
6542104062.5,-42.05256
6542105000.0,-42.05875
6542105937.5,-42.03571
6542106875.0,-42.0392
6542107812.5,-42.04976
6542108750.0,-42.05172
6542109687.5,-42.04445
6542110625.0,-42.06501
6542111562.5,-42.08538
6542112500.0,-42.04501
6542113437.5,-42.05481
6542114375.0,-42.06399
6542115312.5,-42.03788
6542116250.0,-42.03151
6542117187.5,-42.0687
6542118125.0,-42.04197
6542119062.5,-42.03947
6542120000.0,-42.05648
6542120937.5,-42.04948
6542121875.0,-42.05639
6542122812.5,-42.03931
6542123750.0,-42.05022
6542124687.5,-42.06834
6542125625.0,-42.06939
6542126562.5,-42.04585
6542127500.0,-42.02946
6542128437.5,-42.04511
6542129375.0,-42.06453
6542130312.5,-42.05327
6542131250.0,-42.05096
6542132187.5,-42.04249
6542133125.0,-42.04695
6542134062.5,-42.04215
6542135000.0,-42.03045
6542135937.5,-42.05708
6542136875.0,-42.07559
6542137812.5,-42.03891
6542138750.0,-42.05767
6542139687.5,-42.05956
6542140625.0,-42.06594
6542141562.5,-42.03992
6542142500.0,-42.05693
6542143437.5,-42.04675
6542144375.0,-42.03846
6542145312.5,-41.99705
6542146250.0,-42.04235
6542147187.5,-42.07557
6542148125.0,-42.03201
6542149062.5,-42.04665
6542150000.0,-42.03104
6542150937.5,-42.05666
6542151875.0,-42.05314
6542152812.5,-42.04966
6542153750.0,-42.03304
6542154687.5,-42.04789
6542155625.0,-42.06143
6542156562.5,-42.03763
6542157500.0,-42.02538
6542158437.5,-42.04586
6542159375.0,-42.04965
6542160312.5,-42.02679
6542161250.0,-42.03621
6542162187.5,-42.03391
6542163125.0,-42.05137
6542164062.5,-42.02624
6542165000.0,-42.05106
6542165937.5,-42.01244
6542166875.0,-42.03781
6542167812.5,-42.04085
6542168750.0,-42.05295
6542169687.5,-42.03002
6542170625.0,-42.02806
6542171562.5,-42.03736
6542172500.0,-42.04634
6542173437.5,-42.05151
6542174375.0,-42.04417
6542175312.5,-42.02372
6542176250.0,-42.02927
6542177187.5,-42.02896
6542178125.0,-42.01442
6542179062.5,-42.0451
6542180000.0,-42.03028
6542180937.5,-42.02272
6542181875.0,-42.02034
6542182812.5,-42.02019
6542183750.0,-42.03879
6542184687.5,-42.03561
6542185625.0,-42.00626
6542186562.5,-42.03349
6542187500.0,-42.02947
6542188437.5,-42.03828
6542189375.0,-42.03312
6542190312.5,-42.03984
6542191250.0,-42.03654
6542192187.5,-42.03772
6542193125.0,-42.02484
6542194062.5,-42.01813
6542195000.0,-42.03872
6542195937.5,-42.01255
6542196875.0,-42.01386
6542197812.5,-42.0305
6542198750.0,-42.03183
6542199687.5,-42.02247
6542200625.0,-42.02098
6542201562.5,-42.02681
6542202500.0,-42.01376
6542203437.5,-42.01472
6542204375.0,-42.02504
6542205312.5,-42.02063
6542206250.0,-42.01204
6542207187.5,-42.02069
6542208125.0,-42.02175
6542209062.5,-42.02023
6542210000.0,-42.03718
6542210937.5,-42.03416
6542211875.0,-42.02957
6542212812.5,-42.00787
6542213750.0,-42.01115
6542214687.5,-42.0262
6542215625.0,-42.02744
6542216562.5,-42.01494
6542217500.0,-42.01059
6542218437.5,-41.99896
6542219375.0,-42.01509
6542220312.5,-42.00666
6542221250.0,-42.00043
6542222187.5,-42.01031
6542223125.0,-42.02605
6542224062.5,-42.00842
6542225000.0,-41.99714
6542225937.5,-41.99876
6542226875.0,-42.022
6542227812.5,-42.03196
6542228750.0,-42.00788
6542229687.5,-42.01221
6542230625.0,-41.99144
6542231562.5,-42.02406
6542232500.0,-41.99322
6542233437.5,-42.01357
6542234375.0,-42.00509
6542235312.5,-42.02571
6542236250.0,-41.99474
6542237187.5,-42.01794
6542238125.0,-41.99019
6542239062.5,-41.99631
6542240000.0,-42.01843
6542240937.5,-42.02472
6542241875.0,-42.00164
6542242812.5,-42.00176
6542243750.0,-42.0041
6542244687.5,-41.98814
6542245625.0,-42.01755
6542246562.5,-42.01849
6542247500.0,-42.01904
6542248437.5,-41.99044
6542249375.0,-42.02372
6542250312.5,-41.99183
6542251250.0,-42.01942
6542252187.5,-42.02419
6542253125.0,-41.99895
6542254062.5,-42.00108
6542255000.0,-42.00692
6542255937.5,-41.98656
6542256875.0,-42.0092
6542257812.5,-41.98751
6542258750.0,-42.01163
6542259687.5,-41.97949
6542260625.0,-42.00969
6542261562.5,-41.98881
6542262500.0,-42.00793
6542263437.5,-41.98441
6542264375.0,-41.99807
6542265312.5,-41.988
6542266250.0,-41.99804
6542267187.5,-41.98785
6542268125.0,-42.00694
6542269062.5,-42.02051
6542270000.0,-42.00237
6542270937.5,-41.98812
6542271875.0,-42.00407
6542272812.5,-41.99528
6542273750.0,-41.98849
6542274687.5,-42.00844
6542275625.0,-41.99091
6542276562.5,-41.98496
6542277500.0,-41.98973
6542278437.5,-41.97924
6542279375.0,-41.97168
6542280312.5,-41.97066
6542281250.0,-42.00208
6542282187.5,-41.96251
6542283125.0,-41.98494
6542284062.5,-41.98082
6542285000.0,-42.00119
6542285937.5,-42.00385
6542286875.0,-42.01142
6542287812.5,-42.00196
6542288750.0,-41.97921
6542289687.5,-41.98782
6542290625.0,-42.00545
6542291562.5,-41.9871
6542292500.0,-41.99549
6542293437.5,-41.99335
6542294375.0,-41.99441
6542295312.5,-42.01923
6542296250.0,-41.983
6542297187.5,-41.98253
6542298125.0,-41.99804
6542299062.5,-41.98254
6542300000.0,-41.98251
6542300937.5,-41.97886
6542301875.0,-41.99059
6542302812.5,-41.99635
6542303750.0,-41.95786
6542304687.5,-41.97156
6542305625.0,-41.97445
6542306562.5,-41.99186
6542307500.0,-41.95951
6542308437.5,-41.97819
6542309375.0,-41.98007
6542310312.5,-41.97881
6542311250.0,-41.98237
6542312187.5,-41.97372
6542313125.0,-41.96481
6542314062.5,-41.98923
6542315000.0,-41.98219
6542315937.5,-41.99332
6542316875.0,-41.98557
6542317812.5,-41.98444
6542318750.0,-41.9902
6542319687.5,-41.99532
6542320625.0,-41.99064
6542321562.5,-41.97693
6542322500.0,-41.98661
6542323437.5,-42.00774
6542324375.0,-41.98048
6542325312.5,-41.9462
6542326250.0,-41.97723
6542327187.5,-41.97485
6542328125.0,-41.97753
6542329062.5,-41.98023
6542330000.0,-41.97176
6542330937.5,-41.98264
6542331875.0,-41.97569
6542332812.5,-41.97116
6542333750.0,-41.96507
6542334687.5,-41.97388
6542335625.0,-41.98174
6542336562.5,-41.98173
6542337500.0,-41.95148
6542338437.5,-41.96914
6542339375.0,-41.98748
6542340312.5,-41.99678
6542341250.0,-41.95933
6542342187.5,-41.97022
6542343125.0,-41.99058
6542344062.5,-41.96809
6542345000.0,-41.97087
6542345937.5,-41.96339
6542346875.0,-41.97255
6542347812.5,-41.97513
6542348750.0,-41.97437
6542349687.5,-41.96366
6542350625.0,-41.97273
6542351562.5,-41.95177
6542352500.0,-41.97705
6542353437.5,-41.96637
6542354375.0,-41.95408
6542355312.5,-41.97321
6542356250.0,-41.96017
6542357187.5,-41.95685
6542358125.0,-41.96761
6542359062.5,-41.97454
6542360000.0,-41.96925
6542360937.5,-41.97194
6542361875.0,-41.95031
6542362812.5,-41.9682
6542363750.0,-41.95256
6542364687.5,-41.96777
6542365625.0,-41.9645
6542366562.5,-41.94793
6542367500.0,-41.95256
6542368437.5,-41.94296
6542369375.0,-41.95333
6542370312.5,-41.94391
6542371250.0,-41.96429
6542372187.5,-41.94864
6542373125.0,-41.93309
6542374062.5,-41.97914
6542375000.0,-41.95587
6542375937.5,-41.93966
6542376875.0,-41.93348
6542377812.5,-41.95019
6542378750.0,-41.96613
6542379687.5,-41.94124
6542380625.0,-41.94194
6542381562.5,-41.96088
6542382500.0,-41.93545
6542383437.5,-41.96866
6542384375.0,-41.97215
6542385312.5,-41.95886
6542386250.0,-41.97852
6542387187.5,-41.97067
6542388125.0,-41.95359
6542389062.5,-41.94371
6542390000.0,-41.93416
6542390937.5,-41.93512
6542391875.0,-41.95956
6542392812.5,-41.95967
6542393750.0,-41.94761
6542394687.5,-41.93856
6542395625.0,-41.93706
6542396562.5,-41.95976
6542397500.0,-41.95504
6542398437.5,-41.94932
6542399375.0,-41.95718
6542400312.5,-41.94151
6542401250.0,-41.93544
6542402187.5,-41.94614
6542403125.0,-41.94026
6542404062.5,-41.94476
6542405000.0,-41.93476
6542405937.5,-41.94226
6542406875.0,-41.96373
6542407812.5,-41.94276
6542408750.0,-41.94442
6542409687.5,-41.94756
6542410625.0,-41.91992
6542411562.5,-41.93059
6542412500.0,-41.94286
6542413437.5,-41.95738
6542414375.0,-41.9366
6542415312.5,-41.95159
6542416250.0,-41.93029
6542417187.5,-41.92031
6542418125.0,-41.92339
6542419062.5,-41.92585
6542420000.0,-41.94593
6542420937.5,-41.94593
6542421875.0,-41.9385
6542422812.5,-41.94363
6542423750.0,-41.92556
6542424687.5,-41.92811
6542425625.0,-41.93075
6542426562.5,-41.93882
6542427500.0,-41.9393
6542428437.5,-41.95892
6542429375.0,-41.94628
6542430312.5,-41.91468
6542431250.0,-41.91852
6542432187.5,-41.94742
6542433125.0,-41.94111
6542434062.5,-41.91678
6542435000.0,-41.94332
6542435937.5,-41.92723
6542436875.0,-41.92169
6542437812.5,-41.93128
6542438750.0,-41.9397
6542439687.5,-41.91887
6542440625.0,-41.94932
6542441562.5,-41.91488
6542442500.0,-41.95119
6542443437.5,-41.91205
6542444375.0,-41.94045
6542445312.5,-41.9113
6542446250.0,-41.93445
6542447187.5,-41.96682
6542448125.0,-41.93397
6542449062.5,-41.95661
6542450000.0,-41.91897
6542450937.5,-41.93221
6542451875.0,-41.93188
6542452812.5,-41.92405
6542453750.0,-41.92732
6542454687.5,-41.91668
6542455625.0,-41.92448
6542456562.5,-41.92442
6542457500.0,-41.88337
6542458437.5,-41.92055
6542459375.0,-41.92369
6542460312.5,-41.91917
6542461250.0,-41.90665
6542462187.5,-41.89999
6542463125.0,-41.92186
6542464062.5,-41.92121
6542465000.0,-41.92423
6542465937.5,-41.92801
6542466875.0,-41.91377
6542467812.5,-41.90657
6542468750.0,-41.90384
6542469687.5,-41.89938
6542470625.0,-41.89555
6542471562.5,-41.90522
6542472500.0,-41.91589
6542473437.5,-41.9286
6542474375.0,-41.90658
6542475312.5,-41.91215
6542476250.0,-41.92517
6542477187.5,-41.92158
6542478125.0,-41.91531
6542479062.5,-41.91912
6542480000.0,-41.92676
6542480937.5,-41.93509
6542481875.0,-41.92665
6542482812.5,-41.92046
6542483750.0,-41.90725
6542484687.5,-41.87318
6542485625.0,-41.9095
6542486562.5,-41.9279
6542487500.0,-41.89025
6542488437.5,-41.91459
6542489375.0,-41.91262
6542490312.5,-41.89614
6542491250.0,-41.90534
6542492187.5,-41.91114
6542493125.0,-41.90845
6542494062.5,-41.90388
6542495000.0,-41.89572
6542495937.5,-41.93597
6542496875.0,-41.89491
6542497812.5,-41.90997
6542498750.0,-41.90855
6542499687.5,-41.91596
6542500625.0,-41.91941
6542501562.5,-41.90147
6542502500.0,-41.9084
6542503437.5,-41.89655
6542504375.0,-41.90304
6542505312.5,-41.90103
6542506250.0,-41.8905
6542507187.5,-41.89754
6542508125.0,-41.90812
6542509062.5,-41.89602
6542510000.0,-41.90451
6542510937.5,-41.89794
6542511875.0,-41.88657
6542512812.5,-41.90968
6542513750.0,-41.90218
6542514687.5,-41.88357
6542515625.0,-41.87546
6542516562.5,-41.90227
6542517500.0,-41.90006
6542518437.5,-41.9156
6542519375.0,-41.90757
6542520312.5,-41.92036
6542521250.0,-41.88848
6542522187.5,-41.89754
6542523125.0,-41.91756
6542524062.5,-41.90993
6542525000.0,-41.90377
6542525937.5,-41.88689
6542526875.0,-41.90556
6542527812.5,-41.91512
6542528750.0,-41.88909
6542529687.5,-41.89998
6542530625.0,-41.89618
6542531562.5,-41.88079
6542532500.0,-41.88549
6542533437.5,-41.87686
6542534375.0,-41.90492
6542535312.5,-41.88661
6542536250.0,-41.88421
6542537187.5,-41.87252
6542538125.0,-41.88365
6542539062.5,-41.90202
6542540000.0,-41.89702
6542540937.5,-41.87577
6542541875.0,-41.88738
6542542812.5,-41.89568
6542543750.0,-41.90507
6542544687.5,-41.90118
6542545625.0,-41.87507
6542546562.5,-41.89484
6542547500.0,-41.90892
6542548437.5,-41.88714
6542549375.0,-41.89112
6542550312.5,-41.87533
6542551250.0,-41.88337
6542552187.5,-41.90441
6542553125.0,-41.86221
6542554062.5,-41.88313
6542555000.0,-41.8875
6542555937.5,-41.87692
6542556875.0,-41.88911
6542557812.5,-41.8824
6542558750.0,-41.87611
6542559687.5,-41.87624
6542560625.0,-41.88542
6542561562.5,-41.87914
6542562500.0,-41.8761
6542563437.5,-41.88091
6542564375.0,-41.89058
6542565312.5,-41.87894
6542566250.0,-41.84848
6542567187.5,-41.87447
6542568125.0,-41.90118
6542569062.5,-41.87386
6542570000.0,-41.88435
6542570937.5,-41.85535
6542571875.0,-41.88365
6542572812.5,-41.86113
6542573750.0,-41.85927
6542574687.5,-41.88096
6542575625.0,-41.88438
6542576562.5,-41.90353
6542577500.0,-41.8751
6542578437.5,-41.88093
6542579375.0,-41.90704
6542580312.5,-41.88769
6542581250.0,-41.85367
6542582187.5,-41.90538
6542583125.0,-41.87534
6542584062.5,-41.86913
6542585000.0,-41.88008
6542585937.5,-41.87588
6542586875.0,-41.87074
6542587812.5,-41.87948
6542588750.0,-41.88454
6542589687.5,-41.87674
6542590625.0,-41.87687
6542591562.5,-41.86325
6542592500.0,-41.84824
6542593437.5,-41.86185
6542594375.0,-41.85258
6542595312.5,-41.89636
6542596250.0,-41.86802
6542597187.5,-41.84028
6542598125.0,-41.87615
6542599062.5,-41.85682
6542600000.0,-41.86226
6542600937.5,-41.86395
6542601875.0,-41.88386
6542602812.5,-41.87078
6542603750.0,-41.87009
6542604687.5,-41.85764
6542605625.0,-41.86293
6542606562.5,-41.84792
6542607500.0,-41.86048
6542608437.5,-41.86606
6542609375.0,-41.86614
6542610312.5,-41.86467
6542611250.0,-41.84524
6542612187.5,-41.8655
6542613125.0,-41.84402
6542614062.5,-41.84518
6542615000.0,-41.85233
6542615937.5,-41.8638
6542616875.0,-41.86937
6542617812.5,-41.85854
6542618750.0,-41.86629
6542619687.5,-41.86535
6542620625.0,-41.86202
6542621562.5,-41.86582
6542622500.0,-41.87041
6542623437.5,-41.85264
6542624375.0,-41.8489
6542625312.5,-41.85764
6542626250.0,-41.84436
6542627187.5,-41.84381
6542628125.0,-41.84962
6542629062.5,-41.87503
6542630000.0,-41.8367
6542630937.5,-41.84391
6542631875.0,-41.84183
6542632812.5,-41.84109
6542633750.0,-41.86494
6542634687.5,-41.83817
6542635625.0,-41.86897
6542636562.5,-41.84993
6542637500.0,-41.84215
6542638437.5,-41.87765
6542639375.0,-41.86925
6542640312.5,-41.83729
6542641250.0,-41.84692
6542642187.5,-41.85603
6542643125.0,-41.84739
6542644062.5,-41.8381
6542645000.0,-41.86456
6542645937.5,-41.83439
6542646875.0,-41.83855
6542647812.5,-41.84048
6542648750.0,-41.84325
6542649687.5,-41.82956
6542650625.0,-41.85197
6542651562.5,-41.85218
6542652500.0,-41.86187
6542653437.5,-41.83552
6542654375.0,-41.83327
6542655312.5,-41.85439
6542656250.0,-41.84267
6542657187.5,-41.83989
6542658125.0,-41.84726
6542659062.5,-41.84581
6542660000.0,-41.85559
6542660937.5,-41.83306
6542661875.0,-41.86403
6542662812.5,-41.83447
6542663750.0,-41.85448
6542664687.5,-41.83899
6542665625.0,-41.83436
6542666562.5,-41.85217
6542667500.0,-41.85056
6542668437.5,-41.81984
6542669375.0,-41.85036
6542670312.5,-41.82883
6542671250.0,-41.8432
6542672187.5,-41.84932
6542673125.0,-41.85433
6542674062.5,-41.85255
6542675000.0,-41.83862
6542675937.5,-41.81951
6542676875.0,-41.83617
6542677812.5,-41.83561
6542678750.0,-41.82528
6542679687.5,-41.84098
6542680625.0,-41.83255
6542681562.5,-41.82816
6542682500.0,-41.82106
6542683437.5,-41.83034
6542684375.0,-41.83407
6542685312.5,-41.83928
6542686250.0,-41.82983
6542687187.5,-41.85975
6542688125.0,-41.84678
6542689062.5,-41.83955
6542690000.0,-41.8302
6542690937.5,-41.852
6542691875.0,-41.85527
6542692812.5,-41.82778
6542693750.0,-41.8249
6542694687.5,-41.83499
6542695625.0,-41.83021
6542696562.5,-41.83388
6542697500.0,-41.82973
6542698437.5,-41.83574
6542699375.0,-41.80793
6542700312.5,-41.84426
6542701250.0,-41.83647
6542702187.5,-41.81751
6542703125.0,-41.8527
6542704062.5,-41.82207
6542705000.0,-41.82847
6542705937.5,-41.83705
6542706875.0,-41.84301
6542707812.5,-41.80586
6542708750.0,-41.83191
6542709687.5,-41.80314
6542710625.0,-41.83294
6542711562.5,-41.80468
6542712500.0,-41.85146
6542713437.5,-41.81385
6542714375.0,-41.82339
6542715312.5,-41.81573
6542716250.0,-41.81475
6542717187.5,-41.81606
6542718125.0,-41.81033
6542719062.5,-41.83657
6542720000.0,-41.82134
6542720937.5,-41.8105
6542721875.0,-41.81875
6542722812.5,-41.79206
6542723750.0,-41.82641
6542724687.5,-41.81351
6542725625.0,-41.80394
6542726562.5,-41.82997
6542727500.0,-41.83093
6542728437.5,-41.81483
6542729375.0,-41.80553
6542730312.5,-41.80045
6542731250.0,-41.84752
6542732187.5,-41.82659
6542733125.0,-41.82946
6542734062.5,-41.80106
6542735000.0,-41.80248
6542735937.5,-41.81268
6542736875.0,-41.81028
6542737812.5,-41.82073
6542738750.0,-41.82647
6542739687.5,-41.78699
6542740625.0,-41.81614
6542741562.5,-41.80051
6542742500.0,-41.81049
6542743437.5,-41.82076
6542744375.0,-41.83358
6542745312.5,-41.82529
6542746250.0,-41.81475
6542747187.5,-41.80225
6542748125.0,-41.83947
6542749062.5,-41.81269
6542750000.0,-41.81611
6542750937.5,-41.78783
6542751875.0,-41.81044
6542752812.5,-41.79501
6542753750.0,-41.80452
6542754687.5,-41.80679
6542755625.0,-41.8244
6542756562.5,-41.8218
6542757500.0,-41.81105
6542758437.5,-41.79404
6542759375.0,-41.80136
6542760312.5,-41.81227
6542761250.0,-41.81245
6542762187.5,-41.80408
6542763125.0,-41.80107
6542764062.5,-41.78736
6542765000.0,-41.80243
6542765937.5,-41.82021
6542766875.0,-41.79856
6542767812.5,-41.79128
6542768750.0,-41.79611
6542769687.5,-41.80262
6542770625.0,-41.81419
6542771562.5,-41.79026
6542772500.0,-41.81587
6542773437.5,-41.79565
6542774375.0,-41.79025
6542775312.5,-41.78341
6542776250.0,-41.79749
6542777187.5,-41.78001
6542778125.0,-41.80048
6542779062.5,-41.79031
6542780000.0,-41.80575
6542780937.5,-41.81878
6542781875.0,-41.77538
6542782812.5,-41.78668
6542783750.0,-41.78305
6542784687.5,-41.77808
6542785625.0,-41.79216
6542786562.5,-41.79
6542787500.0,-41.77528
6542788437.5,-41.79723
6542789375.0,-41.79779
6542790312.5,-41.78477
6542791250.0,-41.81525
6542792187.5,-41.78257
6542793125.0,-41.78196
6542794062.5,-41.78994
6542795000.0,-41.79247
6542795937.5,-41.78769
6542796875.0,-41.79602
6542797812.5,-41.77752
6542798750.0,-41.79823
6542799687.5,-41.79078
6542800625.0,-41.79108
6542801562.5,-41.79198
6542802500.0,-41.80138
6542803437.5,-41.78032
6542804375.0,-41.77427
6542805312.5,-41.79238
6542806250.0,-41.77122
6542807187.5,-41.78025
6542808125.0,-41.77088
6542809062.5,-41.79778
6542810000.0,-41.78117
6542810937.5,-41.77259
6542811875.0,-41.79044
6542812812.5,-41.76683
6542813750.0,-41.77959
6542814687.5,-41.76119
6542815625.0,-41.76087
6542816562.5,-41.79108
6542817500.0,-41.77915
6542818437.5,-41.77116
6542819375.0,-41.79625
6542820312.5,-41.78474
6542821250.0,-41.76694
6542822187.5,-41.76001
6542823125.0,-41.76868
6542824062.5,-41.78008
6542825000.0,-41.76056
6542825937.5,-41.75678
6542826875.0,-41.77524
6542827812.5,-41.76797
6542828750.0,-41.75423
6542829687.5,-41.77588
6542830625.0,-41.78197
6542831562.5,-41.78197
6542832500.0,-41.79372
6542833437.5,-41.76524
6542834375.0,-41.77349
6542835312.5,-41.75411
6542836250.0,-41.76504
6542837187.5,-41.78687
6542838125.0,-41.78035
6542839062.5,-41.78102
6542840000.0,-41.793
6542840937.5,-41.76538
6542841875.0,-41.75978
6542842812.5,-41.76466
6542843750.0,-41.75589
6542844687.5,-41.76773
6542845625.0,-41.7369
6542846562.5,-41.75389
6542847500.0,-41.76916
6542848437.5,-41.77349
6542849375.0,-41.76764
6542850312.5,-41.77101
6542851250.0,-41.7703
6542852187.5,-41.7653
6542853125.0,-41.77367
6542854062.5,-41.75073
6542855000.0,-41.76814
6542855937.5,-41.75378
6542856875.0,-41.7584
6542857812.5,-41.76096
6542858750.0,-41.76707
6542859687.5,-41.7702
6542860625.0,-41.76314
6542861562.5,-41.75398
6542862500.0,-41.78289
6542863437.5,-41.76188
6542864375.0,-41.75238
6542865312.5,-41.77483
6542866250.0,-41.7638
6542867187.5,-41.78341
6542868125.0,-41.76924
6542869062.5,-41.76273
6542870000.0,-41.77468
6542870937.5,-41.75896
6542871875.0,-41.76096
6542872812.5,-41.75737
6542873750.0,-41.76322
6542874687.5,-41.74784
6542875625.0,-41.74201
6542876562.5,-41.76373
6542877500.0,-41.76413
6542878437.5,-41.75648
6542879375.0,-41.74717
6542880312.5,-41.7687
6542881250.0,-41.74981
6542882187.5,-41.73659
6542883125.0,-41.76144
6542884062.5,-41.7188
6542885000.0,-41.76135
6542885937.5,-41.77254
6542886875.0,-41.75366
6542887812.5,-41.77306
6542888750.0,-41.7397
6542889687.5,-41.74227
6542890625.0,-41.75329
6542891562.5,-41.73973
6542892500.0,-41.76365
6542893437.5,-41.74589
6542894375.0,-41.73977
6542895312.5,-41.76366
6542896250.0,-41.74573
6542897187.5,-41.72985
6542898125.0,-41.75785
6542899062.5,-41.75193
6542900000.0,-41.75655
6542900937.5,-41.74046
6542901875.0,-41.75776
6542902812.5,-41.7268
6542903750.0,-41.74974
6542904687.5,-41.74394
6542905625.0,-41.74179
6542906562.5,-41.75738
6542907500.0,-41.7392
6542908437.5,-41.73647
6542909375.0,-41.73011
6542910312.5,-41.749
6542911250.0,-41.76438
6542912187.5,-41.74017
6542913125.0,-41.75156
6542914062.5,-41.77446
6542915000.0,-41.75345
6542915937.5,-41.74886
6542916875.0,-41.7614
6542917812.5,-41.75214
6542918750.0,-41.76617
6542919687.5,-41.74881
6542920625.0,-41.74737
6542921562.5,-41.75577
6542922500.0,-41.75002
6542923437.5,-41.74048
6542924375.0,-41.71841
6542925312.5,-41.74239
6542926250.0,-41.73154
6542927187.5,-41.74285
6542928125.0,-41.73668
6542929062.5,-41.73215
6542930000.0,-41.73243
6542930937.5,-41.73855
6542931875.0,-41.72861
6542932812.5,-41.71725
6542933750.0,-41.73593
6542934687.5,-41.73267
6542935625.0,-41.71376
6542936562.5,-41.73956
6542937500.0,-41.73728
6542938437.5,-41.71172
6542939375.0,-41.73549
6542940312.5,-41.72618
6542941250.0,-41.7221
6542942187.5,-41.73587
6542943125.0,-41.74082
6542944062.5,-41.72179
6542945000.0,-41.72167
6542945937.5,-41.72644
6542946875.0,-41.71765
6542947812.5,-41.72211
6542948750.0,-41.75387
6542949687.5,-41.71707
6542950625.0,-41.7355
6542951562.5,-41.7139
6542952500.0,-41.73678
6542953437.5,-41.73093
6542954375.0,-41.7153
6542955312.5,-41.72219
6542956250.0,-41.72441
6542957187.5,-41.71418
6542958125.0,-41.71727
6542959062.5,-41.7193
6542960000.0,-41.73266
6542960937.5,-41.72884
6542961875.0,-41.70002
6542962812.5,-41.71006
6542963750.0,-41.71938
6542964687.5,-41.70098
6542965625.0,-41.71315
6542966562.5,-41.71393
6542967500.0,-41.73105
6542968437.5,-41.71225
6542969375.0,-41.70764
6542970312.5,-41.69771
6542971250.0,-41.71911
6542972187.5,-41.7121
6542973125.0,-41.73174
6542974062.5,-41.70063
6542975000.0,-41.71269
6542975937.5,-41.69897
6542976875.0,-41.69905
6542977812.5,-41.71213
6542978750.0,-41.72136
6542979687.5,-41.72186
6542980625.0,-41.69703
6542981562.5,-41.72449
6542982500.0,-41.7031
6542983437.5,-41.70985
6542984375.0,-41.69896
6542985312.5,-41.69937
6542986250.0,-41.72395
6542987187.5,-41.72564
6542988125.0,-41.71599
6542989062.5,-41.70948
6542990000.0,-41.70556
6542990937.5,-41.71378
6542991875.0,-41.71087
6542992812.5,-41.70055
6542993750.0,-41.69064
6542994687.5,-41.70284
6542995625.0,-41.72652
6542996562.5,-41.71851
6542997500.0,-41.71185
6542998437.5,-41.70361
6542999375.0,-41.71998
6543000312.5,-41.70211
6543001250.0,-41.6973
6543002187.5,-41.72226
6543003125.0,-41.71442
6543004062.5,-41.72825
6543005000.0,-41.70728
6543005937.5,-41.67838
6543006875.0,-41.68991
6543007812.5,-41.70679
6543008750.0,-41.69889
6543009687.5,-41.7117
6543010625.0,-41.70164
6543011562.5,-41.69894
6543012500.0,-41.69756
6543013437.5,-41.69836
6543014375.0,-41.68628
6543015312.5,-41.70383
6543016250.0,-41.70224
6543017187.5,-41.69963
6543018125.0,-41.6995
6543019062.5,-41.69545
6543020000.0,-41.67961
6543020937.5,-41.70357
6543021875.0,-41.69412
6543022812.5,-41.71195
6543023750.0,-41.70098
6543024687.5,-41.70032
6543025625.0,-41.69835
6543026562.5,-41.69569
6543027500.0,-41.67801
6543028437.5,-41.69576
6543029375.0,-41.70726
6543030312.5,-41.71215
6543031250.0,-41.6871
6543032187.5,-41.70501
6543033125.0,-41.68216
6543034062.5,-41.69485
6543035000.0,-41.67999
6543035937.5,-41.70548
6543036875.0,-41.67529
6543037812.5,-41.67852
6543038750.0,-41.6853
6543039687.5,-41.69108
6543040625.0,-41.69983
6543041562.5,-41.6882
6543042500.0,-41.69035
6543043437.5,-41.68521
6543044375.0,-41.69365
6543045312.5,-41.67497
6543046250.0,-41.6769
6543047187.5,-41.69764
6543048125.0,-41.71109
6543049062.5,-41.68698
6543050000.0,-41.68577
6543050937.5,-41.68834
6543051875.0,-41.66221
6543052812.5,-41.70934
6543053750.0,-41.69131
6543054687.5,-41.66441
6543055625.0,-41.67416
6543056562.5,-41.67494
6543057500.0,-41.67383
6543058437.5,-41.6736
6543059375.0,-41.68003
6543060312.5,-41.69313
6543061250.0,-41.66758
6543062187.5,-41.70278
6543063125.0,-41.66854
6543064062.5,-41.68721
6543065000.0,-41.69489
6543065937.5,-41.67181
6543066875.0,-41.66397
6543067812.5,-41.69087
6543068750.0,-41.67046
6543069687.5,-41.68594
6543070625.0,-41.66968
6543071562.5,-41.6839
6543072500.0,-41.68147
6543073437.5,-41.66552
6543074375.0,-41.67875
6543075312.5,-41.67962
6543076250.0,-41.69886
6543077187.5,-41.64452
6543078125.0,-41.6824
6543079062.5,-41.67405
6543080000.0,-41.67829
6543080937.5,-41.67057
6543081875.0,-41.66396
6543082812.5,-41.67132
6543083750.0,-41.64342
6543084687.5,-41.6773
6543085625.0,-41.65149
6543086562.5,-41.66327
6543087500.0,-41.66237
6543088437.5,-41.64654
6543089375.0,-41.65614
6543090312.5,-41.68943
6543091250.0,-41.67751
6543092187.5,-41.64811
6543093125.0,-41.65907
6543094062.5,-41.64797
6543095000.0,-41.67755
6543095937.5,-41.66375
6543096875.0,-41.6572
6543097812.5,-41.64149
6543098750.0,-41.64804
6543099687.5,-41.65229
6543100625.0,-41.67828
6543101562.5,-41.65569
6543102500.0,-41.68962
6543103437.5,-41.66584
6543104375.0,-41.66755
6543105312.5,-41.67707
6543106250.0,-41.66094
6543107187.5,-41.66442
6543108125.0,-41.671
6543109062.5,-41.66937
6543110000.0,-41.66632
6543110937.5,-41.66225
6543111875.0,-41.64854
6543112812.5,-41.67056
6543113750.0,-41.65377
6543114687.5,-41.63486
6543115625.0,-41.66421
6543116562.5,-41.67643
6543117500.0,-41.67064
6543118437.5,-41.6658
6543119375.0,-41.66349
6543120312.5,-41.65236
6543121250.0,-41.66907
6543122187.5,-41.67109
6543123125.0,-41.63189
6543124062.5,-41.64563
6543125000.0,-41.66174
6543125937.5,-41.64518
6543126875.0,-41.65866
6543127812.5,-41.64098
6543128750.0,-41.66811
6543129687.5,-41.64992
6543130625.0,-41.65667
6543131562.5,-41.6523
6543132500.0,-41.64457
6543133437.5,-41.64289
6543134375.0,-41.65266
6543135312.5,-41.65273
6543136250.0,-41.63892
6543137187.5,-41.65256
6543138125.0,-41.65108
6543139062.5,-41.64221
6543140000.0,-41.66351
6543140937.5,-41.63963
6543141875.0,-41.64087
6543142812.5,-41.63531
6543143750.0,-41.63943
6543144687.5,-41.64617
6543145625.0,-41.6358
6543146562.5,-41.6521
6543147500.0,-41.63089
6543148437.5,-41.64441
6543149375.0,-41.64599
6543150312.5,-41.65379
6543151250.0,-41.64144
6543152187.5,-41.64836
6543153125.0,-41.65028
6543154062.5,-41.65849
6543155000.0,-41.63953
6543155937.5,-41.63282
6543156875.0,-41.63612
6543157812.5,-41.63979
6543158750.0,-41.64498
6543159687.5,-41.62566
6543160625.0,-41.641
6543161562.5,-41.63069
6543162500.0,-41.62261
6543163437.5,-41.63699
6543164375.0,-41.62676
6543165312.5,-41.62666
6543166250.0,-41.64185
6543167187.5,-41.63316
6543168125.0,-41.65115
6543169062.5,-41.64008
6543170000.0,-41.63975
6543170937.5,-41.65266
6543171875.0,-41.62867
6543172812.5,-41.63973
6543173750.0,-41.63395
6543174687.5,-41.63507
6543175625.0,-41.62706
6543176562.5,-41.64242
6543177500.0,-41.64928
6543178437.5,-41.63583
6543179375.0,-41.63008
6543180312.5,-41.65782
6543181250.0,-41.65173
6543182187.5,-41.6362
6543183125.0,-41.63627
6543184062.5,-41.63164
6543185000.0,-41.61983
6543185937.5,-41.62091
6543186875.0,-41.61872
6543187812.5,-41.63129
6543188750.0,-41.63716
6543189687.5,-41.62446
6543190625.0,-41.62682
6543191562.5,-41.60376
6543192500.0,-41.61885
6543193437.5,-41.64503
6543194375.0,-41.6271
6543195312.5,-41.61355
6543196250.0,-41.64762
6543197187.5,-41.63268
6543198125.0,-41.61838
6543199062.5,-41.61327
6543200000.0,-41.63202
6543200937.5,-41.61473
6543201875.0,-41.62138
6543202812.5,-41.60774
6543203750.0,-41.63694
6543204687.5,-41.63378
6543205625.0,-41.62147
6543206562.5,-41.62005
6543207500.0,-41.62212
6543208437.5,-41.606
6543209375.0,-41.5992
6543210312.5,-41.60762
6543211250.0,-41.63197
6543212187.5,-41.61911
6543213125.0,-41.61741
6543214062.5,-41.62822
6543215000.0,-41.60717
6543215937.5,-41.59276
6543216875.0,-41.60316
6543217812.5,-41.6343
6543218750.0,-41.61438
6543219687.5,-41.6227
6543220625.0,-41.62943
6543221562.5,-41.60524
6543222500.0,-41.59714
6543223437.5,-41.62158
6543224375.0,-41.60887
6543225312.5,-41.60755
6543226250.0,-41.62329
6543227187.5,-41.59564
6543228125.0,-41.61758
6543229062.5,-41.62952
6543230000.0,-41.6073
6543230937.5,-41.61103
6543231875.0,-41.60604
6543232812.5,-41.60658
6543233750.0,-41.59254
6543234687.5,-41.61577
6543235625.0,-41.60685
6543236562.5,-41.60653
6543237500.0,-41.58553
6543238437.5,-41.59935
6543239375.0,-41.60779
6543240312.5,-41.60276
6543241250.0,-41.61541
6543242187.5,-41.59951
6543243125.0,-41.60176
6543244062.5,-41.6003
6543245000.0,-41.60327
6543245937.5,-41.60071
6543246875.0,-41.6125
6543247812.5,-41.58666
6543248750.0,-41.61797
6543249687.5,-41.59362
6543250625.0,-41.59729
6543251562.5,-41.58307
6543252500.0,-41.60643
6543253437.5,-41.5812
6543254375.0,-41.59937
6543255312.5,-41.60863
6543256250.0,-41.59431
6543257187.5,-41.60931
6543258125.0,-41.60015
6543259062.5,-41.59257
6543260000.0,-41.59629
6543260937.5,-41.61755
6543261875.0,-41.6119
6543262812.5,-41.60455
6543263750.0,-41.58217
6543264687.5,-41.60748
6543265625.0,-41.58472
6543266562.5,-41.60822
6543267500.0,-41.60616
6543268437.5,-41.59874
6543269375.0,-41.58709
6543270312.5,-41.57872
6543271250.0,-41.62231
6543272187.5,-41.59554
6543273125.0,-41.59861
6543274062.5,-41.57255
6543275000.0,-41.59053
6543275937.5,-41.61838
6543276875.0,-41.59705
6543277812.5,-41.595
6543278750.0,-41.60678
6543279687.5,-41.59708
6543280625.0,-41.59238
6543281562.5,-41.57888
6543282500.0,-41.59318
6543283437.5,-41.59496
6543284375.0,-41.59302
6543285312.5,-41.60082
6543286250.0,-41.5714
6543287187.5,-41.60272
6543288125.0,-41.5893
6543289062.5,-41.57893
6543290000.0,-41.58681
6543290937.5,-41.58236
6543291875.0,-41.59111
6543292812.5,-41.58578
6543293750.0,-41.59087
6543294687.5,-41.58022
6543295625.0,-41.59269
6543296562.5,-41.59768
6543297500.0,-41.58406
6543298437.5,-41.58427
6543299375.0,-41.59844
6543300312.5,-41.56819
6543301250.0,-41.57644
6543302187.5,-41.56464
6543303125.0,-41.57983
6543304062.5,-41.57766
6543305000.0,-41.58023
6543305937.5,-41.57832
6543306875.0,-41.58292
6543307812.5,-41.58044
6543308750.0,-41.57144
6543309687.5,-41.57375
6543310625.0,-41.58406
6543311562.5,-41.57915
6543312500.0,-41.57214
6543313437.5,-41.57822
6543314375.0,-41.57187
6543315312.5,-41.57209
6543316250.0,-41.56651
6543317187.5,-41.57415
6543318125.0,-41.57996
6543319062.5,-41.56551
6543320000.0,-41.56143
6543320937.5,-41.56575
6543321875.0,-41.57554
6543322812.5,-41.56594
6543323750.0,-41.56092
6543324687.5,-41.55939
6543325625.0,-41.56257
6543326562.5,-41.5494
6543327500.0,-41.56945
6543328437.5,-41.59251
6543329375.0,-41.57707
6543330312.5,-41.5532
6543331250.0,-41.57875
6543332187.5,-41.56256
6543333125.0,-41.58226
6543334062.5,-41.58092
6543335000.0,-41.56295
6543335937.5,-41.55522
6543336875.0,-41.56082
6543337812.5,-41.55645
6543338750.0,-41.54593
6543339687.5,-41.5615
6543340625.0,-41.54636
6543341562.5,-41.5612
6543342500.0,-41.59207
6543343437.5,-41.54441
6543344375.0,-41.55483
6543345312.5,-41.57695
6543346250.0,-41.5587
6543347187.5,-41.56371
6543348125.0,-41.57526
6543349062.5,-41.5612
6543350000.0,-41.55563
6543350937.5,-41.52697
6543351875.0,-41.53907
6543352812.5,-41.54723
6543353750.0,-41.55729
6543354687.5,-41.57557
6543355625.0,-41.55773
6543356562.5,-41.55806
6543357500.0,-41.56914
6543358437.5,-41.54462
6543359375.0,-41.55305
6543360312.5,-41.56075
6543361250.0,-41.52911
6543362187.5,-41.54547
6543363125.0,-41.57032
6543364062.5,-41.56271
6543365000.0,-41.54049
6543365937.5,-41.53555
6543366875.0,-41.56431
6543367812.5,-41.55352
6543368750.0,-41.57353
6543369687.5,-41.54387
6543370625.0,-41.56775
6543371562.5,-41.56014
6543372500.0,-41.53388
6543373437.5,-41.56837
6543374375.0,-41.54214
6543375312.5,-41.52914
6543376250.0,-41.55185
6543377187.5,-41.56556
6543378125.0,-41.54808
6543379062.5,-41.56384
6543380000.0,-41.52781
6543380937.5,-41.55835
6543381875.0,-41.54075
6543382812.5,-41.56083
6543383750.0,-41.55097
6543384687.5,-41.54302
6543385625.0,-41.55014
6543386562.5,-41.54675
6543387500.0,-41.51239
6543388437.5,-41.54159
6543389375.0,-41.53714
6543390312.5,-41.56453
6543391250.0,-41.55328
6543392187.5,-41.53276
6543393125.0,-41.53288
6543394062.5,-41.53673
6543395000.0,-41.53019
6543395937.5,-41.54735
6543396875.0,-41.5471
6543397812.5,-41.55841
6543398750.0,-41.55414
6543399687.5,-41.5452
6543400625.0,-41.55035
6543401562.5,-41.53704
6543402500.0,-41.53756
6543403437.5,-41.51998
6543404375.0,-41.54878
6543405312.5,-41.52862
6543406250.0,-41.54217
6543407187.5,-41.50066
6543408125.0,-41.52433
6543409062.5,-41.53602
6543410000.0,-41.53654
6543410937.5,-41.52577
6543411875.0,-41.5274
6543412812.5,-41.53863
6543413750.0,-41.51921
6543414687.5,-41.53895
6543415625.0,-41.54374
6543416562.5,-41.51974
6543417500.0,-41.53225
6543418437.5,-41.54243
6543419375.0,-41.51865
6543420312.5,-41.53786
6543421250.0,-41.54541
6543422187.5,-41.54309
6543423125.0,-41.51734
6543424062.5,-41.52554
6543425000.0,-41.54293
6543425937.5,-41.53745
6543426875.0,-41.51534
6543427812.5,-41.52799
6543428750.0,-41.54906
6543429687.5,-41.5096
6543430625.0,-41.509
6543431562.5,-41.5047
6543432500.0,-41.5295
6543433437.5,-41.50076
6543434375.0,-41.51852
6543435312.5,-41.52224
6543436250.0,-41.50321
6543437187.5,-41.5258
6543438125.0,-41.51449
6543439062.5,-41.51936
6543440000.0,-41.54196
6543440937.5,-41.53818
6543441875.0,-41.52689
6543442812.5,-41.51667
6543443750.0,-41.5093
6543444687.5,-41.52203
6543445625.0,-41.50617
6543446562.5,-41.51395
6543447500.0,-41.50919
6543448437.5,-41.52632
6543449375.0,-41.52798
6543450312.5,-41.51383
6543451250.0,-41.52104
6543452187.5,-41.52217
6543453125.0,-41.51661
6543454062.5,-41.50937
6543455000.0,-41.51357
6543455937.5,-41.5107
6543456875.0,-41.52726
6543457812.5,-41.50408
6543458750.0,-41.52943
6543459687.5,-41.5171
6543460625.0,-41.49542
6543461562.5,-41.51457
6543462500.0,-41.52297
6543463437.5,-41.52068
6543464375.0,-41.50682
6543465312.5,-41.54205
6543466250.0,-41.51025
6543467187.5,-41.50404
6543468125.0,-41.52234
6543469062.5,-41.53544
6543470000.0,-41.5105
6543470937.5,-41.51685
6543471875.0,-41.53689
6543472812.5,-41.50887
6543473750.0,-41.509
6543474687.5,-41.51084
6543475625.0,-41.51622
6543476562.5,-41.49627
6543477500.0,-41.50403
6543478437.5,-41.51061
6543479375.0,-41.50591
6543480312.5,-41.51247
6543481250.0,-41.5054
6543482187.5,-41.51429
6543483125.0,-41.50031
6543484062.5,-41.51839
6543485000.0,-41.51849
6543485937.5,-41.50471
6543486875.0,-41.49702
6543487812.5,-41.49691
6543488750.0,-41.49908
6543489687.5,-41.49466
6543490625.0,-41.5108
6543491562.5,-41.51613
6543492500.0,-41.50009
6543493437.5,-41.511
6543494375.0,-41.49104
6543495312.5,-41.48754
6543496250.0,-41.50483
6543497187.5,-41.49516
6543498125.0,-41.53423
6543499062.5,-41.49383
6543500000.0,-41.49818
6543500937.5,-41.49367
6543501875.0,-41.4918
6543502812.5,-41.50067
6543503750.0,-41.49678
6543504687.5,-41.48806
6543505625.0,-41.50777
6543506562.5,-41.49805
6543507500.0,-41.50584
6543508437.5,-41.51923
6543509375.0,-41.47652
6543510312.5,-41.50207
6543511250.0,-41.4932
6543512187.5,-41.48584
6543513125.0,-41.49965
6543514062.5,-41.48634
6543515000.0,-41.49707
6543515937.5,-41.49271
6543516875.0,-41.47243
6543517812.5,-41.48271
6543518750.0,-41.4674
6543519687.5,-41.48434
6543520625.0,-41.50406
6543521562.5,-41.47053
6543522500.0,-41.49133
6543523437.5,-41.47612
6543524375.0,-41.46079
6543525312.5,-41.47197
6543526250.0,-41.50365
6543527187.5,-41.50943
6543528125.0,-41.47332
6543529062.5,-41.47612
6543530000.0,-41.49175
6543530937.5,-41.4808
6543531875.0,-41.48115
6543532812.5,-41.47244
6543533750.0,-41.49249
6543534687.5,-41.48877
6543535625.0,-41.4767
6543536562.5,-41.47294
6543537500.0,-41.47144
6543538437.5,-41.49738
6543539375.0,-41.49495
6543540312.5,-41.47667
6543541250.0,-41.4784
6543542187.5,-41.46474
6543543125.0,-41.48305
6543544062.5,-41.45435
6543545000.0,-41.4902
6543545937.5,-41.47026
6543546875.0,-41.45447
6543547812.5,-41.4798
6543548750.0,-41.46919
6543549687.5,-41.46922
6543550625.0,-41.47304
6543551562.5,-41.49188
6543552500.0,-41.47562
6543553437.5,-41.4843
6543554375.0,-41.46497
6543555312.5,-41.48978
6543556250.0,-41.47399
6543557187.5,-41.46928
6543558125.0,-41.48009
6543559062.5,-41.48019
6543560000.0,-41.46807
6543560937.5,-41.45658
6543561875.0,-41.46303
6543562812.5,-41.46685
6543563750.0,-41.46342
6543564687.5,-41.47367
6543565625.0,-41.48689
6543566562.5,-41.4832
6543567500.0,-41.47017
6543568437.5,-41.47985
6543569375.0,-41.46329
6543570312.5,-41.46029
6543571250.0,-41.46131
6543572187.5,-41.46664
6543573125.0,-41.45463
6543574062.5,-41.45131
6543575000.0,-41.45889
6543575937.5,-41.44926
6543576875.0,-41.47008
6543577812.5,-41.45845
6543578750.0,-41.46809
6543579687.5,-41.45404
6543580625.0,-41.46097
6543581562.5,-41.46789
6543582500.0,-41.46866
6543583437.5,-41.46774
6543584375.0,-41.46925
6543585312.5,-41.46277
6543586250.0,-41.47835
6543587187.5,-41.45859
6543588125.0,-41.46292
6543589062.5,-41.45144
6543590000.0,-41.4664
6543590937.5,-41.4486
6543591875.0,-41.46386
6543592812.5,-41.45578
6543593750.0,-41.45366
6543594687.5,-41.45007
6543595625.0,-41.45666
6543596562.5,-41.44991
6543597500.0,-41.44016
6543598437.5,-41.46309
6543599375.0,-41.4455
6543600312.5,-41.44708
6543601250.0,-41.47779
6543602187.5,-41.45586
6543603125.0,-41.45501
6543604062.5,-41.43361
6543605000.0,-41.47199
6543605937.5,-41.46666
6543606875.0,-41.45583
6543607812.5,-41.46653
6543608750.0,-41.46183
6543609687.5,-41.44979
6543610625.0,-41.47113
6543611562.5,-41.45611
6543612500.0,-41.46835
6543613437.5,-41.44704
6543614375.0,-41.42617
6543615312.5,-41.43132
6543616250.0,-41.45325
6543617187.5,-41.44319
6543618125.0,-41.45353
6543619062.5,-41.44895
6543620000.0,-41.45041
6543620937.5,-41.45052
6543621875.0,-41.43127
6543622812.5,-41.45744
6543623750.0,-41.43267
6543624687.5,-41.43378
6543625625.0,-41.45042
6543626562.5,-41.42554
6543627500.0,-41.44017
6543628437.5,-41.4511
6543629375.0,-41.44463
6543630312.5,-41.44244
6543631250.0,-41.45815
6543632187.5,-41.44266
6543633125.0,-41.42129
6543634062.5,-41.44466
6543635000.0,-41.42449
6543635937.5,-41.43672
6543636875.0,-41.43497
6543637812.5,-41.4407
6543638750.0,-41.43471
6543639687.5,-41.45465
6543640625.0,-41.44803
6543641562.5,-41.43964
6543642500.0,-41.44386
6543643437.5,-41.44745
6543644375.0,-41.42469
6543645312.5,-41.44233
6543646250.0,-41.41865
6543647187.5,-41.43662
6543648125.0,-41.42134
6543649062.5,-41.44653
6543650000.0,-41.41079
6543650937.5,-41.44205
6543651875.0,-41.42135
6543652812.5,-41.43045
6543653750.0,-41.44614
6543654687.5,-41.43859
6543655625.0,-41.42701
6543656562.5,-41.43479
6543657500.0,-41.42377
6543658437.5,-41.43657
6543659375.0,-41.41902
6543660312.5,-41.43061
6543661250.0,-41.43231
6543662187.5,-41.42342
6543663125.0,-41.41434
6543664062.5,-41.417
6543665000.0,-41.44209
6543665937.5,-41.43322
6543666875.0,-41.41838
6543667812.5,-41.43238
6543668750.0,-41.43498
6543669687.5,-41.41814
6543670625.0,-41.42497
6543671562.5,-41.43981
6543672500.0,-41.40745
6543673437.5,-41.43253
6543674375.0,-41.4276
6543675312.5,-41.40319
6543676250.0,-41.40225
6543677187.5,-41.43063
6543678125.0,-41.41793
6543679062.5,-41.4179
6543680000.0,-41.4097
6543680937.5,-41.43832
6543681875.0,-41.42233
6543682812.5,-41.41459
6543683750.0,-41.42278
6543684687.5,-41.43118
6543685625.0,-41.43446
6543686562.5,-41.42531
6543687500.0,-41.44635
6543688437.5,-41.40289
6543689375.0,-41.39872
6543690312.5,-41.41808
6543691250.0,-41.41027
6543692187.5,-41.44473
6543693125.0,-41.43913
6543694062.5,-41.42921
6543695000.0,-41.41736
6543695937.5,-41.41351
6543696875.0,-41.41806
6543697812.5,-41.42749
6543698750.0,-41.40131
6543699687.5,-41.42274
6543700625.0,-41.40427
6543701562.5,-41.43303
6543702500.0,-41.40702
6543703437.5,-41.41687
6543704375.0,-41.43553
6543705312.5,-41.37296
6543706250.0,-41.3956
6543707187.5,-41.39242
6543708125.0,-41.4205
6543709062.5,-41.43129
6543710000.0,-41.40975
6543710937.5,-41.40798
6543711875.0,-41.38551
6543712812.5,-41.40782
6543713750.0,-41.3941
6543714687.5,-41.40273
6543715625.0,-41.42944
6543716562.5,-41.41432
6543717500.0,-41.42583
6543718437.5,-41.40926
6543719375.0,-41.4067
6543720312.5,-41.39607
6543721250.0,-41.41292
6543722187.5,-41.41883
6543723125.0,-41.39498
6543724062.5,-41.40562
6543725000.0,-41.38558
6543725937.5,-41.39025
6543726875.0,-41.38337
6543727812.5,-41.40105
6543728750.0,-41.40393
6543729687.5,-41.3955
6543730625.0,-41.39336
6543731562.5,-41.41177
6543732500.0,-41.3867
6543733437.5,-41.39736
6543734375.0,-41.39307
6543735312.5,-41.38273
6543736250.0,-41.39226
6543737187.5,-41.3963
6543738125.0,-41.37843
6543739062.5,-41.39709
6543740000.0,-41.39671
6543740937.5,-41.38253
6543741875.0,-41.3836
6543742812.5,-41.39021
6543743750.0,-41.38759
6543744687.5,-41.39331
6543745625.0,-41.38751
6543746562.5,-41.41251
6543747500.0,-41.39203
6543748437.5,-41.3846
6543749375.0,-41.37167
6543750312.5,-41.40456
6543751250.0,-41.38995
6543752187.5,-41.39191
6543753125.0,-41.35234
6543754062.5,-41.39281
6543755000.0,-41.39905
6543755937.5,-41.38185
6543756875.0,-41.38787
6543757812.5,-41.37899
6543758750.0,-41.37987
6543759687.5,-41.38314
6543760625.0,-41.34925
6543761562.5,-41.3737
6543762500.0,-41.38636
6543763437.5,-41.39331
6543764375.0,-41.38699
6543765312.5,-41.38713
6543766250.0,-41.41254
6543767187.5,-41.37163
6543768125.0,-41.36525
6543769062.5,-41.37196
6543770000.0,-41.38471
6543770937.5,-41.37239
6543771875.0,-41.36707
6543772812.5,-41.37986
6543773750.0,-41.37709
6543774687.5,-41.3823
6543775625.0,-41.38358
6543776562.5,-41.36948
6543777500.0,-41.37897
6543778437.5,-41.3822
6543779375.0,-41.3712
6543780312.5,-41.37566
6543781250.0,-41.41059
6543782187.5,-41.37483
6543783125.0,-41.3509
6543784062.5,-41.36098
6543785000.0,-41.39446
6543785937.5,-41.37489
6543786875.0,-41.36502
6543787812.5,-41.37231
6543788750.0,-41.36609
6543789687.5,-41.38453
6543790625.0,-41.36179
6543791562.5,-41.37372
6543792500.0,-41.37115
6543793437.5,-41.35967
6543794375.0,-41.38407
6543795312.5,-41.38184
6543796250.0,-41.37222
6543797187.5,-41.33904
6543798125.0,-41.35125
6543799062.5,-41.38292
6543800000.0,-41.36956
6543800937.5,-41.35927
6543801875.0,-41.36393
6543802812.5,-41.34316
6543803750.0,-41.36673
6543804687.5,-41.35848
6543805625.0,-41.36873
6543806562.5,-41.36523
6543807500.0,-41.35776
6543808437.5,-41.362
6543809375.0,-41.37755
6543810312.5,-41.37043
6543811250.0,-41.35964
6543812187.5,-41.37144
6543813125.0,-41.38807
6543814062.5,-41.37923
6543815000.0,-41.37806
6543815937.5,-41.36158
6543816875.0,-41.37404
6543817812.5,-41.36536
6543818750.0,-41.37269
6543819687.5,-41.36882
6543820625.0,-41.36039
6543821562.5,-41.38506
6543822500.0,-41.36761
6543823437.5,-41.36176
6543824375.0,-41.33674
6543825312.5,-41.35072
6543826250.0,-41.35163
6543827187.5,-41.33472
6543828125.0,-41.36977
6543829062.5,-41.35226
6543830000.0,-41.367
6543830937.5,-41.35723
6543831875.0,-41.36257
6543832812.5,-41.35407
6543833750.0,-41.35271
6543834687.5,-41.36386
6543835625.0,-41.3395
6543836562.5,-41.37918
6543837500.0,-41.36798
6543838437.5,-41.35504
6543839375.0,-41.35794
6543840312.5,-41.34965
6543841250.0,-41.35037
6543842187.5,-41.35679
6543843125.0,-41.35104
6543844062.5,-41.34576
6543845000.0,-41.33531
6543845937.5,-41.35301
6543846875.0,-41.37139
6543847812.5,-41.34907
6543848750.0,-41.35269
6543849687.5,-41.32166
6543850625.0,-41.33239
6543851562.5,-41.33636
6543852500.0,-41.34426
6543853437.5,-41.35331
6543854375.0,-41.32492
6543855312.5,-41.35569
6543856250.0,-41.36909
6543857187.5,-41.35945
6543858125.0,-41.32719
6543859062.5,-41.32436
6543860000.0,-41.34134
6543860937.5,-41.33393
6543861875.0,-41.34996
6543862812.5,-41.34634
6543863750.0,-41.34784
6543864687.5,-41.33819
6543865625.0,-41.34332
6543866562.5,-41.33201
6543867500.0,-41.34786
6543868437.5,-41.34576
6543869375.0,-41.31797
6543870312.5,-41.33416
6543871250.0,-41.33625
6543872187.5,-41.31895
6543873125.0,-41.33674
6543874062.5,-41.34177
6543875000.0,-41.32404
6543875937.5,-41.35139
6543876875.0,-41.3294
6543877812.5,-41.32425
6543878750.0,-41.32493
6543879687.5,-41.3275
6543880625.0,-41.34249
6543881562.5,-41.33213
6543882500.0,-41.30651
6543883437.5,-41.34352
6543884375.0,-41.32822
6543885312.5,-41.32615
6543886250.0,-41.32393
6543887187.5,-41.3236
6543888125.0,-41.32547
6543889062.5,-41.34366
6543890000.0,-41.34939
6543890937.5,-41.34599
6543891875.0,-41.30404
6543892812.5,-41.31098
6543893750.0,-41.32563
6543894687.5,-41.31734
6543895625.0,-41.33268
6543896562.5,-41.33683
6543897500.0,-41.3159
6543898437.5,-41.33151
6543899375.0,-41.33293
6543900312.5,-41.32085
6543901250.0,-41.32871
6543902187.5,-41.33424
6543903125.0,-41.34687
6543904062.5,-41.31407
6543905000.0,-41.31545
6543905937.5,-41.31614
6543906875.0,-41.32172
6543907812.5,-41.31551
6543908750.0,-41.33162
6543909687.5,-41.32155
6543910625.0,-41.32688
6543911562.5,-41.32203
6543912500.0,-41.31128
6543913437.5,-41.32507
6543914375.0,-41.30586
6543915312.5,-41.30042
6543916250.0,-41.31124
6543917187.5,-41.32804
6543918125.0,-41.32268
6543919062.5,-41.31397
6543920000.0,-41.31356
6543920937.5,-41.31443
6543921875.0,-41.3124
6543922812.5,-41.3238
6543923750.0,-41.31606
6543924687.5,-41.34633
6543925625.0,-41.30592
6543926562.5,-41.30288
6543927500.0,-41.31004
6543928437.5,-41.31719
6543929375.0,-41.29834
6543930312.5,-41.30954
6543931250.0,-41.29315
6543932187.5,-41.29593
6543933125.0,-41.31099
6543934062.5,-41.30001
6543935000.0,-41.30844
6543935937.5,-41.32752
6543936875.0,-41.33313
6543937812.5,-41.30375
6543938750.0,-41.30133
6543939687.5,-41.31377
6543940625.0,-41.30599
6543941562.5,-41.30199
6543942500.0,-41.31146
6543943437.5,-41.31686
6543944375.0,-41.3078
6543945312.5,-41.30447
6543946250.0,-41.31152
6543947187.5,-41.30481
6543948125.0,-41.28989
6543949062.5,-41.30146
6543950000.0,-41.29522
6543950937.5,-41.31298
6543951875.0,-41.32009
6543952812.5,-41.30543
6543953750.0,-41.289
6543954687.5,-41.28342
6543955625.0,-41.28677
6543956562.5,-41.29718
6543957500.0,-41.30157
6543958437.5,-41.2977
6543959375.0,-41.28942
6543960312.5,-41.29494
6543961250.0,-41.31095
6543962187.5,-41.30799
6543963125.0,-41.30544
6543964062.5,-41.3026
6543965000.0,-41.28444
6543965937.5,-41.31932
6543966875.0,-41.29432
6543967812.5,-41.28481
6543968750.0,-41.27602
6543969687.5,-41.29497
6543970625.0,-41.28812
6543971562.5,-41.28806
6543972500.0,-41.29785
6543973437.5,-41.31035
6543974375.0,-41.29027
6543975312.5,-41.2892
6543976250.0,-41.3012
6543977187.5,-41.29242
6543978125.0,-41.30535
6543979062.5,-41.28762
6543980000.0,-41.30612
6543980937.5,-41.28461
6543981875.0,-41.29989
6543982812.5,-41.29897
6543983750.0,-41.26716
6543984687.5,-41.28823
6543985625.0,-41.26925
6543986562.5,-41.27833
6543987500.0,-41.26371
6543988437.5,-41.29836
6543989375.0,-41.28562
6543990312.5,-41.27728
6543991250.0,-41.28835
6543992187.5,-41.27822
6543993125.0,-41.27442
6543994062.5,-41.27507
6543995000.0,-41.28666
6543995937.5,-41.30861
6543996875.0,-41.29161
6543997812.5,-41.28211
6543998750.0,-41.29275
6543999687.5,-41.27531
6544000625.0,-41.28922
6544001562.5,-41.28514
6544002500.0,-41.28625
6544003437.5,-41.30167
6544004375.0,-41.26147
6544005312.5,-41.29473
6544006250.0,-41.27189
6544007187.5,-41.27068
6544008125.0,-41.29673
6544009062.5,-41.27027
6544010000.0,-41.26331
6544010937.5,-41.27197
6544011875.0,-41.27695
6544012812.5,-41.29465
6544013750.0,-41.26638
6544014687.5,-41.2673
6544015625.0,-41.26445
6544016562.5,-41.28181
6544017500.0,-41.28071
6544018437.5,-41.26792
6544019375.0,-41.26391
6544020312.5,-41.2677
6544021250.0,-41.26677
6544022187.5,-41.26858
6544023125.0,-41.27062
6544024062.5,-41.24656
6544025000.0,-41.28728
6544025937.5,-41.26397
6544026875.0,-41.27692
6544027812.5,-41.26339
6544028750.0,-41.26857
6544029687.5,-41.25536
6544030625.0,-41.26361
6544031562.5,-41.27807
6544032500.0,-41.28144
6544033437.5,-41.28312
6544034375.0,-41.26024
6544035312.5,-41.27419
6544036250.0,-41.27423
6544037187.5,-41.29676
6544038125.0,-41.27128
6544039062.5,-41.26239
6544040000.0,-41.25035
6544040937.5,-41.26948
6544041875.0,-41.25954
6544042812.5,-41.26938
6544043750.0,-41.27449
6544044687.5,-41.25324
6544045625.0,-41.26162
6544046562.5,-41.2678
6544047500.0,-41.27346
6544048437.5,-41.28159
6544049375.0,-41.2459
6544050312.5,-41.2744
6544051250.0,-41.25547
6544052187.5,-41.24744
6544053125.0,-41.24174
6544054062.5,-41.24541
6544055000.0,-41.24659
6544055937.5,-41.24773
6544056875.0,-41.25394
6544057812.5,-41.24302
6544058750.0,-41.25351
6544059687.5,-41.26292
6544060625.0,-41.25819
6544061562.5,-41.2584
6544062500.0,-41.25345
6544063437.5,-41.24697
6544064375.0,-41.24486
6544065312.5,-41.25233
6544066250.0,-41.24604
6544067187.5,-41.25981
6544068125.0,-41.26216
6544069062.5,-41.23989
6544070000.0,-41.2412
6544070937.5,-41.24183
6544071875.0,-41.24804
6544072812.5,-41.24008
6544073750.0,-41.24285
6544074687.5,-41.25874
6544075625.0,-41.23158
6544076562.5,-41.25883
6544077500.0,-41.2532
6544078437.5,-41.24712
6544079375.0,-41.2597
6544080312.5,-41.2249
6544081250.0,-41.22464
6544082187.5,-41.22953
6544083125.0,-41.2352
6544084062.5,-41.25469
6544085000.0,-41.25914
6544085937.5,-41.24233
6544086875.0,-41.24748
6544087812.5,-41.25327
6544088750.0,-41.25043
6544089687.5,-41.24872
6544090625.0,-41.22247
6544091562.5,-41.24523
6544092500.0,-41.24148
6544093437.5,-41.22421
6544094375.0,-41.23639
6544095312.5,-41.25424
6544096250.0,-41.24829
6544097187.5,-41.22872
6544098125.0,-41.24278
6544099062.5,-41.22533
6544100000.0,-41.23441
6544100937.5,-41.232
6544101875.0,-41.24295
6544102812.5,-41.22964
6544103750.0,-41.23152
6544104687.5,-41.22495
6544105625.0,-41.24521
6544106562.5,-41.22645
6544107500.0,-41.22519
6544108437.5,-41.23555
6544109375.0,-41.23833
6544110312.5,-41.23163
6544111250.0,-41.24783
6544112187.5,-41.23393
6544113125.0,-41.22429
6544114062.5,-41.22515
6544115000.0,-41.20992
6544115937.5,-41.24446
6544116875.0,-41.22468
6544117812.5,-41.22512
6544118750.0,-41.24297
6544119687.5,-41.22076
6544120625.0,-41.22777
6544121562.5,-41.23732
6544122500.0,-41.21902
6544123437.5,-41.23066
6544124375.0,-41.24726
6544125312.5,-41.23063
6544126250.0,-41.22987
6544127187.5,-41.21635
6544128125.0,-41.22444
6544129062.5,-41.22841
6544130000.0,-41.23662
6544130937.5,-41.2214
6544131875.0,-41.21114
6544132812.5,-41.22483
6544133750.0,-41.21366
6544134687.5,-41.21227
6544135625.0,-41.23647
6544136562.5,-41.23742
6544137500.0,-41.23144
6544138437.5,-41.20613
6544139375.0,-41.23649
6544140312.5,-41.21407
6544141250.0,-41.22676
6544142187.5,-41.21844
6544143125.0,-41.21233
6544144062.5,-41.20981
6544145000.0,-41.2197
6544145937.5,-41.21534
6544146875.0,-41.20765
6544147812.5,-41.22299
6544148750.0,-41.23082
6544149687.5,-41.20995
6544150625.0,-41.22929
6544151562.5,-41.20069
6544152500.0,-41.23016
6544153437.5,-41.19543
6544154375.0,-41.22905
6544155312.5,-41.21045
6544156250.0,-41.21229
6544157187.5,-41.21829
6544158125.0,-41.22908
6544159062.5,-41.2168
6544160000.0,-41.21301
6544160937.5,-41.20824
6544161875.0,-41.2038
6544162812.5,-41.21152
6544163750.0,-41.20932
6544164687.5,-41.2114
6544165625.0,-41.22663
6544166562.5,-41.21216
6544167500.0,-41.20213
6544168437.5,-41.21533
6544169375.0,-41.21909
6544170312.5,-41.20586
6544171250.0,-41.18502
6544172187.5,-41.22162
6544173125.0,-41.18849
6544174062.5,-41.20908
6544175000.0,-41.21008
6544175937.5,-41.21463
6544176875.0,-41.20433
6544177812.5,-41.21152
6544178750.0,-41.20855
6544179687.5,-41.18704
6544180625.0,-41.20678
6544181562.5,-41.17054
6544182500.0,-41.20994
6544183437.5,-41.20916
6544184375.0,-41.20021
6544185312.5,-41.21238
6544186250.0,-41.19983
6544187187.5,-41.19413
6544188125.0,-41.17933
6544189062.5,-41.20162
6544190000.0,-41.19204
6544190937.5,-41.18861
6544191875.0,-41.203
6544192812.5,-41.19661
6544193750.0,-41.18171
6544194687.5,-41.18719
6544195625.0,-41.19981
6544196562.5,-41.18564
6544197500.0,-41.19167
6544198437.5,-41.19345
6544199375.0,-41.19089
6544200312.5,-41.20163
6544201250.0,-41.17709
6544202187.5,-41.18776
6544203125.0,-41.19735
6544204062.5,-41.20857
6544205000.0,-41.181
6544205937.5,-41.20432
6544206875.0,-41.1842
6544207812.5,-41.17724
6544208750.0,-41.20472
6544209687.5,-41.18896
6544210625.0,-41.18317
6544211562.5,-41.19924
6544212500.0,-41.17169
6544213437.5,-41.19786
6544214375.0,-41.18645
6544215312.5,-41.19073
6544216250.0,-41.19448
6544217187.5,-41.19074
6544218125.0,-41.17394
6544219062.5,-41.18264
6544220000.0,-41.1881
6544220937.5,-41.17095
6544221875.0,-41.17369
6544222812.5,-41.20392
6544223750.0,-41.20564
6544224687.5,-41.18379
6544225625.0,-41.1624
6544226562.5,-41.17698
6544227500.0,-41.17069
6544228437.5,-41.1795
6544229375.0,-41.19098
6544230312.5,-41.20065
6544231250.0,-41.1824
6544232187.5,-41.17334
6544233125.0,-41.17788
6544234062.5,-41.18386
6544235000.0,-41.175
6544235937.5,-41.17313
6544236875.0,-41.18036
6544237812.5,-41.19175
6544238750.0,-41.18046
6544239687.5,-41.1889
6544240625.0,-41.17494
6544241562.5,-41.19389
6544242500.0,-41.17838
6544243437.5,-41.16879
6544244375.0,-41.19331
6544245312.5,-41.19404
6544246250.0,-41.16524
6544247187.5,-41.15408
6544248125.0,-41.18459
6544249062.5,-41.16742
6544250000.0,-41.17466
6544250937.5,-41.16452
6544251875.0,-41.17392
6544252812.5,-41.17871
6544253750.0,-41.18443
6544254687.5,-41.17225
6544255625.0,-41.17599
6544256562.5,-41.16272
6544257500.0,-41.18098
6544258437.5,-41.16964
6544259375.0,-41.16423
6544260312.5,-41.16474
6544261250.0,-41.17465
6544262187.5,-41.17961
6544263125.0,-41.17346
6544264062.5,-41.16693
6544265000.0,-41.16536
6544265937.5,-41.14544
6544266875.0,-41.15442
6544267812.5,-41.14894
6544268750.0,-41.165
6544269687.5,-41.16389
6544270625.0,-41.18253
6544271562.5,-41.16908
6544272500.0,-41.16116
6544273437.5,-41.16875
6544274375.0,-41.1557
6544275312.5,-41.18866
6544276250.0,-41.17559
6544277187.5,-41.14206
6544278125.0,-41.1441
6544279062.5,-41.17172
6544280000.0,-41.17181
6544280937.5,-41.14804
6544281875.0,-41.14489
6544282812.5,-41.14858
6544283750.0,-41.15264
6544284687.5,-41.15403
6544285625.0,-41.1751
6544286562.5,-41.1548
6544287500.0,-41.16007
6544288437.5,-41.13906
6544289375.0,-41.16481
6544290312.5,-41.1599
6544291250.0,-41.14212
6544292187.5,-41.16157
6544293125.0,-41.15032
6544294062.5,-41.16361
6544295000.0,-41.17763
6544295937.5,-41.13528
6544296875.0,-41.13409
6544297812.5,-41.15618
6544298750.0,-41.13573
6544299687.5,-41.14337
6544300625.0,-41.15344
6544301562.5,-41.15786
6544302500.0,-41.14856
6544303437.5,-41.13422
6544304375.0,-41.13103
6544305312.5,-41.15013
6544306250.0,-41.14771
6544307187.5,-41.13686
6544308125.0,-41.13929
6544309062.5,-41.15503
6544310000.0,-41.16966
6544310937.5,-41.15752
6544311875.0,-41.14183
6544312812.5,-41.14119
6544313750.0,-41.13989
6544314687.5,-41.12825
6544315625.0,-41.15093
6544316562.5,-41.13976
6544317500.0,-41.14617
6544318437.5,-41.13231
6544319375.0,-41.13513
6544320312.5,-41.15658
6544321250.0,-41.12693
6544322187.5,-41.14621
6544323125.0,-41.13464
6544324062.5,-41.13728
6544325000.0,-41.13207
6544325937.5,-41.13977
6544326875.0,-41.1479
6544327812.5,-41.13725
6544328750.0,-41.13622
6544329687.5,-41.16309
6544330625.0,-41.12051
6544331562.5,-41.13906
6544332500.0,-41.13136
6544333437.5,-41.12764
6544334375.0,-41.1339
6544335312.5,-41.12133
6544336250.0,-41.12146
6544337187.5,-41.13163
6544338125.0,-41.13774
6544339062.5,-41.13272
6544340000.0,-41.11879
6544340937.5,-41.13246
6544341875.0,-41.14118
6544342812.5,-41.13068
6544343750.0,-41.14382
6544344687.5,-41.12484
6544345625.0,-41.13417
6544346562.5,-41.11171
6544347500.0,-41.12213
6544348437.5,-41.13641
6544349375.0,-41.12509
6544350312.5,-41.12684
6544351250.0,-41.12551
6544352187.5,-41.13436
6544353125.0,-41.1236
6544354062.5,-41.11442
6544355000.0,-41.12566
6544355937.5,-41.15055
6544356875.0,-41.12724
6544357812.5,-41.12473
6544358750.0,-41.13523
6544359687.5,-41.11862
6544360625.0,-41.10071
6544361562.5,-41.11757
6544362500.0,-41.11477
6544363437.5,-41.12067
6544364375.0,-41.13579
6544365312.5,-41.14673
6544366250.0,-41.11049
6544367187.5,-41.11803
6544368125.0,-41.11787
6544369062.5,-41.11856
6544370000.0,-41.13752
6544370937.5,-41.11771
6544371875.0,-41.11809
6544372812.5,-41.14435
6544373750.0,-41.13677
6544374687.5,-41.1213
6544375625.0,-41.10724
6544376562.5,-41.10176
6544377500.0,-41.10187
6544378437.5,-41.11571
6544379375.0,-41.11033
6544380312.5,-41.11843
6544381250.0,-41.14144
6544382187.5,-41.11553
6544383125.0,-41.12877
6544384062.5,-41.11181
6544385000.0,-41.11675
6544385937.5,-41.10276
6544386875.0,-41.11349
6544387812.5,-41.12267
6544388750.0,-41.10885
6544389687.5,-41.1134
6544390625.0,-41.1025
6544391562.5,-41.11124
6544392500.0,-41.11943
6544393437.5,-41.11868
6544394375.0,-41.10802
6544395312.5,-41.11289
6544396250.0,-41.10824
6544397187.5,-41.08793
6544398125.0,-41.10729
6544399062.5,-41.1013
6544400000.0,-41.10707
6544400937.5,-41.09589
6544401875.0,-41.08952
6544402812.5,-41.09214
6544403750.0,-41.10558
6544404687.5,-41.12355
6544405625.0,-41.12376
6544406562.5,-41.10117
6544407500.0,-41.09184
6544408437.5,-41.10672
6544409375.0,-41.08512
6544410312.5,-41.08995
6544411250.0,-41.08352
6544412187.5,-41.07978
6544413125.0,-41.10829
6544414062.5,-41.11858
6544415000.0,-41.0858
6544415937.5,-41.08029
6544416875.0,-41.09328
6544417812.5,-41.12535
6544418750.0,-41.0872
6544419687.5,-41.08165
6544420625.0,-41.08133
6544421562.5,-41.08121
6544422500.0,-41.11152
6544423437.5,-41.09454
6544424375.0,-41.11883
6544425312.5,-41.08648
6544426250.0,-41.09725
6544427187.5,-41.09505
6544428125.0,-41.07511
6544429062.5,-41.08508
6544430000.0,-41.09623
6544430937.5,-41.07306
6544431875.0,-41.06962
6544432812.5,-41.09667
6544433750.0,-41.08796
6544434687.5,-41.08628
6544435625.0,-41.08974
6544436562.5,-41.08842
6544437500.0,-41.08149
6544438437.5,-41.08557
6544439375.0,-41.06866
6544440312.5,-41.07386
6544441250.0,-41.09135
6544442187.5,-41.09867
6544443125.0,-41.0854
6544444062.5,-41.06857
6544445000.0,-41.08794
6544445937.5,-41.07969
6544446875.0,-41.08106
6544447812.5,-41.07214
6544448750.0,-41.06716
6544449687.5,-41.07793
6544450625.0,-41.09633
6544451562.5,-41.0798
6544452500.0,-41.08957
6544453437.5,-41.07265
6544454375.0,-41.08023
6544455312.5,-41.07983
6544456250.0,-41.08652
6544457187.5,-41.08334
6544458125.0,-41.09098
6544459062.5,-41.09964
6544460000.0,-41.07955
6544460937.5,-41.07273
6544461875.0,-41.07271
6544462812.5,-41.07396
6544463750.0,-41.08727
6544464687.5,-41.07705
6544465625.0,-41.08704
6544466562.5,-41.08078
6544467500.0,-41.05973
6544468437.5,-41.0757
6544469375.0,-41.0806
6544470312.5,-41.07672
6544471250.0,-41.06678
6544472187.5,-41.06245
6544473125.0,-41.064
6544474062.5,-41.05336
6544475000.0,-41.08371
6544475937.5,-41.06971
6544476875.0,-41.07549
6544477812.5,-41.06425
6544478750.0,-41.06677
6544479687.5,-41.07586
6544480625.0,-41.06591
6544481562.5,-41.07476
6544482500.0,-41.06322
6544483437.5,-41.04684
6544484375.0,-41.04298
6544485312.5,-41.05247
6544486250.0,-41.0829
6544487187.5,-41.0582
6544488125.0,-41.07005
6544489062.5,-41.06813
6544490000.0,-41.0768
6544490937.5,-41.06887
6544491875.0,-41.06347
6544492812.5,-41.07187
6544493750.0,-41.06829
6544494687.5,-41.05286
6544495625.0,-41.05124
6544496562.5,-41.06644
6544497500.0,-41.05076
6544498437.5,-41.05731
6544499375.0,-41.05164
6544500312.5,-41.0692
6544501250.0,-41.0609
6544502187.5,-41.04477
6544503125.0,-41.04487
6544504062.5,-41.08112
6544505000.0,-41.04523
6544505937.5,-41.05013
6544506875.0,-41.06181
6544507812.5,-41.04689
6544508750.0,-41.05819
6544509687.5,-41.07835
6544510625.0,-41.04698
6544511562.5,-41.0594
6544512500.0,-41.05342
6544513437.5,-41.04321
6544514375.0,-41.03201
6544515312.5,-41.0587
6544516250.0,-41.05603
6544517187.5,-41.05271
6544518125.0,-41.07043
6544519062.5,-41.05987
6544520000.0,-41.03865
6544520937.5,-41.06492
6544521875.0,-41.05602
6544522812.5,-41.03382
6544523750.0,-41.06596
6544524687.5,-41.03786
6544525625.0,-41.05475
6544526562.5,-41.06157
6544527500.0,-41.05717
6544528437.5,-41.043
6544529375.0,-41.03485
6544530312.5,-41.04121
6544531250.0,-41.05555
6544532187.5,-41.0266
6544533125.0,-41.04226
6544534062.5,-41.07892
6544535000.0,-41.0202
6544535937.5,-41.02386
6544536875.0,-41.03439
6544537812.5,-41.05073
6544538750.0,-41.04972
6544539687.5,-41.04742
6544540625.0,-41.06326
6544541562.5,-41.02719
6544542500.0,-41.03826
6544543437.5,-41.03216
6544544375.0,-41.02214
6544545312.5,-41.03528
6544546250.0,-41.03206
6544547187.5,-41.06564
6544548125.0,-41.05909
6544549062.5,-41.03426
6544550000.0,-41.04646
6544550937.5,-41.04909
6544551875.0,-41.05474
6544552812.5,-41.0452
6544553750.0,-41.01843
6544554687.5,-41.02858
6544555625.0,-41.03733
6544556562.5,-41.03306
6544557500.0,-41.01452
6544558437.5,-41.02512
6544559375.0,-41.03362
6544560312.5,-41.02189
6544561250.0,-41.02334
6544562187.5,-41.03791
6544563125.0,-41.03345
6544564062.5,-41.02276
6544565000.0,-41.03416
6544565937.5,-41.03198
6544566875.0,-41.03922
6544567812.5,-41.03025
6544568750.0,-41.02743
6544569687.5,-41.03049
6544570625.0,-41.05021
6544571562.5,-41.00079
6544572500.0,-41.03746
6544573437.5,-41.01992
6544574375.0,-41.05232
6544575312.5,-41.01625
6544576250.0,-41.02208
6544577187.5,-41.01211
6544578125.0,-41.0143
6544579062.5,-41.017
6544580000.0,-40.9867
6544580937.5,-41.03464
6544581875.0,-41.02873
6544582812.5,-41.01031
6544583750.0,-41.01326
6544584687.5,-41.03524
6544585625.0,-41.02418
6544586562.5,-41.03027
6544587500.0,-41.01734
6544588437.5,-41.0006
6544589375.0,-41.03349
6544590312.5,-41.00783
6544591250.0,-41.01878
6544592187.5,-41.03023
6544593125.0,-41.01407
6544594062.5,-41.00663
6544595000.0,-41.01991
6544595937.5,-40.99582
6544596875.0,-41.01551
6544597812.5,-41.00814
6544598750.0,-41.02655
6544599687.5,-41.00991
6544600625.0,-41.00481
6544601562.5,-41.01135
6544602500.0,-41.01944
6544603437.5,-41.01051
6544604375.0,-41.00471
6544605312.5,-41.00383
6544606250.0,-41.02214
6544607187.5,-40.98946
6544608125.0,-41.01387
6544609062.5,-41.00445
6544610000.0,-41.04051
6544610937.5,-40.99971
6544611875.0,-41.01855
6544612812.5,-41.00379
6544613750.0,-40.99703
6544614687.5,-41.00522
6544615625.0,-40.99115
6544616562.5,-41.00478
6544617500.0,-41.01856
6544618437.5,-41.01201
6544619375.0,-41.01105
6544620312.5,-40.98433
6544621250.0,-41.00326
6544622187.5,-40.9922
6544623125.0,-41.00813
6544624062.5,-41.00111
6544625000.0,-41.01577
6544625937.5,-41.00071
6544626875.0,-40.99298
6544627812.5,-41.01155
6544628750.0,-41.01029
6544629687.5,-41.01227
6544630625.0,-40.9847
6544631562.5,-41.00514
6544632500.0,-40.98214
6544633437.5,-40.9968
6544634375.0,-41.00394
6544635312.5,-40.98168
6544636250.0,-41.0097
6544637187.5,-40.99943
6544638125.0,-41.00487
6544639062.5,-41.01117
6544640000.0,-40.98078
6544640937.5,-41.0026
6544641875.0,-40.96835
6544642812.5,-40.99139
6544643750.0,-40.98571
6544644687.5,-40.99461
6544645625.0,-41.01048
6544646562.5,-40.97552
6544647500.0,-40.97846
6544648437.5,-41.00002
6544649375.0,-41.00019
6544650312.5,-40.99551
6544651250.0,-41.0032
6544652187.5,-40.98272
6544653125.0,-40.99676
6544654062.5,-40.98177
6544655000.0,-40.99118
6544655937.5,-40.97341
6544656875.0,-40.98877
6544657812.5,-41.00688
6544658750.0,-40.99802
6544659687.5,-40.9744
6544660625.0,-40.96425
6544661562.5,-40.98239
6544662500.0,-40.99142
6544663437.5,-41.01714
6544664375.0,-40.98666
6544665312.5,-41.00246
6544666250.0,-40.98309
6544667187.5,-40.97527
6544668125.0,-40.9844
6544669062.5,-40.98553
6544670000.0,-40.96963
6544670937.5,-40.98424
6544671875.0,-40.97528
6544672812.5,-40.99159
6544673750.0,-40.98537
6544674687.5,-40.98042
6544675625.0,-40.9777
6544676562.5,-40.99129
6544677500.0,-40.97776
6544678437.5,-40.94846
6544679375.0,-40.98458
6544680312.5,-40.98295
6544681250.0,-40.97135
6544682187.5,-40.97291
6544683125.0,-40.98277
6544684062.5,-40.98761
6544685000.0,-40.98423
6544685937.5,-40.9638
6544686875.0,-40.97563
6544687812.5,-40.95656
6544688750.0,-40.97449
6544689687.5,-40.96278
6544690625.0,-40.95256
6544691562.5,-40.96238
6544692500.0,-40.95359
6544693437.5,-40.97523
6544694375.0,-40.96216
6544695312.5,-40.96379
6544696250.0,-40.9549
6544697187.5,-40.95494
6544698125.0,-40.98344
6544699062.5,-40.96173
6544700000.0,-40.96698
6544700937.5,-40.95073
6544701875.0,-40.97609
6544702812.5,-40.98764
6544703750.0,-40.97754
6544704687.5,-40.96249
6544705625.0,-40.97052
6544706562.5,-40.9695
6544707500.0,-40.96566
6544708437.5,-40.97779
6544709375.0,-40.95453
6544710312.5,-40.95548
6544711250.0,-40.96326
6544712187.5,-40.9605
6544713125.0,-40.96359
6544714062.5,-40.93908
6544715000.0,-40.95333
6544715937.5,-40.97901
6544716875.0,-40.98555
6544717812.5,-40.9576
6544718750.0,-40.96505
6544719687.5,-40.94837
6544720625.0,-40.9598
6544721562.5,-40.98488
6544722500.0,-40.95004
6544723437.5,-40.9439
6544724375.0,-40.9663
6544725312.5,-40.96111
6544726250.0,-40.93597
6544727187.5,-40.95265
6544728125.0,-40.96264
6544729062.5,-40.97946
6544730000.0,-40.94178
6544730937.5,-40.96239
6544731875.0,-40.95185
6544732812.5,-40.96564
6544733750.0,-40.95758
6544734687.5,-40.95409
6544735625.0,-40.95271
6544736562.5,-40.95275
6544737500.0,-40.95289
6544738437.5,-40.94532
6544739375.0,-40.95746
6544740312.5,-40.93031
6544741250.0,-40.96261
6544742187.5,-40.96641
6544743125.0,-40.95633
6544744062.5,-40.95629
6544745000.0,-40.94631
6544745937.5,-40.93058
6544746875.0,-40.95372
6544747812.5,-40.95738
6544748750.0,-40.95384
6544749687.5,-40.94952
6544750625.0,-40.95258
6544751562.5,-40.96523
6544752500.0,-40.96754
6544753437.5,-40.94405
6544754375.0,-40.95576
6544755312.5,-40.9478
6544756250.0,-40.92183
6544757187.5,-40.95529
6544758125.0,-40.93883
6544759062.5,-40.94357
6544760000.0,-40.94727
6544760937.5,-40.94975
6544761875.0,-40.92956
6544762812.5,-40.94553
6544763750.0,-40.94474
6544764687.5,-40.93013
6544765625.0,-40.94971
6544766562.5,-40.92149
6544767500.0,-40.9437
6544768437.5,-40.94766
6544769375.0,-40.94246
6544770312.5,-40.92957
6544771250.0,-40.92928
6544772187.5,-40.93248
6544773125.0,-40.93716
6544774062.5,-40.93378
6544775000.0,-40.94307
6544775937.5,-40.95044
6544776875.0,-40.93514
6544777812.5,-40.94781
6544778750.0,-40.92937
6544779687.5,-40.92317
6544780625.0,-40.94496
6544781562.5,-40.93108
6544782500.0,-40.91635
6544783437.5,-40.93232
6544784375.0,-40.92685
6544785312.5,-40.93937
6544786250.0,-40.92076
6544787187.5,-40.94996
6544788125.0,-40.91664
6544789062.5,-40.91843
6544790000.0,-40.93189
6544790937.5,-40.91926
6544791875.0,-40.91401
6544792812.5,-40.94426
6544793750.0,-40.92706
6544794687.5,-40.93213
6544795625.0,-40.92619
6544796562.5,-40.91694
6544797500.0,-40.91052
6544798437.5,-40.92232
6544799375.0,-40.91068
6544800312.5,-40.91227
6544801250.0,-40.91681
6544802187.5,-40.94507
6544803125.0,-40.92246
6544804062.5,-40.92897
6544805000.0,-40.92894
6544805937.5,-40.92043
6544806875.0,-40.91986
6544807812.5,-40.92547
6544808750.0,-40.91404
6544809687.5,-40.9136
6544810625.0,-40.91076
6544811562.5,-40.88887
6544812500.0,-40.9212
6544813437.5,-40.87838
6544814375.0,-40.91581
6544815312.5,-40.88178
6544816250.0,-40.91434
6544817187.5,-40.92397
6544818125.0,-40.90943
6544819062.5,-40.90475
6544820000.0,-40.9081
6544820937.5,-40.90731
6544821875.0,-40.91205
6544822812.5,-40.89866
6544823750.0,-40.91888
6544824687.5,-40.91625
6544825625.0,-40.89081
6544826562.5,-40.93347
6544827500.0,-40.9151
6544828437.5,-40.90631
6544829375.0,-40.91588
6544830312.5,-40.89397
6544831250.0,-40.90877
6544832187.5,-40.90561
6544833125.0,-40.92941
6544834062.5,-40.90749
6544835000.0,-40.89981
6544835937.5,-40.92049
6544836875.0,-40.91289
6544837812.5,-40.91095
6544838750.0,-40.90797
6544839687.5,-40.91115
6544840625.0,-40.88289
6544841562.5,-40.90381
6544842500.0,-40.88201
6544843437.5,-40.88993
6544844375.0,-40.90864
6544845312.5,-40.90937
6544846250.0,-40.88673
6544847187.5,-40.91235
6544848125.0,-40.90886
6544849062.5,-40.91739
6544850000.0,-40.91765
6544850937.5,-40.91283
6544851875.0,-40.91653
6544852812.5,-40.88356
6544853750.0,-40.90876
6544854687.5,-40.89578
6544855625.0,-40.89295
6544856562.5,-40.89667
6544857500.0,-40.88981
6544858437.5,-40.8919
6544859375.0,-40.89982
6544860312.5,-40.88441
6544861250.0,-40.89205
6544862187.5,-40.88383
6544863125.0,-40.89442
6544864062.5,-40.8999
6544865000.0,-40.88906
6544865937.5,-40.90667
6544866875.0,-40.91679
6544867812.5,-40.89923
6544868750.0,-40.88735
6544869687.5,-40.90246
6544870625.0,-40.90459
6544871562.5,-40.8843
6544872500.0,-40.89048
6544873437.5,-40.88432
6544874375.0,-40.87967
6544875312.5,-40.89675
6544876250.0,-40.88722
6544877187.5,-40.89379
6544878125.0,-40.88287
6544879062.5,-40.88949
6544880000.0,-40.88179
6544880937.5,-40.88976
6544881875.0,-40.88599
6544882812.5,-40.86602
6544883750.0,-40.87503
6544884687.5,-40.88977
6544885625.0,-40.89204
6544886562.5,-40.87419
6544887500.0,-40.87624
6544888437.5,-40.89974
6544889375.0,-40.88348
6544890312.5,-40.88083
6544891250.0,-40.88754
6544892187.5,-40.88329
6544893125.0,-40.88128
6544894062.5,-40.87639
6544895000.0,-40.88223
6544895937.5,-40.87402
6544896875.0,-40.87358
6544897812.5,-40.85268
6544898750.0,-40.8817
6544899687.5,-40.85168
6544900625.0,-40.87576
6544901562.5,-40.86985
6544902500.0,-40.88061
6544903437.5,-40.84584
6544904375.0,-40.87977
6544905312.5,-40.87491
6544906250.0,-40.87874
6544907187.5,-40.88311
6544908125.0,-40.87717
6544909062.5,-40.87472
6544910000.0,-40.85601
6544910937.5,-40.83381
6544911875.0,-40.86604
6544912812.5,-40.86288
6544913750.0,-40.88337
6544914687.5,-40.89268
6544915625.0,-40.85403
6544916562.5,-40.87932
6544917500.0,-40.85095
6544918437.5,-40.85869
6544919375.0,-40.875
6544920312.5,-40.86028
6544921250.0,-40.87059
6544922187.5,-40.88066
6544923125.0,-40.85836
6544924062.5,-40.85975
6544925000.0,-40.86163
6544925937.5,-40.86107
6544926875.0,-40.85932
6544927812.5,-40.84903
6544928750.0,-40.86384
6544929687.5,-40.86277
6544930625.0,-40.84306
6544931562.5,-40.86597
6544932500.0,-40.85592
6544933437.5,-40.85764
6544934375.0,-40.86724
6544935312.5,-40.85246
6544936250.0,-40.83583
6544937187.5,-40.86001
6544938125.0,-40.85445
6544939062.5,-40.83809
6544940000.0,-40.86215
6544940937.5,-40.83916
6544941875.0,-40.86959
6544942812.5,-40.84833
6544943750.0,-40.85323
6544944687.5,-40.8686
6544945625.0,-40.83558
6544946562.5,-40.87781
6544947500.0,-40.85017
6544948437.5,-40.85643
6544949375.0,-40.84719
6544950312.5,-40.86056
6544951250.0,-40.8566
6544952187.5,-40.85131
6544953125.0,-40.84511
6544954062.5,-40.85963
6544955000.0,-40.84199
6544955937.5,-40.85218
6544956875.0,-40.85228
6544957812.5,-40.84993
6544958750.0,-40.84299
6544959687.5,-40.83721
6544960625.0,-40.84355
6544961562.5,-40.84598
6544962500.0,-40.85343
6544963437.5,-40.85366
6544964375.0,-40.82603
6544965312.5,-40.86054
6544966250.0,-40.8501
6544967187.5,-40.85974
6544968125.0,-40.84685
6544969062.5,-40.85269
6544970000.0,-40.84544
6544970937.5,-40.84772
6544971875.0,-40.8634
6544972812.5,-40.83936
6544973750.0,-40.84314
6544974687.5,-40.84149
6544975625.0,-40.83768
6544976562.5,-40.83043
6544977500.0,-40.84365
6544978437.5,-40.85317
6544979375.0,-40.8373
6544980312.5,-40.83886
6544981250.0,-40.8529
6544982187.5,-40.83621
6544983125.0,-40.83626
6544984062.5,-40.83546
6544985000.0,-40.83413
6544985937.5,-40.82718
6544986875.0,-40.84859
6544987812.5,-40.85852
6544988750.0,-40.84074
6544989687.5,-40.82677
6544990625.0,-40.82261
6544991562.5,-40.86175
6544992500.0,-40.82488
6544993437.5,-40.85255
6544994375.0,-40.83381
6544995312.5,-40.82309
6544996250.0,-40.83745
6544997187.5,-40.82766
6544998125.0,-40.8245
6544999062.5,-40.8304
6545000000.0,-40.8414
6545000937.5,-40.84749
6545001875.0,-40.82179
6545002812.5,-40.81853
6545003750.0,-40.82448
6545004687.5,-40.81799
6545005625.0,-40.8292
6545006562.5,-40.83279
6545007500.0,-40.81934
6545008437.5,-40.82958
6545009375.0,-40.80924
6545010312.5,-40.83153
6545011250.0,-40.84118
6545012187.5,-40.81244
6545013125.0,-40.82338
6545014062.5,-40.8132
6545015000.0,-40.80675
6545015937.5,-40.8254
6545016875.0,-40.82612
6545017812.5,-40.81509
6545018750.0,-40.83591
6545019687.5,-40.82323
6545020625.0,-40.80443
6545021562.5,-40.81955
6545022500.0,-40.80435
6545023437.5,-40.81986
6545024375.0,-40.81664
6545025312.5,-40.8255
6545026250.0,-40.81716
6545027187.5,-40.82026
6545028125.0,-40.82638
6545029062.5,-40.82016
6545030000.0,-40.81635
6545030937.5,-40.83628
6545031875.0,-40.81928
6545032812.5,-40.81487
6545033750.0,-40.79712
6545034687.5,-40.8151
6545035625.0,-40.81244
6545036562.5,-40.80179
6545037500.0,-40.81345
6545038437.5,-40.80637
6545039375.0,-40.80732
6545040312.5,-40.82172
6545041250.0,-40.80156
6545042187.5,-40.80409
6545043125.0,-40.80005
6545044062.5,-40.81364
6545045000.0,-40.8083
6545045937.5,-40.80186
6545046875.0,-40.82584
6545047812.5,-40.81254
6545048750.0,-40.80618
6545049687.5,-40.79762
6545050625.0,-40.77409
6545051562.5,-40.79783
6545052500.0,-40.77518
6545053437.5,-40.80441
6545054375.0,-40.81152
6545055312.5,-40.78817
6545056250.0,-40.80512
6545057187.5,-40.78158
6545058125.0,-40.80462
6545059062.5,-40.78928
6545060000.0,-40.7971
6545060937.5,-40.80793
6545061875.0,-40.79897
6545062812.5,-40.79499
6545063750.0,-40.811
6545064687.5,-40.80609
6545065625.0,-40.77846
6545066562.5,-40.81557
6545067500.0,-40.80035
6545068437.5,-40.78764
6545069375.0,-40.79049
6545070312.5,-40.79508
6545071250.0,-40.79822
6545072187.5,-40.79577
6545073125.0,-40.79318
6545074062.5,-40.76985
6545075000.0,-40.78984
6545075937.5,-40.79218
6545076875.0,-40.80991
6545077812.5,-40.80306
6545078750.0,-40.8131
6545079687.5,-40.80047
6545080625.0,-40.7941
6545081562.5,-40.79033
6545082500.0,-40.78637
6545083437.5,-40.79964
6545084375.0,-40.77824
6545085312.5,-40.80513
6545086250.0,-40.7889
6545087187.5,-40.78568
6545088125.0,-40.79096
6545089062.5,-40.79866
6545090000.0,-40.77962
6545090937.5,-40.78514
6545091875.0,-40.77442
6545092812.5,-40.78891
6545093750.0,-40.80818
6545094687.5,-40.79071
6545095625.0,-40.78146
6545096562.5,-40.78569
6545097500.0,-40.78924
6545098437.5,-40.76849
6545099375.0,-40.76395
6545100312.5,-40.79069
6545101250.0,-40.77552
6545102187.5,-40.76242
6545103125.0,-40.77375
6545104062.5,-40.79079
6545105000.0,-40.77319
6545105937.5,-40.76941
6545106875.0,-40.78469
6545107812.5,-40.76826
6545108750.0,-40.77019
6545109687.5,-40.78093
6545110625.0,-40.78237
6545111562.5,-40.76164
6545112500.0,-40.78216
6545113437.5,-40.79179
6545114375.0,-40.77774
6545115312.5,-40.78015
6545116250.0,-40.78131
6545117187.5,-40.76409
6545118125.0,-40.79786
6545119062.5,-40.75144
6545120000.0,-40.75952
6545120937.5,-40.77011
6545121875.0,-40.78175
6545122812.5,-40.76112
6545123750.0,-40.76793
6545124687.5,-40.75481
6545125625.0,-40.74551
6545126562.5,-40.76725
6545127500.0,-40.75788
6545128437.5,-40.75699
6545129375.0,-40.77168
6545130312.5,-40.77241
6545131250.0,-40.77768
6545132187.5,-40.77665
6545133125.0,-40.74289
6545134062.5,-40.77145
6545135000.0,-40.75282
6545135937.5,-40.75105
6545136875.0,-40.75057
6545137812.5,-40.75999
6545138750.0,-40.76363
6545139687.5,-40.76359
6545140625.0,-40.74451
6545141562.5,-40.76189
6545142500.0,-40.78179
6545143437.5,-40.74438
6545144375.0,-40.76225
6545145312.5,-40.75325
6545146250.0,-40.75241
6545147187.5,-40.7618
6545148125.0,-40.76435
6545149062.5,-40.76083
6545150000.0,-40.77351
6545150937.5,-40.75617
6545151875.0,-40.74078
6545152812.5,-40.75589
6545153750.0,-40.74979
6545154687.5,-40.77305
6545155625.0,-40.75158
6545156562.5,-40.75434
6545157500.0,-40.75394
6545158437.5,-40.7474
6545159375.0,-40.75573
6545160312.5,-40.7781
6545161250.0,-40.72978
6545162187.5,-40.77627
6545163125.0,-40.74105
6545164062.5,-40.77195
6545165000.0,-40.74765
6545165937.5,-40.74433
6545166875.0,-40.75689
6545167812.5,-40.75331
6545168750.0,-40.73457
6545169687.5,-40.74142
6545170625.0,-40.74009
6545171562.5,-40.73983
6545172500.0,-40.73962
6545173437.5,-40.74582
6545174375.0,-40.74447
6545175312.5,-40.74673
6545176250.0,-40.75602
6545177187.5,-40.73435
6545178125.0,-40.74345
6545179062.5,-40.74039
6545180000.0,-40.73599
6545180937.5,-40.74847
6545181875.0,-40.7328
6545182812.5,-40.7609
6545183750.0,-40.7514
6545184687.5,-40.74549
6545185625.0,-40.74477
6545186562.5,-40.75087
6545187500.0,-40.75952
6545188437.5,-40.73555
6545189375.0,-40.75482
6545190312.5,-40.7487
6545191250.0,-40.74968
6545192187.5,-40.75251
6545193125.0,-40.73983
6545194062.5,-40.73692
6545195000.0,-40.72897
6545195937.5,-40.71696
6545196875.0,-40.74844
6545197812.5,-40.7403
6545198750.0,-40.73535
6545199687.5,-40.73938
6545200625.0,-40.71691
6545201562.5,-40.73005
6545202500.0,-40.7396
6545203437.5,-40.72621
6545204375.0,-40.73477
6545205312.5,-40.74205
6545206250.0,-40.73635
6545207187.5,-40.73167
6545208125.0,-40.73788
6545209062.5,-40.71238
6545210000.0,-40.72536
6545210937.5,-40.73755
6545211875.0,-40.71783
6545212812.5,-40.74221
6545213750.0,-40.72606
6545214687.5,-40.71736
6545215625.0,-40.74021
6545216562.5,-40.71977
6545217500.0,-40.72356
6545218437.5,-40.73334
6545219375.0,-40.73039
6545220312.5,-40.7327
6545221250.0,-40.71758
6545222187.5,-40.72181
6545223125.0,-40.7376
6545224062.5,-40.73195
6545225000.0,-40.72442
6545225937.5,-40.72677
6545226875.0,-40.71632
6545227812.5,-40.7167
6545228750.0,-40.73011
6545229687.5,-40.74113
6545230625.0,-40.74797
6545231562.5,-40.70542
6545232500.0,-40.72332
6545233437.5,-40.72144
6545234375.0,-40.70429
6545235312.5,-40.72047
6545236250.0,-40.73016
6545237187.5,-40.71449
6545238125.0,-40.69918
6545239062.5,-40.70523
6545240000.0,-40.74009
6545240937.5,-40.69464
6545241875.0,-40.70975
6545242812.5,-40.73777
6545243750.0,-40.72231
6545244687.5,-40.73071
6545245625.0,-40.70797
6545246562.5,-40.69958
6545247500.0,-40.67707
6545248437.5,-40.71178
6545249375.0,-40.70199
6545250312.5,-40.69925
6545251250.0,-40.71101
6545252187.5,-40.71265
6545253125.0,-40.72737
6545254062.5,-40.69762
6545255000.0,-40.71293
6545255937.5,-40.714
6545256875.0,-40.70299
6545257812.5,-40.7221
6545258750.0,-40.71872
6545259687.5,-40.7049
6545260625.0,-40.69684
6545261562.5,-40.70304
6545262500.0,-40.71141
6545263437.5,-40.7029
6545264375.0,-40.70973
6545265312.5,-40.71442
6545266250.0,-40.71364
6545267187.5,-40.70523
6545268125.0,-40.70486
6545269062.5,-40.69416
6545270000.0,-40.71333
6545270937.5,-40.69804
6545271875.0,-40.71051
6545272812.5,-40.70407
6545273750.0,-40.69299
6545274687.5,-40.72206
6545275625.0,-40.70617
6545276562.5,-40.70129
6545277500.0,-40.7054
6545278437.5,-40.71048
6545279375.0,-40.6796
6545280312.5,-40.68224
6545281250.0,-40.68588
6545282187.5,-40.69962
6545283125.0,-40.70063
6545284062.5,-40.70045
6545285000.0,-40.70581
6545285937.5,-40.70887
6545286875.0,-40.66884
6545287812.5,-40.68338
6545288750.0,-40.69469
6545289687.5,-40.6825
6545290625.0,-40.68385
6545291562.5,-40.66649
6545292500.0,-40.70028
6545293437.5,-40.67977
6545294375.0,-40.6964
6545295312.5,-40.6781
6545296250.0,-40.68
6545297187.5,-40.69163
6545298125.0,-40.70958
6545299062.5,-40.70855
6545300000.0,-40.6917
6545300937.5,-40.6837
6545301875.0,-40.70288
6545302812.5,-40.68736
6545303750.0,-40.68733
6545304687.5,-40.67186
6545305625.0,-40.70187
6545306562.5,-40.67855
6545307500.0,-40.6853
6545308437.5,-40.67297
6545309375.0,-40.66741
6545310312.5,-40.6828
6545311250.0,-40.6806
6545312187.5,-40.67379
6545313125.0,-40.67598
6545314062.5,-40.6793
6545315000.0,-40.68671
6545315937.5,-40.67725
6545316875.0,-40.68549
6545317812.5,-40.67549
6545318750.0,-40.66641
6545319687.5,-40.67626
6545320625.0,-40.67495
6545321562.5,-40.67872
6545322500.0,-40.68379
6545323437.5,-40.66788
6545324375.0,-40.67525
6545325312.5,-40.67307
6545326250.0,-40.66361
6545327187.5,-40.6883
6545328125.0,-40.68757
6545329062.5,-40.67573
6545330000.0,-40.67024
6545330937.5,-40.65406
6545331875.0,-40.66742
6545332812.5,-40.66936
6545333750.0,-40.6695
6545334687.5,-40.66266
6545335625.0,-40.65577
6545336562.5,-40.67607
6545337500.0,-40.66705
6545338437.5,-40.64967
6545339375.0,-40.66418
6545340312.5,-40.6644
6545341250.0,-40.68586
6545342187.5,-40.67035
6545343125.0,-40.65438
6545344062.5,-40.65722
6545345000.0,-40.66037
6545345937.5,-40.67274
6545346875.0,-40.67262
6545347812.5,-40.65245
6545348750.0,-40.64236
6545349687.5,-40.67975
6545350625.0,-40.65374
6545351562.5,-40.67265
6545352500.0,-40.66005
6545353437.5,-40.65372
6545354375.0,-40.66374
6545355312.5,-40.6654
6545356250.0,-40.63224
6545357187.5,-40.64996
6545358125.0,-40.67054
6545359062.5,-40.65654
6545360000.0,-40.65315
6545360937.5,-40.63852
6545361875.0,-40.67024
6545362812.5,-40.64963
6545363750.0,-40.63765
6545364687.5,-40.6557
6545365625.0,-40.66621
6545366562.5,-40.64975
6545367500.0,-40.63541
6545368437.5,-40.64363
6545369375.0,-40.66116
6545370312.5,-40.67859
6545371250.0,-40.64074
6545372187.5,-40.66014
6545373125.0,-40.63605
6545374062.5,-40.65162
6545375000.0,-40.62632
6545375937.5,-40.64061
6545376875.0,-40.63724
6545377812.5,-40.63884
6545378750.0,-40.66247
6545379687.5,-40.64921
6545380625.0,-40.63584
6545381562.5,-40.65408
6545382500.0,-40.64909
6545383437.5,-40.64273
6545384375.0,-40.63232
6545385312.5,-40.65159
6545386250.0,-40.64705
6545387187.5,-40.63253
6545388125.0,-40.62675
6545389062.5,-40.63907
6545390000.0,-40.64553
6545390937.5,-40.62363
6545391875.0,-40.62231
6545392812.5,-40.64306
6545393750.0,-40.63572
6545394687.5,-40.65062
6545395625.0,-40.64178
6545396562.5,-40.63597
6545397500.0,-40.6364
6545398437.5,-40.65599
6545399375.0,-40.6483
6545400312.5,-40.65112
6545401250.0,-40.64224
6545402187.5,-40.63653
6545403125.0,-40.64012
6545404062.5,-40.65796
6545405000.0,-40.64236
6545405937.5,-40.63318
6545406875.0,-40.62248
6545407812.5,-40.6384
6545408750.0,-40.62775
6545409687.5,-40.62748
6545410625.0,-40.63501
6545411562.5,-40.64172
6545412500.0,-40.61935
6545413437.5,-40.63545
6545414375.0,-40.62038
6545415312.5,-40.62736
6545416250.0,-40.64163
6545417187.5,-40.6258
6545418125.0,-40.62177
6545419062.5,-40.62833
6545420000.0,-40.63893
6545420937.5,-40.63499
6545421875.0,-40.61781
6545422812.5,-40.62641
6545423750.0,-40.63605
6545424687.5,-40.63608
6545425625.0,-40.62383
6545426562.5,-40.62571
6545427500.0,-40.60738
6545428437.5,-40.61345
6545429375.0,-40.63964
6545430312.5,-40.61253
6545431250.0,-40.6363
6545432187.5,-40.62313
6545433125.0,-40.62278
6545434062.5,-40.63551
6545435000.0,-40.63387
6545435937.5,-40.62945
6545436875.0,-40.61337
6545437812.5,-40.60832
6545438750.0,-40.62264
6545439687.5,-40.61803
6545440625.0,-40.63081
6545441562.5,-40.62484
6545442500.0,-40.5985
6545443437.5,-40.60821
6545444375.0,-40.61418
6545445312.5,-40.60975
6545446250.0,-40.59462
6545447187.5,-40.62241
6545448125.0,-40.61209
6545449062.5,-40.61165
6545450000.0,-40.62009
6545450937.5,-40.59768
6545451875.0,-40.59736
6545452812.5,-40.62984
6545453750.0,-40.61715
6545454687.5,-40.60625
6545455625.0,-40.59678
6545456562.5,-40.61362
6545457500.0,-40.61353
6545458437.5,-40.60997
6545459375.0,-40.59464
6545460312.5,-40.62048
6545461250.0,-40.61209
6545462187.5,-40.61675
6545463125.0,-40.60464
6545464062.5,-40.62965
6545465000.0,-40.60052
6545465937.5,-40.61952
6545466875.0,-40.6161
6545467812.5,-40.60214
6545468750.0,-40.59156
6545469687.5,-40.61754
6545470625.0,-40.6244
6545471562.5,-40.61401
6545472500.0,-40.5996
6545473437.5,-40.60392
6545474375.0,-40.61608
6545475312.5,-40.61
6545476250.0,-40.59404
6545477187.5,-40.60555
6545478125.0,-40.59948
6545479062.5,-40.60664
6545480000.0,-40.59141
6545480937.5,-40.59076
6545481875.0,-40.59799
6545482812.5,-40.61374
6545483750.0,-40.59097
6545484687.5,-40.58524
6545485625.0,-40.59852
6545486562.5,-40.58149
6545487500.0,-40.58925
6545488437.5,-40.60779
6545489375.0,-40.58494
6545490312.5,-40.59407
6545491250.0,-40.59381
6545492187.5,-40.57522
6545493125.0,-40.60992
6545494062.5,-40.59377
6545495000.0,-40.59183
6545495937.5,-40.5845
6545496875.0,-40.5813
6545497812.5,-40.59206
6545498750.0,-40.58124
6545499687.5,-40.58578
6545500625.0,-40.60072
6545501562.5,-40.5766
6545502500.0,-40.58817
6545503437.5,-40.5851
6545504375.0,-40.59477
6545505312.5,-40.59245
6545506250.0,-40.59016
6545507187.5,-40.58297
6545508125.0,-40.57928
6545509062.5,-40.58188
6545510000.0,-40.57992
6545510937.5,-40.59173
6545511875.0,-40.58309
6545512812.5,-40.5884
6545513750.0,-40.56224
6545514687.5,-40.59283
6545515625.0,-40.59389
6545516562.5,-40.59494
6545517500.0,-40.57891
6545518437.5,-40.57336
6545519375.0,-40.57694
6545520312.5,-40.57878
6545521250.0,-40.586
6545522187.5,-40.59312
6545523125.0,-40.60014
6545524062.5,-40.58809
6545525000.0,-40.57011
6545525937.5,-40.58201
6545526875.0,-40.56553
6545527812.5,-40.59229
6545528750.0,-40.5775
6545529687.5,-40.58957
6545530625.0,-40.57357
6545531562.5,-40.59167
6545532500.0,-40.56552
6545533437.5,-40.58773
6545534375.0,-40.56835
6545535312.5,-40.58401
6545536250.0,-40.56891
6545537187.5,-40.57491
6545538125.0,-40.58383
6545539062.5,-40.56522
6545540000.0,-40.551
6545540937.5,-40.55128
6545541875.0,-40.57335
6545542812.5,-40.58755
6545543750.0,-40.56435
6545544687.5,-40.54993
6545545625.0,-40.54459
6545546562.5,-40.56549
6545547500.0,-40.57029
6545548437.5,-40.57434
6545549375.0,-40.57708
6545550312.5,-40.56622
6545551250.0,-40.57367
6545552187.5,-40.58408
6545553125.0,-40.57541
6545554062.5,-40.56968
6545555000.0,-40.55015
6545555937.5,-40.57721
6545556875.0,-40.56385
6545557812.5,-40.57294
6545558750.0,-40.55173
6545559687.5,-40.57074
6545560625.0,-40.56951
6545561562.5,-40.53788
6545562500.0,-40.55999
6545563437.5,-40.5701
6545564375.0,-40.55219
6545565312.5,-40.56299
6545566250.0,-40.57934
6545567187.5,-40.54781
6545568125.0,-40.56414
6545569062.5,-40.54826
6545570000.0,-40.56701
6545570937.5,-40.5531
6545571875.0,-40.55624
6545572812.5,-40.54261
6545573750.0,-40.55627
6545574687.5,-40.55806
6545575625.0,-40.55497
6545576562.5,-40.54833
6545577500.0,-40.54377
6545578437.5,-40.53883
6545579375.0,-40.55833
6545580312.5,-40.54724
6545581250.0,-40.54102
6545582187.5,-40.56594
6545583125.0,-40.53165
6545584062.5,-40.55682
6545585000.0,-40.54683
6545585937.5,-40.56516
6545586875.0,-40.5333
6545587812.5,-40.54034
6545588750.0,-40.54305
6545589687.5,-40.53708
6545590625.0,-40.56165
6545591562.5,-40.53189
6545592500.0,-40.55213
6545593437.5,-40.54303
6545594375.0,-40.55386
6545595312.5,-40.53885
6545596250.0,-40.57943
6545597187.5,-40.52866
6545598125.0,-40.54291
6545599062.5,-40.52822
6545600000.0,-40.54631
6545600937.5,-40.52804
6545601875.0,-40.53533
6545602812.5,-40.52459
6545603750.0,-40.53382
6545604687.5,-40.54383
6545605625.0,-40.54324
6545606562.5,-40.55241
6545607500.0,-40.53062
6545608437.5,-40.54507
6545609375.0,-40.53017
6545610312.5,-40.53456
6545611250.0,-40.54429
6545612187.5,-40.52668
6545613125.0,-40.54605
6545614062.5,-40.53598
6545615000.0,-40.53576
6545615937.5,-40.51437
6545616875.0,-40.52794
6545617812.5,-40.53119
6545618750.0,-40.52057
6545619687.5,-40.54258
6545620625.0,-40.5312
6545621562.5,-40.53633
6545622500.0,-40.5484
6545623437.5,-40.5214
6545624375.0,-40.52195
6545625312.5,-40.53847
6545626250.0,-40.52038
6545627187.5,-40.51875
6545628125.0,-40.52086
6545629062.5,-40.53754
6545630000.0,-40.51762
6545630937.5,-40.5143
6545631875.0,-40.51332
6545632812.5,-40.51836
6545633750.0,-40.52314
6545634687.5,-40.49796
6545635625.0,-40.53019
6545636562.5,-40.51673
6545637500.0,-40.51411
6545638437.5,-40.52077
6545639375.0,-40.53088
6545640312.5,-40.56194
6545641250.0,-40.5266
6545642187.5,-40.51373
6545643125.0,-40.51791
6545644062.5,-40.50331
6545645000.0,-40.51917
6545645937.5,-40.52576
6545646875.0,-40.53331
6545647812.5,-40.52741
6545648750.0,-40.52087
6545649687.5,-40.51469
6545650625.0,-40.53535
6545651562.5,-40.5037
6545652500.0,-40.5153
6545653437.5,-40.51044
6545654375.0,-40.52698
6545655312.5,-40.50444
6545656250.0,-40.51276
6545657187.5,-40.5219
6545658125.0,-40.50854
6545659062.5,-40.51419
6545660000.0,-40.50024
6545660937.5,-40.50167
6545661875.0,-40.50819
6545662812.5,-40.50861
6545663750.0,-40.49784
6545664687.5,-40.51502
6545665625.0,-40.50723
6545666562.5,-40.50537
6545667500.0,-40.51646
6545668437.5,-40.52798
6545669375.0,-40.52193
6545670312.5,-40.49886
6545671250.0,-40.50859
6545672187.5,-40.48938
6545673125.0,-40.51658
6545674062.5,-40.52359
6545675000.0,-40.49723
6545675937.5,-40.51087
6545676875.0,-40.501
6545677812.5,-40.50171
6545678750.0,-40.52726
6545679687.5,-40.50936
6545680625.0,-40.49532
6545681562.5,-40.50256
6545682500.0,-40.51122
6545683437.5,-40.49728
6545684375.0,-40.50992
6545685312.5,-40.4957
6545686250.0,-40.50338
6545687187.5,-40.4876
6545688125.0,-40.4916
6545689062.5,-40.49614
6545690000.0,-40.50756
6545690937.5,-40.46929
6545691875.0,-40.49314
6545692812.5,-40.48933
6545693750.0,-40.50204
6545694687.5,-40.4915
6545695625.0,-40.51837
6545696562.5,-40.48557
6545697500.0,-40.50716
6545698437.5,-40.50955
6545699375.0,-40.48961
6545700312.5,-40.47217
6545701250.0,-40.48005
6545702187.5,-40.50115
6545703125.0,-40.48745
6545704062.5,-40.50431
6545705000.0,-40.48977
6545705937.5,-40.51895
6545706875.0,-40.4752
6545707812.5,-40.48109
6545708750.0,-40.49291
6545709687.5,-40.47751
6545710625.0,-40.47839
6545711562.5,-40.48441
6545712500.0,-40.48576
6545713437.5,-40.47229
6545714375.0,-40.47451
6545715312.5,-40.48783
6545716250.0,-40.47979
6545717187.5,-40.48559
6545718125.0,-40.48627
6545719062.5,-40.49162
6545720000.0,-40.49071
6545720937.5,-40.48317
6545721875.0,-40.49578
6545722812.5,-40.48746
6545723750.0,-40.49542
6545724687.5,-40.47908
6545725625.0,-40.47392
6545726562.5,-40.47371
6545727500.0,-40.49141
6545728437.5,-40.48534
6545729375.0,-40.47034
6545730312.5,-40.47366
6545731250.0,-40.50832
6545732187.5,-40.49488
6545733125.0,-40.47935
6545734062.5,-40.48148
6545735000.0,-40.4773
6545735937.5,-40.48196
6545736875.0,-40.46722
6545737812.5,-40.46685
6545738750.0,-40.47018
6545739687.5,-40.47414
6545740625.0,-40.48266
6545741562.5,-40.47747
6545742500.0,-40.46937
6545743437.5,-40.47366
6545744375.0,-40.4612
6545745312.5,-40.46809
6545746250.0,-40.47476
6545747187.5,-40.49054
6545748125.0,-40.4546
6545749062.5,-40.47915
6545750000.0,-40.45584
6545750937.5,-40.46552
6545751875.0,-40.4652
6545752812.5,-40.48175
6545753750.0,-40.45342
6545754687.5,-40.47058
6545755625.0,-40.47106
6545756562.5,-40.47856
6545757500.0,-40.46391
6545758437.5,-40.46672
6545759375.0,-40.45942
6545760312.5,-40.46339
6545761250.0,-40.4639
6545762187.5,-40.46167
6545763125.0,-40.4548
6545764062.5,-40.46979
6545765000.0,-40.45096
6545765937.5,-40.45116
6545766875.0,-40.45807
6545767812.5,-40.44694
6545768750.0,-40.45878
6545769687.5,-40.46664
6545770625.0,-40.46518
6545771562.5,-40.45958
6545772500.0,-40.45788
6545773437.5,-40.47525
6545774375.0,-40.45206
6545775312.5,-40.46082
6545776250.0,-40.45181
6545777187.5,-40.46503
6545778125.0,-40.43271
6545779062.5,-40.45288
6545780000.0,-40.46878
6545780937.5,-40.46504
6545781875.0,-40.45512
6545782812.5,-40.45266
6545783750.0,-40.4469
6545784687.5,-40.44879
6545785625.0,-40.43794
6545786562.5,-40.45632
6545787500.0,-40.44031
6545788437.5,-40.45134
6545789375.0,-40.43396
6545790312.5,-40.43654
6545791250.0,-40.46314
6545792187.5,-40.43015
6545793125.0,-40.43837
6545794062.5,-40.44939
6545795000.0,-40.43665
6545795937.5,-40.4294
6545796875.0,-40.44717
6545797812.5,-40.42956
6545798750.0,-40.44715
6545799687.5,-40.44267
6545800625.0,-40.44395
6545801562.5,-40.43665
6545802500.0,-40.44325
6545803437.5,-40.42936
6545804375.0,-40.43678
6545805312.5,-40.43073
6545806250.0,-40.42911
6545807187.5,-40.44596
6545808125.0,-40.44455
6545809062.5,-40.45729
6545810000.0,-40.45117
6545810937.5,-40.45084
6545811875.0,-40.43947
6545812812.5,-40.43048
6545813750.0,-40.43996
6545814687.5,-40.42397
6545815625.0,-40.43526
6545816562.5,-40.44193
6545817500.0,-40.43058
6545818437.5,-40.44654
6545819375.0,-40.41202
6545820312.5,-40.42603
6545821250.0,-40.44114
6545822187.5,-40.42281
6545823125.0,-40.43892
6545824062.5,-40.4319
6545825000.0,-40.43839
6545825937.5,-40.43062
6545826875.0,-40.42667
6545827812.5,-40.4147
6545828750.0,-40.41216
6545829687.5,-40.44225
6545830625.0,-40.42783
6545831562.5,-40.44128
6545832500.0,-40.44347
6545833437.5,-40.41921
6545834375.0,-40.42383
6545835312.5,-40.42859
6545836250.0,-40.40766
6545837187.5,-40.43062
6545838125.0,-40.42459
6545839062.5,-40.40936
6545840000.0,-40.41228
6545840937.5,-40.43045
6545841875.0,-40.43649
6545842812.5,-40.41592
6545843750.0,-40.429
6545844687.5,-40.40525
6545845625.0,-40.42672
6545846562.5,-40.40461
6545847500.0,-40.4198
6545848437.5,-40.41492
6545849375.0,-40.40495
6545850312.5,-40.40513
6545851250.0,-40.41595
6545852187.5,-40.43121
6545853125.0,-40.41066
6545854062.5,-40.40317
6545855000.0,-40.41386
6545855937.5,-40.41389
6545856875.0,-40.41413
6545857812.5,-40.41554
6545858750.0,-40.41563
6545859687.5,-40.41146
6545860625.0,-40.42585
6545861562.5,-40.41933
6545862500.0,-40.40944
6545863437.5,-40.41173
6545864375.0,-40.40107
6545865312.5,-40.40464
6545866250.0,-40.41813
6545867187.5,-40.42696
6545868125.0,-40.41277
6545869062.5,-40.40371
6545870000.0,-40.39787
6545870937.5,-40.40333
6545871875.0,-40.4039
6545872812.5,-40.40745
6545873750.0,-40.39775
6545874687.5,-40.40705
6545875625.0,-40.41019
6545876562.5,-40.40366
6545877500.0,-40.40116
6545878437.5,-40.39729
6545879375.0,-40.39305
6545880312.5,-40.40789
6545881250.0,-40.39566
6545882187.5,-40.41243
6545883125.0,-40.39451
6545884062.5,-40.39553
6545885000.0,-40.40262
6545885937.5,-40.40923
6545886875.0,-40.39124
6545887812.5,-40.38515
6545888750.0,-40.38301
6545889687.5,-40.41004
6545890625.0,-40.41025
6545891562.5,-40.39523
6545892500.0,-40.42099
6545893437.5,-40.4027
6545894375.0,-40.3891
6545895312.5,-40.4029
6545896250.0,-40.39817
6545897187.5,-40.40539
6545898125.0,-40.39214
6545899062.5,-40.39837
6545900000.0,-40.39788
6545900937.5,-40.37507
6545901875.0,-40.38636
6545902812.5,-40.39638
6545903750.0,-40.40757
6545904687.5,-40.388
6545905625.0,-40.39328
6545906562.5,-40.38739
6545907500.0,-40.37579
6545908437.5,-40.37666
6545909375.0,-40.38597
6545910312.5,-40.39237
6545911250.0,-40.38252
6545912187.5,-40.3985
6545913125.0,-40.39911
6545914062.5,-40.38522
6545915000.0,-40.38532
6545915937.5,-40.38725
6545916875.0,-40.38399
6545917812.5,-40.37639
6545918750.0,-40.37445
6545919687.5,-40.38038
6545920625.0,-40.39329
6545921562.5,-40.3865
6545922500.0,-40.38187
6545923437.5,-40.37986
6545924375.0,-40.3816
6545925312.5,-40.38177
6545926250.0,-40.36125
6545927187.5,-40.3882
6545928125.0,-40.38019
6545929062.5,-40.38894
6545930000.0,-40.37941
6545930937.5,-40.36945
6545931875.0,-40.37317
6545932812.5,-40.37266
6545933750.0,-40.37852
6545934687.5,-40.36827
6545935625.0,-40.36021
6545936562.5,-40.36929
6545937500.0,-40.38261
6545938437.5,-40.35987
6545939375.0,-40.37749
6545940312.5,-40.36588
6545941250.0,-40.38303
6545942187.5,-40.37996
6545943125.0,-40.36933
6545944062.5,-40.36673
6545945000.0,-40.37951
6545945937.5,-40.37182
6545946875.0,-40.38391
6545947812.5,-40.36764
6545948750.0,-40.36597
6545949687.5,-40.3716
6545950625.0,-40.37584
6545951562.5,-40.36566
6545952500.0,-40.37189
6545953437.5,-40.36635
6545954375.0,-40.36867
6545955312.5,-40.36548
6545956250.0,-40.36795
6545957187.5,-40.37653
6545958125.0,-40.35374
6545959062.5,-40.35439
6545960000.0,-40.34294
6545960937.5,-40.36966
6545961875.0,-40.3463
6545962812.5,-40.35891
6545963750.0,-40.35397
6545964687.5,-40.3727
6545965625.0,-40.34877
6545966562.5,-40.34457
6545967500.0,-40.35007
6545968437.5,-40.37651
6545969375.0,-40.35928
6545970312.5,-40.3627
6545971250.0,-40.33384
6545972187.5,-40.36411
6545973125.0,-40.3622
6545974062.5,-40.32632
6545975000.0,-40.36164
6545975937.5,-40.36719
6545976875.0,-40.35848
6545977812.5,-40.36727
6545978750.0,-40.35254
6545979687.5,-40.35879
6545980625.0,-40.35492
6545981562.5,-40.36715
6545982500.0,-40.36273
6545983437.5,-40.35388
6545984375.0,-40.34357
6545985312.5,-40.35173
6545986250.0,-40.35218
6545987187.5,-40.34639
6545988125.0,-40.36202
6545989062.5,-40.35563
6545990000.0,-40.34014
6545990937.5,-40.34155
6545991875.0,-40.34877
6545992812.5,-40.35634
6545993750.0,-40.34702
6545994687.5,-40.33939
6545995625.0,-40.34072
6545996562.5,-40.35667
6545997500.0,-40.36185
6545998437.5,-40.35847
6545999375.0,-40.34673
6546000312.5,-40.35567
6546001250.0,-40.34095
6546002187.5,-40.33335
6546003125.0,-40.35224
6546004062.5,-40.337
6546005000.0,-40.35419
6546005937.5,-40.33936
6546006875.0,-40.34377
6546007812.5,-40.3393
6546008750.0,-40.33765
6546009687.5,-40.34225
6546010625.0,-40.34238
6546011562.5,-40.32197
6546012500.0,-40.34168
6546013437.5,-40.33666
6546014375.0,-40.33949
6546015312.5,-40.33297
6546016250.0,-40.3194
6546017187.5,-40.34513
6546018125.0,-40.31897
6546019062.5,-40.32292
6546020000.0,-40.33004
6546020937.5,-40.34014
6546021875.0,-40.33469
6546022812.5,-40.3276
6546023750.0,-40.33168
6546024687.5,-40.33192
6546025625.0,-40.32509
6546026562.5,-40.32604
6546027500.0,-40.33502
6546028437.5,-40.34271
6546029375.0,-40.32936
6546030312.5,-40.32514
6546031250.0,-40.33041
6546032187.5,-40.32853
6546033125.0,-40.32969
6546034062.5,-40.33108
6546035000.0,-40.31274
6546035937.5,-40.33294
6546036875.0,-40.32644
6546037812.5,-40.32787
6546038750.0,-40.31087
6546039687.5,-40.31784
6546040625.0,-40.32678
6546041562.5,-40.32046
6546042500.0,-40.33268
6546043437.5,-40.32033
6546044375.0,-40.30289
6546045312.5,-40.31697
6546046250.0,-40.3356
6546047187.5,-40.31618
6546048125.0,-40.3158
6546049062.5,-40.33039
6546050000.0,-40.31672
6546050937.5,-40.31002
6546051875.0,-40.31058
6546052812.5,-40.30688
6546053750.0,-40.3055
6546054687.5,-40.3112
6546055625.0,-40.30579
6546056562.5,-40.30704
6546057500.0,-40.29936
6546058437.5,-40.32063
6546059375.0,-40.29576
6546060312.5,-40.31533
6546061250.0,-40.30833
6546062187.5,-40.30101
6546063125.0,-40.33441
6546064062.5,-40.32972
6546065000.0,-40.31524
6546065937.5,-40.30292
6546066875.0,-40.29907
6546067812.5,-40.31262
6546068750.0,-40.32866
6546069687.5,-40.31329
6546070625.0,-40.30101
6546071562.5,-40.31889
6546072500.0,-40.31304
6546073437.5,-40.32753
6546074375.0,-40.31945
6546075312.5,-40.31068
6546076250.0,-40.29113
6546077187.5,-40.30018
6546078125.0,-40.30987
6546079062.5,-40.28972
6546080000.0,-40.30481
6546080937.5,-40.29655
6546081875.0,-40.28626
6546082812.5,-40.30587
6546083750.0,-40.29915
6546084687.5,-40.29176
6546085625.0,-40.31486
6546086562.5,-40.29507
6546087500.0,-40.311
6546088437.5,-40.28612
6546089375.0,-40.31861
6546090312.5,-40.31259
6546091250.0,-40.29172
6546092187.5,-40.2942
6546093125.0,-40.29092
6546094062.5,-40.30756
6546095000.0,-40.30602
6546095937.5,-40.28428
6546096875.0,-40.2923
6546097812.5,-40.31004
6546098750.0,-40.2833
6546099687.5,-40.29367
6546100625.0,-40.27485
6546101562.5,-40.27885
6546102500.0,-40.29267
6546103437.5,-40.28499
6546104375.0,-40.29811
6546105312.5,-40.29379
6546106250.0,-40.27941
6546107187.5,-40.28348
6546108125.0,-40.28774
6546109062.5,-40.30803
6546110000.0,-40.27646
6546110937.5,-40.30618
6546111875.0,-40.28151
6546112812.5,-40.28865
6546113750.0,-40.27076
6546114687.5,-40.29003
6546115625.0,-40.28788
6546116562.5,-40.27906
6546117500.0,-40.28328
6546118437.5,-40.28511
6546119375.0,-40.2858
6546120312.5,-40.29699
6546121250.0,-40.27036
6546122187.5,-40.27179
6546123125.0,-40.25873
6546124062.5,-40.27622
6546125000.0,-40.27388
6546125937.5,-40.26965
6546126875.0,-40.25788
6546127812.5,-40.26435
6546128750.0,-40.26833
6546129687.5,-40.27105
6546130625.0,-40.27444
6546131562.5,-40.26356
6546132500.0,-40.27183
6546133437.5,-40.27137
6546134375.0,-40.27245
6546135312.5,-40.27586
6546136250.0,-40.27565
6546137187.5,-40.28019
6546138125.0,-40.28208
6546139062.5,-40.26239
6546140000.0,-40.27242
6546140937.5,-40.28676
6546141875.0,-40.27881
6546142812.5,-40.2715
6546143750.0,-40.2629
6546144687.5,-40.25996
6546145625.0,-40.2616
6546146562.5,-40.26429
6546147500.0,-40.27608
6546148437.5,-40.26785
6546149375.0,-40.25658
6546150312.5,-40.25443
6546151250.0,-40.25444
6546152187.5,-40.25863
6546153125.0,-40.25973
6546154062.5,-40.2671
6546155000.0,-40.24388
6546155937.5,-40.26337
6546156875.0,-40.2449
6546157812.5,-40.2689
6546158750.0,-40.24432
6546159687.5,-40.27333
6546160625.0,-40.26609
6546161562.5,-40.26974
6546162500.0,-40.25676
6546163437.5,-40.27953
6546164375.0,-40.24726
6546165312.5,-40.26225
6546166250.0,-40.25051
6546167187.5,-40.25271
6546168125.0,-40.25034
6546169062.5,-40.26109
6546170000.0,-40.26448
6546170937.5,-40.25822
6546171875.0,-40.25874
6546172812.5,-40.25015
6546173750.0,-40.25904
6546174687.5,-40.25206
6546175625.0,-40.26585
6546176562.5,-40.24789
6546177500.0,-40.23901
6546178437.5,-40.24797
6546179375.0,-40.24891
6546180312.5,-40.25452
6546181250.0,-40.25964
6546182187.5,-40.24165
6546183125.0,-40.2455
6546184062.5,-40.2548
6546185000.0,-40.22824
6546185937.5,-40.25111
6546186875.0,-40.24051
6546187812.5,-40.25436
6546188750.0,-40.23597
6546189687.5,-40.24705
6546190625.0,-40.2338
6546191562.5,-40.26151
6546192500.0,-40.22028
6546193437.5,-40.23756
6546194375.0,-40.24291
6546195312.5,-40.24379
6546196250.0,-40.23934
6546197187.5,-40.2401
6546198125.0,-40.23965
6546199062.5,-40.26488
6546200000.0,-40.23844
6546200937.5,-40.22917
6546201875.0,-40.24454
6546202812.5,-40.25764
6546203750.0,-40.2588
6546204687.5,-40.22525
6546205625.0,-40.23038
6546206562.5,-40.23961
6546207500.0,-40.25071
6546208437.5,-40.23875
6546209375.0,-40.2234
6546210312.5,-40.23399
6546211250.0,-40.22425
6546212187.5,-40.24478
6546213125.0,-40.20467
6546214062.5,-40.23367
6546215000.0,-40.25003
6546215937.5,-40.22569
6546216875.0,-40.23509
6546217812.5,-40.22856
6546218750.0,-40.23349
6546219687.5,-40.23059
6546220625.0,-40.24053
6546221562.5,-40.22783
6546222500.0,-40.23687
6546223437.5,-40.23033
6546224375.0,-40.23383
6546225312.5,-40.24677
6546226250.0,-40.24229
6546227187.5,-40.22714
6546228125.0,-40.22708
6546229062.5,-40.21461
6546230000.0,-40.23979
6546230937.5,-40.22366
6546231875.0,-40.21814
6546232812.5,-40.20744
6546233750.0,-40.21403
6546234687.5,-40.21606
6546235625.0,-40.22337
6546236562.5,-40.20886
6546237500.0,-40.21815
6546238437.5,-40.22776
6546239375.0,-40.2305
6546240312.5,-40.21502
6546241250.0,-40.21797
6546242187.5,-40.21258
6546243125.0,-40.215
6546244062.5,-40.22768
6546245000.0,-40.20852
6546245937.5,-40.19613
6546246875.0,-40.22337
6546247812.5,-40.21841
6546248750.0,-40.21392
6546249687.5,-40.20048
6546250625.0,-40.22858
6546251562.5,-40.2032
6546252500.0,-40.19936
6546253437.5,-40.21696
6546254375.0,-40.22
6546255312.5,-40.20697
6546256250.0,-40.21708
6546257187.5,-40.21608
6546258125.0,-40.23066
6546259062.5,-40.23891
6546260000.0,-40.21012
6546260937.5,-40.20622
6546261875.0,-40.22774
6546262812.5,-40.20128
6546263750.0,-40.21107
6546264687.5,-40.20293
6546265625.0,-40.20745
6546266562.5,-40.2275
6546267500.0,-40.217
6546268437.5,-40.20427
6546269375.0,-40.20058
6546270312.5,-40.1989
6546271250.0,-40.19476
6546272187.5,-40.19664
6546273125.0,-40.2061
6546274062.5,-40.21699
6546275000.0,-40.19278
6546275937.5,-40.18727
6546276875.0,-40.21773
6546277812.5,-40.21075
6546278750.0,-40.20339
6546279687.5,-40.20547
6546280625.0,-40.20889
6546281562.5,-40.1857
6546282500.0,-40.20217
6546283437.5,-40.19423
6546284375.0,-40.19596
6546285312.5,-40.19919
6546286250.0,-40.19868
6546287187.5,-40.19331
6546288125.0,-40.19021
6546289062.5,-40.19239
6546290000.0,-40.1864
6546290937.5,-40.18136
6546291875.0,-40.20244
6546292812.5,-40.19994
6546293750.0,-40.18835
6546294687.5,-40.18378
6546295625.0,-40.20011
6546296562.5,-40.19642
6546297500.0,-40.18203
6546298437.5,-40.19218
6546299375.0,-40.18216
6546300312.5,-40.19406
6546301250.0,-40.16686
6546302187.5,-40.18391
6546303125.0,-40.18041
6546304062.5,-40.16966
6546305000.0,-40.17176
6546305937.5,-40.18242
6546306875.0,-40.17839
6546307812.5,-40.18663
6546308750.0,-40.17415
6546309687.5,-40.19878
6546310625.0,-40.16955
6546311562.5,-40.18414
6546312500.0,-40.16537
6546313437.5,-40.16869
6546314375.0,-40.17271
6546315312.5,-40.1534
6546316250.0,-40.16716
6546317187.5,-40.17152
6546318125.0,-40.18488
6546319062.5,-40.1766
6546320000.0,-40.15736
6546320937.5,-40.1666
6546321875.0,-40.19212
6546322812.5,-40.18472
6546323750.0,-40.1696
6546324687.5,-40.18552
6546325625.0,-40.19331
6546326562.5,-40.172
6546327500.0,-40.16722
6546328437.5,-40.17843
6546329375.0,-40.18116
6546330312.5,-40.17422
6546331250.0,-40.16691
6546332187.5,-40.18029
6546333125.0,-40.16826
6546334062.5,-40.17876
6546335000.0,-40.1726
6546335937.5,-40.17191
6546336875.0,-40.17514
6546337812.5,-40.15981
6546338750.0,-40.17601
6546339687.5,-40.1635
6546340625.0,-40.16713
6546341562.5,-40.17321
6546342500.0,-40.17128
6546343437.5,-40.17288
6546344375.0,-40.16823
6546345312.5,-40.17484
6546346250.0,-40.16511
6546347187.5,-40.1552
6546348125.0,-40.15332
6546349062.5,-40.15707
6546350000.0,-40.1652
6546350937.5,-40.16227
6546351875.0,-40.14754
6546352812.5,-40.17587
6546353750.0,-40.16877
6546354687.5,-40.16021
6546355625.0,-40.17194
6546356562.5,-40.15477
6546357500.0,-40.17052
6546358437.5,-40.15396
6546359375.0,-40.15951
6546360312.5,-40.15733
6546361250.0,-40.14198
6546362187.5,-40.1515
6546363125.0,-40.15426
6546364062.5,-40.15902
6546365000.0,-40.14557
6546365937.5,-40.16574
6546366875.0,-40.14606
6546367812.5,-40.14862
6546368750.0,-40.15762
6546369687.5,-40.17404
6546370625.0,-40.15085
6546371562.5,-40.13849
6546372500.0,-40.15643
6546373437.5,-40.13816
6546374375.0,-40.17218
6546375312.5,-40.15554
6546376250.0,-40.15042
6546377187.5,-40.15345
6546378125.0,-40.14848
6546379062.5,-40.15602
6546380000.0,-40.14665
6546380937.5,-40.14403
6546381875.0,-40.14561
6546382812.5,-40.15332
6546383750.0,-40.14712
6546384687.5,-40.14964
6546385625.0,-40.14792
6546386562.5,-40.14488
6546387500.0,-40.14968
6546388437.5,-40.14401
6546389375.0,-40.14579
6546390312.5,-40.14088
6546391250.0,-40.13224
6546392187.5,-40.12836
6546393125.0,-40.15561
6546394062.5,-40.147
6546395000.0,-40.13993
6546395937.5,-40.13425
6546396875.0,-40.14322
6546397812.5,-40.16027
6546398750.0,-40.13462
6546399687.5,-40.14818
6546400625.0,-40.14605
6546401562.5,-40.14565
6546402500.0,-40.15471
6546403437.5,-40.14539
6546404375.0,-40.1355
6546405312.5,-40.14225
6546406250.0,-40.12785
6546407187.5,-40.12313
6546408125.0,-40.14484
6546409062.5,-40.15503
6546410000.0,-40.13144
6546410937.5,-40.14736
6546411875.0,-40.12881
6546412812.5,-40.13236
6546413750.0,-40.13364
6546414687.5,-40.1182
6546415625.0,-40.1344
6546416562.5,-40.15166
6546417500.0,-40.14011
6546418437.5,-40.13228
6546419375.0,-40.11666
6546420312.5,-40.13004
6546421250.0,-40.12542
6546422187.5,-40.13044
6546423125.0,-40.11694
6546424062.5,-40.14351
6546425000.0,-40.11295
6546425937.5,-40.13467
6546426875.0,-40.13616
6546427812.5,-40.11103
6546428750.0,-40.12732
6546429687.5,-40.12252
6546430625.0,-40.11871
6546431562.5,-40.12097
6546432500.0,-40.11332
6546433437.5,-40.10146
6546434375.0,-40.11701
6546435312.5,-40.10471
6546436250.0,-40.13292
6546437187.5,-40.11899
6546438125.0,-40.11496
6546439062.5,-40.12714
6546440000.0,-40.12806
6546440937.5,-40.11973
6546441875.0,-40.11493
6546442812.5,-40.1173
6546443750.0,-40.11256
6546444687.5,-40.13411
6546445625.0,-40.11488
6546446562.5,-40.1272
6546447500.0,-40.1168
6546448437.5,-40.1283
6546449375.0,-40.11374
6546450312.5,-40.10556
6546451250.0,-40.09843
6546452187.5,-40.10984
6546453125.0,-40.10278
6546454062.5,-40.10542
6546455000.0,-40.09579
6546455937.5,-40.1027
6546456875.0,-40.09987
6546457812.5,-40.11865
6546458750.0,-40.10226
6546459687.5,-40.11309
6546460625.0,-40.09681
6546461562.5,-40.10197
6546462500.0,-40.12045
6546463437.5,-40.08247
6546464375.0,-40.10995
6546465312.5,-40.09764
6546466250.0,-40.11719
6546467187.5,-40.10651
6546468125.0,-40.10297
6546469062.5,-40.11166
6546470000.0,-40.09232
6546470937.5,-40.10167
6546471875.0,-40.12093
6546472812.5,-40.10284
6546473750.0,-40.09355
6546474687.5,-40.08743
6546475625.0,-40.10828
6546476562.5,-40.10536
6546477500.0,-40.09558
6546478437.5,-40.07795
6546479375.0,-40.08029
6546480312.5,-40.09758
6546481250.0,-40.08325
6546482187.5,-40.08704
6546483125.0,-40.083
6546484062.5,-40.10022
6546485000.0,-40.08946
6546485937.5,-40.08347
6546486875.0,-40.10212
6546487812.5,-40.08892
6546488750.0,-40.09898
6546489687.5,-40.10063
6546490625.0,-40.07111
6546491562.5,-40.09784
6546492500.0,-40.07709
6546493437.5,-40.08136
6546494375.0,-40.08077
6546495312.5,-40.07872
6546496250.0,-40.09195
6546497187.5,-40.09386
6546498125.0,-40.07637
6546499062.5,-40.07715
6546500000.0,-40.09461
6546500937.5,-40.08591
6546501875.0,-40.08052
6546502812.5,-40.07436
6546503750.0,-40.10537
6546504687.5,-40.06958
6546505625.0,-40.06102
6546506562.5,-40.08083
6546507500.0,-40.06698
6546508437.5,-40.08074
6546509375.0,-40.07593
6546510312.5,-40.07096
6546511250.0,-40.07891
6546512187.5,-40.08099
6546513125.0,-40.07583
6546514062.5,-40.07317
6546515000.0,-40.08417
6546515937.5,-40.09324
6546516875.0,-40.09336
6546517812.5,-40.08048
6546518750.0,-40.07062
6546519687.5,-40.07877
6546520625.0,-40.08184
6546521562.5,-40.0807
6546522500.0,-40.05957
6546523437.5,-40.08876
6546524375.0,-40.08314
6546525312.5,-40.07145
6546526250.0,-40.07869
6546527187.5,-40.06117
6546528125.0,-40.07121
6546529062.5,-40.07571
6546530000.0,-40.09185
6546530937.5,-40.06119
6546531875.0,-40.06031
6546532812.5,-40.0696
6546533750.0,-40.07081
6546534687.5,-40.06585
6546535625.0,-40.07419
6546536562.5,-40.07317
6546537500.0,-40.08017
6546538437.5,-40.06353
6546539375.0,-40.06151
6546540312.5,-40.07752
6546541250.0,-40.04903
6546542187.5,-40.07695
6546543125.0,-40.0522
6546544062.5,-40.06075
6546545000.0,-40.05812
6546545937.5,-40.06316
6546546875.0,-40.0689
6546547812.5,-40.06348
6546548750.0,-40.06728
6546549687.5,-40.06192
6546550625.0,-40.04153
6546551562.5,-40.06135
6546552500.0,-40.06971
6546553437.5,-40.05851
6546554375.0,-40.06081
6546555312.5,-40.05109
6546556250.0,-40.05543
6546557187.5,-40.05575
6546558125.0,-40.05318
6546559062.5,-40.05539
6546560000.0,-40.05693
6546560937.5,-40.0703
6546561875.0,-40.04066
6546562812.5,-40.03603
6546563750.0,-40.06353
6546564687.5,-40.05787
6546565625.0,-40.04815
6546566562.5,-40.05099
6546567500.0,-40.04802
6546568437.5,-40.04842
6546569375.0,-40.05425
6546570312.5,-40.06263
6546571250.0,-40.04632
6546572187.5,-40.03639
6546573125.0,-40.05856
6546574062.5,-40.0377
6546575000.0,-40.05793
6546575937.5,-40.04099
6546576875.0,-40.04936
6546577812.5,-40.02718
6546578750.0,-40.03662
6546579687.5,-40.0461
6546580625.0,-40.04945
6546581562.5,-40.05014
6546582500.0,-40.03252
6546583437.5,-40.04906
6546584375.0,-40.04605
6546585312.5,-40.04346
6546586250.0,-40.04737
6546587187.5,-40.0366
6546588125.0,-40.02821
6546589062.5,-40.04395
6546590000.0,-40.03762
6546590937.5,-40.03552
6546591875.0,-40.0411
6546592812.5,-40.04558
6546593750.0,-40.03677
6546594687.5,-40.03912
6546595625.0,-40.02129
6546596562.5,-40.03688
6546597500.0,-40.0117
6546598437.5,-40.03187
6546599375.0,-40.03751
6546600312.5,-40.03553
6546601250.0,-40.03346
6546602187.5,-40.03262
6546603125.0,-40.03846
6546604062.5,-40.03138
6546605000.0,-40.03361
6546605937.5,-40.04146
6546606875.0,-40.02593
6546607812.5,-40.0342
6546608750.0,-40.02316
6546609687.5,-40.03823
6546610625.0,-40.01725
6546611562.5,-40.0254
6546612500.0,-40.0365
6546613437.5,-40.02816
6546614375.0,-40.03444
6546615312.5,-40.0095
6546616250.0,-40.00497
6546617187.5,-40.00116
6546618125.0,-40.03758
6546619062.5,-40.02412
6546620000.0,-40.02523
6546620937.5,-40.00748
6546621875.0,-40.0121
6546622812.5,-40.02416
6546623750.0,-40.03165
6546624687.5,-40.02978
6546625625.0,-40.01968
6546626562.5,-40.01684
6546627500.0,-40.01995
6546628437.5,-40.01247
6546629375.0,-40.01016
6546630312.5,-40.02472
6546631250.0,-39.99295
6546632187.5,-40.00725
6546633125.0,-40.01886
6546634062.5,-40.00005
6546635000.0,-40.00331
6546635937.5,-40.00877
6546636875.0,-40.01997
6546637812.5,-40.03127
6546638750.0,-40.00006
6546639687.5,-40.01503
6546640625.0,-40.01815
6546641562.5,-40.00086
6546642500.0,-39.98999
6546643437.5,-40.00294
6546644375.0,-40.01384
6546645312.5,-40.00133
6546646250.0,-39.9945
6546647187.5,-39.9976
6546648125.0,-40.01787
6546649062.5,-40.01502
6546650000.0,-40.00375
6546650937.5,-39.99086
6546651875.0,-39.99658
6546652812.5,-39.99745
6546653750.0,-40.00363
6546654687.5,-39.99655
6546655625.0,-40.00867
6546656562.5,-40.00094
6546657500.0,-40.01612
6546658437.5,-39.99017
6546659375.0,-39.99391
6546660312.5,-40.01266
6546661250.0,-39.99551
6546662187.5,-39.98889
6546663125.0,-39.9962
6546664062.5,-39.98146
6546665000.0,-39.97677
6546665937.5,-39.99514
6546666875.0,-39.97452
6546667812.5,-40.00478
6546668750.0,-40.00452
6546669687.5,-40.01278
6546670625.0,-39.99258
6546671562.5,-39.99377
6546672500.0,-40.00294
6546673437.5,-39.98835
6546674375.0,-39.99596
6546675312.5,-39.99626
6546676250.0,-40.00689
6546677187.5,-40.00559
6546678125.0,-39.98911
6546679062.5,-39.99367
6546680000.0,-39.97928
6546680937.5,-39.99736
6546681875.0,-40.01128
6546682812.5,-39.99471
6546683750.0,-40.01333
6546684687.5,-40.00007
6546685625.0,-39.98503
6546686562.5,-39.9818
6546687500.0,-39.97125
6546688437.5,-39.99104
6546689375.0,-39.98479
6546690312.5,-40.00284
6546691250.0,-39.97184
6546692187.5,-39.99433
6546693125.0,-39.99622
6546694062.5,-39.9781
6546695000.0,-39.98777
6546695937.5,-39.98681
6546696875.0,-39.97414
6546697812.5,-39.97708
6546698750.0,-39.98093
6546699687.5,-39.98961
6546700625.0,-39.96415
6546701562.5,-39.96563
6546702500.0,-39.98275
6546703437.5,-39.96229
6546704375.0,-39.96278
6546705312.5,-39.9747
6546706250.0,-39.97429
6546707187.5,-39.9817
6546708125.0,-39.96515
6546709062.5,-39.98557
6546710000.0,-39.97969
6546710937.5,-39.97739
6546711875.0,-39.9734
6546712812.5,-39.96979
6546713750.0,-39.96431
6546714687.5,-39.97674
6546715625.0,-39.97581
6546716562.5,-39.94751
6546717500.0,-39.96212
6546718437.5,-39.9612
6546719375.0,-39.96962
6546720312.5,-39.97262
6546721250.0,-39.96529
6546722187.5,-39.97259
6546723125.0,-39.97413
6546724062.5,-39.96344
6546725000.0,-39.96233
6546725937.5,-39.9692
6546726875.0,-39.94846
6546727812.5,-39.95399
6546728750.0,-39.96811
6546729687.5,-39.96291
6546730625.0,-39.95981
6546731562.5,-39.95984
6546732500.0,-39.96405
6546733437.5,-39.95697
6546734375.0,-39.94828
6546735312.5,-39.93907
6546736250.0,-39.96309
6546737187.5,-39.97809
6546738125.0,-39.96169
6546739062.5,-39.95024
6546740000.0,-39.95688
6546740937.5,-39.9673
6546741875.0,-39.96467
6546742812.5,-39.97138
6546743750.0,-39.94876
6546744687.5,-39.96416
6546745625.0,-39.95765
6546746562.5,-39.95607
6546747500.0,-39.95827
6546748437.5,-39.95013
6546749375.0,-39.95132
6546750312.5,-39.96119
6546751250.0,-39.94179
6546752187.5,-39.95401
6546753125.0,-39.95349
6546754062.5,-39.95738
6546755000.0,-39.95492
6546755937.5,-39.93284
6546756875.0,-39.94947
6546757812.5,-39.95964
6546758750.0,-39.9462
6546759687.5,-39.95533
6546760625.0,-39.9444
6546761562.5,-39.92722
6546762500.0,-39.95479
6546763437.5,-39.95207
6546764375.0,-39.95324
6546765312.5,-39.9352
6546766250.0,-39.95778
6546767187.5,-39.9486
6546768125.0,-39.9624
6546769062.5,-39.95026
6546770000.0,-39.92221
6546770937.5,-39.93863
6546771875.0,-39.94674
6546772812.5,-39.94328
6546773750.0,-39.93867
6546774687.5,-39.94137
6546775625.0,-39.95844
6546776562.5,-39.9352
6546777500.0,-39.9366
6546778437.5,-39.94029
6546779375.0,-39.94554
6546780312.5,-39.96603
6546781250.0,-39.93183
6546782187.5,-39.94569
6546783125.0,-39.92992
6546784062.5,-39.9542
6546785000.0,-39.953
6546785937.5,-39.93087
6546786875.0,-39.93479
6546787812.5,-39.9216
6546788750.0,-39.93131
6546789687.5,-39.94505
6546790625.0,-39.92431
6546791562.5,-39.94351
6546792500.0,-39.92949
6546793437.5,-39.93946
6546794375.0,-39.91433
6546795312.5,-39.92902
6546796250.0,-39.93687
6546797187.5,-39.9283
6546798125.0,-39.92916
6546799062.5,-39.91962
6546800000.0,-39.92106
6546800937.5,-39.93877
6546801875.0,-39.91985
6546802812.5,-39.93061
6546803750.0,-39.92992
6546804687.5,-39.91529
6546805625.0,-39.92213
6546806562.5,-39.90583
6546807500.0,-39.93105
6546808437.5,-39.9076
6546809375.0,-39.91722
6546810312.5,-39.92992
6546811250.0,-39.93785
6546812187.5,-39.92424
6546813125.0,-39.9235
6546814062.5,-39.92926
6546815000.0,-39.91643
6546815937.5,-39.91613
6546816875.0,-39.90139
6546817812.5,-39.91103
6546818750.0,-39.89874
6546819687.5,-39.9105
6546820625.0,-39.90874
6546821562.5,-39.91027
6546822500.0,-39.9088
6546823437.5,-39.92184
6546824375.0,-39.91789
6546825312.5,-39.92362
6546826250.0,-39.91859
6546827187.5,-39.9008
6546828125.0,-39.90598
6546829062.5,-39.90725
6546830000.0,-39.90648
6546830937.5,-39.91336
6546831875.0,-39.90846
6546832812.5,-39.91902
6546833750.0,-39.91689
6546834687.5,-39.89416
6546835625.0,-39.88143
6546836562.5,-39.90802
6546837500.0,-39.90288
6546838437.5,-39.90391
6546839375.0,-39.90539
6546840312.5,-39.89437
6546841250.0,-39.8992
6546842187.5,-39.89629
6546843125.0,-39.91918
6546844062.5,-39.92043
6546845000.0,-39.90364
6546845937.5,-39.9125
6546846875.0,-39.90282
6546847812.5,-39.901
6546848750.0,-39.89341
6546849687.5,-39.88198
6546850625.0,-39.89574
6546851562.5,-39.88647
6546852500.0,-39.88901
6546853437.5,-39.88667
6546854375.0,-39.89149
6546855312.5,-39.92188
6546856250.0,-39.90563
6546857187.5,-39.89908
6546858125.0,-39.89085
6546859062.5,-39.89576
6546860000.0,-39.8882
6546860937.5,-39.90009
6546861875.0,-39.90796
6546862812.5,-39.89808
6546863750.0,-39.89732
6546864687.5,-39.8825
6546865625.0,-39.89235
6546866562.5,-39.87871
6546867500.0,-39.88311
6546868437.5,-39.88263
6546869375.0,-39.88645
6546870312.5,-39.89261
6546871250.0,-39.88198
6546872187.5,-39.88953
6546873125.0,-39.89255
6546874062.5,-39.87392
6546875000.0,-39.8897
6546875937.5,-39.88778
6546876875.0,-39.88188
6546877812.5,-39.88386
6546878750.0,-39.87977
6546879687.5,-39.87895
6546880625.0,-39.87101
6546881562.5,-39.90308
6546882500.0,-39.87823
6546883437.5,-39.88643
6546884375.0,-39.87362
6546885312.5,-39.87817
6546886250.0,-39.90123
6546887187.5,-39.88688
6546888125.0,-39.8993
6546889062.5,-39.88467
6546890000.0,-39.87473
6546890937.5,-39.88931
6546891875.0,-39.88887
6546892812.5,-39.87712
6546893750.0,-39.87627
6546894687.5,-39.87808
6546895625.0,-39.8843
6546896562.5,-39.86376
6546897500.0,-39.86097
6546898437.5,-39.86716
6546899375.0,-39.88583
6546900312.5,-39.86651
6546901250.0,-39.87818
6546902187.5,-39.86412
6546903125.0,-39.86251
6546904062.5,-39.8775
6546905000.0,-39.87636
6546905937.5,-39.86628
6546906875.0,-39.8765
6546907812.5,-39.85823
6546908750.0,-39.86736
6546909687.5,-39.86846
6546910625.0,-39.87321
6546911562.5,-39.87698
6546912500.0,-39.86812
6546913437.5,-39.87469
6546914375.0,-39.88089
6546915312.5,-39.86393
6546916250.0,-39.88651
6546917187.5,-39.86105
6546918125.0,-39.86543
6546919062.5,-39.86083
6546920000.0,-39.86272
6546920937.5,-39.86235
6546921875.0,-39.85653
6546922812.5,-39.85838
6546923750.0,-39.86467
6546924687.5,-39.84599
6546925625.0,-39.86271
6546926562.5,-39.862
6546927500.0,-39.85556
6546928437.5,-39.85102
6546929375.0,-39.85005
6546930312.5,-39.8687
6546931250.0,-39.86884
6546932187.5,-39.84557
6546933125.0,-39.86686
6546934062.5,-39.84249
6546935000.0,-39.86371
6546935937.5,-39.8541
6546936875.0,-39.84238
6546937812.5,-39.8517
6546938750.0,-39.86521
6546939687.5,-39.85316
6546940625.0,-39.85564
6546941562.5,-39.86712
6546942500.0,-39.84505
6546943437.5,-39.85775
6546944375.0,-39.84974
6546945312.5,-39.85788
6546946250.0,-39.8632
6546947187.5,-39.85179
6546948125.0,-39.86397
6546949062.5,-39.83376
6546950000.0,-39.84155
6546950937.5,-39.83562
6546951875.0,-39.85608
6546952812.5,-39.84246
6546953750.0,-39.84685
6546954687.5,-39.84273
6546955625.0,-39.83011
6546956562.5,-39.82949
6546957500.0,-39.83808
6546958437.5,-39.84597
6546959375.0,-39.83698
6546960312.5,-39.84947
6546961250.0,-39.82848
6546962187.5,-39.84629
6546963125.0,-39.84017
6546964062.5,-39.84729
6546965000.0,-39.83456
6546965937.5,-39.82497
6546966875.0,-39.8344
6546967812.5,-39.83004
6546968750.0,-39.83783
6546969687.5,-39.83963
6546970625.0,-39.84358
6546971562.5,-39.81926
6546972500.0,-39.82272
6546973437.5,-39.83398
6546974375.0,-39.83105
6546975312.5,-39.81543
6546976250.0,-39.81903
6546977187.5,-39.83504
6546978125.0,-39.83694
6546979062.5,-39.8321
6546980000.0,-39.8239
6546980937.5,-39.81713
6546981875.0,-39.81283
6546982812.5,-39.82532
6546983750.0,-39.82811
6546984687.5,-39.8121
6546985625.0,-39.82146
6546986562.5,-39.83513
6546987500.0,-39.82333
6546988437.5,-39.82114
6546989375.0,-39.83494
6546990312.5,-39.82737
6546991250.0,-39.80762
6546992187.5,-39.83733
6546993125.0,-39.80885
6546994062.5,-39.81207
6546995000.0,-39.83589
6546995937.5,-39.81604
6546996875.0,-39.82558
6546997812.5,-39.82222
6546998750.0,-39.8378
6546999687.5,-39.82392
6547000625.0,-39.81979
6547001562.5,-39.82674
6547002500.0,-39.8288
6547003437.5,-39.8157
6547004375.0,-39.81035
6547005312.5,-39.81209
6547006250.0,-39.81277
6547007187.5,-39.81289
6547008125.0,-39.8253
6547009062.5,-39.82663
6547010000.0,-39.81392
6547010937.5,-39.79688
6547011875.0,-39.8172
6547012812.5,-39.80177
6547013750.0,-39.8176
6547014687.5,-39.82805
6547015625.0,-39.81636
6547016562.5,-39.81347
6547017500.0,-39.81723
6547018437.5,-39.79552
6547019375.0,-39.79681
6547020312.5,-39.82515
6547021250.0,-39.79896
6547022187.5,-39.813
6547023125.0,-39.80426
6547024062.5,-39.80494
6547025000.0,-39.80251
6547025937.5,-39.7908
6547026875.0,-39.79487
6547027812.5,-39.80046
6547028750.0,-39.81704
6547029687.5,-39.7766
6547030625.0,-39.79108
6547031562.5,-39.80825
6547032500.0,-39.8005
6547033437.5,-39.79102
6547034375.0,-39.80951
6547035312.5,-39.79339
6547036250.0,-39.8166
6547037187.5,-39.80278
6547038125.0,-39.78193
6547039062.5,-39.81434
6547040000.0,-39.77837
6547040937.5,-39.7956
6547041875.0,-39.78
6547042812.5,-39.7938
6547043750.0,-39.79947
6547044687.5,-39.78247
6547045625.0,-39.79896
6547046562.5,-39.80165
6547047500.0,-39.78292
6547048437.5,-39.8139
6547049375.0,-39.79283
6547050312.5,-39.7757
6547051250.0,-39.78673
6547052187.5,-39.79568
6547053125.0,-39.78624
6547054062.5,-39.76973
6547055000.0,-39.77491
6547055937.5,-39.79544
6547056875.0,-39.78656
6547057812.5,-39.79296
6547058750.0,-39.79832
6547059687.5,-39.78704
6547060625.0,-39.79374
6547061562.5,-39.79844
6547062500.0,-39.78703
6547063437.5,-39.77501
6547064375.0,-39.77493
6547065312.5,-39.77179
6547066250.0,-39.78014
6547067187.5,-39.79106
6547068125.0,-39.76803
6547069062.5,-39.77867
6547070000.0,-39.77858
6547070937.5,-39.77137
6547071875.0,-39.78097
6547072812.5,-39.79171
6547073750.0,-39.78625
6547074687.5,-39.75737
6547075625.0,-39.76496
6547076562.5,-39.78592
6547077500.0,-39.76746
6547078437.5,-39.7683
6547079375.0,-39.76847
6547080312.5,-39.77324
6547081250.0,-39.76614
6547082187.5,-39.77655
6547083125.0,-39.7822
6547084062.5,-39.78213
6547085000.0,-39.77016
6547085937.5,-39.76121
6547086875.0,-39.78465
6547087812.5,-39.77278
6547088750.0,-39.77837
6547089687.5,-39.75926
6547090625.0,-39.78105
6547091562.5,-39.76564
6547092500.0,-39.74286
6547093437.5,-39.76538
6547094375.0,-39.75904
6547095312.5,-39.75387
6547096250.0,-39.7693
6547097187.5,-39.77791
6547098125.0,-39.75462
6547099062.5,-39.76004
6547100000.0,-39.75674
6547100937.5,-39.76757
6547101875.0,-39.77494
6547102812.5,-39.76524
6547103750.0,-39.78897
6547104687.5,-39.76247
6547105625.0,-39.75828
6547106562.5,-39.75278
6547107500.0,-39.75251
6547108437.5,-39.76398
6547109375.0,-39.77024
6547110312.5,-39.75523
6547111250.0,-39.76089
6547112187.5,-39.7611
6547113125.0,-39.75368
6547114062.5,-39.75933
6547115000.0,-39.7407
6547115937.5,-39.75118
6547116875.0,-39.75383
6547117812.5,-39.74463
6547118750.0,-39.75227
6547119687.5,-39.74789
6547120625.0,-39.74683
6547121562.5,-39.73746
6547122500.0,-39.75069
6547123437.5,-39.74941
6547124375.0,-39.74084
6547125312.5,-39.75489
6547126250.0,-39.7452
6547127187.5,-39.74587
6547128125.0,-39.75793
6547129062.5,-39.74642
6547130000.0,-39.73188
6547130937.5,-39.73035
6547131875.0,-39.75301
6547132812.5,-39.74141
6547133750.0,-39.73616
6547134687.5,-39.73635
6547135625.0,-39.73643
6547136562.5,-39.74199
6547137500.0,-39.74166
6547138437.5,-39.72805
6547139375.0,-39.74247
6547140312.5,-39.75377
6547141250.0,-39.76046
6547142187.5,-39.73851
6547143125.0,-39.73545
6547144062.5,-39.73011
6547145000.0,-39.7428
6547145937.5,-39.73249
6547146875.0,-39.7358
6547147812.5,-39.74638
6547148750.0,-39.74339
6547149687.5,-39.74982
6547150625.0,-39.71891
6547151562.5,-39.7487
6547152500.0,-39.7213
6547153437.5,-39.74515
6547154375.0,-39.74394
6547155312.5,-39.7315
6547156250.0,-39.73141
6547157187.5,-39.75022
6547158125.0,-39.72337
6547159062.5,-39.72546
6547160000.0,-39.74728
6547160937.5,-39.73766
6547161875.0,-39.73937
6547162812.5,-39.7353
6547163750.0,-39.71675
6547164687.5,-39.73978
6547165625.0,-39.70899
6547166562.5,-39.72691
6547167500.0,-39.71931
6547168437.5,-39.71995
6547169375.0,-39.747
6547170312.5,-39.70295
6547171250.0,-39.72762
6547172187.5,-39.72469
6547173125.0,-39.7259
6547174062.5,-39.73496
6547175000.0,-39.72562
6547175937.5,-39.72743
6547176875.0,-39.70569
6547177812.5,-39.728
6547178750.0,-39.70754
6547179687.5,-39.72592
6547180625.0,-39.72469
6547181562.5,-39.69888
6547182500.0,-39.73277
6547183437.5,-39.72072
6547184375.0,-39.71379
6547185312.5,-39.71458
6547186250.0,-39.71493
6547187187.5,-39.71658
6547188125.0,-39.74121
6547189062.5,-39.71802
6547190000.0,-39.69565
6547190937.5,-39.70358
6547191875.0,-39.694
6547192812.5,-39.71478
6547193750.0,-39.70868
6547194687.5,-39.70785
6547195625.0,-39.72207
6547196562.5,-39.7108
6547197500.0,-39.72115
6547198437.5,-39.70405
6547199375.0,-39.73736
6547200312.5,-39.70566
6547201250.0,-39.70509
6547202187.5,-39.70476
6547203125.0,-39.72193
6547204062.5,-39.69775
6547205000.0,-39.70331
6547205937.5,-39.70485
6547206875.0,-39.71152
6547207812.5,-39.70163
6547208750.0,-39.69282
6547209687.5,-39.69822
6547210625.0,-39.68266
6547211562.5,-39.70166
6547212500.0,-39.69323
6547213437.5,-39.68045
6547214375.0,-39.69733
6547215312.5,-39.68912
6547216250.0,-39.68909
6547217187.5,-39.6883
6547218125.0,-39.70553
6547219062.5,-39.69446
6547220000.0,-39.67852
6547220937.5,-39.69527
6547221875.0,-39.69483
6547222812.5,-39.69544
6547223750.0,-39.69011
6547224687.5,-39.685
6547225625.0,-39.69133
6547226562.5,-39.70485
6547227500.0,-39.68064
6547228437.5,-39.69538
6547229375.0,-39.681
6547230312.5,-39.70248
6547231250.0,-39.69405
6547232187.5,-39.69095
6547233125.0,-39.69421
6547234062.5,-39.68215
6547235000.0,-39.67091
6547235937.5,-39.70183
6547236875.0,-39.67805
6547237812.5,-39.69317
6547238750.0,-39.6899
6547239687.5,-39.69321
6547240625.0,-39.68481
6547241562.5,-39.67384
6547242500.0,-39.68328
6547243437.5,-39.67656
6547244375.0,-39.69178
6547245312.5,-39.69273
6547246250.0,-39.69484
6547247187.5,-39.67757
6547248125.0,-39.68711
6547249062.5,-39.67482
6547250000.0,-39.68098
6547250937.5,-39.68093
6547251875.0,-39.67916
6547252812.5,-39.68318
6547253750.0,-39.69204
6547254687.5,-39.66376
6547255625.0,-39.68032
6547256562.5,-39.69573
6547257500.0,-39.67643
6547258437.5,-39.67741
6547259375.0,-39.67103
6547260312.5,-39.686
6547261250.0,-39.66877
6547262187.5,-39.67806
6547263125.0,-39.67454
6547264062.5,-39.66664
6547265000.0,-39.68919
6547265937.5,-39.68217
6547266875.0,-39.67521
6547267812.5,-39.67141
6547268750.0,-39.66452
6547269687.5,-39.67161
6547270625.0,-39.68068
6547271562.5,-39.66481
6547272500.0,-39.66453
6547273437.5,-39.6679
6547274375.0,-39.67085
6547275312.5,-39.65623
6547276250.0,-39.66951
6547277187.5,-39.67377
6547278125.0,-39.66856
6547279062.5,-39.66286
6547280000.0,-39.68579
6547280937.5,-39.67259
6547281875.0,-39.66026
6547282812.5,-39.66765
6547283750.0,-39.66572
6547284687.5,-39.64177
6547285625.0,-39.67009
6547286562.5,-39.67754
6547287500.0,-39.66113
6547288437.5,-39.65315
6547289375.0,-39.6333
6547290312.5,-39.64973
6547291250.0,-39.673
6547292187.5,-39.64297
6547293125.0,-39.65751
6547294062.5,-39.66091
6547295000.0,-39.66509
6547295937.5,-39.66009
6547296875.0,-39.66202
6547297812.5,-39.65209
6547298750.0,-39.64316
6547299687.5,-39.6516
6547300625.0,-39.63586
6547301562.5,-39.66735
6547302500.0,-39.63472
6547303437.5,-39.65682
6547304375.0,-39.65533
6547305312.5,-39.67077
6547306250.0,-39.65292
6547307187.5,-39.64007
6547308125.0,-39.6374
6547309062.5,-39.65375
6547310000.0,-39.6487
6547310937.5,-39.64246
6547311875.0,-39.63069
6547312812.5,-39.6462
6547313750.0,-39.6437
6547314687.5,-39.65029
6547315625.0,-39.64362
6547316562.5,-39.66177
6547317500.0,-39.64236
6547318437.5,-39.62685
6547319375.0,-39.64031
6547320312.5,-39.64375
6547321250.0,-39.64222
6547322187.5,-39.6423
6547323125.0,-39.63661
6547324062.5,-39.64691
6547325000.0,-39.63541
6547325937.5,-39.63026
6547326875.0,-39.63368
6547327812.5,-39.63877
6547328750.0,-39.63598
6547329687.5,-39.6401
6547330625.0,-39.6381
6547331562.5,-39.62393
6547332500.0,-39.63506
6547333437.5,-39.62933
6547334375.0,-39.63253
6547335312.5,-39.63821
6547336250.0,-39.62514
6547337187.5,-39.63134
6547338125.0,-39.62645
6547339062.5,-39.62293
6547340000.0,-39.65044
6547340937.5,-39.6325
6547341875.0,-39.63098
6547342812.5,-39.6316
6547343750.0,-39.6306
6547344687.5,-39.62022
6547345625.0,-39.6395
6547346562.5,-39.63618
6547347500.0,-39.63127
6547348437.5,-39.64545
6547349375.0,-39.62978
6547350312.5,-39.62976
6547351250.0,-39.61761
6547352187.5,-39.63978
6547353125.0,-39.62111
6547354062.5,-39.60905
6547355000.0,-39.62584
6547355937.5,-39.63744
6547356875.0,-39.60503
6547357812.5,-39.63137
6547358750.0,-39.61978
6547359687.5,-39.61506
6547360625.0,-39.60419
6547361562.5,-39.62859
6547362500.0,-39.61178
6547363437.5,-39.618
6547364375.0,-39.61532
6547365312.5,-39.62315
6547366250.0,-39.61561
6547367187.5,-39.63876
6547368125.0,-39.62495
6547369062.5,-39.61293
6547370000.0,-39.62427
6547370937.5,-39.61604
6547371875.0,-39.61039
6547372812.5,-39.62108
6547373750.0,-39.61133
6547374687.5,-39.6162
6547375625.0,-39.61832
6547376562.5,-39.60721
6547377500.0,-39.62406
6547378437.5,-39.59865
6547379375.0,-39.61591
6547380312.5,-39.61819
6547381250.0,-39.61666
6547382187.5,-39.59132
6547383125.0,-39.6004
6547384062.5,-39.60505
6547385000.0,-39.59544
6547385937.5,-39.59607
6547386875.0,-39.60619
6547387812.5,-39.60207
6547388750.0,-39.60656
6547389687.5,-39.59633
6547390625.0,-39.6028
6547391562.5,-39.60812
6547392500.0,-39.61682
6547393437.5,-39.59457
6547394375.0,-39.5906
6547395312.5,-39.61605
6547396250.0,-39.60378
6547397187.5,-39.61899
6547398125.0,-39.59185
6547399062.5,-39.59238
6547400000.0,-39.59941
6547400937.5,-39.60224
6547401875.0,-39.59488
6547402812.5,-39.58887
6547403750.0,-39.60428
6547404687.5,-39.59455
6547405625.0,-39.59718
6547406562.5,-39.58873
6547407500.0,-39.60968
6547408437.5,-39.56823
6547409375.0,-39.59267
6547410312.5,-39.59293
6547411250.0,-39.60012
6547412187.5,-39.59155
6547413125.0,-39.59233
6547414062.5,-39.57783
6547415000.0,-39.59656
6547415937.5,-39.5834
6547416875.0,-39.60959
6547417812.5,-39.5832
6547418750.0,-39.58136
6547419687.5,-39.58128
6547420625.0,-39.59307
6547421562.5,-39.58856
6547422500.0,-39.59185
6547423437.5,-39.58883
6547424375.0,-39.59825
6547425312.5,-39.5689
6547426250.0,-39.59531
6547427187.5,-39.56821
6547428125.0,-39.5952
6547429062.5,-39.59534
6547430000.0,-39.57301
6547430937.5,-39.58678
6547431875.0,-39.5796
6547432812.5,-39.56665
6547433750.0,-39.57903
6547434687.5,-39.57
6547435625.0,-39.57365
6547436562.5,-39.57936
6547437500.0,-39.58364
6547438437.5,-39.5849
6547439375.0,-39.56826
6547440312.5,-39.59103
6547441250.0,-39.56436
6547442187.5,-39.58362
6547443125.0,-39.56561
6547444062.5,-39.57002
6547445000.0,-39.55994
6547445937.5,-39.55902
6547446875.0,-39.57162
6547447812.5,-39.57188
6547448750.0,-39.56438
6547449687.5,-39.56678
6547450625.0,-39.56432
6547451562.5,-39.57963
6547452500.0,-39.56696
6547453437.5,-39.56692
6547454375.0,-39.57525
6547455312.5,-39.55462
6547456250.0,-39.57388
6547457187.5,-39.56536
6547458125.0,-39.56594
6547459062.5,-39.5593
6547460000.0,-39.54109
6547460937.5,-39.57683
6547461875.0,-39.56839
6547462812.5,-39.56303
6547463750.0,-39.55248
6547464687.5,-39.5479
6547465625.0,-39.55702
6547466562.5,-39.55342
6547467500.0,-39.56684
6547468437.5,-39.56437
6547469375.0,-39.54906
6547470312.5,-39.55665
6547471250.0,-39.54681
6547472187.5,-39.55615
6547473125.0,-39.56424
6547474062.5,-39.55936
6547475000.0,-39.56127
6547475937.5,-39.55821
6547476875.0,-39.53267
6547477812.5,-39.55275
6547478750.0,-39.55952
6547479687.5,-39.55819
6547480625.0,-39.56144
6547481562.5,-39.53068
6547482500.0,-39.56332
6547483437.5,-39.56504
6547484375.0,-39.5705
6547485312.5,-39.56215
6547486250.0,-39.54965
6547487187.5,-39.53603
6547488125.0,-39.5367
6547489062.5,-39.56012
6547490000.0,-39.53979
6547490937.5,-39.54501
6547491875.0,-39.52279
6547492812.5,-39.52907
6547493750.0,-39.53484
6547494687.5,-39.56026
6547495625.0,-39.53992
6547496562.5,-39.55717
6547497500.0,-39.54862
6547498437.5,-39.54602
6547499375.0,-39.53621
6547500312.5,-39.53889
6547501250.0,-39.54752
6547502187.5,-39.54898
6547503125.0,-39.54655
6547504062.5,-39.53858
6547505000.0,-39.5346
6547505937.5,-39.52483
6547506875.0,-39.53585
6547507812.5,-39.54884
6547508750.0,-39.51899
6547509687.5,-39.54486
6547510625.0,-39.54795
6547511562.5,-39.52842
6547512500.0,-39.51483
6547513437.5,-39.5371
6547514375.0,-39.53883
6547515312.5,-39.52785
6547516250.0,-39.53076
6547517187.5,-39.53612
6547518125.0,-39.53057
6547519062.5,-39.52132
6547520000.0,-39.54359
6547520937.5,-39.52634
6547521875.0,-39.53956
6547522812.5,-39.52678
6547523750.0,-39.52616
6547524687.5,-39.51145
6547525625.0,-39.53638
6547526562.5,-39.53532
6547527500.0,-39.52793
6547528437.5,-39.5211
6547529375.0,-39.52426
6547530312.5,-39.50991
6547531250.0,-39.51554
6547532187.5,-39.52287
6547533125.0,-39.52691
6547534062.5,-39.52127
6547535000.0,-39.52915
6547535937.5,-39.5214
6547536875.0,-39.51564
6547537812.5,-39.53122
6547538750.0,-39.50988
6547539687.5,-39.51595
6547540625.0,-39.53208
6547541562.5,-39.53109
6547542500.0,-39.50317
6547543437.5,-39.49993
6547544375.0,-39.51073
6547545312.5,-39.52217
6547546250.0,-39.50748
6547547187.5,-39.5029
6547548125.0,-39.50954
6547549062.5,-39.52171
6547550000.0,-39.50768
6547550937.5,-39.51176
6547551875.0,-39.50045
6547552812.5,-39.49451
6547553750.0,-39.51096
6547554687.5,-39.52088
6547555625.0,-39.50887
6547556562.5,-39.49652
6547557500.0,-39.52033
6547558437.5,-39.52126
6547559375.0,-39.50957
6547560312.5,-39.51711
6547561250.0,-39.48915
6547562187.5,-39.51131
6547563125.0,-39.50118
6547564062.5,-39.51917
6547565000.0,-39.50269
6547565937.5,-39.5006
6547566875.0,-39.50717
6547567812.5,-39.52311
6547568750.0,-39.49837
6547569687.5,-39.50493
6547570625.0,-39.50238
6547571562.5,-39.50353
6547572500.0,-39.49319
6547573437.5,-39.50485
6547574375.0,-39.5054
6547575312.5,-39.49696
6547576250.0,-39.48497
6547577187.5,-39.50657
6547578125.0,-39.48473
6547579062.5,-39.49383
6547580000.0,-39.48289
6547580937.5,-39.49288
6547581875.0,-39.48815
6547582812.5,-39.48923
6547583750.0,-39.50379
6547584687.5,-39.48237
6547585625.0,-39.50249
6547586562.5,-39.47518
6547587500.0,-39.48601
6547588437.5,-39.49201
6547589375.0,-39.4842
6547590312.5,-39.48314
6547591250.0,-39.4749
6547592187.5,-39.47928
6547593125.0,-39.48507
6547594062.5,-39.48054
6547595000.0,-39.52062
6547595937.5,-39.50018
6547596875.0,-39.48536
6547597812.5,-39.48897
6547598750.0,-39.46987
6547599687.5,-39.48178
6547600625.0,-39.47627
6547601562.5,-39.49127
6547602500.0,-39.46954
6547603437.5,-39.46997
6547604375.0,-39.46948
6547605312.5,-39.47156
6547606250.0,-39.49056
6547607187.5,-39.48311
6547608125.0,-39.48061
6547609062.5,-39.47319
6547610000.0,-39.46445
6547610937.5,-39.47839
6547611875.0,-39.46782
6547612812.5,-39.46642
6547613750.0,-39.49023
6547614687.5,-39.47659
6547615625.0,-39.46952
6547616562.5,-39.48108
6547617500.0,-39.47451
6547618437.5,-39.46682
6547619375.0,-39.463
6547620312.5,-39.48143
6547621250.0,-39.48027
6547622187.5,-39.46014
6547623125.0,-39.46714
6547624062.5,-39.47099
6547625000.0,-39.4708
6547625937.5,-39.4672
6547626875.0,-39.45953
6547627812.5,-39.46354
6547628750.0,-39.49128
6547629687.5,-39.47433
6547630625.0,-39.47581
6547631562.5,-39.46229
6547632500.0,-39.47335
6547633437.5,-39.47548
6547634375.0,-39.47161
6547635312.5,-39.46219
6547636250.0,-39.44973
6547637187.5,-39.46482
6547638125.0,-39.44886
6547639062.5,-39.47068
6547640000.0,-39.4573
6547640937.5,-39.44564
6547641875.0,-39.45285
6547642812.5,-39.47799
6547643750.0,-39.45691
6547644687.5,-39.46462
6547645625.0,-39.46623
6547646562.5,-39.46614
6547647500.0,-39.45842
6547648437.5,-39.46569
6547649375.0,-39.4732
6547650312.5,-39.44177
6547651250.0,-39.45389
6547652187.5,-39.44589
6547653125.0,-39.44733
6547654062.5,-39.46364
6547655000.0,-39.46611
6547655937.5,-39.44419
6547656875.0,-39.445
6547657812.5,-39.45939
6547658750.0,-39.45835
6547659687.5,-39.45448
6547660625.0,-39.45837
6547661562.5,-39.47084
6547662500.0,-39.44571
6547663437.5,-39.44256
6547664375.0,-39.4452
6547665312.5,-39.43212
6547666250.0,-39.45208
6547667187.5,-39.4519
6547668125.0,-39.445
6547669062.5,-39.4273
6547670000.0,-39.43222
6547670937.5,-39.44053
6547671875.0,-39.43575
6547672812.5,-39.44564
6547673750.0,-39.45012
6547674687.5,-39.44374
6547675625.0,-39.43457
6547676562.5,-39.44825
6547677500.0,-39.43785
6547678437.5,-39.43759
6547679375.0,-39.44347
6547680312.5,-39.41908
6547681250.0,-39.44112
6547682187.5,-39.44113
6547683125.0,-39.42819
6547684062.5,-39.43427
6547685000.0,-39.42844
6547685937.5,-39.4347
6547686875.0,-39.43408
6547687812.5,-39.42028
6547688750.0,-39.44052
6547689687.5,-39.43317
6547690625.0,-39.44313
6547691562.5,-39.423
6547692500.0,-39.43685
6547693437.5,-39.41848
6547694375.0,-39.43294
6547695312.5,-39.44654
6547696250.0,-39.43611
6547697187.5,-39.42815
6547698125.0,-39.44035
6547699062.5,-39.43587
6547700000.0,-39.41883
6547700937.5,-39.42432
6547701875.0,-39.42005
6547702812.5,-39.43279
6547703750.0,-39.41246
6547704687.5,-39.44365
6547705625.0,-39.43785
6547706562.5,-39.42815
6547707500.0,-39.41192
6547708437.5,-39.42116
6547709375.0,-39.41727
6547710312.5,-39.41129
6547711250.0,-39.41688
6547712187.5,-39.39974
6547713125.0,-39.42429
6547714062.5,-39.4122
6547715000.0,-39.4194
6547715937.5,-39.43731
6547716875.0,-39.40316
6547717812.5,-39.43177
6547718750.0,-39.40864
6547719687.5,-39.42172
6547720625.0,-39.42426
6547721562.5,-39.41805
6547722500.0,-39.42008
6547723437.5,-39.42965
6547724375.0,-39.41158
6547725312.5,-39.43078
6547726250.0,-39.40904
6547727187.5,-39.4131
6547728125.0,-39.40321
6547729062.5,-39.41733
6547730000.0,-39.42104
6547730937.5,-39.41617
6547731875.0,-39.40175
6547732812.5,-39.40799
6547733750.0,-39.40966
6547734687.5,-39.40685
6547735625.0,-39.40744
6547736562.5,-39.42019
6547737500.0,-39.39202
6547738437.5,-39.40805
6547739375.0,-39.39385
6547740312.5,-39.41414
6547741250.0,-39.40723
6547742187.5,-39.40355
6547743125.0,-39.39727
6547744062.5,-39.40509
6547745000.0,-39.40703
6547745937.5,-39.39948
6547746875.0,-39.42121
6547747812.5,-39.39756
6547748750.0,-39.39073
6547749687.5,-39.38855
6547750625.0,-39.41261
6547751562.5,-39.4182
6547752500.0,-39.39068
6547753437.5,-39.39697
6547754375.0,-39.38397
6547755312.5,-39.40786
6547756250.0,-39.39583
6547757187.5,-39.39825
6547758125.0,-39.39336
6547759062.5,-39.39157
6547760000.0,-39.38673
6547760937.5,-39.38468
6547761875.0,-39.40489
6547762812.5,-39.38408
6547763750.0,-39.39409
6547764687.5,-39.39759
6547765625.0,-39.40465
6547766562.5,-39.40022
6547767500.0,-39.40649
6547768437.5,-39.39351
6547769375.0,-39.38141
6547770312.5,-39.40083
6547771250.0,-39.38061
6547772187.5,-39.39883
6547773125.0,-39.37912
6547774062.5,-39.38792
6547775000.0,-39.38162
6547775937.5,-39.38131
6547776875.0,-39.37851
6547777812.5,-39.37737
6547778750.0,-39.39217
6547779687.5,-39.38159
6547780625.0,-39.39342
6547781562.5,-39.38794
6547782500.0,-39.3943
6547783437.5,-39.38745
6547784375.0,-39.37065
6547785312.5,-39.37591
6547786250.0,-39.38475
6547787187.5,-39.37551
6547788125.0,-39.37418
6547789062.5,-39.36189
6547790000.0,-39.37157
6547790937.5,-39.36628
6547791875.0,-39.37701
6547792812.5,-39.38927
6547793750.0,-39.36996
6547794687.5,-39.37392
6547795625.0,-39.37637
6547796562.5,-39.36646
6547797500.0,-39.37937
6547798437.5,-39.36694
6547799375.0,-39.3782
6547800312.5,-39.3785
6547801250.0,-39.38003
6547802187.5,-39.35405
6547803125.0,-39.34894
6547804062.5,-39.35379
6547805000.0,-39.35722
6547805937.5,-39.34032
6547806875.0,-39.35846
6547807812.5,-39.3598
6547808750.0,-39.35772
6547809687.5,-39.38031
6547810625.0,-39.36969
6547811562.5,-39.36082
6547812500.0,-39.38803
6547813437.5,-39.37149
6547814375.0,-39.37001
6547815312.5,-39.34608
6547816250.0,-39.35969
6547817187.5,-39.36678
6547818125.0,-39.36847
6547819062.5,-39.34837
6547820000.0,-39.36288
6547820937.5,-39.34954
6547821875.0,-39.36899
6547822812.5,-39.37624
6547823750.0,-39.34498
6547824687.5,-39.35207
6547825625.0,-39.35495
6547826562.5,-39.35596
6547827500.0,-39.35799
6547828437.5,-39.33572
6547829375.0,-39.35588
6547830312.5,-39.35583
6547831250.0,-39.34501
6547832187.5,-39.34063
6547833125.0,-39.34834
6547834062.5,-39.3518
6547835000.0,-39.36343
6547835937.5,-39.33102
6547836875.0,-39.34609
6547837812.5,-39.35313
6547838750.0,-39.35155
6547839687.5,-39.34052
6547840625.0,-39.34841
6547841562.5,-39.3298
6547842500.0,-39.34152
6547843437.5,-39.34563
6547844375.0,-39.33223
6547845312.5,-39.3352
6547846250.0,-39.34937
6547847187.5,-39.35095
6547848125.0,-39.33294
6547849062.5,-39.3523
6547850000.0,-39.3344
6547850937.5,-39.32043
6547851875.0,-39.34547
6547852812.5,-39.33111
6547853750.0,-39.3293
6547854687.5,-39.32354
6547855625.0,-39.34965
6547856562.5,-39.33019
6547857500.0,-39.32305
6547858437.5,-39.3235
6547859375.0,-39.33841
6547860312.5,-39.32732
6547861250.0,-39.34897
6547862187.5,-39.34295
6547863125.0,-39.34439
6547864062.5,-39.30918
6547865000.0,-39.34021
6547865937.5,-39.33611
6547866875.0,-39.33671
6547867812.5,-39.3271
6547868750.0,-39.32541
6547869687.5,-39.32761
6547870625.0,-39.32098
6547871562.5,-39.32005
6547872500.0,-39.32164
6547873437.5,-39.33281
6547874375.0,-39.31919
6547875312.5,-39.32339
6547876250.0,-39.32397
6547877187.5,-39.32176
6547878125.0,-39.33429
6547879062.5,-39.31422
6547880000.0,-39.32651
6547880937.5,-39.33566
6547881875.0,-39.31436
6547882812.5,-39.33018
6547883750.0,-39.32486
6547884687.5,-39.31725
6547885625.0,-39.30478
6547886562.5,-39.31608
6547887500.0,-39.31451
6547888437.5,-39.32318
6547889375.0,-39.32577
6547890312.5,-39.30651
6547891250.0,-39.32272
6547892187.5,-39.3172
6547893125.0,-39.30696
6547894062.5,-39.33457
6547895000.0,-39.31017
6547895937.5,-39.31438
6547896875.0,-39.29322
6547897812.5,-39.29901
6547898750.0,-39.31792
6547899687.5,-39.30774
6547900625.0,-39.30951
6547901562.5,-39.31172
6547902500.0,-39.30362
6547903437.5,-39.29382
6547904375.0,-39.32318
6547905312.5,-39.30627
6547906250.0,-39.31597
6547907187.5,-39.30144
6547908125.0,-39.30927
6547909062.5,-39.31393
6547910000.0,-39.32254
6547910937.5,-39.30844
6547911875.0,-39.30056
6547912812.5,-39.31107
6547913750.0,-39.29732
6547914687.5,-39.29805
6547915625.0,-39.31156
6547916562.5,-39.3044
6547917500.0,-39.32266
6547918437.5,-39.31167
6547919375.0,-39.30667
6547920312.5,-39.30118
6547921250.0,-39.31466
6547922187.5,-39.29272
6547923125.0,-39.29316
6547924062.5,-39.29822
6547925000.0,-39.29377
6547925937.5,-39.29272
6547926875.0,-39.30366
6547927812.5,-39.30405
6547928750.0,-39.29154
6547929687.5,-39.30573
6547930625.0,-39.28896
6547931562.5,-39.29444
6547932500.0,-39.29453
6547933437.5,-39.28503
6547934375.0,-39.28674
6547935312.5,-39.28823
6547936250.0,-39.30968
6547937187.5,-39.28223
6547938125.0,-39.29178
6547939062.5,-39.28987
6547940000.0,-39.28979
6547940937.5,-39.29135
6547941875.0,-39.28809
6547942812.5,-39.29747
6547943750.0,-39.28285
6547944687.5,-39.29126
6547945625.0,-39.28453
6547946562.5,-39.29728
6547947500.0,-39.28528
6547948437.5,-39.28363
6547949375.0,-39.26997
6547950312.5,-39.28795
6547951250.0,-39.29371
6547952187.5,-39.27242
6547953125.0,-39.2738
6547954062.5,-39.28904
6547955000.0,-39.27861
6547955937.5,-39.26448
6547956875.0,-39.27649
6547957812.5,-39.27584
6547958750.0,-39.28327
6547959687.5,-39.28834
6547960625.0,-39.28298
6547961562.5,-39.2634
6547962500.0,-39.28343
6547963437.5,-39.27407
6547964375.0,-39.271
6547965312.5,-39.27729
6547966250.0,-39.26268
6547967187.5,-39.25981
6547968125.0,-39.27526
6547969062.5,-39.2826
6547970000.0,-39.28629
6547970937.5,-39.28492
6547971875.0,-39.27752
6547972812.5,-39.26502
6547973750.0,-39.26744
6547974687.5,-39.26189
6547975625.0,-39.27895
6547976562.5,-39.26077
6547977500.0,-39.26678
6547978437.5,-39.2546
6547979375.0,-39.26773
6547980312.5,-39.26527
6547981250.0,-39.26629
6547982187.5,-39.26533
6547983125.0,-39.26216
6547984062.5,-39.25411
6547985000.0,-39.25183
6547985937.5,-39.26252
6547986875.0,-39.26425
6547987812.5,-39.26046
6547988750.0,-39.25694
6547989687.5,-39.26351
6547990625.0,-39.26648
6547991562.5,-39.25859
6547992500.0,-39.25092
6547993437.5,-39.25929
6547994375.0,-39.26426
6547995312.5,-39.2559
6547996250.0,-39.2565
6547997187.5,-39.24939
6547998125.0,-39.26413
6547999062.5,-39.25603
6548000000.0,-39.24795
6548000937.5,-39.24978
6548001875.0,-39.26211
6548002812.5,-39.25669
6548003750.0,-39.25898
6548004687.5,-39.24517
6548005625.0,-39.24338
6548006562.5,-39.25634
6548007500.0,-39.25632
6548008437.5,-39.24166
6548009375.0,-39.25434
6548010312.5,-39.24349
6548011250.0,-39.24125
6548012187.5,-39.23434
6548013125.0,-39.24866
6548014062.5,-39.25093
6548015000.0,-39.23057
6548015937.5,-39.23275
6548016875.0,-39.23176
6548017812.5,-39.24929
6548018750.0,-39.23662
6548019687.5,-39.2576
6548020625.0,-39.23927
6548021562.5,-39.24291
6548022500.0,-39.24127
6548023437.5,-39.24543
6548024375.0,-39.24284
6548025312.5,-39.25446
6548026250.0,-39.22402
6548027187.5,-39.23466
6548028125.0,-39.23854
6548029062.5,-39.23545
6548030000.0,-39.23646
6548030937.5,-39.2405
6548031875.0,-39.21569
6548032812.5,-39.21964
6548033750.0,-39.22845
6548034687.5,-39.24611
6548035625.0,-39.23954
6548036562.5,-39.23104
6548037500.0,-39.21605
6548038437.5,-39.22037
6548039375.0,-39.2443
6548040312.5,-39.2318
6548041250.0,-39.22724
6548042187.5,-39.23694
6548043125.0,-39.22237
6548044062.5,-39.22026
6548045000.0,-39.22848
6548045937.5,-39.23822
6548046875.0,-39.2345
6548047812.5,-39.23076
6548048750.0,-39.23461
6548049687.5,-39.23146
6548050625.0,-39.22062
6548051562.5,-39.23499
6548052500.0,-39.21412
6548053437.5,-39.20892
6548054375.0,-39.21396
6548055312.5,-39.22166
6548056250.0,-39.22726
6548057187.5,-39.21952
6548058125.0,-39.21595
6548059062.5,-39.22089
6548060000.0,-39.2213
6548060937.5,-39.22482
6548061875.0,-39.21522
6548062812.5,-39.21506
6548063750.0,-39.23032
6548064687.5,-39.21405
6548065625.0,-39.20507
6548066562.5,-39.19237
6548067500.0,-39.22124
6548068437.5,-39.21371
6548069375.0,-39.21073
6548070312.5,-39.21617
6548071250.0,-39.20332
6548072187.5,-39.1979
6548073125.0,-39.21231
6548074062.5,-39.19753
6548075000.0,-39.19583
6548075937.5,-39.19961
6548076875.0,-39.20523
6548077812.5,-39.1888
6548078750.0,-39.1925
6548079687.5,-39.20574
6548080625.0,-39.19428
6548081562.5,-39.20582
6548082500.0,-39.21241
6548083437.5,-39.2055
6548084375.0,-39.1964
6548085312.5,-39.1981
6548086250.0,-39.20164
6548087187.5,-39.20024
6548088125.0,-39.19469
6548089062.5,-39.20193
6548090000.0,-39.20831
6548090937.5,-39.19439
6548091875.0,-39.18139
6548092812.5,-39.2069
6548093750.0,-39.19633
6548094687.5,-39.20243
6548095625.0,-39.20145
6548096562.5,-39.18743
6548097500.0,-39.20345
6548098437.5,-39.20811
6548099375.0,-39.20744
6548100312.5,-39.18766
6548101250.0,-39.2041
6548102187.5,-39.18105
6548103125.0,-39.21175
6548104062.5,-39.17988
6548105000.0,-39.19334
6548105937.5,-39.18724
6548106875.0,-39.18599
6548107812.5,-39.19208
6548108750.0,-39.18052
6548109687.5,-39.20038
6548110625.0,-39.17645
6548111562.5,-39.18043
6548112500.0,-39.17693
6548113437.5,-39.18359
6548114375.0,-39.18679
6548115312.5,-39.17495
6548116250.0,-39.18394
6548117187.5,-39.18738
6548118125.0,-39.18935
6548119062.5,-39.17529
6548120000.0,-39.17677
6548120937.5,-39.19685
6548121875.0,-39.18531
6548122812.5,-39.19321
6548123750.0,-39.19879
6548124687.5,-39.19217
6548125625.0,-39.18371
6548126562.5,-39.18021
6548127500.0,-39.16904
6548128437.5,-39.16127
6548129375.0,-39.18393
6548130312.5,-39.17708
6548131250.0,-39.1736
6548132187.5,-39.16534
6548133125.0,-39.16595
6548134062.5,-39.1776
6548135000.0,-39.16985
6548135937.5,-39.16578
6548136875.0,-39.16806
6548137812.5,-39.16208
6548138750.0,-39.16178
6548139687.5,-39.15954
6548140625.0,-39.17118
6548141562.5,-39.18176
6548142500.0,-39.16605
6548143437.5,-39.18774
6548144375.0,-39.16521
6548145312.5,-39.16352
6548146250.0,-39.17014
6548147187.5,-39.16312
6548148125.0,-39.17305
6548149062.5,-39.17333
6548150000.0,-39.16661
6548150937.5,-39.15097
6548151875.0,-39.16435
6548152812.5,-39.16904
6548153750.0,-39.16633
6548154687.5,-39.16729
6548155625.0,-39.15393
6548156562.5,-39.15939
6548157500.0,-39.16688
6548158437.5,-39.16753
6548159375.0,-39.13408
6548160312.5,-39.17259
6548161250.0,-39.16152
6548162187.5,-39.14142
6548163125.0,-39.15251
6548164062.5,-39.15828
6548165000.0,-39.16192
6548165937.5,-39.15184
6548166875.0,-39.15042
6548167812.5,-39.14407
6548168750.0,-39.16501
6548169687.5,-39.15313
6548170625.0,-39.1558
6548171562.5,-39.15125
6548172500.0,-39.14979
6548173437.5,-39.14804
6548174375.0,-39.14782
6548175312.5,-39.16382
6548176250.0,-39.13903
6548177187.5,-39.14706
6548178125.0,-39.14671
6548179062.5,-39.15033
6548180000.0,-39.13198
6548180937.5,-39.14753
6548181875.0,-39.13374
6548182812.5,-39.15459
6548183750.0,-39.1488
6548184687.5,-39.14404
6548185625.0,-39.1338
6548186562.5,-39.14491
6548187500.0,-39.14051
6548188437.5,-39.14799
6548189375.0,-39.1376
6548190312.5,-39.13444
6548191250.0,-39.11967
6548192187.5,-39.13275
6548193125.0,-39.13978
6548194062.5,-39.13687
6548195000.0,-39.15543
6548195937.5,-39.13231
6548196875.0,-39.14102
6548197812.5,-39.13231
6548198750.0,-39.13842
6548199687.5,-39.14524
6548200625.0,-39.12809
6548201562.5,-39.1212
6548202500.0,-39.13295
6548203437.5,-39.14194
6548204375.0,-39.12379
6548205312.5,-39.11415
6548206250.0,-39.12181
6548207187.5,-39.13224
6548208125.0,-39.13383
6548209062.5,-39.13233
6548210000.0,-39.13892
6548210937.5,-39.1328
6548211875.0,-39.12569
6548212812.5,-39.1282
6548213750.0,-39.13349
6548214687.5,-39.12776
6548215625.0,-39.13019
6548216562.5,-39.11835
6548217500.0,-39.10398
6548218437.5,-39.11852
6548219375.0,-39.13066
6548220312.5,-39.12475
6548221250.0,-39.12584
6548222187.5,-39.12445
6548223125.0,-39.11053
6548224062.5,-39.12029
6548225000.0,-39.12364
6548225937.5,-39.11932
6548226875.0,-39.11487
6548227812.5,-39.10737
6548228750.0,-39.11968
6548229687.5,-39.104
6548230625.0,-39.09491
6548231562.5,-39.11615
6548232500.0,-39.11988
6548233437.5,-39.09949
6548234375.0,-39.11406
6548235312.5,-39.12493
6548236250.0,-39.11712
6548237187.5,-39.11959
6548238125.0,-39.11711
6548239062.5,-39.11242
6548240000.0,-39.09864
6548240937.5,-39.12674
6548241875.0,-39.10719
6548242812.5,-39.11484
6548243750.0,-39.11753
6548244687.5,-39.1185
6548245625.0,-39.10063
6548246562.5,-39.10287
6548247500.0,-39.09883
6548248437.5,-39.10696
6548249375.0,-39.1181
6548250312.5,-39.08604
6548251250.0,-39.11116
6548252187.5,-39.09643
6548253125.0,-39.09294
6548254062.5,-39.10709
6548255000.0,-39.10158
6548255937.5,-39.0957
6548256875.0,-39.11596
6548257812.5,-39.10359
6548258750.0,-39.10187
6548259687.5,-39.09128
6548260625.0,-39.09134
6548261562.5,-39.09864
6548262500.0,-39.08487
6548263437.5,-39.09878
6548264375.0,-39.10087
6548265312.5,-39.08686
6548266250.0,-39.0914
6548267187.5,-39.09248
6548268125.0,-39.08417
6548269062.5,-39.09294
6548270000.0,-39.08933
6548270937.5,-39.08272
6548271875.0,-39.09574
6548272812.5,-39.09092
6548273750.0,-39.09958
6548274687.5,-39.08286
6548275625.0,-39.09369
6548276562.5,-39.1023
6548277500.0,-39.0907
6548278437.5,-39.09112
6548279375.0,-39.09017
6548280312.5,-39.08221
6548281250.0,-39.08358
6548282187.5,-39.07858
6548283125.0,-39.10089
6548284062.5,-39.08412
6548285000.0,-39.09036
6548285937.5,-39.07245
6548286875.0,-39.1091
6548287812.5,-39.09298
6548288750.0,-39.08651
6548289687.5,-39.09376
6548290625.0,-39.10109
6548291562.5,-39.07779
6548292500.0,-39.09249
6548293437.5,-39.07388
6548294375.0,-39.07619
6548295312.5,-39.08443
6548296250.0,-39.07981
6548297187.5,-39.08222
6548298125.0,-39.07544
6548299062.5,-39.08423
6548300000.0,-39.07214
6548300937.5,-39.08638
6548301875.0,-39.0807
6548302812.5,-39.06879
6548303750.0,-39.06073
6548304687.5,-39.0717
6548305625.0,-39.07119
6548306562.5,-39.06518
6548307500.0,-39.0722
6548308437.5,-39.07738
6548309375.0,-39.06246
6548310312.5,-39.07387
6548311250.0,-39.06978
6548312187.5,-39.07647
6548313125.0,-39.07457
6548314062.5,-39.07758
6548315000.0,-39.07041
6548315937.5,-39.04347
6548316875.0,-39.06422
6548317812.5,-39.07669
6548318750.0,-39.06053
6548319687.5,-39.0518
6548320625.0,-39.05773
6548321562.5,-39.06717
6548322500.0,-39.05782
6548323437.5,-39.04975
6548324375.0,-39.07251
6548325312.5,-39.05673
6548326250.0,-39.06365
6548327187.5,-39.06652
6548328125.0,-39.07307
6548329062.5,-39.06308
6548330000.0,-39.04855
6548330937.5,-39.08117
6548331875.0,-39.06705
6548332812.5,-39.06418
6548333750.0,-39.05442
6548334687.5,-39.05418
6548335625.0,-39.05129
6548336562.5,-39.0411
6548337500.0,-39.04941
6548338437.5,-39.04657
6548339375.0,-39.05836
6548340312.5,-39.04594
6548341250.0,-39.05978
6548342187.5,-39.06329
6548343125.0,-39.04607
6548344062.5,-39.05205
6548345000.0,-39.04898
6548345937.5,-39.04515
6548346875.0,-39.05755
6548347812.5,-39.04416
6548348750.0,-39.0611
6548349687.5,-39.04733
6548350625.0,-39.05427
6548351562.5,-39.04094
6548352500.0,-39.02845
6548353437.5,-39.04173
6548354375.0,-39.03616
6548355312.5,-39.03725
6548356250.0,-39.03765
6548357187.5,-39.05422
6548358125.0,-39.0145
6548359062.5,-39.05199
6548360000.0,-39.03962
6548360937.5,-39.04466
6548361875.0,-39.02851
6548362812.5,-39.04343
6548363750.0,-39.04093
6548364687.5,-39.02769
6548365625.0,-39.03791
6548366562.5,-39.02813
6548367500.0,-39.03704
6548368437.5,-39.03445
6548369375.0,-39.03702
6548370312.5,-39.0285
6548371250.0,-39.03122
6548372187.5,-39.0368
6548373125.0,-39.03098
6548374062.5,-39.01192
6548375000.0,-39.04048
6548375937.5,-39.0419
6548376875.0,-39.02842
6548377812.5,-39.03529
6548378750.0,-39.03083
6548379687.5,-39.01821
6548380625.0,-39.02661
6548381562.5,-39.02948
6548382500.0,-39.0341
6548383437.5,-39.04342
6548384375.0,-39.02582
6548385312.5,-39.02263
6548386250.0,-39.03045
6548387187.5,-39.02464
6548388125.0,-39.0218
6548389062.5,-39.02273
6548390000.0,-39.01201
6548390937.5,-39.0051
6548391875.0,-39.02944
6548392812.5,-39.01704
6548393750.0,-39.02089
6548394687.5,-39.03084
6548395625.0,-39.00512
6548396562.5,-39.02269
6548397500.0,-39.00566
6548398437.5,-39.00853
6548399375.0,-39.01178
6548400312.5,-39.00644
6548401250.0,-39.00826
6548402187.5,-39.01141
6548403125.0,-39.02408
6548404062.5,-39.00614
6548405000.0,-39.01564
6548405937.5,-39.01351
6548406875.0,-39.01427
6548407812.5,-39.00874
6548408750.0,-38.99872
6548409687.5,-39.01582
6548410625.0,-39.02443
6548411562.5,-39.0092
6548412500.0,-39.01411
6548413437.5,-38.99995
6548414375.0,-39.01316
6548415312.5,-38.99987
6548416250.0,-39.01813
6548417187.5,-39.00394
6548418125.0,-39.01054
6548419062.5,-39.00765
6548420000.0,-39.00919
6548420937.5,-39.00746
6548421875.0,-38.99607
6548422812.5,-39.012
6548423750.0,-39.00035
6548424687.5,-38.99728
6548425625.0,-39.01584
6548426562.5,-38.99482
6548427500.0,-39.00095
6548428437.5,-38.99112
6548429375.0,-38.98276
6548430312.5,-39.00068
6548431250.0,-39.00146
6548432187.5,-39.00923
6548433125.0,-38.98846
6548434062.5,-39.00575
6548435000.0,-38.98288
6548435937.5,-38.99533
6548436875.0,-38.98655
6548437812.5,-38.9934
6548438750.0,-38.98317
6548439687.5,-38.99842
6548440625.0,-38.98289
6548441562.5,-38.9871
6548442500.0,-38.99113
6548443437.5,-38.97896
6548444375.0,-38.98616
6548445312.5,-38.98906
6548446250.0,-38.98857
6548447187.5,-39.01196
6548448125.0,-38.9828
6548449062.5,-38.97556
6548450000.0,-38.98486
6548450937.5,-38.96802
6548451875.0,-38.99235
6548452812.5,-38.98907
6548453750.0,-38.98997
6548454687.5,-38.97846
6548455625.0,-38.98169
6548456562.5,-38.97728
6548457500.0,-38.96939
6548458437.5,-38.97906
6548459375.0,-38.97584
6548460312.5,-38.95872
6548461250.0,-38.97877
6548462187.5,-38.9714
6548463125.0,-38.96809
6548464062.5,-38.97504
6548465000.0,-38.97648
6548465937.5,-38.97414
6548466875.0,-38.9972
6548467812.5,-38.97312
6548468750.0,-38.97192
6548469687.5,-38.97745
6548470625.0,-38.96959
6548471562.5,-38.96661
6548472500.0,-38.96663
6548473437.5,-38.96568
6548474375.0,-38.97176
6548475312.5,-38.96071
6548476250.0,-38.97008
6548477187.5,-38.96242
6548478125.0,-38.96743
6548479062.5,-38.97199
6548480000.0,-38.96024
6548480937.5,-38.9775
6548481875.0,-38.96187
6548482812.5,-38.95731
6548483750.0,-38.96795
6548484687.5,-38.95725
6548485625.0,-38.96334
6548486562.5,-38.95238
6548487500.0,-38.9715
6548488437.5,-38.97026
6548489375.0,-38.96813
6548490312.5,-38.96091
6548491250.0,-38.96476
6548492187.5,-38.95546
6548493125.0,-38.95115
6548494062.5,-38.97206
6548495000.0,-38.9475
6548495937.5,-38.94829
6548496875.0,-38.97066
6548497812.5,-38.95712
6548498750.0,-38.96167
6548499687.5,-38.94807
6548500625.0,-38.95334
6548501562.5,-38.95735
6548502500.0,-38.96755
6548503437.5,-38.94526
6548504375.0,-38.94172
6548505312.5,-38.94842
6548506250.0,-38.94891
6548507187.5,-38.93126
6548508125.0,-38.9247
6548509062.5,-38.95127
6548510000.0,-38.94596
6548510937.5,-38.94599
6548511875.0,-38.94054
6548512812.5,-38.96074
6548513750.0,-38.94405
6548514687.5,-38.94674
6548515625.0,-38.93864
6548516562.5,-38.95013
6548517500.0,-38.94165
6548518437.5,-38.93069
6548519375.0,-38.93726
6548520312.5,-38.94347
6548521250.0,-38.9469
6548522187.5,-38.92993
6548523125.0,-38.94677
6548524062.5,-38.93733
6548525000.0,-38.95266
6548525937.5,-38.95393
6548526875.0,-38.94243
6548527812.5,-38.94396
6548528750.0,-38.91091
6548529687.5,-38.94029
6548530625.0,-38.92701
6548531562.5,-38.92627
6548532500.0,-38.93815
6548533437.5,-38.93532
6548534375.0,-38.92434
6548535312.5,-38.92438
6548536250.0,-38.91988
6548537187.5,-38.93001
6548538125.0,-38.94201
6548539062.5,-38.93985
6548540000.0,-38.94125
6548540937.5,-38.9292
6548541875.0,-38.93408
6548542812.5,-38.92213
6548543750.0,-38.91197
6548544687.5,-38.91888
6548545625.0,-38.9193
6548546562.5,-38.91709
6548547500.0,-38.92189
6548548437.5,-38.95182
6548549375.0,-38.92416
6548550312.5,-38.91742
6548551250.0,-38.93913
6548552187.5,-38.93175
6548553125.0,-38.91741
6548554062.5,-38.92123
6548555000.0,-38.9059
6548555937.5,-38.92484
6548556875.0,-38.93011
6548557812.5,-38.92008
6548558750.0,-38.9179
6548559687.5,-38.91133
6548560625.0,-38.90993
6548561562.5,-38.93245
6548562500.0,-38.90067
6548563437.5,-38.93454
6548564375.0,-38.91762
6548565312.5,-38.90275
6548566250.0,-38.91127
6548567187.5,-38.90802
6548568125.0,-38.91806
6548569062.5,-38.9096
6548570000.0,-38.90754
6548570937.5,-38.91473
6548571875.0,-38.91848
6548572812.5,-38.90755
6548573750.0,-38.89962
6548574687.5,-38.89964
6548575625.0,-38.91181
6548576562.5,-38.90635
6548577500.0,-38.90464
6548578437.5,-38.89252
6548579375.0,-38.90848
6548580312.5,-38.90421
6548581250.0,-38.89847
6548582187.5,-38.91118
6548583125.0,-38.92545
6548584062.5,-38.91158
6548585000.0,-38.90871
6548585937.5,-38.90731
6548586875.0,-38.90237
6548587812.5,-38.89912
6548588750.0,-38.89447
6548589687.5,-38.89545
6548590625.0,-38.9154
6548591562.5,-38.89038
6548592500.0,-38.88964
6548593437.5,-38.90431
6548594375.0,-38.90752
6548595312.5,-38.89788
6548596250.0,-38.88428
6548597187.5,-38.88202
6548598125.0,-38.89668
6548599062.5,-38.88974
6548600000.0,-38.91311
6548600937.5,-38.87254
6548601875.0,-38.88605
6548602812.5,-38.89162
6548603750.0,-38.87878
6548604687.5,-38.87227
6548605625.0,-38.91043
6548606562.5,-38.8811
6548607500.0,-38.88828
6548608437.5,-38.88686
6548609375.0,-38.88165
6548610312.5,-38.88333
6548611250.0,-38.88258
6548612187.5,-38.89896
6548613125.0,-38.888
6548614062.5,-38.87627
6548615000.0,-38.88667
6548615937.5,-38.88024
6548616875.0,-38.87967
6548617812.5,-38.87476
6548618750.0,-38.88051
6548619687.5,-38.89087
6548620625.0,-38.87892
6548621562.5,-38.87688
6548622500.0,-38.88411
6548623437.5,-38.88859
6548624375.0,-38.8812
6548625312.5,-38.86823
6548626250.0,-38.89088
6548627187.5,-38.88769
6548628125.0,-38.88837
6548629062.5,-38.87373
6548630000.0,-38.88716
6548630937.5,-38.87749
6548631875.0,-38.85928
6548632812.5,-38.87577
6548633750.0,-38.87691
6548634687.5,-38.85706
6548635625.0,-38.86659
6548636562.5,-38.86866
6548637500.0,-38.86965
6548638437.5,-38.87031
6548639375.0,-38.86392
6548640312.5,-38.86586
6548641250.0,-38.86343
6548642187.5,-38.87025
6548643125.0,-38.85121
6548644062.5,-38.86219
6548645000.0,-38.86438
6548645937.5,-38.87941
6548646875.0,-38.84966
6548647812.5,-38.86446
6548648750.0,-38.87662
6548649687.5,-38.8651
6548650625.0,-38.88146
6548651562.5,-38.85492
6548652500.0,-38.83662
6548653437.5,-38.8545
6548654375.0,-38.86721
6548655312.5,-38.85588
6548656250.0,-38.87375
6548657187.5,-38.85945
6548658125.0,-38.85498
6548659062.5,-38.84707
6548660000.0,-38.84994
6548660937.5,-38.86272
6548661875.0,-38.85252
6548662812.5,-38.85643
6548663750.0,-38.86466
6548664687.5,-38.86592
6548665625.0,-38.85263
6548666562.5,-38.85514
6548667500.0,-38.86736
6548668437.5,-38.8297
6548669375.0,-38.85083
6548670312.5,-38.85413
6548671250.0,-38.85545
6548672187.5,-38.84152
6548673125.0,-38.85376
6548674062.5,-38.84196
6548675000.0,-38.8399
6548675937.5,-38.85732
6548676875.0,-38.83006
6548677812.5,-38.84774
6548678750.0,-38.8481
6548679687.5,-38.85925
6548680625.0,-38.83363
6548681562.5,-38.85008
6548682500.0,-38.8356
6548683437.5,-38.83341
6548684375.0,-38.83235
6548685312.5,-38.83548
6548686250.0,-38.84149
6548687187.5,-38.84163
6548688125.0,-38.83404
6548689062.5,-38.83087
6548690000.0,-38.82115
6548690937.5,-38.84201
6548691875.0,-38.85158
6548692812.5,-38.83516
6548693750.0,-38.81493
6548694687.5,-38.83577
6548695625.0,-38.83377
6548696562.5,-38.82945
6548697500.0,-38.85096
6548698437.5,-38.82795
6548699375.0,-38.81907
6548700312.5,-38.8143
6548701250.0,-38.81973
6548702187.5,-38.83956
6548703125.0,-38.82777
6548704062.5,-38.82752
6548705000.0,-38.81974
6548705937.5,-38.82319
6548706875.0,-38.82523
6548707812.5,-38.82315
6548708750.0,-38.8299
6548709687.5,-38.81498
6548710625.0,-38.83585
6548711562.5,-38.80757
6548712500.0,-38.80763
6548713437.5,-38.82557
6548714375.0,-38.83077
6548715312.5,-38.80096
6548716250.0,-38.82545
6548717187.5,-38.82119
6548718125.0,-38.81907
6548719062.5,-38.81132
6548720000.0,-38.80432
6548720937.5,-38.829
6548721875.0,-38.81297
6548722812.5,-38.81371
6548723750.0,-38.80816
6548724687.5,-38.81686
6548725625.0,-38.8099
6548726562.5,-38.82108
6548727500.0,-38.81915
6548728437.5,-38.81612
6548729375.0,-38.82077
6548730312.5,-38.81201
6548731250.0,-38.80538
6548732187.5,-38.80947
6548733125.0,-38.80914
6548734062.5,-38.81831
6548735000.0,-38.8042
6548735937.5,-38.80428
6548736875.0,-38.80246
6548737812.5,-38.80999
6548738750.0,-38.79672
6548739687.5,-38.79739
6548740625.0,-38.79712
6548741562.5,-38.796
6548742500.0,-38.80286
6548743437.5,-38.82167
6548744375.0,-38.80916
6548745312.5,-38.79214
6548746250.0,-38.7974
6548747187.5,-38.81354
6548748125.0,-38.80272
6548749062.5,-38.79771
6548750000.0,-38.80291
6548750937.5,-38.79848
6548751875.0,-38.79494
6548752812.5,-38.7902
6548753750.0,-38.77667
6548754687.5,-38.7754
6548755625.0,-38.79847
6548756562.5,-38.79716
6548757500.0,-38.79117
6548758437.5,-38.77396
6548759375.0,-38.80466
6548760312.5,-38.78035
6548761250.0,-38.79601
6548762187.5,-38.78266
6548763125.0,-38.78733
6548764062.5,-38.76883
6548765000.0,-38.77263
6548765937.5,-38.7873
6548766875.0,-38.78603
6548767812.5,-38.7995
6548768750.0,-38.78247
6548769687.5,-38.79057
6548770625.0,-38.77721
6548771562.5,-38.77703
6548772500.0,-38.79095
6548773437.5,-38.78322
6548774375.0,-38.79079
6548775312.5,-38.78327
6548776250.0,-38.76701
6548777187.5,-38.79213
6548778125.0,-38.79112
6548779062.5,-38.7779
6548780000.0,-38.78536
6548780937.5,-38.78169
6548781875.0,-38.77605
6548782812.5,-38.78644
6548783750.0,-38.77303
6548784687.5,-38.77212
6548785625.0,-38.77143
6548786562.5,-38.7717
6548787500.0,-38.76172
6548788437.5,-38.78261
6548789375.0,-38.77511
6548790312.5,-38.76111
6548791250.0,-38.77744
6548792187.5,-38.76529
6548793125.0,-38.76123
6548794062.5,-38.75526
6548795000.0,-38.76865
6548795937.5,-38.77751
6548796875.0,-38.76686
6548797812.5,-38.75663
6548798750.0,-38.78288
6548799687.5,-38.76647
6548800625.0,-38.75885
6548801562.5,-38.76057
6548802500.0,-38.7764
6548803437.5,-38.74015
6548804375.0,-38.75822
6548805312.5,-38.7649
6548806250.0,-38.75356
6548807187.5,-38.75431
6548808125.0,-38.76126
6548809062.5,-38.77979
6548810000.0,-38.77077
6548810937.5,-38.75137
6548811875.0,-38.77096
6548812812.5,-38.7672
6548813750.0,-38.73462
6548814687.5,-38.75491
6548815625.0,-38.74838
6548816562.5,-38.752
6548817500.0,-38.75109
6548818437.5,-38.75412
6548819375.0,-38.76327
6548820312.5,-38.75112
6548821250.0,-38.76294
6548822187.5,-38.74845
6548823125.0,-38.76258
6548824062.5,-38.75538
6548825000.0,-38.75268
6548825937.5,-38.74908
6548826875.0,-38.74261
6548827812.5,-38.75297
6548828750.0,-38.75808
6548829687.5,-38.75963
6548830625.0,-38.73777
6548831562.5,-38.74385
6548832500.0,-38.72849
6548833437.5,-38.7535
6548834375.0,-38.74496
6548835312.5,-38.74675
6548836250.0,-38.73188
6548837187.5,-38.73803
6548838125.0,-38.74058
6548839062.5,-38.74166
6548840000.0,-38.74321
6548840937.5,-38.7424
6548841875.0,-38.76931
6548842812.5,-38.74437
6548843750.0,-38.74245
6548844687.5,-38.74387
6548845625.0,-38.74139
6548846562.5,-38.73029
6548847500.0,-38.75073
6548848437.5,-38.73866
6548849375.0,-38.72498
6548850312.5,-38.75374
6548851250.0,-38.73618
6548852187.5,-38.72951
6548853125.0,-38.72635
6548854062.5,-38.72016
6548855000.0,-38.72236
6548855937.5,-38.74255
6548856875.0,-38.73975
6548857812.5,-38.70596
6548858750.0,-38.73275
6548859687.5,-38.72629
6548860625.0,-38.74225
6548861562.5,-38.73049
6548862500.0,-38.7273
6548863437.5,-38.72018
6548864375.0,-38.74154
6548865312.5,-38.705
6548866250.0,-38.70987
6548867187.5,-38.73088
6548868125.0,-38.73355
6548869062.5,-38.72758
6548870000.0,-38.70367
6548870937.5,-38.73082
6548871875.0,-38.73061
6548872812.5,-38.71702
6548873750.0,-38.7243
6548874687.5,-38.71944
6548875625.0,-38.7105
6548876562.5,-38.7205
6548877500.0,-38.70105
6548878437.5,-38.71129
6548879375.0,-38.72306
6548880312.5,-38.71237
6548881250.0,-38.72191
6548882187.5,-38.7042
6548883125.0,-38.71282
6548884062.5,-38.70707
6548885000.0,-38.7024
6548885937.5,-38.71391
6548886875.0,-38.71373
6548887812.5,-38.7175
6548888750.0,-38.70587
6548889687.5,-38.71941
6548890625.0,-38.7115
6548891562.5,-38.72519
6548892500.0,-38.70333
6548893437.5,-38.70774
6548894375.0,-38.70299
6548895312.5,-38.69863
6548896250.0,-38.72371
6548897187.5,-38.69883
6548898125.0,-38.71128
6548899062.5,-38.69602
6548900000.0,-38.71601
6548900937.5,-38.71029
6548901875.0,-38.69439
6548902812.5,-38.69442
6548903750.0,-38.69535
6548904687.5,-38.70816
6548905625.0,-38.69149
6548906562.5,-38.69961
6548907500.0,-38.70071
6548908437.5,-38.69336
6548909375.0,-38.69393
6548910312.5,-38.69381
6548911250.0,-38.69021
6548912187.5,-38.69691
6548913125.0,-38.69288
6548914062.5,-38.69252
6548915000.0,-38.70553
6548915937.5,-38.6953
6548916875.0,-38.69156
6548917812.5,-38.68661
6548918750.0,-38.70116
6548919687.5,-38.69912
6548920625.0,-38.70014
6548921562.5,-38.68518
6548922500.0,-38.68678
6548923437.5,-38.70403
6548924375.0,-38.69217
6548925312.5,-38.69771
6548926250.0,-38.68076
6548927187.5,-38.70226
6548928125.0,-38.6909
6548929062.5,-38.68111
6548930000.0,-38.67486
6548930937.5,-38.69926
6548931875.0,-38.67576
6548932812.5,-38.68306
6548933750.0,-38.68773
6548934687.5,-38.65988
6548935625.0,-38.68813
6548936562.5,-38.67354
6548937500.0,-38.69141
6548938437.5,-38.67662
6548939375.0,-38.66789
6548940312.5,-38.66779
6548941250.0,-38.68574
6548942187.5,-38.6702
6548943125.0,-38.67451
6548944062.5,-38.65499
6548945000.0,-38.67778
6548945937.5,-38.68358
6548946875.0,-38.67742
6548947812.5,-38.67183
6548948750.0,-38.66879
6548949687.5,-38.67212
6548950625.0,-38.66629
6548951562.5,-38.66158
6548952500.0,-38.67366
6548953437.5,-38.67288
6548954375.0,-38.66077
6548955312.5,-38.66945
6548956250.0,-38.67003
6548957187.5,-38.65496
6548958125.0,-38.64297
6548959062.5,-38.66343
6548960000.0,-38.67265
6548960937.5,-38.68171
6548961875.0,-38.65515
6548962812.5,-38.66728
6548963750.0,-38.65315
6548964687.5,-38.65535
6548965625.0,-38.67541
6548966562.5,-38.67896
6548967500.0,-38.67305
6548968437.5,-38.66074
6548969375.0,-38.64664
6548970312.5,-38.65803
6548971250.0,-38.67103
6548972187.5,-38.6565
6548973125.0,-38.66684
6548974062.5,-38.6483
6548975000.0,-38.64846
6548975937.5,-38.64652
6548976875.0,-38.64992
6548977812.5,-38.66424
6548978750.0,-38.66032
6548979687.5,-38.64817
6548980625.0,-38.66432
6548981562.5,-38.65674
6548982500.0,-38.65679
6548983437.5,-38.66727
6548984375.0,-38.64246
6548985312.5,-38.64968
6548986250.0,-38.65846
6548987187.5,-38.65417
6548988125.0,-38.62924
6548989062.5,-38.64112
6548990000.0,-38.64358
6548990937.5,-38.6511
6548991875.0,-38.64295
6548992812.5,-38.65498
6548993750.0,-38.63245
6548994687.5,-38.63606
6548995625.0,-38.65418
6548996562.5,-38.64098
6548997500.0,-38.64211
6548998437.5,-38.64828
6548999375.0,-38.64533
6549000312.5,-38.64757
6549001250.0,-38.63514
6549002187.5,-38.64247
6549003125.0,-38.64103
6549004062.5,-38.63851
6549005000.0,-38.63768
6549005937.5,-38.64255
6549006875.0,-38.63803
6549007812.5,-38.64325
6549008750.0,-38.6305
6549009687.5,-38.62414
6549010625.0,-38.61716
6549011562.5,-38.63954
6549012500.0,-38.62174
6549013437.5,-38.63277
6549014375.0,-38.61938
6549015312.5,-38.62191
6549016250.0,-38.64233
6549017187.5,-38.63138
6549018125.0,-38.60894
6549019062.5,-38.63074
6549020000.0,-38.62317
6549020937.5,-38.62769
6549021875.0,-38.61984
6549022812.5,-38.62231
6549023750.0,-38.62249
6549024687.5,-38.63756
6549025625.0,-38.61927
6549026562.5,-38.62158
6549027500.0,-38.63237
6549028437.5,-38.63973
6549029375.0,-38.62233
6549030312.5,-38.61806
6549031250.0,-38.6186
6549032187.5,-38.6198
6549033125.0,-38.61961
6549034062.5,-38.61677
6549035000.0,-38.61593
6549035937.5,-38.61433
6549036875.0,-38.61569
6549037812.5,-38.61254
6549038750.0,-38.628
6549039687.5,-38.60393
6549040625.0,-38.60042
6549041562.5,-38.61806
6549042500.0,-38.59957
6549043437.5,-38.60575
6549044375.0,-38.61135
6549045312.5,-38.60627
6549046250.0,-38.60019
6549047187.5,-38.61624
6549048125.0,-38.61205
6549049062.5,-38.62333
6549050000.0,-38.61034
6549050937.5,-38.61191
6549051875.0,-38.60557
6549052812.5,-38.61122
6549053750.0,-38.61132
6549054687.5,-38.60521
6549055625.0,-38.59949
6549056562.5,-38.59171
6549057500.0,-38.59996
6549058437.5,-38.6056
6549059375.0,-38.60653
6549060312.5,-38.60859
6549061250.0,-38.60746
6549062187.5,-38.60483
6549063125.0,-38.6106
6549064062.5,-38.601
6549065000.0,-38.5913
6549065937.5,-38.60498
6549066875.0,-38.60507
6549067812.5,-38.57721
6549068750.0,-38.58656
6549069687.5,-38.58661
6549070625.0,-38.59457
6549071562.5,-38.59642
6549072500.0,-38.59968
6549073437.5,-38.58891
6549074375.0,-38.60331
6549075312.5,-38.59806
6549076250.0,-38.58153
6549077187.5,-38.59626
6549078125.0,-38.58466
6549079062.5,-38.58349
6549080000.0,-38.57651
6549080937.5,-38.59063
6549081875.0,-38.58847
6549082812.5,-38.58675
6549083750.0,-38.58023
6549084687.5,-38.58632
6549085625.0,-38.57663
6549086562.5,-38.58879
6549087500.0,-38.5812
6549088437.5,-38.57846
6549089375.0,-38.58589
6549090312.5,-38.5731
6549091250.0,-38.58247
6549092187.5,-38.5788
6549093125.0,-38.57715
6549094062.5,-38.57421
6549095000.0,-38.58349
6549095937.5,-38.58585
6549096875.0,-38.57625
6549097812.5,-38.58579
6549098750.0,-38.5729
6549099687.5,-38.57336
6549100625.0,-38.58764
6549101562.5,-38.55222
6549102500.0,-38.56988
6549103437.5,-38.57698
6549104375.0,-38.58531
6549105312.5,-38.56724
6549106250.0,-38.58495
6549107187.5,-38.57502
6549108125.0,-38.56038
6549109062.5,-38.57626
6549110000.0,-38.56915
6549110937.5,-38.58354
6549111875.0,-38.56944
6549112812.5,-38.57553
6549113750.0,-38.5738
6549114687.5,-38.56169
6549115625.0,-38.56297
6549116562.5,-38.57178
6549117500.0,-38.55687
6549118437.5,-38.54131
6549119375.0,-38.557
6549120312.5,-38.55452
6549121250.0,-38.56444
6549122187.5,-38.56441
6549123125.0,-38.56894
6549124062.5,-38.5585
6549125000.0,-38.54716
6549125937.5,-38.54892
6549126875.0,-38.55317
6549127812.5,-38.55479
6549128750.0,-38.5684
6549129687.5,-38.57448
6549130625.0,-38.55205
6549131562.5,-38.56588
6549132500.0,-38.56285
6549133437.5,-38.55415
6549134375.0,-38.55326
6549135312.5,-38.55758
6549136250.0,-38.55936
6549137187.5,-38.56306
6549138125.0,-38.53897
6549139062.5,-38.56068
6549140000.0,-38.57294
6549140937.5,-38.56453
6549141875.0,-38.55778
6549142812.5,-38.55415
6549143750.0,-38.54058
6549144687.5,-38.53762
6549145625.0,-38.5555
6549146562.5,-38.5512
6549147500.0,-38.53356
6549148437.5,-38.54582
6549149375.0,-38.54385
6549150312.5,-38.54865
6549151250.0,-38.55424
6549152187.5,-38.54011
6549153125.0,-38.52399
6549154062.5,-38.53107
6549155000.0,-38.55068
6549155937.5,-38.52804
6549156875.0,-38.54045
6549157812.5,-38.55649
6549158750.0,-38.55209
6549159687.5,-38.53863
6549160625.0,-38.53659
6549161562.5,-38.53955
6549162500.0,-38.53572
6549163437.5,-38.54004
6549164375.0,-38.51969
6549165312.5,-38.54586
6549166250.0,-38.52732
6549167187.5,-38.54088
6549168125.0,-38.52433
6549169062.5,-38.55537
6549170000.0,-38.52335
6549170937.5,-38.52977
6549171875.0,-38.53602
6549172812.5,-38.5317
6549173750.0,-38.52828
6549174687.5,-38.5157
6549175625.0,-38.52678
6549176562.5,-38.5401
6549177500.0,-38.52726
6549178437.5,-38.52719
6549179375.0,-38.53247
6549180312.5,-38.52114
6549181250.0,-38.54007
6549182187.5,-38.51204
6549183125.0,-38.53458
6549184062.5,-38.52457
6549185000.0,-38.51825
6549185937.5,-38.51883
6549186875.0,-38.52544
6549187812.5,-38.51594
6549188750.0,-38.54065
6549189687.5,-38.51769
6549190625.0,-38.51456
6549191562.5,-38.52325
6549192500.0,-38.52718
6549193437.5,-38.51041
6549194375.0,-38.50877
6549195312.5,-38.51792
6549196250.0,-38.51558
6549197187.5,-38.51788
6549198125.0,-38.5056
6549199062.5,-38.52917
6549200000.0,-38.49857
6549200937.5,-38.50181
6549201875.0,-38.50647
6549202812.5,-38.49965
6549203750.0,-38.50511
6549204687.5,-38.49958
6549205625.0,-38.51892
6549206562.5,-38.50751
6549207500.0,-38.51168
6549208437.5,-38.52063
6549209375.0,-38.50755
6549210312.5,-38.50751
6549211250.0,-38.4948
6549212187.5,-38.51086
6549213125.0,-38.50806
6549214062.5,-38.50604
6549215000.0,-38.5197
6549215937.5,-38.48624
6549216875.0,-38.50948
6549217812.5,-38.50333
6549218750.0,-38.50016
6549219687.5,-38.493
6549220625.0,-38.49109
6549221562.5,-38.49709
6549222500.0,-38.49809
6549223437.5,-38.4813
6549224375.0,-38.49879
6549225312.5,-38.48708
6549226250.0,-38.50064
6549227187.5,-38.49463
6549228125.0,-38.48808
6549229062.5,-38.49055
6549230000.0,-38.4886
6549230937.5,-38.50381
6549231875.0,-38.50742
6549232812.5,-38.49328
6549233750.0,-38.50282
6549234687.5,-38.48323
6549235625.0,-38.49411
6549236562.5,-38.48531
6549237500.0,-38.48354
6549238437.5,-38.49141
6549239375.0,-38.49099
6549240312.5,-38.4894
6549241250.0,-38.48819
6549242187.5,-38.47236
6549243125.0,-38.47618
6549244062.5,-38.4776
6549245000.0,-38.47862
6549245937.5,-38.48178
6549246875.0,-38.47234
6549247812.5,-38.47433
6549248750.0,-38.48541
6549249687.5,-38.48511
6549250625.0,-38.47828
6549251562.5,-38.48855
6549252500.0,-38.49162
6549253437.5,-38.47932
6549254375.0,-38.47832
6549255312.5,-38.46489
6549256250.0,-38.4746
6549257187.5,-38.47426
6549258125.0,-38.47263
6549259062.5,-38.46663
6549260000.0,-38.47321
6549260937.5,-38.46352
6549261875.0,-38.48149
6549262812.5,-38.46168
6549263750.0,-38.47633
6549264687.5,-38.45563
6549265625.0,-38.47194
6549266562.5,-38.4716
6549267500.0,-38.45616
6549268437.5,-38.46342
6549269375.0,-38.46643
6549270312.5,-38.46347
6549271250.0,-38.46866
6549272187.5,-38.46064
6549273125.0,-38.44921
6549274062.5,-38.48527
6549275000.0,-38.46421
6549275937.5,-38.46775
6549276875.0,-38.45622
6549277812.5,-38.44236
6549278750.0,-38.47032
6549279687.5,-38.44942
6549280625.0,-38.46131
6549281562.5,-38.46356
6549282500.0,-38.45813
6549283437.5,-38.45858
6549284375.0,-38.46143
6549285312.5,-38.46558
6549286250.0,-38.45612
6549287187.5,-38.46046
6549288125.0,-38.45267
6549289062.5,-38.46648
6549290000.0,-38.45571
6549290937.5,-38.45623
6549291875.0,-38.4512
6549292812.5,-38.46091
6549293750.0,-38.45623
6549294687.5,-38.44632
6549295625.0,-38.45379
6549296562.5,-38.43427
6549297500.0,-38.44723
6549298437.5,-38.43674
6549299375.0,-38.4478
6549300312.5,-38.44065
6549301250.0,-38.43914
6549302187.5,-38.44193
6549303125.0,-38.43044
6549304062.5,-38.44225
6549305000.0,-38.449
6549305937.5,-38.44446
6549306875.0,-38.43961
6549307812.5,-38.45063
6549308750.0,-38.44447
6549309687.5,-38.4406
6549310625.0,-38.4486
6549311562.5,-38.4436
6549312500.0,-38.44333
6549313437.5,-38.43658
6549314375.0,-38.44669
6549315312.5,-38.44141
6549316250.0,-38.42628
6549317187.5,-38.43809
6549318125.0,-38.43383
6549319062.5,-38.42323
6549320000.0,-38.43456
6549320937.5,-38.45386
6549321875.0,-38.42061
6549322812.5,-38.4164
6549323750.0,-38.42793
6549324687.5,-38.43114
6549325625.0,-38.43817
6549326562.5,-38.4301
6549327500.0,-38.43543
6549328437.5,-38.4245
6549329375.0,-38.41974
6549330312.5,-38.43289
6549331250.0,-38.43012
6549332187.5,-38.42356
6549333125.0,-38.42978
6549334062.5,-38.42489
6549335000.0,-38.43108
6549335937.5,-38.42603
6549336875.0,-38.42548
6549337812.5,-38.41858
6549338750.0,-38.42588
6549339687.5,-38.40873
6549340625.0,-38.42538
6549341562.5,-38.41426
6549342500.0,-38.40511
6549343437.5,-38.42173
6549344375.0,-38.40663
6549345312.5,-38.41073
6549346250.0,-38.40958
6549347187.5,-38.415
6549348125.0,-38.41661
6549349062.5,-38.41933
6549350000.0,-38.40813
6549350937.5,-38.39522
6549351875.0,-38.4257
6549352812.5,-38.42099
6549353750.0,-38.41162
6549354687.5,-38.41537
6549355625.0,-38.41172
6549356562.5,-38.39632
6549357500.0,-38.4237
6549358437.5,-38.4038
6549359375.0,-38.417
6549360312.5,-38.40184
6549361250.0,-38.39175
6549362187.5,-38.40327
6549363125.0,-38.40672
6549364062.5,-38.41002
6549365000.0,-38.39802
6549365937.5,-38.41309
6549366875.0,-38.39497
6549367812.5,-38.40493
6549368750.0,-38.39954
6549369687.5,-38.387
6549370625.0,-38.38946
6549371562.5,-38.40009
6549372500.0,-38.3978
6549373437.5,-38.40373
6549374375.0,-38.38531
6549375312.5,-38.39817
6549376250.0,-38.39109
6549377187.5,-38.39938
6549378125.0,-38.40023
6549379062.5,-38.38234
6549380000.0,-38.39355
6549380937.5,-38.38095
6549381875.0,-38.38251
6549382812.5,-38.39325
6549383750.0,-38.38448
6549384687.5,-38.39661
6549385625.0,-38.37974
6549386562.5,-38.39337
6549387500.0,-38.38697
6549388437.5,-38.38342
6549389375.0,-38.39077
6549390312.5,-38.39079
6549391250.0,-38.39202
6549392187.5,-38.37631
6549393125.0,-38.37808
6549394062.5,-38.37991
6549395000.0,-38.36232
6549395937.5,-38.38764
6549396875.0,-38.3908
6549397812.5,-38.37518
6549398750.0,-38.39972
6549399687.5,-38.37527
6549400625.0,-38.3759
6549401562.5,-38.37517
6549402500.0,-38.38101
6549403437.5,-38.37714
6549404375.0,-38.37831
6549405312.5,-38.38081
6549406250.0,-38.38728
6549407187.5,-38.37446
6549408125.0,-38.37872
6549409062.5,-38.37518
6549410000.0,-38.37304
6549410937.5,-38.37635
6549411875.0,-38.37685
6549412812.5,-38.36651
6549413750.0,-38.3609
6549414687.5,-38.38055
6549415625.0,-38.36387
6549416562.5,-38.37296
6549417500.0,-38.37167
6549418437.5,-38.36124
6549419375.0,-38.36866
6549420312.5,-38.37822
6549421250.0,-38.35819
6549422187.5,-38.36765
6549423125.0,-38.35851
6549424062.5,-38.36729
6549425000.0,-38.3744
6549425937.5,-38.36398
6549426875.0,-38.36711
6549427812.5,-38.36315
6549428750.0,-38.34983
6549429687.5,-38.35218
6549430625.0,-38.35911
6549431562.5,-38.34984
6549432500.0,-38.35817
6549433437.5,-38.34976
6549434375.0,-38.35614
6549435312.5,-38.3592
6549436250.0,-38.36064
6549437187.5,-38.36861
6549438125.0,-38.35977
6549439062.5,-38.35426
6549440000.0,-38.34969
6549440937.5,-38.34455
6549441875.0,-38.36205
6549442812.5,-38.34909
6549443750.0,-38.33239
6549444687.5,-38.33569
6549445625.0,-38.34921
6549446562.5,-38.34233
6549447500.0,-38.36092
6549448437.5,-38.33985
6549449375.0,-38.34883
6549450312.5,-38.33588
6549451250.0,-38.34816
6549452187.5,-38.34207
6549453125.0,-38.33956
6549454062.5,-38.34894
6549455000.0,-38.32924
6549455937.5,-38.3217
6549456875.0,-38.34901
6549457812.5,-38.35352
6549458750.0,-38.35283
6549459687.5,-38.34593
6549460625.0,-38.33455
6549461562.5,-38.33597
6549462500.0,-38.34511
6549463437.5,-38.34783
6549464375.0,-38.33128
6549465312.5,-38.34855
6549466250.0,-38.35216
6549467187.5,-38.32578
6549468125.0,-38.34146
6549469062.5,-38.34029
6549470000.0,-38.32893
6549470937.5,-38.32963
6549471875.0,-38.33611
6549472812.5,-38.33128
6549473750.0,-38.32238
6549474687.5,-38.33348
6549475625.0,-38.33332
6549476562.5,-38.32685
6549477500.0,-38.32668
6549478437.5,-38.32714
6549479375.0,-38.32811
6549480312.5,-38.32817
6549481250.0,-38.32975
6549482187.5,-38.31653
6549483125.0,-38.32941
6549484062.5,-38.33531
6549485000.0,-38.30721
6549485937.5,-38.33214
6549486875.0,-38.30889
6549487812.5,-38.3357
6549488750.0,-38.33203
6549489687.5,-38.32522
6549490625.0,-38.32001
6549491562.5,-38.33344
6549492500.0,-38.32213
6549493437.5,-38.32752
6549494375.0,-38.31977
6549495312.5,-38.32042
6549496250.0,-38.31135
6549497187.5,-38.32174
6549498125.0,-38.31597
6549499062.5,-38.32108
6549500000.0,-38.3206
6549500937.5,-38.30348
6549501875.0,-38.31509
6549502812.5,-38.30431
6549503750.0,-38.31979
6549504687.5,-38.30121
6549505625.0,-38.30165
6549506562.5,-38.30466
6549507500.0,-38.30882
6549508437.5,-38.29697
6549509375.0,-38.32865
6549510312.5,-38.30689
6549511250.0,-38.3153
6549512187.5,-38.32072
6549513125.0,-38.29905
6549514062.5,-38.30349
6549515000.0,-38.30497
6549515937.5,-38.31008
6549516875.0,-38.28973
6549517812.5,-38.30121
6549518750.0,-38.31614
6549519687.5,-38.29642
6549520625.0,-38.29598
6549521562.5,-38.30432
6549522500.0,-38.31554
6549523437.5,-38.29068
6549524375.0,-38.28647
6549525312.5,-38.27938
6549526250.0,-38.29973
6549527187.5,-38.31515
6549528125.0,-38.28408
6549529062.5,-38.28961
6549530000.0,-38.3096
6549530937.5,-38.29135
6549531875.0,-38.28511
6549532812.5,-38.29038
6549533750.0,-38.29575
6549534687.5,-38.28744
6549535625.0,-38.29523
6549536562.5,-38.28155
6549537500.0,-38.28504
6549538437.5,-38.27683
6549539375.0,-38.29427
6549540312.5,-38.27476
6549541250.0,-38.29173
6549542187.5,-38.28347
6549543125.0,-38.28161
6549544062.5,-38.28247
6549545000.0,-38.291
6549545937.5,-38.28304
6549546875.0,-38.29019
6549547812.5,-38.28286
6549548750.0,-38.28091
6549549687.5,-38.28891
6549550625.0,-38.27782
6549551562.5,-38.28396
6549552500.0,-38.28543
6549553437.5,-38.28049
6549554375.0,-38.2693
6549555312.5,-38.26823
6549556250.0,-38.27341
6549557187.5,-38.26699
6549558125.0,-38.267
6549559062.5,-38.26362
6549560000.0,-38.27063
6549560937.5,-38.27171
6549561875.0,-38.27058
6549562812.5,-38.28422
6549563750.0,-38.27166
6549564687.5,-38.27254
6549565625.0,-38.27214
6549566562.5,-38.25883
6549567500.0,-38.25467
6549568437.5,-38.2636
6549569375.0,-38.26698
6549570312.5,-38.25983
6549571250.0,-38.27005
6549572187.5,-38.27563
6549573125.0,-38.27177
6549574062.5,-38.26574
6549575000.0,-38.26398
6549575937.5,-38.27507
6549576875.0,-38.26445
6549577812.5,-38.27021
6549578750.0,-38.2724
6549579687.5,-38.26589
6549580625.0,-38.26862
6549581562.5,-38.26075
6549582500.0,-38.25798
6549583437.5,-38.24813
6549584375.0,-38.25412
6549585312.5,-38.25952
6549586250.0,-38.25766
6549587187.5,-38.26276
6549588125.0,-38.25275
6549589062.5,-38.25391
6549590000.0,-38.25638
6549590937.5,-38.26052
6549591875.0,-38.25481
6549592812.5,-38.24907
6549593750.0,-38.26464
6549594687.5,-38.268
6549595625.0,-38.25412
6549596562.5,-38.24337
6549597500.0,-38.23976
6549598437.5,-38.23776
6549599375.0,-38.23801
6549600312.5,-38.24387
6549601250.0,-38.24875
6549602187.5,-38.25475
6549603125.0,-38.23632
6549604062.5,-38.23331
6549605000.0,-38.24121
6549605937.5,-38.25558
6549606875.0,-38.2292
6549607812.5,-38.24627
6549608750.0,-38.24418
6549609687.5,-38.23544
6549610625.0,-38.23876
6549611562.5,-38.24626
6549612500.0,-38.23564
6549613437.5,-38.25507
6549614375.0,-38.23665
6549615312.5,-38.23496
6549616250.0,-38.22836
6549617187.5,-38.22591
6549618125.0,-38.23151
6549619062.5,-38.24522
6549620000.0,-38.24921
6549620937.5,-38.22494
6549621875.0,-38.22707
6549622812.5,-38.23646
6549623750.0,-38.23288
6549624687.5,-38.21798
6549625625.0,-38.23159
6549626562.5,-38.23032
6549627500.0,-38.22776
6549628437.5,-38.24027
6549629375.0,-38.23495
6549630312.5,-38.23254
6549631250.0,-38.22998
6549632187.5,-38.22039
6549633125.0,-38.21999
6549634062.5,-38.22322
6549635000.0,-38.22704
6549635937.5,-38.22466
6549636875.0,-38.22147
6549637812.5,-38.23213
6549638750.0,-38.20898
6549639687.5,-38.2311
6549640625.0,-38.22075
6549641562.5,-38.22644
6549642500.0,-38.20528
6549643437.5,-38.21963
6549644375.0,-38.21917
6549645312.5,-38.20996
6549646250.0,-38.22763
6549647187.5,-38.2326
6549648125.0,-38.21727
6549649062.5,-38.22675
6549650000.0,-38.20227
6549650937.5,-38.2023
6549651875.0,-38.2012
6549652812.5,-38.20906
6549653750.0,-38.20352
6549654687.5,-38.20153
6549655625.0,-38.20797
6549656562.5,-38.22712
6549657500.0,-38.196
6549658437.5,-38.19917
6549659375.0,-38.21374
6549660312.5,-38.20753
6549661250.0,-38.20111
6549662187.5,-38.2002
6549663125.0,-38.20731
6549664062.5,-38.19725
6549665000.0,-38.20725
6549665937.5,-38.20462
6549666875.0,-38.20932
6549667812.5,-38.20726
6549668750.0,-38.20932
6549669687.5,-38.21028
6549670625.0,-38.19986
6549671562.5,-38.20296
6549672500.0,-38.20635
6549673437.5,-38.1946
6549674375.0,-38.20361
6549675312.5,-38.18283
6549676250.0,-38.19093
6549677187.5,-38.19923
6549678125.0,-38.19366
6549679062.5,-38.18812
6549680000.0,-38.19014
6549680937.5,-38.19901
6549681875.0,-38.19247
6549682812.5,-38.17888
6549683750.0,-38.19356
6549684687.5,-38.18209
6549685625.0,-38.18233
6549686562.5,-38.18899
6549687500.0,-38.19875
6549688437.5,-38.2001
6549689375.0,-38.20216
6549690312.5,-38.18624
6549691250.0,-38.18208
6549692187.5,-38.19388
6549693125.0,-38.20633
6549694062.5,-38.1913
6549695000.0,-38.16747
6549695937.5,-38.18472
6549696875.0,-38.18619
6549697812.5,-38.17131
6549698750.0,-38.16786
6549699687.5,-38.17629
6549700625.0,-38.17861
6549701562.5,-38.18422
6549702500.0,-38.17703
6549703437.5,-38.18
6549704375.0,-38.18078
6549705312.5,-38.17312
6549706250.0,-38.16584
6549707187.5,-38.16729
6549708125.0,-38.173
6549709062.5,-38.18268
6549710000.0,-38.17146
6549710937.5,-38.1718
6549711875.0,-38.17158
6549712812.5,-38.16308
6549713750.0,-38.17508
6549714687.5,-38.1782
6549715625.0,-38.17193
6549716562.5,-38.17769
6549717500.0,-38.16903
6549718437.5,-38.17071
6549719375.0,-38.16553
6549720312.5,-38.17492
6549721250.0,-38.16911
6549722187.5,-38.1722
6549723125.0,-38.16943
6549724062.5,-38.1653
6549725000.0,-38.1679
6549725937.5,-38.16682
6549726875.0,-38.16772
6549727812.5,-38.17367
6549728750.0,-38.17429
6549729687.5,-38.15792
6549730625.0,-38.16994
6549731562.5,-38.17097
6549732500.0,-38.17453
6549733437.5,-38.1656
6549734375.0,-38.17328
6549735312.5,-38.15376
6549736250.0,-38.16162
6549737187.5,-38.15031
6549738125.0,-38.1641
6549739062.5,-38.17127
6549740000.0,-38.14865
6549740937.5,-38.15122
6549741875.0,-38.14956
6549742812.5,-38.16087
6549743750.0,-38.13687
6549744687.5,-38.15737
6549745625.0,-38.15912
6549746562.5,-38.13657
6549747500.0,-38.14289
6549748437.5,-38.15378
6549749375.0,-38.13747
6549750312.5,-38.14924
6549751250.0,-38.13679
6549752187.5,-38.15803
6549753125.0,-38.12812
6549754062.5,-38.14571
6549755000.0,-38.13432
6549755937.5,-38.14901
6549756875.0,-38.13192
6549757812.5,-38.1491
6549758750.0,-38.15136
6549759687.5,-38.12958
6549760625.0,-38.14868
6549761562.5,-38.14
6549762500.0,-38.12707
6549763437.5,-38.12814
6549764375.0,-38.12869
6549765312.5,-38.1345
6549766250.0,-38.13469
6549767187.5,-38.12938
6549768125.0,-38.12763
6549769062.5,-38.12794
6549770000.0,-38.12394
6549770937.5,-38.12257
6549771875.0,-38.139
6549772812.5,-38.12014
6549773750.0,-38.12539
6549774687.5,-38.13416
6549775625.0,-38.12797
6549776562.5,-38.1348
6549777500.0,-38.12426
6549778437.5,-38.12878
6549779375.0,-38.12165
6549780312.5,-38.12136
6549781250.0,-38.11346
6549782187.5,-38.1321
6549783125.0,-38.11304
6549784062.5,-38.12205
6549785000.0,-38.11451
6549785937.5,-38.12922
6549786875.0,-38.11194
6549787812.5,-38.11897
6549788750.0,-38.12085
6549789687.5,-38.11245
6549790625.0,-38.11249
6549791562.5,-38.11529
6549792500.0,-38.13242
6549793437.5,-38.12148
6549794375.0,-38.11703
6549795312.5,-38.11119
6549796250.0,-38.12925
6549797187.5,-38.11192
6549798125.0,-38.11319
6549799062.5,-38.13095
6549800000.0,-38.10724
6549800937.5,-38.12372
6549801875.0,-38.11155
6549802812.5,-38.11817
6549803750.0,-38.1126
6549804687.5,-38.10194
6549805625.0,-38.10184
6549806562.5,-38.10662
6549807500.0,-38.10962
6549808437.5,-38.09959
6549809375.0,-38.0887
6549810312.5,-38.10571
6549811250.0,-38.09998
6549812187.5,-38.10245
6549813125.0,-38.09207
6549814062.5,-38.09651
6549815000.0,-38.1104
6549815937.5,-38.11097
6549816875.0,-38.10384
6549817812.5,-38.10735
6549818750.0,-38.10133
6549819687.5,-38.09886
6549820625.0,-38.10011
6549821562.5,-38.11769
6549822500.0,-38.09208
6549823437.5,-38.08358
6549824375.0,-38.09601
6549825312.5,-38.09801
6549826250.0,-38.09518
6549827187.5,-38.08273
6549828125.0,-38.09767
6549829062.5,-38.0844
6549830000.0,-38.09267
6549830937.5,-38.08662
6549831875.0,-38.08704
6549832812.5,-38.09614
6549833750.0,-38.09048
6549834687.5,-38.08014
6549835625.0,-38.09042
6549836562.5,-38.08443
6549837500.0,-38.08403
6549838437.5,-38.09297
6549839375.0,-38.09446
6549840312.5,-38.09816
6549841250.0,-38.07133
6549842187.5,-38.08059
6549843125.0,-38.0701
6549844062.5,-38.08401
6549845000.0,-38.09745
6549845937.5,-38.07325
6549846875.0,-38.08379
6549847812.5,-38.09273
6549848750.0,-38.07878
6549849687.5,-38.08831
6549850625.0,-38.07397
6549851562.5,-38.07999
6549852500.0,-38.07912
6549853437.5,-38.09455
6549854375.0,-38.07124
6549855312.5,-38.07801
6549856250.0,-38.07397
6549857187.5,-38.07699
6549858125.0,-38.07928
6549859062.5,-38.07212
6549860000.0,-38.06899
6549860937.5,-38.08213
6549861875.0,-38.05527
6549862812.5,-38.05763
6549863750.0,-38.08114
6549864687.5,-38.08286
6549865625.0,-38.07971
6549866562.5,-38.0578
6549867500.0,-38.0743
6549868437.5,-38.0726
6549869375.0,-38.05334
6549870312.5,-38.05951
6549871250.0,-38.07262
6549872187.5,-38.05993
6549873125.0,-38.06755
6549874062.5,-38.06288
6549875000.0,-38.06002
6549875937.5,-38.06584
6549876875.0,-38.05395
6549877812.5,-38.04871
6549878750.0,-38.057
6549879687.5,-38.06484
6549880625.0,-38.06392
6549881562.5,-38.06257
6549882500.0,-38.05919
6549883437.5,-38.06418
6549884375.0,-38.0641
6549885312.5,-38.0631
6549886250.0,-38.04771
6549887187.5,-38.04249
6549888125.0,-38.07033
6549889062.5,-38.07645
6549890000.0,-38.0411
6549890937.5,-38.04757
6549891875.0,-38.05509
6549892812.5,-38.03955
6549893750.0,-38.04829
6549894687.5,-38.05894
6549895625.0,-38.03395
6549896562.5,-38.0466
6549897500.0,-38.04031
6549898437.5,-38.03543
6549899375.0,-38.03728
6549900312.5,-38.03138
6549901250.0,-38.04141
6549902187.5,-38.04023
6549903125.0,-38.04108
6549904062.5,-38.02704
6549905000.0,-38.03912
6549905937.5,-38.05272
6549906875.0,-38.03771
6549907812.5,-38.03839
6549908750.0,-38.02391
6549909687.5,-38.02809
6549910625.0,-38.0433
6549911562.5,-38.03558
6549912500.0,-38.02933
6549913437.5,-38.03631
6549914375.0,-38.03162
6549915312.5,-38.04246
6549916250.0,-38.02126
6549917187.5,-38.02348
6549918125.0,-38.02651
6549919062.5,-38.03138
6549920000.0,-38.02771
6549920937.5,-38.0176
6549921875.0,-38.01439
6549922812.5,-38.03698
6549923750.0,-38.02967
6549924687.5,-38.03242
6549925625.0,-38.028
6549926562.5,-38.02702
6549927500.0,-38.01823
6549928437.5,-38.01957
6549929375.0,-38.01745
6549930312.5,-38.02952
6549931250.0,-38.00549
6549932187.5,-38.03335
6549933125.0,-38.01832
6549934062.5,-38.02174
6549935000.0,-38.03034
6549935937.5,-38.0307
6549936875.0,-38.0219
6549937812.5,-38.01677
6549938750.0,-37.99658
6549939687.5,-38.0125
6549940625.0,-38.006
6549941562.5,-38.02713
6549942500.0,-38.02308
6549943437.5,-38.00867
6549944375.0,-38.0129
6549945312.5,-38.03309
6549946250.0,-38.02101
6549947187.5,-38.02142
6549948125.0,-38.0068
6549949062.5,-38.01432
6549950000.0,-38.00273
6549950937.5,-38.0175
6549951875.0,-38.00985
6549952812.5,-38.00185
6549953750.0,-38.01018
6549954687.5,-38.00649
6549955625.0,-37.98925
6549956562.5,-37.99921
6549957500.0,-37.99447
6549958437.5,-38.01323
6549959375.0,-38.0039
6549960312.5,-37.98681
6549961250.0,-37.99557
6549962187.5,-37.9862
6549963125.0,-38.00778
6549964062.5,-37.99686
6549965000.0,-38.00537
6549965937.5,-38.00191
6549966875.0,-37.99121
6549967812.5,-38.00454
6549968750.0,-37.98746
6549969687.5,-37.98924
6549970625.0,-37.99924
6549971562.5,-37.99417
6549972500.0,-37.9951
6549973437.5,-37.98842
6549974375.0,-37.98812
6549975312.5,-37.97857
6549976250.0,-37.98841
6549977187.5,-37.99573
6549978125.0,-37.9854
6549979062.5,-37.99092
6549980000.0,-37.97625
6549980937.5,-37.9981
6549981875.0,-37.98468
6549982812.5,-37.98581
6549983750.0,-37.98228
6549984687.5,-37.98775
6549985625.0,-37.99181
6549986562.5,-37.9709
6549987500.0,-37.98567
6549988437.5,-37.97671
6549989375.0,-37.98452
6549990312.5,-37.98145
6549991250.0,-37.96772
6549992187.5,-37.97221
6549993125.0,-37.97507
6549994062.5,-37.97742
6549995000.0,-37.9745
6549995937.5,-37.98319
6549996875.0,-37.97631
6549997812.5,-37.96948
6549998750.0,-37.99006
6549999687.5,-37.96815
6550000625.0,-37.97389
6550001562.5,-37.96149
6550002500.0,-37.97716
6550003437.5,-37.97302
6550004375.0,-37.96107
6550005312.5,-37.97471
6550006250.0,-37.96463
6550007187.5,-37.97589
6550008125.0,-37.98457
6550009062.5,-37.96847
6550010000.0,-37.96421
6550010937.5,-37.9687
6550011875.0,-37.9725
6550012812.5,-37.9702
6550013750.0,-37.97474
6550014687.5,-37.96157
6550015625.0,-37.97143
6550016562.5,-37.9644
6550017500.0,-37.94396
6550018437.5,-37.94522
6550019375.0,-37.96898
6550020312.5,-37.96293
6550021250.0,-37.95588
6550022187.5,-37.9662
6550023125.0,-37.94524
6550024062.5,-37.95977
6550025000.0,-37.96153
6550025937.5,-37.95861
6550026875.0,-37.9489
6550027812.5,-37.96083
6550028750.0,-37.94004
6550029687.5,-37.94762
6550030625.0,-37.94582
6550031562.5,-37.95655
6550032500.0,-37.95224
6550033437.5,-37.95488
6550034375.0,-37.94975
6550035312.5,-37.94662
6550036250.0,-37.95483
6550037187.5,-37.93856
6550038125.0,-37.95904
6550039062.5,-37.95142
6550040000.0,-37.93724
6550040937.5,-37.95131
6550041875.0,-37.94785
6550042812.5,-37.93753
6550043750.0,-37.94522
6550044687.5,-37.94819
6550045625.0,-37.9487
6550046562.5,-37.93176
6550047500.0,-37.93642
6550048437.5,-37.95028
6550049375.0,-37.94613
6550050312.5,-37.95191
6550051250.0,-37.94014
6550052187.5,-37.94629
6550053125.0,-37.94061
6550054062.5,-37.94649
6550055000.0,-37.94406
6550055937.5,-37.94325
6550056875.0,-37.93959
6550057812.5,-37.93089
6550058750.0,-37.92891
6550059687.5,-37.92104
6550060625.0,-37.9361
6550061562.5,-37.91486
6550062500.0,-37.92525
6550063437.5,-37.93778
6550064375.0,-37.93602
6550065312.5,-37.93665
6550066250.0,-37.90963
6550067187.5,-37.91962
6550068125.0,-37.92445
6550069062.5,-37.92841
6550070000.0,-37.94488
6550070937.5,-37.93662
6550071875.0,-37.93256
6550072812.5,-37.91086
6550073750.0,-37.92233
6550074687.5,-37.92421
6550075625.0,-37.92279
6550076562.5,-37.91583
6550077500.0,-37.90888
6550078437.5,-37.92932
6550079375.0,-37.92366
6550080312.5,-37.91886
6550081250.0,-37.92526
6550082187.5,-37.91229
6550083125.0,-37.90877
6550084062.5,-37.92031
6550085000.0,-37.91774
6550085937.5,-37.90246
6550086875.0,-37.91511
6550087812.5,-37.90473
6550088750.0,-37.91184
6550089687.5,-37.9113
6550090625.0,-37.90575
6550091562.5,-37.91796
6550092500.0,-37.89787
6550093437.5,-37.90726
6550094375.0,-37.90944
6550095312.5,-37.91714
6550096250.0,-37.91208
6550097187.5,-37.90207
6550098125.0,-37.89212
6550099062.5,-37.91006
6550100000.0,-37.90737
6550100937.5,-37.90843
6550101875.0,-37.90282
6550102812.5,-37.89565
6550103750.0,-37.89766
6550104687.5,-37.89841
6550105625.0,-37.88786
6550106562.5,-37.89389
6550107500.0,-37.90508
6550108437.5,-37.89621
6550109375.0,-37.88658
6550110312.5,-37.8922
6550111250.0,-37.91054
6550112187.5,-37.89651
6550113125.0,-37.90304
6550114062.5,-37.8885
6550115000.0,-37.89937
6550115937.5,-37.88052
6550116875.0,-37.89597
6550117812.5,-37.88753
6550118750.0,-37.89368
6550119687.5,-37.88335
6550120625.0,-37.89063
6550121562.5,-37.88469
6550122500.0,-37.87384
6550123437.5,-37.87724
6550124375.0,-37.89654
6550125312.5,-37.8986
6550126250.0,-37.87745
6550127187.5,-37.87628
6550128125.0,-37.87313
6550129062.5,-37.87934
6550130000.0,-37.88184
6550130937.5,-37.88272
6550131875.0,-37.87468
6550132812.5,-37.88281
6550133750.0,-37.88231
6550134687.5,-37.87086
6550135625.0,-37.88655
6550136562.5,-37.88934
6550137500.0,-37.87526
6550138437.5,-37.87111
6550139375.0,-37.88037
6550140312.5,-37.88405
6550141250.0,-37.86744
6550142187.5,-37.87272
6550143125.0,-37.87975
6550144062.5,-37.87271
6550145000.0,-37.86071
6550145937.5,-37.87565
6550146875.0,-37.87069
6550147812.5,-37.85843
6550148750.0,-37.87199
6550149687.5,-37.86922
6550150625.0,-37.87042
6550151562.5,-37.8807
6550152500.0,-37.86829
6550153437.5,-37.85707
6550154375.0,-37.86248
6550155312.5,-37.87002
6550156250.0,-37.87085
6550157187.5,-37.84757
6550158125.0,-37.87328
6550159062.5,-37.85453
6550160000.0,-37.86613
6550160937.5,-37.85268
6550161875.0,-37.86271
6550162812.5,-37.86037
6550163750.0,-37.86061
6550164687.5,-37.85741
6550165625.0,-37.86697
6550166562.5,-37.8613
6550167500.0,-37.86372
6550168437.5,-37.86198
6550169375.0,-37.8692
6550170312.5,-37.85548
6550171250.0,-37.86333
6550172187.5,-37.84356
6550173125.0,-37.85757
6550174062.5,-37.85943
6550175000.0,-37.85415
6550175937.5,-37.84848
6550176875.0,-37.84214
6550177812.5,-37.85262
6550178750.0,-37.84827
6550179687.5,-37.84925
6550180625.0,-37.84922
6550181562.5,-37.84431
6550182500.0,-37.84411
6550183437.5,-37.83768
6550184375.0,-37.85466
6550185312.5,-37.83305
6550186250.0,-37.85097
6550187187.5,-37.84259
6550188125.0,-37.83036
6550189062.5,-37.84241
6550190000.0,-37.84685
6550190937.5,-37.8452
6550191875.0,-37.82526
6550192812.5,-37.83768
6550193750.0,-37.81789
6550194687.5,-37.84876
6550195625.0,-37.83924
6550196562.5,-37.84316
6550197500.0,-37.83147
6550198437.5,-37.83757
6550199375.0,-37.84752
6550200312.5,-37.83957
6550201250.0,-37.83015
6550202187.5,-37.8292
6550203125.0,-37.82553
6550204062.5,-37.83183
6550205000.0,-37.83141
6550205937.5,-37.82504
6550206875.0,-37.82782
6550207812.5,-37.82872
6550208750.0,-37.83063
6550209687.5,-37.83413
6550210625.0,-37.82554
6550211562.5,-37.81675
6550212500.0,-37.83344
6550213437.5,-37.8125
6550214375.0,-37.84243
6550215312.5,-37.82048
6550216250.0,-37.8284
6550217187.5,-37.8193
6550218125.0,-37.80922
6550219062.5,-37.8083
6550220000.0,-37.82685
6550220937.5,-37.81298
6550221875.0,-37.8215
6550222812.5,-37.82129
6550223750.0,-37.80984
6550224687.5,-37.80899
6550225625.0,-37.81749
6550226562.5,-37.80748
6550227500.0,-37.81764
6550228437.5,-37.81099
6550229375.0,-37.79713
6550230312.5,-37.82119
6550231250.0,-37.81862
6550232187.5,-37.8084
6550233125.0,-37.79684
6550234062.5,-37.80513
6550235000.0,-37.80165
6550235937.5,-37.81833
6550236875.0,-37.81388
6550237812.5,-37.79327
6550238750.0,-37.80666
6550239687.5,-37.8092
6550240625.0,-37.80488
6550241562.5,-37.80759
6550242500.0,-37.80492
6550243437.5,-37.80737
6550244375.0,-37.81125
6550245312.5,-37.80277
6550246250.0,-37.7967
6550247187.5,-37.80151
6550248125.0,-37.79461
6550249062.5,-37.80146
6550250000.0,-37.78865
6550250937.5,-37.79139
6550251875.0,-37.80362
6550252812.5,-37.7965
6550253750.0,-37.79025
6550254687.5,-37.7973
6550255625.0,-37.8033
6550256562.5,-37.79086
6550257500.0,-37.79074
6550258437.5,-37.80218
6550259375.0,-37.8027
6550260312.5,-37.78114
6550261250.0,-37.77897
6550262187.5,-37.78654
6550263125.0,-37.8056
6550264062.5,-37.78549
6550265000.0,-37.78939
6550265937.5,-37.77448
6550266875.0,-37.77643
6550267812.5,-37.78978
6550268750.0,-37.7901
6550269687.5,-37.78485
6550270625.0,-37.79184
6550271562.5,-37.78132
6550272500.0,-37.79306
6550273437.5,-37.78149
6550274375.0,-37.78211
6550275312.5,-37.7792
6550276250.0,-37.77778
6550277187.5,-37.79063
6550278125.0,-37.78195
6550279062.5,-37.77945
6550280000.0,-37.76123
6550280937.5,-37.76977
6550281875.0,-37.78294
6550282812.5,-37.77072
6550283750.0,-37.77445
6550284687.5,-37.76928
6550285625.0,-37.78385
6550286562.5,-37.79025
6550287500.0,-37.77152
6550288437.5,-37.76389
6550289375.0,-37.77593
6550290312.5,-37.76614
6550291250.0,-37.76577
6550292187.5,-37.75478
6550293125.0,-37.76133
6550294062.5,-37.77378
6550295000.0,-37.76653
6550295937.5,-37.75631
6550296875.0,-37.76934
6550297812.5,-37.76177
6550298750.0,-37.76608
6550299687.5,-37.76808
6550300625.0,-37.76106
6550301562.5,-37.76856
6550302500.0,-37.7611
6550303437.5,-37.77181
6550304375.0,-37.75904
6550305312.5,-37.77857
6550306250.0,-37.76978
6550307187.5,-37.7451
6550308125.0,-37.76307
6550309062.5,-37.76577
6550310000.0,-37.74856
6550310937.5,-37.75475
6550311875.0,-37.7572
6550312812.5,-37.76239
6550313750.0,-37.76523
6550314687.5,-37.75721
6550315625.0,-37.75188
6550316562.5,-37.75635
6550317500.0,-37.74566
6550318437.5,-37.75323
6550319375.0,-37.75108
6550320312.5,-37.74543
6550321250.0,-37.75276
6550322187.5,-37.75788
6550323125.0,-37.74251
6550324062.5,-37.73325
6550325000.0,-37.74121
6550325937.5,-37.75181
6550326875.0,-37.74472
6550327812.5,-37.7421
6550328750.0,-37.73398
6550329687.5,-37.75411
6550330625.0,-37.72746
6550331562.5,-37.73319
6550332500.0,-37.72988
6550333437.5,-37.73064
6550334375.0,-37.7402
6550335312.5,-37.73709
6550336250.0,-37.71939
6550337187.5,-37.73828
6550338125.0,-37.72731
6550339062.5,-37.73656
6550340000.0,-37.72731
6550340937.5,-37.7309
6550341875.0,-37.73434
6550342812.5,-37.72828
6550343750.0,-37.72865
6550344687.5,-37.74236
6550345625.0,-37.73355
6550346562.5,-37.7321
6550347500.0,-37.71148
6550348437.5,-37.73036
6550349375.0,-37.72918
6550350312.5,-37.71986
6550351250.0,-37.7165
6550352187.5,-37.72267
6550353125.0,-37.71475
6550354062.5,-37.72363
6550355000.0,-37.72664
6550355937.5,-37.73625
6550356875.0,-37.72382
6550357812.5,-37.72046
6550358750.0,-37.70136
6550359687.5,-37.7273
6550360625.0,-37.71544
6550361562.5,-37.71503
6550362500.0,-37.71777
6550363437.5,-37.71598
6550364375.0,-37.71774
6550365312.5,-37.70373
6550366250.0,-37.71628
6550367187.5,-37.71355
6550368125.0,-37.72013
6550369062.5,-37.70324
6550370000.0,-37.71084
6550370937.5,-37.71227
6550371875.0,-37.7324
6550372812.5,-37.70826
6550373750.0,-37.69604
6550374687.5,-37.71885
6550375625.0,-37.70852
6550376562.5,-37.71395
6550377500.0,-37.70963
6550378437.5,-37.71742
6550379375.0,-37.70144
6550380312.5,-37.70648
6550381250.0,-37.71276
6550382187.5,-37.70015
6550383125.0,-37.70066
6550384062.5,-37.70773
6550385000.0,-37.71234
6550385937.5,-37.70025
6550386875.0,-37.69193
6550387812.5,-37.69965
6550388750.0,-37.69452
6550389687.5,-37.69271
6550390625.0,-37.6997
6550391562.5,-37.70265
6550392500.0,-37.69045
6550393437.5,-37.68587
6550394375.0,-37.71226
6550395312.5,-37.69493
6550396250.0,-37.69786
6550397187.5,-37.6916
6550398125.0,-37.69431
6550399062.5,-37.69344
6550400000.0,-37.7023
6550400937.5,-37.67816
6550401875.0,-37.6747
6550402812.5,-37.69105
6550403750.0,-37.69552
6550404687.5,-37.67921
6550405625.0,-37.68595
6550406562.5,-37.6858
6550407500.0,-37.67233
6550408437.5,-37.69471
6550409375.0,-37.68463
6550410312.5,-37.67878
6550411250.0,-37.68175
6550412187.5,-37.68867
6550413125.0,-37.67507
6550414062.5,-37.67113
6550415000.0,-37.66276
6550415937.5,-37.69218
6550416875.0,-37.67215
6550417812.5,-37.67598
6550418750.0,-37.67395
6550419687.5,-37.66644
6550420625.0,-37.67513
6550421562.5,-37.68085
6550422500.0,-37.6767
6550423437.5,-37.67782
6550424375.0,-37.67098
6550425312.5,-37.67876
6550426250.0,-37.67941
6550427187.5,-37.65363
6550428125.0,-37.67506
6550429062.5,-37.66279
6550430000.0,-37.67723
6550430937.5,-37.67221
6550431875.0,-37.65714
6550432812.5,-37.66843
6550433750.0,-37.66676
6550434687.5,-37.66729
6550435625.0,-37.67242
6550436562.5,-37.65533
6550437500.0,-37.65999
6550438437.5,-37.6548
6550439375.0,-37.65496
6550440312.5,-37.6708
6550441250.0,-37.65746
6550442187.5,-37.6663
6550443125.0,-37.65563
6550444062.5,-37.64864
6550445000.0,-37.65939
6550445937.5,-37.66036
6550446875.0,-37.65825
6550447812.5,-37.66734
6550448750.0,-37.64901
6550449687.5,-37.66171
6550450625.0,-37.64166
6550451562.5,-37.63249
6550452500.0,-37.66283
6550453437.5,-37.65176
6550454375.0,-37.65787
6550455312.5,-37.65342
6550456250.0,-37.64499
6550457187.5,-37.65004
6550458125.0,-37.65193
6550459062.5,-37.65587
6550460000.0,-37.64662
6550460937.5,-37.65693
6550461875.0,-37.63421
6550462812.5,-37.65117
6550463750.0,-37.65003
6550464687.5,-37.6464
6550465625.0,-37.63153
6550466562.5,-37.63673
6550467500.0,-37.63659
6550468437.5,-37.63515
6550469375.0,-37.63627
6550470312.5,-37.6398
6550471250.0,-37.64238
6550472187.5,-37.64193
6550473125.0,-37.62761
6550474062.5,-37.63613
6550475000.0,-37.62839
6550475937.5,-37.64375
6550476875.0,-37.63522
6550477812.5,-37.62201
6550478750.0,-37.63873
6550479687.5,-37.63574
6550480625.0,-37.63417
6550481562.5,-37.62313
6550482500.0,-37.6336
6550483437.5,-37.64268
6550484375.0,-37.62426
6550485312.5,-37.62613
6550486250.0,-37.62466
6550487187.5,-37.62213
6550488125.0,-37.62736
6550489062.5,-37.62168
6550490000.0,-37.63519
6550490937.5,-37.62163
6550491875.0,-37.62798
6550492812.5,-37.62533
6550493750.0,-37.614
6550494687.5,-37.61539
6550495625.0,-37.6104
6550496562.5,-37.61385
6550497500.0,-37.62755
6550498437.5,-37.62923
6550499375.0,-37.62373
6550500312.5,-37.6152
6550501250.0,-37.6154
6550502187.5,-37.61038
6550503125.0,-37.62022
6550504062.5,-37.61874
6550505000.0,-37.61169
6550505937.5,-37.61198
6550506875.0,-37.6322
6550507812.5,-37.62171
6550508750.0,-37.61704
6550509687.5,-37.61003
6550510625.0,-37.62318
6550511562.5,-37.61473
6550512500.0,-37.60836
6550513437.5,-37.59913
6550514375.0,-37.60567
6550515312.5,-37.61986
6550516250.0,-37.60544
6550517187.5,-37.60725
6550518125.0,-37.60437
6550519062.5,-37.60061
6550520000.0,-37.59679
6550520937.5,-37.60751
6550521875.0,-37.5903
6550522812.5,-37.59758
6550523750.0,-37.60711
6550524687.5,-37.59151
6550525625.0,-37.5991
6550526562.5,-37.58847
6550527500.0,-37.58448
6550528437.5,-37.59797
6550529375.0,-37.59174
6550530312.5,-37.59554
6550531250.0,-37.60387
6550532187.5,-37.59808
6550533125.0,-37.59685
6550534062.5,-37.60168
6550535000.0,-37.60456
6550535937.5,-37.58709
6550536875.0,-37.58444
6550537812.5,-37.59362
6550538750.0,-37.58279
6550539687.5,-37.59393
6550540625.0,-37.58723
6550541562.5,-37.59856
6550542500.0,-37.59598
6550543437.5,-37.58503
6550544375.0,-37.58747
6550545312.5,-37.58307
6550546250.0,-37.57634
6550547187.5,-37.58186
6550548125.0,-37.585
6550549062.5,-37.57387
6550550000.0,-37.59882
6550550937.5,-37.58849
6550551875.0,-37.59068
6550552812.5,-37.57637
6550553750.0,-37.57396
6550554687.5,-37.57071
6550555625.0,-37.58207
6550556562.5,-37.56411
6550557500.0,-37.56886
6550558437.5,-37.58686
6550559375.0,-37.56527
6550560312.5,-37.56802
6550561250.0,-37.57167
6550562187.5,-37.58164
6550563125.0,-37.56684
6550564062.5,-37.57858
6550565000.0,-37.58159
6550565937.5,-37.5754
6550566875.0,-37.57775
6550567812.5,-37.58158
6550568750.0,-37.57195
6550569687.5,-37.57082
6550570625.0,-37.55224
6550571562.5,-37.55933
6550572500.0,-37.56202
6550573437.5,-37.5692
6550574375.0,-37.56699
6550575312.5,-37.57159
6550576250.0,-37.559
6550577187.5,-37.54996
6550578125.0,-37.55651
6550579062.5,-37.567
6550580000.0,-37.57125
6550580937.5,-37.558
6550581875.0,-37.56008
6550582812.5,-37.55752
6550583750.0,-37.56076
6550584687.5,-37.55558
6550585625.0,-37.55309
6550586562.5,-37.5566
6550587500.0,-37.55709
6550588437.5,-37.54482
6550589375.0,-37.55474
6550590312.5,-37.54633
6550591250.0,-37.53968
6550592187.5,-37.55283
6550593125.0,-37.56445
6550594062.5,-37.55305
6550595000.0,-37.53643
6550595937.5,-37.55046
6550596875.0,-37.53839
6550597812.5,-37.53753
6550598750.0,-37.5354
6550599687.5,-37.53772
6550600625.0,-37.5412
6550601562.5,-37.52837
6550602500.0,-37.54431
6550603437.5,-37.54433
6550604375.0,-37.54856
6550605312.5,-37.54138
6550606250.0,-37.55578
6550607187.5,-37.54048
6550608125.0,-37.54952
6550609062.5,-37.54366
6550610000.0,-37.53364
6550610937.5,-37.53306
6550611875.0,-37.54362
6550612812.5,-37.53608
6550613750.0,-37.54513
6550614687.5,-37.53141
6550615625.0,-37.54162
6550616562.5,-37.53618
6550617500.0,-37.5311
6550618437.5,-37.53959
6550619375.0,-37.53942
6550620312.5,-37.51417
6550621250.0,-37.53139
6550622187.5,-37.53133
6550623125.0,-37.53148
6550624062.5,-37.51982
6550625000.0,-37.51894
6550625937.5,-37.53572
6550626875.0,-37.51889
6550627812.5,-37.52948
6550628750.0,-37.5134
6550629687.5,-37.51266
6550630625.0,-37.52045
6550631562.5,-37.51838
6550632500.0,-37.51705
6550633437.5,-37.52468
6550634375.0,-37.52431
6550635312.5,-37.51795
6550636250.0,-37.52827
6550637187.5,-37.51197
6550638125.0,-37.52251
6550639062.5,-37.51554
6550640000.0,-37.51366
6550640937.5,-37.51756
6550641875.0,-37.52031
6550642812.5,-37.49642
6550643750.0,-37.51603
6550644687.5,-37.51104
6550645625.0,-37.51221
6550646562.5,-37.50462
6550647500.0,-37.5008
6550648437.5,-37.50741
6550649375.0,-37.51829
6550650312.5,-37.5076
6550651250.0,-37.5088
6550652187.5,-37.5058
6550653125.0,-37.48771
6550654062.5,-37.50526
6550655000.0,-37.50719
6550655937.5,-37.50468
6550656875.0,-37.49325
6550657812.5,-37.48672
6550658750.0,-37.52705
6550659687.5,-37.49324
6550660625.0,-37.50561
6550661562.5,-37.49604
6550662500.0,-37.5
6550663437.5,-37.49847
6550664375.0,-37.4972
6550665312.5,-37.49501
6550666250.0,-37.50818
6550667187.5,-37.49006
6550668125.0,-37.50046
6550669062.5,-37.50214
6550670000.0,-37.49545
6550670937.5,-37.48893
6550671875.0,-37.49004
6550672812.5,-37.50859
6550673750.0,-37.47623
6550674687.5,-37.49736
6550675625.0,-37.47935
6550676562.5,-37.4982
6550677500.0,-37.49792
6550678437.5,-37.48973
6550679375.0,-37.4892
6550680312.5,-37.48545
6550681250.0,-37.4823
6550682187.5,-37.48779
6550683125.0,-37.49245
6550684062.5,-37.47964
6550685000.0,-37.47626
6550685937.5,-37.47429
6550686875.0,-37.48922
6550687812.5,-37.48888
6550688750.0,-37.49377
6550689687.5,-37.48718
6550690625.0,-37.48324
6550691562.5,-37.47135
6550692500.0,-37.48051
6550693437.5,-37.46846
6550694375.0,-37.48391
6550695312.5,-37.48121
6550696250.0,-37.48064
6550697187.5,-37.47128
6550698125.0,-37.47054
6550699062.5,-37.47567
6550700000.0,-37.47136
6550700937.5,-37.46777
6550701875.0,-37.46524
6550702812.5,-37.47326
6550703750.0,-37.46917
6550704687.5,-37.45945
6550705625.0,-37.474
6550706562.5,-37.46766
6550707500.0,-37.46321
6550708437.5,-37.47267
6550709375.0,-37.45477
6550710312.5,-37.46025
6550711250.0,-37.46755
6550712187.5,-37.46484
6550713125.0,-37.47303
6550714062.5,-37.46894
6550715000.0,-37.44898
6550715937.5,-37.4638
6550716875.0,-37.45401
6550717812.5,-37.4542
6550718750.0,-37.44991
6550719687.5,-37.45472
6550720625.0,-37.46743
6550721562.5,-37.46182
6550722500.0,-37.45487
6550723437.5,-37.46826
6550724375.0,-37.4565
6550725312.5,-37.45074
6550726250.0,-37.45244
6550727187.5,-37.46334
6550728125.0,-37.46373
6550729062.5,-37.43496
6550730000.0,-37.44554
6550730937.5,-37.4655
6550731875.0,-37.44297
6550732812.5,-37.44395
6550733750.0,-37.43365
6550734687.5,-37.44226
6550735625.0,-37.44452
6550736562.5,-37.44494
6550737500.0,-37.44101
6550738437.5,-37.4472
6550739375.0,-37.44342
6550740312.5,-37.44232
6550741250.0,-37.45115
6550742187.5,-37.44093
6550743125.0,-37.43747
6550744062.5,-37.44707
6550745000.0,-37.43634
6550745937.5,-37.43042
6550746875.0,-37.4236
6550747812.5,-37.42466
6550748750.0,-37.433
6550749687.5,-37.43833
6550750625.0,-37.42482
6550751562.5,-37.44194
6550752500.0,-37.42411
6550753437.5,-37.43233
6550754375.0,-37.43433
6550755312.5,-37.44872
6550756250.0,-37.42936
6550757187.5,-37.44049
6550758125.0,-37.43432
6550759062.5,-37.42291
6550760000.0,-37.41816
6550760937.5,-37.42804
6550761875.0,-37.43559
6550762812.5,-37.42934
6550763750.0,-37.42723
6550764687.5,-37.42399
6550765625.0,-37.42062
6550766562.5,-37.42377
6550767500.0,-37.42146
6550768437.5,-37.41924
6550769375.0,-37.42502
6550770312.5,-37.41321
6550771250.0,-37.4123
6550772187.5,-37.42633
6550773125.0,-37.41864
6550774062.5,-37.42509
6550775000.0,-37.41125
6550775937.5,-37.42263
6550776875.0,-37.41749
6550777812.5,-37.42335
6550778750.0,-37.41954
6550779687.5,-37.41274
6550780625.0,-37.39772
6550781562.5,-37.40628
6550782500.0,-37.40685
6550783437.5,-37.4165
6550784375.0,-37.41104
6550785312.5,-37.40731
6550786250.0,-37.40953
6550787187.5,-37.40609
6550788125.0,-37.40835
6550789062.5,-37.40659
6550790000.0,-37.4029
6550790937.5,-37.41347
6550791875.0,-37.38961
6550792812.5,-37.40292
6550793750.0,-37.39888
6550794687.5,-37.40509
6550795625.0,-37.4029
6550796562.5,-37.39282
6550797500.0,-37.38968
6550798437.5,-37.40078
6550799375.0,-37.39603
6550800312.5,-37.3904
6550801250.0,-37.39353
6550802187.5,-37.38799
6550803125.0,-37.38791
6550804062.5,-37.39455
6550805000.0,-37.39351
6550805937.5,-37.38919
6550806875.0,-37.39054
6550807812.5,-37.39671
6550808750.0,-37.38538
6550809687.5,-37.38725
6550810625.0,-37.37954
6550811562.5,-37.37081
6550812500.0,-37.37749
6550813437.5,-37.38311
6550814375.0,-37.38851
6550815312.5,-37.37865
6550816250.0,-37.38164
6550817187.5,-37.38557
6550818125.0,-37.37722
6550819062.5,-37.39208
6550820000.0,-37.38759
6550820937.5,-37.37749
6550821875.0,-37.38234
6550822812.5,-37.38908
6550823750.0,-37.38554
6550824687.5,-37.38068
6550825625.0,-37.37564
6550826562.5,-37.37165
6550827500.0,-37.38637
6550828437.5,-37.38001
6550829375.0,-37.36173
6550830312.5,-37.38587
6550831250.0,-37.37748
6550832187.5,-37.3675
6550833125.0,-37.37469
6550834062.5,-37.38184
6550835000.0,-37.36563
6550835937.5,-37.35972
6550836875.0,-37.37059
6550837812.5,-37.36845
6550838750.0,-37.35739
6550839687.5,-37.36891
6550840625.0,-37.36092
6550841562.5,-37.36907
6550842500.0,-37.35576
6550843437.5,-37.35848
6550844375.0,-37.35909
6550845312.5,-37.37445
6550846250.0,-37.35869
6550847187.5,-37.35593
6550848125.0,-37.34836
6550849062.5,-37.35866
6550850000.0,-37.36837
6550850937.5,-37.35887
6550851875.0,-37.36364
6550852812.5,-37.34676
6550853750.0,-37.3712
6550854687.5,-37.35137
6550855625.0,-37.35141
6550856562.5,-37.34116
6550857500.0,-37.35646
6550858437.5,-37.35632
6550859375.0,-37.3526
6550860312.5,-37.35103
6550861250.0,-37.34436
6550862187.5,-37.34281
6550863125.0,-37.35035
6550864062.5,-37.33311
6550865000.0,-37.33597
6550865937.5,-37.34713
6550866875.0,-37.35763
6550867812.5,-37.34422
6550868750.0,-37.34082
6550869687.5,-37.33327
6550870625.0,-37.34779
6550871562.5,-37.34847
6550872500.0,-37.33956
6550873437.5,-37.35067
6550874375.0,-37.32894
6550875312.5,-37.33772
6550876250.0,-37.3418
6550877187.5,-37.35021
6550878125.0,-37.3241
6550879062.5,-37.35089
6550880000.0,-37.34626
6550880937.5,-37.35106
6550881875.0,-37.32547
6550882812.5,-37.34172
6550883750.0,-37.32989
6550884687.5,-37.35077
6550885625.0,-37.32467
6550886562.5,-37.33665
6550887500.0,-37.32689
6550888437.5,-37.32473
6550889375.0,-37.34607
6550890312.5,-37.3279
6550891250.0,-37.32884
6550892187.5,-37.32285
6550893125.0,-37.31279
6550894062.5,-37.31524
6550895000.0,-37.31808
6550895937.5,-37.32472
6550896875.0,-37.32584
6550897812.5,-37.32666
6550898750.0,-37.32767
6550899687.5,-37.32352
6550900625.0,-37.31049
6550901562.5,-37.31586
6550902500.0,-37.32852
6550903437.5,-37.33117
6550904375.0,-37.31075
6550905312.5,-37.30741
6550906250.0,-37.31937
6550907187.5,-37.31118
6550908125.0,-37.30652
6550909062.5,-37.31969
6550910000.0,-37.30802
6550910937.5,-37.31028
6550911875.0,-37.31687
6550912812.5,-37.29925
6550913750.0,-37.30315
6550914687.5,-37.30646
6550915625.0,-37.30448
6550916562.5,-37.2966
6550917500.0,-37.30509
6550918437.5,-37.30143
6550919375.0,-37.31203
6550920312.5,-37.31166
6550921250.0,-37.31092
6550922187.5,-37.30503
6550923125.0,-37.30202
6550924062.5,-37.30836
6550925000.0,-37.31665
6550925937.5,-37.30069
6550926875.0,-37.3078
6550927812.5,-37.29779
6550928750.0,-37.30361
6550929687.5,-37.28967
6550930625.0,-37.29596
6550931562.5,-37.29323
6550932500.0,-37.29353
6550933437.5,-37.297
6550934375.0,-37.28768
6550935312.5,-37.28844
6550936250.0,-37.29608
6550937187.5,-37.29146
6550938125.0,-37.30194
6550939062.5,-37.28752
6550940000.0,-37.29759
6550940937.5,-37.2979
6550941875.0,-37.29192
6550942812.5,-37.28114
6550943750.0,-37.28851
6550944687.5,-37.28624
6550945625.0,-37.296
6550946562.5,-37.28734
6550947500.0,-37.28431
6550948437.5,-37.28695
6550949375.0,-37.28251
6550950312.5,-37.28593
6550951250.0,-37.2774
6550952187.5,-37.28659
6550953125.0,-37.28924
6550954062.5,-37.27419
6550955000.0,-37.27308
6550955937.5,-37.28442
6550956875.0,-37.27927
6550957812.5,-37.28387
6550958750.0,-37.27832
6550959687.5,-37.2716
6550960625.0,-37.27623
6550961562.5,-37.28394
6550962500.0,-37.27222
6550963437.5,-37.2721
6550964375.0,-37.27855
6550965312.5,-37.26675
6550966250.0,-37.27738
6550967187.5,-37.26414
6550968125.0,-37.26471
6550969062.5,-37.26785
6550970000.0,-37.24691
6550970937.5,-37.27217
6550971875.0,-37.27744
6550972812.5,-37.26149
6550973750.0,-37.26437
6550974687.5,-37.2612
6550975625.0,-37.26944
6550976562.5,-37.25911
6550977500.0,-37.26905
6550978437.5,-37.26365
6550979375.0,-37.25821
6550980312.5,-37.25608
6550981250.0,-37.24942
6550982187.5,-37.24631
6550983125.0,-37.25578
6550984062.5,-37.25825
6550985000.0,-37.25465
6550985937.5,-37.24949
6550986875.0,-37.25798
6550987812.5,-37.24719
6550988750.0,-37.25496
6550989687.5,-37.25241
6550990625.0,-37.25074
6550991562.5,-37.25453
6550992500.0,-37.25495
6550993437.5,-37.25739
6550994375.0,-37.24372
6550995312.5,-37.25193
6550996250.0,-37.2401
6550997187.5,-37.24957
6550998125.0,-37.24703
6550999062.5,-37.2588
6551000000.0,-37.24638
6551000937.5,-37.25592
6551001875.0,-37.25519
6551002812.5,-37.23601
6551003750.0,-37.24587
6551004687.5,-37.23427
6551005625.0,-37.23403
6551006562.5,-37.24901
6551007500.0,-37.23494
6551008437.5,-37.23831
6551009375.0,-37.23372
6551010312.5,-37.23074
6551011250.0,-37.24544
6551012187.5,-37.244
6551013125.0,-37.22974
6551014062.5,-37.23167
6551015000.0,-37.22652
6551015937.5,-37.24395
6551016875.0,-37.23891
6551017812.5,-37.23198
6551018750.0,-37.2342
6551019687.5,-37.23615
6551020625.0,-37.23812
6551021562.5,-37.23214
6551022500.0,-37.23478
6551023437.5,-37.23169
6551024375.0,-37.21948
6551025312.5,-37.2227
6551026250.0,-37.22951
6551027187.5,-37.23512
6551028125.0,-37.22031
6551029062.5,-37.22502
6551030000.0,-37.21254
6551030937.5,-37.22294
6551031875.0,-37.22669
6551032812.5,-37.22189
6551033750.0,-37.21863
6551034687.5,-37.22974
6551035625.0,-37.21286
6551036562.5,-37.20946
6551037500.0,-37.21557
6551038437.5,-37.21534
6551039375.0,-37.22107
6551040312.5,-37.21131
6551041250.0,-37.21709
6551042187.5,-37.20664
6551043125.0,-37.20278
6551044062.5,-37.20328
6551045000.0,-37.20723
6551045937.5,-37.2093
6551046875.0,-37.20951
6551047812.5,-37.20583
6551048750.0,-37.2082
6551049687.5,-37.20774
6551050625.0,-37.2033
6551051562.5,-37.20112
6551052500.0,-37.19461
6551053437.5,-37.20699
6551054375.0,-37.19971
6551055312.5,-37.19882
6551056250.0,-37.19498
6551057187.5,-37.20094
6551058125.0,-37.20489
6551059062.5,-37.19768
6551060000.0,-37.20015
6551060937.5,-37.19195
6551061875.0,-37.19599
6551062812.5,-37.20231
6551063750.0,-37.19283
6551064687.5,-37.19754
6551065625.0,-37.19887
6551066562.5,-37.19321
6551067500.0,-37.19122
6551068437.5,-37.19198
6551069375.0,-37.19871
6551070312.5,-37.18507
6551071250.0,-37.19775
6551072187.5,-37.1943
6551073125.0,-37.18831
6551074062.5,-37.20134
6551075000.0,-37.18943
6551075937.5,-37.18004
6551076875.0,-37.1868
6551077812.5,-37.19297
6551078750.0,-37.18478
6551079687.5,-37.19824
6551080625.0,-37.18722
6551081562.5,-37.16533
6551082500.0,-37.17906
6551083437.5,-37.18661
6551084375.0,-37.17727
6551085312.5,-37.18428
6551086250.0,-37.18363
6551087187.5,-37.17381
6551088125.0,-37.17376
6551089062.5,-37.18248
6551090000.0,-37.16865
6551090937.5,-37.17558
6551091875.0,-37.17726
6551092812.5,-37.17492
6551093750.0,-37.16684
6551094687.5,-37.16455
6551095625.0,-37.18109
6551096562.5,-37.16268
6551097500.0,-37.17409
6551098437.5,-37.16036
6551099375.0,-37.17952
6551100312.5,-37.17833
6551101250.0,-37.16737
6551102187.5,-37.16724
6551103125.0,-37.15945
6551104062.5,-37.17755
6551105000.0,-37.16167
6551105937.5,-37.16481
6551106875.0,-37.16423
6551107812.5,-37.15478
6551108750.0,-37.16105
6551109687.5,-37.1525
6551110625.0,-37.16413
6551111562.5,-37.16113
6551112500.0,-37.16926
6551113437.5,-37.15394
6551114375.0,-37.15662
6551115312.5,-37.15822
6551116250.0,-37.15788
6551117187.5,-37.16546
6551118125.0,-37.14986
6551119062.5,-37.15321
6551120000.0,-37.15037
6551120937.5,-37.14091
6551121875.0,-37.15426
6551122812.5,-37.14999
6551123750.0,-37.13348
6551124687.5,-37.14206
6551125625.0,-37.15465
6551126562.5,-37.1469
6551127500.0,-37.14611
6551128437.5,-37.15065
6551129375.0,-37.15464
6551130312.5,-37.13696
6551131250.0,-37.14579
6551132187.5,-37.15285
6551133125.0,-37.1412
6551134062.5,-37.14026
6551135000.0,-37.12654
6551135937.5,-37.14665
6551136875.0,-37.14529
6551137812.5,-37.13574
6551138750.0,-37.14001
6551139687.5,-37.14349
6551140625.0,-37.13473
6551141562.5,-37.1382
6551142500.0,-37.12816
6551143437.5,-37.13412
6551144375.0,-37.13447
6551145312.5,-37.14213
6551146250.0,-37.12317
6551147187.5,-37.12564
6551148125.0,-37.1292
6551149062.5,-37.13169
6551150000.0,-37.13819
6551150937.5,-37.13324
6551151875.0,-37.13666
6551152812.5,-37.13386
6551153750.0,-37.13031
6551154687.5,-37.13643
6551155625.0,-37.11521
6551156562.5,-37.12904
6551157500.0,-37.12333
6551158437.5,-37.13285
6551159375.0,-37.11856
6551160312.5,-37.13395
6551161250.0,-37.12522
6551162187.5,-37.12568
6551163125.0,-37.11837
6551164062.5,-37.11123
6551165000.0,-37.11564
6551165937.5,-37.12194
6551166875.0,-37.11189
6551167812.5,-37.10233
6551168750.0,-37.11492
6551169687.5,-37.11717
6551170625.0,-37.11044
6551171562.5,-37.10643
6551172500.0,-37.11068
6551173437.5,-37.11219
6551174375.0,-37.10711
6551175312.5,-37.11075
6551176250.0,-37.09603
6551177187.5,-37.10909
6551178125.0,-37.1129
6551179062.5,-37.10399
6551180000.0,-37.10756
6551180937.5,-37.1126
6551181875.0,-37.10711
6551182812.5,-37.09767
6551183750.0,-37.10369
6551184687.5,-37.09818
6551185625.0,-37.10583
6551186562.5,-37.09919
6551187500.0,-37.09401
6551188437.5,-37.0954
6551189375.0,-37.0868
6551190312.5,-37.10278
6551191250.0,-37.09502
6551192187.5,-37.09563
6551193125.0,-37.09607
6551194062.5,-37.08744
6551195000.0,-37.1014
6551195937.5,-37.10256
6551196875.0,-37.09106
6551197812.5,-37.08849
6551198750.0,-37.08418
6551199687.5,-37.09243
6551200625.0,-37.09003
6551201562.5,-37.08902
6551202500.0,-37.08413
6551203437.5,-37.0911
6551204375.0,-37.08649
6551205312.5,-37.089
6551206250.0,-37.07692
6551207187.5,-37.08057
6551208125.0,-37.08094
6551209062.5,-37.08761
6551210000.0,-37.07899
6551210937.5,-37.08299
6551211875.0,-37.08043
6551212812.5,-37.0806
6551213750.0,-37.08373
6551214687.5,-37.08527
6551215625.0,-37.07777
6551216562.5,-37.08078
6551217500.0,-37.07899
6551218437.5,-37.07699
6551219375.0,-37.07705
6551220312.5,-37.07332
6551221250.0,-37.07842
6551222187.5,-37.0705
6551223125.0,-37.0826
6551224062.5,-37.08788
6551225000.0,-37.05833
6551225937.5,-37.06047
6551226875.0,-37.05664
6551227812.5,-37.07054
6551228750.0,-37.07297
6551229687.5,-37.07345
6551230625.0,-37.05825
6551231562.5,-37.07282
6551232500.0,-37.06224
6551233437.5,-37.06639
6551234375.0,-37.06924
6551235312.5,-37.07319
6551236250.0,-37.07573
6551237187.5,-37.062
6551238125.0,-37.05116
6551239062.5,-37.06774
6551240000.0,-37.06036
6551240937.5,-37.06129
6551241875.0,-37.05601
6551242812.5,-37.06238
6551243750.0,-37.07381
6551244687.5,-37.04889
6551245625.0,-37.03828
6551246562.5,-37.06043
6551247500.0,-37.06039
6551248437.5,-37.05944
6551249375.0,-37.04113
6551250312.5,-37.06274
6551251250.0,-37.05662
6551252187.5,-37.04524
6551253125.0,-37.05979
6551254062.5,-37.0487
6551255000.0,-37.05272
6551255937.5,-37.05197
6551256875.0,-37.04821
6551257812.5,-37.0491
6551258750.0,-37.04203
6551259687.5,-37.03707
6551260625.0,-37.04649
6551261562.5,-37.03854
6551262500.0,-37.03714
6551263437.5,-37.05219
6551264375.0,-37.03775
6551265312.5,-37.03803
6551266250.0,-37.02946
6551267187.5,-37.04159
6551268125.0,-37.05255
6551269062.5,-37.02972
6551270000.0,-37.02785
6551270937.5,-37.02824
6551271875.0,-37.03936
6551272812.5,-37.03201
6551273750.0,-37.03232
6551274687.5,-37.03882
6551275625.0,-37.02846
6551276562.5,-37.03242
6551277500.0,-37.03748
6551278437.5,-37.03099
6551279375.0,-37.04041
6551280312.5,-37.02919
6551281250.0,-37.01816
6551282187.5,-37.02266
6551283125.0,-37.01499
6551284062.5,-37.01998
6551285000.0,-37.01768
6551285937.5,-37.02112
6551286875.0,-37.02547
6551287812.5,-37.02141
6551288750.0,-37.01997
6551289687.5,-37.02528
6551290625.0,-37.02191
6551291562.5,-37.0167
6551292500.0,-37.02505
6551293437.5,-37.01608
6551294375.0,-37.0132
6551295312.5,-37.02412
6551296250.0,-37.01662
6551297187.5,-37.02142
6551298125.0,-37.01121
6551299062.5,-37.00708
6551300000.0,-37.00621
6551300937.5,-37.00875
6551301875.0,-37.01452
6551302812.5,-37.01528
6551303750.0,-37.00758
6551304687.5,-37.00438
6551305625.0,-37.00662
6551306562.5,-37.00232
6551307500.0,-37.00805
6551308437.5,-37.00975
6551309375.0,-36.99694
6551310312.5,-36.99971
6551311250.0,-36.99991
6551312187.5,-36.99968
6551313125.0,-36.99983
6551314062.5,-36.99575
6551315000.0,-37.00866
6551315937.5,-37.00506
6551316875.0,-36.99902
6551317812.5,-36.99845
6551318750.0,-37.00196
6551319687.5,-37.00563
6551320625.0,-36.99198
6551321562.5,-37.0033
6551322500.0,-36.99569
6551323437.5,-36.99878
6551324375.0,-36.99505
6551325312.5,-36.98649
6551326250.0,-36.98452
6551327187.5,-36.98531
6551328125.0,-36.98803
6551329062.5,-36.98426
6551330000.0,-36.98991
6551330937.5,-36.98865
6551331875.0,-36.99173
6551332812.5,-36.99331
6551333750.0,-36.98596
6551334687.5,-36.98861
6551335625.0,-36.9772
6551336562.5,-36.98755
6551337500.0,-36.985
6551338437.5,-36.97184
6551339375.0,-36.98126
6551340312.5,-36.98087
6551341250.0,-36.98599
6551342187.5,-36.96982
6551343125.0,-36.97776
6551344062.5,-36.97174
6551345000.0,-36.97501
6551345937.5,-36.97425
6551346875.0,-36.97157
6551347812.5,-36.97561
6551348750.0,-36.96827
6551349687.5,-36.9809
6551350625.0,-36.97593
6551351562.5,-36.9775
6551352500.0,-36.96608
6551353437.5,-36.98137
6551354375.0,-36.96049
6551355312.5,-36.97275
6551356250.0,-36.96064
6551357187.5,-36.98248
6551358125.0,-36.9604
6551359062.5,-36.97401
6551360000.0,-36.97272
6551360937.5,-36.9667
6551361875.0,-36.96325
6551362812.5,-36.95956
6551363750.0,-36.95373
6551364687.5,-36.94323
6551365625.0,-36.9554
6551366562.5,-36.95758
6551367500.0,-36.9603
6551368437.5,-36.95927
6551369375.0,-36.95773
6551370312.5,-36.95317
6551371250.0,-36.95845
6551372187.5,-36.9562
6551373125.0,-36.95692
6551374062.5,-36.9477
6551375000.0,-36.9581
6551375937.5,-36.95047
6551376875.0,-36.94674
6551377812.5,-36.94722
6551378750.0,-36.95168
6551379687.5,-36.95818
6551380625.0,-36.95788
6551381562.5,-36.95967
6551382500.0,-36.94944
6551383437.5,-36.95263
6551384375.0,-36.95598
6551385312.5,-36.9509
6551386250.0,-36.95662
6551387187.5,-36.94318
6551388125.0,-36.9328
6551389062.5,-36.94838
6551390000.0,-36.94863
6551390937.5,-36.94555
6551391875.0,-36.94072
6551392812.5,-36.94296
6551393750.0,-36.93599
6551394687.5,-36.94839
6551395625.0,-36.92981
6551396562.5,-36.92811
6551397500.0,-36.94165
6551398437.5,-36.92603
6551399375.0,-36.93726
6551400312.5,-36.94657
6551401250.0,-36.94439
6551402187.5,-36.91966
6551403125.0,-36.92808
6551404062.5,-36.93185
6551405000.0,-36.93088
6551405937.5,-36.93883
6551406875.0,-36.93309
6551407812.5,-36.93358
6551408750.0,-36.92445
6551409687.5,-36.92898
6551410625.0,-36.9374
6551411562.5,-36.93593
6551412500.0,-36.92828
6551413437.5,-36.93105
6551414375.0,-36.92349
6551415312.5,-36.92194
6551416250.0,-36.91106
6551417187.5,-36.92805
6551418125.0,-36.92077
6551419062.5,-36.91917
6551420000.0,-36.92204
6551420937.5,-36.92489
6551421875.0,-36.92327
6551422812.5,-36.91576
6551423750.0,-36.9114
6551424687.5,-36.91542
6551425625.0,-36.91555
6551426562.5,-36.93087
6551427500.0,-36.91383
6551428437.5,-36.91961
6551429375.0,-36.9131
6551430312.5,-36.92237
6551431250.0,-36.91461
6551432187.5,-36.91306
6551433125.0,-36.90237
6551434062.5,-36.9184
6551435000.0,-36.89569
6551435937.5,-36.90794
6551436875.0,-36.90382
6551437812.5,-36.89564
6551438750.0,-36.91184
6551439687.5,-36.89995
6551440625.0,-36.89894
6551441562.5,-36.89995
6551442500.0,-36.88855
6551443437.5,-36.90102
6551444375.0,-36.90001
6551445312.5,-36.89938
6551446250.0,-36.90477
6551447187.5,-36.88671
6551448125.0,-36.89257
6551449062.5,-36.89129
6551450000.0,-36.90046
6551450937.5,-36.90203
6551451875.0,-36.89816
6551452812.5,-36.88834
6551453750.0,-36.88983
6551454687.5,-36.88552
6551455625.0,-36.89425
6551456562.5,-36.88047
6551457500.0,-36.87489
6551458437.5,-36.88473
6551459375.0,-36.89401
6551460312.5,-36.88702
6551461250.0,-36.88835
6551462187.5,-36.87569
6551463125.0,-36.88304
6551464062.5,-36.88955
6551465000.0,-36.88449
6551465937.5,-36.87713
6551466875.0,-36.8836
6551467812.5,-36.86754
6551468750.0,-36.87357
6551469687.5,-36.88066
6551470625.0,-36.87817
6551471562.5,-36.87415
6551472500.0,-36.87658
6551473437.5,-36.85818
6551474375.0,-36.87828
6551475312.5,-36.8773
6551476250.0,-36.8656
6551477187.5,-36.87612
6551478125.0,-36.86191
6551479062.5,-36.86793
6551480000.0,-36.86601
6551480937.5,-36.85879
6551481875.0,-36.86806
6551482812.5,-36.86486
6551483750.0,-36.8644
6551484687.5,-36.86127
6551485625.0,-36.86471
6551486562.5,-36.86091
6551487500.0,-36.86494
6551488437.5,-36.86673
6551489375.0,-36.8757
6551490312.5,-36.86567
6551491250.0,-36.86391
6551492187.5,-36.85708
6551493125.0,-36.85354
6551494062.5,-36.84711
6551495000.0,-36.85567
6551495937.5,-36.86256
6551496875.0,-36.8663
6551497812.5,-36.86304
6551498750.0,-36.86262
6551499687.5,-36.86447
6551500625.0,-36.85994
6551501562.5,-36.84864
6551502500.0,-36.84645
6551503437.5,-36.84543
6551504375.0,-36.85021
6551505312.5,-36.86933
6551506250.0,-36.8591
6551507187.5,-36.85176
6551508125.0,-36.84452
6551509062.5,-36.84737
6551510000.0,-36.84242
6551510937.5,-36.83331
6551511875.0,-36.84162
6551512812.5,-36.85711
6551513750.0,-36.84811
6551514687.5,-36.84368
6551515625.0,-36.83185
6551516562.5,-36.83856
6551517500.0,-36.84783
6551518437.5,-36.84099
6551519375.0,-36.8387
6551520312.5,-36.8356
6551521250.0,-36.8412
6551522187.5,-36.83613
6551523125.0,-36.83906
6551524062.5,-36.83324
6551525000.0,-36.8283
6551525937.5,-36.83305
6551526875.0,-36.82859
6551527812.5,-36.82061
6551528750.0,-36.84069
6551529687.5,-36.83656
6551530625.0,-36.82458
6551531562.5,-36.83656
6551532500.0,-36.83606
6551533437.5,-36.8255
6551534375.0,-36.81948
6551535312.5,-36.81516
6551536250.0,-36.81664
6551537187.5,-36.82001
6551538125.0,-36.83036
6551539062.5,-36.83467
6551540000.0,-36.81944
6551540937.5,-36.81884
6551541875.0,-36.82235
6551542812.5,-36.80948
6551543750.0,-36.81857
6551544687.5,-36.82305
6551545625.0,-36.82779
6551546562.5,-36.81184
6551547500.0,-36.82056
6551548437.5,-36.81861
6551549375.0,-36.79938
6551550312.5,-36.81027
6551551250.0,-36.82166
6551552187.5,-36.81956
6551553125.0,-36.8024
6551554062.5,-36.80734
6551555000.0,-36.8149
6551555937.5,-36.80877
6551556875.0,-36.81137
6551557812.5,-36.81111
6551558750.0,-36.81474
6551559687.5,-36.81644
6551560625.0,-36.79919
6551561562.5,-36.80384
6551562500.0,-36.79201
6551563437.5,-36.8071
6551564375.0,-36.80628
6551565312.5,-36.80964
6551566250.0,-36.79618
6551567187.5,-36.79425
6551568125.0,-36.79794
6551569062.5,-36.80971
6551570000.0,-36.79689
6551570937.5,-36.79113
6551571875.0,-36.79837
6551572812.5,-36.79851
6551573750.0,-36.78595
6551574687.5,-36.79817
6551575625.0,-36.79929
6551576562.5,-36.79863
6551577500.0,-36.78915
6551578437.5,-36.79744
6551579375.0,-36.78199
6551580312.5,-36.7804
6551581250.0,-36.78103
6551582187.5,-36.77937
6551583125.0,-36.7916
6551584062.5,-36.77595
6551585000.0,-36.78724
6551585937.5,-36.79418
6551586875.0,-36.78099
6551587812.5,-36.79821
6551588750.0,-36.7884
6551589687.5,-36.77805
6551590625.0,-36.77533
6551591562.5,-36.75793
6551592500.0,-36.776
6551593437.5,-36.7656
6551594375.0,-36.77804
6551595312.5,-36.77034
6551596250.0,-36.77809
6551597187.5,-36.77474
6551598125.0,-36.767
6551599062.5,-36.76144
6551600000.0,-36.77092
6551600937.5,-36.7708
6551601875.0,-36.77566
6551602812.5,-36.76966
6551603750.0,-36.76585
6551604687.5,-36.76892
6551605625.0,-36.77428
6551606562.5,-36.76685
6551607500.0,-36.76266
6551608437.5,-36.75959
6551609375.0,-36.76404
6551610312.5,-36.76449
6551611250.0,-36.77296
6551612187.5,-36.76776
6551613125.0,-36.75096
6551614062.5,-36.76052
6551615000.0,-36.77447
6551615937.5,-36.75548
6551616875.0,-36.75235
6551617812.5,-36.75912
6551618750.0,-36.77345
6551619687.5,-36.75568
6551620625.0,-36.76508
6551621562.5,-36.74603
6551622500.0,-36.75198
6551623437.5,-36.74692
6551624375.0,-36.75364
6551625312.5,-36.75099
6551626250.0,-36.7546
6551627187.5,-36.76515
6551628125.0,-36.75372
6551629062.5,-36.75231
6551630000.0,-36.74397
6551630937.5,-36.74684
6551631875.0,-36.74881
6551632812.5,-36.75028
6551633750.0,-36.75243
6551634687.5,-36.75004
6551635625.0,-36.73669
6551636562.5,-36.75418
6551637500.0,-36.726
6551638437.5,-36.74767
6551639375.0,-36.74797
6551640312.5,-36.74305
6551641250.0,-36.73504
6551642187.5,-36.74916
6551643125.0,-36.73973
6551644062.5,-36.73356
6551645000.0,-36.73881
6551645937.5,-36.73378
6551646875.0,-36.73442
6551647812.5,-36.72818
6551648750.0,-36.7292
6551649687.5,-36.73584
6551650625.0,-36.73238
6551651562.5,-36.73605
6551652500.0,-36.72017
6551653437.5,-36.73003
6551654375.0,-36.72874
6551655312.5,-36.72833
6551656250.0,-36.71803
6551657187.5,-36.73078
6551658125.0,-36.72726
6551659062.5,-36.72676
6551660000.0,-36.72209
6551660937.5,-36.72513
6551661875.0,-36.71587
6551662812.5,-36.72137
6551663750.0,-36.72441
6551664687.5,-36.7358
6551665625.0,-36.72904
6551666562.5,-36.7099
6551667500.0,-36.71833
6551668437.5,-36.70549
6551669375.0,-36.72387
6551670312.5,-36.71185
6551671250.0,-36.71482
6551672187.5,-36.71332
6551673125.0,-36.71569
6551674062.5,-36.71502
6551675000.0,-36.71645
6551675937.5,-36.72332
6551676875.0,-36.71377
6551677812.5,-36.70763
6551678750.0,-36.71971
6551679687.5,-36.70788
6551680625.0,-36.70757
6551681562.5,-36.70256
6551682500.0,-36.71227
6551683437.5,-36.70501
6551684375.0,-36.6936
6551685312.5,-36.71197
6551686250.0,-36.70353
6551687187.5,-36.70718
6551688125.0,-36.69944
6551689062.5,-36.70059
6551690000.0,-36.70242
6551690937.5,-36.70517
6551691875.0,-36.69787
6551692812.5,-36.70569
6551693750.0,-36.70004
6551694687.5,-36.70135
6551695625.0,-36.68855
6551696562.5,-36.69655
6551697500.0,-36.68204
6551698437.5,-36.69994
6551699375.0,-36.69543
6551700312.5,-36.68824
6551701250.0,-36.69395
6551702187.5,-36.6808
6551703125.0,-36.69646
6551704062.5,-36.68174
6551705000.0,-36.67601
6551705937.5,-36.68709
6551706875.0,-36.68582
6551707812.5,-36.69124
6551708750.0,-36.68444
6551709687.5,-36.67452
6551710625.0,-36.68769
6551711562.5,-36.67899
6551712500.0,-36.67955
6551713437.5,-36.6972
6551714375.0,-36.67855
6551715312.5,-36.66773
6551716250.0,-36.67882
6551717187.5,-36.68534
6551718125.0,-36.67986
6551719062.5,-36.68007
6551720000.0,-36.67703
6551720937.5,-36.67594
6551721875.0,-36.67861
6551722812.5,-36.67324
6551723750.0,-36.6791
6551724687.5,-36.66565
6551725625.0,-36.67104
6551726562.5,-36.6782
6551727500.0,-36.66671
6551728437.5,-36.66194
6551729375.0,-36.6729
6551730312.5,-36.66704
6551731250.0,-36.66669
6551732187.5,-36.65866
6551733125.0,-36.66578
6551734062.5,-36.66034
6551735000.0,-36.65942
6551735937.5,-36.66835
6551736875.0,-36.66449
6551737812.5,-36.66697
6551738750.0,-36.66164
6551739687.5,-36.66184
6551740625.0,-36.64934
6551741562.5,-36.6586
6551742500.0,-36.66479
6551743437.5,-36.6628
6551744375.0,-36.66088
6551745312.5,-36.66581
6551746250.0,-36.65522
6551747187.5,-36.6575
6551748125.0,-36.65661
6551749062.5,-36.64934
6551750000.0,-36.63992
6551750937.5,-36.63631
6551751875.0,-36.64795
6551752812.5,-36.65491
6551753750.0,-36.64796
6551754687.5,-36.64928
6551755625.0,-36.64909
6551756562.5,-36.63416
6551757500.0,-36.64768
6551758437.5,-36.63077
6551759375.0,-36.63499
6551760312.5,-36.64271
6551761250.0,-36.63992
6551762187.5,-36.63896
6551763125.0,-36.64222
6551764062.5,-36.63795
6551765000.0,-36.64685
6551765937.5,-36.6335
6551766875.0,-36.63664
6551767812.5,-36.62864
6551768750.0,-36.63334
6551769687.5,-36.63263
6551770625.0,-36.63515
6551771562.5,-36.63607
6551772500.0,-36.63401
6551773437.5,-36.63548
6551774375.0,-36.6371
6551775312.5,-36.62731
6551776250.0,-36.63895
6551777187.5,-36.61804
6551778125.0,-36.62864
6551779062.5,-36.62577
6551780000.0,-36.6302
6551780937.5,-36.62891
6551781875.0,-36.62688
6551782812.5,-36.61392
6551783750.0,-36.61911
6551784687.5,-36.62069
6551785625.0,-36.62347
6551786562.5,-36.6212
6551787500.0,-36.61632
6551788437.5,-36.60564
6551789375.0,-36.62167
6551790312.5,-36.61835
6551791250.0,-36.61959
6551792187.5,-36.62558
6551793125.0,-36.62268
6551794062.5,-36.61641
6551795000.0,-36.60924
6551795937.5,-36.612
6551796875.0,-36.62226
6551797812.5,-36.6046
6551798750.0,-36.61687
6551799687.5,-36.60911
6551800625.0,-36.59858
6551801562.5,-36.61631
6551802500.0,-36.61105
6551803437.5,-36.60406
6551804375.0,-36.60163
6551805312.5,-36.61436
6551806250.0,-36.6179
6551807187.5,-36.61633
6551808125.0,-36.62212
6551809062.5,-36.60635
6551810000.0,-36.60632
6551810937.5,-36.60444
6551811875.0,-36.59927
6551812812.5,-36.60392
6551813750.0,-36.60722
6551814687.5,-36.60682
6551815625.0,-36.59639
6551816562.5,-36.59459
6551817500.0,-36.5868
6551818437.5,-36.59983
6551819375.0,-36.58688
6551820312.5,-36.59767
6551821250.0,-36.57982
6551822187.5,-36.60703
6551823125.0,-36.5919
6551824062.5,-36.58833
6551825000.0,-36.58944
6551825937.5,-36.59641
6551826875.0,-36.59001
6551827812.5,-36.58028
6551828750.0,-36.59199
6551829687.5,-36.5782
6551830625.0,-36.58845
6551831562.5,-36.58255
6551832500.0,-36.59224
6551833437.5,-36.57975
6551834375.0,-36.58151
6551835312.5,-36.59072
6551836250.0,-36.57681
6551837187.5,-36.58994
6551838125.0,-36.57337
6551839062.5,-36.57687
6551840000.0,-36.57711
6551840937.5,-36.59037
6551841875.0,-36.56356
6551842812.5,-36.56003
6551843750.0,-36.57787
6551844687.5,-36.57595
6551845625.0,-36.57197
6551846562.5,-36.5689
6551847500.0,-36.56568
6551848437.5,-36.56349
6551849375.0,-36.56526
6551850312.5,-36.56574
6551851250.0,-36.55931
6551852187.5,-36.56785
6551853125.0,-36.56452
6551854062.5,-36.5718
6551855000.0,-36.5655
6551855937.5,-36.56153
6551856875.0,-36.54859
6551857812.5,-36.56651
6551858750.0,-36.55629
6551859687.5,-36.55789
6551860625.0,-36.55229
6551861562.5,-36.56046
6551862500.0,-36.55202
6551863437.5,-36.56532
6551864375.0,-36.56187
6551865312.5,-36.56214
6551866250.0,-36.55372
6551867187.5,-36.55651
6551868125.0,-36.55704
6551869062.5,-36.54936
6551870000.0,-36.56089
6551870937.5,-36.55101
6551871875.0,-36.55137
6551872812.5,-36.54062
6551873750.0,-36.56147
6551874687.5,-36.54008
6551875625.0,-36.54396
6551876562.5,-36.54842
6551877500.0,-36.53836
6551878437.5,-36.55045
6551879375.0,-36.54271
6551880312.5,-36.55415
6551881250.0,-36.54699
6551882187.5,-36.55046
6551883125.0,-36.54076
6551884062.5,-36.55101
6551885000.0,-36.54032
6551885937.5,-36.55094
6551886875.0,-36.52989
6551887812.5,-36.541
6551888750.0,-36.52905
6551889687.5,-36.5402
6551890625.0,-36.51851
6551891562.5,-36.51598
6551892500.0,-36.53875
6551893437.5,-36.52237
6551894375.0,-36.52494
6551895312.5,-36.52938
6551896250.0,-36.54045
6551897187.5,-36.53638
6551898125.0,-36.52809
6551899062.5,-36.52736
6551900000.0,-36.53178
6551900937.5,-36.52798
6551901875.0,-36.53064
6551902812.5,-36.51666
6551903750.0,-36.53257
6551904687.5,-36.53104
6551905625.0,-36.5222
6551906562.5,-36.51666
6551907500.0,-36.52211
6551908437.5,-36.52563
6551909375.0,-36.51513
6551910312.5,-36.52048
6551911250.0,-36.50929
6551912187.5,-36.51141
6551913125.0,-36.51555
6551914062.5,-36.51535
6551915000.0,-36.52478
6551915937.5,-36.51542
6551916875.0,-36.51592
6551917812.5,-36.50869
6551918750.0,-36.51396
6551919687.5,-36.49676
6551920625.0,-36.51323
6551921562.5,-36.51169
6551922500.0,-36.50985
6551923437.5,-36.51497
6551924375.0,-36.50025
6551925312.5,-36.50532
6551926250.0,-36.50904
6551927187.5,-36.50595
6551928125.0,-36.50888
6551929062.5,-36.50831
6551930000.0,-36.48806
6551930937.5,-36.49008
6551931875.0,-36.50164
6551932812.5,-36.49611
6551933750.0,-36.49469
6551934687.5,-36.5055
6551935625.0,-36.5071
6551936562.5,-36.49913
6551937500.0,-36.48658
6551938437.5,-36.50027
6551939375.0,-36.50385
6551940312.5,-36.49228
6551941250.0,-36.48651
6551942187.5,-36.49363
6551943125.0,-36.48608
6551944062.5,-36.48927
6551945000.0,-36.50085
6551945937.5,-36.50014
6551946875.0,-36.50093
6551947812.5,-36.49075
6551948750.0,-36.48028
6551949687.5,-36.48413
6551950625.0,-36.48612
6551951562.5,-36.49534
6551952500.0,-36.48961
6551953437.5,-36.48096
6551954375.0,-36.46799
6551955312.5,-36.48719
6551956250.0,-36.47729
6551957187.5,-36.48195
6551958125.0,-36.47716
6551959062.5,-36.47775
6551960000.0,-36.48862
6551960937.5,-36.47558
6551961875.0,-36.47237
6551962812.5,-36.46843
6551963750.0,-36.46214
6551964687.5,-36.47939
6551965625.0,-36.46378
6551966562.5,-36.46458
6551967500.0,-36.46068
6551968437.5,-36.46729
6551969375.0,-36.47188
6551970312.5,-36.4693
6551971250.0,-36.46632
6551972187.5,-36.4721
6551973125.0,-36.46815
6551974062.5,-36.47334
6551975000.0,-36.46637
6551975937.5,-36.47124
6551976875.0,-36.45885
6551977812.5,-36.4565
6551978750.0,-36.45384
6551979687.5,-36.46601
6551980625.0,-36.45255
6551981562.5,-36.46113
6551982500.0,-36.45387
6551983437.5,-36.44251
6551984375.0,-36.45695
6551985312.5,-36.45792
6551986250.0,-36.45509
6551987187.5,-36.4521
6551988125.0,-36.45818
6551989062.5,-36.44574
6551990000.0,-36.44742
6551990937.5,-36.44493
6551991875.0,-36.45378
6551992812.5,-36.45028
6551993750.0,-36.45187
6551994687.5,-36.45377
6551995625.0,-36.44787
6551996562.5,-36.44851
6551997500.0,-36.44629
6551998437.5,-36.43776
6551999375.0,-36.4477
6552000312.5,-36.44304
6552001250.0,-36.43452
6552002187.5,-36.44587
6552003125.0,-36.44812
6552004062.5,-36.44117
6552005000.0,-36.45265
6552005937.5,-36.43818
6552006875.0,-36.43664
6552007812.5,-36.43702
6552008750.0,-36.4289
6552009687.5,-36.44621
6552010625.0,-36.4299
6552011562.5,-36.43542
6552012500.0,-36.42256
6552013437.5,-36.43956
6552014375.0,-36.44947
6552015312.5,-36.44567
6552016250.0,-36.42567
6552017187.5,-36.4375
6552018125.0,-36.42487
6552019062.5,-36.42031
6552020000.0,-36.43321
6552020937.5,-36.41914
6552021875.0,-36.42974
6552022812.5,-36.4216
6552023750.0,-36.42679
6552024687.5,-36.4193
6552025625.0,-36.41201
6552026562.5,-36.41829
6552027500.0,-36.40606
6552028437.5,-36.41821
6552029375.0,-36.42125
6552030312.5,-36.41315
6552031250.0,-36.42426
6552032187.5,-36.41099
6552033125.0,-36.41144
6552034062.5,-36.4202
6552035000.0,-36.40392
6552035937.5,-36.41077
6552036875.0,-36.4095
6552037812.5,-36.40572
6552038750.0,-36.40906
6552039687.5,-36.40898
6552040625.0,-36.41335
6552041562.5,-36.4076
6552042500.0,-36.41449
6552043437.5,-36.40739
6552044375.0,-36.41169
6552045312.5,-36.41145
6552046250.0,-36.4079
6552047187.5,-36.39628
6552048125.0,-36.40583
6552049062.5,-36.39241
6552050000.0,-36.39446
6552050937.5,-36.38902
6552051875.0,-36.3945
6552052812.5,-36.39254
6552053750.0,-36.3882
6552054687.5,-36.38595
6552055625.0,-36.39782
6552056562.5,-36.39561
6552057500.0,-36.39228
6552058437.5,-36.3997
6552059375.0,-36.38557
6552060312.5,-36.40529
6552061250.0,-36.39265
6552062187.5,-36.38326
6552063125.0,-36.39446
6552064062.5,-36.38763
6552065000.0,-36.39291
6552065937.5,-36.38759
6552066875.0,-36.3939
6552067812.5,-36.38106
6552068750.0,-36.38978
6552069687.5,-36.38658
6552070625.0,-36.3764
6552071562.5,-36.37723
6552072500.0,-36.3813
6552073437.5,-36.37471
6552074375.0,-36.38828
6552075312.5,-36.38179
6552076250.0,-36.37838
6552077187.5,-36.36862
6552078125.0,-36.373
6552079062.5,-36.37936
6552080000.0,-36.38347
6552080937.5,-36.36581
6552081875.0,-36.36905
6552082812.5,-36.37751
6552083750.0,-36.37385
6552084687.5,-36.36667
6552085625.0,-36.38034
6552086562.5,-36.37987
6552087500.0,-36.36617
6552088437.5,-36.3707
6552089375.0,-36.3732
6552090312.5,-36.35993
6552091250.0,-36.37053
6552092187.5,-36.37002
6552093125.0,-36.36383
6552094062.5,-36.366
6552095000.0,-36.35723
6552095937.5,-36.35511
6552096875.0,-36.3559
6552097812.5,-36.36551
6552098750.0,-36.36193
6552099687.5,-36.35489
6552100625.0,-36.35904
6552101562.5,-36.34755
6552102500.0,-36.36597
6552103437.5,-36.35955
6552104375.0,-36.34894
6552105312.5,-36.35893
6552106250.0,-36.34381
6552107187.5,-36.35208
6552108125.0,-36.35256
6552109062.5,-36.34429
6552110000.0,-36.35612
6552110937.5,-36.35376
6552111875.0,-36.3474
6552112812.5,-36.35106
6552113750.0,-36.3475
6552114687.5,-36.34444
6552115625.0,-36.34587
6552116562.5,-36.3423
6552117500.0,-36.33662
6552118437.5,-36.35567
6552119375.0,-36.34204
6552120312.5,-36.33118
6552121250.0,-36.34014
6552122187.5,-36.33629
6552123125.0,-36.3499
6552124062.5,-36.33015
6552125000.0,-36.32936
6552125937.5,-36.33575
6552126875.0,-36.33944
6552127812.5,-36.33795
6552128750.0,-36.33651
6552129687.5,-36.33207
6552130625.0,-36.3413
6552131562.5,-36.32026
6552132500.0,-36.32392
6552133437.5,-36.33463
6552134375.0,-36.31667
6552135312.5,-36.33251
6552136250.0,-36.31556
6552137187.5,-36.32666
6552138125.0,-36.32021
6552139062.5,-36.31262
6552140000.0,-36.31676
6552140937.5,-36.31803
6552141875.0,-36.3391
6552142812.5,-36.32829
6552143750.0,-36.31887
6552144687.5,-36.33551
6552145625.0,-36.30794
6552146562.5,-36.31197
6552147500.0,-36.32878
6552148437.5,-36.31673
6552149375.0,-36.32542
6552150312.5,-36.31453
6552151250.0,-36.31809
6552152187.5,-36.32059
6552153125.0,-36.31129
6552154062.5,-36.29767
6552155000.0,-36.29976
6552155937.5,-36.30426
6552156875.0,-36.30431
6552157812.5,-36.31364
6552158750.0,-36.29808
6552159687.5,-36.3021
6552160625.0,-36.30098
6552161562.5,-36.30616
6552162500.0,-36.29795
6552163437.5,-36.304
6552164375.0,-36.3161
6552165312.5,-36.30519
6552166250.0,-36.30588
6552167187.5,-36.30328
6552168125.0,-36.30389
6552169062.5,-36.30071
6552170000.0,-36.30598
6552170937.5,-36.29306
6552171875.0,-36.29243
6552172812.5,-36.28483
6552173750.0,-36.2751
6552174687.5,-36.29456
6552175625.0,-36.299
6552176562.5,-36.29093
6552177500.0,-36.30354
6552178437.5,-36.29156
6552179375.0,-36.28571
6552180312.5,-36.28223
6552181250.0,-36.29411
6552182187.5,-36.29267
6552183125.0,-36.28017
6552184062.5,-36.29774
6552185000.0,-36.2774
6552185937.5,-36.28843
6552186875.0,-36.28091
6552187812.5,-36.27282
6552188750.0,-36.27798
6552189687.5,-36.27748
6552190625.0,-36.28185
6552191562.5,-36.28671
6552192500.0,-36.2885
6552193437.5,-36.27891
6552194375.0,-36.27328
6552195312.5,-36.26495
6552196250.0,-36.26615
6552197187.5,-36.27762
6552198125.0,-36.275
6552199062.5,-36.27893
6552200000.0,-36.26595
6552200937.5,-36.26344
6552201875.0,-36.27144
6552202812.5,-36.27317
6552203750.0,-36.26709
6552204687.5,-36.2677
6552205625.0,-36.27168
6552206562.5,-36.26946
6552207500.0,-36.26481
6552208437.5,-36.26461
6552209375.0,-36.26724
6552210312.5,-36.26728
6552211250.0,-36.26193
6552212187.5,-36.26186
6552213125.0,-36.26053
6552214062.5,-36.25667
6552215000.0,-36.25582
6552215937.5,-36.25177
6552216875.0,-36.25908
6552217812.5,-36.26226
6552218750.0,-36.25904
6552219687.5,-36.25951
6552220625.0,-36.25267
6552221562.5,-36.26414
6552222500.0,-36.24795
6552223437.5,-36.25608
6552224375.0,-36.24957
6552225312.5,-36.24598
6552226250.0,-36.24198
6552227187.5,-36.24263
6552228125.0,-36.24883
6552229062.5,-36.24104
6552230000.0,-36.24727
6552230937.5,-36.25687
6552231875.0,-36.24352
6552232812.5,-36.23728
6552233750.0,-36.23749
6552234687.5,-36.25211
6552235625.0,-36.24405
6552236562.5,-36.2364
6552237500.0,-36.25045
6552238437.5,-36.23421
6552239375.0,-36.22749
6552240312.5,-36.23859
6552241250.0,-36.22473
6552242187.5,-36.24152
6552243125.0,-36.23669
6552244062.5,-36.23762
6552245000.0,-36.22935
6552245937.5,-36.22798
6552246875.0,-36.22455
6552247812.5,-36.22578
6552248750.0,-36.24398
6552249687.5,-36.23759
6552250625.0,-36.23275
6552251562.5,-36.22425
6552252500.0,-36.21636
6552253437.5,-36.23196
6552254375.0,-36.2177
6552255312.5,-36.22101
6552256250.0,-36.2195
6552257187.5,-36.22705
6552258125.0,-36.22148
6552259062.5,-36.22882
6552260000.0,-36.22107
6552260937.5,-36.2201
6552261875.0,-36.22498
6552262812.5,-36.21217
6552263750.0,-36.22539
6552264687.5,-36.20953
6552265625.0,-36.21822
6552266562.5,-36.21461
6552267500.0,-36.21031
6552268437.5,-36.22025
6552269375.0,-36.21802
6552270312.5,-36.21281
6552271250.0,-36.20687
6552272187.5,-36.22665
6552273125.0,-36.2108
6552274062.5,-36.20928
6552275000.0,-36.20192
6552275937.5,-36.22708
6552276875.0,-36.20181
6552277812.5,-36.18864
6552278750.0,-36.20789
6552279687.5,-36.19788
6552280625.0,-36.206
6552281562.5,-36.20278
6552282500.0,-36.20242
6552283437.5,-36.21245
6552284375.0,-36.19769
6552285312.5,-36.19398
6552286250.0,-36.19326
6552287187.5,-36.19887
6552288125.0,-36.19501
6552289062.5,-36.19735
6552290000.0,-36.20406
6552290937.5,-36.19477
6552291875.0,-36.2049
6552292812.5,-36.19549
6552293750.0,-36.20205
6552294687.5,-36.18329
6552295625.0,-36.1923
6552296562.5,-36.18504
6552297500.0,-36.18295
6552298437.5,-36.18156
6552299375.0,-36.20766
6552300312.5,-36.18293
6552301250.0,-36.18645
6552302187.5,-36.17398
6552303125.0,-36.18468
6552304062.5,-36.18301
6552305000.0,-36.19574
6552305937.5,-36.18199
6552306875.0,-36.17588
6552307812.5,-36.18498
6552308750.0,-36.16998
6552309687.5,-36.17617
6552310625.0,-36.18064
6552311562.5,-36.17941
6552312500.0,-36.17026
6552313437.5,-36.16837
6552314375.0,-36.17456
6552315312.5,-36.17085
6552316250.0,-36.17373
6552317187.5,-36.17768
6552318125.0,-36.17113
6552319062.5,-36.17156
6552320000.0,-36.15255
6552320937.5,-36.17183
6552321875.0,-36.16848
6552322812.5,-36.18097
6552323750.0,-36.16786
6552324687.5,-36.17471
6552325625.0,-36.16594
6552326562.5,-36.16976
6552327500.0,-36.1661
6552328437.5,-36.15804
6552329375.0,-36.15894
6552330312.5,-36.16138
6552331250.0,-36.15882
6552332187.5,-36.15858
6552333125.0,-36.16566
6552334062.5,-36.15953
6552335000.0,-36.15413
6552335937.5,-36.14951
6552336875.0,-36.15447
6552337812.5,-36.14792
6552338750.0,-36.15878
6552339687.5,-36.14595
6552340625.0,-36.16131
6552341562.5,-36.14305
6552342500.0,-36.14951
6552343437.5,-36.14975
6552344375.0,-36.15263
6552345312.5,-36.1465
6552346250.0,-36.12541
6552347187.5,-36.14229
6552348125.0,-36.1478
6552349062.5,-36.15907
6552350000.0,-36.13846
6552350937.5,-36.15216
6552351875.0,-36.13847
6552352812.5,-36.14521
6552353750.0,-36.13185
6552354687.5,-36.13644
6552355625.0,-36.12929
6552356562.5,-36.13197
6552357500.0,-36.14365
6552358437.5,-36.13326
6552359375.0,-36.13212
6552360312.5,-36.12709
6552361250.0,-36.13523
6552362187.5,-36.12687
6552363125.0,-36.13857
6552364062.5,-36.13302
6552365000.0,-36.12944
6552365937.5,-36.11823
6552366875.0,-36.1118
6552367812.5,-36.13289
6552368750.0,-36.12965
6552369687.5,-36.12323
6552370625.0,-36.12271
6552371562.5,-36.12581
6552372500.0,-36.10981
6552373437.5,-36.12164
6552374375.0,-36.11526
6552375312.5,-36.11804
6552376250.0,-36.11831
6552377187.5,-36.13293
6552378125.0,-36.11044
6552379062.5,-36.12467
6552380000.0,-36.12697
6552380937.5,-36.11507
6552381875.0,-36.12315
6552382812.5,-36.11518
6552383750.0,-36.10937
6552384687.5,-36.10352
6552385625.0,-36.11138
6552386562.5,-36.11139
6552387500.0,-36.11552
6552388437.5,-36.1095
6552389375.0,-36.10832
6552390312.5,-36.10001
6552391250.0,-36.09128
6552392187.5,-36.10207
6552393125.0,-36.10381
6552394062.5,-36.10646
6552395000.0,-36.10433
6552395937.5,-36.10978
6552396875.0,-36.09658
6552397812.5,-36.09978
6552398750.0,-36.10698
6552399687.5,-36.09365
6552400625.0,-36.0983
6552401562.5,-36.10965
6552402500.0,-36.0907
6552403437.5,-36.09217
6552404375.0,-36.09153
6552405312.5,-36.10089
6552406250.0,-36.09534
6552407187.5,-36.09719
6552408125.0,-36.09236
6552409062.5,-36.08836
6552410000.0,-36.08176
6552410937.5,-36.08391
6552411875.0,-36.09675
6552412812.5,-36.09175
6552413750.0,-36.09669
6552414687.5,-36.07867
6552415625.0,-36.08265
6552416562.5,-36.0841
6552417500.0,-36.084
6552418437.5,-36.08977
6552419375.0,-36.09097
6552420312.5,-36.09422
6552421250.0,-36.08281
6552422187.5,-36.07704
6552423125.0,-36.07564
6552424062.5,-36.07312
6552425000.0,-36.06837
6552425937.5,-36.06461
6552426875.0,-36.08311
6552427812.5,-36.0747
6552428750.0,-36.07262
6552429687.5,-36.07874
6552430625.0,-36.07506
6552431562.5,-36.06962
6552432500.0,-36.0707
6552433437.5,-36.07504
6552434375.0,-36.06014
6552435312.5,-36.07258
6552436250.0,-36.06147
6552437187.5,-36.06401
6552438125.0,-36.07448
6552439062.5,-36.0604
6552440000.0,-36.0613
6552440937.5,-36.06807
6552441875.0,-36.06078
6552442812.5,-36.06749
6552443750.0,-36.06485
6552444687.5,-36.06068
6552445625.0,-36.06004
6552446562.5,-36.05261
6552447500.0,-36.05576
6552448437.5,-36.06942
6552449375.0,-36.05644
6552450312.5,-36.07383
6552451250.0,-36.06367
6552452187.5,-36.05114
6552453125.0,-36.05883
6552454062.5,-36.03902
6552455000.0,-36.04396
6552455937.5,-36.0545
6552456875.0,-36.04942
6552457812.5,-36.0515
6552458750.0,-36.03893
6552459687.5,-36.05101
6552460625.0,-36.04464
6552461562.5,-36.04803
6552462500.0,-36.05117
6552463437.5,-36.05289
6552464375.0,-36.04277
6552465312.5,-36.05042
6552466250.0,-36.04335
6552467187.5,-36.05078
6552468125.0,-36.03847
6552469062.5,-36.02943
6552470000.0,-36.03009
6552470937.5,-36.03257
6552471875.0,-36.0306
6552472812.5,-36.03404
6552473750.0,-36.02642
6552474687.5,-36.03013
6552475625.0,-36.03617
6552476562.5,-36.02909
6552477500.0,-36.02415
6552478437.5,-36.02684
6552479375.0,-36.03345
6552480312.5,-36.02636
6552481250.0,-36.01622
6552482187.5,-36.02112
6552483125.0,-36.01243
6552484062.5,-36.01877
6552485000.0,-36.01519
6552485937.5,-36.01641
6552486875.0,-36.02085
6552487812.5,-36.01711
6552488750.0,-36.00687
6552489687.5,-36.03906
6552490625.0,-36.01214
6552491562.5,-36.01908
6552492500.0,-36.0156
6552493437.5,-36.0232
6552494375.0,-36.01578
6552495312.5,-36.0098
6552496250.0,-36.00747
6552497187.5,-36.02011
6552498125.0,-36.01439
6552499062.5,-36.01729
6552500000.0,-36.00827
6552500937.5,-36.01425
6552501875.0,-36.00712
6552502812.5,-36.01424
6552503750.0,-36.01768
6552504687.5,-36.00963
6552505625.0,-36.00121
6552506562.5,-36.00778
6552507500.0,-35.99961
6552508437.5,-35.99852
6552509375.0,-36.00447
6552510312.5,-35.99917
6552511250.0,-36.00482
6552512187.5,-36.00064
6552513125.0,-36.00559
6552514062.5,-35.99626
6552515000.0,-35.99614
6552515937.5,-36.00437
6552516875.0,-36.00565
6552517812.5,-35.99961
6552518750.0,-35.99488
6552519687.5,-35.98619
6552520625.0,-35.98645
6552521562.5,-35.99059
6552522500.0,-35.98843
6552523437.5,-35.98557
6552524375.0,-35.9905
6552525312.5,-35.98755
6552526250.0,-35.97854
6552527187.5,-35.97416
6552528125.0,-35.9898
6552529062.5,-35.98589
6552530000.0,-35.98158
6552530937.5,-35.99146
6552531875.0,-35.97478
6552532812.5,-35.97551
6552533750.0,-35.98431
6552534687.5,-35.9785
6552535625.0,-35.97779
6552536562.5,-35.97646
6552537500.0,-35.96561
6552538437.5,-35.9688
6552539375.0,-35.97982
6552540312.5,-35.98035
6552541250.0,-35.98191
6552542187.5,-35.98074
6552543125.0,-35.97115
6552544062.5,-35.96795
6552545000.0,-35.96565
6552545937.5,-35.97215
6552546875.0,-35.96949
6552547812.5,-35.97207
6552548750.0,-35.97029
6552549687.5,-35.96269
6552550625.0,-35.95685
6552551562.5,-35.97151
6552552500.0,-35.97406
6552553437.5,-35.9487
6552554375.0,-35.96421
6552555312.5,-35.9563
6552556250.0,-35.96246
6552557187.5,-35.95074
6552558125.0,-35.9593
6552559062.5,-35.95313
6552560000.0,-35.95263
6552560937.5,-35.96402
6552561875.0,-35.95617
6552562812.5,-35.9563
6552563750.0,-35.95809
6552564687.5,-35.95687
6552565625.0,-35.95469
6552566562.5,-35.94311
6552567500.0,-35.95403
6552568437.5,-35.94625
6552569375.0,-35.95538
6552570312.5,-35.9492
6552571250.0,-35.94367
6552572187.5,-35.95714
6552573125.0,-35.9366
6552574062.5,-35.94656
6552575000.0,-35.94376
6552575937.5,-35.93541
6552576875.0,-35.93916
6552577812.5,-35.94656
6552578750.0,-35.94258
6552579687.5,-35.94648
6552580625.0,-35.93628
6552581562.5,-35.93944
6552582500.0,-35.93989
6552583437.5,-35.93285
6552584375.0,-35.93678
6552585312.5,-35.92928
6552586250.0,-35.93089
6552587187.5,-35.93886
6552588125.0,-35.93509
6552589062.5,-35.92106
6552590000.0,-35.92604
6552590937.5,-35.94038
6552591875.0,-35.92723
6552592812.5,-35.93585
6552593750.0,-35.92385
6552594687.5,-35.92437
6552595625.0,-35.93055
6552596562.5,-35.92971
6552597500.0,-35.92025
6552598437.5,-35.92849
6552599375.0,-35.91747
6552600312.5,-35.92299
6552601250.0,-35.91746
6552602187.5,-35.91159
6552603125.0,-35.92451
6552604062.5,-35.92282
6552605000.0,-35.92712
6552605937.5,-35.90633
6552606875.0,-35.91869
6552607812.5,-35.91623
6552608750.0,-35.90969
6552609687.5,-35.92088
6552610625.0,-35.90864
6552611562.5,-35.90948
6552612500.0,-35.9195
6552613437.5,-35.91146
6552614375.0,-35.91009
6552615312.5,-35.91599
6552616250.0,-35.89047
6552617187.5,-35.91246
6552618125.0,-35.90335
6552619062.5,-35.90568
6552620000.0,-35.90207
6552620937.5,-35.91598
6552621875.0,-35.89031
6552622812.5,-35.9045
6552623750.0,-35.88961
6552624687.5,-35.90497
6552625625.0,-35.89455
6552626562.5,-35.89969
6552627500.0,-35.8947
6552628437.5,-35.88265
6552629375.0,-35.8937
6552630312.5,-35.89146
6552631250.0,-35.89812
6552632187.5,-35.89249
6552633125.0,-35.88966
6552634062.5,-35.88955
6552635000.0,-35.89092
6552635937.5,-35.8932
6552636875.0,-35.89692
6552637812.5,-35.89428
6552638750.0,-35.88447
6552639687.5,-35.88476
6552640625.0,-35.88726
6552641562.5,-35.88628
6552642500.0,-35.88144
6552643437.5,-35.88156
6552644375.0,-35.87836
6552645312.5,-35.88723
6552646250.0,-35.87458
6552647187.5,-35.88974
6552648125.0,-35.86916
6552649062.5,-35.878
6552650000.0,-35.88766
6552650937.5,-35.88094
6552651875.0,-35.87252
6552652812.5,-35.87257
6552653750.0,-35.87279
6552654687.5,-35.86927
6552655625.0,-35.86563
6552656562.5,-35.86018
6552657500.0,-35.88008
6552658437.5,-35.86426
6552659375.0,-35.86295
6552660312.5,-35.85595
6552661250.0,-35.87209
6552662187.5,-35.86202
6552663125.0,-35.86273
6552664062.5,-35.8688
6552665000.0,-35.8779
6552665937.5,-35.85261
6552666875.0,-35.85322
6552667812.5,-35.86736
6552668750.0,-35.86454
6552669687.5,-35.84912
6552670625.0,-35.85538
6552671562.5,-35.85313
6552672500.0,-35.85569
6552673437.5,-35.86787
6552674375.0,-35.86221
6552675312.5,-35.85027
6552676250.0,-35.86141
6552677187.5,-35.85653
6552678125.0,-35.84429
6552679062.5,-35.85408
6552680000.0,-35.85331
6552680937.5,-35.85452
6552681875.0,-35.86152
6552682812.5,-35.85176
6552683750.0,-35.84528
6552684687.5,-35.84307
6552685625.0,-35.84359
6552686562.5,-35.83969
6552687500.0,-35.8377
6552688437.5,-35.84028
6552689375.0,-35.84489
6552690312.5,-35.84241
6552691250.0,-35.84202
6552692187.5,-35.83854
6552693125.0,-35.82747
6552694062.5,-35.83606
6552695000.0,-35.83113
6552695937.5,-35.83959
6552696875.0,-35.83884
6552697812.5,-35.83218
6552698750.0,-35.84438
6552699687.5,-35.8385
6552700625.0,-35.83543
6552701562.5,-35.83052
6552702500.0,-35.81981
6552703437.5,-35.83852
6552704375.0,-35.82761
6552705312.5,-35.83401
6552706250.0,-35.83146
6552707187.5,-35.82229
6552708125.0,-35.82998
6552709062.5,-35.83178
6552710000.0,-35.8115
6552710937.5,-35.82758
6552711875.0,-35.81833
6552712812.5,-35.82114
6552713750.0,-35.82086
6552714687.5,-35.81983
6552715625.0,-35.828
6552716562.5,-35.82046
6552717500.0,-35.81176
6552718437.5,-35.80456
6552719375.0,-35.80634
6552720312.5,-35.82121
6552721250.0,-35.8094
6552722187.5,-35.81264
6552723125.0,-35.8046
6552724062.5,-35.80903
6552725000.0,-35.81183
6552725937.5,-35.81206
6552726875.0,-35.81145
6552727812.5,-35.80436
6552728750.0,-35.8091
6552729687.5,-35.79902
6552730625.0,-35.80046
6552731562.5,-35.79857
6552732500.0,-35.80886
6552733437.5,-35.79082
6552734375.0,-35.79719
6552735312.5,-35.79995
6552736250.0,-35.80764
6552737187.5,-35.7858
6552738125.0,-35.79379
6552739062.5,-35.79987
6552740000.0,-35.8044
6552740937.5,-35.78234
6552741875.0,-35.78764
6552742812.5,-35.79022
6552743750.0,-35.79892
6552744687.5,-35.79098
6552745625.0,-35.80458
6552746562.5,-35.78642
6552747500.0,-35.78727
6552748437.5,-35.79284
6552749375.0,-35.79016
6552750312.5,-35.79309
6552751250.0,-35.78146
6552752187.5,-35.7872
6552753125.0,-35.78568
6552754062.5,-35.78845
6552755000.0,-35.79024
6552755937.5,-35.78737
6552756875.0,-35.78045
6552757812.5,-35.78427
6552758750.0,-35.78617
6552759687.5,-35.78025
6552760625.0,-35.78072
6552761562.5,-35.78078
6552762500.0,-35.78679
6552763437.5,-35.76545
6552764375.0,-35.76513
6552765312.5,-35.7677
6552766250.0,-35.76744
6552767187.5,-35.76519
6552768125.0,-35.76937
6552769062.5,-35.76611
6552770000.0,-35.77473
6552770937.5,-35.7702
6552771875.0,-35.77353
6552772812.5,-35.7704
6552773750.0,-35.7693
6552774687.5,-35.76758
6552775625.0,-35.75976
6552776562.5,-35.76759
6552777500.0,-35.76245
6552778437.5,-35.76183
6552779375.0,-35.76625
6552780312.5,-35.7614
6552781250.0,-35.74451
6552782187.5,-35.76059
6552783125.0,-35.74998
6552784062.5,-35.75676
6552785000.0,-35.75786
6552785937.5,-35.75466
6552786875.0,-35.75271
6552787812.5,-35.75296
6552788750.0,-35.75431
6552789687.5,-35.74741
6552790625.0,-35.75535
6552791562.5,-35.75035
6552792500.0,-35.75462
6552793437.5,-35.75007
6552794375.0,-35.74634
6552795312.5,-35.73834
6552796250.0,-35.74914
6552797187.5,-35.75198
6552798125.0,-35.73808
6552799062.5,-35.73679
6552800000.0,-35.74165
6552800937.5,-35.74178
6552801875.0,-35.7455
6552802812.5,-35.73391
6552803750.0,-35.73777
6552804687.5,-35.75006
6552805625.0,-35.74074
6552806562.5,-35.74387
6552807500.0,-35.73716
6552808437.5,-35.73066
6552809375.0,-35.73156
6552810312.5,-35.74396
6552811250.0,-35.73252
6552812187.5,-35.72898
6552813125.0,-35.72498
6552814062.5,-35.71828
6552815000.0,-35.72364
6552815937.5,-35.72456
6552816875.0,-35.72019
6552817812.5,-35.73745
6552818750.0,-35.72539
6552819687.5,-35.72003
6552820625.0,-35.72547
6552821562.5,-35.71831
6552822500.0,-35.71665
6552823437.5,-35.71527
6552824375.0,-35.71095
6552825312.5,-35.71851
6552826250.0,-35.7149
6552827187.5,-35.72311
6552828125.0,-35.7295
6552829062.5,-35.71817
6552830000.0,-35.71932
6552830937.5,-35.72488
6552831875.0,-35.7117
6552832812.5,-35.71057
6552833750.0,-35.69629
6552834687.5,-35.71101
6552835625.0,-35.69436
6552836562.5,-35.71132
6552837500.0,-35.70944
6552838437.5,-35.70895
6552839375.0,-35.71257
6552840312.5,-35.70676
6552841250.0,-35.70932
6552842187.5,-35.69956
6552843125.0,-35.7007
6552844062.5,-35.70316
6552845000.0,-35.70298
6552845937.5,-35.69324
6552846875.0,-35.70042
6552847812.5,-35.69304
6552848750.0,-35.70585
6552849687.5,-35.69736
6552850625.0,-35.69386
6552851562.5,-35.69667
6552852500.0,-35.68984
6552853437.5,-35.69679
6552854375.0,-35.69336
6552855312.5,-35.68978
6552856250.0,-35.68349
6552857187.5,-35.6843
6552858125.0,-35.681
6552859062.5,-35.6846
6552860000.0,-35.68644
6552860937.5,-35.69334
6552861875.0,-35.68018
6552862812.5,-35.68737
6552863750.0,-35.68148
6552864687.5,-35.67739
6552865625.0,-35.66585
6552866562.5,-35.6768
6552867500.0,-35.68183
6552868437.5,-35.67896
6552869375.0,-35.67899
6552870312.5,-35.67783
6552871250.0,-35.67191
6552872187.5,-35.68581
6552873125.0,-35.6826
6552874062.5,-35.66648
6552875000.0,-35.66421
6552875937.5,-35.65818
6552876875.0,-35.67184
6552877812.5,-35.6741
6552878750.0,-35.67646
6552879687.5,-35.67065
6552880625.0,-35.65957
6552881562.5,-35.66816
6552882500.0,-35.6739
6552883437.5,-35.65539
6552884375.0,-35.65637
6552885312.5,-35.6603
6552886250.0,-35.6526
6552887187.5,-35.66274
6552888125.0,-35.66315
6552889062.5,-35.65181
6552890000.0,-35.65926
6552890937.5,-35.65769
6552891875.0,-35.65377
6552892812.5,-35.65334
6552893750.0,-35.6544
6552894687.5,-35.64738
6552895625.0,-35.65378
6552896562.5,-35.65886
6552897500.0,-35.64706
6552898437.5,-35.65959
6552899375.0,-35.64961
6552900312.5,-35.63627
6552901250.0,-35.65442
6552902187.5,-35.63338
6552903125.0,-35.64096
6552904062.5,-35.64087
6552905000.0,-35.64034
6552905937.5,-35.64143
6552906875.0,-35.64501
6552907812.5,-35.63924
6552908750.0,-35.64307
6552909687.5,-35.63446
6552910625.0,-35.63961
6552911562.5,-35.63577
6552912500.0,-35.63168
6552913437.5,-35.64444
6552914375.0,-35.63758
6552915312.5,-35.62403
6552916250.0,-35.63734
6552917187.5,-35.63793
6552918125.0,-35.62403
6552919062.5,-35.61507
6552920000.0,-35.63585
6552920937.5,-35.63877
6552921875.0,-35.61721
6552922812.5,-35.62647
6552923750.0,-35.62657
6552924687.5,-35.62812
6552925625.0,-35.62228
6552926562.5,-35.6269
6552927500.0,-35.62339
6552928437.5,-35.60728
6552929375.0,-35.63383
6552930312.5,-35.61899
6552931250.0,-35.62386
6552932187.5,-35.61201
6552933125.0,-35.62272
6552934062.5,-35.61707
6552935000.0,-35.62039
6552935937.5,-35.62326
6552936875.0,-35.615
6552937812.5,-35.60165
6552938750.0,-35.60829
6552939687.5,-35.61787
6552940625.0,-35.6193
6552941562.5,-35.61121
6552942500.0,-35.61212
6552943437.5,-35.61085
6552944375.0,-35.59631
6552945312.5,-35.608
6552946250.0,-35.60727
6552947187.5,-35.60632
6552948125.0,-35.60586
6552949062.5,-35.61039
6552950000.0,-35.6062
6552950937.5,-35.60139
6552951875.0,-35.59539
6552952812.5,-35.5914
6552953750.0,-35.59637
6552954687.5,-35.59858
6552955625.0,-35.59489
6552956562.5,-35.6028
6552957500.0,-35.58834
6552958437.5,-35.58602
6552959375.0,-35.59964
6552960312.5,-35.59015
6552961250.0,-35.58532
6552962187.5,-35.5895
6552963125.0,-35.58899
6552964062.5,-35.59324
6552965000.0,-35.59974
6552965937.5,-35.59414
6552966875.0,-35.58955
6552967812.5,-35.58856
6552968750.0,-35.58658
6552969687.5,-35.58378
6552970625.0,-35.578
6552971562.5,-35.58191
6552972500.0,-35.58409
6552973437.5,-35.57832
6552974375.0,-35.57433
6552975312.5,-35.57845
6552976250.0,-35.57624
6552977187.5,-35.56942
6552978125.0,-35.57423
6552979062.5,-35.5787
6552980000.0,-35.56781
6552980937.5,-35.56822
6552981875.0,-35.5675
6552982812.5,-35.57903
6552983750.0,-35.56776
6552984687.5,-35.56466
6552985625.0,-35.56971
6552986562.5,-35.57157
6552987500.0,-35.58005
6552988437.5,-35.5696
6552989375.0,-35.55349
6552990312.5,-35.5609
6552991250.0,-35.5643
6552992187.5,-35.56138
6552993125.0,-35.56326
6552994062.5,-35.55297
6552995000.0,-35.56194
6552995937.5,-35.55272
6552996875.0,-35.55426
6552997812.5,-35.55976
6552998750.0,-35.55146
6552999687.5,-35.56818
6553000625.0,-35.54264
6553001562.5,-35.54713
6553002500.0,-35.54869
6553003437.5,-35.55441
6553004375.0,-35.56915
6553005312.5,-35.55058
6553006250.0,-35.54632
6553007187.5,-35.54016
6553008125.0,-35.5397
6553009062.5,-35.55807
6553010000.0,-35.55128
6553010937.5,-35.54124
6553011875.0,-35.53443
6553012812.5,-35.53631
6553013750.0,-35.54401
6553014687.5,-35.54362
6553015625.0,-35.53892
6553016562.5,-35.54314
6553017500.0,-35.54683
6553018437.5,-35.53933
6553019375.0,-35.53139
6553020312.5,-35.5419
6553021250.0,-35.54506
6553022187.5,-35.52965
6553023125.0,-35.53746
6553024062.5,-35.53579
6553025000.0,-35.53183
6553025937.5,-35.53688
6553026875.0,-35.52537
6553027812.5,-35.53764
6553028750.0,-35.52042
6553029687.5,-35.5345
6553030625.0,-35.52377
6553031562.5,-35.52523
6553032500.0,-35.51952
6553033437.5,-35.51733
6553034375.0,-35.5266
6553035312.5,-35.51737
6553036250.0,-35.52226
6553037187.5,-35.51976
6553038125.0,-35.51661
6553039062.5,-35.52792
6553040000.0,-35.50804
6553040937.5,-35.50771
6553041875.0,-35.51937
6553042812.5,-35.52674
6553043750.0,-35.51036
6553044687.5,-35.51016
6553045625.0,-35.51358
6553046562.5,-35.49722
6553047500.0,-35.51337
6553048437.5,-35.50536
6553049375.0,-35.50301
6553050312.5,-35.50123
6553051250.0,-35.50585
6553052187.5,-35.5018
6553053125.0,-35.49828
6553054062.5,-35.51297
6553055000.0,-35.48886
6553055937.5,-35.50624
6553056875.0,-35.50252
6553057812.5,-35.50676
6553058750.0,-35.49585
6553059687.5,-35.50139
6553060625.0,-35.49022
6553061562.5,-35.50748
6553062500.0,-35.50614
6553063437.5,-35.4865
6553064375.0,-35.49645
6553065312.5,-35.49293
6553066250.0,-35.49873
6553067187.5,-35.49561
6553068125.0,-35.48653
6553069062.5,-35.48964
6553070000.0,-35.48964
6553070937.5,-35.48078
6553071875.0,-35.4953
6553072812.5,-35.49757
6553073750.0,-35.47811
6553074687.5,-35.48283
6553075625.0,-35.48097
6553076562.5,-35.47258
6553077500.0,-35.47808
6553078437.5,-35.4901
6553079375.0,-35.47272
6553080312.5,-35.46703
6553081250.0,-35.47955
6553082187.5,-35.48124
6553083125.0,-35.47393
6553084062.5,-35.46782
6553085000.0,-35.47281
6553085937.5,-35.47147
6553086875.0,-35.47612
6553087812.5,-35.47052
6553088750.0,-35.4837
6553089687.5,-35.46937
6553090625.0,-35.46352
6553091562.5,-35.4721
6553092500.0,-35.47672
6553093437.5,-35.46733
6553094375.0,-35.46888
6553095312.5,-35.45643
6553096250.0,-35.46279
6553097187.5,-35.458
6553098125.0,-35.47201
6553099062.5,-35.46831
6553100000.0,-35.46757
6553100937.5,-35.45851
6553101875.0,-35.45634
6553102812.5,-35.45593
6553103750.0,-35.45536
6553104687.5,-35.45644
6553105625.0,-35.45773
6553106562.5,-35.45773
6553107500.0,-35.45851
6553108437.5,-35.46127
6553109375.0,-35.44937
6553110312.5,-35.45023
6553111250.0,-35.44641
6553112187.5,-35.44769
6553113125.0,-35.45184
6553114062.5,-35.4519
6553115000.0,-35.44046
6553115937.5,-35.44947
6553116875.0,-35.43877
6553117812.5,-35.43942
6553118750.0,-35.44589
6553119687.5,-35.44343
6553120625.0,-35.43933
6553121562.5,-35.43146
6553122500.0,-35.44093
6553123437.5,-35.44539
6553124375.0,-35.42673
6553125312.5,-35.42636
6553126250.0,-35.43437
6553127187.5,-35.43259
6553128125.0,-35.4441
6553129062.5,-35.4394
6553130000.0,-35.43125
6553130937.5,-35.43406
6553131875.0,-35.41812
6553132812.5,-35.43714
6553133750.0,-35.42965
6553134687.5,-35.42407
6553135625.0,-35.4267
6553136562.5,-35.41892
6553137500.0,-35.42842
6553138437.5,-35.42245
6553139375.0,-35.42312
6553140312.5,-35.42131
6553141250.0,-35.41572
6553142187.5,-35.41933
6553143125.0,-35.42235
6553144062.5,-35.41732
6553145000.0,-35.41907
6553145937.5,-35.41911
6553146875.0,-35.4209
6553147812.5,-35.41187
6553148750.0,-35.40891
6553149687.5,-35.40186
6553150625.0,-35.40265
6553151562.5,-35.4085
6553152500.0,-35.41218
6553153437.5,-35.41167
6553154375.0,-35.4194
6553155312.5,-35.41857
6553156250.0,-35.40317
6553157187.5,-35.40899
6553158125.0,-35.39806
6553159062.5,-35.416
6553160000.0,-35.4039
6553160937.5,-35.40834
6553161875.0,-35.40469
6553162812.5,-35.39993
6553163750.0,-35.41309
6553164687.5,-35.39595
6553165625.0,-35.38885
6553166562.5,-35.40711
6553167500.0,-35.39952
6553168437.5,-35.39621
6553169375.0,-35.40258
6553170312.5,-35.3975
6553171250.0,-35.39649
6553172187.5,-35.39511
6553173125.0,-35.39262
6553174062.5,-35.381
6553175000.0,-35.38886
6553175937.5,-35.39048
6553176875.0,-35.38546
6553177812.5,-35.38034
6553178750.0,-35.38893
6553179687.5,-35.39385
6553180625.0,-35.38992
6553181562.5,-35.38105
6553182500.0,-35.37958
6553183437.5,-35.38099
6553184375.0,-35.36494
6553185312.5,-35.38345
6553186250.0,-35.36708
6553187187.5,-35.3747
6553188125.0,-35.36663
6553189062.5,-35.38342
6553190000.0,-35.36899
6553190937.5,-35.3773
6553191875.0,-35.37803
6553192812.5,-35.37608
6553193750.0,-35.36656
6553194687.5,-35.37804
6553195625.0,-35.37215
6553196562.5,-35.36658
6553197500.0,-35.36572
6553198437.5,-35.36738
6553199375.0,-35.37189
6553200312.5,-35.36528
6553201250.0,-35.37283
6553202187.5,-35.3713
6553203125.0,-35.37653
6553204062.5,-35.36015
6553205000.0,-35.36127
6553205937.5,-35.35345
6553206875.0,-35.3657
6553207812.5,-35.34753
6553208750.0,-35.34431
6553209687.5,-35.36007
6553210625.0,-35.352
6553211562.5,-35.35602
6553212500.0,-35.35788
6553213437.5,-35.35277
6553214375.0,-35.3539
6553215312.5,-35.3438
6553216250.0,-35.33804
6553217187.5,-35.34585
6553218125.0,-35.36222
6553219062.5,-35.34554
6553220000.0,-35.34263
6553220937.5,-35.33458
6553221875.0,-35.3464
6553222812.5,-35.34925
6553223750.0,-35.34696
6553224687.5,-35.33841
6553225625.0,-35.33378
6553226562.5,-35.34016
6553227500.0,-35.34331
6553228437.5,-35.34147
6553229375.0,-35.33581
6553230312.5,-35.33205
6553231250.0,-35.33372
6553232187.5,-35.33504
6553233125.0,-35.33278
6553234062.5,-35.33524
6553235000.0,-35.33358
6553235937.5,-35.32654
6553236875.0,-35.34026
6553237812.5,-35.32781
6553238750.0,-35.32965
6553239687.5,-35.32541
6553240625.0,-35.32316
6553241562.5,-35.3311
6553242500.0,-35.32203
6553243437.5,-35.31336
6553244375.0,-35.32413
6553245312.5,-35.31132
6553246250.0,-35.33087
6553247187.5,-35.32748
6553248125.0,-35.3139
6553249062.5,-35.31129
6553250000.0,-35.31741
6553250937.5,-35.31435
6553251875.0,-35.30617
6553252812.5,-35.31063
6553253750.0,-35.32524
6553254687.5,-35.30969
6553255625.0,-35.31331
6553256562.5,-35.30584
6553257500.0,-35.30822
6553258437.5,-35.3092
6553259375.0,-35.31184
6553260312.5,-35.3054
6553261250.0,-35.30354
6553262187.5,-35.30677
6553263125.0,-35.30366
6553264062.5,-35.29809
6553265000.0,-35.30808
6553265937.5,-35.3088
6553266875.0,-35.29947
6553267812.5,-35.29442
6553268750.0,-35.30119
6553269687.5,-35.29232
6553270625.0,-35.29704
6553271562.5,-35.30217
6553272500.0,-35.30266
6553273437.5,-35.2945
6553274375.0,-35.29468
6553275312.5,-35.28861
6553276250.0,-35.28987
6553277187.5,-35.28216
6553278125.0,-35.28614
6553279062.5,-35.29488
6553280000.0,-35.27783
6553280937.5,-35.27964
6553281875.0,-35.29181
6553282812.5,-35.2905
6553283750.0,-35.28184
6553284687.5,-35.28318
6553285625.0,-35.28556
6553286562.5,-35.28945
6553287500.0,-35.28353
6553288437.5,-35.27542
6553289375.0,-35.27912
6553290312.5,-35.28035
6553291250.0,-35.27766
6553292187.5,-35.28164
6553293125.0,-35.28716
6553294062.5,-35.27798
6553295000.0,-35.26634
6553295937.5,-35.26764
6553296875.0,-35.26302
6553297812.5,-35.27645
6553298750.0,-35.27414
6553299687.5,-35.27523
6553300625.0,-35.2687
6553301562.5,-35.26822
6553302500.0,-35.2579
6553303437.5,-35.27021
6553304375.0,-35.26653
6553305312.5,-35.2649
6553306250.0,-35.26792
6553307187.5,-35.25581
6553308125.0,-35.26402
6553309062.5,-35.26004
6553310000.0,-35.25256
6553310937.5,-35.24584
6553311875.0,-35.25334
6553312812.5,-35.24778
6553313750.0,-35.24841
6553314687.5,-35.25615
6553315625.0,-35.26098
6553316562.5,-35.25489
6553317500.0,-35.27397
6553318437.5,-35.25845
6553319375.0,-35.25026
6553320312.5,-35.2503
6553321250.0,-35.23758
6553322187.5,-35.25072
6553323125.0,-35.2505
6553324062.5,-35.2498
6553325000.0,-35.24667
6553325937.5,-35.24855
6553326875.0,-35.23279
6553327812.5,-35.24231
6553328750.0,-35.2433
6553329687.5,-35.23863
6553330625.0,-35.23817
6553331562.5,-35.23066
6553332500.0,-35.23077
6553333437.5,-35.23338
6553334375.0,-35.23552
6553335312.5,-35.23238
6553336250.0,-35.22411
6553337187.5,-35.23915
6553338125.0,-35.23042
6553339062.5,-35.24403
6553340000.0,-35.22786
6553340937.5,-35.22031
6553341875.0,-35.22582
6553342812.5,-35.23504
6553343750.0,-35.22893
6553344687.5,-35.23495
6553345625.0,-35.22152
6553346562.5,-35.22417
6553347500.0,-35.22015
6553348437.5,-35.22671
6553349375.0,-35.2156
6553350312.5,-35.22437
6553351250.0,-35.22655
6553352187.5,-35.21917
6553353125.0,-35.2138
6553354062.5,-35.21535
6553355000.0,-35.20435
6553355937.5,-35.21412
6553356875.0,-35.21332
6553357812.5,-35.21192
6553358750.0,-35.22584
6553359687.5,-35.22303
6553360625.0,-35.20347
6553361562.5,-35.21391
6553362500.0,-35.20309
6553363437.5,-35.19362
6553364375.0,-35.20311
6553365312.5,-35.20434
6553366250.0,-35.20266
6553367187.5,-35.20658
6553368125.0,-35.20662
6553369062.5,-35.20807
6553370000.0,-35.20441
6553370937.5,-35.2021
6553371875.0,-35.19407
6553372812.5,-35.19862
6553373750.0,-35.19273
6553374687.5,-35.19386
6553375625.0,-35.19178
6553376562.5,-35.19739
6553377500.0,-35.18913
6553378437.5,-35.1899
6553379375.0,-35.18844
6553380312.5,-35.18622
6553381250.0,-35.18936
6553382187.5,-35.18991
6553383125.0,-35.19646
6553384062.5,-35.18861
6553385000.0,-35.19678
6553385937.5,-35.17939
6553386875.0,-35.17899
6553387812.5,-35.1864
6553388750.0,-35.17617
6553389687.5,-35.17395
6553390625.0,-35.18416
6553391562.5,-35.18799
6553392500.0,-35.17867
6553393437.5,-35.17392
6553394375.0,-35.1791
6553395312.5,-35.16607
6553396250.0,-35.16899
6553397187.5,-35.16835
6553398125.0,-35.17581
6553399062.5,-35.16591
6553400000.0,-35.17264
6553400937.5,-35.16581
6553401875.0,-35.18143
6553402812.5,-35.16293
6553403750.0,-35.17362
6553404687.5,-35.16964
6553405625.0,-35.16298
6553406562.5,-35.17587
6553407500.0,-35.1666
6553408437.5,-35.15842
6553409375.0,-35.16585
6553410312.5,-35.16578
6553411250.0,-35.16186
6553412187.5,-35.16554
6553413125.0,-35.15132
6553414062.5,-35.16404
6553415000.0,-35.14961
6553415937.5,-35.15284
6553416875.0,-35.14394
6553417812.5,-35.15168
6553418750.0,-35.1526
6553419687.5,-35.14807
6553420625.0,-35.15307
6553421562.5,-35.15558
6553422500.0,-35.16343
6553423437.5,-35.14318
6553424375.0,-35.14766
6553425312.5,-35.1446
6553426250.0,-35.14618
6553427187.5,-35.15369
6553428125.0,-35.14571
6553429062.5,-35.14328
6553430000.0,-35.12855
6553430937.5,-35.14872
6553431875.0,-35.14959
6553432812.5,-35.14201
6553433750.0,-35.13524
6553434687.5,-35.13731
6553435625.0,-35.14079
6553436562.5,-35.13889
6553437500.0,-35.13444
6553438437.5,-35.12968
6553439375.0,-35.1309
6553440312.5,-35.12705
6553441250.0,-35.13852
6553442187.5,-35.13039
6553443125.0,-35.13488
6553444062.5,-35.1169
6553445000.0,-35.13546
6553445937.5,-35.12562
6553446875.0,-35.13502
6553447812.5,-35.11285
6553448750.0,-35.11926
6553449687.5,-35.11815
6553450625.0,-35.12509
6553451562.5,-35.12076
6553452500.0,-35.11709
6553453437.5,-35.12046
6553454375.0,-35.12135
6553455312.5,-35.12828
6553456250.0,-35.10961
6553457187.5,-35.1247
6553458125.0,-35.11776
6553459062.5,-35.11777
6553460000.0,-35.10766
6553460937.5,-35.10921
6553461875.0,-35.1188
6553462812.5,-35.10809
6553463750.0,-35.10366
6553464687.5,-35.11703
6553465625.0,-35.10511
6553466562.5,-35.10602
6553467500.0,-35.09607
6553468437.5,-35.10477
6553469375.0,-35.10511
6553470312.5,-35.10847
6553471250.0,-35.10596
6553472187.5,-35.09883
6553473125.0,-35.08414
6553474062.5,-35.09819
6553475000.0,-35.10128
6553475937.5,-35.10117
6553476875.0,-35.10081
6553477812.5,-35.09235
6553478750.0,-35.08378
6553479687.5,-35.08264
6553480625.0,-35.09735
6553481562.5,-35.08558
6553482500.0,-35.09346
6553483437.5,-35.08879
6553484375.0,-35.09653
6553485312.5,-35.0824
6553486250.0,-35.0881
6553487187.5,-35.08442
6553488125.0,-35.09293
6553489062.5,-35.08629
6553490000.0,-35.08823
6553490937.5,-35.08524
6553491875.0,-35.07566
6553492812.5,-35.07886
6553493750.0,-35.08026
6553494687.5,-35.07605
6553495625.0,-35.07914
6553496562.5,-35.06487
6553497500.0,-35.07597
6553498437.5,-35.07817
6553499375.0,-35.07821
6553500312.5,-35.07706
6553501250.0,-35.07166
6553502187.5,-35.06251
6553503125.0,-35.0784
6553504062.5,-35.07383
6553505000.0,-35.06932
6553505937.5,-35.07571
6553506875.0,-35.06456
6553507812.5,-35.06128
6553508750.0,-35.06553
6553509687.5,-35.07468
6553510625.0,-35.06738
6553511562.5,-35.05698
6553512500.0,-35.06192
6553513437.5,-35.06632
6553514375.0,-35.06366
6553515312.5,-35.06017
6553516250.0,-35.05524
6553517187.5,-35.05698
6553518125.0,-35.06416
6553519062.5,-35.04671
6553520000.0,-35.04831
6553520937.5,-35.05111
6553521875.0,-35.04872
6553522812.5,-35.04989
6553523750.0,-35.04718
6553524687.5,-35.03992
6553525625.0,-35.04333
6553526562.5,-35.05551
6553527500.0,-35.04632
6553528437.5,-35.04919
6553529375.0,-35.04048
6553530312.5,-35.04073
6553531250.0,-35.04244
6553532187.5,-35.04598
6553533125.0,-35.02213
6553534062.5,-35.04185
6553535000.0,-35.03265
6553535937.5,-35.03397
6553536875.0,-35.0315
6553537812.5,-35.03291
6553538750.0,-35.02789
6553539687.5,-35.03492
6553540625.0,-35.03492
6553541562.5,-35.03411
6553542500.0,-35.02606
6553543437.5,-35.02463
6553544375.0,-35.02432
6553545312.5,-35.03275
6553546250.0,-35.02471
6553547187.5,-35.03223
6553548125.0,-35.02426
6553549062.5,-35.03232
6553550000.0,-35.01812
6553550937.5,-35.0186
6553551875.0,-35.02006
6553552812.5,-35.01385
6553553750.0,-35.02512
6553554687.5,-35.02327
6553555625.0,-35.02258
6553556562.5,-35.00616
6553557500.0,-35.00296
6553558437.5,-35.02017
6553559375.0,-35.01649
6553560312.5,-35.015
6553561250.0,-35.00503
6553562187.5,-35.00734
6553563125.0,-35.00898
6553564062.5,-35.00684
6553565000.0,-35.00938
6553565937.5,-35.01126
6553566875.0,-35.00554
6553567812.5,-35.00316
6553568750.0,-35.00343
6553569687.5,-34.99998
6553570625.0,-35.00765
6553571562.5,-34.99461
6553572500.0,-35.00105
6553573437.5,-34.99587
6553574375.0,-35.00721
6553575312.5,-34.99602
6553576250.0,-34.99369
6553577187.5,-34.9891
6553578125.0,-35.00098
6553579062.5,-34.99195
6553580000.0,-34.992
6553580937.5,-34.9823
6553581875.0,-34.99466
6553582812.5,-34.99778
6553583750.0,-34.99045
6553584687.5,-34.98772
6553585625.0,-34.98784
6553586562.5,-34.97768
6553587500.0,-34.99203
6553588437.5,-34.97852
6553589375.0,-34.97982
6553590312.5,-34.97496
6553591250.0,-34.98131
6553592187.5,-34.97755
6553593125.0,-34.99197
6553594062.5,-34.99009
6553595000.0,-34.98547
6553595937.5,-34.99027
6553596875.0,-34.96956
6553597812.5,-34.96526
6553598750.0,-34.97125
6553599687.5,-34.97365
6553600625.0,-34.97937
6553601562.5,-34.97067
6553602500.0,-34.977
6553603437.5,-34.97487
6553604375.0,-34.9688
6553605312.5,-34.96641
6553606250.0,-34.96841
6553607187.5,-34.96425
6553608125.0,-34.97323
6553609062.5,-34.95778
6553610000.0,-34.96368
6553610937.5,-34.97062
6553611875.0,-34.96219
6553612812.5,-34.96363
6553613750.0,-34.95581
6553614687.5,-34.954
6553615625.0,-34.95968
6553616562.5,-34.9567
6553617500.0,-34.95745
6553618437.5,-34.95194
6553619375.0,-34.95186
6553620312.5,-34.95015
6553621250.0,-34.95568
6553622187.5,-34.96127
6553623125.0,-34.95695
6553624062.5,-34.95441
6553625000.0,-34.94704
6553625937.5,-34.94659
6553626875.0,-34.94442
6553627812.5,-34.95274
6553628750.0,-34.94013
6553629687.5,-34.93265
6553630625.0,-34.93676
6553631562.5,-34.94304
6553632500.0,-34.92759
6553633437.5,-34.9416
6553634375.0,-34.94252
6553635312.5,-34.93158
6553636250.0,-34.93174
6553637187.5,-34.94574
6553638125.0,-34.93894
6553639062.5,-34.92908
6553640000.0,-34.92535
6553640937.5,-34.93267
6553641875.0,-34.93517
6553642812.5,-34.9276
6553643750.0,-34.92231
6553644687.5,-34.92465
6553645625.0,-34.91306
6553646562.5,-34.92851
6553647500.0,-34.93165
6553648437.5,-34.92603
6553649375.0,-34.92606
6553650312.5,-34.92463
6553651250.0,-34.92409
6553652187.5,-34.92409
6553653125.0,-34.92366
6553654062.5,-34.90814
6553655000.0,-34.92513
6553655937.5,-34.92146
6553656875.0,-34.90976
6553657812.5,-34.92045
6553658750.0,-34.90958
6553659687.5,-34.90864
6553660625.0,-34.91336
6553661562.5,-34.91207
6553662500.0,-34.90662
6553663437.5,-34.90516
6553664375.0,-34.91987
6553665312.5,-34.89568
6553666250.0,-34.9093
6553667187.5,-34.90071
6553668125.0,-34.90751
6553669062.5,-34.90542
6553670000.0,-34.90395
6553670937.5,-34.90031
6553671875.0,-34.90368
6553672812.5,-34.91821
6553673750.0,-34.91912
6553674687.5,-34.90028
6553675625.0,-34.89606
6553676562.5,-34.89867
6553677500.0,-34.88839
6553678437.5,-34.88911
6553679375.0,-34.89351
6553680312.5,-34.89481
6553681250.0,-34.89097
6553682187.5,-34.88798
6553683125.0,-34.89922
6553684062.5,-34.88
6553685000.0,-34.88787
6553685937.5,-34.89535
6553686875.0,-34.88409
6553687812.5,-34.88178
6553688750.0,-34.88108
6553689687.5,-34.88251
6553690625.0,-34.87986
6553691562.5,-34.88482
6553692500.0,-34.87659
6553693437.5,-34.88059
6553694375.0,-34.87934
6553695312.5,-34.87879
6553696250.0,-34.87526
6553697187.5,-34.87859
6553698125.0,-34.87693
6553699062.5,-34.86565
6553700000.0,-34.87788
6553700937.5,-34.86428
6553701875.0,-34.87301
6553702812.5,-34.87101
6553703750.0,-34.87261
6553704687.5,-34.86996
6553705625.0,-34.85607
6553706562.5,-34.86842
6553707500.0,-34.86145
6553708437.5,-34.86941
6553709375.0,-34.86122
6553710312.5,-34.86122
6553711250.0,-34.86308
6553712187.5,-34.85971
6553713125.0,-34.85662
6553714062.5,-34.86067
6553715000.0,-34.86366
6553715937.5,-34.85991
6553716875.0,-34.8602
6553717812.5,-34.85053
6553718750.0,-34.84689
6553719687.5,-34.85546
6553720625.0,-34.85521
6553721562.5,-34.84983
6553722500.0,-34.84905
6553723437.5,-34.84955
6553724375.0,-34.84635
6553725312.5,-34.85221
6553726250.0,-34.8437
6553727187.5,-34.84566
6553728125.0,-34.8368
6553729062.5,-34.84302
6553730000.0,-34.83565
6553730937.5,-34.8441
6553731875.0,-34.84167
6553732812.5,-34.83809
6553733750.0,-34.842
6553734687.5,-34.84768
6553735625.0,-34.83255
6553736562.5,-34.82433
6553737500.0,-34.84
6553738437.5,-34.83469
6553739375.0,-34.83107
6553740312.5,-34.83701
6553741250.0,-34.8319
6553742187.5,-34.82417
6553743125.0,-34.82346
6553744062.5,-34.82671
6553745000.0,-34.83401
6553745937.5,-34.8222
6553746875.0,-34.8205
6553747812.5,-34.81413
6553748750.0,-34.82761
6553749687.5,-34.81697
6553750625.0,-34.82002
6553751562.5,-34.81521
6553752500.0,-34.82132
6553753437.5,-34.81723
6553754375.0,-34.81349
6553755312.5,-34.80736
6553756250.0,-34.81496
6553757187.5,-34.80673
6553758125.0,-34.81697
6553759062.5,-34.81046
6553760000.0,-34.81464
6553760937.5,-34.81388
6553761875.0,-34.80391
6553762812.5,-34.80229
6553763750.0,-34.80105
6553764687.5,-34.81499
6553765625.0,-34.80052
6553766562.5,-34.80579
6553767500.0,-34.80486
6553768437.5,-34.81035
6553769375.0,-34.79525
6553770312.5,-34.79193
6553771250.0,-34.79737
6553772187.5,-34.80202
6553773125.0,-34.78643
6553774062.5,-34.79869
6553775000.0,-34.79478
6553775937.5,-34.80235
6553776875.0,-34.79348
6553777812.5,-34.7941
6553778750.0,-34.787
6553779687.5,-34.79204
6553780625.0,-34.78795
6553781562.5,-34.78599
6553782500.0,-34.78981
6553783437.5,-34.78003
6553784375.0,-34.79265
6553785312.5,-34.7818
6553786250.0,-34.79327
6553787187.5,-34.77786
6553788125.0,-34.77751
6553789062.5,-34.78686
6553790000.0,-34.78949
6553790937.5,-34.78129
6553791875.0,-34.77409
6553792812.5,-34.77357
6553793750.0,-34.77547
6553794687.5,-34.77849
6553795625.0,-34.77425
6553796562.5,-34.77888
6553797500.0,-34.77055
6553798437.5,-34.77606
6553799375.0,-34.77718
6553800312.5,-34.77375
6553801250.0,-34.77326
6553802187.5,-34.77167
6553803125.0,-34.76824
6553804062.5,-34.76943
6553805000.0,-34.76314
6553805937.5,-34.76957
6553806875.0,-34.75986
6553807812.5,-34.76181
6553808750.0,-34.76693
6553809687.5,-34.76194
6553810625.0,-34.75571
6553811562.5,-34.75053
6553812500.0,-34.75692
6553813437.5,-34.74928
6553814375.0,-34.75782
6553815312.5,-34.74499
6553816250.0,-34.75768
6553817187.5,-34.74541
6553818125.0,-34.75376
6553819062.5,-34.75497
6553820000.0,-34.74296
6553820937.5,-34.75024
6553821875.0,-34.75104
6553822812.5,-34.74554
6553823750.0,-34.74531
6553824687.5,-34.74249
6553825625.0,-34.74714
6553826562.5,-34.73505
6553827500.0,-34.74198
6553828437.5,-34.74426
6553829375.0,-34.73761
6553830312.5,-34.74083
6553831250.0,-34.73678
6553832187.5,-34.72575
6553833125.0,-34.74164
6553834062.5,-34.73481
6553835000.0,-34.73365
6553835937.5,-34.7332
6553836875.0,-34.73669
6553837812.5,-34.73304
6553838750.0,-34.73069
6553839687.5,-34.72208
6553840625.0,-34.72587
6553841562.5,-34.72701
6553842500.0,-34.72103
6553843437.5,-34.71775
6553844375.0,-34.71056
6553845312.5,-34.71581
6553846250.0,-34.71738
6553847187.5,-34.72216
6553848125.0,-34.72905
6553849062.5,-34.71997
6553850000.0,-34.71934
6553850937.5,-34.71957
6553851875.0,-34.72467
6553852812.5,-34.7105
6553853750.0,-34.71373
6553854687.5,-34.72256
6553855625.0,-34.71697
6553856562.5,-34.70952
6553857500.0,-34.70718
6553858437.5,-34.71179
6553859375.0,-34.70378
6553860312.5,-34.70468
6553861250.0,-34.70713
6553862187.5,-34.70321
6553863125.0,-34.71498
6553864062.5,-34.7047
6553865000.0,-34.70137
6553865937.5,-34.70139
6553866875.0,-34.70414
6553867812.5,-34.68858
6553868750.0,-34.69199
6553869687.5,-34.69018
6553870625.0,-34.70521
6553871562.5,-34.69924
6553872500.0,-34.69329
6553873437.5,-34.69476
6553874375.0,-34.69098
6553875312.5,-34.68898
6553876250.0,-34.68536
6553877187.5,-34.68446
6553878125.0,-34.6851
6553879062.5,-34.68664
6553880000.0,-34.67974
6553880937.5,-34.69311
6553881875.0,-34.68167
6553882812.5,-34.67822
6553883750.0,-34.67967
6553884687.5,-34.6853
6553885625.0,-34.68066
6553886562.5,-34.67051
6553887500.0,-34.6798
6553888437.5,-34.68562
6553889375.0,-34.66638
6553890312.5,-34.67068
6553891250.0,-34.66739
6553892187.5,-34.67855
6553893125.0,-34.66952
6553894062.5,-34.67414
6553895000.0,-34.67183
6553895937.5,-34.67191
6553896875.0,-34.6729
6553897812.5,-34.66995
6553898750.0,-34.65967
6553899687.5,-34.66175
6553900625.0,-34.66822
6553901562.5,-34.65949
6553902500.0,-34.65718
6553903437.5,-34.67402
6553904375.0,-34.65903
6553905312.5,-34.64855
6553906250.0,-34.67238
6553907187.5,-34.65673
6553908125.0,-34.6606
6553909062.5,-34.66053
6553910000.0,-34.66549
6553910937.5,-34.65279
6553911875.0,-34.65066
6553912812.5,-34.65385
6553913750.0,-34.65452
6553914687.5,-34.65504
6553915625.0,-34.64411
6553916562.5,-34.64673
6553917500.0,-34.65693
6553918437.5,-34.65472
6553919375.0,-34.64844
6553920312.5,-34.65086
6553921250.0,-34.64563
6553922187.5,-34.64479
6553923125.0,-34.64602
6553924062.5,-34.64136
6553925000.0,-34.64462
6553925937.5,-34.63024
6553926875.0,-34.62635
6553927812.5,-34.64253
6553928750.0,-34.64236
6553929687.5,-34.62849
6553930625.0,-34.63292
6553931562.5,-34.63736
6553932500.0,-34.63433
6553933437.5,-34.63258
6553934375.0,-34.64179
6553935312.5,-34.63404
6553936250.0,-34.62532
6553937187.5,-34.6256
6553938125.0,-34.62459
6553939062.5,-34.62858
6553940000.0,-34.62046
6553940937.5,-34.6202
6553941875.0,-34.62393
6553942812.5,-34.62344
6553943750.0,-34.61836
6553944687.5,-34.61179
6553945625.0,-34.61865
6553946562.5,-34.61824
6553947500.0,-34.61349
6553948437.5,-34.61927
6553949375.0,-34.61988
6553950312.5,-34.61521
6553951250.0,-34.61406
6553952187.5,-34.60793
6553953125.0,-34.61089
6553954062.5,-34.61407
6553955000.0,-34.60757
6553955937.5,-34.61455
6553956875.0,-34.60087
6553957812.5,-34.60769
6553958750.0,-34.59748
6553959687.5,-34.6132
6553960625.0,-34.6039
6553961562.5,-34.61264
6553962500.0,-34.59939
6553963437.5,-34.59588
6553964375.0,-34.58975
6553965312.5,-34.61145
6553966250.0,-34.59927
6553967187.5,-34.59851
6553968125.0,-34.59309
6553969062.5,-34.58942
6553970000.0,-34.59167
6553970937.5,-34.5938
6553971875.0,-34.59658
6553972812.5,-34.59845
6553973750.0,-34.58908
6553974687.5,-34.59355
6553975625.0,-34.58146
6553976562.5,-34.59002
6553977500.0,-34.59318
6553978437.5,-34.59466
6553979375.0,-34.58059
6553980312.5,-34.58757
6553981250.0,-34.57497
6553982187.5,-34.57253
6553983125.0,-34.58466
6553984062.5,-34.57608
6553985000.0,-34.5761
6553985937.5,-34.57637
6553986875.0,-34.56963
6553987812.5,-34.57196
6553988750.0,-34.56852
6553989687.5,-34.56424
6553990625.0,-34.57497
6553991562.5,-34.57932
6553992500.0,-34.57279
6553993437.5,-34.56918
6553994375.0,-34.56881
6553995312.5,-34.56432
6553996250.0,-34.56994
6553997187.5,-34.56216
6553998125.0,-34.56911
6553999062.5,-34.56148
6554000000.0,-34.55534
6554000937.5,-34.57125
6554001875.0,-34.55396
6554002812.5,-34.56929
6554003750.0,-34.55775
6554004687.5,-34.55402
6554005625.0,-34.55782
6554006562.5,-34.55057
6554007500.0,-34.56028
6554008437.5,-34.55274
6554009375.0,-34.55429
6554010312.5,-34.55561
6554011250.0,-34.54885
6554012187.5,-34.54253
6554013125.0,-34.54731
6554014062.5,-34.54351
6554015000.0,-34.54979
6554015937.5,-34.54205
6554016875.0,-34.55495
6554017812.5,-34.53981
6554018750.0,-34.53667
6554019687.5,-34.54034
6554020625.0,-34.53514
6554021562.5,-34.53103
6554022500.0,-34.5275
6554023437.5,-34.53639
6554024375.0,-34.5344
6554025312.5,-34.52512
6554026250.0,-34.52769
6554027187.5,-34.53679
6554028125.0,-34.52706
6554029062.5,-34.53608
6554030000.0,-34.52859
6554030937.5,-34.53045
6554031875.0,-34.53131
6554032812.5,-34.51985
6554033750.0,-34.52771
6554034687.5,-34.52919
6554035625.0,-34.52349
6554036562.5,-34.52448
6554037500.0,-34.52025
6554038437.5,-34.51524
6554039375.0,-34.51797
6554040312.5,-34.52272
6554041250.0,-34.52336
6554042187.5,-34.52452
6554043125.0,-34.52026
6554044062.5,-34.51454
6554045000.0,-34.51298
6554045937.5,-34.51344
6554046875.0,-34.5153
6554047812.5,-34.51583
6554048750.0,-34.50409
6554049687.5,-34.51256
6554050625.0,-34.51174
6554051562.5,-34.50233
6554052500.0,-34.50742
6554053437.5,-34.50623
6554054375.0,-34.50143
6554055312.5,-34.50583
6554056250.0,-34.50518
6554057187.5,-34.49519
6554058125.0,-34.50042
6554059062.5,-34.49424
6554060000.0,-34.4969
6554060937.5,-34.49291
6554061875.0,-34.48836
6554062812.5,-34.49718
6554063750.0,-34.49926
6554064687.5,-34.49276
6554065625.0,-34.49376
6554066562.5,-34.48972
6554067500.0,-34.49006
6554068437.5,-34.4931
6554069375.0,-34.49315
6554070312.5,-34.48455
6554071250.0,-34.4777
6554072187.5,-34.48268
6554073125.0,-34.48523
6554074062.5,-34.49097
6554075000.0,-34.48278
6554075937.5,-34.4862
6554076875.0,-34.48286
6554077812.5,-34.48361
6554078750.0,-34.48421
6554079687.5,-34.47831
6554080625.0,-34.47708
6554081562.5,-34.47312
6554082500.0,-34.47549
6554083437.5,-34.46786
6554084375.0,-34.46505
6554085312.5,-34.47532
6554086250.0,-34.46326
6554087187.5,-34.47401
6554088125.0,-34.47151
6554089062.5,-34.47031
6554090000.0,-34.46888
6554090937.5,-34.46399
6554091875.0,-34.46896
6554092812.5,-34.46138
6554093750.0,-34.46162
6554094687.5,-34.45889
6554095625.0,-34.45489
6554096562.5,-34.46481
6554097500.0,-34.4616
6554098437.5,-34.46375
6554099375.0,-34.45633
6554100312.5,-34.45366
6554101250.0,-34.45832
6554102187.5,-34.46157
6554103125.0,-34.44842
6554104062.5,-34.45224
6554105000.0,-34.46037
6554105937.5,-34.44781
6554106875.0,-34.44916
6554107812.5,-34.44528
6554108750.0,-34.45046
6554109687.5,-34.43819
6554110625.0,-34.44644
6554111562.5,-34.44376
6554112500.0,-34.44354
6554113437.5,-34.43658
6554114375.0,-34.43909
6554115312.5,-34.43227
6554116250.0,-34.44078
6554117187.5,-34.43868
6554118125.0,-34.43898
6554119062.5,-34.4388
6554120000.0,-34.43422
6554120937.5,-34.43314
6554121875.0,-34.43861
6554122812.5,-34.43282
6554123750.0,-34.42549
6554124687.5,-34.43091
6554125625.0,-34.43362
6554126562.5,-34.43222
6554127500.0,-34.41677
6554128437.5,-34.42742
6554129375.0,-34.42342
6554130312.5,-34.41552
6554131250.0,-34.41895
6554132187.5,-34.42199
6554133125.0,-34.41643
6554134062.5,-34.41503
6554135000.0,-34.41965
6554135937.5,-34.41989
6554136875.0,-34.41748
6554137812.5,-34.41936
6554138750.0,-34.41755
6554139687.5,-34.41045
6554140625.0,-34.40723
6554141562.5,-34.41529
6554142500.0,-34.40727
6554143437.5,-34.40559
6554144375.0,-34.40103
6554145312.5,-34.40695
6554146250.0,-34.40286
6554147187.5,-34.40615
6554148125.0,-34.39828
6554149062.5,-34.39618
6554150000.0,-34.4012
6554150937.5,-34.39829
6554151875.0,-34.40391
6554152812.5,-34.39526
6554153750.0,-34.3938
6554154687.5,-34.39785
6554155625.0,-34.40096
6554156562.5,-34.38871
6554157500.0,-34.38552
6554158437.5,-34.38739
6554159375.0,-34.39424
6554160312.5,-34.39386
6554161250.0,-34.39323
6554162187.5,-34.39458
6554163125.0,-34.39084
6554164062.5,-34.38555
6554165000.0,-34.38537
6554165937.5,-34.38648
6554166875.0,-34.39636
6554167812.5,-34.38744
6554168750.0,-34.39175
6554169687.5,-34.38605
6554170625.0,-34.38463
6554171562.5,-34.38205
6554172500.0,-34.37666
6554173437.5,-34.37983
6554174375.0,-34.37669
6554175312.5,-34.37793
6554176250.0,-34.37194
6554177187.5,-34.37446
6554178125.0,-34.36988
6554179062.5,-34.37321
6554180000.0,-34.36885
6554180937.5,-34.36685
6554181875.0,-34.36098
6554182812.5,-34.36541
6554183750.0,-34.36622
6554184687.5,-34.35794
6554185625.0,-34.37088
6554186562.5,-34.36563
6554187500.0,-34.36054
6554188437.5,-34.35617
6554189375.0,-34.36283
6554190312.5,-34.35104
6554191250.0,-34.35782
6554192187.5,-34.35853
6554193125.0,-34.35313
6554194062.5,-34.35894
6554195000.0,-34.34175
6554195937.5,-34.35295
6554196875.0,-34.35628
6554197812.5,-34.35296
6554198750.0,-34.3474
6554199687.5,-34.3433
6554200625.0,-34.3457
6554201562.5,-34.33853
6554202500.0,-34.34531
6554203437.5,-34.34018
6554204375.0,-34.34227
6554205312.5,-34.34441
6554206250.0,-34.33865
6554207187.5,-34.34503
6554208125.0,-34.348
6554209062.5,-34.3264
6554210000.0,-34.34212
6554210937.5,-34.33054
6554211875.0,-34.33939
6554212812.5,-34.33425
6554213750.0,-34.33019
6554214687.5,-34.33358
6554215625.0,-34.32492
6554216562.5,-34.32655
6554217500.0,-34.33722
6554218437.5,-34.31842
6554219375.0,-34.32928
6554220312.5,-34.32625
6554221250.0,-34.32071
6554222187.5,-34.32488
6554223125.0,-34.32703
6554224062.5,-34.31591
6554225000.0,-34.31815
6554225937.5,-34.31687
6554226875.0,-34.32006
6554227812.5,-34.32189
6554228750.0,-34.3182
6554229687.5,-34.31531
6554230625.0,-34.31986
6554231562.5,-34.30936
6554232500.0,-34.30995
6554233437.5,-34.30991
6554234375.0,-34.31486
6554235312.5,-34.31099
6554236250.0,-34.30941
6554237187.5,-34.30495
6554238125.0,-34.31062
6554239062.5,-34.3093
6554240000.0,-34.30051
6554240937.5,-34.29871
6554241875.0,-34.30695
6554242812.5,-34.30027
6554243750.0,-34.29674
6554244687.5,-34.3008
6554245625.0,-34.29533
6554246562.5,-34.30319
6554247500.0,-34.29749
6554248437.5,-34.29686
6554249375.0,-34.29268
6554250312.5,-34.28759
6554251250.0,-34.28693
6554252187.5,-34.28485
6554253125.0,-34.27994
6554254062.5,-34.29347
6554255000.0,-34.28826
6554255937.5,-34.29015
6554256875.0,-34.29979
6554257812.5,-34.28884
6554258750.0,-34.28052
6554259687.5,-34.28264
6554260625.0,-34.27426
6554261562.5,-34.27888
6554262500.0,-34.28884
6554263437.5,-34.27717
6554264375.0,-34.27673
6554265312.5,-34.27995
6554266250.0,-34.27994
6554267187.5,-34.27847
6554268125.0,-34.28278
6554269062.5,-34.27449
6554270000.0,-34.27738
6554270937.5,-34.27246
6554271875.0,-34.26939
6554272812.5,-34.27028
6554273750.0,-34.27286
6554274687.5,-34.27176
6554275625.0,-34.26974
6554276562.5,-34.26106
6554277500.0,-34.27139
6554278437.5,-34.26582
6554279375.0,-34.26361
6554280312.5,-34.25794
6554281250.0,-34.26428
6554282187.5,-34.26299
6554283125.0,-34.25475
6554284062.5,-34.256
6554285000.0,-34.25922
6554285937.5,-34.25874
6554286875.0,-34.25539
6554287812.5,-34.25629
6554288750.0,-34.25342
6554289687.5,-34.25592
6554290625.0,-34.25131
6554291562.5,-34.24359
6554292500.0,-34.25018
6554293437.5,-34.24457
6554294375.0,-34.23889
6554295312.5,-34.24518
6554296250.0,-34.25296
6554297187.5,-34.24648
6554298125.0,-34.24256
6554299062.5,-34.24188
6554300000.0,-34.25103
6554300937.5,-34.23711
6554301875.0,-34.23665
6554302812.5,-34.23667
6554303750.0,-34.23322
6554304687.5,-34.2313
6554305625.0,-34.22614
6554306562.5,-34.22493
6554307500.0,-34.2281
6554308437.5,-34.2279
6554309375.0,-34.22685
6554310312.5,-34.22374
6554311250.0,-34.21839
6554312187.5,-34.22657
6554313125.0,-34.22405
6554314062.5,-34.21988
6554315000.0,-34.22313
6554315937.5,-34.22292
6554316875.0,-34.2185
6554317812.5,-34.21579
6554318750.0,-34.21806
6554319687.5,-34.21742
6554320625.0,-34.22636
6554321562.5,-34.21415
6554322500.0,-34.20773
6554323437.5,-34.22367
6554324375.0,-34.21237
6554325312.5,-34.20945
6554326250.0,-34.22054
6554327187.5,-34.21008
6554328125.0,-34.20463
6554329062.5,-34.20177
6554330000.0,-34.20328
6554330937.5,-34.20582
6554331875.0,-34.21214
6554332812.5,-34.20213
6554333750.0,-34.19596
6554334687.5,-34.19929
6554335625.0,-34.20028
6554336562.5,-34.1989
6554337500.0,-34.20092
6554338437.5,-34.20345
6554339375.0,-34.19072
6554340312.5,-34.1923
6554341250.0,-34.19853
6554342187.5,-34.19353
6554343125.0,-34.19305
6554344062.5,-34.19195
6554345000.0,-34.18393
6554345937.5,-34.18895
6554346875.0,-34.18129
6554347812.5,-34.18195
6554348750.0,-34.19416
6554349687.5,-34.17738
6554350625.0,-34.18485
6554351562.5,-34.18871
6554352500.0,-34.18718
6554353437.5,-34.18189
6554354375.0,-34.1788
6554355312.5,-34.18507
6554356250.0,-34.17646
6554357187.5,-34.17643
6554358125.0,-34.17488
6554359062.5,-34.1755
6554360000.0,-34.18034
6554360937.5,-34.16241
6554361875.0,-34.17252
6554362812.5,-34.16094
6554363750.0,-34.1691
6554364687.5,-34.16857
6554365625.0,-34.16521
6554366562.5,-34.17563
6554367500.0,-34.1675
6554368437.5,-34.16133
6554369375.0,-34.16107
6554370312.5,-34.1687
6554371250.0,-34.16088
6554372187.5,-34.15548
6554373125.0,-34.15788
6554374062.5,-34.15845
6554375000.0,-34.16806
6554375937.5,-34.15254
6554376875.0,-34.14537
6554377812.5,-34.15479
6554378750.0,-34.15532
6554379687.5,-34.15607
6554380625.0,-34.15108
6554381562.5,-34.15447
6554382500.0,-34.14824
6554383437.5,-34.14822
6554384375.0,-34.1453
6554385312.5,-34.14777
6554386250.0,-34.14605
6554387187.5,-34.14519
6554388125.0,-34.13648
6554389062.5,-34.14117
6554390000.0,-34.13932
6554390937.5,-34.14062
6554391875.0,-34.13168
6554392812.5,-34.13265
6554393750.0,-34.1381
6554394687.5,-34.13688
6554395625.0,-34.13179
6554396562.5,-34.13861
6554397500.0,-34.12564
6554398437.5,-34.12872
6554399375.0,-34.1341
6554400312.5,-34.13555
6554401250.0,-34.13267
6554402187.5,-34.11882
6554403125.0,-34.11852
6554404062.5,-34.12493
6554405000.0,-34.11376
6554405937.5,-34.11828
6554406875.0,-34.13071
6554407812.5,-34.1182
6554408750.0,-34.11919
6554409687.5,-34.11988
6554410625.0,-34.12059
6554411562.5,-34.11523
6554412500.0,-34.11439
6554413437.5,-34.11609
6554414375.0,-34.11573
6554415312.5,-34.11065
6554416250.0,-34.10955
6554417187.5,-34.11018
6554418125.0,-34.10647
6554419062.5,-34.11167
6554420000.0,-34.10205
6554420937.5,-34.10394
6554421875.0,-34.10064
6554422812.5,-34.10686
6554423750.0,-34.10459
6554424687.5,-34.09909
6554425625.0,-34.0983
6554426562.5,-34.10477
6554427500.0,-34.10212
6554428437.5,-34.09545
6554429375.0,-34.09135
6554430312.5,-34.09858
6554431250.0,-34.09459
6554432187.5,-34.09254
6554433125.0,-34.08581
6554434062.5,-34.09304
6554435000.0,-34.09368
6554435937.5,-34.08525
6554436875.0,-34.09128
6554437812.5,-34.08088
6554438750.0,-34.08673
6554439687.5,-34.08627
6554440625.0,-34.0768
6554441562.5,-34.08136
6554442500.0,-34.08297
6554443437.5,-34.08607
6554444375.0,-34.07946
6554445312.5,-34.08107
6554446250.0,-34.08131
6554447187.5,-34.07817
6554448125.0,-34.08527
6554449062.5,-34.07924
6554450000.0,-34.07177
6554450937.5,-34.06937
6554451875.0,-34.08192
6554452812.5,-34.0739
6554453750.0,-34.06895
6554454687.5,-34.06581
6554455625.0,-34.06245
6554456562.5,-34.06471
6554457500.0,-34.06143
6554458437.5,-34.0646
6554459375.0,-34.06042
6554460312.5,-34.06072
6554461250.0,-34.0647
6554462187.5,-34.05536
6554463125.0,-34.0568
6554464062.5,-34.06141
6554465000.0,-34.06317
6554465937.5,-34.05333
6554466875.0,-34.05331
6554467812.5,-34.05468
6554468750.0,-34.0492
6554469687.5,-34.05168
6554470625.0,-34.04713
6554471562.5,-34.05132
6554472500.0,-34.0612
6554473437.5,-34.0514
6554474375.0,-34.04301
6554475312.5,-34.04025
6554476250.0,-34.03509
6554477187.5,-34.04233
6554478125.0,-34.04657
6554479062.5,-34.03698
6554480000.0,-34.03662
6554480937.5,-34.04472
6554481875.0,-34.03289
6554482812.5,-34.03757
6554483750.0,-34.04436
6554484687.5,-34.03006
6554485625.0,-34.03529
6554486562.5,-34.03352
6554487500.0,-34.02193
6554488437.5,-34.02757
6554489375.0,-34.0333
6554490312.5,-34.0302
6554491250.0,-34.02854
6554492187.5,-34.02986
6554493125.0,-34.02428
6554494062.5,-34.02787
6554495000.0,-34.02787
6554495937.5,-34.02003
6554496875.0,-34.02456
6554497812.5,-34.01812
6554498750.0,-34.01626
6554499687.5,-34.01469
6554500625.0,-34.01654
6554501562.5,-34.0233
6554502500.0,-34.00707
6554503437.5,-34.01291
6554504375.0,-34.01236
6554505312.5,-34.00906
6554506250.0,-34.01298
6554507187.5,-34.00959
6554508125.0,-34.0107
6554509062.5,-34.01226
6554510000.0,-34.00083
6554510937.5,-34.00859
6554511875.0,-34.00917
6554512812.5,-33.9972
6554513750.0,-34.00384
6554514687.5,-33.99975
6554515625.0,-34.00369
6554516562.5,-33.99666
6554517500.0,-33.99168
6554518437.5,-33.98867
6554519375.0,-33.9937
6554520312.5,-33.98616
6554521250.0,-33.98991
6554522187.5,-33.98795
6554523125.0,-34.00076
6554524062.5,-33.98436
6554525000.0,-33.99009
6554525937.5,-33.99534
6554526875.0,-33.99529
6554527812.5,-33.99174
6554528750.0,-33.98344
6554529687.5,-33.98975
6554530625.0,-33.97786
6554531562.5,-33.97359
6554532500.0,-33.97623
6554533437.5,-33.97251
6554534375.0,-33.97596
6554535312.5,-33.97833
6554536250.0,-33.96688
6554537187.5,-33.97777
6554538125.0,-33.97358
6554539062.5,-33.9701
6554540000.0,-33.98368
6554540937.5,-33.97358
6554541875.0,-33.97237
6554542812.5,-33.95861
6554543750.0,-33.97402
6554544687.5,-33.97143
6554545625.0,-33.96595
6554546562.5,-33.96957
6554547500.0,-33.96568
6554548437.5,-33.95694
6554549375.0,-33.96232
6554550312.5,-33.94934
6554551250.0,-33.96588
6554552187.5,-33.9586
6554553125.0,-33.9593
6554554062.5,-33.9577
6554555000.0,-33.94374
6554555937.5,-33.95563
6554556875.0,-33.95074
6554557812.5,-33.95739
6554558750.0,-33.95113
6554559687.5,-33.95554
6554560625.0,-33.94353
6554561562.5,-33.94344
6554562500.0,-33.94371
6554563437.5,-33.94314
6554564375.0,-33.93872
6554565312.5,-33.95171
6554566250.0,-33.94656
6554567187.5,-33.94598
6554568125.0,-33.94416
6554569062.5,-33.9377
6554570000.0,-33.93597
6554570937.5,-33.94059
6554571875.0,-33.92968
6554572812.5,-33.94104
6554573750.0,-33.94595
6554574687.5,-33.93718
6554575625.0,-33.9267
6554576562.5,-33.93408
6554577500.0,-33.93293
6554578437.5,-33.92453
6554579375.0,-33.93127
6554580312.5,-33.9273
6554581250.0,-33.93778
6554582187.5,-33.92794
6554583125.0,-33.93063
6554584062.5,-33.92358
6554585000.0,-33.92992
6554585937.5,-33.92279
6554586875.0,-33.91789
6554587812.5,-33.91558
6554588750.0,-33.92543
6554589687.5,-33.91422
6554590625.0,-33.91089
6554591562.5,-33.92033
6554592500.0,-33.91137
6554593437.5,-33.90715
6554594375.0,-33.91141
6554595312.5,-33.91026
6554596250.0,-33.90893
6554597187.5,-33.90852
6554598125.0,-33.9098
6554599062.5,-33.90683
6554600000.0,-33.90003
6554600937.5,-33.89365
6554601875.0,-33.89632
6554602812.5,-33.89552
6554603750.0,-33.91378
6554604687.5,-33.90158
6554605625.0,-33.90016
6554606562.5,-33.89688
6554607500.0,-33.89139
6554608437.5,-33.89369
6554609375.0,-33.89426
6554610312.5,-33.89263
6554611250.0,-33.89421
6554612187.5,-33.89257
6554613125.0,-33.8972
6554614062.5,-33.88865
6554615000.0,-33.88349
6554615937.5,-33.88844
6554616875.0,-33.88061
6554617812.5,-33.87849
6554618750.0,-33.89225
6554619687.5,-33.88557
6554620625.0,-33.88489
6554621562.5,-33.87108
6554622500.0,-33.88017
6554623437.5,-33.87541
6554624375.0,-33.88438
6554625312.5,-33.87378
6554626250.0,-33.86659
6554627187.5,-33.87701
6554628125.0,-33.87387
6554629062.5,-33.87951
6554630000.0,-33.87782
6554630937.5,-33.86776
6554631875.0,-33.87065
6554632812.5,-33.86726
6554633750.0,-33.86569
6554634687.5,-33.86745
6554635625.0,-33.86436
6554636562.5,-33.86046
6554637500.0,-33.86093
6554638437.5,-33.85563
6554639375.0,-33.85843
6554640312.5,-33.86084
6554641250.0,-33.86457
6554642187.5,-33.85785
6554643125.0,-33.85264
6554644062.5,-33.8569
6554645000.0,-33.84631
6554645937.5,-33.84784
6554646875.0,-33.86182
6554647812.5,-33.84609
6554648750.0,-33.84933
6554649687.5,-33.85493
6554650625.0,-33.84111
6554651562.5,-33.84705
6554652500.0,-33.84204
6554653437.5,-33.84489
6554654375.0,-33.84631
6554655312.5,-33.83347
6554656250.0,-33.8416
6554657187.5,-33.84218
6554658125.0,-33.83824
6554659062.5,-33.82843
6554660000.0,-33.84256
6554660937.5,-33.83406
6554661875.0,-33.83743
6554662812.5,-33.83448
6554663750.0,-33.82338
6554664687.5,-33.82845
6554665625.0,-33.8247
6554666562.5,-33.83559
6554667500.0,-33.82329
6554668437.5,-33.82731
6554669375.0,-33.82084
6554670312.5,-33.8241
6554671250.0,-33.8196
6554672187.5,-33.8223
6554673125.0,-33.82223
6554674062.5,-33.82339
6554675000.0,-33.82294
6554675937.5,-33.82076
6554676875.0,-33.81701
6554677812.5,-33.82157
6554678750.0,-33.81393
6554679687.5,-33.8111
6554680625.0,-33.81738
6554681562.5,-33.8098
6554682500.0,-33.81782
6554683437.5,-33.80566
6554684375.0,-33.80357
6554685312.5,-33.81191
6554686250.0,-33.81198
6554687187.5,-33.80867
6554688125.0,-33.80542
6554689062.5,-33.80752
6554690000.0,-33.79576
6554690937.5,-33.80418
6554691875.0,-33.79814
6554692812.5,-33.78961
6554693750.0,-33.79127
6554694687.5,-33.79951
6554695625.0,-33.79911
6554696562.5,-33.81152
6554697500.0,-33.79346
6554698437.5,-33.79601
6554699375.0,-33.79168
6554700312.5,-33.78541
6554701250.0,-33.78645
6554702187.5,-33.78351
6554703125.0,-33.78244
6554704062.5,-33.78592
6554705000.0,-33.78445
6554705937.5,-33.77964
6554706875.0,-33.78473
6554707812.5,-33.77697
6554708750.0,-33.77961
6554709687.5,-33.77498
6554710625.0,-33.77621
6554711562.5,-33.78106
6554712500.0,-33.77453
6554713437.5,-33.77388
6554714375.0,-33.76641
6554715312.5,-33.76808
6554716250.0,-33.77322
6554717187.5,-33.77575
6554718125.0,-33.77166
6554719062.5,-33.76444
6554720000.0,-33.7755
6554720937.5,-33.76529
6554721875.0,-33.7629
6554722812.5,-33.74787
6554723750.0,-33.76146
6554724687.5,-33.76394
6554725625.0,-33.75763
6554726562.5,-33.76126
6554727500.0,-33.76156
6554728437.5,-33.76315
6554729375.0,-33.7673
6554730312.5,-33.7616
6554731250.0,-33.76649
6554732187.5,-33.75898
6554733125.0,-33.75923
6554734062.5,-33.74538
6554735000.0,-33.74052
6554735937.5,-33.75058
6554736875.0,-33.75222
6554737812.5,-33.75436
6554738750.0,-33.73733
6554739687.5,-33.7368
6554740625.0,-33.7406
6554741562.5,-33.73782
6554742500.0,-33.73809
6554743437.5,-33.74506
6554744375.0,-33.73389
6554745312.5,-33.73137
6554746250.0,-33.73493
6554747187.5,-33.74034
6554748125.0,-33.73389
6554749062.5,-33.73134
6554750000.0,-33.73072
6554750937.5,-33.72966
6554751875.0,-33.73033
6554752812.5,-33.72104
6554753750.0,-33.7246
6554754687.5,-33.71835
6554755625.0,-33.73119
6554756562.5,-33.71893
6554757500.0,-33.72786
6554758437.5,-33.71992
6554759375.0,-33.72674
6554760312.5,-33.7221
6554761250.0,-33.72205
6554762187.5,-33.71398
6554763125.0,-33.71236
6554764062.5,-33.71789
6554765000.0,-33.71342
6554765937.5,-33.71219
6554766875.0,-33.70352
6554767812.5,-33.71017
6554768750.0,-33.70966
6554769687.5,-33.70425
6554770625.0,-33.70633
6554771562.5,-33.70746
6554772500.0,-33.70866
6554773437.5,-33.71109
6554774375.0,-33.70213
6554775312.5,-33.69181
6554776250.0,-33.69746
6554777187.5,-33.69904
6554778125.0,-33.69866
6554779062.5,-33.69628
6554780000.0,-33.69857
6554780937.5,-33.69617
6554781875.0,-33.70018
6554782812.5,-33.6893
6554783750.0,-33.68901
6554784687.5,-33.69503
6554785625.0,-33.68913
6554786562.5,-33.69286
6554787500.0,-33.68414
6554788437.5,-33.68911
6554789375.0,-33.68879
6554790312.5,-33.67817
6554791250.0,-33.68871
6554792187.5,-33.69427
6554793125.0,-33.68456
6554794062.5,-33.68217
6554795000.0,-33.68423
6554795937.5,-33.6757
6554796875.0,-33.67432
6554797812.5,-33.68484
6554798750.0,-33.67179
6554799687.5,-33.67684
6554800625.0,-33.6647
6554801562.5,-33.67314
6554802500.0,-33.67051
6554803437.5,-33.67622
6554804375.0,-33.66526
6554805312.5,-33.6566
6554806250.0,-33.67247
6554807187.5,-33.66586
6554808125.0,-33.66132
6554809062.5,-33.66176
6554810000.0,-33.66404
6554810937.5,-33.65974
6554811875.0,-33.6609
6554812812.5,-33.65413
6554813750.0,-33.66094
6554814687.5,-33.64828
6554815625.0,-33.65423
6554816562.5,-33.6604
6554817500.0,-33.66127
6554818437.5,-33.65514
6554819375.0,-33.64832
6554820312.5,-33.6468
6554821250.0,-33.64333
6554822187.5,-33.64003
6554823125.0,-33.64582
6554824062.5,-33.64702
6554825000.0,-33.64677
6554825937.5,-33.6407
6554826875.0,-33.63373
6554827812.5,-33.6409
6554828750.0,-33.63655
6554829687.5,-33.64172
6554830625.0,-33.63811
6554831562.5,-33.62559
6554832500.0,-33.63852
6554833437.5,-33.63891
6554834375.0,-33.62325
6554835312.5,-33.63222
6554836250.0,-33.62838
6554837187.5,-33.63072
6554838125.0,-33.62649
6554839062.5,-33.63559
6554840000.0,-33.61773
6554840937.5,-33.62888
6554841875.0,-33.62107
6554842812.5,-33.62207
6554843750.0,-33.62986
6554844687.5,-33.62394
6554845625.0,-33.63012
6554846562.5,-33.62432
6554847500.0,-33.60857
6554848437.5,-33.61183
6554849375.0,-33.61349
6554850312.5,-33.61433
6554851250.0,-33.61659
6554852187.5,-33.61494
6554853125.0,-33.61364
6554854062.5,-33.61841
6554855000.0,-33.60456
6554855937.5,-33.61364
6554856875.0,-33.60965
6554857812.5,-33.60837
6554858750.0,-33.60918
6554859687.5,-33.60567
6554860625.0,-33.59508
6554861562.5,-33.60106
6554862500.0,-33.60229
6554863437.5,-33.59897
6554864375.0,-33.6064
6554865312.5,-33.59225
6554866250.0,-33.59392
6554867187.5,-33.59314
6554868125.0,-33.59583
6554869062.5,-33.5937
6554870000.0,-33.59223
6554870937.5,-33.58183
6554871875.0,-33.58715
6554872812.5,-33.59302
6554873750.0,-33.58687
6554874687.5,-33.58403
6554875625.0,-33.58029
6554876562.5,-33.5915
6554877500.0,-33.57828
6554878437.5,-33.58074
6554879375.0,-33.57964
6554880312.5,-33.57816
6554881250.0,-33.58342
6554882187.5,-33.57415
6554883125.0,-33.56955
6554884062.5,-33.56994
6554885000.0,-33.57513
6554885937.5,-33.56938
6554886875.0,-33.57586
6554887812.5,-33.56509
6554888750.0,-33.57156
6554889687.5,-33.57211
6554890625.0,-33.57732
6554891562.5,-33.57314
6554892500.0,-33.56701
6554893437.5,-33.57231
6554894375.0,-33.55639
6554895312.5,-33.56106
6554896250.0,-33.55873
6554897187.5,-33.56901
6554898125.0,-33.56067
6554899062.5,-33.55493
6554900000.0,-33.55535
6554900937.5,-33.55832
6554901875.0,-33.55695
6554902812.5,-33.54778
6554903750.0,-33.55566
6554904687.5,-33.54664
6554905625.0,-33.54851
6554906562.5,-33.54833
6554907500.0,-33.55019
6554908437.5,-33.54856
6554909375.0,-33.54653
6554910312.5,-33.54584
6554911250.0,-33.54885
6554912187.5,-33.54667
6554913125.0,-33.55068
6554914062.5,-33.53175
6554915000.0,-33.54061
6554915937.5,-33.54099
6554916875.0,-33.53503
6554917812.5,-33.53491
6554918750.0,-33.53736
6554919687.5,-33.53272
6554920625.0,-33.52645
6554921562.5,-33.54128
6554922500.0,-33.52801
6554923437.5,-33.52412
6554924375.0,-33.52848
6554925312.5,-33.53092
6554926250.0,-33.52513
6554927187.5,-33.51889
6554928125.0,-33.52999
6554929062.5,-33.52316
6554930000.0,-33.52003
6554930937.5,-33.52554
6554931875.0,-33.51646
6554932812.5,-33.51395
6554933750.0,-33.51675
6554934687.5,-33.51583
6554935625.0,-33.50556
6554936562.5,-33.52238
6554937500.0,-33.51164
6554938437.5,-33.51542
6554939375.0,-33.50798
6554940312.5,-33.51277
6554941250.0,-33.51343
6554942187.5,-33.50821
6554943125.0,-33.50169
6554944062.5,-33.50376
6554945000.0,-33.49854
6554945937.5,-33.50398
6554946875.0,-33.50572
6554947812.5,-33.499
6554948750.0,-33.50299
6554949687.5,-33.50043
6554950625.0,-33.4972
6554951562.5,-33.49212
6554952500.0,-33.49365
6554953437.5,-33.49651
6554954375.0,-33.49204
6554955312.5,-33.49859
6554956250.0,-33.48449
6554957187.5,-33.48669
6554958125.0,-33.4918
6554959062.5,-33.48815
6554960000.0,-33.49138
6554960937.5,-33.48309
6554961875.0,-33.47478
6554962812.5,-33.48537
6554963750.0,-33.48051
6554964687.5,-33.47571
6554965625.0,-33.47928
6554966562.5,-33.4768
6554967500.0,-33.46932
6554968437.5,-33.46965
6554969375.0,-33.48235
6554970312.5,-33.47112
6554971250.0,-33.47694
6554972187.5,-33.46719
6554973125.0,-33.47869
6554974062.5,-33.46724
6554975000.0,-33.47263
6554975937.5,-33.46382
6554976875.0,-33.47152
6554977812.5,-33.45855
6554978750.0,-33.46574
6554979687.5,-33.46189
6554980625.0,-33.4604
6554981562.5,-33.45719
6554982500.0,-33.46103
6554983437.5,-33.46178
6554984375.0,-33.45467
6554985312.5,-33.44394
6554986250.0,-33.45797
6554987187.5,-33.45179
6554988125.0,-33.45521
6554989062.5,-33.45863
6554990000.0,-33.45007
6554990937.5,-33.45015
6554991875.0,-33.45453
6554992812.5,-33.44818
6554993750.0,-33.43415
6554994687.5,-33.44621
6554995625.0,-33.44352
6554996562.5,-33.44287
6554997500.0,-33.44137
6554998437.5,-33.43505
6554999375.0,-33.4379
6555000312.5,-33.44241
6555001250.0,-33.4397
6555002187.5,-33.43221
6555003125.0,-33.43769
6555004062.5,-33.4388
6555005000.0,-33.43151
6555005937.5,-33.42904
6555006875.0,-33.43333
6555007812.5,-33.43232
6555008750.0,-33.42455
6555009687.5,-33.43351
6555010625.0,-33.42217
6555011562.5,-33.4273
6555012500.0,-33.42822
6555013437.5,-33.41996
6555014375.0,-33.42191
6555015312.5,-33.42342
6555016250.0,-33.42051
6555017187.5,-33.41256
6555018125.0,-33.41766
6555019062.5,-33.41235
6555020000.0,-33.4113
6555020937.5,-33.40907
6555021875.0,-33.41157
6555022812.5,-33.41005
6555023750.0,-33.40228
6555024687.5,-33.40416
6555025625.0,-33.41158
6555026562.5,-33.40461
6555027500.0,-33.40938
6555028437.5,-33.40436
6555029375.0,-33.41034
6555030312.5,-33.40745
6555031250.0,-33.40221
6555032187.5,-33.39968
6555033125.0,-33.40463
6555034062.5,-33.39783
6555035000.0,-33.39917
6555035937.5,-33.39221
6555036875.0,-33.38592
6555037812.5,-33.39076
6555038750.0,-33.39445
6555039687.5,-33.38977
6555040625.0,-33.38158
6555041562.5,-33.38261
6555042500.0,-33.39011
6555043437.5,-33.3907
6555044375.0,-33.38193
6555045312.5,-33.3799
6555046250.0,-33.384
6555047187.5,-33.38412
6555048125.0,-33.38136
6555049062.5,-33.3762
6555050000.0,-33.37736
6555050937.5,-33.37987
6555051875.0,-33.37195
6555052812.5,-33.37122
6555053750.0,-33.36366
6555054687.5,-33.3777
6555055625.0,-33.36763
6555056562.5,-33.37543
6555057500.0,-33.37192
6555058437.5,-33.36393
6555059375.0,-33.36148
6555060312.5,-33.35371
6555061250.0,-33.36687
6555062187.5,-33.35631
6555063125.0,-33.35828
6555064062.5,-33.36194
6555065000.0,-33.35569
6555065937.5,-33.35752
6555066875.0,-33.35939
6555067812.5,-33.35559
6555068750.0,-33.3593
6555069687.5,-33.35453
6555070625.0,-33.35707
6555071562.5,-33.35096
6555072500.0,-33.35238
6555073437.5,-33.34602
6555074375.0,-33.35479
6555075312.5,-33.34396
6555076250.0,-33.34838
6555077187.5,-33.34793
6555078125.0,-33.34811
6555079062.5,-33.34637
6555080000.0,-33.33863
6555080937.5,-33.34223
6555081875.0,-33.33888
6555082812.5,-33.33267
6555083750.0,-33.34239
6555084687.5,-33.3385
6555085625.0,-33.33088
6555086562.5,-33.34495
6555087500.0,-33.33036
6555088437.5,-33.335
6555089375.0,-33.3307
6555090312.5,-33.32961
6555091250.0,-33.33013
6555092187.5,-33.32496
6555093125.0,-33.32481
6555094062.5,-33.32507
6555095000.0,-33.32251
6555095937.5,-33.31459
6555096875.0,-33.32349
6555097812.5,-33.31461
6555098750.0,-33.31705
6555099687.5,-33.31863
6555100625.0,-33.3124
6555101562.5,-33.32101
6555102500.0,-33.30729
6555103437.5,-33.30529
6555104375.0,-33.31383
6555105312.5,-33.30935
6555106250.0,-33.3124
6555107187.5,-33.30637
6555108125.0,-33.31148
6555109062.5,-33.31683
6555110000.0,-33.30321
6555110937.5,-33.30061
6555111875.0,-33.29951
6555112812.5,-33.29428
6555113750.0,-33.30315
6555114687.5,-33.29833
6555115625.0,-33.29956
6555116562.5,-33.2988
6555117500.0,-33.29556
6555118437.5,-33.29416
6555119375.0,-33.29134
6555120312.5,-33.29485
6555121250.0,-33.29209
6555122187.5,-33.29284
6555123125.0,-33.28608
6555124062.5,-33.28704
6555125000.0,-33.28353
6555125937.5,-33.28638
6555126875.0,-33.28528
6555127812.5,-33.28809
6555128750.0,-33.28154
6555129687.5,-33.28054
6555130625.0,-33.27559
6555131562.5,-33.28114
6555132500.0,-33.27838
6555133437.5,-33.28087
6555134375.0,-33.27588
6555135312.5,-33.27069
6555136250.0,-33.27571
6555137187.5,-33.2751
6555138125.0,-33.2717
6555139062.5,-33.27263
6555140000.0,-33.26932
6555140937.5,-33.26801
6555141875.0,-33.25544
6555142812.5,-33.26228
6555143750.0,-33.26884
6555144687.5,-33.26631
6555145625.0,-33.27024
6555146562.5,-33.25789
6555147500.0,-33.27342
6555148437.5,-33.25257
6555149375.0,-33.2584
6555150312.5,-33.25289
6555151250.0,-33.25185
6555152187.5,-33.26067
6555153125.0,-33.25358
6555154062.5,-33.26333
6555155000.0,-33.25467
6555155937.5,-33.24597
6555156875.0,-33.24691
6555157812.5,-33.25116
6555158750.0,-33.24469
6555159687.5,-33.24139
6555160625.0,-33.25297
6555161562.5,-33.24585
6555162500.0,-33.23502
6555163437.5,-33.23729
6555164375.0,-33.23655
6555165312.5,-33.23583
6555166250.0,-33.23867
6555167187.5,-33.23132
6555168125.0,-33.2345
6555169062.5,-33.22371
6555170000.0,-33.23367
6555170937.5,-33.22544
6555171875.0,-33.23519
6555172812.5,-33.22759
6555173750.0,-33.22701
6555174687.5,-33.22251
6555175625.0,-33.22357
6555176562.5,-33.22042
6555177500.0,-33.21464
6555178437.5,-33.22475
6555179375.0,-33.2154
6555180312.5,-33.21625
6555181250.0,-33.2113
6555182187.5,-33.21548
6555183125.0,-33.21629
6555184062.5,-33.21583
6555185000.0,-33.21764
6555185937.5,-33.2096
6555186875.0,-33.21638
6555187812.5,-33.20731
6555188750.0,-33.21243
6555189687.5,-33.19947
6555190625.0,-33.20067
6555191562.5,-33.20667
6555192500.0,-33.20201
6555193437.5,-33.20314
6555194375.0,-33.20081
6555195312.5,-33.20325
6555196250.0,-33.19673
6555197187.5,-33.1983
6555198125.0,-33.19611
6555199062.5,-33.19546
6555200000.0,-33.19487
6555200937.5,-33.19646
6555201875.0,-33.18129
6555202812.5,-33.19183
6555203750.0,-33.19235
6555204687.5,-33.18439
6555205625.0,-33.18989
6555206562.5,-33.18764
6555207500.0,-33.18939
6555208437.5,-33.18351
6555209375.0,-33.18469
6555210312.5,-33.18916
6555211250.0,-33.18576
6555212187.5,-33.17361
6555213125.0,-33.18053
6555214062.5,-33.17872
6555215000.0,-33.18007
6555215937.5,-33.18121
6555216875.0,-33.17651
6555217812.5,-33.17466
6555218750.0,-33.16745
6555219687.5,-33.15912
6555220625.0,-33.17166
6555221562.5,-33.16838
6555222500.0,-33.16488
6555223437.5,-33.16491
6555224375.0,-33.16762
6555225312.5,-33.16826
6555226250.0,-33.15949
6555227187.5,-33.16059
6555228125.0,-33.15883
6555229062.5,-33.15999
6555230000.0,-33.15701
6555230937.5,-33.14952
6555231875.0,-33.14711
6555232812.5,-33.14858
6555233750.0,-33.1511
6555234687.5,-33.15588
6555235625.0,-33.14292
6555236562.5,-33.14206
6555237500.0,-33.14244
6555238437.5,-33.14295
6555239375.0,-33.14359
6555240312.5,-33.14508
6555241250.0,-33.139
6555242187.5,-33.14534
6555243125.0,-33.14065
6555244062.5,-33.13781
6555245000.0,-33.13762
6555245937.5,-33.13859
6555246875.0,-33.13716
6555247812.5,-33.13307
6555248750.0,-33.1426
6555249687.5,-33.14123
6555250625.0,-33.1342
6555251562.5,-33.13453
6555252500.0,-33.1323
6555253437.5,-33.13015
6555254375.0,-33.12899
6555255312.5,-33.12291
6555256250.0,-33.11827
6555257187.5,-33.12035
6555258125.0,-33.12302
6555259062.5,-33.11645
6555260000.0,-33.11716
6555260937.5,-33.12025
6555261875.0,-33.11536
6555262812.5,-33.12418
6555263750.0,-33.12276
6555264687.5,-33.11662
6555265625.0,-33.11215
6555266562.5,-33.11557
6555267500.0,-33.11461
6555268437.5,-33.11125
6555269375.0,-33.10959
6555270312.5,-33.10444
6555271250.0,-33.1006
6555272187.5,-33.10283
6555273125.0,-33.10034
6555274062.5,-33.10024
6555275000.0,-33.09308
6555275937.5,-33.10491
6555276875.0,-33.10184
6555277812.5,-33.09849
6555278750.0,-33.09135
6555279687.5,-33.09872
6555280625.0,-33.09215
6555281562.5,-33.09626
6555282500.0,-33.08259
6555283437.5,-33.08657
6555284375.0,-33.0865
6555285312.5,-33.09298
6555286250.0,-33.08697
6555287187.5,-33.08791
6555288125.0,-33.08863
6555289062.5,-33.0884
6555290000.0,-33.0838
6555290937.5,-33.08516
6555291875.0,-33.08222
6555292812.5,-33.07454
6555293750.0,-33.07877
6555294687.5,-33.07855
6555295625.0,-33.07164
6555296562.5,-33.0746
6555297500.0,-33.07723
6555298437.5,-33.06994
6555299375.0,-33.07167
6555300312.5,-33.07788
6555301250.0,-33.07381
6555302187.5,-33.06808
6555303125.0,-33.05964
6555304062.5,-33.05665
6555305000.0,-33.05786
6555305937.5,-33.06398
6555306875.0,-33.05965
6555307812.5,-33.06086
6555308750.0,-33.06595
6555309687.5,-33.06007
6555310625.0,-33.05869
6555311562.5,-33.05258
6555312500.0,-33.05706
6555313437.5,-33.06019
6555314375.0,-33.05384
6555315312.5,-33.05072
6555316250.0,-33.04072
6555317187.5,-33.04953
6555318125.0,-33.05083
6555319062.5,-33.04799
6555320000.0,-33.04525
6555320937.5,-33.04383
6555321875.0,-33.04712
6555322812.5,-33.03649
6555323750.0,-33.04518
6555324687.5,-33.04144
6555325625.0,-33.03648
6555326562.5,-33.03345
6555327500.0,-33.03315
6555328437.5,-33.02839
6555329375.0,-33.03681
6555330312.5,-33.02814
6555331250.0,-33.02377
6555332187.5,-33.02733
6555333125.0,-33.0207
6555334062.5,-33.03185
6555335000.0,-33.02704
6555335937.5,-33.02459
6555336875.0,-33.02683
6555337812.5,-33.02748
6555338750.0,-33.02465
6555339687.5,-33.02291
6555340625.0,-33.01868
6555341562.5,-33.01947
6555342500.0,-33.01743
6555343437.5,-33.02126
6555344375.0,-33.01494
6555345312.5,-33.01561
6555346250.0,-33.00533
6555347187.5,-33.01067
6555348125.0,-33.01072
6555349062.5,-33.009
6555350000.0,-33.00777
6555350937.5,-33.00988
6555351875.0,-33.00572
6555352812.5,-33.00308
6555353750.0,-33.00142
6555354687.5,-33.00431
6555355625.0,-33.00174
6555356562.5,-32.99888
6555357500.0,-32.99417
6555358437.5,-33.00272
6555359375.0,-32.9988
6555360312.5,-32.99336
6555361250.0,-32.98874
6555362187.5,-32.99172
6555363125.0,-32.99488
6555364062.5,-32.99397
6555365000.0,-32.98596
6555365937.5,-32.97721
6555366875.0,-32.98439
6555367812.5,-32.98459
6555368750.0,-32.98214
6555369687.5,-32.98594
6555370625.0,-32.98525
6555371562.5,-32.98571
6555372500.0,-32.98027
6555373437.5,-32.98156
6555374375.0,-32.97574
6555375312.5,-32.97429
6555376250.0,-32.97685
6555377187.5,-32.97028
6555378125.0,-32.97186
6555379062.5,-32.97052
6555380000.0,-32.97124
6555380937.5,-32.96856
6555381875.0,-32.96839
6555382812.5,-32.9682
6555383750.0,-32.9774
6555384687.5,-32.96309
6555385625.0,-32.96613
6555386562.5,-32.95188
6555387500.0,-32.96218
6555388437.5,-32.96275
6555389375.0,-32.95827
6555390312.5,-32.94913
6555391250.0,-32.95844
6555392187.5,-32.95431
6555393125.0,-32.9551
6555394062.5,-32.95192
6555395000.0,-32.94695
6555395937.5,-32.94738
6555396875.0,-32.95772
6555397812.5,-32.95151
6555398750.0,-32.9491
6555399687.5,-32.93703
6555400625.0,-32.94453
6555401562.5,-32.94016
6555402500.0,-32.94619
6555403437.5,-32.93917
6555404375.0,-32.94263
6555405312.5,-32.93345
6555406250.0,-32.93885
6555407187.5,-32.9313
6555408125.0,-32.93636
6555409062.5,-32.93428
6555410000.0,-32.93311
6555410937.5,-32.92452
6555411875.0,-32.92851
6555412812.5,-32.92729
6555413750.0,-32.93328
6555414687.5,-32.92348
6555415625.0,-32.9282
6555416562.5,-32.92606
6555417500.0,-32.92041
6555418437.5,-32.92588
6555419375.0,-32.9228
6555420312.5,-32.91934
6555421250.0,-32.91977
6555422187.5,-32.92176
6555423125.0,-32.9207
6555424062.5,-32.91561
6555425000.0,-32.9127
6555425937.5,-32.90671
6555426875.0,-32.91717
6555427812.5,-32.90363
6555428750.0,-32.90676
6555429687.5,-32.90161
6555430625.0,-32.90998
6555431562.5,-32.91056
6555432500.0,-32.90092
6555433437.5,-32.90379
6555434375.0,-32.90672
6555435312.5,-32.90141
6555436250.0,-32.90085
6555437187.5,-32.90058
6555438125.0,-32.89585
6555439062.5,-32.88903
6555440000.0,-32.89508
6555440937.5,-32.8875
6555441875.0,-32.88705
6555442812.5,-32.89731
6555443750.0,-32.8934
6555444687.5,-32.88251
6555445625.0,-32.89022
6555446562.5,-32.87812
6555447500.0,-32.88507
6555448437.5,-32.89066
6555449375.0,-32.88008
6555450312.5,-32.8874
6555451250.0,-32.88302
6555452187.5,-32.87525
6555453125.0,-32.86986
6555454062.5,-32.87569
6555455000.0,-32.87442
6555455937.5,-32.87517
6555456875.0,-32.86686
6555457812.5,-32.87498
6555458750.0,-32.87901
6555459687.5,-32.866
6555460625.0,-32.86969
6555461562.5,-32.86951
6555462500.0,-32.87246
6555463437.5,-32.8621
6555464375.0,-32.86535
6555465312.5,-32.85835
6555466250.0,-32.86407
6555467187.5,-32.85622
6555468125.0,-32.8616
6555469062.5,-32.8533
6555470000.0,-32.84833
6555470937.5,-32.8643
6555471875.0,-32.85783
6555472812.5,-32.85194
6555473750.0,-32.84666
6555474687.5,-32.85049
6555475625.0,-32.85202
6555476562.5,-32.84975
6555477500.0,-32.83988
6555478437.5,-32.84305
6555479375.0,-32.84316
6555480312.5,-32.84062
6555481250.0,-32.8334
6555482187.5,-32.84211
6555483125.0,-32.83742
6555484062.5,-32.83876
6555485000.0,-32.83296
6555485937.5,-32.82763
6555486875.0,-32.83303
6555487812.5,-32.83487
6555488750.0,-32.83281
6555489687.5,-32.82826
6555490625.0,-32.82293
6555491562.5,-32.83114
6555492500.0,-32.83254
6555493437.5,-32.82165
6555494375.0,-32.82419
6555495312.5,-32.82283
6555496250.0,-32.81203
6555497187.5,-32.82232
6555498125.0,-32.81973
6555499062.5,-32.81424
6555500000.0,-32.81072
6555500937.5,-32.81637
6555501875.0,-32.81067
6555502812.5,-32.81029
6555503750.0,-32.81318
6555504687.5,-32.80844
6555505625.0,-32.80961
6555506562.5,-32.81302
6555507500.0,-32.81403
6555508437.5,-32.8001
6555509375.0,-32.80488
6555510312.5,-32.80187
6555511250.0,-32.79963
6555512187.5,-32.80574
6555513125.0,-32.80198
6555514062.5,-32.80034
6555515000.0,-32.80338
6555515937.5,-32.79697
6555516875.0,-32.80207
6555517812.5,-32.7916
6555518750.0,-32.79631
6555519687.5,-32.79905
6555520625.0,-32.79017
6555521562.5,-32.78464
6555522500.0,-32.78579
6555523437.5,-32.78548
6555524375.0,-32.78978
6555525312.5,-32.78047
6555526250.0,-32.78355
6555527187.5,-32.7768
6555528125.0,-32.77962
6555529062.5,-32.7752
6555530000.0,-32.78019
6555530937.5,-32.77922
6555531875.0,-32.77451
6555532812.5,-32.77564
6555533750.0,-32.76697
6555534687.5,-32.77735
6555535625.0,-32.76806
6555536562.5,-32.76291
6555537500.0,-32.77114
6555538437.5,-32.767
6555539375.0,-32.76505
6555540312.5,-32.7693
6555541250.0,-32.76529
6555542187.5,-32.75968
6555543125.0,-32.75868
6555544062.5,-32.76146
6555545000.0,-32.75472
6555545937.5,-32.75956
6555546875.0,-32.75243
6555547812.5,-32.75069
6555548750.0,-32.75496
6555549687.5,-32.75528
6555550625.0,-32.75494
6555551562.5,-32.7429
6555552500.0,-32.75756
6555553437.5,-32.75496
6555554375.0,-32.7487
6555555312.5,-32.7444
6555556250.0,-32.74421
6555557187.5,-32.74918
6555558125.0,-32.73574
6555559062.5,-32.74272
6555560000.0,-32.74898
6555560937.5,-32.73367
6555561875.0,-32.73395
6555562812.5,-32.73798
6555563750.0,-32.73169
6555564687.5,-32.73318
6555565625.0,-32.72691
6555566562.5,-32.72809
6555567500.0,-32.73647
6555568437.5,-32.73128
6555569375.0,-32.72355
6555570312.5,-32.72263
6555571250.0,-32.72082
6555572187.5,-32.72116
6555573125.0,-32.72325
6555574062.5,-32.7149
6555575000.0,-32.7278
6555575937.5,-32.71447
6555576875.0,-32.72007
6555577812.5,-32.71964
6555578750.0,-32.71386
6555579687.5,-32.71119
6555580625.0,-32.70938
6555581562.5,-32.71188
6555582500.0,-32.71386
6555583437.5,-32.70907
6555584375.0,-32.71041
6555585312.5,-32.71064
6555586250.0,-32.701
6555587187.5,-32.7123
6555588125.0,-32.70207
6555589062.5,-32.70562
6555590000.0,-32.70148
6555590937.5,-32.69507
6555591875.0,-32.6949
6555592812.5,-32.69561
6555593750.0,-32.69066
6555594687.5,-32.69972
6555595625.0,-32.68353
6555596562.5,-32.68537
6555597500.0,-32.69103
6555598437.5,-32.69109
6555599375.0,-32.68392
6555600312.5,-32.68135
6555601250.0,-32.68504
6555602187.5,-32.68933
6555603125.0,-32.68747
6555604062.5,-32.68067
6555605000.0,-32.68192
6555605937.5,-32.67405
6555606875.0,-32.67876
6555607812.5,-32.67955
6555608750.0,-32.6753
6555609687.5,-32.67212
6555610625.0,-32.67419
6555611562.5,-32.67384
6555612500.0,-32.6664
6555613437.5,-32.67244
6555614375.0,-32.67038
6555615312.5,-32.67179
6555616250.0,-32.66807
6555617187.5,-32.66268
6555618125.0,-32.66072
6555619062.5,-32.65989
6555620000.0,-32.66087
6555620937.5,-32.65385
6555621875.0,-32.65554
6555622812.5,-32.6636
6555623750.0,-32.65861
6555624687.5,-32.65905
6555625625.0,-32.66322
6555626562.5,-32.64814
6555627500.0,-32.64983
6555628437.5,-32.65244
6555629375.0,-32.64731
6555630312.5,-32.64218
6555631250.0,-32.64538
6555632187.5,-32.6548
6555633125.0,-32.63948
6555634062.5,-32.64619
6555635000.0,-32.64321
6555635937.5,-32.64044
6555636875.0,-32.64068
6555637812.5,-32.63838
6555638750.0,-32.63881
6555639687.5,-32.63493
6555640625.0,-32.64447
6555641562.5,-32.63401
6555642500.0,-32.63107
6555643437.5,-32.63346
6555644375.0,-32.63346
6555645312.5,-32.62746
6555646250.0,-32.62404
6555647187.5,-32.61772
6555648125.0,-32.62056
6555649062.5,-32.62416
6555650000.0,-32.62019
6555650937.5,-32.62386
6555651875.0,-32.6215
6555652812.5,-32.62429
6555653750.0,-32.61786
6555654687.5,-32.61234
6555655625.0,-32.62188
6555656562.5,-32.61341
6555657500.0,-32.61403
6555658437.5,-32.60891
6555659375.0,-32.60637
6555660312.5,-32.60667
6555661250.0,-32.6094
6555662187.5,-32.60944
6555663125.0,-32.6062
6555664062.5,-32.60263
6555665000.0,-32.60551
6555665937.5,-32.59896
6555666875.0,-32.5953
6555667812.5,-32.59837
6555668750.0,-32.59686
6555669687.5,-32.59354
6555670625.0,-32.59922
6555671562.5,-32.59574
6555672500.0,-32.59322
6555673437.5,-32.59299
6555674375.0,-32.59118
6555675312.5,-32.59061
6555676250.0,-32.58705
6555677187.5,-32.58398
6555678125.0,-32.58466
6555679062.5,-32.58321
6555680000.0,-32.58422
6555680937.5,-32.57745
6555681875.0,-32.58339
6555682812.5,-32.57805
6555683750.0,-32.57817
6555684687.5,-32.57977
6555685625.0,-32.57788
6555686562.5,-32.56861
6555687500.0,-32.57852
6555688437.5,-32.56992
6555689375.0,-32.57094
6555690312.5,-32.56921
6555691250.0,-32.56294
6555692187.5,-32.56424
6555693125.0,-32.56359
6555694062.5,-32.5703
6555695000.0,-32.56217
6555695937.5,-32.56576
6555696875.0,-32.56177
6555697812.5,-32.5597
6555698750.0,-32.55399
6555699687.5,-32.5608
6555700625.0,-32.56009
6555701562.5,-32.55568
6555702500.0,-32.55381
6555703437.5,-32.55323
6555704375.0,-32.55126
6555705312.5,-32.55128
6555706250.0,-32.54546
6555707187.5,-32.54655
6555708125.0,-32.54608
6555709062.5,-32.54123
6555710000.0,-32.54237
6555710937.5,-32.53851
6555711875.0,-32.53771
6555712812.5,-32.53819
6555713750.0,-32.53406
6555714687.5,-32.54487
6555715625.0,-32.53397
6555716562.5,-32.52666
6555717500.0,-32.53175
6555718437.5,-32.529
6555719375.0,-32.53096
6555720312.5,-32.53126
6555721250.0,-32.52499
6555722187.5,-32.52766
6555723125.0,-32.52751
6555724062.5,-32.521
6555725000.0,-32.51995
6555725937.5,-32.52325
6555726875.0,-32.52032
6555727812.5,-32.51299
6555728750.0,-32.51476
6555729687.5,-32.50694
6555730625.0,-32.5109
6555731562.5,-32.51682
6555732500.0,-32.50607
6555733437.5,-32.51549
6555734375.0,-32.50852
6555735312.5,-32.50871
6555736250.0,-32.50276
6555737187.5,-32.50915
6555738125.0,-32.50253
6555739062.5,-32.50653
6555740000.0,-32.50336
6555740937.5,-32.50906
6555741875.0,-32.49863
6555742812.5,-32.49537
6555743750.0,-32.49889
6555744687.5,-32.49278
6555745625.0,-32.4905
6555746562.5,-32.48673
6555747500.0,-32.49329
6555748437.5,-32.48594
6555749375.0,-32.48985
6555750312.5,-32.4812
6555751250.0,-32.48534
6555752187.5,-32.48676
6555753125.0,-32.482
6555754062.5,-32.48661
6555755000.0,-32.47755
6555755937.5,-32.48324
6555756875.0,-32.47828
6555757812.5,-32.47796
6555758750.0,-32.47635
6555759687.5,-32.47383
6555760625.0,-32.47945
6555761562.5,-32.47166
6555762500.0,-32.47269
6555763437.5,-32.4687
6555764375.0,-32.47405
6555765312.5,-32.469
6555766250.0,-32.46605
6555767187.5,-32.46557
6555768125.0,-32.46772
6555769062.5,-32.45176
6555770000.0,-32.46004
6555770937.5,-32.46209
6555771875.0,-32.46077
6555772812.5,-32.46078
6555773750.0,-32.46014
6555774687.5,-32.46567
6555775625.0,-32.45502
6555776562.5,-32.45356
6555777500.0,-32.4586
6555778437.5,-32.45178
6555779375.0,-32.454
6555780312.5,-32.44584
6555781250.0,-32.44949
6555782187.5,-32.44641
6555783125.0,-32.45045
6555784062.5,-32.4511
6555785000.0,-32.44993
6555785937.5,-32.44338
6555786875.0,-32.44167
6555787812.5,-32.4388
6555788750.0,-32.44162
6555789687.5,-32.43865
6555790625.0,-32.43224
6555791562.5,-32.43895
6555792500.0,-32.42994
6555793437.5,-32.42539
6555794375.0,-32.43328
6555795312.5,-32.43069
6555796250.0,-32.42823
6555797187.5,-32.42755
6555798125.0,-32.427
6555799062.5,-32.42858
6555800000.0,-32.42199
6555800937.5,-32.42075
6555801875.0,-32.42323
6555802812.5,-32.42211
6555803750.0,-32.41846
6555804687.5,-32.42146
6555805625.0,-32.41037
6555806562.5,-32.4148
6555807500.0,-32.4169
6555808437.5,-32.40776
6555809375.0,-32.41542
6555810312.5,-32.40139
6555811250.0,-32.41331
6555812187.5,-32.40663
6555813125.0,-32.41099
6555814062.5,-32.40555
6555815000.0,-32.39959
6555815937.5,-32.39759
6555816875.0,-32.39012
6555817812.5,-32.40395
6555818750.0,-32.39736
6555819687.5,-32.39035
6555820625.0,-32.39335
6555821562.5,-32.38997
6555822500.0,-32.38053
6555823437.5,-32.39235
6555824375.0,-32.39278
6555825312.5,-32.38979
6555826250.0,-32.38645
6555827187.5,-32.38563
6555828125.0,-32.38828
6555829062.5,-32.38063
6555830000.0,-32.37803
6555830937.5,-32.3848
6555831875.0,-32.38146
6555832812.5,-32.3806
6555833750.0,-32.37944
6555834687.5,-32.3778
6555835625.0,-32.37106
6555836562.5,-32.37327
6555837500.0,-32.37014
6555838437.5,-32.37103
6555839375.0,-32.36599
6555840312.5,-32.36842
6555841250.0,-32.3646
6555842187.5,-32.36116
6555843125.0,-32.3638
6555844062.5,-32.36169
6555845000.0,-32.35685
6555845937.5,-32.36315
6555846875.0,-32.35839
6555847812.5,-32.35989
6555848750.0,-32.35609
6555849687.5,-32.36221
6555850625.0,-32.36038
6555851562.5,-32.35349
6555852500.0,-32.35154
6555853437.5,-32.35143
6555854375.0,-32.34759
6555855312.5,-32.34848
6555856250.0,-32.35476
6555857187.5,-32.34422
6555858125.0,-32.34905
6555859062.5,-32.33375
6555860000.0,-32.34415
6555860937.5,-32.33604
6555861875.0,-32.34558
6555862812.5,-32.33125
6555863750.0,-32.33809
6555864687.5,-32.33477
6555865625.0,-32.33336
6555866562.5,-32.33291
6555867500.0,-32.33733
6555868437.5,-32.3298
6555869375.0,-32.32673
6555870312.5,-32.32664
6555871250.0,-32.32143
6555872187.5,-32.31918
6555873125.0,-32.31952
6555874062.5,-32.31701
6555875000.0,-32.31612
6555875937.5,-32.31647
6555876875.0,-32.3232
6555877812.5,-32.31947
6555878750.0,-32.31223
6555879687.5,-32.31437
6555880625.0,-32.31023
6555881562.5,-32.31154
6555882500.0,-32.31026
6555883437.5,-32.31213
6555884375.0,-32.30901
6555885312.5,-32.31452
6555886250.0,-32.31179
6555887187.5,-32.30533
6555888125.0,-32.29974
6555889062.5,-32.29896
6555890000.0,-32.30085
6555890937.5,-32.30087
6555891875.0,-32.29361
6555892812.5,-32.29636
6555893750.0,-32.29927
6555894687.5,-32.29366
6555895625.0,-32.29581
6555896562.5,-32.29269
6555897500.0,-32.28992
6555898437.5,-32.29083
6555899375.0,-32.28755
6555900312.5,-32.29779
6555901250.0,-32.29092
6555902187.5,-32.28331
6555903125.0,-32.28267
6555904062.5,-32.27945
6555905000.0,-32.2746
6555905937.5,-32.28159
6555906875.0,-32.27201
6555907812.5,-32.27715
6555908750.0,-32.27502
6555909687.5,-32.27514
6555910625.0,-32.2725
6555911562.5,-32.27056
6555912500.0,-32.26564
6555913437.5,-32.26537
6555914375.0,-32.26899
6555915312.5,-32.26692
6555916250.0,-32.27127
6555917187.5,-32.2605
6555918125.0,-32.25424
6555919062.5,-32.26063
6555920000.0,-32.26407
6555920937.5,-32.26127
6555921875.0,-32.25078
6555922812.5,-32.25813
6555923750.0,-32.25196
6555924687.5,-32.25388
6555925625.0,-32.25756
6555926562.5,-32.25559
6555927500.0,-32.24651
6555928437.5,-32.24379
6555929375.0,-32.24662
6555930312.5,-32.25234
6555931250.0,-32.24594
6555932187.5,-32.23951
6555933125.0,-32.24184
6555934062.5,-32.2364
6555935000.0,-32.23586
6555935937.5,-32.24008
6555936875.0,-32.23307
6555937812.5,-32.23899
6555938750.0,-32.23477
6555939687.5,-32.22949
6555940625.0,-32.22646
6555941562.5,-32.22915
6555942500.0,-32.22137
6555943437.5,-32.21642
6555944375.0,-32.22657
6555945312.5,-32.22412
6555946250.0,-32.21689
6555947187.5,-32.22779
6555948125.0,-32.21957
6555949062.5,-32.2203
6555950000.0,-32.21863
6555950937.5,-32.21577
6555951875.0,-32.21484
6555952812.5,-32.21058
6555953750.0,-32.20935
6555954687.5,-32.20779
6555955625.0,-32.21682
6555956562.5,-32.20478
6555957500.0,-32.209
6555958437.5,-32.20485
6555959375.0,-32.20649
6555960312.5,-32.20021
6555961250.0,-32.19648
6555962187.5,-32.21006
6555963125.0,-32.2039
6555964062.5,-32.2028
6555965000.0,-32.20371
6555965937.5,-32.20749
6555966875.0,-32.19376
6555967812.5,-32.19321
6555968750.0,-32.20108
6555969687.5,-32.19178
6555970625.0,-32.19564
6555971562.5,-32.19238
6555972500.0,-32.18578
6555973437.5,-32.18776
6555974375.0,-32.1818
6555975312.5,-32.17691
6555976250.0,-32.18262
6555977187.5,-32.18292
6555978125.0,-32.18189
6555979062.5,-32.17386
6555980000.0,-32.1731
6555980937.5,-32.1761
6555981875.0,-32.17914
6555982812.5,-32.16118
6555983750.0,-32.17329
6555984687.5,-32.1683
6555985625.0,-32.16985
6555986562.5,-32.16328
6555987500.0,-32.16671
6555988437.5,-32.17055
6555989375.0,-32.1575
6555990312.5,-32.16441
6555991250.0,-32.15747
6555992187.5,-32.16072
6555993125.0,-32.15763
6555994062.5,-32.15472
6555995000.0,-32.15141
6555995937.5,-32.15705
6555996875.0,-32.149
6555997812.5,-32.15446
6555998750.0,-32.14777
6555999687.5,-32.15389
6556000625.0,-32.14624
6556001562.5,-32.14933
6556002500.0,-32.14577
6556003437.5,-32.14034
6556004375.0,-32.14911
6556005312.5,-32.13778
6556006250.0,-32.14077
6556007187.5,-32.13732
6556008125.0,-32.12918
6556009062.5,-32.13742
6556010000.0,-32.13414
6556010937.5,-32.13527
6556011875.0,-32.13018
6556012812.5,-32.13002
6556013750.0,-32.12394
6556014687.5,-32.13525
6556015625.0,-32.13125
6556016562.5,-32.1293
6556017500.0,-32.13003
6556018437.5,-32.12168
6556019375.0,-32.10947
6556020312.5,-32.12151
6556021250.0,-32.12317
6556022187.5,-32.11478
6556023125.0,-32.11727
6556024062.5,-32.11773
6556025000.0,-32.11438
6556025937.5,-32.12035
6556026875.0,-32.10966
6556027812.5,-32.10814
6556028750.0,-32.10242
6556029687.5,-32.10827
6556030625.0,-32.11041
6556031562.5,-32.10527
6556032500.0,-32.10664
6556033437.5,-32.10082
6556034375.0,-32.09885
6556035312.5,-32.1046
6556036250.0,-32.09825
6556037187.5,-32.09593
6556038125.0,-32.09875
6556039062.5,-32.09712
6556040000.0,-32.09278
6556040937.5,-32.08811
6556041875.0,-32.08778
6556042812.5,-32.09363
6556043750.0,-32.08948
6556044687.5,-32.09356
6556045625.0,-32.08376
6556046562.5,-32.08001
6556047500.0,-32.08436
6556048437.5,-32.0865
6556049375.0,-32.08557
6556050312.5,-32.0737
6556051250.0,-32.08181
6556052187.5,-32.06926
6556053125.0,-32.07906
6556054062.5,-32.07413
6556055000.0,-32.07179
6556055937.5,-32.07346
6556056875.0,-32.06429
6556057812.5,-32.06712
6556058750.0,-32.05986
6556059687.5,-32.06296
6556060625.0,-32.06419
6556061562.5,-32.05344
6556062500.0,-32.05574
6556063437.5,-32.0571
6556064375.0,-32.05311
6556065312.5,-32.06242
6556066250.0,-32.05583
6556067187.5,-32.056
6556068125.0,-32.05713
6556069062.5,-32.06026
6556070000.0,-32.05012
6556070937.5,-32.04767
6556071875.0,-32.04145
6556072812.5,-32.04794
6556073750.0,-32.04365
6556074687.5,-32.04239
6556075625.0,-32.0458
6556076562.5,-32.04224
6556077500.0,-32.03762
6556078437.5,-32.03581
6556079375.0,-32.03474
6556080312.5,-32.03223
6556081250.0,-32.0293
6556082187.5,-32.03857
6556083125.0,-32.0259
6556084062.5,-32.03326
6556085000.0,-32.03315
6556085937.5,-32.02866
6556086875.0,-32.01854
6556087812.5,-32.0275
6556088750.0,-32.02395
6556089687.5,-32.02148
6556090625.0,-32.02524
6556091562.5,-32.02176
6556092500.0,-32.02388
6556093437.5,-32.02211
6556094375.0,-32.01814
6556095312.5,-32.01957
6556096250.0,-32.00981
6556097187.5,-32.00917
6556098125.0,-32.01441
6556099062.5,-32.00936
6556100000.0,-32.01023
6556100937.5,-32.00385
6556101875.0,-32.0103
6556102812.5,-32.00347
6556103750.0,-32.01007
6556104687.5,-32.00371
6556105625.0,-31.99937
6556106562.5,-31.99569
6556107500.0,-32.0007
6556108437.5,-31.992
6556109375.0,-31.98766
6556110312.5,-31.997
6556111250.0,-31.99206
6556112187.5,-31.99384
6556113125.0,-31.98866
6556114062.5,-31.98409
6556115000.0,-31.98546
6556115937.5,-31.99059
6556116875.0,-31.98505
6556117812.5,-31.9811
6556118750.0,-31.98458
6556119687.5,-31.97703
6556120625.0,-31.97398
6556121562.5,-31.97758
6556122500.0,-31.9751
6556123437.5,-31.9742
6556124375.0,-31.97131
6556125312.5,-31.9716
6556126250.0,-31.97133
6556127187.5,-31.96582
6556128125.0,-31.97492
6556129062.5,-31.9647
6556130000.0,-31.96251
6556130937.5,-31.96722
6556131875.0,-31.96477
6556132812.5,-31.95799
6556133750.0,-31.96538
6556134687.5,-31.95735
6556135625.0,-31.96654
6556136562.5,-31.9532
6556137500.0,-31.95481
6556138437.5,-31.94787
6556139375.0,-31.94996
6556140312.5,-31.95636
6556141250.0,-31.94491
6556142187.5,-31.95419
6556143125.0,-31.94821
6556144062.5,-31.94387
6556145000.0,-31.94449
6556145937.5,-31.9537
6556146875.0,-31.9444
6556147812.5,-31.94431
6556148750.0,-31.93863
6556149687.5,-31.94452
6556150625.0,-31.93816
6556151562.5,-31.93344
6556152500.0,-31.92989
6556153437.5,-31.93329
6556154375.0,-31.9358
6556155312.5,-31.92995
6556156250.0,-31.92132
6556157187.5,-31.93069
6556158125.0,-31.92027
6556159062.5,-31.9237
6556160000.0,-31.92635
6556160937.5,-31.92327
6556161875.0,-31.9238
6556162812.5,-31.91548
6556163750.0,-31.92262
6556164687.5,-31.91733
6556165625.0,-31.91244
6556166562.5,-31.90583
6556167500.0,-31.91351
6556168437.5,-31.9091
6556169375.0,-31.90626
6556170312.5,-31.90879
6556171250.0,-31.90667
6556172187.5,-31.90484
6556173125.0,-31.90914
6556174062.5,-31.90064
6556175000.0,-31.89947
6556175937.5,-31.89692
6556176875.0,-31.90104
6556177812.5,-31.89684
6556178750.0,-31.89565
6556179687.5,-31.89419
6556180625.0,-31.89552
6556181562.5,-31.89738
6556182500.0,-31.88907
6556183437.5,-31.88713
6556184375.0,-31.89223
6556185312.5,-31.88843
6556186250.0,-31.89042
6556187187.5,-31.8891
6556188125.0,-31.88343
6556189062.5,-31.88243
6556190000.0,-31.88422
6556190937.5,-31.88208
6556191875.0,-31.88252
6556192812.5,-31.87811
6556193750.0,-31.8716
6556194687.5,-31.87187
6556195625.0,-31.86805
6556196562.5,-31.87557
6556197500.0,-31.87834
6556198437.5,-31.86503
6556199375.0,-31.87221
6556200312.5,-31.86749
6556201250.0,-31.86603
6556202187.5,-31.86395
6556203125.0,-31.86249
6556204062.5,-31.86142
6556205000.0,-31.85976
6556205937.5,-31.858
6556206875.0,-31.84975
6556207812.5,-31.85073
6556208750.0,-31.86117
6556209687.5,-31.8531
6556210625.0,-31.84926
6556211562.5,-31.84708
6556212500.0,-31.84722
6556213437.5,-31.84762
6556214375.0,-31.84412
6556215312.5,-31.84383
6556216250.0,-31.84111
6556217187.5,-31.84346
6556218125.0,-31.83637
6556219062.5,-31.83432
6556220000.0,-31.83095
6556220937.5,-31.83684
6556221875.0,-31.8379
6556222812.5,-31.83878
6556223750.0,-31.82732
6556224687.5,-31.83204
6556225625.0,-31.83021
6556226562.5,-31.83116
6556227500.0,-31.82379
6556228437.5,-31.82329
6556229375.0,-31.82617
6556230312.5,-31.82469
6556231250.0,-31.82232
6556232187.5,-31.82012
6556233125.0,-31.81751
6556234062.5,-31.82166
6556235000.0,-31.81295
6556235937.5,-31.8174
6556236875.0,-31.81604
6556237812.5,-31.81116
6556238750.0,-31.80719
6556239687.5,-31.8106
6556240625.0,-31.8047
6556241562.5,-31.8171
6556242500.0,-31.80435
6556243437.5,-31.80407
6556244375.0,-31.80603
6556245312.5,-31.80894
6556246250.0,-31.80246
6556247187.5,-31.80362
6556248125.0,-31.79716
6556249062.5,-31.79947
6556250000.0,-31.79928
6556250937.5,-31.79447
6556251875.0,-31.78927
6556252812.5,-31.79084
6556253750.0,-31.79386
6556254687.5,-31.78645
6556255625.0,-31.79005
6556256562.5,-31.78258
6556257500.0,-31.78153
6556258437.5,-31.78138
6556259375.0,-31.77965
6556260312.5,-31.78049
6556261250.0,-31.77982
6556262187.5,-31.77433
6556263125.0,-31.77651
6556264062.5,-31.77228
6556265000.0,-31.77675
6556265937.5,-31.77126
6556266875.0,-31.77638
6556267812.5,-31.76376
6556268750.0,-31.7716
6556269687.5,-31.76614
6556270625.0,-31.76148
6556271562.5,-31.76622
6556272500.0,-31.76177
6556273437.5,-31.76653
6556274375.0,-31.75139
6556275312.5,-31.76267
6556276250.0,-31.76138
6556277187.5,-31.75722
6556278125.0,-31.74865
6556279062.5,-31.75749
6556280000.0,-31.74878
6556280937.5,-31.75072
6556281875.0,-31.74915
6556282812.5,-31.74192
6556283750.0,-31.74311
6556284687.5,-31.74583
6556285625.0,-31.74804
6556286562.5,-31.74866
6556287500.0,-31.74225
6556288437.5,-31.74446
6556289375.0,-31.7316
6556290312.5,-31.73628
6556291250.0,-31.73766
6556292187.5,-31.73028
6556293125.0,-31.73151
6556294062.5,-31.72576
6556295000.0,-31.73114
6556295937.5,-31.73272
6556296875.0,-31.73192
6556297812.5,-31.7173
6556298750.0,-31.72859
6556299687.5,-31.71735
6556300625.0,-31.7199
6556301562.5,-31.72135
6556302500.0,-31.726
6556303437.5,-31.72065
6556304375.0,-31.71341
6556305312.5,-31.71613
6556306250.0,-31.71145
6556307187.5,-31.71522
6556308125.0,-31.71686
6556309062.5,-31.71108
6556310000.0,-31.70939
6556310937.5,-31.70607
6556311875.0,-31.71142
6556312812.5,-31.70069
6556313750.0,-31.70514
6556314687.5,-31.70275
6556315625.0,-31.69938
6556316562.5,-31.70341
6556317500.0,-31.6997
6556318437.5,-31.69482
6556319375.0,-31.69283
6556320312.5,-31.68775
6556321250.0,-31.69278
6556322187.5,-31.68798
6556323125.0,-31.68998
6556324062.5,-31.69127
6556325000.0,-31.69012
6556325937.5,-31.68094
6556326875.0,-31.68136
6556327812.5,-31.68318
6556328750.0,-31.67807
6556329687.5,-31.6802
6556330625.0,-31.67735
6556331562.5,-31.67403
6556332500.0,-31.67017
6556333437.5,-31.67691
6556334375.0,-31.67023
6556335312.5,-31.67407
6556336250.0,-31.66858
6556337187.5,-31.67142
6556338125.0,-31.66515
6556339062.5,-31.66341
6556340000.0,-31.66177
6556340937.5,-31.6594
6556341875.0,-31.66739
6556342812.5,-31.65824
6556343750.0,-31.65834
6556344687.5,-31.66187
6556345625.0,-31.65778
6556346562.5,-31.65587
6556347500.0,-31.655
6556348437.5,-31.65504
6556349375.0,-31.65252
6556350312.5,-31.65202
6556351250.0,-31.6474
6556352187.5,-31.64931
6556353125.0,-31.64673
6556354062.5,-31.64026
6556355000.0,-31.64016
6556355937.5,-31.6404
6556356875.0,-31.64433
6556357812.5,-31.63928
6556358750.0,-31.63462
6556359687.5,-31.63461
6556360625.0,-31.63412
6556361562.5,-31.63533
6556362500.0,-31.62787
6556363437.5,-31.62577
6556364375.0,-31.62547
6556365312.5,-31.62103
6556366250.0,-31.62132
6556367187.5,-31.62192
6556368125.0,-31.62283
6556369062.5,-31.61803
6556370000.0,-31.62308
6556370937.5,-31.60856
6556371875.0,-31.62349
6556372812.5,-31.62062
6556373750.0,-31.61747
6556374687.5,-31.61902
6556375625.0,-31.61543
6556376562.5,-31.61235
6556377500.0,-31.60457
6556378437.5,-31.60242
6556379375.0,-31.6041
6556380312.5,-31.60453
6556381250.0,-31.59993
6556382187.5,-31.59397
6556383125.0,-31.60078
6556384062.5,-31.59817
6556385000.0,-31.60406
6556385937.5,-31.59893
6556386875.0,-31.58991
6556387812.5,-31.59507
6556388750.0,-31.59415
6556389687.5,-31.58762
6556390625.0,-31.58472
6556391562.5,-31.59029
6556392500.0,-31.58324
6556393437.5,-31.58589
6556394375.0,-31.57619
6556395312.5,-31.57719
6556396250.0,-31.58312
6556397187.5,-31.58201
6556398125.0,-31.5815
6556399062.5,-31.57095
6556400000.0,-31.57308
6556400937.5,-31.57578
6556401875.0,-31.57306
6556402812.5,-31.57213
6556403750.0,-31.56927
6556404687.5,-31.57283
6556405625.0,-31.56591
6556406562.5,-31.56468
6556407500.0,-31.5696
6556408437.5,-31.55916
6556409375.0,-31.56394
6556410312.5,-31.55783
6556411250.0,-31.55859
6556412187.5,-31.55895
6556413125.0,-31.55625
6556414062.5,-31.55815
6556415000.0,-31.55424
6556415937.5,-31.55261
6556416875.0,-31.54813
6556417812.5,-31.54718
6556418750.0,-31.54906
6556419687.5,-31.5443
6556420625.0,-31.54171
6556421562.5,-31.54286
6556422500.0,-31.54385
6556423437.5,-31.53873
6556424375.0,-31.54297
6556425312.5,-31.53843
6556426250.0,-31.53583
6556427187.5,-31.53486
6556428125.0,-31.53195
6556429062.5,-31.5344
6556430000.0,-31.53128
6556430937.5,-31.53237
6556431875.0,-31.52523
6556432812.5,-31.52735
6556433750.0,-31.52474
6556434687.5,-31.52216
6556435625.0,-31.5201
6556436562.5,-31.5137
6556437500.0,-31.51798
6556438437.5,-31.51524
6556439375.0,-31.51731
6556440312.5,-31.51199
6556441250.0,-31.5197
6556442187.5,-31.51328
6556443125.0,-31.50793
6556444062.5,-31.50826
6556445000.0,-31.50634
6556445937.5,-31.50341
6556446875.0,-31.50395
6556447812.5,-31.5106
6556448750.0,-31.50743
6556449687.5,-31.495
6556450625.0,-31.50216
6556451562.5,-31.49911
6556452500.0,-31.49465
6556453437.5,-31.49754
6556454375.0,-31.49359
6556455312.5,-31.4932
6556456250.0,-31.48741
6556457187.5,-31.48968
6556458125.0,-31.49149
6556459062.5,-31.48988
6556460000.0,-31.48502
6556460937.5,-31.48344
6556461875.0,-31.48684
6556462812.5,-31.4774
6556463750.0,-31.48058
6556464687.5,-31.48077
6556465625.0,-31.48164
6556466562.5,-31.47734
6556467500.0,-31.48206
6556468437.5,-31.46682
6556469375.0,-31.47139
6556470312.5,-31.4726
6556471250.0,-31.47204
6556472187.5,-31.47075
6556473125.0,-31.46053
6556474062.5,-31.46268
6556475000.0,-31.46156
6556475937.5,-31.4654
6556476875.0,-31.47003
6556477812.5,-31.45459
6556478750.0,-31.45942
6556479687.5,-31.45424
6556480625.0,-31.45527
6556481562.5,-31.46077
6556482500.0,-31.44457
6556483437.5,-31.45639
6556484375.0,-31.4526
6556485312.5,-31.45253
6556486250.0,-31.44963
6556487187.5,-31.44572
6556488125.0,-31.44372
6556489062.5,-31.44953
6556490000.0,-31.43979
6556490937.5,-31.44391
6556491875.0,-31.43558
6556492812.5,-31.43471
6556493750.0,-31.42968
6556494687.5,-31.43769
6556495625.0,-31.43292
6556496562.5,-31.4337
6556497500.0,-31.43329
6556498437.5,-31.43251
6556499375.0,-31.42144
6556500312.5,-31.42371
6556501250.0,-31.4226
6556502187.5,-31.41936
6556503125.0,-31.41637
6556504062.5,-31.41202
6556505000.0,-31.42101
6556505937.5,-31.41442
6556506875.0,-31.41433
6556507812.5,-31.41096
6556508750.0,-31.41996
6556509687.5,-31.415
6556510625.0,-31.40727
6556511562.5,-31.41293
6556512500.0,-31.40319
6556513437.5,-31.40499
6556514375.0,-31.40599
6556515312.5,-31.40388
6556516250.0,-31.40336
6556517187.5,-31.39678
6556518125.0,-31.39798
6556519062.5,-31.39717
6556520000.0,-31.39753
6556520937.5,-31.39427
6556521875.0,-31.3948
6556522812.5,-31.39802
6556523750.0,-31.38911
6556524687.5,-31.38708
6556525625.0,-31.38874
6556526562.5,-31.3876
6556527500.0,-31.37774
6556528437.5,-31.37844
6556529375.0,-31.38033
6556530312.5,-31.37723
6556531250.0,-31.38752
6556532187.5,-31.37788
6556533125.0,-31.37346
6556534062.5,-31.37293
6556535000.0,-31.37342
6556535937.5,-31.37132
6556536875.0,-31.37264
6556537812.5,-31.36884
6556538750.0,-31.37248
6556539687.5,-31.3708
6556540625.0,-31.36928
6556541562.5,-31.36806
6556542500.0,-31.36203
6556543437.5,-31.36148
6556544375.0,-31.35983
6556545312.5,-31.35468
6556546250.0,-31.36174
6556547187.5,-31.35579
6556548125.0,-31.35103
6556549062.5,-31.35802
6556550000.0,-31.35242
6556550937.5,-31.35465
6556551875.0,-31.34984
6556552812.5,-31.34655
6556553750.0,-31.34626
6556554687.5,-31.34373
6556555625.0,-31.34312
6556556562.5,-31.33923
6556557500.0,-31.34457
6556558437.5,-31.34157
6556559375.0,-31.33602
6556560312.5,-31.33924
6556561250.0,-31.33887
6556562187.5,-31.33616
6556563125.0,-31.3286
6556564062.5,-31.32827
6556565000.0,-31.32952
6556565937.5,-31.32561
6556566875.0,-31.32817
6556567812.5,-31.32401
6556568750.0,-31.31889
6556569687.5,-31.32516
6556570625.0,-31.3237
6556571562.5,-31.32271
6556572500.0,-31.30937
6556573437.5,-31.31494
6556574375.0,-31.30996
6556575312.5,-31.31354
6556576250.0,-31.31459
6556577187.5,-31.30849
6556578125.0,-31.31358
6556579062.5,-31.29998
6556580000.0,-31.30315
6556580937.5,-31.302
6556581875.0,-31.30456
6556582812.5,-31.30434
6556583750.0,-31.29816
6556584687.5,-31.29938
6556585625.0,-31.29561
6556586562.5,-31.29251
6556587500.0,-31.29035
6556588437.5,-31.29444
6556589375.0,-31.28842
6556590312.5,-31.28819
6556591250.0,-31.29198
6556592187.5,-31.28926
6556593125.0,-31.28943
6556594062.5,-31.28438
6556595000.0,-31.2794
6556595937.5,-31.28784
6556596875.0,-31.27868
6556597812.5,-31.28089
6556598750.0,-31.27446
6556599687.5,-31.27181
6556600625.0,-31.2742
6556601562.5,-31.26978
6556602500.0,-31.26517
6556603437.5,-31.26699
6556604375.0,-31.27475
6556605312.5,-31.26796
6556606250.0,-31.27064
6556607187.5,-31.26392
6556608125.0,-31.25226
6556609062.5,-31.25446
6556610000.0,-31.2639
6556610937.5,-31.26118
6556611875.0,-31.25857
6556612812.5,-31.24928
6556613750.0,-31.25266
6556614687.5,-31.25023
6556615625.0,-31.25083
6556616562.5,-31.24634
6556617500.0,-31.24481
6556618437.5,-31.24804
6556619375.0,-31.2482
6556620312.5,-31.2437
6556621250.0,-31.23934
6556622187.5,-31.23414
6556623125.0,-31.23695
6556624062.5,-31.23299
6556625000.0,-31.2351
6556625937.5,-31.23542
6556626875.0,-31.23915
6556627812.5,-31.23796
6556628750.0,-31.22674
6556629687.5,-31.22381
6556630625.0,-31.2307
6556631562.5,-31.22804
6556632500.0,-31.2196
6556633437.5,-31.2272
6556634375.0,-31.22053
6556635312.5,-31.21647
6556636250.0,-31.22372
6556637187.5,-31.21742
6556638125.0,-31.21498
6556639062.5,-31.22273
6556640000.0,-31.21285
6556640937.5,-31.20888
6556641875.0,-31.20563
6556642812.5,-31.20931
6556643750.0,-31.20607
6556644687.5,-31.20078
6556645625.0,-31.20592
6556646562.5,-31.20693
6556647500.0,-31.19448
6556648437.5,-31.19702
6556649375.0,-31.20447
6556650312.5,-31.19285
6556651250.0,-31.19916
6556652187.5,-31.19756
6556653125.0,-31.19009
6556654062.5,-31.19193
6556655000.0,-31.19621
6556655937.5,-31.1928
6556656875.0,-31.18575
6556657812.5,-31.18566
6556658750.0,-31.19415
6556659687.5,-31.18817
6556660625.0,-31.17514
6556661562.5,-31.17866
6556662500.0,-31.17642
6556663437.5,-31.17881
6556664375.0,-31.17953
6556665312.5,-31.16543
6556666250.0,-31.17498
6556667187.5,-31.17372
6556668125.0,-31.17423
6556669062.5,-31.16299
6556670000.0,-31.16669
6556670937.5,-31.16102
6556671875.0,-31.17332
6556672812.5,-31.16194
6556673750.0,-31.15825
6556674687.5,-31.1588
6556675625.0,-31.15524
6556676562.5,-31.16019
6556677500.0,-31.15902
6556678437.5,-31.15563
6556679375.0,-31.15172
6556680312.5,-31.14736
6556681250.0,-31.15066
6556682187.5,-31.1434
6556683125.0,-31.14727
6556684062.5,-31.14564
6556685000.0,-31.14503
6556685937.5,-31.14312
6556686875.0,-31.14044
6556687812.5,-31.14183
6556688750.0,-31.13751
6556689687.5,-31.13515
6556690625.0,-31.13205
6556691562.5,-31.1312
6556692500.0,-31.13769
6556693437.5,-31.12657
6556694375.0,-31.13091
6556695312.5,-31.12801
6556696250.0,-31.12053
6556697187.5,-31.12739
6556698125.0,-31.12027
6556699062.5,-31.12592
6556700000.0,-31.12661
6556700937.5,-31.11972
6556701875.0,-31.11409
6556702812.5,-31.11754
6556703750.0,-31.11467
6556704687.5,-31.11591
6556705625.0,-31.11192
6556706562.5,-31.10888
6556707500.0,-31.10309
6556708437.5,-31.10724
6556709375.0,-31.10397
6556710312.5,-31.11082
6556711250.0,-31.10674
6556712187.5,-31.10487
6556713125.0,-31.09641
6556714062.5,-31.10163
6556715000.0,-31.10057
6556715937.5,-31.09461
6556716875.0,-31.09235
6556717812.5,-31.09911
6556718750.0,-31.08835
6556719687.5,-31.08561
6556720625.0,-31.08451
6556721562.5,-31.08363
6556722500.0,-31.08825
6556723437.5,-31.08442
6556724375.0,-31.08611
6556725312.5,-31.07907
6556726250.0,-31.08384
6556727187.5,-31.07302
6556728125.0,-31.07476
6556729062.5,-31.07579
6556730000.0,-31.07202
6556730937.5,-31.07544
6556731875.0,-31.07289
6556732812.5,-31.06973
6556733750.0,-31.06566
6556734687.5,-31.0633
6556735625.0,-31.06625
6556736562.5,-31.06541
6556737500.0,-31.0574
6556738437.5,-31.05963
6556739375.0,-31.05559
6556740312.5,-31.05705
6556741250.0,-31.05532
6556742187.5,-31.05359
6556743125.0,-31.04971
6556744062.5,-31.0491
6556745000.0,-31.0514
6556745937.5,-31.05392
6556746875.0,-31.05145
6556747812.5,-31.04474
6556748750.0,-31.04533
6556749687.5,-31.03697
6556750625.0,-31.04359
6556751562.5,-31.04288
6556752500.0,-31.03564
6556753437.5,-31.03722
6556754375.0,-31.03345
6556755312.5,-31.03246
6556756250.0,-31.02939
6556757187.5,-31.031
6556758125.0,-31.02774
6556759062.5,-31.02784
6556760000.0,-31.02389
6556760937.5,-31.02357
6556761875.0,-31.02602
6556762812.5,-31.02387
6556763750.0,-31.02252
6556764687.5,-31.01705
6556765625.0,-31.01924
6556766562.5,-31.01378
6556767500.0,-31.00834
6556768437.5,-31.0119
6556769375.0,-31.00469
6556770312.5,-31.00392
6556771250.0,-31.00555
6556772187.5,-31.01003
6556773125.0,-31.01134
6556774062.5,-31.00854
6556775000.0,-31.00593
6556775937.5,-30.9993
6556776875.0,-31.00008
6556777812.5,-31.00116
6556778750.0,-30.99714
6556779687.5,-30.99053
6556780625.0,-31.00142
6556781562.5,-30.99401
6556782500.0,-30.99545
6556783437.5,-30.98992
6556784375.0,-30.99042
6556785312.5,-30.9933
6556786250.0,-30.98299
6556787187.5,-30.98176
6556788125.0,-30.98222
6556789062.5,-30.98189
6556790000.0,-30.98881
6556790937.5,-30.983
6556791875.0,-30.9762
6556792812.5,-30.97888
6556793750.0,-30.97421
6556794687.5,-30.96979
6556795625.0,-30.97279
6556796562.5,-30.9664
6556797500.0,-30.96935
6556798437.5,-30.96312
6556799375.0,-30.96334
6556800312.5,-30.95797
6556801250.0,-30.96372
6556802187.5,-30.96424
6556803125.0,-30.95458
6556804062.5,-30.95876
6556805000.0,-30.95416
6556805937.5,-30.95588
6556806875.0,-30.95797
6556807812.5,-30.94685
6556808750.0,-30.9509
6556809687.5,-30.94934
6556810625.0,-30.94647
6556811562.5,-30.94489
6556812500.0,-30.94892
6556813437.5,-30.9437
6556814375.0,-30.93968
6556815312.5,-30.94024
6556816250.0,-30.94188
6556817187.5,-30.93667
6556818125.0,-30.93146
6556819062.5,-30.93592
6556820000.0,-30.93088
6556820937.5,-30.9284
6556821875.0,-30.92547
6556822812.5,-30.92735
6556823750.0,-30.92528
6556824687.5,-30.92186
6556825625.0,-30.92607
6556826562.5,-30.91868
6556827500.0,-30.9223
6556828437.5,-30.92353
6556829375.0,-30.9184
6556830312.5,-30.91849
6556831250.0,-30.91096
6556832187.5,-30.91071
6556833125.0,-30.91079
6556834062.5,-30.91216
6556835000.0,-30.90934
6556835937.5,-30.90395
6556836875.0,-30.90519
6556837812.5,-30.9069
6556838750.0,-30.90534
6556839687.5,-30.89276
6556840625.0,-30.90448
6556841562.5,-30.89193
6556842500.0,-30.89174
6556843437.5,-30.89886
6556844375.0,-30.89056
6556845312.5,-30.88844
6556846250.0,-30.88958
6556847187.5,-30.8982
6556848125.0,-30.88381
6556849062.5,-30.88653
6556850000.0,-30.88598
6556850937.5,-30.88376
6556851875.0,-30.88506
6556852812.5,-30.87936
6556853750.0,-30.87368
6556854687.5,-30.87603
6556855625.0,-30.87714
6556856562.5,-30.87665
6556857500.0,-30.86763
6556858437.5,-30.87211
6556859375.0,-30.87066
6556860312.5,-30.86914
6556861250.0,-30.87054
6556862187.5,-30.86608
6556863125.0,-30.86237
6556864062.5,-30.86537
6556865000.0,-30.85486
6556865937.5,-30.86044
6556866875.0,-30.85599
6556867812.5,-30.84787
6556868750.0,-30.85271
6556869687.5,-30.84829
6556870625.0,-30.84721
6556871562.5,-30.84679
6556872500.0,-30.85048
6556873437.5,-30.85311
6556874375.0,-30.84574
6556875312.5,-30.84402
6556876250.0,-30.84035
6556877187.5,-30.83743
6556878125.0,-30.84237
6556879062.5,-30.83694
6556880000.0,-30.83937
6556880937.5,-30.83043
6556881875.0,-30.8336
6556882812.5,-30.83665
6556883750.0,-30.83192
6556884687.5,-30.82879
6556885625.0,-30.82179
6556886562.5,-30.82003
6556887500.0,-30.82071
6556888437.5,-30.82092
6556889375.0,-30.8132
6556890312.5,-30.81805
6556891250.0,-30.82268
6556892187.5,-30.8142
6556893125.0,-30.81689
6556894062.5,-30.81066
6556895000.0,-30.81555
6556895937.5,-30.81437
6556896875.0,-30.81055
6556897812.5,-30.80589
6556898750.0,-30.8077
6556899687.5,-30.80174
6556900625.0,-30.80027
6556901562.5,-30.79644
6556902500.0,-30.79568
6556903437.5,-30.79979
6556904375.0,-30.8017
6556905312.5,-30.79468
6556906250.0,-30.80035
6556907187.5,-30.79283
6556908125.0,-30.79242
6556909062.5,-30.78597
6556910000.0,-30.78763
6556910937.5,-30.78457
6556911875.0,-30.787
6556912812.5,-30.78197
6556913750.0,-30.78153
6556914687.5,-30.78086
6556915625.0,-30.77358
6556916562.5,-30.78053
6556917500.0,-30.77121
6556918437.5,-30.76685
6556919375.0,-30.77532
6556920312.5,-30.77404
6556921250.0,-30.77177
6556922187.5,-30.76643
6556923125.0,-30.76599
6556924062.5,-30.75985
6556925000.0,-30.76239
6556925937.5,-30.75902
6556926875.0,-30.76139
6556927812.5,-30.75662
6556928750.0,-30.75784
6556929687.5,-30.76129
6556930625.0,-30.75185
6556931562.5,-30.75627
6556932500.0,-30.75598
6556933437.5,-30.74816
6556934375.0,-30.74996
6556935312.5,-30.74834
6556936250.0,-30.74277
6556937187.5,-30.74363
6556938125.0,-30.74104
6556939062.5,-30.73806
6556940000.0,-30.74163
6556940937.5,-30.73757
6556941875.0,-30.73671
6556942812.5,-30.73773
6556943750.0,-30.73077
6556944687.5,-30.73026
6556945625.0,-30.72731
6556946562.5,-30.7268
6556947500.0,-30.72574
6556948437.5,-30.72163
6556949375.0,-30.72669
6556950312.5,-30.71822
6556951250.0,-30.72748
6556952187.5,-30.72048
6556953125.0,-30.72258
6556954062.5,-30.71247
6556955000.0,-30.71425
6556955937.5,-30.70809
6556956875.0,-30.7132
6556957812.5,-30.71386
6556958750.0,-30.70692
6556959687.5,-30.70961
6556960625.0,-30.70625
6556961562.5,-30.69618
6556962500.0,-30.70075
6556963437.5,-30.69673
6556964375.0,-30.70126
6556965312.5,-30.69578
6556966250.0,-30.69605
6556967187.5,-30.69647
6556968125.0,-30.69013
6556969062.5,-30.68884
6556970000.0,-30.69469
6556970937.5,-30.69263
6556971875.0,-30.69021
6556972812.5,-30.68234
6556973750.0,-30.68425
6556974687.5,-30.68354
6556975625.0,-30.68134
6556976562.5,-30.68012
6556977500.0,-30.67878
6556978437.5,-30.67403
6556979375.0,-30.67683
6556980312.5,-30.6752
6556981250.0,-30.67372
6556982187.5,-30.67312
6556983125.0,-30.66772
6556984062.5,-30.66687
6556985000.0,-30.66056
6556985937.5,-30.66019
6556986875.0,-30.66331
6556987812.5,-30.66286
6556988750.0,-30.66092
6556989687.5,-30.65449
6556990625.0,-30.65164
6556991562.5,-30.64949
6556992500.0,-30.65146
6556993437.5,-30.65175
6556994375.0,-30.65049
6556995312.5,-30.64764
6556996250.0,-30.64586
6556997187.5,-30.64992
6556998125.0,-30.6458
6556999062.5,-30.63657
6557000000.0,-30.64572
6557000937.5,-30.63732
6557001875.0,-30.63695
6557002812.5,-30.64158
6557003750.0,-30.62949
6557004687.5,-30.62984
6557005625.0,-30.6296
6557006562.5,-30.62985
6557007500.0,-30.63098
6557008437.5,-30.6265
6557009375.0,-30.62348
6557010312.5,-30.62346
6557011250.0,-30.62336
6557012187.5,-30.61437
6557013125.0,-30.62134
6557014062.5,-30.62144
6557015000.0,-30.61316
6557015937.5,-30.61832
6557016875.0,-30.61157
6557017812.5,-30.61139
6557018750.0,-30.60826
6557019687.5,-30.60858
6557020625.0,-30.60826
6557021562.5,-30.60697
6557022500.0,-30.60804
6557023437.5,-30.60317
6557024375.0,-30.60222
6557025312.5,-30.59811
6557026250.0,-30.60499
6557027187.5,-30.59555
6557028125.0,-30.59661
6557029062.5,-30.58543
6557030000.0,-30.59347
6557030937.5,-30.58863
6557031875.0,-30.586
6557032812.5,-30.59035
6557033750.0,-30.58268
6557034687.5,-30.5824
6557035625.0,-30.58652
6557036562.5,-30.58813
6557037500.0,-30.5797
6557038437.5,-30.58159
6557039375.0,-30.57525
6557040312.5,-30.57825
6557041250.0,-30.57129
6557042187.5,-30.56836
6557043125.0,-30.57419
6557044062.5,-30.56339
6557045000.0,-30.57017
6557045937.5,-30.57176
6557046875.0,-30.57074
6557047812.5,-30.56456
6557048750.0,-30.56386
6557049687.5,-30.55814
6557050625.0,-30.55155
6557051562.5,-30.5523
6557052500.0,-30.55301
6557053437.5,-30.55015
6557054375.0,-30.54801
6557055312.5,-30.54834
6557056250.0,-30.54363
6557057187.5,-30.54821
6557058125.0,-30.53937
6557059062.5,-30.54389
6557060000.0,-30.54221
6557060937.5,-30.54009
6557061875.0,-30.53929
6557062812.5,-30.5372
6557063750.0,-30.53073
6557064687.5,-30.52811
6557065625.0,-30.53114
6557066562.5,-30.53287
6557067500.0,-30.52955
6557068437.5,-30.53025
6557069375.0,-30.52822
6557070312.5,-30.52242
6557071250.0,-30.52283
6557072187.5,-30.52079
6557073125.0,-30.52106
6557074062.5,-30.51683
6557075000.0,-30.51782
6557075937.5,-30.51457
6557076875.0,-30.51658
6557077812.5,-30.51322
6557078750.0,-30.50883
6557079687.5,-30.5061
6557080625.0,-30.5051
6557081562.5,-30.50157
6557082500.0,-30.49756
6557083437.5,-30.49972
6557084375.0,-30.49704
6557085312.5,-30.49356
6557086250.0,-30.49844
6557087187.5,-30.49557
6557088125.0,-30.49395
6557089062.5,-30.49261
6557090000.0,-30.49147
6557090937.5,-30.49359
6557091875.0,-30.48678
6557092812.5,-30.48876
6557093750.0,-30.48275
6557094687.5,-30.48908
6557095625.0,-30.48226
6557096562.5,-30.47454
6557097500.0,-30.48027
6557098437.5,-30.4733
6557099375.0,-30.47986
6557100312.5,-30.47741
6557101250.0,-30.47746
6557102187.5,-30.47308
6557103125.0,-30.46614
6557104062.5,-30.47225
6557105000.0,-30.46213
6557105937.5,-30.4651
6557106875.0,-30.46533
6557107812.5,-30.46196
6557108750.0,-30.45936
6557109687.5,-30.45677
6557110625.0,-30.4576
6557111562.5,-30.45908
6557112500.0,-30.45679
6557113437.5,-30.45433
6557114375.0,-30.45046
6557115312.5,-30.44688
6557116250.0,-30.44814
6557117187.5,-30.44185
6557118125.0,-30.44346
6557119062.5,-30.44461
6557120000.0,-30.44224
6557120937.5,-30.43877
6557121875.0,-30.44087
6557122812.5,-30.4404
6557123750.0,-30.43408
6557124687.5,-30.43185
6557125625.0,-30.43254
6557126562.5,-30.43052
6557127500.0,-30.42591
6557128437.5,-30.4275
6557129375.0,-30.42955
6557130312.5,-30.42649
6557131250.0,-30.4159
6557132187.5,-30.42268
6557133125.0,-30.41697
6557134062.5,-30.42234
6557135000.0,-30.412
6557135937.5,-30.41062
6557136875.0,-30.40734
6557137812.5,-30.40755
6557138750.0,-30.41694
6557139687.5,-30.4087
6557140625.0,-30.40981
6557141562.5,-30.40973
6557142500.0,-30.40398
6557143437.5,-30.40317
6557144375.0,-30.39919
6557145312.5,-30.39636
6557146250.0,-30.40228
6557147187.5,-30.39753
6557148125.0,-30.38981
6557149062.5,-30.39965
6557150000.0,-30.39058
6557150937.5,-30.38826
6557151875.0,-30.38893
6557152812.5,-30.3859
6557153750.0,-30.38393
6557154687.5,-30.38755
6557155625.0,-30.37618
6557156562.5,-30.38221
6557157500.0,-30.37852
6557158437.5,-30.38378
6557159375.0,-30.37834
6557160312.5,-30.37502
6557161250.0,-30.37666
6557162187.5,-30.3723
6557163125.0,-30.37096
6557164062.5,-30.3663
6557165000.0,-30.37024
6557165937.5,-30.36798
6557166875.0,-30.36119
6557167812.5,-30.36514
6557168750.0,-30.35465
6557169687.5,-30.35807
6557170625.0,-30.36221
6557171562.5,-30.35702
6557172500.0,-30.35714
6557173437.5,-30.35226
6557174375.0,-30.3499
6557175312.5,-30.34662
6557176250.0,-30.34243
6557177187.5,-30.34057
6557178125.0,-30.33734
6557179062.5,-30.33659
6557180000.0,-30.33844
6557180937.5,-30.33966
6557181875.0,-30.34264
6557182812.5,-30.32898
6557183750.0,-30.3372
6557184687.5,-30.3298
6557185625.0,-30.33005
6557186562.5,-30.33072
6557187500.0,-30.32301
6557188437.5,-30.32626
6557189375.0,-30.32649
6557190312.5,-30.318
6557191250.0,-30.32097
6557192187.5,-30.31612
6557193125.0,-30.31427
6557194062.5,-30.3112
6557195000.0,-30.32076
6557195937.5,-30.31758
6557196875.0,-30.31132
6557197812.5,-30.30624
6557198750.0,-30.30761
6557199687.5,-30.30974
6557200625.0,-30.30128
6557201562.5,-30.30087
6557202500.0,-30.30328
6557203437.5,-30.30383
6557204375.0,-30.29968
6557205312.5,-30.29971
6557206250.0,-30.30033
6557207187.5,-30.2931
6557208125.0,-30.29361
6557209062.5,-30.28955
6557210000.0,-30.29087
6557210937.5,-30.2894
6557211875.0,-30.28487
6557212812.5,-30.28077
6557213750.0,-30.28697
6557214687.5,-30.2799
6557215625.0,-30.27978
6557216562.5,-30.28102
6557217500.0,-30.27607
6557218437.5,-30.27205
6557219375.0,-30.2673
6557220312.5,-30.27493
6557221250.0,-30.26594
6557222187.5,-30.26822
6557223125.0,-30.26245
6557224062.5,-30.26261
6557225000.0,-30.26044
6557225937.5,-30.26224
6557226875.0,-30.25802
6557227812.5,-30.25798
6557228750.0,-30.25447
6557229687.5,-30.26062
6557230625.0,-30.25356
6557231562.5,-30.25908
6557232500.0,-30.25352
6557233437.5,-30.24994
6557234375.0,-30.24537
6557235312.5,-30.2448
6557236250.0,-30.242
6557237187.5,-30.25066
6557238125.0,-30.24024
6557239062.5,-30.24135
6557240000.0,-30.2386
6557240937.5,-30.23186
6557241875.0,-30.23109
6557242812.5,-30.23234
6557243750.0,-30.22631
6557244687.5,-30.23013
6557245625.0,-30.22211
6557246562.5,-30.22187
6557247500.0,-30.22497
6557248437.5,-30.22427
6557249375.0,-30.22265
6557250312.5,-30.22526
6557251250.0,-30.22113
6557252187.5,-30.22074
6557253125.0,-30.21571
6557254062.5,-30.21353
6557255000.0,-30.21789
6557255937.5,-30.2111
6557256875.0,-30.20917
6557257812.5,-30.21035
6557258750.0,-30.20928
6557259687.5,-30.20552
6557260625.0,-30.20307
6557261562.5,-30.20625
6557262500.0,-30.20274
6557263437.5,-30.19646
6557264375.0,-30.19124
6557265312.5,-30.19751
6557266250.0,-30.18974
6557267187.5,-30.1875
6557268125.0,-30.18879
6557269062.5,-30.18952
6557270000.0,-30.18634
6557270937.5,-30.18339
6557271875.0,-30.17983
6557272812.5,-30.18287
6557273750.0,-30.17535
6557274687.5,-30.18226
6557275625.0,-30.17643
6557276562.5,-30.17978
6557277500.0,-30.17083
6557278437.5,-30.17672
6557279375.0,-30.16802
6557280312.5,-30.16751
6557281250.0,-30.16591
6557282187.5,-30.16615
6557283125.0,-30.16533
6557284062.5,-30.16092
6557285000.0,-30.16219
6557285937.5,-30.1579
6557286875.0,-30.15297
6557287812.5,-30.1592
6557288750.0,-30.14803
6557289687.5,-30.1499
6557290625.0,-30.15076
6557291562.5,-30.15221
6557292500.0,-30.14576
6557293437.5,-30.14337
6557294375.0,-30.14411
6557295312.5,-30.14325
6557296250.0,-30.14292
6557297187.5,-30.13582
6557298125.0,-30.13536
6557299062.5,-30.13466
6557300000.0,-30.13886
6557300937.5,-30.13119
6557301875.0,-30.13437
6557302812.5,-30.13155
6557303750.0,-30.12355
6557304687.5,-30.12609
6557305625.0,-30.12499
6557306562.5,-30.12349
6557307500.0,-30.1227
6557308437.5,-30.11673
6557309375.0,-30.1207
6557310312.5,-30.11481
6557311250.0,-30.11305
6557312187.5,-30.11407
6557313125.0,-30.11173
6557314062.5,-30.11685
6557315000.0,-30.11007
6557315937.5,-30.1022
6557316875.0,-30.10384
6557317812.5,-30.10196
6557318750.0,-30.10193
6557319687.5,-30.10609
6557320625.0,-30.10338
6557321562.5,-30.09203
6557322500.0,-30.09314
6557323437.5,-30.09514
6557324375.0,-30.09733
6557325312.5,-30.09091
6557326250.0,-30.08467
6557327187.5,-30.08885
6557328125.0,-30.08741
6557329062.5,-30.08706
6557330000.0,-30.08135
6557330937.5,-30.07657
6557331875.0,-30.0822
6557332812.5,-30.07918
6557333750.0,-30.07731
6557334687.5,-30.06769
6557335625.0,-30.06597
6557336562.5,-30.07107
6557337500.0,-30.07461
6557338437.5,-30.07246
6557339375.0,-30.06776
6557340312.5,-30.06558
6557341250.0,-30.06204
6557342187.5,-30.06446
6557343125.0,-30.05965
6557344062.5,-30.06398
6557345000.0,-30.06549
6557345937.5,-30.05613
6557346875.0,-30.05106
6557347812.5,-30.04877
6557348750.0,-30.04933
6557349687.5,-30.04705
6557350625.0,-30.04975
6557351562.5,-30.04148
6557352500.0,-30.0443
6557353437.5,-30.04892
6557354375.0,-30.03669
6557355312.5,-30.03748
6557356250.0,-30.03856
6557357187.5,-30.03858
6557358125.0,-30.02813
6557359062.5,-30.03774
6557360000.0,-30.02976
6557360937.5,-30.02169
6557361875.0,-30.03375
6557362812.5,-30.02674
6557363750.0,-30.0301
6557364687.5,-30.02718
6557365625.0,-30.0207
6557366562.5,-30.0159
6557367500.0,-30.01658
6557368437.5,-30.01615
6557369375.0,-30.01399
6557370312.5,-30.01135
6557371250.0,-30.00952
6557372187.5,-30.00404
6557373125.0,-30.00933
6557374062.5,-30.00842
6557375000.0,-30.00225
6557375937.5,-30.00169
6557376875.0,-29.99908
6557377812.5,-30.00247
6557378750.0,-29.99431
6557379687.5,-29.99645
6557380625.0,-29.99049
6557381562.5,-29.98737
6557382500.0,-29.99132
6557383437.5,-29.9854
6557384375.0,-29.99144
6557385312.5,-29.98003
6557386250.0,-29.98446
6557387187.5,-29.97955
6557388125.0,-29.98138
6557389062.5,-29.98054
6557390000.0,-29.97551
6557390937.5,-29.97795
6557391875.0,-29.97027
6557392812.5,-29.97963
6557393750.0,-29.96751
6557394687.5,-29.97225
6557395625.0,-29.96566
6557396562.5,-29.96776
6557397500.0,-29.95397
6557398437.5,-29.96209
6557399375.0,-29.95526
6557400312.5,-29.96046
6557401250.0,-29.9551
6557402187.5,-29.95428
6557403125.0,-29.95073
6557404062.5,-29.95203
6557405000.0,-29.95057
6557405937.5,-29.94787
6557406875.0,-29.94447
6557407812.5,-29.94035
6557408750.0,-29.94588
6557409687.5,-29.94213
6557410625.0,-29.94006
6557411562.5,-29.94383
6557412500.0,-29.93146
6557413437.5,-29.93379
6557414375.0,-29.94164
6557415312.5,-29.93505
6557416250.0,-29.93204
6557417187.5,-29.92979
6557418125.0,-29.92671
6557419062.5,-29.92644
6557420000.0,-29.92122
6557420937.5,-29.92702
6557421875.0,-29.91973
6557422812.5,-29.92022
6557423750.0,-29.91787
6557424687.5,-29.91586
6557425625.0,-29.91955
6557426562.5,-29.91155
6557427500.0,-29.916
6557428437.5,-29.90667
6557429375.0,-29.89816
6557430312.5,-29.90718
6557431250.0,-29.9068
6557432187.5,-29.90195
6557433125.0,-29.89954
6557434062.5,-29.89519
6557435000.0,-29.90152
6557435937.5,-29.90508
6557436875.0,-29.89599
6557437812.5,-29.89294
6557438750.0,-29.8929
6557439687.5,-29.89663
6557440625.0,-29.89265
6557441562.5,-29.88994
6557442500.0,-29.87756
6557443437.5,-29.8835
6557444375.0,-29.8803
6557445312.5,-29.87402
6557446250.0,-29.8788
6557447187.5,-29.87488
6557448125.0,-29.87479
6557449062.5,-29.87368
6557450000.0,-29.87509
6557450937.5,-29.87064
6557451875.0,-29.86496
6557452812.5,-29.86815
6557453750.0,-29.86347
6557454687.5,-29.86113
6557455625.0,-29.86649
6557456562.5,-29.85636
6557457500.0,-29.85892
6557458437.5,-29.85633
6557459375.0,-29.85652
6557460312.5,-29.85336
6557461250.0,-29.84848
6557462187.5,-29.84967
6557463125.0,-29.84603
6557464062.5,-29.8446
6557465000.0,-29.84379
6557465937.5,-29.84348
6557466875.0,-29.8358
6557467812.5,-29.83814
6557468750.0,-29.83586
6557469687.5,-29.82945
6557470625.0,-29.83674
6557471562.5,-29.83102
6557472500.0,-29.83356
6557473437.5,-29.8271
6557474375.0,-29.82574
6557475312.5,-29.81936
6557476250.0,-29.821
6557477187.5,-29.81808
6557478125.0,-29.82505
6557479062.5,-29.81906
6557480000.0,-29.81772
6557480937.5,-29.81209
6557481875.0,-29.8105
6557482812.5,-29.81055
6557483750.0,-29.80982
6557484687.5,-29.81007
6557485625.0,-29.81037
6557486562.5,-29.80225
6557487500.0,-29.80138
6557488437.5,-29.80145
6557489375.0,-29.80161
6557490312.5,-29.80068
6557491250.0,-29.79733
6557492187.5,-29.79663
6557493125.0,-29.79733
6557494062.5,-29.78927
6557495000.0,-29.78809
6557495937.5,-29.78214
6557496875.0,-29.78988
6557497812.5,-29.78325
6557498750.0,-29.78287
6557499687.5,-29.77988
6557500625.0,-29.77967
6557501562.5,-29.78401
6557502500.0,-29.77588
6557503437.5,-29.77304
6557504375.0,-29.77502
6557505312.5,-29.77141
6557506250.0,-29.76888
6557507187.5,-29.76861
6557508125.0,-29.76839
6557509062.5,-29.76731
6557510000.0,-29.76714
6557510937.5,-29.76174
6557511875.0,-29.75855
6557512812.5,-29.75554
6557513750.0,-29.75629
6557514687.5,-29.74988
6557515625.0,-29.7558
6557516562.5,-29.74835
6557517500.0,-29.74795
6557518437.5,-29.74577
6557519375.0,-29.74565
6557520312.5,-29.74629
6557521250.0,-29.7423
6557522187.5,-29.739
6557523125.0,-29.74343
6557524062.5,-29.73592
6557525000.0,-29.7386
6557525937.5,-29.73541
6557526875.0,-29.73456
6557527812.5,-29.73018
6557528750.0,-29.72803
6557529687.5,-29.7268
6557530625.0,-29.7251
6557531562.5,-29.72563
6557532500.0,-29.7194
6557533437.5,-29.72977
6557534375.0,-29.71678
6557535312.5,-29.71893
6557536250.0,-29.7165
6557537187.5,-29.71382
6557538125.0,-29.7124
6557539062.5,-29.7084
6557540000.0,-29.70337
6557540937.5,-29.70779
6557541875.0,-29.7058
6557542812.5,-29.7022
6557543750.0,-29.7024
6557544687.5,-29.69755
6557545625.0,-29.69856
6557546562.5,-29.69643
6557547500.0,-29.6945
6557548437.5,-29.69838
6557549375.0,-29.69327
6557550312.5,-29.68683
6557551250.0,-29.68791
6557552187.5,-29.68125
6557553125.0,-29.6845
6557554062.5,-29.68217
6557555000.0,-29.68144
6557555937.5,-29.67797
6557556875.0,-29.67545
6557557812.5,-29.6714
6557558750.0,-29.67156
6557559687.5,-29.67039
6557560625.0,-29.6671
6557561562.5,-29.66952
6557562500.0,-29.66513
6557563437.5,-29.66551
6557564375.0,-29.66315
6557565312.5,-29.66811
6557566250.0,-29.65873
6557567187.5,-29.66029
6557568125.0,-29.65513
6557569062.5,-29.6556
6557570000.0,-29.65095
6557570937.5,-29.64847
6557571875.0,-29.65433
6557572812.5,-29.64592
6557573750.0,-29.64286
6557574687.5,-29.6419
6557575625.0,-29.64306
6557576562.5,-29.6369
6557577500.0,-29.63548
6557578437.5,-29.63721
6557579375.0,-29.6392
6557580312.5,-29.6363
6557581250.0,-29.63466
6557582187.5,-29.6296
6557583125.0,-29.63199
6557584062.5,-29.62565
6557585000.0,-29.63186
6557585937.5,-29.62424
6557586875.0,-29.62625
6557587812.5,-29.62374
6557588750.0,-29.61814
6557589687.5,-29.6139
6557590625.0,-29.61372
6557591562.5,-29.61488
6557592500.0,-29.61038
6557593437.5,-29.60697
6557594375.0,-29.60981
6557595312.5,-29.60378
6557596250.0,-29.60196
6557597187.5,-29.60038
6557598125.0,-29.60283
6557599062.5,-29.60265
6557600000.0,-29.59413
6557600937.5,-29.60032
6557601875.0,-29.59838
6557602812.5,-29.59727
6557603750.0,-29.59358
6557604687.5,-29.59425
6557605625.0,-29.58528
6557606562.5,-29.58619
6557607500.0,-29.58359
6557608437.5,-29.58198
6557609375.0,-29.57909
6557610312.5,-29.57521
6557611250.0,-29.57646
6557612187.5,-29.57514
6557613125.0,-29.57198
6557614062.5,-29.57225
6557615000.0,-29.5714
6557615937.5,-29.56783
6557616875.0,-29.56483
6557617812.5,-29.57028
6557618750.0,-29.56229
6557619687.5,-29.56251
6557620625.0,-29.56289
6557621562.5,-29.5638
6557622500.0,-29.5554
6557623437.5,-29.55462
6557624375.0,-29.5576
6557625312.5,-29.55297
6557626250.0,-29.54948
6557627187.5,-29.54629
6557628125.0,-29.54373
6557629062.5,-29.54377
6557630000.0,-29.54122
6557630937.5,-29.53858
6557631875.0,-29.54001
6557632812.5,-29.54047
6557633750.0,-29.53433
6557634687.5,-29.53591
6557635625.0,-29.52744
6557636562.5,-29.53148
6557637500.0,-29.5283
6557638437.5,-29.53046
6557639375.0,-29.52619
6557640312.5,-29.51494
6557641250.0,-29.52838
6557642187.5,-29.52211
6557643125.0,-29.52187
6557644062.5,-29.51219
6557645000.0,-29.51489
6557645937.5,-29.51327
6557646875.0,-29.51014
6557647812.5,-29.51008
6557648750.0,-29.51074
6557649687.5,-29.50449
6557650625.0,-29.50333
6557651562.5,-29.50337
6557652500.0,-29.50413
6557653437.5,-29.49493
6557654375.0,-29.49513
6557655312.5,-29.49212
6557656250.0,-29.49424
6557657187.5,-29.48763
6557658125.0,-29.48992
6557659062.5,-29.49058
6557660000.0,-29.48835
6557660937.5,-29.48538
6557661875.0,-29.48196
6557662812.5,-29.47998
6557663750.0,-29.48361
6557664687.5,-29.48088
6557665625.0,-29.47149
6557666562.5,-29.46959
6557667500.0,-29.47157
6557668437.5,-29.47167
6557669375.0,-29.46468
6557670312.5,-29.46899
6557671250.0,-29.46766
6557672187.5,-29.47153
6557673125.0,-29.46152
6557674062.5,-29.46191
6557675000.0,-29.45992
6557675937.5,-29.45632
6557676875.0,-29.4485
6557677812.5,-29.45201
6557678750.0,-29.45567
6557679687.5,-29.45341
6557680625.0,-29.44433
6557681562.5,-29.44859
6557682500.0,-29.44772
6557683437.5,-29.44148
6557684375.0,-29.44184
6557685312.5,-29.44277
6557686250.0,-29.43279
6557687187.5,-29.43357
6557688125.0,-29.43406
6557689062.5,-29.44048
6557690000.0,-29.43489
6557690937.5,-29.42646
6557691875.0,-29.42931
6557692812.5,-29.43007
6557693750.0,-29.42888
6557694687.5,-29.42708
6557695625.0,-29.42084
6557696562.5,-29.41776
6557697500.0,-29.41722
6557698437.5,-29.42492
6557699375.0,-29.41869
6557700312.5,-29.41246
6557701250.0,-29.40905
6557702187.5,-29.41089
6557703125.0,-29.40633
6557704062.5,-29.40779
6557705000.0,-29.40174
6557705937.5,-29.40512
6557706875.0,-29.40316
6557707812.5,-29.39753
6557708750.0,-29.39998
6557709687.5,-29.39666
6557710625.0,-29.39103
6557711562.5,-29.39433
6557712500.0,-29.39006
6557713437.5,-29.38541
6557714375.0,-29.38171
6557715312.5,-29.38233
6557716250.0,-29.3819
6557717187.5,-29.38119
6557718125.0,-29.37627
6557719062.5,-29.37205
6557720000.0,-29.3743
6557720937.5,-29.37736
6557721875.0,-29.37396
6557722812.5,-29.36753
6557723750.0,-29.36218
6557724687.5,-29.36651
6557725625.0,-29.3657
6557726562.5,-29.36421
6557727500.0,-29.35944
6557728437.5,-29.36283
6557729375.0,-29.35552
6557730312.5,-29.35449
6557731250.0,-29.35055
6557732187.5,-29.34924
6557733125.0,-29.34596
6557734062.5,-29.34824
6557735000.0,-29.3472
6557735937.5,-29.34014
6557736875.0,-29.34183
6557737812.5,-29.342
6557738750.0,-29.34274
6557739687.5,-29.33625
6557740625.0,-29.33612
6557741562.5,-29.34033
6557742500.0,-29.32855
6557743437.5,-29.32971
6557744375.0,-29.3331
6557745312.5,-29.32477
6557746250.0,-29.32637
6557747187.5,-29.32237
6557748125.0,-29.32314
6557749062.5,-29.31465
6557750000.0,-29.31839
6557750937.5,-29.31823
6557751875.0,-29.31597
6557752812.5,-29.31353
6557753750.0,-29.3102
6557754687.5,-29.31123
6557755625.0,-29.30955
6557756562.5,-29.30626
6557757500.0,-29.30241
6557758437.5,-29.2969
6557759375.0,-29.30456
6557760312.5,-29.29885
6557761250.0,-29.29775
6557762187.5,-29.29567
6557763125.0,-29.28848
6557764062.5,-29.29001
6557765000.0,-29.29143
6557765937.5,-29.28963
6557766875.0,-29.2893
6557767812.5,-29.2796
6557768750.0,-29.28461
6557769687.5,-29.27969
6557770625.0,-29.27905
6557771562.5,-29.27691
6557772500.0,-29.27357
6557773437.5,-29.27591
6557774375.0,-29.27206
6557775312.5,-29.26909
6557776250.0,-29.27216
6557777187.5,-29.26459
6557778125.0,-29.26995
6557779062.5,-29.26404
6557780000.0,-29.25913
6557780937.5,-29.25608
6557781875.0,-29.25644
6557782812.5,-29.25585
6557783750.0,-29.25154
6557784687.5,-29.24973
6557785625.0,-29.2564
6557786562.5,-29.24719
6557787500.0,-29.24833
6557788437.5,-29.24591
6557789375.0,-29.24342
6557790312.5,-29.24659
6557791250.0,-29.24012
6557792187.5,-29.23712
6557793125.0,-29.23593
6557794062.5,-29.23365
6557795000.0,-29.23201
6557795937.5,-29.22689
6557796875.0,-29.22893
6557797812.5,-29.22861
6557798750.0,-29.22742
6557799687.5,-29.22913
6557800625.0,-29.22083
6557801562.5,-29.2177
6557802500.0,-29.22208
6557803437.5,-29.21916
6557804375.0,-29.2097
6557805312.5,-29.21121
6557806250.0,-29.2103
6557807187.5,-29.20945
6557808125.0,-29.21231
6557809062.5,-29.2061
6557810000.0,-29.20274
6557810937.5,-29.20733
6557811875.0,-29.19651
6557812812.5,-29.19615
6557813750.0,-29.19785
6557814687.5,-29.1913
6557815625.0,-29.19004
6557816562.5,-29.19017
6557817500.0,-29.19054
6557818437.5,-29.18902
6557819375.0,-29.18381
6557820312.5,-29.18093
6557821250.0,-29.18325
6557822187.5,-29.17861
6557823125.0,-29.17607
6557824062.5,-29.17627
6557825000.0,-29.17532
6557825937.5,-29.17067
6557826875.0,-29.17272
6557827812.5,-29.16635
6557828750.0,-29.16861
6557829687.5,-29.16103
6557830625.0,-29.1651
6557831562.5,-29.16831
6557832500.0,-29.16473
6557833437.5,-29.15956
6557834375.0,-29.16125
6557835312.5,-29.14866
6557836250.0,-29.15365
6557837187.5,-29.14863
6557838125.0,-29.14269
6557839062.5,-29.15321
6557840000.0,-29.14433
6557840937.5,-29.14577
6557841875.0,-29.13759
6557842812.5,-29.13725
6557843750.0,-29.14009
6557844687.5,-29.13379
6557845625.0,-29.13621
6557846562.5,-29.13374
6557847500.0,-29.13293
6557848437.5,-29.13031
6557849375.0,-29.12984
6557850312.5,-29.13037
6557851250.0,-29.12163
6557852187.5,-29.12186
6557853125.0,-29.12372
6557854062.5,-29.11979
6557855000.0,-29.11689
6557855937.5,-29.11407
6557856875.0,-29.11215
6557857812.5,-29.11726
6557858750.0,-29.11025
6557859687.5,-29.1099
6557860625.0,-29.10894
6557861562.5,-29.10167
6557862500.0,-29.0989
6557863437.5,-29.0997
6557864375.0,-29.09537
6557865312.5,-29.09468
6557866250.0,-29.09339
6557867187.5,-29.09306
6557868125.0,-29.09167
6557869062.5,-29.08751
6557870000.0,-29.08637
6557870937.5,-29.08345
6557871875.0,-29.08282
6557872812.5,-29.08085
6557873750.0,-29.08154
6557874687.5,-29.08239
6557875625.0,-29.07719
6557876562.5,-29.0742
6557877500.0,-29.07109
6557878437.5,-29.06899
6557879375.0,-29.0677
6557880312.5,-29.06792
6557881250.0,-29.06258
6557882187.5,-29.06754
6557883125.0,-29.06118
6557884062.5,-29.06039
6557885000.0,-29.05965
6557885937.5,-29.05846
6557886875.0,-29.05184
6557887812.5,-29.05493
6557888750.0,-29.05231
6557889687.5,-29.05249
6557890625.0,-29.03978
6557891562.5,-29.04757
6557892500.0,-29.04551
6557893437.5,-29.04045
6557894375.0,-29.04115
6557895312.5,-29.03683
6557896250.0,-29.03368
6557897187.5,-29.03978
6557898125.0,-29.03384
6557899062.5,-29.03059
6557900000.0,-29.02596
6557900937.5,-29.02252
6557901875.0,-29.02904
6557902812.5,-29.02485
6557903750.0,-29.02254
6557904687.5,-29.0238
6557905625.0,-29.01695
6557906562.5,-29.0166
6557907500.0,-29.01594
6557908437.5,-29.01677
6557909375.0,-29.01804
6557910312.5,-29.00945
6557911250.0,-29.00487
6557912187.5,-29.00373
6557913125.0,-29.00746
6557914062.5,-29.00694
6557915000.0,-29.00035
6557915937.5,-28.99955
6557916875.0,-28.99689
6557917812.5,-28.99516
6557918750.0,-28.99349
6557919687.5,-28.98998
6557920625.0,-28.98807
6557921562.5,-28.98646
6557922500.0,-28.98275
6557923437.5,-28.9814
6557924375.0,-28.97905
6557925312.5,-28.97954
6557926250.0,-28.9791
6557927187.5,-28.98094
6557928125.0,-28.97486
6557929062.5,-28.97332
6557930000.0,-28.96531
6557930937.5,-28.96885
6557931875.0,-28.9721
6557932812.5,-28.96176
6557933750.0,-28.96513
6557934687.5,-28.96245
6557935625.0,-28.95738
6557936562.5,-28.95528
6557937500.0,-28.95714
6557938437.5,-28.95064
6557939375.0,-28.9527
6557940312.5,-28.95046
6557941250.0,-28.94671
6557942187.5,-28.94694
6557943125.0,-28.94581
6557944062.5,-28.94172
6557945000.0,-28.94418
6557945937.5,-28.9387
6557946875.0,-28.94242
6557947812.5,-28.93772
6557948750.0,-28.93113
6557949687.5,-28.929
6557950625.0,-28.92564
6557951562.5,-28.93234
6557952500.0,-28.92857
6557953437.5,-28.92601
6557954375.0,-28.91899
6557955312.5,-28.92163
6557956250.0,-28.91966
6557957187.5,-28.918
6557958125.0,-28.91363
6557959062.5,-28.91377
6557960000.0,-28.9085
6557960937.5,-28.9044
6557961875.0,-28.91266
6557962812.5,-28.906
6557963750.0,-28.90687
6557964687.5,-28.90151
6557965625.0,-28.90092
6557966562.5,-28.8929
6557967500.0,-28.89809
6557968437.5,-28.89578
6557969375.0,-28.89152
6557970312.5,-28.89205
6557971250.0,-28.89237
6557972187.5,-28.88307
6557973125.0,-28.88505
6557974062.5,-28.88487
6557975000.0,-28.8822
6557975937.5,-28.88204
6557976875.0,-28.88188
6557977812.5,-28.87218
6557978750.0,-28.87527
6557979687.5,-28.8716
6557980625.0,-28.86882
6557981562.5,-28.86781
6557982500.0,-28.86937
6557983437.5,-28.86677
6557984375.0,-28.86068
6557985312.5,-28.859
6557986250.0,-28.85853
6557987187.5,-28.85784
6557988125.0,-28.85284
6557989062.5,-28.85388
6557990000.0,-28.85281
6557990937.5,-28.84989
6557991875.0,-28.84328
6557992812.5,-28.84731
6557993750.0,-28.84643
6557994687.5,-28.84586
6557995625.0,-28.8382
6557996562.5,-28.83969
6557997500.0,-28.83558
6557998437.5,-28.8359
6557999375.0,-28.8329
6558000312.5,-28.83008
6558001250.0,-28.82303
6558002187.5,-28.8268
6558003125.0,-28.82349
6558004062.5,-28.82355
6558005000.0,-28.82105
6558005937.5,-28.82228
6558006875.0,-28.81722
6558007812.5,-28.81812
6558008750.0,-28.81603
6558009687.5,-28.81413
6558010625.0,-28.8119
6558011562.5,-28.80624
6558012500.0,-28.80726
6558013437.5,-28.80236
6558014375.0,-28.8046
6558015312.5,-28.80217
6558016250.0,-28.80009
6558017187.5,-28.79311
6558018125.0,-28.79383
6558019062.5,-28.79596
6558020000.0,-28.78547
6558020937.5,-28.79185
6558021875.0,-28.78698
6558022812.5,-28.78711
6558023750.0,-28.77892
6558024687.5,-28.77648
6558025625.0,-28.77689
6558026562.5,-28.77821
6558027500.0,-28.77499
6558028437.5,-28.7779
6558029375.0,-28.77274
6558030312.5,-28.77179
6558031250.0,-28.76661
6558032187.5,-28.76539
6558033125.0,-28.76141
6558034062.5,-28.76543
6558035000.0,-28.76085
6558035937.5,-28.76162
6558036875.0,-28.75578
6558037812.5,-28.75452
6558038750.0,-28.75045
6558039687.5,-28.7503
6558040625.0,-28.74453
6558041562.5,-28.74443
6558042500.0,-28.74572
6558043437.5,-28.74221
6558044375.0,-28.74595
6558045312.5,-28.74071
6558046250.0,-28.73624
6558047187.5,-28.7385
6558048125.0,-28.73372
6558049062.5,-28.73292
6558050000.0,-28.73128
6558050937.5,-28.73326
6558051875.0,-28.72459
6558052812.5,-28.72435
6558053750.0,-28.72436
6558054687.5,-28.71922
6558055625.0,-28.71642
6558056562.5,-28.71592
6558057500.0,-28.71644
6558058437.5,-28.71162
6558059375.0,-28.71449
6558060312.5,-28.7059
6558061250.0,-28.70823
6558062187.5,-28.7065
6558063125.0,-28.7078
6558064062.5,-28.70326
6558065000.0,-28.69893
6558065937.5,-28.70085
6558066875.0,-28.69586
6558067812.5,-28.69472
6558068750.0,-28.70027
6558069687.5,-28.69857
6558070625.0,-28.68913
6558071562.5,-28.68346
6558072500.0,-28.68315
6558073437.5,-28.6862
6558074375.0,-28.68007
6558075312.5,-28.67885
6558076250.0,-28.67726
6558077187.5,-28.67706
6558078125.0,-28.67444
6558079062.5,-28.66779
6558080000.0,-28.66891
6558080937.5,-28.67006
6558081875.0,-28.66834
6558082812.5,-28.66211
6558083750.0,-28.66272
6558084687.5,-28.65898
6558085625.0,-28.65825
6558086562.5,-28.66475
6558087500.0,-28.65476
6558088437.5,-28.64957
6558089375.0,-28.64968
6558090312.5,-28.65129
6558091250.0,-28.6446
6558092187.5,-28.64811
6558093125.0,-28.64532
6558094062.5,-28.64099
6558095000.0,-28.63662
6558095937.5,-28.63178
6558096875.0,-28.63238
6558097812.5,-28.62804
6558098750.0,-28.63246
6558099687.5,-28.63092
6558100625.0,-28.62853
6558101562.5,-28.62899
6558102500.0,-28.62448
6558103437.5,-28.62535
6558104375.0,-28.62364
6558105312.5,-28.61691
6558106250.0,-28.61535
6558107187.5,-28.61894
6558108125.0,-28.61578
6558109062.5,-28.61153
6558110000.0,-28.61081
6558110937.5,-28.6108
6558111875.0,-28.6049
6558112812.5,-28.60505
6558113750.0,-28.59488
6558114687.5,-28.59569
6558115625.0,-28.59822
6558116562.5,-28.59301
6558117500.0,-28.59418
6558118437.5,-28.58964
6558119375.0,-28.58899
6558120312.5,-28.58961
6558121250.0,-28.59082
6558122187.5,-28.58161
6558123125.0,-28.58658
6558124062.5,-28.58294
6558125000.0,-28.58037
6558125937.5,-28.57679
6558126875.0,-28.57058
6558127812.5,-28.57232
6558128750.0,-28.57186
6558129687.5,-28.56826
6558130625.0,-28.56618
6558131562.5,-28.56577
6558132500.0,-28.55394
6558133437.5,-28.55862
6558134375.0,-28.55815
6558135312.5,-28.5575
6558136250.0,-28.5584
6558137187.5,-28.55362
6558138125.0,-28.55245
6558139062.5,-28.54766
6558140000.0,-28.54522
6558140937.5,-28.55226
6558141875.0,-28.54496
6558142812.5,-28.53746
6558143750.0,-28.53962
6558144687.5,-28.53798
6558145625.0,-28.53343
6558146562.5,-28.52976
6558147500.0,-28.52987
6558148437.5,-28.53229
6558149375.0,-28.5274
6558150312.5,-28.5251
6558151250.0,-28.52334
6558152187.5,-28.52374
6558153125.0,-28.51731
6558154062.5,-28.51953
6558155000.0,-28.51861
6558155937.5,-28.51896
6558156875.0,-28.50894
6558157812.5,-28.51183
6558158750.0,-28.50949
6558159687.5,-28.50939
6558160625.0,-28.50924
6558161562.5,-28.50319
6558162500.0,-28.50275
6558163437.5,-28.49957
6558164375.0,-28.49555
6558165312.5,-28.49431
6558166250.0,-28.49969
6558167187.5,-28.49282
6558168125.0,-28.48882
6558169062.5,-28.48651
6558170000.0,-28.47861
6558170937.5,-28.48171
6558171875.0,-28.48801
6558172812.5,-28.48336
6558173750.0,-28.47178
6558174687.5,-28.4781
6558175625.0,-28.47617
6558176562.5,-28.47349
6558177500.0,-28.47556
6558178437.5,-28.46444
6558179375.0,-28.46296
6558180312.5,-28.46579
6558181250.0,-28.46256
6558182187.5,-28.46698
6558183125.0,-28.4592
6558184062.5,-28.46032
6558185000.0,-28.45345
6558185937.5,-28.45238
6558186875.0,-28.45081
6558187812.5,-28.4503
6558188750.0,-28.44345
6558189687.5,-28.44195
6558190625.0,-28.44588
6558191562.5,-28.4415
6558192500.0,-28.437
6558193437.5,-28.4349
6558194375.0,-28.43351
6558195312.5,-28.43673
6558196250.0,-28.42981
6558197187.5,-28.42208
6558198125.0,-28.42833
6558199062.5,-28.42882
6558200000.0,-28.42204
6558200937.5,-28.41991
6558201875.0,-28.41682
6558202812.5,-28.41136
6558203750.0,-28.41208
6558204687.5,-28.41359
6558205625.0,-28.41002
6558206562.5,-28.40824
6558207500.0,-28.40426
6558208437.5,-28.40366
6558209375.0,-28.40978
6558210312.5,-28.39929
6558211250.0,-28.40059
6558212187.5,-28.39915
6558213125.0,-28.39113
6558214062.5,-28.39314
6558215000.0,-28.38727
6558215937.5,-28.39237
6558216875.0,-28.38668
6558217812.5,-28.38644
6558218750.0,-28.38593
6558219687.5,-28.3792
6558220625.0,-28.3818
6558221562.5,-28.37597
6558222500.0,-28.37564
6558223437.5,-28.37418
6558224375.0,-28.3736
6558225312.5,-28.36439
6558226250.0,-28.37057
6558227187.5,-28.36264
6558228125.0,-28.36389
6558229062.5,-28.36306
6558230000.0,-28.365
6558230937.5,-28.35833
6558231875.0,-28.35454
6558232812.5,-28.34797
6558233750.0,-28.35357
6558234687.5,-28.34601
6558235625.0,-28.35062
6558236562.5,-28.34847
6558237500.0,-28.3405
6558238437.5,-28.34353
6558239375.0,-28.33852
6558240312.5,-28.33428
6558241250.0,-28.33778
6558242187.5,-28.33568
6558243125.0,-28.33577
6558244062.5,-28.33015
6558245000.0,-28.33342
6558245937.5,-28.32948
6558246875.0,-28.32841
6558247812.5,-28.32342
6558248750.0,-28.31949
6558249687.5,-28.3188
6558250625.0,-28.3229
6558251562.5,-28.31743
6558252500.0,-28.31399
6558253437.5,-28.31224
6558254375.0,-28.3105
6558255312.5,-28.30443
6558256250.0,-28.30773
6558257187.5,-28.3002
6558258125.0,-28.30493
6558259062.5,-28.2989
6558260000.0,-28.29692
6558260937.5,-28.2921
6558261875.0,-28.29402
6558262812.5,-28.2907
6558263750.0,-28.29078
6558264687.5,-28.28959
6558265625.0,-28.28887
6558266562.5,-28.2858
6558267500.0,-28.28484
6558268437.5,-28.28044
6558269375.0,-28.27773
6558270312.5,-28.27512
6558271250.0,-28.27517
6558272187.5,-28.27081
6558273125.0,-28.27188
6558274062.5,-28.26434
6558275000.0,-28.26577
6558275937.5,-28.26697
6558276875.0,-28.25558
6558277812.5,-28.25662
6558278750.0,-28.25426
6558279687.5,-28.25348
6558280625.0,-28.25702
6558281562.5,-28.24864
6558282500.0,-28.24729
6558283437.5,-28.24591
6558284375.0,-28.2445
6558285312.5,-28.2429
6558286250.0,-28.24268
6558287187.5,-28.2391
6558288125.0,-28.23386
6558289062.5,-28.23625
6558290000.0,-28.23445
6558290937.5,-28.23263
6558291875.0,-28.22543
6558292812.5,-28.22906
6558293750.0,-28.2282
6558294687.5,-28.21988
6558295625.0,-28.21745
6558296562.5,-28.22127
6558297500.0,-28.21541
6558298437.5,-28.21668
6558299375.0,-28.21365
6558300312.5,-28.20742
6558301250.0,-28.21002
6558302187.5,-28.205
6558303125.0,-28.20067
6558304062.5,-28.2049
6558305000.0,-28.20193
6558305937.5,-28.20191
6558306875.0,-28.19191
6558307812.5,-28.19508
6558308750.0,-28.1941
6558309687.5,-28.18926
6558310625.0,-28.18952
6558311562.5,-28.18677
6558312500.0,-28.18787
6558313437.5,-28.18363
6558314375.0,-28.18204
6558315312.5,-28.18404
6558316250.0,-28.17804
6558317187.5,-28.171
6558318125.0,-28.17101
6558319062.5,-28.17182
6558320000.0,-28.16751
6558320937.5,-28.16634
6558321875.0,-28.16451
6558322812.5,-28.16231
6558323750.0,-28.16094
6558324687.5,-28.16433
6558325625.0,-28.16024
6558326562.5,-28.15351
6558327500.0,-28.15662
6558328437.5,-28.15123
6558329375.0,-28.14887
6558330312.5,-28.14791
6558331250.0,-28.14058
6558332187.5,-28.145
6558333125.0,-28.14377
6558334062.5,-28.13859
6558335000.0,-28.13787
6558335937.5,-28.13273
6558336875.0,-28.13366
6558337812.5,-28.12613
6558338750.0,-28.1329
6558339687.5,-28.12641
6558340625.0,-28.12552
6558341562.5,-28.1196
6558342500.0,-28.12182
6558343437.5,-28.11897
6558344375.0,-28.12307
6558345312.5,-28.11427
6558346250.0,-28.11136
6558347187.5,-28.11087
6558348125.0,-28.11127
6558349062.5,-28.10881
6558350000.0,-28.10468
6558350937.5,-28.10295
6558351875.0,-28.10235
6558352812.5,-28.09688
6558353750.0,-28.09668
6558354687.5,-28.09002
6558355625.0,-28.0958
6558356562.5,-28.09231
6558357500.0,-28.08875
6558358437.5,-28.08727
6558359375.0,-28.0892
6558360312.5,-28.08091
6558361250.0,-28.08219
6558362187.5,-28.07531
6558363125.0,-28.07841
6558364062.5,-28.07842
6558365000.0,-28.07272
6558365937.5,-28.06918
6558366875.0,-28.07064
6558367812.5,-28.0654
6558368750.0,-28.06028
6558369687.5,-28.06453
6558370625.0,-28.06182
6558371562.5,-28.05956
6558372500.0,-28.05276
6558373437.5,-28.04892
6558374375.0,-28.05239
6558375312.5,-28.05038
6558376250.0,-28.05042
6558377187.5,-28.04483
6558378125.0,-28.04449
6558379062.5,-28.04141
6558380000.0,-28.03928
6558380937.5,-28.03529
6558381875.0,-28.03698
6558382812.5,-28.03348
6558383750.0,-28.03082
6558384687.5,-28.03274
6558385625.0,-28.02689
6558386562.5,-28.02816
6558387500.0,-28.02383
6558388437.5,-28.0263
6558389375.0,-28.02217
6558390312.5,-28.01818
6558391250.0,-28.00988
6558392187.5,-28.0101
6558393125.0,-28.01105
6558394062.5,-28.00893
6558395000.0,-28.00909
6558395937.5,-28.00543
6558396875.0,-28.00397
6558397812.5,-28.00301
6558398750.0,-27.99708
6558399687.5,-28.00044
6558400625.0,-27.99452
6558401562.5,-27.99377
6558402500.0,-27.9871
6558403437.5,-27.98672
6558404375.0,-27.98545
6558405312.5,-27.98162
6558406250.0,-27.98247
6558407187.5,-27.98119
6558408125.0,-27.98064
6558409062.5,-27.98079
6558410000.0,-27.97249
6558410937.5,-27.96879
6558411875.0,-27.97158
6558412812.5,-27.96664
6558413750.0,-27.96562
6558414687.5,-27.96362
6558415625.0,-27.95988
6558416562.5,-27.95764
6558417500.0,-27.95825
6558418437.5,-27.95537
6558419375.0,-27.95402
6558420312.5,-27.95377
6558421250.0,-27.95254
6558422187.5,-27.94825
6558423125.0,-27.94537
6558424062.5,-27.94213
6558425000.0,-27.94447
6558425937.5,-27.93599
6558426875.0,-27.93453
6558427812.5,-27.93352
6558428750.0,-27.93184
6558429687.5,-27.93149
6558430625.0,-27.92962
6558431562.5,-27.9262
6558432500.0,-27.9238
6558433437.5,-27.92144
6558434375.0,-27.9187
6558435312.5,-27.91874
6558436250.0,-27.9167
6558437187.5,-27.91999
6558438125.0,-27.91238
6558439062.5,-27.90872
6558440000.0,-27.90735
6558440937.5,-27.90446
6558441875.0,-27.9026
6558442812.5,-27.90094
6558443750.0,-27.89815
6558444687.5,-27.89692
6558445625.0,-27.89986
6558446562.5,-27.89426
6558447500.0,-27.8929
6558448437.5,-27.88923
6558449375.0,-27.88521
6558450312.5,-27.88821
6558451250.0,-27.88067
6558452187.5,-27.87893
6558453125.0,-27.87661
6558454062.5,-27.87638
6558455000.0,-27.87035
6558455937.5,-27.87294
6558456875.0,-27.86894
6558457812.5,-27.86782
6558458750.0,-27.86916
6558459687.5,-27.86481
6558460625.0,-27.86733
6558461562.5,-27.86177
6558462500.0,-27.85966
6558463437.5,-27.85501
6558464375.0,-27.85282
6558465312.5,-27.8515
6558466250.0,-27.85264
6558467187.5,-27.85075
6558468125.0,-27.84356
6558469062.5,-27.84416
6558470000.0,-27.84517
6558470937.5,-27.8426
6558471875.0,-27.8366
6558472812.5,-27.83766
6558473750.0,-27.83493
6558474687.5,-27.82963
6558475625.0,-27.8318
6558476562.5,-27.82782
6558477500.0,-27.8278
6558478437.5,-27.82475
6558479375.0,-27.81828
6558480312.5,-27.81731
6558481250.0,-27.81427
6558482187.5,-27.81325
6558483125.0,-27.81423
6558484062.5,-27.80897
6558485000.0,-27.81404
6558485937.5,-27.80473
6558486875.0,-27.80672
6558487812.5,-27.80252
6558488750.0,-27.79731
6558489687.5,-27.79578
6558490625.0,-27.79658
6558491562.5,-27.79373
6558492500.0,-27.78829
6558493437.5,-27.78715
6558494375.0,-27.78227
6558495312.5,-27.78942
6558496250.0,-27.78361
6558497187.5,-27.77984
6558498125.0,-27.7798
6558499062.5,-27.77877
6558500000.0,-27.77292
6558500937.5,-27.77322
6558501875.0,-27.77153
6558502812.5,-27.76615
6558503750.0,-27.76734
6558504687.5,-27.76874
6558505625.0,-27.75958
6558506562.5,-27.75963
6558507500.0,-27.75882
6558508437.5,-27.75342
6558509375.0,-27.75281
6558510312.5,-27.75131
6558511250.0,-27.75288
6558512187.5,-27.74634
6558513125.0,-27.7416
6558514062.5,-27.74384
6558515000.0,-27.74141
6558515937.5,-27.74123
6558516875.0,-27.73489
6558517812.5,-27.73675
6558518750.0,-27.72853
6558519687.5,-27.72855
6558520625.0,-27.72936
6558521562.5,-27.72404
6558522500.0,-27.72664
6558523437.5,-27.72367
6558524375.0,-27.72021
6558525312.5,-27.7135
6558526250.0,-27.71523
6558527187.5,-27.71316
6558528125.0,-27.71166
6558529062.5,-27.70859
6558530000.0,-27.70886
6558530937.5,-27.70791
6558531875.0,-27.70079
6558532812.5,-27.70358
6558533750.0,-27.69692
6558534687.5,-27.69405
6558535625.0,-27.69467
6558536562.5,-27.69186
6558537500.0,-27.68966
6558538437.5,-27.68963
6558539375.0,-27.68902
6558540312.5,-27.6836
6558541250.0,-27.67709
6558542187.5,-27.67909
6558543125.0,-27.67702
6558544062.5,-27.67828
6558545000.0,-27.67319
6558545937.5,-27.67153
6558546875.0,-27.66654
6558547812.5,-27.66392
6558548750.0,-27.66621
6558549687.5,-27.66382
6558550625.0,-27.66091
6558551562.5,-27.6644
6558552500.0,-27.6573
6558553437.5,-27.65804
6558554375.0,-27.65436
6558555312.5,-27.64848
6558556250.0,-27.64956
6558557187.5,-27.64538
6558558125.0,-27.64144
6558559062.5,-27.64061
6558560000.0,-27.63897
6558560937.5,-27.6353
6558561875.0,-27.63444
6558562812.5,-27.63326
6558563750.0,-27.63156
6558564687.5,-27.62608
6558565625.0,-27.62674
6558566562.5,-27.62894
6558567500.0,-27.62202
6558568437.5,-27.62158
6558569375.0,-27.61198
6558570312.5,-27.61928
6558571250.0,-27.61342
6558572187.5,-27.60991
6558573125.0,-27.61489
6558574062.5,-27.60971
6558575000.0,-27.60725
6558575937.5,-27.60347
6558576875.0,-27.60319
6558577812.5,-27.59905
6558578750.0,-27.59186
6558579687.5,-27.59336
6558580625.0,-27.59613
6558581562.5,-27.59485
6558582500.0,-27.58834
6558583437.5,-27.58965
6558584375.0,-27.58726
6558585312.5,-27.58471
6558586250.0,-27.5755
6558587187.5,-27.57679
6558588125.0,-27.5731
6558589062.5,-27.57337
6558590000.0,-27.57198
6558590937.5,-27.56849
6558591875.0,-27.57051
6558592812.5,-27.562
6558593750.0,-27.56174
6558594687.5,-27.5571
6558595625.0,-27.56347
6558596562.5,-27.56051
6558597500.0,-27.55241
6558598437.5,-27.54982
6558599375.0,-27.54947
6558600312.5,-27.54828
6558601250.0,-27.54601
6558602187.5,-27.54259
6558603125.0,-27.54567
6558604062.5,-27.53958
6558605000.0,-27.53679
6558605937.5,-27.53624
6558606875.0,-27.53176
6558607812.5,-27.53256
6558608750.0,-27.52298
6558609687.5,-27.52617
6558610625.0,-27.52541
6558611562.5,-27.52426
6558612500.0,-27.51979
6558613437.5,-27.51935
6558614375.0,-27.51382
6558615312.5,-27.51113
6558616250.0,-27.50924
6558617187.5,-27.50833
6558618125.0,-27.51066
6558619062.5,-27.50509
6558620000.0,-27.50631
6558620937.5,-27.49663
6558621875.0,-27.49805
6558622812.5,-27.49541
6558623750.0,-27.48874
6558624687.5,-27.49189
6558625625.0,-27.48525
6558626562.5,-27.49041
6558627500.0,-27.48049
6558628437.5,-27.48572
6558629375.0,-27.47682
6558630312.5,-27.47616
6558631250.0,-27.4749
6558632187.5,-27.47654
6558633125.0,-27.47231
6558634062.5,-27.46986
6558635000.0,-27.46649
6558635937.5,-27.46728
6558636875.0,-27.46644
6558637812.5,-27.46181
6558638750.0,-27.4606
6558639687.5,-27.45813
6558640625.0,-27.45551
6558641562.5,-27.45262
6558642500.0,-27.4523
6558643437.5,-27.44968
6558644375.0,-27.44477
6558645312.5,-27.44253
6558646250.0,-27.43969
6558647187.5,-27.44245
6558648125.0,-27.43849
6558649062.5,-27.42933
6558650000.0,-27.43593
6558650937.5,-27.43315
6558651875.0,-27.43066
6558652812.5,-27.42576
6558653750.0,-27.42204
6558654687.5,-27.42208
6558655625.0,-27.42262
6558656562.5,-27.4177
6558657500.0,-27.4148
6558658437.5,-27.41277
6558659375.0,-27.41282
6558660312.5,-27.40915
6558661250.0,-27.40728
6558662187.5,-27.40264
6558663125.0,-27.39931
6558664062.5,-27.40008
6558665000.0,-27.3933
6558665937.5,-27.39816
6558666875.0,-27.39082
6558667812.5,-27.39618
6558668750.0,-27.39296
6558669687.5,-27.3885
6558670625.0,-27.3827
6558671562.5,-27.38457
6558672500.0,-27.38373
6558673437.5,-27.37645
6558674375.0,-27.37276
6558675312.5,-27.37426
6558676250.0,-27.37018
6558677187.5,-27.36814
6558678125.0,-27.3659
6558679062.5,-27.36704
6558680000.0,-27.36306
6558680937.5,-27.36458
6558681875.0,-27.35685
6558682812.5,-27.35709
6558683750.0,-27.35715
6558684687.5,-27.35294
6558685625.0,-27.34996
6558686562.5,-27.34944
6558687500.0,-27.34222
6558688437.5,-27.34282
6558689375.0,-27.34124
6558690312.5,-27.336
6558691250.0,-27.33622
6558692187.5,-27.33348
6558693125.0,-27.32885
6558694062.5,-27.33116
6558695000.0,-27.32848
6558695937.5,-27.32891
6558696875.0,-27.3255
6558697812.5,-27.32473
6558698750.0,-27.32186
6558699687.5,-27.31538
6558700625.0,-27.31919
6558701562.5,-27.31314
6558702500.0,-27.31552
6558703437.5,-27.31539
6558704375.0,-27.30354
6558705312.5,-27.30489
6558706250.0,-27.30404
6558707187.5,-27.29601
6558708125.0,-27.29527
6558709062.5,-27.29412
6558710000.0,-27.29288
6558710937.5,-27.29185
6558711875.0,-27.29132
6558712812.5,-27.2907
6558713750.0,-27.28419
6558714687.5,-27.28016
6558715625.0,-27.27992
6558716562.5,-27.27357
6558717500.0,-27.27572
6558718437.5,-27.27143
6558719375.0,-27.26935
6558720312.5,-27.26707
6558721250.0,-27.26154
6558722187.5,-27.26199
6558723125.0,-27.26007
6558724062.5,-27.26177
6558725000.0,-27.25678
6558725937.5,-27.25446
6558726875.0,-27.25372
6558727812.5,-27.25126
6558728750.0,-27.24876
6558729687.5,-27.24389
6558730625.0,-27.24593
6558731562.5,-27.24077
6558732500.0,-27.238
6558733437.5,-27.23756
6558734375.0,-27.23861
6558735312.5,-27.23266
6558736250.0,-27.23066
6558737187.5,-27.22813
6558738125.0,-27.22983
6558739062.5,-27.22267
6558740000.0,-27.22162
6558740937.5,-27.22161
6558741875.0,-27.21577
6558742812.5,-27.21622
6558743750.0,-27.21409
6558744687.5,-27.21101
6558745625.0,-27.20905
6558746562.5,-27.20471
6558747500.0,-27.20938
6558748437.5,-27.20218
6558749375.0,-27.19689
6558750312.5,-27.194
6558751250.0,-27.19667
6558752187.5,-27.19109
6558753125.0,-27.19199
6558754062.5,-27.18567
6558755000.0,-27.18716
6558755937.5,-27.17847
6558756875.0,-27.18218
6558757812.5,-27.17787
6558758750.0,-27.17913
6558759687.5,-27.17532
6558760625.0,-27.17242
6558761562.5,-27.17006
6558762500.0,-27.16953
6558763437.5,-27.1648
6558764375.0,-27.16636
6558765312.5,-27.1622
6558766250.0,-27.15803
6558767187.5,-27.1584
6558768125.0,-27.15297
6558769062.5,-27.15436
6558770000.0,-27.15108
6558770937.5,-27.15121
6558771875.0,-27.14602
6558772812.5,-27.14035
6558773750.0,-27.14251
6558774687.5,-27.14101
6558775625.0,-27.13727
6558776562.5,-27.13423
6558777500.0,-27.13237
6558778437.5,-27.13015
6558779375.0,-27.12847
6558780312.5,-27.12181
6558781250.0,-27.12451
6558782187.5,-27.12091
6558783125.0,-27.11742
6558784062.5,-27.11548
6558785000.0,-27.11281
6558785937.5,-27.11213
6558786875.0,-27.11156
6558787812.5,-27.10774
6558788750.0,-27.10364
6558789687.5,-27.10326
6558790625.0,-27.10071
6558791562.5,-27.09847
6558792500.0,-27.09303
6558793437.5,-27.09583
6558794375.0,-27.08905
6558795312.5,-27.09199
6558796250.0,-27.08852
6558797187.5,-27.08921
6558798125.0,-27.08534
6558799062.5,-27.08036
6558800000.0,-27.08055
6558800937.5,-27.06778
6558801875.0,-27.07481
6558802812.5,-27.07345
6558803750.0,-27.07151
6558804687.5,-27.06813
6558805625.0,-27.06477
6558806562.5,-27.06021
6558807500.0,-27.06555
6558808437.5,-27.06034
6558809375.0,-27.05428
6558810312.5,-27.05403
6558811250.0,-27.05471
6558812187.5,-27.04577
6558813125.0,-27.04787
6558814062.5,-27.04347
6558815000.0,-27.03952
6558815937.5,-27.0405
6558816875.0,-27.04305
6558817812.5,-27.03454
6558818750.0,-27.03507
6558819687.5,-27.03151
6558820625.0,-27.02553
6558821562.5,-27.02712
6558822500.0,-27.02321
6558823437.5,-27.02072
6558824375.0,-27.02055
6558825312.5,-27.01542
6558826250.0,-27.01524
6558827187.5,-27.01148
6558828125.0,-27.00696
6558829062.5,-27.00771
6558830000.0,-27.00691
6558830937.5,-27.00154
6558831875.0,-27.00291
6558832812.5,-26.9978
6558833750.0,-26.99506
6558834687.5,-26.99537
6558835625.0,-26.99588
6558836562.5,-26.98731
6558837500.0,-26.98861
6558838437.5,-26.98377
6558839375.0,-26.98374
6558840312.5,-26.98194
6558841250.0,-26.97492
6558842187.5,-26.97592
6558843125.0,-26.97049
6558844062.5,-26.97226
6558845000.0,-26.96928
6558845937.5,-26.96707
6558846875.0,-26.96314
6558847812.5,-26.96522
6558848750.0,-26.96078
6558849687.5,-26.95737
6558850625.0,-26.95562
6558851562.5,-26.95242
6558852500.0,-26.9537
6558853437.5,-26.94798
6558854375.0,-26.94604
6558855312.5,-26.939
6558856250.0,-26.94225
6558857187.5,-26.93631
6558858125.0,-26.93829
6558859062.5,-26.9395
6558860000.0,-26.93419
6558860937.5,-26.92998
6558861875.0,-26.92306
6558862812.5,-26.92528
6558863750.0,-26.92377
6558864687.5,-26.92401
6558865625.0,-26.91936
6558866562.5,-26.91507
6558867500.0,-26.91147
6558868437.5,-26.91224
6558869375.0,-26.90999
6558870312.5,-26.9069
6558871250.0,-26.90454
6558872187.5,-26.90426
6558873125.0,-26.90164
6558874062.5,-26.89749
6558875000.0,-26.8944
6558875937.5,-26.89791
6558876875.0,-26.88784
6558877812.5,-26.88862
6558878750.0,-26.88609
6558879687.5,-26.88309
6558880625.0,-26.87957
6558881562.5,-26.87936
6558882500.0,-26.8803
6558883437.5,-26.87886
6558884375.0,-26.87637
6558885312.5,-26.86945
6558886250.0,-26.86905
6558887187.5,-26.86652
6558888125.0,-26.86066
6558889062.5,-26.85952
6558890000.0,-26.85637
6558890937.5,-26.85819
6558891875.0,-26.85373
6558892812.5,-26.84856
6558893750.0,-26.84992
6558894687.5,-26.84537
6558895625.0,-26.8468
6558896562.5,-26.84668
6558897500.0,-26.84007
6558898437.5,-26.84056
6558899375.0,-26.83709
6558900312.5,-26.83372
6558901250.0,-26.83354
6558902187.5,-26.82984
6558903125.0,-26.82995
6558904062.5,-26.82549
6558905000.0,-26.8233
6558905937.5,-26.8242
6558906875.0,-26.81416
6558907812.5,-26.81329
6558908750.0,-26.81307
6558909687.5,-26.81061
6558910625.0,-26.80799
6558911562.5,-26.80413
6558912500.0,-26.80542
6558913437.5,-26.79876
6558914375.0,-26.80026
6558915312.5,-26.79629
6558916250.0,-26.79773
6558917187.5,-26.79457
6558918125.0,-26.79038
6558919062.5,-26.79041
6558920000.0,-26.78484
6558920937.5,-26.78446
6558921875.0,-26.78118
6558922812.5,-26.78107
6558923750.0,-26.77409
6558924687.5,-26.77473
6558925625.0,-26.77299
6558926562.5,-26.76921
6558927500.0,-26.76461
6558928437.5,-26.76209
6558929375.0,-26.7608
6558930312.5,-26.75983
6558931250.0,-26.76013
6558932187.5,-26.75691
6558933125.0,-26.75569
6558934062.5,-26.75714
6558935000.0,-26.74875
6558935937.5,-26.74561
6558936875.0,-26.74309
6558937812.5,-26.74243
6558938750.0,-26.73766
6558939687.5,-26.73579
6558940625.0,-26.731
6558941562.5,-26.73352
6558942500.0,-26.72651
6558943437.5,-26.72686
6558944375.0,-26.72514
6558945312.5,-26.72556
6558946250.0,-26.71673
6558947187.5,-26.71676
6558948125.0,-26.71259
6558949062.5,-26.71859
6558950000.0,-26.71167
6558950937.5,-26.71058
6558951875.0,-26.70396
6558952812.5,-26.7004
6558953750.0,-26.70021
6558954687.5,-26.70104
6558955625.0,-26.69533
6558956562.5,-26.69068
6558957500.0,-26.68967
6558958437.5,-26.68666
6558959375.0,-26.68509
6558960312.5,-26.68512
6558961250.0,-26.68404
6558962187.5,-26.67755
6558963125.0,-26.67826
6558964062.5,-26.67224
6558965000.0,-26.66847
6558965937.5,-26.67172
6558966875.0,-26.66992
6558967812.5,-26.66623
6558968750.0,-26.66193
6558969687.5,-26.66122
6558970625.0,-26.66276
6558971562.5,-26.65277
6558972500.0,-26.65268
6558973437.5,-26.65288
6558974375.0,-26.65118
6558975312.5,-26.64546
6558976250.0,-26.64293
6558977187.5,-26.64473
6558978125.0,-26.63768
6558979062.5,-26.6421
6558980000.0,-26.63604
6558980937.5,-26.63296
6558981875.0,-26.63171
6558982812.5,-26.62653
6558983750.0,-26.62622
6558984687.5,-26.62403
6558985625.0,-26.61862
6558986562.5,-26.62044
6558987500.0,-26.61727
6558988437.5,-26.60778
6558989375.0,-26.6131
6558990312.5,-26.60617
6558991250.0,-26.60691
6558992187.5,-26.60452
6558993125.0,-26.60321
6558994062.5,-26.59822
6558995000.0,-26.59593
6558995937.5,-26.59312
6558996875.0,-26.59064
6558997812.5,-26.59044
6558998750.0,-26.58289
6558999687.5,-26.58341
6559000625.0,-26.58391
6559001562.5,-26.5801
6559002500.0,-26.5758
6559003437.5,-26.57877
6559004375.0,-26.57268
6559005312.5,-26.57248
6559006250.0,-26.57103
6559007187.5,-26.56804
6559008125.0,-26.56129
6559009062.5,-26.5638
6559010000.0,-26.5569
6559010937.5,-26.55592
6559011875.0,-26.55351
6559012812.5,-26.55068
6559013750.0,-26.55201
6559014687.5,-26.54748
6559015625.0,-26.54218
6559016562.5,-26.54326
6559017500.0,-26.54179
6559018437.5,-26.53339
6559019375.0,-26.5394
6559020312.5,-26.53715
6559021250.0,-26.52954
6559022187.5,-26.53009
6559023125.0,-26.52487
6559024062.5,-26.52531
6559025000.0,-26.52116
6559025937.5,-26.5203
6559026875.0,-26.51544
6559027812.5,-26.51333
6559028750.0,-26.51076
6559029687.5,-26.5076
6559030625.0,-26.50482
6559031562.5,-26.50483
6559032500.0,-26.50206
6559033437.5,-26.49771
6559034375.0,-26.49822
6559035312.5,-26.49812
6559036250.0,-26.49376
6559037187.5,-26.49024
6559038125.0,-26.48807
6559039062.5,-26.48525
6559040000.0,-26.48533
6559040937.5,-26.48193
6559041875.0,-26.47903
6559042812.5,-26.48068
6559043750.0,-26.4764
6559044687.5,-26.4713
6559045625.0,-26.46571
6559046562.5,-26.46303
6559047500.0,-26.46295
6559048437.5,-26.45942
6559049375.0,-26.45523
6559050312.5,-26.46032
6559051250.0,-26.4535
6559052187.5,-26.45473
6559053125.0,-26.44731
6559054062.5,-26.44872
6559055000.0,-26.44468
6559055937.5,-26.44547
6559056875.0,-26.43948
6559057812.5,-26.43809
6559058750.0,-26.43515
6559059687.5,-26.43037
6559060625.0,-26.42938
6559061562.5,-26.42678
6559062500.0,-26.42318
6559063437.5,-26.42417
6559064375.0,-26.41903
6559065312.5,-26.4223
6559066250.0,-26.41415
6559067187.5,-26.41272
6559068125.0,-26.41353
6559069062.5,-26.40971
6559070000.0,-26.40438
6559070937.5,-26.40475
6559071875.0,-26.39998
6559072812.5,-26.39967
6559073750.0,-26.39782
6559074687.5,-26.39436
6559075625.0,-26.38717
6559076562.5,-26.38972
6559077500.0,-26.38634
6559078437.5,-26.38453
6559079375.0,-26.37945
6559080312.5,-26.3796
6559081250.0,-26.37777
6559082187.5,-26.37131
6559083125.0,-26.37225
6559084062.5,-26.36651
6559085000.0,-26.36617
6559085937.5,-26.36679
6559086875.0,-26.36141
6559087812.5,-26.35984
6559088750.0,-26.35629
6559089687.5,-26.35268
6559090625.0,-26.35037
6559091562.5,-26.34695
6559092500.0,-26.34653
6559093437.5,-26.34369
6559094375.0,-26.34294
6559095312.5,-26.34221
6559096250.0,-26.33781
6559097187.5,-26.33633
6559098125.0,-26.33251
6559099062.5,-26.33092
6559100000.0,-26.32643
6559100937.5,-26.32372
6559101875.0,-26.32545
6559102812.5,-26.31931
6559103750.0,-26.32031
6559104687.5,-26.31566
6559105625.0,-26.31118
6559106562.5,-26.31092
6559107500.0,-26.30949
6559108437.5,-26.30768
6559109375.0,-26.30616
6559110312.5,-26.30217
6559111250.0,-26.2965
6559112187.5,-26.29828
6559113125.0,-26.293
6559114062.5,-26.28867
6559115000.0,-26.28926
6559115937.5,-26.28359
6559116875.0,-26.28283
6559117812.5,-26.28426
6559118750.0,-26.27862
6559119687.5,-26.2782
6559120625.0,-26.2748
6559121562.5,-26.27081
6559122500.0,-26.26985
6559123437.5,-26.26959
6559124375.0,-26.26473
6559125312.5,-26.26183
6559126250.0,-26.26091
6559127187.5,-26.25722
6559128125.0,-26.25389
6559129062.5,-26.25081
6559130000.0,-26.24761
6559130937.5,-26.24797
6559131875.0,-26.24404
6559132812.5,-26.24347
6559133750.0,-26.24009
6559134687.5,-26.23615
6559135625.0,-26.23697
6559136562.5,-26.23378
6559137500.0,-26.23078
6559138437.5,-26.22411
6559139375.0,-26.2229
6559140312.5,-26.22571
6559141250.0,-26.21787
6559142187.5,-26.2185
6559143125.0,-26.21509
6559144062.5,-26.21578
6559145000.0,-26.21033
6559145937.5,-26.20662
6559146875.0,-26.2061
6559147812.5,-26.20372
6559148750.0,-26.2024
6559149687.5,-26.1982
6559150625.0,-26.19746
6559151562.5,-26.19586
6559152500.0,-26.19071
6559153437.5,-26.18938
6559154375.0,-26.18594
6559155312.5,-26.18101
6559156250.0,-26.18187
6559157187.5,-26.18011
6559158125.0,-26.17463
6559159062.5,-26.17615
6559160000.0,-26.17079
6559160937.5,-26.16773
6559161875.0,-26.16843
6559162812.5,-26.16513
6559163750.0,-26.15641
6559164687.5,-26.1606
6559165625.0,-26.15295
6559166562.5,-26.15403
6559167500.0,-26.15094
6559168437.5,-26.14841
6559169375.0,-26.14384
6559170312.5,-26.14127
6559171250.0,-26.13867
6559172187.5,-26.14046
6559173125.0,-26.1365
6559174062.5,-26.13279
6559175000.0,-26.13024
6559175937.5,-26.13128
6559176875.0,-26.1306
6559177812.5,-26.12331
6559178750.0,-26.12024
6559179687.5,-26.11817
6559180625.0,-26.11487
6559181562.5,-26.11317
6559182500.0,-26.10946
6559183437.5,-26.11213
6559184375.0,-26.10491
6559185312.5,-26.09926
6559186250.0,-26.10098
6559187187.5,-26.09938
6559188125.0,-26.09887
6559189062.5,-26.09169
6559190000.0,-26.09212
6559190937.5,-26.08751
6559191875.0,-26.08352
6559192812.5,-26.08463
6559193750.0,-26.08368
6559194687.5,-26.07565
6559195625.0,-26.07616
6559196562.5,-26.0745
6559197500.0,-26.07338
6559198437.5,-26.07004
6559199375.0,-26.06597
6559200312.5,-26.06387
6559201250.0,-26.06098
6559202187.5,-26.05709
6559203125.0,-26.0533
6559204062.5,-26.05339
6559205000.0,-26.04944
6559205937.5,-26.04621
6559206875.0,-26.04588
6559207812.5,-26.04167
6559208750.0,-26.04134
6559209687.5,-26.04525
6559210625.0,-26.03578
6559211562.5,-26.03885
6559212500.0,-26.0298
6559213437.5,-26.02769
6559214375.0,-26.02314
6559215312.5,-26.02511
6559216250.0,-26.01971
6559217187.5,-26.0175
6559218125.0,-26.01648
6559219062.5,-26.01512
6559220000.0,-26.00902
6559220937.5,-26.00349
6559221875.0,-26.00632
6559222812.5,-26.00073
6559223750.0,-26.00307
6559224687.5,-25.99842
6559225625.0,-25.99477
6559226562.5,-25.99165
6559227500.0,-25.98951
6559228437.5,-25.98958
6559229375.0,-25.98572
6559230312.5,-25.98196
6559231250.0,-25.98266
6559232187.5,-25.98112
6559233125.0,-25.97272
6559234062.5,-25.97174
6559235000.0,-25.97092
6559235937.5,-25.96892
6559236875.0,-25.96838
6559237812.5,-25.96636
6559238750.0,-25.96103
6559239687.5,-25.9565
6559240625.0,-25.9579
6559241562.5,-25.95153
6559242500.0,-25.9516
6559243437.5,-25.94599
6559244375.0,-25.94452
6559245312.5,-25.94313
6559246250.0,-25.94385
6559247187.5,-25.94122
6559248125.0,-25.93617
6559249062.5,-25.93078
6559250000.0,-25.93018
6559250937.5,-25.92859
6559251875.0,-25.92348
6559252812.5,-25.92112
6559253750.0,-25.92132
6559254687.5,-25.91644
6559255625.0,-25.91407
6559256562.5,-25.91347
6559257500.0,-25.90818
6559258437.5,-25.90496
6559259375.0,-25.90234
6559260312.5,-25.9016
6559261250.0,-25.90006
6559262187.5,-25.89475
6559263125.0,-25.89636
6559264062.5,-25.8923
6559265000.0,-25.89018
6559265937.5,-25.8859
6559266875.0,-25.88463
6559267812.5,-25.88598
6559268750.0,-25.88077
6559269687.5,-25.87709
6559270625.0,-25.8734
6559271562.5,-25.86801
6559272500.0,-25.86756
6559273437.5,-25.86771
6559274375.0,-25.86216
6559275312.5,-25.86107
6559276250.0,-25.85797
6559277187.5,-25.85899
6559278125.0,-25.85663
6559279062.5,-25.84925
6559280000.0,-25.84628
6559280937.5,-25.84576
6559281875.0,-25.84471
6559282812.5,-25.84161
6559283750.0,-25.83805
6559284687.5,-25.83644
6559285625.0,-25.83355
6559286562.5,-25.82701
6559287500.0,-25.82664
6559288437.5,-25.82718
6559289375.0,-25.81863
6559290312.5,-25.82228
6559291250.0,-25.81582
6559292187.5,-25.81643
6559293125.0,-25.81444
6559294062.5,-25.81064
6559295000.0,-25.80753
6559295937.5,-25.80192
6559296875.0,-25.80112
6559297812.5,-25.79713
6559298750.0,-25.79671
6559299687.5,-25.79193
6559300625.0,-25.78929
6559301562.5,-25.79393
6559302500.0,-25.78563
6559303437.5,-25.78444
6559304375.0,-25.78041
6559305312.5,-25.78
6559306250.0,-25.77664
6559307187.5,-25.77816
6559308125.0,-25.77135
6559309062.5,-25.77109
6559310000.0,-25.76556
6559310937.5,-25.76332
6559311875.0,-25.75926
6559312812.5,-25.76009
6559313750.0,-25.75533
6559314687.5,-25.75073
6559315625.0,-25.75299
6559316562.5,-25.7468
6559317500.0,-25.74892
6559318437.5,-25.74377
6559319375.0,-25.74185
6559320312.5,-25.74086
6559321250.0,-25.73715
6559322187.5,-25.73208
6559323125.0,-25.72575
6559324062.5,-25.7289
6559325000.0,-25.7238
6559325937.5,-25.7256
6559326875.0,-25.72149
6559327812.5,-25.71458
6559328750.0,-25.71756
6559329687.5,-25.70946
6559330625.0,-25.70896
6559331562.5,-25.70421
6559332500.0,-25.70151
6559333437.5,-25.70104
6559334375.0,-25.70049
6559335312.5,-25.69525
6559336250.0,-25.69273
6559337187.5,-25.69015
6559338125.0,-25.6891
6559339062.5,-25.68586
6559340000.0,-25.68247
6559340937.5,-25.68382
6559341875.0,-25.67622
6559342812.5,-25.67323
6559343750.0,-25.67463
6559344687.5,-25.67026
6559345625.0,-25.66759
6559346562.5,-25.66341
6559347500.0,-25.66409
6559348437.5,-25.66075
6559349375.0,-25.6581
6559350312.5,-25.65689
6559351250.0,-25.65284
6559352187.5,-25.65122
6559353125.0,-25.64385
6559354062.5,-25.64037
6559355000.0,-25.64319
6559355937.5,-25.63898
6559356875.0,-25.63859
6559357812.5,-25.63471
6559358750.0,-25.63121
6559359687.5,-25.6274
6559360625.0,-25.62652
6559361562.5,-25.62177
6559362500.0,-25.61851
6559363437.5,-25.62017
6559364375.0,-25.61777
6559365312.5,-25.61167
6559366250.0,-25.61029
6559367187.5,-25.60538
6559368125.0,-25.60378
6559369062.5,-25.60548
6559370000.0,-25.60063
6559370937.5,-25.59575
6559371875.0,-25.59492
6559372812.5,-25.5887
6559373750.0,-25.58529
6559374687.5,-25.5841
6559375625.0,-25.58469
6559376562.5,-25.58067
6559377500.0,-25.57905
6559378437.5,-25.5736
6559379375.0,-25.5725
6559380312.5,-25.57263
6559381250.0,-25.56913
6559382187.5,-25.56718
6559383125.0,-25.56482
6559384062.5,-25.55971
6559385000.0,-25.55386
6559385937.5,-25.55334
6559386875.0,-25.54984
6559387812.5,-25.54546
6559388750.0,-25.54659
6559389687.5,-25.54636
6559390625.0,-25.54114
6559391562.5,-25.53801
6559392500.0,-25.5356
6559393437.5,-25.53581
6559394375.0,-25.53305
6559395312.5,-25.52831
6559396250.0,-25.52453
6559397187.5,-25.52328
6559398125.0,-25.51937
6559399062.5,-25.52202
6559400000.0,-25.51195
6559400937.5,-25.50967
6559401875.0,-25.5101
6559402812.5,-25.50868
6559403750.0,-25.50846
6559404687.5,-25.49982
6559405625.0,-25.49995
6559406562.5,-25.4937
6559407500.0,-25.49291
6559408437.5,-25.4905
6559409375.0,-25.48874
6559410312.5,-25.48565
6559411250.0,-25.48255
6559412187.5,-25.48139
6559413125.0,-25.47497
6559414062.5,-25.47548
6559415000.0,-25.47359
6559415937.5,-25.47289
6559416875.0,-25.46731
6559417812.5,-25.4621
6559418750.0,-25.4609
6559419687.5,-25.46078
6559420625.0,-25.45419
6559421562.5,-25.45427
6559422500.0,-25.45044
6559423437.5,-25.44411
6559424375.0,-25.44719
6559425312.5,-25.44246
6559426250.0,-25.44025
6559427187.5,-25.43791
6559428125.0,-25.43341
6559429062.5,-25.43521
6559430000.0,-25.43316
6559430937.5,-25.42629
6559431875.0,-25.42146
6559432812.5,-25.42159
6559433750.0,-25.41625
6559434687.5,-25.41943
6559435625.0,-25.41102
6559436562.5,-25.41197
6559437500.0,-25.41154
6559438437.5,-25.40475
6559439375.0,-25.40525
6559440312.5,-25.4012
6559441250.0,-25.39852
6559442187.5,-25.3934
6559443125.0,-25.3911
6559444062.5,-25.38976
6559445000.0,-25.3884
6559445937.5,-25.38325
6559446875.0,-25.37572
6559447812.5,-25.37789
6559448750.0,-25.37347
6559449687.5,-25.372
6559450625.0,-25.37009
6559451562.5,-25.36399
6559452500.0,-25.3658
6559453437.5,-25.36107
6559454375.0,-25.35589
6559455312.5,-25.36008
6559456250.0,-25.35763
6559457187.5,-25.35313
6559458125.0,-25.34927
6559459062.5,-25.34583
6559460000.0,-25.34278
6559460937.5,-25.33878
6559461875.0,-25.33903
6559462812.5,-25.33187
6559463750.0,-25.33282
6559464687.5,-25.33261
6559465625.0,-25.32257
6559466562.5,-25.32715
6559467500.0,-25.32015
6559468437.5,-25.31947
6559469375.0,-25.31758
6559470312.5,-25.31565
6559471250.0,-25.31046
6559472187.5,-25.31117
6559473125.0,-25.30374
6559474062.5,-25.30365
6559475000.0,-25.29864
6559475937.5,-25.29798
6559476875.0,-25.29288
6559477812.5,-25.29329
6559478750.0,-25.2884
6559479687.5,-25.28598
6559480625.0,-25.28258
6559481562.5,-25.28263
6559482500.0,-25.27858
6559483437.5,-25.27678
6559484375.0,-25.27394
6559485312.5,-25.27226
6559486250.0,-25.2678
6559487187.5,-25.26781
6559488125.0,-25.26344
6559489062.5,-25.26297
6559490000.0,-25.25579
6559490937.5,-25.2534
6559491875.0,-25.25304
6559492812.5,-25.24961
6559493750.0,-25.24872
6559494687.5,-25.24336
6559495625.0,-25.24058
6559496562.5,-25.23753
6559497500.0,-25.23484
6559498437.5,-25.23388
6559499375.0,-25.23004
6559500312.5,-25.22848
6559501250.0,-25.22475
6559502187.5,-25.22283
6559503125.0,-25.21935
6559504062.5,-25.21946
6559505000.0,-25.2128
6559505937.5,-25.21079
6559506875.0,-25.20828
6559507812.5,-25.20629
6559508750.0,-25.20481
6559509687.5,-25.19846
6559510625.0,-25.19792
6559511562.5,-25.19577
6559512500.0,-25.19336
6559513437.5,-25.18712
6559514375.0,-25.18794
6559515312.5,-25.1799
6559516250.0,-25.18015
6559517187.5,-25.17722
6559518125.0,-25.17759
6559519062.5,-25.1749
6559520000.0,-25.17062
6559520937.5,-25.1675
6559521875.0,-25.1674
6559522812.5,-25.16094
6559523750.0,-25.16134
6559524687.5,-25.15456
6559525625.0,-25.15476
6559526562.5,-25.14803
6559527500.0,-25.14785
6559528437.5,-25.14701
6559529375.0,-25.14343
6559530312.5,-25.13705
6559531250.0,-25.13704
6559532187.5,-25.13308
6559533125.0,-25.13117
6559534062.5,-25.12981
6559535000.0,-25.12754
6559535937.5,-25.1237
6559536875.0,-25.12156
6559537812.5,-25.12173
6559538750.0,-25.11292
6559539687.5,-25.11285
6559540625.0,-25.10696
6559541562.5,-25.10643
6559542500.0,-25.10383
6559543437.5,-25.09953
6559544375.0,-25.09715
6559545312.5,-25.09391
6559546250.0,-25.09265
6559547187.5,-25.09218
6559548125.0,-25.08727
6559549062.5,-25.08609
6559550000.0,-25.08241
6559550937.5,-25.07972
6559551875.0,-25.0781
6559552812.5,-25.07017
6559553750.0,-25.07089
6559554687.5,-25.06826
6559555625.0,-25.06478
6559556562.5,-25.06174
6559557500.0,-25.05748
6559558437.5,-25.0624
6559559375.0,-25.05369
6559560312.5,-25.04928
6559561250.0,-25.04946
6559562187.5,-25.04548
6559563125.0,-25.04188
6559564062.5,-25.03755
6559565000.0,-25.04079
6559565937.5,-25.03569
6559566875.0,-25.03182
6559567812.5,-25.03151
6559568750.0,-25.02517
6559569687.5,-25.02358
6559570625.0,-25.02372
6559571562.5,-25.01649
6559572500.0,-25.01454
6559573437.5,-25.01169
6559574375.0,-25.01057
6559575312.5,-25.0043
6559576250.0,-25.00375
6559577187.5,-25.00037
6559578125.0,-24.99712
6559579062.5,-24.99714
6559580000.0,-24.99188
6559580937.5,-24.99056
6559581875.0,-24.98515
6559582812.5,-24.98207
6559583750.0,-24.98213
6559584687.5,-24.98001
6559585625.0,-24.9753
6559586562.5,-24.97232
6559587500.0,-24.97253
6559588437.5,-24.96603
6559589375.0,-24.96583
6559590312.5,-24.96213
6559591250.0,-24.96257
6559592187.5,-24.959
6559593125.0,-24.95476
6559594062.5,-24.95382
6559595000.0,-24.94785
6559595937.5,-24.9445
6559596875.0,-24.94079
6559597812.5,-24.94006
6559598750.0,-24.93776
6559599687.5,-24.93614
6559600625.0,-24.93248
6559601562.5,-24.9301
6559602500.0,-24.92642
6559603437.5,-24.92765
6559604375.0,-24.92007
6559605312.5,-24.91783
6559606250.0,-24.91529
6559607187.5,-24.90922
6559608125.0,-24.90715
6559609062.5,-24.90969
6559610000.0,-24.90294
6559610937.5,-24.8986
6559611875.0,-24.89622
6559612812.5,-24.89451
6559613750.0,-24.89165
6559614687.5,-24.88979
6559615625.0,-24.88622
6559616562.5,-24.88676
6559617500.0,-24.88072
6559618437.5,-24.87631
6559619375.0,-24.87906
6559620312.5,-24.87391
6559621250.0,-24.86982
6559622187.5,-24.86738
6559623125.0,-24.86483
6559624062.5,-24.86164
6559625000.0,-24.8566
6559625937.5,-24.85467
6559626875.0,-24.85366
6559627812.5,-24.85156
6559628750.0,-24.84954
6559629687.5,-24.8423
6559630625.0,-24.84208
6559631562.5,-24.83662
6559632500.0,-24.83621
6559633437.5,-24.82957
6559634375.0,-24.83203
6559635312.5,-24.82544
6559636250.0,-24.82539
6559637187.5,-24.8217
6559638125.0,-24.81866
6559639062.5,-24.81672
6559640000.0,-24.81233
6559640937.5,-24.80751
6559641875.0,-24.80692
6559642812.5,-24.80611
6559643750.0,-24.80068
6559644687.5,-24.79999
6559645625.0,-24.79514
6559646562.5,-24.79558
6559647500.0,-24.78929
6559648437.5,-24.78709
6559649375.0,-24.7848
6559650312.5,-24.78485
6559651250.0,-24.77855
6559652187.5,-24.77663
6559653125.0,-24.77501
6559654062.5,-24.7712
6559655000.0,-24.77034
6559655937.5,-24.76547
6559656875.0,-24.76214
6559657812.5,-24.75988
6559658750.0,-24.75658
6559659687.5,-24.75495
6559660625.0,-24.75261
6559661562.5,-24.74909
6559662500.0,-24.74769
6559663437.5,-24.74246
6559664375.0,-24.73644
6559665312.5,-24.73334
6559666250.0,-24.73161
6559667187.5,-24.73063
6559668125.0,-24.72864
6559669062.5,-24.72459
6559670000.0,-24.72515
6559670937.5,-24.71615
6559671875.0,-24.7149
6559672812.5,-24.71103
6559673750.0,-24.70591
6559674687.5,-24.70973
6559675625.0,-24.70612
6559676562.5,-24.70173
6559677500.0,-24.69631
6559678437.5,-24.69582
6559679375.0,-24.69287
6559680312.5,-24.68844
6559681250.0,-24.68909
6559682187.5,-24.68531
6559683125.0,-24.68574
6559684062.5,-24.67877
6559685000.0,-24.67707
6559685937.5,-24.67484
6559686875.0,-24.66552
6559687812.5,-24.6673
6559688750.0,-24.66742
6559689687.5,-24.6616
6559690625.0,-24.65769
6559691562.5,-24.65637
6559692500.0,-24.6516
6559693437.5,-24.65184
6559694375.0,-24.64646
6559695312.5,-24.64545
6559696250.0,-24.63845
6559697187.5,-24.63813
6559698125.0,-24.63464
6559699062.5,-24.63211
6559700000.0,-24.62866
6559700937.5,-24.62554
6559701875.0,-24.62211
6559702812.5,-24.62059
6559703750.0,-24.6177
6559704687.5,-24.61352
6559705625.0,-24.6128
6559706562.5,-24.60802
6559707500.0,-24.60936
6559708437.5,-24.60324
6559709375.0,-24.60078
6559710312.5,-24.59777
6559711250.0,-24.5928
6559712187.5,-24.59328
6559713125.0,-24.59125
6559714062.5,-24.58618
6559715000.0,-24.58374
6559715937.5,-24.57881
6559716875.0,-24.5776
6559717812.5,-24.57427
6559718750.0,-24.57137
6559719687.5,-24.57013
6559720625.0,-24.56601
6559721562.5,-24.562
6559722500.0,-24.5617
6559723437.5,-24.55739
6559724375.0,-24.55317
6559725312.5,-24.55205
6559726250.0,-24.54667
6559727187.5,-24.5466
6559728125.0,-24.53991
6559729062.5,-24.53979
6559730000.0,-24.53767
6559730937.5,-24.53582
6559731875.0,-24.53028
6559732812.5,-24.53018
6559733750.0,-24.52639
6559734687.5,-24.52185
6559735625.0,-24.5171
6559736562.5,-24.51596
6559737500.0,-24.51351
6559738437.5,-24.51199
6559739375.0,-24.51035
6559740312.5,-24.50392
6559741250.0,-24.5031
6559742187.5,-24.49611
6559743125.0,-24.49693
6559744062.5,-24.49394
6559745000.0,-24.4893
6559745937.5,-24.48841
6559746875.0,-24.4827
6559747812.5,-24.48166
6559748750.0,-24.47781
6559749687.5,-24.47653
6559750625.0,-24.47643
6559751562.5,-24.47277
6559752500.0,-24.46543
6559753437.5,-24.46393
6559754375.0,-24.45976
6559755312.5,-24.45892
6559756250.0,-24.45574
6559757187.5,-24.44941
6559758125.0,-24.44881
6559759062.5,-24.44897
6559760000.0,-24.44483
6559760937.5,-24.44059
6559761875.0,-24.4363
6559762812.5,-24.43258
6559763750.0,-24.43338
6559764687.5,-24.42933
6559765625.0,-24.42454
6559766562.5,-24.42434
6559767500.0,-24.41931
6559768437.5,-24.41512
6559769375.0,-24.41374
6559770312.5,-24.40995
6559771250.0,-24.40994
6559772187.5,-24.40406
6559773125.0,-24.40621
6559774062.5,-24.39822
6559775000.0,-24.39765
6559775937.5,-24.39232
6559776875.0,-24.38924
6559777812.5,-24.38697
6559778750.0,-24.38529
6559779687.5,-24.38332
6559780625.0,-24.37882
6559781562.5,-24.37745
6559782500.0,-24.37232
6559783437.5,-24.36676
6559784375.0,-24.36718
6559785312.5,-24.36539
6559786250.0,-24.35896
6559787187.5,-24.35816
6559788125.0,-24.35471
6559789062.5,-24.35089
6559790000.0,-24.35107
6559790937.5,-24.34456
6559791875.0,-24.34268
6559792812.5,-24.33949
6559793750.0,-24.33641
6559794687.5,-24.33517
6559795625.0,-24.33194
6559796562.5,-24.3273
6559797500.0,-24.32568
6559798437.5,-24.32058
6559799375.0,-24.3219
6559800312.5,-24.31456
6559801250.0,-24.31087
6559802187.5,-24.30906
6559803125.0,-24.30907
6559804062.5,-24.30416
6559805000.0,-24.29979
6559805937.5,-24.30088
6559806875.0,-24.29469
6559807812.5,-24.29465
6559808750.0,-24.28908
6559809687.5,-24.28561
6559810625.0,-24.28351
6559811562.5,-24.27928
6559812500.0,-24.27791
6559813437.5,-24.27555
6559814375.0,-24.27119
6559815312.5,-24.26965
6559816250.0,-24.26505
6559817187.5,-24.26404
6559818125.0,-24.25767
6559819062.5,-24.25617
6559820000.0,-24.25315
6559820937.5,-24.25049
6559821875.0,-24.24928
6559822812.5,-24.244
6559823750.0,-24.24408
6559824687.5,-24.23807
6559825625.0,-24.23424
6559826562.5,-24.2315
6559827500.0,-24.2294
6559828437.5,-24.22543
6559829375.0,-24.22498
6559830312.5,-24.21941
6559831250.0,-24.21605
6559832187.5,-24.21615
6559833125.0,-24.20848
6559834062.5,-24.21044
6559835000.0,-24.20547
6559835937.5,-24.20168
6559836875.0,-24.20045
6559837812.5,-24.19699
6559838750.0,-24.19424
6559839687.5,-24.19031
6559840625.0,-24.18485
6559841562.5,-24.18503
6559842500.0,-24.18038
6559843437.5,-24.17886
6559844375.0,-24.17371
6559845312.5,-24.17244
6559846250.0,-24.16833
6559847187.5,-24.16449
6559848125.0,-24.16267
6559849062.5,-24.16231
6559850000.0,-24.15719
6559850937.5,-24.15145
6559851875.0,-24.15211
6559852812.5,-24.14811
6559853750.0,-24.14767
6559854687.5,-24.14131
6559855625.0,-24.1382
6559856562.5,-24.13661
6559857500.0,-24.13107
6559858437.5,-24.12889
6559859375.0,-24.12882
6559860312.5,-24.12411
6559861250.0,-24.11955
6559862187.5,-24.115
6559863125.0,-24.11411
6559864062.5,-24.11278
6559865000.0,-24.10707
6559865937.5,-24.10736
6559866875.0,-24.10109
6559867812.5,-24.10128
6559868750.0,-24.09727
6559869687.5,-24.09118
6559870625.0,-24.09021
6559871562.5,-24.08706
6559872500.0,-24.08213
6559873437.5,-24.08054
6559874375.0,-24.07381
6559875312.5,-24.07517
6559876250.0,-24.07243
6559877187.5,-24.07099
6559878125.0,-24.06587
6559879062.5,-24.06199
6559880000.0,-24.0601
6559880937.5,-24.05696
6559881875.0,-24.05461
6559882812.5,-24.04907
6559883750.0,-24.04774
6559884687.5,-24.04527
6559885625.0,-24.04424
6559886562.5,-24.03849
6559887500.0,-24.03699
6559888437.5,-24.03335
6559889375.0,-24.02868
6559890312.5,-24.02375
6559891250.0,-24.02225
6559892187.5,-24.02088
6559893125.0,-24.01864
6559894062.5,-24.01491
6559895000.0,-24.01318
6559895937.5,-24.00854
6559896875.0,-24.00619
6559897812.5,-24.00451
6559898750.0,-23.99969
6559899687.5,-23.99244
6559900625.0,-23.99305
6559901562.5,-23.98871
6559902500.0,-23.98854
6559903437.5,-23.985
6559904375.0,-23.97964
6559905312.5,-23.97869
6559906250.0,-23.9762
6559907187.5,-23.97078
6559908125.0,-23.96721
6559909062.5,-23.96311
6559910000.0,-23.96017
6559910937.5,-23.95899
6559911875.0,-23.9554
6559912812.5,-23.95375
6559913750.0,-23.95187
6559914687.5,-23.94497
6559915625.0,-23.9437
6559916562.5,-23.93861
6559917500.0,-23.93587
6559918437.5,-23.93336
6559919375.0,-23.93143
6559920312.5,-23.92831
6559921250.0,-23.92649
6559922187.5,-23.92021
6559923125.0,-23.91937
6559924062.5,-23.91706
6559925000.0,-23.91436
6559925937.5,-23.91186
6559926875.0,-23.90591
6559927812.5,-23.90125
6559928750.0,-23.90066
6559929687.5,-23.89744
6559930625.0,-23.89334
6559931562.5,-23.89158
6559932500.0,-23.88681
6559933437.5,-23.88592
6559934375.0,-23.88233
6559935312.5,-23.87958
6559936250.0,-23.87574
6559937187.5,-23.87249
6559938125.0,-23.87184
6559939062.5,-23.86582
6559940000.0,-23.86107
6559940937.5,-23.86235
6559941875.0,-23.85815
6559942812.5,-23.85332
6559943750.0,-23.85201
6559944687.5,-23.84633
6559945625.0,-23.84603
6559946562.5,-23.84078
6559947500.0,-23.84236
6559948437.5,-23.83323
6559949375.0,-23.83101
6559950312.5,-23.82863
6559951250.0,-23.82528
6559952187.5,-23.82028
6559953125.0,-23.81879
6559954062.5,-23.81579
6559955000.0,-23.81544
6559955937.5,-23.81054
6559956875.0,-23.80713
6559957812.5,-23.80314
6559958750.0,-23.80285
6559959687.5,-23.80027
6559960625.0,-23.79303
6559961562.5,-23.79112
6559962500.0,-23.7901
6559963437.5,-23.78447
6559964375.0,-23.77995
6559965312.5,-23.78394
6559966250.0,-23.77585
6559967187.5,-23.77258
6559968125.0,-23.76859
6559969062.5,-23.76873
6559970000.0,-23.76331
6559970937.5,-23.76212
6559971875.0,-23.75615
6559972812.5,-23.75552
6559973750.0,-23.75095
6559974687.5,-23.74746
6559975625.0,-23.74472
6559976562.5,-23.7401
6559977500.0,-23.74201
6559978437.5,-23.73532
6559979375.0,-23.73126
6559980312.5,-23.73112
6559981250.0,-23.72664
6559982187.5,-23.72333
6559983125.0,-23.71833
6559984062.5,-23.7163
6559985000.0,-23.71456
6559985937.5,-23.71171
6559986875.0,-23.7063
6559987812.5,-23.70471
6559988750.0,-23.70072
6559989687.5,-23.69828
6559990625.0,-23.69641
6559991562.5,-23.69091
6559992500.0,-23.69052
6559993437.5,-23.6846
6559994375.0,-23.6806
6559995312.5,-23.67811
6559996250.0,-23.67773
6559997187.5,-23.67173
6559998125.0,-23.668
6559999062.5,-23.66747
6560000000.0,-23.66162
6560000937.5,-23.65972
6560001875.0,-23.65591
6560002812.5,-23.65305
6560003750.0,-23.64939
6560004687.5,-23.64724
6560005625.0,-23.64288
6560006562.5,-23.64109
6560007500.0,-23.63762
6560008437.5,-23.63458
6560009375.0,-23.63219
6560010312.5,-23.6257
6560011250.0,-23.62399
6560012187.5,-23.62154
6560013125.0,-23.62032
6560014062.5,-23.61813
6560015000.0,-23.61432
6560015937.5,-23.61047
6560016875.0,-23.60313
6560017812.5,-23.60208
6560018750.0,-23.59966
6560019687.5,-23.59578
6560020625.0,-23.59042
6560021562.5,-23.58828
6560022500.0,-23.58406
6560023437.5,-23.58417
6560024375.0,-23.57958
6560025312.5,-23.57926
6560026250.0,-23.57101
6560027187.5,-23.56889
6560028125.0,-23.56961
6560029062.5,-23.56271
6560030000.0,-23.56212
6560030937.5,-23.55582
6560031875.0,-23.55538
6560032812.5,-23.54962
6560033750.0,-23.54839
6560034687.5,-23.54508
6560035625.0,-23.54215
6560036562.5,-23.53669
6560037500.0,-23.53562
6560038437.5,-23.5317
6560039375.0,-23.52764
6560040312.5,-23.52582
6560041250.0,-23.52034
6560042187.5,-23.5234
6560043125.0,-23.51559
6560044062.5,-23.51402
6560045000.0,-23.50951
6560045937.5,-23.50907
6560046875.0,-23.50203
6560047812.5,-23.50024
6560048750.0,-23.49581
6560049687.5,-23.49181
6560050625.0,-23.48957
6560051562.5,-23.48786
6560052500.0,-23.48286
6560053437.5,-23.48148
6560054375.0,-23.4782
6560055312.5,-23.47245
6560056250.0,-23.47168
6560057187.5,-23.46836
6560058125.0,-23.46217
6560059062.5,-23.46227
6560060000.0,-23.45854
6560060937.5,-23.4536
6560061875.0,-23.45284
6560062812.5,-23.44654
6560063750.0,-23.44503
6560064687.5,-23.44338
6560065625.0,-23.44152
6560066562.5,-23.43446
6560067500.0,-23.43198
6560068437.5,-23.43006
6560069375.0,-23.42562
6560070312.5,-23.42413
6560071250.0,-23.4188
6560072187.5,-23.41547
6560073125.0,-23.41091
6560074062.5,-23.41062
6560075000.0,-23.40653
6560075937.5,-23.40306
6560076875.0,-23.39817
6560077812.5,-23.39863
6560078750.0,-23.39173
6560079687.5,-23.39123
6560080625.0,-23.38734
6560081562.5,-23.38485
6560082500.0,-23.37844
6560083437.5,-23.37931
6560084375.0,-23.37344
6560085312.5,-23.36954
6560086250.0,-23.36902
6560087187.5,-23.36419
6560088125.0,-23.35799
6560089062.5,-23.35685
6560090000.0,-23.35373
6560090937.5,-23.35215
6560091875.0,-23.34934
6560092812.5,-23.34724
6560093750.0,-23.34218
6560094687.5,-23.33911
6560095625.0,-23.33658
6560096562.5,-23.33323
6560097500.0,-23.32933
6560098437.5,-23.32642
6560099375.0,-23.32377
6560100312.5,-23.31964
6560101250.0,-23.31447
6560102187.5,-23.31113
6560103125.0,-23.3071
6560104062.5,-23.30622
6560105000.0,-23.30255
6560105937.5,-23.30089
6560106875.0,-23.29482
6560107812.5,-23.29383
6560108750.0,-23.28637
6560109687.5,-23.28535
6560110625.0,-23.28131
6560111562.5,-23.27765
6560112500.0,-23.27653
6560113437.5,-23.27488
6560114375.0,-23.26854
6560115312.5,-23.26601
6560116250.0,-23.26424
6560117187.5,-23.25836
6560118125.0,-23.25662
6560119062.5,-23.25438
6560120000.0,-23.25072
6560120937.5,-23.24612
6560121875.0,-23.24392
6560122812.5,-23.24032
6560123750.0,-23.23946
6560124687.5,-23.23349
6560125625.0,-23.2323
6560126562.5,-23.22632
6560127500.0,-23.21986
6560128437.5,-23.22027
6560129375.0,-23.21607
6560130312.5,-23.21612
6560131250.0,-23.20842
6560132187.5,-23.20772
6560133125.0,-23.20448
6560134062.5,-23.2
6560135000.0,-23.19829
6560135937.5,-23.19271
6560136875.0,-23.19073
6560137812.5,-23.18778
6560138750.0,-23.18456
6560139687.5,-23.18138
6560140625.0,-23.1792
6560141562.5,-23.17564
6560142500.0,-23.17406
6560143437.5,-23.16959
6560144375.0,-23.16483
6560145312.5,-23.1608
6560146250.0,-23.15682
6560147187.5,-23.15436
6560148125.0,-23.14994
6560149062.5,-23.14598
6560150000.0,-23.14267
6560150937.5,-23.1401
6560151875.0,-23.13846
6560152812.5,-23.13623
6560153750.0,-23.1324
6560154687.5,-23.12666
6560155625.0,-23.12439
6560156562.5,-23.12064
6560157500.0,-23.11559
6560158437.5,-23.11373
6560159375.0,-23.1105
6560160312.5,-23.1082
6560161250.0,-23.1042
6560162187.5,-23.10128
6560163125.0,-23.09591
6560164062.5,-23.09449
6560165000.0,-23.08948
6560165937.5,-23.08598
6560166875.0,-23.08395
6560167812.5,-23.08113
6560168750.0,-23.07877
6560169687.5,-23.07228
6560170625.0,-23.07146
6560171562.5,-23.06832
6560172500.0,-23.06433
6560173437.5,-23.06091
6560174375.0,-23.05966
6560175312.5,-23.05475
6560176250.0,-23.05246
6560177187.5,-23.04749
6560178125.0,-23.04458
6560179062.5,-23.04161
6560180000.0,-23.03911
6560180937.5,-23.03303
6560181875.0,-23.03
6560182812.5,-23.02693
6560183750.0,-23.02348
6560184687.5,-23.01975
6560185625.0,-23.01955
6560186562.5,-23.01239
6560187500.0,-23.01237
6560188437.5,-23.00882
6560189375.0,-23.00539
6560190312.5,-23.0012
6560191250.0,-22.99782
6560192187.5,-22.99212
6560193125.0,-22.99045
6560194062.5,-22.98849
6560195000.0,-22.98437
6560195937.5,-22.98186
6560196875.0,-22.97508
6560197812.5,-22.97196
6560198750.0,-22.9712
6560199687.5,-22.96705
6560200625.0,-22.96438
6560201562.5,-22.96087
6560202500.0,-22.95524
6560203437.5,-22.95385
6560204375.0,-22.95027
6560205312.5,-22.94646
6560206250.0,-22.94432
6560207187.5,-22.93991
6560208125.0,-22.9361
6560209062.5,-22.93456
6560210000.0,-22.92846
6560210937.5,-22.9266
6560211875.0,-22.92353
6560212812.5,-22.92146
6560213750.0,-22.91445
6560214687.5,-22.91437
6560215625.0,-22.90868
6560216562.5,-22.9062
6560217500.0,-22.90208
6560218437.5,-22.89791
6560219375.0,-22.89357
6560220312.5,-22.89361
6560221250.0,-22.88929
6560222187.5,-22.88557
6560223125.0,-22.88293
6560224062.5,-22.87829
6560225000.0,-22.87686
6560225937.5,-22.87153
6560226875.0,-22.86716
6560227812.5,-22.86524
6560228750.0,-22.86095
6560229687.5,-22.85694
6560230625.0,-22.85613
6560231562.5,-22.85343
6560232500.0,-22.84794
6560233437.5,-22.84824
6560234375.0,-22.84369
6560235312.5,-22.84117
6560236250.0,-22.83573
6560237187.5,-22.83151
6560238125.0,-22.8285
6560239062.5,-22.82381
6560240000.0,-22.82049
6560240937.5,-22.8199
6560241875.0,-22.81278
6560242812.5,-22.81333
6560243750.0,-22.8078
6560244687.5,-22.80558
6560245625.0,-22.79853
6560246562.5,-22.7971
6560247500.0,-22.79483
6560248437.5,-22.79078
6560249375.0,-22.78682
6560250312.5,-22.78486
6560251250.0,-22.78251
6560252187.5,-22.77851
6560253125.0,-22.77277
6560254062.5,-22.7714
6560255000.0,-22.76672
6560255937.5,-22.76352
6560256875.0,-22.76047
6560257812.5,-22.75832
6560258750.0,-22.75235
6560259687.5,-22.74944
6560260625.0,-22.74599
6560261562.5,-22.74478
6560262500.0,-22.73843
6560263437.5,-22.73683
6560264375.0,-22.73293
6560265312.5,-22.73056
6560266250.0,-22.72784
6560267187.5,-22.7224
6560268125.0,-22.7208
6560269062.5,-22.71548
6560270000.0,-22.71493
6560270937.5,-22.71004
6560271875.0,-22.7056
6560272812.5,-22.70227
6560273750.0,-22.69811
6560274687.5,-22.69592
6560275625.0,-22.68812
6560276562.5,-22.68569
6560277500.0,-22.68645
6560278437.5,-22.68176
6560279375.0,-22.67871
6560280312.5,-22.67504
6560281250.0,-22.6714
6560282187.5,-22.66667
6560283125.0,-22.66322
6560284062.5,-22.65821
6560285000.0,-22.65606
6560285937.5,-22.65179
6560286875.0,-22.64937
6560287812.5,-22.64685
6560288750.0,-22.64277
6560289687.5,-22.63935
6560290625.0,-22.63607
6560291562.5,-22.63288
6560292500.0,-22.63064
6560293437.5,-22.62486
6560294375.0,-22.62532
6560295312.5,-22.61959
6560296250.0,-22.61489
6560297187.5,-22.6116
6560298125.0,-22.60754
6560299062.5,-22.6049
6560300000.0,-22.60018
6560300937.5,-22.59653
6560301875.0,-22.59283
6560302812.5,-22.5901
6560303750.0,-22.58842
6560304687.5,-22.58289
6560305625.0,-22.57996
6560306562.5,-22.57898
6560307500.0,-22.57398
6560308437.5,-22.56989
6560309375.0,-22.56527
6560310312.5,-22.56308
6560311250.0,-22.56043
6560312187.5,-22.55491
6560313125.0,-22.55282
6560314062.5,-22.54661
6560315000.0,-22.54741
6560315937.5,-22.54148
6560316875.0,-22.53811
6560317812.5,-22.5365
6560318750.0,-22.53052
6560319687.5,-22.5292
6560320625.0,-22.52454
6560321562.5,-22.52032
6560322500.0,-22.51779
6560323437.5,-22.51492
6560324375.0,-22.5084
6560325312.5,-22.50777
6560326250.0,-22.5027
6560327187.5,-22.50259
6560328125.0,-22.49608
6560329062.5,-22.49357
6560330000.0,-22.49158
6560330937.5,-22.48606
6560331875.0,-22.48488
6560332812.5,-22.48035
6560333750.0,-22.4746
6560334687.5,-22.47157
6560335625.0,-22.46791
6560336562.5,-22.46543
6560337500.0,-22.46136
6560338437.5,-22.45947
6560339375.0,-22.45404
6560340312.5,-22.45143
6560341250.0,-22.44741
6560342187.5,-22.44474
6560343125.0,-22.44188
6560344062.5,-22.4357
6560345000.0,-22.43348
6560345937.5,-22.42887
6560346875.0,-22.42782
6560347812.5,-22.42421
6560348750.0,-22.42083
6560349687.5,-22.41444
6560350625.0,-22.41361
6560351562.5,-22.41013
6560352500.0,-22.40429
6560353437.5,-22.40246
6560354375.0,-22.39786
6560355312.5,-22.39354
6560356250.0,-22.39181
6560357187.5,-22.38657
6560358125.0,-22.38265
6560359062.5,-22.38228
6560360000.0,-22.37702
6560360937.5,-22.37394
6560361875.0,-22.37151
6560362812.5,-22.36688
6560363750.0,-22.36604
6560364687.5,-22.36006
6560365625.0,-22.35564
6560366562.5,-22.35288
6560367500.0,-22.34815
6560368437.5,-22.34629
6560369375.0,-22.33997
6560370312.5,-22.33914
6560371250.0,-22.3341
6560372187.5,-22.33043
6560373125.0,-22.32906
6560374062.5,-22.32283
6560375000.0,-22.31966
6560375937.5,-22.31389
6560376875.0,-22.31417
6560377812.5,-22.31
6560378750.0,-22.30547
6560379687.5,-22.30091
6560380625.0,-22.29911
6560381562.5,-22.29542
6560382500.0,-22.29231
6560383437.5,-22.28912
6560384375.0,-22.28139
6560385312.5,-22.28152
6560386250.0,-22.27732
6560387187.5,-22.2742
6560388125.0,-22.27032
6560389062.5,-22.26497
6560390000.0,-22.26201
6560390937.5,-22.26113
6560391875.0,-22.25691
6560392812.5,-22.25447
6560393750.0,-22.24533
6560394687.5,-22.24694
6560395625.0,-22.2421
6560396562.5,-22.23725
6560397500.0,-22.23457
6560398437.5,-22.23006
6560399375.0,-22.23004
6560400312.5,-22.22397
6560401250.0,-22.22129
6560402187.5,-22.21706
6560403125.0,-22.21398
6560404062.5,-22.20987
6560405000.0,-22.20754
6560405937.5,-22.20446
6560406875.0,-22.20031
6560407812.5,-22.19576
6560408750.0,-22.19203
6560409687.5,-22.1883
6560410625.0,-22.18773
6560411562.5,-22.18247
6560412500.0,-22.17755
6560413437.5,-22.17383
6560414375.0,-22.17179
6560415312.5,-22.16645
6560416250.0,-22.1638
6560417187.5,-22.16081
6560418125.0,-22.15517
6560419062.5,-22.15337
6560420000.0,-22.15033
6560420937.5,-22.14473
6560421875.0,-22.14145
6560422812.5,-22.13643
6560423750.0,-22.13548
6560424687.5,-22.13239
6560425625.0,-22.12478
6560426562.5,-22.12443
6560427500.0,-22.12057
6560428437.5,-22.11428
6560429375.0,-22.1141
6560430312.5,-22.10634
6560431250.0,-22.10469
6560432187.5,-22.10367
6560433125.0,-22.09792
6560434062.5,-22.09344
6560435000.0,-22.09077
6560435937.5,-22.08665
6560436875.0,-22.08573
6560437812.5,-22.07708
6560438750.0,-22.07719
6560439687.5,-22.07564
6560440625.0,-22.0715
6560441562.5,-22.06489
6560442500.0,-22.06348
6560443437.5,-22.05604
6560444375.0,-22.05404
6560445312.5,-22.05223
6560446250.0,-22.04778
6560447187.5,-22.04512
6560448125.0,-22.04033
6560449062.5,-22.03664
6560450000.0,-22.03103
6560450937.5,-22.03003
6560451875.0,-22.02324
6560452812.5,-22.02257
6560453750.0,-22.02033
6560454687.5,-22.01342
6560455625.0,-22.01073
6560456562.5,-22.0063
6560457500.0,-22.0038
6560458437.5,-22.00187
6560459375.0,-21.99488
6560460312.5,-21.98917
6560461250.0,-21.98768
6560462187.5,-21.98539
6560463125.0,-21.98289
6560464062.5,-21.98124
6560465000.0,-21.97609
6560465937.5,-21.97267
6560466875.0,-21.96895
6560467812.5,-21.96382
6560468750.0,-21.95972
6560469687.5,-21.95531
6560470625.0,-21.95465
6560471562.5,-21.94897
6560472500.0,-21.94648
6560473437.5,-21.94225
6560474375.0,-21.93777
6560475312.5,-21.93212
6560476250.0,-21.93063
6560477187.5,-21.92597
6560478125.0,-21.92222
6560479062.5,-21.91851
6560480000.0,-21.91433
6560480937.5,-21.91111
6560481875.0,-21.90998
6560482812.5,-21.90538
6560483750.0,-21.90061
6560484687.5,-21.89829
6560485625.0,-21.89347
6560486562.5,-21.89142
6560487500.0,-21.88586
6560488437.5,-21.88321
6560489375.0,-21.87893
6560490312.5,-21.87654
6560491250.0,-21.87187
6560492187.5,-21.86906
6560493125.0,-21.86555
6560494062.5,-21.86199
6560495000.0,-21.85873
6560495937.5,-21.85404
6560496875.0,-21.84943
6560497812.5,-21.84588
6560498750.0,-21.84286
6560499687.5,-21.83971
6560500625.0,-21.83656
6560501562.5,-21.83217
6560502500.0,-21.82934
6560503437.5,-21.8255
6560504375.0,-21.82031
6560505312.5,-21.81642
6560506250.0,-21.81453
6560507187.5,-21.81018
6560508125.0,-21.80698
6560509062.5,-21.80445
6560510000.0,-21.79923
6560510937.5,-21.79585
6560511875.0,-21.79222
6560512812.5,-21.78799
6560513750.0,-21.78189
6560514687.5,-21.78084
6560515625.0,-21.77674
6560516562.5,-21.77317
6560517500.0,-21.76941
6560518437.5,-21.76606
6560519375.0,-21.76109
6560520312.5,-21.75708
6560521250.0,-21.75357
6560522187.5,-21.75036
6560523125.0,-21.74388
6560524062.5,-21.74332
6560525000.0,-21.74084
6560525937.5,-21.7362
6560526875.0,-21.73111
6560527812.5,-21.72837
6560528750.0,-21.72336
6560529687.5,-21.72066
6560530625.0,-21.71815
6560531562.5,-21.71165
6560532500.0,-21.70894
6560533437.5,-21.7069
6560534375.0,-21.70284
6560535312.5,-21.69667
6560536250.0,-21.6954
6560537187.5,-21.69249
6560538125.0,-21.68721
6560539062.5,-21.68235
6560540000.0,-21.67942
6560540937.5,-21.67491
6560541875.0,-21.672
6560542812.5,-21.66547
6560543750.0,-21.66359
6560544687.5,-21.66053
6560545625.0,-21.65573
6560546562.5,-21.65346
6560547500.0,-21.65092
6560548437.5,-21.64668
6560549375.0,-21.6416
6560550312.5,-21.63661
6560551250.0,-21.63445
6560552187.5,-21.63109
6560553125.0,-21.62521
6560554062.5,-21.62258
6560555000.0,-21.6187
6560555937.5,-21.61544
6560556875.0,-21.60996
6560557812.5,-21.60646
6560558750.0,-21.60212
6560559687.5,-21.60161
6560560625.0,-21.5957
6560561562.5,-21.59586
6560562500.0,-21.58824
6560563437.5,-21.58428
6560564375.0,-21.58084
6560565312.5,-21.57964
6560566250.0,-21.57408
6560567187.5,-21.56983
6560568125.0,-21.56689
6560569062.5,-21.56376
6560570000.0,-21.5588
6560570937.5,-21.55568
6560571875.0,-21.55182
6560572812.5,-21.54766
6560573750.0,-21.54461
6560574687.5,-21.53772
6560575625.0,-21.53639
6560576562.5,-21.53312
6560577500.0,-21.52904
6560578437.5,-21.52671
6560579375.0,-21.52219
6560580312.5,-21.51914
6560581250.0,-21.51393
6560582187.5,-21.50932
6560583125.0,-21.50395
6560584062.5,-21.50086
6560585000.0,-21.49724
6560585937.5,-21.49464
6560586875.0,-21.48957
6560587812.5,-21.48816
6560588750.0,-21.48536
6560589687.5,-21.47898
6560590625.0,-21.47828
6560591562.5,-21.47139
6560592500.0,-21.46887
6560593437.5,-21.46442
6560594375.0,-21.46126
6560595312.5,-21.45846
6560596250.0,-21.4556
6560597187.5,-21.45059
6560598125.0,-21.44525
6560599062.5,-21.44512
6560600000.0,-21.43926
6560600937.5,-21.43466
6560601875.0,-21.43229
6560602812.5,-21.42691
6560603750.0,-21.4214
6560604687.5,-21.41689
6560605625.0,-21.4145
6560606562.5,-21.4105
6560607500.0,-21.40828
6560608437.5,-21.40257
6560609375.0,-21.40033
6560610312.5,-21.39779
6560611250.0,-21.39517
6560612187.5,-21.38964
6560613125.0,-21.38537
6560614062.5,-21.3801
6560615000.0,-21.37591
6560615937.5,-21.37312
6560616875.0,-21.36951
6560617812.5,-21.36544
6560618750.0,-21.3624
6560619687.5,-21.35606
6560620625.0,-21.35646
6560621562.5,-21.34941
6560622500.0,-21.34602
6560623437.5,-21.34419
6560624375.0,-21.34057
6560625312.5,-21.33584
6560626250.0,-21.3294
6560627187.5,-21.32748
6560628125.0,-21.32381
6560629062.5,-21.31895
6560630000.0,-21.31674
6560630937.5,-21.31215
6560631875.0,-21.30721
6560632812.5,-21.30624
6560633750.0,-21.30128
6560634687.5,-21.29599
6560635625.0,-21.29408
6560636562.5,-21.289
6560637500.0,-21.28342
6560638437.5,-21.28364
6560639375.0,-21.278
6560640312.5,-21.27158
6560641250.0,-21.27097
6560642187.5,-21.26594
6560643125.0,-21.26205
6560644062.5,-21.25783
6560645000.0,-21.25484
6560645937.5,-21.25124
6560646875.0,-21.24585
6560647812.5,-21.24092
6560648750.0,-21.23855
6560649687.5,-21.23496
6560650625.0,-21.23117
6560651562.5,-21.22593
6560652500.0,-21.22328
6560653437.5,-21.22069
6560654375.0,-21.21567
6560655312.5,-21.211
6560656250.0,-21.20912
6560657187.5,-21.20627
6560658125.0,-21.19977
6560659062.5,-21.19496
6560660000.0,-21.19224
6560660937.5,-21.18799
6560661875.0,-21.18721
6560662812.5,-21.18108
6560663750.0,-21.17774
6560664687.5,-21.17293
6560665625.0,-21.16966
6560666562.5,-21.16531
6560667500.0,-21.161
6560668437.5,-21.15728
6560669375.0,-21.15479
6560670312.5,-21.15029
6560671250.0,-21.14673
6560672187.5,-21.14029
6560673125.0,-21.13848
6560674062.5,-21.13428
6560675000.0,-21.13003
6560675937.5,-21.12545
6560676875.0,-21.12025
6560677812.5,-21.11949
6560678750.0,-21.11535
6560679687.5,-21.11119
6560680625.0,-21.1094
6560681562.5,-21.10165
6560682500.0,-21.09851
6560683437.5,-21.09597
6560684375.0,-21.09117
6560685312.5,-21.08907
6560686250.0,-21.08389
6560687187.5,-21.07911
6560688125.0,-21.07533
6560689062.5,-21.07184
6560690000.0,-21.0677
6560690937.5,-21.06616
6560691875.0,-21.0599
6560692812.5,-21.05517
6560693750.0,-21.05435
6560694687.5,-21.04854
6560695625.0,-21.04301
6560696562.5,-21.03974
6560697500.0,-21.03387
6560698437.5,-21.03185
6560699375.0,-21.02854
6560700312.5,-21.02766
6560701250.0,-21.02073
6560702187.5,-21.01862
6560703125.0,-21.01232
6560704062.5,-21.0089
6560705000.0,-21.00631
6560705937.5,-21.00192
6560706875.0,-20.99659
6560707812.5,-20.9945
6560708750.0,-20.98753
6560709687.5,-20.98873
6560710625.0,-20.98149
6560711562.5,-20.9771
6560712500.0,-20.9742
6560713437.5,-20.97063
6560714375.0,-20.96783
6560715312.5,-20.96093
6560716250.0,-20.95795
6560717187.5,-20.95391
6560718125.0,-20.95088
6560719062.5,-20.94665
6560720000.0,-20.94386
6560720937.5,-20.93845
6560721875.0,-20.93474
6560722812.5,-20.93216
6560723750.0,-20.928
6560724687.5,-20.92431
6560725625.0,-20.92046
6560726562.5,-20.91541
6560727500.0,-20.91056
6560728437.5,-20.90646
6560729375.0,-20.90502
6560730312.5,-20.90038
6560731250.0,-20.89662
6560732187.5,-20.8925
6560733125.0,-20.88713
6560734062.5,-20.88257
6560735000.0,-20.87803
6560735937.5,-20.8753
6560736875.0,-20.87416
6560737812.5,-20.86753
6560738750.0,-20.86413
6560739687.5,-20.86084
6560740625.0,-20.85671
6560741562.5,-20.85217
6560742500.0,-20.84828
6560743437.5,-20.84385
6560744375.0,-20.83984
6560745312.5,-20.83489
6560746250.0,-20.83311
6560747187.5,-20.82857
6560748125.0,-20.82462
6560749062.5,-20.82252
6560750000.0,-20.81559
6560750937.5,-20.81449
6560751875.0,-20.80744
6560752812.5,-20.80641
6560753750.0,-20.80061
6560754687.5,-20.7966
6560755625.0,-20.79301
6560756562.5,-20.7904
6560757500.0,-20.78459
6560758437.5,-20.7814
6560759375.0,-20.77611
6560760312.5,-20.77334
6560761250.0,-20.76941
6560762187.5,-20.76628
6560763125.0,-20.76194
6560764062.5,-20.75841
6560765000.0,-20.75302
6560765937.5,-20.74953
6560766875.0,-20.74705
6560767812.5,-20.74254
6560768750.0,-20.73778
6560769687.5,-20.73252
6560770625.0,-20.72935
6560771562.5,-20.72531
6560772500.0,-20.72089
6560773437.5,-20.71559
6560774375.0,-20.71136
6560775312.5,-20.70951
6560776250.0,-20.70484
6560777187.5,-20.70243
6560778125.0,-20.69861
6560779062.5,-20.69349
6560780000.0,-20.68903
6560780937.5,-20.68732
6560781875.0,-20.68057
6560782812.5,-20.68037
6560783750.0,-20.67469
6560784687.5,-20.66998
6560785625.0,-20.66423
6560786562.5,-20.66145
6560787500.0,-20.65613
6560788437.5,-20.65278
6560789375.0,-20.65037
6560790312.5,-20.64301
6560791250.0,-20.64272
6560792187.5,-20.63977
6560793125.0,-20.63325
6560794062.5,-20.62778
6560795000.0,-20.6256
6560795937.5,-20.62089
6560796875.0,-20.61902
6560797812.5,-20.61316
6560798750.0,-20.609
6560799687.5,-20.60419
6560800625.0,-20.59935
6560801562.5,-20.59742
6560802500.0,-20.59443
6560803437.5,-20.58822
6560804375.0,-20.58423
6560805312.5,-20.58051
6560806250.0,-20.57754
6560807187.5,-20.57441
6560808125.0,-20.5675
6560809062.5,-20.56471
6560810000.0,-20.56057
6560810937.5,-20.55661
6560811875.0,-20.55403
6560812812.5,-20.54799
6560813750.0,-20.54565
6560814687.5,-20.54134
6560815625.0,-20.53709
6560816562.5,-20.53236
6560817500.0,-20.53007
6560818437.5,-20.52535
6560819375.0,-20.52167
6560820312.5,-20.51725
6560821250.0,-20.5132
6560822187.5,-20.50986
6560823125.0,-20.5031
6560824062.5,-20.50146
6560825000.0,-20.4989
6560825937.5,-20.49226
6560826875.0,-20.4868
6560827812.5,-20.48407
6560828750.0,-20.48169
6560829687.5,-20.47822
6560830625.0,-20.47199
6560831562.5,-20.46834
6560832500.0,-20.46508
6560833437.5,-20.4599
6560834375.0,-20.45694
6560835312.5,-20.45032
6560836250.0,-20.44912
6560837187.5,-20.44487
6560838125.0,-20.43995
6560839062.5,-20.43299
6560840000.0,-20.43292
6560840937.5,-20.42661
6560841875.0,-20.42376
6560842812.5,-20.41943
6560843750.0,-20.41547
6560844687.5,-20.41298
6560845625.0,-20.40701
6560846562.5,-20.40247
6560847500.0,-20.40181
6560848437.5,-20.395
6560849375.0,-20.39066
6560850312.5,-20.38819
6560851250.0,-20.38354
6560852187.5,-20.37902
6560853125.0,-20.37656
6560854062.5,-20.37081
6560855000.0,-20.36737
6560855937.5,-20.36364
6560856875.0,-20.35889
6560857812.5,-20.35627
6560858750.0,-20.35013
6560859687.5,-20.34573
6560860625.0,-20.34287
6560861562.5,-20.33689
6560862500.0,-20.33176
6560863437.5,-20.32928
6560864375.0,-20.32718
6560865312.5,-20.32226
6560866250.0,-20.31989
6560867187.5,-20.31428
6560868125.0,-20.30749
6560869062.5,-20.307
6560870000.0,-20.30202
6560870937.5,-20.29876
6560871875.0,-20.29409
6560872812.5,-20.28826
6560873750.0,-20.28421
6560874687.5,-20.28017
6560875625.0,-20.27715
6560876562.5,-20.27528
6560877500.0,-20.26994
6560878437.5,-20.26388
6560879375.0,-20.2619
6560880312.5,-20.25773
6560881250.0,-20.25476
6560882187.5,-20.24906
6560883125.0,-20.24286
6560884062.5,-20.24185
6560885000.0,-20.23686
6560885937.5,-20.23254
6560886875.0,-20.22877
6560887812.5,-20.225
6560888750.0,-20.22025
6560889687.5,-20.21675
6560890625.0,-20.21047
6560891562.5,-20.20839
6560892500.0,-20.20267
6560893437.5,-20.20028
6560894375.0,-20.19561
6560895312.5,-20.1911
6560896250.0,-20.18754
6560897187.5,-20.18087
6560898125.0,-20.17744
6560899062.5,-20.17403
6560900000.0,-20.17193
6560900937.5,-20.16511
6560901875.0,-20.16248
6560902812.5,-20.15713
6560903750.0,-20.15518
6560904687.5,-20.15096
6560905625.0,-20.14653
6560906562.5,-20.14355
6560907500.0,-20.13618
6560908437.5,-20.13625
6560909375.0,-20.12954
6560910312.5,-20.12504
6560911250.0,-20.12217
6560912187.5,-20.11742
6560913125.0,-20.11399
6560914062.5,-20.10731
6560915000.0,-20.10723
6560915937.5,-20.10051
6560916875.0,-20.09599
6560917812.5,-20.09078
6560918750.0,-20.08817
6560919687.5,-20.08405
6560920625.0,-20.07927
6560921562.5,-20.0747
6560922500.0,-20.07189
6560923437.5,-20.0664
6560924375.0,-20.06378
6560925312.5,-20.05984
6560926250.0,-20.05842
6560927187.5,-20.05128
6560928125.0,-20.04587
6560929062.5,-20.04223
6560930000.0,-20.03913
6560930937.5,-20.03353
6560931875.0,-20.03136
6560932812.5,-20.02445
6560933750.0,-20.0228
6560934687.5,-20.01963
6560935625.0,-20.01352
6560936562.5,-20.01122
6560937500.0,-20.00525
6560938437.5,-20.00175
6560939375.0,-19.99623
6560940312.5,-19.99471
6560941250.0,-19.98824
6560942187.5,-19.98543
6560943125.0,-19.98169
6560944062.5,-19.97627
6560945000.0,-19.97082
6560945937.5,-19.96926
6560946875.0,-19.96251
6560947812.5,-19.96094
6560948750.0,-19.95498
6560949687.5,-19.95048
6560950625.0,-19.94728
6560951562.5,-19.94368
6560952500.0,-19.93679
6560953437.5,-19.93607
6560954375.0,-19.93259
6560955312.5,-19.92599
6560956250.0,-19.92312
6560957187.5,-19.91784
6560958125.0,-19.9142
6560959062.5,-19.90893
6560960000.0,-19.90541
6560960937.5,-19.90197
6560961875.0,-19.89589
6560962812.5,-19.89344
6560963750.0,-19.89059
6560964687.5,-19.88543
6560965625.0,-19.8793
6560966562.5,-19.87528
6560967500.0,-19.87397
6560968437.5,-19.86979
6560969375.0,-19.86567
6560970312.5,-19.85992
6560971250.0,-19.85891
6560972187.5,-19.85001
6560973125.0,-19.84818
6560974062.5,-19.84273
6560975000.0,-19.84123
6560975937.5,-19.83541
6560976875.0,-19.8302
6560977812.5,-19.82655
6560978750.0,-19.82285
6560979687.5,-19.82012
6560980625.0,-19.81369
6560981562.5,-19.8097
6560982500.0,-19.80688
6560983437.5,-19.79901
6560984375.0,-19.79869
6560985312.5,-19.79286
6560986250.0,-19.78802
6560987187.5,-19.78526
6560988125.0,-19.78008
6560989062.5,-19.77877
6560990000.0,-19.77327
6560990937.5,-19.76732
6560991875.0,-19.76272
6560992812.5,-19.75977
6560993750.0,-19.75603
6560994687.5,-19.7521
6560995625.0,-19.74644
6560996562.5,-19.74185
6560997500.0,-19.73708
6560998437.5,-19.73556
6560999375.0,-19.73352
6561000312.5,-19.72715
6561001250.0,-19.72244
6561002187.5,-19.71845
6561003125.0,-19.71315
6561004062.5,-19.70924
6561005000.0,-19.70742
6561005937.5,-19.70434
6561006875.0,-19.69814
6561007812.5,-19.69432
6561008750.0,-19.69001
6561009687.5,-19.68613
6561010625.0,-19.68262
6561011562.5,-19.6764
6561012500.0,-19.67334
6561013437.5,-19.66796
6561014375.0,-19.66413
6561015312.5,-19.65955
6561016250.0,-19.65403
6561017187.5,-19.65177
6561018125.0,-19.64746
6561019062.5,-19.64179
6561020000.0,-19.63861
6561020937.5,-19.63494
6561021875.0,-19.63023
6561022812.5,-19.62578
6561023750.0,-19.62029
6561024687.5,-19.61566
6561025625.0,-19.61239
6561026562.5,-19.60985
6561027500.0,-19.60471
6561028437.5,-19.60195
6561029375.0,-19.59678
6561030312.5,-19.59292
6561031250.0,-19.5884
6561032187.5,-19.58423
6561033125.0,-19.58025
6561034062.5,-19.57517
6561035000.0,-19.57127
6561035937.5,-19.56663
6561036875.0,-19.56032
6561037812.5,-19.55841
6561038750.0,-19.5553
6561039687.5,-19.54869
6561040625.0,-19.54619
6561041562.5,-19.54251
6561042500.0,-19.53705
6561043437.5,-19.53148
6561044375.0,-19.52855
6561045312.5,-19.5232
6561046250.0,-19.51839
6561047187.5,-19.51572
6561048125.0,-19.51133
6561049062.5,-19.50776
6561050000.0,-19.50299
6561050937.5,-19.50093
6561051875.0,-19.49499
6561052812.5,-19.49249
6561053750.0,-19.48601
6561054687.5,-19.48148
6561055625.0,-19.47722
6561056562.5,-19.47567
6561057500.0,-19.4691
6561058437.5,-19.46601
6561059375.0,-19.46165
6561060312.5,-19.45732
6561061250.0,-19.45135
6561062187.5,-19.45044
6561063125.0,-19.44544
6561064062.5,-19.4437
6561065000.0,-19.43496
6561065937.5,-19.43235
6561066875.0,-19.42808
6561067812.5,-19.42347
6561068750.0,-19.41879
6561069687.5,-19.41462
6561070625.0,-19.41045
6561071562.5,-19.40565
6561072500.0,-19.40188
6561073437.5,-19.39689
6561074375.0,-19.39225
6561075312.5,-19.38969
6561076250.0,-19.3854
6561077187.5,-19.38099
6561078125.0,-19.3769
6561079062.5,-19.37142
6561080000.0,-19.367
6561080937.5,-19.36346
6561081875.0,-19.35846
6561082812.5,-19.35623
6561083750.0,-19.3516
6561084687.5,-19.34836
6561085625.0,-19.34147
6561086562.5,-19.33728
6561087500.0,-19.33326
6561088437.5,-19.33027
6561089375.0,-19.32668
6561090312.5,-19.32153
6561091250.0,-19.31857
6561092187.5,-19.31188
6561093125.0,-19.3079
6561094062.5,-19.30424
6561095000.0,-19.30046
6561095937.5,-19.29619
6561096875.0,-19.29245
6561097812.5,-19.28849
6561098750.0,-19.28349
6561099687.5,-19.27789
6561100625.0,-19.275
6561101562.5,-19.26974
6561102500.0,-19.26744
6561103437.5,-19.26153
6561104375.0,-19.25842
6561105312.5,-19.25406
6561106250.0,-19.24969
6561107187.5,-19.24442
6561108125.0,-19.24078
6561109062.5,-19.23781
6561110000.0,-19.23194
6561110937.5,-19.22624
6561111875.0,-19.2226
6561112812.5,-19.21931
6561113750.0,-19.21549
6561114687.5,-19.21113
6561115625.0,-19.20726
6561116562.5,-19.2028
6561117500.0,-19.19767
6561118437.5,-19.19554
6561119375.0,-19.19074
6561120312.5,-19.18737
6561121250.0,-19.18192
6561122187.5,-19.17701
6561123125.0,-19.17232
6561124062.5,-19.17032
6561125000.0,-19.16519
6561125937.5,-19.15988
6561126875.0,-19.15587
6561127812.5,-19.1531
6561128750.0,-19.14555
6561129687.5,-19.14186
6561130625.0,-19.13978
6561131562.5,-19.13478
6561132500.0,-19.13076
6561133437.5,-19.12673
6561134375.0,-19.12151
6561135312.5,-19.11843
6561136250.0,-19.11161
6561137187.5,-19.10876
6561138125.0,-19.10568
6561139062.5,-19.10118
6561140000.0,-19.09612
6561140937.5,-19.09224
6561141875.0,-19.08856
6561142812.5,-19.08208
6561143750.0,-19.07972
6561144687.5,-19.07518
6561145625.0,-19.06824
6561146562.5,-19.066
6561147500.0,-19.06267
6561148437.5,-19.05942
6561149375.0,-19.05392
6561150312.5,-19.04891
6561151250.0,-19.04439
6561152187.5,-19.0411
6561153125.0,-19.03507
6561154062.5,-19.0358
6561155000.0,-19.02769
6561155937.5,-19.02412
6561156875.0,-19.02023
6561157812.5,-19.01525
6561158750.0,-19.00951
6561159687.5,-19.00704
6561160625.0,-19.00191
6561161562.5,-18.99924
6561162500.0,-18.99515
6561163437.5,-18.9893
6561164375.0,-18.98527
6561165312.5,-18.9813
6561166250.0,-18.9751
6561167187.5,-18.97161
6561168125.0,-18.96922
6561169062.5,-18.96414
6561170000.0,-18.96036
6561170937.5,-18.95457
6561171875.0,-18.95161
6561172812.5,-18.94715
6561173750.0,-18.9423
6561174687.5,-18.93671
6561175625.0,-18.93551
6561176562.5,-18.9299
6561177500.0,-18.92505
6561178437.5,-18.92158
6561179375.0,-18.91619
6561180312.5,-18.91322
6561181250.0,-18.90844
6561182187.5,-18.90377
6561183125.0,-18.90086
6561184062.5,-18.89642
6561185000.0,-18.89327
6561185937.5,-18.88753
6561186875.0,-18.88223
6561187812.5,-18.87884
6561188750.0,-18.87398
6561189687.5,-18.86973
6561190625.0,-18.86553
6561191562.5,-18.86127
6561192500.0,-18.85762
6561193437.5,-18.85342
6561194375.0,-18.84877
6561195312.5,-18.8444
6561196250.0,-18.84114
6561197187.5,-18.8357
6561198125.0,-18.83092
6561199062.5,-18.82816
6561200000.0,-18.82357
6561200937.5,-18.81874
6561201875.0,-18.81434
6561202812.5,-18.80892
6561203750.0,-18.80682
6561204687.5,-18.80216
6561205625.0,-18.79609
6561206562.5,-18.79247
6561207500.0,-18.78858
6561208437.5,-18.78557
6561209375.0,-18.78094
6561210312.5,-18.77682
6561211250.0,-18.77221
6561212187.5,-18.76721
6561213125.0,-18.76278
6561214062.5,-18.75966
6561215000.0,-18.7534
6561215937.5,-18.74949
6561216875.0,-18.74851
6561217812.5,-18.74032
6561218750.0,-18.73719
6561219687.5,-18.73372
6561220625.0,-18.72858
6561221562.5,-18.72453
6561222500.0,-18.72078
6561223437.5,-18.71737
6561224375.0,-18.70991
6561225312.5,-18.707
6561226250.0,-18.70361
6561227187.5,-18.69769
6561228125.0,-18.69346
6561229062.5,-18.69061
6561230000.0,-18.68583
6561230937.5,-18.68207
6561231875.0,-18.67859
6561232812.5,-18.6733
6561233750.0,-18.66918
6561234687.5,-18.66574
6561235625.0,-18.66001
6561236562.5,-18.65714
6561237500.0,-18.65077
6561238437.5,-18.64703
6561239375.0,-18.64284
6561240312.5,-18.63884
6561241250.0,-18.63525
6561242187.5,-18.63005
6561243125.0,-18.62732
6561244062.5,-18.62245
6561245000.0,-18.61867
6561245937.5,-18.61202
6561246875.0,-18.60937
6561247812.5,-18.60621
6561248750.0,-18.60111
6561249687.5,-18.59782
6561250625.0,-18.5917
6561251562.5,-18.58743
6561252500.0,-18.58662
6561253437.5,-18.57951
6561254375.0,-18.57555
6561255312.5,-18.56963
6561256250.0,-18.56748
6561257187.5,-18.56294
6561258125.0,-18.55983
6561259062.5,-18.55225
6561260000.0,-18.54705
6561260937.5,-18.54569
6561261875.0,-18.5421
6561262812.5,-18.53612
6561263750.0,-18.53399
6561264687.5,-18.52784
6561265625.0,-18.52377
6561266562.5,-18.519
6561267500.0,-18.51406
6561268437.5,-18.51056
6561269375.0,-18.50651
6561270312.5,-18.50284
6561271250.0,-18.49842
6561272187.5,-18.49339
6561273125.0,-18.48962
6561274062.5,-18.4847
6561275000.0,-18.48127
6561275937.5,-18.47619
6561276875.0,-18.47194
6561277812.5,-18.46919
6561278750.0,-18.46467
6561279687.5,-18.45946
6561280625.0,-18.45635
6561281562.5,-18.4509
6561282500.0,-18.4471
6561283437.5,-18.44348
6561284375.0,-18.43843
6561285312.5,-18.4349
6561286250.0,-18.42849
6561287187.5,-18.42511
6561288125.0,-18.4222
6561289062.5,-18.41656
6561290000.0,-18.41359
6561290937.5,-18.40907
6561291875.0,-18.40549
6561292812.5,-18.39973
6561293750.0,-18.39531
6561294687.5,-18.39257
6561295625.0,-18.38671
6561296562.5,-18.38473
6561297500.0,-18.3782
6561298437.5,-18.37255
6561299375.0,-18.36933
6561300312.5,-18.3676
6561301250.0,-18.36143
6561302187.5,-18.35768
6561303125.0,-18.3524
6561304062.5,-18.34878
6561305000.0,-18.34527
6561305937.5,-18.34082
6561306875.0,-18.33707
6561307812.5,-18.33156
6561308750.0,-18.32858
6561309687.5,-18.32447
6561310625.0,-18.31923
6561311562.5,-18.31366
6561312500.0,-18.31116
6561313437.5,-18.30701
6561314375.0,-18.30413
6561315312.5,-18.29837
6561316250.0,-18.29465
6561317187.5,-18.29034
6561318125.0,-18.28405
6561319062.5,-18.28163
6561320000.0,-18.27731
6561320937.5,-18.27227
6561321875.0,-18.26903
6561322812.5,-18.26474
6561323750.0,-18.2582
6561324687.5,-18.25292
6561325625.0,-18.25191
6561326562.5,-18.24673
6561327500.0,-18.24213
6561328437.5,-18.23826
6561329375.0,-18.23283
6561330312.5,-18.22976
6561331250.0,-18.22766
6561332187.5,-18.22288
6561333125.0,-18.21687
6561334062.5,-18.21386
6561335000.0,-18.20974
6561335937.5,-18.2045
6561336875.0,-18.20136
6561337812.5,-18.1966
6561338750.0,-18.1914
6561339687.5,-18.18913
6561340625.0,-18.18424
6561341562.5,-18.18023
6561342500.0,-18.1748
6561343437.5,-18.17161
6561344375.0,-18.16727
6561345312.5,-18.1615
6561346250.0,-18.15999
6561347187.5,-18.15369
6561348125.0,-18.14971
6561349062.5,-18.14716
6561350000.0,-18.1412
6561350937.5,-18.13533
6561351875.0,-18.13398
6561352812.5,-18.12802
6561353750.0,-18.12411
6561354687.5,-18.11973
6561355625.0,-18.1162
6561356562.5,-18.11033
6561357500.0,-18.10872
6561358437.5,-18.10444
6561359375.0,-18.09821
6561360312.5,-18.09382
6561361250.0,-18.09075
6561362187.5,-18.08617
6561363125.0,-18.08069
6561364062.5,-18.07779
6561365000.0,-18.074
6561365937.5,-18.07074
6561366875.0,-18.06442
6561367812.5,-18.06196
6561368750.0,-18.05747
6561369687.5,-18.05291
6561370625.0,-18.04888
6561371562.5,-18.04664
6561372500.0,-18.04019
6561373437.5,-18.03632
6561374375.0,-18.03256
6561375312.5,-18.0288
6561376250.0,-18.02287
6561377187.5,-18.0204
6561378125.0,-18.01641
6561379062.5,-18.00871
6561380000.0,-18.00589
6561380937.5,-18.00252
6561381875.0,-17.99694
6561382812.5,-17.99502
6561383750.0,-17.99032
6561384687.5,-17.98638
6561385625.0,-17.98249
6561386562.5,-17.97797
6561387500.0,-17.9725
6561388437.5,-17.96928
6561389375.0,-17.96497
6561390312.5,-17.96018
6561391250.0,-17.95558
6561392187.5,-17.95025
6561393125.0,-17.94851
6561394062.5,-17.94437
6561395000.0,-17.94001
6561395937.5,-17.935
6561396875.0,-17.93224
6561397812.5,-17.92769
6561398750.0,-17.92292
6561399687.5,-17.91881
6561400625.0,-17.91522
6561401562.5,-17.91156
6561402500.0,-17.90629
6561403437.5,-17.90251
6561404375.0,-17.89733
6561405312.5,-17.89314
6561406250.0,-17.88938
6561407187.5,-17.8863
6561408125.0,-17.88223
6561409062.5,-17.87602
6561410000.0,-17.87118
6561410937.5,-17.86897
6561411875.0,-17.86348
6561412812.5,-17.86
6561413750.0,-17.85567
6561414687.5,-17.84967
6561415625.0,-17.84946
6561416562.5,-17.84227
6561417500.0,-17.83809
6561418437.5,-17.83571
6561419375.0,-17.83218
6561420312.5,-17.8263
6561421250.0,-17.82426
6561422187.5,-17.81888
6561423125.0,-17.81645
6561424062.5,-17.81131
6561425000.0,-17.80701
6561425937.5,-17.80196
6561426875.0,-17.79845
6561427812.5,-17.79454
6561428750.0,-17.79018
6561429687.5,-17.78691
6561430625.0,-17.7816
6561431562.5,-17.7768
6561432500.0,-17.7725
6561433437.5,-17.77131
6561434375.0,-17.76468
6561435312.5,-17.76097
6561436250.0,-17.75592
6561437187.5,-17.75413
6561438125.0,-17.74837
6561439062.5,-17.74414
6561440000.0,-17.74
6561440937.5,-17.73626
6561441875.0,-17.73202
6561442812.5,-17.72571
6561443750.0,-17.72282
6561444687.5,-17.72045
6561445625.0,-17.71575
6561446562.5,-17.71181
6561447500.0,-17.70711
6561448437.5,-17.70288
6561449375.0,-17.69956
6561450312.5,-17.69452
6561451250.0,-17.69231
6561452187.5,-17.68668
6561453125.0,-17.67958
6561454062.5,-17.67804
6561455000.0,-17.67522
6561455937.5,-17.67022
6561456875.0,-17.66384
6561457812.5,-17.6609
6561458750.0,-17.65923
6561459687.5,-17.65401
6561460625.0,-17.64923
6561461562.5,-17.64668
6561462500.0,-17.64126
6561463437.5,-17.63702
6561464375.0,-17.63304
6561465312.5,-17.62847
6561466250.0,-17.62508
6561467187.5,-17.62145
6561468125.0,-17.61793
6561469062.5,-17.61292
6561470000.0,-17.60764
6561470937.5,-17.60404
6561471875.0,-17.60137
6561472812.5,-17.59649
6561473750.0,-17.59342
6561474687.5,-17.58729
6561475625.0,-17.58375
6561476562.5,-17.58112
6561477500.0,-17.57604
6561478437.5,-17.57241
6561479375.0,-17.56795
6561480312.5,-17.56442
6561481250.0,-17.55971
6561482187.5,-17.55468
6561483125.0,-17.55137
6561484062.5,-17.54661
6561485000.0,-17.54421
6561485937.5,-17.54
6561486875.0,-17.5363
6561487812.5,-17.53178
6561488750.0,-17.52695
6561489687.5,-17.52321
6561490625.0,-17.51924
6561491562.5,-17.51567
6561492500.0,-17.51044
6561493437.5,-17.50645
6561494375.0,-17.50381
6561495312.5,-17.49802
6561496250.0,-17.49482
6561497187.5,-17.49007
6561498125.0,-17.48714
6561499062.5,-17.48303
6561500000.0,-17.47907
6561500937.5,-17.47549
6561501875.0,-17.47075
6561502812.5,-17.46807
6561503750.0,-17.46249
6561504687.5,-17.46015
6561505625.0,-17.45585
6561506562.5,-17.45115
6561507500.0,-17.44816
6561508437.5,-17.44428
6561509375.0,-17.43937
6561510312.5,-17.43391
6561511250.0,-17.4298
6561512187.5,-17.42709
6561513125.0,-17.422
6561514062.5,-17.41887
6561515000.0,-17.41457
6561515937.5,-17.41218
6561516875.0,-17.40726
6561517812.5,-17.4033
6561518750.0,-17.39833
6561519687.5,-17.39417
6561520625.0,-17.39119
6561521562.5,-17.38747
6561522500.0,-17.3822
6561523437.5,-17.38063
6561524375.0,-17.37545
6561525312.5,-17.3714
6561526250.0,-17.36635
6561527187.5,-17.3633
6561528125.0,-17.36001
6561529062.5,-17.35571
6561530000.0,-17.35023
6561530937.5,-17.34851
6561531875.0,-17.3434
6561532812.5,-17.3381
6561533750.0,-17.33596
6561534687.5,-17.33178
6561535625.0,-17.32702
6561536562.5,-17.32193
6561537500.0,-17.32018
6561538437.5,-17.31701
6561539375.0,-17.31171
6561540312.5,-17.30839
6561541250.0,-17.30445
6561542187.5,-17.29938
6561543125.0,-17.29703
6561544062.5,-17.29285
6561545000.0,-17.28737
6561545937.5,-17.28431
6561546875.0,-17.28142
6561547812.5,-17.27685
6561548750.0,-17.2732
6561549687.5,-17.27013
6561550625.0,-17.26588
6561551562.5,-17.26198
6561552500.0,-17.25856
6561553437.5,-17.25302
6561554375.0,-17.24762
6561555312.5,-17.24762
6561556250.0,-17.24193
6561557187.5,-17.23791
6561558125.0,-17.23237
6561559062.5,-17.22966
6561560000.0,-17.22707
6561560937.5,-17.22323
6561561875.0,-17.22053
6561562812.5,-17.21366
6561563750.0,-17.20783
6561564687.5,-17.20803
6561565625.0,-17.20486
6561566562.5,-17.19935
6561567500.0,-17.19487
6561568437.5,-17.18883
6561569375.0,-17.18707
6561570312.5,-17.18272
6561571250.0,-17.17911
6561572187.5,-17.17608
6561573125.0,-17.17269
6561574062.5,-17.16806
6561575000.0,-17.16302
6561575937.5,-17.15941
6561576875.0,-17.15597
6561577812.5,-17.15319
6561578750.0,-17.14839
6561579687.5,-17.14522
6561580625.0,-17.14164
6561581562.5,-17.13626
6561582500.0,-17.13334
6561583437.5,-17.13094
6561584375.0,-17.12483
6561585312.5,-17.12225
6561586250.0,-17.11795
6561587187.5,-17.11535
6561588125.0,-17.11009
6561589062.5,-17.10667
6561590000.0,-17.10186
6561590937.5,-17.0983
6561591875.0,-17.0963
6561592812.5,-17.09234
6561593750.0,-17.08669
6561594687.5,-17.08439
6561595625.0,-17.07924
6561596562.5,-17.07547
6561597500.0,-17.07291
6561598437.5,-17.06724
6561599375.0,-17.06541
6561600312.5,-17.0617
6561601250.0,-17.05727
6561602187.5,-17.05457
6561603125.0,-17.04962
6561604062.5,-17.04445
6561605000.0,-17.04375
6561605937.5,-17.03924
6561606875.0,-17.03625
6561607812.5,-17.03176
6561608750.0,-17.02699
6561609687.5,-17.02218
6561610625.0,-17.02035
6561611562.5,-17.01648
6561612500.0,-17.0129
6561613437.5,-17.00769
6561614375.0,-17.00511
6561615312.5,-17.00121
6561616250.0,-16.99647
6561617187.5,-16.99422
6561618125.0,-16.99034
6561619062.5,-16.98729
6561620000.0,-16.98383
6561620937.5,-16.98109
6561621875.0,-16.97587
6561622812.5,-16.97327
6561623750.0,-16.96731
6561624687.5,-16.96376
6561625625.0,-16.96
6561626562.5,-16.95718
6561627500.0,-16.95389
6561628437.5,-16.94934
6561629375.0,-16.9461
6561630312.5,-16.94189
6561631250.0,-16.93875
6561632187.5,-16.93492
6561633125.0,-16.93167
6561634062.5,-16.92697
6561635000.0,-16.92323
6561635937.5,-16.91956
6561636875.0,-16.91751
6561637812.5,-16.9131
6561638750.0,-16.90679
6561639687.5,-16.90637
6561640625.0,-16.90353
6561641562.5,-16.89665
6561642500.0,-16.89676
6561643437.5,-16.89215
6561644375.0,-16.88636
6561645312.5,-16.88444
6561646250.0,-16.87976
6561647187.5,-16.87738
6561648125.0,-16.8727
6561649062.5,-16.86898
6561650000.0,-16.86619
6561650937.5,-16.86319
6561651875.0,-16.8585
6561652812.5,-16.85554
6561653750.0,-16.85121
6561654687.5,-16.84768
6561655625.0,-16.84443
6561656562.5,-16.84048
6561657500.0,-16.83759
6561658437.5,-16.83278
6561659375.0,-16.83007
6561660312.5,-16.82616
6561661250.0,-16.82349
6561662187.5,-16.81793
6561663125.0,-16.81549
6561664062.5,-16.81229
6561665000.0,-16.80844
6561665937.5,-16.8054
6561666875.0,-16.80244
6561667812.5,-16.79879
6561668750.0,-16.79488
6561669687.5,-16.79055
6561670625.0,-16.78885
6561671562.5,-16.78361
6561672500.0,-16.77957
6561673437.5,-16.77692
6561674375.0,-16.77334
6561675312.5,-16.77011
6561676250.0,-16.76778
6561677187.5,-16.76268
6561678125.0,-16.76
6561679062.5,-16.75616
6561680000.0,-16.75417
6561680937.5,-16.75056
6561681875.0,-16.74465
6561682812.5,-16.74224
6561683750.0,-16.73968
6561684687.5,-16.73535
6561685625.0,-16.73095
6561686562.5,-16.72808
6561687500.0,-16.72639
6561688437.5,-16.72092
6561689375.0,-16.71765
6561690312.5,-16.71297
6561691250.0,-16.71082
6561692187.5,-16.7075
6561693125.0,-16.70477
6561694062.5,-16.70129
6561695000.0,-16.69815
6561695937.5,-16.69325
6561696875.0,-16.68937
6561697812.5,-16.6861
6561698750.0,-16.68399
6561699687.5,-16.6793
6561700625.0,-16.67574
6561701562.5,-16.67333
6561702500.0,-16.67024
6561703437.5,-16.66566
6561704375.0,-16.66263
6561705312.5,-16.65932
6561706250.0,-16.65653
6561707187.5,-16.65371
6561708125.0,-16.64981
6561709062.5,-16.6466
6561710000.0,-16.64318
6561710937.5,-16.63971
6561711875.0,-16.63631
6561712812.5,-16.63214
6561713750.0,-16.629
6561714687.5,-16.62548
6561715625.0,-16.6228
6561716562.5,-16.62047
6561717500.0,-16.61631
6561718437.5,-16.61314
6561719375.0,-16.60814
6561720312.5,-16.60521
6561721250.0,-16.60312
6561722187.5,-16.59992
6561723125.0,-16.59553
6561724062.5,-16.59396
6561725000.0,-16.59034
6561725937.5,-16.58688
6561726875.0,-16.58371
6561727812.5,-16.5813
6561728750.0,-16.57699
6561729687.5,-16.57433
6561730625.0,-16.56971
6561731562.5,-16.56676
6561732500.0,-16.56381
6561733437.5,-16.56079
6561734375.0,-16.55707
6561735312.5,-16.55363
6561736250.0,-16.55099
6561737187.5,-16.54759
6561738125.0,-16.54417
6561739062.5,-16.54278
6561740000.0,-16.53686
6561740937.5,-16.53511
6561741875.0,-16.53298
6561742812.5,-16.52827
6561743750.0,-16.52506
6561744687.5,-16.52116
6561745625.0,-16.51752
6561746562.5,-16.51613
6561747500.0,-16.51246
6561748437.5,-16.50946
6561749375.0,-16.50558
6561750312.5,-16.50245
6561751250.0,-16.50003
6561752187.5,-16.49557
6561753125.0,-16.49456
6561754062.5,-16.48948
6561755000.0,-16.48579
6561755937.5,-16.4821
6561756875.0,-16.48022
6561757812.5,-16.47783
6561758750.0,-16.47502
6561759687.5,-16.47118
6561760625.0,-16.46757
6561761562.5,-16.46469
6561762500.0,-16.46133
6561763437.5,-16.459
6561764375.0,-16.45496
6561765312.5,-16.45269
6561766250.0,-16.44865
6561767187.5,-16.44602
6561768125.0,-16.44368
6561769062.5,-16.43938
6561770000.0,-16.43814
6561770937.5,-16.43257
6561771875.0,-16.43022
6561772812.5,-16.4292
6561773750.0,-16.42545
6561774687.5,-16.42376
6561775625.0,-16.41827
6561776562.5,-16.41545
6561777500.0,-16.4134
6561778437.5,-16.40979
6561779375.0,-16.40541
6561780312.5,-16.40335
6561781250.0,-16.40068
6561782187.5,-16.39901
6561783125.0,-16.39461
6561784062.5,-16.39059
6561785000.0,-16.38759
6561785937.5,-16.38548
6561786875.0,-16.38352
6561787812.5,-16.3796
6561788750.0,-16.37564
6561789687.5,-16.37441
6561790625.0,-16.37031
6561791562.5,-16.36808
6561792500.0,-16.36415
6561793437.5,-16.36276
6561794375.0,-16.35907
6561795312.5,-16.35663
6561796250.0,-16.35303
6561797187.5,-16.35114
6561798125.0,-16.34689
6561799062.5,-16.34402
6561800000.0,-16.34114
6561800937.5,-16.33756
6561801875.0,-16.33446
6561802812.5,-16.33398
6561803750.0,-16.33032
6561804687.5,-16.32679
6561805625.0,-16.32394
6561806562.5,-16.32078
6561807500.0,-16.31822
6561808437.5,-16.31616
6561809375.0,-16.31258
6561810312.5,-16.30932
6561811250.0,-16.30762
6561812187.5,-16.30437
6561813125.0,-16.30102
6561814062.5,-16.29906
6561815000.0,-16.2964
6561815937.5,-16.29337
6561816875.0,-16.29098
6561817812.5,-16.28673
6561818750.0,-16.28505
6561819687.5,-16.28078
6561820625.0,-16.27846
6561821562.5,-16.27736
6561822500.0,-16.27324
6561823437.5,-16.27147
6561824375.0,-16.26806
6561825312.5,-16.26539
6561826250.0,-16.26248
6561827187.5,-16.2585
6561828125.0,-16.25608
6561829062.5,-16.2527
6561830000.0,-16.24976
6561830937.5,-16.24869
6561831875.0,-16.24625
6561832812.5,-16.24263
6561833750.0,-16.24009
6561834687.5,-16.23836
6561835625.0,-16.23349
6561836562.5,-16.23337
6561837500.0,-16.22877
6561838437.5,-16.22704
6561839375.0,-16.22515
6561840312.5,-16.22112
6561841250.0,-16.21817
6561842187.5,-16.21596
6561843125.0,-16.21284
6561844062.5,-16.21198
6561845000.0,-16.20722
6561845937.5,-16.20482
6561846875.0,-16.20303
6561847812.5,-16.20074
6561848750.0,-16.19744
6561849687.5,-16.19513
6561850625.0,-16.1923
6561851562.5,-16.18883
6561852500.0,-16.18782
6561853437.5,-16.18499
6561854375.0,-16.18063
6561855312.5,-16.17911
6561856250.0,-16.17746
6561857187.5,-16.17492
6561858125.0,-16.17118
6561859062.5,-16.16867
6561860000.0,-16.16526
6561860937.5,-16.1645
6561861875.0,-16.16148
6561862812.5,-16.15926
6561863750.0,-16.15637
6561864687.5,-16.15488
6561865625.0,-16.15311
6561866562.5,-16.15104
6561867500.0,-16.1472
6561868437.5,-16.14492
6561869375.0,-16.14279
6561870312.5,-16.13939
6561871250.0,-16.13732
6561872187.5,-16.13462
6561873125.0,-16.13068
6561874062.5,-16.12944
6561875000.0,-16.12692
6561875937.5,-16.12402
6561876875.0,-16.12145
6561877812.5,-16.12073
6561878750.0,-16.11748
6561879687.5,-16.11612
6561880625.0,-16.11201
6561881562.5,-16.11031
6561882500.0,-16.10744
6561883437.5,-16.10475
6561884375.0,-16.10317
6561885312.5,-16.09919
6561886250.0,-16.09764
6561887187.5,-16.09668
6561888125.0,-16.09487
6561889062.5,-16.09097
6561890000.0,-16.08878
6561890937.5,-16.08613
6561891875.0,-16.08453
6561892812.5,-16.08189
6561893750.0,-16.07866
6561894687.5,-16.0781
6561895625.0,-16.07505
6561896562.5,-16.07254
6561897500.0,-16.07023
6561898437.5,-16.0685
6561899375.0,-16.06478
6561900312.5,-16.06495
6561901250.0,-16.062
6561902187.5,-16.05842
6561903125.0,-16.05817
6561904062.5,-16.05358
6561905000.0,-16.05182
6561905937.5,-16.04951
6561906875.0,-16.04739
6561907812.5,-16.04609
6561908750.0,-16.04382
6561909687.5,-16.04009
6561910625.0,-16.03868
6561911562.5,-16.03662
6561912500.0,-16.03344
6561913437.5,-16.03222
6561914375.0,-16.02941
6561915312.5,-16.02877
6561916250.0,-16.02524
6561917187.5,-16.02382
6561918125.0,-16.02157
6561919062.5,-16.01939
6561920000.0,-16.01809
6561920937.5,-16.01483
6561921875.0,-16.01289
6561922812.5,-16.01022
6561923750.0,-16.00762
6561924687.5,-16.00606
6561925625.0,-16.00387
6561926562.5,-16.00239
6561927500.0,-16.0005
6561928437.5,-15.99923
6561929375.0,-15.99418
6561930312.5,-15.99329
6561931250.0,-15.99168
6561932187.5,-15.99081
6561933125.0,-15.98767
6561934062.5,-15.98547
6561935000.0,-15.98388
6561935937.5,-15.98211
6561936875.0,-15.97972
6561937812.5,-15.97675
6561938750.0,-15.97542
6561939687.5,-15.97446
6561940625.0,-15.9708
6561941562.5,-15.96843
6561942500.0,-15.96643
6561943437.5,-15.96665
6561944375.0,-15.96291
6561945312.5,-15.9631
6561946250.0,-15.96012
6561947187.5,-15.95794
6561948125.0,-15.95646
6561949062.5,-15.95359
6561950000.0,-15.95208
6561950937.5,-15.95048
6561951875.0,-15.9492
6561952812.5,-15.94567
6561953750.0,-15.94577
6561954687.5,-15.94483
6561955625.0,-15.94178
6561956562.5,-15.93922
6561957500.0,-15.93762
6561958437.5,-15.93619
6561959375.0,-15.93278
6561960312.5,-15.9311
6561961250.0,-15.93048
6561962187.5,-15.92735
6561963125.0,-15.92634
6561964062.5,-15.92316
6561965000.0,-15.92167
6561965937.5,-15.92134
6561966875.0,-15.91898
6561967812.5,-15.91773
6561968750.0,-15.91501
6561969687.5,-15.91228
6561970625.0,-15.91142
6561971562.5,-15.90897
6561972500.0,-15.90983
6561973437.5,-15.90657
6561974375.0,-15.90531
6561975312.5,-15.90183
6561976250.0,-15.90234
6561977187.5,-15.90147
6561978125.0,-15.89793
6561979062.5,-15.89704
6561980000.0,-15.89687
6561980937.5,-15.89524
6561981875.0,-15.89176
6561982812.5,-15.88924
6561983750.0,-15.88904
6561984687.5,-15.88716
6561985625.0,-15.88416
6561986562.5,-15.88386
6561987500.0,-15.88087
6561988437.5,-15.88113
6561989375.0,-15.87824
6561990312.5,-15.87683
6561991250.0,-15.87496
6561992187.5,-15.87435
6561993125.0,-15.87224
6561994062.5,-15.87186
6561995000.0,-15.86775
6561995937.5,-15.86759
6561996875.0,-15.86577
6561997812.5,-15.86391
6561998750.0,-15.86376
6561999687.5,-15.86127
6562000625.0,-15.86009
6562001562.5,-15.85875
6562002500.0,-15.85769
6562003437.5,-15.85599
6562004375.0,-15.85461
6562005312.5,-15.8531
6562006250.0,-15.85005
6562007187.5,-15.84991
6562008125.0,-15.84847
6562009062.5,-15.84653
6562010000.0,-15.84543
6562010937.5,-15.84399
6562011875.0,-15.84183
6562012812.5,-15.84035
6562013750.0,-15.83935
6562014687.5,-15.83908
6562015625.0,-15.83714
6562016562.5,-15.83631
6562017500.0,-15.83312
6562018437.5,-15.83195
6562019375.0,-15.8309
6562020312.5,-15.82884
6562021250.0,-15.82926
6562022187.5,-15.82706
6562023125.0,-15.82545
6562024062.5,-15.8238
6562025000.0,-15.82257
6562025937.5,-15.82012
6562026875.0,-15.81992
6562027812.5,-15.81952
6562028750.0,-15.81727
6562029687.5,-15.81559
6562030625.0,-15.81368
6562031562.5,-15.81353
6562032500.0,-15.81232
6562033437.5,-15.81107
6562034375.0,-15.81004
6562035312.5,-15.80675
6562036250.0,-15.80764
6562037187.5,-15.80645
6562038125.0,-15.80608
6562039062.5,-15.80383
6562040000.0,-15.80231
6562040937.5,-15.80134
6562041875.0,-15.79984
6562042812.5,-15.79946
6562043750.0,-15.79794
6562044687.5,-15.79639
6562045625.0,-15.79568
6562046562.5,-15.79398
6562047500.0,-15.79432
6562048437.5,-15.79212
6562049375.0,-15.79028
6562050312.5,-15.79037
6562051250.0,-15.78812
6562052187.5,-15.78756
6562053125.0,-15.78627
6562054062.5,-15.78633
6562055000.0,-15.78607
6562055937.5,-15.78351
6562056875.0,-15.78205
6562057812.5,-15.78095
6562058750.0,-15.77965
6562059687.5,-15.77978
6562060625.0,-15.77777
6562061562.5,-15.77871
6562062500.0,-15.77562
6562063437.5,-15.77423
6562064375.0,-15.77348
6562065312.5,-15.77373
6562066250.0,-15.77263
6562067187.5,-15.77255
6562068125.0,-15.7697
6562069062.5,-15.77013
6562070000.0,-15.76851
6562070937.5,-15.76777
6562071875.0,-15.76633
6562072812.5,-15.76557
6562073750.0,-15.76445
6562074687.5,-15.76459
6562075625.0,-15.76203
6562076562.5,-15.76255
6562077500.0,-15.76227
6562078437.5,-15.76032
6562079375.0,-15.75947
6562080312.5,-15.75773
6562081250.0,-15.75837
6562082187.5,-15.75682
6562083125.0,-15.75535
6562084062.5,-15.7559
6562085000.0,-15.75319
6562085937.5,-15.75448
6562086875.0,-15.7525
6562087812.5,-15.75224
6562088750.0,-15.7515
6562089687.5,-15.7518
6562090625.0,-15.75048
6562091562.5,-15.74808
6562092500.0,-15.74692
6562093437.5,-15.74757
6562094375.0,-15.7469
6562095312.5,-15.74598
6562096250.0,-15.74527
6562097187.5,-15.74524
6562098125.0,-15.74441
6562099062.5,-15.74201
6562100000.0,-15.74192
6562100937.5,-15.74117
6562101875.0,-15.74137
6562102812.5,-15.73995
6562103750.0,-15.7403
6562104687.5,-15.73907
6562105625.0,-15.7387
6562106562.5,-15.73814
6562107500.0,-15.73642
6562108437.5,-15.737
6562109375.0,-15.73622
6562110312.5,-15.73493
6562111250.0,-15.73474
6562112187.5,-15.73551
6562113125.0,-15.73468
6562114062.5,-15.73212
6562115000.0,-15.73282
6562115937.5,-15.73307
6562116875.0,-15.73168
6562117812.5,-15.73063
6562118750.0,-15.73131
6562119687.5,-15.72961
6562120625.0,-15.72916
6562121562.5,-15.72727
6562122500.0,-15.72776
6562123437.5,-15.72803
6562124375.0,-15.72865
6562125312.5,-15.72745
6562126250.0,-15.7263
6562127187.5,-15.72568
6562128125.0,-15.72534
6562129062.5,-15.72427
6562130000.0,-15.72513
6562130937.5,-15.72478
6562131875.0,-15.72283
6562132812.5,-15.72287
6562133750.0,-15.72333
6562134687.5,-15.72206
6562135625.0,-15.72178
6562136562.5,-15.72271
6562137500.0,-15.72094
6562138437.5,-15.72149
6562139375.0,-15.72074
6562140312.5,-15.72098
6562141250.0,-15.72073
6562142187.5,-15.71937
6562143125.0,-15.71977
6562144062.5,-15.71878
6562145000.0,-15.71787
6562145937.5,-15.71829
6562146875.0,-15.71825
6562147812.5,-15.71895
6562148750.0,-15.7176
6562149687.5,-15.71766
6562150625.0,-15.71592
6562151562.5,-15.71674
6562152500.0,-15.717
6562153437.5,-15.71738
6562154375.0,-15.71718
6562155312.5,-15.71624
6562156250.0,-15.71797
6562157187.5,-15.71661
6562158125.0,-15.71555
6562159062.5,-15.71517
6562160000.0,-15.71537
6562160937.5,-15.71416
6562161875.0,-15.71414
6562162812.5,-15.71458
6562163750.0,-15.71427
6562164687.5,-15.71403
6562165625.0,-15.71473
6562166562.5,-15.71276
6562167500.0,-15.71456
6562168437.5,-15.71447
6562169375.0,-15.71483
6562170312.5,-15.71461
6562171250.0,-15.71375
6562172187.5,-15.71307
6562173125.0,-15.71415
6562174062.5,-15.71273
6562175000.0,-15.71394
6562175937.5,-15.7136
6562176875.0,-15.71193
6562177812.5,-15.71323
6562178750.0,-15.71459
6562179687.5,-15.71359
6562180625.0,-15.71449
6562181562.5,-15.71393
6562182500.0,-15.71305
6562183437.5,-15.71461
6562184375.0,-15.71344
6562185312.5,-15.71355
6562186250.0,-15.71377
6562187187.5,-15.7144
6562188125.0,-15.71272
6562189062.5,-15.71425
6562190000.0,-15.71376
6562190937.5,-15.71443
6562191875.0,-15.71577
6562192812.5,-15.71539
6562193750.0,-15.71443
6562194687.5,-15.71448
6562195625.0,-15.71529
6562196562.5,-15.71608
6562197500.0,-15.71524
6562198437.5,-15.71451
6562199375.0,-15.71569
6562200312.5,-15.71631
6562201250.0,-15.71616
6562202187.5,-15.7162
6562203125.0,-15.71523
6562204062.5,-15.71684
6562205000.0,-15.71675
6562205937.5,-15.71622
6562206875.0,-15.71684
6562207812.5,-15.71707
6562208750.0,-15.71832
6562209687.5,-15.71855
6562210625.0,-15.71776
6562211562.5,-15.71793
6562212500.0,-15.71914
6562213437.5,-15.71848
6562214375.0,-15.72018
6562215312.5,-15.71898
6562216250.0,-15.72105
6562217187.5,-15.72052
6562218125.0,-15.72189
6562219062.5,-15.72094
6562220000.0,-15.72214
6562220937.5,-15.72253
6562221875.0,-15.7222
6562222812.5,-15.72412
6562223750.0,-15.72301
6562224687.5,-15.72429
6562225625.0,-15.72368
6562226562.5,-15.72372
6562227500.0,-15.72441
6562228437.5,-15.72448
6562229375.0,-15.72701
6562230312.5,-15.72621
6562231250.0,-15.72782
6562232187.5,-15.72785
6562233125.0,-15.7282
6562234062.5,-15.72868
6562235000.0,-15.7299
6562235937.5,-15.73
6562236875.0,-15.73002
6562237812.5,-15.7293
6562238750.0,-15.73026
6562239687.5,-15.73209
6562240625.0,-15.7313
6562241562.5,-15.7324
6562242500.0,-15.73352
6562243437.5,-15.73389
6562244375.0,-15.73365
6562245312.5,-15.73527
6562246250.0,-15.736
6562247187.5,-15.73591
6562248125.0,-15.73621
6562249062.5,-15.73901
6562250000.0,-15.73813
6562250937.5,-15.73795
6562251875.0,-15.73937
6562252812.5,-15.73936
6562253750.0,-15.74014
6562254687.5,-15.74044
6562255625.0,-15.74219
6562256562.5,-15.74268
6562257500.0,-15.74272
6562258437.5,-15.7444
6562259375.0,-15.74396
6562260312.5,-15.7457
6562261250.0,-15.74687
6562262187.5,-15.74632
6562263125.0,-15.74766
6562264062.5,-15.74753
6562265000.0,-15.74934
6562265937.5,-15.74847
6562266875.0,-15.75139
6562267812.5,-15.7514
6562268750.0,-15.75219
6562269687.5,-15.75355
6562270625.0,-15.75394
6562271562.5,-15.75402
6562272500.0,-15.75495
6562273437.5,-15.75682
6562274375.0,-15.75843
6562275312.5,-15.75792
6562276250.0,-15.75836
6562277187.5,-15.76013
6562278125.0,-15.76067
6562279062.5,-15.76105
6562280000.0,-15.76136
6562280937.5,-15.76333
6562281875.0,-15.7638
6562282812.5,-15.76498
6562283750.0,-15.76667
6562284687.5,-15.76658
6562285625.0,-15.76779
6562286562.5,-15.76884
6562287500.0,-15.76931
6562288437.5,-15.77127
6562289375.0,-15.77266
6562290312.5,-15.77208
6562291250.0,-15.77382
6562292187.5,-15.77428
6562293125.0,-15.77495
6562294062.5,-15.77672
6562295000.0,-15.77686
6562295937.5,-15.7778
6562296875.0,-15.77881
6562297812.5,-15.78202
6562298750.0,-15.78281
6562299687.5,-15.78256
6562300625.0,-15.78326
6562301562.5,-15.78426
6562302500.0,-15.78531
6562303437.5,-15.788
6562304375.0,-15.78781
6562305312.5,-15.78886
6562306250.0,-15.79013
6562307187.5,-15.79035
6562308125.0,-15.79289
6562309062.5,-15.79412
6562310000.0,-15.79393
6562310937.5,-15.7956
6562311875.0,-15.79879
6562312812.5,-15.79833
6562313750.0,-15.7992
6562314687.5,-15.8006
6562315625.0,-15.80171
6562316562.5,-15.80178
6562317500.0,-15.80355
6562318437.5,-15.80499
6562319375.0,-15.80615
6562320312.5,-15.80831
6562321250.0,-15.80958
6562322187.5,-15.81069
6562323125.0,-15.81161
6562324062.5,-15.81313
6562325000.0,-15.81383
6562325937.5,-15.81648
6562326875.0,-15.81508
6562327812.5,-15.81826
6562328750.0,-15.81976
6562329687.5,-15.82133
6562330625.0,-15.82177
6562331562.5,-15.82407
6562332500.0,-15.82534
6562333437.5,-15.82648
6562334375.0,-15.82744
6562335312.5,-15.8293
6562336250.0,-15.82917
6562337187.5,-15.83117
6562338125.0,-15.83288
6562339062.5,-15.83397
6562340000.0,-15.83616
6562340937.5,-15.83711
6562341875.0,-15.83844
6562342812.5,-15.83987
6562343750.0,-15.8406
6562344687.5,-15.84235
6562345625.0,-15.8449
6562346562.5,-15.84521
6562347500.0,-15.84653
6562348437.5,-15.8487
6562349375.0,-15.84808
6562350312.5,-15.85085
6562351250.0,-15.85196
6562352187.5,-15.85437
6562353125.0,-15.85606
6562354062.5,-15.8566
6562355000.0,-15.85885
6562355937.5,-15.85953
6562356875.0,-15.86122
6562357812.5,-15.86217
6562358750.0,-15.86435
6562359687.5,-15.86609
6562360625.0,-15.86771
6562361562.5,-15.86833
6562362500.0,-15.86975
6562363437.5,-15.87142
6562364375.0,-15.87385
6562365312.5,-15.87639
6562366250.0,-15.87693
6562367187.5,-15.87933
6562368125.0,-15.87974
6562369062.5,-15.88169
6562370000.0,-15.88419
6562370937.5,-15.88537
6562371875.0,-15.8858
6562372812.5,-15.8887
6562373750.0,-15.89014
6562374687.5,-15.89
6562375625.0,-15.89209
6562376562.5,-15.89334
6562377500.0,-15.89589
6562378437.5,-15.89865
6562379375.0,-15.90011
6562380312.5,-15.90155
6562381250.0,-15.90387
6562382187.5,-15.90487
6562383125.0,-15.9053
6562384062.5,-15.90722
6562385000.0,-15.91052
6562385937.5,-15.91288
6562386875.0,-15.91271
6562387812.5,-15.91493
6562388750.0,-15.91681
6562389687.5,-15.91886
6562390625.0,-15.92068
6562391562.5,-15.92167
6562392500.0,-15.92408
6562393437.5,-15.92657
6562394375.0,-15.92911
6562395312.5,-15.92908
6562396250.0,-15.93205
6562397187.5,-15.93252
6562398125.0,-15.93554
6562399062.5,-15.93652
6562400000.0,-15.9391
6562400937.5,-15.94112
6562401875.0,-15.94207
6562402812.5,-15.94484
6562403750.0,-15.94631
6562404687.5,-15.94715
6562405625.0,-15.95008
6562406562.5,-15.95083
6562407500.0,-15.95459
6562408437.5,-15.95564
6562409375.0,-15.95733
6562410312.5,-15.95941
6562411250.0,-15.96266
6562412187.5,-15.96317
6562413125.0,-15.96638
6562414062.5,-15.96686
6562415000.0,-15.96899
6562415937.5,-15.97123
6562416875.0,-15.97406
6562417812.5,-15.97491
6562418750.0,-15.97622
6562419687.5,-15.98013
6562420625.0,-15.98116
6562421562.5,-15.98393
6562422500.0,-15.98571
6562423437.5,-15.98669
6562424375.0,-15.98882
6562425312.5,-15.99155
6562426250.0,-15.99227
6562427187.5,-15.9964
6562428125.0,-15.99697
6562429062.5,-15.99876
6562430000.0,-16.00148
6562430937.5,-16.00444
6562431875.0,-16.00563
6562432812.5,-16.00709
6562433750.0,-16.01052
6562434687.5,-16.01136
6562435625.0,-16.01392
6562436562.5,-16.01548
6562437500.0,-16.01796
6562438437.5,-16.01982
6562439375.0,-16.02413
6562440312.5,-16.02353
6562441250.0,-16.02739
6562442187.5,-16.02953
6562443125.0,-16.03158
6562444062.5,-16.03393
6562445000.0,-16.03594
6562445937.5,-16.03855
6562446875.0,-16.04077
6562447812.5,-16.04215
6562448750.0,-16.04322
6562449687.5,-16.04473
6562450625.0,-16.04922
6562451562.5,-16.05237
6562452500.0,-16.05295
6562453437.5,-16.05609
6562454375.0,-16.05709
6562455312.5,-16.0602
6562456250.0,-16.06166
6562457187.5,-16.06564
6562458125.0,-16.06676
6562459062.5,-16.0686
6562460000.0,-16.07201
6562460937.5,-16.07394
6562461875.0,-16.0754
6562462812.5,-16.07776
6562463750.0,-16.07987
6562464687.5,-16.08274
6562465625.0,-16.08555
6562466562.5,-16.08853
6562467500.0,-16.0889
6562468437.5,-16.09092
6562469375.0,-16.09452
6562470312.5,-16.09561
6562471250.0,-16.09884
6562472187.5,-16.10217
6562473125.0,-16.10326
6562474062.5,-16.10597
6562475000.0,-16.10852
6562475937.5,-16.111
6562476875.0,-16.11361
6562477812.5,-16.11613
6562478750.0,-16.11838
6562479687.5,-16.11896
6562480625.0,-16.12155
6562481562.5,-16.12477
6562482500.0,-16.12778
6562483437.5,-16.1309
6562484375.0,-16.13278
6562485312.5,-16.13415
6562486250.0,-16.13819
6562487187.5,-16.14278
6562488125.0,-16.14364
6562489062.5,-16.14519
6562490000.0,-16.1475
6562490937.5,-16.15085
6562491875.0,-16.15147
6562492812.5,-16.15524
6562493750.0,-16.1564
6562494687.5,-16.16044
6562495625.0,-16.16296
6562496562.5,-16.16558
6562497500.0,-16.16809
6562498437.5,-16.16813
6562499375.0,-16.17235
6562500312.5,-16.17496
6562501250.0,-16.17837
6562502187.5,-16.17955
6562503125.0,-16.18456
6562504062.5,-16.18437
6562505000.0,-16.18697
6562505937.5,-16.18988
6562506875.0,-16.19245
6562507812.5,-16.19544
6562508750.0,-16.19854
6562509687.5,-16.20147
6562510625.0,-16.20321
6562511562.5,-16.20471
6562512500.0,-16.20892
6562513437.5,-16.21162
6562514375.0,-16.21549
6562515312.5,-16.21767
6562516250.0,-16.21889
6562517187.5,-16.22224
6562518125.0,-16.2251
6562519062.5,-16.22835
6562520000.0,-16.22948
6562520937.5,-16.23291
6562521875.0,-16.23504
6562522812.5,-16.23726
6562523750.0,-16.2424
6562524687.5,-16.24274
6562525625.0,-16.24537
6562526562.5,-16.24861
6562527500.0,-16.2523
6562528437.5,-16.25487
6562529375.0,-16.25717
6562530312.5,-16.25815
6562531250.0,-16.26216
6562532187.5,-16.26506
6562533125.0,-16.26795
6562534062.5,-16.27007
6562535000.0,-16.27313
6562535937.5,-16.27663
6562536875.0,-16.27961
6562537812.5,-16.28252
6562538750.0,-16.28351
6562539687.5,-16.28711
6562540625.0,-16.2889
6562541562.5,-16.29214
6562542500.0,-16.29449
6562543437.5,-16.29841
6562544375.0,-16.30144
6562545312.5,-16.30473
6562546250.0,-16.30582
6562547187.5,-16.30997
6562548125.0,-16.31284
6562549062.5,-16.31501
6562550000.0,-16.31883
6562550937.5,-16.32052
6562551875.0,-16.32329
6562552812.5,-16.32619
6562553750.0,-16.32942
6562554687.5,-16.332
6562555625.0,-16.33557
6562556562.5,-16.33807
6562557500.0,-16.34144
6562558437.5,-16.3441
6562559375.0,-16.34813
6562560312.5,-16.35035
6562561250.0,-16.35282
6562562187.5,-16.35606
6562563125.0,-16.35753
6562564062.5,-16.36054
6562565000.0,-16.36475
6562565937.5,-16.36828
6562566875.0,-16.37074
6562567812.5,-16.37288
6562568750.0,-16.37601
6562569687.5,-16.37962
6562570625.0,-16.38198
6562571562.5,-16.38562
6562572500.0,-16.38764
6562573437.5,-16.39033
6562574375.0,-16.39412
6562575312.5,-16.39721
6562576250.0,-16.40149
6562577187.5,-16.40287
6562578125.0,-16.40553
6562579062.5,-16.40851
6562580000.0,-16.41283
6562580937.5,-16.41463
6562581875.0,-16.41729
6562582812.5,-16.41974
6562583750.0,-16.42396
6562584687.5,-16.42694
6562585625.0,-16.42925
6562586562.5,-16.43153
6562587500.0,-16.43549
6562588437.5,-16.43831
6562589375.0,-16.44177
6562590312.5,-16.44341
6562591250.0,-16.44803
6562592187.5,-16.45184
6562593125.0,-16.45385
6562594062.5,-16.45691
6562595000.0,-16.45909
6562595937.5,-16.46363
6562596875.0,-16.46632
6562597812.5,-16.46985
6562598750.0,-16.47278
6562599687.5,-16.47585
6562600625.0,-16.47834
6562601562.5,-16.48129
6562602500.0,-16.48668
6562603437.5,-16.48795
6562604375.0,-16.49145
6562605312.5,-16.49489
6562606250.0,-16.49713
6562607187.5,-16.50007
6562608125.0,-16.50304
6562609062.5,-16.50671
6562610000.0,-16.50963
6562610937.5,-16.51327
6562611875.0,-16.51603
6562612812.5,-16.5196
6562613750.0,-16.52284
6562614687.5,-16.52595
6562615625.0,-16.52809
6562616562.5,-16.53126
6562617500.0,-16.53414
6562618437.5,-16.53717
6562619375.0,-16.54143
6562620312.5,-16.54518
6562621250.0,-16.54792
6562622187.5,-16.54996
6562623125.0,-16.555
6562624062.5,-16.55756
6562625000.0,-16.56078
6562625937.5,-16.565
6562626875.0,-16.56624
6562627812.5,-16.57038
6562628750.0,-16.57489
6562629687.5,-16.57818
6562630625.0,-16.57978
6562631562.5,-16.58373
6562632500.0,-16.58699
6562633437.5,-16.58956
6562634375.0,-16.59204
6562635312.5,-16.59773
6562636250.0,-16.60077
6562637187.5,-16.60423
6562638125.0,-16.60722
6562639062.5,-16.60993
6562640000.0,-16.61297
6562640937.5,-16.6168
6562641875.0,-16.6202
6562642812.5,-16.62308
6562643750.0,-16.62649
6562644687.5,-16.63149
6562645625.0,-16.63272
6562646562.5,-16.63631
6562647500.0,-16.64045
6562648437.5,-16.64059
6562649375.0,-16.64668
6562650312.5,-16.64944
6562651250.0,-16.65325
6562652187.5,-16.6557
6562653125.0,-16.65919
6562654062.5,-16.66096
6562655000.0,-16.66676
6562655937.5,-16.66929
6562656875.0,-16.67294
6562657812.5,-16.67786
6562658750.0,-16.67975
6562659687.5,-16.68303
6562660625.0,-16.68626
6562661562.5,-16.68896
6562662500.0,-16.69354
6562663437.5,-16.69692
6562664375.0,-16.69939
6562665312.5,-16.70266
6562666250.0,-16.70596
6562667187.5,-16.70969
6562668125.0,-16.71464
6562669062.5,-16.71517
6562670000.0,-16.72003
6562670937.5,-16.7229
6562671875.0,-16.72709
6562672812.5,-16.73011
6562673750.0,-16.73302
6562674687.5,-16.73718
6562675625.0,-16.73988
6562676562.5,-16.74473
6562677500.0,-16.74715
6562678437.5,-16.75138
6562679375.0,-16.75254
6562680312.5,-16.75756
6562681250.0,-16.76101
6562682187.5,-16.76489
6562683125.0,-16.76833
6562684062.5,-16.77352
6562685000.0,-16.77426
6562685937.5,-16.77852
6562686875.0,-16.78283
6562687812.5,-16.78687
6562688750.0,-16.78908
6562689687.5,-16.79286
6562690625.0,-16.79636
6562691562.5,-16.80018
6562692500.0,-16.80348
6562693437.5,-16.80689
6562694375.0,-16.80941
6562695312.5,-16.81376
6562696250.0,-16.81666
6562697187.5,-16.8203
6562698125.0,-16.82455
6562699062.5,-16.82772
6562700000.0,-16.83125
6562700937.5,-16.83459
6562701875.0,-16.83765
6562702812.5,-16.84194
6562703750.0,-16.84675
6562704687.5,-16.85015
6562705625.0,-16.8541
6562706562.5,-16.85536
6562707500.0,-16.86016
6562708437.5,-16.8649
6562709375.0,-16.86699
6562710312.5,-16.87187
6562711250.0,-16.87457
6562712187.5,-16.87709
6562713125.0,-16.88081
6562714062.5,-16.88504
6562715000.0,-16.88813
6562715937.5,-16.89326
6562716875.0,-16.89562
6562717812.5,-16.89834
6562718750.0,-16.90305
6562719687.5,-16.90605
6562720625.0,-16.91043
6562721562.5,-16.91322
6562722500.0,-16.91723
6562723437.5,-16.92188
6562724375.0,-16.92526
6562725312.5,-16.92806
6562726250.0,-16.93155
6562727187.5,-16.93503
6562728125.0,-16.93912
6562729062.5,-16.94139
6562730000.0,-16.94567
6562730937.5,-16.95039
6562731875.0,-16.95408
6562732812.5,-16.9576
6562733750.0,-16.96175
6562734687.5,-16.96373
6562735625.0,-16.9676
6562736562.5,-16.97239
6562737500.0,-16.9768
6562738437.5,-16.97945
6562739375.0,-16.98209
6562740312.5,-16.98588
6562741250.0,-16.98987
6562742187.5,-16.99289
6562743125.0,-16.99761
6562744062.5,-17.0009
6562745000.0,-17.00401
6562745937.5,-17.00871
6562746875.0,-17.01143
6562747812.5,-17.01406
6562748750.0,-17.01901
6562749687.5,-17.02191
6562750625.0,-17.02649
6562751562.5,-17.03045
6562752500.0,-17.03395
6562753437.5,-17.03752
6562754375.0,-17.04217
6562755312.5,-17.04504
6562756250.0,-17.04846
6562757187.5,-17.05313
6562758125.0,-17.05654
6562759062.5,-17.05976
6562760000.0,-17.06387
6562760937.5,-17.06702
6562761875.0,-17.07099
6562762812.5,-17.07526
6562763750.0,-17.07904
6562764687.5,-17.08258
6562765625.0,-17.0879
6562766562.5,-17.0906
6562767500.0,-17.09358
6562768437.5,-17.09804
6562769375.0,-17.10182
6562770312.5,-17.104
6562771250.0,-17.10965
6562772187.5,-17.11282
6562773125.0,-17.1175
6562774062.5,-17.12029
6562775000.0,-17.1234
6562775937.5,-17.12802
6562776875.0,-17.13221
6562777812.5,-17.1365
6562778750.0,-17.13932
6562779687.5,-17.14269
6562780625.0,-17.14778
6562781562.5,-17.14997
6562782500.0,-17.15516
6562783437.5,-17.15976
6562784375.0,-17.16384
6562785312.5,-17.16572
6562786250.0,-17.17041
6562787187.5,-17.17345
6562788125.0,-17.17634
6562789062.5,-17.18038
6562790000.0,-17.18597
6562790937.5,-17.19034
6562791875.0,-17.19233
6562792812.5,-17.19461
6562793750.0,-17.20137
6562794687.5,-17.20271
6562795625.0,-17.20824
6562796562.5,-17.21079
6562797500.0,-17.2156
6562798437.5,-17.21955
6562799375.0,-17.22273
6562800312.5,-17.22688
6562801250.0,-17.23038
6562802187.5,-17.23456
6562803125.0,-17.23787
6562804062.5,-17.24315
6562805000.0,-17.24631
6562805937.5,-17.25026
6562806875.0,-17.25249
6562807812.5,-17.25826
6562808750.0,-17.26066
6562809687.5,-17.26598
6562810625.0,-17.27069
6562811562.5,-17.2745
6562812500.0,-17.27679
6562813437.5,-17.28012
6562814375.0,-17.28574
6562815312.5,-17.28937
6562816250.0,-17.28982
6562817187.5,-17.2964
6562818125.0,-17.30051
6562819062.5,-17.305
6562820000.0,-17.30816
6562820937.5,-17.31234
6562821875.0,-17.31627
6562822812.5,-17.32094
6562823750.0,-17.32424
6562824687.5,-17.32816
6562825625.0,-17.33227
6562826562.5,-17.3357
6562827500.0,-17.33807
6562828437.5,-17.34383
6562829375.0,-17.34689
6562830312.5,-17.34961
6562831250.0,-17.35501
6562832187.5,-17.35847
6562833125.0,-17.36348
6562834062.5,-17.36753
6562835000.0,-17.36973
6562835937.5,-17.37579
6562836875.0,-17.37869
6562837812.5,-17.38396
6562838750.0,-17.38577
6562839687.5,-17.39066
6562840625.0,-17.39454
6562841562.5,-17.3979
6562842500.0,-17.40113
6562843437.5,-17.40523
6562844375.0,-17.40984
6562845312.5,-17.41457
6562846250.0,-17.41676
6562847187.5,-17.42255
6562848125.0,-17.42541
6562849062.5,-17.42991
6562850000.0,-17.43336
6562850937.5,-17.43876
6562851875.0,-17.44236
6562852812.5,-17.44648
6562853750.0,-17.45073
6562854687.5,-17.4532
6562855625.0,-17.45817
6562856562.5,-17.46247
6562857500.0,-17.46296
6562858437.5,-17.46985
6562859375.0,-17.47461
6562860312.5,-17.47754
6562861250.0,-17.48175
6562862187.5,-17.48517
6562863125.0,-17.48986
6562864062.5,-17.49186
6562865000.0,-17.49813
6562865937.5,-17.50099
6562866875.0,-17.50481
6562867812.5,-17.50797
6562868750.0,-17.51154
6562869687.5,-17.51803
6562870625.0,-17.52007
6562871562.5,-17.52485
6562872500.0,-17.52893
6562873437.5,-17.53263
6562874375.0,-17.53729
6562875312.5,-17.54254
6562876250.0,-17.54561
6562877187.5,-17.55042
6562878125.0,-17.5546
6562879062.5,-17.55515
6562880000.0,-17.56046
6562880937.5,-17.56662
6562881875.0,-17.5675
6562882812.5,-17.57263
6562883750.0,-17.57822
6562884687.5,-17.58023
6562885625.0,-17.58618
6562886562.5,-17.59018
6562887500.0,-17.59234
6562888437.5,-17.59878
6562889375.0,-17.60122
6562890312.5,-17.60492
6562891250.0,-17.60749
6562892187.5,-17.61313
6562893125.0,-17.61728
6562894062.5,-17.6216
6562895000.0,-17.6248
6562895937.5,-17.62934
6562896875.0,-17.63278
6562897812.5,-17.63664
6562898750.0,-17.64107
6562899687.5,-17.64513
6562900625.0,-17.64837
6562901562.5,-17.65239
6562902500.0,-17.65775
6562903437.5,-17.6606
6562904375.0,-17.66514
6562905312.5,-17.66986
6562906250.0,-17.67333
6562907187.5,-17.67868
6562908125.0,-17.68194
6562909062.5,-17.6841
6562910000.0,-17.69118
6562910937.5,-17.69383
6562911875.0,-17.69854
6562912812.5,-17.70241
6562913750.0,-17.70586
6562914687.5,-17.70928
6562915625.0,-17.71468
6562916562.5,-17.71798
6562917500.0,-17.72188
6562918437.5,-17.72769
6562919375.0,-17.73007
6562920312.5,-17.73357
6562921250.0,-17.73927
6562922187.5,-17.74332
6562923125.0,-17.74698
6562924062.5,-17.75076
6562925000.0,-17.75539
6562925937.5,-17.75881
6562926875.0,-17.76233
6562927812.5,-17.76663
6562928750.0,-17.76975
6562929687.5,-17.77298
6562930625.0,-17.77927
6562931562.5,-17.7831
6562932500.0,-17.78751
6562933437.5,-17.79134
6562934375.0,-17.79608
6562935312.5,-17.80004
6562936250.0,-17.80389
6562937187.5,-17.80827
6562938125.0,-17.81188
6562939062.5,-17.81545
6562940000.0,-17.82145
6562940937.5,-17.82621
6562941875.0,-17.82747
6562942812.5,-17.83437
6562943750.0,-17.83608
6562944687.5,-17.84142
6562945625.0,-17.84561
6562946562.5,-17.84864
6562947500.0,-17.85404
6562948437.5,-17.85773
6562949375.0,-17.86006
6562950312.5,-17.86549
6562951250.0,-17.87138
6562952187.5,-17.87357
6562953125.0,-17.87858
6562954062.5,-17.88342
6562955000.0,-17.88521
6562955937.5,-17.89049
6562956875.0,-17.8923
6562957812.5,-17.8975
6562958750.0,-17.9039
6562959687.5,-17.9072
6562960625.0,-17.91064
6562961562.5,-17.91568
6562962500.0,-17.91976
6562963437.5,-17.92283
6562964375.0,-17.92691
6562965312.5,-17.93024
6562966250.0,-17.9352
6562967187.5,-17.93839
6562968125.0,-17.94322
6562969062.5,-17.94916
6562970000.0,-17.9524
6562970937.5,-17.9558
6562971875.0,-17.95962
6562972812.5,-17.96337
6562973750.0,-17.97
6562974687.5,-17.97269
6562975625.0,-17.97724
6562976562.5,-17.98139
6562977500.0,-17.98649
6562978437.5,-17.99016
6562979375.0,-17.99238
6562980312.5,-17.99731
6562981250.0,-18.00127
6562982187.5,-18.00502
6562983125.0,-18.01041
6562984062.5,-18.01376
6562985000.0,-18.01719
6562985937.5,-18.02155
6562986875.0,-18.02555
6562987812.5,-18.02912
6562988750.0,-18.03406
6562989687.5,-18.03873
6562990625.0,-18.04241
6562991562.5,-18.04823
6562992500.0,-18.05229
6562993437.5,-18.05617
6562994375.0,-18.06087
6562995312.5,-18.0633
6562996250.0,-18.06717
6562997187.5,-18.07203
6562998125.0,-18.07537
6562999062.5,-18.08066
6563000000.0,-18.08414
6563000937.5,-18.08808
6563001875.0,-18.0924
6563002812.5,-18.09628
6563003750.0,-18.10081
6563004687.5,-18.10633
6563005625.0,-18.10903
6563006562.5,-18.11434
6563007500.0,-18.11871
6563008437.5,-18.12277
6563009375.0,-18.12476
6563010312.5,-18.13115
6563011250.0,-18.13469
6563012187.5,-18.13943
6563013125.0,-18.14309
6563014062.5,-18.1476
6563015000.0,-18.15225
6563015937.5,-18.15589
6563016875.0,-18.15855
6563017812.5,-18.16182
6563018750.0,-18.1684
6563019687.5,-18.17068
6563020625.0,-18.17573
6563021562.5,-18.17966
6563022500.0,-18.1839
6563023437.5,-18.18902
6563024375.0,-18.19204
6563025312.5,-18.1976
6563026250.0,-18.20256
6563027187.5,-18.20401
6563028125.0,-18.20936
6563029062.5,-18.21448
6563030000.0,-18.21767
6563030937.5,-18.22153
6563031875.0,-18.22534
6563032812.5,-18.23089
6563033750.0,-18.23407
6563034687.5,-18.23844
6563035625.0,-18.24375
6563036562.5,-18.24595
6563037500.0,-18.25132
6563038437.5,-18.25497
6563039375.0,-18.26005
6563040312.5,-18.26342
6563041250.0,-18.26762
6563042187.5,-18.27274
6563043125.0,-18.27481
6563044062.5,-18.28033
6563045000.0,-18.28542
6563045937.5,-18.28985
6563046875.0,-18.29366
6563047812.5,-18.29691
6563048750.0,-18.3002
6563049687.5,-18.30392
6563050625.0,-18.30869
6563051562.5,-18.31514
6563052500.0,-18.31746
6563053437.5,-18.32306
6563054375.0,-18.32605
6563055312.5,-18.3303
6563056250.0,-18.33429
6563057187.5,-18.33812
6563058125.0,-18.34295
6563059062.5,-18.34743
6563060000.0,-18.34969
6563060937.5,-18.3542
6563061875.0,-18.35955
6563062812.5,-18.36265
6563063750.0,-18.36916
6563064687.5,-18.37105
6563065625.0,-18.37732
6563066562.5,-18.38095
6563067500.0,-18.38489
6563068437.5,-18.38908
6563069375.0,-18.39339
6563070312.5,-18.39748
6563071250.0,-18.4011
6563072187.5,-18.40593
6563073125.0,-18.40817
6563074062.5,-18.41461
6563075000.0,-18.41763
6563075937.5,-18.42275
6563076875.0,-18.4263
6563077812.5,-18.43036
6563078750.0,-18.43476
6563079687.5,-18.43751
6563080625.0,-18.44171
6563081562.5,-18.44714
6563082500.0,-18.45218
6563083437.5,-18.45624
6563084375.0,-18.46045
6563085312.5,-18.46429
6563086250.0,-18.46706
6563087187.5,-18.47168
6563088125.0,-18.47643
6563089062.5,-18.48134
6563090000.0,-18.48539
6563090937.5,-18.4888
6563091875.0,-18.4938
6563092812.5,-18.4968
6563093750.0,-18.50117
6563094687.5,-18.50621
6563095625.0,-18.50935
6563096562.5,-18.5147
6563097500.0,-18.5187
6563098437.5,-18.52437
6563099375.0,-18.52711
6563100312.5,-18.53171
6563101250.0,-18.53641
6563102187.5,-18.54047
6563103125.0,-18.54485
6563104062.5,-18.54759
6563105000.0,-18.55354
6563105937.5,-18.55453
6563106875.0,-18.56071
6563107812.5,-18.5646
6563108750.0,-18.5689
6563109687.5,-18.57355
6563110625.0,-18.57636
6563111562.5,-18.58221
6563112500.0,-18.58593
6563113437.5,-18.59073
6563114375.0,-18.59483
6563115312.5,-18.59725
6563116250.0,-18.6014
6563117187.5,-18.60674
6563118125.0,-18.61185
6563119062.5,-18.61645
6563120000.0,-18.61981
6563120937.5,-18.62387
6563121875.0,-18.62914
6563122812.5,-18.63139
6563123750.0,-18.63511
6563124687.5,-18.63951
6563125625.0,-18.64488
6563126562.5,-18.64883
6563127500.0,-18.65117
6563128437.5,-18.65701
6563129375.0,-18.65995
6563130312.5,-18.66626
6563131250.0,-18.67118
6563132187.5,-18.67522
6563133125.0,-18.68019
6563134062.5,-18.68224
6563135000.0,-18.68646
6563135937.5,-18.69205
6563136875.0,-18.69699
6563137812.5,-18.6989
6563138750.0,-18.70396
6563139687.5,-18.70789
6563140625.0,-18.71268
6563141562.5,-18.71638
6563142500.0,-18.71949
6563143437.5,-18.72392
6563144375.0,-18.72889
6563145312.5,-18.73422
6563146250.0,-18.73668
6563147187.5,-18.74184
6563148125.0,-18.74645
6563149062.5,-18.74896
6563150000.0,-18.75373
6563150937.5,-18.75686
6563151875.0,-18.76311
6563152812.5,-18.76593
6563153750.0,-18.76953
6563154687.5,-18.77529
6563155625.0,-18.77923
6563156562.5,-18.78235
6563157500.0,-18.78905
6563158437.5,-18.79368
6563159375.0,-18.79617
6563160312.5,-18.80026
6563161250.0,-18.80495
6563162187.5,-18.80624
6563163125.0,-18.81139
6563164062.5,-18.81634
6563165000.0,-18.82116
6563165937.5,-18.82486
6563166875.0,-18.83091
6563167812.5,-18.83472
6563168750.0,-18.83716
6563169687.5,-18.84457
6563170625.0,-18.8476
6563171562.5,-18.85216
6563172500.0,-18.8553
6563173437.5,-18.85894
6563174375.0,-18.86443
6563175312.5,-18.86808
6563176250.0,-18.87139
6563177187.5,-18.87453
6563178125.0,-18.87954
6563179062.5,-18.88237
6563180000.0,-18.88852
6563180937.5,-18.89213
6563181875.0,-18.89781
6563182812.5,-18.90171
6563183750.0,-18.90553
6563184687.5,-18.91035
6563185625.0,-18.91276
6563186562.5,-18.91698
6563187500.0,-18.92315
6563188437.5,-18.9257
6563189375.0,-18.93005
6563190312.5,-18.93326
6563191250.0,-18.93897
6563192187.5,-18.94342
6563193125.0,-18.94827
6563194062.5,-18.94937
6563195000.0,-18.95517
6563195937.5,-18.95955
6563196875.0,-18.96574
6563197812.5,-18.9678
6563198750.0,-18.97207
6563199687.5,-18.97603
6563200625.0,-18.98092
6563201562.5,-18.98293
6563202500.0,-18.99006
6563203437.5,-18.99322
6563204375.0,-18.9995
6563205312.5,-19.00186
6563206250.0,-19.00537
6563207187.5,-19.00875
6563208125.0,-19.01209
6563209062.5,-19.01593
6563210000.0,-19.02271
6563210937.5,-19.02602
6563211875.0,-19.03036
6563212812.5,-19.03376
6563213750.0,-19.03923
6563214687.5,-19.04233
6563215625.0,-19.04653
6563216562.5,-19.05169
6563217500.0,-19.05639
6563218437.5,-19.06085
6563219375.0,-19.06373
6563220312.5,-19.06851
6563221250.0,-19.07283
6563222187.5,-19.07667
6563223125.0,-19.08202
6563224062.5,-19.08589
6563225000.0,-19.08916
6563225937.5,-19.09458
6563226875.0,-19.09848
6563227812.5,-19.10245
6563228750.0,-19.10456
6563229687.5,-19.11044
6563230625.0,-19.11487
6563231562.5,-19.11689
6563232500.0,-19.12046
6563233437.5,-19.12706
6563234375.0,-19.13038
6563235312.5,-19.13402
6563236250.0,-19.13927
6563237187.5,-19.14419
6563238125.0,-19.14676
6563239062.5,-19.15247
6563240000.0,-19.15468
6563240937.5,-19.16086
6563241875.0,-19.16574
6563242812.5,-19.16729
6563243750.0,-19.17137
6563244687.5,-19.17648
6563245625.0,-19.18102
6563246562.5,-19.18622
6563247500.0,-19.18973
6563248437.5,-19.19221
6563249375.0,-19.19874
6563250312.5,-19.20243
6563251250.0,-19.20655
6563252187.5,-19.21127
6563253125.0,-19.2135
6563254062.5,-19.21747
6563255000.0,-19.22301
6563255937.5,-19.22777
6563256875.0,-19.23097
6563257812.5,-19.23693
6563258750.0,-19.24155
6563259687.5,-19.24426
6563260625.0,-19.24719
6563261562.5,-19.25142
6563262500.0,-19.25752
6563263437.5,-19.25945
6563264375.0,-19.26473
6563265312.5,-19.26771
6563266250.0,-19.27148
6563267187.5,-19.27596
6563268125.0,-19.28206
6563269062.5,-19.28463
6563270000.0,-19.28879
6563270937.5,-19.29311
6563271875.0,-19.2971
6563272812.5,-19.30177
6563273750.0,-19.30537
6563274687.5,-19.30893
6563275625.0,-19.31328
6563276562.5,-19.31854
6563277500.0,-19.32278
6563278437.5,-19.32656
6563279375.0,-19.3329
6563280312.5,-19.33585
6563281250.0,-19.34022
6563282187.5,-19.34517
6563283125.0,-19.34807
6563284062.5,-19.35402
6563285000.0,-19.35578
6563285937.5,-19.36061
6563286875.0,-19.36414
6563287812.5,-19.36848
6563288750.0,-19.37217
6563289687.5,-19.37587
6563290625.0,-19.38033
6563291562.5,-19.3863
6563292500.0,-19.38997
6563293437.5,-19.39341
6563294375.0,-19.39788
6563295312.5,-19.40201
6563296250.0,-19.4051
6563297187.5,-19.41036
6563298125.0,-19.41492
6563299062.5,-19.41805
6563300000.0,-19.42087
6563300937.5,-19.42535
6563301875.0,-19.43093
6563302812.5,-19.43385
6563303750.0,-19.43996
6563304687.5,-19.44283
6563305625.0,-19.44601
6563306562.5,-19.44998
6563307500.0,-19.45602
6563308437.5,-19.45923
6563309375.0,-19.46434
6563310312.5,-19.46698
6563311250.0,-19.47274
6563312187.5,-19.4771
6563313125.0,-19.48036
6563314062.5,-19.48272
6563315000.0,-19.48866
6563315937.5,-19.49222
6563316875.0,-19.49719
6563317812.5,-19.49977
6563318750.0,-19.50574
6563319687.5,-19.50895
6563320625.0,-19.51507
6563321562.5,-19.51804
6563322500.0,-19.52226
6563323437.5,-19.52579
6563324375.0,-19.52936
6563325312.5,-19.5348
6563326250.0,-19.53929
6563327187.5,-19.54212
6563328125.0,-19.54731
6563329062.5,-19.55135
6563330000.0,-19.55492
6563330937.5,-19.55787
6563331875.0,-19.5621
6563332812.5,-19.56809
6563333750.0,-19.57326
6563334687.5,-19.57407
6563335625.0,-19.57856
6563336562.5,-19.58485
6563337500.0,-19.58638
6563338437.5,-19.59291
6563339375.0,-19.59478
6563340312.5,-19.60311
6563341250.0,-19.60496
6563342187.5,-19.60648
6563343125.0,-19.61243
6563344062.5,-19.61857
6563345000.0,-19.61982
6563345937.5,-19.6274
6563346875.0,-19.62859
6563347812.5,-19.634
6563348750.0,-19.63605
6563349687.5,-19.64156
6563350625.0,-19.64442
6563351562.5,-19.64847
6563352500.0,-19.65236
6563353437.5,-19.65918
6563354375.0,-19.66114
6563355312.5,-19.66635
6563356250.0,-19.67173
6563357187.5,-19.67373
6563358125.0,-19.67856
6563359062.5,-19.68412
6563360000.0,-19.68632
6563360937.5,-19.68988
6563361875.0,-19.69586
6563362812.5,-19.6989
6563363750.0,-19.70273
6563364687.5,-19.70759
6563365625.0,-19.71188
6563366562.5,-19.71576
6563367500.0,-19.71844
6563368437.5,-19.72309
6563369375.0,-19.72674
6563370312.5,-19.73102
6563371250.0,-19.73527
6563372187.5,-19.73971
6563373125.0,-19.74531
6563374062.5,-19.75001
6563375000.0,-19.75263
6563375937.5,-19.75669
6563376875.0,-19.75942
6563377812.5,-19.76408
6563378750.0,-19.76922
6563379687.5,-19.77199
6563380625.0,-19.77424
6563381562.5,-19.78046
6563382500.0,-19.78559
6563383437.5,-19.78953
6563384375.0,-19.79335
6563385312.5,-19.79755
6563386250.0,-19.80167
6563387187.5,-19.80656
6563388125.0,-19.80809
6563389062.5,-19.81426
6563390000.0,-19.81829
6563390937.5,-19.82188
6563391875.0,-19.82666
6563392812.5,-19.83013
6563393750.0,-19.83495
6563394687.5,-19.83751
6563395625.0,-19.84199
6563396562.5,-19.84543
6563397500.0,-19.84962
6563398437.5,-19.8525
6563399375.0,-19.85882
6563400312.5,-19.86409
6563401250.0,-19.86577
6563402187.5,-19.87094
6563403125.0,-19.87446
6563404062.5,-19.87769
6563405000.0,-19.88262
6563405937.5,-19.88592
6563406875.0,-19.89178
6563407812.5,-19.89478
6563408750.0,-19.89778
6563409687.5,-19.9028
6563410625.0,-19.90663
6563411562.5,-19.9097
6563412500.0,-19.91446
6563413437.5,-19.91946
6563414375.0,-19.92471
6563415312.5,-19.9285
6563416250.0,-19.93103
6563417187.5,-19.93498
6563418125.0,-19.93817
6563419062.5,-19.9438
6563420000.0,-19.94744
6563420937.5,-19.95238
6563421875.0,-19.9568
6563422812.5,-19.96084
6563423750.0,-19.96253
6563424687.5,-19.96827
6563425625.0,-19.97233
6563426562.5,-19.97808
6563427500.0,-19.98068
6563428437.5,-19.9843
6563429375.0,-19.98933
6563430312.5,-19.99202
6563431250.0,-19.99518
6563432187.5,-20.00063
6563433125.0,-20.00501
6563434062.5,-20.00846
6563435000.0,-20.01344
6563435937.5,-20.01562
6563436875.0,-20.0209
6563437812.5,-20.02312
6563438750.0,-20.0289
6563439687.5,-20.03131
6563440625.0,-20.03526
6563441562.5,-20.0404
6563442500.0,-20.04561
6563443437.5,-20.04892
6563444375.0,-20.0542
6563445312.5,-20.05694
6563446250.0,-20.06064
6563447187.5,-20.06553
6563448125.0,-20.06777
6563449062.5,-20.07187
6563450000.0,-20.07718
6563450937.5,-20.07957
6563451875.0,-20.08436
6563452812.5,-20.08957
6563453750.0,-20.0948
6563454687.5,-20.09719
6563455625.0,-20.10186
6563456562.5,-20.10506
6563457500.0,-20.10923
6563458437.5,-20.11416
6563459375.0,-20.11747
6563460312.5,-20.12276
6563461250.0,-20.12578
6563462187.5,-20.13069
6563463125.0,-20.13409
6563464062.5,-20.13664
6563465000.0,-20.13895
6563465937.5,-20.14499
6563466875.0,-20.15009
6563467812.5,-20.15344
6563468750.0,-20.15812
6563469687.5,-20.16206
6563470625.0,-20.1653
6563471562.5,-20.16986
6563472500.0,-20.17427
6563473437.5,-20.17874
6563474375.0,-20.18332
6563475312.5,-20.18508
6563476250.0,-20.19173
6563477187.5,-20.19438
6563478125.0,-20.1978
6563479062.5,-20.20153
6563480000.0,-20.20742
6563480937.5,-20.2112
6563481875.0,-20.21383
6563482812.5,-20.21886
6563483750.0,-20.22166
6563484687.5,-20.22429
6563485625.0,-20.22784
6563486562.5,-20.2326
6563487500.0,-20.23547
6563488437.5,-20.24178
6563489375.0,-20.24439
6563490312.5,-20.25113
6563491250.0,-20.25166
6563492187.5,-20.25725
6563493125.0,-20.26246
6563494062.5,-20.26482
6563495000.0,-20.27003
6563495937.5,-20.2734
6563496875.0,-20.2784
6563497812.5,-20.28221
6563498750.0,-20.28536
6563499687.5,-20.28975
6563500625.0,-20.29284
6563501562.5,-20.29662
6563502500.0,-20.29901
6563503437.5,-20.30559
6563504375.0,-20.30944
6563505312.5,-20.31305
6563506250.0,-20.31766
6563507187.5,-20.32197
6563508125.0,-20.32412
6563509062.5,-20.3294
6563510000.0,-20.33411
6563510937.5,-20.33739
6563511875.0,-20.34262
6563512812.5,-20.3442
6563513750.0,-20.34825
6563514687.5,-20.3547
6563515625.0,-20.35529
6563516562.5,-20.36087
6563517500.0,-20.36572
6563518437.5,-20.36824
6563519375.0,-20.37121
6563520312.5,-20.3769
6563521250.0,-20.38082
6563522187.5,-20.38682
6563523125.0,-20.39075
6563524062.5,-20.3933
6563525000.0,-20.39694
6563525937.5,-20.40065
6563526875.0,-20.40583
6563527812.5,-20.41089
6563528750.0,-20.41355
6563529687.5,-20.41753
6563530625.0,-20.4214
6563531562.5,-20.4246
6563532500.0,-20.42839
6563533437.5,-20.43456
6563534375.0,-20.43639
6563535312.5,-20.44043
6563536250.0,-20.44245
6563537187.5,-20.44745
6563538125.0,-20.4503
6563539062.5,-20.45711
6563540000.0,-20.46129
6563540937.5,-20.46277
6563541875.0,-20.46812
6563542812.5,-20.47111
6563543750.0,-20.47588
6563544687.5,-20.48109
6563545625.0,-20.48347
6563546562.5,-20.48754
6563547500.0,-20.49047
6563548437.5,-20.49609
6563549375.0,-20.49958
6563550312.5,-20.50299
6563551250.0,-20.50621
6563552187.5,-20.51097
6563553125.0,-20.5145
6563554062.5,-20.51977
6563555000.0,-20.52233
6563555937.5,-20.52983
6563556875.0,-20.53102
6563557812.5,-20.53481
6563558750.0,-20.54057
6563559687.5,-20.54266
6563560625.0,-20.5462
6563561562.5,-20.55109
6563562500.0,-20.55379
6563563437.5,-20.55846
6563564375.0,-20.56226
6563565312.5,-20.56646
6563566250.0,-20.56915
6563567187.5,-20.5738
6563568125.0,-20.57622
6563569062.5,-20.58056
6563570000.0,-20.58685
6563570937.5,-20.58883
6563571875.0,-20.59421
6563572812.5,-20.59733
6563573750.0,-20.6011
6563574687.5,-20.60698
6563575625.0,-20.60899
6563576562.5,-20.61265
6563577500.0,-20.61631
6563578437.5,-20.62253
6563579375.0,-20.62593
6563580312.5,-20.62936
6563581250.0,-20.63426
6563582187.5,-20.63734
6563583125.0,-20.64131
6563584062.5,-20.6445
6563585000.0,-20.64953
6563585937.5,-20.65311
6563586875.0,-20.65544
6563587812.5,-20.6584
6563588750.0,-20.66701
6563589687.5,-20.66833
6563590625.0,-20.67052
6563591562.5,-20.67496
6563592500.0,-20.68072
6563593437.5,-20.68277
6563594375.0,-20.68974
6563595312.5,-20.69133
6563596250.0,-20.6936
6563597187.5,-20.69937
6563598125.0,-20.70508
6563599062.5,-20.70719
6563600000.0,-20.71008
6563600937.5,-20.71112
6563601875.0,-20.71784
6563602812.5,-20.72342
6563603750.0,-20.72643
6563604687.5,-20.73037
6563605625.0,-20.73422
6563606562.5,-20.7381
6563607500.0,-20.73965
6563608437.5,-20.74482
6563609375.0,-20.74903
6563610312.5,-20.75396
6563611250.0,-20.75447
6563612187.5,-20.76176
6563613125.0,-20.76376
6563614062.5,-20.76751
6563615000.0,-20.77269
6563615937.5,-20.77628
6563616875.0,-20.78073
6563617812.5,-20.78288
6563618750.0,-20.78581
6563619687.5,-20.79417
6563620625.0,-20.79659
6563621562.5,-20.79703
6563622500.0,-20.80484
6563623437.5,-20.80681
6563624375.0,-20.81262
6563625312.5,-20.81499
6563626250.0,-20.81919
6563627187.5,-20.8215
6563628125.0,-20.82633
6563629062.5,-20.82879
6563630000.0,-20.83621
6563630937.5,-20.83725
6563631875.0,-20.8419
6563632812.5,-20.8465
6563633750.0,-20.84932
6563634687.5,-20.85471
6563635625.0,-20.85853
6563636562.5,-20.86228
6563637500.0,-20.86603
6563638437.5,-20.86792
6563639375.0,-20.87208
6563640312.5,-20.87545
6563641250.0,-20.87962
6563642187.5,-20.88406
6563643125.0,-20.88868
6563644062.5,-20.89387
6563645000.0,-20.89669
6563645937.5,-20.89818
6563646875.0,-20.90317
6563647812.5,-20.90751
6563648750.0,-20.91048
6563649687.5,-20.91595
6563650625.0,-20.92008
6563651562.5,-20.92413
6563652500.0,-20.9255
6563653437.5,-20.93119
6563654375.0,-20.93422
6563655312.5,-20.93854
6563656250.0,-20.94174
6563657187.5,-20.94487
6563658125.0,-20.95026
6563659062.5,-20.95386
6563660000.0,-20.95614
6563660937.5,-20.96153
6563661875.0,-20.96622
6563662812.5,-20.96844
6563663750.0,-20.97119
6563664687.5,-20.9758
6563665625.0,-20.97935
6563666562.5,-20.98525
6563667500.0,-20.98936
6563668437.5,-20.9906
6563669375.0,-20.99567
6563670312.5,-20.99971
6563671250.0,-21.00429
6563672187.5,-21.00814
6563673125.0,-21.01295
6563674062.5,-21.01462
6563675000.0,-21.01801
6563675937.5,-21.02257
6563676875.0,-21.02669
6563677812.5,-21.03135
6563678750.0,-21.03331
6563679687.5,-21.03795
6563680625.0,-21.04159
6563681562.5,-21.04687
6563682500.0,-21.04939
6563683437.5,-21.05214
6563684375.0,-21.05752
6563685312.5,-21.06059
6563686250.0,-21.06459
6563687187.5,-21.067
6563688125.0,-21.07146
6563689062.5,-21.07582
6563690000.0,-21.07954
6563690937.5,-21.08447
6563691875.0,-21.08436
6563692812.5,-21.08982
6563693750.0,-21.09475
6563694687.5,-21.09528
6563695625.0,-21.10296
6563696562.5,-21.10758
6563697500.0,-21.10968
6563698437.5,-21.11407
6563699375.0,-21.11793
6563700312.5,-21.12149
6563701250.0,-21.12575
6563702187.5,-21.12869
6563703125.0,-21.1318
6563704062.5,-21.13816
6563705000.0,-21.13648
6563705937.5,-21.14402
6563706875.0,-21.14709
6563707812.5,-21.15039
6563708750.0,-21.15676
6563709687.5,-21.15647
6563710625.0,-21.16183
6563711562.5,-21.16722
6563712500.0,-21.16733
6563713437.5,-21.17491
6563714375.0,-21.17574
6563715312.5,-21.17799
6563716250.0,-21.1833
6563717187.5,-21.18753
6563718125.0,-21.19083
6563719062.5,-21.19606
6563720000.0,-21.19983
6563720937.5,-21.20332
6563721875.0,-21.20679
6563722812.5,-21.20953
6563723750.0,-21.21568
6563724687.5,-21.21756
6563725625.0,-21.22161
6563726562.5,-21.22712
6563727500.0,-21.23063
6563728437.5,-21.23119
6563729375.0,-21.23575
6563730312.5,-21.24193
6563731250.0,-21.24529
6563732187.5,-21.24985
6563733125.0,-21.25089
6563734062.5,-21.25515
6563735000.0,-21.25805
6563735937.5,-21.26289
6563736875.0,-21.26634
6563737812.5,-21.27005
6563738750.0,-21.27112
6563739687.5,-21.27788
6563740625.0,-21.2814
6563741562.5,-21.28476
6563742500.0,-21.28951
6563743437.5,-21.29312
6563744375.0,-21.29789
6563745312.5,-21.30053
6563746250.0,-21.3059
6563747187.5,-21.30638
6563748125.0,-21.31328
6563749062.5,-21.31473
6563750000.0,-21.31994
6563750937.5,-21.32148
6563751875.0,-21.32658
6563752812.5,-21.32955
6563753750.0,-21.33488
6563754687.5,-21.34042
6563755625.0,-21.34164
6563756562.5,-21.34458
6563757500.0,-21.34854
6563758437.5,-21.35469
6563759375.0,-21.3566
6563760312.5,-21.36093
6563761250.0,-21.36327
6563762187.5,-21.3671
6563763125.0,-21.37046
6563764062.5,-21.37438
6563765000.0,-21.37959
6563765937.5,-21.38043
6563766875.0,-21.3852
6563767812.5,-21.39037
6563768750.0,-21.39216
6563769687.5,-21.39644
6563770625.0,-21.40131
6563771562.5,-21.40743
6563772500.0,-21.40978
6563773437.5,-21.41146
6563774375.0,-21.41443
6563775312.5,-21.42068
6563776250.0,-21.42268
6563777187.5,-21.42731
6563778125.0,-21.42909
6563779062.5,-21.43481
6563780000.0,-21.43805
6563780937.5,-21.44283
6563781875.0,-21.44526
6563782812.5,-21.45102
6563783750.0,-21.45247
6563784687.5,-21.45668
6563785625.0,-21.46128
6563786562.5,-21.46555
6563787500.0,-21.46706
6563788437.5,-21.47108
6563789375.0,-21.47477
6563790312.5,-21.48007
6563791250.0,-21.48259
6563792187.5,-21.48609
6563793125.0,-21.49128
6563794062.5,-21.49462
6563795000.0,-21.49651
6563795937.5,-21.49901
6563796875.0,-21.50228
6563797812.5,-21.50885
6563798750.0,-21.51253
6563799687.5,-21.51553
6563800625.0,-21.52038
6563801562.5,-21.52469
6563802500.0,-21.52915
6563803437.5,-21.53016
6563804375.0,-21.53183
6563805312.5,-21.53807
6563806250.0,-21.54084
6563807187.5,-21.54457
6563808125.0,-21.54808
6563809062.5,-21.55374
6563810000.0,-21.55461
6563810937.5,-21.56031
6563811875.0,-21.56259
6563812812.5,-21.56698
6563813750.0,-21.57368
6563814687.5,-21.57444
6563815625.0,-21.57633
6563816562.5,-21.58123
6563817500.0,-21.58559
6563818437.5,-21.58878
6563819375.0,-21.59049
6563820312.5,-21.59546
6563821250.0,-21.60072
6563822187.5,-21.60187
6563823125.0,-21.60791
6563824062.5,-21.60924
6563825000.0,-21.61399
6563825937.5,-21.61673
6563826875.0,-21.62034
6563827812.5,-21.6259
6563828750.0,-21.62698
6563829687.5,-21.63414
6563830625.0,-21.63343
6563831562.5,-21.63964
6563832500.0,-21.6438
6563833437.5,-21.64541
6563834375.0,-21.65018
6563835312.5,-21.65327
6563836250.0,-21.65767
6563837187.5,-21.65964
6563838125.0,-21.66509
6563839062.5,-21.67106
6563840000.0,-21.67138
6563840937.5,-21.67411
6563841875.0,-21.68028
6563842812.5,-21.6819
6563843750.0,-21.68645
6563844687.5,-21.69023
6563845625.0,-21.69232
6563846562.5,-21.69607
6563847500.0,-21.70319
6563848437.5,-21.70539
6563849375.0,-21.70833
6563850312.5,-21.71404
6563851250.0,-21.71604
6563852187.5,-21.71753
6563853125.0,-21.7235
6563854062.5,-21.7255
6563855000.0,-21.7304
6563855937.5,-21.73303
6563856875.0,-21.73624
6563857812.5,-21.74051
6563858750.0,-21.74592
6563859687.5,-21.75021
6563860625.0,-21.75149
6563861562.5,-21.75644
6563862500.0,-21.75716
6563863437.5,-21.76369
6563864375.0,-21.76753
6563865312.5,-21.76992
6563866250.0,-21.77266
6563867187.5,-21.77872
6563868125.0,-21.78096
6563869062.5,-21.78327
6563870000.0,-21.78591
6563870937.5,-21.79037
6563871875.0,-21.7943
6563872812.5,-21.79933
6563873750.0,-21.80317
6563874687.5,-21.80542
6563875625.0,-21.80958
6563876562.5,-21.81272
6563877500.0,-21.81591
6563878437.5,-21.8198
6563879375.0,-21.82357
6563880312.5,-21.82536
6563881250.0,-21.83134
6563882187.5,-21.83258
6563883125.0,-21.83679
6563884062.5,-21.84103
6563885000.0,-21.84535
6563885937.5,-21.84935
6563886875.0,-21.85051
6563887812.5,-21.8547
6563888750.0,-21.85719
6563889687.5,-21.86395
6563890625.0,-21.86744
6563891562.5,-21.86985
6563892500.0,-21.87317
6563893437.5,-21.87863
6563894375.0,-21.87984
6563895312.5,-21.88311
6563896250.0,-21.88586
6563897187.5,-21.89341
6563898125.0,-21.89714
6563899062.5,-21.8978
6563900000.0,-21.90197
6563900937.5,-21.90394
6563901875.0,-21.90918
6563902812.5,-21.91338
6563903750.0,-21.91666
6563904687.5,-21.91845
6563905625.0,-21.92301
6563906562.5,-21.92719
6563907500.0,-21.93006
6563908437.5,-21.93541
6563909375.0,-21.93627
6563910312.5,-21.94108
6563911250.0,-21.94474
6563912187.5,-21.94811
6563913125.0,-21.95074
6563914062.5,-21.9543
6563915000.0,-21.95808
6563915937.5,-21.96347
6563916875.0,-21.96266
6563917812.5,-21.96939
6563918750.0,-21.97377
6563919687.5,-21.97568
6563920625.0,-21.97994
6563921562.5,-21.98272
6563922500.0,-21.98654
6563923437.5,-21.98973
6563924375.0,-21.99298
6563925312.5,-21.99963
6563926250.0,-21.99907
6563927187.5,-22.00317
6563928125.0,-22.01079
6563929062.5,-22.0138
6563930000.0,-22.01287
6563930937.5,-22.01716
6563931875.0,-22.02546
6563932812.5,-22.02506
6563933750.0,-22.02893
6563934687.5,-22.03529
6563935625.0,-22.03663
6563936562.5,-22.0397
6563937500.0,-22.04249
6563938437.5,-22.04711
6563939375.0,-22.05318
6563940312.5,-22.05698
6563941250.0,-22.05743
6563942187.5,-22.06165
6563943125.0,-22.06511
6563944062.5,-22.06992
6563945000.0,-22.07201
6563945937.5,-22.07355
6563946875.0,-22.07739
6563947812.5,-22.08161
6563948750.0,-22.08508
6563949687.5,-22.09109
6563950625.0,-22.09188
6563951562.5,-22.09691
6563952500.0,-22.09966
6563953437.5,-22.10308
6563954375.0,-22.10916
6563955312.5,-22.11019
6563956250.0,-22.11613
6563957187.5,-22.11743
6563958125.0,-22.11966
6563959062.5,-22.12482
6563960000.0,-22.12801
6563960937.5,-22.12847
6563961875.0,-22.13728
6563962812.5,-22.13782
6563963750.0,-22.14284
6563964687.5,-22.14736
6563965625.0,-22.15205
6563966562.5,-22.1538
6563967500.0,-22.15663
6563968437.5,-22.15676
6563969375.0,-22.16258
6563970312.5,-22.16615
6563971250.0,-22.16843
6563972187.5,-22.17181
6563973125.0,-22.17879
6563974062.5,-22.17991
6563975000.0,-22.18124
6563975937.5,-22.18579
6563976875.0,-22.19136
6563977812.5,-22.19597
6563978750.0,-22.19428
6563979687.5,-22.20078
6563980625.0,-22.20421
6563981562.5,-22.20896
6563982500.0,-22.20981
6563983437.5,-22.21408
6563984375.0,-22.21756
6563985312.5,-22.22254
6563986250.0,-22.22625
6563987187.5,-22.22855
6563988125.0,-22.2351
6563989062.5,-22.23566
6563990000.0,-22.24072
6563990937.5,-22.24313
6563991875.0,-22.24646
6563992812.5,-22.25071
6563993750.0,-22.25338
6563994687.5,-22.25464
6563995625.0,-22.25952
6563996562.5,-22.26287
6563997500.0,-22.26451
6563998437.5,-22.26745
6563999375.0,-22.27407
6564000312.5,-22.27566
6564001250.0,-22.28055
6564002187.5,-22.2854
6564003125.0,-22.2886
6564004062.5,-22.29298
6564005000.0,-22.29391
6564005937.5,-22.29597
6564006875.0,-22.30119
6564007812.5,-22.3051
6564008750.0,-22.30934
6564009687.5,-22.30965
6564010625.0,-22.31242
6564011562.5,-22.31878
6564012500.0,-22.32133
6564013437.5,-22.3269
6564014375.0,-22.33012
6564015312.5,-22.33175
6564016250.0,-22.33377
6564017187.5,-22.33787
6564018125.0,-22.34116
6564019062.5,-22.34813
6564020000.0,-22.35098
6564020937.5,-22.35402
6564021875.0,-22.35679
6564022812.5,-22.35855
6564023750.0,-22.36264
6564024687.5,-22.36718
6564025625.0,-22.36813
6564026562.5,-22.37255
6564027500.0,-22.37773
6564028437.5,-22.37857
6564029375.0,-22.38492
6564030312.5,-22.38769
6564031250.0,-22.39086
6564032187.5,-22.39756
6564033125.0,-22.39681
6564034062.5,-22.399
6564035000.0,-22.40657
6564035937.5,-22.40651
6564036875.0,-22.41229
6564037812.5,-22.41335
6564038750.0,-22.41858
6564039687.5,-22.42194
6564040625.0,-22.4236
6564041562.5,-22.42722
6564042500.0,-22.43144
6564043437.5,-22.43653
6564044375.0,-22.44001
6564045312.5,-22.442
6564046250.0,-22.44578
6564047187.5,-22.44848
6564048125.0,-22.45054
6564049062.5,-22.45524
6564050000.0,-22.46122
6564050937.5,-22.46048
6564051875.0,-22.46399
6564052812.5,-22.46838
6564053750.0,-22.47019
6564054687.5,-22.47441
6564055625.0,-22.47899
6564056562.5,-22.48324
6564057500.0,-22.48715
6564058437.5,-22.4892
6564059375.0,-22.49246
6564060312.5,-22.49504
6564061250.0,-22.49823
6564062187.5,-22.5041
6564063125.0,-22.50731
6564064062.5,-22.50947
6564065000.0,-22.51212
6564065937.5,-22.51732
6564066875.0,-22.51843
6564067812.5,-22.52152
6564068750.0,-22.52653
6564069687.5,-22.53386
6564070625.0,-22.53012
6564071562.5,-22.53525
6564072500.0,-22.53929
6564073437.5,-22.54565
6564074375.0,-22.54602
6564075312.5,-22.55161
6564076250.0,-22.55496
6564077187.5,-22.55515
6564078125.0,-22.56021
6564079062.5,-22.56192
6564080000.0,-22.56571
6564080937.5,-22.56988
6564081875.0,-22.57601
6564082812.5,-22.57623
6564083750.0,-22.58157
6564084687.5,-22.58151
6564085625.0,-22.5873
6564086562.5,-22.58964
6564087500.0,-22.59143
6564088437.5,-22.5944
6564089375.0,-22.60103
6564090312.5,-22.60521
6564091250.0,-22.60623
6564092187.5,-22.60875
6564093125.0,-22.61347
6564094062.5,-22.61623
6564095000.0,-22.62081
6564095937.5,-22.62688
6564096875.0,-22.62845
6564097812.5,-22.63098
6564098750.0,-22.63438
6564099687.5,-22.63865
6564100625.0,-22.6389
6564101562.5,-22.64155
6564102500.0,-22.64505
6564103437.5,-22.6489
6564104375.0,-22.65379
6564105312.5,-22.65768
6564106250.0,-22.65884
6564107187.5,-22.66586
6564108125.0,-22.66669
6564109062.5,-22.67452
6564110000.0,-22.67219
6564110937.5,-22.67855
6564111875.0,-22.67949
6564112812.5,-22.68509
6564113750.0,-22.68785
6564114687.5,-22.69142
6564115625.0,-22.69255
6564116562.5,-22.69822
6564117500.0,-22.70077
6564118437.5,-22.70169
6564119375.0,-22.70696
6564120312.5,-22.7096
6564121250.0,-22.71486
6564122187.5,-22.71591
6564123125.0,-22.72049
6564124062.5,-22.72423
6564125000.0,-22.7285
6564125937.5,-22.73113
6564126875.0,-22.73327
6564127812.5,-22.73769
6564128750.0,-22.74033
6564129687.5,-22.74512
6564130625.0,-22.74528
6564131562.5,-22.75065
6564132500.0,-22.75537
6564133437.5,-22.75702
6564134375.0,-22.75804
6564135312.5,-22.76483
6564136250.0,-22.76761
6564137187.5,-22.76851
6564138125.0,-22.7745
6564139062.5,-22.77375
6564140000.0,-22.77909
6564140937.5,-22.78304
6564141875.0,-22.78723
6564142812.5,-22.78873
6564143750.0,-22.79248
6564144687.5,-22.79442
6564145625.0,-22.79838
6564146562.5,-22.80381
6564147500.0,-22.80175
6564148437.5,-22.80769
6564149375.0,-22.81297
6564150312.5,-22.81471
6564151250.0,-22.81833
6564152187.5,-22.82172
6564153125.0,-22.82838
6564154062.5,-22.82964
6564155000.0,-22.83415
6564155937.5,-22.83705
6564156875.0,-22.83832
6564157812.5,-22.84381
6564158750.0,-22.84468
6564159687.5,-22.84839
6564160625.0,-22.85267
6564161562.5,-22.8551
6564162500.0,-22.85939
6564163437.5,-22.85962
6564164375.0,-22.86212
6564165312.5,-22.86731
6564166250.0,-22.87299
6564167187.5,-22.87178
6564168125.0,-22.87941
6564169062.5,-22.88203
6564170000.0,-22.88583
6564170937.5,-22.88937
6564171875.0,-22.89041
6564172812.5,-22.8953
6564173750.0,-22.89801
6564174687.5,-22.9016
6564175625.0,-22.90444
6564176562.5,-22.90734
6564177500.0,-22.91075
6564178437.5,-22.91474
6564179375.0,-22.91662
6564180312.5,-22.92096
6564181250.0,-22.92388
6564182187.5,-22.92728
6564183125.0,-22.93153
6564184062.5,-22.93264
6564185000.0,-22.93857
6564185937.5,-22.9392
6564186875.0,-22.94357
6564187812.5,-22.94246
6564188750.0,-22.94669
6564189687.5,-22.95423
6564190625.0,-22.95652
6564191562.5,-22.96069
6564192500.0,-22.96415
6564193437.5,-22.96838
6564194375.0,-22.97019
6564195312.5,-22.97162
6564196250.0,-22.97459
6564197187.5,-22.98051
6564198125.0,-22.9831
6564199062.5,-22.98765
6564200000.0,-22.98734
6564200937.5,-22.99119
6564201875.0,-22.99577
6564202812.5,-23.00116
6564203750.0,-23.00029
6564204687.5,-23.00258
6564205625.0,-23.00645
6564206562.5,-23.012
6564207500.0,-23.01643
6564208437.5,-23.01585
6564209375.0,-23.02277
6564210312.5,-23.02549
6564211250.0,-23.02576
6564212187.5,-23.03322
6564213125.0,-23.03386
6564214062.5,-23.03909
6564215000.0,-23.03786
6564215937.5,-23.04278
6564216875.0,-23.04717
6564217812.5,-23.05215
6564218750.0,-23.05257
6564219687.5,-23.05688
6564220625.0,-23.06294
6564221562.5,-23.06376
6564222500.0,-23.06705
6564223437.5,-23.06849
6564224375.0,-23.07257
6564225312.5,-23.07776
6564226250.0,-23.08442
6564227187.5,-23.08448
6564228125.0,-23.08456
6564229062.5,-23.08907
6564230000.0,-23.09019
6564230937.5,-23.09186
6564231875.0,-23.09443
6564232812.5,-23.10059
6564233750.0,-23.10518
6564234687.5,-23.1078
6564235625.0,-23.11155
6564236562.5,-23.11577
6564237500.0,-23.1175
6564238437.5,-23.12251
6564239375.0,-23.12344
6564240312.5,-23.12703
6564241250.0,-23.13181
6564242187.5,-23.13531
6564243125.0,-23.13474
6564244062.5,-23.1388
6564245000.0,-23.14214
6564245937.5,-23.14691
6564246875.0,-23.14818
6564247812.5,-23.15386
6564248750.0,-23.15441
6564249687.5,-23.15825
6564250625.0,-23.16234
6564251562.5,-23.16143
6564252500.0,-23.1694
6564253437.5,-23.17135
6564254375.0,-23.17352
6564255312.5,-23.17957
6564256250.0,-23.18129
6564257187.5,-23.18584
6564258125.0,-23.1888
6564259062.5,-23.18703
6564260000.0,-23.19464
6564260937.5,-23.19637
6564261875.0,-23.19996
6564262812.5,-23.20417
6564263750.0,-23.20945
6564264687.5,-23.21001
6564265625.0,-23.21412
6564266562.5,-23.21724
6564267500.0,-23.21887
6564268437.5,-23.22141
6564269375.0,-23.22488
6564270312.5,-23.23152
6564271250.0,-23.23426
6564272187.5,-23.23508
6564273125.0,-23.23765
6564274062.5,-23.24315
6564275000.0,-23.24467
6564275937.5,-23.24653
6564276875.0,-23.25047
6564277812.5,-23.25284
6564278750.0,-23.25755
6564279687.5,-23.25902
6564280625.0,-23.26256
6564281562.5,-23.26626
6564282500.0,-23.26907
6564283437.5,-23.27101
6564284375.0,-23.27536
6564285312.5,-23.28094
6564286250.0,-23.28338
6564287187.5,-23.28593
6564288125.0,-23.28689
6564289062.5,-23.29314
6564290000.0,-23.29572
6564290937.5,-23.29863
6564291875.0,-23.30142
6564292812.5,-23.30518
6564293750.0,-23.30666
6564294687.5,-23.31323
6564295625.0,-23.31357
6564296562.5,-23.3165
6564297500.0,-23.32163
6564298437.5,-23.32445
6564299375.0,-23.32372
6564300312.5,-23.32912
6564301250.0,-23.33399
6564302187.5,-23.33679
6564303125.0,-23.34039
6564304062.5,-23.34481
6564305000.0,-23.3475
6564305937.5,-23.3462
6564306875.0,-23.35142
6564307812.5,-23.35558
6564308750.0,-23.35626
6564309687.5,-23.36278
6564310625.0,-23.36059
6564311562.5,-23.36442
6564312500.0,-23.36904
6564313437.5,-23.37526
6564314375.0,-23.37851
6564315312.5,-23.38037
6564316250.0,-23.38417
6564317187.5,-23.38672
6564318125.0,-23.3908
6564319062.5,-23.394
6564320000.0,-23.39536
6564320937.5,-23.39675
6564321875.0,-23.40017
6564322812.5,-23.40516
6564323750.0,-23.40643
6564324687.5,-23.41323
6564325625.0,-23.4134
6564326562.5,-23.41791
6564327500.0,-23.4205
6564328437.5,-23.42354
6564329375.0,-23.42598
6564330312.5,-23.4292
6564331250.0,-23.43306
6564332187.5,-23.43388
6564333125.0,-23.44077
6564334062.5,-23.43988
6564335000.0,-23.44625
6564335937.5,-23.44625
6564336875.0,-23.45219
6564337812.5,-23.45637
6564338750.0,-23.45658
6564339687.5,-23.45846
6564340625.0,-23.46301
6564341562.5,-23.46464
6564342500.0,-23.47069
6564343437.5,-23.47138
6564344375.0,-23.47701
6564345312.5,-23.4803
6564346250.0,-23.48422
6564347187.5,-23.48382
6564348125.0,-23.48907
6564349062.5,-23.49306
6564350000.0,-23.49661
6564350937.5,-23.50016
6564351875.0,-23.4972
6564352812.5,-23.50476
6564353750.0,-23.50654
6564354687.5,-23.51151
6564355625.0,-23.51199
6564356562.5,-23.51717
6564357500.0,-23.51866
6564358437.5,-23.52237
6564359375.0,-23.52724
6564360312.5,-23.52879
6564361250.0,-23.53056
6564362187.5,-23.5343
6564363125.0,-23.535
6564364062.5,-23.54291
6564365000.0,-23.5437
6564365937.5,-23.5465
6564366875.0,-23.55159
6564367812.5,-23.55219
6564368750.0,-23.55633
6564369687.5,-23.5572
6564370625.0,-23.56345
6564371562.5,-23.56417
6564372500.0,-23.57036
6564373437.5,-23.5718
6564374375.0,-23.57652
6564375312.5,-23.57981
6564376250.0,-23.58088
6564377187.5,-23.58278
6564378125.0,-23.58807
6564379062.5,-23.58998
6564380000.0,-23.59311
6564380937.5,-23.59826
6564381875.0,-23.60039
6564382812.5,-23.60403
6564383750.0,-23.60658
6564384687.5,-23.60663
6564385625.0,-23.61271
6564386562.5,-23.61458
6564387500.0,-23.61887
6564388437.5,-23.62316
6564389375.0,-23.62448
6564390312.5,-23.62565
6564391250.0,-23.63181
6564392187.5,-23.63354
6564393125.0,-23.63486
6564394062.5,-23.63713
6564395000.0,-23.6428
6564395937.5,-23.64663
6564396875.0,-23.64726
6564397812.5,-23.64844
6564398750.0,-23.65434
6564399687.5,-23.65533
6564400625.0,-23.65854
6564401562.5,-23.66369
6564402500.0,-23.66606
6564403437.5,-23.66774
6564404375.0,-23.67123
6564405312.5,-23.67411
6564406250.0,-23.67931
6564407187.5,-23.68287
6564408125.0,-23.68335
6564409062.5,-23.68816
6564410000.0,-23.69147
6564410937.5,-23.69361
6564411875.0,-23.69767
6564412812.5,-23.69893
6564413750.0,-23.7002
6564414687.5,-23.70995
6564415625.0,-23.71117
6564416562.5,-23.71143
6564417500.0,-23.71337
6564418437.5,-23.71929
6564419375.0,-23.71845
6564420312.5,-23.7215
6564421250.0,-23.72927
6564422187.5,-23.72877
6564423125.0,-23.7317
6564424062.5,-23.73681
6564425000.0,-23.73822
6564425937.5,-23.74351
6564426875.0,-23.74391
6564427812.5,-23.74762
6564428750.0,-23.75017
6564429687.5,-23.75593
6564430625.0,-23.75677
6564431562.5,-23.75919
6564432500.0,-23.76414
6564433437.5,-23.76381
6564434375.0,-23.76852
6564435312.5,-23.77301
6564436250.0,-23.77628
6564437187.5,-23.77775
6564438125.0,-23.78057
6564439062.5,-23.78508
6564440000.0,-23.78678
6564440937.5,-23.79196
6564441875.0,-23.79155
6564442812.5,-23.79535
6564443750.0,-23.79838
6564444687.5,-23.8022
6564445625.0,-23.80629
6564446562.5,-23.80753
6564447500.0,-23.80929
6564448437.5,-23.81498
6564449375.0,-23.81878
6564450312.5,-23.81945
6564451250.0,-23.82225
6564452187.5,-23.82426
6564453125.0,-23.82977
6564454062.5,-23.8326
6564455000.0,-23.83353
6564455937.5,-23.8387
6564456875.0,-23.83977
6564457812.5,-23.84449
6564458750.0,-23.84706
6564459687.5,-23.84756
6564460625.0,-23.85384
6564461562.5,-23.85405
6564462500.0,-23.85718
6564463437.5,-23.86115
6564464375.0,-23.86609
6564465312.5,-23.866
6564466250.0,-23.87115
6564467187.5,-23.87595
6564468125.0,-23.87706
6564469062.5,-23.87845
6564470000.0,-23.88511
6564470937.5,-23.88517
6564471875.0,-23.88878
6564472812.5,-23.89063
6564473750.0,-23.89325
6564474687.5,-23.89566
6564475625.0,-23.89911
6564476562.5,-23.90152
6564477500.0,-23.90524
6564478437.5,-23.90934
6564479375.0,-23.9105
6564480312.5,-23.91465
6564481250.0,-23.91918
6564482187.5,-23.92074
6564483125.0,-23.92435
6564484062.5,-23.92625
6564485000.0,-23.93348
6564485937.5,-23.93218
6564486875.0,-23.93243
6564487812.5,-23.93758
6564488750.0,-23.94015
6564489687.5,-23.94314
6564490625.0,-23.94931
6564491562.5,-23.94902
6564492500.0,-23.95382
6564493437.5,-23.95596
6564494375.0,-23.95923
6564495312.5,-23.96062
6564496250.0,-23.96983
6564497187.5,-23.9696
6564498125.0,-23.969
6564499062.5,-23.974
6564500000.0,-23.97631
6564500937.5,-23.9803
6564501875.0,-23.98033
6564502812.5,-23.98516
6564503750.0,-23.9902
6564504687.5,-23.99131
6564505625.0,-23.9968
6564506562.5,-23.99875
6564507500.0,-24.00246
6564508437.5,-24.00421
6564509375.0,-24.00584
6564510312.5,-24.00875
6564511250.0,-24.01158
6564512187.5,-24.01457
6564513125.0,-24.0168
6564514062.5,-24.0225
6564515000.0,-24.02247
6564515937.5,-24.0294
6564516875.0,-24.0315
6564517812.5,-24.03323
6564518750.0,-24.03607
6564519687.5,-24.04126
6564520625.0,-24.04335
6564521562.5,-24.0433
6564522500.0,-24.04923
6564523437.5,-24.04664
6564524375.0,-24.05356
6564525312.5,-24.05752
6564526250.0,-24.05907
6564527187.5,-24.06312
6564528125.0,-24.06594
6564529062.5,-24.06833
6564530000.0,-24.07164
6564530937.5,-24.07147
6564531875.0,-24.07892
6564532812.5,-24.07949
6564533750.0,-24.08202
6564534687.5,-24.08672
6564535625.0,-24.08604
6564536562.5,-24.08815
6564537500.0,-24.09425
6564538437.5,-24.09848
6564539375.0,-24.10355
6564540312.5,-24.10346
6564541250.0,-24.10627
6564542187.5,-24.11116
6564543125.0,-24.11541
6564544062.5,-24.1153
6564545000.0,-24.11663
6564545937.5,-24.12325
6564546875.0,-24.12593
6564547812.5,-24.12863
6564548750.0,-24.12831
6564549687.5,-24.13321
6564550625.0,-24.13552
6564551562.5,-24.13861
6564552500.0,-24.14183
6564553437.5,-24.14445
6564554375.0,-24.14601
6564555312.5,-24.14822
6564556250.0,-24.1486
6564557187.5,-24.15524
6564558125.0,-24.15612
6564559062.5,-24.1612
6564560000.0,-24.16103
6564560937.5,-24.16415
6564561875.0,-24.17099
6564562812.5,-24.17405
6564563750.0,-24.17621
6564564687.5,-24.17413
6564565625.0,-24.18173
6564566562.5,-24.18486
6564567500.0,-24.18538
6564568437.5,-24.19273
6564569375.0,-24.19277
6564570312.5,-24.1974
6564571250.0,-24.19752
6564572187.5,-24.19977
6564573125.0,-24.20641
6564574062.5,-24.20691
6564575000.0,-24.20903
6564575937.5,-24.21221
6564576875.0,-24.21618
6564577812.5,-24.21971
6564578750.0,-24.21924
6564579687.5,-24.2244
6564580625.0,-24.22785
6564581562.5,-24.23053
6564582500.0,-24.2311
6564583437.5,-24.23652
6564584375.0,-24.23853
6564585312.5,-24.23993
6564586250.0,-24.24322
6564587187.5,-24.24736
6564588125.0,-24.24802
6564589062.5,-24.25276
6564590000.0,-24.25733
6564590937.5,-24.25785
6564591875.0,-24.26247
6564592812.5,-24.26673
6564593750.0,-24.26656
6564594687.5,-24.27277
6564595625.0,-24.27354
6564596562.5,-24.27817
6564597500.0,-24.28028
6564598437.5,-24.28232
6564599375.0,-24.2872
6564600312.5,-24.28534
6564601250.0,-24.29146
6564602187.5,-24.29145
6564603125.0,-24.29506
6564604062.5,-24.2973
6564605000.0,-24.30184
6564605937.5,-24.30348
6564606875.0,-24.30574
6564607812.5,-24.31054
6564608750.0,-24.31287
6564609687.5,-24.31588
6564610625.0,-24.31907
6564611562.5,-24.32134
6564612500.0,-24.32396
6564613437.5,-24.32968
6564614375.0,-24.33471
6564615312.5,-24.33393
6564616250.0,-24.33493
6564617187.5,-24.34163
6564618125.0,-24.33905
6564619062.5,-24.34669
6564620000.0,-24.34382
6564620937.5,-24.34853
6564621875.0,-24.3547
6564622812.5,-24.35641
6564623750.0,-24.35793
6564624687.5,-24.36201
6564625625.0,-24.36313
6564626562.5,-24.36683
6564627500.0,-24.3697
6564628437.5,-24.37615
6564629375.0,-24.37688
6564630312.5,-24.38156
6564631250.0,-24.37875
6564632187.5,-24.38757
6564633125.0,-24.38492
6564634062.5,-24.38882
6564635000.0,-24.39429
6564635937.5,-24.39402
6564636875.0,-24.39834
6564637812.5,-24.40328
6564638750.0,-24.40725
6564639687.5,-24.40898
6564640625.0,-24.41109
6564641562.5,-24.41197
6564642500.0,-24.41709
6564643437.5,-24.41964
6564644375.0,-24.42228
6564645312.5,-24.4239
6564646250.0,-24.42607
6564647187.5,-24.4313
6564648125.0,-24.43384
6564649062.5,-24.43487
6564650000.0,-24.43529
6564650937.5,-24.4393
6564651875.0,-24.44553
6564652812.5,-24.4444
6564653750.0,-24.44811
6564654687.5,-24.45269
6564655625.0,-24.45311
6564656562.5,-24.45428
6564657500.0,-24.45886
6564658437.5,-24.46203
6564659375.0,-24.46672
6564660312.5,-24.46955
6564661250.0,-24.47115
6564662187.5,-24.47424
6564663125.0,-24.47775
6564664062.5,-24.48049
6564665000.0,-24.48318
6564665937.5,-24.48722
6564666875.0,-24.48867
6564667812.5,-24.49482
6564668750.0,-24.49393
6564669687.5,-24.49694
6564670625.0,-24.49876
6564671562.5,-24.502
6564672500.0,-24.50379
6564673437.5,-24.509
6564674375.0,-24.50778
6564675312.5,-24.51506
6564676250.0,-24.51906
6564677187.5,-24.51942
6564678125.0,-24.51949
6564679062.5,-24.52282
6564680000.0,-24.52432
6564680937.5,-24.52962
6564681875.0,-24.53154
6564682812.5,-24.53818
6564683750.0,-24.54109
6564684687.5,-24.53954
6564685625.0,-24.54383
6564686562.5,-24.54802
6564687500.0,-24.55103
6564688437.5,-24.55171
6564689375.0,-24.55662
6564690312.5,-24.5575
6564691250.0,-24.56183
6564692187.5,-24.56183
6564693125.0,-24.56455
6564694062.5,-24.56808
6564695000.0,-24.57049
6564695937.5,-24.57832
6564696875.0,-24.5782
6564697812.5,-24.58222
6564698750.0,-24.58489
6564699687.5,-24.58828
6564700625.0,-24.59059
6564701562.5,-24.59006
6564702500.0,-24.59443
6564703437.5,-24.59738
6564704375.0,-24.5983
6564705312.5,-24.60178
6564706250.0,-24.60305
6564707187.5,-24.60985
6564708125.0,-24.61183
6564709062.5,-24.61084
6564710000.0,-24.61671
6564710937.5,-24.61643
6564711875.0,-24.62294
6564712812.5,-24.62393
6564713750.0,-24.62986
6564714687.5,-24.62981
6564715625.0,-24.63036
6564716562.5,-24.63573
6564717500.0,-24.63853
6564718437.5,-24.64211
6564719375.0,-24.64366
6564720312.5,-24.64508
6564721250.0,-24.65196
6564722187.5,-24.6526
6564723125.0,-24.65534
6564724062.5,-24.65651
6564725000.0,-24.6612
6564725937.5,-24.66481
6564726875.0,-24.6641
6564727812.5,-24.66808
6564728750.0,-24.67249
6564729687.5,-24.67344
6564730625.0,-24.67657
6564731562.5,-24.68136
6564732500.0,-24.68121
6564733437.5,-24.68402
6564734375.0,-24.68684
6564735312.5,-24.69058
6564736250.0,-24.69585
6564737187.5,-24.69809
6564738125.0,-24.69799
6564739062.5,-24.70017
6564740000.0,-24.70341
6564740937.5,-24.70872
6564741875.0,-24.70693
6564742812.5,-24.71568
6564743750.0,-24.71592
6564744687.5,-24.7182
6564745625.0,-24.71918
6564746562.5,-24.72679
6564747500.0,-24.72386
6564748437.5,-24.732
6564749375.0,-24.7341
6564750312.5,-24.73577
6564751250.0,-24.73576
6564752187.5,-24.73714
6564753125.0,-24.74181
6564754062.5,-24.74697
6564755000.0,-24.74581
6564755937.5,-24.74944
6564756875.0,-24.75317
6564757812.5,-24.75554
6564758750.0,-24.75969
6564759687.5,-24.76372
6564760625.0,-24.76645
6564761562.5,-24.76722
6564762500.0,-24.76785
6564763437.5,-24.77456
6564764375.0,-24.77654
6564765312.5,-24.78053
6564766250.0,-24.78109
6564767187.5,-24.78283
6564768125.0,-24.78717
6564769062.5,-24.78972
6564770000.0,-24.79134
6564770937.5,-24.79264
6564771875.0,-24.79576
6564772812.5,-24.80129
6564773750.0,-24.80446
6564774687.5,-24.80754
6564775625.0,-24.80681
6564776562.5,-24.80933
6564777500.0,-24.81239
6564778437.5,-24.81542
6564779375.0,-24.81912
6564780312.5,-24.82117
6564781250.0,-24.82389
6564782187.5,-24.82595
6564783125.0,-24.83106
6564784062.5,-24.83179
6564785000.0,-24.83365
6564785937.5,-24.83731
6564786875.0,-24.84189
6564787812.5,-24.84328
6564788750.0,-24.84522
6564789687.5,-24.84812
6564790625.0,-24.84836
6564791562.5,-24.85352
6564792500.0,-24.85201
6564793437.5,-24.85486
6564794375.0,-24.8611
6564795312.5,-24.86346
6564796250.0,-24.86838
6564797187.5,-24.87066
6564798125.0,-24.8731
6564799062.5,-24.87558
6564800000.0,-24.8762
6564800937.5,-24.88081
6564801875.0,-24.88173
6564802812.5,-24.88405
6564803750.0,-24.88917
6564804687.5,-24.89113
6564805625.0,-24.89447
6564806562.5,-24.89866
6564807500.0,-24.89917
6564808437.5,-24.90326
6564809375.0,-24.90356
6564810312.5,-24.90487
6564811250.0,-24.90964
6564812187.5,-24.91347
6564813125.0,-24.91716
6564814062.5,-24.91796
6564815000.0,-24.91864
6564815937.5,-24.92254
6564816875.0,-24.92521
6564817812.5,-24.92846
6564818750.0,-24.92956
6564819687.5,-24.93302
6564820625.0,-24.93799
6564821562.5,-24.94125
6564822500.0,-24.93822
6564823437.5,-24.94073
6564824375.0,-24.94752
6564825312.5,-24.95004
6564826250.0,-24.95235
6564827187.5,-24.95498
6564828125.0,-24.96084
6564829062.5,-24.95593
6564830000.0,-24.96215
6564830937.5,-24.96789
6564831875.0,-24.96772
6564832812.5,-24.96955
6564833750.0,-24.97476
6564834687.5,-24.97431
6564835625.0,-24.97876
6564836562.5,-24.98294
6564837500.0,-24.98549
6564838437.5,-24.98579
6564839375.0,-24.9919
6564840312.5,-24.9907
6564841250.0,-24.99302
6564842187.5,-24.99793
6564843125.0,-25.00254
6564844062.5,-25.00257
6564845000.0,-25.00487
6564845937.5,-25.00969
6564846875.0,-25.01452
6564847812.5,-25.01333
6564848750.0,-25.02145
6564849687.5,-25.02024
6564850625.0,-25.02018
6564851562.5,-25.02345
6564852500.0,-25.02348
6564853437.5,-25.03072
6564854375.0,-25.02786
6564855312.5,-25.0369
6564856250.0,-25.03903
6564857187.5,-25.04152
6564858125.0,-25.04334
6564859062.5,-25.04846
6564860000.0,-25.04899
6564860937.5,-25.04975
6564861875.0,-25.05285
6564862812.5,-25.05704
6564863750.0,-25.0598
6564864687.5,-25.06122
6564865625.0,-25.05781
6564866562.5,-25.06527
6564867500.0,-25.06834
6564868437.5,-25.07181
6564869375.0,-25.07228
6564870312.5,-25.07675
6564871250.0,-25.08025
6564872187.5,-25.0828
6564873125.0,-25.08591
6564874062.5,-25.08797
6564875000.0,-25.088
6564875937.5,-25.09083
6564876875.0,-25.09661
6564877812.5,-25.10054
6564878750.0,-25.10089
6564879687.5,-25.10421
6564880625.0,-25.10509
6564881562.5,-25.10822
6564882500.0,-25.10909
6564883437.5,-25.115
6564884375.0,-25.11439
6564885312.5,-25.11956
6564886250.0,-25.11971
6564887187.5,-25.12477
6564888125.0,-25.12784
6564889062.5,-25.13138
6564890000.0,-25.13346
6564890937.5,-25.13576
6564891875.0,-25.14046
6564892812.5,-25.14333
6564893750.0,-25.14302
6564894687.5,-25.14727
6564895625.0,-25.14545
6564896562.5,-25.14898
6564897500.0,-25.15102
6564898437.5,-25.15739
6564899375.0,-25.15613
6564900312.5,-25.15863
6564901250.0,-25.16531
6564902187.5,-25.16477
6564903125.0,-25.16893
6564904062.5,-25.16999
6564905000.0,-25.17393
6564905937.5,-25.1756
6564906875.0,-25.18272
6564907812.5,-25.18039
6564908750.0,-25.18582
6564909687.5,-25.18382
6564910625.0,-25.19053
6564911562.5,-25.19496
6564912500.0,-25.1932
6564913437.5,-25.19797
6564914375.0,-25.19776
6564915312.5,-25.20341
6564916250.0,-25.20264
6564917187.5,-25.20774
6564918125.0,-25.20891
6564919062.5,-25.21298
6564920000.0,-25.21897
6564920937.5,-25.22098
6564921875.0,-25.22177
6564922812.5,-25.22063
6564923750.0,-25.22512
6564924687.5,-25.22675
6564925625.0,-25.23121
6564926562.5,-25.2288
6564927500.0,-25.23764
6564928437.5,-25.23687
6564929375.0,-25.24132
6564930312.5,-25.2434
6564931250.0,-25.24349
6564932187.5,-25.24635
6564933125.0,-25.25329
6564934062.5,-25.25263
6564935000.0,-25.25532
6564935937.5,-25.25969
6564936875.0,-25.2639
6564937812.5,-25.2636
6564938750.0,-25.26653
6564939687.5,-25.27267
6564940625.0,-25.27282
6564941562.5,-25.2725
6564942500.0,-25.28054
6564943437.5,-25.28092
6564944375.0,-25.28333
6564945312.5,-25.28664
6564946250.0,-25.28789
6564947187.5,-25.29214
6564948125.0,-25.29593
6564949062.5,-25.29592
6564950000.0,-25.30086
6564950937.5,-25.29952
6564951875.0,-25.3052
6564952812.5,-25.30699
6564953750.0,-25.30938
6564954687.5,-25.31197
6564955625.0,-25.31575
6564956562.5,-25.31696
6564957500.0,-25.32214
6564958437.5,-25.3217
6564959375.0,-25.32288
6564960312.5,-25.32703
6564961250.0,-25.32859
6564962187.5,-25.33192
6564963125.0,-25.33468
6564964062.5,-25.33873
6564965000.0,-25.33814
6564965937.5,-25.34284
6564966875.0,-25.34314
6564967812.5,-25.35076
6564968750.0,-25.34826
6564969687.5,-25.35188
6564970625.0,-25.35516
6564971562.5,-25.35789
6564972500.0,-25.35705
6564973437.5,-25.363
6564974375.0,-25.36551
6564975312.5,-25.36896
6564976250.0,-25.36924
6564977187.5,-25.37304
6564978125.0,-25.37412
6564979062.5,-25.37874
6564980000.0,-25.38189
6564980937.5,-25.38426
6564981875.0,-25.38424
6564982812.5,-25.38644
6564983750.0,-25.39095
6564984687.5,-25.3927
6564985625.0,-25.39614
6564986562.5,-25.3982
6564987500.0,-25.40344
6564988437.5,-25.40432
6564989375.0,-25.40631
6564990312.5,-25.40699
6564991250.0,-25.41129
6564992187.5,-25.41205
6564993125.0,-25.41551
6564994062.5,-25.41736
6564995000.0,-25.42186
6564995937.5,-25.424
6564996875.0,-25.42451
6564997812.5,-25.42892
6564998750.0,-25.43266
6564999687.5,-25.43638
6565000625.0,-25.43945
6565001562.5,-25.43687
6565002500.0,-25.44063
6565003437.5,-25.4443
6565004375.0,-25.44547
6565005312.5,-25.44539
6565006250.0,-25.45302
6565007187.5,-25.45651
6565008125.0,-25.45804
6565009062.5,-25.45758
6565010000.0,-25.46684
6565010937.5,-25.46504
6565011875.0,-25.46559
6565012812.5,-25.46779
6565013750.0,-25.47408
6565014687.5,-25.47497
6565015625.0,-25.47214
6565016562.5,-25.47658
6565017500.0,-25.48194
6565018437.5,-25.48001
6565019375.0,-25.4853
6565020312.5,-25.48742
6565021250.0,-25.48834
6565022187.5,-25.49517
6565023125.0,-25.49663
6565024062.5,-25.50047
6565025000.0,-25.50181
6565025937.5,-25.50293
6565026875.0,-25.50526
6565027812.5,-25.50823
6565028750.0,-25.50965
6565029687.5,-25.51781
6565030625.0,-25.51679
6565031562.5,-25.51944
6565032500.0,-25.52113
6565033437.5,-25.52337
6565034375.0,-25.52715
6565035312.5,-25.53104
6565036250.0,-25.53152
6565037187.5,-25.53468
6565038125.0,-25.53525
6565039062.5,-25.53853
6565040000.0,-25.54109
6565040937.5,-25.54354
6565041875.0,-25.54576
6565042812.5,-25.55367
6565043750.0,-25.55184
6565044687.5,-25.55333
6565045625.0,-25.55748
6565046562.5,-25.55728
6565047500.0,-25.56115
6565048437.5,-25.56182
6565049375.0,-25.56353
6565050312.5,-25.57029
6565051250.0,-25.56905
6565052187.5,-25.57416
6565053125.0,-25.57567
6565054062.5,-25.57874
6565055000.0,-25.58168
6565055937.5,-25.58254
6565056875.0,-25.58886
6565057812.5,-25.58824
6565058750.0,-25.59235
6565059687.5,-25.5931
6565060625.0,-25.59793
6565061562.5,-25.60123
6565062500.0,-25.60155
6565063437.5,-25.60412
6565064375.0,-25.60487
6565065312.5,-25.61193
6565066250.0,-25.60987
6565067187.5,-25.61716
6565068125.0,-25.61759
6565069062.5,-25.6198
6565070000.0,-25.61869
6565070937.5,-25.6229
6565071875.0,-25.62388
6565072812.5,-25.62721
6565073750.0,-25.6354
6565074687.5,-25.63424
6565075625.0,-25.63641
6565076562.5,-25.64063
6565077500.0,-25.64326
6565078437.5,-25.64395
6565079375.0,-25.64812
6565080312.5,-25.64964
6565081250.0,-25.65109
6565082187.5,-25.65639
6565083125.0,-25.65686
6565084062.5,-25.66408
6565085000.0,-25.66046
6565085937.5,-25.6634
6565086875.0,-25.6679
6565087812.5,-25.66868
6565088750.0,-25.67218
6565089687.5,-25.67447
6565090625.0,-25.67754
6565091562.5,-25.679
6565092500.0,-25.68141
6565093437.5,-25.68664
6565094375.0,-25.68648
6565095312.5,-25.6872
6565096250.0,-25.69136
6565097187.5,-25.69598
6565098125.0,-25.69426
6565099062.5,-25.70003
6565100000.0,-25.70168
6565100937.5,-25.70193
6565101875.0,-25.70374
6565102812.5,-25.71108
6565103750.0,-25.71193
6565104687.5,-25.71274
6565105625.0,-25.71677
6565106562.5,-25.71649
6565107500.0,-25.71938
6565108437.5,-25.7244
6565109375.0,-25.72539
6565110312.5,-25.72799
6565111250.0,-25.73082
6565112187.5,-25.73219
6565113125.0,-25.73739
6565114062.5,-25.73759
6565115000.0,-25.74341
6565115937.5,-25.74458
6565116875.0,-25.74563
6565117812.5,-25.74844
6565118750.0,-25.74964
6565119687.5,-25.75184
6565120625.0,-25.75718
6565121562.5,-25.75858
6565122500.0,-25.75989
6565123437.5,-25.76425
6565124375.0,-25.76368
6565125312.5,-25.77131
6565126250.0,-25.77021
6565127187.5,-25.77266
6565128125.0,-25.77643
6565129062.5,-25.77786
6565130000.0,-25.78037
6565130937.5,-25.7849
6565131875.0,-25.78422
6565132812.5,-25.78367
6565133750.0,-25.79028
6565134687.5,-25.79377
6565135625.0,-25.79384
6565136562.5,-25.79545
6565137500.0,-25.80053
6565138437.5,-25.80186
6565139375.0,-25.79935
6565140312.5,-25.80676
6565141250.0,-25.80892
6565142187.5,-25.81004
6565143125.0,-25.81291
6565144062.5,-25.81426
6565145000.0,-25.81992
6565145937.5,-25.82285
6565146875.0,-25.82593
6565147812.5,-25.82721
6565148750.0,-25.83093
6565149687.5,-25.83154
6565150625.0,-25.82938
6565151562.5,-25.83254
6565152500.0,-25.83542
6565153437.5,-25.83947
6565154375.0,-25.84194
6565155312.5,-25.84595
6565156250.0,-25.84981
6565157187.5,-25.85111
6565158125.0,-25.85386
6565159062.5,-25.85267
6565160000.0,-25.8546
6565160937.5,-25.86158
6565161875.0,-25.86291
6565162812.5,-25.86491
6565163750.0,-25.86949
6565164687.5,-25.86509
6565165625.0,-25.87285
6565166562.5,-25.87457
6565167500.0,-25.87571
6565168437.5,-25.88255
6565169375.0,-25.8822
6565170312.5,-25.88614
6565171250.0,-25.88386
6565172187.5,-25.88759
6565173125.0,-25.89259
6565174062.5,-25.89558
6565175000.0,-25.89216
6565175937.5,-25.89866
6565176875.0,-25.90088
6565177812.5,-25.90272
6565178750.0,-25.90943
6565179687.5,-25.90465
6565180625.0,-25.91179
6565181562.5,-25.91352
6565182500.0,-25.91694
6565183437.5,-25.9178
6565184375.0,-25.9161
6565185312.5,-25.91879
6565186250.0,-25.92739
6565187187.5,-25.93188
6565188125.0,-25.93361
6565189062.5,-25.93413
6565190000.0,-25.9332
6565190937.5,-25.93881
6565191875.0,-25.94077
6565192812.5,-25.94357
6565193750.0,-25.94572
6565194687.5,-25.94969
6565195625.0,-25.94832
6565196562.5,-25.9501
6565197500.0,-25.95581
6565198437.5,-25.95826
6565199375.0,-25.95848
6565200312.5,-25.96282
6565201250.0,-25.96333
6565202187.5,-25.9649
6565203125.0,-25.96395
6565204062.5,-25.97009
6565205000.0,-25.97233
6565205937.5,-25.97438
6565206875.0,-25.97833
6565207812.5,-25.98109
6565208750.0,-25.98553
6565209687.5,-25.98539
6565210625.0,-25.98763
6565211562.5,-25.99138
6565212500.0,-25.99133
6565213437.5,-25.99997
6565214375.0,-25.99892
6565215312.5,-25.99915
6565216250.0,-25.99999
6565217187.5,-26.00604
6565218125.0,-26.00701
6565219062.5,-26.01088
6565220000.0,-26.00829
6565220937.5,-26.01171
6565221875.0,-26.0186
6565222812.5,-26.01713
6565223750.0,-26.01915
6565224687.5,-26.02467
6565225625.0,-26.02584
6565226562.5,-26.02789
6565227500.0,-26.0305
6565228437.5,-26.03164
6565229375.0,-26.03516
6565230312.5,-26.03304
6565231250.0,-26.04108
6565232187.5,-26.04322
6565233125.0,-26.04332
6565234062.5,-26.04515
6565235000.0,-26.0513
6565235937.5,-26.05529
6565236875.0,-26.04823
6565237812.5,-26.05691
6565238750.0,-26.0604
6565239687.5,-26.06171
6565240625.0,-26.06723
6565241562.5,-26.06467
6565242500.0,-26.06604
6565243437.5,-26.07016
6565244375.0,-26.07311
6565245312.5,-26.075
6565246250.0,-26.07636
6565247187.5,-26.08005
6565248125.0,-26.08033
6565249062.5,-26.0842
6565250000.0,-26.08484
6565250937.5,-26.09005
6565251875.0,-26.09335
6565252812.5,-26.0988
6565253750.0,-26.09655
6565254687.5,-26.0985
6565255625.0,-26.10268
6565256562.5,-26.10269
6565257500.0,-26.10845
6565258437.5,-26.11068
6565259375.0,-26.11182
6565260312.5,-26.11026
6565261250.0,-26.11485
6565262187.5,-26.1158
6565263125.0,-26.12428
6565264062.5,-26.12002
6565265000.0,-26.1245
6565265937.5,-26.12743
6565266875.0,-26.12506
6565267812.5,-26.13493
6565268750.0,-26.13586
6565269687.5,-26.13824
6565270625.0,-26.14041
6565271562.5,-26.14173
6565272500.0,-26.14459
6565273437.5,-26.14594
6565274375.0,-26.14621
6565275312.5,-26.15388
6565276250.0,-26.15612
6565277187.5,-26.15932
6565278125.0,-26.15763
6565279062.5,-26.16165
6565280000.0,-26.1667
6565280937.5,-26.1644
6565281875.0,-26.16782
6565282812.5,-26.1726
6565283750.0,-26.1729
6565284687.5,-26.17262
6565285625.0,-26.17635
6565286562.5,-26.17758
6565287500.0,-26.18131
6565288437.5,-26.18235
6565289375.0,-26.18657
6565290312.5,-26.1838
6565291250.0,-26.18828
6565292187.5,-26.19262
6565293125.0,-26.19366
6565294062.5,-26.20027
6565295000.0,-26.20153
6565295937.5,-26.20351
6565296875.0,-26.20697
6565297812.5,-26.2074
6565298750.0,-26.20812
6565299687.5,-26.21038
6565300625.0,-26.21104
6565301562.5,-26.21889
6565302500.0,-26.21698
6565303437.5,-26.22166
6565304375.0,-26.22376
6565305312.5,-26.22722
6565306250.0,-26.22589
6565307187.5,-26.23485
6565308125.0,-26.23042
6565309062.5,-26.23765
6565310000.0,-26.23761
6565310937.5,-26.23734
6565311875.0,-26.2442
6565312812.5,-26.24239
6565313750.0,-26.24973
6565314687.5,-26.2513
6565315625.0,-26.25485
6565316562.5,-26.25345
6565317500.0,-26.25785
6565318437.5,-26.26175
6565319375.0,-26.25971
6565320312.5,-26.26452
6565321250.0,-26.26361
6565322187.5,-26.27189
6565323125.0,-26.27105
6565324062.5,-26.27151
6565325000.0,-26.27315
6565325937.5,-26.27924
6565326875.0,-26.27659
6565327812.5,-26.28303
6565328750.0,-26.28552
6565329687.5,-26.28561
6565330625.0,-26.28545
6565331562.5,-26.29276
6565332500.0,-26.29055
6565333437.5,-26.29686
6565334375.0,-26.29475
6565335312.5,-26.297
6565336250.0,-26.29735
6565337187.5,-26.30692
6565338125.0,-26.30645
6565339062.5,-26.30695
6565340000.0,-26.31137
6565340937.5,-26.31069
6565341875.0,-26.31453
6565342812.5,-26.32095
6565343750.0,-26.32205
6565344687.5,-26.32337
6565345625.0,-26.32615
6565346562.5,-26.32502
6565347500.0,-26.3334
6565348437.5,-26.33192
6565349375.0,-26.33435
6565350312.5,-26.33782
6565351250.0,-26.34257
6565352187.5,-26.33777
6565353125.0,-26.34202
6565354062.5,-26.34191
6565355000.0,-26.34604
6565355937.5,-26.35268
6565356875.0,-26.35346
6565357812.5,-26.35645
6565358750.0,-26.35582
6565359687.5,-26.36211
6565360625.0,-26.36439
6565361562.5,-26.3607
6565362500.0,-26.36629
6565363437.5,-26.37214
6565364375.0,-26.37502
6565365312.5,-26.3758
6565366250.0,-26.37543
6565367187.5,-26.3821
6565368125.0,-26.38373
6565369062.5,-26.38841
6565370000.0,-26.38633
6565370937.5,-26.38784
6565371875.0,-26.39051
6565372812.5,-26.39201
6565373750.0,-26.39318
6565374687.5,-26.39586
6565375625.0,-26.39924
6565376562.5,-26.4045
6565377500.0,-26.4014
6565378437.5,-26.40541
6565379375.0,-26.40705
6565380312.5,-26.41174
6565381250.0,-26.4115
6565382187.5,-26.41402
6565383125.0,-26.4159
6565384062.5,-26.41999
6565385000.0,-26.42324
6565385937.5,-26.42411
6565386875.0,-26.42769
6565387812.5,-26.42747
6565388750.0,-26.4318
6565389687.5,-26.43497
6565390625.0,-26.43391
6565391562.5,-26.43602
6565392500.0,-26.44034
6565393437.5,-26.44146
6565394375.0,-26.44556
6565395312.5,-26.44822
6565396250.0,-26.45378
6565397187.5,-26.44941
6565398125.0,-26.45511
6565399062.5,-26.45414
6565400000.0,-26.45793
6565400937.5,-26.46001
6565401875.0,-26.46165
6565402812.5,-26.46535
6565403750.0,-26.46659
6565404687.5,-26.47056
6565405625.0,-26.47551
6565406562.5,-26.47431
6565407500.0,-26.47672
6565408437.5,-26.48146
6565409375.0,-26.48158
6565410312.5,-26.49067
6565411250.0,-26.48544
6565412187.5,-26.49286
6565413125.0,-26.48721
6565414062.5,-26.49239
6565415000.0,-26.49366
6565415937.5,-26.50036
6565416875.0,-26.50431
6565417812.5,-26.49777
6565418750.0,-26.50566
6565419687.5,-26.50732
6565420625.0,-26.50731
6565421562.5,-26.51247
6565422500.0,-26.5134
6565423437.5,-26.51311
6565424375.0,-26.5187
6565425312.5,-26.51765
6565426250.0,-26.52308
6565427187.5,-26.52356
6565428125.0,-26.5262
6565429062.5,-26.53323
6565430000.0,-26.53152
6565430937.5,-26.5313
6565431875.0,-26.5332
6565432812.5,-26.53539
6565433750.0,-26.53973
6565434687.5,-26.54066
6565435625.0,-26.54432
6565436562.5,-26.54629
6565437500.0,-26.55023
6565438437.5,-26.55136
6565439375.0,-26.55532
6565440312.5,-26.55376
6565441250.0,-26.55745
6565442187.5,-26.56142
6565443125.0,-26.56399
6565444062.5,-26.56359
6565445000.0,-26.56731
6565445937.5,-26.56313
6565446875.0,-26.57212
6565447812.5,-26.57269
6565448750.0,-26.57516
6565449687.5,-26.57706
6565450625.0,-26.58438
6565451562.5,-26.58218
6565452500.0,-26.58286
6565453437.5,-26.58828
6565454375.0,-26.58854
6565455312.5,-26.59105
6565456250.0,-26.59302
6565457187.5,-26.59867
6565458125.0,-26.60163
6565459062.5,-26.60063
6565460000.0,-26.60577
6565460937.5,-26.60364
6565461875.0,-26.6047
6565462812.5,-26.60708
6565463750.0,-26.61292
6565464687.5,-26.60966
6565465625.0,-26.61612
6565466562.5,-26.61425
6565467500.0,-26.62197
6565468437.5,-26.62267
6565469375.0,-26.62725
6565470312.5,-26.62862
6565471250.0,-26.63242
6565472187.5,-26.63524
6565473125.0,-26.63556
6565474062.5,-26.63611
6565475000.0,-26.64012
6565475937.5,-26.63856
6565476875.0,-26.63829
6565477812.5,-26.64377
6565478750.0,-26.64779
6565479687.5,-26.65115
6565480625.0,-26.65278
6565481562.5,-26.65344
6565482500.0,-26.65703
6565483437.5,-26.66326
6565484375.0,-26.65675
6565485312.5,-26.66491
6565486250.0,-26.66265
6565487187.5,-26.66763
6565488125.0,-26.66642
6565489062.5,-26.66886
6565490000.0,-26.67058
6565490937.5,-26.67517
6565491875.0,-26.67451
6565492812.5,-26.68132
6565493750.0,-26.68436
6565494687.5,-26.6861
6565495625.0,-26.68451
6565496562.5,-26.68824
6565497500.0,-26.694
6565498437.5,-26.68797
6565499375.0,-26.69683
6565500312.5,-26.69711
6565501250.0,-26.7023
6565502187.5,-26.70294
6565503125.0,-26.70392
6565504062.5,-26.70807
6565505000.0,-26.7119
6565505937.5,-26.70959
6565506875.0,-26.71419
6565507812.5,-26.71383
6565508750.0,-26.71811
6565509687.5,-26.72187
6565510625.0,-26.7236
6565511562.5,-26.7223
6565512500.0,-26.72593
6565513437.5,-26.72717
6565514375.0,-26.73261
6565515312.5,-26.73399
6565516250.0,-26.73681
6565517187.5,-26.73879
6565518125.0,-26.73759
6565519062.5,-26.74177
6565520000.0,-26.74611
6565520937.5,-26.74893
6565521875.0,-26.75254
6565522812.5,-26.75161
6565523750.0,-26.75341
6565524687.5,-26.75093
6565525625.0,-26.7585
6565526562.5,-26.76362
6565527500.0,-26.7627
6565528437.5,-26.76328
6565529375.0,-26.7642
6565530312.5,-26.76694
6565531250.0,-26.77194
6565532187.5,-26.77204
6565533125.0,-26.77554
6565534062.5,-26.77972
6565535000.0,-26.77929
6565535937.5,-26.78344
6565536875.0,-26.78155
6565537812.5,-26.78492
6565538750.0,-26.7892
6565539687.5,-26.78837
6565540625.0,-26.79098
6565541562.5,-26.79399
6565542500.0,-26.79545
6565543437.5,-26.79693
6565544375.0,-26.80113
6565545312.5,-26.79997
6565546250.0,-26.80325
6565547187.5,-26.80888
6565548125.0,-26.80849
6565549062.5,-26.81246
6565550000.0,-26.81312
6565550937.5,-26.8173
6565551875.0,-26.82028
6565552812.5,-26.8255
6565553750.0,-26.82534
6565554687.5,-26.83004
6565555625.0,-26.82698
6565556562.5,-26.83327
6565557500.0,-26.83215
6565558437.5,-26.83362
6565559375.0,-26.83841
6565560312.5,-26.83784
6565561250.0,-26.83913
6565562187.5,-26.84035
6565563125.0,-26.84658
6565564062.5,-26.84772
6565565000.0,-26.85126
6565565937.5,-26.85051
6565566875.0,-26.85555
6565567812.5,-26.85639
6565568750.0,-26.85932
6565569687.5,-26.8626
6565570625.0,-26.86786
6565571562.5,-26.86047
6565572500.0,-26.86547
6565573437.5,-26.87175
6565574375.0,-26.87249
6565575312.5,-26.86963
6565576250.0,-26.8748
6565577187.5,-26.87509
6565578125.0,-26.87985
6565579062.5,-26.88145
6565580000.0,-26.88152
6565580937.5,-26.88282
6565581875.0,-26.88729
6565582812.5,-26.88924
6565583750.0,-26.89245
6565584687.5,-26.89482
6565585625.0,-26.90026
6565586562.5,-26.89981
6565587500.0,-26.90363
6565588437.5,-26.90304
6565589375.0,-26.90616
6565590312.5,-26.9081
6565591250.0,-26.90912
6565592187.5,-26.91369
6565593125.0,-26.91513
6565594062.5,-26.91154
6565595000.0,-26.91715
6565595937.5,-26.92381
6565596875.0,-26.92162
6565597812.5,-26.92264
6565598750.0,-26.92231
6565599687.5,-26.92888
6565600625.0,-26.93121
6565601562.5,-26.92922
6565602500.0,-26.93607
6565603437.5,-26.93866
6565604375.0,-26.94178
6565605312.5,-26.93985
6565606250.0,-26.94892
6565607187.5,-26.94633
6565608125.0,-26.94662
6565609062.5,-26.95087
6565610000.0,-26.95479
6565610937.5,-26.95477
6565611875.0,-26.95723
6565612812.5,-26.95862
6565613750.0,-26.96522
6565614687.5,-26.96245
6565615625.0,-26.96507
6565616562.5,-26.97048
6565617500.0,-26.96956
6565618437.5,-26.96777
6565619375.0,-26.97398
6565620312.5,-26.97922
6565621250.0,-26.98059
6565622187.5,-26.98106
6565623125.0,-26.98295
6565624062.5,-26.98852
6565625000.0,-26.98584
6565625937.5,-26.99159
6565626875.0,-26.98817
6565627812.5,-26.998
6565628750.0,-26.99534
6565629687.5,-26.99835
6565630625.0,-26.99937
6565631562.5,-27.00152
6565632500.0,-26.99997
6565633437.5,-27.00395
6565634375.0,-27.01071
6565635312.5,-27.01109
6565636250.0,-27.0149
6565637187.5,-27.01682
6565638125.0,-27.01964
6565639062.5,-27.02161
6565640000.0,-27.02205
6565640937.5,-27.02161
6565641875.0,-27.02839
6565642812.5,-27.03093
6565643750.0,-27.0281
6565644687.5,-27.03205
6565645625.0,-27.0288
6565646562.5,-27.03629
6565647500.0,-27.03586
6565648437.5,-27.03816
6565649375.0,-27.04667
6565650312.5,-27.04514
6565651250.0,-27.0477
6565652187.5,-27.05054
6565653125.0,-27.0539
6565654062.5,-27.05113
6565655000.0,-27.05771
6565655937.5,-27.05361
6565656875.0,-27.06155
6565657812.5,-27.06386
6565658750.0,-27.06474
6565659687.5,-27.06581
6565660625.0,-27.07048
6565661562.5,-27.07146
6565662500.0,-27.06988
6565663437.5,-27.0769
6565664375.0,-27.0787
6565665312.5,-27.07599
6565666250.0,-27.08412
6565667187.5,-27.08388
6565668125.0,-27.08815
6565669062.5,-27.08726
6565670000.0,-27.09004
6565670937.5,-27.09062
6565671875.0,-27.08804
6565672812.5,-27.09627
6565673750.0,-27.09979
6565674687.5,-27.09611
6565675625.0,-27.10482
6565676562.5,-27.10571
6565677500.0,-27.10478
6565678437.5,-27.11032
6565679375.0,-27.11473
6565680312.5,-27.11394
6565681250.0,-27.1138
6565682187.5,-27.12031
6565683125.0,-27.1209
6565684062.5,-27.12074
6565685000.0,-27.1226
6565685937.5,-27.12717
6565686875.0,-27.12395
6565687812.5,-27.13009
6565688750.0,-27.13131
6565689687.5,-27.13774
6565690625.0,-27.1339
6565691562.5,-27.1403
6565692500.0,-27.14244
6565693437.5,-27.14068
6565694375.0,-27.14083
6565695312.5,-27.14622
6565696250.0,-27.15023
6565697187.5,-27.1522
6565698125.0,-27.15285
6565699062.5,-27.15516
6565700000.0,-27.15699
6565700937.5,-27.15652
6565701875.0,-27.15959
6565702812.5,-27.16099
6565703750.0,-27.16225
6565704687.5,-27.16764
6565705625.0,-27.17336
6565706562.5,-27.1739
6565707500.0,-27.17112
6565708437.5,-27.17754
6565709375.0,-27.18004
6565710312.5,-27.17646
6565711250.0,-27.17935
6565712187.5,-27.1866
6565713125.0,-27.18448
6565714062.5,-27.18957
6565715000.0,-27.18851
6565715937.5,-27.19076
6565716875.0,-27.19328
6565717812.5,-27.19942
6565718750.0,-27.20065
6565719687.5,-27.2036
6565720625.0,-27.2035
6565721562.5,-27.20301
6565722500.0,-27.20742
6565723437.5,-27.2102
6565724375.0,-27.21234
6565725312.5,-27.21464
6565726250.0,-27.21572
6565727187.5,-27.21932
6565728125.0,-27.21755
6565729062.5,-27.22347
6565730000.0,-27.22604
6565730937.5,-27.22605
6565731875.0,-27.22529
6565732812.5,-27.23359
6565733750.0,-27.22796
6565734687.5,-27.23659
6565735625.0,-27.23449
6565736562.5,-27.23857
6565737500.0,-27.23812
6565738437.5,-27.24367
6565739375.0,-27.24524
6565740312.5,-27.24555
6565741250.0,-27.24672
6565742187.5,-27.25804
6565743125.0,-27.25725
6565744062.5,-27.25739
6565745000.0,-27.25316
6565745937.5,-27.26413
6565746875.0,-27.26116
6565747812.5,-27.26218
6565748750.0,-27.26862
6565749687.5,-27.26134
6565750625.0,-27.27193
6565751562.5,-27.27003
6565752500.0,-27.2726
6565753437.5,-27.27065
6565754375.0,-27.2775
6565755312.5,-27.28136
6565756250.0,-27.28498
6565757187.5,-27.28009
6565758125.0,-27.28778
6565759062.5,-27.28763
6565760000.0,-27.29082
6565760937.5,-27.2952
6565761875.0,-27.2969
6565762812.5,-27.29516
6565763750.0,-27.2988
6565764687.5,-27.30261
6565765625.0,-27.30274
6565766562.5,-27.30476
6565767500.0,-27.30799
6565768437.5,-27.30596
6565769375.0,-27.31162
6565770312.5,-27.31382
6565771250.0,-27.30931
6565772187.5,-27.31424
6565773125.0,-27.32307
6565774062.5,-27.32398
6565775000.0,-27.3235
6565775937.5,-27.32408
6565776875.0,-27.3276
6565777812.5,-27.32545
6565778750.0,-27.3343
6565779687.5,-27.33471
6565780625.0,-27.33701
6565781562.5,-27.33353
6565782500.0,-27.33795
6565783437.5,-27.33991
6565784375.0,-27.34259
6565785312.5,-27.34735
6565786250.0,-27.34339
6565787187.5,-27.34878
6565788125.0,-27.35024
6565789062.5,-27.35637
6565790000.0,-27.35624
6565790937.5,-27.3612
6565791875.0,-27.36614
6565792812.5,-27.3618
6565793750.0,-27.36518
6565794687.5,-27.36718
6565795625.0,-27.36811
6565796562.5,-27.37217
6565797500.0,-27.3739
6565798437.5,-27.37766
6565799375.0,-27.37749
6565800312.5,-27.38009
6565801250.0,-27.37765
6565802187.5,-27.38003
6565803125.0,-27.38432
6565804062.5,-27.38689
6565805000.0,-27.39188
6565805937.5,-27.3918
6565806875.0,-27.39564
6565807812.5,-27.39681
6565808750.0,-27.39631
6565809687.5,-27.39946
6565810625.0,-27.39967
6565811562.5,-27.39782
6565812500.0,-27.40614
6565813437.5,-27.40904
6565814375.0,-27.4131
6565815312.5,-27.41033
6565816250.0,-27.4092
6565817187.5,-27.41766
6565818125.0,-27.41684
6565819062.5,-27.41665
6565820000.0,-27.42312
6565820937.5,-27.42654
6565821875.0,-27.42882
6565822812.5,-27.42902
6565823750.0,-27.43073
6565824687.5,-27.42997
6565825625.0,-27.43155
6565826562.5,-27.43541
6565827500.0,-27.43657
6565828437.5,-27.43916
6565829375.0,-27.44024
6565830312.5,-27.44409
6565831250.0,-27.44674
6565832187.5,-27.44719
6565833125.0,-27.45021
6565834062.5,-27.45337
6565835000.0,-27.45557
6565835937.5,-27.45538
6565836875.0,-27.45792
6565837812.5,-27.45897
6565838750.0,-27.46415
6565839687.5,-27.46453
6565840625.0,-27.46835
6565841562.5,-27.46844
6565842500.0,-27.46617
6565843437.5,-27.47268
6565844375.0,-27.47488
6565845312.5,-27.47687
6565846250.0,-27.4779
6565847187.5,-27.47882
6565848125.0,-27.48136
6565849062.5,-27.48195
6565850000.0,-27.48548
6565850937.5,-27.48989
6565851875.0,-27.48808
6565852812.5,-27.49718
6565853750.0,-27.49026
6565854687.5,-27.4945
6565855625.0,-27.49538
6565856562.5,-27.49973
6565857500.0,-27.50169
6565858437.5,-27.5052
6565859375.0,-27.5053
6565860312.5,-27.51418
6565861250.0,-27.51362
6565862187.5,-27.5153
6565863125.0,-27.51769
6565864062.5,-27.51818
6565865000.0,-27.51994
6565865937.5,-27.52076
6565866875.0,-27.51974
6565867812.5,-27.5259
6565868750.0,-27.5268
6565869687.5,-27.52641
6565870625.0,-27.52887
6565871562.5,-27.52997
6565872500.0,-27.53928
6565873437.5,-27.53862
6565874375.0,-27.54019
6565875312.5,-27.54207
6565876250.0,-27.54059
6565877187.5,-27.54522
6565878125.0,-27.55354
6565879062.5,-27.55032
6565880000.0,-27.55182
6565880937.5,-27.55383
6565881875.0,-27.55417
6565882812.5,-27.55604
6565883750.0,-27.55781
6565884687.5,-27.55938
6565885625.0,-27.56557
6565886562.5,-27.56534
6565887500.0,-27.56783
6565888437.5,-27.57113
6565889375.0,-27.57227
6565890312.5,-27.57264
6565891250.0,-27.57535
6565892187.5,-27.57978
6565893125.0,-27.57759
6565894062.5,-27.57957
6565895000.0,-27.58254
6565895937.5,-27.58846
6565896875.0,-27.58586
6565897812.5,-27.59058
6565898750.0,-27.58996
6565899687.5,-27.59405
6565900625.0,-27.5938
6565901562.5,-27.59852
6565902500.0,-27.59894
6565903437.5,-27.6056
6565904375.0,-27.60415
6565905312.5,-27.6063
6565906250.0,-27.60864
6565907187.5,-27.612
6565908125.0,-27.60878
6565909062.5,-27.61339
6565910000.0,-27.61897
6565910937.5,-27.61833
6565911875.0,-27.61718
6565912812.5,-27.61867
6565913750.0,-27.62207
6565914687.5,-27.61961
6565915625.0,-27.62977
6565916562.5,-27.63163
6565917500.0,-27.63575
6565918437.5,-27.62949
6565919375.0,-27.63716
6565920312.5,-27.63493
6565921250.0,-27.6364
6565922187.5,-27.64291
6565923125.0,-27.63973
6565924062.5,-27.6441
6565925000.0,-27.65133
6565925937.5,-27.64714
6565926875.0,-27.65359
6565927812.5,-27.65171
6565928750.0,-27.65536
6565929687.5,-27.66051
6565930625.0,-27.66275
6565931562.5,-27.66093
6565932500.0,-27.66176
6565933437.5,-27.66945
6565934375.0,-27.66832
6565935312.5,-27.66821
6565936250.0,-27.67112
6565937187.5,-27.67218
6565938125.0,-27.67572
6565939062.5,-27.67614
6565940000.0,-27.68205
6565940937.5,-27.68231
6565941875.0,-27.68319
6565942812.5,-27.68294
6565943750.0,-27.68802
6565944687.5,-27.687
6565945625.0,-27.69414
6565946562.5,-27.69087
6565947500.0,-27.69622
6565948437.5,-27.69787
6565949375.0,-27.69578
6565950312.5,-27.70143
6565951250.0,-27.70516
6565952187.5,-27.70531
6565953125.0,-27.70941
6565954062.5,-27.71278
6565955000.0,-27.71534
6565955937.5,-27.71459
6565956875.0,-27.7162
6565957812.5,-27.71488
6565958750.0,-27.71565
6565959687.5,-27.72264
6565960625.0,-27.72287
6565961562.5,-27.72409
6565962500.0,-27.72844
6565963437.5,-27.72543
6565964375.0,-27.72738
6565965312.5,-27.73221
6565966250.0,-27.73668
6565967187.5,-27.73746
6565968125.0,-27.73662
6565969062.5,-27.74199
6565970000.0,-27.74326
6565970937.5,-27.74349
6565971875.0,-27.74289
6565972812.5,-27.74623
6565973750.0,-27.75165
6565974687.5,-27.75617
6565975625.0,-27.75457
6565976562.5,-27.75172
6565977500.0,-27.75781
6565978437.5,-27.75888
6565979375.0,-27.76353
6565980312.5,-27.76348
6565981250.0,-27.76455
6565982187.5,-27.77207
6565983125.0,-27.77308
6565984062.5,-27.76869
6565985000.0,-27.77271
6565985937.5,-27.77129
6565986875.0,-27.77702
6565987812.5,-27.77808
6565988750.0,-27.78471
6565989687.5,-27.78519
6565990625.0,-27.78901
6565991562.5,-27.78419
6565992500.0,-27.79412
6565993437.5,-27.79207
6565994375.0,-27.79726
6565995312.5,-27.7941
6565996250.0,-27.79455
6565997187.5,-27.80202
6565998125.0,-27.80029
6565999062.5,-27.80176
6566000000.0,-27.80588
6566000937.5,-27.80198
6566001875.0,-27.81069
6566002812.5,-27.81048
6566003750.0,-27.81332
6566004687.5,-27.81365
6566005625.0,-27.81946
6566006562.5,-27.81315
6566007500.0,-27.82182
6566008437.5,-27.82136
6566009375.0,-27.82184
6566010312.5,-27.82257
6566011250.0,-27.82835
6566012187.5,-27.8334
6566013125.0,-27.82885
6566014062.5,-27.83418
6566015000.0,-27.83556
6566015937.5,-27.83969
6566016875.0,-27.84096
6566017812.5,-27.84593
6566018750.0,-27.8423
6566019687.5,-27.84585
6566020625.0,-27.85088
6566021562.5,-27.85195
6566022500.0,-27.85179
6566023437.5,-27.8518
6566024375.0,-27.85058
6566025312.5,-27.85438
6566026250.0,-27.85553
6566027187.5,-27.86421
6566028125.0,-27.85963
6566029062.5,-27.86885
6566030000.0,-27.86901
6566030937.5,-27.8671
6566031875.0,-27.87315
6566032812.5,-27.87861
6566033750.0,-27.87481
6566034687.5,-27.87801
6566035625.0,-27.87958
6566036562.5,-27.88536
6566037500.0,-27.8795
6566038437.5,-27.88512
6566039375.0,-27.88623
6566040312.5,-27.88486
6566041250.0,-27.8915
6566042187.5,-27.89052
6566043125.0,-27.89614
6566044062.5,-27.89609
6566045000.0,-27.89641
6566045937.5,-27.89936
6566046875.0,-27.90208
6566047812.5,-27.89899
6566048750.0,-27.90985
6566049687.5,-27.91032
6566050625.0,-27.90651
6566051562.5,-27.91463
6566052500.0,-27.91067
6566053437.5,-27.91594
6566054375.0,-27.9156
6566055312.5,-27.91825
6566056250.0,-27.92461
6566057187.5,-27.92442
6566058125.0,-27.92659
6566059062.5,-27.92399
6566060000.0,-27.92575
6566060937.5,-27.93218
6566061875.0,-27.93217
6566062812.5,-27.93372
6566063750.0,-27.93542
6566064687.5,-27.94226
6566065625.0,-27.9422
6566066562.5,-27.94104
6566067500.0,-27.94211
6566068437.5,-27.94923
6566069375.0,-27.94746
6566070312.5,-27.95242
6566071250.0,-27.95016
6566072187.5,-27.95463
6566073125.0,-27.96023
6566074062.5,-27.95723
6566075000.0,-27.95813
6566075937.5,-27.96046
6566076875.0,-27.96107
6566077812.5,-27.96326
6566078750.0,-27.96113
6566079687.5,-27.96688
6566080625.0,-27.96878
6566081562.5,-27.97025
6566082500.0,-27.97472
6566083437.5,-27.97576
6566084375.0,-27.97954
6566085312.5,-27.98112
6566086250.0,-27.98468
6566087187.5,-27.98402
6566088125.0,-27.98725
6566089062.5,-27.99117
6566090000.0,-27.99159
6566090937.5,-27.98692
6566091875.0,-27.98878
6566092812.5,-27.99172
6566093750.0,-27.99617
6566094687.5,-28.00137
6566095625.0,-28.00082
6566096562.5,-28.00286
6566097500.0,-28.00854
6566098437.5,-28.00685
6566099375.0,-28.01384
6566100312.5,-28.01017
6566101250.0,-28.01384
6566102187.5,-28.01367
6566103125.0,-28.019
6566104062.5,-28.01796
6566105000.0,-28.02044
6566105937.5,-28.02437
6566106875.0,-28.02294
6566107812.5,-28.02663
6566108750.0,-28.02746
6566109687.5,-28.03203
6566110625.0,-28.02627
6566111562.5,-28.03511
6566112500.0,-28.03878
6566113437.5,-28.03745
6566114375.0,-28.04433
6566115312.5,-28.03968
6566116250.0,-28.04292
6566117187.5,-28.04613
6566118125.0,-28.04389
6566119062.5,-28.05211
6566120000.0,-28.04783
6566120937.5,-28.05052
6566121875.0,-28.0515
6566122812.5,-28.05107
6566123750.0,-28.06397
6566124687.5,-28.06054
6566125625.0,-28.05887
6566126562.5,-28.06298
6566127500.0,-28.06675
6566128437.5,-28.07026
6566129375.0,-28.0682
6566130312.5,-28.07365
6566131250.0,-28.07273
6566132187.5,-28.07363
6566133125.0,-28.07434
6566134062.5,-28.07553
6566135000.0,-28.08358
6566135937.5,-28.0881
6566136875.0,-28.08652
6566137812.5,-28.08599
6566138750.0,-28.08936
6566139687.5,-28.08991
6566140625.0,-28.08966
6566141562.5,-28.09263
6566142500.0,-28.09799
6566143437.5,-28.09323
6566144375.0,-28.09915
6566145312.5,-28.09698
6566146250.0,-28.10203
6566147187.5,-28.09787
6566148125.0,-28.10785
6566149062.5,-28.10857
6566150000.0,-28.11025
6566150937.5,-28.11588
6566151875.0,-28.11796
6566152812.5,-28.1128
6566153750.0,-28.1193
6566154687.5,-28.11838
6566155625.0,-28.11926
6566156562.5,-28.12166
6566157500.0,-28.1284
6566158437.5,-28.12738
6566159375.0,-28.13318
6566160312.5,-28.13548
6566161250.0,-28.13283
6566162187.5,-28.1349
6566163125.0,-28.13471
6566164062.5,-28.1366
6566165000.0,-28.14189
6566165937.5,-28.14635
6566166875.0,-28.14305
6566167812.5,-28.14378
6566168750.0,-28.15132
6566169687.5,-28.15277
6566170625.0,-28.14986
6566171562.5,-28.15592
6566172500.0,-28.15565
6566173437.5,-28.15842
6566174375.0,-28.1593
6566175312.5,-28.16101
6566176250.0,-28.1598
6566177187.5,-28.16407
6566178125.0,-28.16991
6566179062.5,-28.16827
6566180000.0,-28.16852
6566180937.5,-28.17466
6566181875.0,-28.17514
6566182812.5,-28.17751
6566183750.0,-28.1787
6566184687.5,-28.17913
6566185625.0,-28.18637
6566186562.5,-28.1836
6566187500.0,-28.18364
6566188437.5,-28.19039
6566189375.0,-28.19066
6566190312.5,-28.1913
6566191250.0,-28.19322
6566192187.5,-28.19677
6566193125.0,-28.19699
6566194062.5,-28.19903
6566195000.0,-28.1977
6566195937.5,-28.19941
6566196875.0,-28.20078
6566197812.5,-28.20878
6566198750.0,-28.21422
6566199687.5,-28.20957
6566200625.0,-28.21504
6566201562.5,-28.2125
6566202500.0,-28.21663
6566203437.5,-28.21688
6566204375.0,-28.2172
6566205312.5,-28.21649
6566206250.0,-28.22149
6566207187.5,-28.22238
6566208125.0,-28.23101
6566209062.5,-28.23017
6566210000.0,-28.22957
6566210937.5,-28.23414
6566211875.0,-28.23342
6566212812.5,-28.2373
6566213750.0,-28.23489
6566214687.5,-28.24072
6566215625.0,-28.24322
6566216562.5,-28.24112
6566217500.0,-28.24899
6566218437.5,-28.24695
6566219375.0,-28.24943
6566220312.5,-28.24937
6566221250.0,-28.25184
6566222187.5,-28.25538
6566223125.0,-28.25482
6566224062.5,-28.25401
6566225000.0,-28.26324
6566225937.5,-28.26548
6566226875.0,-28.26311
6566227812.5,-28.26275
6566228750.0,-28.26878
6566229687.5,-28.27254
6566230625.0,-28.27135
6566231562.5,-28.27059
6566232500.0,-28.27595
6566233437.5,-28.27845
6566234375.0,-28.28167
6566235312.5,-28.28465
6566236250.0,-28.28482
6566237187.5,-28.28631
6566238125.0,-28.28598
6566239062.5,-28.29047
6566240000.0,-28.29234
6566240937.5,-28.29438
6566241875.0,-28.29104
6566242812.5,-28.29996
6566243750.0,-28.29962
6566244687.5,-28.29463
6566245625.0,-28.29771
6566246562.5,-28.30546
6566247500.0,-28.30762
6566248437.5,-28.30568
6566249375.0,-28.30991
6566250312.5,-28.30878
6566251250.0,-28.31372
6566252187.5,-28.31805
6566253125.0,-28.31669
6566254062.5,-28.31734
6566255000.0,-28.32219
6566255937.5,-28.32228
6566256875.0,-28.32485
6566257812.5,-28.32792
6566258750.0,-28.32309
6566259687.5,-28.32856
6566260625.0,-28.33357
6566261562.5,-28.33295
6566262500.0,-28.33187
6566263437.5,-28.33381
6566264375.0,-28.33723
6566265312.5,-28.33851
6566266250.0,-28.34389
6566267187.5,-28.34403
6566268125.0,-28.35047
6566269062.5,-28.34652
6566270000.0,-28.3503
6566270937.5,-28.34457
6566271875.0,-28.35412
6566272812.5,-28.35494
6566273750.0,-28.35868
6566274687.5,-28.36124
6566275625.0,-28.3634
6566276562.5,-28.36043
6566277500.0,-28.36473
6566278437.5,-28.3703
6566279375.0,-28.36794
6566280312.5,-28.36724
6566281250.0,-28.3663
6566282187.5,-28.37679
6566283125.0,-28.37348
6566284062.5,-28.3733
6566285000.0,-28.38024
6566285937.5,-28.38134
6566286875.0,-28.38158
6566287812.5,-28.38462
6566288750.0,-28.3857
6566289687.5,-28.38624
6566290625.0,-28.3929
6566291562.5,-28.38662
6566292500.0,-28.39558
6566293437.5,-28.39415
6566294375.0,-28.40112
6566295312.5,-28.4041
6566296250.0,-28.40474
6566297187.5,-28.40234
6566298125.0,-28.40195
6566299062.5,-28.40496
6566300000.0,-28.40914
6566300937.5,-28.41316
6566301875.0,-28.41371
6566302812.5,-28.41193
6566303750.0,-28.41236
6566304687.5,-28.41981
6566305625.0,-28.41674
6566306562.5,-28.42231
6566307500.0,-28.42412
6566308437.5,-28.42355
6566309375.0,-28.42238
6566310312.5,-28.42685
6566311250.0,-28.43066
6566312187.5,-28.43041
6566313125.0,-28.43444
6566314062.5,-28.43414
6566315000.0,-28.43855
6566315937.5,-28.43257
6566316875.0,-28.43535
6566317812.5,-28.43656
6566318750.0,-28.44155
6566319687.5,-28.44728
6566320625.0,-28.44057
6566321562.5,-28.4495
6566322500.0,-28.44949
6566323437.5,-28.45605
6566324375.0,-28.45168
6566325312.5,-28.46054
6566326250.0,-28.45461
6566327187.5,-28.46162
6566328125.0,-28.45767
6566329062.5,-28.46379
6566330000.0,-28.46438
6566330937.5,-28.45842
6566331875.0,-28.46523
6566332812.5,-28.47169
6566333750.0,-28.47497
6566334687.5,-28.47505
6566335625.0,-28.48194
6566336562.5,-28.47845
6566337500.0,-28.48257
6566338437.5,-28.47878
6566339375.0,-28.48223
6566340312.5,-28.4853
6566341250.0,-28.48486
6566342187.5,-28.48669
6566343125.0,-28.49245
6566344062.5,-28.49207
6566345000.0,-28.49375
6566345937.5,-28.49722
6566346875.0,-28.5001
6566347812.5,-28.49974
6566348750.0,-28.5017
6566349687.5,-28.50603
6566350625.0,-28.50693
6566351562.5,-28.5062
6566352500.0,-28.51445
6566353437.5,-28.51071
6566354375.0,-28.51298
6566355312.5,-28.51397
6566356250.0,-28.51443
6566357187.5,-28.51811
6566358125.0,-28.52147
6566359062.5,-28.51738
6566360000.0,-28.52225
6566360937.5,-28.52921
6566361875.0,-28.53313
6566362812.5,-28.52908
6566363750.0,-28.53102
6566364687.5,-28.52737
6566365625.0,-28.52939
6566366562.5,-28.53494
6566367500.0,-28.53811
6566368437.5,-28.54185
6566369375.0,-28.54404
6566370312.5,-28.54158
6566371250.0,-28.54672
6566372187.5,-28.54793
6566373125.0,-28.55331
6566374062.5,-28.55355
6566375000.0,-28.54905
6566375937.5,-28.55304
6566376875.0,-28.55365
6566377812.5,-28.5541
6566378750.0,-28.56336
6566379687.5,-28.5638
6566380625.0,-28.55975
6566381562.5,-28.56642
6566382500.0,-28.5616
6566383437.5,-28.56572
6566384375.0,-28.5722
6566385312.5,-28.56503
6566386250.0,-28.5731
6566387187.5,-28.57323
6566388125.0,-28.57898
6566389062.5,-28.57724
6566390000.0,-28.58443
6566390937.5,-28.58552
6566391875.0,-28.57944
6566392812.5,-28.58585
6566393750.0,-28.58055
6566394687.5,-28.58771
6566395625.0,-28.58878
6566396562.5,-28.59398
6566397500.0,-28.59288
6566398437.5,-28.59143
6566399375.0,-28.59847
6566400312.5,-28.59809
6566401250.0,-28.60192
6566402187.5,-28.6029
6566403125.0,-28.60826
6566404062.5,-28.60884
6566405000.0,-28.61365
6566405937.5,-28.61059
6566406875.0,-28.607
6566407812.5,-28.61495
6566408750.0,-28.6182
6566409687.5,-28.61893
6566410625.0,-28.61986
6566411562.5,-28.62057
6566412500.0,-28.62383
6566413437.5,-28.62569
6566414375.0,-28.62327
6566415312.5,-28.62291
6566416250.0,-28.6305
6566417187.5,-28.63366
6566418125.0,-28.63342
6566419062.5,-28.63871
6566420000.0,-28.6365
6566420937.5,-28.63946
6566421875.0,-28.64179
6566422812.5,-28.64516
6566423750.0,-28.64786
6566424687.5,-28.64605
6566425625.0,-28.65224
6566426562.5,-28.64923
6566427500.0,-28.65089
6566428437.5,-28.64963
6566429375.0,-28.65171
6566430312.5,-28.65767
6566431250.0,-28.65504
6566432187.5,-28.66465
6566433125.0,-28.65703
6566434062.5,-28.6678
6566435000.0,-28.66605
6566435937.5,-28.67064
6566436875.0,-28.67017
6566437812.5,-28.66856
6566438750.0,-28.67532
6566439687.5,-28.67181
6566440625.0,-28.67221
6566441562.5,-28.68192
6566442500.0,-28.67763
6566443437.5,-28.68061
6566444375.0,-28.68684
6566445312.5,-28.68491
6566446250.0,-28.68849
6566447187.5,-28.69085
6566448125.0,-28.69444
6566449062.5,-28.68975
6566450000.0,-28.69068
6566450937.5,-28.69905
6566451875.0,-28.70052
6566452812.5,-28.69846
6566453750.0,-28.69993
6566454687.5,-28.70318
6566455625.0,-28.70885
6566456562.5,-28.70781
6566457500.0,-28.70687
6566458437.5,-28.70629
6566459375.0,-28.71657
6566460312.5,-28.71376
6566461250.0,-28.71703
6566462187.5,-28.7165
6566463125.0,-28.7175
6566464062.5,-28.71925
6566465000.0,-28.71894
6566465937.5,-28.72934
6566466875.0,-28.72571
6566467812.5,-28.72835
6566468750.0,-28.72799
6566469687.5,-28.73528
6566470625.0,-28.73396
6566471562.5,-28.73362
6566472500.0,-28.73742
6566473437.5,-28.73633
6566474375.0,-28.74091
6566475312.5,-28.74594
6566476250.0,-28.7453
6566477187.5,-28.74293
6566478125.0,-28.74623
6566479062.5,-28.74469
6566480000.0,-28.74313
6566480937.5,-28.7526
6566481875.0,-28.75005
6566482812.5,-28.7539
6566483750.0,-28.75866
6566484687.5,-28.7573
6566485625.0,-28.757
6566486562.5,-28.75699
6566487500.0,-28.76592
6566488437.5,-28.76639
6566489375.0,-28.76924
6566490312.5,-28.77176
6566491250.0,-28.77279
6566492187.5,-28.77401
6566493125.0,-28.77678
6566494062.5,-28.78041
6566495000.0,-28.77589
6566495937.5,-28.78166
6566496875.0,-28.7847
6566497812.5,-28.78414
6566498750.0,-28.78149
6566499687.5,-28.78604
6566500625.0,-28.78467
6566501562.5,-28.79369
6566502500.0,-28.79329
6566503437.5,-28.7917
6566504375.0,-28.78991
6566505312.5,-28.7925
6566506250.0,-28.79874
6566507187.5,-28.80017
6566508125.0,-28.80188
6566509062.5,-28.80469
6566510000.0,-28.80571
6566510937.5,-28.80372
6566511875.0,-28.80805
6566512812.5,-28.81139
6566513750.0,-28.8185
6566514687.5,-28.81722
6566515625.0,-28.81948
6566516562.5,-28.81843
6566517500.0,-28.82151
6566518437.5,-28.82067
6566519375.0,-28.82485
6566520312.5,-28.82904
6566521250.0,-28.83137
6566522187.5,-28.82766
6566523125.0,-28.83549
6566524062.5,-28.82553
6566525000.0,-28.83101
6566525937.5,-28.83435
6566526875.0,-28.83386
6566527812.5,-28.84089
6566528750.0,-28.84112
6566529687.5,-28.84551
6566530625.0,-28.84156
6566531562.5,-28.84779
6566532500.0,-28.85295
6566533437.5,-28.84797
6566534375.0,-28.85428
6566535312.5,-28.8505
6566536250.0,-28.85708
6566537187.5,-28.85663
6566538125.0,-28.85726
6566539062.5,-28.86109
6566540000.0,-28.86106
6566540937.5,-28.8633
6566541875.0,-28.8623
6566542812.5,-28.86696
6566543750.0,-28.86751
6566544687.5,-28.86637
6566545625.0,-28.87228
6566546562.5,-28.8714
6566547500.0,-28.87553
6566548437.5,-28.87588
6566549375.0,-28.87627
6566550312.5,-28.88297
6566551250.0,-28.88355
6566552187.5,-28.88171
6566553125.0,-28.88504
6566554062.5,-28.88656
6566555000.0,-28.88549
6566555937.5,-28.89002
6566556875.0,-28.88839
6566557812.5,-28.89127
6566558750.0,-28.8922
6566559687.5,-28.89632
6566560625.0,-28.9002
6566561562.5,-28.90423
6566562500.0,-28.90639
6566563437.5,-28.90213
6566564375.0,-28.91044
6566565312.5,-28.90668
6566566250.0,-28.91043
6566567187.5,-28.91347
6566568125.0,-28.91056
6566569062.5,-28.91895
6566570000.0,-28.91756
6566570937.5,-28.91937
6566571875.0,-28.91769
6566572812.5,-28.92222
6566573750.0,-28.92602
6566574687.5,-28.92553
6566575625.0,-28.929
6566576562.5,-28.92576
6566577500.0,-28.9314
6566578437.5,-28.92852
6566579375.0,-28.93704
6566580312.5,-28.93329
6566581250.0,-28.93701
6566582187.5,-28.94165
6566583125.0,-28.93657
6566584062.5,-28.94266
6566585000.0,-28.94004
6566585937.5,-28.94931
6566586875.0,-28.95049
6566587812.5,-28.95495
6566588750.0,-28.95648
6566589687.5,-28.95409
6566590625.0,-28.95332
6566591562.5,-28.95066
6566592500.0,-28.95668
6566593437.5,-28.95634
6566594375.0,-28.95964
6566595312.5,-28.96559
6566596250.0,-28.96534
6566597187.5,-28.96515
6566598125.0,-28.96146
6566599062.5,-28.96586
6566600000.0,-28.97143
6566600937.5,-28.97168
6566601875.0,-28.97145
6566602812.5,-28.97583
6566603750.0,-28.97679
6566604687.5,-28.98092
6566605625.0,-28.98363
6566606562.5,-28.98329
6566607500.0,-28.9842
6566608437.5,-28.98571
6566609375.0,-28.98948
6566610312.5,-28.98706
6566611250.0,-28.98868
6566612187.5,-28.9898
6566613125.0,-28.99075
6566614062.5,-28.99736
6566615000.0,-28.99604
6566615937.5,-29.00084
6566616875.0,-28.99909
6566617812.5,-29.00639
6566618750.0,-29.00479
6566619687.5,-29.00999
6566620625.0,-29.009
6566621562.5,-29.00918
6566622500.0,-29.01274
6566623437.5,-29.01678
6566624375.0,-29.01446
6566625312.5,-29.00928
6566626250.0,-29.01887
6566627187.5,-29.02507
6566628125.0,-29.02405
6566629062.5,-29.02279
6566630000.0,-29.02076
6566630937.5,-29.02525
6566631875.0,-29.02632
6566632812.5,-29.02843
6566633750.0,-29.03013
6566634687.5,-29.03403
6566635625.0,-29.04248
6566636562.5,-29.04209
6566637500.0,-29.0369
6566638437.5,-29.0388
6566639375.0,-29.04411
6566640312.5,-29.03804
6566641250.0,-29.04621
6566642187.5,-29.05073
6566643125.0,-29.05073
6566644062.5,-29.05287
6566645000.0,-29.06161
6566645937.5,-29.05474
6566646875.0,-29.06382
6566647812.5,-29.05133
6566648750.0,-29.05618
6566649687.5,-29.06328
6566650625.0,-29.06907
6566651562.5,-29.06513
6566652500.0,-29.06782
6566653437.5,-29.07294
6566654375.0,-29.06834
6566655312.5,-29.07299
6566656250.0,-29.07334
6566657187.5,-29.07588
6566658125.0,-29.08073
6566659062.5,-29.07866
6566660000.0,-29.07934
6566660937.5,-29.07952
6566661875.0,-29.07986
6566662812.5,-29.08445
6566663750.0,-29.08855
6566664687.5,-29.08698
6566665625.0,-29.09069
6566666562.5,-29.08648
6566667500.0,-29.09059
6566668437.5,-29.09396
6566669375.0,-29.09913
6566670312.5,-29.0945
6566671250.0,-29.09484
6566672187.5,-29.10165
6566673125.0,-29.10302
6566674062.5,-29.10329
6566675000.0,-29.10885
6566675937.5,-29.10955
6566676875.0,-29.10828
6566677812.5,-29.11263
6566678750.0,-29.11963
6566679687.5,-29.11944
6566680625.0,-29.11603
6566681562.5,-29.11508
6566682500.0,-29.12624
6566683437.5,-29.12348
6566684375.0,-29.12068
6566685312.5,-29.12273
6566686250.0,-29.12692
6566687187.5,-29.12953
6566688125.0,-29.12976
6566689062.5,-29.13104
6566690000.0,-29.13206
6566690937.5,-29.13151
6566691875.0,-29.13508
6566692812.5,-29.13847
6566693750.0,-29.14135
6566694687.5,-29.14552
6566695625.0,-29.14603
6566696562.5,-29.14489
6566697500.0,-29.1466
6566698437.5,-29.1483
6566699375.0,-29.15273
6566700312.5,-29.14995
6566701250.0,-29.15011
6566702187.5,-29.1578
6566703125.0,-29.15714
6566704062.5,-29.1616
6566705000.0,-29.1591
6566705937.5,-29.16654
6566706875.0,-29.16172
6566707812.5,-29.16452
6566708750.0,-29.16964
6566709687.5,-29.16878
6566710625.0,-29.17131
6566711562.5,-29.16815
6566712500.0,-29.17687
6566713437.5,-29.17591
6566714375.0,-29.178
6566715312.5,-29.17205
6566716250.0,-29.18168
6566717187.5,-29.18396
6566718125.0,-29.18554
6566719062.5,-29.19156
6566720000.0,-29.19117
6566720937.5,-29.19222
6566721875.0,-29.19265
6566722812.5,-29.18961
6566723750.0,-29.18816
6566724687.5,-29.19412
6566725625.0,-29.19374
6566726562.5,-29.20063
6566727500.0,-29.19819
6566728437.5,-29.19928
6566729375.0,-29.20436
6566730312.5,-29.20742
6566731250.0,-29.21069
6566732187.5,-29.21003
6566733125.0,-29.20835
6566734062.5,-29.21207
6566735000.0,-29.21105
6566735937.5,-29.21296
6566736875.0,-29.21567
6566737812.5,-29.21566
6566738750.0,-29.22036
6566739687.5,-29.22595
6566740625.0,-29.22224
6566741562.5,-29.22788
6566742500.0,-29.2247
6566743437.5,-29.22458
6566744375.0,-29.23013
6566745312.5,-29.23316
6566746250.0,-29.23089
6566747187.5,-29.23744
6566748125.0,-29.23695
6566749062.5,-29.23392
6566750000.0,-29.2418
6566750937.5,-29.24265
6566751875.0,-29.24104
6566752812.5,-29.24955
6566753750.0,-29.24844
6566754687.5,-29.24614
6566755625.0,-29.24691
6566756562.5,-29.25603
6566757500.0,-29.25356
6566758437.5,-29.25414
6566759375.0,-29.25541
6566760312.5,-29.25661
6566761250.0,-29.25871
6566762187.5,-29.26362
6566763125.0,-29.26269
6566764062.5,-29.26515
6566765000.0,-29.26446
6566765937.5,-29.26754
6566766875.0,-29.26815
6566767812.5,-29.27227
6566768750.0,-29.27678
6566769687.5,-29.26978
6566770625.0,-29.27646
6566771562.5,-29.27626
6566772500.0,-29.27764
6566773437.5,-29.27909
6566774375.0,-29.28368
6566775312.5,-29.28619
6566776250.0,-29.28757
6566777187.5,-29.28806
6566778125.0,-29.28462
6566779062.5,-29.29102
6566780000.0,-29.29237
6566780937.5,-29.2948
6566781875.0,-29.30104
6566782812.5,-29.29195
6566783750.0,-29.29817
6566784687.5,-29.29702
6566785625.0,-29.30881
6566786562.5,-29.30838
6566787500.0,-29.30974
6566788437.5,-29.30352
6566789375.0,-29.31395
6566790312.5,-29.3103
6566791250.0,-29.31034
6566792187.5,-29.31866
6566793125.0,-29.31304
6566794062.5,-29.31222
6566795000.0,-29.31574
6566795937.5,-29.31466
6566796875.0,-29.32042
6566797812.5,-29.32036
6566798750.0,-29.32816
6566799687.5,-29.32577
6566800625.0,-29.33248
6566801562.5,-29.33221
6566802500.0,-29.32968
6566803437.5,-29.32917
6566804375.0,-29.33176
6566805312.5,-29.33324
6566806250.0,-29.32939
6566807187.5,-29.34401
6566808125.0,-29.3414
6566809062.5,-29.34019
6566810000.0,-29.34699
6566810937.5,-29.35269
6566811875.0,-29.34308
6566812812.5,-29.35002
6566813750.0,-29.34861
6566814687.5,-29.35406
6566815625.0,-29.35146
6566816562.5,-29.35687
6566817500.0,-29.3591
6566818437.5,-29.36363
6566819375.0,-29.36358
6566820312.5,-29.36613
6566821250.0,-29.36805
6566822187.5,-29.36614
6566823125.0,-29.36691
6566824062.5,-29.36976
6566825000.0,-29.36739
6566825937.5,-29.37249
6566826875.0,-29.37379
6566827812.5,-29.37832
6566828750.0,-29.37551
6566829687.5,-29.38233
6566830625.0,-29.38058
6566831562.5,-29.37952
6566832500.0,-29.37947
6566833437.5,-29.38545
6566834375.0,-29.38739
6566835312.5,-29.38541
6566836250.0,-29.39137
6566837187.5,-29.39356
6566838125.0,-29.39933
6566839062.5,-29.39332
6566840000.0,-29.39867
6566840937.5,-29.39982
6566841875.0,-29.39877
6566842812.5,-29.40365
6566843750.0,-29.39778
6566844687.5,-29.40324
6566845625.0,-29.4045
6566846562.5,-29.40777
6566847500.0,-29.41078
6566848437.5,-29.41212
6566849375.0,-29.41672
6566850312.5,-29.4169
6566851250.0,-29.41324
6566852187.5,-29.42077
6566853125.0,-29.41907
6566854062.5,-29.42224
6566855000.0,-29.42315
6566855937.5,-29.4263
6566856875.0,-29.4264
6566857812.5,-29.42892
6566858750.0,-29.42716
6566859687.5,-29.43058
6566860625.0,-29.43187
6566861562.5,-29.43419
6566862500.0,-29.43221
6566863437.5,-29.43454
6566864375.0,-29.43552
6566865312.5,-29.43495
6566866250.0,-29.44476
6566867187.5,-29.43946
6566868125.0,-29.44674
6566869062.5,-29.44453
6566870000.0,-29.44799
6566870937.5,-29.44464
6566871875.0,-29.45124
6566872812.5,-29.45582
6566873750.0,-29.45418
6566874687.5,-29.45347
6566875625.0,-29.46042
6566876562.5,-29.46193
6566877500.0,-29.46259
6566878437.5,-29.46399
6566879375.0,-29.46278
6566880312.5,-29.47035
6566881250.0,-29.4681
6566882187.5,-29.4699
6566883125.0,-29.46648
6566884062.5,-29.47538
6566885000.0,-29.47345
6566885937.5,-29.47623
6566886875.0,-29.48298
6566887812.5,-29.47568
6566888750.0,-29.47907
6566889687.5,-29.48611
6566890625.0,-29.48435
6566891562.5,-29.48337
6566892500.0,-29.4874
6566893437.5,-29.4912
6566894375.0,-29.49002
6566895312.5,-29.49204
6566896250.0,-29.49487
6566897187.5,-29.49271
6566898125.0,-29.49661
6566899062.5,-29.49871
6566900000.0,-29.50126
6566900937.5,-29.50306
6566901875.0,-29.49897
6566902812.5,-29.50138
6566903750.0,-29.50607
6566904687.5,-29.51071
6566905625.0,-29.50657
6566906562.5,-29.51143
6566907500.0,-29.51467
6566908437.5,-29.51053
6566909375.0,-29.51497
6566910312.5,-29.51686
6566911250.0,-29.51597
6566912187.5,-29.51881
6566913125.0,-29.52174
6566914062.5,-29.52695
6566915000.0,-29.52363
6566915937.5,-29.52332
6566916875.0,-29.52304
6566917812.5,-29.52696
6566918750.0,-29.5303
6566919687.5,-29.53572
6566920625.0,-29.53645
6566921562.5,-29.53512
6566922500.0,-29.53565
6566923437.5,-29.5423
6566924375.0,-29.54366
6566925312.5,-29.54987
6566926250.0,-29.54818
6566927187.5,-29.54715
6566928125.0,-29.55417
6566929062.5,-29.54341
6566930000.0,-29.54906
6566930937.5,-29.55345
6566931875.0,-29.55143
6566932812.5,-29.55097
6566933750.0,-29.56248
6566934687.5,-29.55712
6566935625.0,-29.56023
6566936562.5,-29.56134
6566937500.0,-29.56082
6566938437.5,-29.56551
6566939375.0,-29.56804
6566940312.5,-29.56677
6566941250.0,-29.57155
6566942187.5,-29.57451
6566943125.0,-29.57165
6566944062.5,-29.57729
6566945000.0,-29.57259
6566945937.5,-29.58161
6566946875.0,-29.57766
6566947812.5,-29.58633
6566948750.0,-29.57629
6566949687.5,-29.58093
6566950625.0,-29.58899
6566951562.5,-29.58304
6566952500.0,-29.58434
6566953437.5,-29.5896
6566954375.0,-29.58924
6566955312.5,-29.59191
6566956250.0,-29.59599
6566957187.5,-29.59863
6566958125.0,-29.59815
6566959062.5,-29.60259
6566960000.0,-29.59789
6566960937.5,-29.60633
6566961875.0,-29.60321
6566962812.5,-29.6076
6566963750.0,-29.60868
6566964687.5,-29.6106
6566965625.0,-29.6097
6566966562.5,-29.61516
6566967500.0,-29.61104
6566968437.5,-29.61247
6566969375.0,-29.61527
6566970312.5,-29.6219
6566971250.0,-29.61777
6566972187.5,-29.61951
6566973125.0,-29.62223
6566974062.5,-29.62598
6566975000.0,-29.62629
6566975937.5,-29.62228
6566976875.0,-29.6285
6566977812.5,-29.63299
6566978750.0,-29.63328
6566979687.5,-29.63568
6566980625.0,-29.64255
6566981562.5,-29.64086
6566982500.0,-29.63814
6566983437.5,-29.64314
6566984375.0,-29.64283
6566985312.5,-29.64909
6566986250.0,-29.64063
6566987187.5,-29.64565
6566988125.0,-29.64959
6566989062.5,-29.64669
6566990000.0,-29.65099
6566990937.5,-29.6537
6566991875.0,-29.65312
6566992812.5,-29.66315
6566993750.0,-29.65988
6566994687.5,-29.66145
6566995625.0,-29.66148
6566996562.5,-29.66772
6566997500.0,-29.66033
6566998437.5,-29.6657
6566999375.0,-29.66468
6567000312.5,-29.67138
6567001250.0,-29.66719
6567002187.5,-29.67067
6567003125.0,-29.67128
6567004062.5,-29.6679
6567005000.0,-29.67685
6567005937.5,-29.67849
6567006875.0,-29.68354
6567007812.5,-29.68809
6567008750.0,-29.6805
6567009687.5,-29.69082
6567010625.0,-29.68194
6567011562.5,-29.68181
6567012500.0,-29.68112
6567013437.5,-29.69336
6567014375.0,-29.69674
6567015312.5,-29.69492
6567016250.0,-29.6969
6567017187.5,-29.69477
6567018125.0,-29.69847
6567019062.5,-29.70044
6567020000.0,-29.70868
6567020937.5,-29.70486
6567021875.0,-29.71036
6567022812.5,-29.70437
6567023750.0,-29.70704
6567024687.5,-29.70369
6567025625.0,-29.71538
6567026562.5,-29.71086
6567027500.0,-29.71389
6567028437.5,-29.71835
6567029375.0,-29.72129
6567030312.5,-29.72367
6567031250.0,-29.72213
6567032187.5,-29.72007
6567033125.0,-29.72284
6567034062.5,-29.72593
6567035000.0,-29.72412
6567035937.5,-29.72835
6567036875.0,-29.73132
6567037812.5,-29.73674
6567038750.0,-29.73563
6567039687.5,-29.73884
6567040625.0,-29.73987
6567041562.5,-29.74318
6567042500.0,-29.73846
6567043437.5,-29.74241
6567044375.0,-29.74387
6567045312.5,-29.74288
6567046250.0,-29.74388
6567047187.5,-29.74812
6567048125.0,-29.74894
6567049062.5,-29.74776
6567050000.0,-29.75437
6567050937.5,-29.75629
6567051875.0,-29.7607
6567052812.5,-29.7596
6567053750.0,-29.75021
6567054687.5,-29.75405
6567055625.0,-29.76234
6567056562.5,-29.75832
6567057500.0,-29.76189
6567058437.5,-29.76822
6567059375.0,-29.77152
6567060312.5,-29.77034
6567061250.0,-29.77042
6567062187.5,-29.76876
6567063125.0,-29.77639
6567064062.5,-29.77636
6567065000.0,-29.77754
6567065937.5,-29.77905
6567066875.0,-29.7836
6567067812.5,-29.78573
6567068750.0,-29.78512
6567069687.5,-29.78467
6567070625.0,-29.78435
6567071562.5,-29.78309
6567072500.0,-29.78809
6567073437.5,-29.78826
6567074375.0,-29.79332
6567075312.5,-29.78894
6567076250.0,-29.79692
6567077187.5,-29.80389
6567078125.0,-29.80091
6567079062.5,-29.80032
6567080000.0,-29.8027
6567080937.5,-29.8063
6567081875.0,-29.79984
6567082812.5,-29.81037
6567083750.0,-29.80826
6567084687.5,-29.80302
6567085625.0,-29.81188
6567086562.5,-29.8157
6567087500.0,-29.82044
6567088437.5,-29.81365
6567089375.0,-29.81868
6567090312.5,-29.81706
6567091250.0,-29.8213
6567092187.5,-29.82071
6567093125.0,-29.82885
6567094062.5,-29.82197
6567095000.0,-29.82897
6567095937.5,-29.82652
6567096875.0,-29.82941
6567097812.5,-29.83372
6567098750.0,-29.83539
6567099687.5,-29.83295
6567100625.0,-29.83587
6567101562.5,-29.83592
6567102500.0,-29.83845
6567103437.5,-29.84054
6567104375.0,-29.84329
6567105312.5,-29.8421
6567106250.0,-29.84516
6567107187.5,-29.84507
6567108125.0,-29.8514
6567109062.5,-29.84892
6567110000.0,-29.85316
6567110937.5,-29.85054
6567111875.0,-29.85811
6567112812.5,-29.85763
6567113750.0,-29.85541
6567114687.5,-29.86491
6567115625.0,-29.86183
6567116562.5,-29.8645
6567117500.0,-29.86185
6567118437.5,-29.85956
6567119375.0,-29.87503
6567120312.5,-29.87186
6567121250.0,-29.86592
6567122187.5,-29.87081
6567123125.0,-29.87035
6567124062.5,-29.8755
6567125000.0,-29.8725
6567125937.5,-29.87946
6567126875.0,-29.87803
6567127812.5,-29.88097
6567128750.0,-29.88633
6567129687.5,-29.88563
6567130625.0,-29.88709
6567131562.5,-29.88572
6567132500.0,-29.88524
6567133437.5,-29.88872
6567134375.0,-29.89697
6567135312.5,-29.89684
6567136250.0,-29.89381
6567137187.5,-29.89665
6567138125.0,-29.89548
6567139062.5,-29.89767
6567140000.0,-29.89824
6567140937.5,-29.89831
6567141875.0,-29.90257
6567142812.5,-29.90752
6567143750.0,-29.9074
6567144687.5,-29.90592
6567145625.0,-29.91207
6567146562.5,-29.90862
6567147500.0,-29.90927
6567148437.5,-29.91674
6567149375.0,-29.92011
6567150312.5,-29.91604
6567151250.0,-29.92291
6567152187.5,-29.9238
6567153125.0,-29.92307
6567154062.5,-29.92503
6567155000.0,-29.92413
6567155937.5,-29.92915
6567156875.0,-29.92486
6567157812.5,-29.93174
6567158750.0,-29.9302
6567159687.5,-29.94085
6567160625.0,-29.93161
6567161562.5,-29.93456
6567162500.0,-29.9323
6567163437.5,-29.94169
6567164375.0,-29.93903
6567165312.5,-29.93875
6567166250.0,-29.94305
6567167187.5,-29.94153
6567168125.0,-29.94625
6567169062.5,-29.94755
6567170000.0,-29.94625
6567170937.5,-29.94748
6567171875.0,-29.94924
6567172812.5,-29.95454
6567173750.0,-29.95743
6567174687.5,-29.96354
6567175625.0,-29.9554
6567176562.5,-29.95933
6567177500.0,-29.96103
6567178437.5,-29.96453
6567179375.0,-29.96022
6567180312.5,-29.96691
6567181250.0,-29.96614
6567182187.5,-29.96533
6567183125.0,-29.96947
6567184062.5,-29.97271
6567185000.0,-29.97364
6567185937.5,-29.97713
6567186875.0,-29.97822
6567187812.5,-29.97942
6567188750.0,-29.98463
6567189687.5,-29.97637
6567190625.0,-29.98851
6567191562.5,-29.98384
6567192500.0,-29.98969
6567193437.5,-29.98621
6567194375.0,-29.98981
6567195312.5,-29.98868
6567196250.0,-29.98522
6567197187.5,-29.99478
6567198125.0,-29.99728
6567199062.5,-29.99385
6567200000.0,-29.99889
6567200937.5,-29.99466
6567201875.0,-30.00158
6567202812.5,-29.9995
6567203750.0,-30.00365
6567204687.5,-30.00522
6567205625.0,-30.00909
6567206562.5,-30.01417
6567207500.0,-30.00532
6567208437.5,-30.00831
6567209375.0,-30.01272
6567210312.5,-30.01093
6567211250.0,-30.01936
6567212187.5,-30.01079
6567213125.0,-30.0183
6567214062.5,-30.01937
6567215000.0,-30.02215
6567215937.5,-30.02496
6567216875.0,-30.02302
6567217812.5,-30.02757
6567218750.0,-30.03174
6567219687.5,-30.02169
6567220625.0,-30.034
6567221562.5,-30.03562
6567222500.0,-30.03495
6567223437.5,-30.033
6567224375.0,-30.03751
6567225312.5,-30.03883
6567226250.0,-30.03858
6567227187.5,-30.04121
6567228125.0,-30.03928
6567229062.5,-30.04608
6567230000.0,-30.04651
6567230937.5,-30.0545
6567231875.0,-30.05355
6567232812.5,-30.04984
6567233750.0,-30.05089
6567234687.5,-30.05783
6567235625.0,-30.0564
6567236562.5,-30.05453
6567237500.0,-30.05675
6567238437.5,-30.05612
6567239375.0,-30.06384
6567240312.5,-30.06183
6567241250.0,-30.06122
6567242187.5,-30.0682
6567243125.0,-30.06568
6567244062.5,-30.06754
6567245000.0,-30.06902
6567245937.5,-30.06992
6567246875.0,-30.07059
6567247812.5,-30.07347
6567248750.0,-30.07409
6567249687.5,-30.07821
6567250625.0,-30.07702
6567251562.5,-30.08061
6567252500.0,-30.08138
6567253437.5,-30.08554
6567254375.0,-30.08747
6567255312.5,-30.08434
6567256250.0,-30.0901
6567257187.5,-30.08709
6567258125.0,-30.0958
6567259062.5,-30.09628
6567260000.0,-30.09279
6567260937.5,-30.09082
6567261875.0,-30.09794
6567262812.5,-30.09563
6567263750.0,-30.09995
6567264687.5,-30.10555
6567265625.0,-30.10197
6567266562.5,-30.10535
6567267500.0,-30.10231
6567268437.5,-30.10374
6567269375.0,-30.10957
6567270312.5,-30.11073
6567271250.0,-30.10925
6567272187.5,-30.1145
6567273125.0,-30.1182
6567274062.5,-30.11158
6567275000.0,-30.11469
6567275937.5,-30.11933
6567276875.0,-30.11959
6567277812.5,-30.12397
6567278750.0,-30.12386
6567279687.5,-30.12772
6567280625.0,-30.12323
6567281562.5,-30.13049
6567282500.0,-30.13216
6567283437.5,-30.12962
6567284375.0,-30.13332
6567285312.5,-30.13195
6567286250.0,-30.13568
6567287187.5,-30.13581
6567288125.0,-30.13817
6567289062.5,-30.14126
6567290000.0,-30.14486
6567290937.5,-30.13736
6567291875.0,-30.14824
6567292812.5,-30.14573
6567293750.0,-30.14341
6567294687.5,-30.14783
6567295625.0,-30.15268
6567296562.5,-30.14705
6567297500.0,-30.15029
6567298437.5,-30.15584
6567299375.0,-30.15335
6567300312.5,-30.15735
6567301250.0,-30.15947
6567302187.5,-30.15965
6567303125.0,-30.16274
6567304062.5,-30.16367
6567305000.0,-30.16752
6567305937.5,-30.17038
6567306875.0,-30.16942
6567307812.5,-30.16443
6567308750.0,-30.16642
6567309687.5,-30.17224
6567310625.0,-30.17396
6567311562.5,-30.17918
6567312500.0,-30.17476
6567313437.5,-30.17711
6567314375.0,-30.18277
6567315312.5,-30.18281
6567316250.0,-30.17956
6567317187.5,-30.18109
6567318125.0,-30.18474
6567319062.5,-30.19037
6567320000.0,-30.18985
6567320937.5,-30.18946
6567321875.0,-30.19017
6567322812.5,-30.19175
6567323750.0,-30.19693
6567324687.5,-30.19763
6567325625.0,-30.20367
6567326562.5,-30.20058
6567327500.0,-30.19822
6567328437.5,-30.20351
6567329375.0,-30.20351
6567330312.5,-30.20597
6567331250.0,-30.20513
6567332187.5,-30.20425
6567333125.0,-30.2062
6567334062.5,-30.2094
6567335000.0,-30.21341
6567335937.5,-30.21659
6567336875.0,-30.21223
6567337812.5,-30.21273
6567338750.0,-30.21357
6567339687.5,-30.22154
6567340625.0,-30.21533
6567341562.5,-30.22381
6567342500.0,-30.22369
6567343437.5,-30.22682
6567344375.0,-30.22539
6567345312.5,-30.22548
6567346250.0,-30.23249
6567347187.5,-30.23187
6567348125.0,-30.23235
6567349062.5,-30.23629
6567350000.0,-30.23428
6567350937.5,-30.23532
6567351875.0,-30.24027
6567352812.5,-30.24212
6567353750.0,-30.24775
6567354687.5,-30.2427
6567355625.0,-30.24221
6567356562.5,-30.24619
6567357500.0,-30.25067
6567358437.5,-30.25367
6567359375.0,-30.24629
6567360312.5,-30.25321
6567361250.0,-30.25135
6567362187.5,-30.25267
6567363125.0,-30.25593
6567364062.5,-30.25574
6567365000.0,-30.26211
6567365937.5,-30.25691
6567366875.0,-30.26085
6567367812.5,-30.26485
6567368750.0,-30.26108
6567369687.5,-30.26197
6567370625.0,-30.27147
6567371562.5,-30.27266
6567372500.0,-30.26702
6567373437.5,-30.2745
6567374375.0,-30.27637
6567375312.5,-30.27863
6567376250.0,-30.27271
6567377187.5,-30.27397
6567378125.0,-30.27728
6567379062.5,-30.27538
6567380000.0,-30.28195
6567380937.5,-30.28154
6567381875.0,-30.28229
6567382812.5,-30.28611
6567383750.0,-30.29394
6567384687.5,-30.29432
6567385625.0,-30.28635
6567386562.5,-30.29123
6567387500.0,-30.28918
6567388437.5,-30.29131
6567389375.0,-30.2994
6567390312.5,-30.3051
6567391250.0,-30.29764
6567392187.5,-30.30016
6567393125.0,-30.3006
6567394062.5,-30.31035
6567395000.0,-30.30637
6567395937.5,-30.30805
6567396875.0,-30.30669
6567397812.5,-30.31353
6567398750.0,-30.3136
6567399687.5,-30.31431
6567400625.0,-30.31696
6567401562.5,-30.31491
6567402500.0,-30.31579
6567403437.5,-30.3158
6567404375.0,-30.31708
6567405312.5,-30.32436
6567406250.0,-30.32797
6567407187.5,-30.32429
6567408125.0,-30.3252
6567409062.5,-30.32666
6567410000.0,-30.32843
6567410937.5,-30.32646
6567411875.0,-30.32973
6567412812.5,-30.33988
6567413750.0,-30.3361
6567414687.5,-30.33386
6567415625.0,-30.33552
6567416562.5,-30.33976
6567417500.0,-30.33335
6567418437.5,-30.33694
6567419375.0,-30.34111
6567420312.5,-30.34602
6567421250.0,-30.3491
6567422187.5,-30.34893
6567423125.0,-30.34519
6567424062.5,-30.34441
6567425000.0,-30.34946
6567425937.5,-30.35504
6567426875.0,-30.34987
6567427812.5,-30.3557
6567428750.0,-30.36171
6567429687.5,-30.35779
6567430625.0,-30.35808
6567431562.5,-30.35991
6567432500.0,-30.35926
6567433437.5,-30.36535
6567434375.0,-30.36346
6567435312.5,-30.36728
6567436250.0,-30.37048
6567437187.5,-30.37473
6567438125.0,-30.37607
6567439062.5,-30.37343
6567440000.0,-30.37533
6567440937.5,-30.37342
6567441875.0,-30.37672
6567442812.5,-30.37574
6567443750.0,-30.37951
6567444687.5,-30.37971
6567445625.0,-30.38788
6567446562.5,-30.38604
6567447500.0,-30.38684
6567448437.5,-30.3874
6567449375.0,-30.38806
6567450312.5,-30.38658
6567451250.0,-30.38744
6567452187.5,-30.39158
6567453125.0,-30.39289
6567454062.5,-30.39651
6567455000.0,-30.39631
6567455937.5,-30.40164
6567456875.0,-30.4062
6567457812.5,-30.4018
6567458750.0,-30.40108
6567459687.5,-30.40534
6567460625.0,-30.40936
6567461562.5,-30.40275
6567462500.0,-30.41267
6567463437.5,-30.41588
6567464375.0,-30.40848
6567465312.5,-30.41259
6567466250.0,-30.41459
6567467187.5,-30.41708
6567468125.0,-30.41502
6567469062.5,-30.4193
6567470000.0,-30.4265
6567470937.5,-30.42385
6567471875.0,-30.41973
6567472812.5,-30.42741
6567473750.0,-30.43037
6567474687.5,-30.42772
6567475625.0,-30.42967
6567476562.5,-30.43253
6567477500.0,-30.42999
6567478437.5,-30.43859
6567479375.0,-30.4332
6567480312.5,-30.43771
6567481250.0,-30.43863
6567482187.5,-30.44423
6567483125.0,-30.44057
6567484062.5,-30.43847
6567485000.0,-30.44228
6567485937.5,-30.44849
6567486875.0,-30.44359
6567487812.5,-30.45143
6567488750.0,-30.44879
6567489687.5,-30.44813
6567490625.0,-30.44668
6567491562.5,-30.45588
6567492500.0,-30.44983
6567493437.5,-30.45299
6567494375.0,-30.45684
6567495312.5,-30.45787
6567496250.0,-30.45912
6567497187.5,-30.46515
6567498125.0,-30.46596
6567499062.5,-30.46366
6567500000.0,-30.46522
6567500937.5,-30.46173
6567501875.0,-30.46737
6567502812.5,-30.4706
6567503750.0,-30.46992
6567504687.5,-30.47849
6567505625.0,-30.47604
6567506562.5,-30.47961
6567507500.0,-30.47884
6567508437.5,-30.48211
6567509375.0,-30.48402
6567510312.5,-30.48469
6567511250.0,-30.4875
6567512187.5,-30.48659
6567513125.0,-30.48507
6567514062.5,-30.48946
6567515000.0,-30.49359
6567515937.5,-30.48929
6567516875.0,-30.49201
6567517812.5,-30.49101
6567518750.0,-30.49315
6567519687.5,-30.49891
6567520625.0,-30.49784
6567521562.5,-30.49785
6567522500.0,-30.50193
6567523437.5,-30.4996
6567524375.0,-30.50325
6567525312.5,-30.50377
6567526250.0,-30.50496
6567527187.5,-30.5055
6567528125.0,-30.50909
6567529062.5,-30.51305
6567530000.0,-30.50764
6567530937.5,-30.5073
6567531875.0,-30.51272
6567532812.5,-30.514
6567533750.0,-30.51481
6567534687.5,-30.51363
6567535625.0,-30.51683
6567536562.5,-30.52257
6567537500.0,-30.52788
6567538437.5,-30.52631
6567539375.0,-30.52356
6567540312.5,-30.53031
6567541250.0,-30.53153
6567542187.5,-30.53434
6567543125.0,-30.528
6567544062.5,-30.52938
6567545000.0,-30.5375
6567545937.5,-30.53906
6567546875.0,-30.54277
6567547812.5,-30.54554
6567548750.0,-30.54357
6567549687.5,-30.54443
6567550625.0,-30.54424
6567551562.5,-30.54429
6567552500.0,-30.55133
6567553437.5,-30.54692
6567554375.0,-30.55131
6567555312.5,-30.55131
6567556250.0,-30.55239
6567557187.5,-30.55219
6567558125.0,-30.5512
6567559062.5,-30.55613
6567560000.0,-30.5595
6567560937.5,-30.55812
6567561875.0,-30.56505
6567562812.5,-30.56471
6567563750.0,-30.56083
6567564687.5,-30.56607
6567565625.0,-30.55955
6567566562.5,-30.56715
6567567500.0,-30.56985
6567568437.5,-30.57285
6567569375.0,-30.57087
6567570312.5,-30.57226
6567571250.0,-30.57426
6567572187.5,-30.58169
6567573125.0,-30.57553
6567574062.5,-30.58304
6567575000.0,-30.58331
6567575937.5,-30.57968
6567576875.0,-30.58229
6567577812.5,-30.58206
6567578750.0,-30.588
6567579687.5,-30.58333
6567580625.0,-30.58698
6567581562.5,-30.59084
6567582500.0,-30.59274
6567583437.5,-30.59307
6567584375.0,-30.59506
6567585312.5,-30.60257
6567586250.0,-30.59404
6567587187.5,-30.59999
6567588125.0,-30.59621
6567589062.5,-30.60554
6567590000.0,-30.60656
6567590937.5,-30.60708
6567591875.0,-30.60063
6567592812.5,-30.59984
6567593750.0,-30.60775
6567594687.5,-30.61165
6567595625.0,-30.61174
6567596562.5,-30.61012
6567597500.0,-30.61511
6567598437.5,-30.61654
6567599375.0,-30.61794
6567600312.5,-30.61651
6567601250.0,-30.61961
6567602187.5,-30.62105
6567603125.0,-30.62179
6567604062.5,-30.62827
6567605000.0,-30.6191
6567605937.5,-30.63092
6567606875.0,-30.62439
6567607812.5,-30.62857
6567608750.0,-30.62701
6567609687.5,-30.64032
6567610625.0,-30.63238
6567611562.5,-30.6313
6567612500.0,-30.63276
6567613437.5,-30.63367
6567614375.0,-30.63957
6567615312.5,-30.64204
6567616250.0,-30.63917
6567617187.5,-30.63652
6567618125.0,-30.64631
6567619062.5,-30.64671
6567620000.0,-30.65065
6567620937.5,-30.65074
6567621875.0,-30.65269
6567622812.5,-30.65595
6567623750.0,-30.65359
6567624687.5,-30.65161
6567625625.0,-30.65324
6567626562.5,-30.65987
6567627500.0,-30.65353
6567628437.5,-30.66608
6567629375.0,-30.66289
6567630312.5,-30.6652
6567631250.0,-30.66439
6567632187.5,-30.66659
6567633125.0,-30.6618
6567634062.5,-30.66638
6567635000.0,-30.67244
6567635937.5,-30.6689
6567636875.0,-30.67122
6567637812.5,-30.67501
6567638750.0,-30.67509
6567639687.5,-30.67409
6567640625.0,-30.67654
6567641562.5,-30.68061
6567642500.0,-30.67821
6567643437.5,-30.68071
6567644375.0,-30.68199
6567645312.5,-30.6901
6567646250.0,-30.68632
6567647187.5,-30.68063
6567648125.0,-30.69109
6567649062.5,-30.68891
6567650000.0,-30.68745
6567650937.5,-30.69068
6567651875.0,-30.69287
6567652812.5,-30.69676
6567653750.0,-30.69657
6567654687.5,-30.69898
6567655625.0,-30.70106
6567656562.5,-30.69923
6567657500.0,-30.70229
6567658437.5,-30.70037
6567659375.0,-30.6972
6567660312.5,-30.70687
6567661250.0,-30.70476
6567662187.5,-30.71164
6567663125.0,-30.70388
6567664062.5,-30.71496
6567665000.0,-30.70966
6567665937.5,-30.71393
6567666875.0,-30.71247
6567667812.5,-30.71905
6567668750.0,-30.72011
6567669687.5,-30.71615
6567670625.0,-30.72372
6567671562.5,-30.72895
6567672500.0,-30.72969
6567673437.5,-30.72312
6567674375.0,-30.72272
6567675312.5,-30.72933
6567676250.0,-30.73273
6567677187.5,-30.73056
6567678125.0,-30.73604
6567679062.5,-30.73327
6567680000.0,-30.73923
6567680937.5,-30.73954
6567681875.0,-30.7434
6567682812.5,-30.74798
6567683750.0,-30.73611
6567684687.5,-30.74898
6567685625.0,-30.74195
6567686562.5,-30.74084
6567687500.0,-30.74879
6567688437.5,-30.74645
6567689375.0,-30.75111
6567690312.5,-30.74859
6567691250.0,-30.74672
6567692187.5,-30.75224
6567693125.0,-30.75459
6567694062.5,-30.75854
6567695000.0,-30.75967
6567695937.5,-30.75614
6567696875.0,-30.76493
6567697812.5,-30.76895
6567698750.0,-30.76509
6567699687.5,-30.75864
6567700625.0,-30.76696
6567701562.5,-30.76781
6567702500.0,-30.76982
6567703437.5,-30.7707
6567704375.0,-30.76986
6567705312.5,-30.77158
6567706250.0,-30.7756
6567707187.5,-30.77308
6567708125.0,-30.77722
6567709062.5,-30.77973
6567710000.0,-30.77482
6567710937.5,-30.78343
6567711875.0,-30.77733
6567712812.5,-30.78464
6567713750.0,-30.78439
6567714687.5,-30.7918
6567715625.0,-30.78444
6567716562.5,-30.78795
6567717500.0,-30.79371
6567718437.5,-30.79022
6567719375.0,-30.79243
6567720312.5,-30.79584
6567721250.0,-30.79355
6567722187.5,-30.79529
6567723125.0,-30.79696
6567724062.5,-30.79848
6567725000.0,-30.8017
6567725937.5,-30.79721
6567726875.0,-30.80903
6567727812.5,-30.80788
6567728750.0,-30.80987
6567729687.5,-30.80817
6567730625.0,-30.81209
6567731562.5,-30.81237
6567732500.0,-30.81713
6567733437.5,-30.8123
6567734375.0,-30.81395
6567735312.5,-30.81336
6567736250.0,-30.82139
6567737187.5,-30.82101
6567738125.0,-30.82491
6567739062.5,-30.8234
6567740000.0,-30.82403
6567740937.5,-30.82724
6567741875.0,-30.82627
6567742812.5,-30.82545
6567743750.0,-30.83205
6567744687.5,-30.83
6567745625.0,-30.8276
6567746562.5,-30.8291
6567747500.0,-30.83722
6567748437.5,-30.84214
6567749375.0,-30.83629
6567750312.5,-30.83265
6567751250.0,-30.84245
6567752187.5,-30.83908
6567753125.0,-30.83936
6567754062.5,-30.84403
6567755000.0,-30.84331
6567755937.5,-30.847
6567756875.0,-30.84921
6567757812.5,-30.85459
6567758750.0,-30.85252
6567759687.5,-30.85757
6567760625.0,-30.85125
6567761562.5,-30.85303
6567762500.0,-30.85231
6567763437.5,-30.85434
6567764375.0,-30.85291
6567765312.5,-30.86051
6567766250.0,-30.86047
6567767187.5,-30.8615
6567768125.0,-30.86428
6567769062.5,-30.86464
6567770000.0,-30.86659
6567770937.5,-30.86769
6567771875.0,-30.86759
6567772812.5,-30.87163
6567773750.0,-30.87411
6567774687.5,-30.87405
6567775625.0,-30.869
6567776562.5,-30.87601
6567777500.0,-30.87607
6567778437.5,-30.87969
6567779375.0,-30.87941
6567780312.5,-30.88231
6567781250.0,-30.88402
6567782187.5,-30.88868
6567783125.0,-30.88574
6567784062.5,-30.88486
6567785000.0,-30.88748
6567785937.5,-30.88818
6567786875.0,-30.89615
6567787812.5,-30.89464
6567788750.0,-30.89181
6567789687.5,-30.8962
6567790625.0,-30.89878
6567791562.5,-30.89944
6567792500.0,-30.90047
6567793437.5,-30.90298
6567794375.0,-30.90418
6567795312.5,-30.90263
6567796250.0,-30.90229
6567797187.5,-30.90455
6567798125.0,-30.90967
6567799062.5,-30.90889
6567800000.0,-30.91036
6567800937.5,-30.91164
6567801875.0,-30.91401
6567802812.5,-30.91122
6567803750.0,-30.91577
6567804687.5,-30.91098
6567805625.0,-30.91679
6567806562.5,-30.91714
6567807500.0,-30.91756
6567808437.5,-30.92496
6567809375.0,-30.92761
6567810312.5,-30.9224
6567811250.0,-30.92908
6567812187.5,-30.93109
6567813125.0,-30.93019
6567814062.5,-30.93219
6567815000.0,-30.93714
6567815937.5,-30.93987
6567816875.0,-30.94004
6567817812.5,-30.94203
6567818750.0,-30.93194
6567819687.5,-30.93667
6567820625.0,-30.94234
6567821562.5,-30.9421
6567822500.0,-30.94125
6567823437.5,-30.94188
6567824375.0,-30.94913
6567825312.5,-30.94512
6567826250.0,-30.94165
6567827187.5,-30.95607
6567828125.0,-30.9519
6567829062.5,-30.95197
6567830000.0,-30.95614
6567830937.5,-30.95431
6567831875.0,-30.95666
6567832812.5,-30.96018
6567833750.0,-30.96245
6567834687.5,-30.96301
6567835625.0,-30.9642
6567836562.5,-30.95947
6567837500.0,-30.96464
6567838437.5,-30.96071
6567839375.0,-30.96954
6567840312.5,-30.9728
6567841250.0,-30.96984
6567842187.5,-30.96863
6567843125.0,-30.97525
6567844062.5,-30.97102
6567845000.0,-30.97459
6567845937.5,-30.97826
6567846875.0,-30.98455
6567847812.5,-30.97166
6567848750.0,-30.97771
6567849687.5,-30.9785
6567850625.0,-30.98471
6567851562.5,-30.98331
6567852500.0,-30.9865
6567853437.5,-30.98985
6567854375.0,-30.99403
6567855312.5,-30.99432
6567856250.0,-30.99922
6567857187.5,-30.98818
6567858125.0,-30.99399
6567859062.5,-30.99774
6567860000.0,-30.99896
6567860937.5,-30.99756
6567861875.0,-30.99721
6567862812.5,-31.00465
6567863750.0,-31.00304
6567864687.5,-30.99519
6567865625.0,-31.00474
6567866562.5,-31.00673
6567867500.0,-31.00771
6567868437.5,-31.01369
6567869375.0,-31.00488
6567870312.5,-31.01273
6567871250.0,-31.00995
6567872187.5,-31.01129
6567873125.0,-31.01908
6567874062.5,-31.01019
6567875000.0,-31.01928
6567875937.5,-31.02327
6567876875.0,-31.0224
6567877812.5,-31.02074
6567878750.0,-31.02522
6567879687.5,-31.02174
6567880625.0,-31.02139
6567881562.5,-31.02754
6567882500.0,-31.03003
6567883437.5,-31.02656
6567884375.0,-31.0353
6567885312.5,-31.02773
6567886250.0,-31.03118
6567887187.5,-31.04065
6567888125.0,-31.04225
6567889062.5,-31.03536
6567890000.0,-31.03256
6567890937.5,-31.03585
6567891875.0,-31.0478
6567892812.5,-31.04387
6567893750.0,-31.04706
6567894687.5,-31.04578
6567895625.0,-31.05369
6567896562.5,-31.04524
6567897500.0,-31.04455
6567898437.5,-31.05366
6567899375.0,-31.05158
6567900312.5,-31.05184
6567901250.0,-31.0568
6567902187.5,-31.05329
6567903125.0,-31.05102
6567904062.5,-31.0621
6567905000.0,-31.06032
6567905937.5,-31.06176
6567906875.0,-31.06426
6567907812.5,-31.06055
6567908750.0,-31.06158
6567909687.5,-31.06992
6567910625.0,-31.05878
6567911562.5,-31.06911
6567912500.0,-31.07504
6567913437.5,-31.0711
6567914375.0,-31.06923
6567915312.5,-31.0715
6567916250.0,-31.07561
6567917187.5,-31.07603
6567918125.0,-31.0762
6567919062.5,-31.07672
6567920000.0,-31.07628
6567920937.5,-31.08038
6567921875.0,-31.08489
6567922812.5,-31.08645
6567923750.0,-31.0827
6567924687.5,-31.08849
6567925625.0,-31.08386
6567926562.5,-31.08806
6567927500.0,-31.09517
6567928437.5,-31.09293
6567929375.0,-31.09276
6567930312.5,-31.09711
6567931250.0,-31.09655
6567932187.5,-31.09938
6567933125.0,-31.09802
6567934062.5,-31.10234
6567935000.0,-31.09752
6567935937.5,-31.10202
6567936875.0,-31.10198
6567937812.5,-31.10392
6567938750.0,-31.1086
6567939687.5,-31.11769
6567940625.0,-31.11262
6567941562.5,-31.11239
6567942500.0,-31.11496
6567943437.5,-31.11544
6567944375.0,-31.11547
6567945312.5,-31.11122
6567946250.0,-31.12139
6567947187.5,-31.12047
6567948125.0,-31.12051
6567949062.5,-31.12412
6567950000.0,-31.12406
6567950937.5,-31.12784
6567951875.0,-31.121
6567952812.5,-31.13092
6567953750.0,-31.12864
6567954687.5,-31.13251
6567955625.0,-31.13571
6567956562.5,-31.13707
6567957500.0,-31.13566
6567958437.5,-31.13508
6567959375.0,-31.14226
6567960312.5,-31.13982
6567961250.0,-31.1403
6567962187.5,-31.14394
6567963125.0,-31.14072
6567964062.5,-31.13977
6567965000.0,-31.14752
6567965937.5,-31.13892
6567966875.0,-31.14817
6567967812.5,-31.14597
6567968750.0,-31.14904
6567969687.5,-31.15632
6567970625.0,-31.14847
6567971562.5,-31.15832
6567972500.0,-31.16215
6567973437.5,-31.15773
6567974375.0,-31.15816
6567975312.5,-31.15884
6567976250.0,-31.15653
6567977187.5,-31.16241
6567978125.0,-31.16543
6567979062.5,-31.16878
6567980000.0,-31.16868
6567980937.5,-31.1703
6567981875.0,-31.16685
6567982812.5,-31.16339
6567983750.0,-31.15919
6567984687.5,-31.17455
6567985625.0,-31.17579
6567986562.5,-31.17831
6567987500.0,-31.17379
6567988437.5,-31.1787
6567989375.0,-31.17541
6567990312.5,-31.18133
6567991250.0,-31.17872
6567992187.5,-31.18854
6567993125.0,-31.18693
6567994062.5,-31.18085
6567995000.0,-31.18426
6567995937.5,-31.18388
6567996875.0,-31.18453
6567997812.5,-31.18945
6567998750.0,-31.18838
6567999687.5,-31.18505
6568000625.0,-31.20115
6568001562.5,-31.19539
6568002500.0,-31.20452
6568003437.5,-31.19491
6568004375.0,-31.20983
6568005312.5,-31.20548
6568006250.0,-31.20809
6568007187.5,-31.20571
6568008125.0,-31.20589
6568009062.5,-31.20605
6568010000.0,-31.20786
6568010937.5,-31.2053
6568011875.0,-31.20997
6568012812.5,-31.21093
6568013750.0,-31.2128
6568014687.5,-31.21719
6568015625.0,-31.21101
6568016562.5,-31.21869
6568017500.0,-31.22321
6568018437.5,-31.21127
6568019375.0,-31.2231
6568020312.5,-31.2259
6568021250.0,-31.22234
6568022187.5,-31.22595
6568023125.0,-31.23012
6568024062.5,-31.22607
6568025000.0,-31.22723
6568025937.5,-31.2321
6568026875.0,-31.23338
6568027812.5,-31.23354
6568028750.0,-31.23166
6568029687.5,-31.23586
6568030625.0,-31.23143
6568031562.5,-31.24142
6568032500.0,-31.23414
6568033437.5,-31.23791
6568034375.0,-31.2463
6568035312.5,-31.24277
6568036250.0,-31.24698
6568037187.5,-31.24597
6568038125.0,-31.24397
6568039062.5,-31.25019
6568040000.0,-31.2464
6568040937.5,-31.25151
6568041875.0,-31.25442
6568042812.5,-31.24487
6568043750.0,-31.254
6568044687.5,-31.25551
6568045625.0,-31.25835
6568046562.5,-31.25701
6568047500.0,-31.26644
6568048437.5,-31.26595
6568049375.0,-31.26035
6568050312.5,-31.25894
6568051250.0,-31.26597
6568052187.5,-31.26937
6568053125.0,-31.27194
6568054062.5,-31.26658
6568055000.0,-31.27134
6568055937.5,-31.26275
6568056875.0,-31.27544
6568057812.5,-31.27501
6568058750.0,-31.2769
6568059687.5,-31.27535
6568060625.0,-31.27735
6568061562.5,-31.27686
6568062500.0,-31.28096
6568063437.5,-31.27713
6568064375.0,-31.2783
6568065312.5,-31.28238
6568066250.0,-31.27925
6568067187.5,-31.28027
6568068125.0,-31.28981
6568069062.5,-31.28495
6568070000.0,-31.28639
6568070937.5,-31.2942
6568071875.0,-31.28825
6568072812.5,-31.29233
6568073750.0,-31.3004
6568074687.5,-31.29824
6568075625.0,-31.29586
6568076562.5,-31.30644
6568077500.0,-31.30245
6568078437.5,-31.30424
6568079375.0,-31.30886
6568080312.5,-31.30424
6568081250.0,-31.30342
6568082187.5,-31.30379
6568083125.0,-31.30539
6568084062.5,-31.30813
6568085000.0,-31.3137
6568085937.5,-31.31654
6568086875.0,-31.3154
6568087812.5,-31.31908
6568088750.0,-31.31403
6568089687.5,-31.31536
6568090625.0,-31.31855
6568091562.5,-31.31899
6568092500.0,-31.31972
6568093437.5,-31.32597
6568094375.0,-31.32653
6568095312.5,-31.32596
6568096250.0,-31.32726
6568097187.5,-31.32798
6568098125.0,-31.32162
6568099062.5,-31.32926
6568100000.0,-31.3324
6568100937.5,-31.3408
6568101875.0,-31.33929
6568102812.5,-31.33383
6568103750.0,-31.33379
6568104687.5,-31.34035
6568105625.0,-31.33848
6568106562.5,-31.33973
6568107500.0,-31.34274
6568108437.5,-31.34115
6568109375.0,-31.34334
6568110312.5,-31.35112
6568111250.0,-31.34687
6568112187.5,-31.34209
6568113125.0,-31.34806
6568114062.5,-31.345
6568115000.0,-31.35428
6568115937.5,-31.35303
6568116875.0,-31.35201
6568117812.5,-31.35318
6568118750.0,-31.35798
6568119687.5,-31.36149
6568120625.0,-31.36247
6568121562.5,-31.36334
6568122500.0,-31.36217
6568123437.5,-31.35982
6568124375.0,-31.36212
6568125312.5,-31.36614
6568126250.0,-31.36792
6568127187.5,-31.3709
6568128125.0,-31.36786
6568129062.5,-31.37791
6568130000.0,-31.36801
6568130937.5,-31.37591
6568131875.0,-31.37101
6568132812.5,-31.37877
6568133750.0,-31.37128
6568134687.5,-31.37906
6568135625.0,-31.37669
6568136562.5,-31.38374
6568137500.0,-31.38552
6568138437.5,-31.38651
6568139375.0,-31.38127
6568140312.5,-31.38524
6568141250.0,-31.38378
6568142187.5,-31.3913
6568143125.0,-31.38991
6568144062.5,-31.39522
6568145000.0,-31.3945
6568145937.5,-31.38939
6568146875.0,-31.39268
6568147812.5,-31.39472
6568148750.0,-31.39992
6568149687.5,-31.39993
6568150625.0,-31.39787
6568151562.5,-31.40002
6568152500.0,-31.39617
6568153437.5,-31.40027
6568154375.0,-31.40515
6568155312.5,-31.39784
6568156250.0,-31.40564
6568157187.5,-31.40728
6568158125.0,-31.40975
6568159062.5,-31.41075
6568160000.0,-31.41331
6568160937.5,-31.41859
6568161875.0,-31.41551
6568162812.5,-31.41882
6568163750.0,-31.42421
6568164687.5,-31.41493
6568165625.0,-31.41794
6568166562.5,-31.42246
6568167500.0,-31.42002
6568168437.5,-31.43155
6568169375.0,-31.42464
6568170312.5,-31.43103
6568171250.0,-31.4355
6568172187.5,-31.42279
6568173125.0,-31.42824
6568174062.5,-31.42895
6568175000.0,-31.43232
6568175937.5,-31.43985
6568176875.0,-31.42814
6568177812.5,-31.43719
6568178750.0,-31.4389
6568179687.5,-31.44455
6568180625.0,-31.44042
6568181562.5,-31.44138
6568182500.0,-31.44839
6568183437.5,-31.44633
6568184375.0,-31.4452
6568185312.5,-31.44661
6568186250.0,-31.45002
6568187187.5,-31.45246
6568188125.0,-31.45316
6568189062.5,-31.45232
6568190000.0,-31.45857
6568190937.5,-31.45939
6568191875.0,-31.45533
6568192812.5,-31.45712
6568193750.0,-31.46176
6568194687.5,-31.4613
6568195625.0,-31.46948
6568196562.5,-31.4592
6568197500.0,-31.46847
6568198437.5,-31.46958
6568199375.0,-31.46831
6568200312.5,-31.47411
6568201250.0,-31.46717
6568202187.5,-31.46706
6568203125.0,-31.47128
6568204062.5,-31.47334
6568205000.0,-31.47633
6568205937.5,-31.47595
6568206875.0,-31.47574
6568207812.5,-31.47587
6568208750.0,-31.48638
6568209687.5,-31.48287
6568210625.0,-31.47782
6568211562.5,-31.48294
6568212500.0,-31.48077
6568213437.5,-31.47865
6568214375.0,-31.48819
6568215312.5,-31.48891
6568216250.0,-31.48424
6568217187.5,-31.49073
6568218125.0,-31.49377
6568219062.5,-31.49002
6568220000.0,-31.4983
6568220937.5,-31.49607
6568221875.0,-31.50562
6568222812.5,-31.49946
6568223750.0,-31.49514
6568224687.5,-31.50397
6568225625.0,-31.50041
6568226562.5,-31.50608
6568227500.0,-31.50867
6568228437.5,-31.50524
6568229375.0,-31.50802
6568230312.5,-31.50865
6568231250.0,-31.50918
6568232187.5,-31.51048
6568233125.0,-31.5127
6568234062.5,-31.51205
6568235000.0,-31.5166
6568235937.5,-31.51712
6568236875.0,-31.51463
6568237812.5,-31.51285
6568238750.0,-31.52
6568239687.5,-31.52328
6568240625.0,-31.52413
6568241562.5,-31.52267
6568242500.0,-31.52311
6568243437.5,-31.5271
6568244375.0,-31.52336
6568245312.5,-31.52685
6568246250.0,-31.534
6568247187.5,-31.52506
6568248125.0,-31.53805
6568249062.5,-31.52858
6568250000.0,-31.5319
6568250937.5,-31.535
6568251875.0,-31.53362
6568252812.5,-31.54241
6568253750.0,-31.53706
6568254687.5,-31.54355
6568255625.0,-31.54259
6568256562.5,-31.54228
6568257500.0,-31.54717
6568258437.5,-31.54434
6568259375.0,-31.5483
6568260312.5,-31.54638
6568261250.0,-31.54789
6568262187.5,-31.55161
6568263125.0,-31.55746
6568264062.5,-31.55371
6568265000.0,-31.55996
6568265937.5,-31.55613
6568266875.0,-31.56072
6568267812.5,-31.56231
6568268750.0,-31.55842
6568269687.5,-31.56034
6568270625.0,-31.55396
6568271562.5,-31.55778
6568272500.0,-31.56441
6568273437.5,-31.56392
6568274375.0,-31.56517
6568275312.5,-31.56693
6568276250.0,-31.56998
6568277187.5,-31.57122
6568278125.0,-31.57545
6568279062.5,-31.56855
6568280000.0,-31.57829
6568280937.5,-31.57724
6568281875.0,-31.57596
6568282812.5,-31.57706
6568283750.0,-31.57773
6568284687.5,-31.5818
6568285625.0,-31.57851
6568286562.5,-31.58348
6568287500.0,-31.58191
6568288437.5,-31.58665
6568289375.0,-31.58764
6568290312.5,-31.58333
6568291250.0,-31.59184
6568292187.5,-31.59548
6568293125.0,-31.59152
6568294062.5,-31.58794
6568295000.0,-31.59723
6568295937.5,-31.60095
6568296875.0,-31.60004
6568297812.5,-31.60172
6568298750.0,-31.59884
6568299687.5,-31.60189
6568300625.0,-31.6015
6568301562.5,-31.60643
6568302500.0,-31.60152
6568303437.5,-31.59952
6568304375.0,-31.60592
6568305312.5,-31.60532
6568306250.0,-31.60558
6568307187.5,-31.61598
6568308125.0,-31.61075
6568309062.5,-31.61997
6568310000.0,-31.61321
6568310937.5,-31.61113
6568311875.0,-31.6196
6568312812.5,-31.61826
6568313750.0,-31.61691
6568314687.5,-31.62189
6568315625.0,-31.62254
6568316562.5,-31.62336
6568317500.0,-31.61772
6568318437.5,-31.62464
6568319375.0,-31.62658
6568320312.5,-31.62621
6568321250.0,-31.63116
6568322187.5,-31.62615
6568323125.0,-31.63351
6568324062.5,-31.62545
6568325000.0,-31.62654
6568325937.5,-31.63604
6568326875.0,-31.63789
6568327812.5,-31.63713
6568328750.0,-31.64277
6568329687.5,-31.64258
6568330625.0,-31.64184
6568331562.5,-31.6408
6568332500.0,-31.64837
6568333437.5,-31.64906
6568334375.0,-31.64824
6568335312.5,-31.65117
6568336250.0,-31.6459
6568337187.5,-31.64948
6568338125.0,-31.64956
6568339062.5,-31.65728
6568340000.0,-31.64953
6568340937.5,-31.65843
6568341875.0,-31.65738
6568342812.5,-31.65603
6568343750.0,-31.66142
6568344687.5,-31.6647
6568345625.0,-31.65506
6568346562.5,-31.66534
6568347500.0,-31.66044
6568348437.5,-31.66194
6568349375.0,-31.65827
6568350312.5,-31.66754
6568351250.0,-31.6766
6568352187.5,-31.66487
6568353125.0,-31.66757
6568354062.5,-31.6702
6568355000.0,-31.67627
6568355937.5,-31.6783
6568356875.0,-31.67521
6568357812.5,-31.66919
6568358750.0,-31.67887
6568359687.5,-31.67543
6568360625.0,-31.68675
6568361562.5,-31.67694
6568362500.0,-31.68729
6568363437.5,-31.68653
6568364375.0,-31.6811
6568365312.5,-31.68505
6568366250.0,-31.68651
6568367187.5,-31.68696
6568368125.0,-31.69613
6568369062.5,-31.68936
6568370000.0,-31.68698
6568370937.5,-31.69883
6568371875.0,-31.69078
6568372812.5,-31.69035
6568373750.0,-31.69908
6568374687.5,-31.6992
6568375625.0,-31.69596
6568376562.5,-31.6952
6568377500.0,-31.70251
6568378437.5,-31.70395
6568379375.0,-31.70858
6568380312.5,-31.7026
6568381250.0,-31.70757
6568382187.5,-31.71148
6568383125.0,-31.71096
6568384062.5,-31.70951
6568385000.0,-31.71725
6568385937.5,-31.71026
6568386875.0,-31.71681
6568387812.5,-31.71628
6568388750.0,-31.71802
6568389687.5,-31.71913
6568390625.0,-31.72284
6568391562.5,-31.71472
6568392500.0,-31.71197
6568393437.5,-31.7178
6568394375.0,-31.72283
6568395312.5,-31.72882
6568396250.0,-31.72609
6568397187.5,-31.74023
6568398125.0,-31.7349
6568399062.5,-31.73136
6568400000.0,-31.73493
6568400937.5,-31.73125
6568401875.0,-31.7355
6568402812.5,-31.73501
6568403750.0,-31.73974
6568404687.5,-31.74009
6568405625.0,-31.73539
6568406562.5,-31.73737
6568407500.0,-31.74663
6568408437.5,-31.74285
6568409375.0,-31.75188
6568410312.5,-31.75025
6568411250.0,-31.74812
6568412187.5,-31.74998
6568413125.0,-31.75784
6568414062.5,-31.74944
6568415000.0,-31.7502
6568415937.5,-31.74984
6568416875.0,-31.75256
6568417812.5,-31.75488
6568418750.0,-31.75743
6568419687.5,-31.76068
6568420625.0,-31.75141
6568421562.5,-31.75723
6568422500.0,-31.75868
6568423437.5,-31.75954
6568424375.0,-31.7639
6568425312.5,-31.76257
6568426250.0,-31.76153
6568427187.5,-31.76519
6568428125.0,-31.76725
6568429062.5,-31.76995
6568430000.0,-31.7733
6568430937.5,-31.77236
6568431875.0,-31.7714
6568432812.5,-31.77408
6568433750.0,-31.77288
6568434687.5,-31.77258
6568435625.0,-31.77912
6568436562.5,-31.77916
6568437500.0,-31.77935
6568438437.5,-31.78048
6568439375.0,-31.78615
6568440312.5,-31.79113
6568441250.0,-31.78409
6568442187.5,-31.7891
6568443125.0,-31.79611
6568444062.5,-31.78555
6568445000.0,-31.78835
6568445937.5,-31.79103
6568446875.0,-31.78753
6568447812.5,-31.79115
6568448750.0,-31.7973
6568449687.5,-31.79595
6568450625.0,-31.79855
6568451562.5,-31.7977
6568452500.0,-31.80405
6568453437.5,-31.81153
6568454375.0,-31.80035
6568455312.5,-31.8017
6568456250.0,-31.80442
6568457187.5,-31.80808
6568458125.0,-31.81232
6568459062.5,-31.79946
6568460000.0,-31.81158
6568460937.5,-31.81319
6568461875.0,-31.81318
6568462812.5,-31.81314
6568463750.0,-31.81483
6568464687.5,-31.81219
6568465625.0,-31.82217
6568466562.5,-31.81343
6568467500.0,-31.8213
6568468437.5,-31.82246
6568469375.0,-31.8218
6568470312.5,-31.82909
6568471250.0,-31.8246
6568472187.5,-31.82185
6568473125.0,-31.81876
6568474062.5,-31.82107
6568475000.0,-31.83064
6568475937.5,-31.8237
6568476875.0,-31.83606
6568477812.5,-31.83661
6568478750.0,-31.82986
6568479687.5,-31.83186
6568480625.0,-31.82881
6568481562.5,-31.83812
6568482500.0,-31.83342
6568483437.5,-31.83694
6568484375.0,-31.84385
6568485312.5,-31.84705
6568486250.0,-31.8497
6568487187.5,-31.84728
6568488125.0,-31.85208
6568489062.5,-31.84199
6568490000.0,-31.84658
6568490937.5,-31.84464
6568491875.0,-31.84767
6568492812.5,-31.84727
6568493750.0,-31.85189
6568494687.5,-31.86038
6568495625.0,-31.85599
6568496562.5,-31.86541
6568497500.0,-31.86661
6568498437.5,-31.85782
6568499375.0,-31.86236
6568500312.5,-31.85733
6568501250.0,-31.86256
6568502187.5,-31.85841
6568503125.0,-31.86388
6568504062.5,-31.8602
6568505000.0,-31.86701
6568505937.5,-31.86767
6568506875.0,-31.86782
6568507812.5,-31.87057
6568508750.0,-31.87556
6568509687.5,-31.8851
6568510625.0,-31.87508
6568511562.5,-31.87823
6568512500.0,-31.87816
6568513437.5,-31.88165
6568514375.0,-31.88309
6568515312.5,-31.87598
6568516250.0,-31.88272
6568517187.5,-31.88636
6568518125.0,-31.88495
6568519062.5,-31.88825
6568520000.0,-31.88657
6568520937.5,-31.88904
6568521875.0,-31.88743
6568522812.5,-31.89328
6568523750.0,-31.89804
6568524687.5,-31.89514
6568525625.0,-31.89091
6568526562.5,-31.89039
6568527500.0,-31.89353
6568528437.5,-31.89867
6568529375.0,-31.8962
6568530312.5,-31.90452
6568531250.0,-31.89968
6568532187.5,-31.89542
6568533125.0,-31.90122
6568534062.5,-31.90274
6568535000.0,-31.91051
6568535937.5,-31.90748
6568536875.0,-31.91498
6568537812.5,-31.90452
6568538750.0,-31.91169
6568539687.5,-31.91115
6568540625.0,-31.91517
6568541562.5,-31.91021
6568542500.0,-31.91173
6568543437.5,-31.91606
6568544375.0,-31.92567
6568545312.5,-31.9133
6568546250.0,-31.92319
6568547187.5,-31.91715
6568548125.0,-31.92237
6568549062.5,-31.92312
6568550000.0,-31.92748
6568550937.5,-31.92995
6568551875.0,-31.93037
6568552812.5,-31.93111
6568553750.0,-31.93282
6568554687.5,-31.93379
6568555625.0,-31.93568
6568556562.5,-31.93406
6568557500.0,-31.93169
6568558437.5,-31.93038
6568559375.0,-31.93608
6568560312.5,-31.9396
6568561250.0,-31.93996
6568562187.5,-31.93903
6568563125.0,-31.94596
6568564062.5,-31.94452
6568565000.0,-31.94232
6568565937.5,-31.94779
6568566875.0,-31.93846
6568567812.5,-31.95241
6568568750.0,-31.94506
6568569687.5,-31.94828
6568570625.0,-31.94841
6568571562.5,-31.95474
6568572500.0,-31.95065
6568573437.5,-31.95457
6568574375.0,-31.95248
6568575312.5,-31.95433
6568576250.0,-31.95124
6568577187.5,-31.9608
6568578125.0,-31.95937
6568579062.5,-31.96317
6568580000.0,-31.9671
6568580937.5,-31.95903
6568581875.0,-31.96387
6568582812.5,-31.96717
6568583750.0,-31.96776
6568584687.5,-31.97071
6568585625.0,-31.97079
6568586562.5,-31.97832
6568587500.0,-31.97025
6568588437.5,-31.98512
6568589375.0,-31.97916
6568590312.5,-31.985
6568591250.0,-31.98343
6568592187.5,-31.98407
6568593125.0,-31.97998
6568594062.5,-31.97303
6568595000.0,-31.97774
6568595937.5,-31.98104
6568596875.0,-31.98201
6568597812.5,-31.98521
6568598750.0,-31.98497
6568599687.5,-31.98489
6568600625.0,-31.98832
6568601562.5,-31.99121
6568602500.0,-31.9961
6568603437.5,-31.99736
6568604375.0,-31.99246
6568605312.5,-31.99371
6568606250.0,-31.98577
6568607187.5,-32.00154
6568608125.0,-32.00446
6568609062.5,-32.00343
6568610000.0,-32.00449
6568610937.5,-31.99886
6568611875.0,-31.99875
6568612812.5,-32.00585
6568613750.0,-32.00415
6568614687.5,-32.00873
6568615625.0,-32.0111
6568616562.5,-32.00404
6568617500.0,-32.01555
6568618437.5,-32.01266
6568619375.0,-32.01373
6568620312.5,-32.01761
6568621250.0,-32.01706
6568622187.5,-32.0141
6568623125.0,-32.01705
6568624062.5,-32.02086
6568625000.0,-32.02103
6568625937.5,-32.02361
6568626875.0,-32.0223
6568627812.5,-32.02308
6568628750.0,-32.0255
6568629687.5,-32.02517
6568630625.0,-32.02765
6568631562.5,-32.02601
6568632500.0,-32.02962
6568633437.5,-32.0315
6568634375.0,-32.03098
6568635312.5,-32.02698
6568636250.0,-32.04115
6568637187.5,-32.03756
6568638125.0,-32.03955
6568639062.5,-32.0322
6568640000.0,-32.03712
6568640937.5,-32.04296
6568641875.0,-32.0427
6568642812.5,-32.04196
6568643750.0,-32.04685
6568644687.5,-32.04535
6568645625.0,-32.04532
6568646562.5,-32.04839
6568647500.0,-32.04593
6568648437.5,-32.0485
6568649375.0,-32.05143
6568650312.5,-32.05518
6568651250.0,-32.04329
6568652187.5,-32.05752
6568653125.0,-32.05219
6568654062.5,-32.05962
6568655000.0,-32.05474
6568655937.5,-32.06047
6568656875.0,-32.05815
6568657812.5,-32.05957
6568658750.0,-32.05993
6568659687.5,-32.06237
6568660625.0,-32.06379
6568661562.5,-32.06426
6568662500.0,-32.05798
6568663437.5,-32.0621
6568664375.0,-32.06813
6568665312.5,-32.06689
6568666250.0,-32.06958
6568667187.5,-32.07193
6568668125.0,-32.07547
6568669062.5,-32.07739
6568670000.0,-32.0779
6568670937.5,-32.07375
6568671875.0,-32.08126
6568672812.5,-32.08001
6568673750.0,-32.073
6568674687.5,-32.07816
6568675625.0,-32.08267
6568676562.5,-32.08553
6568677500.0,-32.08608
6568678437.5,-32.0916
6568679375.0,-32.09606
6568680312.5,-32.09232
6568681250.0,-32.08803
6568682187.5,-32.09851
6568683125.0,-32.08414
6568684062.5,-32.09299
6568685000.0,-32.09377
6568685937.5,-32.09991
6568686875.0,-32.09635
6568687812.5,-32.09356
6568688750.0,-32.09699
6568689687.5,-32.10662
6568690625.0,-32.09512
6568691562.5,-32.10023
6568692500.0,-32.09939
6568693437.5,-32.10533
6568694375.0,-32.10567
6568695312.5,-32.11208
6568696250.0,-32.11184
6568697187.5,-32.10899
6568698125.0,-32.10725
6568699062.5,-32.11106
6568700000.0,-32.11223
6568700937.5,-32.11565
6568701875.0,-32.12218
6568702812.5,-32.10965
6568703750.0,-32.11837
6568704687.5,-32.12408
6568705625.0,-32.11355
6568706562.5,-32.12722
6568707500.0,-32.12505
6568708437.5,-32.12963
6568709375.0,-32.12321
6568710312.5,-32.12196
6568711250.0,-32.13355
6568712187.5,-32.12522
6568713125.0,-32.12827
6568714062.5,-32.13235
6568715000.0,-32.13166
6568715937.5,-32.12992
6568716875.0,-32.12957
6568717812.5,-32.13767
6568718750.0,-32.13705
6568719687.5,-32.13353
6568720625.0,-32.14
6568721562.5,-32.14133
6568722500.0,-32.14194
6568723437.5,-32.14567
6568724375.0,-32.14475
6568725312.5,-32.14145
6568726250.0,-32.1431
6568727187.5,-32.13897
6568728125.0,-32.1469
6568729062.5,-32.14409
6568730000.0,-32.15001
6568730937.5,-32.15702
6568731875.0,-32.14813
6568732812.5,-32.15181
6568733750.0,-32.15671
6568734687.5,-32.1607
6568735625.0,-32.15348
6568736562.5,-32.15957
6568737500.0,-32.16353
6568738437.5,-32.15355
6568739375.0,-32.1526
6568740312.5,-32.16197
6568741250.0,-32.17197
6568742187.5,-32.1633
6568743125.0,-32.16644
6568744062.5,-32.16758
6568745000.0,-32.17197
6568745937.5,-32.1681
6568746875.0,-32.17323
6568747812.5,-32.17365
6568748750.0,-32.17082
6568749687.5,-32.1711
6568750625.0,-32.17937
6568751562.5,-32.1725
6568752500.0,-32.17476
6568753437.5,-32.17862
6568754375.0,-32.17477
6568755312.5,-32.18391
6568756250.0,-32.18277
6568757187.5,-32.17969
6568758125.0,-32.18577
6568759062.5,-32.18519
6568760000.0,-32.1911
6568760937.5,-32.18609
6568761875.0,-32.18843
6568762812.5,-32.1882
6568763750.0,-32.19008
6568764687.5,-32.19396
6568765625.0,-32.19495
6568766562.5,-32.19489
6568767500.0,-32.19445
6568768437.5,-32.19869
6568769375.0,-32.20157
6568770312.5,-32.19837
6568771250.0,-32.19075
6568772187.5,-32.19614
6568773125.0,-32.20299
6568774062.5,-32.20414
6568775000.0,-32.20469
6568775937.5,-32.21328
6568776875.0,-32.20179
6568777812.5,-32.2048
6568778750.0,-32.21138
6568779687.5,-32.20842
6568780625.0,-32.21133
6568781562.5,-32.21081
6568782500.0,-32.21783
6568783437.5,-32.22079
6568784375.0,-32.22108
6568785312.5,-32.21295
6568786250.0,-32.22112
6568787187.5,-32.22461
6568788125.0,-32.22314
6568789062.5,-32.21998
6568790000.0,-32.22266
6568790937.5,-32.22407
6568791875.0,-32.22256
6568792812.5,-32.23039
6568793750.0,-32.22911
6568794687.5,-32.22911
6568795625.0,-32.24207
6568796562.5,-32.23392
6568797500.0,-32.23631
6568798437.5,-32.23568
6568799375.0,-32.2324
6568800312.5,-32.23601
6568801250.0,-32.23732
6568802187.5,-32.24133
6568803125.0,-32.23619
6568804062.5,-32.23944
6568805000.0,-32.24466
6568805937.5,-32.24722
6568806875.0,-32.24491
6568807812.5,-32.24255
6568808750.0,-32.24096
6568809687.5,-32.24794
6568810625.0,-32.24725
6568811562.5,-32.2508
6568812500.0,-32.24549
6568813437.5,-32.25025
6568814375.0,-32.26274
6568815312.5,-32.2559
6568816250.0,-32.25446
6568817187.5,-32.26085
6568818125.0,-32.25103
6568819062.5,-32.2599
6568820000.0,-32.25948
6568820937.5,-32.25616
6568821875.0,-32.26661
6568822812.5,-32.26326
6568823750.0,-32.26331
6568824687.5,-32.26572
6568825625.0,-32.27027
6568826562.5,-32.26601
6568827500.0,-32.26937
6568828437.5,-32.27609
6568829375.0,-32.27064
6568830312.5,-32.28011
6568831250.0,-32.27057
6568832187.5,-32.27579
6568833125.0,-32.27189
6568834062.5,-32.27892
6568835000.0,-32.27585
6568835937.5,-32.28073
6568836875.0,-32.2768
6568837812.5,-32.28043
6568838750.0,-32.27804
6568839687.5,-32.27857
6568840625.0,-32.28901
6568841562.5,-32.28153
6568842500.0,-32.29509
6568843437.5,-32.29463
6568844375.0,-32.28963
6568845312.5,-32.29548
6568846250.0,-32.29258
6568847187.5,-32.29737
6568848125.0,-32.29702
6568849062.5,-32.29775
6568850000.0,-32.29688
6568850937.5,-32.29488
6568851875.0,-32.29532
6568852812.5,-32.30017
6568853750.0,-32.29955
6568854687.5,-32.30101
6568855625.0,-32.29477
6568856562.5,-32.30233
6568857500.0,-32.3036
6568858437.5,-32.30569
6568859375.0,-32.30647
6568860312.5,-32.3134
6568861250.0,-32.31269
6568862187.5,-32.32008
6568863125.0,-32.31261
6568864062.5,-32.31253
6568865000.0,-32.31469
6568865937.5,-32.31128
6568866875.0,-32.31574
6568867812.5,-32.32141
6568868750.0,-32.32247
6568869687.5,-32.32454
6568870625.0,-32.32678
6568871562.5,-32.3237
6568872500.0,-32.31872
6568873437.5,-32.32401
6568874375.0,-32.32153
6568875312.5,-32.32771
6568876250.0,-32.32833
6568877187.5,-32.32277
6568878125.0,-32.33483
6568879062.5,-32.33418
6568880000.0,-32.32656
6568880937.5,-32.32839
6568881875.0,-32.33642
6568882812.5,-32.33178
6568883750.0,-32.33863
6568884687.5,-32.33799
6568885625.0,-32.33558
6568886562.5,-32.33641
6568887500.0,-32.3421
6568888437.5,-32.34047
6568889375.0,-32.33915
6568890312.5,-32.35176
6568891250.0,-32.35543
6568892187.5,-32.34471
6568893125.0,-32.3529
6568894062.5,-32.34957
6568895000.0,-32.34989
6568895937.5,-32.34948
6568896875.0,-32.35003
6568897812.5,-32.35262
6568898750.0,-32.35259
6568899687.5,-32.36454
6568900625.0,-32.3622
6568901562.5,-32.35596
6568902500.0,-32.3617
6568903437.5,-32.36242
6568904375.0,-32.36593
6568905312.5,-32.35483
6568906250.0,-32.36147
6568907187.5,-32.36849
6568908125.0,-32.36658
6568909062.5,-32.36625
6568910000.0,-32.36848
6568910937.5,-32.36682
6568911875.0,-32.36989
6568912812.5,-32.37032
6568913750.0,-32.37102
6568914687.5,-32.37817
6568915625.0,-32.37002
6568916562.5,-32.37561
6568917500.0,-32.38195
6568918437.5,-32.37405
6568919375.0,-32.38332
6568920312.5,-32.38961
6568921250.0,-32.38413
6568922187.5,-32.38472
6568923125.0,-32.38386
6568924062.5,-32.3863
6568925000.0,-32.39059
6568925937.5,-32.38176
6568926875.0,-32.38805
6568927812.5,-32.38551
6568928750.0,-32.38969
6568929687.5,-32.39525
6568930625.0,-32.39129
6568931562.5,-32.39097
6568932500.0,-32.39538
6568933437.5,-32.39885
6568934375.0,-32.39924
6568935312.5,-32.40401
6568936250.0,-32.39416
6568937187.5,-32.39743
6568938125.0,-32.4045
6568939062.5,-32.40865
6568940000.0,-32.40378
6568940937.5,-32.40907
6568941875.0,-32.40667
6568942812.5,-32.40927
6568943750.0,-32.40872
6568944687.5,-32.40985
6568945625.0,-32.40579
6568946562.5,-32.41538
6568947500.0,-32.41389
6568948437.5,-32.41766
6568949375.0,-32.41596
6568950312.5,-32.41621
6568951250.0,-32.41425
6568952187.5,-32.42206
6568953125.0,-32.4222
6568954062.5,-32.42384
6568955000.0,-32.42269
6568955937.5,-32.42677
6568956875.0,-32.42285
6568957812.5,-32.42709
6568958750.0,-32.43709
6568959687.5,-32.42571
6568960625.0,-32.4322
6568961562.5,-32.43341
6568962500.0,-32.43089
6568963437.5,-32.43109
6568964375.0,-32.4357
6568965312.5,-32.44041
6568966250.0,-32.4371
6568967187.5,-32.44092
6568968125.0,-32.43553
6568969062.5,-32.43752
6568970000.0,-32.4358
6568970937.5,-32.43507
6568971875.0,-32.44109
6568972812.5,-32.44693
6568973750.0,-32.44464
6568974687.5,-32.44895
6568975625.0,-32.44747
6568976562.5,-32.44267
6568977500.0,-32.44814
6568978437.5,-32.45518
6568979375.0,-32.45886
6568980312.5,-32.4548
6568981250.0,-32.45963
6568982187.5,-32.45292
6568983125.0,-32.45068
6568984062.5,-32.45163
6568985000.0,-32.46267
6568985937.5,-32.45602
6568986875.0,-32.46068
6568987812.5,-32.46502
6568988750.0,-32.45954
6568989687.5,-32.46935
6568990625.0,-32.46291
6568991562.5,-32.46531
6568992500.0,-32.46103
6568993437.5,-32.46698
6568994375.0,-32.46735
6568995312.5,-32.46814
6568996250.0,-32.46874
6568997187.5,-32.482
6568998125.0,-32.47799
6568999062.5,-32.47299
6569000000.0,-32.47702
6569000937.5,-32.4776
6569001875.0,-32.48186
6569002812.5,-32.47759
6569003750.0,-32.48434
6569004687.5,-32.49227
6569005625.0,-32.48569
6569006562.5,-32.48804
6569007500.0,-32.48245
6569008437.5,-32.48296
6569009375.0,-32.4888
6569010312.5,-32.4939
6569011250.0,-32.49496
6569012187.5,-32.48869
6569013125.0,-32.48784
6569014062.5,-32.49584
6569015000.0,-32.49267
6569015937.5,-32.49169
6569016875.0,-32.49685
6569017812.5,-32.49711
6569018750.0,-32.4974
6569019687.5,-32.50084
6569020625.0,-32.50102
6569021562.5,-32.49738
6569022500.0,-32.5051
6569023437.5,-32.50504
6569024375.0,-32.50858
6569025312.5,-32.50744
6569026250.0,-32.51532
6569027187.5,-32.50829
6569028125.0,-32.51742
6569029062.5,-32.51502
6569030000.0,-32.51063
6569030937.5,-32.50656
6569031875.0,-32.51325
6569032812.5,-32.51803
6569033750.0,-32.50956
6569034687.5,-32.52369
6569035625.0,-32.52121
6569036562.5,-32.51716
6569037500.0,-32.52077
6569038437.5,-32.52746
6569039375.0,-32.5209
6569040312.5,-32.51625
6569041250.0,-32.5246
6569042187.5,-32.52217
6569043125.0,-32.52614
6569044062.5,-32.53021
6569045000.0,-32.52862
6569045937.5,-32.53283
6569046875.0,-32.53442
6569047812.5,-32.53072
6569048750.0,-32.53619
6569049687.5,-32.53695
6569050625.0,-32.53754
6569051562.5,-32.53881
6569052500.0,-32.53829
6569053437.5,-32.54061
6569054375.0,-32.54015
6569055312.5,-32.54467
6569056250.0,-32.54529
6569057187.5,-32.54162
6569058125.0,-32.53955
6569059062.5,-32.54285
6569060000.0,-32.55763
6569060937.5,-32.54718
6569061875.0,-32.55318
6569062812.5,-32.55389
6569063750.0,-32.55174
6569064687.5,-32.55158
6569065625.0,-32.55423
6569066562.5,-32.55665
6569067500.0,-32.55779
6569068437.5,-32.55732
6569069375.0,-32.55195
6569070312.5,-32.54845
6569071250.0,-32.56543
6569072187.5,-32.57003
6569073125.0,-32.56104
6569074062.5,-32.55686
6569075000.0,-32.56412
6569075937.5,-32.56338
6569076875.0,-32.57182
6569077812.5,-32.56276
6569078750.0,-32.5628
6569079687.5,-32.57047
6569080625.0,-32.57146
6569081562.5,-32.57467
6569082500.0,-32.5664
6569083437.5,-32.57577
6569084375.0,-32.56825
6569085312.5,-32.57998
6569086250.0,-32.57712
6569087187.5,-32.57821
6569088125.0,-32.58699
6569089062.5,-32.58724
6569090000.0,-32.57911
6569090937.5,-32.57362
6569091875.0,-32.58776
6569092812.5,-32.58096
6569093750.0,-32.59043
6569094687.5,-32.59072
6569095625.0,-32.58967
6569096562.5,-32.59536
6569097500.0,-32.59169
6569098437.5,-32.59167
6569099375.0,-32.5938
6569100312.5,-32.58983
6569101250.0,-32.59351
6569102187.5,-32.59474
6569103125.0,-32.59665
6569104062.5,-32.59811
6569105000.0,-32.59002
6569105937.5,-32.60297
6569106875.0,-32.6051
6569107812.5,-32.59945
6569108750.0,-32.59964
6569109687.5,-32.60567
6569110625.0,-32.60375
6569111562.5,-32.60731
6569112500.0,-32.61015
6569113437.5,-32.61
6569114375.0,-32.60992
6569115312.5,-32.6141
6569116250.0,-32.61237
6569117187.5,-32.60969
6569118125.0,-32.61716
6569119062.5,-32.61978
6569120000.0,-32.61753
6569120937.5,-32.61432
6569121875.0,-32.61676
6569122812.5,-32.62386
6569123750.0,-32.61815
6569124687.5,-32.61627
6569125625.0,-32.62321
6569126562.5,-32.62782
6569127500.0,-32.62483
6569128437.5,-32.62185
6569129375.0,-32.63001
6569130312.5,-32.62395
6569131250.0,-32.63023
6569132187.5,-32.63342
6569133125.0,-32.63111
6569134062.5,-32.631
6569135000.0,-32.64286
6569135937.5,-32.63927
6569136875.0,-32.63617
6569137812.5,-32.62699
6569138750.0,-32.637
6569139687.5,-32.64246
6569140625.0,-32.63575
6569141562.5,-32.65318
6569142500.0,-32.645
6569143437.5,-32.63999
6569144375.0,-32.64445
6569145312.5,-32.64921
6569146250.0,-32.64593
6569147187.5,-32.65391
6569148125.0,-32.65532
6569149062.5,-32.65271
6569150000.0,-32.64791
6569150937.5,-32.65988
6569151875.0,-32.65668
6569152812.5,-32.65964
6569153750.0,-32.66155
6569154687.5,-32.66233
6569155625.0,-32.65081
6569156562.5,-32.66394
6569157500.0,-32.66108
6569158437.5,-32.66783
6569159375.0,-32.66376
6569160312.5,-32.66368
6569161250.0,-32.66705
6569162187.5,-32.67206
6569163125.0,-32.66914
6569164062.5,-32.66206
6569165000.0,-32.67182
6569165937.5,-32.67156
6569166875.0,-32.66816
6569167812.5,-32.6703
6569168750.0,-32.66934
6569169687.5,-32.66645
6569170625.0,-32.67723
6569171562.5,-32.67607
6569172500.0,-32.68072
6569173437.5,-32.68355
6569174375.0,-32.68193
6569175312.5,-32.67587
6569176250.0,-32.68063
6569177187.5,-32.68202
6569178125.0,-32.69028
6569179062.5,-32.68662
6569180000.0,-32.68615
6569180937.5,-32.69069
6569181875.0,-32.68531
6569182812.5,-32.6889
6569183750.0,-32.68853
6569184687.5,-32.68968
6569185625.0,-32.69187
6569186562.5,-32.69498
6569187500.0,-32.69256
6569188437.5,-32.69326
6569189375.0,-32.70058
6569190312.5,-32.6965
6569191250.0,-32.69809
6569192187.5,-32.70035
6569193125.0,-32.70044
6569194062.5,-32.70832
6569195000.0,-32.70334
6569195937.5,-32.69877
6569196875.0,-32.70371
6569197812.5,-32.70662
6569198750.0,-32.70899
6569199687.5,-32.71083
6569200625.0,-32.7154
6569201562.5,-32.71212
6569202500.0,-32.71329
6569203437.5,-32.71134
6569204375.0,-32.71622
6569205312.5,-32.71314
6569206250.0,-32.71337
6569207187.5,-32.71809
6569208125.0,-32.71873
6569209062.5,-32.72279
6569210000.0,-32.7223
6569210937.5,-32.71984
6569211875.0,-32.73192
6569212812.5,-32.723
6569213750.0,-32.70906
6569214687.5,-32.72717
6569215625.0,-32.72371
6569216562.5,-32.7287
6569217500.0,-32.73389
6569218437.5,-32.72244
6569219375.0,-32.73075
6569220312.5,-32.73842
6569221250.0,-32.73742
6569222187.5,-32.73172
6569223125.0,-32.73706
6569224062.5,-32.73795
6569225000.0,-32.74151
6569225937.5,-32.7375
6569226875.0,-32.73424
6569227812.5,-32.73641
6569228750.0,-32.73789
6569229687.5,-32.74483
6569230625.0,-32.74488
6569231562.5,-32.74502
6569232500.0,-32.75148
6569233437.5,-32.75096
6569234375.0,-32.74095
6569235312.5,-32.7481
6569236250.0,-32.75075
6569237187.5,-32.74885
6569238125.0,-32.75052
6569239062.5,-32.76178
6569240000.0,-32.76408
6569240937.5,-32.75248
6569241875.0,-32.75174
6569242812.5,-32.75798
6569243750.0,-32.7654
6569244687.5,-32.76698
6569245625.0,-32.76268
6569246562.5,-32.7671
6569247500.0,-32.77003
6569248437.5,-32.76831
6569249375.0,-32.76444
6569250312.5,-32.76627
6569251250.0,-32.76662
6569252187.5,-32.7713
6569253125.0,-32.77336
6569254062.5,-32.77127
6569255000.0,-32.76979
6569255937.5,-32.76728
6569256875.0,-32.76952
6569257812.5,-32.7816
6569258750.0,-32.7785
6569259687.5,-32.78447
6569260625.0,-32.77595
6569261562.5,-32.77827
6569262500.0,-32.78608
6569263437.5,-32.78462
6569264375.0,-32.78439
6569265312.5,-32.78179
6569266250.0,-32.78144
6569267187.5,-32.7871
6569268125.0,-32.78144
6569269062.5,-32.78848
6569270000.0,-32.79081
6569270937.5,-32.80538
6569271875.0,-32.79417
6569272812.5,-32.79407
6569273750.0,-32.79361
6569274687.5,-32.80091
6569275625.0,-32.80032
6569276562.5,-32.79722
6569277500.0,-32.79494
6569278437.5,-32.80459
6569279375.0,-32.80032
6569280312.5,-32.80271
6569281250.0,-32.80219
6569282187.5,-32.80332
6569283125.0,-32.80415
6569284062.5,-32.80767
6569285000.0,-32.81485
6569285937.5,-32.81397
6569286875.0,-32.80907
6569287812.5,-32.81533
6569288750.0,-32.81435
6569289687.5,-32.81658
6569290625.0,-32.81269
6569291562.5,-32.81731
6569292500.0,-32.81381
6569293437.5,-32.81422
6569294375.0,-32.82594
6569295312.5,-32.82535
6569296250.0,-32.82461
6569297187.5,-32.82361
6569298125.0,-32.82405
6569299062.5,-32.82956
6569300000.0,-32.82688
6569300937.5,-32.81789
6569301875.0,-32.82782
6569302812.5,-32.83043
6569303750.0,-32.81825
6569304687.5,-32.82811
6569305625.0,-32.83106
6569306562.5,-32.83052
6569307500.0,-32.8345
6569308437.5,-32.83123
6569309375.0,-32.83956
6569310312.5,-32.84008
6569311250.0,-32.83884
6569312187.5,-32.84199
6569313125.0,-32.83663
6569314062.5,-32.8313
6569315000.0,-32.83583
6569315937.5,-32.84463
6569316875.0,-32.84402
6569317812.5,-32.84668
6569318750.0,-32.84912
6569319687.5,-32.84514
6569320625.0,-32.84922
6569321562.5,-32.8481
6569322500.0,-32.84825
6569323437.5,-32.84941
6569324375.0,-32.85349
6569325312.5,-32.85816
6569326250.0,-32.85632
6569327187.5,-32.85411
6569328125.0,-32.85909
6569329062.5,-32.85756
6569330000.0,-32.86074
6569330937.5,-32.85593
6569331875.0,-32.86181
6569332812.5,-32.86366
6569333750.0,-32.86223
6569334687.5,-32.86571
6569335625.0,-32.86965
6569336562.5,-32.86362
6569337500.0,-32.86396
6569338437.5,-32.87353
6569339375.0,-32.87615
6569340312.5,-32.86762
6569341250.0,-32.87169
6569342187.5,-32.8713
6569343125.0,-32.87723
6569344062.5,-32.87853
6569345000.0,-32.87555
6569345937.5,-32.8765
6569346875.0,-32.88141
6569347812.5,-32.88166
6569348750.0,-32.8862
6569349687.5,-32.88412
6569350625.0,-32.88669
6569351562.5,-32.88364
6569352500.0,-32.88715
6569353437.5,-32.88277
6569354375.0,-32.88422
6569355312.5,-32.88581
6569356250.0,-32.89193
6569357187.5,-32.88867
6569358125.0,-32.89289
6569359062.5,-32.89258
6569360000.0,-32.8878
6569360937.5,-32.89875
6569361875.0,-32.89834
6569362812.5,-32.88728
6569363750.0,-32.89762
6569364687.5,-32.89196
6569365625.0,-32.89524
6569366562.5,-32.89974
6569367500.0,-32.90396
6569368437.5,-32.90197
6569369375.0,-32.90156
6569370312.5,-32.90384
6569371250.0,-32.90652
6569372187.5,-32.90816
6569373125.0,-32.90923
6569374062.5,-32.91132
6569375000.0,-32.90759
6569375937.5,-32.90902
6569376875.0,-32.90526
6569377812.5,-32.9118
6569378750.0,-32.91423
6569379687.5,-32.91315
6569380625.0,-32.92403
6569381562.5,-32.91362
6569382500.0,-32.92041
6569383437.5,-32.91867
6569384375.0,-32.92126
6569385312.5,-32.92251
6569386250.0,-32.92463
6569387187.5,-32.92091
6569388125.0,-32.92172
6569389062.5,-32.92636
6569390000.0,-32.92525
6569390937.5,-32.92366
6569391875.0,-32.93098
6569392812.5,-32.92373
6569393750.0,-32.93095
6569394687.5,-32.92951
6569395625.0,-32.93232
6569396562.5,-32.93719
6569397500.0,-32.92931
6569398437.5,-32.93203
6569399375.0,-32.93698
6569400312.5,-32.94041
6569401250.0,-32.93929
6569402187.5,-32.93191
6569403125.0,-32.93817
6569404062.5,-32.94152
6569405000.0,-32.93833
6569405937.5,-32.95072
6569406875.0,-32.93986
6569407812.5,-32.9512
6569408750.0,-32.94395
6569409687.5,-32.95355
6569410625.0,-32.94437
6569411562.5,-32.94184
6569412500.0,-32.94406
6569413437.5,-32.95372
6569414375.0,-32.95564
6569415312.5,-32.95053
6569416250.0,-32.95608
6569417187.5,-32.95221
6569418125.0,-32.95603
6569419062.5,-32.95611
6569420000.0,-32.96231
6569420937.5,-32.95741
6569421875.0,-32.9612
6569422812.5,-32.96254
6569423750.0,-32.96316
6569424687.5,-32.97086
6569425625.0,-32.96865
6569426562.5,-32.96746
6569427500.0,-32.97493
6569428437.5,-32.96896
6569429375.0,-32.96851
6569430312.5,-32.9698
6569431250.0,-32.96817
6569432187.5,-32.97256
6569433125.0,-32.97806
6569434062.5,-32.96964
6569435000.0,-32.96817
6569435937.5,-32.97474
6569436875.0,-32.97535
6569437812.5,-32.97963
6569438750.0,-32.97403
6569439687.5,-32.98094
6569440625.0,-32.9748
6569441562.5,-32.98965
6569442500.0,-32.98783
6569443437.5,-32.98725
6569444375.0,-32.98888
6569445312.5,-32.9866
6569446250.0,-32.98385
6569447187.5,-32.99269
6569448125.0,-32.9907
6569449062.5,-32.99789
6569450000.0,-32.9935
6569450937.5,-32.9977
6569451875.0,-32.99711
6569452812.5,-33.00819
6569453750.0,-32.99199
6569454687.5,-32.99635
6569455625.0,-32.99624
6569456562.5,-33.00089
6569457500.0,-32.99781
6569458437.5,-33.00062
6569459375.0,-33.006
6569460312.5,-32.99877
6569461250.0,-33.00541
6569462187.5,-33.0087
6569463125.0,-33.00787
6569464062.5,-33.00781
6569465000.0,-33.0064
6569465937.5,-33.01155
6569466875.0,-33.01235
6569467812.5,-33.01439
6569468750.0,-33.00112
6569469687.5,-33.01646
6569470625.0,-33.01371
6569471562.5,-33.02513
6569472500.0,-33.01374
6569473437.5,-33.02202
6569474375.0,-33.02108
6569475312.5,-33.01302
6569476250.0,-33.02116
6569477187.5,-33.02519
6569478125.0,-33.02504
6569479062.5,-33.01763
6569480000.0,-33.03313
6569480937.5,-33.03088
6569481875.0,-33.02351
6569482812.5,-33.02892
6569483750.0,-33.02785
6569484687.5,-33.0289
6569485625.0,-33.03286
6569486562.5,-33.02701
6569487500.0,-33.02176
6569488437.5,-33.02888
6569489375.0,-33.03979
6569490312.5,-33.03048
6569491250.0,-33.03312
6569492187.5,-33.04637
6569493125.0,-33.04764
6569494062.5,-33.04147
6569495000.0,-33.0446
6569495937.5,-33.04353
6569496875.0,-33.03461
6569497812.5,-33.04251
6569498750.0,-33.04122
6569499687.5,-33.04535
6569500625.0,-33.05173
6569501562.5,-33.05391
6569502500.0,-33.05298
6569503437.5,-33.05181
6569504375.0,-33.05036
6569505312.5,-33.05493
6569506250.0,-33.04756
6569507187.5,-33.04779
6569508125.0,-33.0563
6569509062.5,-33.05925
6569510000.0,-33.05567
6569510937.5,-33.05863
6569511875.0,-33.06356
6569512812.5,-33.05804
6569513750.0,-33.05482
6569514687.5,-33.0693
6569515625.0,-33.06617
6569516562.5,-33.06496
6569517500.0,-33.06647
6569518437.5,-33.06546
6569519375.0,-33.06878
6569520312.5,-33.06287
6569521250.0,-33.06725
6569522187.5,-33.06884
6569523125.0,-33.06635
6569524062.5,-33.07338
6569525000.0,-33.0818
6569525937.5,-33.07331
6569526875.0,-33.07204
6569527812.5,-33.07808
6569528750.0,-33.07565
6569529687.5,-33.07917
6569530625.0,-33.08157
6569531562.5,-33.07155
6569532500.0,-33.08545
6569533437.5,-33.08636
6569534375.0,-33.0846
6569535312.5,-33.08737
6569536250.0,-33.08938
6569537187.5,-33.10361
6569538125.0,-33.09161
6569539062.5,-33.10162
6569540000.0,-33.09317
6569540937.5,-33.08782
6569541875.0,-33.09763
6569542812.5,-33.094
6569543750.0,-33.09533
6569544687.5,-33.09411
6569545625.0,-33.10064
6569546562.5,-33.10152
6569547500.0,-33.09691
6569548437.5,-33.10244
6569549375.0,-33.10469
6569550312.5,-33.10462
6569551250.0,-33.10788
6569552187.5,-33.10346
6569553125.0,-33.11067
6569554062.5,-33.10938
6569555000.0,-33.10546
6569555937.5,-33.10899
6569556875.0,-33.10727
6569557812.5,-33.11827
6569558750.0,-33.11249
6569559687.5,-33.10857
6569560625.0,-33.11263
6569561562.5,-33.12333
6569562500.0,-33.12218
6569563437.5,-33.11641
6569564375.0,-33.11536
6569565312.5,-33.11346
6569566250.0,-33.11677
6569567187.5,-33.12275
6569568125.0,-33.11897
6569569062.5,-33.12603
6569570000.0,-33.12165
6569570937.5,-33.13147
6569571875.0,-33.12668
6569572812.5,-33.12965
6569573750.0,-33.12749
6569574687.5,-33.13468
6569575625.0,-33.12706
6569576562.5,-33.13815
6569577500.0,-33.13324
6569578437.5,-33.1372
6569579375.0,-33.13583
6569580312.5,-33.13668
6569581250.0,-33.13261
6569582187.5,-33.1453
6569583125.0,-33.1375
6569584062.5,-33.13597
6569585000.0,-33.13874
6569585937.5,-33.1412
6569586875.0,-33.14853
6569587812.5,-33.14859
6569588750.0,-33.13876
6569589687.5,-33.15259
6569590625.0,-33.14628
6569591562.5,-33.13837
6569592500.0,-33.14361
6569593437.5,-33.15556
6569594375.0,-33.15549
6569595312.5,-33.15453
6569596250.0,-33.15405
6569597187.5,-33.15053
6569598125.0,-33.15248
6569599062.5,-33.15355
6569600000.0,-33.16563
6569600937.5,-33.16182
6569601875.0,-33.15572
6569602812.5,-33.15559
6569603750.0,-33.16865
6569604687.5,-33.16562
6569605625.0,-33.16291
6569606562.5,-33.17198
6569607500.0,-33.16576
6569608437.5,-33.16291
6569609375.0,-33.16427
6569610312.5,-33.16636
6569611250.0,-33.16472
6569612187.5,-33.16962
6569613125.0,-33.17416
6569614062.5,-33.17707
6569615000.0,-33.17332
6569615937.5,-33.16928
6569616875.0,-33.177
6569617812.5,-33.1768
6569618750.0,-33.18064
6569619687.5,-33.18262
6569620625.0,-33.17574
6569621562.5,-33.1843
6569622500.0,-33.18429
6569623437.5,-33.18017
6569624375.0,-33.17694
6569625312.5,-33.1866
6569626250.0,-33.18801
6569627187.5,-33.19087
6569628125.0,-33.1947
6569629062.5,-33.19095
6569630000.0,-33.19175
6569630937.5,-33.18545
6569631875.0,-33.19054
6569632812.5,-33.20019
6569633750.0,-33.20031
6569634687.5,-33.19429
6569635625.0,-33.2035
6569636562.5,-33.19623
6569637500.0,-33.19999
6569638437.5,-33.19321
6569639375.0,-33.20671
6569640312.5,-33.20496
6569641250.0,-33.20175
6569642187.5,-33.20298
6569643125.0,-33.1982
6569644062.5,-33.20534
6569645000.0,-33.20544
6569645937.5,-33.20818
6569646875.0,-33.21773
6569647812.5,-33.22132
6569648750.0,-33.21377
6569649687.5,-33.21822
6569650625.0,-33.20742
6569651562.5,-33.21864
6569652500.0,-33.21218
6569653437.5,-33.22141
6569654375.0,-33.21456
6569655312.5,-33.22035
6569656250.0,-33.216
6569657187.5,-33.21852
6569658125.0,-33.2192
6569659062.5,-33.22215
6569660000.0,-33.21433
6569660937.5,-33.22881
6569661875.0,-33.2223
6569662812.5,-33.22316
6569663750.0,-33.2291
6569664687.5,-33.21952
6569665625.0,-33.2244
6569666562.5,-33.22825
6569667500.0,-33.2328
6569668437.5,-33.23655
6569669375.0,-33.22992
6569670312.5,-33.23036
6569671250.0,-33.23355
6569672187.5,-33.22691
6569673125.0,-33.24249
6569674062.5,-33.24002
6569675000.0,-33.23554
6569675937.5,-33.24325
6569676875.0,-33.2524
6569677812.5,-33.2362
6569678750.0,-33.2376
6569679687.5,-33.24244
6569680625.0,-33.24535
6569681562.5,-33.25333
6569682500.0,-33.25354
6569683437.5,-33.24503
6569684375.0,-33.24958
6569685312.5,-33.24995
6569686250.0,-33.25091
6569687187.5,-33.24874
6569688125.0,-33.25452
6569689062.5,-33.25285
6569690000.0,-33.25827
6569690937.5,-33.25551
6569691875.0,-33.2538
6569692812.5,-33.25764
6569693750.0,-33.26019
6569694687.5,-33.25426
6569695625.0,-33.26041
6569696562.5,-33.26971
6569697500.0,-33.25888
6569698437.5,-33.26445
6569699375.0,-33.28108
6569700312.5,-33.2718
6569701250.0,-33.26305
6569702187.5,-33.26875
6569703125.0,-33.26808
6569704062.5,-33.27099
6569705000.0,-33.26298
6569705937.5,-33.27583
6569706875.0,-33.26905
6569707812.5,-33.27504
6569708750.0,-33.27647
6569709687.5,-33.28122
6569710625.0,-33.27498
6569711562.5,-33.27547
6569712500.0,-33.28179
6569713437.5,-33.2803
6569714375.0,-33.28348
6569715312.5,-33.28477
6569716250.0,-33.28271
6569717187.5,-33.28582
6569718125.0,-33.28811
6569719062.5,-33.27836
6569720000.0,-33.28899
6569720937.5,-33.2805
6569721875.0,-33.28357
6569722812.5,-33.2774
6569723750.0,-33.29344
6569724687.5,-33.29014
6569725625.0,-33.29789
6569726562.5,-33.29471
6569727500.0,-33.2912
6569728437.5,-33.30078
6569729375.0,-33.30058
6569730312.5,-33.29751
6569731250.0,-33.29261
6569732187.5,-33.30599
6569733125.0,-33.303
6569734062.5,-33.29717
6569735000.0,-33.29921
6569735937.5,-33.30985
6569736875.0,-33.30705
6569737812.5,-33.3101
6569738750.0,-33.30487
6569739687.5,-33.30701
6569740625.0,-33.30786
6569741562.5,-33.30761
6569742500.0,-33.30938
6569743437.5,-33.30895
6569744375.0,-33.31749
6569745312.5,-33.3185
6569746250.0,-33.31878
6569747187.5,-33.31262
6569748125.0,-33.32172
6569749062.5,-33.31515
6569750000.0,-33.31832
6569750937.5,-33.31337
6569751875.0,-33.31484
6569752812.5,-33.3236
6569753750.0,-33.32108
6569754687.5,-33.32142
6569755625.0,-33.32526
6569756562.5,-33.32766
6569757500.0,-33.32793
6569758437.5,-33.32814
6569759375.0,-33.33252
6569760312.5,-33.32842
6569761250.0,-33.32243
6569762187.5,-33.32981
6569763125.0,-33.33441
6569764062.5,-33.3317
6569765000.0,-33.3359
6569765937.5,-33.34109
6569766875.0,-33.34327
6569767812.5,-33.33918
6569768750.0,-33.33259
6569769687.5,-33.34134
6569770625.0,-33.34368
6569771562.5,-33.34326
6569772500.0,-33.34537
6569773437.5,-33.35245
6569774375.0,-33.34652
6569775312.5,-33.34583
6569776250.0,-33.34481
6569777187.5,-33.33908
6569778125.0,-33.3529
6569779062.5,-33.35172
6569780000.0,-33.34765
6569780937.5,-33.35366
6569781875.0,-33.34972
6569782812.5,-33.35241
6569783750.0,-33.35603
6569784687.5,-33.35877
6569785625.0,-33.3602
6569786562.5,-33.36475
6569787500.0,-33.361
6569788437.5,-33.36024
6569789375.0,-33.36559
6569790312.5,-33.3615
6569791250.0,-33.35191
6569792187.5,-33.36173
6569793125.0,-33.36714
6569794062.5,-33.36727
6569795000.0,-33.35701
6569795937.5,-33.36463
6569796875.0,-33.3732
6569797812.5,-33.36769
6569798750.0,-33.37375
6569799687.5,-33.36625
6569800625.0,-33.3819
6569801562.5,-33.3777
6569802500.0,-33.3679
6569803437.5,-33.38038
6569804375.0,-33.37735
6569805312.5,-33.38288
6569806250.0,-33.38126
6569807187.5,-33.3708
6569808125.0,-33.3863
6569809062.5,-33.38373
6569810000.0,-33.38002
6569810937.5,-33.3819
6569811875.0,-33.38521
6569812812.5,-33.38879
6569813750.0,-33.39119
6569814687.5,-33.39035
6569815625.0,-33.38423
6569816562.5,-33.38786
6569817500.0,-33.39017
6569818437.5,-33.39339
6569819375.0,-33.38906
6569820312.5,-33.38425
6569821250.0,-33.39199
6569822187.5,-33.39545
6569823125.0,-33.39391
6569824062.5,-33.40355
6569825000.0,-33.40142
6569825937.5,-33.39316
6569826875.0,-33.39879
6569827812.5,-33.39997
6569828750.0,-33.39854
6569829687.5,-33.40375
6569830625.0,-33.3979
6569831562.5,-33.41133
6569832500.0,-33.39729
6569833437.5,-33.40942
6569834375.0,-33.40733
6569835312.5,-33.40741
6569836250.0,-33.40957
6569837187.5,-33.40784
6569838125.0,-33.41927
6569839062.5,-33.40922
6569840000.0,-33.41122
6569840937.5,-33.41111
6569841875.0,-33.41718
6569842812.5,-33.41352
6569843750.0,-33.40654
6569844687.5,-33.41829
6569845625.0,-33.42354
6569846562.5,-33.42569
6569847500.0,-33.42348
6569848437.5,-33.4257
6569849375.0,-33.42368
6569850312.5,-33.42384
6569851250.0,-33.42952
6569852187.5,-33.42392
6569853125.0,-33.42241
6569854062.5,-33.42711
6569855000.0,-33.42974
6569855937.5,-33.42352
6569856875.0,-33.43647
6569857812.5,-33.4272
6569858750.0,-33.42428
6569859687.5,-33.43519
6569860625.0,-33.44423
6569861562.5,-33.43589
6569862500.0,-33.44151
6569863437.5,-33.43999
6569864375.0,-33.4404
6569865312.5,-33.4323
6569866250.0,-33.44635
6569867187.5,-33.43866
6569868125.0,-33.44412
6569869062.5,-33.44165
6569870000.0,-33.44339
6569870937.5,-33.45221
6569871875.0,-33.4486
6569872812.5,-33.43627
6569873750.0,-33.45329
6569874687.5,-33.44759
6569875625.0,-33.45279
6569876562.5,-33.45251
6569877500.0,-33.43954
6569878437.5,-33.45507
6569879375.0,-33.46604
6569880312.5,-33.44808
6569881250.0,-33.45759
6569882187.5,-33.44557
6569883125.0,-33.46231
6569884062.5,-33.45678
6569885000.0,-33.46338
6569885937.5,-33.46024
6569886875.0,-33.4632
6569887812.5,-33.46801
6569888750.0,-33.46169
6569889687.5,-33.46881
6569890625.0,-33.46206
6569891562.5,-33.46859
6569892500.0,-33.46648
6569893437.5,-33.46496
6569894375.0,-33.47067
6569895312.5,-33.46698
6569896250.0,-33.47641
6569897187.5,-33.47576
6569898125.0,-33.47315
6569899062.5,-33.46618
6569900000.0,-33.47506
6569900937.5,-33.47657
6569901875.0,-33.47517
6569902812.5,-33.47515
6569903750.0,-33.49461
6569904687.5,-33.48162
6569905625.0,-33.48789
6569906562.5,-33.48382
6569907500.0,-33.48297
6569908437.5,-33.4888
6569909375.0,-33.47909
6569910312.5,-33.48827
6569911250.0,-33.49084
6569912187.5,-33.4974
6569913125.0,-33.4939
6569914062.5,-33.49136
6569915000.0,-33.48714
6569915937.5,-33.49091
6569916875.0,-33.49696
6569917812.5,-33.50222
6569918750.0,-33.49549
6569919687.5,-33.49752
6569920625.0,-33.49732
6569921562.5,-33.50266
6569922500.0,-33.50738
6569923437.5,-33.49906
6569924375.0,-33.49689
6569925312.5,-33.50711
6569926250.0,-33.50353
6569927187.5,-33.50691
6569928125.0,-33.509
6569929062.5,-33.50264
6569930000.0,-33.51437
6569930937.5,-33.505
6569931875.0,-33.51216
6569932812.5,-33.5071
6569933750.0,-33.51453
6569934687.5,-33.51337
6569935625.0,-33.51596
6569936562.5,-33.5161
6569937500.0,-33.51543
6569938437.5,-33.51413
6569939375.0,-33.51536
6569940312.5,-33.51741
6569941250.0,-33.51554
6569942187.5,-33.52141
6569943125.0,-33.51521
6569944062.5,-33.52005
6569945000.0,-33.52538
6569945937.5,-33.5155
6569946875.0,-33.53492
6569947812.5,-33.52954
6569948750.0,-33.52935
6569949687.5,-33.52489
6569950625.0,-33.53083
6569951562.5,-33.52644
6569952500.0,-33.53724
6569953437.5,-33.53079
6569954375.0,-33.53671
6569955312.5,-33.53249
6569956250.0,-33.5442
6569957187.5,-33.53769
6569958125.0,-33.53997
6569959062.5,-33.53921
6569960000.0,-33.53913
6569960937.5,-33.54218
6569961875.0,-33.54223
6569962812.5,-33.54424
6569963750.0,-33.53769
6569964687.5,-33.5506
6569965625.0,-33.5482
6569966562.5,-33.54499
6569967500.0,-33.5432
6569968437.5,-33.54558
6569969375.0,-33.54723
